[name]
unknown

[dist]
# distance from previous block
# <min> <max>
38	685

[block]
# block no. 0 follows, 29 sequences, length 82
# corresponding to MSA columns:
# 714-795
name=unknown_A
#
# <colnr> <probs for GDERKNQSTAVLIFYWHMCP>
#	G	D	E	R	K	N	Q	S	T	A	V	L	I	F	Y	W	H	M	C	P
0	0.01801	0.16026	0.20968	0.02033	0.07200	0.09409	0.09595	0.06940	0.04530	0.02217	0.01375	0.03884	0.01144	0.00796	0.00850	0.00220	0.09052	0.00615	0.00379	0.00966
1	0.01461	0.03895	0.04062	0.03483	0.01710	0.03518	0.07234	0.04610	0.07961	0.04981	0.04604	0.08730	0.07605	0.18710	0.04655	0.00385	0.07178	0.00953	0.03509	0.00756
2	0.08345	0.23840	0.02383	0.06928	0.02156	0.30041	0.01270	0.07361	0.01801	0.02111	0.01177	0.01378	0.00973	0.00696	0.00572	0.00180	0.00942	0.00465	0.03779	0.03602
3	0.01916	0.32653	0.09363	0.03852	0.02263	0.18433	0.07944	0.02222	0.01558	0.01801	0.01159	0.01505	0.01014	0.03409	0.02721	0.00234	0.06232	0.00516	0.00331	0.00873
4	0.00994	0.00826	0.00887	0.00859	0.01062	0.03452	0.00641	0.01248	0.01820	0.02363	0.37289	0.08152	0.34617	0.01607	0.00835	0.00232	0.00387	0.01375	0.00709	0.00643
5	0.00907	0.00715	0.00781	0.00775	0.00956	0.00629	0.00554	0.01089	0.01602	0.02026	0.19268	0.08339	0.44367	0.13348	0.01285	0.00310	0.00410	0.01401	0.00650	0.00588
6	0.02191	0.01636	0.05632	0.01664	0.06901	0.01534	0.03247	0.28722	0.02324	0.14504	0.02103	0.12532	0.01772	0.00987	0.00719	0.00213	0.00698	0.00828	0.00637	0.11155
7	0.02129	0.01558	0.01709	0.01419	0.01826	0.01697	0.01126	0.45305	0.05080	0.03651	0.02362	0.20963	0.02193	0.01220	0.00755	0.00233	0.00659	0.01012	0.04084	0.01018
8	0.02660	0.03394	0.02018	0.01834	0.02201	0.72116	0.01376	0.02843	0.02018	0.01743	0.01101	0.01284	0.00917	0.00734	0.00642	0.00183	0.01284	0.00459	0.00367	0.00825
9	0.01724	0.01674	0.02922	0.09657	0.60769	0.01691	0.06734	0.02163	0.01610	0.02284	0.01341	0.01784	0.01111	0.00638	0.00715	0.00215	0.00879	0.00649	0.00350	0.01090
10	0.01146	0.00986	0.01429	0.01670	0.13961	0.00937	0.04602	0.01490	0.04488	0.02170	0.12366	0.19486	0.24144	0.01549	0.00837	0.00250	0.00536	0.06600	0.00606	0.00748
11	0.00842	0.00721	0.00721	0.00721	0.00962	0.00601	0.00541	0.01022	0.01623	0.01924	0.07213	0.06853	0.70244	0.01803	0.00842	0.00240	0.00361	0.01503	0.00661	0.00601
12	0.02289	0.01462	0.01661	0.01405	0.01866	0.01573	0.01118	0.08299	0.43252	0.24623	0.02785	0.02515	0.01975	0.00931	0.00721	0.00233	0.00593	0.00765	0.00773	0.01160
13	0.02316	0.01931	0.02106	0.20219	0.02894	0.09114	0.01510	0.42093	0.05018	0.03465	0.01574	0.01749	0.01147	0.00809	0.00706	0.00218	0.00870	0.00626	0.00575	0.01060
14	0.01144	0.00867	0.01202	0.03644	0.01341	0.01033	0.00892	0.01354	0.01167	0.01732	0.01858	0.02919	0.01787	0.16931	0.38988	0.00800	0.11551	0.00778	0.09386	0.00627
15	0.00912	0.00719	0.00822	0.00808	0.01008	0.00629	0.00602	0.01154	0.01772	0.02304	0.33104	0.09876	0.40392	0.01683	0.00844	0.00236	0.00353	0.01442	0.00712	0.00629
16	0.01369	0.01294	0.02166	0.67696	0.07292	0.01611	0.01968	0.01829	0.01418	0.01834	0.01255	0.01879	0.00955	0.00731	0.00778	0.00239	0.03930	0.00632	0.00318	0.00803
17	0.05706	0.01522	0.01671	0.01324	0.01789	0.01619	0.01081	0.38615	0.02617	0.15223	0.04887	0.02145	0.01639	0.00872	0.00665	0.00206	0.00636	0.00675	0.16046	0.01063
18	0.63885	0.01498	0.01152	0.01032	0.01438	0.07918	0.00827	0.02136	0.01300	0.05855	0.01098	0.01297	0.00861	0.00810	0.00642	0.05997	0.00625	0.00424	0.00443	0.00761
19	0.01904	0.75404	0.03731	0.01218	0.01828	0.02818	0.01218	0.02132	0.01447	0.01675	0.00990	0.01142	0.00914	0.00609	0.00457	0.00152	0.00761	0.00381	0.00305	0.00914
20	0.00879	0.00645	0.00815	0.00934	0.01013	0.00592	0.00634	0.01020	0.01432	0.01881	0.08451	0.56778	0.15141	0.04982	0.01001	0.00293	0.00411	0.01857	0.00660	0.00582
21	0.07824	0.55488	0.09128	0.01329	0.01944	0.07940	0.01323	0.04586	0.01547	0.01946	0.01049	0.01206	0.00913	0.00637	0.00498	0.00168	0.00812	0.00409	0.00334	0.00919
22	0.12506	0.01923	0.04071	0.01528	0.02083	0.02062	0.01290	0.55468	0.02956	0.04193	0.01625	0.01664	0.01166	0.00824	0.00669	0.00213	0.00747	0.00606	0.03277	0.01132
23	0.03195	0.01212	0.01652	0.01267	0.01818	0.01047	0.01047	0.03470	0.02038	0.71026	0.02809	0.02424	0.01763	0.00881	0.00716	0.00220	0.00606	0.00716	0.00881	0.01212
24	0.00935	0.00689	0.00939	0.06762	0.01323	0.00678	0.00747	0.01096	0.01402	0.01880	0.10056	0.55568	0.04413	0.08623	0.01132	0.00315	0.00474	0.01751	0.00625	0.00591
25	0.01583	0.01718	0.07275	0.47434	0.13126	0.07674	0.01947	0.04382	0.04171	0.02050	0.01340	0.01821	0.01023	0.00716	0.00703	0.00228	0.00951	0.00617	0.00354	0.00886
26	0.00992	0.00716	0.00938	0.00906	0.01060	0.00662	0.00671	0.01305	0.01944	0.02741	0.62842	0.12962	0.06497	0.01541	0.00847	0.00231	0.00344	0.01369	0.00770	0.00662
27	0.01036	0.00690	0.00777	0.00777	0.00777	0.00690	0.00431	0.01036	0.01036	0.01381	0.02244	0.04660	0.02589	0.74975	0.03624	0.00690	0.00690	0.01036	0.00431	0.00431
28	0.04616	0.19551	0.26697	0.01703	0.02311	0.11729	0.01776	0.04961	0.01569	0.02088	0.01248	0.01677	0.01059	0.00822	0.00891	0.00220	0.12485	0.03321	0.00350	0.00925
29	0.18967	0.02260	0.01961	0.01940	0.11843	0.24626	0.01350	0.21766	0.03970	0.02973	0.01338	0.01487	0.01036	0.00746	0.00631	0.00206	0.00899	0.00531	0.00491	0.00978
30	0.01136	0.00812	0.01132	0.01278	0.01442	0.00808	0.01109	0.01465	0.01669	0.02189	0.09098	0.07814	0.04308	0.01926	0.00972	0.00320	0.00630	0.60568	0.00666	0.00657
31	0.01743	0.01636	0.02077	0.17304	0.15496	0.06643	0.03551	0.05441	0.24236	0.02484	0.01837	0.02024	0.01417	0.00764	0.00691	0.00213	0.00774	0.00659	0.00494	0.10514
32	0.01437	0.00825	0.01077	0.00958	0.01209	0.00742	0.00738	0.01750	0.01992	0.16548	0.52021	0.04845	0.10303	0.01365	0.00815	0.00224	0.00392	0.01188	0.00795	0.00776
33	0.01697	0.01625	0.02772	0.15143	0.60271	0.01675	0.02153	0.02128	0.01590	0.02247	0.01328	0.01784	0.01100	0.00647	0.00706	0.00216	0.00862	0.00634	0.00347	0.01075
34	0.02133	0.02040	0.01792	0.01570	0.01992	0.18202	0.01222	0.14237	0.42689	0.02941	0.02283	0.02180	0.01722	0.00894	0.00703	0.00223	0.00768	0.00697	0.00639	0.01071
35	0.01615	0.01367	0.01475	0.01346	0.01696	0.01552	0.01038	0.03289	0.56097	0.02899	0.12438	0.06917	0.02952	0.01103	0.00751	0.00242	0.00523	0.00939	0.00729	0.01033
36	0.00981	0.00753	0.00901	0.00859	0.01058	0.00687	0.00646	0.01324	0.04173	0.02563	0.47811	0.05717	0.26812	0.01550	0.00836	0.00230	0.00352	0.01340	0.00743	0.00665
37	0.01906	0.01653	0.01683	0.01485	0.01904	0.04590	0.01161	0.10648	0.59534	0.03092	0.02700	0.02501	0.02021	0.00945	0.00720	0.00236	0.00616	0.00774	0.00709	0.01124
38	0.01237	0.00618	0.00928	0.00928	0.00928	0.00618	0.00618	0.00928	0.00928	0.01237	0.01237	0.02165	0.01237	0.02474	0.02783	0.79283	0.00618	0.00618	0.00309	0.00309
39	0.02660	0.03394	0.02018	0.01834	0.02201	0.72116	0.01376	0.02843	0.02018	0.01743	0.01101	0.01284	0.00917	0.00734	0.00642	0.00183	0.01284	0.00459	0.00367	0.00825
40	0.02626	0.01917	0.02064	0.01605	0.02157	0.02120	0.01319	0.59058	0.10219	0.06739	0.01874	0.01835	0.01332	0.00867	0.00714	0.00217	0.00754	0.00661	0.00720	0.01202
41	0.00879	0.00706	0.00790	0.00847	0.01031	0.00618	0.00631	0.01060	0.01561	0.01919	0.06064	0.23496	0.47583	0.01924	0.00872	0.00261	0.00403	0.08094	0.00661	0.00601
42	0.00868	0.00620	0.00826	0.00991	0.01033	0.00578	0.00661	0.00991	0.01363	0.01818	0.03925	0.74510	0.04710	0.02231	0.00909	0.00289	0.00413	0.02024	0.00661	0.00578
43	0.02804	0.01198	0.01573	0.01232	0.01726	0.01078	0.01008	0.08314	0.02128	0.54849	0.11459	0.02873	0.04463	0.00981	0.00735	0.00221	0.00578	0.00807	0.00849	0.01124
44	0.66874	0.01325	0.01120	0.00979	0.01415	0.01486	0.00800	0.02223	0.01307	0.11855	0.01236	0.01361	0.00918	0.00764	0.00572	0.03466	0.00561	0.00438	0.00492	0.00809
45	0.01001	0.00732	0.00962	0.00962	0.01059	0.00784	0.00685	0.01157	0.01167	0.01592	0.02695	0.03962	0.10708	0.29286	0.39145	0.00871	0.01286	0.00952	0.00434	0.00560
46	0.02636	0.01629	0.01850	0.01455	0.01965	0.01717	0.01187	0.41705	0.05035	0.22200	0.02219	0.06967	0.01653	0.00959	0.00720	0.00220	0.00688	0.00763	0.03281	0.01147
47	0.01707	0.01656	0.02649	0.18513	0.51583	0.04126	0.02069	0.02199	0.04445	0.02228	0.01381	0.01812	0.01127	0.00668	0.00705	0.00217	0.00871	0.00635	0.00361	0.01047
48	0.01695	0.13314	0.02751	0.09451	0.40446	0.04642	0.04412	0.02073	0.01612	0.02154	0.04481	0.02224	0.03764	0.00765	0.00690	0.00210	0.00828	0.03116	0.00383	0.00990
49	0.01481	0.01254	0.01581	0.14469	0.02222	0.03290	0.01104	0.01793	0.01475	0.05031	0.03749	0.07531	0.01558	0.01029	0.04273	0.00219	0.05181	0.00658	0.00442	0.41661
50	0.63500	0.01600	0.05017	0.01107	0.01601	0.01697	0.00964	0.12577	0.01566	0.03349	0.01121	0.01263	0.00848	0.00693	0.00496	0.00220	0.00615	0.00434	0.00476	0.00856
51	0.01657	0.01578	0.02323	0.16664	0.36356	0.05918	0.01796	0.04172	0.04498	0.02160	0.01472	0.02027	0.01254	0.04812	0.07441	0.00329	0.03548	0.00662	0.00379	0.00955
52	0.01036	0.00722	0.00900	0.00960	0.01087	0.00676	0.00705	0.01217	0.01503	0.04063	0.11698	0.25291	0.17155	0.15272	0.01393	0.00351	0.00499	0.14230	0.00639	0.00601
53	0.01651	0.02034	0.18847	0.02757	0.28874	0.01572	0.05489	0.07568	0.05998	0.02538	0.04272	0.02528	0.01663	0.00847	0.00730	0.00228	0.00834	0.06878	0.03663	0.01026
54	0.01574	0.12275	0.47621	0.01927	0.02765	0.06247	0.06295	0.02213	0.01532	0.02140	0.03619	0.01607	0.01120	0.00729	0.00765	0.00220	0.05483	0.00556	0.00327	0.00985
55	0.03195	0.01212	0.01652	0.01267	0.01818	0.01047	0.01047	0.03470	0.02038	0.71026	0.02809	0.02424	0.01763	0.00881	0.00716	0.00220	0.00606	0.00716	0.00881	0.01212
56	0.01425	0.01446	0.04982	0.43559	0.03808	0.01663	0.08741	0.01852	0.01392	0.01923	0.01293	0.01871	0.01021	0.00815	0.01035	0.00247	0.15550	0.00651	0.05920	0.00808
57	0.01608	0.02219	0.18684	0.06676	0.12296	0.01771	0.36040	0.02194	0.01574	0.02212	0.01342	0.01778	0.01029	0.00678	0.00895	0.00238	0.06731	0.00715	0.00340	0.00980
58	0.00897	0.00642	0.00857	0.00999	0.01060	0.00601	0.00688	0.01054	0.01446	0.01942	0.10788	0.63738	0.04885	0.02136	0.00906	0.00285	0.00418	0.05393	0.00673	0.00592
59	0.01036	0.00690	0.00777	0.00777	0.00777	0.00690	0.00431	0.01036	0.01036	0.01381	0.02244	0.04660	0.02589	0.74975	0.03624	0.00690	0.00690	0.01036	0.00431	0.00431
60	0.01825	0.65474	0.10752	0.01293	0.01935	0.02627	0.01350	0.02120	0.01471	0.01774	0.03226	0.01313	0.01098	0.00643	0.00492	0.00162	0.00779	0.00425	0.00319	0.00921
61	0.04553	0.02059	0.16547	0.08425	0.47543	0.01677	0.04590	0.02174	0.01571	0.02308	0.01313	0.01703	0.01055	0.00648	0.00695	0.00217	0.00896	0.00611	0.00343	0.01071
62	0.00860	0.00719	0.00719	0.00719	0.00957	0.00603	0.00539	0.01046	0.01618	0.01951	0.07028	0.06694	0.67655	0.01767	0.00829	0.00238	0.00360	0.01471	0.03623	0.00603
63	0.01477	0.01266	0.01477	0.01055	0.01687	0.00949	0.00844	0.01793	0.01477	0.02320	0.01266	0.01477	0.01055	0.00527	0.00527	0.00105	0.00527	0.00422	0.00422	0.79328
64	0.01490	0.03278	0.56390	0.02342	0.08012	0.01678	0.12329	0.02254	0.01538	0.02264	0.01307	0.01584	0.00945	0.00662	0.00703	0.00227	0.01060	0.00581	0.00313	0.01044
65	0.01487	0.01292	0.01601	0.05167	0.06188	0.01030	0.00989	0.01819	0.01483	0.02294	0.01270	0.01517	0.01054	0.00544	0.00548	0.00119	0.00570	0.00447	0.00412	0.70167
66	0.02108	0.55971	0.03269	0.01385	0.01928	0.21519	0.01261	0.02324	0.01601	0.01693	0.01020	0.01181	0.00915	0.00643	0.00507	0.00161	0.00903	0.00402	0.00321	0.00890
67	0.01697	0.01313	0.01401	0.01239	0.01588	0.03930	0.00964	0.07952	0.31062	0.08588	0.19915	0.03675	0.11329	0.01164	0.00762	0.00231	0.00531	0.00975	0.00731	0.00954
68	0.01033	0.00713	0.00875	0.00840	0.00964	0.00674	0.00588	0.01270	0.01693	0.02401	0.44391	0.04992	0.07193	0.21922	0.01592	0.00350	0.00435	0.01179	0.06293	0.00602
69	0.02677	0.01980	0.02120	0.01632	0.02197	0.02194	0.01346	0.66113	0.05442	0.04440	0.01747	0.01740	0.01242	0.00858	0.00713	0.00215	0.00777	0.00646	0.00713	0.01208
70	0.01029	0.00756	0.01111	0.01111	0.01234	0.00873	0.00856	0.01276	0.01153	0.01678	0.01937	0.02873	0.01817	0.08187	0.66542	0.01089	0.01796	0.00771	0.03284	0.00628
71	0.02660	0.03394	0.02018	0.01834	0.02201	0.72116	0.01376	0.02843	0.02018	0.01743	0.01101	0.01284	0.00917	0.00734	0.00642	0.00183	0.01284	0.00459	0.00367	0.00825
72	0.01119	0.00957	0.00989	0.00940	0.01225	0.00944	0.00717	0.01838	0.21292	0.02270	0.08613	0.05569	0.47784	0.01545	0.00807	0.00240	0.00419	0.01291	0.00685	0.00757
73	0.01139	0.00817	0.01135	0.01294	0.01460	0.00813	0.01130	0.01462	0.01639	0.02125	0.03870	0.07998	0.06015	0.01962	0.00979	0.00325	0.00647	0.63879	0.00656	0.00654
74	0.00868	0.00620	0.00826	0.00991	0.01033	0.00578	0.00661	0.00991	0.01363	0.01818	0.03925	0.74510	0.04710	0.02231	0.00909	0.00289	0.00413	0.02024	0.00661	0.00578
75	0.03027	0.01418	0.01772	0.01366	0.01916	0.01360	0.01126	0.19651	0.04536	0.52195	0.02537	0.02253	0.01638	0.00877	0.00715	0.00219	0.00649	0.00700	0.00834	0.01209
76	0.09479	0.00738	0.00703	0.00692	0.00886	0.00760	0.00526	0.01704	0.01464	0.02711	0.02185	0.02500	0.01716	0.00812	0.00492	0.00172	0.00355	0.00635	0.70796	0.00675
77	0.01074	0.00858	0.01249	0.01215	0.01327	0.01033	0.00953	0.01307	0.01165	0.01678	0.02073	0.05741	0.04489	0.04544	0.57394	0.00966	0.11062	0.00826	0.00395	0.00651
78	0.01022	0.00671	0.00902	0.00950	0.01032	0.00637	0.00672	0.01114	0.01463	0.01985	0.22503	0.26862	0.07014	0.05097	0.01457	0.19316	0.00466	0.05696	0.00602	0.00541
79	0.01486	0.01494	0.02181	0.35750	0.06274	0.07128	0.06618	0.01836	0.01416	0.01845	0.01483	0.09629	0.01368	0.00986	0.01101	0.00254	0.17212	0.00783	0.00361	0.00795
80	0.02470	0.03056	0.02017	0.01818	0.02140	0.59301	0.01386	0.02749	0.05533	0.01806	0.01176	0.01394	0.00987	0.00812	0.00865	0.00203	0.10573	0.00499	0.00379	0.00836
81	0.20623	0.01315	0.01379	0.01165	0.01522	0.01419	0.00904	0.20734	0.04174	0.10911	0.04017	0.04973	0.01819	0.17434	0.04331	0.00365	0.00701	0.00753	0.00592	0.00869

[dist]
# distance from previous block
# <min> <max>
0	1

[block]
# block no. 1 follows, 29 sequences, length 107
# corresponding to MSA columns:
# 797-903
name=unknown_B
#
# <colnr> <probs for GDERKNQSTAVLIFYWHMCP>
#	G	D	E	R	K	N	Q	S	T	A	V	L	I	F	Y	W	H	M	C	P
0	0.21631	0.39401	0.06339	0.01281	0.01835	0.12247	0.01197	0.02290	0.01499	0.05212	0.01103	0.01243	0.00916	0.00656	0.00503	0.00181	0.00792	0.00416	0.00373	0.00886
1	0.00987	0.00736	0.00895	0.00914	0.01075	0.00681	0.00695	0.01221	0.01665	0.02194	0.26599	0.08173	0.24257	0.12212	0.01270	0.00318	0.00461	0.14368	0.00668	0.00611
2	0.12999	0.10974	0.33470	0.01798	0.02489	0.04387	0.07810	0.02140	0.01454	0.02261	0.03591	0.01582	0.01110	0.00762	0.00849	0.00227	0.10263	0.00554	0.00348	0.00931
3	0.09167	0.05795	0.02004	0.01909	0.14697	0.03910	0.01304	0.09634	0.15310	0.25790	0.02122	0.02053	0.01507	0.00810	0.00674	0.00217	0.00687	0.00654	0.00646	0.01111
4	0.06926	0.01253	0.01627	0.01261	0.01793	0.01137	0.01039	0.07597	0.02082	0.60633	0.05212	0.02423	0.01865	0.00890	0.00707	0.00220	0.00605	0.00716	0.00844	0.01169
5	0.03714	0.01375	0.04302	0.22531	0.16232	0.01386	0.13984	0.01778	0.01435	0.01982	0.01655	0.08658	0.01532	0.03673	0.01102	0.09706	0.00861	0.02911	0.00380	0.00802
6	0.07851	0.10311	0.06696	0.05243	0.02084	0.03778	0.01266	0.23554	0.02191	0.18712	0.01954	0.07675	0.01529	0.00906	0.00669	0.00214	0.00722	0.00709	0.02903	0.01033
7	0.01035	0.00693	0.00790	0.00790	0.00795	0.00698	0.00448	0.01044	0.01039	0.01391	0.02231	0.04592	0.02559	0.72442	0.06117	0.00707	0.00735	0.01026	0.00430	0.00439
8	0.01036	0.00690	0.00777	0.00777	0.00777	0.00690	0.00431	0.01036	0.01036	0.01381	0.02244	0.04660	0.02589	0.74975	0.03624	0.00690	0.00690	0.01036	0.00431	0.00431
9	0.08711	0.48407	0.05634	0.03969	0.02078	0.14874	0.03635	0.02253	0.01537	0.01866	0.01046	0.01236	0.00909	0.00642	0.00519	0.00172	0.00869	0.00425	0.00330	0.00888
10	0.04729	0.01738	0.06141	0.22272	0.11992	0.05201	0.13445	0.10222	0.03942	0.02403	0.01586	0.07328	0.01343	0.00841	0.00795	0.00234	0.03680	0.00758	0.00424	0.00926
11	0.01217	0.00823	0.01114	0.01228	0.01419	0.00798	0.01053	0.01518	0.01650	0.05991	0.04127	0.09915	0.11782	0.01896	0.00949	0.00310	0.00610	0.52253	0.00669	0.00678
12	0.05692	0.01280	0.01458	0.01060	0.01676	0.01009	0.00849	0.01870	0.03540	0.02387	0.01301	0.01496	0.01074	0.00548	0.00529	0.00116	0.00530	0.00432	0.00432	0.72722
13	0.01221	0.03077	0.01097	0.00964	0.01147	0.06691	0.00702	0.03930	0.01786	0.02355	0.37458	0.04758	0.12198	0.17906	0.01434	0.00325	0.00526	0.01137	0.00640	0.00650
14	0.01740	0.01669	0.02850	0.08061	0.67018	0.01686	0.02174	0.02166	0.01611	0.02299	0.01335	0.01770	0.01118	0.00639	0.00705	0.00213	0.00851	0.00634	0.00351	0.01110
15	0.01904	0.75404	0.03731	0.01218	0.01828	0.02818	0.01218	0.02132	0.01447	0.01675	0.00990	0.01142	0.00914	0.00609	0.00457	0.00152	0.00761	0.00381	0.00305	0.00914
16	0.01555	0.01079	0.01226	0.01081	0.01423	0.01069	0.00842	0.04123	0.20787	0.12404	0.18445	0.04333	0.22758	0.01279	0.00773	0.00228	0.00467	0.01077	0.00728	0.04325
17	0.03195	0.01212	0.01652	0.01267	0.01818	0.01047	0.01047	0.03470	0.02038	0.71026	0.02809	0.02424	0.01763	0.00881	0.00716	0.00220	0.00606	0.00716	0.00881	0.01212
18	0.02707	0.01995	0.02137	0.01638	0.02208	0.02208	0.01353	0.68159	0.03348	0.04488	0.01710	0.01710	0.01211	0.00855	0.00712	0.00214	0.00784	0.00641	0.00712	0.01211
19	0.01237	0.00618	0.00928	0.00928	0.00928	0.00618	0.00618	0.00928	0.00928	0.01237	0.01237	0.02165	0.01237	0.02474	0.02783	0.79283	0.00618	0.00618	0.00309	0.00309
20	0.02660	0.03394	0.02018	0.01834	0.02201	0.72116	0.01376	0.02843	0.02018	0.01743	0.01101	0.01284	0.00917	0.00734	0.00642	0.00183	0.01284	0.00459	0.00367	0.00825
21	0.01771	0.01530	0.01610	0.01449	0.01852	0.01771	0.01127	0.03784	0.69247	0.02979	0.02898	0.02657	0.02174	0.00966	0.00725	0.00242	0.00564	0.00805	0.00725	0.01127
22	0.01096	0.00788	0.01085	0.01242	0.01393	0.00777	0.01055	0.01390	0.01602	0.02080	0.03946	0.16881	0.07151	0.01995	0.00967	0.00319	0.00610	0.54323	0.00657	0.00643
23	0.00856	0.00718	0.00743	0.00745	0.00972	0.00606	0.00556	0.01046	0.01645	0.01993	0.12030	0.09149	0.62924	0.01791	0.00844	0.00241	0.00361	0.01505	0.00671	0.00606
24	0.02573	0.01928	0.02062	0.01611	0.02157	0.02146	0.01321	0.58940	0.12785	0.04272	0.01880	0.01845	0.01349	0.00871	0.00714	0.00218	0.00752	0.00665	0.00714	0.01199
25	0.77183	0.01354	0.01043	0.00935	0.01366	0.01564	0.00768	0.02066	0.01241	0.03183	0.03462	0.01305	0.00984	0.00689	0.00455	0.00220	0.00543	0.00418	0.00453	0.00768
26	0.01030	0.00713	0.00890	0.00890	0.00929	0.00752	0.00573	0.01108	0.01069	0.01465	0.02140	0.04086	0.02340	0.53533	0.24726	0.00830	0.01065	0.00952	0.00416	0.00494
27	0.02798	0.01398	0.01713	0.01336	0.01849	0.01368	0.01095	0.22193	0.04295	0.42674	0.07294	0.02436	0.01969	0.00915	0.00717	0.00218	0.00629	0.00736	0.03213	0.01154
28	0.01579	0.01792	0.06785	0.22370	0.10523	0.01737	0.37483	0.02121	0.01572	0.02135	0.01355	0.01864	0.01034	0.00663	0.00841	0.00239	0.03896	0.00739	0.00342	0.00928
29	0.04382	0.02379	0.01996	0.12255	0.11817	0.37370	0.01464	0.05891	0.01926	0.02166	0.10049	0.01975	0.01707	0.00814	0.00684	0.00203	0.01006	0.00622	0.00432	0.00862
30	0.72816	0.01394	0.01194	0.03237	0.05829	0.01603	0.00895	0.02091	0.01244	0.03101	0.01021	0.01216	0.00799	0.00661	0.00465	0.00220	0.00581	0.00408	0.00432	0.00794
31	0.01413	0.01725	0.16555	0.05209	0.11555	0.03699	0.07697	0.01834	0.01564	0.04719	0.02489	0.20628	0.02541	0.01308	0.00815	0.00260	0.00791	0.13857	0.00496	0.00847
32	0.01138	0.00813	0.01137	0.01301	0.01461	0.00812	0.01132	0.01460	0.01630	0.02121	0.03775	0.10181	0.04118	0.01976	0.00981	0.00327	0.00648	0.63681	0.00656	0.00653
33	0.20718	0.15574	0.15531	0.06339	0.02273	0.01785	0.04978	0.07767	0.01658	0.12625	0.01456	0.01590	0.01066	0.00708	0.00594	0.00209	0.00769	0.00531	0.02869	0.00961
34	0.01560	0.02783	0.40663	0.05542	0.28842	0.01670	0.04456	0.02213	0.01551	0.02267	0.01306	0.01629	0.00995	0.00659	0.00694	0.00221	0.00975	0.00581	0.00323	0.01069
35	0.03195	0.01212	0.01652	0.01267	0.01818	0.01047	0.01047	0.03470	0.02038	0.71026	0.02809	0.02424	0.01763	0.00881	0.00716	0.00220	0.00606	0.00716	0.00881	0.01212
36	0.01417	0.01677	0.12589	0.31923	0.03435	0.01580	0.11035	0.01877	0.01409	0.01985	0.01391	0.02009	0.01125	0.04762	0.01098	0.00265	0.11535	0.00669	0.07396	0.00821
37	0.03754	0.09169	0.38046	0.15080	0.10260	0.01746	0.02167	0.05427	0.01595	0.02287	0.03243	0.01680	0.01114	0.00703	0.00666	0.00219	0.00938	0.00568	0.00348	0.00990
38	0.00868	0.00620	0.00826	0.00991	0.01033	0.00578	0.00661	0.00991	0.01363	0.01818	0.03925	0.74510	0.04710	0.02231	0.00909	0.00289	0.00413	0.02024	0.00661	0.00578
39	0.01036	0.00690	0.00777	0.00777	0.00777	0.00690	0.00431	0.01036	0.01036	0.01381	0.02244	0.04660	0.02589	0.74975	0.03624	0.00690	0.00690	0.01036	0.00431	0.00431
40	0.01505	0.01303	0.05271	0.12776	0.04640	0.01301	0.01240	0.18390	0.01910	0.02589	0.07108	0.22755	0.02612	0.01889	0.11005	0.00373	0.00851	0.01088	0.00558	0.00833
41	0.01938	0.01148	0.03722	0.01210	0.01598	0.01006	0.03868	0.07897	0.02034	0.26555	0.26155	0.08104	0.09267	0.01217	0.00785	0.00228	0.00537	0.01051	0.00759	0.00920
42	0.01148	0.00834	0.01138	0.01284	0.01458	0.00834	0.01114	0.01515	0.03524	0.02144	0.03930	0.07819	0.07588	0.01930	0.00969	0.00321	0.00637	0.60489	0.00658	0.00666
43	0.01521	0.01286	0.01490	0.01121	0.01706	0.01052	0.00900	0.03906	0.07563	0.02432	0.01560	0.01945	0.01324	0.00654	0.00575	0.00133	0.00545	0.04012	0.00470	0.65805
44	0.01417	0.02647	0.43062	0.01702	0.02432	0.04079	0.03850	0.02027	0.01611	0.04882	0.11720	0.05251	0.05161	0.01145	0.03868	0.00270	0.00917	0.02595	0.00440	0.00925
45	0.01642	0.01569	0.02673	0.24223	0.51622	0.01660	0.02125	0.02080	0.01564	0.02180	0.01318	0.01802	0.01076	0.00657	0.00707	0.00219	0.00876	0.00634	0.00342	0.01031
46	0.02660	0.03394	0.02018	0.01834	0.02201	0.72116	0.01376	0.02843	0.02018	0.01743	0.01101	0.01284	0.00917	0.00734	0.00642	0.00183	0.01284	0.00459	0.00367	0.00825
47	0.06139	0.06078	0.22120	0.01490	0.02110	0.01668	0.01509	0.24804	0.02184	0.06232	0.07291	0.02041	0.01640	0.00827	0.00657	0.00209	0.00746	0.00639	0.10607	0.01010
48	0.01008	0.00728	0.00952	0.00896	0.01064	0.00672	0.00672	0.01344	0.02016	0.02855	0.70158	0.05319	0.06719	0.01456	0.00840	0.00224	0.00336	0.01288	0.00784	0.00672
49	0.02269	0.01777	0.01891	0.01550	0.02041	0.02004	0.01248	0.38043	0.34177	0.03782	0.02266	0.02153	0.01661	0.00907	0.00718	0.00227	0.00681	0.00718	0.00718	0.01172
50	0.01237	0.00618	0.00928	0.00928	0.00928	0.00618	0.00618	0.00928	0.00928	0.01237	0.01237	0.02165	0.01237	0.02474	0.02783	0.79283	0.00618	0.00618	0.00309	0.00309
51	0.02679	0.02812	0.02067	0.01753	0.02204	0.43047	0.01367	0.30003	0.02571	0.02884	0.01354	0.01461	0.01039	0.00784	0.00671	0.00196	0.01076	0.00534	0.00511	0.00986
52	0.03195	0.01212	0.01652	0.01267	0.01818	0.01047	0.01047	0.03470	0.02038	0.71026	0.02809	0.02424	0.01763	0.00881	0.00716	0.00220	0.00606	0.00716	0.00881	0.01212
53	0.01121	0.00801	0.01115	0.01271	0.01426	0.00796	0.01092	0.01433	0.01632	0.02133	0.06217	0.13076	0.04241	0.01969	0.00972	0.00321	0.00625	0.58447	0.00661	0.00650
54	0.00893	0.00723	0.00793	0.00776	0.00993	0.00623	0.00582	0.01122	0.01745	0.02213	0.26767	0.06376	0.50510	0.01695	0.00841	0.00235	0.00353	0.01436	0.00699	0.00623
55	0.02780	0.01877	0.02064	0.01583	0.02150	0.02034	0.01307	0.58465	0.03152	0.14459	0.01874	0.01817	0.01294	0.00859	0.00713	0.00215	0.00757	0.00652	0.00738	0.01211
56	0.80005	0.01377	0.01047	0.00936	0.01377	0.01597	0.00771	0.02093	0.01212	0.03195	0.00991	0.01157	0.00771	0.00661	0.00441	0.00220	0.00551	0.00386	0.00441	0.00771
57	0.01018	0.00759	0.01125	0.01125	0.01245	0.00879	0.00865	0.01259	0.01139	0.01638	0.01925	0.02897	0.01824	0.09075	0.68479	0.01120	0.01842	0.00778	0.00384	0.00625
58	0.01086	0.00752	0.00936	0.00875	0.01080	0.00675	0.00661	0.01383	0.01925	0.06290	0.51853	0.05522	0.21286	0.01506	0.00834	0.00228	0.00356	0.01307	0.00760	0.00684
59	0.01848	0.06618	0.48549	0.01988	0.07350	0.01586	0.02196	0.02501	0.01621	0.16740	0.01591	0.01697	0.01100	0.00713	0.00676	0.00220	0.00930	0.00566	0.00427	0.01084
60	0.01677	0.01061	0.01131	0.00985	0.01250	0.01144	0.00779	0.18950	0.01960	0.03049	0.02308	0.02538	0.04690	0.00902	0.00668	0.00190	0.04384	0.00693	0.50830	0.00810
61	0.76980	0.04244	0.01151	0.00947	0.01395	0.01645	0.00788	0.02095	0.01221	0.03136	0.00991	0.01156	0.00777	0.00659	0.00441	0.00218	0.00559	0.00385	0.00435	0.00777
62	0.01905	0.50701	0.15022	0.01574	0.04650	0.06699	0.03845	0.02255	0.01528	0.04466	0.01144	0.01311	0.00958	0.00639	0.00538	0.00174	0.00855	0.00448	0.00333	0.00953
63	0.00879	0.00633	0.00837	0.00996	0.01050	0.00590	0.00678	0.01014	0.01386	0.01836	0.04043	0.68951	0.07175	0.02203	0.00910	0.00289	0.00422	0.04866	0.00661	0.00583
64	0.01646	0.34093	0.39493	0.01659	0.02494	0.02154	0.01964	0.02270	0.04454	0.02040	0.01227	0.01400	0.00963	0.00661	0.00585	0.00195	0.00907	0.00477	0.00321	0.00997
65	0.02094	0.01523	0.01834	0.01783	0.10202	0.01623	0.01268	0.33017	0.07911	0.08148	0.02400	0.16320	0.02181	0.01177	0.00768	0.00238	0.00681	0.05128	0.00668	0.01036
66	0.03195	0.01212	0.01652	0.01267	0.01818	0.01047	0.01047	0.03470	0.02038	0.71026	0.02809	0.02424	0.01763	0.00881	0.00716	0.00220	0.00606	0.00716	0.00881	0.01212
67	0.01317	0.01166	0.07603	0.01244	0.03557	0.00967	0.01007	0.09088	0.01916	0.04614	0.32691	0.17837	0.04476	0.01495	0.00908	0.03712	0.00520	0.04449	0.00670	0.00763
68	0.01521	0.02668	0.39728	0.16295	0.11081	0.01677	0.04331	0.02151	0.01487	0.04138	0.01303	0.01655	0.00971	0.00732	0.00837	0.00234	0.07293	0.00583	0.00329	0.00988
69	0.01032	0.00695	0.00859	0.00935	0.01002	0.00677	0.00623	0.03627	0.01390	0.01921	0.05680	0.45472	0.03825	0.17543	0.01502	0.02922	0.00483	0.01565	0.07675	0.00574
70	0.01026	0.00691	0.00799	0.00807	0.00816	0.00695	0.00468	0.01046	0.01058	0.01417	0.02310	0.08058	0.02652	0.67598	0.07163	0.00695	0.00742	0.01070	0.00440	0.00450
71	0.05658	0.02150	0.25821	0.17045	0.21449	0.01548	0.02053	0.02012	0.01457	0.02158	0.01358	0.01802	0.01079	0.01270	0.09852	0.00342	0.01058	0.00600	0.00336	0.00951
72	0.01775	0.01433	0.11877	0.01538	0.08455	0.01067	0.01239	0.02205	0.04716	0.21690	0.13604	0.07933	0.10939	0.03990	0.00880	0.00252	0.00617	0.04215	0.00652	0.00922
73	0.02961	0.01278	0.01611	0.01277	0.01781	0.04576	0.01047	0.03237	0.02018	0.60876	0.06377	0.02768	0.02089	0.00952	0.00731	0.00223	0.00628	0.03589	0.00840	0.01139
74	0.01553	0.07564	0.01648	0.01068	0.01671	0.01098	0.00874	0.01862	0.01524	0.04912	0.04995	0.01690	0.01373	0.00598	0.00545	0.00120	0.00540	0.00476	0.00449	0.65439
75	0.01015	0.00730	0.00938	0.00906	0.01057	0.00682	0.00674	0.01307	0.01866	0.02606	0.55623	0.05494	0.08385	0.09668	0.01159	0.00284	0.00399	0.05834	0.00731	0.00641
76	0.01636	0.01563	0.02662	0.25207	0.50684	0.01659	0.02122	0.02075	0.01562	0.02173	0.01317	0.01804	0.01074	0.00658	0.00707	0.00219	0.00877	0.00634	0.00342	0.01026
77	0.25358	0.01875	0.01812	0.01441	0.01964	0.05099	0.01184	0.45930	0.02664	0.03988	0.01472	0.01529	0.01069	0.00793	0.00630	0.00214	0.00737	0.00558	0.00618	0.01065
78	0.01008	0.00728	0.00952	0.00896	0.01064	0.00672	0.00672	0.01344	0.02016	0.02855	0.70158	0.05319	0.06719	0.01456	0.00840	0.00224	0.00336	0.01288	0.00784	0.00672
79	0.00966	0.00726	0.00894	0.00852	0.01038	0.00654	0.00639	0.01264	0.01918	0.02623	0.54483	0.05701	0.22538	0.01542	0.00840	0.00228	0.00342	0.01341	0.00753	0.00654
80	0.02895	0.01227	0.01609	0.01270	0.01782	0.01119	0.01037	0.03396	0.10663	0.58637	0.06432	0.02609	0.02081	0.00923	0.00724	0.00223	0.00586	0.00758	0.00856	0.01172
81	0.01293	0.01076	0.08469	0.13192	0.03758	0.00919	0.01092	0.01281	0.01114	0.01532	0.01296	0.02062	0.01177	0.01870	0.02061	0.52214	0.00712	0.00614	0.03763	0.00505
82	0.01771	0.01530	0.01610	0.01449	0.01852	0.01771	0.01127	0.03784	0.69247	0.02979	0.02898	0.02657	0.02174	0.00966	0.00725	0.00242	0.00564	0.00805	0.00725	0.01127
83	0.03173	0.01247	0.01674	0.01284	0.01835	0.01099	0.01060	0.06376	0.02097	0.68038	0.02760	0.02392	0.01738	0.00880	0.00716	0.00220	0.00614	0.00713	0.00874	0.01212
84	0.01074	0.00790	0.01048	0.01180	0.01353	0.00765	0.01005	0.01363	0.01622	0.02075	0.04449	0.11131	0.17012	0.01948	0.00952	0.00309	0.00586	0.50038	0.00657	0.00641
85	0.00896	0.00718	0.00800	0.00791	0.00998	0.00622	0.00589	0.01122	0.01733	0.02213	0.26960	0.09995	0.46624	0.01716	0.00845	0.00238	0.00356	0.01463	0.00700	0.00622
86	0.01974	0.01723	0.01718	0.01504	0.01930	0.06438	0.01178	0.13684	0.54654	0.03131	0.02597	0.02420	0.01943	0.00934	0.00717	0.00233	0.00645	0.00757	0.00699	0.01120
87	0.80005	0.01377	0.01047	0.00936	0.01377	0.01597	0.00771	0.02093	0.01212	0.03195	0.00991	0.01157	0.00771	0.00661	0.00441	0.00220	0.00551	0.00386	0.00441	0.00771
88	0.01081	0.00863	0.01167	0.01160	0.01292	0.03642	0.00895	0.01325	0.01175	0.01648	0.01886	0.02796	0.01772	0.07314	0.67266	0.01093	0.01846	0.00760	0.00382	0.00637
89	0.01137	0.00812	0.01135	0.01299	0.01458	0.00810	0.01129	0.01457	0.01629	0.02119	0.03776	0.10565	0.04121	0.01977	0.00981	0.00326	0.00646	0.63313	0.00656	0.00653
90	0.01695	0.01653	0.02672	0.21141	0.51818	0.04392	0.02103	0.02121	0.01588	0.02180	0.01312	0.01777	0.01076	0.00657	0.00704	0.00217	0.00888	0.00627	0.00344	0.01034
91	0.01662	0.00996	0.01151	0.01025	0.01232	0.01007	0.00728	0.13940	0.01698	0.12116	0.02456	0.12863	0.02420	0.33605	0.01997	0.00429	0.00624	0.01011	0.08309	0.00731
92	0.63317	0.01467	0.01344	0.04108	0.09220	0.03869	0.01002	0.02162	0.01318	0.05225	0.01104	0.01298	0.00855	0.00670	0.00496	0.00219	0.00624	0.00436	0.00438	0.00828
93	0.01829	0.01902	0.02490	0.16299	0.42177	0.15345	0.01913	0.02196	0.01637	0.02079	0.01319	0.01821	0.01118	0.03932	0.00822	0.00232	0.00943	0.00618	0.00352	0.00977
94	0.00957	0.00726	0.00882	0.00843	0.01033	0.00650	0.00632	0.01246	0.01897	0.02573	0.51081	0.05784	0.25971	0.01561	0.00840	0.00229	0.00343	0.01353	0.00747	0.00650
95	0.04059	0.08485	0.54633	0.02262	0.12323	0.01741	0.02407	0.02231	0.01506	0.02254	0.01256	0.01502	0.00930	0.00665	0.00657	0.00218	0.00986	0.00526	0.00313	0.01044
96	0.01233	0.00895	0.01256	0.01383	0.05898	0.00875	0.02828	0.06083	0.01666	0.04723	0.09153	0.40632	0.04066	0.01813	0.00882	0.00277	0.00539	0.14429	0.00653	0.00717
97	0.03195	0.01212	0.01652	0.01267	0.01818	0.01047	0.01047	0.03470	0.02038	0.71026	0.02809	0.02424	0.01763	0.00881	0.00716	0.00220	0.00606	0.00716	0.00881	0.01212
98	0.01446	0.03577	0.67622	0.02155	0.06695	0.01656	0.02607	0.02251	0.01510	0.02259	0.01281	0.01517	0.00914	0.00674	0.00678	0.00225	0.01041	0.00532	0.00303	0.01056
99	0.01852	0.01505	0.02504	0.23007	0.42517	0.01569	0.01965	0.02268	0.01626	0.12024	0.01529	0.01895	0.01169	0.00691	0.00708	0.00220	0.00840	0.00646	0.00418	0.01047
100	0.01010	0.00742	0.00974	0.01079	0.01203	0.00724	0.00822	0.01314	0.04590	0.02107	0.13383	0.36809	0.08133	0.02062	0.03110	0.00312	0.00521	0.19793	0.00671	0.00641
101	0.01035	0.00694	0.00795	0.00795	0.00801	0.00700	0.00454	0.01047	0.01041	0.01394	0.02227	0.04567	0.02548	0.71488	0.07056	0.00713	0.00751	0.01022	0.00429	0.00442
102	0.03934	0.04497	0.10548	0.12179	0.22347	0.01753	0.23224	0.02318	0.07779	0.02300	0.01476	0.01845	0.01142	0.00668	0.00732	0.00227	0.00959	0.00688	0.00380	0.01004
103	0.01524	0.18621	0.53386	0.05679	0.02916	0.01894	0.02299	0.02206	0.01487	0.02110	0.01217	0.01449	0.00907	0.00664	0.00632	0.00211	0.00986	0.00501	0.00302	0.01009
104	0.01159	0.00837	0.01152	0.01304	0.01472	0.00844	0.01128	0.01539	0.04044	0.02149	0.03745	0.10369	0.04053	0.01941	0.00971	0.00323	0.00643	0.60997	0.00658	0.00670
105	0.01787	0.05154	0.03671	0.01288	0.01824	0.01406	0.02996	0.10286	0.17429	0.06417	0.03575	0.02005	0.01556	0.00742	0.00621	0.00173	0.00598	0.00605	0.06112	0.31755
106	0.06525	0.01493	0.14915	0.01284	0.01674	0.01127	0.01212	0.01978	0.13046	0.02597	0.25888	0.09158	0.03872	0.01300	0.00788	0.00247	0.00584	0.10863	0.00628	0.00821

[dist]
# distance from previous block
# <min> <max>
0	1

[block]
# block no. 2 follows, 29 sequences, length 67
# corresponding to MSA columns:
# 905-971
name=unknown_C
#
# <colnr> <probs for GDERKNQSTAVLIFYWHMCP>
#	G	D	E	R	K	N	Q	S	T	A	V	L	I	F	Y	W	H	M	C	P
0	0.01675	0.04313	0.04651	0.17980	0.53072	0.01709	0.02121	0.02112	0.01572	0.02199	0.01310	0.01760	0.01078	0.00650	0.00697	0.00215	0.00869	0.00622	0.00342	0.01051
1	0.02560	0.02957	0.01987	0.01758	0.02160	0.53039	0.01343	0.12885	0.10296	0.02308	0.01409	0.01514	0.01113	0.00780	0.00663	0.00195	0.01121	0.00528	0.00462	0.00920
2	0.01063	0.00765	0.00987	0.01079	0.01192	0.00747	0.00788	0.06148	0.01622	0.02174	0.10605	0.51757	0.04562	0.02007	0.00898	0.00283	0.00470	0.11530	0.00677	0.00647
3	0.01008	0.00728	0.00952	0.00896	0.01064	0.00672	0.00672	0.01344	0.02016	0.02855	0.70158	0.05319	0.06719	0.01456	0.00840	0.00224	0.00336	0.01288	0.00784	0.00672
4	0.01771	0.01530	0.01610	0.01449	0.01852	0.01771	0.01127	0.03784	0.69247	0.02979	0.02898	0.02657	0.02174	0.00966	0.00725	0.00242	0.00564	0.00805	0.00725	0.01127
5	0.01237	0.00618	0.00928	0.00928	0.00928	0.00618	0.00618	0.00928	0.00928	0.01237	0.01237	0.02165	0.01237	0.02474	0.02783	0.79283	0.00618	0.00618	0.00309	0.00309
6	0.02662	0.03324	0.02024	0.01825	0.02202	0.68647	0.01375	0.06085	0.02084	0.01879	0.01131	0.01305	0.00932	0.00740	0.00646	0.00185	0.01259	0.00468	0.00384	0.00845
7	0.02862	0.01376	0.01709	0.01351	0.01876	0.01338	0.01103	0.12170	0.14850	0.49344	0.02679	0.02372	0.01766	0.00894	0.00717	0.00223	0.00622	0.00723	0.00829	0.01196
8	0.01142	0.00816	0.01140	0.01296	0.01460	0.00814	0.01129	0.01470	0.01653	0.02158	0.06277	0.07930	0.04197	0.01948	0.00978	0.00324	0.00644	0.63306	0.00661	0.00656
9	0.00849	0.00722	0.00732	0.00729	0.00967	0.00604	0.00547	0.01037	0.01641	0.01967	0.10121	0.06782	0.67310	0.01787	0.00841	0.00240	0.00360	0.01493	0.00667	0.00604
10	0.03003	0.01519	0.01843	0.01413	0.01971	0.01503	0.01167	0.28894	0.02553	0.44876	0.02377	0.02143	0.01546	0.00871	0.00715	0.00218	0.00676	0.00687	0.00815	0.01211
11	0.80005	0.01377	0.01047	0.00936	0.01377	0.01597	0.00771	0.02093	0.01212	0.03195	0.00991	0.01157	0.00771	0.00661	0.00441	0.00220	0.00551	0.00386	0.00441	0.00771
12	0.01018	0.00760	0.01131	0.01131	0.01254	0.00883	0.00874	0.01263	0.01140	0.01643	0.01919	0.02864	0.01809	0.07846	0.69688	0.01128	0.01864	0.00773	0.00383	0.00628
13	0.00977	0.00727	0.00909	0.00863	0.01045	0.00659	0.00647	0.01284	0.01942	0.02682	0.58410	0.05605	0.18574	0.01521	0.00840	0.00227	0.00341	0.01328	0.00761	0.00659
14	0.01473	0.10481	0.64883	0.01953	0.02963	0.01764	0.02497	0.02243	0.01498	0.02200	0.01251	0.01469	0.00903	0.00670	0.00656	0.00219	0.01025	0.00512	0.00301	0.01039
15	0.02615	0.03309	0.02061	0.01960	0.05593	0.68621	0.01416	0.02811	0.01998	0.01772	0.01113	0.01308	0.00928	0.00729	0.00645	0.00185	0.01262	0.00467	0.00366	0.00841
16	0.29849	0.03736	0.01350	0.01089	0.01478	0.01519	0.00889	0.20475	0.01886	0.03255	0.01600	0.01815	0.01243	0.01108	0.05920	0.00272	0.00669	0.00556	0.20430	0.00862
17	0.01373	0.01303	0.02287	0.63844	0.04641	0.01566	0.08202	0.01830	0.01429	0.01841	0.01281	0.01911	0.00973	0.00768	0.00802	0.03227	0.00961	0.00652	0.00320	0.00789
18	0.06475	0.01225	0.01605	0.01228	0.01783	0.01060	0.01011	0.03217	0.01937	0.60124	0.02551	0.02258	0.01637	0.00831	0.00682	0.00207	0.00594	0.00668	0.00809	0.10098
19	0.04279	0.03600	0.68737	0.01990	0.03020	0.01652	0.02563	0.02249	0.01493	0.02289	0.01267	0.01491	0.00897	0.00676	0.00668	0.00225	0.01034	0.00521	0.00306	0.01042
20	0.01835	0.59077	0.16856	0.01397	0.02084	0.04837	0.01499	0.02179	0.01476	0.01791	0.01050	0.01217	0.00912	0.00626	0.00506	0.00168	0.00835	0.00412	0.00306	0.00938
21	0.74234	0.01365	0.01092	0.00961	0.01410	0.01556	0.00792	0.02197	0.01274	0.08292	0.01128	0.01252	0.00846	0.00678	0.00461	0.00220	0.00555	0.00410	0.00474	0.00804
22	0.00948	0.00674	0.00896	0.01026	0.01101	0.00642	0.00737	0.01123	0.01459	0.01952	0.10640	0.49468	0.04643	0.07566	0.01120	0.00320	0.00472	0.13966	0.00655	0.00592
23	0.01738	0.01667	0.02847	0.08363	0.66731	0.01686	0.02173	0.02164	0.01610	0.02297	0.01335	0.01770	0.01118	0.00639	0.00705	0.00213	0.00852	0.00634	0.00350	0.01108
24	0.00866	0.00627	0.00819	0.00972	0.01028	0.00580	0.00652	0.00994	0.01382	0.01825	0.04162	0.69629	0.09438	0.02200	0.00904	0.00286	0.00409	0.01987	0.00661	0.00580
25	0.01027	0.00691	0.00794	0.00795	0.00812	0.00684	0.00462	0.01061	0.01135	0.01528	0.08349	0.07360	0.03036	0.65684	0.03274	0.00634	0.00648	0.01095	0.00471	0.00458
26	0.01618	0.01514	0.02516	0.35221	0.37869	0.01666	0.02053	0.05068	0.01612	0.02198	0.01323	0.01821	0.01051	0.00679	0.00708	0.00223	0.00889	0.00634	0.00353	0.00980
27	0.01732	0.03408	0.04090	0.07283	0.18723	0.04028	0.01442	0.04633	0.10000	0.10193	0.05163	0.03682	0.08174	0.01107	0.00769	0.00241	0.00713	0.13110	0.00567	0.00944
28	0.01127	0.00805	0.01124	0.01288	0.01443	0.00802	0.01112	0.01440	0.01619	0.02108	0.03782	0.12916	0.04143	0.01986	0.00978	0.00325	0.00638	0.61059	0.00656	0.00650
29	0.00950	0.00700	0.00899	0.00973	0.01102	0.00648	0.00724	0.01178	0.01640	0.02190	0.23899	0.32898	0.15387	0.01894	0.00890	0.00269	0.00421	0.12020	0.00696	0.00622
30	0.30723	0.02366	0.33037	0.08934	0.02485	0.01558	0.01725	0.02075	0.01386	0.02548	0.03449	0.01654	0.01109	0.03396	0.00704	0.00242	0.00818	0.00528	0.00375	0.00885
31	0.01739	0.04262	0.08950	0.01381	0.01792	0.01523	0.01198	0.25388	0.08012	0.02892	0.04467	0.10557	0.04248	0.06528	0.13357	0.00417	0.00912	0.00884	0.00575	0.00918
32	0.71342	0.01397	0.01224	0.03754	0.06698	0.01604	0.00920	0.02090	0.01250	0.03081	0.01027	0.01228	0.00804	0.00661	0.00470	0.00220	0.00587	0.00413	0.00430	0.00799
33	0.00982	0.00737	0.00845	0.00811	0.01022	0.00646	0.00606	0.01224	0.01779	0.04210	0.33135	0.06020	0.39706	0.04005	0.00928	0.00248	0.00368	0.01376	0.00711	0.00642
34	0.01484	0.01583	0.07571	0.46045	0.25598	0.01622	0.02093	0.01968	0.01493	0.02013	0.01290	0.01826	0.01002	0.00685	0.00707	0.00228	0.00924	0.00625	0.00327	0.00918
35	0.01575	0.01163	0.01400	0.01059	0.01597	0.00907	0.00837	0.01874	0.01577	0.09771	0.07761	0.07409	0.01910	0.00776	0.00604	0.00142	0.00510	0.00651	0.00522	0.57953
36	0.02593	0.03254	0.01987	0.01805	0.02175	0.66831	0.01357	0.02914	0.07069	0.01836	0.01236	0.01387	0.01012	0.00751	0.00648	0.00188	0.01230	0.00485	0.00394	0.00848
37	0.02067	0.12735	0.01970	0.01260	0.01811	0.05513	0.01051	0.11842	0.01890	0.14496	0.04958	0.01807	0.01450	0.00726	0.00647	0.00164	0.02615	0.00549	0.00538	0.31910
38	0.02283	0.01677	0.01835	0.01489	0.01937	0.01832	0.01194	0.52666	0.02890	0.03872	0.02221	0.18502	0.02018	0.01172	0.00758	0.00231	0.00698	0.00960	0.00700	0.01065
39	0.13326	0.01810	0.01788	0.01481	0.01963	0.05435	0.01191	0.32540	0.26537	0.03629	0.02002	0.01949	0.01478	0.00861	0.00675	0.00223	0.00697	0.00654	0.00661	0.01100
40	0.00900	0.00643	0.00863	0.01028	0.01084	0.00606	0.00717	0.01047	0.01395	0.01854	0.03907	0.66840	0.04639	0.02200	0.00917	0.00294	0.00441	0.09376	0.00660	0.00587
41	0.02474	0.01856	0.01981	0.01566	0.02089	0.02067	0.01278	0.53194	0.16149	0.04127	0.01964	0.01929	0.01421	0.00876	0.00707	0.00217	0.00724	0.00674	0.03531	0.01175
42	0.02707	0.01995	0.02137	0.01638	0.02208	0.02208	0.01353	0.68159	0.03348	0.04488	0.01710	0.01710	0.01211	0.00855	0.00712	0.00214	0.00784	0.00641	0.00712	0.01211
43	0.01484	0.00817	0.01087	0.01002	0.01232	0.00739	0.00756	0.01760	0.01880	0.18423	0.40283	0.19559	0.05138	0.01490	0.00826	0.00237	0.00415	0.01314	0.00780	0.00777
44	0.00868	0.00620	0.00826	0.00991	0.01033	0.00578	0.00661	0.00991	0.01363	0.01818	0.03925	0.74510	0.04710	0.02231	0.00909	0.00289	0.00413	0.02024	0.00661	0.00578
45	0.00868	0.00620	0.00826	0.00991	0.01033	0.00578	0.00661	0.00991	0.01363	0.01818	0.03925	0.74510	0.04710	0.02231	0.00909	0.00289	0.00413	0.02024	0.00661	0.00578
46	0.76529	0.01370	0.01074	0.00951	0.01397	0.01572	0.00784	0.02155	0.01249	0.06264	0.01074	0.01214	0.00816	0.00671	0.00453	0.00220	0.00553	0.00401	0.00461	0.00791
47	0.01374	0.00709	0.00713	0.00697	0.00876	0.00716	0.00527	0.03906	0.01556	0.02717	0.02302	0.02623	0.01804	0.00830	0.00505	0.00168	0.00347	0.00663	0.76286	0.00682
48	0.02707	0.01995	0.02137	0.01638	0.02208	0.02208	0.01353	0.68159	0.03348	0.04488	0.01710	0.01710	0.01211	0.00855	0.00712	0.00214	0.00784	0.00641	0.00712	0.01211
49	0.02141	0.07904	0.26325	0.01866	0.02473	0.40550	0.01811	0.02551	0.01768	0.01916	0.01149	0.01362	0.00912	0.00725	0.00707	0.00201	0.03908	0.00484	0.00338	0.00908
50	0.00959	0.00688	0.00891	0.01024	0.01091	0.00659	0.00695	0.04325	0.01462	0.01950	0.03815	0.70897	0.04536	0.02163	0.00899	0.00285	0.00432	0.01956	0.00664	0.00610
