[name]
unknown

[dist]
# distance from previous block
# <min> <max>
0	7

[block]
# block no. 0 follows, 29 sequences, length 35
# corresponding to MSA columns:
# 7-41
name=unknown_A
#
# <colnr> <probs for GDERKNQSTAVLIFYWHMCP>
#	G	D	E	R	K	N	Q	S	T	A	V	L	I	F	Y	W	H	M	C	P
0	0.00977	0.00751	0.00883	0.00937	0.01118	0.00690	0.00740	0.01191	0.01567	0.01957	0.07588	0.06922	0.36574	0.11281	0.01249	0.00328	0.00504	0.23509	0.00634	0.00600
1	0.01904	0.75404	0.03731	0.01218	0.01828	0.02818	0.01218	0.02132	0.01447	0.01675	0.00990	0.01142	0.00914	0.00609	0.00457	0.00152	0.00761	0.00381	0.00305	0.00914
2	0.80005	0.01377	0.01047	0.00936	0.01377	0.01597	0.00771	0.02093	0.01212	0.03195	0.00991	0.01157	0.00771	0.00661	0.00441	0.00220	0.00551	0.00386	0.00441	0.00771
3	0.02707	0.01995	0.02137	0.01638	0.02208	0.02208	0.01353	0.68159	0.03348	0.04488	0.01710	0.01710	0.01211	0.00855	0.00712	0.00214	0.00784	0.00641	0.00712	0.01211
4	0.01035	0.00694	0.00793	0.00793	0.00799	0.00699	0.00452	0.01046	0.01040	0.01393	0.02228	0.04576	0.02552	0.71845	0.06705	0.00711	0.00745	0.01023	0.00429	0.00441
5	0.02348	0.02095	0.02080	0.14034	0.06183	0.17219	0.01468	0.35956	0.02550	0.03233	0.01511	0.01697	0.01127	0.00791	0.00686	0.00209	0.00903	0.00601	0.04284	0.01025
6	0.00907	0.00650	0.00862	0.00965	0.01042	0.00605	0.00664	0.01090	0.01547	0.02109	0.22534	0.55069	0.05274	0.02013	0.00889	0.00271	0.00391	0.01817	0.00696	0.00605
7	0.01591	0.14276	0.37842	0.02381	0.16113	0.01903	0.04374	0.02167	0.01481	0.02123	0.01215	0.01517	0.00958	0.00714	0.00824	0.00221	0.08427	0.00545	0.00315	0.01014
8	0.01629	0.01197	0.01391	0.01252	0.01523	0.01282	0.00957	0.27739	0.02113	0.02837	0.02782	0.28007	0.05517	0.05559	0.12329	0.00412	0.00810	0.01205	0.00626	0.00833
9	0.02549	0.02078	0.21646	0.01615	0.02319	0.01449	0.04144	0.14246	0.02098	0.37308	0.02131	0.02019	0.01396	0.00808	0.00709	0.00221	0.00787	0.00654	0.00667	0.01157
10	0.00894	0.00640	0.00850	0.00973	0.01039	0.00596	0.00663	0.01059	0.01488	0.02016	0.16584	0.61286	0.05094	0.02083	0.00896	0.00277	0.00398	0.01884	0.00684	0.00596
11	0.01517	0.02554	0.33718	0.15572	0.09652	0.01683	0.17640	0.02239	0.04414	0.02218	0.01388	0.01746	0.01027	0.00674	0.00726	0.00230	0.01028	0.00641	0.00340	0.00993
12	0.01453	0.01269	0.02011	0.59649	0.04289	0.01548	0.01794	0.02068	0.09292	0.04278	0.01506	0.02015	0.01130	0.00816	0.00795	0.03344	0.00880	0.00655	0.00383	0.00825
13	0.01010	0.00680	0.00784	0.00809	0.00815	0.00674	0.00466	0.01029	0.01085	0.01446	0.02495	0.15115	0.02906	0.64087	0.03218	0.00630	0.00649	0.01184	0.00466	0.00453
14	0.01159	0.00844	0.01016	0.01047	0.01186	0.00837	0.00739	0.11081	0.01685	0.02238	0.06544	0.50053	0.09413	0.07309	0.01071	0.00301	0.00482	0.01671	0.00657	0.00668
15	0.06091	0.09384	0.10347	0.01469	0.02034	0.01756	0.01340	0.23881	0.05736	0.20749	0.03957	0.04172	0.01575	0.00885	0.00737	0.00218	0.03267	0.00677	0.00639	0.01086
16	0.01345	0.01266	0.02136	0.73264	0.04904	0.01582	0.01978	0.01819	0.01424	0.01819	0.01266	0.01898	0.00949	0.00712	0.00712	0.00237	0.00949	0.00633	0.00316	0.00791
17	0.01313	0.00668	0.00686	0.00686	0.00850	0.00674	0.00516	0.01641	0.01477	0.02609	0.02304	0.02661	0.01823	0.01037	0.03796	0.00211	0.00404	0.00668	0.75313	0.00662
18	0.01477	0.01266	0.01477	0.01055	0.01687	0.00949	0.00844	0.01793	0.01477	0.02320	0.01266	0.01477	0.01055	0.00527	0.00527	0.00105	0.00527	0.00422	0.00422	0.79328
19	0.01719	0.02248	0.21140	0.03545	0.46136	0.01713	0.05049	0.05666	0.01683	0.02419	0.01347	0.01697	0.01070	0.00656	0.00703	0.00217	0.00913	0.00615	0.00358	0.01105
20	0.00903	0.00647	0.00858	0.00967	0.01041	0.00602	0.00664	0.01080	0.01528	0.02080	0.20657	0.57030	0.05217	0.02035	0.00891	0.00273	0.00394	0.01838	0.00692	0.00602
21	0.17640	0.03900	0.01921	0.06821	0.02167	0.03838	0.09775	0.02684	0.05234	0.30013	0.02126	0.07428	0.01603	0.00880	0.00681	0.00227	0.00710	0.00744	0.00622	0.00985
22	0.08265	0.01542	0.01763	0.13193	0.02313	0.04587	0.01252	0.25245	0.02205	0.15459	0.01797	0.01929	0.01290	0.00833	0.00745	0.00217	0.04541	0.00628	0.11200	0.00995
23	0.04241	0.00869	0.01123	0.04353	0.01336	0.00848	0.04190	0.03167	0.01535	0.04191	0.16960	0.10352	0.17287	0.24517	0.01691	0.00380	0.00562	0.01188	0.00581	0.00630
24	0.01650	0.01409	0.01841	0.05892	0.02125	0.01243	0.07090	0.11825	0.01800	0.02637	0.04637	0.01762	0.01344	0.00639	0.00610	0.00148	0.00645	0.00548	0.00471	0.51682
25	0.01627	0.03769	0.02654	0.10834	0.10829	0.03491	0.24372	0.02088	0.03826	0.05023	0.01616	0.02196	0.01333	0.07338	0.04433	0.00304	0.03082	0.00733	0.05459	0.04993
26	0.00988	0.00674	0.00787	0.00826	0.00845	0.00660	0.00491	0.01024	0.01136	0.01506	0.02832	0.21591	0.05585	0.54739	0.02867	0.00577	0.00611	0.01291	0.00495	0.00473
27	0.05216	0.28121	0.11885	0.01617	0.04960	0.10317	0.03695	0.09406	0.06912	0.02317	0.03448	0.01797	0.03583	0.00898	0.02792	0.00223	0.00868	0.00571	0.00425	0.00949
28	0.02051	0.08492	0.05205	0.01496	0.01930	0.06461	0.01263	0.30866	0.08670	0.03051	0.01825	0.06733	0.01538	0.01559	0.10034	0.02562	0.03997	0.00723	0.00560	0.00983
29	0.00873	0.00644	0.00817	0.00940	0.01023	0.00588	0.00642	0.01020	0.01451	0.01905	0.08919	0.58478	0.15880	0.02107	0.00893	0.00277	0.00399	0.01887	0.00669	0.00588
30	0.01148	0.00924	0.03519	0.01101	0.01307	0.00821	0.02890	0.03336	0.06025	0.04998	0.21175	0.36283	0.10265	0.01713	0.00850	0.00256	0.00463	0.01529	0.00685	0.00711
31	0.01927	0.05178	0.08469	0.08414	0.30493	0.08723	0.11502	0.12129	0.01896	0.02515	0.01361	0.01693	0.01072	0.00681	0.00707	0.00214	0.00952	0.00628	0.00400	0.01046
32	0.01719	0.01757	0.06034	0.08804	0.63056	0.01683	0.02192	0.02164	0.01603	0.02290	0.01332	0.01759	0.01106	0.00642	0.00704	0.00214	0.00862	0.00629	0.00348	0.01102
33	0.76955	0.01373	0.01089	0.03741	0.01514	0.01597	0.00818	0.02083	0.01220	0.03141	0.01002	0.01185	0.00778	0.00663	0.00451	0.00221	0.00566	0.00395	0.00436	0.00772
34	0.08161	0.16397	0.20300	0.01693	0.04227	0.08528	0.01629	0.05164	0.01502	0.02149	0.01202	0.01521	0.01001	0.01043	0.04699	0.00270	0.16048	0.00526	0.03041	0.00899

[dist]
# distance from previous block
# <min> <max>
0	2

[block]
# block no. 1 follows, 29 sequences, length 45
# corresponding to MSA columns:
# 44-88
name=unknown_B
#
# <colnr> <probs for GDERKNQSTAVLIFYWHMCP>
#	G	D	E	R	K	N	Q	S	T	A	V	L	I	F	Y	W	H	M	C	P
0	0.00983	0.00709	0.00918	0.00917	0.01054	0.00659	0.00670	0.01254	0.01810	0.02518	0.49192	0.18445	0.08165	0.05777	0.01015	0.00267	0.00384	0.03894	0.00732	0.00638
1	0.01770	0.12810	0.08605	0.04823	0.02120	0.01923	0.01331	0.05494	0.47227	0.02712	0.02341	0.02252	0.01774	0.00869	0.00679	0.00225	0.00665	0.00701	0.00602	0.01075
2	0.01680	0.03507	0.53832	0.02101	0.05158	0.14958	0.04451	0.02365	0.01610	0.02162	0.01252	0.01484	0.00918	0.00684	0.00676	0.00218	0.01094	0.00527	0.00317	0.01009
3	0.01491	0.13087	0.62428	0.01923	0.02917	0.01806	0.02446	0.02239	0.01496	0.02179	0.01240	0.01456	0.00904	0.00668	0.00648	0.00216	0.01014	0.00507	0.00301	0.01034
4	0.01405	0.03349	0.62242	0.08740	0.03183	0.01612	0.02500	0.02181	0.01514	0.02235	0.03716	0.01676	0.01113	0.00707	0.00686	0.00227	0.01017	0.00563	0.00319	0.01014
5	0.01003	0.00724	0.00947	0.00899	0.01063	0.00669	0.00671	0.01331	0.01992	0.02818	0.67791	0.07792	0.06647	0.01483	0.00842	0.00226	0.00339	0.01314	0.00779	0.00669
6	0.00943	0.00720	0.00866	0.00842	0.01027	0.00643	0.00627	0.01215	0.01845	0.02480	0.45044	0.09762	0.28161	0.01618	0.00844	0.00233	0.00349	0.01402	0.00735	0.00643
7	0.02368	0.05136	0.02119	0.01934	0.07855	0.36748	0.01409	0.12477	0.04247	0.05472	0.01424	0.04001	0.01191	0.00866	0.00869	0.00212	0.09698	0.00594	0.00455	0.00926
8	0.07946	0.01314	0.03053	0.01262	0.01726	0.01234	0.01040	0.15352	0.02155	0.37271	0.10539	0.09376	0.02437	0.01053	0.00728	0.00226	0.00596	0.00867	0.00773	0.01053
9	0.00923	0.00662	0.00876	0.00954	0.01045	0.00615	0.00665	0.01130	0.01620	0.02226	0.29980	0.47291	0.05500	0.01926	0.00882	0.00264	0.00383	0.01735	0.00709	0.00615
10	0.25417	0.01259	0.01401	0.01149	0.01604	0.01272	0.00935	0.07260	0.05374	0.32690	0.12246	0.02444	0.02192	0.00905	0.00653	0.00222	0.00560	0.00703	0.00717	0.00997
11	0.08446	0.20065	0.39372	0.01789	0.02626	0.01902	0.07916	0.02283	0.01511	0.06078	0.01286	0.01478	0.00958	0.00664	0.00621	0.00209	0.00929	0.00519	0.00352	0.00996
12	0.01017	0.00697	0.00897	0.00956	0.01079	0.00643	0.00684	0.01216	0.01595	0.04847	0.21820	0.39056	0.12268	0.04942	0.00993	0.00283	0.00420	0.05268	0.00693	0.00629
13	0.01080	0.00738	0.00863	0.00863	0.00910	0.00736	0.00543	0.03267	0.01266	0.01702	0.09109	0.10260	0.03199	0.55603	0.02897	0.00578	0.00635	0.04740	0.00506	0.00504
14	0.00883	0.00651	0.00827	0.00936	0.01026	0.00595	0.00643	0.01044	0.01494	0.01976	0.13489	0.54340	0.15371	0.02057	0.00889	0.00273	0.00394	0.01841	0.00678	0.00595
15	0.01793	0.01950	0.02146	0.01862	0.01940	0.17110	0.01519	0.01955	0.01288	0.01720	0.00970	0.01499	0.00931	0.01137	0.01975	0.00284	0.58219	0.00588	0.00323	0.00789
16	0.01481	0.01282	0.01516	0.01101	0.01698	0.01019	0.00884	0.01788	0.01455	0.02286	0.01247	0.01481	0.01048	0.00568	0.00629	0.00117	0.04650	0.00433	0.00416	0.74901
17	0.02011	0.02449	0.15249	0.04963	0.19764	0.19069	0.01785	0.11793	0.05064	0.02487	0.01431	0.01675	0.01118	0.00747	0.00728	0.00211	0.03312	0.00581	0.04560	0.01003
18	0.01020	0.00746	0.01088	0.01100	0.01217	0.00851	0.00840	0.01259	0.01170	0.01694	0.02078	0.07851	0.02018	0.07699	0.61566	0.01027	0.01691	0.00857	0.03603	0.00625
19	0.01824	0.01556	0.01640	0.01460	0.01872	0.01796	0.01140	0.07433	0.65511	0.03064	0.02831	0.02603	0.02119	0.00960	0.00724	0.00240	0.00576	0.00796	0.00724	0.01132
20	0.00858	0.00722	0.00744	0.00738	0.00972	0.00608	0.00554	0.01053	0.01661	0.02013	0.13275	0.06705	0.64127	0.01770	0.00841	0.00239	0.00358	0.01482	0.00673	0.00608
21	0.01472	0.01247	0.01467	0.01075	0.01648	0.00997	0.00861	0.01781	0.01457	0.02308	0.01308	0.01548	0.01092	0.00582	0.00620	0.00120	0.04317	0.00446	0.04867	0.70787
22	0.00877	0.00633	0.00833	0.00989	0.01046	0.00589	0.00673	0.01012	0.01389	0.01836	0.04104	0.68144	0.08380	0.02197	0.00908	0.00288	0.00419	0.04442	0.00661	0.00583
23	0.00989	0.00739	0.00935	0.00981	0.01150	0.00684	0.00771	0.01258	0.01734	0.02297	0.28064	0.14971	0.21271	0.01779	0.00889	0.00265	0.00441	0.19440	0.00703	0.00639
24	0.65177	0.01379	0.01218	0.01083	0.01446	0.01655	0.00892	0.02004	0.01191	0.02913	0.01020	0.01283	0.00836	0.00938	0.03643	0.00271	0.11427	0.00436	0.00419	0.00767
25	0.01304	0.00671	0.00700	0.00700	0.00863	0.00681	0.00527	0.01630	0.01467	0.02580	0.02292	0.02665	0.01822	0.01167	0.05861	0.00239	0.00450	0.00671	0.73049	0.00662
26	0.01027	0.00687	0.00779	0.00788	0.00790	0.00685	0.00443	0.01033	0.01053	0.01403	0.02331	0.08294	0.02699	0.71190	0.03483	0.00669	0.00676	0.01087	0.00443	0.00439
27	0.01228	0.01107	0.01814	0.55526	0.03954	0.01336	0.01654	0.01616	0.01409	0.01819	0.01918	0.19719	0.01872	0.01085	0.00760	0.00250	0.00818	0.00974	0.00401	0.00739
28	0.01548	0.01263	0.01484	0.01064	0.01693	0.00953	0.00852	0.01863	0.01500	0.05185	0.01330	0.01516	0.01084	0.00542	0.00535	0.00110	0.00531	0.00434	0.00441	0.76071
29	0.00854	0.00698	0.00754	0.00790	0.00982	0.00599	0.00574	0.01027	0.01579	0.01936	0.08907	0.22269	0.52785	0.01888	0.00857	0.00251	0.00372	0.01614	0.00666	0.00599
30	0.02517	0.01063	0.01383	0.01110	0.01561	0.00919	0.00900	0.02778	0.01929	0.50390	0.07264	0.03509	0.16309	0.01102	0.00740	0.00223	0.00530	0.00908	0.03827	0.01035
31	0.01479	0.01611	0.06420	0.44024	0.10421	0.01656	0.20102	0.02002	0.01516	0.02015	0.01321	0.01871	0.00999	0.00672	0.00745	0.00235	0.01014	0.00684	0.00331	0.00882
32	0.01733	0.01825	0.06173	0.23178	0.38800	0.07417	0.02038	0.04693	0.01647	0.02203	0.01301	0.01741	0.01048	0.00689	0.00738	0.00220	0.02589	0.00614	0.00354	0.01000
33	0.00893	0.00722	0.00784	0.00769	0.00981	0.00623	0.00571	0.01107	0.01701	0.02144	0.23448	0.06361	0.50829	0.04764	0.00957	0.00255	0.00368	0.01427	0.00684	0.00613
34	0.00982	0.00721	0.00921	0.00883	0.01051	0.00659	0.00658	0.01290	0.01937	0.02699	0.59790	0.09471	0.13209	0.01537	0.00844	0.00229	0.00343	0.01353	0.00764	0.00659
35	0.01809	0.64262	0.10366	0.01283	0.01913	0.02587	0.01331	0.02103	0.01483	0.01796	0.04670	0.01399	0.01219	0.00661	0.00499	0.00163	0.00768	0.00443	0.00330	0.00915
36	0.01614	0.01561	0.06009	0.37932	0.31213	0.01602	0.02047	0.02076	0.01540	0.05648	0.01376	0.01850	0.01061	0.00688	0.00707	0.00225	0.00895	0.00632	0.00360	0.00963
37	0.02069	0.01039	0.01342	0.01127	0.01493	0.00971	0.00893	0.02581	0.10150	0.33075	0.32190	0.03714	0.03974	0.01142	0.00771	0.00224	0.00483	0.00976	0.00820	0.00966
38	0.00983	0.00727	0.00918	0.00870	0.01049	0.00661	0.00653	0.01297	0.01958	0.02719	0.60925	0.05544	0.16036	0.01507	0.00840	0.00226	0.00340	0.01319	0.00766	0.00661
39	0.26677	0.04076	0.09198	0.01390	0.03998	0.01584	0.01197	0.15001	0.04689	0.16689	0.01668	0.01798	0.01225	0.03286	0.00808	0.03918	0.00686	0.00574	0.00564	0.00972
40	0.00953	0.00684	0.00887	0.01022	0.01088	0.00654	0.00693	0.04122	0.01456	0.01942	0.03821	0.71118	0.04547	0.02167	0.00900	0.00286	0.00430	0.01960	0.00663	0.00608
41	0.00868	0.00620	0.00826	0.00991	0.01033	0.00578	0.00661	0.00991	0.01363	0.01818	0.03925	0.74510	0.04710	0.02231	0.00909	0.00289	0.00413	0.02024	0.00661	0.00578
42	0.09698	0.01436	0.02151	0.35389	0.09524	0.01747	0.04276	0.06118	0.01481	0.02175	0.01269	0.03359	0.01050	0.00852	0.01038	0.00249	0.16334	0.00645	0.00366	0.00846
43	0.00990	0.00796	0.01239	0.01246	0.01363	0.00771	0.07713	0.01175	0.01402	0.01879	0.03561	0.61006	0.04177	0.02015	0.00952	0.00287	0.02887	0.05293	0.00618	0.00629
44	0.01017	0.00719	0.00930	0.00889	0.01050	0.00667	0.00662	0.01342	0.01955	0.02791	0.63187	0.08776	0.06360	0.01463	0.00826	0.00224	0.00340	0.01294	0.04843	0.00667

[dist]
# distance from previous block
# <min> <max>
0	2

[block]
# block no. 2 follows, 29 sequences, length 7
# corresponding to MSA columns:
# 91-97
name=unknown_C
#
# <colnr> <probs for GDERKNQSTAVLIFYWHMCP>
#	G	D	E	R	K	N	Q	S	T	A	V	L	I	F	Y	W	H	M	C	P
0	0.07749	0.19919	0.02360	0.01615	0.02059	0.45821	0.01296	0.07634	0.01932	0.02036	0.01114	0.01275	0.00929	0.00709	0.00591	0.00181	0.01074	0.00450	0.00384	0.00872
1	0.00868	0.00620	0.00826	0.00991	0.01033	0.00578	0.00661	0.00991	0.01363	0.01818	0.03925	0.74510	0.04710	0.02231	0.00909	0.00289	0.00413	0.02024	0.00661	0.00578
2	0.06790	0.01448	0.02131	0.45100	0.12630	0.01698	0.01786	0.11492	0.05691	0.02425	0.01417	0.01849	0.01070	0.00734	0.00694	0.00230	0.00863	0.00628	0.00410	0.00913
3	0.02341	0.01619	0.01768	0.01410	0.01866	0.01765	0.01139	0.44530	0.07132	0.08519	0.01979	0.02162	0.01495	0.05620	0.03945	0.00280	0.00746	0.00689	0.09927	0.01068
4	0.02466	0.07947	0.02054	0.01662	0.02074	0.47889	0.01292	0.15233	0.02202	0.02282	0.01715	0.01816	0.06693	0.00837	0.00659	0.00192	0.01075	0.00574	0.00453	0.00887
5	0.01881	0.07014	0.01758	0.03059	0.01828	0.04625	0.01100	0.21968	0.13261	0.05050	0.06225	0.07335	0.06462	0.01317	0.05115	0.00272	0.00733	0.02952	0.00616	0.07428
6	0.10367	0.40653	0.08449	0.01333	0.01881	0.07432	0.01279	0.03977	0.01526	0.02065	0.03282	0.01571	0.01186	0.00734	0.00636	0.00183	0.05050	0.02307	0.00368	0.05719

[dist]
# distance from previous block
# <min> <max>
7	20

[block]
# block no. 3 follows, 29 sequences, length 63
# corresponding to MSA columns:
# 118-180
name=unknown_D
#
# <colnr> <probs for GDERKNQSTAVLIFYWHMCP>
#	G	D	E	R	K	N	Q	S	T	A	V	L	I	F	Y	W	H	M	C	P
0	0.05307	0.35376	0.07614	0.01211	0.01731	0.01880	0.01148	0.04058	0.01682	0.14244	0.13668	0.02299	0.02164	0.03938	0.00726	0.00210	0.00669	0.00646	0.00513	0.00916
1	0.07220	0.13367	0.04134	0.01292	0.04705	0.07139	0.01010	0.01613	0.01493	0.01999	0.02991	0.23064	0.10800	0.01621	0.04420	0.00285	0.00692	0.08193	0.03234	0.00729
2	0.05752	0.19482	0.15799	0.01764	0.09101	0.07786	0.01527	0.08013	0.03812	0.12392	0.06647	0.01881	0.01547	0.00772	0.00636	0.00202	0.00803	0.00593	0.00487	0.01005
3	0.11642	0.21321	0.38985	0.05308	0.02556	0.01901	0.01922	0.02159	0.01447	0.02221	0.01206	0.01430	0.00924	0.00665	0.00586	0.00205	0.00882	0.00482	0.03205	0.00953
4	0.14577	0.10065	0.01650	0.01172	0.01535	0.01325	0.05852	0.03654	0.08212	0.05561	0.28857	0.03523	0.09096	0.01099	0.00708	0.00219	0.00535	0.00925	0.00623	0.00813
5	0.07101	0.00987	0.04223	0.00984	0.01288	0.00846	0.00812	0.01665	0.01725	0.12954	0.25518	0.04563	0.23334	0.01808	0.08723	0.00331	0.00608	0.01104	0.00671	0.00755
6	0.08110	0.02120	0.01950	0.05390	0.04673	0.20602	0.01345	0.27031	0.05187	0.02950	0.01471	0.01687	0.01153	0.01195	0.06688	0.00292	0.06088	0.00589	0.00512	0.00969
7	0.00964	0.00721	0.00878	0.00865	0.01031	0.00656	0.00639	0.01217	0.01772	0.02386	0.40471	0.10051	0.23082	0.07693	0.01081	0.00276	0.00392	0.04490	0.00708	0.00627
8	0.00854	0.00722	0.00738	0.00734	0.00969	0.00606	0.00551	0.01045	0.01652	0.01992	0.11813	0.06741	0.65602	0.01778	0.00841	0.00239	0.00359	0.01487	0.00670	0.00606
9	0.01767	0.31099	0.34337	0.01729	0.02525	0.07375	0.04771	0.05021	0.01605	0.02089	0.01179	0.01375	0.00928	0.00659	0.00598	0.00194	0.00953	0.00484	0.00327	0.00985
10	0.01242	0.00825	0.01053	0.03505	0.01185	0.00870	0.00709	0.01379	0.01335	0.06964	0.12893	0.11073	0.03125	0.36430	0.04877	0.00491	0.06962	0.01076	0.03406	0.00601
11	0.01090	0.00859	0.01238	0.01197	0.01293	0.01037	0.00925	0.01303	0.01125	0.01630	0.01818	0.02849	0.01762	0.12809	0.55097	0.00983	0.11200	0.00776	0.00378	0.00631
12	0.01855	0.07096	0.01574	0.01198	0.01546	0.09946	0.00956	0.13420	0.02173	0.11581	0.31102	0.03503	0.06771	0.01123	0.00739	0.00210	0.00599	0.00924	0.02815	0.00868
13	0.05152	0.01685	0.04901	0.36410	0.15400	0.08023	0.08486	0.02029	0.01537	0.02056	0.03645	0.01878	0.01180	0.00734	0.00776	0.00230	0.04006	0.00645	0.00353	0.00873
14	0.01875	0.01612	0.02179	0.31553	0.07638	0.06916	0.05227	0.13950	0.04940	0.07346	0.01549	0.01914	0.01168	0.01015	0.04474	0.00277	0.04319	0.00653	0.00458	0.00936
15	0.71384	0.04532	0.02939	0.04109	0.01591	0.01649	0.00888	0.02087	0.01238	0.03048	0.01010	0.01197	0.00788	0.00661	0.00459	0.00218	0.00589	0.00400	0.00426	0.00785
16	0.01595	0.01483	0.02529	0.34688	0.21707	0.01626	0.10624	0.07140	0.01654	0.02219	0.01447	0.02116	0.01176	0.00797	0.00806	0.02793	0.00919	0.03390	0.00377	0.00915
17	0.60986	0.01298	0.01178	0.08516	0.03644	0.01498	0.00902	0.01973	0.01242	0.02873	0.01170	0.01565	0.00972	0.06229	0.00716	0.00255	0.00603	0.00477	0.03147	0.00754
18	0.00866	0.00624	0.00822	0.00980	0.01030	0.00579	0.00656	0.00993	0.01374	0.01822	0.04063	0.71669	0.07462	0.02213	0.00906	0.00287	0.00411	0.02002	0.00661	0.00579
19	0.05910	0.29745	0.11799	0.07334	0.08895	0.11636	0.01534	0.05459	0.04850	0.02120	0.01442	0.01629	0.03439	0.00719	0.00593	0.00192	0.00860	0.00527	0.00377	0.00937
20	0.00868	0.00620	0.00826	0.00991	0.01033	0.00578	0.00661	0.00991	0.01363	0.01818	0.03925	0.74510	0.04710	0.02231	0.00909	0.00289	0.00413	0.02024	0.00661	0.00578
21	0.01558	0.01558	0.02181	0.01869	0.01869	0.02181	0.01558	0.01714	0.01091	0.01714	0.00935	0.01558	0.00935	0.01246	0.02337	0.00312	0.73672	0.00623	0.00312	0.00779
22	0.01428	0.03683	0.71286	0.02030	0.03082	0.01654	0.02631	0.02255	0.01503	0.02255	0.01278	0.01503	0.00902	0.00677	0.00677	0.00226	0.01052	0.00526	0.00301	0.01052
23	0.00987	0.00697	0.00901	0.01002	0.01055	0.00712	0.00694	0.01135	0.01345	0.01900	0.03415	0.56368	0.03952	0.05426	0.01088	0.00294	0.05769	0.01695	0.10968	0.00597
24	0.03014	0.01243	0.01644	0.01276	0.01805	0.01118	0.01048	0.06722	0.04736	0.61826	0.05823	0.02528	0.01976	0.00909	0.00722	0.00221	0.00601	0.00742	0.00862	0.01184
25	0.01427	0.00868	0.00765	0.00751	0.00932	0.06008	0.00563	0.01748	0.01533	0.02587	0.02231	0.02552	0.01757	0.00822	0.00509	0.00167	0.00403	0.00648	0.73053	0.00676
26	0.00890	0.00622	0.00818	0.00976	0.01023	0.00582	0.00653	0.01024	0.01370	0.01858	0.03847	0.71032	0.04570	0.02163	0.00889	0.00283	0.00409	0.01958	0.04450	0.00582
27	0.03195	0.01212	0.01652	0.01267	0.01818	0.01047	0.01047	0.03470	0.02038	0.71026	0.02809	0.02424	0.01763	0.00881	0.00716	0.00220	0.00606	0.00716	0.00881	0.01212
28	0.01105	0.00704	0.00815	0.00815	0.00840	0.00694	0.00476	0.01127	0.01104	0.04147	0.02416	0.10814	0.02746	0.65573	0.03268	0.00636	0.00662	0.01111	0.00470	0.00475
29	0.01683	0.01007	0.01044	0.00915	0.01185	0.01062	0.00718	0.18813	0.01972	0.03128	0.02165	0.02411	0.01667	0.00836	0.00553	0.00178	0.00448	0.00658	0.58752	0.00805
30	0.01345	0.01266	0.02136	0.73264	0.04904	0.01582	0.01978	0.01819	0.01424	0.01819	0.01266	0.01898	0.00949	0.00712	0.00712	0.00237	0.00949	0.00633	0.00316	0.00791
31	0.02737	0.01180	0.01554	0.01230	0.01710	0.01070	0.01001	0.05844	0.05556	0.53375	0.13983	0.02888	0.02586	0.00980	0.00737	0.00222	0.00566	0.00813	0.00850	0.01117
32	0.00912	0.00694	0.00900	0.01000	0.01077	0.00682	0.00700	0.01060	0.01405	0.01864	0.06939	0.54795	0.14061	0.02222	0.04110	0.00318	0.04237	0.01789	0.00636	0.00598
33	0.01836	0.62379	0.06602	0.01341	0.01890	0.02680	0.01328	0.02082	0.01402	0.01707	0.00996	0.01214	0.00916	0.00696	0.00715	0.00177	0.10411	0.00419	0.00305	0.00902
34	0.00932	0.00665	0.00894	0.01054	0.01120	0.00633	0.00758	0.01096	0.01413	0.01872	0.03842	0.58213	0.04516	0.04330	0.01005	0.00309	0.00473	0.15632	0.00653	0.00591
35	0.09558	0.04963	0.01509	0.01198	0.01599	0.12950	0.00953	0.02510	0.01827	0.29708	0.09220	0.06540	0.09574	0.01046	0.00693	0.00215	0.00649	0.00832	0.03534	0.00921
36	0.01584	0.01364	0.01638	0.06247	0.01978	0.01262	0.01044	0.06299	0.08601	0.02444	0.01437	0.01650	0.01164	0.00666	0.00722	0.00153	0.06619	0.00507	0.00456	0.54164
37	0.01632	0.01173	0.01293	0.01118	0.01335	0.01263	0.00799	0.23740	0.05121	0.02516	0.02078	0.03475	0.02064	0.42890	0.06040	0.00532	0.00778	0.00878	0.00537	0.00738
38	0.00875	0.00623	0.00824	0.00982	0.01021	0.00583	0.00651	0.00993	0.01348	0.01798	0.03848	0.71330	0.04613	0.05543	0.01033	0.00307	0.00426	0.01979	0.00651	0.00572
39	0.01066	0.00778	0.01067	0.01285	0.06300	0.00757	0.00825	0.04558	0.01464	0.01963	0.03417	0.57651	0.03988	0.02048	0.01022	0.05996	0.00488	0.04075	0.00615	0.00635
40	0.50858	0.01506	0.04448	0.18270	0.02366	0.01652	0.01192	0.08028	0.01469	0.02944	0.01134	0.01399	0.00859	0.00691	0.00540	0.00224	0.00689	0.00474	0.00430	0.00828
41	0.02551	0.04377	0.02053	0.01538	0.02081	0.02007	0.01267	0.52913	0.05795	0.09106	0.01892	0.04825	0.01423	0.00898	0.00705	0.00212	0.00735	0.00694	0.00698	0.04230
42	0.01157	0.00818	0.00971	0.00920	0.01152	0.00757	0.00702	0.01552	0.06839	0.07179	0.33866	0.08088	0.27961	0.01547	0.00831	0.00237	0.00394	0.03579	0.00735	0.00714
43	0.01137	0.01131	0.08869	0.04893	0.01575	0.00910	0.01015	0.07630	0.01602	0.02170	0.06296	0.52508	0.03848	0.01812	0.00851	0.00269	0.00544	0.01620	0.00614	0.00707
44	0.15350	0.08967	0.04462	0.04544	0.02046	0.18882	0.01234	0.19486	0.02093	0.08503	0.01476	0.01591	0.01107	0.00758	0.00609	0.00200	0.00833	0.00533	0.06376	0.00951
45	0.01017	0.00763	0.01144	0.01144	0.01272	0.00890	0.00890	0.01272	0.01144	0.01653	0.01907	0.02797	0.01780	0.05340	0.72153	0.01144	0.01907	0.00763	0.00381	0.00636
46	0.01034	0.00696	0.00804	0.00804	0.00814	0.00705	0.00466	0.01053	0.01044	0.01401	0.02218	0.04521	0.02528	0.69767	0.08750	0.00724	0.00781	0.01015	0.00428	0.00447
47	0.01740	0.02373	0.21341	0.05737	0.43911	0.08066	0.02226	0.02252	0.01619	0.02238	0.01299	0.01653	0.01042	0.00657	0.00692	0.00214	0.00945	0.00589	0.00339	0.01069
48	0.01176	0.00870	0.02967	0.01104	0.06148	0.00805	0.00654	0.01250	0.01156	0.03934	0.04098	0.04293	0.02520	0.62605	0.03141	0.00612	0.00699	0.00987	0.00447	0.00535
49	0.08922	0.01253	0.01625	0.01256	0.01799	0.01130	0.01037	0.05730	0.02024	0.63523	0.02633	0.02303	0.01668	0.00864	0.00695	0.00220	0.00608	0.00689	0.00842	0.01179
50	0.07408	0.01309	0.01476	0.01074	0.01689	0.01057	0.00863	0.04965	0.01546	0.02489	0.01266	0.01464	0.01041	0.00553	0.00530	0.00119	0.00541	0.00430	0.00437	0.69746
51	0.01711	0.01236	0.01465	0.01080	0.01658	0.00985	0.00866	0.04575	0.01647	0.11060	0.04856	0.01840	0.01456	0.00642	0.00572	0.00132	0.00530	0.00519	0.03806	0.59362
52	0.01477	0.01266	0.01477	0.01055	0.01687	0.00949	0.00844	0.01793	0.01477	0.02320	0.01266	0.01477	0.01055	0.00527	0.00527	0.00105	0.00527	0.00422	0.00422	0.79328
53	0.01033	0.00700	0.00825	0.00825	0.00842	0.00717	0.00492	0.01067	0.01050	0.01417	0.02199	0.04414	0.02482	0.65772	0.12681	0.00750	0.00851	0.00999	0.00425	0.00458
54	0.01563	0.03250	0.55317	0.02178	0.06486	0.01729	0.06719	0.07159	0.01642	0.02405	0.01310	0.01562	0.00950	0.00707	0.00761	0.00228	0.04081	0.00565	0.00338	0.01051
55	0.05391	0.01271	0.02080	0.69543	0.04723	0.01583	0.01915	0.01833	0.01413	0.01890	0.01252	0.01860	0.00940	0.00709	0.00698	0.00236	0.00929	0.00620	0.00323	0.00790
56	0.00883	0.00716	0.00743	0.00756	0.00961	0.00617	0.00555	0.01054	0.01556	0.01897	0.06383	0.09513	0.57359	0.08354	0.01089	0.00284	0.00401	0.03542	0.02751	0.00588
57	0.01197	0.00877	0.01199	0.09917	0.04035	0.00894	0.00956	0.05545	0.01596	0.03976	0.09374	0.33080	0.08612	0.04308	0.01040	0.04030	0.00554	0.07524	0.00604	0.00680
58	0.04311	0.07013	0.08281	0.07840	0.10606	0.01415	0.11768	0.05021	0.01717	0.02385	0.13957	0.07250	0.04856	0.01091	0.00772	0.00238	0.00755	0.09368	0.00505	0.00854
59	0.11802	0.01535	0.04936	0.17289	0.38034	0.01539	0.01795	0.01997	0.01519	0.02316	0.01750	0.02112	0.06230	0.00749	0.00674	0.00219	0.00782	0.00663	0.03103	0.00955
60	0.20293	0.06155	0.14140	0.04446	0.12012	0.01657	0.07513	0.02350	0.11813	0.02550	0.01616	0.01801	0.02918	0.00718	0.00627	0.00213	0.00761	0.00591	0.00432	0.07394
61	0.01627	0.01386	0.04332	0.04260	0.10260	0.01376	0.01195	0.19048	0.08543	0.02823	0.11937	0.03352	0.14925	0.01497	0.06196	0.04121	0.00724	0.00907	0.00594	0.00898
62	0.01243	0.02724	0.04560	0.01097	0.01392	0.03542	0.00917	0.04245	0.07169	0.02530	0.30397	0.05058	0.17030	0.01410	0.00810	0.00235	0.00508	0.10312	0.00670	0.04150

[dist]
# distance from previous block
# <min> <max>
1	8

[block]
# block no. 4 follows, 29 sequences, length 36
# corresponding to MSA columns:
# 189-224
name=unknown_E
#
# <colnr> <probs for GDERKNQSTAVLIFYWHMCP>
#	G	D	E	R	K	N	Q	S	T	A	V	L	I	F	Y	W	H	M	C	P
0	0.30835	0.04148	0.11764	0.01182	0.01691	0.01399	0.01105	0.02262	0.08625	0.10001	0.09152	0.02423	0.07479	0.00889	0.00614	0.00218	0.00601	0.00674	0.00545	0.04391
1	0.10033	0.04803	0.01819	0.06583	0.06820	0.01597	0.01203	0.13150	0.18211	0.16785	0.02277	0.02236	0.04584	0.00852	0.00670	0.00215	0.00650	0.00682	0.00629	0.06200
2	0.16703	0.04033	0.01966	0.13195	0.02298	0.01755	0.04315	0.02001	0.01317	0.09221	0.01284	0.01730	0.01062	0.02793	0.03166	0.00288	0.28694	0.00597	0.00406	0.03176
3	0.07047	0.00877	0.03409	0.01066	0.01249	0.00834	0.02346	0.01327	0.01403	0.02096	0.11427	0.25714	0.06687	0.02740	0.22347	0.00519	0.00897	0.01222	0.06138	0.00655
4	0.00995	0.00735	0.00985	0.06115	0.01365	0.00732	0.00789	0.04460	0.01468	0.01953	0.03625	0.65700	0.04267	0.02054	0.00885	0.00282	0.00470	0.01856	0.00639	0.00625
5	0.01611	0.07021	0.06626	0.04494	0.01860	0.19895	0.01251	0.01830	0.01480	0.01776	0.01966	0.22417	0.02102	0.04120	0.04603	0.00305	0.14491	0.00977	0.00432	0.00744
6	0.01803	0.00958	0.01203	0.01044	0.01346	0.00906	0.00814	0.06186	0.04392	0.22503	0.30405	0.08685	0.03994	0.01207	0.00751	0.00220	0.00454	0.01034	0.11224	0.00869
7	0.01527	0.00888	0.01136	0.01024	0.01281	0.00828	0.00783	0.04190	0.04364	0.17021	0.39196	0.13798	0.08252	0.01417	0.00815	0.00233	0.00428	0.01237	0.00777	0.00804
8	0.05727	0.01349	0.02379	0.50990	0.04208	0.01556	0.14209	0.01858	0.01425	0.01941	0.01281	0.01881	0.00984	0.00812	0.00867	0.05804	0.00951	0.00657	0.00331	0.00788
9	0.01187	0.00890	0.01026	0.00969	0.01211	0.00866	0.00733	0.01771	0.14437	0.05566	0.30427	0.10026	0.25158	0.01500	0.00818	0.00237	0.00404	0.01290	0.00731	0.00753
10	0.02739	0.01943	0.02105	0.01614	0.02183	0.02132	0.01333	0.63936	0.03262	0.08831	0.01781	0.01756	0.01247	0.00857	0.00713	0.00214	0.00772	0.00646	0.00723	0.01211
11	0.01010	0.00756	0.01130	0.01137	0.01261	0.00876	0.00880	0.01259	0.01154	0.01660	0.01999	0.06040	0.01913	0.05200	0.68932	0.01106	0.01840	0.00820	0.00394	0.00633
12	0.01345	0.01266	0.02136	0.73264	0.04904	0.01582	0.01978	0.01819	0.01424	0.01819	0.01266	0.01898	0.00949	0.00712	0.00712	0.00237	0.00949	0.00633	0.00316	0.00791
13	0.00923	0.00650	0.00813	0.00912	0.00955	0.00617	0.00588	0.01024	0.01310	0.01745	0.06926	0.47417	0.06928	0.23778	0.01709	0.00403	0.00489	0.01671	0.00599	0.00540
14	0.00868	0.00620	0.00826	0.00991	0.01033	0.00578	0.00661	0.00991	0.01363	0.01818	0.03925	0.74510	0.04710	0.02231	0.00909	0.00289	0.00413	0.02024	0.00661	0.00578
15	0.00895	0.00652	0.00844	0.00947	0.01033	0.00600	0.00653	0.01070	0.01526	0.02050	0.18437	0.53773	0.10832	0.02027	0.00888	0.00271	0.00392	0.01821	0.00687	0.00600
16	0.01492	0.00941	0.01161	0.01118	0.01378	0.00912	0.00881	0.04859	0.08483	0.13638	0.11970	0.18566	0.15434	0.01600	0.00845	0.00261	0.00508	0.14436	0.00719	0.00796
17	0.01647	0.17508	0.38347	0.11473	0.06703	0.04875	0.02119	0.05539	0.01603	0.02177	0.01236	0.01499	0.00939	0.00677	0.00639	0.00209	0.00965	0.00520	0.00330	0.00992
18	0.01561	0.01285	0.01509	0.03594	0.01787	0.01150	0.00949	0.08041	0.08198	0.02510	0.01569	0.01806	0.01277	0.01115	0.07984	0.00243	0.00705	0.00530	0.03263	0.50923
19	0.01580	0.12034	0.57993	0.01920	0.02867	0.07289	0.02368	0.02287	0.01537	0.02147	0.01230	0.01444	0.00905	0.00673	0.00648	0.00214	0.01036	0.00504	0.00306	0.01018
20	0.01218	0.05449	0.01321	0.01164	0.04567	0.01056	0.00839	0.04477	0.04101	0.02437	0.34451	0.04540	0.14885	0.09896	0.01229	0.00282	0.05625	0.01113	0.00635	0.00717
21	0.01028	0.00687	0.00779	0.00786	0.00787	0.00686	0.00441	0.01034	0.01049	0.01399	0.02314	0.07602	0.02678	0.71911	0.03510	0.00673	0.00679	0.01077	0.00441	0.00438
22	0.02560	0.01767	0.01936	0.01520	0.02044	0.01925	0.01244	0.48523	0.11299	0.12194	0.03916	0.02042	0.01569	0.00888	0.00711	0.00217	0.00709	0.00689	0.03077	0.01169
23	0.01797	0.01671	0.02388	0.05549	0.37550	0.04625	0.04004	0.07156	0.17263	0.02622	0.06621	0.02207	0.01755	0.00790	0.00722	0.00220	0.00775	0.00720	0.00493	0.01071
24	0.01009	0.00780	0.01130	0.15640	0.01841	0.00828	0.00957	0.01216	0.01355	0.01794	0.03111	0.44343	0.03547	0.08651	0.05042	0.00365	0.00648	0.06568	0.00555	0.00617
25	0.01261	0.00690	0.01108	0.01042	0.01081	0.00683	0.04322	0.01002	0.00969	0.01294	0.01248	0.02151	0.01228	0.02371	0.02676	0.74935	0.00650	0.00631	0.00312	0.00345
26	0.02045	0.61996	0.03412	0.01333	0.01897	0.15720	0.01248	0.02265	0.01553	0.01688	0.01011	0.01169	0.00914	0.00632	0.00491	0.00158	0.00859	0.00395	0.00316	0.00897
27	0.01219	0.00618	0.00923	0.00931	0.00933	0.00616	0.00620	0.00931	0.00949	0.01265	0.01367	0.05674	0.01405	0.02462	0.02692	0.75450	0.00608	0.00687	0.00326	0.00322
28	0.02610	0.01901	0.02033	0.01570	0.02111	0.02099	0.01293	0.63475	0.03217	0.04359	0.01753	0.01776	0.01254	0.00853	0.00697	0.00210	0.00752	0.00643	0.06221	0.01172
29	0.01327	0.00664	0.00664	0.00664	0.00830	0.00664	0.00498	0.01659	0.01493	0.02655	0.02323	0.02655	0.01825	0.00830	0.00498	0.00166	0.00332	0.00664	0.78928	0.00664
30	0.01011	0.00698	0.00836	0.00849	0.00884	0.00709	0.00527	0.01069	0.01105	0.01482	0.02544	0.09926	0.05652	0.54949	0.14175	0.00711	0.00847	0.01090	0.00452	0.00483
31	0.00899	0.00639	0.00848	0.01003	0.01051	0.00604	0.00684	0.01031	0.01364	0.01815	0.03811	0.65201	0.04534	0.06630	0.01080	0.00316	0.00448	0.06820	0.00647	0.00575
32	0.01833	0.56403	0.17168	0.01405	0.02080	0.02512	0.01508	0.02181	0.01463	0.03765	0.01098	0.01265	0.00936	0.00652	0.00572	0.00174	0.03291	0.00428	0.00320	0.00945
33	0.01280	0.01043	0.01074	0.01077	0.01228	0.06414	0.00756	0.10110	0.01648	0.02102	0.03456	0.39522	0.10481	0.14810	0.01337	0.00337	0.00574	0.01487	0.00604	0.00658
34	0.01171	0.00775	0.01001	0.00974	0.01176	0.00712	0.00762	0.01470	0.01872	0.07815	0.42294	0.08664	0.14640	0.01578	0.00858	0.00246	0.00417	0.12129	0.00748	0.00697
35	0.01861	0.01830	0.06489	0.08911	0.36772	0.01833	0.07281	0.14491	0.01877	0.02625	0.01369	0.01742	0.01094	0.00740	0.00873	0.00227	0.07865	0.00645	0.00411	0.01065

[dist]
# distance from previous block
# <min> <max>
3	17

[block]
# block no. 5 follows, 29 sequences, length 24
# corresponding to MSA columns:
# 242-265
name=unknown_F
#
# <colnr> <probs for GDERKNQSTAVLIFYWHMCP>
#	G	D	E	R	K	N	Q	S	T	A	V	L	I	F	Y	W	H	M	C	P
0	0.01456	0.01159	0.04033	0.01484	0.09075	0.01105	0.01061	0.01842	0.06747	0.11489	0.07376	0.10445	0.26471	0.01492	0.02881	0.00270	0.09061	0.01123	0.00606	0.00823
1	0.02087	0.01401	0.01715	0.11631	0.02201	0.01513	0.01210	0.24397	0.04696	0.14589	0.02276	0.02780	0.04888	0.07513	0.01056	0.00268	0.04200	0.04422	0.03590	0.03569
2	0.01866	0.68643	0.06556	0.01286	0.01884	0.02736	0.01296	0.02117	0.01432	0.01702	0.01000	0.01178	0.00914	0.00644	0.00560	0.00163	0.04407	0.00399	0.00305	0.00913
3	0.01213	0.00774	0.00920	0.00915	0.01143	0.00678	0.00692	0.01409	0.01633	0.11829	0.07604	0.22772	0.37418	0.01777	0.00851	0.00255	0.00430	0.06301	0.00696	0.00689
4	0.01258	0.01141	0.01833	0.48881	0.08116	0.01329	0.01620	0.01669	0.01538	0.02010	0.11784	0.05595	0.08425	0.00973	0.00749	0.00236	0.00779	0.00861	0.00431	0.00770
5	0.01237	0.00618	0.00928	0.00928	0.00928	0.00618	0.00618	0.00928	0.00928	0.01237	0.01237	0.02165	0.01237	0.02474	0.02783	0.79283	0.00618	0.00618	0.00309	0.00309
6	0.01300	0.00672	0.00706	0.00706	0.00869	0.00684	0.00532	0.01625	0.01462	0.02566	0.02286	0.02667	0.01821	0.01229	0.06834	0.00252	0.00471	0.00672	0.71982	0.00661
7	0.50869	0.01300	0.01188	0.01043	0.01463	0.01432	0.00853	0.05478	0.04897	0.11432	0.06234	0.02235	0.04390	0.00871	0.00569	0.00227	0.00553	0.03559	0.00563	0.00846
8	0.00976	0.00767	0.00867	0.00856	0.01066	0.00691	0.00643	0.03889	0.01770	0.02272	0.23198	0.13905	0.40926	0.01726	0.00848	0.00243	0.00387	0.03630	0.00696	0.00644
9	0.05503	0.01792	0.03672	0.11793	0.09662	0.01754	0.50588	0.02206	0.01620	0.02272	0.01388	0.01866	0.01053	0.00620	0.00793	0.00236	0.01106	0.00774	0.00358	0.00945
10	0.00901	0.00767	0.00781	0.00769	0.01016	0.00670	0.00579	0.01191	0.05475	0.02019	0.09357	0.06557	0.63971	0.01743	0.00835	0.00240	0.00371	0.01455	0.00669	0.00634
11	0.00881	0.00636	0.00836	0.00983	0.01045	0.00591	0.00671	0.01023	0.01412	0.01873	0.06592	0.65783	0.08538	0.02168	0.00905	0.00285	0.00415	0.04110	0.00665	0.00586
12	0.02436	0.01823	0.02039	0.04976	0.05573	0.02017	0.01346	0.53328	0.06767	0.04006	0.01781	0.01895	0.01314	0.02739	0.00777	0.00226	0.00758	0.00661	0.04401	0.01137
13	0.00957	0.00726	0.00885	0.00880	0.01063	0.00655	0.00668	0.01228	0.01815	0.02426	0.39976	0.10648	0.26822	0.01662	0.00857	0.00242	0.00376	0.06748	0.00726	0.00642
14	0.00946	0.00724	0.00871	0.00880	0.01048	0.00660	0.00642	0.01234	0.03677	0.02333	0.33589	0.21757	0.25576	0.01728	0.00853	0.00245	0.00368	0.01511	0.00716	0.00642
15	0.00882	0.00626	0.00822	0.00972	0.01010	0.00588	0.00641	0.00995	0.01334	0.01779	0.03776	0.68333	0.04522	0.08664	0.01149	0.00325	0.00438	0.01937	0.00641	0.00565
16	0.01689	0.01647	0.02660	0.22225	0.50763	0.04412	0.02100	0.02116	0.01585	0.02171	0.01311	0.01779	0.01073	0.00659	0.00704	0.00217	0.00890	0.00627	0.00344	0.01028
17	0.01091	0.00766	0.00958	0.01066	0.01190	0.00770	0.00798	0.01487	0.08469	0.02130	0.03554	0.41492	0.03894	0.01839	0.00848	0.00276	0.00473	0.16372	0.11863	0.00665
18	0.16888	0.02265	0.01841	0.03575	0.02088	0.25030	0.01237	0.26571	0.05201	0.03099	0.01393	0.01502	0.01059	0.00764	0.00630	0.00202	0.00888	0.00530	0.00524	0.04714
19	0.01789	0.49297	0.06358	0.01235	0.01757	0.02274	0.01186	0.08146	0.01580	0.02011	0.01306	0.01643	0.01165	0.04776	0.07702	0.00287	0.00861	0.00500	0.05245	0.00882
20	0.05220	0.01559	0.04738	0.31600	0.24636	0.01631	0.07740	0.02216	0.06601	0.05037	0.01478	0.01889	0.01132	0.00700	0.00709	0.00228	0.00881	0.00653	0.00391	0.00961
21	0.08647	0.01147	0.01452	0.01189	0.01628	0.01059	0.00961	0.05861	0.01898	0.43853	0.07004	0.06550	0.02304	0.05232	0.00888	0.00254	0.00588	0.05108	0.00766	0.03610
22	0.01785	0.01187	0.01320	0.01134	0.01517	0.01192	0.00896	0.11737	0.17750	0.15901	0.07028	0.04225	0.28811	0.01281	0.00772	0.00232	0.00515	0.01057	0.00731	0.00932
23	0.11180	0.01750	0.15673	0.05537	0.03952	0.01352	0.01390	0.08708	0.04111	0.23988	0.10062	0.05298	0.02078	0.00922	0.00698	0.00225	0.00691	0.00750	0.00624	0.01009

[dist]
# distance from previous block
# <min> <max>
0	11

[block]
# block no. 6 follows, 29 sequences, length 38
# corresponding to MSA columns:
# 277-314
name=unknown_G
#
# <colnr> <probs for GDERKNQSTAVLIFYWHMCP>
#	G	D	E	R	K	N	Q	S	T	A	V	L	I	F	Y	W	H	M	C	P
0	0.00991	0.00700	0.00891	0.04099	0.01095	0.00713	0.00623	0.01080	0.01173	0.01573	0.02726	0.27606	0.03140	0.40374	0.09566	0.00583	0.00733	0.01319	0.00498	0.00517
1	0.55821	0.01783	0.01306	0.01165	0.01583	0.15405	0.00927	0.06962	0.01530	0.02944	0.01193	0.04428	0.01004	0.00758	0.00520	0.00216	0.00705	0.00490	0.00455	0.00805
2	0.01042	0.00790	0.00978	0.06099	0.01311	0.00771	0.00722	0.04094	0.01629	0.02156	0.21485	0.20415	0.19440	0.14304	0.01321	0.00323	0.00483	0.01381	0.00631	0.00626
3	0.35308	0.08658	0.14771	0.01240	0.01795	0.01566	0.03636	0.02131	0.04448	0.02699	0.01352	0.01547	0.01050	0.00686	0.00528	0.00202	0.00658	0.00489	0.11351	0.05885
4	0.05015	0.14234	0.03675	0.01318	0.01863	0.01672	0.01135	0.17587	0.07493	0.22936	0.06398	0.02084	0.01720	0.00823	0.00649	0.00197	0.00653	0.00639	0.00648	0.09262
5	0.01504	0.03109	0.52953	0.02098	0.03020	0.01596	0.13639	0.02242	0.01584	0.04600	0.05775	0.01850	0.01334	0.00720	0.00716	0.00228	0.01017	0.00635	0.00361	0.01018
6	0.01488	0.10126	0.61761	0.02071	0.06285	0.01762	0.02480	0.02240	0.01504	0.02206	0.01255	0.01483	0.00914	0.00668	0.00658	0.00218	0.01016	0.00518	0.00304	0.01043
7	0.06074	0.01230	0.01599	0.01251	0.01768	0.01119	0.01026	0.05687	0.04989	0.58480	0.07019	0.02542	0.02038	0.00912	0.00713	0.00221	0.00591	0.00741	0.00844	0.01156
8	0.01204	0.00854	0.01018	0.01016	0.01107	0.03078	0.00708	0.01330	0.01280	0.05742	0.02771	0.23716	0.05334	0.26814	0.12009	0.00532	0.05525	0.01213	0.04148	0.00600
9	0.09563	0.01780	0.02074	0.01609	0.02138	0.04663	0.08418	0.37534	0.04936	0.11840	0.01808	0.01852	0.01289	0.00810	0.00684	0.00214	0.00766	0.00648	0.06287	0.01086
10	0.01440	0.00786	0.00811	0.00767	0.00968	0.00809	0.00587	0.07568	0.01646	0.02784	0.02254	0.02575	0.01769	0.00986	0.02971	0.00204	0.00426	0.00665	0.69272	0.00711
11	0.01017	0.00732	0.00944	0.01043	0.01127	0.00724	0.00721	0.05850	0.01478	0.01982	0.03550	0.61272	0.04156	0.04891	0.06532	0.00364	0.00566	0.01792	0.00635	0.00623
12	0.00868	0.00620	0.00826	0.00991	0.01033	0.00578	0.00661	0.00991	0.01363	0.01818	0.03925	0.74510	0.04710	0.02231	0.00909	0.00289	0.00413	0.02024	0.00661	0.00578
13	0.01442	0.01274	0.02028	0.62774	0.04411	0.01560	0.01824	0.06583	0.01567	0.02073	0.01375	0.01940	0.01032	0.00731	0.00696	0.00230	0.00892	0.00636	0.06120	0.00812
14	0.01237	0.00618	0.00928	0.00928	0.00928	0.00618	0.00618	0.00928	0.00928	0.01237	0.01237	0.02165	0.01237	0.02474	0.02783	0.79283	0.00618	0.00618	0.00309	0.00309
15	0.01589	0.03085	0.49453	0.02482	0.14349	0.01709	0.08291	0.06473	0.01657	0.02412	0.01330	0.01597	0.00975	0.00674	0.00698	0.00224	0.01014	0.00580	0.00341	0.01067
16	0.01463	0.08923	0.66350	0.01970	0.02990	0.01739	0.02528	0.02246	0.01499	0.02213	0.01257	0.01477	0.00903	0.00672	0.00660	0.00220	0.01031	0.00516	0.00301	0.01042
17	0.01025	0.00701	0.00846	0.00853	0.00878	0.00722	0.00526	0.01077	0.01069	0.01449	0.02252	0.07245	0.02529	0.59104	0.16128	0.00757	0.00903	0.01027	0.00432	0.00475
18	0.01305	0.00662	0.00672	0.00680	0.00840	0.00659	0.00506	0.01626	0.01487	0.02614	0.02402	0.06189	0.01967	0.00899	0.00518	0.00172	0.00336	0.00731	0.75079	0.00659
19	0.04073	0.01742	0.06259	0.08657	0.03336	0.01608	0.47604	0.02089	0.01579	0.02209	0.01527	0.02191	0.01223	0.00804	0.00928	0.05309	0.01058	0.03651	0.03275	0.00877
20	0.01904	0.75404	0.03731	0.01218	0.01828	0.02818	0.01218	0.02132	0.01447	0.01675	0.00990	0.01142	0.00914	0.00609	0.00457	0.00152	0.00761	0.00381	0.00305	0.00914
21	0.06812	0.00929	0.01043	0.00973	0.01220	0.00938	0.00743	0.01810	0.14924	0.02728	0.40273	0.04792	0.17377	0.01369	0.00789	0.00230	0.00400	0.01170	0.00725	0.00754
22	0.02712	0.01942	0.10498	0.01563	0.02186	0.01752	0.01409	0.38463	0.02684	0.26403	0.02023	0.01922	0.01357	0.00842	0.00709	0.00217	0.00757	0.00652	0.00718	0.01192
23	0.00944	0.00734	0.00984	0.01034	0.01175	0.00676	0.03505	0.01131	0.01487	0.01919	0.06617	0.39453	0.21769	0.05289	0.01019	0.00296	0.00475	0.10247	0.00641	0.00607
