[name]
unknown

[dist]
# distance from previous block
# <min> <max>
16	38

[block]
# block no. 0 follows, 29 sequences, length 35
# corresponding to MSA columns:
# 53-87
name=unknown_A
#
# <colnr> <probs for GDERKNQSTAVLIFYWHMCP>
#	G	D	E	R	K	N	Q	S	T	A	V	L	I	F	Y	W	H	M	C	P
0	0.02032	0.01587	0.01805	0.01485	0.01849	0.04254	0.01197	0.27533	0.06078	0.06889	0.03942	0.06116	0.01668	0.03217	0.06071	0.00304	0.14302	0.00741	0.00578	0.08352
1	0.01616	0.01537	0.02105	0.04321	0.01963	0.02078	0.01508	0.07554	0.01316	0.01968	0.01171	0.05400	0.01157	0.01244	0.02061	0.00299	0.60831	0.00698	0.00365	0.00807
2	0.02764	0.01331	0.01655	0.01313	0.01805	0.01284	0.01067	0.17974	0.04719	0.44930	0.02641	0.08542	0.01910	0.00994	0.00725	0.00224	0.00619	0.00814	0.03555	0.01134
3	0.01350	0.01297	0.04084	0.01451	0.01716	0.05564	0.11345	0.05671	0.06121	0.02132	0.06037	0.29654	0.05012	0.11445	0.01256	0.00315	0.02965	0.01293	0.00554	0.00737
4	0.01834	0.64951	0.13577	0.01337	0.02010	0.02648	0.01424	0.02150	0.01455	0.01760	0.01032	0.01195	0.00912	0.00619	0.00489	0.00163	0.00804	0.00402	0.00304	0.00934
5	0.02935	0.01334	0.01697	0.01325	0.01845	0.01256	0.01084	0.16727	0.02264	0.52501	0.02657	0.07187	0.01849	0.00968	0.00728	0.00224	0.00630	0.00790	0.00831	0.01168
6	0.04424	0.01225	0.01478	0.01258	0.01634	0.01237	0.00991	0.16297	0.07413	0.26032	0.04575	0.15249	0.02427	0.05719	0.04374	0.00308	0.00667	0.02993	0.00722	0.00975
7	0.01039	0.00777	0.01076	0.01074	0.01150	0.00883	0.00784	0.01206	0.01135	0.01601	0.02150	0.10758	0.02253	0.23401	0.42061	0.00882	0.05806	0.00960	0.00420	0.00584
8	0.00863	0.00722	0.00751	0.00744	0.00975	0.00610	0.00558	0.01063	0.01673	0.02043	0.15297	0.06656	0.62087	0.01759	0.00841	0.00238	0.00357	0.01475	0.00677	0.00610
9	0.01530	0.01468	0.02533	0.42086	0.31687	0.01636	0.04889	0.01989	0.01516	0.02046	0.01303	0.01844	0.01028	0.00675	0.00715	0.00227	0.00918	0.00642	0.00333	0.00936
10	0.01345	0.01266	0.02136	0.73264	0.04904	0.01582	0.01978	0.01819	0.01424	0.01819	0.01266	0.01898	0.00949	0.00712	0.00712	0.00237	0.00949	0.00633	0.00316	0.00791
11	0.03195	0.01212	0.01652	0.01267	0.01818	0.01047	0.01047	0.03470	0.02038	0.71026	0.02809	0.02424	0.01763	0.00881	0.00716	0.00220	0.00606	0.00716	0.00881	0.01212
12	0.02923	0.01152	0.01565	0.01221	0.01724	0.01000	0.01000	0.03206	0.02035	0.62549	0.11184	0.02784	0.02379	0.00953	0.00731	0.00221	0.00572	0.00787	0.00869	0.01145
13	0.01529	0.23404	0.42316	0.01703	0.02488	0.01927	0.02007	0.02098	0.01479	0.02068	0.04232	0.04465	0.01308	0.00788	0.00733	0.00213	0.05360	0.00583	0.00337	0.00962
14	0.00862	0.00642	0.00804	0.00933	0.01018	0.00583	0.00635	0.00998	0.01419	0.01841	0.04632	0.59959	0.18804	0.02139	0.00894	0.00279	0.00402	0.01912	0.00661	0.00583
15	0.03113	0.01344	0.01734	0.01329	0.01884	0.01242	0.01098	0.14367	0.02259	0.59818	0.02624	0.02303	0.01670	0.00877	0.00715	0.00219	0.00636	0.00703	0.00853	0.01212
16	0.01828	0.63956	0.14514	0.01348	0.02028	0.02632	0.01444	0.02152	0.01456	0.01768	0.01036	0.01200	0.00912	0.00620	0.00492	0.00164	0.00808	0.00404	0.00304	0.00936
17	0.01642	0.01530	0.02573	0.07486	0.56078	0.01547	0.02009	0.02053	0.01614	0.02269	0.01724	0.02770	0.01593	0.00851	0.00750	0.00231	0.00821	0.11026	0.00399	0.01035
18	0.02707	0.01995	0.02137	0.01638	0.02208	0.02208	0.01353	0.68159	0.03348	0.04488	0.01710	0.01710	0.01211	0.00855	0.00712	0.00214	0.00784	0.00641	0.00712	0.01211
19	0.03169	0.01253	0.01678	0.01286	0.01838	0.01107	0.01063	0.06854	0.02107	0.67546	0.02752	0.02386	0.01734	0.00880	0.00716	0.00220	0.00615	0.00712	0.00872	0.01212
20	0.80005	0.01377	0.01047	0.00936	0.01377	0.01597	0.00771	0.02093	0.01212	0.03195	0.00991	0.01157	0.00771	0.00661	0.00441	0.00220	0.00551	0.00386	0.00441	0.00771
21	0.01019	0.00680	0.00786	0.00810	0.00828	0.00671	0.00478	0.01061	0.01136	0.01543	0.04803	0.15479	0.03031	0.58573	0.02998	0.00594	0.00623	0.01185	0.03232	0.00471
22	0.01850	0.01569	0.01655	0.01465	0.01882	0.01808	0.01146	0.09225	0.63677	0.03106	0.02798	0.02577	0.02092	0.00957	0.00724	0.00239	0.00582	0.00791	0.00724	0.01134
23	0.02853	0.01760	0.01992	0.01527	0.02091	0.01860	0.01261	0.48762	0.02955	0.24440	0.02039	0.01924	0.01376	0.00863	0.00713	0.00216	0.00730	0.00664	0.00763	0.01211
24	0.01477	0.01266	0.01477	0.01055	0.01687	0.00949	0.00844	0.01793	0.01477	0.02320	0.01266	0.01477	0.01055	0.00527	0.00527	0.00105	0.00527	0.00422	0.00422	0.79328
25	0.01558	0.01558	0.02181	0.01869	0.01869	0.02181	0.01558	0.01714	0.01091	0.01714	0.00935	0.01558	0.00935	0.01246	0.02337	0.00312	0.73672	0.00623	0.00312	0.00779
26	0.01477	0.01266	0.01477	0.01055	0.01687	0.00949	0.00844	0.01793	0.01477	0.02320	0.01266	0.01477	0.01055	0.00527	0.00527	0.00105	0.00527	0.00422	0.00422	0.79328
27	0.02660	0.03394	0.02018	0.01834	0.02201	0.72116	0.01376	0.02843	0.02018	0.01743	0.01101	0.01284	0.00917	0.00734	0.00642	0.00183	0.01284	0.00459	0.00367	0.00825
28	0.01033	0.00696	0.00805	0.00801	0.00818	0.00699	0.00468	0.01066	0.01102	0.01485	0.06457	0.04613	0.02808	0.67107	0.06688	0.00683	0.00726	0.01038	0.00451	0.00456
29	0.80005	0.01377	0.01047	0.00936	0.01377	0.01597	0.00771	0.02093	0.01212	0.03195	0.00991	0.01157	0.00771	0.00661	0.00441	0.00220	0.00551	0.00386	0.00441	0.00771
30	0.01327	0.00664	0.00664	0.00664	0.00830	0.00664	0.00498	0.01659	0.01493	0.02655	0.02323	0.02655	0.01825	0.00830	0.00498	0.00166	0.00332	0.00664	0.78928	0.00664
31	0.00977	0.00714	0.00918	0.00895	0.01052	0.00655	0.00660	0.01274	0.01902	0.02652	0.56888	0.14236	0.11354	0.01581	0.00849	0.00234	0.00348	0.01398	0.00759	0.00655
32	0.00852	0.00722	0.00736	0.00732	0.00968	0.00606	0.00549	0.01042	0.01647	0.01982	0.11133	0.06757	0.66288	0.01782	0.00841	0.00239	0.00359	0.01489	0.00669	0.00606
33	0.02537	0.01293	0.04889	0.01272	0.01758	0.01115	0.01072	0.03092	0.11659	0.46570	0.11771	0.05138	0.02537	0.01004	0.00738	0.00226	0.00579	0.00838	0.00811	0.01099
34	0.01859	0.01483	0.01636	0.01425	0.01806	0.01689	0.01124	0.11481	0.46183	0.06370	0.10306	0.02768	0.02481	0.01020	0.00827	0.00239	0.04695	0.00825	0.00714	0.01070

[dist]
# distance from previous block
# <min> <max>
0	7

[block]
# block no. 1 follows, 29 sequences, length 55
# corresponding to MSA columns:
# 95-149
name=unknown_B
#
# <colnr> <probs for GDERKNQSTAVLIFYWHMCP>
#	G	D	E	R	K	N	Q	S	T	A	V	L	I	F	Y	W	H	M	C	P
0	0.62384	0.01391	0.01243	0.07332	0.01755	0.01600	0.00928	0.07250	0.01446	0.05283	0.03142	0.01426	0.01025	0.00711	0.00506	0.00221	0.00599	0.00464	0.00475	0.00818
1	0.01804	0.14294	0.06256	0.08426	0.22108	0.11138	0.01630	0.02453	0.13525	0.02212	0.05191	0.01932	0.01513	0.00779	0.00730	0.00211	0.03762	0.00627	0.00427	0.00981
2	0.00998	0.00727	0.00939	0.00886	0.01058	0.00668	0.00664	0.01326	0.01993	0.02803	0.66590	0.05406	0.10319	0.01475	0.00840	0.00225	0.00337	0.01300	0.00777	0.00668
3	0.02395	0.01054	0.01409	0.01144	0.01558	0.00938	0.00919	0.02743	0.04031	0.45394	0.26134	0.03433	0.03491	0.01083	0.00759	0.00222	0.00511	0.00917	0.00843	0.01022
4	0.80005	0.01377	0.01047	0.00936	0.01377	0.01597	0.00771	0.02093	0.01212	0.03195	0.00991	0.01157	0.00771	0.00661	0.00441	0.00220	0.00551	0.00386	0.00441	0.00771
5	0.01428	0.03683	0.71286	0.02030	0.03082	0.01654	0.02631	0.02255	0.01503	0.02255	0.01278	0.01503	0.00902	0.00677	0.00677	0.00226	0.01052	0.00526	0.00301	0.01052
6	0.80005	0.01377	0.01047	0.00936	0.01377	0.01597	0.00771	0.02093	0.01212	0.03195	0.00991	0.01157	0.00771	0.00661	0.00441	0.00220	0.00551	0.00386	0.00441	0.00771
7	0.01020	0.00751	0.01086	0.01086	0.01193	0.00858	0.00817	0.01234	0.01127	0.01610	0.01961	0.03093	0.01908	0.16382	0.61287	0.01072	0.01714	0.00806	0.00389	0.00603
8	0.00868	0.00620	0.00826	0.00991	0.01033	0.00578	0.00661	0.00991	0.01363	0.01818	0.03925	0.74510	0.04710	0.02231	0.00909	0.00289	0.00413	0.02024	0.00661	0.00578
9	0.01042	0.00799	0.01191	0.01177	0.01298	0.00948	0.00920	0.01291	0.01142	0.01656	0.01864	0.02742	0.01742	0.05156	0.69011	0.01107	0.05138	0.00757	0.00378	0.00642
10	0.09325	0.01225	0.01604	0.01241	0.01783	0.01091	0.01025	0.03360	0.01972	0.65613	0.02664	0.02323	0.01684	0.00864	0.00694	0.00220	0.00602	0.00690	0.00846	0.01177
11	0.01636	0.02231	0.16010	0.02830	0.03609	0.01775	0.56450	0.02276	0.01649	0.02276	0.01412	0.01847	0.01049	0.00614	0.00811	0.00238	0.01174	0.00785	0.00350	0.00977
12	0.80005	0.01377	0.01047	0.00936	0.01377	0.01597	0.00771	0.02093	0.01212	0.03195	0.00991	0.01157	0.00771	0.00661	0.00441	0.00220	0.00551	0.00386	0.00441	0.00771
13	0.01771	0.01530	0.01610	0.01449	0.01852	0.01771	0.01127	0.03784	0.69247	0.02979	0.02898	0.02657	0.02174	0.00966	0.00725	0.00242	0.00564	0.00805	0.00725	0.01127
14	0.01590	0.01591	0.07689	0.02947	0.39776	0.01421	0.01701	0.02141	0.07981	0.05109	0.06778	0.02942	0.13410	0.00929	0.00737	0.00221	0.00712	0.00834	0.00484	0.01007
15	0.01731	0.01373	0.01583	0.01151	0.01771	0.01143	0.00929	0.11858	0.01781	0.05411	0.01395	0.01550	0.01107	0.00591	0.00563	0.00126	0.00569	0.00467	0.00484	0.64418
16	0.03195	0.01212	0.01652	0.01267	0.01818	0.01047	0.01047	0.03470	0.02038	0.71026	0.02809	0.02424	0.01763	0.00881	0.00716	0.00220	0.00606	0.00716	0.00881	0.01212
17	0.01428	0.03683	0.71286	0.02030	0.03082	0.01654	0.02631	0.02255	0.01503	0.02255	0.01278	0.01503	0.00902	0.00677	0.00677	0.00226	0.01052	0.00526	0.00301	0.01052
18	0.03283	0.00779	0.01011	0.00962	0.01155	0.00720	0.00717	0.01541	0.01855	0.10802	0.45836	0.19976	0.05532	0.01536	0.00830	0.00238	0.00391	0.01357	0.00760	0.00719
19	0.01455	0.01551	0.03234	0.02430	0.02958	0.01455	0.48444	0.01925	0.01599	0.02158	0.02156	0.20547	0.02111	0.01064	0.00863	0.00256	0.00981	0.03516	0.00447	0.00852
20	0.03195	0.01212	0.01652	0.01267	0.01818	0.01047	0.01047	0.03470	0.02038	0.71026	0.02809	0.02424	0.01763	0.00881	0.00716	0.00220	0.00606	0.00716	0.00881	0.01212
21	0.01112	0.00751	0.00985	0.00914	0.01100	0.00690	0.00690	0.01445	0.02017	0.06115	0.66937	0.05181	0.06482	0.01428	0.00834	0.00224	0.00349	0.01260	0.00789	0.00698
22	0.01487	0.06306	0.59266	0.02042	0.03013	0.01719	0.07702	0.02339	0.05355	0.02275	0.01371	0.01588	0.00989	0.00684	0.00683	0.00225	0.01025	0.00561	0.00330	0.01044
23	0.03167	0.01256	0.01680	0.01288	0.01840	0.01112	0.01064	0.07136	0.02112	0.67255	0.02747	0.02383	0.01731	0.00880	0.00716	0.00220	0.00616	0.00712	0.00872	0.01212
24	0.05705	0.01217	0.01633	0.01256	0.01803	0.01065	0.01038	0.03425	0.02011	0.68810	0.02750	0.02382	0.01730	0.00874	0.00707	0.00220	0.00604	0.00705	0.00867	0.01197
25	0.74836	0.01378	0.01074	0.00953	0.01390	0.01591	0.00784	0.04452	0.01297	0.03225	0.01058	0.01222	0.00819	0.00673	0.00452	0.00218	0.00553	0.00403	0.02838	0.00784
26	0.01577	0.03406	0.60359	0.01934	0.02884	0.04980	0.02393	0.04445	0.01628	0.04844	0.04088	0.01686	0.01176	0.00724	0.00684	0.00223	0.01010	0.00564	0.00358	0.01037
27	0.04148	0.01067	0.01674	0.28095	0.02719	0.01194	0.07003	0.03498	0.01367	0.01885	0.01857	0.11332	0.01814	0.14047	0.07011	0.06050	0.00875	0.00891	0.02795	0.00680
28	0.01684	0.01008	0.01045	0.00916	0.01186	0.01063	0.00719	0.18858	0.01973	0.03129	0.02164	0.02410	0.01666	0.00836	0.00553	0.00178	0.00449	0.00658	0.58699	0.00805
29	0.01392	0.01314	0.02221	0.65504	0.12296	0.01594	0.02001	0.01861	0.01446	0.01876	0.01274	0.01883	0.00969	0.00703	0.00711	0.00234	0.00938	0.00633	0.00320	0.00829
30	0.70933	0.01356	0.01146	0.04496	0.03663	0.01566	0.00860	0.02044	0.01228	0.03036	0.01061	0.01339	0.00857	0.03382	0.00578	0.00238	0.00584	0.00429	0.00432	0.00771
31	0.09221	0.01346	0.01679	0.01298	0.01843	0.01270	0.01072	0.13342	0.02175	0.55372	0.02495	0.02213	0.01599	0.00860	0.00694	0.00219	0.00629	0.00678	0.00820	0.01177
32	0.01771	0.01530	0.01610	0.01449	0.01852	0.01771	0.01127	0.03784	0.69247	0.02979	0.02898	0.02657	0.02174	0.00966	0.00725	0.00242	0.00564	0.00805	0.00725	0.01127
33	0.03195	0.01212	0.01652	0.01267	0.01818	0.01047	0.01047	0.03470	0.02038	0.71026	0.02809	0.02424	0.01763	0.00881	0.00716	0.00220	0.00606	0.00716	0.00881	0.01212
34	0.01019	0.00755	0.01103	0.01103	0.01216	0.00868	0.00839	0.01245	0.01132	0.01623	0.01945	0.03005	0.01870	0.13099	0.64518	0.01094	0.01772	0.00793	0.00387	0.00613
35	0.00892	0.00638	0.00848	0.00975	0.01038	0.00594	0.00663	0.01052	0.01475	0.01996	0.15284	0.62644	0.05054	0.02098	0.00897	0.00278	0.00400	0.01898	0.00682	0.00594
36	0.02660	0.03394	0.02018	0.01834	0.02201	0.72116	0.01376	0.02843	0.02018	0.01743	0.01101	0.01284	0.00917	0.00734	0.00642	0.00183	0.01284	0.00459	0.00367	0.00825
37	0.01107	0.00791	0.01101	0.01266	0.01412	0.00785	0.01078	0.01406	0.01600	0.02086	0.03792	0.17547	0.04186	0.02005	0.00973	0.00322	0.00621	0.56621	0.00656	0.00645
38	0.01428	0.03683	0.71286	0.02030	0.03082	0.01654	0.02631	0.02255	0.01503	0.02255	0.01278	0.01503	0.00902	0.00677	0.00677	0.00226	0.01052	0.00526	0.00301	0.01052
39	0.01612	0.01346	0.01549	0.01119	0.01745	0.01087	0.00900	0.09081	0.01682	0.02558	0.01314	0.01502	0.01072	0.00563	0.00548	0.00117	0.00555	0.00446	0.00454	0.70750
40	0.69684	0.01535	0.01186	0.01041	0.01488	0.05431	0.00850	0.07406	0.01426	0.03220	0.01055	0.01208	0.00814	0.00680	0.00473	0.00218	0.00609	0.00410	0.00458	0.00809
41	0.01885	0.71440	0.03648	0.01253	0.01830	0.02783	0.01237	0.02110	0.01428	0.01677	0.00987	0.01165	0.00915	0.00643	0.00558	0.00161	0.04675	0.00394	0.00305	0.00907
42	0.01421	0.00775	0.00807	0.00767	0.00963	0.00799	0.00587	0.06946	0.01623	0.02747	0.02252	0.02587	0.01774	0.01074	0.04361	0.00222	0.00452	0.00667	0.68470	0.00706
43	0.01546	0.08170	0.02192	0.01698	0.01806	0.02054	0.01422	0.01719	0.01168	0.01764	0.01127	0.05429	0.01145	0.01184	0.01946	0.00280	0.57301	0.00660	0.00339	0.07049
44	0.60109	0.01419	0.01197	0.01031	0.01470	0.01619	0.00846	0.13209	0.01597	0.03366	0.01229	0.01380	0.00937	0.00708	0.00491	0.00214	0.00571	0.00453	0.07316	0.00836
45	0.01927	0.68515	0.06331	0.01285	0.01899	0.06647	0.01284	0.02177	0.01481	0.01702	0.01008	0.01165	0.00914	0.00619	0.00476	0.00157	0.00802	0.00391	0.00308	0.00914
46	0.01976	0.04105	0.02278	0.05702	0.02252	0.13991	0.05051	0.14689	0.03866	0.02322	0.01219	0.01600	0.01031	0.00994	0.01467	0.00257	0.35285	0.00609	0.00413	0.00894
47	0.02206	0.01744	0.01816	0.01521	0.01990	0.04222	0.01213	0.26980	0.40016	0.06737	0.02405	0.02258	0.01765	0.00914	0.00717	0.00229	0.00669	0.00730	0.00716	0.01151
48	0.03195	0.01212	0.01652	0.01267	0.01818	0.01047	0.01047	0.03470	0.02038	0.71026	0.02809	0.02424	0.01763	0.00881	0.00716	0.00220	0.00606	0.00716	0.00881	0.01212
49	0.00995	0.00718	0.00940	0.00904	0.01061	0.00663	0.00671	0.01312	0.01957	0.02762	0.64161	0.11584	0.06537	0.01526	0.00846	0.00230	0.00343	0.01354	0.00773	0.00663
50	0.02746	0.01932	0.02098	0.01609	0.02177	0.02116	0.01329	0.62996	0.03243	0.09798	0.01797	0.01767	0.01255	0.00857	0.00713	0.00214	0.00769	0.00647	0.00726	0.01211
51	0.03157	0.01272	0.01690	0.01295	0.01848	0.01136	0.01070	0.08433	0.02139	0.65922	0.02725	0.02369	0.01720	0.00879	0.00716	0.00220	0.00620	0.00710	0.00868	0.01212
52	0.00891	0.00637	0.00831	0.00977	0.01028	0.00598	0.00658	0.01016	0.01359	0.01800	0.03917	0.63627	0.07133	0.07941	0.01123	0.00320	0.00443	0.04489	0.00643	0.00571
53	0.00946	0.00720	0.00870	0.00844	0.01029	0.00644	0.00629	0.01219	0.01851	0.02493	0.45880	0.09740	0.27318	0.01613	0.00844	0.00233	0.00348	0.01400	0.00737	0.00644
54	0.01691	0.01928	0.06291	0.03300	0.19961	0.01769	0.49595	0.02257	0.01660	0.02291	0.01410	0.01867	0.01086	0.00611	0.00801	0.00233	0.01109	0.00779	0.00356	0.01004

[dist]
# distance from previous block
# <min> <max>
0	34

[block]
# block no. 2 follows, 29 sequences, length 120
# corresponding to MSA columns:
# 184-303
name=unknown_C
#
# <colnr> <probs for GDERKNQSTAVLIFYWHMCP>
#	G	D	E	R	K	N	Q	S	T	A	V	L	I	F	Y	W	H	M	C	P
0	0.15107	0.01237	0.01559	0.01216	0.01749	0.01132	0.01004	0.03257	0.01910	0.60507	0.02527	0.02227	0.01609	0.00847	0.00673	0.00220	0.00597	0.00665	0.00813	0.01143
1	0.77584	0.01448	0.03210	0.00970	0.01430	0.01599	0.00828	0.02098	0.01221	0.03166	0.01000	0.01167	0.00775	0.00661	0.00448	0.00220	0.00566	0.00390	0.00436	0.00780
2	0.00870	0.00722	0.00761	0.00751	0.00979	0.00613	0.00563	0.01077	0.01690	0.02082	0.17922	0.06592	0.59437	0.01744	0.00841	0.00238	0.00356	0.01466	0.00682	0.00613
3	0.06934	0.04164	0.13231	0.02037	0.13544	0.01868	0.01583	0.19214	0.24261	0.03106	0.01903	0.01945	0.01427	0.00806	0.00685	0.00223	0.00749	0.00652	0.00561	0.01107
4	0.01345	0.01266	0.02136	0.73264	0.04904	0.01582	0.01978	0.01819	0.01424	0.01819	0.01266	0.01898	0.00949	0.00712	0.00712	0.00237	0.00949	0.00633	0.00316	0.00791
5	0.01234	0.00778	0.01024	0.00934	0.01142	0.00711	0.00711	0.01563	0.02018	0.09897	0.63201	0.05020	0.06207	0.01396	0.00827	0.00224	0.00364	0.01229	0.00794	0.00728
6	0.01008	0.00728	0.00952	0.00896	0.01064	0.00672	0.00672	0.01344	0.02016	0.02855	0.70158	0.05319	0.06719	0.01456	0.00840	0.00224	0.00336	0.01288	0.00784	0.00672
7	0.00940	0.00725	0.00858	0.00825	0.01022	0.00643	0.00619	0.01213	0.01856	0.02476	0.44556	0.05943	0.32557	0.01597	0.00841	0.00231	0.00346	0.01375	0.00734	0.00643
8	0.80005	0.01377	0.01047	0.00936	0.01377	0.01597	0.00771	0.02093	0.01212	0.03195	0.00991	0.01157	0.00771	0.00661	0.00441	0.00220	0.00551	0.00386	0.00441	0.00771
9	0.00914	0.00731	0.00830	0.00887	0.01086	0.00648	0.00692	0.01120	0.01595	0.01957	0.06039	0.15343	0.47399	0.01892	0.00882	0.00266	0.00433	0.16015	0.00660	0.00611
10	0.01345	0.01266	0.02136	0.73264	0.04904	0.01582	0.01978	0.01819	0.01424	0.01819	0.01266	0.01898	0.00949	0.00712	0.00712	0.00237	0.00949	0.00633	0.00316	0.00791
11	0.01666	0.01738	0.02165	0.01866	0.01902	0.09033	0.01540	0.01824	0.01181	0.01717	0.00951	0.01531	0.00933	0.01196	0.02171	0.00299	0.66579	0.00607	0.00317	0.00783
12	0.01477	0.01266	0.01477	0.01055	0.01687	0.00949	0.00844	0.01793	0.01477	0.02320	0.01266	0.01477	0.01055	0.00527	0.00527	0.00105	0.00527	0.00422	0.00422	0.79328
13	0.00974	0.00700	0.00902	0.01029	0.01101	0.00673	0.00701	0.04892	0.01479	0.01973	0.03796	0.70283	0.04506	0.02151	0.00897	0.00285	0.00435	0.01944	0.00664	0.00615
14	0.01679	0.01860	0.03921	0.06098	0.13736	0.01775	0.55423	0.02248	0.01661	0.02269	0.01418	0.01896	0.01082	0.00610	0.00815	0.00236	0.01137	0.00801	0.00357	0.00978
15	0.01558	0.01558	0.02181	0.01869	0.01869	0.02181	0.01558	0.01714	0.01091	0.01714	0.00935	0.01558	0.00935	0.01246	0.02337	0.00312	0.73672	0.00623	0.00312	0.00779
16	0.00875	0.00623	0.00824	0.00982	0.01022	0.00583	0.00651	0.00993	0.01349	0.01799	0.03854	0.71566	0.04620	0.05297	0.01023	0.00306	0.00425	0.01983	0.00651	0.00572
17	0.01369	0.01313	0.02285	0.68191	0.04819	0.01598	0.06740	0.01853	0.01442	0.01853	0.01278	0.01900	0.00959	0.00704	0.00721	0.00238	0.00967	0.00648	0.00320	0.00803
18	0.77125	0.01400	0.01087	0.00963	0.01408	0.01620	0.00793	0.04554	0.01291	0.03243	0.01018	0.01177	0.00788	0.00668	0.00451	0.00220	0.00559	0.00395	0.00451	0.00788
19	0.02520	0.02727	0.02179	0.01998	0.07150	0.42680	0.03726	0.16687	0.02203	0.04827	0.01309	0.01489	0.01032	0.00786	0.00780	0.00203	0.05762	0.00543	0.00454	0.00945
20	0.03149	0.01286	0.01698	0.01302	0.01854	0.01156	0.01075	0.09560	0.02161	0.64763	0.02706	0.02356	0.01711	0.00879	0.00716	0.00220	0.00623	0.00709	0.00865	0.01212
21	0.00892	0.00719	0.00793	0.00783	0.00995	0.00621	0.00584	0.01116	0.01729	0.02195	0.25666	0.08921	0.49057	0.01717	0.00844	0.00237	0.00355	0.01459	0.00697	0.00621
22	0.01441	0.01410	0.02371	0.47916	0.06941	0.01740	0.08043	0.01855	0.01382	0.01861	0.01212	0.01819	0.00966	0.00817	0.01084	0.00253	0.17101	0.00650	0.00321	0.00819
23	0.02740	0.01708	0.14877	0.01427	0.02061	0.01223	0.01354	0.03266	0.07582	0.52247	0.02526	0.02268	0.01634	0.00850	0.00709	0.00223	0.00687	0.00687	0.00758	0.01174
24	0.00910	0.00643	0.00843	0.00987	0.01032	0.00610	0.00666	0.01032	0.01341	0.01784	0.03695	0.60599	0.04389	0.11684	0.01268	0.00344	0.00467	0.06512	0.00631	0.00565
25	0.01360	0.01281	0.02164	0.70715	0.07332	0.01586	0.01985	0.01833	0.01431	0.01838	0.01268	0.01893	0.00956	0.00709	0.00712	0.00236	0.00945	0.00633	0.00318	0.00803
26	0.05867	0.02075	0.02083	0.01624	0.02174	0.07488	0.01331	0.60499	0.03160	0.04226	0.01634	0.01655	0.01171	0.00838	0.00696	0.00212	0.00812	0.00617	0.00675	0.01164
27	0.01549	0.02674	0.34435	0.02408	0.03183	0.01785	0.29383	0.02193	0.01521	0.02193	0.01299	0.01683	0.00980	0.00721	0.00966	0.00243	0.10811	0.00668	0.00327	0.00978
28	0.80005	0.01377	0.01047	0.00936	0.01377	0.01597	0.00771	0.02093	0.01212	0.03195	0.00991	0.01157	0.00771	0.00661	0.00441	0.00220	0.00551	0.00386	0.00441	0.00771
29	0.00887	0.00653	0.00832	0.00936	0.01027	0.00597	0.00645	0.01055	0.01511	0.02007	0.15461	0.52966	0.14732	0.02038	0.00887	0.00271	0.00392	0.01824	0.00682	0.00597
30	0.01563	0.02044	0.13712	0.04876	0.03385	0.01688	0.48524	0.02140	0.01600	0.02206	0.01592	0.07651	0.01335	0.00768	0.00869	0.00244	0.03623	0.00874	0.00372	0.00932
31	0.01008	0.00728	0.00952	0.00896	0.01064	0.00672	0.00672	0.01344	0.02016	0.02855	0.70158	0.05319	0.06719	0.01456	0.00840	0.00224	0.00336	0.01288	0.00784	0.00672
32	0.01976	0.57127	0.06165	0.01378	0.01937	0.10981	0.01321	0.04077	0.01549	0.01790	0.01032	0.01216	0.00924	0.00674	0.00613	0.00171	0.05418	0.00419	0.00324	0.00909
33	0.01002	0.00723	0.00947	0.00900	0.01062	0.00668	0.00671	0.01329	0.01988	0.02812	0.67366	0.08235	0.06634	0.01488	0.00843	0.00227	0.00339	0.01319	0.00779	0.00668
34	0.00874	0.00623	0.00824	0.00983	0.01022	0.00583	0.00652	0.00993	0.01350	0.01800	0.03856	0.71651	0.04623	0.05209	0.01020	0.00306	0.00424	0.01984	0.00652	0.00572
35	0.77441	0.01372	0.01067	0.00947	0.01392	0.01579	0.00780	0.02139	0.01239	0.05459	0.01052	0.01199	0.00804	0.00668	0.00450	0.00220	0.00553	0.00397	0.00455	0.00786
36	0.01428	0.03683	0.71286	0.02030	0.03082	0.01654	0.02631	0.02255	0.01503	0.02255	0.01278	0.01503	0.00902	0.00677	0.00677	0.00226	0.01052	0.00526	0.00301	0.01052
37	0.01883	0.72321	0.06635	0.01253	0.01882	0.02768	0.01279	0.02137	0.01449	0.01700	0.01002	0.01158	0.00913	0.00612	0.00466	0.00155	0.00774	0.00387	0.00304	0.00920
38	0.01155	0.00791	0.00990	0.01057	0.01180	0.00784	0.00747	0.01527	0.09754	0.05962	0.05866	0.46824	0.04019	0.10145	0.01183	0.00325	0.00487	0.05869	0.00660	0.00674
39	0.01717	0.02056	0.09133	0.05264	0.10853	0.06260	0.38287	0.02360	0.06820	0.02244	0.01461	0.01855	0.01129	0.00700	0.00900	0.00238	0.06636	0.00740	0.00377	0.00971
40	0.10820	0.02042	0.01933	0.01546	0.02056	0.10996	0.01255	0.48086	0.05200	0.03879	0.01620	0.01665	0.01183	0.00822	0.00667	0.00210	0.00798	0.00597	0.03533	0.01092
41	0.01757	0.05979	0.02808	0.06938	0.58909	0.04161	0.02039	0.02160	0.01630	0.02265	0.03727	0.01841	0.01297	0.00669	0.00693	0.00209	0.00843	0.00637	0.00364	0.01074
42	0.01313	0.00951	0.01087	0.01017	0.01280	0.00937	0.00771	0.04187	0.15117	0.07649	0.21021	0.13922	0.24956	0.01505	0.00813	0.00240	0.00435	0.01290	0.00722	0.00787
43	0.00963	0.00752	0.00855	0.00855	0.01049	0.00678	0.00634	0.03287	0.01714	0.02202	0.21300	0.16285	0.38431	0.04331	0.00950	0.00262	0.00398	0.03742	0.00684	0.00630
44	0.01428	0.03683	0.71286	0.02030	0.03082	0.01654	0.02631	0.02255	0.01503	0.02255	0.01278	0.01503	0.00902	0.00677	0.00677	0.00226	0.01052	0.00526	0.00301	0.01052
45	0.01586	0.27445	0.48904	0.01761	0.02666	0.02039	0.02163	0.02214	0.01485	0.02063	0.01182	0.01384	0.00906	0.00654	0.00604	0.00201	0.00956	0.00478	0.00302	0.01006
46	0.03126	0.01192	0.01616	0.01245	0.01781	0.01032	0.01026	0.03403	0.02018	0.68497	0.02791	0.02432	0.01765	0.00879	0.00708	0.00218	0.00596	0.00714	0.03769	0.01192
47	0.01216	0.01124	0.01936	0.34416	0.03210	0.01229	0.11366	0.01589	0.01495	0.01960	0.06724	0.22064	0.06297	0.01216	0.00800	0.00251	0.00769	0.01132	0.00466	0.00741
48	0.01762	0.01692	0.02890	0.04371	0.70533	0.01692	0.02185	0.02185	0.01621	0.02326	0.01339	0.01762	0.01128	0.00634	0.00705	0.00211	0.00846	0.00634	0.00352	0.01128
49	0.02520	0.01899	0.07265	0.01541	0.02123	0.01855	0.01339	0.44076	0.07080	0.14039	0.01920	0.01885	0.01346	0.00837	0.00695	0.00211	0.00737	0.00645	0.03447	0.04538
50	0.01327	0.00664	0.00664	0.00664	0.00830	0.00664	0.00498	0.01659	0.01493	0.02655	0.02323	0.02655	0.01825	0.00830	0.00498	0.00166	0.00332	0.00664	0.78928	0.00664
51	0.00887	0.00646	0.00880	0.03950	0.01191	0.00619	0.00715	0.01025	0.01366	0.01818	0.03816	0.71538	0.04556	0.02169	0.00901	0.00287	0.00435	0.01967	0.00647	0.00587
52	0.00886	0.00641	0.00815	0.00939	0.01002	0.00595	0.00627	0.01011	0.01382	0.01823	0.06436	0.58203	0.11461	0.09205	0.01162	0.00321	0.00432	0.01848	0.00643	0.00570
53	0.01008	0.00728	0.00952	0.00896	0.01064	0.00672	0.00672	0.01344	0.02016	0.02855	0.70158	0.05319	0.06719	0.01456	0.00840	0.00224	0.00336	0.01288	0.00784	0.00672
54	0.02660	0.03394	0.02018	0.01834	0.02201	0.72116	0.01376	0.02843	0.02018	0.01743	0.01101	0.01284	0.00917	0.00734	0.00642	0.00183	0.01284	0.00459	0.00367	0.00825
55	0.03041	0.01173	0.01598	0.01249	0.01766	0.01016	0.01021	0.03307	0.01994	0.66456	0.02883	0.07184	0.01957	0.00970	0.00729	0.00225	0.00593	0.00802	0.00867	0.01170
56	0.01477	0.01266	0.01477	0.01055	0.01687	0.00949	0.00844	0.01793	0.01477	0.02320	0.01266	0.01477	0.01055	0.00527	0.00527	0.00105	0.00527	0.00422	0.00422	0.79328
57	0.00872	0.00625	0.00821	0.00976	0.01022	0.00583	0.00650	0.00994	0.01361	0.01807	0.03978	0.70100	0.06766	0.04526	0.00993	0.00300	0.00420	0.01976	0.00654	0.00574
58	0.00871	0.00692	0.00783	0.00824	0.00996	0.00604	0.00594	0.01055	0.01598	0.02014	0.14470	0.26671	0.42549	0.01884	0.00861	0.00253	0.00373	0.01629	0.00677	0.00604
59	0.01255	0.00992	0.01359	0.01257	0.01354	0.01239	0.01005	0.01500	0.01253	0.01958	0.05651	0.02519	0.01808	0.02840	0.30363	0.00615	0.24284	0.00728	0.17329	0.00689
60	0.01380	0.01301	0.02199	0.67483	0.10411	0.01591	0.01995	0.01850	0.01440	0.01862	0.01272	0.01887	0.00964	0.00705	0.00711	0.00235	0.00941	0.00633	0.00319	0.00819
61	0.03178	0.01239	0.01670	0.01280	0.01831	0.01087	0.01057	0.05744	0.02084	0.68687	0.02771	0.02399	0.01743	0.00880	0.00716	0.00220	0.00612	0.00713	0.00875	0.01212
62	0.02758	0.01281	0.01551	0.01237	0.01715	0.03337	0.01005	0.08029	0.07140	0.48661	0.02609	0.02387	0.01736	0.00874	0.00682	0.00212	0.00596	0.00701	0.12377	0.01112
63	0.02347	0.01648	0.01753	0.01384	0.01849	0.01806	0.01130	0.50821	0.02864	0.04010	0.01869	0.01956	0.01371	0.00848	0.00656	0.00201	0.00666	0.00647	0.21105	0.01068
64	0.01439	0.01449	0.02713	0.53631	0.04574	0.01643	0.20410	0.01948	0.01496	0.01948	0.01315	0.01905	0.00986	0.00681	0.00748	0.00238	0.01019	0.00691	0.00329	0.00838
65	0.01014	0.00732	0.00960	0.00914	0.01082	0.00678	0.00692	0.01349	0.01999	0.02824	0.67299	0.05436	0.06606	0.01478	0.00846	0.00228	0.00350	0.04063	0.00778	0.00671
66	0.01477	0.01266	0.01477	0.01055	0.01687	0.00949	0.00844	0.01793	0.01477	0.02320	0.01266	0.01477	0.01055	0.00527	0.00527	0.00105	0.00527	0.00422	0.00422	0.79328
67	0.01034	0.00698	0.00814	0.00814	0.00827	0.00711	0.00478	0.01059	0.01047	0.01408	0.02210	0.04471	0.02507	0.67933	0.10554	0.00736	0.00813	0.01008	0.00426	0.00452
68	0.02707	0.01995	0.02137	0.01638	0.02208	0.02208	0.01353	0.68159	0.03348	0.04488	0.01710	0.01710	0.01211	0.00855	0.00712	0.00214	0.00784	0.00641	0.00712	0.01211
69	0.00998	0.00724	0.00940	0.00894	0.01060	0.00666	0.00667	0.01321	0.01980	0.02790	0.65873	0.07802	0.08619	0.01494	0.00842	0.00227	0.00339	0.01320	0.00776	0.00666
70	0.00873	0.00622	0.00825	0.00984	0.01024	0.00582	0.00653	0.00993	0.01352	0.01803	0.03867	0.72101	0.04636	0.04740	0.01003	0.00303	0.00423	0.01990	0.00653	0.00573
71	0.01762	0.01692	0.02890	0.04371	0.70533	0.01692	0.02185	0.02185	0.01621	0.02326	0.01339	0.01762	0.01128	0.00634	0.00705	0.00211	0.00846	0.00634	0.00352	0.01128
72	0.01017	0.00763	0.01144	0.01144	0.01272	0.00890	0.00890	0.01272	0.01144	0.01653	0.01907	0.02797	0.01780	0.05340	0.72153	0.01144	0.01907	0.00763	0.00381	0.00636
73	0.03195	0.01212	0.01652	0.01267	0.01818	0.01047	0.01047	0.03470	0.02038	0.71026	0.02809	0.02424	0.01763	0.00881	0.00716	0.00220	0.00606	0.00716	0.00881	0.01212
74	0.01147	0.00820	0.01147	0.01311	0.01475	0.00820	0.01147	0.01475	0.01639	0.02131	0.03770	0.08032	0.04098	0.01967	0.00984	0.00328	0.00656	0.65741	0.00656	0.00656
75	0.01771	0.01530	0.01610	0.01449	0.01852	0.01771	0.01127	0.03784	0.69247	0.02979	0.02898	0.02657	0.02174	0.00966	0.00725	0.00242	0.00564	0.00805	0.00725	0.01127
76	0.00868	0.00620	0.00826	0.00991	0.01033	0.00578	0.00661	0.00991	0.01363	0.01818	0.03925	0.74510	0.04710	0.02231	0.00909	0.00289	0.00413	0.02024	0.00661	0.00578
77	0.01904	0.75404	0.03731	0.01218	0.01828	0.02818	0.01218	0.02132	0.01447	0.01675	0.00990	0.01142	0.00914	0.00609	0.00457	0.00152	0.00761	0.00381	0.00305	0.00914
78	0.80005	0.01377	0.01047	0.00936	0.01377	0.01597	0.00771	0.02093	0.01212	0.03195	0.00991	0.01157	0.00771	0.00661	0.00441	0.00220	0.00551	0.00386	0.00441	0.00771
79	0.01762	0.01692	0.02890	0.04371	0.70533	0.01692	0.02185	0.02185	0.01621	0.02326	0.01339	0.01762	0.01128	0.00634	0.00705	0.00211	0.00846	0.00634	0.00352	0.01128
80	0.00873	0.00749	0.00752	0.00746	0.00992	0.00641	0.00561	0.01117	0.03942	0.01960	0.07065	0.06709	0.67910	0.01775	0.00838	0.00240	0.00368	0.01479	0.00663	0.00619
81	0.03164	0.01262	0.01683	0.01290	0.01843	0.01120	0.01066	0.07577	0.02121	0.66802	0.02739	0.02378	0.01728	0.00880	0.00716	0.00220	0.00617	0.00711	0.00871	0.01212
82	0.02957	0.01235	0.01616	0.01271	0.01791	0.01126	0.01039	0.03453	0.10485	0.60298	0.02805	0.02460	0.01816	0.00890	0.00710	0.00221	0.00592	0.00726	0.03326	0.01184
83	0.02674	0.02061	0.02113	0.01644	0.02196	0.06253	0.01347	0.62268	0.05419	0.04279	0.01713	0.01716	0.01225	0.00851	0.00709	0.00213	0.00805	0.00636	0.00693	0.01186
84	0.02588	0.01933	0.02115	0.05789	0.02350	0.02153	0.01380	0.61594	0.06014	0.04269	0.01734	0.01760	0.01236	0.00851	0.00713	0.00216	0.00784	0.00648	0.00690	0.01183
85	0.80005	0.01377	0.01047	0.00936	0.01377	0.01597	0.00771	0.02093	0.01212	0.03195	0.00991	0.01157	0.00771	0.00661	0.00441	0.00220	0.00551	0.00386	0.00441	0.00771
86	0.01558	0.01558	0.02181	0.01869	0.01869	0.02181	0.01558	0.01714	0.01091	0.01714	0.00935	0.01558	0.00935	0.01246	0.02337	0.00312	0.73672	0.00623	0.00312	0.00779
87	0.03166	0.01257	0.01681	0.01288	0.01840	0.01114	0.01064	0.07226	0.02114	0.67163	0.02745	0.02382	0.01731	0.00880	0.00716	0.00220	0.00616	0.00712	0.00872	0.01212
88	0.02759	0.01521	0.01806	0.01403	0.01917	0.01545	0.01149	0.33185	0.02596	0.33325	0.06144	0.02250	0.01773	0.00970	0.00809	0.03550	0.00673	0.00710	0.00773	0.01142
89	0.01237	0.00618	0.00928	0.00928	0.00928	0.00618	0.00618	0.00928	0.00928	0.01237	0.01237	0.02165	0.01237	0.02474	0.02783	0.79283	0.00618	0.00618	0.00309	0.00309
90	0.00848	0.00722	0.00731	0.00729	0.00966	0.00604	0.00546	0.01035	0.01639	0.01962	0.09805	0.06790	0.67629	0.01789	0.00842	0.00240	0.00360	0.01494	0.00666	0.00604
91	0.02707	0.01995	0.02137	0.01638	0.02208	0.02208	0.01353	0.68159	0.03348	0.04488	0.01710	0.01710	0.01211	0.00855	0.00712	0.00214	0.00784	0.00641	0.00712	0.01211
92	0.02707	0.01995	0.02137	0.01638	0.02208	0.02208	0.01353	0.68159	0.03348	0.04488	0.01710	0.01710	0.01211	0.00855	0.00712	0.00214	0.00784	0.00641	0.00712	0.01211
93	0.01722	0.01688	0.02648	0.13967	0.54155	0.05721	0.02043	0.02135	0.01633	0.02242	0.04273	0.01907	0.01330	0.00687	0.00708	0.00214	0.00864	0.00652	0.00367	0.01042
94	0.01468	0.01392	0.04631	0.02531	0.27234	0.01327	0.06637	0.04770	0.08243	0.02306	0.02470	0.25070	0.02523	0.01256	0.00797	0.00249	0.00704	0.04961	0.00518	0.00915
95	0.02707	0.01995	0.02137	0.01638	0.02208	0.02208	0.01353	0.68159	0.03348	0.04488	0.01710	0.01710	0.01211	0.00855	0.00712	0.00214	0.00784	0.00641	0.00712	0.01211
96	0.01345	0.01266	0.02136	0.73264	0.04904	0.01582	0.01978	0.01819	0.01424	0.01819	0.01266	0.01898	0.00949	0.00712	0.00712	0.00237	0.00949	0.00633	0.00316	0.00791
97	0.05419	0.04651	0.01925	0.01610	0.01998	0.23667	0.04079	0.07894	0.26522	0.02487	0.02023	0.02083	0.03621	0.01050	0.03440	0.00255	0.05127	0.00664	0.00531	0.00955
98	0.01323	0.01244	0.02124	0.64683	0.04556	0.01514	0.04717	0.01776	0.01430	0.01839	0.01478	0.07481	0.01244	0.00824	0.00733	0.00241	0.00919	0.00749	0.00345	0.00782
99	0.01008	0.00728	0.00952	0.00896	0.01064	0.00672	0.00672	0.01344	0.02016	0.02855	0.70158	0.05319	0.06719	0.01456	0.00840	0.00224	0.00336	0.01288	0.00784	0.00672
100	0.01019	0.00683	0.00782	0.00798	0.00803	0.00679	0.00455	0.01031	0.01069	0.01425	0.02414	0.11724	0.02803	0.67619	0.03350	0.00650	0.00662	0.01136	0.00455	0.00446
101	0.01547	0.08369	0.60819	0.01983	0.02970	0.01713	0.05274	0.02300	0.01530	0.05178	0.01331	0.01536	0.00948	0.00677	0.00670	0.00221	0.01020	0.00538	0.00328	0.01046
102	0.00918	0.00656	0.00884	0.01049	0.01113	0.00622	0.00749	0.01079	0.01413	0.01874	0.03897	0.62500	0.04599	0.02183	0.00922	0.00296	0.00457	0.13536	0.00660	0.00592
103	0.01345	0.01266	0.02136	0.73264	0.04904	0.01582	0.01978	0.01819	0.01424	0.01819	0.01266	0.01898	0.00949	0.00712	0.00712	0.00237	0.00949	0.00633	0.00316	0.00791
104	0.76823	0.01402	0.01091	0.00965	0.01411	0.01623	0.00795	0.04813	0.01300	0.03248	0.01021	0.01179	0.00789	0.00669	0.00452	0.00220	0.00560	0.00396	0.00452	0.00789
105	0.05894	0.01272	0.02073	0.69081	0.04700	0.01583	0.01908	0.01835	0.01412	0.01899	0.01250	0.01856	0.00939	0.00709	0.00696	0.00236	0.00926	0.00619	0.00324	0.00790
106	0.02707	0.01995	0.02137	0.01638	0.02208	0.02208	0.01353	0.68159	0.03348	0.04488	0.01710	0.01710	0.01211	0.00855	0.00712	0.00214	0.00784	0.00641	0.00712	0.01211
107	0.01904	0.75404	0.03731	0.01218	0.01828	0.02818	0.01218	0.02132	0.01447	0.01675	0.00990	0.01142	0.00914	0.00609	0.00457	0.00152	0.00761	0.00381	0.00305	0.00914
108	0.03195	0.01212	0.01652	0.01267	0.01818	0.01047	0.01047	0.03470	0.02038	0.71026	0.02809	0.02424	0.01763	0.00881	0.00716	0.00220	0.00606	0.00716	0.00881	0.01212
109	0.00937	0.00725	0.00853	0.00821	0.01020	0.00642	0.00616	0.01206	0.01848	0.02457	0.43264	0.05974	0.33861	0.01604	0.00841	0.00231	0.00347	0.01380	0.00731	0.00642
110	0.00866	0.00722	0.00755	0.00747	0.00977	0.00611	0.00560	0.01068	0.01680	0.02058	0.16293	0.06632	0.61080	0.01753	0.00841	0.00238	0.00357	0.01472	0.00679	0.00611
111	0.01008	0.00728	0.00952	0.00896	0.01064	0.00672	0.00672	0.01344	0.02016	0.02855	0.70158	0.05319	0.06719	0.01456	0.00840	0.00224	0.00336	0.01288	0.00784	0.00672
112	0.80005	0.01377	0.01047	0.00936	0.01377	0.01597	0.00771	0.02093	0.01212	0.03195	0.00991	0.01157	0.00771	0.00661	0.00441	0.00220	0.00551	0.00386	0.00441	0.00771
113	0.80005	0.01377	0.01047	0.00936	0.01377	0.01597	0.00771	0.02093	0.01212	0.03195	0.00991	0.01157	0.00771	0.00661	0.00441	0.00220	0.00551	0.00386	0.00441	0.00771
114	0.02660	0.03394	0.02018	0.01834	0.02201	0.72116	0.01376	0.02843	0.02018	0.01743	0.01101	0.01284	0.00917	0.00734	0.00642	0.00183	0.01284	0.00459	0.00367	0.00825
115	0.01771	0.01530	0.01610	0.01449	0.01852	0.01771	0.01127	0.03784	0.69247	0.02979	0.02898	0.02657	0.02174	0.00966	0.00725	0.00242	0.00564	0.00805	0.00725	0.01127
116	0.01089	0.00748	0.00983	0.00923	0.01104	0.00690	0.00701	0.01423	0.02004	0.05227	0.65513	0.05310	0.06455	0.01453	0.00840	0.00227	0.00356	0.03478	0.00783	0.00690
117	0.01345	0.01266	0.02136	0.73264	0.04904	0.01582	0.01978	0.01819	0.01424	0.01819	0.01266	0.01898	0.00949	0.00712	0.00712	0.00237	0.00949	0.00633	0.00316	0.00791
118	0.01596	0.01639	0.02777	0.36875	0.19945	0.05753	0.17018	0.02070	0.01563	0.02040	0.01313	0.01836	0.01019	0.00669	0.00735	0.00229	0.01002	0.00670	0.00338	0.00911
119	0.01904	0.75404	0.03731	0.01218	0.01828	0.02818	0.01218	0.02132	0.01447	0.01675	0.00990	0.01142	0.00914	0.00609	0.00457	0.00152	0.00761	0.00381	0.00305	0.00914

[dist]
# distance from previous block
# <min> <max>
0	11

[block]
# block no. 3 follows, 29 sequences, length 142
# corresponding to MSA columns:
# 315-456
name=unknown_D
#
# <colnr> <probs for GDERKNQSTAVLIFYWHMCP>
#	G	D	E	R	K	N	Q	S	T	A	V	L	I	F	Y	W	H	M	C	P
0	0.02446	0.23772	0.02503	0.01660	0.02096	0.52505	0.01331	0.02642	0.01856	0.01724	0.01069	0.01244	0.00916	0.00699	0.00590	0.00175	0.01136	0.00437	0.00349	0.00850
1	0.01477	0.01266	0.01477	0.01055	0.01687	0.00949	0.00844	0.01793	0.01477	0.02320	0.01266	0.01477	0.01055	0.00527	0.00527	0.00105	0.00527	0.00422	0.00422	0.79328
2	0.01357	0.01291	0.02214	0.70593	0.04859	0.01590	0.04485	0.01837	0.01434	0.01837	0.01272	0.01899	0.00954	0.00708	0.00717	0.00237	0.00959	0.00641	0.00318	0.00797
3	0.00868	0.00620	0.00826	0.00991	0.01033	0.00578	0.00661	0.00991	0.01363	0.01818	0.03925	0.74510	0.04710	0.02231	0.00909	0.00289	0.00413	0.02024	0.00661	0.00578
4	0.01771	0.01530	0.01610	0.01449	0.01852	0.01771	0.01127	0.03784	0.69247	0.02979	0.02898	0.02657	0.02174	0.00966	0.00725	0.00242	0.00564	0.00805	0.00725	0.01127
5	0.02804	0.01142	0.01542	0.01204	0.01701	0.00987	0.00983	0.03090	0.02013	0.58275	0.12772	0.02819	0.02473	0.00953	0.00727	0.00217	0.00563	0.00790	0.00849	0.04096
6	0.01345	0.01266	0.02136	0.73264	0.04904	0.01582	0.01978	0.01819	0.01424	0.01819	0.01266	0.01898	0.00949	0.00712	0.00712	0.00237	0.00949	0.00633	0.00316	0.00791
7	0.01611	0.01655	0.02283	0.01929	0.01984	0.05115	0.05142	0.01792	0.01162	0.01746	0.00969	0.01566	0.00942	0.01190	0.02184	0.00302	0.66693	0.00628	0.00317	0.00791
8	0.75768	0.01406	0.01217	0.01048	0.01504	0.01608	0.04405	0.02103	0.01237	0.03145	0.01016	0.01198	0.00788	0.00658	0.00462	0.00221	0.00586	0.00410	0.00436	0.00781
9	0.67290	0.01453	0.01488	0.01232	0.01693	0.01644	0.09359	0.02104	0.01267	0.03027	0.01047	0.01268	0.00816	0.00674	0.00558	0.00226	0.03182	0.00452	0.00426	0.00796
10	0.68122	0.05894	0.03668	0.01032	0.01511	0.01708	0.00896	0.05996	0.01362	0.03149	0.01044	0.01200	0.00810	0.00670	0.00466	0.00216	0.00594	0.00405	0.00444	0.00815
11	0.01539	0.01531	0.02146	0.01845	0.01849	0.02137	0.01535	0.01699	0.01092	0.01712	0.00968	0.01600	0.00964	0.01386	0.04719	0.00340	0.71223	0.00628	0.00314	0.00774
12	0.01260	0.00965	0.01175	0.01214	0.01421	0.01004	0.00963	0.05394	0.15493	0.02385	0.08022	0.23725	0.07548	0.01729	0.00879	0.00282	0.00543	0.24555	0.00683	0.00760
13	0.01477	0.01266	0.01477	0.01055	0.01687	0.00949	0.00844	0.01793	0.01477	0.02320	0.01266	0.01477	0.01055	0.00527	0.00527	0.00105	0.00527	0.00422	0.00422	0.79328
14	0.01225	0.01022	0.01431	0.14072	0.02093	0.01086	0.04218	0.01828	0.12591	0.02252	0.11628	0.11798	0.11853	0.01460	0.00844	0.00266	0.00618	0.18346	0.00610	0.00758
15	0.01345	0.01266	0.02136	0.73264	0.04904	0.01582	0.01978	0.01819	0.01424	0.01819	0.01266	0.01898	0.00949	0.00712	0.00712	0.00237	0.00949	0.00633	0.00316	0.00791
16	0.00857	0.00718	0.00746	0.00748	0.00974	0.00606	0.00557	0.01048	0.01646	0.01999	0.12495	0.09579	0.62005	0.01791	0.00844	0.00241	0.00361	0.01506	0.00672	0.00606
17	0.01008	0.00728	0.00952	0.00896	0.01064	0.00672	0.00672	0.01344	0.02016	0.02855	0.70158	0.05319	0.06719	0.01456	0.00840	0.00224	0.00336	0.01288	0.00784	0.00672
18	0.01066	0.00762	0.01051	0.01197	0.01331	0.00747	0.00986	0.01343	0.01601	0.02112	0.09264	0.24473	0.04467	0.01991	0.00953	0.00310	0.00569	0.44473	0.00668	0.00638
19	0.02405	0.01845	0.01967	0.01577	0.02093	0.02067	0.01280	0.47389	0.24610	0.04001	0.02093	0.02015	0.01522	0.00891	0.00716	0.00223	0.00713	0.00694	0.00716	0.01184
20	0.01654	0.01850	0.03953	0.09463	0.06938	0.01776	0.58880	0.02234	0.01655	0.02241	0.01420	0.01911	0.01071	0.00612	0.00822	0.00239	0.01161	0.00812	0.00356	0.00953
21	0.02142	0.01714	0.01819	0.01524	0.01993	0.01944	0.01217	0.29282	0.43145	0.03576	0.02427	0.02282	0.01792	0.00922	0.00720	0.00230	0.00651	0.00740	0.00720	0.01160
22	0.00868	0.00620	0.00826	0.00991	0.01033	0.00578	0.00661	0.00991	0.01363	0.01818	0.03925	0.74510	0.04710	0.02231	0.00909	0.00289	0.00413	0.02024	0.00661	0.00578
23	0.02091	0.57581	0.03307	0.01371	0.01920	0.19969	0.01257	0.02308	0.01588	0.01692	0.01017	0.01177	0.00915	0.00640	0.00503	0.00160	0.00891	0.00400	0.00320	0.00892
24	0.00868	0.00620	0.00826	0.00991	0.01033	0.00578	0.00661	0.00991	0.01363	0.01818	0.03925	0.74510	0.04710	0.02231	0.00909	0.00289	0.00413	0.02024	0.00661	0.00578
25	0.01477	0.01266	0.01477	0.01055	0.01687	0.00949	0.00844	0.01793	0.01477	0.02320	0.01266	0.01477	0.01055	0.00527	0.00527	0.00105	0.00527	0.00422	0.00422	0.79328
26	0.01438	0.03624	0.69258	0.02099	0.05082	0.01655	0.02618	0.02253	0.01507	0.02257	0.01280	0.01511	0.00909	0.00675	0.00677	0.00225	0.01046	0.00529	0.00302	0.01055
27	0.01411	0.04802	0.39178	0.02184	0.13583	0.01487	0.05708	0.02027	0.01620	0.02330	0.12790	0.02466	0.05645	0.00851	0.00719	0.00222	0.00865	0.00733	0.00410	0.00969
28	0.03195	0.01212	0.01652	0.01267	0.01818	0.01047	0.01047	0.03470	0.02038	0.71026	0.02809	0.02424	0.01763	0.00881	0.00716	0.00220	0.00606	0.00716	0.00881	0.01212
