[name]
unknown

[dist]
# distance from previous block
# <min> <max>
0	156

[block]
# block no. 0 follows, 31 sequences, length 9
# corresponding to MSA columns:
# 157-165
name=unknown_A
#
# <colnr> <probs for GDERKNQSTAVLIFYWHMCP>
#	G	D	E	R	K	N	Q	S	T	A	V	L	I	F	Y	W	H	M	C	P
0	0.01244	0.01011	0.01514	0.12350	0.12895	0.01066	0.01353	0.01676	0.05382	0.02065	0.02866	0.08626	0.02973	0.01471	0.00848	0.00279	0.00684	0.40413	0.00541	0.00742
1	0.24213	0.02022	0.01779	0.12467	0.07384	0.22838	0.01298	0.15826	0.01868	0.02651	0.01187	0.01404	0.00918	0.00699	0.00591	0.00202	0.00860	0.00494	0.00431	0.00870
2	0.01406	0.06724	0.02299	0.55831	0.17103	0.01626	0.01885	0.01836	0.01405	0.01830	0.01210	0.01747	0.00942	0.00663	0.00665	0.00217	0.00880	0.00591	0.00310	0.00829
3	0.01654	0.01585	0.02706	0.11095	0.65102	0.01615	0.02080	0.02065	0.01539	0.02187	0.01280	0.01706	0.01067	0.00617	0.00678	0.00206	0.00823	0.00609	0.00335	0.01052
4	0.09970	0.11760	0.01847	0.01224	0.01726	0.01482	0.01031	0.08298	0.07025	0.31467	0.01910	0.01832	0.01340	0.00764	0.00681	0.00193	0.04301	0.00569	0.00615	0.11964
5	0.01898	0.04237	0.06393	0.08677	0.30109	0.10150	0.05612	0.10146	0.01776	0.06227	0.01439	0.01877	0.01169	0.00739	0.00748	0.00212	0.04055	0.03138	0.00412	0.00985
6	0.06045	0.01913	0.09289	0.06971	0.43747	0.08866	0.01877	0.02282	0.05079	0.05455	0.01378	0.01671	0.01094	0.00656	0.00657	0.00205	0.00841	0.00581	0.00380	0.01015
7	0.29214	0.01622	0.08874	0.14366	0.18647	0.01535	0.06839	0.02114	0.01411	0.07561	0.01264	0.01547	0.00955	0.00650	0.00598	0.00214	0.00760	0.00537	0.00395	0.00896
8	0.19093	0.09016	0.01843	0.05261	0.01915	0.09061	0.01148	0.18582	0.04468	0.05944	0.01354	0.01542	0.01060	0.01004	0.04793	0.00254	0.07734	0.00524	0.00475	0.04931

[dist]
# distance from previous block
# <min> <max>
3	7

[block]
# block no. 1 follows, 31 sequences, length 8
# corresponding to MSA columns:
# 173-180
name=unknown_B
#
# <colnr> <probs for GDERKNQSTAVLIFYWHMCP>
#	G	D	E	R	K	N	Q	S	T	A	V	L	I	F	Y	W	H	M	C	P
0	0.15177	0.01992	0.08365	0.01529	0.01933	0.13486	0.01327	0.18009	0.01847	0.09201	0.01337	0.01534	0.01028	0.00971	0.03174	0.00251	0.16912	0.00543	0.00472	0.00912
1	0.01739	0.01415	0.01449	0.05250	0.01687	0.09185	0.00982	0.17261	0.13288	0.04592	0.04230	0.02668	0.01821	0.18710	0.07427	0.05418	0.00817	0.00742	0.00523	0.00796
2	0.08986	0.18556	0.02415	0.01952	0.14749	0.10563	0.07921	0.02214	0.09146	0.02211	0.10413	0.01995	0.01778	0.00774	0.00683	0.00199	0.03501	0.00630	0.00430	0.00885
3	0.01751	0.06719	0.13860	0.10914	0.37525	0.06715	0.01960	0.08396	0.01690	0.02286	0.01266	0.01593	0.01010	0.00649	0.00655	0.00203	0.00874	0.00566	0.00357	0.01011
4	0.06518	0.02266	0.01899	0.06841	0.07799	0.31412	0.01325	0.14817	0.11159	0.02477	0.01428	0.01567	0.01113	0.00731	0.00632	0.00192	0.00913	0.00536	0.00462	0.05913
5	0.04283	0.01342	0.01721	0.03688	0.01845	0.06237	0.09307	0.09624	0.03422	0.07776	0.19297	0.06759	0.04332	0.01196	0.03935	0.00250	0.05340	0.00861	0.00561	0.08225
6	0.02206	0.04894	0.02021	0.01733	0.08456	0.01899	0.01299	0.39271	0.14215	0.06447	0.01805	0.01870	0.01350	0.01096	0.05302	0.00267	0.03536	0.00641	0.00610	0.01080
7	0.51097	0.01481	0.01404	0.04051	0.01651	0.04745	0.01020	0.06570	0.01320	0.02722	0.01002	0.01268	0.00818	0.00780	0.00871	0.00230	0.17340	0.00451	0.00406	0.00775

[dist]
# distance from previous block
# <min> <max>
1	18

[block]
# block no. 2 follows, 31 sequences, length 164
# corresponding to MSA columns:
# 199-362
name=unknown_C
#
# <colnr> <probs for GDERKNQSTAVLIFYWHMCP>
#	G	D	E	R	K	N	Q	S	T	A	V	L	I	F	Y	W	H	M	C	P
0	0.02039	0.05348	0.04549	0.01543	0.01990	0.10366	0.08132	0.24970	0.12431	0.05544	0.01798	0.02145	0.01445	0.10511	0.01033	0.00264	0.00795	0.00675	0.03477	0.00946
1	0.02087	0.04374	0.13621	0.01509	0.02061	0.05836	0.03983	0.09726	0.23886	0.19451	0.02323	0.02216	0.04126	0.00843	0.00680	0.00216	0.00716	0.00685	0.00613	0.01049
2	0.01893	0.01777	0.09631	0.01428	0.01915	0.04199	0.03842	0.30942	0.02134	0.02910	0.01578	0.02128	0.01343	0.15446	0.01240	0.00282	0.02555	0.00645	0.00508	0.13605
3	0.01519	0.10782	0.27004	0.01440	0.02044	0.01372	0.04130	0.01987	0.01604	0.10211	0.17417	0.02589	0.05576	0.00891	0.00724	0.00204	0.03242	0.00728	0.00484	0.06048
4	0.01915	0.01456	0.01977	0.01493	0.02000	0.01425	0.09551	0.13919	0.04086	0.12934	0.01542	0.01695	0.01164	0.00728	0.00843	0.00183	0.10642	0.00573	0.00508	0.31368
5	0.01601	0.06618	0.06265	0.02710	0.10334	0.01755	0.47562	0.02168	0.04096	0.02139	0.01392	0.01812	0.01086	0.00797	0.03640	0.00258	0.03754	0.00735	0.00352	0.00928
6	0.04437	0.01735	0.01861	0.06791	0.02176	0.11270	0.06025	0.15357	0.25667	0.06899	0.01995	0.04455	0.01541	0.00836	0.00675	0.00210	0.00740	0.00688	0.00574	0.06067
7	0.02227	0.01702	0.02139	0.01644	0.02164	0.01803	0.10348	0.45085	0.05155	0.06333	0.01809	0.06481	0.01424	0.00979	0.02702	0.00233	0.00785	0.00727	0.00618	0.05641
8	0.01036	0.00806	0.01068	0.10223	0.01445	0.00878	0.00783	0.01199	0.01280	0.01731	0.13489	0.10767	0.08677	0.30898	0.06627	0.00464	0.06524	0.01063	0.00481	0.00561
9	0.00882	0.00677	0.00808	0.00815	0.00979	0.00603	0.00596	0.01110	0.01675	0.02216	0.34151	0.18983	0.30703	0.01666	0.00820	0.00233	0.00346	0.01449	0.00686	0.00603
10	0.01292	0.01216	0.02052	0.74312	0.04712	0.01520	0.01900	0.01748	0.01368	0.01748	0.01216	0.01824	0.00912	0.00684	0.00684	0.00228	0.00912	0.00608	0.00304	0.00760
11	0.01681	0.01659	0.02969	0.03998	0.61296	0.01641	0.12339	0.02114	0.01566	0.02228	0.01302	0.01716	0.01077	0.00605	0.00697	0.00207	0.00865	0.00640	0.00340	0.01059
12	0.01582	0.02074	0.13251	0.02758	0.03493	0.01711	0.60219	0.02188	0.01592	0.02188	0.01363	0.01791	0.01015	0.00587	0.00786	0.00229	0.01134	0.00767	0.00338	0.00935
13	0.00951	0.00723	0.00866	0.00832	0.01018	0.00657	0.00622	0.02983	0.01808	0.02432	0.44302	0.10076	0.27142	0.01539	0.00808	0.00224	0.00347	0.01333	0.00706	0.00632
14	0.02007	0.67172	0.09732	0.01395	0.02020	0.02677	0.01377	0.02203	0.01539	0.01885	0.01223	0.01471	0.01108	0.00753	0.00566	0.00198	0.00830	0.00461	0.00377	0.01007
15	0.01419	0.01216	0.01419	0.01013	0.01621	0.00912	0.00811	0.01723	0.01419	0.02229	0.01216	0.01419	0.01013	0.00507	0.00507	0.00101	0.00507	0.00405	0.00405	0.80139
16	0.01391	0.08412	0.64309	0.01864	0.02805	0.01628	0.02367	0.02123	0.01447	0.02123	0.01322	0.01717	0.01013	0.00704	0.00649	0.00216	0.00974	0.03646	0.00305	0.00984
17	0.01607	0.01369	0.01470	0.01356	0.01706	0.01568	0.01056	0.03318	0.61489	0.02737	0.02903	0.07444	0.02365	0.01069	0.00724	0.00241	0.00538	0.05332	0.00688	0.01019
18	0.02331	0.01390	0.01656	0.01427	0.04297	0.01445	0.01102	0.14337	0.26790	0.29450	0.06375	0.02428	0.01994	0.00894	0.00697	0.00218	0.00590	0.00735	0.00742	0.01103
19	0.01686	0.01643	0.02870	0.03987	0.62839	0.01638	0.08853	0.02152	0.03500	0.02248	0.01339	0.01733	0.01107	0.00615	0.00691	0.00207	0.00840	0.00634	0.00349	0.01067
20	0.00977	0.00733	0.01100	0.01100	0.01222	0.00855	0.00855	0.01222	0.01100	0.01588	0.01833	0.02688	0.01710	0.05131	0.73245	0.01100	0.01833	0.00733	0.00367	0.00611
21	0.00983	0.00658	0.00750	0.00761	0.00764	0.00655	0.00431	0.00992	0.01018	0.01357	0.02274	0.09686	0.02637	0.70544	0.03291	0.00635	0.00644	0.01065	0.00431	0.00425
22	0.02584	0.01731	0.01913	0.01489	0.02016	0.01874	0.01223	0.50132	0.10554	0.16345	0.01961	0.01868	0.01363	0.00838	0.00686	0.00209	0.00698	0.00647	0.00715	0.01155
23	0.01394	0.06985	0.69155	0.01913	0.02904	0.01642	0.02464	0.02161	0.01442	0.02140	0.01215	0.01428	0.00867	0.00647	0.00640	0.00213	0.00998	0.00499	0.00289	0.01005
24	0.00815	0.00693	0.00702	0.00700	0.00928	0.00580	0.00525	0.00994	0.01575	0.01884	0.09513	0.06525	0.68806	0.01719	0.00809	0.00230	0.00346	0.01436	0.00640	0.00580
25	0.02842	0.01302	0.01656	0.01297	0.01806	0.01231	0.01075	0.17407	0.02204	0.53068	0.02532	0.02528	0.01724	0.00908	0.00704	0.00217	0.00622	0.04949	0.00798	0.01130
26	0.02509	0.07969	0.02045	0.01724	0.02092	0.68669	0.01312	0.02688	0.01903	0.01670	0.01051	0.01225	0.00881	0.00697	0.00605	0.00174	0.01201	0.00436	0.00349	0.00799
27	0.01278	0.00720	0.00963	0.00988	0.01140	0.00655	0.00707	0.01457	0.01533	0.15217	0.14426	0.50363	0.04300	0.01779	0.00828	0.00255	0.00420	0.01594	0.00694	0.00685
28	0.00919	0.00666	0.00734	0.00750	0.00828	0.00625	0.00471	0.00986	0.01207	0.01535	0.03841	0.12372	0.24655	0.44801	0.02365	0.00486	0.00535	0.01235	0.00507	0.00481
29	0.01434	0.13353	0.63137	0.01845	0.02799	0.01740	0.02345	0.02151	0.01437	0.02092	0.01190	0.01398	0.00868	0.00641	0.00622	0.00207	0.00973	0.00487	0.00289	0.00993
30	0.24826	0.01705	0.01707	0.01365	0.01862	0.01915	0.01120	0.44033	0.08912	0.03822	0.01552	0.01576	0.01129	0.00778	0.00611	0.00210	0.00669	0.00561	0.00611	0.01035
31	0.07098	0.10681	0.12059	0.01627	0.02154	0.21334	0.05449	0.10679	0.17692	0.02447	0.01551	0.01630	0.01191	0.00737	0.00627	0.00201	0.00879	0.00557	0.00460	0.00949
32	0.38401	0.02395	0.32444	0.01497	0.03835	0.04253	0.01599	0.04420	0.01396	0.02643	0.01109	0.01295	0.00824	0.00650	0.00545	0.00212	0.00782	0.00447	0.00369	0.00884
33	0.00909	0.00691	0.00836	0.00813	0.00989	0.00618	0.00605	0.01170	0.01776	0.02393	0.46374	0.10116	0.27112	0.01553	0.00812	0.00224	0.00335	0.01349	0.00708	0.00618
34	0.01669	0.50798	0.27750	0.01444	0.02179	0.02314	0.01647	0.02090	0.01409	0.01805	0.01048	0.01219	0.00874	0.00608	0.00513	0.00171	0.00830	0.00415	0.00291	0.00925
35	0.00943	0.00707	0.00884	0.00922	0.01062	0.00637	0.00646	0.01101	0.01355	0.01838	0.07584	0.42928	0.10688	0.09661	0.03447	0.00315	0.00483	0.03688	0.00581	0.10529
36	0.01372	0.03539	0.72412	0.01950	0.02961	0.01589	0.02528	0.02167	0.01444	0.02167	0.01228	0.01444	0.00867	0.00650	0.00650	0.00217	0.01011	0.00506	0.00289	0.01011
37	0.01372	0.03539	0.72412	0.01950	0.02961	0.01589	0.02528	0.02167	0.01444	0.02167	0.01228	0.01444	0.00867	0.00650	0.00650	0.00217	0.01011	0.00506	0.00289	0.01011
38	0.01292	0.01216	0.02052	0.74312	0.04712	0.01520	0.01900	0.01748	0.01368	0.01748	0.01216	0.01824	0.00912	0.00684	0.00684	0.00228	0.00912	0.00608	0.00304	0.00760
39	0.02618	0.01889	0.02036	0.01561	0.02108	0.02081	0.01290	0.67030	0.03171	0.06753	0.01681	0.01667	0.01183	0.00822	0.00685	0.00206	0.00747	0.00619	0.00690	0.01163
40	0.03663	0.00792	0.00960	0.00908	0.01095	0.00765	0.00681	0.06242	0.01877	0.02658	0.47885	0.14514	0.10389	0.01444	0.00786	0.00223	0.00373	0.01261	0.02815	0.00669
41	0.00816	0.00687	0.00707	0.00716	0.00932	0.00578	0.00532	0.00990	0.01555	0.01871	0.08863	0.11135	0.64785	0.01749	0.00813	0.00234	0.00349	0.01470	0.00639	0.00578
42	0.01275	0.00638	0.00638	0.00638	0.00797	0.00638	0.00478	0.01594	0.01435	0.02551	0.02232	0.02551	0.01754	0.00797	0.00478	0.00159	0.00319	0.00638	0.79755	0.00638
43	0.58887	0.01407	0.01217	0.03200	0.01561	0.04859	0.00868	0.04753	0.01415	0.14516	0.01282	0.01361	0.00927	0.00682	0.00494	0.00210	0.00591	0.00443	0.00497	0.00830
44	0.02556	0.03261	0.01939	0.01763	0.02115	0.73210	0.01322	0.02732	0.01939	0.01674	0.01058	0.01234	0.00881	0.00705	0.00617	0.00176	0.01234	0.00441	0.00353	0.00793
45	0.03070	0.01164	0.01588	0.01217	0.01746	0.01006	0.01006	0.03334	0.01958	0.72163	0.02699	0.02329	0.01694	0.00847	0.00688	0.00212	0.00582	0.00688	0.00847	0.01164
46	0.00834	0.00595	0.00794	0.00953	0.00992	0.00556	0.00635	0.00953	0.01310	0.01746	0.03771	0.75510	0.04525	0.02143	0.00873	0.00278	0.00397	0.01945	0.00635	0.00556
47	0.01388	0.03429	0.67961	0.02011	0.03001	0.01598	0.06868	0.02168	0.01455	0.02168	0.01238	0.01471	0.00878	0.00645	0.00660	0.00218	0.01020	0.00525	0.00293	0.01005
48	0.01372	0.03539	0.72412	0.01950	0.02961	0.01589	0.02528	0.02167	0.01444	0.02167	0.01228	0.01444	0.00867	0.00650	0.00650	0.00217	0.01011	0.00506	0.00289	0.01011
49	0.02200	0.01400	0.01593	0.01348	0.01791	0.01505	0.01072	0.07775	0.44067	0.25270	0.02683	0.02422	0.01902	0.00895	0.00693	0.00224	0.00568	0.00736	0.00744	0.01114
50	0.01335	0.01253	0.02110	0.61869	0.13845	0.01502	0.01881	0.01780	0.01415	0.01853	0.03840	0.01928	0.01142	0.00700	0.00688	0.00224	0.00876	0.00632	0.00326	0.00801
51	0.80789	0.01323	0.01006	0.00900	0.01323	0.01535	0.00741	0.02011	0.01164	0.03070	0.00953	0.01111	0.00741	0.00635	0.00423	0.00212	0.00529	0.00370	0.00423	0.00741
52	0.01582	0.01510	0.02545	0.13422	0.58105	0.01544	0.01971	0.01980	0.01532	0.02145	0.01641	0.02026	0.05590	0.00692	0.00687	0.00208	0.00796	0.00663	0.00353	0.01007
53	0.01372	0.03539	0.72412	0.01950	0.02961	0.01589	0.02528	0.02167	0.01444	0.02167	0.01228	0.01444	0.00867	0.00650	0.00650	0.00217	0.01011	0.00506	0.00289	0.01011
54	0.01112	0.00717	0.00946	0.00936	0.01053	0.00713	0.00670	0.01295	0.01393	0.06892	0.19772	0.15181	0.03624	0.22310	0.17327	0.00541	0.00785	0.03570	0.00562	0.00599
55	0.01372	0.03539	0.72412	0.01950	0.02961	0.01589	0.02528	0.02167	0.01444	0.02167	0.01228	0.01444	0.00867	0.00650	0.00650	0.00217	0.01011	0.00506	0.00289	0.01011
56	0.00827	0.00622	0.00766	0.00882	0.00974	0.00562	0.00604	0.00961	0.01378	0.01774	0.04634	0.56681	0.22797	0.02031	0.00856	0.00265	0.00383	0.01808	0.00635	0.00562
57	0.03070	0.01164	0.01588	0.01217	0.01746	0.01006	0.01006	0.03334	0.01958	0.72163	0.02699	0.02329	0.01694	0.00847	0.00688	0.00212	0.00582	0.00688	0.00847	0.01164
58	0.01732	0.01485	0.01564	0.01398	0.01791	0.01716	0.01090	0.05876	0.68162	0.02911	0.02746	0.02522	0.02057	0.00925	0.00696	0.00231	0.00549	0.00768	0.00696	0.01086
59	0.01829	0.76368	0.03585	0.01171	0.01756	0.02707	0.01171	0.02049	0.01390	0.01610	0.00951	0.01097	0.00878	0.00585	0.00439	0.00146	0.00732	0.00366	0.00293	0.00878
60	0.01011	0.00782	0.01164	0.01144	0.01259	0.00935	0.00896	0.01249	0.01096	0.01592	0.01772	0.02611	0.01658	0.04878	0.68672	0.01048	0.06526	0.00724	0.00362	0.00620
61	0.00814	0.00694	0.00707	0.00707	0.00934	0.00587	0.00531	0.00990	0.01544	0.01840	0.06761	0.06454	0.69091	0.01846	0.03220	0.00260	0.00396	0.01420	0.00626	0.00579
62	0.00823	0.00676	0.00726	0.00750	0.00943	0.00578	0.00549	0.00997	0.01539	0.01888	0.10556	0.18844	0.55193	0.01785	0.00820	0.00238	0.00354	0.01520	0.00643	0.00578
63	0.02601	0.01916	0.02053	0.01574	0.02122	0.02122	0.01300	0.69408	0.03217	0.04312	0.01643	0.01643	0.01163	0.00821	0.00684	0.00205	0.00753	0.00616	0.00684	0.01163
64	0.01517	0.01534	0.02088	0.06466	0.01994	0.04278	0.01517	0.01687	0.01096	0.01654	0.00924	0.01510	0.00898	0.01149	0.02094	0.00291	0.67659	0.00594	0.00301	0.00751
65	0.01569	0.01328	0.01424	0.01290	0.01628	0.01510	0.00992	0.03195	0.57933	0.02773	0.11992	0.02988	0.02696	0.04541	0.00843	0.00250	0.00518	0.00846	0.00690	0.00992
66	0.00899	0.00640	0.00858	0.01009	0.01072	0.00610	0.00725	0.01054	0.01352	0.01791	0.03663	0.57637	0.04303	0.05582	0.01012	0.00304	0.00459	0.15844	0.00624	0.00565
67	0.01581	0.02080	0.13501	0.02754	0.03490	0.01711	0.59975	0.02188	0.01591	0.02188	0.01362	0.01790	0.01014	0.00587	0.00786	0.00229	0.01134	0.00766	0.00338	0.00935
68	0.01871	0.01590	0.01589	0.01418	0.01806	0.07591	0.01115	0.07994	0.51905	0.06565	0.02610	0.02700	0.02021	0.00960	0.00704	0.00230	0.00622	0.05001	0.00671	0.01040
69	0.00830	0.00609	0.00780	0.00917	0.00983	0.00559	0.00619	0.00957	0.01344	0.01761	0.04208	0.65969	0.13783	0.02087	0.00864	0.00271	0.00390	0.01876	0.00635	0.00559
70	0.00839	0.00599	0.00798	0.00949	0.00993	0.00559	0.00635	0.00965	0.01333	0.01783	0.06272	0.72903	0.04596	0.02116	0.00871	0.00276	0.00394	0.01919	0.00639	0.00559
71	0.01458	0.10207	0.53889	0.02038	0.02953	0.01720	0.14043	0.02160	0.01469	0.02118	0.01229	0.01481	0.00898	0.00631	0.00657	0.00212	0.01009	0.00545	0.00299	0.00983
72	0.74062	0.01391	0.01069	0.00948	0.01374	0.04304	0.00776	0.02102	0.01232	0.06284	0.01039	0.01174	0.00791	0.00648	0.00443	0.00210	0.00559	0.00388	0.00441	0.00763
73	0.01275	0.00638	0.00638	0.00638	0.00797	0.00638	0.00478	0.01594	0.01435	0.02551	0.02232	0.02551	0.01754	0.00797	0.00478	0.00159	0.00319	0.00638	0.79755	0.00638
74	0.02015	0.42954	0.10672	0.01445	0.02049	0.09241	0.03045	0.17055	0.01859	0.02290	0.01156	0.01288	0.00944	0.00656	0.00543	0.00172	0.00826	0.00455	0.00386	0.00949
75	0.01052	0.00689	0.00911	0.00919	0.01057	0.00634	0.00665	0.01292	0.01697	0.06831	0.40914	0.32019	0.05406	0.01650	0.00825	0.00239	0.00368	0.01474	0.00714	0.00644
76	0.01848	0.66201	0.08277	0.01266	0.01865	0.07530	0.01276	0.02104	0.01432	0.01653	0.00978	0.01131	0.00877	0.00598	0.00466	0.00153	0.00786	0.00381	0.00297	0.00881
77	0.01715	0.01711	0.02337	0.01907	0.02106	0.09373	0.12993	0.04170	0.01358	0.04494	0.01139	0.01604	0.00990	0.00999	0.01654	0.00263	0.46468	0.00623	0.03288	0.00808
78	0.00834	0.00595	0.00794	0.00953	0.00992	0.00556	0.00635	0.00953	0.01310	0.01746	0.03771	0.75510	0.04525	0.02143	0.00873	0.00278	0.00397	0.01945	0.00635	0.00556
79	0.01275	0.00638	0.00638	0.00638	0.00797	0.00638	0.00478	0.01594	0.01435	0.02551	0.02232	0.02551	0.01754	0.00797	0.00478	0.00159	0.00319	0.00638	0.79755	0.00638
80	0.16581	0.06603	0.01895	0.03399	0.01976	0.04578	0.01173	0.39645	0.06482	0.08819	0.01587	0.01607	0.01146	0.00772	0.00620	0.00204	0.00708	0.00563	0.00602	0.01039
81	0.00995	0.00663	0.00746	0.00746	0.00746	0.00663	0.00415	0.00995	0.00995	0.01327	0.02156	0.04477	0.02487	0.75957	0.03482	0.00663	0.00663	0.00995	0.00415	0.00415
82	0.00838	0.00605	0.00784	0.00925	0.00977	0.00562	0.00618	0.00956	0.01317	0.01738	0.03949	0.67480	0.09547	0.04993	0.00970	0.00289	0.00403	0.01870	0.00626	0.00552
83	0.01458	0.01514	0.02861	0.34348	0.05795	0.01684	0.28391	0.01919	0.01428	0.01923	0.01241	0.01785	0.00965	0.00709	0.00943	0.00238	0.10960	0.00685	0.00321	0.00832
84	0.17240	0.02035	0.01837	0.01480	0.01971	0.14167	0.01199	0.45381	0.02614	0.03628	0.01413	0.01473	0.01036	0.00767	0.00624	0.00202	0.00793	0.00540	0.00579	0.01021
85	0.01637	0.00987	0.01024	0.00893	0.01159	0.01043	0.00703	0.20119	0.01922	0.03032	0.02071	0.02303	0.01592	0.00804	0.00535	0.00172	0.00437	0.00632	0.58154	0.00781
86	0.02890	0.01303	0.01659	0.01278	0.01797	0.01225	0.01053	0.17052	0.02220	0.55288	0.05154	0.02294	0.01768	0.00863	0.00692	0.00210	0.00608	0.00694	0.00809	0.01144
87	0.01838	0.04848	0.04848	0.06236	0.34794	0.15581	0.01705	0.06223	0.06922	0.02213	0.01473	0.01920	0.01240	0.00896	0.03497	0.00239	0.00912	0.03247	0.00396	0.00969
88	0.01619	0.26894	0.02335	0.01344	0.01741	0.15033	0.08517	0.01887	0.01660	0.01995	0.20337	0.02732	0.06637	0.03606	0.00743	0.00203	0.00737	0.00750	0.00458	0.00770
89	0.00979	0.00666	0.00742	0.00742	0.00761	0.00656	0.00423	0.00994	0.01042	0.01370	0.02553	0.04652	0.08219	0.69784	0.03260	0.00627	0.00637	0.01032	0.00433	0.00428
90	0.01599	0.01254	0.01453	0.01072	0.01630	0.01043	0.00861	0.10232	0.01699	0.05258	0.05868	0.01748	0.01427	0.00624	0.00555	0.00127	0.00524	0.00502	0.02446	0.60078
91	0.01733	0.01131	0.01537	0.10996	0.01918	0.01275	0.01113	0.08716	0.01553	0.17730	0.02072	0.13168	0.01895	0.09786	0.08039	0.00372	0.14751	0.00878	0.00531	0.00807
92	0.00809	0.00693	0.00693	0.00693	0.00924	0.00578	0.00520	0.00982	0.01559	0.01848	0.06931	0.06584	0.71411	0.01733	0.00809	0.00231	0.00347	0.01444	0.00635	0.00578
93	0.03034	0.01221	0.01623	0.01244	0.01775	0.01089	0.01028	0.08304	0.02053	0.67059	0.02620	0.02277	0.01654	0.00845	0.00688	0.00211	0.00595	0.00683	0.00835	0.01164
94	0.01360	0.00852	0.01174	0.01258	0.01468	0.00839	0.01090	0.01713	0.03494	0.10684	0.03486	0.06915	0.03611	0.01736	0.00907	0.00300	0.00622	0.57125	0.00658	0.00708
95	0.01829	0.76368	0.03585	0.01171	0.01756	0.02707	0.01171	0.02049	0.01390	0.01610	0.00951	0.01097	0.00878	0.00585	0.00439	0.00146	0.00732	0.00366	0.00293	0.00878
96	0.01349	0.01274	0.02155	0.64333	0.14245	0.01535	0.01928	0.01798	0.01395	0.01817	0.01226	0.01805	0.00936	0.00673	0.00683	0.00224	0.00898	0.00608	0.00309	0.00806
97	0.02601	0.01916	0.02053	0.01574	0.02122	0.02122	0.01300	0.69408	0.03217	0.04312	0.01643	0.01643	0.01163	0.00821	0.00684	0.00205	0.00753	0.00616	0.00684	0.01163
98	0.80789	0.01323	0.01006	0.00900	0.01323	0.01535	0.00741	0.02011	0.01164	0.03070	0.00953	0.01111	0.00741	0.00635	0.00423	0.00212	0.00529	0.00370	0.00423	0.00741
99	0.02601	0.01916	0.02053	0.01574	0.02122	0.02122	0.01300	0.69408	0.03217	0.04312	0.01643	0.01643	0.01163	0.00821	0.00684	0.00205	0.00753	0.00616	0.00684	0.01163
100	0.01497	0.01497	0.02095	0.01796	0.01796	0.02095	0.01497	0.01646	0.01048	0.01646	0.00898	0.01497	0.00898	0.01197	0.02245	0.00299	0.74704	0.00599	0.00299	0.00748
101	0.00968	0.00699	0.00914	0.00861	0.01022	0.00646	0.00646	0.01291	0.01937	0.02743	0.71328	0.05110	0.06455	0.01399	0.00807	0.00215	0.00323	0.01237	0.00753	0.00646
102	0.02695	0.01081	0.01468	0.01154	0.01617	0.00941	0.00941	0.02970	0.01954	0.59781	0.14939	0.02825	0.02543	0.00945	0.00709	0.00212	0.00536	0.00786	0.00830	0.01072
103	0.01390	0.03415	0.67398	0.02018	0.03006	0.01599	0.07417	0.02168	0.01457	0.02168	0.01239	0.01474	0.00879	0.00645	0.00662	0.00218	0.01022	0.00528	0.00293	0.01005
104	0.01885	0.01561	0.01650	0.01429	0.01849	0.01787	0.01127	0.17075	0.56715	0.03158	0.02551	0.02367	0.01899	0.00906	0.00694	0.00227	0.00585	0.00741	0.00694	0.01099
105	0.03070	0.01164	0.01588	0.01217	0.01746	0.01006	0.01006	0.03334	0.01958	0.72163	0.02699	0.02329	0.01694	0.00847	0.00688	0.00212	0.00582	0.00688	0.00847	0.01164
106	0.00832	0.00622	0.00767	0.00882	0.00968	0.00564	0.00600	0.00961	0.01362	0.01758	0.04501	0.56263	0.20987	0.04345	0.00939	0.00278	0.00393	0.01791	0.00628	0.00557
107	0.01793	0.01831	0.02627	0.07181	0.58937	0.11480	0.01983	0.02170	0.01601	0.02135	0.01252	0.01636	0.01048	0.00626	0.00669	0.00201	0.00875	0.00586	0.00339	0.01028
108	0.02607	0.01773	0.01940	0.01493	0.02023	0.01924	0.01231	0.58514	0.02990	0.12711	0.01797	0.01764	0.01253	0.00824	0.00677	0.00204	0.00715	0.00626	0.03791	0.01143
109	0.00832	0.00600	0.00789	0.00940	0.00989	0.00557	0.00630	0.00954	0.01322	0.01751	0.03920	0.72249	0.07690	0.02124	0.00870	0.00276	0.00395	0.01921	0.00635	0.00557
110	0.02904	0.01337	0.01678	0.01290	0.01814	0.01273	0.01065	0.19741	0.02257	0.53374	0.02423	0.02164	0.01563	0.00839	0.00681	0.00209	0.00617	0.00669	0.02951	0.01150
111	0.01460	0.04199	0.01644	0.11347	0.04819	0.05933	0.03423	0.06124	0.14902	0.02207	0.06679	0.05332	0.02297	0.06886	0.09120	0.00364	0.00838	0.11115	0.00513	0.00797
112	0.01470	0.01461	0.02043	0.01762	0.01764	0.02034	0.01462	0.01619	0.01058	0.01650	0.01013	0.04465	0.01044	0.01235	0.02190	0.00298	0.71725	0.00653	0.00313	0.00741
113	0.00842	0.00602	0.00801	0.00947	0.00994	0.00561	0.00636	0.00973	0.01347	0.01806	0.07820	0.71291	0.04641	0.02099	0.00869	0.00274	0.00392	0.01902	0.00642	0.00561
114	0.01555	0.02260	0.20780	0.02655	0.03425	0.01696	0.52877	0.02185	0.01573	0.02185	0.01346	0.01747	0.00996	0.00595	0.00769	0.00227	0.01119	0.00733	0.00332	0.00944
115	0.01814	0.49327	0.11782	0.01388	0.01937	0.11954	0.01371	0.02096	0.01436	0.01690	0.01031	0.01249	0.00911	0.00829	0.03455	0.00207	0.05934	0.00424	0.00304	0.00864
116	0.01943	0.12724	0.14739	0.01649	0.04068	0.21426	0.03361	0.09012	0.09970	0.02258	0.01373	0.01505	0.01077	0.00684	0.00606	0.00181	0.00883	0.00509	0.00413	0.11619
117	0.01584	0.36719	0.38908	0.01590	0.02376	0.02114	0.01878	0.02097	0.01408	0.01897	0.01092	0.01288	0.00873	0.00637	0.00601	0.00187	0.03074	0.00445	0.00291	0.00943
118	0.05350	0.03751	0.01557	0.01272	0.01656	0.17107	0.00997	0.04519	0.09538	0.27574	0.12111	0.02551	0.02224	0.05726	0.00853	0.00234	0.00697	0.00719	0.00642	0.00925
119	0.01152	0.01006	0.01542	0.11437	0.01906	0.01241	0.03605	0.01415	0.01159	0.01653	0.01692	0.02404	0.03666	0.03379	0.42689	0.00744	0.17572	0.00712	0.00351	0.00672
120	0.02289	0.04467	0.01891	0.01414	0.01941	0.06367	0.01157	0.40634	0.06572	0.07985	0.01791	0.01796	0.03187	0.00784	0.00644	0.00186	0.00705	0.00596	0.00610	0.14984
121	0.00997	0.00688	0.00873	0.00920	0.01050	0.00637	0.00654	0.01237	0.03487	0.05395	0.22566	0.42083	0.13254	0.01793	0.00833	0.00250	0.00383	0.01596	0.00679	0.00627
122	0.00865	0.00695	0.00771	0.00752	0.00959	0.00601	0.00564	0.01091	0.01692	0.02163	0.29588	0.06066	0.48557	0.01615	0.00808	0.00225	0.00338	0.01371	0.00677	0.00601
123	0.01367	0.03276	0.64538	0.02048	0.07295	0.01542	0.02411	0.02105	0.01445	0.02151	0.01352	0.04965	0.01054	0.00718	0.00662	0.00219	0.00969	0.00580	0.00308	0.00994
124	0.01550	0.17965	0.42602	0.01844	0.04287	0.01796	0.07303	0.02132	0.01469	0.04782	0.03767	0.01581	0.01124	0.00690	0.00702	0.00207	0.04366	0.00541	0.00334	0.00959
125	0.02281	0.01340	0.01564	0.01318	0.01765	0.01407	0.01050	0.03508	0.41465	0.32191	0.02748	0.02458	0.01921	0.00894	0.00693	0.00223	0.00559	0.00737	0.00760	0.01117
126	0.00838	0.00603	0.00795	0.00941	0.00991	0.00560	0.00632	0.00967	0.01342	0.01789	0.06507	0.70522	0.06777	0.02101	0.00869	0.00274	0.00392	0.01901	0.00640	0.00560
127	0.01931	0.01786	0.01849	0.01912	0.13104	0.12964	0.01300	0.09897	0.35632	0.04564	0.02136	0.04543	0.01682	0.00876	0.00724	0.00219	0.02573	0.00711	0.00575	0.01022
128	0.01706	0.03925	0.01632	0.01635	0.12040	0.01274	0.01132	0.15209	0.06422	0.10326	0.14500	0.08291	0.07756	0.01184	0.00753	0.00228	0.00586	0.09872	0.00635	0.00894
129	0.00811	0.00685	0.00701	0.00714	0.00929	0.00576	0.00529	0.00980	0.01540	0.01840	0.06681	0.12035	0.66121	0.01765	0.00814	0.00235	0.00351	0.01484	0.00635	0.00576
130	0.01323	0.00684	0.00689	0.00671	0.00845	0.00691	0.00508	0.04034	0.01499	0.02614	0.02211	0.02518	0.01732	0.00798	0.00486	0.00161	0.00334	0.00637	0.76909	0.00657
131	0.01659	0.01707	0.05588	0.06524	0.59979	0.01630	0.08615	0.02098	0.01552	0.02211	0.01291	0.01703	0.01065	0.00611	0.00689	0.00207	0.00857	0.00625	0.00336	0.01054
132	0.01643	0.00982	0.03814	0.01029	0.01341	0.00837	0.00842	0.04376	0.01971	0.22631	0.46564	0.04053	0.04693	0.01192	0.00763	0.00214	0.00438	0.01030	0.00760	0.00826
133	0.00825	0.00694	0.00716	0.00711	0.00934	0.00585	0.00533	0.01014	0.01599	0.01942	0.13661	0.06430	0.64623	0.01698	0.00808	0.00229	0.00344	0.01422	0.00648	0.00585
134	0.01394	0.00794	0.01051	0.00933	0.01169	0.00719	0.00719	0.01705	0.01941	0.16824	0.57408	0.04546	0.05489	0.01287	0.00783	0.00214	0.00375	0.01126	0.00772	0.00751
135	0.01733	0.08843	0.07396	0.06072	0.06692	0.01221	0.01153	0.04007	0.04536	0.19231	0.23799	0.05417	0.05008	0.01020	0.00706	0.00210	0.00579	0.00865	0.00622	0.00889
136	0.02450	0.03223	0.06506	0.01857	0.04519	0.66179	0.01426	0.02674	0.01894	0.01725	0.01076	0.01263	0.00887	0.00698	0.00621	0.00180	0.01205	0.00451	0.00348	0.00817
137	0.01594	0.01317	0.01564	0.01161	0.01724	0.01125	0.02822	0.13579	0.01733	0.02563	0.01460	0.06242	0.01267	0.00669	0.00570	0.00135	0.00561	0.00553	0.00467	0.58893
138	0.03698	0.00720	0.00920	0.00894	0.01053	0.00674	0.00657	0.01335	0.01759	0.05798	0.50166	0.19137	0.05542	0.03483	0.00873	0.00240	0.00366	0.01320	0.00714	0.00649
139	0.04083	0.64349	0.08231	0.01243	0.01852	0.02558	0.01262	0.06394	0.01505	0.01864	0.01015	0.01157	0.00892	0.00606	0.00469	0.00157	0.00747	0.00392	0.00321	0.00902
140	0.00935	0.00693	0.00884	0.00941	0.01085	0.00643	0.00722	0.01177	0.01628	0.02167	0.26897	0.23027	0.18230	0.01756	0.00855	0.00256	0.00415	0.16408	0.00673	0.00607
141	0.01085	0.00779	0.01080	0.01233	0.01389	0.00774	0.01070	0.01390	0.01567	0.02033	0.03738	0.09504	0.06232	0.01891	0.00938	0.00311	0.00614	0.63114	0.00630	0.00626
142	0.01314	0.00708	0.00732	0.00713	0.00890	0.00728	0.00541	0.03557	0.03969	0.02566	0.02216	0.02532	0.01747	0.01008	0.03935	0.00208	0.00411	0.00646	0.70911	0.00667
143	0.02484	0.10693	0.02115	0.01689	0.02078	0.61353	0.01305	0.06981	0.01965	0.01839	0.01084	0.01246	0.00899	0.00700	0.00603	0.00175	0.01151	0.00444	0.00368	0.00826
144	0.01276	0.00658	0.00689	0.03289	0.00938	0.00669	0.00529	0.01600	0.01432	0.02522	0.02195	0.02524	0.01723	0.00793	0.00486	0.00162	0.00340	0.00637	0.76896	0.00642
145	0.01149	0.00992	0.01492	0.01364	0.01473	0.01241	0.03586	0.01379	0.01104	0.01627	0.01550	0.02318	0.01454	0.03842	0.50349	0.00840	0.22535	0.00698	0.00347	0.00662
146	0.80789	0.01323	0.01006	0.00900	0.01323	0.01535	0.00741	0.02011	0.01164	0.03070	0.00953	0.01111	0.00741	0.00635	0.00423	0.00212	0.00529	0.00370	0.00423	0.00741
147	0.02601	0.01916	0.02053	0.01574	0.02122	0.02122	0.01300	0.69408	0.03217	0.04312	0.01643	0.01643	0.01163	0.00821	0.00684	0.00205	0.00753	0.00616	0.00684	0.01163
148	0.01479	0.01471	0.02062	0.01773	0.01777	0.02054	0.01475	0.01632	0.01049	0.01644	0.00930	0.01537	0.00926	0.01330	0.04643	0.00326	0.72243	0.00603	0.00302	0.00744
149	0.00968	0.00699	0.00914	0.00861	0.01022	0.00646	0.00646	0.01291	0.01937	0.02743	0.71328	0.05110	0.06455	0.01399	0.00807	0.00215	0.00323	0.01237	0.00753	0.00646
150	0.00837	0.00607	0.00783	0.00921	0.00977	0.00562	0.00617	0.00957	0.01321	0.01741	0.04003	0.66616	0.10602	0.04762	0.00961	0.00287	0.00402	0.01865	0.00627	0.00553
151	0.01292	0.01216	0.02052	0.74312	0.04712	0.01520	0.01900	0.01748	0.01368	0.01748	0.01216	0.01824	0.00912	0.00684	0.00684	0.00228	0.00912	0.00608	0.00304	0.00760
152	0.02201	0.01708	0.01966	0.15166	0.02548	0.01937	0.01375	0.45411	0.14448	0.03582	0.01759	0.01833	0.01276	0.00814	0.00686	0.00214	0.00746	0.00642	0.00615	0.01074
153	0.00838	0.00597	0.00792	0.00947	0.00985	0.00559	0.00629	0.00954	0.01301	0.01734	0.03724	0.73469	0.04466	0.04264	0.00948	0.00289	0.00405	0.01918	0.00629	0.00552
154	0.00833	0.00599	0.00790	0.00944	0.00990	0.00556	0.00631	0.00954	0.01318	0.01750	0.03879	0.73146	0.06819	0.02129	0.00871	0.00276	0.00395	0.01928	0.00635	0.00556
155	0.01414	0.00805	0.00851	0.00790	0.00982	0.00852	0.00611	0.08645	0.01598	0.02677	0.02111	0.02420	0.01659	0.00920	0.02333	0.00192	0.03174	0.00636	0.66634	0.00696
156	0.00839	0.00600	0.00799	0.00949	0.00993	0.00559	0.00635	0.00966	0.01335	0.01786	0.06480	0.72687	0.04602	0.02114	0.00871	0.00275	0.00394	0.01917	0.00640	0.00559
157	0.01182	0.00644	0.00695	0.00708	0.00833	0.00649	0.00506	0.01435	0.01341	0.02252	0.02316	0.08565	0.02073	0.11838	0.05622	0.00301	0.00471	0.00797	0.57177	0.00598
158	0.06725	0.01567	0.02595	0.10635	0.60829	0.01610	0.01994	0.02061	0.01515	0.02242	0.01259	0.01668	0.01045	0.00618	0.00662	0.00206	0.00804	0.00594	0.00341	0.01031
159	0.80789	0.01323	0.01006	0.00900	0.01323	0.01535	0.00741	0.02011	0.01164	0.03070	0.00953	0.01111	0.00741	0.00635	0.00423	0.00212	0.00529	0.00370	0.00423	0.00741
160	0.01031	0.00713	0.00935	0.00871	0.01044	0.00656	0.00656	0.01352	0.01937	0.04807	0.69288	0.05028	0.06314	0.01382	0.00803	0.00215	0.00330	0.01221	0.00756	0.00661
161	0.01645	0.01360	0.01589	0.01243	0.04522	0.01161	0.00952	0.14061	0.01752	0.02609	0.01296	0.01470	0.01043	0.00568	0.00546	0.00124	0.00564	0.00452	0.00453	0.62589
162	0.00868	0.00642	0.00814	0.00925	0.01014	0.00585	0.00636	0.01005	0.01346	0.01774	0.04031	0.58284	0.13214	0.04751	0.00950	0.00281	0.00413	0.04325	0.00618	0.03523
163	0.01775	0.55558	0.18696	0.01381	0.02045	0.07001	0.01480	0.02119	0.01437	0.01737	0.01019	0.01183	0.00876	0.00607	0.00497	0.00164	0.00826	0.00402	0.00296	0.00902

[dist]
# distance from previous block
# <min> <max>
1	13

[block]
# block no. 3 follows, 31 sequences, length 13
# corresponding to MSA columns:
# 376-388
name=unknown_D
#
# <colnr> <probs for GDERKNQSTAVLIFYWHMCP>
#	G	D	E	R	K	N	Q	S	T	A	V	L	I	F	Y	W	H	M	C	P
0	0.08251	0.01257	0.01587	0.01221	0.01750	0.01153	0.01007	0.10059	0.02005	0.56408	0.02386	0.02122	0.01535	0.00810	0.00659	0.00205	0.00592	0.00643	0.00776	0.05573
1	0.01473	0.02882	0.46930	0.02475	0.12456	0.01627	0.18079	0.02163	0.01500	0.02182	0.01272	0.01572	0.00936	0.00627	0.00691	0.00218	0.01017	0.00590	0.00309	0.01000
2	0.01292	0.01216	0.02052	0.74312	0.04712	0.01520	0.01900	0.01748	0.01368	0.01748	0.01216	0.01824	0.00912	0.00684	0.00684	0.00228	0.00912	0.00608	0.00304	0.00760
3	0.00865	0.00614	0.00809	0.00953	0.00996	0.00580	0.00644	0.00985	0.01297	0.01726	0.03612	0.64713	0.04300	0.08965	0.01119	0.00316	0.00436	0.05909	0.00614	0.00547
4	0.02558	0.03183	0.01945	0.01752	0.02115	0.69100	0.01321	0.06587	0.02013	0.01827	0.01091	0.01257	0.00898	0.00712	0.00621	0.00178	0.01206	0.00451	0.00372	0.00815
5	0.01079	0.00769	0.00939	0.00977	0.01077	0.00764	0.00670	0.08891	0.01515	0.02035	0.08277	0.47803	0.03883	0.16375	0.01357	0.00340	0.00485	0.01553	0.00606	0.00605
6	0.01645	0.04566	0.02663	0.13403	0.57108	0.01658	0.01995	0.02111	0.04244	0.02169	0.01323	0.01721	0.01092	0.00631	0.00669	0.00205	0.00812	0.00606	0.00346	0.01032
7	0.02013	0.06252	0.13685	0.01355	0.01872	0.01319	0.01276	0.05141	0.09837	0.26272	0.07212	0.04279	0.02042	0.00950	0.00748	0.00217	0.03462	0.05887	0.00619	0.05563
8	0.07102	0.01466	0.01512	0.01213	0.01635	0.04876	0.00944	0.24980	0.06703	0.05199	0.01684	0.02193	0.01435	0.15921	0.01188	0.00274	0.00664	0.00631	0.00536	0.19846
9	0.01606	0.01476	0.02387	0.19757	0.07438	0.01691	0.15332	0.12135	0.01608	0.02203	0.01346	0.04589	0.01143	0.00966	0.01204	0.05712	0.17489	0.00699	0.00385	0.00834
10	0.01815	0.06270	0.05023	0.01359	0.05318	0.01325	0.01056	0.20476	0.01978	0.12838	0.04573	0.16720	0.08557	0.06580	0.00916	0.00250	0.00612	0.00977	0.00607	0.02748
11	0.07227	0.36455	0.02798	0.01962	0.18234	0.10464	0.01374	0.02075	0.01482	0.01922	0.04449	0.01476	0.01189	0.00688	0.00652	0.00181	0.05654	0.00490	0.00342	0.00887
12	0.26776	0.16457	0.17090	0.06834	0.04776	0.07534	0.01417	0.02153	0.01416	0.06207	0.01220	0.01506	0.00969	0.00682	0.00548	0.00201	0.00774	0.02197	0.00381	0.00865

[dist]
# distance from previous block
# <min> <max>
0	3

[block]
# block no. 4 follows, 31 sequences, length 25
# corresponding to MSA columns:
# 392-416
name=unknown_E
#
# <colnr> <probs for GDERKNQSTAVLIFYWHMCP>
#	G	D	E	R	K	N	Q	S	T	A	V	L	I	F	Y	W	H	M	C	P
0	0.01614	0.05030	0.10657	0.01676	0.03894	0.01454	0.13178	0.12757	0.07720	0.05236	0.07558	0.12503	0.02188	0.03476	0.00863	0.00238	0.02774	0.02720	0.00524	0.03941
1	0.03684	0.04934	0.02179	0.05961	0.02179	0.10256	0.18387	0.01800	0.01429	0.01894	0.01921	0.03994	0.07803	0.06617	0.06516	0.00316	0.10720	0.00754	0.03490	0.05166
2	0.01436	0.01233	0.05364	0.01205	0.01462	0.01206	0.00981	0.10182	0.01519	0.05124	0.02293	0.14176	0.06900	0.14638	0.01499	0.00305	0.15089	0.00921	0.03594	0.10873
3	0.04515	0.01703	0.04937	0.02069	0.02462	0.05740	0.28925	0.04671	0.01531	0.02151	0.07427	0.04095	0.03205	0.00919	0.01189	0.00245	0.22215	0.00776	0.00398	0.00829
4	0.01578	0.01671	0.03265	0.04766	0.03060	0.01611	0.46902	0.03984	0.01574	0.02195	0.01382	0.01906	0.01102	0.00664	0.00876	0.00218	0.07108	0.02547	0.00368	0.13224
5	0.56953	0.01183	0.01005	0.00889	0.01283	0.01289	0.00720	0.01860	0.01319	0.05545	0.07065	0.02182	0.10347	0.00835	0.00517	0.00208	0.00491	0.00588	0.00491	0.05232
6	0.00986	0.00659	0.00749	0.00758	0.00760	0.00657	0.00427	0.00993	0.01012	0.01350	0.02246	0.08432	0.02601	0.71847	0.03337	0.00642	0.00648	0.01048	0.00427	0.00422
7	0.01507	0.01268	0.01466	0.01055	0.01659	0.01002	0.00847	0.06779	0.01553	0.02385	0.01248	0.01435	0.01025	0.00530	0.00520	0.00109	0.00525	0.00421	0.00426	0.74239
8	0.11267	0.30321	0.11652	0.01438	0.01999	0.19168	0.01352	0.11583	0.01756	0.02244	0.01109	0.01253	0.00901	0.00661	0.00541	0.00178	0.00867	0.00437	0.00376	0.00899
9	0.00965	0.00731	0.01057	0.01110	0.01223	0.00697	0.04600	0.02779	0.01453	0.01945	0.08445	0.55809	0.04310	0.01936	0.00869	0.00274	0.00473	0.10091	0.00628	0.00607
10	0.00973	0.00697	0.00886	0.00990	0.01066	0.00678	0.00675	0.06068	0.01438	0.01919	0.03539	0.66789	0.04182	0.05373	0.00977	0.00290	0.00436	0.01803	0.00629	0.00595
11	0.01740	0.04886	0.02514	0.03394	0.52187	0.06953	0.01808	0.05159	0.04194	0.02287	0.04251	0.01994	0.04188	0.00713	0.00674	0.00201	0.00790	0.00651	0.00395	0.01019
12	0.01175	0.03686	0.01202	0.01191	0.06077	0.02531	0.00781	0.04816	0.01315	0.01782	0.07679	0.08806	0.02493	0.31813	0.21081	0.00627	0.00957	0.00933	0.00449	0.00608
13	0.00863	0.00608	0.00785	0.00914	0.00947	0.00576	0.00594	0.00960	0.01252	0.01669	0.03472	0.62382	0.04148	0.15785	0.01355	0.00349	0.00446	0.01769	0.00594	0.00530
14	0.00926	0.00686	0.00864	0.00845	0.01003	0.00624	0.00624	0.01200	0.01799	0.02476	0.52626	0.13941	0.16768	0.01544	0.00815	0.00225	0.00336	0.01357	0.00720	0.00624
15	0.02346	0.01772	0.01946	0.01623	0.04863	0.01959	0.01267	0.54134	0.11942	0.03892	0.01898	0.05878	0.01470	0.00900	0.00696	0.00213	0.00707	0.00711	0.00669	0.01116
16	0.37641	0.10014	0.32770	0.01391	0.02090	0.01679	0.01573	0.02084	0.01311	0.02521	0.01074	0.01257	0.00810	0.00637	0.00525	0.00207	0.00763	0.00430	0.00351	0.00874
17	0.00992	0.00745	0.00953	0.01061	0.01234	0.00706	0.00888	0.01250	0.01553	0.01965	0.04677	0.11685	0.25301	0.01856	0.00897	0.00286	0.00526	0.42180	0.00632	0.00609
18	0.00941	0.00674	0.00856	0.00951	0.01025	0.00646	0.00649	0.03929	0.01420	0.01899	0.08754	0.56357	0.06212	0.09488	0.01124	0.00308	0.00437	0.03129	0.00624	0.00577
19	0.02231	0.02299	0.02278	0.02743	0.31684	0.31553	0.01627	0.07959	0.01883	0.07394	0.01326	0.01544	0.01051	0.00685	0.00653	0.00193	0.00967	0.00545	0.00411	0.00975
20	0.04299	0.00984	0.01169	0.03072	0.01344	0.01047	0.00819	0.04633	0.03169	0.14599	0.01999	0.02205	0.01516	0.00838	0.00766	0.00191	0.10221	0.00621	0.41219	0.05290
21	0.05814	0.01485	0.01678	0.01333	0.01827	0.03338	0.01086	0.24284	0.11296	0.33740	0.02440	0.02243	0.04505	0.00875	0.00680	0.00212	0.00636	0.00689	0.00736	0.01101
22	0.01730	0.01638	0.05054	0.32918	0.12824	0.04454	0.09988	0.12746	0.04914	0.04956	0.01434	0.01794	0.01070	0.00699	0.00695	0.00218	0.00890	0.00634	0.00413	0.00928
23	0.01657	0.02428	0.26539	0.05710	0.34297	0.09038	0.02101	0.02262	0.05458	0.02170	0.01325	0.01614	0.01038	0.00654	0.00663	0.00208	0.00913	0.00566	0.00342	0.01016
24	0.01780	0.56206	0.06875	0.03596	0.01872	0.08428	0.01229	0.02041	0.01428	0.01700	0.01093	0.01302	0.00964	0.00821	0.03796	0.00200	0.00824	0.00419	0.04577	0.00849

[dist]
# distance from previous block
# <min> <max>
0	1

[block]
# block no. 5 follows, 31 sequences, length 38
# corresponding to MSA columns:
# 418-455
name=unknown_F
#
# <colnr> <probs for GDERKNQSTAVLIFYWHMCP>
#	G	D	E	R	K	N	Q	S	T	A	V	L	I	F	Y	W	H	M	C	P
0	0.05316	0.01654	0.04952	0.08346	0.38780	0.01645	0.01748	0.14110	0.05318	0.09183	0.01535	0.01763	0.01170	0.00693	0.00669	0.00209	0.00770	0.00612	0.00464	0.01064
1	0.01571	0.01300	0.01566	0.01717	0.13845	0.04252	0.01126	0.05073	0.24054	0.06535	0.02889	0.03030	0.12872	0.04189	0.12513	0.00377	0.00810	0.00828	0.00555	0.00900
2	0.00860	0.00615	0.00822	0.00971	0.01025	0.00577	0.00670	0.01003	0.01359	0.01816	0.06940	0.67167	0.04572	0.02090	0.00875	0.00278	0.00411	0.06744	0.00640	0.00565
3	0.01488	0.01643	0.03511	0.02570	0.03157	0.01540	0.58088	0.01991	0.01565	0.02119	0.01771	0.13788	0.01603	0.00831	0.00818	0.00238	0.01031	0.00992	0.00393	0.00863
4	0.04505	0.00804	0.00997	0.00940	0.01138	0.00784	0.00719	0.01571	0.07331	0.04985	0.54867	0.07149	0.05513	0.01360	0.00787	0.00223	0.00376	0.04525	0.00727	0.00698
5	0.01942	0.61083	0.05582	0.01301	0.01859	0.15077	0.01242	0.02173	0.01488	0.01640	0.00979	0.01133	0.00878	0.00609	0.00477	0.00154	0.00829	0.00384	0.00303	0.00867
6	0.01591	0.01785	0.03813	0.05719	0.03516	0.01677	0.62726	0.02148	0.01594	0.02175	0.01368	0.01821	0.01032	0.00577	0.00786	0.00224	0.01108	0.00777	0.00348	0.05214
7	0.00998	0.00710	0.00986	0.00986	0.01079	0.00795	0.00724	0.01184	0.01091	0.01573	0.01935	0.03133	0.01909	0.22828	0.51748	0.00939	0.01457	0.00794	0.04569	0.00563
8	0.14003	0.01830	0.01900	0.01476	0.02005	0.02036	0.01219	0.59579	0.02917	0.04131	0.01542	0.01565	0.01102	0.00794	0.00646	0.00206	0.00720	0.00580	0.00646	0.01102
9	0.02601	0.01916	0.02053	0.01574	0.02122	0.02122	0.01300	0.69408	0.03217	0.04312	0.01643	0.01643	0.01163	0.00821	0.00684	0.00205	0.00753	0.00616	0.00684	0.01163
10	0.00834	0.00595	0.00794	0.00953	0.00992	0.00556	0.00635	0.00953	0.01310	0.01746	0.03771	0.75510	0.04525	0.02143	0.00873	0.00278	0.00397	0.01945	0.00635	0.00556
11	0.00968	0.00699	0.00914	0.00861	0.01022	0.00646	0.00646	0.01291	0.01937	0.02743	0.71328	0.05110	0.06455	0.01399	0.00807	0.00215	0.00323	0.01237	0.00753	0.00646
12	0.00855	0.00609	0.00782	0.00912	0.00955	0.00572	0.00599	0.00960	0.01278	0.01693	0.03694	0.62348	0.07389	0.12430	0.01234	0.00329	0.00432	0.01789	0.00604	0.00537
13	0.01615	0.01845	0.04037	0.02884	0.03576	0.01730	0.69204	0.02191	0.01615	0.02191	0.01384	0.01845	0.01038	0.00577	0.00807	0.00231	0.01153	0.00807	0.00346	0.00923
14	0.01842	0.01465	0.01571	0.01387	0.01791	0.01666	0.01086	0.06325	0.62501	0.08163	0.02731	0.02498	0.02020	0.00918	0.00695	0.00229	0.00553	0.00761	0.00707	0.01092
15	0.02421	0.01090	0.01421	0.01160	0.01589	0.00997	0.00941	0.02871	0.09263	0.48158	0.13208	0.03191	0.05822	0.01023	0.00723	0.00220	0.00530	0.03547	0.00798	0.01028
