[name]
unknown

[dist]
# distance from previous block
# <min> <max>
0	40

[block]
# block no. 0 follows, 29 sequences, length 20
# corresponding to MSA columns:
# 40-59
name=unknown_A
#
# <colnr> <probs for GDERKNQSTAVLIFYWHMCP>
#	G	D	E	R	K	N	Q	S	T	A	V	L	I	F	Y	W	H	M	C	P
0	0.01444	0.01162	0.01423	0.14159	0.02098	0.01259	0.01104	0.08189	0.19078	0.04143	0.06149	0.12332	0.16035	0.01303	0.00784	0.00245	0.00592	0.05350	0.00625	0.02527
1	0.01887	0.30421	0.02375	0.01311	0.01709	0.12768	0.01112	0.11487	0.01783	0.02211	0.01740	0.14010	0.01698	0.00992	0.00688	0.00198	0.04014	0.00751	0.07992	0.00855
2	0.01012	0.00749	0.01092	0.01100	0.01210	0.00855	0.00833	0.01235	0.01144	0.01633	0.02037	0.06383	0.02000	0.12204	0.61878	0.01058	0.01714	0.00850	0.00400	0.00612
3	0.02519	0.01786	0.02020	0.01663	0.05635	0.01888	0.01293	0.46708	0.06354	0.11201	0.01819	0.01812	0.01298	0.00814	0.00692	0.00203	0.00726	0.00632	0.00679	0.10259
4	0.01707	0.14934	0.03047	0.11766	0.35146	0.01942	0.10224	0.02098	0.01522	0.02083	0.01241	0.01668	0.01043	0.00694	0.00835	0.00217	0.07888	0.00613	0.00337	0.00994
5	0.01962	0.01565	0.01674	0.01461	0.01891	0.01780	0.01149	0.11229	0.57734	0.07074	0.02755	0.02533	0.02038	0.00948	0.00723	0.00237	0.00591	0.00781	0.00732	0.01142
6	0.01628	0.01772	0.03253	0.16842	0.03491	0.04806	0.37386	0.02088	0.01515	0.02042	0.01281	0.01810	0.01015	0.00769	0.01133	0.00253	0.16959	0.00735	0.00341	0.00881
7	0.01345	0.01266	0.02136	0.73264	0.04904	0.01582	0.01978	0.01819	0.01424	0.01819	0.01266	0.01898	0.00949	0.00712	0.00712	0.00237	0.00949	0.00633	0.00316	0.00791
8	0.00876	0.00715	0.00757	0.00758	0.00964	0.00615	0.00554	0.01060	0.01617	0.01992	0.14162	0.09556	0.55160	0.06800	0.01035	0.00272	0.00383	0.01469	0.00660	0.00597
9	0.00974	0.00716	0.00912	0.00885	0.01049	0.00654	0.00656	0.01271	0.01904	0.02642	0.56152	0.12504	0.13880	0.01575	0.00847	0.00232	0.00347	0.01387	0.00757	0.00654
10	0.00877	0.00624	0.00823	0.00979	0.01018	0.00585	0.00648	0.00994	0.01344	0.01793	0.03828	0.70486	0.04587	0.06422	0.01065	0.00312	0.00429	0.01967	0.00648	0.00570
11	0.00877	0.00624	0.00823	0.00979	0.01018	0.00585	0.00647	0.00994	0.01344	0.01792	0.03825	0.70383	0.04584	0.06529	0.01069	0.00313	0.00430	0.01966	0.00647	0.00570
12	0.00921	0.00758	0.00817	0.00809	0.01040	0.00669	0.00617	0.01205	0.04252	0.02134	0.17667	0.06492	0.53336	0.01721	0.00844	0.00242	0.00379	0.04775	0.00684	0.00636
13	0.01904	0.75404	0.03731	0.01218	0.01828	0.02818	0.01218	0.02132	0.01447	0.01675	0.00990	0.01142	0.00914	0.00609	0.00457	0.00152	0.00761	0.00381	0.00305	0.00914
14	0.00893	0.00639	0.00849	0.00974	0.01038	0.00595	0.00663	0.01055	0.01481	0.02005	0.15855	0.62047	0.05071	0.02091	0.00896	0.00277	0.00399	0.01892	0.00683	0.00595
15	0.02036	0.12841	0.02174	0.01638	0.01924	0.34027	0.03803	0.02176	0.01588	0.01695	0.01265	0.06140	0.01207	0.01101	0.01193	0.09382	0.14082	0.00611	0.00360	0.00759
16	0.01698	0.01397	0.01596	0.01160	0.01781	0.01176	0.00936	0.13748	0.01814	0.02711	0.01346	0.01519	0.01083	0.00586	0.00561	0.00125	0.00573	0.00461	0.00474	0.65257
17	0.00994	0.00711	0.00908	0.00997	0.01081	0.00684	0.00683	0.04531	0.01535	0.02071	0.12923	0.56350	0.04664	0.06989	0.01073	0.00303	0.00440	0.01783	0.00665	0.00614
18	0.06039	0.01058	0.09044	0.01116	0.01305	0.00821	0.00910	0.01233	0.01359	0.01941	0.03398	0.53984	0.06249	0.04692	0.00996	0.00292	0.02684	0.01647	0.00586	0.00647
19	0.01624	0.16249	0.02192	0.04872	0.01920	0.04536	0.02986	0.05308	0.09764	0.02138	0.06361	0.06310	0.05762	0.01075	0.01160	0.00236	0.22123	0.00764	0.00460	0.04162

[dist]
# distance from previous block
# <min> <max>
1	7

[block]
# block no. 1 follows, 29 sequences, length 21
# corresponding to MSA columns:
# 68-88
name=unknown_B
#
# <colnr> <probs for GDERKNQSTAVLIFYWHMCP>
#	G	D	E	R	K	N	Q	S	T	A	V	L	I	F	Y	W	H	M	C	P
0	0.01658	0.01522	0.02080	0.01643	0.02025	0.03636	0.09652	0.10349	0.01606	0.02318	0.01330	0.01754	0.01135	0.01420	0.10495	0.00334	0.21633	0.00606	0.00413	0.24391
1	0.01105	0.00899	0.01425	0.05837	0.01652	0.01032	0.05407	0.01374	0.01188	0.01688	0.01821	0.02769	0.01706	0.09691	0.55017	0.00960	0.04622	0.00774	0.00377	0.00658
2	0.00979	0.00767	0.00990	0.01186	0.05475	0.00732	0.00766	0.01258	0.05937	0.01947	0.04298	0.52680	0.16374	0.01967	0.00871	0.00272	0.00441	0.01759	0.00646	0.00654
3	0.01944	0.01639	0.01858	0.06701	0.14847	0.09735	0.01339	0.10794	0.16593	0.09547	0.02687	0.02728	0.11062	0.01153	0.03964	0.00264	0.00791	0.00787	0.00576	0.00993
4	0.02236	0.01710	0.02022	0.06424	0.04348	0.05310	0.05494	0.31203	0.11405	0.10107	0.10273	0.02353	0.02024	0.00907	0.00734	0.00221	0.00747	0.00752	0.00662	0.01068
5	0.00888	0.00687	0.00810	0.00855	0.01010	0.00609	0.00613	0.01084	0.01622	0.02098	0.20376	0.30145	0.32902	0.01874	0.00865	0.00254	0.00373	0.01636	0.00689	0.00609
6	0.00983	0.00742	0.00921	0.01007	0.01127	0.00720	0.00714	0.01334	0.08161	0.02090	0.12772	0.48424	0.11883	0.01949	0.00877	0.00272	0.00422	0.04270	0.00683	0.00650
7	0.02577	0.01686	0.01886	0.01482	0.01995	0.01806	0.01208	0.43141	0.09635	0.17727	0.05778	0.02221	0.01754	0.02764	0.00794	0.00230	0.00698	0.00718	0.00745	0.01154
8	0.02169	0.01407	0.01579	0.01321	0.01731	0.01502	0.01035	0.17870	0.26374	0.18401	0.02639	0.02777	0.03989	0.10546	0.01094	0.00287	0.00627	0.00795	0.02812	0.01047
9	0.02521	0.01352	0.01632	0.01313	0.01772	0.01336	0.01058	0.24545	0.02367	0.33502	0.05766	0.11878	0.05465	0.01117	0.00751	0.00228	0.00617	0.00924	0.00781	0.01076
10	0.01710	0.05341	0.19946	0.07275	0.28805	0.03808	0.05014	0.04395	0.12138	0.02395	0.01555	0.01810	0.01207	0.00708	0.00695	0.00219	0.00884	0.00627	0.00404	0.01065
11	0.01631	0.01356	0.01764	0.18011	0.10833	0.01508	0.01362	0.02732	0.31817	0.06732	0.02939	0.02952	0.11344	0.00981	0.00735	0.00235	0.00660	0.00838	0.00587	0.00982
12	0.00879	0.00625	0.00823	0.00977	0.01015	0.00586	0.00645	0.00995	0.01341	0.01788	0.03809	0.69701	0.04564	0.07239	0.01096	0.00317	0.00432	0.01956	0.00645	0.00568
13	0.01037	0.00874	0.00981	0.01073	0.01145	0.05439	0.00745	0.01165	0.01391	0.01791	0.03690	0.56805	0.08644	0.05729	0.01115	0.00301	0.05120	0.01745	0.00608	0.00602
14	0.02501	0.02004	0.02037	0.04659	0.02253	0.08382	0.01340	0.51358	0.09334	0.03905	0.01815	0.03943	0.01369	0.00889	0.00713	0.00217	0.00804	0.00681	0.00664	0.01132
15	0.01025	0.00686	0.00780	0.00790	0.00793	0.00683	0.00446	0.01033	0.01056	0.01408	0.02348	0.09018	0.02721	0.70436	0.03455	0.00665	0.00673	0.01097	0.00446	0.00441
16	0.01498	0.01263	0.01470	0.01078	0.01675	0.00986	0.00857	0.04758	0.01555	0.02391	0.01434	0.05566	0.01266	0.00637	0.00557	0.00121	0.00533	0.00521	0.00448	0.71386
17	0.01749	0.01448	0.01726	0.01257	0.01880	0.01253	0.03605	0.16058	0.01886	0.02784	0.01368	0.01544	0.01089	0.00601	0.00579	0.00134	0.00609	0.00485	0.00482	0.59463
18	0.00876	0.00629	0.00818	0.00966	0.01015	0.00586	0.00642	0.00995	0.01358	0.01799	0.03998	0.67178	0.07915	0.06272	0.01057	0.00309	0.00426	0.01943	0.00648	0.00571
19	0.02542	0.01811	0.01985	0.04693	0.02187	0.01995	0.01291	0.56627	0.03043	0.06905	0.01790	0.01832	0.01277	0.00847	0.00693	0.00211	0.00743	0.00646	0.07740	0.01143
20	0.02679	0.02034	0.01951	0.01573	0.02075	0.14827	0.01264	0.37702	0.06905	0.16568	0.01947	0.03960	0.01425	0.00885	0.00707	0.00213	0.00817	0.00673	0.00680	0.01116

[dist]
# distance from previous block
# <min> <max>
0	2

[block]
# block no. 2 follows, 29 sequences, length 23
# corresponding to MSA columns:
# 91-113
name=unknown_C
#
# <colnr> <probs for GDERKNQSTAVLIFYWHMCP>
#	G	D	E	R	K	N	Q	S	T	A	V	L	I	F	Y	W	H	M	C	P
0	0.02514	0.01893	0.02117	0.09863	0.02504	0.02119	0.01416	0.58058	0.05662	0.04123	0.01704	0.01768	0.01218	0.00843	0.00713	0.00217	0.00794	0.00646	0.00667	0.01159
1	0.00938	0.00694	0.00901	0.00999	0.01108	0.00621	0.00682	0.01084	0.01376	0.01875	0.03619	0.66117	0.04290	0.02035	0.00865	0.00268	0.00426	0.01840	0.00634	0.09629
2	0.01206	0.00830	0.00937	0.00899	0.00968	0.00850	0.00562	0.08644	0.01335	0.01783	0.02376	0.12353	0.02676	0.58208	0.02982	0.00590	0.00669	0.01104	0.00490	0.00537
3	0.02660	0.01494	0.01765	0.01403	0.01897	0.01522	0.01138	0.31095	0.05193	0.31676	0.02467	0.10410	0.01880	0.01028	0.00737	0.00226	0.00659	0.00838	0.00777	0.01135
4	0.01099	0.00705	0.00829	0.00833	0.00863	0.00698	0.00497	0.01132	0.01116	0.04124	0.02447	0.12537	0.02773	0.61353	0.05569	0.00642	0.00697	0.01127	0.00473	0.00485
5	0.01781	0.01810	0.02894	0.11106	0.50660	0.07295	0.09658	0.02211	0.01639	0.02222	0.01324	0.01757	0.01087	0.00646	0.00716	0.00215	0.00932	0.00644	0.00351	0.01050
6	0.01050	0.00758	0.00904	0.00892	0.01006	0.00694	0.00573	0.01141	0.01214	0.01675	0.02644	0.27266	0.03046	0.39060	0.02233	0.00465	0.00573	0.01265	0.00506	0.13034
7	0.01036	0.00690	0.00777	0.00777	0.00777	0.00690	0.00431	0.01036	0.01036	0.01381	0.02244	0.04660	0.02589	0.74975	0.03624	0.00690	0.00690	0.01036	0.00431	0.00431
8	0.01022	0.00689	0.00777	0.00783	0.00793	0.00683	0.00444	0.01033	0.01070	0.01417	0.02489	0.07435	0.05134	0.69503	0.03418	0.00658	0.00668	0.01091	0.00449	0.00443
9	0.02707	0.01995	0.02137	0.01638	0.02208	0.02208	0.01353	0.68159	0.03348	0.04488	0.01710	0.01710	0.01211	0.00855	0.00712	0.00214	0.00784	0.00641	0.00712	0.01211
10	0.02707	0.01995	0.02137	0.01638	0.02208	0.02208	0.01353	0.68159	0.03348	0.04488	0.01710	0.01710	0.01211	0.00855	0.00712	0.00214	0.00784	0.00641	0.00712	0.01211
11	0.00868	0.00620	0.00826	0.00991	0.01033	0.00578	0.00661	0.00991	0.01363	0.01818	0.03925	0.74510	0.04710	0.02231	0.00909	0.00289	0.00413	0.02024	0.00661	0.00578
12	0.02606	0.01935	0.02083	0.01591	0.02166	0.02105	0.01312	0.62732	0.03195	0.04310	0.01673	0.01691	0.01198	0.00828	0.00697	0.00205	0.00763	0.00623	0.00689	0.07598
13	0.01727	0.01414	0.01611	0.01174	0.01794	0.01206	0.00948	0.15312	0.01858	0.02762	0.01356	0.01524	0.01087	0.00594	0.00565	0.00128	0.00580	0.00467	0.00481	0.63415
14	0.00928	0.00711	0.00923	0.01024	0.01083	0.00716	0.00711	0.01056	0.01358	0.01804	0.03991	0.57997	0.11849	0.04989	0.01126	0.00301	0.06408	0.01811	0.00623	0.00592
15	0.01040	0.04683	0.01300	0.19074	0.02040	0.00947	0.01014	0.01259	0.01395	0.01816	0.03258	0.49405	0.06588	0.01747	0.00833	0.00267	0.00563	0.01566	0.00556	0.00650
16	0.02590	0.01914	0.02047	0.01590	0.02134	0.02122	0.01307	0.61101	0.08117	0.04313	0.01818	0.01812	0.01303	0.00862	0.00706	0.00214	0.00752	0.00654	0.03460	0.01186
17	0.02401	0.01629	0.01800	0.01418	0.01872	0.01752	0.01134	0.46539	0.02756	0.11343	0.05486	0.02457	0.01783	0.12926	0.01192	0.00292	0.00725	0.00747	0.00689	0.01056
18	0.02743	0.01937	0.02101	0.01611	0.02180	0.02123	0.01331	0.63414	0.03252	0.09369	0.01790	0.01762	0.01251	0.00857	0.00713	0.00214	0.00771	0.00647	0.00725	0.01211
19	0.01927	0.01503	0.02341	0.12912	0.37838	0.01545	0.01764	0.06865	0.05327	0.12673	0.06702	0.02183	0.01668	0.00775	0.00719	0.00219	0.00768	0.00704	0.00502	0.01066
20	0.00872	0.00652	0.00811	0.00921	0.01019	0.00591	0.00634	0.01026	0.01474	0.01922	0.09754	0.53359	0.20233	0.02071	0.00888	0.00273	0.00395	0.01846	0.00670	0.00591
21	0.01874	0.01718	0.01982	0.08057	0.02256	0.09018	0.04342	0.17245	0.01892	0.02577	0.01402	0.04511	0.01191	0.00852	0.00979	0.00204	0.14886	0.00618	0.00459	0.23937
22	0.01952	0.01859	0.04510	0.17193	0.05298	0.15952	0.01378	0.12190	0.03649	0.07231	0.01869	0.02192	0.05314	0.05404	0.00862	0.00232	0.00853	0.00654	0.00479	0.10929

[dist]
# distance from previous block
# <min> <max>
3	10

[block]
# block no. 3 follows, 29 sequences, length 22
# corresponding to MSA columns:
# 124-145
name=unknown_D
#
# <colnr> <probs for GDERKNQSTAVLIFYWHMCP>
#	G	D	E	R	K	N	Q	S	T	A	V	L	I	F	Y	W	H	M	C	P
0	0.01020	0.00773	0.00987	0.01044	0.01139	0.00773	0.00734	0.03609	0.01451	0.01961	0.06945	0.52928	0.07813	0.06275	0.01136	0.00299	0.05350	0.01697	0.00624	0.03442
1	0.08271	0.01741	0.01875	0.01457	0.01992	0.01876	0.01198	0.47624	0.04444	0.11315	0.01816	0.01811	0.01288	0.00828	0.00671	0.00207	0.00703	0.00625	0.05135	0.05122
2	0.01036	0.00690	0.00777	0.00777	0.00777	0.00690	0.00431	0.01036	0.01036	0.01381	0.02244	0.04660	0.02589	0.74975	0.03624	0.00690	0.00690	0.01036	0.00431	0.00431
3	0.02242	0.39338	0.02881	0.01528	0.02003	0.34960	0.01304	0.02447	0.01699	0.01708	0.01039	0.01223	0.00916	0.00690	0.00610	0.00172	0.03613	0.00426	0.00334	0.00868
4	0.05491	0.01246	0.01686	0.13624	0.02131	0.01537	0.01283	0.06893	0.01428	0.02082	0.01956	0.23304	0.02077	0.01364	0.01351	0.00273	0.27618	0.01024	0.00459	0.03172
5	0.01514	0.01316	0.01672	0.01206	0.01821	0.01041	0.05772	0.03825	0.01533	0.02351	0.01326	0.01628	0.01115	0.03155	0.00665	0.00139	0.00590	0.00481	0.00427	0.68424
6	0.04899	0.13363	0.06084	0.01551	0.02106	0.12160	0.01340	0.32252	0.08291	0.06776	0.01614	0.01646	0.01200	0.00786	0.00649	0.00201	0.00825	0.00573	0.00571	0.03114
7	0.01952	0.05879	0.06908	0.01820	0.02436	0.01684	0.18946	0.20312	0.04178	0.06473	0.05073	0.01956	0.01465	0.00851	0.02495	0.00223	0.00853	0.00677	0.00522	0.15297
8	0.01881	0.01461	0.01585	0.01405	0.01812	0.01647	0.01098	0.03641	0.59346	0.09904	0.05946	0.02754	0.02338	0.00980	0.00729	0.00239	0.00558	0.00818	0.00743	0.01115
9	0.00905	0.00640	0.00835	0.00963	0.01002	0.00615	0.00634	0.01015	0.01294	0.01733	0.03520	0.58390	0.04178	0.15041	0.05341	0.00406	0.00544	0.01782	0.00606	0.00556
10	0.01608	0.15074	0.13435	0.09241	0.02348	0.07939	0.05769	0.02001	0.01621	0.04326	0.13562	0.02368	0.04268	0.00880	0.00797	0.00208	0.06259	0.00697	0.00439	0.07160
11	0.02378	0.01778	0.01976	0.04063	0.02140	0.01982	0.01298	0.54460	0.02931	0.03936	0.01935	0.10779	0.01625	0.01039	0.00811	0.00228	0.04056	0.00812	0.00674	0.01098
12	0.00873	0.00641	0.00820	0.00948	0.01025	0.00588	0.00645	0.01019	0.01443	0.01902	0.08819	0.60509	0.13915	0.02120	0.00895	0.00278	0.00401	0.01903	0.00669	0.00588
13	0.02315	0.01780	0.02190	0.08340	0.06246	0.01954	0.05744	0.38848	0.15143	0.07165	0.01909	0.01957	0.01382	0.00835	0.00723	0.00223	0.00779	0.00687	0.00644	0.01136
14	0.01698	0.05989	0.16530	0.12632	0.06459	0.05454	0.15572	0.06519	0.05685	0.02243	0.01357	0.01723	0.01061	0.00787	0.00986	0.00238	0.13100	0.00642	0.00376	0.00949
15	0.01925	0.01195	0.01384	0.01205	0.01566	0.01227	0.00933	0.06167	0.25617	0.20948	0.07830	0.08055	0.10331	0.07118	0.00989	0.00272	0.00548	0.00983	0.00735	0.00971
16	0.00868	0.00640	0.00814	0.00944	0.01022	0.00585	0.00642	0.01009	0.01429	0.01872	0.06831	0.61113	0.15355	0.02134	0.00896	0.00279	0.00402	0.01914	0.00665	0.00585
17	0.02256	0.20201	0.02317	0.06253	0.02121	0.14211	0.01249	0.18024	0.08966	0.09939	0.01670	0.01874	0.01316	0.05614	0.00828	0.00229	0.00829	0.00595	0.00526	0.00983
18	0.02538	0.01840	0.01916	0.01528	0.02022	0.06460	0.01232	0.45591	0.07685	0.11892	0.02020	0.05652	0.01557	0.03695	0.00828	0.00236	0.00757	0.00735	0.00698	0.01119
19	0.00949	0.00695	0.00880	0.00939	0.01050	0.00633	0.00643	0.01115	0.01471	0.02001	0.15932	0.45550	0.08552	0.09684	0.01156	0.00305	0.00433	0.01648	0.00644	0.05720
20	0.02025	0.01486	0.01862	0.01782	0.11852	0.01504	0.01240	0.23151	0.02117	0.09993	0.01869	0.09286	0.01586	0.00920	0.00791	0.00202	0.05547	0.00741	0.03499	0.18545
21	0.03885	0.04048	0.01679	0.09933	0.05481	0.01479	0.01176	0.14893	0.11982	0.05020	0.02394	0.21727	0.02325	0.05345	0.01005	0.00271	0.04850	0.01045	0.00580	0.00882

[dist]
# distance from previous block
# <min> <max>
4	15

[block]
# block no. 4 follows, 29 sequences, length 24
# corresponding to MSA columns:
# 161-184
name=unknown_E
#
# <colnr> <probs for GDERKNQSTAVLIFYWHMCP>
#	G	D	E	R	K	N	Q	S	T	A	V	L	I	F	Y	W	H	M	C	P
0	0.02257	0.07993	0.02003	0.01508	0.01925	0.12838	0.01231	0.24446	0.04036	0.10368	0.01774	0.03856	0.01462	0.03052	0.03913	0.00268	0.08117	0.03453	0.00564	0.04939
1	0.02018	0.01574	0.01597	0.01312	0.01742	0.09758	0.01042	0.15342	0.08175	0.10184	0.01874	0.03846	0.01476	0.01083	0.04796	0.00242	0.03846	0.00637	0.10197	0.19258
2	0.02114	0.01568	0.01800	0.04960	0.02078	0.01518	0.01130	0.29821	0.02302	0.08281	0.01566	0.01666	0.01167	0.00700	0.00628	0.00166	0.00662	0.00546	0.00573	0.36751
3	0.01656	0.01713	0.02491	0.39910	0.21607	0.10948	0.07496	0.02089	0.01576	0.01981	0.01278	0.01784	0.01003	0.00685	0.00712	0.00224	0.00988	0.00628	0.00336	0.00898
4	0.18095	0.01369	0.05049	0.01241	0.01796	0.01185	0.01073	0.03140	0.01850	0.54319	0.02377	0.02130	0.01526	0.00828	0.00660	0.00221	0.00618	0.00642	0.00766	0.01118
5	0.05787	0.01271	0.01412	0.01206	0.01526	0.01371	0.00950	0.26769	0.02210	0.05981	0.09276	0.13349	0.04205	0.02971	0.00855	0.00235	0.04040	0.00940	0.14762	0.00885
6	0.01883	0.01983	0.01882	0.01658	0.01822	0.23367	0.01324	0.04754	0.01520	0.01949	0.01245	0.01687	0.01099	0.01256	0.05520	0.00298	0.35293	0.00586	0.10084	0.00788
7	0.01126	0.00877	0.01032	0.01027	0.01209	0.00891	0.00746	0.01749	0.17209	0.02390	0.24306	0.25603	0.11490	0.05809	0.00993	0.00276	0.00434	0.01406	0.00700	0.00728
8	0.02894	0.01264	0.01639	0.01292	0.01795	0.01165	0.01052	0.12410	0.02157	0.54679	0.02764	0.09507	0.01978	0.01012	0.00735	0.00226	0.00612	0.00836	0.00835	0.01149
9	0.06994	0.08902	0.04556	0.01546	0.04761	0.01602	0.04390	0.16305	0.02081	0.31343	0.02015	0.01971	0.01389	0.00817	0.00729	0.00213	0.03573	0.00637	0.05086	0.01088
10	0.02628	0.01999	0.02052	0.01610	0.02139	0.07399	0.01316	0.56760	0.03069	0.06848	0.01720	0.01768	0.01243	0.01100	0.04746	0.00264	0.00878	0.00637	0.00674	0.01149
11	0.00935	0.00681	0.00894	0.01029	0.01125	0.00639	0.00757	0.01122	0.01489	0.01957	0.08015	0.48784	0.11537	0.02084	0.00914	0.00289	0.00457	0.16023	0.00667	0.00603
12	0.01459	0.01142	0.01608	0.31176	0.02872	0.01287	0.01332	0.07616	0.08385	0.06458	0.02657	0.22148	0.06451	0.01243	0.00775	0.00249	0.00692	0.01090	0.00542	0.00817
13	0.01681	0.01921	0.04202	0.03001	0.03721	0.01801	0.67947	0.02281	0.01681	0.02281	0.01441	0.01921	0.01080	0.00600	0.00840	0.00240	0.01200	0.00840	0.00360	0.00960
14	0.00873	0.00639	0.00821	0.00951	0.01026	0.00587	0.00646	0.01017	0.01437	0.01896	0.08446	0.61569	0.13220	0.02128	0.00896	0.00279	0.00402	0.01912	0.00669	0.00587
15	0.01046	0.00714	0.00921	0.00927	0.01078	0.00652	0.00673	0.01296	0.01770	0.05506	0.39850	0.27560	0.11902	0.01712	0.00857	0.00246	0.00375	0.01519	0.00737	0.00659
16	0.01528	0.04635	0.02107	0.04966	0.01938	0.04202	0.01471	0.01715	0.01157	0.01710	0.01082	0.01706	0.01042	0.01703	0.11065	0.00404	0.55853	0.00626	0.00322	0.00768
17	0.01884	0.72405	0.06556	0.01252	0.01880	0.02769	0.01277	0.02137	0.01449	0.01700	0.01002	0.01157	0.00913	0.00612	0.00466	0.00155	0.00774	0.00387	0.00304	0.00920
18	0.01077	0.00828	0.01214	0.01187	0.01305	0.00993	0.00932	0.01326	0.01155	0.01701	0.01840	0.02683	0.01708	0.04793	0.63035	0.01030	0.08087	0.00747	0.03710	0.00649
19	0.10984	0.04366	0.01696	0.01249	0.01780	0.01340	0.01034	0.13724	0.02086	0.39186	0.06012	0.02186	0.01740	0.00839	0.00664	0.00205	0.00613	0.00658	0.00731	0.08908
20	0.01237	0.00618	0.00928	0.00928	0.00928	0.00618	0.00618	0.00928	0.00928	0.01237	0.01237	0.02165	0.01237	0.02474	0.02783	0.79283	0.00618	0.00618	0.00309	0.00309
21	0.01665	0.31380	0.42193	0.01708	0.02559	0.05148	0.02031	0.02233	0.01504	0.02009	0.01159	0.01354	0.00907	0.00653	0.00590	0.00195	0.00950	0.00467	0.00305	0.00989
22	0.01742	0.01503	0.05649	0.01375	0.01832	0.01382	0.03489	0.16958	0.04111	0.05445	0.01847	0.10119	0.01683	0.07413	0.01075	0.00241	0.07012	0.00769	0.00526	0.25830
23	0.04009	0.12189	0.14182	0.01240	0.01710	0.01262	0.03533	0.01797	0.01675	0.05206	0.24529	0.07423	0.04765	0.01048	0.00693	0.00205	0.00597	0.00886	0.05401	0.07650

[dist]
# distance from previous block
# <min> <max>
0	15

[block]
# block no. 5 follows, 29 sequences, length 21
# corresponding to MSA columns:
# 200-220
name=unknown_F
#
# <colnr> <probs for GDERKNQSTAVLIFYWHMCP>
#	G	D	E	R	K	N	Q	S	T	A	V	L	I	F	Y	W	H	M	C	P
0	0.17347	0.12226	0.13172	0.05083	0.02100	0.08497	0.01355	0.10599	0.08532	0.04731	0.01624	0.05888	0.01334	0.00826	0.00615	0.00212	0.00768	0.00619	0.03539	0.00932
1	0.04534	0.03809	0.01268	0.01020	0.01342	0.01109	0.00778	0.14062	0.01771	0.02531	0.04361	0.11723	0.11369	0.12808	0.01139	0.00275	0.00547	0.00946	0.09813	0.14792
2	0.09095	0.09637	0.03346	0.01242	0.01654	0.03392	0.03568	0.06492	0.03643	0.06260	0.05853	0.09531	0.03841	0.07613	0.01003	0.00243	0.04644	0.00785	0.00506	0.17651
3	0.16019	0.03173	0.01489	0.01716	0.16684	0.01180	0.01056	0.01770	0.01509	0.06890	0.08123	0.14490	0.08979	0.04034	0.00853	0.00246	0.02772	0.00969	0.07243	0.00805
4	0.01098	0.00746	0.00939	0.00894	0.01088	0.00672	0.00669	0.01380	0.01879	0.06801	0.47503	0.12059	0.18472	0.01561	0.00839	0.00233	0.00365	0.01364	0.00754	0.00683
5	0.01731	0.01482	0.02082	0.32424	0.11756	0.01594	0.01609	0.16715	0.01891	0.02593	0.01374	0.01744	0.01054	0.00693	0.00670	0.00199	0.00805	0.00587	0.00433	0.18564
6	0.02217	0.01775	0.02256	0.09018	0.06164	0.01868	0.07534	0.40684	0.02593	0.03534	0.01545	0.01712	0.01142	0.00750	0.00693	0.00200	0.00799	0.00621	0.00572	0.14324
7	0.02663	0.03314	0.02025	0.01823	0.02202	0.68122	0.01375	0.06576	0.02094	0.01900	0.01135	0.01308	0.00934	0.00741	0.00646	0.00185	0.01256	0.00469	0.00387	0.00848
8	0.00868	0.00620	0.00826	0.00991	0.01033	0.00578	0.00661	0.00991	0.01363	0.01818	0.03925	0.74510	0.04710	0.02231	0.00909	0.00289	0.00413	0.02024	0.00661	0.00578
9	0.01105	0.00752	0.00939	0.00886	0.01088	0.00675	0.00666	0.01391	0.01894	0.07016	0.48149	0.09273	0.20415	0.01538	0.00836	0.00231	0.00363	0.01339	0.00756	0.00686
10	0.00950	0.00704	0.00873	0.00874	0.01022	0.00641	0.00631	0.01196	0.01759	0.02392	0.41369	0.18995	0.18432	0.05712	0.01007	0.00265	0.00375	0.01458	0.00717	0.00627
11	0.00925	0.00659	0.00877	0.01019	0.01083	0.00624	0.00718	0.01085	0.01427	0.01905	0.08111	0.56906	0.04639	0.06075	0.01062	0.00312	0.00457	0.10873	0.00656	0.00587
12	0.00994	0.00679	0.00782	0.00812	0.00833	0.00665	0.00479	0.01027	0.01128	0.01490	0.02830	0.17326	0.06848	0.57721	0.02977	0.00593	0.00622	0.01240	0.00486	0.00468
13	0.02613	0.01948	0.02084	0.01619	0.02172	0.02164	0.01331	0.61688	0.09973	0.04336	0.01829	0.01805	0.01308	0.00866	0.00714	0.00216	0.00761	0.00658	0.00714	0.01203
14	0.01547	0.01307	0.01514	0.01088	0.01717	0.01021	0.00873	0.05597	0.01584	0.02445	0.01291	0.01490	0.01064	0.00546	0.00538	0.00112	0.00542	0.00434	0.00439	0.74850
15	0.01290	0.00874	0.00996	0.00930	0.01180	0.00807	0.00698	0.07607	0.01802	0.09258	0.13076	0.16295	0.35182	0.05536	0.00975	0.00266	0.00448	0.01373	0.00691	0.00716
16	0.01638	0.01135	0.01254	0.01076	0.01345	0.01205	0.00824	0.21833	0.01980	0.02839	0.06229	0.03128	0.06628	0.15592	0.05037	0.00345	0.02881	0.00818	0.21028	0.03186
17	0.01612	0.01851	0.09880	0.34170	0.07747	0.08691	0.08112	0.04752	0.06930	0.02178	0.04165	0.02137	0.01379	0.00783	0.00726	0.00231	0.00943	0.02418	0.00401	0.00894
18	0.02327	0.14387	0.02253	0.01483	0.01977	0.02126	0.01240	0.46833	0.02696	0.03575	0.01714	0.05669	0.01427	0.05709	0.00919	0.00241	0.03055	0.00695	0.00609	0.01062
19	0.00945	0.00692	0.00882	0.03574	0.01137	0.00662	0.00669	0.01102	0.01437	0.01907	0.13488	0.37926	0.12172	0.16143	0.01414	0.00351	0.00478	0.03825	0.00621	0.00577
20	0.06211	0.06325	0.04263	0.02215	0.18142	0.20058	0.01486	0.11107	0.10322	0.02493	0.01825	0.01973	0.05451	0.00833	0.00747	0.00212	0.04257	0.00633	0.00467	0.00978

[dist]
# distance from previous block
# <min> <max>
10	24

[block]
# block no. 6 follows, 29 sequences, length 27
# corresponding to MSA columns:
# 245-271
name=unknown_G
#
# <colnr> <probs for GDERKNQSTAVLIFYWHMCP>
#	G	D	E	R	K	N	Q	S	T	A	V	L	I	F	Y	W	H	M	C	P
0	0.01003	0.00682	0.00805	0.00827	0.00854	0.00669	0.00499	0.01063	0.01204	0.01625	0.10310	0.16828	0.03429	0.53964	0.02835	0.00567	0.00602	0.01236	0.00512	0.00484
1	0.06635	0.04286	0.01883	0.18563	0.02545	0.05334	0.01350	0.24158	0.04025	0.02839	0.01737	0.09038	0.01502	0.01169	0.04144	0.00273	0.05636	0.00753	0.03218	0.00914
2	0.26656	0.08637	0.29891	0.01634	0.05013	0.01776	0.01695	0.09783	0.01643	0.05427	0.01274	0.01433	0.00939	0.00693	0.00590	0.00216	0.00812	0.00494	0.00417	0.00979
3	0.01037	0.00757	0.00892	0.00883	0.00998	0.00743	0.00613	0.02716	0.01496	0.02025	0.17458	0.16555	0.17907	0.23676	0.01727	0.00378	0.03436	0.01304	0.04812	0.00586
4	0.01024	0.00685	0.00780	0.00791	0.00794	0.00683	0.00447	0.01032	0.01058	0.01411	0.02359	0.09448	0.02734	0.69988	0.03438	0.00663	0.00671	0.01103	0.00447	0.00442
5	0.28060	0.11947	0.16384	0.01444	0.03726	0.01722	0.02837	0.08459	0.01651	0.10585	0.04112	0.01662	0.01250	0.00846	0.02357	0.00235	0.00760	0.00538	0.00477	0.00947
6	0.05792	0.01927	0.01699	0.01438	0.01833	0.21885	0.03720	0.17210	0.03925	0.06455	0.07052	0.05758	0.01836	0.00902	0.00666	0.00200	0.00791	0.00705	0.11232	0.04974
7	0.01071	0.00740	0.00962	0.00905	0.01084	0.00678	0.00679	0.01390	0.01974	0.05126	0.62635	0.08026	0.09066	0.01481	0.00838	0.00227	0.00349	0.01306	0.00777	0.00684
8	0.02417	0.04595	0.02092	0.15598	0.05195	0.38821	0.01477	0.09185	0.02007	0.09983	0.01394	0.01589	0.01057	0.00751	0.00668	0.00201	0.01061	0.00544	0.00448	0.00915
9	0.01893	0.28863	0.14149	0.18765	0.02844	0.10380	0.01655	0.06600	0.01672	0.05244	0.01250	0.01498	0.00980	0.00689	0.00605	0.00196	0.00911	0.00508	0.00368	0.00931
10	0.02442	0.01277	0.01678	0.11382	0.02197	0.01277	0.01173	0.14526	0.03847	0.36539	0.04122	0.12110	0.02077	0.01052	0.00744	0.00232	0.00652	0.00885	0.00735	0.01052
11	0.01027	0.00692	0.00804	0.00812	0.00822	0.00699	0.00473	0.01050	0.01058	0.01419	0.02295	0.07617	0.02626	0.66928	0.08260	0.00704	0.00763	0.01060	0.00438	0.00452
12	0.11654	0.17925	0.01777	0.01126	0.01483	0.05324	0.00934	0.05112	0.09479	0.02595	0.24930	0.02919	0.03113	0.01214	0.04312	0.00252	0.00638	0.00786	0.03605	0.00823
13	0.04740	0.09929	0.02225	0.01583	0.02101	0.13898	0.04365	0.36198	0.02572	0.07995	0.01792	0.01837	0.03718	0.00827	0.00670	0.00204	0.00838	0.00622	0.02837	0.01051
14	0.01462	0.01385	0.02347	0.53944	0.23309	0.01613	0.02036	0.01922	0.01479	0.01962	0.01286	0.01860	0.00999	0.00690	0.00710	0.00230	0.00920	0.00633	0.00327	0.00885
15	0.17220	0.45561	0.02866	0.01263	0.01821	0.06121	0.01161	0.12690	0.01734	0.02422	0.01111	0.01243	0.00934	0.00665	0.00504	0.00177	0.00752	0.00427	0.00399	0.00929
16	0.00858	0.00722	0.00744	0.00739	0.00972	0.00608	0.00554	0.01054	0.01662	0.02017	0.13489	0.06700	0.63911	0.01769	0.00841	0.00239	0.00358	0.01481	0.00673	0.00608
17	0.01549	0.01583	0.02528	0.06136	0.02375	0.02025	0.14384	0.01808	0.01232	0.01832	0.01141	0.03844	0.01077	0.01121	0.01912	0.00293	0.53311	0.00708	0.00332	0.00809
18	0.01094	0.00669	0.00758	0.00789	0.00857	0.00658	0.00509	0.01239	0.01288	0.01936	0.05355	0.18139	0.02939	0.33589	0.01963	0.00423	0.00505	0.01126	0.25620	0.00545
19	0.05513	0.01693	0.01784	0.01430	0.01906	0.01878	0.01163	0.45510	0.12788	0.03925	0.01953	0.01975	0.01432	0.00860	0.00670	0.00211	0.00671	0.00659	0.12886	0.01095
20	0.01237	0.00618	0.00928	0.00928	0.00928	0.00618	0.00618	0.00928	0.00928	0.01237	0.01237	0.02165	0.01237	0.02474	0.02783	0.79283	0.00618	0.00618	0.00309	0.00309
21	0.00914	0.00724	0.00821	0.00797	0.01006	0.00632	0.00598	0.01161	0.01793	0.02328	0.34496	0.06188	0.42710	0.01653	0.00841	0.00233	0.00350	0.01410	0.00714	0.00632
22	0.11690	0.49870	0.03028	0.01300	0.01857	0.10316	0.01196	0.09766	0.01699	0.02192	0.01085	0.01225	0.00931	0.00658	0.00505	0.00171	0.00796	0.00420	0.00375	0.00920
23	0.00993	0.00723	0.00934	0.00891	0.01057	0.00664	0.00664	0.01311	0.01966	0.02760	0.63847	0.08459	0.10045	0.01509	0.00843	0.00228	0.00341	0.01332	0.00772	0.00664
24	0.05437	0.06874	0.02545	0.15840	0.35367	0.10615	0.01843	0.05254	0.01657	0.02225	0.01252	0.01643	0.01032	0.00704	0.00757	0.00214	0.04812	0.00583	0.00363	0.00983
25	0.12812	0.12049	0.01809	0.01277	0.01618	0.05719	0.01045	0.17719	0.01785	0.02603	0.01533	0.02047	0.01338	0.08596	0.13810	0.00420	0.06861	0.00616	0.05504	0.00838
26	0.12143	0.09724	0.28662	0.07150	0.05406	0.04776	0.06137	0.05880	0.01567	0.02350	0.01357	0.05233	0.01125	0.00787	0.00739	0.00224	0.04816	0.00611	0.00372	0.00939

[dist]
# distance from previous block
# <min> <max>
3	14

[block]
# block no. 7 follows, 29 sequences, length 50
# corresponding to MSA columns:
# 286-335
name=unknown_H
#
# <colnr> <probs for GDERKNQSTAVLIFYWHMCP>
#	G	D	E	R	K	N	Q	S	T	A	V	L	I	F	Y	W	H	M	C	P
0	0.09871	0.16922	0.40166	0.01782	0.05595	0.04638	0.01952	0.02151	0.01469	0.02184	0.01319	0.04368	0.01099	0.02799	0.00701	0.00224	0.00908	0.00559	0.00339	0.00954
1	0.01644	0.07702	0.16398	0.01389	0.03481	0.01293	0.01286	0.09029	0.01803	0.10928	0.12062	0.14657	0.05368	0.03654	0.00827	0.00236	0.00656	0.00961	0.00575	0.06051
2	0.43924	0.05055	0.09335	0.10260	0.04336	0.06416	0.01256	0.05566	0.01456	0.02741	0.01150	0.01445	0.00911	0.02822	0.00630	0.00230	0.00741	0.00477	0.00410	0.00840
3	0.01323	0.08926	0.34289	0.04683	0.07847	0.01421	0.01823	0.01830	0.01468	0.02060	0.02101	0.22973	0.02127	0.01159	0.00737	0.00240	0.00807	0.02879	0.00421	0.00886
4	0.06760	0.04018	0.05792	0.09279	0.19284	0.01290	0.01356	0.01722	0.01412	0.05062	0.05378	0.05403	0.06786	0.04502	0.01285	0.14622	0.04071	0.00774	0.00425	0.00781
5	0.01764	0.01300	0.01483	0.06633	0.01796	0.01409	0.01021	0.28780	0.05194	0.03026	0.05269	0.11903	0.07020	0.10225	0.03082	0.00308	0.00673	0.00962	0.07279	0.00874
6	0.34743	0.01446	0.01465	0.01317	0.04338	0.01596	0.01021	0.20132	0.04966	0.06518	0.09384	0.02247	0.01849	0.00992	0.02345	0.00246	0.00641	0.03239	0.00591	0.00922
7	0.01178	0.00788	0.01028	0.01159	0.05321	0.00762	0.00762	0.01339	0.01393	0.05465	0.06641	0.19955	0.06478	0.28383	0.01864	0.00423	0.00582	0.12200	0.03662	0.00614
8	0.00949	0.00661	0.00804	0.00877	0.00914	0.00634	0.00552	0.01028	0.01255	0.01670	0.06243	0.36566	0.06861	0.35250	0.02137	0.00466	0.00533	0.01518	0.00562	0.00517
9	0.08267	0.14841	0.29976	0.13238	0.11174	0.01821	0.04656	0.02122	0.01482	0.02175	0.01290	0.01714	0.01029	0.00699	0.00644	0.00216	0.00913	0.02448	0.00335	0.00958
10	0.02162	0.13697	0.02094	0.03175	0.01968	0.20077	0.01214	0.20731	0.08558	0.02696	0.01971	0.02055	0.06394	0.00876	0.00708	0.00201	0.03504	0.00634	0.06340	0.00944
11	0.65038	0.01499	0.04405	0.01054	0.01540	0.01578	0.00913	0.05568	0.01413	0.09784	0.01217	0.01323	0.00895	0.00693	0.00492	0.00220	0.00591	0.00437	0.00491	0.00849
12	0.00986	0.00768	0.00828	0.00806	0.01045	0.00673	0.00606	0.01265	0.04424	0.04490	0.16037	0.09021	0.53117	0.01703	0.00835	0.00239	0.00376	0.01437	0.00689	0.00653
13	0.07721	0.01362	0.02125	0.56159	0.11081	0.01633	0.01864	0.05958	0.01545	0.02144	0.01279	0.01814	0.00969	0.00709	0.00690	0.00232	0.00897	0.00614	0.00354	0.00849
14	0.05498	0.10734	0.11701	0.09517	0.14995	0.10820	0.01713	0.18381	0.01994	0.02654	0.01309	0.01560	0.01023	0.00742	0.00734	0.00211	0.04419	0.00558	0.00428	0.01008
15	0.00920	0.00655	0.00844	0.00974	0.01031	0.00620	0.00665	0.01046	0.01351	0.01784	0.03815	0.53515	0.07751	0.13735	0.01344	0.00354	0.00478	0.07931	0.00624	0.00564
16	0.80005	0.01377	0.01047	0.00936	0.01377	0.01597	0.00771	0.02093	0.01212	0.03195	0.00991	0.01157	0.00771	0.00661	0.00441	0.00220	0.00551	0.00386	0.00441	0.00771
17	0.01237	0.00618	0.00928	0.00928	0.00928	0.00618	0.00618	0.00928	0.00928	0.01237	0.01237	0.02165	0.01237	0.02474	0.02783	0.79283	0.00618	0.00618	0.00309	0.00309
18	0.80005	0.01377	0.01047	0.00936	0.01377	0.01597	0.00771	0.02093	0.01212	0.03195	0.00991	0.01157	0.00771	0.00661	0.00441	0.00220	0.00551	0.00386	0.00441	0.00771
19	0.01063	0.00796	0.00938	0.00903	0.00962	0.00848	0.00604	0.01139	0.01177	0.01577	0.03069	0.04594	0.15764	0.46437	0.06435	0.00567	0.08781	0.01057	0.02768	0.00521
20	0.01656	0.00981	0.01015	0.00896	0.01158	0.01032	0.00702	0.17522	0.01936	0.03092	0.02177	0.02429	0.01679	0.00836	0.00549	0.00177	0.00440	0.00658	0.60271	0.00794
21	0.02639	0.01942	0.02082	0.01603	0.02150	0.02147	0.01316	0.65440	0.03254	0.04362	0.01731	0.01829	0.01267	0.03858	0.00830	0.00233	0.00780	0.00657	0.00701	0.01179
22	0.01994	0.01486	0.01632	0.01413	0.01813	0.01641	0.01107	0.21890	0.33683	0.08261	0.02723	0.14578	0.02296	0.01143	0.00752	0.00240	0.00605	0.00958	0.00722	0.01064
23	0.02006	0.52541	0.08308	0.01561	0.05594	0.15900	0.01403	0.02280	0.01569	0.01765	0.01050	0.01228	0.00925	0.00639	0.00521	0.00167	0.00887	0.00420	0.00319	0.00918
24	0.02356	0.01730	0.01859	0.01481	0.01952	0.01908	0.01194	0.51584	0.08334	0.03934	0.01986	0.05697	0.01586	0.05490	0.00890	0.00246	0.00715	0.00750	0.05214	0.01093
25	0.00866	0.00709	0.00764	0.00778	0.00984	0.00607	0.00573	0.01059	0.01639	0.02028	0.14788	0.15382	0.53721	0.01814	0.00850	0.00245	0.00364	0.01543	0.00677	0.00607
26	0.00971	0.00709	0.00912	0.00898	0.01050	0.00650	0.00659	0.01258	0.01873	0.02604	0.53804	0.17203	0.11521	0.01616	0.00852	0.00236	0.00351	0.01430	0.00753	0.00650
27	0.00891	0.00632	0.00830	0.00971	0.01010	0.00600	0.00641	0.01005	0.01319	0.01762	0.03670	0.64285	0.04377	0.10815	0.03282	0.00361	0.00489	0.01872	0.00626	0.00563
28	0.77551	0.01355	0.01035	0.00928	0.01360	0.01568	0.00763	0.02080	0.01221	0.03178	0.01033	0.01203	0.00804	0.00666	0.00442	0.00219	0.00544	0.00394	0.02889	0.00768
29	0.02707	0.01995	0.02137	0.01638	0.02208	0.02208	0.01353	0.68159	0.03348	0.04488	0.01710	0.01710	0.01211	0.00855	0.00712	0.00214	0.00784	0.00641	0.00712	0.01211
30	0.06467	0.01311	0.01669	0.01296	0.01829	0.01219	0.01066	0.12333	0.02164	0.56717	0.02609	0.04398	0.01729	0.00908	0.00709	0.00221	0.00622	0.00730	0.00832	0.01173
31	0.00868	0.00638	0.00814	0.00949	0.01023	0.00584	0.00644	0.01006	0.01419	0.01862	0.06223	0.62698	0.14369	0.02147	0.00897	0.00280	0.00403	0.01928	0.00664	0.00584
32	0.00984	0.00726	0.00923	0.00902	0.01072	0.00665	0.00681	0.01284	0.01896	0.02612	0.52874	0.09932	0.15678	0.01585	0.00853	0.00237	0.00364	0.05328	0.00751	0.00655
33	0.01596	0.01372	0.01695	0.01231	0.01841	0.01143	0.04299	0.07546	0.01635	0.02485	0.01302	0.01522	0.01065	0.00584	0.00621	0.00129	0.03078	0.00469	0.00440	0.65948
34	0.01025	0.00686	0.00780	0.00790	0.00792	0.00683	0.00446	0.01033	0.01056	0.01408	0.02347	0.08956	0.02719	0.70501	0.03457	0.00666	0.00673	0.01096	0.00446	0.00440
35	0.71160	0.01488	0.04767	0.01014	0.01494	0.01566	0.00886	0.02186	0.01278	0.07317	0.01118	0.01253	0.00839	0.00675	0.00470	0.00221	0.00581	0.00413	0.00460	0.00813
36	0.00868	0.00620	0.00826	0.00991	0.01033	0.00578	0.00661	0.00991	0.01363	0.01818	0.03925	0.74510	0.04710	0.02231	0.00909	0.00289	0.00413	0.02024	0.00661	0.00578
37	0.00862	0.00722	0.00749	0.00742	0.00974	0.00610	0.00557	0.01061	0.01670	0.02036	0.14807	0.06668	0.62581	0.01761	0.00841	0.00238	0.00358	0.01477	0.00676	0.00610
38	0.01018	0.00760	0.01130	0.01130	0.01252	0.00882	0.00872	0.01262	0.01140	0.01642	0.01921	0.02872	0.01813	0.08141	0.69397	0.01126	0.01858	0.00774	0.00383	0.00628
39	0.01477	0.01266	0.01477	0.01055	0.01687	0.00949	0.00844	0.01793	0.01477	0.02320	0.01266	0.01477	0.01055	0.00527	0.00527	0.00105	0.00527	0.00422	0.00422	0.79328
40	0.01515	0.01829	0.17259	0.12515	0.13994	0.04140	0.01685	0.02103	0.07244	0.05696	0.05414	0.06137	0.06165	0.01210	0.03910	0.00278	0.00845	0.06674	0.00476	0.00911
41	0.00842	0.00721	0.00721	0.00721	0.00962	0.00601	0.00541	0.01022	0.01623	0.01924	0.07213	0.06853	0.70244	0.01803	0.00842	0.00240	0.00361	0.01503	0.00661	0.00601
42	0.72948	0.01362	0.01102	0.00967	0.01418	0.01547	0.00796	0.02220	0.01288	0.09427	0.01159	0.01273	0.00862	0.00681	0.00466	0.00220	0.00556	0.00416	0.00481	0.00812
43	0.01171	0.00765	0.00952	0.00918	0.01128	0.00685	0.00695	0.01429	0.01804	0.09325	0.33903	0.14847	0.23341	0.01622	0.00844	0.00242	0.00396	0.04501	0.00737	0.00694
44	0.02343	0.01735	0.01903	0.03603	0.02082	0.01872	0.01229	0.51599	0.02873	0.03912	0.01854	0.07311	0.01486	0.00924	0.00700	0.00208	0.00714	0.00727	0.04480	0.08444
45	0.01619	0.01205	0.01360	0.01155	0.01476	0.01214	0.00866	0.21012	0.04379	0.02660	0.02194	0.14669	0.02171	0.18634	0.04261	0.00354	0.00672	0.00935	0.03275	0.15889
46	0.01862	0.18757	0.02520	0.15575	0.18796	0.09459	0.01542	0.10340	0.01755	0.02229	0.01367	0.01835	0.01166	0.06272	0.00855	0.00234	0.00856	0.00589	0.03067	0.00925
47	0.01239	0.00918	0.01006	0.00981	0.01133	0.03139	0.00688	0.06359	0.04133	0.02048	0.02883	0.20895	0.07309	0.23098	0.08192	0.00448	0.00684	0.01158	0.10166	0.03522
48	0.01501	0.01064	0.01183	0.01123	0.01332	0.04117	0.00846	0.13051	0.01847	0.05942	0.11012	0.21432	0.03385	0.12698	0.01233	0.00316	0.00582	0.09333	0.07264	0.00737
49	0.06133	0.18499	0.02476	0.06530	0.16484	0.09701	0.01457	0.08694	0.11092	0.04131	0.01479	0.01662	0.01184	0.00739	0.00691	0.00202	0.03752	0.00562	0.00446	0.04086

[dist]
# distance from previous block
# <min> <max>
2	11

[block]
# block no. 8 follows, 29 sequences, length 23
# corresponding to MSA columns:
# 347-369
name=unknown_I
#
# <colnr> <probs for GDERKNQSTAVLIFYWHMCP>
#	G	D	E	R	K	N	Q	S	T	A	V	L	I	F	Y	W	H	M	C	P
0	0.05565	0.01752	0.07471	0.17753	0.26006	0.04278	0.01787	0.11066	0.01789	0.04342	0.03682	0.01872	0.01275	0.00886	0.02968	0.00248	0.03198	0.00630	0.00425	0.03005
1	0.04404	0.00943	0.01047	0.03108	0.01263	0.02731	0.00741	0.07069	0.01754	0.02406	0.24852	0.04708	0.18068	0.14380	0.04949	0.00355	0.00583	0.02905	0.03062	0.00670
2	0.05117	0.01921	0.04317	0.13841	0.05258	0.11382	0.07360	0.17559	0.13730	0.02739	0.01640	0.01871	0.01257	0.00977	0.03417	0.00261	0.05227	0.00650	0.00497	0.00979
3	0.27396	0.01172	0.01305	0.01093	0.01519	0.01169	0.00882	0.02582	0.04206	0.32440	0.13949	0.05071	0.02422	0.00961	0.00656	0.00224	0.00533	0.00758	0.00709	0.00951
4	0.01624	0.02057	0.12409	0.06240	0.03413	0.01806	0.45921	0.02285	0.05450	0.02239	0.01445	0.01873	0.01099	0.00699	0.00951	0.00245	0.08154	0.00766	0.00366	0.00956
5	0.01183	0.00703	0.00941	0.01024	0.01139	0.00644	0.00713	0.01336	0.01480	0.11070	0.06476	0.62097	0.04399	0.02020	0.00880	0.00277	0.00436	0.01820	0.00695	0.00666
6	0.06838	0.01979	0.01900	0.13457	0.02461	0.16773	0.01357	0.26303	0.07060	0.02978	0.01682	0.01858	0.02940	0.00844	0.00756	0.00217	0.04514	0.00620	0.04502	0.00962
7	0.00868	0.00620	0.00826	0.00991	0.01033	0.00578	0.00661	0.00991	0.01363	0.01818	0.03925	0.74510	0.04710	0.02231	0.00909	0.00289	0.00413	0.02024	0.00661	0.00578
8	0.01539	0.03169	0.54576	0.04830	0.08228	0.01659	0.02382	0.07861	0.01663	0.02419	0.01426	0.04488	0.01101	0.00752	0.00692	0.00226	0.00984	0.00609	0.00355	0.01043
9	0.00854	0.00722	0.00739	0.00735	0.00970	0.00607	0.00551	0.01047	0.01654	0.01996	0.12098	0.06734	0.65314	0.01776	0.00841	0.00239	0.00359	0.01486	0.00671	0.00607
10	0.01490	0.01032	0.03645	0.04785	0.01571	0.00958	0.00945	0.10746	0.01741	0.11822	0.03236	0.48195	0.03493	0.01722	0.00837	0.00264	0.00541	0.01528	0.00669	0.00781
11	0.05921	0.71596	0.03593	0.01204	0.01804	0.02755	0.01195	0.02130	0.01435	0.01753	0.00990	0.01143	0.00906	0.00612	0.00456	0.00156	0.00751	0.00381	0.00312	0.00906
12	0.01109	0.00781	0.00994	0.04543	0.01276	0.00722	0.00727	0.01410	0.01888	0.06505	0.46948	0.05364	0.22113	0.01472	0.00827	0.00229	0.00389	0.01276	0.00735	0.00691
13	0.02414	0.07877	0.02120	0.01751	0.04167	0.38000	0.01339	0.18028	0.07649	0.02503	0.01606	0.01712	0.03633	0.00825	0.00718	0.00200	0.03458	0.00573	0.00481	0.00946
14	0.70124	0.01667	0.09879	0.01074	0.01591	0.01604	0.01005	0.02114	0.01248	0.03077	0.01027	0.01200	0.00788	0.00663	0.00470	0.00221	0.00614	0.00403	0.00423	0.00807
15	0.01912	0.01756	0.02580	0.03545	0.50238	0.05241	0.01923	0.12989	0.01926	0.02636	0.01587	0.02243	0.01374	0.00785	0.00726	0.00220	0.00842	0.05953	0.00437	0.01088
16	0.01477	0.01266	0.01477	0.01055	0.01687	0.00949	0.00844	0.01793	0.01477	0.02320	0.01266	0.01477	0.01055	0.00527	0.00527	0.00105	0.00527	0.00422	0.00422	0.79328
17	0.00922	0.00682	0.00873	0.01006	0.01112	0.00634	0.00740	0.01100	0.01473	0.01905	0.04542	0.47095	0.17540	0.02091	0.00911	0.00288	0.00454	0.15374	0.00660	0.00599
18	0.01422	0.03496	0.65919	0.07558	0.03223	0.01648	0.02580	0.02221	0.01497	0.02221	0.01277	0.01534	0.00906	0.00679	0.00679	0.00226	0.01044	0.00534	0.00302	0.01032
19	0.01255	0.00682	0.00784	0.00784	0.00931	0.00709	0.00590	0.01527	0.01381	0.02345	0.02161	0.02652	0.01776	0.01907	0.16010	0.05675	0.00689	0.00682	0.56826	0.00634
20	0.01874	0.05435	0.02718	0.03669	0.53290	0.09911	0.01952	0.02399	0.07577	0.02284	0.01431	0.01755	0.01185	0.00674	0.00687	0.00208	0.00868	0.00617	0.00384	0.01082
21	0.01209	0.00669	0.00721	0.00736	0.00853	0.00670	0.00513	0.01446	0.01367	0.02259	0.02435	0.09636	0.02255	0.17576	0.03901	0.00330	0.00478	0.00874	0.51468	0.00603
22	0.15005	0.00788	0.00730	0.00711	0.00925	0.00826	0.00545	0.01735	0.01444	0.02749	0.02091	0.02394	0.01642	0.00800	0.00488	0.00175	0.00370	0.00615	0.65284	0.00682

[dist]
# distance from previous block
# <min> <max>
0	1

[block]
