[name]
unknown

[dist]
# distance from previous block
# <min> <max>
0	0

[block]
# block no. 0 follows, 28 sequences, length 27
# corresponding to MSA columns:
# 0-26
name=unknown_A
#
# <colnr> <probs for GDERKNQSTAVLIFYWHMCP>
#	G	D	E	R	K	N	Q	S	T	A	V	L	I	F	Y	W	H	M	C	P
0	0.01171	0.00837	0.01171	0.01339	0.01506	0.00837	0.01171	0.01506	0.01673	0.02175	0.03849	0.08199	0.04183	0.02008	0.01004	0.00335	0.00669	0.65027	0.00669	0.00669
1	0.72960	0.01391	0.01122	0.00985	0.01445	0.01582	0.00812	0.02259	0.01310	0.09094	0.01173	0.01293	0.00875	0.00694	0.00474	0.00225	0.00567	0.00423	0.00489	0.00826
2	0.01799	0.01727	0.02950	0.04462	0.69919	0.01727	0.02231	0.02231	0.01655	0.02375	0.01367	0.01799	0.01151	0.00648	0.00720	0.00216	0.00864	0.00648	0.00360	0.01151
3	0.00886	0.00633	0.00843	0.01012	0.01054	0.00590	0.00675	0.01012	0.01392	0.01856	0.04006	0.73979	0.04808	0.02277	0.00928	0.00295	0.00422	0.02066	0.00675	0.00590
4	0.79588	0.01406	0.01068	0.00956	0.01406	0.01631	0.00787	0.02137	0.01237	0.03261	0.01012	0.01181	0.00787	0.00675	0.00450	0.00225	0.00562	0.00394	0.00450	0.00787
5	0.01799	0.01727	0.02950	0.04462	0.69919	0.01727	0.02231	0.02231	0.01655	0.02375	0.01367	0.01799	0.01151	0.00648	0.00720	0.00216	0.00864	0.00648	0.00360	0.01151
6	0.01847	0.01818	0.02904	0.04326	0.66368	0.05391	0.02187	0.02266	0.01676	0.02344	0.01355	0.01773	0.01140	0.00653	0.00716	0.00214	0.00887	0.00638	0.00361	0.01135
7	0.03261	0.01237	0.01687	0.01293	0.01856	0.01068	0.01068	0.03543	0.02081	0.70423	0.02868	0.02474	0.01799	0.00900	0.00731	0.00225	0.00619	0.00731	0.00900	0.01237
8	0.01373	0.01292	0.02180	0.72707	0.05006	0.01615	0.02019	0.01857	0.01453	0.01857	0.01292	0.01938	0.00969	0.00727	0.00727	0.00242	0.00969	0.00646	0.00323	0.00807
9	0.01799	0.01727	0.02950	0.04462	0.69919	0.01727	0.02231	0.02231	0.01655	0.02375	0.01367	0.01799	0.01151	0.00648	0.00720	0.00216	0.00864	0.00648	0.00360	0.01151
10	0.01057	0.00705	0.00793	0.00793	0.00793	0.00705	0.00440	0.01057	0.01057	0.01409	0.02290	0.04757	0.02643	0.74454	0.03700	0.00705	0.00705	0.01057	0.00440	0.00440
11	0.03222	0.01300	0.01726	0.01323	0.01887	0.01161	0.01093	0.08547	0.02185	0.65271	0.02780	0.02417	0.01755	0.00898	0.00731	0.00224	0.00633	0.00725	0.00886	0.01237
12	0.01799	0.01727	0.02950	0.04462	0.69919	0.01727	0.02231	0.02231	0.01655	0.02375	0.01367	0.01799	0.01151	0.00648	0.00720	0.00216	0.00864	0.00648	0.00360	0.01151
13	0.01799	0.01727	0.02950	0.04462	0.69919	0.01727	0.02231	0.02231	0.01655	0.02375	0.01367	0.01799	0.01151	0.00648	0.00720	0.00216	0.00864	0.00648	0.00360	0.01151
14	0.02715	0.03464	0.02060	0.01873	0.02247	0.71536	0.01404	0.02903	0.02060	0.01779	0.01124	0.01311	0.00936	0.00749	0.00655	0.00187	0.01311	0.00468	0.00375	0.00843
15	0.00886	0.00633	0.00843	0.01012	0.01054	0.00590	0.00675	0.01012	0.01392	0.01856	0.04006	0.73979	0.04808	0.02277	0.00928	0.00295	0.00422	0.02066	0.00675	0.00590
16	0.01682	0.01852	0.03836	0.02740	0.03461	0.01697	0.56454	0.02247	0.01682	0.02335	0.01441	0.01887	0.01099	0.00601	0.00806	0.00223	0.01113	0.00788	0.00378	0.13681
17	0.02719	0.02014	0.02157	0.01664	0.02237	0.02234	0.01371	0.64546	0.06439	0.04510	0.01801	0.01790	0.01282	0.00878	0.00728	0.00219	0.00789	0.00662	0.00728	0.01232
18	0.01029	0.00743	0.00972	0.00914	0.01086	0.00686	0.00686	0.01372	0.02058	0.02915	0.69536	0.05430	0.06859	0.01486	0.00857	0.00229	0.00343	0.01315	0.00800	0.00686
19	0.01038	0.03807	0.12936	0.01221	0.01469	0.00881	0.01068	0.01305	0.01422	0.01934	0.03354	0.53664	0.03867	0.02055	0.03529	0.00314	0.00613	0.04243	0.00588	0.00691
20	0.01623	0.01547	0.02632	0.32700	0.43060	0.01681	0.02143	0.02076	0.01572	0.02161	0.01336	0.01857	0.01076	0.00680	0.00723	0.00227	0.00907	0.00647	0.00345	0.01009
21	0.01669	0.15045	0.02694	0.41965	0.08792	0.08800	0.07161	0.02085	0.01554	0.01899	0.01244	0.01726	0.00983	0.00695	0.00682	0.00219	0.00981	0.00599	0.00332	0.00873
22	0.01944	0.02072	0.02596	0.21421	0.29077	0.19046	0.06563	0.04641	0.01770	0.02168	0.01308	0.01724	0.01050	0.00699	0.00716	0.00218	0.01025	0.00618	0.00368	0.00976
23	0.01373	0.01292	0.02180	0.72707	0.05006	0.01615	0.02019	0.01857	0.01453	0.01857	0.01292	0.01938	0.00969	0.00727	0.00727	0.00242	0.00969	0.00646	0.00323	0.00807
24	0.01792	0.01747	0.03066	0.04341	0.64203	0.01737	0.07855	0.02239	0.01660	0.02371	0.01376	0.01813	0.01147	0.00645	0.00732	0.00218	0.00895	0.00666	0.00360	0.01137
25	0.01264	0.01124	0.01578	0.01848	0.13946	0.03914	0.05524	0.01652	0.07379	0.02087	0.03256	0.44434	0.05690	0.01676	0.00855	0.00267	0.00605	0.01533	0.00590	0.00779
26	0.02013	0.02132	0.02743	0.03858	0.54135	0.18010	0.02038	0.02388	0.01750	0.02236	0.01310	0.01685	0.01101	0.00671	0.00705	0.00209	0.00968	0.00606	0.00363	0.01079

[dist]
# distance from previous block
# <min> <max>
0	2

[block]
# block no. 1 follows, 28 sequences, length 7
# corresponding to MSA columns:
# 29-35
name=unknown_B
#
# <colnr> <probs for GDERKNQSTAVLIFYWHMCP>
#	G	D	E	R	K	N	Q	S	T	A	V	L	I	F	Y	W	H	M	C	P
0	0.02389	0.01633	0.01831	0.01408	0.01972	0.01646	0.01150	0.34615	0.06353	0.14448	0.02229	0.02178	0.05452	0.00865	0.00693	0.00197	0.00672	0.00678	0.00685	0.18905
1	0.01309	0.01032	0.01428	0.01749	0.15373	0.01042	0.01059	0.03939	0.05724	0.02201	0.11938	0.13102	0.03342	0.22209	0.01657	0.00386	0.00642	0.10555	0.00566	0.00746
2	0.01024	0.00699	0.00794	0.00813	0.00835	0.00686	0.00474	0.01051	0.01136	0.01497	0.02833	0.12501	0.07566	0.61463	0.03197	0.00628	0.00650	0.01201	0.00483	0.00469
3	0.01886	0.01892	0.02866	0.04215	0.63481	0.08368	0.02152	0.02295	0.01694	0.02318	0.01344	0.01753	0.01131	0.00657	0.00714	0.00213	0.00906	0.00631	0.00361	0.01122
4	0.01705	0.01631	0.02780	0.19549	0.55568	0.01702	0.02184	0.02148	0.01611	0.02260	0.01351	0.01830	0.01111	0.00665	0.00721	0.00222	0.00887	0.00647	0.00352	0.01075
5	0.01647	0.01572	0.02676	0.28807	0.46763	0.01687	0.02155	0.02098	0.01583	0.02190	0.01340	0.01849	0.01086	0.00676	0.00722	0.00225	0.00901	0.00647	0.00347	0.01029
6	0.06730	0.01198	0.01541	0.01530	0.09717	0.01173	0.01027	0.06255	0.04453	0.18928	0.02077	0.02733	0.01752	0.18155	0.10155	0.00437	0.00829	0.00744	0.00567	0.10001

[dist]
# distance from previous block
# <min> <max>
12	16

[block]
# block no. 2 follows, 28 sequences, length 6
# corresponding to MSA columns:
# 52-57
name=unknown_C
#
# <colnr> <probs for GDERKNQSTAVLIFYWHMCP>
#	G	D	E	R	K	N	Q	S	T	A	V	L	I	F	Y	W	H	M	C	P
0	0.08483	0.20231	0.18172	0.02301	0.20963	0.01879	0.01768	0.02297	0.01560	0.08963	0.01419	0.01662	0.01119	0.00978	0.05055	0.00265	0.00908	0.00553	0.00399	0.01026
1	0.12527	0.01509	0.05358	0.06434	0.14277	0.03421	0.06500	0.02338	0.08017	0.12375	0.05633	0.11986	0.02158	0.01039	0.00739	0.00241	0.00724	0.03215	0.00559	0.00949
2	0.01684	0.01351	0.01323	0.01176	0.01520	0.08095	0.00912	0.07814	0.16671	0.09530	0.14230	0.04346	0.25780	0.01313	0.00788	0.00233	0.00566	0.01082	0.00706	0.00882
3	0.04902	0.07003	0.23422	0.01970	0.08151	0.10020	0.04303	0.05148	0.08342	0.08788	0.01665	0.04071	0.01302	0.00814	0.00761	0.00222	0.04156	0.00637	0.00460	0.03863
4	0.01361	0.04523	0.01957	0.01741	0.07112	0.01313	0.11004	0.01823	0.08177	0.02229	0.10572	0.25716	0.03090	0.01368	0.00991	0.00252	0.08816	0.01210	0.00552	0.06194
5	0.02202	0.01755	0.02135	0.01767	0.04588	0.01951	0.04770	0.38511	0.05686	0.03541	0.04958	0.05560	0.01666	0.00994	0.00984	0.00233	0.11438	0.00758	0.00618	0.05885

[dist]
# distance from previous block
# <min> <max>
7	11

[block]
# block no. 3 follows, 28 sequences, length 13
# corresponding to MSA columns:
# 69-81
name=unknown_D
#
# <colnr> <probs for GDERKNQSTAVLIFYWHMCP>
#	G	D	E	R	K	N	Q	S	T	A	V	L	I	F	Y	W	H	M	C	P
0	0.01566	0.07962	0.33255	0.05657	0.10178	0.04634	0.11514	0.02174	0.01640	0.02275	0.07415	0.02265	0.01652	0.00806	0.00731	0.00229	0.00973	0.03706	0.00386	0.00983
1	0.05365	0.56095	0.05183	0.01259	0.01823	0.05220	0.01213	0.02209	0.04722	0.01979	0.07718	0.01667	0.01558	0.00732	0.00530	0.00173	0.00746	0.00506	0.00387	0.00913
2	0.01599	0.01130	0.01225	0.01110	0.01441	0.02688	0.00862	0.06344	0.16303	0.12432	0.07537	0.09956	0.29789	0.01454	0.00810	0.00245	0.00510	0.02974	0.00723	0.00869
3	0.02339	0.01710	0.04806	0.01426	0.01996	0.01629	0.01201	0.34679	0.02541	0.13163	0.04627	0.02084	0.01568	0.04348	0.00831	0.00218	0.00703	0.00656	0.00656	0.18819
4	0.00881	0.00652	0.00823	0.00961	0.01041	0.00595	0.00652	0.01018	0.01441	0.01876	0.04632	0.61490	0.16893	0.02196	0.00915	0.00286	0.00412	0.01967	0.00675	0.00595
5	0.01855	0.61870	0.16052	0.01395	0.02100	0.02659	0.01508	0.02200	0.01488	0.01819	0.01064	0.01234	0.00931	0.00634	0.00507	0.00169	0.00832	0.00416	0.00310	0.00959
6	0.02971	0.04416	0.01718	0.01259	0.01797	0.01160	0.01045	0.06147	0.02077	0.58472	0.03131	0.02782	0.07691	0.00969	0.00731	0.00223	0.00612	0.00783	0.00847	0.01169
7	0.01021	0.00793	0.00938	0.00894	0.01113	0.00687	0.00648	0.01243	0.01647	0.02225	0.23353	0.18687	0.23395	0.08017	0.01077	0.00271	0.00425	0.01379	0.00656	0.11531
8	0.01194	0.00816	0.00919	0.00887	0.00941	0.00832	0.00541	0.06886	0.01290	0.01722	0.02376	0.09864	0.02687	0.62393	0.03224	0.00630	0.00691	0.01100	0.00484	0.00522
9	0.18692	0.08171	0.01880	0.01384	0.01853	0.01887	0.01160	0.29512	0.05910	0.06648	0.04248	0.02424	0.03648	0.00967	0.00740	0.00230	0.03528	0.05488	0.00620	0.01012
10	0.07650	0.12748	0.43675	0.02320	0.15290	0.01850	0.02260	0.02259	0.01526	0.02311	0.01254	0.01507	0.00955	0.00672	0.00647	0.00217	0.00955	0.00527	0.00328	0.01047
11	0.02079	0.42964	0.14574	0.01547	0.02188	0.18061	0.01530	0.05882	0.01722	0.01980	0.01125	0.01292	0.00948	0.00676	0.00561	0.00179	0.00948	0.00446	0.00347	0.00953
12	0.01754	0.34703	0.27567	0.01531	0.02260	0.02151	0.01708	0.07400	0.01646	0.02232	0.01317	0.01530	0.01058	0.00867	0.03260	0.00227	0.00897	0.00501	0.06413	0.00978

[dist]
# distance from previous block
# <min> <max>
1	8

[block]
# block no. 4 follows, 28 sequences, length 14
# corresponding to MSA columns:
# 90-103
name=unknown_E
#
# <colnr> <probs for GDERKNQSTAVLIFYWHMCP>
#	G	D	E	R	K	N	Q	S	T	A	V	L	I	F	Y	W	H	M	C	P
0	0.08880	0.07519	0.04527	0.07042	0.01647	0.01190	0.00975	0.03541	0.01625	0.04540	0.22455	0.14439	0.03581	0.11091	0.01202	0.00300	0.03058	0.01075	0.00578	0.00735
1	0.22034	0.13468	0.25258	0.01441	0.02104	0.01692	0.01551	0.04002	0.01598	0.08127	0.07628	0.02121	0.01654	0.00829	0.00627	0.00221	0.00766	0.03471	0.00466	0.00942
2	0.12821	0.54551	0.07105	0.01225	0.01813	0.02467	0.01221	0.02126	0.01437	0.02004	0.01119	0.01316	0.00983	0.00821	0.03107	0.00208	0.00789	0.00424	0.03564	0.00900
3	0.05061	0.54454	0.05694	0.01384	0.02012	0.02590	0.03725	0.10484	0.01750	0.05270	0.01214	0.01340	0.01010	0.00670	0.00533	0.00175	0.00791	0.00460	0.00397	0.00986
4	0.02673	0.01966	0.02108	0.01626	0.02177	0.02172	0.01332	0.63976	0.03293	0.04413	0.01774	0.01905	0.01311	0.04771	0.00885	0.00244	0.00795	0.00676	0.00712	0.01194
5	0.05470	0.63040	0.11636	0.01329	0.01997	0.02677	0.01394	0.02190	0.01473	0.01852	0.01046	0.01211	0.00925	0.00633	0.00492	0.00168	0.00803	0.00407	0.00317	0.00943
6	0.02763	0.02036	0.02182	0.01672	0.02254	0.02254	0.01382	0.67496	0.03418	0.04581	0.01745	0.01745	0.01236	0.00873	0.00727	0.00218	0.00800	0.00654	0.00727	0.01236
7	0.01943	0.74891	0.03809	0.01244	0.01866	0.02876	0.01244	0.02177	0.01477	0.01710	0.01011	0.01166	0.00933	0.00622	0.00466	0.00155	0.00777	0.00389	0.00311	0.00933
8	0.79588	0.01406	0.01068	0.00956	0.01406	0.01631	0.00787	0.02137	0.01237	0.03261	0.01012	0.01181	0.00787	0.00675	0.00450	0.00225	0.00562	0.00394	0.00450	0.00787
9	0.01041	0.00770	0.01122	0.01122	0.01235	0.00883	0.00851	0.01268	0.01154	0.01653	0.01990	0.03092	0.01920	0.14012	0.63153	0.01111	0.01793	0.00813	0.00396	0.00623
10	0.00884	0.00639	0.00836	0.00994	0.01050	0.00592	0.00667	0.01014	0.01409	0.01863	0.04226	0.69601	0.09044	0.02249	0.00923	0.00292	0.00418	0.02032	0.00675	0.00592
11	0.02533	0.10696	0.07333	0.01643	0.02259	0.02268	0.01451	0.52470	0.05732	0.04015	0.01677	0.01702	0.01218	0.00835	0.00694	0.00213	0.00808	0.00622	0.00648	0.01185
12	0.01455	0.07699	0.61707	0.01939	0.02921	0.01685	0.02456	0.02227	0.01569	0.02312	0.06250	0.01796	0.01353	0.00744	0.00690	0.00226	0.01004	0.00585	0.00343	0.01038
13	0.05981	0.49436	0.07467	0.01266	0.01830	0.02341	0.01236	0.06793	0.01672	0.02184	0.09027	0.04771	0.01785	0.00815	0.00563	0.00183	0.00722	0.00594	0.00419	0.00914

[dist]
# distance from previous block
# <min> <max>
9	107

[block]
# block no. 5 follows, 28 sequences, length 45
# corresponding to MSA columns:
# 215-259
name=unknown_F
#
# <colnr> <probs for GDERKNQSTAVLIFYWHMCP>
#	G	D	E	R	K	N	Q	S	T	A	V	L	I	F	Y	W	H	M	C	P
0	0.03392	0.01622	0.08035	0.05153	0.32891	0.01454	0.03495	0.04896	0.04127	0.06197	0.08903	0.04918	0.05008	0.00983	0.00809	0.02179	0.00759	0.03684	0.00496	0.00999
1	0.26001	0.06283	0.01679	0.08699	0.01990	0.06860	0.01129	0.11714	0.01749	0.05752	0.05210	0.04706	0.01537	0.01083	0.03759	0.00265	0.05801	0.00642	0.04275	0.00865
2	0.01688	0.01586	0.02635	0.13280	0.52877	0.01640	0.02041	0.02173	0.04456	0.02284	0.01550	0.02205	0.01341	0.03986	0.00863	0.00246	0.00852	0.02855	0.00385	0.01057
3	0.00987	0.00722	0.00953	0.01012	0.01102	0.00704	0.00721	0.01194	0.01614	0.02221	0.27431	0.39416	0.05245	0.06289	0.01127	0.00298	0.03140	0.04502	0.00692	0.00627
4	0.00891	0.00637	0.00849	0.01008	0.01056	0.00594	0.00675	0.01027	0.01418	0.01898	0.06626	0.71239	0.04890	0.02246	0.00925	0.00293	0.00419	0.02036	0.00680	0.00594
5	0.02194	0.01802	0.01858	0.01564	0.02038	0.04337	0.01245	0.27468	0.42135	0.03570	0.02446	0.02305	0.01810	0.00936	0.00732	0.00234	0.00684	0.00748	0.00723	0.01172
6	0.09961	0.01470	0.01526	0.04717	0.01818	0.04551	0.01052	0.22167	0.10946	0.05976	0.12797	0.02832	0.06380	0.01007	0.00701	0.00220	0.00620	0.00802	0.09502	0.00954
7	0.02719	0.01871	0.02054	0.01594	0.02145	0.02031	0.01308	0.56717	0.03158	0.11861	0.01993	0.05701	0.01491	0.00951	0.00738	0.00223	0.00759	0.00739	0.00744	0.01202
8	0.02327	0.01234	0.01518	0.01264	0.01672	0.01212	0.00998	0.11698	0.11264	0.32172	0.12630	0.09909	0.02858	0.04687	0.00913	0.00258	0.00582	0.00965	0.00795	0.01042
9	0.00927	0.00713	0.00840	0.00861	0.01026	0.00635	0.00620	0.01142	0.01703	0.02226	0.26441	0.22258	0.31737	0.04341	0.00973	0.00268	0.00384	0.01573	0.00707	0.00625
10	0.04315	0.23028	0.02575	0.05965	0.05935	0.16117	0.01383	0.21073	0.02170	0.05956	0.01405	0.01569	0.01106	0.00922	0.03280	0.00231	0.00937	0.00542	0.00481	0.01007
11	0.05528	0.01823	0.01940	0.01544	0.02045	0.02023	0.01248	0.50645	0.11267	0.04051	0.01979	0.04523	0.01549	0.05359	0.00904	0.00254	0.00744	0.00738	0.00699	0.01137
12	0.01160	0.00641	0.00877	0.00923	0.00956	0.00630	0.00618	0.01064	0.01147	0.01614	0.02211	0.22206	0.02387	0.05943	0.02066	0.43338	0.00541	0.01055	0.10179	0.00443
13	0.01579	0.00911	0.00952	0.00866	0.01104	0.00953	0.00673	0.12778	0.01829	0.02982	0.02248	0.02553	0.01755	0.01047	0.03574	0.00220	0.00485	0.00678	0.62041	0.00771
14	0.01691	0.11147	0.11317	0.13681	0.14240	0.03781	0.24004	0.02189	0.01578	0.02124	0.01301	0.01736	0.01032	0.00699	0.00855	0.00231	0.06415	0.00667	0.00342	0.00969
15	0.01087	0.00968	0.03999	0.05063	0.01613	0.00865	0.05627	0.04132	0.01552	0.02052	0.03796	0.49171	0.10370	0.01895	0.00891	0.00280	0.00558	0.04776	0.00621	0.00683
16	0.01232	0.00792	0.01015	0.00931	0.01150	0.00715	0.00708	0.01549	0.02012	0.09548	0.55396	0.05323	0.13901	0.01470	0.00845	0.00230	0.00374	0.01283	0.00795	0.00732
17	0.05147	0.12699	0.02690	0.08861	0.39926	0.01861	0.01805	0.02367	0.10575	0.02343	0.01593	0.04203	0.01352	0.00751	0.00680	0.00216	0.00793	0.00668	0.00415	0.01056
18	0.01561	0.06693	0.59617	0.02207	0.08095	0.04835	0.02532	0.02318	0.01565	0.02259	0.01288	0.01529	0.00939	0.00687	0.00681	0.00224	0.01056	0.00536	0.00314	0.01064
19	0.01645	0.09488	0.22626	0.02598	0.07921	0.01863	0.33218	0.02247	0.01615	0.02238	0.01448	0.01987	0.01156	0.00716	0.00822	0.00236	0.03579	0.03248	0.00355	0.00995
20	0.01769	0.01880	0.03141	0.06747	0.07052	0.07190	0.31396	0.04592	0.01610	0.02194	0.01319	0.01810	0.01071	0.00835	0.01243	0.00256	0.21495	0.00727	0.02753	0.00918
21	0.02515	0.05660	0.02251	0.02022	0.10027	0.26182	0.01459	0.31439	0.02548	0.03087	0.01463	0.01629	0.01137	0.01014	0.04118	0.00250	0.01039	0.00583	0.00528	0.01048
22	0.01200	0.05181	0.10385	0.01289	0.03939	0.00992	0.03232	0.01548	0.01745	0.04435	0.28772	0.18550	0.12971	0.01467	0.00820	0.00241	0.00537	0.01289	0.00641	0.00764
23	0.02167	0.01913	0.07834	0.01659	0.02308	0.01741	0.08112	0.31983	0.05103	0.05650	0.01637	0.01745	0.01209	0.00741	0.00684	0.00192	0.00777	0.00611	0.00577	0.23358
24	0.02898	0.01194	0.01596	0.01258	0.01757	0.01060	0.01025	0.06067	0.02108	0.57313	0.09903	0.05919	0.02441	0.01021	0.00753	0.00228	0.00589	0.00848	0.00871	0.01150
25	0.00924	0.00655	0.00826	0.00947	0.00990	0.00618	0.00614	0.01024	0.01329	0.01759	0.03795	0.54365	0.07857	0.18881	0.01563	0.00387	0.00484	0.01805	0.00621	0.00557
26	0.01475	0.01220	0.01384	0.05112	0.01725	0.01309	0.00986	0.05997	0.30862	0.02842	0.21499	0.03915	0.12890	0.01204	0.00779	0.00234	0.00515	0.01022	0.00710	0.04322
27	0.06346	0.01491	0.01679	0.12037	0.02209	0.01661	0.01189	0.34728	0.02447	0.03550	0.01821	0.02026	0.01355	0.00832	0.00648	0.00208	0.00677	0.00646	0.23466	0.00983
28	0.00896	0.00641	0.00853	0.01005	0.01057	0.00598	0.00676	0.01039	0.01442	0.01936	0.08958	0.68800	0.04963	0.02218	0.00922	0.00290	0.00416	0.02010	0.00684	0.00598
29	0.00886	0.00660	0.00826	0.00948	0.01040	0.00600	0.00649	0.01035	0.01478	0.01925	0.07597	0.56431	0.18981	0.02148	0.00910	0.00281	0.00407	0.01918	0.00680	0.00600
30	0.02715	0.03464	0.02060	0.01873	0.02247	0.71536	0.01404	0.02903	0.02060	0.01779	0.01124	0.01311	0.00936	0.00749	0.00655	0.00187	0.01311	0.00468	0.00375	0.00843
31	0.25377	0.01329	0.05612	0.01165	0.01624	0.01191	0.00997	0.02583	0.01603	0.33162	0.01959	0.02002	0.01367	0.01064	0.00956	0.12130	0.00621	0.00602	0.03723	0.00932
32	0.01038	0.00779	0.01168	0.01168	0.01298	0.00909	0.00909	0.01298	0.01168	0.01687	0.01947	0.02856	0.01817	0.05452	0.71573	0.01168	0.01947	0.00779	0.00389	0.00649
33	0.01372	0.01258	0.02098	0.68764	0.04779	0.01564	0.01936	0.01848	0.01457	0.01904	0.01351	0.01980	0.01018	0.00733	0.00715	0.00238	0.00934	0.00648	0.04602	0.00800
34	0.03103	0.05206	0.01798	0.01302	0.01858	0.01210	0.01083	0.03489	0.06055	0.62680	0.02774	0.02418	0.01778	0.00890	0.00717	0.00222	0.00624	0.00718	0.00858	0.01216
35	0.03112	0.01232	0.01659	0.01282	0.01821	0.01081	0.01055	0.05348	0.02120	0.64364	0.06849	0.02630	0.02087	0.00934	0.00738	0.00225	0.00607	0.00764	0.00888	0.01204
36	0.01355	0.00678	0.00678	0.00678	0.00847	0.00678	0.00508	0.01694	0.01524	0.02710	0.02371	0.02710	0.01863	0.00847	0.00508	0.00169	0.00339	0.00678	0.78489	0.00678
37	0.01579	0.01585	0.02323	0.07501	0.02242	0.02160	0.04802	0.01786	0.01169	0.01786	0.01006	0.01635	0.00963	0.01198	0.02182	0.00309	0.64002	0.00648	0.00321	0.00805
38	0.01232	0.01005	0.01228	0.01200	0.01356	0.05739	0.00918	0.04358	0.01342	0.01841	0.02001	0.05904	0.01907	0.08374	0.55085	0.00971	0.01679	0.00821	0.02362	0.00675
39	0.70831	0.09694	0.01378	0.00988	0.01458	0.01771	0.00839	0.02141	0.01264	0.03086	0.01012	0.01179	0.00804	0.00669	0.00452	0.00217	0.00587	0.00393	0.00434	0.00804
40	0.02252	0.01551	0.01881	0.01554	0.01951	0.01742	0.02852	0.15136	0.24777	0.18704	0.02303	0.02358	0.01714	0.04277	0.01151	0.00269	0.13010	0.00749	0.00680	0.01090
41	0.01535	0.03562	0.63622	0.02198	0.07129	0.01715	0.02601	0.05139	0.01624	0.02406	0.01327	0.01560	0.00948	0.00696	0.00694	0.00229	0.01050	0.00549	0.00328	0.01086
42	0.02466	0.01752	0.04886	0.01475	0.02058	0.01686	0.01247	0.37236	0.02629	0.16021	0.01970	0.05700	0.01488	0.00883	0.00702	0.00204	0.00710	0.00698	0.00683	0.15507
43	0.01928	0.01525	0.01618	0.01374	0.01798	0.01682	0.01091	0.24510	0.31157	0.03363	0.05626	0.03190	0.13133	0.01102	0.00751	0.00234	0.00600	0.00896	0.03362	0.01058
44	0.43524	0.14687	0.04880	0.02866	0.03508	0.04932	0.01133	0.12400	0.01684	0.03036	0.01159	0.01319	0.00908	0.00701	0.00528	0.00210	0.00708	0.00455	0.00454	0.00908

[dist]
# distance from previous block
# <min> <max>
3	12

[block]
# block no. 6 follows, 28 sequences, length 28
# corresponding to MSA columns:
# 272-299
name=unknown_G
#
# <colnr> <probs for GDERKNQSTAVLIFYWHMCP>
#	G	D	E	R	K	N	Q	S	T	A	V	L	I	F	Y	W	H	M	C	P
0	0.02222	0.28832	0.02721	0.01858	0.08951	0.32817	0.01396	0.02555	0.05385	0.01880	0.01243	0.01451	0.01065	0.00909	0.03657	0.00224	0.01060	0.00490	0.00371	0.00915
1	0.12169	0.01929	0.01940	0.01663	0.05712	0.09863	0.01276	0.35757	0.02614	0.14746	0.01769	0.01781	0.01256	0.00825	0.00678	0.00215	0.00787	0.00614	0.03291	0.01112
2	0.01460	0.03414	0.60657	0.02211	0.07571	0.01641	0.04502	0.02234	0.01541	0.02286	0.01447	0.05150	0.01134	0.00764	0.00709	0.00233	0.01032	0.00630	0.00331	0.01053
3	0.01940	0.01608	0.01688	0.04554	0.02037	0.04770	0.01193	0.03710	0.57722	0.08099	0.02800	0.02600	0.02077	0.00958	0.00735	0.00242	0.00628	0.00792	0.00718	0.01129
4	0.01063	0.00737	0.00894	0.04481	0.01058	0.00761	0.00568	0.01114	0.01102	0.01476	0.02298	0.07893	0.02602	0.61856	0.08611	0.00697	0.00799	0.01065	0.00442	0.00482
5	0.05966	0.01221	0.01323	0.01097	0.01471	0.01270	0.00881	0.22091	0.02180	0.14564	0.02196	0.02301	0.01608	0.00855	0.00609	0.00196	0.00537	0.00665	0.38021	0.00946
6	0.02173	0.02209	0.05136	0.03003	0.33584	0.16028	0.01810	0.16072	0.07927	0.02767	0.01532	0.01758	0.01209	0.00746	0.00709	0.00214	0.00924	0.00623	0.00470	0.01103
7	0.00997	0.00795	0.00905	0.00920	0.01120	0.00740	0.00683	0.01376	0.07749	0.02237	0.18517	0.20270	0.34982	0.01790	0.00868	0.00256	0.00405	0.04011	0.00706	0.00674
8	0.00942	0.00696	0.00895	0.00991	0.01106	0.00649	0.00719	0.01141	0.01568	0.02076	0.15254	0.41612	0.15828	0.02166	0.03621	0.00314	0.00485	0.08634	0.00684	0.00621
9	0.01203	0.00878	0.01075	0.01117	0.01350	0.00847	0.00924	0.01636	0.07582	0.05206	0.09198	0.06880	0.26236	0.01779	0.00910	0.00285	0.00536	0.30942	0.00696	0.00719
10	0.01338	0.00924	0.01021	0.00938	0.01033	0.00960	0.00595	0.11987	0.01445	0.01931	0.02201	0.04261	0.02411	0.62348	0.03211	0.00625	0.00720	0.00991	0.00488	0.00571
11	0.01083	0.00788	0.01047	0.01105	0.01282	0.00753	0.00911	0.01407	0.01832	0.02464	0.31573	0.06931	0.11441	0.01775	0.00929	0.00282	0.00505	0.32497	0.00724	0.00671
12	0.00885	0.00637	0.00839	0.01001	0.01051	0.00591	0.00670	0.01013	0.01403	0.01860	0.04147	0.71166	0.07530	0.02259	0.00925	0.00293	0.00419	0.02044	0.00675	0.00591
13	0.02047	0.01943	0.02775	0.12823	0.03055	0.08358	0.21290	0.21903	0.02138	0.02820	0.01447	0.01801	0.01106	0.00813	0.00973	0.00239	0.10527	0.00695	0.02258	0.00988
14	0.01550	0.03211	0.52401	0.02717	0.21172	0.01699	0.02563	0.02283	0.01567	0.02322	0.01321	0.01606	0.00983	0.00679	0.00698	0.00226	0.01017	0.00567	0.00321	0.01095
15	0.10383	0.01253	0.01629	0.01262	0.01814	0.01121	0.01042	0.03411	0.02002	0.64156	0.02695	0.02353	0.01705	0.00879	0.00705	0.00225	0.00613	0.00700	0.00858	0.01195
16	0.01943	0.74891	0.03809	0.01244	0.01866	0.02876	0.01244	0.02177	0.01477	0.01710	0.01011	0.01166	0.00933	0.00622	0.00466	0.00155	0.00777	0.00389	0.00311	0.00933
17	0.02396	0.05172	0.02119	0.01882	0.05067	0.43917	0.01410	0.02697	0.05218	0.05908	0.01305	0.01521	0.01070	0.00839	0.00943	0.00211	0.13100	0.00533	0.00414	0.04279
18	0.01108	0.00928	0.00988	0.00960	0.01219	0.00909	0.00722	0.01756	0.18007	0.02295	0.11135	0.12465	0.41511	0.01646	0.00837	0.00249	0.00422	0.01395	0.00701	0.00748
19	0.01021	0.00696	0.00797	0.00823	0.00842	0.00683	0.00482	0.01050	0.01140	0.01507	0.02824	0.15297	0.06607	0.59646	0.03128	0.00618	0.00644	0.01235	0.00488	0.00472
20	0.01388	0.01280	0.02157	0.65862	0.07944	0.01572	0.01960	0.01830	0.01438	0.01853	0.01294	0.01945	0.00992	0.00812	0.00831	0.04124	0.00947	0.00645	0.00324	0.00800
21	0.41445	0.01934	0.08520	0.04043	0.09040	0.09227	0.01314	0.08865	0.01648	0.02952	0.01298	0.01683	0.01054	0.00761	0.00586	0.00225	0.00769	0.03284	0.00451	0.00901
22	0.00970	0.00746	0.01038	0.01106	0.01238	0.00693	0.03723	0.01171	0.01525	0.01995	0.07577	0.46377	0.15079	0.02052	0.00922	0.00288	0.00484	0.11720	0.00666	0.00629
23	0.00912	0.00651	0.00874	0.01042	0.01096	0.00613	0.00720	0.01058	0.01418	0.01885	0.03992	0.67936	0.04750	0.02253	0.00935	0.00299	0.00444	0.07851	0.00674	0.00598
24	0.74039	0.01429	0.01203	0.01206	0.06294	0.01638	0.00890	0.02143	0.01267	0.03198	0.01037	0.01225	0.00813	0.00673	0.00469	0.00224	0.00584	0.00412	0.00443	0.00813
25	0.00881	0.00707	0.00789	0.00851	0.01027	0.00615	0.00618	0.01052	0.01571	0.01937	0.06124	0.28898	0.45787	0.01990	0.00887	0.00265	0.00398	0.04320	0.00675	0.00608
26	0.02396	0.01806	0.01970	0.01509	0.02081	0.01890	0.01233	0.49731	0.02897	0.03961	0.01745	0.04934	0.01361	0.00860	0.00694	0.00197	0.00724	0.00667	0.00658	0.18687
27	0.06030	0.08006	0.01903	0.01363	0.01857	0.04177	0.01125	0.34861	0.05498	0.05671	0.01794	0.01875	0.01341	0.00813	0.00636	0.00196	0.00685	0.00610	0.14660	0.06897

[dist]
# distance from previous block
# <min> <max>
1	2

[block]
# block no. 7 follows, 28 sequences, length 11
# corresponding to MSA columns:
# 302-312
name=unknown_H
#
# <colnr> <probs for GDERKNQSTAVLIFYWHMCP>
#	G	D	E	R	K	N	Q	S	T	A	V	L	I	F	Y	W	H	M	C	P
0	0.01736	0.01414	0.07483	0.05025	0.01837	0.01299	0.01142	0.18275	0.01940	0.05928	0.01955	0.04097	0.01580	0.01852	0.16084	0.00409	0.00932	0.00700	0.19524	0.06788
1	0.01757	0.01748	0.02572	0.24229	0.40955	0.08069	0.02035	0.02268	0.05186	0.02203	0.01407	0.01844	0.01135	0.00698	0.00717	0.00223	0.00920	0.00640	0.00370	0.01022
2	0.01815	0.01783	0.02856	0.08871	0.62306	0.05123	0.02176	0.02239	0.01661	0.02311	0.01350	0.01785	0.01129	0.00658	0.00717	0.00216	0.00892	0.00639	0.00358	0.01114
3	0.01531	0.12137	0.58819	0.02031	0.03032	0.01839	0.06302	0.02289	0.01538	0.02233	0.01279	0.01516	0.00933	0.00678	0.00674	0.00222	0.01048	0.00538	0.00311	0.01052
4	0.02173	0.01595	0.02058	0.02375	0.22892	0.05619	0.01495	0.06328	0.17913	0.18253	0.02372	0.02846	0.01882	0.00954	0.00755	0.00237	0.00740	0.07780	0.00629	0.01104
5	0.01195	0.01059	0.01001	0.00933	0.01207	0.06130	0.00711	0.07144	0.01905	0.02327	0.15866	0.05860	0.48786	0.01618	0.00832	0.00236	0.00474	0.01342	0.00676	0.00697
6	0.00898	0.00642	0.00855	0.01003	0.01057	0.00599	0.00676	0.01044	0.01451	0.01950	0.09835	0.67882	0.04990	0.02207	0.00922	0.00289	0.00415	0.02000	0.00686	0.00599
7	0.12118	0.28279	0.20244	0.02180	0.16690	0.02119	0.04679	0.02221	0.01508	0.02236	0.01182	0.01431	0.00964	0.00651	0.00592	0.00200	0.00862	0.00503	0.00341	0.00998
8	0.00912	0.00648	0.00857	0.01014	0.01060	0.00611	0.00685	0.01041	0.01384	0.01842	0.03884	0.65969	0.04631	0.07077	0.01117	0.00325	0.00453	0.05248	0.00659	0.00584
9	0.01864	0.01852	0.02738	0.06959	0.55878	0.08010	0.02066	0.02398	0.06743	0.02349	0.01462	0.01830	0.01205	0.00686	0.00716	0.00217	0.00887	0.00645	0.00388	0.01109
10	0.02343	0.17107	0.02618	0.02371	0.18439	0.41240	0.01571	0.02598	0.01848	0.01909	0.01160	0.01400	0.00987	0.00700	0.00634	0.00188	0.01098	0.00496	0.00358	0.00935

[dist]
# distance from previous block
# <min> <max>
0	1

[block]
# block no. 8 follows, 28 sequences, length 106
# corresponding to MSA columns:
# 314-419
name=unknown_I
#
# <colnr> <probs for GDERKNQSTAVLIFYWHMCP>
#	G	D	E	R	K	N	Q	S	T	A	V	L	I	F	Y	W	H	M	C	P
0	0.02232	0.02182	0.01855	0.01624	0.02055	0.21600	0.01263	0.14717	0.38395	0.02953	0.02228	0.02147	0.01684	0.00899	0.00714	0.00225	0.00823	0.00693	0.00634	0.01078
1	0.02233	0.01567	0.01932	0.01534	0.04289	0.01498	0.04385	0.24064	0.04443	0.14621	0.01857	0.04011	0.01406	0.00785	0.00674	0.00185	0.00681	0.00646	0.00621	0.28568
2	0.01770	0.01735	0.03075	0.07431	0.59053	0.01735	0.09976	0.02225	0.01653	0.02345	0.01376	0.01825	0.01137	0.00647	0.00736	0.00221	0.00912	0.00673	0.00359	0.01115
3	0.01263	0.00631	0.00947	0.00947	0.00947	0.00631	0.00631	0.00947	0.00947	0.01263	0.01263	0.02210	0.01263	0.02525	0.02841	0.78851	0.00631	0.00631	0.00316	0.00316
4	0.01651	0.15364	0.06540	0.02640	0.31139	0.03799	0.01619	0.04116	0.01718	0.02327	0.11991	0.09847	0.02352	0.00956	0.00712	0.00215	0.00745	0.00839	0.00461	0.00969
5	0.02424	0.02192	0.02094	0.01976	0.09821	0.18124	0.01417	0.27581	0.18833	0.05301	0.01889	0.01910	0.01415	0.00847	0.00713	0.00218	0.00865	0.00654	0.00612	0.01114
6	0.00967	0.00696	0.00913	0.00994	0.01099	0.00652	0.00716	0.01184	0.01641	0.02230	0.25867	0.39627	0.07940	0.04327	0.01000	0.00288	0.00428	0.08097	0.00708	0.00626
7	0.01740	0.01667	0.02844	0.13884	0.60957	0.01712	0.02202	0.02179	0.01627	0.02303	0.01357	0.01818	0.01126	0.00659	0.00721	0.00220	0.00878	0.00647	0.00355	0.01104
8	0.01507	0.01292	0.01507	0.01077	0.01723	0.00969	0.00861	0.01830	0.01507	0.02369	0.01292	0.01507	0.01077	0.00538	0.00538	0.00108	0.00538	0.00431	0.00431	0.78898
9	0.00930	0.00662	0.00885	0.01046	0.01103	0.00627	0.00731	0.01079	0.01415	0.01880	0.03917	0.62549	0.04639	0.05118	0.01048	0.00317	0.00466	0.10326	0.00665	0.00595
10	0.00924	0.00742	0.00827	0.00816	0.01035	0.00645	0.00618	0.01164	0.01782	0.02267	0.26515	0.06558	0.47550	0.01737	0.00864	0.00244	0.00372	0.03988	0.00714	0.00638
11	0.01799	0.01727	0.02950	0.04462	0.69919	0.01727	0.02231	0.02231	0.01655	0.02375	0.01367	0.01799	0.01151	0.00648	0.00720	0.00216	0.00864	0.00648	0.00360	0.01151
12	0.02689	0.01980	0.02129	0.01646	0.02207	0.02188	0.01354	0.64863	0.03337	0.04473	0.01835	0.04606	0.01378	0.00928	0.00735	0.00221	0.00785	0.00710	0.00725	0.01211
13	0.01042	0.00765	0.01098	0.01098	0.01203	0.00870	0.00821	0.01253	0.01147	0.01635	0.02011	0.03212	0.01972	0.18391	0.58845	0.01081	0.01714	0.00831	0.00399	0.00610
14	0.00903	0.00642	0.00844	0.00992	0.01035	0.00602	0.00657	0.01028	0.01388	0.01857	0.06068	0.66413	0.04711	0.07749	0.01137	0.00324	0.00441	0.01964	0.00661	0.00582
15	0.01398	0.01308	0.02148	0.68494	0.04822	0.01626	0.01967	0.01976	0.05425	0.01927	0.01391	0.01984	0.01043	0.00742	0.00728	0.00243	0.00946	0.00656	0.00348	0.00828
16	0.02763	0.02036	0.02182	0.01672	0.02254	0.02254	0.01382	0.67496	0.03418	0.04581	0.01745	0.01745	0.01236	0.00873	0.00727	0.00218	0.00800	0.00654	0.00727	0.01236
17	0.01855	0.01585	0.01670	0.01489	0.01908	0.01830	0.01162	0.06991	0.65401	0.03117	0.02899	0.02664	0.02171	0.00981	0.00739	0.00245	0.00586	0.00814	0.00739	0.01155
18	0.00927	0.00672	0.00882	0.01021	0.01104	0.00628	0.00724	0.01097	0.01491	0.01972	0.08615	0.56186	0.10198	0.02157	0.00926	0.00291	0.00441	0.09377	0.00682	0.00608
19	0.01394	0.01043	0.01241	0.01117	0.01215	0.01178	0.00786	0.11321	0.01434	0.01963	0.01987	0.03698	0.02122	0.47575	0.07935	0.00607	0.11378	0.00914	0.00463	0.00629
20	0.00900	0.00641	0.00853	0.01017	0.01062	0.00601	0.00684	0.01029	0.01392	0.01854	0.03954	0.69957	0.04728	0.04257	0.01007	0.00308	0.00437	0.04064	0.00668	0.00589
21	0.00912	0.00653	0.00867	0.00994	0.01060	0.00608	0.00677	0.01080	0.01517	0.02054	0.16295	0.61125	0.05192	0.02129	0.00915	0.00283	0.00407	0.01925	0.00698	0.00608
22	0.02417	0.14029	0.02503	0.02287	0.15531	0.47287	0.01543	0.02659	0.01891	0.01886	0.01154	0.01385	0.00978	0.00710	0.00639	0.00188	0.01141	0.00491	0.00362	0.00917
23	0.01668	0.02196	0.13876	0.02828	0.03556	0.01846	0.52680	0.02279	0.01642	0.02279	0.01406	0.01869	0.01065	0.00676	0.00952	0.00249	0.06804	0.00793	0.00355	0.00980
24	0.01508	0.00849	0.01100	0.00976	0.01229	0.00765	0.00745	0.01804	0.01972	0.17581	0.45994	0.04865	0.10463	0.05701	0.00998	0.00257	0.00427	0.01189	0.00791	0.00787
25	0.04818	0.04033	0.01798	0.01467	0.01935	0.03911	0.01173	0.13594	0.41724	0.13585	0.02571	0.02380	0.01872	0.00926	0.00715	0.00233	0.00645	0.00743	0.00728	0.01149
26	0.01948	0.68781	0.07034	0.01308	0.01943	0.05330	0.01321	0.02209	0.01501	0.01742	0.01029	0.01189	0.00932	0.00630	0.00484	0.00160	0.00811	0.00399	0.00313	0.00936
27	0.02142	0.01616	0.01785	0.01483	0.01898	0.01784	0.01181	0.40655	0.11254	0.03676	0.06321	0.15945	0.02372	0.01205	0.00825	0.00240	0.02865	0.00985	0.00711	0.01055
28	0.01563	0.15453	0.49868	0.02115	0.07802	0.01870	0.04928	0.02251	0.01555	0.02225	0.03145	0.01616	0.01111	0.00695	0.00666	0.00217	0.00995	0.00554	0.00328	0.01042
29	0.00874	0.00734	0.00762	0.00780	0.01008	0.00621	0.00586	0.01060	0.01640	0.01965	0.06995	0.11493	0.62600	0.01877	0.00870	0.00252	0.00384	0.04209	0.00675	0.00614
30	0.00921	0.00687	0.00862	0.00992	0.01079	0.00646	0.00677	0.01138	0.04299	0.01922	0.04448	0.61235	0.14085	0.02159	0.00910	0.00286	0.00421	0.01936	0.00678	0.00618
31	0.02529	0.01149	0.01527	0.04715	0.01813	0.01059	0.01015	0.05033	0.04205	0.45332	0.14508	0.03223	0.05486	0.03947	0.00876	0.00247	0.00586	0.00875	0.00816	0.01060
32	0.01043	0.00704	0.00819	0.00831	0.00842	0.00708	0.00485	0.01068	0.01088	0.01459	0.02396	0.09721	0.02753	0.65080	0.07511	0.00702	0.00757	0.01115	0.00455	0.00464
33	0.06033	0.01741	0.01951	0.01518	0.02076	0.01849	0.01248	0.41401	0.07708	0.23685	0.02132	0.02006	0.01454	0.00881	0.00718	0.00222	0.00720	0.00678	0.00767	0.01212
34	0.00899	0.00659	0.00834	0.00954	0.01034	0.00606	0.00647	0.01045	0.01466	0.01929	0.09155	0.55923	0.14706	0.05235	0.01031	0.00300	0.00420	0.01888	0.00674	0.00594
35	0.02118	0.01496	0.01609	0.01386	0.01808	0.03808	0.01093	0.09739	0.38814	0.15602	0.07171	0.02709	0.02289	0.00975	0.00727	0.00232	0.00598	0.00800	0.05923	0.01103
36	0.01487	0.01510	0.02837	0.48677	0.04527	0.01705	0.22282	0.02000	0.01523	0.02000	0.01336	0.01933	0.01010	0.00710	0.00823	0.00246	0.03485	0.00711	0.00337	0.00861
37	0.00898	0.00657	0.00829	0.00953	0.01028	0.00605	0.00642	0.01033	0.01435	0.01882	0.06804	0.56904	0.14585	0.06769	0.01091	0.00311	0.00429	0.01894	0.00664	0.00588
38	0.01390	0.01309	0.02211	0.69996	0.07584	0.01619	0.02027	0.01872	0.01461	0.01878	0.01295	0.01932	0.00976	0.00724	0.00726	0.00241	0.00965	0.00646	0.00324	0.00821
39	0.02297	0.07700	0.01663	0.01195	0.01626	0.01208	0.00979	0.05673	0.06498	0.34786	0.24394	0.03304	0.03374	0.01071	0.00749	0.00221	0.00548	0.00893	0.00796	0.01024
40	0.02763	0.02036	0.02182	0.01672	0.02254	0.02254	0.01382	0.67496	0.03418	0.04581	0.01745	0.01745	0.01236	0.00873	0.00727	0.00218	0.00800	0.00654	0.00727	0.01236
41	0.00937	0.00754	0.00843	0.00878	0.01075	0.00677	0.00653	0.01206	0.04304	0.02079	0.11587	0.20957	0.43699	0.01879	0.00878	0.00260	0.00405	0.05602	0.00688	0.00640
42	0.01051	0.00853	0.00964	0.00890	0.01163	0.00753	0.00673	0.01418	0.05978	0.02379	0.26049	0.07836	0.35047	0.01534	0.00815	0.00225	0.00395	0.01306	0.00690	0.09980
43	0.01056	0.00702	0.00803	0.00813	0.00825	0.00703	0.00471	0.01083	0.01096	0.01488	0.02384	0.08724	0.02719	0.65602	0.05487	0.00676	0.00713	0.01096	0.03093	0.00464
44	0.01027	0.00692	0.00802	0.00831	0.00838	0.00685	0.00481	0.01049	0.01115	0.01487	0.02587	0.16722	0.03017	0.61978	0.03221	0.00634	0.00656	0.01232	0.00481	0.00466
45	0.02713	0.03261	0.01605	0.01234	0.01711	0.01128	0.01002	0.03167	0.08587	0.50296	0.09686	0.02851	0.02370	0.03418	0.00829	0.00240	0.00584	0.00800	0.03400	0.01118
46	0.05751	0.01263	0.01663	0.01294	0.01843	0.01134	0.01064	0.03515	0.06264	0.63885	0.02811	0.02445	0.01792	0.00898	0.00722	0.00226	0.00614	0.00725	0.00874	0.01216
47	0.01057	0.00705	0.00793	0.00793	0.00793	0.00705	0.00440	0.01057	0.01057	0.01409	0.02290	0.04757	0.02643	0.74454	0.03700	0.00705	0.00705	0.01057	0.00440	0.00440
48	0.01506	0.01303	0.01554	0.03271	0.01829	0.01035	0.00923	0.01828	0.01491	0.02331	0.01280	0.01523	0.01069	0.00571	0.00612	0.00119	0.03207	0.00445	0.00423	0.73681
49	0.01998	0.12263	0.05022	0.01453	0.01931	0.01859	0.01254	0.30291	0.02243	0.03046	0.01661	0.04182	0.01391	0.01828	0.15751	0.00407	0.03879	0.00661	0.00532	0.08349
50	0.00954	0.00684	0.00892	0.01036	0.01098	0.00651	0.00700	0.03427	0.01465	0.01955	0.03924	0.71356	0.04678	0.02226	0.00921	0.00292	0.00435	0.02015	0.00677	0.00614
51	0.00974	0.00783	0.01210	0.01217	0.01347	0.00727	0.07882	0.01157	0.01443	0.01914	0.03942	0.61989	0.08460	0.02070	0.00916	0.00287	0.00505	0.01902	0.00642	0.00634
52	0.01723	0.01845	0.02830	0.26634	0.13347	0.10727	0.18872	0.02154	0.01585	0.02031	0.01285	0.01799	0.01024	0.00758	0.00962	0.00242	0.10253	0.00677	0.00346	0.00905
53	0.01584	0.01561	0.02393	0.48473	0.23400	0.06290	0.02039	0.02034	0.01551	0.02000	0.01302	0.01857	0.01019	0.00706	0.00720	0.00231	0.00962	0.00635	0.00337	0.00908
54	0.00892	0.00638	0.00849	0.01008	0.01056	0.00595	0.00675	0.01029	0.01422	0.01904	0.07018	0.70829	0.04902	0.02241	0.00925	0.00292	0.00418	0.02032	0.00681	0.00595
55	0.00877	0.00726	0.00769	0.00782	0.00999	0.00618	0.00577	0.01069	0.01665	0.02037	0.12571	0.13949	0.57144	0.01855	0.00866	0.00249	0.00372	0.01571	0.00686	0.00618
56	0.01775	0.01858	0.07018	0.04256	0.62931	0.01730	0.05247	0.02240	0.01651	0.02368	0.01368	0.01791	0.01136	0.00649	0.00724	0.00218	0.00893	0.00651	0.00357	0.01139
57	0.01080	0.00910	0.00958	0.00932	0.01194	0.00879	0.00701	0.01680	0.16386	0.02248	0.09807	0.11253	0.45965	0.01666	0.00838	0.00249	0.00416	0.01407	0.00697	0.00734
58	0.02630	0.01582	0.01812	0.01438	0.01948	0.01650	0.01166	0.30571	0.12748	0.26265	0.02588	0.02498	0.04774	0.03850	0.00854	0.00245	0.00681	0.00762	0.00773	0.01163
59	0.00991	0.00742	0.00919	0.00874	0.01063	0.00670	0.00656	0.01298	0.01967	0.02701	0.55543	0.05782	0.20985	0.01566	0.00858	0.00232	0.00349	0.01364	0.00772	0.00670
60	0.01628	0.10263	0.02381	0.01791	0.01895	0.02246	0.01516	0.01804	0.01174	0.01773	0.00976	0.01536	0.00957	0.01161	0.02073	0.00289	0.61214	0.00597	0.00322	0.04401
61	0.00886	0.00633	0.00843	0.01012	0.01054	0.00590	0.00675	0.01012	0.01392	0.01856	0.04006	0.73979	0.04808	0.02277	0.00928	0.00295	0.00422	0.02066	0.00675	0.00590
62	0.01263	0.00631	0.00947	0.00947	0.00947	0.00631	0.00631	0.00947	0.00947	0.01263	0.01263	0.02210	0.01263	0.02525	0.02841	0.78851	0.00631	0.00631	0.00316	0.00316
63	0.02694	0.01111	0.01505	0.01197	0.01660	0.00971	0.00971	0.02990	0.02075	0.53254	0.19823	0.03226	0.03086	0.01049	0.00763	0.00226	0.00548	0.00879	0.00874	0.01097
64	0.01808	0.01561	0.01644	0.01479	0.01890	0.01808	0.01151	0.03863	0.68606	0.03041	0.02959	0.02712	0.02219	0.00986	0.00740	0.00247	0.00575	0.00822	0.00740	0.01151
65	0.77016	0.01427	0.01106	0.00980	0.01434	0.01652	0.00807	0.04325	0.01310	0.03306	0.01037	0.01200	0.00802	0.00681	0.00459	0.00225	0.00570	0.00402	0.00459	0.00802
66	0.23562	0.15536	0.29714	0.06007	0.02439	0.01870	0.01732	0.04772	0.01528	0.02549	0.03471	0.01533	0.01100	0.00710	0.00592	0.00216	0.00835	0.00508	0.00382	0.00945
67	0.56446	0.04963	0.16218	0.04043	0.01942	0.01694	0.01264	0.02163	0.01320	0.02935	0.01086	0.01286	0.00829	0.00678	0.00513	0.00224	0.00698	0.00434	0.00408	0.00856
68	0.01835	0.04446	0.01692	0.01443	0.01831	0.04047	0.01161	0.11916	0.40134	0.03008	0.05190	0.03408	0.02448	0.01118	0.00762	0.00248	0.00638	0.10588	0.03049	0.01038
69	0.00920	0.00681	0.00869	0.00975	0.01075	0.00617	0.00669	0.01081	0.01487	0.01985	0.10277	0.57261	0.12175	0.02087	0.00898	0.00276	0.00413	0.01873	0.00677	0.03703
70	0.02811	0.01959	0.02134	0.01636	0.02216	0.02139	0.01351	0.61300	0.03288	0.10959	0.01854	0.01816	0.01291	0.00875	0.00728	0.00219	0.00782	0.00662	0.00744	0.01236
71	0.02237	0.01762	0.02252	0.01761	0.02244	0.01904	0.10804	0.43577	0.02706	0.03641	0.02014	0.12228	0.01762	0.03420	0.00941	0.00253	0.03891	0.00899	0.00641	0.01062
72	0.01777	0.01400	0.02209	0.01778	0.02084	0.01557	0.15701	0.06865	0.01624	0.10766	0.01946	0.10610	0.01721	0.01283	0.04058	0.00295	0.22262	0.00879	0.10305	0.00879
73	0.02848	0.01847	0.02058	0.01583	0.02156	0.01980	0.01306	0.51639	0.04864	0.19114	0.02026	0.01932	0.01387	0.00882	0.00728	0.00220	0.00754	0.00676	0.00766	0.01234
74	0.01192	0.00810	0.00903	0.00863	0.00909	0.00828	0.00515	0.06327	0.01244	0.01661	0.02247	0.04518	0.02531	0.68618	0.03464	0.00666	0.00712	0.01025	0.00463	0.00504
75	0.01196	0.00887	0.01110	0.01141	0.01248	0.00934	0.00815	0.09247	0.01602	0.02181	0.03336	0.53124	0.03847	0.06251	0.01171	0.00308	0.06267	0.01678	0.02979	0.00680
76	0.00935	0.00768	0.00827	0.00815	0.01044	0.00677	0.00610	0.01227	0.04512	0.02200	0.19838	0.09156	0.51335	0.01750	0.00857	0.00244	0.00374	0.01480	0.00703	0.00650
77	0.00895	0.00701	0.00811	0.00860	0.01023	0.00617	0.00616	0.01084	0.01628	0.02077	0.16042	0.29969	0.37219	0.01936	0.00883	0.00260	0.00383	0.01684	0.00695	0.00617
78	0.01595	0.01594	0.02909	0.23073	0.27155	0.01690	0.18345	0.02054	0.01567	0.02151	0.01494	0.05864	0.01278	0.00788	0.00866	0.00241	0.05234	0.00778	0.00366	0.00959
79	0.01919	0.61929	0.08715	0.01334	0.01957	0.07082	0.01343	0.02201	0.01542	0.01808	0.03762	0.01373	0.01167	0.00670	0.00511	0.00166	0.00817	0.00442	0.00334	0.00928
