[name]
unknown

[dist]
# distance from previous block
# <min> <max>
0	0

[block]
# block no. 0 follows, 27 sequences, length 87
# corresponding to MSA columns:
# 0-86
name=unknown_A
#
# <colnr> <probs for GDERKNQSTAVLIFYWHMCP>
#	G	D	E	R	K	N	Q	S	T	A	V	L	I	F	Y	W	H	M	C	P
0	0.01196	0.00854	0.01196	0.01367	0.01538	0.00854	0.01196	0.01538	0.01709	0.02222	0.03931	0.08374	0.04272	0.02051	0.01025	0.00342	0.00684	0.64283	0.00684	0.00684
1	0.01985	0.74357	0.03890	0.01270	0.01905	0.02937	0.01270	0.02223	0.01508	0.01747	0.01032	0.01191	0.00953	0.00635	0.00476	0.00159	0.00794	0.00397	0.00318	0.00953
2	0.01593	0.01351	0.01568	0.01125	0.01782	0.01045	0.00902	0.04599	0.01621	0.02514	0.01339	0.01550	0.01106	0.00564	0.00558	0.00115	0.00561	0.00449	0.00453	0.75204
3	0.01489	0.03840	0.70064	0.02116	0.03213	0.01724	0.02743	0.02351	0.01567	0.02351	0.01332	0.01567	0.00940	0.00705	0.00705	0.00235	0.01097	0.00549	0.00313	0.01097
4	0.01740	0.01966	0.04180	0.03017	0.03696	0.01915	0.60398	0.02322	0.01694	0.02322	0.01452	0.01966	0.01112	0.00690	0.01025	0.00257	0.08040	0.00855	0.00371	0.00983
5	0.01846	0.01595	0.01679	0.01511	0.01930	0.01846	0.01175	0.03945	0.67938	0.03105	0.03022	0.02770	0.02266	0.01007	0.00755	0.00252	0.00588	0.00839	0.00755	0.01175
6	0.01080	0.00720	0.00810	0.00810	0.00810	0.00720	0.00450	0.01080	0.01080	0.01439	0.02339	0.04858	0.02699	0.73910	0.03779	0.00720	0.00720	0.01080	0.00450	0.00450
7	0.00877	0.00752	0.00752	0.00752	0.01003	0.00627	0.00564	0.01065	0.01692	0.02005	0.07520	0.07144	0.68978	0.01880	0.00877	0.00251	0.00376	0.01567	0.00689	0.00627
8	0.01402	0.01319	0.02227	0.72126	0.05113	0.01649	0.02062	0.01897	0.01484	0.01897	0.01319	0.01979	0.00990	0.00742	0.00742	0.00247	0.00990	0.00660	0.00330	0.00825
9	0.01051	0.00759	0.00992	0.00934	0.01109	0.00700	0.00700	0.01401	0.02101	0.02977	0.68888	0.05545	0.07005	0.01518	0.00876	0.00233	0.00350	0.01343	0.00817	0.00700
10	0.01747	0.01987	0.04292	0.03079	0.03799	0.01894	0.63853	0.02353	0.01726	0.02353	0.01480	0.01987	0.01120	0.00654	0.00942	0.00253	0.04249	0.00867	0.00373	0.00993
11	0.01489	0.03840	0.70064	0.02116	0.03213	0.01724	0.02743	0.02351	0.01567	0.02351	0.01332	0.01567	0.00940	0.00705	0.00705	0.00235	0.01097	0.00549	0.00313	0.01097
12	0.01402	0.01319	0.02227	0.72126	0.05113	0.01649	0.02062	0.01897	0.01484	0.01897	0.01319	0.01979	0.00990	0.00742	0.00742	0.00247	0.00990	0.00660	0.00330	0.00825
13	0.01080	0.00720	0.00810	0.00810	0.00810	0.00720	0.00450	0.01080	0.01080	0.01439	0.02339	0.04858	0.02699	0.73910	0.03779	0.00720	0.00720	0.01080	0.00450	0.00450
14	0.02849	0.01931	0.02123	0.01639	0.02221	0.02095	0.01350	0.53980	0.06607	0.14472	0.02020	0.01946	0.01401	0.00901	0.00744	0.00225	0.00777	0.00689	0.00770	0.01258
15	0.01717	0.02044	0.07412	0.06639	0.03846	0.01871	0.57879	0.02331	0.01708	0.02331	0.01466	0.01967	0.01105	0.00659	0.00914	0.00252	0.03658	0.00841	0.00368	0.00990
16	0.01071	0.00810	0.01022	0.01113	0.01312	0.00761	0.00931	0.01360	0.01737	0.02211	0.10796	0.07697	0.27308	0.01945	0.00960	0.00300	0.00546	0.36757	0.00697	0.00665
17	0.00914	0.00653	0.00870	0.01027	0.01079	0.00609	0.00690	0.01058	0.01466	0.01965	0.08305	0.69012	0.05046	0.02273	0.00943	0.00297	0.00425	0.02061	0.00697	0.00609
18	0.01836	0.01649	0.01820	0.08972	0.05746	0.04460	0.01333	0.03610	0.55148	0.02896	0.02690	0.02585	0.02028	0.00953	0.00750	0.00247	0.00673	0.00798	0.00677	0.01127
19	0.01550	0.01353	0.01678	0.01199	0.01863	0.01033	0.04097	0.01894	0.01550	0.02417	0.01328	0.01562	0.01101	0.00554	0.00566	0.00117	0.00584	0.00461	0.00437	0.74657
20	0.01562	0.01482	0.02515	0.47361	0.28631	0.01691	0.02141	0.02037	0.01560	0.02090	0.01348	0.01927	0.01058	0.00713	0.00740	0.00238	0.00950	0.00660	0.00344	0.00953
21	0.00973	0.00747	0.00891	0.00873	0.01066	0.00665	0.00648	0.01244	0.01892	0.02522	0.40424	0.11493	0.30437	0.01719	0.00882	0.00245	0.00366	0.01488	0.00758	0.00665
22	0.01402	0.01319	0.02227	0.72126	0.05113	0.01649	0.02062	0.01897	0.01484	0.01897	0.01319	0.01979	0.00990	0.00742	0.00742	0.00247	0.00990	0.00660	0.00330	0.00825
23	0.09761	0.01169	0.01505	0.01205	0.01681	0.01058	0.00979	0.03002	0.02041	0.49116	0.17173	0.03066	0.02873	0.01029	0.00749	0.00231	0.00565	0.00845	0.00855	0.01098
24	0.05644	0.01347	0.01618	0.01473	0.05027	0.01399	0.01087	0.08470	0.20956	0.24380	0.02623	0.05450	0.02056	0.10016	0.04772	0.00347	0.00718	0.00842	0.00717	0.01059
25	0.00916	0.00654	0.00874	0.01047	0.01095	0.00613	0.00709	0.01053	0.01433	0.01908	0.04085	0.70889	0.04885	0.02315	0.00951	0.00303	0.00441	0.04535	0.00689	0.00606
26	0.01489	0.03840	0.70064	0.02116	0.03213	0.01724	0.02743	0.02351	0.01567	0.02351	0.01332	0.01567	0.00940	0.00705	0.00705	0.00235	0.01097	0.00549	0.00313	0.01097
27	0.01061	0.00795	0.01193	0.01193	0.01326	0.00928	0.00928	0.01326	0.01193	0.01723	0.01988	0.02916	0.01856	0.05568	0.70968	0.01193	0.01988	0.00795	0.00398	0.00663
28	0.01101	0.00856	0.00971	0.00990	0.01157	0.00846	0.00702	0.01558	0.12049	0.02119	0.09222	0.22917	0.22267	0.15942	0.01449	0.00358	0.00500	0.03653	0.00662	0.00680
29	0.01122	0.00884	0.01191	0.01185	0.01314	0.03336	0.00904	0.01361	0.01215	0.01702	0.01990	0.03031	0.01898	0.11357	0.62677	0.01117	0.01855	0.00809	0.00402	0.00651
30	0.00904	0.00646	0.00861	0.01034	0.01077	0.00603	0.00689	0.01034	0.01421	0.01895	0.04092	0.73426	0.04910	0.02326	0.00948	0.00301	0.00431	0.02110	0.00689	0.00603
31	0.01098	0.00720	0.00810	0.00807	0.00826	0.00717	0.00465	0.01137	0.01155	0.01594	0.05209	0.04749	0.02832	0.65952	0.03437	0.00663	0.00679	0.01065	0.05608	0.00477
32	0.01017	0.00810	0.00926	0.00942	0.01158	0.00747	0.00722	0.01375	0.06055	0.02285	0.18572	0.13361	0.37894	0.01818	0.00895	0.00264	0.00428	0.09332	0.00718	0.00682
33	0.03331	0.01263	0.01723	0.01321	0.01895	0.01091	0.01091	0.03618	0.02125	0.69794	0.02929	0.02527	0.01838	0.00919	0.00747	0.00230	0.00632	0.00747	0.00919	0.01263
34	0.00918	0.00754	0.00808	0.00794	0.01028	0.00644	0.00596	0.01144	0.01788	0.02232	0.21841	0.06771	0.54517	0.01796	0.00877	0.00247	0.00370	0.01514	0.00719	0.00644
35	0.01846	0.01595	0.01679	0.01511	0.01930	0.01846	0.01175	0.03945	0.67938	0.03105	0.03022	0.02770	0.02266	0.01007	0.00755	0.00252	0.00588	0.00839	0.00755	0.01175
36	0.01066	0.00764	0.00970	0.01080	0.01166	0.00744	0.00738	0.06337	0.01575	0.02103	0.03841	0.65115	0.04534	0.04858	0.01036	0.00311	0.00473	0.01956	0.00685	0.00650
37	0.01080	0.00720	0.00810	0.00810	0.00810	0.00720	0.00450	0.01080	0.01080	0.01439	0.02339	0.04858	0.02699	0.73910	0.03779	0.00720	0.00720	0.01080	0.00450	0.00450
38	0.01721	0.00932	0.00984	0.00882	0.01142	0.00954	0.00687	0.11383	0.01877	0.07405	0.02361	0.02608	0.01805	0.00872	0.00567	0.00184	0.00434	0.00692	0.61698	0.00813
39	0.00900	0.00757	0.00784	0.00788	0.01031	0.00640	0.00598	0.01103	0.01714	0.02065	0.10567	0.07114	0.62960	0.01869	0.00884	0.00254	0.00388	0.04255	0.00696	0.00633
40	0.00910	0.00650	0.00866	0.01030	0.01078	0.00606	0.00690	0.01046	0.01445	0.01933	0.06352	0.71058	0.04983	0.02298	0.00945	0.00299	0.00428	0.02084	0.00694	0.00606
41	0.01051	0.00759	0.00992	0.00934	0.01109	0.00700	0.00700	0.01401	0.02101	0.02977	0.68888	0.05545	0.07005	0.01518	0.00876	0.00233	0.00350	0.01343	0.00817	0.00700
42	0.01051	0.00759	0.00992	0.00934	0.01109	0.00700	0.00700	0.01401	0.02101	0.02977	0.68888	0.05545	0.07005	0.01518	0.00876	0.00233	0.00350	0.01343	0.00817	0.00700
43	0.01196	0.00854	0.01196	0.01367	0.01538	0.00854	0.01196	0.01538	0.01709	0.02222	0.03931	0.08374	0.04272	0.02051	0.01025	0.00342	0.00684	0.64283	0.00684	0.00684
44	0.01624	0.01624	0.02274	0.01949	0.01949	0.02274	0.01624	0.01787	0.01137	0.01787	0.00975	0.01624	0.00975	0.01299	0.02436	0.00325	0.72552	0.00650	0.00325	0.00812
45	0.03331	0.01263	0.01723	0.01321	0.01895	0.01091	0.01091	0.03618	0.02125	0.69794	0.02929	0.02527	0.01838	0.00919	0.00747	0.00230	0.00632	0.00747	0.00919	0.01263
46	0.02773	0.03538	0.02104	0.01913	0.02295	0.70930	0.01434	0.02964	0.02104	0.01817	0.01148	0.01339	0.00956	0.00765	0.00669	0.00191	0.01339	0.00478	0.00383	0.00861
47	0.01061	0.00795	0.01193	0.01193	0.01326	0.00928	0.00928	0.01326	0.01193	0.01723	0.01988	0.02916	0.01856	0.05568	0.70968	0.01193	0.01988	0.00795	0.00398	0.00663
48	0.01051	0.00759	0.00992	0.00934	0.01109	0.00700	0.00700	0.01401	0.02101	0.02977	0.68888	0.05545	0.07005	0.01518	0.00876	0.00233	0.00350	0.01343	0.00817	0.00700
49	0.01752	0.02003	0.04380	0.03129	0.03880	0.01877	0.66583	0.02378	0.01752	0.02378	0.01502	0.02003	0.01126	0.00626	0.00876	0.00250	0.01252	0.00876	0.00375	0.01001
50	0.01745	0.01980	0.04289	0.03063	0.03811	0.01849	0.64465	0.02362	0.01745	0.02379	0.01496	0.01988	0.01126	0.00623	0.00866	0.00246	0.01229	0.00862	0.00378	0.03498
51	0.01539	0.01319	0.01539	0.01100	0.01759	0.00990	0.00880	0.01869	0.01539	0.02419	0.01319	0.01539	0.01100	0.00550	0.00550	0.00110	0.00550	0.00440	0.00440	0.78449
52	0.79154	0.01436	0.01091	0.00976	0.01436	0.01665	0.00804	0.02182	0.01263	0.03331	0.01034	0.01206	0.00804	0.00689	0.00459	0.00230	0.00574	0.00402	0.00459	0.00804
53	0.01384	0.00692	0.00692	0.00692	0.00865	0.00692	0.00519	0.01730	0.01557	0.02768	0.02422	0.02768	0.01903	0.00865	0.00519	0.00173	0.00346	0.00692	0.78031	0.00692
54	0.02822	0.02079	0.02228	0.01708	0.02302	0.02302	0.01411	0.66804	0.03490	0.04679	0.01782	0.01782	0.01262	0.00891	0.00743	0.00223	0.00817	0.00668	0.00743	0.01262
55	0.05595	0.02031	0.02158	0.01671	0.02251	0.02255	0.01376	0.61172	0.06732	0.04548	0.01819	0.01812	0.01297	0.00890	0.00733	0.00225	0.00796	0.00667	0.00733	0.01241
56	0.01503	0.03745	0.66676	0.02168	0.03247	0.01732	0.06035	0.02352	0.01577	0.02352	0.01341	0.01590	0.00950	0.00701	0.00714	0.00236	0.01105	0.00565	0.00317	0.01092
57	0.00929	0.00656	0.00854	0.01002	0.01039	0.00619	0.00655	0.01040	0.01373	0.01831	0.03845	0.63772	0.04599	0.12404	0.01346	0.00360	0.00471	0.01965	0.00655	0.00581
58	0.02515	0.01866	0.02015	0.01605	0.02151	0.02052	0.01304	0.42793	0.21639	0.07529	0.02174	0.02091	0.01570	0.00911	0.00738	0.00226	0.00730	0.00711	0.00742	0.04638
59	0.59638	0.01458	0.01349	0.11830	0.02061	0.01703	0.01044	0.05394	0.04845	0.03168	0.01216	0.01432	0.00930	0.00723	0.00531	0.00233	0.00650	0.00477	0.00469	0.00849
60	0.04954	0.00807	0.01009	0.00948	0.01151	0.00755	0.00714	0.01496	0.02005	0.05696	0.56250	0.08790	0.09609	0.01513	0.00854	0.00238	0.00379	0.01323	0.00791	0.00720
61	0.01738	0.02983	0.37114	0.05813	0.05621	0.12111	0.09514	0.02359	0.01715	0.04569	0.05465	0.04539	0.01511	0.00821	0.00743	0.00232	0.01053	0.00697	0.00398	0.01003
62	0.01563	0.01281	0.01404	0.01321	0.01644	0.01401	0.01026	0.07869	0.35440	0.02784	0.03866	0.15137	0.12925	0.01445	0.00831	0.00266	0.00559	0.07554	0.00727	0.00958
63	0.02537	0.01746	0.01984	0.01768	0.07145	0.04366	0.01329	0.26769	0.17092	0.18482	0.02336	0.02424	0.01717	0.00939	0.00749	0.00231	0.00736	0.03383	0.00731	0.03535
64	0.01707	0.22978	0.47667	0.01873	0.02798	0.06553	0.02258	0.02356	0.01586	0.02152	0.01239	0.01450	0.00945	0.00690	0.00641	0.00212	0.01030	0.00503	0.00319	0.01043
65	0.03147	0.01223	0.01664	0.01290	0.01832	0.01060	0.01060	0.03439	0.02123	0.64408	0.08245	0.02770	0.02254	0.00967	0.00757	0.00230	0.00609	0.00795	0.00911	0.01218
66	0.01710	0.02294	0.14808	0.02968	0.03774	0.01853	0.56449	0.02374	0.01723	0.02374	0.01475	0.01933	0.01097	0.00638	0.00849	0.00248	0.01227	0.00824	0.00366	0.01016
67	0.00902	0.00654	0.00853	0.01013	0.01071	0.00605	0.00680	0.01036	0.01441	0.01903	0.04343	0.68564	0.09609	0.02293	0.00942	0.00298	0.00427	0.02071	0.00689	0.00605
68	0.00923	0.00753	0.00811	0.00836	0.01053	0.00652	0.00631	0.01120	0.01666	0.02032	0.09061	0.11572	0.53793	0.04769	0.01011	0.00280	0.00420	0.07306	0.00684	0.00626
69	0.01685	0.01858	0.03806	0.02797	0.03377	0.01885	0.50993	0.02206	0.01609	0.02232	0.01442	0.01996	0.01147	0.01064	0.05705	0.00325	0.13726	0.00831	0.00368	0.00946
70	0.00885	0.00752	0.00763	0.00760	0.01007	0.00630	0.00570	0.01080	0.01710	0.02048	0.10224	0.07074	0.66248	0.01864	0.00877	0.00250	0.00375	0.01557	0.00695	0.00630
71	0.01837	0.01764	0.03013	0.04557	0.69279	0.01764	0.02278	0.02278	0.01690	0.02425	0.01396	0.01837	0.01176	0.00661	0.00735	0.00220	0.00882	0.00661	0.00367	0.01176
72	0.00877	0.00752	0.00752	0.00752	0.01003	0.00627	0.00564	0.01065	0.01692	0.02005	0.07520	0.07144	0.68978	0.01880	0.00877	0.00251	0.00376	0.01567	0.00689	0.00627
73	0.01940	0.01641	0.01731	0.01530	0.01966	0.01890	0.01198	0.09993	0.61737	0.03257	0.02902	0.02675	0.02170	0.00996	0.00754	0.00249	0.00610	0.00823	0.00754	0.01183
74	0.07713	0.02002	0.02114	0.01646	0.02218	0.02227	0.01354	0.57973	0.08092	0.04475	0.01825	0.01818	0.01307	0.00887	0.00725	0.00225	0.00784	0.00664	0.00725	0.01226
75	0.02943	0.01216	0.01613	0.01264	0.01781	0.01072	0.01034	0.05714	0.02148	0.56751	0.09200	0.03073	0.06652	0.01035	0.00767	0.00231	0.00597	0.00851	0.00888	0.01171
76	0.79154	0.01436	0.01091	0.00976	0.01436	0.01665	0.00804	0.02182	0.01263	0.03331	0.01034	0.01206	0.00804	0.00689	0.00459	0.00230	0.00574	0.00402	0.00459	0.00804
77	0.00904	0.00646	0.00861	0.01034	0.01077	0.00603	0.00689	0.01034	0.01421	0.01895	0.04092	0.73426	0.04910	0.02326	0.00948	0.00301	0.00431	0.02110	0.00689	0.00603
78	0.01264	0.00645	0.00960	0.00971	0.00974	0.00642	0.00648	0.00971	0.00997	0.01329	0.01472	0.06884	0.01525	0.02563	0.02774	0.73323	0.00631	0.00740	0.00346	0.00341
79	0.02730	0.02030	0.02228	0.06286	0.02485	0.02260	0.01453	0.62584	0.03360	0.04498	0.01752	0.01795	0.01245	0.00881	0.00743	0.00224	0.00828	0.00668	0.00716	0.01234
80	0.01691	0.01843	0.03472	0.16789	0.03711	0.04156	0.39127	0.02188	0.01593	0.02150	0.01354	0.01904	0.01064	0.00781	0.01138	0.00262	0.14716	0.00777	0.00357	0.00925
81	0.02683	0.03212	0.02109	0.01878	0.02264	0.57560	0.01432	0.09592	0.04712	0.02163	0.01276	0.01455	0.01039	0.00815	0.00772	0.00204	0.04971	0.00521	0.00431	0.00912
82	0.01801	0.25032	0.35353	0.01958	0.02827	0.02078	0.11865	0.02398	0.01614	0.06555	0.01370	0.01580	0.01031	0.00686	0.00664	0.00214	0.00997	0.00565	0.00363	0.01049
83	0.02242	0.02143	0.12768	0.01650	0.02265	0.01956	0.01501	0.37448	0.15283	0.03764	0.04344	0.02263	0.04269	0.00931	0.00742	0.00228	0.00775	0.00731	0.00666	0.04031
84	0.04639	0.09965	0.34180	0.01811	0.02588	0.12351	0.01960	0.12662	0.01986	0.05320	0.04708	0.01751	0.01323	0.00785	0.00685	0.00219	0.00987	0.00584	0.00446	0.01051
85	0.01797	0.01471	0.01607	0.01386	0.01732	0.05058	0.01081	0.19002	0.12523	0.02848	0.05400	0.07829	0.02145	0.07247	0.14080	0.00442	0.04027	0.00855	0.00591	0.08878
86	0.02559	0.22172	0.02474	0.01542	0.02061	0.25370	0.01278	0.07687	0.06856	0.15846	0.01667	0.01684	0.01257	0.00780	0.00639	0.00194	0.00923	0.00549	0.00529	0.03934

[dist]
# distance from previous block
# <min> <max>
2	5

[block]
# block no. 1 follows, 27 sequences, length 6
# corresponding to MSA columns:
# 92-97
name=unknown_B
#
# <colnr> <probs for GDERKNQSTAVLIFYWHMCP>
#	G	D	E	R	K	N	Q	S	T	A	V	L	I	F	Y	W	H	M	C	P
0	0.01591	0.01189	0.01279	0.01129	0.01428	0.06744	0.00866	0.07556	0.02107	0.09543	0.36498	0.09471	0.09493	0.01358	0.00816	0.00226	0.00524	0.01161	0.00739	0.06280
1	0.01782	0.01356	0.01597	0.01256	0.01762	0.01249	0.00999	0.10188	0.07301	0.07898	0.06022	0.08266	0.01962	0.00913	0.00761	0.00181	0.04389	0.00737	0.00579	0.40804
2	0.08204	0.24693	0.14035	0.05525	0.04429	0.09225	0.04732	0.13357	0.01923	0.02554	0.01519	0.01700	0.03602	0.00762	0.00635	0.00206	0.00906	0.00567	0.00427	0.00998
3	0.04130	0.01780	0.16141	0.01533	0.04364	0.01372	0.01387	0.07180	0.15989	0.06252	0.17950	0.06106	0.07412	0.01177	0.00788	0.00245	0.00657	0.03920	0.00648	0.00969
4	0.15120	0.08602	0.35844	0.07158	0.08666	0.01728	0.02022	0.02193	0.01558	0.02497	0.06805	0.01854	0.01440	0.00762	0.00663	0.00227	0.00892	0.00594	0.00387	0.00988
5	0.01938	0.01497	0.01595	0.01384	0.01754	0.07122	0.01077	0.02882	0.26688	0.13166	0.10295	0.06047	0.02572	0.04254	0.01007	0.00255	0.06006	0.00868	0.00677	0.08915

[dist]
# distance from previous block
# <min> <max>
31	75

[block]
# block no. 2 follows, 27 sequences, length 28
# corresponding to MSA columns:
# 174-201
name=unknown_C
#
# <colnr> <probs for GDERKNQSTAVLIFYWHMCP>
#	G	D	E	R	K	N	Q	S	T	A	V	L	I	F	Y	W	H	M	C	P
0	0.01662	0.03313	0.55971	0.01942	0.02902	0.01627	0.02389	0.05775	0.01752	0.07539	0.06784	0.01963	0.01501	0.00795	0.00724	0.00234	0.00989	0.00632	0.00421	0.01087
1	0.02081	0.06771	0.01887	0.04568	0.02021	0.01581	0.01126	0.17763	0.11532	0.10838	0.01977	0.04132	0.01573	0.04809	0.00839	0.00220	0.00672	0.00677	0.00607	0.24325
2	0.01426	0.01325	0.02161	0.53149	0.09198	0.01593	0.01889	0.01870	0.01460	0.01947	0.01362	0.02001	0.01081	0.01157	0.06673	0.00320	0.04944	0.00658	0.00345	0.05442
3	0.02446	0.07551	0.07828	0.01780	0.06149	0.11902	0.01452	0.27048	0.04876	0.11967	0.02091	0.02126	0.04992	0.01052	0.03194	0.00252	0.00903	0.00680	0.00609	0.01103
4	0.07300	0.01891	0.02058	0.17918	0.02836	0.07009	0.01486	0.33066	0.12943	0.03493	0.01776	0.01914	0.01306	0.00853	0.00721	0.00231	0.00843	0.00662	0.00605	0.01089
5	0.01209	0.00821	0.00915	0.00876	0.00921	0.00837	0.00521	0.05967	0.01259	0.01680	0.02298	0.04629	0.02592	0.68480	0.03553	0.00683	0.00727	0.01049	0.00472	0.00510
6	0.01826	0.01323	0.01500	0.01265	0.01625	0.01350	0.00960	0.22159	0.07124	0.05781	0.02353	0.14237	0.02253	0.16286	0.04069	0.00360	0.00711	0.00974	0.00621	0.13224
7	0.01024	0.00734	0.00946	0.01024	0.01160	0.00688	0.00755	0.01239	0.01613	0.03646	0.14855	0.35649	0.16786	0.02291	0.06135	0.00351	0.00558	0.09202	0.00692	0.00652
8	0.02556	0.01875	0.02023	0.01591	0.02100	0.02063	0.01285	0.57167	0.03159	0.04233	0.01975	0.06572	0.01613	0.07065	0.01009	0.00269	0.00784	0.00794	0.00715	0.01153
9	0.02536	0.01300	0.01632	0.01270	0.01803	0.01169	0.01030	0.08261	0.06280	0.37799	0.10885	0.02660	0.02321	0.00922	0.00723	0.00206	0.00592	0.00758	0.00782	0.17068
10	0.01785	0.01711	0.02919	0.12668	0.61577	0.01750	0.02252	0.02233	0.01666	0.02362	0.01387	0.01854	0.01154	0.00671	0.00736	0.00224	0.00895	0.00661	0.00363	0.01134
11	0.01528	0.03567	0.60321	0.02266	0.03312	0.01747	0.12212	0.02355	0.01595	0.02355	0.01357	0.01632	0.00968	0.00694	0.00731	0.00237	0.01120	0.00597	0.00323	0.01083
12	0.02277	0.01840	0.01882	0.01588	0.02069	0.05594	0.01262	0.24340	0.40652	0.06435	0.02516	0.02363	0.01852	0.00953	0.00746	0.00238	0.00704	0.00761	0.00739	0.01191
13	0.01004	0.00703	0.00884	0.00932	0.01000	0.00669	0.00615	0.01157	0.01513	0.02069	0.22729	0.31247	0.04819	0.25120	0.01837	0.00416	0.00500	0.01551	0.00650	0.00583
14	0.01646	0.01579	0.02717	0.33823	0.39274	0.01718	0.04316	0.02116	0.01603	0.02194	0.01367	0.01904	0.01093	0.00695	0.00743	0.00233	0.00941	0.00668	0.00351	0.01018
15	0.03215	0.01320	0.01742	0.01350	0.01915	0.01191	0.01110	0.06372	0.06349	0.62756	0.02885	0.02510	0.01840	0.00923	0.00747	0.00231	0.00637	0.00749	0.00901	0.01258
16	0.03054	0.01195	0.01627	0.01284	0.01801	0.01038	0.01045	0.03330	0.02065	0.61946	0.05188	0.08532	0.02263	0.01056	0.00768	0.00236	0.00606	0.00880	0.00896	0.01190
17	0.00917	0.00743	0.00808	0.00840	0.01044	0.00645	0.00623	0.01107	0.01651	0.02027	0.09430	0.16099	0.50770	0.04702	0.01008	0.00281	0.00415	0.05581	0.00686	0.00624
18	0.01030	0.00743	0.00861	0.00875	0.01041	0.00664	0.00618	0.01209	0.01629	0.04460	0.16581	0.21210	0.31784	0.12350	0.01310	0.00326	0.00443	0.01550	0.00685	0.00631
19	0.01650	0.01700	0.02422	0.23689	0.03111	0.07022	0.07157	0.01955	0.01365	0.01872	0.01137	0.01745	0.00990	0.01033	0.01656	0.00285	0.39382	0.00659	0.00335	0.00835
20	0.01024	0.00730	0.00801	0.00799	0.00873	0.00694	0.00490	0.01087	0.01282	0.01648	0.06157	0.05498	0.20688	0.51894	0.02892	0.00576	0.00614	0.01220	0.00528	0.00507
21	0.43354	0.01151	0.01019	0.00959	0.01285	0.01256	0.00736	0.01850	0.03792	0.02788	0.03997	0.12560	0.06783	0.07149	0.00865	0.00276	0.00531	0.00848	0.05437	0.03366
22	0.01765	0.01763	0.02988	0.19022	0.44227	0.04286	0.10650	0.02233	0.01669	0.02281	0.01384	0.01872	0.01121	0.00678	0.00753	0.00229	0.00971	0.00683	0.00361	0.01065
23	0.01744	0.01666	0.02807	0.07968	0.60832	0.01675	0.02142	0.02170	0.01679	0.02366	0.01836	0.02230	0.06077	0.00754	0.00746	0.00224	0.00851	0.00727	0.00389	0.01117
24	0.01292	0.00652	0.00932	0.00932	0.00951	0.00652	0.00625	0.01052	0.01034	0.01452	0.01446	0.02399	0.01403	0.04811	0.02677	0.67421	0.00615	0.00665	0.08621	0.00366
25	0.01443	0.01363	0.01892	0.01660	0.01799	0.05351	0.05978	0.01692	0.01273	0.01838	0.01514	0.02238	0.01400	0.03060	0.31920	0.00684	0.30310	0.00721	0.03105	0.00759
26	0.25158	0.01342	0.01841	0.42179	0.06662	0.01602	0.01625	0.01975	0.01443	0.02382	0.01425	0.02200	0.01179	0.00817	0.00676	0.00248	0.00836	0.05190	0.00397	0.00824
27	0.01402	0.01319	0.02227	0.72126	0.05113	0.01649	0.02062	0.01897	0.01484	0.01897	0.01319	0.01979	0.00990	0.00742	0.00742	0.00247	0.00990	0.00660	0.00330	0.00825

[dist]
# distance from previous block
# <min> <max>
0	3

[block]
# block no. 3 follows, 27 sequences, length 14
# corresponding to MSA columns:
# 205-218
name=unknown_D
#
# <colnr> <probs for GDERKNQSTAVLIFYWHMCP>
#	G	D	E	R	K	N	Q	S	T	A	V	L	I	F	Y	W	H	M	C	P
0	0.00897	0.00676	0.00831	0.00955	0.01056	0.00610	0.00654	0.01043	0.01497	0.01926	0.05046	0.54983	0.22736	0.02202	0.00928	0.00287	0.00415	0.01959	0.00689	0.00610
1	0.02628	0.01934	0.02089	0.01640	0.02178	0.02130	0.01338	0.60136	0.03281	0.04396	0.02016	0.09046	0.01632	0.01037	0.00763	0.00231	0.00778	0.00815	0.00737	0.01196
2	0.01076	0.00724	0.00829	0.00823	0.00842	0.00718	0.00477	0.01114	0.01189	0.01604	0.09483	0.04932	0.03161	0.66139	0.03467	0.00668	0.00680	0.01108	0.00489	0.00477
3	0.00953	0.00740	0.00824	0.00824	0.00998	0.00658	0.00584	0.01140	0.01654	0.02113	0.19967	0.11510	0.38635	0.14480	0.01392	0.00333	0.00435	0.01473	0.00676	0.00610
4	0.01235	0.00720	0.01065	0.08601	0.01426	0.00748	0.00797	0.01128	0.01146	0.01564	0.01896	0.15747	0.01983	0.02224	0.02147	0.50220	0.00622	0.00927	0.05350	0.00453
5	0.01559	0.01530	0.02743	0.45477	0.20237	0.01711	0.11956	0.02061	0.01574	0.02096	0.01366	0.01949	0.01055	0.00705	0.00761	0.00241	0.01004	0.00693	0.00346	0.00935
6	0.01466	0.01414	0.02022	0.01753	0.01817	0.01866	0.03855	0.01663	0.01274	0.01900	0.05989	0.07816	0.04925	0.01662	0.06379	0.00365	0.51780	0.00869	0.00409	0.00778
7	0.17268	0.01499	0.01621	0.01354	0.01832	0.01607	0.01089	0.14415	0.21557	0.21064	0.05115	0.04481	0.01967	0.00963	0.00704	0.00237	0.00623	0.00759	0.00740	0.01106
8	0.01912	0.01386	0.01901	0.04762	0.18719	0.01427	0.01426	0.07523	0.14677	0.12962	0.06992	0.03773	0.06483	0.01148	0.00808	0.00252	0.00689	0.11468	0.00655	0.01037
9	0.01652	0.01759	0.02963	0.35431	0.04131	0.07149	0.24163	0.02133	0.01587	0.02044	0.01332	0.01900	0.01032	0.00764	0.00964	0.00252	0.08789	0.00719	0.00349	0.00887
10	0.00954	0.00740	0.00798	0.00800	0.00995	0.00650	0.00578	0.01151	0.01664	0.02125	0.15632	0.10579	0.45116	0.09395	0.01168	0.00297	0.00410	0.01469	0.04860	0.00621
11	0.00915	0.00699	0.00826	0.00907	0.01035	0.00626	0.00628	0.01075	0.01552	0.01987	0.09947	0.39387	0.29081	0.06442	0.01088	0.00303	0.00422	0.01788	0.00684	0.00610
12	0.43498	0.01469	0.01677	0.16657	0.02490	0.01668	0.05267	0.05005	0.05753	0.08137	0.01429	0.01649	0.01056	0.00743	0.00600	0.00236	0.00722	0.00553	0.00492	0.00899
13	0.28793	0.02000	0.01750	0.01451	0.01945	0.11968	0.01170	0.29852	0.05962	0.03660	0.03761	0.01701	0.01309	0.00831	0.00640	0.00223	0.00782	0.00582	0.00597	0.01024

[dist]
# distance from previous block
# <min> <max>
0	3

[block]
# block no. 4 follows, 27 sequences, length 27
# corresponding to MSA columns:
# 222-248
name=unknown_E
#
# <colnr> <probs for GDERKNQSTAVLIFYWHMCP>
#	G	D	E	R	K	N	Q	S	T	A	V	L	I	F	Y	W	H	M	C	P
0	0.00924	0.00684	0.00859	0.00989	0.01082	0.00628	0.00688	0.01075	0.01484	0.01923	0.04727	0.53023	0.18037	0.04775	0.01039	0.00309	0.00446	0.06018	0.00680	0.00608
1	0.01449	0.00855	0.01297	0.01171	0.01270	0.00866	0.05013	0.06635	0.01232	0.01648	0.01345	0.02200	0.01277	0.02309	0.02586	0.66680	0.00699	0.00662	0.00361	0.00446
2	0.02549	0.23786	0.02621	0.01720	0.02184	0.48640	0.01386	0.05349	0.01989	0.01913	0.01140	0.01314	0.00968	0.00733	0.00617	0.00183	0.01161	0.00463	0.00379	0.00903
3	0.00918	0.00754	0.00810	0.00810	0.01040	0.00646	0.00611	0.01137	0.01755	0.02174	0.17739	0.08737	0.54621	0.01836	0.00884	0.00252	0.00383	0.03542	0.00711	0.00640
4	0.02611	0.01205	0.01516	0.01230	0.01716	0.01103	0.00994	0.03137	0.11438	0.46249	0.03891	0.03516	0.15782	0.01130	0.00775	0.00237	0.00573	0.00929	0.00848	0.01119
5	0.72692	0.01421	0.01145	0.01006	0.01475	0.01616	0.00828	0.02305	0.01337	0.08995	0.01195	0.01319	0.00892	0.00709	0.00484	0.00230	0.00579	0.00431	0.00499	0.00843
6	0.00915	0.00745	0.00802	0.00804	0.01020	0.00640	0.00592	0.01120	0.01724	0.02144	0.17442	0.11447	0.52077	0.04020	0.00969	0.00265	0.00386	0.01552	0.00704	0.00632
7	0.01704	0.01723	0.02108	0.01770	0.01939	0.07823	0.01454	0.01903	0.01302	0.01920	0.01060	0.01582	0.00999	0.01099	0.01897	0.00269	0.51632	0.00592	0.00353	0.16870
8	0.00915	0.00650	0.00858	0.01021	0.01061	0.00610	0.00675	0.01036	0.01402	0.01869	0.03990	0.69455	0.04782	0.06471	0.01111	0.00326	0.00447	0.02051	0.00675	0.00594
9	0.02497	0.07844	0.02269	0.01859	0.02201	0.46946	0.01459	0.08088	0.01990	0.02048	0.01159	0.01423	0.00986	0.00872	0.01011	0.00218	0.15318	0.00523	0.00397	0.00891
10	0.00904	0.00678	0.00829	0.00947	0.01046	0.00614	0.00645	0.01044	0.01482	0.01907	0.04961	0.52468	0.22396	0.05101	0.01043	0.00304	0.00427	0.01920	0.00680	0.00603
11	0.02052	0.68321	0.03738	0.01325	0.01939	0.08732	0.01284	0.02286	0.01559	0.01753	0.01042	0.01203	0.00953	0.00646	0.00493	0.00162	0.00840	0.00404	0.00323	0.00945
12	0.01016	0.00794	0.00906	0.00880	0.01097	0.00714	0.00657	0.03574	0.01890	0.02463	0.30415	0.11990	0.37437	0.01744	0.00878	0.00247	0.00387	0.01495	0.00740	0.00676
13	0.01617	0.01350	0.01575	0.01157	0.01777	0.01097	0.00928	0.07333	0.01682	0.02565	0.01402	0.01650	0.01163	0.00906	0.05162	0.00190	0.00666	0.00482	0.00463	0.66836
14	0.01812	0.01738	0.02968	0.08470	0.65563	0.01757	0.02266	0.02256	0.01678	0.02395	0.01392	0.01846	0.01165	0.00666	0.00735	0.00222	0.00888	0.00661	0.00365	0.01156
15	0.01135	0.00655	0.00944	0.01006	0.01030	0.00648	0.00679	0.01015	0.01147	0.01537	0.02351	0.28100	0.02639	0.02682	0.06635	0.45050	0.00655	0.01186	0.00460	0.00446
16	0.01139	0.00819	0.01035	0.01128	0.01247	0.00808	0.00826	0.06709	0.01634	0.02161	0.03839	0.46217	0.06609	0.08235	0.01184	0.00337	0.00536	0.14204	0.00672	0.00663
17	0.01596	0.01560	0.02382	0.22382	0.13900	0.02012	0.01856	0.01899	0.01327	0.01923	0.01142	0.01760	0.01012	0.01036	0.01674	0.00286	0.40391	0.00654	0.00333	0.00875
18	0.01115	0.00841	0.00926	0.00879	0.01141	0.00756	0.00668	0.01485	0.06581	0.05817	0.21620	0.06209	0.45903	0.01681	0.00861	0.00246	0.00398	0.01418	0.00737	0.00717
19	0.00912	0.00649	0.00859	0.01024	0.01065	0.00608	0.00679	0.01036	0.01407	0.01876	0.04017	0.70496	0.04816	0.05385	0.01069	0.00319	0.00443	0.02066	0.00679	0.00596
20	0.01420	0.01325	0.01917	0.08244	0.02041	0.01777	0.01438	0.01647	0.01188	0.01776	0.01337	0.02079	0.01263	0.02639	0.24630	0.00601	0.42867	0.00698	0.00349	0.00765
21	0.00965	0.00689	0.00931	0.01103	0.01172	0.00655	0.00794	0.01138	0.01481	0.01963	0.04058	0.59974	0.04778	0.02269	0.00964	0.00310	0.00483	0.14966	0.00688	0.00620
22	0.01985	0.74357	0.03890	0.01270	0.01905	0.02937	0.01270	0.02223	0.01508	0.01747	0.01032	0.01191	0.00953	0.00635	0.00476	0.00159	0.00794	0.00397	0.00318	0.00953
23	0.01656	0.01550	0.02558	0.38169	0.31763	0.01749	0.02108	0.04942	0.01648	0.02238	0.01360	0.01898	0.01079	0.00735	0.00800	0.00238	0.03495	0.00660	0.00364	0.00991
24	0.00938	0.00699	0.00873	0.00946	0.01070	0.00634	0.00665	0.01139	0.01663	0.02210	0.22267	0.40895	0.19261	0.02012	0.00913	0.00272	0.00397	0.01787	0.00724	0.00634
25	0.02652	0.03282	0.02308	0.02008	0.02418	0.59822	0.06957	0.05718	0.02105	0.01991	0.01200	0.01424	0.00985	0.00776	0.00747	0.00202	0.03595	0.00526	0.00396	0.00889
26	0.05235	0.01575	0.01758	0.01475	0.01887	0.01750	0.01180	0.37472	0.08117	0.03547	0.02176	0.10651	0.01888	0.02031	0.15278	0.00436	0.00984	0.00871	0.00655	0.01034

[dist]
# distance from previous block
# <min> <max>
0	3

[block]
# block no. 5 follows, 27 sequences, length 213
# corresponding to MSA columns:
# 252-464
name=unknown_F
#
# <colnr> <probs for GDERKNQSTAVLIFYWHMCP>
#	G	D	E	R	K	N	Q	S	T	A	V	L	I	F	Y	W	H	M	C	P
0	0.01332	0.01094	0.01271	0.01246	0.01412	0.08389	0.00950	0.01568	0.01344	0.04706	0.02116	0.08194	0.02029	0.07654	0.52044	0.00955	0.01684	0.00872	0.00443	0.00696
1	0.03308	0.01300	0.01745	0.01338	0.01913	0.01145	0.01105	0.06438	0.02186	0.66887	0.02878	0.02494	0.01812	0.00918	0.00746	0.00229	0.00640	0.00743	0.00911	0.01263
2	0.01051	0.00759	0.00992	0.00934	0.01109	0.00700	0.00700	0.01401	0.02101	0.02977	0.68888	0.05545	0.07005	0.01518	0.00876	0.00233	0.00350	0.01343	0.00817	0.00700
3	0.01738	0.01962	0.04154	0.03002	0.03672	0.01920	0.59607	0.02314	0.01686	0.02314	0.01445	0.01962	0.01110	0.00698	0.01044	0.00258	0.08908	0.00852	0.00370	0.00981
4	0.01272	0.00645	0.00962	0.00970	0.00972	0.00643	0.00647	0.00970	0.00988	0.01317	0.01417	0.05505	0.01455	0.02567	0.02812	0.74836	0.00635	0.00712	0.00339	0.00335
5	0.00903	0.00651	0.00856	0.01021	0.01073	0.00604	0.00683	0.01035	0.01434	0.01900	0.04248	0.70401	0.07834	0.02305	0.00944	0.00299	0.00428	0.02086	0.00689	0.00604
6	0.01507	0.03483	0.59876	0.02325	0.10188	0.01684	0.02604	0.02302	0.01604	0.02386	0.04289	0.01770	0.01230	0.00736	0.00716	0.00233	0.01042	0.00595	0.00341	0.01088
7	0.01941	0.02024	0.05446	0.15952	0.23560	0.11761	0.04234	0.07103	0.15563	0.02529	0.01710	0.01976	0.01329	0.00780	0.00736	0.00230	0.00926	0.00675	0.00467	0.01060
8	0.01528	0.01448	0.02454	0.52586	0.23669	0.01682	0.02124	0.02007	0.01544	0.02050	0.01342	0.01938	0.01043	0.00719	0.00740	0.00240	0.00958	0.00660	0.00341	0.00926
9	0.02357	0.01727	0.01861	0.01507	0.02010	0.01884	0.01219	0.37898	0.19497	0.08482	0.02923	0.02783	0.10372	0.01051	0.00764	0.00234	0.00688	0.00834	0.00751	0.01158
10	0.01919	0.01990	0.03161	0.04030	0.50786	0.08950	0.13550	0.02367	0.01744	0.02354	0.01389	0.01815	0.01144	0.00666	0.00753	0.00223	0.00995	0.00680	0.00370	0.01112
11	0.02620	0.01711	0.13722	0.01461	0.02061	0.01256	0.01360	0.05900	0.06619	0.43104	0.02728	0.09926	0.02013	0.01037	0.00761	0.00240	0.00697	0.00861	0.00768	0.01157
12	0.01080	0.00720	0.00810	0.00810	0.00810	0.00720	0.00450	0.01080	0.01080	0.01439	0.02339	0.04858	0.02699	0.73910	0.03779	0.00720	0.00720	0.01080	0.00450	0.00450
13	0.01489	0.03840	0.70064	0.02116	0.03213	0.01724	0.02743	0.02351	0.01567	0.02351	0.01332	0.01567	0.00940	0.00705	0.00705	0.00235	0.01097	0.00549	0.00313	0.01097
14	0.01539	0.01319	0.01539	0.01100	0.01759	0.00990	0.00880	0.01869	0.01539	0.02419	0.01319	0.01539	0.01100	0.00550	0.00550	0.00110	0.00550	0.00440	0.00440	0.78449
15	0.01964	0.01713	0.01709	0.01531	0.01954	0.06470	0.01189	0.03867	0.61046	0.05511	0.02892	0.02664	0.02162	0.00988	0.00749	0.00247	0.00640	0.00812	0.00736	0.01157
16	0.01061	0.00795	0.01193	0.01193	0.01326	0.00928	0.00928	0.01326	0.01193	0.01723	0.01988	0.02916	0.01856	0.05568	0.70968	0.01193	0.01988	0.00795	0.00398	0.00663
17	0.00916	0.00654	0.00875	0.01047	0.01095	0.00613	0.00709	0.01054	0.01433	0.01908	0.04085	0.70831	0.04885	0.02315	0.00951	0.00303	0.00441	0.04591	0.00689	0.00606
18	0.01061	0.00795	0.01193	0.01193	0.01326	0.00928	0.00928	0.01326	0.01193	0.01723	0.01988	0.02916	0.01856	0.05568	0.70968	0.01193	0.01988	0.00795	0.00398	0.00663
19	0.01846	0.01595	0.01679	0.01511	0.01930	0.01846	0.01175	0.03945	0.67938	0.03105	0.03022	0.02770	0.02266	0.01007	0.00755	0.00252	0.00588	0.00839	0.00755	0.01175
20	0.01323	0.01049	0.01593	0.07831	0.13420	0.01076	0.01454	0.01695	0.01687	0.02229	0.03279	0.06721	0.03468	0.01704	0.00952	0.00313	0.00743	0.48082	0.00600	0.00780
21	0.04484	0.03747	0.67404	0.02072	0.03144	0.01722	0.02668	0.02344	0.01556	0.02389	0.01321	0.01553	0.00935	0.00705	0.00696	0.00235	0.01077	0.00543	0.00319	0.01086
22	0.01837	0.01764	0.03013	0.04557	0.69279	0.01764	0.02278	0.02278	0.01690	0.02425	0.01396	0.01837	0.01176	0.00661	0.00735	0.00220	0.00882	0.00661	0.00367	0.01176
23	0.79154	0.01436	0.01091	0.00976	0.01436	0.01665	0.00804	0.02182	0.01263	0.03331	0.01034	0.01206	0.00804	0.00689	0.00459	0.00230	0.00574	0.00402	0.00459	0.00804
24	0.01062	0.00789	0.01163	0.01163	0.01285	0.00912	0.00890	0.01306	0.01184	0.01701	0.02016	0.03070	0.01922	0.10960	0.65667	0.01156	0.01888	0.00818	0.00402	0.00646
25	0.01050	0.00707	0.00819	0.00848	0.00855	0.00700	0.00491	0.01072	0.01138	0.01517	0.02639	0.16583	0.03077	0.61670	0.03294	0.00648	0.00670	0.01256	0.00491	0.00476
26	0.00904	0.00646	0.00861	0.01034	0.01077	0.00603	0.00689	0.01034	0.01421	0.01895	0.04092	0.73426	0.04910	0.02326	0.00948	0.00301	0.00431	0.02110	0.00689	0.00603
27	0.00904	0.00646	0.00861	0.01034	0.01077	0.00603	0.00689	0.01034	0.01421	0.01895	0.04092	0.73426	0.04910	0.02326	0.00948	0.00301	0.00431	0.02110	0.00689	0.00603
28	0.01539	0.01319	0.01539	0.01100	0.01759	0.00990	0.00880	0.01869	0.01539	0.02419	0.01319	0.01539	0.01100	0.00550	0.00550	0.00110	0.00550	0.00440	0.00440	0.78449
29	0.01614	0.21662	0.53339	0.01902	0.02883	0.02031	0.02371	0.02319	0.01552	0.02198	0.01256	0.01472	0.00944	0.00688	0.00647	0.00216	0.01020	0.00510	0.00315	0.01061
30	0.05328	0.05432	0.39056	0.01933	0.05094	0.04934	0.02082	0.13830	0.01987	0.08000	0.04342	0.01817	0.01325	0.00787	0.00703	0.00227	0.00950	0.00608	0.00469	0.01097
31	0.03183	0.04148	0.01771	0.01297	0.01861	0.01147	0.01078	0.03464	0.02084	0.64475	0.03030	0.02652	0.04392	0.00945	0.00741	0.00228	0.00628	0.00764	0.00886	0.01226
32	0.01716	0.01640	0.02794	0.23367	0.51417	0.01732	0.02218	0.02172	0.01633	0.02278	0.01375	0.01877	0.01124	0.00684	0.00737	0.00228	0.00912	0.00661	0.00357	0.01078
33	0.02450	0.01632	0.01838	0.01498	0.01965	0.01740	0.01200	0.40523	0.05789	0.13847	0.02499	0.17054	0.02165	0.01203	0.00787	0.00242	0.00697	0.00992	0.00759	0.01119
34	0.01489	0.01578	0.05649	0.48901	0.04402	0.01774	0.11599	0.01973	0.01479	0.01973	0.01299	0.01914	0.01006	0.00801	0.00997	0.00258	0.11025	0.00685	0.00335	0.00862
35	0.01624	0.01624	0.02274	0.01949	0.01949	0.02274	0.01624	0.01787	0.01137	0.01787	0.00975	0.01624	0.00975	0.01299	0.02436	0.00325	0.72552	0.00650	0.00325	0.00812
36	0.02736	0.03467	0.02140	0.02018	0.04967	0.68171	0.01468	0.02937	0.02087	0.01841	0.01157	0.01359	0.00965	0.00761	0.00672	0.00192	0.01321	0.00485	0.00382	0.00873
37	0.00877	0.00752	0.00752	0.00752	0.01003	0.00627	0.00564	0.01065	0.01692	0.02005	0.07520	0.07144	0.68978	0.01880	0.00877	0.00251	0.00376	0.01567	0.00689	0.00627
38	0.01400	0.01339	0.02295	0.58398	0.04581	0.01613	0.07164	0.01867	0.01497	0.01935	0.01650	0.05144	0.03495	0.00860	0.00832	0.00253	0.03726	0.00769	0.00361	0.00822
39	0.01882	0.01612	0.01699	0.01518	0.01944	0.01863	0.01184	0.06238	0.65587	0.03163	0.02976	0.02734	0.02230	0.01003	0.00755	0.00251	0.00596	0.00833	0.00755	0.01178
40	0.01488	0.00896	0.01095	0.00976	0.01255	0.00809	0.00749	0.04023	0.01996	0.15109	0.33791	0.05288	0.23662	0.04366	0.00963	0.00257	0.00441	0.01263	0.00782	0.00794
41	0.02773	0.03538	0.02104	0.01913	0.02295	0.70930	0.01434	0.02964	0.02104	0.01817	0.01148	0.01339	0.00956	0.00765	0.00669	0.00191	0.01339	0.00478	0.00383	0.00861
42	0.00964	0.00786	0.00856	0.00833	0.01069	0.00695	0.00626	0.01272	0.04363	0.02323	0.24752	0.06522	0.48828	0.01744	0.00872	0.00246	0.00377	0.01475	0.00728	0.00669
43	0.02779	0.02058	0.02204	0.01699	0.02286	0.02282	0.01401	0.64059	0.06304	0.04610	0.01836	0.01825	0.01306	0.00896	0.00743	0.00224	0.00807	0.00676	0.00743	0.01259
44	0.00877	0.00752	0.00752	0.00752	0.01003	0.00627	0.00564	0.01065	0.01692	0.02005	0.07520	0.07144	0.68978	0.01880	0.00877	0.00251	0.00376	0.01567	0.00689	0.00627
45	0.02766	0.02046	0.02198	0.01681	0.02278	0.02245	0.01388	0.63969	0.03405	0.04580	0.01762	0.01772	0.01255	0.00876	0.00734	0.00218	0.00805	0.00658	0.00729	0.04633
46	0.03331	0.01263	0.01723	0.01321	0.01895	0.01091	0.01091	0.03618	0.02125	0.69794	0.02929	0.02527	0.01838	0.00919	0.00747	0.00230	0.00632	0.00747	0.00919	0.01263
47	0.01428	0.01292	0.02288	0.50979	0.04241	0.01506	0.10144	0.01799	0.01430	0.01854	0.01338	0.02030	0.01059	0.01043	0.01131	0.13695	0.00964	0.00685	0.00334	0.00761
48	0.01637	0.04263	0.02332	0.01924	0.01947	0.02298	0.01611	0.01802	0.01150	0.01785	0.00977	0.01608	0.00974	0.01275	0.02365	0.00319	0.69948	0.00640	0.00325	0.00817
49	0.02189	0.01704	0.01888	0.01408	0.02034	0.01655	0.01149	0.34765	0.02528	0.03564	0.01554	0.01662	0.01182	0.00723	0.00647	0.00167	0.00685	0.00556	0.00593	0.39347
50	0.01384	0.00692	0.00692	0.00692	0.00865	0.00692	0.00519	0.01730	0.01557	0.02768	0.02422	0.02768	0.01903	0.00865	0.00519	0.00173	0.00346	0.00692	0.78031	0.00692
51	0.01080	0.00720	0.00810	0.00810	0.00810	0.00720	0.00450	0.01080	0.01080	0.01439	0.02339	0.04858	0.02699	0.73910	0.03779	0.00720	0.00720	0.01080	0.00450	0.00450
52	0.79154	0.01436	0.01091	0.00976	0.01436	0.01665	0.00804	0.02182	0.01263	0.03331	0.01034	0.01206	0.00804	0.00689	0.00459	0.00230	0.00574	0.00402	0.00459	0.00804
53	0.02773	0.03538	0.02104	0.01913	0.02295	0.70930	0.01434	0.02964	0.02104	0.01817	0.01148	0.01339	0.00956	0.00765	0.00669	0.00191	0.01339	0.00478	0.00383	0.00861
54	0.01432	0.01351	0.02282	0.67405	0.09596	0.01657	0.02077	0.01923	0.01499	0.01934	0.01325	0.01969	0.01003	0.00737	0.00742	0.00246	0.00982	0.00660	0.00332	0.00849
55	0.01289	0.00645	0.00967	0.00967	0.00967	0.00645	0.00645	0.00967	0.00967	0.01289	0.01289	0.02257	0.01289	0.02579	0.02901	0.78401	0.00645	0.00645	0.00322	0.00322
56	0.01752	0.02003	0.04380	0.03129	0.03880	0.01877	0.66583	0.02378	0.01752	0.02378	0.01502	0.02003	0.01126	0.00626	0.00876	0.00250	0.01252	0.00876	0.00375	0.01001
57	0.01740	0.02085	0.07312	0.03084	0.03850	0.01871	0.63734	0.02377	0.01744	0.02377	0.01494	0.01983	0.01118	0.00629	0.00868	0.00250	0.01245	0.00861	0.00373	0.01006
58	0.00903	0.00651	0.00857	0.01021	0.01073	0.00604	0.00684	0.01035	0.01433	0.01900	0.04245	0.70467	0.07770	0.02306	0.00944	0.00299	0.00428	0.02086	0.00689	0.00604
59	0.00941	0.00683	0.00893	0.01052	0.01110	0.00652	0.00708	0.01148	0.04032	0.01943	0.04050	0.70653	0.04806	0.02274	0.00940	0.00300	0.00437	0.02061	0.00692	0.00625
60	0.00877	0.00752	0.00752	0.00752	0.01003	0.00627	0.00564	0.01065	0.01692	0.02005	0.07520	0.07144	0.68978	0.01880	0.00877	0.00251	0.00376	0.01567	0.00689	0.00627
61	0.02773	0.03538	0.02104	0.01913	0.02295	0.70930	0.01434	0.02964	0.02104	0.01817	0.01148	0.01339	0.00956	0.00765	0.00669	0.00191	0.01339	0.00478	0.00383	0.00861
62	0.01459	0.01350	0.02227	0.69317	0.05001	0.01675	0.02036	0.04486	0.01564	0.02008	0.01338	0.01971	0.01000	0.00748	0.00742	0.00246	0.00983	0.00660	0.00346	0.00842
63	0.01008	0.00711	0.00868	0.00902	0.00977	0.00675	0.00591	0.01149	0.01486	0.02010	0.20575	0.24710	0.09005	0.29682	0.02015	0.00441	0.00517	0.01475	0.00630	0.00571
64	0.01051	0.00759	0.00992	0.00934	0.01109	0.00700	0.00700	0.01401	0.02101	0.02977	0.68888	0.05545	0.07005	0.01518	0.00876	0.00233	0.00350	0.01343	0.00817	0.00700
65	0.79154	0.01436	0.01091	0.00976	0.01436	0.01665	0.00804	0.02182	0.01263	0.03331	0.01034	0.01206	0.00804	0.00689	0.00459	0.00230	0.00574	0.00402	0.00459	0.00804
66	0.01061	0.00795	0.01193	0.01193	0.01326	0.00928	0.00928	0.01326	0.01193	0.01723	0.01988	0.02916	0.01856	0.05568	0.70968	0.01193	0.01988	0.00795	0.00398	0.00663
67	0.01985	0.74357	0.03890	0.01270	0.01905	0.02937	0.01270	0.02223	0.01508	0.01747	0.01032	0.01191	0.00953	0.00635	0.00476	0.00159	0.00794	0.00397	0.00318	0.00953
68	0.01846	0.01595	0.01679	0.01511	0.01930	0.01846	0.01175	0.03945	0.67938	0.03105	0.03022	0.02770	0.02266	0.01007	0.00755	0.00252	0.00588	0.00839	0.00755	0.01175
69	0.00877	0.00752	0.00752	0.00752	0.01003	0.00627	0.00564	0.01065	0.01692	0.02005	0.07520	0.07144	0.68978	0.01880	0.00877	0.00251	0.00376	0.01567	0.00689	0.00627
70	0.00901	0.00661	0.00846	0.00993	0.01066	0.00606	0.00671	0.01038	0.01460	0.01911	0.04584	0.63906	0.14112	0.02262	0.00937	0.00294	0.00423	0.02032	0.00689	0.00606
71	0.01140	0.00836	0.01118	0.01258	0.01443	0.00814	0.01084	0.01454	0.01706	0.02183	0.04566	0.08156	0.15724	0.02021	0.00999	0.00326	0.00629	0.53183	0.00685	0.00674
72	0.02773	0.03538	0.02104	0.01913	0.02295	0.70930	0.01434	0.02964	0.02104	0.01817	0.01148	0.01339	0.00956	0.00765	0.00669	0.00191	0.01339	0.00478	0.00383	0.00861
73	0.02822	0.02079	0.02228	0.01708	0.02302	0.02302	0.01411	0.66804	0.03490	0.04679	0.01782	0.01782	0.01262	0.00891	0.00743	0.00223	0.00817	0.00668	0.00743	0.01262
