[name]
unknown

[dist]
# distance from previous block
# <min> <max>
0	12

[block]
# block no. 0 follows, 29 sequences, length 11
# corresponding to MSA columns:
# 12-22
name=unknown_A
#
# <colnr> <probs for GDERKNQSTAVLIFYWHMCP>
#	G	D	E	R	K	N	Q	S	T	A	V	L	I	F	Y	W	H	M	C	P
0	0.01273	0.01054	0.01472	0.01472	0.01584	0.01252	0.01258	0.01546	0.01479	0.02030	0.05901	0.05819	0.03198	0.01711	0.01413	0.00318	0.24195	0.41778	0.00551	0.00696
1	0.01466	0.06194	0.45668	0.01678	0.02575	0.01480	0.01990	0.02100	0.01492	0.02250	0.01261	0.01478	0.00952	0.00625	0.00618	0.00183	0.00870	0.00486	0.00340	0.26296
2	0.02294	0.02539	0.24443	0.01765	0.02490	0.02029	0.01766	0.46900	0.02753	0.03767	0.01570	0.01643	0.01111	0.00797	0.00701	0.00218	0.00870	0.00604	0.00580	0.01160
3	0.02448	0.25675	0.02651	0.01503	0.02085	0.02405	0.01310	0.46860	0.02735	0.03580	0.01477	0.01527	0.01115	0.00776	0.00630	0.00194	0.00776	0.00557	0.00581	0.01115
4	0.01510	0.03115	0.49646	0.02343	0.03288	0.01701	0.23701	0.02263	0.01561	0.02263	0.01330	0.01638	0.00960	0.00652	0.00729	0.00230	0.01100	0.00628	0.00320	0.01023
5	0.01428	0.03683	0.71286	0.02030	0.03082	0.01654	0.02631	0.02255	0.01503	0.02255	0.01278	0.01503	0.00902	0.00677	0.00677	0.00226	0.01052	0.00526	0.00301	0.01052
6	0.01647	0.19795	0.33442	0.02595	0.24547	0.01938	0.02157	0.02204	0.01528	0.02143	0.01230	0.01503	0.00978	0.00647	0.00634	0.00204	0.00918	0.00527	0.00318	0.01044
7	0.01832	0.47172	0.07192	0.01343	0.01912	0.02409	0.01276	0.02672	0.23321	0.02131	0.01623	0.01653	0.01319	0.00728	0.00557	0.00186	0.00715	0.00527	0.00440	0.00991
8	0.02112	0.44027	0.10466	0.01441	0.02085	0.02496	0.01414	0.23444	0.02066	0.02645	0.01253	0.01364	0.01008	0.00696	0.00563	0.00180	0.00800	0.00480	0.00436	0.01025
9	0.01018	0.00692	0.00821	0.00836	0.00853	0.00702	0.00501	0.01057	0.01077	0.01449	0.02359	0.10771	0.02694	0.60930	0.10733	0.00703	0.00796	0.01096	0.00447	0.00467
10	0.01351	0.05523	0.01442	0.01013	0.01495	0.00971	0.00811	0.01668	0.01649	0.02454	0.23472	0.02696	0.02873	0.00832	0.00624	0.00146	0.00480	0.00699	0.00532	0.49269

[dist]
# distance from previous block
# <min> <max>
0	11

[block]
# block no. 1 follows, 29 sequences, length 12
# corresponding to MSA columns:
# 34-45
name=unknown_B
#
# <colnr> <probs for GDERKNQSTAVLIFYWHMCP>
#	G	D	E	R	K	N	Q	S	T	A	V	L	I	F	Y	W	H	M	C	P
0	0.01765	0.01640	0.02482	0.03440	0.48653	0.01717	0.01848	0.02695	0.23165	0.02534	0.01836	0.02047	0.01461	0.00740	0.00711	0.00221	0.00756	0.00689	0.00471	0.01128
1	0.01241	0.24544	0.01751	0.00935	0.01287	0.01361	0.00800	0.01529	0.04065	0.02040	0.15706	0.04624	0.34981	0.01334	0.00715	0.00210	0.00491	0.01084	0.00571	0.00732
2	0.01726	0.51785	0.03223	0.24170	0.02808	0.02424	0.01460	0.02033	0.01440	0.01721	0.01078	0.01383	0.00925	0.00642	0.00538	0.00179	0.00821	0.00461	0.00308	0.00875
3	0.27251	0.01757	0.01744	0.01398	0.01912	0.01976	0.01148	0.41504	0.08408	0.03944	0.01584	0.01616	0.01155	0.00803	0.00627	0.00218	0.00690	0.00574	0.00627	0.01064
4	0.01001	0.00777	0.00886	0.00885	0.01080	0.00711	0.00651	0.05290	0.01749	0.02257	0.19511	0.23485	0.35571	0.01779	0.00850	0.00248	0.00395	0.01536	0.00691	0.00649
5	0.01104	0.00885	0.01289	0.01239	0.01339	0.01084	0.00970	0.01329	0.01130	0.01647	0.01771	0.02705	0.01691	0.08630	0.57156	0.00986	0.13267	0.00756	0.00373	0.00647
6	0.01568	0.01520	0.03075	0.02257	0.02800	0.01438	0.46459	0.02083	0.01621	0.02400	0.01722	0.02155	0.01318	0.00673	0.00731	0.00216	0.00924	0.00784	0.25390	0.00866
7	0.02169	0.01602	0.01821	0.01481	0.01910	0.01788	0.01206	0.46850	0.02646	0.03585	0.01773	0.02056	0.01392	0.02284	0.23472	0.00510	0.01142	0.00680	0.00607	0.01028
8	0.01647	0.01611	0.02392	0.03098	0.38808	0.05058	0.01771	0.01950	0.01462	0.02076	0.01482	0.09213	0.01433	0.00970	0.01167	0.00242	0.20905	0.00760	0.00376	0.03579
9	0.01482	0.01222	0.01348	0.01231	0.01533	0.01353	0.00938	0.02834	0.43554	0.02839	0.24284	0.03630	0.03648	0.05760	0.00943	0.00264	0.00499	0.00973	0.00725	0.00938
10	0.01339	0.02771	0.48941	0.01801	0.02570	0.01388	0.02158	0.02007	0.01547	0.02216	0.02072	0.03583	0.01920	0.01088	0.00774	0.00258	0.00926	0.21302	0.00414	0.00926
11	0.01668	0.01566	0.02499	0.03253	0.45604	0.01460	0.04708	0.02065	0.01578	0.02322	0.01320	0.01678	0.01102	0.00599	0.00654	0.00179	0.00760	0.00576	0.00375	0.26033

[dist]
# distance from previous block
# <min> <max>
2	26

[block]
# block no. 2 follows, 29 sequences, length 73
# corresponding to MSA columns:
# 74-146
name=unknown_C
#
# <colnr> <probs for GDERKNQSTAVLIFYWHMCP>
#	G	D	E	R	K	N	Q	S	T	A	V	L	I	F	Y	W	H	M	C	P
0	0.01360	0.01702	0.14610	0.60413	0.04576	0.01595	0.02095	0.01898	0.01438	0.01898	0.01268	0.01827	0.00941	0.00706	0.00706	0.00235	0.00968	0.00614	0.00314	0.00838
1	0.01634	0.01556	0.02459	0.08081	0.51162	0.04196	0.01868	0.02035	0.01695	0.02367	0.13740	0.02394	0.02117	0.00791	0.00727	0.00214	0.00777	0.00745	0.00429	0.01012
2	0.00889	0.00667	0.00861	0.00961	0.01061	0.00639	0.00677	0.01049	0.01379	0.01811	0.04263	0.47118	0.18183	0.02700	0.13747	0.00433	0.00671	0.01685	0.00611	0.00594
3	0.01240	0.00674	0.00674	0.00674	0.00853	0.00652	0.00506	0.01544	0.01517	0.02523	0.03205	0.03412	0.14168	0.01005	0.00560	0.00179	0.00337	0.00815	0.64809	0.00652
4	0.01356	0.14153	0.01246	0.00793	0.00996	0.01059	0.00611	0.01584	0.01367	0.02150	0.02062	0.02898	0.01857	0.19858	0.01294	0.00298	0.00502	0.00708	0.44558	0.00649
5	0.01514	0.16621	0.59099	0.01883	0.02856	0.01864	0.02376	0.02233	0.01493	0.02150	0.01226	0.01438	0.00904	0.00664	0.00637	0.00212	0.01000	0.00500	0.00301	0.01027
6	0.00918	0.00656	0.00884	0.01049	0.01113	0.00622	0.00749	0.01079	0.01413	0.01874	0.03897	0.62518	0.04599	0.02183	0.00922	0.00296	0.00457	0.13518	0.00660	0.00592
7	0.00892	0.00637	0.00855	0.01020	0.01072	0.00600	0.00704	0.01035	0.01388	0.01846	0.03911	0.68591	0.04655	0.02207	0.00916	0.00293	0.00435	0.07698	0.00661	0.00585
8	0.01716	0.59731	0.03148	0.01151	0.01667	0.02367	0.01104	0.01967	0.01566	0.01923	0.15507	0.02019	0.02132	0.00787	0.00537	0.00167	0.00672	0.00571	0.00405	0.00863
9	0.01029	0.00813	0.01199	0.01601	0.13570	0.00779	0.00936	0.01207	0.01410	0.01909	0.03458	0.61387	0.04063	0.01943	0.00872	0.00275	0.00491	0.01774	0.00605	0.00678
10	0.01933	0.01746	0.02754	0.03878	0.58208	0.01785	0.02035	0.14087	0.01933	0.02716	0.01406	0.01753	0.01143	0.00674	0.00706	0.00212	0.00835	0.00636	0.00417	0.01143
11	0.01878	0.62106	0.03580	0.01787	0.14222	0.02614	0.01393	0.02142	0.01478	0.01793	0.01053	0.01254	0.00952	0.00614	0.00502	0.00163	0.00777	0.00427	0.00313	0.00952
12	0.03098	0.01605	0.01718	0.01369	0.01887	0.13867	0.01106	0.03357	0.02034	0.58528	0.02501	0.02218	0.01610	0.00855	0.00703	0.00214	0.00728	0.00670	0.00789	0.01142
13	0.01314	0.00956	0.01166	0.01030	0.01270	0.00949	0.00795	0.13397	0.02256	0.03150	0.57810	0.04668	0.05725	0.01347	0.00817	0.00222	0.00417	0.01171	0.00771	0.00769
14	0.01452	0.03300	0.58820	0.02001	0.02863	0.01749	0.02437	0.02157	0.01429	0.02157	0.01216	0.01513	0.00908	0.00779	0.00976	0.00241	0.14153	0.00544	0.00303	0.01003
15	0.02524	0.16384	0.02327	0.01723	0.02134	0.59615	0.01347	0.02715	0.01915	0.01731	0.01081	0.01259	0.00917	0.00711	0.00609	0.00178	0.01190	0.00445	0.00356	0.00841
16	0.01028	0.00815	0.01112	0.01191	0.01241	0.00898	0.00885	0.01184	0.01350	0.01839	0.03365	0.52813	0.03950	0.02019	0.01176	0.00298	0.13660	0.09954	0.00597	0.00624
17	0.01314	0.00735	0.00806	0.02877	0.01036	0.00742	0.00600	0.03730	0.01645	0.02725	0.14509	0.03083	0.02662	0.00940	0.00573	0.00180	0.00365	0.00775	0.60017	0.00686
18	0.62724	0.01515	0.01290	0.01093	0.01563	0.01734	0.00901	0.16863	0.01689	0.03484	0.01152	0.01280	0.00869	0.00704	0.00501	0.00219	0.00603	0.00443	0.00501	0.00869
19	0.02364	0.12310	0.02267	0.01762	0.02093	0.50601	0.01388	0.02548	0.01777	0.01729	0.01057	0.01315	0.00920	0.00810	0.00924	0.00203	0.14275	0.00478	0.00349	0.00828
20	0.01258	0.00979	0.01236	0.03934	0.01601	0.01042	0.01064	0.01989	0.18985	0.02313	0.06406	0.18296	0.03712	0.01688	0.00887	0.00291	0.00585	0.32298	0.00667	0.00769
21	0.01483	0.01506	0.02761	0.41630	0.06642	0.01724	0.20808	0.01952	0.01463	0.01957	0.01277	0.01857	0.00992	0.00744	0.00952	0.00246	0.10136	0.00691	0.00330	0.00851
22	0.01969	0.01636	0.02146	0.01740	0.02231	0.01781	0.13204	0.11479	0.44255	0.07724	0.02482	0.02390	0.01829	0.00880	0.00743	0.00236	0.00709	0.00785	0.00668	0.01113
23	0.01933	0.01746	0.02754	0.03878	0.58208	0.01785	0.02035	0.14087	0.01933	0.02716	0.01406	0.01753	0.01143	0.00674	0.00706	0.00212	0.00835	0.00636	0.00417	0.01143
24	0.01100	0.00787	0.01064	0.01043	0.01136	0.00901	0.00775	0.01298	0.01161	0.01726	0.01976	0.03136	0.01920	0.21019	0.41476	0.00848	0.06347	0.00805	0.10881	0.00601
25	0.01112	0.14153	0.01396	0.01061	0.01222	0.01033	0.00797	0.02926	0.01439	0.01872	0.03333	0.56967	0.03913	0.01894	0.00825	0.00264	0.00494	0.04044	0.00598	0.00658
26	0.02800	0.01125	0.01526	0.01200	0.01682	0.00979	0.00979	0.03087	0.02034	0.58729	0.14959	0.02946	0.02657	0.00985	0.00738	0.00221	0.00557	0.00819	0.00864	0.01114
27	0.01001	0.00696	0.00767	0.00767	0.00810	0.00674	0.00451	0.01033	0.01141	0.01479	0.03140	0.05055	0.14793	0.61775	0.03122	0.00609	0.00631	0.01120	0.00473	0.00462
28	0.00954	0.00736	0.01062	0.14029	0.01731	0.00759	0.00898	0.01141	0.01374	0.01818	0.03445	0.61412	0.04031	0.01957	0.00873	0.00280	0.00510	0.01773	0.00599	0.00617
29	0.01345	0.01266	0.02136	0.73264	0.04904	0.01582	0.01978	0.01819	0.01424	0.01819	0.01266	0.01898	0.00949	0.00712	0.00712	0.00237	0.00949	0.00633	0.00316	0.00791
30	0.00876	0.00681	0.00801	0.00890	0.01032	0.00606	0.00641	0.01040	0.01503	0.01889	0.05428	0.38549	0.34843	0.02015	0.00883	0.00270	0.00407	0.06390	0.00661	0.00594
31	0.02602	0.01927	0.02076	0.01611	0.02157	0.02139	0.01326	0.62821	0.06108	0.04314	0.01768	0.01792	0.01274	0.01031	0.03447	0.00251	0.00817	0.00653	0.00700	0.01185
32	0.01483	0.12014	0.63439	0.01935	0.02936	0.01789	0.02467	0.02241	0.01497	0.02188	0.01244	0.01461	0.00903	0.00669	0.00651	0.00217	0.01019	0.00509	0.00301	0.01036
33	0.01428	0.03683	0.71286	0.02030	0.03082	0.01654	0.02631	0.02255	0.01503	0.02255	0.01278	0.01503	0.00902	0.00677	0.00677	0.00226	0.01052	0.00526	0.00301	0.01052
34	0.01680	0.00877	0.01167	0.01010	0.01295	0.00787	0.00787	0.01997	0.02023	0.23800	0.49466	0.04429	0.05196	0.01279	0.00802	0.00223	0.00419	0.01112	0.00814	0.00838
35	0.01008	0.00728	0.00952	0.00896	0.01064	0.00672	0.00672	0.01344	0.02016	0.02855	0.70158	0.05319	0.06719	0.01456	0.00840	0.00224	0.00336	0.01288	0.00784	0.00672
36	0.01428	0.03683	0.71286	0.02030	0.03082	0.01654	0.02631	0.02255	0.01503	0.02255	0.01278	0.01503	0.00902	0.00677	0.00677	0.00226	0.01052	0.00526	0.00301	0.01052
37	0.01241	0.00930	0.01212	0.01310	0.01513	0.00966	0.01117	0.01845	0.12698	0.02311	0.07442	0.06999	0.03934	0.01774	0.00933	0.00308	0.00622	0.51437	0.00674	0.00734
38	0.01477	0.03395	0.61391	0.02368	0.12840	0.01659	0.02566	0.02245	0.01520	0.02265	0.01287	0.01541	0.00935	0.00670	0.00681	0.00223	0.01022	0.00542	0.00308	0.01063
39	0.01531	0.01522	0.02129	0.01836	0.01837	0.02120	0.01524	0.01686	0.01101	0.01718	0.01049	0.04350	0.01079	0.01284	0.02282	0.00311	0.70868	0.00677	0.00325	0.00771
40	0.01428	0.03683	0.71286	0.02030	0.03082	0.01654	0.02631	0.02255	0.01503	0.02255	0.01278	0.01503	0.00902	0.00677	0.00677	0.00226	0.01052	0.00526	0.00301	0.01052
41	0.00868	0.00620	0.00826	0.00991	0.01033	0.00578	0.00661	0.00991	0.01363	0.01818	0.03925	0.74510	0.04710	0.02231	0.00909	0.00289	0.00413	0.02024	0.00661	0.00578
42	0.01833	0.01700	0.01465	0.01303	0.01633	0.19381	0.01015	0.13919	0.05125	0.05207	0.19063	0.03850	0.15207	0.01213	0.00765	0.00222	0.00705	0.04923	0.00635	0.00835
43	0.01463	0.08932	0.66342	0.01970	0.02990	0.01739	0.02528	0.02246	0.01499	0.02213	0.01257	0.01477	0.00903	0.00672	0.00660	0.00220	0.01031	0.00516	0.00301	0.01042
44	0.00880	0.00628	0.00840	0.01006	0.01052	0.00589	0.00682	0.01013	0.01375	0.01832	0.03918	0.71582	0.04683	0.02219	0.00912	0.00291	0.00424	0.04831	0.00661	0.00582
45	0.01415	0.01403	0.02568	0.58548	0.04657	0.01628	0.15794	0.01916	0.01478	0.01916	0.01302	0.01903	0.00977	0.00689	0.00739	0.00238	0.01002	0.00676	0.00326	0.00826
46	0.01762	0.01692	0.02890	0.04371	0.70533	0.01692	0.02185	0.02185	0.01621	0.02326	0.01339	0.01762	0.01128	0.00634	0.00705	0.00211	0.00846	0.00634	0.00352	0.01128
47	0.01610	0.01651	0.02249	0.01910	0.01952	0.05210	0.04000	0.01784	0.01153	0.01736	0.00961	0.01559	0.00939	0.01200	0.02208	0.00303	0.67847	0.00624	0.00316	0.00788
48	0.00842	0.00721	0.00721	0.00721	0.00962	0.00601	0.00541	0.01022	0.01623	0.01924	0.07213	0.06853	0.70244	0.01803	0.00842	0.00240	0.00361	0.01503	0.00661	0.00601
49	0.02707	0.01995	0.02137	0.01638	0.02208	0.02208	0.01353	0.68159	0.03348	0.04488	0.01710	0.01710	0.01211	0.00855	0.00712	0.00214	0.00784	0.00641	0.00712	0.01211
50	0.05800	0.01465	0.01768	0.01374	0.01917	0.01449	0.01130	0.22219	0.06569	0.44972	0.02428	0.02184	0.01591	0.00871	0.00705	0.00220	0.00653	0.00688	0.00806	0.01190
51	0.01654	0.01843	0.03766	0.02757	0.03322	0.01883	0.53629	0.02159	0.01553	0.02159	0.01331	0.01843	0.01049	0.00740	0.01163	0.00256	0.16831	0.00793	0.00350	0.00921
52	0.74550	0.01369	0.01122	0.05952	0.01622	0.01596	0.00855	0.02074	0.01227	0.03099	0.01011	0.01208	0.00784	0.00665	0.00459	0.00222	0.00578	0.00403	0.00432	0.00773
53	0.00843	0.00717	0.00726	0.00733	0.00965	0.00600	0.00546	0.01021	0.01612	0.01919	0.07069	0.09833	0.67357	0.01822	0.00845	0.00243	0.00363	0.01526	0.00661	0.00600
54	0.00867	0.00623	0.00822	0.00981	0.01030	0.00579	0.00657	0.00993	0.01373	0.01822	0.04046	0.72006	0.07135	0.02215	0.00906	0.00287	0.00411	0.02005	0.00661	0.00579
55	0.00971	0.00726	0.00900	0.00857	0.01041	0.00656	0.00643	0.01272	0.01928	0.02647	0.56064	0.05662	0.20942	0.01534	0.00840	0.00228	0.00341	0.01336	0.00756	0.00656
56	0.01681	0.01921	0.04202	0.03001	0.03721	0.01801	0.67947	0.02281	0.01681	0.02281	0.01441	0.01921	0.01080	0.00600	0.00840	0.00240	0.01200	0.00840	0.00360	0.00960
57	0.01904	0.75404	0.03731	0.01218	0.01828	0.02818	0.01218	0.02132	0.01447	0.01675	0.00990	0.01142	0.00914	0.00609	0.00457	0.00152	0.00761	0.00381	0.00305	0.00914
58	0.00868	0.00620	0.00826	0.00991	0.01033	0.00578	0.00661	0.00991	0.01363	0.01818	0.03925	0.74510	0.04710	0.02231	0.00909	0.00289	0.00413	0.02024	0.00661	0.00578
59	0.01161	0.01314	0.13753	0.01378	0.01697	0.00938	0.01337	0.01559	0.01611	0.02155	0.06385	0.11373	0.06156	0.01724	0.00911	0.00299	0.00685	0.44244	0.00598	0.00720
60	0.05728	0.01929	0.01821	0.01529	0.01995	0.12811	0.01214	0.23951	0.28088	0.10183	0.02149	0.02054	0.01570	0.00873	0.00695	0.00221	0.00750	0.00672	0.00668	0.01100
61	0.80005	0.01377	0.01047	0.00936	0.01377	0.01597	0.00771	0.02093	0.01212	0.03195	0.00991	0.01157	0.00771	0.00661	0.00441	0.00220	0.00551	0.00386	0.00441	0.00771
62	0.01000	0.00722	0.00945	0.00901	0.01062	0.00667	0.00671	0.01325	0.01980	0.02800	0.66587	0.09049	0.06610	0.01498	0.00844	0.00227	0.00340	0.01327	0.00777	0.00667
63	0.07584	0.00822	0.00847	0.00803	0.00967	0.00876	0.00589	0.04440	0.01441	0.02477	0.02114	0.02854	0.01831	0.15882	0.01217	0.00285	0.03633	0.00714	0.49971	0.00654
64	0.01483	0.01265	0.01935	0.40766	0.03427	0.01533	0.04425	0.06558	0.01542	0.02185	0.01473	0.01992	0.01148	0.00814	0.00895	0.00231	0.10713	0.00647	0.16167	0.00801
65	0.01458	0.06121	0.65361	0.02052	0.03071	0.01703	0.06029	0.02252	0.01511	0.02236	0.01276	0.01513	0.00912	0.00670	0.00677	0.00224	0.01050	0.00538	0.00304	0.01043
66	0.00899	0.00664	0.00849	0.00984	0.01077	0.00613	0.00702	0.01059	0.01446	0.01877	0.04498	0.53768	0.16453	0.02120	0.00906	0.00285	0.00435	0.10112	0.00660	0.00592
67	0.01735	0.41494	0.32594	0.01584	0.02381	0.02293	0.01829	0.05058	0.01554	0.02046	0.01145	0.01322	0.00922	0.00649	0.00562	0.00186	0.00887	0.00454	0.00321	0.00986
68	0.05800	0.11833	0.51371	0.02101	0.08357	0.01797	0.04771	0.02227	0.01497	0.02244	0.01239	0.01478	0.00921	0.00661	0.00646	0.00216	0.00979	0.00522	0.00315	0.01023
69	0.01280	0.00669	0.00969	0.00956	0.00978	0.00676	0.00647	0.03418	0.01030	0.01374	0.01334	0.04294	0.01339	0.02407	0.02651	0.74013	0.00618	0.00661	0.00335	0.00351
70	0.02176	0.02260	0.01853	0.01786	0.08245	0.30164	0.01271	0.17432	0.08543	0.02571	0.02533	0.02559	0.13628	0.00967	0.00708	0.00209	0.00895	0.00737	0.00531	0.00929
71	0.01574	0.01508	0.02647	0.22922	0.23451	0.01616	0.15656	0.04414	0.01605	0.02225	0.03511	0.04747	0.01391	0.00789	0.00840	0.00232	0.05424	0.00750	0.03771	0.00924
72	0.02649	0.01621	0.04345	0.01432	0.01958	0.03420	0.01200	0.24302	0.10385	0.32704	0.04766	0.04181	0.01831	0.00927	0.00722	0.00222	0.00679	0.00743	0.00763	0.01149

[dist]
# distance from previous block
# <min> <max>
10	77

[block]
# block no. 3 follows, 29 sequences, length 11
# corresponding to MSA columns:
# 224-234
name=unknown_D
#
# <colnr> <probs for GDERKNQSTAVLIFYWHMCP>
#	G	D	E	R	K	N	Q	S	T	A	V	L	I	F	Y	W	H	M	C	P
0	0.10086	0.07635	0.13903	0.02112	0.05226	0.08074	0.26043	0.02122	0.01617	0.02296	0.07188	0.07172	0.01723	0.00822	0.00723	0.00225	0.00939	0.00786	0.00412	0.00894
1	0.01972	0.52924	0.08147	0.01364	0.01938	0.13024	0.01311	0.04744	0.01590	0.01822	0.01116	0.01383	0.01007	0.04266	0.00665	0.00191	0.00858	0.00445	0.00336	0.00898
2	0.01542	0.09060	0.01659	0.01141	0.01642	0.01283	0.00919	0.06972	0.10395	0.02417	0.02136	0.11060	0.05383	0.00900	0.00624	0.00167	0.00553	0.00743	0.00514	0.40890
3	0.01162	0.00840	0.01000	0.01021	0.01134	0.00852	0.00698	0.07932	0.05754	0.02098	0.06934	0.39747	0.03736	0.21809	0.01614	0.00384	0.00531	0.01498	0.00614	0.00641
4	0.01617	0.01323	0.01727	0.01374	0.01850	0.01219	0.07321	0.15787	0.01910	0.02700	0.04262	0.13515	0.02130	0.01035	0.00709	0.00195	0.00635	0.07130	0.00549	0.33011
5	0.02316	0.04417	0.06056	0.02059	0.11645	0.34262	0.01493	0.15917	0.04665	0.02491	0.01487	0.01641	0.02718	0.00761	0.00664	0.00194	0.01006	0.00558	0.00453	0.05196
6	0.04537	0.19705	0.38086	0.01716	0.04048	0.04895	0.01908	0.02237	0.01533	0.07067	0.01506	0.07001	0.01257	0.00794	0.00637	0.00211	0.00892	0.00614	0.00380	0.00978
7	0.01450	0.06029	0.09477	0.06568	0.03800	0.01269	0.01256	0.07497	0.07931	0.04994	0.11604	0.11524	0.08957	0.01328	0.00793	0.00249	0.00642	0.13195	0.00597	0.00840
8	0.01689	0.31079	0.17984	0.01531	0.02107	0.07116	0.04718	0.02172	0.06141	0.01970	0.04496	0.01956	0.03200	0.05441	0.00900	0.00230	0.05397	0.00596	0.00379	0.00897
9	0.07883	0.59970	0.03335	0.01393	0.04873	0.08987	0.01242	0.02196	0.01489	0.01825	0.01016	0.01184	0.00913	0.00626	0.00484	0.00163	0.00797	0.00399	0.00323	0.00904
10	0.03695	0.01777	0.14468	0.01861	0.05885	0.01464	0.12302	0.01948	0.01489	0.05238	0.05872	0.07382	0.01699	0.00933	0.01028	0.00228	0.15288	0.00757	0.03906	0.12781

[dist]
# distance from previous block
# <min> <max>
0	1

[block]
# block no. 4 follows, 29 sequences, length 31
# corresponding to MSA columns:
# 236-266
name=unknown_E
#
# <colnr> <probs for GDERKNQSTAVLIFYWHMCP>
#	G	D	E	R	K	N	Q	S	T	A	V	L	I	F	Y	W	H	M	C	P
0	0.01729	0.01341	0.01831	0.04728	0.14126	0.01387	0.04099	0.15871	0.07696	0.06588	0.08242	0.07152	0.08694	0.01201	0.00796	0.00244	0.00676	0.12044	0.00617	0.00938
1	0.01329	0.01495	0.10368	0.01509	0.07295	0.06749	0.04287	0.04183	0.01656	0.04090	0.04019	0.21844	0.25432	0.01462	0.00801	0.00242	0.00641	0.01265	0.00560	0.00774
2	0.01090	0.00742	0.00852	0.00834	0.00877	0.00742	0.00505	0.03702	0.01250	0.01685	0.09716	0.08127	0.03092	0.60389	0.03070	0.00601	0.00641	0.01097	0.00492	0.00496
3	0.00875	0.00623	0.00824	0.00982	0.01021	0.00583	0.00651	0.00993	0.01349	0.01798	0.03850	0.71393	0.04615	0.05478	0.01030	0.00307	0.00425	0.01980	0.00651	0.00572
4	0.01490	0.13025	0.62487	0.01924	0.02919	0.01805	0.02447	0.02239	0.01496	0.02180	0.01240	0.01456	0.00904	0.00668	0.00648	0.00216	0.01014	0.00507	0.00301	0.01034
5	0.02331	0.07176	0.02361	0.02449	0.19895	0.43375	0.01584	0.05328	0.01892	0.02004	0.01174	0.01431	0.00985	0.00730	0.00730	0.00196	0.04550	0.00515	0.00371	0.00923
6	0.00873	0.00728	0.00765	0.00769	0.01000	0.00619	0.00586	0.01074	0.01656	0.02011	0.12123	0.06796	0.61286	0.01785	0.00850	0.00244	0.00376	0.05179	0.00671	0.00610
7	0.01904	0.75404	0.03731	0.01218	0.01828	0.02818	0.01218	0.02132	0.01447	0.01675	0.00990	0.01142	0.00914	0.00609	0.00457	0.00152	0.00761	0.00381	0.00305	0.00914
8	0.00956	0.00711	0.00890	0.00877	0.01040	0.00645	0.00645	0.01232	0.01847	0.02529	0.48644	0.15598	0.18492	0.01634	0.00850	0.00237	0.00352	0.01435	0.00743	0.00645
9	0.00868	0.00620	0.00826	0.00991	0.01033	0.00578	0.00661	0.00991	0.01363	0.01818	0.03925	0.74510	0.04710	0.02231	0.00909	0.00289	0.00413	0.02024	0.00661	0.00578
10	0.00876	0.00626	0.00833	0.00986	0.01035	0.00584	0.00662	0.01012	0.01401	0.01877	0.07733	0.70532	0.04825	0.02186	0.00905	0.00285	0.00409	0.01982	0.00668	0.00584
11	0.03018	0.01173	0.01596	0.01237	0.01757	0.01016	0.01016	0.03298	0.02036	0.65503	0.08266	0.02658	0.02164	0.00928	0.00726	0.00221	0.00584	0.00762	0.00873	0.01168
12	0.01428	0.03683	0.71286	0.02030	0.03082	0.01654	0.02631	0.02255	0.01503	0.02255	0.01278	0.01503	0.00902	0.00677	0.00677	0.00226	0.01052	0.00526	0.00301	0.01052
13	0.01558	0.01558	0.02181	0.01869	0.01869	0.02181	0.01558	0.01714	0.01091	0.01714	0.00935	0.01558	0.00935	0.01246	0.02337	0.00312	0.73672	0.00623	0.00312	0.00779
14	0.01779	0.01752	0.02781	0.09812	0.61408	0.05607	0.02123	0.02192	0.01627	0.02253	0.01320	0.01747	0.01102	0.00646	0.00702	0.00212	0.00879	0.00625	0.00350	0.01084
15	0.00992	0.00740	0.00900	0.00871	0.01035	0.00687	0.00634	0.01300	0.03761	0.02466	0.45091	0.09333	0.18647	0.09062	0.01125	0.00279	0.00388	0.01332	0.00715	0.00641
16	0.01475	0.15756	0.55463	0.01828	0.02743	0.01787	0.02270	0.02157	0.01485	0.02129	0.01389	0.05872	0.01135	0.00759	0.00653	0.00217	0.00964	0.00592	0.00323	0.01000
17	0.01600	0.07835	0.61544	0.01919	0.02903	0.01675	0.02417	0.02346	0.01543	0.07792	0.01384	0.01556	0.00972	0.00689	0.00666	0.00221	0.00999	0.00533	0.00348	0.01057
18	0.02986	0.01186	0.01599	0.01245	0.01763	0.01043	0.01021	0.03323	0.04244	0.63739	0.07803	0.02646	0.02143	0.00927	0.00726	0.00221	0.00585	0.00761	0.00869	0.01169
19	0.00894	0.00724	0.00913	0.00935	0.01104	0.00641	0.03201	0.01073	0.01532	0.01938	0.08728	0.35920	0.35968	0.01925	0.00871	0.00261	0.00415	0.01693	0.00656	0.00609
20	0.01460	0.07016	0.65493	0.02029	0.03047	0.01715	0.05085	0.02250	0.01508	0.02229	0.01270	0.01502	0.00909	0.00670	0.00672	0.00223	0.01044	0.00531	0.00303	0.01042
21	0.02832	0.01125	0.01530	0.01215	0.01694	0.00979	0.00986	0.03100	0.01982	0.60001	0.08251	0.08495	0.02395	0.01036	0.00742	0.00226	0.00569	0.00868	0.00856	0.01118
22	0.00904	0.00680	0.00831	0.00927	0.01045	0.00621	0.00663	0.01069	0.01480	0.01902	0.07602	0.40217	0.24468	0.06094	0.01045	0.00298	0.00435	0.08477	0.00653	0.00589
23	0.01808	0.53723	0.10305	0.01279	0.01862	0.06618	0.01290	0.02110	0.01520	0.01879	0.04611	0.01521	0.01278	0.00684	0.00514	0.00167	0.00767	0.00469	0.06703	0.00891
24	0.06130	0.01253	0.01605	0.01287	0.01793	0.01172	0.01059	0.05143	0.09725	0.54315	0.02770	0.02717	0.01894	0.00947	0.00722	0.00229	0.00607	0.04656	0.00826	0.01150
25	0.01479	0.03383	0.60969	0.02383	0.13256	0.01659	0.02564	0.02245	0.01521	0.02266	0.01287	0.01542	0.00936	0.00670	0.00681	0.00223	0.01021	0.00543	0.00308	0.01064
26	0.01428	0.03683	0.71286	0.02030	0.03082	0.01654	0.02631	0.02255	0.01503	0.02255	0.01278	0.01503	0.00902	0.00677	0.00677	0.00226	0.01052	0.00526	0.00301	0.01052
27	0.01480	0.01404	0.02380	0.50955	0.26156	0.01618	0.02045	0.01938	0.01488	0.01983	0.01290	0.01854	0.01007	0.00687	0.00710	0.00229	0.00916	0.00633	0.00328	0.00900
28	0.02522	0.05033	0.02249	0.02106	0.12115	0.32469	0.01479	0.28028	0.02456	0.02889	0.01368	0.01514	0.01061	0.00762	0.00672	0.00198	0.01009	0.00552	0.00497	0.01022
29	0.02074	0.01854	0.02048	0.01662	0.02024	0.12520	0.08049	0.27493	0.02172	0.02826	0.01589	0.02151	0.01359	0.11687	0.04934	0.00338	0.10753	0.00694	0.02862	0.00911
30	0.06173	0.01332	0.01516	0.01107	0.01720	0.01098	0.00892	0.07550	0.01646	0.05622	0.01357	0.01520	0.01083	0.00579	0.00547	0.00126	0.00554	0.00452	0.00468	0.64656

[dist]
# distance from previous block
# <min> <max>
7	14

[block]
# block no. 5 follows, 29 sequences, length 24
# corresponding to MSA columns:
# 281-304
name=unknown_F
#
# <colnr> <probs for GDERKNQSTAVLIFYWHMCP>
#	G	D	E	R	K	N	Q	S	T	A	V	L	I	F	Y	W	H	M	C	P
0	0.02424	0.01911	0.04683	0.01571	0.02124	0.01993	0.01320	0.53968	0.06952	0.04030	0.01859	0.05791	0.01441	0.00911	0.00711	0.00213	0.00745	0.00710	0.00676	0.05968
1	0.01008	0.00727	0.01002	0.01019	0.01099	0.00799	0.00730	0.01173	0.01134	0.01588	0.02211	0.10575	0.02317	0.25852	0.44486	0.00922	0.01393	0.00971	0.00425	0.00569
2	0.01793	0.01656	0.02698	0.14741	0.53513	0.01727	0.02069	0.08772	0.01765	0.02466	0.01365	0.01778	0.01109	0.00669	0.00707	0.00216	0.00856	0.00635	0.00383	0.01084
3	0.02501	0.01982	0.01973	0.01572	0.02059	0.09067	0.01264	0.53914	0.02969	0.03882	0.01808	0.06102	0.01463	0.05040	0.00878	0.00242	0.00807	0.00726	0.00659	0.01092
4	0.02579	0.10351	0.13201	0.01412	0.02033	0.01466	0.01340	0.07481	0.06132	0.41241	0.04038	0.02166	0.01641	0.00835	0.00683	0.00214	0.00699	0.00661	0.00696	0.01132
5	0.00992	0.00672	0.00790	0.00833	0.00844	0.00661	0.00492	0.01024	0.01121	0.01495	0.02684	0.22958	0.03144	0.55919	0.02913	0.00585	0.00618	0.01295	0.00492	0.00470
6	0.01422	0.01037	0.01232	0.01203	0.01416	0.01070	0.00910	0.20117	0.01969	0.02617	0.03401	0.43490	0.06096	0.01793	0.00859	0.00270	0.00545	0.09109	0.00675	0.00768
7	0.01636	0.02292	0.24231	0.07331	0.45930	0.01674	0.02313	0.02188	0.01574	0.02277	0.01316	0.01689	0.01048	0.00652	0.00696	0.00217	0.00916	0.00601	0.00334	0.01086
8	0.01345	0.01266	0.02136	0.73264	0.04904	0.01582	0.01978	0.01819	0.01424	0.01819	0.01266	0.01898	0.00949	0.00712	0.00712	0.00237	0.00949	0.00633	0.00316	0.00791
9	0.01762	0.01692	0.02890	0.04371	0.70533	0.01692	0.02185	0.02185	0.01621	0.02326	0.01339	0.01762	0.01128	0.00634	0.00705	0.00211	0.00846	0.00634	0.00352	0.01128
10	0.06961	0.01505	0.01940	0.01822	0.12369	0.01488	0.01288	0.20684	0.02284	0.38941	0.02191	0.02062	0.01464	0.00825	0.00699	0.00217	0.00688	0.00666	0.00731	0.01175
11	0.01155	0.00831	0.01099	0.01169	0.01335	0.00823	0.00951	0.05450	0.01782	0.02391	0.19739	0.19860	0.04673	0.01826	0.00918	0.00288	0.00539	0.33802	0.00691	0.00679
12	0.01009	0.00671	0.00871	0.00975	0.01073	0.00613	0.00672	0.01159	0.01464	0.05945	0.07772	0.59726	0.11244	0.02067	0.00887	0.00277	0.00415	0.01855	0.00681	0.00623
13	0.01428	0.03683	0.71286	0.02030	0.03082	0.01654	0.02631	0.02255	0.01503	0.02255	0.01278	0.01503	0.00902	0.00677	0.00677	0.00226	0.01052	0.00526	0.00301	0.01052
14	0.05392	0.41527	0.07268	0.01483	0.02014	0.25733	0.01352	0.02362	0.01620	0.01799	0.01043	0.01226	0.00909	0.00677	0.00590	0.00175	0.03193	0.00424	0.00331	0.00883
15	0.01685	0.01908	0.04129	0.03077	0.07432	0.01795	0.64295	0.02276	0.01677	0.02283	0.01435	0.01912	0.01083	0.00602	0.00833	0.00239	0.01181	0.00829	0.00360	0.00970
16	0.00868	0.00620	0.00826	0.00991	0.01033	0.00578	0.00661	0.00991	0.01363	0.01818	0.03925	0.74510	0.04710	0.02231	0.00909	0.00289	0.00413	0.02024	0.00661	0.00578
17	0.01059	0.00761	0.00943	0.00912	0.01098	0.00705	0.00678	0.01409	0.04698	0.04655	0.45354	0.14381	0.17508	0.01580	0.00840	0.00236	0.00368	0.01384	0.00746	0.00683
18	0.05901	0.10201	0.42752	0.11343	0.09091	0.01782	0.02218	0.02150	0.01466	0.02178	0.01223	0.01524	0.00924	0.00692	0.00713	0.00221	0.03789	0.00531	0.00316	0.00985
19	0.00862	0.00714	0.00741	0.00748	0.00959	0.00608	0.00547	0.01034	0.01588	0.01923	0.09356	0.10623	0.59574	0.06313	0.01017	0.00270	0.00383	0.01496	0.00652	0.00592
20	0.02158	0.01266	0.01474	0.01232	0.01661	0.01272	0.00983	0.10398	0.20675	0.27085	0.07518	0.03440	0.15467	0.01115	0.00750	0.00230	0.00551	0.00919	0.00770	0.01037
21	0.07234	0.02932	0.47174	0.04637	0.11739	0.01623	0.05820	0.02296	0.01537	0.06547	0.01368	0.01604	0.00986	0.00680	0.00676	0.00224	0.00967	0.00562	0.00357	0.01038
22	0.01586	0.01749	0.03691	0.15449	0.03819	0.01710	0.53341	0.02144	0.01621	0.02179	0.01514	0.04980	0.01210	0.00689	0.00820	0.00242	0.01122	0.00853	0.00365	0.00914
23	0.01506	0.01292	0.01490	0.01094	0.01704	0.01032	0.00872	0.01993	0.08300	0.02387	0.01430	0.01595	0.01167	0.00572	0.00547	0.00119	0.00531	0.00460	0.00452	0.71454

[dist]
# distance from previous block
# <min> <max>
0	5

[block]
# block no. 6 follows, 29 sequences, length 73
# corresponding to MSA columns:
# 310-382
name=unknown_G
#
# <colnr> <probs for GDERKNQSTAVLIFYWHMCP>
#	G	D	E	R	K	N	Q	S	T	A	V	L	I	F	Y	W	H	M	C	P
0	0.01455	0.07791	0.67417	0.01983	0.03010	0.01720	0.02550	0.02248	0.01500	0.02222	0.01261	0.01483	0.00903	0.00673	0.00664	0.00221	0.01036	0.00518	0.00301	0.01044
1	0.00904	0.00662	0.00909	0.04896	0.01258	0.00642	0.00750	0.01054	0.01377	0.01830	0.03776	0.68069	0.04484	0.02139	0.00901	0.00288	0.00451	0.04375	0.00642	0.00593
2	0.01709	0.01648	0.02844	0.12712	0.60217	0.01682	0.04448	0.02144	0.01599	0.02263	0.01334	0.01784	0.01105	0.00643	0.00711	0.00216	0.00871	0.00641	0.00348	0.01081
3	0.01650	0.01723	0.06324	0.07363	0.46014	0.01689	0.07914	0.02078	0.01574	0.02254	0.05238	0.01952	0.01401	0.00752	0.00903	0.00228	0.08865	0.00683	0.00369	0.01026
4	0.05885	0.01194	0.01567	0.01233	0.01738	0.01076	0.01008	0.03252	0.05786	0.58726	0.08533	0.02637	0.02174	0.00927	0.00717	0.00222	0.00578	0.00757	0.00847	0.01144
5	0.00876	0.00626	0.00833	0.00986	0.01035	0.00584	0.00662	0.01012	0.01401	0.01877	0.07718	0.70548	0.04825	0.02186	0.00905	0.00285	0.00409	0.01982	0.00668	0.00584
6	0.02267	0.04889	0.01993	0.01622	0.04774	0.03951	0.01262	0.42100	0.14429	0.03672	0.04010	0.06250	0.03605	0.00973	0.00720	0.00220	0.00716	0.00774	0.00670	0.01102
7	0.67709	0.06520	0.01234	0.00953	0.01394	0.01614	0.00797	0.02119	0.01271	0.05343	0.01124	0.01279	0.00871	0.00674	0.00454	0.00213	0.00556	0.00411	0.04673	0.00790
8	0.00868	0.00620	0.00826	0.00991	0.01033	0.00578	0.00661	0.00991	0.01363	0.01818	0.03925	0.74510	0.04710	0.02231	0.00909	0.00289	0.00413	0.02024	0.00661	0.00578
9	0.00920	0.00770	0.00992	0.00967	0.01175	0.00680	0.04752	0.01123	0.01575	0.01971	0.09081	0.25454	0.42043	0.01837	0.00865	0.00256	0.00436	0.03832	0.00649	0.00622
10	0.01689	0.01617	0.02757	0.16504	0.58975	0.01673	0.02149	0.02121	0.01587	0.02237	0.01326	0.01786	0.01096	0.00648	0.00706	0.00216	0.00864	0.00634	0.00346	0.01069
11	0.00879	0.00627	0.00815	0.00966	0.01023	0.00582	0.00649	0.01013	0.01382	0.01848	0.04069	0.68492	0.08427	0.02165	0.00893	0.00283	0.00408	0.01954	0.02942	0.00582
12	0.80005	0.01377	0.01047	0.00936	0.01377	0.01597	0.00771	0.02093	0.01212	0.03195	0.00991	0.01157	0.00771	0.00661	0.00441	0.00220	0.00551	0.00386	0.00441	0.00771
13	0.01748	0.01678	0.02865	0.06690	0.68324	0.01688	0.02178	0.02173	0.01615	0.02309	0.01337	0.01767	0.01122	0.00637	0.00705	0.00212	0.00849	0.00634	0.00351	0.01117
14	0.80005	0.01377	0.01047	0.00936	0.01377	0.01597	0.00771	0.02093	0.01212	0.03195	0.00991	0.01157	0.00771	0.00661	0.00441	0.00220	0.00551	0.00386	0.00441	0.00771
15	0.01784	0.01448	0.01642	0.01201	0.01818	0.01264	0.00971	0.18396	0.01945	0.02863	0.01377	0.01535	0.01094	0.00609	0.00574	0.00133	0.00591	0.00477	0.00495	0.59785
16	0.01449	0.01082	0.01363	0.01274	0.01507	0.01113	0.03625	0.20287	0.01988	0.02663	0.05974	0.43741	0.03609	0.01722	0.00852	0.00265	0.00563	0.05472	0.00668	0.00783
17	0.03195	0.01212	0.01652	0.01267	0.01818	0.01047	0.01047	0.03470	0.02038	0.71026	0.02809	0.02424	0.01763	0.00881	0.00716	0.00220	0.00606	0.00716	0.00881	0.01212
18	0.01563	0.01573	0.02262	0.01915	0.01944	0.02166	0.04235	0.01737	0.01114	0.01737	0.00955	0.01573	0.00941	0.01220	0.02276	0.00309	0.70750	0.00632	0.00314	0.00786
19	0.01699	0.01938	0.03858	0.02807	0.03451	0.05794	0.58723	0.02238	0.01663	0.02208	0.01501	0.04796	0.01211	0.00700	0.00893	0.00242	0.04120	0.00857	0.00371	0.00930
20	0.00865	0.00629	0.00816	0.00966	0.01026	0.00581	0.00650	0.00994	0.01388	0.01828	0.04239	0.68039	0.10978	0.02190	0.00902	0.00285	0.00408	0.01974	0.00661	0.00581
21	0.00911	0.00645	0.00847	0.00992	0.01039	0.00612	0.00674	0.01037	0.01347	0.01791	0.03709	0.60569	0.04403	0.10994	0.01243	0.00341	0.00467	0.07182	0.00633	0.00567
22	0.00881	0.00636	0.00834	0.00969	0.01033	0.00589	0.00657	0.01029	0.01443	0.01930	0.10930	0.64196	0.07975	0.02131	0.00899	0.00280	0.00403	0.01924	0.00674	0.00589
23	0.01801	0.01865	0.05444	0.04136	0.64056	0.05719	0.02156	0.02226	0.01640	0.02290	0.01323	0.01725	0.01107	0.00642	0.00700	0.00210	0.00879	0.00620	0.00351	0.01108
24	0.02101	0.01487	0.01713	0.01514	0.05931	0.01614	0.01112	0.36410	0.02372	0.06788	0.01891	0.02503	0.01596	0.17116	0.04702	0.00360	0.02857	0.00737	0.06237	0.00959
25	0.01128	0.00868	0.01281	0.04218	0.05368	0.00987	0.00980	0.03416	0.01242	0.01762	0.01874	0.02840	0.01766	0.11176	0.56617	0.00983	0.01660	0.00772	0.00392	0.00669
26	0.35498	0.01319	0.01571	0.12005	0.02171	0.01392	0.03789	0.02589	0.01580	0.29016	0.01749	0.01786	0.01191	0.00751	0.00603	0.00224	0.00658	0.00568	0.00588	0.00951
27	0.02505	0.05764	0.02058	0.01533	0.02060	0.02019	0.01262	0.47582	0.12236	0.09681	0.02014	0.04643	0.01509	0.00912	0.00708	0.00218	0.00723	0.00709	0.00704	0.01159
28	0.01567	0.01414	0.02143	0.51569	0.04030	0.01768	0.01822	0.10930	0.01633	0.02169	0.01272	0.01816	0.00983	0.00820	0.00981	0.00246	0.12986	0.00632	0.00370	0.00847
29	0.00868	0.00620	0.00826	0.00991	0.01033	0.00578	0.00661	0.00991	0.01363	0.01818	0.03925	0.74510	0.04710	0.02231	0.00909	0.00289	0.00413	0.02024	0.00661	0.00578
30	0.01597	0.01881	0.07665	0.14613	0.03702	0.01792	0.46543	0.02147	0.01570	0.02147	0.01352	0.01857	0.01034	0.00686	0.00954	0.00246	0.08185	0.00766	0.00345	0.00920
31	0.01633	0.01560	0.02657	0.25634	0.50277	0.01658	0.02121	0.02072	0.01560	0.02170	0.01317	0.01804	0.01073	0.00658	0.00707	0.00219	0.00878	0.00634	0.00341	0.01024
32	0.02316	0.01981	0.02120	0.21862	0.02968	0.11639	0.01532	0.40477	0.02623	0.03358	0.01501	0.01704	0.01097	0.00798	0.00703	0.00216	0.00899	0.00614	0.00553	0.01040
33	0.00897	0.00751	0.00772	0.00763	0.00994	0.00655	0.00567	0.01149	0.04224	0.01996	0.10690	0.06495	0.60561	0.05159	0.00967	0.00260	0.00382	0.01441	0.00661	0.00618
34	0.05738	0.05502	0.59012	0.01987	0.02956	0.01715	0.06181	0.04782	0.01567	0.02376	0.01280	0.01506	0.00917	0.00676	0.00668	0.00223	0.01015	0.00537	0.00328	0.01034
35	0.04553	0.05479	0.01566	0.01174	0.01607	0.04764	0.00955	0.04380	0.01985	0.39535	0.18902	0.03183	0.06736	0.01041	0.00726	0.00216	0.00575	0.00854	0.00769	0.00998
36	0.01086	0.00758	0.00887	0.00896	0.00960	0.00761	0.00572	0.05167	0.01295	0.01721	0.02874	0.21609	0.06629	0.45420	0.05823	0.00560	0.00667	0.01266	0.00515	0.00534
37	0.00936	0.00678	0.00864	0.00978	0.01056	0.00640	0.00666	0.03070	0.01472	0.01956	0.08121	0.60548	0.09543	0.04640	0.00988	0.00293	0.00425	0.01863	0.00662	0.00600
38	0.01535	0.01264	0.01483	0.01062	0.01692	0.00953	0.00851	0.01850	0.01496	0.04663	0.01318	0.01509	0.01079	0.00539	0.00534	0.00109	0.00530	0.00432	0.00438	0.76664
39	0.02171	0.01566	0.01735	0.01437	0.01849	0.01695	0.01140	0.46590	0.02725	0.05318	0.02396	0.23393	0.02266	0.01265	0.00771	0.00236	0.00669	0.01055	0.00701	0.01023
40	0.01621	0.00947	0.00977	0.00871	0.01123	0.00992	0.00680	0.15801	0.01888	0.03045	0.02192	0.02454	0.01695	0.00835	0.00543	0.00176	0.00428	0.00659	0.62294	0.00780
41	0.02262	0.01662	0.01832	0.01398	0.01956	0.01691	0.01140	0.41820	0.02623	0.06271	0.01706	0.03708	0.01306	0.00797	0.00655	0.00182	0.00674	0.00619	0.03610	0.24087
42	0.01342	0.00864	0.00995	0.00943	0.01139	0.00874	0.00696	0.05195	0.09139	0.05243	0.21486	0.12970	0.03645	0.08326	0.00992	0.00262	0.00438	0.01068	0.23649	0.00733
43	0.01217	0.00699	0.00834	0.00834	0.00986	0.00744	0.00637	0.01522	0.01369	0.02299	0.02175	0.02705	0.01809	0.02430	0.25927	0.00513	0.00891	0.00699	0.51053	0.00654
44	0.01439	0.01226	0.01437	0.01051	0.01647	0.00926	0.00832	0.01744	0.01470	0.02289	0.01429	0.05972	0.01280	0.00632	0.00551	0.00117	0.00520	0.00521	0.00437	0.74481
45	0.05776	0.02748	0.32211	0.06541	0.24842	0.11355	0.02182	0.02282	0.01593	0.02233	0.01258	0.01560	0.00973	0.00672	0.00671	0.00216	0.00986	0.00550	0.00335	0.01017
46	0.01658	0.01425	0.01505	0.01363	0.01741	0.01623	0.01057	0.03440	0.60485	0.02885	0.06391	0.03130	0.08053	0.01059	0.00740	0.00241	0.00536	0.00886	0.00722	0.01062
47	0.01028	0.00718	0.00919	0.00919	0.00968	0.00768	0.00609	0.01127	0.01078	0.01486	0.02113	0.03938	0.02276	0.48000	0.30172	0.00866	0.01162	0.00930	0.00412	0.00511
48	0.01928	0.01533	0.01719	0.01269	0.01879	0.01411	0.01031	0.26137	0.02163	0.03115	0.01428	0.01562	0.01112	0.00647	0.00595	0.00145	0.00621	0.00502	0.00528	0.50673
49	0.02936	0.01189	0.01588	0.01236	0.01739	0.01053	0.01008	0.05853	0.02048	0.60772	0.07297	0.02685	0.02110	0.04044	0.00847	0.00240	0.00598	0.00765	0.00849	0.01142
50	0.01829	0.01517	0.01612	0.01442	0.01850	0.01742	0.01124	0.03771	0.66537	0.05722	0.02895	0.02647	0.02157	0.00963	0.00724	0.00241	0.00565	0.00801	0.00731	0.01130
51	0.00877	0.00629	0.00818	0.00966	0.01014	0.00586	0.00641	0.00996	0.01355	0.01796	0.03974	0.67059	0.07632	0.06689	0.01073	0.00312	0.00428	0.01939	0.00647	0.00570
52	0.02747	0.01931	0.02097	0.01608	0.02176	0.02113	0.01328	0.62880	0.03241	0.09918	0.01799	0.01768	0.01256	0.00857	0.00713	0.00214	0.00769	0.00647	0.00726	0.01211
53	0.01971	0.02136	0.02536	0.12593	0.41948	0.22335	0.01921	0.02331	0.01712	0.02089	0.01260	0.01640	0.01043	0.00674	0.00687	0.00207	0.00988	0.00583	0.00352	0.00995
54	0.00862	0.00640	0.00805	0.00937	0.01018	0.00583	0.00637	0.00998	0.01416	0.01839	0.04588	0.60868	0.17924	0.02145	0.00895	0.00279	0.00403	0.01919	0.00661	0.00583
55	0.00976	0.00721	0.00911	0.00875	0.01047	0.00657	0.00652	0.01278	0.01924	0.02664	0.57394	0.09134	0.16030	0.01547	0.00844	0.00230	0.00344	0.01358	0.00759	0.00657
56	0.01036	0.00690	0.00777	0.00777	0.00777	0.00690	0.00431	0.01036	0.01036	0.01381	0.02244	0.04660	0.02589	0.74975	0.03624	0.00690	0.00690	0.01036	0.00431	0.00431
57	0.02707	0.01995	0.02137	0.01638	0.02208	0.02208	0.01353	0.68159	0.03348	0.04488	0.01710	0.01710	0.01211	0.00855	0.00712	0.00214	0.00784	0.00641	0.00712	0.01211
58	0.01798	0.01457	0.01448	0.01368	0.03610	0.10945	0.01029	0.05994	0.18987	0.10735	0.08739	0.05575	0.11387	0.05750	0.00946	0.00265	0.00657	0.07771	0.00653	0.00888
59	0.00849	0.00722	0.00732	0.00729	0.00967	0.00604	0.00547	0.01037	0.01641	0.01967	0.10146	0.06781	0.67285	0.01787	0.00841	0.00240	0.00360	0.01493	0.00667	0.00604
60	0.02649	0.01952	0.02096	0.01618	0.02171	0.02157	0.01332	0.66058	0.03286	0.04404	0.01779	0.03987	0.01320	0.00898	0.00718	0.00216	0.00772	0.00684	0.00711	0.01191
61	0.01280	0.00866	0.01089	0.01111	0.01276	0.00854	0.00820	0.10223	0.01762	0.06045	0.10778	0.47331	0.04245	0.01865	0.00871	0.00272	0.00487	0.07417	0.00693	0.00715
62	0.02299	0.01412	0.01626	0.01382	0.01839	0.01502	0.01097	0.03668	0.44327	0.28210	0.02865	0.02570	0.02021	0.00935	0.00721	0.00234	0.00579	0.00772	0.00783	0.01158
63	0.01962	0.01354	0.01547	0.01420	0.04337	0.01446	0.01069	0.03275	0.42409	0.18017	0.03409	0.03144	0.11346	0.01049	0.00738	0.00235	0.00556	0.00874	0.00737	0.01074
64	0.01692	0.01607	0.02699	0.12680	0.57931	0.01654	0.02091	0.02174	0.03951	0.02280	0.01459	0.02002	0.01233	0.00696	0.00715	0.00219	0.00843	0.02630	0.00370	0.01072
65	0.01497	0.10613	0.60166	0.02103	0.07367	0.01771	0.02463	0.02238	0.01506	0.02203	0.01254	0.01485	0.00918	0.00667	0.00657	0.00217	0.01010	0.00519	0.00304	0.01044
66	0.02643	0.01887	0.02055	0.01600	0.02146	0.02068	0.01326	0.60986	0.03182	0.07803	0.01885	0.02109	0.01405	0.00920	0.00728	0.00221	0.00767	0.04373	0.00718	0.01179
67	0.46136	0.01301	0.01308	0.01099	0.01534	0.01406	0.00904	0.02478	0.01514	0.25115	0.05164	0.01809	0.01412	0.00810	0.00668	0.00226	0.05058	0.00554	0.00594	0.00910
68	0.01893	0.01255	0.01583	0.01358	0.01707	0.01283	0.04456	0.20544	0.07545	0.13991	0.08513	0.25476	0.03016	0.01369	0.00800	0.00246	0.00600	0.02721	0.00711	0.00932
69	0.01018	0.00808	0.00942	0.00991	0.01211	0.00757	0.00807	0.01370	0.05802	0.02092	0.07408	0.06993	0.39575	0.01803	0.00887	0.00273	0.00483	0.25457	0.00666	0.00656
70	0.01036	0.00690	0.00777	0.00777	0.00777	0.00690	0.00431	0.01036	0.01036	0.01381	0.02244	0.04660	0.02589	0.74975	0.03624	0.00690	0.00690	0.01036	0.00431	0.00431
71	0.80005	0.01377	0.01047	0.00936	0.01377	0.01597	0.00771	0.02093	0.01212	0.03195	0.00991	0.01157	0.00771	0.00661	0.00441	0.00220	0.00551	0.00386	0.00441	0.00771
