[name]
unknown

[dist]
# distance from previous block
# <min> <max>
0	28

[block]
# block no. 0 follows, 29 sequences, length 24
# corresponding to MSA columns:
# 33-56
name=unknown_A
#
# <colnr> <probs for GDERKNQSTAVLIFYWHMCP>
#	G	D	E	R	K	N	Q	S	T	A	V	L	I	F	Y	W	H	M	C	P
0	0.01580	0.01510	0.02448	0.30842	0.38191	0.03503	0.02008	0.02010	0.01557	0.02099	0.01480	0.02255	0.01267	0.00764	0.00726	0.00229	0.00884	0.05333	0.00361	0.00955
1	0.11370	0.01651	0.02153	0.33920	0.19492	0.08747	0.01751	0.06504	0.03673	0.02313	0.01311	0.01723	0.01021	0.00707	0.00670	0.00222	0.00887	0.00591	0.00384	0.00910
2	0.01695	0.01620	0.02378	0.14584	0.27685	0.06898	0.06416	0.02154	0.05376	0.04651	0.03788	0.02186	0.04539	0.00975	0.03070	0.00260	0.09659	0.00711	0.00412	0.00945
3	0.01586	0.01358	0.01989	0.34502	0.13483	0.01529	0.01618	0.14770	0.01869	0.02476	0.05201	0.08183	0.06513	0.00962	0.00742	0.00233	0.00788	0.00839	0.00474	0.00888
4	0.01767	0.01640	0.04244	0.31593	0.03308	0.07112	0.06269	0.10684	0.09935	0.05786	0.04300	0.02195	0.03529	0.00816	0.00718	0.00224	0.00856	0.00699	0.00482	0.03844
5	0.01597	0.04179	0.02416	0.10647	0.22841	0.03419	0.11195	0.01976	0.01615	0.04531	0.10860	0.02440	0.03772	0.02618	0.00909	0.00228	0.05982	0.00756	0.00438	0.07580
6	0.03562	0.14403	0.10115	0.18007	0.11191	0.01872	0.09773	0.09138	0.01695	0.02310	0.03695	0.04477	0.01333	0.00791	0.00769	0.00221	0.04644	0.00672	0.00396	0.00934
7	0.06336	0.22206	0.17894	0.01515	0.02127	0.04367	0.01507	0.17255	0.01923	0.07665	0.01567	0.06770	0.01309	0.00850	0.00696	0.00209	0.03705	0.00629	0.00475	0.00994
8	0.05332	0.02097	0.26080	0.05683	0.02353	0.01270	0.01560	0.02197	0.01568	0.12162	0.03659	0.01753	0.01262	0.00677	0.00624	0.00181	0.00743	0.00539	0.00451	0.29807
9	0.01605	0.11163	0.48943	0.02082	0.05360	0.06901	0.07352	0.02265	0.01538	0.02141	0.01237	0.01492	0.00927	0.00685	0.00720	0.00218	0.03513	0.00537	0.00313	0.01007
10	0.01188	0.00786	0.00963	0.00981	0.01103	0.00759	0.00675	0.06033	0.01542	0.06095	0.09324	0.38957	0.07596	0.18827	0.01503	0.00364	0.00506	0.01524	0.00635	0.00637
11	0.01508	0.15763	0.59907	0.01893	0.02871	0.01850	0.02393	0.02234	0.01494	0.02157	0.01229	0.01443	0.00904	0.00665	0.00640	0.00213	0.01003	0.00502	0.00301	0.01029
12	0.01350	0.01431	0.07105	0.60142	0.08440	0.01539	0.01966	0.01828	0.01438	0.01881	0.01415	0.05786	0.01160	0.00787	0.00720	0.00238	0.00922	0.00700	0.00336	0.00818
13	0.00899	0.00668	0.00808	0.00905	0.01001	0.00613	0.00622	0.01032	0.01402	0.01802	0.04571	0.42671	0.22160	0.12396	0.01279	0.00335	0.00451	0.05186	0.00628	0.00568
14	0.02093	0.46121	0.09696	0.01488	0.02064	0.24248	0.01403	0.02365	0.01630	0.01752	0.01052	0.01221	0.00914	0.00654	0.00536	0.00169	0.00952	0.00419	0.00324	0.00900
15	0.02533	0.02040	0.07066	0.01627	0.02200	0.02080	0.01405	0.59676	0.03081	0.04146	0.01652	0.01720	0.01190	0.00932	0.00824	0.04591	0.00794	0.00632	0.00660	0.01150
16	0.00868	0.00620	0.00826	0.00991	0.01033	0.00578	0.00661	0.00991	0.01363	0.01818	0.03925	0.74510	0.04710	0.02231	0.00909	0.00289	0.00413	0.02024	0.00661	0.00578
17	0.01643	0.01488	0.01768	0.01428	0.05917	0.05163	0.04402	0.05764	0.01635	0.02412	0.01295	0.01519	0.01062	0.00568	0.00571	0.00129	0.00638	0.00471	0.00428	0.61697
18	0.01237	0.00618	0.00928	0.00928	0.00928	0.00618	0.00618	0.00928	0.00928	0.01237	0.01237	0.02165	0.01237	0.02474	0.02783	0.79283	0.00618	0.00618	0.00309	0.00309
19	0.02540	0.02718	0.02002	0.01739	0.02127	0.43974	0.01349	0.15081	0.07392	0.06185	0.01435	0.01555	0.01118	0.00824	0.00803	0.00206	0.06983	0.00547	0.00483	0.00939
20	0.02196	0.01705	0.01939	0.09093	0.02342	0.01795	0.01277	0.40593	0.06224	0.03566	0.01613	0.01721	0.01195	0.00762	0.00665	0.00190	0.00724	0.00593	0.00596	0.21212
21	0.02549	0.01878	0.02020	0.01589	0.02127	0.02083	0.01299	0.53653	0.15682	0.06683	0.01974	0.01914	0.01412	0.00877	0.00715	0.00219	0.00736	0.00675	0.00721	0.01195
22	0.00958	0.00706	0.00868	0.00949	0.01055	0.00662	0.00655	0.03705	0.01524	0.02005	0.09953	0.49778	0.16059	0.06332	0.01044	0.00296	0.00429	0.01757	0.00660	0.00607
23	0.01813	0.01423	0.01634	0.02989	0.01885	0.01288	0.01005	0.13900	0.09615	0.06270	0.01611	0.01712	0.01244	0.00658	0.00597	0.00149	0.00591	0.00525	0.00529	0.50561

[dist]
# distance from previous block
# <min> <max>
5	12

[block]
# block no. 1 follows, 29 sequences, length 11
# corresponding to MSA columns:
# 70-80
name=unknown_B
#
# <colnr> <probs for GDERKNQSTAVLIFYWHMCP>
#	G	D	E	R	K	N	Q	S	T	A	V	L	I	F	Y	W	H	M	C	P
0	0.02471	0.12409	0.02266	0.01534	0.02084	0.02182	0.01287	0.46313	0.12976	0.06596	0.01831	0.01801	0.01337	0.00838	0.00678	0.00209	0.00740	0.00632	0.00663	0.01156
1	0.03951	0.11579	0.01385	0.01032	0.01247	0.04552	0.00773	0.01561	0.01478	0.08572	0.08370	0.29908	0.06758	0.14150	0.01254	0.00317	0.00568	0.01275	0.00580	0.00690
2	0.01116	0.11381	0.01231	0.00905	0.01021	0.00966	0.00626	0.01216	0.01281	0.01690	0.09913	0.21154	0.03315	0.38639	0.02207	0.00465	0.00595	0.01209	0.00508	0.00562
3	0.01744	0.11687	0.01583	0.01093	0.01465	0.01252	0.00891	0.06711	0.08599	0.16937	0.15038	0.08711	0.18932	0.01258	0.00744	0.00222	0.00519	0.01045	0.00687	0.00881
4	0.62637	0.11969	0.01480	0.01003	0.01477	0.01728	0.00857	0.02210	0.01312	0.08434	0.01138	0.01257	0.00871	0.00671	0.00465	0.00211	0.00585	0.00411	0.00457	0.00827
5	0.02257	0.01749	0.01827	0.01481	0.01933	0.05304	0.01190	0.45514	0.08167	0.03810	0.11736	0.07419	0.02309	0.01041	0.00742	0.00221	0.00701	0.00835	0.00703	0.01063
6	0.12823	0.11803	0.02107	0.01607	0.02013	0.42711	0.01274	0.07100	0.01877	0.04505	0.01163	0.01334	0.00948	0.00752	0.00700	0.00195	0.05344	0.00470	0.00407	0.00866
7	0.12886	0.15930	0.38985	0.01781	0.02589	0.07531	0.06571	0.02259	0.01505	0.02247	0.01183	0.01401	0.00899	0.00662	0.00612	0.00209	0.00958	0.00497	0.00331	0.00963
8	0.00889	0.00632	0.00831	0.00970	0.01017	0.00592	0.00646	0.01018	0.01383	0.01855	0.08164	0.65027	0.04692	0.07314	0.01096	0.00313	0.00428	0.01906	0.00653	0.00574
9	0.06957	0.22627	0.48464	0.01738	0.02631	0.01960	0.02127	0.02211	0.01468	0.02165	0.01181	0.01383	0.00896	0.00658	0.00602	0.00206	0.00940	0.00478	0.00311	0.00996
10	0.80005	0.01377	0.01047	0.00936	0.01377	0.01597	0.00771	0.02093	0.01212	0.03195	0.00991	0.01157	0.00771	0.00661	0.00441	0.00220	0.00551	0.00386	0.00441	0.00771

[dist]
# distance from previous block
# <min> <max>
0	1

[block]
# block no. 2 follows, 29 sequences, length 16
# corresponding to MSA columns:
# 82-97
name=unknown_C
#
# <colnr> <probs for GDERKNQSTAVLIFYWHMCP>
#	G	D	E	R	K	N	Q	S	T	A	V	L	I	F	Y	W	H	M	C	P
0	0.80005	0.01377	0.01047	0.00936	0.01377	0.01597	0.00771	0.02093	0.01212	0.03195	0.00991	0.01157	0.00771	0.00661	0.00441	0.00220	0.00551	0.00386	0.00441	0.00771
1	0.01034	0.00692	0.00786	0.00783	0.00792	0.00689	0.00445	0.01053	0.01090	0.01462	0.05988	0.04696	0.02816	0.70922	0.03471	0.00665	0.00671	0.01049	0.00451	0.00445
2	0.00868	0.00620	0.00826	0.00991	0.01033	0.00578	0.00661	0.00991	0.01363	0.01818	0.03925	0.74510	0.04710	0.02231	0.00909	0.00289	0.00413	0.02024	0.00661	0.00578
3	0.02459	0.01799	0.01941	0.01538	0.02044	0.01985	0.01268	0.55843	0.06336	0.04127	0.01949	0.02245	0.01495	0.00933	0.00716	0.00219	0.00732	0.05001	0.06239	0.01131
4	0.00868	0.00620	0.00826	0.00991	0.01033	0.00578	0.00661	0.00991	0.01363	0.01818	0.03925	0.74510	0.04710	0.02231	0.00909	0.00289	0.00413	0.02024	0.00661	0.00578
5	0.01428	0.03683	0.71286	0.02030	0.03082	0.01654	0.02631	0.02255	0.01503	0.02255	0.01278	0.01503	0.00902	0.00677	0.00677	0.00226	0.01052	0.00526	0.00301	0.01052
6	0.01428	0.03683	0.71286	0.02030	0.03082	0.01654	0.02631	0.02255	0.01503	0.02255	0.01278	0.01503	0.00902	0.00677	0.00677	0.00226	0.01052	0.00526	0.00301	0.01052
7	0.00842	0.00721	0.00721	0.00721	0.00962	0.00601	0.00541	0.01022	0.01623	0.01924	0.07213	0.06853	0.70244	0.01803	0.00842	0.00240	0.00361	0.01503	0.00661	0.00601
8	0.06169	0.71361	0.03585	0.01203	0.01803	0.02751	0.01194	0.02130	0.01434	0.01758	0.00990	0.01143	0.00906	0.00612	0.00456	0.00156	0.00750	0.00381	0.00312	0.00906
9	0.01428	0.03683	0.71286	0.02030	0.03082	0.01654	0.02631	0.02255	0.01503	0.02255	0.01278	0.01503	0.00902	0.00677	0.00677	0.00226	0.01052	0.00526	0.00301	0.01052
10	0.06248	0.01555	0.01806	0.01406	0.01937	0.01595	0.01156	0.32027	0.05002	0.32851	0.05380	0.02194	0.01719	0.00890	0.00708	0.00218	0.00668	0.00698	0.00777	0.01164
11	0.01863	0.25242	0.37755	0.01676	0.02493	0.04512	0.01929	0.04999	0.01637	0.09690	0.01369	0.01494	0.01013	0.00688	0.00614	0.00201	0.00912	0.00505	0.00384	0.01026
12	0.01017	0.00763	0.01144	0.01144	0.01272	0.00890	0.00890	0.01272	0.01144	0.01653	0.01907	0.02797	0.01780	0.05340	0.72153	0.01144	0.01907	0.00763	0.00381	0.00636
13	0.46702	0.01971	0.01452	0.01288	0.01683	0.22283	0.01023	0.02376	0.01493	0.07078	0.01138	0.01305	0.00890	0.00739	0.00654	0.00216	0.06010	0.00446	0.00438	0.00816
14	0.01003	0.00716	0.00907	0.01013	0.01085	0.00695	0.00684	0.05368	0.01461	0.01950	0.03620	0.63091	0.04279	0.09098	0.01156	0.00323	0.00464	0.01840	0.00642	0.00605
15	0.07410	0.26671	0.19366	0.01553	0.02207	0.05803	0.06455	0.02367	0.04229	0.09895	0.06410	0.01803	0.01480	0.00741	0.00615	0.00199	0.00823	0.00575	0.00437	0.00960

[dist]
# distance from previous block
# <min> <max>
0	1

[block]
# block no. 3 follows, 29 sequences, length 15
# corresponding to MSA columns:
# 99-113
name=unknown_D
#
# <colnr> <probs for GDERKNQSTAVLIFYWHMCP>
#	G	D	E	R	K	N	Q	S	T	A	V	L	I	F	Y	W	H	M	C	P
0	0.00874	0.00695	0.00769	0.00806	0.00975	0.00607	0.00574	0.01041	0.01551	0.01935	0.11069	0.23301	0.44457	0.06797	0.01045	0.00281	0.00394	0.01583	0.00655	0.00590
1	0.01810	0.01301	0.01572	0.01159	0.01739	0.01085	0.00938	0.04556	0.01616	0.13666	0.01517	0.01646	0.01170	0.00640	0.00672	0.00141	0.04846	0.00490	0.00502	0.58935
2	0.08015	0.05300	0.11987	0.02720	0.28958	0.04339	0.06809	0.02465	0.10670	0.06175	0.04549	0.01953	0.01463	0.00736	0.00686	0.00218	0.00818	0.00653	0.00448	0.01040
3	0.05404	0.04387	0.01454	0.01085	0.01536	0.01135	0.00864	0.10410	0.01817	0.08097	0.12113	0.06631	0.07533	0.04044	0.00779	0.00198	0.00538	0.00793	0.00577	0.30604
4	0.06191	0.09047	0.32677	0.01993	0.10379	0.03225	0.04350	0.05731	0.04795	0.02420	0.07304	0.02036	0.01585	0.04329	0.00812	0.00239	0.00867	0.00637	0.00409	0.00973
5	0.12468	0.03270	0.07001	0.02169	0.18702	0.03921	0.04645	0.11620	0.05266	0.02735	0.07477	0.04709	0.01736	0.00943	0.02256	0.00237	0.04094	0.00700	0.00484	0.05569
6	0.34326	0.08890	0.15240	0.01752	0.10697	0.01711	0.04222	0.02150	0.01422	0.05180	0.04165	0.01577	0.01170	0.00722	0.00652	0.00219	0.04063	0.00525	0.00412	0.00905
7	0.08828	0.09424	0.04994	0.05694	0.17885	0.07959	0.01407	0.11804	0.05534	0.02571	0.05110	0.02537	0.11549	0.00906	0.00677	0.00212	0.00746	0.00731	0.00489	0.00941
8	0.12301	0.01698	0.08468	0.13132	0.11840	0.01615	0.01486	0.13927	0.09497	0.07786	0.01659	0.01926	0.01269	0.03994	0.00788	0.00236	0.00753	0.00620	0.00506	0.06499
9	0.08777	0.05374	0.21289	0.02801	0.31236	0.07016	0.01961	0.05782	0.01644	0.02392	0.01317	0.01693	0.01075	0.03771	0.00781	0.00232	0.00896	0.00576	0.00368	0.01019
10	0.09000	0.01697	0.07641	0.12309	0.40833	0.01636	0.01902	0.02121	0.04372	0.02316	0.01641	0.01992	0.04631	0.00752	0.00761	0.00224	0.04135	0.00654	0.00382	0.01002
11	0.16939	0.02091	0.04583	0.02534	0.27353	0.18440	0.01564	0.07339	0.01775	0.05405	0.01300	0.01534	0.01031	0.00687	0.00631	0.00202	0.00872	0.00535	0.00424	0.04759
12	0.01741	0.01934	0.14608	0.02468	0.22329	0.01589	0.06630	0.15679	0.04121	0.02737	0.04371	0.10441	0.01765	0.00909	0.00731	0.00221	0.00798	0.00813	0.00487	0.05630
13	0.05287	0.01644	0.02474	0.03228	0.43197	0.03881	0.05149	0.05118	0.08163	0.06991	0.04618	0.02144	0.03391	0.00760	0.00711	0.00217	0.00786	0.00702	0.00469	0.01069
14	0.01960	0.01650	0.02188	0.02044	0.12043	0.03951	0.10422	0.25688	0.08656	0.03082	0.02031	0.11861	0.01770	0.00969	0.00735	0.00222	0.00759	0.00859	0.04834	0.04275

[dist]
# distance from previous block
# <min> <max>
26	104

[block]
# block no. 4 follows, 29 sequences, length 13
# corresponding to MSA columns:
# 222-234
name=unknown_E
#
# <colnr> <probs for GDERKNQSTAVLIFYWHMCP>
#	G	D	E	R	K	N	Q	S	T	A	V	L	I	F	Y	W	H	M	C	P
0	0.01746	0.02019	0.10960	0.03657	0.49610	0.06456	0.07262	0.02196	0.01614	0.02234	0.01363	0.01837	0.01146	0.03862	0.00834	0.00234	0.00921	0.00643	0.00351	0.01055
1	0.01719	0.01914	0.09963	0.06709	0.47531	0.05443	0.02042	0.02281	0.06399	0.02298	0.01576	0.02162	0.01340	0.00753	0.00717	0.00222	0.00865	0.04617	0.00391	0.01059
2	0.05016	0.01902	0.07311	0.06267	0.56733	0.05999	0.02100	0.02214	0.01614	0.02304	0.01304	0.01695	0.01079	0.00647	0.00688	0.00212	0.00878	0.00606	0.00352	0.01078
3	0.01762	0.01692	0.02890	0.04371	0.70533	0.01692	0.02185	0.02185	0.01621	0.02326	0.01339	0.01762	0.01128	0.00634	0.00705	0.00211	0.00846	0.00634	0.00352	0.01128
4	0.01739	0.12622	0.02871	0.09853	0.49089	0.01872	0.01957	0.02189	0.04212	0.02186	0.01326	0.01709	0.01114	0.00674	0.00732	0.00210	0.03634	0.00603	0.00355	0.01052
5	0.01783	0.01762	0.02731	0.06929	0.60620	0.06627	0.02068	0.02188	0.01655	0.02282	0.03664	0.01855	0.01296	0.00673	0.00705	0.00211	0.00864	0.00644	0.00367	0.01077
6	0.01686	0.01863	0.11087	0.07971	0.36095	0.05112	0.01846	0.03611	0.07553	0.04264	0.02207	0.02424	0.09512	0.00832	0.00717	0.00220	0.00811	0.00734	0.00436	0.01020
7	0.02026	0.02060	0.02579	0.07333	0.47127	0.18781	0.01924	0.02386	0.01727	0.05396	0.01347	0.01685	0.01097	0.00674	0.00691	0.00206	0.00947	0.00595	0.00379	0.01040
8	0.01888	0.01847	0.02815	0.03798	0.53825	0.06925	0.06429	0.06800	0.04277	0.02452	0.01412	0.01767	0.01154	0.00667	0.00711	0.00213	0.00887	0.00642	0.00392	0.01100
9	0.06566	0.16107	0.02904	0.07029	0.49498	0.01901	0.01898	0.02151	0.01552	0.02226	0.01246	0.01611	0.01055	0.00635	0.00640	0.00202	0.00817	0.00569	0.00347	0.01047
10	0.01905	0.05344	0.04540	0.06917	0.38732	0.01619	0.04782	0.02479	0.08626	0.12079	0.04668	0.02077	0.01538	0.00742	0.00707	0.00216	0.00784	0.00685	0.00479	0.01081
11	0.05180	0.01341	0.04694	0.01307	0.04699	0.05853	0.01022	0.02335	0.04787	0.24199	0.21611	0.03401	0.09486	0.01071	0.00732	0.00214	0.00576	0.00892	0.00692	0.05908
12	0.04987	0.07270	0.07419	0.03062	0.37494	0.19578	0.01836	0.02434	0.05274	0.02197	0.01320	0.01605	0.01086	0.00679	0.00661	0.00203	0.00939	0.00565	0.00372	0.01018

[dist]
# distance from previous block
# <min> <max>
15	41

[block]
# block no. 5 follows, 29 sequences, length 50
# corresponding to MSA columns:
# 282-331
name=unknown_F
#
# <colnr> <probs for GDERKNQSTAVLIFYWHMCP>
#	G	D	E	R	K	N	Q	S	T	A	V	L	I	F	Y	W	H	M	C	P
0	0.05465	0.27470	0.45306	0.01705	0.02580	0.02039	0.02068	0.02206	0.01470	0.02108	0.01168	0.01366	0.00899	0.00653	0.00592	0.00201	0.00931	0.00471	0.00309	0.00992
1	0.02082	0.05864	0.14248	0.01707	0.02299	0.03724	0.08574	0.21270	0.04057	0.11488	0.01827	0.07428	0.01465	0.00893	0.00794	0.00220	0.04647	0.00731	0.00550	0.06132
2	0.01220	0.01855	0.24547	0.01300	0.01771	0.04725	0.01337	0.01675	0.01743	0.02409	0.32790	0.03946	0.10733	0.05752	0.00948	0.00253	0.00650	0.00996	0.00566	0.00785
3	0.01699	0.50404	0.02782	0.01087	0.01593	0.02103	0.01024	0.01918	0.01533	0.06207	0.02792	0.02771	0.19743	0.00950	0.00578	0.00181	0.00643	0.00706	0.00438	0.00848
4	0.06550	0.11073	0.32244	0.04823	0.02432	0.01588	0.01736	0.04304	0.01508	0.02280	0.01277	0.01541	0.01000	0.00940	0.05204	0.00247	0.00903	0.00499	0.00359	0.19490
5	0.04366	0.04900	0.03860	0.01319	0.01843	0.03768	0.01096	0.07240	0.20963	0.19026	0.02124	0.02070	0.01554	0.00948	0.03176	0.00227	0.00675	0.00629	0.00625	0.19591
6	0.01479	0.11408	0.64010	0.01942	0.02947	0.01779	0.02479	0.02242	0.01497	0.02193	0.01247	0.01464	0.00903	0.00669	0.00653	0.00218	0.01021	0.00511	0.00301	0.01037
7	0.01028	0.00720	0.00925	0.00925	0.00976	0.00771	0.00616	0.01131	0.01079	0.01490	0.02108	0.03910	0.02263	0.46948	0.31206	0.00873	0.01180	0.00926	0.00411	0.00514
8	0.01529	0.03786	0.01583	0.01353	0.01588	0.04619	0.01086	0.15403	0.01650	0.02257	0.01702	0.02322	0.01509	0.03626	0.44610	0.00790	0.08662	0.00697	0.00440	0.00788
9	0.03133	0.01299	0.04106	0.01294	0.01862	0.01068	0.01102	0.03427	0.02019	0.68604	0.02755	0.02391	0.01732	0.00874	0.00715	0.00221	0.00622	0.00709	0.00861	0.01206
10	0.01237	0.00618	0.00928	0.00928	0.00928	0.00618	0.00618	0.00928	0.00928	0.01237	0.01237	0.02165	0.01237	0.02474	0.02783	0.79283	0.00618	0.00618	0.00309	0.00309
11	0.06336	0.02834	0.01945	0.01722	0.02098	0.49801	0.01323	0.12114	0.04958	0.02257	0.01281	0.01465	0.01038	0.00949	0.03335	0.00233	0.04481	0.00515	0.00433	0.00882
12	0.01493	0.06932	0.53112	0.01825	0.02688	0.01629	0.02204	0.07724	0.01641	0.02361	0.01627	0.10529	0.01400	0.00880	0.00697	0.00229	0.00935	0.00714	0.00381	0.01000
13	0.00926	0.00661	0.00893	0.01058	0.01125	0.00629	0.00763	0.01093	0.01421	0.01883	0.03892	0.60609	0.04582	0.02176	0.00924	0.00297	0.00464	0.15348	0.00660	0.00595
14	0.01345	0.01266	0.02136	0.73264	0.04904	0.01582	0.01978	0.01819	0.01424	0.01819	0.01266	0.01898	0.00949	0.00712	0.00712	0.00237	0.00949	0.00633	0.00316	0.00791
15	0.00868	0.00620	0.00826	0.00991	0.01033	0.00578	0.00661	0.00991	0.01363	0.01818	0.03925	0.74510	0.04710	0.02231	0.00909	0.00289	0.00413	0.02024	0.00661	0.00578
16	0.01558	0.01558	0.02181	0.01869	0.01869	0.02181	0.01558	0.01714	0.01091	0.01714	0.00935	0.01558	0.00935	0.01246	0.02337	0.00312	0.73672	0.00623	0.00312	0.00779
17	0.01517	0.01298	0.01520	0.01099	0.01709	0.01028	0.00883	0.03818	0.01521	0.02366	0.01268	0.01486	0.01055	0.00561	0.00593	0.00116	0.02955	0.00435	0.00427	0.74343
18	0.00982	0.00712	0.00912	0.01036	0.01113	0.00692	0.00708	0.04231	0.03559	0.01979	0.03789	0.68867	0.04467	0.02127	0.00894	0.00284	0.00435	0.01922	0.00665	0.00625
19	0.00863	0.00638	0.00807	0.00943	0.01020	0.00582	0.00639	0.00997	0.01410	0.01837	0.04520	0.62269	0.16567	0.02154	0.00897	0.00280	0.00404	0.01930	0.00661	0.00582
20	0.01147	0.00820	0.01147	0.01311	0.01475	0.00820	0.01147	0.01475	0.01639	0.02131	0.03770	0.08032	0.04098	0.01967	0.00984	0.00328	0.00656	0.65741	0.00656	0.00656
21	0.04267	0.01677	0.02864	0.06633	0.62925	0.01690	0.05142	0.02174	0.01604	0.02334	0.01330	0.01755	0.01108	0.00636	0.00703	0.00214	0.00856	0.00636	0.00354	0.01097
22	0.02719	0.01871	0.02048	0.01581	0.02140	0.02038	0.01303	0.56591	0.06648	0.12825	0.01911	0.01850	0.01331	0.00864	0.00713	0.00216	0.00750	0.00659	0.00734	0.01207
23	0.00842	0.00721	0.00721	0.00721	0.00962	0.00601	0.00541	0.01022	0.01623	0.01924	0.07213	0.06853	0.70244	0.01803	0.00842	0.00240	0.00361	0.01503	0.00661	0.00601
24	0.01305	0.00987	0.01405	0.01270	0.01470	0.01125	0.04451	0.08160	0.01442	0.02123	0.01858	0.02537	0.01635	0.03700	0.45965	0.00803	0.06368	0.00731	0.11941	0.00725
25	0.01750	0.01383	0.02167	0.39734	0.12159	0.01636	0.01776	0.04209	0.01546	0.12200	0.01463	0.01896	0.01098	0.00821	0.00982	0.00243	0.12969	0.00644	0.00416	0.00907
26	0.00868	0.00620	0.00826	0.00991	0.01033	0.00578	0.00661	0.00991	0.01363	0.01818	0.03925	0.74510	0.04710	0.02231	0.00909	0.00289	0.00413	0.02024	0.00661	0.00578
27	0.55054	0.04684	0.01648	0.01829	0.18651	0.03593	0.01159	0.02138	0.01346	0.02874	0.01081	0.01310	0.00870	0.00654	0.00513	0.00214	0.00653	0.00449	0.00411	0.00868
28	0.01036	0.00690	0.00777	0.00777	0.00777	0.00690	0.00431	0.01036	0.01036	0.01381	0.02244	0.04660	0.02589	0.74975	0.03624	0.00690	0.00690	0.01036	0.00431	0.00431
29	0.01761	0.01725	0.02755	0.04061	0.63208	0.04664	0.02074	0.02158	0.01624	0.02270	0.01533	0.01922	0.03638	0.00698	0.00752	0.00214	0.02836	0.00658	0.00363	0.01086
30	0.01461	0.03453	0.62541	0.02156	0.03165	0.01673	0.11146	0.02258	0.01526	0.02258	0.01299	0.01558	0.00925	0.00667	0.00698	0.00227	0.01072	0.00567	0.00308	0.01040
31	0.01477	0.01266	0.01477	0.01055	0.01687	0.00949	0.00844	0.01793	0.01477	0.02320	0.01266	0.01477	0.01055	0.00527	0.00527	0.00105	0.00527	0.00422	0.00422	0.79328
32	0.01771	0.01530	0.01610	0.01449	0.01852	0.01771	0.01127	0.03784	0.69247	0.02979	0.02898	0.02657	0.02174	0.00966	0.00725	0.00242	0.00564	0.00805	0.00725	0.01127
33	0.01555	0.01606	0.10471	0.01458	0.07516	0.01103	0.01188	0.01943	0.01512	0.04741	0.01328	0.01537	0.01066	0.00568	0.00568	0.00133	0.00623	0.00463	0.00417	0.60205
34	0.00842	0.00721	0.00721	0.00721	0.00962	0.00601	0.00541	0.01022	0.01623	0.01924	0.07213	0.06853	0.70244	0.01803	0.00842	0.00240	0.00361	0.01503	0.00661	0.00601
35	0.01681	0.01921	0.04202	0.03001	0.03721	0.01801	0.67947	0.02281	0.01681	0.02281	0.01441	0.01921	0.01080	0.00600	0.00840	0.00240	0.01200	0.00840	0.00360	0.00960
36	0.01732	0.01674	0.02895	0.08750	0.63581	0.01689	0.04857	0.02166	0.01611	0.02292	0.01339	0.01778	0.01114	0.00638	0.00711	0.00214	0.00867	0.00643	0.00350	0.01099
37	0.03017	0.01226	0.01639	0.01287	0.01812	0.01096	0.01065	0.05434	0.04356	0.62771	0.02830	0.02719	0.01888	0.00943	0.00731	0.00227	0.00613	0.04310	0.00858	0.01178
38	0.01327	0.00664	0.00664	0.00664	0.00830	0.00664	0.00498	0.01659	0.01493	0.02655	0.02323	0.02655	0.01825	0.00830	0.00498	0.00166	0.00332	0.00664	0.78928	0.00664
39	0.00898	0.00716	0.00756	0.00750	0.00933	0.00627	0.00531	0.01056	0.01539	0.01902	0.12366	0.06243	0.49849	0.17070	0.01423	0.00333	0.00427	0.01384	0.00625	0.00573
40	0.01695	0.01460	0.01589	0.01178	0.01782	0.04192	0.00942	0.10350	0.04390	0.02597	0.01379	0.01544	0.01112	0.00595	0.00563	0.00128	0.00594	0.00466	0.00468	0.62974
41	0.02684	0.01112	0.01490	0.01175	0.01652	0.00962	0.00956	0.02965	0.01999	0.54907	0.13744	0.03080	0.05916	0.01009	0.00737	0.00219	0.00549	0.00838	0.00843	0.03163
42	0.11039	0.01229	0.01591	0.01233	0.01773	0.01103	0.01018	0.03330	0.01954	0.64099	0.02624	0.02294	0.01661	0.00859	0.00688	0.00220	0.00600	0.00682	0.00836	0.01167
43	0.03175	0.01244	0.01672	0.01282	0.01834	0.01094	0.01059	0.06111	0.02092	0.68310	0.02764	0.02394	0.01740	0.00880	0.00716	0.00220	0.00613	0.00713	0.00874	0.01212
44	0.01446	0.01386	0.01937	0.01691	0.01708	0.01896	0.01384	0.01604	0.01094	0.01681	0.01163	0.01955	0.01172	0.07275	0.11845	0.00452	0.58575	0.00673	0.00330	0.00734
45	0.01663	0.01886	0.04093	0.06696	0.03784	0.01789	0.64478	0.02257	0.01667	0.02257	0.01431	0.01920	0.01074	0.00606	0.00834	0.00240	0.01187	0.00829	0.00358	0.00951
46	0.80005	0.01377	0.01047	0.00936	0.01377	0.01597	0.00771	0.02093	0.01212	0.03195	0.00991	0.01157	0.00771	0.00661	0.00441	0.00220	0.00551	0.00386	0.00441	0.00771
47	0.01762	0.01692	0.02890	0.04371	0.70533	0.01692	0.02185	0.02185	0.01621	0.02326	0.01339	0.01762	0.01128	0.00634	0.00705	0.00211	0.00846	0.00634	0.00352	0.01128
48	0.01862	0.71898	0.03601	0.01203	0.01792	0.02717	0.01193	0.02095	0.01474	0.01731	0.04237	0.01338	0.01186	0.00649	0.00475	0.00156	0.00742	0.00423	0.00327	0.00902
49	0.01082	0.00787	0.01000	0.00925	0.01114	0.00742	0.00699	0.04470	0.02065	0.02900	0.64780	0.05202	0.08645	0.01439	0.00834	0.00224	0.00358	0.01265	0.00776	0.00695

[dist]
# distance from previous block
# <min> <max>
0	7

[block]
# block no. 6 follows, 29 sequences, length 34
# corresponding to MSA columns:
# 339-372
name=unknown_G
#
# <colnr> <probs for GDERKNQSTAVLIFYWHMCP>
#	G	D	E	R	K	N	Q	S	T	A	V	L	I	F	Y	W	H	M	C	P
0	0.00921	0.00724	0.00832	0.00805	0.01011	0.00635	0.00604	0.01176	0.01811	0.02369	0.37304	0.06120	0.39876	0.01637	0.00841	0.00233	0.00349	0.01400	0.00720	0.00635
1	0.73728	0.01325	0.01021	0.00919	0.01344	0.01518	0.00753	0.02008	0.01244	0.03094	0.01485	0.01608	0.06280	0.00752	0.00472	0.00222	0.00536	0.00474	0.00458	0.00758
2	0.03024	0.01170	0.01583	0.01228	0.01735	0.01018	0.00998	0.03277	0.01959	0.65504	0.02764	0.02601	0.01828	0.06756	0.00947	0.00258	0.00613	0.00741	0.00846	0.01150
3	0.03018	0.01214	0.01602	0.01241	0.01762	0.01084	0.01021	0.07104	0.02071	0.61720	0.02706	0.02400	0.01735	0.00876	0.00699	0.00216	0.00595	0.00708	0.07060	0.01168
4	0.01428	0.03683	0.71286	0.02030	0.03082	0.01654	0.02631	0.02255	0.01503	0.02255	0.01278	0.01503	0.00902	0.00677	0.00677	0.00226	0.01052	0.00526	0.00301	0.01052
5	0.01771	0.01530	0.01610	0.01449	0.01852	0.01771	0.01127	0.03784	0.69247	0.02979	0.02898	0.02657	0.02174	0.00966	0.00725	0.00242	0.00564	0.00805	0.00725	0.01127
6	0.80005	0.01377	0.01047	0.00936	0.01377	0.01597	0.00771	0.02093	0.01212	0.03195	0.00991	0.01157	0.00771	0.00661	0.00441	0.00220	0.00551	0.00386	0.00441	0.00771
7	0.02707	0.01995	0.02137	0.01638	0.02208	0.02208	0.01353	0.68159	0.03348	0.04488	0.01710	0.01710	0.01211	0.00855	0.00712	0.00214	0.00784	0.00641	0.00712	0.01211
8	0.80005	0.01377	0.01047	0.00936	0.01377	0.01597	0.00771	0.02093	0.01212	0.03195	0.00991	0.01157	0.00771	0.00661	0.00441	0.00220	0.00551	0.00386	0.00441	0.00771
9	0.01762	0.01692	0.02890	0.04371	0.70533	0.01692	0.02185	0.02185	0.01621	0.02326	0.01339	0.01762	0.01128	0.00634	0.00705	0.00211	0.00846	0.00634	0.00352	0.01128
10	0.01771	0.01530	0.01610	0.01449	0.01852	0.01771	0.01127	0.03784	0.69247	0.02979	0.02898	0.02657	0.02174	0.00966	0.00725	0.00242	0.00564	0.00805	0.00725	0.01127
11	0.00868	0.00620	0.00826	0.00991	0.01033	0.00578	0.00661	0.00991	0.01363	0.01818	0.03925	0.74510	0.04710	0.02231	0.00909	0.00289	0.00413	0.02024	0.00661	0.00578
12	0.03195	0.01212	0.01652	0.01267	0.01818	0.01047	0.01047	0.03470	0.02038	0.71026	0.02809	0.02424	0.01763	0.00881	0.00716	0.00220	0.00606	0.00716	0.00881	0.01212
13	0.01026	0.00686	0.00780	0.00789	0.00792	0.00684	0.00445	0.01033	0.01055	0.01406	0.02342	0.08739	0.02713	0.70727	0.03466	0.00667	0.00674	0.01093	0.00445	0.00440
14	0.80005	0.01377	0.01047	0.00936	0.01377	0.01597	0.00771	0.02093	0.01212	0.03195	0.00991	0.01157	0.00771	0.00661	0.00441	0.00220	0.00551	0.00386	0.00441	0.00771
15	0.00868	0.00620	0.00826	0.00991	0.01033	0.00578	0.00661	0.00991	0.01363	0.01818	0.03925	0.74510	0.04710	0.02231	0.00909	0.00289	0.00413	0.02024	0.00661	0.00578
16	0.01477	0.01266	0.01477	0.01055	0.01687	0.00949	0.00844	0.01793	0.01477	0.02320	0.01266	0.01477	0.01055	0.00527	0.00527	0.00105	0.00527	0.00422	0.00422	0.79328
17	0.00842	0.00721	0.00721	0.00721	0.00962	0.00601	0.00541	0.01022	0.01623	0.01924	0.07213	0.06853	0.70244	0.01803	0.00842	0.00240	0.00361	0.01503	0.00661	0.00601
18	0.00896	0.00635	0.00832	0.00979	0.01020	0.00599	0.00653	0.01013	0.01337	0.01781	0.03734	0.64464	0.04454	0.10230	0.01210	0.00335	0.00452	0.04174	0.00636	0.00565
19	0.01681	0.01921	0.04202	0.03001	0.03721	0.01801	0.67947	0.02281	0.01681	0.02281	0.01441	0.01921	0.01080	0.00600	0.00840	0.00240	0.01200	0.00840	0.00360	0.00960
20	0.01345	0.01266	0.02136	0.73264	0.04904	0.01582	0.01978	0.01819	0.01424	0.01819	0.01266	0.01898	0.00949	0.00712	0.00712	0.00237	0.00949	0.00633	0.00316	0.00791
21	0.00873	0.00626	0.00820	0.00973	0.01020	0.00584	0.00648	0.00994	0.01361	0.01805	0.03987	0.69224	0.07149	0.05009	0.01011	0.00303	0.00422	0.01966	0.00652	0.00574
22	0.00868	0.00620	0.00826	0.00991	0.01033	0.00578	0.00661	0.00991	0.01363	0.01818	0.03925	0.74510	0.04710	0.02231	0.00909	0.00289	0.00413	0.02024	0.00661	0.00578
23	0.01552	0.22291	0.53759	0.01819	0.02756	0.01956	0.02264	0.02223	0.01489	0.02105	0.01203	0.01410	0.00905	0.00659	0.00620	0.00207	0.00977	0.00488	0.00302	0.01016
24	0.01428	0.03683	0.71286	0.02030	0.03082	0.01654	0.02631	0.02255	0.01503	0.02255	0.01278	0.01503	0.00902	0.00677	0.00677	0.00226	0.01052	0.00526	0.00301	0.01052
25	0.01374	0.01322	0.02313	0.67237	0.04803	0.01601	0.07636	0.01859	0.01446	0.01859	0.01281	0.01900	0.00960	0.00702	0.00723	0.00238	0.00971	0.00651	0.00320	0.00806
26	0.01462	0.13444	0.56312	0.01846	0.02764	0.01755	0.02296	0.02160	0.01467	0.02127	0.01288	0.01556	0.00973	0.01037	0.06313	0.00288	0.01080	0.00525	0.00308	0.01000
27	0.01762	0.01692	0.02890	0.04371	0.70533	0.01692	0.02185	0.02185	0.01621	0.02326	0.01339	0.01762	0.01128	0.00634	0.00705	0.00211	0.00846	0.00634	0.00352	0.01128
28	0.02376	0.06312	0.01601	0.01182	0.01611	0.01128	0.00963	0.05074	0.04888	0.40792	0.18306	0.07428	0.03030	0.01081	0.00739	0.00221	0.00547	0.00907	0.00792	0.01023
29	0.19783	0.04470	0.17900	0.01364	0.01956	0.01452	0.01342	0.02688	0.11602	0.21107	0.07765	0.02157	0.01791	0.00835	0.00647	0.00223	0.00675	0.00647	0.00593	0.01005
30	0.01832	0.02067	0.06404	0.19649	0.30710	0.17886	0.01904	0.02290	0.04095	0.02086	0.01397	0.01902	0.01157	0.00733	0.00700	0.00217	0.00967	0.02678	0.00367	0.00959
31	0.01169	0.00981	0.01577	0.01430	0.01703	0.00924	0.12245	0.01499	0.01626	0.02180	0.11891	0.15904	0.08932	0.01727	0.03286	0.00302	0.00683	0.26055	0.00600	0.05287
32	0.01044	0.00757	0.00961	0.00983	0.01104	0.00738	0.00695	0.03533	0.01478	0.02020	0.14337	0.29982	0.06136	0.16425	0.09970	0.00448	0.00660	0.04147	0.00595	0.03987
33	0.01907	0.07028	0.33184	0.01668	0.02427	0.01550	0.03969	0.04715	0.09122	0.17105	0.04728	0.01986	0.01499	0.00776	0.00682	0.00215	0.00821	0.00629	0.00514	0.05475

[dist]
# distance from previous block
# <min> <max>
4	8

[block]
# block no. 7 follows, 29 sequences, length 122
# corresponding to MSA columns:
# 381-502
name=unknown_H
#
# <colnr> <probs for GDERKNQSTAVLIFYWHMCP>
#	G	D	E	R	K	N	Q	S	T	A	V	L	I	F	Y	W	H	M	C	P
0	0.01088	0.00755	0.01001	0.00971	0.01118	0.00772	0.00719	0.01310	0.01439	0.04854	0.19688	0.04235	0.11517	0.16024	0.30562	0.00685	0.01057	0.01030	0.00546	0.00629
1	0.05334	0.01345	0.01686	0.01314	0.01842	0.01280	0.01079	0.14169	0.05614	0.51804	0.05126	0.02387	0.01848	0.00896	0.00712	0.00220	0.00622	0.00719	0.00828	0.01173
2	0.02122	0.01449	0.04108	0.01235	0.01851	0.01193	0.01039	0.12396	0.01914	0.21027	0.01747	0.01766	0.01262	0.00677	0.00611	0.00157	0.00606	0.00538	0.00585	0.43716
3	0.04556	0.14484	0.04759	0.10279	0.29690	0.01802	0.01671	0.02399	0.11884	0.05988	0.01682	0.04871	0.01396	0.00772	0.00664	0.00213	0.00764	0.00666	0.00440	0.01020
4	0.76936	0.01349	0.01032	0.00926	0.01356	0.01561	0.00760	0.02076	0.01223	0.03174	0.01043	0.01215	0.00812	0.00668	0.00443	0.00218	0.00542	0.00396	0.03502	0.00767
5	0.00965	0.00711	0.00947	0.00992	0.01082	0.00717	0.00706	0.01156	0.01457	0.02007	0.19891	0.33633	0.06713	0.09283	0.13635	0.00459	0.02964	0.01467	0.00610	0.00605
6	0.00889	0.00640	0.00848	0.01007	0.01066	0.00599	0.00696	0.01032	0.01396	0.01847	0.04036	0.66549	0.07130	0.02193	0.00912	0.00290	0.00431	0.07191	0.00661	0.00586
7	0.01345	0.01266	0.02136	0.73264	0.04904	0.01582	0.01978	0.01819	0.01424	0.01819	0.01266	0.01898	0.00949	0.00712	0.00712	0.00237	0.00949	0.00633	0.00316	0.00791
8	0.03174	0.01245	0.01673	0.01283	0.01834	0.01095	0.01059	0.06190	0.02093	0.68229	0.02763	0.02394	0.01739	0.00880	0.00716	0.00220	0.00613	0.00713	0.00874	0.01212
9	0.00868	0.00620	0.00826	0.00991	0.01033	0.00578	0.00661	0.00991	0.01363	0.01818	0.03925	0.74510	0.04710	0.02231	0.00909	0.00289	0.00413	0.02024	0.00661	0.00578
10	0.00850	0.00722	0.00733	0.00730	0.00967	0.00605	0.00548	0.01038	0.01643	0.01971	0.10383	0.06776	0.67046	0.01786	0.00841	0.00240	0.00359	0.01492	0.00667	0.00605
11	0.00849	0.00722	0.00731	0.00729	0.00966	0.00604	0.00547	0.01035	0.01640	0.01963	0.09861	0.06788	0.67572	0.01789	0.00842	0.00240	0.00360	0.01494	0.00666	0.00604
12	0.01928	0.01495	0.01615	0.01429	0.01848	0.01691	0.01118	0.03749	0.61842	0.10476	0.02888	0.02631	0.02128	0.00957	0.00724	0.00239	0.00568	0.00795	0.00742	0.01136
13	0.01477	0.01266	0.01477	0.01055	0.01687	0.00949	0.00844	0.01793	0.01477	0.02320	0.01266	0.01477	0.01055	0.00527	0.00527	0.00105	0.00527	0.00422	0.00422	0.79328
14	0.01771	0.01530	0.01610	0.01449	0.01852	0.01771	0.01127	0.03784	0.69247	0.02979	0.02898	0.02657	0.02174	0.00966	0.00725	0.00242	0.00564	0.00805	0.00725	0.01127
15	0.01345	0.01266	0.02136	0.73264	0.04904	0.01582	0.01978	0.01819	0.01424	0.01819	0.01266	0.01898	0.00949	0.00712	0.00712	0.00237	0.00949	0.00633	0.00316	0.00791
16	0.01428	0.03683	0.71286	0.02030	0.03082	0.01654	0.02631	0.02255	0.01503	0.02255	0.01278	0.01503	0.00902	0.00677	0.00677	0.00226	0.01052	0.00526	0.00301	0.01052
17	0.00868	0.00620	0.00826	0.00991	0.01033	0.00578	0.00661	0.00991	0.01363	0.01818	0.03925	0.74510	0.04710	0.02231	0.00909	0.00289	0.00413	0.02024	0.00661	0.00578
18	0.03122	0.01262	0.01675	0.01292	0.01839	0.01130	0.01065	0.06738	0.04375	0.65377	0.02757	0.02396	0.01749	0.00883	0.00716	0.00221	0.00613	0.00715	0.00868	0.01209
19	0.00867	0.00623	0.00822	0.00982	0.01030	0.00579	0.00657	0.00993	0.01373	0.01822	0.04043	0.72073	0.07071	0.02215	0.00906	0.00287	0.00411	0.02006	0.00661	0.00579
20	0.01681	0.01921	0.04202	0.03001	0.03721	0.01801	0.67947	0.02281	0.01681	0.02281	0.01441	0.01921	0.01080	0.00600	0.00840	0.00240	0.01200	0.00840	0.00360	0.00960
21	0.01008	0.00728	0.00952	0.00896	0.01064	0.00672	0.00672	0.01344	0.02016	0.02855	0.70158	0.05319	0.06719	0.01456	0.00840	0.00224	0.00336	0.01288	0.00784	0.00672
22	0.01843	0.01571	0.01680	0.01483	0.01883	0.01826	0.01165	0.09257	0.60665	0.03055	0.02712	0.02528	0.02038	0.00968	0.00792	0.00242	0.03682	0.00783	0.00706	0.01120
23	0.01845	0.66478	0.12138	0.01319	0.01984	0.02673	0.01394	0.02147	0.01454	0.01747	0.01026	0.01187	0.00912	0.00618	0.00484	0.00161	0.00798	0.00399	0.00304	0.00931
24	0.01558	0.01558	0.02181	0.01869	0.01869	0.02181	0.01558	0.01714	0.01091	0.01714	0.00935	0.01558	0.00935	0.01246	0.02337	0.00312	0.73672	0.00623	0.00312	0.00779
25	0.00866	0.00624	0.00822	0.00980	0.01030	0.00579	0.00656	0.00993	0.01374	0.01822	0.04063	0.71665	0.07466	0.02213	0.00906	0.00287	0.00411	0.02002	0.00661	0.00579
26	0.01746	0.01790	0.06245	0.04256	0.67225	0.01690	0.02207	0.02189	0.01616	0.02323	0.01336	0.01750	0.01117	0.00637	0.00704	0.00212	0.00856	0.00629	0.00350	0.01124
27	0.02206	0.04977	0.31267	0.01869	0.05080	0.13829	0.04355	0.02714	0.01762	0.22599	0.01702	0.01753	0.01176	0.00741	0.00683	0.00214	0.00949	0.00582	0.00489	0.01055
28	0.01980	0.00941	0.01243	0.01046	0.01376	0.00838	0.00817	0.02259	0.01941	0.33171	0.32708	0.04044	0.06888	0.06317	0.00978	0.00255	0.00482	0.01024	0.00798	0.00893
29	0.03176	0.01241	0.01671	0.01281	0.01832	0.01090	0.01058	0.05916	0.02088	0.68510	0.02768	0.02397	0.01742	0.00880	0.00716	0.00220	0.00613	0.00713	0.00875	0.01212
30	0.01647	0.01615	0.04642	0.13134	0.49745	0.01612	0.01991	0.02180	0.06309	0.02256	0.01550	0.02151	0.01324	0.03837	0.00838	0.00241	0.00834	0.02673	0.00385	0.01036
31	0.26649	0.18381	0.01948	0.01275	0.01630	0.12117	0.01072	0.02031	0.01368	0.02207	0.01176	0.01508	0.01025	0.01389	0.10604	0.00337	0.10671	0.00489	0.03331	0.00790
32	0.01497	0.01168	0.01266	0.01160	0.01476	0.01228	0.00889	0.11034	0.24946	0.05070	0.04270	0.16394	0.23839	0.01432	0.00792	0.00245	0.00505	0.01212	0.00698	0.00880
33	0.07617	0.16543	0.02289	0.04186	0.02173	0.45880	0.01326	0.08289	0.01952	0.02067	0.01131	0.01308	0.00933	0.00715	0.00603	0.00185	0.01082	0.00461	0.00388	0.00871
34	0.00963	0.00718	0.00847	0.00819	0.00976	0.00654	0.00584	0.01185	0.01701	0.02279	0.37520	0.05654	0.25192	0.16196	0.01395	0.00322	0.00414	0.01303	0.00676	0.00603
35	0.01408	0.01331	0.02251	0.62755	0.14915	0.01599	0.02009	0.01875	0.01454	0.01897	0.01277	0.01878	0.00976	0.00700	0.00711	0.00233	0.00933	0.00633	0.00322	0.00842
36	0.01008	0.00728	0.00952	0.00896	0.01064	0.00672	0.00672	0.01344	0.02016	0.02855	0.70158	0.05319	0.06719	0.01456	0.00840	0.00224	0.00336	0.01288	0.00784	0.00672
37	0.01092	0.00816	0.01024	0.00957	0.01151	0.00793	0.00722	0.01613	0.09423	0.02869	0.62747	0.05026	0.06218	0.01402	0.00827	0.00226	0.00361	0.01235	0.00777	0.00722
38	0.01563	0.01263	0.01485	0.01065	0.01694	0.00954	0.00854	0.01877	0.01505	0.05780	0.01343	0.01524	0.01090	0.00545	0.00537	0.00111	0.00531	0.00437	0.00445	0.75395
39	0.00842	0.00721	0.00721	0.00721	0.00962	0.00601	0.00541	0.01022	0.01623	0.01924	0.07213	0.06853	0.70244	0.01803	0.00842	0.00240	0.00361	0.01503	0.00661	0.00601
40	0.01008	0.00728	0.00952	0.00896	0.01064	0.00672	0.00672	0.01344	0.02016	0.02855	0.70158	0.05319	0.06719	0.01456	0.00840	0.00224	0.00336	0.01288	0.00784	0.00672
41	0.80005	0.01377	0.01047	0.00936	0.01377	0.01597	0.00771	0.02093	0.01212	0.03195	0.00991	0.01157	0.00771	0.00661	0.00441	0.00220	0.00551	0.00386	0.00441	0.00771
42	0.80005	0.01377	0.01047	0.00936	0.01377	0.01597	0.00771	0.02093	0.01212	0.03195	0.00991	0.01157	0.00771	0.00661	0.00441	0.00220	0.00551	0.00386	0.00441	0.00771
43	0.01114	0.00809	0.01101	0.01246	0.01419	0.00796	0.01081	0.01425	0.01637	0.02108	0.04150	0.07902	0.11386	0.01949	0.00968	0.00318	0.00623	0.58663	0.00656	0.00650
44	0.02422	0.01779	0.01926	0.01525	0.02008	0.01954	0.01232	0.57466	0.03016	0.04041	0.01980	0.09875	0.01664	0.04642	0.00877	0.00245	0.00738	0.00813	0.00693	0.01103
45	0.02361	0.01622	0.01800	0.01483	0.01967	0.01770	0.01199	0.27988	0.29673	0.15889	0.02464	0.02450	0.01804	0.00945	0.00728	0.00230	0.00658	0.03066	0.00746	0.01157
46	0.01685	0.06909	0.56289	0.01934	0.02887	0.01642	0.05130	0.02403	0.01575	0.10870	0.01463	0.01619	0.01018	0.00696	0.00677	0.00222	0.00988	0.00556	0.00376	0.01062
47	0.01762	0.01692	0.02890	0.04371	0.70533	0.01692	0.02185	0.02185	0.01621	0.02326	0.01339	0.01762	0.01128	0.00634	0.00705	0.00211	0.00846	0.00634	0.00352	0.01128
48	0.01681	0.01921	0.04202	0.03001	0.03721	0.01801	0.67947	0.02281	0.01681	0.02281	0.01441	0.01921	0.01080	0.00600	0.00840	0.00240	0.01200	0.00840	0.00360	0.00960
49	0.01428	0.03683	0.71286	0.02030	0.03082	0.01654	0.02631	0.02255	0.01503	0.02255	0.01278	0.01503	0.00902	0.00677	0.00677	0.00226	0.01052	0.00526	0.00301	0.01052
50	0.01345	0.01266	0.02136	0.73264	0.04904	0.01582	0.01978	0.01819	0.01424	0.01819	0.01266	0.01898	0.00949	0.00712	0.00712	0.00237	0.00949	0.00633	0.00316	0.00791
51	0.00891	0.00651	0.00890	0.04537	0.01223	0.00628	0.00726	0.01032	0.01366	0.01818	0.03794	0.70949	0.04525	0.02156	0.00899	0.00287	0.00439	0.01956	0.00644	0.00589
52	0.00868	0.00620	0.00826	0.00991	0.01033	0.00578	0.00661	0.00991	0.01363	0.01818	0.03925	0.74510	0.04710	0.02231	0.00909	0.00289	0.00413	0.02024	0.00661	0.00578
53	0.01707	0.01719	0.05248	0.11433	0.61324	0.01679	0.02180	0.02150	0.01597	0.02271	0.01330	0.01767	0.01101	0.00644	0.00705	0.00215	0.00864	0.00630	0.00347	0.01090
54	0.15575	0.01493	0.05021	0.01413	0.04062	0.01424	0.01150	0.06471	0.18281	0.34138	0.02348	0.02165	0.01606	0.00846	0.00669	0.00225	0.00625	0.00667	0.00715	0.01107
55	0.01446	0.01369	0.02319	0.56531	0.20844	0.01609	0.02028	0.01908	0.01472	0.01942	0.01284	0.01865	0.00993	0.00693	0.00710	0.00231	0.00924	0.00633	0.00325	0.00873
56	0.01477	0.01266	0.01477	0.01055	0.01687	0.00949	0.00844	0.01793	0.01477	0.02320	0.01266	0.01477	0.01055	0.00527	0.00527	0.00105	0.00527	0.00422	0.00422	0.79328
57	0.01428	0.03683	0.71286	0.02030	0.03082	0.01654	0.02631	0.02255	0.01503	0.02255	0.01278	0.01503	0.00902	0.00677	0.00677	0.00226	0.01052	0.00526	0.00301	0.01052
58	0.00854	0.00719	0.00741	0.00742	0.00971	0.00606	0.00554	0.01044	0.01644	0.01988	0.11693	0.08852	0.63576	0.01791	0.00844	0.00241	0.00361	0.01503	0.00670	0.00606
59	0.00967	0.00726	0.00895	0.00853	0.01039	0.00654	0.00640	0.01265	0.01919	0.02626	0.54660	0.05697	0.22360	0.01541	0.00840	0.00228	0.00342	0.01341	0.00754	0.00654
60	0.01008	0.00728	0.00952	0.00896	0.01064	0.00672	0.00672	0.01344	0.02016	0.02855	0.70158	0.05319	0.06719	0.01456	0.00840	0.00224	0.00336	0.01288	0.00784	0.00672
61	0.76237	0.01369	0.01076	0.00953	0.01399	0.01570	0.00785	0.02161	0.01252	0.06522	0.01081	0.01219	0.00820	0.00672	0.00454	0.00220	0.00554	0.00402	0.00462	0.00793
62	0.01771	0.01530	0.01610	0.01449	0.01852	0.01771	0.01127	0.03784	0.69247	0.02979	0.02898	0.02657	0.02174	0.00966	0.00725	0.00242	0.00564	0.00805	0.00725	0.01127
63	0.01477	0.01266	0.01477	0.01055	0.01687	0.00949	0.00844	0.01793	0.01477	0.02320	0.01266	0.01477	0.01055	0.00527	0.00527	0.00105	0.00527	0.00422	0.00422	0.79328
64	0.80005	0.01377	0.01047	0.00936	0.01377	0.01597	0.00771	0.02093	0.01212	0.03195	0.00991	0.01157	0.00771	0.00661	0.00441	0.00220	0.00551	0.00386	0.00441	0.00771
65	0.01345	0.01266	0.02136	0.73264	0.04904	0.01582	0.01978	0.01819	0.01424	0.01819	0.01266	0.01898	0.00949	0.00712	0.00712	0.00237	0.00949	0.00633	0.00316	0.00791
66	0.00868	0.00620	0.00826	0.00991	0.01033	0.00578	0.00661	0.00991	0.01363	0.01818	0.03925	0.74510	0.04710	0.02231	0.00909	0.00289	0.00413	0.02024	0.00661	0.00578
67	0.01237	0.00618	0.00928	0.00928	0.00928	0.00618	0.00618	0.00928	0.00928	0.01237	0.01237	0.02165	0.01237	0.02474	0.02783	0.79283	0.00618	0.00618	0.00309	0.00309
68	0.01428	0.03683	0.71286	0.02030	0.03082	0.01654	0.02631	0.02255	0.01503	0.02255	0.01278	0.01503	0.00902	0.00677	0.00677	0.00226	0.01052	0.00526	0.00301	0.01052
69	0.00868	0.00620	0.00826	0.00991	0.01033	0.00578	0.00661	0.00991	0.01363	0.01818	0.03925	0.74510	0.04710	0.02231	0.00909	0.00289	0.00413	0.02024	0.00661	0.00578
