[name]
unknown

[dist]
# distance from previous block
# <min> <max>
0	11

[block]
# block no. 0 follows, 28 sequences, length 54
# corresponding to MSA columns:
# 11-64
name=unknown_A
#
# <colnr> <probs for GDERKNQSTAVLIFYWHMCP>
#	G	D	E	R	K	N	Q	S	T	A	V	L	I	F	Y	W	H	M	C	P
0	0.01307	0.03856	0.14206	0.01439	0.01800	0.01056	0.01412	0.01725	0.01665	0.04579	0.06455	0.08562	0.03535	0.01661	0.00909	0.00299	0.00723	0.43435	0.00604	0.00771
1	0.10385	0.63326	0.06851	0.01254	0.01879	0.02681	0.01266	0.02179	0.01454	0.01909	0.01025	0.01186	0.00916	0.00631	0.00476	0.00167	0.00769	0.00397	0.00326	0.00924
2	0.01794	0.01718	0.02763	0.08602	0.58351	0.03945	0.02116	0.03860	0.01701	0.02368	0.01488	0.02111	0.01286	0.00730	0.00732	0.00223	0.00874	0.03858	0.00383	0.01097
3	0.01567	0.19678	0.55721	0.01887	0.02860	0.01954	0.02363	0.02274	0.01522	0.02170	0.01239	0.01452	0.00924	0.00675	0.00640	0.00213	0.01008	0.00504	0.00308	0.01043
4	0.01835	0.01550	0.01672	0.03806	0.01982	0.01781	0.01175	0.09138	0.57298	0.03128	0.06297	0.02746	0.02337	0.00994	0.00744	0.00243	0.00595	0.00828	0.00728	0.01122
5	0.05353	0.09489	0.50738	0.02107	0.03057	0.01812	0.12960	0.02287	0.01545	0.02302	0.01292	0.01555	0.00945	0.00671	0.00687	0.00226	0.01048	0.00569	0.00324	0.01033
6	0.00875	0.00673	0.00802	0.00905	0.01026	0.00599	0.00627	0.01024	0.01495	0.01898	0.05312	0.47937	0.30007	0.02108	0.00901	0.00276	0.00401	0.01859	0.00675	0.00599
7	0.00884	0.00639	0.00837	0.00995	0.01050	0.00592	0.00667	0.01014	0.01409	0.01862	0.04220	0.69710	0.08939	0.02250	0.00923	0.00292	0.00418	0.02033	0.00675	0.00592
8	0.02428	0.01733	0.01857	0.01468	0.01953	0.01901	0.01196	0.52890	0.02992	0.04125	0.01964	0.05435	0.01519	0.00937	0.00699	0.00213	0.00702	0.00727	0.14153	0.01108
9	0.01481	0.01402	0.02375	0.55454	0.21417	0.01643	0.02072	0.01952	0.01504	0.01988	0.01311	0.01903	0.01015	0.00707	0.00725	0.00236	0.00942	0.00646	0.00332	0.00894
10	0.00934	0.00670	0.00887	0.00979	0.01065	0.00623	0.00678	0.01133	0.01616	0.02212	0.26044	0.50926	0.05497	0.02011	0.00904	0.00273	0.00395	0.01814	0.00717	0.00623
11	0.02767	0.01271	0.01616	0.01280	0.01782	0.01186	0.01043	0.09556	0.07509	0.48860	0.08287	0.02942	0.06498	0.01010	0.00749	0.00228	0.00595	0.00828	0.00848	0.01147
12	0.03010	0.01181	0.01606	0.01251	0.01769	0.01025	0.01025	0.03298	0.02078	0.62814	0.10382	0.02807	0.02370	0.00966	0.00745	0.00225	0.00587	0.00797	0.00888	0.01175
13	0.02715	0.03464	0.02060	0.01873	0.02247	0.71536	0.01404	0.02903	0.02060	0.01779	0.01124	0.01311	0.00936	0.00749	0.00655	0.00187	0.01311	0.00468	0.00375	0.00843
14	0.01590	0.01590	0.02226	0.01908	0.01908	0.02226	0.01590	0.01749	0.01113	0.01749	0.00954	0.01590	0.00954	0.01272	0.02385	0.00318	0.73123	0.00636	0.00318	0.00795
15	0.00886	0.00633	0.00843	0.01012	0.01054	0.00590	0.00675	0.01012	0.01392	0.01856	0.04006	0.73979	0.04808	0.02277	0.00928	0.00295	0.00422	0.02066	0.00675	0.00590
16	0.01350	0.01200	0.01555	0.05114	0.01574	0.03179	0.01085	0.01466	0.01134	0.01609	0.01597	0.03007	0.01715	0.32230	0.06918	0.00524	0.32910	0.00818	0.00375	0.00639
17	0.00886	0.00633	0.00843	0.01012	0.01054	0.00590	0.00675	0.01012	0.01392	0.01856	0.04006	0.73979	0.04808	0.02277	0.00928	0.00295	0.00422	0.02066	0.00675	0.00590
18	0.17004	0.01318	0.01591	0.01258	0.01791	0.01260	0.01034	0.05758	0.05983	0.51657	0.02493	0.02226	0.01619	0.00863	0.00680	0.00226	0.00613	0.00672	0.00802	0.01150
19	0.01716	0.01961	0.04289	0.03064	0.03799	0.01838	0.67279	0.02328	0.01716	0.02328	0.01471	0.01961	0.01103	0.00613	0.00858	0.00245	0.01225	0.00858	0.00368	0.00980
20	0.01047	0.00706	0.00790	0.00790	0.00802	0.00700	0.00446	0.01056	0.01087	0.01437	0.02544	0.04869	0.05989	0.70826	0.03558	0.00682	0.00688	0.01081	0.00452	0.00449
21	0.01458	0.03760	0.70688	0.02072	0.03146	0.01688	0.02686	0.02302	0.01535	0.02302	0.01304	0.01535	0.00921	0.00691	0.00691	0.00230	0.01074	0.00537	0.00307	0.01074
22	0.01677	0.01287	0.01525	0.01098	0.01735	0.00979	0.00881	0.01996	0.01563	0.08936	0.01444	0.01601	0.01146	0.00573	0.00557	0.00119	0.00546	0.00460	0.00476	0.71404
23	0.00952	0.00661	0.00824	0.00927	0.00953	0.00635	0.00584	0.01030	0.01262	0.01683	0.03342	0.47179	0.03969	0.30222	0.02001	0.00454	0.00531	0.01676	0.00584	0.00532
24	0.01430	0.01351	0.02284	0.63509	0.13755	0.01630	0.02047	0.01908	0.01481	0.01927	0.01302	0.01919	0.00994	0.00716	0.00726	0.00239	0.00955	0.00646	0.00328	0.00854
25	0.11583	0.01255	0.01619	0.01257	0.01807	0.01130	0.01038	0.03389	0.01989	0.63100	0.02665	0.02333	0.01689	0.00875	0.00700	0.00225	0.00612	0.00694	0.00851	0.01188
26	0.01596	0.01263	0.01381	0.01261	0.01610	0.01368	0.00987	0.04579	0.39065	0.06152	0.11091	0.04150	0.15863	0.01264	0.00792	0.00248	0.00524	0.05097	0.00737	0.00972
27	0.00883	0.00666	0.00817	0.00930	0.01035	0.00600	0.00640	0.01033	0.01489	0.01921	0.07090	0.52532	0.23482	0.02126	0.00906	0.00279	0.00404	0.01889	0.00679	0.00600
28	0.00987	0.00770	0.01105	0.14806	0.01815	0.00794	0.00930	0.01197	0.01452	0.01922	0.07487	0.53819	0.06331	0.01917	0.00883	0.00279	0.00521	0.01731	0.00614	0.00639
29	0.02861	0.01530	0.01786	0.01422	0.01952	0.03869	0.01156	0.15792	0.15436	0.42218	0.02611	0.02342	0.01745	0.00906	0.00729	0.00227	0.00668	0.00725	0.00817	0.01206
30	0.00886	0.00633	0.00843	0.01012	0.01054	0.00590	0.00675	0.01012	0.01392	0.01856	0.04006	0.73979	0.04808	0.02277	0.00928	0.00295	0.00422	0.02066	0.00675	0.00590
31	0.01390	0.01325	0.02285	0.69246	0.04946	0.01626	0.05261	0.01881	0.01467	0.01881	0.01301	0.01939	0.00976	0.00721	0.00733	0.00242	0.00982	0.00657	0.00325	0.00816
32	0.02180	0.01384	0.01635	0.01347	0.01753	0.01458	0.01084	0.19881	0.12599	0.19728	0.17768	0.03157	0.06177	0.01108	0.00866	0.00234	0.04950	0.00891	0.00760	0.01041
33	0.01503	0.01403	0.02333	0.56842	0.17786	0.01658	0.02040	0.04088	0.01558	0.02049	0.01322	0.01904	0.01014	0.00716	0.00725	0.00236	0.00943	0.00647	0.00344	0.00890
34	0.02681	0.06857	0.02153	0.01829	0.02229	0.63771	0.01395	0.06984	0.02118	0.01954	0.01158	0.01331	0.00955	0.00751	0.00651	0.00188	0.01252	0.00476	0.00394	0.00872
35	0.01620	0.01364	0.01616	0.05806	0.01988	0.01135	0.00987	0.08159	0.01688	0.02548	0.01336	0.01558	0.01085	0.00583	0.00569	0.00127	0.00592	0.00466	0.00452	0.66322
36	0.01979	0.46957	0.17773	0.01522	0.02207	0.11377	0.01579	0.05542	0.01660	0.01988	0.01124	0.01292	0.00946	0.00665	0.00551	0.00179	0.00910	0.00444	0.00339	0.00967
37	0.00893	0.00638	0.00850	0.01007	0.01056	0.00595	0.00675	0.01031	0.01427	0.01911	0.07449	0.70378	0.04915	0.02236	0.00924	0.00292	0.00418	0.02027	0.00681	0.00595
38	0.05165	0.01344	0.01735	0.01333	0.01895	0.01236	0.01101	0.11748	0.02231	0.60206	0.02675	0.02347	0.01701	0.00890	0.00723	0.00224	0.00640	0.00712	0.00866	0.01225
39	0.01128	0.00957	0.01478	0.32296	0.02807	0.01095	0.01291	0.01423	0.01445	0.01909	0.06167	0.36627	0.03117	0.01527	0.00884	0.00269	0.03006	0.01361	0.00516	0.00697
40	0.02517	0.09824	0.01986	0.01395	0.01888	0.01659	0.01159	0.14666	0.15413	0.30092	0.06677	0.02393	0.01972	0.00934	0.00782	0.00224	0.03820	0.00730	0.00738	0.01130
41	0.00881	0.00729	0.00761	0.00767	0.00984	0.00621	0.00563	0.01063	0.01638	0.01992	0.10979	0.10816	0.58352	0.05386	0.01002	0.00270	0.00386	0.01529	0.00672	0.00609
42	0.00886	0.00633	0.00843	0.01012	0.01054	0.00590	0.00675	0.01012	0.01392	0.01856	0.04006	0.73979	0.04808	0.02277	0.00928	0.00295	0.00422	0.02066	0.00675	0.00590
43	0.01716	0.01961	0.04289	0.03064	0.03799	0.01838	0.67279	0.02328	0.01716	0.02328	0.01471	0.01961	0.01103	0.00613	0.00858	0.00245	0.01225	0.00858	0.00368	0.00980
44	0.01850	0.01582	0.01667	0.01488	0.01906	0.01828	0.01161	0.06651	0.65750	0.03108	0.02905	0.02670	0.02176	0.00981	0.00739	0.00245	0.00585	0.00814	0.00739	0.01154
45	0.00866	0.00737	0.00745	0.00743	0.00986	0.00616	0.00557	0.01056	0.01672	0.02000	0.09747	0.06936	0.67219	0.01827	0.00859	0.00245	0.00367	0.01526	0.00680	0.00616
46	0.01018	0.00743	0.00957	0.00903	0.01079	0.00681	0.00677	0.01351	0.02032	0.02854	0.65573	0.05530	0.10859	0.01509	0.00857	0.00230	0.00345	0.01329	0.00792	0.00681
47	0.02917	0.01467	0.01795	0.01395	0.01934	0.01440	0.01145	0.23190	0.05042	0.43427	0.06537	0.02436	0.01946	0.00930	0.00738	0.00224	0.00656	0.00746	0.00834	0.01200
48	0.02086	0.02345	0.02345	0.13235	0.05081	0.29512	0.07546	0.05645	0.03912	0.02036	0.01240	0.01619	0.01025	0.00868	0.01106	0.00237	0.18303	0.00599	0.00381	0.00879
49	0.29962	0.01618	0.01668	0.01327	0.01858	0.01744	0.01095	0.28792	0.02322	0.20247	0.01762	0.01725	0.01216	0.00810	0.00630	0.00222	0.00672	0.00581	0.00672	0.01078
50	0.69917	0.05254	0.01258	0.00996	0.01463	0.01655	0.00832	0.02242	0.01311	0.08100	0.01148	0.01275	0.00869	0.00688	0.00471	0.00221	0.00578	0.00418	0.00476	0.00828
51	0.01454	0.01423	0.02173	0.68443	0.04840	0.05824	0.01982	0.01920	0.01490	0.01853	0.01282	0.01900	0.00967	0.00728	0.00722	0.00239	0.00990	0.00635	0.00326	0.00810
52	0.01041	0.00717	0.00858	0.00873	0.00922	0.00710	0.00559	0.01130	0.01261	0.01695	0.10341	0.09829	0.05762	0.50441	0.06300	0.00605	0.00691	0.05237	0.00518	0.00510
53	0.06712	0.31313	0.25664	0.01517	0.02269	0.06253	0.01653	0.02210	0.01521	0.02108	0.01157	0.01349	0.00941	0.00644	0.00563	0.00180	0.00861	0.00450	0.00340	0.12297

[dist]
# distance from previous block
# <min> <max>
5	9

[block]
# block no. 1 follows, 28 sequences, length 21
# corresponding to MSA columns:
# 74-94
name=unknown_B
#
# <colnr> <probs for GDERKNQSTAVLIFYWHMCP>
#	G	D	E	R	K	N	Q	S	T	A	V	L	I	F	Y	W	H	M	C	P
0	0.02759	0.02153	0.02172	0.01689	0.02254	0.07928	0.01383	0.62206	0.03306	0.04352	0.01694	0.01710	0.01212	0.00862	0.00721	0.00216	0.00842	0.00639	0.00698	0.01204
1	0.01420	0.00811	0.00744	0.00735	0.00914	0.04069	0.00551	0.01752	0.01550	0.02665	0.02312	0.02643	0.01819	0.00842	0.00515	0.00170	0.00385	0.00667	0.74750	0.00685
2	0.01883	0.01515	0.01709	0.01255	0.01882	0.01353	0.01017	0.21473	0.02079	0.03030	0.01428	0.01578	0.01124	0.00638	0.00595	0.00141	0.00617	0.00498	0.00519	0.55666
3	0.02760	0.02143	0.02172	0.01687	0.02254	0.07428	0.01383	0.62672	0.03316	0.04372	0.01699	0.01713	0.01214	0.00863	0.00722	0.00216	0.00838	0.00641	0.00701	0.01207
4	0.01507	0.01292	0.01507	0.01077	0.01723	0.00969	0.00861	0.01830	0.01507	0.02369	0.01292	0.01507	0.01077	0.00538	0.00538	0.00108	0.00538	0.00431	0.00431	0.78898
5	0.02906	0.01697	0.04486	0.01488	0.02081	0.01628	0.01264	0.32566	0.02649	0.35537	0.02244	0.02074	0.01485	0.00867	0.00721	0.00218	0.00715	0.00679	0.00783	0.03912
6	0.00918	0.00688	0.00901	0.01032	0.01090	0.00672	0.00709	0.01051	0.01401	0.01860	0.04152	0.64575	0.10307	0.02190	0.00993	0.00292	0.03960	0.01950	0.00657	0.00602
7	0.00886	0.00633	0.00843	0.01012	0.01054	0.00590	0.00675	0.01012	0.01392	0.01856	0.04006	0.73979	0.04808	0.02277	0.00928	0.00295	0.00422	0.02066	0.00675	0.00590
8	0.02158	0.01541	0.01696	0.01461	0.01914	0.01708	0.01154	0.09094	0.50815	0.15700	0.02841	0.02587	0.02059	0.00961	0.00737	0.00240	0.00602	0.00791	0.00768	0.01174
9	0.01098	0.00771	0.01041	0.01025	0.01081	0.00858	0.00718	0.01181	0.01095	0.01528	0.01963	0.03503	0.02052	0.33286	0.32565	0.09677	0.04757	0.00870	0.00399	0.00533
10	0.00886	0.00633	0.00843	0.01012	0.01054	0.00590	0.00675	0.01012	0.01392	0.01856	0.04006	0.73979	0.04808	0.02277	0.00928	0.00295	0.00422	0.02066	0.00675	0.00590
11	0.02273	0.01530	0.01638	0.01319	0.01755	0.01661	0.01069	0.39874	0.05991	0.06747	0.02061	0.02143	0.01516	0.00871	0.00656	0.00204	0.00629	0.00674	0.26341	0.01048
12	0.01995	0.01576	0.01691	0.01481	0.01917	0.01789	0.01163	0.09050	0.58300	0.08199	0.02852	0.02615	0.02107	0.00970	0.00738	0.00243	0.00597	0.00801	0.00751	0.01164
13	0.00916	0.00712	0.00953	0.01019	0.01142	0.00647	0.03156	0.01083	0.01494	0.01941	0.07317	0.52488	0.20286	0.02079	0.00906	0.00279	0.00436	0.01863	0.00668	0.00614
14	0.01458	0.03760	0.70688	0.02072	0.03146	0.01688	0.02686	0.02302	0.01535	0.02302	0.01304	0.01535	0.00921	0.00691	0.00691	0.00230	0.01074	0.00537	0.00307	0.01074
15	0.00886	0.00633	0.00843	0.01012	0.01054	0.00590	0.00675	0.01012	0.01392	0.01856	0.04006	0.73979	0.04808	0.02277	0.00928	0.00295	0.00422	0.02066	0.00675	0.00590
16	0.00898	0.00644	0.00834	0.00980	0.01029	0.00601	0.00649	0.01017	0.01378	0.01824	0.04034	0.64966	0.07867	0.08166	0.01151	0.00326	0.00442	0.01957	0.00656	0.00579
17	0.01617	0.01865	0.06807	0.17603	0.03815	0.01826	0.43174	0.02164	0.01585	0.02164	0.01368	0.01895	0.01050	0.00713	0.00990	0.00252	0.09060	0.00773	0.00350	0.00928
18	0.01027	0.00699	0.00835	0.00863	0.00881	0.00704	0.00521	0.01071	0.01123	0.01508	0.02545	0.16096	0.02929	0.56282	0.09310	0.00678	0.00769	0.01200	0.00475	0.00484
19	0.02050	0.21839	0.22598	0.01696	0.02370	0.21464	0.01699	0.07313	0.04891	0.02208	0.01286	0.01445	0.01019	0.00709	0.00620	0.00193	0.00994	0.00496	0.00384	0.04727
20	0.02302	0.19221	0.10019	0.07091	0.04414	0.37943	0.01564	0.02605	0.01815	0.05004	0.01218	0.01418	0.00982	0.00716	0.00628	0.00192	0.01095	0.00488	0.00373	0.00913

[dist]
# distance from previous block
# <min> <max>
5	7

[block]
# block no. 2 follows, 28 sequences, length 24
# corresponding to MSA columns:
# 104-127
name=unknown_C
#
# <colnr> <probs for GDERKNQSTAVLIFYWHMCP>
#	G	D	E	R	K	N	Q	S	T	A	V	L	I	F	Y	W	H	M	C	P
0	0.18510	0.02023	0.01913	0.01535	0.02061	0.08907	0.01250	0.44493	0.06132	0.03957	0.01595	0.01635	0.01164	0.00826	0.00664	0.00218	0.00790	0.00591	0.00636	0.01101
1	0.01065	0.00714	0.00821	0.00833	0.00845	0.00714	0.00494	0.01090	0.01102	0.01466	0.02405	0.05010	0.02756	0.69122	0.03501	0.00677	0.00702	0.05765	0.00457	0.00457
2	0.06418	0.65351	0.03533	0.01259	0.01868	0.02760	0.01228	0.06982	0.01606	0.02010	0.01065	0.01210	0.00947	0.00643	0.00485	0.00164	0.00767	0.00409	0.00349	0.00947
3	0.02183	0.01497	0.01724	0.01327	0.01857	0.01463	0.01080	0.26306	0.02335	0.14143	0.06028	0.02381	0.06622	0.00896	0.00746	0.00192	0.03192	0.00701	0.00651	0.24678
4	0.11836	0.25330	0.32921	0.01580	0.02374	0.01979	0.01805	0.02386	0.01542	0.10140	0.01357	0.01483	0.01009	0.00691	0.00595	0.00206	0.00863	0.00495	0.00395	0.01012
5	0.02143	0.01546	0.01691	0.01442	0.01897	0.01703	0.01144	0.14322	0.43700	0.13732	0.02980	0.02745	0.05639	0.01000	0.00743	0.00238	0.00608	0.00818	0.00759	0.01149
6	0.00886	0.00633	0.00843	0.01012	0.01054	0.00590	0.00675	0.01012	0.01392	0.01856	0.04006	0.73979	0.04808	0.02277	0.00928	0.00295	0.00422	0.02066	0.00675	0.00590
7	0.05091	0.01487	0.02330	0.44523	0.21356	0.01711	0.01953	0.08758	0.01699	0.02335	0.01346	0.01849	0.01036	0.00719	0.00713	0.00232	0.00906	0.00636	0.00380	0.00940
8	0.00886	0.00633	0.00843	0.01012	0.01054	0.00590	0.00675	0.01012	0.01392	0.01856	0.04006	0.73979	0.04808	0.02277	0.00928	0.00295	0.00422	0.02066	0.00675	0.00590
9	0.01373	0.01292	0.02180	0.72707	0.05006	0.01615	0.02019	0.01857	0.01453	0.01857	0.01292	0.01938	0.00969	0.00727	0.00727	0.00242	0.00969	0.00646	0.00323	0.00807
10	0.02877	0.01216	0.01610	0.01261	0.01763	0.01092	0.01031	0.07687	0.02171	0.55253	0.13211	0.02885	0.02551	0.00989	0.00750	0.00225	0.00588	0.00817	0.00872	0.01151
11	0.01570	0.20136	0.55291	0.01881	0.02851	0.01962	0.02354	0.02273	0.01521	0.02166	0.01237	0.01450	0.00924	0.00675	0.00639	0.00213	0.01006	0.00503	0.00308	0.01042
12	0.01057	0.00705	0.00793	0.00793	0.00793	0.00705	0.00440	0.01057	0.01057	0.01409	0.02290	0.04757	0.02643	0.74454	0.03700	0.00705	0.00705	0.01057	0.00440	0.00440
13	0.00961	0.00640	0.00817	0.00958	0.01021	0.00604	0.00648	0.01122	0.01413	0.01993	0.03743	0.62484	0.04333	0.02047	0.00860	0.00275	0.00408	0.01842	0.13226	0.00604
14	0.00886	0.00633	0.00843	0.01012	0.01054	0.00590	0.00675	0.01012	0.01392	0.01856	0.04006	0.73979	0.04808	0.02277	0.00928	0.00295	0.00422	0.02066	0.00675	0.00590
15	0.00992	0.00712	0.00959	0.01059	0.01167	0.00717	0.00790	0.01202	0.01404	0.01916	0.03631	0.35909	0.09207	0.02953	0.19457	0.00519	0.00850	0.10908	0.05022	0.00624
16	0.00995	0.00729	0.00934	0.00910	0.01072	0.00667	0.00672	0.01297	0.01939	0.02697	0.55732	0.13922	0.12491	0.01616	0.00866	0.00238	0.00355	0.01427	0.00773	0.00667
17	0.01706	0.01931	0.04123	0.02971	0.03647	0.01869	0.62000	0.02282	0.01667	0.02282	0.01429	0.01931	0.01091	0.00666	0.00981	0.00251	0.07004	0.00840	0.00364	0.00966
18	0.01614	0.06054	0.01620	0.01363	0.01664	0.13832	0.02651	0.05612	0.09317	0.02415	0.16598	0.04465	0.11517	0.01334	0.00863	0.00246	0.03334	0.14078	0.00613	0.00810
19	0.00915	0.00680	0.00853	0.00934	0.01048	0.00618	0.00653	0.01105	0.01605	0.02133	0.20510	0.44102	0.18184	0.01999	0.00897	0.00269	0.00392	0.01779	0.00705	0.00618
20	0.01538	0.01258	0.01230	0.01075	0.01421	0.04698	0.00843	0.19551	0.04579	0.02754	0.05073	0.04877	0.41231	0.01435	0.00789	0.00231	0.00540	0.01166	0.04891	0.00819
21	0.02278	0.45142	0.03144	0.01419	0.02024	0.02622	0.01300	0.28848	0.02269	0.02882	0.01311	0.01403	0.01057	0.00724	0.00573	0.00181	0.00787	0.00497	0.00481	0.01057
22	0.07370	0.01250	0.01903	0.47152	0.06980	0.01478	0.01671	0.05095	0.01580	0.02194	0.05342	0.09329	0.01776	0.00961	0.00741	0.00246	0.00827	0.02867	0.00426	0.00812
23	0.01136	0.04038	0.01107	0.00943	0.01143	0.00788	0.00719	0.01453	0.01977	0.05219	0.57825	0.09426	0.08505	0.01488	0.00840	0.00230	0.00378	0.01307	0.00770	0.00708

[dist]
# distance from previous block
# <min> <max>
0	88

[block]
# block no. 3 follows, 28 sequences, length 26
# corresponding to MSA columns:
# 216-241
name=unknown_D
#
# <colnr> <probs for GDERKNQSTAVLIFYWHMCP>
#	G	D	E	R	K	N	Q	S	T	A	V	L	I	F	Y	W	H	M	C	P
0	0.25544	0.09807	0.32598	0.05637	0.04802	0.01733	0.01796	0.02161	0.01465	0.02548	0.04837	0.01629	0.01209	0.00722	0.00606	0.00221	0.00834	0.00530	0.00380	0.00939
1	0.01050	0.00942	0.03416	0.04915	0.01396	0.04392	0.00852	0.01225	0.01430	0.01850	0.03607	0.53454	0.06517	0.07510	0.01105	0.00315	0.00549	0.04238	0.00610	0.00625
2	0.31815	0.06241	0.08206	0.04053	0.09096	0.09379	0.03803	0.08607	0.01703	0.02809	0.04271	0.01806	0.03888	0.00777	0.00609	0.00218	0.00781	0.00576	0.00454	0.00907
3	0.08710	0.22067	0.22299	0.04486	0.02390	0.18576	0.01670	0.04486	0.01671	0.02141	0.01296	0.04709	0.01107	0.00765	0.00615	0.00203	0.00964	0.00547	0.00368	0.00929
4	0.04711	0.01122	0.04752	0.00989	0.01285	0.01060	0.00826	0.13526	0.01862	0.02980	0.05690	0.05507	0.02036	0.01118	0.03508	0.00233	0.00540	0.00749	0.46707	0.00799
5	0.05529	0.00873	0.01107	0.06856	0.01496	0.00896	0.00855	0.03519	0.04789	0.02461	0.27590	0.25746	0.04647	0.05403	0.00992	0.00281	0.00493	0.05097	0.00672	0.00697
6	0.07829	0.01380	0.02202	0.56006	0.04371	0.01634	0.06182	0.04930	0.01546	0.02149	0.01302	0.01851	0.00980	0.00714	0.00705	0.00234	0.00927	0.00631	0.00359	0.04067
7	0.01003	0.00736	0.00940	0.00902	0.01074	0.00673	0.00672	0.01317	0.01978	0.02756	0.59395	0.09587	0.13119	0.01568	0.00862	0.00234	0.00350	0.01381	0.00780	0.00673
8	0.00886	0.00633	0.00843	0.01012	0.01054	0.00590	0.00675	0.01012	0.01392	0.01856	0.04006	0.73979	0.04808	0.02277	0.00928	0.00295	0.00422	0.02066	0.00675	0.00590
9	0.06134	0.39436	0.13030	0.01586	0.02219	0.04839	0.10476	0.02151	0.01591	0.02105	0.08759	0.01811	0.01607	0.00735	0.00603	0.00192	0.00842	0.00581	0.00383	0.00921
10	0.16841	0.01428	0.02150	0.31905	0.25660	0.01603	0.01773	0.02009	0.01512	0.02364	0.05099	0.01940	0.01325	0.00733	0.00677	0.00229	0.00819	0.00635	0.00387	0.00911
11	0.00982	0.00723	0.00876	0.00890	0.01027	0.00667	0.00636	0.01191	0.01655	0.02211	0.28903	0.16112	0.20145	0.15357	0.01408	0.00338	0.00447	0.05146	0.00677	0.00608
12	0.01407	0.00939	0.01167	0.01178	0.01363	0.00937	0.00873	0.12784	0.01819	0.07187	0.03518	0.50055	0.03915	0.01910	0.00886	0.00281	0.00525	0.07801	0.00699	0.00756
13	0.01598	0.24314	0.51363	0.01833	0.02776	0.02031	0.02269	0.02266	0.01518	0.02131	0.01220	0.01428	0.00924	0.00671	0.00626	0.00209	0.00988	0.00494	0.00308	0.01033
14	0.00933	0.00673	0.00888	0.01011	0.01094	0.00628	0.00713	0.01116	0.01540	0.02069	0.15416	0.54108	0.07664	0.02102	0.00919	0.00285	0.00426	0.07105	0.00696	0.00614
15	0.79588	0.01406	0.01068	0.00956	0.01406	0.01631	0.00787	0.02137	0.01237	0.03261	0.01012	0.01181	0.00787	0.00675	0.00450	0.00225	0.00562	0.00394	0.00450	0.00787
16	0.01191	0.00797	0.01014	0.00993	0.01164	0.00757	0.00730	0.01541	0.05363	0.06964	0.36912	0.19688	0.07589	0.07736	0.01102	0.00289	0.00436	0.04295	0.00737	0.00703
17	0.05853	0.02013	0.13521	0.30729	0.20986	0.06825	0.02039	0.05532	0.01654	0.02275	0.01310	0.01739	0.01010	0.00707	0.00699	0.00227	0.00953	0.00602	0.00362	0.00964
18	0.01364	0.01238	0.02080	0.66868	0.04676	0.01535	0.01906	0.01783	0.01412	0.01809	0.01290	0.01960	0.00993	0.00873	0.00899	0.06638	0.00942	0.00645	0.00322	0.00767
19	0.00886	0.00633	0.00843	0.01012	0.01054	0.00590	0.00675	0.01012	0.01392	0.01856	0.04006	0.73979	0.04808	0.02277	0.00928	0.00295	0.00422	0.02066	0.00675	0.00590
20	0.01638	0.01563	0.02660	0.30236	0.45403	0.01685	0.02151	0.02090	0.01579	0.02179	0.01339	0.01852	0.01083	0.00678	0.00722	0.00226	0.00903	0.00647	0.00346	0.01022
21	0.01462	0.01261	0.05365	0.01081	0.01580	0.00933	0.00892	0.01772	0.01570	0.06149	0.12781	0.02659	0.02278	0.10915	0.01047	0.00224	0.00565	0.00686	0.00512	0.46268
22	0.01952	0.60743	0.08785	0.01345	0.01978	0.05308	0.01354	0.05588	0.01621	0.01942	0.03013	0.01351	0.01115	0.00670	0.00516	0.00168	0.00810	0.00443	0.00349	0.00949
23	0.10527	0.04320	0.01183	0.01043	0.01263	0.01022	0.00787	0.06322	0.04162	0.02669	0.28707	0.27571	0.04592	0.01555	0.00801	0.00247	0.00457	0.01351	0.00686	0.00734
24	0.06893	0.20652	0.03525	0.01063	0.01431	0.04056	0.00921	0.01685	0.01641	0.04695	0.12347	0.09440	0.22843	0.01325	0.00722	0.00223	0.00572	0.04635	0.00566	0.00765
25	0.09942	0.12933	0.18653	0.01448	0.04161	0.01516	0.01400	0.02163	0.06337	0.07555	0.13521	0.02975	0.07433	0.00990	0.00689	0.00221	0.00688	0.03677	0.00530	0.03169

[dist]
# distance from previous block
# <min> <max>
4	18

[block]
# block no. 4 follows, 28 sequences, length 36
# corresponding to MSA columns:
# 260-295
name=unknown_E
#
# <colnr> <probs for GDERKNQSTAVLIFYWHMCP>
#	G	D	E	R	K	N	Q	S	T	A	V	L	I	F	Y	W	H	M	C	P
0	0.32655	0.05402	0.03804	0.05432	0.01914	0.01671	0.01104	0.14533	0.06169	0.11598	0.07615	0.01977	0.01650	0.00832	0.00616	0.00223	0.00646	0.00612	0.00588	0.00959
1	0.05870	0.13952	0.05938	0.01447	0.03967	0.01767	0.01214	0.16575	0.11470	0.05375	0.19266	0.02717	0.02743	0.00993	0.00764	0.00219	0.03341	0.00785	0.00618	0.00979
2	0.04505	0.05789	0.05402	0.05007	0.01754	0.08981	0.01083	0.04799	0.10572	0.02453	0.15770	0.06411	0.10891	0.01471	0.05480	0.00291	0.00733	0.03173	0.04616	0.00819
3	0.05705	0.01466	0.09588	0.01498	0.06731	0.01222	0.01208	0.12846	0.01999	0.06804	0.18008	0.11866	0.08588	0.01272	0.00784	0.00238	0.00613	0.05316	0.00638	0.03611
4	0.00949	0.00734	0.00844	0.00840	0.01022	0.00655	0.00617	0.01171	0.01717	0.02229	0.27339	0.09832	0.35901	0.09038	0.01153	0.00292	0.00408	0.03944	0.00693	0.00621
5	0.01549	0.11744	0.55338	0.01879	0.02827	0.01795	0.02328	0.05659	0.01634	0.02335	0.01638	0.01814	0.04846	0.00758	0.00676	0.00222	0.00985	0.00583	0.00351	0.01040
6	0.01564	0.03612	0.66630	0.02026	0.03070	0.01652	0.02591	0.02375	0.01567	0.06308	0.01396	0.01590	0.00972	0.00703	0.00693	0.00230	0.01047	0.00549	0.00342	0.01084
7	0.31806	0.07735	0.28472	0.04109	0.02251	0.01691	0.01611	0.02211	0.04692	0.02629	0.01621	0.01778	0.05153	0.00766	0.00595	0.00225	0.00782	0.00550	0.00407	0.00918
8	0.04342	0.06497	0.60312	0.01940	0.02935	0.01690	0.02439	0.02383	0.01562	0.07362	0.01398	0.01576	0.00982	0.00703	0.00676	0.00226	0.01010	0.00540	0.00356	0.01070
9	0.00967	0.00698	0.00901	0.01011	0.01104	0.00658	0.00728	0.01148	0.01509	0.02000	0.11742	0.41468	0.10631	0.09341	0.01205	0.00331	0.00479	0.12815	0.00665	0.00602
10	0.09858	0.01165	0.05293	0.01247	0.01552	0.01071	0.01089	0.04649	0.06500	0.05765	0.21079	0.05374	0.03981	0.01474	0.00843	0.00272	0.00589	0.26727	0.00678	0.00794
11	0.05583	0.01079	0.01118	0.00976	0.01278	0.01143	0.00769	0.16226	0.05488	0.06024	0.02221	0.02416	0.01690	0.00854	0.00575	0.00189	0.00474	0.00669	0.50376	0.00853
12	0.00966	0.00693	0.00902	0.01034	0.01103	0.00660	0.00703	0.03650	0.01502	0.02011	0.06894	0.68017	0.04760	0.02186	0.00917	0.00289	0.00433	0.01977	0.00683	0.00620
13	0.04896	0.01430	0.02238	0.53295	0.13455	0.01694	0.01932	0.08416	0.01666	0.02257	0.01335	0.01868	0.01013	0.00728	0.00714	0.00236	0.00921	0.00636	0.00373	0.00896
14	0.13861	0.01800	0.02176	0.21520	0.20470	0.10310	0.01674	0.12122	0.01871	0.05525	0.01384	0.01703	0.01060	0.00730	0.00674	0.00222	0.00881	0.00591	0.00444	0.00981
15	0.01069	0.00741	0.00922	0.00914	0.01093	0.00666	0.00671	0.01320	0.01807	0.05917	0.35776	0.21613	0.21335	0.01726	0.00868	0.00248	0.00382	0.01513	0.00746	0.00675
16	0.00955	0.00733	0.00852	0.00832	0.01015	0.00654	0.00607	0.01194	0.01779	0.02346	0.35252	0.08193	0.32933	0.08124	0.01112	0.00280	0.00388	0.01408	0.00711	0.00631
17	0.03992	0.00712	0.00907	0.01008	0.01101	0.00674	0.00698	0.01136	0.01400	0.01951	0.07250	0.52877	0.04265	0.06340	0.01156	0.04425	0.00468	0.05092	0.00630	0.03916
18	0.01700	0.39204	0.37362	0.01659	0.02508	0.02280	0.01967	0.02240	0.01506	0.02007	0.01158	0.01351	0.00927	0.00656	0.00579	0.00193	0.00926	0.00463	0.00309	0.01004
19	0.01799	0.01982	0.01818	0.04185	0.01960	0.27638	0.03710	0.02023	0.01518	0.01749	0.01445	0.02087	0.01323	0.05993	0.24702	0.00565	0.13727	0.00650	0.00371	0.00754
20	0.05577	0.01585	0.04927	0.03333	0.02080	0.01473	0.01232	0.19643	0.06234	0.38987	0.02330	0.02151	0.01546	0.00858	0.00709	0.00219	0.00686	0.00679	0.00765	0.04986
21	0.01745	0.49045	0.19283	0.07344	0.02395	0.02403	0.01624	0.02147	0.01512	0.01911	0.03899	0.01491	0.01175	0.00682	0.00557	0.00183	0.00845	0.00483	0.00331	0.00946
22	0.01066	0.00761	0.00934	0.00900	0.01104	0.00683	0.00685	0.01351	0.01895	0.05150	0.42537	0.08115	0.25608	0.01624	0.00863	0.00241	0.00381	0.04667	0.00755	0.00681
23	0.01047	0.00701	0.00796	0.00805	0.00808	0.00698	0.00454	0.01055	0.01076	0.01435	0.02388	0.08694	0.02766	0.70349	0.03542	0.00681	0.00689	0.01114	0.00454	0.00449
24	0.01770	0.53499	0.14407	0.01422	0.02080	0.02438	0.04120	0.02128	0.01550	0.01943	0.07440	0.01654	0.01488	0.00713	0.00555	0.00178	0.00803	0.00518	0.00358	0.00935
25	0.02806	0.01263	0.01632	0.01281	0.01778	0.01168	0.01046	0.12102	0.02263	0.49551	0.14239	0.02883	0.02596	0.00997	0.00752	0.00225	0.00596	0.00821	0.00858	0.01142
26	0.00886	0.00633	0.00843	0.01012	0.01054	0.00590	0.00675	0.01012	0.01392	0.01856	0.04006	0.73979	0.04808	0.02277	0.00928	0.00295	0.00422	0.02066	0.00675	0.00590
27	0.01564	0.00891	0.00917	0.00837	0.01065	0.00925	0.00642	0.11941	0.01802	0.02954	0.02271	0.02636	0.01794	0.03594	0.00661	0.00197	0.00424	0.00688	0.63443	0.00756
28	0.09595	0.05150	0.12677	0.01168	0.01508	0.01111	0.01061	0.04171	0.01410	0.05746	0.01936	0.13677	0.01828	0.01505	0.01281	0.22555	0.00635	0.00825	0.11459	0.00702
29	0.02715	0.03464	0.02060	0.01873	0.02247	0.71536	0.01404	0.02903	0.02060	0.01779	0.01124	0.01311	0.00936	0.00749	0.00655	0.00187	0.01311	0.00468	0.00375	0.00843
30	0.00879	0.00737	0.00764	0.00758	0.00994	0.00622	0.00568	0.01082	0.01705	0.02077	0.14785	0.06809	0.62133	0.01799	0.00859	0.00243	0.00365	0.01508	0.00690	0.00622
31	0.01682	0.05193	0.24483	0.02630	0.07728	0.01872	0.32337	0.04919	0.01666	0.02344	0.01364	0.01749	0.01037	0.00705	0.00903	0.00240	0.07076	0.00700	0.00357	0.01014
32	0.05987	0.01592	0.06036	0.42340	0.20777	0.01676	0.05398	0.03778	0.01562	0.02187	0.01317	0.01835	0.01016	0.00700	0.00714	0.00234	0.00934	0.00638	0.00352	0.00927
33	0.01716	0.01961	0.04289	0.03064	0.03799	0.01838	0.67279	0.02328	0.01716	0.02328	0.01471	0.01961	0.01103	0.00613	0.00858	0.00245	0.01225	0.00858	0.00368	0.00980
34	0.01092	0.00732	0.00933	0.00943	0.01094	0.00668	0.00677	0.01322	0.01735	0.06337	0.32591	0.28796	0.13113	0.05324	0.01013	0.00276	0.00407	0.01550	0.00731	0.00665
35	0.26635	0.01537	0.02064	0.14258	0.18741	0.04516	0.07455	0.02154	0.01541	0.05828	0.03352	0.02097	0.03795	0.00783	0.00661	0.00230	0.00789	0.02218	0.00441	0.00908

[dist]
# distance from previous block
# <min> <max>
4	10

[block]
# block no. 5 follows, 28 sequences, length 7
# corresponding to MSA columns:
# 306-312
name=unknown_F
#
# <colnr> <probs for GDERKNQSTAVLIFYWHMCP>
#	G	D	E	R	K	N	Q	S	T	A	V	L	I	F	Y	W	H	M	C	P
0	0.04493	0.01774	0.01860	0.04945	0.02138	0.05279	0.01250	0.35319	0.17436	0.03556	0.02134	0.08808	0.01747	0.00996	0.00728	0.00226	0.00726	0.00798	0.00665	0.05123
1	0.41552	0.06660	0.09611	0.08658	0.01986	0.01617	0.01164	0.05450	0.01466	0.02882	0.01309	0.01550	0.01010	0.00713	0.00531	0.00214	0.00661	0.00491	0.11633	0.00841
2	0.01071	0.01184	0.11112	0.08249	0.01777	0.00894	0.01137	0.01350	0.01420	0.01915	0.03147	0.40628	0.03559	0.09459	0.01175	0.00329	0.00632	0.09725	0.00562	0.00676
3	0.18967	0.01150	0.01377	0.01127	0.01568	0.01093	0.00913	0.02703	0.01895	0.39312	0.19066	0.02934	0.02843	0.00998	0.00703	0.00226	0.00538	0.00804	0.00779	0.01004
4	0.01379	0.09200	0.11430	0.06061	0.01853	0.01315	0.01163	0.11023	0.01872	0.02400	0.07532	0.06696	0.32651	0.01329	0.00768	0.00230	0.00617	0.01090	0.00573	0.00819
5	0.12970	0.09496	0.11741	0.01629	0.06588	0.01737	0.01387	0.06793	0.22907	0.02795	0.06736	0.02706	0.02048	0.00955	0.00691	0.00234	0.00693	0.06339	0.00562	0.00995
6	0.06763	0.01060	0.06102	0.05976	0.01546	0.00891	0.00929	0.01504	0.01833	0.02683	0.44836	0.09219	0.08323	0.01354	0.00800	0.00230	0.00469	0.01175	0.00678	0.03629

[dist]
# distance from previous block
# <min> <max>
0	20

[block]
# block no. 6 follows, 28 sequences, length 27
# corresponding to MSA columns:
# 333-359
name=unknown_G
#
# <colnr> <probs for GDERKNQSTAVLIFYWHMCP>
#	G	D	E	R	K	N	Q	S	T	A	V	L	I	F	Y	W	H	M	C	P
0	0.01459	0.10092	0.51756	0.01959	0.04454	0.01681	0.04735	0.02147	0.01544	0.02230	0.03774	0.07903	0.01466	0.00843	0.00702	0.00229	0.00966	0.00695	0.00359	0.01004
1	0.08428	0.14980	0.36028	0.01804	0.07280	0.01713	0.01890	0.02099	0.01598	0.02399	0.13135	0.02139	0.01964	0.00813	0.00662	0.00216	0.00835	0.00643	0.00410	0.00963
2	0.01845	0.40661	0.15018	0.01474	0.02070	0.08313	0.01487	0.05152	0.01632	0.02017	0.04177	0.01767	0.04646	0.00801	0.00712	0.00194	0.06185	0.00547	0.00373	0.00928
3	0.01543	0.10545	0.07276	0.01519	0.08857	0.07109	0.01141	0.01854	0.01757	0.07230	0.23621	0.07660	0.09160	0.06468	0.00964	0.00254	0.00646	0.00995	0.00580	0.00822
4	0.05345	0.02045	0.05229	0.19644	0.35269	0.15854	0.01967	0.02278	0.01667	0.02170	0.01282	0.01694	0.01040	0.00690	0.00695	0.00217	0.00974	0.00595	0.00356	0.00989
5	0.03703	0.00831	0.01007	0.00931	0.01130	0.00801	0.00701	0.05051	0.02015	0.02899	0.54041	0.04973	0.08678	0.04565	0.00940	0.00246	0.00392	0.01210	0.05180	0.00705
6	0.00944	0.00661	0.00845	0.00968	0.01005	0.00632	0.00635	0.01046	0.01315	0.01751	0.03543	0.52633	0.04204	0.21467	0.01669	0.00406	0.00508	0.04603	0.00612	0.00554
7	0.20351	0.01607	0.05665	0.13974	0.13569	0.03824	0.01457	0.06621	0.01760	0.18087	0.05060	0.01980	0.01455	0.00787	0.00664	0.00225	0.00751	0.00629	0.00541	0.00994
8	0.09985	0.00987	0.01133	0.01148	0.01342	0.01024	0.00850	0.13198	0.01761	0.02527	0.03254	0.48253	0.03672	0.01827	0.00844	0.00276	0.00523	0.06005	0.00659	0.00735
9	0.00896	0.00730	0.00800	0.00845	0.01049	0.00633	0.00637	0.01087	0.01615	0.01968	0.06444	0.18124	0.52126	0.01930	0.00886	0.00263	0.00409	0.08270	0.00674	0.00616
10	0.01641	0.01842	0.03981	0.02880	0.03554	0.01727	0.61324	0.02211	0.01687	0.02286	0.01697	0.08400	0.01434	0.00762	0.00864	0.00250	0.01154	0.00966	0.00395	0.00946
11	0.01581	0.01456	0.02389	0.43125	0.26060	0.01653	0.02015	0.05602	0.01639	0.02193	0.01456	0.02161	0.01187	0.00766	0.00737	0.00236	0.00912	0.03522	0.00373	0.00938
12	0.01997	0.01709	0.01541	0.01350	0.01695	0.15367	0.01064	0.21334	0.06258	0.02954	0.05226	0.02702	0.04069	0.01406	0.07495	0.00301	0.00855	0.03947	0.17829	0.00899
13	0.01231	0.00794	0.01000	0.00919	0.01146	0.00712	0.00699	0.01535	0.01979	0.09865	0.49923	0.05433	0.19002	0.01496	0.00844	0.00232	0.00377	0.01297	0.00785	0.00730
14	0.01716	0.01961	0.04289	0.03064	0.03799	0.01838	0.67279	0.02328	0.01716	0.02328	0.01471	0.01961	0.01103	0.00613	0.00858	0.00245	0.01225	0.00858	0.00368	0.00980
15	0.01164	0.00861	0.01105	0.01236	0.05107	0.00833	0.00841	0.03596	0.06056	0.04350	0.12367	0.38834	0.13657	0.01835	0.00877	0.00270	0.00472	0.05135	0.00685	0.00720
16	0.02686	0.01200	0.01562	0.01256	0.01732	0.01109	0.01016	0.03226	0.11414	0.49728	0.13978	0.03000	0.02700	0.01009	0.00753	0.00229	0.00567	0.00841	0.00861	0.01133
17	0.01612	0.01653	0.02577	0.02105	0.02230	0.02160	0.12768	0.01848	0.01216	0.01848	0.01042	0.01653	0.00980	0.01160	0.02126	0.00306	0.60890	0.00674	0.00327	0.00827
18	0.00886	0.00633	0.00843	0.01012	0.01054	0.00590	0.00675	0.01012	0.01392	0.01856	0.04006	0.73979	0.04808	0.02277	0.00928	0.00295	0.00422	0.02066	0.00675	0.00590
19	0.02046	0.56467	0.05609	0.01368	0.01955	0.11934	0.01302	0.05871	0.01684	0.01938	0.03343	0.01371	0.01146	0.00684	0.00527	0.00168	0.00846	0.00450	0.00359	0.00934
20	0.03100	0.01381	0.04640	0.01426	0.02019	0.01137	0.04898	0.03423	0.02038	0.63782	0.02725	0.02407	0.01724	0.00875	0.00737	0.00226	0.00672	0.00730	0.00845	0.01216
21	0.01107	0.00810	0.01086	0.01228	0.01400	0.00789	0.01049	0.01407	0.01655	0.02125	0.04394	0.11755	0.14198	0.01998	0.00978	0.00319	0.00609	0.51766	0.00671	0.00656
22	0.04131	0.01704	0.04830	0.29281	0.38544	0.04857	0.02085	0.02123	0.01582	0.02183	0.01315	0.01800	0.01055	0.00684	0.00710	0.00225	0.00920	0.00627	0.00348	0.00997
23	0.01604	0.09384	0.44026	0.05396	0.05577	0.03859	0.09293	0.02423	0.07353	0.02284	0.01436	0.01672	0.01065	0.00703	0.00695	0.00225	0.01016	0.00590	0.00356	0.01042
24	0.01634	0.01070	0.01318	0.01497	0.12837	0.01110	0.00954	0.11924	0.01823	0.02896	0.02085	0.02413	0.01643	0.01023	0.03751	0.00229	0.00571	0.00673	0.49705	0.00843
25	0.00938	0.00679	0.00894	0.01020	0.01108	0.00635	0.00728	0.01123	0.01535	0.02048	0.13268	0.52244	0.09212	0.02107	0.00923	0.00288	0.00437	0.09508	0.00691	0.00615
26	0.01779	0.14611	0.17892	0.04917	0.23908	0.05020	0.01916	0.07727	0.01762	0.02364	0.01619	0.02404	0.01430	0.00848	0.00703	0.00223	0.00890	0.08557	0.00409	0.01019

[dist]
# distance from previous block
# <min> <max>
0	1

[block]
# block no. 7 follows, 28 sequences, length 21
# corresponding to MSA columns:
# 361-381
name=unknown_H
#
# <colnr> <probs for GDERKNQSTAVLIFYWHMCP>
#	G	D	E	R	K	N	Q	S	T	A	V	L	I	F	Y	W	H	M	C	P
0	0.03940	0.17179	0.28099	0.01844	0.05975	0.14923	0.01824	0.06171	0.01785	0.05807	0.04926	0.01692	0.01313	0.00749	0.00648	0.00205	0.00958	0.00555	0.00408	0.00997
1	0.62734	0.01880	0.07166	0.01173	0.01666	0.10873	0.01031	0.02252	0.01371	0.02983	0.01052	0.01228	0.00818	0.00686	0.00498	0.00220	0.00705	0.00416	0.00428	0.00819
2	0.01980	0.64695	0.05812	0.01379	0.02000	0.08107	0.03495	0.02242	0.01532	0.01755	0.01044	0.01215	0.00938	0.00634	0.00501	0.00163	0.00843	0.00415	0.00318	0.00932
3	0.01391	0.01834	0.22728	0.01333	0.01827	0.04041	0.01359	0.01869	0.01872	0.07692	0.36592	0.03917	0.08225	0.01185	0.00788	0.00228	0.00634	0.01006	0.00629	0.00850
4	0.01773	0.42004	0.18172	0.08283	0.02533	0.06003	0.05040	0.02177	0.01528	0.01895	0.01242	0.04066	0.01086	0.00714	0.00588	0.00192	0.00899	0.00536	0.00331	0.00937
5	0.70502	0.01358	0.01121	0.04737	0.01575	0.01570	0.00846	0.02074	0.01300	0.03165	0.05355	0.01489	0.01180	0.00729	0.00490	0.00226	0.00570	0.00465	0.00465	0.00782
6	0.05680	0.01219	0.01598	0.01268	0.01771	0.01103	0.01044	0.06499	0.02097	0.54900	0.09022	0.02949	0.02325	0.01000	0.00746	0.00230	0.00603	0.03953	0.00854	0.01141
7	0.01291	0.00808	0.01012	0.00936	0.01166	0.00727	0.00714	0.01572	0.01902	0.11456	0.40431	0.05479	0.20065	0.05290	0.00995	0.00261	0.00417	0.03989	0.00761	0.00729
8	0.06431	0.14096	0.02396	0.01566	0.02148	0.02327	0.01329	0.53419	0.02988	0.04039	0.01587	0.01621	0.01164	0.00821	0.00670	0.00208	0.00784	0.00597	0.00644	0.01164
9	0.01505	0.01473	0.02165	0.21810	0.02751	0.01998	0.01679	0.01754	0.01219	0.01783	0.01155	0.04201	0.01092	0.01154	0.01868	0.00296	0.50285	0.00689	0.00332	0.00792
10	0.00881	0.00732	0.00770	0.00772	0.00998	0.00621	0.00575	0.01081	0.01691	0.02072	0.14662	0.10353	0.58646	0.01821	0.00863	0.00246	0.00368	0.01536	0.00690	0.00621
11	0.01446	0.01430	0.02586	0.56969	0.04671	0.01678	0.14516	0.01944	0.01492	0.01944	0.01315	0.01931	0.00994	0.00723	0.00808	0.00245	0.03450	0.00686	0.00331	0.00840
12	0.01116	0.00781	0.00975	0.00956	0.01022	0.00834	0.00637	0.03673	0.01185	0.01626	0.02151	0.03988	0.02305	0.47898	0.26948	0.00846	0.01136	0.00946	0.00434	0.00543
13	0.00886	0.00633	0.00843	0.01012	0.01054	0.00590	0.00675	0.01012	0.01392	0.01856	0.04006	0.73979	0.04808	0.02277	0.00928	0.00295	0.00422	0.02066	0.00675	0.00590
14	0.01568	0.01560	0.02222	0.09190	0.02227	0.02164	0.01634	0.01760	0.01148	0.01760	0.00989	0.01626	0.00956	0.01216	0.02215	0.00310	0.65703	0.00637	0.00319	0.00796
15	0.00953	0.00682	0.00863	0.00957	0.01027	0.00635	0.00631	0.01074	0.01370	0.01843	0.07112	0.51435	0.06024	0.17035	0.01478	0.00367	0.00479	0.01740	0.00623	0.03673
16	0.12079	0.50985	0.06745	0.01344	0.01931	0.12863	0.01285	0.02286	0.01536	0.01953	0.01043	0.01209	0.00914	0.00651	0.00504	0.00173	0.00845	0.00409	0.00338	0.00908
17	0.01164	0.00905	0.01310	0.06705	0.01618	0.01057	0.01014	0.01443	0.01235	0.01833	0.01816	0.02594	0.01644	0.04065	0.50197	0.00880	0.07643	0.00729	0.07319	0.04830
18	0.75426	0.01440	0.01129	0.00995	0.01452	0.01664	0.00819	0.05678	0.01355	0.03333	0.01052	0.01211	0.00812	0.00685	0.00465	0.00225	0.00575	0.00408	0.00465	0.00812
19	0.01006	0.00737	0.00944	0.00904	0.01075	0.00674	0.00673	0.01324	0.01987	0.02775	0.60556	0.09197	0.12314	0.01559	0.00861	0.00234	0.00349	0.01374	0.00782	0.00674
20	0.04742	0.18408	0.38227	0.01753	0.02572	0.07403	0.01989	0.06553	0.04011	0.05933	0.01384	0.01529	0.01031	0.00713	0.00638	0.00210	0.00952	0.00522	0.00391	0.01037

[dist]
# distance from previous block
# <min> <max>
0	1

[block]
# block no. 8 follows, 28 sequences, length 71
# corresponding to MSA columns:
# 383-436,438-454
name=unknown_I
#
# <colnr> <probs for GDERKNQSTAVLIFYWHMCP>
#	G	D	E	R	K	N	Q	S	T	A	V	L	I	F	Y	W	H	M	C	P
0	0.01563	0.05647	0.48657	0.02542	0.13074	0.01757	0.12013	0.02291	0.01577	0.02296	0.01328	0.01623	0.00982	0.00671	0.00712	0.00228	0.01055	0.00595	0.00324	0.01067
1	0.04796	0.07304	0.22149	0.01712	0.05293	0.01673	0.01640	0.12828	0.09239	0.20167	0.04652	0.02065	0.01579	0.00829	0.00696	0.00223	0.00785	0.00657	0.00598	0.01118
2	0.01649	0.06985	0.52204	0.04715	0.02952	0.12040	0.02331	0.02335	0.01624	0.02200	0.03614	0.01634	0.01130	0.00725	0.00682	0.00221	0.01065	0.00551	0.00335	0.01009
3	0.01057	0.00770	0.01124	0.01124	0.01250	0.00887	0.00865	0.01309	0.01183	0.01732	0.01986	0.02933	0.01857	0.08286	0.64574	0.01092	0.01802	0.00786	0.04742	0.00641
4	0.01405	0.01336	0.02187	0.62235	0.04548	0.01705	0.01955	0.01841	0.01403	0.01841	0.01242	0.01887	0.00967	0.00807	0.00972	0.00253	0.11641	0.00645	0.00322	0.00806
5	0.01663	0.01244	0.05574	0.01367	0.03903	0.01113	0.01125	0.02361	0.15809	0.14954	0.11759	0.04863	0.13096	0.01376	0.00831	0.00260	0.00587	0.16497	0.00711	0.00909
6	0.03976	0.00794	0.01017	0.00950	0.01150	0.00740	0.00716	0.01528	0.01980	0.07701	0.57425	0.10169	0.06126	0.01474	0.00839	0.00233	0.00376	0.01296	0.00786	0.00722
7	0.01102	0.00789	0.00981	0.01053	0.01152	0.00777	0.00723	0.07849	0.01594	0.02136	0.06522	0.56329	0.04308	0.09589	0.01192	0.00327	0.00486	0.01783	0.00661	0.00645
8	0.01716	0.01903	0.06234	0.07734	0.28574	0.01777	0.36527	0.02263	0.01670	0.02316	0.01415	0.01882	0.01106	0.00636	0.00792	0.00233	0.01069	0.00754	0.00360	0.01038
9	0.02130	0.61400	0.03512	0.01316	0.01933	0.02572	0.03569	0.02384	0.01575	0.11895	0.01302	0.01388	0.01067	0.00663	0.00519	0.00169	0.00770	0.00456	0.00400	0.00980
10	0.00886	0.00633	0.00843	0.01012	0.01054	0.00590	0.00675	0.01012	0.01392	0.01856	0.04006	0.73979	0.04808	0.02277	0.00928	0.00295	0.00422	0.02066	0.00675	0.00590
11	0.00896	0.00643	0.00843	0.00991	0.01044	0.00599	0.00663	0.01029	0.01416	0.01886	0.06626	0.66589	0.07178	0.04606	0.01014	0.00304	0.00426	0.01985	0.00672	0.00590
12	0.01884	0.01711	0.02751	0.10715	0.43387	0.01772	0.06949	0.13784	0.01943	0.02691	0.01541	0.04730	0.01292	0.00759	0.00741	0.00224	0.00873	0.00722	0.00435	0.01096
13	0.01540	0.01256	0.01894	0.41380	0.06426	0.01442	0.01633	0.06660	0.04422	0.06047	0.06236	0.03176	0.05981	0.01006	0.00773	0.00248	0.00810	0.07722	0.00490	0.00857
14	0.06964	0.00781	0.00926	0.00895	0.01082	0.00739	0.00664	0.01337	0.01841	0.02651	0.46703	0.11455	0.15683	0.03983	0.00928	0.00253	0.00383	0.01337	0.00731	0.00666
