[name]
unknown

[dist]
# distance from previous block
# <min> <max>
0	8

[block]
# block no. 0 follows, 29 sequences, length 20
# corresponding to MSA columns:
# 8-27
name=unknown_A
#
# <colnr> <probs for GDERKNQSTAVLIFYWHMCP>
#	G	D	E	R	K	N	Q	S	T	A	V	L	I	F	Y	W	H	M	C	P
0	0.04208	0.06500	0.03727	0.01500	0.03812	0.01791	0.01218	0.38176	0.04183	0.05033	0.01941	0.05907	0.03504	0.00994	0.00783	0.03809	0.00705	0.02234	0.00608	0.09366
1	0.01267	0.04881	0.02933	0.00945	0.01173	0.00919	0.00722	0.04942	0.01528	0.06935	0.07347	0.07817	0.23951	0.23382	0.07786	0.00444	0.00672	0.01125	0.00566	0.00663
2	0.02029	0.08863	0.01845	0.04568	0.01930	0.01424	0.01054	0.13165	0.05523	0.14771	0.01719	0.01785	0.01282	0.00698	0.00602	0.00165	0.00620	0.00547	0.04126	0.33285
3	0.04253	0.59119	0.03332	0.01325	0.01873	0.10825	0.01244	0.04359	0.01553	0.01821	0.01024	0.01197	0.00921	0.00662	0.00571	0.00167	0.04113	0.00409	0.00329	0.00903
4	0.01513	0.01484	0.02061	0.01776	0.01776	0.02054	0.01462	0.01656	0.01086	0.01685	0.01046	0.01822	0.01076	0.07524	0.02446	0.00344	0.67458	0.00658	0.00322	0.00749
5	0.01731	0.01660	0.02834	0.09495	0.65652	0.01684	0.02170	0.02158	0.01607	0.02289	0.01334	0.01772	0.01115	0.00640	0.00705	0.00213	0.00854	0.00634	0.00350	0.01103
6	0.00915	0.00684	0.00932	0.03513	0.01204	0.00685	0.00747	0.01053	0.01353	0.01813	0.03698	0.68719	0.04410	0.02134	0.00967	0.00288	0.03743	0.01913	0.00633	0.00595
7	0.01430	0.00763	0.00773	0.00736	0.00932	0.00779	0.00561	0.06606	0.01631	0.02791	0.02277	0.02584	0.01779	0.00831	0.00514	0.00169	0.00365	0.00662	0.73110	0.00704
8	0.80005	0.01377	0.01047	0.00936	0.01377	0.01597	0.00771	0.02093	0.01212	0.03195	0.00991	0.01157	0.00771	0.00661	0.00441	0.00220	0.00551	0.00386	0.00441	0.00771
9	0.01030	0.00714	0.00897	0.00897	0.00938	0.00756	0.00581	0.01113	0.01071	0.01470	0.02134	0.04051	0.02324	0.52215	0.26023	0.00839	0.01088	0.00946	0.00415	0.00498
10	0.00911	0.00638	0.00813	0.00936	0.00966	0.00608	0.00601	0.01003	0.01278	0.01704	0.03487	0.56329	0.04158	0.21165	0.01616	0.00394	0.00485	0.01767	0.00601	0.00540
11	0.01486	0.00985	0.01183	0.11332	0.01712	0.01076	0.00907	0.11806	0.03955	0.02666	0.02227	0.09664	0.01905	0.01298	0.05940	0.00271	0.00622	0.00805	0.39388	0.00770
12	0.02359	0.01293	0.01559	0.01303	0.01750	0.01311	0.01040	0.03371	0.30293	0.35025	0.10149	0.02836	0.02473	0.00979	0.00733	0.00230	0.00559	0.00815	0.00805	0.01118
13	0.04131	0.00810	0.01023	0.00934	0.01163	0.00745	0.00713	0.01610	0.01939	0.11595	0.51842	0.06870	0.11073	0.01403	0.00811	0.00227	0.00383	0.01220	0.00770	0.00737
14	0.00895	0.00641	0.00851	0.00973	0.01039	0.00597	0.00663	0.01060	0.01491	0.02021	0.16876	0.60981	0.05102	0.02079	0.00895	0.00276	0.00398	0.01880	0.00685	0.00597
15	0.02368	0.01678	0.06135	0.05227	0.11862	0.01602	0.05014	0.16065	0.14417	0.24823	0.02166	0.02126	0.01514	0.00822	0.00719	0.00224	0.00741	0.00698	0.00657	0.01142
16	0.01290	0.00886	0.01057	0.00972	0.01207	0.00847	0.00734	0.06293	0.05543	0.07791	0.34501	0.10857	0.18744	0.04902	0.00951	0.00255	0.00429	0.01268	0.00730	0.00742
17	0.01944	0.13205	0.07439	0.01610	0.04996	0.08969	0.03862	0.14398	0.11301	0.02643	0.01525	0.01644	0.01196	0.00700	0.00620	0.00178	0.00771	0.00546	0.00479	0.21973
18	0.05946	0.04005	0.02007	0.01502	0.02037	0.06126	0.04274	0.29482	0.05145	0.03195	0.01475	0.01611	0.01134	0.00751	0.00739	0.00187	0.05218	0.00560	0.00539	0.24067
19	0.01544	0.04943	0.01838	0.05126	0.02002	0.01241	0.06971	0.06857	0.04758	0.02372	0.01653	0.08249	0.01494	0.03611	0.00738	0.00180	0.00639	0.00670	0.00463	0.44653

[dist]
# distance from previous block
# <min> <max>
1	15

[block]
# block no. 1 follows, 29 sequences, length 10
# corresponding to MSA columns:
# 43-52
name=unknown_B
#
# <colnr> <probs for GDERKNQSTAVLIFYWHMCP>
#	G	D	E	R	K	N	Q	S	T	A	V	L	I	F	Y	W	H	M	C	P
0	0.01212	0.00970	0.01067	0.01070	0.01276	0.05021	0.00766	0.01499	0.05825	0.04708	0.03524	0.46528	0.08974	0.01723	0.00812	0.00246	0.00495	0.01524	0.00621	0.12137
1	0.01724	0.03689	0.05887	0.04596	0.02085	0.03411	0.06469	0.09129	0.01753	0.07534	0.01901	0.06276	0.04953	0.00790	0.00644	0.00171	0.00679	0.00669	0.00492	0.37145
2	0.01100	0.00800	0.00957	0.03940	0.01162	0.00786	0.00643	0.04631	0.01400	0.01874	0.08856	0.19203	0.09315	0.36275	0.02144	0.00454	0.00580	0.01243	0.00541	0.04097
3	0.24063	0.04401	0.01682	0.01467	0.04163	0.20956	0.01112	0.13234	0.01908	0.09516	0.01665	0.09734	0.01446	0.00910	0.00631	0.00214	0.00798	0.00675	0.00526	0.00898
4	0.07247	0.07248	0.04679	0.01480	0.02000	0.01946	0.01250	0.27771	0.27413	0.08377	0.02115	0.02028	0.01547	0.00860	0.00679	0.00221	0.00683	0.00667	0.00665	0.01123
5	0.01586	0.01388	0.02017	0.26350	0.06687	0.01440	0.06964	0.09371	0.05765	0.02428	0.01724	0.02048	0.03908	0.00733	0.00670	0.00197	0.00760	0.00644	0.04555	0.20763
6	0.01266	0.00664	0.00686	0.00696	0.00835	0.00662	0.00500	0.01547	0.01432	0.02457	0.02407	0.07082	0.02083	0.09571	0.00887	0.00234	0.00378	0.00787	0.65193	0.00632
7	0.01415	0.05681	0.16334	0.06930	0.02368	0.01646	0.11032	0.01785	0.01299	0.01853	0.01406	0.02207	0.01291	0.12746	0.08979	0.00414	0.20771	0.00700	0.00342	0.00800
8	0.00884	0.00703	0.00781	0.00800	0.00981	0.00614	0.00578	0.01071	0.01613	0.02033	0.16944	0.18162	0.44736	0.05645	0.00998	0.00270	0.00383	0.01532	0.00670	0.00600
9	0.01763	0.01108	0.01259	0.01087	0.01323	0.01150	0.00775	0.14570	0.08812	0.12759	0.02296	0.03542	0.02155	0.41677	0.02317	0.00480	0.00682	0.00887	0.00585	0.00773

[dist]
# distance from previous block
# <min> <max>
2	7

[block]
# block no. 2 follows, 29 sequences, length 7
# corresponding to MSA columns:
# 60-66
name=unknown_C
#
# <colnr> <probs for GDERKNQSTAVLIFYWHMCP>
#	G	D	E	R	K	N	Q	S	T	A	V	L	I	F	Y	W	H	M	C	P
0	0.34113	0.01247	0.01295	0.01137	0.01441	0.01445	0.00922	0.07656	0.01537	0.05777	0.10095	0.02133	0.01818	0.01321	0.07436	0.00314	0.11277	0.00631	0.07611	0.00795
1	0.01036	0.00690	0.00777	0.00777	0.00777	0.00690	0.00431	0.01036	0.01036	0.01381	0.02244	0.04660	0.02589	0.74975	0.03624	0.00690	0.00690	0.01036	0.00431	0.00431
2	0.01380	0.01199	0.01791	0.18501	0.19675	0.01277	0.01412	0.04169	0.07655	0.02395	0.18402	0.10589	0.06395	0.01111	0.00769	0.00233	0.00651	0.00994	0.00540	0.00861
3	0.02504	0.01679	0.01844	0.01463	0.01967	0.01820	0.01193	0.41681	0.13852	0.14291	0.02129	0.02060	0.01509	0.00875	0.00696	0.00215	0.00680	0.00682	0.07711	0.01148
4	0.01771	0.22732	0.22540	0.06169	0.02907	0.07245	0.19424	0.05255	0.01653	0.02141	0.01248	0.01531	0.00971	0.00652	0.00661	0.00206	0.01011	0.00576	0.00342	0.00965
5	0.07117	0.02963	0.01954	0.01746	0.02115	0.54882	0.01333	0.07626	0.06045	0.02104	0.01238	0.01405	0.01006	0.00779	0.00730	0.00198	0.04981	0.00497	0.00415	0.00866
6	0.52979	0.20323	0.08218	0.01109	0.01649	0.01911	0.01056	0.02118	0.01298	0.02723	0.01018	0.01185	0.00819	0.00649	0.00467	0.00204	0.00650	0.00397	0.00393	0.00833

[dist]
# distance from previous block
# <min> <max>
0	1

[block]
# block no. 3 follows, 29 sequences, length 9
# corresponding to MSA columns:
# 68-76
name=unknown_D
#
# <colnr> <probs for GDERKNQSTAVLIFYWHMCP>
#	G	D	E	R	K	N	Q	S	T	A	V	L	I	F	Y	W	H	M	C	P
0	0.01025	0.00774	0.00956	0.00942	0.01119	0.00734	0.00705	0.01429	0.06730	0.02548	0.43713	0.15252	0.15397	0.01603	0.00848	0.00241	0.00381	0.04184	0.00738	0.00681
1	0.01057	0.04385	0.05906	0.04675	0.01402	0.00867	0.00862	0.01376	0.01781	0.02420	0.40729	0.07679	0.18448	0.04224	0.00913	0.00245	0.00458	0.01223	0.00661	0.00688
2	0.00868	0.00620	0.00826	0.00991	0.01033	0.00578	0.00661	0.00991	0.01363	0.01818	0.03925	0.74510	0.04710	0.02231	0.00909	0.00289	0.00413	0.02024	0.00661	0.00578
3	0.02195	0.01586	0.01725	0.01392	0.01803	0.01744	0.01105	0.44845	0.06699	0.03587	0.01877	0.02283	0.01515	0.10790	0.04061	0.04316	0.00764	0.00708	0.06007	0.00998
4	0.05429	0.01154	0.01335	0.01081	0.01543	0.00990	0.00837	0.03865	0.05948	0.04921	0.04855	0.16712	0.02130	0.00974	0.00640	0.00170	0.00510	0.00827	0.00533	0.45546
5	0.00935	0.00754	0.00826	0.00816	0.01024	0.00676	0.00602	0.01226	0.04925	0.02153	0.20798	0.10672	0.45125	0.05107	0.00969	0.00261	0.00384	0.01433	0.00681	0.00633
6	0.09909	0.11517	0.06045	0.07037	0.02072	0.15812	0.01244	0.09631	0.09812	0.04381	0.06850	0.05298	0.01768	0.00878	0.00644	0.00208	0.00781	0.00672	0.04539	0.00900
7	0.09301	0.07044	0.09234	0.01551	0.02107	0.18244	0.01357	0.25992	0.02242	0.02974	0.01367	0.01512	0.01052	0.00887	0.03015	0.00223	0.00914	0.00526	0.00494	0.09964
8	0.05262	0.01972	0.09139	0.05594	0.07245	0.10502	0.06806	0.14188	0.06702	0.08658	0.02249	0.02356	0.09173	0.00917	0.00829	0.00227	0.05959	0.00727	0.00522	0.00973

[dist]
# distance from previous block
# <min> <max>
6	98

[block]
# block no. 4 follows, 29 sequences, length 38
# corresponding to MSA columns:
# 179-216
name=unknown_E
#
# <colnr> <probs for GDERKNQSTAVLIFYWHMCP>
#	G	D	E	R	K	N	Q	S	T	A	V	L	I	F	Y	W	H	M	C	P
0	0.04277	0.01588	0.02402	0.19322	0.40083	0.04581	0.01874	0.02122	0.03713	0.02229	0.01420	0.01952	0.01186	0.00700	0.00689	0.00212	0.00836	0.02644	0.00375	0.07796
1	0.09485	0.01334	0.02104	0.40647	0.20961	0.01531	0.01790	0.01884	0.01438	0.02082	0.01397	0.02113	0.01166	0.02937	0.03864	0.00284	0.00906	0.02869	0.00356	0.00854
2	0.01557	0.01228	0.01820	0.11374	0.21680	0.01287	0.01389	0.04667	0.09571	0.05564	0.13496	0.05763	0.02508	0.01195	0.01007	0.09886	0.00672	0.03942	0.00525	0.00870
3	0.01904	0.01585	0.02180	0.36537	0.11517	0.05426	0.01741	0.15014	0.01886	0.08394	0.01465	0.01837	0.01089	0.00781	0.00812	0.00230	0.05571	0.00632	0.00449	0.00950
4	0.19049	0.01656	0.01956	0.20152	0.13756	0.05911	0.01489	0.19505	0.01961	0.02908	0.01565	0.01827	0.03800	0.00771	0.00653	0.00220	0.00798	0.00606	0.00471	0.00947
5	0.04084	0.00748	0.00810	0.00813	0.01031	0.00666	0.00616	0.01152	0.01670	0.02167	0.19268	0.10659	0.46998	0.01723	0.00837	0.00244	0.00382	0.04832	0.00677	0.00624
6	0.73151	0.01321	0.01038	0.00933	0.01350	0.01517	0.00763	0.02028	0.01282	0.03165	0.06992	0.01518	0.01287	0.00730	0.00475	0.00221	0.00532	0.00464	0.00470	0.00763
7	0.01101	0.00849	0.01222	0.01293	0.01419	0.00883	0.03199	0.01353	0.01510	0.02015	0.05582	0.29914	0.04016	0.01934	0.01066	0.00307	0.06915	0.34149	0.00622	0.00650
8	0.07862	0.00784	0.00960	0.00899	0.01091	0.00752	0.00680	0.01409	0.01946	0.02885	0.64157	0.04958	0.06203	0.01387	0.00805	0.00224	0.00355	0.01209	0.00754	0.00680
9	0.02215	0.02643	0.02115	0.01956	0.04996	0.43285	0.01478	0.02398	0.01659	0.01757	0.01050	0.01406	0.00933	0.00919	0.01271	0.00232	0.27997	0.00527	0.00346	0.00821
10	0.80005	0.01377	0.01047	0.00936	0.01377	0.01597	0.00771	0.02093	0.01212	0.03195	0.00991	0.01157	0.00771	0.00661	0.00441	0.00220	0.00551	0.00386	0.00441	0.00771
11	0.02623	0.02028	0.02085	0.01632	0.02177	0.05854	0.01335	0.59132	0.08995	0.04212	0.01781	0.01769	0.01279	0.00858	0.00710	0.00215	0.00791	0.00646	0.00695	0.01183
12	0.00964	0.00728	0.00895	0.00958	0.01119	0.00670	0.00740	0.01192	0.01623	0.02098	0.16479	0.19221	0.26938	0.04988	0.01010	0.00289	0.00457	0.18345	0.00671	0.00616
13	0.02707	0.01995	0.02137	0.01638	0.02208	0.02208	0.01353	0.68159	0.03348	0.04488	0.01710	0.01710	0.01211	0.00855	0.00712	0.00214	0.00784	0.00641	0.00712	0.01211
14	0.01012	0.00731	0.00958	0.00909	0.01077	0.00677	0.00687	0.01348	0.02003	0.02832	0.67989	0.05408	0.06633	0.01472	0.00845	0.00227	0.00346	0.03393	0.00780	0.00671
15	0.00993	0.00727	0.00932	0.00881	0.01055	0.00666	0.00661	0.01316	0.01982	0.02775	0.64709	0.05452	0.12218	0.01486	0.00840	0.00225	0.00338	0.01306	0.00773	0.00666
16	0.01669	0.01788	0.02517	0.10011	0.02599	0.10738	0.15213	0.01961	0.01368	0.01843	0.01148	0.01701	0.01009	0.01205	0.05314	0.00316	0.37796	0.00656	0.00333	0.00816
17	0.01681	0.01921	0.04202	0.03001	0.03721	0.01801	0.67947	0.02281	0.01681	0.02281	0.01441	0.01921	0.01080	0.00600	0.00840	0.00240	0.01200	0.00840	0.00360	0.00960
18	0.00867	0.00644	0.00801	0.00925	0.01009	0.00587	0.00627	0.01000	0.01410	0.01826	0.04594	0.57260	0.19086	0.04568	0.00985	0.00292	0.00411	0.01876	0.00653	0.00578
19	0.01564	0.01566	0.02352	0.02142	0.07940	0.02062	0.06448	0.01780	0.01182	0.01806	0.01043	0.01649	0.00994	0.01299	0.04705	0.00329	0.59355	0.00645	0.00321	0.00817
20	0.02852	0.01351	0.01842	0.01716	0.10936	0.01266	0.01223	0.07288	0.07894	0.51959	0.02555	0.02313	0.01681	0.00854	0.00715	0.00221	0.00645	0.00708	0.00787	0.01193
21	0.00886	0.00633	0.00847	0.01012	0.01061	0.00594	0.00692	0.01023	0.01381	0.01838	0.03915	0.70234	0.04670	0.02214	0.00914	0.00292	0.00429	0.06123	0.00661	0.00583
22	0.01192	0.00810	0.01041	0.00948	0.01153	0.00762	0.00722	0.04570	0.02079	0.06198	0.63731	0.05012	0.06224	0.01400	0.00828	0.00223	0.00370	0.01230	0.00785	0.00723
23	0.02093	0.01692	0.01608	0.01428	0.01794	0.15697	0.01145	0.14515	0.10834	0.12566	0.12340	0.03612	0.02726	0.01154	0.00772	0.00236	0.00741	0.13447	0.00667	0.00934
24	0.08670	0.01984	0.02462	0.09710	0.04763	0.16859	0.15345	0.05000	0.01573	0.02116	0.01184	0.01617	0.00986	0.00949	0.02756	0.00265	0.21926	0.00618	0.00365	0.00854
25	0.01762	0.01692	0.02890	0.04371	0.70533	0.01692	0.02185	0.02185	0.01621	0.02326	0.01339	0.01762	0.01128	0.00634	0.00705	0.00211	0.00846	0.00634	0.00352	0.01128
26	0.01393	0.00727	0.00734	0.00710	0.00896	0.00738	0.00539	0.04845	0.01582	0.02743	0.02293	0.02609	0.01796	0.00831	0.00508	0.00168	0.00353	0.00663	0.75181	0.00690
27	0.01002	0.00689	0.00905	0.01002	0.01111	0.00640	0.00723	0.01194	0.01547	0.04418	0.15376	0.47876	0.09489	0.01992	0.00894	0.00277	0.00431	0.09118	0.00689	0.00627
28	0.01804	0.04902	0.02691	0.11737	0.50201	0.07034	0.01995	0.04643	0.01687	0.02271	0.01388	0.01910	0.01179	0.00700	0.00699	0.00214	0.00879	0.02649	0.00370	0.01046
29	0.00880	0.00726	0.00774	0.00770	0.00996	0.00620	0.00583	0.01091	0.01688	0.02084	0.17466	0.06641	0.57497	0.01752	0.00846	0.00241	0.00367	0.03682	0.00681	0.00615
30	0.01538	0.21321	0.06431	0.01217	0.01618	0.03781	0.02818	0.01917	0.04384	0.07173	0.21583	0.03621	0.07821	0.03374	0.03180	0.00258	0.00669	0.05918	0.00561	0.00817
31	0.02653	0.01190	0.01518	0.01201	0.01664	0.01104	0.00978	0.11176	0.02142	0.46553	0.11176	0.02726	0.02329	0.00945	0.00708	0.00214	0.00564	0.00774	0.09300	0.01084
32	0.01378	0.01317	0.02289	0.62661	0.07139	0.01576	0.07307	0.01846	0.01440	0.01862	0.01314	0.01983	0.01019	0.03055	0.00814	0.00251	0.00958	0.00663	0.00325	0.00806
33	0.00992	0.00721	0.00934	0.00894	0.01057	0.00663	0.00666	0.01308	0.01958	0.02750	0.63258	0.09746	0.09343	0.01520	0.00844	0.00229	0.00342	0.01343	0.00771	0.00663
34	0.01108	0.00768	0.00992	0.00974	0.01141	0.00728	0.00723	0.01482	0.05402	0.05322	0.47139	0.20614	0.05754	0.01596	0.00849	0.00242	0.00385	0.03332	0.00753	0.00696
35	0.08332	0.04564	0.10884	0.18955	0.16706	0.01482	0.01575	0.05733	0.01522	0.02276	0.01484	0.02081	0.01247	0.08233	0.01010	0.02862	0.00786	0.00632	0.08779	0.00857
36	0.01229	0.00780	0.00989	0.00907	0.01124	0.00704	0.00686	0.01523	0.01926	0.10339	0.50631	0.05210	0.15893	0.03794	0.00915	0.00241	0.00381	0.01249	0.00765	0.00714
37	0.04201	0.13472	0.21457	0.01567	0.02173	0.01655	0.07546	0.12429	0.01926	0.02718	0.19190	0.02524	0.02495	0.00893	0.00693	0.00212	0.00758	0.00747	0.02413	0.00930

[dist]
# distance from previous block
# <min> <max>
1	12

[block]
# block no. 5 follows, 29 sequences, length 49
# corresponding to MSA columns:
# 229-277
name=unknown_F
#
# <colnr> <probs for GDERKNQSTAVLIFYWHMCP>
#	G	D	E	R	K	N	Q	S	T	A	V	L	I	F	Y	W	H	M	C	P
0	0.01728	0.01383	0.11319	0.04985	0.01828	0.01024	0.01143	0.02186	0.04893	0.20997	0.25079	0.03562	0.09306	0.01095	0.00750	0.00218	0.00569	0.00927	0.00678	0.06330
1	0.01455	0.01276	0.02134	0.67318	0.06800	0.01557	0.01935	0.01918	0.01462	0.05475	0.01349	0.01922	0.00998	0.00718	0.00712	0.00236	0.00928	0.00637	0.00347	0.00824
2	0.02169	0.00985	0.01324	0.01093	0.01464	0.00871	0.00871	0.02473	0.02028	0.39044	0.34405	0.03782	0.04088	0.01151	0.00774	0.00222	0.00479	0.00984	0.00836	0.00959
3	0.01221	0.00775	0.01020	0.00932	0.01137	0.00708	0.00708	0.01551	0.02018	0.09491	0.63602	0.05037	0.06236	0.01400	0.00828	0.00224	0.00362	0.01232	0.00793	0.00724
4	0.01083	0.00728	0.00959	0.00934	0.01094	0.00670	0.00688	0.01372	0.01879	0.05918	0.52895	0.19825	0.06055	0.01592	0.00848	0.00238	0.00365	0.01416	0.00763	0.00678
5	0.00881	0.00629	0.00841	0.01006	0.01053	0.00590	0.00684	0.01014	0.01376	0.01832	0.03917	0.71427	0.04681	0.02219	0.00912	0.00291	0.00424	0.04980	0.00661	0.00582
6	0.01001	0.00728	0.00943	0.00889	0.01060	0.00669	0.00667	0.01331	0.02001	0.02820	0.67735	0.05378	0.09164	0.01469	0.00840	0.00225	0.00337	0.01296	0.00779	0.00669
7	0.01939	0.72064	0.03652	0.01247	0.01845	0.06032	0.01226	0.02165	0.01473	0.01678	0.00995	0.01149	0.00914	0.00615	0.00465	0.00154	0.00786	0.00384	0.00307	0.00910
8	0.01000	0.00728	0.00940	0.00887	0.01059	0.00668	0.00665	0.01328	0.01996	0.02810	0.67062	0.05394	0.09843	0.01473	0.00840	0.00225	0.00337	0.01298	0.00778	0.00668
9	0.01018	0.00760	0.01131	0.01131	0.01254	0.00883	0.00873	0.01263	0.01140	0.01643	0.01920	0.02865	0.01810	0.07877	0.69657	0.01128	0.01863	0.00773	0.00383	0.00628
10	0.00877	0.00626	0.00837	0.01002	0.01047	0.00586	0.00677	0.01008	0.01372	0.01828	0.03920	0.72310	0.04689	0.02222	0.00911	0.00290	0.00421	0.04133	0.00661	0.00581
11	0.01489	0.01277	0.01482	0.01071	0.01694	0.00984	0.00856	0.01878	0.04365	0.02348	0.01335	0.01527	0.01102	0.00546	0.00536	0.00111	0.00529	0.00438	0.00435	0.75995
12	0.00896	0.00712	0.00807	0.00825	0.01016	0.00623	0.00613	0.01109	0.01675	0.02131	0.21074	0.16627	0.43233	0.01794	0.00857	0.00247	0.00375	0.04081	0.00689	0.00616
13	0.02487	0.07246	0.15676	0.01667	0.02329	0.04154	0.10145	0.02969	0.04292	0.38502	0.02138	0.02051	0.01427	0.00782	0.00703	0.00218	0.00806	0.00665	0.00633	0.01108
14	0.01007	0.00668	0.00889	0.00988	0.01077	0.00618	0.00682	0.01176	0.01513	0.05406	0.15653	0.58656	0.04922	0.02027	0.00887	0.00274	0.00409	0.01829	0.00694	0.00626
15	0.01204	0.00619	0.00919	0.00933	0.00937	0.00615	0.00622	0.00933	0.00966	0.01288	0.01473	0.08528	0.01542	0.02452	0.02618	0.72335	0.00600	0.00742	0.00340	0.00333
16	0.02643	0.01932	0.02078	0.01611	0.02167	0.02137	0.01325	0.60805	0.08840	0.06367	0.01843	0.01811	0.01308	0.00865	0.00713	0.00216	0.00760	0.00657	0.00718	0.01204
17	0.76221	0.01488	0.04429	0.00989	0.01459	0.01600	0.00861	0.02101	0.01226	0.03150	0.01005	0.01173	0.00777	0.00662	0.00452	0.00221	0.00575	0.00392	0.00434	0.00785
18	0.04364	0.00649	0.00932	0.00928	0.00945	0.00657	0.00624	0.00974	0.00939	0.01315	0.01227	0.02124	0.01218	0.02402	0.02690	0.76144	0.00616	0.00609	0.00314	0.00328
19	0.01681	0.01921	0.04202	0.03001	0.03721	0.01801	0.67947	0.02281	0.01681	0.02281	0.01441	0.01921	0.01080	0.00600	0.00840	0.00240	0.01200	0.00840	0.00360	0.00960
20	0.01036	0.00690	0.00777	0.00777	0.00777	0.00690	0.00431	0.01036	0.01036	0.01381	0.02244	0.04660	0.02589	0.74975	0.03624	0.00690	0.00690	0.01036	0.00431	0.00431
21	0.01492	0.01280	0.01484	0.01075	0.01696	0.00992	0.00859	0.01898	0.05041	0.02355	0.01351	0.01539	0.01114	0.00550	0.00538	0.00113	0.00529	0.00442	0.00438	0.75216
22	0.01565	0.01474	0.02503	0.34217	0.39907	0.01612	0.02048	0.01988	0.01515	0.02073	0.01304	0.01834	0.01054	0.00723	0.00771	0.02603	0.00884	0.00633	0.00335	0.00957
23	0.02471	0.01782	0.01909	0.01496	0.01997	0.01960	0.01224	0.57581	0.03049	0.04166	0.01866	0.04489	0.01414	0.00902	0.00693	0.00211	0.00715	0.00694	0.10262	0.01121
24	0.43720	0.01468	0.01828	0.06921	0.06453	0.01577	0.10632	0.05008	0.01527	0.12749	0.01390	0.01565	0.01012	0.00694	0.00586	0.00224	0.00710	0.00543	0.00489	0.00904
25	0.02580	0.01531	0.01788	0.01385	0.01937	0.01523	0.01131	0.25740	0.10563	0.28727	0.02193	0.02053	0.01508	0.00826	0.00686	0.00202	0.00650	0.00654	0.00731	0.13592
26	0.01453	0.01046	0.01199	0.01086	0.01386	0.01067	0.00838	0.02318	0.24640	0.09574	0.28278	0.04431	0.17194	0.01301	0.00789	0.00233	0.00445	0.01110	0.00749	0.00866
27	0.03125	0.01196	0.01630	0.01255	0.01794	0.01035	0.01035	0.03403	0.02037	0.68866	0.04944	0.02515	0.01920	0.00900	0.00720	0.00220	0.00597	0.00734	0.00878	0.01195
28	0.30448	0.01270	0.01437	0.01150	0.01661	0.01242	0.00949	0.02982	0.01745	0.46959	0.02164	0.01974	0.01411	0.00803	0.00618	0.00220	0.00586	0.00599	0.00725	0.01055
29	0.03103	0.01359	0.01744	0.01337	0.01891	0.01265	0.01104	0.15647	0.02285	0.58501	0.02602	0.02289	0.01659	0.00876	0.00715	0.00219	0.00639	0.00702	0.00850	0.01212
30	0.00879	0.00633	0.00834	0.00975	0.01033	0.00587	0.00658	0.01024	0.01430	0.01914	0.09983	0.66214	0.06898	0.02148	0.00901	0.00282	0.00405	0.01942	0.00672	0.00587
31	0.01052	0.00695	0.00787	0.00794	0.00807	0.00695	0.00463	0.01078	0.01079	0.01462	0.02309	0.04718	0.02620	0.69020	0.03391	0.00655	0.00675	0.03669	0.03581	0.00450
32	0.01431	0.01352	0.02262	0.52798	0.18910	0.01603	0.01963	0.01869	0.01449	0.01925	0.01347	0.04045	0.01101	0.00766	0.00792	0.00237	0.04284	0.00675	0.00334	0.00857
33	0.01558	0.01558	0.02181	0.01869	0.01869	0.02181	0.01558	0.01714	0.01091	0.01714	0.00935	0.01558	0.00935	0.01246	0.02337	0.00312	0.73672	0.00623	0.00312	0.00779
34	0.00891	0.00648	0.00840	0.00951	0.01032	0.00597	0.00653	0.01058	0.01503	0.02014	0.16133	0.56176	0.10766	0.02054	0.00891	0.00273	0.00395	0.01846	0.00683	0.00597
35	0.02645	0.01961	0.02137	0.04886	0.02330	0.02180	0.01382	0.65151	0.03261	0.04367	0.01689	0.01718	0.01199	0.00848	0.00712	0.00215	0.00791	0.00641	0.00694	0.01192
36	0.01420	0.00774	0.00806	0.00766	0.00962	0.00798	0.00586	0.06906	0.01622	0.02747	0.02252	0.02587	0.01774	0.01069	0.04283	0.00221	0.00450	0.00667	0.68602	0.00706
37	0.01918	0.70139	0.05908	0.01270	0.01884	0.05552	0.01272	0.02165	0.01472	0.01697	0.01004	0.01160	0.00914	0.00616	0.00472	0.00156	0.00792	0.00389	0.00307	0.00915
38	0.01237	0.00618	0.00928	0.00928	0.00928	0.00618	0.00618	0.00928	0.00928	0.01237	0.01237	0.02165	0.01237	0.02474	0.02783	0.79283	0.00618	0.00618	0.00309	0.00309
39	0.23986	0.09418	0.27560	0.07161	0.06686	0.01704	0.03933	0.02257	0.01464	0.07885	0.01298	0.01502	0.00958	0.00679	0.00601	0.00217	0.00831	0.00512	0.00393	0.00953
40	0.01806	0.02357	0.33393	0.02008	0.11445	0.01410	0.01879	0.05048	0.03663	0.15974	0.02034	0.12215	0.01698	0.00950	0.00724	0.00232	0.00819	0.00806	0.00504	0.01035
41	0.01338	0.01228	0.02066	0.69070	0.04674	0.01526	0.01899	0.01768	0.01395	0.01786	0.01264	0.01914	0.00966	0.00814	0.00832	0.04820	0.00930	0.00632	0.00316	0.00763
42	0.02339	0.01819	0.02020	0.04575	0.05536	0.04162	0.01357	0.47597	0.06085	0.03821	0.06812	0.02264	0.01746	0.00940	0.00778	0.00223	0.02893	0.03274	0.00660	0.01100
43	0.02390	0.01685	0.01856	0.01495	0.01968	0.01831	0.01205	0.47818	0.07852	0.09231	0.02229	0.13125	0.01869	0.01079	0.00744	0.00228	0.00696	0.00874	0.00719	0.01107
44	0.01011	0.00753	0.00969	0.01075	0.01237	0.00711	0.00873	0.01266	0.01615	0.02077	0.09580	0.19135	0.21187	0.01934	0.00924	0.00291	0.00515	0.33550	0.00667	0.00630
45	0.00868	0.00620	0.00826	0.00991	0.01033	0.00578	0.00661	0.00991	0.01363	0.01818	0.03925	0.74510	0.04710	0.02231	0.00909	0.00289	0.00413	0.02024	0.00661	0.00578
46	0.01900	0.07120	0.02238	0.01854	0.08139	0.08127	0.12911	0.10501	0.04073	0.09946	0.11577	0.07818	0.02397	0.00996	0.00743	0.00222	0.00767	0.03618	0.04124	0.00929
47	0.13956	0.21925	0.03875	0.04229	0.01965	0.14230	0.01214	0.15285	0.01857	0.02503	0.01379	0.04419	0.01190	0.01224	0.07625	0.00289	0.00938	0.00564	0.00440	0.00894
48	0.31568	0.01769	0.12160	0.01631	0.10145	0.03569	0.01310	0.02302	0.01516	0.13530	0.04224	0.01698	0.01270	0.00732	0.00630	0.00211	0.02493	0.00538	0.00485	0.08220

[dist]
# distance from previous block
# <min> <max>
3	10

[block]
# block no. 6 follows, 29 sequences, length 24
# corresponding to MSA columns:
# 288-311
name=unknown_G
#
# <colnr> <probs for GDERKNQSTAVLIFYWHMCP>
#	G	D	E	R	K	N	Q	S	T	A	V	L	I	F	Y	W	H	M	C	P
0	0.17855	0.19270	0.04232	0.01263	0.01717	0.16063	0.01078	0.06932	0.01711	0.02377	0.06875	0.04943	0.06763	0.00880	0.00597	0.00194	0.00746	0.00643	0.00459	0.05401
1	0.01580	0.09242	0.13002	0.13291	0.26290	0.01657	0.01801	0.03963	0.06375	0.02183	0.01650	0.04992	0.01464	0.06460	0.00918	0.00257	0.00828	0.02693	0.00398	0.00957
2	0.05612	0.06267	0.02202	0.05396	0.02312	0.10124	0.04147	0.40005	0.02668	0.11828	0.01668	0.01712	0.01190	0.00804	0.00685	0.00210	0.00836	0.00612	0.00623	0.01099
3	0.00970	0.00824	0.00810	0.00806	0.01024	0.03610	0.00599	0.01176	0.01666	0.02074	0.14736	0.10692	0.50621	0.01685	0.00817	0.00235	0.00398	0.01417	0.05220	0.00622
4	0.01388	0.00760	0.01052	0.01001	0.01059	0.00782	0.00694	0.07832	0.01176	0.01571	0.01285	0.02118	0.01234	0.02307	0.02570	0.71163	0.00635	0.00621	0.00351	0.00402
5	0.02573	0.12025	0.02239	0.01739	0.02156	0.56551	0.01354	0.09411	0.02084	0.02014	0.01149	0.01310	0.00947	0.00731	0.00627	0.00183	0.01169	0.00468	0.00394	0.00876
6	0.00902	0.00660	0.00847	0.00936	0.01033	0.00606	0.00650	0.01088	0.01565	0.02103	0.21739	0.48596	0.12692	0.01978	0.00883	0.00266	0.00387	0.01771	0.00693	0.00606
7	0.02593	0.01766	0.01949	0.01510	0.02048	0.01892	0.01234	0.49103	0.06808	0.13709	0.01936	0.01974	0.01394	0.03827	0.00821	0.00230	0.00729	0.00666	0.00711	0.05100
8	0.01855	0.68039	0.10669	0.01302	0.01956	0.02698	0.01363	0.02145	0.01453	0.01735	0.01020	0.01179	0.00913	0.00616	0.00479	0.00160	0.00791	0.00396	0.00304	0.00928
9	0.01327	0.00664	0.00664	0.00664	0.00830	0.00664	0.00498	0.01659	0.01493	0.02655	0.02323	0.02655	0.01825	0.00830	0.00498	0.00166	0.00332	0.00664	0.78928	0.00664
10	0.01558	0.01558	0.02181	0.01869	0.01869	0.02181	0.01558	0.01714	0.01091	0.01714	0.00935	0.01558	0.00935	0.01246	0.02337	0.00312	0.73672	0.00623	0.00312	0.00779
11	0.01008	0.00728	0.00952	0.00896	0.01064	0.00672	0.00672	0.01344	0.02016	0.02855	0.70158	0.05319	0.06719	0.01456	0.00840	0.00224	0.00336	0.01288	0.00784	0.00672
12	0.00965	0.00741	0.00943	0.01010	0.01064	0.00766	0.00697	0.01077	0.01310	0.01743	0.03730	0.46192	0.12129	0.14968	0.01528	0.00356	0.07979	0.01640	0.00584	0.00576
13	0.56274	0.11137	0.01467	0.01046	0.01481	0.08930	0.00872	0.02144	0.01345	0.02810	0.01098	0.01276	0.00880	0.00674	0.00468	0.00204	0.00638	0.00412	0.06058	0.00788
14	0.01327	0.00664	0.00664	0.00664	0.00830	0.00664	0.00498	0.01659	0.01493	0.02655	0.02323	0.02655	0.01825	0.00830	0.00498	0.00166	0.00332	0.00664	0.78928	0.00664
15	0.01841	0.01863	0.02888	0.04054	0.60213	0.08225	0.06035	0.02252	0.01662	0.02270	0.01323	0.01727	0.01106	0.00642	0.00707	0.00211	0.00908	0.00630	0.00354	0.01090
16	0.00993	0.00818	0.01288	0.07714	0.01657	0.00797	0.07730	0.01201	0.01414	0.01871	0.03589	0.57117	0.07220	0.01904	0.00881	0.00277	0.00540	0.01751	0.00599	0.00638
17	0.04080	0.01455	0.02083	0.04576	0.01961	0.01950	0.04303	0.01677	0.01162	0.01802	0.01293	0.09416	0.01342	0.01284	0.01993	0.00300	0.57427	0.00776	0.00356	0.00765
18	0.01661	0.01225	0.01161	0.01039	0.01295	0.08345	0.00808	0.09857	0.05139	0.02698	0.02018	0.02295	0.01593	0.00987	0.02987	0.00215	0.04617	0.00638	0.47349	0.04072
19	0.11599	0.05215	0.01883	0.01530	0.01933	0.26714	0.01212	0.20138	0.02132	0.02736	0.04352	0.05260	0.01427	0.00886	0.00768	0.00207	0.06121	0.00620	0.00498	0.04768
20	0.07566	0.01144	0.01364	0.01121	0.01517	0.01097	0.00893	0.11865	0.02053	0.29676	0.16396	0.03548	0.12237	0.05209	0.00900	0.00249	0.00545	0.00923	0.00751	0.00946
21	0.09786	0.01407	0.01571	0.04742	0.01883	0.01359	0.01010	0.17092	0.06295	0.02948	0.06289	0.03764	0.01616	0.00762	0.00614	0.00170	0.00595	0.00605	0.00536	0.36952
22	0.17180	0.49817	0.06433	0.01254	0.01842	0.04673	0.01217	0.06900	0.01559	0.02205	0.01060	0.01208	0.00907	0.00644	0.00489	0.00175	0.00753	0.00410	0.00362	0.00912
23	0.02321	0.01791	0.01867	0.01457	0.01990	0.05855	0.01175	0.38960	0.08344	0.06890	0.01758	0.01872	0.01326	0.03808	0.00789	0.00211	0.00727	0.00618	0.00629	0.17610

[dist]
# distance from previous block
# <min> <max>
0	1

[block]
# block no. 7 follows, 29 sequences, length 18
# corresponding to MSA columns:
# 313-330
name=unknown_H
#
# <colnr> <probs for GDERKNQSTAVLIFYWHMCP>
#	G	D	E	R	K	N	Q	S	T	A	V	L	I	F	Y	W	H	M	C	P
0	0.02283	0.01752	0.01961	0.01621	0.05505	0.01835	0.01251	0.44811	0.06587	0.03743	0.01742	0.04216	0.01349	0.00828	0.00680	0.00195	0.00707	0.00651	0.00632	0.17651
1	0.04801	0.01891	0.06644	0.16817	0.44491	0.08866	0.02035	0.02184	0.01602	0.02201	0.01284	0.01700	0.01045	0.00663	0.00688	0.00215	0.00911	0.00600	0.00348	0.01015
2	0.01661	0.01752	0.06651	0.22808	0.46450	0.04098	0.02127	0.02113	0.01575	0.02165	0.01308	0.01768	0.01059	0.00661	0.00703	0.00218	0.00901	0.00622	0.00340	0.01022
3	0.01517	0.01398	0.02297	0.43221	0.25412	0.01584	0.01928	0.04927	0.01614	0.02172	0.05928	0.02076	0.01405	0.00744	0.00718	0.00227	0.00868	0.00678	0.00377	0.00909
4	0.04175	0.00819	0.01212	0.07481	0.01589	0.00832	0.05316	0.01214	0.01377	0.01902	0.03327	0.58379	0.03877	0.01899	0.00906	0.00279	0.02468	0.01720	0.00592	0.00636
5	0.01034	0.00694	0.00797	0.00797	0.00804	0.00701	0.00457	0.01049	0.01042	0.01396	0.02225	0.04556	0.02544	0.71107	0.07431	0.00716	0.00758	0.01020	0.00429	0.00443
6	0.01508	0.07047	0.56583	0.02372	0.14089	0.01720	0.02485	0.02237	0.01520	0.02237	0.01273	0.01527	0.00940	0.00666	0.00670	0.00219	0.01004	0.00536	0.00309	0.01058
7	0.00866	0.00626	0.00820	0.00975	0.01029	0.00580	0.00654	0.00993	0.01379	0.01824	0.04120	0.70498	0.08597	0.02205	0.00905	0.00286	0.00410	0.01993	0.00661	0.00580
8	0.01627	0.01682	0.02274	0.01925	0.01983	0.06184	0.04916	0.01807	0.01174	0.01744	0.00970	0.01561	0.00941	0.01184	0.02163	0.00301	0.65831	0.00625	0.00317	0.00791
9	0.01490	0.13039	0.62473	0.01924	0.02918	0.01806	0.02447	0.02239	0.01496	0.02179	0.01240	0.01456	0.00904	0.00668	0.00648	0.00216	0.01014	0.00507	0.00301	0.01034
10	0.00883	0.00738	0.00772	0.00776	0.01001	0.00639	0.00577	0.01124	0.03652	0.02009	0.11048	0.11909	0.58830	0.01788	0.00843	0.00243	0.00369	0.01508	0.00671	0.00620
11	0.01036	0.00690	0.00777	0.00777	0.00777	0.00690	0.00431	0.01036	0.01036	0.01381	0.02244	0.04660	0.02589	0.74975	0.03624	0.00690	0.00690	0.01036	0.00431	0.00431
12	0.01711	0.01657	0.02902	0.07341	0.58676	0.01661	0.08030	0.02148	0.01618	0.02291	0.01444	0.02037	0.01236	0.00689	0.00729	0.00220	0.00875	0.03295	0.00364	0.01078
13	0.09313	0.01857	0.01947	0.01543	0.02071	0.02076	0.01262	0.50796	0.15008	0.04103	0.01860	0.01831	0.01345	0.00858	0.00691	0.00219	0.00724	0.00648	0.00691	0.01157
14	0.00876	0.00626	0.00834	0.00986	0.01035	0.00584	0.00662	0.01012	0.01401	0.01878	0.07794	0.70468	0.04827	0.02186	0.00905	0.00285	0.00409	0.01981	0.00668	0.00584
15	0.01477	0.01266	0.01477	0.01055	0.01687	0.00949	0.00844	0.01793	0.01477	0.02320	0.01266	0.01477	0.01055	0.00527	0.00527	0.00105	0.00527	0.00422	0.00422	0.79328
16	0.08651	0.01969	0.01965	0.01550	0.02074	0.06769	0.01267	0.53547	0.05463	0.04073	0.01682	0.01711	0.01217	0.00835	0.00678	0.00211	0.00773	0.00616	0.03824	0.01126
17	0.01094	0.00839	0.01052	0.00949	0.01210	0.00726	0.00720	0.01396	0.01793	0.02554	0.42268	0.12109	0.08111	0.01368	0.00783	0.00209	0.00400	0.03576	0.00680	0.18164

[dist]
# distance from previous block
# <min> <max>
0	1

[block]
# block no. 8 follows, 29 sequences, length 16
# corresponding to MSA columns:
# 332-347
name=unknown_I
#
# <colnr> <probs for GDERKNQSTAVLIFYWHMCP>
#	G	D	E	R	K	N	Q	S	T	A	V	L	I	F	Y	W	H	M	C	P
0	0.25462	0.01429	0.04501	0.04032	0.01798	0.01444	0.01058	0.07363	0.16336	0.16832	0.02333	0.08420	0.04190	0.00967	0.00654	0.00232	0.00600	0.00762	0.00628	0.00960
1	0.06181	0.02170	0.07484	0.02452	0.22222	0.21969	0.03449	0.02405	0.07983	0.02208	0.01717	0.02473	0.01518	0.01046	0.03496	0.00259	0.00974	0.08630	0.00431	0.00933
2	0.01853	0.05900	0.02615	0.14805	0.23477	0.10856	0.09241	0.06472	0.09316	0.02298	0.01464	0.01794	0.01165	0.00740	0.00793	0.00221	0.04953	0.00640	0.00408	0.00987
3	0.38169	0.05603	0.07664	0.05451	0.01900	0.01531	0.04777	0.06037	0.01502	0.02760	0.05819	0.06193	0.01667	0.01065	0.03395	0.00265	0.00717	0.04203	0.00470	0.00814
4	0.07022	0.11396	0.02119	0.06014	0.18949	0.10906	0.03053	0.01957	0.01659	0.02215	0.11768	0.07083	0.02450	0.01037	0.00717	0.00224	0.00763	0.09344	0.00473	0.00851
5	0.01532	0.01157	0.01315	0.01085	0.01460	0.01077	0.00813	0.10345	0.07814	0.04951	0.02334	0.09475	0.05712	0.18323	0.01356	0.00298	0.00585	0.00849	0.00542	0.28978
6	0.06164	0.32717	0.06691	0.01280	0.01724	0.11565	0.01170	0.01978	0.01532	0.01958	0.07844	0.02124	0.05377	0.01323	0.08436	0.00291	0.03626	0.00605	0.02775	0.00820
7	0.07180	0.01728	0.01801	0.01439	0.01919	0.04392	0.01168	0.45341	0.02711	0.03715	0.04305	0.04683	0.05307	0.01219	0.05144	0.00269	0.00791	0.00731	0.00643	0.05514
8	0.02386	0.01784	0.01926	0.01543	0.02033	0.01973	0.01248	0.52649	0.11382	0.04003	0.02104	0.09899	0.01719	0.01021	0.00736	0.00226	0.00715	0.00815	0.00708	0.01130
9	0.01376	0.01295	0.02160	0.58344	0.14510	0.01537	0.01918	0.01824	0.01466	0.01902	0.01652	0.02190	0.05346	0.00769	0.00719	0.00234	0.00897	0.00688	0.00344	0.00830
10	0.00958	0.00736	0.00883	0.00876	0.01072	0.00661	0.00676	0.01231	0.01814	0.02397	0.37087	0.06255	0.31795	0.01656	0.00858	0.00243	0.00384	0.09058	0.00720	0.00642
11	0.01572	0.01724	0.04679	0.02116	0.09154	0.11753	0.21995	0.04074	0.01706	0.02134	0.02786	0.11234	0.13300	0.01267	0.03317	0.00270	0.00922	0.04690	0.00472	0.00836
12	0.01546	0.01307	0.01514	0.01088	0.01717	0.01020	0.00872	0.05526	0.01582	0.02442	0.01291	0.01490	0.01063	0.00546	0.00538	0.00112	0.00542	0.00434	0.00438	0.74934
13	0.01945	0.03519	0.13752	0.01381	0.01867	0.01296	0.01293	0.13553	0.04523	0.18451	0.07879	0.10986	0.02500	0.01153	0.00751	0.00236	0.00665	0.08222	0.05062	0.00966
14	0.01862	0.59546	0.05789	0.01278	0.01860	0.04915	0.01242	0.02312	0.09165	0.01855	0.01425	0.01519	0.03330	0.00695	0.00514	0.00169	0.00754	0.00474	0.00366	0.00930
15	0.03880	0.42146	0.02852	0.01363	0.01841	0.04080	0.01237	0.07097	0.08880	0.05754	0.01492	0.01843	0.01289	0.00831	0.00764	0.00200	0.08999	0.04077	0.00435	0.00939

[dist]
# distance from previous block
# <min> <max>
0	1

[block]
# block no. 9 follows, 29 sequences, length 151
# corresponding to MSA columns:
# 349-499
name=unknown_J
#
# <colnr> <probs for GDERKNQSTAVLIFYWHMCP>
#	G	D	E	R	K	N	Q	S	T	A	V	L	I	F	Y	W	H	M	C	P
0	0.01760	0.01197	0.01298	0.01120	0.01407	0.03300	0.00879	0.18454	0.01933	0.05695	0.02102	0.07686	0.01776	0.03280	0.03735	0.00252	0.05612	0.00755	0.32760	0.04997
1	0.07215	0.08539	0.07686	0.21444	0.05273	0.04061	0.06189	0.06417	0.08446	0.06730	0.05827	0.02009	0.01501	0.00768	0.00673	0.00215	0.00806	0.00645	0.00465	0.05093
2	0.02594	0.01876	0.02031	0.01583	0.02117	0.02070	0.01296	0.57809	0.08802	0.06826	0.01836	0.01834	0.01315	0.00923	0.00787	0.03015	0.00752	0.00657	0.00706	0.01172
3	0.80005	0.01377	0.01047	0.00936	0.01377	0.01597	0.00771	0.02093	0.01212	0.03195	0.00991	0.01157	0.00771	0.00661	0.00441	0.00220	0.00551	0.00386	0.00441	0.00771
4	0.00874	0.00724	0.00756	0.00759	0.00979	0.00619	0.00567	0.01061	0.01617	0.01961	0.10722	0.06688	0.60074	0.05671	0.00995	0.00267	0.00388	0.04024	0.00656	0.00599
5	0.01350	0.00758	0.01073	0.01024	0.01061	0.00805	0.00716	0.05361	0.01094	0.01475	0.01252	0.02103	0.01219	0.02303	0.02624	0.69927	0.04505	0.00620	0.00336	0.00393
6	0.01562	0.39809	0.19233	0.01338	0.01938	0.02005	0.01422	0.01949	0.01566	0.02050	0.14585	0.05929	0.02235	0.00875	0.00608	0.00191	0.00730	0.00678	0.00415	0.00882
7	0.00887	0.00671	0.00819	0.00893	0.01018	0.00603	0.00627	0.01068	0.01566	0.02049	0.17667	0.41093	0.24548	0.01955	0.00876	0.00262	0.00383	0.01728	0.00685	0.00603
8	0.02318	0.01693	0.01856	0.01466	0.02001	0.01798	0.01189	0.35594	0.19862	0.09632	0.02043	0.01979	0.01482	0.00835	0.00687	0.00205	0.00672	0.00656	0.00685	0.13348
9	0.01904	0.75404	0.03731	0.01218	0.01828	0.02818	0.01218	0.02132	0.01447	0.01675	0.00990	0.01142	0.00914	0.00609	0.00457	0.00152	0.00761	0.00381	0.00305	0.00914
10	0.01904	0.75404	0.03731	0.01218	0.01828	0.02818	0.01218	0.02132	0.01447	0.01675	0.00990	0.01142	0.00914	0.00609	0.00457	0.00152	0.00761	0.00381	0.00305	0.00914
11	0.00907	0.00724	0.00811	0.00790	0.01002	0.00629	0.00592	0.01148	0.01777	0.02288	0.31833	0.06253	0.45398	0.01667	0.00841	0.00234	0.00351	0.01419	0.00709	0.00629
12	0.00891	0.00642	0.00848	0.00991	0.01056	0.00599	0.00683	0.01043	0.01435	0.01912	0.08732	0.63321	0.07505	0.02145	0.00905	0.00285	0.00418	0.05332	0.00669	0.00590
13	0.01012	0.00842	0.00890	0.00872	0.01108	0.00794	0.00648	0.01484	0.12341	0.02134	0.11024	0.10770	0.47022	0.04701	0.00943	0.00261	0.00408	0.01393	0.00671	0.00681
14	0.08119	0.02491	0.02094	0.02109	0.13357	0.33682	0.01442	0.20627	0.02231	0.02698	0.01327	0.01522	0.01052	0.00902	0.03094	0.00232	0.01042	0.00543	0.00466	0.00971
15	0.00847	0.00722	0.00729	0.00727	0.00965	0.00604	0.00545	0.01033	0.01636	0.01955	0.09359	0.06801	0.68079	0.01792	0.00842	0.00240	0.00360	0.01495	0.00665	0.00604
16	0.00875	0.00623	0.00824	0.00983	0.01022	0.00583	0.00651	0.00993	0.01350	0.01800	0.03855	0.71608	0.04621	0.05254	0.01022	0.00306	0.00425	0.01983	0.00651	0.00572
17	0.02275	0.01502	0.01766	0.01569	0.04739	0.01599	0.01229	0.23725	0.20281	0.17937	0.02576	0.03126	0.02043	0.01058	0.00759	0.00241	0.00669	0.11081	0.00728	0.01097
18	0.02091	0.04261	0.01958	0.04242	0.12876	0.01627	0.01319	0.21746	0.13097	0.12303	0.11798	0.02718	0.02308	0.00957	0.00733	0.00223	0.00670	0.03352	0.00659	0.01060
19	0.00868	0.00620	0.00826	0.00991	0.01033	0.00578	0.00661	0.00991	0.01363	0.01818	0.03925	0.74510	0.04710	0.02231	0.00909	0.00289	0.00413	0.02024	0.00661	0.00578
20	0.23837	0.15717	0.01883	0.06860	0.01892	0.08960	0.01074	0.11222	0.01746	0.07505	0.01438	0.01602	0.01106	0.00728	0.00550	0.00196	0.00702	0.00509	0.11590	0.00881
21	0.01505	0.01291	0.01489	0.01093	0.01703	0.01028	0.00871	0.01984	0.07976	0.02383	0.01422	0.01590	0.01162	0.00569	0.00546	0.00119	0.00531	0.00459	0.00451	0.71829
22	0.01249	0.00939	0.01345	0.01657	0.14608	0.00891	0.01055	0.01537	0.01697	0.05970	0.19309	0.16756	0.14592	0.01549	0.00847	0.00255	0.00528	0.13814	0.00641	0.00759
23	0.04155	0.63881	0.09973	0.01289	0.01933	0.02610	0.01333	0.02190	0.01466	0.04207	0.01081	0.01222	0.00938	0.00627	0.00486	0.00164	0.00777	0.00406	0.00328	0.00933
24	0.00873	0.00624	0.00831	0.00988	0.01034	0.00582	0.00661	0.01005	0.01388	0.01857	0.06402	0.71922	0.04785	0.02202	0.00906	0.00287	0.00410	0.01997	0.00666	0.00582
25	0.01087	0.00828	0.01000	0.00991	0.01155	0.00831	0.00717	0.01594	0.12495	0.02364	0.29327	0.21206	0.10114	0.08794	0.03946	0.00325	0.00489	0.01357	0.00685	0.00693
26	0.01606	0.01426	0.02215	0.54634	0.11341	0.01693	0.01900	0.12436	0.01751	0.02298	0.01344	0.01854	0.01010	0.00727	0.00711	0.00231	0.00912	0.00634	0.00383	0.00893
27	0.01062	0.00746	0.00931	0.00874	0.01073	0.00672	0.00659	0.01362	0.01933	0.05450	0.53947	0.05528	0.20090	0.01506	0.00835	0.00227	0.00352	0.01310	0.00762	0.00679
28	0.02925	0.01644	0.01920	0.01472	0.02033	0.01688	0.01216	0.39172	0.02761	0.34303	0.02202	0.02030	0.01458	0.00867	0.00714	0.00217	0.00704	0.00675	0.00788	0.01211
29	0.07771	0.01400	0.06235	0.01304	0.01851	0.01170	0.01130	0.05861	0.04241	0.53506	0.02607	0.05978	0.01785	0.00925	0.00706	0.00225	0.00628	0.00750	0.00791	0.01138
30	0.01747	0.01431	0.01543	0.01378	0.01761	0.01621	0.01073	0.05363	0.56582	0.05192	0.11427	0.02960	0.02711	0.01022	0.00739	0.00238	0.00542	0.00859	0.00737	0.01074
31	0.01327	0.00664	0.00664	0.00664	0.00830	0.00664	0.00498	0.01659	0.01493	0.02655	0.02323	0.02655	0.01825	0.00830	0.00498	0.00166	0.00332	0.00664	0.78928	0.00664
32	0.01410	0.01340	0.02174	0.50113	0.03955	0.01702	0.04507	0.01806	0.01355	0.01845	0.01233	0.01845	0.00985	0.00843	0.01106	0.00253	0.18731	0.00640	0.03367	0.00790
33	0.01448	0.01408	0.01965	0.01729	0.01736	0.01925	0.01415	0.01599	0.01134	0.01730	0.01411	0.13191	0.01537	0.01403	0.02109	0.00308	0.61990	0.00847	0.00367	0.00747
34	0.00889	0.00629	0.00820	0.00964	0.01000	0.00593	0.00632	0.00997	0.01321	0.01762	0.03709	0.65570	0.04438	0.11542	0.01256	0.00341	0.00449	0.01898	0.00632	0.00560
35	0.01382	0.01304	0.02203	0.67129	0.10748	0.01592	0.01996	0.01852	0.01441	0.01864	0.01272	0.01886	0.00965	0.00705	0.00711	0.00235	0.00940	0.00633	0.00320	0.00821
36	0.02208	0.01687	0.01741	0.01421	0.01828	0.05374	0.01117	0.43966	0.05381	0.03521	0.02017	0.08406	0.01764	0.12311	0.01164	0.00291	0.00740	0.00817	0.03250	0.00996
37	0.00867	0.00623	0.00823	0.00982	0.01030	0.00579	0.00657	0.00993	0.01372	0.01821	0.04040	0.72136	0.07009	0.02216	0.00907	0.00287	0.00411	0.02006	0.00661	0.00579
38	0.02957	0.01326	0.01691	0.01325	0.01858	0.01250	0.01085	0.09365	0.11280	0.55770	0.02722	0.02391	0.01769	0.00890	0.00717	0.00223	0.00616	0.00721	0.00845	0.01200
