[name]
unknown

[dist]
# distance from previous block
# <min> <max>
0	79

[block]
# block no. 0 follows, 30 sequences, length 7
# corresponding to MSA columns:
# 91-97
name=unknown_A
#
# <colnr> <probs for GDERKNQSTAVLIFYWHMCP>
#	G	D	E	R	K	N	Q	S	T	A	V	L	I	F	Y	W	H	M	C	P
0	0.01198	0.00826	0.01040	0.01094	0.01265	0.00818	0.00840	0.01622	0.09960	0.06653	0.07191	0.30261	0.09413	0.05359	0.00996	0.00295	0.00506	0.19304	0.00664	0.00695
1	0.52415	0.01178	0.01031	0.00906	0.01291	0.01283	0.00729	0.01985	0.01286	0.07442	0.01326	0.01526	0.01028	0.00786	0.00605	0.05053	0.00513	0.00458	0.12601	0.06558
2	0.01701	0.01375	0.01714	0.01318	0.01817	0.01297	0.05645	0.20424	0.01914	0.02728	0.01616	0.05501	0.01404	0.04890	0.08159	0.00284	0.00774	0.00644	0.00497	0.36297
3	0.01715	0.08559	0.01643	0.01265	0.01582	0.12324	0.01005	0.11259	0.08806	0.05080	0.09845	0.02992	0.10623	0.05450	0.11672	0.00370	0.03640	0.00806	0.00540	0.00822
4	0.01539	0.01138	0.01435	0.09604	0.01900	0.01095	0.01000	0.07824	0.04502	0.08907	0.02394	0.20483	0.05109	0.01121	0.00754	0.00203	0.03313	0.00951	0.00548	0.26179
5	0.01778	0.03999	0.01912	0.05997	0.08975	0.10290	0.06657	0.05542	0.12459	0.08358	0.02096	0.07467	0.03426	0.01399	0.09044	0.00316	0.00888	0.00769	0.03825	0.04805
6	0.01647	0.01882	0.04118	0.02941	0.03647	0.01765	0.68588	0.02235	0.01647	0.02235	0.01412	0.01882	0.01059	0.00588	0.00824	0.00235	0.01176	0.00824	0.00353	0.00941

[dist]
# distance from previous block
# <min> <max>
0	1

[block]
# block no. 1 follows, 30 sequences, length 151
# corresponding to MSA columns:
# 99-249
name=unknown_B
#
# <colnr> <probs for GDERKNQSTAVLIFYWHMCP>
#	G	D	E	R	K	N	Q	S	T	A	V	L	I	F	Y	W	H	M	C	P
0	0.01691	0.01362	0.01498	0.01119	0.01682	0.03469	0.00897	0.11509	0.01759	0.05320	0.01680	0.01810	0.04462	0.00656	0.00568	0.00134	0.00565	0.00518	0.03644	0.55659
1	0.01086	0.00946	0.04293	0.00898	0.01157	0.00800	0.00713	0.01488	0.08924	0.04643	0.15084	0.05344	0.38597	0.11567	0.01171	0.00292	0.00457	0.01231	0.00633	0.00676
2	0.00997	0.00686	0.00845	0.00867	0.00899	0.00705	0.00552	0.01066	0.01086	0.01471	0.02356	0.11926	0.02653	0.52169	0.16317	0.00709	0.00873	0.02897	0.00444	0.00483
3	0.01224	0.00761	0.00936	0.00900	0.01094	0.00680	0.00651	0.01416	0.01594	0.11495	0.19455	0.22101	0.19800	0.11015	0.01162	0.00293	0.00439	0.01356	0.00669	0.02958
4	0.01605	0.01489	0.01548	0.01392	0.01573	0.13108	0.01092	0.08234	0.04275	0.02035	0.01594	0.02224	0.01434	0.07758	0.22917	0.00533	0.18513	0.00668	0.07260	0.00748
5	0.02607	0.03326	0.01978	0.01798	0.02157	0.72674	0.01348	0.02787	0.01978	0.01708	0.01079	0.01258	0.00899	0.00719	0.00629	0.00180	0.01258	0.00449	0.00360	0.00809
6	0.02505	0.02984	0.01920	0.01720	0.02094	0.58724	0.01304	0.08687	0.07618	0.02069	0.01307	0.01441	0.01048	0.00751	0.00638	0.00187	0.01133	0.00498	0.02510	0.00862
7	0.00847	0.00696	0.00746	0.00759	0.00963	0.00595	0.00559	0.01035	0.01606	0.01981	0.14219	0.14640	0.55385	0.01777	0.00832	0.00239	0.00357	0.01508	0.00662	0.00595
8	0.00910	0.00725	0.00830	0.00875	0.01075	0.00644	0.00690	0.01129	0.01605	0.01991	0.10456	0.11065	0.46195	0.01808	0.00862	0.00258	0.00425	0.17196	0.00655	0.00605
9	0.02361	0.01726	0.01860	0.01468	0.01943	0.01904	0.01191	0.55315	0.05304	0.03933	0.01842	0.03888	0.01433	0.04980	0.02842	0.00260	0.00751	0.00695	0.05224	0.01080
10	0.01301	0.01103	0.01735	0.03772	0.11575	0.01095	0.10373	0.08998	0.01636	0.02211	0.02833	0.44203	0.03137	0.01550	0.00826	0.00256	0.00627	0.01439	0.00560	0.00771
11	0.00997	0.00748	0.01121	0.01121	0.01246	0.00872	0.00872	0.01246	0.01121	0.01620	0.01869	0.02741	0.01745	0.05234	0.72710	0.01121	0.01869	0.00748	0.00374	0.00623
12	0.02251	0.01459	0.07307	0.01288	0.01771	0.01284	0.01110	0.13803	0.11708	0.30502	0.05003	0.02930	0.09632	0.05630	0.00895	0.00249	0.00623	0.00810	0.00712	0.01031
13	0.05392	0.01692	0.06126	0.01646	0.07576	0.01702	0.01265	0.34397	0.11257	0.03321	0.03884	0.07440	0.03648	0.06374	0.00913	0.00254	0.00696	0.00795	0.00611	0.01011
14	0.01045	0.00798	0.01053	0.01059	0.01133	0.00827	0.02767	0.03700	0.01320	0.01774	0.03119	0.41691	0.06134	0.22207	0.01729	0.00387	0.06633	0.01494	0.00550	0.00580
15	0.59256	0.07410	0.01510	0.03493	0.01686	0.07480	0.03656	0.04569	0.01373	0.02864	0.01033	0.01217	0.00812	0.00656	0.00484	0.00209	0.00662	0.00419	0.00418	0.00795
16	0.04605	0.12826	0.38779	0.01770	0.02465	0.07661	0.03804	0.02102	0.01454	0.02046	0.01337	0.04111	0.01139	0.00823	0.00838	0.00224	0.09582	0.03181	0.00334	0.00919
17	0.00898	0.00679	0.00817	0.00864	0.00996	0.00609	0.00603	0.01067	0.01495	0.01965	0.16014	0.35407	0.23632	0.07960	0.01069	0.00286	0.00403	0.01585	0.00643	0.03006
18	0.01726	0.01303	0.01535	0.07219	0.01853	0.01373	0.01045	0.26074	0.02147	0.03006	0.11555	0.09949	0.02345	0.03506	0.00851	0.00220	0.03589	0.00840	0.07414	0.12451
19	0.01463	0.03433	0.01550	0.03858	0.03959	0.03982	0.06546	0.01879	0.07597	0.09313	0.10137	0.12704	0.11695	0.05866	0.00999	0.00269	0.02825	0.08373	0.02779	0.00775
20	0.03131	0.01188	0.01619	0.01242	0.01781	0.01026	0.01026	0.03401	0.01997	0.71606	0.02753	0.02375	0.01727	0.00864	0.00702	0.00216	0.00594	0.00702	0.00864	0.01188
21	0.07952	0.01246	0.01976	0.63275	0.04333	0.01519	0.01784	0.01906	0.01416	0.06239	0.01312	0.01833	0.00965	0.00704	0.00676	0.00230	0.00877	0.00605	0.00355	0.00799
22	0.01716	0.01798	0.06482	0.03891	0.60511	0.04476	0.02076	0.02130	0.01569	0.02215	0.01306	0.01721	0.01100	0.00790	0.02999	0.00238	0.02961	0.00613	0.00343	0.01065
23	0.00968	0.00697	0.00919	0.00922	0.01061	0.00649	0.00685	0.01254	0.01822	0.02547	0.53000	0.19624	0.06026	0.01612	0.00845	0.00239	0.00364	0.05391	0.00736	0.00639
24	0.01015	0.00677	0.00761	0.00761	0.00761	0.00677	0.00423	0.01015	0.01015	0.01353	0.02199	0.04567	0.02537	0.75476	0.03552	0.00677	0.00677	0.01015	0.00423	0.00423
25	0.04264	0.65741	0.08886	0.01266	0.01885	0.04738	0.01294	0.02119	0.01432	0.01734	0.00996	0.01152	0.00890	0.00607	0.00470	0.00158	0.00778	0.00387	0.00304	0.00899
26	0.04228	0.02618	0.23798	0.07217	0.13520	0.19046	0.07382	0.05179	0.01714	0.04334	0.01477	0.01718	0.03255	0.00716	0.00676	0.00210	0.00998	0.00586	0.00375	0.00952
27	0.01103	0.00793	0.01097	0.01250	0.01411	0.00787	0.01084	0.01412	0.01597	0.02070	0.03845	0.09904	0.06918	0.01929	0.00956	0.00316	0.00623	0.61625	0.00643	0.00638
28	0.01570	0.01316	0.01497	0.01122	0.01691	0.01126	0.00892	0.07453	0.10274	0.02503	0.01506	0.01700	0.01227	0.02693	0.00641	0.00145	0.00546	0.00495	0.00475	0.61128
29	0.01616	0.06612	0.21049	0.04593	0.12125	0.06617	0.19431	0.02105	0.01499	0.02052	0.01313	0.04133	0.01096	0.00774	0.00944	0.00231	0.11874	0.00666	0.00336	0.00931
30	0.01318	0.01240	0.02093	0.73798	0.04806	0.01550	0.01938	0.01783	0.01395	0.01783	0.01240	0.01860	0.00930	0.00698	0.00698	0.00233	0.00930	0.00620	0.00310	0.00775
31	0.02486	0.02925	0.01932	0.01724	0.02109	0.55374	0.01311	0.09552	0.11883	0.02153	0.01392	0.01494	0.01105	0.00764	0.00648	0.00191	0.01107	0.00516	0.00444	0.00890
32	0.01255	0.00980	0.01202	0.01263	0.06975	0.03249	0.00858	0.01709	0.08570	0.05488	0.37692	0.13028	0.09712	0.01355	0.00788	0.00224	0.00452	0.01188	0.00683	0.03328
33	0.01427	0.00811	0.01068	0.00948	0.01193	0.00732	0.00731	0.01739	0.01969	0.17021	0.54823	0.04669	0.07444	0.01320	0.00798	0.00219	0.00385	0.01152	0.00784	0.00766
34	0.02653	0.01955	0.02094	0.01606	0.02164	0.02164	0.01326	0.68796	0.03281	0.04398	0.01675	0.01675	0.01187	0.00838	0.00698	0.00209	0.00768	0.00628	0.00698	0.01187
35	0.01003	0.00725	0.01006	0.01006	0.01090	0.00809	0.00728	0.01172	0.01087	0.01534	0.01975	0.03328	0.01999	0.27819	0.50473	0.00978	0.01486	0.00834	0.00390	0.00559
36	0.02608	0.03275	0.01982	0.01791	0.02158	0.70050	0.01347	0.05244	0.02026	0.01808	0.01101	0.01274	0.00910	0.00724	0.00632	0.00181	0.01240	0.00456	0.00372	0.00823
37	0.02007	0.01487	0.01615	0.01383	0.01813	0.01646	0.01095	0.14735	0.45454	0.11614	0.02907	0.02686	0.06447	0.00972	0.00715	0.00229	0.00582	0.00795	0.00723	0.01095
38	0.00970	0.00728	0.00921	0.01010	0.01171	0.00680	0.00808	0.01212	0.01593	0.02050	0.12158	0.19633	0.24268	0.01872	0.00893	0.00278	0.00478	0.28002	0.00659	0.00614
39	0.00832	0.00707	0.00717	0.00714	0.00947	0.00592	0.00536	0.01015	0.01607	0.01924	0.09797	0.06651	0.68087	0.01753	0.00825	0.00235	0.00352	0.01464	0.00653	0.00592
40	0.13907	0.01740	0.01822	0.03855	0.03735	0.03702	0.01223	0.36861	0.16851	0.06592	0.01826	0.01818	0.01328	0.00821	0.00659	0.00216	0.00700	0.00623	0.00639	0.01081
41	0.26070	0.01267	0.01393	0.01123	0.01593	0.01279	0.00922	0.10333	0.01845	0.35963	0.02044	0.01946	0.01380	0.00791	0.00598	0.00209	0.00569	0.00591	0.09086	0.01001
42	0.01011	0.00741	0.01089	0.01089	0.01211	0.00856	0.00840	0.01255	0.01133	0.01653	0.01898	0.02798	0.01774	0.07464	0.67211	0.01065	0.01761	0.00753	0.03783	0.00617
43	0.14313	0.01716	0.01712	0.01372	0.01844	0.04282	0.01119	0.44577	0.05526	0.03809	0.01677	0.01742	0.01232	0.00806	0.00627	0.00204	0.00682	0.00594	0.11134	0.01033
44	0.01477	0.01377	0.02262	0.51508	0.21338	0.01603	0.01941	0.04049	0.03862	0.02030	0.01327	0.01847	0.01024	0.00692	0.00696	0.00226	0.00887	0.00627	0.00345	0.00883
45	0.01774	0.08778	0.01721	0.09555	0.01954	0.19591	0.01128	0.09024	0.01710	0.02166	0.01671	0.06975	0.01473	0.01411	0.09501	0.00310	0.03766	0.00670	0.16044	0.00781
46	0.70630	0.04099	0.04086	0.01133	0.04784	0.01615	0.00912	0.02063	0.01227	0.03000	0.00999	0.01175	0.00783	0.00645	0.00454	0.00213	0.00581	0.00395	0.00417	0.00789
47	0.01699	0.25825	0.05697	0.01402	0.01796	0.08458	0.03918	0.09344	0.01574	0.01991	0.01449	0.04302	0.01347	0.07134	0.15111	0.00412	0.06710	0.00627	0.00387	0.00819
48	0.01336	0.04368	0.01136	0.00982	0.01189	0.00790	0.00741	0.01584	0.01748	0.13649	0.34966	0.26815	0.04890	0.01537	0.00807	0.00236	0.00417	0.01358	0.00723	0.00727
49	0.08855	0.11812	0.30623	0.01625	0.04879	0.04937	0.03860	0.01914	0.01410	0.02063	0.04187	0.05784	0.01476	0.07071	0.01020	0.05798	0.00836	0.00652	0.00364	0.00836
50	0.04163	0.15139	0.45651	0.02126	0.12569	0.01791	0.02169	0.02219	0.01491	0.04739	0.01261	0.01474	0.00945	0.00653	0.00625	0.00207	0.00923	0.00510	0.00328	0.01016
51	0.03115	0.01212	0.01635	0.01253	0.01794	0.01062	0.01035	0.05517	0.02039	0.69432	0.02718	0.02353	0.01710	0.00863	0.00702	0.00216	0.00599	0.00699	0.00858	0.01188
52	0.01144	0.00610	0.00866	0.00900	0.00922	0.00602	0.00605	0.00983	0.01046	0.01450	0.01855	0.17436	0.01974	0.02237	0.02152	0.56278	0.00540	0.00899	0.07114	0.00388
53	0.22524	0.11889	0.07039	0.09535	0.16132	0.11602	0.01457	0.02289	0.04428	0.05299	0.01260	0.01486	0.00993	0.00674	0.00582	0.00203	0.00804	0.00503	0.00394	0.00908
54	0.00897	0.00650	0.00851	0.00953	0.01043	0.00604	0.00673	0.01082	0.01513	0.02035	0.18999	0.50481	0.09448	0.01972	0.00876	0.00268	0.00400	0.05986	0.00674	0.00594
55	0.00987	0.00665	0.00769	0.00797	0.00804	0.00658	0.00461	0.01007	0.01069	0.01426	0.02478	0.16508	0.02889	0.63053	0.03101	0.00610	0.00630	0.01179	0.00461	0.00447
56	0.02330	0.01789	0.01874	0.04070	0.02066	0.07690	0.01243	0.46145	0.02686	0.06842	0.01822	0.06494	0.01460	0.01387	0.08507	0.00312	0.00902	0.00716	0.00626	0.01040
57	0.01497	0.11593	0.39371	0.04492	0.02661	0.01761	0.07055	0.04522	0.01511	0.02150	0.03497	0.01854	0.01223	0.00921	0.03046	0.00253	0.08590	0.02718	0.00345	0.00940
58	0.01102	0.00787	0.01098	0.01259	0.01410	0.00784	0.01085	0.01406	0.01584	0.02063	0.03707	0.13438	0.04066	0.01949	0.00958	0.00318	0.00623	0.61084	0.00643	0.00636
59	0.01321	0.01214	0.02025	0.61703	0.08995	0.01468	0.01831	0.01738	0.01401	0.01806	0.01494	0.02185	0.03188	0.00831	0.00791	0.03464	0.00884	0.02557	0.00332	0.00769
60	0.21700	0.04159	0.03925	0.10456	0.01953	0.06451	0.01124	0.07911	0.01586	0.02493	0.11557	0.05294	0.01996	0.01490	0.10138	0.00340	0.05478	0.00703	0.00469	0.00777
61	0.01404	0.00922	0.01091	0.06304	0.01378	0.01012	0.00790	0.10234	0.01596	0.02457	0.04647	0.02776	0.01895	0.12174	0.08393	0.00355	0.04183	0.00730	0.36962	0.00699
62	0.77355	0.01437	0.03760	0.00959	0.01414	0.01568	0.00826	0.02057	0.01199	0.03095	0.00982	0.01147	0.00761	0.00648	0.00441	0.00216	0.00559	0.00383	0.00427	0.00766
63	0.01011	0.00692	0.00840	0.00840	0.00867	0.00719	0.00521	0.01065	0.01038	0.01412	0.02127	0.04167	0.02363	0.60095	0.18695	0.00774	0.00938	0.00956	0.00412	0.00467
64	0.04901	0.01667	0.17094	0.14651	0.04703	0.01300	0.01481	0.08212	0.03784	0.07408	0.07989	0.16441	0.02281	0.01248	0.03508	0.00268	0.00762	0.00926	0.00511	0.00865
65	0.01390	0.01177	0.01379	0.01020	0.01578	0.00896	0.00801	0.01677	0.01425	0.02208	0.01457	0.06781	0.01338	0.03127	0.00644	0.00135	0.00514	0.00545	0.00430	0.71477
66	0.02030	0.02015	0.01720	0.01533	0.01930	0.20589	0.01185	0.07949	0.47260	0.02700	0.02293	0.02183	0.01738	0.00879	0.00688	0.00220	0.00755	0.00688	0.00616	0.01032
67	0.01702	0.01942	0.03777	0.02725	0.03400	0.06830	0.59000	0.02242	0.01657	0.02200	0.01376	0.01807	0.01046	0.00593	0.00788	0.00222	0.01136	0.00768	0.00358	0.06432
68	0.01182	0.00866	0.01081	0.01017	0.01103	0.00963	0.00715	0.06728	0.01263	0.01745	0.03869	0.03596	0.02190	0.41566	0.23052	0.00726	0.06448	0.00883	0.00432	0.00575
69	0.04623	0.01502	0.01602	0.01394	0.01812	0.01698	0.01099	0.11713	0.52264	0.07508	0.05152	0.02519	0.02104	0.00935	0.00703	0.00231	0.00573	0.00767	0.00711	0.01092
70	0.00949	0.00663	0.00832	0.00879	0.00934	0.00642	0.00575	0.01074	0.01338	0.01825	0.17216	0.30076	0.04102	0.30022	0.05337	0.00460	0.00562	0.01404	0.00574	0.00534
71	0.34315	0.01468	0.01477	0.01216	0.01695	0.01600	0.00994	0.17370	0.11724	0.18935	0.01801	0.01747	0.01270	0.00782	0.00592	0.00217	0.00604	0.00566	0.00629	0.00999
72	0.71207	0.01369	0.01135	0.03473	0.01523	0.01575	0.00833	0.05296	0.01324	0.05573	0.01078	0.01229	0.00817	0.00666	0.00463	0.00216	0.00566	0.00410	0.00456	0.00792
73	0.00868	0.00623	0.00817	0.00949	0.01005	0.00580	0.00638	0.01007	0.01395	0.01869	0.10342	0.64138	0.06610	0.04408	0.00966	0.00288	0.00405	0.01869	0.00652	0.00572
74	0.00858	0.00611	0.00807	0.00962	0.01000	0.00572	0.00637	0.00974	0.01321	0.01761	0.03767	0.71636	0.04516	0.05706	0.01018	0.00302	0.00418	0.01937	0.00637	0.00560
75	0.10928	0.01745	0.01830	0.01436	0.01942	0.01929	0.01180	0.52138	0.04964	0.05944	0.01716	0.01742	0.01235	0.00819	0.00652	0.00207	0.00695	0.00610	0.07194	0.01093
76	0.01339	0.00701	0.00715	0.00695	0.00872	0.00707	0.00526	0.04114	0.01551	0.02676	0.04984	0.02671	0.01957	0.00838	0.00509	0.00167	0.00342	0.00674	0.73290	0.00671
77	0.01756	0.13528	0.27605	0.06008	0.02499	0.01636	0.06374	0.04676	0.01636	0.12204	0.06517	0.01882	0.01461	0.00750	0.00707	0.00205	0.03275	0.00604	0.00440	0.06240
78	0.02198	0.01436	0.01738	0.01648	0.10008	0.01498	0.01157	0.29523	0.04912	0.15743	0.02132	0.07555	0.01736	0.07585	0.00949	0.00254	0.00662	0.00783	0.07468	0.01014
79	0.00870	0.00621	0.00832	0.00994	0.01043	0.00584	0.00682	0.01006	0.01356	0.01804	0.03835	0.70169	0.04572	0.02168	0.00896	0.00286	0.00422	0.06640	0.00647	0.00572
80	0.01940	0.52322	0.11259	0.01481	0.04129	0.12347	0.01410	0.04686	0.01577	0.01839	0.01055	0.01219	0.00912	0.00631	0.00515	0.00166	0.00854	0.00417	0.00323	0.00916
81	0.01034	0.00741	0.00928	0.00955	0.01114	0.00689	0.00695	0.01331	0.04880	0.04497	0.23101	0.34889	0.13824	0.01748	0.00839	0.00250	0.00403	0.04322	0.00685	0.03075
82	0.01419	0.04626	0.01435	0.14745	0.01937	0.01210	0.01010	0.13365	0.01663	0.02257	0.04443	0.05367	0.09196	0.09930	0.10322	0.06190	0.00800	0.00829	0.08538	0.00718
83	0.07111	0.01535	0.06946	0.14678	0.02907	0.01427	0.26104	0.02067	0.01561	0.09837	0.04265	0.06887	0.04092	0.00852	0.00786	0.00232	0.03168	0.00823	0.03854	0.00867
84	0.80405	0.01350	0.01026	0.00918	0.01350	0.01565	0.00756	0.02051	0.01188	0.03131	0.00972	0.01134	0.00756	0.00648	0.00432	0.00216	0.00540	0.00378	0.00432	0.00756
85	0.01428	0.00939	0.01107	0.01027	0.01239	0.00951	0.00760	0.06067	0.11524	0.09298	0.16897	0.09855	0.06326	0.20216	0.01483	0.00348	0.00532	0.05415	0.03849	0.00738
86	0.01571	0.01812	0.06624	0.02646	0.03298	0.01630	0.57477	0.02135	0.01627	0.02254	0.04281	0.02063	0.01334	0.00791	0.03190	0.00260	0.01118	0.00817	0.04162	0.00909
87	0.00849	0.00611	0.00806	0.00961	0.01009	0.00568	0.00643	0.00973	0.01346	0.01786	0.03977	0.72243	0.07308	0.02169	0.00888	0.00281	0.00403	0.01963	0.00648	0.00568
88	0.01498	0.01566	0.02928	0.02237	0.02602	0.01718	0.35021	0.01865	0.01359	0.01926	0.01355	0.02064	0.01195	0.07411	0.07832	0.00373	0.25130	0.00763	0.00345	0.00812
89	0.26621	0.01294	0.01415	0.01144	0.01619	0.01317	0.00938	0.10312	0.04259	0.35145	0.02049	0.01940	0.01386	0.00793	0.00602	0.00212	0.00575	0.00593	0.06774	0.01010
90	0.00941	0.00700	0.00950	0.01028	0.01118	0.00662	0.02743	0.03111	0.01436	0.01914	0.06999	0.61726	0.07279	0.04639	0.00971	0.00288	0.00443	0.01816	0.00638	0.00598
91	0.02240	0.01317	0.01563	0.01272	0.01698	0.01327	0.01038	0.26703	0.02409	0.23878	0.16003	0.03354	0.07244	0.01100	0.00751	0.00223	0.00593	0.05527	0.00754	0.01005
92	0.01039	0.01223	0.12910	0.01097	0.01407	0.00848	0.01003	0.01435	0.04549	0.02196	0.20932	0.17845	0.19775	0.03934	0.00904	0.00259	0.00515	0.06817	0.00613	0.00699
93	0.01702	0.01633	0.02787	0.08531	0.67071	0.01651	0.02129	0.02120	0.01577	0.02249	0.01308	0.01735	0.01095	0.00626	0.00691	0.00209	0.00835	0.00622	0.00343	0.01085
94	0.02078	0.02292	0.01676	0.01531	0.01837	0.39158	0.01157	0.09780	0.07097	0.02087	0.01725	0.09666	0.01594	0.03672	0.11182	0.00349	0.01129	0.00720	0.00459	0.00810
95	0.80405	0.01350	0.01026	0.00918	0.01350	0.01565	0.00756	0.02051	0.01188	0.03131	0.00972	0.01134	0.00756	0.00648	0.00432	0.00216	0.00540	0.00378	0.00432	0.00756
96	0.00862	0.00616	0.00820	0.00964	0.01015	0.00574	0.00649	0.01000	0.01389	0.01866	0.09393	0.69234	0.04779	0.02123	0.00885	0.00278	0.00399	0.01924	0.00658	0.00574
97	0.01058	0.00717	0.00819	0.00820	0.00846	0.00720	0.00486	0.03626	0.01142	0.01524	0.02383	0.13220	0.02743	0.63477	0.03111	0.00610	0.00646	0.01120	0.00461	0.00470
98	0.03780	0.16812	0.01730	0.01173	0.01378	0.01459	0.00963	0.01597	0.03606	0.01801	0.01869	0.06815	0.01883	0.13248	0.15999	0.00480	0.12681	0.06154	0.05877	0.00694
99	0.02371	0.01049	0.01374	0.01115	0.01527	0.00937	0.00897	0.05270	0.01978	0.45162	0.17477	0.05658	0.07212	0.01082	0.00734	0.00218	0.00514	0.00908	0.03520	0.00998
100	0.04964	0.67886	0.08305	0.01238	0.01859	0.02634	0.01273	0.02096	0.01413	0.01741	0.00990	0.01145	0.00889	0.00604	0.00462	0.00157	0.00758	0.00383	0.00304	0.00899
101	0.02824	0.01284	0.01644	0.01262	0.01806	0.01161	0.01036	0.09657	0.05320	0.53759	0.02478	0.02211	0.01614	0.00825	0.00681	0.00203	0.00600	0.00666	0.00788	0.10180
102	0.01023	0.00725	0.00877	0.00860	0.00900	0.00757	0.00551	0.01097	0.01133	0.01541	0.07890	0.04338	0.05418	0.54098	0.12404	0.00666	0.03784	0.01001	0.00449	0.00489
103	0.01385	0.00886	0.01115	0.01002	0.01249	0.00856	0.00770	0.01930	0.11212	0.12309	0.52134	0.04466	0.05308	0.01284	0.00791	0.00221	0.00396	0.01120	0.00773	0.00792
104	0.80405	0.01350	0.01026	0.00918	0.01350	0.01565	0.00756	0.02051	0.01188	0.03131	0.00972	0.01134	0.00756	0.00648	0.00432	0.00216	0.00540	0.00378	0.00432	0.00756
105	0.01812	0.01537	0.01621	0.01435	0.01844	0.01771	0.01123	0.09104	0.64343	0.03042	0.02744	0.02527	0.02052	0.00938	0.00709	0.00234	0.00570	0.00776	0.00709	0.01111
106	0.05332	0.01265	0.01633	0.01347	0.04125	0.01199	0.01061	0.10834	0.02039	0.51504	0.02429	0.02225	0.01593	0.00851	0.00719	0.00213	0.02642	0.00673	0.07200	0.01115
107	0.00850	0.00607	0.00810	0.00972	0.01012	0.00567	0.00648	0.00972	0.01336	0.01781	0.03846	0.75020	0.04615	0.02186	0.00891	0.00283	0.00405	0.01984	0.00648	0.00567
108	0.00860	0.00619	0.00818	0.00973	0.01026	0.00577	0.00661	0.00991	0.01357	0.01797	0.03971	0.69651	0.07285	0.02159	0.00891	0.00283	0.00412	0.04451	0.00648	0.00571
109	0.54135	0.01420	0.01106	0.00986	0.01371	0.07122	0.00793	0.06658	0.01447	0.03007	0.01271	0.01453	0.00988	0.00697	0.00476	0.00203	0.00573	0.00451	0.15071	0.00770
110	0.00919	0.00639	0.00824	0.00944	0.00995	0.00610	0.00639	0.01049	0.01328	0.01794	0.05958	0.52792	0.04187	0.14870	0.01344	0.00348	0.00464	0.06514	0.03228	0.00553
111	0.00989	0.00702	0.00934	0.00952	0.01014	0.00756	0.00657	0.01118	0.01099	0.01524	0.02224	0.11378	0.02394	0.34768	0.35495	0.00841	0.01203	0.00996	0.00424	0.00532
112	0.77887	0.01344	0.01045	0.00928	0.01364	0.01548	0.00765	0.02095	0.01214	0.05362	0.01030	0.01174	0.00787	0.00655	0.00441	0.00216	0.00542	0.00388	0.00446	0.00770
113	0.01334	0.01256	0.02122	0.71115	0.07366	0.01555	0.01946	0.01797	0.01403	0.01802	0.01243	0.01855	0.00937	0.00695	0.00697	0.00232	0.00926	0.00620	0.00311	0.00788
114	0.01479	0.04359	0.02035	0.01756	0.05509	0.06073	0.09987	0.03853	0.01360	0.01879	0.01612	0.10006	0.01584	0.04348	0.12431	0.03326	0.23660	0.00807	0.03184	0.00751
115	0.66706	0.05619	0.09672	0.01061	0.01574	0.01636	0.00998	0.02072	0.01234	0.02940	0.01005	0.01174	0.00779	0.00647	0.00460	0.00213	0.00610	0.00394	0.00408	0.00796
116	0.01173	0.00660	0.00793	0.02910	0.01015	0.00670	0.00607	0.01374	0.01340	0.02157	0.02413	0.17782	0.02283	0.01631	0.06241	0.10251	0.00510	0.00932	0.44667	0.00591
117	0.00918	0.00644	0.00830	0.00921	0.00991	0.00604	0.00628	0.01040	0.01392	0.01859	0.13081	0.45147	0.09641	0.10363	0.01293	0.05169	0.00442	0.03870	0.00618	0.00552
118	0.01736	0.36607	0.24383	0.05003	0.02341	0.04797	0.01678	0.06751	0.01561	0.02020	0.01149	0.01376	0.00941	0.00813	0.02847	0.00217	0.04045	0.00471	0.00331	0.00935
119	0.01401	0.06352	0.58743	0.01956	0.05141	0.01581	0.02343	0.02118	0.01490	0.02174	0.01511	0.02172	0.01237	0.00798	0.00688	0.00228	0.00969	0.07777	0.00335	0.00985
120	0.02622	0.01075	0.01456	0.01155	0.01606	0.00938	0.00938	0.02906	0.01992	0.55266	0.18902	0.03049	0.02881	0.00997	0.00731	0.00217	0.00531	0.00835	0.00841	0.01062
121	0.01052	0.01056	0.08908	0.01139	0.03502	0.00805	0.00913	0.01309	0.01484	0.02026	0.19258	0.15261	0.08710	0.20824	0.01541	0.00363	0.00570	0.10078	0.00568	0.00633
122	0.07508	0.01324	0.02187	0.12429	0.02508	0.01407	0.20550	0.07851	0.01549	0.02219	0.01796	0.10388	0.01698	0.06696	0.01193	0.05515	0.05556	0.04001	0.02856	0.00768
123	0.01554	0.00859	0.01105	0.00976	0.01244	0.00783	0.00751	0.01895	0.04238	0.20589	0.40993	0.06755	0.10628	0.03408	0.00867	0.00236	0.00420	0.01135	0.00767	0.00796
124	0.01008	0.00674	0.00763	0.00769	0.00771	0.00672	0.00432	0.01013	0.01028	0.01370	0.02264	0.07375	0.02620	0.72554	0.03446	0.00661	0.00666	0.01053	0.00432	0.00429
125	0.01584	0.30888	0.43733	0.01721	0.02577	0.02057	0.04329	0.02165	0.01458	0.01996	0.01151	0.01354	0.00894	0.00635	0.00587	0.00194	0.00929	0.00472	0.00298	0.00977
126	0.01671	0.50504	0.18008	0.01382	0.02005	0.02315	0.01473	0.02020	0.01389	0.01763	0.01114	0.01364	0.00974	0.01072	0.07389	0.00262	0.03648	0.00448	0.00305	0.00894
127	0.01114	0.00796	0.01113	0.01274	0.01430	0.00795	0.01107	0.01428	0.01596	0.02077	0.03700	0.10343	0.04038	0.01937	0.00961	0.00320	0.00634	0.64054	0.00643	0.00640
128	0.04872	0.01250	0.01423	0.01036	0.01628	0.00996	0.00830	0.04450	0.01510	0.02409	0.01288	0.01489	0.01058	0.00547	0.00519	0.00115	0.00520	0.00430	0.03572	0.70059
129	0.01453	0.01185	0.01778	0.11840	0.13725	0.01260	0.07352	0.06826	0.03947	0.02203	0.01984	0.05109	0.04151	0.12728	0.01280	0.03457	0.03689	0.00791	0.14463	0.00778
130	0.01691	0.01621	0.02768	0.10387	0.65300	0.01649	0.02124	0.02110	0.01572	0.02236	0.01306	0.01739	0.01090	0.00628	0.00691	0.00209	0.00838	0.00622	0.00342	0.01076
131	0.02641	0.02295	0.02065	0.01653	0.02162	0.19660	0.01332	0.52417	0.02958	0.03730	0.01527	0.01572	0.01115	0.00808	0.00681	0.00202	0.00890	0.00584	0.00614	0.01093
132	0.00856	0.00612	0.00815	0.00968	0.01013	0.00570	0.00648	0.00985	0.01362	0.01822	0.06526	0.72224	0.04694	0.02156	0.00888	0.00281	0.00402	0.01955	0.00653	0.00570
133	0.01112	0.00915	0.04616	0.01014	0.01254	0.00757	0.02967	0.01472	0.01940	0.05407	0.62404	0.04808	0.05933	0.01339	0.00810	0.00220	0.00402	0.01189	0.00735	0.00707
134	0.01736	0.01499	0.01578	0.01420	0.01815	0.01736	0.01105	0.03708	0.69862	0.02919	0.02840	0.02604	0.02130	0.00947	0.00710	0.00237	0.00552	0.00789	0.00710	0.01105
135	0.01163	0.00606	0.00896	0.00918	0.00923	0.00601	0.00612	0.00918	0.00967	0.01290	0.01570	0.12037	0.01675	0.02392	0.02477	0.68896	0.00579	0.00793	0.00350	0.00339
136	0.02607	0.03326	0.01978	0.01798	0.02157	0.72674	0.01348	0.02787	0.01978	0.01708	0.01079	0.01258	0.00899	0.00719	0.00629	0.00180	0.01258	0.00449	0.00360	0.00809
137	0.02225	0.01627	0.01823	0.01470	0.01874	0.01851	0.01202	0.39414	0.10217	0.06820	0.01831	0.01919	0.01363	0.00903	0.00901	0.00220	0.11298	0.00651	0.11348	0.01043
138	0.01022	0.00762	0.00984	0.01080	0.01257	0.00724	0.00904	0.01300	0.01632	0.02099	0.11605	0.09402	0.21931	0.01841	0.00910	0.00287	0.00526	0.40447	0.00657	0.00628
139	0.00885	0.00704	0.00792	0.00839	0.01022	0.00622	0.00634	0.01071	0.01542	0.01905	0.07841	0.17330	0.46208	0.04797	0.00964	0.00273	0.00415	0.10924	0.00642	0.00589
140	0.02408	0.01759	0.01891	0.01484	0.01975	0.01945	0.01211	0.56694	0.05878	0.04017	0.01793	0.01909	0.01332	0.03294	0.03038	0.00250	0.00757	0.00653	0.06610	0.01101
141	0.00853	0.00617	0.00808	0.00953	0.01009	0.00571	0.00641	0.00985	0.01373	0.01822	0.06271	0.68612	0.08636	0.02136	0.00884	0.00278	0.00399	0.01929	0.00652	0.00571
142	0.00943	0.00637	0.00792	0.00885	0.00927	0.00617	0.00573	0.01049	0.01242	0.01716	0.03148	0.45098	0.03650	0.24423	0.04005	0.00420	0.00528	0.01536	0.07280	0.00532
143	0.69302	0.01383	0.01146	0.00991	0.01439	0.01572	0.00816	0.07046	0.01398	0.08004	0.01148	0.01260	0.00855	0.00677	0.00470	0.00215	0.00560	0.00419	0.00482	0.00818
144	0.01669	0.01797	0.04729	0.11665	0.06677	0.11100	0.14876	0.04644	0.01506	0.02009	0.01321	0.03721	0.01137	0.01062	0.04102	0.00279	0.22453	0.00676	0.03739	0.00837
145	0.04317	0.01677	0.01995	0.07823	0.02149	0.14709	0.06957	0.01857	0.01344	0.01792	0.01299	0.01976	0.01189	0.01835	0.15655	0.00430	0.29077	0.02815	0.00349	0.00755
146	0.66519	0.01678	0.10783	0.01144	0.01668	0.01581	0.03708	0.02080	0.01245	0.02970	0.01027	0.01210	0.00785	0.00647	0.00479	0.00217	0.00632	0.00414	0.00410	0.00801
147	0.01027	0.00673	0.00807	0.00831	0.00878	0.00686	0.00532	0.01126	0.01139	0.01626	0.02405	0.14474	0.02625	0.44005	0.13028	0.00615	0.00766	0.01069	0.11184	0.00505
148	0.03793	0.00832	0.01033	0.00985	0.01189	0.00799	0.00742	0.03560	0.05077	0.05253	0.40483	0.19513	0.05061	0.01480	0.00803	0.00232	0.00408	0.03935	0.00710	0.04111
149	0.04987	0.10928	0.43316	0.02337	0.17305	0.05163	0.02197	0.02203	0.01504	0.02179	0.01214	0.01464	0.00928	0.00649	0.00634	0.00208	0.00947	0.00514	0.00315	0.01010
150	0.04411	0.24497	0.40420	0.01678	0.02458	0.06625	0.01949	0.02166	0.01473	0.02024	0.01220	0.01558	0.00989	0.00705	0.00647	0.00203	0.03057	0.02658	0.00317	0.00946

[dist]
# distance from previous block
# <min> <max>
0	1

[block]
# block no. 2 follows, 30 sequences, length 10
# corresponding to MSA columns:
# 251-260
name=unknown_C
#
# <colnr> <probs for GDERKNQSTAVLIFYWHMCP>
#	G	D	E	R	K	N	Q	S	T	A	V	L	I	F	Y	W	H	M	C	P
0	0.01306	0.00948	0.01364	0.01661	0.13477	0.00912	0.01135	0.01614	0.01668	0.07213	0.12452	0.08361	0.12809	0.01545	0.00857	0.00267	0.00582	0.30450	0.00624	0.00755
1	0.06806	0.00758	0.00897	0.00920	0.01056	0.00744	0.00661	0.01270	0.01380	0.04915	0.09629	0.20045	0.12916	0.21740	0.05655	0.00421	0.00591	0.08429	0.00576	0.00592
2	0.01020	0.00739	0.00961	0.01047	0.01166	0.00723	0.00785	0.04280	0.01552	0.02069	0.11110	0.39696	0.08110	0.04053	0.04574	0.00331	0.00544	0.15976	0.00642	0.00623
3	0.00985	0.00664	0.00770	0.00799	0.00806	0.00657	0.00463	0.01007	0.01072	0.01430	0.02494	0.17196	0.02910	0.62338	0.03075	0.00606	0.00628	0.01189	0.00463	0.00449
4	0.01525	0.01259	0.01828	0.43271	0.03412	0.01523	0.01542	0.11371	0.01649	0.02302	0.01467	0.01942	0.01126	0.00787	0.00802	0.00223	0.07407	0.00626	0.15126	0.00810
5	0.01510	0.15347	0.41017	0.09842	0.09289	0.01850	0.02154	0.02097	0.01436	0.02034	0.01184	0.01483	0.00914	0.00693	0.00754	0.00215	0.06394	0.00520	0.00303	0.00967
6	0.00890	0.00642	0.00830	0.00951	0.01021	0.00600	0.00656	0.01037	0.01399	0.01858	0.09188	0.54710	0.09373	0.07528	0.01084	0.00307	0.00432	0.06283	0.00640	0.00570
7	0.01017	0.00794	0.01071	0.01077	0.01234	0.00777	0.02939	0.01262	0.01589	0.02111	0.19760	0.18187	0.17635	0.05040	0.01069	0.00286	0.04193	0.18694	0.00638	0.00628
8	0.05835	0.01240	0.01975	0.47420	0.13774	0.01443	0.01738	0.01857	0.01452	0.03958	0.01560	0.02431	0.01304	0.00813	0.00699	0.00233	0.00831	0.07025	0.03595	0.00816
9	0.01742	0.01824	0.14686	0.01616	0.05079	0.01560	0.01417	0.21399	0.17347	0.02979	0.06393	0.10188	0.02284	0.01098	0.00747	0.00236	0.00696	0.07118	0.00604	0.00988

[dist]
# distance from previous block
# <min> <max>
0	1

[block]
# block no. 3 follows, 30 sequences, length 16
# corresponding to MSA columns:
# 262-277
name=unknown_D
#
# <colnr> <probs for GDERKNQSTAVLIFYWHMCP>
#	G	D	E	R	K	N	Q	S	T	A	V	L	I	F	Y	W	H	M	C	P
0	0.35142	0.06433	0.17268	0.11922	0.02355	0.05446	0.01454	0.05166	0.01428	0.02555	0.01109	0.01365	0.00853	0.00695	0.00634	0.00218	0.04256	0.00470	0.00378	0.00851
1	0.03006	0.00958	0.03568	0.01072	0.01333	0.00866	0.00892	0.03077	0.03454	0.13137	0.19531	0.04670	0.06129	0.05939	0.04278	0.00307	0.00581	0.16704	0.09743	0.00754
2	0.11229	0.07929	0.04860	0.01303	0.04301	0.01429	0.01062	0.13995	0.05136	0.19445	0.05216	0.05713	0.01781	0.00880	0.00628	0.00205	0.00596	0.00697	0.12636	0.00960
3	0.00939	0.00709	0.00890	0.00950	0.01090	0.00625	0.00655	0.01088	0.01364	0.01847	0.03710	0.55961	0.10037	0.04314	0.00918	0.00266	0.00425	0.01680	0.00607	0.11923
4	0.02537	0.01897	0.02029	0.01582	0.02120	0.02110	0.01298	0.60586	0.11679	0.04211	0.01822	0.01792	0.01306	0.00851	0.00700	0.00213	0.00741	0.00649	0.00700	0.01176
5	0.01451	0.09334	0.56683	0.02052	0.06015	0.01692	0.06326	0.02158	0.01480	0.02154	0.01325	0.03848	0.01026	0.00700	0.00663	0.00217	0.00987	0.00574	0.00312	0.01003
6	0.17204	0.01342	0.01402	0.01171	0.01546	0.01477	0.00941	0.28615	0.02096	0.05897	0.01747	0.02044	0.01374	0.04761	0.09582	0.00335	0.00760	0.00619	0.16193	0.00893
7	0.02347	0.01803	0.01922	0.01544	0.02048	0.02021	0.01252	0.47112	0.25462	0.03905	0.02063	0.01985	0.01501	0.00874	0.00702	0.00219	0.00696	0.00682	0.00702	0.01159
8	0.00998	0.00674	0.00781	0.00790	0.00809	0.00665	0.00464	0.01038	0.01130	0.01522	0.08558	0.10797	0.03086	0.62343	0.03071	0.00601	0.00621	0.01122	0.00474	0.00457
9	0.00970	0.00698	0.00922	0.00929	0.01068	0.00651	0.00693	0.01256	0.01814	0.02532	0.51656	0.19871	0.05976	0.01623	0.00848	0.00241	0.00369	0.06511	0.00733	0.00638
10	0.65538	0.01388	0.01183	0.01013	0.01467	0.01565	0.00835	0.08238	0.01459	0.10174	0.01216	0.01308	0.00893	0.00687	0.00483	0.00215	0.00566	0.00433	0.00500	0.00839
11	0.01074	0.00725	0.00924	0.00891	0.01069	0.00657	0.00661	0.01347	0.01825	0.06693	0.47527	0.15992	0.14866	0.01556	0.00826	0.00231	0.00360	0.01368	0.00739	0.00667
12	0.00872	0.00622	0.00797	0.00928	0.00973	0.00584	0.00610	0.00979	0.01304	0.01726	0.03785	0.61360	0.07863	0.12573	0.01265	0.00337	0.00441	0.01819	0.00616	0.00548
13	0.02381	0.01771	0.02021	0.01746	0.07054	0.01962	0.01330	0.46304	0.11523	0.07507	0.03975	0.01940	0.01486	0.00876	0.00788	0.00219	0.04649	0.00671	0.00664	0.01131
14	0.55788	0.01257	0.01080	0.00947	0.01345	0.01407	0.00771	0.06706	0.01457	0.07224	0.04611	0.01639	0.01261	0.00733	0.00493	0.00208	0.00520	0.00494	0.11266	0.00793
15	0.00966	0.00656	0.00798	0.00849	0.00897	0.00633	0.00543	0.01076	0.01298	0.01789	0.13019	0.30040	0.03853	0.33999	0.02021	0.00439	0.00508	0.01383	0.04711	0.00522

[dist]
# distance from previous block
# <min> <max>
0	4

[block]
# block no. 4 follows, 30 sequences, length 37
# corresponding to MSA columns:
# 282-318
name=unknown_E
#
# <colnr> <probs for GDERKNQSTAVLIFYWHMCP>
#	G	D	E	R	K	N	Q	S	T	A	V	L	I	F	Y	W	H	M	C	P
0	0.01575	0.02182	0.18435	0.02286	0.11644	0.11590	0.18883	0.02035	0.01605	0.02113	0.05981	0.12751	0.01871	0.00936	0.00791	0.00228	0.02931	0.00867	0.00408	0.00887
1	0.06643	0.59178	0.03184	0.01248	0.01776	0.09261	0.01176	0.02105	0.01435	0.01738	0.01020	0.01217	0.00926	0.00838	0.03785	0.00204	0.02683	0.00404	0.00316	0.00863
2	0.00962	0.00730	0.01055	0.01114	0.01212	0.00694	0.04791	0.02842	0.01406	0.01876	0.03583	0.63638	0.04219	0.04406	0.00970	0.00293	0.00480	0.04501	0.00624	0.00604
3	0.01464	0.06716	0.43448	0.01991	0.09150	0.01571	0.04792	0.06266	0.01634	0.02305	0.04140	0.02262	0.09620	0.00822	0.00688	0.00217	0.00881	0.00678	0.00386	0.00972
4	0.01162	0.00866	0.00962	0.00958	0.01083	0.03036	0.00668	0.04970	0.04914	0.01913	0.02918	0.19676	0.08589	0.24943	0.12167	0.00502	0.00745	0.01146	0.08173	0.00610
5	0.67135	0.01387	0.01135	0.00988	0.01424	0.01585	0.00811	0.09850	0.01455	0.03215	0.01370	0.01486	0.04436	0.00728	0.00484	0.00216	0.00557	0.00464	0.00474	0.00798
6	0.01479	0.02949	0.48213	0.06178	0.12934	0.01644	0.12397	0.02182	0.01512	0.02202	0.01284	0.01591	0.00944	0.00648	0.00693	0.00222	0.01019	0.00582	0.00311	0.01015
7	0.01571	0.01752	0.03726	0.02712	0.03323	0.01679	0.59187	0.02096	0.01590	0.02167	0.01599	0.08268	0.01363	0.00761	0.00905	0.00243	0.04869	0.00914	0.00376	0.00899
8	0.00878	0.00679	0.00801	0.00833	0.00991	0.00602	0.00601	0.01082	0.01624	0.02112	0.24099	0.26436	0.33168	0.01795	0.00844	0.00245	0.00362	0.01564	0.00682	0.00602
9	0.01527	0.01527	0.02137	0.01832	0.01832	0.02137	0.01527	0.01679	0.01069	0.01679	0.00916	0.01527	0.00916	0.01221	0.02290	0.00305	0.74198	0.00611	0.00305	0.00763
10	0.40731	0.03422	0.01198	0.00973	0.01371	0.01363	0.00797	0.08617	0.01576	0.12531	0.01601	0.01712	0.01186	0.00734	0.00509	0.00200	0.00524	0.00513	0.19605	0.00836
11	0.01214	0.00881	0.01061	0.01083	0.01233	0.00889	0.00778	0.14026	0.01713	0.02277	0.03473	0.52098	0.06593	0.05674	0.00990	0.00289	0.00495	0.03905	0.00646	0.00682
12	0.01461	0.00823	0.01100	0.01007	0.01249	0.00752	0.00793	0.01770	0.01917	0.17478	0.46153	0.06985	0.05175	0.01388	0.00816	0.00233	0.00426	0.08938	0.00770	0.00768
13	0.01036	0.00848	0.00937	0.00920	0.01160	0.00813	0.00715	0.01549	0.12752	0.02239	0.17279	0.05915	0.40535	0.01592	0.00822	0.00243	0.00415	0.08860	0.00679	0.00691
14	0.01727	0.01658	0.02832	0.04283	0.71123	0.01658	0.02142	0.02142	0.01589	0.02280	0.01313	0.01727	0.01105	0.00622	0.00691	0.00207	0.00829	0.00622	0.00345	0.01105
15	0.01685	0.03441	0.01718	0.05830	0.13530	0.19136	0.02961	0.03746	0.04718	0.02070	0.02189	0.05031	0.07973	0.06996	0.03857	0.00276	0.00831	0.00753	0.12465	0.00795
16	0.80405	0.01350	0.01026	0.00918	0.01350	0.01565	0.00756	0.02051	0.01188	0.03131	0.00972	0.01134	0.00756	0.00648	0.00432	0.00216	0.00540	0.00378	0.00432	0.00756
17	0.00948	0.00651	0.00790	0.00851	0.00876	0.00632	0.00525	0.01014	0.01195	0.01602	0.06574	0.32586	0.03582	0.42346	0.02347	0.00496	0.00550	0.01413	0.00531	0.00493
18	0.04234	0.40321	0.08650	0.01405	0.04069	0.08880	0.01275	0.03853	0.05052	0.04252	0.04091	0.01596	0.01278	0.00960	0.03655	0.03838	0.00825	0.00502	0.00382	0.00881
19	0.05427	0.01052	0.01068	0.01008	0.01163	0.07160	0.00755	0.03640	0.01363	0.02092	0.01879	0.02688	0.01700	0.15412	0.17212	0.00485	0.06470	0.00703	0.28077	0.00647
20	0.01663	0.06932	0.36043	0.03262	0.02393	0.01569	0.01809	0.11177	0.04883	0.07511	0.09290	0.02103	0.01737	0.01087	0.05269	0.00273	0.00898	0.00649	0.00468	0.00985
21	0.01218	0.00968	0.01058	0.00982	0.01208	0.04508	0.00744	0.03698	0.08240	0.04486	0.43591	0.07169	0.16644	0.01396	0.00798	0.00224	0.00425	0.01202	0.00717	0.00723
22	0.02171	0.01531	0.01710	0.01414	0.01837	0.01665	0.01129	0.38977	0.11916	0.09414	0.02313	0.14546	0.01983	0.01315	0.04463	0.00274	0.00718	0.00896	0.00689	0.01040
23	0.01271	0.00820	0.01030	0.00945	0.01178	0.00763	0.00728	0.01672	0.06022	0.10866	0.47458	0.05015	0.14450	0.01395	0.00807	0.00226	0.00389	0.03474	0.00755	0.00739
24	0.01613	0.01125	0.01294	0.01162	0.01427	0.04315	0.00905	0.10937	0.05193	0.11872	0.27432	0.14447	0.06281	0.01358	0.00853	0.00235	0.03548	0.04484	0.00702	0.00816
25	0.02607	0.03326	0.01978	0.01798	0.02157	0.72674	0.01348	0.02787	0.01978	0.01708	0.01079	0.01258	0.00899	0.00719	0.00629	0.00180	0.01258	0.00449	0.00360	0.00809
26	0.02490	0.01701	0.01863	0.01463	0.01961	0.01844	0.01195	0.51788	0.04945	0.11226	0.01978	0.05618	0.01491	0.00912	0.00694	0.00212	0.00694	0.00712	0.06096	0.01116
27	0.00856	0.00612	0.00815	0.00967	0.01014	0.00571	0.00648	0.00987	0.01365	0.01827	0.06878	0.71857	0.04705	0.02152	0.00888	0.00281	0.00401	0.01951	0.00653	0.00571
28	0.00843	0.00693	0.00742	0.00761	0.00962	0.00592	0.00559	0.01025	0.01587	0.01950	0.12174	0.16683	0.55417	0.01799	0.00834	0.00241	0.00359	0.01530	0.00659	0.00592
29	0.07530	0.02694	0.01999	0.01818	0.05851	0.42953	0.01347	0.22678	0.02301	0.02644	0.01265	0.01402	0.00988	0.00745	0.00641	0.00193	0.01041	0.00508	0.00466	0.00936
30	0.01527	0.00878	0.01219	0.03608	0.01546	0.00843	0.01035	0.01836	0.01736	0.17047	0.14789	0.08394	0.03881	0.01583	0.00873	0.00277	0.00580	0.36885	0.00700	0.00764
31	0.01015	0.00742	0.01093	0.01093	0.01220	0.00859	0.00849	0.01269	0.01142	0.01679	0.01894	0.02733	0.01747	0.04966	0.68338	0.01063	0.01776	0.00742	0.05155	0.00625
32	0.19206	0.00953	0.01094	0.00977	0.01269	0.00940	0.00764	0.01900	0.01733	0.17260	0.33569	0.06680	0.03957	0.03652	0.00808	0.00239	0.00457	0.03069	0.00692	0.00780
33	0.01649	0.01601	0.02798	0.16479	0.54324	0.01647	0.07096	0.02085	0.01559	0.02189	0.01307	0.01762	0.01071	0.00633	0.00702	0.00214	0.00873	0.00637	0.00340	0.01035
34	0.01362	0.00710	0.00716	0.00694	0.00875	0.00719	0.00526	0.04686	0.01546	0.02683	0.02249	0.02559	0.01761	0.00814	0.00497	0.00165	0.00345	0.00649	0.75766	0.00675
35	0.18469	0.01454	0.05378	0.06132	0.07894	0.01443	0.01217	0.12342	0.09394	0.11383	0.08318	0.05800	0.02054	0.00958	0.00678	0.00228	0.00640	0.04699	0.00587	0.00935
36	0.20031	0.18002	0.02016	0.03165	0.01818	0.10108	0.02541	0.07030	0.07571	0.14274	0.01591	0.01707	0.01215	0.03046	0.00661	0.00212	0.00718	0.00537	0.02840	0.00917

[dist]
# distance from previous block
# <min> <max>
0	1

[block]
# block no. 5 follows, 30 sequences, length 9
# corresponding to MSA columns:
# 320-328
name=unknown_F
#
# <colnr> <probs for GDERKNQSTAVLIFYWHMCP>
#	G	D	E	R	K	N	Q	S	T	A	V	L	I	F	Y	W	H	M	C	P
0	0.01195	0.00873	0.00993	0.00978	0.01203	0.00851	0.00738	0.01698	0.13825	0.06665	0.07418	0.16016	0.29287	0.07551	0.01039	0.00285	0.00466	0.07548	0.00660	0.00712
1	0.01446	0.13482	0.01670	0.03070	0.01424	0.01405	0.02835	0.07411	0.01423	0.02019	0.01824	0.06680	0.01799	0.23110	0.01704	0.00348	0.11041	0.00783	0.15833	0.00694
2	0.01599	0.01085	0.01393	0.07028	0.03753	0.01129	0.01069	0.15831	0.01859	0.09067	0.02796	0.20754	0.02858	0.08994	0.01099	0.00304	0.00640	0.17326	0.00620	0.00794
3	0.02816	0.01167	0.01550	0.01221	0.01713	0.01046	0.00997	0.03226	0.07347	0.59604	0.09268	0.02665	0.02224	0.00924	0.00714	0.00218	0.00565	0.00762	0.00842	0.01130
4	0.01446	0.10731	0.65140	0.01911	0.02899	0.01733	0.02442	0.02198	0.01468	0.02154	0.01225	0.01438	0.00885	0.00656	0.00642	0.00214	0.01003	0.00502	0.00295	0.01018
5	0.01501	0.01425	0.02391	0.32416	0.39434	0.01544	0.01952	0.01920	0.01510	0.02051	0.01663	0.02110	0.05630	0.00728	0.00702	0.00219	0.00839	0.00677	0.00351	0.00937
6	0.01064	0.00813	0.01057	0.01191	0.03630	0.00797	0.00902	0.01444	0.06733	0.02126	0.11099	0.23249	0.14309	0.01796	0.00882	0.00278	0.00507	0.26802	0.00653	0.00668
7	0.00992	0.00673	0.00762	0.00774	0.00790	0.00664	0.00446	0.01011	0.01070	0.01414	0.02582	0.10004	0.06329	0.66015	0.03206	0.00623	0.00639	0.01112	0.00452	0.00443
8	0.01576	0.02966	0.49188	0.02424	0.13947	0.01610	0.09930	0.02268	0.01541	0.06071	0.01363	0.01611	0.00986	0.00659	0.00688	0.00220	0.00991	0.00578	0.00341	0.01042

[dist]
# distance from previous block
# <min> <max>
0	1

[block]
# block no. 6 follows, 30 sequences, length 17
# corresponding to MSA columns:
# 330-346
name=unknown_G
#
# <colnr> <probs for GDERKNQSTAVLIFYWHMCP>
#	G	D	E	R	K	N	Q	S	T	A	V	L	I	F	Y	W	H	M	C	P
0	0.07029	0.12141	0.32211	0.01781	0.02483	0.01680	0.13102	0.04173	0.03786	0.02197	0.01479	0.04564	0.01260	0.08079	0.00941	0.00261	0.00901	0.00656	0.00367	0.00909
1	0.04467	0.00885	0.01130	0.01036	0.01294	0.00840	0.00807	0.01925	0.05890	0.17979	0.36432	0.11884	0.04603	0.01365	0.00793	0.00235	0.00443	0.06447	0.00750	0.00795
2	0.08393	0.01390	0.01667	0.03331	0.01862	0.01359	0.02943	0.12983	0.03882	0.10197	0.01518	0.01670	0.01161	0.00712	0.00737	0.00174	0.07167	0.00533	0.03448	0.34874
3	0.01363	0.01122	0.01115	0.01009	0.01237	0.07936	0.00757	0.10153	0.01948	0.02592	0.33385	0.04339	0.14056	0.09375	0.01063	0.00263	0.00519	0.01062	0.06000	0.00705
