[name]
unknown

[dist]
# distance from previous block
# <min> <max>
0	27

[block]
# block no. 0 follows, 30 sequences, length 22
# corresponding to MSA columns:
# 27-48
name=unknown_A
#
# <colnr> <probs for GDERKNQSTAVLIFYWHMCP>
#	G	D	E	R	K	N	Q	S	T	A	V	L	I	F	Y	W	H	M	C	P
0	0.10179	0.01370	0.01793	0.16513	0.18315	0.06702	0.01497	0.01958	0.03691	0.03760	0.02107	0.03715	0.02019	0.01092	0.00750	0.00250	0.00775	0.22217	0.00470	0.00828
1	0.04032	0.01337	0.01911	0.36807	0.05685	0.01489	0.01525	0.07425	0.05103	0.09840	0.01501	0.01833	0.01116	0.00734	0.00743	0.00211	0.04495	0.00599	0.00443	0.13172
2	0.02221	0.01626	0.01814	0.03415	0.01996	0.03473	0.01162	0.32548	0.05667	0.10828	0.01688	0.01751	0.01240	0.00778	0.00732	0.00189	0.04634	0.00585	0.02725	0.20928
3	0.02195	0.01142	0.01427	0.01193	0.01588	0.01110	0.00948	0.06173	0.15281	0.34434	0.19136	0.06978	0.03103	0.01085	0.00743	0.00224	0.00521	0.00919	0.00791	0.01011
4	0.12789	0.01326	0.01488	0.07498	0.01890	0.01426	0.01031	0.11017	0.20602	0.14397	0.02290	0.02494	0.04330	0.09043	0.00974	0.00268	0.00622	0.00714	0.00611	0.05192
5	0.01523	0.22770	0.53782	0.01778	0.02694	0.01923	0.02211	0.02178	0.01459	0.02059	0.01178	0.01379	0.00887	0.00645	0.00606	0.00202	0.00956	0.00478	0.00296	0.00995
6	0.01013	0.00686	0.00880	0.00981	0.01065	0.00649	0.00668	0.03486	0.01423	0.04593	0.03761	0.62523	0.06991	0.06453	0.01033	0.00300	0.00439	0.01806	0.00645	0.00606
7	0.03063	0.01203	0.01617	0.01250	0.01783	0.01060	0.01029	0.03416	0.05304	0.68259	0.02757	0.02386	0.01747	0.00868	0.00702	0.00217	0.00592	0.00706	0.00856	0.01184
8	0.01955	0.01667	0.01803	0.01613	0.05936	0.09619	0.04585	0.20996	0.17518	0.05849	0.12142	0.02834	0.08415	0.00991	0.00728	0.00217	0.00693	0.00822	0.00636	0.00979
9	0.10022	0.01160	0.01735	0.42817	0.03348	0.01351	0.03254	0.03718	0.01492	0.04446	0.08785	0.07444	0.01883	0.04704	0.00845	0.00254	0.00765	0.00786	0.00432	0.00759
10	0.00837	0.00691	0.00735	0.00759	0.00959	0.00589	0.00556	0.01013	0.01569	0.01915	0.09799	0.17812	0.56721	0.01818	0.00835	0.00243	0.00361	0.01546	0.00654	0.00589
11	0.19612	0.01823	0.01861	0.01456	0.01986	0.02033	0.01202	0.54237	0.02824	0.04122	0.01522	0.01557	0.01093	0.00796	0.00640	0.00211	0.00718	0.00574	0.00640	0.01093
12	0.01382	0.01415	0.05154	0.59786	0.11953	0.01575	0.05202	0.01862	0.01432	0.01877	0.01257	0.01831	0.00954	0.00683	0.00702	0.00229	0.00935	0.00626	0.00315	0.00830
13	0.05393	0.01548	0.11536	0.01338	0.01932	0.01156	0.01235	0.05408	0.01940	0.54981	0.04576	0.02270	0.01709	0.00845	0.00691	0.00217	0.00652	0.00680	0.00760	0.01134
14	0.00862	0.00632	0.00810	0.00926	0.01006	0.00580	0.00633	0.01013	0.01440	0.01907	0.11615	0.58303	0.13613	0.02047	0.00875	0.00270	0.00390	0.01837	0.00661	0.00580
15	0.00832	0.00680	0.00735	0.00779	0.00962	0.00583	0.00562	0.00993	0.01521	0.01857	0.06191	0.25322	0.52800	0.01881	0.00843	0.00249	0.00367	0.01612	0.00648	0.00583
16	0.02292	0.01777	0.02133	0.01983	0.11828	0.02000	0.01435	0.40896	0.09465	0.06209	0.01680	0.01784	0.01255	0.00872	0.00918	0.00225	0.10892	0.00644	0.00602	0.01108
17	0.06839	0.01142	0.01465	0.01162	0.01628	0.01037	0.00948	0.06245	0.01994	0.50993	0.12459	0.02908	0.06056	0.00979	0.00711	0.00217	0.00549	0.00801	0.00807	0.01057
18	0.02677	0.01916	0.02070	0.01587	0.02145	0.02106	0.01311	0.65481	0.03216	0.07805	0.01730	0.01711	0.01214	0.00839	0.00698	0.00210	0.00759	0.00632	0.00706	0.01187
19	0.10586	0.11732	0.02313	0.02308	0.21943	0.29119	0.01474	0.03873	0.04154	0.04517	0.01254	0.01458	0.01021	0.00683	0.00610	0.00192	0.00934	0.00506	0.00392	0.00931
20	0.01812	0.01820	0.02851	0.12651	0.16663	0.07426	0.22599	0.10694	0.04115	0.02379	0.01371	0.01759	0.01075	0.00733	0.00903	0.00229	0.08888	0.00676	0.00397	0.00958
21	0.02304	0.01671	0.02061	0.09844	0.06466	0.03500	0.04788	0.29015	0.15180	0.14885	0.01979	0.01993	0.01409	0.00819	0.00705	0.00219	0.00753	0.00675	0.00638	0.01099

[dist]
# distance from previous block
# <min> <max>
0	7

[block]
# block no. 1 follows, 30 sequences, length 15
# corresponding to MSA columns:
# 56-70
name=unknown_B
#
# <colnr> <probs for GDERKNQSTAVLIFYWHMCP>
#	G	D	E	R	K	N	Q	S	T	A	V	L	I	F	Y	W	H	M	C	P
0	0.02172	0.01614	0.01948	0.03529	0.02105	0.06578	0.07245	0.10078	0.23637	0.19115	0.02137	0.02105	0.01546	0.00850	0.00818	0.00220	0.06320	0.00685	0.00626	0.06672
1	0.07535	0.01232	0.02035	0.32937	0.06227	0.01357	0.12064	0.01776	0.01411	0.02066	0.01582	0.07268	0.01359	0.01130	0.06179	0.00290	0.00894	0.00736	0.07487	0.04436
2	0.01933	0.01463	0.01631	0.01437	0.03653	0.01580	0.01107	0.22974	0.27869	0.07250	0.02724	0.09149	0.06118	0.01067	0.00726	0.00226	0.00604	0.02756	0.00679	0.05055
3	0.01212	0.00606	0.00909	0.00909	0.00909	0.00606	0.00606	0.00909	0.00909	0.01212	0.01212	0.02121	0.01212	0.02424	0.02727	0.79697	0.00606	0.00606	0.00303	0.00303
4	0.09159	0.01757	0.01672	0.01443	0.01875	0.09428	0.01139	0.15957	0.40546	0.06128	0.02254	0.02137	0.01674	0.00871	0.00674	0.00223	0.00671	0.00681	0.00652	0.01061
5	0.01748	0.01375	0.01612	0.04857	0.01918	0.01203	0.00988	0.14709	0.01821	0.05777	0.01392	0.01554	0.01089	0.00603	0.00569	0.00135	0.00590	0.00478	0.00483	0.57098
6	0.02377	0.01896	0.04828	0.01673	0.02202	0.07192	0.08649	0.39459	0.02612	0.11709	0.04316	0.06383	0.01608	0.00902	0.00722	0.00216	0.00801	0.00747	0.00638	0.01068
7	0.00880	0.00643	0.00830	0.00938	0.01025	0.00593	0.00653	0.01049	0.01480	0.01973	0.15308	0.53470	0.12259	0.02004	0.00875	0.00269	0.00395	0.04101	0.00668	0.00587
8	0.01400	0.03610	0.71860	0.01989	0.03020	0.01621	0.02578	0.02210	0.01473	0.02210	0.01252	0.01473	0.00884	0.00663	0.00663	0.00221	0.01031	0.00516	0.00295	0.01031
9	0.01712	0.02085	0.09839	0.07900	0.03507	0.06175	0.50140	0.05631	0.01717	0.02277	0.01378	0.01794	0.01030	0.00624	0.00781	0.00229	0.01130	0.00748	0.00363	0.00941
10	0.01706	0.04737	0.01590	0.01325	0.01706	0.03568	0.01043	0.10307	0.44899	0.02843	0.06520	0.05185	0.09440	0.01061	0.00718	0.00229	0.00567	0.00876	0.00675	0.01003
11	0.00860	0.00615	0.00819	0.00965	0.01014	0.00574	0.00649	0.00997	0.01383	0.01856	0.08741	0.69913	0.04759	0.02131	0.00886	0.00279	0.00399	0.01931	0.00657	0.00574
12	0.01424	0.01379	0.01939	0.01697	0.01715	0.01894	0.01398	0.01588	0.01088	0.01676	0.01180	0.05096	0.01199	0.01806	0.11695	0.00414	0.61052	0.00693	0.00330	0.00735
13	0.11038	0.01728	0.02343	0.28378	0.03310	0.08870	0.14287	0.14424	0.01814	0.02500	0.01293	0.01672	0.00978	0.00719	0.00745	0.00224	0.03768	0.00614	0.00409	0.00884
14	0.00990	0.00827	0.00887	0.01001	0.01081	0.06078	0.00680	0.01115	0.01391	0.01763	0.03831	0.59877	0.09972	0.05769	0.01000	0.00291	0.00479	0.01773	0.00614	0.00580

[dist]
# distance from previous block
# <min> <max>
0	1

[block]
# block no. 2 follows, 30 sequences, length 6
# corresponding to MSA columns:
# 72-77
name=unknown_C
#
# <colnr> <probs for GDERKNQSTAVLIFYWHMCP>
#	G	D	E	R	K	N	Q	S	T	A	V	L	I	F	Y	W	H	M	C	P
0	0.01202	0.00703	0.00795	0.00798	0.00898	0.00706	0.00543	0.04201	0.01342	0.02066	0.02362	0.14200	0.02347	0.21944	0.01638	0.08388	0.00483	0.00951	0.33871	0.00562
1	0.01482	0.01501	0.02085	0.58715	0.04219	0.09531	0.01832	0.01885	0.01428	0.01764	0.01190	0.01761	0.00925	0.00751	0.00846	0.00234	0.08157	0.00600	0.00315	0.00778
2	0.01668	0.18281	0.15948	0.01880	0.02368	0.05506	0.13231	0.04245	0.01442	0.01958	0.01145	0.01525	0.00969	0.00979	0.03756	0.00264	0.23047	0.00575	0.00328	0.00885
3	0.02161	0.01649	0.02010	0.01582	0.02054	0.01779	0.08652	0.43239	0.07509	0.03612	0.02004	0.09057	0.01638	0.00948	0.00711	0.00217	0.00717	0.00797	0.08628	0.01038
4	0.00856	0.00628	0.00804	0.00929	0.01005	0.00576	0.00633	0.01000	0.01416	0.01867	0.09006	0.60835	0.13730	0.02076	0.00877	0.00272	0.00393	0.01864	0.00656	0.00576
5	0.02389	0.01917	0.01898	0.01549	0.02035	0.09310	0.01244	0.38406	0.23699	0.07117	0.02029	0.01955	0.01477	0.00860	0.00695	0.00215	0.00743	0.00663	0.00675	0.01122

[dist]
# distance from previous block
# <min> <max>
0	1

[block]
# block no. 3 follows, 30 sequences, length 53
# corresponding to MSA columns:
# 79-131
name=unknown_D
#
# <colnr> <probs for GDERKNQSTAVLIFYWHMCP>
#	G	D	E	R	K	N	Q	S	T	A	V	L	I	F	Y	W	H	M	C	P
0	0.01575	0.01316	0.01516	0.01094	0.01708	0.01061	0.00880	0.08882	0.01642	0.02500	0.01287	0.01471	0.01050	0.00551	0.00536	0.00115	0.00543	0.00436	0.00444	0.71392
1	0.02296	0.01782	0.02001	0.01589	0.02075	0.01991	0.03239	0.46390	0.16539	0.03759	0.01909	0.03814	0.01447	0.00902	0.00795	0.00221	0.04868	0.00697	0.00660	0.03026
2	0.00850	0.00607	0.00810	0.00972	0.01012	0.00567	0.00648	0.00972	0.01336	0.01781	0.03846	0.75020	0.04615	0.02186	0.00891	0.00283	0.00405	0.01984	0.00648	0.00567
3	0.00988	0.00713	0.00933	0.00878	0.01043	0.00658	0.00658	0.01317	0.01975	0.02798	0.70754	0.05213	0.06584	0.01427	0.00823	0.00219	0.00329	0.01262	0.00768	0.00658
4	0.03042	0.01330	0.01707	0.01309	0.01852	0.01236	0.01081	0.15509	0.02235	0.59162	0.02554	0.02246	0.01627	0.00859	0.00701	0.00215	0.00626	0.00688	0.00833	0.01187
5	0.03861	0.01671	0.06695	0.49371	0.04103	0.07255	0.09403	0.05676	0.01574	0.02040	0.01264	0.01759	0.00949	0.00691	0.00696	0.00226	0.00970	0.00616	0.00343	0.00835
6	0.00968	0.00713	0.00906	0.00858	0.01031	0.00650	0.00643	0.01279	0.01930	0.02690	0.63183	0.05391	0.14223	0.01467	0.00823	0.00221	0.00332	0.01287	0.00754	0.00650
7	0.00825	0.00707	0.00707	0.00707	0.00943	0.00589	0.00530	0.01001	0.01591	0.01885	0.07069	0.06716	0.70839	0.01767	0.00825	0.00236	0.00353	0.01473	0.00648	0.00589
8	0.01896	0.72969	0.03589	0.01218	0.01806	0.05581	0.01200	0.02118	0.01440	0.01644	0.00975	0.01125	0.00896	0.00602	0.00455	0.00150	0.00767	0.00376	0.00301	0.00892
9	0.01562	0.01308	0.01508	0.01088	0.01702	0.01047	0.00874	0.08123	0.01621	0.02476	0.01282	0.01469	0.01048	0.00547	0.00534	0.00113	0.00541	0.00434	0.00440	0.72283
10	0.01074	0.00763	0.00915	0.00890	0.00905	0.00830	0.00568	0.01121	0.01061	0.01477	0.02127	0.07113	0.02390	0.58134	0.05945	0.00614	0.08313	0.00986	0.04290	0.00484
11	0.00883	0.00642	0.00845	0.00975	0.01047	0.00587	0.00658	0.01015	0.01342	0.01808	0.03703	0.70982	0.04419	0.02095	0.00870	0.00274	0.00411	0.01898	0.00635	0.04912
12	0.00949	0.00689	0.00868	0.00950	0.01043	0.00652	0.00654	0.03744	0.01509	0.02017	0.13535	0.52508	0.10166	0.06010	0.01014	0.00289	0.00419	0.01730	0.00655	0.00599
13	0.01886	0.01948	0.01850	0.06152	0.02090	0.20105	0.01294	0.05250	0.20425	0.02220	0.01581	0.01771	0.01273	0.00878	0.01035	0.00220	0.18095	0.00594	0.00461	0.10872
14	0.01527	0.01527	0.02137	0.01832	0.01832	0.02137	0.01527	0.01679	0.01069	0.01679	0.00916	0.01527	0.00916	0.01221	0.02290	0.00305	0.74198	0.00611	0.00305	0.00763
15	0.01450	0.01404	0.01957	0.01686	0.01742	0.01891	0.01394	0.01626	0.01100	0.01709	0.01065	0.01685	0.01035	0.01717	0.11657	0.00402	0.59802	0.00617	0.00321	0.05741
16	0.02599	0.01902	0.02036	0.01567	0.02110	0.02103	0.01293	0.66104	0.03208	0.04326	0.01699	0.01713	0.01211	0.00837	0.00690	0.00208	0.00750	0.00629	0.03850	0.01165
17	0.00850	0.00607	0.00810	0.00972	0.01012	0.00567	0.00648	0.00972	0.01336	0.01781	0.03846	0.75020	0.04615	0.02186	0.00891	0.00283	0.00405	0.01984	0.00648	0.00567
18	0.03101	0.01236	0.01649	0.01265	0.01806	0.01098	0.01045	0.07538	0.02079	0.67354	0.02685	0.02331	0.01693	0.00862	0.00702	0.00216	0.00605	0.00697	0.00853	0.01188
19	0.00862	0.00616	0.00822	0.00971	0.01014	0.00584	0.00650	0.00985	0.01316	0.01760	0.03707	0.69595	0.04424	0.04726	0.04068	0.00332	0.00477	0.01899	0.00629	0.00564
20	0.80405	0.01350	0.01026	0.00918	0.01350	0.01565	0.00756	0.02051	0.01188	0.03131	0.00972	0.01134	0.00756	0.00648	0.00432	0.00216	0.00540	0.00378	0.00432	0.00756
21	0.01015	0.00677	0.00761	0.00761	0.00761	0.00677	0.00423	0.01015	0.01015	0.01353	0.02199	0.04567	0.02537	0.75476	0.03552	0.00677	0.00677	0.01015	0.00423	0.00423
22	0.01015	0.00677	0.00761	0.00761	0.00761	0.00677	0.00423	0.01015	0.01015	0.01353	0.02199	0.04567	0.02537	0.75476	0.03552	0.00677	0.00677	0.01015	0.00423	0.00423
23	0.02513	0.07342	0.02045	0.01742	0.02107	0.66415	0.01324	0.02698	0.01918	0.01701	0.01098	0.01298	0.00926	0.00857	0.02938	0.00208	0.01249	0.00455	0.00357	0.00808
24	0.01212	0.00606	0.00909	0.00909	0.00909	0.00606	0.00606	0.00909	0.00909	0.01212	0.01212	0.02121	0.01212	0.02424	0.02727	0.79697	0.00606	0.00606	0.00303	0.00303
25	0.03131	0.01188	0.01619	0.01242	0.01781	0.01026	0.01026	0.03401	0.01997	0.71606	0.02753	0.02375	0.01727	0.00864	0.00702	0.00216	0.00594	0.00702	0.00864	0.01188
26	0.02747	0.01803	0.02001	0.01534	0.02089	0.01939	0.01267	0.55895	0.03028	0.17657	0.01888	0.01813	0.01293	0.00843	0.00699	0.00211	0.00734	0.00643	0.00731	0.01187
27	0.01629	0.01847	0.04007	0.06830	0.03711	0.01753	0.64930	0.02210	0.01633	0.02210	0.01402	0.01881	0.01052	0.00594	0.00817	0.00235	0.01163	0.00812	0.00351	0.00932
28	0.01654	0.01863	0.04006	0.03058	0.09521	0.01755	0.62804	0.02227	0.01642	0.02239	0.01403	0.01869	0.01063	0.00591	0.00812	0.00233	0.01146	0.00806	0.00352	0.00955
29	0.01447	0.01240	0.01447	0.01034	0.01654	0.00930	0.00827	0.01757	0.01447	0.02274	0.01240	0.01447	0.01034	0.00517	0.00517	0.00103	0.00517	0.00413	0.00413	0.79742
30	0.62653	0.01615	0.01196	0.01061	0.01480	0.10900	0.00855	0.05888	0.01420	0.02994	0.01077	0.01239	0.00840	0.00674	0.00475	0.00209	0.00638	0.00412	0.03589	0.00783
31	0.01012	0.00689	0.00824	0.00824	0.00846	0.00711	0.00501	0.01055	0.01033	0.01400	0.02141	0.04249	0.02399	0.63247	0.15592	0.00754	0.00884	0.00968	0.00414	0.00458
32	0.02306	0.01649	0.01719	0.01402	0.01854	0.05630	0.01127	0.32869	0.17379	0.12319	0.04818	0.02180	0.01721	0.00879	0.00681	0.00210	0.00663	0.00690	0.08833	0.01072
33	0.01527	0.01527	0.02137	0.01832	0.01832	0.02137	0.01527	0.01679	0.01069	0.01679	0.00916	0.01527	0.00916	0.01221	0.02290	0.00305	0.74198	0.00611	0.00305	0.00763
34	0.01942	0.31804	0.02455	0.01335	0.01812	0.08548	0.01148	0.10067	0.24267	0.02436	0.01758	0.01777	0.01392	0.00764	0.00581	0.00188	0.00704	0.00563	0.05485	0.00974
35	0.02401	0.01805	0.01959	0.01486	0.02057	0.01906	0.01222	0.54785	0.02898	0.03954	0.01584	0.01628	0.01155	0.00771	0.00660	0.00187	0.00715	0.00583	0.00639	0.17605
36	0.01298	0.03956	0.01163	0.01017	0.01258	0.00995	0.00773	0.11027	0.05546	0.04570	0.07444	0.22544	0.23677	0.07454	0.01020	0.00278	0.00498	0.04122	0.00639	0.00722
37	0.02275	0.01710	0.01840	0.01503	0.01988	0.01911	0.01212	0.36410	0.32559	0.07543	0.02250	0.02124	0.01633	0.00887	0.00704	0.00222	0.00663	0.00703	0.00713	0.01151
38	0.00998	0.00744	0.01101	0.01101	0.01219	0.00861	0.00847	0.01233	0.01116	0.01605	0.01887	0.02843	0.01789	0.09141	0.68863	0.01097	0.01803	0.00763	0.00377	0.00612
39	0.01613	0.03667	0.02848	0.06315	0.04483	0.04830	0.23941	0.01939	0.01340	0.01887	0.01119	0.01648	0.00968	0.00928	0.01552	0.00266	0.38823	0.00670	0.00325	0.00838
40	0.02680	0.01911	0.02067	0.01585	0.02142	0.02100	0.01309	0.65102	0.03208	0.08194	0.01736	0.01715	0.01217	0.00839	0.00698	0.00210	0.00758	0.00632	0.00707	0.01187
41	0.00860	0.00700	0.00761	0.00762	0.00968	0.00601	0.00565	0.01063	0.01648	0.02061	0.19682	0.11829	0.52604	0.01732	0.00830	0.00236	0.00353	0.01471	0.00672	0.00601
42	0.00883	0.00621	0.00800	0.00929	0.00962	0.00589	0.00603	0.00980	0.01272	0.01695	0.03515	0.60874	0.04198	0.16901	0.01425	0.00362	0.00459	0.01789	0.00603	0.00538
43	0.01775	0.01750	0.02785	0.04147	0.67334	0.05560	0.02098	0.02177	0.01610	0.02248	0.01300	0.01701	0.01094	0.00627	0.00687	0.00206	0.00853	0.00612	0.00346	0.01089
44	0.02621	0.01939	0.02076	0.01599	0.02152	0.02149	0.01319	0.66544	0.05584	0.04347	0.01716	0.01707	0.01219	0.00841	0.00698	0.00210	0.00760	0.00634	0.00698	0.01184
45	0.00850	0.00607	0.00810	0.00972	0.01012	0.00567	0.00648	0.00972	0.01336	0.01781	0.03846	0.75020	0.04615	0.02186	0.00891	0.00283	0.00405	0.01984	0.00648	0.00567
46	0.02330	0.01687	0.01813	0.01436	0.01909	0.01864	0.01173	0.52137	0.07139	0.03927	0.01844	0.01913	0.01357	0.01030	0.03767	0.00244	0.00738	0.00647	0.11967	0.01080
47	0.01149	0.00827	0.01001	0.00987	0.01135	0.00827	0.00716	0.04912	0.01513	0.05872	0.06338	0.31107	0.22365	0.10657	0.01281	0.00309	0.06304	0.01444	0.00612	0.00643
48	0.02458	0.01858	0.01985	0.01566	0.02090	0.02073	0.01279	0.54981	0.17413	0.04084	0.01923	0.01872	0.01387	0.00861	0.00701	0.00215	0.00722	0.00662	0.00701	0.01169
49	0.01427	0.01406	0.02048	0.64040	0.04421	0.07157	0.01829	0.01861	0.01444	0.01804	0.01227	0.01790	0.00933	0.00689	0.00682	0.00221	0.00933	0.00595	0.00320	0.05170
50	0.01623	0.01810	0.03715	0.02715	0.03278	0.01841	0.54943	0.02122	0.01529	0.02122	0.01311	0.01810	0.01030	0.00717	0.01122	0.00250	0.16035	0.00780	0.00343	0.00905
51	0.01172	0.00834	0.00957	0.00899	0.00958	0.00884	0.00576	0.06707	0.01233	0.01654	0.02271	0.04193	0.05067	0.60204	0.05051	0.00612	0.04794	0.00971	0.00447	0.00518
52	0.05662	0.02792	0.01919	0.01686	0.02090	0.48901	0.01294	0.15373	0.09400	0.02404	0.01375	0.01475	0.01078	0.00763	0.00643	0.00193	0.01061	0.00517	0.00464	0.00910

[dist]
# distance from previous block
# <min> <max>
0	1

[block]
# block no. 4 follows, 30 sequences, length 45
# corresponding to MSA columns:
# 133-177
name=unknown_E
#
# <colnr> <probs for GDERKNQSTAVLIFYWHMCP>
#	G	D	E	R	K	N	Q	S	T	A	V	L	I	F	Y	W	H	M	C	P
0	0.02659	0.08114	0.01879	0.01316	0.01852	0.01479	0.01096	0.15703	0.10310	0.40156	0.02308	0.02101	0.01557	0.00824	0.00668	0.00205	0.00631	0.00652	0.00736	0.05753
1	0.00912	0.00697	0.00845	0.00893	0.01053	0.00630	0.00671	0.01133	0.01627	0.02117	0.21840	0.23276	0.29397	0.01806	0.00859	0.00255	0.00399	0.10304	0.00677	0.00608
2	0.03559	0.44460	0.18000	0.01434	0.02019	0.03866	0.01496	0.02025	0.01393	0.01813	0.01179	0.05127	0.01087	0.00769	0.00730	0.00192	0.09124	0.00517	0.00321	0.00887
3	0.02289	0.01614	0.02065	0.03990	0.20284	0.04049	0.01436	0.22112	0.08772	0.18475	0.03577	0.02051	0.01513	0.00968	0.03398	0.00247	0.00776	0.00672	0.00611	0.01100
4	0.00879	0.00634	0.00832	0.00941	0.01016	0.00588	0.00645	0.01048	0.01485	0.02006	0.18465	0.57176	0.07684	0.02005	0.00873	0.00268	0.00386	0.01807	0.00674	0.00588
5	0.00914	0.00638	0.00809	0.00921	0.00955	0.00612	0.00600	0.01007	0.01249	0.01663	0.03328	0.50025	0.03943	0.24899	0.01719	0.00407	0.00500	0.04706	0.00578	0.00526
6	0.01811	0.01685	0.02766	0.04042	0.64902	0.01704	0.02068	0.08154	0.01742	0.02471	0.01345	0.01722	0.01113	0.00641	0.00691	0.00207	0.00824	0.00622	0.00377	0.01113
7	0.01620	0.03789	0.08042	0.07391	0.06155	0.01763	0.56182	0.02198	0.01613	0.02192	0.01376	0.01831	0.01038	0.00601	0.00791	0.00231	0.01128	0.00773	0.00345	0.00941
8	0.01550	0.00839	0.01105	0.00967	0.01234	0.00753	0.00750	0.01856	0.01963	0.21044	0.49693	0.04529	0.08307	0.01293	0.00791	0.00219	0.00401	0.01123	0.00788	0.00796
9	0.01638	0.01583	0.02746	0.18648	0.53808	0.01641	0.05589	0.02072	0.01552	0.02174	0.01303	0.01763	0.01067	0.00636	0.00699	0.00214	0.00868	0.00632	0.00338	0.01028
10	0.02512	0.06024	0.01823	0.01366	0.01852	0.04214	0.01116	0.20237	0.14525	0.30258	0.04275	0.04936	0.01824	0.00916	0.00695	0.00215	0.00651	0.00733	0.00729	0.01102
11	0.01573	0.01715	0.02786	0.20497	0.03308	0.10694	0.30655	0.01994	0.01557	0.01965	0.01633	0.11724	0.01482	0.00879	0.00843	0.00237	0.04382	0.00872	0.00381	0.00823
12	0.02013	0.02233	0.02452	0.09614	0.39836	0.27732	0.01832	0.02346	0.01714	0.02025	0.01220	0.01567	0.01014	0.00664	0.00669	0.00199	0.00996	0.00558	0.00347	0.00967
13	0.00893	0.00692	0.00762	0.00768	0.00924	0.00617	0.00536	0.01049	0.01500	0.01897	0.15329	0.12033	0.40339	0.17909	0.01428	0.00334	0.00425	0.01386	0.00617	0.00561
14	0.09852	0.01556	0.07933	0.08491	0.02097	0.03129	0.04354	0.14038	0.12411	0.02703	0.07855	0.11099	0.02149	0.03844	0.00853	0.01984	0.00684	0.00847	0.00544	0.03576
15	0.00855	0.00628	0.00803	0.00928	0.01004	0.00576	0.00632	0.00997	0.01411	0.01858	0.08364	0.61113	0.14110	0.02081	0.00877	0.00273	0.00393	0.01868	0.00655	0.00576
16	0.01768	0.33734	0.09046	0.01541	0.01944	0.05640	0.01443	0.06048	0.01434	0.01877	0.01045	0.01371	0.00939	0.00947	0.02767	0.00237	0.26523	0.00497	0.00330	0.00869
17	0.07001	0.01519	0.01674	0.01264	0.01830	0.01465	0.01028	0.28974	0.02192	0.05856	0.01521	0.03345	0.01192	0.00709	0.00601	0.00162	0.00620	0.00548	0.00553	0.37944
18	0.09684	0.01871	0.01980	0.01530	0.02076	0.02068	0.01264	0.60334	0.03044	0.06792	0.01652	0.01653	0.01168	0.00822	0.00674	0.00210	0.00741	0.00608	0.00680	0.01148
19	0.01175	0.00808	0.01004	0.00970	0.01150	0.00784	0.00711	0.01617	0.09550	0.06835	0.37258	0.20215	0.07507	0.06012	0.00983	0.00264	0.00410	0.01325	0.00715	0.00706
20	0.01045	0.00810	0.01217	0.01159	0.01284	0.00921	0.03366	0.01270	0.01153	0.01648	0.04221	0.03004	0.01964	0.14713	0.54952	0.00962	0.04508	0.00800	0.00391	0.00613
21	0.06431	0.01263	0.01921	0.56162	0.04012	0.01526	0.01693	0.07726	0.01602	0.02193	0.07533	0.02100	0.01452	0.00773	0.00692	0.00228	0.00837	0.00663	0.00394	0.00800
22	0.02156	0.01620	0.01780	0.01415	0.01827	0.01783	0.01126	0.44893	0.05102	0.03451	0.01746	0.02246	0.01457	0.15288	0.01341	0.00300	0.05391	0.00695	0.00603	0.05778
23	0.00905	0.00686	0.00834	0.00848	0.01005	0.00615	0.00617	0.01138	0.01704	0.02275	0.35249	0.22453	0.25704	0.01713	0.00840	0.00240	0.00355	0.01500	0.00703	0.00615
24	0.00852	0.00716	0.00745	0.00759	0.00988	0.00608	0.00584	0.01042	0.01592	0.01903	0.06765	0.06820	0.64812	0.01782	0.00837	0.00243	0.00380	0.07332	0.00648	0.00594
25	0.05322	0.16852	0.02130	0.04047	0.01933	0.04552	0.01171	0.08582	0.08584	0.28159	0.01900	0.01863	0.01356	0.00817	0.00775	0.00208	0.07311	0.00594	0.00597	0.03248
26	0.02587	0.01787	0.01944	0.01505	0.02033	0.01949	0.01239	0.56582	0.04836	0.10610	0.01847	0.01826	0.01302	0.00842	0.00685	0.00208	0.00717	0.00641	0.05710	0.01151
27	0.01123	0.00972	0.01442	0.01345	0.01429	0.01121	0.06022	0.01288	0.01236	0.01730	0.02526	0.35997	0.02878	0.09471	0.08011	0.00401	0.20569	0.01316	0.00486	0.00639
28	0.00879	0.00704	0.00785	0.00775	0.00978	0.00610	0.00577	0.01102	0.01702	0.02175	0.27491	0.09609	0.46798	0.01678	0.00827	0.00233	0.00348	0.01430	0.00687	0.00610
29	0.01441	0.01121	0.01679	0.08908	0.09627	0.01102	0.08169	0.07242	0.01745	0.08512	0.09587	0.16109	0.19284	0.01291	0.00787	0.00235	0.00614	0.01153	0.00584	0.00809
30	0.42656	0.01556	0.01478	0.05028	0.01804	0.06154	0.01045	0.12296	0.01658	0.11800	0.01322	0.01455	0.00978	0.00762	0.00699	0.00221	0.07207	0.00495	0.00505	0.00881
31	0.01771	0.01786	0.02469	0.23854	0.39500	0.11701	0.01938	0.04789	0.01656	0.02140	0.01273	0.01697	0.01029	0.00666	0.00684	0.00211	0.00917	0.00597	0.00351	0.00972
32	0.01725	0.01718	0.02632	0.16427	0.53781	0.07370	0.02041	0.02130	0.01586	0.02145	0.01281	0.01713	0.01058	0.00643	0.00687	0.00210	0.00882	0.00608	0.00340	0.01023
33	0.02117	0.01470	0.01652	0.01379	0.01834	0.01582	0.01101	0.15876	0.35868	0.16111	0.02438	0.02309	0.01777	0.01105	0.04474	0.00265	0.00668	0.00713	0.00699	0.06561
34	0.01605	0.01734	0.02837	0.08634	0.02796	0.07208	0.27864	0.01958	0.01406	0.01914	0.01289	0.05123	0.01146	0.00933	0.01380	0.00261	0.29989	0.00747	0.00345	0.00829
35	0.01984	0.20850	0.05684	0.01868	0.10197	0.18805	0.04894	0.12757	0.01872	0.02248	0.01566	0.11159	0.01468	0.00880	0.00648	0.00199	0.00872	0.00705	0.00431	0.00911
36	0.12730	0.01208	0.01546	0.01201	0.01728	0.01093	0.00992	0.03233	0.01897	0.63100	0.02532	0.02221	0.01607	0.00837	0.00668	0.00216	0.00587	0.00662	0.00810	0.01134
37	0.01009	0.00681	0.00778	0.00776	0.00791	0.00681	0.00448	0.01031	0.01058	0.01414	0.04081	0.04568	0.04300	0.69105	0.06006	0.00670	0.00704	0.01022	0.00435	0.00441
38	0.01547	0.01076	0.01264	0.01160	0.01368	0.01132	0.00853	0.24272	0.01902	0.02544	0.02498	0.30905	0.02664	0.08375	0.01381	0.13971	0.00589	0.01193	0.00585	0.00721
39	0.00917	0.00689	0.00850	0.00856	0.01011	0.00621	0.00624	0.01163	0.01740	0.02350	0.40341	0.20859	0.22068	0.01677	0.00838	0.00237	0.00352	0.01472	0.00712	0.00621
40	0.00970	0.00658	0.00774	0.00818	0.00829	0.00647	0.00484	0.01003	0.01102	0.01469	0.02646	0.23688	0.03101	0.55585	0.02830	0.00570	0.00603	0.01278	0.00484	0.00462
41	0.09200	0.02435	0.10418	0.01844	0.08334	0.24861	0.01459	0.19419	0.07649	0.02764	0.01452	0.01582	0.01110	0.00749	0.00640	0.00202	0.00911	0.00547	0.03451	0.00972
42	0.06402	0.18472	0.47107	0.01732	0.02586	0.04950	0.02068	0.05253	0.01549	0.02226	0.01188	0.01379	0.00893	0.00659	0.00604	0.00203	0.00940	0.00480	0.00325	0.00984
43	0.01585	0.00837	0.01111	0.00986	0.01240	0.00755	0.00754	0.01868	0.01891	0.22210	0.43046	0.10681	0.04888	0.03872	0.00888	0.00240	0.00423	0.01159	0.00773	0.00792
44	0.16769	0.01340	0.01560	0.06556	0.11660	0.04865	0.01114	0.06365	0.03312	0.08694	0.09536	0.09051	0.02083	0.02921	0.00728	0.00218	0.00628	0.00762	0.00526	0.11311

[dist]
# distance from previous block
# <min> <max>
0	3

[block]
# block no. 5 follows, 30 sequences, length 21
# corresponding to MSA columns:
# 181-201
name=unknown_F
#
# <colnr> <probs for GDERKNQSTAVLIFYWHMCP>
#	G	D	E	R	K	N	Q	S	T	A	V	L	I	F	Y	W	H	M	C	P
0	0.04376	0.01536	0.07455	0.11000	0.05532	0.01439	0.05908	0.13270	0.05522	0.15231	0.01920	0.06273	0.01528	0.04266	0.00877	0.00239	0.03456	0.00732	0.04674	0.04765
1	0.01537	0.26049	0.44311	0.01742	0.02591	0.01947	0.05527	0.02129	0.01469	0.02021	0.01388	0.01579	0.03494	0.00679	0.00610	0.00200	0.00924	0.00523	0.00312	0.00968
2	0.00856	0.00697	0.00745	0.00754	0.00951	0.00600	0.00550	0.01035	0.01581	0.01952	0.13772	0.12754	0.53811	0.05628	0.00974	0.00261	0.00372	0.01472	0.00650	0.00586
3	0.67495	0.01379	0.01208	0.01067	0.01429	0.01659	0.00882	0.01990	0.01168	0.02893	0.00963	0.01198	0.00782	0.00742	0.00736	0.00231	0.12596	0.00416	0.00411	0.00757
4	0.13339	0.01427	0.01610	0.01255	0.01738	0.01443	0.01025	0.18025	0.01898	0.11025	0.04623	0.01746	0.01353	0.00769	0.00769	0.00185	0.08297	0.00553	0.00542	0.28377
5	0.01573	0.24017	0.32340	0.01723	0.02505	0.01882	0.09368	0.02098	0.01462	0.02043	0.01178	0.01414	0.00930	0.00629	0.00641	0.00187	0.02836	0.00497	0.00320	0.12357
6	0.01247	0.01026	0.01138	0.01080	0.01339	0.01081	0.00816	0.02202	0.30093	0.02524	0.20374	0.13495	0.18004	0.01397	0.00785	0.00238	0.00437	0.01203	0.00703	0.00818
7	0.01280	0.00657	0.00683	0.00683	0.00843	0.00666	0.00514	0.01600	0.01440	0.02535	0.02249	0.02611	0.01786	0.01115	0.05416	0.00228	0.00431	0.00657	0.73961	0.00649
8	0.02607	0.03326	0.01978	0.01798	0.02157	0.72674	0.01348	0.02787	0.01978	0.01708	0.01079	0.01258	0.00899	0.00719	0.00629	0.00180	0.01258	0.00449	0.00360	0.00809
9	0.02236	0.01679	0.01936	0.13335	0.02453	0.01877	0.01340	0.49789	0.02746	0.03688	0.01807	0.07864	0.01452	0.00927	0.00707	0.00218	0.00748	0.00741	0.03411	0.01049
10	0.00850	0.00607	0.00810	0.00972	0.01012	0.00567	0.00648	0.00972	0.01336	0.01781	0.03846	0.75020	0.04615	0.02186	0.00891	0.00283	0.00405	0.01984	0.00648	0.00567
11	0.00859	0.00614	0.00818	0.00966	0.01014	0.00573	0.00648	0.00994	0.01377	0.01847	0.08173	0.70506	0.04743	0.02137	0.00886	0.00279	0.00400	0.01937	0.00656	0.00573
12	0.02985	0.01155	0.01573	0.01217	0.01731	0.01001	0.01001	0.03259	0.01996	0.66911	0.07393	0.02569	0.02059	0.00902	0.00710	0.00216	0.00576	0.00740	0.00857	0.01151
13	0.08794	0.01180	0.01513	0.01197	0.01688	0.01081	0.00979	0.03141	0.06185	0.56245	0.08355	0.02533	0.02088	0.00900	0.00692	0.00218	0.00565	0.00730	0.00813	0.01105
14	0.00963	0.00692	0.00890	0.01011	0.01084	0.00667	0.00690	0.05221	0.01458	0.01945	0.03710	0.70425	0.04401	0.02102	0.00879	0.00279	0.00428	0.01899	0.00651	0.00606
15	0.04911	0.01416	0.01646	0.01323	0.01790	0.01461	0.01073	0.23409	0.13474	0.27829	0.11775	0.02548	0.02266	0.00940	0.00710	0.00218	0.00603	0.00760	0.00760	0.01087
16	0.02590	0.01894	0.02027	0.01561	0.02101	0.02094	0.01287	0.65672	0.03196	0.04314	0.01703	0.01718	0.01215	0.00837	0.00688	0.00207	0.00747	0.00629	0.04356	0.01162
17	0.01778	0.50776	0.17887	0.01428	0.02101	0.02380	0.03250	0.05750	0.03312	0.01990	0.02953	0.01390	0.01094	0.00654	0.00533	0.00174	0.00803	0.00463	0.00344	0.00940
18	0.73029	0.01452	0.01120	0.03883	0.01532	0.05413	0.00835	0.02080	0.01239	0.03000	0.00988	0.01169	0.00770	0.00654	0.00453	0.00215	0.00594	0.00391	0.00423	0.00759
19	0.01498	0.01345	0.01200	0.01133	0.01323	0.16521	0.00859	0.03642	0.01483	0.01997	0.02069	0.02639	0.05316	0.07585	0.22261	0.00500	0.04399	0.00704	0.22848	0.00678
20	0.01030	0.00755	0.00924	0.00932	0.01038	0.00774	0.00646	0.03248	0.03839	0.01771	0.05486	0.17536	0.12240	0.27576	0.18484	0.00599	0.00845	0.01186	0.00516	0.00576

[dist]
# distance from previous block
# <min> <max>
0	1

[block]
# block no. 6 follows, 30 sequences, length 47
# corresponding to MSA columns:
# 203-249
name=unknown_G
#
# <colnr> <probs for GDERKNQSTAVLIFYWHMCP>
#	G	D	E	R	K	N	Q	S	T	A	V	L	I	F	Y	W	H	M	C	P
0	0.01656	0.06284	0.03978	0.01498	0.04300	0.15035	0.04337	0.07600	0.01596	0.02113	0.01590	0.02047	0.01353	0.02195	0.23700	0.00491	0.05641	0.00624	0.13179	0.00784
1	0.06009	0.01240	0.01626	0.01251	0.01788	0.01115	0.01034	0.07307	0.02045	0.64963	0.02621	0.02286	0.01658	0.00854	0.00691	0.00216	0.00602	0.00685	0.00837	0.01171
2	0.01417	0.01487	0.05274	0.09822	0.02648	0.01514	0.26575	0.01870	0.04651	0.01975	0.01686	0.07638	0.01547	0.09555	0.04315	0.00334	0.13312	0.00851	0.02730	0.00796
3	0.01701	0.01714	0.02955	0.10280	0.45851	0.03964	0.15966	0.02211	0.04302	0.02231	0.01380	0.01792	0.01113	0.00638	0.00718	0.00216	0.00914	0.00665	0.00359	0.01031
4	0.00955	0.00687	0.00906	0.00919	0.01049	0.00638	0.00673	0.01226	0.01785	0.02491	0.49758	0.24647	0.05945	0.01655	0.00847	0.00241	0.00362	0.03855	0.00730	0.00632
5	0.01014	0.00680	0.00780	0.00780	0.00786	0.00687	0.00446	0.01027	0.01020	0.01367	0.02181	0.04471	0.02496	0.71800	0.07170	0.00700	0.00739	0.01001	0.00420	0.00433
6	0.01708	0.61056	0.06040	0.01177	0.01724	0.02382	0.01167	0.01973	0.01508	0.01848	0.11989	0.01780	0.01792	0.00731	0.00516	0.00163	0.00692	0.00519	0.00372	0.00864
7	0.01465	0.03219	0.58193	0.02344	0.14104	0.01631	0.02457	0.02250	0.03818	0.02245	0.01316	0.01553	0.00963	0.00666	0.00669	0.00219	0.00982	0.00542	0.00317	0.01046
8	0.01124	0.00803	0.01124	0.01285	0.01446	0.00803	0.01124	0.01446	0.01606	0.02088	0.03695	0.07871	0.04016	0.01928	0.00964	0.00321	0.00643	0.66426	0.00643	0.00643
9	0.01545	0.01397	0.01450	0.12663	0.02026	0.09375	0.01077	0.10368	0.16042	0.02370	0.05757	0.11791	0.14226	0.05689	0.00916	0.00257	0.00665	0.00998	0.00572	0.00816
10	0.01406	0.04737	0.04391	0.10875	0.02499	0.01528	0.18894	0.01953	0.08806	0.02171	0.12568	0.10541	0.02384	0.01056	0.01020	0.00245	0.12703	0.00929	0.00472	0.00823
11	0.01479	0.01381	0.02272	0.51256	0.20441	0.01625	0.01945	0.04629	0.01506	0.02005	0.01262	0.01807	0.00982	0.00707	0.00761	0.00229	0.03887	0.00620	0.00334	0.00871
12	0.61792	0.05384	0.01225	0.00965	0.01394	0.01577	0.00802	0.06630	0.01389	0.04890	0.01182	0.01332	0.00909	0.00678	0.00463	0.00207	0.00549	0.00427	0.07409	0.00795
13	0.00935	0.00710	0.00851	0.00817	0.00998	0.00636	0.00607	0.01201	0.01810	0.02439	0.46964	0.05683	0.27632	0.04528	0.00934	0.00243	0.00351	0.01322	0.00715	0.00626
14	0.07381	0.01557	0.06622	0.18709	0.02562	0.01495	0.01335	0.20691	0.01987	0.05463	0.05650	0.01900	0.01414	0.00750	0.00640	0.00194	0.00708	0.00600	0.03687	0.16656
15	0.00936	0.00643	0.00784	0.00862	0.00881	0.00624	0.00530	0.00994	0.01168	0.01558	0.02986	0.38252	0.03531	0.40434	0.02279	0.00489	0.00547	0.01478	0.00530	0.00492
16	0.02588	0.02532	0.02018	0.01681	0.02144	0.32946	0.01325	0.36812	0.05931	0.03151	0.01471	0.01538	0.01107	0.00791	0.00669	0.00198	0.00972	0.00558	0.00551	0.01018
17	0.01773	0.01518	0.01599	0.01428	0.01829	0.01753	0.01114	0.06362	0.67147	0.02979	0.02793	0.02566	0.02092	0.00942	0.00710	0.00236	0.00561	0.00782	0.00710	0.01108
18	0.00944	0.00658	0.00847	0.00954	0.01052	0.00604	0.00669	0.01104	0.01452	0.04137	0.09040	0.54764	0.13745	0.02018	0.00875	0.00272	0.00411	0.05192	0.00663	0.00600
19	0.80405	0.01350	0.01026	0.00918	0.01350	0.01565	0.00756	0.02051	0.01188	0.03131	0.00972	0.01134	0.00756	0.00648	0.00432	0.00216	0.00540	0.00378	0.00432	0.00756
20	0.00977	0.00673	0.00766	0.00782	0.00816	0.00655	0.00466	0.01019	0.01140	0.01502	0.05152	0.12346	0.09915	0.57599	0.02896	0.00574	0.00603	0.01174	0.00482	0.00463
21	0.80405	0.01350	0.01026	0.00918	0.01350	0.01565	0.00756	0.02051	0.01188	0.03131	0.00972	0.01134	0.00756	0.00648	0.00432	0.00216	0.00540	0.00378	0.00432	0.00756
22	0.00959	0.00691	0.00907	0.00898	0.01036	0.00639	0.00656	0.01244	0.01841	0.02585	0.56722	0.19853	0.06171	0.01586	0.00837	0.00233	0.00345	0.01413	0.00743	0.00639
23	0.01012	0.00688	0.00818	0.00818	0.00838	0.00707	0.00494	0.01051	0.01032	0.01395	0.02147	0.04279	0.02412	0.64396	0.14460	0.00747	0.00865	0.00973	0.00415	0.00454
24	0.00863	0.00690	0.00776	0.00815	0.00994	0.00602	0.00600	0.01052	0.01576	0.01974	0.13324	0.22220	0.45248	0.01833	0.00846	0.00249	0.00376	0.04706	0.00661	0.00594
25	0.13703	0.00723	0.00927	0.00910	0.00979	0.00757	0.00630	0.01089	0.00953	0.01515	0.01174	0.01965	0.01140	0.02144	0.02365	0.67160	0.00596	0.00570	0.00323	0.00374
26	0.01588	0.01403	0.02168	0.47793	0.13848	0.01654	0.01819	0.12166	0.01689	0.02239	0.01306	0.01808	0.01003	0.00778	0.00813	0.02582	0.03474	0.00621	0.00375	0.00873
27	0.01118	0.00729	0.00862	0.00842	0.00909	0.00721	0.00531	0.01256	0.03423	0.04797	0.12896	0.08591	0.03216	0.52576	0.04223	0.00558	0.00625	0.01083	0.00517	0.00528
28	0.01365	0.00749	0.00763	0.00735	0.00919	0.00771	0.00552	0.04375	0.05239	0.02634	0.02280	0.02653	0.01817	0.04159	0.00645	0.00191	0.00371	0.00673	0.68422	0.00686
29	0.21374	0.01457	0.04538	0.34940	0.18777	0.01587	0.01685	0.02004	0.03395	0.02284	0.01236	0.01655	0.00959	0.00674	0.00628	0.00222	0.00802	0.00561	0.00360	0.00864
30	0.02064	0.09069	0.12907	0.01645	0.02146	0.22085	0.04417	0.17642	0.05719	0.02480	0.02990	0.01874	0.01313	0.07598	0.00962	0.00245	0.02866	0.00603	0.00454	0.00920
31	0.25869	0.01587	0.01530	0.01370	0.04779	0.09536	0.01041	0.13017	0.05125	0.20036	0.01818	0.04638	0.01365	0.00822	0.00609	0.00211	0.00669	0.00613	0.04406	0.00957
32	0.14057	0.20211	0.35558	0.01662	0.04839	0.04518	0.01809	0.02125	0.01420	0.02173	0.01169	0.01403	0.00920	0.00885	0.04345	0.00248	0.00931	0.00473	0.00326	0.00928
33	0.01006	0.00768	0.00940	0.01012	0.01138	0.00764	0.00713	0.01450	0.12244	0.02099	0.12513	0.49993	0.08960	0.01865	0.00849	0.00265	0.00415	0.01668	0.00673	0.00665
34	0.16714	0.19445	0.15039	0.03820	0.02096	0.11271	0.01395	0.10830	0.01756	0.06111	0.04563	0.01563	0.01222	0.00723	0.00580	0.00196	0.00809	0.00511	0.00435	0.00920
35	0.01598	0.01807	0.10114	0.11180	0.37274	0.01619	0.14961	0.02137	0.04323	0.02190	0.01423	0.01918	0.01165	0.04260	0.00854	0.00241	0.00910	0.00675	0.00356	0.00996
36	0.01241	0.00904	0.01073	0.01013	0.01241	0.00903	0.00771	0.04187	0.13881	0.05388	0.33593	0.13267	0.13025	0.01436	0.00799	0.00234	0.00418	0.03398	0.02471	0.00757
37	0.00867	0.00618	0.00816	0.00956	0.01003	0.00578	0.00638	0.00998	0.01367	0.01834	0.08518	0.66920	0.04662	0.05409	0.01005	0.00296	0.00412	0.01889	0.00646	0.00567
38	0.10393	0.01845	0.01880	0.18275	0.02618	0.11966	0.01366	0.30669	0.05847	0.03123	0.01500	0.01688	0.01114	0.00773	0.00652	0.00211	0.00823	0.00584	0.03707	0.00966
39	0.01018	0.00744	0.01002	0.01164	0.03903	0.00721	0.00813	0.03148	0.01510	0.02027	0.10783	0.44925	0.04353	0.05940	0.01030	0.00300	0.00487	0.14871	0.00637	0.00624
40	0.00875	0.00632	0.00828	0.00941	0.01015	0.00585	0.00644	0.01039	0.01470	0.01980	0.16712	0.58496	0.08152	0.02022	0.00875	0.00269	0.00388	0.01822	0.00671	0.00585
41	0.04685	0.69460	0.03476	0.01216	0.01795	0.06377	0.01187	0.02125	0.01439	0.01698	0.00976	0.01127	0.00891	0.00605	0.00457	0.00153	0.00766	0.00377	0.00306	0.00886
42	0.01538	0.09939	0.49840	0.05544	0.05413	0.05606	0.08274	0.02209	0.01512	0.02114	0.01233	0.01493	0.00912	0.00653	0.00658	0.00213	0.01018	0.00535	0.00306	0.00989
43	0.01099	0.00739	0.00959	0.00889	0.01078	0.00675	0.00672	0.01416	0.01956	0.06599	0.63482	0.05136	0.09811	0.01414	0.00816	0.00220	0.00345	0.01242	0.00767	0.00684
44	0.04322	0.01500	0.02385	0.35121	0.29497	0.04435	0.05521	0.01962	0.01507	0.02045	0.01499	0.01959	0.03847	0.00706	0.00695	0.00221	0.00881	0.00651	0.00346	0.00902
45	0.05464	0.02057	0.16093	0.12124	0.38995	0.05503	0.02042	0.02216	0.04804	0.02244	0.01335	0.01682	0.01061	0.00661	0.00671	0.00213	0.00878	0.00588	0.00353	0.01016
46	0.30439	0.01307	0.01393	0.03825	0.01643	0.04715	0.04573	0.04376	0.01547	0.11066	0.06779	0.02487	0.10135	0.00928	0.00725	0.00221	0.05773	0.00696	0.06571	0.00802

[dist]
# distance from previous block
# <min> <max>
0	1

[block]
# block no. 7 follows, 30 sequences, length 49
# corresponding to MSA columns:
# 251-299
name=unknown_H
#
# <colnr> <probs for GDERKNQSTAVLIFYWHMCP>
#	G	D	E	R	K	N	Q	S	T	A	V	L	I	F	Y	W	H	M	C	P
0	0.18353	0.02030	0.01466	0.01312	0.01624	0.30555	0.00980	0.07572	0.01709	0.05067	0.04242	0.02197	0.01516	0.17129	0.01245	0.00302	0.00877	0.00616	0.00453	0.00753
1	0.02282	0.01628	0.01793	0.01441	0.01878	0.01773	0.01155	0.51448	0.02769	0.05784	0.02012	0.12389	0.01739	0.03317	0.00918	0.04444	0.00699	0.00836	0.00667	0.01028
2	0.29147	0.09726	0.20884	0.04345	0.02112	0.12417	0.01456	0.02145	0.01463	0.02389	0.03098	0.01772	0.01178	0.00754	0.00579	0.00212	0.00820	0.04274	0.00386	0.00845
3	0.00865	0.00706	0.00747	0.00738	0.00945	0.00607	0.00543	0.01053	0.01609	0.01992	0.16904	0.06314	0.55440	0.07226	0.01028	0.00266	0.00374	0.01405	0.00650	0.00588
4	0.02578	0.06154	0.02043	0.01774	0.02143	0.69949	0.01342	0.02759	0.01956	0.01705	0.01074	0.01253	0.00899	0.00714	0.00622	0.00179	0.01238	0.00446	0.00357	0.00812
5	0.80405	0.01350	0.01026	0.00918	0.01350	0.01565	0.00756	0.02051	0.01188	0.03131	0.00972	0.01134	0.00756	0.00648	0.00432	0.00216	0.00540	0.00378	0.00432	0.00756
6	0.02653	0.01955	0.02094	0.01606	0.02164	0.02164	0.01326	0.68796	0.03281	0.04398	0.01675	0.01675	0.01187	0.00838	0.00698	0.00209	0.00768	0.00628	0.00698	0.01187
7	0.00902	0.00703	0.00818	0.00804	0.00994	0.00620	0.00597	0.01145	0.01751	0.02300	0.36285	0.10677	0.36627	0.01638	0.00828	0.00231	0.00346	0.01410	0.00704	0.00620
8	0.00909	0.00716	0.00824	0.00832	0.01015	0.00644	0.00610	0.01181	0.03887	0.02180	0.25923	0.18916	0.36421	0.01714	0.00833	0.00240	0.00362	0.01481	0.00687	0.00623
9	0.03042	0.01168	0.01591	0.01227	0.01751	0.01010	0.01010	0.03315	0.01996	0.68760	0.05566	0.02493	0.01928	0.00887	0.00707	0.00216	0.00583	0.00725	0.00860	0.01166
10	0.00982	0.00725	0.00926	0.00959	0.01086	0.00698	0.00687	0.01342	0.06686	0.02362	0.36472	0.35580	0.05395	0.01724	0.00844	0.00249	0.00379	0.01543	0.00711	0.00651
11	0.00865	0.00618	0.00826	0.00988	0.01035	0.00579	0.00673	0.00996	0.01350	0.01797	0.03838	0.71519	0.04584	0.02173	0.00895	0.00285	0.00417	0.05344	0.00648	0.00571
12	0.00884	0.00709	0.00789	0.00769	0.00979	0.00614	0.00577	0.01116	0.01730	0.02217	0.30198	0.06170	0.47503	0.01644	0.00824	0.00230	0.00345	0.01396	0.00692	0.00614
13	0.00929	0.00693	0.00864	0.00860	0.01017	0.00628	0.00630	0.01190	0.01781	0.02427	0.45608	0.18165	0.19371	0.01634	0.00836	0.00234	0.00348	0.01436	0.00722	0.00628
14	0.01591	0.01645	0.02268	0.01908	0.01976	0.05789	0.06228	0.01776	0.01157	0.01720	0.00959	0.01538	0.00925	0.01151	0.02100	0.00294	0.65267	0.00617	0.00312	0.00778
15	0.77407	0.01373	0.01067	0.00944	0.01381	0.01589	0.00778	0.04625	0.01268	0.03180	0.00999	0.01154	0.00772	0.00655	0.00442	0.00216	0.00549	0.00388	0.00442	0.00772
16	0.00861	0.00612	0.00806	0.00958	0.00995	0.00574	0.00633	0.00975	0.01315	0.01753	0.03736	0.70323	0.04477	0.07073	0.01068	0.00310	0.00423	0.01919	0.00633	0.00557
17	0.01301	0.00650	0.00650	0.00650	0.00813	0.00650	0.00488	0.01626	0.01463	0.02602	0.02276	0.02602	0.01789	0.00813	0.00488	0.00163	0.00325	0.00650	0.79350	0.00650
18	0.07567	0.01749	0.07228	0.07036	0.16598	0.01710	0.14667	0.16366	0.04508	0.02678	0.01547	0.04337	0.01285	0.04732	0.00940	0.00250	0.04675	0.00710	0.00449	0.00966
19	0.14166	0.01609	0.10773	0.01361	0.01896	0.01358	0.03447	0.11393	0.01896	0.31053	0.04806	0.02064	0.01553	0.00825	0.00705	0.00216	0.03218	0.00639	0.06002	0.01021
20	0.11848	0.01771	0.01888	0.01555	0.04322	0.01957	0.01229	0.53392	0.02829	0.04004	0.01689	0.04677	0.01295	0.00862	0.00667	0.00212	0.00712	0.00655	0.03349	0.01088
21	0.01361	0.01285	0.02172	0.66391	0.11872	0.01562	0.01960	0.01821	0.01416	0.01836	0.01248	0.01846	0.00949	0.00690	0.00697	0.00230	0.00919	0.00620	0.00314	0.00810
22	0.01095	0.01299	0.15119	0.01088	0.01441	0.00843	0.01030	0.01476	0.01759	0.04511	0.38388	0.09780	0.16727	0.01374	0.00793	0.00227	0.00488	0.01187	0.00646	0.00730
23	0.02059	0.07220	0.04342	0.01703	0.08893	0.03523	0.01311	0.23957	0.04075	0.11077	0.07049	0.02889	0.02028	0.01000	0.00772	0.00223	0.03182	0.10354	0.00603	0.03740
