[name]
unknown

[dist]
# distance from previous block
# <min> <max>
0	2

[block]
# block no. 0 follows, 27 sequences, length 16
# corresponding to MSA columns:
# 2-17
name=unknown_A
#
# <colnr> <probs for GDERKNQSTAVLIFYWHMCP>
#	G	D	E	R	K	N	Q	S	T	A	V	L	I	F	Y	W	H	M	C	P
0	0.01152	0.00828	0.01141	0.01292	0.01456	0.00817	0.01103	0.01472	0.01708	0.02231	0.07878	0.13502	0.06791	0.02036	0.01005	0.00329	0.00632	0.53258	0.00692	0.00676
1	0.09120	0.01450	0.01721	0.01368	0.01892	0.01449	0.01117	0.16507	0.09843	0.38612	0.07085	0.02499	0.02038	0.00946	0.00732	0.00231	0.00641	0.00754	0.00819	0.01177
2	0.01021	0.00750	0.00956	0.00920	0.01095	0.00685	0.00684	0.01337	0.02007	0.02790	0.57307	0.10466	0.13987	0.01616	0.00881	0.00240	0.00359	0.01422	0.00794	0.00685
3	0.01409	0.01319	0.02190	0.68359	0.04935	0.01614	0.01999	0.01895	0.01487	0.01924	0.01319	0.01956	0.00995	0.00732	0.00732	0.00240	0.00966	0.00648	0.00336	0.04942
4	0.02930	0.01274	0.01660	0.01320	0.01840	0.01175	0.01074	0.03496	0.12052	0.54561	0.08048	0.02797	0.02302	0.00979	0.00758	0.00233	0.00603	0.00807	0.00886	0.01206
5	0.01509	0.00878	0.01137	0.01063	0.01332	0.00796	0.00851	0.01817	0.01960	0.16164	0.32447	0.05755	0.16216	0.01562	0.00879	0.00256	0.00475	0.13315	0.00790	0.00798
6	0.02707	0.03172	0.02110	0.01874	0.02249	0.57136	0.01433	0.07597	0.02127	0.05050	0.01259	0.01448	0.01020	0.00825	0.00823	0.00206	0.07112	0.00518	0.00428	0.00904
7	0.25716	0.04839	0.01805	0.01430	0.01928	0.06041	0.01162	0.24797	0.19022	0.03581	0.01802	0.01808	0.01347	0.00841	0.00645	0.00228	0.00715	0.00609	0.00621	0.01065
8	0.04530	0.00964	0.00980	0.00899	0.01151	0.01011	0.00689	0.09751	0.06907	0.02937	0.02684	0.02981	0.06462	0.04156	0.00730	0.00217	0.00449	0.00767	0.50947	0.00788
9	0.02519	0.01604	0.01797	0.01419	0.01905	0.01690	0.01151	0.39322	0.02799	0.16464	0.07312	0.02624	0.04583	0.04004	0.00866	0.00242	0.00687	0.00788	0.07109	0.01115
10	0.01123	0.00884	0.01009	0.00975	0.01190	0.00848	0.00733	0.07021	0.01846	0.02384	0.17035	0.17931	0.35284	0.03359	0.00997	0.00269	0.02878	0.02839	0.00699	0.00696
11	0.00999	0.00714	0.00825	0.00856	0.00932	0.00675	0.00546	0.01096	0.01368	0.01788	0.09705	0.19754	0.17108	0.37713	0.02333	0.00493	0.00556	0.01419	0.00582	0.00540
12	0.01340	0.01245	0.02007	0.55108	0.04210	0.01537	0.01800	0.01753	0.01465	0.01895	0.01965	0.08681	0.06017	0.01008	0.00909	0.00259	0.06773	0.00851	0.00386	0.00790
13	0.02247	0.01706	0.01903	0.07794	0.02274	0.01873	0.01278	0.37659	0.13595	0.03706	0.01984	0.02152	0.01503	0.03983	0.00842	0.00238	0.00733	0.00697	0.06654	0.07177
14	0.02748	0.01494	0.01773	0.01384	0.01911	0.01488	0.01132	0.26058	0.04112	0.32624	0.06272	0.02416	0.01915	0.00925	0.00727	0.00218	0.00655	0.00738	0.06793	0.04618
15	0.02447	0.01425	0.01745	0.01496	0.04728	0.01405	0.01143	0.17149	0.10368	0.27770	0.07671	0.08026	0.02307	0.01035	0.00754	0.00226	0.00633	0.00862	0.00768	0.08041

[dist]
# distance from previous block
# <min> <max>
9	30

[block]
# block no. 1 follows, 27 sequences, length 7
# corresponding to MSA columns:
# 52-58
name=unknown_B
#
# <colnr> <probs for GDERKNQSTAVLIFYWHMCP>
#	G	D	E	R	K	N	Q	S	T	A	V	L	I	F	Y	W	H	M	C	P
0	0.06469	0.03971	0.02019	0.13488	0.05892	0.04797	0.04958	0.18796	0.02074	0.07526	0.01991	0.11656	0.01736	0.01025	0.00794	0.00236	0.03505	0.00848	0.07260	0.00959
1	0.01677	0.01255	0.01674	0.12223	0.07861	0.01367	0.01192	0.11387	0.01673	0.06931	0.01936	0.05543	0.01846	0.25148	0.04082	0.00426	0.07148	0.00850	0.00496	0.05284
2	0.01967	0.01589	0.01811	0.10742	0.02352	0.05231	0.01187	0.14856	0.01989	0.07435	0.01513	0.01703	0.01160	0.00680	0.00634	0.00163	0.00711	0.00538	0.00515	0.43225
3	0.01408	0.01084	0.04707	0.01273	0.05252	0.00913	0.00920	0.04876	0.01672	0.09366	0.07953	0.24993	0.14561	0.12008	0.01261	0.00319	0.00565	0.01349	0.00639	0.04880
4	0.01169	0.00871	0.01079	0.04643	0.01361	0.00907	0.00812	0.04755	0.01616	0.02236	0.09470	0.29377	0.15185	0.06011	0.01135	0.00289	0.06064	0.01435	0.10903	0.00681
5	0.01342	0.01089	0.01687	0.41395	0.03370	0.01269	0.01454	0.01672	0.01389	0.01916	0.01585	0.02395	0.01346	0.07623	0.06622	0.07808	0.00911	0.00697	0.09395	0.05035
6	0.08463	0.01274	0.01496	0.06702	0.01832	0.01372	0.02747	0.15292	0.04411	0.04851	0.02092	0.02470	0.03764	0.05322	0.04492	0.00288	0.03744	0.00707	0.21746	0.06938

[dist]
# distance from previous block
# <min> <max>
8	14

[block]
# block no. 2 follows, 27 sequences, length 24
# corresponding to MSA columns:
# 73-96
name=unknown_C
#
# <colnr> <probs for GDERKNQSTAVLIFYWHMCP>
#	G	D	E	R	K	N	Q	S	T	A	V	L	I	F	Y	W	H	M	C	P
0	0.11860	0.01289	0.01400	0.01218	0.01583	0.01363	0.00957	0.16529	0.11843	0.08240	0.18214	0.10473	0.09491	0.01266	0.00772	0.00241	0.00550	0.01050	0.00728	0.00934
1	0.07705	0.01321	0.02175	0.29319	0.03281	0.01459	0.14461	0.04645	0.01580	0.02325	0.01680	0.05376	0.01388	0.01141	0.04653	0.03004	0.00923	0.00761	0.11983	0.00821
2	0.02244	0.01774	0.02037	0.13877	0.02589	0.03975	0.01423	0.39324	0.05000	0.03598	0.07079	0.02285	0.01757	0.04602	0.00997	0.00259	0.04750	0.00741	0.00629	0.01061
3	0.01639	0.01169	0.01545	0.14875	0.02203	0.01324	0.01180	0.14288	0.03588	0.05610	0.01964	0.02524	0.01614	0.04480	0.26632	0.00591	0.01194	0.00736	0.11993	0.00850
4	0.09504	0.07567	0.01996	0.01433	0.01947	0.02021	0.01193	0.44657	0.02799	0.03996	0.01762	0.01850	0.01305	0.00848	0.00657	0.00210	0.00713	0.00626	0.13818	0.01099
5	0.07462	0.00876	0.01002	0.00939	0.01172	0.00836	0.00699	0.01609	0.04596	0.07664	0.30898	0.08260	0.20292	0.09114	0.01136	0.00292	0.00448	0.01262	0.00718	0.00723
6	0.01632	0.01637	0.02723	0.02375	0.08507	0.01974	0.17688	0.01949	0.01364	0.02037	0.01274	0.01868	0.01127	0.01293	0.05662	0.00338	0.40713	0.00717	0.04244	0.00878
7	0.02815	0.02294	0.02210	0.01738	0.02301	0.12411	0.01414	0.57400	0.03286	0.04257	0.01689	0.01717	0.01217	0.00873	0.00732	0.00218	0.00894	0.00640	0.00690	0.01203
8	0.00919	0.00660	0.00861	0.01006	0.01064	0.00614	0.00674	0.01057	0.01457	0.01940	0.07732	0.63748	0.07875	0.05294	0.01060	0.00313	0.00436	0.02000	0.00686	0.00603
9	0.01058	0.00749	0.00948	0.00904	0.01037	0.00705	0.00640	0.01323	0.01854	0.02604	0.52762	0.05379	0.05961	0.19059	0.01579	0.00351	0.00440	0.01279	0.00728	0.00640
10	0.01835	0.46296	0.25789	0.01694	0.04937	0.04268	0.01802	0.02287	0.01551	0.01975	0.01149	0.01345	0.00957	0.00663	0.00567	0.00187	0.00912	0.00460	0.00320	0.01007
11	0.02155	0.01570	0.01744	0.01456	0.01876	0.01718	0.01188	0.39514	0.05463	0.03644	0.02403	0.03167	0.04209	0.04608	0.07330	0.00346	0.00840	0.08878	0.06864	0.01028
12	0.01037	0.00755	0.00953	0.00905	0.01071	0.00695	0.00664	0.01339	0.01969	0.02743	0.56912	0.05636	0.12547	0.08185	0.01142	0.00280	0.00387	0.01340	0.00771	0.00670
13	0.01368	0.00998	0.01261	0.01303	0.01529	0.01013	0.01088	0.11168	0.01955	0.02561	0.06713	0.15120	0.09855	0.01873	0.00954	0.00306	0.00631	0.38848	0.00699	0.00756
14	0.01586	0.03522	0.57068	0.02381	0.08514	0.04396	0.07537	0.02371	0.01612	0.02339	0.01343	0.01613	0.00974	0.00698	0.00719	0.00233	0.01101	0.00580	0.00325	0.01087
15	0.01489	0.03840	0.70064	0.02116	0.03213	0.01724	0.02743	0.02351	0.01567	0.02351	0.01332	0.01567	0.00940	0.00705	0.00705	0.00235	0.01097	0.00549	0.00313	0.01097
16	0.00952	0.00701	0.00917	0.01044	0.01090	0.00690	0.00706	0.01073	0.01389	0.01854	0.03933	0.61469	0.07102	0.08560	0.01262	0.00337	0.03737	0.01931	0.00651	0.00600
17	0.05380	0.02266	0.25378	0.08718	0.08854	0.01618	0.04073	0.02552	0.04705	0.16790	0.03802	0.02019	0.01411	0.00847	0.00900	0.00244	0.08224	0.00665	0.00495	0.01060
18	0.02753	0.01857	0.10075	0.01546	0.02155	0.01622	0.01387	0.28021	0.02523	0.31456	0.02235	0.02215	0.01535	0.03581	0.03309	0.00278	0.00811	0.00705	0.00743	0.01194
19	0.01421	0.01045	0.01265	0.06787	0.01687	0.01044	0.00948	0.07959	0.07876	0.06108	0.07144	0.16099	0.22022	0.01598	0.00935	0.03846	0.00555	0.06317	0.00660	0.04684
20	0.01597	0.01483	0.02225	0.59267	0.04580	0.04053	0.01955	0.08196	0.01680	0.02157	0.01340	0.01920	0.01014	0.00787	0.00830	0.00247	0.04776	0.00654	0.00371	0.00867
21	0.01697	0.01563	0.02517	0.33493	0.27400	0.01690	0.04167	0.07307	0.01734	0.02375	0.01391	0.01873	0.01093	0.00704	0.00727	0.00223	0.00906	0.00648	0.00388	0.08103
22	0.01583	0.01453	0.02064	0.51056	0.04136	0.04792	0.01785	0.07313	0.07048	0.02314	0.07676	0.02324	0.01663	0.00848	0.00752	0.00242	0.00901	0.00729	0.00444	0.00878
23	0.14717	0.01352	0.02001	0.26498	0.21825	0.01503	0.01649	0.01923	0.01484	0.02275	0.01681	0.04793	0.01551	0.07568	0.00999	0.00289	0.00822	0.05790	0.00413	0.00868

[dist]
# distance from previous block
# <min> <max>
6	15

[block]
# block no. 3 follows, 27 sequences, length 50
# corresponding to MSA columns:
# 112-161
name=unknown_D
#
# <colnr> <probs for GDERKNQSTAVLIFYWHMCP>
#	G	D	E	R	K	N	Q	S	T	A	V	L	I	F	Y	W	H	M	C	P
0	0.07267	0.00986	0.03755	0.01193	0.03264	0.00898	0.00861	0.06143	0.01591	0.02246	0.03744	0.49435	0.09713	0.04109	0.00958	0.00293	0.00514	0.01684	0.00644	0.00702
1	0.01691	0.01330	0.01547	0.01535	0.05965	0.01445	0.01110	0.03018	0.39721	0.07228	0.11338	0.08917	0.06869	0.01236	0.00801	0.00254	0.00560	0.03670	0.00737	0.01027
2	0.08676	0.01787	0.01885	0.01518	0.02020	0.01971	0.01230	0.46368	0.09167	0.04037	0.02380	0.07642	0.05895	0.01058	0.00745	0.00234	0.00718	0.00830	0.00713	0.01126
3	0.07195	0.01979	0.01869	0.01576	0.02022	0.12967	0.01256	0.30249	0.15041	0.03372	0.01901	0.02040	0.01468	0.01612	0.11703	0.00376	0.01025	0.00673	0.00615	0.01058
4	0.60092	0.01926	0.14794	0.01374	0.05065	0.01682	0.01258	0.02220	0.01344	0.03094	0.01110	0.01308	0.00849	0.00691	0.00521	0.00230	0.00692	0.00443	0.00426	0.00880
5	0.04296	0.03591	0.58739	0.02192	0.05486	0.05709	0.05124	0.02379	0.01599	0.02358	0.01320	0.01569	0.00952	0.00703	0.00703	0.00232	0.01091	0.00556	0.00327	0.01072
6	0.00936	0.00686	0.00878	0.00974	0.01075	0.00629	0.00676	0.01125	0.01617	0.02166	0.19882	0.48829	0.13639	0.02077	0.00921	0.00279	0.00405	0.01859	0.00719	0.00629
7	0.00980	0.00713	0.00928	0.01029	0.01120	0.00679	0.00712	0.01246	0.04365	0.02212	0.20027	0.53736	0.05316	0.02071	0.00922	0.00283	0.00417	0.01868	0.00723	0.00651
8	0.01587	0.09945	0.59172	0.02146	0.06063	0.03898	0.02553	0.02355	0.01584	0.02285	0.01303	0.01540	0.00953	0.00699	0.00685	0.00226	0.01068	0.00538	0.00318	0.01081
9	0.02035	0.69864	0.03777	0.01311	0.01930	0.07251	0.01281	0.02270	0.01546	0.01751	0.01039	0.01200	0.00953	0.00643	0.00489	0.00161	0.00828	0.00402	0.00322	0.00947
10	0.01804	0.01730	0.02953	0.09718	0.64378	0.01755	0.02262	0.02249	0.01675	0.02385	0.01391	0.01848	0.01162	0.00668	0.00735	0.00223	0.00890	0.00661	0.00365	0.01149
11	0.00949	0.00688	0.00908	0.01042	0.01122	0.00633	0.00715	0.01106	0.01475	0.01990	0.07696	0.64368	0.04850	0.02196	0.00929	0.00291	0.00439	0.04056	0.00686	0.03860
12	0.06221	0.01419	0.10555	0.07633	0.12856	0.01150	0.01348	0.01760	0.01859	0.02737	0.39010	0.03842	0.04357	0.01153	0.00793	0.00233	0.00603	0.01010	0.00614	0.00847
13	0.02389	0.02750	0.02484	0.02995	0.29917	0.39753	0.01781	0.05152	0.01987	0.02179	0.01275	0.01562	0.01059	0.00727	0.00699	0.00205	0.01130	0.00561	0.00390	0.01006
14	0.13871	0.01625	0.02952	0.31855	0.04012	0.01748	0.28977	0.02144	0.01562	0.02326	0.01351	0.01866	0.01018	0.00685	0.00754	0.00246	0.01034	0.00710	0.00370	0.00896
15	0.01834	0.02012	0.20133	0.01528	0.02122	0.01476	0.01496	0.07654	0.20069	0.11506	0.16267	0.02873	0.02727	0.00994	0.00757	0.00233	0.00697	0.00826	0.00656	0.04141
16	0.00914	0.00657	0.00869	0.01035	0.01090	0.00613	0.00703	0.01053	0.01442	0.01911	0.04215	0.68608	0.07297	0.02299	0.00948	0.00301	0.00438	0.04312	0.00689	0.00607
17	0.01643	0.02643	0.28710	0.05959	0.07447	0.01803	0.36145	0.02340	0.01668	0.02349	0.01424	0.01830	0.01054	0.00663	0.00798	0.00243	0.01161	0.00732	0.00350	0.01039
18	0.05571	0.01679	0.02772	0.03838	0.53380	0.01658	0.04270	0.02487	0.01741	0.13006	0.01623	0.01922	0.01261	0.00702	0.00729	0.00223	0.00842	0.00670	0.00458	0.01167
19	0.79154	0.01436	0.01091	0.00976	0.01436	0.01665	0.00804	0.02182	0.01263	0.03331	0.01034	0.01206	0.00804	0.00689	0.00459	0.00230	0.00574	0.00402	0.00459	0.00804
20	0.00940	0.00698	0.00990	0.01104	0.01177	0.00652	0.03012	0.01095	0.01459	0.01954	0.06508	0.68282	0.04858	0.02235	0.00942	0.00297	0.00457	0.02037	0.00683	0.00621
21	0.00904	0.00646	0.00861	0.01034	0.01077	0.00603	0.00689	0.01034	0.01421	0.01895	0.04092	0.73426	0.04910	0.02326	0.00948	0.00301	0.00431	0.02110	0.00689	0.00603
22	0.00904	0.00646	0.00861	0.01034	0.01077	0.00603	0.00689	0.01034	0.01421	0.01895	0.04092	0.73426	0.04910	0.02326	0.00948	0.00301	0.00431	0.02110	0.00689	0.00603
23	0.01489	0.03840	0.70064	0.02116	0.03213	0.01724	0.02743	0.02351	0.01567	0.02351	0.01332	0.01567	0.00940	0.00705	0.00705	0.00235	0.01097	0.00549	0.00313	0.01097
24	0.01080	0.00720	0.00810	0.00810	0.00810	0.00720	0.00450	0.01080	0.01080	0.01439	0.02339	0.04858	0.02699	0.73910	0.03779	0.00720	0.00720	0.01080	0.00450	0.00450
25	0.01792	0.01718	0.02932	0.11532	0.62655	0.01752	0.02256	0.02239	0.01669	0.02371	0.01388	0.01852	0.01157	0.00670	0.00736	0.00223	0.00893	0.00661	0.00364	0.01140
26	0.01837	0.01764	0.03013	0.04557	0.69279	0.01764	0.02278	0.02278	0.01690	0.02425	0.01396	0.01837	0.01176	0.00661	0.00735	0.00220	0.00882	0.00661	0.00367	0.01176
27	0.01985	0.74357	0.03890	0.01270	0.01905	0.02937	0.01270	0.02223	0.01508	0.01747	0.01032	0.01191	0.00953	0.00635	0.00476	0.00159	0.00794	0.00397	0.00318	0.00953
28	0.02653	0.01834	0.02028	0.01564	0.02149	0.01938	0.01283	0.44908	0.08545	0.13210	0.01989	0.01939	0.01407	0.00863	0.00721	0.00213	0.00740	0.00666	0.00731	0.10619
29	0.01656	0.27600	0.47767	0.01831	0.02772	0.02133	0.02247	0.02308	0.01547	0.02147	0.01231	0.01440	0.00945	0.00682	0.00628	0.00209	0.00995	0.00497	0.00315	0.01048
30	0.01417	0.01335	0.02254	0.69774	0.07347	0.01653	0.02069	0.01910	0.01492	0.01915	0.01322	0.01974	0.00996	0.00739	0.00742	0.00246	0.00986	0.00660	0.00331	0.00837
31	0.01011	0.00745	0.00931	0.00907	0.01072	0.00681	0.00663	0.01295	0.01914	0.02633	0.49264	0.12066	0.16437	0.05813	0.01049	0.00271	0.00383	0.01434	0.00764	0.00665
32	0.00904	0.00646	0.00861	0.01034	0.01077	0.00603	0.00689	0.01034	0.01421	0.01895	0.04092	0.73426	0.04910	0.02326	0.00948	0.00301	0.00431	0.02110	0.00689	0.00603
33	0.00904	0.00646	0.00861	0.01034	0.01077	0.00603	0.00689	0.01034	0.01421	0.01895	0.04092	0.73426	0.04910	0.02326	0.00948	0.00301	0.00431	0.02110	0.00689	0.00603
34	0.08607	0.01275	0.01679	0.01297	0.01863	0.01131	0.01071	0.03518	0.02065	0.65168	0.02797	0.02435	0.01766	0.00903	0.00727	0.00230	0.00628	0.00723	0.00887	0.01231
35	0.01051	0.00759	0.00992	0.00934	0.01109	0.00700	0.00700	0.01401	0.02101	0.02977	0.68888	0.05545	0.07005	0.01518	0.00876	0.00233	0.00350	0.01343	0.00817	0.00700
36	0.02805	0.01288	0.01647	0.01327	0.01827	0.01214	0.01073	0.05544	0.13344	0.48853	0.07995	0.05161	0.02390	0.01026	0.00765	0.00236	0.00602	0.00851	0.00870	0.01183
37	0.01584	0.01701	0.03408	0.05352	0.03182	0.01728	0.43414	0.02053	0.01593	0.02190	0.01823	0.13261	0.01697	0.01005	0.01126	0.00270	0.12267	0.01028	0.00415	0.00902
38	0.01617	0.01539	0.02615	0.38797	0.36764	0.01706	0.02169	0.02085	0.01586	0.02157	0.01357	0.01909	0.01082	0.00702	0.00739	0.00234	0.00936	0.00661	0.00348	0.00998
39	0.01597	0.01317	0.01614	0.08111	0.02095	0.01059	0.01005	0.01942	0.01557	0.05049	0.01384	0.01622	0.01118	0.00583	0.00577	0.00128	0.00596	0.00474	0.00448	0.67724
40	0.01985	0.74357	0.03890	0.01270	0.01905	0.02937	0.01270	0.02223	0.01508	0.01747	0.01032	0.01191	0.00953	0.00635	0.00476	0.00159	0.00794	0.00397	0.00318	0.00953
41	0.79154	0.01436	0.01091	0.00976	0.01436	0.01665	0.00804	0.02182	0.01263	0.03331	0.01034	0.01206	0.00804	0.00689	0.00459	0.00230	0.00574	0.00402	0.00459	0.00804
42	0.01791	0.01717	0.02930	0.11707	0.62489	0.01752	0.02255	0.02238	0.01669	0.02369	0.01388	0.01852	0.01156	0.00670	0.00736	0.00223	0.00893	0.00661	0.00363	0.01139
43	0.01837	0.01764	0.03013	0.04557	0.69279	0.01764	0.02278	0.02278	0.01690	0.02425	0.01396	0.01837	0.01176	0.00661	0.00735	0.00220	0.00882	0.00661	0.00367	0.01176
44	0.02773	0.03538	0.02104	0.01913	0.02295	0.70930	0.01434	0.02964	0.02104	0.01817	0.01148	0.01339	0.00956	0.00765	0.00669	0.00191	0.01339	0.00478	0.00383	0.00861
45	0.01289	0.00645	0.00967	0.00967	0.00967	0.00645	0.00645	0.00967	0.00967	0.01289	0.01289	0.02257	0.01289	0.02579	0.02901	0.78401	0.00645	0.00645	0.00322	0.00322
46	0.01172	0.00843	0.01162	0.01310	0.01485	0.00834	0.01134	0.01507	0.01733	0.02259	0.08225	0.08135	0.07573	0.02009	0.01009	0.00331	0.00648	0.57259	0.00692	0.00682
47	0.01051	0.00759	0.00992	0.00934	0.01109	0.00700	0.00700	0.01401	0.02101	0.02977	0.68888	0.05545	0.07005	0.01518	0.00876	0.00233	0.00350	0.01343	0.00817	0.00700
48	0.01947	0.01415	0.01598	0.01337	0.01662	0.01554	0.01028	0.34014	0.02309	0.03118	0.01989	0.02923	0.01808	0.23423	0.15978	0.00568	0.01027	0.00816	0.00586	0.00900
49	0.01985	0.74357	0.03890	0.01270	0.01905	0.02937	0.01270	0.02223	0.01508	0.01747	0.01032	0.01191	0.00953	0.00635	0.00476	0.00159	0.00794	0.00397	0.00318	0.00953

[dist]
# distance from previous block
# <min> <max>
0	9

[block]
# block no. 4 follows, 27 sequences, length 98
# corresponding to MSA columns:
# 171-268
name=unknown_E
#
# <colnr> <probs for GDERKNQSTAVLIFYWHMCP>
#	G	D	E	R	K	N	Q	S	T	A	V	L	I	F	Y	W	H	M	C	P
0	0.01752	0.02003	0.04380	0.03129	0.03880	0.01877	0.66583	0.02378	0.01752	0.02378	0.01502	0.02003	0.01126	0.00626	0.00876	0.00250	0.01252	0.00876	0.00375	0.01001
1	0.02773	0.03538	0.02104	0.01913	0.02295	0.70930	0.01434	0.02964	0.02104	0.01817	0.01148	0.01339	0.00956	0.00765	0.00669	0.00191	0.01339	0.00478	0.00383	0.00861
2	0.79154	0.01436	0.01091	0.00976	0.01436	0.01665	0.00804	0.02182	0.01263	0.03331	0.01034	0.01206	0.00804	0.00689	0.00459	0.00230	0.00574	0.00402	0.00459	0.00804
3	0.01161	0.00823	0.01017	0.00950	0.01160	0.00768	0.00714	0.01568	0.05604	0.05482	0.51233	0.05492	0.15765	0.03830	0.00957	0.00252	0.00390	0.01317	0.00787	0.00730
4	0.01901	0.01587	0.01700	0.01521	0.01939	0.01815	0.01203	0.10730	0.55274	0.03207	0.02959	0.03126	0.02321	0.01081	0.00776	0.00256	0.00621	0.06091	0.00748	0.01144
5	0.02194	0.01613	0.01707	0.01414	0.01858	0.01793	0.01134	0.32692	0.22666	0.03760	0.02307	0.02310	0.01715	0.00920	0.00695	0.00220	0.00639	0.00726	0.18532	0.01105
6	0.02822	0.02079	0.02228	0.01708	0.02302	0.02302	0.01411	0.66804	0.03490	0.04679	0.01782	0.01782	0.01262	0.00891	0.00743	0.00223	0.00817	0.00668	0.00743	0.01262
7	0.00877	0.00752	0.00752	0.00752	0.01003	0.00627	0.00564	0.01065	0.01692	0.02005	0.07520	0.07144	0.68978	0.01880	0.00877	0.00251	0.00376	0.01567	0.00689	0.00627
8	0.01837	0.01764	0.03013	0.04557	0.69279	0.01764	0.02278	0.02278	0.01690	0.02425	0.01396	0.01837	0.01176	0.00661	0.00735	0.00220	0.00882	0.00661	0.00367	0.01176
9	0.01505	0.01283	0.01503	0.01096	0.01723	0.00969	0.00869	0.01824	0.01533	0.02391	0.01469	0.05411	0.01305	0.00645	0.00571	0.00120	0.00543	0.00530	0.00453	0.74256
10	0.01752	0.02003	0.04380	0.03129	0.03880	0.01877	0.66583	0.02378	0.01752	0.02378	0.01502	0.02003	0.01126	0.00626	0.00876	0.00250	0.01252	0.00876	0.00375	0.01001
11	0.01752	0.02003	0.04380	0.03129	0.03880	0.01877	0.66583	0.02378	0.01752	0.02378	0.01502	0.02003	0.01126	0.00626	0.00876	0.00250	0.01252	0.00876	0.00375	0.01001
12	0.00942	0.00755	0.00842	0.00820	0.01042	0.00654	0.00615	0.01191	0.01845	0.02369	0.30464	0.06547	0.45808	0.01745	0.00877	0.00244	0.00366	0.01483	0.00737	0.00654
13	0.01846	0.01595	0.01679	0.01511	0.01930	0.01846	0.01175	0.03945	0.67938	0.03105	0.03022	0.02770	0.02266	0.01007	0.00755	0.00252	0.00588	0.00839	0.00755	0.01175
14	0.01066	0.00774	0.01086	0.01086	0.01182	0.00870	0.00794	0.01257	0.01161	0.01644	0.02086	0.03459	0.02091	0.24658	0.52200	0.01061	0.01634	0.00875	0.00412	0.00603
15	0.00894	0.00753	0.00775	0.00769	0.01013	0.00634	0.00577	0.01097	0.01731	0.02098	0.13347	0.06993	0.63094	0.01846	0.00877	0.00249	0.00374	0.01545	0.00702	0.00634
16	0.01041	0.00758	0.00979	0.00924	0.01103	0.00696	0.00693	0.01383	0.02079	0.02925	0.65582	0.05631	0.10343	0.01537	0.00876	0.00234	0.00352	0.01355	0.00810	0.00696
17	0.01539	0.01319	0.01539	0.01100	0.01759	0.00990	0.00880	0.01869	0.01539	0.02419	0.01319	0.01539	0.01100	0.00550	0.00550	0.00110	0.00550	0.00440	0.00440	0.78449
18	0.76235	0.01516	0.01130	0.01012	0.01469	0.04313	0.00828	0.02212	0.01296	0.03273	0.01038	0.01211	0.00810	0.00692	0.00467	0.00228	0.00603	0.00405	0.00456	0.00806
19	0.01295	0.00820	0.01032	0.00943	0.01184	0.00733	0.00720	0.01604	0.02018	0.11006	0.47896	0.05509	0.19360	0.01520	0.00860	0.00237	0.00390	0.01316	0.00803	0.00754
20	0.01523	0.15454	0.43304	0.01781	0.02600	0.01808	0.02097	0.02243	0.05100	0.02182	0.01482	0.01794	0.01168	0.01525	0.12454	0.00383	0.01166	0.00579	0.00352	0.01003
21	0.02691	0.03383	0.02184	0.02144	0.08169	0.64864	0.01508	0.02904	0.02068	0.01870	0.01169	0.01382	0.00976	0.00756	0.00675	0.00194	0.01299	0.00494	0.00381	0.00888
22	0.01078	0.00722	0.00818	0.00816	0.00824	0.00719	0.00462	0.01095	0.01128	0.01512	0.05467	0.04890	0.02901	0.70508	0.03642	0.00697	0.00702	0.01092	0.00467	0.00462
23	0.01940	0.49428	0.20468	0.01538	0.02275	0.06137	0.01658	0.05329	0.01647	0.02041	0.01149	0.01322	0.00964	0.00672	0.00557	0.00183	0.00900	0.00452	0.00340	0.00999
24	0.01690	0.01725	0.02500	0.02003	0.02291	0.05516	0.13942	0.02062	0.04507	0.02058	0.01262	0.01760	0.01108	0.01138	0.03650	0.00293	0.38857	0.00666	0.00377	0.12595
25	0.02274	0.01512	0.01790	0.01681	0.06897	0.01623	0.01232	0.03727	0.44078	0.22272	0.02875	0.02631	0.02062	0.00956	0.00751	0.00243	0.00622	0.00799	0.00774	0.01201
26	0.14513	0.18890	0.40427	0.01795	0.02666	0.01990	0.05583	0.02296	0.01514	0.02382	0.01226	0.01448	0.00931	0.00683	0.00623	0.00218	0.00952	0.00509	0.00342	0.01011
27	0.00887	0.00738	0.00775	0.00796	0.01016	0.00626	0.00585	0.01073	0.01671	0.02025	0.09215	0.15884	0.58305	0.01927	0.00887	0.00257	0.00382	0.01631	0.00694	0.00626
28	0.02581	0.01857	0.02023	0.01596	0.02154	0.02021	0.01301	0.43655	0.17543	0.10052	0.02135	0.02055	0.01528	0.00901	0.00735	0.00224	0.00735	0.00701	0.00745	0.05460
29	0.07629	0.38129	0.11131	0.01768	0.08176	0.14794	0.01531	0.02346	0.01630	0.02028	0.01244	0.01624	0.01101	0.00733	0.00584	0.00192	0.00916	0.03135	0.00359	0.00952
30	0.01080	0.00720	0.00810	0.00810	0.00810	0.00720	0.00450	0.01080	0.01080	0.01439	0.02339	0.04858	0.02699	0.73910	0.03779	0.00720	0.00720	0.01080	0.00450	0.00450
31	0.01151	0.00880	0.00963	0.00969	0.01161	0.03967	0.00706	0.01369	0.01758	0.05864	0.21724	0.26316	0.26786	0.01818	0.00881	0.00258	0.00445	0.01579	0.00720	0.00684
32	0.01692	0.01875	0.03932	0.04985	0.06741	0.01822	0.54058	0.02250	0.01685	0.02303	0.01598	0.05817	0.01319	0.00765	0.00967	0.00256	0.05663	0.00912	0.00387	0.00971
33	0.01711	0.01635	0.02785	0.24169	0.50654	0.01731	0.02215	0.02168	0.01631	0.02272	0.01374	0.01879	0.01122	0.00685	0.00737	0.00228	0.00913	0.00661	0.00357	0.01074
34	0.03331	0.01263	0.01723	0.01321	0.01895	0.01091	0.01091	0.03618	0.02125	0.69794	0.02929	0.02527	0.01838	0.00919	0.00747	0.00230	0.00632	0.00747	0.00919	0.01263
35	0.01709	0.02133	0.10970	0.02902	0.05959	0.01915	0.47909	0.02285	0.01640	0.02290	0.01403	0.01895	0.01086	0.00734	0.01082	0.00259	0.11679	0.00800	0.00361	0.00990
36	0.01976	0.54943	0.15352	0.01483	0.02174	0.09456	0.01545	0.02319	0.01578	0.01860	0.01096	0.01272	0.00951	0.00660	0.00536	0.00175	0.00901	0.00432	0.00323	0.00969
37	0.02773	0.03538	0.02104	0.01913	0.02295	0.70930	0.01434	0.02964	0.02104	0.01817	0.01148	0.01339	0.00956	0.00765	0.00669	0.00191	0.01339	0.00478	0.00383	0.00861
38	0.01013	0.00726	0.00951	0.01094	0.01173	0.00698	0.00768	0.03842	0.01536	0.02043	0.03979	0.64158	0.04696	0.02239	0.00946	0.00302	0.00471	0.08035	0.00691	0.00638
39	0.01985	0.74357	0.03890	0.01270	0.01905	0.02937	0.01270	0.02223	0.01508	0.01747	0.01032	0.01191	0.00953	0.00635	0.00476	0.00159	0.00794	0.00397	0.00318	0.00953
40	0.01734	0.01387	0.01598	0.01195	0.01814	0.01171	0.00955	0.04982	0.11018	0.06291	0.01667	0.01777	0.01311	0.00649	0.00598	0.00141	0.00571	0.00523	0.00523	0.60095
41	0.02567	0.01644	0.02261	0.01755	0.02322	0.01674	0.12165	0.16555	0.19810	0.27331	0.02477	0.02349	0.01713	0.00887	0.00770	0.00238	0.00762	0.00777	0.00748	0.01196
42	0.00904	0.00646	0.00861	0.01034	0.01077	0.00603	0.00689	0.01034	0.01421	0.01895	0.04092	0.73426	0.04910	0.02326	0.00948	0.00301	0.00431	0.02110	0.00689	0.00603
43	0.00904	0.00646	0.00861	0.01034	0.01077	0.00603	0.00689	0.01034	0.01421	0.01895	0.04092	0.73426	0.04910	0.02326	0.00948	0.00301	0.00431	0.02110	0.00689	0.00603
44	0.01489	0.03840	0.70064	0.02116	0.03213	0.01724	0.02743	0.02351	0.01567	0.02351	0.01332	0.01567	0.00940	0.00705	0.00705	0.00235	0.01097	0.00549	0.00313	0.01097
45	0.01057	0.00722	0.00830	0.00839	0.00864	0.00719	0.00496	0.01089	0.01142	0.01515	0.02736	0.08640	0.06863	0.61876	0.07064	0.00693	0.00751	0.01151	0.00475	0.00481
46	0.03331	0.01263	0.01723	0.01321	0.01895	0.01091	0.01091	0.03618	0.02125	0.69794	0.02929	0.02527	0.01838	0.00919	0.00747	0.00230	0.00632	0.00747	0.00919	0.01263
47	0.01289	0.00645	0.00967	0.00967	0.00967	0.00645	0.00645	0.00967	0.00967	0.01289	0.01289	0.02257	0.01289	0.02579	0.02901	0.78401	0.00645	0.00645	0.00322	0.00322
48	0.01532	0.01347	0.01247	0.01165	0.01426	0.13529	0.00893	0.04505	0.02021	0.06191	0.30308	0.08190	0.17376	0.01470	0.00840	0.00239	0.00597	0.05662	0.00700	0.00764
49	0.01489	0.03840	0.70064	0.02116	0.03213	0.01724	0.02743	0.02351	0.01567	0.02351	0.01332	0.01567	0.00940	0.00705	0.00705	0.00235	0.01097	0.00549	0.00313	0.01097
50	0.00904	0.00646	0.00861	0.01034	0.01077	0.00603	0.00689	0.01034	0.01421	0.01895	0.04092	0.73426	0.04910	0.02326	0.00948	0.00301	0.00431	0.02110	0.00689	0.00603
51	0.00921	0.00659	0.00876	0.01023	0.01080	0.00614	0.00690	0.01074	0.01497	0.02015	0.11269	0.65906	0.05142	0.02236	0.00940	0.00294	0.00422	0.02025	0.00703	0.00614
52	0.01489	0.03840	0.70064	0.02116	0.03213	0.01724	0.02743	0.02351	0.01567	0.02351	0.01332	0.01567	0.00940	0.00705	0.00705	0.00235	0.01097	0.00549	0.00313	0.01097
53	0.01925	0.01849	0.02859	0.03911	0.52824	0.04738	0.05129	0.05842	0.08723	0.02586	0.01581	0.01919	0.01283	0.00712	0.00741	0.00224	0.00885	0.00683	0.00429	0.01159
54	0.02724	0.03446	0.02151	0.02050	0.05779	0.67332	0.01478	0.02929	0.02082	0.01849	0.01160	0.01365	0.00968	0.00760	0.00673	0.00193	0.01315	0.00488	0.00382	0.00877
55	0.01922	0.01911	0.05044	0.04239	0.61526	0.05521	0.02212	0.02358	0.01722	0.04396	0.01426	0.01822	0.01176	0.00676	0.00731	0.00220	0.00906	0.00650	0.00383	0.01159
56	0.02477	0.01833	0.02065	0.07154	0.02399	0.01954	0.01348	0.45115	0.05672	0.07097	0.01775	0.01834	0.01283	0.00828	0.00711	0.00207	0.00767	0.00640	0.00668	0.14171
57	0.01094	0.00804	0.01030	0.00965	0.01154	0.00763	0.00726	0.01539	0.05678	0.02984	0.65309	0.05395	0.06747	0.01490	0.00869	0.00234	0.00363	0.01315	0.00814	0.00726
58	0.01846	0.01601	0.01728	0.01624	0.04436	0.01843	0.01216	0.03883	0.65474	0.03080	0.02961	0.02735	0.02226	0.00994	0.00755	0.00251	0.00598	0.00833	0.00741	0.01175
59	0.01690	0.01129	0.01377	0.01125	0.01553	0.01005	0.00884	0.02247	0.10355	0.14016	0.27882	0.03408	0.03651	0.01044	0.00735	0.00196	0.00491	0.00891	0.00706	0.25616
60	0.01548	0.03449	0.56476	0.02402	0.06923	0.01749	0.12364	0.02351	0.01602	0.02359	0.01361	0.01648	0.00981	0.00691	0.00733	0.00237	0.01109	0.00604	0.00326	0.01087
61	0.05709	0.03709	0.66317	0.02054	0.03116	0.01721	0.02637	0.02342	0.01551	0.02404	0.01316	0.01548	0.00933	0.00704	0.00692	0.00235	0.01069	0.00541	0.00321	0.01081
62	0.00917	0.00655	0.00876	0.01048	0.01096	0.00614	0.00711	0.01055	0.01434	0.01909	0.04085	0.70668	0.04883	0.02314	0.00951	0.00303	0.00441	0.04746	0.00689	0.00606
63	0.03331	0.01263	0.01723	0.01321	0.01895	0.01091	0.01091	0.03618	0.02125	0.69794	0.02929	0.02527	0.01838	0.00919	0.00747	0.00230	0.00632	0.00747	0.00919	0.01263
64	0.01489	0.03840	0.70064	0.02116	0.03213	0.01724	0.02743	0.02351	0.01567	0.02351	0.01332	0.01567	0.00940	0.00705	0.00705	0.00235	0.01097	0.00549	0.00313	0.01097
65	0.01138	0.00836	0.01115	0.01254	0.01440	0.00813	0.01080	0.01451	0.01706	0.02182	0.04589	0.08148	0.16144	0.02019	0.00998	0.00325	0.00627	0.52777	0.00685	0.00673
66	0.00877	0.00752	0.00752	0.00752	0.01003	0.00627	0.00564	0.01065	0.01692	0.02005	0.07520	0.07144	0.68978	0.01880	0.00877	0.00251	0.00376	0.01567	0.00689	0.00627
67	0.01075	0.00737	0.00895	0.00895	0.00924	0.00766	0.00556	0.01134	0.01105	0.01503	0.02261	0.04426	0.02511	0.58713	0.18719	0.00825	0.01002	0.01016	0.00438	0.00497
68	0.79154	0.01436	0.01091	0.00976	0.01436	0.01665	0.00804	0.02182	0.01263	0.03331	0.01034	0.01206	0.00804	0.00689	0.00459	0.00230	0.00574	0.00402	0.00459	0.00804
69	0.02487	0.01883	0.02151	0.13478	0.02710	0.02119	0.01480	0.50504	0.06616	0.04068	0.01792	0.01899	0.01291	0.00872	0.00736	0.00227	0.00819	0.00677	0.03024	0.01167
70	0.02578	0.01412	0.01704	0.01365	0.01847	0.01412	0.01105	0.20122	0.09148	0.31928	0.16129	0.02970	0.02784	0.01043	0.00773	0.00231	0.00619	0.00857	0.00834	0.01139
71	0.01659	0.15547	0.55752	0.01937	0.02932	0.01898	0.02418	0.02389	0.01584	0.05419	0.01357	0.01549	0.00985	0.00704	0.00669	0.00222	0.01024	0.00532	0.00343	0.01081
72	0.01632	0.01374	0.01589	0.01144	0.01799	0.01084	0.00918	0.06560	0.01680	0.02582	0.01353	0.01557	0.01111	0.00574	0.00564	0.00118	0.00569	0.00456	0.00462	0.72873
73	0.00925	0.00661	0.00883	0.01045	0.01100	0.00619	0.00714	0.01075	0.01467	0.01961	0.07129	0.67154	0.04978	0.02275	0.00948	0.00300	0.00439	0.05020	0.00695	0.00611
74	0.01516	0.07638	0.66500	0.02070	0.03143	0.01789	0.02664	0.02344	0.01564	0.02318	0.01316	0.01547	0.00941	0.00702	0.00693	0.00231	0.01081	0.00540	0.00314	0.01089
75	0.02538	0.01848	0.01971	0.01554	0.02075	0.02044	0.01270	0.52167	0.09333	0.04275	0.01985	0.02007	0.01443	0.00899	0.00714	0.00219	0.00732	0.00688	0.11061	0.01178
76	0.01061	0.00795	0.01193	0.01193	0.01326	0.00928	0.00928	0.01326	0.01193	0.01723	0.01988	0.02916	0.01856	0.05568	0.70968	0.01193	0.01988	0.00795	0.00398	0.00663
77	0.01548	0.00875	0.00894	0.00834	0.01061	0.00910	0.00641	0.08144	0.05319	0.02971	0.02392	0.02672	0.01860	0.00875	0.00553	0.00182	0.00405	0.00698	0.66393	0.00773
78	0.03260	0.01279	0.01721	0.01330	0.01897	0.01127	0.01095	0.03633	0.05243	0.66634	0.02933	0.02538	0.01858	0.00923	0.00747	0.00231	0.00630	0.00751	0.00911	0.01259
79	0.01594	0.01579	0.02215	0.01908	0.01915	0.02201	0.01586	0.01762	0.01140	0.01783	0.01030	0.01694	0.01022	0.01531	0.06160	0.00372	0.68718	0.00658	0.00329	0.00804
80	0.00940	0.00663	0.00858	0.00992	0.01033	0.00627	0.00649	0.01057	0.01393	0.01864	0.06516	0.59076	0.04627	0.14299	0.01419	0.00369	0.00476	0.01905	0.00654	0.00581
81	0.00923	0.00657	0.00874	0.01040	0.01087	0.00617	0.00702	0.01056	0.01422	0.01893	0.04026	0.68395	0.04809	0.04717	0.01046	0.00317	0.00451	0.04684	0.00681	0.00601
82	0.00912	0.00652	0.00868	0.01028	0.01078	0.00608	0.00690	0.01053	0.01457	0.01951	0.07462	0.69895	0.05019	0.02284	0.00944	0.00298	0.00427	0.02070	0.00696	0.00608
83	0.02822	0.02079	0.02228	0.01708	0.02302	0.02302	0.01411	0.66804	0.03490	0.04679	0.01782	0.01782	0.01262	0.00891	0.00743	0.00223	0.00817	0.00668	0.00743	0.01262
84	0.01648	0.01797	0.08188	0.27986	0.34614	0.01732	0.08984	0.02160	0.01615	0.02229	0.01375	0.01883	0.01087	0.00690	0.00750	0.00234	0.00976	0.00674	0.00351	0.01028
85	0.01985	0.74357	0.03890	0.01270	0.01905	0.02937	0.01270	0.02223	0.01508	0.01747	0.01032	0.01191	0.00953	0.00635	0.00476	0.00159	0.00794	0.00397	0.00318	0.00953
86	0.01516	0.07671	0.66469	0.02070	0.03142	0.01790	0.02663	0.02344	0.01564	0.02318	0.01316	0.01547	0.00941	0.00701	0.00693	0.00231	0.01081	0.00540	0.00314	0.01089
87	0.00958	0.00750	0.00870	0.00864	0.01066	0.00661	0.00646	0.01212	0.01838	0.02397	0.32037	0.11567	0.37239	0.01772	0.00886	0.00250	0.00378	0.03212	0.00741	0.00656
88	0.01061	0.00795	0.01193	0.01193	0.01326	0.00928	0.00928	0.01326	0.01193	0.01723	0.01988	0.02916	0.01856	0.05568	0.70968	0.01193	0.01988	0.00795	0.00398	0.00663
89	0.01080	0.00720	0.00810	0.00810	0.00810	0.00720	0.00450	0.01080	0.01080	0.01439	0.02339	0.04858	0.02699	0.73910	0.03779	0.00720	0.00720	0.01080	0.00450	0.00450
90	0.02220	0.01661	0.01798	0.01521	0.01988	0.01855	0.01205	0.20145	0.42666	0.09967	0.02669	0.02556	0.01977	0.03275	0.00847	0.00257	0.00656	0.00793	0.00758	0.01183
91	0.01144	0.00832	0.01059	0.00991	0.01190	0.00789	0.00759	0.04797	0.02137	0.02987	0.59503	0.05565	0.08925	0.01528	0.00877	0.00240	0.00394	0.04754	0.00801	0.00726
92	0.01005	0.00773	0.01159	0.01216	0.01331	0.00728	0.05505	0.01205	0.01512	0.02022	0.07257	0.57648	0.04676	0.02131	0.00947	0.00299	0.00513	0.08755	0.00673	0.00646
93	0.01661	0.06771	0.55526	0.02060	0.03025	0.01773	0.05524	0.02406	0.01590	0.07022	0.01419	0.01640	0.01014	0.00744	0.00796	0.00237	0.04774	0.00576	0.00360	0.01083
94	0.02304	0.01786	0.01910	0.01587	0.02085	0.02012	0.01271	0.30200	0.38799	0.06001	0.02501	0.02349	0.01832	0.00956	0.00750	0.00239	0.00685	0.00765	0.00756	0.01215
95	0.01829	0.01789	0.02894	0.11528	0.59857	0.04541	0.02222	0.02266	0.01685	0.02345	0.01378	0.01832	0.01148	0.00674	0.00733	0.00222	0.00912	0.00654	0.00364	0.01126
96	0.76554	0.01458	0.01130	0.01001	0.01465	0.01687	0.00825	0.04383	0.01339	0.03377	0.01059	0.01226	0.00820	0.00696	0.00469	0.00229	0.00583	0.00411	0.00469	0.00820
97	0.02188	0.01609	0.01791	0.01470	0.01909	0.01737	0.01175	0.43055	0.02731	0.03709	0.02242	0.15761	0.02031	0.01555	0.06842	0.00315	0.00815	0.00947	0.03037	0.05080

[dist]
# distance from previous block
# <min> <max>
0	1

[block]
# block no. 5 follows, 27 sequences, length 10
# corresponding to MSA columns:
# 270-279
name=unknown_F
#
# <colnr> <probs for GDERKNQSTAVLIFYWHMCP>
#	G	D	E	R	K	N	Q	S	T	A	V	L	I	F	Y	W	H	M	C	P
0	0.02588	0.01841	0.02041	0.04700	0.02272	0.01989	0.01324	0.48317	0.06245	0.09099	0.01904	0.01923	0.01361	0.00866	0.00719	0.00215	0.00758	0.00667	0.04287	0.06884
1	0.00951	0.00741	0.00850	0.00849	0.01038	0.00654	0.00619	0.01179	0.01772	0.02300	0.28092	0.13838	0.37054	0.05478	0.01033	0.00274	0.00391	0.01525	0.00721	0.00641
2	0.01061	0.00795	0.01193	0.01193	0.01326	0.00928	0.00928	0.01326	0.01193	0.01723	0.01988	0.02916	0.01856	0.05568	0.70968	0.01193	0.01988	0.00795	0.00398	0.00663
3	0.54152	0.01471	0.01333	0.01125	0.01604	0.01632	0.00924	0.11628	0.01741	0.12263	0.04893	0.01687	0.01326	0.00791	0.00559	0.00229	0.00605	0.00534	0.00579	0.00925
4	0.01539	0.01319	0.01539	0.01100	0.01759	0.00990	0.00880	0.01869	0.01539	0.02419	0.01319	0.01539	0.01100	0.00550	0.00550	0.00110	0.00550	0.00440	0.00440	0.78449
5	0.01402	0.01319	0.02227	0.72126	0.05113	0.01649	0.02062	0.01897	0.01484	0.01897	0.01319	0.01979	0.00990	0.00742	0.00742	0.00247	0.00990	0.00660	0.00330	0.00825
6	0.01703	0.01444	0.01683	0.07049	0.02117	0.01345	0.01087	0.07664	0.16702	0.02717	0.01742	0.01873	0.01368	0.00697	0.00628	0.00163	0.00616	0.00567	0.00527	0.48310
7	0.02390	0.01500	0.01708	0.01430	0.01912	0.01590	0.01142	0.11641	0.34771	0.24635	0.03098	0.02823	0.05911	0.01015	0.00758	0.00241	0.00618	0.00831	0.00802	0.01182
8	0.05631	0.10127	0.19419	0.07607	0.02400	0.07722	0.01585	0.05018	0.09371	0.07588	0.13900	0.02466	0.02276	0.00911	0.00709	0.00224	0.00810	0.00725	0.00533	0.00978
9	0.01752	0.02003	0.04380	0.03129	0.03880	0.01877	0.66583	0.02378	0.01752	0.02378	0.01502	0.02003	0.01126	0.00626	0.00876	0.00250	0.01252	0.00876	0.00375	0.01001

[dist]
# distance from previous block
# <min> <max>
0	2

[block]
# block no. 6 follows, 27 sequences, length 68
# corresponding to MSA columns:
# 282-349
name=unknown_G
#
# <colnr> <probs for GDERKNQSTAVLIFYWHMCP>
#	G	D	E	R	K	N	Q	S	T	A	V	L	I	F	Y	W	H	M	C	P
0	0.01051	0.00759	0.00992	0.00934	0.01109	0.00700	0.00700	0.01401	0.02101	0.02977	0.68888	0.05545	0.07005	0.01518	0.00876	0.00233	0.00350	0.01343	0.00817	0.00700
1	0.06248	0.12655	0.57485	0.01940	0.02939	0.01875	0.02438	0.02325	0.01541	0.02333	0.01276	0.01498	0.00934	0.00695	0.00661	0.00225	0.01027	0.00520	0.00323	0.01061
2	0.01489	0.03840	0.70064	0.02116	0.03213	0.01724	0.02743	0.02351	0.01567	0.02351	0.01332	0.01567	0.00940	0.00705	0.00705	0.00235	0.01097	0.00549	0.00313	0.01097
3	0.00966	0.00741	0.01062	0.04535	0.01373	0.00709	0.03396	0.01133	0.01442	0.01907	0.03981	0.61698	0.07833	0.04197	0.01012	0.00306	0.00496	0.01933	0.00652	0.00627
4	0.01136	0.00920	0.01330	0.04949	0.01634	0.00912	0.06296	0.03506	0.05621	0.02129	0.03869	0.47430	0.09404	0.01921	0.00912	0.00287	0.00562	0.05823	0.00650	0.00711
5	0.01529	0.01527	0.02440	0.50255	0.04324	0.04487	0.08256	0.01966	0.01473	0.01921	0.01270	0.01894	0.00999	0.00830	0.01052	0.00259	0.13670	0.00672	0.00335	0.00841
6	0.01451	0.01369	0.02315	0.64536	0.12321	0.01662	0.02086	0.01940	0.01508	0.01956	0.01328	0.01963	0.01011	0.00733	0.00741	0.00244	0.00978	0.00660	0.00334	0.00864
7	0.01742	0.01714	0.03077	0.09083	0.49901	0.01714	0.13127	0.02203	0.01672	0.02351	0.01549	0.05594	0.01348	0.00748	0.00771	0.00232	0.00929	0.00773	0.00383	0.01091
8	0.01045	0.00830	0.01191	0.13184	0.01820	0.00891	0.00981	0.01257	0.01470	0.01977	0.08713	0.51344	0.04173	0.01928	0.00998	0.00288	0.04923	0.01712	0.00616	0.00661
9	0.02948	0.01181	0.01606	0.01271	0.01777	0.01030	0.01043	0.03246	0.02106	0.58391	0.11712	0.03147	0.02614	0.01041	0.00774	0.00234	0.00596	0.03218	0.00896	0.01167
10	0.01783	0.01724	0.02988	0.12316	0.58683	0.01756	0.05363	0.02239	0.01669	0.02362	0.01393	0.01862	0.01152	0.00669	0.00743	0.00225	0.00912	0.00672	0.00364	0.01127
11	0.01522	0.08531	0.65662	0.02060	0.03126	0.01805	0.02645	0.02342	0.01563	0.02311	0.01312	0.01542	0.00941	0.00701	0.00690	0.00230	0.01077	0.00538	0.00314	0.01088
12	0.03148	0.01271	0.01696	0.01322	0.01872	0.01134	0.01085	0.03570	0.06948	0.62753	0.05061	0.02642	0.02036	0.00945	0.00751	0.00231	0.00619	0.00773	0.00904	0.01239
13	0.02825	0.01756	0.13365	0.01473	0.02114	0.01301	0.01382	0.09827	0.02170	0.47472	0.06565	0.02470	0.01941	0.00916	0.00747	0.00230	0.00713	0.00741	0.00791	0.01201
14	0.01553	0.12921	0.61542	0.02007	0.03045	0.01880	0.02553	0.02335	0.01560	0.02273	0.01294	0.01519	0.00942	0.00696	0.00676	0.00225	0.01058	0.00529	0.00314	0.01079
15	0.01755	0.01680	0.02865	0.17274	0.57203	0.01742	0.02238	0.02207	0.01652	0.02326	0.01382	0.01864	0.01141	0.00677	0.00736	0.00226	0.00902	0.00661	0.00360	0.01110
16	0.01508	0.06593	0.67480	0.02083	0.03162	0.01771	0.02685	0.02346	0.01565	0.02327	0.01321	0.01553	0.00941	0.00703	0.00696	0.00232	0.01085	0.00543	0.00314	0.01091
17	0.01033	0.00743	0.00962	0.00977	0.01031	0.00718	0.03052	0.01112	0.01254	0.01663	0.03152	0.29707	0.06111	0.42267	0.02525	0.00531	0.00621	0.01465	0.00543	0.00533
18	0.01631	0.06321	0.26809	0.02544	0.03348	0.01839	0.35689	0.02278	0.01637	0.02291	0.01513	0.04950	0.01214	0.00755	0.00860	0.00245	0.03922	0.00784	0.00363	0.01007
19	0.01528	0.09327	0.64915	0.02050	0.03111	0.01818	0.02628	0.02341	0.01563	0.02304	0.01309	0.01538	0.00941	0.00700	0.00687	0.00229	0.01074	0.00537	0.00314	0.01086
20	0.01045	0.00710	0.00816	0.00842	0.00858	0.00698	0.00491	0.01072	0.01154	0.01530	0.02798	0.15480	0.05460	0.60277	0.03237	0.00638	0.00663	0.01256	0.00495	0.00480
21	0.00948	0.00742	0.00859	0.00857	0.01053	0.00653	0.00632	0.01193	0.01819	0.02372	0.31096	0.14516	0.37022	0.01792	0.00885	0.00250	0.00373	0.01545	0.00739	0.00653
22	0.01751	0.02318	0.14478	0.02829	0.06670	0.06019	0.44555	0.02419	0.04243	0.02353	0.01593	0.04330	0.01260	0.00721	0.00827	0.00245	0.01161	0.00829	0.00391	0.01010
23	0.00921	0.00653	0.00857	0.01013	0.01052	0.00614	0.00667	0.01038	0.01389	0.01853	0.03928	0.67033	0.04704	0.09000	0.01211	0.00340	0.00458	0.02014	0.00667	0.00589
24	0.00904	0.00646	0.00861	0.01034	0.01077	0.00603	0.00689	0.01034	0.01421	0.01895	0.04092	0.73426	0.04910	0.02326	0.00948	0.00301	0.00431	0.02110	0.00689	0.00603
25	0.01848	0.01607	0.02527	0.14095	0.41520	0.01679	0.01929	0.07057	0.06472	0.05575	0.06846	0.02239	0.01713	0.00793	0.00750	0.00228	0.00821	0.00731	0.00476	0.01095
26	0.02860	0.02019	0.02190	0.01679	0.02272	0.02212	0.01387	0.62097	0.03389	0.09529	0.01868	0.01838	0.01305	0.00893	0.00743	0.00223	0.00803	0.00674	0.00756	0.01263
27	0.03157	0.01225	0.01667	0.01291	0.01835	0.01061	0.01061	0.03449	0.02123	0.64706	0.07951	0.02757	0.02231	0.00964	0.00756	0.00230	0.00610	0.00792	0.00911	0.01221
28	0.01790	0.01715	0.02927	0.11949	0.62259	0.01751	0.02255	0.02237	0.01668	0.02367	0.01388	0.01853	0.01156	0.00670	0.00736	0.00223	0.00894	0.00661	0.00363	0.01137
