[name]
unknown

[dist]
# distance from previous block
# <min> <max>
9	48

[block]
# block no. 0 follows, 25 sequences, length 18
# corresponding to MSA columns:
# 56-73
name=unknown_A
#
# <colnr> <probs for GDERKNQSTAVLIFYWHMCP>
#	G	D	E	R	K	N	Q	S	T	A	V	L	I	F	Y	W	H	M	C	P
0	0.02415	0.01812	0.02080	0.01584	0.02183	0.01844	0.03571	0.36947	0.05248	0.06561	0.01855	0.02068	0.01424	0.05178	0.00919	0.00235	0.00770	0.00677	0.00665	0.21964
1	0.02845	0.02067	0.02382	0.01829	0.02444	0.02249	0.05283	0.52488	0.08007	0.09351	0.02027	0.02008	0.01431	0.00925	0.00785	0.00237	0.00849	0.00730	0.00767	0.01295
2	0.02625	0.02043	0.02109	0.01677	0.02181	0.06236	0.01348	0.48805	0.05432	0.04151	0.04002	0.02315	0.01671	0.08215	0.01153	0.00288	0.03109	0.00758	0.00711	0.01170
3	0.00987	0.00735	0.00957	0.01089	0.01147	0.00719	0.00742	0.01121	0.01475	0.01959	0.04316	0.60405	0.09815	0.05868	0.01205	0.00334	0.03767	0.02034	0.00689	0.00634
4	0.00987	0.00693	0.00887	0.01025	0.01060	0.00658	0.00662	0.01091	0.01402	0.01869	0.03848	0.56648	0.04592	0.18757	0.01676	0.00416	0.00520	0.01954	0.00662	0.00593
5	0.01995	0.01911	0.02738	0.15965	0.40575	0.07051	0.02098	0.07600	0.07562	0.02637	0.01605	0.01986	0.01282	0.00765	0.00766	0.00236	0.00946	0.00693	0.00445	0.01144
6	0.02073	0.73217	0.04063	0.01327	0.01990	0.03068	0.01327	0.02322	0.01575	0.01824	0.01078	0.01244	0.00995	0.00663	0.00498	0.00166	0.00829	0.00415	0.00332	0.00995
7	0.00916	0.00785	0.00785	0.00785	0.01047	0.00655	0.00589	0.01113	0.01767	0.02095	0.07855	0.07462	0.67599	0.01964	0.00916	0.00262	0.00393	0.01636	0.00720	0.00655
8	0.02947	0.02172	0.02327	0.01784	0.02404	0.02404	0.01474	0.65329	0.03646	0.04887	0.01862	0.01862	0.01319	0.00931	0.00776	0.00233	0.00853	0.00698	0.00776	0.01319
9	0.02896	0.03695	0.02197	0.01998	0.02397	0.69638	0.01498	0.03096	0.02197	0.01898	0.01199	0.01398	0.00999	0.00799	0.00699	0.00200	0.01398	0.00499	0.00400	0.00899
10	0.01115	0.00746	0.00849	0.00862	0.00865	0.00743	0.00487	0.01124	0.01152	0.01537	0.02571	0.09758	0.02980	0.67847	0.03740	0.00721	0.00731	0.01203	0.00487	0.00481
11	0.01901	0.01808	0.02995	0.07195	0.59752	0.01845	0.02272	0.02511	0.07260	0.02571	0.01599	0.02008	0.01317	0.00725	0.00770	0.00234	0.00900	0.00707	0.00417	0.01213
12	0.01929	0.01666	0.01753	0.01578	0.02016	0.01929	0.01227	0.04120	0.66513	0.03243	0.03156	0.02893	0.02367	0.01052	0.00789	0.00263	0.00614	0.00877	0.00789	0.01227
13	0.01608	0.01378	0.01608	0.01148	0.01837	0.01034	0.00919	0.01952	0.01608	0.02527	0.01378	0.01608	0.01148	0.00574	0.00574	0.00115	0.00574	0.00459	0.00459	0.77491
14	0.04955	0.01815	0.02805	0.18362	0.45276	0.04134	0.02178	0.06641	0.01846	0.02594	0.01445	0.01903	0.01170	0.00730	0.00756	0.00236	0.00944	0.00674	0.00407	0.01130
15	0.01535	0.01461	0.02352	0.48267	0.04332	0.01741	0.05082	0.01986	0.01518	0.02060	0.01335	0.01954	0.01053	0.00829	0.01017	0.00252	0.11344	0.00669	0.00361	0.10852
16	0.02096	0.01664	0.02044	0.09163	0.02504	0.01627	0.03938	0.21115	0.07000	0.05726	0.01724	0.01888	0.01306	0.00756	0.00694	0.00188	0.00745	0.00618	0.00581	0.34625
17	0.02568	0.01962	0.02266	0.14097	0.02882	0.02166	0.01548	0.48605	0.03097	0.04166	0.01734	0.01877	0.01253	0.00873	0.00758	0.00227	0.00862	0.00676	0.00672	0.07711

[dist]
# distance from previous block
# <min> <max>
10	17

[block]
# block no. 1 follows, 25 sequences, length 16
# corresponding to MSA columns:
# 94-109
name=unknown_B
#
# <colnr> <probs for GDERKNQSTAVLIFYWHMCP>
#	G	D	E	R	K	N	Q	S	T	A	V	L	I	F	Y	W	H	M	C	P
0	0.01124	0.00766	0.00916	0.00916	0.00940	0.00790	0.00557	0.01173	0.01148	0.01555	0.02379	0.04719	0.02665	0.61038	0.15448	0.00838	0.00984	0.01076	0.00460	0.00509
1	0.01128	0.00752	0.00846	0.00846	0.00846	0.00752	0.00470	0.01128	0.01128	0.01503	0.02443	0.05074	0.02819	0.72751	0.03946	0.00752	0.00752	0.01128	0.00470	0.00470
2	0.01929	0.01666	0.01753	0.01578	0.02016	0.01929	0.01227	0.04120	0.66513	0.03243	0.03156	0.02893	0.02367	0.01052	0.00789	0.00263	0.00614	0.00877	0.00789	0.01227
3	0.03479	0.01320	0.01799	0.01380	0.01979	0.01140	0.01140	0.03779	0.02219	0.68451	0.03059	0.02639	0.01919	0.00960	0.00780	0.00240	0.00660	0.00780	0.00960	0.01320
4	0.02834	0.02022	0.02199	0.01713	0.02292	0.02214	0.01403	0.57623	0.03420	0.07957	0.02093	0.06868	0.01618	0.01038	0.00791	0.00239	0.00815	0.00809	0.00781	0.01270
5	0.01882	0.01805	0.03081	0.10122	0.62840	0.01833	0.02361	0.02347	0.01748	0.02488	0.01452	0.01931	0.01212	0.00698	0.00768	0.00233	0.00930	0.00691	0.00381	0.01198
6	0.01988	0.06798	0.03289	0.05882	0.03080	0.05363	0.27561	0.09355	0.10719	0.02637	0.01657	0.02013	0.01298	0.00879	0.01132	0.00263	0.13791	0.00779	0.00472	0.01044
7	0.02082	0.01650	0.01908	0.01901	0.09108	0.01840	0.01343	0.03899	0.53123	0.09677	0.02963	0.02763	0.02200	0.01004	0.00786	0.00257	0.00651	0.00847	0.00762	0.01237
8	0.01729	0.01409	0.01702	0.01258	0.01867	0.01184	0.01016	0.02052	0.01599	0.06403	0.01440	0.01679	0.01181	0.00682	0.00799	0.00146	0.08198	0.00502	0.00476	0.64677
9	0.01593	0.01436	0.02192	0.15113	0.21865	0.01533	0.04641	0.02377	0.15186	0.02583	0.11181	0.11943	0.02770	0.01130	0.00830	0.00257	0.00758	0.01036	0.00569	0.01006
10	0.02363	0.01920	0.01961	0.01590	0.02115	0.06481	0.01273	0.34165	0.15856	0.03812	0.05596	0.04699	0.03843	0.01018	0.00768	0.00227	0.00758	0.00806	0.00717	0.10032
11	0.02537	0.01990	0.02070	0.01662	0.02205	0.05539	0.01346	0.44026	0.09970	0.04086	0.02162	0.06886	0.01758	0.01048	0.00781	0.00234	0.00801	0.02774	0.00726	0.07398
12	0.02155	0.01577	0.01796	0.01469	0.01912	0.01655	0.01170	0.33247	0.02683	0.06019	0.11201	0.14926	0.02806	0.01263	0.00876	0.00239	0.03308	0.01037	0.00730	0.09931
13	0.02233	0.01708	0.01998	0.12005	0.02521	0.01921	0.01390	0.37246	0.05942	0.03614	0.02144	0.09838	0.01879	0.08259	0.01175	0.00302	0.03185	0.00910	0.00660	0.01070
14	0.01765	0.01499	0.01837	0.21710	0.02768	0.06217	0.01413	0.10682	0.06338	0.04813	0.04318	0.12821	0.02213	0.09637	0.01358	0.00325	0.07868	0.00990	0.00546	0.00883
15	0.05237	0.01226	0.01823	0.38944	0.03517	0.01424	0.01542	0.04149	0.01616	0.07541	0.04288	0.04554	0.01775	0.10624	0.05818	0.00385	0.00948	0.00819	0.02938	0.00835

[dist]
# distance from previous block
# <min> <max>
4	23

[block]
# block no. 2 follows, 25 sequences, length 58
# corresponding to MSA columns:
# 133-190
name=unknown_C
#
# <colnr> <probs for GDERKNQSTAVLIFYWHMCP>
#	G	D	E	R	K	N	Q	S	T	A	V	L	I	F	Y	W	H	M	C	P
0	0.02861	0.01679	0.01985	0.01839	0.08809	0.06575	0.01329	0.11200	0.11907	0.35978	0.02676	0.05617	0.01919	0.00998	0.00783	0.00242	0.00749	0.00819	0.00799	0.01233
1	0.03029	0.01578	0.01958	0.01645	0.04947	0.01568	0.01278	0.16387	0.13819	0.41068	0.02761	0.02493	0.01845	0.00958	0.00780	0.00242	0.00703	0.00776	0.00867	0.01299
2	0.02843	0.01436	0.01832	0.06137	0.02187	0.01413	0.01225	0.14010	0.07654	0.39956	0.10365	0.02860	0.02430	0.01024	0.00795	0.00242	0.00680	0.00841	0.00860	0.01211
3	0.01690	0.01532	0.02624	0.47176	0.21759	0.01740	0.05066	0.02188	0.01650	0.05049	0.01482	0.02054	0.01130	0.00755	0.00780	0.00250	0.01000	0.00704	0.00384	0.00987
4	0.01630	0.01548	0.02626	0.46719	0.28210	0.01766	0.02236	0.02127	0.01629	0.02183	0.01407	0.02013	0.01105	0.00744	0.00772	0.00248	0.00992	0.00690	0.00359	0.00995
5	0.00959	0.00681	0.00895	0.01061	0.01103	0.00639	0.00700	0.01083	0.01457	0.01942	0.04130	0.66982	0.04947	0.07939	0.01221	0.00349	0.00473	0.02120	0.00700	0.00617
6	0.01855	0.01777	0.03031	0.14073	0.59101	0.01825	0.02348	0.02323	0.01735	0.02455	0.01447	0.01940	0.01201	0.00703	0.00769	0.00234	0.00937	0.00691	0.00378	0.01177
7	0.03449	0.01367	0.01829	0.01402	0.02003	0.01210	0.01158	0.07216	0.02299	0.64901	0.02992	0.02596	0.01886	0.00958	0.00779	0.00240	0.00671	0.00775	0.00949	0.01319
8	0.01115	0.00751	0.00865	0.00870	0.00887	0.00743	0.00506	0.01153	0.01236	0.01664	0.07963	0.08885	0.03322	0.62898	0.03529	0.00685	0.00703	0.01211	0.00516	0.00501
9	0.01688	0.03580	0.55395	0.02341	0.03404	0.01796	0.12730	0.02521	0.01695	0.05503	0.01497	0.01756	0.01056	0.00734	0.00767	0.00248	0.01149	0.00637	0.00367	0.01138
10	0.00970	0.00693	0.00925	0.01081	0.01144	0.00648	0.00739	0.01134	0.01563	0.02099	0.10347	0.63733	0.05316	0.02338	0.00985	0.00309	0.00451	0.04150	0.00732	0.00642
11	0.01605	0.03664	0.57149	0.02401	0.03482	0.01830	0.14101	0.02461	0.01672	0.02461	0.01423	0.01719	0.01017	0.00722	0.00769	0.00248	0.01175	0.00635	0.00339	0.01128
12	0.01819	0.02059	0.04396	0.03168	0.03888	0.01995	0.59933	0.02433	0.01778	0.02433	0.01524	0.02059	0.01164	0.00711	0.01048	0.00268	0.07011	0.00896	0.00388	0.01030
13	0.02830	0.02081	0.02225	0.01725	0.02316	0.02304	0.01419	0.59529	0.06449	0.04717	0.01953	0.01957	0.01398	0.00935	0.00765	0.00232	0.00819	0.00707	0.04352	0.01286
14	0.01797	0.01903	0.03695	0.10605	0.20069	0.01959	0.34484	0.02325	0.01702	0.02364	0.01450	0.01995	0.01154	0.00766	0.01072	0.00263	0.10167	0.00804	0.00378	0.01047
15	0.02864	0.02131	0.02280	0.01767	0.02373	0.02366	0.01454	0.60343	0.08767	0.04753	0.01967	0.01946	0.01404	0.00941	0.00777	0.00235	0.00834	0.00713	0.00777	0.01311
16	0.03063	0.01986	0.02212	0.01696	0.02312	0.02129	0.01401	0.51899	0.03334	0.18756	0.02123	0.02031	0.01450	0.00937	0.00777	0.00234	0.00811	0.00716	0.00816	0.01319
17	0.01454	0.01361	0.02267	0.63996	0.04975	0.01709	0.02067	0.01943	0.01518	0.01966	0.01401	0.02106	0.01083	0.01082	0.04701	0.00317	0.04157	0.00697	0.00348	0.00851
18	0.01821	0.01740	0.02926	0.06775	0.60253	0.01741	0.02226	0.02262	0.01758	0.02478	0.01977	0.02376	0.06628	0.00798	0.00780	0.00234	0.00882	0.00768	0.00410	0.01168
19	0.02945	0.01433	0.04855	0.01392	0.01951	0.01219	0.01185	0.06837	0.05227	0.49413	0.12182	0.03014	0.02638	0.01042	0.00797	0.00241	0.00649	0.00859	0.00897	0.01223
20	0.01644	0.02220	0.15593	0.02740	0.03475	0.01727	0.43941	0.02262	0.01742	0.02401	0.01953	0.12820	0.01750	0.00942	0.00894	0.00267	0.01146	0.01052	0.00431	0.01000
21	0.01360	0.01129	0.01119	0.01103	0.01349	0.06441	0.00813	0.03825	0.06802	0.05373	0.07535	0.25854	0.30683	0.01845	0.00900	0.00270	0.00536	0.01578	0.00717	0.00768
22	0.01922	0.09157	0.07055	0.16377	0.23550	0.06822	0.09435	0.04899	0.08594	0.02461	0.01588	0.01946	0.01252	0.00758	0.00755	0.00235	0.00993	0.00688	0.00427	0.01086
23	0.01919	0.01842	0.03147	0.04759	0.67914	0.01842	0.02380	0.02380	0.01765	0.02533	0.01458	0.01919	0.01228	0.00691	0.00768	0.00230	0.00921	0.00691	0.00384	0.01228
24	0.01578	0.03854	0.63507	0.02296	0.03413	0.01814	0.07934	0.02458	0.01653	0.02458	0.01406	0.01674	0.00998	0.00730	0.00751	0.00247	0.01159	0.00601	0.00333	0.01138
25	0.01829	0.01938	0.03524	0.16929	0.22943	0.05014	0.29070	0.02360	0.01750	0.02350	0.01462	0.01990	0.01150	0.00720	0.00892	0.00252	0.03621	0.00777	0.00379	0.01049
26	0.02818	0.02270	0.02300	0.01908	0.05011	0.09077	0.01493	0.51574	0.08546	0.04359	0.01884	0.01901	0.01368	0.00918	0.00769	0.00232	0.00891	0.00692	0.00723	0.01265
27	0.00942	0.00684	0.00890	0.01056	0.01118	0.00632	0.00709	0.01082	0.01508	0.01989	0.04565	0.66968	0.10217	0.02391	0.00984	0.00311	0.00445	0.02158	0.00720	0.00632
28	0.01806	0.01727	0.02943	0.21189	0.52368	0.01813	0.02323	0.02281	0.01712	0.02396	0.01438	0.01956	0.01180	0.00712	0.00769	0.00237	0.00949	0.00690	0.00374	0.01137
29	0.02878	0.02137	0.02288	0.01770	0.02378	0.02372	0.01457	0.61173	0.07914	0.04775	0.01949	0.01932	0.01390	0.00939	0.00777	0.00235	0.00837	0.00710	0.00777	0.01312
30	0.00945	0.00675	0.00900	0.01080	0.01125	0.00630	0.00720	0.01080	0.01484	0.01979	0.04274	0.72245	0.05128	0.02429	0.00990	0.00315	0.00450	0.02204	0.00720	0.00630
31	0.06106	0.01580	0.04362	0.01470	0.02089	0.01414	0.01253	0.14740	0.02420	0.52136	0.02708	0.02410	0.01736	0.00937	0.00766	0.00239	0.00710	0.00744	0.00885	0.01295
32	0.01907	0.01860	0.03030	0.11409	0.59220	0.04220	0.02325	0.02364	0.01759	0.02454	0.01441	0.01916	0.01200	0.00703	0.00766	0.00232	0.00949	0.00684	0.00380	0.01179
33	0.02947	0.02172	0.02327	0.01784	0.02404	0.02404	0.01474	0.65329	0.03646	0.04887	0.01862	0.01862	0.01319	0.00931	0.00776	0.00233	0.00853	0.00698	0.00776	0.01319
34	0.00945	0.00675	0.00900	0.01080	0.01125	0.00630	0.00720	0.01080	0.01484	0.01979	0.04274	0.72245	0.05128	0.02429	0.00990	0.00315	0.00450	0.02204	0.00720	0.00630
35	0.02047	0.01787	0.01816	0.01611	0.02062	0.04693	0.01257	0.08874	0.58997	0.03318	0.02976	0.02752	0.02230	0.01032	0.00784	0.00258	0.00664	0.00847	0.00772	0.01221
36	0.01311	0.00883	0.01133	0.01041	0.01268	0.00834	0.00790	0.01786	0.06213	0.07554	0.59111	0.05397	0.06640	0.01509	0.00898	0.00245	0.00401	0.01327	0.00857	0.00802
37	0.01347	0.00673	0.01010	0.01010	0.01010	0.00673	0.00673	0.01010	0.01010	0.01347	0.01347	0.02357	0.01347	0.02694	0.03030	0.77441	0.00673	0.00673	0.00337	0.00337
38	0.00945	0.00675	0.00900	0.01080	0.01125	0.00630	0.00720	0.01080	0.01484	0.01979	0.04274	0.72245	0.05128	0.02429	0.00990	0.00315	0.00450	0.02204	0.00720	0.00630
39	0.02896	0.03695	0.02197	0.01998	0.02397	0.69638	0.01498	0.03096	0.02197	0.01898	0.01199	0.01398	0.00999	0.00799	0.00699	0.00200	0.01398	0.00499	0.00400	0.00899
40	0.01126	0.00757	0.00873	0.00873	0.00882	0.00766	0.00504	0.01145	0.01136	0.01524	0.02418	0.04936	0.02759	0.68206	0.08409	0.00785	0.00842	0.01107	0.00466	0.00485
41	0.00945	0.00675	0.00900	0.01080	0.01125	0.00630	0.00720	0.01080	0.01484	0.01979	0.04274	0.72245	0.05128	0.02429	0.00990	0.00315	0.00450	0.02204	0.00720	0.00630
42	0.01063	0.00729	0.00883	0.00946	0.00968	0.00719	0.00580	0.01123	0.01258	0.01683	0.03064	0.28399	0.03583	0.45095	0.05997	0.00623	0.00709	0.01489	0.00554	0.00536
43	0.01607	0.03273	0.46536	0.10332	0.03742	0.01828	0.16922	0.02407	0.01671	0.02407	0.01430	0.01790	0.01032	0.00722	0.00782	0.00251	0.01170	0.00664	0.00344	0.01090
44	0.02781	0.06641	0.02306	0.01952	0.02354	0.56525	0.01502	0.08046	0.02218	0.02136	0.01235	0.01449	0.01026	0.00841	0.00821	0.00210	0.06076	0.00524	0.00423	0.00934
45	0.01608	0.01378	0.01608	0.01148	0.01837	0.01034	0.00919	0.01952	0.01608	0.02527	0.01378	0.01608	0.01148	0.00574	0.00574	0.00115	0.00574	0.00459	0.00459	0.77491
46	0.04735	0.02189	0.14376	0.25265	0.10185	0.07096	0.01977	0.12019	0.02026	0.08065	0.03674	0.02026	0.01350	0.00824	0.00756	0.00242	0.00977	0.00675	0.00487	0.01056
47	0.02900	0.02315	0.02290	0.01799	0.02388	0.09620	0.01466	0.56132	0.06057	0.04498	0.01843	0.01854	0.01327	0.00922	0.00768	0.00230	0.00902	0.00684	0.00736	0.01270
48	0.01445	0.00723	0.00723	0.00723	0.00903	0.00723	0.00542	0.01807	0.01626	0.02891	0.02529	0.02891	0.01987	0.00903	0.00542	0.00181	0.00361	0.00723	0.77055	0.00723
49	0.78228	0.01499	0.01140	0.01020	0.01499	0.01739	0.00840	0.02279	0.01320	0.03479	0.01080	0.01260	0.00840	0.00720	0.00480	0.00240	0.00600	0.00420	0.00480	0.00840
50	0.01429	0.00726	0.00737	0.00734	0.00915	0.00723	0.00551	0.01791	0.01652	0.02901	0.05520	0.03024	0.02233	0.00935	0.00559	0.00184	0.00362	0.00754	0.73548	0.00723
51	0.02090	0.54441	0.08129	0.01480	0.02103	0.05281	0.01456	0.02456	0.04215	0.04652	0.01264	0.01435	0.01089	0.00756	0.00705	0.00193	0.06380	0.00483	0.00379	0.01013
52	0.01300	0.00996	0.01285	0.01297	0.05059	0.00911	0.00881	0.04394	0.01720	0.02431	0.16186	0.25800	0.03900	0.07211	0.03845	0.03037	0.00599	0.01319	0.00631	0.17197
53	0.02127	0.06544	0.04444	0.01543	0.03995	0.01770	0.01216	0.25728	0.09579	0.05460	0.02108	0.04844	0.01830	0.15595	0.01390	0.00328	0.00767	0.00807	0.00626	0.09298
54	0.01706	0.08024	0.11142	0.09914	0.10545	0.03868	0.01539	0.08754	0.02002	0.05205	0.12340	0.03563	0.15981	0.01140	0.00792	0.00238	0.00765	0.00949	0.00570	0.00964
55	0.08315	0.10083	0.01974	0.06024	0.02029	0.08178	0.01174	0.11236	0.01963	0.17536	0.02205	0.04925	0.03738	0.12567	0.01318	0.00318	0.04056	0.00789	0.00604	0.00969
56	0.35586	0.17782	0.11433	0.01345	0.01943	0.02040	0.01293	0.02584	0.11979	0.02916	0.03679	0.01725	0.01357	0.00792	0.00584	0.00228	0.00722	0.00547	0.00488	0.00976
57	0.20021	0.21165	0.02295	0.01355	0.01881	0.05838	0.01160	0.15475	0.02098	0.10277	0.07007	0.04808	0.01812	0.00919	0.00647	0.00219	0.00741	0.00673	0.00589	0.01020

[dist]
# distance from previous block
# <min> <max>
5	31

[block]
# block no. 3 follows, 25 sequences, length 19
# corresponding to MSA columns:
# 226-244
name=unknown_D
#
# <colnr> <probs for GDERKNQSTAVLIFYWHMCP>
#	G	D	E	R	K	N	Q	S	T	A	V	L	I	F	Y	W	H	M	C	P
0	0.63842	0.01543	0.01571	0.07861	0.02101	0.01758	0.06935	0.02270	0.01389	0.03244	0.01153	0.01414	0.00889	0.00719	0.00548	0.00244	0.00707	0.00491	0.00459	0.00861
1	0.01142	0.01023	0.05012	0.07516	0.01626	0.00878	0.00944	0.01488	0.01917	0.02656	0.42933	0.07476	0.10468	0.10086	0.01259	0.00310	0.00524	0.01300	0.00715	0.00727
2	0.02126	0.59855	0.03642	0.01395	0.01996	0.11731	0.01315	0.02375	0.01693	0.01908	0.04924	0.01526	0.01360	0.00734	0.00548	0.00175	0.00878	0.00483	0.00371	0.00967
3	0.09019	0.01429	0.01651	0.04629	0.01990	0.01476	0.01152	0.13408	0.13463	0.12535	0.12733	0.03350	0.02758	0.01105	0.00777	0.00240	0.00645	0.06657	0.00725	0.10257
4	0.05134	0.01334	0.01846	0.01531	0.02003	0.01277	0.07043	0.04972	0.10080	0.28281	0.06016	0.09293	0.02687	0.01232	0.00837	0.00261	0.00690	0.09661	0.00776	0.05047
5	0.10602	0.00773	0.01026	0.01011	0.01069	0.00802	0.00693	0.01163	0.01047	0.01603	0.01315	0.02225	0.01286	0.02456	0.02723	0.68147	0.00665	0.00643	0.00354	0.00397
6	0.01482	0.01378	0.02239	0.62492	0.04919	0.01640	0.02005	0.01978	0.01557	0.02047	0.01378	0.02012	0.01047	0.00751	0.00751	0.00241	0.00978	0.00661	0.00358	0.10086
7	0.19907	0.10093	0.02119	0.01489	0.02042	0.02203	0.01244	0.33099	0.11192	0.03918	0.01789	0.01828	0.01336	0.00867	0.00669	0.00229	0.00742	0.00626	0.03469	0.01137
8	0.01528	0.01293	0.01523	0.01140	0.01752	0.00985	0.00895	0.01847	0.01593	0.02461	0.01727	0.10111	0.01628	0.00798	0.00624	0.00139	0.00559	0.00669	0.00491	0.68238
9	0.01919	0.01842	0.03147	0.04759	0.67914	0.01842	0.02380	0.02380	0.01765	0.02533	0.01458	0.01919	0.01228	0.00691	0.00768	0.00230	0.00921	0.00691	0.00384	0.01228
10	0.01491	0.01406	0.02374	0.66982	0.09035	0.01730	0.02167	0.02005	0.01563	0.02014	0.01383	0.02058	0.01045	0.00770	0.00775	0.00257	0.01027	0.00689	0.00347	0.00883
11	0.01621	0.01620	0.03119	0.16248	0.03527	0.01629	0.33227	0.05775	0.01809	0.02416	0.02192	0.16592	0.02082	0.01111	0.00900	0.00274	0.01029	0.03418	0.00484	0.00928
12	0.01522	0.01437	0.02430	0.62499	0.13277	0.01738	0.02182	0.02032	0.01578	0.02051	0.01388	0.02048	0.01058	0.00764	0.00774	0.00255	0.01019	0.00689	0.00350	0.00908
13	0.09083	0.33610	0.09070	0.02014	0.10451	0.06629	0.04589	0.02461	0.05434	0.02246	0.01302	0.01549	0.01100	0.00767	0.00771	0.00215	0.06760	0.00542	0.00386	0.01021
14	0.08684	0.01124	0.01283	0.01248	0.01507	0.01166	0.00938	0.11677	0.07468	0.06537	0.03594	0.38331	0.06619	0.01796	0.00880	0.00286	0.00564	0.04719	0.00726	0.00854
15	0.18910	0.07848	0.01569	0.09543	0.01921	0.01437	0.01062	0.07752	0.01666	0.02643	0.02272	0.18098	0.02281	0.01389	0.00900	0.06136	0.00654	0.05137	0.07984	0.00797
16	0.01704	0.01131	0.01310	0.01200	0.01344	0.04596	0.00856	0.13727	0.01617	0.02108	0.01658	0.05231	0.01610	0.08749	0.02472	0.48133	0.00745	0.00772	0.00453	0.00582
17	0.03989	0.05314	0.02015	0.26690	0.03082	0.10391	0.03940	0.06318	0.01886	0.05047	0.08047	0.02640	0.04926	0.00933	0.00735	0.00231	0.00855	0.00771	0.11305	0.00887
18	0.29864	0.02092	0.11350	0.04406	0.06399	0.09846	0.01409	0.05499	0.01644	0.06053	0.01471	0.01972	0.01230	0.09192	0.01106	0.00300	0.04169	0.00607	0.00468	0.00923

[dist]
# distance from previous block
# <min> <max>
3	9

[block]
# block no. 4 follows, 25 sequences, length 102
# corresponding to MSA columns:
# 257-358
name=unknown_E
#
# <colnr> <probs for GDERKNQSTAVLIFYWHMCP>
#	G	D	E	R	K	N	Q	S	T	A	V	L	I	F	Y	W	H	M	C	P
0	0.11700	0.01871	0.06942	0.01605	0.04647	0.07945	0.01306	0.13159	0.09081	0.16396	0.14669	0.02751	0.02586	0.01012	0.00758	0.00238	0.00741	0.00806	0.00707	0.01081
1	0.08108	0.04607	0.16905	0.01477	0.02032	0.04396	0.01426	0.10620	0.02051	0.12323	0.14443	0.03087	0.02647	0.06941	0.01019	0.00280	0.00773	0.02690	0.03185	0.00991
2	0.01138	0.00810	0.00959	0.00979	0.01079	0.00786	0.00656	0.04042	0.01569	0.02085	0.12066	0.22599	0.11485	0.31433	0.02195	0.00479	0.00586	0.03806	0.00636	0.00613
3	0.02526	0.01941	0.02116	0.01661	0.02221	0.02121	0.01357	0.44720	0.11301	0.04153	0.02158	0.02169	0.03925	0.00966	0.00848	0.00230	0.04294	0.00729	0.00718	0.09846
4	0.17657	0.23902	0.05707	0.04282	0.02185	0.12645	0.01351	0.14780	0.02040	0.02825	0.01644	0.01780	0.04618	0.00826	0.00625	0.00212	0.00875	0.00569	0.00481	0.00996
5	0.02655	0.01991	0.02255	0.01960	0.07680	0.02182	0.01477	0.53310	0.03252	0.04377	0.02005	0.06846	0.01601	0.01193	0.03291	0.00275	0.00875	0.00808	0.00726	0.01240
6	0.01769	0.01553	0.02141	0.09701	0.22594	0.04580	0.01701	0.10359	0.01995	0.02638	0.02737	0.04345	0.07042	0.01289	0.00935	0.00277	0.03507	0.19306	0.00554	0.00977
7	0.01142	0.00831	0.01108	0.01094	0.01162	0.00929	0.00768	0.01286	0.01188	0.01665	0.02202	0.03931	0.02308	0.36765	0.36204	0.00977	0.04444	0.00962	0.00437	0.00595
8	0.08571	0.04852	0.05111	0.01630	0.02215	0.02126	0.01391	0.46011	0.03059	0.07065	0.06074	0.04633	0.01801	0.00993	0.00757	0.00235	0.00791	0.00763	0.00726	0.01198
9	0.13869	0.01701	0.02051	0.13486	0.10271	0.06729	0.03881	0.04535	0.15523	0.05049	0.01933	0.05290	0.01609	0.03854	0.01014	0.00277	0.06637	0.00770	0.00528	0.00992
10	0.00945	0.00675	0.00900	0.01080	0.01125	0.00630	0.00720	0.01080	0.01484	0.01979	0.04274	0.72245	0.05128	0.02429	0.00990	0.00315	0.00450	0.02204	0.00720	0.00630
11	0.01710	0.01642	0.02859	0.39450	0.23897	0.01818	0.10205	0.04837	0.01739	0.02334	0.01447	0.02017	0.01122	0.00741	0.00791	0.00249	0.01027	0.00719	0.00381	0.01015
12	0.07723	0.19643	0.17791	0.01905	0.08375	0.08063	0.01700	0.10680	0.01965	0.05079	0.04377	0.03945	0.01508	0.00846	0.00675	0.00218	0.00894	0.00642	0.02918	0.01054
13	0.02870	0.02114	0.02272	0.01757	0.02355	0.02336	0.01444	0.62838	0.03562	0.04774	0.01955	0.04591	0.01466	0.00989	0.00784	0.00236	0.00838	0.00756	0.00773	0.01292
14	0.00945	0.00675	0.00900	0.01080	0.01125	0.00630	0.00720	0.01080	0.01484	0.01979	0.04274	0.72245	0.05128	0.02429	0.00990	0.00315	0.00450	0.02204	0.00720	0.00630
15	0.01739	0.01986	0.10904	0.12140	0.33670	0.04921	0.05360	0.02240	0.01749	0.02382	0.01902	0.03097	0.01732	0.00968	0.00823	0.00258	0.00969	0.11673	0.00431	0.01054
16	0.01863	0.39524	0.25620	0.01663	0.02427	0.02447	0.01837	0.05312	0.01675	0.02195	0.01391	0.05251	0.01230	0.00825	0.00703	0.00211	0.03827	0.00589	0.00373	0.01036
17	0.01052	0.00785	0.00978	0.00942	0.01134	0.00710	0.00702	0.01371	0.02069	0.02841	0.51878	0.09715	0.19547	0.01708	0.00919	0.00251	0.00376	0.01493	0.00819	0.00710
18	0.01445	0.00723	0.00723	0.00723	0.00903	0.00723	0.00542	0.01807	0.01626	0.02891	0.02529	0.02891	0.01987	0.00903	0.00542	0.00181	0.00361	0.00723	0.77055	0.00723
19	0.02947	0.02172	0.02327	0.01784	0.02404	0.02404	0.01474	0.65329	0.03646	0.04887	0.01862	0.01862	0.01319	0.00931	0.00776	0.00233	0.00853	0.00698	0.00776	0.01319
20	0.01071	0.00730	0.00870	0.00922	0.00943	0.00714	0.00556	0.01127	0.01279	0.01713	0.05680	0.25357	0.03701	0.48611	0.02930	0.00599	0.00645	0.01464	0.00561	0.00529
21	0.05211	0.63178	0.06897	0.01338	0.01993	0.02832	0.01350	0.02283	0.01599	0.01990	0.04473	0.01495	0.01310	0.00716	0.00529	0.00177	0.00811	0.00473	0.00364	0.00982
22	0.02073	0.73217	0.04063	0.01327	0.01990	0.03068	0.01327	0.02322	0.01575	0.01824	0.01078	0.01244	0.00995	0.00663	0.00498	0.00166	0.00829	0.00415	0.00332	0.00995
23	0.00958	0.00684	0.00915	0.01095	0.01145	0.00641	0.00743	0.01102	0.01497	0.01994	0.04266	0.69509	0.05100	0.02417	0.00993	0.00317	0.00461	0.04811	0.00719	0.00633
24	0.01913	0.01877	0.02646	0.03698	0.46411	0.07731	0.01974	0.02571	0.11041	0.02532	0.02136	0.05152	0.05104	0.00891	0.00782	0.00237	0.00872	0.00813	0.00475	0.01144
25	0.01692	0.02586	0.23962	0.02770	0.03591	0.01858	0.39706	0.02372	0.01724	0.02420	0.01635	0.05715	0.01323	0.00806	0.00937	0.00263	0.04338	0.00869	0.00388	0.01045
26	0.01464	0.01378	0.02326	0.70887	0.05340	0.01723	0.02153	0.01981	0.01550	0.01981	0.01378	0.02067	0.01034	0.00775	0.00775	0.00258	0.01034	0.00689	0.00345	0.00861
27	0.01249	0.00892	0.01249	0.01428	0.01606	0.00892	0.01249	0.01606	0.01785	0.02320	0.04105	0.08746	0.04462	0.02142	0.01071	0.00357	0.00714	0.62695	0.00714	0.00714
28	0.02048	0.01776	0.02699	0.35306	0.04091	0.02003	0.12342	0.24412	0.02336	0.03089	0.01580	0.01999	0.01158	0.00810	0.00799	0.00250	0.01015	0.00730	0.00505	0.01053
29	0.07036	0.00875	0.01041	0.01012	0.01196	0.00839	0.00726	0.01594	0.01676	0.09316	0.19758	0.16412	0.09671	0.20349	0.01685	0.00396	0.00550	0.04465	0.00695	0.00709
30	0.01263	0.01059	0.01544	0.01455	0.01557	0.01341	0.01161	0.01512	0.01231	0.01817	0.01797	0.02689	0.01695	0.04637	0.51941	0.01007	0.20375	0.00791	0.00395	0.00733
31	0.00990	0.00701	0.00917	0.01062	0.01115	0.00663	0.00715	0.01130	0.01491	0.01995	0.07258	0.57558	0.04924	0.11010	0.01353	0.00367	0.00495	0.04941	0.00696	0.00619
32	0.02839	0.02178	0.02293	0.04304	0.02492	0.05033	0.01487	0.57423	0.06711	0.04578	0.01883	0.01903	0.01349	0.00926	0.00773	0.00234	0.00869	0.00699	0.00746	0.01281
33	0.01151	0.00834	0.01048	0.01150	0.01266	0.00814	0.00809	0.07350	0.01719	0.02281	0.04183	0.60048	0.07365	0.02252	0.00969	0.00306	0.00498	0.04530	0.00725	0.00701
34	0.45403	0.05280	0.01587	0.01238	0.01755	0.06029	0.01020	0.05318	0.04506	0.18827	0.01680	0.01691	0.01200	0.00802	0.00591	0.00234	0.00688	0.00541	0.00607	0.01002
35	0.02662	0.02060	0.02098	0.04999	0.02363	0.09139	0.01389	0.40295	0.07835	0.09337	0.04916	0.02403	0.04952	0.00999	0.00782	0.00235	0.00843	0.00772	0.00732	0.01189
36	0.01429	0.00724	0.00729	0.00729	0.00900	0.00724	0.00538	0.01772	0.01601	0.02820	0.02525	0.03002	0.02030	0.04559	0.00715	0.00210	0.00381	0.00743	0.73158	0.00710
37	0.01922	0.05421	0.03270	0.04507	0.61180	0.01910	0.05706	0.02382	0.01759	0.02495	0.01445	0.01895	0.01214	0.00687	0.00762	0.00229	0.00937	0.00689	0.00382	0.01207
38	0.01649	0.15341	0.56040	0.02098	0.03153	0.02014	0.04599	0.02434	0.01633	0.02352	0.01346	0.01587	0.00991	0.00722	0.00703	0.00233	0.01099	0.00558	0.00330	0.01118
39	0.01023	0.00843	0.00906	0.00881	0.01135	0.00754	0.00663	0.01387	0.05996	0.02406	0.21553	0.06779	0.49293	0.01817	0.00908	0.00258	0.00400	0.01533	0.00756	0.00709
40	0.01110	0.00744	0.00851	0.00868	0.00873	0.00740	0.00494	0.01123	0.01162	0.01550	0.02621	0.11618	0.03044	0.65900	0.03658	0.00709	0.00722	0.01232	0.00494	0.00485
41	0.01797	0.37418	0.08588	0.01835	0.09321	0.04672	0.04629	0.02142	0.01694	0.02148	0.08759	0.09932	0.02184	0.00977	0.00676	0.00211	0.00817	0.00796	0.00443	0.00962
42	0.01565	0.01143	0.01529	0.01300	0.01642	0.01116	0.06161	0.05518	0.11151	0.09035	0.34281	0.04841	0.14734	0.01400	0.00877	0.00250	0.00536	0.01230	0.00791	0.00900
43	0.01249	0.00892	0.01249	0.01428	0.01606	0.00892	0.01249	0.01606	0.01785	0.02320	0.04105	0.08746	0.04462	0.02142	0.01071	0.00357	0.00714	0.62695	0.00714	0.00714
44	0.02223	0.01848	0.01836	0.01592	0.02058	0.07470	0.01251	0.14078	0.43121	0.07503	0.03025	0.02827	0.05565	0.01054	0.00786	0.00251	0.00709	0.00850	0.00762	0.01190
45	0.01671	0.01758	0.03356	0.28088	0.04175	0.01945	0.30665	0.02189	0.01614	0.02189	0.01401	0.02013	0.01096	0.00822	0.01149	0.00274	0.13495	0.00790	0.00365	0.00943
46	0.01086	0.00784	0.01026	0.00983	0.01156	0.00724	0.00731	0.01434	0.02141	0.03024	0.62758	0.10780	0.07152	0.01648	0.00920	0.00249	0.00372	0.01462	0.00843	0.00724
47	0.02267	0.01454	0.01679	0.01434	0.01883	0.01540	0.01134	0.07517	0.34068	0.20845	0.14169	0.03259	0.03034	0.01111	0.00807	0.00252	0.00599	0.00930	0.00845	0.01172
48	0.01919	0.01842	0.03147	0.04759	0.67914	0.01842	0.02380	0.02380	0.01765	0.02533	0.01458	0.01919	0.01228	0.00691	0.00768	0.00230	0.00921	0.00691	0.00384	0.01228
49	0.02722	0.03033	0.02062	0.01850	0.02275	0.48428	0.01406	0.03388	0.16983	0.07692	0.01802	0.01844	0.01389	0.00870	0.00726	0.00218	0.01157	0.00609	0.00535	0.01009
50	0.00916	0.00785	0.00785	0.00785	0.01047	0.00655	0.00589	0.01113	0.01767	0.02095	0.07855	0.07462	0.67599	0.01964	0.00916	0.00262	0.00393	0.01636	0.00720	0.00655
51	0.02073	0.73217	0.04063	0.01327	0.01990	0.03068	0.01327	0.02322	0.01575	0.01824	0.01078	0.01244	0.00995	0.00663	0.00498	0.00166	0.00829	0.00415	0.00332	0.00995
52	0.01613	0.11753	0.61499	0.02111	0.03203	0.01942	0.02693	0.02441	0.01630	0.02385	0.01356	0.01593	0.00984	0.00728	0.00710	0.00237	0.01110	0.00555	0.00328	0.01129
53	0.78228	0.01499	0.01140	0.01020	0.01499	0.01739	0.00840	0.02279	0.01320	0.03479	0.01080	0.01260	0.00840	0.00720	0.00480	0.00240	0.00600	0.00420	0.00480	0.00840
54	0.01464	0.01378	0.02326	0.70887	0.05340	0.01723	0.02153	0.01981	0.01550	0.01981	0.01378	0.02067	0.01034	0.00775	0.00775	0.00258	0.01034	0.00689	0.00345	0.00861
55	0.00940	0.00693	0.00881	0.01031	0.01112	0.00634	0.00698	0.01085	0.01531	0.01998	0.04867	0.61512	0.15478	0.02352	0.00978	0.00306	0.00440	0.02110	0.00720	0.00634
56	0.02081	0.02170	0.03054	0.04217	0.53692	0.13386	0.05247	0.02507	0.01842	0.02423	0.01420	0.01839	0.01187	0.00707	0.00763	0.00227	0.01021	0.00669	0.00387	0.01163
57	0.01234	0.00882	0.01232	0.01411	0.01582	0.00879	0.01223	0.01580	0.01770	0.02303	0.04114	0.11918	0.04496	0.02156	0.01067	0.00355	0.00701	0.59674	0.00714	0.00710
58	0.01814	0.01735	0.02958	0.20022	0.53472	0.01815	0.02327	0.02288	0.01716	0.02406	0.01440	0.01953	0.01183	0.00710	0.00769	0.00237	0.00947	0.00690	0.00375	0.01144
59	0.02868	0.03889	0.01904	0.01395	0.01994	0.01413	0.01151	0.15389	0.02369	0.38553	0.05933	0.02427	0.01925	0.00910	0.00740	0.00214	0.00673	0.00728	0.00808	0.14718
60	0.01798	0.01817	0.02689	0.02196	0.02375	0.04402	0.12156	0.05219	0.01453	0.02121	0.01198	0.01812	0.01094	0.01370	0.04664	0.00351	0.51292	0.00719	0.00375	0.00901
61	0.01445	0.00723	0.00723	0.00723	0.00903	0.00723	0.00542	0.01807	0.01626	0.02891	0.02529	0.02891	0.01987	0.00903	0.00542	0.00181	0.00361	0.00723	0.77055	0.00723
62	0.01583	0.01352	0.01581	0.01146	0.01811	0.01019	0.00911	0.01920	0.01603	0.02506	0.01486	0.04234	0.01296	0.00643	0.00590	0.00122	0.00570	0.00524	0.00469	0.74633
63	0.00966	0.00767	0.00877	0.00952	0.01140	0.00677	0.00710	0.01165	0.01687	0.02089	0.06342	0.26515	0.41488	0.02122	0.00957	0.00289	0.00450	0.09435	0.00719	0.00655
64	0.01086	0.00792	0.01020	0.00963	0.01151	0.00727	0.00723	0.01441	0.02168	0.03045	0.63701	0.05898	0.11160	0.01609	0.00915	0.00245	0.00368	0.01417	0.00845	0.00727
65	0.01980	0.01691	0.01782	0.01588	0.02036	0.01953	0.01240	0.07235	0.63314	0.03327	0.03090	0.02840	0.02314	0.01046	0.00788	0.00261	0.00626	0.00868	0.00788	0.01232
66	0.02073	0.73217	0.04063	0.01327	0.01990	0.03068	0.01327	0.02322	0.01575	0.01824	0.01078	0.01244	0.00995	0.00663	0.00498	0.00166	0.00829	0.00415	0.00332	0.00995
67	0.01098	0.00775	0.00975	0.00944	0.01067	0.00732	0.00656	0.01348	0.01855	0.02594	0.45769	0.08906	0.05923	0.21948	0.01784	0.00392	0.00480	0.01364	0.00737	0.00652
68	0.73333	0.01492	0.01215	0.05475	0.01744	0.01738	0.00923	0.02260	0.01334	0.03383	0.01099	0.01311	0.00852	0.00723	0.00499	0.00241	0.00627	0.00437	0.00471	0.00841
69	0.01125	0.00801	0.01095	0.01267	0.01386	0.00783	0.01009	0.01380	0.01640	0.02153	0.04103	0.33550	0.04656	0.05169	0.01158	0.00357	0.00612	0.36381	0.00706	0.00671
70	0.01895	0.01817	0.03103	0.08322	0.64542	0.01836	0.02367	0.02358	0.01754	0.02503	0.01454	0.01927	0.01218	0.00695	0.00768	0.00232	0.00927	0.00691	0.00382	0.01208
71	0.01679	0.15761	0.51319	0.02300	0.09263	0.02024	0.02553	0.02425	0.01639	0.02354	0.01344	0.01596	0.01008	0.00720	0.00698	0.00230	0.01070	0.00557	0.00334	0.01128
72	0.02027	0.01943	0.03054	0.04450	0.60914	0.04799	0.02284	0.06424	0.01904	0.02656	0.01473	0.01893	0.01224	0.00711	0.00765	0.00229	0.00937	0.00683	0.00409	0.01220
73	0.03384	0.01299	0.01769	0.01363	0.01947	0.01123	0.01123	0.03686	0.02218	0.65849	0.05626	0.02765	0.02134	0.00985	0.00785	0.00240	0.00648	0.00805	0.00955	0.01296
74	0.01341	0.01103	0.01202	0.01163	0.01449	0.01136	0.00882	0.04450	0.22619	0.02592	0.07538	0.17607	0.28016	0.01711	0.00890	0.00274	0.00503	0.03910	0.00749	0.00864
75	0.01736	0.01712	0.02757	0.37428	0.30810	0.05049	0.05025	0.02221	0.01682	0.02226	0.01411	0.01975	0.01118	0.00736	0.00775	0.00244	0.01017	0.00691	0.00365	0.01022
76	0.01358	0.00875	0.00977	0.00902	0.01212	0.00742	0.00694	0.01587	0.01882	0.13184	0.12685	0.06505	0.51033	0.01762	0.00894	0.00257	0.00434	0.01472	0.00772	0.00772
77	0.00945	0.00675	0.00900	0.01080	0.01125	0.00630	0.00720	0.01080	0.01484	0.01979	0.04274	0.72245	0.05128	0.02429	0.00990	0.00315	0.00450	0.02204	0.00720	0.00630
78	0.01217	0.00887	0.01197	0.01352	0.01527	0.00885	0.01140	0.01608	0.04346	0.02298	0.04278	0.17452	0.07626	0.02130	0.01040	0.00342	0.00656	0.48579	0.00718	0.00720
79	0.01944	0.01116	0.01185	0.01025	0.01340	0.01162	0.00809	0.17527	0.02160	0.07561	0.02399	0.02622	0.01819	0.00914	0.00615	0.00197	0.00501	0.00720	0.53476	0.00907
80	0.01108	0.00831	0.01246	0.01246	0.01385	0.00969	0.00969	0.01385	0.01246	0.01800	0.02077	0.03046	0.01938	0.05815	0.69678	0.01246	0.02077	0.00831	0.00415	0.00692
81	0.02896	0.03695	0.02197	0.01998	0.02397	0.69638	0.01498	0.03096	0.02197	0.01898	0.01199	0.01398	0.00999	0.00799	0.00699	0.00200	0.01398	0.00499	0.00400	0.00899
82	0.01819	0.01600	0.02193	0.01583	0.02278	0.01366	0.11624	0.10312	0.01911	0.02827	0.01473	0.01721	0.01175	0.00634	0.00657	0.00155	0.00732	0.00566	0.00490	0.54883
83	0.01271	0.01095	0.01132	0.01074	0.01340	0.04367	0.00810	0.01901	0.14119	0.02656	0.27628	0.08287	0.28145	0.01618	0.00884	0.00255	0.00477	0.01376	0.00764	0.00801
84	0.01347	0.00673	0.01010	0.01010	0.01010	0.00673	0.00673	0.01010	0.01010	0.01347	0.01347	0.02357	0.01347	0.02694	0.03030	0.77441	0.00673	0.00673	0.00337	0.00337
85	0.00943	0.00680	0.00895	0.01066	0.01121	0.00631	0.00714	0.01081	0.01497	0.01984	0.04433	0.69352	0.07917	0.02408	0.00986	0.00313	0.00447	0.02179	0.00720	0.00631
86	0.01479	0.01398	0.02329	0.66497	0.05130	0.01764	0.02124	0.01974	0.01527	0.01974	0.01355	0.02044	0.01033	0.00812	0.00888	0.00264	0.05516	0.00688	0.00344	0.00860
87	0.00921	0.00767	0.00804	0.00834	0.01060	0.00650	0.00611	0.01107	0.01720	0.02075	0.07261	0.18195	0.57249	0.02041	0.00929	0.00271	0.00402	0.01730	0.00720	0.00650
88	0.78228	0.01499	0.01140	0.01020	0.01499	0.01739	0.00840	0.02279	0.01320	0.03479	0.01080	0.01260	0.00840	0.00720	0.00480	0.00240	0.00600	0.00420	0.00480	0.00840
89	0.00945	0.00675	0.00900	0.01080	0.01125	0.00630	0.00720	0.01080	0.01484	0.01979	0.04274	0.72245	0.05128	0.02429	0.00990	0.00315	0.00450	0.02204	0.00720	0.00630
90	0.01197	0.00962	0.01418	0.01366	0.01484	0.01183	0.01080	0.01458	0.01237	0.01810	0.01916	0.02841	0.01798	0.05137	0.59472	0.01108	0.12605	0.00808	0.00404	0.00716
91	0.00964	0.00787	0.00851	0.00835	0.01076	0.00675	0.00626	0.01204	0.01879	0.02360	0.23443	0.07025	0.51845	0.01865	0.00916	0.00257	0.00386	0.01575	0.00755	0.00675
92	0.00942	0.00765	0.00834	0.00861	0.01074	0.00658	0.00629	0.01145	0.01761	0.02184	0.13726	0.19433	0.49266	0.02009	0.00930	0.00270	0.00400	0.01717	0.00735	0.00658
93	0.01095	0.00738	0.00855	0.00888	0.00896	0.00730	0.00515	0.01119	0.01192	0.01589	0.02771	0.17120	0.03233	0.60139	0.03416	0.00673	0.00698	0.01321	0.00515	0.00499
94	0.78228	0.01499	0.01140	0.01020	0.01499	0.01739	0.00840	0.02279	0.01320	0.03479	0.01080	0.01260	0.00840	0.00720	0.00480	0.00240	0.00600	0.00420	0.00480	0.00840
95	0.78228	0.01499	0.01140	0.01020	0.01499	0.01739	0.00840	0.02279	0.01320	0.03479	0.01080	0.01260	0.00840	0.00720	0.00480	0.00240	0.00600	0.00420	0.00480	0.00840
96	0.01985	0.61496	0.15016	0.01476	0.02221	0.02853	0.01587	0.02344	0.01586	0.01931	0.01131	0.01310	0.00993	0.00676	0.00538	0.00179	0.00883	0.00441	0.00331	0.01021
97	0.02805	0.02101	0.02247	0.01755	0.02350	0.02338	0.01439	0.56789	0.12416	0.04657	0.02042	0.02005	0.01465	0.00948	0.00778	0.00237	0.00820	0.00723	0.00778	0.01306
98	0.00975	0.00688	0.00891	0.01041	0.01078	0.00650	0.00678	0.01088	0.01425	0.01900	0.03970	0.61116	0.04746	0.14080	0.01480	0.00387	0.00500	0.02026	0.00678	0.00603
99	0.00971	0.00693	0.00916	0.01058	0.01119	0.00647	0.00713	0.01132	0.01566	0.02113	0.12580	0.61140	0.05338	0.04735	0.01081	0.00321	0.00449	0.02061	0.00729	0.00638
100	0.02186	0.01661	0.01839	0.01427	0.01983	0.01651	0.01143	0.33005	0.02581	0.03614	0.01940	0.07742	0.01659	0.03831	0.00843	0.00217	0.00700	0.00757	0.03484	0.27735
101	0.05244	0.19055	0.02570	0.01760	0.02251	0.40015	0.01417	0.10267	0.06297	0.02372	0.01370	0.01508	0.01117	0.00797	0.00661	0.00201	0.01128	0.00525	0.00456	0.00989

[dist]
# distance from previous block
# <min> <max>
1	3

[block]
# block no. 5 follows, 25 sequences, length 201
# corresponding to MSA columns:
# 362-562
name=unknown_F
#
# <colnr> <probs for GDERKNQSTAVLIFYWHMCP>
#	G	D	E	R	K	N	Q	S	T	A	V	L	I	F	Y	W	H	M	C	P
0	0.01931	0.54207	0.21827	0.01569	0.02365	0.02720	0.01749	0.02358	0.01592	0.01998	0.01164	0.01352	0.00992	0.00683	0.00563	0.00188	0.00916	0.00458	0.00331	0.01036
1	0.04641	0.00988	0.01167	0.01081	0.01322	0.03481	0.00835	0.01778	0.02134	0.08896	0.52375	0.05334	0.06135	0.01497	0.00886	0.00249	0.00464	0.05121	0.00821	0.00794
2	0.02700	0.11856	0.05714	0.02011	0.04819	0.50129	0.01575	0.08224	0.02202	0.02193	0.01259	0.01450	0.01033	0.00787	0.00686	0.00202	0.01254	0.00517	0.00419	0.00970
3	0.02779	0.02130	0.02225	0.01749	0.02321	0.05285	0.01431	0.55479	0.06573	0.04477	0.01910	0.01967	0.01396	0.01238	0.05102	0.00296	0.00942	0.00706	0.00737	0.01256
4	0.05424	0.47865	0.20967	0.01517	0.02276	0.02552	0.01674	0.02330	0.01583	0.02122	0.01234	0.01431	0.01034	0.00697	0.00563	0.00191	0.00879	0.00472	0.04173	0.01014
5	0.01771	0.02364	0.15194	0.03002	0.06066	0.01976	0.44945	0.02405	0.01721	0.02410	0.01472	0.01963	0.01127	0.00749	0.01065	0.00266	0.09259	0.00822	0.00375	0.01047
6	0.01686	0.21561	0.52333	0.01986	0.03009	0.02122	0.02475	0.02422	0.01621	0.02295	0.01312	0.01537	0.00985	0.00718	0.00676	0.00225	0.01066	0.00533	0.00328	0.01108
7	0.01412	0.01142	0.01140	0.01108	0.01390	0.07049	0.00873	0.01736	0.04142	0.07444	0.13128	0.06411	0.35587	0.01735	0.00909	0.00270	0.00567	0.12461	0.00727	0.00768
8	0.02796	0.01546	0.05137	0.04291	0.02147	0.01395	0.01268	0.12269	0.07880	0.39746	0.07961	0.02924	0.04976	0.01036	0.00794	0.00243	0.00689	0.00847	0.00843	0.01210
9	0.01120	0.00749	0.00848	0.00855	0.00857	0.00747	0.00480	0.01126	0.01142	0.01522	0.02516	0.07749	0.02911	0.69950	0.03829	0.00734	0.00740	0.01170	0.00480	0.00476
10	0.00945	0.00675	0.00900	0.01080	0.01125	0.00630	0.00720	0.01080	0.01484	0.01979	0.04274	0.72245	0.05128	0.02429	0.00990	0.00315	0.00450	0.02204	0.00720	0.00630
11	0.01863	0.01785	0.03047	0.12853	0.60255	0.01828	0.02352	0.02331	0.01739	0.02466	0.01449	0.01937	0.01204	0.00701	0.00769	0.00234	0.00935	0.00691	0.00379	0.01183
12	0.01235	0.00882	0.01232	0.01411	0.01583	0.00880	0.01224	0.01581	0.01770	0.02304	0.04114	0.11844	0.04495	0.02156	0.01067	0.00355	0.00701	0.59744	0.00714	0.00710
13	0.01068	0.00791	0.00999	0.00971	0.01161	0.00722	0.00733	0.01394	0.02070	0.02848	0.51446	0.09290	0.17144	0.01715	0.00926	0.00256	0.00392	0.04543	0.00818	0.00713
14	0.01108	0.00793	0.00897	0.00907	0.01123	0.00690	0.00659	0.01301	0.01735	0.06290	0.11133	0.21654	0.41575	0.05249	0.01064	0.00294	0.00437	0.01670	0.00734	0.00688
15	0.05405	0.14935	0.44181	0.01971	0.02892	0.11071	0.02296	0.04539	0.01752	0.02405	0.01316	0.01532	0.00991	0.00739	0.00683	0.00226	0.01094	0.00535	0.00359	0.01080
16	0.01851	0.01773	0.03025	0.14626	0.58578	0.01824	0.02346	0.02320	0.01733	0.02451	0.01446	0.01941	0.01199	0.00703	0.00769	0.00234	0.00938	0.00691	0.00378	0.01173
17	0.01721	0.01913	0.03784	0.02804	0.03434	0.05101	0.50148	0.02258	0.01785	0.02362	0.02045	0.14883	0.01890	0.00985	0.00918	0.00268	0.01155	0.01130	0.00452	0.00962
18	0.01103	0.00746	0.00848	0.00864	0.00879	0.00737	0.00497	0.01123	0.01186	0.01570	0.02829	0.11178	0.05682	0.63560	0.03558	0.00693	0.00710	0.01245	0.00502	0.00492
19	0.01119	0.00748	0.00848	0.00857	0.00859	0.00746	0.00482	0.01125	0.01145	0.01527	0.02532	0.08351	0.02932	0.69320	0.03802	0.00730	0.00737	0.01180	0.00482	0.00478
20	0.02821	0.01996	0.02175	0.01704	0.02284	0.02186	0.01394	0.52026	0.09235	0.09975	0.02175	0.04739	0.01613	0.01002	0.00785	0.00239	0.00799	0.00780	0.00790	0.01284
21	0.01696	0.01696	0.02375	0.02036	0.02036	0.02375	0.01696	0.01866	0.01187	0.01866	0.01018	0.01696	0.01018	0.01357	0.02545	0.00339	0.71332	0.00679	0.00339	0.00848
22	0.02393	0.13754	0.13430	0.01511	0.02146	0.01739	0.01449	0.14723	0.02270	0.22490	0.11595	0.02702	0.04468	0.00991	0.00749	0.00229	0.00756	0.00786	0.00690	0.01130
