[name]
unknown

[dist]
# distance from previous block
# <min> <max>
0	17

[block]
# block no. 0 follows, 29 sequences, length 18
# corresponding to MSA columns:
# 17-34
name=unknown_A
#
# <colnr> <probs for GDERKNQSTAVLIFYWHMCP>
#	G	D	E	R	K	N	Q	S	T	A	V	L	I	F	Y	W	H	M	C	P
0	0.07517	0.01276	0.01437	0.01262	0.01609	0.01338	0.00985	0.22540	0.08227	0.08839	0.06977	0.24111	0.02815	0.01332	0.00764	0.00240	0.00577	0.03438	0.00684	0.04033
1	0.01633	0.01473	0.02343	0.29714	0.33310	0.01619	0.01887	0.05997	0.05557	0.02322	0.01488	0.01920	0.01171	0.00708	0.00696	0.00220	0.00831	0.00646	0.05487	0.00976
2	0.01345	0.01266	0.02136	0.73264	0.04904	0.01582	0.01978	0.01819	0.01424	0.01819	0.01266	0.01898	0.00949	0.00712	0.00712	0.00237	0.00949	0.00633	0.00316	0.00791
3	0.12356	0.01746	0.01794	0.04001	0.02020	0.04694	0.01195	0.43424	0.02662	0.06603	0.01738	0.01915	0.01293	0.00846	0.00659	0.00212	0.00722	0.02241	0.08822	0.01053
4	0.00859	0.00715	0.00750	0.00755	0.00976	0.00606	0.00561	0.01050	0.01643	0.02005	0.12964	0.11103	0.59967	0.01798	0.00846	0.00242	0.00362	0.01516	0.00673	0.00606
5	0.02585	0.01866	0.02014	0.01564	0.02092	0.02053	0.01277	0.58726	0.06130	0.06882	0.01838	0.01955	0.01358	0.05233	0.00885	0.00243	0.00761	0.00675	0.00703	0.01161
6	0.01857	0.01573	0.01659	0.01467	0.01885	0.01811	0.01148	0.09724	0.63166	0.03118	0.02789	0.02569	0.02085	0.00956	0.00723	0.00239	0.00584	0.00790	0.00723	0.01135
7	0.01330	0.00889	0.01067	0.01052	0.01203	0.00910	0.00747	0.08949	0.05946	0.05247	0.02907	0.31629	0.03116	0.17696	0.04343	0.03587	0.00602	0.02876	0.05222	0.00681
8	0.02045	0.01522	0.01765	0.05984	0.02093	0.01471	0.01123	0.24437	0.06076	0.08839	0.01640	0.01731	0.01225	0.00705	0.00629	0.00168	0.00650	0.00556	0.00569	0.36773
9	0.01510	0.01293	0.01571	0.01349	0.01539	0.04150	0.01084	0.04420	0.01371	0.02109	0.01474	0.02031	0.01310	0.04716	0.08238	0.00334	0.30001	0.00625	0.17034	0.13842
10	0.00893	0.00630	0.00819	0.00959	0.00994	0.00595	0.00627	0.00998	0.01314	0.01752	0.03672	0.64016	0.04391	0.13160	0.01317	0.00349	0.00455	0.01876	0.00627	0.00556
11	0.02050	0.01341	0.01482	0.03960	0.01693	0.01447	0.00991	0.32614	0.02347	0.07311	0.02009	0.02296	0.01546	0.05342	0.02856	0.00253	0.00647	0.00680	0.28195	0.00940
12	0.01712	0.06813	0.21460	0.02503	0.03271	0.01793	0.40886	0.02316	0.01622	0.06182	0.01434	0.01782	0.01058	0.00657	0.00814	0.00232	0.03388	0.00716	0.00370	0.00990
13	0.01351	0.01266	0.02106	0.69969	0.04758	0.01553	0.01926	0.01818	0.01426	0.01842	0.01266	0.01879	0.00954	0.00703	0.00703	0.00231	0.00930	0.00623	0.00321	0.04375
14	0.00880	0.00695	0.00752	0.00787	0.00945	0.00612	0.00547	0.01018	0.01470	0.01810	0.05693	0.20475	0.45247	0.14268	0.01326	0.00327	0.00427	0.01532	0.00622	0.00568
15	0.01850	0.01858	0.02805	0.04123	0.63856	0.08574	0.02106	0.02250	0.01660	0.02269	0.01316	0.01716	0.01107	0.00644	0.00699	0.00209	0.00889	0.00617	0.00354	0.01098
16	0.01681	0.01921	0.04202	0.03001	0.03721	0.01801	0.67947	0.02281	0.01681	0.02281	0.01441	0.01921	0.01080	0.00600	0.00840	0.00240	0.01200	0.00840	0.00360	0.00960
17	0.01771	0.01530	0.01610	0.01449	0.01852	0.01771	0.01127	0.03784	0.69247	0.02979	0.02898	0.02657	0.02174	0.00966	0.00725	0.00242	0.00564	0.00805	0.00725	0.01127

[dist]
# distance from previous block
# <min> <max>
0	1

[block]
# block no. 1 follows, 29 sequences, length 14
# corresponding to MSA columns:
# 36-49
name=unknown_B
#
# <colnr> <probs for GDERKNQSTAVLIFYWHMCP>
#	G	D	E	R	K	N	Q	S	T	A	V	L	I	F	Y	W	H	M	C	P
0	0.01524	0.18093	0.57713	0.01867	0.02830	0.01888	0.02347	0.02230	0.01492	0.02139	0.01220	0.01431	0.00904	0.00663	0.00632	0.00211	0.00994	0.00497	0.00301	0.01025
1	0.02529	0.07394	0.02196	0.04703	0.05524	0.46632	0.01423	0.16795	0.02227	0.02360	0.01243	0.01414	0.00992	0.00747	0.00651	0.00191	0.01110	0.00508	0.00435	0.00927
2	0.01482	0.11758	0.63680	0.01938	0.02941	0.01785	0.02472	0.02241	0.01497	0.02190	0.01245	0.01463	0.00903	0.00669	0.00652	0.00217	0.01020	0.00510	0.00301	0.01037
3	0.00842	0.00721	0.00721	0.00721	0.00962	0.00601	0.00541	0.01022	0.01623	0.01924	0.07213	0.06853	0.70244	0.01803	0.00842	0.00240	0.00361	0.01503	0.00661	0.00601
4	0.01008	0.00728	0.00952	0.00896	0.01064	0.00672	0.00672	0.01344	0.02016	0.02855	0.70158	0.05319	0.06719	0.01456	0.00840	0.00224	0.00336	0.01288	0.00784	0.00672
5	0.01740	0.01969	0.05735	0.09322	0.21498	0.07531	0.34013	0.02236	0.01639	0.02184	0.01343	0.01794	0.01056	0.00660	0.00835	0.00230	0.04175	0.00716	0.00351	0.00975
6	0.01147	0.00820	0.01147	0.01311	0.01475	0.00820	0.01147	0.01475	0.01639	0.02131	0.03770	0.08032	0.04098	0.01967	0.00984	0.00328	0.00656	0.65741	0.00656	0.00656
7	0.01036	0.00690	0.00777	0.00777	0.00777	0.00690	0.00431	0.01036	0.01036	0.01381	0.02244	0.04660	0.02589	0.74975	0.03624	0.00690	0.00690	0.01036	0.00431	0.00431
8	0.01538	0.01756	0.13575	0.26546	0.07399	0.01578	0.07647	0.09842	0.01680	0.02318	0.01664	0.09831	0.01451	0.00915	0.00829	0.00238	0.05385	0.00789	0.04129	0.00890
9	0.01065	0.00794	0.00973	0.00991	0.01160	0.00742	0.00723	0.05309	0.01659	0.02227	0.16395	0.35809	0.14198	0.04492	0.00956	0.00272	0.00447	0.05860	0.00664	0.05262
10	0.01987	0.01559	0.01831	0.05088	0.02066	0.01572	0.01170	0.25891	0.02131	0.05524	0.01448	0.01626	0.01119	0.00745	0.00803	0.00178	0.08405	0.00544	0.00527	0.35787
11	0.10252	0.08842	0.02041	0.17740	0.02605	0.19560	0.01373	0.16525	0.04920	0.02624	0.05799	0.01809	0.01402	0.00793	0.00651	0.00208	0.00882	0.00591	0.00474	0.00907
12	0.01603	0.01244	0.01494	0.01157	0.01670	0.01061	0.00927	0.05887	0.01607	0.07033	0.01739	0.08253	0.01579	0.00832	0.00707	0.00158	0.04541	0.03927	0.00498	0.54083
13	0.06329	0.01886	0.10604	0.06927	0.28700	0.05210	0.04047	0.09375	0.01780	0.02520	0.05211	0.02298	0.04400	0.00845	0.00791	0.00226	0.04384	0.03047	0.00435	0.00986

[dist]
# distance from previous block
# <min> <max>
8	16

[block]
# block no. 2 follows, 29 sequences, length 101
# corresponding to MSA columns:
# 67-167
name=unknown_C
#
# <colnr> <probs for GDERKNQSTAVLIFYWHMCP>
#	G	D	E	R	K	N	Q	S	T	A	V	L	I	F	Y	W	H	M	C	P
0	0.05029	0.01370	0.01982	0.47804	0.08987	0.04561	0.01710	0.06578	0.01586	0.02109	0.01603	0.10541	0.01424	0.00897	0.00720	0.00237	0.00861	0.00782	0.00397	0.00822
1	0.01624	0.01586	0.02632	0.30738	0.40478	0.03642	0.04922	0.02067	0.01559	0.02113	0.01309	0.01808	0.01051	0.00666	0.00712	0.00222	0.00913	0.00638	0.00339	0.00983
2	0.07047	0.34789	0.08124	0.12327	0.10469	0.09562	0.01544	0.04993	0.01594	0.02045	0.01136	0.01394	0.00947	0.00659	0.00570	0.00188	0.00863	0.00478	0.00345	0.00925
3	0.13229	0.01359	0.01520	0.01307	0.04655	0.01295	0.00991	0.08065	0.11733	0.04934	0.01769	0.04720	0.01488	0.00784	0.00608	0.00177	0.00576	0.03362	0.00527	0.36901
4	0.02455	0.01814	0.01977	0.01551	0.02061	0.02006	0.01273	0.58438	0.03046	0.04086	0.01933	0.02016	0.03801	0.01377	0.08474	0.00316	0.00890	0.00686	0.00675	0.01126
5	0.01792	0.00998	0.01271	0.01083	0.01401	0.00945	0.00851	0.07153	0.05162	0.22320	0.42797	0.04102	0.04688	0.01225	0.00790	0.00223	0.00457	0.01054	0.00803	0.00887
6	0.01345	0.01266	0.02136	0.73264	0.04904	0.01582	0.01978	0.01819	0.01424	0.01819	0.01266	0.01898	0.00949	0.00712	0.00712	0.00237	0.00949	0.00633	0.00316	0.00791
7	0.01339	0.01133	0.01394	0.01564	0.10258	0.01176	0.01082	0.02192	0.23863	0.02408	0.07069	0.05015	0.21753	0.01399	0.00817	0.00256	0.00553	0.15227	0.00647	0.00856
8	0.00868	0.00620	0.00826	0.00991	0.01033	0.00578	0.00661	0.00991	0.01363	0.01818	0.03925	0.74510	0.04710	0.02231	0.00909	0.00289	0.00413	0.02024	0.00661	0.00578
9	0.01904	0.75404	0.03731	0.01218	0.01828	0.02818	0.01218	0.02132	0.01447	0.01675	0.00990	0.01142	0.00914	0.00609	0.00457	0.00152	0.00761	0.00381	0.00305	0.00914
10	0.01462	0.07046	0.65847	0.02066	0.05202	0.01711	0.02549	0.02247	0.01504	0.02230	0.01266	0.01494	0.00910	0.00672	0.00667	0.00222	0.01032	0.00523	0.00303	0.01048
11	0.01345	0.01266	0.02136	0.73264	0.04904	0.01582	0.01978	0.01819	0.01424	0.01819	0.01266	0.01898	0.00949	0.00712	0.00712	0.00237	0.00949	0.00633	0.00316	0.00791
12	0.01036	0.00690	0.00777	0.00777	0.00777	0.00690	0.00431	0.01036	0.01036	0.01381	0.02244	0.04660	0.02589	0.74975	0.03624	0.00690	0.00690	0.01036	0.00431	0.00431
13	0.00919	0.00789	0.00796	0.00782	0.01036	0.00699	0.00590	0.01253	0.07278	0.02012	0.06853	0.06502	0.64552	0.01733	0.00832	0.00241	0.00378	0.01444	0.00667	0.00645
14	0.01380	0.01301	0.02199	0.67503	0.10392	0.01591	0.01995	0.01850	0.01440	0.01862	0.01272	0.01887	0.00964	0.00705	0.00711	0.00235	0.00941	0.00633	0.00319	0.00819
15	0.00842	0.00721	0.00721	0.00721	0.00962	0.00601	0.00541	0.01022	0.01623	0.01924	0.07213	0.06853	0.70244	0.01803	0.00842	0.00240	0.00361	0.01503	0.00661	0.00601
16	0.00880	0.00629	0.00837	0.00983	0.01035	0.00586	0.00662	0.01022	0.01419	0.01906	0.09585	0.68597	0.04881	0.02165	0.00903	0.00284	0.00407	0.01961	0.00671	0.00586
17	0.01762	0.01692	0.02890	0.04371	0.70533	0.01692	0.02185	0.02185	0.01621	0.02326	0.01339	0.01762	0.01128	0.00634	0.00705	0.00211	0.00846	0.00634	0.00352	0.01128
18	0.00842	0.00721	0.00721	0.00721	0.00962	0.00601	0.00541	0.01022	0.01623	0.01924	0.07213	0.06853	0.70244	0.01803	0.00842	0.00240	0.00361	0.01503	0.00661	0.00601
19	0.01036	0.00690	0.00777	0.00777	0.00777	0.00690	0.00431	0.01036	0.01036	0.01381	0.02244	0.04660	0.02589	0.74975	0.03624	0.00690	0.00690	0.01036	0.00431	0.00431
20	0.01762	0.01692	0.02890	0.04371	0.70533	0.01692	0.02185	0.02185	0.01621	0.02326	0.01339	0.01762	0.01128	0.00634	0.00705	0.00211	0.00846	0.00634	0.00352	0.01128
21	0.01237	0.00618	0.00928	0.00928	0.00928	0.00618	0.00618	0.00928	0.00928	0.01237	0.01237	0.02165	0.01237	0.02474	0.02783	0.79283	0.00618	0.00618	0.00309	0.00309
22	0.80005	0.01377	0.01047	0.00936	0.01377	0.01597	0.00771	0.02093	0.01212	0.03195	0.00991	0.01157	0.00771	0.00661	0.00441	0.00220	0.00551	0.00386	0.00441	0.00771
23	0.01566	0.01329	0.01553	0.01130	0.01732	0.01090	0.00910	0.06449	0.01591	0.02447	0.01283	0.01496	0.01061	0.00581	0.00618	0.00122	0.03669	0.00446	0.00438	0.70489
24	0.01904	0.75404	0.03731	0.01218	0.01828	0.02818	0.01218	0.02132	0.01447	0.01675	0.00990	0.01142	0.00914	0.00609	0.00457	0.00152	0.00761	0.00381	0.00305	0.00914
25	0.03195	0.01212	0.01652	0.01267	0.01818	0.01047	0.01047	0.03470	0.02038	0.71026	0.02809	0.02424	0.01763	0.00881	0.00716	0.00220	0.00606	0.00716	0.00881	0.01212
26	0.01428	0.03683	0.71286	0.02030	0.03082	0.01654	0.02631	0.02255	0.01503	0.02255	0.01278	0.01503	0.00902	0.00677	0.00677	0.00226	0.01052	0.00526	0.00301	0.01052
27	0.01762	0.01692	0.02890	0.04371	0.70533	0.01692	0.02185	0.02185	0.01621	0.02326	0.01339	0.01762	0.01128	0.00634	0.00705	0.00211	0.00846	0.00634	0.00352	0.01128
28	0.03195	0.01212	0.01652	0.01267	0.01818	0.01047	0.01047	0.03470	0.02038	0.71026	0.02809	0.02424	0.01763	0.00881	0.00716	0.00220	0.00606	0.00716	0.00881	0.01212
29	0.00866	0.00624	0.00822	0.00980	0.01030	0.00579	0.00656	0.00993	0.01374	0.01822	0.04059	0.71751	0.07383	0.02213	0.00906	0.00287	0.00411	0.02003	0.00661	0.00579
30	0.01428	0.03683	0.71286	0.02030	0.03082	0.01654	0.02631	0.02255	0.01503	0.02255	0.01278	0.01503	0.00902	0.00677	0.00677	0.00226	0.01052	0.00526	0.00301	0.01052
31	0.01008	0.00728	0.00952	0.00896	0.01064	0.00672	0.00672	0.01344	0.02016	0.02855	0.70158	0.05319	0.06719	0.01456	0.00840	0.00224	0.00336	0.01288	0.00784	0.00672
32	0.00868	0.00620	0.00826	0.00991	0.01033	0.00578	0.00661	0.00991	0.01363	0.01818	0.03925	0.74510	0.04710	0.02231	0.00909	0.00289	0.00413	0.02024	0.00661	0.00578
33	0.01762	0.01692	0.02890	0.04371	0.70533	0.01692	0.02185	0.02185	0.01621	0.02326	0.01339	0.01762	0.01128	0.00634	0.00705	0.00211	0.00846	0.00634	0.00352	0.01128
34	0.00891	0.00636	0.00853	0.01018	0.01070	0.00599	0.00702	0.01032	0.01386	0.01844	0.03912	0.68928	0.04658	0.02209	0.00915	0.00292	0.00433	0.07375	0.00661	0.00585
35	0.01621	0.01547	0.02634	0.27729	0.48282	0.01655	0.02115	0.02061	0.01554	0.02154	0.01314	0.01808	0.01067	0.00661	0.00707	0.00220	0.00881	0.00634	0.00340	0.01014
36	0.00998	0.00720	0.00943	0.00903	0.01062	0.00665	0.00671	0.01318	0.01968	0.02780	0.65358	0.10333	0.06573	0.01512	0.00845	0.00229	0.00342	0.01341	0.00775	0.00665
37	0.01904	0.75404	0.03731	0.01218	0.01828	0.02818	0.01218	0.02132	0.01447	0.01675	0.00990	0.01142	0.00914	0.00609	0.00457	0.00152	0.00761	0.00381	0.00305	0.00914
38	0.01847	0.01799	0.02153	0.04885	0.02098	0.12345	0.03448	0.02111	0.03827	0.07072	0.01203	0.01649	0.01046	0.01091	0.01791	0.00278	0.49520	0.00619	0.00380	0.00837
39	0.01381	0.01668	0.12468	0.57834	0.04553	0.01608	0.06708	0.01916	0.01454	0.01916	0.01280	0.01842	0.00951	0.00699	0.00716	0.00236	0.00982	0.00632	0.00317	0.00841
40	0.00868	0.00620	0.00826	0.00991	0.01033	0.00578	0.00661	0.00991	0.01363	0.01818	0.03925	0.74510	0.04710	0.02231	0.00909	0.00289	0.00413	0.02024	0.00661	0.00578
41	0.01008	0.00728	0.00952	0.00896	0.01064	0.00672	0.00672	0.01344	0.02016	0.02855	0.70158	0.05319	0.06719	0.01456	0.00840	0.00224	0.00336	0.01288	0.00784	0.00672
42	0.01322	0.01210	0.01967	0.58015	0.04147	0.01509	0.01768	0.01734	0.01393	0.01846	0.01505	0.07974	0.01300	0.00889	0.00857	0.00245	0.07061	0.00750	0.03739	0.00767
43	0.01787	0.05123	0.48577	0.01967	0.02871	0.01724	0.07547	0.11479	0.01816	0.08301	0.01471	0.01632	0.01031	0.00710	0.00692	0.00223	0.00982	0.00579	0.00411	0.01076
44	0.00965	0.00726	0.00893	0.00851	0.01038	0.00654	0.00638	0.01261	0.01915	0.02617	0.54050	0.05712	0.22975	0.01545	0.00840	0.00228	0.00342	0.01343	0.00752	0.00654
45	0.00886	0.00633	0.00847	0.01012	0.01061	0.00594	0.00692	0.01023	0.01381	0.01838	0.03915	0.70247	0.04670	0.02214	0.00914	0.00292	0.00429	0.06111	0.00661	0.00583
46	0.01777	0.02224	0.14984	0.03377	0.42527	0.10706	0.04905	0.02243	0.01655	0.02224	0.01452	0.02048	0.01242	0.00736	0.00715	0.00219	0.00943	0.04621	0.00364	0.01039
47	0.00868	0.00722	0.00758	0.00749	0.00978	0.00612	0.00562	0.01072	0.01685	0.02070	0.17090	0.06612	0.60277	0.01749	0.00841	0.00238	0.00357	0.01469	0.00680	0.00612
48	0.01904	0.75404	0.03731	0.01218	0.01828	0.02818	0.01218	0.02132	0.01447	0.01675	0.00990	0.01142	0.00914	0.00609	0.00457	0.00152	0.00761	0.00381	0.00305	0.00914
49	0.01041	0.00764	0.00984	0.00945	0.01123	0.00721	0.00723	0.01431	0.04345	0.02773	0.60448	0.05494	0.08204	0.01491	0.00848	0.00234	0.00371	0.06608	0.00768	0.00685
50	0.01508	0.15730	0.59939	0.01893	0.02871	0.01849	0.02394	0.02234	0.01494	0.02158	0.01229	0.01443	0.00904	0.00665	0.00640	0.00213	0.01004	0.00502	0.00301	0.01029
51	0.01007	0.00747	0.00840	0.00803	0.01035	0.00645	0.00607	0.01242	0.01769	0.05525	0.27220	0.06149	0.46568	0.01648	0.00835	0.00234	0.00364	0.01396	0.00711	0.00653
52	0.02457	0.02633	0.01939	0.04596	0.02187	0.42959	0.01322	0.17078	0.02247	0.05040	0.04838	0.01862	0.03966	0.00855	0.00728	0.00201	0.03096	0.00600	0.00490	0.00907
53	0.01008	0.00728	0.00952	0.00896	0.01064	0.00672	0.00672	0.01344	0.02016	0.02855	0.70158	0.05319	0.06719	0.01456	0.00840	0.00224	0.00336	0.01288	0.00784	0.00672
54	0.01762	0.01692	0.02890	0.04371	0.70533	0.01692	0.02185	0.02185	0.01621	0.02326	0.01339	0.01762	0.01128	0.00634	0.00705	0.00211	0.00846	0.00634	0.00352	0.01128
55	0.00961	0.00799	0.00853	0.00857	0.01088	0.00732	0.00646	0.01337	0.08536	0.02075	0.09308	0.12936	0.50951	0.01750	0.00842	0.00248	0.00399	0.04351	0.00673	0.00659
56	0.01671	0.01869	0.03913	0.02940	0.06707	0.01838	0.57369	0.02213	0.01612	0.02220	0.01379	0.01873	0.01066	0.00674	0.01001	0.00247	0.09300	0.00806	0.00354	0.00948
57	0.01036	0.00690	0.00777	0.00777	0.00777	0.00690	0.00431	0.01036	0.01036	0.01381	0.02244	0.04660	0.02589	0.74975	0.03624	0.00690	0.00690	0.01036	0.00431	0.00431
58	0.01036	0.00690	0.00777	0.00777	0.00777	0.00690	0.00431	0.01036	0.01036	0.01381	0.02244	0.04660	0.02589	0.74975	0.03624	0.00690	0.00690	0.01036	0.00431	0.00431
59	0.01744	0.01673	0.02857	0.07411	0.67637	0.01687	0.02176	0.02169	0.01613	0.02304	0.01336	0.01768	0.01120	0.00638	0.00705	0.00213	0.00850	0.00634	0.00351	0.01113
60	0.01237	0.00618	0.00928	0.00928	0.00928	0.00618	0.00618	0.00928	0.00928	0.01237	0.01237	0.02165	0.01237	0.02474	0.02783	0.79283	0.00618	0.00618	0.00309	0.00309
61	0.03039	0.01177	0.01602	0.01240	0.01764	0.01020	0.01020	0.03318	0.02036	0.66161	0.07616	0.02630	0.02116	0.00922	0.00725	0.00221	0.00587	0.00757	0.00874	0.01173
62	0.73558	0.01401	0.01120	0.00982	0.01433	0.01607	0.00809	0.05300	0.01344	0.05688	0.01091	0.01229	0.00828	0.00678	0.00464	0.00220	0.00564	0.00410	0.00469	0.00808
63	0.01746	0.01675	0.02860	0.07115	0.67919	0.01687	0.02177	0.02171	0.01614	0.02306	0.01336	0.01768	0.01121	0.00638	0.00705	0.00213	0.00850	0.00634	0.00351	0.01114
64	0.01345	0.01266	0.02136	0.73264	0.04904	0.01582	0.01978	0.01819	0.01424	0.01819	0.01266	0.01898	0.00949	0.00712	0.00712	0.00237	0.00949	0.00633	0.00316	0.00791
65	0.01377	0.01299	0.02194	0.67931	0.09985	0.01591	0.01994	0.01848	0.01439	0.01859	0.01271	0.01888	0.00963	0.00706	0.00711	0.00235	0.00941	0.00633	0.00319	0.00817
66	0.05545	0.03155	0.01995	0.01803	0.02141	0.63277	0.01368	0.02716	0.01906	0.01796	0.01082	0.01303	0.00913	0.00776	0.00783	0.00196	0.07592	0.00470	0.00365	0.00819
67	0.01036	0.00690	0.00777	0.00777	0.00777	0.00690	0.00431	0.01036	0.01036	0.01381	0.02244	0.04660	0.02589	0.74975	0.03624	0.00690	0.00690	0.01036	0.00431	0.00431
68	0.01475	0.03054	0.50179	0.02131	0.03014	0.01663	0.14606	0.02255	0.04112	0.02292	0.04443	0.01798	0.01246	0.00731	0.00784	0.00232	0.03991	0.00633	0.00350	0.01010
69	0.01558	0.01558	0.02181	0.01869	0.01869	0.02181	0.01558	0.01714	0.01091	0.01714	0.00935	0.01558	0.00935	0.01246	0.02337	0.00312	0.73672	0.00623	0.00312	0.00779
70	0.01970	0.69094	0.03581	0.01272	0.01860	0.08889	0.01232	0.02195	0.01497	0.01681	0.01000	0.01155	0.00914	0.00620	0.00473	0.00155	0.00807	0.00388	0.00310	0.00906
71	0.02645	0.01888	0.02033	0.01568	0.02114	0.02075	0.01292	0.61854	0.03191	0.06906	0.01787	0.01791	0.01267	0.00854	0.00700	0.00211	0.00751	0.00645	0.05249	0.01179
72	0.02019	0.01653	0.01750	0.01499	0.01946	0.01887	0.01187	0.20827	0.51801	0.03378	0.02584	0.02406	0.01919	0.00937	0.00721	0.00234	0.00622	0.00762	0.00721	0.01149
73	0.01813	0.01551	0.01634	0.01458	0.01868	0.01791	0.01137	0.06693	0.66268	0.03047	0.02844	0.02614	0.02130	0.00961	0.00724	0.00240	0.00573	0.00798	0.00724	0.01131
74	0.01018	0.00760	0.01128	0.01128	0.01249	0.00881	0.00869	0.01261	0.01139	0.01641	0.01923	0.02882	0.01817	0.08488	0.69056	0.01124	0.01852	0.00775	0.00384	0.00627
75	0.01090	0.00779	0.01082	0.01246	0.01385	0.00770	0.01048	0.01376	0.01583	0.02067	0.03802	0.21646	0.04223	0.02021	0.00968	0.00320	0.00606	0.52692	0.00657	0.00640
76	0.02751	0.01340	0.01664	0.01330	0.01836	0.01306	0.01080	0.09626	0.17238	0.46982	0.05138	0.02512	0.01980	0.00918	0.00722	0.00225	0.00604	0.00749	0.00827	0.01173
77	0.00868	0.00620	0.00826	0.00991	0.01033	0.00578	0.00661	0.00991	0.01363	0.01818	0.03925	0.74510	0.04710	0.02231	0.00909	0.00289	0.00413	0.02024	0.00661	0.00578
78	0.00848	0.00722	0.00730	0.00728	0.00965	0.00604	0.00546	0.01033	0.01637	0.01957	0.09469	0.06798	0.67968	0.01791	0.00842	0.00240	0.00360	0.01495	0.00666	0.00604
79	0.01506	0.01447	0.02143	0.49699	0.03930	0.04287	0.01823	0.04803	0.01448	0.01910	0.01197	0.01783	0.00956	0.00852	0.01114	0.00253	0.19079	0.00625	0.00335	0.00808
80	0.01390	0.00724	0.00730	0.00708	0.00892	0.00733	0.00536	0.04665	0.01577	0.02738	0.02295	0.02612	0.01797	0.00831	0.00507	0.00168	0.00352	0.00663	0.75393	0.00688
81	0.00868	0.00620	0.00826	0.00991	0.01033	0.00578	0.00661	0.00991	0.01363	0.01818	0.03925	0.74510	0.04710	0.02231	0.00909	0.00289	0.00413	0.02024	0.00661	0.00578
82	0.01719	0.42402	0.28479	0.01527	0.02273	0.02264	0.01722	0.05088	0.01549	0.02022	0.01255	0.04469	0.01087	0.00715	0.00569	0.00188	0.00855	0.00517	0.00337	0.00964
83	0.01471	0.10064	0.65276	0.01957	0.02970	0.01757	0.02505	0.02244	0.01498	0.02203	0.01252	0.01471	0.00903	0.00671	0.00657	0.00219	0.01026	0.00513	0.00301	0.01040
84	0.02912	0.01364	0.01717	0.01349	0.01836	0.03819	0.01107	0.08757	0.02076	0.54498	0.05482	0.02383	0.01840	0.00927	0.00842	0.00226	0.06206	0.00718	0.00800	0.01141
85	0.45024	0.01434	0.04618	0.24228	0.05521	0.01564	0.01296	0.01988	0.01341	0.02663	0.03731	0.01593	0.01075	0.00707	0.00564	0.00226	0.00705	0.00516	0.00404	0.00802
86	0.01038	0.00742	0.00975	0.01096	0.01197	0.00725	0.00818	0.04042	0.01535	0.02038	0.06083	0.47046	0.04363	0.05357	0.01042	0.00313	0.00507	0.19802	0.00656	0.00624
87	0.01117	0.00843	0.01042	0.01002	0.01161	0.00878	0.00731	0.01603	0.11505	0.02257	0.27805	0.06274	0.06649	0.16977	0.16489	0.00517	0.00777	0.01084	0.00611	0.00678
88	0.80005	0.01377	0.01047	0.00936	0.01377	0.01597	0.00771	0.02093	0.01212	0.03195	0.00991	0.01157	0.00771	0.00661	0.00441	0.00220	0.00551	0.00386	0.00441	0.00771
89	0.01448	0.06285	0.65756	0.01957	0.02975	0.01668	0.02501	0.02231	0.01500	0.02236	0.01266	0.01489	0.00909	0.00668	0.00662	0.00218	0.01019	0.00516	0.00306	0.04390
90	0.01081	0.00773	0.01070	0.01226	0.01364	0.00762	0.01024	0.01365	0.01593	0.02090	0.06308	0.22373	0.04330	0.02005	0.00962	0.00316	0.00591	0.49466	0.00662	0.00639
91	0.04683	0.00672	0.00963	0.00958	0.00995	0.00699	0.00663	0.01027	0.00970	0.01381	0.01319	0.02208	0.01292	0.02791	0.12283	0.64976	0.00794	0.00628	0.00325	0.00375
92	0.04881	0.01604	0.02683	0.16291	0.56224	0.01669	0.02091	0.02117	0.01570	0.02273	0.01312	0.01761	0.01082	0.00649	0.00695	0.00216	0.00852	0.00624	0.00350	0.01054
93	0.01793	0.01456	0.01581	0.01434	0.01822	0.01654	0.01135	0.06077	0.56454	0.05567	0.02945	0.03212	0.02335	0.01071	0.00753	0.00249	0.00584	0.08073	0.00722	0.01081
94	0.00872	0.00723	0.00764	0.00754	0.00981	0.00614	0.00565	0.01082	0.01696	0.02096	0.18874	0.06569	0.58476	0.01739	0.00841	0.00237	0.00356	0.01463	0.00684	0.00614
95	0.01652	0.01875	0.04083	0.02930	0.03627	0.01758	0.65573	0.02235	0.01669	0.02265	0.01528	0.04482	0.01208	0.00658	0.00843	0.00242	0.01173	0.00882	0.00371	0.00947
96	0.01591	0.28240	0.48156	0.01752	0.02652	0.02052	0.02147	0.02213	0.01484	0.02057	0.01179	0.01380	0.00906	0.00653	0.00601	0.00200	0.00953	0.00476	0.00302	0.01005
97	0.01116	0.00798	0.01106	0.01240	0.01399	0.00789	0.01061	0.01436	0.01679	0.02218	0.12967	0.10527	0.04487	0.01908	0.00960	0.00312	0.00601	0.54067	0.00674	0.00655
98	0.01458	0.00827	0.01080	0.00964	0.01216	0.00744	0.00742	0.01763	0.01971	0.17304	0.49011	0.06854	0.10469	0.01383	0.00816	0.00226	0.00398	0.01204	0.00792	0.00779
99	0.01410	0.01332	0.02253	0.62545	0.15116	0.01599	0.02010	0.01876	0.01455	0.01898	0.01277	0.01877	0.00977	0.00700	0.00711	0.00233	0.00933	0.00633	0.00322	0.00843
100	0.11961	0.02111	0.02082	0.01642	0.02175	0.11794	0.04271	0.48210	0.02832	0.03853	0.01527	0.01594	0.01111	0.00803	0.00676	0.00211	0.00844	0.00594	0.00616	0.01093

[dist]
# distance from previous block
# <min> <max>
0	1

[block]
# block no. 3 follows, 29 sequences, length 71
# corresponding to MSA columns:
# 169-239
name=unknown_D
#
# <colnr> <probs for GDERKNQSTAVLIFYWHMCP>
#	G	D	E	R	K	N	Q	S	T	A	V	L	I	F	Y	W	H	M	C	P
0	0.01688	0.01361	0.01529	0.01325	0.01707	0.01481	0.01041	0.14205	0.31332	0.02929	0.09098	0.04961	0.02358	0.01627	0.11154	0.00353	0.00767	0.00815	0.00643	0.09628
1	0.01328	0.00771	0.00868	0.04602	0.01157	0.00786	0.00651	0.04706	0.01681	0.02736	0.15878	0.03106	0.02734	0.00950	0.00588	0.00184	0.00386	0.00786	0.55402	0.00698
2	0.01688	0.01072	0.01314	0.01159	0.01458	0.01069	0.00915	0.14879	0.04382	0.13089	0.32272	0.11311	0.04330	0.01358	0.00812	0.00237	0.00506	0.06528	0.00759	0.00862
3	0.00952	0.00761	0.00853	0.00848	0.01062	0.00685	0.00648	0.01247	0.04211	0.02200	0.22391	0.06358	0.43712	0.03820	0.00931	0.00257	0.00399	0.07340	0.00687	0.00638
4	0.28422	0.12523	0.04156	0.03645	0.01940	0.05255	0.01170	0.20321	0.11014	0.03153	0.01466	0.01547	0.01117	0.00753	0.00581	0.00210	0.00710	0.00527	0.00521	0.00972
5	0.01539	0.01303	0.01510	0.01085	0.01714	0.01014	0.00870	0.05186	0.01572	0.02431	0.01288	0.01488	0.01063	0.00544	0.00537	0.00111	0.00540	0.00433	0.00437	0.75334
6	0.05598	0.01303	0.01657	0.01428	0.05515	0.01255	0.01084	0.13145	0.04695	0.41001	0.10778	0.02665	0.02257	0.03317	0.00814	0.00235	0.00613	0.00771	0.00776	0.01095
7	0.01468	0.23496	0.33583	0.01545	0.02229	0.01784	0.01751	0.01980	0.01531	0.02122	0.11859	0.04023	0.01947	0.01074	0.04349	0.00256	0.03044	0.00657	0.00390	0.00912
8	0.00897	0.00624	0.00828	0.00975	0.01011	0.00587	0.00644	0.00991	0.01320	0.01761	0.03681	0.66409	0.04399	0.06842	0.01176	0.04339	0.00441	0.01890	0.00629	0.00555
9	0.02707	0.01995	0.02137	0.01638	0.02208	0.02208	0.01353	0.68159	0.03348	0.04488	0.01710	0.01710	0.01211	0.00855	0.00712	0.00214	0.00784	0.00641	0.00712	0.01211
10	0.01454	0.07627	0.67572	0.01985	0.03013	0.01718	0.02553	0.02248	0.01500	0.02223	0.01262	0.01484	0.00903	0.00673	0.00664	0.00221	0.01036	0.00518	0.00301	0.01045
11	0.00986	0.00820	0.00875	0.00866	0.01099	0.00763	0.00646	0.01422	0.10713	0.02149	0.12678	0.13419	0.47594	0.01702	0.00833	0.00244	0.00391	0.01443	0.00682	0.00676
12	0.00981	0.00720	0.00923	0.00910	0.01071	0.00661	0.00682	0.01276	0.01879	0.02597	0.52242	0.13528	0.13250	0.01609	0.00856	0.00239	0.00364	0.04810	0.00750	0.00653
13	0.01597	0.01565	0.02574	0.35908	0.34883	0.04066	0.05129	0.02044	0.01547	0.02071	0.01302	0.01816	0.01036	0.00672	0.00712	0.00224	0.00925	0.00637	0.00337	0.00955
14	0.01207	0.00783	0.00895	0.00850	0.01106	0.00672	0.00643	0.01414	0.01701	0.12116	0.13494	0.13207	0.45945	0.01674	0.00830	0.00241	0.00399	0.01418	0.00708	0.00696
15	0.00872	0.00622	0.00825	0.00985	0.01026	0.00582	0.00654	0.00993	0.01354	0.01805	0.03877	0.72521	0.04649	0.04302	0.00986	0.00301	0.00421	0.01996	0.00654	0.00574
16	0.80005	0.01377	0.01047	0.00936	0.01377	0.01597	0.00771	0.02093	0.01212	0.03195	0.00991	0.01157	0.00771	0.00661	0.00441	0.00220	0.00551	0.00386	0.00441	0.00771
17	0.01556	0.01530	0.02517	0.42888	0.26915	0.04245	0.06196	0.02010	0.01529	0.02017	0.01296	0.01831	0.01017	0.00679	0.00715	0.00227	0.00943	0.00640	0.00333	0.00917
18	0.03022	0.01193	0.01604	0.01246	0.01772	0.01044	0.01023	0.03346	0.03966	0.65077	0.04891	0.02643	0.03910	0.00927	0.00724	0.00222	0.00590	0.00758	0.00868	0.01176
19	0.01762	0.01692	0.02890	0.04371	0.70533	0.01692	0.02185	0.02185	0.01621	0.02326	0.01339	0.01762	0.01128	0.00634	0.00705	0.00211	0.00846	0.00634	0.00352	0.01128
20	0.01147	0.00820	0.01147	0.01311	0.01475	0.00820	0.01147	0.01475	0.01639	0.02131	0.03770	0.08032	0.04098	0.01967	0.00984	0.00328	0.00656	0.65741	0.00656	0.00656
21	0.00999	0.00721	0.00944	0.00902	0.01062	0.00666	0.00671	0.01321	0.01974	0.02790	0.65971	0.09693	0.06592	0.01505	0.00844	0.00228	0.00341	0.01334	0.00776	0.00666
22	0.02627	0.07005	0.02126	0.01773	0.02183	0.58231	0.01364	0.12348	0.02182	0.02140	0.01184	0.01339	0.00960	0.00745	0.00643	0.00186	0.01183	0.00481	0.00414	0.00886
23	0.01712	0.01641	0.02800	0.12652	0.62645	0.01679	0.02160	0.02141	0.01598	0.02265	0.01331	0.01779	0.01106	0.00644	0.00706	0.00215	0.00858	0.00634	0.00348	0.01087
24	0.03195	0.01212	0.01652	0.01267	0.01818	0.01047	0.01047	0.03470	0.02038	0.71026	0.02809	0.02424	0.01763	0.00881	0.00716	0.00220	0.00606	0.00716	0.00881	0.01212
25	0.00884	0.00632	0.00841	0.00980	0.01036	0.00589	0.00662	0.01032	0.01439	0.01938	0.11621	0.66470	0.04943	0.02141	0.00901	0.00282	0.00404	0.01939	0.00675	0.00589
26	0.02707	0.01995	0.02137	0.01638	0.02208	0.02208	0.01353	0.68159	0.03348	0.04488	0.01710	0.01710	0.01211	0.00855	0.00712	0.00214	0.00784	0.00641	0.00712	0.01211
27	0.00945	0.00720	0.00868	0.00843	0.01028	0.00643	0.00628	0.01217	0.01849	0.02487	0.45487	0.09636	0.27831	0.01614	0.00844	0.00233	0.00348	0.01400	0.00736	0.00643
28	0.01036	0.00690	0.00777	0.00777	0.00777	0.00690	0.00431	0.01036	0.01036	0.01381	0.02244	0.04660	0.02589	0.74975	0.03624	0.00690	0.00690	0.01036	0.00431	0.00431
29	0.01017	0.00763	0.01144	0.01144	0.01272	0.00890	0.00890	0.01272	0.01144	0.01653	0.01907	0.02797	0.01780	0.05340	0.72153	0.01144	0.01907	0.00763	0.00381	0.00636
30	0.01663	0.01879	0.04023	0.05202	0.03657	0.01815	0.62133	0.02235	0.01640	0.02235	0.01407	0.01900	0.01068	0.00640	0.00919	0.00244	0.05219	0.00822	0.00356	0.00945
31	0.01217	0.00794	0.00901	0.00834	0.01106	0.00680	0.00640	0.01440	0.01758	0.12195	0.18438	0.05917	0.48261	0.01603	0.00823	0.00234	0.00392	0.01347	0.00717	0.00704
32	0.01762	0.01692	0.02890	0.04371	0.70533	0.01692	0.02185	0.02185	0.01621	0.02326	0.01339	0.01762	0.01128	0.00634	0.00705	0.00211	0.00846	0.00634	0.00352	0.01128
33	0.56550	0.01425	0.01313	0.09289	0.01882	0.01649	0.00984	0.10392	0.03577	0.03177	0.01211	0.01402	0.00921	0.00706	0.00516	0.00220	0.00619	0.00467	0.02863	0.00836
34	0.01395	0.01335	0.02146	0.56383	0.04187	0.01724	0.01878	0.01794	0.01345	0.01794	0.01187	0.01818	0.00946	0.00838	0.01096	0.00255	0.18144	0.00631	0.00315	0.00788
35	0.01750	0.01679	0.02868	0.06406	0.68594	0.01689	0.02179	0.02175	0.01616	0.02311	0.01337	0.01766	0.01123	0.00637	0.00705	0.00212	0.00849	0.00634	0.00351	0.01118
36	0.01327	0.00664	0.00664	0.00664	0.00830	0.00664	0.00498	0.01659	0.01493	0.02655	0.02323	0.02655	0.01825	0.00830	0.00498	0.00166	0.00332	0.00664	0.78928	0.00664
37	0.01758	0.01749	0.02638	0.09955	0.55080	0.07875	0.02015	0.02149	0.01626	0.02203	0.01449	0.05586	0.01283	0.00735	0.00711	0.00215	0.00871	0.00692	0.00367	0.01043
38	0.01477	0.01266	0.01477	0.01055	0.01687	0.00949	0.00844	0.01793	0.01477	0.02320	0.01266	0.01477	0.01055	0.00527	0.00527	0.00105	0.00527	0.00422	0.00422	0.79328
39	0.01912	0.01655	0.01643	0.01469	0.01877	0.07098	0.01142	0.03696	0.60685	0.06363	0.02757	0.02540	0.02057	0.00944	0.00718	0.00236	0.00621	0.00774	0.00705	0.01108
40	0.02839	0.01470	0.01771	0.01380	0.01914	0.01460	0.01133	0.24296	0.07577	0.41725	0.02627	0.02378	0.04206	0.00914	0.00720	0.00221	0.00651	0.00728	0.00806	0.01182
41	0.02392	0.02018	0.01985	0.01624	0.02095	0.10570	0.01307	0.39630	0.20557	0.03607	0.01910	0.01901	0.01416	0.00890	0.00793	0.00223	0.04648	0.00662	0.00652	0.01119
42	0.01782	0.01513	0.01604	0.01431	0.01830	0.01738	0.01116	0.07070	0.62330	0.03052	0.06262	0.02742	0.02354	0.00985	0.00730	0.00239	0.00564	0.00821	0.00727	0.01108
43	0.01017	0.00763	0.01144	0.01144	0.01272	0.00890	0.00890	0.01272	0.01144	0.01653	0.01907	0.02797	0.01780	0.05340	0.72153	0.01144	0.01907	0.00763	0.00381	0.00636
44	0.02660	0.03394	0.02018	0.01834	0.02201	0.72116	0.01376	0.02843	0.02018	0.01743	0.01101	0.01284	0.00917	0.00734	0.00642	0.00183	0.01284	0.00459	0.00367	0.00825
45	0.02564	0.01913	0.02009	0.01571	0.02090	0.04195	0.01277	0.57116	0.06488	0.05703	0.01811	0.01948	0.01351	0.05543	0.00895	0.00244	0.00778	0.00671	0.00689	0.01146
46	0.00982	0.00737	0.00928	0.00995	0.01161	0.00683	0.00785	0.01236	0.01676	0.02189	0.20234	0.18180	0.23409	0.01846	0.00898	0.00273	0.00458	0.22009	0.00688	0.00631
47	0.00842	0.00721	0.00721	0.00721	0.00962	0.00601	0.00541	0.01022	0.01623	0.01924	0.07213	0.06853	0.70244	0.01803	0.00842	0.00240	0.00361	0.01503	0.00661	0.00601
48	0.01015	0.00729	0.00945	0.01068	0.01156	0.00708	0.00758	0.05291	0.01519	0.02021	0.03768	0.62576	0.04421	0.02115	0.00905	0.00289	0.00463	0.08964	0.00664	0.00627
49	0.01147	0.00820	0.01147	0.01311	0.01475	0.00820	0.01147	0.01475	0.01639	0.02131	0.03770	0.08032	0.04098	0.01967	0.00984	0.00328	0.00656	0.65741	0.00656	0.00656
50	0.00868	0.00620	0.00826	0.00991	0.01033	0.00578	0.00661	0.00991	0.01363	0.01818	0.03925	0.74510	0.04710	0.02231	0.00909	0.00289	0.00413	0.02024	0.00661	0.00578
51	0.01179	0.00864	0.01237	0.01468	0.05006	0.00864	0.01201	0.01512	0.01638	0.02141	0.03646	0.07712	0.03946	0.01899	0.00969	0.00322	0.00665	0.62412	0.00640	0.00680
52	0.01643	0.01857	0.04022	0.05542	0.03683	0.01755	0.63452	0.02224	0.01661	0.02250	0.01510	0.04134	0.01186	0.00654	0.00838	0.00241	0.01167	0.00869	0.00368	0.00942
53	0.04348	0.03531	0.66147	0.02026	0.03043	0.01657	0.05032	0.02250	0.01499	0.02291	0.01273	0.01506	0.00904	0.00673	0.00674	0.00226	0.01039	0.00533	0.00308	0.01038
54	0.73391	0.01485	0.01133	0.03157	0.01528	0.05474	0.00841	0.02126	0.01263	0.03074	0.01006	0.01186	0.00785	0.00667	0.00460	0.00219	0.00603	0.00397	0.00433	0.00775
55	0.01574	0.01632	0.02712	0.02162	0.02368	0.02030	0.20146	0.01857	0.01258	0.01871	0.01110	0.01702	0.01005	0.01206	0.04316	0.00320	0.50890	0.00689	0.00328	0.00825
56	0.01437	0.01367	0.01994	0.05036	0.01945	0.01766	0.04889	0.01657	0.01192	0.01810	0.01319	0.05515	0.01282	0.01718	0.11044	0.00396	0.46962	0.00715	0.02881	0.05075
57	0.01444	0.05997	0.69107	0.02003	0.03041	0.01691	0.02585	0.02251	0.01502	0.02236	0.01269	0.01492	0.00902	0.00674	0.00669	0.00223	0.01043	0.00521	0.00301	0.01048
58	0.01746	0.01675	0.02861	0.07018	0.68012	0.01688	0.02177	0.02171	0.01614	0.02307	0.01337	0.01768	0.01121	0.00637	0.00705	0.00212	0.00850	0.00634	0.00351	0.01115
59	0.00994	0.00727	0.00932	0.00881	0.01055	0.00666	0.00661	0.01316	0.01982	0.02776	0.64789	0.05450	0.12137	0.01485	0.00840	0.00225	0.00338	0.01306	0.00773	0.00666
60	0.01534	0.01531	0.02218	0.01882	0.01923	0.02092	0.04618	0.01716	0.01121	0.01737	0.01012	0.01643	0.00988	0.01441	0.06106	0.00354	0.66346	0.00641	0.00318	0.00780
61	0.01454	0.07627	0.67572	0.01985	0.03013	0.01718	0.02553	0.02248	0.01500	0.02223	0.01262	0.01484	0.00903	0.00673	0.00664	0.00221	0.01036	0.00518	0.00301	0.01045
62	0.00894	0.00646	0.00846	0.00959	0.01035	0.00598	0.00657	0.01062	0.01505	0.02028	0.17144	0.57417	0.08456	0.02056	0.00892	0.00274	0.00395	0.01852	0.00685	0.00598
63	0.01017	0.00763	0.01144	0.01144	0.01272	0.00890	0.00890	0.01272	0.01144	0.01653	0.01907	0.02797	0.01780	0.05340	0.72153	0.01144	0.01907	0.00763	0.00381	0.00636
64	0.04786	0.02657	0.01930	0.01687	0.02107	0.40887	0.01302	0.16751	0.16065	0.02617	0.01594	0.01651	0.01232	0.00805	0.00668	0.00203	0.01009	0.00566	0.00515	0.00967
65	0.01428	0.03683	0.71286	0.02030	0.03082	0.01654	0.02631	0.02255	0.01503	0.02255	0.01278	0.01503	0.00902	0.00677	0.00677	0.00226	0.01052	0.00526	0.00301	0.01052
66	0.01132	0.00815	0.01126	0.01281	0.01449	0.00808	0.01117	0.01452	0.01638	0.02120	0.03946	0.07972	0.07468	0.01959	0.00976	0.00323	0.00641	0.62468	0.00656	0.00653
67	0.01372	0.00707	0.00712	0.00696	0.00875	0.00714	0.00526	0.03833	0.01554	0.02715	0.02303	0.02624	0.01805	0.00830	0.00505	0.00167	0.00347	0.00663	0.76371	0.00682
68	0.04964	0.07732	0.02110	0.01747	0.02153	0.57983	0.01345	0.09889	0.02102	0.02081	0.01157	0.01318	0.00945	0.00737	0.00632	0.00186	0.01174	0.00471	0.00403	0.00871
69	0.01505	0.15229	0.60411	0.01899	0.02880	0.01841	0.02404	0.02235	0.01494	0.02162	0.01232	0.01445	0.00904	0.00666	0.00641	0.00214	0.01006	0.00503	0.00301	0.01030
70	0.59267	0.06148	0.01356	0.01066	0.01486	0.04958	0.00882	0.05568	0.01425	0.03021	0.05524	0.01477	0.01203	0.00745	0.00563	0.00218	0.03362	0.00470	0.00460	0.00800

[dist]
# distance from previous block
# <min> <max>
0	1

[block]
# block no. 4 follows, 29 sequences, length 68
# corresponding to MSA columns:
# 241-308
name=unknown_E
#
# <colnr> <probs for GDERKNQSTAVLIFYWHMCP>
#	G	D	E	R	K	N	Q	S	T	A	V	L	I	F	Y	W	H	M	C	P
0	0.02365	0.20181	0.02423	0.01640	0.02062	0.39769	0.01330	0.11236	0.01974	0.02087	0.01172	0.01374	0.00985	0.00905	0.03109	0.00220	0.05399	0.00484	0.00395	0.00889
1	0.01327	0.00664	0.00664	0.00664	0.00830	0.00664	0.00498	0.01659	0.01493	0.02655	0.02323	0.02655	0.01825	0.00830	0.00498	0.00166	0.00332	0.00664	0.78928	0.00664
2	0.01048	0.00712	0.00823	0.00842	0.00865	0.00710	0.00501	0.02841	0.01162	0.01550	0.02556	0.18157	0.02964	0.58832	0.03018	0.00599	0.00639	0.01217	0.00484	0.00481
3	0.01477	0.01266	0.01477	0.01055	0.01687	0.00949	0.00844	0.01793	0.01477	0.02320	0.01266	0.01477	0.01055	0.00527	0.00527	0.00105	0.00527	0.00422	0.00422	0.79328
4	0.01904	0.75404	0.03731	0.01218	0.01828	0.02818	0.01218	0.02132	0.01447	0.01675	0.00990	0.01142	0.00914	0.00609	0.00457	0.00152	0.00761	0.00381	0.00305	0.00914
5	0.01771	0.01530	0.01610	0.01449	0.01852	0.01771	0.01127	0.03784	0.69247	0.02979	0.02898	0.02657	0.02174	0.00966	0.00725	0.00242	0.00564	0.00805	0.00725	0.01127
6	0.00955	0.00724	0.00869	0.00834	0.01018	0.00650	0.00619	0.01225	0.01844	0.02487	0.46683	0.05788	0.27173	0.04843	0.00964	0.00250	0.00360	0.01346	0.00728	0.00638
7	0.01771	0.01530	0.01610	0.01449	0.01852	0.01771	0.01127	0.03784	0.69247	0.02979	0.02898	0.02657	0.02174	0.00966	0.00725	0.00242	0.00564	0.00805	0.00725	0.01127
8	0.01017	0.00763	0.01144	0.01144	0.01272	0.00890	0.00890	0.01272	0.01144	0.01653	0.01907	0.02797	0.01780	0.05340	0.72153	0.01144	0.01907	0.00763	0.00381	0.00636
9	0.06639	0.01982	0.02014	0.01590	0.02124	0.05744	0.01299	0.54074	0.10592	0.04108	0.01774	0.01765	0.01281	0.00851	0.00696	0.00216	0.00773	0.00637	0.00682	0.01159
10	0.03121	0.01228	0.01650	0.01276	0.01819	0.01084	0.01051	0.03486	0.05515	0.67506	0.02814	0.02436	0.01784	0.00886	0.00717	0.00221	0.00604	0.00721	0.00873	0.01207
11	0.00881	0.00630	0.00838	0.00983	0.01036	0.00587	0.00662	0.01024	0.01424	0.01915	0.10118	0.68040	0.04897	0.02158	0.00902	0.00283	0.00406	0.01955	0.00672	0.00587
12	0.00874	0.00730	0.00766	0.00779	0.01010	0.00623	0.00598	0.01072	0.01638	0.01973	0.09028	0.06904	0.62356	0.01806	0.00854	0.00247	0.00386	0.07084	0.00665	0.00608
13	0.02616	0.01941	0.02201	0.01688	0.02256	0.02127	0.04812	0.59156	0.06878	0.06332	0.01795	0.01795	0.01275	0.00848	0.00720	0.00217	0.00788	0.00663	0.00700	0.01193
14	0.02757	0.01525	0.01799	0.01422	0.01949	0.01561	0.01161	0.24224	0.15738	0.36296	0.02475	0.02241	0.01667	0.00890	0.00717	0.00222	0.00654	0.00710	0.00796	0.01195
15	0.01030	0.00710	0.00878	0.00878	0.00913	0.00745	0.00558	0.01100	0.01065	0.01456	0.02151	0.04147	0.02366	0.55803	0.22492	0.00815	0.01025	0.00960	0.00418	0.00488
16	0.37773	0.04647	0.06959	0.01207	0.01751	0.01517	0.01079	0.08231	0.01709	0.26307	0.01695	0.01663	0.01163	0.00752	0.00577	0.00217	0.00638	0.00531	0.00598	0.00987
17	0.01762	0.01692	0.02890	0.04371	0.70533	0.01692	0.02185	0.02185	0.01621	0.02326	0.01339	0.01762	0.01128	0.00634	0.00705	0.00211	0.00846	0.00634	0.00352	0.01128
18	0.00868	0.00620	0.00826	0.00991	0.01033	0.00578	0.00661	0.00991	0.01363	0.01818	0.03925	0.74510	0.04710	0.02231	0.00909	0.00289	0.00413	0.02024	0.00661	0.00578
19	0.64328	0.03948	0.04501	0.01101	0.01573	0.08199	0.00946	0.04296	0.01376	0.03012	0.01038	0.01202	0.00809	0.00673	0.00479	0.00215	0.00656	0.00407	0.00432	0.00808
20	0.01372	0.01303	0.02142	0.64141	0.04516	0.01659	0.01924	0.01806	0.01381	0.01806	0.01223	0.01855	0.00947	0.00780	0.00920	0.00247	0.10242	0.00632	0.00316	0.00789
21	0.01975	0.37192	0.05500	0.01446	0.01908	0.15160	0.01301	0.02314	0.05284	0.05374	0.01288	0.01511	0.01099	0.01115	0.06421	0.00266	0.09078	0.00499	0.00376	0.00893
22	0.01843	0.61359	0.11275	0.01319	0.01955	0.05585	0.01362	0.02136	0.01484	0.01754	0.01256	0.01399	0.03458	0.00666	0.00504	0.00165	0.00803	0.00442	0.00320	0.00914
23	0.02450	0.01756	0.01913	0.01489	0.02003	0.01896	0.01214	0.53159	0.02933	0.07504	0.02084	0.02190	0.05145	0.04452	0.02912	0.00260	0.00768	0.00705	0.00683	0.04485
24	0.03175	0.01243	0.01672	0.01282	0.01833	0.01093	0.01059	0.06044	0.02090	0.68380	0.02765	0.02395	0.01741	0.00880	0.00716	0.00220	0.00613	0.00713	0.00875	0.01212
25	0.00862	0.00710	0.00746	0.00759	0.00965	0.00607	0.00554	0.01036	0.01591	0.01937	0.09957	0.13185	0.57486	0.05210	0.00977	0.00265	0.00380	0.01520	0.00657	0.00595
26	0.01430	0.01311	0.02136	0.68761	0.04735	0.01621	0.01938	0.05990	0.01545	0.01987	0.01294	0.01887	0.00966	0.00721	0.00712	0.00236	0.00939	0.00633	0.00341	0.00817
27	0.00868	0.00620	0.00826	0.00991	0.01033	0.00578	0.00661	0.00991	0.01363	0.01818	0.03925	0.74510	0.04710	0.02231	0.00909	0.00289	0.00413	0.02024	0.00661	0.00578
28	0.01036	0.00690	0.00777	0.00777	0.00777	0.00690	0.00431	0.01036	0.01036	0.01381	0.02244	0.04660	0.02589	0.74975	0.03624	0.00690	0.00690	0.01036	0.00431	0.00431
29	0.01824	0.65941	0.09397	0.01285	0.01910	0.02632	0.01325	0.02104	0.01438	0.01724	0.01055	0.01247	0.00951	0.00826	0.03669	0.00203	0.00837	0.00410	0.00308	0.00913
30	0.01428	0.03683	0.71286	0.02030	0.03082	0.01654	0.02631	0.02255	0.01503	0.02255	0.01278	0.01503	0.00902	0.00677	0.00677	0.00226	0.01052	0.00526	0.00301	0.01052
31	0.01147	0.00820	0.01147	0.01311	0.01475	0.00820	0.01147	0.01475	0.01639	0.02131	0.03770	0.08032	0.04098	0.01967	0.00984	0.00328	0.00656	0.65741	0.00656	0.00656
32	0.01710	0.01638	0.02795	0.13028	0.62286	0.01678	0.02159	0.02139	0.01597	0.02263	0.01330	0.01779	0.01105	0.00644	0.00706	0.00215	0.00859	0.00634	0.00348	0.01086
