[name]
unknown

[dist]
# distance from previous block
# <min> <max>
0	17

[block]
# block no. 0 follows, 26 sequences, length 25
# corresponding to MSA columns:
# 17-41
name=unknown_A
#
# <colnr> <probs for GDERKNQSTAVLIFYWHMCP>
#	G	D	E	R	K	N	Q	S	T	A	V	L	I	F	Y	W	H	M	C	P
0	0.01222	0.00873	0.01222	0.01397	0.01572	0.00873	0.01222	0.01572	0.01746	0.02270	0.04016	0.08556	0.04365	0.02095	0.01048	0.00349	0.00698	0.63506	0.00698	0.00698
1	0.02889	0.01420	0.01790	0.01454	0.01973	0.01373	0.01214	0.18523	0.02436	0.41567	0.02889	0.03458	0.02177	0.01137	0.00812	0.00253	0.00701	0.11896	0.00852	0.01185
2	0.12069	0.01646	0.02453	0.03368	0.42989	0.01694	0.01841	0.02580	0.09493	0.07770	0.01840	0.02334	0.01513	0.00821	0.00734	0.00238	0.00793	0.04195	0.00496	0.01130
3	0.01603	0.01522	0.02583	0.45903	0.29509	0.01730	0.02191	0.02087	0.01597	0.02145	0.01378	0.01967	0.01084	0.00727	0.00755	0.00242	0.00969	0.00675	0.00352	0.00980
4	0.02774	0.02060	0.02218	0.01693	0.02306	0.02241	0.01396	0.60737	0.03400	0.04588	0.01782	0.01800	0.01276	0.00881	0.00742	0.00218	0.00812	0.00663	0.00733	0.07677
5	0.01986	0.67979	0.09425	0.01370	0.02058	0.02898	0.01423	0.02282	0.01546	0.01836	0.01080	0.01249	0.00972	0.00655	0.00506	0.00169	0.00837	0.00418	0.00324	0.00986
6	0.01103	0.00735	0.00827	0.00827	0.00827	0.00735	0.00460	0.01103	0.01103	0.01471	0.02390	0.04964	0.02758	0.73343	0.03861	0.00735	0.00735	0.01103	0.00460	0.00460
7	0.03403	0.01291	0.01760	0.01350	0.01936	0.01115	0.01115	0.03697	0.02171	0.69137	0.02992	0.02582	0.01878	0.00939	0.00763	0.00235	0.00645	0.00763	0.00939	0.01291
8	0.01790	0.02046	0.04476	0.03197	0.03964	0.01918	0.65857	0.02430	0.01790	0.02430	0.01535	0.02046	0.01151	0.00639	0.00895	0.00256	0.01279	0.00895	0.00384	0.01023
9	0.01877	0.01802	0.03079	0.04656	0.68612	0.01802	0.02328	0.02328	0.01727	0.02478	0.01427	0.01877	0.01201	0.00676	0.00751	0.00225	0.00901	0.00676	0.00375	0.01201
10	0.00924	0.00660	0.00880	0.01056	0.01100	0.00616	0.00704	0.01056	0.01452	0.01936	0.04181	0.72848	0.05017	0.02376	0.00968	0.00308	0.00440	0.02156	0.00704	0.00616
11	0.00924	0.00660	0.00880	0.01056	0.01100	0.00616	0.00704	0.01056	0.01452	0.01936	0.04181	0.72848	0.05017	0.02376	0.00968	0.00308	0.00440	0.02156	0.00704	0.00616
12	0.01857	0.46118	0.03285	0.01524	0.01931	0.02671	0.01400	0.02076	0.01399	0.01797	0.01085	0.01454	0.01028	0.01133	0.04747	0.00273	0.24467	0.00512	0.00331	0.00911
13	0.02028	0.73799	0.03975	0.01298	0.01947	0.03001	0.01298	0.02271	0.01541	0.01785	0.01055	0.01217	0.00973	0.00649	0.00487	0.00162	0.00811	0.00406	0.00324	0.00973
14	0.00924	0.00660	0.00880	0.01056	0.01100	0.00616	0.00704	0.01056	0.01452	0.01936	0.04181	0.72848	0.05017	0.02376	0.00968	0.00308	0.00440	0.02156	0.00704	0.00616
15	0.01491	0.01408	0.02381	0.62720	0.13567	0.01701	0.02136	0.01989	0.01544	0.02009	0.01359	0.02003	0.01036	0.00747	0.00757	0.00249	0.00997	0.00674	0.00342	0.00890
16	0.01044	0.00750	0.00973	0.01054	0.01159	0.00713	0.00736	0.03722	0.01733	0.02362	0.22255	0.50991	0.05477	0.02084	0.00939	0.00285	0.00432	0.01876	0.00743	0.00671
17	0.01457	0.01374	0.02320	0.67767	0.08782	0.01692	0.02119	0.01960	0.01528	0.01968	0.01353	0.02014	0.01022	0.00754	0.00758	0.00251	0.01005	0.00674	0.00339	0.00863
18	0.01877	0.01802	0.03079	0.04656	0.68612	0.01802	0.02328	0.02328	0.01727	0.02478	0.01427	0.01877	0.01201	0.00676	0.00751	0.00225	0.00901	0.00676	0.00375	0.01201
19	0.01565	0.03615	0.58754	0.02332	0.03395	0.01787	0.13152	0.02407	0.01632	0.02407	0.01390	0.01674	0.00992	0.00707	0.00749	0.00243	0.01147	0.00615	0.00331	0.01105
20	0.01504	0.01469	0.02627	0.58705	0.07878	0.01724	0.11283	0.02026	0.01565	0.02033	0.01378	0.02019	0.01040	0.00738	0.00778	0.00252	0.01045	0.00706	0.00345	0.00885
21	0.01078	0.00787	0.01038	0.01136	0.01290	0.00747	0.00902	0.01360	0.01772	0.02354	0.20119	0.22966	0.12502	0.02009	0.00974	0.00302	0.00518	0.26735	0.00734	0.00676
22	0.03210	0.01466	0.01858	0.01421	0.02016	0.01366	0.01172	0.16525	0.02432	0.52701	0.02673	0.02377	0.01721	0.00915	0.00753	0.00228	0.00681	0.00732	0.00879	0.04875
23	0.10977	0.03780	0.01745	0.01329	0.01860	0.01439	0.01094	0.13476	0.06129	0.37959	0.05534	0.02742	0.06572	0.00999	0.00737	0.00234	0.00643	0.00790	0.00808	0.01155
24	0.05710	0.01741	0.01995	0.01528	0.02128	0.01781	0.01260	0.36408	0.02829	0.27702	0.02178	0.02054	0.01472	0.00886	0.00735	0.00222	0.00737	0.00684	0.00789	0.07160

[dist]
# distance from previous block
# <min> <max>
1	20

[block]
# block no. 1 follows, 26 sequences, length 21
# corresponding to MSA columns:
# 72,73,75-93
name=unknown_B
#
# <colnr> <probs for GDERKNQSTAVLIFYWHMCP>
#	G	D	E	R	K	N	Q	S	T	A	V	L	I	F	Y	W	H	M	C	P
0	0.06261	0.04853	0.02014	0.01490	0.02043	0.01579	0.05833	0.14710	0.11650	0.18621	0.08503	0.02432	0.02064	0.00895	0.00724	0.00215	0.00684	0.00743	0.00696	0.13989
1	0.16347	0.01395	0.01739	0.18941	0.07420	0.01532	0.01345	0.07315	0.09908	0.10897	0.04526	0.02848	0.10750	0.00993	0.00729	0.00244	0.00709	0.00807	0.00590	0.00967
2	0.01979	0.67037	0.10308	0.01381	0.02076	0.02881	0.01443	0.02284	0.01547	0.01844	0.01084	0.01254	0.00972	0.00656	0.00509	0.00170	0.00841	0.00421	0.00324	0.00988
3	0.11363	0.01670	0.01807	0.01665	0.06793	0.09899	0.01244	0.05790	0.08359	0.34344	0.02475	0.02682	0.01808	0.00971	0.00742	0.00240	0.00754	0.05532	0.00735	0.01126
4	0.01191	0.00986	0.01577	0.05845	0.01816	0.01152	0.05389	0.01495	0.01272	0.01821	0.01886	0.02768	0.01730	0.04747	0.56748	0.01034	0.06628	0.00799	0.00395	0.00721
5	0.06869	0.01469	0.01941	0.06316	0.07341	0.01422	0.01309	0.12793	0.02259	0.46519	0.02488	0.02308	0.01626	0.00890	0.00746	0.00234	0.00715	0.00720	0.00805	0.01230
6	0.01583	0.01493	0.01512	0.01428	0.01640	0.14766	0.01105	0.06685	0.01593	0.02024	0.01914	0.06124	0.01792	0.04002	0.44859	0.00857	0.04610	0.00802	0.00443	0.00767
7	0.02543	0.01845	0.02043	0.01595	0.02155	0.01982	0.01305	0.46509	0.06134	0.07477	0.01911	0.01994	0.01410	0.01342	0.07472	0.00313	0.00899	0.00682	0.00700	0.09689
8	0.17143	0.02013	0.02285	0.13002	0.27868	0.15247	0.01742	0.02520	0.06750	0.02512	0.01420	0.01745	0.01140	0.00742	0.00685	0.00228	0.00924	0.00600	0.00422	0.01010
9	0.01733	0.01827	0.03660	0.24919	0.04283	0.01866	0.42187	0.05565	0.01795	0.02394	0.01490	0.02027	0.01113	0.00691	0.00844	0.00253	0.01170	0.00814	0.00388	0.00979
10	0.13844	0.01763	0.01641	0.04458	0.02007	0.10506	0.01161	0.06003	0.31966	0.07862	0.02827	0.02723	0.08059	0.01008	0.00724	0.00243	0.00708	0.00789	0.00663	0.01043
11	0.01201	0.00984	0.01528	0.01382	0.01532	0.01102	0.07170	0.01430	0.01252	0.01772	0.02066	0.06249	0.02077	0.20274	0.39197	0.00895	0.07862	0.00932	0.00423	0.00672
12	0.01707	0.01631	0.02742	0.29453	0.36406	0.01771	0.05358	0.02318	0.06708	0.02326	0.01531	0.02014	0.01213	0.00732	0.00763	0.00240	0.00938	0.00700	0.00392	0.01058
13	0.71391	0.01530	0.01227	0.01070	0.01552	0.01764	0.00881	0.08386	0.01510	0.03536	0.01130	0.01289	0.00867	0.00724	0.00497	0.00234	0.00611	0.00437	0.00497	0.00867
14	0.02584	0.01925	0.02099	0.04552	0.02299	0.02137	0.01358	0.52990	0.07480	0.04235	0.01941	0.02201	0.01489	0.07922	0.01060	0.00280	0.00817	0.00735	0.00713	0.01185
15	0.04852	0.01585	0.02327	0.43971	0.08790	0.04898	0.06125	0.02423	0.12949	0.02280	0.01647	0.02090	0.01250	0.00790	0.00754	0.00248	0.00949	0.00701	0.00426	0.00943
16	0.07937	0.12040	0.23915	0.02323	0.10224	0.07111	0.13524	0.02555	0.01721	0.09547	0.01497	0.01721	0.01113	0.00718	0.00707	0.00227	0.01010	0.00618	0.00422	0.01070
17	0.01734	0.01587	0.01658	0.01647	0.06551	0.07464	0.01190	0.02964	0.35109	0.02690	0.03218	0.07064	0.08711	0.01187	0.00789	0.00246	0.00664	0.06418	0.00663	0.08446
18	0.01858	0.01707	0.02762	0.23522	0.43303	0.01828	0.02169	0.09073	0.01865	0.02571	0.01447	0.01913	0.01156	0.00725	0.00754	0.00233	0.00926	0.00676	0.00406	0.01108
19	0.07234	0.01613	0.01811	0.01763	0.08367	0.03628	0.01257	0.06304	0.36757	0.12536	0.02633	0.05340	0.02018	0.00983	0.00744	0.00242	0.00659	0.00813	0.00709	0.04591
20	0.05625	0.01578	0.01879	0.01797	0.07789	0.07681	0.03899	0.05408	0.06483	0.04745	0.05489	0.15881	0.02275	0.01210	0.01073	0.00247	0.13457	0.00962	0.00541	0.11983

[dist]
# distance from previous block
# <min> <max>
8	56

[block]
# block no. 2 follows, 26 sequences, length 13
# corresponding to MSA columns:
# 152-164
name=unknown_C
#
# <colnr> <probs for GDERKNQSTAVLIFYWHMCP>
#	G	D	E	R	K	N	Q	S	T	A	V	L	I	F	Y	W	H	M	C	P
0	0.22751	0.02108	0.14937	0.08693	0.02567	0.06419	0.08540	0.07591	0.04063	0.02817	0.04943	0.02336	0.07413	0.00888	0.00701	0.00239	0.00855	0.00714	0.00485	0.00939
1	0.01644	0.13814	0.48080	0.02223	0.03211	0.01971	0.13994	0.02388	0.01627	0.02317	0.01348	0.01626	0.00997	0.00695	0.00718	0.00232	0.01104	0.00598	0.00332	0.01082
2	0.06273	0.04159	0.01820	0.01419	0.01904	0.07294	0.01144	0.16408	0.09215	0.26884	0.10797	0.02700	0.02346	0.03167	0.00843	0.00245	0.00710	0.00792	0.00765	0.01114
3	0.02946	0.02023	0.02214	0.01697	0.02302	0.02202	0.01402	0.58506	0.03397	0.12596	0.01963	0.01913	0.01361	0.00914	0.00759	0.00228	0.00812	0.00693	0.00781	0.01290
4	0.15324	0.02943	0.05311	0.02090	0.09673	0.42195	0.01517	0.08077	0.02052	0.02456	0.01245	0.01452	0.01002	0.00765	0.00664	0.00210	0.01129	0.00516	0.00430	0.00952
5	0.01790	0.02046	0.04476	0.03197	0.03964	0.01918	0.65857	0.02430	0.01790	0.02430	0.01535	0.02046	0.01151	0.00639	0.00895	0.00256	0.01279	0.00895	0.00384	0.01023
6	0.00934	0.00764	0.00832	0.00875	0.01092	0.00661	0.00662	0.01134	0.01691	0.02056	0.06798	0.16903	0.52537	0.02005	0.00922	0.00273	0.00425	0.08092	0.00704	0.00643
7	0.01063	0.00775	0.00999	0.00943	0.01127	0.00711	0.00707	0.01411	0.02122	0.02982	0.64584	0.05764	0.10821	0.01573	0.00895	0.00240	0.00359	0.01385	0.00827	0.00711
8	0.01915	0.01466	0.01888	0.01401	0.02041	0.01260	0.06434	0.05312	0.09183	0.11007	0.01788	0.01892	0.01363	0.00684	0.00648	0.00161	0.00649	0.00583	0.00556	0.49769
9	0.01087	0.00798	0.01144	0.01144	0.01254	0.00907	0.00855	0.01306	0.01197	0.01705	0.02100	0.03359	0.02061	0.18630	0.57622	0.01127	0.01784	0.00868	0.00417	0.00636
10	0.52090	0.01452	0.01424	0.09788	0.02039	0.01674	0.01075	0.02465	0.05991	0.10480	0.01447	0.01610	0.01074	0.00787	0.00647	0.00243	0.03766	0.00525	0.00521	0.00903
11	0.11152	0.01600	0.02214	0.28539	0.17521	0.01826	0.01767	0.10095	0.12745	0.02779	0.01676	0.02006	0.01280	0.00797	0.00724	0.00242	0.00846	0.00674	0.00484	0.01031
12	0.70113	0.09569	0.01435	0.01031	0.01521	0.01847	0.00875	0.02234	0.01319	0.03222	0.01056	0.01230	0.00838	0.00698	0.00471	0.00227	0.00612	0.00410	0.00453	0.00838

[dist]
# distance from previous block
# <min> <max>
2	8

[block]
# block no. 3 follows, 26 sequences, length 15
# corresponding to MSA columns:
# 173-187
name=unknown_D
#
# <colnr> <probs for GDERKNQSTAVLIFYWHMCP>
#	G	D	E	R	K	N	Q	S	T	A	V	L	I	F	Y	W	H	M	C	P
0	0.42833	0.01202	0.01129	0.01014	0.01399	0.01279	0.00808	0.02085	0.01612	0.11278	0.14734	0.06916	0.08872	0.01105	0.00655	0.00242	0.00523	0.00849	0.00632	0.00831
1	0.05115	0.66422	0.03744	0.01328	0.01953	0.07279	0.01290	0.02318	0.01570	0.01853	0.01062	0.01227	0.00968	0.00660	0.00499	0.00167	0.00838	0.00411	0.00334	0.00961
2	0.01258	0.00759	0.01004	0.01093	0.01218	0.00701	0.00772	0.01420	0.01554	0.10279	0.04067	0.54495	0.06788	0.05490	0.01081	0.00320	0.00494	0.05789	0.00721	0.00699
3	0.02697	0.02014	0.02176	0.01657	0.02273	0.02161	0.01364	0.56942	0.03282	0.04452	0.01754	0.01786	0.01266	0.00861	0.00731	0.00211	0.00796	0.00650	0.00715	0.12213
4	0.01290	0.01008	0.01506	0.05119	0.11948	0.01015	0.01344	0.01639	0.01725	0.02298	0.07539	0.14123	0.03970	0.01812	0.00970	0.00314	0.00694	0.40269	0.00641	0.00774
5	0.03403	0.01291	0.01760	0.01350	0.01936	0.01115	0.01115	0.03697	0.02171	0.69137	0.02992	0.02582	0.01878	0.00939	0.00763	0.00235	0.00645	0.00763	0.00939	0.01291
6	0.00920	0.00676	0.00864	0.01015	0.01089	0.00620	0.00686	0.01061	0.01492	0.01952	0.04680	0.63512	0.14031	0.02311	0.00958	0.00301	0.00432	0.02077	0.00704	0.00620
7	0.02687	0.01371	0.01690	0.01395	0.01876	0.01349	0.01114	0.11128	0.15063	0.38582	0.03035	0.12544	0.02338	0.01158	0.00793	0.00249	0.00631	0.00970	0.00850	0.01177
8	0.01056	0.00726	0.00889	0.00933	0.00960	0.00732	0.00581	0.01123	0.01204	0.01622	0.02789	0.21518	0.03210	0.47384	0.11394	0.00690	0.00823	0.01328	0.00514	0.00525
9	0.03246	0.01258	0.01698	0.01313	0.01879	0.01085	0.01081	0.03533	0.02143	0.64928	0.03287	0.02878	0.06045	0.01000	0.00771	0.00236	0.00629	0.00815	0.00924	0.01250
10	0.00945	0.00701	0.00842	0.00942	0.01036	0.00642	0.00631	0.01072	0.01470	0.01892	0.04833	0.44371	0.21630	0.13643	0.01413	0.00363	0.00472	0.01838	0.00665	0.00597
11	0.01623	0.12327	0.52044	0.02202	0.03214	0.01938	0.11597	0.02390	0.01621	0.02329	0.01348	0.01617	0.00989	0.00700	0.00716	0.00233	0.01105	0.00589	0.00330	0.01089
12	0.02833	0.03615	0.02149	0.01954	0.02345	0.70298	0.01466	0.03029	0.02149	0.01856	0.01172	0.01368	0.00977	0.00782	0.00684	0.00195	0.01368	0.00489	0.00391	0.00879
13	0.46697	0.01533	0.01521	0.09918	0.02133	0.01736	0.01118	0.11528	0.04599	0.10642	0.01502	0.01632	0.01093	0.00780	0.00592	0.00237	0.00682	0.00540	0.00559	0.00959
14	0.70220	0.01454	0.01210	0.05540	0.01724	0.01669	0.00908	0.02196	0.01318	0.03267	0.01088	0.01299	0.00847	0.00701	0.00492	0.00230	0.00613	0.00429	0.00460	0.04334

[dist]
# distance from previous block
# <min> <max>
5	11

[block]
# block no. 4 follows, 26 sequences, length 19
# corresponding to MSA columns:
# 202-220
name=unknown_E
#
# <colnr> <probs for GDERKNQSTAVLIFYWHMCP>
#	G	D	E	R	K	N	Q	S	T	A	V	L	I	F	Y	W	H	M	C	P
0	0.12129	0.10402	0.02160	0.01585	0.02099	0.23673	0.01284	0.16258	0.05533	0.15304	0.01717	0.01730	0.01259	0.00826	0.00670	0.00214	0.00924	0.00580	0.00592	0.01062
1	0.02485	0.01783	0.01976	0.01532	0.02113	0.01845	0.01246	0.38961	0.08202	0.09746	0.02026	0.04851	0.01545	0.00909	0.00727	0.00209	0.00724	0.00715	0.00707	0.17701
2	0.01072	0.00807	0.01013	0.01053	0.01254	0.00748	0.00851	0.01377	0.01881	0.02472	0.27477	0.07170	0.24662	0.01853	0.00949	0.00283	0.00485	0.23161	0.00748	0.00687
3	0.01013	0.00743	0.00947	0.01076	0.01192	0.00699	0.00801	0.01205	0.01556	0.02011	0.04653	0.38015	0.16505	0.07730	0.01201	0.00343	0.00522	0.18476	0.00684	0.00631
4	0.26192	0.04318	0.01970	0.04791	0.04156	0.07991	0.04394	0.16687	0.13310	0.06619	0.01728	0.01810	0.01289	0.00820	0.00662	0.00233	0.00786	0.00615	0.00583	0.01045
5	0.01087	0.00729	0.00832	0.00848	0.00851	0.00725	0.00481	0.01099	0.01134	0.01512	0.02549	0.10988	0.02958	0.67045	0.03604	0.00697	0.00709	0.01197	0.00481	0.00473
6	0.00924	0.00660	0.00880	0.01056	0.01100	0.00616	0.00704	0.01056	0.01452	0.01936	0.04181	0.72848	0.05017	0.02376	0.00968	0.00308	0.00440	0.02156	0.00704	0.00616
7	0.01898	0.02102	0.02824	0.06596	0.02749	0.14902	0.17631	0.02208	0.01525	0.01989	0.01185	0.01724	0.01032	0.01019	0.01647	0.00282	0.36754	0.00689	0.00356	0.00888
8	0.01836	0.05673	0.13335	0.02794	0.03529	0.07284	0.45058	0.02428	0.01742	0.02315	0.01427	0.01869	0.01093	0.00705	0.00933	0.00249	0.05570	0.00780	0.00369	0.01012
9	0.00987	0.00765	0.00858	0.00867	0.01049	0.00684	0.00629	0.01184	0.01686	0.02143	0.17690	0.09947	0.38425	0.14210	0.01421	0.00344	0.00462	0.05339	0.00686	0.00626
10	0.63602	0.01766	0.01332	0.01170	0.01642	0.09477	0.00948	0.07845	0.01584	0.03348	0.01135	0.01298	0.00880	0.00731	0.00519	0.00230	0.00696	0.00443	0.00486	0.00869
11	0.01608	0.01595	0.02906	0.42178	0.19719	0.01759	0.15020	0.02128	0.01621	0.02163	0.01404	0.01993	0.01084	0.00715	0.00784	0.00247	0.01040	0.00719	0.00355	0.00963
12	0.23945	0.01405	0.01977	0.47723	0.07230	0.01696	0.01743	0.02042	0.01461	0.02391	0.01267	0.01785	0.00965	0.00739	0.00674	0.00246	0.00882	0.00598	0.00377	0.00854
13	0.02686	0.02063	0.02384	0.01835	0.02435	0.02266	0.06420	0.54153	0.10594	0.04417	0.01941	0.01952	0.01395	0.00903	0.00771	0.00233	0.00843	0.00719	0.00731	0.01259
14	0.03340	0.00807	0.01065	0.02988	0.01404	0.00795	0.00948	0.01352	0.01603	0.02150	0.06430	0.32029	0.08457	0.05036	0.01095	0.00334	0.00575	0.28249	0.00680	0.00662
15	0.16302	0.34335	0.14812	0.01681	0.02378	0.06627	0.09876	0.02354	0.01575	0.02284	0.01178	0.01404	0.00966	0.00679	0.00590	0.00204	0.00919	0.00502	0.00363	0.00971
16	0.01269	0.01403	0.09261	0.04010	0.01832	0.03432	0.06812	0.01662	0.04700	0.02002	0.03356	0.08483	0.15876	0.17054	0.12735	0.00514	0.00971	0.03374	0.00511	0.00742
17	0.31186	0.01789	0.01665	0.09128	0.02192	0.08372	0.01194	0.20809	0.04523	0.03432	0.01522	0.01704	0.01148	0.00805	0.00622	0.00227	0.00760	0.00569	0.07383	0.00969
18	0.01693	0.01560	0.02581	0.11340	0.38968	0.01602	0.05875	0.04540	0.04021	0.02491	0.05325	0.08836	0.02056	0.00987	0.00807	0.00247	0.00843	0.04710	0.00472	0.01045

[dist]
# distance from previous block
# <min> <max>
5	16

[block]
# block no. 5 follows, 26 sequences, length 33
# corresponding to MSA columns:
# 239-265,267-272
name=unknown_F
#
# <colnr> <probs for GDERKNQSTAVLIFYWHMCP>
#	G	D	E	R	K	N	Q	S	T	A	V	L	I	F	Y	W	H	M	C	P
0	0.02010	0.01832	0.03292	0.11687	0.03454	0.04311	0.36066	0.08958	0.01952	0.09457	0.01734	0.02126	0.01281	0.00995	0.04507	0.00296	0.01144	0.00804	0.03073	0.01020
1	0.01506	0.01111	0.01394	0.01201	0.01393	0.01143	0.05246	0.14585	0.01739	0.02338	0.06245	0.07861	0.02730	0.45207	0.02681	0.00544	0.00755	0.01076	0.00552	0.00694
2	0.01694	0.01409	0.01611	0.01226	0.01824	0.01211	0.00972	0.08643	0.08556	0.02743	0.01774	0.06694	0.01535	0.00772	0.00632	0.00153	0.00585	0.00634	0.00532	0.56799
3	0.02318	0.02172	0.01941	0.01620	0.02130	0.17676	0.01274	0.20021	0.23871	0.03178	0.02007	0.02006	0.01527	0.00860	0.00712	0.00210	0.00834	0.00655	0.00625	0.14364
4	0.01210	0.01035	0.01074	0.01147	0.01280	0.07891	0.00838	0.01408	0.01656	0.02098	0.12749	0.32830	0.09556	0.09460	0.01240	0.00335	0.00596	0.12279	0.00663	0.00657
5	0.02317	0.01731	0.01896	0.01525	0.02009	0.01894	0.01239	0.45063	0.06287	0.03985	0.07133	0.02821	0.08678	0.01559	0.07975	0.00335	0.00867	0.00847	0.00723	0.01115
6	0.01861	0.01890	0.02451	0.01994	0.02254	0.08955	0.08988	0.06221	0.01547	0.02179	0.01178	0.01674	0.01048	0.01061	0.01748	0.00273	0.42298	0.00645	0.00388	0.11347
7	0.00984	0.00732	0.00901	0.00938	0.01079	0.00666	0.00664	0.01206	0.01754	0.02347	0.28785	0.28665	0.20202	0.06206	0.01097	0.00296	0.00414	0.01673	0.00738	0.00649
8	0.01677	0.01712	0.02615	0.02155	0.02259	0.02268	0.10363	0.01907	0.01247	0.01907	0.01069	0.01712	0.01017	0.01234	0.02273	0.00322	0.62373	0.00695	0.00339	0.00856
9	0.00924	0.00766	0.00809	0.00807	0.01044	0.00651	0.00602	0.01139	0.01782	0.02195	0.16689	0.09388	0.56826	0.01881	0.00899	0.00255	0.00382	0.01586	0.00724	0.00651
10	0.02125	0.06560	0.17681	0.03021	0.28375	0.24792	0.02093	0.02576	0.01831	0.02217	0.01308	0.01611	0.01061	0.00720	0.00708	0.00215	0.01102	0.00573	0.00366	0.01064
11	0.01554	0.08483	0.65143	0.02106	0.03196	0.01842	0.02704	0.02394	0.01597	0.02362	0.01341	0.01576	0.00962	0.00716	0.00705	0.00235	0.01101	0.00550	0.00321	0.01111
12	0.00925	0.00770	0.00809	0.00799	0.01042	0.00653	0.00599	0.01145	0.01797	0.02212	0.17607	0.07032	0.58280	0.01860	0.00896	0.00253	0.00380	0.01563	0.00726	0.00653
13	0.02883	0.02125	0.02276	0.01745	0.02352	0.02352	0.01442	0.66082	0.03566	0.04780	0.01821	0.01821	0.01290	0.00911	0.00759	0.00228	0.00835	0.00683	0.00759	0.01290
14	0.01793	0.01716	0.02926	0.17390	0.56539	0.01780	0.02286	0.02254	0.01687	0.02375	0.01412	0.01905	0.01165	0.00692	0.00752	0.00231	0.00922	0.00675	0.00368	0.01133
15	0.78701	0.01467	0.01115	0.00997	0.01467	0.01702	0.00821	0.02230	0.01291	0.03403	0.01056	0.01232	0.00821	0.00704	0.00469	0.00235	0.00587	0.00411	0.00469	0.00821
16	0.02748	0.01151	0.01519	0.01213	0.01703	0.00995	0.00985	0.03031	0.02096	0.51208	0.10601	0.03679	0.13321	0.01164	0.00799	0.00239	0.00572	0.00964	0.00889	0.01124
17	0.01766	0.01974	0.04075	0.02973	0.03597	0.01994	0.53908	0.02317	0.01673	0.02317	0.01434	0.01974	0.01122	0.00767	0.01192	0.00270	0.14434	0.00852	0.00374	0.00987
18	0.01942	0.01925	0.03016	0.04473	0.64133	0.06431	0.02270	0.02375	0.01756	0.02436	0.01410	0.01843	0.01186	0.00683	0.00746	0.00223	0.00933	0.00663	0.00376	0.01180
19	0.00922	0.00667	0.00873	0.01037	0.01095	0.00618	0.00696	0.01058	0.01470	0.01944	0.04409	0.68571	0.09146	0.02347	0.00963	0.00305	0.00436	0.02120	0.00704	0.00618
20	0.02833	0.03615	0.02149	0.01954	0.02345	0.70298	0.01466	0.03029	0.02149	0.01856	0.01172	0.01368	0.00977	0.00782	0.00684	0.00195	0.01368	0.00489	0.00391	0.00879
21	0.01781	0.02020	0.04330	0.03115	0.03831	0.01946	0.61518	0.02389	0.01748	0.02389	0.01498	0.02020	0.01140	0.00686	0.01003	0.00261	0.06055	0.00880	0.00380	0.01010
22	0.00896	0.00768	0.00768	0.00768	0.01025	0.00640	0.00576	0.01089	0.01729	0.02049	0.07684	0.07300	0.68304	0.01921	0.00896	0.00256	0.00384	0.01601	0.00704	0.00640
23	0.00919	0.00679	0.00861	0.01007	0.01087	0.00620	0.00682	0.01062	0.01500	0.01956	0.04784	0.61567	0.15908	0.02298	0.00956	0.00299	0.00430	0.02061	0.00704	0.00620
24	0.01640	0.01586	0.02503	0.45748	0.24786	0.04379	0.02122	0.02168	0.03695	0.02143	0.01421	0.01977	0.01111	0.00742	0.00754	0.00242	0.00978	0.00673	0.00365	0.00967
25	0.03266	0.01321	0.01756	0.01367	0.01940	0.01184	0.01123	0.03727	0.08043	0.63184	0.03001	0.02604	0.01917	0.00947	0.00764	0.00237	0.00641	0.00771	0.00924	0.01283
26	0.01408	0.00704	0.00724	0.00724	0.00890	0.00704	0.00538	0.01721	0.01555	0.02738	0.02405	0.02797	0.01907	0.00988	0.00676	0.04824	0.00372	0.00704	0.72938	0.00684
27	0.02825	0.02095	0.02243	0.01733	0.02330	0.02325	0.01427	0.62424	0.07320	0.04686	0.01896	0.01881	0.01350	0.00918	0.00760	0.00229	0.00821	0.00693	0.00760	0.01285
28	0.05273	0.03354	0.02128	0.05475	0.02449	0.61947	0.01484	0.02901	0.02051	0.01911	0.01171	0.01408	0.00974	0.00798	0.00748	0.00205	0.03960	0.00502	0.00389	0.00874
29	0.78701	0.01467	0.01115	0.00997	0.01467	0.01702	0.00821	0.02230	0.01291	0.03403	0.01056	0.01232	0.00821	0.00704	0.00469	0.00235	0.00587	0.00411	0.00469	0.00821
30	0.01188	0.00800	0.01007	0.01066	0.01211	0.00751	0.00754	0.04699	0.01709	0.06228	0.10851	0.50472	0.12222	0.02076	0.00929	0.00286	0.00458	0.01851	0.00734	0.00705
31	0.02801	0.07026	0.02272	0.01876	0.02325	0.52780	0.01452	0.15938	0.02408	0.02453	0.01299	0.01453	0.01041	0.00801	0.00689	0.00200	0.01229	0.00524	0.00463	0.00969
32	0.01169	0.00895	0.00955	0.00974	0.01052	0.04281	0.00647	0.01277	0.01402	0.01812	0.09512	0.11967	0.07915	0.43487	0.02634	0.00545	0.00674	0.07684	0.00558	0.00558

[dist]
# distance from previous block
# <min> <max>
0	2

[block]
# block no. 6 follows, 26 sequences, length 8
# corresponding to MSA columns:
# 275-282
name=unknown_G
#
# <colnr> <probs for GDERKNQSTAVLIFYWHMCP>
#	G	D	E	R	K	N	Q	S	T	A	V	L	I	F	Y	W	H	M	C	P
0	0.28858	0.44185	0.02863	0.01234	0.01804	0.06719	0.01142	0.02304	0.01491	0.02354	0.01062	0.01232	0.00921	0.00676	0.00493	0.00190	0.00767	0.00413	0.00379	0.00914
1	0.01671	0.01804	0.09660	0.35558	0.18456	0.01778	0.02065	0.05064	0.11703	0.02415	0.01652	0.02059	0.01259	0.00784	0.00755	0.00245	0.00929	0.00691	0.00428	0.01026
2	0.09956	0.01555	0.01386	0.01326	0.01553	0.17857	0.01010	0.01859	0.01462	0.01992	0.01760	0.02517	0.01613	0.08029	0.38448	0.00786	0.01555	0.00704	0.03904	0.00730
3	0.02602	0.01936	0.02101	0.01629	0.02203	0.02083	0.01330	0.54494	0.03200	0.04328	0.01937	0.06839	0.01537	0.00977	0.00752	0.00221	0.00777	0.00762	0.00721	0.09572
4	0.00912	0.00769	0.00789	0.00784	0.01034	0.00647	0.00588	0.01118	0.01765	0.02134	0.12843	0.07160	0.63091	0.01889	0.00896	0.00255	0.00382	0.01581	0.00715	0.00647
5	0.01615	0.03270	0.46799	0.02522	0.03520	0.01816	0.24761	0.02412	0.01667	0.02412	0.01422	0.01756	0.01027	0.00692	0.00781	0.00246	0.01176	0.00677	0.00342	0.01087
6	0.01076	0.00753	0.00831	0.00815	0.00996	0.00688	0.00586	0.01314	0.01717	0.02377	0.21935	0.05635	0.29076	0.12536	0.01277	0.00309	0.00425	0.01289	0.15719	0.00646
7	0.67193	0.01440	0.01213	0.01051	0.01539	0.01612	0.00866	0.02454	0.01425	0.13450	0.01352	0.01438	0.00983	0.00740	0.00514	0.00235	0.00596	0.00465	0.00541	0.00893

[dist]
# distance from previous block
# <min> <max>
0	1

[block]
# block no. 7 follows, 26 sequences, length 22
# corresponding to MSA columns:
# 284-305
name=unknown_H
#
# <colnr> <probs for GDERKNQSTAVLIFYWHMCP>
#	G	D	E	R	K	N	Q	S	T	A	V	L	I	F	Y	W	H	M	C	P
0	0.01823	0.05971	0.16553	0.07460	0.27264	0.05793	0.15574	0.02470	0.05294	0.02387	0.01489	0.01856	0.01167	0.00706	0.00760	0.00233	0.01037	0.00684	0.00384	0.01096
1	0.01592	0.06352	0.54679	0.02321	0.03357	0.01840	0.14522	0.02402	0.01634	0.02383	0.01381	0.01669	0.00997	0.00703	0.00744	0.00240	0.01138	0.00617	0.00332	0.01097
2	0.00971	0.00724	0.00973	0.01116	0.01157	0.00726	0.00765	0.01106	0.01434	0.01929	0.03976	0.68275	0.04758	0.02309	0.01066	0.00310	0.05034	0.02060	0.00680	0.00630
3	0.01036	0.00722	0.00979	0.01139	0.01215	0.00694	0.00836	0.01197	0.01495	0.01977	0.03908	0.48607	0.04545	0.04824	0.01207	0.04774	0.00535	0.19024	0.00672	0.00617
4	0.01781	0.02353	0.19837	0.03919	0.47312	0.01801	0.07261	0.02354	0.01700	0.02455	0.01418	0.01821	0.01137	0.00684	0.00754	0.00231	0.00985	0.00663	0.00362	0.01168
5	0.78701	0.01467	0.01115	0.00997	0.01467	0.01702	0.00821	0.02230	0.01291	0.03403	0.01056	0.01232	0.00821	0.00704	0.00469	0.00235	0.00587	0.00411	0.00469	0.00821
6	0.03403	0.01291	0.01760	0.01350	0.01936	0.01115	0.01115	0.03697	0.02171	0.69137	0.02992	0.02582	0.01878	0.00939	0.00763	0.00235	0.00645	0.00763	0.00939	0.01291
7	0.01129	0.00859	0.01077	0.01166	0.01376	0.00822	0.00975	0.01491	0.04080	0.02284	0.09665	0.07741	0.25384	0.01963	0.00978	0.00308	0.00568	0.36724	0.00713	0.00698
8	0.01872	0.52261	0.24145	0.01564	0.02359	0.02619	0.01762	0.02312	0.01560	0.01975	0.01149	0.01335	0.00970	0.00671	0.00559	0.00186	0.00907	0.00453	0.00323	0.01019
9	0.00924	0.00660	0.00880	0.01056	0.01100	0.00616	0.00704	0.01056	0.01452	0.01936	0.04181	0.72848	0.05017	0.02376	0.00968	0.00308	0.00440	0.02156	0.00704	0.00616
10	0.01543	0.03775	0.64288	0.02244	0.03337	0.01774	0.07779	0.02404	0.01616	0.02404	0.01375	0.01637	0.00976	0.00714	0.00734	0.00241	0.01133	0.00587	0.00325	0.01113
11	0.01604	0.03345	0.49397	0.02481	0.03493	0.01810	0.22238	0.02411	0.01660	0.02411	0.01415	0.01738	0.01019	0.00696	0.00774	0.00245	0.01170	0.00664	0.00340	0.01091
12	0.02883	0.02125	0.02276	0.01745	0.02352	0.02352	0.01442	0.66082	0.03566	0.04780	0.01821	0.01821	0.01290	0.00911	0.00759	0.00228	0.00835	0.00683	0.00759	0.01290
13	0.00924	0.00660	0.00880	0.01056	0.01100	0.00616	0.00704	0.01056	0.01452	0.01936	0.04181	0.72848	0.05017	0.02376	0.00968	0.00308	0.00440	0.02156	0.00704	0.00616
14	0.01468	0.01384	0.02338	0.66243	0.10227	0.01694	0.02124	0.01969	0.01533	0.01981	0.01354	0.02011	0.01026	0.00752	0.00758	0.00251	0.01002	0.00674	0.00340	0.00871
15	0.01124	0.00803	0.01109	0.01284	0.01416	0.00788	0.01051	0.01401	0.01649	0.02160	0.04070	0.29770	0.04580	0.02188	0.01021	0.00336	0.00613	0.43263	0.00700	0.00671
16	0.00924	0.00660	0.00880	0.01056	0.01100	0.00616	0.00704	0.01056	0.01452	0.01936	0.04181	0.72848	0.05017	0.02376	0.00968	0.00308	0.00440	0.02156	0.00704	0.00616
17	0.01074	0.00775	0.01014	0.00954	0.01133	0.00716	0.00716	0.01431	0.02147	0.03042	0.68211	0.05666	0.07157	0.01551	0.00895	0.00239	0.00358	0.01372	0.00835	0.00716
18	0.02430	0.34762	0.02978	0.01651	0.02153	0.33656	0.01397	0.06248	0.01919	0.01990	0.01150	0.01338	0.00994	0.00752	0.00673	0.00188	0.03928	0.00470	0.00380	0.00943
19	0.00951	0.00711	0.00891	0.01022	0.01134	0.00651	0.00731	0.01123	0.01555	0.02002	0.05042	0.49128	0.20831	0.02230	0.00959	0.00300	0.00455	0.08949	0.00704	0.00631
20	0.01772	0.02124	0.07629	0.03097	0.03851	0.01927	0.60119	0.02404	0.01755	0.02404	0.01504	0.02008	0.01135	0.00671	0.00951	0.00258	0.04125	0.00869	0.00378	0.01020
21	0.01714	0.06915	0.44749	0.02363	0.03316	0.07056	0.18456	0.02450	0.01687	0.02337	0.01375	0.01676	0.01010	0.00701	0.00750	0.00237	0.01164	0.00631	0.00342	0.01071

[dist]
# distance from previous block
# <min> <max>
0	2

[block]
# block no. 8 follows, 26 sequences, length 21
# corresponding to MSA columns:
# 308-315,318-330
name=unknown_I
#
# <colnr> <probs for GDERKNQSTAVLIFYWHMCP>
#	G	D	E	R	K	N	Q	S	T	A	V	L	I	F	Y	W	H	M	C	P
0	0.02883	0.02125	0.02276	0.01745	0.02352	0.02352	0.01442	0.66082	0.03566	0.04780	0.01821	0.01821	0.01290	0.00911	0.00759	0.00228	0.00835	0.00683	0.00759	0.01290
1	0.01648	0.18101	0.50438	0.02073	0.03067	0.02029	0.07881	0.02378	0.01605	0.02278	0.01313	0.01560	0.00980	0.00699	0.00688	0.00226	0.01071	0.00557	0.00327	0.01082
2	0.01493	0.01434	0.01638	0.04478	0.01760	0.10773	0.01198	0.01702	0.01329	0.01763	0.01653	0.02610	0.01598	0.11941	0.31608	0.00742	0.20406	0.00758	0.00388	0.00726
3	0.01344	0.01052	0.01276	0.01323	0.01565	0.01105	0.01079	0.02167	0.20260	0.02519	0.07865	0.12495	0.09984	0.01771	0.00939	0.00304	0.00598	0.30795	0.00728	0.00829
4	0.01406	0.01189	0.01437	0.01571	0.10555	0.01203	0.01037	0.05421	0.17692	0.02709	0.16900	0.04888	0.28160	0.01413	0.00839	0.00247	0.00525	0.01204	0.00703	0.00900
5	0.05565	0.02071	0.02305	0.02485	0.19874	0.10846	0.01613	0.21375	0.16521	0.03227	0.01832	0.01963	0.01414	0.00870	0.00828	0.00235	0.04568	0.00681	0.00577	0.01150
6	0.01843	0.01641	0.02367	0.02199	0.15563	0.01477	0.10114	0.10852	0.01906	0.02783	0.01454	0.01732	0.01166	0.00643	0.00672	0.00170	0.00765	0.00588	0.00468	0.41597
7	0.01767	0.01980	0.03964	0.16020	0.04134	0.04739	0.51145	0.02362	0.01754	0.02313	0.01484	0.02013	0.01117	0.00668	0.00861	0.00253	0.01232	0.00836	0.00375	0.00983
8	0.01817	0.01683	0.02466	0.46054	0.09917	0.05478	0.05705	0.13139	0.01938	0.02500	0.01438	0.01942	0.01082	0.00772	0.00762	0.00243	0.01006	0.00679	0.00419	0.00963
9	0.01811	0.01755	0.03055	0.13680	0.56019	0.01793	0.06182	0.02281	0.01702	0.02401	0.01423	0.01907	0.01172	0.00685	0.00761	0.00231	0.00939	0.00689	0.00371	0.01142
10	0.02643	0.02917	0.02081	0.01828	0.02268	0.43127	0.01405	0.15040	0.16170	0.02682	0.01698	0.01762	0.01318	0.00858	0.00717	0.00215	0.01106	0.00603	0.00540	0.01024
11	0.01463	0.01391	0.02282	0.62043	0.04783	0.01772	0.02046	0.01923	0.01468	0.01923	0.01300	0.01973	0.01009	0.00836	0.00994	0.00264	0.10681	0.00673	0.00336	0.00841
12	0.00915	0.00744	0.00795	0.00831	0.01028	0.00641	0.00595	0.01083	0.01634	0.01991	0.06647	0.20494	0.51419	0.06381	0.01092	0.00296	0.00417	0.01683	0.00689	0.00624
13	0.01771	0.01581	0.02161	0.02701	0.28375	0.01692	0.01582	0.02995	0.32216	0.02878	0.11386	0.02841	0.02538	0.00960	0.00780	0.00242	0.00687	0.00856	0.00623	0.01134
14	0.00924	0.00660	0.00880	0.01056	0.01100	0.00616	0.00704	0.01056	0.01452	0.01936	0.04181	0.72848	0.05017	0.02376	0.00968	0.00308	0.00440	0.02156	0.00704	0.00616
15	0.00920	0.00675	0.00865	0.01017	0.01090	0.00619	0.00687	0.01061	0.01490	0.01952	0.04658	0.63914	0.13643	0.02314	0.00958	0.00301	0.00432	0.02081	0.00704	0.00619
16	0.01751	0.35671	0.39681	0.01769	0.02676	0.02325	0.02119	0.02343	0.01574	0.02122	0.01222	0.01427	0.00967	0.00688	0.00614	0.00205	0.00980	0.00490	0.00322	0.01054
17	0.04343	0.19874	0.48120	0.01912	0.02859	0.06052	0.02311	0.02403	0.01609	0.02262	0.01269	0.01487	0.00960	0.00707	0.00656	0.00219	0.01046	0.00516	0.00330	0.01063
18	0.02211	0.43073	0.11912	0.01613	0.02243	0.23599	0.01545	0.02522	0.01737	0.01887	0.01131	0.01313	0.00973	0.00699	0.00578	0.00183	0.01023	0.00451	0.00344	0.00964
19	0.18557	0.16765	0.36224	0.01725	0.02551	0.07842	0.01968	0.02393	0.01569	0.02455	0.01220	0.01427	0.00934	0.00708	0.00618	0.00220	0.00966	0.00492	0.00360	0.01007
20	0.01968	0.57882	0.16090	0.01477	0.02212	0.02744	0.01584	0.04884	0.01635	0.02021	0.01143	0.01313	0.00984	0.00673	0.00541	0.00179	0.00870	0.00446	0.00341	0.01014

[dist]
# distance from previous block
# <min> <max>
1	22

[block]
# block no. 9 follows, 26 sequences, length 8
# corresponding to MSA columns:
# 353-360
name=unknown_J
#
# <colnr> <probs for GDERKNQSTAVLIFYWHMCP>
#	G	D	E	R	K	N	Q	S	T	A	V	L	I	F	Y	W	H	M	C	P
0	0.02462	0.02681	0.23043	0.01874	0.02640	0.02170	0.01863	0.46385	0.02959	0.04045	0.01679	0.01753	0.01188	0.00852	0.00747	0.00232	0.00923	0.00645	0.00623	0.01238
1	0.01211	0.01713	0.22049	0.01267	0.01619	0.01039	0.01214	0.01499	0.01299	0.01814	0.02286	0.12039	0.02472	0.42396	0.02544	0.00531	0.00819	0.01061	0.00446	0.00683
2	0.01891	0.54960	0.21617	0.01531	0.02307	0.02667	0.01704	0.02307	0.01557	0.01951	0.01137	0.01320	0.00970	0.00668	0.00550	0.00183	0.00895	0.00447	0.00323	0.01013
3	0.02014	0.07250	0.02591	0.07385	0.38735	0.01623	0.01803	0.02412	0.01834	0.13941	0.10825	0.02475	0.02105	0.00844	0.00752	0.00225	0.00782	0.00765	0.00529	0.01110
4	0.01643	0.01428	0.01817	0.07239	0.02106	0.01501	0.01230	0.08478	0.01655	0.02436	0.01644	0.10179	0.01564	0.01030	0.01148	0.00216	0.19173	0.00752	0.00472	0.34289
5	0.02741	0.02445	0.02170	0.01901	0.05610	0.23189	0.01439	0.31110	0.10430	0.08669	0.01843	0.01863	0.01356	0.00875	0.00737	0.00222	0.00960	0.00649	0.00641	0.01148
6	0.01526	0.01465	0.02534	0.37194	0.11808	0.01629	0.12858	0.02148	0.07355	0.02195	0.01881	0.10547	0.01651	0.00945	0.00807	0.00257	0.00940	0.00906	0.00432	0.00921
7	0.04823	0.08566	0.02556	0.07669	0.06884	0.39727	0.07215	0.02632	0.01861	0.01994	0.01203	0.01526	0.01006	0.00804	0.00878	0.00220	0.08590	0.00560	0.00376	0.00910

[dist]
# distance from previous block
# <min> <max>
34	70

[block]
# block no. 10 follows, 26 sequences, length 6
# corresponding to MSA columns:
# 434-439
name=unknown_K
#
# <colnr> <probs for GDERKNQSTAVLIFYWHMCP>
#	G	D	E	R	K	N	Q	S	T	A	V	L	I	F	Y	W	H	M	C	P
0	0.02416	0.01890	0.02090	0.01686	0.02192	0.07777	0.05197	0.25996	0.16521	0.11161	0.04481	0.04673	0.01856	0.00980	0.00825	0.00234	0.03252	0.00787	0.00697	0.05288
1	0.09640	0.01886	0.05114	0.03598	0.46483	0.04962	0.01982	0.02586	0.07401	0.06741	0.01617	0.01905	0.01283	0.00732	0.00721	0.00229	0.00858	0.00658	0.00453	0.01151
2	0.05333	0.01619	0.02156	0.07684	0.02435	0.01661	0.07414	0.14882	0.01949	0.06967	0.01496	0.01767	0.01164	0.00802	0.00953	0.00208	0.11643	0.00608	0.00508	0.28751
3	0.01798	0.07078	0.43669	0.02280	0.03199	0.12331	0.14304	0.02496	0.01717	0.02292	0.01349	0.01629	0.00999	0.00711	0.00736	0.00232	0.01172	0.00604	0.00343	0.01058
4	0.02220	0.01932	0.02771	0.03841	0.50824	0.09547	0.02044	0.02617	0.01843	0.12597	0.01637	0.01927	0.01279	0.00728	0.00745	0.00223	0.00916	0.00668	0.00463	0.01178
5	0.44177	0.03928	0.04114	0.03923	0.01781	0.01565	0.01032	0.05887	0.01693	0.13329	0.10163	0.02094	0.01852	0.00863	0.00608	0.00233	0.00625	0.00621	0.00589	0.00923

[dist]
# distance from previous block
# <min> <max>
0	1

[block]
# block no. 11 follows, 26 sequences, length 24
# corresponding to MSA columns:
# 441-464
name=unknown_L
#
# <colnr> <probs for GDERKNQSTAVLIFYWHMCP>
#	G	D	E	R	K	N	Q	S	T	A	V	L	I	F	Y	W	H	M	C	P
0	0.00921	0.00772	0.00806	0.00826	0.01068	0.00656	0.00629	0.01122	0.01719	0.02060	0.07270	0.10130	0.60992	0.01953	0.00910	0.00265	0.00409	0.06144	0.00704	0.00644
1	0.02085	0.01652	0.01848	0.01367	0.02014	0.01535	0.01111	0.26999	0.02352	0.03374	0.01533	0.01670	0.01189	0.00698	0.00639	0.00157	0.00668	0.00541	0.00570	0.47997
2	0.02846	0.03231	0.02182	0.01900	0.02347	0.52806	0.01459	0.19261	0.02514	0.02609	0.01339	0.01485	0.01058	0.00815	0.00703	0.00204	0.01231	0.00539	0.00486	0.00985
3	0.01052	0.00774	0.00984	0.00932	0.01120	0.00707	0.00699	0.01390	0.02097	0.02922	0.60897	0.05863	0.14546	0.01595	0.00895	0.00241	0.00361	0.01399	0.00819	0.00707
4	0.00930	0.00770	0.00815	0.00804	0.01045	0.00655	0.00603	0.01154	0.01809	0.02238	0.19207	0.06989	0.56662	0.01850	0.00896	0.00253	0.00379	0.01557	0.00729	0.00655
5	0.03403	0.01291	0.01760	0.01350	0.01936	0.01115	0.01115	0.03697	0.02171	0.69137	0.02992	0.02582	0.01878	0.00939	0.00763	0.00235	0.00645	0.00763	0.00939	0.01291
6	0.01854	0.01778	0.03036	0.08221	0.65232	0.01796	0.02316	0.02307	0.01716	0.02449	0.01423	0.01885	0.01191	0.00680	0.00751	0.00227	0.00907	0.00676	0.00373	0.01182
7	0.00924	0.00660	0.00880	0.01056	0.01100	0.00616	0.00704	0.01056	0.01452	0.01936	0.04181	0.72848	0.05017	0.02376	0.00968	0.00308	0.00440	0.02156	0.00704	0.00616
8	0.01222	0.00873	0.01222	0.01397	0.01572	0.00873	0.01222	0.01572	0.01746	0.02270	0.04016	0.08556	0.04365	0.02095	0.01048	0.00349	0.00698	0.63506	0.00698	0.00698
9	0.78701	0.01467	0.01115	0.00997	0.01467	0.01702	0.00821	0.02230	0.01291	0.03403	0.01056	0.01232	0.00821	0.00704	0.00469	0.00235	0.00587	0.00411	0.00469	0.00821
10	0.00921	0.00671	0.00869	0.01027	0.01092	0.00619	0.00691	0.01059	0.01480	0.01948	0.04538	0.66164	0.11470	0.02330	0.00961	0.00303	0.00434	0.02100	0.00704	0.00619
11	0.16506	0.31603	0.23546	0.01572	0.02296	0.06555	0.01696	0.02337	0.01538	0.02290	0.01155	0.01363	0.00942	0.00712	0.00634	0.00208	0.03244	0.00468	0.00355	0.00980
12	0.01610	0.09442	0.52628	0.01950	0.02898	0.07105	0.02375	0.02323	0.01650	0.02277	0.01882	0.02057	0.06940	0.00826	0.00714	0.00232	0.01049	0.00634	0.00360	0.01047
13	0.00959	0.00698	0.00846	0.00948	0.01024	0.00648	0.00624	0.01073	0.01428	0.01853	0.04464	0.44609	0.16947	0.18338	0.01608	0.00394	0.00496	0.01809	0.00649	0.00585
14	0.01675	0.01409	0.01628	0.01172	0.01841	0.01116	0.00941	0.06909	0.01728	0.02651	0.01385	0.01592	0.01136	0.00589	0.00577	0.00121	0.00583	0.00468	0.00473	0.72005
15	0.14492	0.14429	0.24035	0.02143	0.07270	0.01984	0.13829	0.02390	0.01592	0.05799	0.01362	0.01630	0.01040	0.00727	0.00759	0.00232	0.04268	0.00595	0.00393	0.01029
16	0.02287	0.12675	0.06108	0.08574	0.13216	0.23755	0.09379	0.07556	0.01982	0.05493	0.01402	0.01671	0.01102	0.00742	0.00710	0.00214	0.01085	0.00603	0.00425	0.01021
17	0.08580	0.04850	0.29324	0.01607	0.02284	0.01489	0.03466	0.07005	0.01868	0.02789	0.17365	0.03102	0.05408	0.01033	0.00755	0.00237	0.00794	0.03800	0.00529	0.03715
18	0.02070	0.35627	0.09099	0.02122	0.14820	0.14959	0.01629	0.02407	0.01697	0.02035	0.01196	0.01431	0.01027	0.00679	0.00600	0.00184	0.00940	0.00489	0.00355	0.06635
19	0.02133	0.02280	0.14780	0.01801	0.04218	0.08696	0.01612	0.27863	0.05500	0.03284	0.04209	0.04867	0.01875	0.01406	0.06202	0.00319	0.00987	0.06303	0.00596	0.01069
20	0.01953	0.05055	0.05703	0.07876	0.35946	0.01818	0.06616	0.02741	0.14211	0.07730	0.01848	0.02094	0.01429	0.00767	0.00754	0.00234	0.00864	0.00716	0.00488	0.01158
21	0.02040	0.04135	0.01917	0.01737	0.07494	0.08764	0.01281	0.09979	0.01974	0.13036	0.10776	0.03053	0.10060	0.01435	0.05211	0.00306	0.14381	0.00865	0.00601	0.00955
22	0.05813	0.01964	0.02081	0.07210	0.13367	0.12307	0.01502	0.17047	0.17504	0.03025	0.02184	0.02457	0.04060	0.01071	0.02684	0.00264	0.00885	0.02918	0.00583	0.01074
23	0.01958	0.07349	0.02563	0.14527	0.12213	0.05231	0.08603	0.06365	0.14834	0.06959	0.02011	0.02239	0.03618	0.00890	0.00909	0.00245	0.07185	0.00741	0.00512	0.01045

[dist]
# distance from previous block
# <min> <max>
14	49

[block]
# block no. 12 follows, 26 sequences, length 8
# corresponding to MSA columns:
# 515-522
name=unknown_M
#
# <colnr> <probs for GDERKNQSTAVLIFYWHMCP>
#	G	D	E	R	K	N	Q	S	T	A	V	L	I	F	Y	W	H	M	C	P
0	0.05862	0.13457	0.02363	0.01782	0.06258	0.17220	0.01356	0.27291	0.04868	0.03108	0.01597	0.01920	0.01313	0.07241	0.00962	0.00257	0.00924	0.00628	0.00547	0.01047
1	0.01876	0.05672	0.10408	0.13579	0.38554	0.09007	0.05510	0.02355	0.01721	0.02290	0.01369	0.01791	0.01110	0.00701	0.00736	0.00226	0.01006	0.00641	0.00363	0.01086
2	0.01746	0.01768	0.01604	0.01580	0.05044	0.18102	0.01164	0.05015	0.10057	0.02252	0.03526	0.04157	0.19174	0.05056	0.03817	0.00316	0.06728	0.07489	0.00567	0.00840
3	0.01426	0.01185	0.01526	0.01307	0.01660	0.01130	0.04289	0.06442	0.06170	0.02502	0.08231	0.24946	0.06303	0.01397	0.00902	0.00232	0.05039	0.01206	0.00609	0.23499
4	0.01746	0.01120	0.01370	0.01190	0.01537	0.01064	0.00917	0.09056	0.06882	0.13763	0.24346	0.17335	0.04109	0.01381	0.00822	0.00236	0.00517	0.01198	0.00764	0.10647
5	0.01462	0.01666	0.15909	0.01403	0.01853	0.01221	0.01327	0.02289	0.16364	0.06279	0.19001	0.11534	0.08349	0.01385	0.00844	0.00261	0.00632	0.06615	0.00681	0.00924
6	0.01687	0.01572	0.02982	0.06193	0.06424	0.01525	0.33037	0.02300	0.07175	0.06943	0.07115	0.14877	0.02414	0.01073	0.00874	0.00261	0.00930	0.01117	0.00540	0.00961
7	0.08905	0.24762	0.05296	0.02294	0.18056	0.16184	0.01604	0.02538	0.06122	0.02228	0.01314	0.01553	0.01107	0.00749	0.00715	0.00208	0.04426	0.00537	0.00394	0.01009

[dist]
# distance from previous block
# <min> <max>
3	14

[block]
# block no. 13 follows, 26 sequences, length 7
# corresponding to MSA columns:
# 537-543
name=unknown_N
#
# <colnr> <probs for GDERKNQSTAVLIFYWHMCP>
#	G	D	E	R	K	N	Q	S	T	A	V	L	I	F	Y	W	H	M	C	P
