[name]
unknown

[dist]
# distance from previous block
# <min> <max>
0	5

[block]
# block no. 0 follows, 29 sequences, length 54
# corresponding to MSA columns:
# 5-58
name=unknown_A
#
# <colnr> <probs for GDERKNQSTAVLIFYWHMCP>
#	G	D	E	R	K	N	Q	S	T	A	V	L	I	F	Y	W	H	M	C	P
0	0.01317	0.00856	0.01069	0.01038	0.01267	0.00812	0.00815	0.01718	0.06921	0.10554	0.25420	0.10166	0.16456	0.04063	0.00945	0.00269	0.00472	0.14379	0.00723	0.00740
1	0.06251	0.01686	0.09719	0.01402	0.01989	0.04174	0.01256	0.08327	0.08117	0.43678	0.02355	0.02149	0.01556	0.00837	0.00691	0.00217	0.00690	0.00662	0.00732	0.03513
2	0.00864	0.00635	0.00811	0.00951	0.01022	0.00582	0.00643	0.00996	0.01402	0.01833	0.04414	0.64435	0.14469	0.02167	0.00899	0.00282	0.00405	0.01947	0.00661	0.00582
3	0.00992	0.00692	0.00809	0.00819	0.00876	0.00665	0.00512	0.01084	0.01306	0.01749	0.15123	0.13354	0.09952	0.46156	0.02536	0.00516	0.00562	0.01243	0.00544	0.00508
4	0.01424	0.00915	0.01112	0.01040	0.01292	0.00885	0.00785	0.01965	0.13082	0.13169	0.25631	0.18767	0.14098	0.01493	0.00816	0.00242	0.00436	0.01300	0.00746	0.00803
5	0.02128	0.01523	0.01653	0.01408	0.01808	0.03858	0.01106	0.28374	0.17295	0.11425	0.02601	0.18939	0.02296	0.01199	0.00759	0.00237	0.00643	0.01003	0.00712	0.01033
6	0.02721	0.01091	0.01484	0.01211	0.01658	0.00951	0.00968	0.02966	0.01901	0.56941	0.03036	0.17095	0.02362	0.01156	0.00755	0.00234	0.00567	0.00982	0.00836	0.01083
7	0.01701	0.01344	0.01462	0.01311	0.01682	0.01493	0.01019	0.03242	0.50941	0.07538	0.12023	0.03294	0.07670	0.01085	0.00748	0.00238	0.00522	0.00913	0.00738	0.01035
8	0.01745	0.01687	0.02920	0.06685	0.65458	0.01693	0.04950	0.02177	0.01617	0.02307	0.01341	0.01774	0.01120	0.00636	0.00711	0.00214	0.00864	0.00643	0.00352	0.01109
9	0.00897	0.00647	0.00843	0.00954	0.01027	0.00600	0.00650	0.01059	0.01485	0.01999	0.16159	0.56401	0.08118	0.04387	0.00980	0.00288	0.00405	0.01833	0.00676	0.00592
10	0.03092	0.01189	0.01620	0.01249	0.01782	0.01029	0.01029	0.03370	0.02037	0.67824	0.05973	0.02560	0.01995	0.00908	0.00722	0.00221	0.00593	0.00743	0.00877	0.01186
11	0.80005	0.01377	0.01047	0.00936	0.01377	0.01597	0.00771	0.02093	0.01212	0.03195	0.00991	0.01157	0.00771	0.00661	0.00441	0.00220	0.00551	0.00386	0.00441	0.00771
12	0.01249	0.00770	0.00980	0.00957	0.01160	0.00693	0.00718	0.01490	0.01755	0.11829	0.28126	0.23285	0.17897	0.01669	0.00848	0.00248	0.00413	0.04469	0.00735	0.00708
13	0.00871	0.00633	0.00822	0.00963	0.01028	0.00584	0.00651	0.01008	0.01412	0.01867	0.06772	0.65720	0.10722	0.02162	0.00900	0.00282	0.00405	0.01949	0.00666	0.00584
14	0.05534	0.00928	0.01198	0.01046	0.01347	0.00852	0.00816	0.02108	0.01881	0.26997	0.32884	0.07419	0.04219	0.05591	0.00950	0.00257	0.00481	0.03870	0.00770	0.00850
15	0.01927	0.01607	0.01698	0.01481	0.01911	0.01844	0.01165	0.14508	0.58269	0.03230	0.02700	0.02499	0.02013	0.00948	0.00723	0.00237	0.00600	0.00778	0.00723	0.01141
16	0.00923	0.00697	0.00853	0.00871	0.01026	0.00627	0.00631	0.01159	0.01731	0.02314	0.34632	0.24016	0.24405	0.01760	0.00859	0.00246	0.00363	0.01544	0.00716	0.00627
17	0.01915	0.01601	0.01691	0.01478	0.01907	0.01838	0.01162	0.13696	0.59101	0.03211	0.02715	0.02511	0.02025	0.00949	0.00723	0.00237	0.00597	0.00780	0.00723	0.01140
18	0.00985	0.00727	0.00920	0.00872	0.01050	0.00662	0.00654	0.01300	0.01962	0.02729	0.61588	0.05528	0.15368	0.01503	0.00840	0.00226	0.00339	0.01317	0.00767	0.00662
19	0.18827	0.01245	0.01529	0.01200	0.01728	0.01159	0.00991	0.03190	0.01870	0.57221	0.02439	0.02166	0.01561	0.00836	0.00660	0.00220	0.00595	0.00649	0.00792	0.01122
20	0.03195	0.01212	0.01652	0.01267	0.01818	0.01047	0.01047	0.03470	0.02038	0.71026	0.02809	0.02424	0.01763	0.00881	0.00716	0.00220	0.00606	0.00716	0.00881	0.01212
21	0.02660	0.03394	0.02018	0.01834	0.02201	0.72116	0.01376	0.02843	0.02018	0.01743	0.01101	0.01284	0.00917	0.00734	0.00642	0.00183	0.01284	0.00459	0.00367	0.00825
22	0.02925	0.01181	0.01585	0.01240	0.01749	0.01045	0.01015	0.03285	0.05100	0.61541	0.09119	0.02705	0.02245	0.00939	0.00728	0.00222	0.00579	0.00774	0.00865	0.01157
23	0.01009	0.00698	0.00816	0.00815	0.00864	0.00685	0.00504	0.01086	0.01235	0.01659	0.12227	0.08109	0.08039	0.52999	0.05868	0.00593	0.00657	0.01139	0.00506	0.00493
24	0.02735	0.01949	0.02109	0.01617	0.02186	0.02141	0.01336	0.64433	0.03272	0.08320	0.01773	0.01751	0.01243	0.00856	0.00713	0.00214	0.00773	0.00645	0.00722	0.01211
25	0.01030	0.00713	0.00892	0.00892	0.00931	0.00753	0.00575	0.01109	0.01070	0.01466	0.02139	0.04078	0.02336	0.53218	0.25036	0.00832	0.01071	0.00950	0.00416	0.00495
26	0.02615	0.02236	0.06853	0.01683	0.02267	0.08462	0.01443	0.57776	0.03102	0.04088	0.01625	0.01657	0.01163	0.00832	0.00704	0.00212	0.00847	0.00617	0.00653	0.01165
27	0.01277	0.01164	0.01918	0.60420	0.04221	0.01415	0.01745	0.01715	0.01491	0.01944	0.09683	0.06491	0.01858	0.00889	0.00739	0.00239	0.00845	0.00792	0.00392	0.00764
28	0.01025	0.00731	0.00981	0.00981	0.01051	0.00801	0.00686	0.01167	0.01096	0.01532	0.02057	0.03626	0.02140	0.36321	0.41664	0.00942	0.01366	0.00884	0.00404	0.00545
29	0.01362	0.01267	0.02136	0.67756	0.07968	0.01559	0.01947	0.01810	0.01419	0.01826	0.01268	0.01900	0.00966	0.00761	0.00774	0.02603	0.00934	0.00632	0.00318	0.00793
30	0.01606	0.01558	0.02530	0.34674	0.39435	0.03864	0.02068	0.02045	0.01547	0.02084	0.01299	0.01807	0.01042	0.00672	0.00706	0.00222	0.00905	0.00628	0.00337	0.00970
31	0.01798	0.01856	0.02893	0.12045	0.46003	0.09247	0.11373	0.02226	0.01649	0.02197	0.01319	0.01750	0.01077	0.00649	0.00718	0.00216	0.00955	0.00645	0.00351	0.01032
32	0.02614	0.03253	0.02030	0.01827	0.02187	0.66047	0.01383	0.05616	0.02035	0.01860	0.01120	0.01314	0.00931	0.00761	0.00719	0.00190	0.04418	0.00474	0.00379	0.00840
33	0.00868	0.00620	0.00826	0.00991	0.01033	0.00578	0.00661	0.00991	0.01363	0.01818	0.03925	0.74510	0.04710	0.02231	0.00909	0.00289	0.00413	0.02024	0.00661	0.00578
34	0.04885	0.01344	0.02140	0.38833	0.15615	0.01498	0.03836	0.02211	0.04835	0.12130	0.01690	0.05019	0.01314	0.00794	0.00713	0.00232	0.00831	0.00709	0.00446	0.00924
35	0.01610	0.01512	0.02114	0.21980	0.13505	0.04757	0.05321	0.04963	0.01597	0.02234	0.01291	0.01669	0.01035	0.00644	0.00687	0.00181	0.02738	0.00555	0.00386	0.31221
36	0.01028	0.00687	0.00779	0.00786	0.00787	0.00686	0.00441	0.01034	0.01049	0.01399	0.02314	0.07604	0.02678	0.71909	0.03510	0.00673	0.00679	0.01077	0.00441	0.00438
37	0.01494	0.10527	0.04433	0.38698	0.10945	0.04094	0.05509	0.01905	0.01501	0.01928	0.03805	0.02141	0.05146	0.00796	0.00770	0.00225	0.04206	0.00676	0.00357	0.00846
38	0.02707	0.01995	0.02137	0.01638	0.02208	0.02208	0.01353	0.68159	0.03348	0.04488	0.01710	0.01710	0.01211	0.00855	0.00712	0.00214	0.00784	0.00641	0.00712	0.01211
39	0.01477	0.01266	0.01477	0.01055	0.01687	0.00949	0.00844	0.01793	0.01477	0.02320	0.01266	0.01477	0.01055	0.00527	0.00527	0.00105	0.00527	0.00422	0.00422	0.79328
40	0.00850	0.00722	0.00733	0.00730	0.00967	0.00605	0.00547	0.01038	0.01642	0.01969	0.10266	0.06778	0.67163	0.01787	0.00841	0.00240	0.00359	0.01492	0.00667	0.00605
41	0.01940	0.64972	0.03439	0.01266	0.01832	0.09630	0.01210	0.02169	0.01529	0.01733	0.04016	0.01338	0.01167	0.00659	0.00492	0.00159	0.00795	0.00428	0.00332	0.00894
42	0.01539	0.20352	0.55586	0.01841	0.02790	0.01924	0.02303	0.02226	0.01490	0.02120	0.01211	0.01419	0.00905	0.00661	0.00625	0.00208	0.00985	0.00492	0.00302	0.01020
43	0.02649	0.02048	0.02099	0.01639	0.02187	0.06209	0.01341	0.60634	0.07124	0.04241	0.01744	0.01740	0.01250	0.00854	0.00709	0.00214	0.00800	0.00640	0.00693	0.01184
44	0.02622	0.05780	0.02228	0.02055	0.15970	0.01774	0.01419	0.30832	0.02481	0.24689	0.01938	0.01912	0.01350	0.00805	0.00698	0.00212	0.00739	0.00649	0.00669	0.01178
45	0.01747	0.51751	0.26010	0.01486	0.02241	0.02434	0.01684	0.02173	0.01465	0.01866	0.01085	0.01261	0.00910	0.00631	0.00529	0.00176	0.00857	0.00429	0.00303	0.00959
46	0.01345	0.01221	0.03263	0.01145	0.01441	0.04340	0.00906	0.02264	0.25900	0.02703	0.32382	0.04285	0.13391	0.01273	0.00785	0.00231	0.00485	0.01085	0.00713	0.00842
47	0.00876	0.00626	0.00833	0.00986	0.01035	0.00584	0.00662	0.01012	0.01401	0.01877	0.07739	0.70526	0.04825	0.02186	0.00905	0.00285	0.00409	0.01982	0.00668	0.00584
48	0.03195	0.01212	0.01652	0.01267	0.01818	0.01047	0.01047	0.03470	0.02038	0.71026	0.02809	0.02424	0.01763	0.00881	0.00716	0.00220	0.00606	0.00716	0.00881	0.01212
49	0.01692	0.35955	0.02662	0.01337	0.01763	0.02071	0.04360	0.09141	0.01705	0.02190	0.10049	0.05640	0.07915	0.00993	0.00830	0.00205	0.09430	0.00743	0.00458	0.00861
50	0.01036	0.00690	0.00777	0.00777	0.00777	0.00690	0.00431	0.01036	0.01036	0.01381	0.02244	0.04660	0.02589	0.74975	0.03624	0.00690	0.00690	0.01036	0.00431	0.00431
51	0.02569	0.05179	0.02031	0.01787	0.02163	0.64639	0.01352	0.02899	0.07369	0.01840	0.01241	0.01390	0.01017	0.00749	0.00644	0.00187	0.01213	0.00484	0.00394	0.00852
52	0.01362	0.00984	0.01143	0.01026	0.01283	0.00970	0.00784	0.14881	0.02100	0.04671	0.31311	0.12486	0.18921	0.03723	0.00904	0.00247	0.00459	0.01261	0.00721	0.00763
53	0.06654	0.04908	0.04863	0.01652	0.02061	0.39843	0.04430	0.04392	0.06170	0.04161	0.01999	0.02101	0.09046	0.00884	0.00737	0.00206	0.03955	0.00635	0.00446	0.00855

[dist]
# distance from previous block
# <min> <max>
1	9

[block]
# block no. 1 follows, 29 sequences, length 31
# corresponding to MSA columns:
# 68-98
name=unknown_B
#
# <colnr> <probs for GDERKNQSTAVLIFYWHMCP>
#	G	D	E	R	K	N	Q	S	T	A	V	L	I	F	Y	W	H	M	C	P
0	0.17294	0.16063	0.16931	0.04336	0.12429	0.14583	0.01607	0.02246	0.01563	0.02259	0.03848	0.01530	0.01145	0.00697	0.00595	0.00201	0.00878	0.00509	0.00368	0.00917
1	0.20619	0.02369	0.29348	0.04603	0.15939	0.01637	0.04033	0.05729	0.01582	0.02631	0.04287	0.01677	0.01196	0.00707	0.00641	0.00222	0.00845	0.00567	0.00391	0.00979
2	0.01036	0.00690	0.00777	0.00777	0.00777	0.00690	0.00431	0.01036	0.01036	0.01381	0.02244	0.04660	0.02589	0.74975	0.03624	0.00690	0.00690	0.01036	0.00431	0.00431
3	0.01036	0.00690	0.00777	0.00777	0.00777	0.00690	0.00431	0.01036	0.01036	0.01381	0.02244	0.04660	0.02589	0.74975	0.03624	0.00690	0.00690	0.01036	0.00431	0.00431
4	0.01036	0.00690	0.00777	0.00777	0.00777	0.00690	0.00431	0.01036	0.01036	0.01381	0.02244	0.04660	0.02589	0.74975	0.03624	0.00690	0.00690	0.01036	0.00431	0.00431
5	0.80005	0.01377	0.01047	0.00936	0.01377	0.01597	0.00771	0.02093	0.01212	0.03195	0.00991	0.01157	0.00771	0.00661	0.00441	0.00220	0.00551	0.00386	0.00441	0.00771
6	0.00868	0.00620	0.00826	0.00991	0.01033	0.00578	0.00661	0.00991	0.01363	0.01818	0.03925	0.74510	0.04710	0.02231	0.00909	0.00289	0.00413	0.02024	0.00661	0.00578
7	0.07275	0.01221	0.01620	0.01249	0.01794	0.01076	0.01032	0.03397	0.01994	0.67423	0.02713	0.02356	0.01710	0.00870	0.00701	0.00220	0.00603	0.00699	0.00858	0.01188
8	0.01771	0.01530	0.01610	0.01449	0.01852	0.01771	0.01127	0.03784	0.69247	0.02979	0.02898	0.02657	0.02174	0.00966	0.00725	0.00242	0.00564	0.00805	0.00725	0.01127
9	0.03195	0.01212	0.01652	0.01267	0.01818	0.01047	0.01047	0.03470	0.02038	0.71026	0.02809	0.02424	0.01763	0.00881	0.00716	0.00220	0.00606	0.00716	0.00881	0.01212
10	0.01477	0.01266	0.01477	0.01055	0.01687	0.00949	0.00844	0.01793	0.01477	0.02320	0.01266	0.01477	0.01055	0.00527	0.00527	0.00105	0.00527	0.00422	0.00422	0.79328
11	0.03195	0.01212	0.01652	0.01267	0.01818	0.01047	0.01047	0.03470	0.02038	0.71026	0.02809	0.02424	0.01763	0.00881	0.00716	0.00220	0.00606	0.00716	0.00881	0.01212
12	0.01558	0.01558	0.02181	0.01869	0.01869	0.02181	0.01558	0.01714	0.01091	0.01714	0.00935	0.01558	0.00935	0.01246	0.02337	0.00312	0.73672	0.00623	0.00312	0.00779
13	0.01314	0.00796	0.01050	0.00948	0.01169	0.00724	0.00724	0.01642	0.02019	0.12408	0.60720	0.04913	0.06024	0.01375	0.00822	0.00223	0.00374	0.01208	0.00798	0.00748
14	0.01428	0.03683	0.71286	0.02030	0.03082	0.01654	0.02631	0.02255	0.01503	0.02255	0.01278	0.01503	0.00902	0.00677	0.00677	0.00226	0.01052	0.00526	0.00301	0.01052
15	0.01904	0.75404	0.03731	0.01218	0.01828	0.02818	0.01218	0.02132	0.01447	0.01675	0.00990	0.01142	0.00914	0.00609	0.00457	0.00152	0.00761	0.00381	0.00305	0.00914
16	0.05779	0.13869	0.02465	0.46277	0.14558	0.01809	0.01817	0.01945	0.01447	0.01950	0.01216	0.01709	0.00962	0.00680	0.00653	0.00218	0.00880	0.00577	0.00327	0.00864
17	0.00868	0.00620	0.00826	0.00991	0.01033	0.00578	0.00661	0.00991	0.01363	0.01818	0.03925	0.74510	0.04710	0.02231	0.00909	0.00289	0.00413	0.02024	0.00661	0.00578
18	0.02198	0.42713	0.02963	0.01499	0.01982	0.31116	0.01298	0.02404	0.01665	0.01705	0.01033	0.01219	0.00916	0.00688	0.00615	0.00172	0.04191	0.00423	0.00330	0.00872
19	0.01904	0.75404	0.03731	0.01218	0.01828	0.02818	0.01218	0.02132	0.01447	0.01675	0.00990	0.01142	0.00914	0.00609	0.00457	0.00152	0.00761	0.00381	0.00305	0.00914
20	0.03195	0.01212	0.01652	0.01267	0.01818	0.01047	0.01047	0.03470	0.02038	0.71026	0.02809	0.02424	0.01763	0.00881	0.00716	0.00220	0.00606	0.00716	0.00881	0.01212
21	0.01237	0.00618	0.00928	0.00928	0.00928	0.00618	0.00618	0.00928	0.00928	0.01237	0.01237	0.02165	0.01237	0.02474	0.02783	0.79283	0.00618	0.00618	0.00309	0.00309
22	0.00863	0.00637	0.00808	0.00944	0.01020	0.00582	0.00640	0.00997	0.01408	0.01836	0.04497	0.62742	0.16109	0.02156	0.00897	0.00281	0.00404	0.01934	0.00661	0.00582
23	0.01652	0.01865	0.04026	0.08979	0.03822	0.01782	0.62335	0.02242	0.01659	0.02242	0.01426	0.01919	0.01069	0.00610	0.00829	0.00240	0.01179	0.00823	0.00356	0.00946
24	0.01036	0.00690	0.00777	0.00777	0.00777	0.00690	0.00431	0.01036	0.01036	0.01381	0.02244	0.04660	0.02589	0.74975	0.03624	0.00690	0.00690	0.01036	0.00431	0.00431
25	0.03195	0.01212	0.01652	0.01267	0.01818	0.01047	0.01047	0.03470	0.02038	0.71026	0.02809	0.02424	0.01763	0.00881	0.00716	0.00220	0.00606	0.00716	0.00881	0.01212
26	0.01578	0.03047	0.49416	0.02554	0.16571	0.01653	0.08110	0.02286	0.01561	0.04668	0.01358	0.01623	0.00993	0.00669	0.00698	0.00224	0.01008	0.00581	0.00336	0.01065
27	0.01637	0.12283	0.47663	0.01926	0.02791	0.10503	0.06517	0.02274	0.01576	0.02111	0.01425	0.01634	0.03184	0.00707	0.00661	0.00213	0.01032	0.00552	0.00325	0.00986
28	0.01878	0.06919	0.10752	0.02001	0.11329	0.12389	0.03756	0.06916	0.25786	0.02517	0.02101	0.02156	0.04472	0.00853	0.00742	0.00221	0.02991	0.00684	0.00512	0.01025
29	0.01573	0.01542	0.08129	0.01247	0.01831	0.01207	0.01091	0.08985	0.05291	0.02569	0.05237	0.04645	0.01564	0.00742	0.00666	0.00156	0.03125	0.00592	0.00483	0.49323
30	0.08889	0.06428	0.01275	0.03428	0.01374	0.01239	0.00802	0.14690	0.01852	0.02973	0.05633	0.02341	0.01778	0.00833	0.00557	0.00185	0.00493	0.00646	0.43780	0.00803

[dist]
# distance from previous block
# <min> <max>
11	46

[block]
# block no. 2 follows, 29 sequences, length 24
# corresponding to MSA columns:
# 147-170
name=unknown_C
#
# <colnr> <probs for GDERKNQSTAVLIFYWHMCP>
#	G	D	E	R	K	N	Q	S	T	A	V	L	I	F	Y	W	H	M	C	P
0	0.05456	0.01493	0.02331	0.24522	0.37575	0.03670	0.01861	0.01997	0.01597	0.02257	0.08890	0.02152	0.01667	0.00753	0.00707	0.00220	0.00819	0.00688	0.00394	0.00949
1	0.04585	0.01777	0.10154	0.23808	0.41566	0.01652	0.02121	0.02084	0.01536	0.02206	0.01298	0.01750	0.01038	0.00662	0.00694	0.00221	0.00887	0.00613	0.00340	0.01009
2	0.01735	0.09786	0.02905	0.11112	0.56195	0.01805	0.02057	0.02142	0.01582	0.02202	0.01293	0.01708	0.01086	0.00640	0.00678	0.00208	0.00847	0.00606	0.00343	0.01070
3	0.01791	0.01550	0.02124	0.02042	0.15432	0.01514	0.07491	0.14424	0.09320	0.02728	0.01605	0.01923	0.01305	0.04746	0.00859	0.00211	0.02429	0.00624	0.00488	0.27397
4	0.00943	0.00695	0.00923	0.03281	0.01206	0.00660	0.00749	0.01153	0.01563	0.02093	0.18930	0.43846	0.10315	0.01945	0.00890	0.00273	0.00435	0.08807	0.00677	0.00616
5	0.01741	0.01661	0.02788	0.07894	0.63724	0.01690	0.02123	0.02243	0.04878	0.02331	0.01411	0.01813	0.01169	0.00655	0.00706	0.00214	0.00838	0.00643	0.00369	0.01110
6	0.00883	0.00696	0.00787	0.00819	0.00989	0.00611	0.00588	0.01068	0.01599	0.02028	0.16482	0.23201	0.40989	0.04791	0.00970	0.00268	0.00383	0.01578	0.00672	0.00600
7	0.03104	0.01358	0.01743	0.01336	0.01891	0.01264	0.01104	0.15559	0.02283	0.58592	0.02604	0.02290	0.01660	0.00876	0.00715	0.00219	0.00639	0.00702	0.00850	0.01212
8	0.01093	0.00835	0.01150	0.09080	0.01691	0.00840	0.01049	0.01415	0.01687	0.02205	0.17045	0.06636	0.14796	0.01702	0.00903	0.00284	0.00578	0.35700	0.00644	0.00665
9	0.16819	0.03232	0.57528	0.01815	0.02748	0.01643	0.02267	0.02223	0.01446	0.02439	0.01222	0.01435	0.00876	0.00673	0.00630	0.00224	0.00954	0.00499	0.00328	0.00997
10	0.03195	0.01212	0.01652	0.01267	0.01818	0.01047	0.01047	0.03470	0.02038	0.71026	0.02809	0.02424	0.01763	0.00881	0.00716	0.00220	0.00606	0.00716	0.00881	0.01212
11	0.01283	0.01123	0.01821	0.02043	0.15794	0.01084	0.09996	0.01637	0.01638	0.02150	0.03642	0.05718	0.16051	0.01483	0.00880	0.00275	0.00708	0.31335	0.00556	0.00782
12	0.01127	0.00965	0.00998	0.00955	0.01237	0.00959	0.00725	0.01867	0.22323	0.02242	0.05757	0.08338	0.46713	0.01564	0.00808	0.00243	0.00425	0.01310	0.00681	0.00761
13	0.01572	0.01584	0.02271	0.51884	0.17461	0.09391	0.01952	0.02004	0.01528	0.01910	0.01262	0.01804	0.00981	0.00699	0.00703	0.00226	0.00966	0.00614	0.00329	0.00861
14	0.75812	0.01368	0.01080	0.00954	0.01401	0.01567	0.00786	0.02168	0.01257	0.06898	0.01091	0.01226	0.00825	0.00673	0.00456	0.00220	0.00554	0.00404	0.00465	0.00795
15	0.00963	0.00680	0.00823	0.00871	0.00923	0.00668	0.00558	0.01045	0.01208	0.01597	0.03251	0.25212	0.10598	0.38426	0.09528	0.00569	0.00697	0.01349	0.00519	0.00514
16	0.01708	0.02681	0.40300	0.02112	0.05435	0.01525	0.14618	0.02354	0.01625	0.12108	0.04376	0.01932	0.01341	0.00909	0.03591	0.00264	0.01014	0.00658	0.00420	0.01028
17	0.01762	0.01692	0.02890	0.04371	0.70533	0.01692	0.02185	0.02185	0.01621	0.02326	0.01339	0.01762	0.01128	0.00634	0.00705	0.00211	0.00846	0.00634	0.00352	0.01128
18	0.01335	0.01265	0.01264	0.01235	0.01392	0.14808	0.00928	0.01544	0.01312	0.01648	0.01862	0.05436	0.01809	0.11711	0.48153	0.00875	0.01599	0.00780	0.00395	0.00649
19	0.01331	0.01243	0.07168	0.01297	0.04427	0.01086	0.01029	0.04612	0.16278	0.04762	0.17871	0.15459	0.15811	0.01409	0.00802	0.00243	0.00521	0.03152	0.00666	0.00833
20	0.04550	0.05415	0.45372	0.02232	0.10273	0.04765	0.04896	0.02202	0.01486	0.02197	0.01224	0.01520	0.00934	0.00733	0.00857	0.00230	0.09245	0.00549	0.00318	0.01001
21	0.20609	0.12220	0.24132	0.01309	0.01895	0.01511	0.01400	0.01915	0.01553	0.02531	0.17946	0.02565	0.05950	0.00910	0.00636	0.00214	0.00681	0.00705	0.00470	0.00849
22	0.01565	0.12580	0.46518	0.02419	0.16154	0.01819	0.04852	0.02226	0.01526	0.02194	0.01259	0.01523	0.00955	0.00657	0.00660	0.00214	0.00980	0.00540	0.00314	0.01046
23	0.09574	0.08095	0.38262	0.01694	0.02450	0.01608	0.05383	0.05001	0.03439	0.05234	0.08656	0.04260	0.01711	0.00820	0.00674	0.00222	0.00849	0.00665	0.00433	0.00969

[dist]
# distance from previous block
# <min> <max>
2	14

[block]
# block no. 3 follows, 29 sequences, length 60
# corresponding to MSA columns:
# 185-200,225-268
name=unknown_D
#
# <colnr> <probs for GDERKNQSTAVLIFYWHMCP>
#	G	D	E	R	K	N	Q	S	T	A	V	L	I	F	Y	W	H	M	C	P
0	0.01691	0.08038	0.40245	0.02332	0.16124	0.01781	0.02180	0.11486	0.01804	0.02568	0.04220	0.01718	0.01235	0.00721	0.00678	0.00216	0.00923	0.00585	0.00390	0.01064
1	0.01632	0.07095	0.40057	0.01981	0.02838	0.01683	0.13499	0.04733	0.05255	0.04771	0.01445	0.01654	0.01059	0.00674	0.00682	0.00212	0.00957	0.00588	0.00381	0.08805
2	0.01427	0.03635	0.04149	0.00890	0.01252	0.00912	0.00746	0.03928	0.01567	0.02579	0.04278	0.02290	0.01692	0.00755	0.00531	0.00155	0.00447	0.00602	0.45933	0.22230
3	0.01645	0.03566	0.05155	0.10158	0.02344	0.04734	0.04429	0.06406	0.07304	0.02125	0.03796	0.01860	0.01300	0.01131	0.03244	0.00286	0.36427	0.00656	0.00400	0.03033
4	0.01587	0.01548	0.02232	0.02246	0.14849	0.01942	0.01592	0.01812	0.01237	0.01902	0.01051	0.01587	0.00986	0.01045	0.01813	0.00268	0.51185	0.00601	0.00332	0.10185
5	0.02592	0.03200	0.02091	0.02024	0.07535	0.63602	0.01438	0.05611	0.02044	0.01907	0.01146	0.01340	0.00946	0.00731	0.00650	0.00187	0.01228	0.00480	0.00381	0.00866
6	0.01008	0.00728	0.00952	0.00896	0.01064	0.00672	0.00672	0.01344	0.02016	0.02855	0.70158	0.05319	0.06719	0.01456	0.00840	0.00224	0.00336	0.01288	0.00784	0.00672
7	0.02976	0.01261	0.01646	0.01295	0.01823	0.01158	0.01059	0.03518	0.12366	0.60570	0.02823	0.02459	0.01826	0.00894	0.00717	0.00224	0.00599	0.00730	0.00857	0.01199
8	0.03157	0.01273	0.01690	0.01296	0.01848	0.01138	0.01071	0.08537	0.02141	0.65815	0.02723	0.02368	0.01719	0.00879	0.00716	0.00220	0.00620	0.00710	0.00868	0.01212
9	0.01237	0.00618	0.00928	0.00928	0.00928	0.00618	0.00618	0.00928	0.00928	0.01237	0.01237	0.02165	0.01237	0.02474	0.02783	0.79283	0.00618	0.00618	0.00309	0.00309
10	0.01558	0.01558	0.02181	0.01869	0.01869	0.02181	0.01558	0.01714	0.01091	0.01714	0.00935	0.01558	0.00935	0.01246	0.02337	0.00312	0.73672	0.00623	0.00312	0.00779
11	0.02660	0.03394	0.02018	0.01834	0.02201	0.72116	0.01376	0.02843	0.02018	0.01743	0.01101	0.01284	0.00917	0.00734	0.00642	0.00183	0.01284	0.00459	0.00367	0.00825
12	0.01345	0.00837	0.01082	0.00976	0.01208	0.00782	0.00747	0.01763	0.05632	0.12106	0.57410	0.04783	0.05802	0.01352	0.00817	0.00224	0.00385	0.01184	0.00794	0.00770
13	0.01456	0.01351	0.04480	0.01095	0.01728	0.00969	0.00916	0.01789	0.01474	0.02303	0.01345	0.03652	0.01157	0.00585	0.00545	0.00116	0.00547	0.00474	0.00424	0.73594
14	0.01588	0.01614	0.02170	0.07883	0.02140	0.05197	0.01585	0.01772	0.01159	0.01724	0.00970	0.01575	0.00935	0.01179	0.02126	0.00300	0.64371	0.00617	0.00314	0.00782
15	0.01746	0.01257	0.01504	0.01088	0.01708	0.00964	0.00876	0.02056	0.01565	0.13086	0.01507	0.01625	0.01166	0.00583	0.00557	0.00123	0.00540	0.00468	0.00494	0.67088
16	0.01443	0.03597	0.68317	0.02131	0.06010	0.01655	0.02612	0.02252	0.01508	0.02258	0.01281	0.01515	0.00912	0.00675	0.00678	0.00225	0.01043	0.00531	0.00303	0.01056
17	0.01438	0.08343	0.62967	0.01914	0.02889	0.01679	0.02431	0.02198	0.01527	0.02248	0.04960	0.01684	0.01215	0.00714	0.00671	0.00221	0.00994	0.00557	0.00327	0.01023
18	0.01345	0.01266	0.02136	0.73264	0.04904	0.01582	0.01978	0.01819	0.01424	0.01819	0.01266	0.01898	0.00949	0.00712	0.00712	0.00237	0.00949	0.00633	0.00316	0.00791
19	0.00866	0.00624	0.00822	0.00980	0.01030	0.00579	0.00656	0.00993	0.01375	0.01822	0.04067	0.71581	0.07547	0.02212	0.00906	0.00287	0.00411	0.02002	0.00661	0.00579
20	0.01482	0.01405	0.02383	0.50701	0.26398	0.01618	0.02046	0.01939	0.01489	0.01985	0.01290	0.01854	0.01008	0.00687	0.00710	0.00229	0.00915	0.00633	0.00328	0.00901
21	0.01036	0.00690	0.00777	0.00777	0.00777	0.00690	0.00431	0.01036	0.01036	0.01381	0.02244	0.04660	0.02589	0.74975	0.03624	0.00690	0.00690	0.01036	0.00431	0.00431
22	0.01237	0.00618	0.00928	0.00928	0.00928	0.00618	0.00618	0.00928	0.00928	0.01237	0.01237	0.02165	0.01237	0.02474	0.02783	0.79283	0.00618	0.00618	0.00309	0.00309
23	0.02674	0.01978	0.02119	0.01632	0.02196	0.02193	0.01346	0.65928	0.05632	0.04435	0.01751	0.01742	0.01244	0.00859	0.00713	0.00215	0.00776	0.00647	0.00713	0.01208
24	0.01904	0.75404	0.03731	0.01218	0.01828	0.02818	0.01218	0.02132	0.01447	0.01675	0.00990	0.01142	0.00914	0.00609	0.00457	0.00152	0.00761	0.00381	0.00305	0.00914
25	0.01477	0.01266	0.01477	0.01055	0.01687	0.00949	0.00844	0.01793	0.01477	0.02320	0.01266	0.01477	0.01055	0.00527	0.00527	0.00105	0.00527	0.00422	0.00422	0.79328
26	0.01864	0.69361	0.09423	0.01287	0.01933	0.02719	0.01337	0.02143	0.01452	0.01724	0.01014	0.01173	0.00913	0.00615	0.00475	0.00158	0.00786	0.00393	0.00304	0.00925
27	0.01649	0.01468	0.01814	0.01839	0.11153	0.01612	0.04789	0.03137	0.47688	0.02741	0.04877	0.02998	0.09075	0.01001	0.00743	0.00237	0.00609	0.00868	0.00650	0.01052
28	0.01428	0.03683	0.71286	0.02030	0.03082	0.01654	0.02631	0.02255	0.01503	0.02255	0.01278	0.01503	0.00902	0.00677	0.00677	0.00226	0.01052	0.00526	0.00301	0.01052
29	0.00892	0.00649	0.00841	0.00951	0.01033	0.00598	0.00653	0.01061	0.01509	0.02023	0.16743	0.55709	0.10611	0.02048	0.00890	0.00273	0.00394	0.01841	0.00684	0.00598
30	0.01807	0.01815	0.02827	0.08428	0.57961	0.07489	0.04887	0.02221	0.01644	0.02245	0.01319	0.01738	0.01097	0.00646	0.00706	0.00212	0.00903	0.00629	0.00352	0.01075
31	0.00867	0.00623	0.00823	0.00983	0.01031	0.00579	0.00657	0.00992	0.01372	0.01821	0.04031	0.72329	0.06822	0.02217	0.00907	0.00288	0.00411	0.02007	0.00661	0.00579
32	0.03195	0.01212	0.01652	0.01267	0.01818	0.01047	0.01047	0.03470	0.02038	0.71026	0.02809	0.02424	0.01763	0.00881	0.00716	0.00220	0.00606	0.00716	0.00881	0.01212
33	0.01762	0.01692	0.02890	0.04371	0.70533	0.01692	0.02185	0.02185	0.01621	0.02326	0.01339	0.01762	0.01128	0.00634	0.00705	0.00211	0.00846	0.00634	0.00352	0.01128
34	0.02013	0.61083	0.05682	0.01347	0.01931	0.14277	0.01291	0.02254	0.01543	0.01706	0.01018	0.01178	0.00914	0.00632	0.00495	0.00160	0.00858	0.00398	0.00315	0.00904
35	0.01771	0.01530	0.01610	0.01449	0.01852	0.01771	0.01127	0.03784	0.69247	0.02979	0.02898	0.02657	0.02174	0.00966	0.00725	0.00242	0.00564	0.00805	0.00725	0.01127
36	0.80005	0.01377	0.01047	0.00936	0.01377	0.01597	0.00771	0.02093	0.01212	0.03195	0.00991	0.01157	0.00771	0.00661	0.00441	0.00220	0.00551	0.00386	0.00441	0.00771
37	0.01032	0.00780	0.00936	0.00877	0.01083	0.00717	0.00663	0.04078	0.01960	0.02659	0.49312	0.05604	0.24602	0.01529	0.00835	0.00228	0.00362	0.01322	0.00746	0.00674
38	0.02083	0.01770	0.02344	0.04008	0.05421	0.01927	0.13420	0.26867	0.28004	0.03340	0.02084	0.02116	0.01543	0.00837	0.00740	0.00230	0.00783	0.00739	0.00626	0.01118
39	0.00996	0.00727	0.00935	0.00883	0.01057	0.00667	0.00663	0.01321	0.01988	0.02789	0.65655	0.05429	0.11263	0.01481	0.00840	0.00225	0.00338	0.01303	0.00775	0.00667
40	0.01035	0.00694	0.00793	0.00793	0.00798	0.00699	0.00452	0.01046	0.01040	0.01393	0.02229	0.04578	0.02553	0.71922	0.06629	0.00710	0.00744	0.01024	0.00429	0.00440
41	0.01345	0.01266	0.02136	0.73264	0.04904	0.01582	0.01978	0.01819	0.01424	0.01819	0.01266	0.01898	0.00949	0.00712	0.00712	0.00237	0.00949	0.00633	0.00316	0.00791
42	0.01129	0.00806	0.01126	0.01290	0.01446	0.00804	0.01115	0.01443	0.01621	0.02110	0.03780	0.12436	0.04139	0.01985	0.00979	0.00325	0.00640	0.61520	0.00656	0.00651
43	0.80005	0.01377	0.01047	0.00936	0.01377	0.01597	0.00771	0.02093	0.01212	0.03195	0.00991	0.01157	0.00771	0.00661	0.00441	0.00220	0.00551	0.00386	0.00441	0.00771
44	0.00887	0.00723	0.00785	0.00769	0.00990	0.00621	0.00577	0.01110	0.01731	0.02179	0.24496	0.06432	0.52802	0.01708	0.00841	0.00236	0.00354	0.01444	0.00695	0.00621
45	0.01904	0.75404	0.03731	0.01218	0.01828	0.02818	0.01218	0.02132	0.01447	0.01675	0.00990	0.01142	0.00914	0.00609	0.00457	0.00152	0.00761	0.00381	0.00305	0.00914
46	0.01237	0.00618	0.00928	0.00928	0.00928	0.00618	0.00618	0.00928	0.00928	0.01237	0.01237	0.02165	0.01237	0.02474	0.02783	0.79283	0.00618	0.00618	0.00309	0.00309
47	0.02303	0.01759	0.01872	0.01519	0.02008	0.01971	0.01228	0.41903	0.26467	0.03857	0.02161	0.02094	0.01583	0.00893	0.00705	0.00221	0.00682	0.00700	0.04920	0.01152
48	0.01358	0.01292	0.02218	0.70450	0.04857	0.01591	0.04620	0.01838	0.01434	0.01838	0.01273	0.01899	0.00954	0.00707	0.00717	0.00237	0.00959	0.00641	0.00318	0.00798
49	0.00864	0.00722	0.00752	0.00745	0.00976	0.00611	0.00559	0.01065	0.01676	0.02049	0.15713	0.06646	0.61666	0.01756	0.00841	0.00238	0.00357	0.01474	0.00678	0.00611
50	0.01147	0.00820	0.01147	0.01311	0.01475	0.00820	0.01147	0.01475	0.01639	0.02131	0.03770	0.08032	0.04098	0.01967	0.00984	0.00328	0.00656	0.65741	0.00656	0.00656
51	0.01489	0.01277	0.01482	0.01071	0.01694	0.00984	0.00856	0.01877	0.04343	0.02348	0.01335	0.01526	0.01102	0.00546	0.00536	0.00111	0.00529	0.00438	0.00435	0.76020
52	0.01629	0.05138	0.18319	0.02543	0.22755	0.01549	0.08886	0.02111	0.01643	0.06855	0.11466	0.02503	0.02026	0.00872	0.00844	0.00229	0.05732	0.03473	0.00447	0.00979
53	0.01428	0.03683	0.71286	0.02030	0.03082	0.01654	0.02631	0.02255	0.01503	0.02255	0.01278	0.01503	0.00902	0.00677	0.00677	0.00226	0.01052	0.00526	0.00301	0.01052
54	0.01477	0.01266	0.01477	0.01055	0.01687	0.00949	0.00844	0.01793	0.01477	0.02320	0.01266	0.01477	0.01055	0.00527	0.00527	0.00105	0.00527	0.00422	0.00422	0.79328
55	0.01145	0.00888	0.01065	0.01040	0.01235	0.00902	0.00770	0.01813	0.17490	0.02594	0.35854	0.21410	0.07919	0.01543	0.00830	0.00244	0.00409	0.01362	0.00735	0.00752
56	0.09889	0.02682	0.04650	0.02278	0.16850	0.39544	0.01535	0.10135	0.01989	0.02343	0.01218	0.01432	0.00982	0.00717	0.00646	0.00198	0.01053	0.00513	0.00408	0.00938
57	0.70081	0.01529	0.04187	0.01043	0.01521	0.01651	0.00901	0.07666	0.01404	0.03263	0.01064	0.01218	0.00814	0.00678	0.00474	0.00220	0.00592	0.00413	0.00457	0.00820
58	0.00901	0.00704	0.00944	0.01003	0.01123	0.00640	0.03527	0.01056	0.01434	0.01852	0.04614	0.51959	0.21334	0.04166	0.00968	0.00286	0.00442	0.01810	0.00641	0.00596
59	0.01942	0.01998	0.06300	0.08888	0.46364	0.11569	0.01994	0.05173	0.01749	0.05271	0.01377	0.01718	0.01104	0.00677	0.00696	0.00211	0.00913	0.00608	0.00387	0.01063

[dist]
# distance from previous block
# <min> <max>
0	1

[block]
# block no. 4 follows, 29 sequences, length 21
# corresponding to MSA columns:
# 270-290
name=unknown_E
#
# <colnr> <probs for GDERKNQSTAVLIFYWHMCP>
#	G	D	E	R	K	N	Q	S	T	A	V	L	I	F	Y	W	H	M	C	P
0	0.02549	0.01516	0.01745	0.01400	0.01902	0.01576	0.01136	0.24828	0.18442	0.28503	0.02739	0.02517	0.05920	0.00950	0.00725	0.00224	0.00639	0.00761	0.00774	0.01154
1	0.00988	0.00727	0.00925	0.00875	0.01052	0.00664	0.00656	0.01306	0.01969	0.02745	0.62721	0.05500	0.14224	0.01497	0.00840	0.00226	0.00339	0.01313	0.00769	0.00664
2	0.02590	0.10016	0.02175	0.01778	0.02167	0.65744	0.01361	0.02778	0.01965	0.01737	0.01090	0.01271	0.00917	0.00722	0.00625	0.00181	0.01236	0.00451	0.00361	0.00834
3	0.01023	0.00739	0.01023	0.01023	0.01108	0.00824	0.00739	0.01194	0.01108	0.01563	0.02018	0.03412	0.02047	0.28332	0.49526	0.00994	0.01505	0.00853	0.00398	0.00568
4	0.02792	0.01776	0.17549	0.01441	0.02106	0.01185	0.01408	0.03193	0.01916	0.55327	0.02460	0.02214	0.01566	0.00835	0.00707	0.00222	0.00708	0.00673	0.00749	0.01175
5	0.03195	0.01212	0.01652	0.01267	0.01818	0.01047	0.01047	0.03470	0.02038	0.71026	0.02809	0.02424	0.01763	0.00881	0.00716	0.00220	0.00606	0.00716	0.00881	0.01212
6	0.00885	0.00633	0.00842	0.00979	0.01037	0.00590	0.00662	0.01036	0.01446	0.01950	0.12342	0.65717	0.04965	0.02132	0.00900	0.00281	0.00403	0.01931	0.00677	0.00590
7	0.01428	0.03683	0.71286	0.02030	0.03082	0.01654	0.02631	0.02255	0.01503	0.02255	0.01278	0.01503	0.00902	0.00677	0.00677	0.00226	0.01052	0.00526	0.00301	0.01052
8	0.01393	0.01332	0.02146	0.56965	0.04211	0.01719	0.01882	0.01795	0.01348	0.01795	0.01190	0.01821	0.00946	0.00834	0.01083	0.00254	0.17551	0.00631	0.00315	0.00788
9	0.01017	0.00763	0.01144	0.01144	0.01272	0.00890	0.00890	0.01272	0.01144	0.01653	0.01907	0.02797	0.01780	0.05340	0.72153	0.01144	0.01907	0.00763	0.00381	0.00636
10	0.01732	0.01661	0.02835	0.09422	0.65721	0.01684	0.02170	0.02158	0.01607	0.02289	0.01334	0.01772	0.01115	0.00640	0.00705	0.00213	0.00854	0.00634	0.00350	0.01103
11	0.01237	0.00618	0.00928	0.00928	0.00928	0.00618	0.00618	0.00928	0.00928	0.01237	0.01237	0.02165	0.01237	0.02474	0.02783	0.79283	0.00618	0.00618	0.00309	0.00309
12	0.00842	0.00721	0.00721	0.00721	0.00962	0.00601	0.00541	0.01022	0.01623	0.01924	0.07213	0.06853	0.70244	0.01803	0.00842	0.00240	0.00361	0.01503	0.00661	0.00601
13	0.00910	0.00753	0.00805	0.00832	0.01038	0.00675	0.00608	0.01202	0.06141	0.01971	0.06171	0.22014	0.50676	0.01844	0.00849	0.00252	0.00386	0.01575	0.00665	0.00632
14	0.05589	0.02584	0.02175	0.06880	0.08871	0.38244	0.03751	0.14374	0.02076	0.02375	0.01241	0.01482	0.00993	0.00770	0.00772	0.00207	0.05731	0.00541	0.00424	0.00921
15	0.01408	0.01330	0.02251	0.62785	0.14887	0.01599	0.02009	0.01875	0.01454	0.01896	0.01277	0.01878	0.00976	0.00700	0.00711	0.00233	0.00934	0.00633	0.00322	0.00842
16	0.01008	0.00728	0.00952	0.00896	0.01064	0.00672	0.00672	0.01344	0.02016	0.02855	0.70158	0.05319	0.06719	0.01456	0.00840	0.00224	0.00336	0.01288	0.00784	0.00672
17	0.01391	0.01343	0.02292	0.60942	0.04513	0.01658	0.06773	0.01843	0.01409	0.01843	0.01245	0.01866	0.00957	0.00757	0.00885	0.00245	0.08271	0.00647	0.00319	0.00802
18	0.02586	0.01900	0.02039	0.01576	0.02105	0.02098	0.01287	0.63303	0.03181	0.04263	0.01748	0.01923	0.01311	0.06217	0.00923	0.00248	0.00777	0.00670	0.00692	0.01155
19	0.01457	0.01465	0.01408	0.01349	0.01532	0.19105	0.01040	0.01690	0.01365	0.01678	0.01664	0.02363	0.01527	0.04006	0.51193	0.00867	0.04547	0.00680	0.00375	0.00690
20	0.74718	0.06388	0.01228	0.00955	0.01408	0.01680	0.00801	0.02096	0.01228	0.03092	0.00991	0.01156	0.00781	0.00657	0.00442	0.00216	0.00565	0.00385	0.00431	0.00781

[dist]
# distance from previous block
# <min> <max>
0	4

[block]
# block no. 5 follows, 29 sequences, length 74
# corresponding to MSA columns:
# 295-368
name=unknown_F
#
# <colnr> <probs for GDERKNQSTAVLIFYWHMCP>
#	G	D	E	R	K	N	Q	S	T	A	V	L	I	F	Y	W	H	M	C	P
0	0.01147	0.00820	0.01147	0.01311	0.01475	0.00820	0.01147	0.01475	0.01639	0.02131	0.03770	0.08032	0.04098	0.01967	0.00984	0.00328	0.00656	0.65741	0.00656	0.00656
1	0.01762	0.01692	0.02890	0.04371	0.70533	0.01692	0.02185	0.02185	0.01621	0.02326	0.01339	0.01762	0.01128	0.00634	0.00705	0.00211	0.00846	0.00634	0.00352	0.01128
2	0.01008	0.00728	0.00952	0.00896	0.01064	0.00672	0.00672	0.01344	0.02016	0.02855	0.70158	0.05319	0.06719	0.01456	0.00840	0.00224	0.00336	0.01288	0.00784	0.00672
3	0.01147	0.00820	0.01147	0.01311	0.01475	0.00820	0.01147	0.01475	0.01639	0.02131	0.03770	0.08032	0.04098	0.01967	0.00984	0.00328	0.00656	0.65741	0.00656	0.00656
4	0.00868	0.00620	0.00826	0.00991	0.01033	0.00578	0.00661	0.00991	0.01363	0.01818	0.03925	0.74510	0.04710	0.02231	0.00909	0.00289	0.00413	0.02024	0.00661	0.00578
5	0.01771	0.01530	0.01610	0.01449	0.01852	0.01771	0.01127	0.03784	0.69247	0.02979	0.02898	0.02657	0.02174	0.00966	0.00725	0.00242	0.00564	0.00805	0.00725	0.01127
6	0.00868	0.00620	0.00826	0.00991	0.01033	0.00578	0.00661	0.00991	0.01363	0.01818	0.03925	0.74510	0.04710	0.02231	0.00909	0.00289	0.00413	0.02024	0.00661	0.00578
7	0.01036	0.00690	0.00777	0.00777	0.00777	0.00690	0.00431	0.01036	0.01036	0.01381	0.02244	0.04660	0.02589	0.74975	0.03624	0.00690	0.00690	0.01036	0.00431	0.00431
8	0.01558	0.01558	0.02181	0.01869	0.01869	0.02181	0.01558	0.01714	0.01091	0.01714	0.00935	0.01558	0.00935	0.01246	0.02337	0.00312	0.73672	0.00623	0.00312	0.00779
9	0.01558	0.01558	0.02181	0.01869	0.01869	0.02181	0.01558	0.01714	0.01091	0.01714	0.00935	0.01558	0.00935	0.01246	0.02337	0.00312	0.73672	0.00623	0.00312	0.00779
10	0.02707	0.01995	0.02137	0.01638	0.02208	0.02208	0.01353	0.68159	0.03348	0.04488	0.01710	0.01710	0.01211	0.00855	0.00712	0.00214	0.00784	0.00641	0.00712	0.01211
11	0.00868	0.00620	0.00826	0.00991	0.01033	0.00578	0.00661	0.00991	0.01363	0.01818	0.03925	0.74510	0.04710	0.02231	0.00909	0.00289	0.00413	0.02024	0.00661	0.00578
12	0.01477	0.01266	0.01477	0.01055	0.01687	0.00949	0.00844	0.01793	0.01477	0.02320	0.01266	0.01477	0.01055	0.00527	0.00527	0.00105	0.00527	0.00422	0.00422	0.79328
13	0.01542	0.01264	0.01483	0.01063	0.01692	0.00953	0.00851	0.01857	0.01498	0.04942	0.01325	0.01513	0.01082	0.00541	0.00535	0.00110	0.00530	0.00433	0.00439	0.76348
14	0.01237	0.00618	0.00928	0.00928	0.00928	0.00618	0.00618	0.00928	0.00928	0.01237	0.01237	0.02165	0.01237	0.02474	0.02783	0.79283	0.00618	0.00618	0.00309	0.00309
15	0.03195	0.01212	0.01652	0.01267	0.01818	0.01047	0.01047	0.03470	0.02038	0.71026	0.02809	0.02424	0.01763	0.00881	0.00716	0.00220	0.00606	0.00716	0.00881	0.01212
16	0.57450	0.01366	0.01247	0.01051	0.01525	0.01491	0.00867	0.05578	0.01517	0.19924	0.01472	0.01494	0.01036	0.00724	0.00521	0.00220	0.00575	0.00479	0.00562	0.00900
17	0.01618	0.29504	0.43277	0.01859	0.06169	0.02076	0.02097	0.02207	0.01489	0.02049	0.01177	0.01386	0.00918	0.00650	0.00599	0.00198	0.00936	0.00479	0.00305	0.01006
18	0.01010	0.00756	0.01129	0.01137	0.01260	0.00875	0.00879	0.01258	0.01155	0.01661	0.02003	0.06212	0.01920	0.05192	0.68761	0.01104	0.01836	0.00823	0.00395	0.00633
19	0.80005	0.01377	0.01047	0.00936	0.01377	0.01597	0.00771	0.02093	0.01212	0.03195	0.00991	0.01157	0.00771	0.00661	0.00441	0.00220	0.00551	0.00386	0.00441	0.00771
20	0.80005	0.01377	0.01047	0.00936	0.01377	0.01597	0.00771	0.02093	0.01212	0.03195	0.00991	0.01157	0.00771	0.00661	0.00441	0.00220	0.00551	0.00386	0.00441	0.00771
21	0.01237	0.00618	0.00928	0.00928	0.00928	0.00618	0.00618	0.00928	0.00928	0.01237	0.01237	0.02165	0.01237	0.02474	0.02783	0.79283	0.00618	0.00618	0.00309	0.00309
22	0.01762	0.01692	0.02890	0.04371	0.70533	0.01692	0.02185	0.02185	0.01621	0.02326	0.01339	0.01762	0.01128	0.00634	0.00705	0.00211	0.00846	0.00634	0.00352	0.01128
23	0.01077	0.00786	0.00991	0.01084	0.01213	0.00767	0.00803	0.06878	0.01611	0.02118	0.04002	0.49365	0.10227	0.02023	0.00900	0.00286	0.00487	0.14068	0.00664	0.00650
24	0.01462	0.06039	0.65378	0.02125	0.06579	0.01696	0.02559	0.02247	0.01508	0.02239	0.01271	0.01505	0.00914	0.00672	0.00670	0.00222	0.01032	0.00527	0.00304	0.01052
25	0.01749	0.01678	0.02866	0.06598	0.68412	0.01688	0.02179	0.02173	0.01615	0.02310	0.01337	0.01767	0.01122	0.00637	0.00705	0.00212	0.00849	0.00634	0.00351	0.01117
26	0.01771	0.01530	0.01610	0.01449	0.01852	0.01771	0.01127	0.03784	0.69247	0.02979	0.02898	0.02657	0.02174	0.00966	0.00725	0.00242	0.00564	0.00805	0.00725	0.01127
27	0.01001	0.00728	0.00943	0.00889	0.01060	0.00669	0.00667	0.01331	0.02001	0.02820	0.67756	0.05378	0.09142	0.01469	0.00840	0.00225	0.00337	0.01296	0.00779	0.00669
28	0.04896	0.69131	0.06845	0.01246	0.01870	0.02715	0.01268	0.02137	0.01440	0.01762	0.01004	0.01160	0.00908	0.00614	0.00467	0.00158	0.00767	0.00388	0.00310	0.00915
29	0.01017	0.00763	0.01144	0.01144	0.01272	0.00890	0.00890	0.01272	0.01144	0.01653	0.01907	0.02797	0.01780	0.05340	0.72153	0.01144	0.01907	0.00763	0.00381	0.00636
30	0.01036	0.00690	0.00777	0.00777	0.00777	0.00690	0.00431	0.01036	0.01036	0.01381	0.02244	0.04660	0.02589	0.74975	0.03624	0.00690	0.00690	0.01036	0.00431	0.00431
31	0.01072	0.00788	0.01047	0.01181	0.01351	0.00763	0.01003	0.01359	0.01617	0.02071	0.04408	0.12505	0.16184	0.01956	0.00952	0.00309	0.00585	0.49552	0.00657	0.00640
32	0.01691	0.42668	0.28306	0.01633	0.04499	0.02284	0.01766	0.02143	0.01455	0.01909	0.01131	0.01352	0.00941	0.00785	0.02618	0.00213	0.02878	0.00460	0.00307	0.00960
33	0.01036	0.00690	0.00777	0.00777	0.00777	0.00690	0.00431	0.01036	0.01036	0.01381	0.02244	0.04660	0.02589	0.74975	0.03624	0.00690	0.00690	0.01036	0.00431	0.00431
34	0.01771	0.01530	0.01610	0.01449	0.01852	0.01771	0.01127	0.03784	0.69247	0.02979	0.02898	0.02657	0.02174	0.00966	0.00725	0.00242	0.00564	0.00805	0.00725	0.01127
35	0.01401	0.01315	0.02216	0.60673	0.14566	0.01574	0.01982	0.01863	0.01460	0.01905	0.01358	0.02077	0.01078	0.00741	0.00720	0.00236	0.00924	0.02743	0.00333	0.00837
36	0.00877	0.00635	0.00829	0.00966	0.01030	0.00587	0.00654	0.01020	0.01431	0.01904	0.09215	0.64650	0.09286	0.02143	0.00899	0.00281	0.00404	0.01933	0.00670	0.00587
37	0.01003	0.00728	0.00945	0.00890	0.01061	0.00670	0.00668	0.01334	0.02004	0.02827	0.68216	0.05366	0.08678	0.01466	0.00840	0.00224	0.00337	0.01294	0.00780	0.00670
38	0.01115	0.00735	0.00939	0.00880	0.01060	0.00683	0.00663	0.01448	0.01954	0.04976	0.59930	0.04909	0.05978	0.01363	0.00795	0.00217	0.00344	0.01195	0.10129	0.00688
39	0.02587	0.58589	0.07370	0.01773	0.02392	0.07454	0.01564	0.02616	0.01921	0.02397	0.01767	0.02216	0.01617	0.01114	0.00810	0.00298	0.01033	0.00646	0.00566	0.01269
40	0.02966	0.02188	0.02306	0.06450	0.02596	0.04428	0.01509	0.44073	0.03087	0.04257	0.02395	0.02819	0.01932	0.01348	0.01040	0.02572	0.00968	0.00858	0.10812	0.01396
41	0.01138	0.00878	0.01231	0.01403	0.09460	0.00849	0.00946	0.01526	0.04018	0.02621	0.45268	0.08892	0.05364	0.01468	0.00848	0.00244	0.00461	0.11951	0.00703	0.00733
42	0.02056	0.01391	0.01606	0.01387	0.03647	0.01472	0.01043	0.33314	0.02357	0.10319	0.06065	0.11260	0.02264	0.14502	0.03731	0.00342	0.00719	0.00926	0.00656	0.00943
43	0.01843	0.66202	0.12399	0.01322	0.01989	0.02668	0.01400	0.02148	0.01454	0.01750	0.01027	0.01189	0.00912	0.00618	0.00485	0.00162	0.00799	0.00399	0.00304	0.00932
44	0.01080	0.00808	0.01001	0.01029	0.01228	0.00739	0.00792	0.02948	0.01571	0.02115	0.07630	0.27857	0.14975	0.03702	0.00921	0.00270	0.00489	0.17640	0.03170	0.10036
45	0.01052	0.00792	0.00998	0.00903	0.01131	0.00700	0.00683	0.01375	0.01924	0.02726	0.57512	0.04967	0.10492	0.01369	0.00803	0.00211	0.00361	0.01199	0.00732	0.10070
