[name]
unknown

[dist]
# distance from previous block
# <min> <max>
0	0

[block]
# block no. 0 follows, 28 sequences, length 11
# corresponding to MSA columns:
# 2-12
name=unknown_A
#
# <colnr> <probs for GDERKNQSTAVLIFYWHMCP>
#	G	D	E	R	K	N	Q	S	T	A	V	L	I	F	Y	W	H	M	C	P
0	0.01171	0.00837	0.01171	0.01339	0.01506	0.00837	0.01171	0.01506	0.01673	0.02175	0.03849	0.08199	0.04183	0.02008	0.01004	0.00335	0.00669	0.65027	0.00669	0.00669
1	0.01794	0.01758	0.02842	0.10038	0.55514	0.04405	0.04898	0.02310	0.04998	0.02339	0.01435	0.01845	0.01179	0.00674	0.00725	0.00220	0.00891	0.00658	0.00376	0.01103
2	0.05677	0.03923	0.01707	0.01298	0.01801	0.01290	0.01063	0.10272	0.06761	0.46191	0.06203	0.06364	0.02129	0.00990	0.00729	0.00227	0.00614	0.00808	0.00814	0.01139
3	0.00884	0.00639	0.00837	0.00995	0.01050	0.00592	0.00667	0.01014	0.01408	0.01862	0.04215	0.69808	0.08844	0.02250	0.00924	0.00292	0.00418	0.02033	0.00675	0.00592
4	0.00924	0.00659	0.00836	0.00950	0.01005	0.00618	0.00626	0.01045	0.01391	0.01850	0.08085	0.53222	0.08508	0.15024	0.01412	0.00361	0.00464	0.01807	0.00641	0.00571
5	0.05163	0.02371	0.01865	0.01762	0.04705	0.36785	0.01311	0.05923	0.03885	0.02030	0.01391	0.01774	0.01199	0.01882	0.17002	0.00430	0.08700	0.00582	0.00405	0.00835
6	0.01676	0.01503	0.01590	0.01174	0.01795	0.06420	0.00934	0.05915	0.01666	0.02459	0.01307	0.01507	0.01076	0.00575	0.00559	0.00120	0.00613	0.00447	0.00444	0.68220
7	0.01523	0.12406	0.40672	0.01747	0.02500	0.01783	0.02004	0.02319	0.09392	0.02340	0.09337	0.02079	0.01764	0.00851	0.00810	0.00228	0.06181	0.00648	0.00416	0.00999
8	0.01849	0.09907	0.01945	0.05309	0.06092	0.01492	0.01137	0.15578	0.01948	0.06999	0.02112	0.07131	0.06619	0.00879	0.00655	0.00181	0.00648	0.00716	0.00534	0.28269
9	0.01735	0.01326	0.01517	0.05767	0.01811	0.01344	0.00994	0.24774	0.02097	0.02850	0.02460	0.10815	0.07700	0.14594	0.01271	0.00298	0.00661	0.00917	0.00579	0.16490
10	0.01428	0.01016	0.01180	0.01109	0.01320	0.01040	0.00811	0.16665	0.01847	0.04326	0.03468	0.28224	0.12469	0.14625	0.06671	0.00405	0.00672	0.01351	0.00631	0.00741

[dist]
# distance from previous block
# <min> <max>
29	44

[block]
# block no. 1 follows, 28 sequences, length 10
# corresponding to MSA columns:
# 61-70
name=unknown_B
#
# <colnr> <probs for GDERKNQSTAVLIFYWHMCP>
#	G	D	E	R	K	N	Q	S	T	A	V	L	I	F	Y	W	H	M	C	P
0	0.01533	0.01083	0.01286	0.03854	0.01572	0.01107	0.00908	0.06758	0.16902	0.09083	0.05951	0.26393	0.07486	0.06956	0.01023	0.00284	0.00545	0.01263	0.00675	0.05336
1	0.02018	0.01312	0.01509	0.01344	0.03781	0.03285	0.01018	0.07146	0.19751	0.20344	0.12109	0.05903	0.09060	0.01108	0.00752	0.00226	0.00568	0.00927	0.02341	0.05499
2	0.01692	0.01266	0.01409	0.01417	0.08028	0.07688	0.00978	0.02088	0.06122	0.14339	0.21832	0.04142	0.19132	0.01230	0.00777	0.00221	0.00566	0.01037	0.00680	0.05355
3	0.02129	0.01867	0.02344	0.12520	0.29648	0.12232	0.01745	0.06772	0.09799	0.11182	0.01726	0.01936	0.01309	0.00761	0.00715	0.00220	0.00876	0.00652	0.00495	0.01074
4	0.02966	0.01392	0.01744	0.01372	0.01912	0.01339	0.01122	0.11841	0.12813	0.51236	0.02737	0.02418	0.01793	0.00910	0.00732	0.00227	0.00635	0.00736	0.00852	0.01223
5	0.01721	0.03118	0.06884	0.01470	0.05981	0.01293	0.01156	0.08727	0.14916	0.11250	0.27727	0.06618	0.03740	0.01158	0.00779	0.00231	0.00570	0.00993	0.00711	0.00958
6	0.01195	0.00761	0.00973	0.01035	0.01174	0.00708	0.00730	0.03866	0.01591	0.08733	0.06807	0.54963	0.10646	0.02014	0.00891	0.00278	0.00447	0.01799	0.00704	0.00685
7	0.09591	0.63994	0.03450	0.01248	0.01840	0.06308	0.01207	0.02210	0.01484	0.01866	0.01017	0.01175	0.00919	0.00634	0.00475	0.00164	0.00784	0.00393	0.00328	0.00914
8	0.02647	0.01927	0.02086	0.01616	0.02153	0.02129	0.01324	0.62350	0.03227	0.04325	0.01708	0.01781	0.01238	0.01000	0.00891	0.06298	0.00787	0.00653	0.00695	0.01165
9	0.02734	0.01308	0.03903	0.01450	0.04561	0.01139	0.01169	0.03196	0.07569	0.50643	0.05512	0.03101	0.02209	0.01019	0.00761	0.00237	0.00633	0.06891	0.00819	0.01145

[dist]
# distance from previous block
# <min> <max>
6	11

[block]
# block no. 2 follows, 28 sequences, length 126
# corresponding to MSA columns:
# 82-132,135-209
name=unknown_C
#
# <colnr> <probs for GDERKNQSTAVLIFYWHMCP>
#	G	D	E	R	K	N	Q	S	T	A	V	L	I	F	Y	W	H	M	C	P
0	0.05480	0.60182	0.08746	0.01347	0.01963	0.05806	0.01354	0.02202	0.01484	0.01832	0.01037	0.01217	0.00926	0.00658	0.00559	0.00172	0.03373	0.00413	0.00320	0.00928
1	0.04639	0.00848	0.00923	0.00882	0.01143	0.00782	0.00678	0.01481	0.06014	0.05551	0.20299	0.05942	0.42567	0.01616	0.00832	0.00243	0.00408	0.03739	0.00707	0.00703
2	0.01522	0.01456	0.02490	0.42145	0.28494	0.01626	0.04683	0.01981	0.01546	0.02069	0.01565	0.02087	0.03740	0.00737	0.00735	0.00233	0.00917	0.00690	0.00352	0.00932
3	0.02717	0.03407	0.02065	0.01865	0.02247	0.68728	0.01404	0.05520	0.02115	0.01893	0.01149	0.01328	0.00948	0.00754	0.00658	0.00189	0.01290	0.00476	0.00389	0.00859
4	0.01507	0.01292	0.01507	0.01077	0.01723	0.00969	0.00861	0.01830	0.01507	0.02369	0.01292	0.01507	0.01077	0.00538	0.00538	0.00108	0.00538	0.00431	0.00431	0.78898
5	0.02908	0.01475	0.01794	0.01411	0.01953	0.01464	0.01154	0.18348	0.13326	0.44156	0.02624	0.02345	0.01738	0.00908	0.00732	0.00227	0.00653	0.00728	0.00834	0.01223
6	0.00917	0.00679	0.00856	0.00937	0.01049	0.00619	0.00655	0.01108	0.01607	0.02140	0.20989	0.44592	0.17188	0.02000	0.00898	0.00269	0.00392	0.01781	0.00706	0.00619
7	0.02763	0.02036	0.02182	0.01672	0.02254	0.02254	0.01382	0.67496	0.03418	0.04581	0.01745	0.01745	0.01236	0.00873	0.00727	0.00218	0.00800	0.00654	0.00727	0.01236
8	0.02356	0.01824	0.01955	0.01563	0.02095	0.02010	0.01266	0.41743	0.24424	0.03909	0.02104	0.02040	0.01543	0.00883	0.00717	0.00219	0.00707	0.00691	0.00708	0.07244
9	0.02480	0.01896	0.02022	0.01615	0.02146	0.02122	0.01313	0.48649	0.22725	0.04125	0.02105	0.02032	0.01527	0.00906	0.00731	0.00227	0.00733	0.00704	0.00731	0.01211
10	0.01039	0.00775	0.01150	0.01150	0.01274	0.00899	0.00886	0.01287	0.01163	0.01674	0.01963	0.02946	0.01856	0.08718	0.68360	0.01146	0.01888	0.00792	0.00392	0.00639
11	0.01373	0.01292	0.02180	0.72707	0.05006	0.01615	0.02019	0.01857	0.01453	0.01857	0.01292	0.01938	0.00969	0.00727	0.00727	0.00242	0.00969	0.00646	0.00323	0.00807
12	0.08877	0.05329	0.02054	0.08898	0.02385	0.20362	0.01359	0.30965	0.04791	0.03211	0.01507	0.01647	0.01136	0.00801	0.00667	0.00210	0.00907	0.00578	0.03302	0.01015
13	0.02450	0.01779	0.02049	0.01583	0.02117	0.01894	0.04356	0.48790	0.02883	0.06807	0.01844	0.04750	0.01412	0.00949	0.00792	0.02967	0.00752	0.00707	0.03769	0.07351
14	0.01945	0.02269	0.19977	0.11881	0.14227	0.09452	0.04168	0.04663	0.01759	0.12224	0.03689	0.02139	0.01418	0.00826	0.00794	0.00231	0.03807	0.03060	0.00458	0.01013
15	0.00972	0.04183	0.00971	0.00945	0.01039	0.00738	0.00646	0.01092	0.01359	0.01768	0.03934	0.43920	0.13646	0.16743	0.04261	0.00398	0.00548	0.01655	0.00599	0.00582
16	0.01718	0.01378	0.01655	0.07604	0.02087	0.01184	0.01036	0.09685	0.01753	0.05459	0.01412	0.01615	0.01116	0.00610	0.00586	0.00138	0.00611	0.00489	0.00476	0.59387
17	0.01716	0.01632	0.02773	0.13398	0.58404	0.01675	0.02158	0.02151	0.01629	0.02298	0.01462	0.02088	0.01255	0.00716	0.00733	0.00224	0.00869	0.03367	0.00368	0.01085
18	0.01621	0.01288	0.01519	0.01091	0.01731	0.00975	0.00875	0.01941	0.01544	0.06764	0.01394	0.01570	0.01123	0.00562	0.00551	0.00115	0.00544	0.00450	0.00461	0.73882
19	0.02715	0.03464	0.02060	0.01873	0.02247	0.71536	0.01404	0.02903	0.02060	0.01779	0.01124	0.01311	0.00936	0.00749	0.00655	0.00187	0.01311	0.00468	0.00375	0.00843
20	0.01606	0.01732	0.03542	0.02642	0.05211	0.01596	0.50072	0.02127	0.01654	0.02286	0.01705	0.09293	0.01481	0.00775	0.00820	0.00232	0.01045	0.00921	0.00407	0.10850
21	0.01870	0.01548	0.01646	0.01471	0.01889	0.01776	0.01147	0.03849	0.65767	0.05917	0.02955	0.02702	0.02201	0.00983	0.00739	0.00246	0.00577	0.00818	0.00746	0.01154
22	0.01023	0.00739	0.00967	0.00918	0.01085	0.00682	0.00685	0.01358	0.02031	0.02873	0.66960	0.08125	0.06778	0.01517	0.00860	0.00231	0.00346	0.01344	0.00795	0.00682
23	0.00892	0.00635	0.00842	0.01004	0.01044	0.00595	0.00666	0.01014	0.01379	0.01839	0.03942	0.71362	0.04726	0.05007	0.01033	0.00311	0.00432	0.02028	0.00666	0.00585
24	0.01690	0.37778	0.38703	0.01676	0.02534	0.02256	0.01996	0.02242	0.01507	0.02019	0.01164	0.01358	0.00927	0.00658	0.00583	0.00194	0.00932	0.00466	0.00309	0.01007
25	0.03261	0.01237	0.01687	0.01293	0.01856	0.01068	0.01068	0.03543	0.02081	0.70423	0.02868	0.02474	0.01799	0.00900	0.00731	0.00225	0.00619	0.00731	0.00900	0.01237
26	0.01716	0.01961	0.04289	0.03064	0.03799	0.01838	0.67279	0.02328	0.01716	0.02328	0.01471	0.01961	0.01103	0.00613	0.00858	0.00245	0.01225	0.00858	0.00368	0.00980
27	0.06174	0.01364	0.01643	0.01347	0.01848	0.01366	0.01086	0.03597	0.26541	0.42575	0.02817	0.02503	0.01908	0.00921	0.00721	0.00233	0.00600	0.00749	0.00820	0.01185
28	0.01477	0.01398	0.02368	0.56088	0.20813	0.01642	0.02070	0.01948	0.01503	0.01983	0.01310	0.01904	0.01013	0.00707	0.00725	0.00236	0.00943	0.00646	0.00332	0.00891
29	0.01022	0.00743	0.00963	0.00908	0.01082	0.00683	0.00681	0.01359	0.02043	0.02879	0.67197	0.05489	0.09220	0.01499	0.00857	0.00229	0.00344	0.01323	0.00795	0.00683
30	0.01355	0.00678	0.00678	0.00678	0.00847	0.00678	0.00508	0.01694	0.01524	0.02710	0.02371	0.02710	0.01863	0.00847	0.00508	0.00169	0.00339	0.00678	0.78489	0.00678
31	0.01808	0.01561	0.01644	0.01479	0.01890	0.01808	0.01151	0.03863	0.68606	0.03041	0.02959	0.02712	0.02219	0.00986	0.00740	0.00247	0.00575	0.00822	0.00740	0.01151
32	0.79588	0.01406	0.01068	0.00956	0.01406	0.01631	0.00787	0.02137	0.01237	0.03261	0.01012	0.01181	0.00787	0.00675	0.00450	0.00225	0.00562	0.00394	0.00450	0.00787
33	0.01507	0.01292	0.01507	0.01077	0.01723	0.00969	0.00861	0.01830	0.01507	0.02369	0.01292	0.01507	0.01077	0.00538	0.00538	0.00108	0.00538	0.00431	0.00431	0.78898
34	0.01808	0.01561	0.01644	0.01479	0.01890	0.01808	0.01151	0.03863	0.68606	0.03041	0.02959	0.02712	0.02219	0.00986	0.00740	0.00247	0.00575	0.00822	0.00740	0.01151
35	0.01716	0.01961	0.04289	0.03064	0.03799	0.01838	0.67279	0.02328	0.01716	0.02328	0.01471	0.01961	0.01103	0.00613	0.00858	0.00245	0.01225	0.00858	0.00368	0.00980
36	0.01808	0.01561	0.01644	0.01479	0.01890	0.01808	0.01151	0.03863	0.68606	0.03041	0.02959	0.02712	0.02219	0.00986	0.00740	0.00247	0.00575	0.00822	0.00740	0.01151
37	0.01537	0.01459	0.02476	0.46488	0.29945	0.01658	0.02100	0.02001	0.01531	0.02056	0.01321	0.01885	0.01039	0.00696	0.00724	0.00232	0.00928	0.00647	0.00337	0.00940
38	0.01507	0.01292	0.01507	0.01077	0.01723	0.00969	0.00861	0.01830	0.01507	0.02369	0.01292	0.01507	0.01077	0.00538	0.00538	0.00108	0.00538	0.00431	0.00431	0.78898
39	0.00886	0.00633	0.00843	0.01012	0.01054	0.00590	0.00675	0.01012	0.01392	0.01856	0.04006	0.73979	0.04808	0.02277	0.00928	0.00295	0.00422	0.02066	0.00675	0.00590
40	0.13777	0.08327	0.02044	0.04344	0.02149	0.19124	0.01279	0.24419	0.12297	0.03120	0.01587	0.01659	0.01208	0.00803	0.00649	0.00211	0.00861	0.00573	0.00551	0.01018
41	0.01552	0.03563	0.64531	0.02081	0.03117	0.01667	0.05530	0.02360	0.01568	0.05420	0.01384	0.01597	0.00969	0.00697	0.00700	0.00231	0.01060	0.00560	0.00337	0.01077
42	0.01688	0.21470	0.44926	0.01909	0.02816	0.01972	0.07683	0.02331	0.01561	0.05379	0.01318	0.01522	0.00981	0.00677	0.00650	0.00212	0.00990	0.00536	0.00341	0.01038
43	0.01706	0.02032	0.06899	0.03025	0.03773	0.01832	0.64740	0.02327	0.01709	0.02327	0.01464	0.01944	0.01096	0.00616	0.00851	0.00245	0.01220	0.00845	0.00365	0.00984
44	0.03261	0.01237	0.01687	0.01293	0.01856	0.01068	0.01068	0.03543	0.02081	0.70423	0.02868	0.02474	0.01799	0.00900	0.00731	0.00225	0.00619	0.00731	0.00900	0.01237
45	0.01033	0.00695	0.00800	0.00824	0.00830	0.00689	0.00474	0.01051	0.01104	0.01472	0.02533	0.14530	0.02948	0.64264	0.03308	0.00647	0.00665	0.01200	0.00474	0.00462
46	0.01799	0.01727	0.02950	0.04462	0.69919	0.01727	0.02231	0.02231	0.01655	0.02375	0.01367	0.01799	0.01151	0.00648	0.00720	0.00216	0.00864	0.00648	0.00360	0.01151
47	0.01029	0.00743	0.00972	0.00914	0.01086	0.00686	0.00686	0.01372	0.02058	0.02915	0.69536	0.05430	0.06859	0.01486	0.00857	0.00229	0.00343	0.01315	0.00800	0.00686
48	0.00938	0.00655	0.00828	0.00945	0.00974	0.00626	0.00603	0.01026	0.01289	0.01719	0.03480	0.52725	0.04143	0.24438	0.01779	0.00421	0.00509	0.01757	0.00603	0.00544
49	0.01943	0.74891	0.03809	0.01244	0.01866	0.02876	0.01244	0.02177	0.01477	0.01710	0.01011	0.01166	0.00933	0.00622	0.00466	0.00155	0.00777	0.00389	0.00311	0.00933
50	0.01765	0.01524	0.01603	0.01446	0.01849	0.01754	0.01124	0.03735	0.65582	0.02992	0.03158	0.02906	0.05264	0.01025	0.00745	0.00246	0.00566	0.00854	0.00737	0.01126
51	0.00859	0.00736	0.00736	0.00736	0.00982	0.00614	0.00552	0.01043	0.01657	0.01964	0.07364	0.06996	0.69624	0.01841	0.00859	0.00245	0.00368	0.01534	0.00675	0.00614
52	0.00892	0.00639	0.00857	0.01019	0.01065	0.00604	0.00685	0.01024	0.01382	0.01848	0.03919	0.70950	0.04680	0.02413	0.03936	0.00332	0.00487	0.02012	0.00663	0.00593
53	0.01436	0.01357	0.02294	0.62583	0.14635	0.01632	0.02050	0.01913	0.01483	0.01934	0.01303	0.01917	0.00996	0.00715	0.00726	0.00238	0.00953	0.00646	0.00328	0.00859
54	0.02763	0.02036	0.02182	0.01672	0.02254	0.02254	0.01382	0.67496	0.03418	0.04581	0.01745	0.01745	0.01236	0.00873	0.00727	0.00218	0.00800	0.00654	0.00727	0.01236
55	0.02756	0.01125	0.01525	0.01208	0.01681	0.00982	0.00982	0.03051	0.02075	0.55140	0.17961	0.03143	0.02945	0.01032	0.00760	0.00226	0.00556	0.00863	0.00877	0.01112
56	0.01631	0.01550	0.02602	0.31248	0.41980	0.01686	0.02110	0.02140	0.03901	0.02194	0.01393	0.01886	0.01117	0.00691	0.00723	0.00227	0.00895	0.00653	0.00358	0.01016
57	0.79588	0.01406	0.01068	0.00956	0.01406	0.01631	0.00787	0.02137	0.01237	0.03261	0.01012	0.01181	0.00787	0.00675	0.00450	0.00225	0.00562	0.00394	0.00450	0.00787
58	0.01517	0.12387	0.62576	0.01971	0.02991	0.01832	0.02511	0.02287	0.01528	0.02230	0.01269	0.01490	0.00922	0.00682	0.00663	0.00221	0.01038	0.00519	0.00307	0.01057
59	0.00896	0.00649	0.00850	0.01006	0.01068	0.00602	0.00687	0.01035	0.01423	0.01877	0.04241	0.66407	0.09439	0.02235	0.00926	0.00293	0.00428	0.04669	0.00675	0.00595
60	0.01759	0.01685	0.02856	0.04303	0.66983	0.01680	0.02159	0.02180	0.01655	0.02357	0.01623	0.02020	0.04068	0.00698	0.00726	0.00217	0.00842	0.00685	0.00373	0.01129
61	0.07617	0.66504	0.03535	0.01250	0.01849	0.05716	0.01217	0.02205	0.01484	0.01826	0.01016	0.01173	0.00922	0.00631	0.00473	0.00162	0.00785	0.00392	0.00324	0.00918
62	0.01530	0.12993	0.59621	0.01998	0.03002	0.01849	0.04761	0.02287	0.01533	0.02226	0.01272	0.01501	0.00929	0.00679	0.00667	0.00221	0.01041	0.00529	0.00310	0.01053
63	0.01530	0.12344	0.59983	0.02061	0.05515	0.01834	0.02493	0.02284	0.01532	0.02233	0.01271	0.01500	0.00931	0.00681	0.00664	0.00221	0.01030	0.00523	0.00309	0.01060
64	0.01573	0.04761	0.23623	0.02091	0.10282	0.01482	0.12085	0.02113	0.01565	0.02320	0.01323	0.01609	0.01036	0.00613	0.00654	0.00181	0.00858	0.00554	0.00370	0.30908
65	0.01029	0.00743	0.00972	0.00914	0.01086	0.00686	0.00686	0.01372	0.02058	0.02915	0.69536	0.05430	0.06859	0.01486	0.00857	0.00229	0.00343	0.01315	0.00800	0.00686
66	0.02763	0.02036	0.02182	0.01672	0.02254	0.02254	0.01382	0.67496	0.03418	0.04581	0.01745	0.01745	0.01236	0.00873	0.00727	0.00218	0.00800	0.00654	0.00727	0.01236
67	0.01790	0.01754	0.02817	0.12562	0.59006	0.04907	0.02168	0.02217	0.01649	0.02285	0.01347	0.01793	0.01120	0.00662	0.00718	0.00218	0.00897	0.00639	0.00356	0.01096
68	0.03186	0.01358	0.01762	0.01351	0.01916	0.01249	0.01116	0.13259	0.02284	0.60420	0.02697	0.02363	0.01714	0.00896	0.00730	0.00224	0.00646	0.00719	0.00873	0.01237
69	0.01716	0.01961	0.04289	0.03064	0.03799	0.01838	0.67279	0.02328	0.01716	0.02328	0.01471	0.01961	0.01103	0.00613	0.00858	0.00245	0.01225	0.00858	0.00368	0.00980
70	0.00909	0.00654	0.00867	0.01030	0.01090	0.00612	0.00712	0.01055	0.01426	0.01887	0.04119	0.65873	0.07193	0.02238	0.00932	0.00297	0.00441	0.07393	0.00674	0.00598
71	0.79588	0.01406	0.01068	0.00956	0.01406	0.01631	0.00787	0.02137	0.01237	0.03261	0.01012	0.01181	0.00787	0.00675	0.00450	0.00225	0.00562	0.00394	0.00450	0.00787
72	0.03240	0.01271	0.01708	0.01309	0.01872	0.01118	0.01082	0.06225	0.02137	0.67661	0.02821	0.02444	0.01776	0.00899	0.00731	0.00225	0.00626	0.00728	0.00892	0.01237
73	0.01057	0.00705	0.00793	0.00793	0.00793	0.00705	0.00440	0.01057	0.01057	0.01409	0.02290	0.04757	0.02643	0.74454	0.03700	0.00705	0.00705	0.01057	0.00440	0.00440
74	0.01057	0.00705	0.00793	0.00793	0.00793	0.00705	0.00440	0.01057	0.01057	0.01409	0.02290	0.04757	0.02643	0.74454	0.03700	0.00705	0.00705	0.01057	0.00440	0.00440
75	0.03075	0.01394	0.01767	0.01370	0.01925	0.01319	0.01127	0.14278	0.07013	0.54625	0.02686	0.02369	0.01735	0.00901	0.00731	0.00225	0.00646	0.00725	0.00859	0.01231
76	0.29045	0.01294	0.01478	0.01179	0.01704	0.01258	0.00973	0.03068	0.01796	0.47736	0.02241	0.02037	0.01457	0.00824	0.00636	0.00225	0.00600	0.00617	0.00748	0.01085
77	0.01171	0.00837	0.01171	0.01339	0.01506	0.00837	0.01171	0.01506	0.01673	0.02175	0.03849	0.08199	0.04183	0.02008	0.01004	0.00335	0.00669	0.65027	0.00669	0.00669
78	0.01870	0.01548	0.01645	0.01471	0.01889	0.01777	0.01147	0.03849	0.65773	0.05910	0.02955	0.02702	0.02201	0.00983	0.00739	0.00246	0.00577	0.00818	0.00746	0.01154
79	0.00859	0.00736	0.00736	0.00736	0.00982	0.00614	0.00552	0.01043	0.01657	0.01964	0.07364	0.06996	0.69624	0.01841	0.00859	0.00245	0.00368	0.01534	0.00675	0.00614
80	0.01373	0.01292	0.02180	0.72707	0.05006	0.01615	0.02019	0.01857	0.01453	0.01857	0.01292	0.01938	0.00969	0.00727	0.00727	0.00242	0.00969	0.00646	0.00323	0.00807
81	0.03211	0.01248	0.01685	0.01300	0.01857	0.01094	0.01071	0.03554	0.04385	0.68089	0.02871	0.02482	0.01814	0.00903	0.00731	0.00226	0.00617	0.00734	0.00894	0.01234
82	0.02715	0.03464	0.02060	0.01873	0.02247	0.71536	0.01404	0.02903	0.02060	0.01779	0.01124	0.01311	0.00936	0.00749	0.00655	0.00187	0.01311	0.00468	0.00375	0.00843
83	0.02996	0.01277	0.01661	0.01296	0.01823	0.01170	0.01062	0.08541	0.05317	0.56859	0.05467	0.02555	0.01981	0.00924	0.00728	0.00224	0.00610	0.00751	0.03568	0.01191
84	0.01057	0.00705	0.00793	0.00793	0.00793	0.00705	0.00440	0.01057	0.01057	0.01409	0.02290	0.04757	0.02643	0.74454	0.03700	0.00705	0.00705	0.01057	0.00440	0.00440
85	0.01507	0.01292	0.01507	0.01077	0.01723	0.00969	0.00861	0.01830	0.01507	0.02369	0.01292	0.01507	0.01077	0.00538	0.00538	0.00108	0.00538	0.00431	0.00431	0.78898
86	0.04128	0.03680	0.68308	0.02034	0.03087	0.01686	0.02621	0.02296	0.01525	0.02335	0.01294	0.01523	0.00916	0.00690	0.00682	0.00230	0.01057	0.00532	0.00312	0.01064
87	0.05697	0.01799	0.16423	0.01393	0.02081	0.01201	0.01353	0.02799	0.01788	0.36343	0.02069	0.01982	0.01391	0.00757	0.00663	0.00197	0.00694	0.00602	0.00639	0.20129
88	0.01808	0.01561	0.01644	0.01479	0.01890	0.01808	0.01151	0.03863	0.68606	0.03041	0.02959	0.02712	0.02219	0.00986	0.00740	0.00247	0.00575	0.00822	0.00740	0.01151
89	0.01716	0.01961	0.04289	0.03064	0.03799	0.01838	0.67279	0.02328	0.01716	0.02328	0.01471	0.01961	0.01103	0.00613	0.00858	0.00245	0.01225	0.00858	0.00368	0.00980
90	0.01263	0.00631	0.00947	0.00947	0.00947	0.00631	0.00631	0.00947	0.00947	0.01263	0.01263	0.02210	0.01263	0.02525	0.02841	0.78851	0.00631	0.00631	0.00316	0.00316
91	0.02763	0.02036	0.02182	0.01672	0.02254	0.02254	0.01382	0.67496	0.03418	0.04581	0.01745	0.01745	0.01236	0.00873	0.00727	0.00218	0.00800	0.00654	0.00727	0.01236
92	0.01484	0.06189	0.65996	0.02078	0.03124	0.01735	0.04919	0.02299	0.01539	0.02282	0.01300	0.01537	0.00928	0.00685	0.00689	0.00228	0.01069	0.00543	0.00309	0.01066
93	0.79588	0.01406	0.01068	0.00956	0.01406	0.01631	0.00787	0.02137	0.01237	0.03261	0.01012	0.01181	0.00787	0.00675	0.00450	0.00225	0.00562	0.00394	0.00450	0.00787
94	0.01458	0.03760	0.70688	0.02072	0.03146	0.01688	0.02686	0.02302	0.01535	0.02302	0.01304	0.01535	0.00921	0.00691	0.00691	0.00230	0.01074	0.00537	0.00307	0.01074
95	0.01694	0.01563	0.02300	0.39175	0.20353	0.04620	0.01904	0.09127	0.04615	0.02339	0.01531	0.02154	0.01231	0.00789	0.00734	0.00235	0.00910	0.03367	0.00410	0.00949
96	0.01424	0.01350	0.02250	0.61999	0.10396	0.01666	0.02008	0.01882	0.01448	0.01895	0.01275	0.01902	0.00984	0.00757	0.00839	0.00245	0.05872	0.00645	0.00326	0.00836
97	0.03261	0.01237	0.01687	0.01293	0.01856	0.01068	0.01068	0.03543	0.02081	0.70423	0.02868	0.02474	0.01799	0.00900	0.00731	0.00225	0.00619	0.00731	0.00900	0.01237
98	0.01154	0.00829	0.01147	0.01300	0.01470	0.00822	0.01130	0.01483	0.01686	0.02193	0.06311	0.08054	0.06880	0.01983	0.00993	0.00327	0.00646	0.60249	0.00674	0.00668
99	0.02375	0.22187	0.02574	0.01882	0.07799	0.38960	0.01412	0.02684	0.04884	0.04649	0.01263	0.01434	0.01048	0.00741	0.00674	0.00190	0.03436	0.00494	0.00392	0.00921
100	0.01760	0.01408	0.01758	0.03991	0.06602	0.05524	0.03993	0.02476	0.17849	0.11406	0.12475	0.05707	0.06955	0.01331	0.04216	0.00288	0.09798	0.00914	0.00617	0.00933
101	0.01051	0.00729	0.00915	0.00915	0.00958	0.00771	0.00593	0.01136	0.01093	0.01500	0.02178	0.04137	0.02374	0.51958	0.25828	0.00856	0.01110	0.00966	0.00424	0.00508
102	0.01263	0.00631	0.00947	0.00947	0.00947	0.00631	0.00631	0.00947	0.00947	0.01263	0.01263	0.02210	0.01263	0.02525	0.02841	0.78851	0.00631	0.00631	0.00316	0.00316
103	0.01507	0.01292	0.01507	0.01077	0.01723	0.00969	0.00861	0.01830	0.01507	0.02369	0.01292	0.01507	0.01077	0.00538	0.00538	0.00108	0.00538	0.00431	0.00431	0.78898
104	0.01149	0.01120	0.04742	0.01518	0.01716	0.01066	0.11462	0.01398	0.01425	0.01950	0.03070	0.46871	0.03507	0.01797	0.01103	0.00289	0.10247	0.04303	0.00562	0.00705
105	0.00886	0.00633	0.00843	0.01012	0.01054	0.00590	0.00675	0.01012	0.01392	0.01856	0.04006	0.73979	0.04808	0.02277	0.00928	0.00295	0.00422	0.02066	0.00675	0.00590
106	0.01063	0.00756	0.00950	0.00911	0.01104	0.00685	0.00690	0.01364	0.01938	0.04701	0.50099	0.08340	0.19012	0.01589	0.00862	0.00239	0.00372	0.03874	0.00768	0.00684
107	0.01373	0.01292	0.02180	0.72707	0.05006	0.01615	0.02019	0.01857	0.01453	0.01857	0.01292	0.01938	0.00969	0.00727	0.00727	0.00242	0.00969	0.00646	0.00323	0.00807
108	0.02033	0.01100	0.01330	0.01130	0.01470	0.04093	0.00882	0.02410	0.05171	0.29713	0.33639	0.03906	0.04162	0.04534	0.00922	0.00248	0.00524	0.01009	0.00801	0.00923
109	0.00886	0.00633	0.00843	0.01012	0.01054	0.00590	0.00675	0.01012	0.01392	0.01856	0.04006	0.73979	0.04808	0.02277	0.00928	0.00295	0.00422	0.02066	0.00675	0.00590
110	0.01557	0.01322	0.01534	0.01100	0.01744	0.01020	0.00882	0.04441	0.01583	0.02457	0.01310	0.01517	0.01083	0.00552	0.00546	0.00112	0.00549	0.00440	0.00442	0.75810
111	0.01732	0.01491	0.03965	0.01571	0.06762	0.01263	0.04924	0.05128	0.01631	0.07379	0.01417	0.01643	0.01129	0.00656	0.00745	0.00157	0.06428	0.00523	0.00458	0.50998
112	0.01903	0.69024	0.09325	0.01312	0.01971	0.02778	0.01363	0.02187	0.01482	0.01759	0.01035	0.01196	0.00932	0.00628	0.00485	0.00162	0.00802	0.00401	0.00311	0.00945
113	0.01071	0.00809	0.00999	0.00962	0.01154	0.00773	0.00724	0.01529	0.07784	0.02713	0.49534	0.10393	0.13759	0.01558	0.00857	0.00240	0.00382	0.03281	0.00767	0.00711
114	0.00891	0.00714	0.00797	0.00827	0.01014	0.00620	0.00601	0.01087	0.01658	0.02086	0.16230	0.22021	0.45127	0.01885	0.00874	0.00254	0.00376	0.01621	0.00694	0.00620
115	0.01057	0.00705	0.00793	0.00793	0.00793	0.00705	0.00440	0.01057	0.01057	0.01409	0.02290	0.04757	0.02643	0.74454	0.03700	0.00705	0.00705	0.01057	0.00440	0.00440
116	0.00875	0.00727	0.00766	0.00777	0.00997	0.00617	0.00575	0.01067	0.01665	0.02032	0.12149	0.13103	0.58444	0.01852	0.00865	0.00249	0.00371	0.01566	0.00685	0.00617
117	0.03261	0.01237	0.01687	0.01293	0.01856	0.01068	0.01068	0.03543	0.02081	0.70423	0.02868	0.02474	0.01799	0.00900	0.00731	0.00225	0.00619	0.00731	0.00900	0.01237
118	0.01943	0.74891	0.03809	0.01244	0.01866	0.02876	0.01244	0.02177	0.01477	0.01710	0.01011	0.01166	0.00933	0.00622	0.00466	0.00155	0.00777	0.00389	0.00311	0.00933
119	0.01507	0.01292	0.01507	0.01077	0.01723	0.00969	0.00861	0.01830	0.01507	0.02369	0.01292	0.01507	0.01077	0.00538	0.00538	0.00108	0.00538	0.00431	0.00431	0.78898
120	0.01458	0.03760	0.70688	0.02072	0.03146	0.01688	0.02686	0.02302	0.01535	0.02302	0.01304	0.01535	0.00921	0.00691	0.00691	0.00230	0.01074	0.00537	0.00307	0.01074
121	0.70530	0.06633	0.01410	0.01073	0.01548	0.01728	0.03862	0.02148	0.01276	0.03109	0.01033	0.01215	0.00812	0.00668	0.00470	0.00221	0.00608	0.00415	0.00436	0.00806
122	0.02617	0.01927	0.02083	0.01631	0.02172	0.02125	0.01343	0.61919	0.03259	0.04365	0.01929	0.05048	0.01511	0.00979	0.00747	0.00226	0.00779	0.03433	0.00723	0.01185
123	0.00891	0.00721	0.00797	0.00849	0.01042	0.00627	0.00632	0.01075	0.01599	0.01957	0.06312	0.22171	0.49528	0.01953	0.00887	0.00264	0.00406	0.06999	0.00674	0.00613
124	0.01117	0.00798	0.01109	0.01277	0.01420	0.00790	0.01077	0.01412	0.01620	0.02114	0.03879	0.20725	0.04302	0.02059	0.00990	0.00327	0.00622	0.53039	0.00670	0.00654
125	0.73641	0.01419	0.01154	0.04373	0.01601	0.01648	0.00863	0.04034	0.01311	0.03233	0.01047	0.01233	0.00809	0.00683	0.00471	0.00226	0.00588	0.00413	0.00452	0.00801

[dist]
# distance from previous block
# <min> <max>
0	1

[block]
# block no. 3 follows, 28 sequences, length 50
# corresponding to MSA columns:
# 211-260
name=unknown_D
#
# <colnr> <probs for GDERKNQSTAVLIFYWHMCP>
#	G	D	E	R	K	N	Q	S	T	A	V	L	I	F	Y	W	H	M	C	P
0	0.76472	0.01431	0.01114	0.00985	0.01440	0.01656	0.00811	0.04788	0.01326	0.03315	0.01042	0.01204	0.00805	0.00683	0.00461	0.00225	0.00572	0.00404	0.00461	0.00805
1	0.08731	0.02283	0.02070	0.01658	0.02187	0.16580	0.01340	0.49008	0.02966	0.03897	0.01559	0.01611	0.01139	0.00832	0.00691	0.00212	0.00887	0.00596	0.00632	0.01120
2	0.02697	0.01972	0.02110	0.01625	0.02188	0.02180	0.01340	0.64383	0.03328	0.04493	0.01775	0.01791	0.01266	0.00871	0.00717	0.00216	0.00778	0.00656	0.04406	0.01210
3	0.01002	0.00758	0.00842	0.00810	0.01046	0.00652	0.00611	0.01236	0.01789	0.04904	0.25191	0.06366	0.48810	0.01702	0.00854	0.00240	0.00371	0.01439	0.00720	0.00659
4	0.79588	0.01406	0.01068	0.00956	0.01406	0.01631	0.00787	0.02137	0.01237	0.03261	0.01012	0.01181	0.00787	0.00675	0.00450	0.00225	0.00562	0.00394	0.00450	0.00787
5	0.01507	0.01292	0.01507	0.01077	0.01723	0.00969	0.00861	0.01830	0.01507	0.02369	0.01292	0.01507	0.01077	0.00538	0.00538	0.00108	0.00538	0.00431	0.00431	0.78898
6	0.01745	0.01796	0.03359	0.05530	0.07648	0.01847	0.39590	0.06841	0.08198	0.02455	0.01651	0.04521	0.01332	0.00807	0.00998	0.00251	0.09180	0.00836	0.00431	0.00984
7	0.01049	0.00735	0.00948	0.00948	0.01001	0.00789	0.00633	0.01156	0.01103	0.01524	0.02149	0.03973	0.02303	0.46018	0.31670	0.00896	0.01217	0.00942	0.00419	0.00526
8	0.03931	0.00880	0.01055	0.00981	0.01200	0.00864	0.00744	0.04138	0.07505	0.02894	0.52036	0.07267	0.10841	0.01446	0.00831	0.00233	0.00392	0.01257	0.00766	0.00740
9	0.79588	0.01406	0.01068	0.00956	0.01406	0.01631	0.00787	0.02137	0.01237	0.03261	0.01012	0.01181	0.00787	0.00675	0.00450	0.00225	0.00562	0.00394	0.00450	0.00787
10	0.02596	0.03239	0.02176	0.02209	0.11030	0.62476	0.01512	0.02815	0.02007	0.01856	0.01155	0.01374	0.00964	0.00736	0.00664	0.00191	0.01253	0.00491	0.00373	0.00883
11	0.41086	0.10817	0.13111	0.01307	0.01864	0.04325	0.01260	0.08646	0.01566	0.02914	0.01182	0.01367	0.00921	0.00723	0.00605	0.00217	0.03594	0.00465	0.03134	0.00895
12	0.02015	0.01568	0.01698	0.01455	0.01916	0.01732	0.01148	0.10943	0.50393	0.08786	0.02683	0.02488	0.01983	0.00931	0.00722	0.00231	0.00602	0.00765	0.00728	0.07217
13	0.06005	0.01623	0.01995	0.16496	0.05084	0.01803	0.01429	0.30933	0.04877	0.13577	0.01817	0.01945	0.01296	0.00846	0.00765	0.00227	0.03377	0.00658	0.04169	0.01078
14	0.01476	0.06453	0.68156	0.02040	0.03098	0.01733	0.02631	0.02297	0.01532	0.02280	0.01293	0.01521	0.00921	0.00688	0.00682	0.00227	0.01063	0.00532	0.00307	0.01069
15	0.01171	0.00837	0.01171	0.01339	0.01506	0.00837	0.01171	0.01506	0.01673	0.02175	0.03849	0.08199	0.04183	0.02008	0.01004	0.00335	0.00669	0.65027	0.00669	0.00669
16	0.01373	0.01292	0.02180	0.72707	0.05006	0.01615	0.02019	0.01857	0.01453	0.01857	0.01292	0.01938	0.00969	0.00727	0.00727	0.00242	0.00969	0.00646	0.00323	0.00807
17	0.00886	0.00633	0.00843	0.01012	0.01054	0.00590	0.00675	0.01012	0.01392	0.01856	0.04006	0.73979	0.04808	0.02277	0.00928	0.00295	0.00422	0.02066	0.00675	0.00590
18	0.01029	0.00743	0.00972	0.00914	0.01086	0.00686	0.00686	0.01372	0.02058	0.02915	0.69536	0.05430	0.06859	0.01486	0.00857	0.00229	0.00343	0.01315	0.00800	0.00686
19	0.79588	0.01406	0.01068	0.00956	0.01406	0.01631	0.00787	0.02137	0.01237	0.03261	0.01012	0.01181	0.00787	0.00675	0.00450	0.00225	0.00562	0.00394	0.00450	0.00787
20	0.03170	0.01217	0.01658	0.01278	0.01824	0.01053	0.01053	0.03454	0.02080	0.67671	0.05585	0.02595	0.02006	0.00924	0.00736	0.00225	0.00607	0.00755	0.00896	0.01215
21	0.00886	0.00633	0.00843	0.01012	0.01054	0.00590	0.00675	0.01012	0.01392	0.01856	0.04006	0.73979	0.04808	0.02277	0.00928	0.00295	0.00422	0.02066	0.00675	0.00590
22	0.01373	0.01292	0.02180	0.72707	0.05006	0.01615	0.02019	0.01857	0.01453	0.01857	0.01292	0.01938	0.00969	0.00727	0.00727	0.00242	0.00969	0.00646	0.00323	0.00807
23	0.01458	0.03760	0.70688	0.02072	0.03146	0.01688	0.02686	0.02302	0.01535	0.02302	0.01304	0.01535	0.00921	0.00691	0.00691	0.00230	0.01074	0.00537	0.00307	0.01074
24	0.00975	0.00741	0.00897	0.00858	0.01053	0.00663	0.00644	0.01268	0.01931	0.02614	0.49845	0.05926	0.26738	0.01598	0.00858	0.00234	0.00351	0.01384	0.00761	0.00663
25	0.00886	0.00633	0.00843	0.01012	0.01054	0.00590	0.00675	0.01012	0.01392	0.01856	0.04006	0.73979	0.04808	0.02277	0.00928	0.00295	0.00422	0.02066	0.00675	0.00590
26	0.03261	0.01237	0.01687	0.01293	0.01856	0.01068	0.01068	0.03543	0.02081	0.70423	0.02868	0.02474	0.01799	0.00900	0.00731	0.00225	0.00619	0.00731	0.00900	0.01237
27	0.79588	0.01406	0.01068	0.00956	0.01406	0.01631	0.00787	0.02137	0.01237	0.03261	0.01012	0.01181	0.00787	0.00675	0.00450	0.00225	0.00562	0.00394	0.00450	0.00787
28	0.76561	0.01399	0.01093	0.00969	0.01424	0.01608	0.00798	0.02193	0.01271	0.05925	0.01086	0.01232	0.00827	0.00684	0.00461	0.00225	0.00565	0.00407	0.00468	0.00805
29	0.01590	0.01590	0.02226	0.01908	0.01908	0.02226	0.01590	0.01749	0.01113	0.01749	0.00954	0.01590	0.00954	0.01272	0.02385	0.00318	0.73123	0.00636	0.00318	0.00795
30	0.00886	0.00633	0.00843	0.01012	0.01054	0.00590	0.00675	0.01012	0.01392	0.01856	0.04006	0.73979	0.04808	0.02277	0.00928	0.00295	0.00422	0.02066	0.00675	0.00590
31	0.79588	0.01406	0.01068	0.00956	0.01406	0.01631	0.00787	0.02137	0.01237	0.03261	0.01012	0.01181	0.00787	0.00675	0.00450	0.00225	0.00562	0.00394	0.00450	0.00787
32	0.01041	0.00767	0.01109	0.01109	0.01219	0.00877	0.00835	0.01260	0.01151	0.01644	0.02001	0.03154	0.01947	0.16279	0.60923	0.01095	0.01752	0.00822	0.00397	0.00616
33	0.01458	0.03760	0.70688	0.02072	0.03146	0.01688	0.02686	0.02302	0.01535	0.02302	0.01304	0.01535	0.00921	0.00691	0.00691	0.00230	0.01074	0.00537	0.00307	0.01074
34	0.01458	0.03760	0.70688	0.02072	0.03146	0.01688	0.02686	0.02302	0.01535	0.02302	0.01304	0.01535	0.00921	0.00691	0.00691	0.00230	0.01074	0.00537	0.00307	0.01074
35	0.01029	0.00743	0.00972	0.00914	0.01086	0.00686	0.00686	0.01372	0.02058	0.02915	0.69536	0.05430	0.06859	0.01486	0.00857	0.00229	0.00343	0.01315	0.00800	0.00686
36	0.01729	0.01922	0.04067	0.03295	0.14752	0.01820	0.56504	0.02312	0.01706	0.02336	0.01453	0.01934	0.01111	0.00619	0.00835	0.00240	0.01166	0.00823	0.00366	0.01009
37	0.79588	0.01406	0.01068	0.00956	0.01406	0.01631	0.00787	0.02137	0.01237	0.03261	0.01012	0.01181	0.00787	0.00675	0.00450	0.00225	0.00562	0.00394	0.00450	0.00787
38	0.01043	0.00740	0.00959	0.00904	0.01076	0.00686	0.00678	0.01386	0.02035	0.02906	0.66652	0.05313	0.06644	0.01459	0.00842	0.00226	0.00343	0.01287	0.04135	0.00686
39	0.00899	0.00642	0.00858	0.01027	0.01075	0.00602	0.00697	0.01035	0.01405	0.01870	0.03999	0.70984	0.04779	0.02265	0.00931	0.00297	0.00433	0.04933	0.00675	0.00594
40	0.01514	0.01437	0.02436	0.50026	0.26580	0.01652	0.02089	0.01981	0.01521	0.02029	0.01317	0.01892	0.01030	0.00700	0.00724	0.00233	0.00934	0.00647	0.00335	0.00922
41	0.01908	0.69755	0.08638	0.01304	0.01958	0.02790	0.01348	0.02186	0.01481	0.01753	0.01032	0.01193	0.00932	0.00627	0.00483	0.00161	0.00799	0.00399	0.00311	0.00943
42	0.01018	0.00743	0.00956	0.00903	0.01079	0.00681	0.00677	0.01350	0.02031	0.02852	0.65397	0.05534	0.11037	0.01510	0.00857	0.00230	0.00345	0.01329	0.00792	0.00681
43	0.00886	0.00633	0.00843	0.01012	0.01054	0.00590	0.00675	0.01012	0.01392	0.01856	0.04006	0.73979	0.04808	0.02277	0.00928	0.00295	0.00422	0.02066	0.00675	0.00590
44	0.01507	0.01292	0.01507	0.01077	0.01723	0.00969	0.00861	0.01830	0.01507	0.02369	0.01292	0.01507	0.01077	0.00538	0.00538	0.00108	0.00538	0.00431	0.00431	0.78898
45	0.00903	0.00640	0.00838	0.00990	0.01027	0.00602	0.00651	0.01017	0.01357	0.01810	0.03829	0.66841	0.04584	0.09721	0.01214	0.00337	0.00451	0.01962	0.00651	0.00575
46	0.08443	0.02097	0.08934	0.03085	0.33869	0.11813	0.09193	0.02379	0.01693	0.06723	0.01500	0.04316	0.01237	0.00740	0.00709	0.00221	0.00932	0.00670	0.00412	0.01035
47	0.01531	0.01447	0.08919	0.01305	0.01676	0.01275	0.01131	0.15329	0.11577	0.02955	0.22601	0.11372	0.06037	0.04030	0.00918	0.00262	0.00595	0.05474	0.00683	0.00884
48	0.16716	0.08049	0.41700	0.01818	0.04886	0.01754	0.02030	0.02273	0.04347	0.02455	0.01391	0.01773	0.01094	0.00768	0.00705	0.00231	0.03506	0.03147	0.00371	0.00988
49	0.12485	0.34384	0.15857	0.01486	0.02111	0.09888	0.01491	0.05306	0.04477	0.02231	0.01195	0.01363	0.00981	0.00706	0.00620	0.00195	0.03438	0.00466	0.00374	0.00949

[dist]
# distance from previous block
# <min> <max>
0	6

[block]
# block no. 4 follows, 28 sequences, length 197
# corresponding to MSA columns:
# 267-386,433-437,456-527
name=unknown_E
#
# <colnr> <probs for GDERKNQSTAVLIFYWHMCP>
#	G	D	E	R	K	N	Q	S	T	A	V	L	I	F	Y	W	H	M	C	P
0	0.55280	0.01598	0.04182	0.03624	0.01730	0.03799	0.01000	0.08460	0.03992	0.05715	0.01484	0.01600	0.03497	0.00762	0.00539	0.00225	0.00639	0.00506	0.00499	0.00868
1	0.01217	0.00785	0.01032	0.00946	0.01151	0.00718	0.00718	0.01555	0.02060	0.08618	0.63903	0.05180	0.06431	0.01437	0.00847	0.00228	0.00366	0.01265	0.00809	0.00732
2	0.05558	0.01995	0.02120	0.01639	0.02209	0.02215	0.01351	0.62721	0.05762	0.04475	0.01763	0.01760	0.01256	0.00870	0.00717	0.00219	0.00783	0.00651	0.00717	0.01216
3	0.01474	0.03601	0.65283	0.02107	0.03126	0.01715	0.05340	0.02282	0.01526	0.02282	0.01298	0.01555	0.00930	0.00710	0.00763	0.00234	0.03851	0.00554	0.00310	0.01060
4	0.02823	0.01941	0.02122	0.01627	0.02207	0.02113	0.01344	0.59865	0.03258	0.12438	0.01879	0.01832	0.01303	0.00876	0.00728	0.00219	0.00778	0.00664	0.00748	0.01236
5	0.00886	0.00633	0.00843	0.01012	0.01054	0.00590	0.00675	0.01012	0.01392	0.01856	0.04006	0.73979	0.04808	0.02277	0.00928	0.00295	0.00422	0.02066	0.00675	0.00590
6	0.00903	0.00640	0.00838	0.00990	0.01028	0.00602	0.00651	0.01017	0.01358	0.01811	0.03835	0.67082	0.04592	0.09470	0.01204	0.00336	0.00450	0.01966	0.00651	0.00575
7	0.02785	0.02002	0.02160	0.01656	0.02237	0.02204	0.01368	0.64762	0.03361	0.07395	0.01793	0.01776	0.01260	0.00874	0.00727	0.00218	0.00792	0.00658	0.00735	0.01236
8	0.03261	0.01237	0.01687	0.01293	0.01856	0.01068	0.01068	0.03543	0.02081	0.70423	0.02868	0.02474	0.01799	0.00900	0.00731	0.00225	0.00619	0.00731	0.00900	0.01237
9	0.01044	0.00699	0.00797	0.00810	0.00813	0.00696	0.00458	0.01054	0.01083	0.01444	0.02422	0.10058	0.02808	0.68927	0.03488	0.00673	0.00683	0.01134	0.00458	0.00452
10	0.00944	0.00671	0.00892	0.01048	0.01108	0.00639	0.00737	0.01095	0.01412	0.01874	0.03853	0.58240	0.04546	0.07600	0.01146	0.00332	0.00483	0.12131	0.00656	0.00592
11	0.00859	0.00736	0.00736	0.00736	0.00982	0.00614	0.00552	0.01043	0.01657	0.01964	0.07364	0.06996	0.69624	0.01841	0.00859	0.00245	0.00368	0.01534	0.00675	0.00614
12	0.79588	0.01406	0.01068	0.00956	0.01406	0.01631	0.00787	0.02137	0.01237	0.03261	0.01012	0.01181	0.00787	0.00675	0.00450	0.00225	0.00562	0.00394	0.00450	0.00787
13	0.01716	0.01961	0.04289	0.03064	0.03799	0.01838	0.67279	0.02328	0.01716	0.02328	0.01471	0.01961	0.01103	0.00613	0.00858	0.00245	0.01225	0.00858	0.00368	0.00980
14	0.01373	0.01292	0.02180	0.72707	0.05006	0.01615	0.02019	0.01857	0.01453	0.01857	0.01292	0.01938	0.00969	0.00727	0.00727	0.00242	0.00969	0.00646	0.00323	0.00807
15	0.01171	0.00837	0.01171	0.01339	0.01506	0.00837	0.01171	0.01506	0.01673	0.02175	0.03849	0.08199	0.04183	0.02008	0.01004	0.00335	0.00669	0.65027	0.00669	0.00669
16	0.02715	0.03464	0.02060	0.01873	0.02247	0.71536	0.01404	0.02903	0.02060	0.01779	0.01124	0.01311	0.00936	0.00749	0.00655	0.00187	0.01311	0.00468	0.00375	0.00843
17	0.01373	0.01292	0.02180	0.72707	0.05006	0.01615	0.02019	0.01857	0.01453	0.01857	0.01292	0.01938	0.00969	0.00727	0.00727	0.00242	0.00969	0.00646	0.00323	0.00807
18	0.01458	0.03760	0.70688	0.02072	0.03146	0.01688	0.02686	0.02302	0.01535	0.02302	0.01304	0.01535	0.00921	0.00691	0.00691	0.00230	0.01074	0.00537	0.00307	0.01074
19	0.01808	0.01561	0.01644	0.01479	0.01890	0.01808	0.01151	0.03863	0.68606	0.03041	0.02959	0.02712	0.02219	0.00986	0.00740	0.00247	0.00575	0.00822	0.00740	0.01151
20	0.01943	0.74891	0.03809	0.01244	0.01866	0.02876	0.01244	0.02177	0.01477	0.01710	0.01011	0.01166	0.00933	0.00622	0.00466	0.00155	0.00777	0.00389	0.00311	0.00933
21	0.01373	0.01292	0.02180	0.72707	0.05006	0.01615	0.02019	0.01857	0.01453	0.01857	0.01292	0.01938	0.00969	0.00727	0.00727	0.00242	0.00969	0.00646	0.00323	0.00807
22	0.01458	0.03760	0.70688	0.02072	0.03146	0.01688	0.02686	0.02302	0.01535	0.02302	0.01304	0.01535	0.00921	0.00691	0.00691	0.00230	0.01074	0.00537	0.00307	0.01074
23	0.00886	0.00633	0.00843	0.01012	0.01054	0.00590	0.00675	0.01012	0.01392	0.01856	0.04006	0.73979	0.04808	0.02277	0.00928	0.00295	0.00422	0.02066	0.00675	0.00590
24	0.01799	0.01727	0.02950	0.04462	0.69919	0.01727	0.02231	0.02231	0.01655	0.02375	0.01367	0.01799	0.01151	0.00648	0.00720	0.00216	0.00864	0.00648	0.00360	0.01151
25	0.03261	0.01237	0.01687	0.01293	0.01856	0.01068	0.01068	0.03543	0.02081	0.70423	0.02868	0.02474	0.01799	0.00900	0.00731	0.00225	0.00619	0.00731	0.00900	0.01237
26	0.01060	0.00810	0.01209	0.01197	0.01321	0.00959	0.00935	0.01315	0.01166	0.01690	0.01909	0.02807	0.01784	0.05291	0.68913	0.01136	0.04684	0.00773	0.00387	0.00655
27	0.01355	0.00678	0.00678	0.00678	0.00847	0.00678	0.00508	0.01694	0.01524	0.02710	0.02371	0.02710	0.01863	0.00847	0.00508	0.00169	0.00339	0.00678	0.78489	0.00678
28	0.00886	0.00633	0.00843	0.01012	0.01054	0.00590	0.00675	0.01012	0.01392	0.01856	0.04006	0.73979	0.04808	0.02277	0.00928	0.00295	0.00422	0.02066	0.00675	0.00590
29	0.03199	0.01251	0.01685	0.01301	0.01857	0.01100	0.01072	0.03556	0.04928	0.67539	0.02872	0.02484	0.01817	0.00903	0.00731	0.00226	0.00617	0.00735	0.00893	0.01233
30	0.01057	0.00705	0.00793	0.00793	0.00793	0.00705	0.00440	0.01057	0.01057	0.01409	0.02290	0.04757	0.02643	0.74454	0.03700	0.00705	0.00705	0.01057	0.00440	0.00440
31	0.01943	0.74891	0.03809	0.01244	0.01866	0.02876	0.01244	0.02177	0.01477	0.01710	0.01011	0.01166	0.00933	0.00622	0.00466	0.00155	0.00777	0.00389	0.00311	0.00933
32	0.04862	0.61859	0.06388	0.01333	0.01942	0.09782	0.01305	0.02255	0.01530	0.01800	0.01035	0.01197	0.00927	0.00640	0.00495	0.00164	0.00837	0.00403	0.00322	0.00924
33	0.01458	0.03760	0.70688	0.02072	0.03146	0.01688	0.02686	0.02302	0.01535	0.02302	0.01304	0.01535	0.00921	0.00691	0.00691	0.00230	0.01074	0.00537	0.00307	0.01074
34	0.01054	0.00826	0.01074	0.01129	0.01208	0.00876	0.00813	0.03683	0.01481	0.01996	0.06313	0.53345	0.09716	0.02023	0.01104	0.00289	0.10038	0.01749	0.00634	0.00648
35	0.79588	0.01406	0.01068	0.00956	0.01406	0.01631	0.00787	0.02137	0.01237	0.03261	0.01012	0.01181	0.00787	0.00675	0.00450	0.00225	0.00562	0.00394	0.00450	0.00787
36	0.04395	0.01425	0.04434	0.01183	0.01808	0.01120	0.00997	0.06982	0.01742	0.13876	0.01790	0.01866	0.03566	0.00679	0.00599	0.00149	0.00588	0.00539	0.00535	0.51728
37	0.01940	0.01304	0.01640	0.01256	0.01804	0.01139	0.03601	0.04850	0.09496	0.17975	0.09448	0.02327	0.02021	0.00792	0.00660	0.00173	0.00576	0.00667	0.00622	0.37708
38	0.01507	0.01292	0.01507	0.01077	0.01723	0.00969	0.00861	0.01830	0.01507	0.02369	0.01292	0.01507	0.01077	0.00538	0.00538	0.00108	0.00538	0.00431	0.00431	0.78898
39	0.00992	0.00742	0.00920	0.00876	0.01063	0.00670	0.00657	0.01300	0.01970	0.02707	0.55970	0.05771	0.20554	0.01563	0.00858	0.00232	0.00348	0.01362	0.00773	0.00670
