[name]
unknown

[dist]
# distance from previous block
# <min> <max>
0	67

[block]
# block no. 0 follows, 28 sequences, length 6
# corresponding to MSA columns:
# 72-77
name=unknown_A
#
# <colnr> <probs for GDERKNQSTAVLIFYWHMCP>
#	G	D	E	R	K	N	Q	S	T	A	V	L	I	F	Y	W	H	M	C	P
0	0.01188	0.00868	0.01172	0.01315	0.01487	0.00881	0.01119	0.01624	0.06425	0.02204	0.03801	0.14544	0.04107	0.01963	0.00977	0.00324	0.00637	0.53993	0.00675	0.00696
1	0.00886	0.00633	0.00843	0.01012	0.01054	0.00590	0.00675	0.01012	0.01392	0.01856	0.04006	0.73979	0.04808	0.02277	0.00928	0.00295	0.00422	0.02066	0.00675	0.00590
2	0.01672	0.01421	0.02366	0.44149	0.04003	0.01607	0.12314	0.08733	0.01737	0.06025	0.01545	0.02017	0.01139	0.00743	0.00730	0.00233	0.00920	0.00688	0.07065	0.00892
3	0.02170	0.01604	0.01802	0.01462	0.01848	0.01805	0.01174	0.42181	0.02562	0.03513	0.01811	0.02282	0.01489	0.10030	0.09782	0.00395	0.06649	0.00716	0.05725	0.01001
4	0.68662	0.01495	0.01227	0.01058	0.01526	0.01719	0.00872	0.11433	0.01547	0.03449	0.01116	0.01261	0.00851	0.00703	0.00489	0.00224	0.00596	0.00431	0.00489	0.00851
5	0.02310	0.09831	0.01895	0.01324	0.01736	0.01578	0.01080	0.17247	0.04678	0.24201	0.07859	0.02677	0.02076	0.11404	0.01257	0.00292	0.06115	0.00767	0.00669	0.01005

[dist]
# distance from previous block
# <min> <max>
0	1

[block]
# block no. 1 follows, 28 sequences, length 66
# corresponding to MSA columns:
# 79-144
name=unknown_B
#
# <colnr> <probs for GDERKNQSTAVLIFYWHMCP>
#	G	D	E	R	K	N	Q	S	T	A	V	L	I	F	Y	W	H	M	C	P
0	0.02121	0.01569	0.01749	0.05615	0.02021	0.01724	0.01157	0.31030	0.18142	0.06562	0.02148	0.02578	0.01739	0.14693	0.01282	0.00315	0.00722	0.00766	0.00652	0.03415
1	0.01507	0.01292	0.01507	0.01077	0.01723	0.00969	0.00861	0.01830	0.01507	0.02369	0.01292	0.01507	0.01077	0.00538	0.00538	0.00108	0.00538	0.00431	0.00431	0.78898
2	0.02537	0.16340	0.02383	0.01760	0.02166	0.56707	0.01382	0.02731	0.01922	0.01766	0.01097	0.01294	0.00936	0.00744	0.00681	0.00186	0.03690	0.00460	0.00361	0.00857
3	0.03021	0.01251	0.01654	0.01298	0.01828	0.01130	0.01062	0.03489	0.09011	0.60707	0.05538	0.02617	0.02045	0.00932	0.00737	0.00227	0.00603	0.00764	0.00879	0.01206
4	0.01057	0.00705	0.00793	0.00793	0.00793	0.00705	0.00440	0.01057	0.01057	0.01409	0.02290	0.04757	0.02643	0.74454	0.03700	0.00705	0.00705	0.01057	0.00440	0.00440
5	0.02037	0.01675	0.01773	0.01526	0.01978	0.01915	0.01206	0.19139	0.52956	0.03411	0.02667	0.02480	0.01983	0.00959	0.00737	0.00240	0.00629	0.00782	0.00737	0.01171
6	0.01056	0.00709	0.00816	0.00816	0.00824	0.00717	0.00470	0.01072	0.01064	0.01427	0.02269	0.04639	0.02591	0.70164	0.07920	0.00734	0.00782	0.01040	0.00437	0.00453
7	0.01507	0.01292	0.01507	0.01077	0.01723	0.00969	0.00861	0.01830	0.01507	0.02369	0.01292	0.01507	0.01077	0.00538	0.00538	0.00108	0.00538	0.00431	0.00431	0.78898
8	0.01054	0.00708	0.00810	0.00805	0.00821	0.00703	0.00464	0.01088	0.01154	0.01556	0.08823	0.04822	0.03052	0.67365	0.03424	0.00658	0.00670	0.01082	0.00475	0.00464
9	0.02217	0.01055	0.01346	0.01137	0.01540	0.00939	0.00896	0.02571	0.06013	0.38144	0.06478	0.14358	0.14890	0.01300	0.00784	0.00237	0.00526	0.01101	0.00794	0.03674
10	0.00900	0.00639	0.00839	0.00993	0.01032	0.00600	0.00655	0.01016	0.01363	0.01817	0.03859	0.68046	0.04622	0.08464	0.01165	0.00330	0.00446	0.01980	0.00655	0.00578
11	0.01799	0.01727	0.02950	0.04462	0.69919	0.01727	0.02231	0.02231	0.01655	0.02375	0.01367	0.01799	0.01151	0.00648	0.00720	0.00216	0.00864	0.00648	0.00360	0.01151
12	0.02763	0.02036	0.02182	0.01672	0.02254	0.02254	0.01382	0.67496	0.03418	0.04581	0.01745	0.01745	0.01236	0.00873	0.00727	0.00218	0.00800	0.00654	0.00727	0.01236
13	0.01753	0.01062	0.01103	0.00959	0.01245	0.01123	0.00755	0.20294	0.02060	0.03239	0.02194	0.02437	0.01686	0.00854	0.00570	0.00183	0.00469	0.00671	0.56508	0.00835
14	0.03118	0.01272	0.01688	0.01307	0.01853	0.01140	0.01075	0.06566	0.04536	0.62795	0.04828	0.02537	0.01940	0.00919	0.00735	0.00225	0.00617	0.00748	0.00883	0.01217
15	0.02627	0.01427	0.01704	0.01352	0.01820	0.01432	0.01084	0.26920	0.02439	0.32226	0.05491	0.06252	0.02061	0.08469	0.01047	0.00275	0.00672	0.00831	0.00772	0.01097
16	0.00886	0.00633	0.00843	0.01012	0.01054	0.00590	0.00675	0.01012	0.01392	0.01856	0.04006	0.73979	0.04808	0.02277	0.00928	0.00295	0.00422	0.02066	0.00675	0.00590
17	0.02656	0.01878	0.02033	0.01566	0.02122	0.02042	0.01290	0.57428	0.03155	0.08019	0.01833	0.01840	0.01303	0.00861	0.00707	0.00212	0.00751	0.00653	0.05798	0.03854
18	0.00932	0.00693	0.00930	0.01062	0.01106	0.00690	0.00729	0.01068	0.01399	0.01886	0.06118	0.67312	0.04652	0.02190	0.01011	0.00294	0.04707	0.01956	0.00658	0.00606
19	0.01595	0.01349	0.01553	0.01131	0.01762	0.01085	0.00906	0.05775	0.04848	0.02531	0.01399	0.01579	0.01141	0.00579	0.00559	0.00121	0.00555	0.00463	0.00463	0.70607
20	0.01192	0.00819	0.00984	0.00966	0.01164	0.00755	0.00696	0.01500	0.05865	0.07367	0.15542	0.26920	0.18874	0.08886	0.01128	0.00296	0.00455	0.01459	0.00683	0.04451
21	0.02241	0.01588	0.01755	0.01468	0.01937	0.01729	0.01169	0.22111	0.33614	0.13547	0.02603	0.06562	0.01988	0.01003	0.00740	0.00234	0.00637	0.00821	0.00747	0.03507
22	0.71715	0.01364	0.01096	0.00972	0.01414	0.01555	0.00797	0.02173	0.01322	0.06783	0.04469	0.01457	0.01138	0.00726	0.00485	0.00225	0.00555	0.00457	0.00491	0.00806
23	0.06765	0.01852	0.04866	0.02523	0.17914	0.01842	0.15543	0.21102	0.08457	0.09201	0.01757	0.01919	0.01294	0.00762	0.00737	0.00227	0.00862	0.00700	0.00554	0.01123
24	0.01640	0.01839	0.03973	0.02876	0.03547	0.01724	0.61176	0.02208	0.01686	0.02285	0.01703	0.08561	0.01442	0.00765	0.00864	0.00250	0.01152	0.00969	0.00396	0.00945
25	0.00896	0.00637	0.00840	0.00999	0.01039	0.00597	0.00661	0.01015	0.01372	0.01829	0.03905	0.69896	0.04680	0.06535	0.01091	0.00319	0.00438	0.02007	0.00661	0.00582
26	0.01590	0.01590	0.02226	0.01908	0.01908	0.02226	0.01590	0.01749	0.01113	0.01749	0.00954	0.01590	0.00954	0.01272	0.02385	0.00318	0.73123	0.00636	0.00318	0.00795
27	0.11848	0.01048	0.01126	0.00964	0.01306	0.01060	0.00769	0.09329	0.01823	0.18769	0.02247	0.02357	0.01644	0.00840	0.00577	0.00195	0.00482	0.00652	0.42082	0.00883
28	0.01602	0.01625	0.02419	0.02016	0.02085	0.02190	0.07710	0.01803	0.01169	0.01803	0.01002	0.01625	0.00968	0.01211	0.02243	0.00311	0.66425	0.00657	0.00323	0.00812
29	0.01130	0.00767	0.00993	0.00923	0.01118	0.00701	0.00697	0.01460	0.02035	0.06211	0.62558	0.05375	0.10310	0.01478	0.00851	0.00229	0.00358	0.01299	0.00798	0.00709
30	0.00907	0.00752	0.00788	0.00794	0.01015	0.00655	0.00585	0.01146	0.03649	0.02028	0.10617	0.12072	0.56375	0.04183	0.00953	0.00263	0.00388	0.01527	0.00677	0.00627
31	0.01673	0.01599	0.02723	0.24575	0.50788	0.01694	0.02168	0.02121	0.01596	0.02222	0.01345	0.01840	0.01098	0.00671	0.00722	0.00224	0.00895	0.00647	0.00349	0.01050
32	0.10143	0.01404	0.03697	0.01298	0.01669	0.01467	0.01035	0.09224	0.30649	0.06256	0.06738	0.12838	0.04523	0.04699	0.00884	0.00268	0.00580	0.00982	0.00679	0.00965
33	0.79588	0.01406	0.01068	0.00956	0.01406	0.01631	0.00787	0.02137	0.01237	0.03261	0.01012	0.01181	0.00787	0.00675	0.00450	0.00225	0.00562	0.00394	0.00450	0.00787
34	0.01571	0.00886	0.00908	0.00830	0.01063	0.00919	0.00642	0.11776	0.01814	0.02997	0.02275	0.02562	0.01767	0.00851	0.00542	0.00177	0.00409	0.00674	0.66574	0.00763
35	0.01571	0.04628	0.27825	0.02237	0.12547	0.04794	0.08487	0.04293	0.01639	0.02291	0.04124	0.06940	0.05525	0.00934	0.00863	0.00235	0.06565	0.00781	0.02761	0.00961
36	0.03575	0.01290	0.01578	0.01284	0.01694	0.01256	0.03217	0.14732	0.03894	0.08661	0.05455	0.13129	0.02195	0.07299	0.02802	0.00271	0.03541	0.00887	0.00588	0.22654
37	0.01532	0.14659	0.60440	0.01945	0.02950	0.01870	0.02465	0.02283	0.01526	0.02211	0.01259	0.01478	0.00923	0.00680	0.00656	0.00219	0.01029	0.00514	0.00308	0.01053
38	0.01507	0.01292	0.01507	0.01077	0.01723	0.00969	0.00861	0.01830	0.01507	0.02369	0.01292	0.01507	0.01077	0.00538	0.00538	0.00108	0.00538	0.00431	0.00431	0.78898
39	0.01054	0.00716	0.00850	0.00850	0.00870	0.00736	0.00512	0.01094	0.01074	0.01452	0.02238	0.04466	0.02516	0.63881	0.14100	0.00776	0.00895	0.01014	0.00433	0.00472
40	0.01148	0.00868	0.01075	0.01001	0.01209	0.00858	0.00757	0.01753	0.12254	0.02934	0.59335	0.05013	0.06148	0.01409	0.00839	0.00231	0.00379	0.01239	0.00791	0.00757
41	0.01391	0.01416	0.02776	0.09372	0.02872	0.01405	0.34131	0.01806	0.01567	0.02121	0.04470	0.24683	0.02436	0.01210	0.00945	0.00264	0.04621	0.01220	0.00471	0.00821
42	0.01993	0.01653	0.01748	0.01517	0.01961	0.01894	0.01195	0.16152	0.56016	0.03338	0.02724	0.02525	0.02029	0.00964	0.00737	0.00241	0.00619	0.00790	0.00737	0.01167
43	0.11011	0.01633	0.01856	0.01437	0.01997	0.01688	0.01187	0.33653	0.02625	0.32245	0.02143	0.01994	0.01427	0.00863	0.00700	0.00222	0.00698	0.00659	0.00771	0.01190
44	0.00886	0.00633	0.00843	0.01012	0.01054	0.00590	0.00675	0.01012	0.01392	0.01856	0.04006	0.73979	0.04808	0.02277	0.00928	0.00295	0.00422	0.02066	0.00675	0.00590
45	0.00891	0.00745	0.00781	0.00792	0.01029	0.00635	0.00608	0.01093	0.01673	0.02015	0.09310	0.07038	0.61986	0.01842	0.00871	0.00252	0.00392	0.06748	0.00679	0.00621
46	0.02712	0.02159	0.02143	0.01684	0.02236	0.09280	0.01373	0.57864	0.06417	0.04222	0.01740	0.01748	0.01253	0.00866	0.00720	0.00216	0.00841	0.00644	0.00692	0.01192
47	0.01213	0.00894	0.01193	0.01326	0.01508	0.00915	0.01129	0.01705	0.08458	0.02237	0.03771	0.13008	0.04035	0.01926	0.00971	0.00322	0.00640	0.53359	0.00677	0.00712
48	0.01038	0.00779	0.01168	0.01168	0.01298	0.00909	0.00909	0.01298	0.01168	0.01687	0.01947	0.02856	0.01817	0.05452	0.71573	0.01168	0.01947	0.00779	0.00389	0.00649
49	0.07888	0.01040	0.01084	0.00945	0.01243	0.01084	0.00742	0.14225	0.01892	0.09128	0.02190	0.02454	0.01681	0.03195	0.00667	0.00205	0.00480	0.00668	0.48357	0.00833
50	0.01716	0.01646	0.02783	0.15951	0.55493	0.01733	0.02163	0.02143	0.01594	0.02256	0.01334	0.01812	0.01111	0.00692	0.00804	0.00225	0.04470	0.00647	0.00351	0.01075
51	0.06050	0.00834	0.00835	0.00787	0.00988	0.00864	0.00588	0.06977	0.01608	0.02748	0.02231	0.02772	0.01837	0.09117	0.00881	0.00237	0.00430	0.00702	0.58811	0.00703
52	0.15790	0.01575	0.01749	0.04263	0.11022	0.03755	0.01204	0.26095	0.02167	0.05440	0.01696	0.02117	0.01373	0.09166	0.00990	0.00269	0.00722	0.00652	0.08988	0.00967
53	0.01210	0.00880	0.01071	0.01118	0.01253	0.00889	0.00787	0.11239	0.03905	0.02290	0.03549	0.57460	0.04079	0.05315	0.01018	0.00301	0.00497	0.01764	0.00674	0.00700
54	0.01217	0.01023	0.01120	0.01018	0.01308	0.03336	0.00770	0.01732	0.10901	0.02508	0.28247	0.10307	0.19068	0.01392	0.00792	0.00220	0.00451	0.01194	0.00682	0.12714
55	0.08946	0.18193	0.30481	0.01725	0.02409	0.01961	0.04454	0.02229	0.01486	0.06490	0.03101	0.01612	0.01139	0.00795	0.00893	0.00227	0.11960	0.00553	0.00376	0.00971
56	0.01975	0.24389	0.04415	0.01511	0.01868	0.22911	0.01270	0.04300	0.01590	0.01807	0.01280	0.01863	0.01215	0.11024	0.04120	0.00310	0.12395	0.00571	0.00366	0.00820
57	0.03261	0.01237	0.01687	0.01293	0.01856	0.01068	0.01068	0.03543	0.02081	0.70423	0.02868	0.02474	0.01799	0.00900	0.00731	0.00225	0.00619	0.00731	0.00900	0.01237
58	0.05325	0.01405	0.02434	0.51400	0.04330	0.01651	0.12993	0.01940	0.01473	0.02031	0.01329	0.01914	0.01013	0.00735	0.00808	0.00243	0.04443	0.00670	0.03031	0.00831
59	0.01782	0.01724	0.02987	0.06579	0.64827	0.01729	0.05193	0.02223	0.01651	0.02356	0.01370	0.01811	0.01143	0.00649	0.00726	0.00218	0.00883	0.00657	0.00359	0.01133
60	0.01019	0.00735	0.00965	0.00940	0.01097	0.00681	0.00702	0.01339	0.01974	0.02777	0.60335	0.12749	0.06549	0.01588	0.00870	0.00239	0.00363	0.03622	0.00782	0.00675
61	0.01057	0.00705	0.00793	0.00793	0.00793	0.00705	0.00440	0.01057	0.01057	0.01409	0.02290	0.04757	0.02643	0.74454	0.03700	0.00705	0.00705	0.01057	0.00440	0.00440
62	0.01916	0.70919	0.07544	0.01290	0.01937	0.02810	0.01324	0.02184	0.01480	0.01743	0.01027	0.01187	0.00932	0.00626	0.00479	0.00160	0.00794	0.00397	0.00311	0.00941
63	0.01465	0.03652	0.67288	0.02064	0.03085	0.01715	0.02631	0.02275	0.01514	0.02275	0.01287	0.01537	0.00922	0.00719	0.00775	0.00235	0.04652	0.00542	0.00307	0.01060
64	0.02064	0.02134	0.01782	0.01582	0.01935	0.29609	0.04575	0.13629	0.02136	0.02481	0.06145	0.06671	0.07341	0.01142	0.00759	0.00227	0.00909	0.09611	0.04418	0.00848
65	0.04656	0.01307	0.01509	0.03449	0.01779	0.01149	0.00929	0.05278	0.05804	0.02453	0.01676	0.01988	0.03695	0.05026	0.00822	0.00178	0.02970	0.00556	0.00468	0.54307

[dist]
# distance from previous block
# <min> <max>
0	3

[block]
# block no. 2 follows, 28 sequences, length 32
# corresponding to MSA columns:
# 148-179
name=unknown_C
#
# <colnr> <probs for GDERKNQSTAVLIFYWHMCP>
#	G	D	E	R	K	N	Q	S	T	A	V	L	I	F	Y	W	H	M	C	P
0	0.02037	0.02320	0.02738	0.12275	0.20349	0.26511	0.14155	0.02406	0.01748	0.02045	0.01264	0.01662	0.01029	0.00728	0.00831	0.00221	0.05759	0.00623	0.00359	0.00941
1	0.01083	0.00810	0.01036	0.03885	0.01342	0.00778	0.00788	0.05842	0.01555	0.02090	0.03645	0.58658	0.06142	0.01976	0.00875	0.00272	0.00477	0.01775	0.00647	0.06324
2	0.14401	0.01511	0.01549	0.01389	0.01806	0.01729	0.01097	0.05413	0.50865	0.05272	0.02641	0.02652	0.02025	0.00972	0.00703	0.00245	0.00585	0.03371	0.00695	0.01078
3	0.01042	0.03668	0.01052	0.00904	0.01103	0.00763	0.00690	0.01359	0.01981	0.02740	0.58503	0.05471	0.15033	0.01499	0.00842	0.00228	0.00363	0.01307	0.00764	0.00686
4	0.01442	0.00761	0.00770	0.00739	0.00933	0.00774	0.00562	0.05737	0.01641	0.02825	0.02333	0.02651	0.01825	0.00848	0.00522	0.00172	0.00367	0.00676	0.73711	0.00712
5	0.01064	0.00816	0.01217	0.01202	0.01326	0.00969	0.00940	0.01319	0.01166	0.01690	0.01901	0.02797	0.01777	0.05259	0.68385	0.01129	0.05227	0.00772	0.00386	0.00656
6	0.02715	0.03464	0.02060	0.01873	0.02247	0.71536	0.01404	0.02903	0.02060	0.01779	0.01124	0.01311	0.00936	0.00749	0.00655	0.00187	0.01311	0.00468	0.00375	0.00843
7	0.03230	0.01287	0.01718	0.01317	0.01881	0.01143	0.01088	0.07577	0.02165	0.66270	0.02797	0.02428	0.01764	0.00898	0.00731	0.00224	0.00630	0.00726	0.00889	0.01237
8	0.00924	0.00660	0.00887	0.01056	0.01115	0.00623	0.00741	0.01078	0.01429	0.01898	0.03985	0.65167	0.04724	0.02241	0.00938	0.00300	0.00455	0.10501	0.00674	0.00601
9	0.00875	0.00733	0.00761	0.00763	0.00994	0.00619	0.00569	0.01070	0.01680	0.02040	0.12490	0.09720	0.61540	0.01829	0.00862	0.00246	0.00368	0.01538	0.00686	0.00619
10	0.02839	0.01915	0.02107	0.01615	0.02194	0.02074	0.01334	0.57798	0.03215	0.14565	0.01915	0.01856	0.01322	0.00877	0.00728	0.00219	0.00772	0.00666	0.00753	0.01236
11	0.79588	0.01406	0.01068	0.00956	0.01406	0.01631	0.00787	0.02137	0.01237	0.03261	0.01012	0.01181	0.00787	0.00675	0.00450	0.00225	0.00562	0.00394	0.00450	0.00787
12	0.01069	0.00816	0.01197	0.01180	0.01294	0.00964	0.00911	0.01305	0.01157	0.01671	0.01919	0.02924	0.01831	0.10147	0.63094	0.01090	0.05608	0.00791	0.00389	0.00642
13	0.02031	0.01335	0.01572	0.01396	0.04049	0.01386	0.01062	0.13566	0.21700	0.17381	0.17948	0.03385	0.07774	0.01110	0.00770	0.00232	0.00565	0.00930	0.00767	0.01040
14	0.01851	0.01373	0.02139	0.08746	0.02381	0.01406	0.15645	0.13491	0.01876	0.12361	0.02252	0.12721	0.02072	0.12303	0.01301	0.00320	0.03085	0.03219	0.00567	0.00892
15	0.02582	0.03197	0.02092	0.02027	0.07041	0.61298	0.01444	0.02927	0.07056	0.01917	0.01280	0.01451	0.01048	0.00760	0.00666	0.00194	0.01223	0.00508	0.00401	0.00888
16	0.10089	0.08852	0.02039	0.01460	0.01959	0.05712	0.01201	0.41436	0.02651	0.05819	0.01743	0.04751	0.01393	0.04018	0.00798	0.00234	0.00760	0.00671	0.03351	0.01062
17	0.01687	0.07507	0.04660	0.25806	0.22847	0.07870	0.05305	0.04468	0.01667	0.02136	0.01758	0.04224	0.05365	0.00810	0.00718	0.00224	0.00911	0.00716	0.00386	0.00936
18	0.01070	0.00755	0.00902	0.00864	0.00984	0.00705	0.00575	0.01232	0.01478	0.02065	0.24652	0.09818	0.06305	0.35135	0.02140	0.00443	0.00531	0.01175	0.02937	0.06234
19	0.01810	0.01393	0.01793	0.03572	0.07023	0.01468	0.04655	0.21668	0.06407	0.05033	0.02337	0.19027	0.02243	0.06898	0.01060	0.00274	0.03539	0.01026	0.03051	0.05723
20	0.02037	0.42086	0.17463	0.01557	0.02230	0.13686	0.01585	0.07943	0.01751	0.02093	0.01154	0.01317	0.00957	0.00679	0.00567	0.00182	0.00928	0.00456	0.00356	0.00974
21	0.33753	0.01301	0.01412	0.01152	0.01649	0.01311	0.00945	0.02915	0.04462	0.38339	0.04474	0.02069	0.01588	0.00834	0.00623	0.00226	0.00584	0.00620	0.00709	0.01034
22	0.01289	0.00796	0.01018	0.00960	0.01128	0.00754	0.00702	0.01520	0.01694	0.09842	0.33052	0.05031	0.06881	0.21882	0.05404	0.00418	0.00583	0.05697	0.00676	0.00673
23	0.01719	0.01400	0.05123	0.01492	0.06518	0.05498	0.01099	0.15087	0.01907	0.07640	0.02579	0.25627	0.02567	0.05149	0.05150	0.00318	0.00732	0.01132	0.08408	0.00857
24	0.00916	0.00662	0.00874	0.01032	0.01101	0.00620	0.00724	0.01070	0.01440	0.01899	0.04195	0.62389	0.08720	0.02220	0.00932	0.00297	0.00447	0.09187	0.00674	0.00601
25	0.01045	0.00700	0.00796	0.00808	0.00811	0.00697	0.00457	0.01054	0.01081	0.01441	0.02413	0.09688	0.02797	0.69312	0.03502	0.00676	0.00685	0.01129	0.00457	0.00451
26	0.07612	0.03703	0.02009	0.45684	0.03766	0.04090	0.01651	0.10216	0.01732	0.04618	0.01449	0.01888	0.01083	0.00754	0.00678	0.00227	0.00862	0.00619	0.06489	0.00869
27	0.01565	0.04973	0.27962	0.18801	0.13396	0.01751	0.14530	0.02240	0.03710	0.02218	0.01385	0.01771	0.01042	0.00685	0.00728	0.00232	0.01021	0.00643	0.00344	0.01004
28	0.01171	0.00837	0.01171	0.01339	0.01506	0.00837	0.01171	0.01506	0.01673	0.02175	0.03849	0.08199	0.04183	0.02008	0.01004	0.00335	0.00669	0.65027	0.00669	0.00669
29	0.01489	0.01429	0.02272	0.58388	0.14276	0.03746	0.02004	0.02006	0.03619	0.01968	0.01350	0.01923	0.01034	0.00724	0.00724	0.00237	0.00952	0.00646	0.00343	0.00869
30	0.01482	0.02249	0.33114	0.11229	0.04837	0.01319	0.01851	0.02002	0.01523	0.08696	0.02120	0.18243	0.01991	0.04999	0.00914	0.00271	0.00842	0.00948	0.00459	0.00914
31	0.01493	0.01759	0.17173	0.19622	0.05966	0.01381	0.03652	0.02153	0.09184	0.06632	0.02448	0.11474	0.04786	0.01124	0.00784	0.00254	0.00805	0.07903	0.00502	0.00906

[dist]
# distance from previous block
# <min> <max>
0	9

[block]
# block no. 3 follows, 28 sequences, length 99
# corresponding to MSA columns:
# 189-287
name=unknown_D
#
# <colnr> <probs for GDERKNQSTAVLIFYWHMCP>
#	G	D	E	R	K	N	Q	S	T	A	V	L	I	F	Y	W	H	M	C	P
0	0.56695	0.04431	0.06319	0.06336	0.01840	0.04793	0.01056	0.02185	0.01355	0.04738	0.01161	0.01361	0.00892	0.00694	0.00507	0.00220	0.00664	0.00446	0.03482	0.00825
1	0.01021	0.00742	0.00963	0.00921	0.01092	0.00684	0.00692	0.01350	0.02010	0.02821	0.63031	0.07600	0.09565	0.01539	0.00863	0.00234	0.00355	0.03051	0.00787	0.00679
2	0.04586	0.02093	0.15129	0.06084	0.02420	0.01774	0.01531	0.33684	0.02436	0.05494	0.01695	0.05461	0.01325	0.00847	0.00694	0.00210	0.00792	0.00666	0.00571	0.12506
3	0.01094	0.00754	0.00942	0.00889	0.01055	0.00694	0.00645	0.01362	0.01854	0.04983	0.49423	0.05395	0.13118	0.13099	0.01305	0.00306	0.00413	0.01278	0.00732	0.00658
4	0.02543	0.19401	0.02450	0.01732	0.02162	0.56216	0.01369	0.02741	0.01930	0.01764	0.01098	0.01279	0.00936	0.00721	0.00613	0.00180	0.01192	0.00450	0.00360	0.00863
5	0.08543	0.01636	0.01873	0.01442	0.02009	0.01676	0.01190	0.34160	0.02640	0.31081	0.02128	0.01990	0.01425	0.00856	0.00701	0.00217	0.00699	0.00657	0.00765	0.04312
6	0.01029	0.00743	0.00972	0.00914	0.01086	0.00686	0.00686	0.01372	0.02058	0.02915	0.69536	0.05430	0.06859	0.01486	0.00857	0.00229	0.00343	0.01315	0.00800	0.00686
7	0.01808	0.01561	0.01644	0.01479	0.01890	0.01808	0.01151	0.03863	0.68606	0.03041	0.02959	0.02712	0.02219	0.00986	0.00740	0.00247	0.00575	0.00822	0.00740	0.01151
8	0.01029	0.00767	0.00985	0.01086	0.01252	0.00723	0.00879	0.01292	0.01665	0.02150	0.11945	0.18473	0.21178	0.01953	0.00939	0.00294	0.00516	0.31544	0.00686	0.00644
9	0.00886	0.00633	0.00843	0.01012	0.01054	0.00590	0.00675	0.01012	0.01392	0.01856	0.04006	0.73979	0.04808	0.02277	0.00928	0.00295	0.00422	0.02066	0.00675	0.00590
10	0.70048	0.01429	0.01146	0.01005	0.01454	0.01645	0.00826	0.07571	0.01430	0.03349	0.01128	0.01289	0.00868	0.00698	0.00475	0.00222	0.00573	0.00427	0.03597	0.00820
11	0.00886	0.00633	0.00843	0.01012	0.01054	0.00590	0.00675	0.01012	0.01392	0.01856	0.04006	0.73979	0.04808	0.02277	0.00928	0.00295	0.00422	0.02066	0.00675	0.00590
12	0.00976	0.00737	0.00902	0.00869	0.01056	0.00662	0.00649	0.01267	0.01921	0.02611	0.49808	0.08605	0.24045	0.01615	0.00861	0.00236	0.00353	0.01405	0.00761	0.00662
13	0.01667	0.01387	0.01593	0.01152	0.01790	0.01132	0.00927	0.10172	0.01750	0.02650	0.01350	0.01538	0.01097	0.00581	0.00562	0.00122	0.00572	0.00459	0.00468	0.69032
14	0.41399	0.01090	0.01021	0.00970	0.01286	0.01172	0.00760	0.01781	0.01482	0.05869	0.13292	0.14852	0.07898	0.01222	0.00660	0.00243	0.00494	0.03179	0.00590	0.00741
15	0.01314	0.00682	0.00688	0.00688	0.00849	0.00676	0.00506	0.01624	0.01500	0.02593	0.02584	0.03030	0.04870	0.05693	0.00732	0.00208	0.00364	0.00740	0.70003	0.00659
16	0.07771	0.01552	0.01662	0.01417	0.01860	0.01728	0.01126	0.16981	0.38288	0.09343	0.08227	0.02606	0.02264	0.00974	0.00725	0.00236	0.00606	0.00789	0.00735	0.01110
17	0.06211	0.10821	0.06086	0.01167	0.01555	0.01231	0.01008	0.04986	0.01863	0.17251	0.24489	0.14267	0.03680	0.01244	0.00750	0.00228	0.00553	0.01051	0.00683	0.00879
18	0.01719	0.01326	0.01558	0.01126	0.01762	0.01044	0.00906	0.05404	0.01655	0.08161	0.01447	0.01600	0.01145	0.00586	0.00564	0.00123	0.00559	0.00467	0.00485	0.68362
19	0.26786	0.09150	0.15362	0.07142	0.02107	0.04661	0.01342	0.02164	0.07082	0.02558	0.06276	0.04392	0.06507	0.00893	0.00626	0.00225	0.00720	0.00676	0.00464	0.00868
20	0.01532	0.01547	0.01774	0.01601	0.01706	0.11769	0.01284	0.01727	0.01296	0.01745	0.01612	0.04140	0.03837	0.02573	0.24025	0.00566	0.35422	0.00729	0.00372	0.00743
21	0.00905	0.00642	0.00838	0.00983	0.01036	0.00598	0.00656	0.01013	0.01381	0.01824	0.04070	0.64052	0.09093	0.04771	0.01096	0.03440	0.00436	0.01937	0.00652	0.00576
22	0.09115	0.06926	0.09971	0.03852	0.11792	0.04511	0.01344	0.09991	0.01613	0.04323	0.01388	0.01820	0.01151	0.01270	0.01303	0.23942	0.00770	0.00584	0.03523	0.00811
23	0.01007	0.00690	0.00864	0.00942	0.01034	0.00638	0.00636	0.01148	0.01464	0.04295	0.10844	0.44811	0.12799	0.13699	0.01351	0.00345	0.00459	0.01713	0.00658	0.00602
24	0.74763	0.01395	0.01107	0.00977	0.01434	0.01595	0.00805	0.02226	0.01290	0.07508	0.01129	0.01263	0.00851	0.00689	0.00468	0.00225	0.00566	0.00415	0.00478	0.00816
25	0.01510	0.01266	0.05797	0.07920	0.02011	0.01190	0.01302	0.10263	0.06121	0.05467	0.03343	0.08314	0.07817	0.01547	0.00881	0.00286	0.00699	0.32801	0.00637	0.00829
26	0.02223	0.01515	0.01604	0.01291	0.01714	0.01649	0.01046	0.42250	0.02691	0.03863	0.01985	0.02115	0.01477	0.00863	0.00643	0.00199	0.00623	0.00663	0.30561	0.01022
27	0.00924	0.00650	0.00838	0.00968	0.01028	0.00608	0.00649	0.01067	0.01428	0.01933	0.08163	0.59761	0.07045	0.06862	0.01085	0.00311	0.00430	0.01877	0.03782	0.00591
28	0.01590	0.01590	0.02226	0.01908	0.01908	0.02226	0.01590	0.01749	0.01113	0.01749	0.00954	0.01590	0.00954	0.01272	0.02385	0.00318	0.73123	0.00636	0.00318	0.00795
29	0.36284	0.01061	0.00960	0.00868	0.01204	0.01143	0.00693	0.02090	0.01457	0.10273	0.01822	0.02006	0.01379	0.00776	0.00506	0.00200	0.00468	0.00557	0.35467	0.00787
30	0.01383	0.01147	0.05797	0.01209	0.01491	0.01010	0.07125	0.09002	0.01682	0.02477	0.02765	0.21488	0.05220	0.08571	0.01020	0.00275	0.00582	0.01119	0.25889	0.00747
31	0.01826	0.01464	0.01274	0.01148	0.01439	0.14413	0.00881	0.08042	0.09765	0.05722	0.12018	0.02748	0.02403	0.00943	0.00644	0.00197	0.00605	0.00748	0.32880	0.00839
32	0.01318	0.00891	0.01115	0.01013	0.01234	0.00861	0.00766	0.06337	0.04531	0.07194	0.52089	0.07949	0.05686	0.04605	0.00963	0.00252	0.00421	0.01235	0.00778	0.00762
33	0.01768	0.01688	0.02837	0.09309	0.62217	0.01722	0.02168	0.02275	0.04561	0.02366	0.01431	0.01849	0.01185	0.00668	0.00721	0.00219	0.00859	0.00655	0.00374	0.01126
34	0.10689	0.00860	0.00940	0.00932	0.01090	0.00906	0.00665	0.05566	0.01432	0.02291	0.02460	0.18659	0.02515	0.18429	0.09670	0.00446	0.00685	0.01046	0.20070	0.00650
35	0.74047	0.01554	0.01140	0.01022	0.01466	0.06669	0.00832	0.02192	0.01296	0.03155	0.01020	0.01190	0.00798	0.00680	0.00465	0.00222	0.00616	0.00399	0.00444	0.00791
36	0.01012	0.00741	0.00903	0.00993	0.01068	0.00733	0.00659	0.01292	0.07651	0.01865	0.03630	0.48154	0.06579	0.19342	0.01568	0.00386	0.00502	0.01688	0.00625	0.00608
37	0.01678	0.44042	0.06135	0.01221	0.01715	0.06630	0.01153	0.01958	0.01636	0.02002	0.15203	0.02522	0.07097	0.01058	0.03007	0.00217	0.00750	0.00682	0.00441	0.00852
38	0.06724	0.01938	0.01753	0.04060	0.02028	0.17180	0.01216	0.20846	0.15289	0.05481	0.04129	0.09786	0.01995	0.01059	0.00733	0.00231	0.00797	0.03149	0.00621	0.00986
39	0.01835	0.57391	0.17547	0.01486	0.02205	0.02591	0.04174	0.02208	0.01498	0.01856	0.01089	0.01273	0.00937	0.00636	0.00528	0.00174	0.00856	0.00438	0.00312	0.00964
40	0.01091	0.00776	0.00972	0.01037	0.01135	0.00762	0.00723	0.06121	0.01578	0.02120	0.10470	0.45167	0.04348	0.14230	0.01377	0.00354	0.00506	0.05949	0.00652	0.00629
41	0.02910	0.01571	0.01852	0.01430	0.01976	0.01592	0.01178	0.33004	0.02664	0.35690	0.02317	0.02152	0.01543	0.00884	0.00715	0.00218	0.00685	0.00692	0.05725	0.01201
42	0.01005	0.00742	0.00938	0.00889	0.01071	0.00676	0.00667	0.01325	0.02000	0.02779	0.60668	0.05653	0.15811	0.01537	0.00858	0.00231	0.00347	0.01346	0.00782	0.00676
43	0.23209	0.01176	0.01345	0.03396	0.01644	0.01186	0.00935	0.04726	0.03717	0.28122	0.09090	0.13816	0.02476	0.01113	0.00699	0.00237	0.00561	0.00909	0.00703	0.00941
44	0.02715	0.03464	0.02060	0.01873	0.02247	0.71536	0.01404	0.02903	0.02060	0.01779	0.01124	0.01311	0.00936	0.00749	0.00655	0.00187	0.01311	0.00468	0.00375	0.00843
45	0.01759	0.01067	0.01109	0.00963	0.01251	0.01130	0.00759	0.20574	0.02068	0.03247	0.02192	0.02433	0.01683	0.00854	0.00571	0.00183	0.00471	0.00671	0.56177	0.00838
46	0.00921	0.00656	0.00825	0.00945	0.00992	0.00617	0.00615	0.01024	0.01338	0.01766	0.03875	0.54083	0.09008	0.17957	0.01526	0.00381	0.00479	0.01808	0.00624	0.00559
47	0.00912	0.00680	0.00851	0.00949	0.01061	0.00619	0.00669	0.01090	0.01558	0.02044	0.14128	0.46436	0.19695	0.02055	0.00905	0.00276	0.00408	0.04359	0.00693	0.00612
48	0.01877	0.01596	0.01682	0.01493	0.01916	0.01840	0.01167	0.08449	0.63907	0.03152	0.02871	0.02642	0.02148	0.00978	0.00739	0.00245	0.00591	0.00810	0.00739	0.01157
49	0.01171	0.00837	0.01171	0.01339	0.01506	0.00837	0.01171	0.01506	0.01673	0.02175	0.03849	0.08199	0.04183	0.02008	0.01004	0.00335	0.00669	0.65027	0.00669	0.00669
50	0.01038	0.00779	0.01168	0.01168	0.01298	0.00909	0.00909	0.01298	0.01168	0.01687	0.01947	0.02856	0.01817	0.05452	0.71573	0.01168	0.01947	0.00779	0.00389	0.00649
51	0.01058	0.00762	0.01013	0.01002	0.01172	0.00717	0.00785	0.01399	0.01979	0.02763	0.56062	0.05998	0.06310	0.01593	0.00887	0.00250	0.00410	0.14383	0.00773	0.00682
52	0.01664	0.01595	0.02682	0.23430	0.46800	0.01732	0.02125	0.02091	0.01559	0.02184	0.01316	0.01823	0.01086	0.00715	0.00842	0.00231	0.06102	0.00646	0.00346	0.01029
53	0.01355	0.00678	0.00678	0.00678	0.00847	0.00678	0.00508	0.01694	0.01524	0.02710	0.02371	0.02710	0.01863	0.00847	0.00508	0.00169	0.00339	0.00678	0.78489	0.00678
54	0.71246	0.01387	0.01136	0.00993	0.01455	0.01569	0.00818	0.02290	0.01329	0.10602	0.01215	0.01322	0.00898	0.00699	0.00481	0.00225	0.00568	0.00430	0.00499	0.00836
55	0.02379	0.02141	0.15684	0.01610	0.02237	0.01833	0.01515	0.40179	0.02680	0.10806	0.01898	0.04143	0.01397	0.00881	0.00709	0.00220	0.00786	0.00686	0.07081	0.01137
56	0.01122	0.00929	0.01022	0.01004	0.01204	0.05174	0.00780	0.01420	0.01911	0.02522	0.41469	0.05945	0.19491	0.01598	0.00868	0.00246	0.00461	0.11432	0.00726	0.00678
57	0.04553	0.18044	0.44224	0.01789	0.02647	0.05097	0.02105	0.06955	0.01653	0.02324	0.01256	0.01472	0.00952	0.00748	0.00703	0.02637	0.00972	0.00510	0.00347	0.01013
58	0.01740	0.03879	0.01511	0.01266	0.01537	0.03536	0.00973	0.20000	0.01962	0.07006	0.05369	0.16475	0.02498	0.13102	0.13217	0.00468	0.03010	0.01027	0.00593	0.00831
59	0.25855	0.01287	0.01504	0.01193	0.01722	0.01235	0.00985	0.03126	0.01831	0.50542	0.02318	0.02091	0.01500	0.00833	0.00648	0.00225	0.00602	0.00631	0.00767	0.01104
60	0.01400	0.01327	0.02278	0.61777	0.09473	0.01592	0.04932	0.01872	0.01477	0.01916	0.01414	0.04803	0.01141	0.00778	0.00740	0.00243	0.00951	0.00712	0.00342	0.00831
61	0.01686	0.01764	0.05564	0.18280	0.40738	0.03801	0.10387	0.02158	0.01642	0.02259	0.03793	0.01953	0.01295	0.00695	0.00740	0.00225	0.00935	0.00688	0.00367	0.01029
62	0.00913	0.00652	0.00846	0.00975	0.01030	0.00610	0.00650	0.01047	0.01424	0.01905	0.09417	0.59632	0.06824	0.08987	0.01181	0.00327	0.00440	0.01892	0.00663	0.00585
63	0.01057	0.00705	0.00793	0.00793	0.00793	0.00705	0.00440	0.01057	0.01057	0.01409	0.02290	0.04757	0.02643	0.74454	0.03700	0.00705	0.00705	0.01057	0.00440	0.00440
64	0.02005	0.61526	0.03497	0.01363	0.01912	0.10598	0.01287	0.02228	0.01517	0.01721	0.01019	0.01213	0.00935	0.00683	0.00626	0.00171	0.06052	0.00416	0.00319	0.00913
65	0.06998	0.08046	0.33816	0.01817	0.02519	0.06216	0.04547	0.04698	0.03568	0.07204	0.01418	0.01636	0.01064	0.00796	0.00886	0.00232	0.10429	0.00568	0.02545	0.00998
66	0.01023	0.00782	0.00967	0.01048	0.01244	0.00726	0.00864	0.01290	0.01688	0.02137	0.10490	0.09530	0.31249	0.01907	0.00931	0.00288	0.00512	0.31996	0.00682	0.00645
67	0.01632	0.01359	0.01573	0.01156	0.01746	0.01140	0.00923	0.09267	0.01693	0.02559	0.01379	0.01684	0.01162	0.03943	0.00757	0.00153	0.02693	0.00490	0.00462	0.64229
68	0.06304	0.02007	0.24128	0.01630	0.06371	0.04080	0.01537	0.01881	0.01721	0.02564	0.28273	0.03107	0.03312	0.01051	0.00857	0.00231	0.05915	0.00852	0.03314	0.00864
69	0.01780	0.01707	0.02916	0.07551	0.66981	0.01722	0.02221	0.02214	0.01646	0.02351	0.01364	0.01805	0.01143	0.00651	0.00720	0.00217	0.00868	0.00648	0.00358	0.01136
70	0.56147	0.13970	0.05999	0.01141	0.01653	0.06881	0.01028	0.02209	0.01355	0.02835	0.01038	0.01210	0.00831	0.00672	0.00483	0.00211	0.00685	0.00407	0.00412	0.00834
71	0.00886	0.00633	0.00843	0.01012	0.01054	0.00590	0.00675	0.01012	0.01392	0.01856	0.04006	0.73979	0.04808	0.02277	0.00928	0.00295	0.00422	0.02066	0.00675	0.00590
72	0.01011	0.00768	0.00796	0.00772	0.01037	0.00642	0.00585	0.01201	0.01684	0.06292	0.07080	0.06710	0.65336	0.01781	0.00851	0.00244	0.00384	0.01483	0.00689	0.00653
73	0.01910	0.01612	0.01701	0.01500	0.01929	0.01856	0.01175	0.10681	0.61622	0.03206	0.02829	0.02608	0.02114	0.00974	0.00738	0.00244	0.00599	0.00804	0.00738	0.01160
74	0.01263	0.00631	0.00947	0.00947	0.00947	0.00631	0.00631	0.00947	0.00947	0.01263	0.01263	0.02210	0.01263	0.02525	0.02841	0.78851	0.00631	0.00631	0.00316	0.00316
75	0.02715	0.03464	0.02060	0.01873	0.02247	0.71536	0.01404	0.02903	0.02060	0.01779	0.01124	0.01311	0.00936	0.00749	0.00655	0.00187	0.01311	0.00468	0.00375	0.00843
76	0.03261	0.01237	0.01687	0.01293	0.01856	0.01068	0.01068	0.03543	0.02081	0.70423	0.02868	0.02474	0.01799	0.00900	0.00731	0.00225	0.00619	0.00731	0.00900	0.01237
77	0.01126	0.00814	0.01108	0.01227	0.01401	0.00796	0.01049	0.01451	0.01734	0.02278	0.14605	0.07670	0.09328	0.01913	0.00970	0.00311	0.00595	0.50263	0.00691	0.00668
78	0.00885	0.00741	0.00773	0.00775	0.01011	0.00628	0.00588	0.01089	0.01691	0.02051	0.12411	0.06912	0.61835	0.01818	0.00865	0.00248	0.00378	0.03996	0.00685	0.00622
79	0.02760	0.02141	0.02173	0.01687	0.02254	0.07329	0.01383	0.62764	0.03318	0.04376	0.01700	0.01713	0.01214	0.00864	0.00722	0.00216	0.00837	0.00641	0.00701	0.01207
80	0.79588	0.01406	0.01068	0.00956	0.01406	0.01631	0.00787	0.02137	0.01237	0.03261	0.01012	0.01181	0.00787	0.00675	0.00450	0.00225	0.00562	0.00394	0.00450	0.00787
81	0.01051	0.00775	0.01149	0.01149	0.01280	0.00900	0.00893	0.01313	0.01182	0.01727	0.01964	0.02850	0.01819	0.05272	0.68798	0.01129	0.01884	0.00775	0.03440	0.00650
82	0.03147	0.01420	0.01800	0.01380	0.01947	0.01341	0.01140	0.18222	0.02387	0.55310	0.02610	0.02307	0.01670	0.00893	0.00730	0.00223	0.00660	0.00713	0.00860	0.01237
83	0.01716	0.01961	0.04289	0.03064	0.03799	0.01838	0.67279	0.02328	0.01716	0.02328	0.01471	0.01961	0.01103	0.00613	0.00858	0.00245	0.01225	0.00858	0.00368	0.00980
84	0.02594	0.03262	0.02078	0.01877	0.02211	0.64061	0.01425	0.02778	0.01958	0.01776	0.01105	0.01341	0.00938	0.00805	0.00842	0.00201	0.09056	0.00486	0.00368	0.00838
85	0.79588	0.01406	0.01068	0.00956	0.01406	0.01631	0.00787	0.02137	0.01237	0.03261	0.01012	0.01181	0.00787	0.00675	0.00450	0.00225	0.00562	0.00394	0.00450	0.00787
86	0.01032	0.00827	0.01132	0.01196	0.01235	0.00927	0.00867	0.01173	0.01324	0.01824	0.03285	0.55465	0.03872	0.02283	0.05676	0.00355	0.14597	0.01708	0.00588	0.00634
87	0.08763	0.01249	0.01642	0.01269	0.01823	0.01109	0.01048	0.03441	0.02020	0.65582	0.02734	0.02381	0.01726	0.00883	0.00711	0.00225	0.00614	0.00707	0.00867	0.01205
88	0.10320	0.01551	0.01693	0.10469	0.02215	0.06339	0.01235	0.09430	0.23602	0.10153	0.02089	0.02216	0.01584	0.01475	0.10006	0.00357	0.02997	0.00691	0.00589	0.00989
89	0.01791	0.19058	0.22716	0.04880	0.02499	0.10203	0.04396	0.04753	0.04621	0.02104	0.01340	0.03765	0.01131	0.00845	0.00933	0.00226	0.12828	0.00594	0.00368	0.00949
90	0.01170	0.00774	0.01017	0.00938	0.01135	0.00710	0.00710	0.01509	0.02059	0.07183	0.65321	0.05243	0.06539	0.01449	0.00849	0.00228	0.00360	0.01278	0.00806	0.00721
91	0.00886	0.00633	0.00843	0.01012	0.01054	0.00590	0.00675	0.01012	0.01392	0.01856	0.04006	0.73979	0.04808	0.02277	0.00928	0.00295	0.00422	0.02066	0.00675	0.00590
92	0.01635	0.18414	0.52711	0.01889	0.02827	0.06189	0.02310	0.02313	0.01555	0.02148	0.01233	0.01445	0.00924	0.00680	0.00642	0.00212	0.01027	0.00502	0.00312	0.01031
93	0.00896	0.00646	0.00849	0.00992	0.01054	0.00599	0.00670	0.01043	0.01459	0.01949	0.09619	0.65340	0.07806	0.02192	0.00919	0.00287	0.00413	0.01981	0.00685	0.00599
94	0.01039	0.00776	0.01155	0.01155	0.01281	0.00902	0.00893	0.01290	0.01164	0.01678	0.01959	0.02920	0.01845	0.07792	0.69272	0.01153	0.01905	0.00788	0.00391	0.00642
95	0.01750	0.02149	0.13276	0.27415	0.07751	0.12515	0.06617	0.06254	0.01666	0.02124	0.01282	0.01735	0.01004	0.00837	0.00950	0.03127	0.07676	0.00616	0.00359	0.00898
96	0.03933	0.08140	0.39257	0.02536	0.17975	0.04915	0.06217	0.02261	0.01579	0.02268	0.01375	0.03823	0.01102	0.00723	0.00690	0.00222	0.00990	0.00611	0.00342	0.01042
97	0.01164	0.00828	0.01147	0.01304	0.01461	0.00828	0.01125	0.01478	0.01634	0.02127	0.03750	0.07982	0.04086	0.06588	0.01174	0.00358	0.00672	0.60982	0.00655	0.00655
98	0.01660	0.05883	0.30754	0.03239	0.34801	0.01771	0.07061	0.02265	0.01602	0.02312	0.01333	0.01674	0.01044	0.00662	0.00706	0.00221	0.00972	0.00606	0.00337	0.01098

[dist]
# distance from previous block
# <min> <max>
0	1

[block]
# block no. 4 follows, 28 sequences, length 71
# corresponding to MSA columns:
# 289-359
name=unknown_E
#
# <colnr> <probs for GDERKNQSTAVLIFYWHMCP>
#	G	D	E	R	K	N	Q	S	T	A	V	L	I	F	Y	W	H	M	C	P
0	0.01961	0.01357	0.01553	0.01347	0.01692	0.01435	0.01049	0.31595	0.04383	0.08111	0.05664	0.26315	0.02886	0.03776	0.00905	0.00265	0.00627	0.03414	0.00715	0.00950
1	0.02099	0.01603	0.01621	0.01468	0.04187	0.09828	0.01100	0.25556	0.04436	0.08251	0.02323	0.16014	0.02079	0.01262	0.02852	0.00252	0.00733	0.00925	0.12455	0.00955
2	0.57137	0.05003	0.01743	0.05654	0.02007	0.04992	0.09852	0.02183	0.01364	0.02909	0.01096	0.01337	0.00855	0.00671	0.00532	0.00224	0.00721	0.00475	0.00421	0.00824
3	0.01075	0.00839	0.00985	0.00947	0.01128	0.03102	0.00715	0.01380	0.01945	0.02653	0.52722	0.05635	0.14163	0.04304	0.00968	0.00254	0.00414	0.05350	0.00748	0.00672
4	0.01846	0.08004	0.06205	0.09342	0.05044	0.06786	0.01276	0.17261	0.01969	0.02734	0.03870	0.02216	0.01546	0.05667	0.00920	0.00239	0.04121	0.00661	0.19398	0.00893
5	0.01764	0.01284	0.01534	0.01108	0.01742	0.00984	0.00892	0.02081	0.01591	0.12318	0.01522	0.01649	0.01182	0.00591	0.00566	0.00125	0.00550	0.00475	0.00499	0.67543
6	0.01992	0.70355	0.03698	0.01284	0.01890	0.07237	0.01254	0.02223	0.01514	0.01715	0.01018	0.01175	0.00933	0.00630	0.00478	0.00157	0.00811	0.00394	0.00315	0.00927
7	0.04835	0.01459	0.04857	0.01247	0.01872	0.01173	0.01062	0.08289	0.01868	0.26128	0.01868	0.01853	0.01324	0.00705	0.00626	0.00168	0.00615	0.00558	0.00614	0.38878
8	0.01007	0.00740	0.00927	0.00881	0.01052	0.00677	0.00651	0.01305	0.01936	0.02682	0.56352	0.05607	0.15452	0.06309	0.01044	0.00262	0.00370	0.01329	0.00759	0.00660
9	0.01839	0.01577	0.01661	0.01486	0.01902	0.01823	0.01158	0.05947	0.66471	0.03091	0.02919	0.02680	0.02187	0.00982	0.00739	0.00246	0.00583	0.00816	0.00739	0.01153
10	0.00933	0.00653	0.00829	0.00951	0.00981	0.00622	0.00609	0.01025	0.01298	0.01731	0.03527	0.54659	0.04203	0.22423	0.01701	0.00410	0.00501	0.01785	0.00609	0.00549
11	0.01104	0.00750	0.00986	0.00942	0.01114	0.00690	0.00700	0.01418	0.01977	0.05599	0.58695	0.13739	0.06395	0.01559	0.00861	0.00237	0.00364	0.01383	0.00789	0.00697
12	0.61661	0.01491	0.01290	0.01094	0.01573	0.01684	0.00902	0.12457	0.01643	0.08681	0.01271	0.01369	0.00936	0.00723	0.00515	0.00224	0.00604	0.00461	0.00528	0.00892
13	0.01007	0.00734	0.00947	0.00911	0.01077	0.00674	0.00677	0.01322	0.01979	0.02770	0.60387	0.10969	0.10682	0.01571	0.00863	0.00235	0.00351	0.01388	0.00782	0.00674
14	0.00886	0.00633	0.00843	0.01012	0.01054	0.00590	0.00675	0.01012	0.01392	0.01856	0.04006	0.73979	0.04808	0.02277	0.00928	0.00295	0.00422	0.02066	0.00675	0.00590
15	0.02702	0.01977	0.02116	0.01629	0.02193	0.02185	0.01343	0.64623	0.03335	0.04499	0.01773	0.01787	0.01264	0.00871	0.00718	0.00216	0.00780	0.00655	0.04122	0.01212
16	0.02883	0.01844	0.02063	0.01581	0.02158	0.01969	0.01306	0.52118	0.03096	0.20413	0.02015	0.01920	0.01372	0.00879	0.00728	0.00220	0.00756	0.00673	0.00769	0.01236
17	0.01355	0.00678	0.00678	0.00678	0.00847	0.00678	0.00508	0.01694	0.01524	0.02710	0.02371	0.02710	0.01863	0.00847	0.00508	0.00169	0.00339	0.00678	0.78489	0.00678
18	0.03089	0.01275	0.01682	0.01315	0.01860	0.01156	0.01078	0.03580	0.09959	0.62443	0.02879	0.02502	0.01849	0.00910	0.00732	0.00227	0.00613	0.00742	0.00881	0.01227
19	0.02018	0.02317	0.02042	0.01817	0.01987	0.32003	0.01436	0.02192	0.01537	0.01764	0.01214	0.04846	0.01163	0.01288	0.04805	0.00300	0.35473	0.00636	0.00362	0.00799
20	0.00885	0.00636	0.00840	0.01003	0.01052	0.00591	0.00671	0.01013	0.01401	0.01859	0.04120	0.71715	0.06999	0.02263	0.00925	0.00294	0.00420	0.02048	0.00675	0.00591
21	0.79588	0.01406	0.01068	0.00956	0.01406	0.01631	0.00787	0.02137	0.01237	0.03261	0.01012	0.01181	0.00787	0.00675	0.00450	0.00225	0.00562	0.00394	0.00450	0.00787
22	0.03261	0.01237	0.01687	0.01293	0.01856	0.01068	0.01068	0.03543	0.02081	0.70423	0.02868	0.02474	0.01799	0.00900	0.00731	0.00225	0.00619	0.00731	0.00900	0.01237
23	0.01666	0.01751	0.03398	0.02801	0.11538	0.01774	0.40374	0.04478	0.01670	0.02312	0.03635	0.02197	0.03633	0.01007	0.04286	0.00292	0.11014	0.00826	0.00397	0.00949
24	0.17121	0.01722	0.04690	0.12452	0.25081	0.01807	0.01686	0.16322	0.01912	0.05109	0.01396	0.01689	0.01077	0.00751	0.00745	0.00227	0.04117	0.00598	0.00465	0.01034
25	0.01005	0.00753	0.00852	0.00820	0.01038	0.00658	0.00611	0.01240	0.01784	0.04474	0.28888	0.06194	0.42200	0.05078	0.00987	0.00260	0.00383	0.01409	0.00715	0.00651
26	0.79588	0.01406	0.01068	0.00956	0.01406	0.01631	0.00787	0.02137	0.01237	0.03261	0.01012	0.01181	0.00787	0.00675	0.00450	0.00225	0.00562	0.00394	0.00450	0.00787
27	0.01377	0.01239	0.01985	0.26575	0.02937	0.01442	0.09258	0.01798	0.04536	0.01959	0.01890	0.05402	0.01780	0.11081	0.03238	0.00348	0.11195	0.07207	0.03993	0.00762
28	0.01626	0.03487	0.58084	0.02176	0.05838	0.06111	0.05489	0.02382	0.01600	0.04641	0.01358	0.01584	0.00970	0.00696	0.00699	0.00227	0.01072	0.00559	0.00337	0.01064
29	0.01067	0.00756	0.00957	0.00899	0.01092	0.00686	0.00677	0.01384	0.01999	0.04680	0.58438	0.05578	0.16019	0.01522	0.00854	0.00231	0.00354	0.01331	0.00784	0.00691
30	0.08760	0.06864	0.61076	0.01929	0.02924	0.01738	0.02441	0.02281	0.01504	0.02364	0.01264	0.01484	0.00909	0.00686	0.00658	0.00226	0.01013	0.00517	0.00320	0.01041
31	0.01561	0.02024	0.16003	0.23069	0.16567	0.01685	0.21411	0.02125	0.01571	0.02165	0.01396	0.01939	0.01092	0.03234	0.00861	0.00252	0.01036	0.00702	0.00344	0.00963
32	0.01490	0.01633	0.07836	0.20790	0.24177	0.03285	0.09825	0.01924	0.01571	0.02115	0.02043	0.13342	0.04856	0.00980	0.00773	0.00240	0.00871	0.00923	0.00412	0.00916
33	0.00893	0.00741	0.00783	0.00783	0.01017	0.00632	0.00595	0.01103	0.01707	0.02090	0.14877	0.06853	0.59164	0.01804	0.00865	0.00247	0.00378	0.04154	0.00690	0.00625
