[name]
unknown

[dist]
# distance from previous block
# <min> <max>
6	22

[block]
# block no. 0 follows, 28 sequences, length 12
# corresponding to MSA columns:
# 22-33
name=unknown_A
#
# <colnr> <probs for GDERKNQSTAVLIFYWHMCP>
#	G	D	E	R	K	N	Q	S	T	A	V	L	I	F	Y	W	H	M	C	P
0	0.01823	0.01792	0.02865	0.07930	0.63063	0.05262	0.02178	0.02245	0.01665	0.02317	0.01351	0.01782	0.01131	0.00657	0.00717	0.00216	0.00892	0.00638	0.00359	0.01118
1	0.16270	0.01925	0.01986	0.01546	0.02105	0.02145	0.01277	0.56004	0.03034	0.04349	0.01616	0.01646	0.01157	0.00838	0.00678	0.00219	0.00758	0.00609	0.00678	0.01157
2	0.01611	0.01535	0.02611	0.34550	0.41300	0.01678	0.02137	0.02066	0.01566	0.02147	0.01334	0.01860	0.01071	0.00683	0.00723	0.00228	0.00910	0.00647	0.00344	0.01000
3	0.01054	0.00753	0.01036	0.01204	0.01320	0.00735	0.00967	0.01302	0.01557	0.02043	0.03914	0.35330	0.04441	0.02119	0.00973	0.00318	0.00567	0.39060	0.00672	0.00637
4	0.01799	0.01727	0.02950	0.04462	0.69919	0.01727	0.02231	0.02231	0.01655	0.02375	0.01367	0.01799	0.01151	0.00648	0.00720	0.00216	0.00864	0.00648	0.00360	0.01151
5	0.01210	0.00635	0.00927	0.00946	0.00950	0.00631	0.00626	0.00960	0.01002	0.01335	0.01619	0.10190	0.01726	0.06450	0.02679	0.65976	0.00612	0.00811	0.00362	0.00353
6	0.14926	0.00882	0.00992	0.00916	0.01165	0.00861	0.00704	0.01567	0.01861	0.06100	0.46022	0.04748	0.13882	0.01362	0.00780	0.00230	0.00398	0.01154	0.00727	0.00721
7	0.61220	0.01365	0.01217	0.01037	0.01514	0.01495	0.00855	0.02475	0.01440	0.19424	0.01459	0.01492	0.01031	0.00729	0.00518	0.00225	0.00576	0.00475	0.00558	0.00895
8	0.00916	0.00645	0.00835	0.00974	0.01008	0.00611	0.00634	0.01020	0.01333	0.01777	0.03705	0.61809	0.04427	0.14967	0.01415	0.00367	0.00471	0.01889	0.00634	0.00564
9	0.01510	0.00821	0.01067	0.01013	0.01224	0.00743	0.00740	0.01721	0.01714	0.18594	0.20811	0.27386	0.08750	0.09085	0.01141	0.00299	0.00474	0.01411	0.00738	0.00757
10	0.65801	0.01306	0.01086	0.01023	0.01423	0.01491	0.00855	0.02026	0.01314	0.03070	0.01511	0.02415	0.01384	0.00909	0.00547	0.00244	0.00581	0.11757	0.00488	0.00766
11	0.00879	0.00659	0.00817	0.00943	0.01036	0.00596	0.00644	0.01020	0.01458	0.01883	0.04847	0.57206	0.21039	0.02168	0.00911	0.00283	0.00408	0.01933	0.00675	0.00596

[dist]
# distance from previous block
# <min> <max>
0	1

[block]
# block no. 1 follows, 28 sequences, length 19
# corresponding to MSA columns:
# 35-53
name=unknown_B
#
# <colnr> <probs for GDERKNQSTAVLIFYWHMCP>
#	G	D	E	R	K	N	Q	S	T	A	V	L	I	F	Y	W	H	M	C	P
0	0.01217	0.00891	0.01087	0.00984	0.01202	0.00862	0.00747	0.08982	0.02146	0.02978	0.54396	0.05098	0.10851	0.04202	0.00950	0.00247	0.00411	0.01245	0.00769	0.00735
1	0.00886	0.00633	0.00843	0.01012	0.01054	0.00590	0.00675	0.01012	0.01392	0.01856	0.04006	0.73979	0.04808	0.02277	0.00928	0.00295	0.00422	0.02066	0.00675	0.00590
2	0.02653	0.01981	0.02119	0.01650	0.02212	0.02203	0.01355	0.60137	0.10957	0.04403	0.01886	0.01857	0.01350	0.00886	0.00729	0.00221	0.00774	0.00674	0.00729	0.01226
3	0.02586	0.01142	0.01476	0.01190	0.01657	0.01022	0.00962	0.02994	0.07106	0.48812	0.09786	0.03438	0.12342	0.01101	0.00762	0.00230	0.00552	0.00911	0.00845	0.01087
4	0.00994	0.00687	0.00811	0.00858	0.00891	0.00665	0.00525	0.01055	0.01229	0.01630	0.05654	0.25043	0.07484	0.46302	0.02614	0.00540	0.00588	0.01389	0.00536	0.00504
5	0.02763	0.02036	0.02182	0.01672	0.02254	0.02254	0.01382	0.67496	0.03418	0.04581	0.01745	0.01745	0.01236	0.00873	0.00727	0.00218	0.00800	0.00654	0.00727	0.01236
6	0.00882	0.00647	0.00828	0.00973	0.01044	0.00594	0.00657	0.01017	0.01429	0.01871	0.04481	0.64510	0.13971	0.02216	0.00918	0.00288	0.00414	0.01991	0.00675	0.00594
7	0.01023	0.00689	0.00798	0.00835	0.00860	0.00675	0.00499	0.01070	0.01170	0.01576	0.02860	0.20101	0.05558	0.53121	0.02865	0.00578	0.00616	0.01284	0.03333	0.00489
8	0.01360	0.01119	0.01242	0.01145	0.01439	0.01191	0.00878	0.02464	0.32627	0.02817	0.28677	0.04436	0.15030	0.01314	0.00803	0.00240	0.00454	0.01124	0.00752	0.00888
9	0.01509	0.01480	0.02067	0.01805	0.01810	0.02037	0.01484	0.01664	0.01145	0.01762	0.01307	0.09962	0.01400	0.01388	0.02217	0.00315	0.64716	0.00802	0.00359	0.00771
10	0.01015	0.00696	0.00796	0.00822	0.00848	0.00680	0.00485	0.01049	0.01155	0.01521	0.02944	0.15625	0.08102	0.57745	0.03054	0.00606	0.00635	0.01250	0.00495	0.00477
11	0.00905	0.00641	0.00838	0.00988	0.01025	0.00603	0.00649	0.01017	0.01354	0.01806	0.03815	0.66252	0.04566	0.10335	0.01237	0.00341	0.00453	0.01954	0.00649	0.00574
12	0.00886	0.00633	0.00843	0.01012	0.01054	0.00590	0.00675	0.01012	0.01392	0.01856	0.04006	0.73979	0.04808	0.02277	0.00928	0.00295	0.00422	0.02066	0.00675	0.00590
13	0.03261	0.01237	0.01687	0.01293	0.01856	0.01068	0.01068	0.03543	0.02081	0.70423	0.02868	0.02474	0.01799	0.00900	0.00731	0.00225	0.00619	0.00731	0.00900	0.01237
14	0.13200	0.01393	0.02161	0.48819	0.16939	0.01639	0.01875	0.01971	0.01460	0.02168	0.01264	0.01798	0.00977	0.00704	0.00684	0.00235	0.00888	0.00608	0.00349	0.00871
15	0.01154	0.00895	0.01170	0.01109	0.01145	0.01053	0.00789	0.01256	0.01098	0.01550	0.01940	0.03631	0.02094	0.41627	0.21905	0.00756	0.14958	0.00901	0.00403	0.00565
16	0.01862	0.01589	0.01674	0.01490	0.01911	0.01833	0.01164	0.07487	0.64893	0.03128	0.02889	0.02657	0.02163	0.00980	0.00739	0.00245	0.00588	0.00812	0.00739	0.01155
17	0.01453	0.17498	0.24466	0.01668	0.02267	0.01693	0.08343	0.01938	0.01508	0.02100	0.09273	0.02233	0.01820	0.01790	0.15747	0.00418	0.03825	0.00683	0.00389	0.00889
18	0.20704	0.34391	0.04881	0.01585	0.09616	0.02122	0.01265	0.02187	0.05275	0.02296	0.01469	0.04387	0.01351	0.00812	0.00567	0.00204	0.00714	0.04852	0.00412	0.00910

[dist]
# distance from previous block
# <min> <max>
2	11

[block]
# block no. 2 follows, 28 sequences, length 23
# corresponding to MSA columns:
# 65-87
name=unknown_C
#
# <colnr> <probs for GDERKNQSTAVLIFYWHMCP>
#	G	D	E	R	K	N	Q	S	T	A	V	L	I	F	Y	W	H	M	C	P
0	0.02482	0.01710	0.01898	0.01497	0.02003	0.01845	0.01226	0.48056	0.02896	0.11404	0.02407	0.02414	0.07652	0.01393	0.07370	0.00310	0.00847	0.00756	0.00710	0.01124
1	0.01621	0.20761	0.40242	0.01847	0.02638	0.02052	0.04208	0.02305	0.05562	0.02141	0.01299	0.01536	0.01012	0.00755	0.00835	0.00223	0.09076	0.00540	0.00337	0.01010
2	0.01129	0.01041	0.05468	0.01255	0.01411	0.01077	0.01030	0.01377	0.01169	0.01694	0.01843	0.02891	0.01778	0.14066	0.50259	0.00953	0.09727	0.00786	0.00383	0.00663
3	0.01709	0.04577	0.05214	0.02104	0.03825	0.01852	0.22258	0.10779	0.01654	0.02306	0.01459	0.02147	0.01284	0.09432	0.05865	0.00365	0.21123	0.00752	0.00407	0.00888
4	0.02358	0.01809	0.02068	0.01601	0.02142	0.01942	0.05253	0.49583	0.05664	0.03947	0.02523	0.02500	0.10525	0.00981	0.00747	0.00221	0.00749	0.00785	0.00688	0.03915
5	0.02498	0.01777	0.01968	0.01489	0.02085	0.01825	0.01223	0.45255	0.02819	0.10173	0.01738	0.01754	0.01249	0.00792	0.00681	0.00191	0.00718	0.00606	0.00670	0.20486
6	0.00942	0.00735	0.00826	0.00806	0.00998	0.00650	0.00587	0.01161	0.01732	0.02239	0.28861	0.06188	0.39815	0.09879	0.01178	0.00291	0.00397	0.01403	0.00693	0.00620
7	0.01915	0.01615	0.01704	0.01501	0.01931	0.01858	0.01177	0.11017	0.61277	0.03214	0.02822	0.02603	0.02108	0.00973	0.00738	0.00243	0.00601	0.00803	0.00738	0.01160
8	0.00870	0.00733	0.00755	0.00758	0.00991	0.00617	0.00565	0.01062	0.01670	0.02016	0.10934	0.09580	0.63294	0.01837	0.00862	0.00246	0.00369	0.01542	0.00682	0.00617
9	0.01058	0.00719	0.00825	0.00841	0.00869	0.00712	0.00514	0.01098	0.01145	0.01509	0.02692	0.05192	0.06165	0.64013	0.03304	0.00647	0.00684	0.07067	0.00474	0.00471
10	0.02654	0.01849	0.02037	0.01552	0.02140	0.01952	0.01278	0.51690	0.03017	0.11693	0.01812	0.01796	0.01279	0.00832	0.00703	0.00204	0.00745	0.00634	0.00708	0.11425
11	0.01277	0.00718	0.01109	0.10362	0.01480	0.00760	0.00813	0.01066	0.01013	0.01341	0.01266	0.02174	0.01224	0.02289	0.02564	0.68538	0.00676	0.00633	0.00317	0.00380
12	0.01402	0.01298	0.02172	0.58355	0.11977	0.01555	0.01963	0.01866	0.01497	0.01945	0.01540	0.02508	0.01290	0.00838	0.00752	0.00248	0.00929	0.06671	0.00360	0.00833
13	0.01644	0.01306	0.01528	0.01117	0.01742	0.01029	0.00894	0.02075	0.05842	0.06983	0.01505	0.01649	0.01198	0.00591	0.00564	0.00124	0.00546	0.00476	0.00482	0.68703
14	0.01055	0.00914	0.01171	0.01430	0.13270	0.00824	0.00874	0.01311	0.01725	0.02199	0.16925	0.05803	0.46707	0.01568	0.00834	0.00237	0.00452	0.01339	0.00640	0.00722
15	0.11360	0.00797	0.00829	0.00814	0.00873	0.00826	0.00486	0.01199	0.01081	0.01652	0.02123	0.04288	0.02399	0.64774	0.03273	0.00642	0.00686	0.00970	0.00442	0.00486
16	0.01774	0.13981	0.40567	0.02177	0.12365	0.01777	0.02166	0.02385	0.01609	0.09876	0.01531	0.01848	0.01166	0.00742	0.00676	0.00220	0.00933	0.02744	0.00394	0.01068
17	0.02432	0.02428	0.02319	0.02495	0.20579	0.27509	0.01613	0.20480	0.04180	0.04524	0.01452	0.01642	0.01136	0.00783	0.00753	0.00210	0.03332	0.00590	0.00490	0.01052
18	0.02209	0.01425	0.01661	0.01324	0.01818	0.01391	0.01059	0.23136	0.06392	0.17959	0.05021	0.11537	0.02081	0.01018	0.00717	0.00207	0.00618	0.00842	0.00694	0.18891
19	0.01897	0.45928	0.04754	0.11007	0.02318	0.13656	0.01359	0.02169	0.01584	0.01775	0.01555	0.01744	0.06129	0.00751	0.00568	0.00181	0.00867	0.00527	0.00350	0.00881
20	0.00996	0.00714	0.00870	0.00924	0.01004	0.00663	0.00596	0.01092	0.01286	0.01732	0.03298	0.39945	0.06359	0.29058	0.01930	0.00432	0.00534	0.01545	0.00569	0.06454
21	0.02378	0.01808	0.01877	0.01456	0.02017	0.06857	0.01180	0.34990	0.04969	0.09938	0.01955	0.01963	0.03945	0.00823	0.00680	0.00190	0.00729	0.00631	0.00640	0.20973
22	0.01679	0.01431	0.02017	0.29336	0.13670	0.01599	0.01608	0.08428	0.15473	0.04791	0.02309	0.02535	0.07735	0.00885	0.00735	0.00232	0.00774	0.00762	0.00508	0.03493

[dist]
# distance from previous block
# <min> <max>
0	1

[block]
# block no. 3 follows, 28 sequences, length 29
# corresponding to MSA columns:
# 89-117
name=unknown_D
#
# <colnr> <probs for GDERKNQSTAVLIFYWHMCP>
#	G	D	E	R	K	N	Q	S	T	A	V	L	I	F	Y	W	H	M	C	P
0	0.02069	0.02265	0.02085	0.01809	0.02157	0.27196	0.06767	0.02964	0.26059	0.02281	0.01874	0.03982	0.01529	0.00952	0.00990	0.00238	0.12624	0.00702	0.00506	0.00951
1	0.02391	0.02055	0.02137	0.01794	0.04113	0.10445	0.03417	0.36420	0.17627	0.03545	0.01862	0.01907	0.01393	0.00900	0.00855	0.00229	0.06477	0.00674	0.00634	0.01125
2	0.01629	0.01311	0.01593	0.01265	0.05253	0.01014	0.00945	0.01955	0.01550	0.06500	0.01392	0.01581	0.01124	0.00566	0.00559	0.00120	0.00560	0.00460	0.00455	0.70168
3	0.01412	0.01026	0.01229	0.01217	0.01414	0.01057	0.00906	0.18851	0.01958	0.02612	0.03388	0.49068	0.03799	0.01878	0.00881	0.00278	0.00544	0.07024	0.00688	0.00770
4	0.01213	0.01041	0.01367	0.01304	0.01416	0.04525	0.01019	0.01437	0.01195	0.01686	0.01761	0.02682	0.01679	0.08647	0.52447	0.00950	0.13824	0.00756	0.00380	0.00670
5	0.01500	0.01393	0.02303	0.58843	0.15210	0.01660	0.02025	0.04701	0.01569	0.02055	0.01323	0.01908	0.01009	0.00720	0.00726	0.00237	0.00945	0.00647	0.00346	0.00880
6	0.01400	0.01320	0.02230	0.68329	0.09170	0.01622	0.02032	0.01881	0.01466	0.01890	0.01297	0.01929	0.00981	0.00722	0.00726	0.00241	0.00962	0.00646	0.00325	0.00830
7	0.00897	0.00637	0.00840	0.00998	0.01038	0.00598	0.00660	0.01015	0.01370	0.01827	0.03896	0.69539	0.04669	0.06907	0.01106	0.00321	0.00440	0.02002	0.00660	0.00581
8	0.01263	0.00631	0.00947	0.00947	0.00947	0.00631	0.00631	0.00947	0.00947	0.01263	0.01263	0.02210	0.01263	0.02525	0.02841	0.78851	0.00631	0.00631	0.00316	0.00316
9	0.58774	0.01412	0.01283	0.03272	0.01650	0.01570	0.00913	0.06502	0.01531	0.15230	0.01397	0.01469	0.01001	0.00729	0.00526	0.00225	0.00600	0.00478	0.00543	0.00896
10	0.01587	0.01354	0.01590	0.01161	0.01765	0.01120	0.00935	0.05752	0.01598	0.02465	0.01299	0.01526	0.01079	0.00601	0.00658	0.00127	0.04823	0.00456	0.00442	0.69661
11	0.01150	0.00875	0.01073	0.01000	0.01213	0.00865	0.00757	0.01764	0.12807	0.02906	0.56865	0.05038	0.08031	0.01416	0.00838	0.00232	0.00381	0.01242	0.00787	0.00759
12	0.07157	0.01379	0.02292	0.57211	0.10519	0.01639	0.05786	0.01939	0.01471	0.02034	0.01289	0.01871	0.00980	0.00709	0.00714	0.00239	0.00945	0.00640	0.00338	0.00847
13	0.01578	0.01708	0.05356	0.29264	0.03311	0.06273	0.06579	0.01933	0.01379	0.01879	0.01159	0.01729	0.00972	0.00933	0.01394	0.00265	0.30108	0.00635	0.00330	0.03217
14	0.00933	0.00661	0.00857	0.00965	0.01022	0.00622	0.00643	0.01077	0.01452	0.01963	0.14359	0.53045	0.04831	0.12419	0.01311	0.00343	0.00449	0.01801	0.00662	0.00585
15	0.01510	0.03527	0.64886	0.01990	0.03004	0.01619	0.02534	0.02310	0.01579	0.05012	0.04384	0.01744	0.01218	0.00734	0.00700	0.00230	0.01024	0.00579	0.00352	0.01064
16	0.02477	0.01795	0.01975	0.01541	0.02087	0.01932	0.01261	0.47334	0.08792	0.07982	0.01885	0.01915	0.01375	0.01119	0.04875	0.00266	0.00809	0.00658	0.00688	0.09234
17	0.00884	0.00639	0.00837	0.00995	0.01050	0.00592	0.00667	0.01014	0.01408	0.01862	0.04218	0.69753	0.08898	0.02250	0.00923	0.00292	0.00418	0.02033	0.00675	0.00592
18	0.01486	0.01482	0.02044	0.01770	0.01888	0.06194	0.07517	0.01698	0.01283	0.01815	0.01641	0.13483	0.01706	0.01901	0.11188	0.00413	0.40438	0.00897	0.00394	0.00763
19	0.01507	0.01292	0.01507	0.01077	0.01723	0.00969	0.00861	0.01830	0.01507	0.02369	0.01292	0.01507	0.01077	0.00538	0.00538	0.00108	0.00538	0.00431	0.00431	0.78898
20	0.01672	0.34998	0.02668	0.01418	0.01746	0.05972	0.01244	0.01880	0.01361	0.01732	0.01382	0.07234	0.01379	0.01675	0.12059	0.00367	0.19387	0.00648	0.00357	0.00822
21	0.03201	0.01335	0.01747	0.01340	0.01904	0.01213	0.01107	0.11348	0.02244	0.62387	0.02731	0.02385	0.01731	0.00896	0.00731	0.00224	0.00641	0.00722	0.00879	0.01237
22	0.02553	0.03138	0.02040	0.01940	0.05679	0.59856	0.01403	0.04345	0.05970	0.01955	0.01468	0.01619	0.03337	0.00797	0.00672	0.00195	0.01201	0.00538	0.00413	0.00878
23	0.01518	0.01327	0.01662	0.06426	0.02045	0.01083	0.03331	0.01936	0.04356	0.02358	0.01369	0.01606	0.01118	0.00574	0.00572	0.00128	0.00596	0.00478	0.00434	0.67083
24	0.01658	0.01483	0.02340	0.53021	0.07197	0.01747	0.05827	0.13560	0.01827	0.02391	0.01386	0.01899	0.01032	0.00742	0.00734	0.00237	0.00950	0.00660	0.00399	0.00909
25	0.66390	0.01424	0.01358	0.05319	0.01784	0.01613	0.04850	0.02204	0.01322	0.06592	0.01152	0.01339	0.00869	0.00686	0.00505	0.00227	0.00629	0.00454	0.00461	0.00823
26	0.01661	0.16842	0.02021	0.01389	0.01664	0.15720	0.01127	0.01867	0.01410	0.01724	0.01454	0.02131	0.01380	0.08842	0.23998	0.00557	0.11011	0.00625	0.00367	0.04210
27	0.01128	0.00910	0.01339	0.01288	0.01397	0.01122	0.01019	0.01371	0.01159	0.01697	0.01786	0.02651	0.01678	0.04776	0.60385	0.01031	0.13457	0.00756	0.00378	0.00673
28	0.02879	0.01428	0.01767	0.01360	0.01908	0.01363	0.01118	0.20830	0.02411	0.44049	0.06673	0.02403	0.01921	0.00908	0.00726	0.00216	0.00646	0.00729	0.00818	0.05846

[dist]
# distance from previous block
# <min> <max>
0	2

[block]
# block no. 4 follows, 28 sequences, length 143
# corresponding to MSA columns:
# 120-144,151-268
name=unknown_E
#
# <colnr> <probs for GDERKNQSTAVLIFYWHMCP>
#	G	D	E	R	K	N	Q	S	T	A	V	L	I	F	Y	W	H	M	C	P
0	0.05346	0.39332	0.05334	0.01251	0.01825	0.02014	0.01176	0.02544	0.01712	0.23753	0.07618	0.01970	0.01721	0.00791	0.00593	0.00190	0.00692	0.00585	0.00546	0.01008
1	0.01507	0.01292	0.01507	0.01077	0.01723	0.00969	0.00861	0.01830	0.01507	0.02369	0.01292	0.01507	0.01077	0.00538	0.00538	0.00108	0.00538	0.00431	0.00431	0.78898
2	0.10271	0.02036	0.14895	0.01434	0.02029	0.06766	0.01344	0.17952	0.02079	0.03035	0.12371	0.02153	0.01976	0.00833	0.00664	0.00196	0.00734	0.00647	0.00537	0.18048
3	0.02200	0.01352	0.01616	0.01389	0.01788	0.01391	0.01136	0.26950	0.02375	0.18517	0.02892	0.12935	0.04428	0.01461	0.02969	0.00283	0.00705	0.13875	0.00736	0.01001
4	0.01659	0.07405	0.07013	0.15303	0.03838	0.01869	0.47627	0.02232	0.01642	0.02197	0.01396	0.01877	0.01058	0.00637	0.00797	0.00237	0.01139	0.00770	0.00353	0.00950
5	0.02172	0.01706	0.01826	0.01527	0.02009	0.01911	0.01218	0.25770	0.41757	0.05600	0.02479	0.02329	0.01827	0.00929	0.00728	0.00231	0.00653	0.00748	0.00730	0.03849
6	0.02424	0.06226	0.02018	0.01705	0.02110	0.45566	0.01312	0.07855	0.16649	0.02267	0.01769	0.01828	0.03480	0.00840	0.00677	0.00203	0.01056	0.00590	0.00487	0.00936
7	0.75894	0.01400	0.01121	0.04345	0.01576	0.01630	0.00845	0.02124	0.01247	0.03195	0.01025	0.01217	0.00796	0.00677	0.00463	0.00226	0.00582	0.00406	0.00444	0.00788
8	0.01053	0.00722	0.00881	0.00881	0.00911	0.00752	0.00550	0.01113	0.01083	0.01474	0.02210	0.04313	0.02450	0.58326	0.19563	0.00813	0.00995	0.00992	0.00429	0.00489
9	0.00892	0.00732	0.00786	0.00785	0.01005	0.00626	0.00584	0.01102	0.01715	0.02132	0.18595	0.10624	0.54298	0.01801	0.00863	0.00245	0.00367	0.01525	0.00698	0.00626
10	0.01057	0.00705	0.00793	0.00793	0.00793	0.00705	0.00440	0.01057	0.01057	0.01409	0.02290	0.04757	0.02643	0.74454	0.03700	0.00705	0.00705	0.01057	0.00440	0.00440
11	0.01019	0.00743	0.00958	0.00904	0.01080	0.00682	0.00678	0.01353	0.02034	0.02859	0.65901	0.05521	0.10529	0.01507	0.00857	0.00230	0.00344	0.01327	0.00793	0.00682
12	0.01455	0.01376	0.02328	0.59571	0.17501	0.01637	0.02060	0.01929	0.01492	0.01957	0.01306	0.01911	0.01004	0.00712	0.00725	0.00237	0.00949	0.00646	0.00330	0.00874
13	0.00859	0.00736	0.00736	0.00736	0.00982	0.00614	0.00552	0.01043	0.01657	0.01964	0.07364	0.06996	0.69624	0.01841	0.00859	0.00245	0.00368	0.01534	0.00675	0.00614
14	0.01532	0.01614	0.03222	0.34005	0.04235	0.01692	0.35742	0.02070	0.01587	0.02101	0.01485	0.04624	0.01181	0.00725	0.00802	0.00246	0.01081	0.00808	0.00359	0.00889
15	0.79588	0.01406	0.01068	0.00956	0.01406	0.01631	0.00787	0.02137	0.01237	0.03261	0.01012	0.01181	0.00787	0.00675	0.00450	0.00225	0.00562	0.00394	0.00450	0.00787
16	0.76451	0.04375	0.01179	0.00968	0.01424	0.01681	0.00806	0.02138	0.01247	0.03199	0.01012	0.01180	0.00793	0.00673	0.00451	0.00222	0.00571	0.00393	0.00444	0.00793
17	0.01057	0.00705	0.00793	0.00793	0.00793	0.00705	0.00440	0.01057	0.01057	0.01409	0.02290	0.04757	0.02643	0.74454	0.03700	0.00705	0.00705	0.01057	0.00440	0.00440
18	0.01590	0.01590	0.02226	0.01908	0.01908	0.02226	0.01590	0.01749	0.01113	0.01749	0.00954	0.01590	0.00954	0.01272	0.02385	0.00318	0.73123	0.00636	0.00318	0.00795
19	0.01475	0.06210	0.68384	0.02043	0.03102	0.01729	0.02636	0.02298	0.01533	0.02282	0.01294	0.01522	0.00921	0.00688	0.00683	0.00228	0.01064	0.00532	0.00307	0.01069
20	0.00859	0.00736	0.00736	0.00736	0.00982	0.00614	0.00552	0.01043	0.01657	0.01964	0.07364	0.06996	0.69624	0.01841	0.00859	0.00245	0.00368	0.01534	0.00675	0.00614
21	0.01373	0.01292	0.02180	0.72707	0.05006	0.01615	0.02019	0.01857	0.01453	0.01857	0.01292	0.01938	0.00969	0.00727	0.00727	0.00242	0.00969	0.00646	0.00323	0.00807
22	0.02723	0.03226	0.02080	0.01839	0.02248	0.59990	0.01401	0.13667	0.02286	0.02246	0.01227	0.01383	0.00986	0.00770	0.00667	0.00192	0.01226	0.00499	0.00433	0.00908
23	0.02888	0.01836	0.02057	0.01577	0.02154	0.01957	0.01303	0.51446	0.03082	0.21104	0.02027	0.01928	0.01378	0.00879	0.00728	0.00220	0.00754	0.00674	0.00770	0.01236
24	0.00859	0.00736	0.00736	0.00736	0.00982	0.00614	0.00552	0.01043	0.01657	0.01964	0.07364	0.06996	0.69624	0.01841	0.00859	0.00245	0.00368	0.01534	0.00675	0.00614
25	0.01875	0.01248	0.01331	0.01088	0.01473	0.01277	0.00869	0.24943	0.02190	0.03320	0.01991	0.02191	0.01525	0.00810	0.00590	0.00177	0.00531	0.00633	0.39488	0.12448
26	0.01943	0.74891	0.03809	0.01244	0.01866	0.02876	0.01244	0.02177	0.01477	0.01710	0.01011	0.01166	0.00933	0.00622	0.00466	0.00155	0.00777	0.00389	0.00311	0.00933
27	0.01265	0.00795	0.01047	0.00955	0.01167	0.00726	0.00726	0.01601	0.02060	0.10051	0.62489	0.05117	0.06324	0.01424	0.00844	0.00228	0.00372	0.01253	0.00811	0.00744
28	0.01029	0.00743	0.00972	0.00914	0.01086	0.00686	0.00686	0.01372	0.02058	0.02915	0.69536	0.05430	0.06859	0.01486	0.00857	0.00229	0.00343	0.01315	0.00800	0.00686
29	0.02183	0.00998	0.01341	0.01110	0.01484	0.00884	0.00884	0.02494	0.02069	0.37815	0.35070	0.03902	0.04243	0.01183	0.00792	0.00227	0.00485	0.01013	0.00852	0.00971
30	0.00995	0.00742	0.00925	0.00879	0.01065	0.00671	0.00659	0.01306	0.01978	0.02725	0.57154	0.05742	0.19359	0.01557	0.00858	0.00232	0.00348	0.01358	0.00775	0.00671
31	0.02930	0.01703	0.01967	0.01515	0.02084	0.01768	0.01250	0.39986	0.05013	0.30715	0.02231	0.02067	0.01492	0.00887	0.00729	0.00222	0.00720	0.00690	0.00796	0.01234
32	0.01373	0.01292	0.02180	0.72707	0.05006	0.01615	0.02019	0.01857	0.01453	0.01857	0.01292	0.01938	0.00969	0.00727	0.00727	0.00242	0.00969	0.00646	0.00323	0.00807
33	0.00912	0.00644	0.00836	0.00978	0.01014	0.00608	0.00639	0.01019	0.01340	0.01787	0.03742	0.63310	0.04474	0.13402	0.01355	0.00358	0.00465	0.01911	0.00639	0.00567
34	0.00886	0.00633	0.00843	0.01012	0.01054	0.00590	0.00675	0.01012	0.01392	0.01856	0.04006	0.73979	0.04808	0.02277	0.00928	0.00295	0.00422	0.02066	0.00675	0.00590
35	0.02715	0.03464	0.02060	0.01873	0.02247	0.71536	0.01404	0.02903	0.02060	0.01779	0.01124	0.01311	0.00936	0.00749	0.00655	0.00187	0.01311	0.00468	0.00375	0.00843
36	0.03185	0.01220	0.01662	0.01280	0.01829	0.01055	0.01055	0.03468	0.02080	0.68108	0.05154	0.02575	0.01973	0.00920	0.00735	0.00225	0.00609	0.00751	0.00896	0.01218
37	0.01808	0.01561	0.01644	0.01479	0.01890	0.01808	0.01151	0.03863	0.68606	0.03041	0.02959	0.02712	0.02219	0.00986	0.00740	0.00247	0.00575	0.00822	0.00740	0.01151
38	0.00886	0.00633	0.00843	0.01012	0.01054	0.00590	0.00675	0.01012	0.01392	0.01856	0.04006	0.73979	0.04808	0.02277	0.00928	0.00295	0.00422	0.02066	0.00675	0.00590
39	0.01268	0.00796	0.01048	0.00955	0.01168	0.00727	0.00727	0.01604	0.02060	0.10141	0.62400	0.05113	0.06317	0.01423	0.00844	0.00228	0.00372	0.01252	0.00811	0.00745
40	0.00951	0.00781	0.00847	0.00852	0.01086	0.00694	0.00658	0.01244	0.04364	0.02143	0.14265	0.06767	0.52420	0.01782	0.00870	0.00253	0.00406	0.08276	0.00692	0.00650
41	0.01507	0.01292	0.01507	0.01077	0.01723	0.00969	0.00861	0.01830	0.01507	0.02369	0.01292	0.01507	0.01077	0.00538	0.00538	0.00108	0.00538	0.00431	0.00431	0.78898
42	0.01458	0.03760	0.70688	0.02072	0.03146	0.01688	0.02686	0.02302	0.01535	0.02302	0.01304	0.01535	0.00921	0.00691	0.00691	0.00230	0.01074	0.00537	0.00307	0.01074
43	0.00860	0.00732	0.00741	0.00747	0.00985	0.00613	0.00557	0.01042	0.01646	0.01959	0.07231	0.09644	0.67062	0.01858	0.00862	0.00247	0.00370	0.01555	0.00675	0.00613
44	0.01637	0.01835	0.03962	0.02869	0.03538	0.01720	0.60950	0.02203	0.01685	0.02283	0.01712	0.08805	0.01455	0.00771	0.00864	0.00250	0.01149	0.00973	0.00397	0.00943
45	0.02680	0.02030	0.02348	0.01782	0.02376	0.02221	0.06588	0.62347	0.03283	0.04403	0.01724	0.01762	0.01226	0.00852	0.00737	0.00220	0.00834	0.00671	0.00699	0.01216
46	0.01867	0.01548	0.01645	0.01472	0.01889	0.01778	0.01147	0.03850	0.65918	0.05763	0.02955	0.02702	0.02202	0.00983	0.00739	0.00246	0.00577	0.00818	0.00746	0.01154
47	0.01808	0.01561	0.01644	0.01479	0.01890	0.01808	0.01151	0.03863	0.68606	0.03041	0.02959	0.02712	0.02219	0.00986	0.00740	0.00247	0.00575	0.00822	0.00740	0.01151
48	0.02763	0.02036	0.02182	0.01672	0.02254	0.02254	0.01382	0.67496	0.03418	0.04581	0.01745	0.01745	0.01236	0.00873	0.00727	0.00218	0.00800	0.00654	0.00727	0.01236
49	0.02687	0.02012	0.02242	0.01893	0.07601	0.02213	0.01449	0.62339	0.03278	0.04407	0.01715	0.01749	0.01229	0.00855	0.00727	0.00218	0.00805	0.00654	0.00698	0.01229
50	0.01799	0.01727	0.02950	0.04462	0.69919	0.01727	0.02231	0.02231	0.01655	0.02375	0.01367	0.01799	0.01151	0.00648	0.00720	0.00216	0.00864	0.00648	0.00360	0.01151
51	0.79588	0.01406	0.01068	0.00956	0.01406	0.01631	0.00787	0.02137	0.01237	0.03261	0.01012	0.01181	0.00787	0.00675	0.00450	0.00225	0.00562	0.00394	0.00450	0.00787
52	0.00859	0.00736	0.00736	0.00736	0.00982	0.00614	0.00552	0.01043	0.01657	0.01964	0.07364	0.06996	0.69624	0.01841	0.00859	0.00245	0.00368	0.01534	0.00675	0.00614
53	0.02763	0.02036	0.02182	0.01672	0.02254	0.02254	0.01382	0.67496	0.03418	0.04581	0.01745	0.01745	0.01236	0.00873	0.00727	0.00218	0.00800	0.00654	0.00727	0.01236
54	0.02569	0.01890	0.02035	0.01610	0.02152	0.02096	0.01314	0.49946	0.18239	0.07339	0.02075	0.02000	0.01487	0.00900	0.00730	0.00225	0.00740	0.00696	0.00738	0.01217
55	0.01662	0.04895	0.20028	0.02766	0.03578	0.01838	0.49682	0.02317	0.01665	0.02301	0.01415	0.01832	0.01054	0.00632	0.00805	0.00238	0.01174	0.00766	0.00351	0.01001
56	0.01056	0.00709	0.00815	0.00815	0.00822	0.00717	0.00468	0.01071	0.01064	0.01426	0.02270	0.04646	0.02594	0.70419	0.07668	0.00732	0.00777	0.01041	0.00437	0.00453
57	0.01799	0.01727	0.02950	0.04462	0.69919	0.01727	0.02231	0.02231	0.01655	0.02375	0.01367	0.01799	0.01151	0.00648	0.00720	0.00216	0.00864	0.00648	0.00360	0.01151
58	0.02763	0.02036	0.02182	0.01672	0.02254	0.02254	0.01382	0.67496	0.03418	0.04581	0.01745	0.01745	0.01236	0.00873	0.00727	0.00218	0.00800	0.00654	0.00727	0.01236
59	0.01057	0.00705	0.00793	0.00793	0.00793	0.00705	0.00440	0.01057	0.01057	0.01409	0.02290	0.04757	0.02643	0.74454	0.03700	0.00705	0.00705	0.01057	0.00440	0.00440
60	0.02884	0.01312	0.01692	0.01282	0.01862	0.01145	0.01054	0.08365	0.02078	0.52019	0.02474	0.02229	0.01615	0.00828	0.00694	0.00202	0.00618	0.00667	0.00796	0.16185
61	0.01038	0.00779	0.01168	0.01168	0.01298	0.00909	0.00909	0.01298	0.01168	0.01687	0.01947	0.02856	0.01817	0.05452	0.71573	0.01168	0.01947	0.00779	0.00389	0.00649
62	0.00886	0.00633	0.00843	0.01012	0.01054	0.00590	0.00675	0.01012	0.01392	0.01856	0.04006	0.73979	0.04808	0.02277	0.00928	0.00295	0.00422	0.02066	0.00675	0.00590
63	0.01038	0.00779	0.01168	0.01168	0.01298	0.00909	0.00909	0.01298	0.01168	0.01687	0.01947	0.02856	0.01817	0.05452	0.71573	0.01168	0.01947	0.00779	0.00389	0.00649
64	0.02719	0.03359	0.02069	0.01858	0.02248	0.66403	0.01403	0.07688	0.02161	0.01987	0.01170	0.01343	0.00959	0.00758	0.00661	0.00190	0.01273	0.00482	0.00401	0.00872
65	0.01458	0.03760	0.70688	0.02072	0.03146	0.01688	0.02686	0.02302	0.01535	0.02302	0.01304	0.01535	0.00921	0.00691	0.00691	0.00230	0.01074	0.00537	0.00307	0.01074
66	0.01755	0.47286	0.29764	0.01565	0.02363	0.02415	0.01803	0.02225	0.01499	0.01940	0.01125	0.01309	0.00928	0.00649	0.00553	0.00184	0.00893	0.00446	0.00309	0.00988
67	0.01701	0.01890	0.03880	0.02830	0.03444	0.01894	0.54960	0.02303	0.04256	0.02271	0.01453	0.01936	0.01125	0.00725	0.01079	0.00256	0.11838	0.00824	0.00375	0.00960
68	0.01057	0.00705	0.00793	0.00793	0.00793	0.00705	0.00440	0.01057	0.01057	0.01409	0.02290	0.04757	0.02643	0.74454	0.03700	0.00705	0.00705	0.01057	0.00440	0.00440
69	0.01066	0.00799	0.01024	0.01124	0.01316	0.00758	0.00947	0.01355	0.01697	0.02166	0.09757	0.07629	0.24275	0.01919	0.00949	0.00300	0.00554	0.41030	0.00681	0.00654
70	0.02784	0.01179	0.01558	0.01259	0.01733	0.01061	0.01019	0.05023	0.04550	0.53682	0.03082	0.08176	0.04262	0.03531	0.00860	0.00252	0.00605	0.03428	0.00840	0.01117
71	0.03105	0.01426	0.01797	0.01384	0.01946	0.01357	0.01141	0.17897	0.04423	0.53585	0.02619	0.02318	0.01686	0.00896	0.00730	0.00224	0.00658	0.00717	0.00856	0.01234
72	0.00882	0.00645	0.00831	0.00980	0.01046	0.00593	0.00660	0.01016	0.01423	0.01868	0.04403	0.66070	0.12461	0.02226	0.00920	0.00289	0.00415	0.02004	0.00675	0.00593
73	0.03100	0.01398	0.04099	0.01356	0.01931	0.01210	0.01151	0.08317	0.04978	0.60279	0.02733	0.02397	0.01745	0.00894	0.00730	0.00226	0.00646	0.00722	0.00860	0.01228
74	0.01957	0.02056	0.02792	0.06794	0.51593	0.15353	0.04392	0.02350	0.01728	0.02235	0.01320	0.01715	0.01100	0.00670	0.00712	0.00212	0.00968	0.00620	0.00361	0.01070
75	0.01943	0.74891	0.03809	0.01244	0.01866	0.02876	0.01244	0.02177	0.01477	0.01710	0.01011	0.01166	0.00933	0.00622	0.00466	0.00155	0.00777	0.00389	0.00311	0.00933
76	0.00996	0.00742	0.00926	0.00880	0.01066	0.00672	0.00660	0.01308	0.01979	0.02729	0.57391	0.05736	0.19120	0.01555	0.00858	0.00232	0.00348	0.01357	0.00776	0.00672
77	0.01897	0.02011	0.02434	0.16117	0.31223	0.18604	0.03728	0.02390	0.06638	0.02157	0.01539	0.05187	0.01315	0.00788	0.00721	0.00221	0.00960	0.00690	0.00400	0.00981
78	0.00937	0.00739	0.00845	0.00819	0.01030	0.00647	0.00614	0.01195	0.01842	0.02402	0.36037	0.06273	0.40678	0.01677	0.00858	0.00238	0.00357	0.01433	0.00733	0.00647
79	0.01019	0.00743	0.00958	0.00904	0.01080	0.00682	0.00678	0.01353	0.02034	0.02859	0.65901	0.05521	0.10529	0.01507	0.00857	0.00230	0.00344	0.01327	0.00793	0.00682
80	0.01736	0.01663	0.02837	0.14486	0.60385	0.01711	0.02200	0.02176	0.01626	0.02299	0.01356	0.01819	0.01125	0.00659	0.00721	0.00220	0.00879	0.00647	0.00354	0.01101
81	0.01808	0.01561	0.01644	0.01479	0.01890	0.01808	0.01151	0.03863	0.68606	0.03041	0.02959	0.02712	0.02219	0.00986	0.00740	0.00247	0.00575	0.00822	0.00740	0.01151
82	0.00886	0.00633	0.00843	0.01012	0.01054	0.00590	0.00675	0.01012	0.01392	0.01856	0.04006	0.73979	0.04808	0.02277	0.00928	0.00295	0.00422	0.02066	0.00675	0.00590
83	0.01507	0.01292	0.01507	0.01077	0.01723	0.00969	0.00861	0.01830	0.01507	0.02369	0.01292	0.01507	0.01077	0.00538	0.00538	0.00108	0.00538	0.00431	0.00431	0.78898
84	0.01781	0.01709	0.02918	0.07350	0.67172	0.01722	0.02222	0.02215	0.01647	0.02353	0.01364	0.01805	0.01144	0.00651	0.00720	0.00217	0.00868	0.00648	0.00358	0.01137
85	0.02427	0.15858	0.02303	0.01679	0.02100	0.45795	0.01329	0.07815	0.05147	0.02042	0.01294	0.01488	0.01079	0.01060	0.05344	0.00252	0.01183	0.00506	0.00409	0.00892
86	0.00885	0.00637	0.00839	0.01001	0.01051	0.00591	0.00670	0.01013	0.01402	0.01860	0.04140	0.71311	0.07390	0.02260	0.00925	0.00293	0.00420	0.02045	0.00675	0.00591
87	0.01799	0.01727	0.02950	0.04462	0.69919	0.01727	0.02231	0.02231	0.01655	0.02375	0.01367	0.01799	0.01151	0.00648	0.00720	0.00216	0.00864	0.00648	0.00360	0.01151
88	0.49115	0.01619	0.10153	0.01155	0.01615	0.01505	0.01052	0.07105	0.01395	0.02877	0.01154	0.01459	0.00927	0.01030	0.00939	0.14562	0.00660	0.00476	0.00429	0.00774
89	0.03116	0.01244	0.01760	0.01353	0.01904	0.01082	0.03672	0.03404	0.02042	0.65291	0.02853	0.04998	0.01879	0.00937	0.00743	0.00228	0.00636	0.00784	0.00871	0.01204
90	0.01373	0.01292	0.02180	0.72707	0.05006	0.01615	0.02019	0.01857	0.01453	0.01857	0.01292	0.01938	0.00969	0.00727	0.00727	0.00242	0.00969	0.00646	0.00323	0.00807
91	0.01390	0.01309	0.02211	0.70009	0.07573	0.01619	0.02027	0.01872	0.01461	0.01878	0.01295	0.01932	0.00976	0.00724	0.00726	0.00241	0.00965	0.00646	0.00324	0.00821
92	0.01871	0.01864	0.02880	0.04257	0.64572	0.07243	0.02166	0.02284	0.01687	0.02328	0.01348	0.01761	0.01134	0.00656	0.00715	0.00214	0.00899	0.00633	0.00361	0.01127
93	0.01799	0.01727	0.02950	0.04462	0.69919	0.01727	0.02231	0.02231	0.01655	0.02375	0.01367	0.01799	0.01151	0.00648	0.00720	0.00216	0.00864	0.00648	0.00360	0.01151
94	0.01719	0.03184	0.47023	0.02322	0.07684	0.06924	0.12021	0.02419	0.01641	0.06255	0.01411	0.01654	0.01016	0.00693	0.00717	0.00228	0.01073	0.00598	0.00359	0.01058
95	0.00869	0.00737	0.00750	0.00747	0.00988	0.00618	0.00560	0.01062	0.01680	0.02019	0.10999	0.06904	0.65954	0.01820	0.00859	0.00244	0.00367	0.01521	0.00682	0.00618
96	0.01507	0.01292	0.01507	0.01077	0.01723	0.00969	0.00861	0.01830	0.01507	0.02369	0.01292	0.01507	0.01077	0.00538	0.00538	0.00108	0.00538	0.00431	0.00431	0.78898
97	0.02040	0.01506	0.01682	0.01392	0.01795	0.01621	0.01115	0.39144	0.05446	0.03745	0.19804	0.09935	0.03183	0.01209	0.00790	0.00233	0.00631	0.02981	0.00740	0.01009
98	0.01056	0.00709	0.00815	0.00815	0.00822	0.00717	0.00468	0.01071	0.01064	0.01426	0.02270	0.04646	0.02594	0.70419	0.07668	0.00732	0.00777	0.01041	0.00437	0.00453
99	0.01703	0.01662	0.02675	0.25585	0.46994	0.04513	0.02131	0.02142	0.01609	0.02190	0.01334	0.01823	0.01086	0.00676	0.00719	0.00223	0.00914	0.00640	0.00349	0.01032
100	0.01123	0.00764	0.01002	0.00931	0.01119	0.00702	0.00702	0.01464	0.02059	0.05772	0.66714	0.05305	0.06645	0.01461	0.00852	0.00228	0.00355	0.01290	0.00804	0.00709
101	0.01765	0.01392	0.01603	0.01188	0.01791	0.01184	0.00953	0.13567	0.01863	0.05178	0.01558	0.05007	0.01307	0.00693	0.00597	0.00140	0.00582	0.00559	0.00512	0.58562
102	0.01417	0.01259	0.01672	0.01654	0.06291	0.04728	0.01231	0.05428	0.01361	0.01925	0.01594	0.02310	0.01468	0.03526	0.40904	0.00776	0.20594	0.00710	0.00388	0.00766
103	0.28838	0.01696	0.01787	0.01424	0.01942	0.01862	0.03644	0.34877	0.02419	0.09142	0.01670	0.04676	0.01274	0.00857	0.00647	0.00225	0.00705	0.00639	0.00630	0.01046
104	0.03115	0.01389	0.01883	0.01433	0.02006	0.01280	0.04242	0.12948	0.02261	0.57465	0.02636	0.02342	0.01683	0.00882	0.00736	0.00225	0.00674	0.00726	0.00849	0.01225
105	0.02707	0.02008	0.02150	0.01661	0.02233	0.02228	0.01368	0.63775	0.07229	0.04491	0.01816	0.01802	0.01294	0.00879	0.00728	0.00220	0.00787	0.00664	0.00728	0.01231
106	0.01507	0.01292	0.01507	0.01077	0.01723	0.00969	0.00861	0.01830	0.01507	0.02369	0.01292	0.01507	0.01077	0.00538	0.00538	0.00108	0.00538	0.00431	0.00431	0.78898
107	0.01041	0.00768	0.01115	0.01115	0.01226	0.00879	0.00842	0.01264	0.01152	0.01648	0.01996	0.03127	0.01935	0.15311	0.61875	0.01102	0.01770	0.00819	0.00397	0.00619
108	0.01046	0.00748	0.01014	0.01014	0.01090	0.00825	0.00716	0.01199	0.01123	0.01573	0.02088	0.03638	0.02157	0.33839	0.43650	0.00978	0.01436	0.00893	0.00410	0.00563
109	0.01040	0.00773	0.01139	0.01139	0.01258	0.00893	0.00872	0.01279	0.01159	0.01666	0.01974	0.03005	0.01882	0.10878	0.66235	0.01132	0.01849	0.00801	0.00393	0.00633
110	0.00987	0.00748	0.01055	0.04289	0.06375	0.00728	0.00831	0.01143	0.01389	0.01862	0.03567	0.60408	0.04211	0.07407	0.01108	0.00317	0.00499	0.01825	0.00619	0.00631
111	0.01615	0.01635	0.02218	0.06480	0.02120	0.04570	0.01612	0.01796	0.01168	0.01757	0.00982	0.01603	0.00955	0.01219	0.02219	0.00309	0.65994	0.00631	0.00320	0.00798
112	0.01773	0.01904	0.02420	0.04911	0.04968	0.12721	0.07704	0.02003	0.01349	0.01837	0.01058	0.01604	0.00974	0.01085	0.01848	0.00284	0.49760	0.00632	0.00333	0.00834
113	0.01029	0.00743	0.00972	0.00914	0.01086	0.00686	0.00686	0.01372	0.02058	0.02915	0.69536	0.05430	0.06859	0.01486	0.00857	0.00229	0.00343	0.01315	0.00800	0.00686
114	0.00886	0.00633	0.00843	0.01012	0.01054	0.00590	0.00675	0.01012	0.01392	0.01856	0.04006	0.73979	0.04808	0.02277	0.00928	0.00295	0.00422	0.02066	0.00675	0.00590
115	0.01550	0.01318	0.01530	0.01097	0.01741	0.01013	0.00879	0.04088	0.01573	0.02445	0.01308	0.01515	0.01082	0.00550	0.00545	0.00111	0.00547	0.00438	0.00441	0.76228
116	0.01045	0.00766	0.00995	0.01001	0.01179	0.00715	0.00792	0.01368	0.01915	0.02620	0.45918	0.06305	0.13389	0.01658	0.00894	0.00257	0.00428	0.17329	0.00753	0.00673
117	0.00886	0.00633	0.00843	0.01012	0.01054	0.00590	0.00675	0.01012	0.01392	0.01856	0.04006	0.73979	0.04808	0.02277	0.00928	0.00295	0.00422	0.02066	0.00675	0.00590
118	0.01708	0.01680	0.01816	0.06257	0.19471	0.14326	0.01343	0.02275	0.12404	0.04467	0.03448	0.03467	0.22151	0.01097	0.00754	0.00226	0.00748	0.00915	0.00535	0.00913
119	0.01817	0.01696	0.02799	0.12683	0.56918	0.01752	0.02142	0.06993	0.01760	0.02473	0.01386	0.01812	0.01135	0.00674	0.00721	0.00219	0.00872	0.00648	0.00382	0.01115
120	0.01590	0.01590	0.02226	0.01908	0.01908	0.02226	0.01590	0.01749	0.01113	0.01749	0.00954	0.01590	0.00954	0.01272	0.02385	0.00318	0.73123	0.00636	0.00318	0.00795
121	0.02696	0.01986	0.02134	0.01649	0.02212	0.02195	0.01356	0.65130	0.03346	0.04484	0.01826	0.04315	0.01363	0.00923	0.00734	0.00221	0.00786	0.00705	0.00725	0.01213
122	0.01029	0.00743	0.00972	0.00914	0.01086	0.00686	0.00686	0.01372	0.02058	0.02915	0.69536	0.05430	0.06859	0.01486	0.00857	0.00229	0.00343	0.01315	0.00800	0.00686
123	0.01029	0.00743	0.00972	0.00914	0.01086	0.00686	0.00686	0.01372	0.02058	0.02915	0.69536	0.05430	0.06859	0.01486	0.00857	0.00229	0.00343	0.01315	0.00800	0.00686
124	0.01458	0.03760	0.70688	0.02072	0.03146	0.01688	0.02686	0.02302	0.01535	0.02302	0.01304	0.01535	0.00921	0.00691	0.00691	0.00230	0.01074	0.00537	0.00307	0.01074
125	0.00885	0.00637	0.00839	0.01001	0.01051	0.00591	0.00670	0.01013	0.01402	0.01860	0.04140	0.71320	0.07381	0.02260	0.00925	0.00293	0.00420	0.02045	0.00675	0.00591
126	0.01001	0.00722	0.00947	0.00933	0.01080	0.00667	0.00684	0.01303	0.01929	0.02711	0.56922	0.18625	0.06464	0.01638	0.00871	0.00241	0.00358	0.01459	0.00776	0.00667
127	0.01022	0.00743	0.00962	0.00907	0.01082	0.00683	0.00681	0.01359	0.02042	0.02877	0.67059	0.05492	0.09359	0.01500	0.00857	0.00229	0.00344	0.01323	0.00795	0.00683
128	0.02342	0.01704	0.01923	0.01474	0.02012	0.01772	0.01204	0.38726	0.02582	0.09000	0.01684	0.01836	0.01270	0.03350	0.00892	0.00214	0.05555	0.00615	0.00627	0.21218
129	0.02059	0.30078	0.16954	0.01618	0.02234	0.06644	0.01613	0.14824	0.01879	0.05096	0.01286	0.01465	0.01026	0.00781	0.00813	0.00207	0.09477	0.00518	0.00418	0.01010
130	0.79588	0.01406	0.01068	0.00956	0.01406	0.01631	0.00787	0.02137	0.01237	0.03261	0.01012	0.01181	0.00787	0.00675	0.00450	0.00225	0.00562	0.00394	0.00450	0.00787
131	0.79588	0.01406	0.01068	0.00956	0.01406	0.01631	0.00787	0.02137	0.01237	0.03261	0.01012	0.01181	0.00787	0.00675	0.00450	0.00225	0.00562	0.00394	0.00450	0.00787
132	0.01355	0.00678	0.00678	0.00678	0.00847	0.00678	0.00508	0.01694	0.01524	0.02710	0.02371	0.02710	0.01863	0.00847	0.00508	0.00169	0.00339	0.00678	0.78489	0.00678
133	0.00886	0.00633	0.00843	0.01012	0.01054	0.00590	0.00675	0.01012	0.01392	0.01856	0.04006	0.73979	0.04808	0.02277	0.00928	0.00295	0.00422	0.02066	0.00675	0.00590
134	0.01722	0.01944	0.04191	0.03167	0.08671	0.01830	0.62487	0.02321	0.01711	0.02332	0.01463	0.01949	0.01107	0.00615	0.00848	0.00243	0.01199	0.00842	0.00367	0.00993
135	0.03136	0.01438	0.01811	0.01388	0.01956	0.01366	0.01147	0.19592	0.02416	0.53900	0.02586	0.02291	0.01658	0.00893	0.00730	0.00223	0.00664	0.00712	0.00856	0.01237
136	0.01251	0.01184	0.01159	0.01067	0.01362	0.07825	0.03135	0.03643	0.09848	0.02194	0.07635	0.08364	0.45482	0.01564	0.00823	0.00241	0.00531	0.01308	0.00648	0.00734
137	0.00886	0.00633	0.00843	0.01012	0.01054	0.00590	0.00675	0.01012	0.01392	0.01856	0.04006	0.73979	0.04808	0.02277	0.00928	0.00295	0.00422	0.02066	0.00675	0.00590
138	0.01550	0.01264	0.01488	0.01082	0.01701	0.00958	0.00862	0.01863	0.01525	0.04950	0.01460	0.04431	0.01253	0.00621	0.00561	0.00120	0.00537	0.00507	0.00458	0.72808
139	0.01665	0.01388	0.01591	0.01159	0.01790	0.01146	0.00931	0.09645	0.03738	0.02650	0.01395	0.01571	0.01130	0.00591	0.00567	0.00125	0.00570	0.00469	0.00475	0.67404
140	0.01878	0.32112	0.05355	0.01683	0.02158	0.11958	0.08690	0.02160	0.01505	0.01860	0.01126	0.01453	0.00995	0.00929	0.03311	0.00236	0.15620	0.00523	0.00338	0.06111
141	0.00917	0.00646	0.00834	0.00972	0.01006	0.00612	0.00631	0.01020	0.01330	0.01773	0.03689	0.61165	0.04407	0.15638	0.01441	0.00371	0.00474	0.01880	0.00631	0.00563
142	0.01449	0.03196	0.57292	0.01862	0.02775	0.01508	0.02313	0.02195	0.01636	0.04654	0.12232	0.02187	0.01896	0.00824	0.00719	0.00230	0.00943	0.00667	0.00405	0.01018

[dist]
# distance from previous block
# <min> <max>
0	3

[block]
# block no. 5 follows, 28 sequences, length 32
# corresponding to MSA columns:
# 272-303
name=unknown_F
#
# <colnr> <probs for GDERKNQSTAVLIFYWHMCP>
#	G	D	E	R	K	N	Q	S	T	A	V	L	I	F	Y	W	H	M	C	P
0	0.01491	0.08661	0.66080	0.02015	0.03058	0.01770	0.02586	0.02293	0.01531	0.02261	0.01284	0.01509	0.00922	0.00686	0.00675	0.00225	0.01054	0.00527	0.00307	0.01065
1	0.01115	0.00905	0.01179	0.01181	0.01313	0.04532	0.00902	0.01353	0.01227	0.01695	0.02065	0.07990	0.02015	0.07208	0.60595	0.01039	0.01764	0.00865	0.00411	0.00648
2	0.01716	0.01961	0.04289	0.03064	0.03799	0.01838	0.67279	0.02328	0.01716	0.02328	0.01471	0.01961	0.01103	0.00613	0.00858	0.00245	0.01225	0.00858	0.00368	0.00980
3	0.01543	0.01449	0.02441	0.52188	0.17583	0.01680	0.05405	0.05177	0.01603	0.02117	0.01338	0.01902	0.01025	0.00712	0.00732	0.00236	0.00953	0.00658	0.00352	0.00905
4	0.00886	0.00633	0.00843	0.01012	0.01054	0.00590	0.00675	0.01012	0.01392	0.01856	0.04006	0.73979	0.04808	0.02277	0.00928	0.00295	0.00422	0.02066	0.00675	0.00590
5	0.01373	0.01292	0.02180	0.72707	0.05006	0.01615	0.02019	0.01857	0.01453	0.01857	0.01292	0.01938	0.00969	0.00727	0.00727	0.00242	0.00969	0.00646	0.00323	0.00807
6	0.01355	0.00678	0.00678	0.00678	0.00847	0.00678	0.00508	0.01694	0.01524	0.02710	0.02371	0.02710	0.01863	0.00847	0.00508	0.00169	0.00339	0.00678	0.78489	0.00678
7	0.01373	0.01292	0.02180	0.72707	0.05006	0.01615	0.02019	0.01857	0.01453	0.01857	0.01292	0.01938	0.00969	0.00727	0.00727	0.00242	0.00969	0.00646	0.00323	0.00807
8	0.01029	0.00743	0.00972	0.00914	0.01086	0.00686	0.00686	0.01372	0.02058	0.02915	0.69536	0.05430	0.06859	0.01486	0.00857	0.00229	0.00343	0.01315	0.00800	0.00686
