[name]
unknown

[dist]
# distance from previous block
# <min> <max>
0	131

[block]
# block no. 0 follows, 29 sequences, length 7
# corresponding to MSA columns:
# 143-149
name=unknown_A
#
# <colnr> <probs for GDERKNQSTAVLIFYWHMCP>
#	G	D	E	R	K	N	Q	S	T	A	V	L	I	F	Y	W	H	M	C	P
0	0.01004	0.00954	0.05204	0.01236	0.01422	0.00789	0.08294	0.01214	0.01396	0.01862	0.03581	0.50730	0.08711	0.08696	0.01136	0.00314	0.00560	0.01676	0.00585	0.00636
1	0.01899	0.01553	0.01889	0.01490	0.05075	0.01433	0.04367	0.23357	0.02100	0.03022	0.01422	0.01587	0.01110	0.00642	0.00611	0.00152	0.00658	0.00523	0.00510	0.46602
2	0.01847	0.01958	0.09612	0.03473	0.47191	0.07302	0.04657	0.02276	0.01672	0.06903	0.01722	0.02013	0.04715	0.00723	0.00710	0.00214	0.00875	0.00668	0.00401	0.01067
3	0.01672	0.46135	0.11808	0.01624	0.09413	0.02193	0.01416	0.01998	0.01512	0.01926	0.06811	0.07538	0.01706	0.00819	0.00579	0.00185	0.00746	0.00633	0.00376	0.00909
4	0.01211	0.01267	0.10439	0.03419	0.01546	0.01018	0.01041	0.06631	0.01738	0.02384	0.24716	0.09974	0.12529	0.11152	0.01259	0.00302	0.04165	0.03884	0.00598	0.00724
5	0.12532	0.13039	0.01626	0.11553	0.01862	0.01359	0.00992	0.01840	0.05894	0.07540	0.02491	0.21102	0.05609	0.08389	0.00974	0.00278	0.00617	0.01018	0.00522	0.00764
6	0.05684	0.03839	0.19291	0.07949	0.10840	0.07220	0.03662	0.09066	0.01763	0.07957	0.02053	0.02225	0.08659	0.00872	0.00806	0.00226	0.05789	0.00683	0.00453	0.00963

[dist]
# distance from previous block
# <min> <max>
1	7

[block]
# block no. 1 follows, 29 sequences, length 11
# corresponding to MSA columns:
# 157-167
name=unknown_B
#
# <colnr> <probs for GDERKNQSTAVLIFYWHMCP>
#	G	D	E	R	K	N	Q	S	T	A	V	L	I	F	Y	W	H	M	C	P
0	0.16543	0.01385	0.05223	0.01198	0.01649	0.01292	0.01015	0.11865	0.06824	0.17058	0.17224	0.04548	0.04194	0.00991	0.00686	0.00217	0.00567	0.00798	0.00669	0.06054
1	0.10366	0.06692	0.02180	0.06127	0.08786	0.13561	0.03926	0.14060	0.01816	0.02478	0.01567	0.01841	0.05140	0.00904	0.01034	0.00231	0.17333	0.00620	0.00434	0.00904
2	0.13512	0.02549	0.33838	0.09322	0.07061	0.01702	0.01947	0.13541	0.01776	0.02745	0.01311	0.01543	0.00962	0.00699	0.00645	0.00217	0.00881	0.00538	0.00404	0.04807
3	0.13908	0.15868	0.05420	0.01243	0.01808	0.01549	0.01111	0.06334	0.01813	0.34222	0.04082	0.01938	0.01493	0.00781	0.00616	0.00200	0.00647	0.00589	0.00636	0.05743
4	0.09697	0.01949	0.17590	0.06050	0.25914	0.01544	0.01813	0.08404	0.01725	0.02562	0.04213	0.02617	0.05209	0.00886	0.00710	0.00230	0.00800	0.06667	0.00442	0.00978
5	0.02553	0.03035	0.02055	0.01942	0.06272	0.56547	0.01406	0.09189	0.06503	0.02124	0.01291	0.01443	0.01040	0.00755	0.00658	0.00192	0.01162	0.00509	0.00423	0.00901
6	0.05685	0.06775	0.17107	0.07427	0.19694	0.03436	0.01694	0.01951	0.01516	0.04496	0.03715	0.12621	0.04890	0.01002	0.00797	0.00231	0.04783	0.00838	0.00427	0.00913
7	0.01907	0.01639	0.01942	0.01629	0.02088	0.01842	0.07631	0.13591	0.52518	0.03144	0.02573	0.02439	0.01919	0.00913	0.00734	0.00237	0.00659	0.00783	0.00687	0.01124
8	0.04791	0.01461	0.01529	0.01380	0.04936	0.05649	0.01017	0.23846	0.07004	0.07345	0.06820	0.03417	0.16155	0.10179	0.01091	0.00279	0.00656	0.00901	0.00635	0.00908
9	0.21156	0.15019	0.01994	0.01328	0.01794	0.05453	0.01124	0.23683	0.05678	0.03075	0.01840	0.02102	0.05441	0.00887	0.00679	0.00215	0.03468	0.03582	0.00535	0.00947
10	0.01672	0.01410	0.03683	0.07090	0.12015	0.01461	0.01270	0.13628	0.13875	0.02646	0.02149	0.02868	0.03184	0.10446	0.01137	0.00283	0.03383	0.04966	0.08123	0.04714

[dist]
# distance from previous block
# <min> <max>
26	147

[block]
# block no. 2 follows, 29 sequences, length 88
# corresponding to MSA columns:
# 320-407
name=unknown_C
#
# <colnr> <probs for GDERKNQSTAVLIFYWHMCP>
#	G	D	E	R	K	N	Q	S	T	A	V	L	I	F	Y	W	H	M	C	P
0	0.04506	0.01240	0.01540	0.05378	0.16149	0.03886	0.01168	0.04531	0.09936	0.02415	0.12399	0.04260	0.22505	0.01242	0.00774	0.00235	0.00596	0.05818	0.00584	0.00839
1	0.06892	0.04570	0.06741	0.08483	0.13308	0.06389	0.01464	0.16384	0.04388	0.09672	0.09929	0.02426	0.01959	0.00887	0.00704	0.00220	0.00762	0.03271	0.00557	0.00993
2	0.22369	0.08050	0.04452	0.01381	0.04411	0.04073	0.01124	0.19107	0.01996	0.05683	0.09957	0.02203	0.05183	0.00884	0.00682	0.00211	0.02984	0.00656	0.00552	0.04043
3	0.11623	0.00992	0.01083	0.00993	0.01291	0.00991	0.00775	0.01915	0.12508	0.07316	0.25443	0.04528	0.20411	0.01314	0.00758	0.00231	0.00443	0.03643	0.00690	0.03053
4	0.05494	0.53681	0.03115	0.01369	0.04458	0.08908	0.01204	0.02203	0.04266	0.01921	0.06480	0.01567	0.01419	0.00704	0.00524	0.00170	0.00762	0.00486	0.00373	0.00897
5	0.01510	0.14759	0.58748	0.01933	0.02907	0.01839	0.04412	0.02237	0.01500	0.02166	0.01238	0.01460	0.00909	0.00664	0.00647	0.00215	0.01012	0.00513	0.00303	0.01028
6	0.15200	0.08549	0.04628	0.04178	0.01993	0.03907	0.01204	0.28824	0.09916	0.03307	0.04647	0.02194	0.06732	0.00892	0.00656	0.00215	0.00699	0.00674	0.00587	0.00999
7	0.17500	0.02502	0.35202	0.08310	0.02656	0.04318	0.06052	0.02052	0.01417	0.02290	0.01322	0.04389	0.01067	0.00877	0.00817	0.06508	0.00900	0.00590	0.00352	0.00878
8	0.07018	0.01833	0.05261	0.11046	0.41992	0.08153	0.04578	0.02244	0.04247	0.02290	0.01432	0.01940	0.01198	0.00713	0.00697	0.00219	0.00883	0.02863	0.00379	0.01013
9	0.01526	0.01215	0.01315	0.01230	0.01496	0.03990	0.00927	0.16742	0.11565	0.02611	0.03199	0.32142	0.07284	0.04137	0.00907	0.00267	0.00575	0.04281	0.00652	0.03940
10	0.01327	0.00664	0.00664	0.00664	0.00830	0.00664	0.00498	0.01659	0.01493	0.02655	0.02323	0.02655	0.01825	0.00830	0.00498	0.00166	0.00332	0.00664	0.78928	0.00664
11	0.01536	0.05976	0.60877	0.02046	0.03037	0.01682	0.07606	0.02302	0.01537	0.05002	0.01342	0.01560	0.00951	0.00676	0.00683	0.00224	0.01036	0.00553	0.00329	0.01047
12	0.00907	0.00643	0.00841	0.00954	0.01020	0.00599	0.00646	0.01042	0.01439	0.01931	0.13380	0.55796	0.07947	0.04896	0.01074	0.03432	0.00418	0.01800	0.00656	0.00577
13	0.01694	0.01601	0.02609	0.15480	0.51282	0.01683	0.02022	0.02318	0.09791	0.02321	0.01516	0.01893	0.01225	0.00688	0.00708	0.00219	0.00829	0.00655	0.00392	0.01072
14	0.01028	0.00718	0.00919	0.00919	0.00968	0.00768	0.00609	0.01127	0.01078	0.01486	0.02114	0.03940	0.02276	0.48069	0.30103	0.00866	0.01161	0.00930	0.00412	0.00510
15	0.80005	0.01377	0.01047	0.00936	0.01377	0.01597	0.00771	0.02093	0.01212	0.03195	0.00991	0.01157	0.00771	0.00661	0.00441	0.00220	0.00551	0.00386	0.00441	0.00771
16	0.02707	0.01995	0.02137	0.01638	0.02208	0.02208	0.01353	0.68159	0.03348	0.04488	0.01710	0.01710	0.01211	0.00855	0.00712	0.00214	0.00784	0.00641	0.00712	0.01211
17	0.01017	0.00763	0.01144	0.01144	0.01272	0.00890	0.00890	0.01272	0.01144	0.01653	0.01907	0.02797	0.01780	0.05340	0.72153	0.01144	0.01907	0.00763	0.00381	0.00636
18	0.01327	0.00664	0.00664	0.00664	0.00830	0.00664	0.00498	0.01659	0.01493	0.02655	0.02323	0.02655	0.01825	0.00830	0.00498	0.00166	0.00332	0.00664	0.78928	0.00664
19	0.00926	0.00708	0.00947	0.01128	0.03764	0.00686	0.00742	0.01069	0.01391	0.01845	0.04061	0.61648	0.11432	0.02085	0.00948	0.00282	0.03231	0.01861	0.00636	0.00610
20	0.01237	0.00618	0.00928	0.00928	0.00928	0.00618	0.00618	0.00928	0.00928	0.01237	0.01237	0.02165	0.01237	0.02474	0.02783	0.79283	0.00618	0.00618	0.00309	0.00309
21	0.01374	0.01330	0.02338	0.59700	0.04516	0.01589	0.09916	0.01840	0.01442	0.01872	0.01378	0.04666	0.01108	0.00773	0.00787	0.00242	0.03280	0.00711	0.00335	0.00803
22	0.01460	0.02299	0.27467	0.20427	0.03597	0.01610	0.22989	0.02085	0.01544	0.02151	0.01596	0.01986	0.03786	0.00711	0.00739	0.00232	0.01024	0.00696	0.02674	0.00927
23	0.01650	0.03301	0.48837	0.02226	0.04983	0.11511	0.12993	0.02339	0.01607	0.02190	0.01281	0.01548	0.00939	0.00671	0.00699	0.00222	0.01103	0.00571	0.00321	0.01008
24	0.01816	0.01998	0.02170	0.01872	0.01993	0.19592	0.03782	0.01998	0.01345	0.01738	0.01032	0.01550	0.00968	0.01256	0.04586	0.00310	0.50278	0.00595	0.00330	0.00791
25	0.01550	0.01475	0.02507	0.39372	0.37191	0.01636	0.02080	0.01999	0.01521	0.02069	0.01302	0.01831	0.01037	0.00674	0.00708	0.00225	0.00898	0.00634	0.00334	0.00957
26	0.01452	0.03520	0.65091	0.02119	0.03141	0.01667	0.08663	0.02257	0.01520	0.02257	0.01293	0.01542	0.00918	0.00669	0.00692	0.00227	0.01066	0.00555	0.00306	0.01044
27	0.01711	0.16408	0.20865	0.02307	0.21942	0.01702	0.01781	0.02175	0.01594	0.06749	0.06071	0.01828	0.01444	0.00701	0.00639	0.00193	0.00797	0.00582	0.00402	0.10111
28	0.01106	0.00797	0.01090	0.01201	0.01369	0.00780	0.01024	0.01430	0.01717	0.02274	0.17731	0.07420	0.07273	0.01854	0.00948	0.00303	0.00577	0.49766	0.00683	0.00657
29	0.01863	0.02009	0.05065	0.05654	0.49804	0.13490	0.04337	0.02264	0.01681	0.02202	0.01393	0.01927	0.01194	0.00706	0.00709	0.00214	0.00935	0.03149	0.00364	0.01041
30	0.01860	0.68780	0.09970	0.01293	0.01943	0.02710	0.01349	0.02144	0.01452	0.01729	0.01017	0.01176	0.00913	0.00615	0.00477	0.00159	0.00788	0.00394	0.00304	0.00927
31	0.02051	0.01398	0.01572	0.01330	0.01695	0.01496	0.01035	0.28694	0.12562	0.11036	0.02470	0.12138	0.02208	0.13178	0.01225	0.00310	0.00661	0.03293	0.00679	0.00968
32	0.01317	0.01023	0.01432	0.01747	0.13478	0.01027	0.01181	0.01812	0.09237	0.04304	0.08428	0.15090	0.07862	0.01577	0.00867	0.00276	0.00600	0.27318	0.00628	0.00795
33	0.00992	0.00727	0.00931	0.00880	0.01054	0.00665	0.00660	0.01314	0.01979	0.02769	0.64345	0.05461	0.12585	0.01488	0.00840	0.00225	0.00338	0.01308	0.00773	0.00665
34	0.01692	0.01620	0.02763	0.15946	0.59506	0.01673	0.02150	0.02124	0.01588	0.02241	0.01327	0.01785	0.01098	0.00647	0.00706	0.00216	0.00863	0.00634	0.00346	0.01071
35	0.01697	0.01655	0.02867	0.11617	0.53707	0.01720	0.07347	0.02123	0.01571	0.02229	0.01314	0.01777	0.01092	0.00679	0.00820	0.00223	0.05510	0.00650	0.00347	0.01056
36	0.00988	0.00706	0.00965	0.01130	0.01224	0.00683	0.00871	0.01200	0.01482	0.01953	0.03858	0.45801	0.04445	0.02117	0.00941	0.00306	0.00518	0.29541	0.00659	0.00612
37	0.01762	0.01692	0.02890	0.04371	0.70533	0.01692	0.02185	0.02185	0.01621	0.02326	0.01339	0.01762	0.01128	0.00634	0.00705	0.00211	0.00846	0.00634	0.00352	0.01128
38	0.01904	0.75404	0.03731	0.01218	0.01828	0.02818	0.01218	0.02132	0.01447	0.01675	0.00990	0.01142	0.00914	0.00609	0.00457	0.00152	0.00761	0.00381	0.00305	0.00914
39	0.01405	0.01456	0.02901	0.14000	0.03144	0.01451	0.37148	0.01844	0.01536	0.02064	0.02057	0.21222	0.02020	0.01072	0.00883	0.00255	0.03169	0.01115	0.00432	0.00825
40	0.00868	0.00620	0.00826	0.00991	0.01033	0.00578	0.00661	0.00991	0.01363	0.01818	0.03925	0.74510	0.04710	0.02231	0.00909	0.00289	0.00413	0.02024	0.00661	0.00578
41	0.01031	0.00709	0.00870	0.00870	0.00903	0.00741	0.00548	0.01096	0.01063	0.01450	0.02158	0.04186	0.02383	0.57265	0.21054	0.00806	0.01000	0.00966	0.00419	0.00483
42	0.01008	0.00728	0.00952	0.00896	0.01064	0.00672	0.00672	0.01344	0.02016	0.02855	0.70158	0.05319	0.06719	0.01456	0.00840	0.00224	0.00336	0.01288	0.00784	0.00672
43	0.03104	0.01262	0.01672	0.01292	0.01837	0.01133	0.01064	0.06331	0.05346	0.64809	0.02765	0.02404	0.01758	0.00884	0.00716	0.00221	0.00612	0.00717	0.00866	0.01208
44	0.01345	0.01266	0.02136	0.73264	0.04904	0.01582	0.01978	0.01819	0.01424	0.01819	0.01266	0.01898	0.00949	0.00712	0.00712	0.00237	0.00949	0.00633	0.00316	0.00791
45	0.03170	0.01251	0.01677	0.01286	0.01837	0.01105	0.01062	0.06718	0.02104	0.67686	0.02754	0.02388	0.01735	0.00880	0.00716	0.00220	0.00615	0.00712	0.00873	0.01212
46	0.01018	0.00760	0.01130	0.01130	0.01253	0.00882	0.00873	0.01262	0.01140	0.01643	0.01920	0.02869	0.01811	0.08009	0.69528	0.01127	0.01861	0.00773	0.00383	0.00628
47	0.01021	0.00748	0.01066	0.01066	0.01167	0.00848	0.00793	0.01222	0.01121	0.01595	0.01979	0.03192	0.01951	0.20092	0.57636	0.01048	0.01650	0.00821	0.00392	0.00592
48	0.01477	0.01266	0.01477	0.01055	0.01687	0.00949	0.00844	0.01793	0.01477	0.02320	0.01266	0.01477	0.01055	0.00527	0.00527	0.00105	0.00527	0.00422	0.00422	0.79328
49	0.02600	0.01941	0.02077	0.01617	0.02167	0.02158	0.01328	0.60803	0.10878	0.04315	0.01845	0.01818	0.01321	0.00868	0.00714	0.00217	0.00758	0.00660	0.00714	0.01201
50	0.00848	0.00722	0.00730	0.00728	0.00966	0.00604	0.00546	0.01034	0.01637	0.01958	0.09508	0.06797	0.67928	0.01791	0.00842	0.00240	0.00360	0.01495	0.00666	0.00604
51	0.03195	0.01212	0.01652	0.01267	0.01818	0.01047	0.01047	0.03470	0.02038	0.71026	0.02809	0.02424	0.01763	0.00881	0.00716	0.00220	0.00606	0.00716	0.00881	0.01212
52	0.01762	0.01692	0.02890	0.04371	0.70533	0.01692	0.02185	0.02185	0.01621	0.02326	0.01339	0.01762	0.01128	0.00634	0.00705	0.00211	0.00846	0.00634	0.00352	0.01128
53	0.00911	0.00655	0.00872	0.01025	0.01095	0.00617	0.00727	0.01073	0.01433	0.01899	0.06132	0.60414	0.06997	0.02153	0.00915	0.00291	0.00443	0.11090	0.00664	0.00593
54	0.01486	0.01296	0.01602	0.01144	0.01781	0.00988	0.03938	0.01815	0.01486	0.02318	0.01274	0.01497	0.01056	0.00531	0.00542	0.00112	0.00558	0.00441	0.00419	0.75715
55	0.06594	0.01581	0.04138	0.04140	0.02032	0.04682	0.01195	0.17005	0.07472	0.37240	0.04928	0.02234	0.01721	0.00873	0.00702	0.00220	0.00687	0.00691	0.00742	0.01122
56	0.01444	0.01496	0.02953	0.02462	0.08975	0.01466	0.37423	0.01857	0.01539	0.02108	0.02111	0.22851	0.02122	0.01123	0.00961	0.00257	0.06411	0.01147	0.00443	0.00852
57	0.02161	0.39686	0.08256	0.01476	0.02069	0.12277	0.01379	0.18089	0.04289	0.02446	0.01265	0.01377	0.01027	0.00703	0.00570	0.00180	0.00856	0.00480	0.00425	0.00990
58	0.01754	0.01714	0.03017	0.04239	0.64098	0.01702	0.08519	0.02195	0.01627	0.02322	0.01349	0.01778	0.01123	0.00631	0.00718	0.00214	0.00880	0.00654	0.00353	0.01112
59	0.00882	0.00626	0.00822	0.00973	0.01011	0.00588	0.00642	0.00995	0.01336	0.01781	0.03783	0.68620	0.04531	0.08365	0.01138	0.00323	0.00436	0.01941	0.00642	0.00566
60	0.02452	0.01868	0.01993	0.01587	0.02111	0.02089	0.01292	0.50610	0.21312	0.04076	0.02034	0.01968	0.01473	0.00885	0.00716	0.00221	0.00724	0.00686	0.00716	0.01188
61	0.04167	0.01367	0.02312	0.40984	0.03726	0.01636	0.11959	0.01810	0.01392	0.01920	0.01454	0.08083	0.01285	0.00918	0.01026	0.00255	0.13778	0.00775	0.00356	0.00796
62	0.01610	0.15666	0.48804	0.01978	0.02894	0.01847	0.10248	0.02285	0.01536	0.04889	0.01309	0.01529	0.00960	0.00664	0.00660	0.00215	0.01003	0.00547	0.00332	0.01024
63	0.00998	0.00713	0.00976	0.01141	0.01240	0.00691	0.00888	0.01218	0.01492	0.01964	0.03852	0.43421	0.04424	0.02107	0.00944	0.00307	0.00527	0.31822	0.00659	0.00615
64	0.01704	0.01632	0.02784	0.14048	0.61315	0.01676	0.02156	0.02134	0.01594	0.02255	0.01329	0.01781	0.01103	0.00645	0.00706	0.00215	0.00860	0.00634	0.00347	0.01081
65	0.01656	0.01850	0.03938	0.02928	0.06161	0.01749	0.60673	0.02276	0.03825	0.02287	0.01578	0.04719	0.01256	0.00676	0.00834	0.00241	0.01136	0.00877	0.00383	0.00958
66	0.02593	0.03257	0.01950	0.01776	0.02132	0.68529	0.01332	0.02784	0.01992	0.01789	0.01162	0.01353	0.00963	0.00739	0.00635	0.00183	0.01236	0.00469	0.04311	0.00817
67	0.00842	0.00721	0.00721	0.00721	0.00962	0.00601	0.00541	0.01022	0.01623	0.01924	0.07213	0.06853	0.70244	0.01803	0.00842	0.00240	0.00361	0.01503	0.00661	0.00601
68	0.01681	0.01921	0.04202	0.03001	0.03721	0.01801	0.67947	0.02281	0.01681	0.02281	0.01441	0.01921	0.01080	0.00600	0.00840	0.00240	0.01200	0.00840	0.00360	0.00960
69	0.01521	0.17724	0.58061	0.01871	0.02836	0.01882	0.02354	0.02231	0.01492	0.02142	0.01221	0.01433	0.00904	0.00663	0.00634	0.00211	0.00995	0.00498	0.00301	0.01025
70	0.01000	0.00691	0.00857	0.00908	0.00956	0.00680	0.00600	0.01107	0.01282	0.01728	0.09969	0.22709	0.03670	0.39192	0.05152	0.00524	0.00628	0.07278	0.00546	0.00523
71	0.01428	0.03683	0.71286	0.02030	0.03082	0.01654	0.02631	0.02255	0.01503	0.02255	0.01278	0.01503	0.00902	0.00677	0.00677	0.00226	0.01052	0.00526	0.00301	0.01052
72	0.01393	0.01327	0.02169	0.59484	0.06647	0.01682	0.01917	0.01815	0.01377	0.01820	0.01215	0.01839	0.00953	0.00795	0.00972	0.00248	0.12599	0.00631	0.00317	0.00801
73	0.00988	0.00738	0.00925	0.00911	0.01095	0.00675	0.00705	0.01288	0.01877	0.02548	0.47085	0.06025	0.20858	0.01602	0.00859	0.00241	0.00384	0.09804	0.00739	0.00654
74	0.00881	0.00625	0.00822	0.00975	0.01013	0.00587	0.00643	0.00995	0.01338	0.01783	0.03792	0.69018	0.04543	0.07951	0.01122	0.00321	0.00435	0.01947	0.00643	0.00567
75	0.02707	0.01995	0.02137	0.01638	0.02208	0.02208	0.01353	0.68159	0.03348	0.04488	0.01710	0.01710	0.01211	0.00855	0.00712	0.00214	0.00784	0.00641	0.00712	0.01211
76	0.01358	0.03187	0.59468	0.01839	0.02743	0.01489	0.02302	0.02102	0.01589	0.02356	0.12851	0.02144	0.01879	0.00807	0.00704	0.00225	0.00932	0.00654	0.00382	0.00988
77	0.02497	0.01853	0.01991	0.01579	0.02107	0.02060	0.01287	0.50170	0.19301	0.06547	0.02038	0.01966	0.01465	0.00883	0.00715	0.00221	0.00724	0.00684	0.00721	0.01191
78	0.02139	0.01672	0.01787	0.01505	0.01969	0.01888	0.01199	0.25202	0.44641	0.06183	0.02499	0.02332	0.01837	0.00926	0.00720	0.00231	0.00638	0.00747	0.00727	0.01158
79	0.01788	0.01445	0.01814	0.04384	0.04638	0.01570	0.06442	0.09161	0.36842	0.07244	0.10342	0.02963	0.06178	0.01000	0.00750	0.00234	0.00627	0.00867	0.00677	0.01034
80	0.01904	0.75404	0.03731	0.01218	0.01828	0.02818	0.01218	0.02132	0.01447	0.01675	0.00990	0.01142	0.00914	0.00609	0.00457	0.00152	0.00761	0.00381	0.00305	0.00914
81	0.04665	0.01229	0.01731	0.01818	0.15574	0.01147	0.01194	0.02738	0.04982	0.38465	0.10640	0.05643	0.04994	0.00986	0.00733	0.00223	0.00602	0.00844	0.00725	0.01065
82	0.01864	0.69482	0.09309	0.01285	0.01931	0.02721	0.01335	0.02142	0.01452	0.01723	0.01014	0.01172	0.00913	0.00615	0.00475	0.00158	0.00786	0.00393	0.00304	0.00925
83	0.00868	0.00620	0.00826	0.00991	0.01033	0.00578	0.00661	0.00991	0.01363	0.01818	0.03925	0.74510	0.04710	0.02231	0.00909	0.00289	0.00413	0.02024	0.00661	0.00578
84	0.01491	0.01287	0.01548	0.01221	0.05144	0.00987	0.00911	0.01813	0.01484	0.02321	0.01269	0.01491	0.01058	0.00533	0.00536	0.00111	0.00543	0.00433	0.00418	0.75402
85	0.01567	0.01299	0.01502	0.01114	0.01697	0.01060	0.00886	0.08960	0.01672	0.02520	0.01505	0.06738	0.01334	0.00685	0.00575	0.00130	0.00547	0.00561	0.00471	0.65178
86	0.04593	0.01626	0.07354	0.02106	0.02588	0.01488	0.32823	0.05194	0.01656	0.02343	0.08220	0.16435	0.02287	0.01072	0.00939	0.00251	0.06652	0.01048	0.00472	0.00855
87	0.01213	0.00891	0.00966	0.00909	0.01163	0.03182	0.00698	0.01513	0.03953	0.08617	0.24949	0.05711	0.37886	0.01558	0.00825	0.00235	0.00426	0.03891	0.00709	0.00705

[dist]
# distance from previous block
# <min> <max>
0	15

[block]
# block no. 3 follows, 29 sequences, length 76
# corresponding to MSA columns:
# 423-498
name=unknown_D
#
# <colnr> <probs for GDERKNQSTAVLIFYWHMCP>
#	G	D	E	R	K	N	Q	S	T	A	V	L	I	F	Y	W	H	M	C	P
0	0.10408	0.22032	0.31756	0.01834	0.05196	0.01926	0.08376	0.02212	0.01498	0.04185	0.01319	0.01674	0.01053	0.00698	0.00621	0.00210	0.00899	0.02780	0.00354	0.00969
1	0.01884	0.04370	0.03043	0.03399	0.38863	0.05979	0.17452	0.08070	0.05363	0.02481	0.01451	0.01793	0.01159	0.00668	0.00726	0.00216	0.00932	0.00673	0.00404	0.01070
2	0.01698	0.01600	0.02655	0.03899	0.60011	0.01627	0.02003	0.02210	0.06006	0.02310	0.01491	0.01911	0.01253	0.01066	0.06924	0.00295	0.00920	0.00657	0.00379	0.01085
3	0.01438	0.01047	0.01220	0.01168	0.01375	0.01083	0.00856	0.21515	0.01960	0.02613	0.03265	0.46074	0.05741	0.05862	0.00998	0.00287	0.00540	0.01529	0.00664	0.00764
4	0.01572	0.01905	0.13045	0.06573	0.08845	0.01571	0.27734	0.02284	0.10284	0.02293	0.01662	0.04889	0.01343	0.00791	0.00817	0.02910	0.00926	0.00755	0.00412	0.09388
5	0.01720	0.01737	0.02483	0.25755	0.38917	0.10330	0.01983	0.02126	0.01608	0.02087	0.01371	0.01964	0.01149	0.00718	0.00709	0.00220	0.00926	0.02876	0.00353	0.00967
6	0.01147	0.00820	0.01147	0.01311	0.01475	0.00820	0.01147	0.01475	0.01639	0.02131	0.03770	0.08032	0.04098	0.01967	0.00984	0.00328	0.00656	0.65741	0.00656	0.00656
7	0.01462	0.06415	0.64690	0.02054	0.03070	0.01708	0.06397	0.02252	0.01512	0.02234	0.01276	0.01514	0.00913	0.00669	0.00677	0.00223	0.01050	0.00539	0.00304	0.01041
8	0.04879	0.04264	0.01594	0.01229	0.01679	0.07286	0.00995	0.04625	0.04103	0.41176	0.14023	0.02941	0.06059	0.00998	0.00719	0.00217	0.00615	0.00808	0.00763	0.01028
9	0.02154	0.01120	0.01412	0.01177	0.01566	0.01075	0.00936	0.05448	0.12806	0.32675	0.27200	0.03481	0.03602	0.01102	0.00762	0.00225	0.00509	0.00934	0.00814	0.01002
10	0.00843	0.00717	0.00726	0.00733	0.00965	0.00600	0.00546	0.01021	0.01612	0.01919	0.07072	0.09769	0.67420	0.01822	0.00844	0.00243	0.00363	0.01525	0.00661	0.00600
11	0.02916	0.01363	0.01710	0.01343	0.01874	0.01308	0.01099	0.12006	0.12366	0.52013	0.02678	0.02365	0.01752	0.00891	0.00717	0.00223	0.00623	0.00720	0.00835	0.01199
12	0.01610	0.01724	0.06936	0.23794	0.37080	0.01675	0.12598	0.02100	0.01567	0.02169	0.01331	0.01811	0.01056	0.00654	0.00727	0.00224	0.00944	0.00660	0.00340	0.01000
13	0.02958	0.01220	0.01603	0.01244	0.01769	0.01084	0.01023	0.07491	0.02088	0.60658	0.03121	0.02762	0.07686	0.00960	0.00727	0.00222	0.00596	0.00780	0.00851	0.01159
14	0.01738	0.01667	0.02846	0.08454	0.66643	0.01685	0.02173	0.02164	0.01610	0.02296	0.01335	0.01770	0.01117	0.00639	0.00705	0.00213	0.00852	0.00634	0.00350	0.01108
15	0.02582	0.01781	0.02105	0.01771	0.06611	0.01904	0.03417	0.45750	0.06824	0.14680	0.01986	0.03983	0.01447	0.00883	0.00723	0.00219	0.00749	0.00708	0.00704	0.01175
16	0.01099	0.00726	0.00855	0.00830	0.00927	0.00730	0.00568	0.01284	0.01428	0.02096	0.20534	0.04321	0.06338	0.30997	0.04749	0.00438	0.02837	0.01018	0.17651	0.00572
17	0.01568	0.01365	0.01715	0.11264	0.04105	0.01296	0.01149	0.05878	0.06577	0.02378	0.01387	0.01651	0.01124	0.00668	0.00734	0.00160	0.06712	0.00515	0.00436	0.49319
18	0.01003	0.00724	0.00948	0.00899	0.01063	0.00669	0.00672	0.01332	0.01994	0.02821	0.67960	0.07615	0.06652	0.01481	0.00842	0.00226	0.00338	0.01312	0.00780	0.00669
19	0.01763	0.57314	0.16921	0.01362	0.02035	0.02475	0.01468	0.02115	0.01488	0.01852	0.04688	0.01433	0.01217	0.00667	0.00520	0.00171	0.00797	0.00457	0.00329	0.00928
20	0.01327	0.00664	0.00664	0.00664	0.00830	0.00664	0.00498	0.01659	0.01493	0.02655	0.02323	0.02655	0.01825	0.00830	0.00498	0.00166	0.00332	0.00664	0.78928	0.00664
21	0.02454	0.06557	0.02138	0.01745	0.02126	0.40808	0.01374	0.17513	0.05126	0.02412	0.01291	0.01468	0.01041	0.00829	0.00863	0.00207	0.10140	0.00532	0.00451	0.00925
22	0.02660	0.03394	0.02018	0.01834	0.02201	0.72116	0.01376	0.02843	0.02018	0.01743	0.01101	0.01284	0.00917	0.00734	0.00642	0.00183	0.01284	0.00459	0.00367	0.00825
23	0.01008	0.00728	0.00952	0.00896	0.01064	0.00672	0.00672	0.01344	0.02016	0.02855	0.70158	0.05319	0.06719	0.01456	0.00840	0.00224	0.00336	0.01288	0.00784	0.00672
24	0.01931	0.63057	0.03395	0.01257	0.01806	0.02583	0.01214	0.02159	0.01452	0.06216	0.01144	0.01320	0.01007	0.00862	0.03577	0.00208	0.05121	0.00433	0.00346	0.00914
25	0.01735	0.01664	0.02841	0.08880	0.66238	0.01685	0.02172	0.02161	0.01608	0.02293	0.01335	0.01771	0.01116	0.00640	0.00705	0.00213	0.00853	0.00634	0.00350	0.01106
26	0.01762	0.01692	0.02890	0.04371	0.70533	0.01692	0.02185	0.02185	0.01621	0.02326	0.01339	0.01762	0.01128	0.00634	0.00705	0.00211	0.00846	0.00634	0.00352	0.01128
27	0.00918	0.00641	0.00811	0.00927	0.00956	0.00612	0.00592	0.01005	0.01265	0.01686	0.03419	0.53486	0.04071	0.24126	0.01726	0.00410	0.00497	0.01727	0.00592	0.00534
28	0.06630	0.01347	0.02065	0.61296	0.04401	0.01646	0.01836	0.08537	0.01604	0.02179	0.01293	0.01831	0.00964	0.00723	0.00694	0.00234	0.00906	0.00617	0.00365	0.00832
29	0.01681	0.01921	0.04202	0.03001	0.03721	0.01801	0.67947	0.02281	0.01681	0.02281	0.01441	0.01921	0.01080	0.00600	0.00840	0.00240	0.01200	0.00840	0.00360	0.00960
30	0.00849	0.00691	0.00753	0.00802	0.00983	0.00594	0.00577	0.01013	0.01546	0.01892	0.06232	0.27045	0.50685	0.01931	0.00862	0.00255	0.00376	0.01658	0.00661	0.00594
31	0.00962	0.00685	0.00899	0.00944	0.01027	0.00671	0.00653	0.01144	0.01466	0.02022	0.23095	0.30735	0.04502	0.16068	0.11366	0.00465	0.00651	0.01443	0.00616	0.00587
32	0.01873	0.70710	0.08153	0.01271	0.01910	0.02741	0.01311	0.02140	0.01451	0.01713	0.01009	0.01166	0.00913	0.00614	0.00471	0.00157	0.00781	0.00390	0.00304	0.00923
33	0.00932	0.00674	0.00896	0.01050	0.01133	0.00637	0.00769	0.01108	0.01446	0.01899	0.04103	0.54306	0.08854	0.02140	0.00922	0.00295	0.00467	0.17111	0.00660	0.00598
34	0.01771	0.01530	0.01610	0.01449	0.01852	0.01771	0.01127	0.03784	0.69247	0.02979	0.02898	0.02657	0.02174	0.00966	0.00725	0.00242	0.00564	0.00805	0.00725	0.01127
35	0.01470	0.03673	0.68941	0.02023	0.03052	0.04039	0.02588	0.02275	0.01521	0.02238	0.01272	0.01496	0.00903	0.00678	0.00675	0.00224	0.01060	0.00524	0.00303	0.01045
36	0.01904	0.75404	0.03731	0.01218	0.01828	0.02818	0.01218	0.02132	0.01447	0.01675	0.00990	0.01142	0.00914	0.00609	0.00457	0.00152	0.00761	0.00381	0.00305	0.00914
37	0.01428	0.03683	0.71286	0.02030	0.03082	0.01654	0.02631	0.02255	0.01503	0.02255	0.01278	0.01503	0.00902	0.00677	0.00677	0.00226	0.01052	0.00526	0.00301	0.01052
38	0.03195	0.01212	0.01652	0.01267	0.01818	0.01047	0.01047	0.03470	0.02038	0.71026	0.02809	0.02424	0.01763	0.00881	0.00716	0.00220	0.00606	0.00716	0.00881	0.01212
39	0.02316	0.05819	0.05738	0.01845	0.05156	0.37432	0.01440	0.11389	0.12741	0.02347	0.01470	0.01602	0.01165	0.00807	0.00772	0.00207	0.05788	0.00556	0.00459	0.00950
40	0.01036	0.00690	0.00777	0.00777	0.00777	0.00690	0.00431	0.01036	0.01036	0.01381	0.02244	0.04660	0.02589	0.74975	0.03624	0.00690	0.00690	0.01036	0.00431	0.00431
41	0.01526	0.01511	0.02120	0.01826	0.01834	0.02105	0.01518	0.01687	0.01094	0.01710	0.00992	0.01631	0.00985	0.01489	0.06475	0.00361	0.69418	0.00631	0.00316	0.00770
42	0.01287	0.00901	0.01211	0.01322	0.01524	0.00917	0.01142	0.01769	0.07961	0.04934	0.03651	0.07309	0.03826	0.01831	0.00949	0.00316	0.00645	0.57113	0.00671	0.00722
43	0.01633	0.01559	0.02656	0.25774	0.50144	0.01658	0.02121	0.02072	0.01560	0.02169	0.01316	0.01805	0.01072	0.00659	0.00707	0.00220	0.00878	0.00634	0.00341	0.01023
44	0.01681	0.01921	0.04202	0.03001	0.03721	0.01801	0.67947	0.02281	0.01681	0.02281	0.01441	0.01921	0.01080	0.00600	0.00840	0.00240	0.01200	0.00840	0.00360	0.00960
45	0.02707	0.01995	0.02137	0.01638	0.02208	0.02208	0.01353	0.68159	0.03348	0.04488	0.01710	0.01710	0.01211	0.00855	0.00712	0.00214	0.00784	0.00641	0.00712	0.01211
46	0.02817	0.01186	0.01573	0.01232	0.01724	0.01063	0.01007	0.07364	0.02120	0.55892	0.13391	0.02835	0.02511	0.00970	0.00735	0.00220	0.00575	0.00802	0.00855	0.01126
47	0.01036	0.00690	0.00777	0.00777	0.00777	0.00690	0.00431	0.01036	0.01036	0.01381	0.02244	0.04660	0.02589	0.74975	0.03624	0.00690	0.00690	0.01036	0.00431	0.00431
48	0.00868	0.00620	0.00826	0.00991	0.01033	0.00578	0.00661	0.00991	0.01363	0.01818	0.03925	0.74510	0.04710	0.02231	0.00909	0.00289	0.00413	0.02024	0.00661	0.00578
49	0.01050	0.00807	0.01191	0.01172	0.01287	0.00958	0.00911	0.01288	0.01137	0.01645	0.01864	0.02801	0.01763	0.07966	0.65192	0.01076	0.06111	0.00766	0.00379	0.00636
50	0.01659	0.01831	0.03847	0.09799	0.11970	0.01767	0.53713	0.02226	0.01649	0.02243	0.01412	0.01899	0.01074	0.00615	0.00812	0.00236	0.01134	0.00796	0.00355	0.00965
51	0.00868	0.00620	0.00826	0.00991	0.01033	0.00578	0.00661	0.00991	0.01363	0.01818	0.03925	0.74510	0.04710	0.02231	0.00909	0.00289	0.00413	0.02024	0.00661	0.00578
52	0.03120	0.01517	0.01704	0.01346	0.01871	0.10973	0.01093	0.03383	0.02035	0.61350	0.02571	0.02264	0.01645	0.00861	0.00706	0.00215	0.00701	0.00680	0.00809	0.01158
53	0.01001	0.00728	0.00942	0.00888	0.01059	0.00669	0.00666	0.01330	0.01999	0.02816	0.67461	0.05385	0.09440	0.01471	0.00840	0.00225	0.00337	0.01297	0.00779	0.00669
54	0.01608	0.01797	0.03833	0.02785	0.03418	0.01715	0.59488	0.02149	0.01629	0.02218	0.01626	0.07963	0.01377	0.00764	0.00910	0.00247	0.04239	0.00930	0.00383	0.00921
55	0.01771	0.01530	0.01610	0.01449	0.01852	0.01771	0.01127	0.03784	0.69247	0.02979	0.02898	0.02657	0.02174	0.00966	0.00725	0.00242	0.00564	0.00805	0.00725	0.01127
56	0.01183	0.00869	0.01167	0.01301	0.01485	0.00883	0.01125	0.01631	0.06652	0.02187	0.03825	0.07593	0.06255	0.01887	0.00959	0.00318	0.00639	0.58692	0.00661	0.00689
57	0.01477	0.01266	0.01477	0.01055	0.01687	0.00949	0.00844	0.01793	0.01477	0.02320	0.01266	0.01477	0.01055	0.00527	0.00527	0.00105	0.00527	0.00422	0.00422	0.79328
58	0.01762	0.01692	0.02890	0.04371	0.70533	0.01692	0.02185	0.02185	0.01621	0.02326	0.01339	0.01762	0.01128	0.00634	0.00705	0.00211	0.00846	0.00634	0.00352	0.01128
59	0.02707	0.01995	0.02137	0.01638	0.02208	0.02208	0.01353	0.68159	0.03348	0.04488	0.01710	0.01710	0.01211	0.00855	0.00712	0.00214	0.00784	0.00641	0.00712	0.01211
60	0.01008	0.00795	0.01072	0.01146	0.01183	0.00873	0.00825	0.01139	0.01310	0.01790	0.03310	0.55411	0.03916	0.05879	0.01303	0.00316	0.13175	0.04353	0.00588	0.00609
61	0.01558	0.01558	0.02181	0.01869	0.01869	0.02181	0.01558	0.01714	0.01091	0.01714	0.00935	0.01558	0.00935	0.01246	0.02337	0.00312	0.73672	0.00623	0.00312	0.00779
62	0.01327	0.00664	0.00664	0.00664	0.00830	0.00664	0.00498	0.01659	0.01493	0.02655	0.02323	0.02655	0.01825	0.00830	0.00498	0.00166	0.00332	0.00664	0.78928	0.00664
63	0.00868	0.00620	0.00826	0.00991	0.01033	0.00578	0.00661	0.00991	0.01363	0.01818	0.03925	0.74510	0.04710	0.02231	0.00909	0.00289	0.00413	0.02024	0.00661	0.00578
64	0.02733	0.01953	0.02111	0.01619	0.02188	0.02147	0.01337	0.64753	0.03279	0.07991	0.01767	0.01747	0.01240	0.00856	0.00713	0.00214	0.00774	0.00645	0.00721	0.01211
65	0.01108	0.00792	0.01103	0.01267	0.01413	0.00786	0.01080	0.01408	0.01601	0.02087	0.03792	0.17317	0.04183	0.02004	0.00973	0.00322	0.00622	0.56841	0.00656	0.00645
66	0.01469	0.01405	0.02420	0.52155	0.22207	0.01620	0.04750	0.01935	0.01487	0.01972	0.01292	0.01863	0.01002	0.00687	0.00715	0.00231	0.00932	0.00642	0.00328	0.00887
67	0.00868	0.00620	0.00826	0.00991	0.01033	0.00578	0.00661	0.00991	0.01363	0.01818	0.03925	0.74510	0.04710	0.02231	0.00909	0.00289	0.00413	0.02024	0.00661	0.00578
68	0.01771	0.01530	0.01610	0.01449	0.01852	0.01771	0.01127	0.03784	0.69247	0.02979	0.02898	0.02657	0.02174	0.00966	0.00725	0.00242	0.00564	0.00805	0.00725	0.01127
69	0.01008	0.00728	0.00952	0.00896	0.01064	0.00672	0.00672	0.01344	0.02016	0.02855	0.70158	0.05319	0.06719	0.01456	0.00840	0.00224	0.00336	0.01288	0.00784	0.00672
70	0.01448	0.06676	0.68467	0.01996	0.03030	0.01702	0.02572	0.02250	0.01501	0.02231	0.01266	0.01488	0.00903	0.00674	0.00667	0.00222	0.01040	0.00520	0.00301	0.01047
71	0.01074	0.00847	0.01254	0.01221	0.01335	0.01026	0.00961	0.01318	0.01139	0.01659	0.01805	0.02667	0.01691	0.04909	0.64788	0.01057	0.09479	0.00748	0.00374	0.00651
72	0.01036	0.00690	0.00777	0.00777	0.00777	0.00690	0.00431	0.01036	0.01036	0.01381	0.02244	0.04660	0.02589	0.74975	0.03624	0.00690	0.00690	0.01036	0.00431	0.00431
73	0.01744	0.01767	0.02481	0.24243	0.37382	0.10463	0.01957	0.02210	0.04416	0.02110	0.01339	0.01773	0.01086	0.00704	0.00755	0.00220	0.03395	0.00619	0.00358	0.00979
74	0.02313	0.13845	0.02233	0.01486	0.02008	0.02126	0.01250	0.44507	0.09441	0.03617	0.01948	0.01982	0.04133	0.01109	0.04560	0.00258	0.00802	0.00657	0.00627	0.01098
75	0.04396	0.03363	0.01736	0.01279	0.01820	0.01408	0.01048	0.18173	0.01965	0.12426	0.01581	0.01707	0.01202	0.00904	0.03652	0.00208	0.04995	0.00540	0.00546	0.37050

[dist]
# distance from previous block
# <min> <max>
5	7

[block]
# block no. 4 follows, 29 sequences, length 75
# corresponding to MSA columns:
# 506-580
name=unknown_E
#
# <colnr> <probs for GDERKNQSTAVLIFYWHMCP>
#	G	D	E	R	K	N	Q	S	T	A	V	L	I	F	Y	W	H	M	C	P
0	0.01286	0.07992	0.01721	0.01340	0.01622	0.05862	0.09235	0.01534	0.01550	0.02019	0.09739	0.29602	0.08971	0.01471	0.00857	0.00240	0.03615	0.03535	0.00549	0.07259
1	0.02398	0.04868	0.04353	0.01378	0.01917	0.01592	0.01169	0.27482	0.07757	0.22247	0.04330	0.02429	0.06890	0.00918	0.00701	0.00209	0.00660	0.00726	0.00702	0.07272
2	0.01479	0.11293	0.64118	0.01943	0.02949	0.01777	0.02481	0.02242	0.01497	0.02194	0.01247	0.01465	0.00903	0.00669	0.00653	0.00218	0.01021	0.00511	0.00301	0.01038
3	0.01615	0.01533	0.02600	0.20688	0.51138	0.01607	0.02055	0.02034	0.01560	0.02178	0.01459	0.05648	0.01275	0.00738	0.00717	0.00222	0.00848	0.00708	0.00360	0.01018
4	0.01140	0.00862	0.01121	0.01078	0.01141	0.00985	0.00769	0.03536	0.01184	0.01652	0.02089	0.09194	0.02247	0.35268	0.24767	0.00737	0.10257	0.00963	0.00429	0.00579
5	0.01750	0.01404	0.04156	0.01322	0.01679	0.01409	0.01079	0.28981	0.07116	0.03132	0.09215	0.18078	0.07415	0.03722	0.00888	0.00259	0.00618	0.06192	0.00677	0.00908
6	0.02155	0.51519	0.03163	0.01423	0.01952	0.25803	0.01271	0.02368	0.01636	0.01698	0.01027	0.01189	0.00915	0.00651	0.00518	0.00163	0.00935	0.00407	0.00325	0.00885
7	0.01576	0.01315	0.01542	0.03736	0.01831	0.01089	0.00931	0.08768	0.01667	0.02509	0.01427	0.04652	0.01224	0.00642	0.00570	0.00130	0.00565	0.00521	0.00459	0.64844
8	0.02141	0.19095	0.09223	0.01475	0.02035	0.01967	0.01356	0.21216	0.14726	0.10628	0.02015	0.02339	0.01592	0.00896	0.00674	0.00216	0.00734	0.06018	0.00592	0.01064
9	0.00963	0.00690	0.00900	0.01036	0.01106	0.00662	0.00715	0.03995	0.01465	0.01951	0.03819	0.68077	0.04525	0.02157	0.00904	0.00288	0.00441	0.05033	0.00663	0.00610
10	0.01443	0.01454	0.02316	0.06796	0.02329	0.04622	0.17918	0.01732	0.01348	0.01864	0.01705	0.13623	0.01710	0.03876	0.08149	0.00370	0.26659	0.00923	0.00393	0.00770
11	0.01558	0.01558	0.02181	0.01869	0.01869	0.02181	0.01558	0.01714	0.01091	0.01714	0.00935	0.01558	0.00935	0.01246	0.02337	0.00312	0.73672	0.00623	0.00312	0.00779
12	0.01011	0.00737	0.01022	0.01029	0.01122	0.00816	0.00749	0.01191	0.01137	0.01595	0.02223	0.06346	0.03966	0.23630	0.49082	0.00964	0.01481	0.00907	0.00414	0.00578
13	0.00993	0.00727	0.00931	0.00880	0.01055	0.00666	0.00660	0.01315	0.01981	0.02772	0.64531	0.05456	0.12397	0.01487	0.00840	0.00225	0.00338	0.01307	0.00773	0.00666
14	0.00853	0.00722	0.00740	0.00751	0.00982	0.00608	0.00566	0.01037	0.01615	0.01927	0.06987	0.09062	0.65820	0.01823	0.00849	0.00245	0.00373	0.03778	0.00661	0.00602
15	0.01001	0.00691	0.00771	0.00779	0.00815	0.00673	0.00458	0.01032	0.01133	0.01477	0.03016	0.08284	0.12119	0.61321	0.03107	0.00609	0.00631	0.01148	0.00474	0.00462
16	0.02707	0.01995	0.02137	0.01638	0.02208	0.02208	0.01353	0.68159	0.03348	0.04488	0.01710	0.01710	0.01211	0.00855	0.00712	0.00214	0.00784	0.00641	0.00712	0.01211
17	0.02355	0.12938	0.02316	0.05239	0.08087	0.42473	0.01431	0.07833	0.06960	0.02094	0.01294	0.01469	0.01052	0.00734	0.00636	0.00191	0.01066	0.00511	0.00408	0.00915
18	0.02660	0.03394	0.02018	0.01834	0.02201	0.72116	0.01376	0.02843	0.02018	0.01743	0.01101	0.01284	0.00917	0.00734	0.00642	0.00183	0.01284	0.00459	0.00367	0.00825
19	0.00942	0.00725	0.00861	0.00827	0.01024	0.00644	0.00620	0.01217	0.01861	0.02488	0.45359	0.05923	0.31747	0.01593	0.00841	0.00230	0.00346	0.01372	0.00736	0.00644
20	0.00866	0.00627	0.00819	0.00973	0.01028	0.00580	0.00653	0.00994	0.01381	0.01825	0.04147	0.69945	0.09132	0.02202	0.00904	0.00286	0.00410	0.01989	0.00661	0.00580
21	0.03195	0.01212	0.01652	0.01267	0.01818	0.01047	0.01047	0.03470	0.02038	0.71026	0.02809	0.02424	0.01763	0.00881	0.00716	0.00220	0.00606	0.00716	0.00881	0.01212
22	0.02782	0.01875	0.02063	0.01581	0.02148	0.02030	0.01306	0.58254	0.03147	0.14676	0.01878	0.01819	0.01295	0.00859	0.00713	0.00215	0.00756	0.00653	0.00738	0.01211
23	0.02665	0.01974	0.02114	0.01630	0.02192	0.02189	0.01343	0.65303	0.06272	0.04421	0.01762	0.01752	0.01254	0.00860	0.00713	0.00215	0.00774	0.00648	0.00713	0.01207
24	0.01344	0.00802	0.01059	0.00953	0.01180	0.00729	0.00729	0.01670	0.02019	0.13321	0.59818	0.04875	0.05958	0.01368	0.00821	0.00223	0.00377	0.01200	0.00799	0.00755
25	0.01106	0.00747	0.00980	0.00917	0.01098	0.00686	0.00689	0.01431	0.01992	0.06055	0.64458	0.07793	0.06407	0.01458	0.00837	0.00226	0.00352	0.01288	0.00784	0.00694
26	0.00847	0.00722	0.00729	0.00727	0.00965	0.00604	0.00546	0.01033	0.01637	0.01956	0.09377	0.06800	0.68060	0.01791	0.00842	0.00240	0.00360	0.01495	0.00665	0.00604
27	0.02660	0.03394	0.02018	0.01834	0.02201	0.72116	0.01376	0.02843	0.02018	0.01743	0.01101	0.01284	0.00917	0.00734	0.00642	0.00183	0.01284	0.00459	0.00367	0.00825
28	0.02707	0.01995	0.02137	0.01638	0.02208	0.02208	0.01353	0.68159	0.03348	0.04488	0.01710	0.01710	0.01211	0.00855	0.00712	0.00214	0.00784	0.00641	0.00712	0.01211
29	0.01771	0.01530	0.01610	0.01449	0.01852	0.01771	0.01127	0.03784	0.69247	0.02979	0.02898	0.02657	0.02174	0.00966	0.00725	0.00242	0.00564	0.00805	0.00725	0.01127
30	0.01172	0.00764	0.01004	0.00924	0.01120	0.00700	0.00700	0.01503	0.02017	0.07973	0.65102	0.05102	0.06347	0.01413	0.00831	0.00224	0.00356	0.01245	0.00791	0.00712
31	0.01261	0.00960	0.01169	0.01194	0.01399	0.00999	0.00950	0.04666	0.15211	0.02384	0.11539	0.15435	0.07030	0.06594	0.01063	0.00308	0.00559	0.25859	0.00673	0.00747
32	0.01648	0.01688	0.02109	0.01821	0.01860	0.08375	0.01502	0.01813	0.01189	0.01752	0.01002	0.01575	0.00967	0.01185	0.02116	0.00295	0.64433	0.00610	0.03284	0.00779
33	0.03030	0.01319	0.01700	0.01320	0.01861	0.01226	0.01085	0.10287	0.07521	0.58629	0.02701	0.02367	0.01737	0.00885	0.00716	0.00221	0.00621	0.00715	0.00851	0.01205
34	0.01605	0.01621	0.05606	0.24515	0.43711	0.01633	0.02077	0.02109	0.03724	0.02188	0.01441	0.02016	0.01191	0.00712	0.00715	0.00224	0.00871	0.02671	0.00361	0.01010
35	0.01619	0.20492	0.48834	0.01753	0.02639	0.01861	0.02136	0.02255	0.01538	0.05783	0.03935	0.01613	0.01174	0.00701	0.00633	0.00208	0.00932	0.00531	0.00351	0.01013
36	0.02670	0.02030	0.02113	0.01639	0.02195	0.04831	0.01346	0.63315	0.05733	0.04328	0.01731	0.01729	0.01235	0.00854	0.00710	0.00214	0.00794	0.00640	0.00700	0.01193
37	0.23173	0.01684	0.12482	0.13465	0.16005	0.01472	0.04286	0.01953	0.01472	0.02471	0.06421	0.06920	0.01697	0.00866	0.00666	0.00231	0.00755	0.02685	0.00424	0.00873
38	0.02501	0.02905	0.02193	0.02274	0.14724	0.50377	0.01521	0.10977	0.02113	0.02197	0.01221	0.01426	0.00993	0.00731	0.00662	0.00192	0.01141	0.00514	0.00408	0.00930
39	0.01406	0.01446	0.02930	0.02223	0.02685	0.01363	0.42490	0.01817	0.01525	0.02056	0.02140	0.17296	0.02136	0.11346	0.01247	0.00316	0.00950	0.03390	0.00442	0.00798
40	0.01084	0.00745	0.00976	0.00909	0.01090	0.00685	0.00685	0.01418	0.02016	0.05236	0.67805	0.05218	0.06546	0.01436	0.00836	0.00224	0.00345	0.01268	0.00787	0.00691
41	0.01036	0.00690	0.00777	0.00777	0.00777	0.00690	0.00431	0.01036	0.01036	0.01381	0.02244	0.04660	0.02589	0.74975	0.03624	0.00690	0.00690	0.01036	0.00431	0.00431
42	0.01558	0.01558	0.02181	0.01869	0.01869	0.02181	0.01558	0.01714	0.01091	0.01714	0.00935	0.01558	0.00935	0.01246	0.02337	0.00312	0.73672	0.00623	0.00312	0.00779
43	0.01001	0.00723	0.00946	0.00900	0.01062	0.00668	0.00671	0.01327	0.01985	0.02807	0.67081	0.08533	0.06625	0.01492	0.00843	0.00227	0.00340	0.01322	0.00778	0.00668
44	0.00895	0.00641	0.00851	0.00973	0.01039	0.00597	0.00663	0.01061	0.01492	0.02023	0.17032	0.60818	0.05107	0.02077	0.00895	0.00276	0.00398	0.01879	0.00685	0.00597
45	0.01807	0.01547	0.01630	0.01456	0.01865	0.01788	0.01136	0.06256	0.66716	0.03037	0.02853	0.02620	0.02137	0.00962	0.00724	0.00240	0.00572	0.00799	0.00724	0.01130
46	0.01904	0.75404	0.03731	0.01218	0.01828	0.02818	0.01218	0.02132	0.01447	0.01675	0.00990	0.01142	0.00914	0.00609	0.00457	0.00152	0.00761	0.00381	0.00305	0.00914
47	0.19205	0.02053	0.22343	0.22513	0.10908	0.01593	0.04579	0.02037	0.01414	0.02314	0.01222	0.01610	0.00932	0.00742	0.00721	0.03148	0.00876	0.00554	0.00346	0.00891
48	0.01632	0.02257	0.17017	0.02816	0.03599	0.01773	0.55470	0.02276	0.01647	0.02276	0.01409	0.01841	0.01046	0.00615	0.00809	0.00237	0.01172	0.00780	0.00349	0.00978
49	0.02662	0.03320	0.02024	0.01824	0.02202	0.68414	0.01375	0.06303	0.02088	0.01888	0.01133	0.01307	0.00933	0.00740	0.00646	0.00185	0.01258	0.00468	0.00385	0.00846
50	0.01018	0.00759	0.01125	0.01125	0.01245	0.00879	0.00866	0.01259	0.01139	0.01639	0.01925	0.02896	0.01823	0.09028	0.68524	0.01120	0.01843	0.00777	0.00384	0.00625
51	0.01032	0.00703	0.00839	0.00839	0.00861	0.00724	0.00509	0.01076	0.01054	0.01427	0.02187	0.04344	0.02452	0.63159	0.15253	0.00767	0.00897	0.00989	0.00423	0.00466
52	0.05764	0.01298	0.01671	0.01282	0.01835	0.01177	0.01058	0.09772	0.02112	0.58717	0.02562	0.02262	0.01639	0.00854	0.00697	0.00214	0.00618	0.00683	0.00827	0.04960
53	0.01147	0.00820	0.01147	0.01311	0.01475	0.00820	0.01147	0.01475	0.01639	0.02131	0.03770	0.08032	0.04098	0.01967	0.00984	0.00328	0.00656	0.65741	0.00656	0.00656
54	0.01763	0.01684	0.02829	0.04232	0.67270	0.01696	0.02135	0.02261	0.04834	0.02357	0.01413	0.01805	0.01178	0.00650	0.00706	0.00213	0.00833	0.00643	0.00370	0.01128
