[name]
unknown

[dist]
# distance from previous block
# <min> <max>
17	81

[block]
# block no. 0 follows, 30 sequences, length 30
# corresponding to MSA columns:
# 103-132
name=unknown_A
#
# <colnr> <probs for GDERKNQSTAVLIFYWHMCP>
#	G	D	E	R	K	N	Q	S	T	A	V	L	I	F	Y	W	H	M	C	P
0	0.01859	0.10112	0.12547	0.01491	0.01987	0.16942	0.01337	0.10097	0.17637	0.02452	0.05540	0.05867	0.04586	0.00912	0.00669	0.00206	0.00794	0.00712	0.00513	0.03741
1	0.02180	0.06728	0.01975	0.01553	0.04575	0.12074	0.03240	0.17246	0.13054	0.11868	0.01838	0.03970	0.01417	0.00794	0.00652	0.00191	0.00741	0.00629	0.00571	0.14704
2	0.01697	0.01520	0.01669	0.04149	0.11379	0.11013	0.01162	0.09843	0.07203	0.03985	0.01913	0.02513	0.04357	0.13494	0.10552	0.00397	0.03848	0.00710	0.00464	0.08131
3	0.02040	0.01533	0.01807	0.04620	0.10078	0.05213	0.01253	0.20639	0.11988	0.12043	0.04439	0.11711	0.01979	0.01021	0.00777	0.00223	0.03368	0.00843	0.00618	0.03807
4	0.01959	0.05095	0.16143	0.01664	0.04736	0.10071	0.01483	0.08942	0.20788	0.09804	0.01872	0.01918	0.01398	0.00958	0.03286	0.00245	0.03516	0.00619	0.00527	0.04978
5	0.02136	0.05231	0.02055	0.01678	0.05528	0.14384	0.01296	0.26336	0.02153	0.02824	0.01310	0.01509	0.01044	0.00791	0.00891	0.00195	0.12522	0.00538	0.00482	0.17098
6	0.01722	0.07689	0.06429	0.12761	0.02648	0.18941	0.13238	0.02072	0.01578	0.01931	0.01446	0.08520	0.01306	0.00808	0.00736	0.00201	0.03859	0.00686	0.00376	0.13052
7	0.01889	0.65143	0.06013	0.01340	0.01942	0.07387	0.04229	0.02147	0.01468	0.01693	0.01007	0.01175	0.00903	0.00607	0.00484	0.00158	0.00810	0.00403	0.00305	0.00897
8	0.01848	0.08780	0.03622	0.02672	0.08052	0.10862	0.46707	0.02327	0.01677	0.04583	0.01370	0.01740	0.01051	0.00618	0.00751	0.00218	0.01102	0.00716	0.00366	0.00941
9	0.01584	0.01725	0.10994	0.08540	0.19293	0.01594	0.01583	0.02746	0.32476	0.02519	0.04883	0.02455	0.04811	0.00862	0.00707	0.00226	0.00699	0.00745	0.00530	0.01026
10	0.00850	0.00607	0.00810	0.00972	0.01012	0.00567	0.00648	0.00972	0.01336	0.01781	0.03846	0.75020	0.04615	0.02186	0.00891	0.00283	0.00405	0.01984	0.00648	0.00567
11	0.00849	0.00612	0.00804	0.00958	0.01009	0.00568	0.00642	0.00973	0.01349	0.01787	0.04013	0.71482	0.08046	0.02165	0.00887	0.00281	0.00402	0.01957	0.00648	0.00568
12	0.01913	0.01553	0.01606	0.01385	0.01758	0.04492	0.01073	0.24304	0.32070	0.03083	0.02410	0.08812	0.02036	0.09044	0.01025	0.00277	0.00651	0.00852	0.00656	0.00999
13	0.00850	0.00607	0.00810	0.00972	0.01012	0.00567	0.00648	0.00972	0.01336	0.01781	0.03846	0.75020	0.04615	0.02186	0.00891	0.00283	0.00405	0.01984	0.00648	0.00567
14	0.00850	0.00607	0.00810	0.00972	0.01012	0.00567	0.00648	0.00972	0.01336	0.01781	0.03846	0.75020	0.04615	0.02186	0.00891	0.00283	0.00405	0.01984	0.00648	0.00567
15	0.01405	0.01410	0.02628	0.55074	0.04500	0.01607	0.19551	0.01902	0.01462	0.01902	0.01286	0.01866	0.00964	0.00669	0.00731	0.00233	0.00995	0.00674	0.00321	0.00819
16	0.01770	0.05110	0.06615	0.02683	0.03353	0.11004	0.54434	0.02300	0.01674	0.02142	0.01344	0.01754	0.01024	0.00609	0.00777	0.00224	0.01164	0.00744	0.00349	0.00926
17	0.01318	0.01240	0.02093	0.73798	0.04806	0.01550	0.01938	0.01783	0.01395	0.01783	0.01240	0.01860	0.00930	0.00698	0.00698	0.00233	0.00930	0.00620	0.00310	0.00775
18	0.01687	0.01734	0.06343	0.08194	0.63773	0.01650	0.02152	0.02124	0.01572	0.02247	0.01305	0.01722	0.01084	0.00628	0.00690	0.00209	0.00845	0.00616	0.00341	0.01082
19	0.01735	0.01506	0.01632	0.01544	0.04825	0.01732	0.01150	0.03640	0.66896	0.02891	0.02774	0.02565	0.02086	0.00933	0.00709	0.00235	0.00564	0.00782	0.00694	0.01105
20	0.01573	0.28437	0.44875	0.01764	0.02629	0.02021	0.05488	0.02170	0.01463	0.02015	0.01163	0.01372	0.00897	0.00636	0.00597	0.00197	0.00941	0.00482	0.00299	0.00980
21	0.01433	0.03394	0.63796	0.02170	0.06568	0.01632	0.06951	0.02208	0.01491	0.02215	0.01266	0.01514	0.00907	0.00656	0.00675	0.00221	0.01031	0.00542	0.00301	0.01029
22	0.03131	0.01188	0.01619	0.01242	0.01781	0.01026	0.01026	0.03401	0.01997	0.71606	0.02753	0.02375	0.01727	0.00864	0.00702	0.00216	0.00594	0.00702	0.00864	0.01188
23	0.01212	0.00606	0.00909	0.00909	0.00909	0.00606	0.00606	0.00909	0.00909	0.01212	0.01212	0.02121	0.01212	0.02424	0.02727	0.79697	0.00606	0.00606	0.00303	0.00303
24	0.01437	0.05558	0.01238	0.01049	0.01297	0.03893	0.00802	0.01725	0.05817	0.13414	0.04136	0.28002	0.22805	0.01571	0.00847	0.00244	0.03447	0.01331	0.00640	0.00748
25	0.01873	0.01097	0.01581	0.01711	0.13562	0.01094	0.01121	0.02181	0.04067	0.25368	0.04352	0.15900	0.02300	0.05516	0.10354	0.00375	0.05078	0.00961	0.00606	0.00903
26	0.01276	0.00948	0.01309	0.01297	0.01444	0.01028	0.00982	0.01441	0.01293	0.01872	0.02105	0.03052	0.01964	0.05212	0.69692	0.01130	0.01902	0.00823	0.00465	0.00764
27	0.01923	0.01445	0.01588	0.01357	0.01761	0.01596	0.01073	0.17683	0.38537	0.08592	0.13877	0.02815	0.02631	0.00996	0.00726	0.00226	0.00566	0.00825	0.00729	0.01055
28	0.01661	0.01828	0.03448	0.02883	0.13712	0.05410	0.44533	0.02134	0.01578	0.02134	0.01431	0.04964	0.01197	0.00739	0.00956	0.00238	0.09070	0.00800	0.00360	0.00924
29	0.02349	0.01914	0.01818	0.01481	0.01924	0.12797	0.01187	0.45418	0.02707	0.03556	0.01767	0.05512	0.01403	0.01032	0.03070	0.00234	0.00813	0.00677	0.09324	0.01018

[dist]
# distance from previous block
# <min> <max>
0	3

[block]
# block no. 1 follows, 30 sequences, length 93
# corresponding to MSA columns:
# 136-228
name=unknown_B
#
# <colnr> <probs for GDERKNQSTAVLIFYWHMCP>
#	G	D	E	R	K	N	Q	S	T	A	V	L	I	F	Y	W	H	M	C	P
0	0.01763	0.04445	0.02036	0.01557	0.02069	0.03774	0.11007	0.05517	0.34112	0.04641	0.02072	0.02079	0.01576	0.00764	0.00667	0.00198	0.00675	0.00669	0.00564	0.19813
1	0.01615	0.01725	0.04695	0.02048	0.04543	0.06190	0.13297	0.04439	0.01354	0.01924	0.01209	0.04333	0.01122	0.01207	0.04261	0.00304	0.43873	0.00692	0.00348	0.00822
2	0.00850	0.00607	0.00810	0.00972	0.01012	0.00567	0.00648	0.00972	0.01336	0.01781	0.03846	0.75020	0.04615	0.02186	0.00891	0.00283	0.00405	0.01984	0.00648	0.00567
3	0.01447	0.01240	0.01447	0.01034	0.01654	0.00930	0.00827	0.01757	0.01447	0.02274	0.01240	0.01447	0.01034	0.00517	0.00517	0.00103	0.00517	0.00413	0.00413	0.79742
4	0.14172	0.02710	0.01802	0.01608	0.02000	0.48055	0.01231	0.08702	0.09284	0.02293	0.01306	0.01422	0.01036	0.00744	0.00615	0.00194	0.01031	0.00491	0.00439	0.00867
5	0.01447	0.01240	0.01447	0.01034	0.01654	0.00930	0.00827	0.01757	0.01447	0.02274	0.01240	0.01447	0.01034	0.00517	0.00517	0.00103	0.00517	0.00413	0.00413	0.79742
6	0.01736	0.01499	0.01578	0.01420	0.01815	0.01736	0.01105	0.03708	0.69862	0.02919	0.02840	0.02604	0.02130	0.00947	0.00710	0.00237	0.00552	0.00789	0.00710	0.01105
7	0.01301	0.00650	0.00650	0.00650	0.00813	0.00650	0.00488	0.01626	0.01463	0.02602	0.02276	0.02602	0.01789	0.00813	0.00488	0.00163	0.00325	0.00650	0.79350	0.00650
8	0.00850	0.00607	0.00810	0.00972	0.01012	0.00567	0.00648	0.00972	0.01336	0.01781	0.03846	0.75020	0.04615	0.02186	0.00891	0.00283	0.00405	0.01984	0.00648	0.00567
9	0.02653	0.01955	0.02094	0.01606	0.02164	0.02164	0.01326	0.68796	0.03281	0.04398	0.01675	0.01675	0.01187	0.00838	0.00698	0.00209	0.00768	0.00628	0.00698	0.01187
10	0.01318	0.01240	0.02093	0.73798	0.04806	0.01550	0.01938	0.01783	0.01395	0.01783	0.01240	0.01860	0.00930	0.00698	0.00698	0.00233	0.00930	0.00620	0.00310	0.00775
11	0.00850	0.00607	0.00810	0.00972	0.01012	0.00567	0.00648	0.00972	0.01336	0.01781	0.03846	0.75020	0.04615	0.02186	0.00891	0.00283	0.00405	0.01984	0.00648	0.00567
12	0.00960	0.00702	0.00901	0.00874	0.01031	0.00643	0.00647	0.01254	0.01876	0.02615	0.58408	0.12727	0.11687	0.01535	0.00830	0.00228	0.00339	0.01356	0.00745	0.00643
13	0.02594	0.01804	0.01956	0.01511	0.02040	0.01971	0.01244	0.59092	0.03055	0.09383	0.01800	0.01794	0.01270	0.00838	0.00684	0.00207	0.00723	0.00635	0.06249	0.01149
14	0.01647	0.01882	0.04118	0.02941	0.03647	0.01765	0.68588	0.02235	0.01647	0.02235	0.01412	0.01882	0.01059	0.00588	0.00824	0.00235	0.01176	0.00824	0.00353	0.00941
15	0.00850	0.00607	0.00810	0.00972	0.01012	0.00567	0.00648	0.00972	0.01336	0.01781	0.03846	0.75020	0.04615	0.02186	0.00891	0.00283	0.00405	0.01984	0.00648	0.00567
16	0.02653	0.01955	0.02094	0.01606	0.02164	0.02164	0.01326	0.68796	0.03281	0.04398	0.01675	0.01675	0.01187	0.00838	0.00698	0.00209	0.00768	0.00628	0.00698	0.01187
17	0.00997	0.00748	0.01121	0.01121	0.01246	0.00872	0.00872	0.01246	0.01121	0.01620	0.01869	0.02741	0.01745	0.05234	0.72710	0.01121	0.01869	0.00748	0.00374	0.00623
18	0.01561	0.01843	0.07048	0.02688	0.03331	0.01662	0.57439	0.02106	0.01594	0.02178	0.01606	0.08346	0.01362	0.00752	0.00864	0.00241	0.03192	0.00906	0.00375	0.00907
19	0.02566	0.02898	0.02003	0.01839	0.05069	0.53662	0.01357	0.12705	0.04581	0.04998	0.01308	0.01434	0.01028	0.00747	0.00648	0.00189	0.01115	0.00506	0.00443	0.00904
20	0.01965	0.01637	0.01896	0.01896	0.12285	0.01832	0.01316	0.19848	0.42884	0.03195	0.02318	0.02239	0.01739	0.00871	0.00704	0.00225	0.00648	0.00723	0.00652	0.01125
21	0.01480	0.01288	0.01526	0.04099	0.01792	0.01247	0.00995	0.02187	0.18619	0.02326	0.01795	0.06917	0.01545	0.00816	0.00767	0.00174	0.07519	0.00645	0.00490	0.43774
22	0.01571	0.04121	0.14950	0.01467	0.01938	0.01403	0.05966	0.19414	0.04726	0.02765	0.11399	0.18416	0.06476	0.01207	0.00758	0.00231	0.00677	0.01044	0.00581	0.00890
23	0.13345	0.01823	0.01917	0.01488	0.02028	0.02009	0.01229	0.55462	0.02912	0.08522	0.01648	0.01646	0.01162	0.00813	0.00662	0.00211	0.00725	0.00599	0.00672	0.01128
24	0.00864	0.00613	0.00806	0.00954	0.00991	0.00576	0.00629	0.00975	0.01309	0.01746	0.03710	0.69197	0.04444	0.08244	0.01111	0.00316	0.00427	0.01904	0.00629	0.00555
25	0.01962	0.01484	0.01758	0.14908	0.02421	0.01684	0.01284	0.13275	0.38968	0.10982	0.02354	0.02296	0.01715	0.00874	0.00705	0.00229	0.00661	0.00723	0.00652	0.01066
26	0.01318	0.01240	0.02093	0.73798	0.04806	0.01550	0.01938	0.01783	0.01395	0.01783	0.01240	0.01860	0.00930	0.00698	0.00698	0.00233	0.00930	0.00620	0.00310	0.00775
27	0.03131	0.01188	0.01619	0.01242	0.01781	0.01026	0.01026	0.03401	0.01997	0.71606	0.02753	0.02375	0.01727	0.00864	0.00702	0.00216	0.00594	0.00702	0.00864	0.01188
28	0.01622	0.01834	0.03964	0.08330	0.03735	0.01748	0.63519	0.02201	0.01628	0.02201	0.01399	0.01881	0.01049	0.00597	0.00814	0.00235	0.01158	0.00808	0.00350	0.00929
29	0.02650	0.01881	0.02039	0.01572	0.02123	0.02065	0.01296	0.61493	0.05875	0.09145	0.01799	0.01763	0.01263	0.00844	0.00699	0.00211	0.00747	0.00640	0.00710	0.01183
30	0.00832	0.00707	0.00717	0.00714	0.00947	0.00592	0.00536	0.01015	0.01607	0.01924	0.09782	0.06652	0.68102	0.01753	0.00825	0.00235	0.00352	0.01464	0.00653	0.00592
31	0.00851	0.00673	0.00767	0.00818	0.00978	0.00589	0.00585	0.01025	0.01542	0.01946	0.12708	0.30496	0.40800	0.01878	0.00848	0.00251	0.00369	0.01629	0.00661	0.00589
32	0.01815	0.01615	0.02314	0.01846	0.02342	0.01734	0.19967	0.06436	0.44687	0.05726	0.02381	0.02347	0.01768	0.00838	0.00741	0.00234	0.00739	0.00787	0.00616	0.01066
33	0.01318	0.01240	0.02093	0.73798	0.04806	0.01550	0.01938	0.01783	0.01395	0.01783	0.01240	0.01860	0.00930	0.00698	0.00698	0.00233	0.00930	0.00620	0.00310	0.00775
34	0.00850	0.00607	0.00810	0.00972	0.01012	0.00567	0.00648	0.00972	0.01336	0.01781	0.03846	0.75020	0.04615	0.02186	0.00891	0.00283	0.00405	0.01984	0.00648	0.00567
35	0.01318	0.01240	0.02093	0.73798	0.04806	0.01550	0.01938	0.01783	0.01395	0.01783	0.01240	0.01860	0.00930	0.00698	0.00698	0.00233	0.00930	0.00620	0.00310	0.00775
36	0.02061	0.11037	0.02392	0.01826	0.02111	0.33891	0.06477	0.02267	0.01562	0.01730	0.01033	0.01385	0.00917	0.00875	0.01218	0.00225	0.27321	0.00527	0.00333	0.00813
37	0.01468	0.14244	0.61826	0.01872	0.02839	0.01788	0.02375	0.02192	0.01465	0.02126	0.01211	0.01421	0.00886	0.00653	0.00631	0.00210	0.00989	0.00495	0.00295	0.01011
38	0.01511	0.01418	0.02189	0.57036	0.06898	0.03837	0.04138	0.07735	0.01581	0.02041	0.01268	0.01807	0.00962	0.00726	0.00767	0.00231	0.04052	0.00622	0.00348	0.00830
39	0.01647	0.01882	0.04118	0.02941	0.03647	0.01765	0.68588	0.02235	0.01647	0.02235	0.01412	0.01882	0.01059	0.00588	0.00824	0.00235	0.01176	0.00824	0.00353	0.00941
40	0.00850	0.00607	0.00810	0.00972	0.01012	0.00567	0.00648	0.00972	0.01336	0.01781	0.03846	0.75020	0.04615	0.02186	0.00891	0.00283	0.00405	0.01984	0.00648	0.00567
41	0.01502	0.01493	0.02132	0.10346	0.02184	0.02068	0.01575	0.01692	0.01107	0.01692	0.00954	0.01566	0.00918	0.01159	0.02102	0.00297	0.65531	0.00612	0.00306	0.00765
42	0.01334	0.01262	0.02096	0.68351	0.04581	0.01595	0.01907	0.01775	0.01371	0.01775	0.01216	0.01835	0.00929	0.00737	0.00818	0.00238	0.06477	0.00619	0.00310	0.00774
43	0.00850	0.00607	0.00810	0.00972	0.01012	0.00567	0.00648	0.00972	0.01336	0.01781	0.03846	0.75020	0.04615	0.02186	0.00891	0.00283	0.00405	0.01984	0.00648	0.00567
44	0.01866	0.75896	0.03657	0.01194	0.01791	0.02761	0.01194	0.02090	0.01418	0.01642	0.00970	0.01119	0.00896	0.00597	0.00448	0.00149	0.00746	0.00373	0.00299	0.00896
45	0.02997	0.01277	0.01652	0.01272	0.01801	0.01173	0.01049	0.12604	0.02160	0.59583	0.02583	0.02284	0.01653	0.00858	0.00693	0.00213	0.00609	0.00689	0.03683	0.01168
46	0.02607	0.03326	0.01978	0.01798	0.02157	0.72674	0.01348	0.02787	0.01978	0.01708	0.01079	0.01258	0.00899	0.00719	0.00629	0.00180	0.01258	0.00449	0.00360	0.00809
47	0.02558	0.01863	0.01993	0.01539	0.02069	0.02058	0.01268	0.64090	0.03154	0.04272	0.01718	0.01740	0.01229	0.00836	0.00683	0.00206	0.00737	0.00630	0.06209	0.01149
48	0.00850	0.00607	0.00810	0.00972	0.01012	0.00567	0.00648	0.00972	0.01336	0.01781	0.03846	0.75020	0.04615	0.02186	0.00891	0.00283	0.00405	0.01984	0.00648	0.00567
49	0.80405	0.01350	0.01026	0.00918	0.01350	0.01565	0.00756	0.02051	0.01188	0.03131	0.00972	0.01134	0.00756	0.00648	0.00432	0.00216	0.00540	0.00378	0.00432	0.00756
50	0.00850	0.00607	0.00810	0.00972	0.01012	0.00567	0.00648	0.00972	0.01336	0.01781	0.03846	0.75020	0.04615	0.02186	0.00891	0.00283	0.00405	0.01984	0.00648	0.00567
51	0.00850	0.00607	0.00810	0.00972	0.01012	0.00567	0.00648	0.00972	0.01336	0.01781	0.03846	0.75020	0.04615	0.02186	0.00891	0.00283	0.00405	0.01984	0.00648	0.00567
52	0.03131	0.01188	0.01619	0.01242	0.01781	0.01026	0.01026	0.03401	0.01997	0.71606	0.02753	0.02375	0.01727	0.00864	0.00702	0.00216	0.00594	0.00702	0.00864	0.01188
53	0.01445	0.01052	0.01266	0.01130	0.01397	0.01075	0.00903	0.19036	0.02263	0.03112	0.42589	0.04683	0.04784	0.01347	0.00811	0.00232	0.00491	0.10858	0.00731	0.00795
54	0.03027	0.01354	0.01722	0.01320	0.01864	0.01272	0.01091	0.17574	0.02276	0.57040	0.02519	0.02224	0.01610	0.00858	0.00701	0.00215	0.00632	0.00686	0.00828	0.01187
55	0.03095	0.01246	0.01656	0.01269	0.01810	0.01112	0.01049	0.08374	0.02095	0.66495	0.02671	0.02322	0.01686	0.00862	0.00701	0.00215	0.00607	0.00696	0.00851	0.01188
56	0.02793	0.01217	0.01579	0.01254	0.01751	0.01127	0.01021	0.03351	0.13391	0.56741	0.06061	0.02551	0.02030	0.00905	0.00709	0.00220	0.00574	0.00744	0.00833	0.01148
57	0.01727	0.01658	0.02832	0.04283	0.71123	0.01658	0.02142	0.02142	0.01589	0.02280	0.01313	0.01727	0.01105	0.00622	0.00691	0.00207	0.00829	0.00622	0.00345	0.01105
58	0.19535	0.01614	0.01734	0.01358	0.01884	0.01723	0.01121	0.36486	0.02478	0.22552	0.01819	0.01751	0.01242	0.00804	0.00642	0.00213	0.00671	0.00594	0.00686	0.01094
59	0.80405	0.01350	0.01026	0.00918	0.01350	0.01565	0.00756	0.02051	0.01188	0.03131	0.00972	0.01134	0.00756	0.00648	0.00432	0.00216	0.00540	0.00378	0.00432	0.00756
60	0.01583	0.04223	0.02924	0.02221	0.02504	0.02021	0.26378	0.01900	0.01295	0.01884	0.01102	0.01645	0.00968	0.00965	0.01683	0.00274	0.44593	0.00681	0.00323	0.00834
61	0.01536	0.01292	0.01405	0.01288	0.01616	0.01455	0.00990	0.03076	0.52530	0.02819	0.15558	0.08043	0.03130	0.01121	0.00743	0.00237	0.00501	0.00959	0.00717	0.00985
62	0.00952	0.00705	0.00954	0.06508	0.01342	0.00700	0.00770	0.03529	0.01412	0.01878	0.03569	0.66783	0.04210	0.02024	0.00869	0.00277	0.00458	0.01831	0.00624	0.00605
63	0.00997	0.00748	0.01121	0.01121	0.01246	0.00872	0.00872	0.01246	0.01121	0.01620	0.01869	0.02741	0.01745	0.05234	0.72710	0.01121	0.01869	0.00748	0.00374	0.00623
64	0.03131	0.01188	0.01619	0.01242	0.01781	0.01026	0.01026	0.03401	0.01997	0.71606	0.02753	0.02375	0.01727	0.00864	0.00702	0.00216	0.00594	0.00702	0.00864	0.01188
65	0.02092	0.01350	0.01506	0.01256	0.01644	0.03783	0.00998	0.20744	0.11760	0.18309	0.17272	0.06327	0.02810	0.01047	0.00721	0.00216	0.00575	0.00866	0.05740	0.00983
66	0.02653	0.01955	0.02094	0.01606	0.02164	0.02164	0.01326	0.68796	0.03281	0.04398	0.01675	0.01675	0.01187	0.00838	0.00698	0.00209	0.00768	0.00628	0.00698	0.01187
67	0.00892	0.00692	0.00813	0.00819	0.00993	0.00612	0.00600	0.01119	0.01696	0.02222	0.31241	0.18011	0.34368	0.01708	0.00836	0.00238	0.00353	0.01480	0.00695	0.00612
68	0.00866	0.00698	0.00771	0.00775	0.00973	0.00603	0.00573	0.01073	0.01655	0.02090	0.21745	0.13503	0.48769	0.01731	0.00831	0.00237	0.00353	0.01477	0.00676	0.00603
69	0.01801	0.01824	0.02681	0.08863	0.58419	0.09948	0.02035	0.02192	0.01621	0.02178	0.01280	0.01682	0.01069	0.00638	0.00684	0.00206	0.00886	0.00602	0.00345	0.01048
70	0.02653	0.01955	0.02094	0.01606	0.02164	0.02164	0.01326	0.68796	0.03281	0.04398	0.01675	0.01675	0.01187	0.00838	0.00698	0.00209	0.00768	0.00628	0.00698	0.01187
71	0.01124	0.00803	0.01124	0.01285	0.01446	0.00803	0.01124	0.01446	0.01606	0.02088	0.03695	0.07871	0.04016	0.01928	0.00964	0.00321	0.00643	0.66426	0.00643	0.00643
72	0.00846	0.00623	0.00793	0.00929	0.01001	0.00570	0.00629	0.00976	0.01377	0.01798	0.04369	0.63950	0.15348	0.02118	0.00880	0.00276	0.00397	0.01901	0.00648	0.00570
73	0.01440	0.01365	0.02313	0.53076	0.24575	0.01582	0.01999	0.01890	0.01453	0.01931	0.01262	0.01821	0.00982	0.00675	0.00696	0.00225	0.00900	0.00621	0.00321	0.00874
74	0.02653	0.01955	0.02094	0.01606	0.02164	0.02164	0.01326	0.68796	0.03281	0.04398	0.01675	0.01675	0.01187	0.00838	0.00698	0.00209	0.00768	0.00628	0.00698	0.01187
75	0.76637	0.01445	0.01072	0.00960	0.01389	0.05009	0.00784	0.02087	0.01226	0.03062	0.00977	0.01140	0.00763	0.00651	0.00441	0.00214	0.00575	0.00381	0.00428	0.00758
76	0.00998	0.00742	0.01094	0.01094	0.01209	0.00857	0.00838	0.01229	0.01113	0.01600	0.01894	0.02880	0.01805	0.10551	0.67475	0.01088	0.01779	0.00768	0.00378	0.00608
77	0.00850	0.00607	0.00810	0.00972	0.01012	0.00567	0.00648	0.00972	0.01336	0.01781	0.03846	0.75020	0.04615	0.02186	0.00891	0.00283	0.00405	0.01984	0.00648	0.00567
78	0.01447	0.01240	0.01447	0.01034	0.01654	0.00930	0.00827	0.01757	0.01447	0.02274	0.01240	0.01447	0.01034	0.00517	0.00517	0.00103	0.00517	0.00413	0.00413	0.79742
79	0.01527	0.01527	0.02137	0.01832	0.01832	0.02137	0.01527	0.01679	0.01069	0.01679	0.00916	0.01527	0.00916	0.01221	0.02290	0.00305	0.74198	0.00611	0.00305	0.00763
80	0.00988	0.00713	0.00933	0.00878	0.01043	0.00658	0.00658	0.01317	0.01975	0.02798	0.70754	0.05213	0.06584	0.01427	0.00823	0.00219	0.00329	0.01262	0.00768	0.00658
81	0.01727	0.01658	0.02832	0.04283	0.71123	0.01658	0.02142	0.02142	0.01589	0.02280	0.01313	0.01727	0.01105	0.00622	0.00691	0.00207	0.00829	0.00622	0.00345	0.01105
82	0.03131	0.01188	0.01619	0.01242	0.01781	0.01026	0.01026	0.03401	0.01997	0.71606	0.02753	0.02375	0.01727	0.00864	0.00702	0.00216	0.00594	0.00702	0.00864	0.01188
83	0.01212	0.00606	0.00909	0.00909	0.00909	0.00606	0.00606	0.00909	0.00909	0.01212	0.01212	0.02121	0.01212	0.02424	0.02727	0.79697	0.00606	0.00606	0.00303	0.00303
84	0.02451	0.01854	0.01981	0.01565	0.02087	0.02070	0.01278	0.54485	0.17920	0.04073	0.01932	0.01879	0.01394	0.00862	0.00701	0.00215	0.00720	0.00664	0.00701	0.01169
85	0.02991	0.01342	0.01706	0.01316	0.01854	0.01263	0.01085	0.15592	0.04694	0.56601	0.02555	0.02253	0.01641	0.00862	0.00701	0.00215	0.00625	0.00691	0.00827	0.01184
86	0.01309	0.00784	0.01036	0.00932	0.01153	0.00713	0.00713	0.01629	0.01979	0.13106	0.60567	0.04788	0.05857	0.01342	0.00805	0.00219	0.00369	0.01178	0.00782	0.00738
87	0.00966	0.00712	0.00902	0.00855	0.01029	0.00649	0.00641	0.01274	0.01923	0.02675	0.62176	0.05415	0.15240	0.01473	0.00823	0.00222	0.00332	0.01290	0.00752	0.00649
88	0.02758	0.01786	0.01990	0.01526	0.02080	0.01914	0.01260	0.54417	0.02999	0.19175	0.01912	0.01829	0.01306	0.00843	0.00699	0.00211	0.00730	0.00644	0.00734	0.01187
89	0.01540	0.01399	0.02090	0.56674	0.08210	0.03913	0.01815	0.09694	0.01649	0.02141	0.01322	0.01834	0.00996	0.00714	0.00689	0.00225	0.00898	0.00617	0.02743	0.00840
90	0.00850	0.00607	0.00810	0.00972	0.01012	0.00567	0.00648	0.00972	0.01336	0.01781	0.03846	0.75020	0.04615	0.02186	0.00891	0.00283	0.00405	0.01984	0.00648	0.00567
91	0.02895	0.01492	0.01799	0.01387	0.01929	0.01487	0.01143	0.28338	0.05119	0.43325	0.02346	0.02117	0.01537	0.00857	0.00701	0.00214	0.00659	0.00677	0.00795	0.01184
92	0.06100	0.01608	0.01801	0.01412	0.01938	0.03923	0.01156	0.30649	0.07659	0.33117	0.02179	0.02011	0.01464	0.00845	0.00687	0.00214	0.00683	0.00656	0.00748	0.01150

[dist]
# distance from previous block
# <min> <max>
0	4

[block]
# block no. 2 follows, 30 sequences, length 148
# corresponding to MSA columns:
# 233-380
name=unknown_C
#
# <colnr> <probs for GDERKNQSTAVLIFYWHMCP>
#	G	D	E	R	K	N	Q	S	T	A	V	L	I	F	Y	W	H	M	C	P
0	0.01941	0.61958	0.07363	0.01305	0.01911	0.06449	0.01292	0.07401	0.01599	0.01896	0.01048	0.01191	0.00918	0.00626	0.00490	0.00160	0.00792	0.00406	0.00333	0.00922
1	0.71936	0.01415	0.01142	0.00993	0.01438	0.01631	0.00818	0.09321	0.01416	0.03269	0.01048	0.01193	0.00803	0.00668	0.00461	0.00215	0.00565	0.00405	0.00461	0.00803
2	0.01447	0.01240	0.01447	0.01034	0.01654	0.00930	0.00827	0.01757	0.01447	0.02274	0.01240	0.01447	0.01034	0.00517	0.00517	0.00103	0.00517	0.00413	0.00413	0.79742
3	0.01741	0.01550	0.10993	0.01473	0.04833	0.03433	0.03556	0.08555	0.08680	0.14637	0.11867	0.05632	0.12716	0.01146	0.00758	0.00231	0.00645	0.06005	0.00632	0.00916
4	0.01456	0.09507	0.61391	0.01990	0.02962	0.01726	0.07130	0.02202	0.01481	0.02164	0.01240	0.01473	0.00897	0.00652	0.00656	0.00216	0.01018	0.00526	0.00299	0.01014
5	0.02993	0.01409	0.01756	0.01347	0.01892	0.01354	0.01112	0.22254	0.02367	0.52230	0.02442	0.02173	0.01572	0.00856	0.00701	0.00214	0.00644	0.00681	0.00816	0.01187
6	0.00852	0.00676	0.00766	0.00811	0.00976	0.00590	0.00582	0.01029	0.01556	0.01961	0.13597	0.28091	0.42331	0.01859	0.00845	0.00249	0.00367	0.01609	0.00662	0.00590
7	0.05972	0.01588	0.02474	0.19579	0.45681	0.03800	0.01931	0.03907	0.01597	0.04958	0.01337	0.01735	0.01067	0.00659	0.00677	0.00213	0.00839	0.00606	0.00372	0.01008
8	0.00858	0.00622	0.00813	0.00962	0.01022	0.00577	0.00655	0.00990	0.01365	0.01800	0.04092	0.67401	0.09744	0.02145	0.00888	0.00281	0.00409	0.04160	0.00648	0.00571
9	0.01015	0.00677	0.00761	0.00761	0.00761	0.00677	0.00423	0.01015	0.01015	0.01353	0.02199	0.04567	0.02537	0.75476	0.03552	0.00677	0.00677	0.01015	0.00423	0.00423
10	0.04254	0.08211	0.07819	0.09992	0.04858	0.08761	0.06150	0.13485	0.09259	0.02461	0.01660	0.01921	0.02959	0.01163	0.06629	0.00290	0.06049	0.00632	0.02530	0.00917
11	0.02694	0.01520	0.01787	0.01394	0.01903	0.01553	0.01141	0.35636	0.02601	0.32017	0.05145	0.05625	0.01803	0.00938	0.00714	0.00216	0.00660	0.00750	0.00767	0.01135
12	0.00954	0.00712	0.00886	0.00843	0.01022	0.00644	0.00632	0.01252	0.01896	0.02611	0.57668	0.05521	0.19788	0.01497	0.00823	0.00223	0.00334	0.01305	0.00743	0.00644
13	0.01631	0.01340	0.01453	0.01318	0.01674	0.01508	0.01027	0.03228	0.54620	0.04871	0.11762	0.03243	0.04904	0.01066	0.00737	0.00237	0.00522	0.03126	0.00718	0.01017
14	0.01466	0.01407	0.02430	0.47852	0.26267	0.01596	0.05194	0.01921	0.01470	0.01966	0.01272	0.01818	0.00993	0.00668	0.00701	0.00224	0.00909	0.00630	0.00324	0.00890
15	0.01336	0.01252	0.02070	0.70628	0.04675	0.01559	0.01901	0.01867	0.04394	0.01833	0.01310	0.01893	0.00983	0.00709	0.00698	0.00233	0.00914	0.00628	0.00328	0.00790
16	0.00922	0.00689	0.00857	0.00861	0.01014	0.00623	0.00628	0.01173	0.01753	0.02379	0.42348	0.20574	0.20285	0.01665	0.00838	0.00237	0.00351	0.01464	0.00716	0.00623
17	0.01384	0.01305	0.02188	0.56011	0.17113	0.01552	0.01918	0.01819	0.01421	0.01874	0.01338	0.04453	0.01095	0.00752	0.00748	0.00232	0.02970	0.00669	0.00329	0.00830
18	0.01487	0.01443	0.02303	0.50870	0.23895	0.04358	0.01974	0.01926	0.01474	0.01924	0.01255	0.01798	0.00980	0.00677	0.00693	0.00223	0.00914	0.00614	0.00322	0.00872
19	0.00971	0.00663	0.00789	0.00825	0.00851	0.00647	0.00501	0.01032	0.01185	0.01596	0.09016	0.22344	0.03438	0.50130	0.02628	0.00535	0.00576	0.01282	0.00512	0.00481
20	0.10717	0.01685	0.05497	0.01361	0.01914	0.04012	0.01159	0.22695	0.09408	0.18899	0.01854	0.01813	0.01313	0.00768	0.00637	0.00196	0.00670	0.00587	0.00628	0.14188
21	0.01819	0.58610	0.16194	0.01374	0.02038	0.06309	0.01459	0.02149	0.01458	0.01751	0.01028	0.01192	0.00894	0.00616	0.00497	0.00164	0.00827	0.00404	0.00301	0.00916
22	0.01556	0.01285	0.01887	0.05552	0.08083	0.01153	0.10138	0.05886	0.01640	0.06692	0.04438	0.11224	0.04397	0.00877	0.00676	0.00183	0.00649	0.00798	0.00491	0.32397
23	0.02155	0.20867	0.08566	0.01444	0.01993	0.06949	0.01302	0.13562	0.20581	0.12879	0.01894	0.01844	0.01403	0.00786	0.00630	0.00201	0.00736	0.00595	0.00564	0.01049
24	0.01020	0.00710	0.00916	0.00997	0.01138	0.00658	0.00757	0.01235	0.01564	0.04746	0.14009	0.33922	0.16374	0.01889	0.00879	0.00272	0.00449	0.17164	0.00672	0.00626
25	0.01380	0.00830	0.01078	0.00964	0.01202	0.00771	0.00741	0.01778	0.05229	0.14259	0.56183	0.04615	0.05563	0.01310	0.00797	0.00220	0.00384	0.01146	0.00781	0.00768
26	0.08667	0.01261	0.01710	0.01732	0.13529	0.01206	0.01189	0.05555	0.04326	0.38830	0.07627	0.02748	0.02070	0.00925	0.00706	0.00223	0.00619	0.05314	0.00705	0.01057
27	0.01827	0.34844	0.05719	0.01543	0.02031	0.07228	0.10299	0.02112	0.01491	0.07886	0.01473	0.07225	0.01327	0.01059	0.04662	0.00248	0.07118	0.00640	0.00391	0.00875
28	0.02624	0.01940	0.02078	0.01600	0.02153	0.02151	0.01319	0.66763	0.05360	0.04352	0.01712	0.01704	0.01216	0.00841	0.00698	0.00210	0.00761	0.00633	0.00698	0.01184
29	0.01513	0.01362	0.02115	0.44760	0.18065	0.03978	0.01793	0.01919	0.01467	0.04581	0.01421	0.03860	0.01143	0.00759	0.00759	0.00226	0.04130	0.00656	0.04646	0.00848
30	0.01447	0.01240	0.01447	0.01034	0.01654	0.00930	0.00827	0.01757	0.01447	0.02274	0.01240	0.01447	0.01034	0.00517	0.00517	0.00103	0.00517	0.00413	0.00413	0.79742
31	0.01866	0.75896	0.03657	0.01194	0.01791	0.02761	0.01194	0.02090	0.01418	0.01642	0.00970	0.01119	0.00896	0.00597	0.00448	0.00149	0.00746	0.00373	0.00299	0.00896
32	0.01736	0.01499	0.01578	0.01420	0.01815	0.01736	0.01105	0.03708	0.69862	0.02919	0.02840	0.02604	0.02130	0.00947	0.00710	0.00237	0.00552	0.00789	0.00710	0.01105
33	0.05497	0.01183	0.01541	0.01217	0.01711	0.01077	0.00994	0.03217	0.07907	0.57808	0.08068	0.02576	0.02113	0.00908	0.00703	0.00218	0.00567	0.00742	0.00828	0.01124
34	0.03131	0.01188	0.01619	0.01242	0.01781	0.01026	0.01026	0.03401	0.01997	0.71606	0.02753	0.02375	0.01727	0.00864	0.00702	0.00216	0.00594	0.00702	0.00864	0.01188
35	0.00990	0.00711	0.00917	0.00917	0.00994	0.00756	0.00633	0.01117	0.01113	0.01519	0.02478	0.03940	0.08161	0.37667	0.34187	0.00837	0.01181	0.00936	0.00421	0.00527
36	0.02607	0.03326	0.01978	0.01798	0.02157	0.72674	0.01348	0.02787	0.01978	0.01708	0.01079	0.01258	0.00899	0.00719	0.00629	0.00180	0.01258	0.00449	0.00360	0.00809
37	0.06794	0.01299	0.01620	0.01259	0.01788	0.03664	0.01035	0.05589	0.02002	0.63480	0.02570	0.02251	0.01632	0.00847	0.00686	0.00214	0.00621	0.00675	0.00819	0.01153
38	0.01360	0.00796	0.01052	0.00941	0.01171	0.00722	0.00722	0.01679	0.01979	0.14758	0.58935	0.04719	0.05740	0.01329	0.00802	0.00219	0.00375	0.01165	0.00785	0.00750
39	0.00850	0.00607	0.00810	0.00972	0.01012	0.00567	0.00648	0.00972	0.01336	0.01781	0.03846	0.75020	0.04615	0.02186	0.00891	0.00283	0.00405	0.01984	0.00648	0.00567
40	0.02607	0.03326	0.01978	0.01798	0.02157	0.72674	0.01348	0.02787	0.01978	0.01708	0.01079	0.01258	0.00899	0.00719	0.00629	0.00180	0.01258	0.00449	0.00360	0.00809
41	0.03131	0.01188	0.01619	0.01242	0.01781	0.01026	0.01026	0.03401	0.01997	0.71606	0.02753	0.02375	0.01727	0.00864	0.00702	0.00216	0.00594	0.00702	0.00864	0.01188
42	0.01301	0.00650	0.00650	0.00650	0.00813	0.00650	0.00488	0.01626	0.01463	0.02602	0.02276	0.02602	0.01789	0.00813	0.00488	0.00163	0.00325	0.00650	0.79350	0.00650
43	0.03131	0.01188	0.01619	0.01242	0.01781	0.01026	0.01026	0.03401	0.01997	0.71606	0.02753	0.02375	0.01727	0.00864	0.00702	0.00216	0.00594	0.00702	0.00864	0.01188
44	0.02607	0.03326	0.01978	0.01798	0.02157	0.72674	0.01348	0.02787	0.01978	0.01708	0.01079	0.01258	0.00899	0.00719	0.00629	0.00180	0.01258	0.00449	0.00360	0.00809
45	0.00872	0.00629	0.00830	0.00983	0.01045	0.00588	0.00681	0.01013	0.01373	0.01813	0.04014	0.65560	0.08283	0.02141	0.00893	0.00284	0.00422	0.07354	0.00647	0.00574
46	0.80405	0.01350	0.01026	0.00918	0.01350	0.01565	0.00756	0.02051	0.01188	0.03131	0.00972	0.01134	0.00756	0.00648	0.00432	0.00216	0.00540	0.00378	0.00432	0.00756
47	0.01911	0.58334	0.03194	0.01350	0.04683	0.07390	0.01193	0.02116	0.01467	0.05008	0.01181	0.03654	0.01079	0.00751	0.00597	0.03645	0.00761	0.00467	0.00343	0.00876
48	0.10842	0.01399	0.01784	0.04517	0.17073	0.01478	0.01277	0.06589	0.20580	0.13031	0.05729	0.02227	0.01766	0.01026	0.04116	0.00259	0.00694	0.00685	0.00581	0.04347
49	0.04896	0.06148	0.16408	0.02786	0.32084	0.13237	0.01869	0.06041	0.01723	0.02323	0.05027	0.01731	0.01305	0.00702	0.00660	0.00204	0.00893	0.00585	0.00382	0.00998
50	0.01623	0.01350	0.02224	0.26765	0.32497	0.01439	0.01824	0.02028	0.01563	0.08152	0.01771	0.02748	0.01537	0.00864	0.00735	0.00234	0.00814	0.10476	0.00423	0.00933
51	0.01013	0.00684	0.00800	0.00800	0.00813	0.00697	0.00471	0.01040	0.01026	0.01382	0.02163	0.04371	0.02452	0.67956	0.10955	0.00724	0.00804	0.00986	0.00418	0.00444
52	0.01079	0.00742	0.00935	0.01012	0.01106	0.00731	0.00702	0.07653	0.01501	0.02039	0.03348	0.58369	0.03868	0.01997	0.00989	0.06286	0.00451	0.01674	0.04905	0.00612
53	0.01614	0.02214	0.19382	0.03127	0.23909	0.01699	0.33240	0.02201	0.01589	0.02243	0.01345	0.01741	0.01032	0.00616	0.00746	0.00224	0.01038	0.00691	0.00337	0.01012
54	0.00889	0.00636	0.00839	0.00943	0.01013	0.00593	0.00644	0.01059	0.01487	0.02023	0.20475	0.55752	0.05051	0.03945	0.00945	0.00278	0.00393	0.01778	0.00672	0.00586
55	0.01015	0.00677	0.00761	0.00761	0.00761	0.00677	0.00423	0.01015	0.01015	0.01353	0.02199	0.04567	0.02537	0.75476	0.03552	0.00677	0.00677	0.01015	0.00423	0.00423
56	0.04231	0.50465	0.19671	0.01400	0.02076	0.04302	0.01510	0.03875	0.01481	0.01898	0.01082	0.01264	0.00918	0.00744	0.02373	0.00196	0.00851	0.00426	0.00316	0.00922
57	0.01419	0.03476	0.66640	0.02062	0.03069	0.01632	0.07665	0.02212	0.01487	0.02212	0.01265	0.01505	0.00897	0.00657	0.00675	0.00222	0.01042	0.00539	0.00299	0.01024
58	0.01124	0.00803	0.01124	0.01285	0.01446	0.00803	0.01124	0.01446	0.01606	0.02088	0.03695	0.07871	0.04016	0.01928	0.00964	0.00321	0.00643	0.66426	0.00643	0.00643
59	0.01969	0.01679	0.05229	0.03715	0.02101	0.01613	0.03401	0.27191	0.06675	0.04843	0.01533	0.01667	0.01164	0.00739	0.00748	0.00183	0.05759	0.00565	0.00534	0.28693
60	0.01448	0.03273	0.58662	0.02174	0.03142	0.01649	0.15439	0.02215	0.01507	0.02215	0.01283	0.01553	0.00918	0.00648	0.00694	0.00224	0.01060	0.00576	0.00306	0.01014
61	0.01172	0.00810	0.00899	0.00882	0.00918	0.03855	0.00552	0.02895	0.01104	0.01436	0.01929	0.05686	0.02138	0.48068	0.05068	0.20132	0.00714	0.00899	0.00403	0.00441
62	0.41463	0.30087	0.02239	0.01396	0.09235	0.02036	0.01078	0.02076	0.01321	0.02463	0.01009	0.01194	0.00848	0.00625	0.00467	0.00189	0.00651	0.00403	0.00371	0.00848
63	0.01742	0.00819	0.00996	0.00875	0.01146	0.00759	0.00683	0.02053	0.01743	0.22251	0.19555	0.03191	0.02972	0.00981	0.00633	0.00192	0.00403	0.00818	0.37383	0.00805
64	0.01497	0.02882	0.50661	0.01981	0.08200	0.01489	0.02163	0.04981	0.01626	0.05446	0.08062	0.04698	0.01638	0.00807	0.00692	0.00221	0.00893	0.00664	0.00400	0.00998
65	0.01480	0.01260	0.01465	0.01049	0.01668	0.00964	0.00841	0.03616	0.01498	0.02333	0.01252	0.01453	0.01038	0.00526	0.00522	0.00106	0.00524	0.00419	0.00421	0.77563
66	0.01866	0.75896	0.03657	0.01194	0.01791	0.02761	0.01194	0.02090	0.01418	0.01642	0.00970	0.01119	0.00896	0.00597	0.00448	0.00149	0.00746	0.00373	0.00299	0.00896
67	0.01405	0.00878	0.01096	0.00967	0.01224	0.00821	0.00749	0.06904	0.02037	0.12582	0.48361	0.04703	0.12827	0.01339	0.00796	0.00220	0.00404	0.01157	0.00762	0.00767
68	0.00850	0.00607	0.00810	0.00972	0.01012	0.00567	0.00648	0.00972	0.01336	0.01781	0.03846	0.75020	0.04615	0.02186	0.00891	0.00283	0.00405	0.01984	0.00648	0.00567
69	0.01943	0.01602	0.01695	0.01462	0.01894	0.01833	0.01155	0.18434	0.54798	0.03254	0.02577	0.02394	0.01917	0.00922	0.00707	0.00231	0.00601	0.00753	0.00707	0.01123
70	0.00997	0.00748	0.01121	0.01121	0.01246	0.00872	0.00872	0.01246	0.01121	0.01620	0.01869	0.02741	0.01745	0.05234	0.72710	0.01121	0.01869	0.00748	0.00374	0.00623
71	0.02607	0.03326	0.01978	0.01798	0.02157	0.72674	0.01348	0.02787	0.01978	0.01708	0.01079	0.01258	0.00899	0.00719	0.00629	0.00180	0.01258	0.00449	0.00360	0.00809
72	0.01023	0.00781	0.00948	0.00894	0.01092	0.00740	0.00674	0.01468	0.07845	0.02640	0.53050	0.05262	0.18061	0.01448	0.00813	0.00224	0.00353	0.01260	0.00741	0.00685
73	0.01088	0.00781	0.01075	0.01203	0.01362	0.00769	0.01028	0.01398	0.01645	0.02166	0.12740	0.09895	0.06353	0.01865	0.00938	0.00304	0.00584	0.53507	0.00660	0.00640
74	0.00861	0.00719	0.00758	0.00777	0.01004	0.00615	0.00603	0.01056	0.01593	0.01910	0.06658	0.06857	0.62698	0.01787	0.00842	0.00246	0.00389	0.09387	0.00647	0.00596
75	0.01727	0.01658	0.02832	0.04283	0.71123	0.01658	0.02142	0.02142	0.01589	0.02280	0.01313	0.01727	0.01105	0.00622	0.00691	0.00207	0.00829	0.00622	0.00345	0.01105
76	0.00850	0.00607	0.00810	0.00972	0.01012	0.00567	0.00648	0.00972	0.01336	0.01781	0.03846	0.75020	0.04615	0.02186	0.00891	0.00283	0.00405	0.01984	0.00648	0.00567
77	0.01287	0.00649	0.00655	0.00660	0.00819	0.00648	0.00493	0.01606	0.01459	0.02576	0.02325	0.04828	0.01876	0.00855	0.00500	0.00166	0.00328	0.00691	0.76930	0.00648
78	0.07014	0.01110	0.01437	0.01135	0.01606	0.00993	0.00928	0.03019	0.01885	0.56405	0.05378	0.02452	0.01881	0.00869	0.00665	0.00209	0.00546	0.00701	0.10691	0.01075
79	0.07598	0.01285	0.02073	0.61960	0.10337	0.01561	0.01862	0.01836	0.01396	0.01933	0.01225	0.01791	0.00932	0.00687	0.00676	0.00229	0.00891	0.00601	0.00323	0.00803
80	0.08413	0.01089	0.01149	0.01008	0.01316	0.06505	0.00786	0.02007	0.01827	0.20145	0.28785	0.03843	0.12501	0.01162	0.00720	0.00213	0.00491	0.00964	0.06272	0.00804
81	0.23965	0.38061	0.05594	0.04308	0.01902	0.12536	0.01186	0.02173	0.01436	0.02100	0.01010	0.01191	0.00858	0.00636	0.00490	0.00179	0.00783	0.00402	0.00345	0.00845
82	0.01318	0.01240	0.02093	0.73798	0.04806	0.01550	0.01938	0.01783	0.01395	0.01783	0.01240	0.01860	0.00930	0.00698	0.00698	0.00233	0.00930	0.00620	0.00310	0.00775
83	0.01727	0.01658	0.02832	0.04283	0.71123	0.01658	0.02142	0.02142	0.01589	0.02280	0.01313	0.01727	0.01105	0.00622	0.00691	0.00207	0.00829	0.00622	0.00345	0.01105
84	0.01806	0.54988	0.16402	0.01399	0.02046	0.04341	0.01478	0.04083	0.01483	0.01834	0.01045	0.01224	0.00903	0.00646	0.00578	0.00172	0.03919	0.00420	0.00311	0.00922
85	0.00850	0.00607	0.00810	0.00972	0.01012	0.00567	0.00648	0.00972	0.01336	0.01781	0.03846	0.75020	0.04615	0.02186	0.00891	0.00283	0.00405	0.01984	0.00648	0.00567
86	0.00853	0.00629	0.00789	0.00914	0.00988	0.00576	0.00616	0.00979	0.01368	0.01782	0.04363	0.59459	0.16620	0.05320	0.00995	0.00292	0.00407	0.01848	0.00638	0.00565
87	0.01043	0.00719	0.00943	0.00897	0.01063	0.00662	0.00669	0.01352	0.01920	0.04858	0.62775	0.11233	0.06260	0.01476	0.00825	0.00225	0.00344	0.01308	0.00761	0.00667
88	0.01114	0.00750	0.00855	0.00829	0.00875	0.00771	0.00507	0.04740	0.01163	0.01587	0.02149	0.04200	0.02377	0.63405	0.08297	0.00663	0.00754	0.00960	0.03515	0.00488
89	0.00982	0.00709	0.00928	0.00882	0.01041	0.00655	0.00658	0.01302	0.01948	0.02755	0.67927	0.08163	0.06501	0.01459	0.00826	0.00222	0.00332	0.01293	0.00763	0.00655
90	0.00860	0.00613	0.00812	0.00961	0.01004	0.00573	0.00640	0.00984	0.01345	0.01798	0.05883	0.70413	0.04606	0.04682	0.00980	0.00295	0.00412	0.01928	0.00644	0.00565
91	0.01400	0.03610	0.71860	0.01989	0.03020	0.01621	0.02578	0.02210	0.01473	0.02210	0.01252	0.01473	0.00884	0.00663	0.00663	0.00221	0.01031	0.00516	0.00295	0.01031
92	0.01305	0.01201	0.01961	0.63544	0.04326	0.01477	0.01796	0.01818	0.04678	0.01849	0.01554	0.06107	0.01308	0.00839	0.00719	0.00239	0.00872	0.03271	0.00361	0.00774
93	0.00937	0.00730	0.00780	0.00771	0.01008	0.00622	0.00590	0.01136	0.01636	0.04471	0.11678	0.06506	0.59734	0.01717	0.00828	0.00238	0.00376	0.04959	0.00665	0.00619
94	0.00851	0.00643	0.00786	0.00887	0.00993	0.00579	0.00613	0.01001	0.01450	0.01872	0.08724	0.50472	0.24574	0.02016	0.00867	0.00265	0.00385	0.01788	0.00655	0.00579
95	0.01603	0.16752	0.33180	0.05884	0.02888	0.01800	0.17362	0.02178	0.01518	0.05388	0.01407	0.04435	0.01115	0.00704	0.00671	0.00213	0.00959	0.00631	0.00351	0.00960
96	0.01520	0.01419	0.02398	0.09207	0.49313	0.01434	0.03621	0.01891	0.01533	0.02147	0.01832	0.14203	0.01797	0.00943	0.00740	0.00228	0.00768	0.03635	0.00406	0.00965
97	0.60888	0.05194	0.05271	0.05836	0.01755	0.07239	0.01003	0.02102	0.01291	0.02807	0.01013	0.01209	0.00792	0.00655	0.00479	0.00211	0.00660	0.00407	0.00404	0.00783
98	0.00839	0.00707	0.00726	0.00722	0.00951	0.00595	0.00541	0.01028	0.01624	0.01963	0.12524	0.06587	0.65336	0.01738	0.00825	0.00234	0.00351	0.01455	0.00658	0.00595
99	0.01497	0.01458	0.05581	0.05782	0.11338	0.01170	0.03100	0.01957	0.05289	0.02278	0.01345	0.01587	0.01091	0.00575	0.00578	0.00142	0.00631	0.00492	0.00407	0.53701
100	0.00943	0.00681	0.00879	0.00947	0.01045	0.00629	0.00657	0.01113	0.01450	0.01983	0.17257	0.45413	0.04559	0.10301	0.01164	0.00307	0.00438	0.04724	0.00634	0.04877
101	0.01301	0.00650	0.00650	0.00650	0.00813	0.00650	0.00488	0.01626	0.01463	0.02602	0.02276	0.02602	0.01789	0.00813	0.00488	0.00163	0.00325	0.00650	0.79350	0.00650
102	0.01097	0.00785	0.01088	0.01218	0.01376	0.00776	0.01045	0.01414	0.01651	0.02180	0.13213	0.09436	0.04398	0.01864	0.00942	0.00306	0.00591	0.55317	0.00661	0.00643
103	0.01885	0.01573	0.01662	0.01450	0.01871	0.01805	0.01141	0.14301	0.59026	0.03160	0.02651	0.02452	0.01977	0.00929	0.00708	0.00232	0.00587	0.00763	0.00708	0.01118
104	0.01775	0.01519	0.01600	0.01428	0.01830	0.01754	0.01114	0.06499	0.67007	0.02983	0.02790	0.02564	0.02090	0.00942	0.00710	0.00236	0.00562	0.00782	0.00710	0.01108
105	0.00921	0.00648	0.00842	0.00971	0.01019	0.00621	0.00666	0.01044	0.01307	0.01735	0.03488	0.51526	0.04109	0.17177	0.01446	0.00369	0.00493	0.10471	0.00601	0.00547
106	0.01670	0.01817	0.02788	0.02202	0.02473	0.08703	0.24064	0.01971	0.01349	0.01869	0.01098	0.01621	0.00962	0.00961	0.01639	0.00270	0.42721	0.00667	0.00326	0.00827
107	0.02674	0.01920	0.02073	0.01589	0.02147	0.02113	0.01313	0.65877	0.03224	0.07397	0.01723	0.01707	0.01211	0.00839	0.00698	0.00210	0.00760	0.00632	0.00705	0.01187
108	0.00857	0.00612	0.00816	0.00967	0.01014	0.00571	0.00648	0.00988	0.01367	0.01830	0.07049	0.71679	0.04710	0.02150	0.00887	0.00280	0.00401	0.01949	0.00654	0.00571
109	0.00988	0.00713	0.00933	0.00878	0.01043	0.00658	0.00658	0.01317	0.01975	0.02798	0.70754	0.05213	0.06584	0.01427	0.00823	0.00219	0.00329	0.01262	0.00768	0.00658
110	0.03089	0.01255	0.01661	0.01273	0.01815	0.01125	0.01052	0.09124	0.02110	0.65724	0.02659	0.02314	0.01680	0.00861	0.00701	0.00215	0.00609	0.00695	0.00849	0.01188
111	0.03110	0.01221	0.01640	0.01258	0.01798	0.01076	0.01039	0.06265	0.02054	0.68662	0.02706	0.02345	0.01704	0.00863	0.00702	0.00216	0.00601	0.00699	0.00856	0.01188
112	0.00997	0.00748	0.01121	0.01121	0.01246	0.00872	0.00872	0.01246	0.01121	0.01620	0.01869	0.02741	0.01745	0.05234	0.72710	0.01121	0.01869	0.00748	0.00374	0.00623
113	0.00981	0.00713	0.00923	0.00870	0.01038	0.00655	0.00653	0.01303	0.01958	0.02758	0.67965	0.05278	0.09399	0.01442	0.00823	0.00220	0.00330	0.01271	0.00763	0.00655
114	0.67290	0.07433	0.07432	0.01033	0.01531	0.01665	0.00950	0.02068	0.01231	0.02933	0.00996	0.01162	0.00778	0.00645	0.00453	0.00211	0.00599	0.00390	0.00409	0.00791
115	0.01015	0.00677	0.00761	0.00761	0.00761	0.00677	0.00423	0.01015	0.01015	0.01353	0.02199	0.04567	0.02537	0.75476	0.03552	0.00677	0.00677	0.01015	0.00423	0.00423
116	0.63640	0.08440	0.01384	0.01051	0.01489	0.10404	0.00869	0.02145	0.01306	0.02819	0.00985	0.01148	0.00786	0.00652	0.00458	0.00205	0.00647	0.00386	0.00411	0.00775
