[name]
unknown

[dist]
# distance from previous block
# <min> <max>
0	155

[block]
# block no. 0 follows, 28 sequences, length 9
# corresponding to MSA columns:
# 185-193
name=unknown_A
#
# <colnr> <probs for GDERKNQSTAVLIFYWHMCP>
#	G	D	E	R	K	N	Q	S	T	A	V	L	I	F	Y	W	H	M	C	P
0	0.01504	0.09063	0.02133	0.41680	0.03574	0.01627	0.01623	0.04795	0.01556	0.02080	0.01521	0.02327	0.01289	0.00834	0.00765	0.00224	0.04041	0.05878	0.03539	0.09947
1	0.02067	0.01614	0.01819	0.05312	0.02113	0.01662	0.01183	0.32638	0.09486	0.03403	0.01903	0.07716	0.01572	0.00895	0.00690	0.00197	0.00678	0.00723	0.00616	0.23713
2	0.00970	0.00727	0.00915	0.00980	0.01115	0.00646	0.00676	0.01130	0.01449	0.01960	0.07325	0.53024	0.10215	0.05163	0.00995	0.00284	0.00439	0.01747	0.00643	0.09600
3	0.02286	0.09546	0.02197	0.07291	0.02329	0.02138	0.01351	0.36733	0.22074	0.03609	0.01985	0.01982	0.01469	0.00867	0.00703	0.00222	0.00746	0.00674	0.00654	0.01145
4	0.01527	0.01191	0.01452	0.10164	0.01887	0.01314	0.01040	0.16361	0.06573	0.02470	0.02645	0.19394	0.05927	0.16837	0.01507	0.00349	0.05067	0.01116	0.00570	0.02609
5	0.02160	0.01677	0.02121	0.07679	0.09516	0.01726	0.04318	0.29412	0.06423	0.06908	0.01707	0.01897	0.01290	0.02554	0.00765	0.00212	0.00758	0.00639	0.00579	0.17659
6	0.01244	0.01326	0.08848	0.08565	0.06135	0.01128	0.04183	0.01602	0.03063	0.02011	0.02413	0.28294	0.02561	0.04657	0.06801	0.00341	0.04656	0.01166	0.00487	0.10517
7	0.01733	0.01396	0.01628	0.03820	0.01810	0.05200	0.03454	0.08312	0.11841	0.07967	0.06737	0.05879	0.09914	0.04357	0.01075	0.00250	0.09923	0.00876	0.04636	0.09192
8	0.01710	0.01787	0.06038	0.11845	0.02635	0.07475	0.11347	0.10130	0.01721	0.02316	0.04603	0.09471	0.01682	0.01071	0.01218	0.00257	0.20792	0.00830	0.00443	0.02630

[dist]
# distance from previous block
# <min> <max>
30	84

[block]
# block no. 1 follows, 28 sequences, length 9
# corresponding to MSA columns:
# 291-299
name=unknown_B
#
# <colnr> <probs for GDERKNQSTAVLIFYWHMCP>
#	G	D	E	R	K	N	Q	S	T	A	V	L	I	F	Y	W	H	M	C	P
0	0.15374	0.09457	0.04445	0.01279	0.01804	0.01536	0.01109	0.13671	0.02077	0.29773	0.10268	0.02319	0.02027	0.00891	0.00669	0.00217	0.00641	0.00689	0.00697	0.01055
1	0.15155	0.09251	0.10577	0.11994	0.02478	0.11392	0.01462	0.17181	0.01959	0.02753	0.01551	0.08211	0.01340	0.00883	0.00659	0.00221	0.00852	0.00673	0.00474	0.00933
2	0.06392	0.02009	0.07795	0.01500	0.01950	0.14968	0.01261	0.14513	0.16426	0.07907	0.09204	0.08594	0.02281	0.01036	0.00729	0.00228	0.00766	0.00828	0.00625	0.00989
3	0.01886	0.38849	0.26226	0.01765	0.07302	0.02228	0.01789	0.02345	0.01563	0.08073	0.01302	0.01454	0.01022	0.00672	0.00585	0.00191	0.00870	0.00488	0.00366	0.01024
4	0.01424	0.01283	0.04781	0.01556	0.07603	0.06170	0.01153	0.06566	0.01746	0.04510	0.03481	0.27236	0.09371	0.01678	0.00870	0.00275	0.00655	0.18249	0.00617	0.00776
5	0.01751	0.01616	0.02632	0.26134	0.42807	0.01740	0.02084	0.08142	0.01753	0.02412	0.01378	0.01839	0.01101	0.00694	0.00723	0.00225	0.00892	0.00648	0.00382	0.01049
6	0.01869	0.02030	0.02426	0.14024	0.16278	0.18389	0.04957	0.02165	0.01531	0.01928	0.01158	0.01641	0.00999	0.00902	0.01296	0.00251	0.26313	0.00611	0.00343	0.00889
7	0.01136	0.00766	0.00965	0.00980	0.01113	0.00704	0.00677	0.01290	0.01437	0.05224	0.10698	0.33719	0.03934	0.21393	0.01625	0.00379	0.00523	0.04991	0.00614	0.07833
8	0.12591	0.07549	0.11971	0.06813	0.02237	0.07796	0.01380	0.08988	0.04289	0.17580	0.06657	0.02022	0.01622	0.00816	0.00660	0.00213	0.00771	0.00625	0.00563	0.04859

[dist]
# distance from previous block
# <min> <max>
0	5

[block]
# block no. 2 follows, 28 sequences, length 132
# corresponding to MSA columns:
# 305-436
name=unknown_C
#
# <colnr> <probs for GDERKNQSTAVLIFYWHMCP>
#	G	D	E	R	K	N	Q	S	T	A	V	L	I	F	Y	W	H	M	C	P
0	0.01514	0.01290	0.01482	0.01142	0.01703	0.01087	0.00898	0.02123	0.13137	0.02448	0.01781	0.07042	0.01549	0.00744	0.00602	0.00146	0.00536	0.00619	0.00502	0.59657
1	0.02195	0.07450	0.22947	0.01653	0.04365	0.01610	0.01625	0.14669	0.04292	0.21286	0.04317	0.02348	0.06228	0.00889	0.00711	0.00222	0.00783	0.00707	0.00603	0.01100
2	0.00985	0.00712	0.00915	0.00934	0.01063	0.00661	0.00672	0.01234	0.01766	0.02434	0.40775	0.24395	0.09937	0.06905	0.01082	0.00285	0.00402	0.03477	0.00728	0.00637
3	0.01497	0.09443	0.65344	0.02006	0.03044	0.01783	0.02570	0.02292	0.01530	0.02255	0.01281	0.01505	0.00922	0.00685	0.00673	0.00224	0.01051	0.00525	0.00307	0.01063
4	0.01029	0.00743	0.00972	0.00914	0.01086	0.00686	0.00686	0.01372	0.02058	0.02915	0.69536	0.05430	0.06859	0.01486	0.00857	0.00229	0.00343	0.01315	0.00800	0.00686
5	0.07209	0.01518	0.02323	0.24483	0.31844	0.01639	0.01847	0.08021	0.01722	0.02461	0.01636	0.02210	0.03257	0.00784	0.00714	0.00227	0.00835	0.03369	0.00413	0.03487
6	0.01458	0.03760	0.70688	0.02072	0.03146	0.01688	0.02686	0.02302	0.01535	0.02302	0.01304	0.01535	0.00921	0.00691	0.00691	0.00230	0.01074	0.00537	0.00307	0.01074
7	0.00885	0.00636	0.00839	0.01002	0.01052	0.00591	0.00670	0.01013	0.01401	0.01860	0.04130	0.71505	0.07202	0.02261	0.00925	0.00293	0.00420	0.02047	0.00675	0.00591
8	0.01763	0.16903	0.46090	0.01882	0.02779	0.04887	0.04090	0.06969	0.01703	0.04600	0.01330	0.01514	0.00981	0.00698	0.00656	0.00214	0.00998	0.00530	0.00362	0.01052
9	0.01767	0.30199	0.40768	0.01707	0.02575	0.02089	0.02031	0.02343	0.01552	0.06911	0.01305	0.01463	0.00988	0.00680	0.00610	0.00202	0.00931	0.00495	0.00350	0.01033
10	0.00913	0.00669	0.00860	0.00974	0.01065	0.00616	0.00678	0.01085	0.01531	0.02033	0.13879	0.53283	0.13313	0.02098	0.00912	0.00281	0.00412	0.04094	0.00693	0.00610
11	0.01507	0.01292	0.01507	0.01077	0.01723	0.00969	0.00861	0.01830	0.01507	0.02369	0.01292	0.01507	0.01077	0.00538	0.00538	0.00108	0.00538	0.00431	0.00431	0.78898
12	0.01520	0.12793	0.62194	0.01967	0.02983	0.01839	0.02503	0.02286	0.01527	0.02227	0.01267	0.01488	0.00922	0.00682	0.00662	0.00221	0.01037	0.00518	0.00307	0.01056
13	0.01683	0.02438	0.20150	0.02616	0.03357	0.06610	0.42077	0.02288	0.01663	0.02246	0.01497	0.04843	0.01199	0.00732	0.00853	0.00242	0.03372	0.00797	0.00365	0.00972
14	0.01263	0.00631	0.00947	0.00947	0.00947	0.00631	0.00631	0.00947	0.00947	0.01263	0.01263	0.02210	0.01263	0.02525	0.02841	0.78851	0.00631	0.00631	0.00316	0.00316
15	0.01373	0.01292	0.02180	0.72707	0.05006	0.01615	0.02019	0.01857	0.01453	0.01857	0.01292	0.01938	0.00969	0.00727	0.00727	0.00242	0.00969	0.00646	0.00323	0.00807
16	0.01373	0.01292	0.02180	0.72707	0.05006	0.01615	0.02019	0.01857	0.01453	0.01857	0.01292	0.01938	0.00969	0.00727	0.00727	0.00242	0.00969	0.00646	0.00323	0.00807
17	0.02925	0.01776	0.02021	0.01549	0.02125	0.01869	0.01280	0.46718	0.02983	0.25973	0.02110	0.01982	0.01419	0.00881	0.00728	0.00220	0.00741	0.00679	0.00783	0.01236
18	0.01643	0.01567	0.02668	0.29498	0.46106	0.01686	0.02153	0.02094	0.01581	0.02185	0.01340	0.01850	0.01084	0.00677	0.00722	0.00226	0.00902	0.00647	0.00346	0.01025
19	0.00902	0.00645	0.00858	0.01001	0.01058	0.00601	0.00676	0.01053	0.01467	0.01975	0.11422	0.66222	0.05040	0.02188	0.00920	0.00288	0.00413	0.01981	0.00689	0.00601
20	0.03261	0.01237	0.01687	0.01293	0.01856	0.01068	0.01068	0.03543	0.02081	0.70423	0.02868	0.02474	0.01799	0.00900	0.00731	0.00225	0.00619	0.00731	0.00900	0.01237
21	0.01263	0.00631	0.00947	0.00947	0.00947	0.00631	0.00631	0.00947	0.00947	0.01263	0.01263	0.02210	0.01263	0.02525	0.02841	0.78851	0.00631	0.00631	0.00316	0.00316
22	0.00886	0.00633	0.00843	0.01012	0.01054	0.00590	0.00675	0.01012	0.01392	0.01856	0.04006	0.73979	0.04808	0.02277	0.00928	0.00295	0.00422	0.02066	0.00675	0.00590
23	0.01355	0.00678	0.00678	0.00678	0.00847	0.00678	0.00508	0.01694	0.01524	0.02710	0.02371	0.02710	0.01863	0.00847	0.00508	0.00169	0.00339	0.00678	0.78489	0.00678
24	0.01799	0.01727	0.02950	0.04462	0.69919	0.01727	0.02231	0.02231	0.01655	0.02375	0.01367	0.01799	0.01151	0.00648	0.00720	0.00216	0.00864	0.00648	0.00360	0.01151
25	0.01474	0.03646	0.66492	0.02134	0.03187	0.01698	0.06767	0.02304	0.01546	0.02304	0.01315	0.01562	0.00932	0.00686	0.00701	0.00231	0.01084	0.00557	0.00311	0.01068
26	0.00989	0.00669	0.00891	0.01009	0.01087	0.00620	0.00690	0.01151	0.01508	0.04420	0.13022	0.61985	0.04985	0.02119	0.00911	0.00284	0.00418	0.01915	0.00700	0.00626
27	0.01507	0.01292	0.01507	0.01077	0.01723	0.00969	0.00861	0.01830	0.01507	0.02369	0.01292	0.01507	0.01077	0.00538	0.00538	0.00108	0.00538	0.00431	0.00431	0.78898
28	0.03048	0.01376	0.01749	0.01363	0.01912	0.01301	0.01118	0.12106	0.08995	0.54817	0.02727	0.02401	0.01767	0.00905	0.00731	0.00226	0.00638	0.00730	0.00860	0.01228
29	0.01551	0.01552	0.02286	0.01933	0.01992	0.02083	0.06488	0.01742	0.01178	0.01800	0.01206	0.06654	0.01234	0.01292	0.02169	0.00311	0.62636	0.00752	0.00347	0.00795
30	0.01804	0.01766	0.02852	0.09759	0.61917	0.04668	0.02179	0.02230	0.01656	0.02309	0.01351	0.01789	0.01128	0.00658	0.00717	0.00217	0.00891	0.00640	0.00358	0.01111
31	0.10166	0.01406	0.01784	0.06339	0.02136	0.01389	0.04044	0.07841	0.12428	0.32679	0.02262	0.02158	0.01552	0.00823	0.00687	0.00216	0.00662	0.00671	0.00700	0.10057
32	0.42516	0.01252	0.01198	0.01001	0.01456	0.01274	0.00808	0.02040	0.01504	0.08050	0.13101	0.02089	0.01982	0.00801	0.00562	0.00199	0.00523	0.00587	0.00540	0.18516
33	0.01728	0.01474	0.01580	0.01444	0.01827	0.01690	0.01132	0.03585	0.60920	0.02974	0.05963	0.03221	0.02563	0.01081	0.00764	0.00252	0.00572	0.05396	0.00737	0.01096
34	0.01001	0.00765	0.01138	0.01193	0.01306	0.00725	0.05377	0.01198	0.01470	0.01962	0.06329	0.52924	0.04440	0.05203	0.01052	0.00313	0.00526	0.11806	0.00647	0.00627
35	0.01033	0.00783	0.00940	0.00885	0.01092	0.00714	0.00668	0.03395	0.01981	0.02682	0.48644	0.05783	0.25572	0.01573	0.00854	0.00233	0.00365	0.01359	0.00760	0.00682
36	0.01415	0.01335	0.02257	0.65884	0.11496	0.01626	0.02040	0.01895	0.01474	0.01909	0.01300	0.01924	0.00987	0.00719	0.00726	0.00240	0.00958	0.00646	0.00327	0.00842
37	0.00887	0.00708	0.00795	0.00836	0.01015	0.00616	0.00603	0.01074	0.01630	0.02048	0.13915	0.25741	0.43731	0.01921	0.00878	0.00257	0.00380	0.01658	0.00690	0.00616
38	0.00886	0.00633	0.00843	0.01012	0.01054	0.00590	0.00675	0.01012	0.01392	0.01856	0.04006	0.73979	0.04808	0.02277	0.00928	0.00295	0.00422	0.02066	0.00675	0.00590
39	0.02719	0.03365	0.02068	0.01859	0.02248	0.66716	0.01403	0.07396	0.02154	0.01974	0.01167	0.01341	0.00957	0.00758	0.00660	0.00189	0.01275	0.00481	0.00399	0.00870
40	0.03261	0.01237	0.01687	0.01293	0.01856	0.01068	0.01068	0.03543	0.02081	0.70423	0.02868	0.02474	0.01799	0.00900	0.00731	0.00225	0.00619	0.00731	0.00900	0.01237
41	0.01716	0.01961	0.04289	0.03064	0.03799	0.01838	0.67279	0.02328	0.01716	0.02328	0.01471	0.01961	0.01103	0.00613	0.00858	0.00245	0.01225	0.00858	0.00368	0.00980
42	0.01596	0.01520	0.02584	0.36940	0.39027	0.01674	0.02130	0.02053	0.01559	0.02128	0.01331	0.01865	0.01065	0.00685	0.00723	0.00228	0.00914	0.00647	0.00342	0.00988
43	0.01799	0.01727	0.02950	0.04462	0.69919	0.01727	0.02231	0.02231	0.01655	0.02375	0.01367	0.01799	0.01151	0.00648	0.00720	0.00216	0.00864	0.00648	0.00360	0.01151
44	0.01263	0.00631	0.00947	0.00947	0.00947	0.00631	0.00631	0.00947	0.00947	0.01263	0.01263	0.02210	0.01263	0.02525	0.02841	0.78851	0.00631	0.00631	0.00316	0.00316
45	0.01053	0.00760	0.01003	0.01082	0.01225	0.00728	0.00856	0.01323	0.01699	0.02274	0.23263	0.17780	0.09711	0.06624	0.01114	0.00315	0.00514	0.27339	0.00694	0.00642
46	0.04606	0.01456	0.02162	0.55338	0.10387	0.04896	0.01899	0.02093	0.06253	0.02040	0.01398	0.01921	0.01065	0.00737	0.00713	0.00237	0.00931	0.00640	0.00363	0.00864
47	0.01716	0.01961	0.04289	0.03064	0.03799	0.01838	0.67279	0.02328	0.01716	0.02328	0.01471	0.01961	0.01103	0.00613	0.00858	0.00245	0.01225	0.00858	0.00368	0.00980
48	0.01582	0.12517	0.57975	0.01979	0.02969	0.01823	0.04661	0.02325	0.01550	0.04286	0.01321	0.01531	0.00955	0.00686	0.00669	0.00221	0.01029	0.00535	0.00327	0.01058
49	0.01943	0.74891	0.03809	0.01244	0.01866	0.02876	0.01244	0.02177	0.01477	0.01710	0.01011	0.01166	0.00933	0.00622	0.00466	0.00155	0.00777	0.00389	0.00311	0.00933
50	0.12587	0.01218	0.01555	0.01237	0.01750	0.01111	0.01022	0.03179	0.01955	0.55954	0.05559	0.02707	0.02003	0.00949	0.00714	0.00230	0.00602	0.03709	0.00829	0.01131
51	0.01895	0.01567	0.01665	0.01480	0.01902	0.01798	0.01156	0.06147	0.63866	0.05516	0.02912	0.02669	0.02168	0.00979	0.00739	0.00245	0.00585	0.00813	0.00745	0.01157
52	0.01040	0.00771	0.01127	0.01127	0.01243	0.00886	0.00858	0.01272	0.01156	0.01657	0.01984	0.03062	0.01907	0.12943	0.64205	0.01118	0.01812	0.00809	0.00395	0.00626
53	0.00926	0.00713	0.00847	0.00869	0.01037	0.00634	0.00631	0.01153	0.01734	0.02276	0.28733	0.23171	0.31010	0.01823	0.00876	0.00252	0.00373	0.01589	0.00720	0.00634
54	0.02842	0.01204	0.01560	0.01230	0.01737	0.01079	0.01005	0.05736	0.04702	0.54897	0.03317	0.02975	0.09471	0.01007	0.00737	0.00226	0.00585	0.00820	0.03727	0.01142
55	0.01069	0.00802	0.01063	0.01005	0.01160	0.00796	0.00769	0.01391	0.01952	0.02765	0.59679	0.07697	0.06263	0.01521	0.00972	0.00242	0.05423	0.03986	0.00757	0.00689
56	0.01590	0.01590	0.02226	0.01908	0.01908	0.02226	0.01590	0.01749	0.01113	0.01749	0.00954	0.01590	0.00954	0.01272	0.02385	0.00318	0.73123	0.00636	0.00318	0.00795
57	0.01420	0.00762	0.00777	0.00746	0.00929	0.00776	0.00557	0.05661	0.01607	0.02734	0.02327	0.02794	0.01879	0.05969	0.00744	0.00210	0.00392	0.00703	0.68319	0.00695
58	0.01098	0.00803	0.01073	0.01218	0.01366	0.00792	0.00998	0.01431	0.04070	0.02108	0.04086	0.25452	0.08524	0.02031	0.00965	0.00315	0.00580	0.41753	0.00674	0.00662
59	0.01373	0.01292	0.02180	0.72707	0.05006	0.01615	0.02019	0.01857	0.01453	0.01857	0.01292	0.01938	0.00969	0.00727	0.00727	0.00242	0.00969	0.00646	0.00323	0.00807
60	0.00859	0.00736	0.00736	0.00736	0.00982	0.00614	0.00552	0.01043	0.01657	0.01964	0.07364	0.06996	0.69624	0.01841	0.00859	0.00245	0.00368	0.01534	0.00675	0.00614
61	0.01373	0.01292	0.02180	0.72707	0.05006	0.01615	0.02019	0.01857	0.01453	0.01857	0.01292	0.01938	0.00969	0.00727	0.00727	0.00242	0.00969	0.00646	0.00323	0.00807
62	0.01418	0.03542	0.65828	0.01998	0.03001	0.01612	0.02546	0.02212	0.01525	0.02271	0.01492	0.06575	0.01191	0.00801	0.00707	0.00235	0.01029	0.00644	0.00333	0.01041
63	0.02637	0.03334	0.02072	0.01875	0.02224	0.66714	0.01417	0.02822	0.01994	0.01777	0.01112	0.01330	0.00938	0.00785	0.00776	0.00196	0.06307	0.00480	0.00371	0.00839
64	0.01539	0.15639	0.59519	0.01934	0.02932	0.01887	0.02445	0.02281	0.01525	0.02203	0.01255	0.01473	0.00923	0.00679	0.00653	0.00218	0.01025	0.00512	0.00308	0.01051
65	0.02305	0.01496	0.01695	0.01430	0.01896	0.01612	0.01138	0.10864	0.40169	0.22407	0.04933	0.02623	0.02138	0.00965	0.00740	0.00237	0.00605	0.00793	0.00786	0.01170
66	0.41213	0.01321	0.01379	0.01126	0.01632	0.01348	0.00929	0.02844	0.01661	0.37028	0.01945	0.01831	0.01296	0.00788	0.00591	0.00225	0.00591	0.00563	0.00676	0.01013
67	0.01056	0.00710	0.00819	0.00819	0.00828	0.00719	0.00473	0.01074	0.01065	0.01429	0.02266	0.04625	0.02585	0.69653	0.08422	0.00737	0.00791	0.01038	0.00437	0.00455
68	0.01529	0.01405	0.02288	0.58203	0.13910	0.01675	0.02004	0.06476	0.01618	0.02119	0.01334	0.01905	0.01013	0.00726	0.00726	0.00237	0.00942	0.00647	0.00356	0.00886
69	0.01029	0.00743	0.00972	0.00914	0.01086	0.00686	0.00686	0.01372	0.02058	0.02915	0.69536	0.05430	0.06859	0.01486	0.00857	0.00229	0.00343	0.01315	0.00800	0.00686
70	0.01038	0.00779	0.01168	0.01168	0.01298	0.00909	0.00909	0.01298	0.01168	0.01687	0.01947	0.02856	0.01817	0.05452	0.71573	0.01168	0.01947	0.00779	0.00389	0.00649
71	0.01725	0.01652	0.02817	0.16299	0.58660	0.01708	0.02194	0.02166	0.01620	0.02285	0.01354	0.01823	0.01120	0.00661	0.00721	0.00220	0.00882	0.00647	0.00353	0.01092
72	0.01263	0.00631	0.00947	0.00947	0.00947	0.00631	0.00631	0.00947	0.00947	0.01263	0.01263	0.02210	0.01263	0.02525	0.02841	0.78851	0.00631	0.00631	0.00316	0.00316
73	0.01171	0.00837	0.01171	0.01339	0.01506	0.00837	0.01171	0.01506	0.01673	0.02175	0.03849	0.08199	0.04183	0.02008	0.01004	0.00335	0.00669	0.65027	0.00669	0.00669
74	0.01263	0.00971	0.01259	0.04455	0.01673	0.01018	0.01141	0.01892	0.13289	0.02329	0.06661	0.06768	0.08369	0.01740	0.00930	0.00305	0.00631	0.43880	0.00672	0.00756
75	0.01697	0.02014	0.07054	0.02949	0.03696	0.01800	0.62096	0.02309	0.01700	0.02329	0.01457	0.01926	0.01094	0.00613	0.00839	0.00239	0.01194	0.00829	0.00367	0.03795
76	0.01673	0.01874	0.03986	0.10909	0.03877	0.01825	0.57845	0.02257	0.01667	0.02257	0.01434	0.01947	0.01083	0.00646	0.00891	0.00247	0.03440	0.00827	0.00361	0.00955
77	0.01998	0.02206	0.02171	0.01887	0.02031	0.24317	0.01522	0.04895	0.01512	0.01878	0.01042	0.01508	0.00960	0.01089	0.01764	0.00272	0.47180	0.00583	0.00353	0.00829
78	0.01263	0.00631	0.00947	0.00947	0.00947	0.00631	0.00631	0.00947	0.00947	0.01263	0.01263	0.02210	0.01263	0.02525	0.02841	0.78851	0.00631	0.00631	0.00316	0.00316
79	0.01046	0.00750	0.01022	0.01022	0.01101	0.00829	0.00726	0.01204	0.01125	0.01579	0.02081	0.03596	0.02139	0.32314	0.45150	0.00988	0.01463	0.00887	0.00409	0.00568
80	0.01401	0.01337	0.02319	0.62657	0.07109	0.01603	0.06730	0.01888	0.01501	0.01947	0.03714	0.02058	0.01193	0.00742	0.00741	0.00241	0.00962	0.00685	0.00344	0.00828
81	0.01057	0.00705	0.00793	0.00793	0.00793	0.00705	0.00440	0.01057	0.01057	0.01409	0.02290	0.04757	0.02643	0.74454	0.03700	0.00705	0.00705	0.01057	0.00440	0.00440
82	0.01943	0.74891	0.03809	0.01244	0.01866	0.02876	0.01244	0.02177	0.01477	0.01710	0.01011	0.01166	0.00933	0.00622	0.00466	0.00155	0.00777	0.00389	0.00311	0.00933
83	0.01056	0.00708	0.00808	0.00808	0.00813	0.00713	0.00459	0.01067	0.01061	0.01420	0.02277	0.04681	0.02610	0.71718	0.06391	0.00723	0.00754	0.01046	0.00438	0.00449
84	0.18573	0.01312	0.01572	0.01228	0.01774	0.01231	0.01012	0.06118	0.01932	0.49020	0.02330	0.02111	0.01518	0.00828	0.00660	0.00216	0.00610	0.00638	0.00768	0.06549
85	0.00886	0.00633	0.00843	0.01012	0.01054	0.00590	0.00675	0.01012	0.01392	0.01856	0.04006	0.73979	0.04808	0.02277	0.00928	0.00295	0.00422	0.02066	0.00675	0.00590
86	0.03116	0.01267	0.01683	0.01304	0.01849	0.01133	0.01072	0.06024	0.04766	0.63086	0.04860	0.02545	0.01948	0.00920	0.00735	0.00226	0.00616	0.00749	0.00883	0.01217
87	0.01808	0.01561	0.01644	0.01479	0.01890	0.01808	0.01151	0.03863	0.68606	0.03041	0.02959	0.02712	0.02219	0.00986	0.00740	0.00247	0.00575	0.00822	0.00740	0.01151
88	0.01781	0.01709	0.02918	0.07345	0.67177	0.01722	0.02222	0.02215	0.01647	0.02353	0.01364	0.01805	0.01144	0.00651	0.00720	0.00217	0.00868	0.00648	0.00358	0.01137
89	0.00886	0.00633	0.00843	0.01012	0.01054	0.00590	0.00675	0.01012	0.01392	0.01856	0.04006	0.73979	0.04808	0.02277	0.00928	0.00295	0.00422	0.02066	0.00675	0.00590
90	0.03214	0.01248	0.01686	0.01299	0.01857	0.01092	0.01071	0.03553	0.04227	0.68248	0.02871	0.02482	0.01813	0.00902	0.00731	0.00226	0.00617	0.00734	0.00895	0.01234
91	0.01924	0.72075	0.06457	0.01277	0.01916	0.02829	0.01301	0.02182	0.01479	0.01734	0.01022	0.01181	0.00932	0.00625	0.00475	0.00158	0.00789	0.00395	0.00311	0.00938
92	0.01040	0.00771	0.01129	0.01129	0.01246	0.00888	0.00860	0.01273	0.01157	0.01659	0.01983	0.03052	0.01903	0.12584	0.64558	0.01120	0.01819	0.00808	0.00395	0.00627
93	0.01054	0.00762	0.01026	0.01168	0.01287	0.00746	0.00916	0.01349	0.03634	0.02111	0.08461	0.37148	0.04587	0.02060	0.00952	0.00307	0.00533	0.30565	0.00683	0.00650
94	0.79588	0.01406	0.01068	0.00956	0.01406	0.01631	0.00787	0.02137	0.01237	0.03261	0.01012	0.01181	0.00787	0.00675	0.00450	0.00225	0.00562	0.00394	0.00450	0.00787
95	0.01769	0.01697	0.02897	0.09210	0.65403	0.01719	0.02216	0.02205	0.01641	0.02339	0.01362	0.01809	0.01139	0.00653	0.00720	0.00218	0.00871	0.00648	0.00357	0.01127
96	0.01503	0.03749	0.68225	0.02065	0.03114	0.04194	0.02640	0.02324	0.01554	0.02283	0.01298	0.01527	0.00921	0.00693	0.00689	0.00229	0.01083	0.00535	0.00309	0.01066
97	0.01373	0.01292	0.02180	0.72707	0.05006	0.01615	0.02019	0.01857	0.01453	0.01857	0.01292	0.01938	0.00969	0.00727	0.00727	0.00242	0.00969	0.00646	0.00323	0.00807
98	0.01799	0.01727	0.02950	0.04462	0.69919	0.01727	0.02231	0.02231	0.01655	0.02375	0.01367	0.01799	0.01151	0.00648	0.00720	0.00216	0.00864	0.00648	0.00360	0.01151
99	0.01161	0.00895	0.01141	0.01077	0.01098	0.01044	0.00747	0.01235	0.01086	0.01522	0.01967	0.03816	0.02171	0.48725	0.14248	0.00701	0.15485	0.00928	0.00408	0.00545
100	0.02009	0.01296	0.01519	0.01346	0.01703	0.01355	0.01055	0.18515	0.15584	0.15887	0.03009	0.23556	0.02786	0.01389	0.00808	0.00256	0.00601	0.05592	0.00743	0.00992
101	0.01769	0.01697	0.02897	0.09210	0.65403	0.01719	0.02216	0.02205	0.01641	0.02339	0.01362	0.01809	0.01139	0.00653	0.00720	0.00218	0.00871	0.00648	0.00357	0.01127
102	0.01355	0.00678	0.00678	0.00678	0.00847	0.00678	0.00508	0.01694	0.01524	0.02710	0.02371	0.02710	0.01863	0.00847	0.00508	0.00169	0.00339	0.00678	0.78489	0.00678
103	0.01388	0.01322	0.02273	0.69631	0.04953	0.01625	0.04901	0.01878	0.01465	0.01878	0.01300	0.01939	0.00975	0.00722	0.00733	0.00242	0.00980	0.00655	0.00325	0.00815
104	0.01495	0.09185	0.65587	0.02009	0.03048	0.01779	0.02576	0.02292	0.01530	0.02257	0.01282	0.01507	0.00922	0.00685	0.00674	0.00225	0.01052	0.00526	0.00307	0.01063
105	0.00914	0.00739	0.00813	0.00794	0.01016	0.00637	0.00596	0.01150	0.01788	0.02274	0.27648	0.06485	0.49147	0.01725	0.00859	0.00240	0.00360	0.01462	0.00716	0.00637
106	0.01057	0.00705	0.00793	0.00793	0.00793	0.00705	0.00440	0.01057	0.01057	0.01409	0.02290	0.04757	0.02643	0.74454	0.03700	0.00705	0.00705	0.01057	0.00440	0.00440
107	0.01927	0.72521	0.06037	0.01271	0.01908	0.02837	0.01292	0.02181	0.01479	0.01730	0.01020	0.01178	0.00932	0.00624	0.00474	0.00158	0.00787	0.00394	0.00311	0.00938
108	0.01971	0.72405	0.03754	0.01258	0.01879	0.02855	0.01248	0.04406	0.01543	0.01808	0.01036	0.01186	0.00943	0.00630	0.00475	0.00158	0.00778	0.00398	0.00325	0.00943
109	0.00866	0.00737	0.00746	0.00743	0.00986	0.00617	0.00558	0.01056	0.01673	0.02001	0.09825	0.06934	0.67140	0.01827	0.00859	0.00245	0.00367	0.01525	0.00680	0.00617
110	0.00890	0.00732	0.00787	0.00814	0.01029	0.00629	0.00613	0.01085	0.01647	0.02008	0.09454	0.14110	0.55631	0.01883	0.00876	0.00256	0.00393	0.05863	0.00680	0.00618
111	0.02616	0.03294	0.02212	0.02080	0.06364	0.64281	0.04364	0.02837	0.02021	0.01839	0.01154	0.01369	0.00957	0.00737	0.00668	0.00192	0.01280	0.00496	0.00373	0.00867
112	0.01710	0.01944	0.04193	0.03010	0.03711	0.01856	0.64220	0.02301	0.01688	0.02301	0.01447	0.01944	0.01096	0.00643	0.00929	0.00248	0.04575	0.00848	0.00365	0.00972
113	0.79588	0.01406	0.01068	0.00956	0.01406	0.01631	0.00787	0.02137	0.01237	0.03261	0.01012	0.01181	0.00787	0.00675	0.00450	0.00225	0.00562	0.00394	0.00450	0.00787
114	0.01276	0.01138	0.01858	0.55752	0.04064	0.01376	0.01695	0.01685	0.01444	0.01891	0.01869	0.16136	0.01759	0.01036	0.00758	0.00250	0.00836	0.00927	0.03491	0.00760
115	0.01014	0.00742	0.00951	0.00899	0.01077	0.00679	0.00674	0.01342	0.02022	0.02830	0.63957	0.05570	0.12491	0.01518	0.00857	0.00230	0.00345	0.01334	0.00789	0.00679
116	0.01507	0.01292	0.01507	0.01077	0.01723	0.00969	0.00861	0.01830	0.01507	0.02369	0.01292	0.01507	0.01077	0.00538	0.00538	0.00108	0.00538	0.00431	0.00431	0.78898
117	0.02480	0.01824	0.01921	0.03726	0.02113	0.04914	0.01253	0.46580	0.05978	0.06908	0.01874	0.01922	0.01358	0.00855	0.00692	0.00210	0.00743	0.00653	0.10358	0.03639
118	0.01458	0.03760	0.70688	0.02072	0.03146	0.01688	0.02686	0.02302	0.01535	0.02302	0.01304	0.01535	0.00921	0.00691	0.00691	0.00230	0.01074	0.00537	0.00307	0.01074
119	0.02635	0.01942	0.02104	0.01639	0.02187	0.02149	0.01353	0.62433	0.03261	0.04374	0.01818	0.01991	0.01352	0.01120	0.04036	0.00266	0.00849	0.02591	0.00710	0.01192
120	0.01808	0.01561	0.01644	0.01479	0.01890	0.01808	0.01151	0.03863	0.68606	0.03041	0.02959	0.02712	0.02219	0.00986	0.00740	0.00247	0.00575	0.00822	0.00740	0.01151
121	0.01057	0.00705	0.00793	0.00793	0.00793	0.00705	0.00440	0.01057	0.01057	0.01409	0.02290	0.04757	0.02643	0.74454	0.03700	0.00705	0.00705	0.01057	0.00440	0.00440
122	0.01590	0.01590	0.02226	0.01908	0.01908	0.02226	0.01590	0.01749	0.01113	0.01749	0.00954	0.01590	0.00954	0.01272	0.02385	0.00318	0.73123	0.00636	0.00318	0.00795
123	0.00865	0.00737	0.00745	0.00743	0.00986	0.00616	0.00557	0.01055	0.01671	0.01998	0.09594	0.06939	0.67372	0.01828	0.00859	0.00245	0.00367	0.01526	0.00680	0.00616
124	0.00886	0.00633	0.00843	0.01012	0.01054	0.00590	0.00675	0.01012	0.01392	0.01856	0.04006	0.73979	0.04808	0.02277	0.00928	0.00295	0.00422	0.02066	0.00675	0.00590
125	0.00959	0.00775	0.00857	0.00830	0.01058	0.00691	0.00624	0.01280	0.04751	0.02336	0.28419	0.06271	0.45195	0.01682	0.00853	0.00240	0.00369	0.01428	0.00721	0.00662
126	0.00979	0.00741	0.00902	0.00862	0.01055	0.00665	0.00646	0.01275	0.01939	0.02634	0.51159	0.05893	0.25412	0.01591	0.00858	0.00234	0.00350	0.01379	0.00763	0.00665
127	0.03238	0.01274	0.01710	0.01311	0.01874	0.01124	0.01083	0.06521	0.02143	0.67356	0.02815	0.02440	0.01773	0.00898	0.00731	0.00225	0.00627	0.00727	0.00892	0.01237
128	0.01038	0.00779	0.01168	0.01168	0.01298	0.00909	0.00909	0.01298	0.01168	0.01687	0.01947	0.02856	0.01817	0.05452	0.71573	0.01168	0.01947	0.00779	0.00389	0.00649
129	0.00886	0.00633	0.00843	0.01012	0.01054	0.00590	0.00675	0.01012	0.01392	0.01856	0.04006	0.73979	0.04808	0.02277	0.00928	0.00295	0.00422	0.02066	0.00675	0.00590
130	0.02763	0.02036	0.02182	0.01672	0.02254	0.02254	0.01382	0.67496	0.03418	0.04581	0.01745	0.01745	0.01236	0.00873	0.00727	0.00218	0.00800	0.00654	0.00727	0.01236
131	0.02936	0.01702	0.01968	0.01515	0.02084	0.01766	0.01250	0.40061	0.04707	0.30948	0.02229	0.02065	0.01490	0.00887	0.00729	0.00222	0.00721	0.00690	0.00797	0.01234

[dist]
# distance from previous block
# <min> <max>
1	3

[block]
# block no. 3 follows, 28 sequences, length 164
# corresponding to MSA columns:
# 440-603
name=unknown_D
#
# <colnr> <probs for GDERKNQSTAVLIFYWHMCP>
#	G	D	E	R	K	N	Q	S	T	A	V	L	I	F	Y	W	H	M	C	P
0	0.01653	0.02283	0.20716	0.05666	0.03229	0.01685	0.31868	0.05702	0.01699	0.02411	0.01392	0.01757	0.01049	0.00658	0.00792	0.00220	0.02942	0.00681	0.00378	0.13218
1	0.58702	0.06010	0.01469	0.01124	0.01612	0.01838	0.00940	0.15889	0.01710	0.03445	0.01166	0.01299	0.00891	0.00713	0.00509	0.00219	0.00625	0.00448	0.00500	0.00891
2	0.01318	0.00785	0.02961	0.00752	0.00950	0.00711	0.00600	0.01673	0.01591	0.02722	0.10708	0.03011	0.02456	0.00922	0.00558	0.00179	0.00363	0.00752	0.66297	0.00691
3	0.00890	0.00645	0.00831	0.00977	0.01037	0.00597	0.00654	0.01017	0.01405	0.01849	0.04265	0.64888	0.10977	0.04978	0.01027	0.00306	0.00427	0.01977	0.00666	0.00587
4	0.01689	0.34474	0.37572	0.01858	0.06654	0.02206	0.02033	0.02243	0.01517	0.02050	0.01181	0.01391	0.00940	0.00658	0.00595	0.00197	0.00933	0.00480	0.00312	0.01018
5	0.01469	0.03680	0.67754	0.02116	0.03175	0.01695	0.05539	0.02303	0.01543	0.02303	0.01312	0.01554	0.00929	0.00687	0.00698	0.00231	0.01081	0.00551	0.00310	0.01070
6	0.03261	0.01237	0.01687	0.01293	0.01856	0.01068	0.01068	0.03543	0.02081	0.70423	0.02868	0.02474	0.01799	0.00900	0.00731	0.00225	0.00619	0.00731	0.00900	0.01237
7	0.01401	0.00737	0.00747	0.00726	0.00905	0.00746	0.00542	0.04481	0.01583	0.02729	0.02341	0.02765	0.01873	0.04309	0.00668	0.00197	0.00376	0.00694	0.71490	0.00690
8	0.22284	0.06274	0.01898	0.03650	0.02035	0.06159	0.01199	0.30026	0.10520	0.06722	0.01662	0.01698	0.01223	0.00810	0.00638	0.00219	0.00737	0.00584	0.00607	0.01055
9	0.00944	0.00775	0.00837	0.00815	0.01049	0.00685	0.00613	0.01252	0.04717	0.02254	0.23046	0.06406	0.50618	0.01713	0.00853	0.00241	0.00371	0.01447	0.00710	0.00656
10	0.01039	0.00776	0.01154	0.01154	0.01278	0.00901	0.00890	0.01289	0.01164	0.01677	0.01960	0.02930	0.01849	0.08135	0.68933	0.01150	0.01899	0.00790	0.00391	0.00641
11	0.02672	0.03392	0.02066	0.01874	0.02234	0.68840	0.01412	0.02858	0.02023	0.01778	0.01117	0.01322	0.00937	0.00769	0.00723	0.00192	0.04104	0.00475	0.00372	0.00841
12	0.01391	0.01328	0.02293	0.68971	0.04942	0.01627	0.05520	0.01883	0.01468	0.01883	0.01302	0.01939	0.00976	0.00721	0.00734	0.00242	0.00983	0.00657	0.00325	0.00817
13	0.01171	0.00837	0.01171	0.01339	0.01506	0.00837	0.01171	0.01506	0.01673	0.02175	0.03849	0.08199	0.04183	0.02008	0.01004	0.00335	0.00669	0.65027	0.00669	0.00669
14	0.00886	0.00737	0.00773	0.00764	0.00998	0.00625	0.00573	0.01095	0.01720	0.02113	0.17108	0.06750	0.59787	0.01785	0.00859	0.00243	0.00364	0.01500	0.00695	0.00625
15	0.01682	0.01860	0.03730	0.02750	0.03286	0.01944	0.49463	0.02171	0.01552	0.02171	0.01331	0.01860	0.01063	0.00792	0.01272	0.00265	0.20726	0.00798	0.00354	0.00930
16	0.00886	0.00633	0.00843	0.01012	0.01054	0.00590	0.00675	0.01012	0.01392	0.01856	0.04006	0.73979	0.04808	0.02277	0.00928	0.00295	0.00422	0.02066	0.00675	0.00590
17	0.79588	0.01406	0.01068	0.00956	0.01406	0.01631	0.00787	0.02137	0.01237	0.03261	0.01012	0.01181	0.00787	0.00675	0.00450	0.00225	0.00562	0.00394	0.00450	0.00787
18	0.74944	0.01395	0.01106	0.00976	0.01433	0.01596	0.00804	0.02222	0.01288	0.07348	0.01125	0.01260	0.00849	0.00688	0.00467	0.00225	0.00566	0.00414	0.00477	0.00815
19	0.01038	0.00779	0.01168	0.01168	0.01298	0.00909	0.00909	0.01298	0.01168	0.01687	0.01947	0.02856	0.01817	0.05452	0.71573	0.01168	0.01947	0.00779	0.00389	0.00649
20	0.01763	0.01809	0.03470	0.10417	0.29123	0.01793	0.32862	0.05309	0.01747	0.02405	0.01426	0.01887	0.01114	0.00650	0.00786	0.00232	0.01042	0.00747	0.00377	0.01041
21	0.01507	0.01292	0.01507	0.01077	0.01723	0.00969	0.00861	0.01830	0.01507	0.02369	0.01292	0.01507	0.01077	0.00538	0.00538	0.00108	0.00538	0.00431	0.00431	0.78898
22	0.01373	0.01292	0.02180	0.72707	0.05006	0.01615	0.02019	0.01857	0.01453	0.01857	0.01292	0.01938	0.00969	0.00727	0.00727	0.00242	0.00969	0.00646	0.00323	0.00807
23	0.00905	0.00654	0.00865	0.01014	0.01076	0.00602	0.00681	0.01038	0.01395	0.01872	0.03920	0.71677	0.04689	0.02222	0.00915	0.00289	0.00425	0.02015	0.00667	0.03078
24	0.02756	0.02260	0.02162	0.01704	0.02253	0.13113	0.01385	0.57372	0.03205	0.04142	0.01648	0.01677	0.01189	0.00853	0.00716	0.00213	0.00880	0.00625	0.00672	0.01175
25	0.00886	0.00633	0.00843	0.01012	0.01054	0.00590	0.00675	0.01012	0.01392	0.01856	0.04006	0.73979	0.04808	0.02277	0.00928	0.00295	0.00422	0.02066	0.00675	0.00590
26	0.01590	0.01590	0.02226	0.01908	0.01908	0.02226	0.01590	0.01749	0.01113	0.01749	0.00954	0.01590	0.00954	0.01272	0.02385	0.00318	0.73123	0.00636	0.00318	0.00795
27	0.02689	0.03350	0.02093	0.01944	0.04341	0.66410	0.01429	0.05647	0.02106	0.01917	0.01158	0.01345	0.00956	0.00751	0.00660	0.00189	0.01275	0.00482	0.00389	0.00869
28	0.02794	0.01987	0.02151	0.01649	0.02230	0.02182	0.01363	0.63604	0.03336	0.08587	0.01814	0.01790	0.01270	0.00874	0.00727	0.00219	0.00789	0.00659	0.00738	0.01236
29	0.00886	0.00633	0.00843	0.01012	0.01054	0.00590	0.00675	0.01012	0.01392	0.01856	0.04006	0.73979	0.04808	0.02277	0.00928	0.00295	0.00422	0.02066	0.00675	0.00590
30	0.01057	0.00705	0.00793	0.00793	0.00793	0.00705	0.00440	0.01057	0.01057	0.01409	0.02290	0.04757	0.02643	0.74454	0.03700	0.00705	0.00705	0.01057	0.00440	0.00440
31	0.01570	0.01493	0.02536	0.41211	0.34965	0.01667	0.02117	0.02030	0.01547	0.02096	0.01327	0.01874	0.01053	0.00690	0.00723	0.00230	0.00920	0.00647	0.00340	0.00966
32	0.03261	0.01237	0.01687	0.01293	0.01856	0.01068	0.01068	0.03543	0.02081	0.70423	0.02868	0.02474	0.01799	0.00900	0.00731	0.00225	0.00619	0.00731	0.00900	0.01237
33	0.00882	0.00646	0.00830	0.00977	0.01045	0.00593	0.00659	0.01016	0.01426	0.01870	0.04439	0.65356	0.13152	0.02221	0.00919	0.00289	0.00415	0.01998	0.00675	0.00593
34	0.00977	0.00706	0.00925	0.00963	0.01089	0.00655	0.00698	0.01235	0.01784	0.02463	0.40633	0.30754	0.08056	0.01810	0.00890	0.00258	0.00387	0.04325	0.00744	0.00648
35	0.19260	0.01871	0.01849	0.01493	0.02011	0.04381	0.01216	0.40876	0.13428	0.03952	0.01761	0.01764	0.01287	0.00844	0.00667	0.00223	0.00729	0.00619	0.00657	0.01112
36	0.04756	0.01890	0.02808	0.10380	0.48475	0.09690	0.07012	0.02276	0.01671	0.02287	0.01327	0.01746	0.01092	0.00665	0.00713	0.00218	0.00941	0.00634	0.00362	0.01057
37	0.01709	0.01487	0.02113	0.03954	0.04426	0.01308	0.12356	0.06747	0.05743	0.04647	0.01506	0.01728	0.01182	0.00623	0.00636	0.00159	0.00704	0.00566	0.00468	0.47937
38	0.59115	0.01555	0.04582	0.01150	0.01666	0.01602	0.03157	0.06139	0.01466	0.07294	0.01216	0.01357	0.00911	0.00690	0.00514	0.00218	0.00625	0.00454	0.00483	0.05806
39	0.38424	0.11343	0.01674	0.01159	0.01631	0.04204	0.00971	0.12266	0.03860	0.07671	0.04221	0.01987	0.06290	0.00841	0.00575	0.00216	0.00636	0.00589	0.00540	0.00903
40	0.01948	0.01607	0.05766	0.01384	0.01824	0.01554	0.01148	0.35408	0.02465	0.03331	0.04613	0.15523	0.06510	0.06648	0.00981	0.00263	0.00679	0.00995	0.00648	0.06705
41	0.02460	0.01661	0.01844	0.01467	0.01949	0.01782	0.01190	0.46408	0.02890	0.11539	0.06245	0.08979	0.02015	0.01045	0.00743	0.00224	0.00691	0.00839	0.04917	0.01111
42	0.01957	0.01915	0.02809	0.04010	0.58501	0.08410	0.02090	0.07095	0.01823	0.02480	0.01372	0.01749	0.01137	0.00674	0.00714	0.00213	0.00901	0.00631	0.00388	0.01128
43	0.01696	0.13975	0.02719	0.01896	0.02181	0.04213	0.13411	0.01967	0.01352	0.04108	0.01246	0.01760	0.01109	0.01519	0.10041	0.00373	0.34577	0.00650	0.00355	0.00851
44	0.01317	0.06544	0.01706	0.01378	0.01548	0.04412	0.05226	0.01529	0.01236	0.01693	0.01711	0.02750	0.01679	0.16711	0.34664	0.00765	0.13296	0.00770	0.00379	0.00685
45	0.00896	0.00640	0.00853	0.01005	0.01057	0.00597	0.00676	0.01038	0.01439	0.01931	0.08687	0.69083	0.04954	0.02221	0.00923	0.00290	0.00416	0.02013	0.00684	0.00597
46	0.01826	0.01817	0.02876	0.06733	0.58037	0.05997	0.04209	0.02238	0.01649	0.02288	0.01333	0.01770	0.01121	0.00685	0.00799	0.00221	0.04304	0.00643	0.00358	0.01097
47	0.01716	0.01961	0.04289	0.03064	0.03799	0.01838	0.67279	0.02328	0.01716	0.02328	0.01471	0.01961	0.01103	0.00613	0.00858	0.00245	0.01225	0.00858	0.00368	0.00980
48	0.03261	0.01237	0.01687	0.01293	0.01856	0.01068	0.01068	0.03543	0.02081	0.70423	0.02868	0.02474	0.01799	0.00900	0.00731	0.00225	0.00619	0.00731	0.00900	0.01237
49	0.01458	0.03760	0.70688	0.02072	0.03146	0.01688	0.02686	0.02302	0.01535	0.02302	0.01304	0.01535	0.00921	0.00691	0.00691	0.00230	0.01074	0.00537	0.00307	0.01074
50	0.01056	0.00710	0.00819	0.00819	0.00828	0.00719	0.00473	0.01074	0.01065	0.01429	0.02266	0.04624	0.02585	0.69626	0.08449	0.00737	0.00792	0.01038	0.00437	0.00455
51	0.00876	0.00737	0.00759	0.00754	0.00992	0.00621	0.00565	0.01075	0.01696	0.02057	0.13445	0.06842	0.63485	0.01806	0.00859	0.00244	0.00366	0.01513	0.00687	0.00621
52	0.01050	0.00731	0.00925	0.00925	0.00971	0.00777	0.00606	0.01142	0.01096	0.01508	0.02169	0.04085	0.02351	0.50082	0.27673	0.00868	0.01144	0.00959	0.00422	0.00514
53	0.01610	0.01648	0.02550	0.02089	0.02205	0.02166	0.11886	0.01840	0.01208	0.01840	0.01035	0.01648	0.00978	0.01169	0.02146	0.00307	0.61855	0.00671	0.00326	0.00824
54	0.02537	0.03178	0.02181	0.04686	0.02404	0.60689	0.04539	0.02754	0.01954	0.01806	0.01135	0.01385	0.00947	0.00778	0.00789	0.00201	0.06318	0.00505	0.00368	0.00844
55	0.00933	0.00668	0.00892	0.01022	0.01097	0.00627	0.00717	0.01113	0.01527	0.02061	0.15051	0.57025	0.05103	0.02122	0.00922	0.00287	0.00429	0.07097	0.00695	0.00613
56	0.01277	0.01139	0.05339	0.01149	0.01426	0.01039	0.00933	0.04826	0.16001	0.02842	0.40012	0.13273	0.05014	0.01408	0.00826	0.00241	0.00466	0.01232	0.00738	0.00819
57	0.01928	0.01610	0.01700	0.01486	0.01919	0.01841	0.01168	0.13748	0.56299	0.03249	0.02906	0.02694	0.04169	0.00995	0.00741	0.00242	0.00604	0.00818	0.00736	0.01147
58	0.02154	0.01647	0.01778	0.01473	0.01899	0.01864	0.01181	0.32324	0.25284	0.03584	0.02209	0.02272	0.01674	0.03069	0.00880	0.00241	0.04544	0.00725	0.10105	0.01093
59	0.74115	0.01398	0.01146	0.05976	0.01658	0.01630	0.00873	0.02117	0.01252	0.03163	0.01032	0.01234	0.00800	0.00678	0.00469	0.00226	0.00591	0.00411	0.00441	0.00789
60	0.00904	0.00640	0.00838	0.00988	0.01026	0.00603	0.00649	0.01017	0.01355	0.01807	0.03818	0.66398	0.04571	0.10182	0.01231	0.00340	0.00453	0.01956	0.00649	0.00574
61	0.01602	0.13668	0.52150	0.02188	0.09657	0.04103	0.02394	0.02296	0.01555	0.02208	0.01263	0.01502	0.00946	0.00678	0.00660	0.00217	0.01018	0.00525	0.00315	0.01054
62	0.00917	0.00733	0.00823	0.00826	0.01033	0.00639	0.00619	0.01145	0.01744	0.02218	0.23672	0.11865	0.45491	0.01786	0.00869	0.00248	0.00376	0.03655	0.00708	0.00633
63	0.01640	0.01736	0.03040	0.02364	0.02654	0.02073	0.27491	0.01978	0.01351	0.01978	0.01158	0.01736	0.01013	0.01012	0.01783	0.00289	0.44775	0.00724	0.00338	0.00868
64	0.01883	0.06462	0.05836	0.07928	0.50379	0.10614	0.02074	0.02293	0.01678	0.02225	0.01307	0.01695	0.01090	0.00666	0.00695	0.00211	0.00930	0.00604	0.00354	0.01075
65	0.01923	0.70426	0.06001	0.01278	0.01909	0.02806	0.01290	0.02228	0.03374	0.01768	0.01075	0.01222	0.00969	0.00634	0.00482	0.00161	0.00782	0.00406	0.00323	0.00944
66	0.00870	0.00737	0.00752	0.00748	0.00989	0.00618	0.00561	0.01064	0.01683	0.02025	0.11382	0.06894	0.65568	0.01818	0.00859	0.00244	0.00367	0.01520	0.00683	0.00618
67	0.01041	0.00767	0.01109	0.01109	0.01219	0.00877	0.00835	0.01260	0.01151	0.01644	0.02001	0.03154	0.01947	0.16267	0.60935	0.01096	0.01752	0.00822	0.00397	0.00616
68	0.41966	0.01555	0.01505	0.04382	0.01855	0.01749	0.01048	0.20377	0.06596	0.08238	0.03426	0.01687	0.01261	0.00792	0.00590	0.00225	0.00645	0.00556	0.00582	0.00966
69	0.79588	0.01406	0.01068	0.00956	0.01406	0.01631	0.00787	0.02137	0.01237	0.03261	0.01012	0.01181	0.00787	0.00675	0.00450	0.00225	0.00562	0.00394	0.00450	0.00787
70	0.00886	0.00633	0.00843	0.01012	0.01054	0.00590	0.00675	0.01012	0.01392	0.01856	0.04006	0.73979	0.04808	0.02277	0.00928	0.00295	0.00422	0.02066	0.00675	0.00590
71	0.00862	0.00727	0.00746	0.00762	0.00989	0.00612	0.00564	0.01040	0.01632	0.01954	0.07055	0.13161	0.63658	0.01881	0.00865	0.00250	0.00373	0.01583	0.00675	0.00612
72	0.01263	0.00631	0.00947	0.00947	0.00947	0.00631	0.00631	0.00947	0.00947	0.01263	0.01263	0.02210	0.01263	0.02525	0.02841	0.78851	0.00631	0.00631	0.00316	0.00316
73	0.00886	0.00633	0.00843	0.01012	0.01054	0.00590	0.00675	0.01012	0.01392	0.01856	0.04006	0.73979	0.04808	0.02277	0.00928	0.00295	0.00422	0.02066	0.00675	0.00590
74	0.01559	0.01548	0.02165	0.01869	0.01871	0.02154	0.01550	0.01717	0.01126	0.01754	0.01089	0.04788	0.01124	0.01317	0.02321	0.00317	0.69912	0.00699	0.00334	0.00786
75	0.02763	0.02036	0.02182	0.01672	0.02254	0.02254	0.01382	0.67496	0.03418	0.04581	0.01745	0.01745	0.01236	0.00873	0.00727	0.00218	0.00800	0.00654	0.00727	0.01236
76	0.01152	0.00833	0.01167	0.01138	0.01263	0.00983	0.00891	0.01418	0.01234	0.01898	0.01941	0.02711	0.01748	0.04149	0.51048	0.00891	0.08116	0.00746	0.16006	0.00668
77	0.01716	0.01961	0.04289	0.03064	0.03799	0.01838	0.67279	0.02328	0.01716	0.02328	0.01471	0.01961	0.01103	0.00613	0.00858	0.00245	0.01225	0.00858	0.00368	0.00980
78	0.01927	0.72552	0.06009	0.01271	0.01908	0.02837	0.01291	0.02181	0.01479	0.01730	0.01020	0.01178	0.00932	0.00624	0.00474	0.00158	0.00787	0.00394	0.00311	0.00937
79	0.01689	0.04134	0.11129	0.01570	0.05081	0.08168	0.01318	0.09523	0.19618	0.02706	0.11928	0.05634	0.10218	0.01124	0.00758	0.00233	0.00701	0.02903	0.00609	0.00955
80	0.00943	0.00740	0.00853	0.00824	0.01033	0.00649	0.00618	0.01205	0.01855	0.02433	0.38057	0.06223	0.38638	0.01666	0.00858	0.00237	0.00356	0.01426	0.00737	0.00649
81	0.01943	0.74891	0.03809	0.01244	0.01866	0.02876	0.01244	0.02177	0.01477	0.01710	0.01011	0.01166	0.00933	0.00622	0.00466	0.00155	0.00777	0.00389	0.00311	0.00933
82	0.04446	0.01409	0.02211	0.07333	0.41138	0.01429	0.01735	0.01984	0.03840	0.02312	0.02606	0.03524	0.10939	0.01040	0.00774	0.00241	0.00751	0.10855	0.00465	0.00969
83	0.06124	0.10602	0.57418	0.01882	0.02842	0.01768	0.02358	0.02247	0.01530	0.02322	0.03681	0.01615	0.01125	0.00711	0.00660	0.00222	0.00988	0.00541	0.00333	0.01029
84	0.01373	0.01292	0.02180	0.72707	0.05006	0.01615	0.02019	0.01857	0.01453	0.01857	0.01292	0.01938	0.00969	0.00727	0.00727	0.00242	0.00969	0.00646	0.00323	0.00807
85	0.00898	0.00749	0.00791	0.00812	0.01047	0.00642	0.00630	0.01101	0.01659	0.01990	0.06924	0.07146	0.61435	0.01862	0.00877	0.00257	0.00406	0.09480	0.00674	0.00621
86	0.05538	0.01787	0.05432	0.01609	0.05998	0.13126	0.01249	0.05054	0.09259	0.31968	0.05225	0.06617	0.01956	0.00957	0.00723	0.00225	0.00750	0.00772	0.00688	0.01067
87	0.02298	0.01784	0.09151	0.01484	0.01994	0.01643	0.01295	0.34827	0.02514	0.14375	0.04353	0.07016	0.01869	0.08041	0.03712	0.00308	0.00795	0.00811	0.00669	0.01061
88	0.00885	0.00636	0.00840	0.01002	0.01052	0.00591	0.00670	0.01013	0.01401	0.01859	0.04126	0.71601	0.07109	0.02262	0.00925	0.00293	0.00420	0.02048	0.00675	0.00591
