[name]
unknown

[dist]
# distance from previous block
# <min> <max>
0	3

[block]
# block no. 0 follows, 29 sequences, length 14
# corresponding to MSA columns:
# 3-16
name=unknown_A
#
# <colnr> <probs for GDERKNQSTAVLIFYWHMCP>
#	G	D	E	R	K	N	Q	S	T	A	V	L	I	F	Y	W	H	M	C	P
0	0.01147	0.00820	0.01147	0.01311	0.01475	0.00820	0.01147	0.01475	0.01639	0.02131	0.03770	0.08032	0.04098	0.01967	0.00984	0.00328	0.00656	0.65741	0.00656	0.00656
1	0.06814	0.01505	0.02432	0.03394	0.47647	0.01525	0.04234	0.02107	0.04162	0.02369	0.01847	0.02969	0.01714	0.00904	0.00747	0.00237	0.00792	0.13163	0.00431	0.01007
2	0.38556	0.01708	0.01631	0.01313	0.01823	0.01925	0.01083	0.37519	0.02357	0.03888	0.01377	0.01453	0.01007	0.00765	0.00586	0.00217	0.00676	0.00523	0.00586	0.01007
3	0.00951	0.00698	0.00815	0.00825	0.00940	0.00645	0.00558	0.01106	0.01499	0.01979	0.21654	0.15835	0.22133	0.25208	0.01742	0.00387	0.00468	0.01374	0.00620	0.00562
4	0.05904	0.01419	0.02309	0.36057	0.32034	0.01572	0.01914	0.01942	0.01506	0.02115	0.01627	0.02088	0.05047	0.00740	0.00701	0.00226	0.00849	0.00670	0.00359	0.00920
5	0.01857	0.68368	0.10358	0.01298	0.01951	0.02703	0.01357	0.02144	0.01452	0.01732	0.01018	0.01178	0.00913	0.00616	0.00478	0.00159	0.00790	0.00395	0.00304	0.00927
6	0.01237	0.00618	0.00928	0.00928	0.00928	0.00618	0.00618	0.00928	0.00928	0.01237	0.01237	0.02165	0.01237	0.02474	0.02783	0.79283	0.00618	0.00618	0.00309	0.00309
7	0.00979	0.00722	0.00915	0.00876	0.01049	0.00658	0.00654	0.01284	0.01933	0.02683	0.58671	0.08595	0.15259	0.01537	0.00843	0.00229	0.00343	0.01350	0.00762	0.00658
8	0.01106	0.00760	0.00878	0.00884	0.00932	0.00764	0.00547	0.05462	0.01266	0.01690	0.02606	0.21000	0.03000	0.52855	0.02789	0.00564	0.00631	0.01244	0.00504	0.00518
9	0.02572	0.06060	0.02064	0.01510	0.02061	0.01960	0.01250	0.43835	0.10929	0.14321	0.01963	0.01892	0.01389	0.00845	0.00692	0.00210	0.00718	0.00648	0.00704	0.04376
10	0.01511	0.01644	0.03466	0.05815	0.03264	0.01558	0.52157	0.02015	0.01609	0.02172	0.01905	0.15717	0.01764	0.00915	0.00848	0.00249	0.01039	0.01056	0.00415	0.00880
11	0.01187	0.00888	0.01048	0.01054	0.01233	0.00882	0.00765	0.11155	0.04544	0.02374	0.10043	0.43423	0.14988	0.01834	0.00855	0.00262	0.00459	0.01617	0.00682	0.00707
12	0.01307	0.01246	0.01112	0.01097	0.01292	0.14264	0.00801	0.03918	0.01780	0.02190	0.20968	0.26587	0.17507	0.01611	0.00820	0.00240	0.00562	0.01382	0.00639	0.00677
13	0.02606	0.01900	0.02048	0.01598	0.02145	0.02101	0.01311	0.56991	0.11855	0.07174	0.01912	0.01864	0.01360	0.00870	0.00714	0.00218	0.00747	0.00666	0.00721	0.01200

[dist]
# distance from previous block
# <min> <max>
2	6

[block]
# block no. 1 follows, 29 sequences, length 7
# corresponding to MSA columns:
# 23-29
name=unknown_B
#
# <colnr> <probs for GDERKNQSTAVLIFYWHMCP>
#	G	D	E	R	K	N	Q	S	T	A	V	L	I	F	Y	W	H	M	C	P
0	0.01576	0.01391	0.02104	0.58123	0.04313	0.01688	0.01832	0.11925	0.05830	0.02291	0.01432	0.01916	0.01063	0.00749	0.00713	0.00234	0.00901	0.00645	0.00401	0.00875
1	0.01685	0.01441	0.01843	0.01334	0.01965	0.01225	0.07459	0.12001	0.01783	0.02648	0.01351	0.01556	0.01081	0.00585	0.00586	0.00135	0.00632	0.00496	0.00460	0.59734
2	0.00868	0.00620	0.00826	0.00991	0.01033	0.00578	0.00661	0.00991	0.01363	0.01818	0.03925	0.74510	0.04710	0.02231	0.00909	0.00289	0.00413	0.02024	0.00661	0.00578
3	0.02000	0.01462	0.01641	0.01381	0.01761	0.01566	0.01090	0.38676	0.05152	0.03344	0.02296	0.19155	0.02175	0.01340	0.00928	0.06649	0.00657	0.03383	0.00652	0.04691
4	0.58908	0.01349	0.01189	0.01023	0.01464	0.01500	0.00838	0.06914	0.01528	0.11355	0.06873	0.01685	0.01404	0.00766	0.00525	0.00220	0.00557	0.00516	0.00540	0.00847
5	0.20846	0.01952	0.01830	0.01478	0.01986	0.08843	0.01202	0.41574	0.07482	0.03806	0.01567	0.01606	0.01148	0.00805	0.00642	0.00214	0.00762	0.00575	0.00616	0.01064
6	0.24390	0.28995	0.02323	0.01265	0.01773	0.10640	0.01100	0.07152	0.07090	0.07439	0.01341	0.01419	0.01058	0.00705	0.00533	0.00192	0.00739	0.00469	0.00456	0.00922

[dist]
# distance from previous block
# <min> <max>
0	4

[block]
# block no. 2 follows, 29 sequences, length 8
# corresponding to MSA columns:
# 34-41
name=unknown_C
#
# <colnr> <probs for GDERKNQSTAVLIFYWHMCP>
#	G	D	E	R	K	N	Q	S	T	A	V	L	I	F	Y	W	H	M	C	P
0	0.13114	0.03945	0.07110	0.21390	0.02770	0.04206	0.01471	0.14444	0.03258	0.07589	0.01487	0.03504	0.01152	0.00804	0.00759	0.00221	0.05525	0.00607	0.00473	0.06170
1	0.06586	0.11953	0.45640	0.01823	0.02634	0.01775	0.05425	0.02134	0.01490	0.02247	0.05643	0.01707	0.01281	0.00753	0.00769	0.00223	0.06032	0.00571	0.00345	0.00969
2	0.17813	0.02342	0.28220	0.07201	0.02484	0.04376	0.01723	0.05328	0.01587	0.12133	0.01422	0.01597	0.01023	0.00749	0.00747	0.00224	0.05942	0.00538	0.00439	0.04112
3	0.01751	0.01803	0.09623	0.10292	0.02484	0.06425	0.06967	0.05858	0.03386	0.07305	0.01492	0.04296	0.01219	0.00823	0.00943	0.00210	0.12881	0.00631	0.00435	0.21175
4	0.01956	0.01915	0.10576	0.05420	0.07108	0.06742	0.07392	0.15892	0.06394	0.08534	0.04150	0.06103	0.01601	0.00841	0.00704	0.00208	0.00800	0.00718	0.00532	0.12414
5	0.06903	0.17182	0.15226	0.01741	0.02295	0.10464	0.09680	0.06667	0.05997	0.02252	0.01588	0.01796	0.04510	0.00817	0.00851	0.00219	0.09881	0.00605	0.00400	0.00926
6	0.07473	0.19239	0.25758	0.04871	0.02727	0.06513	0.14475	0.02202	0.01504	0.02109	0.01186	0.01481	0.00934	0.00690	0.00755	0.00215	0.06049	0.00550	0.00329	0.00938
7	0.05648	0.11097	0.30344	0.01649	0.02332	0.13874	0.01746	0.06814	0.01689	0.02264	0.01442	0.02002	0.01224	0.03783	0.00766	0.00226	0.00934	0.05057	0.00387	0.06723

[dist]
# distance from previous block
# <min> <max>
12	19

[block]
# block no. 3 follows, 29 sequences, length 8
# corresponding to MSA columns:
# 61-68
name=unknown_D
#
# <colnr> <probs for GDERKNQSTAVLIFYWHMCP>
#	G	D	E	R	K	N	Q	S	T	A	V	L	I	F	Y	W	H	M	C	P
0	0.01422	0.01141	0.01370	0.06959	0.01761	0.01087	0.00940	0.11095	0.05582	0.02541	0.09888	0.18150	0.08587	0.01190	0.00723	0.00203	0.00541	0.01023	0.00583	0.25216
1	0.02107	0.04314	0.01685	0.04413	0.01893	0.04825	0.01065	0.13430	0.09045	0.19282	0.02431	0.09339	0.05228	0.00968	0.00689	0.00202	0.00638	0.00792	0.00637	0.17018
2	0.01941	0.37173	0.19990	0.01574	0.02206	0.14522	0.01613	0.02307	0.01557	0.04374	0.01143	0.01333	0.00944	0.00702	0.00685	0.00190	0.06016	0.00460	0.00336	0.00934
3	0.01839	0.01357	0.01630	0.01388	0.01811	0.01423	0.04430	0.05659	0.35836	0.12569	0.07409	0.03221	0.06934	0.01044	0.00744	0.00231	0.00585	0.04476	0.00702	0.06711
4	0.04900	0.01669	0.01794	0.01408	0.01924	0.01762	0.01144	0.43774	0.05907	0.03698	0.02232	0.05305	0.07186	0.00942	0.00694	0.00204	0.00673	0.00739	0.00651	0.13395
5	0.01865	0.06776	0.02163	0.01600	0.02007	0.10429	0.14259	0.10234	0.01819	0.05955	0.04481	0.02128	0.01537	0.02757	0.03237	0.00246	0.06150	0.00676	0.17002	0.04678
6	0.02208	0.01671	0.01827	0.01427	0.01910	0.01787	0.01155	0.45674	0.02681	0.03627	0.02134	0.02338	0.07259	0.06445	0.00985	0.00241	0.03800	0.00715	0.00631	0.11485
7	0.07746	0.01719	0.01833	0.01461	0.01960	0.01876	0.01185	0.45005	0.10705	0.03865	0.05204	0.05533	0.01724	0.00930	0.00698	0.00215	0.00684	0.00728	0.00677	0.06252

[dist]
# distance from previous block
# <min> <max>
2	10

[block]
# block no. 4 follows, 29 sequences, length 10
# corresponding to MSA columns:
# 79-88
name=unknown_E
#
# <colnr> <probs for GDERKNQSTAVLIFYWHMCP>
#	G	D	E	R	K	N	Q	S	T	A	V	L	I	F	Y	W	H	M	C	P
0	0.04977	0.06272	0.07014	0.06327	0.02714	0.01677	0.26458	0.02239	0.10055	0.02322	0.05733	0.03721	0.01588	0.00797	0.00862	0.00225	0.06953	0.00750	0.00435	0.08881
1	0.01741	0.07279	0.01798	0.03924	0.01849	0.12553	0.01125	0.11045	0.01774	0.02288	0.02161	0.09154	0.08443	0.01048	0.00900	0.00207	0.10671	0.02633	0.00480	0.18927
2	0.01793	0.07348	0.02052	0.01562	0.01919	0.11338	0.05246	0.09330	0.08471	0.02254	0.01492	0.01891	0.01277	0.04237	0.09512	0.00340	0.15806	0.00617	0.00437	0.13081
3	0.01536	0.01269	0.01626	0.01321	0.01723	0.01225	0.07630	0.12997	0.09663	0.02531	0.02601	0.13406	0.08170	0.10366	0.01087	0.00266	0.00631	0.00958	0.00558	0.20435
4	0.02367	0.01952	0.01995	0.01600	0.02052	0.09096	0.01301	0.42316	0.07232	0.03561	0.01634	0.01740	0.01230	0.00880	0.00891	0.00217	0.09947	0.00621	0.04005	0.05363
5	0.01555	0.01308	0.01928	0.04366	0.02066	0.01278	0.13862	0.16294	0.01934	0.02655	0.07505	0.25033	0.02680	0.01231	0.00780	0.00228	0.00680	0.01133	0.00573	0.12913
6	0.01660	0.01614	0.03243	0.11204	0.03324	0.01540	0.43760	0.02155	0.01632	0.07434	0.01764	0.09256	0.01481	0.00796	0.00803	0.00235	0.01003	0.00899	0.00429	0.05769
7	0.06402	0.01749	0.07192	0.02228	0.02833	0.01555	0.37911	0.02039	0.01539	0.02268	0.01534	0.07494	0.01323	0.00769	0.00857	0.00223	0.05902	0.00797	0.00393	0.14992
8	0.03691	0.08854	0.01483	0.07872	0.01681	0.03317	0.00914	0.01682	0.03633	0.04524	0.24254	0.07813	0.10646	0.01189	0.00777	0.02634	0.00536	0.00957	0.00575	0.12967
9	0.07498	0.01248	0.01607	0.01337	0.01739	0.01216	0.07667	0.11026	0.07577	0.02678	0.09132	0.15930	0.04622	0.01163	0.00735	0.00218	0.00599	0.05211	0.00585	0.18213

[dist]
# distance from previous block
# <min> <max>
6	11

[block]
# block no. 5 follows, 29 sequences, length 57
# corresponding to MSA columns:
# 100-156
name=unknown_F
#
# <colnr> <probs for GDERKNQSTAVLIFYWHMCP>
#	G	D	E	R	K	N	Q	S	T	A	V	L	I	F	Y	W	H	M	C	P
0	0.07231	0.01636	0.01683	0.06831	0.02058	0.07702	0.01171	0.21049	0.19111	0.06681	0.02219	0.11974	0.01885	0.01025	0.00710	0.00226	0.00696	0.00834	0.00626	0.04652
1	0.01844	0.25348	0.05068	0.01360	0.01766	0.25200	0.01159	0.02095	0.01742	0.01959	0.14337	0.06129	0.05478	0.01067	0.02389	0.00214	0.00860	0.00729	0.00451	0.00806
2	0.14696	0.15313	0.10107	0.18068	0.11739	0.05350	0.05087	0.02084	0.01460	0.02186	0.01210	0.01561	0.00971	0.00692	0.00674	0.00212	0.03736	0.00537	0.03429	0.00889
3	0.06225	0.01882	0.13767	0.15033	0.37867	0.01625	0.02023	0.02182	0.05187	0.02337	0.04153	0.01898	0.01321	0.00707	0.00692	0.00221	0.00844	0.00637	0.00380	0.01020
4	0.01690	0.04818	0.05869	0.16903	0.43214	0.05392	0.02022	0.02107	0.01570	0.02137	0.01363	0.01934	0.01158	0.00727	0.00768	0.00221	0.03885	0.02864	0.00351	0.01005
5	0.01501	0.01193	0.01639	0.01773	0.11189	0.01251	0.01269	0.05707	0.04411	0.04971	0.02547	0.11327	0.02587	0.01379	0.01030	0.00263	0.10731	0.24015	0.00552	0.10666
6	0.02193	0.48234	0.03104	0.01425	0.01969	0.20032	0.01275	0.10586	0.01828	0.02045	0.01108	0.01249	0.00952	0.00671	0.00535	0.00168	0.00895	0.00433	0.00371	0.00929
7	0.01526	0.01312	0.01629	0.05088	0.01951	0.01152	0.03752	0.04627	0.10103	0.02433	0.01701	0.04791	0.01463	0.00733	0.00616	0.00156	0.00593	0.03202	0.00482	0.52691
8	0.00902	0.00645	0.00861	0.00998	0.01063	0.00604	0.00691	0.01064	0.01461	0.01966	0.12218	0.61914	0.04925	0.02118	0.00905	0.00283	0.00418	0.05693	0.00676	0.00595
9	0.02466	0.01509	0.07974	0.01345	0.01866	0.01283	0.01182	0.15417	0.04945	0.36215	0.15283	0.02763	0.02538	0.00970	0.00736	0.00221	0.00628	0.00797	0.00771	0.01091
10	0.01773	0.01677	0.02814	0.08519	0.63812	0.01705	0.02140	0.04739	0.01677	0.02379	0.01349	0.01769	0.01120	0.00648	0.00706	0.00213	0.00850	0.00635	0.00364	0.01110
11	0.00878	0.00723	0.00771	0.00759	0.00984	0.00616	0.00569	0.01092	0.01708	0.02125	0.20825	0.06521	0.56507	0.01728	0.00841	0.00237	0.00355	0.01456	0.00688	0.00616
12	0.12399	0.09839	0.51379	0.01794	0.02681	0.05910	0.02172	0.02256	0.01488	0.02302	0.01202	0.01410	0.00886	0.00672	0.00622	0.00216	0.00970	0.00490	0.00324	0.00988
13	0.04581	0.43838	0.02927	0.01432	0.05441	0.04940	0.01224	0.05620	0.01715	0.19905	0.01519	0.01540	0.01155	0.00699	0.00556	0.00179	0.00741	0.00497	0.00483	0.01009
14	0.00868	0.00620	0.00826	0.00991	0.01033	0.00578	0.00661	0.00991	0.01363	0.01818	0.03925	0.74510	0.04710	0.02231	0.00909	0.00289	0.00413	0.02024	0.00661	0.00578
15	0.01643	0.01942	0.06708	0.02886	0.03595	0.01757	0.62599	0.02238	0.01651	0.02254	0.01454	0.01941	0.01102	0.00800	0.03795	0.00277	0.01224	0.00825	0.00359	0.00951
16	0.01056	0.00754	0.00878	0.00830	0.01058	0.00659	0.00628	0.01309	0.01819	0.06484	0.34387	0.05918	0.38435	0.01596	0.00833	0.00232	0.00365	0.01362	0.00728	0.00669
17	0.01754	0.05673	0.03062	0.03594	0.45446	0.01783	0.15525	0.02381	0.09184	0.02355	0.01516	0.01862	0.01224	0.00663	0.00722	0.00218	0.00883	0.00682	0.00393	0.01082
18	0.01027	0.00692	0.00774	0.00774	0.00784	0.00687	0.00436	0.01035	0.01060	0.01403	0.02450	0.04751	0.05398	0.71937	0.03509	0.00672	0.00677	0.01055	0.00441	0.00439
19	0.00993	0.00696	0.00862	0.00948	0.00997	0.00678	0.00615	0.03628	0.01336	0.01783	0.03303	0.49438	0.03898	0.25328	0.01765	0.00414	0.00516	0.01656	0.00590	0.00556
20	0.01365	0.01305	0.02260	0.69040	0.04833	0.01595	0.05944	0.01847	0.01439	0.01847	0.01276	0.01900	0.00957	0.00705	0.00720	0.00237	0.00964	0.00645	0.00319	0.00801
21	0.00872	0.00637	0.00821	0.00956	0.01026	0.00586	0.00648	0.01013	0.01427	0.01884	0.07762	0.63268	0.12197	0.02142	0.00898	0.00280	0.00403	0.01927	0.00667	0.00586
22	0.00886	0.00638	0.00840	0.00970	0.01035	0.00592	0.00659	0.01041	0.01461	0.01964	0.13175	0.62895	0.06979	0.02111	0.00897	0.00279	0.00401	0.01907	0.00678	0.00592
23	0.01547	0.01632	0.03205	0.15063	0.11905	0.01666	0.36828	0.02025	0.01559	0.02122	0.01662	0.07110	0.02848	0.00816	0.00923	0.00245	0.06705	0.00860	0.00376	0.00903
24	0.01382	0.01328	0.02264	0.63426	0.04595	0.01642	0.05911	0.01839	0.01413	0.01839	0.01250	0.01873	0.00956	0.00747	0.00847	0.00243	0.06682	0.00645	0.00319	0.00800
25	0.00923	0.00651	0.00802	0.00899	0.00941	0.00618	0.00574	0.01009	0.01271	0.01677	0.03594	0.45872	0.08774	0.26881	0.01825	0.00422	0.00503	0.01651	0.00583	0.00530
26	0.72626	0.01364	0.01130	0.04828	0.01584	0.01574	0.00847	0.02135	0.01257	0.05912	0.01081	0.01249	0.00822	0.00673	0.00467	0.00221	0.00574	0.00412	0.00452	0.00790
27	0.01443	0.01494	0.02805	0.02184	0.02543	0.01589	0.33158	0.01810	0.01461	0.02041	0.03741	0.18606	0.02029	0.01169	0.01250	0.00270	0.20095	0.01067	0.00428	0.00817
28	0.02401	0.01819	0.02088	0.01634	0.02146	0.01990	0.05199	0.52472	0.07376	0.03943	0.01904	0.02276	0.01493	0.05757	0.00924	0.00254	0.00781	0.03757	0.00671	0.01113
29	0.01656	0.01999	0.11877	0.02605	0.08972	0.01722	0.37443	0.04835	0.05220	0.02393	0.04139	0.01970	0.01334	0.00713	0.00876	0.00232	0.05673	0.00754	0.00402	0.05184
30	0.02040	0.47042	0.12245	0.01481	0.02092	0.18570	0.01446	0.04383	0.01645	0.01856	0.01076	0.01241	0.00922	0.00654	0.00537	0.00171	0.00921	0.00426	0.00331	0.00921
31	0.02549	0.13988	0.02270	0.01744	0.02146	0.61921	0.01353	0.02739	0.01934	0.01733	0.01084	0.01263	0.00917	0.00715	0.00615	0.00179	0.01207	0.00447	0.00358	0.00838
32	0.00862	0.00643	0.00802	0.00930	0.01017	0.00584	0.00634	0.00998	0.01422	0.01842	0.04669	0.59192	0.19547	0.02134	0.00894	0.00278	0.00401	0.01906	0.00661	0.00584
33	0.00941	0.00683	0.00899	0.01043	0.01117	0.00658	0.00735	0.01172	0.04209	0.01935	0.06031	0.61815	0.04602	0.02124	0.00907	0.00289	0.00444	0.09116	0.00667	0.00613
34	0.01299	0.00792	0.01045	0.00945	0.01164	0.00722	0.00722	0.01627	0.02019	0.11944	0.61179	0.04933	0.06058	0.01379	0.00823	0.00223	0.00372	0.01212	0.00797	0.00744
35	0.02881	0.01509	0.04561	0.01388	0.01946	0.01384	0.01180	0.20402	0.04175	0.46524	0.04793	0.02305	0.01765	0.00888	0.00718	0.00219	0.00660	0.00711	0.00806	0.01184
36	0.01762	0.01692	0.02890	0.04371	0.70533	0.01692	0.02185	0.02185	0.01621	0.02326	0.01339	0.01762	0.01128	0.00634	0.00705	0.00211	0.00846	0.00634	0.00352	0.01128
37	0.01008	0.00728	0.00952	0.00896	0.01064	0.00672	0.00672	0.01344	0.02016	0.02855	0.70158	0.05319	0.06719	0.01456	0.00840	0.00224	0.00336	0.01288	0.00784	0.00672
38	0.00868	0.00620	0.00826	0.00991	0.01033	0.00578	0.00661	0.00991	0.01363	0.01818	0.03925	0.74510	0.04710	0.02231	0.00909	0.00289	0.00413	0.02024	0.00661	0.00578
39	0.01017	0.00763	0.01144	0.01144	0.01272	0.00890	0.00890	0.01272	0.01144	0.01653	0.01907	0.02797	0.01780	0.05340	0.72153	0.01144	0.01907	0.00763	0.00381	0.00636
40	0.01345	0.01266	0.02136	0.73264	0.04904	0.01582	0.01978	0.01819	0.01424	0.01819	0.01266	0.01898	0.00949	0.00712	0.00712	0.00237	0.00949	0.00633	0.00316	0.00791
41	0.00916	0.00724	0.00832	0.00859	0.01054	0.00640	0.00656	0.01139	0.01675	0.02122	0.18840	0.13938	0.42398	0.01801	0.00866	0.00253	0.00398	0.09585	0.00685	0.00619
42	0.01585	0.01637	0.02620	0.02115	0.02271	0.02098	0.15969	0.01837	0.01219	0.01837	0.01045	0.01637	0.00966	0.01106	0.02012	0.00296	0.57940	0.00670	0.00322	0.00818
43	0.00868	0.00620	0.00826	0.00991	0.01033	0.00578	0.00661	0.00991	0.01363	0.01818	0.03925	0.74510	0.04710	0.02231	0.00909	0.00289	0.00413	0.02024	0.00661	0.00578
44	0.03195	0.01212	0.01652	0.01267	0.01818	0.01047	0.01047	0.03470	0.02038	0.71026	0.02809	0.02424	0.01763	0.00881	0.00716	0.00220	0.00606	0.00716	0.00881	0.01212
45	0.01844	0.01452	0.01584	0.01411	0.01803	0.01621	0.01123	0.13892	0.43214	0.05750	0.03027	0.05212	0.05489	0.01129	0.00761	0.00247	0.00598	0.08072	0.00716	0.01052
46	0.01021	0.00735	0.00937	0.01037	0.01127	0.00713	0.00716	0.06313	0.01559	0.02091	0.07732	0.64606	0.04554	0.02076	0.00889	0.00279	0.00438	0.01871	0.00672	0.00634
47	0.00843	0.00717	0.00726	0.00734	0.00965	0.00600	0.00547	0.01020	0.01611	0.01919	0.07059	0.10041	0.67156	0.01824	0.00845	0.00243	0.00363	0.01527	0.00661	0.00600
48	0.04014	0.01369	0.02305	0.60545	0.04544	0.01634	0.08460	0.05000	0.01533	0.02036	0.01295	0.01867	0.00969	0.00706	0.00716	0.00236	0.00953	0.00646	0.00343	0.00827
49	0.05920	0.01257	0.01601	0.01261	0.01773	0.01167	0.01032	0.07109	0.07326	0.54563	0.05509	0.02582	0.03713	0.00925	0.00714	0.00222	0.00594	0.00749	0.00832	0.01150
50	0.38802	0.01993	0.19444	0.13408	0.06111	0.01625	0.05035	0.02104	0.01367	0.02635	0.01151	0.01439	0.00869	0.00669	0.00580	0.00225	0.00794	0.00499	0.00376	0.00875
51	0.01448	0.03564	0.67174	0.02170	0.07137	0.01656	0.02604	0.02251	0.01510	0.02259	0.01282	0.01519	0.00916	0.00674	0.00678	0.00225	0.01040	0.00533	0.00304	0.01057
52	0.02634	0.01881	0.02046	0.01595	0.02141	0.02065	0.01318	0.59019	0.05813	0.08257	0.01907	0.02052	0.01402	0.00907	0.00724	0.00220	0.00759	0.03355	0.00720	0.01185
53	0.01838	0.65495	0.13064	0.01330	0.02001	0.02657	0.01414	0.02149	0.01455	0.01755	0.01030	0.01192	0.00912	0.00618	0.00487	0.00162	0.00802	0.00401	0.00304	0.00933
54	0.00986	0.00719	0.00928	0.01032	0.01133	0.00673	0.00716	0.03719	0.01458	0.01964	0.03675	0.65010	0.04334	0.02067	0.00881	0.00277	0.00443	0.04082	0.00649	0.05254
55	0.01810	0.01783	0.02843	0.04235	0.66869	0.05468	0.02142	0.02221	0.01643	0.02295	0.01327	0.01737	0.01117	0.00640	0.00702	0.00210	0.00869	0.00625	0.00353	0.01112
56	0.06154	0.01338	0.01945	0.48636	0.07371	0.03590	0.01700	0.02059	0.08869	0.02125	0.05579	0.02326	0.01530	0.00820	0.00712	0.00236	0.00841	0.02926	0.00411	0.00833

[dist]
# distance from previous block
# <min> <max>
0	7

[block]
# block no. 6 follows, 29 sequences, length 81
# corresponding to MSA columns:
# 164-244
name=unknown_G
#
# <colnr> <probs for GDERKNQSTAVLIFYWHMCP>
#	G	D	E	R	K	N	Q	S	T	A	V	L	I	F	Y	W	H	M	C	P
0	0.03023	0.01301	0.01636	0.01282	0.01802	0.04351	0.01047	0.03352	0.04179	0.62470	0.05865	0.02513	0.01967	0.00904	0.00719	0.00219	0.00623	0.00734	0.00848	0.01166
1	0.01469	0.01392	0.02359	0.52837	0.24364	0.01615	0.02039	0.01928	0.01482	0.01970	0.01287	0.01858	0.01002	0.00689	0.00710	0.00230	0.00919	0.00633	0.00327	0.00891
2	0.04338	0.01283	0.04333	0.01495	0.07628	0.01134	0.01127	0.02846	0.08959	0.38729	0.17238	0.02952	0.02770	0.00980	0.00734	0.00223	0.00580	0.00827	0.00764	0.01061
3	0.00971	0.00811	0.01077	0.01120	0.04412	0.00729	0.04133	0.01201	0.01626	0.02081	0.14814	0.21046	0.36890	0.01739	0.00856	0.00251	0.00448	0.04493	0.00649	0.00652
4	0.03129	0.01227	0.01651	0.01275	0.01819	0.01080	0.01050	0.03485	0.05157	0.67868	0.02813	0.02434	0.01782	0.00885	0.00716	0.00221	0.00604	0.00720	0.00874	0.01208
5	0.02478	0.01411	0.03695	0.19029	0.04848	0.03676	0.01361	0.07284	0.01928	0.39625	0.02429	0.02382	0.04873	0.00865	0.00717	0.00224	0.00733	0.00713	0.00670	0.01058
6	0.01462	0.03446	0.62242	0.02161	0.03168	0.01674	0.11437	0.02259	0.01527	0.02259	0.01300	0.01560	0.00926	0.00666	0.00699	0.00227	0.01072	0.00569	0.00309	0.01040
7	0.01664	0.02000	0.07566	0.02917	0.03633	0.01805	0.62597	0.02262	0.01654	0.02262	0.01417	0.01888	0.01067	0.00624	0.00877	0.00242	0.03393	0.00818	0.00356	0.00960
8	0.01428	0.03683	0.71286	0.02030	0.03082	0.01654	0.02631	0.02255	0.01503	0.02255	0.01278	0.01503	0.00902	0.00677	0.00677	0.00226	0.01052	0.00526	0.00301	0.01052
9	0.02761	0.01557	0.08633	0.01392	0.01966	0.01288	0.01234	0.10777	0.07903	0.48257	0.02574	0.04704	0.01748	0.00911	0.00719	0.00224	0.00661	0.00740	0.00783	0.01167
10	0.02429	0.01372	0.01634	0.03539	0.01866	0.01375	0.01078	0.22478	0.06790	0.30397	0.06269	0.03029	0.12438	0.01043	0.00741	0.00224	0.00617	0.00845	0.00764	0.01073
11	0.70360	0.07788	0.01395	0.01037	0.01503	0.01710	0.03299	0.02103	0.01249	0.03030	0.01008	0.01184	0.00795	0.00654	0.00457	0.00215	0.00593	0.00402	0.00426	0.00790
12	0.01125	0.00961	0.01424	0.09050	0.04532	0.00934	0.06754	0.01478	0.03899	0.02175	0.15904	0.20097	0.17560	0.01491	0.00829	0.00247	0.00560	0.06025	0.00599	0.04357
13	0.01484	0.01290	0.01579	0.01128	0.01764	0.00981	0.03367	0.01811	0.01484	0.02319	0.01272	0.01493	0.01056	0.00530	0.00539	0.00111	0.00553	0.00438	0.00420	0.76381
14	0.04584	0.08466	0.36518	0.02365	0.08871	0.01764	0.20221	0.02285	0.01566	0.04807	0.01351	0.01633	0.00998	0.00654	0.00699	0.00222	0.01017	0.00612	0.00349	0.01018
15	0.00877	0.00627	0.00837	0.01002	0.01048	0.00587	0.00678	0.01008	0.01373	0.01828	0.03919	0.72237	0.04689	0.02222	0.00911	0.00291	0.00421	0.04203	0.00661	0.00581
16	0.04646	0.63313	0.03412	0.01291	0.01862	0.12002	0.01224	0.02226	0.01515	0.01736	0.01005	0.01162	0.00909	0.00628	0.00481	0.00159	0.00824	0.00391	0.00317	0.00897
17	0.01035	0.00694	0.00794	0.00794	0.00800	0.00700	0.00453	0.01046	0.01041	0.01393	0.02228	0.04573	0.02551	0.71736	0.06812	0.00711	0.00747	0.01023	0.00429	0.00441
18	0.02623	0.01949	0.02091	0.01610	0.02174	0.02146	0.01326	0.62961	0.06370	0.04346	0.01751	0.01746	0.01251	0.00849	0.00707	0.00211	0.00765	0.00642	0.00703	0.03779
19	0.00988	0.00678	0.00788	0.00845	0.00923	0.00645	0.00559	0.01104	0.01307	0.01768	0.03661	0.25956	0.14567	0.29866	0.01899	0.00424	0.00513	0.04382	0.08587	0.00538
20	0.01532	0.01424	0.02351	0.50029	0.23497	0.01645	0.02006	0.05236	0.01576	0.02097	0.01309	0.01850	0.01013	0.00697	0.00710	0.00229	0.00911	0.00634	0.00346	0.00908
21	0.00856	0.00722	0.00741	0.00737	0.00971	0.00607	0.00552	0.01050	0.01657	0.02005	0.12707	0.06719	0.64700	0.01773	0.00841	0.00239	0.00359	0.01484	0.00672	0.00607
22	0.00868	0.00620	0.00826	0.00991	0.01033	0.00578	0.00661	0.00991	0.01363	0.01818	0.03925	0.74510	0.04710	0.02231	0.00909	0.00289	0.00413	0.02024	0.00661	0.00578
23	0.01002	0.00728	0.00944	0.00890	0.01060	0.00669	0.00667	0.01333	0.02002	0.02824	0.68031	0.05371	0.08865	0.01467	0.00840	0.00225	0.00337	0.01295	0.00780	0.00669
24	0.01085	0.00777	0.00979	0.01130	0.01191	0.00707	0.00752	0.01149	0.01486	0.02003	0.04037	0.72368	0.04779	0.02314	0.00985	0.00323	0.00486	0.02040	0.00721	0.00688
25	0.80005	0.01377	0.01047	0.00936	0.01377	0.01597	0.00771	0.02093	0.01212	0.03195	0.00991	0.01157	0.00771	0.00661	0.00441	0.00220	0.00551	0.00386	0.00441	0.00771
26	0.01683	0.01611	0.02748	0.17396	0.58125	0.01671	0.02146	0.02116	0.01584	0.02230	0.01325	0.01788	0.01094	0.00649	0.00706	0.00216	0.00865	0.00634	0.00346	0.01064
27	0.01808	0.01548	0.01631	0.01457	0.01866	0.01788	0.01136	0.06322	0.66649	0.03038	0.02851	0.02619	0.02136	0.00962	0.00724	0.00240	0.00572	0.00799	0.00724	0.01130
28	0.80005	0.01377	0.01047	0.00936	0.01377	0.01597	0.00771	0.02093	0.01212	0.03195	0.00991	0.01157	0.00771	0.00661	0.00441	0.00220	0.00551	0.00386	0.00441	0.00771
29	0.01000	0.00728	0.00940	0.00887	0.01059	0.00668	0.00665	0.01328	0.01996	0.02809	0.67015	0.05396	0.09891	0.01473	0.00840	0.00225	0.00337	0.01298	0.00778	0.00668
30	0.80005	0.01377	0.01047	0.00936	0.01377	0.01597	0.00771	0.02093	0.01212	0.03195	0.00991	0.01157	0.00771	0.00661	0.00441	0.00220	0.00551	0.00386	0.00441	0.00771
31	0.01762	0.01692	0.02890	0.04371	0.70533	0.01692	0.02185	0.02185	0.01621	0.02326	0.01339	0.01762	0.01128	0.00634	0.00705	0.00211	0.00846	0.00634	0.00352	0.01128
32	0.02707	0.01995	0.02137	0.01638	0.02208	0.02208	0.01353	0.68159	0.03348	0.04488	0.01710	0.01710	0.01211	0.00855	0.00712	0.00214	0.00784	0.00641	0.00712	0.01211
33	0.03069	0.01413	0.01777	0.01362	0.01918	0.01345	0.01126	0.20115	0.02375	0.53906	0.02526	0.02240	0.01621	0.00874	0.00715	0.00219	0.00652	0.00697	0.00838	0.01212
34	0.01771	0.01530	0.01610	0.01449	0.01852	0.01771	0.01127	0.03784	0.69247	0.02979	0.02898	0.02657	0.02174	0.00966	0.00725	0.00242	0.00564	0.00805	0.00725	0.01127
35	0.00842	0.00721	0.00721	0.00721	0.00962	0.00601	0.00541	0.01022	0.01623	0.01924	0.07213	0.06853	0.70244	0.01803	0.00842	0.00240	0.00361	0.01503	0.00661	0.00601
36	0.02660	0.03394	0.02018	0.01834	0.02201	0.72116	0.01376	0.02843	0.02018	0.01743	0.01101	0.01284	0.00917	0.00734	0.00642	0.00183	0.01284	0.00459	0.00367	0.00825
37	0.02707	0.01995	0.02137	0.01638	0.02208	0.02208	0.01353	0.68159	0.03348	0.04488	0.01710	0.01710	0.01211	0.00855	0.00712	0.00214	0.00784	0.00641	0.00712	0.01211
38	0.00863	0.00717	0.00757	0.00774	0.00992	0.00611	0.00580	0.01051	0.01620	0.01966	0.09736	0.12499	0.59307	0.01829	0.00852	0.00247	0.00375	0.03952	0.00667	0.00605
39	0.01015	0.00685	0.00795	0.00814	0.00823	0.00684	0.00474	0.01038	0.01077	0.01441	0.02427	0.12681	0.02807	0.64192	0.05637	0.00659	0.00700	0.01141	0.00456	0.00455
40	0.24232	0.48039	0.02817	0.01192	0.01732	0.08498	0.01105	0.02183	0.01430	0.02114	0.01000	0.01159	0.00873	0.00635	0.00468	0.00174	0.00747	0.00389	0.00349	0.00865
41	0.01651	0.02131	0.12204	0.02885	0.03645	0.01783	0.60155	0.02278	0.01660	0.02278	0.01421	0.01871	0.01059	0.00609	0.00821	0.00238	0.01183	0.00803	0.00353	0.00971
42	0.02027	0.01634	0.06113	0.06732	0.02166	0.01573	0.01259	0.20310	0.18940	0.10811	0.04394	0.04509	0.01751	0.00875	0.00694	0.00209	0.00668	0.00714	0.00632	0.13989
43	0.01705	0.01633	0.02786	0.13879	0.61476	0.01677	0.02157	0.02135	0.01594	0.02256	0.01329	0.01781	0.01103	0.00645	0.00706	0.00215	0.00860	0.00634	0.00347	0.01081
44	0.02286	0.01398	0.01624	0.01351	0.01799	0.01466	0.01080	0.13011	0.29243	0.25521	0.10791	0.02759	0.02442	0.00981	0.00734	0.00228	0.00583	0.00809	0.00781	0.01113
45	0.01427	0.01884	0.22542	0.05058	0.02157	0.01310	0.01524	0.02296	0.17005	0.04364	0.15547	0.03538	0.02843	0.01089	0.00761	0.00239	0.00700	0.10559	0.00567	0.04589
46	0.01771	0.01530	0.01610	0.01449	0.01852	0.01771	0.01127	0.03784	0.69247	0.02979	0.02898	0.02657	0.02174	0.00966	0.00725	0.00242	0.00564	0.00805	0.00725	0.01127
47	0.07683	0.29977	0.02587	0.01544	0.02006	0.41565	0.01276	0.02528	0.01751	0.01817	0.01052	0.01223	0.00906	0.00683	0.00560	0.00174	0.01040	0.00425	0.00349	0.00855
48	0.03195	0.01212	0.01652	0.01267	0.01818	0.01047	0.01047	0.03470	0.02038	0.71026	0.02809	0.02424	0.01763	0.00881	0.00716	0.00220	0.00606	0.00716	0.00881	0.01212
49	0.01036	0.00690	0.00777	0.00777	0.00777	0.00690	0.00431	0.01036	0.01036	0.01381	0.02244	0.04660	0.02589	0.74975	0.03624	0.00690	0.00690	0.01036	0.00431	0.00431
50	0.01550	0.01774	0.08821	0.25016	0.15463	0.01756	0.20415	0.02034	0.01488	0.02059	0.01280	0.01797	0.01011	0.00742	0.00981	0.00243	0.11637	0.00680	0.00333	0.00918
51	0.01545	0.01263	0.01484	0.01063	0.01693	0.00953	0.00852	0.01860	0.01499	0.05056	0.01327	0.01514	0.01083	0.00541	0.00535	0.00110	0.00530	0.00434	0.00440	0.76218
52	0.11341	0.01265	0.01602	0.01250	0.01785	0.01166	0.01030	0.05463	0.04093	0.59462	0.02582	0.02272	0.01651	0.00860	0.00687	0.00221	0.00605	0.00681	0.00824	0.01162
53	0.01771	0.01530	0.01610	0.01449	0.01852	0.01771	0.01127	0.03784	0.69247	0.02979	0.02898	0.02657	0.02174	0.00966	0.00725	0.00242	0.00564	0.00805	0.00725	0.01127
54	0.02006	0.58259	0.03409	0.01573	0.07808	0.09788	0.01324	0.05281	0.01609	0.01869	0.01065	0.01237	0.00946	0.00636	0.00509	0.00163	0.00823	0.00423	0.00334	0.00937
55	0.01472	0.01272	0.01868	0.35236	0.03117	0.01611	0.01543	0.05146	0.01440	0.02085	0.01395	0.01935	0.01126	0.00895	0.01138	0.00244	0.21715	0.00636	0.15343	0.00785
56	0.00861	0.00722	0.00749	0.00742	0.00974	0.00610	0.00557	0.01060	0.01670	0.02035	0.14722	0.06670	0.62666	0.01762	0.00841	0.00238	0.00358	0.01477	0.00676	0.00610
57	0.01565	0.02026	0.13689	0.17989	0.03795	0.01749	0.40818	0.02151	0.01571	0.02151	0.01355	0.01837	0.01019	0.00666	0.00858	0.00241	0.04515	0.00738	0.00340	0.00929
58	0.01428	0.03683	0.71286	0.02030	0.03082	0.01654	0.02631	0.02255	0.01503	0.02255	0.01278	0.01503	0.00902	0.00677	0.00677	0.00226	0.01052	0.00526	0.00301	0.01052
59	0.00939	0.00725	0.00857	0.00824	0.01022	0.00643	0.00618	0.01211	0.01854	0.02472	0.44229	0.05951	0.32887	0.01599	0.00841	0.00231	0.00346	0.01376	0.00733	0.00643
60	0.01561	0.01084	0.01307	0.01253	0.03628	0.03321	0.00953	0.05349	0.10469	0.11324	0.35462	0.04603	0.04492	0.01319	0.00814	0.00239	0.00516	0.10728	0.00738	0.00841
61	0.80005	0.01377	0.01047	0.00936	0.01377	0.01597	0.00771	0.02093	0.01212	0.03195	0.00991	0.01157	0.00771	0.00661	0.00441	0.00220	0.00551	0.00386	0.00441	0.00771
62	0.01772	0.01567	0.01565	0.01418	0.01791	0.06459	0.01102	0.07764	0.50111	0.02843	0.03003	0.07452	0.05647	0.01099	0.00744	0.00242	0.00612	0.03087	0.00690	0.01035
63	0.00995	0.00726	0.00927	0.00877	0.01045	0.00667	0.00653	0.01307	0.01948	0.02727	0.62601	0.05419	0.11714	0.04146	0.00941	0.00242	0.00351	0.01296	0.00761	0.00657
64	0.06508	0.02865	0.02060	0.01950	0.07325	0.49163	0.01409	0.13352	0.02128	0.02307	0.01206	0.01393	0.00974	0.00762	0.00712	0.00197	0.03854	0.00504	0.00424	0.00907
65	0.74826	0.06285	0.01225	0.00955	0.01407	0.01678	0.00801	0.02096	0.01227	0.03094	0.00991	0.01156	0.00781	0.00658	0.00442	0.00216	0.00565	0.00385	0.00432	0.00781
66	0.00902	0.00724	0.00807	0.00808	0.01017	0.00630	0.00611	0.01128	0.01716	0.02173	0.23343	0.09180	0.47696	0.01738	0.00851	0.00243	0.00371	0.04747	0.00693	0.00621
67	0.01806	0.01829	0.02589	0.15774	0.47300	0.10689	0.01997	0.02281	0.04777	0.02195	0.01368	0.01766	0.01119	0.00676	0.00699	0.00214	0.00907	0.00620	0.00365	0.01031
68	0.00943	0.00725	0.00861	0.00827	0.01024	0.00644	0.00621	0.01218	0.01862	0.02490	0.45470	0.05921	0.31635	0.01592	0.00841	0.00230	0.00346	0.01372	0.00736	0.00644
69	0.02028	0.01657	0.01755	0.01501	0.01950	0.01891	0.01189	0.21477	0.51135	0.03393	0.02572	0.02396	0.01909	0.00935	0.00721	0.00234	0.00624	0.00760	0.00721	0.01150
70	0.01017	0.00697	0.00793	0.00786	0.00825	0.00681	0.00469	0.01071	0.01198	0.01598	0.10621	0.04915	0.08553	0.60417	0.03072	0.00599	0.00622	0.01103	0.00491	0.00473
71	0.00850	0.00722	0.00733	0.00730	0.00967	0.00605	0.00548	0.01038	0.01643	0.01971	0.10428	0.06774	0.67001	0.01786	0.00841	0.00240	0.00359	0.01492	0.00667	0.00605
72	0.01904	0.75404	0.03731	0.01218	0.01828	0.02818	0.01218	0.02132	0.01447	0.01675	0.00990	0.01142	0.00914	0.00609	0.00457	0.00152	0.00761	0.00381	0.00305	0.00914
73	0.01771	0.01530	0.01610	0.01449	0.01852	0.01771	0.01127	0.03784	0.69247	0.02979	0.02898	0.02657	0.02174	0.00966	0.00725	0.00242	0.00564	0.00805	0.00725	0.01127
74	0.01477	0.01266	0.01477	0.01055	0.01687	0.00949	0.00844	0.01793	0.01477	0.02320	0.01266	0.01477	0.01055	0.00527	0.00527	0.00105	0.00527	0.00422	0.00422	0.79328
75	0.80005	0.01377	0.01047	0.00936	0.01377	0.01597	0.00771	0.02093	0.01212	0.03195	0.00991	0.01157	0.00771	0.00661	0.00441	0.00220	0.00551	0.00386	0.00441	0.00771
76	0.00960	0.00659	0.00799	0.00873	0.00892	0.00640	0.00534	0.01016	0.01183	0.01577	0.02998	0.36011	0.03541	0.42325	0.02406	0.00510	0.00566	0.01479	0.00534	0.00497
77	0.01090	0.00840	0.01143	0.01165	0.01252	0.00890	0.02886	0.04296	0.01430	0.01973	0.03252	0.54224	0.03769	0.04339	0.01135	0.00294	0.09123	0.01655	0.04602	0.00643
78	0.01493	0.01318	0.01693	0.01209	0.01849	0.01017	0.06175	0.01832	0.01493	0.02317	0.01280	0.01512	0.01057	0.00533	0.00552	0.00116	0.00581	0.00455	0.00417	0.73102
79	0.05663	0.01503	0.01672	0.01322	0.01818	0.01515	0.01062	0.32455	0.02326	0.06010	0.01894	0.11321	0.01651	0.01088	0.03099	0.00225	0.00682	0.00757	0.00606	0.23333
80	0.02583	0.01931	0.02032	0.01578	0.02111	0.03980	0.01295	0.61170	0.03191	0.04279	0.04890	0.01896	0.01478	0.00879	0.00710	0.00212	0.00762	0.00667	0.03200	0.01158

[dist]
# distance from previous block
# <min> <max>
0	1

[block]
# block no. 7 follows, 29 sequences, length 68
# corresponding to MSA columns:
# 246-313
name=unknown_H
#
# <colnr> <probs for GDERKNQSTAVLIFYWHMCP>
#	G	D	E	R	K	N	Q	S	T	A	V	L	I	F	Y	W	H	M	C	P
0	0.01954	0.01513	0.01666	0.01360	0.01855	0.01575	0.01083	0.16555	0.32218	0.07362	0.04590	0.02246	0.01829	0.00846	0.00677	0.00200	0.00595	0.00687	0.00659	0.20530
1	0.12235	0.02056	0.01912	0.04137	0.04267	0.16390	0.01290	0.34216	0.02465	0.05536	0.01603	0.05614	0.01287	0.00882	0.00721	0.00216	0.02940	0.00649	0.00573	0.01011
2	0.02528	0.02789	0.01979	0.01730	0.02147	0.45568	0.01331	0.17281	0.13066	0.02541	0.01521	0.01597	0.01183	0.00797	0.00671	0.00199	0.01059	0.00554	0.00500	0.00958
3	0.01239	0.04726	0.01204	0.01053	0.01288	0.00952	0.00837	0.01739	0.10284	0.05261	0.30165	0.08224	0.13235	0.03512	0.00906	0.00259	0.00473	0.13201	0.00701	0.00741
4	0.05545	0.01305	0.02120	0.56994	0.13530	0.01560	0.01881	0.01877	0.01443	0.01996	0.01305	0.01872	0.01001	0.00704	0.00688	0.00230	0.00888	0.00621	0.03609	0.00831
5	0.01522	0.01440	0.02406	0.43919	0.30052	0.01632	0.02024	0.02037	0.04164	0.02060	0.01358	0.01876	0.01066	0.00692	0.00710	0.00228	0.00894	0.00640	0.00346	0.00934
6	0.02660	0.03394	0.02018	0.01834	0.02201	0.72116	0.01376	0.02843	0.02018	0.01743	0.01101	0.01284	0.00917	0.00734	0.00642	0.00183	0.01284	0.00459	0.00367	0.00825
7	0.01501	0.01425	0.02417	0.47547	0.29403	0.01623	0.02055	0.01956	0.01498	0.02009	0.01293	0.01848	0.01016	0.00683	0.00709	0.00228	0.00911	0.00633	0.00330	0.00917
8	0.01720	0.01648	0.02813	0.11393	0.63844	0.01681	0.02164	0.02148	0.01601	0.02275	0.01332	0.01776	0.01110	0.00642	0.00706	0.00214	0.00856	0.00634	0.00349	0.01094
9	0.00897	0.00759	0.00782	0.00781	0.01023	0.00660	0.00594	0.01163	0.04404	0.02003	0.08786	0.06684	0.62813	0.01765	0.00843	0.00244	0.00380	0.04124	0.00667	0.00627
10	0.00984	0.00709	0.00956	0.01111	0.01215	0.00681	0.00859	0.01197	0.01494	0.01955	0.04042	0.42780	0.08084	0.02096	0.00937	0.00303	0.00512	0.28814	0.00659	0.00612
11	0.01039	0.00851	0.01252	0.04636	0.01462	0.00918	0.04381	0.01206	0.01320	0.01797	0.03100	0.50804	0.03608	0.06281	0.04137	0.00345	0.10072	0.01605	0.00559	0.00628
12	0.02670	0.02011	0.02157	0.01779	0.05795	0.04989	0.01389	0.60016	0.03162	0.06329	0.01699	0.01717	0.01212	0.00839	0.00709	0.00213	0.00802	0.00636	0.00685	0.01191
13	0.00945	0.00725	0.00865	0.00830	0.01025	0.00645	0.00623	0.01222	0.01868	0.02504	0.46428	0.05897	0.30668	0.01587	0.00840	0.00230	0.00345	0.01369	0.00738	0.00645
14	0.01735	0.01664	0.02841	0.08874	0.66243	0.01685	0.02172	0.02161	0.01608	0.02293	0.01335	0.01771	0.01116	0.00640	0.00705	0.00213	0.00853	0.00634	0.00350	0.01106
15	0.01429	0.01352	0.02288	0.59332	0.18176	0.01604	0.02020	0.01893	0.01464	0.01922	0.01281	0.01871	0.00985	0.00696	0.00711	0.00232	0.00928	0.00633	0.00324	0.00859
16	0.01045	0.00749	0.00992	0.04740	0.01188	0.00816	0.00693	0.01169	0.01099	0.01510	0.02060	0.03785	0.02186	0.43790	0.30310	0.00844	0.01181	0.00908	0.00406	0.00530
17	0.00899	0.00702	0.00774	0.00792	0.00984	0.00612	0.00581	0.01104	0.01639	0.02100	0.16919	0.17625	0.45137	0.01765	0.00834	0.00242	0.00364	0.01509	0.04805	0.00612
18	0.01519	0.01450	0.02505	0.49252	0.17543	0.01653	0.09064	0.04684	0.01570	0.02079	0.01317	0.01866	0.01009	0.00691	0.00724	0.00232	0.00949	0.00656	0.00345	0.00893
19	0.01725	0.01653	0.02822	0.10589	0.64610	0.01682	0.02167	0.02152	0.01604	0.02281	0.01333	0.01775	0.01112	0.00641	0.00706	0.00214	0.00855	0.00634	0.00349	0.01098
20	0.02073	0.01705	0.02084	0.13602	0.02562	0.05697	0.06554	0.33964	0.02364	0.03160	0.01615	0.01955	0.01251	0.03032	0.07561	0.00318	0.03915	0.00667	0.04941	0.00979
21	0.01517	0.01322	0.01591	0.01285	0.04978	0.01112	0.00967	0.01963	0.06756	0.02341	0.01379	0.01587	0.01139	0.00604	0.00645	0.00132	0.04333	0.00472	0.00437	0.65441
22	0.01546	0.01263	0.01484	0.01063	0.01693	0.00953	0.00852	0.01861	0.01499	0.05116	0.01328	0.01515	0.01083	0.00542	0.00535	0.00110	0.00531	0.00434	0.00441	0.76150
23	0.01904	0.75404	0.03731	0.01218	0.01828	0.02818	0.01218	0.02132	0.01447	0.01675	0.00990	0.01142	0.00914	0.00609	0.00457	0.00152	0.00761	0.00381	0.00305	0.00914
24	0.00963	0.00745	0.00891	0.00908	0.01108	0.00672	0.00717	0.01227	0.01756	0.02276	0.27200	0.06606	0.34830	0.01725	0.00872	0.00254	0.00417	0.15497	0.00700	0.00636
25	0.00999	0.00728	0.00940	0.00887	0.01059	0.00668	0.00665	0.01327	0.01995	0.02807	0.66898	0.05398	0.10008	0.01474	0.00840	0.00225	0.00337	0.01299	0.00778	0.00668
26	0.00868	0.00620	0.00826	0.00991	0.01033	0.00578	0.00661	0.00991	0.01363	0.01818	0.03925	0.74510	0.04710	0.02231	0.00909	0.00289	0.00413	0.02024	0.00661	0.00578
27	0.01020	0.00750	0.01080	0.01080	0.01185	0.00855	0.00810	0.01230	0.01125	0.01605	0.01966	0.03123	0.01921	0.17498	0.60189	0.01065	0.01695	0.00811	0.00390	0.00600
28	0.01016	0.00673	0.00781	0.00818	0.00837	0.00664	0.00487	0.01063	0.01136	0.01555	0.02622	0.20072	0.03014	0.54322	0.02832	0.00569	0.00607	0.01233	0.05222	0.00478
29	0.01535	0.19808	0.56097	0.01847	0.02800	0.01915	0.02313	0.02227	0.01491	0.02125	0.01213	0.01422	0.00905	0.00661	0.00627	0.00209	0.00987	0.00493	0.00302	0.01021
30	0.01345	0.01266	0.02136	0.73264	0.04904	0.01582	0.01978	0.01819	0.01424	0.01819	0.01266	0.01898	0.00949	0.00712	0.00712	0.00237	0.00949	0.00633	0.00316	0.00791
31	0.00868	0.00620	0.00826	0.00991	0.01033	0.00578	0.00661	0.00991	0.01363	0.01818	0.03925	0.74510	0.04710	0.02231	0.00909	0.00289	0.00413	0.02024	0.00661	0.00578
32	0.01904	0.75404	0.03731	0.01218	0.01828	0.02818	0.01218	0.02132	0.01447	0.01675	0.00990	0.01142	0.00914	0.00609	0.00457	0.00152	0.00761	0.00381	0.00305	0.00914
33	0.01092	0.00729	0.00951	0.01043	0.01150	0.00699	0.00747	0.01336	0.04245	0.05794	0.09109	0.48614	0.04381	0.07125	0.01085	0.00311	0.00474	0.09802	0.00669	0.00643
34	0.00887	0.00720	0.00790	0.00803	0.01012	0.00623	0.00605	0.01096	0.01666	0.02076	0.16812	0.11949	0.51331	0.01790	0.00854	0.00246	0.00377	0.05069	0.00680	0.00614
35	0.02509	0.18224	0.02392	0.01678	0.02124	0.47718	0.01340	0.11977	0.02088	0.02119	0.01164	0.01315	0.00958	0.00725	0.00613	0.00181	0.01104	0.00468	0.00403	0.00899
36	0.01578	0.01196	0.01523	0.01740	0.12221	0.03998	0.01205	0.04150	0.10223	0.09039	0.05484	0.10645	0.08701	0.01435	0.00836	0.00265	0.00643	0.23627	0.00634	0.00856
37	0.52208	0.01536	0.01429	0.13171	0.02103	0.06030	0.01096	0.06638	0.01438	0.02879	0.01090	0.01350	0.00850	0.00721	0.00627	0.00226	0.04910	0.00463	0.00427	0.00809
38	0.01134	0.00943	0.01237	0.01209	0.01337	0.04646	0.00938	0.01370	0.01183	0.01652	0.01821	0.02712	0.01715	0.07297	0.62017	0.01031	0.05985	0.00749	0.00378	0.00647
39	0.06997	0.01963	0.01983	0.01574	0.02062	0.07851	0.01284	0.50788	0.02904	0.03927	0.06393	0.01888	0.01534	0.00896	0.00784	0.00217	0.04554	0.00656	0.00652	0.01093
40	0.01927	0.73257	0.03685	0.01231	0.01839	0.02800	0.01222	0.04063	0.01502	0.01758	0.01011	0.01159	0.00922	0.00616	0.00464	0.00154	0.00762	0.00388	0.00317	0.00922
41	0.01026	0.00698	0.00830	0.00837	0.00856	0.00714	0.00505	0.01067	0.01064	0.01437	0.02267	0.07316	0.02564	0.62225	0.13071	0.00737	0.00849	0.01039	0.00434	0.00466
42	0.01592	0.01318	0.01520	0.01123	0.01713	0.01082	0.00896	0.09888	0.01700	0.02557	0.01474	0.05731	0.01285	0.00666	0.00572	0.00129	0.00552	0.00541	0.00471	0.65188
43	0.00868	0.00620	0.00826	0.00991	0.01033	0.00578	0.00661	0.00991	0.01363	0.01818	0.03925	0.74510	0.04710	0.02231	0.00909	0.00289	0.00413	0.02024	0.00661	0.00578
44	0.00888	0.00635	0.00849	0.01007	0.01059	0.00595	0.00689	0.01031	0.01400	0.01869	0.06005	0.68481	0.04738	0.02191	0.00911	0.00289	0.00425	0.05688	0.00665	0.00586
45	0.01753	0.01678	0.02858	0.10701	0.52152	0.01716	0.08354	0.04926	0.04475	0.02388	0.01421	0.01826	0.01153	0.00661	0.00720	0.00218	0.00876	0.00661	0.00380	0.01083
46	0.00868	0.00620	0.00826	0.00991	0.01033	0.00578	0.00661	0.00991	0.01363	0.01818	0.03925	0.74510	0.04710	0.02231	0.00909	0.00289	0.00413	0.02024	0.00661	0.00578
47	0.00939	0.00743	0.00859	0.00898	0.01104	0.00663	0.00711	0.01173	0.01667	0.02086	0.13999	0.09159	0.43929	0.01815	0.00879	0.00262	0.00432	0.17386	0.00675	0.00623
