[name]
unknown

[dist]
# distance from previous block
# <min> <max>
0	24

[block]
# block no. 0 follows, 29 sequences, length 36
# corresponding to MSA columns:
# 24-59
name=unknown_A
#
# <colnr> <probs for GDERKNQSTAVLIFYWHMCP>
#	G	D	E	R	K	N	Q	S	T	A	V	L	I	F	Y	W	H	M	C	P
0	0.01445	0.01041	0.01323	0.05455	0.05723	0.01044	0.00996	0.03869	0.13172	0.09362	0.05464	0.22810	0.13802	0.01468	0.00805	0.00250	0.00541	0.06573	0.00650	0.04207
1	0.01302	0.01039	0.01224	0.05256	0.01557	0.01078	0.00882	0.06244	0.17983	0.02367	0.08290	0.26127	0.09172	0.07030	0.01005	0.00277	0.00524	0.01260	0.00634	0.06749
2	0.05831	0.00901	0.01080	0.01066	0.01261	0.00879	0.00767	0.08591	0.01627	0.07138	0.05418	0.46362	0.03616	0.06154	0.00986	0.00283	0.00496	0.01507	0.00646	0.05391
3	0.01695	0.00999	0.01238	0.01104	0.01397	0.00950	0.00837	0.07597	0.06185	0.18435	0.16899	0.22807	0.05880	0.04998	0.00930	0.00258	0.00502	0.01214	0.00721	0.05353
4	0.01047	0.00726	0.00882	0.00884	0.01067	0.00645	0.00647	0.01269	0.01706	0.06454	0.26439	0.24263	0.27848	0.01749	0.00851	0.00247	0.00382	0.01525	0.00714	0.00656
5	0.00921	0.00681	0.00868	0.01004	0.01079	0.00653	0.00683	0.01164	0.05530	0.01895	0.04051	0.66228	0.08321	0.02129	0.00894	0.00283	0.00419	0.01920	0.00665	0.00613
6	0.01639	0.01566	0.02668	0.24681	0.51186	0.01659	0.02124	0.02077	0.01563	0.02177	0.01318	0.01802	0.01075	0.00657	0.00707	0.00219	0.00876	0.00634	0.00342	0.01029
7	0.01059	0.00739	0.00942	0.01001	0.01133	0.00702	0.00717	0.01365	0.05667	0.04985	0.19836	0.43756	0.09338	0.01876	0.00872	0.00266	0.00417	0.03965	0.00703	0.00664
8	0.00967	0.00682	0.00891	0.01010	0.01078	0.00652	0.00688	0.03757	0.01463	0.01962	0.07524	0.64438	0.04532	0.02140	0.00978	0.03687	0.00433	0.01865	0.00655	0.00598
9	0.01041	0.00763	0.01013	0.01150	0.01302	0.00735	0.00950	0.01304	0.01581	0.02034	0.04367	0.21192	0.15092	0.01993	0.00945	0.00306	0.00558	0.42384	0.00658	0.00631
10	0.01296	0.01213	0.01036	0.00988	0.01228	0.13303	0.00737	0.01492	0.01714	0.04378	0.14456	0.05350	0.38413	0.07746	0.01043	0.00269	0.00568	0.03497	0.00615	0.00660
11	0.00968	0.00686	0.00873	0.00986	0.01043	0.00662	0.00656	0.03754	0.01397	0.01863	0.03586	0.61245	0.04254	0.12879	0.01300	0.00345	0.00469	0.01822	0.00629	0.00583
12	0.00927	0.00730	0.00823	0.00865	0.01039	0.00655	0.00622	0.03496	0.01605	0.02018	0.08472	0.32351	0.40019	0.01916	0.00862	0.00257	0.00395	0.01660	0.00668	0.00618
13	0.01385	0.00899	0.01016	0.00946	0.01078	0.00919	0.00635	0.11475	0.01520	0.04843	0.02420	0.13375	0.02555	0.43345	0.02380	0.00491	0.00628	0.01059	0.08405	0.00625
14	0.02441	0.01107	0.01422	0.01178	0.01618	0.01000	0.00954	0.02850	0.07857	0.46035	0.03697	0.06448	0.14176	0.01169	0.00762	0.00235	0.00554	0.04653	0.00807	0.01039
15	0.56488	0.01359	0.01226	0.01043	0.01496	0.01498	0.00856	0.07413	0.01563	0.14530	0.05519	0.01661	0.01328	0.00761	0.00532	0.00220	0.00565	0.00515	0.00556	0.00872
16	0.01237	0.00618	0.00928	0.00928	0.00928	0.00618	0.00618	0.00928	0.00928	0.01237	0.01237	0.02165	0.01237	0.02474	0.02783	0.79283	0.00618	0.00618	0.00309	0.00309
17	0.00901	0.00710	0.00814	0.00817	0.01006	0.00622	0.00602	0.01127	0.01721	0.02226	0.28130	0.15446	0.39860	0.01743	0.00850	0.00241	0.00359	0.01500	0.00703	0.00622
18	0.02615	0.01743	0.01926	0.01502	0.02037	0.01870	0.01233	0.47751	0.07773	0.16263	0.02326	0.02217	0.05543	0.00925	0.00722	0.00219	0.00710	0.00718	0.00741	0.01168
19	0.00880	0.00650	0.00823	0.00935	0.01024	0.00593	0.00642	0.01038	0.01484	0.01957	0.12249	0.54980	0.16002	0.02068	0.00889	0.00273	0.00395	0.01850	0.00675	0.00593
20	0.01237	0.00618	0.00928	0.00928	0.00928	0.00618	0.00618	0.00928	0.00928	0.01237	0.01237	0.02165	0.01237	0.02474	0.02783	0.79283	0.00618	0.00618	0.00309	0.00309
21	0.00887	0.00667	0.00799	0.00879	0.00989	0.00604	0.00603	0.01034	0.01465	0.01893	0.10163	0.41214	0.24994	0.09006	0.01143	0.00307	0.00417	0.01708	0.00649	0.00579
22	0.00870	0.00640	0.00806	0.00937	0.01010	0.00587	0.00631	0.00998	0.01394	0.01818	0.04414	0.60100	0.15763	0.05187	0.01010	0.00298	0.00416	0.01894	0.00651	0.00576
23	0.01762	0.01692	0.02890	0.04371	0.70533	0.01692	0.02185	0.02185	0.01621	0.02326	0.01339	0.01762	0.01128	0.00634	0.00705	0.00211	0.00846	0.00634	0.00352	0.01128
24	0.01477	0.01266	0.01477	0.01055	0.01687	0.00949	0.00844	0.01793	0.01477	0.02320	0.01266	0.01477	0.01055	0.00527	0.00527	0.00105	0.00527	0.00422	0.00422	0.79328
25	0.01771	0.01530	0.01610	0.01449	0.01852	0.01771	0.01127	0.03784	0.69247	0.02979	0.02898	0.02657	0.02174	0.00966	0.00725	0.00242	0.00564	0.00805	0.00725	0.01127
26	0.01879	0.04871	0.08720	0.02440	0.07004	0.15467	0.31509	0.02643	0.13682	0.02279	0.01597	0.01856	0.01225	0.00700	0.00746	0.00223	0.01055	0.00706	0.00419	0.00980
27	0.00913	0.00662	0.00825	0.00924	0.01001	0.00616	0.00627	0.01047	0.01403	0.01845	0.08693	0.45835	0.13830	0.14092	0.01345	0.00345	0.00456	0.04343	0.00631	0.00567
28	0.01237	0.00618	0.00928	0.00928	0.00928	0.00618	0.00618	0.00928	0.00928	0.01237	0.01237	0.02165	0.01237	0.02474	0.02783	0.79283	0.00618	0.00618	0.00309	0.00309
29	0.01645	0.01420	0.01490	0.01351	0.01731	0.01613	0.01048	0.03410	0.60090	0.02836	0.03483	0.03225	0.11391	0.01079	0.00740	0.00241	0.00536	0.00900	0.00716	0.01056
30	0.01605	0.01586	0.02825	0.27043	0.28637	0.01685	0.16376	0.02205	0.06719	0.02195	0.01455	0.01911	0.01137	0.00678	0.00738	0.00229	0.00937	0.00692	0.00370	0.00978
31	0.01956	0.01780	0.04820	0.03085	0.39430	0.01792	0.01792	0.18909	0.11051	0.02938	0.01848	0.02041	0.03752	0.00777	0.00713	0.00218	0.00782	0.00686	0.00502	0.01127
32	0.01237	0.00618	0.00928	0.00928	0.00928	0.00618	0.00618	0.00928	0.00928	0.01237	0.01237	0.02165	0.01237	0.02474	0.02783	0.79283	0.00618	0.00618	0.00309	0.00309
33	0.01652	0.01589	0.02642	0.17498	0.47937	0.01740	0.02056	0.02047	0.01507	0.02140	0.01267	0.01760	0.01066	0.00737	0.00938	0.00231	0.11210	0.00633	0.00340	0.01012
34	0.11295	0.01559	0.09209	0.01668	0.02182	0.01317	0.17687	0.02269	0.03601	0.18535	0.02647	0.11181	0.09196	0.01041	0.00800	0.00240	0.03158	0.00930	0.00565	0.00920
35	0.02842	0.01128	0.01534	0.01216	0.01697	0.00981	0.00987	0.03112	0.01988	0.60268	0.08663	0.07789	0.02397	0.01026	0.00740	0.00226	0.00569	0.00858	0.00857	0.01121

[dist]
# distance from previous block
# <min> <max>
0	1

[block]
# block no. 1 follows, 29 sequences, length 43
# corresponding to MSA columns:
# 62-104
name=unknown_B
#
# <colnr> <probs for GDERKNQSTAVLIFYWHMCP>
#	G	D	E	R	K	N	Q	S	T	A	V	L	I	F	Y	W	H	M	C	P
0	0.01428	0.03683	0.71286	0.02030	0.03082	0.01654	0.02631	0.02255	0.01503	0.02255	0.01278	0.01503	0.00902	0.00677	0.00677	0.00226	0.01052	0.00526	0.00301	0.01052
1	0.02053	0.38636	0.07831	0.01986	0.14612	0.09708	0.03407	0.04504	0.01662	0.07707	0.01273	0.01443	0.01038	0.00662	0.00578	0.00182	0.00853	0.00495	0.00383	0.00989
2	0.02195	0.01596	0.02010	0.04458	0.16812	0.01695	0.01396	0.27899	0.11025	0.11294	0.02210	0.05223	0.03989	0.00910	0.00717	0.00221	0.00705	0.00759	0.03788	0.01098
3	0.02759	0.01256	0.01551	0.01258	0.01732	0.04366	0.01025	0.03096	0.04910	0.53742	0.03046	0.03107	0.05992	0.03183	0.00825	0.00242	0.00627	0.05385	0.00808	0.01091
4	0.05029	0.03848	0.02307	0.31391	0.08612	0.06387	0.07949	0.12151	0.01850	0.08658	0.01557	0.02041	0.01194	0.00775	0.00711	0.00227	0.00899	0.03023	0.00455	0.00935
5	0.05257	0.03633	0.01801	0.01472	0.01872	0.16140	0.01176	0.11683	0.13054	0.10464	0.02102	0.02146	0.06201	0.00924	0.00893	0.00216	0.10634	0.00659	0.00554	0.09121
6	0.02063	0.01675	0.01774	0.01508	0.01963	0.01907	0.01198	0.23867	0.48688	0.03449	0.02527	0.02361	0.01873	0.00931	0.00721	0.00233	0.00632	0.00754	0.00721	0.01153
7	0.00983	0.00728	0.00856	0.00832	0.00978	0.00664	0.00576	0.01167	0.01565	0.02101	0.27376	0.10583	0.20633	0.22910	0.01642	0.00364	0.00458	0.01289	0.00628	0.03669
8	0.00993	0.00672	0.00789	0.00831	0.00842	0.00662	0.00490	0.01024	0.01119	0.01492	0.02672	0.22456	0.03129	0.56442	0.02932	0.00588	0.00620	0.01287	0.00490	0.00469
9	0.55890	0.01440	0.01355	0.04684	0.06561	0.01652	0.01004	0.04687	0.11868	0.03081	0.01350	0.01487	0.01038	0.00716	0.00526	0.00224	0.00601	0.00489	0.00482	0.00868
10	0.01240	0.01029	0.01688	0.01467	0.01717	0.01124	0.11312	0.06159	0.01383	0.01951	0.01821	0.02585	0.01631	0.04289	0.56051	0.00938	0.01718	0.00766	0.00402	0.00727
11	0.01684	0.01510	0.01470	0.01357	0.01607	0.17342	0.01055	0.08184	0.01609	0.06033	0.01757	0.02324	0.01527	0.03592	0.44704	0.00780	0.01580	0.00679	0.00439	0.00768
12	0.80005	0.01377	0.01047	0.00936	0.01377	0.01597	0.00771	0.02093	0.01212	0.03195	0.00991	0.01157	0.00771	0.00661	0.00441	0.00220	0.00551	0.00386	0.00441	0.00771
13	0.01033	0.00662	0.00885	0.01011	0.01089	0.00612	0.00688	0.01168	0.01411	0.06736	0.03845	0.69387	0.04500	0.02135	0.00895	0.00284	0.00427	0.01931	0.00677	0.00623
14	0.05350	0.29770	0.02625	0.01554	0.02032	0.37181	0.01292	0.08762	0.01903	0.02034	0.01113	0.01267	0.00938	0.00696	0.00573	0.00176	0.01015	0.00444	0.00380	0.00893
15	0.01028	0.00687	0.00779	0.00786	0.00788	0.00685	0.00442	0.01034	0.01050	0.01400	0.02318	0.07731	0.02682	0.71777	0.03505	0.00673	0.00678	0.01079	0.00442	0.00438
16	0.02350	0.01080	0.01405	0.01148	0.01562	0.00976	0.00920	0.05184	0.04235	0.42333	0.19942	0.05515	0.07922	0.01131	0.00762	0.00225	0.00521	0.00952	0.00823	0.01013
17	0.01008	0.00728	0.00952	0.00896	0.01064	0.00672	0.00672	0.01344	0.02016	0.02855	0.70158	0.05319	0.06719	0.01456	0.00840	0.00224	0.00336	0.01288	0.00784	0.00672
18	0.01066	0.00784	0.01105	0.01100	0.01219	0.00885	0.00827	0.03458	0.01219	0.01723	0.02089	0.08086	0.02078	0.14401	0.55443	0.00991	0.01599	0.00885	0.00419	0.00623
19	0.02026	0.01594	0.01703	0.01456	0.01899	0.01794	0.01154	0.19288	0.47231	0.06499	0.02787	0.02593	0.04791	0.00970	0.00726	0.00234	0.00610	0.00790	0.00726	0.01129
20	0.01024	0.00685	0.00780	0.00792	0.00795	0.00682	0.00448	0.01032	0.01059	0.01412	0.02363	0.09601	0.02739	0.69830	0.03432	0.00662	0.00671	0.01105	0.00448	0.00442
21	0.01433	0.01220	0.01430	0.01050	0.01641	0.00923	0.00831	0.01736	0.01469	0.02285	0.01455	0.06667	0.01314	0.00648	0.00554	0.00119	0.00519	0.00536	0.00439	0.73731
22	0.01015	0.00795	0.00952	0.00888	0.01130	0.00682	0.00662	0.01271	0.01718	0.02350	0.31368	0.16073	0.22965	0.01526	0.00801	0.00220	0.00386	0.01325	0.00673	0.13200
23	0.00850	0.00720	0.00724	0.00724	0.00954	0.00605	0.00536	0.01022	0.01598	0.01901	0.07004	0.06760	0.67392	0.04889	0.00959	0.00259	0.00375	0.01483	0.00652	0.00594
24	0.02601	0.01097	0.01471	0.01192	0.01631	0.00973	0.00957	0.04723	0.01997	0.51423	0.12786	0.10854	0.02802	0.01115	0.00756	0.00228	0.00550	0.00943	0.00838	0.01062
25	0.01001	0.00750	0.00902	0.00962	0.01100	0.00706	0.00681	0.05776	0.01617	0.02109	0.09434	0.47244	0.21138	0.01969	0.00873	0.00267	0.00420	0.01741	0.00674	0.00636
26	0.02733	0.01230	0.01591	0.01250	0.01734	0.01136	0.01020	0.11846	0.02211	0.49669	0.14857	0.02851	0.02586	0.00982	0.00738	0.00220	0.00581	0.00809	0.00841	0.01114
27	0.00966	0.00754	0.00831	0.00853	0.01087	0.00657	0.00675	0.01179	0.01638	0.03844	0.06410	0.06967	0.55242	0.01811	0.00866	0.00257	0.00426	0.14242	0.00666	0.00629
28	0.01004	0.00802	0.00890	0.00868	0.01089	0.00739	0.00648	0.03713	0.05460	0.02288	0.21560	0.13802	0.41179	0.01688	0.00838	0.00241	0.00387	0.01441	0.00696	0.00667
29	0.80005	0.01377	0.01047	0.00936	0.01377	0.01597	0.00771	0.02093	0.01212	0.03195	0.00991	0.01157	0.00771	0.00661	0.00441	0.00220	0.00551	0.00386	0.00441	0.00771
30	0.01119	0.00793	0.00967	0.01006	0.01096	0.00799	0.00680	0.08169	0.01470	0.01969	0.03113	0.43389	0.03592	0.23059	0.05014	0.00436	0.00602	0.01535	0.00588	0.00606
31	0.00944	0.00713	0.00868	0.00867	0.01035	0.00643	0.00641	0.01196	0.01773	0.02376	0.38547	0.15347	0.25180	0.03467	0.00922	0.00252	0.00373	0.03505	0.00718	0.00632
32	0.01003	0.00749	0.01113	0.01130	0.01248	0.00860	0.00868	0.01244	0.01166	0.01669	0.02104	0.09774	0.02065	0.05038	0.65223	0.01061	0.01762	0.00886	0.00409	0.00630
33	0.00897	0.00645	0.00857	0.01015	0.01077	0.00605	0.00708	0.01045	0.01403	0.01856	0.04040	0.64643	0.07283	0.02185	0.00914	0.00291	0.00437	0.08850	0.00660	0.00588
34	0.02053	0.13582	0.12679	0.01843	0.07143	0.15900	0.01561	0.14616	0.04383	0.04259	0.01393	0.01627	0.01117	0.01115	0.05900	0.00277	0.08586	0.00562	0.00433	0.00970
35	0.00996	0.03729	0.00985	0.01013	0.01086	0.03490	0.00689	0.01114	0.01361	0.01767	0.03533	0.61934	0.04203	0.09149	0.01143	0.00318	0.00488	0.01801	0.00613	0.00587
36	0.01547	0.01490	0.02629	0.03236	0.39441	0.01467	0.14417	0.02001	0.04282	0.02230	0.01999	0.18081	0.01961	0.00998	0.00777	0.00236	0.00806	0.00991	0.00438	0.00973
37	0.01849	0.01468	0.02062	0.01607	0.05100	0.01298	0.11590	0.11647	0.01862	0.09339	0.04152	0.01833	0.01371	0.00661	0.00642	0.00163	0.00685	0.00591	0.00510	0.41573
38	0.07024	0.04461	0.02446	0.23292	0.19955	0.01657	0.10408	0.07277	0.04803	0.02328	0.01482	0.04392	0.01225	0.00847	0.00824	0.04719	0.00853	0.00691	0.00402	0.00915
39	0.07133	0.02562	0.37466	0.01830	0.04691	0.04302	0.04343	0.01993	0.01432	0.02149	0.01729	0.02051	0.05955	0.01429	0.10326	0.00355	0.08352	0.00639	0.00355	0.00907
40	0.01746	0.01445	0.01968	0.09965	0.02317	0.03889	0.07956	0.05464	0.03527	0.09488	0.01648	0.06913	0.01396	0.00861	0.00923	0.00203	0.11855	0.00688	0.00473	0.27273
41	0.01368	0.01224	0.01749	0.26892	0.06680	0.01364	0.03963	0.06357	0.08609	0.02220	0.04977	0.05466	0.20532	0.01129	0.00839	0.00240	0.04112	0.00956	0.00507	0.00818
42	0.02036	0.01872	0.02152	0.15521	0.07548	0.12206	0.06147	0.23317	0.06602	0.02844	0.01784	0.04053	0.03566	0.00832	0.00708	0.00213	0.00866	0.00691	0.00512	0.06529

[dist]
# distance from previous block
# <min> <max>
6	9

[block]
# block no. 2 follows, 29 sequences, length 52
# corresponding to MSA columns:
# 116-167
name=unknown_C
#
# <colnr> <probs for GDERKNQSTAVLIFYWHMCP>
#	G	D	E	R	K	N	Q	S	T	A	V	L	I	F	Y	W	H	M	C	P
0	0.01873	0.03712	0.01503	0.01252	0.01598	0.01341	0.00979	0.13672	0.17197	0.15258	0.03244	0.17947	0.10181	0.03699	0.00905	0.00256	0.02662	0.01083	0.00695	0.00942
1	0.02125	0.01609	0.01604	0.01353	0.01772	0.08629	0.01068	0.19939	0.19691	0.13355	0.05002	0.03062	0.12981	0.03526	0.00831	0.00239	0.00665	0.00849	0.00691	0.01009
2	0.13991	0.01259	0.01364	0.01147	0.01538	0.03566	0.00906	0.07793	0.09324	0.22691	0.14503	0.02801	0.02513	0.05396	0.00851	0.00243	0.00568	0.00771	0.05160	0.03615
3	0.00956	0.00669	0.00823	0.00881	0.00933	0.00639	0.00567	0.01067	0.01348	0.01815	0.13993	0.33129	0.06685	0.30960	0.01973	0.00436	0.00509	0.01494	0.00590	0.00536
4	0.02578	0.01901	0.02061	0.01601	0.02137	0.02108	0.01318	0.63073	0.03180	0.04272	0.01725	0.01792	0.01254	0.01196	0.06145	0.00284	0.00869	0.00650	0.00687	0.01167
5	0.02353	0.02806	0.02038	0.13326	0.04962	0.51462	0.01479	0.06319	0.01949	0.01928	0.01203	0.01486	0.00982	0.00923	0.03598	0.00234	0.01212	0.00516	0.00379	0.00845
6	0.01476	0.01289	0.01613	0.05246	0.01945	0.01016	0.03349	0.01812	0.01481	0.02290	0.01272	0.01517	0.01050	0.00541	0.00549	0.00118	0.00576	0.00449	0.00414	0.71996
7	0.01257	0.00744	0.00962	0.00985	0.01153	0.00670	0.00708	0.01443	0.01600	0.13067	0.13620	0.43885	0.13464	0.01846	0.00859	0.00262	0.00426	0.01639	0.00714	0.00696
8	0.00937	0.00727	0.00865	0.00836	0.01032	0.00654	0.00629	0.01202	0.01799	0.02390	0.39435	0.05829	0.33513	0.01826	0.04910	0.00284	0.00436	0.01349	0.00709	0.00640
9	0.01006	0.00758	0.00933	0.00884	0.01075	0.00702	0.00665	0.01378	0.04586	0.02681	0.55392	0.05509	0.18770	0.01503	0.00836	0.00228	0.00350	0.01310	0.00758	0.00676
10	0.02596	0.03131	0.02096	0.02009	0.07398	0.60122	0.01435	0.08996	0.02114	0.02048	0.01177	0.01361	0.00961	0.00738	0.00654	0.00188	0.01203	0.00489	0.00399	0.00885
11	0.09874	0.01956	0.02073	0.05034	0.08988	0.07292	0.01399	0.44423	0.05926	0.03754	0.01596	0.01684	0.01173	0.00804	0.00681	0.00214	0.00802	0.00610	0.00608	0.01109
12	0.01060	0.00789	0.01001	0.00998	0.01129	0.00800	0.00703	0.01325	0.05335	0.01802	0.05129	0.21332	0.04591	0.22550	0.21658	0.00618	0.00922	0.01167	0.00510	0.06580
13	0.00905	0.00688	0.00824	0.00864	0.01008	0.00617	0.00615	0.01103	0.01625	0.02132	0.23765	0.29146	0.27685	0.04511	0.00965	0.00269	0.00383	0.01601	0.00688	0.00607
14	0.80005	0.01377	0.01047	0.00936	0.01377	0.01597	0.00771	0.02093	0.01212	0.03195	0.00991	0.01157	0.00771	0.00661	0.00441	0.00220	0.00551	0.00386	0.00441	0.00771
15	0.00938	0.00754	0.00844	0.00836	0.01055	0.00671	0.00641	0.01226	0.03670	0.02233	0.24589	0.06390	0.45341	0.01694	0.00849	0.00242	0.00382	0.06307	0.00697	0.00640
16	0.00897	0.00645	0.00840	0.00955	0.01023	0.00600	0.00647	0.01051	0.01463	0.01968	0.14590	0.57320	0.07624	0.05553	0.01024	0.00296	0.00412	0.01838	0.00670	0.00587
17	0.02671	0.01977	0.02117	0.01631	0.02195	0.02191	0.01345	0.65685	0.05881	0.04430	0.01755	0.01746	0.01248	0.00859	0.00713	0.00215	0.00775	0.00647	0.00713	0.01208
18	0.35164	0.01290	0.01225	0.01057	0.01452	0.01417	0.00851	0.12206	0.07541	0.08123	0.06645	0.02188	0.04018	0.00854	0.00577	0.00213	0.00535	0.00630	0.13144	0.00870
19	0.01073	0.00733	0.00854	0.00850	0.00999	0.00669	0.00595	0.01227	0.01501	0.05841	0.14352	0.13866	0.26442	0.23433	0.01672	0.00379	0.00486	0.03808	0.00624	0.00596
20	0.01479	0.09037	0.62320	0.02023	0.03023	0.01751	0.06251	0.02247	0.01509	0.02212	0.01265	0.01500	0.00913	0.00667	0.00669	0.00221	0.01039	0.00533	0.00304	0.01037
21	0.00960	0.00739	0.00799	0.00789	0.01023	0.00631	0.00597	0.01163	0.01672	0.04673	0.13777	0.09318	0.56017	0.01752	0.00843	0.00242	0.00378	0.03308	0.00683	0.00633
22	0.00869	0.00634	0.00819	0.00959	0.01026	0.00584	0.00649	0.01006	0.01412	0.01863	0.06434	0.65012	0.11792	0.02160	0.00899	0.00282	0.00405	0.01944	0.00665	0.00584
23	0.05528	0.01068	0.01381	0.01131	0.01533	0.00973	0.00905	0.05156	0.01980	0.40855	0.20759	0.05068	0.05567	0.01146	0.00817	0.02920	0.00525	0.00910	0.00798	0.00981
24	0.01334	0.00850	0.01054	0.00978	0.01215	0.00787	0.00749	0.05322	0.01924	0.11143	0.34916	0.13509	0.17926	0.01531	0.00831	0.00238	0.00422	0.03777	0.00748	0.00744
25	0.01596	0.01091	0.01231	0.01103	0.01325	0.01134	0.00798	0.21531	0.01899	0.05355	0.02705	0.20323	0.05281	0.26137	0.01734	0.00391	0.00621	0.01141	0.03853	0.00751
26	0.00880	0.00627	0.00830	0.00979	0.01024	0.00586	0.00653	0.01008	0.01378	0.01844	0.06582	0.69008	0.04711	0.04969	0.01009	0.00302	0.00421	0.01956	0.00657	0.00577
27	0.01033	0.00693	0.00790	0.00786	0.00798	0.00689	0.00450	0.01059	0.01110	0.01493	0.07408	0.04710	0.02903	0.69384	0.03413	0.00655	0.00663	0.01055	0.00458	0.00450
28	0.00955	0.00725	0.00869	0.00907	0.01057	0.00671	0.00659	0.01214	0.03791	0.02131	0.20929	0.25020	0.24909	0.07124	0.01067	0.00289	0.00420	0.05968	0.00676	0.00621
29	0.00962	0.00735	0.00891	0.00947	0.01087	0.00695	0.00673	0.01288	0.06725	0.02157	0.19117	0.39260	0.19075	0.01872	0.00865	0.00261	0.00396	0.01657	0.00693	0.00646
30	0.01016	0.00685	0.00795	0.00813	0.00822	0.00685	0.00472	0.01039	0.01075	0.01438	0.02417	0.12290	0.02795	0.64593	0.05657	0.00662	0.00701	0.01135	0.00455	0.00455
31	0.00868	0.00620	0.00826	0.00991	0.01033	0.00578	0.00661	0.00991	0.01363	0.01818	0.03925	0.74510	0.04710	0.02231	0.00909	0.00289	0.00413	0.02024	0.00661	0.00578
32	0.05246	0.01092	0.01450	0.01159	0.01607	0.00968	0.00940	0.02871	0.02004	0.51016	0.20231	0.03132	0.03015	0.01023	0.00739	0.00221	0.00534	0.00853	0.00841	0.01057
33	0.01237	0.00618	0.00928	0.00928	0.00928	0.00618	0.00618	0.00928	0.00928	0.01237	0.01237	0.02165	0.01237	0.02474	0.02783	0.79283	0.00618	0.00618	0.00309	0.00309
34	0.01861	0.01717	0.01651	0.01488	0.01887	0.08858	0.01152	0.03689	0.62474	0.02854	0.02717	0.02518	0.02047	0.00943	0.00716	0.00236	0.00636	0.00770	0.00689	0.01097
35	0.01033	0.00702	0.00834	0.00834	0.00854	0.00722	0.00504	0.01073	0.01053	0.01424	0.02191	0.04367	0.02462	0.64021	0.14404	0.00762	0.00882	0.00993	0.00424	0.00464
36	0.01017	0.00763	0.01144	0.01144	0.01272	0.00890	0.00890	0.01272	0.01144	0.01653	0.01907	0.02797	0.01780	0.05340	0.72153	0.01144	0.01907	0.00763	0.00381	0.00636
37	0.02201	0.01113	0.01435	0.01247	0.03768	0.01047	0.00955	0.06546	0.06996	0.34185	0.22773	0.03412	0.05829	0.01081	0.00749	0.00221	0.00521	0.00913	0.04012	0.00997
38	0.01366	0.01295	0.02140	0.66042	0.04597	0.01643	0.01935	0.01809	0.01390	0.01809	0.01232	0.01864	0.00948	0.00766	0.00876	0.00245	0.08305	0.00632	0.00316	0.00790
39	0.00878	0.00723	0.00771	0.00759	0.00984	0.00616	0.00569	0.01092	0.01708	0.02126	0.20889	0.06520	0.56442	0.01728	0.00841	0.00237	0.00355	0.01456	0.00688	0.00616
40	0.02692	0.02004	0.02096	0.01625	0.02181	0.04909	0.01335	0.60918	0.05497	0.06861	0.01768	0.01752	0.01253	0.00855	0.00710	0.00214	0.00789	0.00642	0.00706	0.01193
41	0.02568	0.02789	0.02094	0.01890	0.04988	0.47816	0.03525	0.09548	0.04676	0.08464	0.01403	0.01536	0.01088	0.00780	0.00735	0.00200	0.03972	0.00540	0.00460	0.00927
42	0.01904	0.75404	0.03731	0.01218	0.01828	0.02818	0.01218	0.02132	0.01447	0.01675	0.00990	0.01142	0.00914	0.00609	0.00457	0.00152	0.00761	0.00381	0.00305	0.00914
43	0.01027	0.00693	0.00807	0.00813	0.00824	0.00701	0.00475	0.01052	0.01057	0.01419	0.02284	0.07275	0.02611	0.66808	0.08728	0.00709	0.00772	0.01054	0.00437	0.00453
44	0.01785	0.01940	0.07885	0.06719	0.55175	0.06738	0.02111	0.02286	0.04295	0.02284	0.01376	0.01749	0.01130	0.00661	0.00699	0.00213	0.00886	0.00620	0.00363	0.01087
45	0.01805	0.01773	0.02849	0.04250	0.67280	0.05045	0.02147	0.02217	0.01640	0.02299	0.01328	0.01740	0.01118	0.00639	0.00702	0.00210	0.00867	0.00626	0.00353	0.01114
46	0.00946	0.00675	0.00916	0.01081	0.01156	0.00646	0.00797	0.01126	0.01440	0.01905	0.03882	0.55972	0.04539	0.02157	0.00930	0.00300	0.00481	0.19792	0.00660	0.00600
47	0.01311	0.01051	0.01336	0.01457	0.06978	0.01097	0.01066	0.02098	0.20366	0.02530	0.19214	0.08074	0.06917	0.01466	0.00846	0.00265	0.00547	0.21877	0.00681	0.00822
48	0.01589	0.01281	0.01502	0.01079	0.01707	0.00985	0.00866	0.03540	0.01550	0.05646	0.01350	0.01528	0.01092	0.00552	0.00541	0.00114	0.00538	0.00441	0.00451	0.73647
49	0.06015	0.08247	0.01389	0.01065	0.01366	0.03761	0.00867	0.01837	0.01782	0.13426	0.27784	0.04361	0.11334	0.01534	0.05057	0.00283	0.00601	0.07844	0.00666	0.00782
50	0.01725	0.01916	0.10594	0.04107	0.62936	0.01688	0.02236	0.02193	0.01608	0.02318	0.01332	0.01733	0.01102	0.00639	0.00702	0.00213	0.00869	0.00622	0.00347	0.01119
51	0.02311	0.01818	0.02104	0.01733	0.04120	0.04315	0.06340	0.40259	0.15006	0.05862	0.02072	0.07190	0.01637	0.00946	0.00736	0.00225	0.00761	0.00783	0.00667	0.01115

[dist]
# distance from previous block
# <min> <max>
0	19

[block]
# block no. 3 follows, 29 sequences, length 69
# corresponding to MSA columns:
# 187-255
name=unknown_D
#
# <colnr> <probs for GDERKNQSTAVLIFYWHMCP>
#	G	D	E	R	K	N	Q	S	T	A	V	L	I	F	Y	W	H	M	C	P
0	0.00947	0.00664	0.00858	0.00982	0.01030	0.00639	0.00671	0.01069	0.01320	0.01753	0.03490	0.48212	0.04104	0.20090	0.01587	0.00393	0.00515	0.10517	0.00604	0.00553
1	0.01933	0.04813	0.02497	0.03197	0.41463	0.16146	0.01792	0.02532	0.11727	0.02272	0.01587	0.01978	0.01328	0.00746	0.00695	0.00212	0.00884	0.02735	0.00419	0.01042
2	0.00874	0.00622	0.00824	0.00983	0.01023	0.00583	0.00652	0.00993	0.01351	0.01801	0.03860	0.71833	0.04628	0.05019	0.01013	0.00305	0.00424	0.01986	0.00652	0.00573
3	0.02386	0.09552	0.08289	0.01854	0.05266	0.40268	0.01494	0.14027	0.02093	0.02301	0.01222	0.01399	0.00980	0.00744	0.00691	0.00193	0.03250	0.00501	0.00415	0.03076
4	0.01146	0.00906	0.01122	0.01198	0.04804	0.00882	0.00833	0.03709	0.09750	0.02327	0.16815	0.28665	0.15044	0.01641	0.00832	0.00250	0.00459	0.04606	0.00667	0.04344
5	0.01242	0.00648	0.00984	0.04277	0.01112	0.00663	0.00681	0.00969	0.00951	0.01264	0.01238	0.02152	0.01224	0.02392	0.02687	0.75622	0.00634	0.00619	0.00310	0.00332
6	0.01669	0.01999	0.07191	0.02958	0.03693	0.01794	0.65037	0.02280	0.01673	0.02280	0.01433	0.01902	0.01072	0.00604	0.00833	0.00239	0.01194	0.00826	0.00357	0.00964
7	0.00920	0.00662	0.00899	0.01008	0.01066	0.00665	0.00694	0.01064	0.01278	0.01735	0.03268	0.50190	0.03788	0.10114	0.18540	0.00537	0.00804	0.01620	0.00570	0.00578
8	0.01712	0.01651	0.02851	0.12200	0.60647	0.01683	0.04506	0.02147	0.01601	0.02267	0.01335	0.01784	0.01106	0.00642	0.00711	0.00215	0.00870	0.00642	0.00349	0.01083
9	0.01034	0.00771	0.01041	0.01043	0.01163	0.00843	0.00769	0.01320	0.04584	0.01769	0.06395	0.09632	0.06387	0.16637	0.42363	0.00843	0.01321	0.00993	0.00470	0.00619
10	0.00986	0.00714	0.00917	0.00971	0.01009	0.00738	0.00648	0.01089	0.01238	0.01684	0.05942	0.35060	0.03540	0.28789	0.09162	0.00519	0.04480	0.01433	0.00537	0.00546
11	0.01374	0.01295	0.02188	0.68457	0.09483	0.01590	0.01992	0.01845	0.01438	0.01855	0.01271	0.01889	0.00962	0.00707	0.00711	0.00236	0.00942	0.00633	0.00319	0.00815
12	0.01014	0.00741	0.00960	0.00944	0.01118	0.00688	0.00733	0.01334	0.01921	0.02656	0.54001	0.05882	0.12281	0.01567	0.00862	0.00242	0.00388	0.11254	0.00753	0.00663
13	0.03167	0.01256	0.01680	0.01288	0.01840	0.01112	0.01064	0.07134	0.02112	0.67258	0.02747	0.02383	0.01731	0.00880	0.00716	0.00220	0.00616	0.00712	0.00872	0.01212
14	0.01771	0.01530	0.01610	0.01449	0.01852	0.01771	0.01127	0.03784	0.69247	0.02979	0.02898	0.02657	0.02174	0.00966	0.00725	0.00242	0.00564	0.00805	0.00725	0.01127
15	0.01345	0.01266	0.02136	0.73264	0.04904	0.01582	0.01978	0.01819	0.01424	0.01819	0.01266	0.01898	0.00949	0.00712	0.00712	0.00237	0.00949	0.00633	0.00316	0.00791
16	0.01257	0.00829	0.00909	0.00855	0.00940	0.00852	0.00541	0.08427	0.01350	0.01894	0.02196	0.04064	0.02334	0.56738	0.02879	0.00567	0.00651	0.00942	0.11229	0.00548
17	0.80005	0.01377	0.01047	0.00936	0.01377	0.01597	0.00771	0.02093	0.01212	0.03195	0.00991	0.01157	0.00771	0.00661	0.00441	0.00220	0.00551	0.00386	0.00441	0.00771
18	0.00868	0.00620	0.00826	0.00991	0.01033	0.00578	0.00661	0.00991	0.01363	0.01818	0.03925	0.74510	0.04710	0.02231	0.00909	0.00289	0.00413	0.02024	0.00661	0.00578
19	0.00883	0.00631	0.00844	0.01010	0.01058	0.00592	0.00689	0.01019	0.01379	0.01835	0.03916	0.70746	0.04675	0.02216	0.00913	0.00291	0.00427	0.05633	0.00661	0.00583
20	0.07497	0.01298	0.01666	0.01285	0.01831	0.01192	0.01061	0.09743	0.02120	0.60653	0.02598	0.02282	0.01652	0.00866	0.00700	0.00220	0.00620	0.00690	0.00840	0.01187
21	0.01428	0.03683	0.71286	0.02030	0.03082	0.01654	0.02631	0.02255	0.01503	0.02255	0.01278	0.01503	0.00902	0.00677	0.00677	0.00226	0.01052	0.00526	0.00301	0.01052
22	0.02812	0.01148	0.01537	0.01197	0.01704	0.00987	0.00979	0.03089	0.01987	0.58656	0.08284	0.02859	0.05999	0.00963	0.00724	0.00217	0.00567	0.00792	0.00840	0.04656
23	0.01327	0.00664	0.00664	0.00664	0.00830	0.00664	0.00498	0.01659	0.01493	0.02655	0.02323	0.02655	0.01825	0.00830	0.00498	0.00166	0.00332	0.00664	0.78928	0.00664
24	0.00868	0.00620	0.00826	0.00991	0.01033	0.00578	0.00661	0.00991	0.01363	0.01818	0.03925	0.74510	0.04710	0.02231	0.00909	0.00289	0.00413	0.02024	0.00661	0.00578
25	0.10301	0.01344	0.01661	0.01292	0.01831	0.01279	0.01065	0.12219	0.04106	0.53542	0.02490	0.02214	0.01606	0.00859	0.00690	0.00220	0.00624	0.00677	0.00812	0.01168
26	0.00889	0.00629	0.00820	0.00964	0.00999	0.00593	0.00631	0.00997	0.01321	0.01761	0.03706	0.65419	0.04434	0.11699	0.01262	0.00341	0.00449	0.01896	0.00631	0.00559
27	0.00868	0.00620	0.00826	0.00991	0.01033	0.00578	0.00661	0.00991	0.01363	0.01818	0.03925	0.74510	0.04710	0.02231	0.00909	0.00289	0.00413	0.02024	0.00661	0.00578
28	0.00875	0.00623	0.00824	0.00982	0.01021	0.00583	0.00651	0.00993	0.01349	0.01798	0.03849	0.71362	0.04614	0.05510	0.01031	0.00307	0.00426	0.01980	0.00651	0.00572
29	0.00925	0.00644	0.00809	0.00918	0.00946	0.00616	0.00583	0.01006	0.01252	0.01669	0.03353	0.50749	0.03988	0.26977	0.01833	0.00426	0.00507	0.01688	0.00583	0.00528
30	0.01477	0.01266	0.01477	0.01055	0.01687	0.00949	0.00844	0.01793	0.01477	0.02320	0.01266	0.01477	0.01055	0.00527	0.00527	0.00105	0.00527	0.00422	0.00422	0.79328
31	0.00892	0.00723	0.00791	0.00774	0.00992	0.00622	0.00580	0.01119	0.01741	0.02204	0.26154	0.06391	0.51128	0.01699	0.00841	0.00235	0.00353	0.01438	0.00698	0.00622
32	0.00881	0.00630	0.00842	0.01007	0.01055	0.00590	0.00685	0.01015	0.01377	0.01833	0.03917	0.71228	0.04679	0.02218	0.00913	0.00291	0.00425	0.05170	0.00661	0.00582
33	0.01345	0.01266	0.02136	0.73264	0.04904	0.01582	0.01978	0.01819	0.01424	0.01819	0.01266	0.01898	0.00949	0.00712	0.00712	0.00237	0.00949	0.00633	0.00316	0.00791
34	0.71210	0.01405	0.02918	0.00980	0.01432	0.01537	0.00830	0.02138	0.01290	0.06506	0.03661	0.01383	0.01045	0.00702	0.00475	0.00221	0.00559	0.00439	0.00472	0.00797
35	0.00959	0.00685	0.00931	0.01096	0.01178	0.00657	0.00820	0.01150	0.01454	0.01920	0.03874	0.52756	0.04509	0.02145	0.00933	0.00302	0.00492	0.22875	0.00659	0.00604
36	0.02760	0.01610	0.01867	0.01450	0.01998	0.01657	0.01190	0.33546	0.09415	0.30630	0.02249	0.02080	0.01521	0.00864	0.00708	0.00215	0.00681	0.00679	0.00770	0.04108
37	0.00991	0.00746	0.00936	0.00952	0.01133	0.00677	0.00729	0.01254	0.01727	0.02324	0.30586	0.18350	0.19277	0.01714	0.00863	0.00251	0.00417	0.12231	0.00698	0.04142
38	0.01067	0.00731	0.00822	0.00819	0.00842	0.00742	0.00476	0.01176	0.04570	0.01479	0.02340	0.07155	0.02646	0.68448	0.03374	0.00652	0.00673	0.01060	0.00455	0.00473
39	0.01409	0.01391	0.02532	0.59782	0.04677	0.01624	0.14635	0.01908	0.01473	0.01908	0.01299	0.01903	0.00974	0.00690	0.00737	0.00238	0.00997	0.00673	0.00325	0.00824
40	0.00880	0.00652	0.00812	0.00920	0.01009	0.00595	0.00627	0.01025	0.01448	0.01894	0.09319	0.52459	0.18125	0.05456	0.01016	0.00293	0.00410	0.01819	0.00659	0.00583
41	0.00886	0.00638	0.00820	0.00950	0.01008	0.00593	0.00634	0.01014	0.01386	0.01839	0.07101	0.60657	0.09508	0.08012	0.01119	0.00315	0.00428	0.01872	0.00648	0.00573
42	0.63438	0.01730	0.01294	0.01245	0.04699	0.13422	0.00938	0.02223	0.01366	0.02911	0.01026	0.01206	0.00812	0.00672	0.00487	0.00214	0.00687	0.00409	0.00424	0.00797
43	0.00849	0.00722	0.00732	0.00729	0.00967	0.00604	0.00547	0.01037	0.01641	0.01967	0.10128	0.06782	0.67303	0.01787	0.00841	0.00240	0.00360	0.01493	0.00667	0.00604
44	0.01637	0.02075	0.11333	0.04892	0.03591	0.01798	0.55486	0.02235	0.01623	0.02235	0.01392	0.01856	0.01050	0.00645	0.00896	0.00242	0.04919	0.00789	0.00350	0.00956
45	0.01036	0.00690	0.00777	0.00777	0.00777	0.00690	0.00431	0.01036	0.01036	0.01381	0.02244	0.04660	0.02589	0.74975	0.03624	0.00690	0.00690	0.01036	0.00431	0.00431
46	0.01724	0.03269	0.59614	0.01902	0.02870	0.01552	0.02365	0.02459	0.01593	0.13783	0.01535	0.01658	0.01046	0.00711	0.00683	0.00225	0.00978	0.00558	0.00398	0.01079
47	0.03080	0.01217	0.01637	0.01263	0.01797	0.01069	0.01040	0.05572	0.02082	0.65693	0.05808	0.02530	0.01967	0.00906	0.00722	0.00220	0.00600	0.00739	0.00871	0.01187
48	0.02678	0.01980	0.02121	0.01632	0.02197	0.02195	0.01346	0.66162	0.05392	0.04441	0.01746	0.01739	0.01241	0.00858	0.00713	0.00215	0.00777	0.00646	0.00713	0.01208
49	0.01001	0.00728	0.00942	0.00889	0.01060	0.00669	0.00667	0.01331	0.02000	0.02817	0.67580	0.05382	0.09320	0.01470	0.00840	0.00225	0.00337	0.01297	0.00779	0.00669
50	0.01432	0.01343	0.02264	0.54131	0.19817	0.01572	0.01987	0.01888	0.01479	0.01950	0.01398	0.02150	0.01135	0.00752	0.00723	0.00236	0.00912	0.03631	0.00340	0.00862
51	0.01017	0.00763	0.01144	0.01144	0.01272	0.00890	0.00890	0.01272	0.01144	0.01653	0.01907	0.02797	0.01780	0.05340	0.72153	0.01144	0.01907	0.00763	0.00381	0.00636
52	0.01558	0.01558	0.02181	0.01869	0.01869	0.02181	0.01558	0.01714	0.01091	0.01714	0.00935	0.01558	0.00935	0.01246	0.02337	0.00312	0.73672	0.00623	0.00312	0.00779
53	0.01036	0.00823	0.00946	0.00913	0.01137	0.00778	0.00698	0.01502	0.09563	0.02453	0.33322	0.05784	0.31629	0.01568	0.00835	0.00238	0.00390	0.04969	0.00720	0.00695
54	0.01244	0.00622	0.00907	0.00907	0.00920	0.00622	0.00609	0.00986	0.00973	0.01350	0.01324	0.02204	0.01284	0.02342	0.02600	0.72952	0.00595	0.00622	0.06600	0.00338
55	0.00889	0.00633	0.00833	0.00971	0.01019	0.00593	0.00647	0.01022	0.01394	0.01872	0.09017	0.64700	0.04734	0.06732	0.01074	0.00309	0.00424	0.01904	0.00656	0.00576
56	0.76039	0.01369	0.01078	0.00953	0.01400	0.01569	0.00785	0.02164	0.01254	0.06697	0.01085	0.01222	0.00822	0.00672	0.00455	0.00220	0.00554	0.00403	0.00463	0.00794
57	0.01882	0.01694	0.01665	0.01487	0.01895	0.07205	0.01156	0.06613	0.61102	0.02952	0.02706	0.02508	0.02034	0.00943	0.00718	0.00236	0.00629	0.00771	0.00696	0.01108
58	0.18558	0.01309	0.01523	0.01256	0.01735	0.01309	0.01039	0.09820	0.06712	0.38008	0.02429	0.02700	0.01778	0.00954	0.00688	0.00233	0.00616	0.07540	0.00738	0.01057
59	0.01072	0.00766	0.01061	0.01225	0.01356	0.00755	0.01016	0.01345	0.01565	0.02047	0.03812	0.25937	0.04263	0.02038	0.00963	0.00317	0.00590	0.48580	0.00657	0.00635
60	0.00858	0.00710	0.00752	0.00767	0.00978	0.00604	0.00565	0.01044	0.01624	0.01986	0.11881	0.14563	0.57561	0.01825	0.00849	0.00245	0.00365	0.01546	0.00671	0.00604
61	0.01100	0.00755	0.00883	0.00902	0.00971	0.00756	0.00581	0.04456	0.03063	0.01856	0.06263	0.25886	0.03334	0.39128	0.02254	0.00479	0.00568	0.01307	0.04900	0.00558
62	0.01047	0.00689	0.00772	0.00772	0.00779	0.00689	0.00434	0.01061	0.01054	0.01433	0.02247	0.04578	0.02558	0.71939	0.03496	0.00669	0.00676	0.01020	0.03646	0.00441
63	0.10905	0.01398	0.01696	0.01314	0.01858	0.01355	0.01085	0.17367	0.02238	0.49686	0.02386	0.02140	0.01542	0.00853	0.00687	0.00219	0.00639	0.00666	0.00800	0.01167
64	0.01641	0.01315	0.01431	0.01322	0.01662	0.01468	0.01012	0.03143	0.50568	0.06238	0.03310	0.14927	0.06432	0.01221	0.00762	0.00248	0.00529	0.01044	0.00718	0.01010
65	0.00935	0.00669	0.00827	0.00891	0.00966	0.00627	0.00592	0.01073	0.01429	0.01913	0.16429	0.36684	0.11030	0.20744	0.01587	0.00375	0.00465	0.01578	0.00625	0.00561
66	0.01558	0.01558	0.02181	0.01869	0.01869	0.02181	0.01558	0.01714	0.01091	0.01714	0.00935	0.01558	0.00935	0.01246	0.02337	0.00312	0.73672	0.00623	0.00312	0.00779
67	0.80005	0.01377	0.01047	0.00936	0.01377	0.01597	0.00771	0.02093	0.01212	0.03195	0.00991	0.01157	0.00771	0.00661	0.00441	0.00220	0.00551	0.00386	0.00441	0.00771
68	0.34343	0.01179	0.01242	0.01042	0.01473	0.01191	0.00847	0.02441	0.01666	0.28948	0.11572	0.02609	0.06836	0.00934	0.00628	0.00222	0.00529	0.00713	0.00671	0.00914

[dist]
# distance from previous block
# <min> <max>
0	2

[block]
# block no. 4 follows, 29 sequences, length 13
# corresponding to MSA columns:
# 258-270
name=unknown_E
#
# <colnr> <probs for GDERKNQSTAVLIFYWHMCP>
#	G	D	E	R	K	N	Q	S	T	A	V	L	I	F	Y	W	H	M	C	P
0	0.00893	0.00630	0.00819	0.00959	0.00994	0.00595	0.00626	0.00998	0.01314	0.01751	0.03670	0.63916	0.04388	0.13264	0.01321	0.00350	0.00455	0.01874	0.00626	0.00556
1	0.00980	0.00674	0.00786	0.00828	0.00854	0.00656	0.00497	0.01023	0.01156	0.01527	0.02985	0.22710	0.07362	0.51745	0.02754	0.00559	0.00599	0.01318	0.00505	0.00480
2	0.00874	0.00723	0.00767	0.00756	0.00982	0.00615	0.00567	0.01085	0.01700	0.02107	0.19584	0.06551	0.57759	0.01735	0.00841	0.00237	0.00356	0.01461	0.00685	0.00615
3	0.01237	0.00618	0.00928	0.00928	0.00928	0.00618	0.00618	0.00928	0.00928	0.01237	0.01237	0.02165	0.01237	0.02474	0.02783	0.79283	0.00618	0.00618	0.00309	0.00309
4	0.69734	0.01397	0.01121	0.01004	0.01439	0.01620	0.00818	0.02315	0.10144	0.03166	0.01242	0.01354	0.00955	0.00701	0.00478	0.00223	0.00552	0.00441	0.00478	0.00818
5	0.00938	0.00879	0.04420	0.00891	0.01142	0.00690	0.00737	0.01197	0.01697	0.02165	0.20627	0.08910	0.43954	0.01699	0.00848	0.00246	0.00419	0.07229	0.00670	0.00644
6	0.02233	0.01946	0.02334	0.02633	0.27224	0.08129	0.01631	0.29744	0.11249	0.03255	0.01676	0.01816	0.01281	0.00778	0.00705	0.00214	0.00822	0.00644	0.00551	0.01135
7	0.01632	0.06275	0.02491	0.02051	0.05579	0.05573	0.09346	0.01864	0.01258	0.01808	0.01077	0.01635	0.01003	0.01284	0.05457	0.00324	0.49564	0.00633	0.00325	0.00822
8	0.01628	0.01665	0.02272	0.14807	0.02603	0.08927	0.08888	0.04026	0.01412	0.01916	0.03091	0.01829	0.01181	0.01307	0.06503	0.00330	0.35793	0.00661	0.00354	0.00807
9	0.00844	0.00713	0.00730	0.00743	0.00967	0.00599	0.00551	0.01019	0.01602	0.01915	0.06950	0.12270	0.64997	0.01838	0.00847	0.00244	0.00365	0.01545	0.00661	0.00599
10	0.17532	0.01942	0.13417	0.02079	0.02703	0.01633	0.30517	0.07957	0.01670	0.02606	0.01633	0.10008	0.01418	0.00834	0.00730	0.00237	0.00918	0.00817	0.00433	0.00915
11	0.01868	0.52724	0.15970	0.01450	0.02094	0.08690	0.01507	0.02200	0.01493	0.01790	0.01050	0.01239	0.00913	0.00659	0.00593	0.00175	0.03926	0.00425	0.00310	0.00926
12	0.01463	0.03440	0.62021	0.02164	0.03170	0.01674	0.11651	0.02259	0.01528	0.02259	0.01300	0.01561	0.00927	0.00666	0.00699	0.00228	0.01073	0.00570	0.00309	0.01040

[dist]
# distance from previous block
# <min> <max>
0	5

[block]
# block no. 5 follows, 29 sequences, length 168
# corresponding to MSA columns:
# 276-443
name=unknown_F
#
# <colnr> <probs for GDERKNQSTAVLIFYWHMCP>
#	G	D	E	R	K	N	Q	S	T	A	V	L	I	F	Y	W	H	M	C	P
0	0.01730	0.01717	0.02647	0.20478	0.49948	0.06883	0.02076	0.02148	0.01604	0.02163	0.01304	0.01759	0.01070	0.00660	0.00702	0.00216	0.00903	0.00621	0.00345	0.01026
1	0.01712	0.01623	0.05621	0.01663	0.06798	0.01703	0.01265	0.03458	0.57137	0.02885	0.06122	0.02663	0.02258	0.00951	0.00726	0.00238	0.00600	0.00802	0.00677	0.01100
2	0.80005	0.01377	0.01047	0.00936	0.01377	0.01597	0.00771	0.02093	0.01212	0.03195	0.00991	0.01157	0.00771	0.00661	0.00441	0.00220	0.00551	0.00386	0.00441	0.00771
3	0.01345	0.01266	0.02136	0.73264	0.04904	0.01582	0.01978	0.01819	0.01424	0.01819	0.01266	0.01898	0.00949	0.00712	0.00712	0.00237	0.00949	0.00633	0.00316	0.00791
4	0.00886	0.00746	0.00815	0.03947	0.01150	0.00654	0.00622	0.01100	0.01667	0.02044	0.15415	0.06428	0.58643	0.01708	0.00836	0.00238	0.00383	0.01435	0.00663	0.00619
5	0.01017	0.00763	0.01144	0.01144	0.01272	0.00890	0.00890	0.01272	0.01144	0.01653	0.01907	0.02797	0.01780	0.05340	0.72153	0.01144	0.01907	0.00763	0.00381	0.00636
6	0.00885	0.00642	0.00836	0.00958	0.01032	0.00593	0.00654	0.01043	0.01473	0.01970	0.13354	0.59855	0.09891	0.02091	0.00894	0.00276	0.00398	0.01883	0.00678	0.00593
7	0.03132	0.01226	0.01651	0.01275	0.01819	0.01079	0.01050	0.03484	0.05005	0.68022	0.02813	0.02434	0.01781	0.00885	0.00716	0.00221	0.00604	0.00720	0.00874	0.01208
8	0.80005	0.01377	0.01047	0.00936	0.01377	0.01597	0.00771	0.02093	0.01212	0.03195	0.00991	0.01157	0.00771	0.00661	0.00441	0.00220	0.00551	0.00386	0.00441	0.00771
9	0.01319	0.03002	0.55326	0.01782	0.02621	0.01422	0.02186	0.02013	0.01555	0.02288	0.10305	0.09254	0.02021	0.00930	0.00720	0.00232	0.00898	0.00772	0.00398	0.00957
10	0.00862	0.00728	0.00750	0.00762	0.00997	0.00616	0.00582	0.01053	0.01624	0.01938	0.06979	0.06933	0.65742	0.01815	0.00851	0.00246	0.00381	0.05876	0.00661	0.00605
11	0.04983	0.01453	0.01665	0.01356	0.01838	0.01519	0.01096	0.17702	0.22896	0.28941	0.02505	0.02312	0.01739	0.00891	0.00695	0.00222	0.00613	0.00713	0.05727	0.01137
12	0.00873	0.00622	0.00825	0.00984	0.01024	0.00582	0.00653	0.00993	0.01352	0.01803	0.03868	0.72158	0.04638	0.04680	0.01000	0.00303	0.00422	0.01991	0.00653	0.00573
13	0.00967	0.00715	0.00902	0.00879	0.01044	0.00651	0.00650	0.01256	0.01884	0.02598	0.53185	0.12949	0.16496	0.01593	0.00847	0.00234	0.00348	0.01400	0.00751	0.00651
14	0.01557	0.01258	0.01374	0.01254	0.01588	0.01384	0.00966	0.02949	0.45369	0.05249	0.15118	0.06743	0.09788	0.01188	0.00764	0.00240	0.00499	0.01010	0.00731	0.00974
15	0.70017	0.01322	0.01077	0.00963	0.01389	0.01500	0.00785	0.02129	0.01280	0.07973	0.01288	0.05408	0.01066	0.00766	0.00487	0.00224	0.00547	0.00502	0.00485	0.00792
16	0.00868	0.00620	0.00826	0.00991	0.01033	0.00578	0.00661	0.00991	0.01363	0.01818	0.03925	0.74510	0.04710	0.02231	0.00909	0.00289	0.00413	0.02024	0.00661	0.00578
17	0.01051	0.00726	0.00940	0.00913	0.01079	0.00665	0.00674	0.01338	0.01878	0.05066	0.52104	0.17085	0.10610	0.01591	0.00847	0.00236	0.00360	0.01407	0.00758	0.00670
18	0.00939	0.00748	0.00859	0.00917	0.01126	0.00669	0.00736	0.01163	0.01618	0.01985	0.06006	0.09849	0.46952	0.01871	0.00889	0.00270	0.00455	0.21673	0.00659	0.00617
19	0.08224	0.00686	0.00938	0.00928	0.00968	0.00705	0.00632	0.01031	0.00953	0.01411	0.01215	0.02075	0.01196	0.02313	0.02575	0.72270	0.00612	0.00598	0.00321	0.00350
20	0.00919	0.00757	0.00813	0.00805	0.01036	0.00667	0.00612	0.01202	0.04255	0.02133	0.17700	0.06483	0.53841	0.01719	0.00843	0.00242	0.00377	0.04275	0.00684	0.00636
21	0.01824	0.01556	0.01640	0.01460	0.01872	0.01796	0.01140	0.07435	0.65509	0.03064	0.02831	0.02603	0.02119	0.00960	0.00724	0.00240	0.00576	0.00796	0.00724	0.01132
22	0.02737	0.01946	0.02107	0.01615	0.02184	0.02136	0.01334	0.64114	0.03266	0.08648	0.01778	0.01754	0.01245	0.00856	0.00713	0.00214	0.00772	0.00646	0.00723	0.01211
