[name]
unknown

[dist]
# distance from previous block
# <min> <max>
0	20

[block]
# block no. 0 follows, 30 sequences, length 10
# corresponding to MSA columns:
# 20-29
name=unknown_A
#
# <colnr> <probs for GDERKNQSTAVLIFYWHMCP>
#	G	D	E	R	K	N	Q	S	T	A	V	L	I	F	Y	W	H	M	C	P
0	0.01124	0.00803	0.01124	0.01285	0.01446	0.00803	0.01124	0.01446	0.01606	0.02088	0.03695	0.07871	0.04016	0.01928	0.00964	0.00321	0.00643	0.66426	0.00643	0.00643
1	0.02961	0.01365	0.01717	0.01327	0.01864	0.01301	0.01093	0.17187	0.05629	0.54052	0.02530	0.02239	0.01633	0.00862	0.00701	0.00216	0.00628	0.00691	0.00821	0.01183
2	0.01694	0.01200	0.01344	0.01177	0.01533	0.01260	0.00922	0.07939	0.29900	0.12312	0.16100	0.03744	0.15578	0.01168	0.00750	0.00228	0.00497	0.00979	0.00730	0.00944
3	0.00985	0.00772	0.01106	0.01097	0.01250	0.00697	0.05224	0.01160	0.01374	0.01879	0.05493	0.55799	0.03925	0.05640	0.00978	0.00278	0.00481	0.01653	0.00594	0.09613
4	0.00879	0.00645	0.00825	0.00916	0.01010	0.00591	0.00635	0.01055	0.01517	0.02030	0.19760	0.50022	0.13632	0.01956	0.00866	0.00262	0.00381	0.01751	0.00676	0.00591
5	0.02440	0.02999	0.02131	0.01864	0.02217	0.58287	0.05533	0.05311	0.01918	0.01847	0.01107	0.01341	0.00922	0.00767	0.00812	0.00197	0.08616	0.00496	0.00367	0.00828
6	0.02431	0.01770	0.01925	0.01505	0.02029	0.01918	0.01228	0.52516	0.08779	0.07100	0.01897	0.05149	0.01441	0.00889	0.00696	0.00208	0.00708	0.00694	0.00685	0.06431
7	0.01087	0.00799	0.00998	0.00958	0.01149	0.00761	0.00739	0.05787	0.01936	0.02655	0.46973	0.09777	0.13416	0.01530	0.00835	0.00236	0.00401	0.08558	0.00728	0.00678
8	0.02232	0.01644	0.01798	0.01438	0.01886	0.01790	0.01154	0.51619	0.02761	0.03716	0.01952	0.10323	0.01687	0.06142	0.03645	0.00280	0.00753	0.00807	0.00652	0.03721
9	0.01650	0.01348	0.01509	0.01157	0.01686	0.01227	0.00918	0.14133	0.10497	0.02676	0.01867	0.02062	0.04809	0.04522	0.00745	0.00176	0.00567	0.00585	0.00515	0.47351

[dist]
# distance from previous block
# <min> <max>
22	32

[block]
# block no. 1 follows, 30 sequences, length 14
# corresponding to MSA columns:
# 65-78
name=unknown_B
#
# <colnr> <probs for GDERKNQSTAVLIFYWHMCP>
#	G	D	E	R	K	N	Q	S	T	A	V	L	I	F	Y	W	H	M	C	P
0	0.02302	0.02353	0.01972	0.01868	0.08154	0.30223	0.01347	0.18728	0.20781	0.02731	0.01722	0.01766	0.01322	0.00801	0.00673	0.00205	0.00911	0.00600	0.00535	0.01006
1	0.01753	0.01618	0.02547	0.10207	0.51060	0.01693	0.01930	0.06825	0.10759	0.02462	0.01533	0.01853	0.01231	0.00687	0.00695	0.00214	0.00798	0.00644	0.00414	0.01080
2	0.40145	0.03811	0.01560	0.07644	0.01961	0.11171	0.01084	0.14320	0.07543	0.02992	0.01296	0.01437	0.00989	0.00720	0.00554	0.00211	0.00718	0.00489	0.00480	0.00876
3	0.00991	0.00716	0.00799	0.00795	0.00880	0.00692	0.00505	0.01144	0.03985	0.01682	0.09436	0.08240	0.18403	0.45998	0.02461	0.00501	0.00556	0.01175	0.00526	0.00515
4	0.02550	0.01785	0.01945	0.01518	0.02047	0.01946	0.01245	0.52920	0.09866	0.11372	0.02087	0.02011	0.03639	0.00882	0.00704	0.00214	0.00714	0.00680	0.00715	0.01159
5	0.01398	0.01362	0.02427	0.58259	0.10492	0.01588	0.10814	0.01875	0.01446	0.01887	0.01269	0.01852	0.00963	0.00676	0.00714	0.00231	0.00954	0.00647	0.00319	0.00826
6	0.01404	0.01296	0.01172	0.01081	0.01305	0.16278	0.00814	0.01692	0.01958	0.04882	0.50196	0.04332	0.08331	0.01271	0.00777	0.00212	0.00541	0.01077	0.00677	0.00706
7	0.00972	0.00691	0.00874	0.00978	0.01041	0.00670	0.00654	0.04725	0.01399	0.01867	0.03499	0.61255	0.04139	0.12216	0.01247	0.00334	0.00462	0.01775	0.00620	0.00581
8	0.03067	0.01290	0.01683	0.01290	0.01832	0.01177	0.01066	0.12092	0.02168	0.62673	0.02610	0.02282	0.01656	0.00860	0.00701	0.00215	0.00617	0.00692	0.00842	0.01187
9	0.02577	0.01917	0.02052	0.01590	0.02135	0.02129	0.01308	0.63418	0.08782	0.04276	0.01772	0.01752	0.01265	0.00847	0.00699	0.00212	0.00750	0.00642	0.00699	0.01180
10	0.02118	0.01678	0.01751	0.01479	0.01931	0.03966	0.01176	0.23742	0.43702	0.06960	0.02423	0.02265	0.01781	0.00902	0.00703	0.00225	0.00642	0.00725	0.00704	0.01125
11	0.01618	0.01797	0.03644	0.02676	0.03213	0.01854	0.52558	0.02102	0.01509	0.02102	0.01293	0.01797	0.01025	0.00740	0.01174	0.00252	0.18631	0.00773	0.00342	0.00899
12	0.01061	0.00884	0.01103	0.01278	0.10351	0.00816	0.00815	0.04423	0.01712	0.02201	0.16463	0.11932	0.41274	0.01553	0.00807	0.00232	0.00437	0.01332	0.00630	0.00696
13	0.02115	0.01521	0.01683	0.01384	0.01867	0.01618	0.01106	0.18107	0.35498	0.13520	0.02351	0.02206	0.01711	0.00852	0.00680	0.00210	0.00603	0.00690	0.00691	0.11587

[dist]
# distance from previous block
# <min> <max>
3	17

[block]
# block no. 2 follows, 30 sequences, length 7
# corresponding to MSA columns:
# 96-102
name=unknown_C
#
# <colnr> <probs for GDERKNQSTAVLIFYWHMCP>
#	G	D	E	R	K	N	Q	S	T	A	V	L	I	F	Y	W	H	M	C	P
0	0.06335	0.58816	0.03168	0.01222	0.01774	0.06953	0.01159	0.06782	0.01573	0.01963	0.01082	0.01230	0.00946	0.00633	0.00477	0.00160	0.00751	0.00408	0.03677	0.00892
1	0.02565	0.01981	0.01987	0.01577	0.02095	0.08928	0.01281	0.49906	0.11380	0.08383	0.01834	0.01797	0.01312	0.00841	0.00693	0.00210	0.00777	0.00636	0.00677	0.01140
2	0.01451	0.00823	0.01040	0.00922	0.01192	0.00728	0.00714	0.01730	0.01888	0.18725	0.39510	0.04908	0.20869	0.01376	0.00795	0.00223	0.00397	0.01181	0.00762	0.00766
3	0.01112	0.00771	0.00889	0.00858	0.00925	0.00784	0.00544	0.05720	0.01276	0.01714	0.07089	0.06800	0.05105	0.55310	0.07737	0.00615	0.00720	0.01036	0.00478	0.00516
4	0.01971	0.01667	0.01651	0.01453	0.01866	0.07871	0.01136	0.08092	0.54708	0.07649	0.02601	0.02407	0.01931	0.00914	0.00702	0.00228	0.00631	0.00742	0.00689	0.01090
5	0.00914	0.00705	0.00937	0.01143	0.05823	0.00652	0.00729	0.01079	0.01442	0.01899	0.08474	0.52672	0.17038	0.01952	0.00860	0.00265	0.00420	0.01748	0.00635	0.00614
6	0.01579	0.01333	0.01514	0.01137	0.01716	0.01149	0.00908	0.06757	0.12854	0.02529	0.01534	0.01654	0.01225	0.00610	0.00561	0.00133	0.00540	0.00490	0.00482	0.61295

[dist]
# distance from previous block
# <min> <max>
6	16

[block]
# block no. 3 follows, 30 sequences, length 194
# corresponding to MSA columns:
# 119-312
name=unknown_D
#
# <colnr> <probs for GDERKNQSTAVLIFYWHMCP>
#	G	D	E	R	K	N	Q	S	T	A	V	L	I	F	Y	W	H	M	C	P
0	0.02260	0.12525	0.02123	0.01684	0.04470	0.41929	0.01278	0.07186	0.11013	0.02133	0.05754	0.01714	0.01449	0.00782	0.00635	0.00189	0.00988	0.00554	0.00446	0.00887
1	0.01841	0.68806	0.05721	0.01221	0.01804	0.04614	0.01216	0.02074	0.01421	0.01652	0.01027	0.01259	0.00954	0.03293	0.00571	0.00171	0.00767	0.00403	0.00305	0.00881
2	0.05269	0.01410	0.01841	0.05917	0.02114	0.01295	0.08050	0.08898	0.05596	0.02520	0.01374	0.01597	0.01093	0.00620	0.00637	0.00155	0.02753	0.00517	0.00445	0.47897
3	0.01403	0.01327	0.02247	0.59344	0.18595	0.01573	0.01980	0.01858	0.01436	0.01886	0.01255	0.01833	0.00967	0.00682	0.00696	0.00227	0.00909	0.00620	0.00317	0.00844
4	0.08734	0.05021	0.02018	0.03798	0.02140	0.21128	0.01298	0.36450	0.05131	0.03244	0.01439	0.01535	0.01084	0.00793	0.00699	0.00204	0.03171	0.00556	0.00547	0.01010
5	0.01553	0.13707	0.02577	0.33948	0.28238	0.01756	0.01841	0.01932	0.01452	0.01919	0.01221	0.01699	0.00998	0.00716	0.00727	0.03065	0.00851	0.00579	0.00321	0.00898
6	0.01511	0.20856	0.55588	0.01799	0.02727	0.01893	0.02248	0.02181	0.01460	0.02074	0.01185	0.01389	0.00887	0.00647	0.00612	0.00204	0.00963	0.00482	0.00296	0.00999
7	0.01015	0.00788	0.01002	0.00987	0.01171	0.00731	0.00725	0.01219	0.01445	0.02000	0.13047	0.32530	0.10673	0.04032	0.07597	0.00330	0.02863	0.03585	0.00584	0.13678
8	0.01525	0.01416	0.02173	0.57160	0.11969	0.03756	0.01887	0.08006	0.01608	0.02077	0.01284	0.01810	0.00973	0.00703	0.00695	0.00226	0.00914	0.00616	0.00351	0.00851
9	0.00863	0.00631	0.00812	0.00930	0.01007	0.00580	0.00635	0.01014	0.01438	0.01908	0.11778	0.59163	0.12569	0.02052	0.00875	0.00271	0.00390	0.01843	0.00661	0.00580
10	0.02116	0.02319	0.01712	0.01537	0.01868	0.39079	0.01180	0.12477	0.04168	0.02151	0.01780	0.02039	0.05578	0.01813	0.16662	0.00399	0.01239	0.00619	0.00444	0.00821
11	0.01898	0.72746	0.03584	0.01220	0.01807	0.05796	0.01201	0.02120	0.01442	0.01645	0.00975	0.01125	0.00896	0.00602	0.00456	0.00151	0.00768	0.00376	0.00301	0.00892
12	0.02947	0.01268	0.01668	0.01300	0.01809	0.01186	0.01070	0.07313	0.06187	0.60290	0.02613	0.02310	0.01684	0.00883	0.00771	0.00221	0.03797	0.00699	0.00820	0.01164
13	0.01009	0.00678	0.00783	0.00788	0.00796	0.00684	0.00455	0.01027	0.01031	0.01381	0.02231	0.06621	0.02556	0.69253	0.07387	0.00690	0.00736	0.01029	0.00427	0.00439
14	0.01240	0.00941	0.01267	0.01188	0.01358	0.00943	0.05932	0.12286	0.01622	0.02169	0.02994	0.44187	0.03389	0.15467	0.01348	0.00341	0.00575	0.01491	0.00592	0.00671
15	0.01398	0.04006	0.01883	0.01587	0.01691	0.04645	0.03367	0.01602	0.01156	0.01675	0.01282	0.01948	0.01216	0.02598	0.27381	0.00585	0.40270	0.00651	0.00333	0.00725
16	0.00888	0.00634	0.00853	0.01015	0.01072	0.00599	0.00713	0.01037	0.01373	0.01823	0.03825	0.65819	0.04533	0.02151	0.00901	0.00289	0.00437	0.10814	0.00647	0.00577
17	0.01430	0.06559	0.66067	0.01997	0.02996	0.01675	0.05386	0.02206	0.01479	0.02187	0.01247	0.01476	0.00892	0.00657	0.00661	0.00219	0.01026	0.00523	0.00297	0.01022
18	0.03714	0.00962	0.01263	0.03422	0.01446	0.01107	0.00932	0.10529	0.01439	0.02094	0.01810	0.02594	0.01641	0.08749	0.46864	0.00825	0.03944	0.00724	0.05240	0.00702
19	0.01034	0.00743	0.01017	0.01167	0.01297	0.00726	0.00959	0.01295	0.01541	0.02017	0.05775	0.26382	0.06539	0.01980	0.00935	0.00305	0.00558	0.44463	0.00648	0.00620
20	0.01007	0.00740	0.00947	0.00890	0.01066	0.00693	0.00669	0.01388	0.04331	0.02767	0.65928	0.05179	0.08907	0.01423	0.00819	0.00221	0.00338	0.01254	0.00762	0.00671
21	0.45388	0.04284	0.03763	0.04239	0.06092	0.04196	0.01073	0.04494	0.12716	0.05757	0.01422	0.01527	0.01080	0.00714	0.00540	0.00216	0.00634	0.00499	0.00482	0.00884
22	0.04089	0.04066	0.06982	0.06770	0.57605	0.04109	0.02062	0.02149	0.01570	0.02241	0.01277	0.01665	0.01060	0.00631	0.00672	0.00207	0.00849	0.00594	0.00342	0.01060
23	0.80405	0.01350	0.01026	0.00918	0.01350	0.01565	0.00756	0.02051	0.01188	0.03131	0.00972	0.01134	0.00756	0.00648	0.00432	0.00216	0.00540	0.00378	0.00432	0.00756
24	0.01540	0.01619	0.02860	0.07036	0.02706	0.01911	0.27348	0.01881	0.01321	0.01903	0.01210	0.03722	0.01074	0.00969	0.01580	0.00273	0.39154	0.00731	0.00333	0.00827
25	0.01728	0.01651	0.02774	0.04150	0.67905	0.01662	0.02093	0.02214	0.04758	0.02309	0.01384	0.01768	0.01153	0.00637	0.00692	0.00209	0.00816	0.00630	0.00362	0.01105
26	0.01525	0.01238	0.01455	0.01043	0.01660	0.00935	0.00836	0.01833	0.01473	0.05492	0.01311	0.01490	0.01066	0.00533	0.00525	0.00109	0.00520	0.00427	0.00434	0.76095
27	0.01936	0.55739	0.11081	0.01384	0.01990	0.14187	0.01376	0.02218	0.01517	0.01717	0.01020	0.01182	0.00895	0.00625	0.00502	0.00162	0.00863	0.00402	0.00308	0.00897
28	0.04185	0.00910	0.01283	0.01501	0.13852	0.00876	0.00933	0.01496	0.01874	0.02716	0.55382	0.04419	0.05359	0.01250	0.00784	0.00217	0.00429	0.01111	0.00678	0.00744
29	0.14257	0.01262	0.01344	0.01169	0.01539	0.04213	0.00919	0.02671	0.20357	0.20709	0.13348	0.02858	0.04368	0.03587	0.04113	0.00278	0.00615	0.00787	0.00675	0.00929
30	0.01694	0.01825	0.03219	0.02432	0.02862	0.05208	0.38470	0.05051	0.01529	0.02109	0.01231	0.01717	0.01006	0.00832	0.01333	0.00257	0.27269	0.00721	0.00352	0.00882
31	0.03052	0.01314	0.01698	0.01302	0.01845	0.01214	0.01075	0.14209	0.02209	0.60498	0.02575	0.02260	0.01638	0.00859	0.00701	0.00215	0.00623	0.00690	0.00836	0.01187
32	0.01736	0.01499	0.01578	0.01420	0.01815	0.01736	0.01105	0.03708	0.69862	0.02919	0.02840	0.02604	0.02130	0.00947	0.00710	0.00237	0.00552	0.00789	0.00710	0.01105
33	0.01677	0.01927	0.04051	0.02905	0.03601	0.03979	0.66489	0.02253	0.01657	0.02219	0.01401	0.01863	0.01054	0.00592	0.00817	0.00234	0.01179	0.00812	0.00353	0.00937
34	0.00850	0.00607	0.00810	0.00972	0.01012	0.00567	0.00648	0.00972	0.01336	0.01781	0.03846	0.75020	0.04615	0.02186	0.00891	0.00283	0.00405	0.01984	0.00648	0.00567
35	0.00879	0.00629	0.00842	0.00993	0.01050	0.00591	0.00688	0.01027	0.01388	0.01854	0.06936	0.66179	0.04657	0.02129	0.00894	0.00284	0.00421	0.07329	0.00653	0.00577
36	0.00997	0.00748	0.01121	0.01121	0.01246	0.00872	0.00872	0.01246	0.01121	0.01620	0.01869	0.02741	0.01745	0.05234	0.72710	0.01121	0.01869	0.00748	0.00374	0.00623
37	0.01848	0.73108	0.06287	0.01225	0.01838	0.02717	0.01247	0.02094	0.01420	0.01664	0.00981	0.01133	0.00895	0.00600	0.00456	0.00152	0.00757	0.00379	0.00298	0.00901
38	0.00850	0.00607	0.00810	0.00972	0.01012	0.00567	0.00648	0.00972	0.01336	0.01781	0.03846	0.75020	0.04615	0.02186	0.00891	0.00283	0.00405	0.01984	0.00648	0.00567
39	0.01301	0.00650	0.00650	0.00650	0.00813	0.00650	0.00488	0.01626	0.01463	0.02602	0.02276	0.02602	0.01789	0.00813	0.00488	0.00163	0.00325	0.00650	0.79350	0.00650
40	0.01857	0.01863	0.02711	0.03915	0.61062	0.10065	0.02025	0.04064	0.01682	0.02271	0.01295	0.01670	0.01083	0.00639	0.00684	0.00204	0.00878	0.00602	0.00357	0.01073
41	0.02357	0.01163	0.01422	0.01160	0.01555	0.01125	0.00920	0.15888	0.02048	0.34902	0.04417	0.08555	0.02065	0.06661	0.00906	0.00248	0.00573	0.00826	0.12226	0.00984
42	0.05411	0.02893	0.01899	0.01788	0.05233	0.56723	0.01302	0.07379	0.01988	0.02042	0.01210	0.01397	0.00985	0.00727	0.00620	0.00183	0.01112	0.00481	0.05790	0.00837
43	0.01659	0.01589	0.02710	0.15772	0.60162	0.01640	0.02108	0.02082	0.01557	0.02198	0.01301	0.01749	0.01076	0.00634	0.00692	0.00211	0.00846	0.00621	0.00340	0.01051
44	0.01196	0.00735	0.00999	0.01091	0.01228	0.00692	0.00831	0.01400	0.01514	0.09859	0.06135	0.44435	0.04183	0.01932	0.00888	0.00285	0.00494	0.20765	0.00675	0.00663
45	0.01478	0.01404	0.02383	0.46564	0.30787	0.01593	0.02018	0.01923	0.01471	0.01978	0.01269	0.01808	0.00999	0.00668	0.00695	0.00223	0.00891	0.00621	0.00324	0.00905
46	0.01710	0.01641	0.02802	0.07191	0.68348	0.01654	0.02133	0.02127	0.01581	0.02259	0.01310	0.01733	0.01098	0.00625	0.00691	0.00208	0.00833	0.00622	0.00344	0.01092
47	0.03105	0.01230	0.01645	0.01261	0.01802	0.01088	0.01042	0.06976	0.02067	0.67932	0.02694	0.02337	0.01698	0.00862	0.00702	0.00216	0.00603	0.00698	0.00855	0.01188
48	0.01362	0.00921	0.01049	0.00962	0.01254	0.00875	0.00748	0.01901	0.13754	0.12412	0.17164	0.05125	0.34622	0.01434	0.00791	0.00233	0.00429	0.03469	0.00712	0.00782
49	0.04566	0.01331	0.02203	0.56485	0.18404	0.01573	0.01933	0.01868	0.01427	0.01940	0.01245	0.01804	0.00960	0.00680	0.00686	0.00227	0.00894	0.00611	0.00322	0.00843
50	0.00988	0.00713	0.00933	0.00878	0.01043	0.00658	0.00658	0.01317	0.01975	0.02798	0.70754	0.05213	0.06584	0.01427	0.00823	0.00219	0.00329	0.01262	0.00768	0.00658
51	0.01059	0.00779	0.01035	0.01165	0.01337	0.00755	0.00997	0.01347	0.01596	0.02041	0.04351	0.09441	0.16954	0.01904	0.00935	0.00304	0.00580	0.52145	0.00644	0.00630
52	0.01435	0.09117	0.66664	0.01928	0.02927	0.01708	0.02473	0.02201	0.01469	0.02167	0.01231	0.01446	0.00885	0.00658	0.00647	0.00216	0.01010	0.00505	0.00295	0.01021
53	0.01057	0.00760	0.01045	0.01199	0.01338	0.00747	0.01005	0.01332	0.01551	0.02018	0.03853	0.21515	0.06655	0.01974	0.00944	0.00310	0.00583	0.50844	0.00644	0.00625
54	0.01087	0.00787	0.01073	0.01202	0.01369	0.00773	0.01035	0.01397	0.01636	0.02131	0.09674	0.07548	0.09896	0.01872	0.00940	0.00305	0.00591	0.55390	0.00654	0.00639
55	0.04041	0.00756	0.00926	0.00865	0.01068	0.00696	0.00655	0.01377	0.01880	0.05531	0.54208	0.05202	0.17334	0.01433	0.00804	0.00222	0.00352	0.01242	0.00739	0.00672
56	0.16179	0.12914	0.02085	0.01510	0.05000	0.03912	0.01203	0.31302	0.11245	0.05743	0.01603	0.01633	0.01198	0.00770	0.00613	0.00204	0.00706	0.00564	0.00573	0.01042
57	0.02641	0.01854	0.02010	0.01546	0.02090	0.02029	0.01276	0.61727	0.03125	0.09243	0.01775	0.01758	0.01247	0.00839	0.00691	0.00208	0.00740	0.00634	0.03398	0.01168
58	0.76914	0.01377	0.01074	0.00949	0.01386	0.01592	0.00781	0.05048	0.01282	0.03188	0.01003	0.01158	0.00775	0.00656	0.00444	0.00216	0.00550	0.00389	0.00444	0.00775
59	0.04788	0.00958	0.00992	0.00944	0.01224	0.00962	0.00726	0.01835	0.20430	0.02307	0.10627	0.05236	0.41576	0.01466	0.00779	0.00236	0.00423	0.03079	0.00665	0.00746
60	0.00954	0.00813	0.00886	0.00929	0.03619	0.00737	0.00667	0.01305	0.07411	0.02038	0.09322	0.06158	0.56896	0.01646	0.00815	0.00237	0.00398	0.03865	0.00648	0.00657
61	0.01447	0.01240	0.01447	0.01034	0.01654	0.00930	0.00827	0.01757	0.01447	0.02274	0.01240	0.01447	0.01034	0.00517	0.00517	0.00103	0.00517	0.00413	0.00413	0.79742
62	0.01866	0.75896	0.03657	0.01194	0.01791	0.02761	0.01194	0.02090	0.01418	0.01642	0.00970	0.01119	0.00896	0.00597	0.00448	0.00149	0.00746	0.00373	0.00299	0.00896
63	0.02886	0.01150	0.01555	0.01203	0.01714	0.00991	0.00987	0.03162	0.01974	0.63150	0.08410	0.02578	0.02109	0.00898	0.00705	0.00212	0.00569	0.00738	0.00838	0.04172
64	0.02970	0.01375	0.01727	0.01331	0.01870	0.01312	0.01097	0.18386	0.04784	0.53694	0.02509	0.02223	0.01618	0.00861	0.00701	0.00215	0.00632	0.00688	0.00820	0.01184
65	0.02732	0.01828	0.02016	0.01545	0.02101	0.01976	0.01277	0.57988	0.03069	0.15505	0.01853	0.01791	0.01276	0.00842	0.00699	0.00210	0.00739	0.00640	0.00725	0.01187
66	0.01009	0.00741	0.01089	0.01089	0.01210	0.00856	0.00839	0.01252	0.01130	0.01647	0.01898	0.02809	0.01778	0.07873	0.67159	0.01067	0.01762	0.00755	0.03421	0.00616
67	0.01841	0.01569	0.01598	0.01429	0.01829	0.04992	0.01112	0.03651	0.63564	0.06052	0.02755	0.02531	0.02054	0.00932	0.00706	0.00233	0.00587	0.00769	0.00701	0.01095
68	0.01008	0.00705	0.00906	0.00906	0.00956	0.00755	0.00603	0.01108	0.01058	0.01460	0.02067	0.03835	0.02219	0.47313	0.31280	0.00855	0.01155	0.00908	0.00403	0.00503
69	0.00850	0.00607	0.00810	0.00972	0.01012	0.00567	0.00648	0.00972	0.01336	0.01781	0.03846	0.75020	0.04615	0.02186	0.00891	0.00283	0.00405	0.01984	0.00648	0.00567
70	0.00976	0.00709	0.00919	0.00875	0.01037	0.00652	0.00653	0.01291	0.01935	0.02723	0.65641	0.07950	0.09079	0.01469	0.00826	0.00223	0.00333	0.01298	0.00759	0.00652
71	0.02610	0.03218	0.01987	0.01783	0.02158	0.67114	0.01347	0.07991	0.02080	0.01920	0.01126	0.01291	0.00922	0.00728	0.00635	0.00182	0.01220	0.00464	0.00386	0.00839
72	0.01667	0.01746	0.02231	0.01835	0.02091	0.14734	0.15472	0.04068	0.01446	0.01886	0.01350	0.01993	0.01219	0.07191	0.11568	0.00403	0.24822	0.00678	0.02825	0.00774
73	0.00850	0.00607	0.00810	0.00972	0.01012	0.00567	0.00648	0.00972	0.01336	0.01781	0.03846	0.75020	0.04615	0.02186	0.00891	0.00283	0.00405	0.01984	0.00648	0.00567
74	0.01301	0.00650	0.00650	0.00650	0.00813	0.00650	0.00488	0.01626	0.01463	0.02602	0.02276	0.02602	0.01789	0.00813	0.00488	0.00163	0.00325	0.00650	0.79350	0.00650
75	0.01680	0.01610	0.02747	0.12293	0.63482	0.01646	0.02118	0.02100	0.01567	0.02223	0.01304	0.01742	0.01085	0.00631	0.00692	0.00210	0.00841	0.00622	0.00341	0.01067
76	0.01395	0.01319	0.02232	0.60737	0.17267	0.01571	0.01976	0.01850	0.01432	0.01876	0.01254	0.01835	0.00963	0.00683	0.00696	0.00228	0.00911	0.00620	0.00317	0.00837
77	0.80405	0.01350	0.01026	0.00918	0.01350	0.01565	0.00756	0.02051	0.01188	0.03131	0.00972	0.01134	0.00756	0.00648	0.00432	0.00216	0.00540	0.00378	0.00432	0.00756
78	0.02607	0.03326	0.01978	0.01798	0.02157	0.72674	0.01348	0.02787	0.01978	0.01708	0.01079	0.01258	0.00899	0.00719	0.00629	0.00180	0.01258	0.00449	0.00360	0.00809
79	0.00965	0.00712	0.00902	0.00854	0.01029	0.00649	0.00641	0.01274	0.01922	0.02673	0.62011	0.05419	0.15406	0.01473	0.00823	0.00222	0.00333	0.01291	0.00752	0.00649
80	0.80405	0.01350	0.01026	0.00918	0.01350	0.01565	0.00756	0.02051	0.01188	0.03131	0.00972	0.01134	0.00756	0.00648	0.00432	0.00216	0.00540	0.00378	0.00432	0.00756
81	0.01213	0.01066	0.01537	0.01412	0.01486	0.01389	0.01140	0.01423	0.01100	0.01644	0.01480	0.02245	0.01406	0.03594	0.43926	0.00788	0.31434	0.00692	0.00346	0.00680
82	0.03131	0.01188	0.01619	0.01242	0.01781	0.01026	0.01026	0.03401	0.01997	0.71606	0.02753	0.02375	0.01727	0.00864	0.00702	0.00216	0.00594	0.00702	0.00864	0.01188
83	0.01104	0.00788	0.01101	0.01261	0.01413	0.00785	0.01088	0.01410	0.01586	0.02065	0.03706	0.12987	0.04062	0.01947	0.00958	0.00318	0.00624	0.61516	0.00643	0.00637
84	0.01647	0.01882	0.04118	0.02941	0.03647	0.01765	0.68588	0.02235	0.01647	0.02235	0.01412	0.01882	0.01059	0.00588	0.00824	0.00235	0.01176	0.00824	0.00353	0.00941
85	0.00850	0.00607	0.00810	0.00972	0.01012	0.00567	0.00648	0.00972	0.01336	0.01781	0.03846	0.75020	0.04615	0.02186	0.00891	0.00283	0.00405	0.01984	0.00648	0.00567
86	0.00988	0.00713	0.00933	0.00878	0.01043	0.00658	0.00658	0.01317	0.01975	0.02798	0.70754	0.05213	0.06584	0.01427	0.00823	0.00219	0.00329	0.01262	0.00768	0.00658
87	0.01500	0.19100	0.57245	0.01819	0.02757	0.01865	0.02282	0.02184	0.01461	0.02088	0.01192	0.01397	0.00886	0.00649	0.00617	0.00206	0.00970	0.00485	0.00295	0.01002
88	0.01709	0.01631	0.02742	0.07382	0.64932	0.01657	0.02086	0.02195	0.04646	0.02285	0.01378	0.01773	0.01143	0.00640	0.00692	0.00210	0.00821	0.00629	0.00360	0.01090
89	0.01124	0.00803	0.01124	0.01285	0.01446	0.00803	0.01124	0.01446	0.01606	0.02088	0.03695	0.07871	0.04016	0.01928	0.00964	0.00321	0.00643	0.66426	0.00643	0.00643
90	0.04238	0.03528	0.69315	0.01950	0.02960	0.01619	0.02513	0.02204	0.01463	0.02243	0.01242	0.01461	0.00879	0.00662	0.00655	0.00221	0.01014	0.00511	0.00300	0.01021
91	0.10604	0.20018	0.40994	0.01634	0.02424	0.01871	0.01917	0.02206	0.01439	0.05953	0.01222	0.01404	0.00920	0.00681	0.00659	0.00207	0.04061	0.00481	0.00343	0.00965
92	0.01262	0.01078	0.01514	0.01387	0.01477	0.01381	0.01116	0.03724	0.01196	0.01780	0.01587	0.04958	0.01518	0.03272	0.37955	0.00711	0.29386	0.00734	0.03270	0.00695
93	0.80405	0.01350	0.01026	0.00918	0.01350	0.01565	0.00756	0.02051	0.01188	0.03131	0.00972	0.01134	0.00756	0.00648	0.00432	0.00216	0.00540	0.00378	0.00432	0.00756
94	0.00995	0.00727	0.01030	0.01036	0.01130	0.00818	0.00765	0.01185	0.01106	0.01567	0.02017	0.05879	0.02028	0.20614	0.54736	0.00992	0.01551	0.00853	0.00395	0.00577
95	0.01447	0.01240	0.01447	0.01034	0.01654	0.00930	0.00827	0.01757	0.01447	0.02274	0.01240	0.01447	0.01034	0.00517	0.00517	0.00103	0.00517	0.00413	0.00413	0.79742
96	0.01854	0.01500	0.01616	0.01414	0.01832	0.01685	0.01118	0.11440	0.53291	0.05380	0.02666	0.02677	0.02041	0.00957	0.00712	0.00231	0.00583	0.03797	0.00698	0.04509
97	0.02523	0.03172	0.01970	0.01785	0.02129	0.66683	0.01347	0.02771	0.04539	0.01753	0.01139	0.01322	0.00947	0.00751	0.00709	0.00188	0.04614	0.00470	0.00370	0.00818
98	0.01693	0.01462	0.01537	0.01387	0.01774	0.01682	0.01078	0.03582	0.66693	0.02871	0.03037	0.02794	0.05320	0.00985	0.00715	0.00237	0.00543	0.00821	0.00707	0.01081
99	0.00971	0.00708	0.00913	0.00871	0.01035	0.00650	0.00650	0.01281	0.01922	0.02695	0.63737	0.08442	0.10545	0.01482	0.00826	0.00223	0.00334	0.01308	0.00755	0.00650
100	0.01736	0.01499	0.01578	0.01420	0.01815	0.01736	0.01105	0.03708	0.69862	0.02919	0.02840	0.02604	0.02130	0.00947	0.00710	0.00237	0.00552	0.00789	0.00710	0.01105
101	0.01020	0.00781	0.01166	0.01152	0.01272	0.00927	0.00901	0.01265	0.01119	0.01623	0.01828	0.02689	0.01709	0.05059	0.69654	0.01086	0.05009	0.00742	0.00371	0.00629
102	0.02607	0.03326	0.01978	0.01798	0.02157	0.72674	0.01348	0.02787	0.01978	0.01708	0.01079	0.01258	0.00899	0.00719	0.00629	0.00180	0.01258	0.00449	0.00360	0.00809
103	0.02596	0.01760	0.01939	0.01518	0.02049	0.01912	0.01244	0.48353	0.12925	0.15287	0.02026	0.01928	0.01416	0.00858	0.00700	0.00215	0.00707	0.00664	0.00727	0.01175
104	0.00848	0.00616	0.00801	0.00948	0.01006	0.00569	0.00637	0.00974	0.01358	0.01791	0.04131	0.68992	0.10460	0.02149	0.00885	0.00279	0.00400	0.01939	0.00648	0.00569
105	0.00957	0.00712	0.00890	0.00846	0.01024	0.00645	0.00634	0.01258	0.01903	0.02627	0.58800	0.05495	0.18646	0.01491	0.00823	0.00223	0.00334	0.01302	0.00746	0.00645
106	0.01393	0.01317	0.02230	0.60955	0.17059	0.01570	0.01976	0.01849	0.01431	0.01875	0.01254	0.01836	0.00963	0.00684	0.00696	0.00228	0.00912	0.00620	0.00317	0.00836
107	0.80405	0.01350	0.01026	0.00918	0.01350	0.01565	0.00756	0.02051	0.01188	0.03131	0.00972	0.01134	0.00756	0.00648	0.00432	0.00216	0.00540	0.00378	0.00432	0.00756
108	0.00850	0.00607	0.00810	0.00972	0.01012	0.00567	0.00648	0.00972	0.01336	0.01781	0.03846	0.75020	0.04615	0.02186	0.00891	0.00283	0.00405	0.01984	0.00648	0.00567
109	0.01301	0.00650	0.00650	0.00650	0.00813	0.00650	0.00488	0.01626	0.01463	0.02602	0.02276	0.02602	0.01789	0.00813	0.00488	0.00163	0.00325	0.00650	0.79350	0.00650
110	0.01139	0.00824	0.01129	0.01265	0.01434	0.00829	0.01094	0.01523	0.04201	0.02164	0.07888	0.07505	0.04107	0.01859	0.00945	0.00312	0.00619	0.59847	0.00653	0.00661
111	0.01285	0.01197	0.01755	0.19856	0.02358	0.01549	0.01385	0.01508	0.01226	0.01734	0.01818	0.22161	0.01954	0.01358	0.01495	0.00281	0.34970	0.00997	0.00402	0.00711
112	0.80405	0.01350	0.01026	0.00918	0.01350	0.01565	0.00756	0.02051	0.01188	0.03131	0.00972	0.01134	0.00756	0.00648	0.00432	0.00216	0.00540	0.00378	0.00432	0.00756
113	0.02581	0.03036	0.02029	0.01860	0.04756	0.58346	0.01375	0.13672	0.02178	0.02174	0.01186	0.01345	0.00954	0.00735	0.00643	0.00186	0.01161	0.00485	0.00415	0.00883
114	0.00857	0.00610	0.00808	0.00963	0.01002	0.00571	0.00638	0.00973	0.01323	0.01763	0.03777	0.72073	0.04528	0.05252	0.01002	0.00300	0.00416	0.01943	0.00638	0.00561
115	0.02495	0.02891	0.02070	0.02012	0.09219	0.52589	0.01418	0.12580	0.04337	0.02206	0.01249	0.01412	0.01003	0.00734	0.00648	0.00189	0.01118	0.00505	0.00420	0.00905
116	0.01659	0.01783	0.03615	0.06342	0.25644	0.01721	0.44187	0.02186	0.01618	0.02231	0.01372	0.01831	0.01069	0.00604	0.00775	0.00226	0.01053	0.00749	0.00349	0.00988
117	0.02610	0.01933	0.02070	0.01597	0.02148	0.02144	0.01316	0.65778	0.06368	0.04329	0.01729	0.01718	0.01230	0.00843	0.00699	0.00211	0.00758	0.00636	0.00699	0.01183
118	0.00861	0.00615	0.00822	0.00983	0.01028	0.00576	0.00666	0.00990	0.01346	0.01793	0.03840	0.72491	0.04593	0.02176	0.00893	0.00285	0.00414	0.04411	0.00648	0.00570
119	0.01591	0.01781	0.03847	0.02786	0.03440	0.01672	0.62742	0.02148	0.01633	0.02210	0.01615	0.05086	0.01338	0.00714	0.00833	0.00241	0.01121	0.03912	0.00378	0.00912
120	0.00938	0.00656	0.00772	0.00828	0.00867	0.00630	0.00512	0.00999	0.01186	0.01557	0.03278	0.29093	0.10419	0.42465	0.02348	0.00495	0.00549	0.01397	0.00524	0.00490
121	0.00904	0.00655	0.00854	0.00922	0.01021	0.00605	0.00647	0.01112	0.01605	0.02195	0.30925	0.43757	0.08479	0.01861	0.00860	0.00255	0.00372	0.01670	0.00696	0.00605
122	0.01700	0.50158	0.27941	0.01477	0.02229	0.02355	0.01687	0.02132	0.01438	0.01844	0.01071	0.01245	0.00891	0.00621	0.00524	0.00175	0.00848	0.00424	0.00297	0.00944
123	0.01532	0.01459	0.02480	0.37396	0.39533	0.01607	0.02045	0.01971	0.01497	0.02043	0.01278	0.01791	0.01022	0.00658	0.00694	0.00219	0.00877	0.00621	0.00329	0.00948
124	0.00857	0.00610	0.00808	0.00964	0.01002	0.00571	0.00639	0.00973	0.01324	0.01765	0.03783	0.72304	0.04535	0.05012	0.00993	0.00299	0.00415	0.01946	0.00639	0.00561
125	0.01056	0.00827	0.01066	0.06488	0.01526	0.00817	0.00967	0.01403	0.04216	0.02054	0.07026	0.06736	0.26333	0.01726	0.00882	0.00279	0.00552	0.34764	0.00627	0.00653
126	0.01615	0.01896	0.08289	0.08601	0.16394	0.01731	0.43972	0.02161	0.01584	0.02187	0.01351	0.01811	0.01041	0.00630	0.00829	0.00231	0.03631	0.00741	0.00343	0.00959
127	0.01673	0.01603	0.02735	0.13400	0.62425	0.01644	0.02115	0.02095	0.01564	0.02215	0.01303	0.01745	0.01082	0.00632	0.00692	0.00211	0.00842	0.00622	0.00341	0.01062
128	0.80405	0.01350	0.01026	0.00918	0.01350	0.01565	0.00756	0.02051	0.01188	0.03131	0.00972	0.01134	0.00756	0.00648	0.00432	0.00216	0.00540	0.00378	0.00432	0.00756
129	0.00850	0.00607	0.00810	0.00972	0.01012	0.00567	0.00648	0.00972	0.01336	0.01781	0.03846	0.75020	0.04615	0.02186	0.00891	0.00283	0.00405	0.01984	0.00648	0.00567
130	0.01350	0.00902	0.03642	0.00983	0.01248	0.00755	0.00800	0.01673	0.01911	0.14038	0.48442	0.04857	0.10908	0.01358	0.00804	0.00225	0.00415	0.04185	0.00751	0.00753
131	0.01447	0.01240	0.01447	0.01034	0.01654	0.00930	0.00827	0.01757	0.01447	0.02274	0.01240	0.01447	0.01034	0.00517	0.00517	0.00103	0.00517	0.00413	0.00413	0.79742
132	0.02607	0.03326	0.01978	0.01798	0.02157	0.72674	0.01348	0.02787	0.01978	0.01708	0.01079	0.01258	0.00899	0.00719	0.00629	0.00180	0.01258	0.00449	0.00360	0.00809
133	0.02724	0.01277	0.06013	0.01239	0.01758	0.01013	0.01074	0.03036	0.01961	0.57655	0.12063	0.02710	0.02345	0.00929	0.00716	0.00217	0.00585	0.00767	0.00814	0.01104
134	0.01003	0.00695	0.00846	0.00846	0.00885	0.00720	0.00535	0.01070	0.01062	0.01438	0.02303	0.04207	0.04919	0.55744	0.20142	0.00767	0.00952	0.00968	0.00419	0.00477
135	0.01736	0.01499	0.01578	0.01420	0.01815	0.01736	0.01105	0.03708	0.69862	0.02919	0.02840	0.02604	0.02130	0.00947	0.00710	0.00237	0.00552	0.00789	0.00710	0.01105
136	0.00998	0.00742	0.01094	0.01094	0.01209	0.00857	0.00838	0.01228	0.01113	0.01600	0.01894	0.02880	0.01805	0.10585	0.67441	0.01088	0.01778	0.00768	0.00378	0.00608
137	0.02675	0.01919	0.02072	0.01589	0.02146	0.02111	0.01312	0.65760	0.03221	0.07518	0.01725	0.01708	0.01212	0.00839	0.00698	0.00210	0.00760	0.00632	0.00706	0.01187
138	0.01057	0.00767	0.00827	0.00797	0.00908	0.00742	0.00514	0.05270	0.01342	0.01715	0.03730	0.05075	0.24394	0.47107	0.02496	0.00506	0.00578	0.01138	0.00512	0.00524
139	0.00850	0.00607	0.00810	0.00972	0.01012	0.00567	0.00648	0.00972	0.01336	0.01781	0.03846	0.75020	0.04615	0.02186	0.00891	0.00283	0.00405	0.01984	0.00648	0.00567
140	0.00849	0.00611	0.00806	0.00962	0.01010	0.00568	0.00644	0.00973	0.01345	0.01785	0.03959	0.72635	0.06928	0.02172	0.00888	0.00282	0.00403	0.01966	0.00648	0.00568
141	0.01409	0.03544	0.69297	0.02025	0.03044	0.01626	0.05076	0.02211	0.01480	0.02211	0.01258	0.01489	0.00891	0.00660	0.00669	0.00222	0.01037	0.00527	0.00297	0.01028
142	0.03131	0.01188	0.01619	0.01242	0.01781	0.01026	0.01026	0.03401	0.01997	0.71606	0.02753	0.02375	0.01727	0.00864	0.00702	0.00216	0.00594	0.00702	0.00864	0.01188
143	0.02955	0.01276	0.01651	0.01287	0.01813	0.01181	0.01056	0.08288	0.08898	0.59726	0.02682	0.02346	0.01728	0.00870	0.00702	0.00218	0.00603	0.00705	0.00836	0.01179
144	0.00997	0.00748	0.01121	0.01121	0.01246	0.00872	0.00872	0.01246	0.01121	0.01620	0.01869	0.02741	0.01745	0.05234	0.72710	0.01121	0.01869	0.00748	0.00374	0.00623
145	0.01727	0.01658	0.02832	0.04283	0.71123	0.01658	0.02142	0.02142	0.01589	0.02280	0.01313	0.01727	0.01105	0.00622	0.00691	0.00207	0.00829	0.00622	0.00345	0.01105
146	0.01400	0.03610	0.71860	0.01989	0.03020	0.01621	0.02578	0.02210	0.01473	0.02210	0.01252	0.01473	0.00884	0.00663	0.00663	0.00221	0.01031	0.00516	0.00295	0.01031
147	0.01466	0.01403	0.02413	0.48125	0.26773	0.01594	0.04454	0.01919	0.01469	0.01964	0.01271	0.01817	0.00993	0.00668	0.00700	0.00224	0.00906	0.00628	0.00323	0.00891
148	0.80405	0.01350	0.01026	0.00918	0.01350	0.01565	0.00756	0.02051	0.01188	0.03131	0.00972	0.01134	0.00756	0.00648	0.00432	0.00216	0.00540	0.00378	0.00432	0.00756
149	0.01483	0.00906	0.01146	0.01018	0.01282	0.00871	0.00786	0.02022	0.11110	0.15483	0.49100	0.04339	0.05091	0.01258	0.00786	0.00221	0.00408	0.01095	0.00778	0.00816
150	0.02166	0.34452	0.02751	0.01644	0.04859	0.34041	0.01329	0.02373	0.01649	0.01701	0.01029	0.01239	0.00907	0.00701	0.00682	0.00177	0.06679	0.00436	0.00328	0.00855
151	0.01479	0.06254	0.64991	0.01964	0.02953	0.01650	0.04484	0.02243	0.01493	0.04356	0.01293	0.01500	0.00916	0.00664	0.00661	0.00219	0.01011	0.00525	0.00314	0.01028
152	0.03131	0.01188	0.01619	0.01242	0.01781	0.01026	0.01026	0.03401	0.01997	0.71606	0.02753	0.02375	0.01727	0.00864	0.00702	0.00216	0.00594	0.00702	0.00864	0.01188
153	0.01151	0.00854	0.01139	0.03964	0.01499	0.00860	0.01034	0.03650	0.03621	0.02275	0.14881	0.06755	0.09856	0.01721	0.00903	0.00288	0.00579	0.43640	0.00655	0.00676
154	0.01510	0.01519	0.05601	0.16875	0.45160	0.01479	0.01906	0.01915	0.01526	0.02135	0.03346	0.10680	0.01623	0.00847	0.00718	0.00222	0.00794	0.00797	0.00383	0.00963
155	0.00850	0.00607	0.00810	0.00972	0.01012	0.00567	0.00648	0.00972	0.01336	0.01781	0.03846	0.75020	0.04615	0.02186	0.00891	0.00283	0.00405	0.01984	0.00648	0.00567
156	0.00850	0.00607	0.00810	0.00972	0.01012	0.00567	0.00648	0.00972	0.01336	0.01781	0.03846	0.75020	0.04615	0.02186	0.00891	0.00283	0.00405	0.01984	0.00648	0.00567
157	0.01844	0.62786	0.10823	0.01355	0.01991	0.05854	0.03242	0.02139	0.01456	0.01722	0.01018	0.01185	0.00899	0.00609	0.00490	0.00161	0.00812	0.00404	0.00302	0.00907
158	0.01700	0.22825	0.43496	0.01749	0.02567	0.12290	0.02030	0.02262	0.01532	0.01985	0.01152	0.01348	0.00889	0.00654	0.00601	0.00196	0.00989	0.00468	0.00305	0.00963
159	0.00845	0.00712	0.00735	0.00740	0.00969	0.00601	0.00562	0.01034	0.01607	0.01931	0.09465	0.06708	0.65269	0.01761	0.00831	0.00239	0.00365	0.04381	0.00653	0.00594
160	0.00845	0.00708	0.00735	0.00728	0.00955	0.00598	0.00546	0.01041	0.01638	0.01998	0.14953	0.06530	0.62885	0.01725	0.00825	0.00234	0.00350	0.01447	0.00663	0.00598
161	0.02946	0.04686	0.01714	0.01250	0.01778	0.01168	0.01039	0.06319	0.03975	0.61204	0.04666	0.02376	0.01821	0.00869	0.00694	0.00213	0.00600	0.00702	0.00823	0.01156
162	0.01724	0.01667	0.02881	0.04232	0.68570	0.01662	0.04656	0.02145	0.01591	0.02278	0.01316	0.01733	0.01104	0.00620	0.00696	0.00208	0.00842	0.00629	0.00346	0.01099
163	0.80405	0.01350	0.01026	0.00918	0.01350	0.01565	0.00756	0.02051	0.01188	0.03131	0.00972	0.01134	0.00756	0.00648	0.00432	0.00216	0.00540	0.00378	0.00432	0.00756
164	0.76935	0.01342	0.01052	0.00932	0.01369	0.01541	0.00768	0.02112	0.01224	0.06206	0.01052	0.01189	0.00799	0.00657	0.00444	0.00216	0.00542	0.00392	0.00451	0.00775
165	0.01640	0.02294	0.22830	0.07803	0.37712	0.04947	0.08414	0.02177	0.01567	0.02197	0.01289	0.01655	0.01016	0.00640	0.00693	0.00214	0.00946	0.00602	0.00330	0.01034
166	0.01427	0.01217	0.01425	0.01027	0.01627	0.00918	0.00820	0.01738	0.01470	0.02297	0.04258	0.01610	0.01275	0.00556	0.00530	0.00108	0.00509	0.00450	0.00429	0.76309
167	0.02607	0.03326	0.01978	0.01798	0.02157	0.72674	0.01348	0.02787	0.01978	0.01708	0.01079	0.01258	0.00899	0.00719	0.00629	0.00180	0.01258	0.00449	0.00360	0.00809
168	0.00850	0.00607	0.00810	0.00972	0.01012	0.00567	0.00648	0.00972	0.01336	0.01781	0.03846	0.75020	0.04615	0.02186	0.00891	0.00283	0.00405	0.01984	0.00648	0.00567
169	0.00988	0.00713	0.00933	0.00878	0.01043	0.00658	0.00658	0.01317	0.01975	0.02798	0.70754	0.05213	0.06584	0.01427	0.00823	0.00219	0.00329	0.01262	0.00768	0.00658
170	0.02512	0.01832	0.01958	0.01520	0.02041	0.02025	0.01250	0.61191	0.05178	0.04203	0.01761	0.01781	0.01266	0.00839	0.00681	0.00206	0.00724	0.00635	0.07258	0.01139
171	0.01021	0.00783	0.01167	0.01153	0.01272	0.00929	0.00902	0.01266	0.01119	0.01623	0.01826	0.02687	0.01707	0.05053	0.69548	0.01085	0.05117	0.00742	0.00371	0.00629
172	0.02607	0.03326	0.01978	0.01798	0.02157	0.72674	0.01348	0.02787	0.01978	0.01708	0.01079	0.01258	0.00899	0.00719	0.00629	0.00180	0.01258	0.00449	0.00360	0.00809
173	0.00981	0.00713	0.00924	0.00871	0.01039	0.00656	0.00653	0.01304	0.01960	0.02762	0.68207	0.05273	0.09155	0.01440	0.00823	0.00220	0.00330	0.01270	0.00763	0.00656
174	0.00849	0.00612	0.00805	0.00960	0.01009	0.00568	0.00642	0.00973	0.01347	0.01786	0.03991	0.71953	0.07589	0.02167	0.00888	0.00281	0.00403	0.01961	0.00648	0.00568
175	0.00855	0.00611	0.00814	0.00968	0.01013	0.00570	0.00648	0.00984	0.01360	0.01819	0.06304	0.72456	0.04688	0.02158	0.00888	0.00281	0.00402	0.01957	0.00652	0.00570
176	0.01736	0.01499	0.01578	0.01420	0.01815	0.01736	0.01105	0.03708	0.69862	0.02919	0.02840	0.02604	0.02130	0.00947	0.00710	0.00237	0.00552	0.00789	0.00710	0.01105
177	0.80405	0.01350	0.01026	0.00918	0.01350	0.01565	0.00756	0.02051	0.01188	0.03131	0.00972	0.01134	0.00756	0.00648	0.00432	0.00216	0.00540	0.00378	0.00432	0.00756
178	0.00890	0.00628	0.00816	0.00951	0.00991	0.00596	0.00633	0.01001	0.01295	0.01725	0.03567	0.60259	0.04244	0.14287	0.01334	0.00350	0.00461	0.04815	0.00610	0.00547
179	0.01301	0.00650	0.00650	0.00650	0.00813	0.00650	0.00488	0.01626	0.01463	0.02602	0.02276	0.02602	0.01789	0.00813	0.00488	0.00163	0.00325	0.00650	0.79350	0.00650
180	0.01711	0.01641	0.02803	0.07064	0.68470	0.01654	0.02133	0.02127	0.01581	0.02260	0.01310	0.01732	0.01098	0.00625	0.00691	0.00208	0.00833	0.00622	0.00344	0.01092
181	0.01400	0.03610	0.71860	0.01989	0.03020	0.01621	0.02578	0.02210	0.01473	0.02210	0.01252	0.01473	0.00884	0.00663	0.00663	0.00221	0.01031	0.00516	0.00295	0.01031
182	0.67285	0.01702	0.06509	0.01080	0.01551	0.08060	0.00949	0.02130	0.01281	0.02931	0.01003	0.01171	0.00779	0.00655	0.00467	0.00213	0.00643	0.00395	0.00415	0.00782
183	0.01335	0.01258	0.02124	0.70890	0.07580	0.01555	0.01947	0.01798	0.01403	0.01804	0.01243	0.01855	0.00938	0.00694	0.00697	0.00231	0.00926	0.00620	0.00312	0.00789
184	0.01566	0.01340	0.01403	0.01269	0.01634	0.01497	0.00985	0.05382	0.52448	0.02742	0.03734	0.03480	0.17283	0.01124	0.00735	0.00236	0.00516	0.00934	0.00696	0.00993
185	0.01689	0.37881	0.33725	0.01685	0.04843	0.05459	0.01848	0.02177	0.01475	0.01919	0.01112	0.01304	0.00898	0.00633	0.00560	0.00184	0.00899	0.00449	0.00301	0.00959
186	0.01510	0.20676	0.55757	0.01801	0.02730	0.01890	0.02251	0.02182	0.01460	0.02076	0.01186	0.01390	0.00887	0.00647	0.00612	0.00204	0.00964	0.00482	0.00296	0.00999
187	0.03131	0.01188	0.01619	0.01242	0.01781	0.01026	0.01026	0.03401	0.01997	0.71606	0.02753	0.02375	0.01727	0.00864	0.00702	0.00216	0.00594	0.00702	0.00864	0.01188
188	0.01026	0.00848	0.01126	0.01393	0.11295	0.00786	0.00906	0.01264	0.01569	0.02006	0.07900	0.17369	0.33847	0.01685	0.00843	0.00255	0.00487	0.14111	0.00608	0.00674
189	0.03676	0.01749	0.10296	0.23521	0.17810	0.01634	0.12455	0.05283	0.04115	0.07540	0.01459	0.01819	0.01095	0.00708	0.00770	0.00227	0.03833	0.00647	0.00401	0.00962
190	0.00962	0.00661	0.00808	0.00871	0.00897	0.00652	0.00549	0.01028	0.01156	0.01544	0.02823	0.29104	0.03291	0.44022	0.05282	0.00542	0.00628	0.04180	0.00509	0.00490
191	0.01015	0.00677	0.00761	0.00761	0.00761	0.00677	0.00423	0.01015	0.01015	0.01353	0.02199	0.04567	0.02537	0.75476	0.03552	0.00677	0.00677	0.01015	0.00423	0.00423
192	0.01332	0.01255	0.02118	0.71423	0.07072	0.01554	0.01945	0.01795	0.01402	0.01800	0.01243	0.01856	0.00936	0.00695	0.00697	0.00232	0.00927	0.00620	0.00311	0.00786
193	0.02059	0.18624	0.25206	0.01719	0.02363	0.29687	0.01717	0.07127	0.01787	0.02049	0.01155	0.01329	0.00914	0.00683	0.00607	0.00189	0.01041	0.00468	0.00349	0.00927

[dist]
# distance from previous block
# <min> <max>
0	1

[block]
# block no. 4 follows, 30 sequences, length 73
# corresponding to MSA columns:
# 314-386
name=unknown_E
#
# <colnr> <probs for GDERKNQSTAVLIFYWHMCP>
#	G	D	E	R	K	N	Q	S	T	A	V	L	I	F	Y	W	H	M	C	P
0	0.00880	0.00627	0.00836	0.00992	0.01042	0.00591	0.00682	0.01014	0.01349	0.01794	0.03779	0.66850	0.04495	0.04576	0.00985	0.00300	0.00435	0.07567	0.00640	0.00569
1	0.01447	0.01240	0.01447	0.01034	0.01654	0.00930	0.00827	0.01757	0.01447	0.02274	0.01240	0.01447	0.01034	0.00517	0.00517	0.00103	0.00517	0.00413	0.00413	0.79742
2	0.02583	0.01716	0.04566	0.01542	0.02092	0.01707	0.04617	0.40377	0.02669	0.23020	0.04024	0.04392	0.01591	0.00888	0.00714	0.00216	0.00724	0.00718	0.00713	0.01133
3	0.01665	0.01592	0.02746	0.06013	0.60512	0.01595	0.05391	0.02083	0.01588	0.02249	0.01496	0.02206	0.01319	0.00722	0.00718	0.00218	0.00835	0.05632	0.00367	0.01052
4	0.80405	0.01350	0.01026	0.00918	0.01350	0.01565	0.00756	0.02051	0.01188	0.03131	0.00972	0.01134	0.00756	0.00648	0.00432	0.00216	0.00540	0.00378	0.00432	0.00756
5	0.01007	0.00673	0.00763	0.00771	0.00773	0.00672	0.00433	0.01013	0.01030	0.01373	0.02274	0.07793	0.02632	0.72119	0.03430	0.00659	0.00664	0.01059	0.00433	0.00429
6	0.02217	0.06575	0.08102	0.05482	0.15264	0.26129	0.01604	0.18743	0.04837	0.02565	0.01355	0.01540	0.01057	0.00727	0.00657	0.00199	0.00967	0.00548	0.00443	0.00991
7	0.01632	0.01235	0.01466	0.01056	0.01668	0.00941	0.00849	0.01938	0.01508	0.09897	0.01407	0.01549	0.01110	0.00555	0.00537	0.00116	0.00525	0.00445	0.00463	0.71104
8	0.02552	0.03112	0.01926	0.01733	0.02098	0.64578	0.01308	0.07306	0.02045	0.01934	0.01173	0.01347	0.00959	0.00732	0.00628	0.00181	0.01183	0.00471	0.03906	0.00828
9	0.00988	0.00713	0.00933	0.00878	0.01043	0.00658	0.00658	0.01317	0.01975	0.02798	0.70754	0.05213	0.06584	0.01427	0.00823	0.00219	0.00329	0.01262	0.00768	0.00658
10	0.00988	0.00713	0.00933	0.00878	0.01043	0.00658	0.00658	0.01317	0.01975	0.02798	0.70754	0.05213	0.06584	0.01427	0.00823	0.00219	0.00329	0.01262	0.00768	0.00658
11	0.02558	0.01907	0.02041	0.01586	0.02128	0.02120	0.01303	0.62052	0.10179	0.04245	0.01796	0.01772	0.01284	0.00849	0.00699	0.00212	0.00746	0.00645	0.00699	0.01178
