[name]
unknown

[dist]
# distance from previous block
# <min> <max>
0	17

[block]
# block no. 0 follows, 27 sequences, length 9
# corresponding to MSA columns:
# 17-25
name=unknown_A
#
# <colnr> <probs for GDERKNQSTAVLIFYWHMCP>
#	G	D	E	R	K	N	Q	S	T	A	V	L	I	F	Y	W	H	M	C	P
0	0.04778	0.00878	0.01023	0.01002	0.01176	0.00885	0.00738	0.05924	0.01612	0.02208	0.11689	0.10232	0.17250	0.20362	0.10876	0.00500	0.00745	0.06870	0.00599	0.00653
1	0.02458	0.01852	0.01990	0.01563	0.02114	0.02013	0.01273	0.46495	0.13919	0.04092	0.01973	0.01971	0.01445	0.00874	0.00714	0.00214	0.00728	0.00675	0.04554	0.09085
2	0.07318	0.01445	0.01655	0.07717	0.02102	0.01576	0.01170	0.12368	0.26500	0.16084	0.02685	0.05813	0.03886	0.01007	0.00730	0.00239	0.00637	0.00823	0.05167	0.01078
3	0.01501	0.10489	0.53913	0.02030	0.06165	0.01748	0.02377	0.02219	0.01579	0.02263	0.01861	0.02044	0.07064	0.00802	0.00699	0.00228	0.00991	0.00631	0.00350	0.01044
4	0.00974	0.00706	0.00823	0.00875	0.00958	0.00659	0.00568	0.01080	0.01392	0.01807	0.07947	0.27457	0.19220	0.29841	0.02021	0.00447	0.00525	0.01540	0.00604	0.00555
5	0.01122	0.00797	0.00961	0.00969	0.01075	0.00778	0.00656	0.05511	0.01618	0.02188	0.18617	0.27273	0.07479	0.25435	0.01840	0.00415	0.00530	0.01473	0.00644	0.00621
6	0.11602	0.01382	0.01537	0.01147	0.01763	0.01186	0.00924	0.05613	0.04172	0.07197	0.01481	0.01623	0.01165	0.00628	0.00570	0.00145	0.00574	0.00483	0.00503	0.56306
7	0.01639	0.01682	0.02717	0.09347	0.02767	0.04856	0.22495	0.02094	0.05851	0.02034	0.01498	0.02258	0.01329	0.10207	0.01739	0.00332	0.25126	0.00784	0.00389	0.00855
8	0.05677	0.01513	0.01670	0.01398	0.01785	0.07514	0.06845	0.10374	0.16067	0.09332	0.02255	0.02496	0.01745	0.05725	0.00878	0.00249	0.00686	0.00736	0.22104	0.00951

[dist]
# distance from previous block
# <min> <max>
46	80

[block]
# block no. 1 follows, 27 sequences, length 29
# corresponding to MSA columns:
# 111-139
name=unknown_B
#
# <colnr> <probs for GDERKNQSTAVLIFYWHMCP>
#	G	D	E	R	K	N	Q	S	T	A	V	L	I	F	Y	W	H	M	C	P
0	0.04207	0.28695	0.28419	0.01659	0.02385	0.02152	0.01828	0.02306	0.01525	0.07005	0.01288	0.01496	0.01016	0.00760	0.00818	0.00213	0.09403	0.00512	0.00370	0.03945
1	0.02007	0.01558	0.01688	0.01452	0.01907	0.01716	0.01145	0.11110	0.47028	0.08509	0.04526	0.02792	0.04672	0.01005	0.00749	0.00238	0.00602	0.00828	0.00747	0.05722
2	0.01773	0.01904	0.02781	0.02201	0.02508	0.09244	0.19693	0.02082	0.01445	0.02010	0.01170	0.01693	0.01026	0.00990	0.01651	0.00271	0.38919	0.00677	0.00355	0.07605
3	0.01148	0.08197	0.01329	0.01143	0.01264	0.01041	0.00867	0.01307	0.01408	0.01856	0.03346	0.36210	0.06192	0.13276	0.01483	0.00359	0.06744	0.11600	0.00582	0.00646
4	0.01102	0.00812	0.01067	0.01200	0.01353	0.00796	0.00968	0.01441	0.04474	0.02161	0.06017	0.26935	0.11254	0.02054	0.00972	0.00314	0.00564	0.35150	0.00692	0.00676
5	0.01800	0.01726	0.02946	0.10359	0.63769	0.01754	0.02260	0.02246	0.01673	0.02380	0.01390	0.01850	0.01160	0.00668	0.00736	0.00223	0.00891	0.00661	0.00364	0.01146
6	0.01355	0.00797	0.01024	0.01014	0.01214	0.00715	0.00741	0.01574	0.01752	0.13897	0.20197	0.34051	0.15164	0.01815	0.00884	0.00264	0.00437	0.01601	0.00760	0.00744
7	0.00951	0.00680	0.00834	0.00936	0.00992	0.00639	0.00606	0.01051	0.01356	0.01778	0.03999	0.45914	0.11907	0.22754	0.01749	0.00415	0.00507	0.01751	0.00621	0.00562
8	0.05308	0.02640	0.02226	0.02194	0.10139	0.37730	0.01565	0.04698	0.01789	0.02038	0.01144	0.01491	0.00992	0.00909	0.01184	0.00236	0.21890	0.00553	0.00379	0.00896
9	0.01434	0.01255	0.02102	0.51741	0.12036	0.01489	0.01842	0.01781	0.01419	0.01854	0.01323	0.02010	0.01064	0.01051	0.01116	0.13795	0.00917	0.00657	0.00333	0.00779
10	0.02693	0.01900	0.02076	0.01623	0.02169	0.02072	0.01327	0.56785	0.03218	0.08944	0.02060	0.07986	0.01615	0.01016	0.00761	0.00230	0.00771	0.00798	0.00750	0.01206
11	0.01368	0.00750	0.00797	0.00778	0.00923	0.00788	0.00577	0.01670	0.01485	0.02580	0.02328	0.02905	0.01926	0.08030	0.00951	0.00235	0.04645	0.00727	0.65862	0.00675
12	0.01759	0.01755	0.02647	0.29053	0.39988	0.07722	0.02126	0.02198	0.01651	0.02179	0.01347	0.01846	0.01089	0.00700	0.00732	0.00228	0.00961	0.00645	0.00355	0.01020
13	0.02657	0.01284	0.01625	0.01302	0.01781	0.01220	0.01054	0.10841	0.07937	0.41978	0.16805	0.03098	0.02902	0.01050	0.00774	0.00232	0.00591	0.00872	0.00862	0.01136
14	0.72409	0.01426	0.01190	0.07149	0.01755	0.01664	0.00913	0.02157	0.01283	0.03206	0.01058	0.01273	0.00820	0.00694	0.00484	0.00231	0.00610	0.00424	0.00448	0.00806
15	0.02046	0.02188	0.02900	0.03850	0.49347	0.17641	0.06572	0.02443	0.01790	0.02282	0.01347	0.01734	0.01122	0.00683	0.00730	0.00216	0.01013	0.00634	0.00371	0.01091
16	0.01087	0.00813	0.01154	0.01141	0.01240	0.00938	0.00853	0.01291	0.01166	0.01665	0.02023	0.03282	0.02002	0.20094	0.53741	0.01056	0.04574	0.00851	0.00406	0.00623
17	0.02085	0.23795	0.02369	0.01487	0.01916	0.28796	0.01219	0.02527	0.10052	0.01986	0.02364	0.02413	0.12028	0.00952	0.00709	0.00203	0.03075	0.00679	0.00457	0.00888
18	0.01532	0.09958	0.64323	0.02043	0.03100	0.01829	0.02615	0.02340	0.01562	0.02299	0.01306	0.01535	0.00941	0.00699	0.00685	0.00228	0.01071	0.00535	0.00314	0.01085
19	0.06099	0.01690	0.01912	0.01511	0.02062	0.01784	0.01235	0.31655	0.14105	0.26483	0.02355	0.02182	0.01612	0.00912	0.00734	0.00230	0.00704	0.00713	0.00793	0.01228
20	0.00923	0.00658	0.00852	0.00999	0.01045	0.00617	0.00658	0.01040	0.01393	0.01849	0.04020	0.63503	0.06942	0.10211	0.01258	0.00346	0.00461	0.01977	0.00663	0.00587
21	0.01151	0.00928	0.01366	0.01314	0.01426	0.01144	0.01040	0.01400	0.01184	0.01733	0.01826	0.02709	0.01715	0.04883	0.59978	0.01054	0.13305	0.00772	0.00386	0.00687
22	0.01014	0.00692	0.00829	0.00894	0.00910	0.00676	0.00540	0.01062	0.01208	0.01611	0.02999	0.30684	0.03532	0.46948	0.02712	0.00562	0.00611	0.01468	0.00540	0.00508
23	0.00903	0.00652	0.00855	0.01017	0.01072	0.00604	0.00682	0.01036	0.01438	0.01902	0.04298	0.69445	0.08758	0.02299	0.00943	0.00298	0.00427	0.02078	0.00689	0.00604
24	0.01563	0.08702	0.55674	0.02202	0.03215	0.01835	0.11942	0.02346	0.01590	0.02311	0.01335	0.01603	0.00968	0.00689	0.00714	0.00232	0.01098	0.00585	0.00323	0.01073
25	0.01689	0.01211	0.01584	0.10167	0.02029	0.01298	0.06619	0.14831	0.06049	0.02947	0.02264	0.08769	0.01887	0.00975	0.00675	0.00215	0.00621	0.00836	0.34462	0.00871
26	0.01270	0.00985	0.01466	0.01866	0.13215	0.00978	0.01308	0.01606	0.01690	0.02252	0.06140	0.14250	0.03916	0.01818	0.00960	0.00312	0.00677	0.43894	0.00635	0.00761
27	0.01045	0.00758	0.00987	0.00949	0.01122	0.00701	0.00716	0.01380	0.02043	0.02867	0.61335	0.08298	0.09143	0.01585	0.00885	0.00241	0.00369	0.04079	0.00802	0.00693
28	0.07740	0.06555	0.02349	0.11116	0.19869	0.17185	0.01622	0.10616	0.04544	0.06603	0.01484	0.01719	0.01154	0.00749	0.00681	0.00212	0.00923	0.00591	0.00468	0.03822

[dist]
# distance from previous block
# <min> <max>
0	1

[block]
# block no. 2 follows, 27 sequences, length 104
# corresponding to MSA columns:
# 141-244
name=unknown_C
#
# <colnr> <probs for GDERKNQSTAVLIFYWHMCP>
#	G	D	E	R	K	N	Q	S	T	A	V	L	I	F	Y	W	H	M	C	P
0	0.02013	0.01936	0.02679	0.14335	0.42391	0.09489	0.02028	0.11463	0.01960	0.02596	0.01412	0.01796	0.01135	0.00718	0.00730	0.00222	0.00940	0.00642	0.00417	0.01099
1	0.75943	0.01524	0.01134	0.01016	0.01472	0.04577	0.00830	0.02215	0.01299	0.03267	0.01038	0.01212	0.00810	0.00692	0.00468	0.00228	0.00606	0.00405	0.00456	0.00806
2	0.01106	0.00828	0.01204	0.01188	0.01310	0.00973	0.00921	0.01358	0.01204	0.01767	0.01976	0.02931	0.01852	0.08146	0.61050	0.01078	0.05339	0.00796	0.04313	0.00662
3	0.01932	0.01914	0.02725	0.09565	0.49614	0.09187	0.02060	0.04391	0.06831	0.02436	0.01499	0.01865	0.01223	0.00713	0.00730	0.00222	0.00915	0.00655	0.00407	0.01116
4	0.01628	0.01317	0.01548	0.01111	0.01766	0.00995	0.00890	0.01956	0.01568	0.05751	0.01399	0.01588	0.01136	0.00568	0.00560	0.00116	0.00554	0.00455	0.00464	0.74632
5	0.01973	0.68316	0.03707	0.01290	0.01907	0.02847	0.01262	0.02366	0.07024	0.01859	0.01197	0.01322	0.01062	0.00666	0.00500	0.00167	0.00777	0.00434	0.00354	0.00971
6	0.01226	0.00790	0.01041	0.00975	0.01171	0.00724	0.00732	0.01551	0.02040	0.08424	0.57416	0.11575	0.06382	0.01543	0.00872	0.00239	0.00381	0.01364	0.00814	0.00738
7	0.01117	0.00796	0.00883	0.00837	0.01099	0.00681	0.00636	0.01348	0.01814	0.07837	0.19978	0.06426	0.50438	0.01724	0.00866	0.00245	0.00392	0.01452	0.00735	0.00695
8	0.00932	0.00666	0.00893	0.01066	0.01121	0.00627	0.00738	0.01082	0.01449	0.01926	0.04076	0.67210	0.04849	0.02300	0.00955	0.00305	0.00455	0.08051	0.00689	0.00611
9	0.01384	0.00692	0.00692	0.00692	0.00865	0.00692	0.00519	0.01730	0.01557	0.02768	0.02422	0.02768	0.01903	0.00865	0.00519	0.00173	0.00346	0.00692	0.78031	0.00692
10	0.01846	0.01595	0.01679	0.01511	0.01930	0.01846	0.01175	0.03945	0.67938	0.03105	0.03022	0.02770	0.02266	0.01007	0.00755	0.00252	0.00588	0.00839	0.00755	0.01175
11	0.08257	0.01737	0.02854	0.04259	0.63647	0.01756	0.02156	0.02270	0.01655	0.02500	0.01366	0.01785	0.01145	0.00664	0.00712	0.00221	0.00856	0.00640	0.00375	0.01145
12	0.00924	0.00660	0.00884	0.01056	0.01108	0.00620	0.00723	0.01067	0.01441	0.01917	0.04081	0.69064	0.04867	0.02307	0.00953	0.00304	0.00448	0.06279	0.00689	0.00608
13	0.00905	0.00757	0.00790	0.00792	0.01033	0.00642	0.00601	0.01112	0.01727	0.02095	0.12472	0.07061	0.61243	0.01857	0.00883	0.00253	0.00386	0.04058	0.00700	0.00635
14	0.01837	0.01764	0.03013	0.04557	0.69279	0.01764	0.02278	0.02278	0.01690	0.02425	0.01396	0.01837	0.01176	0.00661	0.00735	0.00220	0.00882	0.00661	0.00367	0.01176
15	0.68958	0.01438	0.01241	0.01185	0.04896	0.01623	0.00902	0.02306	0.01356	0.08803	0.01209	0.01347	0.00909	0.00707	0.00497	0.00229	0.00595	0.00444	0.00493	0.00861
16	0.01040	0.00703	0.00821	0.00861	0.00871	0.00693	0.00504	0.01069	0.01158	0.01543	0.02739	0.20503	0.03203	0.57577	0.03133	0.00624	0.00654	0.01315	0.00504	0.00485
17	0.01115	0.00716	0.00796	0.00796	0.00816	0.00716	0.00458	0.01156	0.01136	0.01596	0.02349	0.04612	0.02605	0.65298	0.03394	0.00655	0.00676	0.01034	0.09597	0.00478
18	0.02394	0.02718	0.02207	0.07812	0.04801	0.40186	0.04764	0.08378	0.12745	0.02323	0.01539	0.01720	0.01213	0.00819	0.00764	0.00217	0.03375	0.00599	0.00466	0.00959
19	0.07321	0.01693	0.05136	0.01437	0.01888	0.01727	0.01193	0.37719	0.04911	0.03651	0.02224	0.14225	0.01985	0.04036	0.00860	0.00254	0.00698	0.00916	0.07099	0.01028
20	0.01596	0.01518	0.02578	0.41956	0.33763	0.01700	0.02158	0.02067	0.01576	0.02133	0.01354	0.01916	0.01073	0.00706	0.00739	0.00235	0.00942	0.00661	0.00347	0.00982
21	0.02423	0.02941	0.05573	0.05081	0.19844	0.43834	0.01737	0.05876	0.02018	0.02145	0.01258	0.01524	0.01029	0.00741	0.00694	0.00204	0.01170	0.00545	0.00391	0.00972
22	0.01403	0.01086	0.01194	0.01068	0.01366	0.01087	0.00822	0.14757	0.07510	0.02856	0.20918	0.08159	0.29296	0.03969	0.00941	0.00259	0.00491	0.01277	0.00729	0.00812
23	0.04576	0.21206	0.29549	0.01772	0.05388	0.08675	0.01830	0.02274	0.01611	0.02211	0.03258	0.01563	0.01155	0.00694	0.00619	0.00193	0.00917	0.00512	0.00361	0.11635
24	0.01837	0.01764	0.03013	0.04557	0.69279	0.01764	0.02278	0.02278	0.01690	0.02425	0.01396	0.01837	0.01176	0.00661	0.00735	0.00220	0.00882	0.00661	0.00367	0.01176
25	0.10164	0.01237	0.01604	0.01257	0.01787	0.01112	0.01032	0.03301	0.02043	0.58090	0.08230	0.02655	0.02171	0.00947	0.00731	0.00230	0.00603	0.00764	0.00868	0.01174
26	0.01235	0.01028	0.03196	0.01081	0.01338	0.00963	0.00852	0.04392	0.12390	0.02896	0.44537	0.09080	0.11170	0.01469	0.00851	0.00242	0.00436	0.01279	0.00770	0.00797
27	0.01514	0.01515	0.05611	0.44123	0.19889	0.01606	0.04559	0.01951	0.01505	0.02012	0.01343	0.01950	0.01062	0.00869	0.00923	0.06729	0.00951	0.00662	0.00339	0.00886
28	0.01051	0.00759	0.00992	0.00934	0.01109	0.00700	0.00700	0.01401	0.02101	0.02977	0.68888	0.05545	0.07005	0.01518	0.00876	0.00233	0.00350	0.01343	0.00817	0.00700
29	0.01174	0.00847	0.01165	0.01324	0.01500	0.00838	0.01152	0.01505	0.01708	0.02206	0.04184	0.08287	0.08846	0.02039	0.01015	0.00335	0.00662	0.59850	0.00684	0.00680
30	0.01594	0.06779	0.47550	0.02438	0.06444	0.01823	0.18260	0.02348	0.01615	0.02331	0.01362	0.01668	0.00998	0.00680	0.00737	0.00234	0.01110	0.00627	0.00331	0.01070
31	0.00890	0.00746	0.00775	0.00795	0.01026	0.00632	0.00594	0.01078	0.01670	0.02003	0.07122	0.12686	0.61607	0.01923	0.00888	0.00258	0.00390	0.03600	0.00689	0.00627
32	0.00903	0.00651	0.00856	0.01021	0.01073	0.00604	0.00683	0.01035	0.01434	0.01900	0.04246	0.70436	0.07800	0.02306	0.00944	0.00299	0.00428	0.02086	0.00689	0.00604
33	0.01489	0.03840	0.70064	0.02116	0.03213	0.01724	0.02743	0.02351	0.01567	0.02351	0.01332	0.01567	0.00940	0.00705	0.00705	0.00235	0.01097	0.00549	0.00313	0.01097
34	0.01864	0.01843	0.05093	0.12288	0.27481	0.01846	0.17044	0.09903	0.10058	0.02687	0.01654	0.01995	0.01277	0.00734	0.00771	0.00236	0.00945	0.00731	0.00454	0.01097
35	0.01222	0.00990	0.01422	0.01506	0.07231	0.01158	0.01031	0.01417	0.01198	0.01721	0.01869	0.03125	0.01878	0.22255	0.36610	0.00849	0.12612	0.00835	0.00397	0.00676
36	0.76062	0.01442	0.01115	0.00998	0.01455	0.01673	0.00819	0.02253	0.03930	0.03322	0.01113	0.01268	0.00862	0.00702	0.00471	0.00231	0.00575	0.00419	0.00471	0.00819
37	0.01647	0.15024	0.42365	0.02396	0.10701	0.01951	0.11208	0.02325	0.01597	0.02263	0.01313	0.01596	0.00995	0.00678	0.00694	0.00223	0.01043	0.00581	0.00329	0.01069
38	0.01539	0.01319	0.01539	0.01100	0.01759	0.00990	0.00880	0.01869	0.01539	0.02419	0.01319	0.01539	0.01100	0.00550	0.00550	0.00110	0.00550	0.00440	0.00440	0.78449
39	0.01985	0.74357	0.03890	0.01270	0.01905	0.02937	0.01270	0.02223	0.01508	0.01747	0.01032	0.01191	0.00953	0.00635	0.00476	0.00159	0.00794	0.00397	0.00318	0.00953
40	0.01205	0.00788	0.01017	0.00959	0.01160	0.00716	0.00719	0.01513	0.01996	0.08208	0.51324	0.12476	0.11912	0.01585	0.00873	0.00242	0.00384	0.01394	0.00801	0.00730
41	0.01077	0.00729	0.00858	0.00858	0.00875	0.00746	0.00511	0.01111	0.01094	0.01476	0.02294	0.04611	0.02592	0.65209	0.12333	0.00780	0.00881	0.01043	0.00443	0.00477
42	0.03278	0.01348	0.01775	0.01361	0.01937	0.01216	0.01124	0.10152	0.02266	0.63060	0.02810	0.02450	0.01778	0.00916	0.00746	0.00229	0.00651	0.00738	0.00901	0.01263
43	0.01061	0.00795	0.01193	0.01193	0.01326	0.00928	0.00928	0.01326	0.01193	0.01723	0.01988	0.02916	0.01856	0.05568	0.70968	0.01193	0.01988	0.00795	0.00398	0.00663
44	0.02773	0.03538	0.02104	0.01913	0.02295	0.70930	0.01434	0.02964	0.02104	0.01817	0.01148	0.01339	0.00956	0.00765	0.00669	0.00191	0.01339	0.00478	0.00383	0.00861
45	0.03331	0.01263	0.01723	0.01321	0.01895	0.01091	0.01091	0.03618	0.02125	0.69794	0.02929	0.02527	0.01838	0.00919	0.00747	0.00230	0.00632	0.00747	0.00919	0.01263
46	0.00978	0.00707	0.00940	0.01035	0.01138	0.00670	0.00746	0.01196	0.01632	0.02216	0.21808	0.43074	0.07537	0.02224	0.04395	0.00329	0.00507	0.07518	0.00709	0.00641
47	0.00883	0.00752	0.00760	0.00758	0.01006	0.00629	0.00569	0.01077	0.01706	0.02040	0.09675	0.07088	0.66802	0.01867	0.00877	0.00250	0.00375	0.01559	0.00694	0.00629
48	0.02815	0.02280	0.02211	0.01736	0.02301	0.11722	0.01414	0.58041	0.03300	0.04286	0.01695	0.01721	0.01220	0.00874	0.00733	0.00218	0.00889	0.00642	0.00693	0.01207
49	0.79154	0.01436	0.01091	0.00976	0.01436	0.01665	0.00804	0.02182	0.01263	0.03331	0.01034	0.01206	0.00804	0.00689	0.00459	0.00230	0.00574	0.00402	0.00459	0.00804
50	0.01071	0.00716	0.00812	0.00821	0.00823	0.00714	0.00462	0.01077	0.01096	0.01462	0.02426	0.08249	0.02808	0.70371	0.03639	0.00699	0.00705	0.01131	0.00462	0.00457
51	0.01404	0.00758	0.00772	0.00749	0.00929	0.00763	0.00554	0.04534	0.01608	0.02714	0.02572	0.03057	0.04381	0.06968	0.00813	0.00223	0.00399	0.00755	0.65353	0.00695
52	0.01802	0.01728	0.02949	0.10048	0.64065	0.01755	0.02261	0.02247	0.01674	0.02382	0.01390	0.01849	0.01161	0.00668	0.00736	0.00223	0.00891	0.00661	0.00364	0.01147
53	0.02032	0.01068	0.01411	0.01294	0.01631	0.01015	0.01071	0.07511	0.02031	0.26095	0.12309	0.10312	0.03600	0.01509	0.00879	0.00275	0.00612	0.23628	0.00789	0.00929
54	0.02709	0.09293	0.02249	0.01860	0.02263	0.65405	0.01421	0.02904	0.02055	0.01811	0.01138	0.01327	0.00956	0.00754	0.00654	0.00189	0.01294	0.00472	0.00377	0.00868
55	0.01543	0.01532	0.02803	0.47190	0.14671	0.01715	0.15745	0.02057	0.01573	0.02079	0.01370	0.01962	0.01047	0.00705	0.00769	0.00244	0.01029	0.00706	0.00345	0.00916
56	0.00917	0.00739	0.00796	0.00807	0.01007	0.00640	0.00584	0.01102	0.01662	0.02061	0.13911	0.13627	0.49728	0.07737	0.01120	0.00292	0.00407	0.01557	0.00685	0.00618
57	0.01733	0.36969	0.36277	0.01758	0.02624	0.02302	0.04604	0.02292	0.01547	0.02067	0.01198	0.01407	0.00954	0.00669	0.00604	0.00200	0.00961	0.00490	0.00318	0.01025
58	0.02231	0.15496	0.12625	0.01538	0.02107	0.07516	0.01422	0.21795	0.02203	0.10974	0.01908	0.08382	0.01627	0.05834	0.00904	0.00252	0.00834	0.00752	0.00566	0.01033
59	0.03302	0.01310	0.01752	0.01343	0.01918	0.01160	0.01109	0.07217	0.02203	0.66085	0.02863	0.02484	0.01805	0.00917	0.00746	0.00229	0.00642	0.00742	0.00909	0.01263
60	0.02471	0.02955	0.02084	0.01964	0.05223	0.49865	0.01442	0.03009	0.13674	0.02070	0.01477	0.01639	0.01200	0.00848	0.00834	0.00214	0.07098	0.00565	0.00443	0.00927
61	0.11827	0.01672	0.02878	0.19039	0.31879	0.01750	0.15845	0.02201	0.01601	0.02414	0.01354	0.01822	0.01075	0.00676	0.00731	0.00234	0.00945	0.00673	0.00373	0.01010
62	0.01036	0.00753	0.00975	0.00930	0.01103	0.00693	0.00694	0.01368	0.02051	0.02882	0.63047	0.08836	0.09700	0.01572	0.00879	0.00237	0.00355	0.01389	0.00805	0.00693
63	0.00912	0.00649	0.00859	0.01024	0.01065	0.00608	0.00679	0.01036	0.01406	0.01875	0.04014	0.70389	0.04812	0.05496	0.01073	0.00320	0.00444	0.02065	0.00679	0.00596
64	0.02109	0.42437	0.05809	0.01510	0.02072	0.15729	0.03532	0.08551	0.01847	0.02147	0.04127	0.04336	0.01398	0.00791	0.00597	0.00186	0.00896	0.00568	0.00409	0.00948
65	0.01438	0.01356	0.02292	0.66516	0.10440	0.01659	0.02080	0.01928	0.01502	0.01941	0.01326	0.01967	0.01005	0.00736	0.00742	0.00245	0.00981	0.00660	0.00333	0.00854
66	0.01182	0.00844	0.01179	0.01350	0.01515	0.00842	0.01171	0.01513	0.01694	0.02205	0.03939	0.11656	0.04305	0.02065	0.01021	0.00340	0.00671	0.61146	0.00684	0.00680
67	0.01654	0.01554	0.02596	0.38018	0.35151	0.01725	0.02141	0.04267	0.01649	0.02239	0.01371	0.01906	0.01086	0.00709	0.00739	0.00234	0.00933	0.00661	0.00361	0.01004
68	0.06343	0.07902	0.02258	0.01814	0.07704	0.07168	0.01380	0.35011	0.04992	0.15362	0.01851	0.01843	0.01322	0.00841	0.00702	0.00218	0.00807	0.00638	0.00668	0.01175
69	0.01567	0.01536	0.02682	0.41254	0.19401	0.01764	0.10153	0.02034	0.01532	0.02068	0.01327	0.01916	0.01048	0.00762	0.00919	0.00249	0.07832	0.00686	0.00344	0.00926
70	0.74976	0.05384	0.01243	0.00992	0.01461	0.01734	0.00829	0.02184	0.01277	0.03245	0.01034	0.01205	0.00812	0.00686	0.00460	0.00226	0.00586	0.00402	0.00452	0.00812
71	0.01079	0.00723	0.00828	0.00828	0.00834	0.00730	0.00472	0.01091	0.01085	0.01453	0.02322	0.04766	0.02659	0.70669	0.06965	0.00742	0.00780	0.01066	0.00447	0.00460
72	0.02491	0.01776	0.02000	0.01619	0.04157	0.01854	0.01275	0.44610	0.02865	0.09457	0.01971	0.07280	0.01561	0.00944	0.00729	0.00212	0.00733	0.00750	0.00695	0.13020
73	0.01539	0.01319	0.01539	0.01100	0.01759	0.00990	0.00880	0.01869	0.01539	0.02419	0.01319	0.01539	0.01100	0.00550	0.00550	0.00110	0.00550	0.00440	0.00440	0.78449
74	0.02050	0.68477	0.03742	0.01324	0.01938	0.08583	0.01284	0.02284	0.01558	0.01752	0.01042	0.01203	0.00953	0.00646	0.00492	0.00161	0.00839	0.00404	0.00323	0.00945
75	0.01365	0.01011	0.01181	0.01064	0.01338	0.01005	0.00819	0.07817	0.11193	0.05088	0.40430	0.05010	0.16886	0.01436	0.00843	0.00238	0.00440	0.01233	0.00782	0.00822
76	0.01051	0.00759	0.00992	0.00934	0.01109	0.00700	0.00700	0.01401	0.02101	0.02977	0.68888	0.05545	0.07005	0.01518	0.00876	0.00233	0.00350	0.01343	0.00817	0.00700
77	0.01846	0.01595	0.01679	0.01511	0.01930	0.01846	0.01175	0.03945	0.67938	0.03105	0.03022	0.02770	0.02266	0.01007	0.00755	0.00252	0.00588	0.00839	0.00755	0.01175
78	0.01061	0.00795	0.01193	0.01193	0.01326	0.00928	0.00928	0.01326	0.01193	0.01723	0.01988	0.02916	0.01856	0.05568	0.70968	0.01193	0.01988	0.00795	0.00398	0.00663
79	0.02773	0.03538	0.02104	0.01913	0.02295	0.70930	0.01434	0.02964	0.02104	0.01817	0.01148	0.01339	0.00956	0.00765	0.00669	0.00191	0.01339	0.00478	0.00383	0.00861
80	0.00877	0.00752	0.00752	0.00752	0.01003	0.00627	0.00564	0.01065	0.01692	0.02005	0.07520	0.07144	0.68978	0.01880	0.00877	0.00251	0.00376	0.01567	0.00689	0.00627
81	0.01079	0.00771	0.01062	0.01233	0.01353	0.00753	0.00992	0.01335	0.01593	0.02090	0.03995	0.34531	0.04529	0.02161	0.00994	0.00326	0.00582	0.39283	0.00686	0.00651
82	0.00877	0.00752	0.00752	0.00752	0.01003	0.00627	0.00564	0.01065	0.01692	0.02005	0.07520	0.07144	0.68978	0.01880	0.00877	0.00251	0.00376	0.01567	0.00689	0.00627
83	0.79154	0.01436	0.01091	0.00976	0.01436	0.01665	0.00804	0.02182	0.01263	0.03331	0.01034	0.01206	0.00804	0.00689	0.00459	0.00230	0.00574	0.00402	0.00459	0.00804
84	0.02774	0.02179	0.02193	0.01716	0.02285	0.07980	0.01402	0.58669	0.06282	0.04370	0.01786	0.01790	0.01282	0.00886	0.00737	0.00221	0.00850	0.00660	0.00713	0.01225
85	0.00925	0.00655	0.00855	0.01008	0.01046	0.00617	0.00661	0.01039	0.01381	0.01842	0.03887	0.65416	0.04652	0.10688	0.01278	0.00350	0.00464	0.01990	0.00661	0.00585
86	0.01384	0.00692	0.00692	0.00692	0.00865	0.00692	0.00519	0.01730	0.01557	0.02768	0.02422	0.02768	0.01903	0.00865	0.00519	0.00173	0.00346	0.00692	0.78031	0.00692
87	0.04952	0.11104	0.02350	0.01619	0.02194	0.08402	0.01352	0.46076	0.02945	0.09311	0.01704	0.01713	0.01230	0.00845	0.00695	0.00213	0.00839	0.00616	0.00664	0.01175
88	0.01402	0.01319	0.02227	0.72126	0.05113	0.01649	0.02062	0.01897	0.01484	0.01897	0.01319	0.01979	0.00990	0.00742	0.00742	0.00247	0.00990	0.00660	0.00330	0.00825
89	0.76045	0.01431	0.01137	0.03822	0.01583	0.01665	0.00854	0.02171	0.01272	0.03273	0.01045	0.01237	0.00811	0.00691	0.00471	0.00230	0.00591	0.00412	0.00454	0.00805
90	0.01788	0.01700	0.02890	0.07100	0.63294	0.01713	0.02215	0.02226	0.01683	0.02394	0.01521	0.02173	0.01325	0.00735	0.00750	0.00228	0.00876	0.03871	0.00382	0.01137
91	0.00903	0.00651	0.00856	0.01019	0.01073	0.00604	0.00683	0.01035	0.01435	0.01901	0.04265	0.70082	0.08142	0.02303	0.00944	0.00299	0.00428	0.02083	0.00689	0.00604
92	0.23952	0.44888	0.06260	0.01223	0.01816	0.02374	0.01189	0.02258	0.01484	0.05274	0.02907	0.01387	0.01107	0.00690	0.00505	0.00188	0.00728	0.00446	0.00397	0.00925
93	0.01405	0.01017	0.01218	0.01211	0.01397	0.01045	0.00886	0.17512	0.01941	0.02591	0.03444	0.49865	0.03888	0.04483	0.01000	0.00299	0.00550	0.04788	0.00694	0.00767
94	0.03331	0.01263	0.01723	0.01321	0.01895	0.01091	0.01091	0.03618	0.02125	0.69794	0.02929	0.02527	0.01838	0.00919	0.00747	0.00230	0.00632	0.00747	0.00919	0.01263
95	0.01056	0.00755	0.00983	0.01094	0.01180	0.00746	0.00776	0.04235	0.01505	0.02010	0.03656	0.51219	0.04248	0.09225	0.05910	0.00402	0.00610	0.09106	0.00649	0.00633
96	0.01767	0.02009	0.11716	0.04083	0.56288	0.01730	0.04283	0.02265	0.01677	0.02407	0.01480	0.02037	0.01252	0.00715	0.00746	0.00228	0.00914	0.02887	0.00372	0.01143
97	0.01023	0.00740	0.00974	0.01008	0.01150	0.00691	0.00754	0.01307	0.01854	0.02555	0.41066	0.24271	0.08353	0.01815	0.00914	0.00266	0.00414	0.09413	0.00761	0.00669
98	0.01198	0.00759	0.00995	0.01085	0.01201	0.00719	0.00792	0.01369	0.01498	0.07535	0.03797	0.39659	0.06419	0.13733	0.01404	0.00370	0.00548	0.15598	0.00668	0.00652
99	0.02019	0.61916	0.09113	0.01400	0.02049	0.09267	0.01406	0.02303	0.01570	0.01802	0.01067	0.01236	0.00952	0.00653	0.00513	0.00168	0.00870	0.00417	0.00323	0.00956
100	0.01693	0.02345	0.17916	0.05163	0.09191	0.01829	0.45942	0.02349	0.01700	0.02361	0.01452	0.01897	0.01087	0.00649	0.00825	0.00245	0.01181	0.00783	0.00360	0.01030
101	0.00904	0.00646	0.00861	0.01034	0.01077	0.00603	0.00689	0.01034	0.01421	0.01895	0.04092	0.73426	0.04910	0.02326	0.00948	0.00301	0.00431	0.02110	0.00689	0.00603
102	0.01098	0.00854	0.01246	0.01608	0.11576	0.00822	0.01000	0.01322	0.01559	0.02112	0.09251	0.48109	0.04436	0.01965	0.00919	0.00288	0.00526	0.09949	0.00650	0.00710
103	0.01736	0.05872	0.20924	0.08455	0.25017	0.03835	0.04641	0.07408	0.03558	0.02466	0.01824	0.04870	0.04478	0.00832	0.00735	0.00230	0.00918	0.00727	0.00417	0.01056

[dist]
# distance from previous block
# <min> <max>
0	1

[block]
# block no. 3 follows, 27 sequences, length 42
# corresponding to MSA columns:
# 246-287
name=unknown_D
#
# <colnr> <probs for GDERKNQSTAVLIFYWHMCP>
#	G	D	E	R	K	N	Q	S	T	A	V	L	I	F	Y	W	H	M	C	P
0	0.01970	0.58988	0.08512	0.03347	0.03897	0.04453	0.01444	0.04596	0.01595	0.01923	0.01100	0.01293	0.00971	0.00674	0.00574	0.00176	0.02740	0.00441	0.00336	0.00971
1	0.07149	0.09170	0.02197	0.04890	0.02336	0.58184	0.01411	0.02810	0.01978	0.01904	0.01139	0.01347	0.00948	0.00749	0.00644	0.00193	0.01233	0.00475	0.00379	0.00863
2	0.01384	0.00692	0.00692	0.00692	0.00865	0.00692	0.00519	0.01730	0.01557	0.02768	0.02422	0.02768	0.01903	0.00865	0.00519	0.00173	0.00346	0.00692	0.78031	0.00692
3	0.01777	0.01908	0.05268	0.05319	0.35072	0.06870	0.19560	0.02245	0.01718	0.02313	0.01691	0.05425	0.01505	0.00829	0.00796	0.00239	0.00993	0.05034	0.00403	0.01035
4	0.01539	0.01319	0.01539	0.01100	0.01759	0.00990	0.00880	0.01869	0.01539	0.02419	0.01319	0.01539	0.01100	0.00550	0.00550	0.00110	0.00550	0.00440	0.00440	0.78449
5	0.02055	0.01698	0.01796	0.01553	0.02010	0.01944	0.01226	0.17389	0.54154	0.03442	0.02756	0.02559	0.02051	0.00982	0.00753	0.00246	0.00637	0.00803	0.00753	0.01194
6	0.01061	0.00766	0.01007	0.00966	0.01140	0.00712	0.00737	0.01411	0.02073	0.02922	0.64139	0.05752	0.06805	0.01557	0.00887	0.00241	0.00375	0.05944	0.00807	0.00699
7	0.00892	0.00753	0.00772	0.00767	0.01012	0.00633	0.00575	0.01093	0.01726	0.02086	0.12592	0.07012	0.63856	0.01850	0.00877	0.00249	0.00374	0.01548	0.00700	0.00633
8	0.01846	0.01595	0.01679	0.01511	0.01930	0.01846	0.01175	0.03945	0.67938	0.03105	0.03022	0.02770	0.02266	0.01007	0.00755	0.00252	0.00588	0.00839	0.00755	0.01175
9	0.01062	0.00791	0.01170	0.01170	0.01295	0.00915	0.00899	0.01311	0.01186	0.01706	0.02009	0.03033	0.01906	0.09661	0.66944	0.01165	0.01912	0.00812	0.00401	0.00650
10	0.01846	0.01607	0.01776	0.01733	0.06854	0.01840	0.01256	0.03823	0.63095	0.03056	0.02903	0.02702	0.02186	0.00982	0.00754	0.00250	0.00609	0.00826	0.00727	0.01175
11	0.00877	0.00752	0.00752	0.00752	0.01003	0.00627	0.00564	0.01065	0.01692	0.02005	0.07520	0.07144	0.68978	0.01880	0.00877	0.00251	0.00376	0.01567	0.00689	0.00627
12	0.00904	0.00646	0.00861	0.01034	0.01077	0.00603	0.00689	0.01034	0.01421	0.01895	0.04092	0.73426	0.04910	0.02326	0.00948	0.00301	0.00431	0.02110	0.00689	0.00603
13	0.00877	0.00752	0.00752	0.00752	0.01003	0.00627	0.00564	0.01065	0.01692	0.02005	0.07520	0.07144	0.68978	0.01880	0.00877	0.00251	0.00376	0.01567	0.00689	0.00627
14	0.01501	0.03753	0.66951	0.02164	0.03245	0.01731	0.05769	0.02352	0.01576	0.02352	0.01340	0.01588	0.00949	0.00702	0.00713	0.00236	0.01104	0.00564	0.00316	0.01093
15	0.03331	0.01263	0.01723	0.01321	0.01895	0.01091	0.01091	0.03618	0.02125	0.69794	0.02929	0.02527	0.01838	0.00919	0.00747	0.00230	0.00632	0.00747	0.00919	0.01263
16	0.01813	0.01566	0.01647	0.01485	0.01899	0.01805	0.01154	0.03847	0.65681	0.03068	0.03175	0.02919	0.04540	0.01037	0.00760	0.00252	0.00580	0.00864	0.00753	0.01156
17	0.00947	0.00765	0.00854	0.00905	0.01121	0.00673	0.00707	0.01162	0.01673	0.02042	0.06483	0.12881	0.50093	0.01953	0.00914	0.00274	0.00445	0.14784	0.00688	0.00637
18	0.00937	0.00688	0.00875	0.00993	0.01088	0.00635	0.00694	0.01106	0.01537	0.02023	0.10823	0.50454	0.15111	0.04324	0.01020	0.00302	0.00438	0.05643	0.00694	0.00616
19	0.01613	0.16060	0.46754	0.02052	0.02950	0.01997	0.08645	0.02288	0.01543	0.02204	0.01268	0.01547	0.00963	0.00730	0.00811	0.00230	0.06422	0.00561	0.00321	0.01041
20	0.79154	0.01436	0.01091	0.00976	0.01436	0.01665	0.00804	0.02182	0.01263	0.03331	0.01034	0.01206	0.00804	0.00689	0.00459	0.00230	0.00574	0.00402	0.00459	0.00804
21	0.65136	0.01508	0.03612	0.05308	0.01814	0.01637	0.04056	0.02149	0.01344	0.03154	0.03841	0.01478	0.01087	0.00723	0.00521	0.00232	0.00639	0.00483	0.00457	0.00820
22	0.01040	0.00857	0.00928	0.00904	0.01149	0.00799	0.00679	0.01506	0.10374	0.02338	0.19149	0.10222	0.43924	0.01720	0.00865	0.00250	0.00402	0.01459	0.00724	0.00712
23	0.05463	0.38837	0.03050	0.01758	0.07536	0.15948	0.01412	0.02361	0.03584	0.01933	0.01137	0.01383	0.01008	0.00770	0.00820	0.00200	0.11028	0.00484	0.00355	0.00933
24	0.01510	0.05510	0.50678	0.02324	0.12722	0.01661	0.02410	0.02236	0.01640	0.02408	0.08476	0.02016	0.01617	0.00782	0.00720	0.00230	0.00976	0.00644	0.00375	0.01062
25	0.03300	0.01312	0.01753	0.01344	0.01919	0.01164	0.01110	0.07402	0.02207	0.65893	0.02860	0.02482	0.01803	0.00917	0.00746	0.00229	0.00643	0.00742	0.00908	0.01263
26	0.01124	0.00803	0.01113	0.01284	0.01424	0.00792	0.01070	0.01413	0.01638	0.02141	0.03971	0.24512	0.04431	0.02119	0.01006	0.00332	0.00621	0.48859	0.00685	0.00664
27	0.01810	0.01906	0.07078	0.04295	0.59981	0.01771	0.07620	0.02291	0.01688	0.02417	0.01401	0.01835	0.01158	0.00661	0.00745	0.00224	0.00925	0.00673	0.00365	0.01157
28	0.00904	0.00646	0.00861	0.01034	0.01077	0.00603	0.00689	0.01034	0.01421	0.01895	0.04092	0.73426	0.04910	0.02326	0.00948	0.00301	0.00431	0.02110	0.00689	0.00603
29	0.00946	0.00666	0.00862	0.01003	0.01042	0.00633	0.00661	0.01058	0.01367	0.01821	0.03761	0.58636	0.04479	0.15598	0.01475	0.00380	0.00492	0.03896	0.00645	0.00577
30	0.02031	0.65878	0.06207	0.01355	0.01986	0.08512	0.01339	0.02289	0.01560	0.01775	0.01053	0.01217	0.00953	0.00648	0.00501	0.00164	0.00850	0.00409	0.00323	0.00950
31	0.01525	0.08995	0.65226	0.02054	0.03117	0.01813	0.02635	0.02342	0.01563	0.02307	0.01310	0.01540	0.00941	0.00700	0.00689	0.00230	0.01075	0.00537	0.00314	0.01087
32	0.01165	0.00838	0.01157	0.01320	0.01487	0.00830	0.01139	0.01488	0.01691	0.02193	0.04098	0.12154	0.07154	0.02059	0.01014	0.00335	0.00655	0.57862	0.00684	0.00676
33	0.00920	0.00658	0.00878	0.01041	0.01094	0.00616	0.00707	0.01066	0.01459	0.01950	0.06721	0.68428	0.04973	0.02283	0.00947	0.00300	0.00436	0.04218	0.00694	0.00610
34	0.09141	0.01995	0.02028	0.01595	0.02143	0.07076	0.01302	0.47471	0.02971	0.11842	0.01793	0.01803	0.01270	0.00919	0.00779	0.02554	0.00808	0.00641	0.00701	0.01167
35	0.01536	0.01430	0.02157	0.54607	0.08727	0.03830	0.01889	0.06635	0.01681	0.02141	0.01846	0.02346	0.06426	0.00839	0.00750	0.00242	0.00932	0.00727	0.00393	0.00865
36	0.76312	0.01524	0.03615	0.01018	0.01501	0.01668	0.00875	0.02188	0.01275	0.03295	0.01045	0.01219	0.00809	0.00690	0.00468	0.00230	0.00593	0.00407	0.00454	0.00815
37	0.00904	0.00646	0.00861	0.01034	0.01077	0.00603	0.00689	0.01034	0.01421	0.01895	0.04092	0.73426	0.04910	0.02326	0.00948	0.00301	0.00431	0.02110	0.00689	0.00603
38	0.01596	0.01983	0.13079	0.15821	0.19063	0.01679	0.24640	0.02150	0.01646	0.02261	0.01800	0.04799	0.04442	0.00790	0.00796	0.00242	0.01022	0.00816	0.00383	0.00991
39	0.01539	0.01319	0.01539	0.01100	0.01759	0.00990	0.00880	0.01869	0.01539	0.02419	0.01319	0.01539	0.01100	0.00550	0.00550	0.00110	0.00550	0.00440	0.00440	0.78449
40	0.01985	0.74357	0.03890	0.01270	0.01905	0.02937	0.01270	0.02223	0.01508	0.01747	0.01032	0.01191	0.00953	0.00635	0.00476	0.00159	0.00794	0.00397	0.00318	0.00953
41	0.01243	0.00936	0.01207	0.01317	0.01521	0.00958	0.01111	0.01802	0.10857	0.02307	0.04111	0.11330	0.09380	0.01908	0.00971	0.00319	0.00630	0.46654	0.00694	0.00742

[dist]
# distance from previous block
# <min> <max>
0	1

[block]
# block no. 4 follows, 27 sequences, length 27
# corresponding to MSA columns:
# 289-315
name=unknown_E
#
# <colnr> <probs for GDERKNQSTAVLIFYWHMCP>
#	G	D	E	R	K	N	Q	S	T	A	V	L	I	F	Y	W	H	M	C	P
0	0.01059	0.00759	0.01032	0.01042	0.01120	0.00832	0.00737	0.01218	0.01164	0.01628	0.02239	0.07675	0.02343	0.30713	0.42054	0.00967	0.01429	0.00976	0.00434	0.00580
1	0.01711	0.01468	0.01553	0.01407	0.01797	0.01667	0.01091	0.03530	0.57976	0.02996	0.07286	0.03336	0.08701	0.01118	0.00774	0.00251	0.00554	0.00936	0.00753	0.01097
2	0.01147	0.00934	0.01239	0.01229	0.01375	0.04462	0.00954	0.01408	0.01239	0.01728	0.01946	0.02837	0.01810	0.05325	0.67420	0.01143	0.01956	0.00779	0.00397	0.00673
3	0.02773	0.03538	0.02104	0.01913	0.02295	0.70930	0.01434	0.02964	0.02104	0.01817	0.01148	0.01339	0.00956	0.00765	0.00669	0.00191	0.01339	0.00478	0.00383	0.00861
4	0.02774	0.01366	0.01698	0.01364	0.01873	0.01331	0.01105	0.09331	0.16271	0.43901	0.08443	0.02766	0.02315	0.00986	0.00759	0.00234	0.00615	0.00810	0.00859	0.01197
5	0.00908	0.00754	0.00798	0.00812	0.01044	0.00644	0.00615	0.01113	0.01708	0.02076	0.11144	0.10003	0.58381	0.01886	0.00889	0.00257	0.00395	0.05241	0.00697	0.00634
6	0.00938	0.00763	0.00836	0.00841	0.01071	0.00661	0.00647	0.01169	0.01767	0.02199	0.18186	0.06971	0.51901	0.01831	0.00891	0.00256	0.00400	0.07315	0.00712	0.00645
7	0.01402	0.01319	0.02227	0.72126	0.05113	0.01649	0.02062	0.01897	0.01484	0.01897	0.01319	0.01979	0.00990	0.00742	0.00742	0.00247	0.00990	0.00660	0.00330	0.00825
8	0.71945	0.01373	0.01082	0.00972	0.01406	0.01576	0.00794	0.02110	0.01341	0.03298	0.07297	0.01606	0.01376	0.00766	0.00498	0.00230	0.00554	0.00489	0.00492	0.00794
9	0.01161	0.00836	0.01151	0.01313	0.01480	0.00826	0.01130	0.01481	0.01690	0.02189	0.04131	0.12465	0.07736	0.02059	0.01013	0.00334	0.00651	0.56993	0.00684	0.00675
10	0.01384	0.00692	0.00692	0.00692	0.00865	0.00692	0.00519	0.01730	0.01557	0.02768	0.02422	0.02768	0.01903	0.00865	0.00519	0.00173	0.00346	0.00692	0.78031	0.00692
11	0.01653	0.01575	0.02679	0.33239	0.42041	0.01715	0.02186	0.02116	0.01603	0.02201	0.01364	0.01898	0.01097	0.00696	0.00738	0.00232	0.00928	0.00661	0.00352	0.01027
12	0.01586	0.11846	0.50296	0.04972	0.06527	0.01881	0.08221	0.02317	0.01580	0.02268	0.01314	0.01591	0.00972	0.00689	0.00696	0.00227	0.01060	0.00570	0.00323	0.01065
13	0.62415	0.01434	0.01365	0.04707	0.09211	0.01629	0.01050	0.02143	0.01347	0.03099	0.01254	0.01723	0.01053	0.00766	0.00536	0.00236	0.00634	0.04102	0.00456	0.00840
14	0.01223	0.00878	0.01177	0.01297	0.01466	0.00879	0.01079	0.05239	0.01771	0.02332	0.06859	0.21568	0.04358	0.02016	0.00985	0.00321	0.00623	0.44536	0.00694	0.00701
15	0.01080	0.00929	0.04661	0.01072	0.01288	0.00771	0.00888	0.01431	0.01933	0.02684	0.46179	0.11271	0.08744	0.01647	0.00898	0.00259	0.00455	0.12350	0.00752	0.00708
16	0.11303	0.55386	0.09728	0.01311	0.01946	0.02575	0.01338	0.02189	0.01470	0.01996	0.01105	0.01307	0.00975	0.00874	0.03720	0.00222	0.00851	0.00430	0.00338	0.00935
17	0.01550	0.01694	0.07056	0.42405	0.14320	0.01722	0.16391	0.02088	0.01580	0.02110	0.01372	0.01937	0.01045	0.00702	0.00768	0.00243	0.01038	0.00701	0.00345	0.00933
18	0.03331	0.01263	0.01723	0.01321	0.01895	0.01091	0.01091	0.03618	0.02125	0.69794	0.02929	0.02527	0.01838	0.00919	0.00747	0.00230	0.00632	0.00747	0.00919	0.01263
19	0.01168	0.00751	0.00904	0.00889	0.00940	0.00754	0.00553	0.01233	0.01204	0.04552	0.05907	0.06975	0.02872	0.56735	0.10919	0.00711	0.00828	0.01083	0.00492	0.00528
20	0.01718	0.16070	0.46695	0.02081	0.05103	0.01918	0.07592	0.02402	0.01609	0.06189	0.01388	0.01601	0.01018	0.00697	0.00682	0.00222	0.01021	0.00564	0.00356	0.01076
21	0.01052	0.00718	0.00869	0.00931	0.00962	0.00708	0.00598	0.01124	0.01238	0.01643	0.02952	0.21720	0.03419	0.48051	0.02767	0.00574	0.00646	0.08979	0.00535	0.00515
22	0.01010	0.00751	0.00940	0.00906	0.01087	0.00681	0.00674	0.01317	0.01986	0.02733	0.53673	0.09733	0.18501	0.01632	0.00880	0.00241	0.00360	0.01429	0.00786	0.00681
23	0.01476	0.01336	0.02174	0.54243	0.12909	0.01591	0.01920	0.02021	0.04417	0.02092	0.01497	0.02062	0.01147	0.00754	0.00723	0.00238	0.00903	0.00671	0.06951	0.00874
24	0.08153	0.06052	0.02139	0.01621	0.02149	0.14520	0.01322	0.44214	0.02885	0.03823	0.01606	0.01677	0.01189	0.00839	0.00684	0.00212	0.00869	0.00602	0.04330	0.01114
25	0.00910	0.00659	0.00849	0.00997	0.01057	0.00611	0.00666	0.01039	0.01430	0.01883	0.04324	0.64031	0.10718	0.05706	0.01076	0.00317	0.00439	0.02011	0.00678	0.00598
26	0.02103	0.08029	0.13799	0.01695	0.04441	0.09384	0.01512	0.20934	0.07295	0.02991	0.01547	0.01669	0.01184	0.00744	0.00661	0.00191	0.00840	0.00563	0.00511	0.19907

[dist]
# distance from previous block
# <min> <max>
1	5

[block]
# block no. 5 follows, 27 sequences, length 15
# corresponding to MSA columns:
# 321-335
name=unknown_F
#
# <colnr> <probs for GDERKNQSTAVLIFYWHMCP>
#	G	D	E	R	K	N	Q	S	T	A	V	L	I	F	Y	W	H	M	C	P
0	0.01848	0.02012	0.10180	0.02755	0.24545	0.06312	0.08821	0.02651	0.15284	0.05121	0.05374	0.02187	0.01679	0.00820	0.00823	0.00231	0.04058	0.00727	0.00489	0.04082
1	0.01539	0.01319	0.01539	0.01100	0.01759	0.00990	0.00880	0.01869	0.01539	0.02419	0.01319	0.01539	0.01100	0.00550	0.00550	0.00110	0.00550	0.00440	0.00440	0.78449
2	0.02217	0.54070	0.03411	0.01410	0.02017	0.08076	0.01312	0.15504	0.01960	0.02352	0.01195	0.01323	0.01016	0.00698	0.00546	0.00174	0.00841	0.00459	0.00410	0.01009
3	0.01113	0.00758	0.00986	0.00962	0.01132	0.00694	0.00708	0.01407	0.01942	0.05681	0.49513	0.19393	0.09546	0.01675	0.00885	0.00248	0.00381	0.01485	0.00789	0.00702
4	0.01283	0.01323	0.01053	0.01008	0.01278	0.15030	0.00756	0.01489	0.01818	0.02066	0.12500	0.05792	0.48704	0.01615	0.00835	0.00237	0.00571	0.01321	0.00640	0.00682
5	0.02348	0.01745	0.01902	0.01553	0.02020	0.01916	0.01243	0.48082	0.08454	0.03977	0.02359	0.16535	0.02093	0.01195	0.00786	0.00241	0.00719	0.00978	0.00733	0.01120
6	0.01061	0.00795	0.01193	0.01193	0.01326	0.00928	0.00928	0.01326	0.01193	0.01723	0.01988	0.02916	0.01856	0.05568	0.70968	0.01193	0.01988	0.00795	0.00398	0.00663
7	0.02773	0.03538	0.02104	0.01913	0.02295	0.70930	0.01434	0.02964	0.02104	0.01817	0.01148	0.01339	0.00956	0.00765	0.00669	0.00191	0.01339	0.00478	0.00383	0.00861
8	0.00898	0.00735	0.00796	0.00840	0.01044	0.00633	0.00620	0.01082	0.01637	0.01993	0.06644	0.20776	0.52708	0.01980	0.00899	0.00266	0.00402	0.04732	0.00689	0.00625
9	0.00934	0.00669	0.00888	0.01013	0.01083	0.00623	0.00691	0.01109	0.01561	0.02117	0.17360	0.59526	0.05339	0.02160	0.00933	0.00288	0.00414	0.01953	0.00715	0.00623
10	0.00904	0.00646	0.00861	0.01034	0.01077	0.00603	0.00689	0.01034	0.01421	0.01895	0.04092	0.73426	0.04910	0.02326	0.00948	0.00301	0.00431	0.02110	0.00689	0.00603
11	0.01510	0.01447	0.02503	0.54589	0.18186	0.01685	0.05567	0.02001	0.01541	0.02031	0.01345	0.01951	0.01035	0.00719	0.00748	0.00242	0.00982	0.00672	0.00340	0.00906
12	0.22605	0.01389	0.01561	0.01269	0.01780	0.01409	0.01035	0.07426	0.10945	0.36780	0.04769	0.02278	0.01778	0.00891	0.00678	0.00232	0.00613	0.00687	0.00762	0.01112
13	0.00923	0.00654	0.00856	0.01010	0.01049	0.00615	0.00664	0.01038	0.01386	0.01848	0.03910	0.66305	0.04680	0.09760	0.01242	0.00345	0.00461	0.02003	0.00664	0.00587
14	0.00904	0.00646	0.00861	0.01034	0.01077	0.00603	0.00689	0.01034	0.01421	0.01895	0.04092	0.73426	0.04910	0.02326	0.00948	0.00301	0.00431	0.02110	0.00689	0.00603

[dist]
# distance from previous block
# <min> <max>
0	1

[block]
# block no. 6 follows, 27 sequences, length 192
# corresponding to MSA columns:
# 337-528
name=unknown_G
#
# <colnr> <probs for GDERKNQSTAVLIFYWHMCP>
#	G	D	E	R	K	N	Q	S	T	A	V	L	I	F	Y	W	H	M	C	P
0	0.02594	0.07570	0.02246	0.01858	0.02231	0.52241	0.01444	0.08762	0.02084	0.02077	0.01180	0.01405	0.00987	0.00831	0.00871	0.00208	0.09596	0.00511	0.00405	0.00898
1	0.01649	0.01917	0.08853	0.17002	0.14657	0.01783	0.32437	0.02205	0.01642	0.02253	0.01496	0.02146	0.01198	0.00745	0.00892	0.00250	0.04494	0.03032	0.00369	0.00982
2	0.75784	0.01464	0.01141	0.01009	0.01474	0.01693	0.00831	0.05035	0.01362	0.03390	0.01067	0.01231	0.00824	0.00698	0.00472	0.00229	0.00585	0.00414	0.00472	0.00824
3	0.01783	0.01708	0.02915	0.13037	0.61226	0.01749	0.02251	0.02230	0.01665	0.02359	0.01387	0.01855	0.01153	0.00672	0.00736	0.00224	0.00895	0.00661	0.00363	0.01132
4	0.01269	0.00645	0.00962	0.00971	0.00973	0.00643	0.00647	0.00971	0.00991	0.01321	0.01437	0.06008	0.01480	0.02566	0.02798	0.74284	0.00633	0.00722	0.00342	0.00337
5	0.06112	0.12158	0.32086	0.01891	0.05476	0.07579	0.01948	0.14862	0.01985	0.04640	0.01596	0.01740	0.03212	0.00778	0.00675	0.00219	0.00950	0.00582	0.00442	0.01069
6	0.01703	0.30527	0.31322	0.01755	0.02547	0.02169	0.05913	0.02379	0.06937	0.02148	0.01399	0.01618	0.01113	0.00954	0.04335	0.00259	0.00996	0.00547	0.00359	0.01019
7	0.75104	0.01426	0.01125	0.00995	0.01460	0.01635	0.00819	0.02259	0.01309	0.06881	0.01135	0.01277	0.00859	0.00701	0.00475	0.00230	0.00577	0.00420	0.00484	0.00829
