[name]
unknown

[dist]
# distance from previous block
# <min> <max>
0	51

[block]
# block no. 0 follows, 28 sequences, length 10
# corresponding to MSA columns:
# 51-60
name=unknown_A
#
# <colnr> <probs for GDERKNQSTAVLIFYWHMCP>
#	G	D	E	R	K	N	Q	S	T	A	V	L	I	F	Y	W	H	M	C	P
0	0.02231	0.12232	0.01913	0.01367	0.01799	0.07767	0.02942	0.04293	0.01878	0.27245	0.02968	0.03975	0.07463	0.01197	0.00769	0.00242	0.00721	0.17378	0.00668	0.00953
1	0.27843	0.01941	0.15718	0.01798	0.10987	0.01650	0.01467	0.02650	0.18832	0.05463	0.01703	0.01813	0.01287	0.00818	0.00691	0.02546	0.00715	0.00588	0.00497	0.00992
2	0.01268	0.00969	0.01173	0.01107	0.01369	0.00885	0.00807	0.09069	0.01661	0.02310	0.03036	0.46680	0.03420	0.01661	0.00803	0.00238	0.00497	0.01476	0.00618	0.20955
3	0.01906	0.01852	0.01659	0.01293	0.01865	0.19257	0.01012	0.02192	0.01679	0.05549	0.01326	0.01504	0.01076	0.00611	0.00578	0.00134	0.00742	0.00455	0.00439	0.54872
4	0.02273	0.02640	0.02192	0.20487	0.10102	0.42259	0.01650	0.06101	0.01935	0.02016	0.01227	0.01549	0.00984	0.00739	0.00685	0.00206	0.01147	0.00543	0.00379	0.00888
5	0.02398	0.01684	0.01792	0.01415	0.01890	0.01846	0.01155	0.50447	0.02927	0.04096	0.01907	0.01995	0.01399	0.00866	0.00670	0.00206	0.00680	0.00660	0.20874	0.01091
6	0.01595	0.01236	0.01469	0.01088	0.01681	0.00947	0.00863	0.01900	0.01543	0.07634	0.01628	0.07265	0.01426	0.00703	0.00584	0.00132	0.00535	0.00582	0.00486	0.66704
7	0.02796	0.01984	0.02149	0.01648	0.02228	0.02177	0.01361	0.63334	0.03331	0.08865	0.01818	0.01793	0.01273	0.00874	0.00727	0.00219	0.00788	0.00659	0.00738	0.01236
8	0.02321	0.01691	0.01822	0.01445	0.01876	0.01853	0.01138	0.50282	0.02806	0.03759	0.01886	0.02525	0.01601	0.19936	0.01497	0.00344	0.00775	0.00759	0.00653	0.01030
9	0.02178	0.01614	0.01782	0.01455	0.01902	0.01722	0.01158	0.45122	0.02743	0.03702	0.02296	0.20441	0.02149	0.01210	0.00764	0.00229	0.00681	0.01003	0.00690	0.07158

[dist]
# distance from previous block
# <min> <max>
0	15

[block]
# block no. 1 follows, 28 sequences, length 18
# corresponding to MSA columns:
# 76-93
name=unknown_B
#
# <colnr> <probs for GDERKNQSTAVLIFYWHMCP>
#	G	D	E	R	K	N	Q	S	T	A	V	L	I	F	Y	W	H	M	C	P
0	0.75380	0.01367	0.01047	0.00941	0.01376	0.01579	0.00772	0.02113	0.01253	0.03232	0.01085	0.01263	0.00845	0.00684	0.00453	0.00222	0.00550	0.00409	0.04648	0.00781
1	0.01709	0.01875	0.03787	0.02922	0.07910	0.01882	0.50682	0.02322	0.05021	0.02290	0.01469	0.01938	0.01143	0.00723	0.01048	0.00253	0.10861	0.00812	0.00379	0.00976
2	0.01612	0.01994	0.12742	0.05645	0.18271	0.01637	0.32000	0.02157	0.01630	0.02286	0.01588	0.07025	0.01349	0.00751	0.00783	0.00231	0.01010	0.00817	0.00382	0.06091
3	0.01657	0.01399	0.01701	0.01323	0.01859	0.01294	0.04755	0.09368	0.15505	0.02768	0.07075	0.04908	0.01921	0.00811	0.00658	0.00173	0.00594	0.00691	0.00561	0.40982
4	0.04459	0.08281	0.31284	0.02322	0.03172	0.01798	0.29295	0.02270	0.01593	0.02306	0.01340	0.01669	0.01002	0.00643	0.00725	0.00223	0.01064	0.00648	0.00345	0.05560
5	0.02715	0.03464	0.02060	0.01873	0.02247	0.71536	0.01404	0.02903	0.02060	0.01779	0.01124	0.01311	0.00936	0.00749	0.00655	0.00187	0.01311	0.00468	0.00375	0.00843
6	0.01604	0.01350	0.01559	0.01123	0.01764	0.01068	0.00902	0.06908	0.01655	0.02540	0.01327	0.01526	0.01089	0.00564	0.00553	0.00116	0.00559	0.00448	0.00454	0.72892
7	0.00886	0.00633	0.00843	0.01012	0.01054	0.00590	0.00675	0.01012	0.01392	0.01856	0.04006	0.73979	0.04808	0.02277	0.00928	0.00295	0.00422	0.02066	0.00675	0.00590
8	0.01134	0.00817	0.01039	0.01134	0.01254	0.00809	0.00828	0.08331	0.01656	0.02202	0.03736	0.56038	0.04323	0.02083	0.00918	0.00293	0.00501	0.11552	0.00680	0.00673
9	0.00886	0.00633	0.00843	0.01012	0.01054	0.00590	0.00675	0.01012	0.01392	0.01856	0.04006	0.73979	0.04808	0.02277	0.00928	0.00295	0.00422	0.02066	0.00675	0.00590
10	0.00886	0.00633	0.00843	0.01012	0.01054	0.00590	0.00675	0.01012	0.01392	0.01856	0.04006	0.73979	0.04808	0.02277	0.00928	0.00295	0.00422	0.02066	0.00675	0.00590
11	0.71137	0.01660	0.08599	0.01077	0.01594	0.01637	0.00993	0.02155	0.01269	0.03158	0.01044	0.01219	0.00802	0.00676	0.00476	0.00225	0.00618	0.00409	0.00434	0.00818
12	0.01716	0.01961	0.04289	0.03064	0.03799	0.01838	0.67279	0.02328	0.01716	0.02328	0.01471	0.01961	0.01103	0.00613	0.00858	0.00245	0.01225	0.00858	0.00368	0.00980
13	0.01038	0.00779	0.01168	0.01168	0.01298	0.00909	0.00909	0.01298	0.01168	0.01687	0.01947	0.02856	0.01817	0.05452	0.71573	0.01168	0.01947	0.00779	0.00389	0.00649
14	0.02763	0.02036	0.02182	0.01672	0.02254	0.02254	0.01382	0.67496	0.03418	0.04581	0.01745	0.01745	0.01236	0.00873	0.00727	0.00218	0.00800	0.00654	0.00727	0.01236
15	0.01943	0.74891	0.03809	0.01244	0.01866	0.02876	0.01244	0.02177	0.01477	0.01710	0.01011	0.01166	0.00933	0.00622	0.00466	0.00155	0.00777	0.00389	0.00311	0.00933
16	0.01825	0.61804	0.10901	0.01329	0.01964	0.02605	0.01377	0.02127	0.01461	0.01773	0.01110	0.01328	0.00995	0.00977	0.05616	0.00237	0.00894	0.00433	0.00316	0.00928
17	0.01521	0.12976	0.62023	0.01965	0.02980	0.01842	0.02499	0.02286	0.01527	0.02225	0.01266	0.01487	0.00922	0.00682	0.00662	0.00221	0.01036	0.00518	0.00307	0.01056

[dist]
# distance from previous block
# <min> <max>
29	50

[block]
# block no. 2 follows, 28 sequences, length 7
# corresponding to MSA columns:
# 146-152
name=unknown_C
#
# <colnr> <probs for GDERKNQSTAVLIFYWHMCP>
#	G	D	E	R	K	N	Q	S	T	A	V	L	I	F	Y	W	H	M	C	P
0	0.07852	0.31043	0.18338	0.01534	0.02164	0.17225	0.01539	0.02415	0.04621	0.02081	0.01249	0.01419	0.01018	0.00695	0.00572	0.00189	0.00917	0.00472	0.03724	0.00934
1	0.01167	0.00826	0.00940	0.00882	0.01126	0.00750	0.00663	0.01511	0.05912	0.07613	0.24890	0.05781	0.37587	0.05904	0.01009	0.00266	0.00413	0.01334	0.00720	0.00707
2	0.02349	0.09656	0.02351	0.02245	0.15788	0.37517	0.01505	0.10558	0.02089	0.02314	0.05831	0.01725	0.01414	0.00781	0.00673	0.00197	0.01041	0.00576	0.00437	0.00952
3	0.16666	0.06312	0.01699	0.01262	0.01715	0.01537	0.01042	0.15681	0.04626	0.22536	0.12266	0.02554	0.04220	0.00969	0.00750	0.00225	0.03498	0.00742	0.00691	0.01011
4	0.33847	0.06148	0.10492	0.01234	0.01751	0.01646	0.01146	0.15014	0.01844	0.03173	0.08597	0.02172	0.05632	0.00871	0.00605	0.00220	0.00647	0.00636	0.03429	0.00898
5	0.01808	0.02206	0.26297	0.01751	0.07444	0.05146	0.01654	0.02426	0.06835	0.15679	0.09879	0.02948	0.10811	0.00990	0.00743	0.00229	0.00773	0.00815	0.00565	0.01003
6	0.15367	0.42196	0.06554	0.05106	0.02011	0.07588	0.01279	0.02155	0.01500	0.02092	0.04804	0.01490	0.01235	0.00721	0.00595	0.00189	0.03391	0.00477	0.00367	0.00883

[dist]
# distance from previous block
# <min> <max>
0	2

[block]
# block no. 3 follows, 28 sequences, length 6
# corresponding to MSA columns:
# 155-160
name=unknown_D
#
# <colnr> <probs for GDERKNQSTAVLIFYWHMCP>
#	G	D	E	R	K	N	Q	S	T	A	V	L	I	F	Y	W	H	M	C	P
0	0.01953	0.14885	0.01862	0.01223	0.01643	0.01546	0.01006	0.06413	0.19052	0.16783	0.13352	0.03211	0.08364	0.04498	0.00854	0.00242	0.00587	0.00863	0.00683	0.00981
1	0.02060	0.04470	0.05372	0.01365	0.01843	0.01453	0.01173	0.19847	0.08082	0.14637	0.14807	0.03243	0.02723	0.01067	0.00752	0.00224	0.00641	0.07336	0.00699	0.08209
2	0.01522	0.01969	0.14816	0.02296	0.02927	0.01552	0.33993	0.02053	0.01596	0.02239	0.01826	0.08648	0.01657	0.00927	0.00907	0.00246	0.05263	0.06558	0.00414	0.08592
3	0.01763	0.07121	0.12596	0.02809	0.30879	0.12615	0.01841	0.02185	0.01730	0.02257	0.08257	0.02650	0.01939	0.00890	0.00730	0.00223	0.00889	0.07220	0.00426	0.00981
4	0.05887	0.01354	0.01286	0.01151	0.01449	0.12060	0.00876	0.02163	0.07613	0.13436	0.27944	0.03953	0.10278	0.06216	0.00968	0.00257	0.00599	0.01000	0.00688	0.00821
5	0.14496	0.11237	0.21795	0.01815	0.08281	0.12592	0.01644	0.02187	0.01596	0.02321	0.07255	0.01965	0.04036	0.00830	0.00740	0.00218	0.05068	0.00605	0.00403	0.00914

[dist]
# distance from previous block
# <min> <max>
0	1

[block]
# block no. 4 follows, 28 sequences, length 8
# corresponding to MSA columns:
# 162-169
name=unknown_E
#
# <colnr> <probs for GDERKNQSTAVLIFYWHMCP>
#	G	D	E	R	K	N	Q	S	T	A	V	L	I	F	Y	W	H	M	C	P
0	0.01617	0.01867	0.07511	0.05331	0.10088	0.01708	0.42188	0.02140	0.01614	0.02240	0.01591	0.07275	0.01359	0.00793	0.00928	0.00244	0.06107	0.00867	0.00384	0.04147
1	0.08301	0.30412	0.08700	0.01623	0.02215	0.13470	0.09748	0.02437	0.01656	0.10058	0.01448	0.04326	0.01196	0.00749	0.00614	0.00198	0.00897	0.00581	0.00423	0.00947
2	0.04933	0.01248	0.01469	0.01485	0.07789	0.01290	0.01064	0.09795	0.17527	0.08248	0.09055	0.04300	0.20040	0.01284	0.00790	0.00245	0.00567	0.07257	0.00685	0.00929
3	0.11605	0.23695	0.26114	0.01654	0.02350	0.04442	0.06293	0.02164	0.01529	0.02218	0.01518	0.02272	0.01346	0.00837	0.00646	0.00221	0.00889	0.08898	0.00380	0.00929
4	0.08972	0.02267	0.11080	0.14532	0.10633	0.17487	0.10148	0.02438	0.06994	0.02268	0.01394	0.01699	0.01083	0.00709	0.00687	0.00217	0.00988	0.00598	0.00394	0.05414
5	0.21196	0.23894	0.06066	0.01385	0.01870	0.19706	0.01217	0.02369	0.05165	0.02214	0.01247	0.01465	0.01047	0.01132	0.07036	0.00282	0.00972	0.00477	0.00391	0.00868
6	0.05032	0.01673	0.01841	0.01533	0.04506	0.01788	0.01187	0.44175	0.02775	0.03801	0.08293	0.02578	0.06576	0.04932	0.00886	0.00240	0.00700	0.00774	0.00672	0.06037
7	0.02171	0.12743	0.01906	0.01293	0.01765	0.01568	0.01081	0.11032	0.15432	0.21372	0.06831	0.03101	0.08285	0.01041	0.00719	0.00222	0.00618	0.04376	0.00699	0.03744

[dist]
# distance from previous block
# <min> <max>
4	8

[block]
# block no. 5 follows, 28 sequences, length 7
# corresponding to MSA columns:
# 178-184
name=unknown_F
#
# <colnr> <probs for GDERKNQSTAVLIFYWHMCP>
#	G	D	E	R	K	N	Q	S	T	A	V	L	I	F	Y	W	H	M	C	P
0	0.11241	0.06124	0.34667	0.01664	0.02404	0.01506	0.05776	0.02266	0.01660	0.10588	0.13065	0.02273	0.02031	0.00841	0.00693	0.00226	0.00827	0.00687	0.00483	0.00979
1	0.11305	0.08695	0.14371	0.01676	0.05940	0.01844	0.01488	0.23981	0.04729	0.08441	0.04642	0.01916	0.01460	0.01097	0.05046	0.00276	0.00851	0.00627	0.00556	0.01058
2	0.20263	0.16013	0.05833	0.03655	0.05354	0.03547	0.01170	0.12637	0.01802	0.02812	0.04622	0.01999	0.04856	0.00806	0.00588	0.00200	0.00677	0.00595	0.08205	0.04364
3	0.05558	0.24411	0.08760	0.01388	0.01923	0.01997	0.01281	0.20415	0.01994	0.07961	0.01597	0.01942	0.01314	0.07072	0.09044	0.00349	0.00919	0.00601	0.00499	0.00977
4	0.07780	0.01695	0.08827	0.10061	0.07807	0.04532	0.01387	0.11124	0.12939	0.04882	0.12819	0.02907	0.08214	0.00998	0.00732	0.00230	0.00705	0.00823	0.00583	0.00955
5	0.07188	0.01687	0.01960	0.22646	0.09594	0.11231	0.01508	0.02802	0.15306	0.15959	0.01912	0.02052	0.01391	0.00806	0.00702	0.00228	0.00829	0.00658	0.00542	0.01001
6	0.10049	0.02594	0.36795	0.01898	0.06037	0.01561	0.05914	0.07275	0.01769	0.05833	0.11464	0.02171	0.01871	0.00823	0.00706	0.00228	0.00867	0.00680	0.00462	0.01004

[dist]
# distance from previous block
# <min> <max>
17	26

[block]
# block no. 6 follows, 28 sequences, length 49
# corresponding to MSA columns:
# 211-259
name=unknown_G
#
# <colnr> <probs for GDERKNQSTAVLIFYWHMCP>
#	G	D	E	R	K	N	Q	S	T	A	V	L	I	F	Y	W	H	M	C	P
0	0.01793	0.01346	0.01537	0.01299	0.01629	0.01420	0.01000	0.28496	0.02223	0.03038	0.06981	0.18544	0.02591	0.11323	0.01253	0.00296	0.04306	0.01047	0.00629	0.09248
1	0.05488	0.39614	0.19025	0.01488	0.02188	0.05684	0.01562	0.06350	0.01687	0.08961	0.01316	0.01426	0.01029	0.00690	0.00570	0.00188	0.00849	0.00478	0.00403	0.01004
2	0.01963	0.01715	0.11105	0.01480	0.01905	0.08820	0.03722	0.02315	0.01817	0.21167	0.15945	0.07471	0.04832	0.01166	0.00936	0.00242	0.07691	0.04151	0.00633	0.00922
3	0.01653	0.06900	0.03636	0.10032	0.03440	0.01906	0.44363	0.02151	0.01569	0.02133	0.01367	0.01885	0.01083	0.00895	0.03649	0.00283	0.11012	0.00770	0.00353	0.00921
4	0.05206	0.04172	0.01366	0.01109	0.01437	0.03320	0.00874	0.04714	0.06667	0.17811	0.33607	0.06671	0.07602	0.01250	0.00778	0.00228	0.00502	0.01058	0.00754	0.00875
5	0.07204	0.01293	0.01335	0.01324	0.06222	0.06937	0.00927	0.04997	0.07029	0.02425	0.09381	0.13111	0.19363	0.01272	0.00741	0.00218	0.00567	0.01065	0.00589	0.14000
6	0.45129	0.01619	0.01449	0.01267	0.01713	0.06847	0.03279	0.02769	0.21720	0.05267	0.01686	0.01724	0.01276	0.00780	0.00576	0.00229	0.00647	0.00556	0.00544	0.00923
7	0.07950	0.64066	0.03445	0.01238	0.01832	0.02705	0.01202	0.02292	0.06156	0.01924	0.01147	0.01275	0.01012	0.00651	0.00484	0.00167	0.00747	0.00419	0.00352	0.00937
8	0.01550	0.01088	0.06022	0.01107	0.01434	0.00877	0.00940	0.01963	0.04134	0.16894	0.42770	0.04658	0.07725	0.01333	0.00823	0.00235	0.00477	0.04359	0.00773	0.00839
9	0.12185	0.01598	0.01639	0.01359	0.01813	0.01776	0.01095	0.31257	0.19244	0.03634	0.02440	0.02407	0.06591	0.00945	0.00682	0.00223	0.00633	0.00731	0.08697	0.01052
10	0.02502	0.01664	0.01871	0.01505	0.01988	0.01777	0.01221	0.45637	0.02852	0.13998	0.02326	0.12991	0.01958	0.01127	0.00767	0.00235	0.00711	0.03008	0.00743	0.01120
11	0.61042	0.01544	0.01691	0.01363	0.01870	0.01709	0.12074	0.06743	0.01471	0.03196	0.01141	0.01352	0.00872	0.00678	0.00538	0.00228	0.00691	0.00490	0.00455	0.00851
12	0.01263	0.00631	0.00947	0.00947	0.00947	0.00631	0.00631	0.00947	0.00947	0.01263	0.01263	0.02210	0.01263	0.02525	0.02841	0.78851	0.00631	0.00631	0.00316	0.00316
13	0.01706	0.01664	0.02685	0.24869	0.47795	0.04394	0.02135	0.02145	0.01610	0.02196	0.01335	0.01822	0.01088	0.00675	0.00719	0.00223	0.00913	0.00640	0.00349	0.01036
14	0.01071	0.00819	0.01019	0.01114	0.01314	0.00782	0.00929	0.01406	0.04047	0.02119	0.05097	0.09807	0.27860	0.01920	0.00939	0.00298	0.00548	0.37572	0.00674	0.00664
15	0.01000	0.00742	0.00932	0.00884	0.01068	0.00674	0.00663	0.01316	0.01990	0.02754	0.59021	0.05695	0.17474	0.01546	0.00858	0.00231	0.00347	0.01352	0.00779	0.00674
16	0.01018	0.00727	0.00996	0.01164	0.01264	0.00705	0.00906	0.01242	0.01523	0.02004	0.03933	0.43410	0.04518	0.02152	0.00963	0.00314	0.00537	0.31325	0.00672	0.00627
17	0.01590	0.01590	0.02226	0.01908	0.01908	0.02226	0.01590	0.01749	0.01113	0.01749	0.00954	0.01590	0.00954	0.01272	0.02385	0.00318	0.73123	0.00636	0.00318	0.00795
18	0.01550	0.03631	0.67171	0.02032	0.03080	0.01657	0.02603	0.02365	0.01562	0.05773	0.01384	0.01583	0.00966	0.00701	0.00693	0.00230	0.01051	0.00547	0.00337	0.01083
19	0.01475	0.06315	0.68286	0.02042	0.03100	0.01731	0.02634	0.02298	0.01533	0.02281	0.01294	0.01521	0.00921	0.00688	0.00683	0.00228	0.01064	0.00532	0.00307	0.01069
20	0.02726	0.02017	0.02160	0.01665	0.02240	0.02237	0.01373	0.64993	0.05981	0.04521	0.01793	0.01783	0.01275	0.00877	0.00728	0.00219	0.00791	0.00661	0.00728	0.01233
21	0.02423	0.02986	0.02439	0.02210	0.06888	0.51546	0.10525	0.02683	0.01907	0.01891	0.01173	0.01456	0.00975	0.00768	0.00833	0.00208	0.07298	0.00548	0.00368	0.00878
22	0.01827	0.01924	0.03573	0.09407	0.03532	0.05228	0.46846	0.10351	0.01905	0.02517	0.01577	0.04910	0.01253	0.00732	0.00822	0.00241	0.01119	0.00844	0.00421	0.00973
23	0.01052	0.00774	0.01146	0.01146	0.01278	0.00898	0.00891	0.01316	0.01184	0.01733	0.01966	0.02849	0.01819	0.05248	0.68425	0.01124	0.01876	0.00774	0.03849	0.00650
24	0.01038	0.00779	0.01168	0.01168	0.01298	0.00909	0.00909	0.01298	0.01168	0.01687	0.01947	0.02856	0.01817	0.05452	0.71573	0.01168	0.01947	0.00779	0.00389	0.00649
25	0.01038	0.00779	0.01168	0.01168	0.01298	0.00909	0.00909	0.01298	0.01168	0.01687	0.01947	0.02856	0.01817	0.05452	0.71573	0.01168	0.01947	0.00779	0.00389	0.00649
26	0.01263	0.00631	0.00947	0.00947	0.00947	0.00631	0.00631	0.00947	0.00947	0.01263	0.01263	0.02210	0.01263	0.02525	0.02841	0.78851	0.00631	0.00631	0.00316	0.00316
27	0.02669	0.03376	0.02105	0.02005	0.05696	0.67978	0.01447	0.02868	0.02039	0.01809	0.01136	0.01336	0.00947	0.00744	0.00659	0.00189	0.01288	0.00477	0.00374	0.00858
28	0.01576	0.01334	0.01435	0.01306	0.01657	0.01490	0.01009	0.03141	0.50114	0.02917	0.15622	0.03612	0.09361	0.01158	0.00772	0.00243	0.00513	0.00979	0.00745	0.01015
29	0.01262	0.02506	0.42043	0.01610	0.02296	0.01263	0.01863	0.01870	0.01657	0.02407	0.20232	0.12643	0.03075	0.01127	0.00769	0.00239	0.00785	0.00961	0.00492	0.00902
30	0.01808	0.01561	0.01644	0.01479	0.01890	0.01808	0.01151	0.03863	0.68606	0.03041	0.02959	0.02712	0.02219	0.00986	0.00740	0.00247	0.00575	0.00822	0.00740	0.01151
31	0.79588	0.01406	0.01068	0.00956	0.01406	0.01631	0.00787	0.02137	0.01237	0.03261	0.01012	0.01181	0.00787	0.00675	0.00450	0.00225	0.00562	0.00394	0.00450	0.00787
32	0.01458	0.03760	0.70688	0.02072	0.03146	0.01688	0.02686	0.02302	0.01535	0.02302	0.01304	0.01535	0.00921	0.00691	0.00691	0.00230	0.01074	0.00537	0.00307	0.01074
33	0.01808	0.01561	0.01644	0.01479	0.01890	0.01808	0.01151	0.03863	0.68606	0.03041	0.02959	0.02712	0.02219	0.00986	0.00740	0.00247	0.00575	0.00822	0.00740	0.01151
34	0.02763	0.02036	0.02182	0.01672	0.02254	0.02254	0.01382	0.67496	0.03418	0.04581	0.01745	0.01745	0.01236	0.00873	0.00727	0.00218	0.00800	0.00654	0.00727	0.01236
35	0.01263	0.00631	0.00947	0.00947	0.00947	0.00631	0.00631	0.00947	0.00947	0.01263	0.01263	0.02210	0.01263	0.02525	0.02841	0.78851	0.00631	0.00631	0.00316	0.00316
36	0.06989	0.03580	0.62339	0.01984	0.02979	0.05222	0.02488	0.02321	0.01540	0.02343	0.01275	0.01499	0.00912	0.00692	0.00672	0.00228	0.01050	0.00524	0.00320	0.01042
37	0.00987	0.00738	0.00917	0.00879	0.01062	0.00667	0.00657	0.01289	0.01948	0.02674	0.53896	0.08109	0.20318	0.01590	0.00860	0.00235	0.00351	0.01388	0.00769	0.00667
38	0.01507	0.01292	0.01507	0.01077	0.01723	0.00969	0.00861	0.01830	0.01507	0.02369	0.01292	0.01507	0.01077	0.00538	0.00538	0.00108	0.00538	0.00431	0.00431	0.78898
39	0.02057	0.33241	0.05596	0.01940	0.06115	0.04337	0.17684	0.02545	0.06227	0.11351	0.01543	0.01697	0.01192	0.00690	0.00645	0.00200	0.00884	0.00603	0.00439	0.01015
40	0.01127	0.00833	0.01025	0.00943	0.01154	0.00786	0.00717	0.05955	0.02099	0.02903	0.56392	0.05383	0.14945	0.01491	0.00848	0.00230	0.00378	0.01298	0.00778	0.00715
41	0.00919	0.00652	0.00857	0.00988	0.01035	0.00621	0.00657	0.01046	0.01376	0.01849	0.06932	0.59726	0.04537	0.10810	0.04027	0.00374	0.00511	0.01861	0.00642	0.00580
42	0.08693	0.05377	0.01675	0.01291	0.01753	0.03821	0.01045	0.05468	0.15825	0.33451	0.08122	0.06025	0.02274	0.00994	0.00713	0.00228	0.00612	0.00806	0.00754	0.01075
43	0.01671	0.01919	0.06982	0.02592	0.03221	0.01799	0.45619	0.02277	0.04879	0.02288	0.01448	0.01883	0.01126	0.00717	0.01020	0.00241	0.10835	0.00770	0.00382	0.08332
44	0.02212	0.01696	0.10956	0.01525	0.02078	0.01433	0.04537	0.06405	0.22261	0.26137	0.02908	0.02948	0.06353	0.01001	0.00757	0.00240	0.00691	0.04045	0.00710	0.01106
45	0.02422	0.11617	0.01971	0.01381	0.01869	0.06251	0.01134	0.06130	0.23826	0.27715	0.06189	0.02428	0.02017	0.00911	0.00699	0.00220	0.00665	0.00725	0.00719	0.01110
46	0.05996	0.02035	0.17132	0.02034	0.06555	0.01665	0.14191	0.10433	0.04278	0.07378	0.04307	0.04312	0.01557	0.03388	0.01012	0.00256	0.08601	0.00747	0.03138	0.00985
47	0.01721	0.01261	0.04934	0.01287	0.01670	0.01102	0.02855	0.08700	0.06988	0.13929	0.02776	0.25682	0.02713	0.05069	0.00929	0.00260	0.00604	0.03813	0.00646	0.13060
48	0.01796	0.01443	0.01637	0.09041	0.02106	0.04609	0.01184	0.10377	0.27546	0.06993	0.05846	0.02704	0.04241	0.01724	0.12716	0.00389	0.00892	0.00791	0.00620	0.03346

[dist]
# distance from previous block
# <min> <max>
59	121

[block]
# block no. 7 follows, 28 sequences, length 27
# corresponding to MSA columns:
# 408-434
name=unknown_H
#
# <colnr> <probs for GDERKNQSTAVLIFYWHMCP>
#	G	D	E	R	K	N	Q	S	T	A	V	L	I	F	Y	W	H	M	C	P
0	0.10089	0.01658	0.01782	0.01510	0.03678	0.04425	0.01183	0.23406	0.18434	0.19086	0.05581	0.02260	0.01827	0.00907	0.00707	0.00226	0.00679	0.00712	0.00723	0.01127
1	0.35104	0.05949	0.17620	0.01320	0.01928	0.01577	0.01321	0.02485	0.05550	0.14568	0.05054	0.01798	0.01401	0.00775	0.00594	0.00224	0.00693	0.00559	0.00522	0.00957
2	0.01583	0.01086	0.01244	0.01142	0.01461	0.01092	0.00893	0.05934	0.18678	0.12030	0.10209	0.11228	0.22625	0.01462	0.00821	0.00251	0.00506	0.06138	0.00736	0.00880
3	0.01922	0.71768	0.06745	0.01280	0.01922	0.02824	0.01307	0.02182	0.01480	0.01736	0.01023	0.01182	0.00932	0.00625	0.00476	0.00159	0.00790	0.00395	0.00311	0.00939
4	0.00970	0.00687	0.00851	0.00938	0.01012	0.00640	0.00615	0.01085	0.01333	0.01805	0.03574	0.48261	0.07165	0.19606	0.01564	0.00379	0.00490	0.01675	0.03147	0.04201
5	0.02082	0.01593	0.01759	0.01324	0.01904	0.01547	0.01077	0.32469	0.02400	0.03427	0.01586	0.01710	0.01211	0.00718	0.00624	0.00164	0.00645	0.00554	0.06507	0.36699
6	0.02463	0.01858	0.02004	0.01611	0.02130	0.02066	0.01321	0.50331	0.16046	0.04108	0.02133	0.02396	0.01639	0.00976	0.00749	0.00232	0.00747	0.05287	0.00725	0.01179
7	0.10747	0.14623	0.02500	0.22437	0.02895	0.04774	0.06247	0.01989	0.01372	0.01993	0.01113	0.01584	0.00945	0.00860	0.01157	0.00246	0.22765	0.00576	0.00339	0.00837
8	0.00895	0.00648	0.00829	0.00970	0.01029	0.00601	0.00646	0.01018	0.01394	0.01834	0.04212	0.62486	0.10988	0.07393	0.01119	0.00320	0.00437	0.01942	0.00658	0.00582
9	0.00977	0.00714	0.00923	0.00962	0.01098	0.00660	0.00707	0.01235	0.01775	0.02426	0.37398	0.27849	0.12020	0.01815	0.00892	0.00260	0.00396	0.06509	0.00738	0.00647
10	0.01878	0.01875	0.05902	0.17721	0.32136	0.05632	0.05059	0.11606	0.06352	0.02588	0.01500	0.01849	0.01171	0.00725	0.00725	0.00224	0.00909	0.00655	0.00428	0.01063
11	0.01653	0.01806	0.03309	0.13925	0.03463	0.05966	0.39131	0.02133	0.01573	0.02095	0.01388	0.01935	0.01105	0.01086	0.06277	0.00319	0.10819	0.00765	0.00356	0.00895
12	0.15171	0.01170	0.01150	0.01002	0.01334	0.01263	0.00796	0.17386	0.05053	0.03212	0.02360	0.02513	0.06213	0.00898	0.00585	0.00199	0.00499	0.00689	0.37662	0.00846
13	0.01578	0.03592	0.66083	0.02020	0.03060	0.01647	0.02578	0.02385	0.01571	0.06848	0.01409	0.01597	0.00979	0.00705	0.00693	0.00230	0.01044	0.00550	0.00346	0.01085
14	0.09159	0.01510	0.05509	0.11239	0.02182	0.01505	0.01213	0.22906	0.02132	0.11785	0.01896	0.02190	0.01429	0.05498	0.00845	0.00245	0.00694	0.00663	0.16439	0.00962
15	0.00886	0.00633	0.00843	0.01012	0.01054	0.00590	0.00675	0.01012	0.01392	0.01856	0.04006	0.73979	0.04808	0.02277	0.00928	0.00295	0.00422	0.02066	0.00675	0.00590
16	0.00897	0.00637	0.00840	0.00998	0.01037	0.00598	0.00659	0.01015	0.01369	0.01826	0.03892	0.69360	0.04663	0.07094	0.01113	0.00323	0.00441	0.01999	0.00659	0.00580
17	0.01485	0.03583	0.64437	0.02216	0.05631	0.01698	0.06334	0.02301	0.01549	0.02306	0.01316	0.01569	0.00940	0.00685	0.00701	0.00231	0.01075	0.00559	0.00312	0.01072
18	0.01601	0.01569	0.02800	0.34181	0.32235	0.01693	0.11218	0.02081	0.01575	0.02141	0.01349	0.01883	0.01065	0.00677	0.00742	0.00232	0.00960	0.00676	0.00345	0.00977
19	0.00898	0.00641	0.00857	0.01026	0.01073	0.00601	0.00696	0.01033	0.01404	0.01869	0.04000	0.71209	0.04781	0.02266	0.00931	0.00297	0.00432	0.04719	0.00675	0.00594
20	0.01756	0.02115	0.12594	0.13362	0.38344	0.09289	0.03946	0.02229	0.01656	0.02214	0.01444	0.02043	0.01214	0.00741	0.00727	0.00225	0.00959	0.03748	0.00364	0.01029
21	0.02399	0.01824	0.01961	0.01572	0.02085	0.02017	0.01272	0.47272	0.17972	0.04007	0.02142	0.06291	0.01668	0.00973	0.00737	0.00226	0.00719	0.00771	0.00718	0.03373
22	0.00936	0.00669	0.00898	0.01051	0.01120	0.00632	0.00745	0.01107	0.01479	0.01976	0.08667	0.59898	0.04867	0.02183	0.00933	0.00296	0.00451	0.10801	0.00683	0.00608
23	0.01764	0.01888	0.07054	0.04054	0.53267	0.01747	0.14912	0.02254	0.01660	0.02362	0.01384	0.01816	0.01129	0.00643	0.00745	0.00222	0.00946	0.00682	0.00358	0.01114
24	0.43931	0.01461	0.01655	0.08512	0.16702	0.01624	0.01252	0.06745	0.01566	0.03005	0.06292	0.01745	0.01370	0.00749	0.00585	0.00224	0.00667	0.00560	0.00464	0.00893
25	0.02459	0.01809	0.01973	0.01560	0.02054	0.01997	0.01267	0.56048	0.03035	0.04077	0.01896	0.05484	0.01520	0.04719	0.06359	0.00318	0.00866	0.00751	0.00685	0.01122
26	0.12887	0.01967	0.13220	0.04507	0.26695	0.05382	0.01810	0.02098	0.01538	0.02378	0.05442	0.02144	0.01507	0.00873	0.00935	0.00240	0.11266	0.03752	0.00400	0.00958

[dist]
# distance from previous block
# <min> <max>
2	6

[block]
# block no. 8 follows, 28 sequences, length 51
# corresponding to MSA columns:
# 441-491
name=unknown_I
#
# <colnr> <probs for GDERKNQSTAVLIFYWHMCP>
#	G	D	E	R	K	N	Q	S	T	A	V	L	I	F	Y	W	H	M	C	P
0	0.09788	0.39360	0.23649	0.01511	0.02241	0.04860	0.01647	0.05708	0.01594	0.02203	0.01143	0.01315	0.00931	0.00666	0.00553	0.00190	0.00866	0.00451	0.00348	0.00974
1	0.01487	0.01273	0.02306	0.09352	0.05981	0.01276	0.22235	0.05579	0.01484	0.01994	0.01709	0.09558	0.01619	0.05768	0.01601	0.23917	0.00862	0.00880	0.00404	0.00715
2	0.01117	0.00924	0.01127	0.05674	0.04058	0.00920	0.00891	0.01625	0.11553	0.02213	0.10282	0.17407	0.29828	0.01661	0.00854	0.00260	0.00493	0.07717	0.00660	0.00733
3	0.02325	0.01723	0.01862	0.01498	0.01953	0.01897	0.01193	0.48594	0.08806	0.03850	0.02103	0.08123	0.01782	0.09574	0.01091	0.00284	0.00738	0.00832	0.00691	0.01083
4	0.01842	0.01925	0.05833	0.04195	0.62761	0.06122	0.02199	0.02276	0.01675	0.02334	0.01349	0.01757	0.01128	0.00656	0.00714	0.00215	0.00901	0.00632	0.00358	0.01129
5	0.01076	0.00762	0.01118	0.01118	0.01243	0.00874	0.00862	0.01305	0.01180	0.01735	0.01935	0.02804	0.01785	0.04930	0.62030	0.06021	0.01746	0.00762	0.06082	0.00630
6	0.01449	0.00994	0.01139	0.01069	0.01377	0.00959	0.00855	0.04411	0.11997	0.11170	0.08188	0.05694	0.33753	0.01565	0.00844	0.00257	0.00499	0.12248	0.00721	0.00813
7	0.00983	0.00692	0.00902	0.01012	0.01082	0.00660	0.00688	0.03203	0.01497	0.02015	0.10676	0.58911	0.04686	0.04963	0.01096	0.03370	0.00445	0.01846	0.00667	0.00605
8	0.01458	0.03760	0.70688	0.02072	0.03146	0.01688	0.02686	0.02302	0.01535	0.02302	0.01304	0.01535	0.00921	0.00691	0.00691	0.00230	0.01074	0.00537	0.00307	0.01074
9	0.01060	0.00816	0.00982	0.00981	0.01161	0.00789	0.00718	0.01534	0.10192	0.02486	0.33082	0.23485	0.16577	0.01694	0.00861	0.00251	0.00397	0.01489	0.00738	0.00707
10	0.01505	0.08217	0.62241	0.02081	0.03105	0.01774	0.06630	0.02296	0.01542	0.02266	0.01296	0.01538	0.00933	0.00681	0.00687	0.00226	0.01065	0.00548	0.00311	0.01059
11	0.00944	0.00781	0.00833	0.00812	0.01051	0.00691	0.00612	0.01260	0.05250	0.02219	0.20100	0.06444	0.53000	0.01722	0.00852	0.00242	0.00374	0.01451	0.00705	0.00657
12	0.01373	0.01292	0.02180	0.72707	0.05006	0.01615	0.02019	0.01857	0.01453	0.01857	0.01292	0.01938	0.00969	0.00727	0.00727	0.00242	0.00969	0.00646	0.00323	0.00807
13	0.00995	0.00782	0.01048	0.01127	0.01178	0.00835	0.00804	0.01140	0.01396	0.01900	0.07127	0.57196	0.06884	0.02072	0.01134	0.00293	0.11034	0.01797	0.00629	0.00626
14	0.02688	0.01748	0.01946	0.01511	0.02030	0.01870	0.01226	0.48475	0.02922	0.16960	0.02017	0.02189	0.01486	0.08283	0.01027	0.00268	0.00755	0.00710	0.00732	0.01156
15	0.01943	0.74891	0.03809	0.01244	0.01866	0.02876	0.01244	0.02177	0.01477	0.01710	0.01011	0.01166	0.00933	0.00622	0.00466	0.00155	0.00777	0.00389	0.00311	0.00933
16	0.00967	0.00733	0.00835	0.00838	0.00995	0.00666	0.00599	0.01150	0.01594	0.02055	0.19985	0.08295	0.32676	0.19573	0.01566	0.00361	0.00466	0.05410	0.00646	0.00591
17	0.01685	0.01660	0.02677	0.22750	0.39552	0.05308	0.06725	0.02125	0.01627	0.02186	0.01496	0.02223	0.01276	0.00757	0.00746	0.00231	0.00930	0.04677	0.00370	0.00999
18	0.02719	0.01686	0.01893	0.01470	0.01996	0.01784	0.01204	0.44256	0.02860	0.20621	0.02091	0.02095	0.01469	0.03056	0.00798	0.00230	0.00714	0.00687	0.07203	0.01167
19	0.00886	0.00633	0.00843	0.01012	0.01054	0.00590	0.00675	0.01012	0.01392	0.01856	0.04006	0.73979	0.04808	0.02277	0.00928	0.00295	0.00422	0.02066	0.00675	0.00590
20	0.01954	0.01079	0.01345	0.01196	0.01526	0.01038	0.00936	0.12501	0.01997	0.23787	0.06077	0.23537	0.10559	0.01627	0.03074	0.00283	0.00599	0.05229	0.00749	0.00909
21	0.01978	0.01429	0.01569	0.01318	0.01715	0.03736	0.01053	0.28226	0.02284	0.06316	0.02193	0.10477	0.01935	0.01535	0.08278	0.00315	0.00791	0.04176	0.10710	0.09966
22	0.01456	0.08133	0.05497	0.01401	0.01642	0.10454	0.01182	0.01725	0.01341	0.01792	0.01595	0.02238	0.01450	0.03319	0.38643	0.00727	0.11988	0.00664	0.04006	0.00746
23	0.57224	0.01438	0.01338	0.01279	0.05805	0.01606	0.00958	0.04416	0.07003	0.10924	0.01430	0.01511	0.01058	0.00731	0.00531	0.00226	0.00596	0.00491	0.00528	0.00905
24	0.02361	0.01750	0.01904	0.01540	0.02012	0.01923	0.01238	0.51379	0.07122	0.03987	0.02234	0.14995	0.01950	0.01136	0.00765	0.00234	0.00717	0.00923	0.00718	0.01113
25	0.02546	0.01911	0.02064	0.01579	0.02164	0.02051	0.01297	0.55665	0.05433	0.04204	0.01722	0.01744	0.01247	0.00828	0.00700	0.00203	0.00754	0.00628	0.00684	0.12577
26	0.00884	0.00637	0.00838	0.00999	0.01051	0.00592	0.00669	0.01014	0.01404	0.01861	0.04163	0.70857	0.07829	0.02257	0.00925	0.00293	0.00419	0.02042	0.00675	0.00592
27	0.01039	0.00748	0.00956	0.01049	0.01146	0.00723	0.00728	0.05904	0.01617	0.02177	0.11419	0.60782	0.04784	0.02083	0.00905	0.00282	0.00440	0.01877	0.00693	0.00649
28	0.01816	0.01375	0.01603	0.01167	0.01798	0.01130	0.00942	0.09759	0.01786	0.08831	0.01489	0.01624	0.01161	0.00611	0.00578	0.00131	0.00577	0.00485	0.00508	0.62629
29	0.01057	0.00705	0.00793	0.00793	0.00793	0.00705	0.00440	0.01057	0.01057	0.01409	0.02290	0.04757	0.02643	0.74454	0.03700	0.00705	0.00705	0.01057	0.00440	0.00440
30	0.01263	0.00631	0.00947	0.00947	0.00947	0.00631	0.00631	0.00947	0.00947	0.01263	0.01263	0.02210	0.01263	0.02525	0.02841	0.78851	0.00631	0.00631	0.00316	0.00316
31	0.01180	0.01113	0.08108	0.01174	0.01435	0.00881	0.01002	0.01633	0.07126	0.04729	0.20722	0.26377	0.08697	0.01690	0.00870	0.00268	0.00521	0.11048	0.00682	0.00746
32	0.01566	0.01555	0.02181	0.01876	0.01882	0.02169	0.01561	0.01730	0.01116	0.01747	0.00997	0.01645	0.00992	0.01454	0.05387	0.00355	0.70036	0.00642	0.00321	0.00789
33	0.02406	0.01776	0.01891	0.01511	0.02009	0.01972	0.01228	0.47191	0.15530	0.04055	0.02054	0.02049	0.01501	0.00891	0.00702	0.00217	0.00700	0.00689	0.10479	0.01150
34	0.01645	0.11997	0.54107	0.01988	0.02954	0.01801	0.06562	0.02366	0.01574	0.06491	0.01378	0.01577	0.00989	0.00690	0.00677	0.00222	0.01020	0.00552	0.00348	0.01061
35	0.04142	0.01427	0.02266	0.42848	0.20114	0.01624	0.01907	0.06195	0.01662	0.05855	0.01513	0.02140	0.01193	0.00774	0.00727	0.00236	0.00890	0.03145	0.00406	0.00935
36	0.01727	0.01901	0.05873	0.06295	0.30211	0.01780	0.36645	0.02270	0.01675	0.02328	0.01417	0.01881	0.01111	0.00634	0.00792	0.00233	0.01066	0.00755	0.00361	0.01045
37	0.00896	0.00670	0.00807	0.00910	0.01006	0.00609	0.00615	0.01026	0.01433	0.01840	0.04793	0.47371	0.23257	0.09770	0.01201	0.00324	0.00436	0.01807	0.00650	0.00581
38	0.01871	0.01882	0.02939	0.04182	0.61231	0.07515	0.05194	0.02291	0.01692	0.02323	0.01352	0.01766	0.01131	0.00654	0.00721	0.00215	0.00917	0.00643	0.00361	0.01118
39	0.01389	0.01407	0.04338	0.32971	0.10220	0.01453	0.15980	0.01834	0.01541	0.02057	0.04062	0.15630	0.01930	0.01010	0.00796	0.00249	0.00894	0.00979	0.00418	0.00842
40	0.00887	0.00651	0.00833	0.00970	0.01045	0.00597	0.00658	0.01030	0.01453	0.01909	0.06861	0.62217	0.13845	0.02188	0.00916	0.00286	0.00411	0.01965	0.00679	0.00597
41	0.01521	0.12968	0.62030	0.01965	0.02980	0.01842	0.02499	0.02286	0.01527	0.02225	0.01266	0.01487	0.00922	0.00682	0.00662	0.00221	0.01036	0.00518	0.00307	0.01056
42	0.14572	0.17293	0.06492	0.01417	0.01976	0.05736	0.01264	0.26835	0.02272	0.07492	0.04338	0.01879	0.03815	0.00832	0.00632	0.00207	0.00757	0.00603	0.00563	0.01026
43	0.10298	0.06156	0.10554	0.01310	0.01837	0.01359	0.01198	0.10129	0.01949	0.27005	0.07178	0.08820	0.07014	0.01057	0.00715	0.00228	0.00649	0.00855	0.00676	0.01011
44	0.00906	0.00732	0.00806	0.00801	0.01014	0.00631	0.00596	0.01129	0.01747	0.02210	0.23723	0.10826	0.48784	0.01774	0.00863	0.00244	0.00365	0.01509	0.00708	0.00631
45	0.02567	0.13971	0.02362	0.01869	0.04820	0.54955	0.01411	0.06154	0.02028	0.01939	0.01149	0.01331	0.00960	0.00733	0.00634	0.00185	0.01187	0.00473	0.00383	0.00889
46	0.06875	0.41631	0.06410	0.01747	0.06390	0.09568	0.08142	0.02352	0.05117	0.02020	0.01208	0.01414	0.01023	0.00679	0.00617	0.00189	0.02814	0.00498	0.00358	0.00947
47	0.01410	0.07163	0.45709	0.02017	0.07560	0.01557	0.04696	0.02043	0.01533	0.02193	0.01993	0.12051	0.05053	0.00964	0.00728	0.00235	0.00919	0.00816	0.00384	0.00976
48	0.01016	0.00790	0.00919	0.04584	0.01263	0.00738	0.00714	0.02930	0.01670	0.02147	0.12936	0.14172	0.37739	0.05588	0.01000	0.00275	0.00451	0.05768	0.04659	0.00643
49	0.11520	0.01113	0.01445	0.01298	0.01569	0.01219	0.05124	0.12346	0.01635	0.02478	0.02133	0.14631	0.02059	0.03046	0.31277	0.00642	0.01208	0.00931	0.03551	0.00776
50	0.01667	0.02080	0.11461	0.02731	0.10565	0.05464	0.35206	0.02169	0.01603	0.02191	0.01552	0.07402	0.01346	0.00847	0.01012	0.00250	0.10288	0.00841	0.00377	0.00950

[dist]
# distance from previous block
# <min> <max>
10	28

[block]
# block no. 9 follows, 28 sequences, length 11
# corresponding to MSA columns:
# 521-531
name=unknown_J
#
# <colnr> <probs for GDERKNQSTAVLIFYWHMCP>
#	G	D	E	R	K	N	Q	S	T	A	V	L	I	F	Y	W	H	M	C	P
0	0.01912	0.05182	0.05280	0.01291	0.01710	0.01271	0.01113	0.11809	0.06691	0.17286	0.16311	0.05984	0.06130	0.01233	0.00787	0.00238	0.00607	0.10724	0.00712	0.03728
1	0.38301	0.05256	0.05643	0.05313	0.01916	0.14559	0.01182	0.02164	0.01445	0.02542	0.03746	0.01556	0.01142	0.01024	0.04379	0.00274	0.07825	0.00508	0.00412	0.00812
2	0.01846	0.12724	0.02320	0.01860	0.08172	0.07868	0.03041	0.04593	0.08728	0.05322	0.07443	0.02072	0.01705	0.00998	0.01250	0.00243	0.25180	0.00677	0.03041	0.00918
3	0.01696	0.09350	0.43591	0.01995	0.07288	0.01722	0.02148	0.02433	0.05822	0.08508	0.04653	0.01861	0.01374	0.00778	0.00753	0.00226	0.03721	0.00607	0.00415	0.01058
4	0.02170	0.01648	0.01855	0.01608	0.05266	0.01805	0.01226	0.40326	0.10866	0.03684	0.07922	0.02619	0.05046	0.04214	0.06088	0.00313	0.00798	0.00796	0.00678	0.01072
5	0.01528	0.12059	0.38918	0.05084	0.02771	0.01873	0.06341	0.02117	0.01498	0.02154	0.05518	0.01788	0.01316	0.00826	0.00969	0.00237	0.13083	0.00609	0.00345	0.00967
6	0.02192	0.01288	0.01672	0.10139	0.03942	0.01298	0.01173	0.11606	0.08890	0.26148	0.13664	0.06610	0.02623	0.01033	0.00754	0.00227	0.00628	0.00873	0.00724	0.04514
7	0.09990	0.43431	0.18313	0.01469	0.02128	0.06281	0.01546	0.02219	0.01478	0.02011	0.01080	0.01280	0.00916	0.00684	0.00626	0.00190	0.04651	0.00440	0.00329	0.00937
8	0.17033	0.12923	0.10277	0.12331	0.02558	0.01861	0.07482	0.11807	0.01756	0.02663	0.04911	0.05321	0.01466	0.00846	0.00725	0.00226	0.03777	0.00669	0.00450	0.00916
9	0.06223	0.20935	0.02183	0.01339	0.01784	0.12347	0.01122	0.17673	0.05860	0.02834	0.12657	0.02232	0.02114	0.00883	0.00638	0.00197	0.00734	0.00662	0.06649	0.00935
10	0.09854	0.02691	0.35738	0.05075	0.04939	0.08050	0.01950	0.02184	0.01554	0.04489	0.04961	0.06305	0.01500	0.00889	0.00826	0.00237	0.06739	0.00675	0.00399	0.00945

[dist]
# distance from previous block
# <min> <max>
27	79

[block]
# block no. 10 follows, 28 sequences, length 30
# corresponding to MSA columns:
# 619-648
name=unknown_K
#
# <colnr> <probs for GDERKNQSTAVLIFYWHMCP>
#	G	D	E	R	K	N	Q	S	T	A	V	L	I	F	Y	W	H	M	C	P
0	0.01983	0.01740	0.01596	0.03695	0.01887	0.15806	0.01118	0.06663	0.26054	0.09905	0.03039	0.07171	0.10715	0.01294	0.03786	0.00273	0.00780	0.00890	0.00641	0.00966
1	0.01910	0.01631	0.04235	0.01642	0.02143	0.01601	0.09734	0.16337	0.05920	0.07048	0.01691	0.04392	0.01387	0.03257	0.01036	0.00226	0.11322	0.00688	0.00524	0.23277
2	0.01761	0.04256	0.07675	0.06922	0.38556	0.05826	0.10317	0.02323	0.05899	0.02310	0.01608	0.02232	0.01364	0.00765	0.00743	0.00228	0.00923	0.04841	0.00399	0.01050
3	0.02271	0.03733	0.01891	0.01485	0.01941	0.05872	0.01205	0.18047	0.16007	0.15729	0.04510	0.02129	0.01675	0.00915	0.00896	0.00220	0.09234	0.00679	0.00646	0.10914
4	0.38404	0.08093	0.08658	0.01205	0.01650	0.01563	0.01112	0.02048	0.01470	0.06184	0.10266	0.02497	0.01971	0.00947	0.00716	0.00236	0.05209	0.06439	0.00502	0.00830
5	0.04356	0.00980	0.01171	0.01091	0.01307	0.01007	0.00811	0.11876	0.01760	0.02478	0.14672	0.19281	0.05688	0.11873	0.13941	0.00468	0.00790	0.01173	0.00602	0.04675
6	0.01704	0.06327	0.02064	0.05211	0.02048	0.12564	0.05148	0.04343	0.01563	0.02077	0.05470	0.07776	0.01702	0.01181	0.03279	0.00263	0.23289	0.00746	0.02813	0.10433
7	0.05286	0.08087	0.01926	0.01355	0.01852	0.01658	0.01127	0.24223	0.02283	0.16346	0.08688	0.02304	0.04010	0.00917	0.00788	0.00206	0.05231	0.00696	0.00649	0.12365
8	0.20588	0.01684	0.12546	0.04271	0.01967	0.01417	0.01257	0.08259	0.07525	0.15096	0.15629	0.02549	0.02399	0.00930	0.00683	0.00228	0.00649	0.00735	0.00623	0.00965
9	0.09058	0.03531	0.63915	0.01963	0.02977	0.01683	0.02501	0.02286	0.01506	0.02395	0.01276	0.01500	0.00908	0.00689	0.00667	0.00230	0.01024	0.00523	0.00321	0.01046
10	0.01836	0.59155	0.18604	0.01427	0.02149	0.02613	0.01563	0.02204	0.01490	0.01841	0.01076	0.01248	0.00930	0.00637	0.00516	0.00172	0.00843	0.00422	0.00310	0.00964
11	0.01108	0.08508	0.01246	0.00932	0.01158	0.00908	0.00731	0.01424	0.01958	0.02697	0.56359	0.05134	0.12296	0.01430	0.00817	0.00223	0.00391	0.01239	0.00737	0.00705
12	0.01943	0.74891	0.03809	0.01244	0.01866	0.02876	0.01244	0.02177	0.01477	0.01710	0.01011	0.01166	0.00933	0.00622	0.00466	0.00155	0.00777	0.00389	0.00311	0.00933
13	0.01171	0.00837	0.01171	0.01339	0.01506	0.00837	0.01171	0.01506	0.01673	0.02175	0.03849	0.08199	0.04183	0.02008	0.01004	0.00335	0.00669	0.65027	0.00669	0.00669
14	0.01922	0.71763	0.06750	0.01280	0.01922	0.02824	0.01307	0.02182	0.01480	0.01736	0.01023	0.01182	0.00932	0.00625	0.00476	0.00159	0.00790	0.00395	0.00311	0.00939
15	0.01013	0.00742	0.00950	0.00898	0.01076	0.00679	0.00674	0.01342	0.02021	0.02828	0.63855	0.05573	0.12594	0.01518	0.00858	0.00230	0.00345	0.01335	0.00789	0.00679
16	0.01912	0.70270	0.08154	0.01298	0.01949	0.02799	0.01337	0.02185	0.01481	0.01749	0.01030	0.01190	0.00932	0.00626	0.00481	0.00160	0.00797	0.00398	0.00311	0.00942
17	0.01171	0.00837	0.01171	0.01339	0.01506	0.00837	0.01171	0.01506	0.01673	0.02175	0.03849	0.08199	0.04183	0.02008	0.01004	0.00335	0.00669	0.65027	0.00669	0.00669
18	0.01458	0.03760	0.70688	0.02072	0.03146	0.01688	0.02686	0.02302	0.01535	0.02302	0.01304	0.01535	0.00921	0.00691	0.00691	0.00230	0.01074	0.00537	0.00307	0.01074
19	0.01020	0.00736	0.00963	0.00921	0.01084	0.00680	0.00685	0.01348	0.02014	0.02846	0.65279	0.09883	0.06725	0.01537	0.00862	0.00233	0.00348	0.01363	0.00792	0.00680
20	0.01495	0.09135	0.65634	0.02009	0.03049	0.01778	0.02577	0.02293	0.01530	0.02257	0.01282	0.01507	0.00922	0.00685	0.00674	0.00225	0.01052	0.00526	0.00307	0.01064
21	0.01847	0.60723	0.17131	0.01409	0.02121	0.02640	0.01531	0.02202	0.01488	0.01828	0.01069	0.01239	0.00930	0.00636	0.00511	0.00170	0.00837	0.00418	0.00310	0.00961
22	0.05536	0.01614	0.06174	0.01523	0.02026	0.01539	0.05117	0.19215	0.13279	0.17971	0.09521	0.03019	0.02341	0.01031	0.00763	0.00239	0.00695	0.06621	0.00710	0.01068
23	0.01642	0.01834	0.10205	0.01333	0.01738	0.13751	0.01165	0.11920	0.03925	0.02723	0.25285	0.03838	0.15280	0.01209	0.00777	0.00223	0.00690	0.00989	0.00626	0.00847
24	0.01922	0.01537	0.01730	0.01273	0.01898	0.01393	0.01033	0.23491	0.02137	0.03098	0.01441	0.01586	0.01129	0.00649	0.00601	0.00144	0.00625	0.00504	0.00528	0.53279
25	0.02386	0.01626	0.08389	0.01415	0.01952	0.01409	0.01252	0.22458	0.02351	0.26469	0.08532	0.05474	0.04469	0.01047	0.00755	0.00228	0.00677	0.04060	0.00733	0.04318
26	0.18401	0.08904	0.08300	0.07488	0.02353	0.05586	0.01418	0.33120	0.02379	0.03461	0.01415	0.01549	0.01048	0.00773	0.00638	0.00215	0.00813	0.00555	0.00541	0.01044
27	0.02289	0.02088	0.01868	0.05725	0.02174	0.23654	0.03218	0.16822	0.04795	0.09876	0.02259	0.02311	0.08488	0.00897	0.00699	0.00204	0.00872	0.00690	0.03274	0.07797
28	0.06602	0.01261	0.01519	0.05523	0.01861	0.01357	0.03061	0.09926	0.20805	0.07548	0.11123	0.13390	0.05318	0.01276	0.00789	0.00252	0.00596	0.06182	0.00686	0.00925
29	0.02136	0.05164	0.02149	0.04032	0.02228	0.01521	0.11723	0.05496	0.21239	0.21753	0.02721	0.02826	0.05782	0.00947	0.00752	0.00232	0.00714	0.03616	0.00669	0.04299

[dist]
# distance from previous block
# <min> <max>
12	42

[block]
# block no. 11 follows, 28 sequences, length 18
# corresponding to MSA columns:
# 696-713
name=unknown_L
#
# <colnr> <probs for GDERKNQSTAVLIFYWHMCP>
#	G	D	E	R	K	N	Q	S	T	A	V	L	I	F	Y	W	H	M	C	P
0	0.01139	0.00857	0.01031	0.00939	0.01174	0.00797	0.00716	0.06242	0.02054	0.02818	0.48862	0.05348	0.19557	0.01482	0.00837	0.00227	0.00389	0.01281	0.00755	0.03496
1	0.01638	0.01288	0.01521	0.01093	0.01733	0.00976	0.00877	0.01958	0.01550	0.07436	0.01409	0.01579	0.01130	0.00565	0.00553	0.00116	0.00544	0.00453	0.00466	0.73115
