[name]
unknown

[dist]
# distance from previous block
# <min> <max>
0	1

[block]
# block no. 0 follows, 29 sequences, length 8
# corresponding to MSA columns:
# 1-8
name=unknown_A
#
# <colnr> <probs for GDERKNQSTAVLIFYWHMCP>
#	G	D	E	R	K	N	Q	S	T	A	V	L	I	F	Y	W	H	M	C	P
0	0.15740	0.00965	0.01185	0.01238	0.01495	0.00986	0.01068	0.01809	0.01606	0.09961	0.03157	0.06158	0.03233	0.01609	0.00855	0.00296	0.00631	0.46628	0.00642	0.00738
1	0.02554	0.01311	0.01503	0.01229	0.01692	0.05920	0.00987	0.03020	0.10268	0.45284	0.03506	0.03181	0.14231	0.01050	0.00735	0.00224	0.00602	0.00853	0.00787	0.01064
2	0.02441	0.03274	0.14651	0.01846	0.02363	0.50639	0.01602	0.10809	0.02089	0.02175	0.01208	0.01377	0.00951	0.00738	0.00657	0.00195	0.01180	0.00493	0.00398	0.00914
3	0.01023	0.00757	0.00921	0.00999	0.01122	0.00724	0.00700	0.06830	0.01582	0.02069	0.04322	0.56058	0.16155	0.02035	0.00880	0.00274	0.00436	0.01811	0.00665	0.00637
4	0.16433	0.01489	0.02104	0.01633	0.02155	0.01510	0.16015	0.08484	0.12802	0.22041	0.06451	0.02243	0.01769	0.00827	0.00703	0.00228	0.00720	0.00729	0.00638	0.01026
5	0.00924	0.00699	0.00864	0.00955	0.01095	0.00639	0.00713	0.01123	0.01558	0.02006	0.11102	0.34148	0.25778	0.01973	0.00895	0.00275	0.00434	0.13540	0.00672	0.00609
6	0.02131	0.01456	0.01651	0.01347	0.01850	0.01487	0.01075	0.10554	0.32626	0.18125	0.02401	0.02250	0.01738	0.00842	0.00680	0.00205	0.00590	0.00686	0.00694	0.17613
7	0.38950	0.01646	0.01407	0.01169	0.01657	0.11648	0.00939	0.04903	0.01594	0.13968	0.01382	0.01462	0.01023	0.00691	0.00541	0.00194	0.00671	0.00467	0.00509	0.15179

[dist]
# distance from previous block
# <min> <max>
0	23

[block]
# block no. 1 follows, 29 sequences, length 9
# corresponding to MSA columns:
# 32-40
name=unknown_B
#
# <colnr> <probs for GDERKNQSTAVLIFYWHMCP>
#	G	D	E	R	K	N	Q	S	T	A	V	L	I	F	Y	W	H	M	C	P
0	0.02212	0.02476	0.01684	0.01538	0.01816	0.46480	0.01141	0.05893	0.01791	0.01772	0.01443	0.01785	0.04117	0.01240	0.01210	0.20715	0.01042	0.00557	0.00384	0.00703
1	0.01283	0.02888	0.53000	0.01760	0.02550	0.01375	0.02120	0.01927	0.01467	0.02142	0.01965	0.20450	0.01890	0.01080	0.00737	0.00242	0.00886	0.00915	0.00394	0.00929
2	0.00868	0.00620	0.00826	0.00991	0.01033	0.00578	0.00661	0.00991	0.01363	0.01818	0.03925	0.74510	0.04710	0.02231	0.00909	0.00289	0.00413	0.02024	0.00661	0.00578
3	0.02730	0.02504	0.01903	0.01631	0.02073	0.39430	0.01267	0.10866	0.07834	0.20154	0.01768	0.01746	0.01277	0.00806	0.00677	0.00202	0.00988	0.00576	0.00572	0.00997
4	0.01654	0.01581	0.02694	0.22250	0.53501	0.01663	0.02131	0.02090	0.01570	0.02195	0.01320	0.01798	0.01082	0.00655	0.00707	0.00218	0.00873	0.00634	0.00343	0.01040
5	0.22054	0.18606	0.27335	0.01431	0.02156	0.01795	0.01574	0.02232	0.01450	0.07195	0.01246	0.01396	0.00944	0.00659	0.00557	0.00197	0.00782	0.00462	0.00389	0.07541
6	0.45471	0.01668	0.01404	0.01223	0.01667	0.07747	0.00982	0.11635	0.16595	0.03201	0.01521	0.01575	0.01154	0.00761	0.00558	0.00221	0.00648	0.00520	0.00534	0.00915
7	0.00985	0.00669	0.00792	0.00842	0.00854	0.00657	0.00501	0.01022	0.01135	0.01513	0.02752	0.25767	0.03230	0.52994	0.02804	0.00569	0.00607	0.01334	0.00501	0.00476
8	0.22018	0.01560	0.02323	0.11616	0.44835	0.01654	0.01794	0.02118	0.01492	0.02492	0.01240	0.01621	0.01014	0.00650	0.00637	0.00217	0.00782	0.00570	0.00371	0.00996

[dist]
# distance from previous block
# <min> <max>
0	5

[block]
# block no. 2 follows, 29 sequences, length 74
# corresponding to MSA columns:
# 46-119
name=unknown_C
#
# <colnr> <probs for GDERKNQSTAVLIFYWHMCP>
#	G	D	E	R	K	N	Q	S	T	A	V	L	I	F	Y	W	H	M	C	P
0	0.01432	0.03486	0.65600	0.01950	0.02968	0.01596	0.02485	0.02217	0.01501	0.02260	0.01277	0.01501	0.00914	0.00664	0.00664	0.00216	0.01010	0.00518	0.00311	0.07428
1	0.12738	0.00942	0.01007	0.00965	0.01237	0.00927	0.00761	0.06825	0.01745	0.04820	0.12722	0.11375	0.30220	0.01542	0.00791	0.00248	0.00470	0.09299	0.00655	0.00710
2	0.01759	0.01635	0.02684	0.17378	0.52365	0.01713	0.02078	0.07489	0.01724	0.02405	0.01355	0.01784	0.01100	0.00667	0.00707	0.00217	0.00861	0.00635	0.00375	0.01070
3	0.07313	0.00681	0.00844	0.00987	0.01061	0.00661	0.00670	0.01081	0.01351	0.01930	0.03686	0.68536	0.04389	0.02103	0.00871	0.00284	0.00424	0.01891	0.00643	0.00594
4	0.08924	0.01860	0.02031	0.01693	0.05664	0.02045	0.01320	0.52152	0.06915	0.07651	0.01759	0.01761	0.01257	0.00835	0.00691	0.00216	0.00746	0.00634	0.00681	0.01166
5	0.02539	0.02798	0.01979	0.01725	0.02127	0.47238	0.01330	0.20539	0.02310	0.02484	0.01333	0.01523	0.01068	0.01142	0.06486	0.00270	0.01198	0.00533	0.00462	0.00915
6	0.01026	0.00882	0.00898	0.00866	0.01139	0.00834	0.00657	0.01571	0.15061	0.02133	0.06356	0.06019	0.56718	0.01637	0.00818	0.00241	0.00401	0.01364	0.00674	0.00706
7	0.00917	0.00724	0.00825	0.00800	0.01008	0.00633	0.00600	0.01167	0.01800	0.02344	0.35613	0.06161	0.41583	0.01647	0.00841	0.00233	0.00350	0.01406	0.00717	0.00633
8	0.00875	0.00664	0.00807	0.00895	0.01014	0.00596	0.00624	0.01041	0.01520	0.01970	0.12541	0.45214	0.25650	0.02007	0.00880	0.00266	0.00388	0.01775	0.00675	0.00596
9	0.01617	0.01807	0.03881	0.02885	0.05830	0.01697	0.60176	0.02173	0.01653	0.02245	0.01639	0.07828	0.01378	0.00734	0.00841	0.00243	0.01124	0.00930	0.00384	0.00935
10	0.01653	0.01867	0.04033	0.08724	0.03818	0.01783	0.62574	0.02243	0.01660	0.02243	0.01426	0.01919	0.01070	0.00609	0.00830	0.00240	0.01180	0.00823	0.00357	0.00947
11	0.00868	0.00620	0.00826	0.00991	0.01033	0.00578	0.00661	0.00991	0.01363	0.01818	0.03925	0.74510	0.04710	0.02231	0.00909	0.00289	0.00413	0.02024	0.00661	0.00578
12	0.01943	0.71648	0.03642	0.01251	0.01847	0.06432	0.01227	0.02169	0.01477	0.01679	0.00996	0.01150	0.00914	0.00616	0.00467	0.00154	0.00789	0.00385	0.00308	0.00909
13	0.01904	0.75404	0.03731	0.01218	0.01828	0.02818	0.01218	0.02132	0.01447	0.01675	0.00990	0.01142	0.00914	0.00609	0.00457	0.00152	0.00761	0.00381	0.00305	0.00914
14	0.02212	0.01041	0.01371	0.01124	0.01508	0.00943	0.00898	0.05913	0.02097	0.37704	0.32244	0.03654	0.03904	0.01131	0.00770	0.00222	0.00497	0.00963	0.00830	0.00975
15	0.03195	0.01212	0.01652	0.01267	0.01818	0.01047	0.01047	0.03470	0.02038	0.71026	0.02809	0.02424	0.01763	0.00881	0.00716	0.00220	0.00606	0.00716	0.00881	0.01212
16	0.80005	0.01377	0.01047	0.00936	0.01377	0.01597	0.00771	0.02093	0.01212	0.03195	0.00991	0.01157	0.00771	0.00661	0.00441	0.00220	0.00551	0.00386	0.00441	0.00771
17	0.01904	0.75404	0.03731	0.01218	0.01828	0.02818	0.01218	0.02132	0.01447	0.01675	0.00990	0.01142	0.00914	0.00609	0.00457	0.00152	0.00761	0.00381	0.00305	0.00914
18	0.01008	0.00728	0.00952	0.00896	0.01064	0.00672	0.00672	0.01344	0.02016	0.02855	0.70158	0.05319	0.06719	0.01456	0.00840	0.00224	0.00336	0.01288	0.00784	0.00672
19	0.02707	0.01995	0.02137	0.01638	0.02208	0.02208	0.01353	0.68159	0.03348	0.04488	0.01710	0.01710	0.01211	0.00855	0.00712	0.00214	0.00784	0.00641	0.00712	0.01211
20	0.80005	0.01377	0.01047	0.00936	0.01377	0.01597	0.00771	0.02093	0.01212	0.03195	0.00991	0.01157	0.00771	0.00661	0.00441	0.00220	0.00551	0.00386	0.00441	0.00771
21	0.00868	0.00620	0.00826	0.00991	0.01033	0.00578	0.00661	0.00991	0.01363	0.01818	0.03925	0.74510	0.04710	0.02231	0.00909	0.00289	0.00413	0.02024	0.00661	0.00578
22	0.03195	0.01212	0.01652	0.01267	0.01818	0.01047	0.01047	0.03470	0.02038	0.71026	0.02809	0.02424	0.01763	0.00881	0.00716	0.00220	0.00606	0.00716	0.00881	0.01212
23	0.01008	0.00728	0.00952	0.00896	0.01064	0.00672	0.00672	0.01344	0.02016	0.02855	0.70158	0.05319	0.06719	0.01456	0.00840	0.00224	0.00336	0.01288	0.00784	0.00672
24	0.01762	0.01692	0.02890	0.04371	0.70533	0.01692	0.02185	0.02185	0.01621	0.02326	0.01339	0.01762	0.01128	0.00634	0.00705	0.00211	0.00846	0.00634	0.00352	0.01128
25	0.01327	0.00664	0.00664	0.00664	0.00830	0.00664	0.00498	0.01659	0.01493	0.02655	0.02323	0.02655	0.01825	0.00830	0.00498	0.00166	0.00332	0.00664	0.78928	0.00664
26	0.00868	0.00620	0.00826	0.00991	0.01033	0.00578	0.00661	0.00991	0.01363	0.01818	0.03925	0.74510	0.04710	0.02231	0.00909	0.00289	0.00413	0.02024	0.00661	0.00578
27	0.03174	0.01245	0.01673	0.01283	0.01834	0.01096	0.01060	0.06202	0.02093	0.68217	0.02763	0.02393	0.01739	0.00880	0.00716	0.00220	0.00613	0.00713	0.00874	0.01212
28	0.01450	0.01238	0.01449	0.01052	0.01659	0.00933	0.00836	0.01758	0.01472	0.02299	0.01380	0.04620	0.01212	0.00601	0.00544	0.00113	0.00522	0.00491	0.00432	0.75939
29	0.00868	0.00620	0.00826	0.00991	0.01033	0.00578	0.00661	0.00991	0.01363	0.01818	0.03925	0.74510	0.04710	0.02231	0.00909	0.00289	0.00413	0.02024	0.00661	0.00578
30	0.01328	0.00799	0.01055	0.00950	0.01174	0.00727	0.00727	0.01655	0.02019	0.12847	0.60287	0.04895	0.05992	0.01372	0.00822	0.00223	0.00376	0.01204	0.00798	0.00751
31	0.01716	0.01644	0.02806	0.12042	0.63225	0.01680	0.02162	0.02145	0.01599	0.02270	0.01331	0.01778	0.01108	0.00643	0.00706	0.00214	0.00857	0.00634	0.00348	0.01090
32	0.01762	0.01692	0.02890	0.04371	0.70533	0.01692	0.02185	0.02185	0.01621	0.02326	0.01339	0.01762	0.01128	0.00634	0.00705	0.00211	0.00846	0.00634	0.00352	0.01128
33	0.00993	0.00732	0.00932	0.00895	0.01072	0.00670	0.00680	0.01309	0.01945	0.02696	0.58485	0.05661	0.14867	0.01528	0.00848	0.00232	0.00356	0.04679	0.00761	0.00662
34	0.19033	0.01840	0.01881	0.10269	0.02322	0.07706	0.01316	0.33456	0.04264	0.03399	0.01425	0.01594	0.01066	0.00820	0.00776	0.00224	0.06493	0.00574	0.00546	0.00997
35	0.01572	0.03482	0.65614	0.01967	0.02979	0.01604	0.02502	0.02354	0.01547	0.07857	0.01403	0.01578	0.00972	0.00693	0.00680	0.00225	0.01016	0.00542	0.00348	0.01065
36	0.01962	0.03954	0.10855	0.01684	0.02274	0.01366	0.15299	0.05871	0.05715	0.19671	0.06094	0.08058	0.01920	0.00889	0.00728	0.00215	0.00757	0.00811	0.00579	0.11299
37	0.01427	0.01420	0.02586	0.55009	0.04520	0.01655	0.16269	0.01915	0.01465	0.01915	0.01290	0.01889	0.00977	0.00710	0.00808	0.00241	0.04074	0.00677	0.00326	0.00827
38	0.00951	0.00723	0.00875	0.00843	0.01031	0.00647	0.00630	0.01232	0.01873	0.02531	0.48327	0.07804	0.26762	0.01588	0.00842	0.00231	0.00346	0.01377	0.00742	0.00647
39	0.00964	0.00694	0.00913	0.00926	0.01054	0.00643	0.00668	0.01234	0.01813	0.02532	0.49541	0.26857	0.06093	0.01697	0.00861	0.00244	0.00360	0.01517	0.00746	0.00643
40	0.01467	0.09525	0.65783	0.01963	0.02980	0.01748	0.02516	0.02245	0.01499	0.02208	0.01254	0.01474	0.00903	0.00671	0.00659	0.00220	0.01029	0.00514	0.00301	0.01041
41	0.01133	0.00809	0.01131	0.01295	0.01452	0.00807	0.01122	0.01450	0.01625	0.02115	0.03778	0.11499	0.04130	0.01981	0.00980	0.00326	0.00643	0.62417	0.00656	0.00652
42	0.01881	0.01540	0.01639	0.01451	0.01869	0.01763	0.01135	0.07129	0.62916	0.05986	0.02832	0.02597	0.02106	0.00957	0.00724	0.00239	0.00577	0.00793	0.00731	0.01135
43	0.02539	0.11409	0.02233	0.01743	0.02147	0.53884	0.01362	0.09994	0.02067	0.02040	0.01150	0.01325	0.00950	0.00751	0.00690	0.00188	0.03778	0.00476	0.00396	0.00877
44	0.01697	0.01641	0.02848	0.14396	0.57429	0.01681	0.05586	0.02137	0.01596	0.02250	0.01334	0.01791	0.01099	0.00644	0.00713	0.00217	0.00880	0.00645	0.00348	0.01070
45	0.00868	0.00620	0.00826	0.00991	0.01033	0.00578	0.00661	0.00991	0.01363	0.01818	0.03925	0.74510	0.04710	0.02231	0.00909	0.00289	0.00413	0.02024	0.00661	0.00578
46	0.01327	0.00664	0.00664	0.00664	0.00830	0.00664	0.00498	0.01659	0.01493	0.02655	0.02323	0.02655	0.01825	0.00830	0.00498	0.00166	0.00332	0.00664	0.78928	0.00664
47	0.01793	0.61497	0.14413	0.01331	0.01999	0.02559	0.01422	0.02115	0.01462	0.01776	0.01241	0.01388	0.03196	0.00659	0.00505	0.00167	0.00795	0.00441	0.00316	0.00926
48	0.01791	0.01747	0.02862	0.04288	0.68319	0.03974	0.02159	0.02207	0.01634	0.02307	0.01332	0.01747	0.01121	0.00638	0.00703	0.00211	0.00860	0.00629	0.00353	0.01118
49	0.00866	0.00625	0.00821	0.00977	0.01029	0.00580	0.00655	0.00993	0.01377	0.01823	0.04096	0.70980	0.08129	0.02209	0.00905	0.00287	0.00410	0.01997	0.00661	0.00580
50	0.00868	0.00620	0.00826	0.00991	0.01033	0.00578	0.00661	0.00991	0.01363	0.01818	0.03925	0.74510	0.04710	0.02231	0.00909	0.00289	0.00413	0.02024	0.00661	0.00578
51	0.02426	0.02989	0.02104	0.02016	0.06896	0.56316	0.01460	0.02621	0.01846	0.01779	0.01091	0.01360	0.00935	0.00807	0.00911	0.00205	0.12545	0.00496	0.00357	0.00839
52	0.67121	0.01496	0.05946	0.01024	0.01498	0.01529	0.00907	0.02125	0.01310	0.06031	0.04697	0.01452	0.01133	0.00713	0.00490	0.00221	0.00577	0.00457	0.00468	0.00804
53	0.01762	0.01692	0.02890	0.04371	0.70533	0.01692	0.02185	0.02185	0.01621	0.02326	0.01339	0.01762	0.01128	0.00634	0.00705	0.00211	0.00846	0.00634	0.00352	0.01128
54	0.01773	0.55664	0.22324	0.01442	0.02173	0.02497	0.01607	0.02166	0.01462	0.01835	0.01069	0.01242	0.00911	0.00628	0.00517	0.00172	0.00842	0.00421	0.00304	0.00952
55	0.01681	0.01921	0.04202	0.03001	0.03721	0.01801	0.67947	0.02281	0.01681	0.02281	0.01441	0.01921	0.01080	0.00600	0.00840	0.00240	0.01200	0.00840	0.00360	0.00960
56	0.01596	0.01621	0.02175	0.01868	0.01881	0.04579	0.01552	0.01752	0.01122	0.01715	0.00940	0.01548	0.00934	0.01229	0.02279	0.00307	0.71190	0.00618	0.00313	0.00781
57	0.01345	0.01266	0.02136	0.73264	0.04904	0.01582	0.01978	0.01819	0.01424	0.01819	0.01266	0.01898	0.00949	0.00712	0.00712	0.00237	0.00949	0.00633	0.00316	0.00791
58	0.01904	0.75404	0.03731	0.01218	0.01828	0.02818	0.01218	0.02132	0.01447	0.01675	0.00990	0.01142	0.00914	0.00609	0.00457	0.00152	0.00761	0.00381	0.00305	0.00914
59	0.01067	0.00891	0.00950	0.00906	0.01167	0.00858	0.00688	0.01658	0.15775	0.02322	0.18368	0.05686	0.43910	0.01563	0.00817	0.00238	0.00398	0.01316	0.00698	0.00724
60	0.03195	0.01212	0.01652	0.01267	0.01818	0.01047	0.01047	0.03470	0.02038	0.71026	0.02809	0.02424	0.01763	0.00881	0.00716	0.00220	0.00606	0.00716	0.00881	0.01212
61	0.02707	0.01995	0.02137	0.01638	0.02208	0.02208	0.01353	0.68159	0.03348	0.04488	0.01710	0.01710	0.01211	0.00855	0.00712	0.00214	0.00784	0.00641	0.00712	0.01211
62	0.00842	0.00721	0.00721	0.00721	0.00962	0.00601	0.00541	0.01022	0.01623	0.01924	0.07213	0.06853	0.70244	0.01803	0.00842	0.00240	0.00361	0.01503	0.00661	0.00601
63	0.03195	0.01212	0.01652	0.01267	0.01818	0.01047	0.01047	0.03470	0.02038	0.71026	0.02809	0.02424	0.01763	0.00881	0.00716	0.00220	0.00606	0.00716	0.00881	0.01212
64	0.00885	0.00632	0.00844	0.01000	0.01052	0.00592	0.00681	0.01026	0.01402	0.01875	0.06769	0.68911	0.04772	0.02187	0.00909	0.00288	0.00419	0.04505	0.00666	0.00585
65	0.01685	0.01613	0.02751	0.17099	0.58408	0.01672	0.02147	0.02118	0.01585	0.02233	0.01326	0.01788	0.01095	0.00649	0.00706	0.00216	0.00865	0.00634	0.00346	0.01066
66	0.01827	0.01517	0.01612	0.01442	0.01850	0.01743	0.01124	0.03771	0.66597	0.05662	0.02895	0.02647	0.02157	0.00963	0.00724	0.00241	0.00565	0.00802	0.00731	0.01130
67	0.00891	0.00723	0.00790	0.00773	0.00992	0.00622	0.00580	0.01117	0.01739	0.02200	0.25874	0.06398	0.51412	0.01700	0.00841	0.00236	0.00353	0.01439	0.00698	0.00622
68	0.00971	0.00725	0.00893	0.00852	0.01030	0.00656	0.00633	0.01259	0.01891	0.02590	0.53357	0.05645	0.21055	0.04185	0.00941	0.00245	0.00354	0.01328	0.00743	0.00647
69	0.02897	0.01540	0.01828	0.01408	0.01951	0.01552	0.01161	0.32451	0.02603	0.38252	0.02295	0.02113	0.01517	0.00867	0.00705	0.00215	0.00674	0.00680	0.04101	0.01188
70	0.01468	0.03408	0.60821	0.02181	0.03182	0.01677	0.12819	0.02259	0.01531	0.02259	0.01303	0.01568	0.00930	0.00665	0.00702	0.00228	0.01075	0.00575	0.00310	0.01038
71	0.00974	0.00727	0.00905	0.00861	0.01043	0.00658	0.00646	0.01279	0.01937	0.02668	0.57488	0.05628	0.19505	0.01526	0.00840	0.00227	0.00341	0.01331	0.00759	0.00658
72	0.02282	0.01579	0.01778	0.01386	0.01935	0.01597	0.01124	0.27038	0.15912	0.14896	0.02020	0.01961	0.01458	0.00797	0.00667	0.00192	0.00643	0.00630	0.00668	0.21436
73	0.01965	0.01595	0.01718	0.01424	0.01903	0.01733	0.01133	0.21438	0.38255	0.03295	0.04269	0.02285	0.01862	0.00881	0.00694	0.00212	0.00613	0.00713	0.00676	0.13336

[dist]
# distance from previous block
# <min> <max>
0	1

[block]
# block no. 3 follows, 29 sequences, length 598
# corresponding to MSA columns:
# 121-718
name=unknown_D
#
# <colnr> <probs for GDERKNQSTAVLIFYWHMCP>
#	G	D	E	R	K	N	Q	S	T	A	V	L	I	F	Y	W	H	M	C	P
0	0.02648	0.01929	0.02081	0.01601	0.02166	0.02114	0.01319	0.61654	0.05545	0.06452	0.01771	0.01757	0.01257	0.00849	0.00707	0.00211	0.00762	0.00642	0.00708	0.03827
1	0.01081	0.00699	0.00896	0.00962	0.01093	0.00633	0.00677	0.01251	0.01536	0.07949	0.11823	0.49907	0.14890	0.01960	0.00874	0.00268	0.00413	0.01746	0.00694	0.00647
2	0.03080	0.01188	0.01607	0.01240	0.01776	0.01025	0.01022	0.03351	0.02018	0.67653	0.03024	0.02640	0.05105	0.00926	0.00722	0.00221	0.00594	0.00754	0.00871	0.01182
3	0.01600	0.01720	0.03457	0.12159	0.03534	0.01626	0.47577	0.02135	0.01611	0.02225	0.01387	0.01842	0.01058	0.00603	0.00770	0.00217	0.01052	0.00741	0.00365	0.14321
4	0.02698	0.02023	0.02041	0.01597	0.02133	0.08677	0.01304	0.54786	0.03060	0.09426	0.01758	0.01755	0.01246	0.00845	0.00699	0.00210	0.00803	0.00630	0.03150	0.01157
5	0.00905	0.00719	0.00813	0.00800	0.01003	0.00626	0.00596	0.01141	0.01757	0.02267	0.30602	0.09582	0.43278	0.01694	0.00844	0.00237	0.00354	0.01448	0.00707	0.00626
6	0.00894	0.00655	0.00877	0.01024	0.01064	0.00639	0.00695	0.01019	0.01353	0.01814	0.03812	0.71768	0.04568	0.02194	0.00963	0.00290	0.03167	0.01972	0.00648	0.00586
7	0.01166	0.04522	0.01332	0.01077	0.01328	0.00937	0.04884	0.04069	0.04485	0.02703	0.48893	0.07130	0.11952	0.01380	0.00814	0.00226	0.00441	0.01219	0.00713	0.00729
8	0.02335	0.01746	0.01879	0.01512	0.02008	0.01932	0.01225	0.43394	0.21184	0.06175	0.04741	0.02321	0.04357	0.00944	0.00725	0.00223	0.00685	0.00745	0.00722	0.01145
9	0.00876	0.00659	0.00812	0.00909	0.01017	0.00595	0.00630	0.01039	0.01505	0.01962	0.12188	0.48736	0.22426	0.02030	0.00883	0.00269	0.00391	0.01803	0.00675	0.00595
10	0.02065	0.01624	0.01740	0.01454	0.01904	0.01800	0.01157	0.31531	0.30545	0.03489	0.02610	0.07251	0.05213	0.01030	0.00731	0.00228	0.00639	0.00838	0.00703	0.03449
11	0.01477	0.01266	0.01477	0.01055	0.01687	0.00949	0.00844	0.01793	0.01477	0.02320	0.01266	0.01477	0.01055	0.00527	0.00527	0.00105	0.00527	0.00422	0.00422	0.79328
12	0.01703	0.01858	0.03841	0.03378	0.22107	0.01771	0.49851	0.02255	0.01664	0.02293	0.01413	0.01877	0.01093	0.00610	0.00803	0.00232	0.01103	0.00784	0.00358	0.01006
13	0.00915	0.00654	0.00881	0.01046	0.01108	0.00620	0.00744	0.01074	0.01410	0.01871	0.03898	0.63157	0.04605	0.02186	0.00922	0.00296	0.00455	0.12906	0.00660	0.00592
14	0.00894	0.00755	0.00779	0.00776	0.01017	0.00655	0.00589	0.01154	0.04182	0.02008	0.09485	0.06673	0.62864	0.01763	0.00842	0.00243	0.00377	0.03650	0.00668	0.00626
15	0.18098	0.01728	0.02280	0.15715	0.37228	0.09013	0.01769	0.02169	0.01542	0.02356	0.01229	0.01610	0.01000	0.00664	0.00645	0.00215	0.00849	0.00564	0.00366	0.00962
16	0.80005	0.01377	0.01047	0.00936	0.01377	0.01597	0.00771	0.02093	0.01212	0.03195	0.00991	0.01157	0.00771	0.00661	0.00441	0.00220	0.00551	0.00386	0.00441	0.00771
17	0.00847	0.00722	0.00728	0.00727	0.00965	0.00603	0.00545	0.01032	0.01635	0.01952	0.09112	0.06807	0.68328	0.01793	0.00842	0.00240	0.00360	0.01496	0.00665	0.00603
18	0.01959	0.01623	0.01716	0.01487	0.01923	0.01859	0.01173	0.16719	0.56005	0.03282	0.02659	0.02466	0.01980	0.00944	0.00722	0.00236	0.00608	0.00772	0.00722	0.01144
19	0.46211	0.01409	0.01339	0.01133	0.01593	0.01547	0.00923	0.10994	0.07084	0.16160	0.01692	0.04346	0.01276	0.00811	0.00568	0.00224	0.00587	0.00576	0.00590	0.00933
20	0.04197	0.01590	0.04581	0.01747	0.07344	0.04698	0.13032	0.04106	0.01615	0.04827	0.01522	0.06174	0.01303	0.00698	0.00642	0.00169	0.00732	0.00635	0.00440	0.39948
21	0.74168	0.04154	0.01170	0.00959	0.01411	0.01622	0.00798	0.02147	0.01252	0.05699	0.01060	0.01204	0.00814	0.00667	0.00452	0.00218	0.00561	0.00398	0.00452	0.00793
22	0.01253	0.00915	0.01214	0.01325	0.01519	0.00939	0.01139	0.04859	0.05996	0.02288	0.03620	0.09774	0.03857	0.01859	0.00951	0.00315	0.00647	0.56157	0.00663	0.00710
23	0.07376	0.02018	0.02052	0.01700	0.04712	0.07394	0.01335	0.52151	0.07666	0.04013	0.01689	0.01712	0.01226	0.00833	0.00691	0.00214	0.00794	0.00623	0.00657	0.01146
24	0.01954	0.01635	0.01802	0.01539	0.01985	0.01859	0.03405	0.16545	0.53874	0.03256	0.02613	0.02444	0.01946	0.00932	0.00726	0.00236	0.00629	0.00774	0.00710	0.01138
25	0.14865	0.05998	0.56739	0.01812	0.02743	0.01688	0.02260	0.02223	0.01451	0.02394	0.01218	0.01431	0.00880	0.00671	0.00628	0.00222	0.00956	0.00497	0.00325	0.00999
26	0.00851	0.00724	0.00735	0.00740	0.00978	0.00608	0.00560	0.01036	0.01624	0.01930	0.07105	0.06890	0.68167	0.01809	0.00846	0.00243	0.00370	0.03521	0.00661	0.00603
27	0.01747	0.01676	0.02862	0.06961	0.68066	0.01688	0.02178	0.02172	0.01614	0.02307	0.01337	0.01767	0.01121	0.00637	0.00705	0.00212	0.00850	0.00634	0.00351	0.01115
28	0.01327	0.00664	0.00664	0.00664	0.00830	0.00664	0.00498	0.01659	0.01493	0.02655	0.02323	0.02655	0.01825	0.00830	0.00498	0.00166	0.00332	0.00664	0.78928	0.00664
29	0.01412	0.03571	0.68624	0.01987	0.03006	0.01617	0.02557	0.02221	0.01523	0.02278	0.03884	0.01648	0.01122	0.00706	0.00683	0.00225	0.01025	0.00555	0.00319	0.01038
30	0.01622	0.00948	0.00978	0.00872	0.01124	0.00994	0.00681	0.15869	0.01890	0.03046	0.02192	0.02453	0.01694	0.00835	0.00544	0.00176	0.00428	0.00659	0.62215	0.00781
31	0.00868	0.00620	0.00826	0.00991	0.01033	0.00578	0.00661	0.00991	0.01363	0.01818	0.03925	0.74510	0.04710	0.02231	0.00909	0.00289	0.00413	0.02024	0.00661	0.00578
32	0.01823	0.63155	0.15268	0.01357	0.02042	0.02619	0.01460	0.02153	0.01456	0.01774	0.01039	0.01204	0.00912	0.00621	0.00494	0.00165	0.00811	0.00406	0.00304	0.00937
33	0.00901	0.00808	0.00763	0.00757	0.01002	0.02923	0.00568	0.01081	0.01636	0.01918	0.07015	0.06672	0.67994	0.01769	0.00835	0.00239	0.00391	0.01469	0.00652	0.00608
34	0.00915	0.00654	0.00881	0.01046	0.01108	0.00620	0.00744	0.01074	0.01410	0.01871	0.03898	0.63157	0.04605	0.02186	0.00922	0.00296	0.00455	0.12906	0.00660	0.00592
35	0.01327	0.00664	0.00664	0.00664	0.00830	0.00664	0.00498	0.01659	0.01493	0.02655	0.02323	0.02655	0.01825	0.00830	0.00498	0.00166	0.00332	0.00664	0.78928	0.00664
36	0.01888	0.72971	0.06023	0.01246	0.01870	0.02778	0.01266	0.02136	0.01449	0.01695	0.01000	0.01154	0.00913	0.00611	0.00464	0.00155	0.00771	0.00386	0.00304	0.00918
37	0.00987	0.00727	0.00924	0.00874	0.01051	0.00663	0.00656	0.01304	0.01968	0.02741	0.62448	0.05507	0.14499	0.01498	0.00840	0.00226	0.00339	0.01314	0.00769	0.00663
38	0.00892	0.00638	0.00848	0.00975	0.01038	0.00594	0.00663	0.01052	0.01475	0.01995	0.15236	0.62694	0.05053	0.02098	0.00897	0.00278	0.00400	0.01899	0.00682	0.00594
39	0.01579	0.01620	0.02526	0.02063	0.02186	0.02116	0.12896	0.01811	0.01191	0.01811	0.01021	0.01620	0.00960	0.01136	0.02081	0.00299	0.61295	0.00660	0.00320	0.00810
40	0.01742	0.01665	0.02805	0.07623	0.64731	0.01690	0.02135	0.02228	0.04171	0.02326	0.01395	0.01803	0.01159	0.00651	0.00706	0.00214	0.00840	0.00641	0.00365	0.01111
41	0.01028	0.00721	0.00931	0.00931	0.00984	0.00774	0.00624	0.01134	0.01081	0.01495	0.02103	0.03879	0.02250	0.45786	0.32350	0.00881	0.01200	0.00921	0.00411	0.00517
42	0.80005	0.01377	0.01047	0.00936	0.01377	0.01597	0.00771	0.02093	0.01212	0.03195	0.00991	0.01157	0.00771	0.00661	0.00441	0.00220	0.00551	0.00386	0.00441	0.00771
43	0.02668	0.03155	0.02038	0.01801	0.02203	0.60178	0.01372	0.13998	0.02245	0.02211	0.01205	0.01357	0.00967	0.00754	0.00654	0.00189	0.01199	0.00490	0.00426	0.00891
44	0.00872	0.00626	0.00821	0.00975	0.01022	0.00583	0.00649	0.00994	0.01362	0.01807	0.03988	0.69814	0.06993	0.04577	0.00995	0.00300	0.00420	0.01973	0.00654	0.00574
45	0.01123	0.00803	0.01116	0.01261	0.01420	0.00796	0.01085	0.01443	0.01660	0.02180	0.09530	0.10709	0.04352	0.01934	0.00968	0.00317	0.00617	0.57364	0.00667	0.00654
46	0.02624	0.08227	0.01773	0.01248	0.01740	0.01286	0.01035	0.05535	0.09091	0.46057	0.11261	0.02672	0.02342	0.00937	0.00708	0.00216	0.00588	0.00764	0.00791	0.01105
47	0.06121	0.14382	0.02094	0.01432	0.01923	0.09931	0.01181	0.14888	0.23526	0.14279	0.02044	0.01958	0.01504	0.00829	0.00652	0.00210	0.00726	0.00628	0.00622	0.01068
48	0.01860	0.71760	0.03605	0.01215	0.01800	0.02723	0.01202	0.02090	0.01432	0.01674	0.01035	0.01223	0.00956	0.00840	0.03957	0.00201	0.00817	0.00399	0.00308	0.00900
49	0.01558	0.01558	0.02181	0.01869	0.01869	0.02181	0.01558	0.01714	0.01091	0.01714	0.00935	0.01558	0.00935	0.01246	0.02337	0.00312	0.73672	0.00623	0.00312	0.00779
50	0.01472	0.03673	0.68794	0.02023	0.03050	0.04188	0.02586	0.02276	0.01522	0.02237	0.01271	0.01495	0.00903	0.00679	0.00675	0.00224	0.01061	0.00524	0.00303	0.01044
51	0.01416	0.01172	0.04875	0.04417	0.13338	0.01069	0.01187	0.07864	0.01746	0.06557	0.10478	0.30000	0.05565	0.01494	0.00820	0.00253	0.00592	0.05730	0.00609	0.00818
52	0.00868	0.00620	0.00826	0.00991	0.01033	0.00578	0.00661	0.00991	0.01363	0.01818	0.03925	0.74510	0.04710	0.02231	0.00909	0.00289	0.00413	0.02024	0.00661	0.00578
53	0.00868	0.00620	0.00826	0.00991	0.01033	0.00578	0.00661	0.00991	0.01363	0.01818	0.03925	0.74510	0.04710	0.02231	0.00909	0.00289	0.00413	0.02024	0.00661	0.00578
54	0.22349	0.02156	0.01718	0.04975	0.02054	0.24753	0.01195	0.14139	0.12487	0.05406	0.01531	0.01612	0.01160	0.00777	0.00622	0.00211	0.00854	0.00544	0.00519	0.00939
55	0.02878	0.01455	0.01771	0.01387	0.01922	0.01442	0.01136	0.20084	0.11434	0.44808	0.02540	0.02272	0.01677	0.00886	0.00716	0.00221	0.00646	0.00709	0.00817	0.01200
56	0.00868	0.00620	0.00826	0.00991	0.01033	0.00578	0.00661	0.00991	0.01363	0.01818	0.03925	0.74510	0.04710	0.02231	0.00909	0.00289	0.00413	0.02024	0.00661	0.00578
57	0.00868	0.00620	0.00826	0.00991	0.01033	0.00578	0.00661	0.00991	0.01363	0.01818	0.03925	0.74510	0.04710	0.02231	0.00909	0.00289	0.00413	0.02024	0.00661	0.00578
58	0.01970	0.01513	0.01685	0.01338	0.01830	0.01518	0.01067	0.33322	0.05094	0.03293	0.01997	0.14108	0.01799	0.00992	0.00689	0.00194	0.00631	0.00815	0.00613	0.25533
59	0.01681	0.01921	0.04202	0.03001	0.03721	0.01801	0.67947	0.02281	0.01681	0.02281	0.01441	0.01921	0.01080	0.00600	0.00840	0.00240	0.01200	0.00840	0.00360	0.00960
60	0.00868	0.00620	0.00826	0.00991	0.01033	0.00578	0.00661	0.00991	0.01363	0.01818	0.03925	0.74510	0.04710	0.02231	0.00909	0.00289	0.00413	0.02024	0.00661	0.00578
61	0.18647	0.02150	0.01864	0.01528	0.02020	0.17159	0.01229	0.37782	0.05289	0.03566	0.01478	0.01542	0.01096	0.00793	0.00641	0.00210	0.00835	0.00555	0.00582	0.01033
62	0.02263	0.01569	0.01687	0.01343	0.01779	0.01699	0.01080	0.45613	0.02706	0.06295	0.02143	0.02379	0.04480	0.07316	0.00934	0.00248	0.00673	0.00720	0.14050	0.01023
63	0.02539	0.03154	0.01962	0.01771	0.02152	0.63448	0.01334	0.02878	0.07524	0.01868	0.01255	0.01405	0.01026	0.00745	0.00644	0.00185	0.01194	0.00486	0.00399	0.04032
64	0.01676	0.01907	0.04125	0.02958	0.03651	0.01815	0.65435	0.02259	0.01658	0.02259	0.01421	0.01907	0.01075	0.00625	0.00897	0.00243	0.03943	0.00832	0.00358	0.00954
65	0.03195	0.01212	0.01652	0.01267	0.01818	0.01047	0.01047	0.03470	0.02038	0.71026	0.02809	0.02424	0.01763	0.00881	0.00716	0.00220	0.00606	0.00716	0.00881	0.01212
66	0.05048	0.01854	0.01964	0.01566	0.02088	0.02075	0.01276	0.49328	0.20293	0.04055	0.01993	0.01936	0.01445	0.00877	0.00706	0.00221	0.00719	0.00675	0.00706	0.01175
67	0.00995	0.00727	0.00934	0.00882	0.01056	0.00666	0.00662	0.01318	0.01985	0.02782	0.65186	0.05440	0.11736	0.01483	0.00840	0.00225	0.00338	0.01305	0.00774	0.00666
68	0.01345	0.01266	0.02136	0.73264	0.04904	0.01582	0.01978	0.01819	0.01424	0.01819	0.01266	0.01898	0.00949	0.00712	0.00712	0.00237	0.00949	0.00633	0.00316	0.00791
69	0.01762	0.01692	0.02890	0.04371	0.70533	0.01692	0.02185	0.02185	0.01621	0.02326	0.01339	0.01762	0.01128	0.00634	0.00705	0.00211	0.00846	0.00634	0.00352	0.01128
70	0.01730	0.01659	0.02832	0.09725	0.65432	0.01683	0.02169	0.02157	0.01606	0.02287	0.01334	0.01773	0.01114	0.00640	0.00705	0.00213	0.00854	0.00634	0.00350	0.01102
71	0.01869	0.01533	0.01632	0.01448	0.01864	0.01756	0.01132	0.06190	0.63825	0.06016	0.02850	0.02611	0.02119	0.00958	0.00724	0.00240	0.00574	0.00795	0.00731	0.01134
72	0.01008	0.00728	0.00952	0.00896	0.01064	0.00672	0.00672	0.01344	0.02016	0.02855	0.70158	0.05319	0.06719	0.01456	0.00840	0.00224	0.00336	0.01288	0.00784	0.00672
73	0.02596	0.01837	0.01998	0.01569	0.02108	0.02017	0.01284	0.50671	0.14471	0.10910	0.02023	0.01943	0.01431	0.00876	0.00715	0.00219	0.00728	0.00677	0.00731	0.01197
74	0.01327	0.00664	0.00664	0.00664	0.00830	0.00664	0.00498	0.01659	0.01493	0.02655	0.02323	0.02655	0.01825	0.00830	0.00498	0.00166	0.00332	0.00664	0.78928	0.00664
75	0.00874	0.00745	0.00755	0.00756	0.00994	0.00639	0.00565	0.01113	0.03880	0.01955	0.06942	0.09326	0.65431	0.01792	0.00840	0.00242	0.00370	0.01500	0.00663	0.00618
76	0.03195	0.01212	0.01652	0.01267	0.01818	0.01047	0.01047	0.03470	0.02038	0.71026	0.02809	0.02424	0.01763	0.00881	0.00716	0.00220	0.00606	0.00716	0.00881	0.01212
77	0.02707	0.01995	0.02137	0.01638	0.02208	0.02208	0.01353	0.68159	0.03348	0.04488	0.01710	0.01710	0.01211	0.00855	0.00712	0.00214	0.00784	0.00641	0.00712	0.01211
78	0.00868	0.00620	0.00826	0.00991	0.01033	0.00578	0.00661	0.00991	0.01363	0.01818	0.03925	0.74510	0.04710	0.02231	0.00909	0.00289	0.00413	0.02024	0.00661	0.00578
79	0.03039	0.01462	0.01807	0.01386	0.01942	0.01418	0.01145	0.24140	0.02457	0.49766	0.02458	0.02195	0.01586	0.00873	0.00715	0.00218	0.00663	0.00692	0.00827	0.01212
80	0.02707	0.01995	0.02137	0.01638	0.02208	0.02208	0.01353	0.68159	0.03348	0.04488	0.01710	0.01710	0.01211	0.00855	0.00712	0.00214	0.00784	0.00641	0.00712	0.01211
81	0.02707	0.01995	0.02137	0.01638	0.02208	0.02208	0.01353	0.68159	0.03348	0.04488	0.01710	0.01710	0.01211	0.00855	0.00712	0.00214	0.00784	0.00641	0.00712	0.01211
82	0.00868	0.00620	0.00826	0.00991	0.01033	0.00578	0.00661	0.00991	0.01363	0.01818	0.03925	0.74510	0.04710	0.02231	0.00909	0.00289	0.00413	0.02024	0.00661	0.00578
83	0.02707	0.01995	0.02137	0.01638	0.02208	0.02208	0.01353	0.68159	0.03348	0.04488	0.01710	0.01710	0.01211	0.00855	0.00712	0.00214	0.00784	0.00641	0.00712	0.01211
84	0.01904	0.75404	0.03731	0.01218	0.01828	0.02818	0.01218	0.02132	0.01447	0.01675	0.00990	0.01142	0.00914	0.00609	0.00457	0.00152	0.00761	0.00381	0.00305	0.00914
85	0.01889	0.73183	0.05823	0.01244	0.01866	0.02782	0.01262	0.02136	0.01449	0.01693	0.00999	0.01153	0.00913	0.00611	0.00464	0.00155	0.00771	0.00385	0.00304	0.00918
86	0.00868	0.00620	0.00826	0.00991	0.01033	0.00578	0.00661	0.00991	0.01363	0.01818	0.03925	0.74510	0.04710	0.02231	0.00909	0.00289	0.00413	0.02024	0.00661	0.00578
87	0.00868	0.00620	0.00826	0.00991	0.01033	0.00578	0.00661	0.00991	0.01363	0.01818	0.03925	0.74510	0.04710	0.02231	0.00909	0.00289	0.00413	0.02024	0.00661	0.00578
88	0.03125	0.01227	0.01650	0.01276	0.01819	0.01082	0.01051	0.03486	0.05319	0.67705	0.02814	0.02435	0.01783	0.00885	0.00716	0.00221	0.00604	0.00720	0.00874	0.01208
89	0.01762	0.01692	0.02890	0.04371	0.70533	0.01692	0.02185	0.02185	0.01621	0.02326	0.01339	0.01762	0.01128	0.00634	0.00705	0.00211	0.00846	0.00634	0.00352	0.01128
90	0.03105	0.01232	0.01650	0.01278	0.01820	0.01092	0.01052	0.03490	0.06296	0.66716	0.02815	0.02438	0.01789	0.00887	0.00717	0.00222	0.00603	0.00722	0.00871	0.01206
91	0.01771	0.01530	0.01610	0.01449	0.01852	0.01771	0.01127	0.03784	0.69247	0.02979	0.02898	0.02657	0.02174	0.00966	0.00725	0.00242	0.00564	0.00805	0.00725	0.01127
92	0.03679	0.00777	0.00928	0.00879	0.01081	0.00727	0.00663	0.01387	0.04327	0.02668	0.51638	0.05417	0.20228	0.01487	0.00823	0.00228	0.00357	0.01287	0.00743	0.00676
93	0.01430	0.03446	0.63877	0.02054	0.03049	0.01626	0.07123	0.02222	0.01536	0.02280	0.03950	0.01680	0.01139	0.00701	0.00694	0.00226	0.01035	0.00578	0.00323	0.01031
94	0.01008	0.00728	0.00952	0.00896	0.01064	0.00672	0.00672	0.01344	0.02016	0.02855	0.70158	0.05319	0.06719	0.01456	0.00840	0.00224	0.00336	0.01288	0.00784	0.00672
95	0.01001	0.00728	0.00942	0.00889	0.01060	0.00669	0.00667	0.01331	0.02000	0.02818	0.67607	0.05381	0.09293	0.01470	0.00840	0.00225	0.00337	0.01296	0.00779	0.00669
96	0.05376	0.01446	0.02363	0.41251	0.15412	0.01639	0.08652	0.06090	0.04211	0.02230	0.01457	0.04134	0.01166	0.00751	0.00717	0.00233	0.00896	0.00693	0.00384	0.00897
97	0.01977	0.02283	0.01601	0.01520	0.01769	0.41262	0.01124	0.04494	0.01803	0.01871	0.02229	0.25216	0.04408	0.01279	0.00806	0.00226	0.03887	0.01013	0.00482	0.00750
98	0.00872	0.00623	0.00830	0.00988	0.01034	0.00581	0.00661	0.01003	0.01384	0.01851	0.06070	0.72269	0.04775	0.02206	0.00907	0.00287	0.00411	0.02000	0.00665	0.00581
99	0.06866	0.01607	0.02237	0.29804	0.18555	0.01812	0.01744	0.23582	0.02083	0.02892	0.01410	0.01759	0.01064	0.00738	0.00693	0.00223	0.00847	0.00620	0.00462	0.01003
100	0.02451	0.02695	0.02054	0.05403	0.07091	0.42883	0.01419	0.17790	0.04272	0.02465	0.01541	0.01688	0.03539	0.00799	0.00676	0.00199	0.01066	0.00570	0.00465	0.00935
101	0.01722	0.01645	0.02778	0.08863	0.63099	0.01652	0.02113	0.02144	0.01602	0.02292	0.01331	0.01759	0.01113	0.00635	0.00698	0.00209	0.00839	0.00625	0.00353	0.04531
102	0.35912	0.01712	0.01461	0.03509	0.01765	0.13554	0.01016	0.11065	0.01830	0.11943	0.08427	0.01867	0.01598	0.00811	0.00597	0.00214	0.00705	0.00575	0.00553	0.00887
103	0.02117	0.01272	0.01540	0.01380	0.04145	0.01291	0.01053	0.11052	0.18893	0.24491	0.09254	0.07735	0.07730	0.01142	0.00761	0.00235	0.00573	0.03556	0.00753	0.01029
104	0.01762	0.01692	0.02890	0.04371	0.70533	0.01692	0.02185	0.02185	0.01621	0.02326	0.01339	0.01762	0.01128	0.00634	0.00705	0.00211	0.00846	0.00634	0.00352	0.01128
105	0.02456	0.01755	0.01939	0.01468	0.02052	0.01811	0.01206	0.46922	0.02793	0.09621	0.01698	0.01715	0.01221	0.00779	0.00669	0.00189	0.00708	0.00595	0.00658	0.19745
106	0.01447	0.06454	0.68676	0.01998	0.03033	0.01699	0.02576	0.02250	0.01501	0.02233	0.01267	0.01489	0.00902	0.00674	0.00668	0.00223	0.01041	0.00521	0.00301	0.01047
107	0.01096	0.00815	0.01064	0.01186	0.01362	0.00801	0.00996	0.01453	0.04572	0.02103	0.04335	0.13965	0.15369	0.01921	0.00941	0.00305	0.00578	0.45821	0.00660	0.00660
108	0.01495	0.01273	0.01280	0.01172	0.01516	0.04003	0.00904	0.02654	0.37634	0.05093	0.04515	0.04238	0.28757	0.01282	0.00767	0.00238	0.00514	0.01061	0.00692	0.00913
109	0.01345	0.01266	0.02136	0.73264	0.04904	0.01582	0.01978	0.01819	0.01424	0.01819	0.01266	0.01898	0.00949	0.00712	0.00712	0.00237	0.00949	0.00633	0.00316	0.00791
110	0.01771	0.01530	0.01610	0.01449	0.01852	0.01771	0.01127	0.03784	0.69247	0.02979	0.02898	0.02657	0.02174	0.00966	0.00725	0.00242	0.00564	0.00805	0.00725	0.01127
111	0.02660	0.03394	0.02018	0.01834	0.02201	0.72116	0.01376	0.02843	0.02018	0.01743	0.01101	0.01284	0.00917	0.00734	0.00642	0.00183	0.01284	0.00459	0.00367	0.00825
112	0.00842	0.00721	0.00721	0.00721	0.00962	0.00601	0.00541	0.01022	0.01623	0.01924	0.07213	0.06853	0.70244	0.01803	0.00842	0.00240	0.00361	0.01503	0.00661	0.00601
113	0.01681	0.01921	0.04202	0.03001	0.03721	0.01801	0.67947	0.02281	0.01681	0.02281	0.01441	0.01921	0.01080	0.00600	0.00840	0.00240	0.01200	0.00840	0.00360	0.00960
114	0.01147	0.00820	0.01147	0.01311	0.01475	0.00820	0.01147	0.01475	0.01639	0.02131	0.03770	0.08032	0.04098	0.01967	0.00984	0.00328	0.00656	0.65741	0.00656	0.00656
115	0.00848	0.00722	0.00730	0.00728	0.00966	0.00604	0.00546	0.01034	0.01638	0.01959	0.09580	0.06795	0.67856	0.01790	0.00842	0.00240	0.00360	0.01495	0.00666	0.00604
116	0.80005	0.01377	0.01047	0.00936	0.01377	0.01597	0.00771	0.02093	0.01212	0.03195	0.00991	0.01157	0.00771	0.00661	0.00441	0.00220	0.00551	0.00386	0.00441	0.00771
117	0.03195	0.01212	0.01652	0.01267	0.01818	0.01047	0.01047	0.03470	0.02038	0.71026	0.02809	0.02424	0.01763	0.00881	0.00716	0.00220	0.00606	0.00716	0.00881	0.01212
118	0.00867	0.00624	0.00822	0.00981	0.01030	0.00579	0.00656	0.00993	0.01373	0.01822	0.04052	0.71897	0.07241	0.02214	0.00906	0.00287	0.00411	0.02004	0.00661	0.00579
119	0.02567	0.01860	0.01988	0.01540	0.02069	0.02052	0.01267	0.61424	0.03160	0.04302	0.01772	0.01805	0.01273	0.00852	0.00691	0.00209	0.00738	0.00643	0.08634	0.01156
120	0.01345	0.01266	0.02136	0.73264	0.04904	0.01582	0.01978	0.01819	0.01424	0.01819	0.01266	0.01898	0.00949	0.00712	0.00712	0.00237	0.00949	0.00633	0.00316	0.00791
121	0.03163	0.01263	0.01684	0.01291	0.01843	0.01123	0.01067	0.07739	0.02124	0.66636	0.02737	0.02377	0.01726	0.00880	0.00716	0.00220	0.00618	0.00711	0.00870	0.01212
122	0.01008	0.00728	0.00952	0.00896	0.01064	0.00672	0.00672	0.01344	0.02016	0.02855	0.70158	0.05319	0.06719	0.01456	0.00840	0.00224	0.00336	0.01288	0.00784	0.00672
123	0.80005	0.01377	0.01047	0.00936	0.01377	0.01597	0.00771	0.02093	0.01212	0.03195	0.00991	0.01157	0.00771	0.00661	0.00441	0.00220	0.00551	0.00386	0.00441	0.00771
124	0.01017	0.00763	0.01144	0.01144	0.01272	0.00890	0.00890	0.01272	0.01144	0.01653	0.01907	0.02797	0.01780	0.05340	0.72153	0.01144	0.01907	0.00763	0.00381	0.00636
125	0.01345	0.01266	0.02136	0.73264	0.04904	0.01582	0.01978	0.01819	0.01424	0.01819	0.01266	0.01898	0.00949	0.00712	0.00712	0.00237	0.00949	0.00633	0.00316	0.00791
126	0.01036	0.00690	0.00777	0.00777	0.00777	0.00690	0.00431	0.01036	0.01036	0.01381	0.02244	0.04660	0.02589	0.74975	0.03624	0.00690	0.00690	0.01036	0.00431	0.00431
127	0.80005	0.01377	0.01047	0.00936	0.01377	0.01597	0.00771	0.02093	0.01212	0.03195	0.00991	0.01157	0.00771	0.00661	0.00441	0.00220	0.00551	0.00386	0.00441	0.00771
128	0.01601	0.01315	0.01501	0.01138	0.01712	0.01124	0.00906	0.04255	0.13425	0.04721	0.01815	0.01901	0.03598	0.00669	0.00584	0.00141	0.00539	0.00542	0.00507	0.58007
129	0.01531	0.01519	0.02130	0.01834	0.01840	0.02118	0.01525	0.01692	0.01093	0.01711	0.00982	0.01618	0.00976	0.01446	0.05745	0.00352	0.70169	0.00630	0.00315	0.00772
130	0.00868	0.00620	0.00826	0.00991	0.01033	0.00578	0.00661	0.00991	0.01363	0.01818	0.03925	0.74510	0.04710	0.02231	0.00909	0.00289	0.00413	0.02024	0.00661	0.00578
131	0.68560	0.01490	0.03432	0.01106	0.01587	0.01611	0.04137	0.04362	0.01343	0.05465	0.01108	0.01266	0.00839	0.00672	0.00486	0.00221	0.00608	0.00432	0.00456	0.00819
132	0.01969	0.53540	0.12448	0.01432	0.02059	0.14497	0.01434	0.02270	0.01552	0.01764	0.01047	0.01215	0.00913	0.00639	0.00518	0.00167	0.00890	0.00413	0.00315	0.00917
133	0.01833	0.01516	0.01612	0.01441	0.01850	0.01739	0.01124	0.03770	0.66303	0.05960	0.02894	0.02646	0.02156	0.00962	0.00724	0.00241	0.00565	0.00801	0.00731	0.01131
134	0.01002	0.00728	0.00943	0.00889	0.01060	0.00669	0.00667	0.01332	0.02001	0.02820	0.67776	0.05377	0.09123	0.01469	0.00840	0.00225	0.00337	0.01296	0.00779	0.00669
135	0.01477	0.01266	0.01477	0.01055	0.01687	0.00949	0.00844	0.01793	0.01477	0.02320	0.01266	0.01477	0.01055	0.00527	0.00527	0.00105	0.00527	0.00422	0.00422	0.79328
136	0.00978	0.00717	0.00920	0.00915	0.01073	0.00660	0.00685	0.01265	0.01855	0.02558	0.49565	0.15576	0.13368	0.01637	0.00859	0.00242	0.00369	0.05364	0.00745	0.00650
137	0.00868	0.00620	0.00826	0.00991	0.01033	0.00578	0.00661	0.00991	0.01363	0.01818	0.03925	0.74510	0.04710	0.02231	0.00909	0.00289	0.00413	0.02024	0.00661	0.00578
138	0.00848	0.00720	0.00723	0.00723	0.00956	0.00604	0.00537	0.01022	0.01604	0.01906	0.07052	0.06782	0.68048	0.04179	0.00932	0.00255	0.00371	0.01488	0.00654	0.00596
139	0.02564	0.05927	0.02201	0.01939	0.04703	0.61490	0.03912	0.05419	0.02023	0.01893	0.01143	0.01337	0.00943	0.00725	0.00648	0.00187	0.01225	0.00484	0.00378	0.00860
140	0.01017	0.00763	0.01144	0.01144	0.01272	0.00890	0.00890	0.01272	0.01144	0.01653	0.01907	0.02797	0.01780	0.05340	0.72153	0.01144	0.01907	0.00763	0.00381	0.00636
141	0.01327	0.00664	0.00664	0.00664	0.00830	0.00664	0.00498	0.01659	0.01493	0.02655	0.02323	0.02655	0.01825	0.00830	0.00498	0.00166	0.00332	0.00664	0.78928	0.00664
142	0.01770	0.01557	0.01825	0.01941	0.13405	0.01758	0.01305	0.03515	0.57871	0.02869	0.02636	0.02506	0.01998	0.00910	0.00721	0.00236	0.00611	0.00776	0.00662	0.01127
143	0.02559	0.02125	0.02040	0.01638	0.02153	0.12162	0.01323	0.49090	0.13094	0.03867	0.01802	0.01791	0.01314	0.00854	0.00704	0.00214	0.00822	0.00640	0.00665	0.01143
144	0.03195	0.01212	0.01652	0.01267	0.01818	0.01047	0.01047	0.03470	0.02038	0.71026	0.02809	0.02424	0.01763	0.00881	0.00716	0.00220	0.00606	0.00716	0.00881	0.01212
145	0.02707	0.01995	0.02137	0.01638	0.02208	0.02208	0.01353	0.68159	0.03348	0.04488	0.01710	0.01710	0.01211	0.00855	0.00712	0.00214	0.00784	0.00641	0.00712	0.01211
146	0.01428	0.03683	0.71286	0.02030	0.03082	0.01654	0.02631	0.02255	0.01503	0.02255	0.01278	0.01503	0.00902	0.00677	0.00677	0.00226	0.01052	0.00526	0.00301	0.01052
