[name]
unknown

[dist]
# distance from previous block
# <min> <max>
0	65

[block]
# block no. 0 follows, 28 sequences, length 14
# corresponding to MSA columns:
# 65-78
name=unknown_A
#
# <colnr> <probs for GDERKNQSTAVLIFYWHMCP>
#	G	D	E	R	K	N	Q	S	T	A	V	L	I	F	Y	W	H	M	C	P
0	0.01248	0.00994	0.01608	0.01580	0.01827	0.00977	0.10429	0.01621	0.01679	0.02197	0.03516	0.07326	0.03752	0.01813	0.00984	0.00322	0.00747	0.56040	0.00627	0.00713
1	0.01957	0.02080	0.05910	0.03859	0.54206	0.11622	0.02096	0.05286	0.01787	0.02387	0.01347	0.01715	0.01114	0.00674	0.00710	0.00213	0.00934	0.00617	0.00376	0.01108
2	0.01799	0.01727	0.02950	0.04462	0.69919	0.01727	0.02231	0.02231	0.01655	0.02375	0.01367	0.01799	0.01151	0.00648	0.00720	0.00216	0.00864	0.00648	0.00360	0.01151
3	0.02823	0.01941	0.02123	0.01627	0.02207	0.02113	0.01344	0.59880	0.03258	0.12422	0.01879	0.01832	0.01303	0.00876	0.00728	0.00219	0.00778	0.00664	0.00748	0.01236
4	0.01609	0.01328	0.01720	0.01336	0.01869	0.01171	0.06845	0.04706	0.11231	0.05353	0.01998	0.11557	0.01783	0.00872	0.00664	0.00174	0.00603	0.00767	0.00534	0.43880
5	0.00886	0.00633	0.00843	0.01012	0.01054	0.00590	0.00675	0.01012	0.01392	0.01856	0.04006	0.73979	0.04808	0.02277	0.00928	0.00295	0.00422	0.02066	0.00675	0.00590
6	0.01638	0.01288	0.01521	0.01093	0.01733	0.00976	0.00877	0.01958	0.01550	0.07441	0.01409	0.01579	0.01131	0.00565	0.00553	0.00116	0.00544	0.00453	0.00466	0.73109
7	0.01147	0.00734	0.00983	0.01050	0.01181	0.00683	0.00769	0.01366	0.01649	0.07679	0.20409	0.43018	0.05007	0.01935	0.00903	0.00278	0.00448	0.09363	0.00724	0.00676
8	0.01824	0.01911	0.03766	0.03109	0.14591	0.01878	0.46989	0.08537	0.01840	0.02525	0.01455	0.01896	0.01117	0.00675	0.00895	0.00241	0.04536	0.00793	0.00398	0.01025
9	0.02455	0.12686	0.02250	0.01633	0.02109	0.28806	0.01314	0.24196	0.09548	0.02839	0.01750	0.01803	0.03809	0.00839	0.00670	0.00202	0.00952	0.00597	0.00533	0.01010
10	0.01837	0.01318	0.01314	0.01179	0.01501	0.10586	0.00904	0.02297	0.09820	0.18535	0.18651	0.10611	0.15805	0.01328	0.00793	0.00234	0.00581	0.01114	0.00723	0.00871
11	0.07697	0.01651	0.01711	0.06120	0.01986	0.09857	0.02993	0.19559	0.05223	0.02931	0.01993	0.02390	0.04106	0.00959	0.00857	0.00226	0.08712	0.03503	0.16622	0.00904
12	0.33798	0.01441	0.01774	0.11964	0.07720	0.01567	0.06109	0.08228	0.01668	0.11330	0.01661	0.01851	0.03108	0.00764	0.00617	0.00226	0.00709	0.00597	0.03947	0.00921
13	0.06032	0.02059	0.07368	0.05553	0.05736	0.15385	0.01374	0.14392	0.10194	0.09022	0.02064	0.05076	0.04435	0.00895	0.00696	0.00214	0.00823	0.00702	0.00557	0.07423

[dist]
# distance from previous block
# <min> <max>
0	5

[block]
# block no. 1 follows, 28 sequences, length 60
# corresponding to MSA columns:
# 84-143
name=unknown_B
#
# <colnr> <probs for GDERKNQSTAVLIFYWHMCP>
#	G	D	E	R	K	N	Q	S	T	A	V	L	I	F	Y	W	H	M	C	P
0	0.01847	0.01895	0.02998	0.03868	0.50729	0.08451	0.12085	0.02280	0.01718	0.02330	0.03833	0.01909	0.01330	0.00683	0.00740	0.00218	0.00943	0.00687	0.00378	0.01078
1	0.01853	0.02220	0.08025	0.10489	0.13825	0.17243	0.20305	0.02294	0.01693	0.02120	0.01410	0.01986	0.01169	0.00763	0.00844	0.00228	0.05278	0.03460	0.00371	0.04421
2	0.03623	0.01003	0.01382	0.01684	0.15947	0.00966	0.01019	0.03621	0.01836	0.02562	0.31264	0.12872	0.16566	0.01420	0.00820	0.00236	0.00491	0.01251	0.00654	0.00782
3	0.01591	0.00955	0.01183	0.06468	0.01537	0.00986	0.00870	0.04508	0.04580	0.12625	0.05401	0.07690	0.12697	0.01464	0.04974	0.03011	0.03823	0.00933	0.23914	0.00791
4	0.60340	0.01629	0.04432	0.01247	0.03953	0.01743	0.01023	0.13309	0.01637	0.03414	0.01162	0.01314	0.00882	0.00708	0.00517	0.00224	0.00636	0.00453	0.00488	0.00889
5	0.01764	0.01692	0.02888	0.10035	0.64619	0.01718	0.02214	0.02200	0.01639	0.02333	0.01361	0.01810	0.01137	0.00654	0.00720	0.00218	0.00872	0.00648	0.00357	0.01123
6	0.01480	0.07048	0.67596	0.02034	0.03087	0.01743	0.02619	0.02296	0.01532	0.02275	0.01291	0.01518	0.00921	0.00687	0.00680	0.00227	0.01061	0.00530	0.00307	0.01068
7	0.08895	0.01350	0.01683	0.01318	0.01862	0.01280	0.01083	0.09506	0.07215	0.53966	0.02628	0.02325	0.01701	0.00887	0.00710	0.00226	0.00628	0.00705	0.00837	0.01196
8	0.00886	0.00633	0.00843	0.01012	0.01054	0.00590	0.00675	0.01012	0.01392	0.01856	0.04006	0.73979	0.04808	0.02277	0.00928	0.00295	0.00422	0.02066	0.00675	0.00590
9	0.01105	0.00823	0.01038	0.00970	0.01165	0.00796	0.00732	0.01616	0.08593	0.02927	0.62997	0.05163	0.06403	0.01437	0.00846	0.00230	0.00366	0.01266	0.00794	0.00732
10	0.01799	0.01727	0.02950	0.04462	0.69919	0.01727	0.02231	0.02231	0.01655	0.02375	0.01367	0.01799	0.01151	0.00648	0.00720	0.00216	0.00864	0.00648	0.00360	0.01151
11	0.00885	0.00636	0.00840	0.01002	0.01052	0.00591	0.00670	0.01013	0.01401	0.01859	0.04125	0.71604	0.07107	0.02262	0.00925	0.00293	0.00420	0.02048	0.00675	0.00591
12	0.00886	0.00633	0.00843	0.01012	0.01054	0.00590	0.00675	0.01012	0.01392	0.01856	0.04006	0.73979	0.04808	0.02277	0.00928	0.00295	0.00422	0.02066	0.00675	0.00590
13	0.01373	0.01292	0.02180	0.72707	0.05006	0.01615	0.02019	0.01857	0.01453	0.01857	0.01292	0.01938	0.00969	0.00727	0.00727	0.00242	0.00969	0.00646	0.00323	0.00807
14	0.01263	0.00631	0.00947	0.00947	0.00947	0.00631	0.00631	0.00947	0.00947	0.01263	0.01263	0.02210	0.01263	0.02525	0.02841	0.78851	0.00631	0.00631	0.00316	0.00316
15	0.01643	0.01678	0.02219	0.01907	0.01924	0.05476	0.01582	0.01803	0.01158	0.01751	0.00962	0.01577	0.00953	0.01248	0.02304	0.00312	0.69757	0.00628	0.00321	0.00797
16	0.01057	0.00705	0.00793	0.00793	0.00793	0.00705	0.00440	0.01057	0.01057	0.01409	0.02290	0.04757	0.02643	0.74454	0.03700	0.00705	0.00705	0.01057	0.00440	0.00440
17	0.79588	0.01406	0.01068	0.00956	0.01406	0.01631	0.00787	0.02137	0.01237	0.03261	0.01012	0.01181	0.00787	0.00675	0.00450	0.00225	0.00562	0.00394	0.00450	0.00787
18	0.01467	0.01405	0.01976	0.01729	0.01754	0.01923	0.01421	0.01640	0.01122	0.01726	0.01189	0.01938	0.01176	0.04473	0.15760	0.00495	0.57038	0.00677	0.00336	0.00755
19	0.05000	0.01558	0.01798	0.01380	0.01944	0.01533	0.01128	0.29296	0.02452	0.23827	0.02053	0.04783	0.01500	0.00859	0.00687	0.00200	0.00666	0.00677	0.00704	0.17954
20	0.01831	0.42552	0.21598	0.01730	0.02473	0.06474	0.09937	0.02272	0.01557	0.01950	0.01153	0.01373	0.00951	0.00647	0.00587	0.00189	0.00944	0.00492	0.00321	0.00971
21	0.01055	0.00711	0.00825	0.00825	0.00836	0.00722	0.00481	0.01078	0.01067	0.01433	0.02261	0.04593	0.02572	0.68506	0.09550	0.00745	0.00812	0.01033	0.00436	0.00458
22	0.01373	0.01292	0.02180	0.72707	0.05006	0.01615	0.02019	0.01857	0.01453	0.01857	0.01292	0.01938	0.00969	0.00727	0.00727	0.00242	0.00969	0.00646	0.00323	0.00807
23	0.76120	0.04688	0.01191	0.00969	0.01426	0.01686	0.00808	0.02139	0.01248	0.03192	0.01012	0.01180	0.00794	0.00672	0.00451	0.00222	0.00572	0.00393	0.00444	0.00794
24	0.01741	0.01677	0.02654	0.08843	0.54431	0.04892	0.02058	0.02154	0.01662	0.02288	0.01630	0.02506	0.01470	0.00811	0.00749	0.00230	0.00870	0.07884	0.00393	0.01058
25	0.01716	0.01961	0.04289	0.03064	0.03799	0.01838	0.67279	0.02328	0.01716	0.02328	0.01471	0.01961	0.01103	0.00613	0.00858	0.00245	0.01225	0.00858	0.00368	0.00980
26	0.00892	0.00635	0.00841	0.01003	0.01044	0.00595	0.00666	0.01014	0.01378	0.01838	0.03939	0.71245	0.04722	0.05128	0.01037	0.00311	0.00433	0.02027	0.00666	0.00584
27	0.01577	0.21149	0.54338	0.01869	0.02833	0.01979	0.02333	0.02271	0.01521	0.02157	0.01233	0.01445	0.00924	0.00674	0.00636	0.00212	0.01002	0.00501	0.00308	0.01040
28	0.03177	0.01256	0.01684	0.01304	0.01858	0.01111	0.01073	0.03561	0.05955	0.66499	0.02873	0.02488	0.01824	0.00905	0.00731	0.00226	0.00616	0.00736	0.00890	0.01232
29	0.00859	0.00736	0.00736	0.00736	0.00982	0.00614	0.00552	0.01043	0.01657	0.01964	0.07364	0.06996	0.69624	0.01841	0.00859	0.00245	0.00368	0.01534	0.00675	0.00614
30	0.01574	0.02949	0.40777	0.02519	0.03440	0.01756	0.31783	0.02314	0.01616	0.02314	0.01379	0.01727	0.01003	0.00656	0.00766	0.00237	0.01142	0.00682	0.00334	0.01032
31	0.03163	0.01396	0.01785	0.01369	0.01935	0.01304	0.01131	0.16227	0.02346	0.57363	0.02645	0.02330	0.01688	0.00894	0.00730	0.00224	0.00655	0.00716	0.00865	0.01237
32	0.01009	0.00742	0.00944	0.00893	0.01074	0.00677	0.00670	0.01333	0.02010	0.02803	0.62199	0.05615	0.14266	0.01528	0.00858	0.00231	0.00346	0.01340	0.00785	0.00677
33	0.00981	0.00665	0.00886	0.01010	0.01084	0.00617	0.00689	0.01138	0.01493	0.04234	0.11693	0.63550	0.04951	0.02139	0.00913	0.00285	0.00419	0.01934	0.00697	0.00623
34	0.02763	0.02036	0.02182	0.01672	0.02254	0.02254	0.01382	0.67496	0.03418	0.04581	0.01745	0.01745	0.01236	0.00873	0.00727	0.00218	0.00800	0.00654	0.00727	0.01236
35	0.79588	0.01406	0.01068	0.00956	0.01406	0.01631	0.00787	0.02137	0.01237	0.03261	0.01012	0.01181	0.00787	0.00675	0.00450	0.00225	0.00562	0.00394	0.00450	0.00787
36	0.01430	0.01351	0.02284	0.63529	0.13736	0.01630	0.02047	0.01907	0.01481	0.01927	0.01302	0.01919	0.00994	0.00716	0.00726	0.00239	0.00955	0.00646	0.00328	0.00854
37	0.01943	0.74891	0.03809	0.01244	0.01866	0.02876	0.01244	0.02177	0.01477	0.01710	0.01011	0.01166	0.00933	0.00622	0.00466	0.00155	0.00777	0.00389	0.00311	0.00933
38	0.01355	0.00678	0.00678	0.00678	0.00847	0.00678	0.00508	0.01694	0.01524	0.02710	0.02371	0.02710	0.01863	0.00847	0.00508	0.00169	0.00339	0.00678	0.78489	0.00678
39	0.01057	0.00705	0.00793	0.00793	0.00793	0.00705	0.00440	0.01057	0.01057	0.01409	0.02290	0.04757	0.02643	0.74454	0.03700	0.00705	0.00705	0.01057	0.00440	0.00440
40	0.01355	0.00678	0.00678	0.00678	0.00847	0.00678	0.00508	0.01694	0.01524	0.02710	0.02371	0.02710	0.01863	0.00847	0.00508	0.00169	0.00339	0.00678	0.78489	0.00678
41	0.00886	0.00633	0.00843	0.01012	0.01054	0.00590	0.00675	0.01012	0.01392	0.01856	0.04006	0.73979	0.04808	0.02277	0.00928	0.00295	0.00422	0.02066	0.00675	0.00590
42	0.01171	0.00837	0.01171	0.01339	0.01506	0.00837	0.01171	0.01506	0.01673	0.02175	0.03849	0.08199	0.04183	0.02008	0.01004	0.00335	0.00669	0.65027	0.00669	0.00669
43	0.01507	0.01292	0.01507	0.01077	0.01723	0.00969	0.00861	0.01830	0.01507	0.02369	0.01292	0.01507	0.01077	0.00538	0.00538	0.00108	0.00538	0.00431	0.00431	0.78898
44	0.01808	0.01561	0.01644	0.01479	0.01890	0.01808	0.01151	0.03863	0.68606	0.03041	0.02959	0.02712	0.02219	0.00986	0.00740	0.00247	0.00575	0.00822	0.00740	0.01151
45	0.79588	0.01406	0.01068	0.00956	0.01406	0.01631	0.00787	0.02137	0.01237	0.03261	0.01012	0.01181	0.00787	0.00675	0.00450	0.00225	0.00562	0.00394	0.00450	0.00787
46	0.79588	0.01406	0.01068	0.00956	0.01406	0.01631	0.00787	0.02137	0.01237	0.03261	0.01012	0.01181	0.00787	0.00675	0.00450	0.00225	0.00562	0.00394	0.00450	0.00787
47	0.79588	0.01406	0.01068	0.00956	0.01406	0.01631	0.00787	0.02137	0.01237	0.03261	0.01012	0.01181	0.00787	0.00675	0.00450	0.00225	0.00562	0.00394	0.00450	0.00787
48	0.01799	0.01727	0.02950	0.04462	0.69919	0.01727	0.02231	0.02231	0.01655	0.02375	0.01367	0.01799	0.01151	0.00648	0.00720	0.00216	0.00864	0.00648	0.00360	0.01151
49	0.02763	0.02036	0.02182	0.01672	0.02254	0.02254	0.01382	0.67496	0.03418	0.04581	0.01745	0.01745	0.01236	0.00873	0.00727	0.00218	0.00800	0.00654	0.00727	0.01236
50	0.01093	0.00809	0.01062	0.01179	0.01364	0.00778	0.01004	0.01394	0.01692	0.02171	0.08464	0.07768	0.19039	0.01940	0.00963	0.00308	0.00583	0.47054	0.00678	0.00658
51	0.01355	0.00678	0.00678	0.00678	0.00847	0.00678	0.00508	0.01694	0.01524	0.02710	0.02371	0.02710	0.01863	0.00847	0.00508	0.00169	0.00339	0.00678	0.78489	0.00678
52	0.01038	0.00779	0.01168	0.01168	0.01298	0.00909	0.00909	0.01298	0.01168	0.01687	0.01947	0.02856	0.01817	0.05452	0.71573	0.01168	0.01947	0.00779	0.00389	0.00649
53	0.01716	0.01961	0.04289	0.03064	0.03799	0.01838	0.67279	0.02328	0.01716	0.02328	0.01471	0.01961	0.01103	0.00613	0.00858	0.00245	0.01225	0.00858	0.00368	0.00980
54	0.00870	0.00737	0.00752	0.00748	0.00989	0.00618	0.00561	0.01065	0.01683	0.02026	0.11422	0.06893	0.65527	0.01818	0.00859	0.00244	0.00367	0.01520	0.00683	0.00618
55	0.01507	0.01292	0.01507	0.01077	0.01723	0.00969	0.00861	0.01830	0.01507	0.02369	0.01292	0.01507	0.01077	0.00538	0.00538	0.00108	0.00538	0.00431	0.00431	0.78898
56	0.03261	0.01237	0.01687	0.01293	0.01856	0.01068	0.01068	0.03543	0.02081	0.70423	0.02868	0.02474	0.01799	0.00900	0.00731	0.00225	0.00619	0.00731	0.00900	0.01237
57	0.00886	0.00633	0.00843	0.01012	0.01054	0.00590	0.00675	0.01012	0.01392	0.01856	0.04006	0.73979	0.04808	0.02277	0.00928	0.00295	0.00422	0.02066	0.00675	0.00590
58	0.03042	0.01270	0.01673	0.01304	0.01840	0.01151	0.01070	0.06256	0.06480	0.60028	0.05907	0.02594	0.02036	0.00931	0.00737	0.00226	0.00611	0.00761	0.00877	0.01206
59	0.01837	0.01726	0.02872	0.07280	0.63144	0.01753	0.02172	0.06015	0.01749	0.02481	0.01386	0.01802	0.01148	0.00664	0.00720	0.00217	0.00864	0.00648	0.00380	0.01141

[dist]
# distance from previous block
# <min> <max>
0	1

[block]
# block no. 2 follows, 28 sequences, length 14
# corresponding to MSA columns:
# 145-158
name=unknown_C
#
# <colnr> <probs for GDERKNQSTAVLIFYWHMCP>
#	G	D	E	R	K	N	Q	S	T	A	V	L	I	F	Y	W	H	M	C	P
0	0.01844	0.01630	0.01669	0.04244	0.01989	0.08821	0.01081	0.05367	0.21025	0.05435	0.01840	0.01902	0.01424	0.00727	0.00633	0.00171	0.00663	0.00578	0.00542	0.38414
1	0.79588	0.01406	0.01068	0.00956	0.01406	0.01631	0.00787	0.02137	0.01237	0.03261	0.01012	0.01181	0.00787	0.00675	0.00450	0.00225	0.00562	0.00394	0.00450	0.00787
2	0.00881	0.00743	0.00767	0.00779	0.01019	0.00629	0.00596	0.01076	0.01658	0.01979	0.07116	0.07080	0.65010	0.01853	0.00869	0.00252	0.00389	0.06012	0.00675	0.00618
3	0.01177	0.00776	0.01019	0.00940	0.01137	0.00711	0.00711	0.01516	0.02059	0.07388	0.65118	0.05234	0.06523	0.01447	0.00849	0.00228	0.00361	0.01276	0.00807	0.00722
4	0.00886	0.00633	0.00843	0.01012	0.01054	0.00590	0.00675	0.01012	0.01392	0.01856	0.04006	0.73979	0.04808	0.02277	0.00928	0.00295	0.00422	0.02066	0.00675	0.00590
5	0.01029	0.00743	0.00972	0.00914	0.01086	0.00686	0.00686	0.01372	0.02058	0.02915	0.69536	0.05430	0.06859	0.01486	0.00857	0.00229	0.00343	0.01315	0.00800	0.00686
6	0.01018	0.00743	0.00956	0.00903	0.01079	0.00681	0.00677	0.01350	0.02032	0.02853	0.65487	0.05532	0.10946	0.01509	0.00857	0.00230	0.00345	0.01329	0.00792	0.00681
7	0.02136	0.01431	0.01512	0.01229	0.01627	0.01552	0.00993	0.38184	0.02574	0.03748	0.02024	0.02175	0.01515	0.00861	0.00630	0.00196	0.00594	0.00665	0.35366	0.00987
8	0.01507	0.01292	0.01507	0.01077	0.01723	0.00969	0.00861	0.01830	0.01507	0.02369	0.01292	0.01507	0.01077	0.00538	0.00538	0.00108	0.00538	0.00431	0.00431	0.78898
9	0.00886	0.00633	0.00843	0.01012	0.01054	0.00590	0.00675	0.01012	0.01392	0.01856	0.04006	0.73979	0.04808	0.02277	0.00928	0.00295	0.00422	0.02066	0.00675	0.00590
10	0.00859	0.00736	0.00736	0.00736	0.00982	0.00614	0.00552	0.01043	0.01657	0.01964	0.07364	0.06996	0.69624	0.01841	0.00859	0.00245	0.00368	0.01534	0.00675	0.00614
11	0.03261	0.01237	0.01687	0.01293	0.01856	0.01068	0.01068	0.03543	0.02081	0.70423	0.02868	0.02474	0.01799	0.00900	0.00731	0.00225	0.00619	0.00731	0.00900	0.01237
12	0.00886	0.00633	0.00843	0.01012	0.01054	0.00590	0.00675	0.01012	0.01392	0.01856	0.04006	0.73979	0.04808	0.02277	0.00928	0.00295	0.00422	0.02066	0.00675	0.00590
13	0.01171	0.00837	0.01171	0.01339	0.01506	0.00837	0.01171	0.01506	0.01673	0.02175	0.03849	0.08199	0.04183	0.02008	0.01004	0.00335	0.00669	0.65027	0.00669	0.00669

[dist]
# distance from previous block
# <min> <max>
0	7

[block]
# block no. 3 follows, 28 sequences, length 115
# corresponding to MSA columns:
# 166-280
name=unknown_D
#
# <colnr> <probs for GDERKNQSTAVLIFYWHMCP>
#	G	D	E	R	K	N	Q	S	T	A	V	L	I	F	Y	W	H	M	C	P
0	0.01458	0.03760	0.70688	0.02072	0.03146	0.01688	0.02686	0.02302	0.01535	0.02302	0.01304	0.01535	0.00921	0.00691	0.00691	0.00230	0.01074	0.00537	0.00307	0.01074
1	0.02715	0.03464	0.02060	0.01873	0.02247	0.71536	0.01404	0.02903	0.02060	0.01779	0.01124	0.01311	0.00936	0.00749	0.00655	0.00187	0.01311	0.00468	0.00375	0.00843
2	0.01716	0.01961	0.04289	0.03064	0.03799	0.01838	0.67279	0.02328	0.01716	0.02328	0.01471	0.01961	0.01103	0.00613	0.00858	0.00245	0.01225	0.00858	0.00368	0.00980
3	0.01029	0.00743	0.00972	0.00914	0.01086	0.00686	0.00686	0.01372	0.02058	0.02915	0.69536	0.05430	0.06859	0.01486	0.00857	0.00229	0.00343	0.01315	0.00800	0.00686
4	0.04072	0.01120	0.01405	0.01481	0.04616	0.01165	0.01194	0.13058	0.04277	0.02652	0.03515	0.06284	0.08301	0.01659	0.00905	0.00296	0.00671	0.41862	0.00661	0.00805
5	0.06450	0.01280	0.01655	0.01299	0.01840	0.01174	0.01065	0.03516	0.09304	0.60124	0.02796	0.02443	0.01801	0.00899	0.00720	0.00227	0.00611	0.00726	0.00862	0.01208
6	0.00886	0.00633	0.00843	0.01012	0.01054	0.00590	0.00675	0.01012	0.01392	0.01856	0.04006	0.73979	0.04808	0.02277	0.00928	0.00295	0.00422	0.02066	0.00675	0.00590
7	0.01795	0.01737	0.03009	0.04400	0.67020	0.01732	0.05083	0.02235	0.01658	0.02373	0.01372	0.01806	0.01149	0.00646	0.00726	0.00217	0.00879	0.00657	0.00360	0.01144
8	0.01458	0.03760	0.70688	0.02072	0.03146	0.01688	0.02686	0.02302	0.01535	0.02302	0.01304	0.01535	0.00921	0.00691	0.00691	0.00230	0.01074	0.00537	0.00307	0.01074
9	0.01799	0.01727	0.02950	0.04462	0.69919	0.01727	0.02231	0.02231	0.01655	0.02375	0.01367	0.01799	0.01151	0.00648	0.00720	0.00216	0.00864	0.00648	0.00360	0.01151
10	0.73127	0.01494	0.03861	0.04102	0.01630	0.01632	0.00915	0.02131	0.01258	0.03163	0.01036	0.01228	0.00800	0.00678	0.00471	0.00226	0.00600	0.00410	0.00439	0.00799
11	0.00873	0.00737	0.00756	0.00751	0.00990	0.00620	0.00563	0.01070	0.01690	0.02042	0.12472	0.06867	0.64468	0.01812	0.00859	0.00244	0.00366	0.01516	0.00685	0.00620
12	0.06341	0.01313	0.01673	0.01278	0.01848	0.01170	0.01052	0.08142	0.02068	0.53139	0.02485	0.02229	0.01613	0.00838	0.00692	0.00208	0.00619	0.00669	0.00803	0.11819
13	0.03261	0.01237	0.01687	0.01293	0.01856	0.01068	0.01068	0.03543	0.02081	0.70423	0.02868	0.02474	0.01799	0.00900	0.00731	0.00225	0.00619	0.00731	0.00900	0.01237
14	0.01490	0.08426	0.66301	0.02018	0.03062	0.01766	0.02591	0.02294	0.01531	0.02263	0.01285	0.01511	0.00922	0.00686	0.00676	0.00225	0.01055	0.00527	0.00307	0.01065
15	0.01050	0.00733	0.00937	0.00937	0.00987	0.00783	0.00620	0.01149	0.01100	0.01516	0.02159	0.04028	0.02326	0.47992	0.29728	0.00882	0.01181	0.00950	0.00421	0.00520
16	0.00886	0.00633	0.00843	0.01012	0.01054	0.00590	0.00675	0.01012	0.01392	0.01856	0.04006	0.73979	0.04808	0.02277	0.00928	0.00295	0.00422	0.02066	0.00675	0.00590
17	0.02763	0.02036	0.02182	0.01672	0.02254	0.02254	0.01382	0.67496	0.03418	0.04581	0.01745	0.01745	0.01236	0.00873	0.00727	0.00218	0.00800	0.00654	0.00727	0.01236
18	0.02763	0.02036	0.02182	0.01672	0.02254	0.02254	0.01382	0.67496	0.03418	0.04581	0.01745	0.01745	0.01236	0.00873	0.00727	0.00218	0.00800	0.00654	0.00727	0.01236
19	0.01837	0.01623	0.01657	0.01492	0.01902	0.04050	0.01159	0.03832	0.66467	0.03000	0.02900	0.02667	0.02178	0.00979	0.00737	0.00245	0.00599	0.00810	0.00728	0.01141
20	0.01697	0.01893	0.04041	0.03136	0.10327	0.01786	0.58560	0.02275	0.01699	0.02317	0.01544	0.04331	0.01231	0.00671	0.00846	0.00244	0.01163	0.00877	0.00377	0.00985
21	0.02057	0.01522	0.01667	0.01446	0.01894	0.01687	0.01138	0.06262	0.53798	0.13318	0.02844	0.02600	0.02080	0.00954	0.00731	0.00238	0.00590	0.00789	0.00754	0.03630
22	0.02182	0.01510	0.01703	0.01414	0.01853	0.01623	0.01139	0.27092	0.19871	0.12423	0.15152	0.03074	0.02761	0.01072	0.00768	0.00234	0.00625	0.03656	0.00764	0.01085
23	0.01695	0.06525	0.03208	0.02588	0.10787	0.01918	0.30098	0.04933	0.01609	0.02242	0.03765	0.05017	0.01424	0.00902	0.01209	0.00255	0.19695	0.00804	0.00394	0.00934
24	0.01496	0.00919	0.01166	0.01056	0.01313	0.00881	0.00807	0.02019	0.10102	0.14442	0.44888	0.09929	0.05266	0.01386	0.00827	0.00235	0.00425	0.01213	0.00800	0.00830
25	0.01709	0.01635	0.02788	0.18902	0.56185	0.01703	0.02186	0.02152	0.01612	0.02265	0.01351	0.01828	0.01113	0.00664	0.00721	0.00221	0.00886	0.00647	0.00352	0.01079
26	0.02379	0.07870	0.07464	0.01751	0.02187	0.51055	0.01426	0.02787	0.07522	0.01995	0.05771	0.01706	0.01430	0.00804	0.00666	0.00196	0.01132	0.00553	0.00423	0.00882
27	0.01781	0.01835	0.06545	0.04335	0.66376	0.01725	0.02255	0.02235	0.01649	0.02371	0.01364	0.01785	0.01139	0.00650	0.00718	0.00217	0.00875	0.00642	0.00357	0.01147
28	0.00859	0.00736	0.00736	0.00736	0.00982	0.00614	0.00552	0.01043	0.01657	0.01964	0.07364	0.06996	0.69624	0.01841	0.00859	0.00245	0.00368	0.01534	0.00675	0.00614
29	0.01398	0.01307	0.01857	0.01650	0.01695	0.01767	0.01352	0.01592	0.01132	0.01728	0.01301	0.02032	0.01255	0.02731	0.26530	0.00615	0.48285	0.00686	0.00343	0.00744
30	0.01458	0.03760	0.70688	0.02072	0.03146	0.01688	0.02686	0.02302	0.01535	0.02302	0.01304	0.01535	0.00921	0.00691	0.00691	0.00230	0.01074	0.00537	0.00307	0.01074
31	0.01914	0.67800	0.06781	0.01452	0.05535	0.02762	0.01361	0.02185	0.01489	0.01772	0.01043	0.01216	0.00944	0.00626	0.00490	0.00162	0.00795	0.00409	0.00313	0.00951
32	0.00884	0.00637	0.00839	0.01000	0.01051	0.00591	0.00669	0.01013	0.01403	0.01860	0.04152	0.71084	0.07610	0.02258	0.00925	0.00293	0.00419	0.02043	0.00675	0.00591
33	0.01821	0.47657	0.24236	0.01583	0.02336	0.05500	0.03776	0.02252	0.01528	0.01914	0.01120	0.01310	0.00935	0.00648	0.00556	0.00183	0.00906	0.00452	0.00314	0.00974
34	0.02645	0.01959	0.02135	0.04380	0.02318	0.02172	0.01382	0.62671	0.03272	0.04382	0.01806	0.04254	0.01350	0.00916	0.00734	0.00222	0.00793	0.00703	0.00710	0.01197
35	0.76555	0.01431	0.01112	0.00984	0.01439	0.01655	0.00811	0.04718	0.01323	0.03313	0.01041	0.01203	0.00805	0.00683	0.00461	0.00225	0.00572	0.00404	0.00461	0.00805
36	0.01807	0.01795	0.02962	0.08553	0.57830	0.04877	0.07035	0.02245	0.01665	0.02312	0.01359	0.01798	0.01127	0.00655	0.00728	0.00218	0.00917	0.00655	0.00359	0.01103
37	0.01507	0.01292	0.01507	0.01077	0.01723	0.00969	0.00861	0.01830	0.01507	0.02369	0.01292	0.01507	0.01077	0.00538	0.00538	0.00108	0.00538	0.00431	0.00431	0.78898
38	0.02794	0.01908	0.02093	0.01613	0.02185	0.02075	0.01330	0.56253	0.05809	0.13508	0.01946	0.01883	0.01352	0.00881	0.00728	0.00220	0.00766	0.00672	0.00751	0.01233
39	0.01068	0.00817	0.00997	0.01034	0.01194	0.00804	0.00754	0.01546	0.11153	0.02356	0.23138	0.33689	0.12199	0.01805	0.00877	0.00265	0.00426	0.04454	0.00720	0.00704
40	0.01465	0.01351	0.02214	0.65935	0.07716	0.01654	0.01994	0.05357	0.01567	0.02025	0.01319	0.01922	0.00991	0.00731	0.00726	0.00240	0.00955	0.00647	0.00346	0.00845
41	0.00886	0.00633	0.00843	0.01012	0.01054	0.00590	0.00675	0.01012	0.01392	0.01856	0.04006	0.73979	0.04808	0.02277	0.00928	0.00295	0.00422	0.02066	0.00675	0.00590
42	0.00886	0.00633	0.00843	0.01012	0.01054	0.00590	0.00675	0.01012	0.01392	0.01856	0.04006	0.73979	0.04808	0.02277	0.00928	0.00295	0.00422	0.02066	0.00675	0.00590
43	0.01038	0.00779	0.01168	0.01168	0.01298	0.00909	0.00909	0.01298	0.01168	0.01687	0.01947	0.02856	0.01817	0.05452	0.71573	0.01168	0.01947	0.00779	0.00389	0.00649
44	0.01029	0.00743	0.00972	0.00914	0.01086	0.00686	0.00686	0.01372	0.02058	0.02915	0.69536	0.05430	0.06859	0.01486	0.00857	0.00229	0.00343	0.01315	0.00800	0.00686
45	0.01808	0.01561	0.01644	0.01479	0.01890	0.01808	0.01151	0.03863	0.68606	0.03041	0.02959	0.02712	0.02219	0.00986	0.00740	0.00247	0.00575	0.00822	0.00740	0.01151
46	0.01507	0.01292	0.01507	0.01077	0.01723	0.00969	0.00861	0.01830	0.01507	0.02369	0.01292	0.01507	0.01077	0.00538	0.00538	0.00108	0.00538	0.00431	0.00431	0.78898
47	0.01458	0.03760	0.70688	0.02072	0.03146	0.01688	0.02686	0.02302	0.01535	0.02302	0.01304	0.01535	0.00921	0.00691	0.00691	0.00230	0.01074	0.00537	0.00307	0.01074
48	0.00886	0.00633	0.00843	0.01012	0.01054	0.00590	0.00675	0.01012	0.01392	0.01856	0.04006	0.73979	0.04808	0.02277	0.00928	0.00295	0.00422	0.02066	0.00675	0.00590
49	0.00901	0.00773	0.00776	0.00769	0.01022	0.00666	0.00579	0.01167	0.04593	0.02011	0.07171	0.06808	0.66669	0.01803	0.00854	0.00246	0.00377	0.01503	0.00678	0.00637
50	0.03261	0.01237	0.01687	0.01293	0.01856	0.01068	0.01068	0.03543	0.02081	0.70423	0.02868	0.02474	0.01799	0.00900	0.00731	0.00225	0.00619	0.00731	0.00900	0.01237
51	0.01808	0.01561	0.01644	0.01479	0.01890	0.01808	0.01151	0.03863	0.68606	0.03041	0.02959	0.02712	0.02219	0.00986	0.00740	0.00247	0.00575	0.00822	0.00740	0.01151
52	0.02125	0.01625	0.01980	0.01832	0.12300	0.01576	0.01278	0.24934	0.05261	0.07946	0.01647	0.01757	0.01246	0.00717	0.00654	0.00177	0.00686	0.00580	0.00570	0.31110
53	0.79588	0.01406	0.01068	0.00956	0.01406	0.01631	0.00787	0.02137	0.01237	0.03261	0.01012	0.01181	0.00787	0.00675	0.00450	0.00225	0.00562	0.00394	0.00450	0.00787
54	0.01057	0.00705	0.00793	0.00793	0.00793	0.00705	0.00440	0.01057	0.01057	0.01409	0.02290	0.04757	0.02643	0.74454	0.03700	0.00705	0.00705	0.01057	0.00440	0.00440
55	0.01268	0.00920	0.01235	0.01359	0.01555	0.00939	0.01180	0.04507	0.04537	0.02317	0.03719	0.07687	0.03972	0.01916	0.00981	0.00326	0.00671	0.59522	0.00675	0.00714
56	0.02337	0.01572	0.01771	0.01456	0.01899	0.01679	0.01161	0.39432	0.06776	0.12845	0.02497	0.18653	0.02202	0.01209	0.00775	0.00239	0.00674	0.01003	0.00739	0.01081
57	0.01771	0.01698	0.02900	0.08978	0.65624	0.01720	0.02217	0.02206	0.01642	0.02341	0.01362	0.01808	0.01139	0.00653	0.00720	0.00218	0.00871	0.00648	0.00357	0.01129
58	0.00898	0.00641	0.00858	0.01026	0.01074	0.00601	0.00696	0.01033	0.01404	0.01869	0.04000	0.71136	0.04781	0.02266	0.00931	0.00297	0.00432	0.04788	0.00675	0.00594
59	0.01815	0.01470	0.01840	0.14789	0.08045	0.01663	0.01405	0.05958	0.38457	0.07145	0.02530	0.02857	0.01981	0.00978	0.00755	0.00247	0.00691	0.05676	0.00636	0.01060
60	0.01765	0.01692	0.02888	0.09994	0.64657	0.01718	0.02214	0.02201	0.01639	0.02333	0.01361	0.01810	0.01137	0.00654	0.00720	0.00218	0.00872	0.00648	0.00357	0.01124
61	0.00864	0.00719	0.00754	0.00783	0.00994	0.00610	0.00573	0.01038	0.01612	0.01946	0.06799	0.18256	0.58728	0.01914	0.00871	0.00254	0.00377	0.01624	0.00675	0.00610
62	0.01496	0.01451	0.02045	0.01781	0.01804	0.02000	0.01473	0.01672	0.01123	0.01739	0.01125	0.01808	0.01102	0.01990	0.14268	0.00464	0.60899	0.00661	0.00330	0.00770
63	0.15974	0.04041	0.01852	0.01410	0.01948	0.01791	0.01165	0.29971	0.08932	0.22631	0.02029	0.01928	0.01403	0.00849	0.00673	0.00222	0.00686	0.00639	0.00716	0.01141
64	0.01395	0.01315	0.02221	0.69085	0.08451	0.01621	0.02030	0.01877	0.01464	0.01885	0.01296	0.01931	0.00979	0.00723	0.00726	0.00241	0.00963	0.00646	0.00325	0.00826
65	0.79588	0.01406	0.01068	0.00956	0.01406	0.01631	0.00787	0.02137	0.01237	0.03261	0.01012	0.01181	0.00787	0.00675	0.00450	0.00225	0.00562	0.00394	0.00450	0.00787
66	0.00964	0.00691	0.00899	0.01040	0.01104	0.00660	0.00704	0.03780	0.01476	0.01969	0.03912	0.70972	0.04659	0.02219	0.00919	0.00292	0.00437	0.02008	0.00677	0.00617
67	0.00884	0.00638	0.00838	0.00998	0.01050	0.00592	0.00668	0.01014	0.01406	0.01861	0.04185	0.70425	0.08247	0.02254	0.00924	0.00293	0.00419	0.02038	0.00675	0.00592
68	0.02572	0.03059	0.02088	0.01939	0.05027	0.54917	0.01428	0.08544	0.06506	0.02131	0.01302	0.01474	0.01057	0.00794	0.00746	0.00201	0.04358	0.00523	0.00426	0.00908
69	0.00886	0.00633	0.00843	0.01012	0.01054	0.00590	0.00675	0.01012	0.01392	0.01856	0.04006	0.73979	0.04808	0.02277	0.00928	0.00295	0.00422	0.02066	0.00675	0.00590
70	0.00872	0.00737	0.00754	0.00750	0.00990	0.00619	0.00562	0.01068	0.01687	0.02035	0.12047	0.06878	0.64896	0.01814	0.00859	0.00244	0.00366	0.01518	0.00684	0.00619
71	0.03261	0.01237	0.01687	0.01293	0.01856	0.01068	0.01068	0.03543	0.02081	0.70423	0.02868	0.02474	0.01799	0.00900	0.00731	0.00225	0.00619	0.00731	0.00900	0.01237
72	0.00892	0.00738	0.00782	0.00771	0.01002	0.00628	0.00578	0.01107	0.01735	0.02149	0.19495	0.06690	0.57377	0.01772	0.00859	0.00242	0.00363	0.01491	0.00699	0.00628
73	0.01943	0.74891	0.03809	0.01244	0.01866	0.02876	0.01244	0.02177	0.01477	0.01710	0.01011	0.01166	0.00933	0.00622	0.00466	0.00155	0.00777	0.00389	0.00311	0.00933
74	0.01458	0.03760	0.70688	0.02072	0.03146	0.01688	0.02686	0.02302	0.01535	0.02302	0.01304	0.01535	0.00921	0.00691	0.00691	0.00230	0.01074	0.00537	0.00307	0.01074
75	0.03261	0.01237	0.01687	0.01293	0.01856	0.01068	0.01068	0.03543	0.02081	0.70423	0.02868	0.02474	0.01799	0.00900	0.00731	0.00225	0.00619	0.00731	0.00900	0.01237
76	0.01590	0.01590	0.02226	0.01908	0.01908	0.02226	0.01590	0.01749	0.01113	0.01749	0.00954	0.01590	0.00954	0.01272	0.02385	0.00318	0.73123	0.00636	0.00318	0.00795
77	0.01355	0.00678	0.00678	0.00678	0.00847	0.00678	0.00508	0.01694	0.01524	0.02710	0.02371	0.02710	0.01863	0.00847	0.00508	0.00169	0.00339	0.00678	0.78489	0.00678
78	0.00868	0.00737	0.00749	0.00746	0.00987	0.00617	0.00559	0.01061	0.01678	0.02014	0.10663	0.06912	0.66294	0.01822	0.00859	0.00245	0.00367	0.01522	0.00682	0.00617
79	0.02763	0.02036	0.02182	0.01672	0.02254	0.02254	0.01382	0.67496	0.03418	0.04581	0.01745	0.01745	0.01236	0.00873	0.00727	0.00218	0.00800	0.00654	0.00727	0.01236
80	0.02399	0.01855	0.01976	0.01599	0.02115	0.02084	0.01294	0.43235	0.28271	0.03994	0.02208	0.02114	0.01611	0.00916	0.00732	0.00229	0.00714	0.00718	0.00732	0.01204
81	0.01263	0.00631	0.00947	0.00947	0.00947	0.00631	0.00631	0.00947	0.00947	0.01263	0.01263	0.02210	0.01263	0.02525	0.02841	0.78851	0.00631	0.00631	0.00316	0.00316
82	0.79588	0.01406	0.01068	0.00956	0.01406	0.01631	0.00787	0.02137	0.01237	0.03261	0.01012	0.01181	0.00787	0.00675	0.00450	0.00225	0.00562	0.00394	0.00450	0.00787
83	0.01590	0.01590	0.02226	0.01908	0.01908	0.02226	0.01590	0.01749	0.01113	0.01749	0.00954	0.01590	0.00954	0.01272	0.02385	0.00318	0.73123	0.00636	0.00318	0.00795
84	0.01943	0.74891	0.03809	0.01244	0.01866	0.02876	0.01244	0.02177	0.01477	0.01710	0.01011	0.01166	0.00933	0.00622	0.00466	0.00155	0.00777	0.00389	0.00311	0.00933
85	0.01057	0.00705	0.00793	0.00793	0.00793	0.00705	0.00440	0.01057	0.01057	0.01409	0.02290	0.04757	0.02643	0.74454	0.03700	0.00705	0.00705	0.01057	0.00440	0.00440
86	0.01373	0.01292	0.02180	0.72707	0.05006	0.01615	0.02019	0.01857	0.01453	0.01857	0.01292	0.01938	0.00969	0.00727	0.00727	0.00242	0.00969	0.00646	0.00323	0.00807
87	0.01576	0.01290	0.01514	0.01085	0.01728	0.00973	0.00869	0.01898	0.01530	0.05052	0.01354	0.01545	0.01105	0.00553	0.00546	0.00112	0.00541	0.00443	0.00449	0.75835
88	0.02728	0.02018	0.02162	0.01665	0.02241	0.02238	0.01373	0.65138	0.05833	0.04524	0.01790	0.01781	0.01273	0.00877	0.00728	0.00219	0.00792	0.00661	0.00728	0.01233
89	0.01038	0.00779	0.01168	0.01168	0.01298	0.00909	0.00909	0.01298	0.01168	0.01687	0.01947	0.02856	0.01817	0.05452	0.71573	0.01168	0.01947	0.00779	0.00389	0.00649
90	0.01423	0.01319	0.02180	0.70135	0.04907	0.01638	0.01996	0.04233	0.01525	0.01956	0.01308	0.01931	0.00979	0.00732	0.00727	0.00241	0.00963	0.00646	0.00338	0.00823
91	0.01786	0.01763	0.03154	0.04249	0.59860	0.01744	0.12127	0.02246	0.01664	0.02368	0.01383	0.01824	0.01144	0.00642	0.00741	0.00220	0.00919	0.00680	0.00361	0.01125
92	0.00886	0.00633	0.00843	0.01012	0.01054	0.00590	0.00675	0.01012	0.01392	0.01856	0.04006	0.73979	0.04808	0.02277	0.00928	0.00295	0.00422	0.02066	0.00675	0.00590
93	0.02786	0.02000	0.02159	0.01655	0.02236	0.02201	0.01367	0.64611	0.03357	0.07551	0.01796	0.01778	0.01262	0.00874	0.00727	0.00218	0.00792	0.00658	0.00735	0.01236
94	0.02493	0.01886	0.02020	0.01608	0.02135	0.02102	0.01308	0.51416	0.17570	0.04155	0.02085	0.04346	0.01569	0.00944	0.00737	0.00227	0.00738	0.00738	0.00728	0.01196
95	0.00898	0.00641	0.00857	0.01026	0.01073	0.00601	0.00695	0.01033	0.01403	0.01869	0.04000	0.71241	0.04782	0.02266	0.00931	0.00297	0.00432	0.04688	0.00675	0.00594
96	0.01373	0.01292	0.02180	0.72707	0.05006	0.01615	0.02019	0.01857	0.01453	0.01857	0.01292	0.01938	0.00969	0.00727	0.00727	0.00242	0.00969	0.00646	0.00323	0.00807
97	0.02541	0.13700	0.02439	0.01914	0.07580	0.31646	0.01438	0.25008	0.02407	0.02782	0.01340	0.01477	0.01056	0.00764	0.00657	0.00195	0.01018	0.00535	0.00485	0.01017
98	0.01662	0.01436	0.02002	0.18687	0.02608	0.01759	0.03984	0.14096	0.01721	0.02415	0.01758	0.04950	0.04296	0.01256	0.04383	0.00300	0.24683	0.00756	0.06392	0.00857
99	0.00905	0.00641	0.00838	0.00987	0.01024	0.00604	0.00648	0.01017	0.01353	0.01804	0.03808	0.65968	0.04557	0.10631	0.01249	0.00343	0.00454	0.01950	0.00648	0.00573
100	0.01810	0.01365	0.01681	0.01228	0.01856	0.01119	0.03480	0.06073	0.03894	0.10649	0.01569	0.01694	0.01211	0.00619	0.00592	0.00138	0.00591	0.00509	0.00512	0.59410
101	0.13880	0.48704	0.03025	0.01333	0.01876	0.17148	0.01208	0.02323	0.01563	0.01960	0.01035	0.01199	0.00911	0.00657	0.00504	0.00173	0.00857	0.00406	0.00345	0.00892
102	0.00997	0.00742	0.00927	0.00881	0.01066	0.00672	0.00661	0.01309	0.01982	0.02734	0.57736	0.05727	0.18772	0.01553	0.00858	0.00232	0.00348	0.01356	0.00776	0.00672
103	0.01571	0.01290	0.01514	0.01085	0.01727	0.00973	0.00869	0.01892	0.01528	0.04832	0.01349	0.01542	0.01103	0.00551	0.00545	0.00112	0.00541	0.00442	0.00448	0.76086
104	0.00958	0.00762	0.00864	0.00853	0.01066	0.00681	0.00643	0.01255	0.03794	0.02324	0.28204	0.09395	0.40969	0.01719	0.00863	0.00245	0.00379	0.03653	0.00720	0.00655
105	0.00886	0.00633	0.00843	0.01012	0.01054	0.00590	0.00675	0.01012	0.01392	0.01856	0.04006	0.73979	0.04808	0.02277	0.00928	0.00295	0.00422	0.02066	0.00675	0.00590
106	0.03261	0.01237	0.01687	0.01293	0.01856	0.01068	0.01068	0.03543	0.02081	0.70423	0.02868	0.02474	0.01799	0.00900	0.00731	0.00225	0.00619	0.00731	0.00900	0.01237
107	0.00886	0.00633	0.00843	0.01012	0.01054	0.00590	0.00675	0.01012	0.01392	0.01856	0.04006	0.73979	0.04808	0.02277	0.00928	0.00295	0.00422	0.02066	0.00675	0.00590
108	0.01808	0.01561	0.01644	0.01479	0.01890	0.01808	0.01151	0.03863	0.68606	0.03041	0.02959	0.02712	0.02219	0.00986	0.00740	0.00247	0.00575	0.00822	0.00740	0.01151
109	0.03261	0.01237	0.01687	0.01293	0.01856	0.01068	0.01068	0.03543	0.02081	0.70423	0.02868	0.02474	0.01799	0.00900	0.00731	0.00225	0.00619	0.00731	0.00900	0.01237
110	0.01808	0.01561	0.01644	0.01479	0.01890	0.01808	0.01151	0.03863	0.68606	0.03041	0.02959	0.02712	0.02219	0.00986	0.00740	0.00247	0.00575	0.00822	0.00740	0.01151
111	0.03261	0.01237	0.01687	0.01293	0.01856	0.01068	0.01068	0.03543	0.02081	0.70423	0.02868	0.02474	0.01799	0.00900	0.00731	0.00225	0.00619	0.00731	0.00900	0.01237
112	0.01897	0.00936	0.01243	0.01056	0.01383	0.00833	0.00831	0.02209	0.02051	0.29323	0.41031	0.04332	0.07289	0.01270	0.00808	0.00228	0.00452	0.01094	0.00834	0.00899
113	0.01507	0.01292	0.01507	0.01077	0.01723	0.00969	0.00861	0.01830	0.01507	0.02369	0.01292	0.01507	0.01077	0.00538	0.00538	0.00108	0.00538	0.00431	0.00431	0.78898
114	0.01799	0.01727	0.02950	0.04462	0.69919	0.01727	0.02231	0.02231	0.01655	0.02375	0.01367	0.01799	0.01151	0.00648	0.00720	0.00216	0.00864	0.00648	0.00360	0.01151

[dist]
# distance from previous block
# <min> <max>
0	3

[block]
# block no. 4 follows, 28 sequences, length 114
# corresponding to MSA columns:
# 284-397
name=unknown_E
#
# <colnr> <probs for GDERKNQSTAVLIFYWHMCP>
#	G	D	E	R	K	N	Q	S	T	A	V	L	I	F	Y	W	H	M	C	P
0	0.01029	0.00743	0.00972	0.00914	0.01086	0.00686	0.00686	0.01372	0.02058	0.02915	0.69536	0.05430	0.06859	0.01486	0.00857	0.00229	0.00343	0.01315	0.00800	0.00686
1	0.01716	0.01961	0.04289	0.03064	0.03799	0.01838	0.67279	0.02328	0.01716	0.02328	0.01471	0.01961	0.01103	0.00613	0.00858	0.00245	0.01225	0.00858	0.00368	0.00980
2	0.01793	0.01959	0.07425	0.05932	0.48806	0.08584	0.04169	0.02230	0.01700	0.02308	0.04328	0.02139	0.01464	0.00749	0.00733	0.00221	0.00908	0.03104	0.00387	0.01061
3	0.01943	0.74891	0.03809	0.01244	0.01866	0.02876	0.01244	0.02177	0.01477	0.01710	0.01011	0.01166	0.00933	0.00622	0.00466	0.00155	0.00777	0.00389	0.00311	0.00933
4	0.01029	0.00743	0.00972	0.00914	0.01086	0.00686	0.00686	0.01372	0.02058	0.02915	0.69536	0.05430	0.06859	0.01486	0.00857	0.00229	0.00343	0.01315	0.00800	0.00686
5	0.00932	0.00754	0.00838	0.00860	0.01083	0.00660	0.00673	0.01161	0.01707	0.02112	0.14106	0.07015	0.51104	0.01827	0.00884	0.00259	0.00416	0.12288	0.00689	0.00632
6	0.01584	0.22073	0.43834	0.01933	0.05087	0.01960	0.05847	0.02210	0.01540	0.02136	0.01518	0.01723	0.04100	0.00720	0.00650	0.00212	0.00965	0.00566	0.00330	0.01013
7	0.02763	0.02036	0.02182	0.01672	0.02254	0.02254	0.01382	0.67496	0.03418	0.04581	0.01745	0.01745	0.01236	0.00873	0.00727	0.00218	0.00800	0.00654	0.00727	0.01236
8	0.00886	0.00633	0.00843	0.01012	0.01054	0.00590	0.00675	0.01012	0.01392	0.01856	0.04006	0.73979	0.04808	0.02277	0.00928	0.00295	0.00422	0.02066	0.00675	0.00590
9	0.06477	0.01851	0.01646	0.05980	0.01953	0.21705	0.04604	0.11272	0.01956	0.05765	0.01750	0.01983	0.01345	0.00794	0.00621	0.00196	0.00799	0.00607	0.27837	0.00859
10	0.00948	0.00677	0.00915	0.01083	0.01152	0.00644	0.00783	0.01119	0.01453	0.01925	0.03972	0.59702	0.04672	0.02219	0.00944	0.00304	0.00475	0.15732	0.00674	0.00608
11	0.01628	0.02063	0.12036	0.12180	0.03727	0.01821	0.45251	0.02215	0.01610	0.02215	0.01384	0.01875	0.01050	0.00691	0.00943	0.00249	0.06985	0.00772	0.00350	0.00954
12	0.02626	0.07878	0.02185	0.01822	0.02210	0.60377	0.01400	0.06682	0.02068	0.01941	0.01147	0.01338	0.00955	0.00768	0.00713	0.00192	0.03956	0.00481	0.00389	0.00870
13	0.01601	0.01289	0.01517	0.01088	0.01730	0.00974	0.00872	0.01922	0.01538	0.06013	0.01376	0.01559	0.01115	0.00558	0.00549	0.00114	0.00543	0.00447	0.00456	0.74739
14	0.00886	0.00633	0.00843	0.01012	0.01054	0.00590	0.00675	0.01012	0.01392	0.01856	0.04006	0.73979	0.04808	0.02277	0.00928	0.00295	0.00422	0.02066	0.00675	0.00590
15	0.01040	0.00795	0.01035	0.01072	0.04753	0.00729	0.00745	0.01359	0.01964	0.02715	0.54713	0.05517	0.17833	0.01505	0.00850	0.00231	0.00375	0.01318	0.00754	0.00698
16	0.00886	0.00633	0.00843	0.01012	0.01054	0.00590	0.00675	0.01012	0.01392	0.01856	0.04006	0.73979	0.04808	0.02277	0.00928	0.00295	0.00422	0.02066	0.00675	0.00590
17	0.01800	0.01718	0.02877	0.04293	0.66072	0.01732	0.02170	0.02323	0.05441	0.02412	0.01457	0.01851	0.01212	0.00667	0.00721	0.00218	0.00847	0.00658	0.00381	0.01151
18	0.02712	0.02011	0.02153	0.01662	0.02235	0.02230	0.01369	0.64088	0.06908	0.04499	0.01810	0.01797	0.01289	0.00879	0.00728	0.00220	0.00788	0.00663	0.00728	0.01232
19	0.02763	0.02036	0.02182	0.01672	0.02254	0.02254	0.01382	0.67496	0.03418	0.04581	0.01745	0.01745	0.01236	0.00873	0.00727	0.00218	0.00800	0.00654	0.00727	0.01236
20	0.01057	0.00705	0.00793	0.00793	0.00793	0.00705	0.00440	0.01057	0.01057	0.01409	0.02290	0.04757	0.02643	0.74454	0.03700	0.00705	0.00705	0.01057	0.00440	0.00440
21	0.02715	0.03464	0.02060	0.01873	0.02247	0.71536	0.01404	0.02903	0.02060	0.01779	0.01124	0.01311	0.00936	0.00749	0.00655	0.00187	0.01311	0.00468	0.00375	0.00843
22	0.01373	0.01292	0.02180	0.72707	0.05006	0.01615	0.02019	0.01857	0.01453	0.01857	0.01292	0.01938	0.00969	0.00727	0.00727	0.00242	0.00969	0.00646	0.00323	0.00807
23	0.01591	0.01341	0.01552	0.01116	0.01758	0.01054	0.00896	0.06188	0.01634	0.02515	0.01322	0.01523	0.01087	0.00561	0.00551	0.00115	0.00556	0.00446	0.00450	0.73744
24	0.02715	0.03464	0.02060	0.01873	0.02247	0.71536	0.01404	0.02903	0.02060	0.01779	0.01124	0.01311	0.00936	0.00749	0.00655	0.00187	0.01311	0.00468	0.00375	0.00843
25	0.00860	0.00732	0.00741	0.00748	0.00985	0.00613	0.00558	0.01042	0.01645	0.01959	0.07219	0.09890	0.66824	0.01860	0.00862	0.00248	0.00371	0.01557	0.00675	0.00613
26	0.01063	0.00794	0.01129	0.01117	0.01215	0.00915	0.00836	0.01264	0.01143	0.01631	0.01982	0.03208	0.01959	0.19828	0.54666	0.01039	0.04371	0.00832	0.00397	0.00611
27	0.01038	0.00779	0.01168	0.01168	0.01298	0.00909	0.00909	0.01298	0.01168	0.01687	0.01947	0.02856	0.01817	0.05452	0.71573	0.01168	0.01947	0.00779	0.00389	0.00649
28	0.01458	0.03760	0.70688	0.02072	0.03146	0.01688	0.02686	0.02302	0.01535	0.02302	0.01304	0.01535	0.00921	0.00691	0.00691	0.00230	0.01074	0.00537	0.00307	0.01074
29	0.01029	0.00743	0.00972	0.00914	0.01086	0.00686	0.00686	0.01372	0.02058	0.02915	0.69536	0.05430	0.06859	0.01486	0.00857	0.00229	0.00343	0.01315	0.00800	0.00686
30	0.01373	0.01292	0.02180	0.72707	0.05006	0.01615	0.02019	0.01857	0.01453	0.01857	0.01292	0.01938	0.00969	0.00727	0.00727	0.00242	0.00969	0.00646	0.00323	0.00807
31	0.01039	0.00776	0.01152	0.01152	0.01277	0.00900	0.00889	0.01288	0.01164	0.01676	0.01962	0.02936	0.01852	0.08381	0.68692	0.01149	0.01894	0.00791	0.00392	0.00640
32	0.01799	0.01727	0.02950	0.04462	0.69919	0.01727	0.02231	0.02231	0.01655	0.02375	0.01367	0.01799	0.01151	0.00648	0.00720	0.00216	0.00864	0.00648	0.00360	0.01151
33	0.01943	0.74891	0.03809	0.01244	0.01866	0.02876	0.01244	0.02177	0.01477	0.01710	0.01011	0.01166	0.00933	0.00622	0.00466	0.00155	0.00777	0.00389	0.00311	0.00933
