[name]
unknown

[dist]
# distance from previous block
# <min> <max>
0	9

[block]
# block no. 0 follows, 28 sequences, length 11
# corresponding to MSA columns:
# 12-22
name=unknown_A
#
# <colnr> <probs for GDERKNQSTAVLIFYWHMCP>
#	G	D	E	R	K	N	Q	S	T	A	V	L	I	F	Y	W	H	M	C	P
0	0.02308	0.01632	0.01795	0.01464	0.01907	0.01779	0.01171	0.39207	0.12473	0.08802	0.02223	0.02795	0.01818	0.11857	0.01187	0.00302	0.00731	0.04783	0.00696	0.01070
1	0.01625	0.00969	0.01092	0.00977	0.01187	0.01041	0.00748	0.10345	0.01699	0.06914	0.02183	0.02765	0.01810	0.11011	0.03951	0.00303	0.06134	0.00730	0.43755	0.00762
2	0.01010	0.00751	0.00941	0.01053	0.01141	0.00745	0.00719	0.01368	0.09425	0.02012	0.06192	0.59262	0.04458	0.05946	0.01051	0.00309	0.00452	0.01836	0.00675	0.00653
3	0.01819	0.01722	0.02842	0.03550	0.44428	0.01789	0.09759	0.08886	0.01789	0.02512	0.01684	0.02058	0.04652	0.00793	0.00917	0.00232	0.08366	0.00718	0.00411	0.01075
4	0.01560	0.00953	0.01019	0.00907	0.01160	0.00963	0.00689	0.12722	0.01785	0.02823	0.02211	0.05594	0.01860	0.06359	0.00873	0.02660	0.00472	0.00740	0.47890	0.06762
5	0.01414	0.04135	0.01614	0.01373	0.01535	0.01444	0.01098	0.09325	0.01426	0.02024	0.01680	0.02526	0.01582	0.09945	0.37671	0.00770	0.18539	0.00739	0.00414	0.00747
6	0.01663	0.01400	0.01635	0.01202	0.01798	0.01205	0.00971	0.09667	0.01710	0.02592	0.01324	0.01541	0.01088	0.00626	0.00682	0.00135	0.05327	0.00471	0.00459	0.64503
7	0.01189	0.00649	0.00908	0.00930	0.00955	0.00649	0.00622	0.01040	0.01072	0.01487	0.01845	0.12113	0.01940	0.09389	0.05643	0.51241	0.00648	0.00874	0.06398	0.00407
8	0.02073	0.01542	0.01700	0.01324	0.01842	0.01544	0.01060	0.29361	0.08468	0.05998	0.01987	0.02183	0.03388	0.05663	0.00860	0.00217	0.00651	0.00656	0.04193	0.25291
9	0.01168	0.00991	0.01415	0.01255	0.01503	0.00963	0.06372	0.01396	0.01390	0.01946	0.02901	0.25945	0.09053	0.06397	0.12213	0.00412	0.06720	0.01210	0.00513	0.16238
10	0.02043	0.01510	0.01834	0.01400	0.01976	0.01434	0.04459	0.17601	0.10897	0.11073	0.01839	0.01909	0.01379	0.00899	0.03207	0.00211	0.00700	0.00605	0.00592	0.34431

[dist]
# distance from previous block
# <min> <max>
11	23

[block]
# block no. 1 follows, 28 sequences, length 6
# corresponding to MSA columns:
# 49-54
name=unknown_B
#
# <colnr> <probs for GDERKNQSTAVLIFYWHMCP>
#	G	D	E	R	K	N	Q	S	T	A	V	L	I	F	Y	W	H	M	C	P
0	0.01763	0.01457	0.01601	0.01578	0.08401	0.05889	0.01078	0.20011	0.07662	0.02764	0.04961	0.12762	0.07425	0.12973	0.01232	0.00303	0.00687	0.00992	0.00595	0.05864
1	0.02104	0.01574	0.01705	0.01414	0.01807	0.01731	0.01101	0.38016	0.13821	0.03472	0.02275	0.09663	0.02015	0.14406	0.01290	0.00319	0.00707	0.00897	0.00672	0.01013
2	0.05747	0.00796	0.00959	0.07622	0.01400	0.00781	0.00745	0.01218	0.01518	0.02057	0.12432	0.25619	0.24937	0.09527	0.01146	0.00306	0.00485	0.01461	0.00618	0.00626
3	0.02203	0.01721	0.01981	0.01549	0.02045	0.01852	0.04101	0.40542	0.06941	0.03602	0.02260	0.02384	0.07736	0.03618	0.00934	0.00235	0.05131	0.00745	0.00639	0.09781
4	0.01052	0.00719	0.00866	0.00862	0.00896	0.00735	0.00534	0.01120	0.01155	0.01574	0.07630	0.04511	0.02851	0.57717	0.14178	0.00740	0.00872	0.01034	0.00461	0.00493
5	0.02705	0.01563	0.01832	0.01429	0.01971	0.01583	0.01168	0.28451	0.09205	0.30397	0.05435	0.02288	0.01809	0.00902	0.00724	0.00217	0.00667	0.00718	0.00782	0.06153

[dist]
# distance from previous block
# <min> <max>
2	25

[block]
# block no. 2 follows, 28 sequences, length 74
# corresponding to MSA columns:
# 80-153
name=unknown_C
#
# <colnr> <probs for GDERKNQSTAVLIFYWHMCP>
#	G	D	E	R	K	N	Q	S	T	A	V	L	I	F	Y	W	H	M	C	P
0	0.01690	0.01812	0.06789	0.07283	0.09295	0.09692	0.01561	0.02039	0.04411	0.04115	0.03795	0.02276	0.05272	0.04909	0.01580	0.00288	0.31212	0.00718	0.00407	0.00856
1	0.01818	0.01934	0.09875	0.02190	0.08141	0.01679	0.20241	0.13507	0.04002	0.02719	0.01461	0.01747	0.01130	0.00700	0.00809	0.00205	0.05173	0.00645	0.00448	0.21577
2	0.01298	0.00737	0.00990	0.01061	0.01193	0.00673	0.00743	0.01451	0.01511	0.13752	0.03809	0.61573	0.04286	0.02038	0.00894	0.00283	0.00456	0.01835	0.00714	0.00703
3	0.01995	0.01344	0.01575	0.01261	0.01752	0.01257	0.00997	0.16515	0.06661	0.14615	0.02274	0.14986	0.01995	0.01022	0.00698	0.00196	0.00591	0.00856	0.00643	0.28767
4	0.05222	0.01380	0.01826	0.01457	0.01893	0.01365	0.07886	0.08083	0.06283	0.02493	0.01884	0.14230	0.01792	0.01011	0.00904	0.00207	0.09925	0.00832	0.00502	0.30827
5	0.02168	0.37400	0.05986	0.01485	0.02023	0.18353	0.01331	0.13602	0.01945	0.02261	0.01385	0.06370	0.01255	0.00813	0.00597	0.00187	0.00893	0.00576	0.00423	0.00947
6	0.01384	0.00976	0.01083	0.00965	0.01111	0.00992	0.00633	0.12638	0.01498	0.02026	0.02126	0.04009	0.02290	0.56558	0.02965	0.00579	0.00710	0.00944	0.00490	0.06023
7	0.01998	0.01642	0.01754	0.01480	0.01957	0.01819	0.01172	0.18482	0.45976	0.03326	0.02491	0.02353	0.01863	0.00910	0.00714	0.00225	0.00624	0.00740	0.00703	0.09772
8	0.01724	0.11205	0.06667	0.01219	0.01884	0.01366	0.01084	0.06668	0.01666	0.05282	0.01354	0.01522	0.01089	0.00599	0.00561	0.00135	0.00629	0.00461	0.00447	0.54439
9	0.01982	0.03884	0.02481	0.02798	0.30365	0.01660	0.07412	0.08676	0.12630	0.10504	0.08333	0.02359	0.01938	0.00828	0.00742	0.00224	0.00763	0.00760	0.00558	0.01103
10	0.01739	0.02202	0.11732	0.03083	0.12365	0.04722	0.48456	0.02337	0.01701	0.02308	0.01423	0.01863	0.01081	0.00632	0.00812	0.00237	0.01164	0.00777	0.00360	0.01008
11	0.00903	0.00640	0.00838	0.00990	0.01027	0.00602	0.00651	0.01017	0.01357	0.01810	0.03830	0.66855	0.04585	0.09706	0.01213	0.00337	0.00451	0.01963	0.00651	0.00575
12	0.00905	0.00672	0.00892	0.04161	0.01222	0.00638	0.00722	0.01053	0.01421	0.01866	0.04216	0.64199	0.11013	0.02166	0.00912	0.00288	0.00441	0.01951	0.00659	0.00602
13	0.01879	0.57988	0.11549	0.01380	0.02016	0.02611	0.01420	0.05199	0.01552	0.01915	0.01114	0.01314	0.00980	0.00845	0.03266	0.00211	0.03038	0.00441	0.00333	0.00949
14	0.01917	0.01407	0.01589	0.05445	0.01937	0.01530	0.01112	0.15944	0.28914	0.10306	0.03308	0.09702	0.11365	0.01177	0.00769	0.00243	0.00605	0.00982	0.00716	0.01032
15	0.00893	0.00642	0.00847	0.00998	0.01054	0.00597	0.00672	0.01034	0.01438	0.01920	0.07876	0.67950	0.06949	0.02218	0.00922	0.00290	0.00416	0.02007	0.00682	0.00597
16	0.01372	0.01265	0.02115	0.69583	0.04826	0.01574	0.01953	0.01850	0.01457	0.01894	0.01339	0.01971	0.01008	0.00732	0.00717	0.00239	0.00942	0.00647	0.03713	0.00802
17	0.01754	0.01558	0.02443	0.45113	0.08071	0.01792	0.08601	0.17087	0.01946	0.02565	0.01419	0.01888	0.01055	0.00744	0.00740	0.00235	0.00950	0.00670	0.00423	0.00945
18	0.01599	0.02430	0.24007	0.02643	0.03447	0.01727	0.44087	0.02266	0.01681	0.02354	0.05331	0.02032	0.01379	0.00686	0.00808	0.00240	0.01129	0.00788	0.00374	0.00992
19	0.04706	0.02284	0.05943	0.03901	0.10050	0.23943	0.01430	0.09674	0.03852	0.04630	0.01375	0.01577	0.01088	0.00727	0.00711	0.00188	0.03658	0.00533	0.00448	0.19282
20	0.01943	0.74891	0.03809	0.01244	0.01866	0.02876	0.01244	0.02177	0.01477	0.01710	0.01011	0.01166	0.00933	0.00622	0.00466	0.00155	0.00777	0.00389	0.00311	0.00933
21	0.01645	0.13341	0.53509	0.01970	0.02923	0.04367	0.05405	0.02351	0.01573	0.04580	0.01320	0.01529	0.00962	0.00687	0.00668	0.00219	0.01033	0.00536	0.00333	0.01048
22	0.02214	0.05089	0.04423	0.01594	0.02082	0.02058	0.01334	0.33488	0.25975	0.03588	0.04032	0.02148	0.01700	0.00941	0.00838	0.00233	0.05735	0.00715	0.00672	0.01140
23	0.02782	0.01760	0.01987	0.01552	0.02104	0.01872	0.01280	0.44970	0.06755	0.21465	0.02179	0.02215	0.01541	0.00926	0.00739	0.00226	0.00735	0.02930	0.00771	0.01212
24	0.03000	0.01181	0.01595	0.01242	0.01763	0.01022	0.01019	0.03281	0.02060	0.62705	0.07694	0.02880	0.05155	0.00982	0.00745	0.00226	0.00588	0.00807	0.00883	0.01171
25	0.00920	0.00650	0.00845	0.00974	0.01020	0.00613	0.00642	0.01043	0.01391	0.01866	0.08312	0.59452	0.04644	0.12410	0.01314	0.00348	0.00456	0.01872	0.00650	0.00576
26	0.01572	0.04768	0.02305	0.49057	0.04060	0.06585	0.04878	0.04089	0.01520	0.01925	0.01255	0.01828	0.00989	0.00843	0.00965	0.02984	0.08586	0.00631	0.00341	0.00819
27	0.01058	0.00689	0.00903	0.01006	0.01107	0.00631	0.00694	0.01213	0.01500	0.06689	0.08342	0.60037	0.09185	0.02101	0.00905	0.00283	0.00427	0.01889	0.00698	0.00643
28	0.01027	0.00692	0.00802	0.00832	0.00839	0.00685	0.00482	0.01049	0.01116	0.01488	0.02593	0.16982	0.03025	0.61707	0.03210	0.00632	0.00655	0.01235	0.00482	0.00467
29	0.02014	0.20853	0.13442	0.06243	0.11315	0.19809	0.07862	0.04487	0.03620	0.02099	0.01268	0.01522	0.01024	0.00692	0.00649	0.00201	0.01018	0.00545	0.00364	0.00973
30	0.01236	0.00670	0.00962	0.00978	0.01001	0.00675	0.00659	0.01078	0.03836	0.01415	0.01695	0.11681	0.01769	0.02428	0.02501	0.65219	0.00601	0.00828	0.00381	0.00387
31	0.06571	0.01244	0.01660	0.01279	0.01836	0.01093	0.01056	0.03482	0.02044	0.67510	0.02787	0.02418	0.01755	0.00890	0.00719	0.00225	0.00616	0.00716	0.00880	0.01218
32	0.02490	0.01855	0.02070	0.01756	0.06002	0.02031	0.01348	0.56024	0.03081	0.04138	0.01986	0.10138	0.01646	0.01023	0.00750	0.00227	0.00760	0.00818	0.00700	0.01156
33	0.01852	0.01791	0.05997	0.04062	0.60429	0.01698	0.02147	0.02372	0.04792	0.05597	0.01509	0.01861	0.01221	0.00677	0.00720	0.00218	0.00848	0.00655	0.00400	0.01152
34	0.01721	0.01946	0.04205	0.03152	0.07956	0.01831	0.63190	0.02322	0.01712	0.02331	0.01464	0.01951	0.01106	0.00615	0.00849	0.00243	0.01203	0.00845	0.00367	0.00991
35	0.01566	0.01327	0.01539	0.01105	0.01748	0.01029	0.00886	0.04900	0.01597	0.02472	0.01313	0.01518	0.01084	0.00554	0.00547	0.00113	0.00551	0.00441	0.00445	0.75267
36	0.02553	0.03045	0.02097	0.01858	0.02197	0.54409	0.01430	0.09084	0.02053	0.02050	0.01160	0.01395	0.00968	0.00839	0.00920	0.00210	0.11945	0.00511	0.00401	0.00874
37	0.01055	0.00712	0.00828	0.00828	0.00840	0.00724	0.00484	0.01080	0.01067	0.01435	0.02258	0.04579	0.02565	0.67996	0.10052	0.00748	0.00821	0.01031	0.00436	0.00460
38	0.02083	0.01559	0.01870	0.04027	0.09866	0.01692	0.01295	0.20020	0.26445	0.09805	0.11096	0.02659	0.02363	0.00966	0.00748	0.00231	0.00654	0.00808	0.00703	0.01110
39	0.01681	0.01296	0.01529	0.01110	0.01741	0.01006	0.00890	0.02057	0.03742	0.08760	0.01494	0.01637	0.01181	0.00587	0.00563	0.00123	0.00547	0.00471	0.00485	0.69101
40	0.02123	0.12578	0.08780	0.01642	0.02143	0.11538	0.01441	0.18216	0.21884	0.02854	0.01800	0.01856	0.01387	0.00874	0.00836	0.00224	0.07595	0.00628	0.00545	0.01058
41	0.01543	0.01183	0.01378	0.01196	0.01556	0.01120	0.00908	0.17853	0.01932	0.02691	0.02620	0.34005	0.02786	0.01400	0.00760	0.00219	0.00551	0.01219	0.00614	0.24465
42	0.02733	0.01698	0.01936	0.01492	0.02050	0.01764	0.01227	0.41137	0.04409	0.23032	0.05070	0.02125	0.01659	0.00891	0.00723	0.00215	0.00708	0.00697	0.00763	0.05672
43	0.00903	0.00717	0.00811	0.00832	0.01020	0.00625	0.00607	0.01111	0.01694	0.02158	0.20785	0.20139	0.42331	0.01848	0.00873	0.00252	0.00373	0.01592	0.00703	0.00625
44	0.01041	0.00769	0.01119	0.01119	0.01232	0.00882	0.00847	0.01266	0.01154	0.01651	0.01992	0.03106	0.01926	0.14533	0.62641	0.01107	0.01784	0.00815	0.00396	0.00622
45	0.01500	0.06468	0.59110	0.02057	0.03000	0.01794	0.04830	0.02246	0.01499	0.02226	0.01265	0.01540	0.00931	0.00739	0.00846	0.00236	0.07811	0.00552	0.00310	0.01039
46	0.01458	0.03760	0.70688	0.02072	0.03146	0.01688	0.02686	0.02302	0.01535	0.02302	0.01304	0.01535	0.00921	0.00691	0.00691	0.00230	0.01074	0.00537	0.00307	0.01074
47	0.00910	0.00723	0.00822	0.00861	0.01048	0.00634	0.00640	0.01115	0.01659	0.02089	0.15137	0.20903	0.42690	0.01894	0.00883	0.00260	0.00397	0.06021	0.00692	0.00623
48	0.00886	0.00633	0.00843	0.01012	0.01054	0.00590	0.00675	0.01012	0.01392	0.01856	0.04006	0.73979	0.04808	0.02277	0.00928	0.00295	0.00422	0.02066	0.00675	0.00590
49	0.08729	0.01317	0.02005	0.37060	0.08106	0.01534	0.05369	0.02033	0.08782	0.02177	0.01835	0.12085	0.01649	0.00974	0.00792	0.00249	0.03169	0.00854	0.00435	0.00846
50	0.01708	0.01664	0.02925	0.17685	0.51028	0.01716	0.08278	0.02167	0.01621	0.02269	0.01362	0.01841	0.01111	0.00660	0.00734	0.00224	0.00918	0.00667	0.00353	0.01068
51	0.00886	0.00633	0.00843	0.01012	0.01054	0.00590	0.00675	0.01012	0.01392	0.01856	0.04006	0.73979	0.04808	0.02277	0.00928	0.00295	0.00422	0.02066	0.00675	0.00590
52	0.76862	0.01400	0.01090	0.00968	0.01422	0.01611	0.00797	0.02187	0.01267	0.05661	0.01078	0.01227	0.00823	0.00683	0.00460	0.00225	0.00564	0.00406	0.00466	0.00803
53	0.04900	0.02115	0.02510	0.21714	0.25907	0.21798	0.06396	0.02328	0.01706	0.02096	0.01271	0.01683	0.01024	0.00697	0.00702	0.00217	0.01034	0.00600	0.00358	0.00945
54	0.01532	0.04404	0.03808	0.01149	0.01460	0.01145	0.00944	0.13045	0.02210	0.07255	0.44731	0.06263	0.04907	0.01296	0.00840	0.00227	0.02101	0.01103	0.00740	0.00840
55	0.77007	0.01402	0.01105	0.03324	0.01525	0.01630	0.00828	0.02128	0.01244	0.03215	0.01021	0.01206	0.00793	0.00676	0.00459	0.00225	0.00576	0.00402	0.00446	0.00788
56	0.02677	0.01956	0.02158	0.01764	0.05359	0.02146	0.01382	0.60493	0.03221	0.06219	0.01777	0.01866	0.01294	0.03255	0.00824	0.00234	0.00795	0.00669	0.00706	0.01206
57	0.01035	0.00711	0.00804	0.00799	0.00839	0.00694	0.00475	0.01085	0.01211	0.01606	0.09095	0.05045	0.09777	0.60318	0.03148	0.00614	0.00637	0.01129	0.00498	0.00481
58	0.05337	0.53220	0.16682	0.01433	0.02120	0.06893	0.01516	0.02245	0.01514	0.01899	0.01075	0.01248	0.00924	0.00646	0.00521	0.00175	0.00859	0.00423	0.00320	0.00948
59	0.02395	0.08871	0.04652	0.01563	0.02098	0.02083	0.01329	0.50140	0.02891	0.03860	0.01898	0.09149	0.01580	0.01119	0.02773	0.00248	0.00802	0.00774	0.00657	0.01118
60	0.01096	0.00806	0.01071	0.01207	0.01381	0.00781	0.01026	0.01391	0.01654	0.02117	0.04519	0.11752	0.16530	0.01992	0.00972	0.00316	0.00598	0.49466	0.00671	0.00654
61	0.01558	0.01421	0.02284	0.37735	0.25140	0.01598	0.01896	0.05735	0.03841	0.02218	0.01651	0.08651	0.01443	0.00864	0.00744	0.00238	0.00861	0.00786	0.00405	0.00933
62	0.15257	0.08416	0.04559	0.17463	0.12268	0.03534	0.05345	0.13400	0.01797	0.02664	0.01375	0.03807	0.01127	0.00795	0.00765	0.00228	0.05190	0.00627	0.00433	0.00950
63	0.00989	0.00760	0.00899	0.00881	0.01068	0.00696	0.00649	0.01311	0.04353	0.02446	0.37487	0.12246	0.27486	0.04304	0.00963	0.00258	0.00381	0.01431	0.00731	0.00661
64	0.00886	0.00633	0.00843	0.01012	0.01054	0.00590	0.00675	0.01012	0.01392	0.01856	0.04006	0.73979	0.04808	0.02277	0.00928	0.00295	0.00422	0.02066	0.00675	0.00590
65	0.04385	0.32281	0.16115	0.01944	0.04974	0.05512	0.14595	0.04977	0.01625	0.02143	0.01203	0.01466	0.00981	0.00683	0.00704	0.00203	0.04340	0.00545	0.00348	0.00974
66	0.01750	0.40764	0.25961	0.01783	0.02571	0.02333	0.11355	0.02240	0.01531	0.01996	0.01175	0.01404	0.00954	0.00643	0.00598	0.00193	0.00941	0.00506	0.00318	0.00986
67	0.01155	0.00830	0.01149	0.01303	0.01473	0.00824	0.01133	0.01484	0.01684	0.02190	0.05962	0.08070	0.06751	0.01986	0.00994	0.00328	0.00648	0.60694	0.00674	0.00668
68	0.01778	0.01703	0.02873	0.04055	0.59063	0.01729	0.05167	0.04058	0.01684	0.02392	0.01592	0.01993	0.03745	0.00727	0.00809	0.00223	0.04230	0.00691	0.00381	0.01109
69	0.04147	0.01538	0.01967	0.12533	0.10134	0.06389	0.03711	0.12161	0.04589	0.02464	0.04072	0.17006	0.02067	0.01184	0.01031	0.00254	0.12405	0.00959	0.00505	0.00885
70	0.02351	0.01662	0.01919	0.01549	0.02007	0.01800	0.02998	0.42596	0.05688	0.09939	0.02298	0.15445	0.01992	0.01149	0.00817	0.00238	0.02808	0.00940	0.00712	0.01091
71	0.34314	0.03979	0.05937	0.07160	0.06314	0.01699	0.09054	0.09606	0.01712	0.11752	0.01448	0.01619	0.01054	0.00720	0.00617	0.00225	0.00760	0.00564	0.00502	0.00963
72	0.04075	0.00717	0.00742	0.00729	0.00912	0.00710	0.00549	0.01629	0.01607	0.02731	0.13478	0.03284	0.05577	0.00988	0.00578	0.00184	0.00349	0.00808	0.59674	0.00680
73	0.01524	0.02944	0.45428	0.02253	0.10106	0.01613	0.07690	0.02305	0.05409	0.02348	0.01497	0.03762	0.01162	0.00728	0.00703	0.00221	0.00966	0.00626	0.00365	0.08349

[dist]
# distance from previous block
# <min> <max>
0	1

[block]
# block no. 3 follows, 28 sequences, length 168
# corresponding to MSA columns:
# 155-255,257-323
name=unknown_D
#
# <colnr> <probs for GDERKNQSTAVLIFYWHMCP>
#	G	D	E	R	K	N	Q	S	T	A	V	L	I	F	Y	W	H	M	C	P
0	0.16931	0.13692	0.01991	0.14880	0.02328	0.07587	0.01231	0.11519	0.01885	0.05983	0.13198	0.02217	0.02029	0.00863	0.00647	0.00213	0.00737	0.00661	0.00519	0.00889
1	0.01673	0.02372	0.28645	0.16591	0.05361	0.01709	0.01970	0.05336	0.21252	0.05033	0.01864	0.02015	0.01364	0.00798	0.00716	0.00236	0.00871	0.00659	0.00478	0.01056
2	0.58019	0.05097	0.01459	0.01136	0.01625	0.01835	0.00947	0.17302	0.01755	0.03493	0.01182	0.01311	0.00898	0.00718	0.00515	0.00220	0.00628	0.00454	0.00507	0.00898
3	0.01780	0.01521	0.01702	0.01462	0.01901	0.01676	0.03493	0.08324	0.49908	0.03023	0.05418	0.02808	0.05258	0.00984	0.00736	0.00232	0.00595	0.00829	0.00699	0.07650
4	0.01045	0.00700	0.00796	0.00808	0.00811	0.00697	0.00457	0.01054	0.01081	0.01441	0.02411	0.09640	0.02795	0.69363	0.03504	0.00676	0.00685	0.01128	0.00457	0.00451
5	0.00935	0.00655	0.00836	0.00952	0.00989	0.00623	0.00615	0.01038	0.01333	0.01784	0.06208	0.53547	0.04338	0.20670	0.01633	0.00397	0.00491	0.01779	0.00620	0.00556
6	0.00859	0.00736	0.00736	0.00736	0.00982	0.00614	0.00552	0.01043	0.01657	0.01964	0.07364	0.06996	0.69624	0.01841	0.00859	0.00245	0.00368	0.01534	0.00675	0.00614
7	0.00983	0.00673	0.00815	0.00888	0.00906	0.00655	0.00542	0.01038	0.01202	0.01603	0.03033	0.34723	0.03580	0.43209	0.02500	0.00527	0.00582	0.01494	0.00542	0.00505
8	0.00896	0.00725	0.00795	0.00804	0.01011	0.00625	0.00593	0.01104	0.01705	0.02139	0.19240	0.14586	0.49591	0.01822	0.00867	0.00248	0.00370	0.01554	0.00700	0.00625
9	0.01553	0.10058	0.59752	0.02031	0.03028	0.04103	0.05116	0.02312	0.01554	0.02233	0.01279	0.01511	0.00930	0.00683	0.00676	0.00223	0.01062	0.00534	0.00312	0.01050
10	0.02545	0.01918	0.02009	0.01581	0.02098	0.03946	0.01283	0.54770	0.08519	0.04145	0.01878	0.02008	0.01406	0.04885	0.00881	0.00245	0.00775	0.00686	0.03266	0.01157
11	0.01039	0.00775	0.01150	0.01150	0.01274	0.00899	0.00886	0.01286	0.01163	0.01674	0.01964	0.02947	0.01857	0.08781	0.68299	0.01146	0.01887	0.00792	0.00392	0.00639
12	0.06628	0.01219	0.01622	0.01258	0.01795	0.01074	0.01036	0.03367	0.02041	0.63886	0.06214	0.02567	0.02014	0.00920	0.00725	0.00225	0.00602	0.00746	0.00874	0.01188
13	0.02029	0.04679	0.09859	0.03194	0.33831	0.10468	0.11784	0.05791	0.01819	0.07442	0.01465	0.01761	0.01139	0.00689	0.00722	0.00217	0.00971	0.00643	0.00415	0.01083
14	0.01140	0.00771	0.00866	0.00845	0.00876	0.00781	0.00496	0.04475	0.01189	0.01586	0.02313	0.06667	0.02635	0.68514	0.03464	0.00667	0.00701	0.01066	0.00462	0.00486
15	0.11076	0.25159	0.38592	0.01675	0.02503	0.05413	0.01955	0.02273	0.01507	0.02212	0.01171	0.01369	0.00909	0.00671	0.00592	0.00205	0.00933	0.00471	0.00329	0.00985
16	0.00963	0.00690	0.00903	0.01047	0.01113	0.00659	0.00717	0.03436	0.01475	0.01965	0.03919	0.69120	0.04657	0.02217	0.00923	0.00294	0.00444	0.04163	0.00676	0.00616
17	0.01161	0.00956	0.01452	0.01336	0.01464	0.01131	0.04675	0.01392	0.01176	0.01697	0.01817	0.02863	0.01755	0.13482	0.48520	0.00930	0.12348	0.00798	0.00384	0.00662
18	0.02081	0.53440	0.09638	0.01418	0.02047	0.11194	0.01396	0.05024	0.01659	0.04678	0.01157	0.01295	0.00980	0.00666	0.00532	0.00172	0.00866	0.00437	0.00359	0.00960
19	0.01467	0.03694	0.68239	0.02108	0.03170	0.01694	0.05068	0.02303	0.01541	0.02303	0.01311	0.01550	0.00928	0.00688	0.00697	0.00231	0.01080	0.00549	0.00309	0.01071
20	0.01638	0.00892	0.01051	0.00923	0.01259	0.00764	0.00723	0.01870	0.01818	0.23452	0.10942	0.05329	0.41282	0.01489	0.00809	0.00235	0.00443	0.01240	0.03023	0.00816
21	0.01086	0.00938	0.00978	0.01027	0.01189	0.06433	0.00739	0.01274	0.01602	0.02036	0.12207	0.38854	0.18957	0.01874	0.00869	0.00261	0.00489	0.04529	0.00654	0.04002
22	0.33590	0.03973	0.03911	0.01439	0.07502	0.01529	0.01095	0.07768	0.01627	0.12912	0.01562	0.01728	0.01178	0.00997	0.04279	0.00264	0.03089	0.00546	0.07264	0.03749
23	0.01112	0.00787	0.00998	0.00932	0.01130	0.00732	0.00703	0.01502	0.04434	0.04934	0.59844	0.05371	0.11797	0.01480	0.00849	0.00231	0.00362	0.01297	0.00791	0.00714
24	0.01072	0.00757	0.00962	0.00954	0.01120	0.00705	0.00698	0.01402	0.04122	0.04656	0.42747	0.22889	0.11795	0.01685	0.00868	0.00248	0.00382	0.01492	0.00758	0.00688
25	0.01657	0.26041	0.24257	0.01893	0.05472	0.02144	0.06740	0.02093	0.01430	0.01965	0.01204	0.01625	0.01038	0.04332	0.01106	0.00246	0.14929	0.00562	0.00324	0.00940
26	0.01063	0.00746	0.01013	0.03999	0.01323	0.00725	0.00850	0.01233	0.01536	0.02026	0.13715	0.23060	0.11947	0.02005	0.01220	0.12515	0.00528	0.19278	0.00622	0.00596
27	0.01171	0.00837	0.01171	0.01339	0.01506	0.00837	0.01171	0.01506	0.01673	0.02175	0.03849	0.08199	0.04183	0.02008	0.01004	0.00335	0.00669	0.65027	0.00669	0.00669
28	0.01353	0.02804	0.48233	0.01797	0.04795	0.01382	0.02066	0.01923	0.01476	0.02110	0.02211	0.02457	0.11299	0.01115	0.01014	0.11091	0.00900	0.00704	0.00365	0.00903
29	0.04534	0.21446	0.08312	0.07806	0.13532	0.08711	0.03909	0.06747	0.01799	0.07446	0.07687	0.01941	0.01608	0.00772	0.00654	0.00204	0.00842	0.00619	0.00451	0.00979
30	0.01571	0.20268	0.55166	0.01880	0.02849	0.01964	0.02351	0.02273	0.01521	0.02165	0.01236	0.01449	0.00924	0.00675	0.00639	0.00213	0.01005	0.00503	0.00308	0.01041
31	0.01055	0.00711	0.00826	0.00826	0.00838	0.00723	0.00482	0.01078	0.01067	0.01434	0.02260	0.04588	0.02570	0.68337	0.09717	0.00746	0.00815	0.01032	0.00436	0.00459
32	0.65922	0.01381	0.01227	0.08162	0.01800	0.01586	0.00932	0.02216	0.01323	0.08259	0.01182	0.01356	0.00883	0.00697	0.00499	0.00227	0.00607	0.00445	0.00472	0.00824
33	0.00981	0.00711	0.00900	0.00986	0.01096	0.00675	0.00695	0.01256	0.04462	0.02189	0.18476	0.46536	0.09629	0.01953	0.00884	0.00271	0.00410	0.03406	0.03839	0.00643
34	0.01803	0.01946	0.12010	0.12647	0.46371	0.01709	0.02178	0.05601	0.01720	0.05014	0.01426	0.01804	0.01126	0.00685	0.00717	0.00222	0.00893	0.00636	0.00387	0.01104
35	0.01555	0.01236	0.01445	0.01079	0.01651	0.00974	0.00854	0.04075	0.01584	0.04672	0.01613	0.06905	0.01419	0.00705	0.00578	0.00132	0.00531	0.00580	0.04491	0.63919
36	0.22945	0.43917	0.02819	0.04137	0.01885	0.04780	0.01184	0.02145	0.01403	0.02142	0.01022	0.01239	0.00897	0.00695	0.00627	0.00191	0.06325	0.00422	0.00352	0.00875
37	0.01859	0.01550	0.01645	0.01473	0.01889	0.01782	0.01148	0.03851	0.66289	0.05388	0.02955	0.02704	0.02204	0.00983	0.00739	0.00246	0.00577	0.00819	0.00745	0.01154
38	0.01402	0.01300	0.01824	0.10628	0.02010	0.01715	0.01340	0.01566	0.01164	0.01700	0.01492	0.07402	0.01581	0.16561	0.02346	0.00388	0.43678	0.00826	0.00369	0.00708
39	0.01433	0.01061	0.01158	0.01061	0.01234	0.01136	0.00727	0.10802	0.15158	0.02214	0.02580	0.06644	0.04608	0.44239	0.02489	0.00514	0.00670	0.01008	0.00557	0.00706
40	0.01055	0.00757	0.01058	0.01058	0.01157	0.00850	0.00779	0.01253	0.01154	0.01657	0.02047	0.03318	0.02022	0.22274	0.52238	0.01017	0.01582	0.00844	0.03283	0.00599
41	0.02715	0.03464	0.02060	0.01873	0.02247	0.71536	0.01404	0.02903	0.02060	0.01779	0.01124	0.01311	0.00936	0.00749	0.00655	0.00187	0.01311	0.00468	0.00375	0.00843
42	0.01095	0.00818	0.01080	0.11682	0.01537	0.00875	0.00780	0.01235	0.01292	0.01742	0.10895	0.13872	0.03170	0.41618	0.02463	0.00505	0.03130	0.01153	0.00497	0.00560
43	0.01117	0.00713	0.00951	0.01059	0.01170	0.00662	0.00760	0.01290	0.01514	0.07540	0.06434	0.55679	0.06913	0.02089	0.00915	0.00290	0.00461	0.09091	0.00697	0.00657
44	0.00886	0.00633	0.00843	0.01012	0.01054	0.00590	0.00675	0.01012	0.01392	0.01856	0.04006	0.73979	0.04808	0.02277	0.00928	0.00295	0.00422	0.02066	0.00675	0.00590
45	0.02715	0.03464	0.02060	0.01873	0.02247	0.71536	0.01404	0.02903	0.02060	0.01779	0.01124	0.01311	0.00936	0.00749	0.00655	0.00187	0.01311	0.00468	0.00375	0.00843
46	0.01117	0.00744	0.00981	0.00958	0.01121	0.00685	0.00704	0.01407	0.01904	0.06345	0.50703	0.21172	0.06107	0.01638	0.00867	0.00244	0.00376	0.01457	0.00777	0.00694
47	0.00894	0.00641	0.00836	0.00989	0.01037	0.00598	0.00657	0.01016	0.01384	0.01836	0.04048	0.67512	0.07301	0.06190	0.01076	0.00316	0.00435	0.01990	0.00662	0.00583
48	0.01029	0.00743	0.00972	0.00914	0.01086	0.00686	0.00686	0.01372	0.02058	0.02915	0.69536	0.05430	0.06859	0.01486	0.00857	0.00229	0.00343	0.01315	0.00800	0.00686
49	0.01912	0.66046	0.06433	0.01540	0.07480	0.02734	0.01383	0.02186	0.01494	0.01788	0.01052	0.01233	0.00950	0.00627	0.00496	0.00163	0.00796	0.00416	0.00315	0.00956
50	0.64550	0.01386	0.01184	0.01023	0.01483	0.01551	0.00841	0.04657	0.01450	0.11851	0.03488	0.01503	0.01128	0.00737	0.00509	0.00225	0.00571	0.00476	0.00528	0.00857
51	0.06784	0.06091	0.02031	0.01761	0.02137	0.61329	0.01339	0.02749	0.01946	0.01852	0.01155	0.01377	0.00973	0.00982	0.04286	0.00239	0.01281	0.00477	0.00377	0.00833
52	0.01916	0.01923	0.02781	0.07579	0.56411	0.10138	0.02095	0.04245	0.01746	0.02342	0.01345	0.01746	0.01119	0.00671	0.00712	0.00214	0.00921	0.00626	0.00371	0.01099
53	0.00886	0.00633	0.00843	0.01012	0.01054	0.00590	0.00675	0.01012	0.01392	0.01856	0.04006	0.73979	0.04808	0.02277	0.00928	0.00295	0.00422	0.02066	0.00675	0.00590
54	0.01743	0.01663	0.02830	0.09269	0.62967	0.01685	0.02165	0.02176	0.01654	0.02355	0.03609	0.01929	0.01326	0.00681	0.00725	0.00218	0.00854	0.00670	0.00372	0.01111
55	0.00895	0.00637	0.00841	0.01000	0.01039	0.00597	0.00661	0.01015	0.01373	0.01830	0.03908	0.70026	0.04684	0.06399	0.01086	0.00319	0.00438	0.02009	0.00661	0.00582
56	0.01029	0.00743	0.00972	0.00914	0.01086	0.00686	0.00686	0.01372	0.02058	0.02915	0.69536	0.05430	0.06859	0.01486	0.00857	0.00229	0.00343	0.01315	0.00800	0.00686
57	0.01458	0.03760	0.70688	0.02072	0.03146	0.01688	0.02686	0.02302	0.01535	0.02302	0.01304	0.01535	0.00921	0.00691	0.00691	0.00230	0.01074	0.00537	0.00307	0.01074
58	0.02060	0.05397	0.01746	0.01430	0.01846	0.16522	0.01126	0.11523	0.25877	0.07207	0.03107	0.02973	0.13986	0.01053	0.00728	0.00224	0.00737	0.00827	0.00638	0.00994
59	0.02185	0.01022	0.01360	0.01149	0.01517	0.00921	0.00914	0.04405	0.02041	0.36423	0.26575	0.09555	0.03908	0.01260	0.00802	0.00236	0.00512	0.03416	0.00832	0.00968
60	0.01713	0.01795	0.02208	0.01904	0.01945	0.09799	0.01570	0.01875	0.01217	0.01753	0.00973	0.01560	0.00952	0.01215	0.02196	0.00304	0.65277	0.00618	0.00324	0.00800
61	0.02715	0.06961	0.02176	0.01580	0.02138	0.04444	0.01318	0.48622	0.02968	0.13945	0.01924	0.02058	0.01407	0.00901	0.00718	0.00218	0.00784	0.03234	0.00709	0.01179
62	0.13521	0.04114	0.06111	0.18052	0.16571	0.01660	0.03980	0.09661	0.04300	0.06304	0.01693	0.07849	0.01427	0.00860	0.00695	0.00232	0.00795	0.00733	0.00473	0.00968
63	0.01171	0.00837	0.01171	0.01339	0.01506	0.00837	0.01171	0.01506	0.01673	0.02175	0.03849	0.08199	0.04183	0.02008	0.01004	0.00335	0.00669	0.65027	0.00669	0.00669
64	0.01423	0.01099	0.01238	0.01133	0.01376	0.03435	0.00859	0.14553	0.04566	0.02957	0.35491	0.19000	0.06967	0.01500	0.00835	0.00240	0.00493	0.01303	0.00738	0.00795
65	0.02246	0.11963	0.05695	0.07359	0.02256	0.06654	0.01346	0.30123	0.02453	0.08736	0.09733	0.02233	0.01896	0.03166	0.00792	0.00227	0.00787	0.00696	0.00605	0.01034
66	0.01557	0.10067	0.11738	0.31960	0.11585	0.01669	0.01807	0.05242	0.01517	0.02016	0.01290	0.01808	0.01038	0.00978	0.01009	0.12038	0.00889	0.00600	0.00344	0.00849
67	0.64371	0.01475	0.03376	0.07753	0.01823	0.01629	0.00983	0.04785	0.01380	0.03144	0.03074	0.01410	0.01004	0.00712	0.00507	0.00227	0.00620	0.00459	0.00455	0.00814
68	0.00931	0.00739	0.00836	0.00812	0.01026	0.00644	0.00609	0.01182	0.01826	0.02366	0.33651	0.06334	0.43086	0.01691	0.00858	0.00238	0.00358	0.01441	0.00728	0.00644
69	0.01884	0.01755	0.05728	0.07213	0.58521	0.01666	0.02146	0.02324	0.01676	0.07910	0.01484	0.01849	0.01186	0.00674	0.00720	0.00218	0.00857	0.00650	0.00400	0.01139
70	0.01782	0.01341	0.01709	0.01482	0.08549	0.01116	0.01060	0.02103	0.01583	0.11741	0.01502	0.01674	0.01178	0.00633	0.00667	0.00144	0.03892	0.00503	0.00483	0.56857
71	0.01985	0.71002	0.03714	0.01278	0.01886	0.06615	0.01253	0.02216	0.01509	0.01714	0.01017	0.01174	0.00933	0.00629	0.00477	0.00157	0.00806	0.00393	0.00314	0.00928
72	0.01020	0.00743	0.00959	0.00905	0.01080	0.00682	0.00679	0.01354	0.02036	0.02863	0.66150	0.05515	0.10277	0.01505	0.00857	0.00230	0.00344	0.01327	0.00793	0.00682
73	0.02730	0.02020	0.02163	0.01666	0.02242	0.02239	0.01374	0.65279	0.05688	0.04528	0.01787	0.01779	0.01270	0.00877	0.00728	0.00219	0.00792	0.00660	0.00728	0.01233
74	0.01808	0.01561	0.01644	0.01479	0.01890	0.01808	0.01151	0.03863	0.68606	0.03041	0.02959	0.02712	0.02219	0.00986	0.00740	0.00247	0.00575	0.00822	0.00740	0.01151
75	0.01057	0.00705	0.00793	0.00793	0.00793	0.00705	0.00440	0.01057	0.01057	0.01409	0.02290	0.04757	0.02643	0.74454	0.03700	0.00705	0.00705	0.01057	0.00440	0.00440
76	0.02715	0.03464	0.02060	0.01873	0.02247	0.71536	0.01404	0.02903	0.02060	0.01779	0.01124	0.01311	0.00936	0.00749	0.00655	0.00187	0.01311	0.00468	0.00375	0.00843
77	0.00889	0.00738	0.00778	0.00768	0.01000	0.00626	0.00576	0.01102	0.01728	0.02133	0.18402	0.06718	0.58481	0.01778	0.00859	0.00242	0.00364	0.01495	0.00697	0.00626
78	0.00886	0.00633	0.00843	0.01012	0.01054	0.00590	0.00675	0.01012	0.01392	0.01856	0.04006	0.73979	0.04808	0.02277	0.00928	0.00295	0.00422	0.02066	0.00675	0.00590
79	0.00859	0.00736	0.00736	0.00736	0.00982	0.00614	0.00552	0.01043	0.01657	0.01964	0.07364	0.06996	0.69624	0.01841	0.00859	0.00245	0.00368	0.01534	0.00675	0.00614
80	0.01764	0.01692	0.02888	0.10040	0.64614	0.01718	0.02214	0.02200	0.01639	0.02332	0.01361	0.01810	0.01136	0.00654	0.00720	0.00218	0.00872	0.00648	0.00357	0.01123
81	0.10004	0.01252	0.01632	0.01263	0.01816	0.01118	0.01044	0.03418	0.02006	0.64490	0.02704	0.02360	0.01710	0.00880	0.00706	0.00225	0.00614	0.00701	0.00860	0.01197
82	0.00886	0.00633	0.00843	0.01012	0.01054	0.00590	0.00675	0.01012	0.01392	0.01856	0.04006	0.73979	0.04808	0.02277	0.00928	0.00295	0.00422	0.02066	0.00675	0.00590
83	0.01355	0.00678	0.00678	0.00678	0.00847	0.00678	0.00508	0.01694	0.01524	0.02710	0.02371	0.02710	0.01863	0.00847	0.00508	0.00169	0.00339	0.00678	0.78489	0.00678
84	0.01753	0.01686	0.02698	0.21725	0.48768	0.04113	0.02120	0.04313	0.01676	0.02295	0.01352	0.01816	0.01100	0.00679	0.00719	0.00222	0.00904	0.00641	0.00363	0.01056
85	0.03061	0.01282	0.01681	0.01319	0.01860	0.01171	0.01080	0.03587	0.11269	0.61116	0.02880	0.02507	0.01857	0.00912	0.00732	0.00228	0.00613	0.00744	0.00878	0.01225
86	0.01590	0.01590	0.02226	0.01908	0.01908	0.02226	0.01590	0.01749	0.01113	0.01749	0.00954	0.01590	0.00954	0.01272	0.02385	0.00318	0.73123	0.00636	0.00318	0.00795
87	0.01716	0.01961	0.04289	0.03064	0.03799	0.01838	0.67279	0.02328	0.01716	0.02328	0.01471	0.01961	0.01103	0.00613	0.00858	0.00245	0.01225	0.00858	0.00368	0.00980
88	0.00894	0.00718	0.00801	0.00844	0.01032	0.00625	0.00621	0.01085	0.01629	0.02026	0.11486	0.22466	0.46311	0.01921	0.00882	0.00260	0.00393	0.04703	0.00685	0.00617
89	0.01373	0.01292	0.02180	0.72707	0.05006	0.01615	0.02019	0.01857	0.01453	0.01857	0.01292	0.01938	0.00969	0.00727	0.00727	0.00242	0.00969	0.00646	0.00323	0.00807
90	0.01507	0.01292	0.01507	0.01077	0.01723	0.00969	0.00861	0.01830	0.01507	0.02369	0.01292	0.01507	0.01077	0.00538	0.00538	0.00108	0.00538	0.00431	0.00431	0.78898
91	0.03261	0.01237	0.01687	0.01293	0.01856	0.01068	0.01068	0.03543	0.02081	0.70423	0.02868	0.02474	0.01799	0.00900	0.00731	0.00225	0.00619	0.00731	0.00900	0.01237
92	0.00891	0.00731	0.00790	0.00821	0.01033	0.00629	0.00617	0.01085	0.01639	0.02000	0.08938	0.15459	0.54469	0.01895	0.00878	0.00258	0.00396	0.06176	0.00679	0.00617
93	0.00884	0.00638	0.00838	0.00998	0.01051	0.00592	0.00668	0.01014	0.01405	0.01861	0.04179	0.70532	0.08143	0.02255	0.00924	0.00293	0.00419	0.02039	0.00675	0.00592
94	0.01123	0.00802	0.01114	0.01273	0.01422	0.00794	0.01078	0.01427	0.01646	0.02156	0.06385	0.17989	0.04380	0.02029	0.00987	0.00325	0.00620	0.53119	0.00675	0.00658
95	0.01107	0.00798	0.01094	0.01252	0.01403	0.00784	0.01056	0.01399	0.01626	0.02111	0.04066	0.18973	0.07850	0.02043	0.00984	0.00323	0.00612	0.51195	0.00671	0.00653
96	0.05713	0.03632	0.66896	0.02011	0.03051	0.01685	0.02582	0.02293	0.01518	0.02354	0.01289	0.01515	0.00914	0.00690	0.00677	0.00230	0.01046	0.00529	0.00315	0.01059
97	0.01594	0.23694	0.51945	0.01840	0.02787	0.02021	0.02282	0.02267	0.01519	0.02136	0.01222	0.01431	0.00924	0.00671	0.00628	0.00209	0.00991	0.00496	0.00308	0.01035
98	0.01171	0.00837	0.01171	0.01339	0.01506	0.00837	0.01171	0.01506	0.01673	0.02175	0.03849	0.08199	0.04183	0.02008	0.01004	0.00335	0.00669	0.65027	0.00669	0.00669
99	0.07088	0.01521	0.05183	0.05126	0.02025	0.01283	0.01106	0.09448	0.01710	0.04873	0.01365	0.01572	0.01080	0.00643	0.00645	0.00154	0.03251	0.00488	0.00465	0.50975
100	0.05065	0.02165	0.01918	0.01614	0.02068	0.19484	0.01293	0.34478	0.08268	0.03405	0.05363	0.02445	0.01774	0.00974	0.00731	0.00224	0.00867	0.06199	0.00629	0.01037
101	0.01267	0.01115	0.01607	0.01475	0.01551	0.01455	0.01191	0.01485	0.01145	0.01713	0.01536	0.02331	0.01460	0.03720	0.42909	0.00816	0.31436	0.00720	0.00360	0.00710
102	0.79588	0.01406	0.01068	0.00956	0.01406	0.01631	0.00787	0.02137	0.01237	0.03261	0.01012	0.01181	0.00787	0.00675	0.00450	0.00225	0.00562	0.00394	0.00450	0.00787
103	0.00886	0.00633	0.00843	0.01012	0.01054	0.00590	0.00675	0.01012	0.01392	0.01856	0.04006	0.73979	0.04808	0.02277	0.00928	0.00295	0.00422	0.02066	0.00675	0.00590
104	0.01799	0.01256	0.01553	0.07162	0.04180	0.01305	0.01087	0.19435	0.05550	0.09970	0.30426	0.03689	0.07179	0.01167	0.00789	0.00228	0.00574	0.00990	0.00727	0.00933
105	0.01507	0.01292	0.01507	0.01077	0.01723	0.00969	0.00861	0.01830	0.01507	0.02369	0.01292	0.01507	0.01077	0.00538	0.00538	0.00108	0.00538	0.00431	0.00431	0.78898
106	0.01943	0.74891	0.03809	0.01244	0.01866	0.02876	0.01244	0.02177	0.01477	0.01710	0.01011	0.01166	0.00933	0.00622	0.00466	0.00155	0.00777	0.00389	0.00311	0.00933
107	0.01458	0.03760	0.70688	0.02072	0.03146	0.01688	0.02686	0.02302	0.01535	0.02302	0.01304	0.01535	0.00921	0.00691	0.00691	0.00230	0.01074	0.00537	0.00307	0.01074
108	0.01732	0.01651	0.02770	0.15057	0.56609	0.01713	0.02148	0.02247	0.04677	0.02324	0.01428	0.01863	0.01171	0.00676	0.00722	0.00221	0.00867	0.00655	0.00371	0.01097
109	0.01936	0.01568	0.01674	0.01479	0.01907	0.01791	0.01158	0.07120	0.61629	0.06789	0.02891	0.02649	0.02146	0.00976	0.00739	0.00244	0.00589	0.00808	0.00748	0.01160
110	0.01055	0.00715	0.00844	0.00844	0.00861	0.00732	0.00504	0.01090	0.01072	0.01447	0.02244	0.04499	0.02531	0.65093	0.12907	0.00768	0.00873	0.01019	0.00434	0.00469
111	0.01808	0.01561	0.01644	0.01479	0.01890	0.01808	0.01151	0.03863	0.68606	0.03041	0.02959	0.02712	0.02219	0.00986	0.00740	0.00247	0.00575	0.00822	0.00740	0.01151
112	0.01808	0.01561	0.01644	0.01479	0.01890	0.01808	0.01151	0.03863	0.68606	0.03041	0.02959	0.02712	0.02219	0.00986	0.00740	0.00247	0.00575	0.00822	0.00740	0.01151
113	0.00874	0.00697	0.00785	0.00848	0.01013	0.00607	0.00604	0.01041	0.01567	0.01950	0.07929	0.32788	0.42744	0.01999	0.00886	0.00264	0.00388	0.01733	0.00679	0.00607
114	0.01161	0.00833	0.01157	0.01319	0.01489	0.00829	0.01151	0.01491	0.01673	0.02168	0.03965	0.08160	0.06344	0.02003	0.00999	0.00332	0.00659	0.62930	0.00670	0.00668
115	0.01710	0.01943	0.04190	0.03008	0.03708	0.01857	0.64110	0.02300	0.01687	0.02300	0.01446	0.01943	0.01096	0.00645	0.00932	0.00249	0.04694	0.00847	0.00365	0.00971
116	0.79588	0.01406	0.01068	0.00956	0.01406	0.01631	0.00787	0.02137	0.01237	0.03261	0.01012	0.01181	0.00787	0.00675	0.00450	0.00225	0.00562	0.00394	0.00450	0.00787
117	0.01073	0.00771	0.01050	0.01045	0.01131	0.00864	0.00758	0.01251	0.01160	0.01667	0.02114	0.05811	0.02145	0.25851	0.42600	0.00917	0.03640	0.00897	0.04665	0.00590
118	0.00859	0.00736	0.00736	0.00736	0.00982	0.00614	0.00552	0.01043	0.01657	0.01964	0.07364	0.06996	0.69624	0.01841	0.00859	0.00245	0.00368	0.01534	0.00675	0.00614
119	0.01510	0.08432	0.62423	0.01984	0.02991	0.01775	0.02505	0.02379	0.05183	0.02302	0.01375	0.01574	0.00992	0.00702	0.00678	0.00226	0.01027	0.00543	0.00331	0.01069
120	0.05033	0.03575	0.64654	0.02064	0.03095	0.01692	0.05379	0.02296	0.01529	0.02347	0.01298	0.01537	0.00923	0.00687	0.00687	0.00231	0.01057	0.00544	0.00316	0.01057
121	0.79588	0.01406	0.01068	0.00956	0.01406	0.01631	0.00787	0.02137	0.01237	0.03261	0.01012	0.01181	0.00787	0.00675	0.00450	0.00225	0.00562	0.00394	0.00450	0.00787
122	0.02420	0.26812	0.04975	0.01674	0.02153	0.46717	0.01396	0.02645	0.01852	0.01774	0.01093	0.01271	0.00935	0.00706	0.00595	0.00178	0.01128	0.00445	0.00351	0.00880
123	0.01001	0.00712	0.00957	0.01095	0.01186	0.00685	0.00821	0.01204	0.01515	0.02016	0.09199	0.42554	0.04631	0.06874	0.01129	0.00329	0.00514	0.22295	0.00668	0.00614
124	0.04519	0.55558	0.06945	0.01670	0.09456	0.05016	0.01423	0.04622	0.01584	0.01973	0.01096	0.01282	0.00963	0.00644	0.00522	0.00172	0.00814	0.00438	0.00338	0.00967
125	0.76303	0.01398	0.01095	0.00970	0.01425	0.01606	0.00799	0.02197	0.01273	0.06152	0.01092	0.01237	0.00831	0.00684	0.00462	0.00225	0.00565	0.00408	0.00469	0.00807
126	0.03261	0.01237	0.01687	0.01293	0.01856	0.01068	0.01068	0.03543	0.02081	0.70423	0.02868	0.02474	0.01799	0.00900	0.00731	0.00225	0.00619	0.00731	0.00900	0.01237
127	0.00892	0.00635	0.00842	0.01004	0.01044	0.00595	0.00666	0.01014	0.01379	0.01839	0.03941	0.71332	0.04725	0.05038	0.01034	0.00311	0.00433	0.02028	0.00666	0.00585
128	0.01433	0.01324	0.02180	0.69649	0.04888	0.01643	0.01991	0.04682	0.01538	0.01974	0.01311	0.01930	0.00980	0.00733	0.00727	0.00241	0.00962	0.00646	0.00340	0.00826
129	0.00918	0.00739	0.00806	0.00817	0.01024	0.00645	0.00612	0.01119	0.01657	0.02054	0.14259	0.08902	0.50161	0.06900	0.01071	0.00284	0.00413	0.06331	0.00674	0.00614
130	0.01496	0.01418	0.02403	0.52972	0.23778	0.01647	0.02080	0.01965	0.01512	0.02007	0.01314	0.01898	0.01022	0.00704	0.00725	0.00235	0.00939	0.00646	0.00334	0.00907
131	0.04142	0.18929	0.54053	0.01857	0.02814	0.01941	0.02314	0.02270	0.01512	0.02207	0.01232	0.01444	0.00919	0.00675	0.00635	0.00214	0.00994	0.00501	0.00313	0.01034
132	0.01642	0.01836	0.03919	0.02846	0.03493	0.01753	0.59008	0.02196	0.01663	0.02265	0.01656	0.07831	0.01399	0.00777	0.00929	0.00252	0.04254	0.00947	0.00391	0.00941
133	0.01171	0.00837	0.01171	0.01339	0.01506	0.00837	0.01171	0.01506	0.01673	0.02175	0.03849	0.08199	0.04183	0.02008	0.01004	0.00335	0.00669	0.65027	0.00669	0.00669
134	0.04790	0.00770	0.00939	0.00896	0.01086	0.00718	0.00672	0.01350	0.01938	0.02762	0.55268	0.08059	0.15024	0.01525	0.00841	0.00233	0.00360	0.01329	0.00761	0.00677
135	0.01864	0.05649	0.42897	0.01777	0.02601	0.03846	0.02042	0.08030	0.01812	0.13064	0.04636	0.05341	0.01529	0.00849	0.00709	0.00227	0.00913	0.00677	0.00477	0.01061
136	0.02520	0.01252	0.01594	0.01290	0.01700	0.01239	0.01027	0.13907	0.02016	0.38063	0.02411	0.02707	0.01802	0.12506	0.09737	0.00412	0.03296	0.00769	0.00720	0.01032
137	0.56836	0.01511	0.01747	0.04333	0.11282	0.01668	0.08822	0.02162	0.01359	0.02978	0.01125	0.01386	0.00881	0.00666	0.00545	0.00227	0.00697	0.00492	0.00423	0.00861
138	0.01367	0.00722	0.00802	0.00759	0.00948	0.00717	0.02801	0.01716	0.01531	0.02697	0.02340	0.02684	0.01837	0.00839	0.00520	0.00172	0.00369	0.00684	0.75806	0.00688
139	0.01851	0.01513	0.05032	0.01404	0.01911	0.01379	0.03401	0.14831	0.09586	0.08551	0.04073	0.08882	0.01966	0.00986	0.00766	0.00206	0.03119	0.04263	0.00597	0.25684
140	0.01732	0.00941	0.01181	0.01053	0.01282	0.00921	0.00787	0.09712	0.01741	0.14675	0.11707	0.08854	0.04818	0.05116	0.01472	0.22102	0.00553	0.00920	0.09705	0.00727
141	0.02187	0.01750	0.01857	0.01556	0.02035	0.01985	0.01242	0.29133	0.42718	0.03652	0.02477	0.02328	0.01829	0.00941	0.00735	0.00235	0.00664	0.00755	0.00735	0.01185
142	0.08750	0.06402	0.02026	0.01739	0.02133	0.57118	0.01327	0.02887	0.07407	0.01997	0.01260	0.01408	0.01029	0.00757	0.00637	0.00194	0.01167	0.00487	0.00407	0.00868
143	0.00996	0.00742	0.00926	0.00880	0.01066	0.00672	0.00660	0.01308	0.01980	0.02731	0.57526	0.05732	0.18984	0.01555	0.00858	0.00232	0.00348	0.01357	0.00776	0.00672
144	0.02150	0.01678	0.01797	0.01524	0.01990	0.01895	0.01211	0.21679	0.46914	0.06940	0.02614	0.02429	0.01922	0.00950	0.00736	0.00237	0.00640	0.00770	0.00744	0.01179
145	0.01010	0.00742	0.00946	0.00895	0.01075	0.00678	0.00671	0.01336	0.02014	0.02811	0.62747	0.05601	0.13712	0.01525	0.00858	0.00230	0.00346	0.01339	0.00787	0.00678
146	0.02715	0.03464	0.02060	0.01873	0.02247	0.71536	0.01404	0.02903	0.02060	0.01779	0.01124	0.01311	0.00936	0.00749	0.00655	0.00187	0.01311	0.00468	0.00375	0.00843
