[name]
unknown

[dist]
# distance from previous block
# <min> <max>
13	177

[block]
# block no. 0 follows, 30 sequences, length 8
# corresponding to MSA columns:
# 199-206
name=unknown_A
#
# <colnr> <probs for GDERKNQSTAVLIFYWHMCP>
#	G	D	E	R	K	N	Q	S	T	A	V	L	I	F	Y	W	H	M	C	P
0	0.07218	0.01745	0.05182	0.03464	0.52022	0.04776	0.01875	0.02188	0.03950	0.02333	0.01323	0.01661	0.01093	0.00632	0.00654	0.00199	0.00799	0.00581	0.00369	0.07937
1	0.01511	0.01486	0.01915	0.10658	0.09762	0.06630	0.01432	0.03618	0.04451	0.01918	0.02070	0.02445	0.11376	0.01294	0.04632	0.00297	0.32563	0.00744	0.00397	0.00801
2	0.14912	0.01186	0.01770	0.41855	0.09773	0.01396	0.01519	0.01708	0.01292	0.01960	0.01196	0.01769	0.00967	0.00987	0.01010	0.14274	0.00796	0.00576	0.00333	0.00719
3	0.01646	0.01743	0.05882	0.22681	0.40176	0.07790	0.01987	0.02069	0.01565	0.02082	0.01391	0.02022	0.01177	0.00719	0.00700	0.00218	0.00895	0.03945	0.00350	0.00963
4	0.01599	0.01518	0.02541	0.19794	0.42442	0.01603	0.05763	0.02166	0.07515	0.02209	0.01555	0.02152	0.01298	0.00731	0.00715	0.00223	0.00839	0.03955	0.00385	0.00997
5	0.01518	0.01537	0.02475	0.20716	0.13148	0.05659	0.17410	0.01998	0.05423	0.02000	0.01665	0.06312	0.02822	0.02714	0.03862	0.00283	0.08442	0.00780	0.00383	0.00853
6	0.06721	0.00919	0.01143	0.01172	0.04550	0.00921	0.00842	0.08452	0.01879	0.02700	0.36169	0.18869	0.04737	0.01468	0.00802	0.00239	0.00455	0.06559	0.00682	0.00722
7	0.47416	0.04824	0.01375	0.10676	0.01883	0.01502	0.01006	0.04816	0.01432	0.06292	0.04222	0.02189	0.01431	0.00837	0.00565	0.00226	0.00616	0.07426	0.00478	0.00789

[dist]
# distance from previous block
# <min> <max>
15	25

[block]
# block no. 1 follows, 30 sequences, length 34
# corresponding to MSA columns:
# 233-266
name=unknown_B
#
# <colnr> <probs for GDERKNQSTAVLIFYWHMCP>
#	G	D	E	R	K	N	Q	S	T	A	V	L	I	F	Y	W	H	M	C	P
0	0.01599	0.04696	0.11957	0.22700	0.35245	0.04480	0.02020	0.02060	0.01523	0.02086	0.01259	0.01675	0.01008	0.00647	0.00670	0.00208	0.00885	0.00582	0.00331	0.04371
1	0.07532	0.05239	0.02009	0.02028	0.16000	0.21518	0.01347	0.12916	0.11314	0.02544	0.01895	0.01996	0.06269	0.00808	0.00652	0.00200	0.00832	0.00625	0.00484	0.03794
2	0.16689	0.04297	0.01681	0.10549	0.04559	0.11850	0.01168	0.14383	0.03613	0.09087	0.03845	0.07393	0.01560	0.00876	0.00636	0.00211	0.00729	0.00681	0.05306	0.00887
3	0.01056	0.00818	0.01048	0.01153	0.05371	0.00765	0.00798	0.04126	0.01674	0.02237	0.20097	0.26482	0.19160	0.01676	0.00834	0.00247	0.00445	0.07946	0.00652	0.03416
4	0.02471	0.01805	0.01931	0.01505	0.02012	0.01995	0.01231	0.59423	0.05685	0.04118	0.01779	0.01868	0.01308	0.03207	0.00774	0.00222	0.00726	0.00648	0.06170	0.01122
5	0.02493	0.04671	0.05487	0.01503	0.02078	0.01876	0.01290	0.44409	0.06835	0.14115	0.01831	0.01790	0.01289	0.00808	0.00675	0.00203	0.00723	0.00619	0.00669	0.06637
6	0.06937	0.14013	0.48498	0.01794	0.04307	0.03614	0.02093	0.04551	0.01530	0.02245	0.01392	0.01576	0.03165	0.00695	0.00621	0.00209	0.00925	0.00521	0.00334	0.00980
7	0.12520	0.07568	0.57881	0.01792	0.02713	0.01680	0.02241	0.02181	0.01430	0.02306	0.01196	0.01405	0.00867	0.00657	0.00618	0.00216	0.00945	0.00488	0.00314	0.00985
8	0.00972	0.00708	0.00905	0.00863	0.01023	0.00651	0.00639	0.01271	0.01889	0.02642	0.61239	0.07412	0.11148	0.04442	0.00935	0.00241	0.00347	0.01290	0.00742	0.00641
9	0.01196	0.00889	0.01057	0.01073	0.01275	0.00897	0.00818	0.03424	0.14000	0.04668	0.06998	0.25273	0.17026	0.04076	0.02756	0.00298	0.00520	0.12377	0.00659	0.00721
10	0.12525	0.06633	0.06216	0.34220	0.07888	0.01579	0.01587	0.05741	0.01559	0.08374	0.01618	0.02078	0.03284	0.00776	0.00655	0.00223	0.00796	0.02961	0.00421	0.00868
11	0.04770	0.08507	0.01374	0.03649	0.01403	0.07094	0.00839	0.01684	0.01854	0.06712	0.46233	0.04045	0.06782	0.01200	0.00740	0.00210	0.00498	0.01015	0.00658	0.00733
12	0.00850	0.00607	0.00810	0.00972	0.01012	0.00567	0.00648	0.00972	0.01336	0.01781	0.03846	0.75020	0.04615	0.02186	0.00891	0.00283	0.00405	0.01984	0.00648	0.00567
13	0.01677	0.01644	0.02615	0.12025	0.48271	0.05320	0.05998	0.02142	0.03883	0.02196	0.01518	0.02192	0.01311	0.00737	0.00716	0.00220	0.00862	0.05289	0.00376	0.01008
14	0.02546	0.01874	0.02027	0.01583	0.02114	0.02069	0.01312	0.64103	0.03164	0.04237	0.01816	0.02107	0.01384	0.00914	0.00717	0.00217	0.00759	0.05213	0.00694	0.01149
15	0.01081	0.00827	0.00899	0.00860	0.01057	0.00783	0.00627	0.07880	0.01641	0.02080	0.09388	0.08028	0.37517	0.19282	0.01473	0.00343	0.00487	0.04523	0.00607	0.00616
16	0.02099	0.01535	0.01807	0.01432	0.01905	0.01591	0.03529	0.33102	0.06868	0.09034	0.02016	0.11491	0.01708	0.00973	0.00754	0.00207	0.03322	0.00793	0.00628	0.15206
17	0.01900	0.60031	0.10860	0.01333	0.01965	0.05382	0.01359	0.06778	0.01576	0.01898	0.01054	0.01202	0.00915	0.00626	0.00496	0.00162	0.00799	0.00409	0.00328	0.00927
18	0.01505	0.01288	0.01586	0.01232	0.01748	0.01145	0.04986	0.06272	0.12785	0.02452	0.01983	0.08981	0.03838	0.00814	0.00625	0.00162	0.00562	0.00700	0.00507	0.46828
19	0.01972	0.25940	0.07369	0.01738	0.09280	0.12817	0.01386	0.12008	0.12533	0.02368	0.01742	0.01821	0.04643	0.00771	0.00612	0.00192	0.00806	0.00578	0.00452	0.00973
20	0.01971	0.06017	0.17982	0.07959	0.02609	0.01839	0.08010	0.31400	0.02283	0.03117	0.01627	0.02049	0.01265	0.00815	0.00697	0.00218	0.00854	0.04598	0.03668	0.01023
21	0.02932	0.01262	0.01675	0.01366	0.04043	0.01153	0.01078	0.08482	0.04737	0.59402	0.04558	0.02388	0.01818	0.00873	0.00705	0.00216	0.00606	0.00713	0.00825	0.01167
22	0.00964	0.00658	0.00790	0.00839	0.00856	0.00651	0.00509	0.01011	0.01117	0.01494	0.02687	0.25920	0.03138	0.50443	0.05446	0.00574	0.00641	0.01299	0.00489	0.00474
23	0.02555	0.01727	0.01935	0.01510	0.02003	0.01890	0.01242	0.50499	0.02832	0.14137	0.01871	0.03730	0.01365	0.00899	0.00792	0.00216	0.05167	0.00675	0.03832	0.01124
24	0.00972	0.00711	0.01011	0.01042	0.01133	0.00787	0.00766	0.01162	0.01146	0.01612	0.02287	0.16536	0.02396	0.14745	0.49337	0.00901	0.01424	0.01017	0.00432	0.00584
25	0.01015	0.00677	0.00761	0.00761	0.00761	0.00677	0.00423	0.01015	0.01015	0.01353	0.02199	0.04567	0.02537	0.75476	0.03552	0.00677	0.00677	0.01015	0.00423	0.00423
26	0.01802	0.01900	0.04337	0.03560	0.52316	0.12969	0.01926	0.02177	0.01626	0.02147	0.01387	0.01917	0.01203	0.00915	0.04284	0.00253	0.00948	0.02961	0.00358	0.01015
27	0.02412	0.01776	0.01937	0.01535	0.02028	0.01958	0.01261	0.59060	0.03005	0.04029	0.01902	0.06112	0.01537	0.01142	0.03607	0.00255	0.00786	0.03876	0.00680	0.01103
28	0.01051	0.00727	0.00914	0.00859	0.01032	0.00665	0.00634	0.01327	0.01837	0.05175	0.53450	0.05241	0.14428	0.08333	0.01072	0.00264	0.00375	0.01245	0.00724	0.00648
29	0.06118	0.01341	0.01687	0.01299	0.01838	0.01266	0.01073	0.15910	0.02212	0.55966	0.02475	0.02191	0.01585	0.00850	0.00690	0.00215	0.00625	0.00675	0.00815	0.01170
30	0.07838	0.11664	0.36740	0.08530	0.04769	0.01766	0.09794	0.04600	0.01544	0.04674	0.01282	0.01532	0.00946	0.00660	0.00644	0.00214	0.00935	0.00546	0.00350	0.00972
31	0.01269	0.01167	0.01125	0.01211	0.01349	0.13624	0.00920	0.01466	0.01542	0.01876	0.05050	0.34174	0.03699	0.05474	0.00999	0.00295	0.00648	0.22895	0.00586	0.00631
32	0.01538	0.01266	0.01468	0.01086	0.01654	0.01031	0.00863	0.08617	0.01614	0.02436	0.01397	0.04661	0.01210	0.00686	0.00626	0.02793	0.00541	0.00510	0.00449	0.65554
33	0.01878	0.01970	0.01953	0.15201	0.04983	0.25019	0.06022	0.08662	0.06547	0.02096	0.01563	0.02164	0.01341	0.07461	0.08111	0.00341	0.01075	0.02366	0.00421	0.00825

[dist]
# distance from previous block
# <min> <max>
0	1

[block]
# block no. 2 follows, 30 sequences, length 84
# corresponding to MSA columns:
# 268-351
name=unknown_C
#
# <colnr> <probs for GDERKNQSTAVLIFYWHMCP>
#	G	D	E	R	K	N	Q	S	T	A	V	L	I	F	Y	W	H	M	C	P
0	0.01034	0.00701	0.00913	0.00905	0.01038	0.00651	0.00650	0.01282	0.01739	0.04931	0.46087	0.22256	0.05586	0.07757	0.01062	0.00273	0.00386	0.01399	0.00713	0.00635
1	0.00972	0.00706	0.00918	0.00892	0.01048	0.00651	0.00666	0.01275	0.01889	0.02645	0.59901	0.11952	0.08898	0.01527	0.00834	0.00229	0.00347	0.03258	0.00748	0.00647
2	0.01527	0.01527	0.02137	0.01832	0.01832	0.02137	0.01527	0.01679	0.01069	0.01679	0.00916	0.01527	0.00916	0.01221	0.02290	0.00305	0.74198	0.00611	0.00305	0.00763
3	0.01834	0.01660	0.01626	0.01456	0.01853	0.07451	0.01131	0.05661	0.62332	0.02868	0.02662	0.02467	0.02002	0.00925	0.00703	0.00231	0.00616	0.00757	0.00682	0.01083
4	0.01747	0.01542	0.01583	0.01410	0.01816	0.03953	0.01096	0.03566	0.63744	0.02843	0.02692	0.02494	0.02028	0.00915	0.00696	0.00227	0.00573	0.00756	0.00682	0.05637
5	0.01468	0.12761	0.61374	0.01948	0.04643	0.01767	0.02391	0.02193	0.01469	0.02139	0.01218	0.01435	0.00891	0.00654	0.00636	0.00212	0.00990	0.00500	0.00296	0.01016
6	0.01933	0.01513	0.01627	0.01422	0.01843	0.01715	0.01118	0.09455	0.58308	0.08768	0.02730	0.02502	0.02013	0.00930	0.00708	0.00233	0.00575	0.00767	0.00722	0.01119
7	0.01301	0.00650	0.00650	0.00650	0.00813	0.00650	0.00488	0.01626	0.01463	0.02602	0.02276	0.02602	0.01789	0.00813	0.00488	0.00163	0.00325	0.00650	0.79350	0.00650
8	0.02572	0.06731	0.02056	0.01769	0.02140	0.69393	0.01341	0.02754	0.01951	0.01705	0.01074	0.01252	0.00899	0.00713	0.00621	0.00178	0.01234	0.00446	0.00357	0.00813
9	0.01115	0.00900	0.01292	0.01229	0.01320	0.01112	0.00964	0.01329	0.01112	0.01639	0.01708	0.02618	0.01632	0.09263	0.51492	0.00898	0.16560	0.00736	0.02444	0.00638
10	0.01119	0.00800	0.01117	0.01269	0.01430	0.00797	0.01106	0.01441	0.01621	0.02117	0.06383	0.07765	0.04119	0.01908	0.00958	0.00317	0.00630	0.63813	0.00648	0.00643
11	0.00850	0.00607	0.00810	0.00972	0.01012	0.00567	0.00648	0.00972	0.01336	0.01781	0.03846	0.75020	0.04615	0.02186	0.00891	0.00283	0.00405	0.01984	0.00648	0.00567
12	0.01443	0.06679	0.62690	0.02040	0.03022	0.01685	0.08486	0.02207	0.01487	0.02187	0.01254	0.01495	0.00900	0.00653	0.00668	0.00219	0.01032	0.00537	0.00300	0.01017
13	0.01265	0.00767	0.00989	0.00968	0.01147	0.00720	0.00721	0.01472	0.01559	0.12055	0.17626	0.18322	0.13186	0.11799	0.08299	0.00392	0.00610	0.06785	0.00647	0.00672
14	0.00850	0.00607	0.00810	0.00972	0.01012	0.00567	0.00648	0.00972	0.01336	0.01781	0.03846	0.75020	0.04615	0.02186	0.00891	0.00283	0.00405	0.01984	0.00648	0.00567
15	0.05599	0.01269	0.02036	0.67589	0.04537	0.01571	0.01855	0.03935	0.01444	0.01939	0.01240	0.01816	0.00929	0.00699	0.00683	0.00231	0.00904	0.00607	0.00329	0.00787
16	0.01266	0.07020	0.01207	0.00924	0.01171	0.00864	0.00728	0.01564	0.01892	0.09726	0.51374	0.04733	0.12204	0.01334	0.00779	0.00215	0.00394	0.01152	0.00727	0.00726
17	0.01584	0.10028	0.02322	0.01756	0.01918	0.07313	0.06965	0.01785	0.01247	0.01729	0.01237	0.07179	0.01240	0.01287	0.04405	0.00302	0.45886	0.00700	0.00342	0.00776
18	0.29315	0.06694	0.08573	0.28673	0.07933	0.01626	0.01500	0.01961	0.01347	0.02353	0.01166	0.01529	0.00902	0.00668	0.00576	0.00216	0.00763	0.00508	0.02875	0.00822
19	0.01379	0.01286	0.02159	0.55811	0.16749	0.01516	0.01917	0.01825	0.01446	0.01896	0.01430	0.02268	0.01184	0.00772	0.00716	0.00234	0.00891	0.05353	0.00340	0.00826
20	0.00923	0.00708	0.00845	0.00817	0.01004	0.00630	0.00610	0.01189	0.01812	0.02426	0.44946	0.07980	0.30426	0.01577	0.00826	0.00228	0.00341	0.01363	0.00720	0.00630
21	0.23767	0.02815	0.38015	0.01631	0.02366	0.11347	0.01811	0.03963	0.04109	0.02481	0.01221	0.01397	0.00905	0.00682	0.00596	0.00214	0.00900	0.00481	0.00368	0.00930
22	0.01839	0.62195	0.14036	0.01318	0.01979	0.02525	0.01400	0.02154	0.01447	0.04186	0.01076	0.01218	0.00923	0.00616	0.00490	0.00163	0.00785	0.00407	0.00318	0.00927
23	0.01124	0.00803	0.01124	0.01285	0.01446	0.00803	0.01124	0.01446	0.01606	0.02088	0.03695	0.07871	0.04016	0.01928	0.00964	0.00321	0.00643	0.66426	0.00643	0.00643
24	0.02139	0.01015	0.01362	0.03770	0.01593	0.00929	0.00914	0.04755	0.02011	0.37502	0.31492	0.03535	0.03738	0.01095	0.00753	0.00218	0.00500	0.00934	0.00797	0.00948
25	0.01098	0.00752	0.01014	0.00956	0.01081	0.00747	0.02218	0.01298	0.01450	0.04844	0.27076	0.06363	0.03835	0.26869	0.16817	0.00563	0.00801	0.01060	0.00561	0.00598
26	0.00988	0.00713	0.00933	0.00878	0.01043	0.00658	0.00658	0.01317	0.01975	0.02798	0.70754	0.05213	0.06584	0.01427	0.00823	0.00219	0.00329	0.01262	0.00768	0.00658
27	0.01015	0.00677	0.00761	0.00761	0.00761	0.00677	0.00423	0.01015	0.01015	0.01353	0.02199	0.04567	0.02537	0.75476	0.03552	0.00677	0.00677	0.01015	0.00423	0.00423
28	0.01976	0.53168	0.08235	0.01438	0.02022	0.16936	0.03777	0.02246	0.01545	0.01718	0.01029	0.01201	0.00901	0.00626	0.00514	0.00164	0.00887	0.00415	0.00313	0.00889
29	0.00902	0.00637	0.00828	0.00948	0.00998	0.00604	0.00639	0.01030	0.01346	0.01804	0.08462	0.54844	0.04392	0.13902	0.01318	0.00344	0.00456	0.05370	0.00620	0.00555
30	0.01124	0.00803	0.01124	0.01285	0.01446	0.00803	0.01124	0.01446	0.01606	0.02088	0.03695	0.07871	0.04016	0.01928	0.00964	0.00321	0.00643	0.66426	0.00643	0.00643
31	0.01647	0.01882	0.04118	0.02941	0.03647	0.01765	0.68588	0.02235	0.01647	0.02235	0.01412	0.01882	0.01059	0.00588	0.00824	0.00235	0.01176	0.00824	0.00353	0.00941
32	0.01718	0.01809	0.06749	0.07786	0.61118	0.04242	0.02127	0.02150	0.01586	0.02228	0.01297	0.01702	0.01076	0.00632	0.00687	0.00208	0.00862	0.00609	0.00341	0.01073
33	0.01591	0.01734	0.03553	0.15110	0.09678	0.01739	0.47763	0.02120	0.01568	0.02132	0.01347	0.01846	0.01033	0.00644	0.00869	0.00236	0.05018	0.00760	0.00342	0.00918
34	0.00848	0.00708	0.00739	0.00731	0.00957	0.00599	0.00548	0.01046	0.01645	0.02014	0.16049	0.06504	0.61780	0.01719	0.00825	0.00233	0.00350	0.01443	0.00665	0.00599
35	0.00829	0.00707	0.00713	0.00712	0.00945	0.00591	0.00534	0.01010	0.01601	0.01911	0.08875	0.06673	0.69018	0.01758	0.00825	0.00235	0.00353	0.01467	0.00651	0.00591
36	0.01668	0.01738	0.01989	0.10588	0.24044	0.19158	0.01516	0.01977	0.01515	0.01870	0.01423	0.01948	0.01237	0.02124	0.23619	0.00495	0.01279	0.00619	0.00354	0.00840
37	0.01318	0.01240	0.02093	0.73798	0.04806	0.01550	0.01938	0.01783	0.01395	0.01783	0.01240	0.01860	0.00930	0.00698	0.00698	0.00233	0.00930	0.00620	0.00310	0.00775
38	0.02323	0.31991	0.02682	0.01503	0.02013	0.25049	0.01280	0.20895	0.02117	0.02431	0.01201	0.01319	0.00978	0.00703	0.00576	0.00176	0.00917	0.00469	0.00429	0.00949
39	0.01143	0.00823	0.01010	0.01046	0.01210	0.00792	0.00751	0.06196	0.05357	0.04254	0.03667	0.52380	0.08518	0.01844	0.00837	0.00261	0.00455	0.03571	0.00648	0.05238
40	0.05812	0.22469	0.02393	0.01623	0.04050	0.38894	0.01282	0.06851	0.03775	0.05096	0.01214	0.01344	0.00988	0.00701	0.00584	0.00179	0.00995	0.00463	0.00400	0.00888
41	0.01736	0.01499	0.01578	0.01420	0.01815	0.01736	0.01105	0.03708	0.69862	0.02919	0.02840	0.02604	0.02130	0.00947	0.00710	0.00237	0.00552	0.00789	0.00710	0.01105
42	0.00998	0.00741	0.01090	0.01090	0.01204	0.00855	0.00833	0.01226	0.01112	0.01597	0.01898	0.02900	0.01814	0.11353	0.66685	0.01083	0.01765	0.00771	0.00378	0.00606
43	0.00900	0.00641	0.00860	0.01017	0.01076	0.00609	0.00719	0.01051	0.01371	0.01819	0.03773	0.61923	0.04456	0.04302	0.00981	0.00301	0.00452	0.12534	0.00640	0.00575
44	0.01554	0.01269	0.01343	0.01218	0.01576	0.01391	0.00945	0.02958	0.48120	0.05861	0.03986	0.03711	0.20788	0.01166	0.00741	0.00235	0.00500	0.00971	0.00700	0.00968
45	0.00842	0.00704	0.00734	0.00734	0.00955	0.00595	0.00547	0.01032	0.01620	0.01974	0.13408	0.09049	0.61916	0.01748	0.00827	0.00236	0.00353	0.01470	0.00660	0.00595
46	0.01015	0.00677	0.00761	0.00761	0.00761	0.00677	0.00423	0.01015	0.01015	0.01353	0.02199	0.04567	0.02537	0.75476	0.03552	0.00677	0.00677	0.01015	0.00423	0.00423
47	0.01760	0.01719	0.02801	0.04192	0.68582	0.04274	0.02112	0.02165	0.01603	0.02259	0.01304	0.01710	0.01098	0.00625	0.00689	0.00206	0.00845	0.00615	0.00346	0.01094
48	0.34658	0.01244	0.01267	0.01058	0.01479	0.01309	0.00861	0.10197	0.01768	0.21279	0.10114	0.02142	0.01856	0.00835	0.00587	0.00211	0.00538	0.00623	0.07074	0.00900
49	0.00850	0.00607	0.00810	0.00972	0.01012	0.00567	0.00648	0.00972	0.01336	0.01781	0.03846	0.75020	0.04615	0.02186	0.00891	0.00283	0.00405	0.01984	0.00648	0.00567
50	0.05519	0.11989	0.02032	0.01443	0.01825	0.10508	0.01184	0.28228	0.02107	0.02783	0.01459	0.01848	0.01231	0.06509	0.10549	0.00360	0.08425	0.00601	0.00488	0.00912
51	0.00869	0.00702	0.00773	0.00770	0.00974	0.00606	0.00572	0.01083	0.01675	0.02119	0.23675	0.10839	0.49488	0.01705	0.00829	0.00235	0.00350	0.01451	0.00680	0.00606
52	0.01483	0.01409	0.02392	0.45678	0.31633	0.01594	0.02020	0.01928	0.01474	0.01984	0.01270	0.01807	0.01001	0.00667	0.00695	0.00222	0.00889	0.00621	0.00324	0.00909
53	0.80405	0.01350	0.01026	0.00918	0.01350	0.01565	0.00756	0.02051	0.01188	0.03131	0.00972	0.01134	0.00756	0.00648	0.00432	0.00216	0.00540	0.00378	0.00432	0.00756
54	0.80405	0.01350	0.01026	0.00918	0.01350	0.01565	0.00756	0.02051	0.01188	0.03131	0.00972	0.01134	0.00756	0.00648	0.00432	0.00216	0.00540	0.00378	0.00432	0.00756
55	0.00849	0.00671	0.00768	0.00841	0.00993	0.00590	0.00605	0.01009	0.01487	0.01852	0.05602	0.34666	0.40809	0.01946	0.00858	0.00259	0.00387	0.04580	0.00648	0.00582
56	0.07914	0.01263	0.02028	0.65533	0.06616	0.01555	0.01846	0.01817	0.01384	0.01911	0.01220	0.01796	0.00921	0.00691	0.00675	0.00230	0.00895	0.00600	0.00321	0.00784
57	0.01683	0.02109	0.14855	0.10781	0.03523	0.04252	0.43983	0.02262	0.01620	0.05878	0.01426	0.01816	0.01045	0.00633	0.00769	0.00230	0.01096	0.00729	0.00366	0.00945
58	0.02965	0.01235	0.01630	0.01275	0.01795	0.01120	0.01053	0.07777	0.04545	0.61684	0.02722	0.02561	0.01799	0.00909	0.00713	0.00221	0.00606	0.03392	0.00838	0.01162
59	0.01508	0.01292	0.01509	0.01109	0.01688	0.01067	0.00890	0.04383	0.04301	0.02353	0.01307	0.01507	0.01079	0.00580	0.00615	0.00122	0.03985	0.00446	0.00431	0.69827
60	0.01189	0.00848	0.01015	0.00966	0.01073	0.00903	0.00661	0.07635	0.04125	0.01844	0.04905	0.06368	0.02442	0.43034	0.19358	0.00687	0.00939	0.00951	0.00471	0.00586
61	0.11066	0.01185	0.01530	0.01193	0.01706	0.01067	0.00983	0.03175	0.01912	0.61679	0.05353	0.02362	0.01825	0.00864	0.00679	0.00216	0.00577	0.00691	0.00815	0.01121
62	0.00856	0.00610	0.00808	0.00964	0.01003	0.00571	0.00640	0.00973	0.01324	0.01766	0.03786	0.72449	0.04540	0.04861	0.00988	0.00298	0.00415	0.01948	0.00640	0.00562
63	0.11789	0.05788	0.33716	0.13391	0.02740	0.07073	0.01832	0.02055	0.01453	0.02179	0.03298	0.01706	0.01127	0.03980	0.00750	0.00230	0.00891	0.00542	0.00346	0.05111
64	0.01566	0.01574	0.04623	0.29279	0.42208	0.01623	0.05009	0.02018	0.01518	0.02096	0.01289	0.01775	0.01034	0.00649	0.00698	0.00218	0.00887	0.00627	0.00332	0.00977
65	0.01110	0.00793	0.01108	0.01268	0.01423	0.00791	0.01099	0.01420	0.01592	0.02072	0.03703	0.11470	0.04048	0.01942	0.00960	0.00319	0.00630	0.62972	0.00643	0.00639
66	0.01435	0.01433	0.05305	0.58123	0.13473	0.01595	0.01967	0.04803	0.01508	0.01984	0.01270	0.01817	0.00963	0.00692	0.00695	0.00228	0.00914	0.00616	0.00331	0.00849
67	0.01752	0.07698	0.21124	0.05847	0.30813	0.04228	0.08323	0.05195	0.01648	0.04901	0.01341	0.01641	0.01040	0.00653	0.00677	0.00210	0.00917	0.00592	0.00364	0.01038
68	0.02466	0.01262	0.03284	0.01245	0.01672	0.01183	0.01025	0.10432	0.04442	0.41383	0.07657	0.02653	0.02062	0.07409	0.01034	0.00259	0.04543	0.00755	0.04208	0.01027
69	0.80405	0.01350	0.01026	0.00918	0.01350	0.01565	0.00756	0.02051	0.01188	0.03131	0.00972	0.01134	0.00756	0.00648	0.00432	0.00216	0.00540	0.00378	0.00432	0.00756
70	0.01008	0.00678	0.00759	0.00759	0.00768	0.00673	0.00427	0.01014	0.01036	0.01373	0.02378	0.04646	0.05050	0.72764	0.03451	0.00660	0.00665	0.01032	0.00431	0.00429
71	0.01076	0.00791	0.00987	0.00918	0.01110	0.00759	0.00699	0.01443	0.04905	0.04631	0.52113	0.05139	0.17194	0.01440	0.00868	0.00226	0.03047	0.01237	0.00731	0.00686
72	0.00850	0.00607	0.00810	0.00972	0.01012	0.00567	0.00648	0.00972	0.01336	0.01781	0.03846	0.75020	0.04615	0.02186	0.00891	0.00283	0.00405	0.01984	0.00648	0.00567
73	0.02607	0.03326	0.01978	0.01798	0.02157	0.72674	0.01348	0.02787	0.01978	0.01708	0.01079	0.01258	0.00899	0.00719	0.00629	0.00180	0.01258	0.00449	0.00360	0.00809
74	0.09076	0.01200	0.01574	0.01217	0.01748	0.01067	0.01005	0.03297	0.01935	0.66338	0.02616	0.02280	0.01653	0.00847	0.00681	0.00216	0.00590	0.00677	0.00830	0.01154
75	0.00998	0.00744	0.01102	0.01102	0.01220	0.00862	0.00848	0.01234	0.01116	0.01606	0.01887	0.02839	0.01787	0.08998	0.69004	0.01098	0.01805	0.00762	0.00376	0.00612
76	0.02653	0.01955	0.02094	0.01606	0.02164	0.02164	0.01326	0.68796	0.03281	0.04398	0.01675	0.01675	0.01187	0.00838	0.00698	0.00209	0.00768	0.00628	0.00698	0.01187
77	0.00997	0.00748	0.01121	0.01121	0.01246	0.00872	0.00872	0.01246	0.01121	0.01620	0.01869	0.02741	0.01745	0.05234	0.72710	0.01121	0.01869	0.00748	0.00374	0.00623
78	0.02456	0.03104	0.01870	0.01705	0.02054	0.66568	0.01279	0.02635	0.01945	0.01723	0.01586	0.01721	0.06823	0.00808	0.00646	0.00185	0.01182	0.00536	0.00384	0.00790
79	0.80405	0.01350	0.01026	0.00918	0.01350	0.01565	0.00756	0.02051	0.01188	0.03131	0.00972	0.01134	0.00756	0.00648	0.00432	0.00216	0.00540	0.00378	0.00432	0.00756
80	0.00856	0.00610	0.00808	0.00964	0.01003	0.00571	0.00639	0.00973	0.01324	0.01765	0.03783	0.72340	0.04536	0.04974	0.00992	0.00298	0.00415	0.01947	0.00639	0.00561
81	0.00825	0.00707	0.00707	0.00707	0.00943	0.00589	0.00530	0.01001	0.01591	0.01885	0.07069	0.06716	0.70839	0.01767	0.00825	0.00236	0.00353	0.01473	0.00648	0.00589
82	0.01454	0.04675	0.02036	0.01686	0.01733	0.01955	0.01403	0.01626	0.01093	0.01668	0.01077	0.01710	0.01053	0.01860	0.13892	0.00434	0.58962	0.00623	0.00316	0.00746
83	0.00932	0.00703	0.00856	0.00992	0.01045	0.02681	0.00672	0.01054	0.01338	0.01755	0.03600	0.62533	0.04276	0.09151	0.01142	0.00320	0.00468	0.05300	0.00618	0.00564

[dist]
# distance from previous block
# <min> <max>
0	1

[block]
# block no. 3 follows, 30 sequences, length 405
# corresponding to MSA columns:
# 353-757
name=unknown_D
#
# <colnr> <probs for GDERKNQSTAVLIFYWHMCP>
#	G	D	E	R	K	N	Q	S	T	A	V	L	I	F	Y	W	H	M	C	P
0	0.00859	0.00627	0.00812	0.00956	0.01023	0.00580	0.00656	0.00996	0.01376	0.01806	0.04200	0.64446	0.11988	0.02128	0.00887	0.00280	0.00410	0.04751	0.00648	0.00573
1	0.01607	0.04090	0.03528	0.03039	0.19249	0.01673	0.45204	0.02105	0.01600	0.02189	0.01575	0.07843	0.01357	0.00728	0.00786	0.00230	0.01017	0.00857	0.00374	0.00948
2	0.02509	0.01780	0.03870	0.01477	0.02055	0.01795	0.01242	0.47212	0.02766	0.14026	0.01759	0.01740	0.01236	0.00789	0.00671	0.00195	0.00712	0.00604	0.00669	0.12894
3	0.63000	0.01357	0.01261	0.13847	0.01997	0.01589	0.00990	0.04929	0.01316	0.02948	0.01050	0.01286	0.00806	0.00665	0.00491	0.00219	0.00619	0.00432	0.00422	0.00778
4	0.01002	0.00680	0.00806	0.00816	0.00833	0.00692	0.00489	0.01039	0.01048	0.01412	0.02270	0.09019	0.02584	0.62558	0.11319	0.00702	0.00796	0.01048	0.00432	0.00455
5	0.01293	0.00692	0.00768	0.00750	0.00901	0.00699	0.00557	0.03499	0.01469	0.02444	0.07359	0.02715	0.02059	0.01250	0.03605	0.10985	0.00436	0.00694	0.57206	0.00619
6	0.04760	0.01547	0.02326	0.30038	0.22373	0.04659	0.07218	0.02310	0.13462	0.02208	0.01537	0.01900	0.01191	0.00710	0.00695	0.00224	0.00854	0.00650	0.00400	0.00939
7	0.01428	0.06722	0.66706	0.01985	0.02986	0.01675	0.04628	0.02205	0.01476	0.02186	0.01245	0.01471	0.00890	0.00658	0.00659	0.00218	0.01023	0.00519	0.00297	0.01022
8	0.09401	0.01201	0.01571	0.01215	0.01746	0.01069	0.01004	0.03291	0.01932	0.66050	0.02608	0.02274	0.01649	0.00846	0.00680	0.00216	0.00589	0.00675	0.00829	0.01153
9	0.00893	0.00636	0.00850	0.01005	0.01060	0.00603	0.00703	0.01037	0.01360	0.01806	0.03761	0.63283	0.04454	0.05020	0.01005	0.00304	0.00447	0.10564	0.00638	0.00571
10	0.01559	0.02673	0.39895	0.02681	0.22804	0.01587	0.08792	0.02195	0.01562	0.04520	0.04197	0.01771	0.01228	0.00682	0.00695	0.00218	0.00943	0.00614	0.00353	0.01034
11	0.00987	0.00716	0.00932	0.00886	0.01053	0.00661	0.00670	0.01311	0.01950	0.02745	0.66428	0.05350	0.08619	0.01454	0.00828	0.00223	0.00340	0.03431	0.00760	0.00656
12	0.00997	0.00748	0.01121	0.01121	0.01246	0.00872	0.00872	0.01246	0.01121	0.01620	0.01869	0.02741	0.01745	0.05234	0.72710	0.01121	0.01869	0.00748	0.00374	0.00623
13	0.01460	0.01458	0.04733	0.51361	0.19274	0.01601	0.04467	0.03732	0.01502	0.01996	0.01275	0.01813	0.00979	0.00679	0.00700	0.00226	0.00916	0.00625	0.00330	0.00874
14	0.04064	0.01237	0.01992	0.66240	0.04451	0.01527	0.01821	0.01839	0.03940	0.01875	0.01477	0.02018	0.03203	0.00739	0.00693	0.00232	0.00884	0.00645	0.00340	0.00781
15	0.01110	0.00794	0.01105	0.01243	0.01404	0.00788	0.01077	0.01433	0.01644	0.02161	0.10596	0.07598	0.04280	0.01876	0.00949	0.00311	0.00610	0.59719	0.00655	0.00644
16	0.00913	0.00703	0.00835	0.00818	0.01001	0.00624	0.00607	0.01167	0.01776	0.02364	0.40751	0.11040	0.31644	0.01617	0.00829	0.00231	0.00344	0.01399	0.00712	0.00624
17	0.02299	0.01701	0.01878	0.04616	0.02078	0.01874	0.01232	0.54578	0.02864	0.03834	0.01966	0.11660	0.01681	0.03413	0.00816	0.00235	0.00723	0.00823	0.00666	0.01061
18	0.01436	0.07687	0.65433	0.01979	0.02973	0.01691	0.04953	0.02204	0.01477	0.02178	0.01242	0.01468	0.00891	0.00656	0.00657	0.00217	0.01020	0.00519	0.00297	0.01020
19	0.63401	0.01531	0.05189	0.01465	0.09961	0.01588	0.03815	0.02078	0.01270	0.02942	0.01046	0.01254	0.00817	0.00643	0.00492	0.00216	0.00627	0.00433	0.00411	0.00820
20	0.01007	0.00820	0.00945	0.01065	0.03044	0.03780	0.00747	0.01176	0.01434	0.01814	0.04192	0.32904	0.20409	0.09497	0.03861	0.00342	0.00559	0.11215	0.00593	0.00597
21	0.01657	0.01587	0.02706	0.16164	0.59788	0.01640	0.02107	0.02080	0.01556	0.02195	0.01300	0.01750	0.01075	0.00635	0.00692	0.00212	0.00846	0.00621	0.00339	0.01049
22	0.01447	0.01240	0.01447	0.01034	0.01654	0.00930	0.00827	0.01757	0.01447	0.02274	0.01240	0.01447	0.01034	0.00517	0.00517	0.00103	0.00517	0.00413	0.00413	0.79742
23	0.02653	0.01955	0.02094	0.01606	0.02164	0.02164	0.01326	0.68796	0.03281	0.04398	0.01675	0.01675	0.01187	0.00838	0.00698	0.00209	0.00768	0.00628	0.00698	0.01187
24	0.00903	0.00645	0.00870	0.01032	0.01095	0.00612	0.00739	0.01063	0.01388	0.01840	0.03817	0.62151	0.04501	0.02137	0.00905	0.00291	0.00450	0.14334	0.00647	0.00581
25	0.01719	0.01681	0.02963	0.04147	0.64269	0.01669	0.08891	0.02151	0.01595	0.02275	0.01323	0.01743	0.01101	0.00618	0.00704	0.00210	0.00864	0.00642	0.00346	0.01089
26	0.01789	0.01487	0.01579	0.01413	0.01813	0.01709	0.01102	0.03696	0.67290	0.05522	0.02837	0.02595	0.02115	0.00944	0.00710	0.00236	0.00554	0.00786	0.00716	0.01108
27	0.00997	0.00745	0.01110	0.01110	0.01230	0.00866	0.00857	0.01238	0.01118	0.01611	0.01880	0.02802	0.01771	0.07564	0.70416	0.01107	0.01830	0.00757	0.00375	0.00616
28	0.02653	0.01955	0.02094	0.01606	0.02164	0.02164	0.01326	0.68796	0.03281	0.04398	0.01675	0.01675	0.01187	0.00838	0.00698	0.00209	0.00768	0.00628	0.00698	0.01187
29	0.03067	0.01290	0.01683	0.01290	0.01833	0.01178	0.01066	0.12146	0.02169	0.62618	0.02609	0.02282	0.01655	0.00860	0.00701	0.00215	0.00617	0.00692	0.00842	0.01187
30	0.00849	0.00612	0.00805	0.00960	0.01009	0.00568	0.00643	0.00973	0.01347	0.01786	0.03983	0.72112	0.07435	0.02168	0.00888	0.00281	0.00403	0.01962	0.00648	0.00568
31	0.01124	0.00803	0.01124	0.01285	0.01446	0.00803	0.01124	0.01446	0.01606	0.02088	0.03695	0.07871	0.04016	0.01928	0.00964	0.00321	0.00643	0.66426	0.00643	0.00643
32	0.00988	0.00713	0.00933	0.00878	0.01043	0.00658	0.00658	0.01317	0.01975	0.02798	0.70754	0.05213	0.06584	0.01427	0.00823	0.00219	0.00329	0.01262	0.00768	0.00658
33	0.13448	0.01236	0.01556	0.01211	0.01737	0.01137	0.01000	0.05471	0.01933	0.60135	0.02478	0.02185	0.01579	0.00834	0.00666	0.00216	0.00593	0.00656	0.00800	0.01130
34	0.01307	0.00887	0.01058	0.01068	0.01243	0.00903	0.00784	0.10832	0.06123	0.04623	0.03222	0.44948	0.03470	0.01676	0.00794	0.00253	0.00471	0.04281	0.11332	0.00723
35	0.80405	0.01350	0.01026	0.00918	0.01350	0.01565	0.00756	0.02051	0.01188	0.03131	0.00972	0.01134	0.00756	0.00648	0.00432	0.00216	0.00540	0.00378	0.00432	0.00756
36	0.01693	0.01624	0.02772	0.10007	0.65662	0.01649	0.02125	0.02112	0.01573	0.02239	0.01307	0.01738	0.01091	0.00628	0.00691	0.00209	0.00837	0.00622	0.00343	0.01078
37	0.01334	0.01257	0.02123	0.71009	0.07467	0.01555	0.01946	0.01797	0.01403	0.01803	0.01243	0.01855	0.00937	0.00695	0.00697	0.00232	0.00926	0.00620	0.00311	0.00788
38	0.01331	0.01254	0.02117	0.71563	0.06939	0.01554	0.01945	0.01794	0.01402	0.01799	0.01243	0.01856	0.00936	0.00695	0.00697	0.00232	0.00927	0.00620	0.00311	0.00786
39	0.01890	0.65615	0.08083	0.01292	0.01901	0.07941	0.01298	0.02150	0.01464	0.01685	0.00997	0.01153	0.00895	0.00611	0.00476	0.00156	0.00804	0.00388	0.00303	0.00898
40	0.01446	0.01224	0.01292	0.01175	0.01512	0.01332	0.00909	0.05338	0.41879	0.02660	0.08923	0.03985	0.22993	0.01223	0.00752	0.00234	0.00485	0.01021	0.00695	0.00921
41	0.18256	0.07319	0.35762	0.04717	0.09083	0.01657	0.06526	0.02113	0.01448	0.02383	0.03825	0.01587	0.01108	0.00677	0.00621	0.00215	0.00869	0.00541	0.00351	0.00941
42	0.04464	0.01574	0.01667	0.01535	0.04547	0.04424	0.01165	0.10878	0.47619	0.07276	0.02550	0.02574	0.01946	0.00940	0.00706	0.00232	0.00621	0.03527	0.00679	0.01077
43	0.00963	0.00712	0.00899	0.00852	0.01028	0.00648	0.00639	0.01270	0.01918	0.02662	0.61260	0.05437	0.16164	0.01477	0.00823	0.00222	0.00333	0.01293	0.00750	0.00648
44	0.01132	0.00828	0.01164	0.01361	0.03737	0.00823	0.01134	0.01451	0.01605	0.02087	0.03751	0.07621	0.06601	0.01878	0.00949	0.00314	0.00637	0.61636	0.00633	0.00656
45	0.24937	0.13905	0.01883	0.09181	0.02030	0.12458	0.01128	0.10036	0.03497	0.07327	0.04112	0.01627	0.01239	0.00737	0.00568	0.00200	0.00740	0.00521	0.03005	0.00871
46	0.00850	0.00607	0.00810	0.00972	0.01012	0.00567	0.00648	0.00972	0.01336	0.01781	0.03846	0.75020	0.04615	0.02186	0.00891	0.00283	0.00405	0.01984	0.00648	0.00567
47	0.00850	0.00607	0.00810	0.00972	0.01012	0.00567	0.00648	0.00972	0.01336	0.01781	0.03846	0.75020	0.04615	0.02186	0.00891	0.00283	0.00405	0.01984	0.00648	0.00567
48	0.03904	0.02357	0.26927	0.02941	0.33032	0.01678	0.04428	0.09429	0.01737	0.04995	0.01377	0.01645	0.01048	0.00668	0.00680	0.00214	0.00889	0.00588	0.00387	0.01076
49	0.01418	0.06438	0.69191	0.01958	0.02972	0.01665	0.02524	0.02205	0.01471	0.02188	0.01241	0.01459	0.00884	0.00660	0.00655	0.00218	0.01020	0.00510	0.00295	0.01026
50	0.01124	0.00803	0.01124	0.01285	0.01446	0.00803	0.01124	0.01446	0.01606	0.02088	0.03695	0.07871	0.04016	0.01928	0.00964	0.00321	0.00643	0.66426	0.00643	0.00643
51	0.01473	0.07171	0.57934	0.02289	0.13108	0.01687	0.02439	0.02193	0.01488	0.02190	0.01246	0.01492	0.00918	0.00653	0.00656	0.00215	0.00986	0.00524	0.00302	0.01035
52	0.12850	0.04865	0.01819	0.03810	0.02003	0.13065	0.01188	0.22213	0.22732	0.05788	0.01837	0.01828	0.01369	0.00813	0.00645	0.00212	0.00747	0.00607	0.00590	0.01019
53	0.00849	0.00612	0.00805	0.00960	0.01009	0.00568	0.00643	0.00973	0.01347	0.01786	0.03987	0.72027	0.07517	0.02168	0.00888	0.00281	0.00403	0.01961	0.00648	0.00568
54	0.80405	0.01350	0.01026	0.00918	0.01350	0.01565	0.00756	0.02051	0.01188	0.03131	0.00972	0.01134	0.00756	0.00648	0.00432	0.00216	0.00540	0.00378	0.00432	0.00756
55	0.00850	0.00607	0.00810	0.00972	0.01012	0.00567	0.00648	0.00972	0.01336	0.01781	0.03846	0.75020	0.04615	0.02186	0.00891	0.00283	0.00405	0.01984	0.00648	0.00567
56	0.01459	0.01385	0.02348	0.49783	0.27717	0.01588	0.02008	0.01907	0.01462	0.01955	0.01265	0.01814	0.00991	0.00671	0.00695	0.00224	0.00895	0.00621	0.00322	0.00889
57	0.01447	0.01240	0.01447	0.01034	0.01654	0.00930	0.00827	0.01757	0.01447	0.02274	0.01240	0.01447	0.01034	0.00517	0.00517	0.00103	0.00517	0.00413	0.00413	0.79742
58	0.02607	0.03326	0.01978	0.01798	0.02157	0.72674	0.01348	0.02787	0.01978	0.01708	0.01079	0.01258	0.00899	0.00719	0.00629	0.00180	0.01258	0.00449	0.00360	0.00809
59	0.00912	0.00710	0.00829	0.00799	0.00996	0.00626	0.00599	0.01171	0.01798	0.02377	0.41353	0.05907	0.36249	0.01584	0.00824	0.00227	0.00340	0.01359	0.00713	0.00626
60	0.00997	0.00748	0.01121	0.01121	0.01246	0.00872	0.00872	0.01246	0.01121	0.01620	0.01869	0.02741	0.01745	0.05234	0.72710	0.01121	0.01869	0.00748	0.00374	0.00623
61	0.01736	0.01499	0.01578	0.01420	0.01815	0.01736	0.01105	0.03708	0.69862	0.02919	0.02840	0.02604	0.02130	0.00947	0.00710	0.00237	0.00552	0.00789	0.00710	0.01105
62	0.01009	0.00698	0.00872	0.00872	0.00910	0.00737	0.00561	0.01086	0.01048	0.01435	0.02097	0.04006	0.02294	0.53896	0.24799	0.00813	0.01043	0.00933	0.00408	0.00484
63	0.01736	0.01499	0.01578	0.01420	0.01815	0.01736	0.01105	0.03708	0.69862	0.02919	0.02840	0.02604	0.02130	0.00947	0.00710	0.00237	0.00552	0.00789	0.00710	0.01105
64	0.00825	0.00707	0.00707	0.00707	0.00943	0.00589	0.00530	0.01001	0.01591	0.01885	0.07069	0.06716	0.70839	0.01767	0.00825	0.00236	0.00353	0.01473	0.00648	0.00589
65	0.01301	0.00650	0.00650	0.00650	0.00813	0.00650	0.00488	0.01626	0.01463	0.02602	0.02276	0.02602	0.01789	0.00813	0.00488	0.00163	0.00325	0.00650	0.79350	0.00650
66	0.00825	0.00707	0.00707	0.00707	0.00943	0.00589	0.00530	0.01001	0.01591	0.01885	0.07069	0.06716	0.70839	0.01767	0.00825	0.00236	0.00353	0.01473	0.00648	0.00589
67	0.01318	0.01240	0.02093	0.73798	0.04806	0.01550	0.01938	0.01783	0.01395	0.01783	0.01240	0.01860	0.00930	0.00698	0.00698	0.00233	0.00930	0.00620	0.00310	0.00775
68	0.01240	0.00798	0.01020	0.00929	0.01149	0.00741	0.00709	0.01625	0.04927	0.10150	0.56177	0.04894	0.10185	0.01368	0.00805	0.00221	0.00369	0.01195	0.00768	0.00730
69	0.00850	0.00607	0.00810	0.00972	0.01012	0.00567	0.00648	0.00972	0.01336	0.01781	0.03846	0.75020	0.04615	0.02186	0.00891	0.00283	0.00405	0.01984	0.00648	0.00567
70	0.80405	0.01350	0.01026	0.00918	0.01350	0.01565	0.00756	0.02051	0.01188	0.03131	0.00972	0.01134	0.00756	0.00648	0.00432	0.00216	0.00540	0.00378	0.00432	0.00756
71	0.01318	0.01240	0.02093	0.73798	0.04806	0.01550	0.01938	0.01783	0.01395	0.01783	0.01240	0.01860	0.00930	0.00698	0.00698	0.00233	0.00930	0.00620	0.00310	0.00775
72	0.03037	0.01167	0.01589	0.01226	0.01749	0.01010	0.01010	0.03309	0.01996	0.68591	0.05733	0.02500	0.01940	0.00888	0.00707	0.00216	0.00582	0.00726	0.00860	0.01164
73	0.80405	0.01350	0.01026	0.00918	0.01350	0.01565	0.00756	0.02051	0.01188	0.03131	0.00972	0.01134	0.00756	0.00648	0.00432	0.00216	0.00540	0.00378	0.00432	0.00756
74	0.01653	0.01582	0.02698	0.16953	0.59036	0.01638	0.02105	0.02076	0.01554	0.02189	0.01299	0.01751	0.01073	0.00636	0.00692	0.00212	0.00847	0.00621	0.00339	0.01045
75	0.00865	0.00742	0.00745	0.00738	0.00981	0.00639	0.00555	0.01120	0.04582	0.01930	0.06884	0.06536	0.67829	0.01731	0.00820	0.00236	0.00362	0.01443	0.00651	0.00612
76	0.02046	0.58281	0.03249	0.01341	0.01880	0.19731	0.01231	0.02259	0.01554	0.01658	0.00996	0.01153	0.00896	0.00627	0.00492	0.00157	0.00871	0.00392	0.00313	0.00875
77	0.01557	0.26426	0.47617	0.01775	0.02656	0.01987	0.04723	0.02173	0.01463	0.02031	0.01169	0.01377	0.00894	0.00639	0.00601	0.00199	0.00947	0.00483	0.00298	0.00985
78	0.03131	0.01188	0.01619	0.01242	0.01781	0.01026	0.01026	0.03401	0.01997	0.71606	0.02753	0.02375	0.01727	0.00864	0.00702	0.00216	0.00594	0.00702	0.00864	0.01188
79	0.01167	0.00862	0.01088	0.01057	0.01159	0.03382	0.00794	0.01340	0.01173	0.01724	0.01824	0.02762	0.01718	0.13189	0.37326	0.07271	0.07144	0.00734	0.13693	0.00592
80	0.20341	0.01964	0.21109	0.17035	0.02757	0.01504	0.04112	0.05057	0.01573	0.15993	0.01501	0.01677	0.01048	0.00711	0.00631	0.00221	0.00803	0.00558	0.00460	0.00945
81	0.00840	0.00708	0.00728	0.00723	0.00952	0.00596	0.00542	0.01031	0.01627	0.01971	0.13025	0.06575	0.64830	0.01735	0.00825	0.00234	0.00351	0.01453	0.00659	0.00596
82	0.00906	0.00636	0.00819	0.00943	0.00982	0.00608	0.00626	0.01013	0.01279	0.01701	0.03452	0.54216	0.04092	0.19261	0.01516	0.00378	0.00484	0.05956	0.00595	0.00538
83	0.01697	0.01726	0.05789	0.06973	0.65516	0.01652	0.02152	0.02130	0.01576	0.02257	0.01307	0.01721	0.01089	0.00627	0.00690	0.00209	0.00842	0.00617	0.00342	0.01089
84	0.01373	0.01310	0.02225	0.63133	0.04511	0.01580	0.07370	0.01949	0.05986	0.01896	0.01361	0.01912	0.01021	0.00705	0.00709	0.00233	0.00925	0.00648	0.00340	0.00811
85	0.01124	0.00803	0.01124	0.01285	0.01446	0.00803	0.01124	0.01446	0.01606	0.02088	0.03695	0.07871	0.04016	0.01928	0.00964	0.00321	0.00643	0.66426	0.00643	0.00643
86	0.04829	0.63435	0.12603	0.01289	0.01937	0.02564	0.01361	0.02104	0.01416	0.01775	0.01008	0.01167	0.00889	0.00608	0.00476	0.00161	0.00776	0.00392	0.00303	0.00908
87	0.01853	0.54177	0.10665	0.03950	0.02060	0.07467	0.01384	0.04956	0.01550	0.01848	0.01155	0.01482	0.01030	0.00679	0.00524	0.00171	0.00817	0.02999	0.00333	0.00902
88	0.01475	0.11023	0.57709	0.01815	0.02720	0.01655	0.02256	0.02160	0.01477	0.04524	0.01437	0.06093	0.01149	0.00759	0.00656	0.00217	0.00946	0.00599	0.00337	0.00993
89	0.80405	0.01350	0.01026	0.00918	0.01350	0.01565	0.00756	0.02051	0.01188	0.03131	0.00972	0.01134	0.00756	0.00648	0.00432	0.00216	0.00540	0.00378	0.00432	0.00756
90	0.01301	0.00650	0.00650	0.00650	0.00813	0.00650	0.00488	0.01626	0.01463	0.02602	0.02276	0.02602	0.01789	0.00813	0.00488	0.00163	0.00325	0.00650	0.79350	0.00650
91	0.63752	0.01317	0.01171	0.03737	0.01557	0.01469	0.00848	0.02280	0.01339	0.15181	0.01297	0.01381	0.00934	0.00688	0.00490	0.00217	0.00564	0.00444	0.00504	0.00833
92	0.01631	0.01235	0.01466	0.01056	0.01668	0.00941	0.00849	0.01936	0.01507	0.09831	0.01405	0.01548	0.01109	0.00555	0.00537	0.00116	0.00525	0.00445	0.00463	0.71179
93	0.01866	0.75896	0.03657	0.01194	0.01791	0.02761	0.01194	0.02090	0.01418	0.01642	0.00970	0.01119	0.00896	0.00597	0.00448	0.00149	0.00746	0.00373	0.00299	0.00896
94	0.00982	0.00709	0.00928	0.00882	0.01041	0.00655	0.00658	0.01303	0.01950	0.02758	0.68070	0.08014	0.06505	0.01457	0.00826	0.00222	0.00332	0.01291	0.00763	0.00655
95	0.00970	0.00713	0.00909	0.00860	0.01032	0.00651	0.00645	0.01283	0.01934	0.02701	0.63983	0.05372	0.13417	0.01463	0.00823	0.00221	0.00332	0.01284	0.00755	0.00651
96	0.01736	0.01499	0.01578	0.01420	0.01815	0.01736	0.01105	0.03708	0.69862	0.02919	0.02840	0.02604	0.02130	0.00947	0.00710	0.00237	0.00552	0.00789	0.00710	0.01105
97	0.00997	0.00748	0.01121	0.01121	0.01246	0.00872	0.00872	0.01246	0.01121	0.01620	0.01869	0.02741	0.01745	0.05234	0.72710	0.01121	0.01869	0.00748	0.00374	0.00623
98	0.01736	0.01499	0.01578	0.01420	0.01815	0.01736	0.01105	0.03708	0.69862	0.02919	0.02840	0.02604	0.02130	0.00947	0.00710	0.00237	0.00552	0.00789	0.00710	0.01105
99	0.00988	0.00713	0.00933	0.00878	0.01043	0.00658	0.00658	0.01317	0.01975	0.02798	0.70754	0.05213	0.06584	0.01427	0.00823	0.00219	0.00329	0.01262	0.00768	0.00658
100	0.00849	0.00611	0.00806	0.00962	0.01010	0.00568	0.00644	0.00973	0.01345	0.01785	0.03958	0.72648	0.06915	0.02172	0.00888	0.00282	0.00403	0.01966	0.00648	0.00568
101	0.00826	0.00704	0.00710	0.00715	0.00945	0.00588	0.00534	0.01001	0.01582	0.01882	0.06966	0.08899	0.68723	0.01781	0.00827	0.00237	0.00355	0.01489	0.00648	0.00588
102	0.01866	0.75896	0.03657	0.01194	0.01791	0.02761	0.01194	0.02090	0.01418	0.01642	0.00970	0.01119	0.00896	0.00597	0.00448	0.00149	0.00746	0.00373	0.00299	0.00896
103	0.03071	0.01283	0.01679	0.01287	0.01829	0.01168	0.01063	0.11569	0.02158	0.63212	0.02618	0.02288	0.01660	0.00860	0.00701	0.00215	0.00616	0.00693	0.00843	0.01187
104	0.00850	0.00607	0.00810	0.00972	0.01012	0.00567	0.00648	0.00972	0.01336	0.01781	0.03846	0.75020	0.04615	0.02186	0.00891	0.00283	0.00405	0.01984	0.00648	0.00567
105	0.01301	0.00650	0.00650	0.00650	0.00813	0.00650	0.00488	0.01626	0.01463	0.02602	0.02276	0.02602	0.01789	0.00813	0.00488	0.00163	0.00325	0.00650	0.79350	0.00650
106	0.02191	0.02072	0.01623	0.01436	0.01815	0.30262	0.01105	0.04917	0.17850	0.13209	0.04953	0.02637	0.11000	0.00965	0.00695	0.00209	0.00818	0.00741	0.00585	0.00915
107	0.02962	0.01189	0.01591	0.01239	0.01755	0.01056	0.01017	0.03341	0.06265	0.64678	0.05336	0.02497	0.01937	0.00890	0.00707	0.00217	0.00581	0.00728	0.00850	0.01162
108	0.72371	0.01338	0.01134	0.08321	0.01701	0.01564	0.00876	0.02024	0.01209	0.02994	0.00999	0.01207	0.00773	0.00653	0.00459	0.00218	0.00579	0.00402	0.00419	0.00758
109	0.01669	0.01611	0.02784	0.13589	0.59486	0.01648	0.04781	0.02097	0.01565	0.02211	0.01307	0.01751	0.01080	0.00631	0.00697	0.00212	0.00857	0.00630	0.00341	0.01054
110	0.00854	0.00610	0.00813	0.00969	0.01013	0.00569	0.00648	0.00981	0.01353	0.01809	0.05669	0.73118	0.04669	0.02166	0.00889	0.00282	0.00403	0.01964	0.00651	0.00569
111	0.04505	0.59118	0.08920	0.01320	0.01919	0.10760	0.01310	0.02179	0.01480	0.01745	0.01006	0.01165	0.00890	0.00618	0.00486	0.00161	0.00822	0.00394	0.00310	0.00892
112	0.01705	0.13290	0.02134	0.01794	0.12075	0.14359	0.07575	0.04148	0.04125	0.02155	0.06717	0.02504	0.09169	0.00927	0.00731	0.03306	0.00753	0.00716	0.10991	0.00827
