[name]
unknown

[dist]
# distance from previous block
# <min> <max>
0	2

[block]
# block no. 0 follows, 27 sequences, length 13
# corresponding to MSA columns:
# 2-7,9-15
name=unknown_A
#
# <colnr> <probs for GDERKNQSTAVLIFYWHMCP>
#	G	D	E	R	K	N	Q	S	T	A	V	L	I	F	Y	W	H	M	C	P
0	0.01173	0.00839	0.01163	0.01297	0.01469	0.00830	0.01116	0.01516	0.01772	0.02344	0.14426	0.07917	0.04714	0.01965	0.01001	0.00324	0.00630	0.54113	0.00705	0.00686
1	0.01659	0.28041	0.47354	0.01826	0.02764	0.02140	0.02237	0.02307	0.01547	0.02144	0.01229	0.01438	0.00945	0.00681	0.00627	0.00209	0.00993	0.00497	0.00315	0.01048
2	0.01009	0.01185	0.12052	0.01182	0.01427	0.00805	0.01019	0.01278	0.01490	0.02015	0.06445	0.48926	0.10964	0.02135	0.04122	0.00324	0.00601	0.01710	0.00620	0.00692
3	0.01834	0.62465	0.03422	0.01216	0.01777	0.02576	0.01178	0.02090	0.01604	0.01945	0.11996	0.01894	0.01931	0.00778	0.00541	0.00171	0.00722	0.00550	0.00398	0.00912
4	0.01760	0.01720	0.12635	0.01292	0.02012	0.01121	0.01208	0.02170	0.01619	0.10998	0.01527	0.01670	0.01168	0.00622	0.00600	0.00145	0.00649	0.00497	0.00480	0.56110
5	0.01771	0.53310	0.12051	0.01368	0.01982	0.02455	0.01406	0.02095	0.01465	0.01821	0.01226	0.01519	0.01097	0.01441	0.11896	0.00336	0.01026	0.00481	0.00330	0.00925
6	0.01898	0.62003	0.15483	0.01418	0.02134	0.02725	0.01528	0.02245	0.01519	0.01852	0.01085	0.01257	0.00951	0.00647	0.00516	0.00172	0.00847	0.00424	0.00317	0.00978
7	0.00983	0.00749	0.00891	0.00867	0.01055	0.00671	0.00639	0.01248	0.01874	0.02505	0.40725	0.09129	0.28916	0.05229	0.01022	0.00267	0.00381	0.01444	0.00748	0.00657
8	0.01080	0.00720	0.00810	0.00810	0.00810	0.00720	0.00450	0.01080	0.01080	0.01439	0.02339	0.04858	0.02699	0.73910	0.03779	0.00720	0.00720	0.01080	0.00450	0.00450
9	0.06988	0.01381	0.02222	0.55414	0.12721	0.01639	0.01956	0.02044	0.01524	0.05220	0.01384	0.01933	0.01039	0.00737	0.00722	0.00242	0.00930	0.00646	0.00371	0.00887
10	0.01985	0.74357	0.03890	0.01270	0.01905	0.02937	0.01270	0.02223	0.01508	0.01747	0.01032	0.01191	0.00953	0.00635	0.00476	0.00159	0.00794	0.00397	0.00318	0.00953
11	0.01805	0.48736	0.27933	0.01577	0.02380	0.02497	0.01805	0.02269	0.01530	0.01966	0.01141	0.01328	0.00948	0.00661	0.00560	0.00187	0.00904	0.00452	0.00316	0.01005
12	0.01603	0.20028	0.54872	0.01922	0.02913	0.02003	0.02405	0.02322	0.01554	0.02212	0.01263	0.01481	0.00943	0.00689	0.00653	0.00218	0.01028	0.00514	0.00314	0.01064

[dist]
# distance from previous block
# <min> <max>
6	9

[block]
# block no. 1 follows, 27 sequences, length 28
# corresponding to MSA columns:
# 25-52
name=unknown_B
#
# <colnr> <probs for GDERKNQSTAVLIFYWHMCP>
#	G	D	E	R	K	N	Q	S	T	A	V	L	I	F	Y	W	H	M	C	P
0	0.01540	0.01738	0.06579	0.05455	0.09715	0.01561	0.39552	0.02043	0.01662	0.02257	0.02197	0.15675	0.04435	0.01008	0.00862	0.00256	0.01008	0.01090	0.00441	0.00927
1	0.04338	0.03527	0.56681	0.02183	0.03182	0.05136	0.09997	0.02378	0.01604	0.02363	0.01332	0.01594	0.00958	0.00698	0.00715	0.00235	0.01108	0.00578	0.00329	0.01064
2	0.06394	0.05436	0.02437	0.35964	0.20246	0.05219	0.01901	0.07431	0.01709	0.02329	0.01326	0.01798	0.01043	0.00743	0.00757	0.00233	0.03073	0.00622	0.00383	0.00955
3	0.01831	0.13756	0.43786	0.01886	0.02782	0.01782	0.05849	0.02483	0.01671	0.12163	0.04122	0.01829	0.01317	0.00753	0.00693	0.00224	0.00964	0.00604	0.00426	0.01079
4	0.02880	0.01772	0.01968	0.01543	0.02089	0.04546	0.01259	0.38627	0.02842	0.26723	0.02288	0.06316	0.01666	0.00982	0.00753	0.00229	0.00751	0.00774	0.00785	0.01207
5	0.02332	0.01836	0.01952	0.01609	0.02116	0.02073	0.01293	0.35258	0.35834	0.03889	0.02404	0.02278	0.01766	0.00949	0.00749	0.00237	0.00702	0.00754	0.00749	0.01219
6	0.01837	0.01764	0.03013	0.04557	0.69279	0.01764	0.02278	0.02278	0.01690	0.02425	0.01396	0.01837	0.01176	0.00661	0.00735	0.00220	0.00882	0.00661	0.00367	0.01176
7	0.01489	0.03840	0.70064	0.02116	0.03213	0.01724	0.02743	0.02351	0.01567	0.02351	0.01332	0.01567	0.00940	0.00705	0.00705	0.00235	0.01097	0.00549	0.00313	0.01097
8	0.01004	0.00715	0.00954	0.01021	0.01081	0.00741	0.00698	0.01141	0.01251	0.01710	0.02916	0.31236	0.03298	0.23687	0.24323	0.00708	0.01015	0.01394	0.00527	0.00579
9	0.01199	0.00775	0.01023	0.00984	0.01164	0.00711	0.00729	0.01499	0.01966	0.07955	0.50710	0.18980	0.06181	0.01634	0.00880	0.00247	0.00388	0.01451	0.00799	0.00725
10	0.01051	0.00759	0.00992	0.00934	0.01109	0.00700	0.00700	0.01401	0.02101	0.02977	0.68888	0.05545	0.07005	0.01518	0.00876	0.00233	0.00350	0.01343	0.00817	0.00700
11	0.01062	0.00791	0.01171	0.01171	0.01296	0.00916	0.00901	0.01312	0.01187	0.01707	0.02008	0.03027	0.01904	0.09471	0.67131	0.01166	0.01916	0.00812	0.00401	0.00651
12	0.00903	0.00651	0.00856	0.01020	0.01073	0.00604	0.00683	0.01035	0.01434	0.01900	0.04258	0.70205	0.08024	0.02304	0.00944	0.00299	0.00428	0.02084	0.00689	0.00604
13	0.01024	0.00758	0.00956	0.00906	0.01093	0.00689	0.00680	0.01350	0.02039	0.02830	0.59586	0.05788	0.16399	0.01573	0.00876	0.00236	0.00354	0.01377	0.00798	0.00689
14	0.01985	0.74357	0.03890	0.01270	0.01905	0.02937	0.01270	0.02223	0.01508	0.01747	0.01032	0.01191	0.00953	0.00635	0.00476	0.00159	0.00794	0.00397	0.00318	0.00953
15	0.03331	0.01263	0.01723	0.01321	0.01895	0.01091	0.01091	0.03618	0.02125	0.69794	0.02929	0.02527	0.01838	0.00919	0.00747	0.00230	0.00632	0.00747	0.00919	0.01263
16	0.02822	0.02079	0.02228	0.01708	0.02302	0.02302	0.01411	0.66804	0.03490	0.04679	0.01782	0.01782	0.01262	0.00891	0.00743	0.00223	0.00817	0.00668	0.00743	0.01262
17	0.01539	0.01319	0.01539	0.01100	0.01759	0.00990	0.00880	0.01869	0.01539	0.02419	0.01319	0.01539	0.01100	0.00550	0.00550	0.00110	0.00550	0.00440	0.00440	0.78449
18	0.01837	0.01764	0.03013	0.04557	0.69279	0.01764	0.02278	0.02278	0.01690	0.02425	0.01396	0.01837	0.01176	0.00661	0.00735	0.00220	0.00882	0.00661	0.00367	0.01176
19	0.01196	0.00854	0.01196	0.01367	0.01538	0.00854	0.01196	0.01538	0.01709	0.02222	0.03931	0.08374	0.04272	0.02051	0.01025	0.00342	0.00684	0.64283	0.00684	0.00684
20	0.01080	0.00720	0.00810	0.00810	0.00810	0.00720	0.00450	0.01080	0.01080	0.01439	0.02339	0.04858	0.02699	0.73910	0.03779	0.00720	0.00720	0.01080	0.00450	0.00450
21	0.02643	0.02422	0.02071	0.01711	0.02205	0.23289	0.01359	0.37628	0.10333	0.03549	0.01752	0.01795	0.01306	0.00865	0.00713	0.00215	0.00934	0.00630	0.03473	0.01108
22	0.02056	0.01622	0.01733	0.01495	0.01947	0.01825	0.01181	0.15820	0.48353	0.06830	0.03036	0.02818	0.05862	0.01030	0.00759	0.00245	0.00622	0.00843	0.00758	0.01165
23	0.01748	0.01501	0.01646	0.01572	0.04494	0.01709	0.01165	0.03571	0.57894	0.02999	0.06464	0.07115	0.02629	0.01099	0.00772	0.00253	0.00577	0.00935	0.00739	0.01116
24	0.01453	0.00800	0.00822	0.00783	0.00966	0.00816	0.00577	0.06534	0.01642	0.02744	0.02363	0.02958	0.01955	0.10088	0.00947	0.00246	0.00429	0.00739	0.62434	0.00704
25	0.01651	0.01407	0.01871	0.01402	0.02008	0.01202	0.08651	0.02255	0.10959	0.05172	0.01767	0.04962	0.01464	0.00716	0.00643	0.00160	0.00636	0.00633	0.00507	0.51934
26	0.18338	0.01655	0.01753	0.01409	0.01930	0.01791	0.01151	0.29428	0.11114	0.17672	0.02058	0.01991	0.01447	0.00870	0.00678	0.00227	0.00679	0.00654	0.04023	0.01133
27	0.04261	0.15596	0.40400	0.02045	0.05649	0.08289	0.06043	0.02434	0.01638	0.05193	0.01337	0.01550	0.01000	0.00701	0.00668	0.00218	0.01030	0.00544	0.00358	0.01046

[dist]
# distance from previous block
# <min> <max>
0	5

[block]
# block no. 2 follows, 27 sequences, length 53
# corresponding to MSA columns:
# 77-129
name=unknown_C
#
# <colnr> <probs for GDERKNQSTAVLIFYWHMCP>
#	G	D	E	R	K	N	Q	S	T	A	V	L	I	F	Y	W	H	M	C	P
0	0.01751	0.32844	0.02840	0.03727	0.02098	0.07983	0.09450	0.02210	0.07744	0.02098	0.07940	0.09357	0.05105	0.00987	0.00678	0.00210	0.00791	0.00822	0.00470	0.00895
1	0.01746	0.04933	0.46063	0.01888	0.02766	0.01591	0.04995	0.02523	0.05296	0.11675	0.07756	0.02133	0.01693	0.00819	0.00730	0.00234	0.00937	0.00673	0.00469	0.01080
2	0.02191	0.01766	0.01872	0.01580	0.02062	0.02007	0.01258	0.26118	0.45204	0.03660	0.02584	0.02421	0.01912	0.00966	0.00751	0.00242	0.00668	0.00779	0.00751	0.01206
3	0.01607	0.05069	0.02267	0.01846	0.01905	0.02189	0.01544	0.01784	0.01171	0.01801	0.01046	0.01674	0.01027	0.01486	0.06172	0.00359	0.62804	0.00639	0.00332	0.03278
4	0.01080	0.00720	0.00810	0.00810	0.00810	0.00720	0.00450	0.01080	0.01080	0.01439	0.02339	0.04858	0.02699	0.73910	0.03779	0.00720	0.00720	0.01080	0.00450	0.00450
5	0.01679	0.04009	0.03042	0.02330	0.02606	0.02159	0.23759	0.02002	0.01358	0.01987	0.01156	0.01740	0.01026	0.01049	0.01844	0.00294	0.46018	0.00719	0.00342	0.00881
6	0.01061	0.00794	0.00922	0.00905	0.01126	0.00714	0.00684	0.01371	0.03967	0.04523	0.27432	0.11601	0.35970	0.01742	0.00881	0.00252	0.00400	0.04224	0.00742	0.00690
7	0.03306	0.01302	0.01747	0.01339	0.01915	0.01149	0.01106	0.06643	0.02190	0.66676	0.02874	0.02491	0.01810	0.00918	0.00746	0.00229	0.00641	0.00743	0.00910	0.01263
8	0.01031	0.00782	0.00957	0.00948	0.01134	0.00725	0.00710	0.01386	0.04603	0.02579	0.40358	0.14582	0.21009	0.01711	0.00887	0.00252	0.00392	0.04502	0.00762	0.00689
9	0.02757	0.02181	0.02216	0.04710	0.02421	0.08578	0.01441	0.58190	0.03278	0.04298	0.01704	0.01750	0.01223	0.00873	0.00736	0.00221	0.00872	0.00651	0.00692	0.01207
10	0.01754	0.01049	0.01087	0.00953	0.01235	0.01106	0.00748	0.18472	0.02054	0.03259	0.02257	0.02514	0.01738	0.00872	0.00576	0.00186	0.00467	0.00686	0.58147	0.00839
11	0.00894	0.00748	0.00778	0.00781	0.01015	0.00632	0.00582	0.01093	0.01715	0.02084	0.12669	0.10179	0.60546	0.01870	0.00881	0.00252	0.00376	0.01573	0.00700	0.00632
12	0.03041	0.01542	0.01876	0.01453	0.02013	0.01523	0.01194	0.27066	0.02605	0.42733	0.02549	0.05160	0.01749	0.00966	0.00753	0.00230	0.00692	0.00773	0.00844	0.01236
13	0.04185	0.02230	0.14845	0.02781	0.03525	0.01828	0.49188	0.02303	0.01669	0.02364	0.01508	0.03895	0.01185	0.00719	0.00908	0.00252	0.04421	0.00831	0.00375	0.00991
14	0.02662	0.01970	0.02106	0.01644	0.02202	0.02186	0.01348	0.57678	0.09851	0.04438	0.01934	0.01924	0.01391	0.00902	0.00734	0.00224	0.00773	0.00686	0.04117	0.01229
15	0.00903	0.00652	0.00855	0.01018	0.01073	0.00604	0.00682	0.01035	0.01436	0.01901	0.04277	0.69833	0.08382	0.02302	0.00944	0.00299	0.00428	0.02081	0.00689	0.00604
16	0.01776	0.01701	0.02902	0.14097	0.60220	0.01748	0.02248	0.02224	0.01661	0.02351	0.01386	0.01857	0.01150	0.00673	0.00736	0.00224	0.00897	0.00661	0.00362	0.01126
17	0.02092	0.01687	0.01806	0.01658	0.05194	0.04807	0.01241	0.12587	0.44261	0.08189	0.06249	0.02654	0.02239	0.00985	0.00755	0.00241	0.00658	0.00811	0.00734	0.01155
18	0.01703	0.01890	0.03910	0.09476	0.03751	0.01906	0.52263	0.02258	0.01649	0.02258	0.01418	0.01952	0.01094	0.00722	0.01062	0.00259	0.10277	0.00827	0.00365	0.00961
19	0.00877	0.00752	0.00752	0.00752	0.01003	0.00627	0.00564	0.01065	0.01692	0.02005	0.07520	0.07144	0.68978	0.01880	0.00877	0.00251	0.00376	0.01567	0.00689	0.00627
20	0.00877	0.00752	0.00752	0.00752	0.01003	0.00627	0.00564	0.01065	0.01692	0.02005	0.07520	0.07144	0.68978	0.01880	0.00877	0.00251	0.00376	0.01567	0.00689	0.00627
21	0.02739	0.03279	0.02100	0.01871	0.02280	0.59698	0.01420	0.10677	0.05117	0.02216	0.01305	0.01454	0.01050	0.00791	0.00682	0.00198	0.01244	0.00517	0.00442	0.00923
22	0.01767	0.01612	0.02255	0.51813	0.07339	0.05871	0.01913	0.14046	0.01903	0.02433	0.01399	0.01898	0.01047	0.00768	0.00738	0.00238	0.00973	0.00651	0.00411	0.00924
23	0.02689	0.01991	0.02145	0.01653	0.02232	0.02175	0.01358	0.61099	0.03316	0.04464	0.01834	0.04150	0.01375	0.00920	0.00739	0.00219	0.00790	0.00704	0.00724	0.05424
24	0.01389	0.01272	0.01371	0.01324	0.01511	0.12082	0.01024	0.03678	0.01411	0.01833	0.01848	0.02630	0.01694	0.04656	0.57568	0.01003	0.01848	0.00741	0.00406	0.00713
25	0.01985	0.74357	0.03890	0.01270	0.01905	0.02937	0.01270	0.02223	0.01508	0.01747	0.01032	0.01191	0.00953	0.00635	0.00476	0.00159	0.00794	0.00397	0.00318	0.00953
26	0.01527	0.03573	0.60511	0.02263	0.03310	0.01746	0.12027	0.02355	0.01594	0.02355	0.01357	0.01631	0.00967	0.00694	0.00730	0.00237	0.01120	0.00596	0.00322	0.01083
27	0.01002	0.00752	0.00927	0.00893	0.01081	0.00678	0.00666	0.01302	0.01971	0.02690	0.50919	0.08902	0.22204	0.01642	0.00879	0.00241	0.00360	0.01431	0.00780	0.00678
28	0.03285	0.01336	0.01768	0.01355	0.01931	0.01199	0.01120	0.09251	0.02247	0.63988	0.02827	0.02460	0.01786	0.00916	0.00746	0.00229	0.00648	0.00740	0.00903	0.01263
29	0.00893	0.00753	0.00773	0.00768	0.01012	0.00633	0.00576	0.01095	0.01729	0.02092	0.12994	0.07002	0.63451	0.01848	0.00877	0.00249	0.00374	0.01547	0.00701	0.00633
30	0.01384	0.00692	0.00692	0.00692	0.00865	0.00692	0.00519	0.01730	0.01557	0.02768	0.02422	0.02768	0.01903	0.00865	0.00519	0.00173	0.00346	0.00692	0.78031	0.00692
31	0.01080	0.00720	0.00810	0.00810	0.00810	0.00720	0.00450	0.01080	0.01080	0.01439	0.02339	0.04858	0.02699	0.73910	0.03779	0.00720	0.00720	0.01080	0.00450	0.00450
32	0.01080	0.00720	0.00810	0.00810	0.00810	0.00720	0.00450	0.01080	0.01080	0.01439	0.02339	0.04858	0.02699	0.73910	0.03779	0.00720	0.00720	0.01080	0.00450	0.00450
33	0.02773	0.03538	0.02104	0.01913	0.02295	0.70930	0.01434	0.02964	0.02104	0.01817	0.01148	0.01339	0.00956	0.00765	0.00669	0.00191	0.01339	0.00478	0.00383	0.00861
34	0.01846	0.01595	0.01679	0.01511	0.01930	0.01846	0.01175	0.03945	0.67938	0.03105	0.03022	0.02770	0.02266	0.01007	0.00755	0.00252	0.00588	0.00839	0.00755	0.01175
35	0.01486	0.01376	0.02269	0.65480	0.08472	0.01683	0.02046	0.04668	0.01581	0.02043	0.01343	0.01963	0.01011	0.00744	0.00742	0.00245	0.00976	0.00660	0.00349	0.00862
36	0.05010	0.03662	0.64719	0.02146	0.05328	0.01723	0.02640	0.02341	0.01558	0.02398	0.01321	0.01560	0.00942	0.00703	0.00695	0.00234	0.01066	0.00546	0.00322	0.01087
37	0.01837	0.01764	0.03013	0.04557	0.69279	0.01764	0.02278	0.02278	0.01690	0.02425	0.01396	0.01837	0.01176	0.00661	0.00735	0.00220	0.00882	0.00661	0.00367	0.01176
38	0.01817	0.01799	0.02945	0.13378	0.53956	0.04897	0.05861	0.02264	0.01685	0.02324	0.01381	0.01843	0.01138	0.00675	0.00741	0.00224	0.00938	0.00665	0.00364	0.01105
39	0.02773	0.03538	0.02104	0.01913	0.02295	0.70930	0.01434	0.02964	0.02104	0.01817	0.01148	0.01339	0.00956	0.00765	0.00669	0.00191	0.01339	0.00478	0.00383	0.00861
40	0.00903	0.00651	0.00857	0.01021	0.01074	0.00604	0.00684	0.01035	0.01433	0.01900	0.04241	0.70533	0.07706	0.02306	0.00944	0.00299	0.00428	0.02087	0.00689	0.00604
41	0.01709	0.01934	0.04203	0.03023	0.03738	0.01813	0.63257	0.02310	0.01735	0.02354	0.01633	0.05607	0.01317	0.00712	0.00880	0.00253	0.01210	0.00938	0.00391	0.00981
42	0.06365	0.70218	0.03731	0.01254	0.01879	0.02865	0.01244	0.02221	0.01495	0.01837	0.01032	0.01192	0.00944	0.00638	0.00475	0.00163	0.00781	0.00397	0.00326	0.00944
43	0.00984	0.00712	0.00914	0.01048	0.01125	0.00676	0.00713	0.03822	0.01523	0.02019	0.04167	0.67045	0.07989	0.02243	0.00935	0.00296	0.00444	0.02022	0.00691	0.00632
44	0.02739	0.03262	0.02160	0.01999	0.05192	0.58535	0.01468	0.11683	0.02276	0.02235	0.01245	0.01421	0.01008	0.00778	0.00682	0.00197	0.01247	0.00512	0.00431	0.00929
45	0.64940	0.01579	0.01275	0.01104	0.01578	0.04547	0.00904	0.08742	0.01560	0.06423	0.01199	0.01329	0.00903	0.00723	0.00509	0.00227	0.00633	0.00447	0.00505	0.00873
46	0.01043	0.00759	0.00982	0.00926	0.01104	0.00697	0.00694	0.01386	0.02083	0.02934	0.66189	0.05616	0.09730	0.01534	0.00876	0.00234	0.00351	0.01352	0.00812	0.00697
47	0.01070	0.00759	0.01011	0.01011	0.01081	0.00829	0.00701	0.01209	0.01139	0.01589	0.02155	0.03839	0.02256	0.38026	0.39058	0.00968	0.01386	0.00930	0.00422	0.00562
48	0.01042	0.00758	0.00980	0.00925	0.01104	0.00697	0.00694	0.01384	0.02081	0.02928	0.65790	0.05626	0.10133	0.01536	0.00876	0.00234	0.00352	0.01354	0.00811	0.00697
49	0.01073	0.00722	0.00834	0.00839	0.00848	0.00728	0.00485	0.01092	0.01097	0.01470	0.02374	0.06895	0.02719	0.67698	0.07591	0.00734	0.00784	0.01095	0.00454	0.00467
50	0.02723	0.03364	0.02085	0.01881	0.02275	0.64011	0.01419	0.05809	0.05901	0.02015	0.01282	0.01439	0.01044	0.00784	0.00677	0.00196	0.01273	0.00507	0.00419	0.00896
51	0.01051	0.00759	0.00992	0.00934	0.01109	0.00700	0.00700	0.01401	0.02101	0.02977	0.68888	0.05545	0.07005	0.01518	0.00876	0.00233	0.00350	0.01343	0.00817	0.00700
52	0.02379	0.04809	0.01768	0.04419	0.01980	0.01160	0.01049	0.02692	0.01805	0.33355	0.02046	0.01997	0.01427	0.00732	0.00645	0.00174	0.00619	0.00589	0.00649	0.35706

[dist]
# distance from previous block
# <min> <max>
0	1

[block]
# block no. 3 follows, 27 sequences, length 22
# corresponding to MSA columns:
# 131-152
name=unknown_D
#
# <colnr> <probs for GDERKNQSTAVLIFYWHMCP>
#	G	D	E	R	K	N	Q	S	T	A	V	L	I	F	Y	W	H	M	C	P
0	0.01565	0.16653	0.51352	0.01927	0.02872	0.01894	0.04689	0.02273	0.01595	0.02277	0.05244	0.01747	0.01305	0.00737	0.00679	0.00221	0.01003	0.00579	0.00346	0.01044
1	0.01407	0.01467	0.06204	0.68021	0.05002	0.01654	0.02102	0.01923	0.01489	0.01923	0.01320	0.01955	0.00987	0.00740	0.00740	0.00247	0.00996	0.00653	0.00329	0.00841
2	0.01576	0.16169	0.58494	0.01968	0.02984	0.01936	0.02485	0.02329	0.01557	0.02245	0.01280	0.01502	0.00943	0.00693	0.00665	0.00222	0.01044	0.00522	0.00314	0.01072
3	0.08591	0.13382	0.02018	0.01411	0.01735	0.10191	0.06907	0.03942	0.01502	0.02093	0.01624	0.02342	0.01487	0.11460	0.17335	0.00501	0.04759	0.00680	0.07259	0.00779
4	0.00900	0.00662	0.00845	0.00991	0.01066	0.00607	0.00670	0.01038	0.01462	0.01912	0.04609	0.63433	0.14570	0.02259	0.00937	0.00294	0.00422	0.02028	0.00689	0.00607
5	0.01985	0.74357	0.03890	0.01270	0.01905	0.02937	0.01270	0.02223	0.01508	0.01747	0.01032	0.01191	0.00953	0.00635	0.00476	0.00159	0.00794	0.00397	0.00318	0.00953
6	0.06762	0.01416	0.02029	0.55145	0.04295	0.05925	0.01842	0.01944	0.01533	0.02025	0.01574	0.02583	0.01333	0.00883	0.00749	0.00253	0.00950	0.07567	0.00381	0.00810
7	0.01499	0.01277	0.01497	0.01095	0.01716	0.00965	0.00868	0.01817	0.01532	0.02386	0.01494	0.06065	0.01339	0.00662	0.00575	0.00122	0.00542	0.00545	0.00456	0.73548
8	0.01948	0.01807	0.01725	0.01555	0.01970	0.09378	0.01203	0.03838	0.60761	0.02965	0.02817	0.02614	0.02123	0.00981	0.00746	0.00245	0.00669	0.00800	0.00715	0.01141
9	0.03331	0.01263	0.01723	0.01321	0.01895	0.01091	0.01091	0.03618	0.02125	0.69794	0.02929	0.02527	0.01838	0.00919	0.00747	0.00230	0.00632	0.00747	0.00919	0.01263
10	0.01583	0.01430	0.02275	0.60303	0.08743	0.01728	0.02004	0.08997	0.01716	0.02232	0.01375	0.01949	0.01031	0.00753	0.00742	0.00243	0.00964	0.00661	0.00377	0.00894
11	0.00950	0.00665	0.00848	0.00975	0.01007	0.00633	0.00627	0.01046	0.01332	0.01776	0.03635	0.55561	0.04334	0.20976	0.01685	0.00410	0.00506	0.01842	0.00627	0.00563
12	0.00886	0.00746	0.00768	0.00777	0.01011	0.00628	0.00577	0.01076	0.01690	0.02035	0.09588	0.11259	0.62637	0.01895	0.00882	0.00253	0.00379	0.01593	0.00694	0.00628
13	0.01837	0.01764	0.03013	0.04557	0.69279	0.01764	0.02278	0.02278	0.01690	0.02425	0.01396	0.01837	0.01176	0.00661	0.00735	0.00220	0.00882	0.00661	0.00367	0.01176
14	0.01595	0.11283	0.51291	0.02095	0.03061	0.01882	0.09442	0.02440	0.05761	0.02335	0.01424	0.01649	0.01046	0.00708	0.00702	0.00229	0.01048	0.00586	0.00349	0.01076
15	0.01059	0.00725	0.00815	0.00811	0.00845	0.00710	0.00475	0.01096	0.01194	0.01579	0.06577	0.05110	0.09110	0.63121	0.03345	0.00649	0.00667	0.01140	0.00493	0.00480
16	0.02083	0.65843	0.03694	0.01322	0.01952	0.02863	0.01287	0.09830	0.01742	0.02092	0.01120	0.01261	0.00989	0.00665	0.00508	0.00166	0.00797	0.00429	0.00368	0.00989
17	0.06335	0.01336	0.01771	0.13374	0.02290	0.07274	0.09250	0.01785	0.01531	0.02194	0.04243	0.19942	0.02320	0.01342	0.02719	0.00275	0.07614	0.01046	0.12595	0.00763
18	0.00909	0.00727	0.00814	0.00847	0.01036	0.00632	0.00614	0.01106	0.01685	0.02119	0.15559	0.23142	0.44325	0.01937	0.00894	0.00261	0.00386	0.01667	0.00708	0.00632
19	0.01549	0.03443	0.56364	0.02423	0.07806	0.01748	0.11588	0.02350	0.01601	0.02360	0.01360	0.01646	0.00982	0.00691	0.00731	0.00236	0.01104	0.00602	0.00326	0.01089
20	0.01515	0.11315	0.58132	0.01935	0.02907	0.01788	0.02426	0.02250	0.01528	0.02223	0.01368	0.01750	0.01062	0.05684	0.00890	0.00260	0.01038	0.00568	0.00323	0.01037
21	0.02161	0.01644	0.01858	0.07741	0.02218	0.01825	0.01265	0.37733	0.12314	0.03643	0.06393	0.08892	0.02167	0.05545	0.00958	0.00268	0.00728	0.00892	0.00690	0.01066

[dist]
# distance from previous block
# <min> <max>
0	2

[block]
# block no. 4 follows, 27 sequences, length 114
# corresponding to MSA columns:
# 155-268
name=unknown_E
#
# <colnr> <probs for GDERKNQSTAVLIFYWHMCP>
#	G	D	E	R	K	N	Q	S	T	A	V	L	I	F	Y	W	H	M	C	P
0	0.01080	0.00720	0.00810	0.00810	0.00810	0.00720	0.00450	0.01080	0.01080	0.01439	0.02339	0.04858	0.02699	0.73910	0.03779	0.00720	0.00720	0.01080	0.00450	0.00450
1	0.01802	0.10928	0.06476	0.01442	0.01865	0.01575	0.01301	0.18543	0.04134	0.04986	0.02941	0.04749	0.06634	0.03500	0.00914	0.00279	0.00738	0.25646	0.00630	0.00919
2	0.01894	0.01760	0.02889	0.09050	0.58870	0.01803	0.02187	0.07939	0.01835	0.02587	0.01425	0.01842	0.01170	0.00687	0.00736	0.00223	0.00884	0.00662	0.00398	0.01159
3	0.01703	0.19940	0.27642	0.04651	0.08554	0.08561	0.01904	0.02192	0.01591	0.02095	0.03736	0.05210	0.01412	0.01029	0.03713	0.00259	0.03834	0.00638	0.00366	0.00969
4	0.00877	0.00752	0.00752	0.00752	0.01003	0.00627	0.00564	0.01065	0.01692	0.02005	0.07520	0.07144	0.68978	0.01880	0.00877	0.00251	0.00376	0.01567	0.00689	0.00627
5	0.79154	0.01436	0.01091	0.00976	0.01436	0.01665	0.00804	0.02182	0.01263	0.03331	0.01034	0.01206	0.00804	0.00689	0.00459	0.00230	0.00574	0.00402	0.00459	0.00804
6	0.02820	0.02127	0.02224	0.01715	0.02302	0.04532	0.01412	0.64730	0.03445	0.04586	0.01762	0.01768	0.01253	0.00887	0.00740	0.00222	0.00834	0.00662	0.00731	0.01249
7	0.01748	0.02014	0.06362	0.03221	0.12426	0.01878	0.52399	0.02332	0.01705	0.02352	0.01454	0.01945	0.01118	0.00669	0.00934	0.00250	0.04981	0.00824	0.00370	0.01018
8	0.01336	0.01148	0.01407	0.01335	0.01491	0.05486	0.01043	0.01760	0.07907	0.01913	0.01935	0.02691	0.01754	0.06394	0.44865	0.00858	0.11218	0.00766	0.03955	0.00740
9	0.79154	0.01436	0.01091	0.00976	0.01436	0.01665	0.00804	0.02182	0.01263	0.03331	0.01034	0.01206	0.00804	0.00689	0.00459	0.00230	0.00574	0.00402	0.00459	0.00804
10	0.00887	0.00752	0.00765	0.00762	0.01008	0.00631	0.00571	0.01083	0.01714	0.02057	0.10777	0.07060	0.65690	0.01861	0.00877	0.00250	0.00375	0.01555	0.00696	0.00631
11	0.01124	0.00876	0.01046	0.01021	0.01193	0.03724	0.00772	0.01447	0.02010	0.02770	0.54948	0.11516	0.06336	0.01600	0.00885	0.00247	0.00427	0.06584	0.00776	0.00697
12	0.02591	0.01888	0.02066	0.01568	0.02174	0.01981	0.01290	0.50775	0.03035	0.07416	0.01746	0.01770	0.01258	0.00825	0.00704	0.00201	0.00755	0.00627	0.00691	0.16639
13	0.57495	0.19157	0.01796	0.01061	0.01567	0.01953	0.00928	0.02247	0.01356	0.05486	0.01106	0.01253	0.00880	0.00685	0.00475	0.00212	0.00630	0.00414	0.00442	0.00858
14	0.02712	0.02025	0.02166	0.01686	0.02260	0.02251	0.01385	0.59745	0.10728	0.04502	0.01921	0.01893	0.01375	0.00904	0.00744	0.00226	0.00791	0.00688	0.00744	0.01253
15	0.01402	0.01319	0.02227	0.72126	0.05113	0.01649	0.02062	0.01897	0.01484	0.01897	0.01319	0.01979	0.00990	0.00742	0.00742	0.00247	0.00990	0.00660	0.00330	0.00825
16	0.01604	0.11212	0.59806	0.02017	0.03031	0.05239	0.02525	0.02368	0.01587	0.02262	0.01292	0.01517	0.00942	0.00701	0.00680	0.00225	0.01077	0.00529	0.00317	0.01070
17	0.02773	0.03538	0.02104	0.01913	0.02295	0.70930	0.01434	0.02964	0.02104	0.01817	0.01148	0.01339	0.00956	0.00765	0.00669	0.00191	0.01339	0.00478	0.00383	0.00861
18	0.02777	0.02003	0.02169	0.01658	0.02255	0.02178	0.01368	0.60528	0.03326	0.07475	0.01809	0.01803	0.01280	0.00874	0.00733	0.00217	0.00794	0.00660	0.00734	0.05358
19	0.00904	0.00646	0.00861	0.01034	0.01077	0.00603	0.00689	0.01034	0.01421	0.01895	0.04092	0.73426	0.04910	0.02326	0.00948	0.00301	0.00431	0.02110	0.00689	0.00603
20	0.01061	0.00795	0.01193	0.01193	0.01326	0.00928	0.00928	0.01326	0.01193	0.01723	0.01988	0.02916	0.01856	0.05568	0.70968	0.01193	0.01988	0.00795	0.00398	0.00663
21	0.02781	0.03303	0.02124	0.01880	0.02296	0.59871	0.01431	0.13252	0.02327	0.02278	0.01250	0.01410	0.01006	0.00785	0.00681	0.00196	0.01255	0.00509	0.00441	0.00925
22	0.03228	0.01241	0.01690	0.01303	0.01860	0.01073	0.01073	0.03518	0.02124	0.66777	0.05907	0.02663	0.02071	0.00946	0.00752	0.00230	0.00619	0.00773	0.00914	0.01238
23	0.00901	0.00660	0.00847	0.00996	0.01067	0.00606	0.00672	0.01038	0.01458	0.01910	0.04555	0.64476	0.13561	0.02266	0.00938	0.00295	0.00423	0.02037	0.00689	0.00606
24	0.01289	0.00645	0.00967	0.00967	0.00967	0.00645	0.00645	0.00967	0.00967	0.01289	0.01289	0.02257	0.01289	0.02579	0.02901	0.78401	0.00645	0.00645	0.00322	0.00322
25	0.01592	0.00880	0.01159	0.01021	0.01294	0.00792	0.00790	0.01922	0.02093	0.18992	0.50918	0.04876	0.07911	0.01386	0.00845	0.00233	0.00419	0.01207	0.00837	0.00833
26	0.03331	0.01263	0.01723	0.01321	0.01895	0.01091	0.01091	0.03618	0.02125	0.69794	0.02929	0.02527	0.01838	0.00919	0.00747	0.00230	0.00632	0.00747	0.00919	0.01263
27	0.01752	0.02003	0.04380	0.03129	0.03880	0.01877	0.66583	0.02378	0.01752	0.02378	0.01502	0.02003	0.01126	0.00626	0.00876	0.00250	0.01252	0.00876	0.00375	0.01001
28	0.06057	0.01270	0.01700	0.01308	0.01879	0.01112	0.01081	0.03566	0.02094	0.67404	0.02861	0.02479	0.01800	0.00911	0.00736	0.00230	0.00630	0.00734	0.00902	0.01247
29	0.00904	0.00646	0.00861	0.01034	0.01077	0.00603	0.00689	0.01034	0.01421	0.01895	0.04092	0.73426	0.04910	0.02326	0.00948	0.00301	0.00431	0.02110	0.00689	0.00603
30	0.00904	0.00646	0.00861	0.01034	0.01077	0.00603	0.00689	0.01034	0.01421	0.01895	0.04092	0.73426	0.04910	0.02326	0.00948	0.00301	0.00431	0.02110	0.00689	0.00603
31	0.01411	0.01306	0.02164	0.66084	0.04797	0.01636	0.01978	0.01885	0.01473	0.01929	0.01351	0.01997	0.01028	0.00771	0.00806	0.00248	0.04039	0.00661	0.03620	0.00819
32	0.01837	0.01764	0.03013	0.04557	0.69279	0.01764	0.02278	0.02278	0.01690	0.02425	0.01396	0.01837	0.01176	0.00661	0.00735	0.00220	0.00882	0.00661	0.00367	0.01176
33	0.79154	0.01436	0.01091	0.00976	0.01436	0.01665	0.00804	0.02182	0.01263	0.03331	0.01034	0.01206	0.00804	0.00689	0.00459	0.00230	0.00574	0.00402	0.00459	0.00804
34	0.02822	0.02079	0.02228	0.01708	0.02302	0.02302	0.01411	0.66804	0.03490	0.04679	0.01782	0.01782	0.01262	0.00891	0.00743	0.00223	0.00817	0.00668	0.00743	0.01262
35	0.02828	0.01391	0.01713	0.01362	0.01884	0.01343	0.01108	0.14756	0.09501	0.43888	0.03092	0.04996	0.06593	0.01036	0.00762	0.00235	0.00636	0.00844	0.00846	0.01188
36	0.01799	0.01725	0.02944	0.10535	0.63602	0.01754	0.02259	0.02245	0.01672	0.02379	0.01390	0.01850	0.01159	0.00669	0.00736	0.00223	0.00891	0.00661	0.00364	0.01145
37	0.01817	0.01561	0.01657	0.01504	0.01913	0.01802	0.01176	0.03836	0.64937	0.03065	0.03063	0.03024	0.02357	0.01054	0.00768	0.00256	0.00592	0.03715	0.00752	0.01153
38	0.02804	0.01144	0.01543	0.01231	0.01712	0.00996	0.00997	0.03089	0.02073	0.54664	0.12445	0.06310	0.05362	0.01104	0.00779	0.00234	0.00573	0.00924	0.00885	0.01129
39	0.01985	0.74357	0.03890	0.01270	0.01905	0.02937	0.01270	0.02223	0.01508	0.01747	0.01032	0.01191	0.00953	0.00635	0.00476	0.00159	0.00794	0.00397	0.00318	0.00953
40	0.01837	0.01764	0.03013	0.04557	0.69279	0.01764	0.02278	0.02278	0.01690	0.02425	0.01396	0.01837	0.01176	0.00661	0.00735	0.00220	0.00882	0.00661	0.00367	0.01176
41	0.01402	0.01319	0.02227	0.72126	0.05113	0.01649	0.02062	0.01897	0.01484	0.01897	0.01319	0.01979	0.00990	0.00742	0.00742	0.00247	0.00990	0.00660	0.00330	0.00825
42	0.00948	0.00771	0.00851	0.00876	0.01106	0.00673	0.00687	0.01178	0.01731	0.02129	0.12302	0.07219	0.52193	0.01878	0.00903	0.00265	0.00428	0.12521	0.00700	0.00643
43	0.00933	0.00658	0.00853	0.00998	0.01034	0.00622	0.00651	0.01041	0.01366	0.01822	0.03809	0.62377	0.04554	0.13861	0.01404	0.00369	0.00477	0.01944	0.00651	0.00578
44	0.00917	0.00659	0.00872	0.01038	0.01095	0.00615	0.00707	0.01058	0.01445	0.01914	0.04213	0.67983	0.07293	0.02297	0.00948	0.00301	0.00440	0.04908	0.00689	0.00608
45	0.01063	0.00713	0.00815	0.00831	0.00836	0.00708	0.00473	0.01075	0.01113	0.01484	0.02510	0.11531	0.02914	0.66943	0.03503	0.00679	0.00692	0.01180	0.00473	0.00465
46	0.01846	0.01595	0.01679	0.01511	0.01930	0.01846	0.01175	0.03945	0.67938	0.03105	0.03022	0.02770	0.02266	0.01007	0.00755	0.00252	0.00588	0.00839	0.00755	0.01175
47	0.02743	0.06204	0.02171	0.01888	0.02280	0.68370	0.01428	0.02936	0.02081	0.01814	0.01143	0.01333	0.00956	0.00760	0.00662	0.00190	0.01318	0.00475	0.00380	0.00864
48	0.01530	0.09620	0.64640	0.02047	0.03106	0.01824	0.02622	0.02341	0.01563	0.02301	0.01308	0.01536	0.00941	0.00700	0.00687	0.00229	0.01072	0.00536	0.00314	0.01085
49	0.01985	0.74357	0.03890	0.01270	0.01905	0.02937	0.01270	0.02223	0.01508	0.01747	0.01032	0.01191	0.00953	0.00635	0.00476	0.00159	0.00794	0.00397	0.00318	0.00953
50	0.01985	0.74357	0.03890	0.01270	0.01905	0.02937	0.01270	0.02223	0.01508	0.01747	0.01032	0.01191	0.00953	0.00635	0.00476	0.00159	0.00794	0.00397	0.00318	0.00953
51	0.01539	0.01319	0.01539	0.01100	0.01759	0.00990	0.00880	0.01869	0.01539	0.02419	0.01319	0.01539	0.01100	0.00550	0.00550	0.00110	0.00550	0.00440	0.00440	0.78449
52	0.01080	0.00720	0.00810	0.00810	0.00810	0.00720	0.00450	0.01080	0.01080	0.01439	0.02339	0.04858	0.02699	0.73910	0.03779	0.00720	0.00720	0.01080	0.00450	0.00450
53	0.79154	0.01436	0.01091	0.00976	0.01436	0.01665	0.00804	0.02182	0.01263	0.03331	0.01034	0.01206	0.00804	0.00689	0.00459	0.00230	0.00574	0.00402	0.00459	0.00804
54	0.05621	0.02444	0.02037	0.01685	0.02173	0.24979	0.01337	0.36800	0.05762	0.03503	0.01633	0.01710	0.01223	0.00845	0.00696	0.00211	0.00946	0.00604	0.04714	0.01077
55	0.00968	0.00754	0.00893	0.00967	0.01151	0.00680	0.00748	0.01189	0.01661	0.02085	0.09205	0.21264	0.36879	0.01995	0.00927	0.00282	0.00459	0.16559	0.00695	0.00639
56	0.01748	0.01732	0.02798	0.14837	0.42366	0.05073	0.08566	0.02240	0.03654	0.02303	0.01747	0.02282	0.03939	0.00775	0.00762	0.00232	0.00924	0.02575	0.00396	0.01050
57	0.64090	0.03641	0.01125	0.00949	0.01381	0.01538	0.00780	0.02004	0.01340	0.03067	0.02079	0.02162	0.11795	0.00879	0.00527	0.00231	0.00549	0.00590	0.00492	0.00780
58	0.05223	0.01210	0.01482	0.01207	0.01636	0.01153	0.00971	0.12875	0.02266	0.31395	0.22020	0.03648	0.09362	0.01166	0.00784	0.00232	0.00555	0.00967	0.00823	0.01026
59	0.01987	0.01152	0.01372	0.01182	0.01571	0.01127	0.00931	0.02759	0.19933	0.24950	0.16658	0.04115	0.16590	0.01254	0.00801	0.00241	0.00513	0.01054	0.00808	0.01001
60	0.01837	0.01764	0.03013	0.04557	0.69279	0.01764	0.02278	0.02278	0.01690	0.02425	0.01396	0.01837	0.01176	0.00661	0.00735	0.00220	0.00882	0.00661	0.00367	0.01176
61	0.01856	0.01774	0.12657	0.01711	0.07369	0.03883	0.01415	0.11044	0.09853	0.10900	0.08867	0.08968	0.04626	0.04443	0.00932	0.00270	0.00731	0.07079	0.00635	0.00986
62	0.01985	0.74357	0.03890	0.01270	0.01905	0.02937	0.01270	0.02223	0.01508	0.01747	0.01032	0.01191	0.00953	0.00635	0.00476	0.00159	0.00794	0.00397	0.00318	0.00953
63	0.01183	0.00845	0.01181	0.01352	0.01517	0.00843	0.01174	0.01515	0.01696	0.02207	0.03938	0.11288	0.04301	0.02063	0.01022	0.00340	0.00672	0.61498	0.00684	0.00680
64	0.01583	0.01286	0.01523	0.01595	0.07333	0.01380	0.01162	0.02756	0.33839	0.04969	0.03873	0.04689	0.14324	0.01359	0.00834	0.00268	0.00598	0.14954	0.00701	0.00973
65	0.01422	0.01340	0.02262	0.69053	0.08031	0.01655	0.02072	0.01914	0.01494	0.01921	0.01323	0.01973	0.00998	0.00739	0.00742	0.00246	0.00985	0.00660	0.00332	0.00841
66	0.01793	0.01534	0.01639	0.01499	0.01898	0.01765	0.01177	0.03748	0.62510	0.03033	0.03096	0.03229	0.02431	0.01093	0.00778	0.00259	0.00595	0.06039	0.00749	0.01135
67	0.01884	0.01613	0.01700	0.01518	0.01945	0.01864	0.01184	0.06363	0.65459	0.03166	0.02974	0.02732	0.02228	0.01003	0.00755	0.00251	0.00596	0.00833	0.00755	0.01178
68	0.00924	0.00660	0.00884	0.01056	0.01108	0.00620	0.00724	0.01068	0.01441	0.01917	0.04081	0.69012	0.04867	0.02307	0.00953	0.00304	0.00448	0.06329	0.00689	0.00608
69	0.01752	0.02003	0.04380	0.03129	0.03880	0.01877	0.66583	0.02378	0.01752	0.02378	0.01502	0.02003	0.01126	0.00626	0.00876	0.00250	0.01252	0.00876	0.00375	0.01001
70	0.01402	0.01319	0.02227	0.72126	0.05113	0.01649	0.02062	0.01897	0.01484	0.01897	0.01319	0.01979	0.00990	0.00742	0.00742	0.00247	0.00990	0.00660	0.00330	0.00825
71	0.03264	0.01278	0.01721	0.01329	0.01897	0.01125	0.01095	0.03633	0.05096	0.66782	0.02933	0.02538	0.01857	0.00923	0.00747	0.00231	0.00630	0.00751	0.00911	0.01259
72	0.01818	0.01744	0.02978	0.07608	0.66382	0.01759	0.02269	0.02261	0.01681	0.02401	0.01393	0.01844	0.01167	0.00665	0.00735	0.00222	0.00887	0.00661	0.00366	0.01160
73	0.01985	0.74357	0.03890	0.01270	0.01905	0.02937	0.01270	0.02223	0.01508	0.01747	0.01032	0.01191	0.00953	0.00635	0.00476	0.00159	0.00794	0.00397	0.00318	0.00953
74	0.03154	0.01269	0.01696	0.01321	0.01871	0.01129	0.01084	0.03566	0.06597	0.63038	0.05129	0.02644	0.02039	0.00945	0.00751	0.00231	0.00619	0.00773	0.00904	0.01239
75	0.01752	0.02003	0.04380	0.03129	0.03880	0.01877	0.66583	0.02378	0.01752	0.02378	0.01502	0.02003	0.01126	0.00626	0.00876	0.00250	0.01252	0.00876	0.00375	0.01001
76	0.01960	0.70905	0.07129	0.01312	0.01969	0.02878	0.01342	0.02229	0.01511	0.01776	0.01047	0.01209	0.00952	0.00639	0.00488	0.00163	0.00809	0.00404	0.00317	0.00960
77	0.00904	0.00646	0.00861	0.01034	0.01077	0.00603	0.00689	0.01034	0.01421	0.01895	0.04092	0.73426	0.04910	0.02326	0.00948	0.00301	0.00431	0.02110	0.00689	0.00603
78	0.79154	0.01436	0.01091	0.00976	0.01436	0.01665	0.00804	0.02182	0.01263	0.03331	0.01034	0.01206	0.00804	0.00689	0.00459	0.00230	0.00574	0.00402	0.00459	0.00804
79	0.00877	0.00752	0.00752	0.00752	0.01003	0.00627	0.00564	0.01065	0.01692	0.02005	0.07520	0.07144	0.68978	0.01880	0.00877	0.00251	0.00376	0.01567	0.00689	0.00627
80	0.02771	0.01987	0.02150	0.01667	0.02245	0.02188	0.01371	0.57516	0.08880	0.08613	0.01959	0.01913	0.01384	0.00903	0.00744	0.00226	0.00786	0.00688	0.00755	0.01255
81	0.00877	0.00752	0.00752	0.00752	0.01003	0.00627	0.00564	0.01065	0.01692	0.02005	0.07520	0.07144	0.68978	0.01880	0.00877	0.00251	0.00376	0.01567	0.00689	0.00627
82	0.01489	0.03840	0.70064	0.02116	0.03213	0.01724	0.02743	0.02351	0.01567	0.02351	0.01332	0.01567	0.00940	0.00705	0.00705	0.00235	0.01097	0.00549	0.00313	0.01097
83	0.00903	0.00654	0.00853	0.01013	0.01071	0.00605	0.00680	0.01036	0.01441	0.01903	0.04341	0.68608	0.09566	0.02293	0.00942	0.00298	0.00427	0.02071	0.00689	0.00605
84	0.00912	0.00649	0.00859	0.01024	0.01065	0.00608	0.00678	0.01036	0.01406	0.01875	0.04013	0.70354	0.04811	0.05532	0.01074	0.00320	0.00444	0.02064	0.00678	0.00596
85	0.01539	0.01319	0.01539	0.01100	0.01759	0.00990	0.00880	0.01869	0.01539	0.02419	0.01319	0.01539	0.01100	0.00550	0.00550	0.00110	0.00550	0.00440	0.00440	0.78449
86	0.00904	0.00646	0.00861	0.01034	0.01077	0.00603	0.00689	0.01034	0.01421	0.01895	0.04092	0.73426	0.04910	0.02326	0.00948	0.00301	0.00431	0.02110	0.00689	0.00603
87	0.02758	0.02091	0.02156	0.01674	0.02240	0.05592	0.01374	0.60881	0.03339	0.04456	0.01779	0.01803	0.01275	0.00884	0.00729	0.00219	0.00822	0.00660	0.04048	0.01218
88	0.01622	0.01404	0.02318	0.19756	0.02954	0.01531	0.17374	0.07122	0.01679	0.02442	0.01638	0.02120	0.01283	0.00863	0.00955	0.02601	0.08330	0.00712	0.19649	0.03645
89	0.01593	0.01326	0.01540	0.01144	0.01747	0.01066	0.00908	0.07164	0.01691	0.02562	0.01588	0.07535	0.01430	0.00726	0.00599	0.00135	0.00562	0.00598	0.00486	0.65602
90	0.05036	0.62478	0.03554	0.01341	0.01937	0.11617	0.01273	0.02317	0.01575	0.01816	0.01047	0.01210	0.00947	0.00654	0.00500	0.00166	0.00855	0.00408	0.00331	0.00935
91	0.01820	0.09693	0.36353	0.08164	0.13728	0.04832	0.02244	0.07326	0.01769	0.05280	0.01407	0.01657	0.01047	0.00721	0.00695	0.00224	0.00994	0.00576	0.00386	0.01083
92	0.05065	0.08821	0.38567	0.02066	0.02899	0.01724	0.15429	0.02217	0.01638	0.02395	0.07004	0.02296	0.01647	0.00820	0.00741	0.00237	0.00997	0.04044	0.00394	0.00998
93	0.01080	0.00720	0.00810	0.00810	0.00810	0.00720	0.00450	0.01080	0.01080	0.01439	0.02339	0.04858	0.02699	0.73910	0.03779	0.00720	0.00720	0.01080	0.00450	0.00450
94	0.02599	0.09258	0.02329	0.02067	0.07497	0.57717	0.01493	0.02812	0.01992	0.01858	0.01152	0.01374	0.00974	0.00762	0.00713	0.00195	0.03451	0.00491	0.00374	0.00892
95	0.01100	0.00779	0.00945	0.00913	0.01128	0.00695	0.00693	0.01377	0.01903	0.05811	0.37494	0.09695	0.28515	0.01684	0.00881	0.00248	0.00393	0.04286	0.00764	0.00696
96	0.02689	0.02071	0.02201	0.01806	0.04842	0.04616	0.01423	0.56076	0.09560	0.04342	0.01864	0.01864	0.01345	0.00889	0.00741	0.00224	0.00815	0.00678	0.00717	0.01237
97	0.01344	0.01105	0.01572	0.01567	0.05190	0.01169	0.06360	0.01926	0.14307	0.04248	0.05723	0.39337	0.03547	0.01684	0.01011	0.00281	0.06679	0.01493	0.00640	0.00817
98	0.01080	0.00720	0.00810	0.00810	0.00810	0.00720	0.00450	0.01080	0.01080	0.01439	0.02339	0.04858	0.02699	0.73910	0.03779	0.00720	0.00720	0.01080	0.00450	0.00450
99	0.01061	0.00792	0.01176	0.01176	0.01302	0.00919	0.00906	0.01314	0.01188	0.01710	0.02004	0.03004	0.01894	0.08665	0.67923	0.01172	0.01931	0.00808	0.00400	0.00653
100	0.03001	0.01426	0.01974	0.01882	0.12791	0.01329	0.01313	0.08982	0.04149	0.51198	0.02584	0.02357	0.01693	0.00878	0.00745	0.00228	0.00687	0.00729	0.00810	0.01247
101	0.04315	0.65452	0.10052	0.01341	0.02014	0.02784	0.01395	0.02234	0.01506	0.01852	0.01060	0.01227	0.00947	0.00643	0.00497	0.00168	0.00816	0.00411	0.00322	0.00962
102	0.00937	0.00669	0.00898	0.01071	0.01128	0.00631	0.00745	0.01089	0.01453	0.01931	0.04074	0.66237	0.04840	0.02295	0.00956	0.00306	0.00459	0.08981	0.00689	0.00612
103	0.00900	0.00724	0.00806	0.00867	0.01050	0.00630	0.00632	0.01077	0.01609	0.01981	0.06293	0.27779	0.46144	0.02026	0.00906	0.00271	0.00407	0.04588	0.00689	0.00622
104	0.79154	0.01436	0.01091	0.00976	0.01436	0.01665	0.00804	0.02182	0.01263	0.03331	0.01034	0.01206	0.00804	0.00689	0.00459	0.00230	0.00574	0.00402	0.00459	0.00804
105	0.00904	0.00646	0.00861	0.01034	0.01077	0.00603	0.00689	0.01034	0.01421	0.01895	0.04092	0.73426	0.04910	0.02326	0.00948	0.00301	0.00431	0.02110	0.00689	0.00603
106	0.04060	0.08285	0.39415	0.02184	0.05921	0.12983	0.09152	0.02504	0.04520	0.02290	0.01366	0.01604	0.01027	0.00712	0.00698	0.00224	0.01084	0.00575	0.00357	0.01037
107	0.61895	0.08405	0.01504	0.01100	0.01593	0.01869	0.00927	0.10628	0.01577	0.03357	0.01131	0.01280	0.00878	0.00710	0.00498	0.00222	0.00627	0.00436	0.00483	0.00878
108	0.05418	0.60777	0.10834	0.01373	0.02040	0.05349	0.01414	0.02263	0.01527	0.01885	0.01069	0.01238	0.00945	0.00650	0.00508	0.00171	0.00838	0.00417	0.00326	0.00958
109	0.01923	0.46673	0.24093	0.01557	0.02322	0.05040	0.01722	0.02353	0.01577	0.05019	0.01215	0.01373	0.00989	0.00674	0.00566	0.00187	0.00900	0.00463	0.00346	0.01008
110	0.00911	0.00651	0.00867	0.01029	0.01078	0.00607	0.00690	0.01050	0.01452	0.01944	0.07038	0.70339	0.05005	0.02289	0.00944	0.00298	0.00427	0.02076	0.00695	0.00607
111	0.02525	0.01367	0.01729	0.01399	0.01869	0.04595	0.04519	0.03130	0.12705	0.38789	0.15963	0.03083	0.02858	0.01030	0.00777	0.00233	0.00636	0.00874	0.00817	0.01103
112	0.01622	0.11390	0.16896	0.05545	0.03204	0.01826	0.34790	0.02174	0.01615	0.02189	0.01615	0.06655	0.01393	0.04648	0.00944	0.00264	0.01069	0.00832	0.00378	0.00951
113	0.01068	0.00725	0.00824	0.00824	0.00843	0.00724	0.00477	0.01090	0.01117	0.01482	0.02598	0.04892	0.06178	0.67027	0.06634	0.00716	0.00758	0.01093	0.00460	0.00469

[dist]
# distance from previous block
# <min> <max>
3	30

[block]
# block no. 5 follows, 27 sequences, length 30
# corresponding to MSA columns:
# 300-329
name=unknown_F
#
# <colnr> <probs for GDERKNQSTAVLIFYWHMCP>
#	G	D	E	R	K	N	Q	S	T	A	V	L	I	F	Y	W	H	M	C	P
0	0.02178	0.01313	0.05863	0.01250	0.01695	0.01111	0.01066	0.08868	0.04175	0.29651	0.27186	0.03698	0.06376	0.01165	0.00797	0.00232	0.00565	0.00982	0.00811	0.01017
1	0.57211	0.01434	0.04616	0.01050	0.01481	0.01484	0.00893	0.04105	0.01421	0.03081	0.03835	0.09394	0.05634	0.00968	0.00571	0.00239	0.00575	0.00699	0.00510	0.00799
2	0.01838	0.07093	0.28656	0.02370	0.05225	0.03574	0.23777	0.06559	0.01807	0.06598	0.01603	0.02049	0.01226	0.00756	0.00767	0.00237	0.01066	0.03324	0.00418	0.01056
3	0.01614	0.01534	0.02577	0.29311	0.41143	0.01648	0.02088	0.02059	0.01614	0.02203	0.01762	0.02232	0.05472	0.00770	0.00747	0.00232	0.00889	0.00719	0.00374	0.01011
4	0.00949	0.00668	0.00866	0.01006	0.01047	0.00635	0.00666	0.01063	0.01370	0.01825	0.03762	0.58050	0.04476	0.15513	0.01473	0.00380	0.00495	0.04533	0.00645	0.00578
5	0.05536	0.03243	0.49933	0.02098	0.03014	0.04565	0.10246	0.02351	0.03622	0.02381	0.01527	0.05403	0.01206	0.00792	0.00726	0.00239	0.01049	0.00669	0.00365	0.01037
