[name]
unknown

[dist]
# distance from previous block
# <min> <max>
94	227

[block]
# block no. 0 follows, 30 sequences, length 7
# corresponding to MSA columns:
# 402-408
name=unknown_A
#
# <colnr> <probs for GDERKNQSTAVLIFYWHMCP>
#	G	D	E	R	K	N	Q	S	T	A	V	L	I	F	Y	W	H	M	C	P
0	0.01086	0.00770	0.00891	0.00876	0.00972	0.00751	0.00568	0.05449	0.01342	0.01795	0.06233	0.20442	0.08109	0.41891	0.02305	0.00479	0.00573	0.01232	0.00525	0.03710
1	0.07249	0.01043	0.01113	0.01013	0.01221	0.03000	0.00722	0.12235	0.01629	0.04480	0.08129	0.16413	0.04754	0.28089	0.01748	0.00388	0.00599	0.01059	0.00556	0.04559
2	0.18714	0.01204	0.01340	0.01138	0.01583	0.01170	0.00930	0.02348	0.11202	0.15866	0.04400	0.02857	0.01916	0.00925	0.00642	0.00206	0.00555	0.10926	0.00594	0.21485
3	0.02424	0.02682	0.01818	0.01620	0.02000	0.49793	0.01234	0.06740	0.09227	0.07574	0.01887	0.01927	0.06396	0.00841	0.00662	0.00195	0.01033	0.00594	0.00479	0.00876
4	0.12955	0.01336	0.01827	0.01420	0.01912	0.01266	0.11226	0.06784	0.01633	0.12779	0.01800	0.08311	0.01544	0.00857	0.00722	0.00197	0.03918	0.03442	0.00519	0.25553
5	0.01616	0.01757	0.03060	0.02313	0.02763	0.06110	0.37139	0.02014	0.01477	0.02030	0.01366	0.05449	0.01189	0.00846	0.01194	0.00243	0.21168	0.00769	0.00360	0.07137
6	0.06188	0.00803	0.01061	0.01007	0.01105	0.00800	0.05677	0.01187	0.01171	0.01663	0.02481	0.19046	0.02821	0.45844	0.02453	0.00513	0.00647	0.04531	0.00477	0.00525

[dist]
# distance from previous block
# <min> <max>
93	222

[block]
# block no. 1 follows, 30 sequences, length 31
# corresponding to MSA columns:
# 667-697
name=unknown_B
#
# <colnr> <probs for GDERKNQSTAVLIFYWHMCP>
#	G	D	E	R	K	N	Q	S	T	A	V	L	I	F	Y	W	H	M	C	P
0	0.01355	0.01276	0.02132	0.58708	0.15061	0.01513	0.01891	0.01796	0.01437	0.01867	0.01580	0.02113	0.04892	0.00746	0.00704	0.00229	0.00882	0.00668	0.00335	0.00817
1	0.02219	0.01600	0.01750	0.01364	0.01838	0.01689	0.01096	0.45419	0.02636	0.05928	0.04524	0.02163	0.01573	0.08996	0.00985	0.00246	0.00686	0.00672	0.03472	0.11145
2	0.01042	0.00758	0.00950	0.00980	0.01093	0.00743	0.00676	0.04883	0.01363	0.01850	0.03038	0.40122	0.05114	0.17872	0.10884	0.00460	0.00681	0.01429	0.00552	0.05509
3	0.02418	0.01349	0.01600	0.01282	0.01750	0.01336	0.01040	0.23052	0.06023	0.30467	0.02637	0.07240	0.05365	0.00996	0.00706	0.00214	0.00605	0.02270	0.04155	0.05494
4	0.00988	0.00725	0.00940	0.00970	0.01122	0.00654	0.00708	0.01190	0.01538	0.02120	0.21585	0.37448	0.06822	0.01774	0.00900	0.02996	0.00423	0.07382	0.00643	0.09073
5	0.01759	0.01639	0.01529	0.01468	0.04483	0.14862	0.01084	0.05062	0.29454	0.04448	0.04775	0.05627	0.07189	0.05262	0.00887	0.00252	0.00693	0.06073	0.00599	0.02856
6	0.00997	0.00748	0.01121	0.01121	0.01246	0.00872	0.00872	0.01246	0.01121	0.01620	0.01869	0.02741	0.01745	0.05234	0.72710	0.01121	0.01869	0.00748	0.00374	0.00623
7	0.01999	0.01624	0.01728	0.01456	0.01912	0.01824	0.01157	0.23333	0.46142	0.03334	0.02404	0.02262	0.01787	0.00891	0.00696	0.00222	0.00616	0.00721	0.00691	0.05200
8	0.01707	0.04942	0.43569	0.01777	0.04919	0.01502	0.01978	0.06016	0.01635	0.10502	0.01444	0.01585	0.01033	0.00669	0.00640	0.00198	0.00864	0.00526	0.00406	0.14086
9	0.01622	0.01841	0.06472	0.10158	0.18990	0.01714	0.44253	0.02169	0.01602	0.02200	0.01366	0.01828	0.01049	0.00610	0.00774	0.00228	0.01068	0.00745	0.00345	0.00966
10	0.01423	0.07240	0.68435	0.01949	0.02959	0.01678	0.02509	0.02204	0.01471	0.02181	0.01238	0.01456	0.00885	0.00660	0.00652	0.00217	0.01017	0.00508	0.00295	0.01024
11	0.00863	0.00708	0.00761	0.00748	0.00966	0.00606	0.00561	0.01076	0.01682	0.02102	0.22200	0.06359	0.55573	0.01686	0.00824	0.00232	0.00348	0.01423	0.00677	0.00606
12	0.01653	0.01792	0.03352	0.14711	0.17307	0.05282	0.38617	0.02151	0.01591	0.02125	0.01330	0.01804	0.01034	0.00641	0.00816	0.00229	0.03562	0.00724	0.00343	0.00934
13	0.01579	0.01748	0.03540	0.08225	0.06282	0.03706	0.52429	0.02096	0.01606	0.02145	0.01610	0.08621	0.01375	0.00750	0.00809	0.00237	0.01074	0.00896	0.00377	0.00897
14	0.01212	0.00606	0.00909	0.00909	0.00909	0.00606	0.00606	0.00909	0.00909	0.01212	0.01212	0.02121	0.01212	0.02424	0.02727	0.79697	0.00606	0.00606	0.00303	0.00303
15	0.01327	0.01239	0.02102	0.69123	0.04631	0.01525	0.03866	0.01791	0.01405	0.01825	0.01282	0.01887	0.00964	0.00698	0.00694	0.00230	0.00916	0.00627	0.03090	0.00776
16	0.01440	0.07751	0.64361	0.01992	0.02981	0.01695	0.05914	0.02204	0.01479	0.02178	0.01244	0.01474	0.00894	0.00655	0.00659	0.00218	0.01022	0.00523	0.00298	0.01019
17	0.05204	0.02146	0.28711	0.01568	0.02298	0.01296	0.03600	0.02860	0.01756	0.40386	0.02072	0.01969	0.01348	0.00771	0.00681	0.00218	0.00777	0.00622	0.00614	0.01105
18	0.01318	0.01240	0.02093	0.73798	0.04806	0.01550	0.01938	0.01783	0.01395	0.01783	0.01240	0.01860	0.00930	0.00698	0.00698	0.00233	0.00930	0.00620	0.00310	0.00775
19	0.01482	0.01408	0.02390	0.45897	0.31424	0.01594	0.02020	0.01927	0.01473	0.01982	0.01269	0.01807	0.01001	0.00667	0.00695	0.00222	0.00890	0.00621	0.00324	0.00908
20	0.01724	0.01691	0.02709	0.11923	0.60416	0.05050	0.02081	0.02132	0.01586	0.02197	0.01293	0.01720	0.01076	0.00635	0.00689	0.00209	0.00861	0.00613	0.00342	0.01054
21	0.02418	0.03011	0.01945	0.01758	0.02062	0.61658	0.01330	0.02587	0.01834	0.01690	0.01107	0.01428	0.00970	0.03915	0.00940	0.00215	0.09500	0.00491	0.00356	0.00788
22	0.01106	0.00865	0.01223	0.01169	0.01242	0.01046	0.00891	0.01261	0.01081	0.01558	0.01724	0.02827	0.01714	0.17299	0.43542	0.05316	0.14412	0.00765	0.00367	0.00593
23	0.01447	0.01240	0.01447	0.01034	0.01654	0.00930	0.00827	0.01757	0.01447	0.02274	0.01240	0.01447	0.01034	0.00517	0.00517	0.00103	0.00517	0.00413	0.00413	0.79742
24	0.02148	0.01632	0.01735	0.01426	0.01872	0.01826	0.01142	0.37114	0.27048	0.03607	0.02166	0.02183	0.01623	0.03168	0.00771	0.00229	0.00647	0.00700	0.07877	0.01085
25	0.01959	0.02002	0.02529	0.09157	0.45296	0.16694	0.01888	0.07942	0.01800	0.02300	0.01288	0.01634	0.01055	0.00667	0.00679	0.00204	0.00923	0.00586	0.00376	0.01023
26	0.05679	0.06103	0.01603	0.05252	0.01760	0.04415	0.01032	0.09498	0.07733	0.19958	0.05264	0.16313	0.04280	0.03372	0.00875	0.00244	0.04140	0.00946	0.00631	0.00900
27	0.06650	0.02778	0.01839	0.01807	0.06612	0.55217	0.01274	0.02484	0.01816	0.01816	0.01352	0.07163	0.01265	0.04067	0.00770	0.00213	0.01098	0.00601	0.00388	0.00790
28	0.01212	0.00987	0.01428	0.01487	0.10386	0.00911	0.07047	0.01542	0.03677	0.06074	0.15700	0.08578	0.33196	0.01407	0.00805	0.00234	0.00518	0.03448	0.00616	0.00749
29	0.01514	0.02820	0.43741	0.02298	0.13348	0.04066	0.07935	0.04802	0.01599	0.02261	0.01696	0.04318	0.04946	0.00772	0.00698	0.00221	0.00951	0.00663	0.00358	0.00993
30	0.01672	0.01728	0.06587	0.10505	0.61295	0.01646	0.02147	0.02113	0.01565	0.02231	0.01303	0.01725	0.01077	0.00631	0.00690	0.00210	0.00849	0.00616	0.00339	0.01071

[dist]
# distance from previous block
# <min> <max>
7	23

[block]
# block no. 2 follows, 30 sequences, length 34
# corresponding to MSA columns:
# 723-756
name=unknown_C
#
# <colnr> <probs for GDERKNQSTAVLIFYWHMCP>
#	G	D	E	R	K	N	Q	S	T	A	V	L	I	F	Y	W	H	M	C	P
0	0.01235	0.01128	0.01866	0.60929	0.04136	0.01377	0.01710	0.01640	0.01385	0.01783	0.01701	0.14789	0.01581	0.00961	0.00732	0.00242	0.00837	0.00861	0.00370	0.00738
1	0.01505	0.01428	0.02505	0.46229	0.09609	0.01608	0.15308	0.06336	0.01589	0.02120	0.01350	0.01871	0.01021	0.00683	0.00714	0.00227	0.00937	0.00663	0.03438	0.00858
2	0.01501	0.02388	0.28301	0.10767	0.06194	0.01648	0.32099	0.02141	0.01563	0.02194	0.03542	0.01831	0.01159	0.00656	0.00745	0.00228	0.01054	0.00694	0.00340	0.00952
3	0.01602	0.02112	0.13785	0.04828	0.03590	0.01738	0.57209	0.02219	0.01615	0.02219	0.01384	0.01823	0.01030	0.00602	0.00797	0.00233	0.01149	0.00774	0.00343	0.00949
4	0.00850	0.00607	0.00810	0.00972	0.01012	0.00567	0.00648	0.00972	0.01336	0.01781	0.03846	0.75020	0.04615	0.02186	0.00891	0.00283	0.00405	0.01984	0.00648	0.00567
5	0.01657	0.01589	0.02732	0.12739	0.58973	0.01624	0.04083	0.02081	0.01567	0.02212	0.01373	0.01919	0.01163	0.00666	0.00703	0.00214	0.00847	0.02459	0.00350	0.01047
6	0.01451	0.08040	0.62868	0.02095	0.07566	0.01695	0.02461	0.02198	0.01478	0.02179	0.01239	0.01468	0.00900	0.00656	0.00651	0.00216	0.01000	0.00514	0.00298	0.01028
7	0.00890	0.00709	0.00798	0.00776	0.00983	0.00617	0.00582	0.01128	0.01745	0.02252	0.32673	0.06111	0.45007	0.01630	0.00824	0.00229	0.00344	0.01388	0.00696	0.00617
8	0.00850	0.00607	0.00810	0.00972	0.01012	0.00567	0.00648	0.00972	0.01336	0.01781	0.03846	0.75020	0.04615	0.02186	0.00891	0.00283	0.00405	0.01984	0.00648	0.00567
9	0.02888	0.01214	0.01594	0.01254	0.01764	0.01106	0.01025	0.03379	0.10735	0.60724	0.04778	0.02489	0.01923	0.00891	0.00706	0.00219	0.00581	0.00730	0.00841	0.01161
10	0.01722	0.01673	0.02920	0.04192	0.66542	0.01665	0.06652	0.02148	0.01593	0.02277	0.01319	0.01738	0.01102	0.00619	0.00700	0.00209	0.00853	0.00635	0.00346	0.01094
11	0.01647	0.01882	0.04118	0.02941	0.03647	0.01765	0.68588	0.02235	0.01647	0.02235	0.01412	0.01882	0.01059	0.00588	0.00824	0.00235	0.01176	0.00824	0.00353	0.00941
12	0.02919	0.01160	0.01596	0.04280	0.01862	0.01025	0.01041	0.03201	0.01971	0.64316	0.06982	0.02533	0.02000	0.00892	0.00709	0.00217	0.00591	0.00734	0.00834	0.01137
13	0.01400	0.03610	0.71860	0.01989	0.03020	0.01621	0.02578	0.02210	0.01473	0.02210	0.01252	0.01473	0.00884	0.00663	0.00663	0.00221	0.01031	0.00516	0.00295	0.01031
14	0.00864	0.00617	0.00825	0.00987	0.01033	0.00578	0.00671	0.00995	0.01349	0.01796	0.03839	0.71727	0.04586	0.02174	0.00894	0.00285	0.00417	0.05144	0.00648	0.00571
15	0.80405	0.01350	0.01026	0.00918	0.01350	0.01565	0.00756	0.02051	0.01188	0.03131	0.00972	0.01134	0.00756	0.00648	0.00432	0.00216	0.00540	0.00378	0.00432	0.00756
16	0.01001	0.00694	0.00829	0.00808	0.00961	0.00643	0.00586	0.01258	0.01703	0.02411	0.39453	0.08449	0.16352	0.09294	0.01068	0.00266	0.00373	0.01219	0.12015	0.00616
17	0.01400	0.03610	0.71860	0.01989	0.03020	0.01621	0.02578	0.02210	0.01473	0.02210	0.01252	0.01473	0.00884	0.00663	0.00663	0.00221	0.01031	0.00516	0.00295	0.01031
18	0.00977	0.00713	0.00917	0.00866	0.01036	0.00654	0.00650	0.01295	0.01949	0.02736	0.66431	0.05315	0.10946	0.01450	0.00823	0.00221	0.00331	0.01276	0.00760	0.00654
19	0.03025	0.01191	0.01609	0.01228	0.01773	0.01020	0.01013	0.03297	0.01963	0.67229	0.02658	0.02317	0.01684	0.00842	0.00690	0.00209	0.00589	0.00684	0.00835	0.06146
20	0.01453	0.11922	0.64017	0.01898	0.02879	0.01752	0.02419	0.02196	0.01467	0.02145	0.01220	0.01433	0.00885	0.00655	0.00638	0.00213	0.00999	0.00499	0.00295	0.01016
21	0.00858	0.00708	0.00752	0.00741	0.00963	0.00603	0.00556	0.01065	0.01668	0.02069	0.19908	0.06413	0.57886	0.01699	0.00824	0.00232	0.00349	0.01430	0.00672	0.00603
22	0.01447	0.01240	0.01447	0.01034	0.01654	0.00930	0.00827	0.01757	0.01447	0.02274	0.01240	0.01447	0.01034	0.00517	0.00517	0.00103	0.00517	0.00413	0.00413	0.79742
23	0.02523	0.01878	0.02025	0.01544	0.02109	0.02031	0.01273	0.61584	0.03084	0.04169	0.01629	0.01651	0.01170	0.00803	0.00679	0.00198	0.00741	0.00605	0.00667	0.09638
24	0.01567	0.01534	0.04994	0.01713	0.01872	0.01869	0.04016	0.09259	0.01379	0.02051	0.01220	0.01770	0.01102	0.01716	0.12446	0.00406	0.46821	0.00639	0.02821	0.00805
25	0.00997	0.00748	0.01121	0.01121	0.01246	0.00872	0.00872	0.01246	0.01121	0.01620	0.01869	0.02741	0.01745	0.05234	0.72710	0.01121	0.01869	0.00748	0.00374	0.00623
26	0.00850	0.00607	0.00810	0.00972	0.01012	0.00567	0.00648	0.00972	0.01336	0.01781	0.03846	0.75020	0.04615	0.02186	0.00891	0.00283	0.00405	0.01984	0.00648	0.00567
27	0.02194	0.01781	0.05123	0.01883	0.11260	0.01825	0.01387	0.46409	0.02673	0.03612	0.01943	0.13000	0.01692	0.01009	0.00725	0.00221	0.00732	0.00832	0.00625	0.01073
28	0.09982	0.44289	0.02800	0.01336	0.01828	0.22650	0.01180	0.02250	0.01543	0.01810	0.01040	0.01230	0.00919	0.00836	0.03590	0.00206	0.00921	0.00412	0.00333	0.00845
29	0.04669	0.01579	0.01683	0.01378	0.01846	0.03558	0.01115	0.31128	0.14648	0.06073	0.02261	0.05268	0.04384	0.00966	0.00695	0.00211	0.00654	0.05169	0.00641	0.12076
30	0.04670	0.12765	0.45224	0.01883	0.04378	0.04907	0.06605	0.02215	0.01531	0.04477	0.04191	0.01625	0.01167	0.00689	0.00643	0.00210	0.00945	0.00550	0.00348	0.00978
31	0.01751	0.02144	0.13211	0.03168	0.39146	0.11168	0.04956	0.02238	0.04254	0.02162	0.01390	0.03934	0.01179	0.00739	0.00792	0.00217	0.05541	0.00640	0.00361	0.01009
32	0.05133	0.01818	0.06357	0.09988	0.09931	0.01747	0.44503	0.02128	0.01543	0.02190	0.01320	0.01787	0.01018	0.00657	0.00888	0.00236	0.06754	0.00734	0.00345	0.00922
33	0.18000	0.09486	0.03751	0.01124	0.01468	0.04168	0.02670	0.01879	0.03784	0.06928	0.29812	0.03166	0.05719	0.01049	0.00741	0.00215	0.03838	0.00838	0.00583	0.00780

[dist]
# distance from previous block
# <min> <max>
6	18

[block]
# block no. 3 follows, 30 sequences, length 9
# corresponding to MSA columns:
# 775-783
name=unknown_D
#
# <colnr> <probs for GDERKNQSTAVLIFYWHMCP>
#	G	D	E	R	K	N	Q	S	T	A	V	L	I	F	Y	W	H	M	C	P
0	0.01507	0.07163	0.01385	0.03810	0.01418	0.05723	0.00831	0.08764	0.01508	0.05657	0.02146	0.14864	0.02241	0.24467	0.01784	0.07777	0.00675	0.03190	0.00491	0.04600
1	0.14486	0.05618	0.01863	0.01605	0.06895	0.10392	0.03963	0.13773	0.15986	0.02733	0.01928	0.02081	0.05083	0.03629	0.00787	0.00226	0.02614	0.00643	0.00517	0.05180
2	0.01770	0.13135	0.06619	0.12705	0.34838	0.09989	0.07014	0.02170	0.01580	0.02043	0.01228	0.01597	0.01011	0.00639	0.00657	0.00202	0.00917	0.00574	0.00333	0.00978
3	0.01744	0.01785	0.02679	0.17339	0.45750	0.09817	0.06560	0.02153	0.01600	0.02115	0.01279	0.01710	0.01045	0.00645	0.00694	0.00211	0.00922	0.00615	0.00341	0.00996
4	0.38529	0.05690	0.17109	0.14393	0.02334	0.01571	0.01380	0.02009	0.01321	0.02564	0.01178	0.01448	0.00899	0.00670	0.00537	0.00213	0.00715	0.00472	0.06148	0.00820
5	0.01439	0.01364	0.02312	0.53233	0.24425	0.01582	0.01998	0.01889	0.01453	0.01930	0.01262	0.01821	0.00982	0.00675	0.00696	0.00225	0.00900	0.00621	0.00321	0.00873
6	0.01305	0.00927	0.01054	0.00969	0.01116	0.00940	0.00656	0.13362	0.01547	0.02091	0.05511	0.15855	0.02757	0.42338	0.02305	0.00475	0.00623	0.01090	0.00526	0.04553
7	0.08455	0.01650	0.05221	0.10452	0.07754	0.01613	0.35599	0.01998	0.01493	0.02187	0.01504	0.07909	0.01303	0.00791	0.00868	0.00236	0.06502	0.00807	0.00376	0.03281
8	0.02264	0.02714	0.02108	0.02246	0.15211	0.49088	0.01503	0.02494	0.01804	0.01835	0.01250	0.01728	0.01108	0.00810	0.00805	0.00204	0.07549	0.04060	0.00367	0.00852

[dist]
# distance from previous block
# <min> <max>
23	51

[block]
# block no. 4 follows, 30 sequences, length 39
# corresponding to MSA columns:
# 844-882
name=unknown_E
#
# <colnr> <probs for GDERKNQSTAVLIFYWHMCP>
#	G	D	E	R	K	N	Q	S	T	A	V	L	I	F	Y	W	H	M	C	P
0	0.01269	0.01361	0.10366	0.01378	0.04985	0.04084	0.02776	0.05590	0.04398	0.02146	0.09974	0.20666	0.07332	0.13325	0.01242	0.00316	0.00645	0.06871	0.00549	0.00728
1	0.02133	0.02307	0.07049	0.01879	0.08157	0.24926	0.03675	0.16575	0.14830	0.02647	0.01829	0.02010	0.03079	0.00827	0.00681	0.00208	0.00898	0.02121	0.03193	0.00975
2	0.01965	0.01648	0.02344	0.05898	0.36571	0.06705	0.04254	0.02613	0.13320	0.12706	0.01841	0.02128	0.01433	0.00760	0.00705	0.00217	0.00790	0.02546	0.00494	0.01063
3	0.01499	0.01439	0.02205	0.43476	0.22556	0.04630	0.01856	0.02033	0.06080	0.02038	0.04461	0.01997	0.01310	0.00727	0.00699	0.00223	0.00865	0.00653	0.00369	0.00884
4	0.01655	0.06212	0.28364	0.05971	0.31489	0.03963	0.02148	0.05734	0.01633	0.02290	0.01350	0.01767	0.01087	0.00691	0.00675	0.00213	0.00909	0.02463	0.00351	0.01034
5	0.01583	0.01361	0.01698	0.01236	0.01847	0.01135	0.05631	0.07947	0.04588	0.02491	0.01361	0.01548	0.01097	0.00569	0.00563	0.00128	0.00587	0.00478	0.00448	0.63703
6	0.01892	0.01577	0.01666	0.01452	0.01874	0.01809	0.01142	0.14794	0.58522	0.03171	0.02642	0.02445	0.01969	0.00928	0.00708	0.00232	0.00589	0.00762	0.00708	0.01119
7	0.00870	0.00628	0.00831	0.00974	0.01034	0.00579	0.00654	0.00998	0.01340	0.01798	0.03759	0.72559	0.04496	0.02130	0.00878	0.00277	0.00409	0.01931	0.00640	0.03216
8	0.00850	0.00607	0.00810	0.00972	0.01012	0.00567	0.00648	0.00972	0.01336	0.01781	0.03846	0.75020	0.04615	0.02186	0.00891	0.00283	0.00405	0.01984	0.00648	0.00567
9	0.01592	0.02280	0.20048	0.02776	0.06509	0.01726	0.50046	0.02225	0.01603	0.02231	0.01370	0.01779	0.01020	0.00607	0.00780	0.00231	0.01127	0.00742	0.00339	0.00970
10	0.01727	0.01658	0.02832	0.04283	0.71123	0.01658	0.02142	0.02142	0.01589	0.02280	0.01313	0.01727	0.01105	0.00622	0.00691	0.00207	0.00829	0.00622	0.00345	0.01105
11	0.00850	0.00607	0.00810	0.00972	0.01012	0.00567	0.00648	0.00972	0.01336	0.01781	0.03846	0.75020	0.04615	0.02186	0.00891	0.00283	0.00405	0.01984	0.00648	0.00567
12	0.00873	0.00624	0.00836	0.00998	0.01048	0.00587	0.00688	0.01011	0.01359	0.01807	0.03833	0.69400	0.04565	0.02165	0.00897	0.00287	0.00425	0.07377	0.00647	0.00573
13	0.02453	0.01844	0.02033	0.03988	0.04502	0.02037	0.01328	0.58128	0.06500	0.04058	0.01941	0.01948	0.04221	0.00871	0.00704	0.00213	0.00746	0.00672	0.00672	0.01141
14	0.02811	0.01425	0.01840	0.01622	0.08423	0.01385	0.01204	0.18240	0.06059	0.45846	0.02376	0.02167	0.01568	0.00840	0.00700	0.00215	0.00653	0.00682	0.00768	0.01175
15	0.01872	0.70439	0.06422	0.01247	0.01854	0.05089	0.01257	0.02118	0.01439	0.01668	0.00986	0.01139	0.00895	0.00604	0.00463	0.00153	0.00775	0.00382	0.00300	0.00898
16	0.00849	0.00708	0.00741	0.00732	0.00957	0.00599	0.00549	0.01048	0.01648	0.02021	0.16556	0.06492	0.61268	0.01717	0.00824	0.00233	0.00350	0.01441	0.00666	0.00599
17	0.03885	0.01536	0.02603	0.26760	0.40951	0.01642	0.06449	0.03922	0.01566	0.02199	0.01296	0.01763	0.01037	0.00651	0.00695	0.00218	0.00875	0.00628	0.00347	0.00979
18	0.01429	0.01353	0.02293	0.55001	0.22739	0.01579	0.01993	0.01880	0.01448	0.01917	0.01260	0.01824	0.00978	0.00677	0.00696	0.00226	0.00903	0.00621	0.00320	0.00864
19	0.01866	0.75896	0.03657	0.01194	0.01791	0.02761	0.01194	0.02090	0.01418	0.01642	0.00970	0.01119	0.00896	0.00597	0.00448	0.00149	0.00746	0.00373	0.00299	0.00896
20	0.01765	0.01770	0.02794	0.07909	0.58868	0.06908	0.05475	0.02174	0.01610	0.02208	0.01296	0.01708	0.01078	0.00631	0.00693	0.00208	0.00884	0.00619	0.00345	0.01057
21	0.04598	0.01642	0.01934	0.19483	0.05711	0.05416	0.01429	0.27781	0.07206	0.02940	0.01974	0.02162	0.06969	0.00897	0.00824	0.00226	0.06636	0.00690	0.00525	0.00958
22	0.01505	0.01459	0.02331	0.21195	0.02853	0.01826	0.11332	0.04633	0.01332	0.01887	0.01156	0.01743	0.00996	0.01175	0.04460	0.02879	0.35465	0.00650	0.00333	0.00790
23	0.00850	0.00607	0.00810	0.00972	0.01012	0.00567	0.00648	0.00972	0.01336	0.01781	0.03846	0.75020	0.04615	0.02186	0.00891	0.00283	0.00405	0.01984	0.00648	0.00567
24	0.00884	0.00616	0.00807	0.00942	0.00976	0.00582	0.00617	0.00975	0.01280	0.01707	0.03544	0.63442	0.04231	0.11656	0.01297	0.03038	0.00447	0.01812	0.00607	0.00539
25	0.01647	0.01882	0.04118	0.02941	0.03647	0.01765	0.68588	0.02235	0.01647	0.02235	0.01412	0.01882	0.01059	0.00588	0.00824	0.00235	0.01176	0.00824	0.00353	0.00941
26	0.01210	0.00782	0.01017	0.00929	0.01135	0.00726	0.00706	0.01585	0.04073	0.09214	0.62320	0.04868	0.05994	0.01359	0.00808	0.00220	0.00361	0.01195	0.00775	0.00722
27	0.00989	0.00666	0.00769	0.00795	0.00801	0.00659	0.00459	0.01008	0.01066	0.01421	0.02460	0.15760	0.02867	0.63832	0.03129	0.00614	0.00633	0.01169	0.00459	0.00446
28	0.01318	0.01240	0.02093	0.73798	0.04806	0.01550	0.01938	0.01783	0.01395	0.01783	0.01240	0.01860	0.00930	0.00698	0.00698	0.00233	0.00930	0.00620	0.00310	0.00775
29	0.01008	0.00674	0.00763	0.00769	0.00771	0.00672	0.00431	0.01013	0.01027	0.01370	0.02262	0.07272	0.02617	0.72662	0.03450	0.00661	0.00666	0.01052	0.00431	0.00428
30	0.01118	0.00799	0.01115	0.01265	0.01426	0.00796	0.01101	0.01439	0.01625	0.02124	0.07031	0.07739	0.04144	0.01903	0.00957	0.00316	0.00627	0.63184	0.00649	0.00643
31	0.01458	0.00910	0.01144	0.01020	0.01282	0.00881	0.00787	0.02024	0.12149	0.14327	0.49204	0.04347	0.05105	0.01261	0.00786	0.00221	0.00407	0.01097	0.00775	0.00814
32	0.01199	0.00871	0.01088	0.01137	0.01353	0.00864	0.00940	0.01688	0.10158	0.05025	0.09808	0.09304	0.17373	0.01699	0.00879	0.00279	0.00535	0.34418	0.00672	0.00710
33	0.02607	0.03326	0.01978	0.01798	0.02157	0.72674	0.01348	0.02787	0.01978	0.01708	0.01079	0.01258	0.00899	0.00719	0.00629	0.00180	0.01258	0.00449	0.00360	0.00809
34	0.02672	0.01923	0.02075	0.01591	0.02148	0.02117	0.01314	0.66101	0.03228	0.07168	0.01720	0.01704	0.01209	0.00839	0.00698	0.00210	0.00761	0.00631	0.00705	0.01187
35	0.01008	0.00678	0.00781	0.00786	0.00794	0.00683	0.00453	0.01025	0.01031	0.01381	0.02237	0.06829	0.02567	0.69533	0.06904	0.00686	0.00727	0.01034	0.00428	0.00438
36	0.00998	0.00670	0.00766	0.00782	0.00787	0.00665	0.00446	0.01010	0.01047	0.01397	0.02366	0.11712	0.02748	0.68043	0.03282	0.00637	0.00649	0.01113	0.00446	0.00437
37	0.01784	0.05056	0.10669	0.03595	0.51613	0.05261	0.03978	0.05596	0.01676	0.02324	0.01301	0.01652	0.01064	0.00640	0.00679	0.00206	0.00877	0.00597	0.00357	0.01073
38	0.05769	0.39021	0.19893	0.01481	0.02084	0.07644	0.01544	0.02102	0.01419	0.01865	0.01073	0.01312	0.00916	0.00843	0.03136	0.00221	0.08023	0.00450	0.00312	0.00893

[dist]
# distance from previous block
# <min> <max>
0	1

[block]
# block no. 5 follows, 30 sequences, length 23
# corresponding to MSA columns:
# 884-906
name=unknown_F
#
# <colnr> <probs for GDERKNQSTAVLIFYWHMCP>
#	G	D	E	R	K	N	Q	S	T	A	V	L	I	F	Y	W	H	M	C	P
0	0.03967	0.00897	0.01382	0.01210	0.01382	0.00903	0.10160	0.04431	0.01270	0.01833	0.01831	0.11049	0.01813	0.09155	0.07817	0.29983	0.00751	0.00850	0.08758	0.00556
1	0.01526	0.01287	0.01490	0.01071	0.01687	0.01011	0.00860	0.06171	0.01568	0.02414	0.01269	0.01462	0.01044	0.00538	0.00529	0.00110	0.00533	0.00428	0.00432	0.74570
2	0.08720	0.15974	0.48832	0.01779	0.02646	0.04204	0.04382	0.02195	0.01460	0.02178	0.01177	0.01387	0.00881	0.00649	0.00609	0.00207	0.00949	0.00486	0.00312	0.00972
3	0.01720	0.05161	0.03024	0.03705	0.50972	0.01734	0.14185	0.02259	0.06086	0.02284	0.01415	0.01785	0.01154	0.00636	0.00705	0.00212	0.00870	0.00658	0.00369	0.01065
4	0.01515	0.01281	0.01483	0.01066	0.01682	0.01000	0.00855	0.05533	0.01550	0.02394	0.01265	0.01460	0.01042	0.00535	0.00527	0.00109	0.00531	0.00426	0.00429	0.75317
5	0.00858	0.00613	0.00816	0.00966	0.01014	0.00572	0.00648	0.00991	0.01371	0.01837	0.07530	0.71177	0.04724	0.02144	0.00887	0.00280	0.00401	0.01944	0.00654	0.00572
6	0.01611	0.01648	0.04089	0.19616	0.39509	0.07847	0.01867	0.02009	0.01592	0.02109	0.04410	0.02295	0.04446	0.00780	0.00707	0.00217	0.00848	0.03077	0.00379	0.00943
7	0.00991	0.00680	0.00828	0.00848	0.00874	0.00695	0.00526	0.01048	0.01073	0.01452	0.02352	0.13183	0.02668	0.54448	0.14781	0.00701	0.00842	0.01093	0.00443	0.00475
8	0.01447	0.01240	0.01447	0.01034	0.01654	0.00930	0.00827	0.01757	0.01447	0.02274	0.01240	0.01447	0.01034	0.00517	0.00517	0.00103	0.00517	0.00413	0.00413	0.79742
9	0.01570	0.03633	0.06414	0.05359	0.08220	0.01405	0.05888	0.16994	0.08151	0.02612	0.04487	0.27178	0.02561	0.01268	0.00768	0.00240	0.00668	0.01127	0.00570	0.00885
10	0.01066	0.00734	0.00940	0.00876	0.01065	0.00668	0.00662	0.01377	0.01937	0.05741	0.61241	0.05241	0.12941	0.01437	0.00818	0.00221	0.00343	0.01259	0.00760	0.00675
11	0.01118	0.00815	0.01007	0.01003	0.01201	0.00789	0.00779	0.01571	0.09039	0.04603	0.31485	0.13526	0.15653	0.01588	0.00840	0.00249	0.00430	0.12894	0.00710	0.00698
12	0.00971	0.00701	0.00918	0.00889	0.01039	0.00647	0.00657	0.01275	0.01899	0.02676	0.62731	0.13584	0.06348	0.01518	0.00831	0.00227	0.00338	0.01349	0.00754	0.00647
13	0.01650	0.06111	0.12762	0.15144	0.44048	0.04111	0.02091	0.02111	0.01544	0.02132	0.01265	0.01662	0.01025	0.00642	0.00672	0.00209	0.00885	0.00586	0.00330	0.01018
14	0.01455	0.12133	0.63818	0.01895	0.02875	0.01755	0.02415	0.02196	0.01467	0.02143	0.01219	0.01432	0.00885	0.00655	0.00638	0.00213	0.00998	0.00499	0.00295	0.01015
15	0.11277	0.06622	0.01771	0.01411	0.01838	0.11744	0.01125	0.14913	0.33085	0.02953	0.04776	0.02083	0.01725	0.00857	0.00651	0.00215	0.00692	0.00656	0.00602	0.01005
16	0.50550	0.05033	0.11343	0.01067	0.01534	0.01455	0.01008	0.01934	0.01295	0.02766	0.04941	0.03953	0.01303	0.00811	0.00584	0.02914	0.00593	0.00523	0.05622	0.00768
17	0.07319	0.09602	0.03354	0.03576	0.06728	0.02986	0.01045	0.15099	0.01878	0.06580	0.08017	0.02188	0.01779	0.00850	0.00649	0.02188	0.00596	0.00636	0.21734	0.03197
18	0.09084	0.06203	0.46144	0.01879	0.06429	0.03830	0.03321	0.02212	0.01531	0.06119	0.05812	0.01733	0.01305	0.00717	0.00647	0.00215	0.00900	0.00565	0.00376	0.00979
19	0.17255	0.08346	0.05433	0.01207	0.01574	0.03913	0.01037	0.10011	0.04011	0.04963	0.13498	0.06046	0.10464	0.01076	0.00822	0.00224	0.07940	0.00815	0.00544	0.00821
20	0.01940	0.14989	0.28183	0.01682	0.04782	0.06254	0.01709	0.05389	0.01646	0.15926	0.01556	0.01706	0.01150	0.01103	0.06759	0.00282	0.02959	0.00555	0.00440	0.00993
21	0.07351	0.04569	0.04802	0.08054	0.04220	0.01146	0.03172	0.01979	0.05082	0.12990	0.15800	0.03813	0.11542	0.01132	0.00735	0.00227	0.00594	0.08476	0.00599	0.03718
22	0.10086	0.04897	0.12598	0.01171	0.01587	0.01162	0.01083	0.02026	0.09485	0.09834	0.24861	0.08191	0.07985	0.01140	0.00716	0.00223	0.00545	0.00953	0.00620	0.00836

[dist]
# distance from previous block
# <min> <max>
11	92

# created by:
# /st0/software/busco_prod/Augustus/scripts/msa2prfl.pl ./align_prep/34656.fa
