[name]
unknown

[dist]
# distance from previous block
# <min> <max>
0	1688

[block]
# block no. 0 follows, 30 sequences, length 28
# corresponding to MSA columns:
# 1689-1716
name=unknown_A
#
# <colnr> <probs for GDERKNQSTAVLIFYWHMCP>
#	G	D	E	R	K	N	Q	S	T	A	V	L	I	F	Y	W	H	M	C	P
0	0.01847	0.01454	0.01615	0.01232	0.01792	0.03375	0.01002	0.19220	0.01975	0.05930	0.01593	0.02004	0.01315	0.00723	0.00608	0.00154	0.00616	0.05222	0.00522	0.47802
1	0.05660	0.01806	0.01930	0.01511	0.02024	0.01995	0.01233	0.55136	0.08670	0.06552	0.01809	0.01888	0.01330	0.04216	0.00818	0.00233	0.00730	0.00652	0.00682	0.01128
2	0.01364	0.01291	0.02159	0.64191	0.10399	0.01589	0.01935	0.01809	0.01396	0.01821	0.01230	0.01832	0.00945	0.00717	0.00777	0.00234	0.04577	0.00620	0.00313	0.00803
3	0.01387	0.01311	0.02218	0.62080	0.15985	0.01569	0.01972	0.01843	0.01428	0.01867	0.01252	0.01838	0.00960	0.00685	0.00697	0.00228	0.00913	0.00620	0.00316	0.00831
4	0.01884	0.01729	0.02548	0.08770	0.02722	0.08738	0.23864	0.11125	0.01870	0.07867	0.04742	0.02115	0.01449	0.00763	0.00775	0.00210	0.03314	0.02953	0.00472	0.12091
5	0.02211	0.01787	0.01760	0.01420	0.01883	0.08169	0.01146	0.45193	0.05808	0.03543	0.02844	0.02773	0.16306	0.01033	0.00720	0.00214	0.00713	0.00803	0.00657	0.01019
6	0.02617	0.03027	0.02003	0.01756	0.02159	0.57288	0.01344	0.17190	0.02262	0.02295	0.01209	0.01349	0.00962	0.00745	0.00644	0.00186	0.01151	0.00488	0.00433	0.00891
7	0.80405	0.01350	0.01026	0.00918	0.01350	0.01565	0.00756	0.02051	0.01188	0.03131	0.00972	0.01134	0.00756	0.00648	0.00432	0.00216	0.00540	0.00378	0.00432	0.00756
8	0.01418	0.01250	0.02071	0.66948	0.04522	0.01550	0.01874	0.01859	0.01411	0.05274	0.01302	0.01871	0.00970	0.00729	0.00769	0.00235	0.04190	0.00624	0.00338	0.00795
9	0.02653	0.01955	0.02094	0.01606	0.02164	0.02164	0.01326	0.68796	0.03281	0.04398	0.01675	0.01675	0.01187	0.00838	0.00698	0.00209	0.00768	0.00628	0.00698	0.01187
10	0.01447	0.01240	0.01447	0.01034	0.01654	0.00930	0.00827	0.01757	0.01447	0.02274	0.01240	0.01447	0.01034	0.00517	0.00517	0.00103	0.00517	0.00413	0.00413	0.79742
11	0.00850	0.00607	0.00810	0.00972	0.01012	0.00567	0.00648	0.00972	0.01336	0.01781	0.03846	0.75020	0.04615	0.02186	0.00891	0.00283	0.00405	0.01984	0.00648	0.00567
12	0.00964	0.00712	0.00900	0.00853	0.01028	0.00648	0.00640	0.01271	0.01919	0.02665	0.61465	0.05432	0.15957	0.01476	0.00823	0.00222	0.00333	0.01293	0.00751	0.00648
13	0.02607	0.03326	0.01978	0.01798	0.02157	0.72674	0.01348	0.02787	0.01978	0.01708	0.01079	0.01258	0.00899	0.00719	0.00629	0.00180	0.01258	0.00449	0.00360	0.00809
14	0.01576	0.01599	0.02901	0.02325	0.10393	0.01417	0.33923	0.02033	0.01560	0.02256	0.01332	0.01690	0.01054	0.00563	0.00685	0.00179	0.00872	0.00636	0.00376	0.32630
15	0.01647	0.01882	0.04118	0.02941	0.03647	0.01765	0.68588	0.02235	0.01647	0.02235	0.01412	0.01882	0.01059	0.00588	0.00824	0.00235	0.01176	0.00824	0.00353	0.00941
16	0.01563	0.01356	0.02015	0.52020	0.03908	0.01643	0.01709	0.14415	0.01712	0.02246	0.01364	0.01973	0.01076	0.05295	0.00953	0.00259	0.04627	0.00645	0.00390	0.00831
17	0.01647	0.01882	0.04118	0.02941	0.03647	0.01765	0.68588	0.02235	0.01647	0.02235	0.01412	0.01882	0.01059	0.00588	0.00824	0.00235	0.01176	0.00824	0.00353	0.00941
18	0.00825	0.00707	0.00707	0.00707	0.00943	0.00589	0.00530	0.01001	0.01591	0.01885	0.07069	0.06716	0.70839	0.01767	0.00825	0.00236	0.00353	0.01473	0.00648	0.00589
19	0.01736	0.01499	0.01578	0.01420	0.01815	0.01736	0.01105	0.03708	0.69862	0.02919	0.02840	0.02604	0.02130	0.00947	0.00710	0.00237	0.00552	0.00789	0.00710	0.01105
20	0.02744	0.01808	0.02003	0.01536	0.02091	0.01946	0.01269	0.56271	0.03035	0.17270	0.01882	0.01809	0.01290	0.00843	0.00699	0.00211	0.00735	0.00642	0.00730	0.01187
21	0.01015	0.00677	0.00761	0.00761	0.00761	0.00677	0.00423	0.01015	0.01015	0.01353	0.02199	0.04567	0.02537	0.75476	0.03552	0.00677	0.00677	0.01015	0.00423	0.00423
22	0.01015	0.00677	0.00761	0.00761	0.00761	0.00677	0.00423	0.01015	0.01015	0.01353	0.02199	0.04567	0.02537	0.75476	0.03552	0.00677	0.00677	0.01015	0.00423	0.00423
23	0.16717	0.01653	0.01703	0.01384	0.01866	0.01844	0.01125	0.35663	0.18376	0.07121	0.01894	0.01860	0.01377	0.00829	0.00645	0.00216	0.00651	0.00624	0.03381	0.01070
24	0.01783	0.01676	0.02788	0.04121	0.66932	0.01689	0.02092	0.06192	0.01692	0.02409	0.01335	0.01724	0.01110	0.00635	0.00691	0.00207	0.00825	0.00622	0.00367	0.01110
25	0.02302	0.01670	0.02056	0.02075	0.16617	0.01788	0.01401	0.29392	0.18979	0.13272	0.02038	0.02014	0.01478	0.00822	0.00700	0.00217	0.00703	0.00677	0.00650	0.01150
26	0.01918	0.01496	0.01560	0.01263	0.01750	0.07661	0.00995	0.09239	0.15725	0.12084	0.02013	0.07669	0.01642	0.00836	0.00640	0.00178	0.00618	0.00680	0.00579	0.31454
27	0.02476	0.05228	0.02045	0.01503	0.02055	0.01989	0.01244	0.51242	0.08110	0.08067	0.01763	0.01745	0.01267	0.00810	0.00673	0.00200	0.00719	0.00616	0.00667	0.07579

[dist]
# distance from previous block
# <min> <max>
17	65

[block]
# block no. 1 follows, 30 sequences, length 10
# corresponding to MSA columns:
# 1790-1799
name=unknown_B
#
# <colnr> <probs for GDERKNQSTAVLIFYWHMCP>
#	G	D	E	R	K	N	Q	S	T	A	V	L	I	F	Y	W	H	M	C	P
0	0.01926	0.03901	0.01652	0.01397	0.01802	0.12040	0.01091	0.05548	0.40767	0.08034	0.02543	0.05921	0.03739	0.00950	0.00690	0.00217	0.00659	0.00769	0.00635	0.05720
1	0.01926	0.01593	0.01685	0.01459	0.01887	0.01824	0.01150	0.17183	0.56078	0.03225	0.02599	0.02411	0.01935	0.00924	0.00708	0.00231	0.00597	0.00756	0.00708	0.01122
2	0.01447	0.01240	0.01447	0.01034	0.01654	0.00930	0.00827	0.01757	0.01447	0.02274	0.01240	0.01447	0.01034	0.00517	0.00517	0.00103	0.00517	0.00413	0.00413	0.79742
3	0.02475	0.01849	0.01999	0.01521	0.02089	0.01982	0.01253	0.58920	0.03011	0.04085	0.01611	0.01642	0.01164	0.00790	0.00671	0.00194	0.00731	0.00597	0.00656	0.12759
4	0.01625	0.01346	0.01542	0.01118	0.01729	0.01112	0.00900	0.11633	0.01717	0.02587	0.01304	0.01481	0.01056	0.00564	0.00544	0.00119	0.00554	0.00445	0.00455	0.68170
5	0.04490	0.00727	0.00902	0.00946	0.01074	0.00698	0.00674	0.03429	0.01632	0.02294	0.27489	0.41707	0.07764	0.01786	0.00837	0.00253	0.00394	0.01590	0.00683	0.00629
6	0.01859	0.02359	0.10566	0.02508	0.03143	0.16836	0.42424	0.04877	0.01741	0.02183	0.01316	0.01686	0.01006	0.00656	0.00814	0.00224	0.03820	0.00697	0.00360	0.00925
7	0.08675	0.01618	0.01758	0.01358	0.01897	0.01674	0.01109	0.37191	0.06273	0.09058	0.03773	0.01795	0.01377	0.00775	0.00640	0.00188	0.00653	0.00593	0.00628	0.18967
8	0.01758	0.01727	0.02795	0.03955	0.61013	0.04493	0.05491	0.02260	0.05424	0.02290	0.01394	0.01765	0.01152	0.00642	0.00696	0.00209	0.00849	0.00635	0.00367	0.01085
9	0.01466	0.01234	0.01748	0.25921	0.06277	0.01316	0.03178	0.11032	0.03397	0.02274	0.01902	0.13278	0.01810	0.06255	0.00914	0.00250	0.00726	0.03231	0.00465	0.13326

[dist]
# distance from previous block
# <min> <max>
2	31

[block]
# block no. 2 follows, 30 sequences, length 46
# corresponding to MSA columns:
# 1836-1881
name=unknown_C
#
# <colnr> <probs for GDERKNQSTAVLIFYWHMCP>
#	G	D	E	R	K	N	Q	S	T	A	V	L	I	F	Y	W	H	M	C	P
0	0.04144	0.03352	0.09567	0.04829	0.14581	0.08149	0.01431	0.11688	0.06058	0.06238	0.05628	0.04920	0.03612	0.00828	0.00667	0.00199	0.00744	0.00682	0.00496	0.12186
1	0.01786	0.01631	0.02198	0.05510	0.30687	0.05570	0.03135	0.14076	0.04471	0.02566	0.02083	0.02290	0.09370	0.00826	0.00746	0.00206	0.03215	0.00705	0.00463	0.08467
2	0.02034	0.01547	0.01734	0.03377	0.04090	0.01665	0.01154	0.36324	0.12917	0.03410	0.02090	0.10709	0.01759	0.00975	0.00693	0.00210	0.00646	0.00797	0.05501	0.08368
3	0.01131	0.00851	0.01179	0.01130	0.01256	0.00990	0.00870	0.04592	0.01260	0.01818	0.04619	0.02892	0.01939	0.12024	0.50716	0.00894	0.06879	0.00778	0.03540	0.00642
4	0.66293	0.07314	0.01321	0.01001	0.01431	0.01662	0.00843	0.02105	0.01242	0.06441	0.01060	0.01215	0.00824	0.00683	0.00538	0.00215	0.04181	0.00405	0.00437	0.00789
5	0.04858	0.24602	0.18801	0.02073	0.10873	0.01957	0.13825	0.05426	0.01592	0.04533	0.01373	0.04588	0.01142	0.00703	0.00634	0.00202	0.00873	0.00609	0.00372	0.00965
6	0.04639	0.10815	0.55060	0.01905	0.02799	0.01769	0.05684	0.02166	0.01445	0.02163	0.01203	0.01447	0.00891	0.00679	0.00720	0.00218	0.04587	0.00516	0.00304	0.00988
7	0.01145	0.00748	0.00964	0.00890	0.01080	0.00684	0.00668	0.01444	0.01907	0.07985	0.58402	0.05050	0.09776	0.05044	0.00948	0.00243	0.00368	0.01219	0.00752	0.00684
8	0.00950	0.00701	0.00888	0.00864	0.01025	0.00639	0.00639	0.01235	0.01852	0.02560	0.54580	0.12968	0.15396	0.01557	0.00831	0.00229	0.00341	0.01370	0.00738	0.00639
9	0.50019	0.14177	0.03554	0.06060	0.01792	0.05704	0.01021	0.04365	0.01390	0.05049	0.01087	0.01257	0.00850	0.00661	0.00488	0.00204	0.00664	0.00421	0.00417	0.00820
10	0.01628	0.01571	0.02719	0.20483	0.52497	0.01638	0.05158	0.02062	0.01546	0.02162	0.01300	0.01765	0.01062	0.00638	0.00699	0.00214	0.00869	0.00631	0.00338	0.01021
11	0.01385	0.01357	0.02436	0.60026	0.07289	0.01588	0.12275	0.01867	0.01442	0.01873	0.01270	0.01859	0.00957	0.00678	0.00717	0.00232	0.00964	0.00652	0.00318	0.00814
12	0.00903	0.00707	0.00817	0.00796	0.00992	0.00621	0.00595	0.01150	0.01766	0.02316	0.37239	0.08097	0.38268	0.01618	0.00826	0.00229	0.00344	0.01388	0.00705	0.00621
13	0.01559	0.01487	0.02529	0.32796	0.43922	0.01614	0.02058	0.01995	0.01510	0.02076	0.01283	0.01782	0.01034	0.00653	0.00694	0.00218	0.00871	0.00621	0.00331	0.00970
14	0.00981	0.00713	0.00924	0.00871	0.01039	0.00656	0.00654	0.01305	0.01961	0.02764	0.68337	0.05270	0.09024	0.01440	0.00823	0.00220	0.00330	0.01270	0.00764	0.00656
15	0.00988	0.00736	0.01089	0.01099	0.01214	0.00846	0.00842	0.01221	0.01131	0.01620	0.02003	0.07270	0.01951	0.07636	0.65727	0.01053	0.01735	0.00834	0.00393	0.00612
16	0.01212	0.00606	0.00909	0.00909	0.00909	0.00606	0.00606	0.00909	0.00909	0.01212	0.01212	0.02121	0.01212	0.02424	0.02727	0.79697	0.00606	0.00606	0.00303	0.00303
17	0.01447	0.01240	0.01447	0.01034	0.01654	0.00930	0.00827	0.01757	0.01447	0.02274	0.01240	0.01447	0.01034	0.00517	0.00517	0.00103	0.00517	0.00413	0.00413	0.79742
18	0.00990	0.00648	0.00854	0.00975	0.01056	0.00596	0.00665	0.01123	0.01390	0.06097	0.03943	0.67044	0.07823	0.02083	0.00876	0.00277	0.00414	0.01879	0.00661	0.00606
19	0.01866	0.75896	0.03657	0.01194	0.01791	0.02761	0.01194	0.02090	0.01418	0.01642	0.00970	0.01119	0.00896	0.00597	0.00448	0.00149	0.00746	0.00373	0.00299	0.00896
20	0.05081	0.09130	0.02740	0.07950	0.52536	0.04144	0.01922	0.04364	0.01613	0.02273	0.01264	0.01632	0.01055	0.00636	0.00654	0.00203	0.00827	0.00581	0.00354	0.01042
21	0.02350	0.01384	0.01755	0.03948	0.10404	0.02902	0.01211	0.13896	0.08315	0.31201	0.04964	0.02809	0.07137	0.00960	0.00723	0.00221	0.00648	0.03408	0.00700	0.01062
22	0.01212	0.00606	0.00909	0.00909	0.00909	0.00606	0.00606	0.00909	0.00909	0.01212	0.01212	0.02121	0.01212	0.02424	0.02727	0.79697	0.00606	0.00606	0.00303	0.00303
23	0.00997	0.00748	0.01121	0.01121	0.01246	0.00872	0.00872	0.01246	0.01121	0.01620	0.01869	0.02741	0.01745	0.05234	0.72710	0.01121	0.01869	0.00748	0.00374	0.00623
24	0.01480	0.14608	0.54977	0.01975	0.06976	0.01772	0.02281	0.02161	0.01486	0.02143	0.03224	0.01542	0.01064	0.00672	0.00636	0.00209	0.00954	0.00522	0.00312	0.01004
25	0.80405	0.01350	0.01026	0.00918	0.01350	0.01565	0.00756	0.02051	0.01188	0.03131	0.00972	0.01134	0.00756	0.00648	0.00432	0.00216	0.00540	0.00378	0.00432	0.00756
26	0.01611	0.01111	0.01289	0.07028	0.01615	0.01203	0.00912	0.21712	0.01992	0.02882	0.08978	0.02804	0.04104	0.06815	0.08211	0.00326	0.00693	0.00763	0.25148	0.00802
27	0.00975	0.00713	0.00915	0.00864	0.01034	0.00653	0.00648	0.01292	0.01944	0.02725	0.65640	0.05333	0.11745	0.01454	0.00823	0.00221	0.00331	0.01279	0.00759	0.00653
28	0.01673	0.01672	0.05440	0.03578	0.54284	0.01619	0.01925	0.02335	0.12165	0.02358	0.01812	0.02082	0.04471	0.00727	0.00699	0.00214	0.00773	0.00682	0.00414	0.01078
29	0.02224	0.01609	0.01791	0.04468	0.01985	0.01762	0.01178	0.48586	0.02689	0.05414	0.01977	0.07212	0.01701	0.10252	0.01077	0.00278	0.00729	0.03411	0.00646	0.01011
30	0.01004	0.00689	0.00839	0.00845	0.00873	0.00713	0.00527	0.01062	0.01050	0.01426	0.02195	0.06977	0.02452	0.57754	0.18031	0.00755	0.00917	0.00997	0.00421	0.00471
31	0.01962	0.61870	0.03314	0.01284	0.01835	0.11716	0.01209	0.04380	0.01544	0.01742	0.01034	0.01203	0.00930	0.00756	0.02581	0.00183	0.00846	0.00402	0.00322	0.00886
32	0.01784	0.01983	0.14145	0.05905	0.43237	0.01696	0.02033	0.12992	0.01839	0.02588	0.01455	0.01929	0.01193	0.00719	0.00699	0.00215	0.00849	0.03258	0.00405	0.01075
33	0.17893	0.11081	0.12157	0.01439	0.06153	0.04803	0.01235	0.08927	0.01701	0.05812	0.09583	0.07953	0.04292	0.00930	0.00630	0.00210	0.00669	0.00732	0.02932	0.00869
34	0.02135	0.01913	0.10480	0.01688	0.06314	0.04099	0.01396	0.29414	0.16608	0.08589	0.04180	0.04480	0.01675	0.00887	0.00699	0.00218	0.00724	0.00713	0.02706	0.01081
35	0.51058	0.01650	0.01339	0.01155	0.01592	0.08975	0.00933	0.14270	0.05894	0.03184	0.01265	0.01380	0.00965	0.00713	0.00519	0.00211	0.00649	0.00464	0.02925	0.00857
36	0.01745	0.01912	0.11136	0.03840	0.58629	0.01685	0.02144	0.06264	0.01679	0.02402	0.01328	0.01693	0.01084	0.00640	0.00688	0.00209	0.00850	0.00609	0.00361	0.01101
37	0.01527	0.01527	0.02137	0.01832	0.01832	0.02137	0.01527	0.01679	0.01069	0.01679	0.00916	0.01527	0.00916	0.01221	0.02290	0.00305	0.74198	0.00611	0.00305	0.00763
38	0.00964	0.00724	0.01016	0.11302	0.01552	0.00731	0.00828	0.01191	0.01499	0.02049	0.19165	0.45727	0.04458	0.01749	0.00834	0.00257	0.00459	0.01575	0.03300	0.00621
39	0.00944	0.00712	0.00873	0.00832	0.01016	0.00640	0.00624	0.01233	0.01873	0.02555	0.53778	0.05613	0.23713	0.01517	0.00823	0.00224	0.00336	0.01318	0.00736	0.00640
40	0.01533	0.02147	0.19782	0.14931	0.09812	0.01703	0.31800	0.02115	0.01527	0.02127	0.01310	0.01748	0.00992	0.00660	0.00826	0.00232	0.04800	0.00685	0.00329	0.00940
41	0.00997	0.00748	0.01121	0.01121	0.01246	0.00872	0.00872	0.01246	0.01121	0.01620	0.01869	0.02741	0.01745	0.05234	0.72710	0.01121	0.01869	0.00748	0.00374	0.00623
42	0.01699	0.55445	0.17019	0.01325	0.01962	0.02363	0.01416	0.02026	0.01408	0.01746	0.01181	0.03876	0.01096	0.04118	0.00649	0.00192	0.00788	0.00486	0.00315	0.00890
43	0.01866	0.75896	0.03657	0.01194	0.01791	0.02761	0.01194	0.02090	0.01418	0.01642	0.00970	0.01119	0.00896	0.00597	0.00448	0.00149	0.00746	0.00373	0.00299	0.00896
44	0.38040	0.14780	0.01702	0.01084	0.01556	0.01647	0.00920	0.07058	0.01559	0.18999	0.01510	0.01654	0.01140	0.04887	0.00692	0.00229	0.00614	0.00507	0.00528	0.00895
45	0.01501	0.19269	0.57085	0.01817	0.02754	0.01868	0.02278	0.02184	0.01461	0.02087	0.01191	0.01397	0.00886	0.00649	0.00616	0.00205	0.00970	0.00485	0.00295	0.01002

[dist]
# distance from previous block
# <min> <max>
0	1

[block]
# block no. 3 follows, 30 sequences, length 16
# corresponding to MSA columns:
# 1883-1898
name=unknown_D
#
# <colnr> <probs for GDERKNQSTAVLIFYWHMCP>
#	G	D	E	R	K	N	Q	S	T	A	V	L	I	F	Y	W	H	M	C	P
0	0.01423	0.07286	0.68391	0.01949	0.02958	0.01679	0.02508	0.02204	0.01470	0.02181	0.01238	0.01455	0.00885	0.00660	0.00652	0.00217	0.01017	0.00508	0.00295	0.01024
1	0.01400	0.03610	0.71860	0.01989	0.03020	0.01621	0.02578	0.02210	0.01473	0.02210	0.01252	0.01473	0.00884	0.00663	0.00663	0.00221	0.01031	0.00516	0.00295	0.01031
2	0.01641	0.01502	0.09125	0.01419	0.01786	0.01377	0.01258	0.23826	0.04215	0.02861	0.06196	0.16106	0.02794	0.01388	0.00869	0.00258	0.03642	0.18244	0.00619	0.00872
3	0.00843	0.00635	0.00781	0.00897	0.00993	0.00573	0.00615	0.00980	0.01408	0.01811	0.04751	0.55835	0.23217	0.02069	0.00872	0.00270	0.00390	0.01840	0.00648	0.00573
4	0.01861	0.57679	0.05787	0.01266	0.01817	0.11392	0.01215	0.02103	0.01520	0.01727	0.03961	0.01561	0.04270	0.00700	0.00510	0.00162	0.00788	0.00472	0.00340	0.00867
5	0.00849	0.00613	0.00804	0.00956	0.01008	0.00568	0.00641	0.00973	0.01351	0.01788	0.04037	0.70977	0.08536	0.02161	0.00887	0.00281	0.00402	0.01954	0.00648	0.00568
6	0.39848	0.01536	0.01504	0.01216	0.01711	0.01686	0.01003	0.25877	0.02065	0.15158	0.01522	0.01535	0.01072	0.00751	0.00572	0.00214	0.00630	0.00521	0.00599	0.00981
7	0.01639	0.02261	0.22288	0.03250	0.42577	0.06443	0.02117	0.02131	0.01567	0.02189	0.01440	0.06268	0.01251	0.00739	0.00691	0.00214	0.00889	0.00666	0.00351	0.01030
8	0.01400	0.03610	0.71860	0.01989	0.03020	0.01621	0.02578	0.02210	0.01473	0.02210	0.01252	0.01473	0.00884	0.00663	0.00663	0.00221	0.01031	0.00516	0.00295	0.01031
9	0.01727	0.01658	0.02832	0.04283	0.71123	0.01658	0.02142	0.02142	0.01589	0.02280	0.01313	0.01727	0.01105	0.00622	0.00691	0.00207	0.00829	0.00622	0.00345	0.01105
10	0.00888	0.00735	0.00759	0.00750	0.00965	0.00646	0.00550	0.01127	0.04225	0.01928	0.10139	0.06262	0.57892	0.08762	0.01081	0.00277	0.00391	0.01390	0.00636	0.00597
11	0.01400	0.03610	0.71860	0.01989	0.03020	0.01621	0.02578	0.02210	0.01473	0.02210	0.01252	0.01473	0.00884	0.00663	0.00663	0.00221	0.01031	0.00516	0.00295	0.01031
12	0.01162	0.00606	0.00895	0.00918	0.00923	0.00601	0.00612	0.00918	0.00969	0.01292	0.01580	0.12299	0.01687	0.02391	0.02471	0.68610	0.00578	0.00798	0.00351	0.00340
13	0.00946	0.00712	0.00919	0.03762	0.01184	0.00667	0.00705	0.01206	0.01720	0.02331	0.38380	0.21904	0.16791	0.01657	0.00841	0.00242	0.00389	0.04321	0.00696	0.00629
14	0.04275	0.02153	0.24613	0.02340	0.13218	0.01512	0.18855	0.02085	0.01605	0.05060	0.12082	0.02221	0.01874	0.00788	0.00800	0.00226	0.04195	0.00733	0.00418	0.00947
15	0.09301	0.14211	0.46880	0.01666	0.02502	0.01710	0.02004	0.02212	0.01492	0.06619	0.04345	0.01608	0.01178	0.00698	0.00617	0.00209	0.00881	0.00525	0.00366	0.00977

[dist]
# distance from previous block
# <min> <max>
5	8

[block]
# block no. 4 follows, 30 sequences, length 9
# corresponding to MSA columns:
# 1907-1915
name=unknown_E
#
# <colnr> <probs for GDERKNQSTAVLIFYWHMCP>
#	G	D	E	R	K	N	Q	S	T	A	V	L	I	F	Y	W	H	M	C	P
0	0.01653	0.01667	0.02431	0.32948	0.35961	0.09394	0.01970	0.02063	0.01551	0.02010	0.01257	0.01731	0.01010	0.00664	0.00687	0.00215	0.00918	0.00602	0.00332	0.00935
1	0.01318	0.01240	0.02093	0.73798	0.04806	0.01550	0.01938	0.01783	0.01395	0.01783	0.01240	0.01860	0.00930	0.00698	0.00698	0.00233	0.00930	0.00620	0.00310	0.00775
2	0.00850	0.00607	0.00810	0.00972	0.01012	0.00567	0.00648	0.00972	0.01336	0.01781	0.03846	0.75020	0.04615	0.02186	0.00891	0.00283	0.00405	0.01984	0.00648	0.00567
3	0.01363	0.01286	0.02174	0.66182	0.12072	0.01562	0.01960	0.01822	0.01417	0.01837	0.01248	0.01846	0.00949	0.00689	0.00697	0.00230	0.00919	0.00620	0.00314	0.00811
4	0.01403	0.01327	0.02246	0.59371	0.18570	0.01573	0.01980	0.01857	0.01436	0.01886	0.01255	0.01833	0.00967	0.00682	0.00696	0.00227	0.00909	0.00620	0.00317	0.00844
5	0.48982	0.03730	0.01133	0.00963	0.01303	0.01375	0.00769	0.05265	0.01346	0.02725	0.04671	0.02368	0.03796	0.10660	0.05221	0.00332	0.00645	0.03531	0.00468	0.00717
6	0.08472	0.01538	0.01698	0.01348	0.01821	0.01620	0.01086	0.36611	0.04685	0.16231	0.02000	0.06367	0.01575	0.06138	0.00880	0.00243	0.00668	0.00723	0.00670	0.05626
7	0.01640	0.01215	0.01386	0.01178	0.01507	0.01246	0.00925	0.27030	0.02279	0.03102	0.22133	0.10776	0.07325	0.05424	0.00921	0.00245	0.00553	0.04053	0.00672	0.06390
8	0.05585	0.06589	0.05701	0.01356	0.05529	0.03128	0.01077	0.08437	0.01893	0.20659	0.19729	0.05024	0.02787	0.03095	0.00772	0.00218	0.00597	0.00808	0.00638	0.06378

[dist]
# distance from previous block
# <min> <max>
11	51

[block]
# block no. 5 follows, 30 sequences, length 18
# corresponding to MSA columns:
# 1968-1985
name=unknown_F
#
# <colnr> <probs for GDERKNQSTAVLIFYWHMCP>
#	G	D	E	R	K	N	Q	S	T	A	V	L	I	F	Y	W	H	M	C	P
0	0.08811	0.25411	0.06575	0.01332	0.01826	0.06612	0.01206	0.20477	0.01999	0.02744	0.08217	0.01812	0.01582	0.00797	0.00645	0.00191	0.03300	0.00571	0.04968	0.00924
1	0.13690	0.36698	0.07294	0.01158	0.01635	0.03987	0.01093	0.01937	0.01489	0.04364	0.11916	0.06379	0.02008	0.00895	0.00619	0.02293	0.00656	0.00638	0.00432	0.00819
2	0.28122	0.19171	0.14903	0.07744	0.02175	0.06240	0.01374	0.05044	0.01496	0.06358	0.01185	0.01359	0.00910	0.00668	0.00541	0.00200	0.00770	0.00457	0.00396	0.00887
3	0.01935	0.69339	0.03518	0.01231	0.01824	0.02708	0.01206	0.08005	0.01583	0.01886	0.01033	0.01169	0.00921	0.00618	0.00470	0.00155	0.00748	0.00396	0.00334	0.00921
4	0.01866	0.75896	0.03657	0.01194	0.01791	0.02761	0.01194	0.02090	0.01418	0.01642	0.00970	0.01119	0.00896	0.00597	0.00448	0.00149	0.00746	0.00373	0.00299	0.00896
5	0.02558	0.01899	0.02044	0.01561	0.02124	0.02067	0.01287	0.63550	0.03137	0.04232	0.01641	0.01658	0.01175	0.00813	0.00684	0.00201	0.00748	0.00611	0.00676	0.07334
6	0.05051	0.11742	0.11415	0.04662	0.02292	0.05782	0.01466	0.38960	0.04173	0.05611	0.01517	0.01589	0.01109	0.00768	0.00648	0.00204	0.00814	0.00568	0.00555	0.01074
7	0.01866	0.75896	0.03657	0.01194	0.01791	0.02761	0.01194	0.02090	0.01418	0.01642	0.00970	0.01119	0.00896	0.00597	0.00448	0.00149	0.00746	0.00373	0.00299	0.00896
8	0.01441	0.10019	0.65812	0.01918	0.02911	0.01722	0.02456	0.02199	0.01468	0.02160	0.01227	0.01442	0.00885	0.00657	0.00644	0.00215	0.01006	0.00503	0.00295	0.01019
9	0.01866	0.75896	0.03657	0.01194	0.01791	0.02761	0.01194	0.02090	0.01418	0.01642	0.00970	0.01119	0.00896	0.00597	0.00448	0.00149	0.00746	0.00373	0.00299	0.00896
10	0.01212	0.00606	0.00909	0.00909	0.00909	0.00606	0.00606	0.00909	0.00909	0.01212	0.01212	0.02121	0.01212	0.02424	0.02727	0.79697	0.00606	0.00606	0.00303	0.00303
11	0.55488	0.01621	0.06667	0.01085	0.01529	0.07751	0.00948	0.02085	0.01399	0.05055	0.09310	0.01693	0.01498	0.00754	0.00522	0.00214	0.00619	0.00510	0.00468	0.00784
12	0.01800	0.01563	0.02508	0.03564	0.54751	0.01563	0.01876	0.07332	0.01745	0.06357	0.01869	0.02306	0.05539	0.00774	0.00711	0.00214	0.00774	0.03253	0.00433	0.01067
13	0.05604	0.06658	0.02164	0.02060	0.11721	0.46733	0.01431	0.08802	0.01948	0.02095	0.01151	0.01361	0.00949	0.00727	0.00692	0.00191	0.03949	0.00490	0.00387	0.00887
14	0.15149	0.01056	0.01304	0.01177	0.04281	0.01001	0.00891	0.02264	0.01806	0.28229	0.26567	0.03281	0.03311	0.01037	0.00700	0.00216	0.00499	0.02797	0.00713	0.03720
15	0.18585	0.17268	0.21513	0.01372	0.01980	0.07225	0.01419	0.02216	0.01555	0.09647	0.09527	0.01851	0.01626	0.00762	0.00590	0.00201	0.00756	0.00560	0.00446	0.00900
16	0.01621	0.01916	0.14169	0.05959	0.37477	0.04561	0.03875	0.05529	0.01676	0.02325	0.05503	0.06618	0.01687	0.00836	0.00718	0.00220	0.00832	0.03080	0.00408	0.00991
17	0.04269	0.10151	0.42349	0.01759	0.02515	0.05943	0.06597	0.02062	0.01529	0.02169	0.06859	0.07550	0.01635	0.00834	0.00673	0.00217	0.00905	0.00688	0.00373	0.00922

[dist]
# distance from previous block
# <min> <max>
18	39

[block]
# block no. 6 follows, 30 sequences, length 17
# corresponding to MSA columns:
# 2028-2044
name=unknown_G
#
# <colnr> <probs for GDERKNQSTAVLIFYWHMCP>
#	G	D	E	R	K	N	Q	S	T	A	V	L	I	F	Y	W	H	M	C	P
0	0.13749	0.08498	0.01541	0.01146	0.01511	0.05881	0.00909	0.10687	0.09681	0.04807	0.15891	0.05271	0.02543	0.07746	0.00909	0.00245	0.00600	0.00772	0.00569	0.07043
1	0.12053	0.17489	0.21916	0.07060	0.06632	0.05562	0.01599	0.05783	0.01592	0.04440	0.05342	0.04800	0.01420	0.00776	0.00613	0.00205	0.00804	0.00597	0.00404	0.00912
2	0.11284	0.01426	0.01640	0.08397	0.02035	0.01503	0.01109	0.24998	0.04804	0.16895	0.04628	0.02125	0.01558	0.05178	0.00820	0.00233	0.00659	0.00651	0.02677	0.07378
3	0.04015	0.01468	0.02393	0.24950	0.41477	0.01576	0.01908	0.04816	0.01575	0.02215	0.01455	0.06358	0.01266	0.00753	0.00698	0.00220	0.00821	0.00700	0.00372	0.00964
4	0.07982	0.01590	0.02515	0.07557	0.54709	0.01633	0.01903	0.06262	0.01653	0.02437	0.01538	0.01887	0.03905	0.00688	0.00677	0.00211	0.00788	0.00637	0.00385	0.01043
5	0.01418	0.01395	0.02056	0.60319	0.08070	0.07159	0.01833	0.01839	0.01449	0.01804	0.01371	0.05723	0.01135	0.00775	0.00702	0.00230	0.00923	0.00680	0.00334	0.00785
6	0.01727	0.01658	0.02832	0.04283	0.71123	0.01658	0.02142	0.02142	0.01589	0.02280	0.01313	0.01727	0.01105	0.00622	0.00691	0.00207	0.00829	0.00622	0.00345	0.01105
7	0.01709	0.01224	0.01452	0.01456	0.07049	0.03871	0.01031	0.06256	0.19877	0.13088	0.16161	0.15633	0.03265	0.01240	0.00767	0.00235	0.00554	0.03532	0.00689	0.00912
8	0.13024	0.07861	0.01805	0.01429	0.04693	0.05197	0.01102	0.31628	0.02233	0.03177	0.04223	0.07717	0.01665	0.05000	0.03532	0.00268	0.00739	0.00719	0.03053	0.00933
9	0.33882	0.06860	0.23966	0.01725	0.10223	0.04339	0.01563	0.02216	0.01415	0.06335	0.01203	0.01383	0.00905	0.00661	0.00559	0.00211	0.00773	0.00471	0.00391	0.00919
10	0.28329	0.01382	0.09340	0.01124	0.01547	0.01197	0.01016	0.02109	0.05347	0.12784	0.21921	0.02981	0.02863	0.00992	0.00655	0.00224	0.00549	0.04199	0.00603	0.00835
11	0.17376	0.06755	0.16977	0.01821	0.13324	0.01528	0.01478	0.04904	0.06084	0.11938	0.09552	0.02060	0.01762	0.00790	0.00636	0.00213	0.00700	0.00630	0.00505	0.00969
12	0.01947	0.01860	0.07828	0.03121	0.40062	0.06822	0.05411	0.05877	0.04225	0.10481	0.01563	0.01828	0.01211	0.00869	0.03618	0.00247	0.00896	0.00633	0.00437	0.01063
13	0.01718	0.01084	0.01325	0.01177	0.01494	0.01050	0.00918	0.15900	0.01960	0.14375	0.09672	0.26593	0.03180	0.01407	0.00780	0.00235	0.00539	0.07052	0.00683	0.08858
14	0.28952	0.07637	0.11920	0.01445	0.06106	0.01652	0.01242	0.09699	0.10505	0.02898	0.09946	0.01973	0.01752	0.00800	0.00597	0.00213	0.00648	0.00603	0.00503	0.00911
15	0.07110	0.01512	0.01683	0.01400	0.04403	0.01551	0.01081	0.34586	0.02379	0.03405	0.08103	0.05811	0.01824	0.00869	0.00654	0.00189	0.00624	0.00694	0.03092	0.19029
16	0.13285	0.04358	0.12943	0.01546	0.08070	0.01424	0.01297	0.12315	0.03304	0.13807	0.08151	0.02274	0.01806	0.00840	0.00639	0.00210	0.00654	0.02326	0.09798	0.00954

[dist]
# distance from previous block
# <min> <max>
21	40

[block]
# block no. 7 follows, 30 sequences, length 11
# corresponding to MSA columns:
# 2087-2097
name=unknown_H
#
# <colnr> <probs for GDERKNQSTAVLIFYWHMCP>
#	G	D	E	R	K	N	Q	S	T	A	V	L	I	F	Y	W	H	M	C	P
0	0.05910	0.01572	0.03898	0.01547	0.06984	0.03422	0.01180	0.23649	0.08564	0.13364	0.12187	0.02332	0.02105	0.00872	0.00683	0.00203	0.00644	0.00705	0.00643	0.09538
1	0.06991	0.07169	0.01964	0.01779	0.10589	0.15538	0.01256	0.22360	0.04743	0.05358	0.05139	0.10440	0.01798	0.00952	0.00679	0.00210	0.00777	0.00759	0.00546	0.00953
2	0.25616	0.05107	0.01591	0.01582	0.11235	0.10888	0.01067	0.04695	0.03722	0.06340	0.01854	0.12769	0.03257	0.03686	0.00726	0.00231	0.00678	0.00755	0.00484	0.03715
3	0.07239	0.05272	0.05017	0.01228	0.01548	0.14075	0.01001	0.05216	0.01738	0.10810	0.13424	0.16472	0.02889	0.04403	0.00840	0.00243	0.00669	0.04335	0.02792	0.00786
4	0.13463	0.42424	0.02568	0.01171	0.01644	0.11751	0.01052	0.02028	0.01526	0.02001	0.08157	0.01928	0.06317	0.00783	0.00533	0.00176	0.00718	0.00547	0.00396	0.00819
5	0.06819	0.07904	0.02125	0.01951	0.09792	0.47017	0.01379	0.07482	0.05443	0.02106	0.01225	0.01394	0.00998	0.00716	0.00621	0.00188	0.01062	0.00490	0.00401	0.00888
6	0.09398	0.03941	0.06203	0.01085	0.01475	0.01076	0.00938	0.06807	0.01824	0.16866	0.20514	0.06222	0.11067	0.01133	0.00707	0.00216	0.00519	0.02448	0.04512	0.03050
7	0.01282	0.00956	0.01244	0.01364	0.07777	0.00924	0.00917	0.09410	0.01707	0.04254	0.08673	0.37267	0.08296	0.01619	0.00813	0.00247	0.00508	0.05960	0.00625	0.06158
8	0.01572	0.08620	0.01449	0.01101	0.01421	0.01162	0.00875	0.05436	0.11280	0.11981	0.11259	0.13248	0.10088	0.06596	0.00943	0.00258	0.00535	0.05994	0.00638	0.05546
9	0.36858	0.01402	0.01246	0.01087	0.01468	0.04907	0.00869	0.12989	0.09100	0.03141	0.08578	0.01998	0.01713	0.00816	0.00562	0.00209	0.00563	0.00593	0.11061	0.00842
10	0.12339	0.57595	0.08122	0.01241	0.01836	0.05580	0.01242	0.02124	0.01416	0.01884	0.00995	0.01153	0.00876	0.00614	0.00469	0.00165	0.00762	0.00387	0.00319	0.00883

[dist]
# distance from previous block
# <min> <max>
0	1

[block]
# block no. 8 follows, 30 sequences, length 16
# corresponding to MSA columns:
# 2099-2114
name=unknown_I
#
# <colnr> <probs for GDERKNQSTAVLIFYWHMCP>
#	G	D	E	R	K	N	Q	S	T	A	V	L	I	F	Y	W	H	M	C	P
0	0.02218	0.01424	0.05642	0.01332	0.01764	0.01316	0.01110	0.24826	0.02214	0.24865	0.02611	0.22786	0.02318	0.01220	0.00752	0.00233	0.00625	0.01031	0.00713	0.01001
1	0.01826	0.12243	0.48316	0.01730	0.02602	0.01639	0.02073	0.02448	0.01578	0.16871	0.01535	0.01620	0.01065	0.00697	0.00644	0.00211	0.00902	0.00537	0.00416	0.01047
2	0.01318	0.01240	0.02093	0.73798	0.04806	0.01550	0.01938	0.01783	0.01395	0.01783	0.01240	0.01860	0.00930	0.00698	0.00698	0.00233	0.00930	0.00620	0.00310	0.00775
3	0.01015	0.00677	0.00761	0.00761	0.00761	0.00677	0.00423	0.01015	0.01015	0.01353	0.02199	0.04567	0.02537	0.75476	0.03552	0.00677	0.00677	0.01015	0.00423	0.00423
4	0.40627	0.01441	0.01398	0.01295	0.05597	0.03722	0.00973	0.12593	0.04572	0.10909	0.06656	0.01958	0.04007	0.00812	0.00579	0.00215	0.00599	0.00591	0.00559	0.00895
5	0.02028	0.01238	0.01820	0.01610	0.05871	0.01194	0.09607	0.09636	0.04732	0.24768	0.05244	0.10295	0.04597	0.01144	0.00774	0.00239	0.00661	0.10288	0.03302	0.00953
6	0.01318	0.01240	0.02093	0.73798	0.04806	0.01550	0.01938	0.01783	0.01395	0.01783	0.01240	0.01860	0.00930	0.00698	0.00698	0.00233	0.00930	0.00620	0.00310	0.00775
7	0.01425	0.07501	0.68188	0.01946	0.02954	0.01682	0.02504	0.02203	0.01470	0.02179	0.01237	0.01454	0.00885	0.00659	0.00651	0.00217	0.01016	0.00508	0.00295	0.01024
8	0.02636	0.01549	0.06884	0.01397	0.01942	0.01387	0.01218	0.16931	0.10738	0.40621	0.02471	0.02442	0.01707	0.00902	0.00711	0.00222	0.00660	0.03684	0.00758	0.01141
9	0.04610	0.10221	0.44663	0.02050	0.02889	0.01791	0.15546	0.02166	0.01468	0.02164	0.01226	0.01510	0.00917	0.00673	0.00760	0.00221	0.05275	0.00563	0.00313	0.00973
10	0.01727	0.01658	0.02832	0.04283	0.71123	0.01658	0.02142	0.02142	0.01589	0.02280	0.01313	0.01727	0.01105	0.00622	0.00691	0.00207	0.00829	0.00622	0.00345	0.01105
11	0.00975	0.00663	0.00790	0.00842	0.00860	0.00652	0.00515	0.01022	0.01128	0.01502	0.02712	0.23817	0.03166	0.52332	0.02715	0.00554	0.00601	0.04187	0.00494	0.00472
12	0.07123	0.01254	0.01787	0.24060	0.08583	0.01434	0.01382	0.01706	0.01290	0.01955	0.01221	0.01784	0.01049	0.03265	0.01222	0.06893	0.15644	0.00576	0.02769	0.15005
13	0.01015	0.00677	0.00761	0.00761	0.00761	0.00677	0.00423	0.01015	0.01015	0.01353	0.02199	0.04567	0.02537	0.75476	0.03552	0.00677	0.00677	0.01015	0.00423	0.00423
14	0.00872	0.00624	0.00832	0.00979	0.01033	0.00584	0.00669	0.01017	0.01394	0.01868	0.08681	0.67031	0.04732	0.02120	0.00889	0.00280	0.00410	0.04751	0.00656	0.00577
15	0.54444	0.01565	0.06476	0.07626	0.08232	0.01610	0.01155	0.05150	0.03679	0.02921	0.01142	0.01350	0.00878	0.00670	0.00517	0.00217	0.00646	0.00456	0.00425	0.00841

[dist]
# distance from previous block
# <min> <max>
0	2

[block]
# block no. 9 follows, 30 sequences, length 99
# corresponding to MSA columns:
# 2117-2215
name=unknown_J
#
# <colnr> <probs for GDERKNQSTAVLIFYWHMCP>
#	G	D	E	R	K	N	Q	S	T	A	V	L	I	F	Y	W	H	M	C	P
0	0.01807	0.38588	0.18387	0.01501	0.03982	0.10449	0.01489	0.02175	0.01580	0.04678	0.08071	0.01689	0.01498	0.00720	0.00572	0.00180	0.00825	0.00523	0.00375	0.00910
1	0.01329	0.01261	0.02159	0.71499	0.04769	0.01557	0.04101	0.01798	0.01404	0.01798	0.01246	0.01861	0.00934	0.00694	0.00702	0.00233	0.00938	0.00627	0.00311	0.00781
2	0.01458	0.01383	0.02346	0.49972	0.27537	0.01587	0.02008	0.01906	0.01462	0.01953	0.01265	0.01815	0.00990	0.00672	0.00695	0.00224	0.00896	0.00621	0.00322	0.00888
3	0.01866	0.75896	0.03657	0.01194	0.01791	0.02761	0.01194	0.02090	0.01418	0.01642	0.00970	0.01119	0.00896	0.00597	0.00448	0.00149	0.00746	0.00373	0.00299	0.00896
4	0.03049	0.01169	0.01593	0.01228	0.01753	0.01012	0.01012	0.03321	0.01996	0.68968	0.05360	0.02484	0.01914	0.00885	0.00706	0.00216	0.00584	0.00723	0.00860	0.01167
5	0.02030	0.02275	0.04855	0.03318	0.44347	0.24761	0.01874	0.04347	0.01762	0.02155	0.01245	0.01565	0.01033	0.00661	0.00670	0.00199	0.00974	0.00562	0.00359	0.01009
6	0.09490	0.01324	0.02113	0.54191	0.16036	0.01571	0.01852	0.01873	0.01408	0.02008	0.01225	0.01763	0.00943	0.00679	0.00669	0.00226	0.00873	0.00596	0.00329	0.00831
7	0.01362	0.01285	0.02173	0.66303	0.11956	0.01562	0.01960	0.01822	0.01416	0.01837	0.01248	0.01846	0.00949	0.00689	0.00697	0.00230	0.00919	0.00620	0.00314	0.00811
8	0.01578	0.01312	0.01876	0.42392	0.03429	0.01571	0.01558	0.15436	0.01752	0.02376	0.01528	0.04682	0.01245	0.02945	0.00877	0.00241	0.05906	0.00686	0.07781	0.00829
9	0.01583	0.01284	0.01494	0.01077	0.01691	0.01012	0.00866	0.06088	0.01583	0.04854	0.01321	0.01494	0.01068	0.00549	0.00535	0.00114	0.00536	0.00437	0.00447	0.71965
10	0.56380	0.06838	0.06420	0.01096	0.01577	0.01682	0.00975	0.02334	0.12339	0.02924	0.01294	0.01395	0.00997	0.00694	0.00495	0.00215	0.00592	0.00454	0.00457	0.00842
11	0.01866	0.75896	0.03657	0.01194	0.01791	0.02761	0.01194	0.02090	0.01418	0.01642	0.00970	0.01119	0.00896	0.00597	0.00448	0.00149	0.00746	0.00373	0.00299	0.00896
12	0.02049	0.01958	0.25068	0.01525	0.04195	0.01209	0.01517	0.02572	0.04027	0.29793	0.11969	0.02416	0.02101	0.00852	0.00695	0.00212	0.00703	0.00704	0.00611	0.05825
13	0.05333	0.12783	0.02144	0.01664	0.02039	0.56166	0.01297	0.02582	0.01817	0.01749	0.01080	0.01290	0.00920	0.00858	0.02903	0.00211	0.03550	0.00451	0.00353	0.00811
14	0.00997	0.00745	0.01110	0.01110	0.01230	0.00866	0.00857	0.01238	0.01118	0.01611	0.01880	0.02802	0.01771	0.07567	0.70413	0.01107	0.01830	0.00757	0.00375	0.00616
15	0.01919	0.70672	0.03536	0.01237	0.01817	0.07794	0.01205	0.02140	0.01458	0.01647	0.00978	0.01129	0.00896	0.00606	0.00461	0.00151	0.00783	0.00379	0.00303	0.00889
16	0.01696	0.01388	0.01581	0.01152	0.01759	0.01185	0.00930	0.15614	0.01826	0.02713	0.01330	0.01494	0.01065	0.00583	0.00554	0.00125	0.00569	0.00458	0.00472	0.63504
17	0.01393	0.01317	0.02229	0.61017	0.17000	0.01570	0.01975	0.01849	0.01431	0.01874	0.01254	0.01836	0.00962	0.00684	0.00696	0.00228	0.00912	0.00620	0.00317	0.00836
18	0.01736	0.01499	0.01578	0.01420	0.01815	0.01736	0.01105	0.03708	0.69862	0.02919	0.02840	0.02604	0.02130	0.00947	0.00710	0.00237	0.00552	0.00789	0.00710	0.01105
19	0.00849	0.00614	0.00803	0.00955	0.01008	0.00568	0.00640	0.00974	0.01352	0.01788	0.04052	0.70657	0.08845	0.02159	0.00886	0.00280	0.00402	0.01951	0.00648	0.00568
20	0.00997	0.00748	0.01121	0.01121	0.01246	0.00872	0.00872	0.01246	0.01121	0.01620	0.01869	0.02741	0.01745	0.05234	0.72710	0.01121	0.01869	0.00748	0.00374	0.00623
21	0.00856	0.00611	0.00815	0.00968	0.01013	0.00570	0.00648	0.00985	0.01361	0.01821	0.06458	0.72295	0.04692	0.02157	0.00888	0.00281	0.00402	0.01956	0.00652	0.00570
22	0.01447	0.01240	0.01447	0.01034	0.01654	0.00930	0.00827	0.01757	0.01447	0.02274	0.01240	0.01447	0.01034	0.00517	0.00517	0.00103	0.00517	0.00413	0.00413	0.79742
23	0.01407	0.01198	0.01405	0.01029	0.01611	0.00906	0.00815	0.01705	0.01440	0.02241	0.01413	0.06322	0.01271	0.00627	0.00542	0.00115	0.00509	0.00517	0.00429	0.74496
24	0.04962	0.42421	0.02898	0.01406	0.01907	0.13772	0.04296	0.08753	0.01679	0.02020	0.01339	0.01516	0.03637	0.00862	0.02962	0.00208	0.03612	0.00495	0.00372	0.00882
25	0.01015	0.00677	0.00761	0.00761	0.00761	0.00677	0.00423	0.01015	0.01015	0.01353	0.02199	0.04567	0.02537	0.75476	0.03552	0.00677	0.00677	0.01015	0.00423	0.00423
26	0.00895	0.00642	0.00850	0.00941	0.01022	0.00597	0.00651	0.01084	0.01545	0.02113	0.25687	0.52233	0.05258	0.01938	0.00869	0.00263	0.00380	0.01748	0.00687	0.00597
27	0.01724	0.01810	0.05377	0.14787	0.52367	0.07567	0.02061	0.02142	0.01587	0.02152	0.01279	0.01699	0.01052	0.00643	0.00686	0.00209	0.00889	0.00603	0.00339	0.01026
28	0.20245	0.01963	0.01952	0.04477	0.13365	0.13270	0.01354	0.29601	0.02248	0.03235	0.01343	0.01499	0.01019	0.00735	0.00625	0.00207	0.00810	0.00541	0.00511	0.00999
29	0.00850	0.00607	0.00810	0.00972	0.01012	0.00567	0.00648	0.00972	0.01336	0.01781	0.03846	0.75020	0.04615	0.02186	0.00891	0.00283	0.00405	0.01984	0.00648	0.00567
30	0.02180	0.01720	0.01828	0.01510	0.01984	0.01943	0.01212	0.35221	0.37626	0.03635	0.02276	0.02154	0.01673	0.00894	0.00704	0.00223	0.00657	0.00711	0.00704	0.01144
31	0.64838	0.06325	0.10735	0.01079	0.01602	0.01648	0.01029	0.02075	0.01241	0.02914	0.01009	0.01178	0.00782	0.00647	0.00464	0.00212	0.00619	0.00396	0.00405	0.00802
32	0.77394	0.01323	0.01011	0.00908	0.01329	0.01531	0.00746	0.02035	0.01198	0.03111	0.01021	0.01189	0.00795	0.00654	0.00434	0.00214	0.00532	0.00388	0.03436	0.00752
33	0.01647	0.01882	0.04118	0.02941	0.03647	0.01765	0.68588	0.02235	0.01647	0.02235	0.01412	0.01882	0.01059	0.00588	0.00824	0.00235	0.01176	0.00824	0.00353	0.00941
34	0.01376	0.01300	0.02198	0.63944	0.14207	0.01566	0.01967	0.01834	0.01423	0.01853	0.01251	0.01842	0.00955	0.00687	0.00697	0.00229	0.00916	0.00620	0.00315	0.00822
35	0.01647	0.01882	0.04118	0.02941	0.03647	0.01765	0.68588	0.02235	0.01647	0.02235	0.01412	0.01882	0.01059	0.00588	0.00824	0.00235	0.01176	0.00824	0.00353	0.00941
36	0.01212	0.00606	0.00909	0.00909	0.00909	0.00606	0.00606	0.00909	0.00909	0.01212	0.01212	0.02121	0.01212	0.02424	0.02727	0.79697	0.00606	0.00606	0.00303	0.00303
37	0.01212	0.00606	0.00909	0.00909	0.00909	0.00606	0.00606	0.00909	0.00909	0.01212	0.01212	0.02121	0.01212	0.02424	0.02727	0.79697	0.00606	0.00606	0.00303	0.00303
38	0.01432	0.08600	0.67151	0.01934	0.02935	0.01699	0.02483	0.02202	0.01469	0.02171	0.01233	0.01449	0.00885	0.00658	0.00648	0.00216	0.01012	0.00506	0.00295	0.01022
39	0.01015	0.00677	0.00761	0.00761	0.00761	0.00677	0.00423	0.01015	0.01015	0.01353	0.02199	0.04567	0.02537	0.75476	0.03552	0.00677	0.00677	0.01015	0.00423	0.00423
40	0.01727	0.01658	0.02832	0.04283	0.71123	0.01658	0.02142	0.02142	0.01589	0.02280	0.01313	0.01727	0.01105	0.00622	0.00691	0.00207	0.00829	0.00622	0.00345	0.01105
41	0.02684	0.01905	0.02063	0.01582	0.02139	0.02090	0.01307	0.64548	0.03198	0.08763	0.01745	0.01721	0.01222	0.00839	0.00698	0.00210	0.00757	0.00633	0.00709	0.01187
42	0.01740	0.01675	0.02730	0.06192	0.58696	0.03799	0.04666	0.04331	0.01654	0.02306	0.01429	0.02005	0.01228	0.00693	0.00707	0.00214	0.00849	0.03656	0.00370	0.01060
43	0.01576	0.01610	0.02130	0.01830	0.01847	0.05387	0.01518	0.01730	0.01111	0.01681	0.00924	0.01514	0.00915	0.01198	0.02214	0.00300	0.70839	0.00603	0.00308	0.00765
44	0.01124	0.00803	0.01124	0.01285	0.01446	0.00803	0.01124	0.01446	0.01606	0.02088	0.03695	0.07871	0.04016	0.01928	0.00964	0.00321	0.00643	0.66426	0.00643	0.00643
45	0.01866	0.75896	0.03657	0.01194	0.01791	0.02761	0.01194	0.02090	0.01418	0.01642	0.00970	0.01119	0.00896	0.00597	0.00448	0.00149	0.00746	0.00373	0.00299	0.00896
46	0.01727	0.01658	0.02832	0.04283	0.71123	0.01658	0.02142	0.02142	0.01589	0.02280	0.01313	0.01727	0.01105	0.00622	0.00691	0.00207	0.00829	0.00622	0.00345	0.01105
47	0.00988	0.00713	0.00933	0.00878	0.01043	0.00658	0.00658	0.01317	0.01975	0.02798	0.70754	0.05213	0.06584	0.01427	0.00823	0.00219	0.00329	0.01262	0.00768	0.00658
48	0.00866	0.00627	0.00819	0.00943	0.01012	0.00580	0.00642	0.01017	0.01433	0.01917	0.12508	0.61839	0.09090	0.02063	0.00878	0.00272	0.00392	0.01860	0.00663	0.00580
49	0.01015	0.00677	0.00761	0.00761	0.00761	0.00677	0.00423	0.01015	0.01015	0.01353	0.02199	0.04567	0.02537	0.75476	0.03552	0.00677	0.00677	0.01015	0.00423	0.00423
50	0.01015	0.00677	0.00761	0.00761	0.00761	0.00677	0.00423	0.01015	0.01015	0.01353	0.02199	0.04567	0.02537	0.75476	0.03552	0.00677	0.00677	0.01015	0.00423	0.00423
51	0.01727	0.01658	0.02832	0.04283	0.71123	0.01658	0.02142	0.02142	0.01589	0.02280	0.01313	0.01727	0.01105	0.00622	0.00691	0.00207	0.00829	0.00622	0.00345	0.01105
52	0.01124	0.00803	0.01124	0.01285	0.01446	0.00803	0.01124	0.01446	0.01606	0.02088	0.03695	0.07871	0.04016	0.01928	0.00964	0.00321	0.00643	0.66426	0.00643	0.00643
53	0.80405	0.01350	0.01026	0.00918	0.01350	0.01565	0.00756	0.02051	0.01188	0.03131	0.00972	0.01134	0.00756	0.00648	0.00432	0.00216	0.00540	0.00378	0.00432	0.00756
54	0.01727	0.01658	0.02832	0.04283	0.71123	0.01658	0.02142	0.02142	0.01589	0.02280	0.01313	0.01727	0.01105	0.00622	0.00691	0.00207	0.00829	0.00622	0.00345	0.01105
55	0.01015	0.00677	0.00761	0.00761	0.00761	0.00677	0.00423	0.01015	0.01015	0.01353	0.02199	0.04567	0.02537	0.75476	0.03552	0.00677	0.00677	0.01015	0.00423	0.00423
56	0.00997	0.00748	0.01121	0.01121	0.01246	0.00872	0.00872	0.01246	0.01121	0.01620	0.01869	0.02741	0.01745	0.05234	0.72710	0.01121	0.01869	0.00748	0.00374	0.00623
57	0.01400	0.03610	0.71860	0.01989	0.03020	0.01621	0.02578	0.02210	0.01473	0.02210	0.01252	0.01473	0.00884	0.00663	0.00663	0.00221	0.01031	0.00516	0.00295	0.01031
