[name]
unknown

[dist]
# distance from previous block
# <min> <max>
0	25

[block]
# block no. 0 follows, 28 sequences, length 19
# corresponding to MSA columns:
# 25-43
name=unknown_A
#
# <colnr> <probs for GDERKNQSTAVLIFYWHMCP>
#	G	D	E	R	K	N	Q	S	T	A	V	L	I	F	Y	W	H	M	C	P
0	0.01471	0.01062	0.01361	0.01402	0.01647	0.01103	0.01211	0.13926	0.02002	0.02628	0.03453	0.06985	0.03629	0.01794	0.00952	0.00313	0.00694	0.52911	0.00680	0.00776
1	0.01431	0.01003	0.01224	0.01070	0.01332	0.00994	0.00830	0.13890	0.02314	0.05515	0.54519	0.04636	0.05629	0.01351	0.00829	0.00227	0.00438	0.01171	0.00790	0.00808
2	0.05038	0.01370	0.01706	0.01330	0.01862	0.01309	0.01092	0.15428	0.04718	0.49493	0.04284	0.02395	0.01812	0.00905	0.00718	0.00222	0.00632	0.00724	0.03777	0.01187
3	0.01455	0.01343	0.02079	0.59301	0.04420	0.01651	0.01855	0.02235	0.14092	0.02080	0.01606	0.02084	0.01204	0.00776	0.00729	0.00243	0.00895	0.00679	0.00401	0.00872
4	0.02016	0.01928	0.06006	0.13710	0.31428	0.05518	0.01894	0.19307	0.06001	0.02874	0.01531	0.01820	0.01185	0.00746	0.00719	0.00222	0.00881	0.00644	0.00470	0.01101
5	0.01372	0.00953	0.01056	0.00966	0.01077	0.00992	0.00626	0.13560	0.01513	0.02022	0.02249	0.06676	0.02456	0.58013	0.03041	0.00598	0.00712	0.01018	0.00503	0.00596
6	0.01849	0.01415	0.02134	0.01692	0.02105	0.01436	0.16016	0.18032	0.02141	0.10137	0.13583	0.15185	0.04724	0.01211	0.00905	0.00246	0.04524	0.01088	0.00644	0.00934
7	0.01117	0.00899	0.01186	0.01090	0.01232	0.00967	0.00845	0.01407	0.01830	0.02591	0.49904	0.06789	0.10586	0.01496	0.01147	0.00249	0.14045	0.01226	0.00696	0.00698
8	0.01806	0.01507	0.02031	0.29222	0.03120	0.01802	0.01577	0.22966	0.02063	0.02781	0.05518	0.06722	0.01645	0.01009	0.01021	0.00250	0.12755	0.00779	0.00503	0.00923
9	0.01553	0.01506	0.02098	0.01811	0.01825	0.02086	0.01503	0.01726	0.01137	0.01797	0.01073	0.01706	0.01041	0.01437	0.05379	0.00348	0.66117	0.00645	0.04429	0.00782
10	0.08699	0.12960	0.10740	0.07901	0.02282	0.20355	0.04689	0.05071	0.01637	0.02055	0.01400	0.02063	0.01267	0.14585	0.01207	0.00298	0.00965	0.00613	0.00387	0.00826
11	0.07701	0.49244	0.03118	0.01397	0.01942	0.20401	0.01256	0.04212	0.01665	0.01920	0.01061	0.01221	0.00932	0.00665	0.00521	0.00170	0.00900	0.00417	0.00349	0.00908
12	0.02666	0.01964	0.02112	0.01638	0.02192	0.02168	0.01345	0.64064	0.03313	0.04440	0.01862	0.05473	0.01421	0.00945	0.00738	0.00222	0.00780	0.00727	0.00724	0.01203
13	0.01807	0.18669	0.02002	0.01281	0.01715	0.07936	0.01060	0.07604	0.22860	0.04831	0.03349	0.03218	0.18621	0.01083	0.00697	0.00217	0.00655	0.00852	0.00596	0.00947
14	0.01056	0.00710	0.00820	0.00820	0.00829	0.00719	0.00474	0.01074	0.01065	0.01429	0.02266	0.04620	0.02583	0.69489	0.08583	0.00738	0.00794	0.01037	0.00437	0.00455
15	0.04648	0.39947	0.09103	0.14780	0.02540	0.02234	0.01483	0.02259	0.03215	0.07964	0.02820	0.01606	0.01174	0.00721	0.00628	0.00196	0.02831	0.00519	0.00392	0.00940
16	0.00992	0.00722	0.00887	0.00876	0.01011	0.00667	0.00618	0.01220	0.01730	0.02363	0.39752	0.13597	0.15339	0.15366	0.01401	0.00329	0.00424	0.01388	0.00699	0.00618
17	0.01724	0.45883	0.07062	0.01258	0.01781	0.07592	0.01206	0.01984	0.01569	0.01845	0.04734	0.02467	0.14078	0.00919	0.00647	0.00188	0.03139	0.00662	0.00402	0.00861
18	0.01098	0.00760	0.01076	0.01076	0.01213	0.00865	0.00833	0.01373	0.01235	0.01880	0.02027	0.02828	0.01826	0.04585	0.58198	0.00980	0.01644	0.00760	0.15088	0.00654

[dist]
# distance from previous block
# <min> <max>
0	4

[block]
# block no. 1 follows, 28 sequences, length 27
# corresponding to MSA columns:
# 48-74
name=unknown_B
#
# <colnr> <probs for GDERKNQSTAVLIFYWHMCP>
#	G	D	E	R	K	N	Q	S	T	A	V	L	I	F	Y	W	H	M	C	P
0	0.01926	0.59988	0.03334	0.01290	0.01829	0.10130	0.01207	0.02144	0.01532	0.01732	0.01310	0.08172	0.01305	0.00795	0.00531	0.00172	0.00801	0.00558	0.00353	0.00890
1	0.01717	0.01482	0.01557	0.01408	0.01803	0.01693	0.01093	0.03592	0.62179	0.02937	0.03382	0.03123	0.08690	0.01068	0.00751	0.00246	0.00555	0.00890	0.00733	0.01099
2	0.05777	0.39441	0.21435	0.01473	0.02150	0.04986	0.01580	0.02198	0.01494	0.04192	0.01245	0.01478	0.01035	0.01121	0.07369	0.00280	0.00975	0.00481	0.00346	0.00943
3	0.01933	0.58297	0.03365	0.01314	0.01861	0.02630	0.01249	0.08357	0.01620	0.01986	0.01151	0.01375	0.01032	0.01055	0.06115	0.00249	0.04664	0.00457	0.00357	0.00933
4	0.68923	0.01309	0.01026	0.00929	0.01325	0.01504	0.00743	0.02015	0.01231	0.03062	0.01189	0.01585	0.01008	0.07765	0.00764	0.00269	0.00567	0.00469	0.03568	0.00750
5	0.00990	0.00681	0.00826	0.00885	0.00914	0.00660	0.00548	0.01065	0.01261	0.01694	0.08160	0.30883	0.03786	0.41600	0.02435	0.00513	0.00570	0.01457	0.00557	0.00516
6	0.01483	0.03587	0.64313	0.02167	0.03209	0.01703	0.08887	0.02305	0.01552	0.02305	0.01320	0.01576	0.00938	0.00683	0.00707	0.00232	0.01089	0.00568	0.00313	0.01065
7	0.01029	0.00743	0.00972	0.00914	0.01086	0.00686	0.00686	0.01372	0.02058	0.02915	0.69536	0.05430	0.06859	0.01486	0.00857	0.00229	0.00343	0.01315	0.00800	0.00686
8	0.00952	0.00661	0.00824	0.00927	0.00953	0.00635	0.00584	0.01030	0.01262	0.01683	0.03342	0.47171	0.03969	0.30230	0.02001	0.00454	0.00531	0.01676	0.00584	0.00532
9	0.01696	0.01712	0.03183	0.16758	0.39273	0.01737	0.20467	0.02189	0.01635	0.02266	0.01382	0.01870	0.01104	0.00653	0.00760	0.00229	0.00985	0.00706	0.00355	0.01039
10	0.01098	0.00800	0.00993	0.00980	0.01072	0.00860	0.00672	0.01362	0.06375	0.01666	0.02477	0.04020	0.05741	0.39883	0.28056	0.00814	0.01130	0.00962	0.00457	0.00580
11	0.01671	0.01889	0.04104	0.02954	0.03652	0.01771	0.63701	0.02258	0.01698	0.02303	0.01607	0.05830	0.01302	0.00702	0.00862	0.00248	0.01182	0.00923	0.00384	0.00959
12	0.00878	0.00664	0.00812	0.00930	0.01033	0.00597	0.00638	0.01021	0.01471	0.01888	0.05007	0.54006	0.24135	0.02147	0.00907	0.00280	0.00406	0.01908	0.00675	0.00597
13	0.01055	0.00712	0.00830	0.00830	0.00843	0.00725	0.00487	0.01081	0.01068	0.01437	0.02256	0.04569	0.02561	0.67624	0.10418	0.00751	0.00828	0.01030	0.00435	0.00461
14	0.02763	0.02036	0.02182	0.01672	0.02254	0.02254	0.01382	0.67496	0.03418	0.04581	0.01745	0.01745	0.01236	0.00873	0.00727	0.00218	0.00800	0.00654	0.00727	0.01236
15	0.00894	0.00639	0.00851	0.01007	0.01056	0.00596	0.00675	0.01032	0.01428	0.01914	0.07618	0.70201	0.04921	0.02234	0.00924	0.00292	0.00417	0.02025	0.00682	0.00596
16	0.01808	0.01561	0.01644	0.01479	0.01890	0.01808	0.01151	0.03863	0.68606	0.03041	0.02959	0.02712	0.02219	0.00986	0.00740	0.00247	0.00575	0.00822	0.00740	0.01151
17	0.02351	0.01694	0.01839	0.01491	0.01937	0.03734	0.01193	0.45221	0.02758	0.07990	0.02103	0.10277	0.01794	0.05443	0.06415	0.00327	0.00843	0.00847	0.00680	0.01062
18	0.00975	0.00741	0.00897	0.00858	0.01053	0.00663	0.00644	0.01268	0.01931	0.02614	0.49843	0.05926	0.26740	0.01598	0.00858	0.00234	0.00351	0.01384	0.00761	0.00663
19	0.01507	0.01292	0.01507	0.01077	0.01723	0.00969	0.00861	0.01830	0.01507	0.02369	0.01292	0.01507	0.01077	0.00538	0.00538	0.00108	0.00538	0.00431	0.00431	0.78898
20	0.01605	0.01350	0.01560	0.01123	0.01764	0.01069	0.00902	0.06931	0.01656	0.02540	0.01327	0.01526	0.01089	0.00564	0.00553	0.00116	0.00559	0.00448	0.00454	0.72866
21	0.01840	0.57781	0.13480	0.01426	0.02057	0.02643	0.01487	0.02156	0.01452	0.01801	0.01049	0.01259	0.00933	0.00691	0.00674	0.00181	0.07405	0.00433	0.00311	0.00941
22	0.01569	0.06851	0.43995	0.02337	0.03245	0.01815	0.22986	0.02286	0.01575	0.02262	0.01330	0.01652	0.00980	0.00681	0.00786	0.00234	0.03427	0.00634	0.00327	0.01028
23	0.01716	0.01961	0.04289	0.03064	0.03799	0.01838	0.67279	0.02328	0.01716	0.02328	0.01471	0.01961	0.01103	0.00613	0.00858	0.00245	0.01225	0.00858	0.00368	0.00980
24	0.01764	0.01817	0.06472	0.07010	0.63875	0.01721	0.02246	0.02220	0.01641	0.02351	0.01361	0.01791	0.01132	0.00653	0.00718	0.00218	0.00879	0.00642	0.00356	0.01134
25	0.00892	0.00765	0.00817	0.00877	0.03323	0.00650	0.00615	0.01082	0.01643	0.01972	0.06988	0.10252	0.63982	0.01823	0.00858	0.00247	0.00388	0.01531	0.00664	0.00631
26	0.00957	0.00708	0.00872	0.00899	0.01028	0.00654	0.00633	0.01162	0.01639	0.02199	0.27879	0.24733	0.18865	0.10509	0.03639	0.00339	0.00468	0.01522	0.00682	0.00614

[dist]
# distance from previous block
# <min> <max>
6	9

[block]
# block no. 2 follows, 28 sequences, length 23
# corresponding to MSA columns:
# 84-106
name=unknown_C
#
# <colnr> <probs for GDERKNQSTAVLIFYWHMCP>
#	G	D	E	R	K	N	Q	S	T	A	V	L	I	F	Y	W	H	M	C	P
0	0.01202	0.00884	0.01077	0.01002	0.01213	0.00856	0.00755	0.09333	0.02090	0.02873	0.45797	0.14605	0.12400	0.01557	0.00851	0.00238	0.00412	0.01361	0.00761	0.00732
1	0.02470	0.02005	0.01934	0.01575	0.02050	0.12519	0.01260	0.41414	0.07467	0.06679	0.07852	0.05545	0.01948	0.00984	0.00738	0.00220	0.00796	0.00766	0.00686	0.01091
2	0.01763	0.48450	0.20510	0.01448	0.02154	0.02400	0.01573	0.02276	0.06166	0.01964	0.01501	0.01625	0.04054	0.00719	0.00560	0.00185	0.00821	0.00507	0.00356	0.00970
3	0.01926	0.41205	0.24077	0.01576	0.02322	0.05298	0.01710	0.10193	0.01755	0.02244	0.01195	0.01356	0.00966	0.00679	0.00575	0.00187	0.00894	0.00470	0.00363	0.01009
4	0.02573	0.10855	0.02328	0.01602	0.02172	0.02287	0.01343	0.53491	0.09387	0.04085	0.01771	0.01767	0.01293	0.00853	0.00697	0.00213	0.00776	0.00638	0.00678	0.01191
5	0.01815	0.65856	0.03448	0.01216	0.01767	0.02598	0.01175	0.02035	0.01467	0.01728	0.01375	0.10025	0.01404	0.00823	0.00523	0.00172	0.00734	0.00593	0.00355	0.00891
6	0.00886	0.00633	0.00843	0.01012	0.01054	0.00590	0.00675	0.01012	0.01392	0.01856	0.04006	0.73979	0.04808	0.02277	0.00928	0.00295	0.00422	0.02066	0.00675	0.00590
7	0.02032	0.04113	0.03107	0.01170	0.01594	0.01151	0.00962	0.02668	0.15402	0.28028	0.11853	0.03878	0.18568	0.01195	0.00767	0.00232	0.00534	0.00992	0.00764	0.00989
8	0.02703	0.01731	0.01946	0.01532	0.02070	0.01848	0.01251	0.40986	0.11789	0.20735	0.02256	0.04211	0.01615	0.00937	0.00736	0.00226	0.00713	0.00738	0.00770	0.01206
9	0.01183	0.00790	0.00901	0.00856	0.01112	0.00680	0.00648	0.01401	0.01756	0.10448	0.17208	0.11411	0.45552	0.01700	0.00849	0.00244	0.00399	0.01440	0.00724	0.00700
10	0.02535	0.01864	0.02149	0.01919	0.10377	0.02002	0.01404	0.50529	0.02963	0.06735	0.01751	0.01815	0.01270	0.00828	0.00706	0.00210	0.00765	0.00646	0.04381	0.05150
11	0.04989	0.33596	0.28105	0.01645	0.02385	0.14014	0.01785	0.02344	0.01587	0.02002	0.01138	0.01327	0.00923	0.00671	0.00581	0.00191	0.00969	0.00457	0.00326	0.00964
12	0.01726	0.01942	0.11135	0.09203	0.57009	0.01714	0.02271	0.02212	0.01626	0.02328	0.01354	0.01777	0.01110	0.00659	0.00717	0.00220	0.00897	0.00634	0.00351	0.01117
13	0.00886	0.00633	0.00843	0.01012	0.01054	0.00590	0.00675	0.01012	0.01392	0.01856	0.04006	0.73979	0.04808	0.02277	0.00928	0.00295	0.00422	0.02066	0.00675	0.00590
14	0.01447	0.01361	0.02296	0.54851	0.19104	0.01599	0.02012	0.01905	0.01495	0.01971	0.01417	0.04790	0.01163	0.00771	0.00733	0.00239	0.00924	0.00703	0.00345	0.00874
15	0.00884	0.00638	0.00838	0.00998	0.01051	0.00592	0.00669	0.01014	0.01405	0.01861	0.04175	0.70612	0.08066	0.02255	0.00924	0.00293	0.00419	0.02040	0.00675	0.00592
16	0.01010	0.00738	0.00949	0.00906	0.01077	0.00677	0.00676	0.01333	0.02000	0.02801	0.62244	0.08578	0.11198	0.01546	0.00861	0.00233	0.00348	0.01363	0.00786	0.00677
17	0.02703	0.02000	0.02149	0.01644	0.02229	0.02192	0.01357	0.64333	0.03326	0.04475	0.01723	0.01734	0.01229	0.00857	0.00718	0.00213	0.00787	0.00644	0.00713	0.04976
18	0.00926	0.00772	0.00812	0.00810	0.01043	0.00680	0.00604	0.01217	0.05084	0.02104	0.12983	0.11016	0.55825	0.01791	0.00857	0.00247	0.00380	0.01511	0.00690	0.00646
19	0.15395	0.18262	0.02332	0.01653	0.06302	0.14098	0.01292	0.16991	0.06054	0.05613	0.01410	0.01531	0.01105	0.00775	0.00690	0.00207	0.04273	0.00531	0.00492	0.00994
20	0.19841	0.17854	0.35934	0.01613	0.02414	0.01960	0.01856	0.06677	0.01582	0.02558	0.01205	0.01390	0.00914	0.00685	0.00591	0.00213	0.00875	0.00481	0.00370	0.00989
21	0.06975	0.12004	0.34112	0.04485	0.02530	0.05313	0.01862	0.07347	0.04086	0.02487	0.05902	0.01907	0.03009	0.00782	0.00658	0.00213	0.00882	0.00598	0.00416	0.04432
22	0.09926	0.17074	0.18553	0.01756	0.05123	0.03924	0.07334	0.13693	0.01905	0.04425	0.04935	0.01988	0.04754	0.00802	0.00659	0.00212	0.00842	0.00636	0.00463	0.00995

[dist]
# distance from previous block
# <min> <max>
2	22

[block]
# block no. 3 follows, 28 sequences, length 77
# corresponding to MSA columns:
# 129-205
name=unknown_D
#
# <colnr> <probs for GDERKNQSTAVLIFYWHMCP>
#	G	D	E	R	K	N	Q	S	T	A	V	L	I	F	Y	W	H	M	C	P
0	0.04862	0.09895	0.01995	0.01666	0.07336	0.15408	0.01234	0.15307	0.02056	0.09269	0.06515	0.07443	0.01981	0.01444	0.07883	0.00312	0.00930	0.02969	0.00554	0.00939
1	0.07522	0.09070	0.17416	0.01479	0.02091	0.01646	0.01438	0.15763	0.04610	0.20079	0.01994	0.05167	0.01539	0.05929	0.00889	0.00255	0.00765	0.00699	0.00596	0.01054
2	0.05140	0.23292	0.32590	0.01690	0.02448	0.11806	0.01860	0.04407	0.04117	0.02193	0.01441	0.01599	0.03036	0.00730	0.00621	0.00204	0.00954	0.00524	0.00364	0.00984
3	0.01084	0.00786	0.00955	0.01020	0.01137	0.00764	0.00728	0.05630	0.01539	0.02012	0.03954	0.36798	0.13043	0.16492	0.01469	0.00370	0.00531	0.10439	0.00631	0.00619
4	0.01469	0.01013	0.05877	0.01143	0.01403	0.00805	0.00933	0.01744	0.01724	0.16255	0.19406	0.32966	0.04372	0.01674	0.00860	0.00263	0.00506	0.06076	0.00726	0.00785
5	0.01544	0.01415	0.02313	0.05138	0.40606	0.01413	0.04544	0.01990	0.03769	0.02321	0.04980	0.03728	0.08278	0.01071	0.00801	0.00246	0.00769	0.13625	0.00478	0.00972
6	0.02763	0.02036	0.02182	0.01672	0.02254	0.02254	0.01382	0.67496	0.03418	0.04581	0.01745	0.01745	0.01236	0.00873	0.00727	0.00218	0.00800	0.00654	0.00727	0.01236
7	0.01943	0.74891	0.03809	0.01244	0.01866	0.02876	0.01244	0.02177	0.01477	0.01710	0.01011	0.01166	0.00933	0.00622	0.00466	0.00155	0.00777	0.00389	0.00311	0.00933
8	0.01458	0.03760	0.70688	0.02072	0.03146	0.01688	0.02686	0.02302	0.01535	0.02302	0.01304	0.01535	0.00921	0.00691	0.00691	0.00230	0.01074	0.00537	0.00307	0.01074
9	0.01479	0.06845	0.67787	0.02036	0.03091	0.01740	0.02623	0.02297	0.01532	0.02276	0.01292	0.01519	0.00921	0.00688	0.00681	0.00227	0.01061	0.00531	0.00307	0.01068
10	0.00914	0.00645	0.00835	0.00975	0.01010	0.00610	0.00635	0.01020	0.01336	0.01781	0.03719	0.62378	0.04445	0.14373	0.01392	0.00364	0.00469	0.01897	0.00635	0.00565
11	0.03261	0.01237	0.01687	0.01293	0.01856	0.01068	0.01068	0.03543	0.02081	0.70423	0.02868	0.02474	0.01799	0.00900	0.00731	0.00225	0.00619	0.00731	0.00900	0.01237
12	0.01373	0.01292	0.02180	0.72707	0.05006	0.01615	0.02019	0.01857	0.01453	0.01857	0.01292	0.01938	0.00969	0.00727	0.00727	0.00242	0.00969	0.00646	0.00323	0.00807
13	0.01109	0.00837	0.01183	0.03472	0.05710	0.00824	0.01063	0.01385	0.01596	0.02099	0.06198	0.26624	0.08157	0.01935	0.00942	0.00304	0.00588	0.34649	0.00646	0.00678
14	0.00893	0.00644	0.00833	0.00980	0.01035	0.00598	0.00653	0.01017	0.01392	0.01839	0.04154	0.65364	0.09357	0.06199	0.01075	0.00314	0.00433	0.01973	0.00662	0.00584
15	0.01716	0.01961	0.04289	0.03064	0.03799	0.01838	0.67279	0.02328	0.01716	0.02328	0.01471	0.01961	0.01103	0.00613	0.00858	0.00245	0.01225	0.00858	0.00368	0.00980
16	0.05953	0.01417	0.06412	0.01334	0.01928	0.01132	0.01169	0.03405	0.02012	0.63258	0.02692	0.02362	0.01702	0.00877	0.00718	0.00225	0.00648	0.00705	0.00842	0.01209
17	0.01476	0.03636	0.66119	0.02140	0.03191	0.01698	0.07130	0.02304	0.01547	0.02304	0.01316	0.01564	0.00933	0.00685	0.00702	0.00231	0.01085	0.00559	0.00311	0.01068
18	0.01458	0.03760	0.70688	0.02072	0.03146	0.01688	0.02686	0.02302	0.01535	0.02302	0.01304	0.01535	0.00921	0.00691	0.00691	0.00230	0.01074	0.00537	0.00307	0.01074
19	0.01568	0.19930	0.55485	0.01884	0.02855	0.01958	0.02358	0.02274	0.01522	0.02167	0.01238	0.01451	0.00924	0.00675	0.00640	0.00213	0.01007	0.00503	0.00308	0.01042
20	0.03131	0.01241	0.01721	0.06207	0.02072	0.01106	0.01134	0.03427	0.02037	0.65705	0.02759	0.02437	0.01742	0.00888	0.00731	0.00226	0.00643	0.00725	0.00860	0.01208
21	0.00916	0.00658	0.00876	0.01039	0.01101	0.00618	0.00725	0.01066	0.01430	0.01893	0.04093	0.64807	0.06742	0.02235	0.00934	0.00298	0.00447	0.08849	0.00674	0.00600
22	0.01082	0.00773	0.01068	0.01236	0.01364	0.00759	0.01015	0.01351	0.01585	0.02075	0.03898	0.28858	0.04379	0.02093	0.00980	0.00322	0.00592	0.45254	0.00671	0.00645
23	0.00988	0.00695	0.00905	0.01026	0.01084	0.00677	0.00720	0.01128	0.01355	0.01801	0.03482	0.41741	0.04051	0.20282	0.03950	0.00433	0.00590	0.13915	0.00606	0.00570
24	0.01716	0.01961	0.04289	0.03064	0.03799	0.01838	0.67279	0.02328	0.01716	0.02328	0.01471	0.01961	0.01103	0.00613	0.00858	0.00245	0.01225	0.00858	0.00368	0.00980
25	0.01654	0.01839	0.03826	0.02797	0.03397	0.01822	0.54874	0.02179	0.01618	0.02225	0.01541	0.05856	0.01286	0.00792	0.01065	0.00258	0.10767	0.00894	0.00378	0.00934
26	0.01073	0.00777	0.01002	0.00986	0.01040	0.00846	0.00673	0.01190	0.01174	0.01633	0.06793	0.06289	0.02654	0.41627	0.24443	0.00782	0.05023	0.00998	0.00450	0.00546
27	0.04232	0.00885	0.01125	0.01027	0.01285	0.00829	0.00799	0.01857	0.04130	0.15105	0.43503	0.07427	0.08002	0.01412	0.00828	0.00238	0.00433	0.05300	0.00786	0.00797
28	0.02420	0.01229	0.01546	0.01242	0.01678	0.01174	0.01003	0.15382	0.02336	0.35007	0.24850	0.03315	0.03374	0.01090	0.00772	0.00225	0.00562	0.00910	0.00833	0.01053
29	0.15261	0.01630	0.01877	0.08937	0.02283	0.03842	0.03115	0.23776	0.04361	0.15938	0.01757	0.01865	0.01265	0.01024	0.03776	0.00265	0.04097	0.00627	0.00607	0.03696
30	0.01560	0.14754	0.46124	0.08069	0.03177	0.01891	0.10177	0.02247	0.01540	0.02172	0.01276	0.01561	0.00949	0.00673	0.00678	0.00221	0.01036	0.00561	0.00316	0.01018
31	0.02261	0.31931	0.07630	0.01693	0.02252	0.29905	0.05493	0.07187	0.01867	0.02023	0.01157	0.01340	0.00966	0.00695	0.00600	0.00183	0.01039	0.00479	0.00369	0.00932
32	0.10649	0.02123	0.02146	0.06452	0.17948	0.18277	0.01515	0.19452	0.04759	0.02902	0.01423	0.01628	0.01109	0.00744	0.00667	0.00206	0.00894	0.00572	0.00486	0.06048
33	0.33955	0.01829	0.14431	0.08589	0.04637	0.01597	0.01440	0.03935	0.01500	0.11191	0.01477	0.01854	0.01141	0.00816	0.00737	0.00239	0.05919	0.03324	0.00471	0.00919
34	0.05827	0.02185	0.21115	0.02245	0.05156	0.01589	0.26995	0.02183	0.01644	0.04647	0.08601	0.02132	0.01661	0.00764	0.00828	0.00230	0.04246	0.00742	0.00421	0.06792
35	0.01071	0.00758	0.00894	0.00898	0.00981	0.00746	0.00599	0.01268	0.04103	0.01891	0.15847	0.08264	0.08277	0.42881	0.02478	0.00512	0.00591	0.06816	0.00568	0.00555
36	0.01520	0.10567	0.61315	0.02094	0.05872	0.01805	0.02527	0.02287	0.01534	0.02248	0.01279	0.01510	0.00932	0.00682	0.00670	0.00222	0.01037	0.00527	0.00310	0.01064
37	0.14645	0.02085	0.13213	0.07443	0.06263	0.01798	0.33164	0.08118	0.01741	0.02650	0.01377	0.01740	0.01028	0.00668	0.00738	0.00236	0.01020	0.00690	0.00401	0.00981
38	0.01517	0.01434	0.02370	0.48995	0.18446	0.01665	0.04369	0.02142	0.07805	0.02095	0.01471	0.01982	0.01130	0.00730	0.00731	0.00237	0.00919	0.00671	0.00372	0.00919
39	0.00912	0.00725	0.00819	0.00824	0.01021	0.00632	0.00607	0.01135	0.01739	0.02226	0.25005	0.15216	0.42981	0.01794	0.00867	0.00247	0.00368	0.01539	0.00711	0.00632
40	0.04068	0.01333	0.02240	0.59259	0.04491	0.01629	0.06197	0.01860	0.01427	0.01909	0.01275	0.01904	0.00981	0.00811	0.00892	0.03033	0.04912	0.00650	0.00330	0.00800
41	0.04721	0.01322	0.01512	0.01092	0.01728	0.01039	0.00876	0.04072	0.01561	0.02480	0.01296	0.01502	0.01070	0.00555	0.00541	0.00116	0.00548	0.00437	0.00442	0.73089
42	0.01052	0.00774	0.01147	0.01147	0.01278	0.00899	0.00891	0.01315	0.01184	0.01732	0.01965	0.02849	0.01819	0.05252	0.68491	0.01125	0.01877	0.00774	0.03777	0.00650
43	0.00960	0.00740	0.00876	0.00842	0.01044	0.00656	0.00631	0.01238	0.01894	0.02528	0.44222	0.06067	0.32414	0.01631	0.00858	0.00235	0.00353	0.01404	0.00749	0.00656
44	0.02518	0.15629	0.05303	0.01597	0.02159	0.13492	0.01372	0.32093	0.07596	0.08810	0.01675	0.01693	0.01239	0.00809	0.00667	0.00205	0.00859	0.00589	0.00590	0.01103
45	0.01730	0.01922	0.04065	0.03298	0.14859	0.01820	0.56399	0.02312	0.01706	0.02336	0.01453	0.01934	0.01111	0.00619	0.00835	0.00240	0.01165	0.00823	0.00366	0.01009
46	0.01022	0.00743	0.00962	0.00908	0.01082	0.00683	0.00681	0.01359	0.02042	0.02878	0.67108	0.05491	0.09309	0.01500	0.00857	0.00229	0.00344	0.01323	0.00795	0.00683
47	0.01093	0.00892	0.01391	0.09128	0.01813	0.00892	0.07641	0.03692	0.01506	0.02005	0.03366	0.56051	0.03876	0.01885	0.00891	0.00281	0.00578	0.01735	0.00607	0.00678
48	0.04744	0.00881	0.01209	0.01413	0.03992	0.00888	0.01157	0.01526	0.01632	0.02209	0.03639	0.12393	0.03962	0.01917	0.00963	0.00322	0.00654	0.55163	0.00648	0.00687
49	0.01038	0.00779	0.01168	0.01168	0.01298	0.00909	0.00909	0.01298	0.01168	0.01687	0.01947	0.02856	0.01817	0.05452	0.71573	0.01168	0.01947	0.00779	0.00389	0.00649
50	0.01458	0.03760	0.70688	0.02072	0.03146	0.01688	0.02686	0.02302	0.01535	0.02302	0.01304	0.01535	0.00921	0.00691	0.00691	0.00230	0.01074	0.00537	0.00307	0.01074
51	0.01943	0.74891	0.03809	0.01244	0.01866	0.02876	0.01244	0.02177	0.01477	0.01710	0.01011	0.01166	0.00933	0.00622	0.00466	0.00155	0.00777	0.00389	0.00311	0.00933
52	0.01495	0.01375	0.04191	0.01128	0.01761	0.01014	0.00936	0.01893	0.03874	0.02372	0.01444	0.04020	0.01238	0.00619	0.00565	0.00124	0.00557	0.00504	0.00445	0.70445
53	0.01396	0.01281	0.01717	0.07384	0.07423	0.03794	0.03456	0.01885	0.08704	0.02391	0.25753	0.03570	0.09184	0.01231	0.01163	0.00251	0.17056	0.00975	0.00569	0.00816
54	0.01459	0.01289	0.02158	0.69455	0.04863	0.01590	0.01975	0.01934	0.01482	0.04979	0.01364	0.01962	0.01007	0.00735	0.00727	0.00241	0.00953	0.00650	0.00349	0.00827
55	0.01716	0.01961	0.04289	0.03064	0.03799	0.01838	0.67279	0.02328	0.01716	0.02328	0.01471	0.01961	0.01103	0.00613	0.00858	0.00245	0.01225	0.00858	0.00368	0.00980
56	0.01506	0.10851	0.64020	0.01989	0.03018	0.01807	0.02542	0.02290	0.01529	0.02243	0.01275	0.01498	0.00922	0.00684	0.00668	0.00223	0.01045	0.00522	0.00307	0.01060
57	0.02685	0.01120	0.01527	0.01261	0.01717	0.00990	0.01045	0.02982	0.02012	0.52176	0.10074	0.03719	0.02722	0.01142	0.00789	0.00243	0.00598	0.11261	0.00852	0.01086
58	0.03261	0.01237	0.01687	0.01293	0.01856	0.01068	0.01068	0.03543	0.02081	0.70423	0.02868	0.02474	0.01799	0.00900	0.00731	0.00225	0.00619	0.00731	0.00900	0.01237
59	0.01396	0.01316	0.02222	0.68969	0.08561	0.01621	0.02030	0.01878	0.01465	0.01886	0.01296	0.01930	0.00979	0.00722	0.00726	0.00241	0.00963	0.00646	0.00325	0.00826
60	0.01799	0.01727	0.02950	0.04462	0.69919	0.01727	0.02231	0.02231	0.01655	0.02375	0.01367	0.01799	0.01151	0.00648	0.00720	0.00216	0.00864	0.00648	0.00360	0.01151
61	0.01935	0.01625	0.01715	0.01505	0.01939	0.01867	0.01181	0.12339	0.59922	0.03246	0.02797	0.02583	0.02088	0.00971	0.00738	0.00243	0.00605	0.00800	0.00738	0.01162
62	0.01029	0.00743	0.00972	0.00914	0.01086	0.00686	0.00686	0.01372	0.02058	0.02915	0.69536	0.05430	0.06859	0.01486	0.00857	0.00229	0.00343	0.01315	0.00800	0.00686
63	0.01585	0.01338	0.01549	0.01113	0.01755	0.01048	0.00893	0.05873	0.01625	0.02505	0.01320	0.01522	0.01086	0.00559	0.00550	0.00114	0.00554	0.00444	0.00449	0.74116
64	0.01118	0.00875	0.01224	0.01397	0.10637	0.00822	0.00890	0.01453	0.01947	0.02730	0.53008	0.07571	0.10678	0.01425	0.00841	0.00231	0.00420	0.01266	0.00725	0.00742
65	0.01687	0.40828	0.32730	0.01594	0.02387	0.02263	0.01846	0.02181	0.01498	0.01973	0.01266	0.04433	0.01093	0.00722	0.00583	0.00194	0.00891	0.00525	0.00325	0.00980
66	0.01649	0.02930	0.39868	0.06464	0.18357	0.06472	0.04472	0.02411	0.06214	0.02310	0.01425	0.01697	0.01072	0.00705	0.00706	0.00226	0.01007	0.00594	0.00356	0.01064
67	0.00886	0.00633	0.00843	0.01012	0.01054	0.00590	0.00675	0.01012	0.01392	0.01856	0.04006	0.73979	0.04808	0.02277	0.00928	0.00295	0.00422	0.02066	0.00675	0.00590
68	0.01443	0.03656	0.68279	0.02032	0.03075	0.01654	0.02617	0.02270	0.01553	0.02323	0.03662	0.01669	0.01126	0.00718	0.00696	0.00230	0.01049	0.00564	0.00324	0.01061
69	0.01458	0.03760	0.70688	0.02072	0.03146	0.01688	0.02686	0.02302	0.01535	0.02302	0.01304	0.01535	0.00921	0.00691	0.00691	0.00230	0.01074	0.00537	0.00307	0.01074
70	0.01799	0.01727	0.02950	0.04462	0.69919	0.01727	0.02231	0.02231	0.01655	0.02375	0.01367	0.01799	0.01151	0.00648	0.00720	0.00216	0.00864	0.00648	0.00360	0.01151
71	0.03234	0.01281	0.01714	0.01314	0.01877	0.01133	0.01086	0.07045	0.02154	0.66817	0.02806	0.02434	0.01769	0.00898	0.00731	0.00225	0.00628	0.00727	0.00890	0.01237
72	0.01058	0.00680	0.00911	0.01041	0.01123	0.00631	0.00717	0.01201	0.01448	0.06583	0.03923	0.67083	0.04582	0.02174	0.00917	0.00292	0.00443	0.03866	0.00690	0.00637
73	0.00990	0.00737	0.00921	0.00885	0.01065	0.00668	0.00660	0.01292	0.01950	0.02684	0.54614	0.08851	0.18818	0.01590	0.00861	0.00235	0.00351	0.01391	0.00770	0.00668
74	0.02835	0.01920	0.02110	0.01618	0.02197	0.02083	0.01336	0.58240	0.03224	0.14110	0.01908	0.01851	0.01318	0.00877	0.00728	0.00219	0.00774	0.00666	0.00752	0.01236
75	0.00885	0.00637	0.00839	0.01001	0.01051	0.00591	0.00670	0.01013	0.01402	0.01860	0.04143	0.71259	0.07440	0.02260	0.00925	0.00293	0.00420	0.02045	0.00675	0.00591
76	0.15688	0.01265	0.01586	0.01238	0.01782	0.01160	0.01023	0.03314	0.01943	0.59488	0.02566	0.02264	0.01635	0.00863	0.00685	0.00225	0.00609	0.00676	0.00826	0.01164

[dist]
# distance from previous block
# <min> <max>
0	1

[block]
# block no. 4 follows, 28 sequences, length 209
# corresponding to MSA columns:
# 207-305,317-426
name=unknown_E
#
# <colnr> <probs for GDERKNQSTAVLIFYWHMCP>
#	G	D	E	R	K	N	Q	S	T	A	V	L	I	F	Y	W	H	M	C	P
0	0.01697	0.01623	0.02767	0.20757	0.54420	0.01700	0.02180	0.02142	0.01607	0.02251	0.01349	0.01832	0.01108	0.00667	0.00721	0.00222	0.00889	0.00647	0.00351	0.01069
1	0.01416	0.03468	0.63947	0.01960	0.02947	0.01591	0.02492	0.02212	0.01585	0.02361	0.07901	0.01911	0.01495	0.00768	0.00707	0.00230	0.01004	0.00612	0.00355	0.01037
2	0.79588	0.01406	0.01068	0.00956	0.01406	0.01631	0.00787	0.02137	0.01237	0.03261	0.01012	0.01181	0.00787	0.00675	0.00450	0.00225	0.00562	0.00394	0.00450	0.00787
3	0.02715	0.03464	0.02060	0.01873	0.02247	0.71536	0.01404	0.02903	0.02060	0.01779	0.01124	0.01311	0.00936	0.00749	0.00655	0.00187	0.01311	0.00468	0.00375	0.00843
4	0.01101	0.00754	0.00887	0.00887	0.00926	0.00770	0.00547	0.03591	0.01195	0.01606	0.02430	0.12258	0.02754	0.56946	0.09759	0.00684	0.00795	0.01129	0.00473	0.00507
5	0.01785	0.02117	0.14692	0.05745	0.43305	0.04000	0.02118	0.04430	0.09993	0.02475	0.01555	0.01853	0.01233	0.00710	0.00715	0.00222	0.00881	0.00644	0.00408	0.01119
6	0.01507	0.01292	0.01507	0.01077	0.01723	0.00969	0.00861	0.01830	0.01507	0.02369	0.01292	0.01507	0.01077	0.00538	0.00538	0.00108	0.00538	0.00431	0.00431	0.78898
7	0.02626	0.01919	0.02068	0.01622	0.02174	0.02124	0.01328	0.53812	0.14333	0.07378	0.02002	0.01942	0.01428	0.00893	0.00729	0.00223	0.00754	0.00686	0.00737	0.01222
8	0.01799	0.01727	0.02950	0.04462	0.69919	0.01727	0.02231	0.02231	0.01655	0.02375	0.01367	0.01799	0.01151	0.00648	0.00720	0.00216	0.00864	0.00648	0.00360	0.01151
9	0.01649	0.04995	0.06455	0.01540	0.06606	0.06341	0.01205	0.13115	0.09292	0.02776	0.18539	0.03714	0.13921	0.01189	0.00824	0.00231	0.03016	0.03068	0.00622	0.00904
10	0.01491	0.07001	0.64949	0.02072	0.03112	0.01749	0.05172	0.02297	0.01539	0.02276	0.01297	0.01534	0.00929	0.00684	0.00687	0.00227	0.01066	0.00543	0.00310	0.01064
11	0.01575	0.01775	0.05718	0.07191	0.05587	0.01635	0.48510	0.02108	0.01644	0.02219	0.01889	0.05288	0.04016	0.04208	0.00979	0.00270	0.01086	0.02987	0.00399	0.00914
12	0.01973	0.72171	0.03742	0.01268	0.01880	0.05491	0.01250	0.02204	0.01499	0.01713	0.01015	0.01172	0.00933	0.00627	0.00474	0.00157	0.00798	0.00392	0.00313	0.00929
13	0.01685	0.04126	0.02130	0.01787	0.01915	0.12993	0.03665	0.01884	0.01306	0.01761	0.01180	0.01774	0.01112	0.01903	0.14530	0.00444	0.44043	0.00635	0.00341	0.00787
14	0.03261	0.01237	0.01687	0.01293	0.01856	0.01068	0.01068	0.03543	0.02081	0.70423	0.02868	0.02474	0.01799	0.00900	0.00731	0.00225	0.00619	0.00731	0.00900	0.01237
15	0.01057	0.00705	0.00793	0.00793	0.00793	0.00705	0.00440	0.01057	0.01057	0.01409	0.02290	0.04757	0.02643	0.74454	0.03700	0.00705	0.00705	0.01057	0.00440	0.00440
16	0.00895	0.00639	0.00854	0.01023	0.01069	0.00599	0.00691	0.01028	0.01401	0.01866	0.04001	0.71812	0.04787	0.02268	0.00930	0.00297	0.00430	0.04141	0.00675	0.00593
17	0.00890	0.00640	0.00836	0.00991	0.01042	0.00595	0.00661	0.01015	0.01394	0.01846	0.04117	0.68315	0.07984	0.04661	0.01017	0.00306	0.00428	0.02006	0.00667	0.00587
18	0.01705	0.02037	0.07118	0.03021	0.03771	0.01832	0.64528	0.02327	0.01708	0.02327	0.01464	0.01943	0.01095	0.00616	0.00851	0.00244	0.01219	0.00844	0.00365	0.00984
19	0.00886	0.00633	0.00843	0.01012	0.01054	0.00590	0.00675	0.01012	0.01392	0.01856	0.04006	0.73979	0.04808	0.02277	0.00928	0.00295	0.00422	0.02066	0.00675	0.00590
20	0.00886	0.00633	0.00843	0.01012	0.01054	0.00590	0.00675	0.01012	0.01392	0.01856	0.04006	0.73979	0.04808	0.02277	0.00928	0.00295	0.00422	0.02066	0.00675	0.00590
21	0.01104	0.00754	0.00855	0.00838	0.00875	0.00762	0.00500	0.03268	0.01166	0.01552	0.02471	0.04657	0.05408	0.65466	0.06882	0.00692	0.00756	0.01050	0.00457	0.00485
22	0.01263	0.00631	0.00947	0.00947	0.00947	0.00631	0.00631	0.00947	0.00947	0.01263	0.01263	0.02210	0.01263	0.02525	0.02841	0.78851	0.00631	0.00631	0.00316	0.00316
23	0.01057	0.00705	0.00793	0.00793	0.00793	0.00705	0.00440	0.01057	0.01057	0.01409	0.02290	0.04757	0.02643	0.74454	0.03700	0.00705	0.00705	0.01057	0.00440	0.00440
24	0.01799	0.01727	0.02950	0.04462	0.69919	0.01727	0.02231	0.02231	0.01655	0.02375	0.01367	0.01799	0.01151	0.00648	0.00720	0.00216	0.00864	0.00648	0.00360	0.01151
25	0.01625	0.01871	0.07914	0.20557	0.10436	0.01760	0.37155	0.02270	0.04747	0.02246	0.01474	0.01946	0.01114	0.00667	0.00795	0.00241	0.01085	0.00761	0.00369	0.00968
26	0.02663	0.01986	0.02125	0.01652	0.02216	0.02207	0.01357	0.60797	0.10280	0.04419	0.01873	0.01847	0.01340	0.00885	0.00728	0.00221	0.00776	0.00672	0.00728	0.01227
27	0.01057	0.00705	0.00793	0.00793	0.00793	0.00705	0.00440	0.01057	0.01057	0.01409	0.02290	0.04757	0.02643	0.74454	0.03700	0.00705	0.00705	0.01057	0.00440	0.00440
28	0.01717	0.01485	0.02211	0.53273	0.06903	0.01770	0.01877	0.17356	0.01925	0.02520	0.01402	0.01887	0.01039	0.00758	0.00727	0.00236	0.00925	0.00648	0.00420	0.00922
29	0.01263	0.00631	0.00947	0.00947	0.00947	0.00631	0.00631	0.00947	0.00947	0.01263	0.01263	0.02210	0.01263	0.02525	0.02841	0.78851	0.00631	0.00631	0.00316	0.00316
30	0.01029	0.00743	0.00972	0.00914	0.01086	0.00686	0.00686	0.01372	0.02058	0.02915	0.69536	0.05430	0.06859	0.01486	0.00857	0.00229	0.00343	0.01315	0.00800	0.00686
31	0.02610	0.08712	0.02197	0.01827	0.02204	0.63462	0.01400	0.02799	0.01976	0.01773	0.01108	0.01312	0.00937	0.00762	0.00715	0.00190	0.04330	0.00469	0.00367	0.00847
32	0.02668	0.01789	0.13346	0.01532	0.02164	0.01377	0.03983	0.13938	0.02199	0.40791	0.06762	0.02369	0.01864	0.00888	0.00737	0.00226	0.00731	0.00729	0.00744	0.01163
33	0.01507	0.01292	0.01507	0.01077	0.01723	0.00969	0.00861	0.01830	0.01507	0.02369	0.01292	0.01507	0.01077	0.00538	0.00538	0.00108	0.00538	0.00431	0.00431	0.78898
34	0.01740	0.04845	0.01729	0.01185	0.01819	0.01276	0.00967	0.12975	0.01830	0.02713	0.01356	0.01532	0.01097	0.00599	0.00567	0.00129	0.00594	0.00467	0.00475	0.62105
35	0.01355	0.00678	0.00678	0.00678	0.00847	0.00678	0.00508	0.01694	0.01524	0.02710	0.02371	0.02710	0.01863	0.00847	0.00508	0.00169	0.00339	0.00678	0.78489	0.00678
36	0.01895	0.61354	0.09620	0.03672	0.02096	0.04969	0.01415	0.02187	0.01488	0.01771	0.01048	0.01243	0.00934	0.00657	0.00565	0.00171	0.03245	0.00421	0.00313	0.00934
37	0.24913	0.08805	0.01731	0.01265	0.01691	0.04517	0.01030	0.23084	0.04155	0.03163	0.04694	0.02075	0.01532	0.08218	0.05923	0.00328	0.00791	0.00628	0.00543	0.00912
38	0.01355	0.00678	0.00678	0.00678	0.00847	0.00678	0.00508	0.01694	0.01524	0.02710	0.02371	0.02710	0.01863	0.00847	0.00508	0.00169	0.00339	0.00678	0.78489	0.00678
39	0.73433	0.01523	0.01152	0.01023	0.01473	0.04897	0.00836	0.04374	0.01349	0.03237	0.01042	0.01206	0.00809	0.00685	0.00469	0.00223	0.00605	0.00406	0.00456	0.00805
40	0.06392	0.02991	0.02237	0.02257	0.12472	0.52389	0.04101	0.04942	0.01990	0.02060	0.01190	0.01418	0.00978	0.00729	0.00665	0.00197	0.01185	0.00513	0.00388	0.00905
41	0.01690	0.10434	0.37934	0.02577	0.16814	0.06473	0.09495	0.02317	0.01609	0.02224	0.01294	0.01584	0.00991	0.00670	0.00690	0.00218	0.01033	0.00576	0.00329	0.01050
42	0.01808	0.01561	0.01644	0.01479	0.01890	0.01808	0.01151	0.03863	0.68606	0.03041	0.02959	0.02712	0.02219	0.00986	0.00740	0.00247	0.00575	0.00822	0.00740	0.01151
43	0.01094	0.00900	0.01144	0.12314	0.01752	0.00914	0.00900	0.01561	0.08408	0.02364	0.26536	0.11048	0.25329	0.01498	0.00832	0.00244	0.00480	0.01295	0.00668	0.00720
44	0.29454	0.01953	0.01606	0.01363	0.01812	0.16726	0.01082	0.19357	0.04190	0.07567	0.01714	0.01858	0.03881	0.03608	0.00733	0.00235	0.00787	0.00584	0.00553	0.00937
45	0.01682	0.01886	0.03797	0.02780	0.03393	0.04097	0.54632	0.02211	0.01645	0.02221	0.01532	0.04785	0.01256	0.00905	0.03420	0.00283	0.07293	0.00871	0.00377	0.00933
46	0.79588	0.01406	0.01068	0.00956	0.01406	0.01631	0.00787	0.02137	0.01237	0.03261	0.01012	0.01181	0.00787	0.00675	0.00450	0.00225	0.00562	0.00394	0.00450	0.00787
47	0.01222	0.00924	0.01201	0.01356	0.01531	0.03177	0.01179	0.01552	0.01686	0.02162	0.03759	0.07971	0.04076	0.01966	0.00992	0.00330	0.00691	0.62889	0.00660	0.00675
48	0.65951	0.04319	0.01257	0.01032	0.01489	0.01676	0.00852	0.02362	0.07928	0.05722	0.01274	0.01380	0.00973	0.00712	0.00490	0.00224	0.00574	0.00448	0.00490	0.00846
49	0.01941	0.11343	0.01828	0.04853	0.01824	0.10517	0.01079	0.08841	0.06866	0.12484	0.26805	0.03155	0.03370	0.01054	0.00732	0.00214	0.00661	0.00861	0.00658	0.00914
50	0.02401	0.01295	0.01621	0.01205	0.01808	0.01068	0.00982	0.05289	0.01860	0.35180	0.02068	0.01982	0.01431	0.00725	0.00639	0.00168	0.00587	0.00584	0.00668	0.38440
51	0.01387	0.04785	0.01277	0.01226	0.01375	0.18033	0.00872	0.01530	0.01548	0.01816	0.03107	0.50598	0.03611	0.04160	0.00929	0.00276	0.00665	0.01565	0.00577	0.00663
52	0.01769	0.01474	0.01675	0.01281	0.01847	0.01380	0.01029	0.13002	0.13007	0.02817	0.01629	0.01752	0.01288	0.00702	0.00689	0.00159	0.03957	0.00542	0.00526	0.49476
53	0.02690	0.01951	0.02109	0.01624	0.02199	0.02132	0.01337	0.59213	0.06321	0.07227	0.01832	0.01812	0.01300	0.00866	0.00720	0.00215	0.00771	0.00657	0.00723	0.04302
54	0.01458	0.03760	0.70688	0.02072	0.03146	0.01688	0.02686	0.02302	0.01535	0.02302	0.01304	0.01535	0.00921	0.00691	0.00691	0.00230	0.01074	0.00537	0.00307	0.01074
55	0.01425	0.01113	0.01268	0.01262	0.03610	0.01159	0.00912	0.07268	0.22575	0.04845	0.04200	0.24968	0.19345	0.01559	0.00823	0.00257	0.00507	0.01346	0.00697	0.00861
56	0.01688	0.01244	0.02216	0.04472	0.02272	0.01196	0.21789	0.02014	0.01625	0.16136	0.02730	0.30497	0.02698	0.01364	0.00925	0.00264	0.04121	0.01291	0.00595	0.00864
57	0.01090	0.00843	0.01220	0.01192	0.01295	0.01003	0.00916	0.01311	0.01151	0.01661	0.01897	0.02960	0.01834	0.12968	0.57610	0.01039	0.08185	0.00798	0.00389	0.00638
58	0.79588	0.01406	0.01068	0.00956	0.01406	0.01631	0.00787	0.02137	0.01237	0.03261	0.01012	0.01181	0.00787	0.00675	0.00450	0.00225	0.00562	0.00394	0.00450	0.00787
59	0.15985	0.01265	0.01584	0.01237	0.01781	0.01162	0.01022	0.03308	0.01940	0.59227	0.02558	0.02259	0.01631	0.00862	0.00684	0.00225	0.00609	0.00675	0.00825	0.01162
60	0.02588	0.02238	0.02064	0.01679	0.02190	0.15983	0.01346	0.43586	0.14455	0.03756	0.01832	0.01826	0.01347	0.00868	0.00715	0.00217	0.00863	0.00646	0.00659	0.01143
61	0.01373	0.01292	0.02180	0.72707	0.05006	0.01615	0.02019	0.01857	0.01453	0.01857	0.01292	0.01938	0.00969	0.00727	0.00727	0.00242	0.00969	0.00646	0.00323	0.00807
62	0.01029	0.00743	0.00972	0.00914	0.01086	0.00686	0.00686	0.01372	0.02058	0.02915	0.69536	0.05430	0.06859	0.01486	0.00857	0.00229	0.00343	0.01315	0.00800	0.00686
63	0.01458	0.03760	0.70688	0.02072	0.03146	0.01688	0.02686	0.02302	0.01535	0.02302	0.01304	0.01535	0.00921	0.00691	0.00691	0.00230	0.01074	0.00537	0.00307	0.01074
64	0.00880	0.00656	0.00820	0.00950	0.01038	0.00596	0.00647	0.01019	0.01451	0.01880	0.04757	0.58995	0.19307	0.02180	0.00912	0.00284	0.00410	0.01947	0.00675	0.00596
65	0.01057	0.00799	0.01176	0.01166	0.01283	0.00936	0.00898	0.01296	0.01159	0.01671	0.01939	0.02944	0.01846	0.09931	0.64905	0.01111	0.04060	0.00793	0.00391	0.00640
66	0.01374	0.01203	0.01953	0.58888	0.04245	0.01486	0.01769	0.01803	0.01434	0.01941	0.01415	0.02032	0.01090	0.00820	0.00825	0.02819	0.03338	0.00649	0.10140	0.00775
67	0.01355	0.00678	0.00678	0.00678	0.00847	0.00678	0.00508	0.01694	0.01524	0.02710	0.02371	0.02710	0.01863	0.00847	0.00508	0.00169	0.00339	0.00678	0.78489	0.00678
68	0.02130	0.02247	0.01965	0.04755	0.09841	0.27075	0.01410	0.05852	0.28344	0.02486	0.02037	0.02284	0.01633	0.00894	0.00718	0.00224	0.00904	0.03650	0.00544	0.01007
69	0.01915	0.01414	0.01597	0.04904	0.01840	0.01546	0.01089	0.30716	0.08542	0.03206	0.06655	0.03392	0.02295	0.16773	0.01391	0.00336	0.00706	0.06992	0.03766	0.00923
70	0.01355	0.00678	0.00678	0.00678	0.00847	0.00678	0.00508	0.01694	0.01524	0.02710	0.02371	0.02710	0.01863	0.00847	0.00508	0.00169	0.00339	0.00678	0.78489	0.00678
71	0.02373	0.01805	0.01972	0.01487	0.02089	0.01855	0.01220	0.47090	0.02824	0.03894	0.01604	0.01671	0.01187	0.00769	0.00668	0.00184	0.00719	0.00585	0.00635	0.25370
72	0.01747	0.01732	0.02025	0.31431	0.10002	0.12720	0.01629	0.05468	0.15660	0.02277	0.02069	0.02334	0.06099	0.00862	0.00727	0.00231	0.00880	0.00718	0.00465	0.00925
73	0.03931	0.00807	0.00855	0.00848	0.01080	0.00739	0.00633	0.01316	0.06061	0.02217	0.15923	0.12869	0.46694	0.01730	0.00842	0.00247	0.00391	0.01464	0.00690	0.00664
74	0.01844	0.01579	0.01664	0.01487	0.01904	0.01825	0.01159	0.06273	0.66137	0.03099	0.02913	0.02675	0.02182	0.00982	0.00739	0.00245	0.00584	0.00815	0.00739	0.01154
75	0.01373	0.01292	0.02180	0.72707	0.05006	0.01615	0.02019	0.01857	0.01453	0.01857	0.01292	0.01938	0.00969	0.00727	0.00727	0.00242	0.00969	0.00646	0.00323	0.00807
76	0.01057	0.00705	0.00793	0.00793	0.00793	0.00705	0.00440	0.01057	0.01057	0.01409	0.02290	0.04757	0.02643	0.74454	0.03700	0.00705	0.00705	0.01057	0.00440	0.00440
77	0.01507	0.01292	0.01507	0.01077	0.01723	0.00969	0.00861	0.01830	0.01507	0.02369	0.01292	0.01507	0.01077	0.00538	0.00538	0.00108	0.00538	0.00431	0.00431	0.78898
78	0.01373	0.01292	0.02180	0.72707	0.05006	0.01615	0.02019	0.01857	0.01453	0.01857	0.01292	0.01938	0.00969	0.00727	0.00727	0.00242	0.00969	0.00646	0.00323	0.00807
79	0.01038	0.00779	0.01168	0.01168	0.01298	0.00909	0.00909	0.01298	0.01168	0.01687	0.01947	0.02856	0.01817	0.05452	0.71573	0.01168	0.01947	0.00779	0.00389	0.00649
80	0.02661	0.05611	0.02143	0.01938	0.04461	0.67122	0.01427	0.02858	0.02029	0.01796	0.01128	0.01322	0.00943	0.00742	0.00652	0.00187	0.01280	0.00472	0.00372	0.00856
81	0.01943	0.74891	0.03809	0.01244	0.01866	0.02876	0.01244	0.02177	0.01477	0.01710	0.01011	0.01166	0.00933	0.00622	0.00466	0.00155	0.00777	0.00389	0.00311	0.00933
82	0.01566	0.01327	0.01539	0.01104	0.01747	0.01029	0.00886	0.04888	0.01596	0.02472	0.01313	0.01518	0.01084	0.00554	0.00547	0.00113	0.00551	0.00441	0.00444	0.75281
83	0.00949	0.00703	0.00942	0.01129	0.03323	0.00659	0.00766	0.01122	0.01484	0.01966	0.07464	0.56122	0.10033	0.02122	0.00920	0.00289	0.00453	0.08263	0.00670	0.00623
84	0.01799	0.01727	0.02950	0.04462	0.69919	0.01727	0.02231	0.02231	0.01655	0.02375	0.01367	0.01799	0.01151	0.00648	0.00720	0.00216	0.00864	0.00648	0.00360	0.01151
85	0.00886	0.00633	0.00843	0.01012	0.01054	0.00590	0.00675	0.01012	0.01392	0.01856	0.04006	0.73979	0.04808	0.02277	0.00928	0.00295	0.00422	0.02066	0.00675	0.00590
86	0.00974	0.00706	0.00919	0.00940	0.01071	0.00651	0.00676	0.01237	0.01818	0.02520	0.44955	0.28440	0.08846	0.01766	0.00881	0.00252	0.00370	0.01576	0.00753	0.00651
87	0.01458	0.03760	0.70688	0.02072	0.03146	0.01688	0.02686	0.02302	0.01535	0.02302	0.01304	0.01535	0.00921	0.00691	0.00691	0.00230	0.01074	0.00537	0.00307	0.01074
88	0.01808	0.01561	0.01644	0.01479	0.01890	0.01808	0.01151	0.03863	0.68606	0.03041	0.02959	0.02712	0.02219	0.00986	0.00740	0.00247	0.00575	0.00822	0.00740	0.01151
89	0.01475	0.01396	0.02365	0.56338	0.20576	0.01642	0.02070	0.01947	0.01502	0.01981	0.01310	0.01905	0.01013	0.00708	0.00725	0.00236	0.00944	0.00646	0.00332	0.00890
90	0.01593	0.01752	0.09325	0.31795	0.37105	0.01678	0.02190	0.02087	0.01562	0.02159	0.01331	0.01829	0.01055	0.00684	0.00720	0.00228	0.00927	0.00636	0.00340	0.01005
