[name]
unknown

[dist]
# distance from previous block
# <min> <max>
0	9

[block]
# block no. 0 follows, 29 sequences, length 7
# corresponding to MSA columns:
# 9-15
name=unknown_A
#
# <colnr> <probs for GDERKNQSTAVLIFYWHMCP>
#	G	D	E	R	K	N	Q	S	T	A	V	L	I	F	Y	W	H	M	C	P
0	0.01847	0.01005	0.01341	0.01289	0.01598	0.00972	0.01090	0.02315	0.08051	0.24084	0.06746	0.05619	0.03312	0.01504	0.00867	0.00281	0.00615	0.35848	0.00740	0.00876
1	0.06787	0.01474	0.01737	0.01376	0.01900	0.01495	0.01124	0.19901	0.13937	0.38856	0.02451	0.02217	0.01642	0.00878	0.00702	0.00222	0.00641	0.00695	0.00789	0.01174
2	0.02160	0.01586	0.01816	0.01521	0.05145	0.01620	0.01167	0.29050	0.13520	0.09463	0.06022	0.02096	0.01712	0.00825	0.00679	0.00194	0.00647	0.00662	0.00649	0.19467
3	0.01327	0.00664	0.00664	0.00664	0.00830	0.00664	0.00498	0.01659	0.01493	0.02655	0.02323	0.02655	0.01825	0.00830	0.00498	0.00166	0.00332	0.00664	0.78928	0.00664
4	0.01246	0.00994	0.01001	0.00977	0.01073	0.05207	0.00631	0.01618	0.12967	0.01720	0.02442	0.10526	0.02610	0.50932	0.02690	0.00545	0.00679	0.01051	0.00500	0.00590
5	0.01710	0.01884	0.05995	0.02148	0.07441	0.09940	0.17200	0.02461	0.17397	0.02231	0.01859	0.08644	0.01620	0.00984	0.01067	0.00249	0.14953	0.00824	0.00461	0.00930
6	0.01513	0.01545	0.05717	0.01878	0.07940	0.03552	0.13820	0.03898	0.01485	0.02135	0.01449	0.01988	0.01254	0.04894	0.14496	0.00394	0.07789	0.00643	0.00388	0.23222

[dist]
# distance from previous block
# <min> <max>
2	8

[block]
# block no. 1 follows, 29 sequences, length 12
# corresponding to MSA columns:
# 24-35
name=unknown_B
#
# <colnr> <probs for GDERKNQSTAVLIFYWHMCP>
#	G	D	E	R	K	N	Q	S	T	A	V	L	I	F	Y	W	H	M	C	P
0	0.03279	0.01197	0.01260	0.07041	0.01667	0.06637	0.00905	0.03754	0.05773	0.02189	0.07942	0.13366	0.23339	0.01307	0.00794	0.00218	0.02895	0.01085	0.00563	0.14790
1	0.06260	0.03239	0.59014	0.01860	0.02801	0.01564	0.02321	0.02294	0.01546	0.07309	0.04326	0.01713	0.01206	0.00724	0.00672	0.00225	0.00959	0.00564	0.00372	0.01031
2	0.01814	0.50357	0.23042	0.01489	0.02211	0.06749	0.01634	0.02211	0.01498	0.01846	0.01080	0.01255	0.00911	0.00636	0.00531	0.00175	0.00877	0.00427	0.00307	0.00948
3	0.01904	0.75404	0.03731	0.01218	0.01828	0.02818	0.01218	0.02132	0.01447	0.01675	0.00990	0.01142	0.00914	0.00609	0.00457	0.00152	0.00761	0.00381	0.00305	0.00914
4	0.02502	0.01913	0.02146	0.01671	0.02220	0.02116	0.04451	0.54294	0.14288	0.04131	0.01896	0.01878	0.01366	0.00861	0.00720	0.00220	0.00766	0.00678	0.00698	0.01185
5	0.01639	0.00948	0.01192	0.01100	0.01396	0.00896	0.00879	0.02102	0.09082	0.19938	0.20263	0.08248	0.15017	0.01442	0.00825	0.00249	0.00494	0.12697	0.00753	0.00840
6	0.01201	0.00833	0.00970	0.00911	0.01165	0.00761	0.00703	0.01581	0.06682	0.08875	0.27092	0.05678	0.34793	0.01548	0.00827	0.00237	0.00404	0.04289	0.00727	0.00723
7	0.00868	0.00620	0.00826	0.00991	0.01033	0.00578	0.00661	0.00991	0.01363	0.01818	0.03925	0.74510	0.04710	0.02231	0.00909	0.00289	0.00413	0.02024	0.00661	0.00578
8	0.01058	0.00688	0.00768	0.00768	0.00781	0.00688	0.00437	0.01083	0.01070	0.01478	0.02250	0.04507	0.02531	0.69326	0.03386	0.00650	0.00663	0.01007	0.06413	0.00449
9	0.02618	0.01950	0.02087	0.01620	0.02174	0.02167	0.01332	0.62049	0.09602	0.04344	0.01822	0.01799	0.01302	0.00865	0.00713	0.00216	0.00763	0.00657	0.00713	0.01203
10	0.02189	0.01691	0.01723	0.01478	0.01924	0.07110	0.01166	0.12910	0.44468	0.13394	0.02576	0.02380	0.01877	0.00919	0.00715	0.00230	0.00657	0.00742	0.00719	0.01129
11	0.02531	0.01901	0.02040	0.01585	0.02139	0.02090	0.01300	0.57058	0.10999	0.04195	0.01826	0.01809	0.01316	0.00850	0.00704	0.00211	0.00744	0.00649	0.00698	0.05355

[dist]
# distance from previous block
# <min> <max>
5	15

[block]
# block no. 2 follows, 29 sequences, length 10
# corresponding to MSA columns:
# 51-60
name=unknown_C
#
# <colnr> <probs for GDERKNQSTAVLIFYWHMCP>
#	G	D	E	R	K	N	Q	S	T	A	V	L	I	F	Y	W	H	M	C	P
0	0.02190	0.01754	0.01787	0.06094	0.02115	0.11689	0.01161	0.21300	0.02159	0.11497	0.01665	0.04403	0.01300	0.00773	0.00648	0.00178	0.00745	0.00602	0.00558	0.27384
1	0.02741	0.01940	0.02103	0.01613	0.02181	0.02128	0.01332	0.63672	0.03257	0.09103	0.01786	0.01759	0.01249	0.00857	0.00713	0.00214	0.00771	0.00646	0.00724	0.01211
2	0.02707	0.01995	0.02137	0.01638	0.02208	0.02208	0.01353	0.68159	0.03348	0.04488	0.01710	0.01710	0.01211	0.00855	0.00712	0.00214	0.00784	0.00641	0.00712	0.01211
3	0.02707	0.01995	0.02137	0.01638	0.02208	0.02208	0.01353	0.68159	0.03348	0.04488	0.01710	0.01710	0.01211	0.00855	0.00712	0.00214	0.00784	0.00641	0.00712	0.01211
4	0.04488	0.01031	0.01150	0.01028	0.01173	0.01116	0.00710	0.15297	0.01539	0.02136	0.02012	0.03673	0.02116	0.49580	0.06734	0.00582	0.03621	0.00895	0.00484	0.00635
5	0.01715	0.04398	0.01895	0.08293	0.02071	0.11755	0.01328	0.11545	0.01616	0.02116	0.01397	0.01929	0.01227	0.02268	0.22557	0.00515	0.21527	0.00636	0.00400	0.00812
6	0.01924	0.01676	0.02225	0.01814	0.02069	0.02058	0.06287	0.24988	0.01943	0.02734	0.01439	0.06419	0.01290	0.01126	0.01565	0.00271	0.38028	0.00737	0.00478	0.00930
7	0.02444	0.01823	0.01978	0.01526	0.02075	0.01954	0.01249	0.55780	0.02994	0.04057	0.01775	0.05739	0.01386	0.00889	0.00699	0.00204	0.00730	0.00690	0.00672	0.11338
8	0.01977	0.01572	0.01743	0.01320	0.01904	0.01518	0.01069	0.27306	0.09488	0.03217	0.01611	0.01692	0.01235	0.00699	0.00619	0.00161	0.00629	0.00547	0.00565	0.41129
9	0.01476	0.01223	0.01422	0.01103	0.01624	0.01014	0.00862	0.06397	0.04697	0.02420	0.01807	0.13520	0.01716	0.00850	0.00612	0.00149	0.00528	0.00717	0.00495	0.57366

[dist]
# distance from previous block
# <min> <max>
2	15

[block]
# block no. 3 follows, 29 sequences, length 16
# corresponding to MSA columns:
# 76-91
name=unknown_D
#
# <colnr> <probs for GDERKNQSTAVLIFYWHMCP>
#	G	D	E	R	K	N	Q	S	T	A	V	L	I	F	Y	W	H	M	C	P
0	0.01951	0.01711	0.01778	0.01794	0.11123	0.11727	0.01231	0.03007	0.31907	0.09343	0.02497	0.02436	0.05833	0.00881	0.00694	0.00212	0.00694	0.00722	0.00600	0.09859
1	0.01956	0.01509	0.01712	0.14100	0.02364	0.04847	0.01244	0.10150	0.30337	0.10702	0.02246	0.02256	0.01653	0.00852	0.00689	0.00219	0.00676	0.00697	0.05973	0.05818
2	0.01165	0.00946	0.01425	0.06340	0.06059	0.01130	0.01109	0.01437	0.01203	0.01759	0.01732	0.02518	0.01585	0.04043	0.51338	0.00882	0.10076	0.00725	0.03833	0.00696
3	0.01816	0.07124	0.11870	0.07162	0.35164	0.07418	0.01907	0.09261	0.01782	0.02393	0.01500	0.06615	0.01309	0.00784	0.00694	0.00214	0.00873	0.00684	0.00401	0.01030
4	0.00882	0.00639	0.00833	0.00962	0.01031	0.00591	0.00654	0.01033	0.01455	0.01942	0.11647	0.62059	0.09411	0.02114	0.00896	0.00278	0.00401	0.01905	0.00675	0.00591
5	0.01887	0.01645	0.01740	0.11171	0.02284	0.06458	0.01254	0.16833	0.35511	0.02963	0.02693	0.02639	0.07850	0.00968	0.00725	0.00231	0.00692	0.00787	0.00637	0.01032
6	0.00994	0.00727	0.00933	0.00881	0.01055	0.00666	0.00661	0.01317	0.01983	0.02779	0.64976	0.05445	0.11948	0.01484	0.00840	0.00225	0.00338	0.01305	0.00774	0.00666
7	0.01594	0.01471	0.02439	0.32433	0.26068	0.01612	0.07247	0.02218	0.09069	0.04075	0.01713	0.02108	0.03328	0.00744	0.00726	0.00229	0.00865	0.00699	0.00404	0.00960
8	0.02532	0.10483	0.02165	0.01750	0.02143	0.61047	0.01345	0.02828	0.05919	0.01809	0.01195	0.01351	0.00991	0.00735	0.00628	0.00184	0.01189	0.00471	0.00382	0.00852
9	0.00868	0.00620	0.00826	0.00991	0.01033	0.00578	0.00661	0.00991	0.01363	0.01818	0.03925	0.74510	0.04710	0.02231	0.00909	0.00289	0.00413	0.02024	0.00661	0.00578
10	0.02652	0.01967	0.02106	0.01627	0.02187	0.02182	0.01340	0.64355	0.07242	0.04398	0.01780	0.01766	0.01268	0.00861	0.00713	0.00215	0.00771	0.00651	0.00713	0.01206
11	0.01071	0.00835	0.01221	0.01191	0.01297	0.01002	0.00925	0.01299	0.01132	0.01641	0.01835	0.02798	0.01751	0.09458	0.60964	0.01034	0.08765	0.00767	0.00378	0.00636
12	0.01962	0.01513	0.01745	0.06537	0.05276	0.01701	0.01241	0.07711	0.49592	0.10614	0.02626	0.02475	0.01932	0.00916	0.00721	0.00236	0.00622	0.00765	0.00696	0.01119
13	0.00897	0.00715	0.00789	0.00789	0.00978	0.00633	0.00574	0.01085	0.01595	0.02006	0.16619	0.10052	0.46591	0.09013	0.04220	0.00323	0.00459	0.01420	0.00647	0.00596
14	0.05335	0.01516	0.01987	0.01779	0.05831	0.05781	0.08763	0.12800	0.01703	0.02440	0.01775	0.12433	0.01680	0.01363	0.05353	0.00302	0.20006	0.00847	0.07460	0.00846
15	0.01534	0.01396	0.01975	0.01552	0.04531	0.01250	0.10341	0.03899	0.01522	0.02293	0.01397	0.05041	0.01227	0.00710	0.00797	0.00163	0.08530	0.00593	0.00419	0.50830

[dist]
# distance from previous block
# <min> <max>
0	20

[block]
# block no. 4 follows, 29 sequences, length 47
# corresponding to MSA columns:
# 112-158
name=unknown_E
#
# <colnr> <probs for GDERKNQSTAVLIFYWHMCP>
#	G	D	E	R	K	N	Q	S	T	A	V	L	I	F	Y	W	H	M	C	P
0	0.01055	0.00856	0.00953	0.00916	0.01151	0.00823	0.00690	0.01596	0.13332	0.02394	0.26259	0.09350	0.34832	0.01573	0.00825	0.00238	0.00390	0.01343	0.00711	0.00713
1	0.02249	0.04933	0.06130	0.06670	0.04898	0.24551	0.01421	0.16248	0.12454	0.05671	0.01616	0.01715	0.01227	0.00773	0.00667	0.00201	0.00915	0.00578	0.00510	0.06574
2	0.00861	0.00722	0.00749	0.00742	0.00974	0.00609	0.00556	0.01060	0.01669	0.02033	0.14632	0.06672	0.62757	0.01762	0.00841	0.00239	0.00358	0.01477	0.00676	0.00609
3	0.00868	0.00620	0.00826	0.00991	0.01033	0.00578	0.00661	0.00991	0.01363	0.01818	0.03925	0.74510	0.04710	0.02231	0.00909	0.00289	0.00413	0.02024	0.00661	0.00578
4	0.01930	0.04954	0.02842	0.03689	0.50982	0.14852	0.06032	0.02312	0.01692	0.02189	0.01287	0.01658	0.01077	0.00650	0.00692	0.00206	0.00946	0.00604	0.00354	0.01053
5	0.05312	0.01974	0.02100	0.01615	0.02180	0.02188	0.01334	0.65933	0.03276	0.04444	0.01685	0.01691	0.01196	0.00848	0.00703	0.00214	0.00776	0.00632	0.00703	0.01196
6	0.00999	0.00728	0.00939	0.00886	0.01058	0.00668	0.00665	0.01326	0.01994	0.02804	0.66713	0.05403	0.10196	0.01475	0.00840	0.00225	0.00337	0.01300	0.00777	0.00668
7	0.02625	0.01954	0.02091	0.01622	0.02177	0.02170	0.01334	0.62550	0.09090	0.04356	0.01813	0.01792	0.01295	0.00864	0.00713	0.00216	0.00764	0.00655	0.00713	0.01204
8	0.01019	0.00683	0.00782	0.00798	0.00802	0.00679	0.00455	0.01031	0.01068	0.01425	0.02413	0.11687	0.02802	0.67657	0.03351	0.00650	0.00662	0.01135	0.00455	0.00446
9	0.01660	0.01297	0.06460	0.01295	0.01691	0.01141	0.05111	0.04417	0.15396	0.14789	0.29912	0.03773	0.07715	0.01150	0.00779	0.00229	0.00549	0.01001	0.00719	0.00915
10	0.03120	0.01229	0.01650	0.01277	0.01820	0.01085	0.01051	0.03487	0.05591	0.67429	0.02814	0.02436	0.01784	0.00886	0.00717	0.00221	0.00604	0.00721	0.00873	0.01207
11	0.12619	0.01831	0.14645	0.33094	0.08878	0.01640	0.08223	0.02145	0.06124	0.02257	0.01364	0.01766	0.01026	0.00699	0.00680	0.00231	0.00901	0.00610	0.00366	0.00901
12	0.02388	0.03897	0.01920	0.01450	0.01961	0.01924	0.01193	0.50874	0.05394	0.03974	0.01797	0.01850	0.01317	0.00831	0.00665	0.00200	0.00697	0.00631	0.11787	0.05251
13	0.06437	0.01876	0.02000	0.01547	0.02092	0.02066	0.01276	0.59569	0.03112	0.06824	0.01743	0.01751	0.01237	0.00845	0.00690	0.00212	0.00746	0.00632	0.04179	0.01165
14	0.03642	0.03043	0.48738	0.02542	0.15252	0.01677	0.10625	0.02241	0.01539	0.02296	0.01301	0.01593	0.00961	0.00659	0.00696	0.00225	0.01020	0.00581	0.00321	0.01047
15	0.00862	0.00720	0.00753	0.00765	0.00989	0.00611	0.00576	0.01051	0.01627	0.01965	0.09570	0.10409	0.61600	0.01817	0.00850	0.00246	0.00374	0.03944	0.00666	0.00605
16	0.00984	0.00663	0.00887	0.01012	0.01091	0.00618	0.00705	0.01144	0.01464	0.04517	0.09872	0.61667	0.04746	0.02095	0.00900	0.00283	0.00428	0.05631	0.00680	0.00615
17	0.03195	0.01212	0.01652	0.01267	0.01818	0.01047	0.01047	0.03470	0.02038	0.71026	0.02809	0.02424	0.01763	0.00881	0.00716	0.00220	0.00606	0.00716	0.00881	0.01212
18	0.00912	0.00724	0.00819	0.00795	0.01005	0.00631	0.00596	0.01158	0.01789	0.02318	0.33858	0.06204	0.43353	0.01656	0.00841	0.00233	0.00350	0.01412	0.00713	0.00631
19	0.01122	0.00750	0.00986	0.00920	0.01104	0.00689	0.00692	0.01448	0.01993	0.06549	0.64099	0.07639	0.06376	0.01452	0.00836	0.00226	0.00353	0.01283	0.00785	0.00698
20	0.80005	0.01377	0.01047	0.00936	0.01377	0.01597	0.00771	0.02093	0.01212	0.03195	0.00991	0.01157	0.00771	0.00661	0.00441	0.00220	0.00551	0.00386	0.00441	0.00771
21	0.01477	0.01266	0.01477	0.01055	0.01687	0.00949	0.00844	0.01793	0.01477	0.02320	0.01266	0.01477	0.01055	0.00527	0.00527	0.00105	0.00527	0.00422	0.00422	0.79328
22	0.02707	0.01995	0.02137	0.01638	0.02208	0.02208	0.01353	0.68159	0.03348	0.04488	0.01710	0.01710	0.01211	0.00855	0.00712	0.00214	0.00784	0.00641	0.00712	0.01211
23	0.80005	0.01377	0.01047	0.00936	0.01377	0.01597	0.00771	0.02093	0.01212	0.03195	0.00991	0.01157	0.00771	0.00661	0.00441	0.00220	0.00551	0.00386	0.00441	0.00771
24	0.01826	0.01557	0.01641	0.01460	0.01872	0.01797	0.01140	0.07544	0.65397	0.03067	0.02829	0.02601	0.02117	0.00960	0.00724	0.00240	0.00576	0.00795	0.00724	0.01132
25	0.80005	0.01377	0.01047	0.00936	0.01377	0.01597	0.00771	0.02093	0.01212	0.03195	0.00991	0.01157	0.00771	0.00661	0.00441	0.00220	0.00551	0.00386	0.00441	0.00771
26	0.01762	0.01692	0.02890	0.04371	0.70533	0.01692	0.02185	0.02185	0.01621	0.02326	0.01339	0.01762	0.01128	0.00634	0.00705	0.00211	0.00846	0.00634	0.00352	0.01128
27	0.02707	0.01995	0.02137	0.01638	0.02208	0.02208	0.01353	0.68159	0.03348	0.04488	0.01710	0.01710	0.01211	0.00855	0.00712	0.00214	0.00784	0.00641	0.00712	0.01211
28	0.02078	0.01682	0.01783	0.01511	0.01968	0.01914	0.01201	0.24872	0.47659	0.03473	0.02509	0.02346	0.01858	0.00930	0.00721	0.00232	0.00636	0.00751	0.00721	0.01155
29	0.00868	0.00620	0.00826	0.00991	0.01033	0.00578	0.00661	0.00991	0.01363	0.01818	0.03925	0.74510	0.04710	0.02231	0.00909	0.00289	0.00413	0.02024	0.00661	0.00578
30	0.00866	0.00625	0.00821	0.00978	0.01029	0.00579	0.00655	0.00993	0.01376	0.01823	0.04085	0.71208	0.07909	0.02210	0.00906	0.00287	0.00411	0.01999	0.00661	0.00579
31	0.01443	0.01371	0.02294	0.54854	0.18291	0.01640	0.01996	0.01889	0.01445	0.01918	0.01262	0.01850	0.00985	0.00727	0.00805	0.00236	0.05176	0.00633	0.00324	0.00860
32	0.00908	0.00722	0.00803	0.00799	0.00998	0.00632	0.00594	0.01122	0.01684	0.02137	0.22946	0.08183	0.45684	0.06005	0.01011	0.00267	0.00386	0.03829	0.00679	0.00611
33	0.00876	0.00718	0.00776	0.00795	0.01006	0.00618	0.00597	0.01074	0.01637	0.02013	0.12651	0.12935	0.54675	0.01819	0.00855	0.00248	0.00379	0.05046	0.00672	0.00609
34	0.02776	0.01884	0.02069	0.01586	0.02153	0.02045	0.01310	0.59043	0.03163	0.13865	0.01865	0.01810	0.01289	0.00859	0.00713	0.00215	0.00759	0.00652	0.00736	0.01211
35	0.80005	0.01377	0.01047	0.00936	0.01377	0.01597	0.00771	0.02093	0.01212	0.03195	0.00991	0.01157	0.00771	0.00661	0.00441	0.00220	0.00551	0.00386	0.00441	0.00771
36	0.01400	0.01295	0.02136	0.70380	0.04796	0.01607	0.01952	0.04490	0.01501	0.01927	0.01283	0.01891	0.00960	0.00718	0.00712	0.00236	0.00943	0.00633	0.00332	0.00808
37	0.01079	0.00745	0.00968	0.00902	0.01087	0.00683	0.00680	0.01407	0.02002	0.05240	0.65421	0.05273	0.08912	0.01448	0.00836	0.00224	0.00346	0.01275	0.00783	0.00688
38	0.05087	0.01924	0.02436	0.15200	0.35424	0.13003	0.01840	0.12088	0.01893	0.02504	0.01330	0.01677	0.01062	0.00698	0.00687	0.00212	0.00913	0.00597	0.00406	0.01020
39	0.01940	0.43700	0.09342	0.01581	0.04580	0.10117	0.01446	0.02216	0.01492	0.04697	0.01110	0.01332	0.00960	0.00739	0.00806	0.00192	0.12031	0.00464	0.00338	0.00917
40	0.01786	0.02142	0.11921	0.08700	0.43578	0.09907	0.07269	0.02252	0.01642	0.02208	0.01306	0.01694	0.01057	0.00655	0.00705	0.00214	0.00960	0.00615	0.00345	0.01045
41	0.01951	0.29889	0.18030	0.01552	0.02179	0.02007	0.04765	0.02439	0.05500	0.14390	0.01547	0.01676	0.01182	0.00928	0.03575	0.00241	0.06166	0.00553	0.00438	0.00992
42	0.00995	0.00677	0.00805	0.00844	0.00860	0.00673	0.00507	0.01035	0.01118	0.01497	0.02629	0.21226	0.03058	0.54545	0.06020	0.00615	0.00678	0.01259	0.00484	0.00476
43	0.01963	0.69738	0.03597	0.01267	0.01857	0.08269	0.01231	0.02188	0.01492	0.01681	0.00999	0.01153	0.00914	0.00619	0.00471	0.00155	0.00803	0.00387	0.00309	0.00907
44	0.01501	0.01287	0.01487	0.01087	0.01701	0.01016	0.00867	0.01955	0.06991	0.02374	0.01398	0.01573	0.01146	0.00563	0.00543	0.00117	0.00530	0.00453	0.00447	0.72965
45	0.02006	0.01777	0.02475	0.03315	0.45747	0.07449	0.01811	0.10723	0.04577	0.06230	0.01565	0.01840	0.01238	0.00708	0.00690	0.00208	0.00820	0.00634	0.05096	0.01091
46	0.02478	0.01763	0.01895	0.01492	0.01998	0.01938	0.01220	0.51553	0.09391	0.06943	0.01941	0.01940	0.01398	0.00864	0.00689	0.00211	0.00703	0.00663	0.09783	0.01140

[dist]
# distance from previous block
# <min> <max>
0	1

[block]
# block no. 5 follows, 29 sequences, length 8
# corresponding to MSA columns:
# 160-167
name=unknown_F
#
# <colnr> <probs for GDERKNQSTAVLIFYWHMCP>
#	G	D	E	R	K	N	Q	S	T	A	V	L	I	F	Y	W	H	M	C	P
0	0.00877	0.00723	0.00770	0.00758	0.00983	0.00616	0.00569	0.01090	0.01706	0.02120	0.20455	0.06530	0.56880	0.01730	0.00841	0.00237	0.00355	0.01458	0.00687	0.00616
1	0.01980	0.01550	0.01722	0.01583	0.05952	0.04967	0.01164	0.32819	0.07572	0.03122	0.02099	0.13078	0.01903	0.03812	0.08689	0.04712	0.00848	0.00879	0.00601	0.00949
2	0.00882	0.00694	0.00801	0.00862	0.01025	0.00612	0.00629	0.01065	0.01567	0.01973	0.10804	0.29511	0.39225	0.01930	0.00873	0.00261	0.00395	0.05619	0.00670	0.00602
3	0.02592	0.09821	0.02171	0.01779	0.02168	0.65932	0.01362	0.02780	0.01967	0.01737	0.01091	0.01271	0.00917	0.00723	0.00626	0.00181	0.01237	0.00452	0.00361	0.00833
4	0.07929	0.43555	0.05704	0.01337	0.01838	0.15140	0.01235	0.02204	0.01519	0.01907	0.01123	0.01326	0.00975	0.00692	0.00609	0.00176	0.04974	0.00437	0.06455	0.00865
5	0.05524	0.05724	0.02313	0.15906	0.02608	0.01925	0.07600	0.07870	0.01495	0.06321	0.01275	0.01774	0.01066	0.03156	0.01474	0.00274	0.31798	0.00639	0.00397	0.00860
6	0.01757	0.01353	0.02100	0.08369	0.08190	0.02866	0.14068	0.06070	0.01710	0.11793	0.05158	0.08608	0.01833	0.01101	0.03243	0.03594	0.00788	0.00813	0.04847	0.11741
7	0.00936	0.00743	0.00853	0.00875	0.01086	0.00659	0.00690	0.01178	0.01704	0.02151	0.19012	0.06787	0.44253	0.01767	0.00870	0.00255	0.00415	0.14455	0.00684	0.00626

[dist]
# distance from previous block
# <min> <max>
0	1

[block]
# block no. 6 follows, 29 sequences, length 67
# corresponding to MSA columns:
# 169-235
name=unknown_G
#
# <colnr> <probs for GDERKNQSTAVLIFYWHMCP>
#	G	D	E	R	K	N	Q	S	T	A	V	L	I	F	Y	W	H	M	C	P
0	0.01941	0.01627	0.01849	0.04183	0.08285	0.01844	0.01297	0.16294	0.47765	0.03178	0.02466	0.02362	0.01847	0.00905	0.00720	0.00233	0.00646	0.00751	0.00674	0.01132
1	0.02520	0.10570	0.02315	0.01713	0.05055	0.08153	0.01363	0.48728	0.06472	0.03757	0.01623	0.01661	0.01200	0.00813	0.00677	0.00205	0.00814	0.00604	0.00621	0.01136
2	0.01547	0.01323	0.01638	0.01239	0.01776	0.03365	0.04407	0.01857	0.01471	0.05003	0.01391	0.01689	0.01159	0.01143	0.08929	0.00250	0.04224	0.00506	0.00426	0.56657
3	0.02385	0.04178	0.05072	0.01381	0.01837	0.11786	0.01152	0.11115	0.05635	0.28618	0.10175	0.06199	0.02251	0.01156	0.03556	0.00254	0.00764	0.00789	0.00685	0.01013
4	0.01653	0.01877	0.04088	0.02933	0.03631	0.01759	0.65672	0.02237	0.01670	0.02265	0.01525	0.04376	0.01203	0.00655	0.00843	0.00242	0.01174	0.00880	0.00370	0.00947
5	0.00881	0.00629	0.00841	0.01007	0.01054	0.00590	0.00684	0.01014	0.01376	0.01833	0.03917	0.71353	0.04681	0.02218	0.00912	0.00291	0.00425	0.05050	0.00661	0.00582
6	0.01384	0.01306	0.02207	0.66757	0.11102	0.01592	0.01997	0.01854	0.01442	0.01867	0.01273	0.01886	0.00966	0.00705	0.00711	0.00235	0.00939	0.00633	0.00320	0.00823
7	0.05825	0.01875	0.02506	0.11883	0.45187	0.12361	0.01910	0.02321	0.05211	0.02256	0.01359	0.01723	0.01112	0.00678	0.00684	0.00212	0.00895	0.00604	0.00374	0.01024
8	0.00929	0.00760	0.00829	0.00865	0.01060	0.00695	0.00628	0.01250	0.07362	0.01982	0.05850	0.26910	0.44611	0.01860	0.00852	0.00255	0.00394	0.01600	0.00667	0.00640
9	0.01327	0.00664	0.00664	0.00664	0.00830	0.00664	0.00498	0.01659	0.01493	0.02655	0.02323	0.02655	0.01825	0.00830	0.00498	0.00166	0.00332	0.00664	0.78928	0.00664
10	0.76311	0.01344	0.01029	0.00924	0.01351	0.01554	0.00758	0.02073	0.01225	0.03169	0.01054	0.01227	0.00821	0.00669	0.00443	0.00218	0.00541	0.00399	0.04125	0.00766
11	0.01033	0.00701	0.00833	0.00833	0.00852	0.00721	0.00501	0.01071	0.01052	0.01422	0.02193	0.04377	0.02466	0.64395	0.14036	0.00759	0.00875	0.00994	0.00424	0.00463
12	0.01002	0.00728	0.00944	0.00890	0.01060	0.00669	0.00667	0.01333	0.02002	0.02824	0.68036	0.05371	0.08860	0.01467	0.00840	0.00225	0.00337	0.01295	0.00780	0.00669
13	0.02848	0.01272	0.01647	0.01262	0.01818	0.01122	0.01035	0.06274	0.05279	0.54413	0.02533	0.02261	0.01652	0.00832	0.00688	0.00204	0.00601	0.00673	0.00798	0.12789
14	0.01681	0.01921	0.04202	0.03001	0.03721	0.01801	0.67947	0.02281	0.01681	0.02281	0.01441	0.01921	0.01080	0.00600	0.00840	0.00240	0.01200	0.00840	0.00360	0.00960
15	0.01505	0.14217	0.58026	0.01902	0.02839	0.01851	0.02371	0.02211	0.01476	0.02144	0.01219	0.01452	0.00905	0.00693	0.00722	0.00219	0.04418	0.00509	0.00302	0.01019
16	0.01904	0.75404	0.03731	0.01218	0.01828	0.02818	0.01218	0.02132	0.01447	0.01675	0.00990	0.01142	0.00914	0.00609	0.00457	0.00152	0.00761	0.00381	0.00305	0.00914
17	0.02423	0.17689	0.02311	0.01655	0.02067	0.52090	0.01307	0.04832	0.01948	0.01880	0.04699	0.01480	0.01229	0.00750	0.00618	0.00180	0.01113	0.00492	0.00388	0.00848
18	0.00868	0.00620	0.00826	0.00991	0.01033	0.00578	0.00661	0.00991	0.01363	0.01818	0.03925	0.74510	0.04710	0.02231	0.00909	0.00289	0.00413	0.02024	0.00661	0.00578
19	0.00875	0.00629	0.00818	0.00967	0.01016	0.00585	0.00643	0.00995	0.01359	0.01800	0.04004	0.67431	0.07929	0.06002	0.01047	0.00308	0.00425	0.01946	0.00649	0.00572
20	0.01477	0.01266	0.01477	0.01055	0.01687	0.00949	0.00844	0.01793	0.01477	0.02320	0.01266	0.01477	0.01055	0.00527	0.00527	0.00105	0.00527	0.00422	0.00422	0.79328
21	0.00877	0.00627	0.00838	0.01003	0.01048	0.00587	0.00678	0.01009	0.01373	0.01829	0.03919	0.72170	0.04688	0.02222	0.00911	0.00291	0.00422	0.04268	0.00661	0.00581
22	0.00868	0.00620	0.00826	0.00991	0.01033	0.00578	0.00661	0.00991	0.01363	0.01818	0.03925	0.74510	0.04710	0.02231	0.00909	0.00289	0.00413	0.02024	0.00661	0.00578
23	0.01771	0.01530	0.01610	0.01449	0.01852	0.01771	0.01127	0.03784	0.69247	0.02979	0.02898	0.02657	0.02174	0.00966	0.00725	0.00242	0.00564	0.00805	0.00725	0.01127
24	0.01069	0.00742	0.00972	0.00906	0.01085	0.00682	0.00682	0.01404	0.02016	0.04777	0.68259	0.05237	0.06579	0.01440	0.00836	0.00224	0.00344	0.01272	0.00787	0.00687
25	0.01682	0.01610	0.02745	0.17657	0.57876	0.01671	0.02145	0.02115	0.01583	0.02229	0.01325	0.01789	0.01093	0.00649	0.00706	0.00216	0.00866	0.00634	0.00346	0.01063
26	0.01428	0.03683	0.71286	0.02030	0.03082	0.01654	0.02631	0.02255	0.01503	0.02255	0.01278	0.01503	0.00902	0.00677	0.00677	0.00226	0.01052	0.00526	0.00301	0.01052
27	0.01771	0.01530	0.01610	0.01449	0.01852	0.01771	0.01127	0.03784	0.69247	0.02979	0.02898	0.02657	0.02174	0.00966	0.00725	0.00242	0.00564	0.00805	0.00725	0.01127
28	0.00868	0.00620	0.00826	0.00991	0.01033	0.00578	0.00661	0.00991	0.01363	0.01818	0.03925	0.74510	0.04710	0.02231	0.00909	0.00289	0.00413	0.02024	0.00661	0.00578
29	0.01166	0.00839	0.01135	0.01267	0.01435	0.00839	0.01078	0.04051	0.01674	0.02181	0.03823	0.15567	0.06294	0.01948	0.00959	0.00316	0.00622	0.53481	0.00659	0.00667
30	0.01027	0.00719	0.00922	0.00919	0.00974	0.00764	0.00613	0.01137	0.01118	0.01546	0.05011	0.03990	0.02462	0.45760	0.29175	0.00841	0.01131	0.00944	0.00428	0.00518
31	0.02498	0.01868	0.02054	0.05395	0.02292	0.02079	0.01362	0.57197	0.07482	0.04133	0.01864	0.02089	0.01400	0.00909	0.00726	0.00222	0.00772	0.03811	0.00689	0.01156
32	0.03195	0.01212	0.01652	0.01267	0.01818	0.01047	0.01047	0.03470	0.02038	0.71026	0.02809	0.02424	0.01763	0.00881	0.00716	0.00220	0.00606	0.00716	0.00881	0.01212
33	0.01768	0.01724	0.02755	0.04039	0.62072	0.04677	0.02084	0.02166	0.01617	0.02269	0.01409	0.01983	0.01229	0.00717	0.00780	0.00219	0.03835	0.03212	0.00363	0.01082
34	0.01027	0.00687	0.00779	0.00787	0.00789	0.00685	0.00443	0.01033	0.01051	0.01402	0.02325	0.08050	0.02692	0.71444	0.03492	0.00671	0.00677	0.01084	0.00443	0.00439
35	0.01564	0.01408	0.02245	0.58931	0.04442	0.01686	0.05371	0.11679	0.01723	0.02239	0.01341	0.01872	0.00995	0.00727	0.00719	0.00234	0.00938	0.00645	0.00377	0.00862
36	0.00868	0.00620	0.00826	0.00991	0.01033	0.00578	0.00661	0.00991	0.01363	0.01818	0.03925	0.74510	0.04710	0.02231	0.00909	0.00289	0.00413	0.02024	0.00661	0.00578
37	0.01560	0.01471	0.02420	0.37622	0.33054	0.01645	0.01998	0.02137	0.07017	0.02133	0.01430	0.01901	0.01126	0.00699	0.00710	0.00226	0.00873	0.00648	0.00365	0.00964
38	0.23989	0.11336	0.34699	0.01691	0.02458	0.01765	0.08400	0.02166	0.01427	0.02447	0.01242	0.03185	0.00977	0.00694	0.00605	0.00218	0.00873	0.00536	0.00356	0.00935
39	0.01351	0.01000	0.01241	0.01272	0.01505	0.01028	0.01064	0.11386	0.05387	0.02471	0.03797	0.13430	0.10594	0.01759	0.00907	0.00293	0.00614	0.39482	0.00669	0.00749
40	0.08506	0.04593	0.01962	0.01542	0.02039	0.09749	0.01248	0.37174	0.19629	0.03603	0.01861	0.01839	0.01377	0.00846	0.00677	0.00216	0.00764	0.00633	0.00642	0.01102
41	0.04396	0.01539	0.01909	0.01458	0.01996	0.01536	0.04525	0.26330	0.02343	0.25257	0.04647	0.02037	0.01553	0.00834	0.00758	0.00205	0.03788	0.00659	0.00682	0.13545
42	0.01710	0.01752	0.06145	0.10178	0.61618	0.01681	0.02189	0.02157	0.01599	0.02279	0.01330	0.01761	0.01102	0.00643	0.00704	0.00214	0.00865	0.00629	0.00347	0.01095
43	0.04309	0.13889	0.55526	0.01992	0.06267	0.01822	0.02338	0.02228	0.01491	0.02208	0.01229	0.01452	0.00911	0.00664	0.00638	0.00214	0.00982	0.00506	0.00309	0.01026
44	0.01495	0.01419	0.02408	0.48435	0.28556	0.01622	0.02052	0.01951	0.01495	0.02002	0.01292	0.01849	0.01014	0.00684	0.00709	0.00228	0.00912	0.00633	0.00329	0.00912
45	0.01490	0.10250	0.61387	0.02078	0.06530	0.01764	0.02476	0.02240	0.01504	0.02205	0.01254	0.01483	0.00915	0.00668	0.00658	0.00218	0.01014	0.00518	0.00304	0.01043
46	0.01692	0.12570	0.41818	0.01874	0.04551	0.09176	0.02057	0.02341	0.04727	0.04446	0.01428	0.04099	0.01136	0.00775	0.00736	0.00218	0.04421	0.00580	0.00362	0.00992
47	0.01345	0.01266	0.02136	0.73264	0.04904	0.01582	0.01978	0.01819	0.01424	0.01819	0.01266	0.01898	0.00949	0.00712	0.00712	0.00237	0.00949	0.00633	0.00316	0.00791
48	0.01008	0.00728	0.00952	0.00896	0.01064	0.00672	0.00672	0.01344	0.02016	0.02855	0.70158	0.05319	0.06719	0.01456	0.00840	0.00224	0.00336	0.01288	0.00784	0.00672
49	0.01515	0.09220	0.63227	0.01959	0.02949	0.04625	0.02470	0.02270	0.01520	0.02189	0.01248	0.01466	0.00904	0.00674	0.00658	0.00218	0.01039	0.00512	0.00304	0.01032
50	0.06387	0.05673	0.02045	0.07143	0.02259	0.04798	0.01303	0.44696	0.06284	0.06156	0.01708	0.01770	0.01241	0.00822	0.00673	0.00211	0.00764	0.00619	0.04354	0.01094
51	0.00873	0.00624	0.00831	0.00988	0.01034	0.00582	0.00661	0.01006	0.01390	0.01860	0.06633	0.71681	0.04792	0.02199	0.00906	0.00287	0.00410	0.01994	0.00666	0.00582
52	0.01060	0.00763	0.01041	0.01187	0.01325	0.00745	0.00980	0.01333	0.01592	0.02084	0.07344	0.23548	0.07517	0.01996	0.00952	0.00309	0.00568	0.44357	0.00664	0.00636
53	0.01668	0.04857	0.03338	0.06799	0.03129	0.01792	0.41770	0.07792	0.01709	0.02312	0.01669	0.04137	0.03527	0.00970	0.03788	0.00278	0.08327	0.00823	0.00401	0.00916
54	0.01515	0.16742	0.58985	0.01882	0.02854	0.01866	0.02374	0.02233	0.01493	0.02149	0.01225	0.01438	0.00904	0.00664	0.00637	0.00212	0.00999	0.00500	0.00301	0.01027
55	0.00868	0.00620	0.00826	0.00991	0.01033	0.00578	0.00661	0.00991	0.01363	0.01818	0.03925	0.74510	0.04710	0.02231	0.00909	0.00289	0.00413	0.02024	0.00661	0.00578
56	0.75375	0.03527	0.01157	0.03113	0.01496	0.01632	0.00820	0.02086	0.01225	0.03109	0.01000	0.01179	0.00781	0.00661	0.00449	0.00219	0.00569	0.00393	0.00433	0.00776
57	0.00868	0.00620	0.00826	0.00991	0.01033	0.00578	0.00661	0.00991	0.01363	0.01818	0.03925	0.74510	0.04710	0.02231	0.00909	0.00289	0.00413	0.02024	0.00661	0.00578
58	0.01405	0.15217	0.01635	0.01112	0.01387	0.01353	0.00875	0.07426	0.11561	0.02405	0.19440	0.19826	0.03616	0.08371	0.01021	0.00272	0.00540	0.01136	0.00615	0.00786
59	0.03736	0.01433	0.02054	0.01772	0.01829	0.01906	0.04910	0.01648	0.01166	0.01802	0.01406	0.12382	0.01497	0.01341	0.01991	0.00302	0.56861	0.00835	0.00370	0.00759
60	0.01119	0.00752	0.00987	0.00915	0.01102	0.00691	0.00691	0.01452	0.02017	0.06320	0.66735	0.05172	0.06467	0.01427	0.00834	0.00224	0.00350	0.01259	0.00789	0.00699
61	0.02794	0.01381	0.02190	0.05038	0.02350	0.01261	0.14161	0.05460	0.01986	0.51953	0.02430	0.02275	0.01571	0.00817	0.00740	0.00225	0.00745	0.00734	0.00747	0.01143
62	0.05376	0.58398	0.03287	0.01325	0.01880	0.16096	0.01230	0.02267	0.01547	0.01753	0.01011	0.01170	0.00908	0.00635	0.00492	0.00161	0.00853	0.00396	0.00322	0.00891
63	0.02603	0.02159	0.02065	0.01649	0.02170	0.12768	0.01334	0.51623	0.09931	0.03916	0.01740	0.01743	0.01266	0.00848	0.00703	0.00212	0.00837	0.00630	0.00661	0.01144
64	0.01036	0.00690	0.00777	0.00777	0.00777	0.00690	0.00431	0.01036	0.01036	0.01381	0.02244	0.04660	0.02589	0.74975	0.03624	0.00690	0.00690	0.01036	0.00431	0.00431
65	0.00993	0.00727	0.00931	0.00880	0.01054	0.00665	0.00660	0.01314	0.01980	0.02770	0.64377	0.05460	0.12553	0.01488	0.00840	0.00225	0.00338	0.01308	0.00773	0.00665
66	0.80005	0.01377	0.01047	0.00936	0.01377	0.01597	0.00771	0.02093	0.01212	0.03195	0.00991	0.01157	0.00771	0.00661	0.00441	0.00220	0.00551	0.00386	0.00441	0.00771

[dist]
# distance from previous block
# <min> <max>
0	2

[block]
# block no. 7 follows, 29 sequences, length 53
# corresponding to MSA columns:
# 238-290
name=unknown_H
#
# <colnr> <probs for GDERKNQSTAVLIFYWHMCP>
#	G	D	E	R	K	N	Q	S	T	A	V	L	I	F	Y	W	H	M	C	P
0	0.01877	0.71355	0.07545	0.01264	0.01898	0.02752	0.01298	0.02139	0.01450	0.01708	0.01006	0.01163	0.00913	0.00613	0.00469	0.00156	0.00778	0.00389	0.00304	0.00922
1	0.01457	0.06720	0.66195	0.02026	0.03049	0.01709	0.04689	0.02251	0.01507	0.02231	0.01271	0.01501	0.00908	0.00671	0.00672	0.00223	0.01045	0.00530	0.00303	0.01043
2	0.01528	0.10534	0.61756	0.01943	0.02923	0.04883	0.02440	0.02269	0.01521	0.02177	0.01242	0.01459	0.00904	0.00673	0.00654	0.00217	0.01035	0.00509	0.00304	0.01029
3	0.02395	0.17031	0.05474	0.01911	0.07174	0.50608	0.01461	0.02633	0.01857	0.01795	0.01105	0.01302	0.00931	0.00700	0.00613	0.00181	0.01142	0.00460	0.00351	0.00875
4	0.01345	0.01266	0.02136	0.73264	0.04904	0.01582	0.01978	0.01819	0.01424	0.01819	0.01266	0.01898	0.00949	0.00712	0.00712	0.00237	0.00949	0.00633	0.00316	0.00791
5	0.80005	0.01377	0.01047	0.00936	0.01377	0.01597	0.00771	0.02093	0.01212	0.03195	0.00991	0.01157	0.00771	0.00661	0.00441	0.00220	0.00551	0.00386	0.00441	0.00771
6	0.00882	0.00723	0.00777	0.00763	0.00986	0.00618	0.00572	0.01099	0.01717	0.02148	0.22356	0.06484	0.54962	0.01720	0.00841	0.00236	0.00355	0.01451	0.00691	0.00618
7	0.02707	0.01995	0.02137	0.01638	0.02208	0.02208	0.01353	0.68159	0.03348	0.04488	0.01710	0.01710	0.01211	0.00855	0.00712	0.00214	0.00784	0.00641	0.00712	0.01211
8	0.80005	0.01377	0.01047	0.00936	0.01377	0.01597	0.00771	0.02093	0.01212	0.03195	0.00991	0.01157	0.00771	0.00661	0.00441	0.00220	0.00551	0.00386	0.00441	0.00771
9	0.80005	0.01377	0.01047	0.00936	0.01377	0.01597	0.00771	0.02093	0.01212	0.03195	0.00991	0.01157	0.00771	0.00661	0.00441	0.00220	0.00551	0.00386	0.00441	0.00771
10	0.01428	0.03683	0.71286	0.02030	0.03082	0.01654	0.02631	0.02255	0.01503	0.02255	0.01278	0.01503	0.00902	0.00677	0.00677	0.00226	0.01052	0.00526	0.00301	0.01052
11	0.01413	0.01314	0.02178	0.67033	0.08521	0.01609	0.01969	0.04009	0.01498	0.01935	0.01284	0.01885	0.00968	0.00712	0.00712	0.00235	0.00938	0.00633	0.00331	0.00824
12	0.01762	0.01692	0.02890	0.04371	0.70533	0.01692	0.02185	0.02185	0.01621	0.02326	0.01339	0.01762	0.01128	0.00634	0.00705	0.00211	0.00846	0.00634	0.00352	0.01128
13	0.01345	0.01266	0.02136	0.73264	0.04904	0.01582	0.01978	0.01819	0.01424	0.01819	0.01266	0.01898	0.00949	0.00712	0.00712	0.00237	0.00949	0.00633	0.00316	0.00791
14	0.01008	0.00728	0.00952	0.00896	0.01064	0.00672	0.00672	0.01344	0.02016	0.02855	0.70158	0.05319	0.06719	0.01456	0.00840	0.00224	0.00336	0.01288	0.00784	0.00672
15	0.02707	0.01995	0.02137	0.01638	0.02208	0.02208	0.01353	0.68159	0.03348	0.04488	0.01710	0.01710	0.01211	0.00855	0.00712	0.00214	0.00784	0.00641	0.00712	0.01211
16	0.00842	0.00721	0.00721	0.00721	0.00962	0.00601	0.00541	0.01022	0.01623	0.01924	0.07213	0.06853	0.70244	0.01803	0.00842	0.00240	0.00361	0.01503	0.00661	0.00601
17	0.65340	0.01346	0.01162	0.01000	0.01461	0.01492	0.00824	0.02356	0.01370	0.16146	0.01339	0.01399	0.00960	0.00703	0.00493	0.00220	0.00561	0.00449	0.00525	0.00855
18	0.01008	0.00728	0.00952	0.00896	0.01064	0.00672	0.00672	0.01344	0.02016	0.02855	0.70158	0.05319	0.06719	0.01456	0.00840	0.00224	0.00336	0.01288	0.00784	0.00672
19	0.01776	0.56209	0.21811	0.01435	0.02163	0.02506	0.01596	0.02165	0.01462	0.01830	0.01067	0.01239	0.00911	0.00627	0.00516	0.00172	0.00839	0.00420	0.00304	0.00951
20	0.01115	0.00803	0.01105	0.01247	0.01411	0.00792	0.01073	0.01430	0.01654	0.02158	0.08223	0.09987	0.07284	0.01935	0.00965	0.00316	0.00614	0.56571	0.00664	0.00652
21	0.00842	0.00721	0.00721	0.00721	0.00962	0.00601	0.00541	0.01022	0.01623	0.01924	0.07213	0.06853	0.70244	0.01803	0.00842	0.00240	0.00361	0.01503	0.00661	0.00601
22	0.01514	0.01489	0.02141	0.15465	0.02441	0.02012	0.01606	0.01737	0.01171	0.01761	0.01013	0.01619	0.00943	0.01112	0.01946	0.00288	0.56550	0.00616	0.00317	0.04257
23	0.01994	0.66778	0.03526	0.01292	0.01872	0.11118	0.01237	0.02217	0.01515	0.01683	0.01003	0.01159	0.00914	0.00624	0.00479	0.00156	0.00824	0.00390	0.00312	0.00903
24	0.01477	0.01266	0.01477	0.01055	0.01687	0.00949	0.00844	0.01793	0.01477	0.02320	0.01266	0.01477	0.01055	0.00527	0.00527	0.00105	0.00527	0.00422	0.00422	0.79328
25	0.01705	0.01499	0.01589	0.01187	0.01772	0.07182	0.00947	0.05931	0.01641	0.04394	0.01314	0.01504	0.01070	0.00596	0.00607	0.00128	0.02743	0.00453	0.00445	0.63293
26	0.00849	0.00722	0.00732	0.00729	0.00966	0.00604	0.00547	0.01036	0.01641	0.01966	0.10065	0.06783	0.67366	0.01788	0.00841	0.00240	0.00360	0.01493	0.00667	0.00604
27	0.00868	0.00620	0.00826	0.00991	0.01033	0.00578	0.00661	0.00991	0.01363	0.01818	0.03925	0.74510	0.04710	0.02231	0.00909	0.00289	0.00413	0.02024	0.00661	0.00578
28	0.00875	0.00625	0.00832	0.00987	0.01034	0.00583	0.00662	0.01009	0.01396	0.01869	0.07213	0.71075	0.04809	0.02192	0.00905	0.00286	0.00409	0.01988	0.00667	0.00583
29	0.00868	0.00620	0.00826	0.00991	0.01033	0.00578	0.00661	0.00991	0.01363	0.01818	0.03925	0.74510	0.04710	0.02231	0.00909	0.00289	0.00413	0.02024	0.00661	0.00578
30	0.01904	0.75404	0.03731	0.01218	0.01828	0.02818	0.01218	0.02132	0.01447	0.01675	0.00990	0.01142	0.00914	0.00609	0.00457	0.00152	0.00761	0.00381	0.00305	0.00914
31	0.01428	0.03683	0.71286	0.02030	0.03082	0.01654	0.02631	0.02255	0.01503	0.02255	0.01278	0.01503	0.00902	0.00677	0.00677	0.00226	0.01052	0.00526	0.00301	0.01052
32	0.01477	0.01266	0.01477	0.01055	0.01687	0.00949	0.00844	0.01793	0.01477	0.02320	0.01266	0.01477	0.01055	0.00527	0.00527	0.00105	0.00527	0.00422	0.00422	0.79328
33	0.01771	0.01530	0.01610	0.01449	0.01852	0.01771	0.01127	0.03784	0.69247	0.02979	0.02898	0.02657	0.02174	0.00966	0.00725	0.00242	0.00564	0.00805	0.00725	0.01127
34	0.02707	0.01995	0.02137	0.01638	0.02208	0.02208	0.01353	0.68159	0.03348	0.04488	0.01710	0.01710	0.01211	0.00855	0.00712	0.00214	0.00784	0.00641	0.00712	0.01211
35	0.80005	0.01377	0.01047	0.00936	0.01377	0.01597	0.00771	0.02093	0.01212	0.03195	0.00991	0.01157	0.00771	0.00661	0.00441	0.00220	0.00551	0.00386	0.00441	0.00771
36	0.00868	0.00620	0.00826	0.00991	0.01033	0.00578	0.00661	0.00991	0.01363	0.01818	0.03925	0.74510	0.04710	0.02231	0.00909	0.00289	0.00413	0.02024	0.00661	0.00578
37	0.01904	0.75404	0.03731	0.01218	0.01828	0.02818	0.01218	0.02132	0.01447	0.01675	0.00990	0.01142	0.00914	0.00609	0.00457	0.00152	0.00761	0.00381	0.00305	0.00914
38	0.02707	0.01995	0.02137	0.01638	0.02208	0.02208	0.01353	0.68159	0.03348	0.04488	0.01710	0.01710	0.01211	0.00855	0.00712	0.00214	0.00784	0.00641	0.00712	0.01211
39	0.02087	0.01682	0.01973	0.15328	0.04640	0.01918	0.01417	0.30711	0.26277	0.03379	0.02035	0.02083	0.01500	0.00860	0.00716	0.00228	0.00739	0.00697	0.00630	0.01099
40	0.02635	0.02201	0.02047	0.01632	0.02144	0.15486	0.01319	0.52676	0.03010	0.03881	0.01621	0.01671	0.01183	0.00831	0.00689	0.00206	0.00859	0.00607	0.04190	0.01113
41	0.03102	0.01361	0.01745	0.01338	0.01892	0.01268	0.01105	0.15821	0.02288	0.58322	0.02599	0.02287	0.01657	0.00876	0.00715	0.00219	0.00640	0.00702	0.00849	0.01212
42	0.00873	0.00624	0.00831	0.00988	0.01034	0.00582	0.00661	0.01004	0.01387	0.01856	0.06363	0.71963	0.04784	0.02202	0.00906	0.00287	0.00410	0.01997	0.00666	0.00582
43	0.01675	0.01903	0.04101	0.02945	0.03630	0.01820	0.64651	0.02253	0.01651	0.02253	0.01415	0.01903	0.01073	0.00632	0.00915	0.00244	0.04798	0.00830	0.00358	0.00951
44	0.01008	0.00728	0.00952	0.00896	0.01064	0.00672	0.00672	0.01344	0.02016	0.02855	0.70158	0.05319	0.06719	0.01456	0.00840	0.00224	0.00336	0.01288	0.00784	0.00672
45	0.00873	0.00723	0.00765	0.00755	0.00981	0.00615	0.00566	0.01083	0.01698	0.02102	0.19231	0.06560	0.58115	0.01737	0.00841	0.00237	0.00356	0.01462	0.00685	0.00615
46	0.01428	0.03683	0.71286	0.02030	0.03082	0.01654	0.02631	0.02255	0.01503	0.02255	0.01278	0.01503	0.00902	0.00677	0.00677	0.00226	0.01052	0.00526	0.00301	0.01052
47	0.00923	0.00700	0.01027	0.01115	0.01199	0.00655	0.04475	0.01080	0.01390	0.01854	0.03779	0.68247	0.04485	0.02130	0.00907	0.00288	0.00465	0.04033	0.00644	0.00602
48	0.00866	0.00624	0.00822	0.00980	0.01030	0.00579	0.00656	0.00993	0.01375	0.01822	0.04069	0.71544	0.07583	0.02212	0.00906	0.00287	0.00411	0.02001	0.00661	0.00579
49	0.02854	0.01758	0.01991	0.01526	0.02090	0.01858	0.01261	0.48648	0.02953	0.24557	0.02041	0.01925	0.01377	0.00863	0.00713	0.00216	0.00730	0.00664	0.00763	0.01211
50	0.02506	0.02002	0.02005	0.01599	0.02117	0.07862	0.01297	0.51097	0.13062	0.03958	0.02003	0.01972	0.03413	0.00890	0.00712	0.00216	0.00779	0.00677	0.00684	0.01148
51	0.01128	0.00811	0.01120	0.01265	0.01432	0.00803	0.01097	0.01450	0.01660	0.02164	0.07653	0.07833	0.06842	0.01932	0.00970	0.00319	0.00626	0.59581	0.00663	0.00654
52	0.02866	0.01167	0.01565	0.01230	0.01727	0.01033	0.01004	0.03225	0.04982	0.59744	0.11012	0.02786	0.02384	0.00955	0.00732	0.00222	0.00571	0.00790	0.00863	0.01142

[dist]
# distance from previous block
# <min> <max>
0	1

[block]
# block no. 8 follows, 29 sequences, length 75
# corresponding to MSA columns:
# 292-366
name=unknown_I
#
# <colnr> <probs for GDERKNQSTAVLIFYWHMCP>
#	G	D	E	R	K	N	Q	S	T	A	V	L	I	F	Y	W	H	M	C	P
0	0.01688	0.01621	0.02758	0.16067	0.53864	0.01680	0.04613	0.02191	0.04362	0.02264	0.01394	0.01829	0.01138	0.00660	0.00712	0.00218	0.00866	0.00649	0.00362	0.01063
1	0.05529	0.01596	0.01820	0.01440	0.01967	0.01675	0.01177	0.29822	0.15126	0.28716	0.02312	0.02130	0.01579	0.00878	0.00706	0.00222	0.00668	0.00690	0.00767	0.01180
2	0.01774	0.01779	0.02665	0.13791	0.51281	0.08125	0.02048	0.02168	0.01601	0.02168	0.01285	0.01727	0.01073	0.00687	0.00788	0.00218	0.04823	0.00618	0.00346	0.01034
3	0.07018	0.01788	0.03444	0.06718	0.08131	0.01830	0.44077	0.04640	0.01618	0.02332	0.01339	0.01802	0.01042	0.00704	0.00980	0.00245	0.10237	0.00748	0.00370	0.00937
4	0.01366	0.01287	0.02173	0.69821	0.08184	0.01588	0.01988	0.01838	0.01434	0.01845	0.01269	0.01892	0.00958	0.00708	0.00712	0.00236	0.00944	0.00633	0.00318	0.00808
5	0.01732	0.01484	0.01561	0.01401	0.01797	0.01698	0.01091	0.05675	0.62039	0.02949	0.03182	0.02940	0.07236	0.01025	0.00733	0.00241	0.00556	0.00852	0.00719	0.01090
6	0.00938	0.00725	0.00854	0.00822	0.01021	0.00642	0.00617	0.01208	0.01850	0.02461	0.43537	0.05968	0.33585	0.01603	0.00841	0.00231	0.00346	0.01379	0.00732	0.00642
7	0.03045	0.00721	0.00844	0.00852	0.01028	0.00652	0.00624	0.01174	0.01718	0.02312	0.31715	0.19672	0.29647	0.01719	0.00844	0.00243	0.00366	0.01491	0.00705	0.00630
8	0.00899	0.00639	0.00811	0.00934	0.00978	0.00602	0.00609	0.01002	0.01312	0.01737	0.03768	0.57004	0.07819	0.16645	0.01444	0.00366	0.00465	0.01800	0.00615	0.00550
9	0.02707	0.01995	0.02137	0.01638	0.02208	0.02208	0.01353	0.68159	0.03348	0.04488	0.01710	0.01710	0.01211	0.00855	0.00712	0.00214	0.00784	0.00641	0.00712	0.01211
10	0.00842	0.00721	0.00721	0.00721	0.00962	0.00601	0.00541	0.01022	0.01623	0.01924	0.07213	0.06853	0.70244	0.01803	0.00842	0.00240	0.00361	0.01503	0.00661	0.00601
