[name]
unknown

[dist]
# distance from previous block
# <min> <max>
20	50

[block]
# block no. 0 follows, 29 sequences, length 100
# corresponding to MSA columns:
# 63-162
name=unknown_A
#
# <colnr> <probs for GDERKNQSTAVLIFYWHMCP>
#	G	D	E	R	K	N	Q	S	T	A	V	L	I	F	Y	W	H	M	C	P
0	0.02232	0.01533	0.01807	0.01431	0.01920	0.01601	0.03669	0.24803	0.15579	0.14654	0.02090	0.02077	0.01516	0.00840	0.00733	0.00206	0.03217	0.00666	0.08056	0.11372
1	0.08970	0.05566	0.04204	0.01480	0.01995	0.04438	0.01235	0.28588	0.24967	0.05382	0.01988	0.01940	0.01470	0.00841	0.00669	0.00216	0.00700	0.00644	0.00640	0.04065
2	0.04683	0.01653	0.03695	0.01417	0.01981	0.01627	0.01183	0.29668	0.10691	0.19834	0.02012	0.01936	0.01414	0.00808	0.00674	0.00201	0.00671	0.00631	0.00686	0.14535
3	0.02557	0.04915	0.01964	0.01485	0.02015	0.04796	0.01216	0.32985	0.15355	0.19104	0.02113	0.02002	0.01489	0.00854	0.00694	0.00212	0.00712	0.00662	0.00710	0.04159
4	0.01149	0.00737	0.00838	0.00817	0.00852	0.00737	0.00478	0.01219	0.03033	0.04422	0.02287	0.04506	0.02541	0.69668	0.03416	0.00657	0.00683	0.01015	0.00459	0.00485
5	0.05957	0.07424	0.01728	0.01158	0.01736	0.01256	0.00958	0.04957	0.01630	0.15292	0.01525	0.01623	0.01163	0.00649	0.00630	0.00149	0.03376	0.00489	0.00508	0.47791
6	0.01036	0.00770	0.00928	0.00996	0.01129	0.00737	0.00701	0.07334	0.01604	0.02092	0.04398	0.53611	0.17971	0.02012	0.00876	0.00272	0.00437	0.01786	0.00666	0.00643
7	0.01762	0.01692	0.02890	0.04371	0.70533	0.01692	0.02185	0.02185	0.01621	0.02326	0.01339	0.01762	0.01128	0.00634	0.00705	0.00211	0.00846	0.00634	0.00352	0.01128
8	0.02140	0.02485	0.02071	0.01904	0.04548	0.37342	0.01449	0.02495	0.08007	0.01870	0.01218	0.01531	0.01050	0.00939	0.01272	0.00237	0.27657	0.00558	0.00380	0.00848
9	0.01008	0.00728	0.00952	0.00896	0.01064	0.00672	0.00672	0.01344	0.02016	0.02855	0.70158	0.05319	0.06719	0.01456	0.00840	0.00224	0.00336	0.01288	0.00784	0.00672
10	0.01729	0.01493	0.01630	0.01547	0.04831	0.01707	0.01149	0.03579	0.62562	0.02943	0.06539	0.02764	0.02378	0.00978	0.00730	0.00239	0.00563	0.00824	0.00711	0.01102
11	0.01619	0.01529	0.02541	0.22326	0.46629	0.01622	0.02011	0.02133	0.05017	0.02248	0.04400	0.01999	0.01377	0.00708	0.00714	0.00220	0.00837	0.00671	0.00381	0.01019
12	0.02679	0.01923	0.02084	0.01594	0.02166	0.02095	0.01316	0.62023	0.03201	0.07770	0.01746	0.01736	0.01232	0.00842	0.00705	0.00209	0.00764	0.00635	0.00708	0.04570
13	0.02660	0.03394	0.02018	0.01834	0.02201	0.72116	0.01376	0.02843	0.02018	0.01743	0.01101	0.01284	0.00917	0.00734	0.00642	0.00183	0.01284	0.00459	0.00367	0.00825
14	0.01036	0.00690	0.00777	0.00777	0.00777	0.00690	0.00431	0.01036	0.01036	0.01381	0.02244	0.04660	0.02589	0.74975	0.03624	0.00690	0.00690	0.01036	0.00431	0.00431
15	0.01653	0.16993	0.52157	0.01838	0.02750	0.05734	0.02237	0.02311	0.01542	0.04754	0.01273	0.01459	0.00938	0.00675	0.00635	0.00209	0.00994	0.00503	0.00327	0.01020
16	0.02165	0.01698	0.04812	0.01492	0.02047	0.01657	0.03435	0.30174	0.11961	0.09306	0.01922	0.02079	0.01451	0.00989	0.03363	0.00235	0.00747	0.02500	0.00625	0.17342
17	0.02709	0.01404	0.01705	0.01355	0.01861	0.01397	0.01103	0.17054	0.14194	0.40876	0.06619	0.02487	0.02015	0.00925	0.00724	0.00223	0.00620	0.00750	0.00812	0.01164
18	0.00868	0.00620	0.00826	0.00991	0.01033	0.00578	0.00661	0.00991	0.01363	0.01818	0.03925	0.74510	0.04710	0.02231	0.00909	0.00289	0.00413	0.02024	0.00661	0.00578
19	0.02372	0.01780	0.04516	0.01934	0.14023	0.12669	0.01345	0.12606	0.02087	0.24711	0.06072	0.06064	0.04727	0.00943	0.00722	0.00217	0.00765	0.00775	0.00632	0.01040
20	0.01794	0.42955	0.28505	0.01552	0.02321	0.02339	0.01750	0.07581	0.01623	0.02119	0.01155	0.01322	0.00934	0.00654	0.00559	0.00184	0.00871	0.00456	0.00337	0.00989
21	0.00868	0.00620	0.00826	0.00991	0.01033	0.00578	0.00661	0.00991	0.01363	0.01818	0.03925	0.74510	0.04710	0.02231	0.00909	0.00289	0.00413	0.02024	0.00661	0.00578
22	0.01417	0.01332	0.02211	0.61323	0.13255	0.01604	0.01968	0.01950	0.04320	0.01934	0.01344	0.01913	0.01024	0.00713	0.00712	0.00234	0.00920	0.00640	0.00338	0.00849
23	0.14810	0.01621	0.04660	0.24212	0.05465	0.01786	0.04975	0.16030	0.06521	0.04563	0.01451	0.01754	0.01092	0.00793	0.00815	0.00235	0.07197	0.00614	0.00466	0.00940
24	0.01337	0.01258	0.01748	0.01589	0.01602	0.01669	0.01272	0.01483	0.01178	0.01747	0.01889	0.24851	0.02140	0.01561	0.01881	0.00304	0.50281	0.01071	0.00423	0.00715
25	0.00976	0.00718	0.00913	0.00882	0.01049	0.00655	0.00655	0.01275	0.01913	0.02654	0.56855	0.11222	0.14459	0.01563	0.00846	0.00231	0.00345	0.01375	0.00758	0.00655
26	0.04473	0.01340	0.02210	0.46573	0.15902	0.01523	0.04733	0.01979	0.01513	0.06514	0.01705	0.02155	0.04855	0.00763	0.00714	0.00231	0.00872	0.00686	0.00385	0.00874
27	0.02777	0.16206	0.05145	0.01355	0.01942	0.01628	0.01203	0.14471	0.02127	0.42638	0.02189	0.02004	0.01460	0.00814	0.00662	0.00206	0.00687	0.00628	0.00712	0.01146
28	0.03132	0.01313	0.01715	0.01315	0.01868	0.01197	0.01086	0.11851	0.02208	0.62406	0.02667	0.02331	0.01691	0.00878	0.00716	0.00219	0.00629	0.00706	0.00859	0.01212
29	0.01904	0.75404	0.03731	0.01218	0.01828	0.02818	0.01218	0.02132	0.01447	0.01675	0.00990	0.01142	0.00914	0.00609	0.00457	0.00152	0.00761	0.00381	0.00305	0.00914
30	0.01035	0.00693	0.00791	0.00791	0.00795	0.00698	0.00449	0.01044	0.01040	0.01391	0.02231	0.04589	0.02558	0.72341	0.06216	0.00708	0.00736	0.01025	0.00430	0.00439
31	0.00999	0.00728	0.00939	0.00886	0.01058	0.00668	0.00665	0.01326	0.01994	0.02804	0.66686	0.05404	0.10222	0.01475	0.00840	0.00225	0.00337	0.01300	0.00777	0.00668
32	0.03157	0.01273	0.01690	0.01296	0.01848	0.01137	0.01071	0.08530	0.02141	0.65822	0.02723	0.02368	0.01719	0.00879	0.00716	0.00220	0.00620	0.00710	0.00868	0.01212
33	0.00882	0.00723	0.00778	0.00764	0.00987	0.00618	0.00573	0.01100	0.01719	0.02151	0.22574	0.06479	0.54742	0.01719	0.00841	0.00236	0.00355	0.01450	0.00691	0.00618
34	0.01904	0.75404	0.03731	0.01218	0.01828	0.02818	0.01218	0.02132	0.01447	0.01675	0.00990	0.01142	0.00914	0.00609	0.00457	0.00152	0.00761	0.00381	0.00305	0.00914
35	0.00876	0.00626	0.00836	0.01001	0.01046	0.00586	0.00676	0.01006	0.01372	0.01827	0.03920	0.72476	0.04691	0.02223	0.00911	0.00290	0.00421	0.03974	0.00661	0.00581
36	0.01428	0.03683	0.71286	0.02030	0.03082	0.01654	0.02631	0.02255	0.01503	0.02255	0.01278	0.01503	0.00902	0.00677	0.00677	0.00226	0.01052	0.00526	0.00301	0.01052
37	0.01147	0.00820	0.01147	0.01311	0.01475	0.00820	0.01147	0.01475	0.01639	0.02131	0.03770	0.08032	0.04098	0.01967	0.00984	0.00328	0.00656	0.65741	0.00656	0.00656
38	0.01850	0.01569	0.01654	0.01465	0.01882	0.01808	0.01146	0.09191	0.63711	0.03105	0.02798	0.02577	0.02093	0.00957	0.00724	0.00239	0.00582	0.00791	0.00724	0.01134
39	0.80005	0.01377	0.01047	0.00936	0.01377	0.01597	0.00771	0.02093	0.01212	0.03195	0.00991	0.01157	0.00771	0.00661	0.00441	0.00220	0.00551	0.00386	0.00441	0.00771
40	0.00956	0.00726	0.00880	0.00841	0.01032	0.00650	0.00631	0.01243	0.01893	0.02565	0.50525	0.05797	0.26533	0.01564	0.00840	0.00229	0.00344	0.01355	0.00746	0.00650
41	0.01771	0.01530	0.01610	0.01449	0.01852	0.01771	0.01127	0.03784	0.69247	0.02979	0.02898	0.02657	0.02174	0.00966	0.00725	0.00242	0.00564	0.00805	0.00725	0.01127
42	0.02655	0.01969	0.02108	0.01628	0.02189	0.02184	0.01341	0.64609	0.06982	0.04404	0.01775	0.01762	0.01264	0.00861	0.00713	0.00215	0.00771	0.00650	0.00713	0.01206
43	0.03174	0.01245	0.01673	0.01283	0.01834	0.01096	0.01060	0.06208	0.02093	0.68211	0.02763	0.02393	0.01739	0.00880	0.00716	0.00220	0.00613	0.00713	0.00874	0.01212
44	0.01477	0.01266	0.01477	0.01055	0.01687	0.00949	0.00844	0.01793	0.01477	0.02320	0.01266	0.01477	0.01055	0.00527	0.00527	0.00105	0.00527	0.00422	0.00422	0.79328
45	0.01237	0.00618	0.00928	0.00928	0.00928	0.00618	0.00618	0.00928	0.00928	0.01237	0.01237	0.02165	0.01237	0.02474	0.02783	0.79283	0.00618	0.00618	0.00309	0.00309
46	0.01345	0.01266	0.02136	0.73264	0.04904	0.01582	0.01978	0.01819	0.01424	0.01819	0.01266	0.01898	0.00949	0.00712	0.00712	0.00237	0.00949	0.00633	0.00316	0.00791
47	0.01593	0.28572	0.47842	0.01748	0.02647	0.02058	0.02141	0.02212	0.01484	0.02054	0.01178	0.01378	0.00906	0.00653	0.00600	0.00200	0.00951	0.00476	0.00302	0.01004
48	0.02666	0.01905	0.02065	0.01596	0.02146	0.02090	0.01313	0.62409	0.03209	0.07838	0.01846	0.04348	0.01365	0.00905	0.00720	0.00217	0.00761	0.00694	0.00719	0.01188
49	0.00987	0.00670	0.00791	0.00838	0.00850	0.00658	0.00497	0.01023	0.01129	0.01506	0.02725	0.24661	0.03196	0.54145	0.02847	0.00575	0.00611	0.01319	0.00497	0.00474
50	0.01501	0.14675	0.60933	0.01905	0.02890	0.01832	0.02414	0.02236	0.01495	0.02166	0.01234	0.01448	0.00904	0.00666	0.00643	0.00214	0.01008	0.00504	0.00301	0.01031
51	0.01025	0.00695	0.00820	0.00829	0.00845	0.00707	0.00494	0.01059	0.01065	0.01434	0.02293	0.08070	0.02609	0.63465	0.11103	0.00720	0.00811	0.01056	0.00438	0.00462
52	0.01904	0.75404	0.03731	0.01218	0.01828	0.02818	0.01218	0.02132	0.01447	0.01675	0.00990	0.01142	0.00914	0.00609	0.00457	0.00152	0.00761	0.00381	0.00305	0.00914
53	0.01345	0.01266	0.02136	0.73264	0.04904	0.01582	0.01978	0.01819	0.01424	0.01819	0.01266	0.01898	0.00949	0.00712	0.00712	0.00237	0.00949	0.00633	0.00316	0.00791
54	0.01375	0.00990	0.01249	0.01125	0.01319	0.01068	0.00841	0.10201	0.01455	0.04230	0.01923	0.03059	0.01861	0.25415	0.30948	0.00737	0.04275	0.00797	0.00457	0.06676
55	0.01904	0.75404	0.03731	0.01218	0.01828	0.02818	0.01218	0.02132	0.01447	0.01675	0.00990	0.01142	0.00914	0.00609	0.00457	0.00152	0.00761	0.00381	0.00305	0.00914
56	0.00955	0.00726	0.00879	0.00841	0.01031	0.00649	0.00630	0.01242	0.01891	0.02560	0.50220	0.05805	0.26840	0.01566	0.00840	0.00229	0.00344	0.01356	0.00745	0.00649
57	0.01489	0.01357	0.02232	0.59656	0.04450	0.01624	0.06453	0.07770	0.01616	0.02117	0.01351	0.01907	0.01010	0.00721	0.00714	0.00233	0.00932	0.00649	0.02883	0.00836
58	0.01017	0.00763	0.01144	0.01144	0.01272	0.00890	0.00890	0.01272	0.01144	0.01653	0.01907	0.02797	0.01780	0.05340	0.72153	0.01144	0.01907	0.00763	0.00381	0.00636
59	0.00868	0.00620	0.00826	0.00991	0.01033	0.00578	0.00661	0.00991	0.01363	0.01818	0.03925	0.74510	0.04710	0.02231	0.00909	0.00289	0.00413	0.02024	0.00661	0.00578
60	0.01794	0.01753	0.02859	0.04280	0.68091	0.04209	0.02156	0.02209	0.01636	0.02305	0.01331	0.01745	0.01120	0.00638	0.00703	0.00210	0.00862	0.00628	0.00353	0.01117
61	0.01081	0.00744	0.00970	0.00925	0.01103	0.00684	0.00700	0.01397	0.01950	0.05284	0.58688	0.08975	0.09050	0.01511	0.00845	0.00232	0.00365	0.04041	0.00770	0.00684
62	0.01723	0.01652	0.02819	0.10870	0.64342	0.01682	0.02166	0.02151	0.01603	0.02278	0.01332	0.01775	0.01111	0.00642	0.00706	0.00214	0.00856	0.00634	0.00349	0.01096
63	0.01904	0.75404	0.03731	0.01218	0.01828	0.02818	0.01218	0.02132	0.01447	0.01675	0.00990	0.01142	0.00914	0.00609	0.00457	0.00152	0.00761	0.00381	0.00305	0.00914
64	0.02707	0.01995	0.02137	0.01638	0.02208	0.02208	0.01353	0.68159	0.03348	0.04488	0.01710	0.01710	0.01211	0.00855	0.00712	0.00214	0.00784	0.00641	0.00712	0.01211
65	0.03195	0.01212	0.01652	0.01267	0.01818	0.01047	0.01047	0.03470	0.02038	0.71026	0.02809	0.02424	0.01763	0.00881	0.00716	0.00220	0.00606	0.00716	0.00881	0.01212
66	0.01565	0.03485	0.61148	0.01973	0.02936	0.05333	0.02434	0.05237	0.05047	0.02363	0.01370	0.01560	0.00981	0.00702	0.00679	0.00224	0.01028	0.00542	0.00344	0.01051
67	0.01729	0.01658	0.02830	0.09896	0.65269	0.01683	0.02169	0.02156	0.01606	0.02286	0.01333	0.01773	0.01114	0.00641	0.00706	0.00214	0.00854	0.00634	0.00350	0.01101
68	0.01036	0.00690	0.00777	0.00777	0.00777	0.00690	0.00431	0.01036	0.01036	0.01381	0.02244	0.04660	0.02589	0.74975	0.03624	0.00690	0.00690	0.01036	0.00431	0.00431
69	0.03195	0.01212	0.01652	0.01267	0.01818	0.01047	0.01047	0.03470	0.02038	0.71026	0.02809	0.02424	0.01763	0.00881	0.00716	0.00220	0.00606	0.00716	0.00881	0.01212
70	0.01002	0.00728	0.00943	0.00889	0.01060	0.00669	0.00667	0.01332	0.02001	0.02821	0.67800	0.05376	0.09098	0.01469	0.00840	0.00225	0.00337	0.01296	0.00779	0.00669
71	0.00972	0.00717	0.00909	0.00882	0.01047	0.00653	0.00653	0.01267	0.01901	0.02632	0.55402	0.12167	0.15000	0.01577	0.00847	0.00232	0.00347	0.01387	0.00756	0.00653
72	0.01681	0.01921	0.04202	0.03001	0.03721	0.01801	0.67947	0.02281	0.01681	0.02281	0.01441	0.01921	0.01080	0.00600	0.00840	0.00240	0.01200	0.00840	0.00360	0.00960
73	0.01027	0.00687	0.00779	0.00788	0.00790	0.00685	0.00443	0.01033	0.01052	0.01403	0.02331	0.08277	0.02699	0.71208	0.03484	0.00670	0.00676	0.01087	0.00443	0.00439
74	0.80005	0.01377	0.01047	0.00936	0.01377	0.01597	0.00771	0.02093	0.01212	0.03195	0.00991	0.01157	0.00771	0.00661	0.00441	0.00220	0.00551	0.00386	0.00441	0.00771
75	0.01003	0.00728	0.00945	0.00891	0.01061	0.00670	0.00668	0.01334	0.02004	0.02828	0.68327	0.05364	0.08566	0.01466	0.00840	0.00224	0.00337	0.01294	0.00780	0.00670
76	0.01388	0.00722	0.00729	0.00707	0.00890	0.00732	0.00535	0.04586	0.01575	0.02735	0.02296	0.02613	0.01798	0.00831	0.00507	0.00168	0.00352	0.00663	0.75485	0.00688
77	0.01487	0.01275	0.01481	0.01069	0.01693	0.00978	0.00854	0.01863	0.03863	0.02343	0.01323	0.01518	0.01094	0.00543	0.00534	0.00110	0.00529	0.00435	0.00433	0.76574
78	0.01036	0.00690	0.00777	0.00777	0.00777	0.00690	0.00431	0.01036	0.01036	0.01381	0.02244	0.04660	0.02589	0.74975	0.03624	0.00690	0.00690	0.01036	0.00431	0.00431
79	0.01397	0.01294	0.02136	0.70519	0.04801	0.01606	0.01954	0.04361	0.01498	0.01922	0.01283	0.01891	0.00959	0.00717	0.00712	0.00236	0.00943	0.00633	0.00332	0.00807
80	0.01237	0.00618	0.00928	0.00928	0.00928	0.00618	0.00618	0.00928	0.00928	0.01237	0.01237	0.02165	0.01237	0.02474	0.02783	0.79283	0.00618	0.00618	0.00309	0.00309
81	0.01904	0.75404	0.03731	0.01218	0.01828	0.02818	0.01218	0.02132	0.01447	0.01675	0.00990	0.01142	0.00914	0.00609	0.00457	0.00152	0.00761	0.00381	0.00305	0.00914
82	0.02236	0.04483	0.01960	0.01413	0.02007	0.01780	0.01166	0.41894	0.02606	0.03605	0.01523	0.01605	0.01144	0.00728	0.00636	0.00173	0.00691	0.00553	0.00593	0.29204
83	0.01845	0.05617	0.01999	0.09249	0.02195	0.05380	0.03812	0.19541	0.04309	0.05029	0.01963	0.16779	0.01868	0.01179	0.01071	0.00249	0.15570	0.00915	0.00531	0.00898
84	0.01834	0.01900	0.04969	0.07517	0.35169	0.11033	0.01790	0.05234	0.10815	0.02388	0.05068	0.01989	0.01503	0.00785	0.00796	0.00220	0.04868	0.00663	0.00436	0.01024
85	0.01773	0.04584	0.03085	0.02455	0.07417	0.08456	0.30018	0.05524	0.01607	0.02148	0.01350	0.04454	0.01165	0.00873	0.01217	0.00250	0.21596	0.00747	0.00374	0.00905
86	0.02536	0.01778	0.01929	0.01503	0.02017	0.01947	0.01235	0.55839	0.03019	0.07655	0.01836	0.01878	0.01321	0.00998	0.02988	0.00239	0.00764	0.00651	0.08731	0.01136
87	0.01036	0.00690	0.00777	0.00777	0.00777	0.00690	0.00431	0.01036	0.01036	0.01381	0.02244	0.04660	0.02589	0.74975	0.03624	0.00690	0.00690	0.01036	0.00431	0.00431
88	0.00904	0.00702	0.00823	0.00839	0.01012	0.00621	0.00612	0.01126	0.01702	0.02221	0.28149	0.20872	0.34312	0.01776	0.00855	0.00245	0.00363	0.01541	0.00703	0.00621
89	0.03048	0.01361	0.01734	0.01339	0.01887	0.01279	0.01103	0.14660	0.05223	0.56535	0.02623	0.02311	0.01685	0.00880	0.00716	0.00220	0.00635	0.00707	0.00845	0.01208
90	0.01492	0.01462	0.02055	0.01782	0.01797	0.02025	0.01477	0.01660	0.01097	0.01706	0.01053	0.01708	0.01037	0.01742	0.10795	0.00412	0.64978	0.00640	0.00320	0.00762
91	0.01477	0.01266	0.01477	0.01055	0.01687	0.00949	0.00844	0.01793	0.01477	0.02320	0.01266	0.01477	0.01055	0.00527	0.00527	0.00105	0.00527	0.00422	0.00422	0.79328
92	0.01504	0.01479	0.02079	0.01798	0.01810	0.02054	0.01492	0.01670	0.01096	0.01708	0.01031	0.01680	0.01018	0.01651	0.09231	0.00394	0.66585	0.00637	0.00318	0.00765
93	0.02662	0.03323	0.02024	0.01824	0.02202	0.68570	0.01375	0.06157	0.02085	0.01882	0.01132	0.01306	0.00932	0.00740	0.00646	0.00185	0.01259	0.00468	0.00384	0.00845
94	0.01028	0.00691	0.00775	0.00775	0.00783	0.00687	0.00435	0.01035	0.01057	0.01401	0.02426	0.04740	0.05065	0.72297	0.03522	0.00674	0.00678	0.01053	0.00440	0.00438
95	0.01025	0.00734	0.00997	0.00997	0.01074	0.00810	0.00707	0.01177	0.01101	0.01544	0.02042	0.03541	0.02103	0.33160	0.44775	0.00963	0.01421	0.00872	0.00401	0.00554
96	0.00914	0.00724	0.00822	0.00798	0.01006	0.00632	0.00598	0.01163	0.01795	0.02332	0.34783	0.06181	0.42420	0.01651	0.00841	0.00233	0.00350	0.01409	0.00715	0.00632
97	0.01036	0.00690	0.00777	0.00777	0.00777	0.00690	0.00431	0.01036	0.01036	0.01381	0.02244	0.04660	0.02589	0.74975	0.03624	0.00690	0.00690	0.01036	0.00431	0.00431
98	0.01478	0.01294	0.01633	0.05123	0.01954	0.01022	0.03860	0.01816	0.01483	0.02291	0.01273	0.01519	0.01050	0.00541	0.00551	0.00119	0.00580	0.00452	0.00413	0.71547
99	0.01349	0.01399	0.05949	0.69335	0.04804	0.01586	0.02014	0.01843	0.01428	0.01843	0.01266	0.01877	0.00947	0.00710	0.00710	0.00237	0.00955	0.00627	0.00316	0.00805

[dist]
# distance from previous block
# <min> <max>
0	21

[block]
# block no. 1 follows, 29 sequences, length 45
# corresponding to MSA columns:
# 184-228
name=unknown_B
#
# <colnr> <probs for GDERKNQSTAVLIFYWHMCP>
#	G	D	E	R	K	N	Q	S	T	A	V	L	I	F	Y	W	H	M	C	P
0	0.02508	0.05274	0.01894	0.01410	0.01895	0.01746	0.01164	0.36792	0.04813	0.19021	0.02066	0.03995	0.01508	0.00900	0.00735	0.00213	0.03035	0.00691	0.09237	0.01102
1	0.01501	0.04443	0.01563	0.05414	0.01701	0.10516	0.01098	0.05327	0.01447	0.01976	0.01631	0.02220	0.01436	0.02819	0.31872	0.00620	0.11916	0.00659	0.11103	0.00737
2	0.01447	0.06589	0.68549	0.01997	0.03031	0.01701	0.02574	0.02250	0.01501	0.02232	0.01266	0.01489	0.00902	0.00674	0.00668	0.00223	0.01041	0.00520	0.00301	0.01047
3	0.01036	0.00690	0.00777	0.00777	0.00777	0.00690	0.00431	0.01036	0.01036	0.01381	0.02244	0.04660	0.02589	0.74975	0.03624	0.00690	0.00690	0.01036	0.00431	0.00431
4	0.00884	0.00632	0.00846	0.01011	0.01059	0.00593	0.00690	0.01021	0.01380	0.01837	0.03915	0.70512	0.04673	0.02215	0.00913	0.00292	0.00428	0.05857	0.00661	0.00583
5	0.01324	0.00662	0.00675	0.00675	0.00834	0.00662	0.00503	0.01628	0.01469	0.02595	0.02277	0.02634	0.01800	0.00899	0.00594	0.03493	0.00344	0.00662	0.75622	0.00649
6	0.01662	0.01885	0.04088	0.06852	0.03786	0.01789	0.64331	0.02256	0.01667	0.02256	0.01431	0.01920	0.01073	0.00606	0.00833	0.00240	0.01187	0.00829	0.00358	0.00951
7	0.01842	0.01514	0.01612	0.01440	0.01850	0.01735	0.01123	0.03768	0.65887	0.06380	0.02894	0.02645	0.02153	0.00962	0.00724	0.00240	0.00566	0.00801	0.00732	0.01131
8	0.02077	0.01515	0.01659	0.01435	0.01875	0.01689	0.01132	0.08907	0.53055	0.14131	0.02788	0.02543	0.02030	0.00943	0.00722	0.00236	0.00588	0.00777	0.00749	0.01148
9	0.02707	0.01995	0.02137	0.01638	0.02208	0.02208	0.01353	0.68159	0.03348	0.04488	0.01710	0.01710	0.01211	0.00855	0.00712	0.00214	0.00784	0.00641	0.00712	0.01211
10	0.00963	0.00718	0.00916	0.01030	0.01168	0.00670	0.00798	0.01179	0.01549	0.01995	0.07496	0.32268	0.20658	0.02003	0.00915	0.00288	0.00480	0.23629	0.00664	0.00614
11	0.01809	0.61053	0.17249	0.01381	0.02079	0.02585	0.01501	0.02157	0.01458	0.01791	0.01048	0.01215	0.00911	0.00623	0.00501	0.00167	0.00820	0.00410	0.00304	0.00942
12	0.01036	0.00690	0.00777	0.00777	0.00777	0.00690	0.00431	0.01036	0.01036	0.01381	0.02244	0.04660	0.02589	0.74975	0.03624	0.00690	0.00690	0.01036	0.00431	0.00431
13	0.00868	0.00620	0.00826	0.00991	0.01033	0.00578	0.00661	0.00991	0.01363	0.01818	0.03925	0.74510	0.04710	0.02231	0.00909	0.00289	0.00413	0.02024	0.00661	0.00578
14	0.03195	0.01212	0.01652	0.01267	0.01818	0.01047	0.01047	0.03470	0.02038	0.71026	0.02809	0.02424	0.01763	0.00881	0.00716	0.00220	0.00606	0.00716	0.00881	0.01212
15	0.01737	0.01666	0.02844	0.08558	0.66544	0.01685	0.02173	0.02163	0.01609	0.02296	0.01335	0.01771	0.01117	0.00639	0.00705	0.00213	0.00852	0.00634	0.00350	0.01107
16	0.01017	0.00763	0.01144	0.01144	0.01272	0.00890	0.00890	0.01272	0.01144	0.01653	0.01907	0.02797	0.01780	0.05340	0.72153	0.01144	0.01907	0.00763	0.00381	0.00636
17	0.01681	0.01921	0.04202	0.03001	0.03721	0.01801	0.67947	0.02281	0.01681	0.02281	0.01441	0.01921	0.01080	0.00600	0.00840	0.00240	0.01200	0.00840	0.00360	0.00960
18	0.01036	0.00690	0.00777	0.00777	0.00777	0.00690	0.00431	0.01036	0.01036	0.01381	0.02244	0.04660	0.02589	0.74975	0.03624	0.00690	0.00690	0.01036	0.00431	0.00431
19	0.01904	0.75404	0.03731	0.01218	0.01828	0.02818	0.01218	0.02132	0.01447	0.01675	0.00990	0.01142	0.00914	0.00609	0.00457	0.00152	0.00761	0.00381	0.00305	0.00914
20	0.01036	0.00690	0.00777	0.00777	0.00777	0.00690	0.00431	0.01036	0.01036	0.01381	0.02244	0.04660	0.02589	0.74975	0.03624	0.00690	0.00690	0.01036	0.00431	0.00431
21	0.02660	0.03394	0.02018	0.01834	0.02201	0.72116	0.01376	0.02843	0.02018	0.01743	0.01101	0.01284	0.00917	0.00734	0.00642	0.00183	0.01284	0.00459	0.00367	0.00825
22	0.02046	0.01105	0.01415	0.01297	0.03973	0.01067	0.00979	0.02660	0.15116	0.30037	0.14742	0.11376	0.05897	0.01222	0.00777	0.00238	0.00530	0.03773	0.00772	0.00980
23	0.01327	0.00664	0.00664	0.00664	0.00830	0.00664	0.00498	0.01659	0.01493	0.02655	0.02323	0.02655	0.01825	0.00830	0.00498	0.00166	0.00332	0.00664	0.78928	0.00664
24	0.00859	0.00722	0.00746	0.00740	0.00973	0.00609	0.00555	0.01056	0.01665	0.02024	0.13978	0.06688	0.63418	0.01766	0.00841	0.00239	0.00358	0.01480	0.00674	0.00609
25	0.01531	0.01488	0.01995	0.15067	0.05452	0.06012	0.01517	0.04038	0.01331	0.01857	0.01324	0.05423	0.01250	0.01642	0.10562	0.00386	0.37278	0.00704	0.00358	0.00787
26	0.01428	0.03683	0.71286	0.02030	0.03082	0.01654	0.02631	0.02255	0.01503	0.02255	0.01278	0.01503	0.00902	0.00677	0.00677	0.00226	0.01052	0.00526	0.00301	0.01052
27	0.80005	0.01377	0.01047	0.00936	0.01377	0.01597	0.00771	0.02093	0.01212	0.03195	0.00991	0.01157	0.00771	0.00661	0.00441	0.00220	0.00551	0.00386	0.00441	0.00771
28	0.00902	0.00728	0.00805	0.00798	0.01015	0.00631	0.00606	0.01131	0.01729	0.02184	0.23944	0.06500	0.49879	0.01718	0.00848	0.00240	0.00369	0.04656	0.00694	0.00623
29	0.02707	0.01995	0.02137	0.01638	0.02208	0.02208	0.01353	0.68159	0.03348	0.04488	0.01710	0.01710	0.01211	0.00855	0.00712	0.00214	0.00784	0.00641	0.00712	0.01211
30	0.01017	0.00763	0.01144	0.01144	0.01272	0.00890	0.00890	0.01272	0.01144	0.01653	0.01907	0.02797	0.01780	0.05340	0.72153	0.01144	0.01907	0.00763	0.00381	0.00636
31	0.00884	0.00632	0.00846	0.01011	0.01059	0.00593	0.00690	0.01021	0.01380	0.01837	0.03915	0.70512	0.04673	0.02215	0.00913	0.00292	0.00428	0.05857	0.00661	0.00583
32	0.02707	0.01995	0.02137	0.01638	0.02208	0.02208	0.01353	0.68159	0.03348	0.04488	0.01710	0.01710	0.01211	0.00855	0.00712	0.00214	0.00784	0.00641	0.00712	0.01211
33	0.01362	0.01283	0.02167	0.70454	0.07581	0.01587	0.01986	0.01834	0.01432	0.01840	0.01269	0.01893	0.00957	0.00709	0.00712	0.00236	0.00945	0.00633	0.00318	0.00805
34	0.21152	0.02027	0.18239	0.17497	0.05158	0.01706	0.01663	0.15740	0.01827	0.06621	0.01379	0.01607	0.00999	0.00727	0.00637	0.00224	0.00819	0.00553	0.00457	0.00969
35	0.01629	0.01896	0.05999	0.02818	0.03479	0.01762	0.59259	0.02191	0.01629	0.02228	0.01520	0.05171	0.01231	0.00712	0.00920	0.00246	0.05132	0.00872	0.00369	0.00936
36	0.01428	0.03683	0.71286	0.02030	0.03082	0.01654	0.02631	0.02255	0.01503	0.02255	0.01278	0.01503	0.00902	0.00677	0.00677	0.00226	0.01052	0.00526	0.00301	0.01052
37	0.01695	0.22726	0.30691	0.07804	0.08390	0.07515	0.01926	0.04363	0.01598	0.02087	0.01446	0.01667	0.03768	0.00714	0.00627	0.00202	0.00928	0.00543	0.00341	0.00968
38	0.01591	0.07921	0.55961	0.02182	0.10025	0.01699	0.02407	0.02306	0.01541	0.05995	0.01350	0.01558	0.00974	0.00679	0.00668	0.00219	0.00988	0.00539	0.00338	0.01060
39	0.03021	0.01172	0.01599	0.01257	0.01772	0.01018	0.01034	0.03292	0.01995	0.65567	0.02892	0.05695	0.01973	0.00978	0.00734	0.00227	0.00600	0.03146	0.00864	0.01165
40	0.01247	0.00965	0.01304	0.16386	0.02027	0.01036	0.01042	0.10991	0.01713	0.02283	0.07848	0.43486	0.03549	0.01652	0.00833	0.00262	0.00575	0.01474	0.00604	0.00722
41	0.01560	0.01846	0.14162	0.38303	0.19325	0.01670	0.04004	0.06690	0.01626	0.02212	0.01321	0.01787	0.01004	0.00695	0.00708	0.00228	0.00939	0.00622	0.00351	0.00947
42	0.01486	0.01361	0.02176	0.44142	0.03756	0.01646	0.07033	0.07262	0.01553	0.02092	0.01466	0.06229	0.01237	0.00889	0.00967	0.00247	0.11661	0.00734	0.03243	0.00820
43	0.00897	0.00658	0.00828	0.00938	0.01020	0.00613	0.00643	0.01036	0.01400	0.01833	0.06248	0.50078	0.15646	0.08944	0.03189	0.00342	0.00479	0.03998	0.00635	0.00576
44	0.02161	0.09553	0.11174	0.04316	0.08504	0.25879	0.01584	0.14271	0.06071	0.02428	0.01511	0.01680	0.02886	0.00792	0.00736	0.00206	0.04270	0.00570	0.00438	0.00969

[dist]
# distance from previous block
# <min> <max>
6	13

[block]
# block no. 2 follows, 29 sequences, length 39
# corresponding to MSA columns:
# 242-280
name=unknown_C
#
# <colnr> <probs for GDERKNQSTAVLIFYWHMCP>
#	G	D	E	R	K	N	Q	S	T	A	V	L	I	F	Y	W	H	M	C	P
0	0.01423	0.01052	0.01272	0.01223	0.01425	0.01108	0.00931	0.18869	0.01960	0.02640	0.08842	0.39665	0.03737	0.01733	0.00918	0.00268	0.03569	0.07924	0.00670	0.00770
1	0.09646	0.01760	0.02201	0.15797	0.30219	0.11751	0.01688	0.05086	0.04952	0.02401	0.06516	0.01966	0.01503	0.00753	0.00682	0.00216	0.00844	0.00641	0.00423	0.00956
2	0.01674	0.15112	0.51895	0.01856	0.02759	0.08074	0.02238	0.02329	0.01558	0.04462	0.01268	0.01457	0.00935	0.00678	0.00639	0.00210	0.01011	0.00503	0.00327	0.01015
3	0.01385	0.14144	0.01569	0.01041	0.01374	0.01273	0.00842	0.01970	0.14387	0.04994	0.24910	0.04047	0.16072	0.04265	0.00847	0.00231	0.00493	0.01004	0.00637	0.04518
4	0.04683	0.01691	0.14119	0.29668	0.11683	0.01430	0.01798	0.02156	0.01586	0.12370	0.04880	0.02319	0.01511	0.00812	0.00709	0.00229	0.00832	0.03904	0.00449	0.03171
5	0.01846	0.65705	0.09503	0.01319	0.01938	0.02687	0.01357	0.02123	0.01435	0.01727	0.01012	0.01193	0.00914	0.00645	0.00565	0.00166	0.04235	0.00405	0.00305	0.00919
6	0.01287	0.00935	0.01261	0.01469	0.10734	0.00915	0.00933	0.01657	0.07128	0.06671	0.14741	0.20436	0.09501	0.12226	0.01237	0.00316	0.00541	0.06643	0.00625	0.00744
7	0.01603	0.01433	0.01968	0.01943	0.17181	0.01268	0.03937	0.04606	0.01573	0.02376	0.01290	0.01572	0.01072	0.00606	0.00685	0.00150	0.04580	0.00506	0.00410	0.51241
8	0.01059	0.00837	0.01004	0.04504	0.01320	0.03391	0.00780	0.04465	0.01555	0.02038	0.09165	0.55689	0.07593	0.01949	0.00871	0.00271	0.00481	0.01744	0.00646	0.00638
9	0.03971	0.00954	0.01094	0.01009	0.01232	0.03725	0.00770	0.04827	0.01944	0.07683	0.44784	0.07283	0.07862	0.05360	0.00963	0.00255	0.00462	0.04371	0.00724	0.00727
10	0.05626	0.01734	0.02123	0.39542	0.08516	0.10546	0.01717	0.17136	0.01942	0.02522	0.01339	0.01733	0.01009	0.00739	0.00690	0.00223	0.00927	0.00601	0.00422	0.00915
11	0.01081	0.00760	0.00981	0.01048	0.01222	0.00711	0.00838	0.01341	0.01675	0.04658	0.17469	0.18711	0.18548	0.01840	0.00903	0.00278	0.00487	0.26104	0.00691	0.00654
12	0.02998	0.01238	0.01640	0.01269	0.01813	0.01094	0.01042	0.03403	0.06911	0.62358	0.02732	0.02390	0.01754	0.00868	0.00707	0.00216	0.00599	0.00707	0.00845	0.05417
13	0.01904	0.75404	0.03731	0.01218	0.01828	0.02818	0.01218	0.02132	0.01447	0.01675	0.00990	0.01142	0.00914	0.00609	0.00457	0.00152	0.00761	0.00381	0.00305	0.00914
14	0.01029	0.00810	0.00940	0.00900	0.01114	0.00765	0.00676	0.01487	0.09229	0.02509	0.38629	0.08128	0.28036	0.01551	0.00830	0.00234	0.00372	0.01336	0.00731	0.00694
15	0.00868	0.00620	0.00826	0.00991	0.01033	0.00578	0.00661	0.00991	0.01363	0.01818	0.03925	0.74510	0.04710	0.02231	0.00909	0.00289	0.00413	0.02024	0.00661	0.00578
16	0.01036	0.00690	0.00777	0.00777	0.00777	0.00690	0.00431	0.01036	0.01036	0.01381	0.02244	0.04660	0.02589	0.74975	0.03624	0.00690	0.00690	0.01036	0.00431	0.00431
17	0.02344	0.01438	0.01688	0.04825	0.01989	0.01526	0.01145	0.14947	0.27490	0.25529	0.04852	0.02465	0.01951	0.00918	0.00715	0.00226	0.00620	0.00750	0.03460	0.01122
18	0.01612	0.03240	0.58619	0.01942	0.02895	0.01557	0.04864	0.02352	0.01587	0.09670	0.04033	0.01761	0.01220	0.00725	0.00693	0.00225	0.00983	0.00587	0.00383	0.01052
19	0.01345	0.01266	0.02136	0.73264	0.04904	0.01582	0.01978	0.01819	0.01424	0.01819	0.01266	0.01898	0.00949	0.00712	0.00712	0.00237	0.00949	0.00633	0.00316	0.00791
20	0.01122	0.00812	0.01112	0.01263	0.01433	0.00802	0.01098	0.01438	0.01638	0.02114	0.04054	0.07935	0.09544	0.01954	0.00972	0.00321	0.00631	0.60451	0.00656	0.00651
21	0.01738	0.01834	0.07784	0.04203	0.65707	0.01689	0.02217	0.02190	0.01613	0.02321	0.01335	0.01744	0.01112	0.00637	0.00703	0.00212	0.00861	0.00627	0.00349	0.01123
22	0.02246	0.06459	0.02116	0.02055	0.12892	0.37826	0.01402	0.10454	0.04569	0.02221	0.01763	0.01932	0.06231	0.01002	0.03582	0.00235	0.01055	0.00608	0.00439	0.00912
23	0.01454	0.01323	0.02041	0.31331	0.21167	0.01480	0.01697	0.02104	0.11849	0.02156	0.02148	0.07163	0.04905	0.00960	0.00748	0.00241	0.00782	0.05102	0.00449	0.00900
24	0.00910	0.00665	0.00795	0.00872	0.00953	0.00616	0.00576	0.01024	0.01366	0.01774	0.06946	0.38750	0.19127	0.20421	0.01575	0.00376	0.00468	0.01627	0.00608	0.00550
25	0.04434	0.02111	0.02090	0.12704	0.06790	0.18648	0.01489	0.26484	0.07140	0.02922	0.01476	0.01681	0.01131	0.00826	0.00823	0.00220	0.06928	0.00599	0.00508	0.00996
26	0.01481	0.11674	0.63759	0.01939	0.02942	0.01783	0.02474	0.02241	0.01497	0.02190	0.01246	0.01463	0.00903	0.00669	0.00652	0.00217	0.01020	0.00510	0.00301	0.01037
27	0.01237	0.00618	0.00928	0.00928	0.00928	0.00618	0.00618	0.00928	0.00928	0.01237	0.01237	0.02165	0.01237	0.02474	0.02783	0.79283	0.00618	0.00618	0.00309	0.00309
28	0.01373	0.01274	0.02049	0.51477	0.07258	0.01593	0.01788	0.01769	0.01379	0.01861	0.01402	0.05782	0.01194	0.00881	0.00976	0.00248	0.12651	0.00708	0.03546	0.00789
29	0.06385	0.42448	0.06359	0.01441	0.03888	0.05790	0.01307	0.13878	0.01858	0.08767	0.01315	0.01404	0.01043	0.00691	0.00552	0.00180	0.00782	0.00476	0.00441	0.00995
30	0.42433	0.09022	0.07986	0.04657	0.01865	0.01727	0.01142	0.11097	0.01599	0.05486	0.01298	0.01611	0.01031	0.00801	0.00623	0.02951	0.00677	0.02663	0.00464	0.00869
31	0.00868	0.00620	0.00826	0.00991	0.01033	0.00578	0.00661	0.00991	0.01363	0.01818	0.03925	0.74510	0.04710	0.02231	0.00909	0.00289	0.00413	0.02024	0.00661	0.00578
32	0.00875	0.00625	0.00832	0.00987	0.01034	0.00583	0.00662	0.01009	0.01396	0.01869	0.07212	0.71076	0.04809	0.02192	0.00905	0.00286	0.00409	0.01988	0.00667	0.00583
33	0.01753	0.01655	0.02659	0.20112	0.05760	0.01928	0.17084	0.14139	0.01748	0.02407	0.01294	0.01764	0.01031	0.00866	0.01219	0.00254	0.22331	0.00680	0.00400	0.00917
34	0.15682	0.10594	0.13303	0.01908	0.11380	0.25115	0.01508	0.02323	0.01676	0.02245	0.06873	0.01682	0.01400	0.00744	0.00617	0.00200	0.00922	0.00541	0.00395	0.00891
35	0.32007	0.01392	0.01806	0.30379	0.03030	0.01612	0.06237	0.07541	0.01552	0.02664	0.04629	0.01766	0.01198	0.00733	0.00622	0.00228	0.00769	0.00585	0.00425	0.00825
36	0.02447	0.06604	0.02194	0.02008	0.10049	0.39066	0.01427	0.18165	0.04770	0.02533	0.03268	0.01597	0.01220	0.00773	0.00665	0.00195	0.01033	0.00554	0.00469	0.00963
37	0.29001	0.01521	0.07822	0.06393	0.01979	0.01434	0.03640	0.08393	0.04427	0.12650	0.03771	0.04754	0.01587	0.00879	0.00631	0.00227	0.00659	0.03761	0.05570	0.00902
38	0.29923	0.05675	0.16050	0.01413	0.02025	0.01844	0.01372	0.25153	0.02045	0.03329	0.01540	0.01639	0.03625	0.00773	0.00600	0.00217	0.00739	0.00546	0.00508	0.00983

[dist]
# distance from previous block
# <min> <max>
3	13

[block]
# block no. 3 follows, 29 sequences, length 29
# corresponding to MSA columns:
# 294-322
name=unknown_D
#
# <colnr> <probs for GDERKNQSTAVLIFYWHMCP>
#	G	D	E	R	K	N	Q	S	T	A	V	L	I	F	Y	W	H	M	C	P
0	0.01806	0.01784	0.03229	0.12508	0.08229	0.01840	0.36148	0.12853	0.06751	0.02603	0.01539	0.01912	0.01160	0.00709	0.00839	0.00236	0.03672	0.00754	0.00434	0.00994
1	0.01131	0.00758	0.00902	0.00910	0.00976	0.00764	0.00593	0.01309	0.04888	0.03811	0.05174	0.12316	0.03013	0.49933	0.05246	0.00579	0.00678	0.05960	0.00515	0.00543
2	0.01574	0.02470	0.26917	0.07551	0.05875	0.01732	0.38854	0.02237	0.01600	0.02242	0.01370	0.01771	0.01012	0.00635	0.00771	0.00234	0.01120	0.00712	0.00337	0.00986
3	0.01637	0.01548	0.04787	0.01428	0.01807	0.04856	0.01177	0.03110	0.47161	0.02707	0.05367	0.03653	0.04851	0.01151	0.00769	0.00252	0.00621	0.11445	0.00676	0.00998
4	0.00987	0.00787	0.00895	0.00869	0.01090	0.00723	0.00663	0.01367	0.06644	0.02371	0.31136	0.06012	0.37603	0.01616	0.00839	0.00238	0.00380	0.04399	0.00713	0.00669
5	0.01036	0.00690	0.00777	0.00777	0.00777	0.00690	0.00431	0.01036	0.01036	0.01381	0.02244	0.04660	0.02589	0.74975	0.03624	0.00690	0.00690	0.01036	0.00431	0.00431
6	0.01086	0.00795	0.00997	0.00965	0.00991	0.00886	0.00642	0.01154	0.01063	0.01471	0.02039	0.03959	0.02253	0.53190	0.17369	0.00743	0.08542	0.00937	0.00409	0.00509
7	0.01661	0.01705	0.05914	0.09192	0.40697	0.01731	0.06725	0.04110	0.01561	0.02224	0.01407	0.05176	0.01240	0.00821	0.00985	0.00236	0.12536	0.00708	0.00367	0.01005
8	0.01312	0.01011	0.01265	0.01338	0.01564	0.01078	0.01123	0.02105	0.20612	0.02357	0.03531	0.09060	0.03581	0.01696	0.00908	0.00302	0.00621	0.45075	0.00675	0.00785
9	0.01362	0.01268	0.02086	0.64763	0.04507	0.01598	0.01889	0.01805	0.01399	0.01841	0.01277	0.01898	0.00980	0.00760	0.00837	0.00241	0.06887	0.00633	0.03185	0.00785
10	0.01477	0.01266	0.01477	0.01055	0.01687	0.00949	0.00844	0.01793	0.01477	0.02320	0.01266	0.01477	0.01055	0.00527	0.00527	0.00105	0.00527	0.00422	0.00422	0.79328
11	0.10389	0.01227	0.01596	0.01236	0.01776	0.01098	0.01021	0.03341	0.01961	0.64673	0.02639	0.02305	0.01670	0.00861	0.00690	0.00220	0.00601	0.00685	0.00840	0.01171
12	0.00872	0.00635	0.00822	0.00960	0.01027	0.00585	0.00649	0.01011	0.01420	0.01877	0.07385	0.64438	0.11394	0.02151	0.00899	0.00281	0.00404	0.01937	0.00667	0.00585
13	0.02214	0.01513	0.01847	0.07372	0.10685	0.03929	0.01286	0.23238	0.05247	0.16936	0.09478	0.02503	0.04013	0.00914	0.00715	0.00216	0.00688	0.00753	0.05415	0.01041
14	0.00868	0.00620	0.00826	0.00991	0.01033	0.00578	0.00661	0.00991	0.01363	0.01818	0.03925	0.74510	0.04710	0.02231	0.00909	0.00289	0.00413	0.02024	0.00661	0.00578
15	0.02360	0.07494	0.02379	0.02176	0.13476	0.26606	0.03570	0.22418	0.04566	0.02723	0.01381	0.01562	0.01090	0.00773	0.00750	0.00205	0.04417	0.00569	0.00474	0.01011
16	0.68612	0.09575	0.03872	0.01007	0.01488	0.01733	0.00887	0.02103	0.01248	0.02994	0.01002	0.01168	0.00792	0.00656	0.00451	0.00213	0.00592	0.00390	0.00421	0.00797
17	0.01023	0.00685	0.00780	0.00792	0.00795	0.00682	0.00448	0.01032	0.01059	0.01412	0.02365	0.09689	0.02741	0.69738	0.03429	0.00661	0.00670	0.01107	0.00448	0.00442
18	0.01838	0.01563	0.01648	0.01463	0.01877	0.01803	0.01143	0.08418	0.64503	0.03087	0.02813	0.02588	0.02104	0.00958	0.00724	0.00240	0.00579	0.00793	0.00724	0.01133
19	0.02740	0.01941	0.02104	0.01613	0.02182	0.02129	0.01332	0.63740	0.03258	0.09033	0.01785	0.01758	0.01249	0.00857	0.00713	0.00214	0.00771	0.00646	0.00724	0.01211
20	0.01481	0.01452	0.02165	0.27686	0.02967	0.01964	0.01710	0.01752	0.01211	0.01752	0.01054	0.01681	0.00940	0.01053	0.01749	0.00285	0.47375	0.00627	0.00313	0.00783
21	0.01681	0.01921	0.04202	0.03001	0.03721	0.01801	0.67947	0.02281	0.01681	0.02281	0.01441	0.01921	0.01080	0.00600	0.00840	0.00240	0.01200	0.00840	0.00360	0.00960
22	0.00866	0.00624	0.00822	0.00980	0.01030	0.00579	0.00656	0.00993	0.01375	0.01822	0.04069	0.71547	0.07580	0.02212	0.00906	0.00287	0.00411	0.02001	0.00661	0.00579
23	0.01522	0.01405	0.02300	0.53688	0.19037	0.01646	0.01983	0.06122	0.01589	0.02100	0.01310	0.01857	0.01005	0.00704	0.00710	0.00230	0.00916	0.00634	0.00349	0.00891
24	0.00913	0.00655	0.00867	0.00961	0.01043	0.00609	0.00665	0.01106	0.01575	0.02154	0.25379	0.52098	0.05360	0.01980	0.00887	0.00268	0.00388	0.01786	0.00701	0.00609
25	0.00844	0.00714	0.00729	0.00742	0.00967	0.00599	0.00550	0.01020	0.01604	0.01916	0.06968	0.11913	0.65343	0.01835	0.00847	0.00244	0.00365	0.01542	0.00661	0.00599
26	0.01779	0.01991	0.05400	0.07790	0.28267	0.09082	0.28165	0.02255	0.01652	0.02192	0.01334	0.01769	0.01062	0.00658	0.00807	0.00225	0.03532	0.00694	0.00352	0.00994
27	0.01570	0.00983	0.01306	0.01230	0.01467	0.00959	0.03449	0.11424	0.01797	0.13579	0.03309	0.44902	0.03530	0.01727	0.00850	0.00267	0.00545	0.05616	0.00693	0.00795
28	0.01001	0.00728	0.00942	0.00888	0.01059	0.00669	0.00666	0.01330	0.01998	0.02815	0.67395	0.05386	0.09507	0.01471	0.00840	0.00225	0.00337	0.01297	0.00778	0.00669

[dist]
# distance from previous block
# <min> <max>
0	18

[block]
# block no. 4 follows, 29 sequences, length 16
# corresponding to MSA columns:
# 341-356
name=unknown_E
#
# <colnr> <probs for GDERKNQSTAVLIFYWHMCP>
#	G	D	E	R	K	N	Q	S	T	A	V	L	I	F	Y	W	H	M	C	P
0	0.01382	0.01118	0.01219	0.01147	0.01442	0.01191	0.00871	0.02471	0.34842	0.04416	0.10338	0.13907	0.19973	0.01394	0.00790	0.00246	0.00472	0.01191	0.00710	0.00880
1	0.08359	0.01724	0.09246	0.36535	0.24016	0.04166	0.01979	0.02034	0.01494	0.02132	0.01259	0.01731	0.00981	0.00681	0.00680	0.00225	0.00906	0.00595	0.00338	0.00918
2	0.01841	0.01868	0.02727	0.09225	0.57255	0.10298	0.02071	0.02238	0.01655	0.02217	0.01305	0.01714	0.01089	0.00652	0.00698	0.00210	0.00907	0.00613	0.00352	0.01066
3	0.01633	0.05343	0.02258	0.01825	0.01884	0.02215	0.01530	0.05058	0.01222	0.01850	0.00976	0.01544	0.00947	0.01194	0.02160	0.00299	0.66311	0.00612	0.00331	0.00807
4	0.01036	0.00690	0.00777	0.00777	0.00777	0.00690	0.00431	0.01036	0.01036	0.01381	0.02244	0.04660	0.02589	0.74975	0.03624	0.00690	0.00690	0.01036	0.00431	0.00431
5	0.09841	0.04769	0.16972	0.05607	0.36975	0.04426	0.06988	0.02208	0.01561	0.02335	0.01274	0.01622	0.01018	0.00649	0.00671	0.00215	0.00902	0.00586	0.00349	0.01032
6	0.01986	0.67531	0.03544	0.01286	0.01868	0.10394	0.01236	0.02210	0.01509	0.01683	0.01002	0.01158	0.00914	0.00623	0.00477	0.00156	0.00819	0.00389	0.00311	0.00904
7	0.00865	0.00628	0.00817	0.00968	0.01027	0.00580	0.00651	0.00994	0.01386	0.01827	0.04210	0.68647	0.10389	0.02194	0.00903	0.00285	0.00409	0.01979	0.00661	0.00580
8	0.02158	0.01124	0.01394	0.01150	0.01540	0.01074	0.00919	0.10537	0.06156	0.30726	0.23522	0.03491	0.06986	0.01107	0.00750	0.00220	0.00515	0.00928	0.04723	0.00980
9	0.01020	0.00753	0.01097	0.01097	0.01207	0.00864	0.00830	0.01241	0.01130	0.01618	0.01951	0.03039	0.01885	0.14392	0.63246	0.01085	0.01749	0.00798	0.00388	0.00609
10	0.00929	0.00720	0.00846	0.00824	0.01018	0.00637	0.00614	0.01188	0.01817	0.02405	0.39887	0.08926	0.34345	0.01640	0.00844	0.00234	0.00350	0.01413	0.00725	0.00637
11	0.07052	0.01347	0.01916	0.29132	0.02952	0.03970	0.06409	0.03807	0.01484	0.02198	0.04833	0.02053	0.01384	0.00863	0.00979	0.00235	0.14601	0.00661	0.13338	0.00787
12	0.01425	0.00922	0.01128	0.01024	0.01265	0.00901	0.00795	0.08289	0.03939	0.08907	0.37848	0.04688	0.07310	0.06114	0.00982	0.00259	0.00463	0.06691	0.06284	0.00767
13	0.09929	0.02610	0.01884	0.01646	0.02044	0.42564	0.01275	0.09564	0.05457	0.10291	0.01435	0.01534	0.01097	0.00796	0.00736	0.00204	0.05006	0.00527	0.00485	0.00918
14	0.40798	0.19418	0.02025	0.03692	0.01802	0.01868	0.05713	0.06383	0.01520	0.02768	0.07073	0.01630	0.01378	0.00727	0.00535	0.00206	0.00659	0.00520	0.00445	0.00840
15	0.09860	0.08269	0.38663	0.02235	0.12153	0.01792	0.07838	0.06893	0.01631	0.02480	0.01279	0.01527	0.00958	0.00670	0.00656	0.00218	0.00943	0.00551	0.00357	0.01026

[dist]
# distance from previous block
# <min> <max>
1	3

[block]
# block no. 5 follows, 29 sequences, length 19
# corresponding to MSA columns:
# 360-378
name=unknown_F
#
# <colnr> <probs for GDERKNQSTAVLIFYWHMCP>
#	G	D	E	R	K	N	Q	S	T	A	V	L	I	F	Y	W	H	M	C	P
0	0.05623	0.03701	0.01291	0.01051	0.01377	0.04363	0.00837	0.19895	0.04438	0.03086	0.04535	0.02534	0.05493	0.00896	0.00597	0.00191	0.00532	0.00698	0.38016	0.00847
1	0.01922	0.01447	0.01799	0.01454	0.01883	0.01483	0.06147	0.31556	0.02343	0.05460	0.05737	0.18550	0.02307	0.01323	0.03633	0.00258	0.00716	0.00986	0.00635	0.10361
2	0.01699	0.01949	0.06367	0.06284	0.05588	0.01798	0.57945	0.04913	0.01728	0.02348	0.01434	0.01892	0.01074	0.00619	0.00819	0.00238	0.01156	0.00805	0.00370	0.00970
3	0.03404	0.08164	0.12348	0.04991	0.08873	0.08833	0.26555	0.02182	0.01635	0.02198	0.05905	0.01895	0.01390	0.00712	0.00784	0.00217	0.03853	0.00685	0.00377	0.04999
4	0.00905	0.00651	0.00814	0.00916	0.00981	0.00608	0.00607	0.01028	0.01379	0.01824	0.08650	0.49448	0.11789	0.15284	0.01388	0.00352	0.00452	0.01735	0.00628	0.00561
5	0.01047	0.00741	0.00895	0.00860	0.01063	0.00658	0.00643	0.01308	0.01826	0.05859	0.39245	0.11115	0.28894	0.01611	0.00840	0.00235	0.00364	0.01393	0.00736	0.00666
6	0.01008	0.00728	0.00952	0.00896	0.01064	0.00672	0.00672	0.01344	0.02016	0.02855	0.70158	0.05319	0.06719	0.01456	0.00840	0.00224	0.00336	0.01288	0.00784	0.00672
