[name]
unknown

[dist]
# distance from previous block
# <min> <max>
4	30

[block]
# block no. 0 follows, 29 sequences, length 72
# corresponding to MSA columns:
# 88-159
name=unknown_A
#
# <colnr> <probs for GDERKNQSTAVLIFYWHMCP>
#	G	D	E	R	K	N	Q	S	T	A	V	L	I	F	Y	W	H	M	C	P
0	0.04551	0.01812	0.01723	0.01439	0.01844	0.15284	0.01143	0.19297	0.06332	0.06713	0.06059	0.02161	0.03928	0.01276	0.06986	0.00285	0.06330	0.00661	0.00551	0.11623
1	0.02083	0.01558	0.01678	0.01368	0.01780	0.07386	0.01097	0.22728	0.04397	0.12075	0.15542	0.02544	0.02392	0.01191	0.04521	0.00256	0.05455	0.00750	0.00642	0.10558
2	0.06568	0.01757	0.01878	0.03994	0.02080	0.06644	0.01229	0.35784	0.02576	0.17101	0.05731	0.01992	0.01569	0.00869	0.00747	0.00213	0.03158	0.00656	0.00671	0.04783
3	0.06305	0.01635	0.01789	0.01412	0.01930	0.01721	0.01146	0.37002	0.09683	0.08280	0.01901	0.04987	0.01472	0.01004	0.02944	0.00232	0.00711	0.00677	0.00649	0.14519
4	0.02323	0.01707	0.01912	0.03984	0.02115	0.09192	0.04342	0.13914	0.15831	0.20333	0.02040	0.02019	0.01467	0.00838	0.00790	0.00213	0.05152	0.00656	0.00631	0.10541
5	0.07251	0.01509	0.01800	0.01371	0.01929	0.01467	0.03961	0.19495	0.06293	0.14049	0.01711	0.01765	0.01258	0.00734	0.00690	0.00181	0.03204	0.00573	0.00585	0.30172
6	0.09286	0.01397	0.01615	0.01280	0.01726	0.03427	0.01039	0.05305	0.03993	0.14392	0.05096	0.01872	0.01466	0.00813	0.00906	0.00191	0.13443	0.00575	0.00526	0.31652
7	0.04360	0.01242	0.01483	0.01153	0.01670	0.01086	0.00921	0.07339	0.05108	0.19908	0.06904	0.07014	0.01948	0.00850	0.00645	0.00174	0.00548	0.00702	0.00618	0.36328
8	0.01528	0.01184	0.01726	0.01405	0.01781	0.01116	0.11699	0.11423	0.01918	0.07020	0.17196	0.19700	0.06458	0.01266	0.00788	0.00225	0.00603	0.01151	0.00629	0.11184
9	0.01428	0.03683	0.71286	0.02030	0.03082	0.01654	0.02631	0.02255	0.01503	0.02255	0.01278	0.01503	0.00902	0.00677	0.00677	0.00226	0.01052	0.00526	0.00301	0.01052
10	0.01428	0.03683	0.71286	0.02030	0.03082	0.01654	0.02631	0.02255	0.01503	0.02255	0.01278	0.01503	0.00902	0.00677	0.00677	0.00226	0.01052	0.00526	0.00301	0.01052
11	0.01534	0.01303	0.01506	0.01091	0.01713	0.01026	0.00873	0.04379	0.03924	0.02426	0.01340	0.01527	0.01100	0.00555	0.00541	0.00114	0.00538	0.00444	0.00444	0.73624
12	0.01428	0.03683	0.71286	0.02030	0.03082	0.01654	0.02631	0.02255	0.01503	0.02255	0.01278	0.01503	0.00902	0.00677	0.00677	0.00226	0.01052	0.00526	0.00301	0.01052
13	0.01017	0.00763	0.01144	0.01144	0.01272	0.00890	0.00890	0.01272	0.01144	0.01653	0.01907	0.02797	0.01780	0.05340	0.72153	0.01144	0.01907	0.00763	0.00381	0.00636
14	0.00879	0.00630	0.00845	0.00995	0.01044	0.00595	0.00671	0.01017	0.01378	0.01849	0.06320	0.68802	0.04658	0.02337	0.04000	0.00324	0.00475	0.01942	0.00653	0.00584
15	0.03150	0.01284	0.01697	0.01301	0.01854	0.01154	0.01075	0.09451	0.02159	0.64875	0.02708	0.02358	0.01712	0.00879	0.00716	0.00220	0.00622	0.00709	0.00866	0.01212
16	0.01345	0.01266	0.02136	0.73264	0.04904	0.01582	0.01978	0.01819	0.01424	0.01819	0.01266	0.01898	0.00949	0.00712	0.00712	0.00237	0.00949	0.00633	0.00316	0.00791
17	0.01017	0.00763	0.01144	0.01144	0.01272	0.00890	0.00890	0.01272	0.01144	0.01653	0.01907	0.02797	0.01780	0.05340	0.72153	0.01144	0.01907	0.00763	0.00381	0.00636
18	0.00985	0.00707	0.00931	0.01067	0.01164	0.00679	0.00808	0.01175	0.01452	0.01897	0.03949	0.38240	0.09186	0.09251	0.01198	0.00339	0.00525	0.25215	0.00637	0.00594
19	0.01008	0.00728	0.00952	0.00896	0.01064	0.00672	0.00672	0.01344	0.02016	0.02855	0.70158	0.05319	0.06719	0.01456	0.00840	0.00224	0.00336	0.01288	0.00784	0.00672
20	0.00966	0.00726	0.00893	0.00851	0.01038	0.00654	0.00639	0.01262	0.01916	0.02619	0.54155	0.05709	0.22869	0.01544	0.00840	0.00228	0.00342	0.01342	0.00753	0.00654
21	0.01762	0.01692	0.02890	0.04371	0.70533	0.01692	0.02185	0.02185	0.01621	0.02326	0.01339	0.01762	0.01128	0.00634	0.00705	0.00211	0.00846	0.00634	0.00352	0.01128
22	0.01558	0.01558	0.02181	0.01869	0.01869	0.02181	0.01558	0.01714	0.01091	0.01714	0.00935	0.01558	0.00935	0.01246	0.02337	0.00312	0.73672	0.00623	0.00312	0.00779
23	0.02707	0.01995	0.02137	0.01638	0.02208	0.02208	0.01353	0.68159	0.03348	0.04488	0.01710	0.01710	0.01211	0.00855	0.00712	0.00214	0.00784	0.00641	0.00712	0.01211
24	0.01237	0.00618	0.00928	0.00928	0.00928	0.00618	0.00618	0.00928	0.00928	0.01237	0.01237	0.02165	0.01237	0.02474	0.02783	0.79283	0.00618	0.00618	0.00309	0.00309
25	0.01345	0.01266	0.02136	0.73264	0.04904	0.01582	0.01978	0.01819	0.01424	0.01819	0.01266	0.01898	0.00949	0.00712	0.00712	0.00237	0.00949	0.00633	0.00316	0.00791
26	0.80005	0.01377	0.01047	0.00936	0.01377	0.01597	0.00771	0.02093	0.01212	0.03195	0.00991	0.01157	0.00771	0.00661	0.00441	0.00220	0.00551	0.00386	0.00441	0.00771
27	0.01345	0.01266	0.02136	0.73264	0.04904	0.01582	0.01978	0.01819	0.01424	0.01819	0.01266	0.01898	0.00949	0.00712	0.00712	0.00237	0.00949	0.00633	0.00316	0.00791
28	0.01017	0.00763	0.01144	0.01144	0.01272	0.00890	0.00890	0.01272	0.01144	0.01653	0.01907	0.02797	0.01780	0.05340	0.72153	0.01144	0.01907	0.00763	0.00381	0.00636
29	0.01762	0.01692	0.02890	0.04371	0.70533	0.01692	0.02185	0.02185	0.01621	0.02326	0.01339	0.01762	0.01128	0.00634	0.00705	0.00211	0.00846	0.00634	0.00352	0.01128
30	0.01345	0.01266	0.02136	0.73264	0.04904	0.01582	0.01978	0.01819	0.01424	0.01819	0.01266	0.01898	0.00949	0.00712	0.00712	0.00237	0.00949	0.00633	0.00316	0.00791
31	0.00842	0.00721	0.00721	0.00721	0.00962	0.00601	0.00541	0.01022	0.01623	0.01924	0.07213	0.06853	0.70244	0.01803	0.00842	0.00240	0.00361	0.01503	0.00661	0.00601
32	0.00892	0.00630	0.00819	0.00960	0.00995	0.00595	0.00627	0.00998	0.01315	0.01753	0.03677	0.64235	0.04398	0.12932	0.01308	0.00348	0.00454	0.01879	0.00627	0.00557
33	0.01327	0.00664	0.00664	0.00664	0.00830	0.00664	0.00498	0.01659	0.01493	0.02655	0.02323	0.02655	0.01825	0.00830	0.00498	0.00166	0.00332	0.00664	0.78928	0.00664
34	0.00852	0.00706	0.00738	0.00762	0.00966	0.00601	0.00554	0.01018	0.01566	0.01890	0.06579	0.16434	0.58647	0.04293	0.00944	0.00262	0.00379	0.01562	0.00654	0.00592
35	0.02732	0.01954	0.02112	0.01619	0.02188	0.02148	0.01338	0.64804	0.03280	0.07938	0.01767	0.01747	0.01240	0.00856	0.00713	0.00214	0.00774	0.00645	0.00721	0.01211
36	0.02640	0.02772	0.02021	0.01732	0.02171	0.43531	0.01344	0.23750	0.06363	0.04823	0.01452	0.01535	0.01110	0.00790	0.00672	0.00198	0.01062	0.00545	0.00514	0.00978
37	0.13063	0.00994	0.01154	0.01017	0.01293	0.01001	0.00779	0.06569	0.01767	0.14374	0.25693	0.03694	0.05684	0.12353	0.07195	0.00369	0.00632	0.00937	0.00655	0.00777
38	0.15328	0.01480	0.01646	0.04459	0.01949	0.01590	0.01118	0.18478	0.18037	0.22292	0.02243	0.04810	0.01641	0.00902	0.00679	0.00227	0.00636	0.00710	0.00698	0.01076
39	0.00860	0.00707	0.00757	0.00777	0.00981	0.00604	0.00570	0.01046	0.01620	0.01991	0.12354	0.16669	0.54927	0.01835	0.00851	0.00246	0.00366	0.01560	0.00672	0.00604
40	0.01001	0.00810	0.00900	0.00874	0.01099	0.00755	0.00655	0.01435	0.09438	0.02328	0.26114	0.09796	0.38946	0.01624	0.00832	0.00238	0.00379	0.01386	0.00707	0.00682
41	0.01771	0.01530	0.01610	0.01449	0.01852	0.01771	0.01127	0.03784	0.69247	0.02979	0.02898	0.02657	0.02174	0.00966	0.00725	0.00242	0.00564	0.00805	0.00725	0.01127
42	0.00868	0.00620	0.00826	0.00991	0.01033	0.00578	0.00661	0.00991	0.01363	0.01818	0.03925	0.74510	0.04710	0.02231	0.00909	0.00289	0.00413	0.02024	0.00661	0.00578
43	0.01904	0.75404	0.03731	0.01218	0.01828	0.02818	0.01218	0.02132	0.01447	0.01675	0.00990	0.01142	0.00914	0.00609	0.00457	0.00152	0.00761	0.00381	0.00305	0.00914
44	0.01477	0.01266	0.01477	0.01055	0.01687	0.00949	0.00844	0.01793	0.01477	0.02320	0.01266	0.01477	0.01055	0.00527	0.00527	0.00105	0.00527	0.00422	0.00422	0.79328
45	0.07382	0.02368	0.01942	0.01616	0.02091	0.28392	0.01279	0.28604	0.05663	0.11401	0.01626	0.01647	0.01186	0.00806	0.00670	0.00205	0.00926	0.00574	0.00587	0.01035
46	0.01817	0.01552	0.01636	0.01458	0.01869	0.01793	0.01138	0.06940	0.66016	0.03053	0.02840	0.02610	0.02126	0.00961	0.00724	0.00240	0.00574	0.00797	0.00724	0.01131
47	0.00868	0.00620	0.00826	0.00991	0.01033	0.00578	0.00661	0.00991	0.01363	0.01818	0.03925	0.74510	0.04710	0.02231	0.00909	0.00289	0.00413	0.02024	0.00661	0.00578
48	0.02641	0.01687	0.01862	0.01463	0.01971	0.04365	0.01193	0.40449	0.02770	0.22303	0.07780	0.04369	0.01916	0.00949	0.00727	0.00217	0.00706	0.00750	0.00750	0.01133
49	0.00996	0.00727	0.00935	0.00883	0.01056	0.00667	0.00663	0.01321	0.01988	0.02789	0.65651	0.05429	0.11267	0.01481	0.00840	0.00225	0.00338	0.01303	0.00775	0.00667
50	0.01771	0.01530	0.01610	0.01449	0.01852	0.01771	0.01127	0.03784	0.69247	0.02979	0.02898	0.02657	0.02174	0.00966	0.00725	0.00242	0.00564	0.00805	0.00725	0.01127
51	0.02660	0.03394	0.02018	0.01834	0.02201	0.72116	0.01376	0.02843	0.02018	0.01743	0.01101	0.01284	0.00917	0.00734	0.00642	0.00183	0.01284	0.00459	0.00367	0.00825
52	0.02619	0.01931	0.02086	0.01613	0.02160	0.02140	0.01329	0.64690	0.03234	0.04341	0.01720	0.01766	0.01240	0.01087	0.04417	0.00262	0.00842	0.00647	0.00695	0.01181
53	0.01017	0.00763	0.01144	0.01144	0.01272	0.00890	0.00890	0.01272	0.01144	0.01653	0.01907	0.02797	0.01780	0.05340	0.72153	0.01144	0.01907	0.00763	0.00381	0.00636
54	0.01852	0.67672	0.11013	0.01306	0.01963	0.02692	0.01371	0.02145	0.01453	0.01738	0.01021	0.01181	0.00913	0.00616	0.00481	0.00160	0.00793	0.00396	0.00304	0.00929
55	0.01135	0.00861	0.01061	0.00988	0.01195	0.00854	0.00747	0.01749	0.13179	0.02876	0.58990	0.04877	0.05964	0.01374	0.00821	0.00227	0.00374	0.01208	0.00774	0.00747
56	0.42581	0.01419	0.01417	0.01155	0.01652	0.01511	0.00953	0.12871	0.01818	0.25779	0.01703	0.01661	0.01167	0.00764	0.00574	0.00219	0.00605	0.00535	0.00629	0.00985
57	0.05608	0.01821	0.01918	0.04391	0.05358	0.05592	0.01306	0.31738	0.28152	0.03511	0.02066	0.02034	0.01530	0.00867	0.00701	0.00224	0.00725	0.00682	0.00655	0.01120
58	0.02029	0.63447	0.03447	0.01321	0.01890	0.14324	0.01245	0.02250	0.01542	0.01686	0.01008	0.01166	0.00914	0.00630	0.00488	0.00157	0.00848	0.00394	0.00315	0.00899
59	0.01029	0.00716	0.00905	0.00905	0.00949	0.00760	0.00591	0.01118	0.01073	0.01476	0.02126	0.04010	0.02307	0.50680	0.27534	0.00849	0.01115	0.00940	0.00414	0.00503
60	0.01635	0.34834	0.41944	0.01677	0.02537	0.02159	0.02017	0.02202	0.01479	0.02003	0.01153	0.01347	0.00907	0.00647	0.00581	0.00194	0.00926	0.00463	0.00302	0.00992
61	0.66645	0.01387	0.01167	0.01013	0.01468	0.01568	0.00832	0.04614	0.03701	0.10270	0.01271	0.01359	0.00937	0.00701	0.00488	0.00221	0.00565	0.00443	0.00506	0.00844
62	0.03177	0.01241	0.01671	0.01281	0.01832	0.01090	0.01058	0.05895	0.02087	0.68532	0.02768	0.02397	0.01742	0.00880	0.00716	0.00220	0.00613	0.00713	0.00875	0.01212
63	0.02530	0.01498	0.01741	0.01409	0.01892	0.01558	0.01136	0.26084	0.15859	0.27821	0.02540	0.08669	0.01914	0.01010	0.00734	0.00228	0.00643	0.00825	0.00771	0.01138
64	0.01477	0.01266	0.01477	0.01055	0.01687	0.00949	0.00844	0.01793	0.01477	0.02320	0.01266	0.01477	0.01055	0.00527	0.00527	0.00105	0.00527	0.00422	0.00422	0.79328
65	0.00874	0.00706	0.00778	0.00796	0.00991	0.00609	0.00583	0.01071	0.01646	0.02063	0.17287	0.17828	0.48645	0.01816	0.00852	0.00246	0.00365	0.01553	0.00682	0.00609
66	0.00902	0.00740	0.00799	0.00811	0.01020	0.00653	0.00598	0.01166	0.04393	0.02055	0.13574	0.16619	0.50576	0.01794	0.00847	0.00246	0.00374	0.01528	0.00677	0.00627
67	0.76845	0.01402	0.01091	0.00965	0.01411	0.01622	0.00795	0.04794	0.01299	0.03248	0.01021	0.01179	0.00789	0.00669	0.00452	0.00220	0.00560	0.00396	0.00452	0.00789
68	0.01364	0.01286	0.02171	0.70017	0.07998	0.01587	0.01987	0.01837	0.01433	0.01843	0.01269	0.01892	0.00958	0.00708	0.00712	0.00236	0.00944	0.00633	0.00318	0.00807
69	0.05733	0.71774	0.03600	0.01205	0.01806	0.02758	0.01196	0.02130	0.01435	0.01750	0.00990	0.01143	0.00907	0.00612	0.00456	0.00156	0.00751	0.00381	0.00311	0.00907
70	0.01634	0.34775	0.42000	0.01678	0.02538	0.02158	0.02019	0.02202	0.01479	0.02004	0.01153	0.01347	0.00907	0.00647	0.00581	0.00194	0.00926	0.00463	0.00302	0.00992
71	0.02541	0.03216	0.05378	0.01792	0.02203	0.61207	0.01407	0.07445	0.02075	0.01971	0.01361	0.01515	0.03296	0.00776	0.00656	0.00190	0.01205	0.00511	0.00398	0.00857

[dist]
# distance from previous block
# <min> <max>
0	4

[block]
# block no. 1 follows, 29 sequences, length 100
# corresponding to MSA columns:
# 164-263
name=unknown_B
#
# <colnr> <probs for GDERKNQSTAVLIFYWHMCP>
#	G	D	E	R	K	N	Q	S	T	A	V	L	I	F	Y	W	H	M	C	P
0	0.14959	0.01858	0.01895	0.01494	0.02027	0.04425	0.01226	0.47034	0.05713	0.09864	0.01721	0.01710	0.01220	0.00827	0.00668	0.00215	0.00739	0.00608	0.00672	0.01124
1	0.14501	0.02238	0.01634	0.01473	0.01806	0.33213	0.01119	0.07107	0.10167	0.02334	0.04209	0.05084	0.01594	0.06918	0.00946	0.00251	0.03440	0.00655	0.00479	0.00831
2	0.04420	0.03595	0.68612	0.01988	0.03017	0.01652	0.02560	0.02249	0.01492	0.02291	0.01267	0.01490	0.00897	0.00676	0.00668	0.00225	0.01033	0.00521	0.00306	0.01042
3	0.01036	0.00690	0.00777	0.00777	0.00777	0.00690	0.00431	0.01036	0.01036	0.01381	0.02244	0.04660	0.02589	0.74975	0.03624	0.00690	0.00690	0.01036	0.00431	0.00431
4	0.02397	0.02717	0.01906	0.01702	0.02097	0.45115	0.01299	0.08653	0.22281	0.02345	0.01691	0.01732	0.01319	0.00814	0.00673	0.00203	0.01026	0.00578	0.00503	0.00949
5	0.00893	0.00683	0.00822	0.00886	0.01027	0.00612	0.00635	0.01083	0.01587	0.02058	0.17377	0.35005	0.28880	0.01924	0.00874	0.00261	0.00387	0.03717	0.00684	0.00606
6	0.02698	0.02268	0.02114	0.01677	0.02207	0.15879	0.01358	0.55386	0.03088	0.03951	0.01591	0.01626	0.01154	0.00831	0.00699	0.00208	0.00881	0.00605	0.00645	0.01136
7	0.00992	0.00715	0.00937	0.00907	0.01060	0.00661	0.00671	0.01303	0.01940	0.02736	0.62506	0.13313	0.06487	0.01545	0.00848	0.00231	0.00345	0.01373	0.00770	0.00661
8	0.01345	0.01266	0.02136	0.73264	0.04904	0.01582	0.01978	0.01819	0.01424	0.01819	0.01266	0.01898	0.00949	0.00712	0.00712	0.00237	0.00949	0.00633	0.00316	0.00791
9	0.01771	0.01530	0.01610	0.01449	0.01852	0.01771	0.01127	0.03784	0.69247	0.02979	0.02898	0.02657	0.02174	0.00966	0.00725	0.00242	0.00564	0.00805	0.00725	0.01127
10	0.01889	0.73249	0.05761	0.01243	0.01865	0.02783	0.01261	0.02136	0.01449	0.01693	0.00999	0.01153	0.00913	0.00611	0.00463	0.00154	0.00770	0.00385	0.00304	0.00918
11	0.80005	0.01377	0.01047	0.00936	0.01377	0.01597	0.00771	0.02093	0.01212	0.03195	0.00991	0.01157	0.00771	0.00661	0.00441	0.00220	0.00551	0.00386	0.00441	0.00771
12	0.01495	0.01508	0.05035	0.46227	0.28007	0.01624	0.02076	0.01965	0.01497	0.02015	0.01292	0.01835	0.01011	0.00683	0.00708	0.00228	0.00917	0.00629	0.00329	0.00920
13	0.80005	0.01377	0.01047	0.00936	0.01377	0.01597	0.00771	0.02093	0.01212	0.03195	0.00991	0.01157	0.00771	0.00661	0.00441	0.00220	0.00551	0.00386	0.00441	0.00771
14	0.01762	0.01692	0.02890	0.04371	0.70533	0.01692	0.02185	0.02185	0.01621	0.02326	0.01339	0.01762	0.01128	0.00634	0.00705	0.00211	0.00846	0.00634	0.00352	0.01128
15	0.01035	0.00693	0.00791	0.00791	0.00796	0.00698	0.00450	0.01045	0.01040	0.01392	0.02230	0.04586	0.02557	0.72206	0.06350	0.00708	0.00739	0.01025	0.00429	0.00440
16	0.01762	0.01692	0.02890	0.04371	0.70533	0.01692	0.02185	0.02185	0.01621	0.02326	0.01339	0.01762	0.01128	0.00634	0.00705	0.00211	0.00846	0.00634	0.00352	0.01128
17	0.25526	0.01428	0.01571	0.01251	0.01768	0.01465	0.01030	0.16066	0.04289	0.35561	0.02059	0.01917	0.01375	0.00814	0.00635	0.00220	0.00624	0.00607	0.00713	0.01080
18	0.01065	0.00810	0.01007	0.01089	0.01283	0.00779	0.00904	0.01407	0.04565	0.02104	0.07481	0.07188	0.25752	0.04327	0.01010	0.00304	0.00543	0.37072	0.00658	0.00651
19	0.01762	0.01692	0.02890	0.04371	0.70533	0.01692	0.02185	0.02185	0.01621	0.02326	0.01339	0.01762	0.01128	0.00634	0.00705	0.00211	0.00846	0.00634	0.00352	0.01128
20	0.01027	0.00687	0.00779	0.00788	0.00790	0.00684	0.00443	0.01033	0.01053	0.01404	0.02332	0.08318	0.02700	0.71165	0.03482	0.00669	0.00676	0.01087	0.00443	0.00439
21	0.02707	0.01995	0.02137	0.01638	0.02208	0.02208	0.01353	0.68159	0.03348	0.04488	0.01710	0.01710	0.01211	0.00855	0.00712	0.00214	0.00784	0.00641	0.00712	0.01211
22	0.02707	0.01995	0.02137	0.01638	0.02208	0.02208	0.01353	0.68159	0.03348	0.04488	0.01710	0.01710	0.01211	0.00855	0.00712	0.00214	0.00784	0.00641	0.00712	0.01211
23	0.04956	0.01433	0.02387	0.42429	0.25621	0.01602	0.04571	0.01966	0.01490	0.02080	0.01284	0.01807	0.01008	0.00673	0.00696	0.00223	0.00892	0.00623	0.00339	0.03919
24	0.01056	0.00744	0.01051	0.01051	0.01171	0.00844	0.00799	0.01296	0.01176	0.01748	0.01990	0.02958	0.01863	0.11455	0.56972	0.00983	0.01601	0.00777	0.09846	0.00620
25	0.01345	0.01266	0.02136	0.73264	0.04904	0.01582	0.01978	0.01819	0.01424	0.01819	0.01266	0.01898	0.00949	0.00712	0.00712	0.00237	0.00949	0.00633	0.00316	0.00791
26	0.03110	0.01214	0.01644	0.01256	0.01811	0.01042	0.01037	0.03387	0.02010	0.67622	0.02733	0.02377	0.01728	0.00864	0.00707	0.00215	0.00602	0.00701	0.00859	0.05083
27	0.02707	0.01995	0.02137	0.01638	0.02208	0.02208	0.01353	0.68159	0.03348	0.04488	0.01710	0.01710	0.01211	0.00855	0.00712	0.00214	0.00784	0.00641	0.00712	0.01211
28	0.00849	0.00717	0.00735	0.00740	0.00969	0.00603	0.00551	0.01033	0.01627	0.01954	0.09465	0.09769	0.64944	0.01809	0.00844	0.00242	0.00362	0.01518	0.00666	0.00603
29	0.00883	0.00631	0.00844	0.01009	0.01057	0.00592	0.00688	0.01018	0.01378	0.01835	0.03916	0.70882	0.04676	0.02216	0.00913	0.00291	0.00426	0.05502	0.00661	0.00583
30	0.01771	0.01530	0.01610	0.01449	0.01852	0.01771	0.01127	0.03784	0.69247	0.02979	0.02898	0.02657	0.02174	0.00966	0.00725	0.00242	0.00564	0.00805	0.00725	0.01127
31	0.01500	0.03583	0.68469	0.01999	0.03031	0.01629	0.02567	0.02304	0.01525	0.05037	0.01340	0.01541	0.00937	0.00685	0.00678	0.00225	0.01034	0.00534	0.00324	0.01059
32	0.00868	0.00620	0.00826	0.00991	0.01033	0.00578	0.00661	0.00991	0.01363	0.01818	0.03925	0.74510	0.04710	0.02231	0.00909	0.00289	0.00413	0.02024	0.00661	0.00578
33	0.01453	0.01404	0.01981	0.01729	0.01754	0.01931	0.01429	0.01628	0.01101	0.01702	0.01123	0.01797	0.01098	0.02038	0.15833	0.00473	0.59799	0.00650	0.00325	0.00751
34	0.05243	0.01271	0.02082	0.69679	0.04729	0.01583	0.01918	0.01833	0.01413	0.01887	0.01252	0.01862	0.00940	0.00709	0.00698	0.00236	0.00929	0.00621	0.00323	0.00790
35	0.00849	0.00693	0.00750	0.00796	0.00981	0.00595	0.00574	0.01014	0.01552	0.01895	0.06310	0.25443	0.52238	0.01921	0.00860	0.00254	0.00375	0.01646	0.00661	0.00595
36	0.01367	0.01288	0.02175	0.69655	0.08342	0.01588	0.01988	0.01839	0.01434	0.01846	0.01269	0.01891	0.00959	0.00708	0.00712	0.00236	0.00944	0.00633	0.00318	0.00809
37	0.10805	0.00711	0.00937	0.00932	0.00988	0.00736	0.00639	0.01073	0.00984	0.01504	0.01340	0.05627	0.01352	0.02241	0.02405	0.65746	0.00600	0.00660	0.00343	0.00379
38	0.02511	0.06162	0.02084	0.01750	0.02127	0.52559	0.01353	0.11938	0.02125	0.02164	0.03515	0.01491	0.01157	0.00801	0.00752	0.00195	0.05497	0.00519	0.00424	0.00876
39	0.01513	0.01487	0.02672	0.43089	0.22852	0.01647	0.12491	0.01994	0.01519	0.02033	0.01314	0.01864	0.01019	0.00673	0.00730	0.00231	0.00961	0.00666	0.00333	0.00911
40	0.00911	0.00714	0.00867	0.03014	0.01157	0.00640	0.00667	0.01086	0.01496	0.01933	0.08165	0.40944	0.27931	0.01906	0.00856	0.00257	0.00412	0.01677	0.00645	0.04722
41	0.36415	0.01365	0.01421	0.12533	0.02058	0.03828	0.01059	0.07397	0.01676	0.13616	0.10459	0.02067	0.01775	0.00826	0.00607	0.00222	0.00638	0.00618	0.00554	0.00867
42	0.01912	0.01222	0.01476	0.01148	0.01667	0.01059	0.00917	0.02466	0.11544	0.20523	0.10569	0.02380	0.02115	0.00801	0.00645	0.00170	0.00529	0.00664	0.00632	0.37561
43	0.00999	0.00728	0.00939	0.00886	0.01058	0.00668	0.00665	0.01326	0.01994	0.02805	0.66722	0.05403	0.10186	0.01475	0.00840	0.00225	0.00337	0.01299	0.00777	0.00668
44	0.09659	0.01210	0.01578	0.01226	0.01755	0.01081	0.01011	0.03282	0.01967	0.62993	0.04889	0.02412	0.01843	0.00882	0.00697	0.00220	0.00592	0.00707	0.00841	0.01156
45	0.01428	0.03683	0.71286	0.02030	0.03082	0.01654	0.02631	0.02255	0.01503	0.02255	0.01278	0.01503	0.00902	0.00677	0.00677	0.00226	0.01052	0.00526	0.00301	0.01052
46	0.01035	0.00694	0.00796	0.00796	0.00803	0.00701	0.00455	0.01048	0.01041	0.01395	0.02226	0.04562	0.02546	0.71328	0.07213	0.00714	0.00754	0.01021	0.00429	0.00442
47	0.01556	0.01397	0.01934	0.01386	0.02030	0.01133	0.11500	0.04418	0.01581	0.02397	0.01310	0.01556	0.01065	0.00551	0.00584	0.00131	0.00644	0.00497	0.00423	0.63908
48	0.01002	0.00724	0.00947	0.00900	0.01063	0.00668	0.00671	0.01330	0.01991	0.02816	0.67615	0.07975	0.06642	0.01485	0.00842	0.00226	0.00339	0.01316	0.00779	0.00668
49	0.00879	0.00632	0.00837	0.00997	0.01050	0.00590	0.00678	0.01014	0.01384	0.01835	0.04027	0.69343	0.06857	0.02205	0.00910	0.00289	0.00422	0.04809	0.00661	0.00583
50	0.01558	0.01558	0.02181	0.01869	0.01869	0.02181	0.01558	0.01714	0.01091	0.01714	0.00935	0.01558	0.00935	0.01246	0.02337	0.00312	0.73672	0.00623	0.00312	0.00779
51	0.00868	0.00620	0.00826	0.00991	0.01033	0.00578	0.00661	0.00991	0.01363	0.01818	0.03925	0.74510	0.04710	0.02231	0.00909	0.00289	0.00413	0.02024	0.00661	0.00578
52	0.01395	0.01317	0.02226	0.65003	0.12773	0.01595	0.02002	0.01863	0.01448	0.01880	0.01274	0.01882	0.00971	0.00703	0.00711	0.00234	0.00937	0.00633	0.00321	0.00831
53	0.01345	0.01266	0.02136	0.73264	0.04904	0.01582	0.01978	0.01819	0.01424	0.01819	0.01266	0.01898	0.00949	0.00712	0.00712	0.00237	0.00949	0.00633	0.00316	0.00791
54	0.01363	0.01284	0.02169	0.70271	0.07755	0.01587	0.01987	0.01835	0.01432	0.01841	0.01269	0.01893	0.00957	0.00709	0.00712	0.00236	0.00945	0.00633	0.00318	0.00806
55	0.05425	0.02349	0.01886	0.06883	0.05958	0.34143	0.01340	0.03030	0.21706	0.07600	0.01783	0.01842	0.01361	0.00804	0.00672	0.00210	0.00942	0.00600	0.00511	0.00956
56	0.17582	0.01609	0.01763	0.01377	0.01916	0.01694	0.01137	0.33418	0.02493	0.27046	0.01950	0.01849	0.01316	0.00827	0.00662	0.00217	0.00678	0.00618	0.00719	0.01128
57	0.01500	0.09899	0.58032	0.02101	0.04981	0.01770	0.07580	0.02244	0.01516	0.02207	0.01267	0.01511	0.00924	0.00663	0.00670	0.00220	0.01032	0.00541	0.00307	0.01035
58	0.01237	0.00618	0.00928	0.00928	0.00928	0.00618	0.00618	0.00928	0.00928	0.01237	0.01237	0.02165	0.01237	0.02474	0.02783	0.79283	0.00618	0.00618	0.00309	0.00309
59	0.01343	0.00835	0.01082	0.00975	0.01202	0.00776	0.00745	0.04254	0.02049	0.11384	0.56734	0.07222	0.05812	0.01387	0.00822	0.00225	0.00390	0.01216	0.00789	0.00757
60	0.01702	0.01280	0.01508	0.01111	0.01716	0.01025	0.00890	0.02147	0.06872	0.10453	0.01576	0.01681	0.01226	0.00603	0.00565	0.00130	0.00539	0.00487	0.00500	0.63990
61	0.01051	0.00766	0.01046	0.00996	0.01067	0.00786	0.04093	0.01152	0.01121	0.01527	0.02260	0.09765	0.02494	0.48960	0.19203	0.00740	0.00978	0.01042	0.00435	0.00519
62	0.01762	0.01692	0.02890	0.04371	0.70533	0.01692	0.02185	0.02185	0.01621	0.02326	0.01339	0.01762	0.01128	0.00634	0.00705	0.00211	0.00846	0.00634	0.00352	0.01128
63	0.00904	0.00646	0.00868	0.01033	0.01091	0.00610	0.00725	0.01055	0.01399	0.01859	0.03904	0.65801	0.04629	0.02196	0.00919	0.00294	0.00445	0.10372	0.00660	0.00588
64	0.01730	0.01646	0.02799	0.04210	0.66916	0.01646	0.02131	0.02148	0.01622	0.02316	0.01467	0.02091	0.01283	0.00704	0.00720	0.00218	0.00836	0.04044	0.00368	0.01103
65	0.00958	0.00726	0.00882	0.00843	0.01033	0.00651	0.00632	0.01247	0.01897	0.02575	0.51197	0.05781	0.25854	0.01560	0.00840	0.00229	0.00343	0.01353	0.00747	0.00651
66	0.01809	0.01548	0.01631	0.01457	0.01866	0.01789	0.01136	0.06387	0.66582	0.03040	0.02850	0.02618	0.02135	0.00962	0.00724	0.00240	0.00572	0.00798	0.00724	0.01130
67	0.01197	0.00920	0.01162	0.01128	0.01279	0.03805	0.00862	0.04845	0.01311	0.01855	0.01926	0.02841	0.01794	0.11024	0.53837	0.00942	0.01593	0.00762	0.06260	0.00657
68	0.01147	0.00760	0.00940	0.00875	0.01088	0.00684	0.00663	0.01442	0.01907	0.07752	0.48027	0.05346	0.20662	0.01467	0.00817	0.00225	0.00362	0.01269	0.03871	0.00696
69	0.80005	0.01377	0.01047	0.00936	0.01377	0.01597	0.00771	0.02093	0.01212	0.03195	0.00991	0.01157	0.00771	0.00661	0.00441	0.00220	0.00551	0.00386	0.00441	0.00771
70	0.00977	0.00708	0.00921	0.00908	0.01055	0.00652	0.00666	0.01268	0.01882	0.02634	0.55885	0.18194	0.08359	0.01610	0.00853	0.00237	0.00351	0.01431	0.00757	0.00652
71	0.01428	0.03683	0.71286	0.02030	0.03082	0.01654	0.02631	0.02255	0.01503	0.02255	0.01278	0.01503	0.00902	0.00677	0.00677	0.00226	0.01052	0.00526	0.00301	0.01052
72	0.00873	0.00629	0.00828	0.00975	0.01031	0.00584	0.00656	0.01010	0.01407	0.01874	0.07350	0.68142	0.07656	0.02174	0.00903	0.00284	0.00407	0.01965	0.00667	0.00584
73	0.00958	0.00784	0.00841	0.00817	0.01042	0.00711	0.00607	0.01303	0.06904	0.02168	0.19623	0.06091	0.48150	0.05661	0.00984	0.00262	0.00389	0.01379	0.00679	0.00647
74	0.01782	0.57078	0.20993	0.01426	0.02148	0.02520	0.01579	0.02164	0.01461	0.01823	0.01064	0.01235	0.00911	0.00626	0.00513	0.00171	0.00836	0.00418	0.00304	0.00949
75	0.01451	0.01096	0.01447	0.01319	0.01577	0.01114	0.06021	0.15758	0.05439	0.04316	0.05973	0.38696	0.06036	0.01648	0.00846	0.00263	0.00574	0.04968	0.00663	0.00797
76	0.01845	0.01853	0.02720	0.06321	0.58265	0.09225	0.02050	0.02307	0.04346	0.02273	0.01373	0.01751	0.01141	0.00661	0.00699	0.00211	0.00885	0.00622	0.00368	0.01084
77	0.02531	0.01881	0.02010	0.01575	0.02107	0.02090	0.01290	0.57173	0.11779	0.04219	0.01888	0.01870	0.01360	0.00868	0.00705	0.00215	0.00737	0.00663	0.03862	0.01178
78	0.80005	0.01377	0.01047	0.00936	0.01377	0.01597	0.00771	0.02093	0.01212	0.03195	0.00991	0.01157	0.00771	0.00661	0.00441	0.00220	0.00551	0.00386	0.00441	0.00771
79	0.01861	0.62929	0.13216	0.01353	0.02017	0.04910	0.01423	0.02173	0.01473	0.01759	0.01034	0.01198	0.00912	0.00623	0.00494	0.00164	0.00820	0.00404	0.00306	0.00930
80	0.01261	0.00962	0.01239	0.01178	0.01398	0.00926	0.03374	0.11780	0.01703	0.02317	0.03171	0.51755	0.03594	0.01754	0.00831	0.00254	0.00515	0.01575	0.00630	0.09783
81	0.01351	0.01275	0.02137	0.71084	0.04812	0.01600	0.01965	0.01816	0.01414	0.01816	0.01256	0.01888	0.00949	0.00728	0.00762	0.00240	0.03169	0.00633	0.00316	0.00791
82	0.01237	0.00618	0.00928	0.00928	0.00928	0.00618	0.00618	0.00928	0.00928	0.01237	0.01237	0.02165	0.01237	0.02474	0.02783	0.79283	0.00618	0.00618	0.00309	0.00309
83	0.01250	0.00673	0.00673	0.00673	0.00851	0.00654	0.00505	0.01558	0.01514	0.02539	0.03098	0.03320	0.12670	0.00984	0.00552	0.00178	0.00336	0.00797	0.66522	0.00654
84	0.00868	0.00620	0.00826	0.00991	0.01033	0.00578	0.00661	0.00991	0.01363	0.01818	0.03925	0.74510	0.04710	0.02231	0.00909	0.00289	0.00413	0.02024	0.00661	0.00578
85	0.01904	0.75404	0.03731	0.01218	0.01828	0.02818	0.01218	0.02132	0.01447	0.01675	0.00990	0.01142	0.00914	0.00609	0.00457	0.00152	0.00761	0.00381	0.00305	0.00914
86	0.01036	0.00690	0.00777	0.00777	0.00777	0.00690	0.00431	0.01036	0.01036	0.01381	0.02244	0.04660	0.02589	0.74975	0.03624	0.00690	0.00690	0.01036	0.00431	0.00431
87	0.01345	0.01266	0.02136	0.73264	0.04904	0.01582	0.01978	0.01819	0.01424	0.01819	0.01266	0.01898	0.00949	0.00712	0.00712	0.00237	0.00949	0.00633	0.00316	0.00791
88	0.01904	0.75404	0.03731	0.01218	0.01828	0.02818	0.01218	0.02132	0.01447	0.01675	0.00990	0.01142	0.00914	0.00609	0.00457	0.00152	0.00761	0.00381	0.00305	0.00914
89	0.01140	0.00811	0.01122	0.01274	0.01427	0.00811	0.01098	0.01445	0.01597	0.02079	0.03664	0.07798	0.03993	0.07029	0.01167	0.00353	0.00658	0.61254	0.00640	0.00640
90	0.26413	0.26789	0.02315	0.01313	0.01821	0.14406	0.01131	0.14024	0.01813	0.02660	0.01138	0.01273	0.00923	0.00691	0.00530	0.00190	0.00791	0.00442	0.00430	0.00907
91	0.02656	0.01969	0.02108	0.01628	0.02189	0.02184	0.01341	0.64645	0.06945	0.04405	0.01774	0.01761	0.01264	0.00861	0.00713	0.00215	0.00772	0.00650	0.00713	0.01206
92	0.01480	0.01277	0.01505	0.01087	0.01695	0.00999	0.00872	0.01790	0.01461	0.02296	0.01252	0.01480	0.01050	0.00556	0.00600	0.00114	0.03471	0.00430	0.00417	0.76167
93	0.03141	0.01298	0.01706	0.01308	0.01861	0.01175	0.01081	0.10632	0.02183	0.63659	0.02687	0.02345	0.01702	0.00878	0.00716	0.00220	0.00626	0.00708	0.00863	0.01212
94	0.00849	0.00722	0.00731	0.00729	0.00966	0.00604	0.00547	0.01036	0.01640	0.01965	0.09981	0.06785	0.67451	0.01788	0.00841	0.00240	0.00360	0.01493	0.00667	0.00604
95	0.00892	0.00719	0.00795	0.00785	0.00995	0.00621	0.00585	0.01117	0.01729	0.02198	0.25886	0.09333	0.48408	0.01718	0.00844	0.00238	0.00356	0.01461	0.00698	0.00621
96	0.00984	0.00727	0.00902	0.01006	0.01102	0.00702	0.00691	0.03822	0.04443	0.01974	0.04054	0.59960	0.10623	0.04195	0.00965	0.00291	0.00438	0.01837	0.00659	0.00626
97	0.00868	0.00620	0.00826	0.00991	0.01033	0.00578	0.00661	0.00991	0.01363	0.01818	0.03925	0.74510	0.04710	0.02231	0.00909	0.00289	0.00413	0.02024	0.00661	0.00578
98	0.02768	0.01787	0.02000	0.01530	0.02098	0.01892	0.01263	0.50728	0.02974	0.19569	0.01942	0.01863	0.01330	0.00848	0.00706	0.00211	0.00733	0.00649	0.00739	0.04371
99	0.01891	0.64003	0.06825	0.01263	0.01858	0.06430	0.01259	0.02152	0.01483	0.01759	0.01080	0.01247	0.00961	0.00631	0.00480	0.00158	0.00782	0.00407	0.04427	0.00903

[dist]
# distance from previous block
# <min> <max>
1	11

[block]
# block no. 2 follows, 29 sequences, length 47
# corresponding to MSA columns:
# 275-321
name=unknown_C
#
# <colnr> <probs for GDERKNQSTAVLIFYWHMCP>
#	G	D	E	R	K	N	Q	S	T	A	V	L	I	F	Y	W	H	M	C	P
0	0.74535	0.01421	0.01124	0.00986	0.01436	0.01641	0.00812	0.06768	0.01363	0.03286	0.01042	0.01196	0.00802	0.00675	0.00460	0.00220	0.00567	0.00404	0.00460	0.00802
1	0.01036	0.00690	0.00777	0.00777	0.00777	0.00690	0.00431	0.01036	0.01036	0.01381	0.02244	0.04660	0.02589	0.74975	0.03624	0.00690	0.00690	0.01036	0.00431	0.00431
2	0.00995	0.00727	0.00934	0.00882	0.01056	0.00666	0.00662	0.01318	0.01985	0.02782	0.65203	0.05440	0.11719	0.01483	0.00840	0.00225	0.00338	0.01305	0.00774	0.00666
3	0.00868	0.00620	0.00826	0.00991	0.01033	0.00578	0.00661	0.00991	0.01363	0.01818	0.03925	0.74510	0.04710	0.02231	0.00909	0.00289	0.00413	0.02024	0.00661	0.00578
4	0.01327	0.00664	0.00664	0.00664	0.00830	0.00664	0.00498	0.01659	0.01493	0.02655	0.02323	0.02655	0.01825	0.00830	0.00498	0.00166	0.00332	0.00664	0.78928	0.00664
5	0.01712	0.01367	0.01576	0.01145	0.01766	0.01131	0.00923	0.11247	0.01762	0.05095	0.01384	0.01544	0.01102	0.00586	0.00560	0.00125	0.00566	0.00463	0.00479	0.65465
6	0.00984	0.00705	0.00929	0.01068	0.01149	0.00680	0.00765	0.03695	0.01485	0.01972	0.03813	0.61098	0.04476	0.02135	0.00913	0.00292	0.00466	0.12097	0.00662	0.00615
7	0.01017	0.00763	0.01144	0.01144	0.01272	0.00890	0.00890	0.01272	0.01144	0.01653	0.01907	0.02797	0.01780	0.05340	0.72153	0.01144	0.01907	0.00763	0.00381	0.00636
8	0.80005	0.01377	0.01047	0.00936	0.01377	0.01597	0.00771	0.02093	0.01212	0.03195	0.00991	0.01157	0.00771	0.00661	0.00441	0.00220	0.00551	0.00386	0.00441	0.00771
9	0.01345	0.01266	0.02136	0.73264	0.04904	0.01582	0.01978	0.01819	0.01424	0.01819	0.01266	0.01898	0.00949	0.00712	0.00712	0.00237	0.00949	0.00633	0.00316	0.00791
10	0.01762	0.01692	0.02890	0.04371	0.70533	0.01692	0.02185	0.02185	0.01621	0.02326	0.01339	0.01762	0.01128	0.00634	0.00705	0.00211	0.00846	0.00634	0.00352	0.01128
11	0.02707	0.01995	0.02137	0.01638	0.02208	0.02208	0.01353	0.68159	0.03348	0.04488	0.01710	0.01710	0.01211	0.00855	0.00712	0.00214	0.00784	0.00641	0.00712	0.01211
12	0.01762	0.01692	0.02890	0.04371	0.70533	0.01692	0.02185	0.02185	0.01621	0.02326	0.01339	0.01762	0.01128	0.00634	0.00705	0.00211	0.00846	0.00634	0.00352	0.01128
13	0.03195	0.01212	0.01652	0.01267	0.01818	0.01047	0.01047	0.03470	0.02038	0.71026	0.02809	0.02424	0.01763	0.00881	0.00716	0.00220	0.00606	0.00716	0.00881	0.01212
14	0.01036	0.00690	0.00777	0.00777	0.00777	0.00690	0.00431	0.01036	0.01036	0.01381	0.02244	0.04660	0.02589	0.74975	0.03624	0.00690	0.00690	0.01036	0.00431	0.00431
15	0.01627	0.01817	0.03873	0.14169	0.03909	0.01766	0.57462	0.02208	0.01640	0.02208	0.01413	0.01917	0.01060	0.00618	0.00820	0.00240	0.01161	0.00807	0.00353	0.00933
16	0.06424	0.01219	0.01627	0.01253	0.01799	0.01070	0.01035	0.03412	0.02003	0.68175	0.02733	0.02370	0.01721	0.00872	0.00704	0.00220	0.00604	0.00702	0.00863	0.01193
17	0.03044	0.01267	0.01664	0.01296	0.01834	0.01153	0.01064	0.05579	0.08475	0.62414	0.02782	0.02423	0.01784	0.00889	0.00717	0.00222	0.00608	0.00722	0.00861	0.01204
18	0.02344	0.01770	0.01931	0.01474	0.02041	0.01845	0.01205	0.49649	0.02823	0.03867	0.01674	0.04072	0.01289	0.00820	0.00673	0.00190	0.00708	0.00633	0.00639	0.20350
19	0.77128	0.04104	0.01145	0.00947	0.01394	0.01642	0.00788	0.02095	0.01220	0.03139	0.00991	0.01156	0.00776	0.00659	0.00441	0.00218	0.00559	0.00385	0.00436	0.00776
20	0.01785	0.01471	0.01547	0.01381	0.01771	0.01686	0.01078	0.07615	0.58246	0.03041	0.02765	0.02597	0.02078	0.00945	0.00701	0.00232	0.00554	0.00780	0.08641	0.01085
21	0.01978	0.01633	0.01727	0.01491	0.01931	0.01868	0.01177	0.18043	0.54650	0.03313	0.02635	0.02447	0.01960	0.00941	0.00722	0.00235	0.00612	0.00769	0.00722	0.01146
22	0.02398	0.05812	0.01957	0.01694	0.02070	0.54375	0.01289	0.02885	0.13100	0.01953	0.01681	0.01767	0.04380	0.00817	0.00658	0.00194	0.01101	0.00562	0.00437	0.00868
23	0.02594	0.01842	0.01948	0.01550	0.02074	0.05217	0.01260	0.41802	0.16337	0.14687	0.02096	0.01994	0.01479	0.00876	0.00712	0.00219	0.00734	0.00678	0.00726	0.01176
24	0.02895	0.01362	0.01709	0.01334	0.01859	0.01304	0.01094	0.15761	0.07177	0.50153	0.05768	0.02440	0.01920	0.00909	0.00722	0.00221	0.00624	0.00735	0.00833	0.01180
25	0.00842	0.00721	0.00721	0.00721	0.00962	0.00601	0.00541	0.01022	0.01623	0.01924	0.07213	0.06853	0.70244	0.01803	0.00842	0.00240	0.00361	0.01503	0.00661	0.00601
26	0.00893	0.00723	0.00792	0.00775	0.00993	0.00623	0.00581	0.01121	0.01744	0.02210	0.26575	0.06381	0.50704	0.01696	0.00841	0.00235	0.00353	0.01437	0.00699	0.00623
27	0.02770	0.01694	0.01928	0.01497	0.02039	0.01783	0.01229	0.43639	0.05413	0.25040	0.02161	0.04068	0.01520	0.00907	0.00720	0.00219	0.00709	0.00711	0.00764	0.01190
28	0.02672	0.03026	0.02049	0.01783	0.02203	0.53734	0.01370	0.20018	0.02368	0.02465	0.01261	0.01396	0.00994	0.00766	0.00661	0.00191	0.01152	0.00507	0.00458	0.00927
29	0.00868	0.00620	0.00826	0.00991	0.01033	0.00578	0.00661	0.00991	0.01363	0.01818	0.03925	0.74510	0.04710	0.02231	0.00909	0.00289	0.00413	0.02024	0.00661	0.00578
30	0.01924	0.01463	0.01587	0.01402	0.01819	0.01640	0.01098	0.03654	0.58441	0.11678	0.03026	0.02762	0.04316	0.00982	0.00727	0.00239	0.00562	0.00816	0.00743	0.01121
31	0.01762	0.01692	0.02890	0.04371	0.70533	0.01692	0.02185	0.02185	0.01621	0.02326	0.01339	0.01762	0.01128	0.00634	0.00705	0.00211	0.00846	0.00634	0.00352	0.01128
32	0.01869	0.01508	0.01613	0.01437	0.01849	0.01721	0.01122	0.03762	0.64639	0.07644	0.02892	0.02641	0.02145	0.00960	0.00724	0.00240	0.00566	0.00799	0.00735	0.01133
33	0.03195	0.01212	0.01652	0.01267	0.01818	0.01047	0.01047	0.03470	0.02038	0.71026	0.02809	0.02424	0.01763	0.00881	0.00716	0.00220	0.00606	0.00716	0.00881	0.01212
34	0.01837	0.01742	0.02622	0.03696	0.54170	0.04335	0.01952	0.05238	0.12499	0.02500	0.01595	0.01885	0.01290	0.00700	0.00706	0.00215	0.00814	0.00655	0.00428	0.01120
35	0.02592	0.01920	0.02062	0.01605	0.02146	0.02125	0.01316	0.62558	0.06366	0.04314	0.01850	0.04548	0.01390	0.00913	0.00720	0.00218	0.00759	0.00702	0.00711	0.01183
36	0.01252	0.00948	0.01218	0.01315	0.01526	0.00989	0.01121	0.01889	0.14240	0.02281	0.03737	0.06986	0.06219	0.01774	0.00930	0.00308	0.00627	0.51229	0.00669	0.00742
37	0.01000	0.00728	0.00940	0.00887	0.01059	0.00668	0.00665	0.01328	0.01996	0.02810	0.67058	0.05395	0.09847	0.01473	0.00840	0.00225	0.00337	0.01298	0.00778	0.00668
38	0.80005	0.01377	0.01047	0.00936	0.01377	0.01597	0.00771	0.02093	0.01212	0.03195	0.00991	0.01157	0.00771	0.00661	0.00441	0.00220	0.00551	0.00386	0.00441	0.00771
39	0.00965	0.00695	0.00913	0.00925	0.01054	0.00643	0.00669	0.01236	0.01816	0.02537	0.49841	0.26543	0.06102	0.01693	0.00861	0.00244	0.00360	0.01514	0.00746	0.00643
40	0.15127	0.01611	0.01686	0.01354	0.01794	0.01775	0.01082	0.41802	0.02498	0.05883	0.01721	0.02154	0.01398	0.12782	0.03960	0.00328	0.00769	0.00669	0.00615	0.00992
41	0.00868	0.00620	0.00826	0.00991	0.01033	0.00578	0.00661	0.00991	0.01363	0.01818	0.03925	0.74510	0.04710	0.02231	0.00909	0.00289	0.00413	0.02024	0.00661	0.00578
42	0.02441	0.01814	0.01954	0.01555	0.02070	0.02012	0.01265	0.48561	0.18668	0.06201	0.04559	0.02088	0.01658	0.00904	0.00720	0.00221	0.00710	0.00706	0.00723	0.01171
43	0.01008	0.00728	0.00952	0.00896	0.01064	0.00672	0.00672	0.01344	0.02016	0.02855	0.70158	0.05319	0.06719	0.01456	0.00840	0.00224	0.00336	0.01288	0.00784	0.00672
44	0.02094	0.59739	0.15322	0.01551	0.02237	0.02700	0.01567	0.02331	0.01635	0.02057	0.01350	0.01635	0.01202	0.00824	0.00630	0.00222	0.00903	0.00510	0.00410	0.01083
45	0.10277	0.09257	0.05512	0.01558	0.02093	0.13310	0.01325	0.34886	0.09353	0.03384	0.01570	0.01617	0.01174	0.00795	0.00649	0.00207	0.00829	0.00572	0.00571	0.01060
46	0.02623	0.01932	0.02079	0.01602	0.02152	0.02133	0.01320	0.64869	0.03282	0.04407	0.05080	0.01887	0.01482	0.00884	0.00719	0.00214	0.00762	0.00673	0.00716	0.01184

[dist]
# distance from previous block
# <min> <max>
0	2

[block]
# block no. 3 follows, 29 sequences, length 135
# corresponding to MSA columns:
# 324-458
name=unknown_D
#
# <colnr> <probs for GDERKNQSTAVLIFYWHMCP>
#	G	D	E	R	K	N	Q	S	T	A	V	L	I	F	Y	W	H	M	C	P
0	0.00917	0.00664	0.00867	0.00979	0.01058	0.00609	0.00661	0.01059	0.01395	0.01889	0.07851	0.62993	0.04540	0.05484	0.01011	0.00294	0.00427	0.01846	0.00645	0.04811
1	0.02094	0.01676	0.01816	0.01539	0.01993	0.05055	0.03702	0.13992	0.46624	0.09557	0.02560	0.02391	0.01880	0.00915	0.00722	0.00232	0.00661	0.00756	0.00707	0.01128
2	0.01572	0.00959	0.01128	0.01009	0.01280	0.04078	0.00775	0.01852	0.01926	0.18794	0.38038	0.08990	0.13988	0.01383	0.00806	0.00228	0.00453	0.01189	0.00763	0.00792
3	0.02392	0.01679	0.05029	0.01437	0.01965	0.01654	0.01217	0.34915	0.08376	0.17628	0.08257	0.02444	0.04650	0.00939	0.00721	0.00216	0.00674	0.00748	0.00721	0.04338
4	0.01470	0.08920	0.63037	0.01962	0.02932	0.01765	0.02476	0.02221	0.01480	0.02187	0.01240	0.01479	0.00904	0.00698	0.00738	0.00224	0.04418	0.00520	0.00301	0.01029
5	0.01018	0.00760	0.01127	0.01127	0.01248	0.00881	0.00869	0.01261	0.01139	0.01640	0.01923	0.02884	0.01818	0.08589	0.68957	0.01123	0.01851	0.00776	0.00384	0.00626
6	0.00924	0.00735	0.00842	0.00885	0.01087	0.00652	0.00692	0.01146	0.01642	0.02045	0.12006	0.12441	0.44962	0.01841	0.00877	0.00262	0.00426	0.15246	0.00671	0.00617
7	0.01927	0.02020	0.02440	0.02998	0.34437	0.17618	0.04858	0.02560	0.13335	0.02252	0.01560	0.01843	0.01272	0.00907	0.03300	0.00249	0.04347	0.00638	0.00419	0.01018
8	0.01493	0.01536	0.02927	0.41649	0.06532	0.01694	0.26346	0.01997	0.01510	0.02002	0.01317	0.01886	0.01003	0.00693	0.00835	0.00241	0.04431	0.00709	0.00334	0.00864
9	0.01330	0.01239	0.02072	0.69883	0.04712	0.01540	0.01905	0.01783	0.01406	0.01799	0.01311	0.02027	0.01026	0.04176	0.00848	0.00258	0.00937	0.00652	0.00322	0.00774
10	0.02836	0.01354	0.05711	0.05175	0.02028	0.01129	0.01177	0.03238	0.05108	0.57314	0.05412	0.02472	0.01892	0.00888	0.00719	0.00223	0.00637	0.00728	0.00806	0.01154
11	0.01743	0.01673	0.02856	0.07499	0.67553	0.01687	0.02176	0.02169	0.01612	0.02303	0.01336	0.01769	0.01120	0.00638	0.00705	0.00213	0.00851	0.00634	0.00351	0.01113
12	0.01451	0.07078	0.68088	0.01991	0.03023	0.01709	0.02564	0.02249	0.01501	0.02228	0.01264	0.01486	0.00903	0.00673	0.00666	0.00222	0.01039	0.00519	0.00301	0.01046
13	0.06738	0.01223	0.01614	0.01240	0.01790	0.01067	0.01023	0.03315	0.01969	0.64122	0.02640	0.02313	0.01678	0.00852	0.00693	0.00214	0.00599	0.00685	0.00836	0.05391
14	0.01008	0.00728	0.00952	0.00896	0.01064	0.00672	0.00672	0.01344	0.02016	0.02855	0.70158	0.05319	0.06719	0.01456	0.00840	0.00224	0.00336	0.01288	0.00784	0.00672
15	0.80005	0.01377	0.01047	0.00936	0.01377	0.01597	0.00771	0.02093	0.01212	0.03195	0.00991	0.01157	0.00771	0.00661	0.00441	0.00220	0.00551	0.00386	0.00441	0.00771
16	0.03132	0.01299	0.04112	0.01294	0.01862	0.01068	0.01103	0.03427	0.02019	0.68597	0.02755	0.02391	0.01732	0.00874	0.00715	0.00221	0.00622	0.00709	0.00861	0.01206
17	0.01685	0.21926	0.48624	0.01763	0.02663	0.01907	0.02147	0.02316	0.01530	0.07342	0.01320	0.01481	0.00971	0.00675	0.00623	0.00206	0.00944	0.00503	0.00346	0.01029
18	0.01471	0.10118	0.65224	0.01957	0.02969	0.01758	0.02504	0.02244	0.01498	0.02203	0.01252	0.01471	0.00903	0.00670	0.00657	0.00219	0.01026	0.00513	0.00301	0.01040
19	0.01878	0.01576	0.01626	0.01453	0.01862	0.04143	0.01131	0.03735	0.63330	0.06595	0.02832	0.02597	0.02108	0.00954	0.00721	0.00238	0.00591	0.00788	0.00721	0.01121
