[name]
unknown

[dist]
# distance from previous block
# <min> <max>
0	23

[block]
# block no. 0 follows, 29 sequences, length 10
# corresponding to MSA columns:
# 23-32
name=unknown_A
#
# <colnr> <probs for GDERKNQSTAVLIFYWHMCP>
#	G	D	E	R	K	N	Q	S	T	A	V	L	I	F	Y	W	H	M	C	P
0	0.01018	0.00710	0.00936	0.01020	0.01126	0.00680	0.00768	0.01194	0.01509	0.02009	0.15507	0.25456	0.09213	0.09050	0.01331	0.06881	0.00509	0.19871	0.00630	0.00582
1	0.01969	0.23137	0.34480	0.01660	0.02442	0.08564	0.01858	0.02477	0.01625	0.13401	0.01434	0.01534	0.01049	0.00697	0.00619	0.00200	0.00920	0.00511	0.00404	0.01019
2	0.02225	0.01663	0.01807	0.01483	0.01956	0.01826	0.01188	0.35688	0.24834	0.06957	0.02320	0.07971	0.01835	0.00992	0.00725	0.00225	0.00662	0.00803	0.00709	0.04133
3	0.01014	0.00681	0.00897	0.01022	0.01119	0.00632	0.00729	0.01174	0.01451	0.05263	0.04118	0.57444	0.09802	0.02098	0.00903	0.00287	0.00448	0.09626	0.00671	0.00621
4	0.00888	0.00658	0.00809	0.00905	0.00998	0.00601	0.00616	0.01032	0.01450	0.01894	0.10218	0.47642	0.19350	0.08107	0.01113	0.00306	0.00418	0.01762	0.00653	0.00579
5	0.01747	0.01813	0.03519	0.06197	0.03343	0.01755	0.48149	0.09177	0.01803	0.02477	0.01425	0.01838	0.01080	0.00647	0.00836	0.00225	0.03476	0.00757	0.00400	0.09337
6	0.01744	0.01721	0.02707	0.16119	0.55068	0.05927	0.02101	0.02162	0.01611	0.02203	0.01312	0.01757	0.01084	0.00654	0.00702	0.00214	0.00890	0.00624	0.00347	0.01051
7	0.01346	0.00737	0.00788	0.00763	0.00915	0.00788	0.00585	0.01664	0.01460	0.02577	0.02209	0.02565	0.01752	0.00864	0.00649	0.00178	0.06354	0.00660	0.72473	0.00673
8	0.01980	0.04187	0.01678	0.03330	0.01859	0.08100	0.01109	0.09231	0.32428	0.11377	0.14196	0.02799	0.02627	0.00989	0.00725	0.00225	0.00635	0.00810	0.00694	0.01022
9	0.02406	0.01864	0.01871	0.01521	0.02004	0.07736	0.01224	0.39176	0.18866	0.07256	0.02046	0.02006	0.01490	0.00871	0.00694	0.00215	0.00731	0.00671	0.06232	0.01120

[dist]
# distance from previous block
# <min> <max>
0	5

[block]
# block no. 1 follows, 29 sequences, length 19
# corresponding to MSA columns:
# 38-56
name=unknown_B
#
# <colnr> <probs for GDERKNQSTAVLIFYWHMCP>
#	G	D	E	R	K	N	Q	S	T	A	V	L	I	F	Y	W	H	M	C	P
0	0.00970	0.00692	0.00866	0.00939	0.00961	0.00697	0.00603	0.01042	0.01212	0.01627	0.03078	0.41596	0.03641	0.33078	0.02126	0.00461	0.03796	0.01542	0.00548	0.00525
1	0.02213	0.01769	0.05901	0.01433	0.01964	0.01738	0.01223	0.44343	0.02713	0.06291	0.02617	0.02639	0.12593	0.03097	0.00802	0.00225	0.00703	0.00775	0.00659	0.06300
2	0.01624	0.01618	0.02512	0.07234	0.05459	0.02060	0.11597	0.04912	0.01332	0.01963	0.01089	0.01653	0.00979	0.01065	0.01847	0.00286	0.50930	0.00658	0.00340	0.00843
3	0.01054	0.00754	0.00846	0.00843	0.01075	0.00651	0.00641	0.01254	0.01651	0.07236	0.10219	0.14187	0.49316	0.01771	0.00849	0.00249	0.00403	0.05665	0.00685	0.00653
4	0.01738	0.01821	0.06899	0.04145	0.62201	0.01697	0.06606	0.02196	0.01619	0.02319	0.01343	0.01758	0.01112	0.00635	0.00712	0.00214	0.00881	0.00642	0.00350	0.01112
5	0.01659	0.01981	0.07738	0.05602	0.07393	0.01779	0.58333	0.02257	0.01658	0.02265	0.01420	0.01888	0.01068	0.00610	0.00819	0.00238	0.01164	0.00804	0.00355	0.00968
6	0.00869	0.00641	0.00814	0.00944	0.01023	0.00586	0.00642	0.01011	0.01432	0.01878	0.07179	0.60646	0.15471	0.02129	0.00895	0.00279	0.00401	0.01909	0.00666	0.00586
7	0.01666	0.01877	0.03956	0.02863	0.03496	0.01847	0.59864	0.02212	0.01609	0.02212	0.01379	0.01877	0.01063	0.00679	0.01023	0.00249	0.10024	0.00814	0.00354	0.00938
8	0.02933	0.01429	0.01750	0.01350	0.01885	0.01394	0.01113	0.23927	0.02423	0.45958	0.02432	0.02210	0.01591	0.00870	0.00702	0.00215	0.00647	0.00689	0.05302	0.01180
9	0.01570	0.01597	0.02226	0.05804	0.02123	0.05216	0.05466	0.01777	0.01189	0.01751	0.01051	0.01663	0.00996	0.01410	0.06428	0.00349	0.57639	0.00638	0.00322	0.00784
10	0.00919	0.00646	0.00835	0.00966	0.01006	0.00616	0.00642	0.01029	0.01312	0.01746	0.03568	0.56148	0.04235	0.17235	0.01474	0.00374	0.00485	0.05597	0.00613	0.00553
11	0.00918	0.00726	0.00832	0.00868	0.01040	0.00658	0.00626	0.01188	0.04619	0.02089	0.16237	0.27781	0.36166	0.01844	0.00857	0.00253	0.00382	0.01601	0.00684	0.00629
12	0.01555	0.01321	0.01388	0.01256	0.01618	0.01460	0.00975	0.05989	0.46906	0.02778	0.06114	0.03761	0.19497	0.01189	0.00757	0.00239	0.00515	0.00990	0.00710	0.00983
13	0.01993	0.01539	0.01612	0.01424	0.01832	0.04813	0.01111	0.06052	0.50732	0.12211	0.02815	0.06466	0.02162	0.01009	0.00729	0.00238	0.00602	0.00838	0.00726	0.01098
14	0.71587	0.01444	0.01165	0.01013	0.01468	0.01664	0.00835	0.09288	0.01444	0.03336	0.01070	0.01217	0.00819	0.00682	0.00470	0.00220	0.00576	0.00413	0.00470	0.00819
15	0.01592	0.05044	0.05101	0.06117	0.09570	0.06375	0.18633	0.03321	0.04278	0.02099	0.03113	0.10281	0.04957	0.01026	0.01073	0.00247	0.15004	0.00876	0.00421	0.00871
16	0.01016	0.00682	0.00782	0.00802	0.00807	0.00677	0.00458	0.01030	0.01074	0.01432	0.02441	0.12866	0.02838	0.66429	0.03305	0.00643	0.00658	0.01152	0.00458	0.00449
17	0.01732	0.01973	0.03506	0.02611	0.03166	0.10071	0.48429	0.02203	0.01634	0.02125	0.01499	0.06346	0.01272	0.00790	0.00989	0.00244	0.09290	0.00845	0.00374	0.00900
18	0.01514	0.01060	0.01172	0.01045	0.01222	0.01118	0.00727	0.20541	0.01761	0.02381	0.02273	0.11257	0.02387	0.42620	0.02360	0.00488	0.00673	0.01013	0.03705	0.00683

[dist]
# distance from previous block
# <min> <max>
2	5

[block]
# block no. 2 follows, 29 sequences, length 12
# corresponding to MSA columns:
# 62-73
name=unknown_C
#
# <colnr> <probs for GDERKNQSTAVLIFYWHMCP>
#	G	D	E	R	K	N	Q	S	T	A	V	L	I	F	Y	W	H	M	C	P
0	0.01394	0.01296	0.02075	0.64925	0.04550	0.01604	0.01879	0.02047	0.09299	0.01954	0.01455	0.01986	0.01091	0.00741	0.00713	0.00238	0.00904	0.00653	0.00364	0.00830
1	0.02454	0.01697	0.01860	0.01482	0.01992	0.01839	0.01206	0.40805	0.16749	0.13589	0.02495	0.02365	0.06258	0.00947	0.00724	0.00222	0.00683	0.00746	0.00736	0.01152
2	0.01676	0.01604	0.02734	0.18619	0.56960	0.01669	0.02142	0.02110	0.01581	0.02221	0.01324	0.01791	0.01091	0.00650	0.00706	0.00217	0.00867	0.00634	0.00345	0.01058
3	0.00898	0.00640	0.00810	0.00934	0.00979	0.00601	0.00610	0.01002	0.01317	0.01741	0.03807	0.56924	0.08378	0.16138	0.01425	0.00363	0.00463	0.01802	0.00617	0.00552
4	0.00871	0.00641	0.00817	0.00946	0.01024	0.00587	0.00643	0.01014	0.01435	0.01886	0.07740	0.60766	0.14769	0.02127	0.00895	0.00279	0.00401	0.01908	0.00667	0.00587
5	0.01599	0.29514	0.46956	0.01737	0.02630	0.02073	0.02122	0.02211	0.01483	0.02046	0.01174	0.01373	0.00906	0.00652	0.00597	0.00199	0.00948	0.00474	0.00302	0.01002
6	0.01009	0.00762	0.01039	0.09479	0.01462	0.00811	0.00799	0.01148	0.01251	0.01677	0.02881	0.38375	0.03320	0.23210	0.06273	0.00454	0.03514	0.01440	0.00523	0.00572
7	0.01288	0.00715	0.00771	0.00764	0.00924	0.00741	0.00568	0.01659	0.04304	0.02458	0.02291	0.02809	0.01886	0.06444	0.09541	0.00325	0.00560	0.00707	0.60580	0.00664
8	0.03028	0.01359	0.01729	0.01339	0.01884	0.01281	0.01102	0.14079	0.06347	0.55988	0.02635	0.02321	0.01697	0.00882	0.00716	0.00221	0.00632	0.00709	0.00844	0.01207
9	0.01079	0.00826	0.00972	0.00973	0.01156	0.00797	0.00711	0.05577	0.06548	0.02367	0.21792	0.29909	0.21116	0.01745	0.00849	0.00252	0.00414	0.01528	0.00701	0.00688
10	0.02599	0.01865	0.02033	0.01550	0.02126	0.01996	0.01278	0.56772	0.03058	0.08327	0.01727	0.01727	0.01227	0.00820	0.00692	0.00202	0.00744	0.00621	0.00690	0.09943
11	0.01767	0.01331	0.01542	0.01178	0.01716	0.01173	0.00939	0.15784	0.01919	0.07138	0.04698	0.08753	0.01729	0.00822	0.00628	0.00158	0.00567	0.00678	0.00551	0.46930

[dist]
# distance from previous block
# <min> <max>
0	3

[block]
# block no. 3 follows, 29 sequences, length 43
# corresponding to MSA columns:
# 77-119
name=unknown_D
#
# <colnr> <probs for GDERKNQSTAVLIFYWHMCP>
#	G	D	E	R	K	N	Q	S	T	A	V	L	I	F	Y	W	H	M	C	P
0	0.02126	0.40178	0.05627	0.01454	0.01987	0.19028	0.01312	0.11842	0.01842	0.02121	0.01189	0.01375	0.01011	0.00969	0.04963	0.00233	0.00971	0.00466	0.00383	0.00924
1	0.00878	0.00624	0.00823	0.00979	0.01018	0.00585	0.00647	0.00994	0.01344	0.01792	0.03825	0.70364	0.04584	0.06549	0.01070	0.00313	0.00430	0.01966	0.00647	0.00570
2	0.02222	0.01668	0.01873	0.01439	0.01972	0.01724	0.01175	0.39402	0.02531	0.06231	0.01666	0.04579	0.01311	0.00838	0.00762	0.00191	0.05013	0.00634	0.00608	0.24160
3	0.01044	0.00770	0.01061	0.01046	0.01131	0.00869	0.00763	0.01219	0.01149	0.01627	0.05190	0.03450	0.02232	0.26799	0.44551	0.00926	0.04313	0.00867	0.00413	0.00579
4	0.03195	0.01212	0.01652	0.01267	0.01818	0.01047	0.01047	0.03470	0.02038	0.71026	0.02809	0.02424	0.01763	0.00881	0.00716	0.00220	0.00606	0.00716	0.00881	0.01212
5	0.06958	0.01065	0.01225	0.01098	0.01411	0.01085	0.00856	0.02257	0.16456	0.15952	0.14988	0.09433	0.18781	0.01314	0.00829	0.00239	0.03389	0.01089	0.00710	0.00865
6	0.01637	0.04322	0.02106	0.05939	0.09806	0.01602	0.07044	0.04291	0.07444	0.07767	0.03812	0.09793	0.01816	0.01557	0.08965	0.00353	0.19550	0.00842	0.00475	0.00881
7	0.01016	0.00757	0.00851	0.00856	0.01067	0.00674	0.00630	0.01282	0.04490	0.05302	0.12927	0.21242	0.42770	0.01781	0.00845	0.00249	0.00390	0.01528	0.00688	0.00655
8	0.01068	0.00744	0.00863	0.00844	0.00844	0.00782	0.00501	0.01077	0.01039	0.01401	0.02163	0.04469	0.02487	0.70434	0.03545	0.00667	0.05185	0.01010	0.00424	0.00453
9	0.01446	0.01398	0.02026	0.51206	0.03919	0.06118	0.01760	0.01836	0.01400	0.01826	0.01279	0.01881	0.01021	0.01019	0.04315	0.00285	0.12209	0.00628	0.03649	0.00779
10	0.01629	0.01658	0.02717	0.10748	0.02846	0.05908	0.25415	0.06445	0.01561	0.02111	0.01383	0.01932	0.01149	0.01581	0.13134	0.00403	0.17436	0.00718	0.00372	0.00854
11	0.00852	0.00709	0.00745	0.00764	0.00975	0.00601	0.00562	0.01032	0.01606	0.01949	0.09444	0.15522	0.59105	0.01844	0.00850	0.00246	0.00366	0.01561	0.00666	0.00601
12	0.01743	0.01627	0.02129	0.09066	0.02449	0.08733	0.13486	0.06127	0.08467	0.05086	0.01760	0.08287	0.01507	0.00835	0.00747	0.00200	0.03147	0.00738	0.00478	0.23389
13	0.01971	0.01642	0.01954	0.04247	0.12079	0.05314	0.01368	0.19513	0.16528	0.05549	0.01941	0.05179	0.01610	0.04995	0.03561	0.00292	0.09943	0.00750	0.00560	0.01006
14	0.01477	0.01266	0.01477	0.01055	0.01687	0.00949	0.00844	0.01793	0.01477	0.02320	0.01266	0.01477	0.01055	0.00527	0.00527	0.00105	0.00527	0.00422	0.00422	0.79328
15	0.01895	0.01339	0.01536	0.01309	0.01638	0.01442	0.01018	0.33565	0.02310	0.05926	0.05011	0.16400	0.02355	0.09716	0.10765	0.00406	0.00829	0.00996	0.00637	0.00905
16	0.01711	0.01494	0.01681	0.01695	0.08677	0.01688	0.01196	0.03447	0.58142	0.02846	0.03018	0.02836	0.06426	0.00986	0.00730	0.00238	0.00579	0.00833	0.00683	0.01093
17	0.02492	0.03123	0.01968	0.05224	0.02272	0.64167	0.01374	0.02694	0.01933	0.01741	0.01160	0.01411	0.00974	0.01028	0.05223	0.00248	0.01308	0.00486	0.00365	0.00812
18	0.01783	0.54529	0.17235	0.01484	0.02157	0.02513	0.04179	0.02143	0.01450	0.01818	0.01063	0.01266	0.00919	0.00653	0.00607	0.00178	0.04342	0.00440	0.00306	0.00937
19	0.01240	0.00704	0.00968	0.00947	0.00983	0.00724	0.00637	0.03828	0.01071	0.01440	0.01514	0.02692	0.01550	0.16909	0.09000	0.53569	0.00754	0.00714	0.00357	0.00400
20	0.02660	0.03394	0.02018	0.01834	0.02201	0.72116	0.01376	0.02843	0.02018	0.01743	0.01101	0.01284	0.00917	0.00734	0.00642	0.00183	0.01284	0.00459	0.00367	0.00825
21	0.07754	0.01222	0.01617	0.01247	0.01792	0.01079	0.01030	0.03388	0.01989	0.67000	0.02701	0.02348	0.01704	0.00868	0.00700	0.00220	0.00603	0.00696	0.00855	0.01186
22	0.00896	0.00711	0.00806	0.00809	0.01002	0.00620	0.00597	0.01118	0.01712	0.02199	0.26270	0.14877	0.42363	0.01750	0.00849	0.00241	0.00360	0.01502	0.00699	0.00620
23	0.00871	0.00680	0.00791	0.00853	0.01003	0.00600	0.00606	0.01046	0.01560	0.01986	0.13031	0.34739	0.35816	0.01941	0.00869	0.00259	0.00380	0.01695	0.00675	0.00600
24	0.01345	0.01266	0.02136	0.73264	0.04904	0.01582	0.01978	0.01819	0.01424	0.01819	0.01266	0.01898	0.00949	0.00712	0.00712	0.00237	0.00949	0.00633	0.00316	0.00791
25	0.80005	0.01377	0.01047	0.00936	0.01377	0.01597	0.00771	0.02093	0.01212	0.03195	0.00991	0.01157	0.00771	0.00661	0.00441	0.00220	0.00551	0.00386	0.00441	0.00771
26	0.00988	0.00770	0.00991	0.01062	0.01128	0.00809	0.00748	0.01178	0.03687	0.01816	0.03684	0.50502	0.09979	0.08207	0.02978	0.00339	0.08252	0.01672	0.00600	0.00610
27	0.02847	0.01140	0.01525	0.01204	0.01705	0.00986	0.00990	0.03113	0.01975	0.60513	0.03363	0.03138	0.09936	0.01027	0.00740	0.00226	0.00579	0.03023	0.00848	0.01121
28	0.08390	0.01685	0.03237	0.06889	0.05925	0.01685	0.41572	0.02250	0.01596	0.08559	0.01558	0.04390	0.01225	0.00749	0.00907	0.00243	0.06995	0.00793	0.00418	0.00936
29	0.12727	0.01895	0.01973	0.01539	0.02085	0.02111	0.01268	0.56913	0.05781	0.04257	0.01665	0.01677	0.01193	0.00834	0.00677	0.00216	0.00744	0.00615	0.00677	0.01150
30	0.01837	0.01570	0.01722	0.01359	0.01825	0.05642	0.01090	0.19745	0.01955	0.02750	0.01567	0.07961	0.01395	0.00871	0.00853	0.00182	0.10136	0.00650	0.00504	0.36385
31	0.01880	0.08416	0.13634	0.02419	0.10611	0.15252	0.19556	0.05066	0.01675	0.02141	0.01240	0.01591	0.00998	0.00747	0.00943	0.00226	0.11683	0.00617	0.00355	0.00949
32	0.01477	0.01266	0.01477	0.01055	0.01687	0.00949	0.00844	0.01793	0.01477	0.02320	0.01266	0.01477	0.01055	0.00527	0.00527	0.00105	0.00527	0.00422	0.00422	0.79328
33	0.01717	0.01342	0.01585	0.01346	0.01749	0.01410	0.05265	0.13716	0.26154	0.07405	0.03916	0.03913	0.22209	0.01210	0.00775	0.00239	0.00588	0.03814	0.00688	0.00960
34	0.04244	0.18693	0.02464	0.06531	0.02233	0.14177	0.11604	0.02116	0.05826	0.01977	0.02112	0.08608	0.07350	0.00998	0.00792	0.00222	0.05338	0.03452	0.00432	0.00831
35	0.03151	0.01282	0.01696	0.01300	0.01853	0.01150	0.01074	0.09256	0.02155	0.65075	0.02711	0.02360	0.01713	0.00879	0.00716	0.00220	0.00622	0.00709	0.00866	0.01212
36	0.00936	0.00685	0.00821	0.00857	0.00963	0.00633	0.00582	0.01094	0.01500	0.01988	0.20267	0.26046	0.19244	0.19349	0.01527	0.00359	0.00449	0.01494	0.00636	0.00571
37	0.01988	0.01506	0.01764	0.01582	0.05099	0.01637	0.03073	0.21015	0.29343	0.08390	0.05012	0.10184	0.04040	0.01077	0.00750	0.00235	0.00630	0.00911	0.00699	0.01064
38	0.01164	0.00639	0.00871	0.00881	0.00891	0.00637	0.00567	0.00991	0.01008	0.01371	0.01718	0.07468	0.01837	0.21330	0.02786	0.50356	0.00612	0.00819	0.03680	0.00373
39	0.01010	0.00746	0.01086	0.01096	0.01205	0.00850	0.00828	0.01229	0.01146	0.01635	0.02067	0.07410	0.02046	0.12472	0.60559	0.01044	0.01687	0.00869	0.00404	0.00611
40	0.01453	0.01187	0.01833	0.34283	0.11895	0.01320	0.01519	0.05849	0.01710	0.05584	0.15487	0.10292	0.02585	0.01029	0.00758	0.00235	0.00729	0.00917	0.00503	0.00834
41	0.02411	0.01665	0.02024	0.01602	0.02116	0.01775	0.06535	0.31745	0.19077	0.16658	0.02286	0.05182	0.01692	0.00925	0.00735	0.00227	0.00713	0.00770	0.00718	0.01144
42	0.04363	0.00848	0.01118	0.01230	0.01430	0.00836	0.01062	0.01535	0.01637	0.05071	0.03996	0.07389	0.11119	0.01851	0.00935	0.00309	0.00617	0.53320	0.00657	0.00678

[dist]
# distance from previous block
# <min> <max>
0	13

[block]
# block no. 4 follows, 29 sequences, length 99
# corresponding to MSA columns:
# 133-231
name=unknown_E
#
# <colnr> <probs for GDERKNQSTAVLIFYWHMCP>
#	G	D	E	R	K	N	Q	S	T	A	V	L	I	F	Y	W	H	M	C	P
0	0.01348	0.01014	0.01513	0.03528	0.01594	0.01076	0.10857	0.01661	0.01406	0.02236	0.02004	0.06824	0.01768	0.06549	0.05435	0.00300	0.09806	0.00789	0.36311	0.03979
1	0.01561	0.01493	0.02493	0.34077	0.35284	0.01692	0.02034	0.01980	0.01484	0.02046	0.01268	0.01802	0.01031	0.00728	0.00868	0.00233	0.08015	0.00633	0.00333	0.00947
2	0.01223	0.00972	0.01165	0.00968	0.01331	0.00819	0.00747	0.03718	0.01787	0.02569	0.32314	0.06669	0.10669	0.01144	0.00718	0.00182	0.00430	0.00984	0.00625	0.30964
3	0.01904	0.75404	0.03731	0.01218	0.01828	0.02818	0.01218	0.02132	0.01447	0.01675	0.00990	0.01142	0.00914	0.00609	0.00457	0.00152	0.00761	0.00381	0.00305	0.00914
4	0.03195	0.01212	0.01652	0.01267	0.01818	0.01047	0.01047	0.03470	0.02038	0.71026	0.02809	0.02424	0.01763	0.00881	0.00716	0.00220	0.00606	0.00716	0.00881	0.01212
5	0.00868	0.00620	0.00826	0.00991	0.01033	0.00578	0.00661	0.00991	0.01363	0.01818	0.03925	0.74510	0.04710	0.02231	0.00909	0.00289	0.00413	0.02024	0.00661	0.00578
6	0.01844	0.01535	0.01628	0.01449	0.01862	0.01763	0.01132	0.05803	0.65114	0.05108	0.02858	0.02620	0.02131	0.00960	0.00724	0.00240	0.00572	0.00797	0.00729	0.01132
7	0.01310	0.00665	0.00670	0.00670	0.00826	0.00665	0.00494	0.01622	0.01466	0.02578	0.02318	0.02776	0.01871	0.05304	0.00686	0.00198	0.00353	0.00686	0.74191	0.00650
8	0.02707	0.01995	0.02137	0.01638	0.02208	0.02208	0.01353	0.68159	0.03348	0.04488	0.01710	0.01710	0.01211	0.00855	0.00712	0.00214	0.00784	0.00641	0.00712	0.01211
9	0.01036	0.00690	0.00777	0.00777	0.00777	0.00690	0.00431	0.01036	0.01036	0.01381	0.02244	0.04660	0.02589	0.74975	0.03624	0.00690	0.00690	0.01036	0.00431	0.00431
10	0.02064	0.01301	0.01510	0.01290	0.01688	0.01368	0.01014	0.07061	0.32584	0.21841	0.14266	0.03066	0.02794	0.03820	0.00851	0.00248	0.00554	0.00862	0.00766	0.01052
11	0.00868	0.00620	0.00826	0.00991	0.01033	0.00578	0.00661	0.00991	0.01363	0.01818	0.03925	0.74510	0.04710	0.02231	0.00909	0.00289	0.00413	0.02024	0.00661	0.00578
12	0.01707	0.01633	0.02759	0.04150	0.66335	0.01626	0.02086	0.02115	0.01621	0.02302	0.01694	0.02070	0.05299	0.00705	0.00713	0.00213	0.00817	0.00687	0.00371	0.01096
13	0.09932	0.01226	0.01599	0.01238	0.01779	0.01095	0.01022	0.03349	0.01966	0.65077	0.02650	0.02313	0.01676	0.00862	0.00692	0.00220	0.00601	0.00687	0.00843	0.01173
14	0.01411	0.00744	0.00753	0.00722	0.00913	0.00757	0.00549	0.05672	0.01605	0.02765	0.02286	0.02598	0.01788	0.00831	0.00511	0.00169	0.00359	0.00662	0.74208	0.00697
15	0.03195	0.01212	0.01652	0.01267	0.01818	0.01047	0.01047	0.03470	0.02038	0.71026	0.02809	0.02424	0.01763	0.00881	0.00716	0.00220	0.00606	0.00716	0.00881	0.01212
16	0.01325	0.01239	0.02081	0.70254	0.04743	0.01540	0.01923	0.01785	0.01421	0.01819	0.01376	0.04922	0.01106	0.00775	0.00720	0.00239	0.00927	0.00691	0.00331	0.00782
17	0.06692	0.01119	0.01475	0.01172	0.01638	0.00997	0.00954	0.02955	0.01991	0.53295	0.16784	0.02963	0.02747	0.00990	0.00728	0.00221	0.00547	0.00818	0.00838	0.01076
18	0.00868	0.00620	0.00826	0.00991	0.01033	0.00578	0.00661	0.00991	0.01363	0.01818	0.03925	0.74510	0.04710	0.02231	0.00909	0.00289	0.00413	0.02024	0.00661	0.00578
19	0.02944	0.01174	0.01548	0.01206	0.01710	0.01044	0.00990	0.05741	0.02021	0.59974	0.02706	0.02425	0.01749	0.00874	0.00689	0.00213	0.00579	0.00707	0.10560	0.01144
20	0.01642	0.01184	0.01575	0.19123	0.06251	0.01282	0.01186	0.14963	0.01833	0.07422	0.05700	0.09582	0.04253	0.13906	0.01233	0.00308	0.00696	0.00905	0.06134	0.00821
21	0.02229	0.01719	0.01805	0.01461	0.01881	0.04478	0.01159	0.44502	0.07523	0.03554	0.02104	0.04754	0.04184	0.11559	0.01192	0.00290	0.03163	0.00780	0.00643	0.01021
22	0.01632	0.03261	0.59924	0.01887	0.02836	0.01541	0.02349	0.02359	0.01552	0.10756	0.01505	0.01739	0.01074	0.03569	0.00795	0.00243	0.00983	0.00569	0.00378	0.01048
23	0.02359	0.01377	0.01611	0.01352	0.01802	0.01433	0.01092	0.11832	0.27304	0.28483	0.02732	0.02788	0.01997	0.00976	0.00723	0.00231	0.00601	0.04885	0.05311	0.01113
24	0.01420	0.03617	0.01391	0.04891	0.01655	0.03763	0.00978	0.05818	0.09627	0.04222	0.09132	0.19039	0.05276	0.01586	0.04910	0.00286	0.00654	0.08958	0.00597	0.12181
25	0.01624	0.01927	0.07405	0.02892	0.06315	0.01718	0.57945	0.02201	0.01651	0.02255	0.01572	0.06101	0.01284	0.00700	0.00830	0.00241	0.01132	0.00884	0.00374	0.00950
26	0.00880	0.00677	0.00807	0.00887	0.01024	0.00605	0.00632	0.01052	0.01533	0.01960	0.10848	0.38921	0.31220	0.01983	0.00879	0.00266	0.00395	0.04163	0.00671	0.00598
27	0.01564	0.01577	0.02285	0.01928	0.01965	0.02161	0.04976	0.01743	0.01121	0.01743	0.00961	0.01577	0.00942	0.01213	0.02260	0.00308	0.69941	0.00634	0.00314	0.00788
28	0.05245	0.01627	0.01832	0.01430	0.01955	0.01713	0.01174	0.38662	0.06239	0.24509	0.02123	0.02019	0.01455	0.00861	0.00692	0.00214	0.00681	0.00666	0.05745	0.01157
29	0.01684	0.01856	0.03271	0.02485	0.02935	0.06936	0.39676	0.02107	0.01528	0.02066	0.01402	0.02122	0.01201	0.00880	0.01276	0.00262	0.22558	0.04511	0.00363	0.00879
30	0.00922	0.00706	0.00845	0.00850	0.01021	0.00629	0.00622	0.01163	0.01755	0.02329	0.35272	0.18450	0.29414	0.01723	0.00853	0.00242	0.00359	0.01500	0.00717	0.00629
31	0.01199	0.01039	0.01042	0.01025	0.01216	0.07854	0.00752	0.05514	0.01811	0.02317	0.24334	0.26123	0.19762	0.01662	0.00834	0.00243	0.00488	0.01438	0.00672	0.00676
32	0.01405	0.01306	0.02164	0.68315	0.07300	0.01607	0.01965	0.04002	0.01494	0.01926	0.01283	0.01887	0.00965	0.00714	0.00712	0.00236	0.00940	0.00633	0.00331	0.00817
33	0.01351	0.01086	0.01515	0.24039	0.06543	0.01226	0.01161	0.07807	0.01427	0.01899	0.01831	0.05174	0.01852	0.35320	0.02126	0.00448	0.03238	0.00860	0.00420	0.00678
34	0.80005	0.01377	0.01047	0.00936	0.01377	0.01597	0.00771	0.02093	0.01212	0.03195	0.00991	0.01157	0.00771	0.00661	0.00441	0.00220	0.00551	0.00386	0.00441	0.00771
35	0.01036	0.00682	0.00775	0.00791	0.00805	0.00678	0.00458	0.01069	0.01096	0.01501	0.02416	0.11510	0.02754	0.63241	0.03165	0.00619	0.00641	0.01112	0.05191	0.00460
36	0.06477	0.10287	0.05697	0.01222	0.01546	0.03690	0.01054	0.06013	0.01664	0.08078	0.10753	0.10463	0.05272	0.06244	0.03015	0.00293	0.05070	0.09340	0.03032	0.00791
37	0.05754	0.01195	0.01554	0.01219	0.01707	0.01083	0.00991	0.06730	0.02027	0.55520	0.08245	0.02692	0.02149	0.04734	0.00866	0.00244	0.00596	0.00763	0.00824	0.01110
38	0.01904	0.75404	0.03731	0.01218	0.01828	0.02818	0.01218	0.02132	0.01447	0.01675	0.00990	0.01142	0.00914	0.00609	0.00457	0.00152	0.00761	0.00381	0.00305	0.00914
39	0.01786	0.00938	0.01204	0.01043	0.01365	0.00848	0.00828	0.04265	0.01984	0.25761	0.31348	0.04618	0.14697	0.01326	0.00802	0.00231	0.00465	0.04843	0.00788	0.00860
40	0.00868	0.00620	0.00826	0.00991	0.01033	0.00578	0.00661	0.00991	0.01363	0.01818	0.03925	0.74510	0.04710	0.02231	0.00909	0.00289	0.00413	0.02024	0.00661	0.00578
41	0.00868	0.00620	0.00826	0.00991	0.01033	0.00578	0.00661	0.00991	0.01363	0.01818	0.03925	0.74510	0.04710	0.02231	0.00909	0.00289	0.00413	0.02024	0.00661	0.00578
42	0.19467	0.01309	0.02070	0.13883	0.02542	0.01369	0.19836	0.01980	0.01503	0.05234	0.03675	0.06450	0.01596	0.00841	0.00674	0.00227	0.00757	0.02563	0.13212	0.00811
43	0.01771	0.01530	0.01610	0.01449	0.01852	0.01771	0.01127	0.03784	0.69247	0.02979	0.02898	0.02657	0.02174	0.00966	0.00725	0.00242	0.00564	0.00805	0.00725	0.01127
44	0.01771	0.01530	0.01610	0.01449	0.01852	0.01771	0.01127	0.03784	0.69247	0.02979	0.02898	0.02657	0.02174	0.00966	0.00725	0.00242	0.00564	0.00805	0.00725	0.01127
45	0.00878	0.00627	0.00839	0.01004	0.01050	0.00588	0.00680	0.01010	0.01374	0.01830	0.03919	0.71946	0.04686	0.02221	0.00912	0.00291	0.00422	0.04483	0.00661	0.00581
46	0.00887	0.00645	0.00840	0.00981	0.01053	0.00598	0.00678	0.01036	0.01428	0.01885	0.06718	0.61723	0.10878	0.02146	0.00904	0.00284	0.00419	0.05642	0.00665	0.00589
47	0.01904	0.75404	0.03731	0.01218	0.01828	0.02818	0.01218	0.02132	0.01447	0.01675	0.00990	0.01142	0.00914	0.00609	0.00457	0.00152	0.00761	0.00381	0.00305	0.00914
48	0.01849	0.00907	0.01214	0.01050	0.01355	0.00810	0.00817	0.02142	0.01964	0.29392	0.37673	0.10636	0.04595	0.01304	0.00798	0.00229	0.00449	0.01133	0.00810	0.00874
49	0.01017	0.00763	0.01144	0.01144	0.01272	0.00890	0.00890	0.01272	0.01144	0.01653	0.01907	0.02797	0.01780	0.05340	0.72153	0.01144	0.01907	0.00763	0.00381	0.00636
50	0.02939	0.01417	0.01742	0.01344	0.01879	0.01376	0.01108	0.22926	0.02403	0.46942	0.02449	0.02221	0.01599	0.00870	0.00702	0.00215	0.00644	0.00690	0.05355	0.01180
51	0.01762	0.01692	0.02890	0.04371	0.70533	0.01692	0.02185	0.02185	0.01621	0.02326	0.01339	0.01762	0.01128	0.00634	0.00705	0.00211	0.00846	0.00634	0.00352	0.01128
52	0.04187	0.01399	0.01284	0.01149	0.01440	0.12605	0.00885	0.07942	0.09906	0.06309	0.24720	0.03177	0.03258	0.01038	0.00690	0.00206	0.00576	0.00847	0.17554	0.00827
53	0.77801	0.01395	0.01078	0.00956	0.01401	0.01615	0.00788	0.03976	0.01273	0.03232	0.01012	0.01172	0.00784	0.00667	0.00448	0.00220	0.00557	0.00393	0.00448	0.00784
54	0.01854	0.58906	0.09631	0.01331	0.01932	0.07387	0.01337	0.02136	0.01472	0.01732	0.01085	0.01295	0.00970	0.00937	0.05231	0.00227	0.00900	0.00425	0.00314	0.00902
55	0.00876	0.00630	0.00817	0.00961	0.01013	0.00586	0.00640	0.00996	0.01361	0.01799	0.04041	0.66060	0.08850	0.06421	0.01062	0.00309	0.00426	0.01933	0.00648	0.00571
56	0.12294	0.39456	0.02519	0.05302	0.01777	0.02050	0.01081	0.03974	0.01514	0.02091	0.06453	0.02290	0.10331	0.01009	0.02862	0.00221	0.02900	0.00630	0.00418	0.00827
57	0.04383	0.08093	0.01874	0.01395	0.01813	0.09890	0.01126	0.31289	0.02323	0.07120	0.01788	0.04452	0.01476	0.06006	0.08932	0.00340	0.00905	0.00681	0.05153	0.00961
58	0.03176	0.01241	0.01671	0.01281	0.01833	0.01091	0.01058	0.05918	0.02088	0.68508	0.02768	0.02397	0.01742	0.00880	0.00716	0.00220	0.00613	0.00713	0.00875	0.01212
59	0.01456	0.01540	0.06824	0.16526	0.11063	0.01522	0.18896	0.01944	0.03384	0.02085	0.01583	0.04227	0.01327	0.01439	0.11072	0.00367	0.07393	0.00747	0.05742	0.00863
60	0.01763	0.01761	0.02893	0.10439	0.55046	0.05317	0.07979	0.02194	0.01629	0.02246	0.01329	0.01764	0.01096	0.00644	0.00714	0.00215	0.00910	0.00644	0.00351	0.01067
61	0.00977	0.00704	0.00928	0.00945	0.01078	0.00655	0.00695	0.01255	0.01817	0.02533	0.48486	0.24280	0.06028	0.01695	0.00867	0.00247	0.00375	0.05047	0.00743	0.00646
62	0.01036	0.00690	0.00777	0.00777	0.00777	0.00690	0.00431	0.01036	0.01036	0.01381	0.02244	0.04660	0.02589	0.74975	0.03624	0.00690	0.00690	0.01036	0.00431	0.00431
63	0.05060	0.72412	0.03623	0.01207	0.01809	0.02768	0.01200	0.02131	0.01437	0.01737	0.00990	0.01143	0.00908	0.00611	0.00456	0.00155	0.00753	0.00381	0.00310	0.00908
64	0.01501	0.03666	0.67182	0.02018	0.03030	0.05828	0.02557	0.02290	0.01534	0.02225	0.01267	0.01490	0.00903	0.00680	0.00674	0.00223	0.01066	0.00522	0.00305	0.01039
65	0.01129	0.00814	0.01122	0.01276	0.01444	0.00806	0.01111	0.01448	0.01638	0.02118	0.03978	0.07961	0.08090	0.01957	0.00975	0.00323	0.00638	0.61864	0.00656	0.00652
66	0.10222	0.01320	0.01560	0.01195	0.01709	0.01217	0.04841	0.12630	0.01820	0.02833	0.07783	0.02112	0.03698	0.00747	0.00602	0.00164	0.00573	0.00609	0.07153	0.37214
67	0.01273	0.01159	0.03500	0.07327	0.19732	0.01093	0.05269	0.01657	0.01796	0.02528	0.37181	0.08010	0.04221	0.01161	0.00795	0.00227	0.00590	0.01067	0.00591	0.00821
68	0.01348	0.01263	0.02083	0.61968	0.09005	0.01511	0.01870	0.01797	0.01451	0.01877	0.01615	0.02162	0.04982	0.00764	0.00713	0.00231	0.00894	0.00676	0.00342	0.03447
69	0.01904	0.75404	0.03731	0.01218	0.01828	0.02818	0.01218	0.02132	0.01447	0.01675	0.00990	0.01142	0.00914	0.00609	0.00457	0.00152	0.00761	0.00381	0.00305	0.00914
70	0.00894	0.00720	0.00797	0.00786	0.00996	0.00622	0.00586	0.01121	0.01736	0.02211	0.26740	0.08910	0.47957	0.01711	0.00844	0.00237	0.00355	0.01455	0.00700	0.00622
71	0.03014	0.01196	0.01610	0.01252	0.01775	0.01052	0.01028	0.03359	0.04569	0.64511	0.06717	0.02600	0.02065	0.00918	0.00724	0.00221	0.00589	0.00753	0.00870	0.01177
72	0.02508	0.01742	0.01881	0.01466	0.01975	0.01897	0.01203	0.53921	0.02985	0.08198	0.02011	0.02019	0.03290	0.00880	0.00689	0.00209	0.00704	0.00673	0.10625	0.01124
73	0.01237	0.00618	0.00928	0.00928	0.00928	0.00618	0.00618	0.00928	0.00928	0.01237	0.01237	0.02165	0.01237	0.02474	0.02783	0.79283	0.00618	0.00618	0.00309	0.00309
74	0.02660	0.03394	0.02018	0.01834	0.02201	0.72116	0.01376	0.02843	0.02018	0.01743	0.01101	0.01284	0.00917	0.00734	0.00642	0.00183	0.01284	0.00459	0.00367	0.00825
75	0.03047	0.01243	0.01651	0.01275	0.01807	0.01111	0.01049	0.08034	0.02132	0.62710	0.06197	0.02521	0.01978	0.00909	0.00722	0.00220	0.00605	0.00740	0.00864	0.01184
76	0.00903	0.00645	0.00867	0.01032	0.01088	0.00609	0.00722	0.01052	0.01398	0.01857	0.03905	0.66176	0.04633	0.02198	0.00918	0.00294	0.00444	0.10013	0.00660	0.00588
77	0.00848	0.00722	0.00730	0.00728	0.00966	0.00604	0.00546	0.01034	0.01638	0.01959	0.09573	0.06795	0.67863	0.01790	0.00842	0.00240	0.00360	0.01495	0.00666	0.00604
78	0.02659	0.01375	0.01666	0.01329	0.01805	0.01362	0.01085	0.24202	0.02354	0.36781	0.02499	0.05477	0.01852	0.03339	0.00816	0.00238	0.00645	0.04099	0.05316	0.01101
79	0.80005	0.01377	0.01047	0.00936	0.01377	0.01597	0.00771	0.02093	0.01212	0.03195	0.00991	0.01157	0.00771	0.00661	0.00441	0.00220	0.00551	0.00386	0.00441	0.00771
80	0.00884	0.00626	0.00822	0.00971	0.01008	0.00589	0.00639	0.00996	0.01332	0.01776	0.03765	0.67872	0.04508	0.09144	0.01167	0.00327	0.00439	0.01930	0.00639	0.00564
81	0.06182	0.01172	0.01560	0.01217	0.01727	0.01033	0.00999	0.03208	0.02001	0.61624	0.09232	0.02650	0.02200	0.00928	0.00717	0.00221	0.00578	0.00757	0.00854	0.01141
82	0.01793	0.01844	0.03715	0.02688	0.03331	0.01789	0.54304	0.08432	0.01799	0.04505	0.01517	0.02007	0.01165	0.03529	0.00994	0.00257	0.04141	0.00816	0.00410	0.00964
83	0.80005	0.01377	0.01047	0.00936	0.01377	0.01597	0.00771	0.02093	0.01212	0.03195	0.00991	0.01157	0.00771	0.00661	0.00441	0.00220	0.00551	0.00386	0.00441	0.00771
84	0.02616	0.05623	0.02145	0.01723	0.02179	0.36007	0.01365	0.31840	0.02557	0.02960	0.01362	0.01476	0.01048	0.00799	0.00719	0.00200	0.03322	0.00542	0.00516	0.00999
85	0.01408	0.01353	0.02392	0.48480	0.12358	0.01540	0.11037	0.01855	0.01459	0.01920	0.01445	0.04488	0.01211	0.05044	0.00904	0.00263	0.00939	0.00732	0.00345	0.00828
86	0.05205	0.01299	0.01548	0.01144	0.01743	0.01079	0.00928	0.06279	0.01736	0.21699	0.01713	0.01743	0.01251	0.00651	0.00588	0.00149	0.00566	0.00516	0.00569	0.49596
87	0.02377	0.02119	0.01928	0.01620	0.02047	0.19414	0.01287	0.26927	0.17256	0.07101	0.01841	0.01886	0.01386	0.01046	0.03509	0.00254	0.05716	0.00640	0.00600	0.01046
88	0.01443	0.08355	0.63850	0.01938	0.02923	0.01700	0.02464	0.02206	0.01485	0.02191	0.01285	0.01533	0.00939	0.00866	0.03638	0.00259	0.01069	0.00526	0.00304	0.01026
89	0.03195	0.01212	0.01652	0.01267	0.01818	0.01047	0.01047	0.03470	0.02038	0.71026	0.02809	0.02424	0.01763	0.00881	0.00716	0.00220	0.00606	0.00716	0.00881	0.01212
90	0.00877	0.00648	0.00823	0.00951	0.01036	0.00594	0.00656	0.01025	0.01441	0.01882	0.06731	0.57941	0.16387	0.02120	0.00897	0.00280	0.00409	0.04048	0.00665	0.00588
91	0.06616	0.17295	0.16918	0.01846	0.08755	0.01698	0.07744	0.04383	0.01651	0.14842	0.01822	0.07988	0.01529	0.00867	0.00673	0.00217	0.00798	0.02887	0.00482	0.00986
92	0.00891	0.00640	0.00850	0.01010	0.01068	0.00600	0.00699	0.01034	0.01395	0.01848	0.04012	0.66780	0.06662	0.02195	0.00913	0.00291	0.00432	0.07434	0.00661	0.00586
93	0.01025	0.00701	0.00850	0.00857	0.00883	0.00724	0.00530	0.01080	0.01070	0.01452	0.02248	0.07207	0.02520	0.58423	0.16820	0.00762	0.00915	0.01024	0.00431	0.00477
94	0.01892	0.01956	0.02481	0.03402	0.46710	0.16667	0.01839	0.02286	0.04200	0.02146	0.01376	0.01769	0.01164	0.01010	0.04913	0.03224	0.00982	0.00610	0.00370	0.01004
95	0.03643	0.01491	0.05838	0.51792	0.19747	0.01611	0.02025	0.01933	0.01467	0.01996	0.01275	0.01826	0.00983	0.00691	0.00701	0.00230	0.00920	0.00621	0.00327	0.00881
96	0.01138	0.00813	0.01137	0.01301	0.01461	0.00812	0.01131	0.01459	0.01630	0.02121	0.03775	0.10237	0.04118	0.01976	0.00981	0.00327	0.00648	0.63627	0.00656	0.00653
97	0.08033	0.02032	0.20333	0.23864	0.15813	0.04183	0.01914	0.03647	0.01539	0.02212	0.01667	0.06095	0.04064	0.00822	0.00693	0.00228	0.00877	0.00695	0.00375	0.00913
98	0.08617	0.04769	0.26478	0.01407	0.01971	0.01315	0.01484	0.04531	0.03944	0.06627	0.15957	0.05103	0.04760	0.04846	0.00868	0.00254	0.00712	0.04950	0.00528	0.00877

[dist]
# distance from previous block
# <min> <max>
1	7

[block]
# block no. 5 follows, 29 sequences, length 28
# corresponding to MSA columns:
# 239-266
name=unknown_F
#
# <colnr> <probs for GDERKNQSTAVLIFYWHMCP>
#	G	D	E	R	K	N	Q	S	T	A	V	L	I	F	Y	W	H	M	C	P
0	0.58613	0.03744	0.01276	0.01097	0.01505	0.13545	0.00879	0.02154	0.01397	0.02848	0.04315	0.03577	0.01195	0.00756	0.00508	0.00214	0.00667	0.00489	0.00447	0.00774
1	0.01037	0.00885	0.05474	0.01042	0.01196	0.00722	0.00832	0.01183	0.01385	0.01826	0.06471	0.24699	0.12983	0.10983	0.01513	0.12263	0.00556	0.13817	0.00561	0.00573
2	0.01638	0.01924	0.11986	0.23060	0.31920	0.04978	0.04949	0.02238	0.06255	0.02190	0.01411	0.01812	0.01107	0.00688	0.00707	0.00223	0.00920	0.00632	0.00362	0.01001
3	0.01491	0.01228	0.01558	0.14485	0.02245	0.01049	0.01045	0.01827	0.01503	0.05432	0.01725	0.01950	0.05571	0.00661	0.00591	0.00144	0.00599	0.00545	0.00439	0.55910
4	0.02608	0.08534	0.02151	0.01776	0.02175	0.62270	0.01363	0.07283	0.02068	0.01927	0.01134	0.01303	0.00937	0.00733	0.00633	0.00183	0.01212	0.00465	0.00386	0.00858
5	0.01536	0.03533	0.67046	0.01983	0.03005	0.01617	0.02534	0.02329	0.01536	0.06442	0.01371	0.01559	0.00954	0.00689	0.00679	0.00225	0.01025	0.00538	0.00336	0.01062
6	0.00967	0.00726	0.00896	0.00853	0.01039	0.00655	0.00640	0.01265	0.01920	0.02629	0.54830	0.05693	0.22188	0.01540	0.00840	0.00228	0.00342	0.01340	0.00754	0.00655
7	0.01832	0.01560	0.01644	0.01461	0.01875	0.01800	0.01142	0.07974	0.64958	0.03077	0.02821	0.02595	0.02111	0.00959	0.00724	0.00240	0.00578	0.00794	0.00724	0.01133
8	0.01009	0.00726	0.00944	0.00891	0.01051	0.00673	0.00661	0.01330	0.01972	0.02790	0.67121	0.05290	0.06534	0.04743	0.00964	0.00245	0.00352	0.01276	0.00768	0.00661
9	0.00941	0.00727	0.01047	0.01075	0.01197	0.00672	0.04751	0.01138	0.01524	0.02047	0.16355	0.52028	0.09882	0.01955	0.00887	0.00270	0.00443	0.01775	0.00666	0.00621
10	0.65706	0.01346	0.01159	0.00998	0.01459	0.01495	0.00822	0.02349	0.01366	0.15822	0.01330	0.01393	0.00956	0.00702	0.00492	0.00220	0.00561	0.00447	0.00523	0.00853
11	0.02996	0.01168	0.01589	0.01233	0.01749	0.01013	0.01013	0.03277	0.02036	0.64840	0.08921	0.02686	0.02212	0.00933	0.00727	0.00221	0.00581	0.00768	0.00872	0.01163
12	0.00868	0.00620	0.00826	0.00991	0.01033	0.00578	0.00661	0.00991	0.01363	0.01818	0.03925	0.74510	0.04710	0.02231	0.00909	0.00289	0.00413	0.02024	0.00661	0.00578
13	0.17062	0.01671	0.01777	0.01409	0.01920	0.01810	0.01154	0.41481	0.02621	0.14668	0.01886	0.06153	0.01430	0.00907	0.00674	0.00221	0.00689	0.00690	0.00686	0.01091
14	0.03195	0.01212	0.01652	0.01267	0.01818	0.01047	0.01047	0.03470	0.02038	0.71026	0.02809	0.02424	0.01763	0.00881	0.00716	0.00220	0.00606	0.00716	0.00881	0.01212
15	0.01327	0.00664	0.00664	0.00664	0.00830	0.00664	0.00498	0.01659	0.01493	0.02655	0.02323	0.02655	0.01825	0.00830	0.00498	0.00166	0.00332	0.00664	0.78928	0.00664
16	0.06342	0.01902	0.02047	0.01575	0.02138	0.02085	0.01301	0.59786	0.03141	0.09879	0.01766	0.01742	0.01236	0.00848	0.00700	0.00215	0.00758	0.00635	0.00714	0.01191
17	0.01633	0.01794	0.03558	0.05441	0.03252	0.01898	0.46885	0.02105	0.01506	0.02105	0.01293	0.01819	0.01035	0.00784	0.01252	0.00260	0.21359	0.00772	0.00345	0.00903
18	0.00904	0.00646	0.00869	0.01034	0.01091	0.00610	0.00725	0.01055	0.01400	0.01859	0.03904	0.65744	0.04629	0.02196	0.00919	0.00294	0.00445	0.10426	0.00660	0.00589
19	0.80005	0.01377	0.01047	0.00936	0.01377	0.01597	0.00771	0.02093	0.01212	0.03195	0.00991	0.01157	0.00771	0.00661	0.00441	0.00220	0.00551	0.00386	0.00441	0.00771
20	0.05025	0.12615	0.01928	0.01248	0.01783	0.01365	0.01057	0.03171	0.06015	0.51948	0.04804	0.02305	0.01800	0.00858	0.00673	0.00211	0.00616	0.00680	0.00767	0.01130
21	0.01212	0.01079	0.01033	0.01052	0.01197	0.10473	0.00750	0.01419	0.03649	0.01958	0.14283	0.25930	0.13461	0.11042	0.01281	0.03982	0.00574	0.04411	0.00597	0.00620
22	0.03751	0.01607	0.02709	0.19512	0.49189	0.01684	0.04950	0.04003	0.01619	0.02296	0.01329	0.01782	0.01079	0.00657	0.00706	0.00219	0.00875	0.00637	0.00357	0.01038
23	0.06057	0.03234	0.57402	0.01934	0.02856	0.01642	0.04069	0.02297	0.01505	0.06757	0.01348	0.01557	0.00957	0.00716	0.00756	0.00230	0.04760	0.00544	0.00349	0.01030
24	0.72789	0.01339	0.01069	0.00949	0.01382	0.01529	0.00779	0.02120	0.01287	0.06239	0.04357	0.01411	0.01098	0.00709	0.00472	0.00221	0.00543	0.00443	0.00477	0.00786
25	0.07453	0.12142	0.50902	0.01849	0.02737	0.01752	0.05608	0.02171	0.01477	0.02236	0.01350	0.04785	0.01076	0.00734	0.00651	0.00220	0.00957	0.00582	0.00331	0.00987
26	0.06831	0.01814	0.02009	0.11564	0.25787	0.18475	0.01543	0.02055	0.01653	0.02093	0.02218	0.06215	0.09853	0.00958	0.00714	0.00222	0.00855	0.03843	0.00425	0.00874
27	0.00921	0.00724	0.00832	0.00805	0.01011	0.00635	0.00604	0.01176	0.01811	0.02369	0.37302	0.06120	0.39878	0.01637	0.00841	0.00233	0.00349	0.01400	0.00720	0.00635

[dist]
# distance from previous block
# <min> <max>
6	11

[block]
# block no. 6 follows, 29 sequences, length 31
# corresponding to MSA columns:
# 278-308
name=unknown_G
#
# <colnr> <probs for GDERKNQSTAVLIFYWHMCP>
#	G	D	E	R	K	N	Q	S	T	A	V	L	I	F	Y	W	H	M	C	P
0	0.01435	0.06109	0.01780	0.04142	0.01857	0.01336	0.08633	0.03863	0.11929	0.02339	0.04260	0.06650	0.05112	0.01275	0.00897	0.00256	0.05984	0.20187	0.11150	0.00806
1	0.02497	0.03046	0.02119	0.02077	0.08855	0.57696	0.01467	0.05156	0.01964	0.01901	0.01135	0.01366	0.00950	0.00765	0.00770	0.00196	0.06305	0.00494	0.00375	0.00866
2	0.01152	0.00944	0.05590	0.00995	0.01237	0.00753	0.00821	0.01507	0.01953	0.06611	0.58808	0.08086	0.05966	0.01408	0.00825	0.00227	0.00402	0.01240	0.00752	0.00723
3	0.01219	0.01228	0.02215	0.01703	0.02129	0.01119	0.29092	0.01580	0.01647	0.02117	0.09194	0.04539	0.32799	0.04981	0.00982	0.00262	0.00731	0.01183	0.00531	0.00750
4	0.01000	0.00722	0.00945	0.00901	0.01062	0.00667	0.00671	0.01324	0.01979	0.02797	0.66424	0.09219	0.06605	0.01499	0.00844	0.00228	0.00340	0.01329	0.00777	0.00667
5	0.01541	0.00929	0.00889	0.00824	0.01045	0.03757	0.00632	0.09383	0.01729	0.02829	0.02202	0.02490	0.01717	0.00829	0.00528	0.00172	0.00423	0.00653	0.66695	0.00733
6	0.02660	0.03394	0.02018	0.01834	0.02201	0.72116	0.01376	0.02843	0.02018	0.01743	0.01101	0.01284	0.00917	0.00734	0.00642	0.00183	0.01284	0.00459	0.00367	0.00825
7	0.02908	0.01148	0.01561	0.01218	0.01719	0.00997	0.00997	0.03191	0.02035	0.62082	0.11645	0.02804	0.02413	0.00957	0.00732	0.00221	0.00570	0.00791	0.00869	0.01141
8	0.04371	0.00862	0.01072	0.00984	0.01213	0.00831	0.00749	0.01766	0.07533	0.09442	0.52294	0.07834	0.05536	0.01364	0.00806	0.00228	0.00393	0.01191	0.00769	0.00762
9	0.00849	0.00722	0.00732	0.00729	0.00966	0.00604	0.00547	0.01036	0.01641	0.01966	0.10047	0.06784	0.67385	0.01788	0.00841	0.00240	0.00360	0.01493	0.00667	0.00604
10	0.01904	0.75404	0.03731	0.01218	0.01828	0.02818	0.01218	0.02132	0.01447	0.01675	0.00990	0.01142	0.00914	0.00609	0.00457	0.00152	0.00761	0.00381	0.00305	0.00914
11	0.01157	0.00837	0.01148	0.01299	0.01466	0.00845	0.01119	0.01542	0.04390	0.02148	0.03743	0.11559	0.04054	0.01941	0.00969	0.00322	0.00638	0.59492	0.00659	0.00671
12	0.01018	0.00758	0.01120	0.01120	0.01239	0.00877	0.00860	0.01256	0.01137	0.01635	0.01929	0.02919	0.01833	0.09899	0.67667	0.01115	0.01828	0.00781	0.00385	0.00622
13	0.08033	0.01311	0.01636	0.01271	0.01802	0.01228	0.01047	0.12613	0.02152	0.53455	0.02755	0.02462	0.05093	0.00910	0.00704	0.00220	0.00616	0.00724	0.00817	0.01152
14	0.01835	0.01829	0.02820	0.04166	0.65025	0.07369	0.02120	0.02238	0.01653	0.02279	0.01320	0.01724	0.01111	0.00642	0.00700	0.00209	0.00881	0.00620	0.00354	0.01104
15	0.01327	0.00664	0.00664	0.00664	0.00830	0.00664	0.00498	0.01659	0.01493	0.02655	0.02323	0.02655	0.01825	0.00830	0.00498	0.00166	0.00332	0.00664	0.78928	0.00664
16	0.80005	0.01377	0.01047	0.00936	0.01377	0.01597	0.00771	0.02093	0.01212	0.03195	0.00991	0.01157	0.00771	0.00661	0.00441	0.00220	0.00551	0.00386	0.00441	0.00771
17	0.01208	0.00805	0.00956	0.00935	0.01022	0.00814	0.00611	0.06544	0.01361	0.04177	0.04603	0.18614	0.02958	0.44701	0.07133	0.00569	0.00707	0.01186	0.00524	0.00572
18	0.01340	0.00801	0.01061	0.00970	0.01192	0.00731	0.00745	0.01659	0.01983	0.13155	0.55230	0.07407	0.05802	0.01414	0.00829	0.00229	0.00391	0.03520	0.00790	0.00750
19	0.09369	0.52807	0.07700	0.04767	0.02030	0.04689	0.01305	0.02252	0.05883	0.01954	0.01151	0.01308	0.00984	0.00651	0.00506	0.00175	0.00773	0.00433	0.00347	0.00915
20	0.01667	0.01594	0.02718	0.20128	0.55522	0.01667	0.02138	0.02102	0.01576	0.02210	0.01323	0.01793	0.01087	0.00652	0.00707	0.00217	0.00870	0.00634	0.00344	0.01051
21	0.06101	0.01250	0.01649	0.01270	0.01817	0.01115	0.01049	0.06065	0.02060	0.65719	0.02695	0.02346	0.01702	0.00872	0.00705	0.00220	0.00611	0.00700	0.00858	0.01195
22	0.01022	0.00742	0.01039	0.01039	0.01130	0.00833	0.00759	0.01204	0.01113	0.01575	0.02003	0.03329	0.02011	0.25225	0.52584	0.01015	0.01560	0.00841	0.00396	0.00577
