[name]
unknown

[dist]
# distance from previous block
# <min> <max>
0	21

[block]
# block no. 0 follows, 30 sequences, length 7
# corresponding to MSA columns:
# 21-27
name=unknown_A
#
# <colnr> <probs for GDERKNQSTAVLIFYWHMCP>
#	G	D	E	R	K	N	Q	S	T	A	V	L	I	F	Y	W	H	M	C	P
0	0.01023	0.00771	0.00984	0.01090	0.01276	0.00731	0.00924	0.01296	0.01601	0.02020	0.04834	0.07481	0.26568	0.01874	0.00917	0.00292	0.00545	0.44505	0.00644	0.00625
1	0.01451	0.01180	0.01398	0.01428	0.08037	0.01231	0.00998	0.04831	0.27994	0.04536	0.17531	0.03932	0.16259	0.01183	0.00755	0.00227	0.00504	0.02789	0.00669	0.03066
2	0.23613	0.01385	0.01657	0.17018	0.09028	0.01519	0.01248	0.10234	0.08110	0.02767	0.06378	0.01884	0.01463	0.00748	0.00611	0.00206	0.00663	0.00591	0.00478	0.10399
3	0.01930	0.01373	0.01628	0.10051	0.02116	0.01462	0.01145	0.14518	0.24379	0.13563	0.02561	0.07517	0.05319	0.00973	0.00705	0.00219	0.00619	0.00810	0.00648	0.08465
4	0.02095	0.10529	0.01966	0.01346	0.01874	0.01745	0.01113	0.27358	0.13905	0.07973	0.01852	0.04581	0.01449	0.00809	0.00637	0.00186	0.00646	0.00634	0.00598	0.18704
5	0.01081	0.00817	0.01025	0.00969	0.01136	0.00821	0.00739	0.01315	0.01673	0.05273	0.32094	0.13632	0.24701	0.01572	0.01003	0.00242	0.09267	0.01310	0.00666	0.00662
6	0.00972	0.00777	0.01004	0.01048	0.01149	0.00786	0.00753	0.01118	0.01343	0.01817	0.03697	0.52457	0.12008	0.01898	0.01026	0.00267	0.09359	0.01642	0.00589	0.06289

[dist]
# distance from previous block
# <min> <max>
1	4

[block]
# block no. 1 follows, 30 sequences, length 7
# corresponding to MSA columns:
# 32-38
name=unknown_B
#
# <colnr> <probs for GDERKNQSTAVLIFYWHMCP>
#	G	D	E	R	K	N	Q	S	T	A	V	L	I	F	Y	W	H	M	C	P
0	0.01860	0.01745	0.02222	0.01881	0.05572	0.08042	0.09502	0.17543	0.01827	0.02498	0.01401	0.05878	0.01236	0.00946	0.01203	0.00231	0.24241	0.00682	0.00444	0.11046
1	0.01160	0.00847	0.01024	0.01024	0.01137	0.00870	0.00716	0.09910	0.01563	0.02101	0.08230	0.38689	0.05910	0.18850	0.01528	0.00359	0.03397	0.01457	0.00598	0.00630
2	0.01034	0.00774	0.01040	0.10494	0.01527	0.00797	0.00815	0.04507	0.01418	0.01888	0.06035	0.47388	0.03712	0.13692	0.01281	0.00334	0.00532	0.01550	0.00575	0.00606
3	0.01499	0.01070	0.01290	0.01167	0.01404	0.01138	0.00904	0.11605	0.05772	0.09531	0.08926	0.22231	0.17924	0.01498	0.00995	0.00250	0.10125	0.01231	0.00646	0.00792
4	0.01617	0.11100	0.02015	0.01329	0.01849	0.01423	0.06928	0.10941	0.01682	0.02394	0.01577	0.10289	0.01463	0.00809	0.00683	0.00166	0.03901	0.00671	0.00455	0.38709
5	0.01555	0.01437	0.01937	0.11618	0.08197	0.05096	0.07347	0.07055	0.04807	0.02272	0.03504	0.11360	0.01689	0.00909	0.00806	0.00202	0.06345	0.00776	0.00453	0.22635
6	0.01777	0.12604	0.26260	0.04889	0.09421	0.06662	0.01775	0.02464	0.10486	0.08118	0.01531	0.01677	0.01155	0.00721	0.00694	0.00206	0.03440	0.00556	0.00415	0.05146

[dist]
# distance from previous block
# <min> <max>
3	11

[block]
# block no. 2 follows, 30 sequences, length 38
# corresponding to MSA columns:
# 50-87
name=unknown_C
#
# <colnr> <probs for GDERKNQSTAVLIFYWHMCP>
#	G	D	E	R	K	N	Q	S	T	A	V	L	I	F	Y	W	H	M	C	P
0	0.01315	0.01199	0.01151	0.04783	0.01428	0.12043	0.00829	0.05011	0.03730	0.01946	0.08052	0.26479	0.09566	0.15268	0.03732	0.00351	0.00678	0.01243	0.00549	0.00649
1	0.02554	0.09707	0.02183	0.01665	0.02125	0.38502	0.01325	0.28474	0.02433	0.02751	0.01301	0.01408	0.01011	0.00754	0.00639	0.00188	0.01018	0.00512	0.00486	0.00965
2	0.01167	0.00766	0.00965	0.01060	0.04472	0.00755	0.00660	0.03381	0.01309	0.05016	0.02722	0.28062	0.03013	0.33022	0.04001	0.00455	0.00597	0.01263	0.06724	0.00590
3	0.09433	0.01570	0.02132	0.30821	0.18389	0.06059	0.03434	0.09709	0.05219	0.02394	0.01522	0.01877	0.03026	0.00734	0.00673	0.00220	0.00842	0.00625	0.00409	0.00912
4	0.05656	0.00881	0.01142	0.01091	0.01275	0.00865	0.03233	0.07014	0.01561	0.09183	0.07814	0.39119	0.03455	0.08825	0.01177	0.04492	0.00522	0.01392	0.00620	0.00685
5	0.04779	0.01742	0.02566	0.14709	0.51484	0.08489	0.01980	0.02145	0.01581	0.02180	0.01266	0.01680	0.01045	0.00644	0.00676	0.00209	0.00875	0.00595	0.00345	0.01012
6	0.01437	0.09357	0.66438	0.01926	0.02923	0.01711	0.02468	0.02200	0.01469	0.02165	0.01230	0.01445	0.00885	0.00658	0.00646	0.00215	0.01009	0.00504	0.00295	0.01021
7	0.01658	0.01851	0.03936	0.03131	0.13180	0.01750	0.59200	0.02222	0.01639	0.02242	0.01398	0.01860	0.01065	0.00593	0.00805	0.00231	0.01127	0.00795	0.00352	0.00964
8	0.09066	0.09087	0.57589	0.01851	0.02780	0.01710	0.04256	0.02186	0.01446	0.02254	0.01208	0.01425	0.00878	0.00654	0.00628	0.00215	0.00966	0.00500	0.00310	0.00991
9	0.01413	0.00794	0.00894	0.00837	0.00991	0.00819	0.00610	0.09269	0.01499	0.02356	0.01932	0.02540	0.01637	0.07611	0.01338	0.20217	0.00478	0.00668	0.43491	0.00606
10	0.00876	0.00654	0.00810	0.00906	0.01011	0.00596	0.00636	0.01036	0.01462	0.01902	0.10703	0.45857	0.21277	0.04365	0.00958	0.00280	0.00406	0.05033	0.00651	0.00580
11	0.01992	0.01485	0.01687	0.04054	0.01885	0.01662	0.01139	0.37806	0.09595	0.03291	0.01881	0.02204	0.01497	0.05449	0.16774	0.00436	0.00968	0.00691	0.04529	0.00974
12	0.00938	0.00683	0.00883	0.01012	0.01103	0.00648	0.00729	0.02835	0.01453	0.01908	0.04067	0.56279	0.10634	0.02071	0.00891	0.00283	0.00446	0.11892	0.00648	0.00597
13	0.00968	0.00657	0.00840	0.00940	0.01042	0.00598	0.00649	0.01115	0.01437	0.05390	0.07210	0.57691	0.14823	0.02021	0.00868	0.00270	0.00403	0.01808	0.00664	0.00606
14	0.01708	0.01639	0.02798	0.07499	0.68054	0.01653	0.02132	0.02125	0.01580	0.02257	0.01309	0.01733	0.01097	0.00625	0.00691	0.00208	0.00834	0.00622	0.00344	0.01090
15	0.01508	0.01421	0.02339	0.41439	0.30159	0.01606	0.01953	0.02069	0.06714	0.02062	0.01391	0.01866	0.01090	0.00687	0.00696	0.00223	0.00862	0.00634	0.00354	0.00928
16	0.01385	0.00732	0.00740	0.00710	0.00897	0.00745	0.00540	0.05806	0.01577	0.02713	0.02239	0.02544	0.01751	0.00815	0.00501	0.00166	0.00353	0.00649	0.74456	0.00684
17	0.01942	0.02087	0.02388	0.11958	0.32002	0.23224	0.03651	0.04817	0.01735	0.02097	0.01348	0.01882	0.01152	0.00746	0.00736	0.00211	0.03093	0.03619	0.00372	0.00941
18	0.02589	0.08377	0.02112	0.01678	0.02111	0.47289	0.01315	0.18046	0.02238	0.06017	0.01297	0.01403	0.01009	0.00745	0.00635	0.00186	0.01071	0.00498	0.00460	0.00923
19	0.01014	0.00748	0.00982	0.01111	0.01265	0.00717	0.00917	0.01269	0.01554	0.01991	0.04406	0.19925	0.17657	0.01943	0.00922	0.00297	0.00541	0.41481	0.00645	0.00618
20	0.01511	0.13765	0.45508	0.08761	0.08245	0.04158	0.02184	0.02131	0.01480	0.02063	0.01282	0.03555	0.01014	0.00698	0.00642	0.00211	0.00954	0.00552	0.00313	0.00972
21	0.01450	0.11435	0.64476	0.01903	0.02887	0.01744	0.02428	0.02197	0.01467	0.02148	0.01222	0.01435	0.00885	0.00656	0.00640	0.00213	0.01000	0.00500	0.00295	0.01017
22	0.00962	0.00654	0.00777	0.00828	0.00841	0.00642	0.00494	0.01001	0.01117	0.01489	0.02723	0.26988	0.03198	0.52152	0.02705	0.00551	0.00590	0.01323	0.00494	0.00469
23	0.01683	0.01613	0.02754	0.11703	0.64045	0.01647	0.02120	0.02103	0.01568	0.02227	0.01305	0.01741	0.01087	0.00630	0.00692	0.00210	0.00840	0.00622	0.00342	0.01070
24	0.01653	0.01865	0.04019	0.03044	0.08815	0.01757	0.63499	0.02228	0.01643	0.02239	0.01404	0.01870	0.01062	0.00591	0.00813	0.00233	0.01150	0.00808	0.00352	0.00954
25	0.01479	0.00902	0.01138	0.00994	0.01259	0.00851	0.00772	0.07726	0.02078	0.14102	0.50353	0.04505	0.08434	0.01298	0.00792	0.00219	0.00413	0.01124	0.00772	0.00789
26	0.01527	0.01527	0.02137	0.01832	0.01832	0.02137	0.01527	0.01679	0.01069	0.01679	0.00916	0.01527	0.00916	0.01221	0.02290	0.00305	0.74198	0.00611	0.00305	0.00763
27	0.22353	0.01248	0.01436	0.01147	0.01629	0.01225	0.00942	0.08404	0.01874	0.42676	0.04699	0.02120	0.01620	0.00825	0.00627	0.00213	0.00571	0.00632	0.04726	0.01032
28	0.01499	0.01564	0.02967	0.14682	0.07819	0.01689	0.32340	0.01925	0.01442	0.01995	0.01425	0.05618	0.01229	0.01051	0.04683	0.00294	0.15784	0.00789	0.00352	0.00853
29	0.00907	0.00709	0.00778	0.00785	0.00958	0.00633	0.00572	0.01076	0.01516	0.01893	0.12828	0.06203	0.44060	0.16940	0.01398	0.00332	0.00442	0.06788	0.00614	0.00567
30	0.00857	0.00635	0.00801	0.00915	0.01002	0.00579	0.00627	0.01006	0.01436	0.01885	0.10006	0.56517	0.17094	0.02045	0.00873	0.00269	0.00389	0.01829	0.00658	0.00579
31	0.01687	0.01617	0.02759	0.11171	0.64552	0.01647	0.02121	0.02106	0.01570	0.02231	0.01305	0.01740	0.01088	0.00629	0.00692	0.00210	0.00839	0.00622	0.00342	0.01073
32	0.00968	0.00615	0.00820	0.00923	0.00957	0.00589	0.00611	0.00994	0.01219	0.01658	0.03037	0.48993	0.03534	0.08599	0.01513	0.17992	0.00470	0.01525	0.04483	0.00500
33	0.68258	0.01444	0.01193	0.01025	0.01477	0.01659	0.00845	0.12478	0.01515	0.03329	0.01082	0.01218	0.00823	0.00677	0.00473	0.00215	0.00575	0.00417	0.00473	0.00823
34	0.00927	0.00667	0.00835	0.00916	0.00956	0.00656	0.00599	0.01021	0.01259	0.01681	0.05573	0.44699	0.07212	0.25300	0.01772	0.00404	0.02836	0.01584	0.00570	0.00532
35	0.01025	0.00717	0.00800	0.00798	0.00856	0.00702	0.00487	0.03218	0.01204	0.01570	0.03073	0.10617	0.13255	0.55569	0.02816	0.00561	0.00607	0.01153	0.00485	0.00485
36	0.04465	0.00951	0.00989	0.00934	0.01098	0.04648	0.00682	0.08433	0.01478	0.02232	0.01936	0.06880	0.01760	0.09010	0.05465	0.17345	0.00618	0.00741	0.29722	0.00615
37	0.02322	0.25887	0.02568	0.05247	0.02180	0.18265	0.01321	0.29066	0.02293	0.02773	0.01292	0.01413	0.01015	0.00727	0.00602	0.00185	0.00880	0.00506	0.00474	0.00987

[dist]
# distance from previous block
# <min> <max>
0	2

[block]
# block no. 3 follows, 30 sequences, length 17
# corresponding to MSA columns:
# 90-106
name=unknown_D
#
# <colnr> <probs for GDERKNQSTAVLIFYWHMCP>
#	G	D	E	R	K	N	Q	S	T	A	V	L	I	F	Y	W	H	M	C	P
0	0.02549	0.01893	0.02039	0.01556	0.02120	0.02058	0.01283	0.63026	0.03123	0.04215	0.01638	0.01656	0.01174	0.00810	0.00682	0.00200	0.00746	0.00610	0.00674	0.07947
1	0.01003	0.00672	0.00765	0.00776	0.00779	0.00669	0.00439	0.01012	0.01038	0.01384	0.02317	0.09614	0.02686	0.70226	0.03361	0.00648	0.00657	0.01084	0.00439	0.00433
2	0.01553	0.00924	0.00971	0.00866	0.01110	0.00963	0.00675	0.15424	0.01880	0.02988	0.07852	0.02628	0.02064	0.00869	0.00559	0.00177	0.00417	0.00697	0.56622	0.00761
3	0.08720	0.01342	0.01610	0.01273	0.01773	0.01320	0.01041	0.15735	0.07912	0.43016	0.05176	0.02395	0.03684	0.00896	0.00689	0.00217	0.00603	0.00713	0.00776	0.01110
4	0.20720	0.01883	0.01840	0.01455	0.01974	0.05567	0.01195	0.49968	0.02729	0.03968	0.01482	0.01529	0.01072	0.00788	0.00633	0.00209	0.00740	0.00561	0.00619	0.01068
5	0.02574	0.03027	0.01977	0.01750	0.02142	0.58353	0.01334	0.13161	0.05325	0.02185	0.01254	0.01386	0.01001	0.00748	0.00644	0.00187	0.01149	0.00493	0.00429	0.00882
6	0.00868	0.00627	0.00822	0.00946	0.01013	0.00581	0.00643	0.01021	0.01437	0.01927	0.13229	0.61987	0.08195	0.02061	0.00878	0.00272	0.00392	0.01859	0.00664	0.00581
7	0.00909	0.00662	0.00855	0.00908	0.01020	0.00609	0.00643	0.01126	0.01639	0.02238	0.33584	0.38498	0.11086	0.01816	0.00855	0.00251	0.00367	0.01623	0.00701	0.00609
8	0.02791	0.01273	0.01623	0.01283	0.01772	0.01196	0.01043	0.15770	0.02174	0.51043	0.02664	0.10126	0.01936	0.01002	0.00722	0.00222	0.00607	0.00827	0.00808	0.01120
9	0.01787	0.01454	0.01675	0.01684	0.09644	0.01609	0.01180	0.06552	0.48908	0.06945	0.02960	0.02791	0.07756	0.00969	0.00716	0.00231	0.00580	0.00814	0.00672	0.01070
10	0.01559	0.01018	0.00921	0.00852	0.01075	0.06813	0.00652	0.09171	0.01708	0.02726	0.02110	0.02387	0.01648	0.00808	0.00523	0.00169	0.00452	0.00631	0.64054	0.00723
11	0.02953	0.01148	0.01562	0.01211	0.01720	0.00995	0.00995	0.03227	0.01995	0.65879	0.08413	0.02611	0.02132	0.00911	0.00712	0.00216	0.00572	0.00748	0.00856	0.01144
12	0.01031	0.00872	0.01287	0.01261	0.01349	0.00943	0.05672	0.01194	0.01318	0.01799	0.03251	0.53728	0.06124	0.01879	0.01141	0.00282	0.14045	0.01629	0.00564	0.00631
13	0.02577	0.01913	0.02052	0.01579	0.02133	0.02107	0.01301	0.63997	0.05887	0.04269	0.01708	0.01705	0.01220	0.00832	0.00693	0.00207	0.00751	0.00628	0.00689	0.03753
14	0.16405	0.16220	0.11669	0.04205	0.04801	0.05427	0.01398	0.07023	0.03472	0.09948	0.02609	0.01576	0.01131	0.00780	0.00805	0.00214	0.10423	0.00530	0.00439	0.00925
15	0.04219	0.00640	0.00901	0.00897	0.00913	0.00649	0.00596	0.00962	0.00929	0.01297	0.01286	0.02290	0.01307	0.08538	0.02709	0.69976	0.00609	0.00632	0.00318	0.00330
16	0.58937	0.07467	0.08867	0.03927	0.01736	0.05216	0.01059	0.02097	0.01283	0.02794	0.01017	0.01203	0.00794	0.00651	0.00478	0.00210	0.00659	0.00405	0.00399	0.00799

[dist]
# distance from previous block
# <min> <max>
0	1

[block]
# block no. 4 follows, 30 sequences, length 112
# corresponding to MSA columns:
# 108-219
name=unknown_E
#
# <colnr> <probs for GDERKNQSTAVLIFYWHMCP>
#	G	D	E	R	K	N	Q	S	T	A	V	L	I	F	Y	W	H	M	C	P
0	0.02653	0.01955	0.02094	0.01606	0.02164	0.02164	0.01326	0.68796	0.03281	0.04398	0.01675	0.01675	0.01187	0.00838	0.00698	0.00209	0.00768	0.00628	0.00698	0.01187
1	0.01115	0.00797	0.01114	0.01275	0.01431	0.00795	0.01109	0.01430	0.01597	0.02078	0.03700	0.10114	0.04036	0.01936	0.00961	0.00320	0.00635	0.64273	0.00643	0.00640
2	0.01991	0.58617	0.07492	0.01325	0.01914	0.11930	0.01291	0.02246	0.01521	0.04698	0.01079	0.01214	0.00931	0.00629	0.00496	0.00161	0.00825	0.00406	0.00331	0.00905
3	0.01014	0.00772	0.01154	0.01144	0.01265	0.00912	0.00893	0.01260	0.01120	0.01622	0.01839	0.02703	0.01718	0.05107	0.70481	0.01096	0.04159	0.00743	0.00372	0.00627
4	0.03131	0.01188	0.01619	0.01242	0.01781	0.01026	0.01026	0.03401	0.01997	0.71606	0.02753	0.02375	0.01727	0.00864	0.00702	0.00216	0.00594	0.00702	0.00864	0.01188
5	0.01678	0.00851	0.00922	0.00824	0.01076	0.00850	0.00642	0.08502	0.01714	0.11971	0.02280	0.02480	0.01721	0.00822	0.00537	0.00174	0.00405	0.00655	0.61120	0.00775
6	0.02450	0.01803	0.01950	0.01534	0.02034	0.01984	0.01250	0.61154	0.03062	0.04103	0.01920	0.09939	0.01573	0.00990	0.00720	0.00218	0.00727	0.00781	0.00692	0.01117
7	0.00840	0.00708	0.00728	0.00723	0.00952	0.00595	0.00542	0.01031	0.01626	0.01969	0.12939	0.06577	0.64918	0.01736	0.00825	0.00234	0.00351	0.01453	0.00659	0.00595
8	0.01015	0.00677	0.00761	0.00761	0.00761	0.00677	0.00423	0.01015	0.01015	0.01353	0.02199	0.04567	0.02537	0.75476	0.03552	0.00677	0.00677	0.01015	0.00423	0.00423
9	0.06045	0.05336	0.04799	0.31150	0.03409	0.04215	0.15264	0.06187	0.03935	0.02186	0.01345	0.01774	0.01036	0.00728	0.00801	0.00227	0.06308	0.00633	0.03767	0.00855
10	0.09988	0.02055	0.14232	0.02436	0.03140	0.01699	0.44957	0.02336	0.05834	0.04268	0.01466	0.01797	0.01084	0.00636	0.00746	0.00231	0.01031	0.00722	0.00388	0.00953
11	0.00869	0.00710	0.00757	0.00774	0.00980	0.00614	0.00582	0.01051	0.01565	0.01905	0.09071	0.08819	0.56399	0.06184	0.01001	0.00270	0.00397	0.06824	0.00639	0.00586
12	0.01725	0.47450	0.16576	0.01350	0.01965	0.04500	0.01417	0.03855	0.01497	0.01887	0.01447	0.01602	0.04896	0.00717	0.00587	0.00177	0.03232	0.00492	0.03734	0.00895
13	0.01604	0.36676	0.34500	0.01595	0.02363	0.02103	0.04168	0.02095	0.01431	0.01906	0.01176	0.01480	0.00978	0.04385	0.00715	0.00211	0.00887	0.00486	0.00305	0.00935
14	0.01423	0.01215	0.01421	0.01031	0.01628	0.00915	0.00820	0.01725	0.01443	0.02254	0.01347	0.04446	0.01180	0.00585	0.00532	0.00111	0.00512	0.00477	0.00423	0.76515
15	0.48194	0.06741	0.01311	0.02822	0.01484	0.05109	0.00848	0.06228	0.03637	0.02902	0.01307	0.01485	0.01022	0.00698	0.00485	0.00201	0.00579	0.00462	0.13695	0.00789
16	0.02276	0.01730	0.01854	0.01512	0.01999	0.01937	0.01220	0.38345	0.31902	0.06253	0.02217	0.02101	0.01613	0.00886	0.00703	0.00221	0.00669	0.00700	0.00709	0.01151
17	0.01015	0.00677	0.00761	0.00761	0.00761	0.00677	0.00423	0.01015	0.01015	0.01353	0.02199	0.04567	0.02537	0.75476	0.03552	0.00677	0.00677	0.01015	0.00423	0.00423
18	0.01553	0.27795	0.32708	0.01739	0.02495	0.01938	0.10768	0.02087	0.01526	0.02075	0.07816	0.01764	0.01456	0.00703	0.00626	0.00198	0.00886	0.00580	0.00349	0.00937
19	0.01028	0.00697	0.00867	0.00867	0.00917	0.00736	0.00568	0.01127	0.01078	0.01519	0.02100	0.03865	0.02239	0.48524	0.25077	0.00783	0.01028	0.00907	0.05571	0.00501
20	0.02582	0.03279	0.02001	0.01867	0.04089	0.70685	0.01371	0.02768	0.01967	0.01724	0.01085	0.01272	0.00905	0.00716	0.00631	0.00181	0.01246	0.00454	0.00359	0.00817
21	0.01798	0.01602	0.01599	0.01431	0.01822	0.06137	0.01112	0.05980	0.60767	0.02894	0.05081	0.02577	0.02175	0.00945	0.00709	0.00232	0.00596	0.00779	0.00690	0.01073
22	0.01089	0.00779	0.01079	0.01212	0.01365	0.00769	0.01033	0.01399	0.01637	0.02162	0.12471	0.11810	0.04390	0.01879	0.00941	0.00306	0.00586	0.53794	0.00659	0.00640
23	0.00850	0.00715	0.00742	0.00755	0.00985	0.00607	0.00580	0.01039	0.01592	0.01902	0.06786	0.06813	0.65239	0.01781	0.00836	0.00243	0.00378	0.06917	0.00648	0.00594
24	0.01374	0.01298	0.02195	0.64254	0.13911	0.01565	0.01966	0.01832	0.01422	0.01851	0.01250	0.01842	0.00954	0.00687	0.00697	0.00229	0.00916	0.00620	0.00315	0.00821
25	0.75651	0.01340	0.01062	0.00938	0.01376	0.01532	0.00772	0.02134	0.01237	0.07343	0.01081	0.01210	0.00816	0.00661	0.00448	0.00216	0.00543	0.00398	0.00458	0.00782
26	0.01370	0.01313	0.01610	0.01467	0.01557	0.08249	0.01172	0.01564	0.01178	0.01643	0.01412	0.02165	0.01351	0.05748	0.34141	0.00678	0.31673	0.00672	0.00346	0.00691
27	0.01256	0.00774	0.01010	0.00916	0.01133	0.00702	0.00699	0.01570	0.01959	0.11625	0.58790	0.04922	0.09183	0.01371	0.00807	0.00220	0.00365	0.01200	0.00774	0.00723
28	0.01989	0.02104	0.02583	0.03540	0.50686	0.20208	0.01906	0.04668	0.01750	0.02205	0.01264	0.01603	0.01054	0.00655	0.00675	0.00200	0.00939	0.00577	0.00362	0.01031
29	0.05271	0.48901	0.10459	0.01340	0.01932	0.11352	0.01319	0.02256	0.01538	0.06381	0.02926	0.01363	0.01090	0.00661	0.00520	0.00170	0.00813	0.00443	0.00361	0.00906
30	0.01248	0.00918	0.01196	0.01251	0.01420	0.00976	0.01028	0.01729	0.10379	0.04205	0.05777	0.13115	0.03559	0.07018	0.01179	0.00324	0.05183	0.38167	0.00626	0.00703
31	0.04543	0.07346	0.02114	0.01941	0.09462	0.47136	0.01376	0.09881	0.03917	0.02156	0.01241	0.01415	0.01006	0.00721	0.00625	0.00186	0.01063	0.00496	0.02485	0.00890
32	0.01135	0.00793	0.00975	0.00987	0.01078	0.00821	0.00683	0.05850	0.04106	0.01809	0.02611	0.21956	0.02883	0.30800	0.10104	0.05722	0.00736	0.05868	0.00513	0.00570
33	0.01494	0.16969	0.56938	0.01873	0.02813	0.01837	0.04526	0.02188	0.01469	0.02105	0.01205	0.01421	0.00892	0.00648	0.00628	0.00208	0.00983	0.00499	0.00297	0.01003
34	0.01611	0.05596	0.47326	0.02234	0.11615	0.10874	0.04491	0.02248	0.01572	0.02152	0.03180	0.01585	0.01080	0.00682	0.00665	0.00212	0.01010	0.00547	0.00325	0.00994
35	0.03113	0.01216	0.01637	0.01255	0.01795	0.01067	0.01037	0.05787	0.02044	0.69153	0.02714	0.02350	0.01708	0.00863	0.00702	0.00216	0.00600	0.00699	0.00858	0.01188
36	0.00874	0.00632	0.00811	0.00925	0.00992	0.00586	0.00623	0.01014	0.01401	0.01866	0.11046	0.56959	0.10130	0.07351	0.01070	0.00301	0.00412	0.01796	0.00644	0.00568
37	0.00977	0.00833	0.05228	0.00937	0.01067	0.00682	0.00702	0.01141	0.01328	0.01831	0.07472	0.34409	0.09661	0.18063	0.03781	0.02549	0.00540	0.01406	0.06820	0.00573
38	0.01043	0.00725	0.00905	0.00937	0.01030	0.00716	0.00647	0.01272	0.07005	0.01889	0.14294	0.25793	0.07907	0.16092	0.01665	0.12849	0.00494	0.03602	0.00575	0.00561
39	0.00998	0.00743	0.01099	0.01099	0.01216	0.00860	0.00844	0.01232	0.01115	0.01603	0.01890	0.02855	0.01794	0.09614	0.68398	0.01094	0.01795	0.00764	0.00377	0.00611
40	0.01507	0.01312	0.01297	0.01267	0.04209	0.13343	0.00924	0.05194	0.01732	0.05235	0.18615	0.06355	0.10183	0.01858	0.12942	0.00366	0.03414	0.00919	0.08589	0.00739
41	0.01451	0.08603	0.52246	0.05508	0.02830	0.01784	0.02276	0.02096	0.01402	0.02062	0.01178	0.01475	0.00892	0.00748	0.00905	0.00229	0.12527	0.00525	0.00297	0.00966
42	0.01124	0.00803	0.01124	0.01285	0.01446	0.00803	0.01124	0.01446	0.01606	0.02088	0.03695	0.07871	0.04016	0.01928	0.00964	0.00321	0.00643	0.66426	0.00643	0.00643
43	0.00978	0.00677	0.00851	0.00936	0.01049	0.00621	0.00663	0.01136	0.01448	0.04698	0.07876	0.44615	0.17626	0.06911	0.01051	0.00297	0.00436	0.06887	0.00647	0.00598
44	0.01467	0.08098	0.58689	0.02151	0.07703	0.01706	0.06281	0.02199	0.01488	0.02179	0.01247	0.01491	0.00910	0.00651	0.00660	0.00216	0.01007	0.00532	0.00302	0.01022
45	0.01519	0.13107	0.04077	0.32310	0.14182	0.01694	0.01655	0.04244	0.06542	0.02032	0.01592	0.02388	0.01380	0.03933	0.00800	0.00241	0.00819	0.06231	0.00389	0.00866
46	0.63802	0.01824	0.15911	0.01143	0.01701	0.01577	0.01139	0.02085	0.01248	0.02937	0.01031	0.01205	0.00783	0.00651	0.00480	0.00217	0.00643	0.00407	0.00403	0.00814
47	0.01076	0.00941	0.00950	0.00902	0.01108	0.06979	0.00677	0.01342	0.01848	0.02401	0.43574	0.05361	0.27316	0.01477	0.00807	0.00221	0.00419	0.01260	0.00692	0.00649
48	0.01523	0.03046	0.51126	0.04584	0.05814	0.01696	0.09926	0.06321	0.01588	0.02311	0.01282	0.01559	0.00935	0.00693	0.00767	0.00226	0.04692	0.00570	0.00330	0.01012
49	0.01539	0.01309	0.01536	0.01123	0.01701	0.01092	0.00905	0.06571	0.01556	0.02390	0.01252	0.01468	0.01037	0.00583	0.00638	0.00123	0.05015	0.00441	0.00427	0.69294
50	0.01903	0.72253	0.03572	0.01224	0.01809	0.06270	0.01202	0.02125	0.01446	0.01645	0.00976	0.01126	0.00896	0.00603	0.00457	0.00151	0.00772	0.00377	0.00302	0.00891
51	0.02508	0.03154	0.02017	0.01886	0.04533	0.65732	0.01387	0.02694	0.01906	0.01726	0.01076	0.01292	0.00907	0.00748	0.00737	0.00189	0.05870	0.00466	0.00356	0.00816
52	0.01014	0.00680	0.00776	0.00776	0.00781	0.00685	0.00442	0.01025	0.01019	0.01364	0.02185	0.04490	0.02504	0.72524	0.06458	0.00695	0.00727	0.01004	0.00421	0.00431
53	0.01880	0.01571	0.01659	0.01449	0.01870	0.01803	0.01139	0.13958	0.59377	0.03152	0.02657	0.02457	0.01982	0.00930	0.00708	0.00232	0.00586	0.00764	0.00708	0.01117
54	0.01000	0.00737	0.01067	0.01067	0.01172	0.00843	0.00804	0.01211	0.01105	0.01579	0.01919	0.03019	0.01865	0.15903	0.62206	0.01054	0.01688	0.00788	0.00381	0.00593
55	0.01459	0.01251	0.01453	0.01050	0.01661	0.00964	0.00839	0.01839	0.04322	0.02301	0.01308	0.01496	0.01080	0.00535	0.00525	0.00109	0.00518	0.00429	0.00426	0.76437
56	0.01940	0.01046	0.01242	0.01046	0.01369	0.01014	0.00798	0.08027	0.07956	0.24175	0.06900	0.03138	0.04518	0.17246	0.01298	0.00306	0.00555	0.00814	0.12439	0.04173
57	0.00885	0.00634	0.00840	0.00948	0.01020	0.00590	0.00650	0.01058	0.01496	0.02035	0.20548	0.57595	0.05107	0.01997	0.00874	0.00267	0.00386	0.01804	0.00678	0.00590
58	0.00876	0.00622	0.00798	0.00928	0.00969	0.00585	0.00607	0.00980	0.01293	0.01716	0.03695	0.61264	0.06624	0.13968	0.01317	0.00345	0.00447	0.01810	0.00612	0.00544
59	0.01727	0.01658	0.02832	0.04283	0.71123	0.01658	0.02142	0.02142	0.01589	0.02280	0.01313	0.01727	0.01105	0.00622	0.00691	0.00207	0.00829	0.00622	0.00345	0.01105
60	0.08531	0.01136	0.01484	0.01169	0.01651	0.01016	0.00957	0.03022	0.01935	0.57341	0.11738	0.02664	0.02307	0.00923	0.00698	0.00216	0.00554	0.00753	0.00819	0.01085
61	0.04707	0.00681	0.00667	0.00662	0.00836	0.00690	0.00499	0.01644	0.01452	0.02624	0.02220	0.02538	0.01744	0.00806	0.00485	0.00165	0.00334	0.00639	0.75952	0.00655
62	0.02804	0.01384	0.01702	0.01340	0.01859	0.01360	0.01095	0.15727	0.13755	0.47336	0.02566	0.02283	0.01694	0.00873	0.00702	0.00218	0.00619	0.00703	0.00807	0.01173
63	0.06145	0.01003	0.01526	0.35369	0.05406	0.01158	0.01312	0.01487	0.01295	0.01807	0.01888	0.12264	0.04482	0.01469	0.04668	0.13845	0.00780	0.00835	0.02604	0.00658
64	0.00881	0.00639	0.00838	0.03127	0.01096	0.00609	0.00657	0.01002	0.01316	0.01741	0.03753	0.61832	0.07614	0.09974	0.01167	0.00322	0.00447	0.01813	0.00614	0.00559
65	0.14053	0.01464	0.02185	0.23539	0.12513	0.04091	0.12025	0.04777	0.01554	0.04529	0.03725	0.04138	0.01303	0.00790	0.00736	0.02611	0.00824	0.00667	0.00407	0.04070
66	0.02803	0.03868	0.01714	0.04903	0.01926	0.01204	0.01085	0.10001	0.02040	0.54211	0.02569	0.06761	0.01781	0.00926	0.00704	0.00218	0.00623	0.00758	0.00785	0.01118
67	0.00932	0.00743	0.00975	0.03405	0.01232	0.00708	0.02609	0.01117	0.01465	0.01893	0.08988	0.35411	0.24974	0.04942	0.01012	0.00281	0.02457	0.05639	0.00617	0.00601
68	0.01646	0.07812	0.16594	0.15534	0.25741	0.01710	0.13713	0.02157	0.01546	0.05028	0.01339	0.01707	0.01032	0.00646	0.00691	0.00215	0.00931	0.00620	0.00348	0.00990
69	0.01393	0.03248	0.61076	0.02101	0.07362	0.01561	0.04225	0.02129	0.01477	0.02188	0.01422	0.06087	0.01136	0.00753	0.00683	0.00224	0.00983	0.00623	0.00322	0.01005
70	0.74407	0.01364	0.01088	0.00956	0.01396	0.01564	0.00787	0.04469	0.01296	0.06053	0.01071	0.01205	0.00812	0.00664	0.00453	0.00216	0.00550	0.00400	0.00459	0.00789
71	0.01415	0.01136	0.01783	0.06809	0.26182	0.01142	0.01469	0.01777	0.01652	0.05145	0.11434	0.04752	0.03037	0.01280	0.00822	0.00258	0.00683	0.27842	0.00543	0.00839
72	0.01632	0.01990	0.08342	0.02882	0.03608	0.01756	0.64472	0.02234	0.01636	0.02234	0.01402	0.01857	0.01048	0.00593	0.00814	0.00234	0.01167	0.00804	0.00349	0.00947
73	0.00838	0.00702	0.00729	0.00733	0.00953	0.00593	0.00546	0.01023	0.01606	0.01947	0.11579	0.10034	0.62802	0.01763	0.00828	0.00237	0.00354	0.01483	0.00657	0.00593
74	0.01527	0.01527	0.02137	0.01832	0.01832	0.02137	0.01527	0.01679	0.01069	0.01679	0.00916	0.01527	0.00916	0.01221	0.02290	0.00305	0.74198	0.00611	0.00305	0.00763
75	0.77256	0.01343	0.01050	0.00931	0.01367	0.01543	0.00767	0.02106	0.01221	0.05922	0.01044	0.01184	0.00795	0.00657	0.00443	0.00216	0.00542	0.00391	0.00449	0.00773
76	0.01616	0.01741	0.02959	0.02294	0.02602	0.04556	0.29533	0.01952	0.01343	0.01913	0.01129	0.01665	0.00975	0.00939	0.01617	0.00272	0.41034	0.00694	0.00327	0.00839
77	0.00978	0.00724	0.00854	0.00814	0.01020	0.00639	0.00613	0.01239	0.01810	0.04338	0.41322	0.05782	0.34214	0.01558	0.00820	0.00226	0.00347	0.01337	0.00719	0.00643
78	0.00970	0.00665	0.00785	0.00822	0.00845	0.00657	0.00497	0.01014	0.01113	0.01481	0.02737	0.20581	0.05469	0.53183	0.05748	0.00590	0.00653	0.01241	0.00480	0.00470
79	0.01727	0.01658	0.02832	0.04283	0.71123	0.01658	0.02142	0.02142	0.01589	0.02280	0.01313	0.01727	0.01105	0.00622	0.00691	0.00207	0.00829	0.00622	0.00345	0.01105
80	0.01067	0.00702	0.00883	0.00956	0.01045	0.00671	0.00650	0.01246	0.03709	0.05988	0.03528	0.45910	0.07182	0.18604	0.01474	0.00366	0.00490	0.04322	0.00612	0.00595
81	0.77085	0.01444	0.04002	0.00963	0.01420	0.01568	0.00832	0.02058	0.01200	0.03092	0.00983	0.01148	0.00761	0.00648	0.00442	0.00216	0.00560	0.00384	0.00426	0.00767
82	0.01019	0.00796	0.01115	0.01100	0.01161	0.00830	0.04534	0.01129	0.01219	0.01654	0.02861	0.39863	0.03345	0.26553	0.01919	0.00415	0.07954	0.01455	0.00521	0.00560
83	0.01435	0.07303	0.54247	0.01928	0.02773	0.01707	0.05621	0.02111	0.01457	0.02148	0.04124	0.01636	0.01136	0.00746	0.00837	0.00226	0.08706	0.00564	0.00319	0.00975
84	0.04732	0.39719	0.08095	0.01333	0.01882	0.09668	0.01259	0.08738	0.01723	0.07640	0.05258	0.01612	0.01343	0.00881	0.03229	0.00212	0.00823	0.00509	0.00423	0.00920
85	0.01866	0.75896	0.03657	0.01194	0.01791	0.02761	0.01194	0.02090	0.01418	0.01642	0.00970	0.01119	0.00896	0.00597	0.00448	0.00149	0.00746	0.00373	0.00299	0.00896
86	0.01011	0.00852	0.03919	0.00998	0.01174	0.00740	0.00775	0.01396	0.05874	0.02446	0.41127	0.26653	0.05394	0.01615	0.00834	0.00243	0.00404	0.03169	0.00704	0.00672
87	0.01016	0.00697	0.00852	0.00858	0.00891	0.00723	0.00546	0.01081	0.01062	0.01440	0.02193	0.04324	0.02433	0.57707	0.17901	0.00755	0.00924	0.03702	0.00422	0.00474
88	0.00988	0.00713	0.00933	0.00878	0.01043	0.00658	0.00658	0.01317	0.01975	0.02798	0.70754	0.05213	0.06584	0.01427	0.00823	0.00219	0.00329	0.01262	0.00768	0.00658
89	0.01635	0.01931	0.06407	0.02872	0.03566	0.01772	0.64108	0.02216	0.01622	0.02216	0.01390	0.01857	0.01048	0.00611	0.00866	0.00237	0.03552	0.00806	0.00349	0.00939
90	0.02607	0.03326	0.01978	0.01798	0.02157	0.72674	0.01348	0.02787	0.01978	0.01708	0.01079	0.01258	0.00899	0.00719	0.00629	0.00180	0.01258	0.00449	0.00360	0.00809
91	0.07380	0.01918	0.02029	0.01564	0.02115	0.02128	0.01292	0.64738	0.03154	0.04321	0.01633	0.01642	0.01161	0.00826	0.00682	0.00210	0.00754	0.00613	0.00682	0.01161
92	0.00900	0.00687	0.01016	0.01094	0.01176	0.00642	0.04884	0.01050	0.01355	0.01810	0.03694	0.70459	0.04394	0.02087	0.00887	0.00280	0.00453	0.01911	0.00629	0.00590
93	0.00825	0.00707	0.00707	0.00707	0.00943	0.00589	0.00530	0.01001	0.01591	0.01885	0.07069	0.06716	0.70839	0.01767	0.00825	0.00236	0.00353	0.01473	0.00648	0.00589
94	0.02618	0.02998	0.02005	0.01752	0.02159	0.55816	0.01343	0.18569	0.02289	0.02351	0.01221	0.01358	0.00968	0.00747	0.00646	0.00187	0.01141	0.00492	0.00440	0.00899
95	0.01092	0.00782	0.01074	0.01211	0.01363	0.00773	0.01033	0.01390	0.01598	0.02090	0.08122	0.10442	0.05945	0.04494	0.01039	0.00323	0.00605	0.55349	0.00643	0.00631
96	0.01013	0.00771	0.01152	0.01143	0.01264	0.00910	0.00892	0.01259	0.01120	0.01622	0.01841	0.02705	0.01720	0.05114	0.70612	0.01097	0.04025	0.00744	0.00372	0.00627
97	0.80405	0.01350	0.01026	0.00918	0.01350	0.01565	0.00756	0.02051	0.01188	0.03131	0.00972	0.01134	0.00756	0.00648	0.00432	0.00216	0.00540	0.00378	0.00432	0.00756
98	0.01673	0.01602	0.02734	0.13543	0.62289	0.01644	0.02114	0.02094	0.01563	0.02214	0.01303	0.01745	0.01082	0.00632	0.00692	0.00211	0.00842	0.00622	0.00341	0.01061
99	0.01301	0.00650	0.00650	0.00650	0.00813	0.00650	0.00488	0.01626	0.01463	0.02602	0.02276	0.02602	0.01789	0.00813	0.00488	0.00163	0.00325	0.00650	0.79350	0.00650
100	0.64786	0.01517	0.06315	0.07145	0.04759	0.01572	0.01045	0.02045	0.01243	0.02917	0.01029	0.01244	0.00794	0.00652	0.00482	0.00217	0.00620	0.00418	0.00408	0.00792
101	0.03526	0.05347	0.50125	0.05334	0.15186	0.01639	0.02329	0.02213	0.01500	0.04621	0.01299	0.01546	0.00952	0.00662	0.00658	0.00216	0.00954	0.00537	0.00328	0.01028
102	0.00893	0.00714	0.00806	0.00830	0.01031	0.00627	0.00638	0.01110	0.01638	0.02054	0.16792	0.11195	0.47027	0.01761	0.00847	0.00248	0.00391	0.10124	0.00667	0.00606
103	0.09794	0.02319	0.25129	0.10388	0.16678	0.05950	0.06407	0.03873	0.06750	0.04176	0.01404	0.01662	0.01057	0.00686	0.00663	0.00218	0.00898	0.00580	0.00385	0.00983
104	0.01321	0.03949	0.05777	0.07065	0.09446	0.05691	0.06428	0.01596	0.01433	0.01909	0.05073	0.28051	0.02646	0.04110	0.01074	0.00269	0.09691	0.03252	0.00472	0.00747
105	0.02628	0.01731	0.01907	0.01474	0.01999	0.01864	0.01214	0.53049	0.02934	0.15198	0.01896	0.01860	0.01320	0.00840	0.00683	0.00207	0.00706	0.00642	0.06703	0.01146
106	0.01519	0.00897	0.00965	0.03303	0.01197	0.00948	0.00696	0.13053	0.01756	0.02838	0.02122	0.02425	0.01655	0.01004	0.03640	0.00214	0.00487	0.00650	0.59887	0.00745
107	0.02312	0.08804	0.01636	0.01155	0.01603	0.01222	0.00952	0.04977	0.09346	0.38227	0.06048	0.04888	0.10992	0.01020	0.00695	0.00214	0.00553	0.00832	0.03512	0.01012
108	0.00955	0.00700	0.00896	0.00873	0.01029	0.00641	0.00645	0.01245	0.01861	0.02587	0.56495	0.13765	0.12606	0.01551	0.00831	0.00229	0.00341	0.01369	0.00742	0.00641
109	0.01015	0.00677	0.00761	0.00761	0.00761	0.00677	0.00423	0.01015	0.01015	0.01353	0.02199	0.04567	0.02537	0.75476	0.03552	0.00677	0.00677	0.01015	0.00423	0.00423
110	0.01508	0.05708	0.52908	0.07539	0.10863	0.05225	0.02371	0.02195	0.01504	0.02141	0.01240	0.01508	0.00914	0.00661	0.00660	0.00216	0.01002	0.00527	0.00305	0.01005
111	0.06519	0.01690	0.03286	0.10006	0.15436	0.01675	0.40959	0.02187	0.04511	0.02270	0.01484	0.04038	0.01188	0.00672	0.00760	0.00230	0.01000	0.00773	0.00376	0.00938

[dist]
# distance from previous block
# <min> <max>
2	4

[block]
# block no. 5 follows, 30 sequences, length 30
# corresponding to MSA columns:
# 225-254
name=unknown_F
#
# <colnr> <probs for GDERKNQSTAVLIFYWHMCP>
#	G	D	E	R	K	N	Q	S	T	A	V	L	I	F	Y	W	H	M	C	P
0	0.01629	0.07954	0.13685	0.02189	0.02794	0.01758	0.33730	0.08138	0.01654	0.02255	0.01611	0.02107	0.03732	0.06714	0.01089	0.00265	0.06662	0.00745	0.00384	0.00905
1	0.01607	0.01536	0.02616	0.24650	0.51693	0.01626	0.02082	0.02037	0.01532	0.02134	0.01291	0.01766	0.01054	0.00644	0.00693	0.00215	0.00859	0.00621	0.00335	0.01009
2	0.02270	0.09700	0.02093	0.01501	0.02010	0.02088	0.01240	0.40484	0.24759	0.03622	0.01979	0.01918	0.01463	0.00848	0.00675	0.00212	0.00695	0.00653	0.00659	0.01129
3	0.01580	0.00922	0.01133	0.00981	0.01281	0.00849	0.00767	0.07168	0.01996	0.18639	0.34626	0.04620	0.19978	0.01328	0.00785	0.00222	0.00431	0.01130	0.00757	0.00807
4	0.03045	0.01208	0.01620	0.01247	0.01776	0.01065	0.01028	0.06254	0.02054	0.66541	0.04749	0.02429	0.01849	0.00879	0.00705	0.00216	0.00594	0.00715	0.00853	0.01172
5	0.02579	0.01918	0.02053	0.01591	0.02136	0.02130	0.01308	0.63547	0.08650	0.04279	0.01769	0.01750	0.01263	0.00846	0.00699	0.00212	0.00750	0.00641	0.00699	0.01180
6	0.01212	0.00606	0.00909	0.00909	0.00909	0.00606	0.00606	0.00909	0.00909	0.01212	0.01212	0.02121	0.01212	0.02424	0.02727	0.79697	0.00606	0.00606	0.00303	0.00303
7	0.02653	0.01955	0.02094	0.01606	0.02164	0.02164	0.01326	0.68796	0.03281	0.04398	0.01675	0.01675	0.01187	0.00838	0.00698	0.00209	0.00768	0.00628	0.00698	0.01187
8	0.02998	0.01401	0.01752	0.01343	0.01888	0.01343	0.01109	0.21609	0.02355	0.52893	0.02453	0.02180	0.01577	0.00856	0.00701	0.00214	0.00642	0.00681	0.00818	0.01187
9	0.00890	0.00695	0.00817	0.00889	0.01053	0.00622	0.00671	0.01081	0.01535	0.01924	0.07932	0.26459	0.37966	0.01902	0.00868	0.00263	0.00417	0.12772	0.00651	0.00594
10	0.00877	0.00712	0.00770	0.00771	0.00980	0.00617	0.00581	0.01079	0.01627	0.02019	0.16763	0.06452	0.53666	0.04951	0.00952	0.00257	0.00381	0.05291	0.00657	0.00596
11	0.23592	0.01394	0.01555	0.01234	0.01744	0.01420	0.01016	0.16144	0.04155	0.37753	0.02065	0.01911	0.01373	0.00804	0.00629	0.00215	0.00613	0.00603	0.00711	0.01070
12	0.06039	0.01194	0.01597	0.01229	0.01765	0.01046	0.01015	0.03350	0.01967	0.69029	0.02686	0.02328	0.01691	0.00856	0.00692	0.00216	0.00592	0.00690	0.00847	0.01171
13	0.01618	0.01666	0.02048	0.10989	0.02207	0.10381	0.01513	0.01822	0.01236	0.01736	0.01036	0.01585	0.00954	0.01077	0.01810	0.00275	0.52914	0.00594	0.03775	0.00765
14	0.02677	0.01165	0.01528	0.01210	0.01681	0.01062	0.00985	0.06164	0.06099	0.53166	0.13754	0.02817	0.02515	0.00959	0.00722	0.00217	0.00557	0.00794	0.00831	0.01097
15	0.13052	0.02067	0.01850	0.06561	0.02172	0.18493	0.01254	0.34638	0.02444	0.05783	0.01471	0.01578	0.01085	0.00774	0.00638	0.00203	0.00840	0.00555	0.03550	0.00990
16	0.01273	0.01034	0.01234	0.01379	0.06910	0.05073	0.00942	0.08351	0.01706	0.02249	0.11684	0.36460	0.03856	0.04081	0.00927	0.00274	0.00560	0.10683	0.00619	0.00707
17	0.63738	0.01747	0.13662	0.01119	0.01662	0.01557	0.01089	0.02125	0.01266	0.05266	0.01081	0.01236	0.00811	0.00658	0.00482	0.00217	0.00629	0.00413	0.00422	0.00819
18	0.01040	0.00769	0.01091	0.01334	0.05653	0.00751	0.00975	0.01277	0.01484	0.01963	0.03612	0.37594	0.04101	0.01961	0.00914	0.00297	0.00548	0.33371	0.00626	0.00638
19	0.01212	0.00606	0.00909	0.00909	0.00909	0.00606	0.00606	0.00909	0.00909	0.01212	0.01212	0.02121	0.01212	0.02424	0.02727	0.79697	0.00606	0.00606	0.00303	0.00303
20	0.08573	0.01693	0.01944	0.01604	0.04060	0.04422	0.05198	0.39163	0.02438	0.06126	0.01587	0.01776	0.01198	0.01161	0.04930	0.05374	0.03612	0.00621	0.03521	0.00996
21	0.01488	0.14938	0.58012	0.01966	0.05863	0.01802	0.02340	0.02188	0.01470	0.02123	0.01210	0.01429	0.00896	0.00651	0.00630	0.00209	0.00977	0.00498	0.00298	0.01013
22	0.01381	0.00728	0.00736	0.00707	0.00894	0.00741	0.00538	0.05630	0.01572	0.02709	0.02241	0.02546	0.01753	0.00814	0.00500	0.00165	0.00352	0.00649	0.74662	0.00682
23	0.00862	0.00616	0.00820	0.00964	0.01015	0.00575	0.00649	0.01002	0.01391	0.01870	0.09644	0.68971	0.04786	0.02120	0.00885	0.00278	0.00398	0.01921	0.00658	0.00575
24	0.04583	0.07304	0.04219	0.08488	0.14171	0.01370	0.08574	0.01926	0.04614	0.04507	0.04897	0.06392	0.02397	0.01161	0.00778	0.00251	0.00748	0.22282	0.00499	0.00841
25	0.00909	0.00654	0.00848	0.00960	0.01039	0.00615	0.00676	0.01070	0.01429	0.01901	0.11403	0.48877	0.09242	0.08222	0.01111	0.00310	0.00443	0.09075	0.00642	0.00575
26	0.00993	0.00670	0.00778	0.00798	0.00807	0.00668	0.00465	0.01016	0.01059	0.01416	0.02401	0.13578	0.02782	0.64053	0.05173	0.00639	0.00675	0.01132	0.00450	0.00447
27	0.44791	0.01653	0.11285	0.19498	0.02494	0.01572	0.01335	0.04062	0.01367	0.04657	0.01151	0.01417	0.00859	0.00674	0.00547	0.00221	0.00716	0.00475	0.00402	0.00825
28	0.07248	0.29023	0.36170	0.01614	0.02386	0.08673	0.01844	0.02210	0.01481	0.02027	0.01116	0.01304	0.00880	0.00644	0.00567	0.00191	0.00917	0.00449	0.00312	0.00943
29	0.01102	0.00787	0.01099	0.01260	0.01411	0.00784	0.01086	0.01408	0.01585	0.02064	0.03707	0.13287	0.04064	0.01949	0.00958	0.00318	0.00623	0.61229	0.00643	0.00636

[dist]
# distance from previous block
# <min> <max>
4	6

[block]
# block no. 6 follows, 30 sequences, length 67
# corresponding to MSA columns:
# 261-327
name=unknown_G
#
# <colnr> <probs for GDERKNQSTAVLIFYWHMCP>
#	G	D	E	R	K	N	Q	S	T	A	V	L	I	F	Y	W	H	M	C	P
0	0.06052	0.00723	0.00952	0.00957	0.01016	0.00767	0.00674	0.01129	0.01119	0.01668	0.04587	0.16602	0.02154	0.04418	0.04203	0.39513	0.05017	0.00910	0.07070	0.00468
1	0.01390	0.01455	0.06537	0.58000	0.15522	0.01572	0.02011	0.01868	0.01432	0.01891	0.01253	0.01815	0.00956	0.00683	0.00694	0.00228	0.00920	0.00614	0.00315	0.00845
2	0.08208	0.01217	0.01518	0.01148	0.01707	0.01033	0.00939	0.02746	0.01752	0.43159	0.02111	0.01971	0.01422	0.00731	0.00619	0.00178	0.00564	0.00581	0.00680	0.27718
3	0.01400	0.03610	0.71860	0.01989	0.03020	0.01621	0.02578	0.02210	0.01473	0.02210	0.01252	0.01473	0.00884	0.00663	0.00663	0.00221	0.01031	0.00516	0.00295	0.01031
4	0.01400	0.03610	0.71860	0.01989	0.03020	0.01621	0.02578	0.02210	0.01473	0.02210	0.01252	0.01473	0.00884	0.00663	0.00663	0.00221	0.01031	0.00516	0.00295	0.01031
5	0.02653	0.01955	0.02094	0.01606	0.02164	0.02164	0.01326	0.68796	0.03281	0.04398	0.01675	0.01675	0.01187	0.00838	0.00698	0.00209	0.00768	0.00628	0.00698	0.01187
6	0.14138	0.01070	0.01078	0.01017	0.01316	0.01137	0.00780	0.02104	0.24499	0.02494	0.09021	0.10327	0.25754	0.01320	0.00728	0.00236	0.00454	0.01094	0.00642	0.00793
7	0.00910	0.00650	0.00877	0.01023	0.01086	0.00627	0.00729	0.01066	0.01356	0.01806	0.03646	0.57249	0.04275	0.05185	0.05030	0.00352	0.00536	0.12397	0.00623	0.00577
8	0.00988	0.00713	0.00933	0.00878	0.01043	0.00658	0.00658	0.01317	0.01975	0.02798	0.70754	0.05213	0.06584	0.01427	0.00823	0.00219	0.00329	0.01262	0.00768	0.00658
9	0.02525	0.02009	0.01986	0.01573	0.02084	0.09266	0.01279	0.54496	0.08100	0.03941	0.01726	0.01739	0.01252	0.00833	0.00684	0.00207	0.00784	0.00623	0.03772	0.01121
10	0.01471	0.00822	0.01094	0.00985	0.01230	0.00746	0.00766	0.01781	0.01943	0.18122	0.50004	0.06588	0.05302	0.01349	0.00806	0.00226	0.00408	0.04806	0.00779	0.00773
11	0.00854	0.00631	0.00800	0.00921	0.01002	0.00576	0.00629	0.00998	0.01419	0.01862	0.08535	0.59188	0.15894	0.02069	0.00875	0.00271	0.00392	0.01853	0.00655	0.00576
12	0.02480	0.01816	0.01947	0.01521	0.02033	0.02007	0.01246	0.60091	0.05719	0.04152	0.01822	0.03925	0.01362	0.00880	0.00691	0.00210	0.00721	0.00676	0.05570	0.01132
13	0.03096	0.01244	0.01654	0.01268	0.01809	0.01109	0.01048	0.08179	0.02091	0.66695	0.02674	0.02324	0.01688	0.00862	0.00701	0.00215	0.00607	0.00696	0.00852	0.01188
14	0.01301	0.00650	0.00650	0.00650	0.00813	0.00650	0.00488	0.01626	0.01463	0.02602	0.02276	0.02602	0.01789	0.00813	0.00488	0.00163	0.00325	0.00650	0.79350	0.00650
15	0.02094	0.01405	0.01570	0.01340	0.01773	0.01515	0.01063	0.09167	0.42287	0.19899	0.03025	0.02766	0.06968	0.00977	0.00715	0.00229	0.00567	0.00803	0.00742	0.01095
16	0.01781	0.01944	0.02133	0.05654	0.05576	0.18753	0.01537	0.01970	0.01327	0.01722	0.00991	0.01491	0.00922	0.01045	0.01734	0.00267	0.49467	0.00574	0.00320	0.00792
17	0.00995	0.00753	0.00935	0.01045	0.01143	0.00758	0.00722	0.01418	0.12523	0.01967	0.03682	0.63198	0.04210	0.01984	0.00861	0.00276	0.00429	0.01789	0.00658	0.00655
18	0.61075	0.08531	0.01421	0.01073	0.01516	0.10455	0.00887	0.04254	0.01372	0.02857	0.01007	0.01165	0.00800	0.00658	0.00466	0.00205	0.00655	0.00394	0.00419	0.00789
19	0.02938	0.01361	0.01658	0.01294	0.01807	0.04774	0.01058	0.10924	0.02146	0.56644	0.06043	0.02383	0.01872	0.00882	0.00704	0.00214	0.00634	0.00709	0.00814	0.01141
20	0.00909	0.00661	0.00870	0.00973	0.01052	0.00620	0.00661	0.01044	0.01304	0.01769	0.03420	0.60037	0.04030	0.07346	0.06727	0.00366	0.00546	0.01725	0.00597	0.05345
21	0.02029	0.49674	0.03193	0.01483	0.02002	0.20647	0.05423	0.02261	0.01562	0.01697	0.01023	0.01219	0.00907	0.00653	0.00592	0.00169	0.03847	0.00430	0.00318	0.00871
22	0.00974	0.00693	0.00863	0.00955	0.01021	0.00671	0.00635	0.04473	0.01383	0.01837	0.03522	0.55418	0.06207	0.16239	0.01392	0.00354	0.00474	0.01710	0.00607	0.00572
