[name]
unknown

[dist]
# distance from previous block
# <min> <max>
3	6

[block]
# block no. 0 follows, 29 sequences, length 7
# corresponding to MSA columns:
# 42-48
name=unknown_A
#
# <colnr> <probs for GDERKNQSTAVLIFYWHMCP>
#	G	D	E	R	K	N	Q	S	T	A	V	L	I	F	Y	W	H	M	C	P
0	0.01748	0.06226	0.02142	0.03872	0.02035	0.01640	0.09483	0.11156	0.01635	0.07395	0.01551	0.02082	0.01319	0.06787	0.10943	0.00386	0.18268	0.00675	0.02370	0.08288
1	0.02292	0.01827	0.01777	0.01440	0.01922	0.11508	0.01150	0.31702	0.07507	0.09722	0.02374	0.05072	0.07943	0.00955	0.00703	0.00206	0.00737	0.00746	0.00642	0.09777
2	0.04543	0.02415	0.11454	0.01570	0.02010	0.30176	0.01362	0.05410	0.01912	0.11239	0.12190	0.02169	0.01970	0.00894	0.00779	0.00210	0.05169	0.00653	0.02983	0.00892
3	0.12507	0.06580	0.46774	0.02001	0.02890	0.01728	0.13355	0.02231	0.01490	0.02363	0.01251	0.01508	0.00914	0.00658	0.00660	0.00224	0.00993	0.00553	0.00331	0.00991
4	0.58192	0.01284	0.01101	0.04862	0.01522	0.01472	0.00822	0.05611	0.01388	0.03099	0.01271	0.01481	0.00983	0.00703	0.00480	0.00212	0.00548	0.00460	0.13732	0.00778
5	0.02566	0.01841	0.02013	0.01532	0.02110	0.01956	0.01262	0.54620	0.03000	0.08542	0.01719	0.01724	0.01225	0.00811	0.00687	0.00199	0.00736	0.00615	0.00683	0.12159
6	0.11231	0.01926	0.02017	0.01561	0.02117	0.02141	0.01289	0.60874	0.03112	0.04345	0.01630	0.01649	0.01162	0.00833	0.00682	0.00214	0.00758	0.00613	0.00682	0.01162

[dist]
# distance from previous block
# <min> <max>
3	7

[block]
# block no. 1 follows, 29 sequences, length 66
# corresponding to MSA columns:
# 56-121
name=unknown_B
#
# <colnr> <probs for GDERKNQSTAVLIFYWHMCP>
#	G	D	E	R	K	N	Q	S	T	A	V	L	I	F	Y	W	H	M	C	P
0	0.19851	0.08143	0.33364	0.01911	0.08618	0.03681	0.04405	0.05192	0.01567	0.05290	0.01278	0.01475	0.00949	0.00679	0.00616	0.00216	0.00878	0.00515	0.00384	0.00987
1	0.05604	0.04105	0.01900	0.01446	0.01953	0.01916	0.01186	0.45115	0.10264	0.03863	0.04840	0.01982	0.01565	0.00858	0.00676	0.00206	0.00685	0.00658	0.05709	0.05470
2	0.06872	0.01816	0.01954	0.01506	0.02057	0.01960	0.01239	0.53586	0.02967	0.07128	0.04438	0.01837	0.01420	0.00843	0.00688	0.00206	0.00724	0.00639	0.00684	0.07438
3	0.01697	0.41168	0.31980	0.01572	0.02356	0.02270	0.01806	0.02276	0.05251	0.01991	0.01217	0.01378	0.00979	0.00657	0.00564	0.00188	0.00873	0.00465	0.00326	0.00984
4	0.02756	0.01916	0.02088	0.01601	0.02169	0.02092	0.01323	0.61676	0.03217	0.11156	0.01820	0.01781	0.01266	0.00857	0.00713	0.00214	0.00766	0.00649	0.00729	0.01211
5	0.01678	0.01521	0.01463	0.01332	0.01682	0.08004	0.01020	0.05885	0.43760	0.02653	0.03396	0.06595	0.13047	0.03683	0.00844	0.00252	0.00605	0.00943	0.00668	0.00969
6	0.00961	0.00708	0.00890	0.00881	0.01033	0.00647	0.00641	0.01226	0.01812	0.02490	0.47307	0.16932	0.15635	0.04457	0.00958	0.00255	0.00366	0.01431	0.00732	0.00637
7	0.01430	0.03284	0.58967	0.02040	0.02974	0.01628	0.08015	0.02184	0.01533	0.02272	0.05289	0.01763	0.01257	0.00736	0.00761	0.00230	0.03689	0.00601	0.00334	0.01012
8	0.00864	0.00633	0.00813	0.00956	0.01024	0.00581	0.00645	0.00995	0.01397	0.01832	0.04353	0.65692	0.13251	0.02175	0.00900	0.00283	0.00406	0.01956	0.00661	0.00581
9	0.02587	0.03255	0.02089	0.02041	0.07757	0.66391	0.01442	0.02790	0.01986	0.01790	0.01120	0.01323	0.00934	0.00726	0.00647	0.00186	0.01248	0.00473	0.00366	0.00850
10	0.00865	0.00722	0.00754	0.00746	0.00976	0.00611	0.00559	0.01067	0.01678	0.02055	0.16090	0.06637	0.61286	0.01754	0.00841	0.00238	0.00357	0.01472	0.00679	0.00611
11	0.01762	0.01692	0.02890	0.04371	0.70533	0.01692	0.02185	0.02185	0.01621	0.02326	0.01339	0.01762	0.01128	0.00634	0.00705	0.00211	0.00846	0.00634	0.00352	0.01128
12	0.01771	0.01530	0.01610	0.01449	0.01852	0.01771	0.01127	0.03784	0.69247	0.02979	0.02898	0.02657	0.02174	0.00966	0.00725	0.00242	0.00564	0.00805	0.00725	0.01127
13	0.00868	0.00620	0.00826	0.00991	0.01033	0.00578	0.00661	0.00991	0.01363	0.01818	0.03925	0.74510	0.04710	0.02231	0.00909	0.00289	0.00413	0.02024	0.00661	0.00578
14	0.01859	0.68691	0.10054	0.01294	0.01945	0.02709	0.01351	0.02144	0.01452	0.01730	0.01017	0.01176	0.00913	0.00615	0.00477	0.00159	0.00789	0.00394	0.00304	0.00927
15	0.02707	0.01995	0.02137	0.01638	0.02208	0.02208	0.01353	0.68159	0.03348	0.04488	0.01710	0.01710	0.01211	0.00855	0.00712	0.00214	0.00784	0.00641	0.00712	0.01211
16	0.04216	0.01699	0.03405	0.22517	0.03870	0.01754	0.43536	0.02114	0.01560	0.02151	0.01348	0.01869	0.01025	0.00670	0.00874	0.00243	0.05150	0.00755	0.00348	0.00897
17	0.01178	0.01002	0.01050	0.00999	0.01289	0.01013	0.00769	0.01997	0.24807	0.02328	0.07996	0.05400	0.42076	0.01509	0.00807	0.00243	0.00440	0.03622	0.00687	0.00786
18	0.01087	0.00831	0.01181	0.01149	0.01246	0.00986	0.00879	0.01299	0.01137	0.01659	0.01870	0.02927	0.01809	0.14585	0.52517	0.00957	0.09077	0.00783	0.03396	0.00623
19	0.02300	0.01858	0.01983	0.01719	0.06172	0.05072	0.01306	0.38522	0.22020	0.03663	0.01974	0.01951	0.01460	0.00847	0.00700	0.00213	0.00730	0.00666	0.00660	0.06183
20	0.01048	0.00689	0.00772	0.00772	0.00779	0.00689	0.00434	0.01062	0.01055	0.01434	0.02247	0.04575	0.02557	0.71848	0.03492	0.00668	0.00675	0.01020	0.03742	0.00441
21	0.01805	0.01996	0.03097	0.05701	0.07890	0.13261	0.33020	0.04275	0.01659	0.02129	0.01410	0.05138	0.01201	0.00822	0.01042	0.00242	0.13267	0.00767	0.00376	0.00903
22	0.01096	0.00747	0.00980	0.00911	0.01094	0.00687	0.00687	0.01429	0.02017	0.05600	0.67446	0.05202	0.06519	0.01433	0.00835	0.00224	0.00347	0.01265	0.00788	0.00694
23	0.01991	0.57348	0.06781	0.01383	0.01953	0.14043	0.01327	0.02239	0.01530	0.01717	0.01020	0.01199	0.00915	0.00656	0.00567	0.00167	0.03538	0.00410	0.00315	0.00901
24	0.01737	0.01666	0.02845	0.08505	0.66595	0.01685	0.02173	0.02163	0.01610	0.02296	0.01335	0.01771	0.01117	0.00639	0.00705	0.00213	0.00852	0.00634	0.00350	0.01108
25	0.02577	0.07281	0.02158	0.01912	0.05382	0.62544	0.01404	0.05023	0.02013	0.01861	0.01127	0.01313	0.00937	0.00726	0.00637	0.00184	0.01217	0.00469	0.00375	0.00858
26	0.01302	0.01300	0.11519	0.01311	0.01647	0.00988	0.01226	0.04470	0.04033	0.05495	0.07628	0.12512	0.11029	0.01620	0.00873	0.00280	0.00638	0.30733	0.00627	0.00767
27	0.01454	0.01297	0.01892	0.01457	0.01970	0.01141	0.13906	0.01993	0.08836	0.02365	0.04512	0.08863	0.01890	0.00852	0.00674	0.00179	0.00641	0.03365	0.03971	0.38741
28	0.01008	0.00728	0.00952	0.00896	0.01064	0.00672	0.00672	0.01344	0.02016	0.02855	0.70158	0.05319	0.06719	0.01456	0.00840	0.00224	0.00336	0.01288	0.00784	0.00672
29	0.02366	0.01761	0.02035	0.01608	0.02107	0.01914	0.04954	0.49484	0.07684	0.05916	0.02091	0.10973	0.01729	0.01023	0.00745	0.00227	0.00739	0.00840	0.00692	0.01111
30	0.01954	0.01050	0.01410	0.01229	0.01551	0.00990	0.03350	0.09807	0.01914	0.26842	0.09993	0.30606	0.03327	0.01451	0.00808	0.00247	0.00546	0.01279	0.00747	0.00901
31	0.01003	0.00677	0.00786	0.00818	0.00826	0.00669	0.00476	0.01027	0.01099	0.01466	0.02571	0.18253	0.03001	0.60819	0.03096	0.00612	0.00636	0.01228	0.00476	0.00460
32	0.01762	0.01692	0.02890	0.04371	0.70533	0.01692	0.02185	0.02185	0.01621	0.02326	0.01339	0.01762	0.01128	0.00634	0.00705	0.00211	0.00846	0.00634	0.00352	0.01128
33	0.01521	0.17640	0.58140	0.01872	0.02838	0.01880	0.02356	0.02231	0.01492	0.02142	0.01222	0.01433	0.00904	0.00663	0.00634	0.00211	0.00996	0.00498	0.00301	0.01025
34	0.01767	0.01730	0.02809	0.08454	0.59761	0.04285	0.04054	0.02240	0.03766	0.02292	0.01378	0.01786	0.01141	0.00652	0.00708	0.00214	0.00870	0.00639	0.00363	0.01091
35	0.00850	0.00711	0.00740	0.00755	0.00973	0.00601	0.00558	0.01031	0.01611	0.01947	0.09202	0.13589	0.61325	0.01833	0.00848	0.00245	0.00365	0.01547	0.00666	0.00601
36	0.03195	0.01212	0.01652	0.01267	0.01818	0.01047	0.01047	0.03470	0.02038	0.71026	0.02809	0.02424	0.01763	0.00881	0.00716	0.00220	0.00606	0.00716	0.00881	0.01212
37	0.02584	0.05904	0.02149	0.05071	0.02314	0.36528	0.01388	0.30054	0.02520	0.02890	0.01358	0.01484	0.01041	0.00778	0.00666	0.00197	0.01036	0.00540	0.00506	0.00989
38	0.01660	0.05536	0.37876	0.02469	0.09621	0.01709	0.22016	0.02324	0.01598	0.06375	0.01414	0.01695	0.01029	0.00659	0.00722	0.00225	0.01039	0.00637	0.00358	0.01036
39	0.01144	0.00916	0.00986	0.00954	0.01222	0.00888	0.00733	0.01745	0.16562	0.04276	0.08561	0.08967	0.43316	0.01605	0.00824	0.00247	0.00432	0.05195	0.00687	0.00741
40	0.75318	0.05819	0.01208	0.00953	0.01404	0.01671	0.00798	0.02095	0.01226	0.03104	0.00991	0.01156	0.00780	0.00658	0.00442	0.00216	0.00563	0.00385	0.00432	0.00780
41	0.00989	0.00727	0.00925	0.00876	0.01052	0.00664	0.00657	0.01306	0.01970	0.02748	0.62870	0.05497	0.14073	0.01496	0.00840	0.00226	0.00339	0.01313	0.00770	0.00664
42	0.01550	0.01309	0.01516	0.01090	0.01719	0.01025	0.00874	0.05776	0.01589	0.02450	0.01292	0.01491	0.01064	0.00547	0.00538	0.00112	0.00543	0.00435	0.00439	0.74640
43	0.01008	0.00728	0.00952	0.00896	0.01064	0.00672	0.00672	0.01344	0.02016	0.02855	0.70158	0.05319	0.06719	0.01456	0.00840	0.00224	0.00336	0.01288	0.00784	0.00672
44	0.41842	0.02161	0.20235	0.01372	0.01993	0.05566	0.01382	0.08602	0.01596	0.07577	0.01267	0.01396	0.00924	0.00703	0.00560	0.00219	0.00753	0.00475	0.00455	0.00922
45	0.01661	0.01878	0.04039	0.06256	0.03717	0.01803	0.62693	0.02241	0.01649	0.02241	0.01416	0.01908	0.01070	0.00627	0.00883	0.00242	0.03551	0.00824	0.00357	0.00947
46	0.01681	0.01921	0.04202	0.03001	0.03721	0.01801	0.67947	0.02281	0.01681	0.02281	0.01441	0.01921	0.01080	0.00600	0.00840	0.00240	0.01200	0.00840	0.00360	0.00960
47	0.01345	0.01266	0.02136	0.73264	0.04904	0.01582	0.01978	0.01819	0.01424	0.01819	0.01266	0.01898	0.00949	0.00712	0.00712	0.00237	0.00949	0.00633	0.00316	0.00791
48	0.00868	0.00620	0.00826	0.00991	0.01033	0.00578	0.00661	0.00991	0.01363	0.01818	0.03925	0.74510	0.04710	0.02231	0.00909	0.00289	0.00413	0.02024	0.00661	0.00578
49	0.00842	0.00721	0.00721	0.00721	0.00962	0.00601	0.00541	0.01022	0.01623	0.01924	0.07213	0.06853	0.70244	0.01803	0.00842	0.00240	0.00361	0.01503	0.00661	0.00601
50	0.01036	0.00690	0.00777	0.00777	0.00777	0.00690	0.00431	0.01036	0.01036	0.01381	0.02244	0.04660	0.02589	0.74975	0.03624	0.00690	0.00690	0.01036	0.00431	0.00431
51	0.01345	0.01266	0.02136	0.73264	0.04904	0.01582	0.01978	0.01819	0.01424	0.01819	0.01266	0.01898	0.00949	0.00712	0.00712	0.00237	0.00949	0.00633	0.00316	0.00791
52	0.80005	0.01377	0.01047	0.00936	0.01377	0.01597	0.00771	0.02093	0.01212	0.03195	0.00991	0.01157	0.00771	0.00661	0.00441	0.00220	0.00551	0.00386	0.00441	0.00771
53	0.01690	0.01618	0.02759	0.16337	0.59134	0.01673	0.02149	0.02122	0.01587	0.02238	0.01327	0.01786	0.01097	0.00648	0.00706	0.00216	0.00864	0.00634	0.00346	0.01069
54	0.01008	0.00728	0.00952	0.00896	0.01064	0.00672	0.00672	0.01344	0.02016	0.02855	0.70158	0.05319	0.06719	0.01456	0.00840	0.00224	0.00336	0.01288	0.00784	0.00672
55	0.00868	0.00620	0.00826	0.00991	0.01033	0.00578	0.00661	0.00991	0.01363	0.01818	0.03925	0.74510	0.04710	0.02231	0.00909	0.00289	0.00413	0.02024	0.00661	0.00578
56	0.01762	0.01692	0.02890	0.04371	0.70533	0.01692	0.02185	0.02185	0.01621	0.02326	0.01339	0.01762	0.01128	0.00634	0.00705	0.00211	0.00846	0.00634	0.00352	0.01128
57	0.01904	0.75404	0.03731	0.01218	0.01828	0.02818	0.01218	0.02132	0.01447	0.01675	0.00990	0.01142	0.00914	0.00609	0.00457	0.00152	0.00761	0.00381	0.00305	0.00914
58	0.01844	0.35348	0.29833	0.01638	0.02380	0.13949	0.01796	0.02299	0.01564	0.01913	0.01121	0.01307	0.00910	0.00656	0.00574	0.00186	0.00962	0.00451	0.00313	0.00953
59	0.01544	0.01499	0.02135	0.01815	0.01856	0.02042	0.04055	0.01731	0.01146	0.01813	0.01068	0.01662	0.01013	0.01187	0.02128	0.00297	0.64849	0.00635	0.06748	0.00777
60	0.01181	0.00927	0.01138	0.01054	0.01315	0.00835	0.00777	0.05027	0.01570	0.02213	0.09387	0.38122	0.05643	0.01539	0.00821	0.00224	0.02655	0.01350	0.00595	0.23625
61	0.00868	0.00620	0.00826	0.00991	0.01033	0.00578	0.00661	0.00991	0.01363	0.01818	0.03925	0.74510	0.04710	0.02231	0.00909	0.00289	0.00413	0.02024	0.00661	0.00578
62	0.02726	0.01964	0.02118	0.01624	0.02193	0.02163	0.01341	0.65642	0.03297	0.07077	0.01752	0.01737	0.01232	0.00856	0.00712	0.00214	0.00777	0.00644	0.00719	0.01211
63	0.01519	0.05993	0.66075	0.01970	0.02986	0.01667	0.02517	0.02302	0.01524	0.05136	0.01333	0.01530	0.00939	0.00683	0.00671	0.00223	0.01024	0.00529	0.00325	0.01054
64	0.01017	0.00763	0.01144	0.01144	0.01272	0.00890	0.00890	0.01272	0.01144	0.01653	0.01907	0.02797	0.01780	0.05340	0.72153	0.01144	0.01907	0.00763	0.00381	0.00636
65	0.01520	0.01534	0.02196	0.01860	0.01959	0.04610	0.08014	0.01727	0.01207	0.01773	0.01274	0.06554	0.01273	0.01579	0.08002	0.00369	0.52686	0.00744	0.00348	0.00773

[dist]
# distance from previous block
# <min> <max>
7	36

[block]
# block no. 2 follows, 29 sequences, length 9
# corresponding to MSA columns:
# 160-168
name=unknown_C
#
# <colnr> <probs for GDERKNQSTAVLIFYWHMCP>
#	G	D	E	R	K	N	Q	S	T	A	V	L	I	F	Y	W	H	M	C	P
0	0.01680	0.01723	0.03562	0.02609	0.03209	0.01657	0.52239	0.02204	0.01683	0.05933	0.06240	0.02471	0.01645	0.00784	0.00935	0.00247	0.05608	0.04216	0.00429	0.00927
1	0.01917	0.01330	0.01556	0.01203	0.01753	0.01187	0.00961	0.07295	0.13315	0.15485	0.01969	0.04656	0.01530	0.00758	0.00625	0.00165	0.00563	0.00620	0.00590	0.42522
2	0.02546	0.01777	0.01966	0.01493	0.02072	0.01855	0.01229	0.49139	0.02870	0.11660	0.01756	0.01750	0.01246	0.00800	0.00680	0.00195	0.00718	0.00611	0.00680	0.14955
3	0.14930	0.01762	0.01848	0.01437	0.01986	0.01901	0.01181	0.44966	0.05008	0.06929	0.01634	0.01659	0.01180	0.00792	0.00648	0.00204	0.00702	0.00584	0.00644	0.10005
4	0.42395	0.13387	0.05981	0.01147	0.01640	0.01753	0.01026	0.02416	0.12238	0.06320	0.04653	0.01676	0.01357	0.00751	0.00536	0.00213	0.00611	0.00520	0.00494	0.00887
5	0.10618	0.01569	0.01735	0.01423	0.01912	0.01683	0.02844	0.22131	0.24334	0.08535	0.02156	0.02322	0.01650	0.00886	0.00683	0.00218	0.00647	0.04029	0.00655	0.09968
6	0.11233	0.01898	0.01850	0.01452	0.01994	0.09769	0.01179	0.36914	0.02533	0.08736	0.01567	0.01613	0.01143	0.00765	0.00642	0.00193	0.00756	0.00560	0.00605	0.14595
7	0.12782	0.07367	0.01943	0.01451	0.01953	0.02032	0.01192	0.33601	0.24000	0.03616	0.01938	0.01895	0.01437	0.00845	0.00660	0.00219	0.00680	0.00639	0.00648	0.01102
8	0.33811	0.01959	0.20900	0.01390	0.01982	0.01467	0.04885	0.04730	0.01579	0.06388	0.12616	0.02068	0.01873	0.00812	0.00619	0.00223	0.00702	0.00625	0.00487	0.00884

[dist]
# distance from previous block
# <min> <max>
10	18

[block]
# block no. 3 follows, 29 sequences, length 7
# corresponding to MSA columns:
# 187-193
name=unknown_D
#
# <colnr> <probs for GDERKNQSTAVLIFYWHMCP>
#	G	D	E	R	K	N	Q	S	T	A	V	L	I	F	Y	W	H	M	C	P
0	0.17517	0.01502	0.01643	0.01311	0.01819	0.01571	0.01074	0.24884	0.07195	0.26714	0.02347	0.02209	0.05315	0.00889	0.00670	0.00221	0.00638	0.00679	0.00716	0.01086
1	0.59147	0.01479	0.01235	0.01064	0.01522	0.06229	0.00868	0.02424	0.01434	0.16922	0.01369	0.01424	0.00983	0.00711	0.00510	0.00218	0.00611	0.00458	0.00526	0.00865
2	0.25558	0.01401	0.01546	0.01259	0.01720	0.05307	0.06281	0.02368	0.07589	0.14739	0.09761	0.02354	0.04907	0.00849	0.00633	0.00207	0.00619	0.00679	0.00579	0.11642
3	0.15328	0.01466	0.01566	0.01179	0.01763	0.01374	0.00958	0.18319	0.01895	0.03009	0.01329	0.01479	0.01045	0.00632	0.00558	0.00152	0.00595	0.00470	0.00497	0.46386
4	0.01609	0.01449	0.02318	0.54711	0.04335	0.01709	0.07689	0.13304	0.01778	0.02320	0.01358	0.01868	0.01006	0.00727	0.00723	0.00233	0.00943	0.00653	0.00389	0.00878
5	0.13668	0.02542	0.01890	0.13988	0.02532	0.41713	0.01376	0.07248	0.01894	0.05112	0.01230	0.01451	0.00959	0.00734	0.00633	0.00202	0.01055	0.00502	0.00415	0.00856
6	0.12170	0.01281	0.01986	0.63310	0.04419	0.01584	0.01812	0.01857	0.01395	0.02009	0.01228	0.01796	0.00925	0.00705	0.00675	0.00235	0.00894	0.00599	0.00334	0.00788

[dist]
# distance from previous block
# <min> <max>
0	1

[block]
# block no. 4 follows, 29 sequences, length 16
# corresponding to MSA columns:
# 195-210
name=unknown_E
#
# <colnr> <probs for GDERKNQSTAVLIFYWHMCP>
#	G	D	E	R	K	N	Q	S	T	A	V	L	I	F	Y	W	H	M	C	P
0	0.65465	0.01356	0.01248	0.14306	0.02029	0.01595	0.00994	0.02043	0.01251	0.02941	0.01042	0.01294	0.00804	0.00670	0.00491	0.00223	0.00624	0.00431	0.00418	0.00775
1	0.01638	0.01796	0.03507	0.02612	0.03084	0.01932	0.45112	0.02086	0.01478	0.02086	0.01267	0.01796	0.01030	0.00822	0.01355	0.00265	0.26127	0.00766	0.00343	0.00898
2	0.00889	0.00723	0.00787	0.00771	0.00991	0.00621	0.00578	0.01114	0.01735	0.02190	0.25239	0.06414	0.52052	0.01704	0.00841	0.00236	0.00354	0.01441	0.00696	0.00621
3	0.02747	0.01930	0.02097	0.01608	0.02176	0.02113	0.01328	0.62853	0.03241	0.09945	0.01800	0.01768	0.01256	0.00857	0.00713	0.00214	0.00769	0.00647	0.00726	0.01211
4	0.01558	0.01558	0.02181	0.01869	0.01869	0.02181	0.01558	0.01714	0.01091	0.01714	0.00935	0.01558	0.00935	0.01246	0.02337	0.00312	0.73672	0.00623	0.00312	0.00779
5	0.02703	0.02102	0.02128	0.01653	0.02208	0.07597	0.01355	0.63125	0.03245	0.04276	0.01663	0.01677	0.01188	0.00845	0.00707	0.00211	0.00822	0.00627	0.00686	0.01181
6	0.01008	0.00728	0.00952	0.00896	0.01064	0.00672	0.00672	0.01344	0.02016	0.02855	0.70158	0.05319	0.06719	0.01456	0.00840	0.00224	0.00336	0.01288	0.00784	0.00672
7	0.01010	0.00728	0.00961	0.00943	0.01101	0.00679	0.00716	0.01330	0.01930	0.02708	0.58830	0.10818	0.06317	0.01563	0.00859	0.00239	0.00372	0.07470	0.00762	0.00663
8	0.00881	0.00630	0.00838	0.00982	0.01036	0.00587	0.00662	0.01025	0.01425	0.01916	0.10221	0.67933	0.04901	0.02157	0.00902	0.00283	0.00406	0.01954	0.00673	0.00587
9	0.80005	0.01377	0.01047	0.00936	0.01377	0.01597	0.00771	0.02093	0.01212	0.03195	0.00991	0.01157	0.00771	0.00661	0.00441	0.00220	0.00551	0.00386	0.00441	0.00771
10	0.02059	0.01672	0.01772	0.01507	0.01961	0.01905	0.01197	0.23561	0.49001	0.03442	0.02533	0.02366	0.01878	0.00932	0.00721	0.00233	0.00631	0.00755	0.00721	0.01153
11	0.01017	0.00683	0.00782	0.00800	0.00804	0.00678	0.00456	0.01031	0.01071	0.01428	0.02425	0.12198	0.02818	0.67125	0.03331	0.00647	0.00660	0.01142	0.00456	0.00447
12	0.02660	0.03394	0.02018	0.01834	0.02201	0.72116	0.01376	0.02843	0.02018	0.01743	0.01101	0.01284	0.00917	0.00734	0.00642	0.00183	0.01284	0.00459	0.00367	0.00825
13	0.01147	0.00832	0.01049	0.00957	0.01158	0.00798	0.00728	0.06824	0.02125	0.02989	0.64543	0.05023	0.06267	0.01406	0.00829	0.00223	0.00373	0.01235	0.00778	0.00716
14	0.67643	0.01355	0.01129	0.00972	0.01436	0.01502	0.00798	0.02175	0.01297	0.08351	0.01154	0.01281	0.00871	0.00667	0.00469	0.00211	0.00553	0.00414	0.00473	0.07249
15	0.05126	0.64764	0.10719	0.01292	0.01941	0.02644	0.01348	0.02143	0.01443	0.01800	0.01020	0.01181	0.00907	0.00618	0.00479	0.00163	0.00783	0.00396	0.00310	0.00922

[dist]
# distance from previous block
# <min> <max>
5	7

[block]
# block no. 5 follows, 29 sequences, length 26
# corresponding to MSA columns:
# 218-243
name=unknown_F
#
# <colnr> <probs for GDERKNQSTAVLIFYWHMCP>
#	G	D	E	R	K	N	Q	S	T	A	V	L	I	F	Y	W	H	M	C	P
0	0.08594	0.00917	0.01112	0.00983	0.01254	0.00879	0.00764	0.04718	0.01993	0.13250	0.48604	0.04389	0.07199	0.01281	0.00779	0.00223	0.00417	0.01097	0.00760	0.00785
1	0.01512	0.01350	0.01753	0.01284	0.01877	0.01130	0.06545	0.01919	0.04531	0.02311	0.01335	0.01572	0.01100	0.00595	0.00669	0.00135	0.04875	0.00486	0.00424	0.64597
2	0.01904	0.75404	0.03731	0.01218	0.01828	0.02818	0.01218	0.02132	0.01447	0.01675	0.00990	0.01142	0.00914	0.00609	0.00457	0.00152	0.00761	0.00381	0.00305	0.00914
3	0.00870	0.00637	0.00818	0.00952	0.01025	0.00585	0.00646	0.01010	0.01423	0.01873	0.07006	0.62918	0.13335	0.02144	0.00897	0.00280	0.00403	0.01927	0.00666	0.00585
4	0.02425	0.02005	0.01969	0.01603	0.02102	0.09453	0.01289	0.42243	0.22684	0.03752	0.01997	0.01945	0.01464	0.00875	0.00709	0.00219	0.00771	0.00670	0.00680	0.01146
5	0.01345	0.01266	0.02136	0.73264	0.04904	0.01582	0.01978	0.01819	0.01424	0.01819	0.01266	0.01898	0.00949	0.00712	0.00712	0.00237	0.00949	0.00633	0.00316	0.00791
6	0.01008	0.00728	0.00952	0.00896	0.01064	0.00672	0.00672	0.01344	0.02016	0.02855	0.70158	0.05319	0.06719	0.01456	0.00840	0.00224	0.00336	0.01288	0.00784	0.00672
7	0.00843	0.00717	0.00726	0.00734	0.00965	0.00600	0.00547	0.01020	0.01611	0.01919	0.07057	0.10068	0.67130	0.01824	0.00845	0.00243	0.00363	0.01528	0.00661	0.00600
8	0.80005	0.01377	0.01047	0.00936	0.01377	0.01597	0.00771	0.02093	0.01212	0.03195	0.00991	0.01157	0.00771	0.00661	0.00441	0.00220	0.00551	0.00386	0.00441	0.00771
9	0.03099	0.01232	0.01683	0.01302	0.01821	0.01113	0.01077	0.03367	0.01982	0.66962	0.02699	0.02373	0.01714	0.00903	0.00811	0.00226	0.04891	0.00711	0.00848	0.01186
10	0.00998	0.00721	0.00943	0.00902	0.01062	0.00666	0.00671	0.01320	0.01972	0.02786	0.65751	0.09922	0.06585	0.01507	0.00844	0.00228	0.00341	0.01337	0.00776	0.00666
11	0.00866	0.00626	0.00819	0.00974	0.01028	0.00580	0.00653	0.00994	0.01381	0.01825	0.04143	0.70009	0.09070	0.02202	0.00904	0.00286	0.00410	0.01990	0.00661	0.00580
12	0.02662	0.03320	0.02024	0.01824	0.02202	0.68442	0.01375	0.06277	0.02088	0.01887	0.01133	0.01306	0.00933	0.00740	0.00646	0.00185	0.01258	0.00468	0.00385	0.00846
13	0.02531	0.01907	0.02038	0.01603	0.02141	0.02126	0.01311	0.56038	0.15756	0.04204	0.01933	0.01888	0.01392	0.00876	0.00715	0.00219	0.00742	0.00672	0.00715	0.01195
14	0.00945	0.00700	0.00796	0.00804	0.00923	0.00644	0.00540	0.01084	0.01459	0.01894	0.16934	0.13342	0.26945	0.27763	0.01837	0.00403	0.00479	0.01355	0.00603	0.00552
15	0.73542	0.01363	0.01098	0.00964	0.01414	0.01551	0.00794	0.02209	0.01281	0.08902	0.01144	0.01263	0.00855	0.00680	0.00464	0.00220	0.00555	0.00413	0.00478	0.00808
16	0.01154	0.01093	0.00988	0.00963	0.01177	0.10831	0.00713	0.01375	0.01768	0.02166	0.24898	0.13244	0.33834	0.01594	0.00820	0.00233	0.00491	0.01348	0.00656	0.00652
17	0.74028	0.01425	0.01131	0.00991	0.01441	0.01645	0.00816	0.07201	0.01377	0.03295	0.01047	0.01199	0.00805	0.00676	0.00462	0.00220	0.00569	0.00405	0.00462	0.00805
18	0.51047	0.02027	0.01402	0.01254	0.01675	0.23460	0.00989	0.04628	0.03599	0.02783	0.01108	0.01261	0.00874	0.00699	0.00521	0.00209	0.00786	0.00430	0.00436	0.00814
19	0.01482	0.01556	0.03218	0.02439	0.02973	0.01468	0.47215	0.01973	0.01634	0.02197	0.02180	0.11868	0.02088	0.01055	0.00876	0.00263	0.01002	0.13204	0.00452	0.00857
20	0.02148	0.01822	0.01838	0.01553	0.01983	0.12440	0.03411	0.13538	0.30053	0.10144	0.02242	0.04751	0.01727	0.00928	0.00782	0.00224	0.04010	0.00734	0.00636	0.05035
21	0.20725	0.01356	0.01422	0.01199	0.01667	0.01406	0.00952	0.02806	0.26276	0.12734	0.02123	0.04771	0.01639	0.00837	0.00621	0.00207	0.00553	0.00658	0.00613	0.17436
22	0.20730	0.01489	0.01349	0.01181	0.01573	0.09802	0.00925	0.04295	0.15678	0.11906	0.06644	0.02836	0.11386	0.03331	0.00753	0.00234	0.00620	0.00765	0.00608	0.03897
23	0.02168	0.02443	0.02173	0.01834	0.02224	0.37942	0.11658	0.02615	0.08657	0.05174	0.07178	0.02141	0.04411	0.00876	0.00812	0.00213	0.05460	0.00684	0.00467	0.00870
24	0.26648	0.01418	0.01406	0.01231	0.01575	0.09484	0.04405	0.03867	0.01612	0.07996	0.11432	0.13576	0.04578	0.01097	0.00729	0.00227	0.03283	0.00878	0.00554	0.04002
25	0.01869	0.01505	0.01607	0.01271	0.01778	0.03761	0.01009	0.19264	0.14072	0.04869	0.02188	0.02303	0.06423	0.04162	0.00782	0.00200	0.00623	0.00663	0.00580	0.31073

[dist]
# distance from previous block
# <min> <max>
39	175

[block]
# block no. 6 follows, 29 sequences, length 8
# corresponding to MSA columns:
# 427-434
name=unknown_G
#
# <colnr> <probs for GDERKNQSTAVLIFYWHMCP>
#	G	D	E	R	K	N	Q	S	T	A	V	L	I	F	Y	W	H	M	C	P
0	0.21796	0.01246	0.01398	0.01154	0.01623	0.01239	0.00937	0.02916	0.11330	0.37288	0.02833	0.02608	0.08765	0.00936	0.00662	0.00225	0.00560	0.00729	0.00727	0.01026
1	0.06349	0.01402	0.01845	0.01427	0.01972	0.01348	0.05169	0.12401	0.08467	0.48107	0.02499	0.02258	0.01638	0.00859	0.00712	0.00223	0.00661	0.00707	0.00791	0.01169
2	0.08834	0.00847	0.00887	0.00847	0.01094	0.00799	0.00648	0.04217	0.01728	0.02365	0.20468	0.05669	0.40834	0.04257	0.00903	0.00253	0.00416	0.03615	0.00661	0.00657
3	0.01899	0.01328	0.01572	0.01149	0.01762	0.01090	0.00929	0.08613	0.01759	0.14571	0.01580	0.01665	0.01194	0.00622	0.00579	0.00136	0.00566	0.00495	0.00531	0.57960
4	0.01217	0.00814	0.00976	0.00895	0.01134	0.00711	0.00658	0.01435	0.01655	0.09000	0.22946	0.12060	0.22481	0.11287	0.01174	0.00285	0.00445	0.01242	0.00662	0.08923
5	0.01477	0.01266	0.01477	0.01055	0.01687	0.00949	0.00844	0.01793	0.01477	0.02320	0.01266	0.01477	0.01055	0.00527	0.00527	0.00105	0.00527	0.00422	0.00422	0.79328
6	0.02501	0.01906	0.02257	0.01720	0.02269	0.02073	0.07902	0.57440	0.03038	0.04075	0.01716	0.01914	0.01284	0.05449	0.00907	0.00246	0.00819	0.00685	0.00660	0.01138
7	0.00900	0.00680	0.00793	0.00847	0.00968	0.00615	0.00580	0.01047	0.01473	0.01894	0.11810	0.30896	0.28646	0.13963	0.01324	0.00330	0.00431	0.01593	0.00636	0.00572

[dist]
# distance from previous block
# <min> <max>
0	1

[block]
# block no. 7 follows, 29 sequences, length 19
# corresponding to MSA columns:
# 436-454
name=unknown_H
#
# <colnr> <probs for GDERKNQSTAVLIFYWHMCP>
#	G	D	E	R	K	N	Q	S	T	A	V	L	I	F	Y	W	H	M	C	P
0	0.01814	0.01229	0.01511	0.01337	0.01664	0.01290	0.02766	0.14048	0.15830	0.13255	0.09512	0.19377	0.03065	0.01352	0.00842	0.00252	0.02512	0.06702	0.00711	0.00932
1	0.01477	0.01266	0.01477	0.01055	0.01687	0.00949	0.00844	0.01793	0.01477	0.02320	0.01266	0.01477	0.01055	0.00527	0.00527	0.00105	0.00527	0.00422	0.00422	0.79328
2	0.00846	0.00704	0.00739	0.00768	0.00974	0.00597	0.00562	0.01017	0.01578	0.01905	0.06648	0.18496	0.58967	0.01877	0.00853	0.00249	0.00370	0.01593	0.00661	0.00597
3	0.01416	0.01201	0.01412	0.01048	0.01622	0.00912	0.00825	0.01713	0.01465	0.02270	0.01531	0.08774	0.01420	0.00698	0.00565	0.00124	0.00516	0.00582	0.00446	0.71460
4	0.01904	0.75404	0.03731	0.01218	0.01828	0.02818	0.01218	0.02132	0.01447	0.01675	0.00990	0.01142	0.00914	0.00609	0.00457	0.00152	0.00761	0.00381	0.00305	0.00914
5	0.02745	0.01933	0.02099	0.01609	0.02177	0.02116	0.01329	0.63044	0.03244	0.09748	0.01797	0.01766	0.01255	0.00857	0.00713	0.00214	0.00770	0.00647	0.00726	0.01211
6	0.00866	0.00625	0.00821	0.00979	0.01029	0.00579	0.00655	0.00993	0.01376	0.01823	0.04083	0.71262	0.07856	0.02210	0.00906	0.00287	0.00411	0.01999	0.00661	0.00579
7	0.01983	0.10103	0.04712	0.03857	0.02027	0.26829	0.01321	0.07468	0.07456	0.02093	0.01999	0.05037	0.08131	0.00998	0.00946	0.00222	0.12816	0.00697	0.00446	0.00858
8	0.01844	0.01513	0.01612	0.01440	0.01850	0.01734	0.01123	0.03768	0.65813	0.06456	0.02894	0.02645	0.02153	0.00962	0.00724	0.00240	0.00566	0.00801	0.00733	0.01131
9	0.00866	0.00625	0.00821	0.00978	0.01029	0.00580	0.00655	0.00993	0.01376	0.01823	0.04090	0.71113	0.08000	0.02209	0.00905	0.00287	0.00410	0.01998	0.00661	0.00580
10	0.02296	0.01745	0.01839	0.01506	0.01969	0.04707	0.01224	0.42178	0.12924	0.05878	0.04203	0.02736	0.03609	0.03215	0.00829	0.00242	0.00727	0.06401	0.00693	0.01079
11	0.01454	0.09960	0.62543	0.01913	0.02892	0.01719	0.02429	0.02209	0.01518	0.02227	0.03919	0.01619	0.01128	0.00701	0.00663	0.00219	0.00999	0.00543	0.00320	0.01025
12	0.01036	0.00690	0.00777	0.00777	0.00777	0.00690	0.00431	0.01036	0.01036	0.01381	0.02244	0.04660	0.02589	0.74975	0.03624	0.00690	0.00690	0.01036	0.00431	0.00431
13	0.01074	0.00796	0.01045	0.01169	0.01351	0.00767	0.01001	0.01366	0.01635	0.02081	0.04602	0.07747	0.20068	0.01928	0.00949	0.00307	0.00584	0.50231	0.00657	0.00643
14	0.02504	0.13325	0.02243	0.01712	0.02129	0.53521	0.01338	0.07200	0.05975	0.01991	0.01232	0.01373	0.01010	0.00738	0.00626	0.00185	0.01135	0.00480	0.00402	0.00882
15	0.09243	0.01318	0.02065	0.52334	0.04008	0.01635	0.04315	0.01847	0.01374	0.01988	0.01239	0.01808	0.00963	0.00771	0.00880	0.00242	0.09724	0.00616	0.02839	0.00790
16	0.01147	0.00820	0.01147	0.01311	0.01475	0.00820	0.01147	0.01475	0.01639	0.02131	0.03770	0.08032	0.04098	0.01967	0.00984	0.00328	0.00656	0.65741	0.00656	0.00656
17	0.05219	0.03572	0.67898	0.01977	0.03000	0.01651	0.02541	0.02247	0.01489	0.02300	0.01264	0.01487	0.00896	0.00676	0.00665	0.00225	0.01028	0.00519	0.00307	0.01039
18	0.04333	0.01419	0.02590	0.04748	0.02539	0.01454	0.29815	0.03622	0.01557	0.04989	0.02164	0.20493	0.02148	0.01187	0.01024	0.00264	0.09955	0.04394	0.00477	0.00830

[dist]
# distance from previous block
# <min> <max>
12	23

[block]
# block no. 8 follows, 29 sequences, length 9
# corresponding to MSA columns:
# 478-486
name=unknown_I
#
# <colnr> <probs for GDERKNQSTAVLIFYWHMCP>
#	G	D	E	R	K	N	Q	S	T	A	V	L	I	F	Y	W	H	M	C	P
0	0.01714	0.03072	0.42607	0.05458	0.03122	0.10798	0.15364	0.02371	0.01626	0.05273	0.01356	0.01618	0.00980	0.00680	0.00708	0.00223	0.01087	0.00593	0.00348	0.01000
1	0.00868	0.00620	0.00826	0.00991	0.01033	0.00578	0.00661	0.00991	0.01363	0.01818	0.03925	0.74510	0.04710	0.02231	0.00909	0.00289	0.00413	0.02024	0.00661	0.00578
2	0.08415	0.01275	0.01439	0.01044	0.01660	0.01006	0.00837	0.01819	0.01453	0.02398	0.01241	0.01448	0.01030	0.00539	0.00520	0.00116	0.00529	0.00419	0.00424	0.72387
3	0.02094	0.01590	0.01842	0.11357	0.02357	0.01744	0.01281	0.28344	0.20984	0.07325	0.02107	0.05444	0.01625	0.00903	0.00709	0.00219	0.00695	0.00735	0.00643	0.08002
4	0.02375	0.11377	0.02151	0.01699	0.02063	0.53060	0.01322	0.02633	0.04503	0.01790	0.01431	0.01600	0.04193	0.00815	0.00754	0.00194	0.06301	0.00523	0.00383	0.00834
5	0.02269	0.06720	0.03856	0.11277	0.02297	0.01554	0.01267	0.14548	0.12820	0.24795	0.04298	0.05079	0.01780	0.00902	0.00702	0.00219	0.00684	0.00737	0.00664	0.03533
6	0.01394	0.01372	0.02441	0.45860	0.04031	0.01605	0.14909	0.01831	0.01435	0.01900	0.01487	0.07905	0.01286	0.00872	0.00923	0.00250	0.08551	0.00789	0.00353	0.00806
7	0.80005	0.01377	0.01047	0.00936	0.01377	0.01597	0.00771	0.02093	0.01212	0.03195	0.00991	0.01157	0.00771	0.00661	0.00441	0.00220	0.00551	0.00386	0.00441	0.00771
8	0.01240	0.00820	0.01049	0.01077	0.01245	0.00772	0.00782	0.05982	0.01617	0.07488	0.07434	0.51105	0.04096	0.01865	0.00858	0.00266	0.00472	0.05731	0.00674	0.05427

[dist]
# distance from previous block
# <min> <max>
0	3

[block]
# block no. 9 follows, 29 sequences, length 24
# corresponding to MSA columns:
# 490-513
name=unknown_J
#
# <colnr> <probs for GDERKNQSTAVLIFYWHMCP>
#	G	D	E	R	K	N	Q	S	T	A	V	L	I	F	Y	W	H	M	C	P
0	0.01469	0.06461	0.62808	0.02079	0.03085	0.01714	0.08142	0.02252	0.01516	0.02234	0.01280	0.01524	0.00918	0.00667	0.00682	0.00224	0.01053	0.00547	0.00306	0.01039
1	0.02985	0.01209	0.01617	0.01253	0.01773	0.01071	0.01030	0.06433	0.02100	0.62005	0.08474	0.02635	0.02157	0.00929	0.00726	0.00220	0.00592	0.00761	0.00865	0.01166
2	0.00868	0.00620	0.00826	0.00991	0.01033	0.00578	0.00661	0.00991	0.01363	0.01818	0.03925	0.74510	0.04710	0.02231	0.00909	0.00289	0.00413	0.02024	0.00661	0.00578
3	0.07424	0.01891	0.01903	0.01527	0.02032	0.07318	0.01238	0.42338	0.12605	0.08855	0.04359	0.01965	0.01542	0.00873	0.00696	0.00217	0.00746	0.00664	0.00686	0.01122
4	0.01199	0.00999	0.01002	0.00960	0.01212	0.04491	0.00718	0.01687	0.12704	0.04665	0.12174	0.11226	0.38448	0.04181	0.00912	0.00255	0.00464	0.01312	0.00669	0.00720
5	0.01186	0.00769	0.01000	0.00919	0.01123	0.00700	0.00697	0.01509	0.01999	0.08599	0.61455	0.05146	0.09310	0.01423	0.00829	0.00224	0.00360	0.01249	0.00786	0.00714
6	0.00892	0.00645	0.00850	0.01005	0.01070	0.00603	0.00700	0.01039	0.01405	0.01854	0.04109	0.64126	0.08626	0.02180	0.00912	0.00290	0.00433	0.08013	0.00661	0.00587
7	0.01383	0.01326	0.02221	0.62042	0.04497	0.01662	0.04484	0.01825	0.01394	0.01825	0.01233	0.01859	0.00953	0.00771	0.00910	0.00246	0.09616	0.00640	0.00318	0.00796
8	0.01840	0.02067	0.02519	0.12226	0.02743	0.20370	0.14292	0.02134	0.01494	0.01845	0.01122	0.01604	0.00960	0.00912	0.01374	0.00254	0.30456	0.00623	0.00336	0.00828
9	0.03173	0.01246	0.01674	0.01283	0.01835	0.01098	0.01060	0.06320	0.02096	0.68096	0.02761	0.02392	0.01738	0.00880	0.00716	0.00220	0.00614	0.00713	0.00874	0.01212
10	0.01486	0.02923	0.44887	0.02281	0.03171	0.01643	0.24062	0.02208	0.01593	0.02300	0.05509	0.01872	0.01314	0.00699	0.00740	0.00230	0.01058	0.00676	0.00350	0.00999
11	0.01427	0.01415	0.02530	0.53723	0.04415	0.01676	0.14419	0.01897	0.01443	0.01897	0.01270	0.01873	0.00973	0.00738	0.00878	0.00244	0.07364	0.00671	0.00324	0.00822
12	0.00868	0.00620	0.00826	0.00991	0.01033	0.00578	0.00661	0.00991	0.01363	0.01818	0.03925	0.74510	0.04710	0.02231	0.00909	0.00289	0.00413	0.02024	0.00661	0.00578
13	0.00907	0.00636	0.00815	0.00941	0.00972	0.00605	0.00607	0.01002	0.01286	0.01715	0.03529	0.58064	0.04210	0.19359	0.01548	0.00384	0.00478	0.01791	0.00607	0.00544
14	0.27487	0.01907	0.01775	0.04120	0.02042	0.08874	0.01192	0.38009	0.02458	0.03702	0.01402	0.01497	0.01031	0.00775	0.00618	0.00214	0.00764	0.00541	0.00576	0.01016
15	0.58263	0.07835	0.01467	0.01080	0.01559	0.01766	0.00908	0.11883	0.01586	0.06471	0.01183	0.01297	0.00895	0.00695	0.00495	0.00213	0.00606	0.00438	0.00490	0.00869
16	0.01500	0.01527	0.02431	0.01967	0.02206	0.03749	0.18398	0.01779	0.01326	0.01901	0.01526	0.11300	0.01515	0.01359	0.05019	0.00317	0.36243	0.00855	0.00380	0.04700
17	0.09267	0.01167	0.01449	0.01177	0.01615	0.01107	0.00951	0.06168	0.06202	0.40634	0.19205	0.03004	0.02895	0.01008	0.00723	0.00222	0.00541	0.00830	0.00800	0.01035
18	0.01144	0.00797	0.00941	0.00878	0.01115	0.00719	0.00667	0.01484	0.04719	0.07824	0.36471	0.05601	0.31920	0.01531	0.00826	0.00231	0.00377	0.01310	0.00739	0.00705
19	0.07545	0.01548	0.01797	0.01404	0.01943	0.01586	0.01154	0.28142	0.08219	0.35675	0.02286	0.02094	0.01527	0.00865	0.00699	0.00220	0.00667	0.00675	0.00777	0.01178
20	0.02953	0.01413	0.01724	0.01345	0.01874	0.03354	0.01102	0.15046	0.05133	0.51688	0.04960	0.02375	0.01832	0.00896	0.00718	0.00219	0.00646	0.00719	0.00826	0.01178
21	0.00866	0.00625	0.00821	0.00978	0.01029	0.00580	0.00655	0.00993	0.01377	0.01823	0.04094	0.71035	0.08076	0.02209	0.00905	0.00287	0.00410	0.01998	0.00661	0.00580
22	0.02707	0.01995	0.02137	0.01638	0.02208	0.02208	0.01353	0.68159	0.03348	0.04488	0.01710	0.01710	0.01211	0.00855	0.00712	0.00214	0.00784	0.00641	0.00712	0.01211
23	0.01525	0.01517	0.02208	0.07944	0.02168	0.02071	0.03817	0.01726	0.01141	0.01740	0.01015	0.01643	0.00971	0.01326	0.04647	0.00333	0.62475	0.00636	0.00316	0.00781

[dist]
# distance from previous block
# <min> <max>
0	14

[block]
# block no. 10 follows, 29 sequences, length 93
# corresponding to MSA columns:
# 528-534,536-621
name=unknown_K
#
# <colnr> <probs for GDERKNQSTAVLIFYWHMCP>
#	G	D	E	R	K	N	Q	S	T	A	V	L	I	F	Y	W	H	M	C	P
0	0.00930	0.00777	0.00804	0.00804	0.01028	0.00699	0.00591	0.01244	0.07046	0.01969	0.06323	0.11464	0.55813	0.06090	0.01002	0.00271	0.00401	0.01458	0.00653	0.00632
1	0.03104	0.01189	0.01620	0.01256	0.01787	0.01028	0.01032	0.03374	0.02012	0.68330	0.02853	0.05232	0.01877	0.00934	0.00724	0.00223	0.00598	0.00767	0.00873	0.01187
2	0.60145	0.01765	0.13889	0.03394	0.01781	0.01569	0.01142	0.02069	0.01261	0.02904	0.01062	0.01282	0.00819	0.00736	0.00583	0.03302	0.00657	0.00428	0.00406	0.00805
3	0.01417	0.01313	0.02219	0.62875	0.04560	0.01583	0.06448	0.04260	0.01514	0.01982	0.01337	0.01924	0.01003	0.00714	0.00712	0.00234	0.00936	0.00649	0.03509	0.00813
4	0.00907	0.00648	0.00871	0.01028	0.01089	0.00612	0.00722	0.01064	0.01421	0.01894	0.06273	0.63784	0.04705	0.02170	0.00916	0.00292	0.00440	0.09908	0.00665	0.00591
5	0.01449	0.06881	0.68274	0.01993	0.03026	0.01706	0.02568	0.02250	0.01501	0.02229	0.01265	0.01487	0.00903	0.00674	0.00667	0.00222	0.01039	0.00520	0.00301	0.01046
6	0.01596	0.01757	0.03684	0.20618	0.04018	0.01746	0.51407	0.02165	0.01616	0.02165	0.01397	0.01915	0.01048	0.00628	0.00808	0.00239	0.01137	0.00788	0.00349	0.00918
7	0.09042	0.22626	0.43704	0.01663	0.02504	0.01923	0.01998	0.02171	0.01480	0.02212	0.03835	0.01521	0.01117	0.00687	0.00601	0.00205	0.00899	0.00503	0.00334	0.00974
8	0.60310	0.01380	0.01281	0.09471	0.01870	0.01578	0.00965	0.05453	0.01414	0.08973	0.01217	0.01381	0.00900	0.00696	0.00510	0.00222	0.00614	0.00456	0.00478	0.00833
9	0.18329	0.04432	0.04191	0.01315	0.01825	0.03592	0.01114	0.16474	0.08756	0.25408	0.06022	0.02095	0.01691	0.00851	0.00654	0.00218	0.00653	0.00648	0.00677	0.01053
10	0.02707	0.01995	0.02137	0.01638	0.02208	0.02208	0.01353	0.68159	0.03348	0.04488	0.01710	0.01710	0.01211	0.00855	0.00712	0.00214	0.00784	0.00641	0.00712	0.01211
11	0.02543	0.01834	0.01938	0.01541	0.02066	0.05041	0.01251	0.41279	0.16643	0.13023	0.02064	0.01976	0.01467	0.00866	0.00707	0.00216	0.00729	0.00671	0.00714	0.03431
12	0.01891	0.71264	0.03758	0.01319	0.01934	0.02760	0.04978	0.02141	0.01460	0.01709	0.01015	0.01186	0.00923	0.00609	0.00479	0.00157	0.00786	0.00407	0.00308	0.00916
13	0.01528	0.01273	0.01460	0.01123	0.01663	0.01083	0.00885	0.07256	0.07904	0.02499	0.01875	0.08542	0.03554	0.00790	0.00605	0.00148	0.00536	0.00656	0.00503	0.56119
14	0.07822	0.01565	0.01735	0.03501	0.01988	0.04021	0.01158	0.17899	0.21127	0.27986	0.02360	0.02188	0.01634	0.00874	0.00696	0.00224	0.00664	0.00691	0.00735	0.01132
15	0.01040	0.00750	0.00906	0.00899	0.01084	0.00685	0.00661	0.01341	0.04204	0.04993	0.31720	0.20645	0.25052	0.01689	0.00846	0.00244	0.00379	0.01473	0.00722	0.00668
16	0.01345	0.01266	0.02136	0.73264	0.04904	0.01582	0.01978	0.01819	0.01424	0.01819	0.01266	0.01898	0.00949	0.00712	0.00712	0.00237	0.00949	0.00633	0.00316	0.00791
17	0.56713	0.01538	0.04989	0.01115	0.01612	0.01591	0.00968	0.07995	0.04041	0.11696	0.01366	0.01436	0.00991	0.00717	0.00521	0.00221	0.00605	0.00472	0.00522	0.00892
18	0.01662	0.01964	0.06539	0.05042	0.03734	0.01789	0.63664	0.02266	0.01667	0.02266	0.01430	0.01905	0.01070	0.00606	0.00831	0.00239	0.01188	0.00823	0.00357	0.00959
19	0.00879	0.00723	0.00773	0.00761	0.00985	0.00617	0.00570	0.01094	0.01711	0.02134	0.21392	0.06507	0.55935	0.01725	0.00841	0.00237	0.00355	0.01454	0.00689	0.00617
20	0.01681	0.01921	0.04202	0.03001	0.03721	0.01801	0.67947	0.02281	0.01681	0.02281	0.01441	0.01921	0.01080	0.00600	0.00840	0.00240	0.01200	0.00840	0.00360	0.00960
21	0.02039	0.01695	0.05157	0.01486	0.01965	0.01778	0.01230	0.18163	0.44224	0.08080	0.02670	0.02493	0.03874	0.00945	0.00722	0.00233	0.00635	0.00768	0.00710	0.01133
22	0.01428	0.03683	0.71286	0.02030	0.03082	0.01654	0.02631	0.02255	0.01503	0.02255	0.01278	0.01503	0.00902	0.00677	0.00677	0.00226	0.01052	0.00526	0.00301	0.01052
23	0.02783	0.01726	0.01950	0.01502	0.02046	0.01825	0.01233	0.47440	0.02894	0.23158	0.02040	0.02019	0.01417	0.03575	0.00820	0.00233	0.00730	0.00677	0.00750	0.01183
24	0.01335	0.00849	0.01111	0.01060	0.01286	0.00802	0.00851	0.04024	0.01958	0.10099	0.41399	0.05608	0.07788	0.01512	0.00858	0.00250	0.00462	0.17251	0.00755	0.00743
25	0.01512	0.01636	0.03428	0.08378	0.03334	0.01566	0.50399	0.02024	0.01628	0.02200	0.04435	0.12360	0.01803	0.00874	0.00840	0.00246	0.01035	0.01009	0.00416	0.00881
26	0.01057	0.00765	0.00921	0.00884	0.01087	0.00697	0.00661	0.01386	0.04285	0.05120	0.40089	0.11193	0.26036	0.01587	0.00837	0.00235	0.00369	0.01375	0.00737	0.00680
27	0.80005	0.01377	0.01047	0.00936	0.01377	0.01597	0.00771	0.02093	0.01212	0.03195	0.00991	0.01157	0.00771	0.00661	0.00441	0.00220	0.00551	0.00386	0.00441	0.00771
28	0.01035	0.00876	0.01445	0.01336	0.01522	0.00818	0.12820	0.01261	0.01466	0.01951	0.06588	0.48890	0.08492	0.04378	0.00985	0.00289	0.00567	0.04024	0.00604	0.00651
29	0.02816	0.01215	0.01629	0.04821	0.01917	0.01117	0.01073	0.06080	0.04662	0.55441	0.09168	0.02653	0.02191	0.00930	0.00728	0.00222	0.00603	0.00767	0.00830	0.01136
30	0.01142	0.00816	0.01140	0.01295	0.01459	0.00814	0.01129	0.01470	0.01654	0.02159	0.06336	0.07927	0.04199	0.01947	0.00978	0.00324	0.00643	0.63250	0.00661	0.00656
31	0.01681	0.01921	0.04202	0.03001	0.03721	0.01801	0.67947	0.02281	0.01681	0.02281	0.01441	0.01921	0.01080	0.00600	0.00840	0.00240	0.01200	0.00840	0.00360	0.00960
32	0.01564	0.01576	0.02281	0.01926	0.01961	0.02162	0.04846	0.01742	0.01120	0.01742	0.00960	0.01576	0.00942	0.01214	0.02263	0.00308	0.70082	0.00634	0.00314	0.00788
33	0.00887	0.00630	0.00827	0.00970	0.01013	0.00591	0.00643	0.01009	0.01363	0.01824	0.06464	0.66074	0.04619	0.08075	0.01125	0.00319	0.00432	0.01915	0.00647	0.00570
34	0.80005	0.01377	0.01047	0.00936	0.01377	0.01597	0.00771	0.02093	0.01212	0.03195	0.00991	0.01157	0.00771	0.00661	0.00441	0.00220	0.00551	0.00386	0.00441	0.00771
35	0.03037	0.01322	0.01706	0.01314	0.01854	0.01223	0.01083	0.13949	0.02251	0.57733	0.05037	0.02411	0.01850	0.00898	0.00720	0.00219	0.00625	0.00724	0.00850	0.01192
36	0.00873	0.00624	0.00831	0.00988	0.01034	0.00582	0.00661	0.01005	0.01389	0.01858	0.06485	0.71836	0.04787	0.02201	0.00906	0.00287	0.00410	0.01996	0.00666	0.00582
