[name]
unknown

[dist]
# distance from previous block
# <min> <max>
0	1

[block]
# block no. 0 follows, 29 sequences, length 15
# corresponding to MSA columns:
# 1-15
name=unknown_A
#
# <colnr> <probs for GDERKNQSTAVLIFYWHMCP>
#	G	D	E	R	K	N	Q	S	T	A	V	L	I	F	Y	W	H	M	C	P
0	0.01195	0.05515	0.01310	0.01306	0.01497	0.00945	0.01152	0.01517	0.01627	0.02102	0.03595	0.07598	0.03898	0.01882	0.00950	0.00317	0.00662	0.61626	0.00634	0.00672
1	0.02783	0.08778	0.01884	0.01290	0.01833	0.01375	0.01080	0.10840	0.04989	0.47401	0.04794	0.02275	0.01769	0.00857	0.00685	0.00208	0.00627	0.00683	0.00770	0.05079
2	0.02608	0.01921	0.02067	0.01604	0.02145	0.02121	0.01316	0.64565	0.03242	0.04345	0.01828	0.05605	0.01398	0.00928	0.00723	0.00218	0.00764	0.00715	0.00710	0.01177
3	0.02598	0.01930	0.02079	0.01587	0.02162	0.02097	0.01309	0.62311	0.03183	0.04297	0.01670	0.01689	0.01197	0.00826	0.00696	0.00204	0.00761	0.00622	0.00687	0.08094
4	0.01428	0.03683	0.71286	0.02030	0.03082	0.01654	0.02631	0.02255	0.01503	0.02255	0.01278	0.01503	0.00902	0.00677	0.00677	0.00226	0.01052	0.00526	0.00301	0.01052
5	0.00842	0.00721	0.00721	0.00721	0.00962	0.00601	0.00541	0.01022	0.01623	0.01924	0.07213	0.06853	0.70244	0.01803	0.00842	0.00240	0.00361	0.01503	0.00661	0.00601
6	0.01441	0.03592	0.67816	0.02080	0.03115	0.01661	0.06009	0.02256	0.01513	0.02256	0.01286	0.01525	0.00911	0.00673	0.00685	0.00226	0.01060	0.00542	0.00304	0.01048
7	0.00956	0.00726	0.00880	0.00842	0.01032	0.00650	0.00631	0.01244	0.01894	0.02566	0.50606	0.05795	0.26451	0.01564	0.00840	0.00229	0.00344	0.01355	0.00746	0.00650
8	0.01147	0.07370	0.01248	0.00968	0.01193	0.00947	0.00756	0.01605	0.07236	0.02761	0.58790	0.04742	0.05851	0.01343	0.00797	0.00219	0.00391	0.01170	0.00737	0.00729
9	0.02307	0.01894	0.07352	0.01510	0.02108	0.01807	0.01312	0.43198	0.04840	0.06808	0.04252	0.01848	0.01420	0.00807	0.00681	0.00196	0.00725	0.00624	0.00637	0.15672
10	0.02017	0.28398	0.02450	0.01334	0.01837	0.02064	0.01151	0.27958	0.02185	0.02858	0.01776	0.13403	0.01663	0.00965	0.00637	0.00195	0.00695	0.00756	0.00533	0.07124
11	0.02270	0.17436	0.12579	0.01563	0.02206	0.02142	0.01471	0.36909	0.05468	0.05437	0.01562	0.01614	0.01156	0.00768	0.00646	0.00199	0.00792	0.00570	0.00559	0.04652
12	0.02342	0.02073	0.05056	0.01804	0.08100	0.13433	0.01375	0.36000	0.02609	0.06310	0.07128	0.02102	0.03773	0.00873	0.00706	0.00207	0.00818	0.00678	0.00606	0.04006
13	0.02198	0.15147	0.09653	0.02161	0.16936	0.11703	0.01588	0.12649	0.07907	0.10931	0.01612	0.01711	0.01220	0.00741	0.00654	0.00203	0.00850	0.00580	0.00493	0.01063
14	0.01871	0.04254	0.05122	0.04853	0.02288	0.05876	0.12960	0.11315	0.04719	0.09547	0.04781	0.06197	0.04667	0.00860	0.00703	0.00200	0.00767	0.00760	0.00532	0.17728

[dist]
# distance from previous block
# <min> <max>
0	10

[block]
# block no. 1 follows, 29 sequences, length 24
# corresponding to MSA columns:
# 26-49
name=unknown_B
#
# <colnr> <probs for GDERKNQSTAVLIFYWHMCP>
#	G	D	E	R	K	N	Q	S	T	A	V	L	I	F	Y	W	H	M	C	P
0	0.01982	0.06849	0.05604	0.01683	0.04997	0.19029	0.06901	0.02548	0.11139	0.06829	0.01557	0.01686	0.01213	0.00687	0.00633	0.00177	0.00838	0.00551	0.00459	0.24636
1	0.02174	0.12228	0.09128	0.01858	0.02394	0.24126	0.12630	0.07905	0.06064	0.07426	0.03525	0.01731	0.01284	0.00766	0.00742	0.00208	0.03803	0.00606	0.00450	0.00954
2	0.04237	0.02437	0.27865	0.02129	0.06463	0.01686	0.16009	0.14918	0.01920	0.06932	0.01564	0.03916	0.01184	0.00744	0.00715	0.00221	0.00932	0.00669	0.00452	0.05006
3	0.01452	0.01055	0.01257	0.00987	0.01448	0.00842	0.00778	0.01744	0.01672	0.09614	0.16609	0.03295	0.14252	0.00976	0.00666	0.00165	0.00468	0.00818	0.00586	0.41316
4	0.02077	0.01167	0.01489	0.03503	0.01727	0.01114	0.00991	0.02626	0.11923	0.29304	0.15547	0.05598	0.02728	0.01013	0.00788	0.00214	0.03614	0.00839	0.00718	0.13017
5	0.00881	0.00723	0.00776	0.00762	0.00986	0.00618	0.00572	0.01098	0.01715	0.02143	0.22006	0.06492	0.55316	0.01722	0.00841	0.00237	0.00355	0.01452	0.00690	0.00618
6	0.01274	0.01020	0.01131	0.01069	0.01321	0.01055	0.00801	0.06344	0.21048	0.02523	0.16144	0.16125	0.21137	0.04589	0.00927	0.00263	0.00465	0.01274	0.00695	0.00794
7	0.01904	0.75404	0.03731	0.01218	0.01828	0.02818	0.01218	0.02132	0.01447	0.01675	0.00990	0.01142	0.00914	0.00609	0.00457	0.00152	0.00761	0.00381	0.00305	0.00914
8	0.00997	0.00727	0.00936	0.00884	0.01057	0.00667	0.00663	0.01322	0.01989	0.02793	0.65957	0.05421	0.10958	0.01479	0.00840	0.00225	0.00338	0.01302	0.00776	0.00667
9	0.01031	0.00707	0.00859	0.00859	0.00888	0.00735	0.00535	0.01089	0.01060	0.01442	0.02168	0.04241	0.02407	0.59325	0.19026	0.00792	0.00964	0.00974	0.00420	0.00477
10	0.05551	0.01849	0.01980	0.01559	0.02095	0.02046	0.01276	0.51263	0.14104	0.07989	0.01942	0.01886	0.01385	0.00867	0.00704	0.00219	0.00728	0.00663	0.00714	0.01180
11	0.03195	0.01212	0.01652	0.01267	0.01818	0.01047	0.01047	0.03470	0.02038	0.71026	0.02809	0.02424	0.01763	0.00881	0.00716	0.00220	0.00606	0.00716	0.00881	0.01212
12	0.02469	0.01668	0.01813	0.01429	0.01920	0.01810	0.01168	0.46493	0.07312	0.10799	0.02000	0.01999	0.01431	0.00861	0.00679	0.00208	0.00677	0.00663	0.13485	0.01116
13	0.03076	0.01185	0.01614	0.01247	0.01777	0.01026	0.01026	0.03354	0.02037	0.67313	0.06478	0.02581	0.02033	0.00913	0.00723	0.00221	0.00591	0.00747	0.00876	0.01182
14	0.01077	0.00851	0.01260	0.01225	0.01338	0.01034	0.00964	0.01321	0.01138	0.01660	0.01799	0.02660	0.01686	0.04885	0.64395	0.01052	0.09882	0.00747	0.00374	0.00652
15	0.80005	0.01377	0.01047	0.00936	0.01377	0.01597	0.00771	0.02093	0.01212	0.03195	0.00991	0.01157	0.00771	0.00661	0.00441	0.00220	0.00551	0.00386	0.00441	0.00771
16	0.01937	0.72198	0.03655	0.01246	0.01844	0.05902	0.01225	0.02164	0.01472	0.01678	0.00995	0.01149	0.00914	0.00615	0.00465	0.00154	0.00785	0.00384	0.00307	0.00910
17	0.00984	0.00669	0.00792	0.00842	0.00855	0.00656	0.00502	0.01022	0.01136	0.01514	0.02757	0.26006	0.03237	0.52745	0.02794	0.00568	0.00606	0.01338	0.00502	0.00476
18	0.01818	0.18564	0.15034	0.01840	0.02424	0.10624	0.13192	0.06561	0.01650	0.02141	0.01285	0.03668	0.01088	0.00773	0.00858	0.00209	0.10059	0.00597	0.00369	0.07244
19	0.01730	0.01701	0.03028	0.07665	0.58251	0.01701	0.11002	0.02180	0.01619	0.02295	0.01349	0.01790	0.01113	0.00634	0.00723	0.00217	0.00899	0.00662	0.00352	0.01088
20	0.00875	0.00625	0.00833	0.00987	0.01034	0.00583	0.00662	0.01010	0.01397	0.01872	0.07379	0.70902	0.04814	0.02190	0.00905	0.00286	0.00409	0.01986	0.00667	0.00583
21	0.01458	0.01381	0.02340	0.54578	0.22705	0.01612	0.02034	0.01919	0.01477	0.01957	0.01286	0.01862	0.00998	0.00691	0.00710	0.00230	0.00921	0.00633	0.00326	0.00882
22	0.01738	0.01618	0.02551	0.13838	0.45179	0.01744	0.01952	0.05719	0.09162	0.02397	0.01494	0.01865	0.01209	0.00735	0.00816	0.00225	0.05638	0.00653	0.00405	0.01060
23	0.01036	0.00690	0.00777	0.00777	0.00777	0.00690	0.00431	0.01036	0.01036	0.01381	0.02244	0.04660	0.02589	0.74975	0.03624	0.00690	0.00690	0.01036	0.00431	0.00431

[dist]
# distance from previous block
# <min> <max>
0	1

[block]
# block no. 2 follows, 29 sequences, length 83
# corresponding to MSA columns:
# 51-133
name=unknown_C
#
# <colnr> <probs for GDERKNQSTAVLIFYWHMCP>
#	G	D	E	R	K	N	Q	S	T	A	V	L	I	F	Y	W	H	M	C	P
0	0.01441	0.03594	0.67896	0.02079	0.03114	0.01661	0.05932	0.02256	0.01512	0.02256	0.01286	0.01524	0.00911	0.00673	0.00685	0.00226	0.01060	0.00542	0.00304	0.01048
1	0.01565	0.05193	0.25164	0.02016	0.02605	0.07406	0.16982	0.02063	0.01551	0.02124	0.07030	0.02161	0.05027	0.00891	0.01043	0.00240	0.14940	0.00717	0.00379	0.00901
2	0.06943	0.48077	0.03017	0.01370	0.01842	0.13390	0.01242	0.02160	0.01468	0.01787	0.01034	0.01274	0.00939	0.00880	0.03328	0.00216	0.09406	0.00436	0.00327	0.00865
3	0.73748	0.01340	0.01053	0.00937	0.01370	0.01537	0.00770	0.02126	0.01255	0.05720	0.01117	0.01269	0.00854	0.00676	0.00453	0.00218	0.00544	0.00410	0.03820	0.00783
4	0.02468	0.01222	0.01543	0.01231	0.01675	0.01161	0.00997	0.15272	0.02283	0.38533	0.22081	0.03124	0.03091	0.01042	0.00751	0.00220	0.00562	0.00867	0.00821	0.01055
5	0.02665	0.01970	0.02114	0.01618	0.02190	0.02165	0.01336	0.65887	0.03284	0.04413	0.01694	0.01702	0.01206	0.00844	0.00706	0.00210	0.00775	0.00634	0.00702	0.03885
6	0.00943	0.00682	0.00892	0.00932	0.01048	0.00630	0.00663	0.01184	0.01726	0.02386	0.40119	0.34853	0.07689	0.01796	0.00869	0.00252	0.00370	0.01608	0.00728	0.00630
7	0.02288	0.01655	0.01855	0.01503	0.01958	0.01824	0.01227	0.48108	0.04576	0.05967	0.01980	0.04975	0.01601	0.01686	0.12329	0.00373	0.00935	0.03432	0.00660	0.01068
8	0.01524	0.01375	0.02137	0.06669	0.06764	0.03673	0.17887	0.06742	0.08004	0.04501	0.10481	0.16675	0.08067	0.01183	0.00806	0.00241	0.00738	0.01110	0.00563	0.00861
9	0.01585	0.01330	0.01535	0.01106	0.01733	0.01060	0.00889	0.07640	0.01641	0.02511	0.01305	0.01497	0.01068	0.00556	0.00544	0.00115	0.00550	0.00441	0.00447	0.72446
10	0.01904	0.75404	0.03731	0.01218	0.01828	0.02818	0.01218	0.02132	0.01447	0.01675	0.00990	0.01142	0.00914	0.00609	0.00457	0.00152	0.00761	0.00381	0.00305	0.00914
11	0.35383	0.07224	0.01464	0.01085	0.01525	0.01468	0.00898	0.07087	0.04301	0.17198	0.11219	0.02297	0.04433	0.00879	0.00599	0.00216	0.00560	0.00653	0.00607	0.00900
12	0.02627	0.03223	0.02033	0.01820	0.02191	0.64329	0.01380	0.07897	0.02091	0.01956	0.01143	0.01326	0.00941	0.00760	0.00704	0.00190	0.03665	0.00478	0.00392	0.00854
13	0.77472	0.01397	0.01082	0.00959	0.01404	0.01617	0.00790	0.04258	0.01282	0.03237	0.01015	0.01175	0.00786	0.00667	0.00450	0.00220	0.00558	0.00394	0.00450	0.00786
14	0.01018	0.00760	0.01129	0.01129	0.01251	0.00882	0.00871	0.01262	0.01140	0.01642	0.01921	0.02874	0.01814	0.08213	0.69327	0.01126	0.01857	0.00774	0.00384	0.00627
15	0.01018	0.00760	0.01129	0.01129	0.01251	0.00882	0.00871	0.01262	0.01140	0.01641	0.01922	0.02876	0.01814	0.08284	0.69257	0.01125	0.01856	0.00774	0.00384	0.00627
16	0.03048	0.01216	0.01637	0.01249	0.01807	0.01038	0.01029	0.03327	0.01990	0.65166	0.02678	0.02343	0.01702	0.00851	0.00700	0.00211	0.00599	0.00691	0.00842	0.07875
17	0.00865	0.00629	0.00817	0.00967	0.01026	0.00580	0.00650	0.00994	0.01387	0.01827	0.04220	0.68440	0.10590	0.02192	0.00903	0.00285	0.00408	0.01978	0.00661	0.00580
18	0.01667	0.01881	0.03979	0.02877	0.03518	0.01843	0.60640	0.02218	0.01616	0.02218	0.01385	0.01881	0.01064	0.00671	0.01005	0.00248	0.09177	0.00816	0.00355	0.00940
19	0.01237	0.00618	0.00928	0.00928	0.00928	0.00618	0.00618	0.00928	0.00928	0.01237	0.01237	0.02165	0.01237	0.02474	0.02783	0.79283	0.00618	0.00618	0.00309	0.00309
20	0.03176	0.01242	0.01671	0.01281	0.01833	0.01091	0.01058	0.05960	0.02088	0.68466	0.02767	0.02396	0.01741	0.00880	0.00716	0.00220	0.00613	0.00713	0.00875	0.01212
21	0.03061	0.01426	0.01785	0.01368	0.01924	0.01364	0.01130	0.21147	0.02396	0.52844	0.02509	0.02229	0.01612	0.00874	0.00715	0.00219	0.00654	0.00696	0.00835	0.01212
22	0.00868	0.00620	0.00826	0.00991	0.01033	0.00578	0.00661	0.00991	0.01363	0.01818	0.03925	0.74510	0.04710	0.02231	0.00909	0.00289	0.00413	0.02024	0.00661	0.00578
23	0.02660	0.03394	0.02018	0.01834	0.02201	0.72116	0.01376	0.02843	0.02018	0.01743	0.01101	0.01284	0.00917	0.00734	0.00642	0.00183	0.01284	0.00459	0.00367	0.00825
24	0.02660	0.03394	0.02018	0.01834	0.02201	0.72116	0.01376	0.02843	0.02018	0.01743	0.01101	0.01284	0.00917	0.00734	0.00642	0.00183	0.01284	0.00459	0.00367	0.00825
25	0.01356	0.00941	0.01038	0.00942	0.01051	0.00982	0.00608	0.13919	0.01479	0.01977	0.02141	0.04094	0.02324	0.60748	0.03065	0.00599	0.00708	0.00960	0.00485	0.00581
26	0.01962	0.01211	0.01518	0.01236	0.01637	0.01163	0.00987	0.08817	0.01802	0.22175	0.05972	0.12784	0.05372	0.01100	0.00896	0.00212	0.08991	0.00880	0.00636	0.20649
27	0.01790	0.55745	0.05882	0.01376	0.01866	0.02588	0.01329	0.02027	0.01369	0.01704	0.01018	0.01289	0.00944	0.00883	0.03022	0.00217	0.15313	0.00446	0.00308	0.00884
28	0.00886	0.00720	0.00785	0.00776	0.00991	0.00619	0.00579	0.01104	0.01716	0.02162	0.23416	0.08741	0.51566	0.01728	0.00843	0.00238	0.00356	0.01465	0.00693	0.00619
29	0.02307	0.01015	0.01368	0.01116	0.01512	0.00894	0.00894	0.02607	0.02029	0.43339	0.30163	0.03600	0.03776	0.01115	0.00766	0.00222	0.00496	0.00948	0.00842	0.00993
30	0.01646	0.01835	0.03802	0.06172	0.03501	0.01847	0.54900	0.02174	0.01580	0.02174	0.01357	0.01866	0.01052	0.00702	0.01058	0.00251	0.12008	0.00798	0.00351	0.00925
31	0.01017	0.00763	0.01144	0.01144	0.01272	0.00890	0.00890	0.01272	0.01144	0.01653	0.01907	0.02797	0.01780	0.05340	0.72153	0.01144	0.01907	0.00763	0.00381	0.00636
32	0.00853	0.00705	0.00748	0.00773	0.00978	0.00600	0.00566	0.01031	0.01598	0.01946	0.09374	0.17819	0.56837	0.01858	0.00852	0.00248	0.00368	0.01579	0.00666	0.00600
33	0.00850	0.00722	0.00733	0.00730	0.00967	0.00605	0.00548	0.01038	0.01643	0.01971	0.10394	0.06775	0.67034	0.01786	0.00841	0.00240	0.00359	0.01492	0.00667	0.00605
34	0.01508	0.08554	0.48232	0.02155	0.03067	0.01742	0.17624	0.02221	0.01558	0.02238	0.03652	0.01704	0.01143	0.00680	0.00704	0.00223	0.01040	0.00614	0.00331	0.01008
35	0.01583	0.01603	0.02173	0.05476	0.02034	0.04422	0.01573	0.01756	0.01137	0.01720	0.00957	0.01566	0.00935	0.01203	0.02200	0.00304	0.67646	0.00618	0.00314	0.00781
36	0.80005	0.01377	0.01047	0.00936	0.01377	0.01597	0.00771	0.02093	0.01212	0.03195	0.00991	0.01157	0.00771	0.00661	0.00441	0.00220	0.00551	0.00386	0.00441	0.00771
37	0.65004	0.01345	0.01165	0.01001	0.01463	0.01490	0.00825	0.02362	0.01373	0.16442	0.01346	0.01404	0.00965	0.00704	0.00494	0.00220	0.00562	0.00450	0.00527	0.00857
38	0.02095	0.51286	0.06658	0.01435	0.01997	0.22480	0.01335	0.02341	0.01612	0.01724	0.01036	0.01201	0.00914	0.00648	0.00521	0.00165	0.00925	0.00410	0.00322	0.00896
39	0.01094	0.00748	0.00975	0.00906	0.01092	0.00686	0.00684	0.01423	0.02006	0.05669	0.65591	0.05241	0.08290	0.01442	0.00835	0.00224	0.00348	0.01270	0.00784	0.00692
40	0.02481	0.03100	0.02115	0.01880	0.02210	0.60448	0.03714	0.02675	0.01884	0.01758	0.01091	0.01342	0.00925	0.00797	0.00872	0.00202	0.10828	0.00494	0.00359	0.00824
41	0.03114	0.01342	0.01733	0.01329	0.01883	0.01239	0.01097	0.14206	0.02255	0.59984	0.02627	0.02305	0.01671	0.00877	0.00715	0.00219	0.00635	0.00704	0.00853	0.01212
42	0.01982	0.01323	0.01691	0.01771	0.13086	0.01368	0.01186	0.02980	0.28665	0.19553	0.11129	0.02897	0.04288	0.00969	0.00728	0.00226	0.00578	0.00829	0.03689	0.01059
43	0.01872	0.70583	0.08272	0.01273	0.01912	0.02739	0.01313	0.02140	0.01451	0.01714	0.01009	0.01167	0.00913	0.00614	0.00472	0.00157	0.00781	0.00391	0.00304	0.00923
44	0.05204	0.02951	0.01989	0.01852	0.04720	0.55099	0.01364	0.08480	0.02029	0.02061	0.01262	0.04165	0.01093	0.00817	0.00725	0.00198	0.04179	0.00546	0.00409	0.00858
45	0.01663	0.01236	0.01281	0.01184	0.01479	0.08212	0.00939	0.10538	0.01977	0.11474	0.12662	0.11364	0.18471	0.01471	0.00820	0.00247	0.00598	0.12897	0.00682	0.00802
46	0.15927	0.01693	0.03176	0.05666	0.11985	0.01675	0.40256	0.02154	0.01567	0.02417	0.01481	0.03782	0.01220	0.00709	0.00751	0.00237	0.00986	0.03007	0.00390	0.00921
47	0.01681	0.01921	0.04202	0.03001	0.03721	0.01801	0.67947	0.02281	0.01681	0.02281	0.01441	0.01921	0.01080	0.00600	0.00840	0.00240	0.01200	0.00840	0.00360	0.00960
48	0.01771	0.01530	0.01610	0.01449	0.01852	0.01771	0.01127	0.03784	0.69247	0.02979	0.02898	0.02657	0.02174	0.00966	0.00725	0.00242	0.00564	0.00805	0.00725	0.01127
49	0.02921	0.01220	0.01624	0.01233	0.01797	0.01031	0.01014	0.03203	0.01949	0.60081	0.02563	0.02273	0.01650	0.00825	0.00686	0.00202	0.00593	0.00669	0.00808	0.13656
50	0.00868	0.00620	0.00826	0.00991	0.01033	0.00578	0.00661	0.00991	0.01363	0.01818	0.03925	0.74510	0.04710	0.02231	0.00909	0.00289	0.00413	0.02024	0.00661	0.00578
51	0.01558	0.01558	0.02181	0.01869	0.01869	0.02181	0.01558	0.01714	0.01091	0.01714	0.00935	0.01558	0.00935	0.01246	0.02337	0.00312	0.73672	0.00623	0.00312	0.00779
52	0.01237	0.00618	0.00928	0.00928	0.00928	0.00618	0.00618	0.00928	0.00928	0.01237	0.01237	0.02165	0.01237	0.02474	0.02783	0.79283	0.00618	0.00618	0.00309	0.00309
53	0.03157	0.01272	0.01690	0.01296	0.01848	0.01136	0.01070	0.08456	0.02139	0.65898	0.02724	0.02369	0.01720	0.00879	0.00716	0.00220	0.00620	0.00710	0.00868	0.01212
54	0.03195	0.01212	0.01652	0.01267	0.01818	0.01047	0.01047	0.03470	0.02038	0.71026	0.02809	0.02424	0.01763	0.00881	0.00716	0.00220	0.00606	0.00716	0.00881	0.01212
55	0.01008	0.00728	0.00952	0.00896	0.01064	0.00672	0.00672	0.01344	0.02016	0.02855	0.70158	0.05319	0.06719	0.01456	0.00840	0.00224	0.00336	0.01288	0.00784	0.00672
56	0.01461	0.01405	0.02444	0.53060	0.19572	0.01621	0.06458	0.01933	0.01485	0.01964	0.01294	0.01869	0.00998	0.00687	0.00719	0.00232	0.00943	0.00647	0.00327	0.00878
57	0.80005	0.01377	0.01047	0.00936	0.01377	0.01597	0.00771	0.02093	0.01212	0.03195	0.00991	0.01157	0.00771	0.00661	0.00441	0.00220	0.00551	0.00386	0.00441	0.00771
58	0.02727	0.01794	0.01982	0.01527	0.02074	0.01932	0.01259	0.53694	0.03031	0.16028	0.01931	0.01879	0.01337	0.00858	0.00703	0.00213	0.00731	0.00655	0.04460	0.01185
59	0.01013	0.00841	0.00885	0.00847	0.01103	0.00776	0.00643	0.03218	0.08685	0.02236	0.15600	0.06059	0.52255	0.01641	0.00826	0.00237	0.00390	0.01376	0.00687	0.00682
60	0.05788	0.13136	0.04235	0.01289	0.01847	0.01411	0.01132	0.05860	0.01936	0.49645	0.02389	0.02324	0.01627	0.00863	0.00673	0.00213	0.00653	0.03120	0.00738	0.01121
61	0.02020	0.00952	0.01276	0.01068	0.01413	0.00845	0.00845	0.02328	0.02026	0.34418	0.38976	0.03978	0.04424	0.01190	0.00783	0.00222	0.00461	0.01023	0.00829	0.00922
62	0.03035	0.01206	0.01621	0.01260	0.01787	0.01065	0.01035	0.03395	0.05232	0.64910	0.05660	0.02557	0.01992	0.00910	0.00722	0.00221	0.00592	0.00744	0.00870	0.01185
63	0.05157	0.72320	0.03620	0.01207	0.01809	0.02767	0.01200	0.02131	0.01437	0.01739	0.00990	0.01143	0.00908	0.00611	0.00456	0.00155	0.00753	0.00381	0.00310	0.00908
64	0.00968	0.00703	0.00913	0.00910	0.01052	0.00647	0.00664	0.01249	0.01848	0.02576	0.52199	0.21328	0.08978	0.01649	0.00856	0.00240	0.00355	0.01467	0.00750	0.00647
65	0.00868	0.00620	0.00826	0.00991	0.01033	0.00578	0.00661	0.00991	0.01363	0.01818	0.03925	0.74510	0.04710	0.02231	0.00909	0.00289	0.00413	0.02024	0.00661	0.00578
66	0.00884	0.00633	0.00841	0.00980	0.01037	0.00590	0.00662	0.01034	0.01442	0.01942	0.11887	0.66193	0.04951	0.02138	0.00901	0.00281	0.00404	0.01936	0.00676	0.00590
67	0.01605	0.02044	0.11724	0.06152	0.03601	0.01727	0.54700	0.02207	0.01636	0.02238	0.01508	0.04640	0.01192	0.00677	0.00818	0.00240	0.01141	0.00839	0.00363	0.00948
68	0.02540	0.03196	0.02033	0.04168	0.02266	0.64918	0.01408	0.02731	0.01934	0.01743	0.01094	0.01323	0.00919	0.00769	0.00763	0.00194	0.06341	0.00476	0.00361	0.00821
69	0.80005	0.01377	0.01047	0.00936	0.01377	0.01597	0.00771	0.02093	0.01212	0.03195	0.00991	0.01157	0.00771	0.00661	0.00441	0.00220	0.00551	0.00386	0.00441	0.00771
70	0.10032	0.01227	0.01599	0.01237	0.01779	0.01096	0.01022	0.03348	0.01965	0.64988	0.02647	0.02311	0.01674	0.00862	0.00692	0.00220	0.00601	0.00687	0.00842	0.01173
71	0.01369	0.01299	0.02268	0.65082	0.04677	0.01569	0.07410	0.01829	0.01429	0.01839	0.01279	0.01909	0.00969	0.00760	0.00790	0.02804	0.00959	0.00650	0.00320	0.00789
72	0.00963	0.00726	0.00890	0.00849	0.01036	0.00653	0.00637	0.01257	0.01910	0.02604	0.53169	0.05733	0.23864	0.01550	0.00840	0.00228	0.00343	0.01346	0.00751	0.00653
73	0.04678	0.03588	0.68380	0.01984	0.03011	0.01651	0.02554	0.02248	0.01491	0.02294	0.01266	0.01489	0.00897	0.00676	0.00667	0.00225	0.01032	0.00520	0.00306	0.01041
74	0.03195	0.01212	0.01652	0.01267	0.01818	0.01047	0.01047	0.03470	0.02038	0.71026	0.02809	0.02424	0.01763	0.00881	0.00716	0.00220	0.00606	0.00716	0.00881	0.01212
75	0.02855	0.01210	0.01591	0.01258	0.01761	0.01100	0.01026	0.03336	0.09773	0.57720	0.08227	0.02683	0.02208	0.00937	0.00727	0.00223	0.00579	0.00772	0.00855	0.01159
76	0.01904	0.75404	0.03731	0.01218	0.01828	0.02818	0.01218	0.02132	0.01447	0.01675	0.00990	0.01142	0.00914	0.00609	0.00457	0.00152	0.00761	0.00381	0.00305	0.00914
77	0.01143	0.00764	0.00944	0.00900	0.01114	0.00683	0.00685	0.01413	0.01841	0.08342	0.38450	0.10434	0.24771	0.01584	0.00840	0.00237	0.00385	0.04038	0.00742	0.00690
78	0.02613	0.03316	0.02025	0.01836	0.02187	0.69160	0.01384	0.02796	0.01979	0.01741	0.01094	0.01296	0.00918	0.00755	0.00714	0.00189	0.04344	0.00466	0.00365	0.00824
79	0.80005	0.01377	0.01047	0.00936	0.01377	0.01597	0.00771	0.02093	0.01212	0.03195	0.00991	0.01157	0.00771	0.00661	0.00441	0.00220	0.00551	0.00386	0.00441	0.00771
80	0.01019	0.00755	0.01103	0.01103	0.01216	0.00868	0.00839	0.01245	0.01132	0.01623	0.01945	0.03006	0.01871	0.13123	0.64494	0.01094	0.01771	0.00793	0.00387	0.00613
81	0.01345	0.01266	0.02136	0.73264	0.04904	0.01582	0.01978	0.01819	0.01424	0.01819	0.01266	0.01898	0.00949	0.00712	0.00712	0.00237	0.00949	0.00633	0.00316	0.00791
82	0.03109	0.01193	0.01625	0.01252	0.01788	0.01032	0.01032	0.03387	0.02037	0.68365	0.05439	0.02537	0.01956	0.00904	0.00721	0.00220	0.00595	0.00738	0.00878	0.01191

[dist]
# distance from previous block
# <min> <max>
0	6

[block]
# block no. 3 follows, 29 sequences, length 125
# corresponding to MSA columns:
# 140-264
name=unknown_D
#
# <colnr> <probs for GDERKNQSTAVLIFYWHMCP>
#	G	D	E	R	K	N	Q	S	T	A	V	L	I	F	Y	W	H	M	C	P
0	0.01072	0.00744	0.00962	0.00898	0.01083	0.00680	0.00677	0.01397	0.01993	0.05104	0.64213	0.05311	0.10255	0.01457	0.00836	0.00225	0.00346	0.01281	0.00780	0.00686
1	0.01558	0.01558	0.02181	0.01869	0.01869	0.02181	0.01558	0.01714	0.01091	0.01714	0.00935	0.01558	0.00935	0.01246	0.02337	0.00312	0.73672	0.00623	0.00312	0.00779
2	0.00988	0.00727	0.00924	0.00875	0.01052	0.00663	0.00656	0.01305	0.01969	0.02744	0.62636	0.05502	0.14310	0.01497	0.00840	0.00226	0.00339	0.01313	0.00769	0.00663
3	0.03160	0.01267	0.01687	0.01293	0.01845	0.01129	0.01068	0.08063	0.02131	0.66302	0.02731	0.02373	0.01723	0.00879	0.00716	0.00220	0.00619	0.00711	0.00869	0.01212
4	0.03108	0.01351	0.01739	0.01333	0.01887	0.01253	0.01101	0.14957	0.02271	0.59211	0.02614	0.02297	0.01665	0.00877	0.00715	0.00219	0.00637	0.00703	0.00851	0.01212
5	0.01681	0.01921	0.04202	0.03001	0.03721	0.01801	0.67947	0.02281	0.01681	0.02281	0.01441	0.01921	0.01080	0.00600	0.00840	0.00240	0.01200	0.00840	0.00360	0.00960
6	0.01017	0.00763	0.01144	0.01144	0.01272	0.00890	0.00890	0.01272	0.01144	0.01653	0.01907	0.02797	0.01780	0.05340	0.72153	0.01144	0.01907	0.00763	0.00381	0.00636
7	0.80005	0.01377	0.01047	0.00936	0.01377	0.01597	0.00771	0.02093	0.01212	0.03195	0.00991	0.01157	0.00771	0.00661	0.00441	0.00220	0.00551	0.00386	0.00441	0.00771
8	0.01681	0.01921	0.04202	0.03001	0.03721	0.01801	0.67947	0.02281	0.01681	0.02281	0.01441	0.01921	0.01080	0.00600	0.00840	0.00240	0.01200	0.00840	0.00360	0.00960
9	0.01771	0.01530	0.01610	0.01449	0.01852	0.01771	0.01127	0.03784	0.69247	0.02979	0.02898	0.02657	0.02174	0.00966	0.00725	0.00242	0.00564	0.00805	0.00725	0.01127
10	0.03107	0.01352	0.01739	0.01334	0.01888	0.01255	0.01102	0.15072	0.02273	0.59092	0.02612	0.02296	0.01664	0.00877	0.00715	0.00219	0.00638	0.00703	0.00851	0.01212
11	0.01036	0.00690	0.00777	0.00777	0.00777	0.00690	0.00431	0.01036	0.01036	0.01381	0.02244	0.04660	0.02589	0.74975	0.03624	0.00690	0.00690	0.01036	0.00431	0.00431
12	0.00884	0.00637	0.00838	0.00970	0.01034	0.00591	0.00658	0.01036	0.01453	0.01950	0.12213	0.63584	0.07272	0.02120	0.00898	0.00279	0.00402	0.01915	0.00676	0.00591
13	0.02660	0.03394	0.02018	0.01834	0.02201	0.72116	0.01376	0.02843	0.02018	0.01743	0.01101	0.01284	0.00917	0.00734	0.00642	0.00183	0.01284	0.00459	0.00367	0.00825
14	0.01521	0.01505	0.02013	0.01749	0.01773	0.04362	0.01436	0.01679	0.01124	0.01693	0.01093	0.01813	0.01092	0.05201	0.08689	0.00401	0.61131	0.00650	0.00326	0.00751
15	0.00856	0.00711	0.00749	0.00763	0.00977	0.00604	0.00563	0.01041	0.01622	0.01978	0.11287	0.14190	0.58556	0.01826	0.00849	0.00245	0.00365	0.01545	0.00670	0.00604
16	0.00961	0.00725	0.00880	0.00842	0.01026	0.00652	0.00627	0.01242	0.01873	0.02542	0.49939	0.05743	0.24982	0.03723	0.00922	0.00242	0.00354	0.01343	0.00738	0.00644
17	0.06052	0.01090	0.01438	0.01153	0.01596	0.00971	0.00934	0.02839	0.01995	0.49744	0.20750	0.03142	0.03044	0.01025	0.00737	0.00221	0.00531	0.00854	0.00835	0.01048
18	0.01760	0.09400	0.05730	0.09362	0.50136	0.04415	0.04751	0.02181	0.01600	0.02192	0.01290	0.01688	0.01072	0.00642	0.00682	0.00208	0.00885	0.00606	0.00343	0.01058
19	0.01056	0.00807	0.01165	0.01144	0.01246	0.00951	0.00874	0.01270	0.01126	0.01621	0.01886	0.02963	0.01831	0.14376	0.58266	0.01027	0.06599	0.00790	0.00383	0.00618
20	0.01878	0.01605	0.02159	0.01808	0.01943	0.04577	0.03430	0.04730	0.01367	0.11552	0.01250	0.01686	0.01066	0.01141	0.01937	0.00288	0.55671	0.00637	0.00411	0.00864
21	0.03151	0.01222	0.01651	0.01272	0.01819	0.01069	0.01049	0.03480	0.04092	0.68947	0.02812	0.02431	0.01775	0.00884	0.00716	0.00221	0.00605	0.00719	0.00877	0.01209
22	0.01861	0.68950	0.09810	0.01291	0.01940	0.02713	0.01346	0.02143	0.01452	0.01727	0.01016	0.01175	0.00913	0.00615	0.00477	0.00159	0.00788	0.00394	0.00304	0.00926
23	0.01079	0.00825	0.00957	0.00973	0.01036	0.03940	0.00654	0.01186	0.01161	0.01546	0.02322	0.13801	0.02554	0.38985	0.25114	0.00757	0.01069	0.01062	0.00445	0.00536
24	0.02148	0.52183	0.03179	0.01417	0.01948	0.25164	0.01269	0.02362	0.01631	0.01697	0.01026	0.01188	0.00915	0.00649	0.00517	0.00162	0.00930	0.00406	0.00325	0.00885
25	0.02181	0.00988	0.01328	0.01095	0.01468	0.00873	0.00873	0.02485	0.02028	0.39434	0.34021	0.03765	0.04059	0.01148	0.00773	0.00222	0.00481	0.00981	0.00836	0.00962
26	0.01408	0.01174	0.01381	0.01063	0.01587	0.00925	0.00828	0.03913	0.01520	0.02303	0.01762	0.14695	0.01721	0.00847	0.00603	0.00142	0.00515	0.00719	0.00475	0.62418
27	0.01904	0.75404	0.03731	0.01218	0.01828	0.02818	0.01218	0.02132	0.01447	0.01675	0.00990	0.01142	0.00914	0.00609	0.00457	0.00152	0.00761	0.00381	0.00305	0.00914
28	0.02549	0.03223	0.01976	0.04317	0.02253	0.67079	0.01367	0.02742	0.01983	0.01752	0.01324	0.01504	0.03387	0.00771	0.00652	0.00187	0.01239	0.00502	0.00376	0.00816
29	0.04876	0.40322	0.30794	0.01512	0.02275	0.02209	0.01741	0.02161	0.01462	0.02012	0.01161	0.01351	0.00941	0.00648	0.00547	0.00185	0.00853	0.00451	0.03545	0.00954
30	0.80005	0.01377	0.01047	0.00936	0.01377	0.01597	0.00771	0.02093	0.01212	0.03195	0.00991	0.01157	0.00771	0.00661	0.00441	0.00220	0.00551	0.00386	0.00441	0.00771
31	0.01345	0.01266	0.02136	0.73264	0.04904	0.01582	0.01978	0.01819	0.01424	0.01819	0.01266	0.01898	0.00949	0.00712	0.00712	0.00237	0.00949	0.00633	0.00316	0.00791
32	0.02582	0.01914	0.02046	0.01593	0.02136	0.02124	0.01308	0.60374	0.09285	0.04297	0.01835	0.01823	0.01316	0.00864	0.00707	0.00215	0.00750	0.00657	0.02986	0.01187
33	0.01477	0.01266	0.01477	0.01055	0.01687	0.00949	0.00844	0.01793	0.01477	0.02320	0.01266	0.01477	0.01055	0.00527	0.00527	0.00105	0.00527	0.00422	0.00422	0.79328
34	0.00868	0.00620	0.00826	0.00991	0.01033	0.00578	0.00661	0.00991	0.01363	0.01818	0.03925	0.74510	0.04710	0.02231	0.00909	0.00289	0.00413	0.02024	0.00661	0.00578
35	0.01558	0.01558	0.02181	0.01869	0.01869	0.02181	0.01558	0.01714	0.01091	0.01714	0.00935	0.01558	0.00935	0.01246	0.02337	0.00312	0.73672	0.00623	0.00312	0.00779
36	0.01237	0.00618	0.00928	0.00928	0.00928	0.00618	0.00618	0.00928	0.00928	0.01237	0.01237	0.02165	0.01237	0.02474	0.02783	0.79283	0.00618	0.00618	0.00309	0.00309
37	0.03195	0.01212	0.01652	0.01267	0.01818	0.01047	0.01047	0.03470	0.02038	0.71026	0.02809	0.02424	0.01763	0.00881	0.00716	0.00220	0.00606	0.00716	0.00881	0.01212
38	0.03195	0.01212	0.01652	0.01267	0.01818	0.01047	0.01047	0.03470	0.02038	0.71026	0.02809	0.02424	0.01763	0.00881	0.00716	0.00220	0.00606	0.00716	0.00881	0.01212
39	0.01018	0.00760	0.01129	0.01129	0.01251	0.00882	0.00871	0.01262	0.01140	0.01642	0.01921	0.02874	0.01813	0.08207	0.69332	0.01126	0.01857	0.00774	0.00384	0.00627
40	0.01925	0.02000	0.02732	0.03912	0.58174	0.14430	0.02039	0.02304	0.01693	0.02221	0.01296	0.01676	0.01090	0.00652	0.00694	0.00206	0.00925	0.00603	0.00355	0.01073
41	0.80005	0.01377	0.01047	0.00936	0.01377	0.01597	0.00771	0.02093	0.01212	0.03195	0.00991	0.01157	0.00771	0.00661	0.00441	0.00220	0.00551	0.00386	0.00441	0.00771
42	0.01032	0.00706	0.00853	0.00853	0.00880	0.00732	0.00527	0.01085	0.01058	0.01438	0.02173	0.04271	0.02420	0.60430	0.17939	0.00785	0.00945	0.00979	0.00421	0.00474
43	0.13682	0.01340	0.01572	0.01269	0.01775	0.01330	0.01032	0.05956	0.16867	0.41463	0.02479	0.02237	0.01669	0.00857	0.00673	0.00221	0.00594	0.00677	0.00763	0.03545
44	0.01834	0.64859	0.13663	0.01338	0.02012	0.02646	0.01426	0.02150	0.01455	0.01761	0.01032	0.01195	0.00912	0.00619	0.00489	0.00163	0.00804	0.00402	0.00304	0.00934
45	0.01771	0.01530	0.01610	0.01449	0.01852	0.01771	0.01127	0.03784	0.69247	0.02979	0.02898	0.02657	0.02174	0.00966	0.00725	0.00242	0.00564	0.00805	0.00725	0.01127
46	0.00896	0.00723	0.00797	0.00778	0.00995	0.00624	0.00584	0.01127	0.01751	0.02228	0.27804	0.06351	0.49463	0.01690	0.00841	0.00235	0.00353	0.01432	0.00701	0.00624
47	0.01345	0.01266	0.02136	0.73264	0.04904	0.01582	0.01978	0.01819	0.01424	0.01819	0.01266	0.01898	0.00949	0.00712	0.00712	0.00237	0.00949	0.00633	0.00316	0.00791
48	0.00868	0.00620	0.00826	0.00991	0.01033	0.00578	0.00661	0.00991	0.01363	0.01818	0.03925	0.74510	0.04710	0.02231	0.00909	0.00289	0.00413	0.02024	0.00661	0.00578
49	0.00868	0.00620	0.00826	0.00991	0.01033	0.00578	0.00661	0.00991	0.01363	0.01818	0.03925	0.74510	0.04710	0.02231	0.00909	0.00289	0.00413	0.02024	0.00661	0.00578
50	0.00868	0.00620	0.00826	0.00991	0.01033	0.00578	0.00661	0.00991	0.01363	0.01818	0.03925	0.74510	0.04710	0.02231	0.00909	0.00289	0.00413	0.02024	0.00661	0.00578
51	0.01036	0.00690	0.00777	0.00777	0.00777	0.00690	0.00431	0.01036	0.01036	0.01381	0.02244	0.04660	0.02589	0.74975	0.03624	0.00690	0.00690	0.01036	0.00431	0.00431
52	0.01339	0.01233	0.02075	0.69651	0.04706	0.01534	0.01910	0.01775	0.01399	0.01790	0.01264	0.01912	0.00964	0.00800	0.00815	0.04186	0.00933	0.00632	0.00316	0.00767
53	0.01882	0.72189	0.06759	0.01255	0.01884	0.02765	0.01282	0.02138	0.01449	0.01701	0.01003	0.01158	0.00913	0.00612	0.00467	0.00156	0.00775	0.00387	0.00304	0.00920
54	0.03195	0.01212	0.01652	0.01267	0.01818	0.01047	0.01047	0.03470	0.02038	0.71026	0.02809	0.02424	0.01763	0.00881	0.00716	0.00220	0.00606	0.00716	0.00881	0.01212
55	0.01868	0.03978	0.01440	0.01135	0.01446	0.01408	0.00878	0.29950	0.02162	0.03064	0.01961	0.02647	0.01689	0.18135	0.01383	0.02642	0.00633	0.00729	0.22007	0.00842
56	0.01681	0.01921	0.04202	0.03001	0.03721	0.01801	0.67947	0.02281	0.01681	0.02281	0.01441	0.01921	0.01080	0.00600	0.00840	0.00240	0.01200	0.00840	0.00360	0.00960
57	0.53933	0.02036	0.09528	0.01253	0.01757	0.14382	0.01121	0.04670	0.01470	0.02869	0.01071	0.01241	0.00829	0.00683	0.00515	0.00214	0.00751	0.00425	0.00421	0.00830
58	0.01415	0.01337	0.02262	0.61690	0.15929	0.01600	0.02012	0.01881	0.01457	0.01905	0.01278	0.01876	0.00979	0.00699	0.00711	0.00233	0.00932	0.00633	0.00322	0.00848
59	0.01684	0.01907	0.04110	0.02946	0.03655	0.01800	0.65588	0.02334	0.04067	0.02306	0.01492	0.01947	0.01119	0.00613	0.00836	0.00240	0.01178	0.00839	0.00373	0.00966
60	0.01904	0.75404	0.03731	0.01218	0.01828	0.02818	0.01218	0.02132	0.01447	0.01675	0.00990	0.01142	0.00914	0.00609	0.00457	0.00152	0.00761	0.00381	0.00305	0.00914
61	0.01805	0.01846	0.02570	0.06056	0.53039	0.11728	0.01933	0.02176	0.01672	0.02194	0.01762	0.02097	0.06501	0.00743	0.00707	0.00211	0.00874	0.00677	0.00377	0.01032
62	0.01629	0.24233	0.38960	0.01688	0.02493	0.02015	0.01947	0.02496	0.13740	0.02217	0.01487	0.01607	0.01135	0.00709	0.00621	0.00207	0.00879	0.00534	0.00378	0.01025
63	0.80005	0.01377	0.01047	0.00936	0.01377	0.01597	0.00771	0.02093	0.01212	0.03195	0.00991	0.01157	0.00771	0.00661	0.00441	0.00220	0.00551	0.00386	0.00441	0.00771
64	0.01327	0.00664	0.00664	0.00664	0.00830	0.00664	0.00498	0.01659	0.01493	0.02655	0.02323	0.02655	0.01825	0.00830	0.00498	0.00166	0.00332	0.00664	0.78928	0.00664
65	0.01771	0.01530	0.01610	0.01449	0.01852	0.01771	0.01127	0.03784	0.69247	0.02979	0.02898	0.02657	0.02174	0.00966	0.00725	0.00242	0.00564	0.00805	0.00725	0.01127
66	0.01477	0.01266	0.01477	0.01055	0.01687	0.00949	0.00844	0.01793	0.01477	0.02320	0.01266	0.01477	0.01055	0.00527	0.00527	0.00105	0.00527	0.00422	0.00422	0.79328
67	0.00868	0.00620	0.00826	0.00991	0.01033	0.00578	0.00661	0.00991	0.01363	0.01818	0.03925	0.74510	0.04710	0.02231	0.00909	0.00289	0.00413	0.02024	0.00661	0.00578
68	0.01558	0.01558	0.02181	0.01869	0.01869	0.02181	0.01558	0.01714	0.01091	0.01714	0.00935	0.01558	0.00935	0.01246	0.02337	0.00312	0.73672	0.00623	0.00312	0.00779
69	0.01237	0.00618	0.00928	0.00928	0.00928	0.00618	0.00618	0.00928	0.00928	0.01237	0.01237	0.02165	0.01237	0.02474	0.02783	0.79283	0.00618	0.00618	0.00309	0.00309
70	0.03195	0.01212	0.01652	0.01267	0.01818	0.01047	0.01047	0.03470	0.02038	0.71026	0.02809	0.02424	0.01763	0.00881	0.00716	0.00220	0.00606	0.00716	0.00881	0.01212
71	0.02655	0.01092	0.01479	0.01175	0.01632	0.00954	0.00954	0.02945	0.02033	0.54188	0.19445	0.03139	0.02987	0.01023	0.00747	0.00221	0.00539	0.00857	0.00857	0.01078
72	0.00878	0.00662	0.00825	0.00936	0.01041	0.00608	0.00657	0.01031	0.01434	0.01850	0.04723	0.50056	0.22528	0.02256	0.04371	0.00319	0.00480	0.04108	0.00647	0.00590
73	0.04213	0.01405	0.02382	0.50582	0.20654	0.01620	0.05206	0.01940	0.01477	0.02013	0.01282	0.01841	0.00993	0.00686	0.00707	0.00231	0.00922	0.00635	0.00332	0.00880
74	0.65792	0.01794	0.13751	0.01134	0.01685	0.01608	0.01108	0.02122	0.01265	0.03025	0.01043	0.01219	0.00795	0.00664	0.00483	0.00221	0.00642	0.00411	0.00415	0.00822
75	0.02488	0.03112	0.02002	0.01813	0.02134	0.62442	0.01376	0.02672	0.01892	0.01736	0.01113	0.01367	0.00951	0.00954	0.03435	0.00232	0.08618	0.00486	0.00362	0.00814
76	0.01529	0.00858	0.01119	0.01011	0.01261	0.00785	0.00771	0.03732	0.01944	0.18244	0.40208	0.15521	0.07263	0.01441	0.00819	0.00234	0.00424	0.01262	0.00780	0.00794
77	0.01445	0.06259	0.68859	0.02000	0.03037	0.01696	0.02580	0.02251	0.01501	0.02234	0.01268	0.01490	0.00902	0.00674	0.00669	0.00223	0.01042	0.00521	0.00301	0.01047
78	0.03020	0.01173	0.01597	0.01237	0.01758	0.01017	0.01017	0.03301	0.02036	0.65589	0.08181	0.02655	0.02158	0.00927	0.00726	0.00221	0.00584	0.00762	0.00874	0.01169
79	0.01327	0.00664	0.00664	0.00664	0.00830	0.00664	0.00498	0.01659	0.01493	0.02655	0.02323	0.02655	0.01825	0.00830	0.00498	0.00166	0.00332	0.00664	0.78928	0.00664
80	0.01985	0.01473	0.01622	0.01415	0.01832	0.01637	0.01121	0.10706	0.47557	0.11410	0.06150	0.02877	0.02322	0.01009	0.00739	0.00239	0.00586	0.03473	0.00742	0.01105
81	0.00951	0.00688	0.00898	0.00924	0.01049	0.00635	0.00663	0.01204	0.01764	0.02444	0.43778	0.30522	0.08318	0.01750	0.00865	0.00248	0.00365	0.01563	0.00735	0.00635
82	0.00868	0.00620	0.00826	0.00991	0.01033	0.00578	0.00661	0.00991	0.01363	0.01818	0.03925	0.74510	0.04710	0.02231	0.00909	0.00289	0.00413	0.02024	0.00661	0.00578
83	0.01090	0.00742	0.00974	0.00916	0.01093	0.00683	0.00687	0.01413	0.01984	0.05596	0.64091	0.08656	0.06415	0.01471	0.00838	0.00227	0.00351	0.01301	0.00782	0.00689
84	0.01513	0.01492	0.02095	0.01810	0.01820	0.02074	0.01503	0.01677	0.01095	0.01709	0.01015	0.01660	0.01005	0.01584	0.08103	0.00380	0.67744	0.00635	0.00317	0.00767
85	0.03170	0.01251	0.01677	0.01285	0.01837	0.01105	0.01062	0.06701	0.02103	0.67703	0.02754	0.02388	0.01735	0.00880	0.00716	0.00220	0.00615	0.00712	0.00873	0.01212
86	0.80005	0.01377	0.01047	0.00936	0.01377	0.01597	0.00771	0.02093	0.01212	0.03195	0.00991	0.01157	0.00771	0.00661	0.00441	0.00220	0.00551	0.00386	0.00441	0.00771
87	0.01809	0.01549	0.01632	0.01457	0.01866	0.01789	0.01136	0.06421	0.66548	0.03041	0.02850	0.02618	0.02134	0.00962	0.00724	0.00240	0.00573	0.00798	0.00724	0.01131
88	0.01762	0.01692	0.02890	0.04371	0.70533	0.01692	0.02185	0.02185	0.01621	0.02326	0.01339	0.01762	0.01128	0.00634	0.00705	0.00211	0.00846	0.00634	0.00352	0.01128
89	0.01560	0.02784	0.37585	0.02611	0.08003	0.01720	0.30827	0.02261	0.01588	0.02271	0.01352	0.01702	0.00995	0.00641	0.00749	0.00231	0.01102	0.00669	0.00330	0.01018
90	0.01504	0.07689	0.65528	0.01962	0.02976	0.01703	0.02507	0.02282	0.01515	0.04119	0.01304	0.01508	0.00926	0.00678	0.00665	0.00221	0.01024	0.00523	0.00317	0.01049
91	0.00868	0.00620	0.00826	0.00991	0.01033	0.00578	0.00661	0.00991	0.01363	0.01818	0.03925	0.74510	0.04710	0.02231	0.00909	0.00289	0.00413	0.02024	0.00661	0.00578
92	0.01274	0.01034	0.01246	0.01323	0.04523	0.01077	0.01001	0.02074	0.22163	0.02384	0.08720	0.10763	0.16350	0.01556	0.00849	0.00269	0.00539	0.21377	0.00673	0.00805
93	0.01051	0.00725	0.00945	0.00920	0.01080	0.00665	0.00678	0.01341	0.01885	0.04962	0.53678	0.17789	0.08407	0.01588	0.00848	0.00236	0.00360	0.01409	0.00761	0.00671
94	0.01725	0.01914	0.10510	0.04110	0.63019	0.01688	0.02235	0.02193	0.01608	0.02318	0.01333	0.01734	0.01103	0.00639	0.00702	0.00213	0.00869	0.00622	0.00347	0.01119
95	0.01904	0.75404	0.03731	0.01218	0.01828	0.02818	0.01218	0.02132	0.01447	0.01675	0.00990	0.01142	0.00914	0.00609	0.00457	0.00152	0.00761	0.00381	0.00305	0.00914
96	0.02366	0.02586	0.02331	0.02655	0.25199	0.36699	0.01645	0.13568	0.02107	0.02399	0.01283	0.01516	0.01037	0.00721	0.00675	0.00198	0.01053	0.00548	0.00420	0.00992
97	0.02868	0.01285	0.01643	0.01309	0.01826	0.01213	0.01065	0.03542	0.17476	0.55396	0.02830	0.02477	0.01857	0.00901	0.00718	0.00225	0.00596	0.00737	0.00845	0.01192
98	0.80005	0.01377	0.01047	0.00936	0.01377	0.01597	0.00771	0.02093	0.01212	0.03195	0.00991	0.01157	0.00771	0.00661	0.00441	0.00220	0.00551	0.00386	0.00441	0.00771
99	0.01454	0.01088	0.01250	0.01226	0.04072	0.03971	0.00827	0.10710	0.01572	0.04882	0.05352	0.15609	0.02658	0.33100	0.04589	0.00469	0.04888	0.01074	0.00530	0.00680
100	0.01832	0.01604	0.01642	0.01468	0.01875	0.03961	0.01143	0.06067	0.64802	0.02995	0.02800	0.02580	0.02100	0.00955	0.00722	0.00239	0.00594	0.00788	0.00713	0.01121
101	0.01477	0.01266	0.01477	0.01055	0.01687	0.00949	0.00844	0.01793	0.01477	0.02320	0.01266	0.01477	0.01055	0.00527	0.00527	0.00105	0.00527	0.00422	0.00422	0.79328
102	0.01522	0.00842	0.01095	0.01012	0.01235	0.00779	0.00751	0.01822	0.04077	0.18602	0.30759	0.19844	0.04552	0.08488	0.01088	0.00283	0.00458	0.01276	0.00744	0.00771
103	0.01644	0.02254	0.18526	0.03094	0.18417	0.01745	0.39115	0.02254	0.01629	0.02285	0.01383	0.01795	0.01052	0.00624	0.00775	0.00231	0.01089	0.00726	0.00345	0.01018
104	0.00863	0.00639	0.00806	0.00939	0.01019	0.00583	0.00638	0.00997	0.01413	0.01838	0.04559	0.61454	0.17356	0.02148	0.00896	0.00280	0.00403	0.01924	0.00661	0.00583
105	0.03195	0.01212	0.01652	0.01267	0.01818	0.01047	0.01047	0.03470	0.02038	0.71026	0.02809	0.02424	0.01763	0.00881	0.00716	0.00220	0.00606	0.00716	0.00881	0.01212
106	0.02339	0.01689	0.01904	0.01525	0.01985	0.01880	0.01247	0.47808	0.05095	0.07130	0.01821	0.01984	0.01374	0.01737	0.14550	0.00398	0.03133	0.00674	0.00646	0.01084
107	0.01938	0.72176	0.03655	0.01246	0.01844	0.05923	0.01225	0.02164	0.01472	0.01678	0.00995	0.01149	0.00914	0.00615	0.00465	0.00154	0.00785	0.00384	0.00307	0.00910
108	0.01742	0.01671	0.02853	0.07812	0.67255	0.01686	0.02175	0.02167	0.01612	0.02301	0.01336	0.01769	0.01119	0.00638	0.00705	0.00213	0.00851	0.00634	0.00351	0.01111
109	0.80005	0.01377	0.01047	0.00936	0.01377	0.01597	0.00771	0.02093	0.01212	0.03195	0.00991	0.01157	0.00771	0.00661	0.00441	0.00220	0.00551	0.00386	0.00441	0.00771
110	0.01558	0.01558	0.02181	0.01869	0.01869	0.02181	0.01558	0.01714	0.01091	0.01714	0.00935	0.01558	0.00935	0.01246	0.02337	0.00312	0.73672	0.00623	0.00312	0.00779
111	0.01334	0.01241	0.02139	0.61261	0.04424	0.01494	0.06110	0.01761	0.01415	0.01823	0.01431	0.06145	0.01190	0.00872	0.00825	0.03783	0.00919	0.00727	0.00339	0.00768
112	0.01734	0.01724	0.03148	0.07010	0.02993	0.01905	0.34262	0.05323	0.01556	0.05242	0.01327	0.01805	0.01058	0.00858	0.01342	0.00263	0.26425	0.00736	0.00381	0.00910
113	0.00923	0.00697	0.00852	0.00871	0.01026	0.00627	0.00631	0.01158	0.01729	0.02312	0.34454	0.24138	0.24464	0.01762	0.00859	0.00246	0.00364	0.01545	0.00716	0.00627
114	0.03043	0.01279	0.01673	0.01302	0.01840	0.01170	0.01069	0.06729	0.08128	0.61603	0.02762	0.02409	0.01772	0.00888	0.00717	0.00222	0.00611	0.00720	0.00859	0.01204
115	0.01203	0.00974	0.01136	0.03319	0.01381	0.04047	0.00832	0.06857	0.01571	0.02096	0.05095	0.49802	0.03675	0.04045	0.00973	0.00272	0.03077	0.01555	0.00605	0.07484
116	0.00978	0.00694	0.00781	0.00793	0.00855	0.00668	0.00490	0.01037	0.01198	0.01547	0.03489	0.10530	0.18051	0.50362	0.05121	0.00573	0.00636	0.01209	0.00500	0.00488
