[name]
unknown

[dist]
# distance from previous block
# <min> <max>
0	79

[block]
# block no. 0 follows, 30 sequences, length 7
# corresponding to MSA columns:
# 89-95
name=unknown_A
#
# <colnr> <probs for GDERKNQSTAVLIFYWHMCP>
#	G	D	E	R	K	N	Q	S	T	A	V	L	I	F	Y	W	H	M	C	P
0	0.02081	0.01370	0.01571	0.01337	0.01764	0.01433	0.01088	0.18454	0.21967	0.17693	0.02937	0.03365	0.07404	0.01091	0.00743	0.00233	0.00608	0.10149	0.00714	0.03998
1	0.04407	0.00922	0.01200	0.01261	0.01486	0.00922	0.01079	0.05902	0.01694	0.05397	0.03328	0.10718	0.03522	0.01720	0.00892	0.00294	0.00625	0.50200	0.00639	0.03792
2	0.06351	0.01806	0.01949	0.01518	0.02055	0.01979	0.01248	0.53143	0.08759	0.11269	0.01855	0.01803	0.01304	0.00841	0.00687	0.00213	0.00720	0.00638	0.00704	0.01159
3	0.01218	0.00903	0.01013	0.00947	0.01091	0.00927	0.00633	0.04061	0.13475	0.01941	0.07897	0.07944	0.02771	0.44841	0.02388	0.00488	0.00605	0.00999	0.00524	0.05335
4	0.02554	0.01896	0.02041	0.01559	0.02122	0.02063	0.01286	0.63323	0.03131	0.04224	0.01640	0.01657	0.01174	0.00811	0.00683	0.00201	0.00747	0.00611	0.00675	0.07600
5	0.02476	0.01819	0.01943	0.01518	0.02033	0.02014	0.01245	0.58406	0.08550	0.04141	0.01816	0.01821	0.01309	0.00845	0.00683	0.00208	0.00717	0.00643	0.06675	0.01139
6	0.02496	0.01838	0.01983	0.01551	0.02064	0.02025	0.01267	0.62908	0.03112	0.04171	0.01864	0.08042	0.01484	0.00955	0.00715	0.00216	0.00736	0.00746	0.00694	0.01133

[dist]
# distance from previous block
# <min> <max>
3	33

[block]
# block no. 1 follows, 30 sequences, length 52
# corresponding to MSA columns:
# 129-180
name=unknown_B
#
# <colnr> <probs for GDERKNQSTAVLIFYWHMCP>
#	G	D	E	R	K	N	Q	S	T	A	V	L	I	F	Y	W	H	M	C	P
0	0.04200	0.02128	0.16009	0.06566	0.02664	0.08254	0.16172	0.11614	0.05971	0.09872	0.01704	0.05740	0.01334	0.00821	0.00778	0.00226	0.03779	0.00715	0.00480	0.00973
1	0.01851	0.01746	0.02067	0.02440	0.25456	0.12533	0.01487	0.15541	0.01893	0.02464	0.01838	0.16789	0.01799	0.01060	0.00873	0.00228	0.07646	0.00877	0.00478	0.00933
2	0.00884	0.00768	0.04305	0.00999	0.01108	0.00626	0.00736	0.01056	0.01399	0.01872	0.08095	0.62734	0.08738	0.02037	0.00871	0.00273	0.00428	0.01834	0.00638	0.00597
3	0.02185	0.04114	0.06025	0.05799	0.04883	0.03634	0.05185	0.19679	0.13207	0.17601	0.02093	0.06394	0.01598	0.00880	0.00701	0.00217	0.00729	0.00736	0.00621	0.03722
4	0.01532	0.01672	0.03404	0.02528	0.03041	0.01678	0.49775	0.01995	0.01518	0.02093	0.01628	0.10684	0.01467	0.00882	0.01063	0.00252	0.12609	0.00930	0.00381	0.00868
5	0.01309	0.00839	0.01063	0.00950	0.01184	0.00785	0.00730	0.05610	0.02032	0.10261	0.55210	0.04787	0.09793	0.01352	0.00802	0.00220	0.00386	0.01176	0.00767	0.00743
6	0.00848	0.00617	0.00800	0.00947	0.01006	0.00569	0.00637	0.00974	0.01360	0.01791	0.04147	0.68651	0.10791	0.02147	0.00885	0.00279	0.00400	0.01936	0.00648	0.00569
7	0.01696	0.01748	0.06878	0.05823	0.57744	0.01661	0.02052	0.02302	0.08811	0.02329	0.01469	0.01808	0.01195	0.00661	0.00691	0.00212	0.00815	0.00633	0.00380	0.01091
8	0.00997	0.00748	0.01121	0.01121	0.01246	0.00872	0.00872	0.01246	0.01121	0.01620	0.01869	0.02741	0.01745	0.05234	0.72710	0.01121	0.01869	0.00748	0.00374	0.00623
9	0.01527	0.01527	0.02137	0.01832	0.01832	0.02137	0.01527	0.01679	0.01069	0.01679	0.00916	0.01527	0.00916	0.01221	0.02290	0.00305	0.74198	0.00611	0.00305	0.00763
10	0.02230	0.07396	0.02431	0.02142	0.09783	0.40688	0.09605	0.04983	0.05816	0.01997	0.01252	0.01487	0.01024	0.00734	0.00759	0.00200	0.05658	0.00545	0.00383	0.00891
11	0.01648	0.02118	0.13208	0.02767	0.03512	0.01759	0.57377	0.04494	0.01679	0.02305	0.01399	0.01820	0.01040	0.00607	0.00798	0.00232	0.01143	0.00775	0.00357	0.00962
12	0.01736	0.01499	0.01578	0.01420	0.01815	0.01736	0.01105	0.03708	0.69862	0.02919	0.02840	0.02604	0.02130	0.00947	0.00710	0.00237	0.00552	0.00789	0.00710	0.01105
13	0.01727	0.01658	0.02832	0.04283	0.71123	0.01658	0.02142	0.02142	0.01589	0.02280	0.01313	0.01727	0.01105	0.00622	0.00691	0.00207	0.00829	0.00622	0.00345	0.01105
14	0.01527	0.01527	0.02137	0.01832	0.01832	0.02137	0.01527	0.01679	0.01069	0.01679	0.00916	0.01527	0.00916	0.01221	0.02290	0.00305	0.74198	0.00611	0.00305	0.00763
15	0.07828	0.01954	0.01926	0.01556	0.01978	0.10976	0.01256	0.43412	0.02560	0.03449	0.01492	0.01749	0.01173	0.05571	0.01042	0.00247	0.09638	0.00610	0.00572	0.01010
16	0.00999	0.00673	0.00778	0.00793	0.00801	0.00673	0.00459	0.01019	0.01048	0.01402	0.02341	0.11060	0.02703	0.66210	0.05711	0.00655	0.00693	0.01096	0.00442	0.00443
17	0.02037	0.04499	0.01773	0.01500	0.01910	0.16926	0.01173	0.08006	0.46049	0.05017	0.02314	0.02192	0.01745	0.00876	0.00683	0.00219	0.00726	0.00688	0.00625	0.01043
18	0.11717	0.02538	0.02023	0.07057	0.13616	0.42360	0.01461	0.02442	0.01712	0.01978	0.01104	0.01381	0.00919	0.00729	0.00740	0.00201	0.06323	0.00493	0.00359	0.00846
19	0.00998	0.00745	0.01107	0.01107	0.01227	0.00865	0.00855	0.01237	0.01117	0.01610	0.01882	0.02813	0.01776	0.07981	0.70005	0.01104	0.01823	0.00758	0.00376	0.00615
20	0.03086	0.01259	0.01664	0.01275	0.01817	0.01132	0.01054	0.09483	0.02117	0.65355	0.02653	0.02310	0.01677	0.00861	0.00701	0.00215	0.00610	0.00695	0.00848	0.01188
21	0.01318	0.01240	0.02093	0.73798	0.04806	0.01550	0.01938	0.01783	0.01395	0.01783	0.01240	0.01860	0.00930	0.00698	0.00698	0.00233	0.00930	0.00620	0.00310	0.00775
22	0.75523	0.01339	0.01063	0.00938	0.01377	0.01531	0.00773	0.02137	0.01239	0.07457	0.01084	0.01212	0.00817	0.00661	0.00449	0.00216	0.00543	0.00398	0.00459	0.00783
23	0.01447	0.01240	0.01447	0.01034	0.01654	0.00930	0.00827	0.01757	0.01447	0.02274	0.01240	0.01447	0.01034	0.00517	0.00517	0.00103	0.00517	0.00413	0.00413	0.79742
24	0.06202	0.01375	0.02048	0.37140	0.03264	0.01814	0.01682	0.01753	0.01236	0.01818	0.01079	0.01667	0.00913	0.00929	0.01395	0.00264	0.33733	0.00601	0.00315	0.00769
25	0.75614	0.01343	0.01090	0.05333	0.01559	0.01565	0.00827	0.02035	0.01200	0.03049	0.00988	0.01178	0.00766	0.00651	0.00448	0.00217	0.00563	0.00393	0.00424	0.00757
26	0.00850	0.00607	0.00810	0.00972	0.01012	0.00567	0.00648	0.00972	0.01336	0.01781	0.03846	0.75020	0.04615	0.02186	0.00891	0.00283	0.00405	0.01984	0.00648	0.00567
27	0.01866	0.75896	0.03657	0.01194	0.01791	0.02761	0.01194	0.02090	0.01418	0.01642	0.00970	0.01119	0.00896	0.00597	0.00448	0.00149	0.00746	0.00373	0.00299	0.00896
28	0.01212	0.00606	0.00909	0.00909	0.00909	0.00606	0.00606	0.00909	0.00909	0.01212	0.01212	0.02121	0.01212	0.02424	0.02727	0.79697	0.00606	0.00606	0.00303	0.00303
29	0.03082	0.04080	0.01698	0.01240	0.01782	0.01093	0.01032	0.03350	0.01975	0.68897	0.02684	0.02327	0.01695	0.00853	0.00692	0.00213	0.00600	0.00689	0.00842	0.01176
30	0.02607	0.03326	0.01978	0.01798	0.02157	0.72674	0.01348	0.02787	0.01978	0.01708	0.01079	0.01258	0.00899	0.00719	0.00629	0.00180	0.01258	0.00449	0.00360	0.00809
31	0.01647	0.01882	0.04118	0.02941	0.03647	0.01765	0.68588	0.02235	0.01647	0.02235	0.01412	0.01882	0.01059	0.00588	0.00824	0.00235	0.01176	0.00824	0.00353	0.00941
32	0.01447	0.01240	0.01447	0.01034	0.01654	0.00930	0.00827	0.01757	0.01447	0.02274	0.01240	0.01447	0.01034	0.00517	0.00517	0.00103	0.00517	0.00413	0.00413	0.79742
33	0.02517	0.07828	0.02126	0.01882	0.05526	0.64764	0.01378	0.02711	0.01923	0.01732	0.01083	0.01273	0.00909	0.00707	0.00621	0.00179	0.01205	0.00453	0.00355	0.00829
34	0.01447	0.01240	0.01447	0.01034	0.01654	0.00930	0.00827	0.01757	0.01447	0.02274	0.01240	0.01447	0.01034	0.00517	0.00517	0.00103	0.00517	0.00413	0.00413	0.79742
35	0.01015	0.00677	0.00761	0.00761	0.00761	0.00677	0.00423	0.01015	0.01015	0.01353	0.02199	0.04567	0.02537	0.75476	0.03552	0.00677	0.00677	0.01015	0.00423	0.00423
36	0.01318	0.01240	0.02093	0.73798	0.04806	0.01550	0.01938	0.01783	0.01395	0.01783	0.01240	0.01860	0.00930	0.00698	0.00698	0.00233	0.00930	0.00620	0.00310	0.00775
37	0.01318	0.01240	0.02093	0.73798	0.04806	0.01550	0.01938	0.01783	0.01395	0.01783	0.01240	0.01860	0.00930	0.00698	0.00698	0.00233	0.00930	0.00620	0.00310	0.00775
38	0.00998	0.00744	0.01104	0.01104	0.01222	0.00863	0.00850	0.01235	0.01116	0.01607	0.01885	0.02831	0.01784	0.08688	0.69309	0.01100	0.01810	0.00761	0.00376	0.00613
39	0.01139	0.04618	0.01056	0.00951	0.01154	0.06979	0.00705	0.01324	0.01600	0.04305	0.13645	0.27348	0.29270	0.01676	0.00806	0.00239	0.00473	0.01438	0.00629	0.00646
40	0.02544	0.01873	0.02016	0.01567	0.02094	0.02067	0.01285	0.64687	0.03163	0.04239	0.01807	0.06119	0.01394	0.00919	0.00710	0.00214	0.00746	0.00710	0.00695	0.01149
41	0.02962	0.01458	0.01787	0.01370	0.01916	0.01427	0.01132	0.26470	0.02450	0.47897	0.02373	0.02128	0.01537	0.00855	0.00700	0.00214	0.00655	0.00676	0.00805	0.01187
42	0.01447	0.01240	0.01447	0.01034	0.01654	0.00930	0.00827	0.01757	0.01447	0.02274	0.01240	0.01447	0.01034	0.00517	0.00517	0.00103	0.00517	0.00413	0.00413	0.79742
43	0.00849	0.00612	0.00805	0.00960	0.01009	0.00568	0.00642	0.00973	0.01348	0.01786	0.03993	0.71911	0.07630	0.02167	0.00888	0.00281	0.00403	0.01961	0.00648	0.00568
44	0.00925	0.00699	0.00831	0.00899	0.01027	0.00644	0.00629	0.03625	0.01512	0.01950	0.08022	0.44391	0.25642	0.04621	0.00955	0.00276	0.00409	0.01698	0.00648	0.00597
45	0.01744	0.01427	0.01636	0.01209	0.01786	0.01285	0.00980	0.18052	0.01876	0.02763	0.01331	0.01506	0.01065	0.00627	0.00642	0.00138	0.03932	0.00475	0.00478	0.57048
46	0.00850	0.00607	0.00810	0.00972	0.01012	0.00567	0.00648	0.00972	0.01336	0.01781	0.03846	0.75020	0.04615	0.02186	0.00891	0.00283	0.00405	0.01984	0.00648	0.00567
47	0.01194	0.00954	0.01591	0.01426	0.01650	0.00902	0.14832	0.03819	0.01510	0.05159	0.03207	0.51770	0.03601	0.01737	0.00863	0.00269	0.00594	0.03626	0.00598	0.00698
48	0.01527	0.01527	0.02137	0.01832	0.01832	0.02137	0.01527	0.01679	0.01069	0.01679	0.00916	0.01527	0.00916	0.01221	0.02290	0.00305	0.74198	0.00611	0.00305	0.00763
49	0.01338	0.06415	0.01443	0.01029	0.01408	0.01017	0.02854	0.03417	0.01356	0.01956	0.01720	0.07221	0.01750	0.25062	0.01540	0.00312	0.00606	0.00727	0.00430	0.38399
50	0.01820	0.04040	0.01882	0.01400	0.01955	0.08760	0.05883	0.12305	0.12204	0.02611	0.01536	0.01659	0.01207	0.00659	0.00605	0.00158	0.00691	0.00535	0.00488	0.39602
51	0.03723	0.03778	0.01644	0.05866	0.01873	0.06302	0.03156	0.06066	0.13541	0.06616	0.02268	0.02519	0.08144	0.05322	0.06694	0.00300	0.04998	0.00710	0.00509	0.15971

[dist]
# distance from previous block
# <min> <max>
1	19

[block]
# block no. 2 follows, 30 sequences, length 10
# corresponding to MSA columns:
# 200-209
name=unknown_C
#
# <colnr> <probs for GDERKNQSTAVLIFYWHMCP>
#	G	D	E	R	K	N	Q	S	T	A	V	L	I	F	Y	W	H	M	C	P
0	0.07634	0.22562	0.10647	0.01518	0.03694	0.03889	0.06773	0.11571	0.04680	0.02406	0.01777	0.08045	0.04486	0.00846	0.00621	0.00197	0.00747	0.00682	0.00445	0.06780
1	0.02336	0.04146	0.07351	0.01586	0.02194	0.01733	0.06854	0.33969	0.04466	0.14897	0.01755	0.01773	0.01242	0.00759	0.00674	0.00198	0.00750	0.00615	0.00615	0.12087
2	0.01501	0.01247	0.01432	0.01060	0.01623	0.01017	0.00847	0.08491	0.01670	0.02486	0.05090	0.02047	0.06547	0.00687	0.00573	0.00130	0.00521	0.00556	0.00477	0.61998
3	0.01092	0.00802	0.00993	0.01030	0.01172	0.00765	0.00721	0.07860	0.01525	0.02066	0.03315	0.57602	0.03850	0.05584	0.00972	0.00280	0.00465	0.01660	0.00621	0.07625
4	0.00997	0.00748	0.01121	0.01121	0.01246	0.00872	0.00872	0.01246	0.01121	0.01620	0.01869	0.02741	0.01745	0.05234	0.72710	0.01121	0.01869	0.00748	0.00374	0.00623
5	0.02437	0.08739	0.02152	0.01509	0.02028	0.02021	0.01265	0.45968	0.02667	0.09819	0.01610	0.01657	0.01174	0.00825	0.00793	0.00204	0.06809	0.00593	0.00621	0.07106
6	0.02541	0.01868	0.01998	0.01550	0.02081	0.02069	0.01274	0.62307	0.06459	0.04237	0.01762	0.01766	0.01263	0.00842	0.00688	0.00208	0.00736	0.00637	0.04558	0.01156
7	0.00876	0.00640	0.00825	0.00925	0.01011	0.00588	0.00638	0.01046	0.01495	0.02003	0.18053	0.53493	0.11861	0.01985	0.00870	0.00265	0.00384	0.01781	0.00673	0.00588
8	0.01015	0.00677	0.00761	0.00761	0.00761	0.00677	0.00423	0.01015	0.01015	0.01353	0.02199	0.04567	0.02537	0.75476	0.03552	0.00677	0.00677	0.01015	0.00423	0.00423
9	0.01684	0.15389	0.05652	0.04857	0.09453	0.15789	0.06362	0.02074	0.05747	0.01957	0.04732	0.15218	0.01939	0.01016	0.00778	0.00217	0.05024	0.00840	0.00430	0.00840

[dist]
# distance from previous block
# <min> <max>
0	2

[block]
# block no. 3 follows, 30 sequences, length 80
# corresponding to MSA columns:
# 212-291
name=unknown_D
#
# <colnr> <probs for GDERKNQSTAVLIFYWHMCP>
#	G	D	E	R	K	N	Q	S	T	A	V	L	I	F	Y	W	H	M	C	P
0	0.02530	0.02024	0.02017	0.01600	0.02118	0.08710	0.01300	0.54198	0.11770	0.03955	0.01770	0.01756	0.01282	0.00841	0.00693	0.00210	0.00786	0.00632	0.00668	0.01141
1	0.00889	0.00640	0.00834	0.00959	0.01022	0.00591	0.00639	0.01009	0.01317	0.01771	0.03610	0.66601	0.04305	0.07514	0.01070	0.00304	0.00430	0.01844	0.00621	0.04029
2	0.01496	0.01269	0.01473	0.01057	0.01675	0.00981	0.00847	0.04488	0.01522	0.02360	0.01258	0.01456	0.01040	0.00530	0.00524	0.00108	0.00527	0.00422	0.00425	0.76541
3	0.01569	0.01271	0.01464	0.01114	0.01609	0.01119	0.00872	0.12504	0.01678	0.02473	0.01524	0.04940	0.01382	0.09488	0.00969	0.00201	0.02622	0.00590	0.00468	0.52143
4	0.01559	0.01307	0.01507	0.01087	0.01701	0.01045	0.00873	0.07983	0.01617	0.02471	0.01281	0.01468	0.01048	0.00547	0.00534	0.00113	0.00540	0.00433	0.00440	0.72447
5	0.01742	0.01744	0.02893	0.03873	0.56325	0.04680	0.09371	0.02149	0.01578	0.02212	0.01288	0.01712	0.01079	0.00661	0.00806	0.00216	0.05638	0.00636	0.00344	0.01053
6	0.01464	0.01240	0.01444	0.01050	0.01647	0.00956	0.00836	0.03858	0.01501	0.02323	0.01349	0.04132	0.01169	0.00588	0.00536	0.00113	0.00521	0.00477	0.00431	0.74364
7	0.00840	0.00697	0.00736	0.00749	0.00958	0.00592	0.00553	0.01023	0.01594	0.01946	0.11774	0.13983	0.58579	0.01786	0.00832	0.00240	0.00357	0.01511	0.00658	0.00592
8	0.02504	0.01858	0.01986	0.01551	0.02078	0.02063	0.01272	0.59265	0.10528	0.04172	0.01825	0.01810	0.01312	0.00849	0.00692	0.00211	0.00729	0.00647	0.03490	0.01159
9	0.01419	0.05941	0.02200	0.05257	0.21746	0.04126	0.10352	0.01720	0.01500	0.01994	0.04666	0.14716	0.10262	0.04144	0.00987	0.00251	0.06462	0.00992	0.00443	0.00825
10	0.02483	0.01803	0.01952	0.01531	0.02062	0.01976	0.01252	0.51021	0.14823	0.08348	0.01934	0.01875	0.01382	0.00848	0.00694	0.00211	0.00711	0.00654	0.00701	0.03737
11	0.01985	0.01655	0.01685	0.01463	0.01888	0.05391	0.01151	0.14387	0.52808	0.05747	0.02555	0.02373	0.01896	0.00914	0.00704	0.00228	0.00625	0.00742	0.00696	0.01106
12	0.00857	0.00699	0.00758	0.00762	0.00967	0.00600	0.00565	0.01057	0.01639	0.02045	0.18579	0.12573	0.52986	0.01742	0.00830	0.00237	0.00354	0.01480	0.00670	0.00600
13	0.02653	0.01955	0.02094	0.01606	0.02164	0.02164	0.01326	0.68796	0.03281	0.04398	0.01675	0.01675	0.01187	0.00838	0.00698	0.00209	0.00768	0.00628	0.00698	0.01187
14	0.01630	0.05125	0.05845	0.02659	0.03258	0.01863	0.52976	0.02140	0.01540	0.02120	0.01309	0.01780	0.01024	0.00691	0.01035	0.00242	0.12747	0.00761	0.00341	0.00914
15	0.00905	0.00630	0.00794	0.00902	0.00929	0.00603	0.00573	0.00986	0.01229	0.01639	0.03298	0.51575	0.03924	0.26576	0.01776	0.00414	0.00495	0.01661	0.00573	0.00519
16	0.00979	0.00661	0.00772	0.00807	0.00816	0.00652	0.00472	0.01005	0.01086	0.01447	0.02561	0.20080	0.02995	0.59338	0.02966	0.00590	0.00617	0.01228	0.00472	0.00455
17	0.01013	0.00762	0.01102	0.01096	0.01198	0.00883	0.00831	0.01223	0.01113	0.01594	0.01944	0.05386	0.01913	0.13919	0.58908	0.01007	0.04301	0.00819	0.00387	0.00601
18	0.01921	0.52549	0.03150	0.01391	0.01853	0.13219	0.01273	0.02127	0.01444	0.01658	0.00978	0.01208	0.00899	0.00719	0.00782	0.00180	0.13055	0.00424	0.00309	0.00860
19	0.02653	0.01955	0.02094	0.01606	0.02164	0.02164	0.01326	0.68796	0.03281	0.04398	0.01675	0.01675	0.01187	0.00838	0.00698	0.00209	0.00768	0.00628	0.00698	0.01187
20	0.00850	0.00607	0.00810	0.00972	0.01012	0.00567	0.00648	0.00972	0.01336	0.01781	0.03846	0.75020	0.04615	0.02186	0.00891	0.00283	0.00405	0.01984	0.00648	0.00567
21	0.03074	0.01279	0.01676	0.01285	0.01827	0.01161	0.01061	0.11184	0.02150	0.63607	0.02625	0.02292	0.01663	0.00861	0.00701	0.00215	0.00615	0.00693	0.00844	0.01187
22	0.00849	0.00611	0.00806	0.00962	0.01010	0.00568	0.00643	0.00973	0.01346	0.01785	0.03967	0.72451	0.07107	0.02170	0.00888	0.00282	0.00403	0.01965	0.00648	0.00568
23	0.02653	0.01955	0.02094	0.01606	0.02164	0.02164	0.01326	0.68796	0.03281	0.04398	0.01675	0.01675	0.01187	0.00838	0.00698	0.00209	0.00768	0.00628	0.00698	0.01187
24	0.03131	0.01188	0.01619	0.01242	0.01781	0.01026	0.01026	0.03401	0.01997	0.71606	0.02753	0.02375	0.01727	0.00864	0.00702	0.00216	0.00594	0.00702	0.00864	0.01188
25	0.01212	0.00606	0.00909	0.00909	0.00909	0.00606	0.00606	0.00909	0.00909	0.01212	0.01212	0.02121	0.01212	0.02424	0.02727	0.79697	0.00606	0.00606	0.00303	0.00303
26	0.01727	0.01658	0.02832	0.04283	0.71123	0.01658	0.02142	0.02142	0.01589	0.02280	0.01313	0.01727	0.01105	0.00622	0.00691	0.00207	0.00829	0.00622	0.00345	0.01105
27	0.02072	0.01666	0.01767	0.01488	0.01943	0.01893	0.01186	0.27548	0.45475	0.03461	0.02414	0.02264	0.01785	0.00907	0.00706	0.00227	0.00631	0.00730	0.00706	0.01135
28	0.01752	0.01454	0.01544	0.01384	0.01777	0.01661	0.01078	0.03585	0.64433	0.05522	0.03011	0.02764	0.04948	0.00977	0.00714	0.00236	0.00546	0.00814	0.00713	0.01086
29	0.66520	0.04442	0.01254	0.01001	0.01459	0.01648	0.00832	0.08576	0.01412	0.03161	0.01051	0.01198	0.00814	0.00659	0.00462	0.00208	0.00570	0.00404	0.00452	0.03878
30	0.01247	0.00829	0.00962	0.00898	0.00990	0.00852	0.00583	0.07864	0.01325	0.04130	0.05144	0.04074	0.02484	0.56140	0.09092	0.00633	0.00772	0.00953	0.00476	0.00553
31	0.02653	0.01955	0.02094	0.01606	0.02164	0.02164	0.01326	0.68796	0.03281	0.04398	0.01675	0.01675	0.01187	0.00838	0.00698	0.00209	0.00768	0.00628	0.00698	0.01187
32	0.01782	0.01522	0.01604	0.01430	0.01832	0.01758	0.01116	0.07022	0.66472	0.02994	0.02781	0.02556	0.02082	0.00941	0.00709	0.00235	0.00563	0.00781	0.00709	0.01109
33	0.01212	0.00606	0.00909	0.00909	0.00909	0.00606	0.00606	0.00909	0.00909	0.01212	0.01212	0.02121	0.01212	0.02424	0.02727	0.79697	0.00606	0.00606	0.00303	0.00303
34	0.02452	0.01836	0.01986	0.01510	0.02079	0.01959	0.01243	0.57632	0.02976	0.04044	0.01603	0.01637	0.01161	0.00784	0.00668	0.00192	0.00726	0.00592	0.00651	0.14268
35	0.00850	0.00607	0.00810	0.00972	0.01012	0.00567	0.00648	0.00972	0.01336	0.01781	0.03846	0.75020	0.04615	0.02186	0.00891	0.00283	0.00405	0.01984	0.00648	0.00567
36	0.01318	0.01240	0.02093	0.73798	0.04806	0.01550	0.01938	0.01783	0.01395	0.01783	0.01240	0.01860	0.00930	0.00698	0.00698	0.00233	0.00930	0.00620	0.00310	0.00775
37	0.00988	0.00713	0.00933	0.00878	0.01043	0.00658	0.00658	0.01317	0.01975	0.02798	0.70754	0.05213	0.06584	0.01427	0.00823	0.00219	0.00329	0.01262	0.00768	0.00658
38	0.02607	0.03326	0.01978	0.01798	0.02157	0.72674	0.01348	0.02787	0.01978	0.01708	0.01079	0.01258	0.00899	0.00719	0.00629	0.00180	0.01258	0.00449	0.00360	0.00809
39	0.01447	0.01240	0.01447	0.01034	0.01654	0.00930	0.00827	0.01757	0.01447	0.02274	0.01240	0.01447	0.01034	0.00517	0.00517	0.00103	0.00517	0.00413	0.00413	0.79742
40	0.02653	0.01955	0.02094	0.01606	0.02164	0.02164	0.01326	0.68796	0.03281	0.04398	0.01675	0.01675	0.01187	0.00838	0.00698	0.00209	0.00768	0.00628	0.00698	0.01187
41	0.02653	0.01955	0.02094	0.01606	0.02164	0.02164	0.01326	0.68796	0.03281	0.04398	0.01675	0.01675	0.01187	0.00838	0.00698	0.00209	0.00768	0.00628	0.00698	0.01187
42	0.80405	0.01350	0.01026	0.00918	0.01350	0.01565	0.00756	0.02051	0.01188	0.03131	0.00972	0.01134	0.00756	0.00648	0.00432	0.00216	0.00540	0.00378	0.00432	0.00756
43	0.02607	0.03326	0.01978	0.01798	0.02157	0.72674	0.01348	0.02787	0.01978	0.01708	0.01079	0.01258	0.00899	0.00719	0.00629	0.00180	0.01258	0.00449	0.00360	0.00809
44	0.00850	0.00607	0.00810	0.00972	0.01012	0.00567	0.00648	0.00972	0.01336	0.01781	0.03846	0.75020	0.04615	0.02186	0.00891	0.00283	0.00405	0.01984	0.00648	0.00567
45	0.01527	0.01527	0.02137	0.01832	0.01832	0.02137	0.01527	0.01679	0.01069	0.01679	0.00916	0.01527	0.00916	0.01221	0.02290	0.00305	0.74198	0.00611	0.00305	0.00763
46	0.01447	0.01240	0.01447	0.01034	0.01654	0.00930	0.00827	0.01757	0.01447	0.02274	0.01240	0.01447	0.01034	0.00517	0.00517	0.00103	0.00517	0.00413	0.00413	0.79742
47	0.01736	0.01499	0.01578	0.01420	0.01815	0.01736	0.01105	0.03708	0.69862	0.02919	0.02840	0.02604	0.02130	0.00947	0.00710	0.00237	0.00552	0.00789	0.00710	0.01105
48	0.01400	0.03610	0.71860	0.01989	0.03020	0.01621	0.02578	0.02210	0.01473	0.02210	0.01252	0.01473	0.00884	0.00663	0.00663	0.00221	0.01031	0.00516	0.00295	0.01031
49	0.03113	0.01216	0.01637	0.01255	0.01796	0.01068	0.01037	0.05861	0.02046	0.69078	0.02712	0.02349	0.01707	0.00863	0.00702	0.00216	0.00600	0.00699	0.00857	0.01188
50	0.01007	0.00744	0.01105	0.01105	0.01231	0.00865	0.00859	0.01259	0.01133	0.01654	0.01883	0.02737	0.01746	0.05081	0.70222	0.01088	0.01816	0.00744	0.03094	0.00624
51	0.00841	0.00667	0.00757	0.00820	0.00974	0.00583	0.00582	0.01002	0.01503	0.01879	0.08254	0.34076	0.41755	0.01922	0.00851	0.00254	0.00373	0.01670	0.00653	0.00583
52	0.00835	0.00707	0.00722	0.00718	0.00949	0.00594	0.00538	0.01022	0.01615	0.01944	0.11195	0.06618	0.66677	0.01745	0.00825	0.00235	0.00352	0.01459	0.00656	0.00594
53	0.02664	0.01351	0.01613	0.01262	0.01745	0.01339	0.01035	0.24763	0.02332	0.37703	0.02316	0.02182	0.01559	0.00847	0.00664	0.00205	0.00606	0.00669	0.14050	0.01097
54	0.01447	0.01240	0.01447	0.01034	0.01654	0.00930	0.00827	0.01757	0.01447	0.02274	0.01240	0.01447	0.01034	0.00517	0.00517	0.00103	0.00517	0.00413	0.00413	0.79742
55	0.04884	0.01281	0.01529	0.03734	0.01814	0.01076	0.00935	0.06480	0.01661	0.15669	0.01547	0.01642	0.01162	0.00616	0.00567	0.00141	0.00564	0.00489	0.00515	0.53693
56	0.00867	0.00709	0.00765	0.00751	0.00968	0.00607	0.00563	0.01083	0.01690	0.02121	0.23512	0.06328	0.54249	0.01679	0.00824	0.00231	0.00347	0.01418	0.00679	0.00607
57	0.04851	0.12985	0.35833	0.01665	0.02455	0.04415	0.05301	0.02252	0.03932	0.05718	0.01334	0.01505	0.01001	0.00648	0.00611	0.00191	0.00866	0.00506	0.00369	0.13561
58	0.02577	0.01898	0.02040	0.01579	0.02116	0.02097	0.01298	0.65951	0.03199	0.04288	0.01766	0.04752	0.01331	0.00894	0.00706	0.00213	0.00753	0.00685	0.00696	0.01161
59	0.00867	0.00643	0.00810	0.00907	0.01004	0.00586	0.00627	0.01033	0.01486	0.01964	0.15161	0.51075	0.17310	0.01986	0.00868	0.00264	0.00383	0.01773	0.00667	0.00586
60	0.02568	0.01873	0.02003	0.01546	0.02079	0.02069	0.01274	0.64573	0.03167	0.04285	0.01713	0.01734	0.01225	0.00836	0.00685	0.00206	0.00740	0.00630	0.05643	0.01153
61	0.04986	0.49297	0.06222	0.01443	0.02011	0.09987	0.05376	0.07388	0.01619	0.01984	0.01074	0.01254	0.00923	0.00654	0.00581	0.00173	0.03330	0.00443	0.00345	0.00908
62	0.02263	0.04958	0.04690	0.01881	0.10203	0.01992	0.01423	0.45719	0.05295	0.03596	0.01682	0.04212	0.01316	0.01018	0.03314	0.00247	0.03830	0.00669	0.00596	0.01098
63	0.18052	0.01245	0.01398	0.01101	0.01593	0.01182	0.00896	0.08849	0.01746	0.25509	0.01842	0.01858	0.01313	0.00860	0.02773	0.00210	0.00595	0.00554	0.07922	0.20502
64	0.01015	0.00677	0.00761	0.00761	0.00761	0.00677	0.00423	0.01015	0.01015	0.01353	0.02199	0.04567	0.02537	0.75476	0.03552	0.00677	0.00677	0.01015	0.00423	0.00423
65	0.00988	0.00713	0.00933	0.00878	0.01043	0.00658	0.00658	0.01317	0.01975	0.02798	0.70754	0.05213	0.06584	0.01427	0.00823	0.00219	0.00329	0.01262	0.00768	0.00658
66	0.03100	0.01237	0.01650	0.01265	0.01806	0.01099	0.01045	0.07613	0.02080	0.67276	0.02684	0.02330	0.01693	0.00862	0.00702	0.00216	0.00605	0.00697	0.00853	0.01188
67	0.01527	0.01527	0.02137	0.01832	0.01832	0.02137	0.01527	0.01679	0.01069	0.01679	0.00916	0.01527	0.00916	0.01221	0.02290	0.00305	0.74198	0.00611	0.00305	0.00763
68	0.00997	0.00748	0.01121	0.01121	0.01246	0.00872	0.00872	0.01246	0.01121	0.01620	0.01869	0.02741	0.01745	0.05234	0.72710	0.01121	0.01869	0.00748	0.00374	0.00623
69	0.03131	0.01188	0.01619	0.01242	0.01781	0.01026	0.01026	0.03401	0.01997	0.71606	0.02753	0.02375	0.01727	0.00864	0.00702	0.00216	0.00594	0.00702	0.00864	0.01188
70	0.01554	0.01237	0.01458	0.01047	0.01662	0.00936	0.00840	0.01862	0.01482	0.06682	0.01336	0.01506	0.01078	0.00539	0.00529	0.00111	0.00522	0.00432	0.00442	0.74748
71	0.01709	0.01640	0.02800	0.07333	0.68214	0.01653	0.02133	0.02126	0.01580	0.02258	0.01309	0.01733	0.01098	0.00625	0.00691	0.00208	0.00833	0.00622	0.00344	0.01091
72	0.01388	0.06067	0.65780	0.01908	0.02874	0.01608	0.02430	0.02143	0.01464	0.02168	0.01374	0.05205	0.01074	0.00738	0.00667	0.00222	0.00989	0.00585	0.00313	0.01003
73	0.01527	0.01527	0.02137	0.01832	0.01832	0.02137	0.01527	0.01679	0.01069	0.01679	0.00916	0.01527	0.00916	0.01221	0.02290	0.00305	0.74198	0.00611	0.00305	0.00763
74	0.05883	0.01829	0.01988	0.01530	0.02080	0.01990	0.01264	0.57470	0.03027	0.13192	0.01789	0.01745	0.01240	0.00833	0.00688	0.00211	0.00736	0.00628	0.00709	0.01169
75	0.00850	0.00607	0.00810	0.00972	0.01012	0.00567	0.00648	0.00972	0.01336	0.01781	0.03846	0.75020	0.04615	0.02186	0.00891	0.00283	0.00405	0.01984	0.00648	0.00567
76	0.01400	0.03610	0.71860	0.01989	0.03020	0.01621	0.02578	0.02210	0.01473	0.02210	0.01252	0.01473	0.00884	0.00663	0.00663	0.00221	0.01031	0.00516	0.00295	0.01031
77	0.00893	0.00661	0.00825	0.00883	0.00997	0.00603	0.00619	0.01083	0.01564	0.02089	0.24511	0.37881	0.17972	0.04899	0.00967	0.00271	0.00383	0.01628	0.00675	0.00593
78	0.01485	0.01353	0.02185	0.71917	0.04833	0.01630	0.01978	0.01891	0.01496	0.01938	0.01406	0.02081	0.01091	0.00808	0.00767	0.00262	0.00977	0.00672	0.00369	0.00860
79	0.02929	0.03307	0.01695	0.01277	0.01805	0.01204	0.01054	0.06726	0.08991	0.59237	0.02658	0.02328	0.01718	0.00864	0.00695	0.00216	0.00603	0.00698	0.00824	0.01171

[dist]
# distance from previous block
# <min> <max>
6	12

[block]
# block no. 4 follows, 30 sequences, length 68
# corresponding to MSA columns:
# 305-372
name=unknown_E
#
# <colnr> <probs for GDERKNQSTAVLIFYWHMCP>
#	G	D	E	R	K	N	Q	S	T	A	V	L	I	F	Y	W	H	M	C	P
0	0.00998	0.00669	0.00766	0.00783	0.00787	0.00665	0.00446	0.01010	0.01048	0.01398	0.02370	0.11896	0.02753	0.67851	0.03275	0.00636	0.00648	0.01116	0.00446	0.00438
1	0.01495	0.01269	0.01473	0.01056	0.01674	0.00979	0.00847	0.04403	0.01519	0.02358	0.01257	0.01456	0.01040	0.00529	0.00524	0.00108	0.00527	0.00422	0.00425	0.76641
2	0.01693	0.13027	0.33410	0.03992	0.08867	0.04110	0.04529	0.02290	0.03972	0.07401	0.01387	0.01572	0.01039	0.00659	0.00630	0.00197	0.00878	0.00531	0.00375	0.09440
3	0.15351	0.15132	0.02101	0.01551	0.01962	0.49224	0.01225	0.02548	0.01753	0.01932	0.01043	0.01215	0.00875	0.00687	0.00566	0.00181	0.01054	0.00425	0.00361	0.00815
4	0.02551	0.01857	0.01986	0.01534	0.02063	0.02051	0.01263	0.63758	0.03145	0.04263	0.01720	0.01745	0.01232	0.00836	0.00682	0.00206	0.00735	0.00630	0.06597	0.01147
5	0.01015	0.00677	0.00761	0.00761	0.00761	0.00677	0.00423	0.01015	0.01015	0.01353	0.02199	0.04567	0.02537	0.75476	0.03552	0.00677	0.00677	0.01015	0.00423	0.00423
6	0.00856	0.00614	0.00804	0.00953	0.01000	0.00572	0.00634	0.00975	0.01334	0.01769	0.03909	0.69577	0.07148	0.05028	0.00992	0.00297	0.00413	0.01926	0.00639	0.00562
7	0.00872	0.00709	0.00772	0.00757	0.00972	0.00609	0.00567	0.01093	0.01702	0.02150	0.25555	0.06279	0.52188	0.01668	0.00824	0.00231	0.00346	0.01412	0.00683	0.00609
8	0.80405	0.01350	0.01026	0.00918	0.01350	0.01565	0.00756	0.02051	0.01188	0.03131	0.00972	0.01134	0.00756	0.00648	0.00432	0.00216	0.00540	0.00378	0.00432	0.00756
9	0.00887	0.00649	0.00784	0.00865	0.00946	0.00600	0.00575	0.01006	0.01358	0.01770	0.07918	0.41533	0.18498	0.17592	0.01437	0.00353	0.00447	0.01628	0.00607	0.00546
10	0.02653	0.01955	0.02094	0.01606	0.02164	0.02164	0.01326	0.68796	0.03281	0.04398	0.01675	0.01675	0.01187	0.00838	0.00698	0.00209	0.00768	0.00628	0.00698	0.01187
11	0.02653	0.01955	0.02094	0.01606	0.02164	0.02164	0.01326	0.68796	0.03281	0.04398	0.01675	0.01675	0.01187	0.00838	0.00698	0.00209	0.00768	0.00628	0.00698	0.01187
12	0.00836	0.00707	0.00723	0.00719	0.00950	0.00594	0.00539	0.01024	0.01617	0.01949	0.11526	0.06611	0.66343	0.01743	0.00825	0.00235	0.00352	0.01458	0.00656	0.00594
13	0.01015	0.00677	0.00761	0.00761	0.00761	0.00677	0.00423	0.01015	0.01015	0.01353	0.02199	0.04567	0.02537	0.75476	0.03552	0.00677	0.00677	0.01015	0.00423	0.00423
14	0.01212	0.00606	0.00909	0.00909	0.00909	0.00606	0.00606	0.00909	0.00909	0.01212	0.01212	0.02121	0.01212	0.02424	0.02727	0.79697	0.00606	0.00606	0.00303	0.00303
15	0.01318	0.01240	0.02093	0.73798	0.04806	0.01550	0.01938	0.01783	0.01395	0.01783	0.01240	0.01860	0.00930	0.00698	0.00698	0.00233	0.00930	0.00620	0.00310	0.00775
16	0.01400	0.03610	0.71860	0.01989	0.03020	0.01621	0.02578	0.02210	0.01473	0.02210	0.01252	0.01473	0.00884	0.00663	0.00663	0.00221	0.01031	0.00516	0.00295	0.01031
17	0.03096	0.01243	0.01654	0.01268	0.01809	0.01108	0.01048	0.08155	0.02091	0.66720	0.02675	0.02324	0.01688	0.00862	0.00701	0.00215	0.00606	0.00696	0.00852	0.01188
18	0.01212	0.00606	0.00909	0.00909	0.00909	0.00606	0.00606	0.00909	0.00909	0.01212	0.01212	0.02121	0.01212	0.02424	0.02727	0.79697	0.00606	0.00606	0.00303	0.00303
19	0.01727	0.01658	0.02832	0.04283	0.71123	0.01658	0.02142	0.02142	0.01589	0.02280	0.01313	0.01727	0.01105	0.00622	0.00691	0.00207	0.00829	0.00622	0.00345	0.01105
20	0.00997	0.00748	0.01121	0.01121	0.01246	0.00872	0.00872	0.01246	0.01121	0.01620	0.01869	0.02741	0.01745	0.05234	0.72710	0.01121	0.01869	0.00748	0.00374	0.00623
21	0.80405	0.01350	0.01026	0.00918	0.01350	0.01565	0.00756	0.02051	0.01188	0.03131	0.00972	0.01134	0.00756	0.00648	0.00432	0.00216	0.00540	0.00378	0.00432	0.00756
22	0.01400	0.03610	0.71860	0.01989	0.03020	0.01621	0.02578	0.02210	0.01473	0.02210	0.01252	0.01473	0.00884	0.00663	0.00663	0.00221	0.01031	0.00516	0.00295	0.01031
23	0.01318	0.01240	0.02093	0.73798	0.04806	0.01550	0.01938	0.01783	0.01395	0.01783	0.01240	0.01860	0.00930	0.00698	0.00698	0.00233	0.00930	0.00620	0.00310	0.00775
24	0.11530	0.01205	0.01555	0.01206	0.01734	0.01084	0.00996	0.03254	0.01909	0.64163	0.02559	0.02240	0.01622	0.00840	0.00672	0.00216	0.00588	0.00667	0.00817	0.01141
25	0.01015	0.00677	0.00761	0.00761	0.00761	0.00677	0.00423	0.01015	0.01015	0.01353	0.02199	0.04567	0.02537	0.75476	0.03552	0.00677	0.00677	0.01015	0.00423	0.00423
26	0.01318	0.01240	0.02093	0.73798	0.04806	0.01550	0.01938	0.01783	0.01395	0.01783	0.01240	0.01860	0.00930	0.00698	0.00698	0.00233	0.00930	0.00620	0.00310	0.00775
27	0.00997	0.00748	0.01121	0.01121	0.01246	0.00872	0.00872	0.01246	0.01121	0.01620	0.01869	0.02741	0.01745	0.05234	0.72710	0.01121	0.01869	0.00748	0.00374	0.00623
28	0.01301	0.00650	0.00650	0.00650	0.00813	0.00650	0.00488	0.01626	0.01463	0.02602	0.02276	0.02602	0.01789	0.00813	0.00488	0.00163	0.00325	0.00650	0.79350	0.00650
29	0.02607	0.03326	0.01978	0.01798	0.02157	0.72674	0.01348	0.02787	0.01978	0.01708	0.01079	0.01258	0.00899	0.00719	0.00629	0.00180	0.01258	0.00449	0.00360	0.00809
30	0.01527	0.01527	0.02137	0.01832	0.01832	0.02137	0.01527	0.01679	0.01069	0.01679	0.00916	0.01527	0.00916	0.01221	0.02290	0.00305	0.74198	0.00611	0.00305	0.00763
31	0.01866	0.75896	0.03657	0.01194	0.01791	0.02761	0.01194	0.02090	0.01418	0.01642	0.00970	0.01119	0.00896	0.00597	0.00448	0.00149	0.00746	0.00373	0.00299	0.00896
32	0.00982	0.00713	0.00924	0.00872	0.01039	0.00656	0.00654	0.01305	0.01961	0.02764	0.68392	0.05268	0.08968	0.01439	0.00823	0.00220	0.00330	0.01270	0.00764	0.00656
33	0.80405	0.01350	0.01026	0.00918	0.01350	0.01565	0.00756	0.02051	0.01188	0.03131	0.00972	0.01134	0.00756	0.00648	0.00432	0.00216	0.00540	0.00378	0.00432	0.00756
34	0.01527	0.01527	0.02137	0.01832	0.01832	0.02137	0.01527	0.01679	0.01069	0.01679	0.00916	0.01527	0.00916	0.01221	0.02290	0.00305	0.74198	0.00611	0.00305	0.00763
35	0.03131	0.01188	0.01619	0.01242	0.01781	0.01026	0.01026	0.03401	0.01997	0.71606	0.02753	0.02375	0.01727	0.00864	0.00702	0.00216	0.00594	0.00702	0.00864	0.01188
36	0.00825	0.00707	0.00707	0.00707	0.00943	0.00589	0.00530	0.01001	0.01591	0.01885	0.07069	0.06716	0.70839	0.01767	0.00825	0.00236	0.00353	0.01473	0.00648	0.00589
37	0.21455	0.01226	0.01479	0.01165	0.01679	0.01154	0.00962	0.03081	0.01805	0.55368	0.02331	0.02081	0.01497	0.00812	0.00638	0.00216	0.00581	0.00625	0.00761	0.01085
38	0.03111	0.01220	0.01640	0.01257	0.01798	0.01074	0.01038	0.06166	0.02052	0.68764	0.02707	0.02346	0.01705	0.00863	0.00702	0.00216	0.00601	0.00699	0.00857	0.01188
39	0.00945	0.00692	0.00887	0.00880	0.01027	0.00634	0.00644	0.01219	0.01814	0.02513	0.51613	0.18921	0.12398	0.01607	0.00836	0.00233	0.00346	0.01423	0.00733	0.00634
40	0.02830	0.01606	0.01870	0.01441	0.01986	0.01654	0.01188	0.38147	0.04979	0.33579	0.02184	0.02011	0.01454	0.00853	0.00700	0.00213	0.00685	0.00666	0.00771	0.01184
41	0.01070	0.00781	0.01049	0.01167	0.01338	0.00760	0.00998	0.01372	0.01639	0.02127	0.10445	0.07462	0.13516	0.01859	0.00931	0.00300	0.00573	0.51321	0.00655	0.00637
42	0.03131	0.01188	0.01619	0.01242	0.01781	0.01026	0.01026	0.03401	0.01997	0.71606	0.02753	0.02375	0.01727	0.00864	0.00702	0.00216	0.00594	0.00702	0.00864	0.01188
43	0.03131	0.01188	0.01619	0.01242	0.01781	0.01026	0.01026	0.03401	0.01997	0.71606	0.02753	0.02375	0.01727	0.00864	0.00702	0.00216	0.00594	0.00702	0.00864	0.01188
44	0.07423	0.01220	0.01601	0.01235	0.01769	0.01090	0.01020	0.05318	0.01991	0.65742	0.02621	0.02285	0.01657	0.00851	0.00687	0.00216	0.00596	0.00681	0.00835	0.01163
45	0.44076	0.06962	0.17588	0.01278	0.01864	0.01718	0.01277	0.07016	0.07819	0.02890	0.01260	0.01386	0.00954	0.00689	0.00531	0.00214	0.00684	0.00465	0.00436	0.00892
46	0.00878	0.00651	0.00923	0.01039	0.01102	0.00608	0.02976	0.01015	0.01347	0.01797	0.03763	0.72514	0.04493	0.02131	0.00888	0.00282	0.00431	0.01944	0.00638	0.00580
47	0.80405	0.01350	0.01026	0.00918	0.01350	0.01565	0.00756	0.02051	0.01188	0.03131	0.00972	0.01134	0.00756	0.00648	0.00432	0.00216	0.00540	0.00378	0.00432	0.00756
48	0.01212	0.00606	0.00909	0.00909	0.00909	0.00606	0.00606	0.00909	0.00909	0.01212	0.01212	0.02121	0.01212	0.02424	0.02727	0.79697	0.00606	0.00606	0.00303	0.00303
49	0.01825	0.68722	0.07394	0.01265	0.01861	0.02671	0.01285	0.02079	0.01406	0.01675	0.00984	0.01156	0.00896	0.00627	0.00538	0.00160	0.03868	0.00391	0.00299	0.00898
50	0.00961	0.00693	0.00909	0.00896	0.01037	0.00641	0.00656	0.01250	0.01851	0.02601	0.57755	0.18776	0.06202	0.01574	0.00836	0.00232	0.00344	0.01402	0.00745	0.00641
51	0.01713	0.01643	0.02806	0.06750	0.68769	0.01654	0.02134	0.02129	0.01582	0.02262	0.01310	0.01732	0.01099	0.00624	0.00691	0.00208	0.00833	0.00622	0.00344	0.01094
52	0.00893	0.00653	0.00839	0.00912	0.01015	0.00599	0.00639	0.01089	0.01574	0.02128	0.26280	0.44634	0.12383	0.01890	0.00861	0.00257	0.00374	0.01691	0.00688	0.00599
53	0.00850	0.00607	0.00810	0.00972	0.01012	0.00567	0.00648	0.00972	0.01336	0.01781	0.03846	0.75020	0.04615	0.02186	0.00891	0.00283	0.00405	0.01984	0.00648	0.00567
54	0.01847	0.73072	0.06321	0.01225	0.01839	0.02717	0.01248	0.02094	0.01420	0.01664	0.00981	0.01133	0.00895	0.00600	0.00456	0.00152	0.00757	0.00379	0.00298	0.00901
55	0.63563	0.01360	0.01150	0.00998	0.01435	0.01540	0.00818	0.06879	0.03851	0.08214	0.01266	0.01369	0.00944	0.00694	0.00482	0.00214	0.00552	0.00444	0.03400	0.00826
56	0.00893	0.00628	0.00813	0.00943	0.00980	0.00597	0.00623	0.00999	0.01284	0.01710	0.03519	0.58665	0.04187	0.16462	0.01412	0.00362	0.00467	0.04312	0.00604	0.00542
57	0.77797	0.01370	0.01061	0.00941	0.01377	0.01586	0.00775	0.04290	0.01258	0.03173	0.00995	0.01152	0.00770	0.00654	0.00441	0.00216	0.00547	0.00386	0.00441	0.00770
58	0.01492	0.00946	0.01255	0.01141	0.01335	0.01044	0.00883	0.07263	0.01430	0.11585	0.01988	0.02778	0.01759	0.14050	0.36616	0.00731	0.06220	0.00755	0.05998	0.00731
59	0.01664	0.27113	0.33410	0.02122	0.13905	0.01994	0.04454	0.02191	0.01495	0.03890	0.01215	0.01437	0.00954	0.00637	0.00603	0.00195	0.00897	0.00502	0.00322	0.00999
60	0.01624	0.37556	0.37212	0.01609	0.02398	0.02176	0.01888	0.02134	0.01432	0.01923	0.01107	0.01309	0.00891	0.00652	0.00621	0.00190	0.03570	0.00452	0.00297	0.00958
61	0.00848	0.00614	0.00802	0.00953	0.01007	0.00568	0.00639	0.00974	0.01354	0.01789	0.04077	0.70138	0.09349	0.02156	0.00886	0.00280	0.00401	0.01947	0.00648	0.00568
62	0.01627	0.02621	0.33141	0.03052	0.33058	0.05607	0.06576	0.02214	0.01564	0.02214	0.01280	0.01600	0.00994	0.00643	0.00684	0.00214	0.00964	0.00579	0.00324	0.01046
63	0.01553	0.01429	0.02347	0.22917	0.41444	0.01519	0.01850	0.04204	0.01573	0.02177	0.05240	0.02163	0.01469	0.06137	0.00908	0.00249	0.00816	0.00686	0.00377	0.00943
64	0.00861	0.00615	0.00819	0.00965	0.01014	0.00574	0.00649	0.00998	0.01384	0.01858	0.08868	0.69781	0.04763	0.02129	0.00886	0.00279	0.00399	0.01930	0.00657	0.00574
65	0.01151	0.00843	0.01136	0.01272	0.01441	0.00858	0.01086	0.01587	0.06938	0.02130	0.03639	0.12626	0.03914	0.01871	0.00938	0.00312	0.00617	0.56319	0.00648	0.00673
66	0.76069	0.01460	0.01079	0.00967	0.01395	0.05529	0.00789	0.02092	0.01232	0.03052	0.00978	0.01141	0.00764	0.00652	0.00443	0.00214	0.00580	0.00382	0.00428	0.00759
67	0.00882	0.00630	0.00831	0.00947	0.01009	0.00588	0.00642	0.01038	0.01445	0.01958	0.16384	0.59493	0.04916	0.04527	0.00968	0.00285	0.00400	0.01815	0.00663	0.00579

[dist]
# distance from previous block
# <min> <max>
2	16

[block]
# block no. 5 follows, 30 sequences, length 20
# corresponding to MSA columns:
# 390-409
name=unknown_F
#
# <colnr> <probs for GDERKNQSTAVLIFYWHMCP>
#	G	D	E	R	K	N	Q	S	T	A	V	L	I	F	Y	W	H	M	C	P
0	0.01105	0.00794	0.00962	0.00995	0.01122	0.00784	0.00738	0.05800	0.01505	0.01972	0.06897	0.16919	0.12052	0.25379	0.01737	0.00405	0.00571	0.19086	0.00584	0.00592
1	0.01430	0.01252	0.01430	0.03276	0.01708	0.03150	0.00861	0.01733	0.01480	0.02242	0.04482	0.05078	0.01444	0.00648	0.00557	0.00123	0.00539	0.00533	0.00436	0.67598
2	0.01397	0.08784	0.60321	0.01829	0.02749	0.01619	0.02301	0.02120	0.01515	0.02220	0.07513	0.01785	0.01400	0.00727	0.00661	0.00215	0.00946	0.00572	0.00338	0.00987
3	0.00865	0.00715	0.00764	0.00770	0.00993	0.00613	0.00591	0.01070	0.01632	0.01997	0.13468	0.06650	0.58836	0.01744	0.00836	0.00241	0.00374	0.06581	0.00660	0.00601
4	0.01400	0.03610	0.71860	0.01989	0.03020	0.01621	0.02578	0.02210	0.01473	0.02210	0.01252	0.01473	0.00884	0.00663	0.00663	0.00221	0.01031	0.00516	0.00295	0.01031
5	0.01096	0.00746	0.00853	0.00828	0.00865	0.00765	0.00499	0.04434	0.01136	0.01524	0.02150	0.04296	0.02415	0.66897	0.08164	0.00684	0.00763	0.00977	0.00433	0.00475
6	0.01425	0.07531	0.68160	0.01946	0.02954	0.01682	0.02503	0.02203	0.01470	0.02179	0.01237	0.01454	0.00885	0.00659	0.00651	0.00217	0.01016	0.00508	0.00295	0.01024
7	0.01496	0.01485	0.02077	0.01793	0.01795	0.02066	0.01487	0.01647	0.01081	0.01684	0.01049	0.04867	0.01084	0.01265	0.02226	0.00304	0.70844	0.00673	0.00321	0.00754
8	0.01447	0.01240	0.01447	0.01034	0.01654	0.00930	0.00827	0.01757	0.01447	0.02274	0.01240	0.01447	0.01034	0.00517	0.00517	0.00103	0.00517	0.00413	0.00413	0.79742
9	0.01866	0.75896	0.03657	0.01194	0.01791	0.02761	0.01194	0.02090	0.01418	0.01642	0.00970	0.01119	0.00896	0.00597	0.00448	0.00149	0.00746	0.00373	0.00299	0.00896
10	0.01301	0.00650	0.00650	0.00650	0.00813	0.00650	0.00488	0.01626	0.01463	0.02602	0.02276	0.02602	0.01789	0.00813	0.00488	0.00163	0.00325	0.00650	0.79350	0.00650
11	0.00992	0.00685	0.00895	0.00920	0.01049	0.00630	0.00660	0.01229	0.01700	0.04518	0.38661	0.33556	0.08412	0.01732	0.00847	0.00246	0.00369	0.01547	0.00717	0.00635
12	0.00887	0.00638	0.00849	0.01005	0.01069	0.00600	0.00709	0.01038	0.01383	0.01828	0.03949	0.63120	0.07085	0.02134	0.00898	0.00287	0.00436	0.10858	0.00647	0.00578
13	0.01033	0.00668	0.00890	0.00971	0.01070	0.00616	0.00676	0.01206	0.01511	0.06716	0.17349	0.55936	0.04819	0.01943	0.00864	0.00266	0.00402	0.01751	0.00687	0.00627
14	0.00988	0.00713	0.00933	0.00878	0.01043	0.00658	0.00658	0.01317	0.01975	0.02798	0.70754	0.05213	0.06584	0.01427	0.00823	0.00219	0.00329	0.01262	0.00768	0.00658
15	0.01027	0.00682	0.00789	0.00789	0.00808	0.00693	0.00467	0.01065	0.01046	0.01436	0.02172	0.04306	0.02429	0.65510	0.09768	0.00693	0.00770	0.00973	0.04125	0.00452
16	0.01447	0.01240	0.01447	0.01034	0.01654	0.00930	0.00827	0.01757	0.01447	0.02274	0.01240	0.01447	0.01034	0.00517	0.00517	0.00103	0.00517	0.00413	0.00413	0.79742
17	0.02396	0.02385	0.02087	0.07442	0.08758	0.30253	0.01444	0.28991	0.02392	0.02840	0.01375	0.01560	0.01061	0.00893	0.02853	0.00227	0.01016	0.00559	0.00490	0.00979
18	0.71752	0.01423	0.01107	0.00978	0.01414	0.04580	0.00800	0.02176	0.01277	0.07779	0.01099	0.01224	0.00829	0.00666	0.00459	0.00214	0.00574	0.00403	0.00458	0.00788
