[name]
unknown

[dist]
# distance from previous block
# <min> <max>
0	57

[block]
# block no. 0 follows, 29 sequences, length 245
# corresponding to MSA columns:
# 57-301
name=unknown_A
#
# <colnr> <probs for GDERKNQSTAVLIFYWHMCP>
#	G	D	E	R	K	N	Q	S	T	A	V	L	I	F	Y	W	H	M	C	P
0	0.00929	0.00682	0.00884	0.01011	0.01114	0.00637	0.00743	0.01116	0.01498	0.01961	0.08453	0.46633	0.14467	0.02066	0.00910	0.00286	0.00450	0.14890	0.00667	0.00603
1	0.08911	0.08573	0.57504	0.01945	0.05059	0.01734	0.02338	0.02229	0.01476	0.02305	0.01232	0.01453	0.00898	0.00669	0.00639	0.00219	0.00977	0.00506	0.00316	0.01018
2	0.00883	0.00721	0.00763	0.00766	0.00987	0.00615	0.00577	0.01055	0.01615	0.01957	0.10749	0.06575	0.60288	0.01821	0.00941	0.04083	0.00383	0.03976	0.00652	0.00594
3	0.01094	0.00876	0.04394	0.01053	0.01246	0.00733	0.00853	0.01398	0.01770	0.04914	0.37460	0.22690	0.05345	0.01670	0.00867	0.00256	0.00450	0.11532	0.00713	0.00684
4	0.01491	0.06532	0.52926	0.02204	0.07253	0.01718	0.08589	0.02204	0.01514	0.02212	0.01346	0.01739	0.01030	0.00723	0.00754	0.00229	0.03686	0.02508	0.00321	0.01020
5	0.01497	0.04868	0.01586	0.01063	0.01694	0.01040	0.00862	0.01809	0.01475	0.02289	0.01252	0.01460	0.01048	0.00531	0.00524	0.00108	0.00539	0.00420	0.00416	0.75518
6	0.02660	0.03394	0.02018	0.01834	0.02201	0.72116	0.01376	0.02843	0.02018	0.01743	0.01101	0.01284	0.00917	0.00734	0.00642	0.00183	0.01284	0.00459	0.00367	0.00825
7	0.01891	0.01557	0.01654	0.01459	0.01879	0.01783	0.01143	0.08930	0.61854	0.05241	0.02800	0.02573	0.02084	0.00954	0.00723	0.00239	0.00582	0.00789	0.00729	0.01136
8	0.01327	0.00664	0.00664	0.00664	0.00830	0.00664	0.00498	0.01659	0.01493	0.02655	0.02323	0.02655	0.01825	0.00830	0.00498	0.00166	0.00332	0.00664	0.78928	0.00664
9	0.00876	0.00720	0.00752	0.00746	0.00959	0.00616	0.00547	0.01060	0.01621	0.01986	0.13988	0.06502	0.57568	0.07642	0.01065	0.00275	0.00384	0.01441	0.00657	0.00596
10	0.01345	0.01266	0.02136	0.73264	0.04904	0.01582	0.01978	0.01819	0.01424	0.01819	0.01266	0.01898	0.00949	0.00712	0.00712	0.00237	0.00949	0.00633	0.00316	0.00791
11	0.80005	0.01377	0.01047	0.00936	0.01377	0.01597	0.00771	0.02093	0.01212	0.03195	0.00991	0.01157	0.00771	0.00661	0.00441	0.00220	0.00551	0.00386	0.00441	0.00771
12	0.01327	0.00664	0.00664	0.00664	0.00830	0.00664	0.00498	0.01659	0.01493	0.02655	0.02323	0.02655	0.01825	0.00830	0.00498	0.00166	0.00332	0.00664	0.78928	0.00664
13	0.01327	0.00664	0.00664	0.00664	0.00830	0.00664	0.00498	0.01659	0.01493	0.02655	0.02323	0.02655	0.01825	0.00830	0.00498	0.00166	0.00332	0.00664	0.78928	0.00664
14	0.02150	0.01730	0.01938	0.05071	0.02163	0.02006	0.01319	0.32584	0.28519	0.03464	0.02062	0.02069	0.01540	0.00935	0.00899	0.00237	0.08851	0.00702	0.00653	0.01110
15	0.02707	0.01995	0.02137	0.01638	0.02208	0.02208	0.01353	0.68159	0.03348	0.04488	0.01710	0.01710	0.01211	0.00855	0.00712	0.00214	0.00784	0.00641	0.00712	0.01211
16	0.01955	0.10385	0.13574	0.04242	0.07588	0.16629	0.16490	0.07382	0.01803	0.04300	0.01406	0.03751	0.01136	0.00719	0.00687	0.00205	0.01000	0.00630	0.00400	0.05718
17	0.02326	0.01810	0.02130	0.04119	0.12993	0.01987	0.01435	0.44688	0.11268	0.03741	0.01812	0.01972	0.01372	0.04054	0.00839	0.00238	0.00766	0.00678	0.00633	0.01141
18	0.00842	0.00721	0.00721	0.00721	0.00962	0.00601	0.00541	0.01022	0.01623	0.01924	0.07213	0.06853	0.70244	0.01803	0.00842	0.00240	0.00361	0.01503	0.00661	0.00601
19	0.01477	0.01266	0.01477	0.01055	0.01687	0.00949	0.00844	0.01793	0.01477	0.02320	0.01266	0.01477	0.01055	0.00527	0.00527	0.00105	0.00527	0.00422	0.00422	0.79328
20	0.00863	0.00639	0.00807	0.00941	0.01019	0.00583	0.00638	0.00997	0.01412	0.01838	0.04542	0.61811	0.17011	0.02151	0.00896	0.00280	0.00403	0.01926	0.00661	0.00583
21	0.01551	0.01529	0.02133	0.01831	0.01836	0.02133	0.01524	0.01712	0.01103	0.01744	0.00979	0.01593	0.00963	0.01233	0.02278	0.00307	0.71343	0.00624	0.02808	0.00775
22	0.00868	0.00620	0.00826	0.00991	0.01033	0.00578	0.00661	0.00991	0.01363	0.01818	0.03925	0.74510	0.04710	0.02231	0.00909	0.00289	0.00413	0.02024	0.00661	0.00578
23	0.01603	0.01375	0.01692	0.01232	0.01837	0.01156	0.04012	0.07923	0.01642	0.02493	0.01301	0.01522	0.01065	0.00591	0.00635	0.00130	0.03643	0.00470	0.00441	0.65238
24	0.01730	0.01411	0.01602	0.01193	0.01785	0.01238	0.00958	0.15793	0.04814	0.02789	0.01509	0.03745	0.01245	0.00666	0.00586	0.00140	0.00579	0.00532	0.00503	0.57185
25	0.02537	0.01812	0.01985	0.01525	0.02083	0.01931	0.01251	0.53932	0.02978	0.08631	0.01807	0.04164	0.01347	0.00865	0.00698	0.00204	0.00730	0.00667	0.00689	0.10166
26	0.02582	0.01849	0.02028	0.04386	0.02210	0.02036	0.01309	0.58460	0.03083	0.07295	0.01778	0.01872	0.01288	0.03203	0.00799	0.00229	0.00766	0.00657	0.03019	0.01153
27	0.01022	0.00743	0.01043	0.01043	0.01135	0.00835	0.00763	0.01206	0.01114	0.01578	0.02000	0.03313	0.02004	0.24613	0.53186	0.01019	0.01570	0.00838	0.00395	0.00579
28	0.02091	0.01642	0.01848	0.01521	0.01992	0.01814	0.04067	0.27444	0.33838	0.05880	0.02741	0.02606	0.07304	0.00974	0.00734	0.00230	0.00658	0.00799	0.00705	0.01111
29	0.00871	0.00627	0.00827	0.00979	0.01031	0.00582	0.00657	0.01005	0.01394	0.01857	0.06294	0.69876	0.06981	0.02190	0.00904	0.00285	0.00409	0.01982	0.00665	0.00582
30	0.01461	0.01073	0.01280	0.03511	0.01526	0.01123	0.00921	0.22137	0.01989	0.02657	0.03143	0.49294	0.03489	0.01750	0.00841	0.00264	0.00547	0.01545	0.00666	0.00784
31	0.02357	0.01790	0.02106	0.01812	0.06518	0.02040	0.01399	0.43800	0.04715	0.06915	0.01711	0.04413	0.01338	0.00969	0.01025	0.00236	0.14440	0.00697	0.00620	0.01099
32	0.01544	0.01264	0.01483	0.01063	0.01693	0.00953	0.00852	0.01859	0.01499	0.05011	0.01326	0.01514	0.01082	0.00541	0.00535	0.00110	0.00530	0.00433	0.00440	0.76269
33	0.00842	0.00721	0.00721	0.00721	0.00962	0.00601	0.00541	0.01022	0.01623	0.01924	0.07213	0.06853	0.70244	0.01803	0.00842	0.00240	0.00361	0.01503	0.00661	0.00601
34	0.03195	0.01212	0.01652	0.01267	0.01818	0.01047	0.01047	0.03470	0.02038	0.71026	0.02809	0.02424	0.01763	0.00881	0.00716	0.00220	0.00606	0.00716	0.00881	0.01212
35	0.01413	0.01335	0.02258	0.62077	0.15561	0.01600	0.02011	0.01879	0.01456	0.01902	0.01278	0.01876	0.00978	0.00699	0.00711	0.00233	0.00932	0.00633	0.00322	0.00846
36	0.80005	0.01377	0.01047	0.00936	0.01377	0.01597	0.00771	0.02093	0.01212	0.03195	0.00991	0.01157	0.00771	0.00661	0.00441	0.00220	0.00551	0.00386	0.00441	0.00771
37	0.08408	0.01373	0.01703	0.01315	0.01862	0.01307	0.01086	0.15766	0.02232	0.53595	0.02473	0.02199	0.01588	0.00861	0.00696	0.00219	0.00636	0.00679	0.00819	0.01181
38	0.01428	0.03683	0.71286	0.02030	0.03082	0.01654	0.02631	0.02255	0.01503	0.02255	0.01278	0.01503	0.00902	0.00677	0.00677	0.00226	0.01052	0.00526	0.00301	0.01052
39	0.02707	0.01995	0.02137	0.01638	0.02208	0.02208	0.01353	0.68159	0.03348	0.04488	0.01710	0.01710	0.01211	0.00855	0.00712	0.00214	0.00784	0.00641	0.00712	0.01211
40	0.01035	0.00764	0.00971	0.00913	0.01095	0.00719	0.00686	0.01441	0.05094	0.02816	0.64001	0.05271	0.09596	0.01450	0.00835	0.00226	0.00348	0.01276	0.00775	0.00689
41	0.01008	0.00728	0.00952	0.00896	0.01064	0.00672	0.00672	0.01344	0.02016	0.02855	0.70158	0.05319	0.06719	0.01456	0.00840	0.00224	0.00336	0.01288	0.00784	0.00672
42	0.01035	0.00789	0.01179	0.01168	0.01291	0.00933	0.00912	0.01286	0.01143	0.01655	0.01875	0.02756	0.01752	0.05204	0.69832	0.01117	0.04293	0.00758	0.00379	0.00641
43	0.04151	0.06141	0.63940	0.01936	0.02933	0.01672	0.02460	0.02289	0.01511	0.04747	0.01313	0.01512	0.00929	0.00681	0.00662	0.00222	0.01009	0.00523	0.00326	0.01044
44	0.22693	0.01254	0.01499	0.01183	0.01706	0.01186	0.00977	0.03121	0.01828	0.53807	0.02348	0.02102	0.01511	0.00825	0.00646	0.00220	0.00592	0.00632	0.00769	0.01100
45	0.01134	0.00955	0.01033	0.04272	0.01382	0.00960	0.00771	0.01822	0.19547	0.02253	0.07906	0.07985	0.41831	0.01504	0.00796	0.00240	0.00442	0.01263	0.03152	0.00753
46	0.00868	0.00620	0.00826	0.00991	0.01033	0.00578	0.00661	0.00991	0.01363	0.01818	0.03925	0.74510	0.04710	0.02231	0.00909	0.00289	0.00413	0.02024	0.00661	0.00578
47	0.01964	0.63908	0.03429	0.01291	0.01853	0.11219	0.01226	0.02188	0.01506	0.01683	0.01037	0.01219	0.00945	0.00795	0.03067	0.00192	0.00867	0.00404	0.00315	0.00893
48	0.76980	0.01371	0.01070	0.00949	0.01394	0.01576	0.00782	0.02147	0.01244	0.05866	0.01063	0.01207	0.00810	0.00670	0.00452	0.00220	0.00553	0.00399	0.00458	0.00789
49	0.01554	0.04678	0.02568	0.31823	0.33105	0.01643	0.05185	0.01992	0.01538	0.02078	0.01463	0.02220	0.01244	0.00753	0.00722	0.00229	0.00888	0.05018	0.00357	0.00942
50	0.01538	0.01463	0.02485	0.41359	0.35298	0.01633	0.02074	0.01989	0.01515	0.02054	0.01300	0.01835	0.01032	0.00676	0.00709	0.00225	0.00901	0.00634	0.00333	0.00947
51	0.01008	0.00728	0.00952	0.00896	0.01064	0.00672	0.00672	0.01344	0.02016	0.02855	0.70158	0.05319	0.06719	0.01456	0.00840	0.00224	0.00336	0.01288	0.00784	0.00672
52	0.03195	0.01212	0.01652	0.01267	0.01818	0.01047	0.01047	0.03470	0.02038	0.71026	0.02809	0.02424	0.01763	0.00881	0.00716	0.00220	0.00606	0.00716	0.00881	0.01212
53	0.01491	0.00836	0.01100	0.00972	0.01229	0.00753	0.00751	0.01808	0.02006	0.18067	0.52812	0.04727	0.07915	0.01340	0.00812	0.00224	0.00397	0.01168	0.00801	0.00790
54	0.01762	0.01692	0.02890	0.04371	0.70533	0.01692	0.02185	0.02185	0.01621	0.02326	0.01339	0.01762	0.01128	0.00634	0.00705	0.00211	0.00846	0.00634	0.00352	0.01128
55	0.01762	0.01692	0.02890	0.04371	0.70533	0.01692	0.02185	0.02185	0.01621	0.02326	0.01339	0.01762	0.01128	0.00634	0.00705	0.00211	0.00846	0.00634	0.00352	0.01128
56	0.01477	0.01266	0.01477	0.01055	0.01687	0.00949	0.00844	0.01793	0.01477	0.02320	0.01266	0.01477	0.01055	0.00527	0.00527	0.00105	0.00527	0.00422	0.00422	0.79328
57	0.00860	0.00722	0.00747	0.00741	0.00973	0.00609	0.00555	0.01057	0.01666	0.02027	0.14168	0.06683	0.63226	0.01765	0.00841	0.00239	0.00358	0.01479	0.00675	0.00609
58	0.00866	0.00624	0.00822	0.00980	0.01030	0.00579	0.00656	0.00993	0.01374	0.01822	0.04062	0.71679	0.07452	0.02213	0.00906	0.00287	0.00411	0.02002	0.00661	0.00579
59	0.02725	0.01965	0.02119	0.01624	0.02193	0.02164	0.01342	0.65697	0.03298	0.07020	0.01751	0.01737	0.01232	0.00856	0.00712	0.00214	0.00777	0.00644	0.00719	0.01211
60	0.01731	0.01494	0.01571	0.01417	0.01813	0.01720	0.01102	0.03664	0.66306	0.02933	0.03086	0.02839	0.05134	0.01002	0.00730	0.00241	0.00555	0.00835	0.00722	0.01104
61	0.02707	0.01995	0.02137	0.01638	0.02208	0.02208	0.01353	0.68159	0.03348	0.04488	0.01710	0.01710	0.01211	0.00855	0.00712	0.00214	0.00784	0.00641	0.00712	0.01211
62	0.01603	0.25327	0.42669	0.01899	0.02776	0.02026	0.10020	0.02221	0.01507	0.02081	0.01210	0.01443	0.00927	0.00647	0.00629	0.00205	0.00981	0.00519	0.00309	0.00999
63	0.01820	0.62088	0.13897	0.01363	0.02019	0.02620	0.01443	0.02137	0.01443	0.01764	0.01032	0.01211	0.00913	0.00641	0.00553	0.00169	0.03242	0.00411	0.00304	0.00930
64	0.00851	0.00683	0.00761	0.00824	0.00989	0.00592	0.00587	0.01010	0.01524	0.01883	0.05964	0.32550	0.45353	0.01966	0.00867	0.00259	0.00381	0.01701	0.00661	0.00592
65	0.02047	0.61773	0.03407	0.01335	0.01898	0.15935	0.01248	0.02267	0.01555	0.01688	0.01011	0.01169	0.00914	0.00633	0.00492	0.00158	0.00860	0.00395	0.00316	0.00897
66	0.01772	0.01727	0.02825	0.07634	0.65086	0.04014	0.02148	0.02189	0.01625	0.02282	0.01328	0.01753	0.01112	0.00641	0.00703	0.00212	0.00865	0.00629	0.00351	0.01102
67	0.01036	0.00690	0.00777	0.00777	0.00777	0.00690	0.00431	0.01036	0.01036	0.01381	0.02244	0.04660	0.02589	0.74975	0.03624	0.00690	0.00690	0.01036	0.00431	0.00431
68	0.01558	0.01558	0.02181	0.01869	0.01869	0.02181	0.01558	0.01714	0.01091	0.01714	0.00935	0.01558	0.00935	0.01246	0.02337	0.00312	0.73672	0.00623	0.00312	0.00779
69	0.01710	0.01639	0.02796	0.12989	0.62323	0.01678	0.02159	0.02140	0.01597	0.02263	0.01330	0.01779	0.01106	0.00644	0.00706	0.00215	0.00859	0.00634	0.00348	0.01086
70	0.01560	0.03460	0.58107	0.02037	0.02948	0.08249	0.04817	0.02277	0.01532	0.02175	0.01246	0.01501	0.00912	0.00715	0.00783	0.00227	0.05596	0.00537	0.00310	0.01011
71	0.00868	0.00620	0.00826	0.00991	0.01033	0.00578	0.00661	0.00991	0.01363	0.01818	0.03925	0.74510	0.04710	0.02231	0.00909	0.00289	0.00413	0.02024	0.00661	0.00578
72	0.01681	0.01921	0.04202	0.03001	0.03721	0.01801	0.67947	0.02281	0.01681	0.02281	0.01441	0.01921	0.01080	0.00600	0.00840	0.00240	0.01200	0.00840	0.00360	0.00960
73	0.00880	0.00628	0.00840	0.01005	0.01052	0.00589	0.00682	0.01013	0.01375	0.01831	0.03918	0.71619	0.04683	0.02219	0.00912	0.00291	0.00424	0.04796	0.00661	0.00582
74	0.00931	0.00667	0.00871	0.01014	0.01073	0.00635	0.00685	0.03306	0.01432	0.01910	0.03848	0.72002	0.04589	0.02183	0.00902	0.00287	0.00426	0.01977	0.00663	0.00600
75	0.01385	0.00719	0.00725	0.00704	0.00887	0.00728	0.00534	0.04442	0.01571	0.02731	0.02297	0.02615	0.01799	0.00831	0.00507	0.00168	0.00351	0.00663	0.75655	0.00687
76	0.01863	0.01994	0.05648	0.03144	0.38513	0.12612	0.04415	0.02576	0.14672	0.02349	0.01691	0.02080	0.01391	0.00762	0.00713	0.00219	0.00876	0.02992	0.00435	0.01054
77	0.00868	0.00620	0.00826	0.00991	0.01033	0.00578	0.00661	0.00991	0.01363	0.01818	0.03925	0.74510	0.04710	0.02231	0.00909	0.00289	0.00413	0.02024	0.00661	0.00578
78	0.01921	0.62478	0.03446	0.01331	0.01859	0.07674	0.01265	0.02138	0.01450	0.01684	0.00992	0.01196	0.00916	0.00685	0.00669	0.00171	0.08509	0.00412	0.00310	0.00893
79	0.01558	0.01558	0.02181	0.01869	0.01869	0.02181	0.01558	0.01714	0.01091	0.01714	0.00935	0.01558	0.00935	0.01246	0.02337	0.00312	0.73672	0.00623	0.00312	0.00779
80	0.01462	0.01230	0.01526	0.01114	0.01692	0.00950	0.03279	0.01731	0.01433	0.02219	0.01269	0.01556	0.01072	0.00709	0.00746	0.07401	0.00560	0.00455	0.00409	0.69184
81	0.73103	0.01398	0.01123	0.00983	0.01435	0.01602	0.00810	0.05196	0.01346	0.06205	0.01104	0.01237	0.00835	0.00680	0.00465	0.00220	0.00564	0.00412	0.00472	0.00811
82	0.00873	0.00705	0.00777	0.00796	0.00991	0.00609	0.00583	0.01069	0.01642	0.02057	0.16886	0.18178	0.48704	0.01820	0.00853	0.00246	0.00366	0.01557	0.00681	0.00609
83	0.02924	0.01149	0.01562	0.01226	0.01725	0.00997	0.01001	0.03197	0.02008	0.62712	0.08209	0.05670	0.02280	0.00983	0.00734	0.00224	0.00576	0.00816	0.00864	0.01142
84	0.01716	0.01607	0.02483	0.10984	0.40559	0.01707	0.04442	0.02619	0.21465	0.02461	0.01793	0.02046	0.01414	0.00739	0.00717	0.00224	0.00788	0.00692	0.00458	0.01084
85	0.00873	0.00622	0.00825	0.00984	0.01024	0.00582	0.00653	0.00993	0.01352	0.01803	0.03869	0.72202	0.04639	0.04635	0.00999	0.00302	0.00422	0.01992	0.00653	0.00574
86	0.01029	0.00727	0.00922	0.00894	0.01067	0.00660	0.00662	0.01312	0.01871	0.04604	0.49996	0.14757	0.15648	0.01594	0.00846	0.00235	0.00358	0.01401	0.00752	0.00665
87	0.10267	0.01227	0.01597	0.01236	0.01777	0.01097	0.01021	0.03343	0.01962	0.64781	0.02642	0.02307	0.01671	0.00861	0.00691	0.00220	0.00601	0.00686	0.00841	0.01171
88	0.03195	0.01212	0.01652	0.01267	0.01818	0.01047	0.01047	0.03470	0.02038	0.71026	0.02809	0.02424	0.01763	0.00881	0.00716	0.00220	0.00606	0.00716	0.00881	0.01212
89	0.01662	0.01732	0.02166	0.01866	0.01901	0.08801	0.01541	0.01821	0.01178	0.01716	0.00950	0.01532	0.00933	0.01198	0.02176	0.00299	0.66820	0.00608	0.00317	0.00783
90	0.06927	0.01220	0.01623	0.01251	0.01796	0.01073	0.01033	0.03403	0.01998	0.67731	0.02721	0.02362	0.01714	0.00871	0.00703	0.00220	0.00603	0.00700	0.00860	0.01190
91	0.01709	0.01628	0.02769	0.09043	0.63248	0.01650	0.02130	0.02132	0.01608	0.02283	0.01430	0.02019	0.01232	0.00692	0.00716	0.00218	0.00846	0.03199	0.00362	0.01086
92	0.01477	0.01266	0.01477	0.01055	0.01687	0.00949	0.00844	0.01793	0.01477	0.02320	0.01266	0.01477	0.01055	0.00527	0.00527	0.00105	0.00527	0.00422	0.00422	0.79328
93	0.01477	0.01266	0.01477	0.01055	0.01687	0.00949	0.00844	0.01793	0.01477	0.02320	0.01266	0.01477	0.01055	0.00527	0.00527	0.00105	0.00527	0.00422	0.00422	0.79328
94	0.02630	0.03332	0.02004	0.01822	0.02190	0.69778	0.01368	0.02875	0.04253	0.01784	0.01160	0.01330	0.00959	0.00742	0.00645	0.00185	0.01260	0.00470	0.00379	0.00836
95	0.01017	0.00763	0.01144	0.01144	0.01272	0.00890	0.00890	0.01272	0.01144	0.01653	0.01907	0.02797	0.01780	0.05340	0.72153	0.01144	0.01907	0.00763	0.00381	0.00636
96	0.01119	0.00800	0.01115	0.01279	0.01431	0.00795	0.01099	0.01427	0.01612	0.02100	0.03786	0.14698	0.04159	0.01994	0.00976	0.00324	0.00631	0.59351	0.00656	0.00648
97	0.01034	0.00695	0.00801	0.00801	0.00809	0.00703	0.00461	0.01051	0.01043	0.01398	0.02222	0.04539	0.02536	0.70443	0.08084	0.00720	0.00770	0.01018	0.00428	0.00445
98	0.01036	0.00690	0.00777	0.00777	0.00777	0.00690	0.00431	0.01036	0.01036	0.01381	0.02244	0.04660	0.02589	0.74975	0.03624	0.00690	0.00690	0.01036	0.00431	0.00431
99	0.01036	0.00690	0.00777	0.00777	0.00777	0.00690	0.00431	0.01036	0.01036	0.01381	0.02244	0.04660	0.02589	0.74975	0.03624	0.00690	0.00690	0.01036	0.00431	0.00431
100	0.01547	0.08643	0.47972	0.02481	0.15551	0.01762	0.07767	0.02235	0.01535	0.02226	0.01281	0.01558	0.00959	0.00657	0.00678	0.00219	0.01004	0.00561	0.00315	0.01048
101	0.00981	0.00681	0.00855	0.00906	0.00940	0.00690	0.00581	0.01063	0.01155	0.01562	0.02703	0.25815	0.03102	0.40650	0.14560	0.00645	0.00814	0.01293	0.00493	0.00512
102	0.01018	0.00758	0.01120	0.01120	0.01239	0.00877	0.00860	0.01256	0.01137	0.01635	0.01929	0.02919	0.01833	0.09872	0.67694	0.01115	0.01828	0.00781	0.00385	0.00622
103	0.01447	0.06508	0.68625	0.01998	0.03032	0.01700	0.02575	0.02250	0.01501	0.02232	0.01267	0.01489	0.00902	0.00674	0.00668	0.00223	0.01041	0.00520	0.00301	0.01047
104	0.02293	0.01821	0.04253	0.01637	0.04722	0.01907	0.01314	0.48510	0.02764	0.03744	0.01882	0.02055	0.04141	0.03781	0.03977	0.00270	0.03436	0.00678	0.00624	0.06192
105	0.48536	0.01317	0.01300	0.10984	0.01935	0.01448	0.00970	0.02098	0.03985	0.05771	0.01329	0.04066	0.01077	0.00727	0.00531	0.00209	0.00600	0.00515	0.00459	0.12143
106	0.02521	0.02972	0.01962	0.01755	0.02145	0.54707	0.01334	0.08654	0.12983	0.02180	0.01444	0.01542	0.01145	0.00782	0.00661	0.00195	0.01124	0.00530	0.00455	0.00908
107	0.00868	0.00620	0.00826	0.00991	0.01033	0.00578	0.00661	0.00991	0.01363	0.01818	0.03925	0.74510	0.04710	0.02231	0.00909	0.00289	0.00413	0.02024	0.00661	0.00578
108	0.06448	0.01359	0.01713	0.01319	0.01869	0.01279	0.01090	0.14997	0.02237	0.56158	0.02533	0.02241	0.01621	0.00867	0.00703	0.00219	0.00635	0.00688	0.00832	0.01192
109	0.17978	0.13177	0.23677	0.04653	0.02601	0.01897	0.14255	0.02132	0.01420	0.02295	0.01168	0.01478	0.00916	0.00712	0.00807	0.00226	0.08802	0.00549	0.00344	0.00916
110	0.01759	0.01701	0.02942	0.04317	0.67917	0.01696	0.04761	0.02189	0.01624	0.02325	0.01343	0.01769	0.01126	0.00633	0.00710	0.00213	0.00860	0.00643	0.00353	0.01121
111	0.00871	0.00629	0.00826	0.00975	0.01030	0.00583	0.00656	0.01006	0.01399	0.01860	0.06474	0.68726	0.07966	0.02182	0.00903	0.00284	0.00408	0.01972	0.00665	0.00583
112	0.01558	0.01558	0.02181	0.01869	0.01869	0.02181	0.01558	0.01714	0.01091	0.01714	0.00935	0.01558	0.00935	0.01246	0.02337	0.00312	0.73672	0.00623	0.00312	0.00779
113	0.01082	0.00742	0.00973	0.00912	0.01090	0.00682	0.00685	0.01409	0.01996	0.05283	0.65643	0.07392	0.06477	0.01459	0.00838	0.00226	0.00348	0.01290	0.00784	0.00688
114	0.01565	0.22983	0.50841	0.01843	0.02764	0.01973	0.04403	0.02223	0.01494	0.02099	0.01206	0.01420	0.00911	0.00656	0.00623	0.00206	0.00979	0.00497	0.00304	0.01012
115	0.01428	0.03683	0.71286	0.02030	0.03082	0.01654	0.02631	0.02255	0.01503	0.02255	0.01278	0.01503	0.00902	0.00677	0.00677	0.00226	0.01052	0.00526	0.00301	0.01052
116	0.01237	0.00618	0.00928	0.00928	0.00928	0.00618	0.00618	0.00928	0.00928	0.01237	0.01237	0.02165	0.01237	0.02474	0.02783	0.79283	0.00618	0.00618	0.00309	0.00309
117	0.02196	0.01758	0.01745	0.01423	0.01874	0.07568	0.01143	0.40266	0.09648	0.03574	0.05585	0.02719	0.11536	0.01018	0.00722	0.00216	0.00700	0.00797	0.04481	0.01032
118	0.01477	0.01266	0.01477	0.01055	0.01687	0.00949	0.00844	0.01793	0.01477	0.02320	0.01266	0.01477	0.01055	0.00527	0.00527	0.00105	0.00527	0.00422	0.00422	0.79328
119	0.07757	0.10034	0.02177	0.01530	0.02070	0.04385	0.01275	0.47211	0.10257	0.03836	0.01694	0.01701	0.01246	0.00823	0.00665	0.00210	0.00757	0.00608	0.00639	0.01127
120	0.00868	0.00710	0.00759	0.00772	0.00975	0.00609	0.00565	0.01053	0.01618	0.01994	0.13410	0.14153	0.54076	0.04079	0.00935	0.00258	0.00374	0.01523	0.00667	0.00601
121	0.05279	0.39785	0.02906	0.12176	0.05068	0.20459	0.01391	0.02270	0.01588	0.01803	0.01073	0.01316	0.00922	0.00660	0.00552	0.00178	0.00919	0.00448	0.00330	0.00875
122	0.01659	0.07591	0.05786	0.02697	0.05514	0.01872	0.49756	0.02177	0.01607	0.02197	0.03631	0.01919	0.01237	0.00698	0.00951	0.00239	0.08385	0.00782	0.00363	0.00937
123	0.02195	0.01009	0.01344	0.01110	0.01488	0.00904	0.00885	0.02548	0.03991	0.39177	0.32313	0.03699	0.03946	0.01135	0.00771	0.00223	0.00486	0.00969	0.00834	0.00973
124	0.00872	0.00626	0.00820	0.00973	0.01022	0.00583	0.00649	0.00994	0.01364	0.01808	0.04009	0.69462	0.07384	0.04523	0.00992	0.00300	0.00420	0.01971	0.00654	0.00575
125	0.01379	0.01596	0.17335	0.03572	0.01949	0.01157	0.01430	0.04525	0.08403	0.04868	0.09161	0.10633	0.03179	0.01425	0.00839	0.00272	0.00699	0.26149	0.00594	0.00835
126	0.00877	0.00729	0.00770	0.00776	0.01005	0.00622	0.00593	0.01081	0.01659	0.02019	0.12502	0.06798	0.60217	0.01784	0.00851	0.00245	0.00378	0.05811	0.00672	0.00611
127	0.02331	0.01391	0.01624	0.01378	0.01834	0.01463	0.01103	0.05483	0.38347	0.29614	0.02862	0.02748	0.02060	0.00969	0.00731	0.00236	0.00590	0.03309	0.00783	0.01144
128	0.01404	0.00915	0.01163	0.03752	0.01456	0.00909	0.00889	0.04530	0.08154	0.10871	0.12094	0.27190	0.08228	0.04286	0.00948	0.00280	0.00520	0.10959	0.00691	0.00764
129	0.01615	0.01810	0.06357	0.09687	0.03197	0.04091	0.39084	0.02103	0.01546	0.02158	0.01404	0.01887	0.01099	0.00745	0.01022	0.00242	0.12727	0.00741	0.07599	0.00886
130	0.00868	0.00620	0.00826	0.00991	0.01033	0.00578	0.00661	0.00991	0.01363	0.01818	0.03925	0.74510	0.04710	0.02231	0.00909	0.00289	0.00413	0.02024	0.00661	0.00578
131	0.03195	0.01212	0.01652	0.01267	0.01818	0.01047	0.01047	0.03470	0.02038	0.71026	0.02809	0.02424	0.01763	0.00881	0.00716	0.00220	0.00606	0.00716	0.00881	0.01212
132	0.01845	0.01906	0.05248	0.06165	0.57885	0.07704	0.02098	0.04450	0.01703	0.02331	0.01327	0.01715	0.01099	0.00654	0.00699	0.00210	0.00892	0.00616	0.00363	0.01092
133	0.03174	0.01245	0.01673	0.01282	0.01834	0.01095	0.01059	0.06177	0.02093	0.68242	0.02763	0.02394	0.01740	0.00880	0.00716	0.00220	0.00613	0.00713	0.00874	0.01212
134	0.00873	0.00624	0.00831	0.00988	0.01034	0.00582	0.00661	0.01005	0.01388	0.01857	0.06445	0.71877	0.04786	0.02201	0.00906	0.00287	0.00410	0.01996	0.00666	0.00582
135	0.01651	0.01855	0.03997	0.02984	0.06855	0.01744	0.61936	0.02222	0.01665	0.02264	0.01540	0.04951	0.01235	0.00670	0.00837	0.00241	0.01150	0.00880	0.00372	0.00953
136	0.01070	0.00847	0.01172	0.01166	0.01301	0.03172	0.00906	0.01322	0.01172	0.01656	0.01881	0.02749	0.01753	0.05193	0.69862	0.01114	0.01887	0.00753	0.00381	0.00642
137	0.00868	0.00620	0.00826	0.00991	0.01033	0.00578	0.00661	0.00991	0.01363	0.01818	0.03925	0.74510	0.04710	0.02231	0.00909	0.00289	0.00413	0.02024	0.00661	0.00578
138	0.01558	0.01558	0.02181	0.01869	0.01869	0.02181	0.01558	0.01714	0.01091	0.01714	0.00935	0.01558	0.00935	0.01246	0.02337	0.00312	0.73672	0.00623	0.00312	0.00779
139	0.02578	0.06716	0.02121	0.01865	0.04222	0.62225	0.01388	0.02773	0.01950	0.03901	0.01150	0.01336	0.00950	0.00745	0.00691	0.00188	0.03502	0.00473	0.00378	0.00849
140	0.01316	0.01306	0.01531	0.01505	0.04268	0.11981	0.07671	0.01516	0.01506	0.01873	0.03160	0.41759	0.08564	0.01659	0.00961	0.00263	0.06467	0.01454	0.00545	0.00695
141	0.80005	0.01377	0.01047	0.00936	0.01377	0.01597	0.00771	0.02093	0.01212	0.03195	0.00991	0.01157	0.00771	0.00661	0.00441	0.00220	0.00551	0.00386	0.00441	0.00771
142	0.00842	0.00721	0.00721	0.00721	0.00962	0.00601	0.00541	0.01022	0.01623	0.01924	0.07213	0.06853	0.70244	0.01803	0.00842	0.00240	0.00361	0.01503	0.00661	0.00601
143	0.00966	0.00717	0.00900	0.00873	0.01043	0.00651	0.00648	0.01257	0.01891	0.02602	0.53391	0.11495	0.17764	0.01583	0.00846	0.00232	0.00347	0.01389	0.00752	0.00651
144	0.01558	0.01558	0.02181	0.01869	0.01869	0.02181	0.01558	0.01714	0.01091	0.01714	0.00935	0.01558	0.00935	0.01246	0.02337	0.00312	0.73672	0.00623	0.00312	0.00779
145	0.01345	0.01266	0.02136	0.73264	0.04904	0.01582	0.01978	0.01819	0.01424	0.01819	0.01266	0.01898	0.00949	0.00712	0.00712	0.00237	0.00949	0.00633	0.00316	0.00791
146	0.01904	0.75404	0.03731	0.01218	0.01828	0.02818	0.01218	0.02132	0.01447	0.01675	0.00990	0.01142	0.00914	0.00609	0.00457	0.00152	0.00761	0.00381	0.00305	0.00914
147	0.01002	0.00728	0.00944	0.00890	0.01060	0.00670	0.00668	0.01333	0.02003	0.02825	0.68077	0.05370	0.08818	0.01467	0.00840	0.00225	0.00337	0.01295	0.00780	0.00670
148	0.01762	0.01692	0.02890	0.04371	0.70533	0.01692	0.02185	0.02185	0.01621	0.02326	0.01339	0.01762	0.01128	0.00634	0.00705	0.00211	0.00846	0.00634	0.00352	0.01128
149	0.01521	0.01292	0.01501	0.01076	0.01706	0.00995	0.00862	0.04201	0.01544	0.02399	0.01282	0.01485	0.01060	0.00539	0.00534	0.00109	0.00537	0.00430	0.00432	0.76494
150	0.03195	0.01212	0.01652	0.01267	0.01818	0.01047	0.01047	0.03470	0.02038	0.71026	0.02809	0.02424	0.01763	0.00881	0.00716	0.00220	0.00606	0.00716	0.00881	0.01212
151	0.02660	0.03394	0.02018	0.01834	0.02201	0.72116	0.01376	0.02843	0.02018	0.01743	0.01101	0.01284	0.00917	0.00734	0.00642	0.00183	0.01284	0.00459	0.00367	0.00825
152	0.03291	0.00744	0.00818	0.00793	0.01013	0.00658	0.00597	0.01175	0.01758	0.02312	0.30659	0.06105	0.44297	0.01638	0.00829	0.00234	0.00357	0.01388	0.00701	0.00633
153	0.00868	0.00620	0.00826	0.00991	0.01033	0.00578	0.00661	0.00991	0.01363	0.01818	0.03925	0.74510	0.04710	0.02231	0.00909	0.00289	0.00413	0.02024	0.00661	0.00578
154	0.00868	0.00620	0.00826	0.00991	0.01033	0.00578	0.00661	0.00991	0.01363	0.01818	0.03925	0.74510	0.04710	0.02231	0.00909	0.00289	0.00413	0.02024	0.00661	0.00578
155	0.04754	0.67485	0.05653	0.01259	0.01866	0.05637	0.01252	0.02164	0.01464	0.01751	0.01004	0.01160	0.00908	0.00618	0.00471	0.00158	0.00785	0.00389	0.00312	0.00909
156	0.05320	0.02083	0.21634	0.27778	0.19889	0.01645	0.04290	0.02143	0.04442	0.02196	0.01350	0.01753	0.01028	0.00688	0.00692	0.00227	0.00925	0.00606	0.00346	0.00965
157	0.02113	0.15916	0.05527	0.04467	0.13269	0.25400	0.14034	0.07069	0.01844	0.02139	0.01236	0.01510	0.01001	0.00676	0.00664	0.00198	0.01049	0.00564	0.00372	0.00949
158	0.01026	0.00729	0.00911	0.01002	0.01074	0.00712	0.00673	0.05769	0.01451	0.01936	0.03492	0.57886	0.04113	0.14062	0.01340	0.00350	0.00485	0.01764	0.00627	0.00599
159	0.01765	0.04552	0.02054	0.04184	0.02043	0.04935	0.13569	0.17627	0.01895	0.02642	0.01746	0.02296	0.01455	0.08578	0.07769	0.00345	0.04252	0.00713	0.16728	0.00853
160	0.01652	0.01260	0.01494	0.01076	0.01701	0.00959	0.00864	0.01964	0.01534	0.09317	0.01423	0.01573	0.01127	0.00563	0.00547	0.00117	0.00535	0.00452	0.00469	0.71373
161	0.01402	0.01309	0.01873	0.08257	0.01969	0.01762	0.01398	0.01617	0.01150	0.01746	0.01249	0.01924	0.01170	0.02144	0.18552	0.00495	0.47175	0.00659	0.03408	0.00742
162	0.00868	0.00620	0.00826	0.00991	0.01033	0.00578	0.00661	0.00991	0.01363	0.01818	0.03925	0.74510	0.04710	0.02231	0.00909	0.00289	0.00413	0.02024	0.00661	0.00578
163	0.03037	0.01247	0.01648	0.01287	0.01821	0.01127	0.01055	0.03505	0.09488	0.63483	0.02819	0.02449	0.01808	0.00891	0.00717	0.00223	0.00601	0.00726	0.00864	0.01202
164	0.01904	0.75404	0.03731	0.01218	0.01828	0.02818	0.01218	0.02132	0.01447	0.01675	0.00990	0.01142	0.00914	0.00609	0.00457	0.00152	0.00761	0.00381	0.00305	0.00914
165	0.01036	0.00690	0.00777	0.00777	0.00777	0.00690	0.00431	0.01036	0.01036	0.01381	0.02244	0.04660	0.02589	0.74975	0.03624	0.00690	0.00690	0.01036	0.00431	0.00431
166	0.80005	0.01377	0.01047	0.00936	0.01377	0.01597	0.00771	0.02093	0.01212	0.03195	0.00991	0.01157	0.00771	0.00661	0.00441	0.00220	0.00551	0.00386	0.00441	0.00771
167	0.00868	0.00620	0.00826	0.00991	0.01033	0.00578	0.00661	0.00991	0.01363	0.01818	0.03925	0.74510	0.04710	0.02231	0.00909	0.00289	0.00413	0.02024	0.00661	0.00578
168	0.03177	0.01240	0.01670	0.01280	0.01832	0.01089	0.01058	0.05838	0.02086	0.68591	0.02769	0.02398	0.01742	0.00880	0.00716	0.00220	0.00612	0.00713	0.00875	0.01212
169	0.01433	0.06290	0.62723	0.01915	0.02888	0.01656	0.02422	0.02252	0.04085	0.02244	0.01602	0.01779	0.04145	0.00737	0.00677	0.00224	0.00990	0.00576	0.00334	0.01029
170	0.01043	0.00797	0.01178	0.01163	0.01280	0.00942	0.00903	0.01283	0.01138	0.01645	0.01876	0.02814	0.01773	0.07894	0.66238	0.01088	0.05165	0.00767	0.00380	0.00634
171	0.04495	0.01596	0.02726	0.13033	0.50508	0.01630	0.07429	0.02085	0.01585	0.02268	0.01611	0.02019	0.04446	0.00700	0.00714	0.00219	0.00854	0.00684	0.00367	0.01031
172	0.01808	0.01873	0.07505	0.11784	0.41373	0.06416	0.04420	0.05068	0.01689	0.04469	0.01435	0.01932	0.01180	0.00730	0.00768	0.00222	0.03347	0.02557	0.00386	0.01037
173	0.02133	0.42190	0.02912	0.01470	0.01944	0.28655	0.01275	0.02343	0.01633	0.01701	0.01072	0.01287	0.00956	0.00898	0.03901	0.00216	0.03784	0.00437	0.00332	0.00863
174	0.00865	0.00629	0.00817	0.00967	0.01026	0.00580	0.00650	0.00994	0.01387	0.01827	0.04227	0.68280	0.10744	0.02191	0.00903	0.00285	0.00408	0.01976	0.00661	0.00580
175	0.01639	0.01654	0.05502	0.17688	0.50546	0.01638	0.02085	0.02130	0.03663	0.02228	0.01448	0.03980	0.01223	0.00709	0.00712	0.00220	0.00853	0.00676	0.00364	0.01042
176	0.22953	0.01953	0.20785	0.06768	0.04906	0.01456	0.12059	0.01944	0.01424	0.02407	0.01723	0.15215	0.01621	0.00953	0.00685	0.00239	0.00803	0.00830	0.00419	0.00856
177	0.01129	0.00788	0.01008	0.00928	0.01124	0.00736	0.00703	0.03820	0.02052	0.04907	0.63595	0.05153	0.08471	0.01428	0.00832	0.00224	0.00361	0.01254	0.00780	0.00705
178	0.02628	0.02176	0.02078	0.01654	0.02180	0.13029	0.01340	0.53127	0.08149	0.03947	0.01705	0.01715	0.01238	0.00844	0.00702	0.00211	0.00845	0.00625	0.00660	0.01145
179	0.01369	0.00979	0.01154	0.01118	0.01358	0.01003	0.00839	0.02124	0.21991	0.08288	0.15799	0.25585	0.10516	0.01545	0.00820	0.00254	0.00463	0.03254	0.00721	0.00819
180	0.03937	0.02820	0.43582	0.02234	0.07954	0.01634	0.12802	0.02134	0.01521	0.02268	0.04072	0.04381	0.01311	0.00783	0.00816	0.00234	0.05510	0.00670	0.00351	0.00985
181	0.02628	0.03279	0.02006	0.01814	0.02188	0.67276	0.01366	0.04901	0.04617	0.01875	0.01188	0.01350	0.00974	0.00746	0.00647	0.00187	0.01241	0.00477	0.00391	0.00849
182	0.01237	0.00618	0.00928	0.00928	0.00928	0.00618	0.00618	0.00928	0.00928	0.01237	0.01237	0.02165	0.01237	0.02474	0.02783	0.79283	0.00618	0.00618	0.00309	0.00309
183	0.01564	0.01490	0.02532	0.37069	0.39384	0.01640	0.02087	0.02012	0.01528	0.02086	0.01304	0.01827	0.01043	0.00671	0.00708	0.00224	0.00895	0.00634	0.00335	0.00968
184	0.02645	0.01949	0.02093	0.01617	0.02169	0.02154	0.01330	0.65914	0.03282	0.04398	0.01784	0.04142	0.01328	0.00901	0.00719	0.00216	0.00771	0.00687	0.00711	0.01190
185	0.02442	0.01837	0.01968	0.01559	0.02075	0.02037	0.01270	0.53736	0.13643	0.04083	0.02135	0.04459	0.03530	0.00947	0.00725	0.00221	0.00724	0.00739	0.00711	0.01158
186	0.80005	0.01377	0.01047	0.00936	0.01377	0.01597	0.00771	0.02093	0.01212	0.03195	0.00991	0.01157	0.00771	0.00661	0.00441	0.00220	0.00551	0.00386	0.00441	0.00771
187	0.01762	0.01692	0.02890	0.04371	0.70533	0.01692	0.02185	0.02185	0.01621	0.02326	0.01339	0.01762	0.01128	0.00634	0.00705	0.00211	0.00846	0.00634	0.00352	0.01128
188	0.01477	0.01266	0.01477	0.01055	0.01687	0.00949	0.00844	0.01793	0.01477	0.02320	0.01266	0.01477	0.01055	0.00527	0.00527	0.00105	0.00527	0.00422	0.00422	0.79328
189	0.01771	0.01530	0.01610	0.01449	0.01852	0.01771	0.01127	0.03784	0.69247	0.02979	0.02898	0.02657	0.02174	0.00966	0.00725	0.00242	0.00564	0.00805	0.00725	0.01127
190	0.80005	0.01377	0.01047	0.00936	0.01377	0.01597	0.00771	0.02093	0.01212	0.03195	0.00991	0.01157	0.00771	0.00661	0.00441	0.00220	0.00551	0.00386	0.00441	0.00771
191	0.80005	0.01377	0.01047	0.00936	0.01377	0.01597	0.00771	0.02093	0.01212	0.03195	0.00991	0.01157	0.00771	0.00661	0.00441	0.00220	0.00551	0.00386	0.00441	0.00771
192	0.01036	0.00690	0.00777	0.00777	0.00777	0.00690	0.00431	0.01036	0.01036	0.01381	0.02244	0.04660	0.02589	0.74975	0.03624	0.00690	0.00690	0.01036	0.00431	0.00431
193	0.01516	0.01496	0.02100	0.01813	0.01823	0.02080	0.01506	0.01679	0.01095	0.01709	0.01011	0.01655	0.01001	0.01566	0.07790	0.00377	0.68067	0.00634	0.00317	0.00768
194	0.01762	0.01692	0.02890	0.04371	0.70533	0.01692	0.02185	0.02185	0.01621	0.02326	0.01339	0.01762	0.01128	0.00634	0.00705	0.00211	0.00846	0.00634	0.00352	0.01128
195	0.01673	0.01601	0.02730	0.19037	0.56562	0.01668	0.02141	0.02107	0.01579	0.02218	0.01324	0.01791	0.01090	0.00651	0.00706	0.00217	0.00868	0.00634	0.00345	0.01056
196	0.02662	0.03329	0.02023	0.01825	0.02202	0.68896	0.01375	0.05852	0.02079	0.01869	0.01129	0.01304	0.00931	0.00739	0.00645	0.00185	0.01261	0.00467	0.00383	0.00843
197	0.01147	0.00820	0.01147	0.01311	0.01475	0.00820	0.01147	0.01475	0.01639	0.02131	0.03770	0.08032	0.04098	0.01967	0.00984	0.00328	0.00656	0.65741	0.00656	0.00656
198	0.01008	0.00728	0.00952	0.00896	0.01064	0.00672	0.00672	0.01344	0.02016	0.02855	0.70158	0.05319	0.06719	0.01456	0.00840	0.00224	0.00336	0.01288	0.00784	0.00672
199	0.80005	0.01377	0.01047	0.00936	0.01377	0.01597	0.00771	0.02093	0.01212	0.03195	0.00991	0.01157	0.00771	0.00661	0.00441	0.00220	0.00551	0.00386	0.00441	0.00771
200	0.01771	0.01530	0.01610	0.01449	0.01852	0.01771	0.01127	0.03784	0.69247	0.02979	0.02898	0.02657	0.02174	0.00966	0.00725	0.00242	0.00564	0.00805	0.00725	0.01127
201	0.00872	0.00623	0.00831	0.00988	0.01034	0.00582	0.00661	0.01004	0.01386	0.01853	0.06184	0.72150	0.04778	0.02204	0.00907	0.00287	0.00410	0.01999	0.00665	0.00582
202	0.00849	0.00722	0.00731	0.00729	0.00966	0.00604	0.00547	0.01036	0.01640	0.01964	0.09951	0.06786	0.67481	0.01788	0.00841	0.00240	0.00360	0.01493	0.00667	0.00604
203	0.01017	0.00763	0.01144	0.01144	0.01272	0.00890	0.00890	0.01272	0.01144	0.01653	0.01907	0.02797	0.01780	0.05340	0.72153	0.01144	0.01907	0.00763	0.00381	0.00636
204	0.01147	0.00820	0.01147	0.01311	0.01475	0.00820	0.01147	0.01475	0.01639	0.02131	0.03770	0.08032	0.04098	0.01967	0.00984	0.00328	0.00656	0.65741	0.00656	0.00656
205	0.03195	0.01212	0.01652	0.01267	0.01818	0.01047	0.01047	0.03470	0.02038	0.71026	0.02809	0.02424	0.01763	0.00881	0.00716	0.00220	0.00606	0.00716	0.00881	0.01212
206	0.01477	0.01266	0.01477	0.01055	0.01687	0.00949	0.00844	0.01793	0.01477	0.02320	0.01266	0.01477	0.01055	0.00527	0.00527	0.00105	0.00527	0.00422	0.00422	0.79328
207	0.01428	0.03683	0.71286	0.02030	0.03082	0.01654	0.02631	0.02255	0.01503	0.02255	0.01278	0.01503	0.00902	0.00677	0.00677	0.00226	0.01052	0.00526	0.00301	0.01052
208	0.00887	0.00717	0.00789	0.00785	0.00993	0.00619	0.00583	0.01106	0.01711	0.02165	0.23761	0.10662	0.49253	0.01737	0.00845	0.00239	0.00357	0.01478	0.00694	0.00619
209	0.00868	0.00620	0.00826	0.00991	0.01033	0.00578	0.00661	0.00991	0.01363	0.01818	0.03925	0.74510	0.04710	0.02231	0.00909	0.00289	0.00413	0.02024	0.00661	0.00578
210	0.01502	0.01391	0.02150	0.46936	0.15036	0.01640	0.01834	0.02290	0.15643	0.02145	0.01619	0.02035	0.01235	0.00752	0.00713	0.00234	0.00852	0.00669	0.00408	0.00917
211	0.01762	0.01692	0.02890	0.04371	0.70533	0.01692	0.02185	0.02185	0.01621	0.02326	0.01339	0.01762	0.01128	0.00634	0.00705	0.00211	0.00846	0.00634	0.00352	0.01128
212	0.01488	0.10744	0.62099	0.02033	0.05391	0.01771	0.02474	0.02240	0.01502	0.02200	0.01251	0.01477	0.00911	0.00668	0.00656	0.00218	0.01016	0.00516	0.00303	0.01041
213	0.00913	0.00724	0.00832	0.00885	0.01075	0.00643	0.00681	0.01122	0.01609	0.02004	0.10017	0.17763	0.43472	0.01880	0.00879	0.00263	0.00422	0.13534	0.00668	0.00612
214	0.01492	0.01479	0.02269	0.01886	0.01995	0.01917	0.10367	0.01707	0.01172	0.01764	0.01175	0.01915	0.01136	0.06126	0.08713	0.00403	0.52693	0.00691	0.00332	0.00768
215	0.01875	0.01581	0.01669	0.01470	0.01891	0.01820	0.01152	0.10950	0.61911	0.03147	0.02766	0.02551	0.02066	0.00954	0.00723	0.00238	0.00588	0.00787	0.00723	0.01136
216	0.01450	0.06987	0.68174	0.01992	0.03024	0.01707	0.02566	0.02249	0.01501	0.02228	0.01265	0.01487	0.00903	0.00673	0.00666	0.00222	0.01039	0.00519	0.00301	0.01046
217	0.01721	0.01642	0.02795	0.04215	0.67332	0.01641	0.02115	0.02130	0.01609	0.02303	0.01458	0.05114	0.01293	0.00708	0.00714	0.00215	0.00826	0.00698	0.00367	0.01103
218	0.02724	0.01968	0.02120	0.01626	0.02195	0.02168	0.01343	0.65930	0.03303	0.06780	0.01747	0.01734	0.01230	0.00856	0.00712	0.00214	0.00777	0.00644	0.00718	0.01211
219	0.01904	0.75404	0.03731	0.01218	0.01828	0.02818	0.01218	0.02132	0.01447	0.01675	0.00990	0.01142	0.00914	0.00609	0.00457	0.00152	0.00761	0.00381	0.00305	0.00914
220	0.00982	0.00727	0.00916	0.00869	0.01048	0.00661	0.00652	0.01294	0.01955	0.02711	0.60385	0.05557	0.16582	0.01510	0.00840	0.00227	0.00340	0.01321	0.00765	0.00661
221	0.01017	0.00763	0.01144	0.01144	0.01272	0.00890	0.00890	0.01272	0.01144	0.01653	0.01907	0.02797	0.01780	0.05340	0.72153	0.01144	0.01907	0.00763	0.00381	0.00636
222	0.02707	0.01995	0.02137	0.01638	0.02208	0.02208	0.01353	0.68159	0.03348	0.04488	0.01710	0.01710	0.01211	0.00855	0.00712	0.00214	0.00784	0.00641	0.00712	0.01211
223	0.01035	0.00693	0.00791	0.00791	0.00795	0.00698	0.00449	0.01044	0.01040	0.01391	0.02231	0.04589	0.02558	0.72325	0.06232	0.00708	0.00737	0.01025	0.00430	0.00439
224	0.74295	0.01365	0.01092	0.00961	0.01410	0.01556	0.00792	0.02196	0.01273	0.08237	0.01127	0.01251	0.00845	0.00677	0.00461	0.00220	0.00555	0.00410	0.00473	0.00804
225	0.00901	0.00727	0.00804	0.00793	0.01009	0.00629	0.00600	0.01133	0.01740	0.02207	0.25805	0.06436	0.49155	0.01706	0.00846	0.00238	0.00363	0.03586	0.00697	0.00624
226	0.02114	0.01592	0.01739	0.01454	0.01871	0.01751	0.01152	0.41332	0.14215	0.03602	0.02434	0.18950	0.02197	0.01197	0.00761	0.00236	0.00659	0.00994	0.00702	0.01048
227	0.00896	0.00725	0.00799	0.00797	0.01012	0.00628	0.00603	0.01119	0.01711	0.02153	0.22028	0.08337	0.50257	0.01739	0.00849	0.00242	0.00370	0.04424	0.00690	0.00620
228	0.02660	0.03394	0.02018	0.01834	0.02201	0.72116	0.01376	0.02843	0.02018	0.01743	0.01101	0.01284	0.00917	0.00734	0.00642	0.00183	0.01284	0.00459	0.00367	0.00825
229	0.01428	0.03683	0.71286	0.02030	0.03082	0.01654	0.02631	0.02255	0.01503	0.02255	0.01278	0.01503	0.00902	0.00677	0.00677	0.00226	0.01052	0.00526	0.00301	0.01052
230	0.00868	0.00620	0.00826	0.00991	0.01033	0.00578	0.00661	0.00991	0.01363	0.01818	0.03925	0.74510	0.04710	0.02231	0.00909	0.00289	0.00413	0.02024	0.00661	0.00578
231	0.00875	0.00627	0.00820	0.00971	0.01018	0.00585	0.00646	0.00995	0.01357	0.01800	0.03962	0.68675	0.06971	0.05750	0.01038	0.00307	0.00425	0.01957	0.00650	0.00572
232	0.01771	0.01530	0.01610	0.01449	0.01852	0.01771	0.01127	0.03784	0.69247	0.02979	0.02898	0.02657	0.02174	0.00966	0.00725	0.00242	0.00564	0.00805	0.00725	0.01127
233	0.80005	0.01377	0.01047	0.00936	0.01377	0.01597	0.00771	0.02093	0.01212	0.03195	0.00991	0.01157	0.00771	0.00661	0.00441	0.00220	0.00551	0.00386	0.00441	0.00771
234	0.00993	0.00727	0.00931	0.00880	0.01054	0.00665	0.00660	0.01314	0.01980	0.02770	0.64372	0.05460	0.12557	0.01488	0.00840	0.00225	0.00338	0.01308	0.00773	0.00665
235	0.00996	0.00727	0.00935	0.00883	0.01056	0.00667	0.00662	0.01321	0.01987	0.02788	0.65617	0.05430	0.11301	0.01481	0.00840	0.00225	0.00338	0.01303	0.00775	0.00667
236	0.01477	0.01266	0.01477	0.01055	0.01687	0.00949	0.00844	0.01793	0.01477	0.02320	0.01266	0.01477	0.01055	0.00527	0.00527	0.00105	0.00527	0.00422	0.00422	0.79328
237	0.01017	0.00763	0.01144	0.01144	0.01272	0.00890	0.00890	0.01272	0.01144	0.01653	0.01907	0.02797	0.01780	0.05340	0.72153	0.01144	0.01907	0.00763	0.00381	0.00636
238	0.01771	0.01530	0.01610	0.01449	0.01852	0.01771	0.01127	0.03784	0.69247	0.02979	0.02898	0.02657	0.02174	0.00966	0.00725	0.00242	0.00564	0.00805	0.00725	0.01127
239	0.01904	0.75404	0.03731	0.01218	0.01828	0.02818	0.01218	0.02132	0.01447	0.01675	0.00990	0.01142	0.00914	0.00609	0.00457	0.00152	0.00761	0.00381	0.00305	0.00914
240	0.00882	0.00649	0.00864	0.03462	0.01161	0.00615	0.00698	0.01022	0.01384	0.01825	0.04070	0.67128	0.09307	0.02148	0.00897	0.00284	0.00428	0.01939	0.00649	0.00587
241	0.01352	0.01276	0.02137	0.70829	0.04801	0.01602	0.01963	0.01816	0.01412	0.01816	0.01254	0.01887	0.00949	0.00730	0.00767	0.00240	0.03430	0.00632	0.00316	0.00791
