[name]
unknown

[dist]
# distance from previous block
# <min> <max>
0	57

[block]
# block no. 0 follows, 30 sequences, length 8
# corresponding to MSA columns:
# 57-64
name=unknown_A
#
# <colnr> <probs for GDERKNQSTAVLIFYWHMCP>
#	G	D	E	R	K	N	Q	S	T	A	V	L	I	F	Y	W	H	M	C	P
0	0.11127	0.00918	0.01174	0.01234	0.01476	0.00925	0.01067	0.01765	0.01604	0.10909	0.03242	0.06355	0.03329	0.01637	0.00866	0.00295	0.00624	0.50083	0.00644	0.00725
1	0.07180	0.01116	0.01408	0.01162	0.01597	0.01030	0.00931	0.02858	0.07909	0.47218	0.03131	0.11602	0.07554	0.01093	0.00719	0.00228	0.00544	0.00909	0.00780	0.01030
2	0.01170	0.00776	0.00966	0.00992	0.01125	0.00772	0.00706	0.06570	0.01489	0.05351	0.03289	0.40208	0.07416	0.09475	0.09928	0.00404	0.00640	0.01434	0.06642	0.00646
3	0.01306	0.01010	0.01385	0.06682	0.01646	0.01110	0.06916	0.01781	0.08547	0.02245	0.02704	0.07375	0.10566	0.01230	0.03694	0.00254	0.09627	0.00865	0.30326	0.00733
4	0.61128	0.01465	0.06562	0.08650	0.01813	0.01509	0.01010	0.01964	0.01214	0.02800	0.01036	0.01297	0.00812	0.00764	0.00620	0.05152	0.00623	0.00428	0.00401	0.00751
5	0.08184	0.00880	0.01010	0.00986	0.01206	0.00868	0.00750	0.01566	0.08745	0.02344	0.21251	0.16055	0.11672	0.06808	0.00980	0.00271	0.00463	0.09213	0.00634	0.06115
6	0.18119	0.05643	0.01559	0.01214	0.01580	0.03642	0.00996	0.11937	0.04334	0.15462	0.01747	0.01918	0.01329	0.01370	0.09726	0.00325	0.07349	0.00593	0.10262	0.00893
7	0.01737	0.01302	0.01480	0.01237	0.01614	0.01335	0.00982	0.28979	0.02143	0.02908	0.02467	0.08966	0.08243	0.06399	0.07402	0.02439	0.00738	0.05414	0.00582	0.13636

[dist]
# distance from previous block
# <min> <max>
36	71

[block]
# block no. 1 follows, 30 sequences, length 43
# corresponding to MSA columns:
# 142-184
name=unknown_B
#
# <colnr> <probs for GDERKNQSTAVLIFYWHMCP>
#	G	D	E	R	K	N	Q	S	T	A	V	L	I	F	Y	W	H	M	C	P
0	0.02039	0.05080	0.04895	0.01431	0.01923	0.01698	0.03834	0.36537	0.05708	0.03351	0.01853	0.07052	0.01512	0.01009	0.02823	0.00227	0.00720	0.00709	0.08925	0.08673
1	0.07354	0.11893	0.07751	0.01114	0.01436	0.01160	0.00972	0.03508	0.01617	0.06692	0.19641	0.25353	0.03640	0.01380	0.00740	0.00232	0.00533	0.03634	0.00594	0.00753
2	0.05162	0.14740	0.57950	0.01815	0.02751	0.01795	0.02278	0.02184	0.01451	0.02165	0.01195	0.01402	0.00880	0.00652	0.00619	0.00210	0.00964	0.00487	0.00302	0.00997
3	0.04861	0.31540	0.39233	0.01619	0.02435	0.02087	0.01908	0.05235	0.01524	0.02128	0.01151	0.01331	0.00897	0.00645	0.00572	0.00192	0.00888	0.00460	0.00320	0.00974
4	0.07151	0.15809	0.55111	0.01776	0.02690	0.01812	0.02211	0.02178	0.01443	0.02179	0.01184	0.01388	0.00877	0.00651	0.00610	0.00208	0.00947	0.00481	0.00305	0.00988
5	0.01635	0.01207	0.01357	0.01205	0.01477	0.01278	0.00900	0.26529	0.06894	0.02781	0.02587	0.27626	0.02673	0.14427	0.01261	0.00316	0.00602	0.01170	0.00624	0.03451
6	0.25896	0.17219	0.06027	0.01264	0.01802	0.01846	0.01143	0.17884	0.01887	0.14001	0.01536	0.01720	0.01167	0.00763	0.00573	0.00205	0.00677	0.02887	0.00535	0.00967
7	0.01538	0.01555	0.02066	0.01789	0.01806	0.04938	0.01477	0.01690	0.01119	0.01685	0.01065	0.05082	0.01095	0.01248	0.02154	0.00299	0.67643	0.00671	0.00324	0.00756
8	0.00988	0.00713	0.00933	0.00878	0.01043	0.00658	0.00658	0.01317	0.01975	0.02798	0.70754	0.05213	0.06584	0.01427	0.00823	0.00219	0.00329	0.01262	0.00768	0.00658
9	0.01251	0.04615	0.01256	0.01194	0.05156	0.01058	0.00881	0.01874	0.17228	0.04480	0.04793	0.07511	0.34584	0.01464	0.00789	0.00242	0.00492	0.09721	0.00635	0.00777
10	0.01565	0.01541	0.02768	0.29459	0.36083	0.01636	0.12719	0.02026	0.01528	0.02091	0.01302	0.01801	0.01034	0.00644	0.00715	0.00221	0.00922	0.00654	0.00334	0.00958
11	0.01015	0.00677	0.00761	0.00761	0.00761	0.00677	0.00423	0.01015	0.01015	0.01353	0.02199	0.04567	0.02537	0.75476	0.03552	0.00677	0.00677	0.01015	0.00423	0.00423
12	0.01742	0.05044	0.07707	0.06452	0.53089	0.04970	0.02030	0.04136	0.01635	0.02258	0.01367	0.01862	0.01160	0.00680	0.00685	0.00209	0.00856	0.02708	0.00359	0.01052
13	0.01093	0.00766	0.01042	0.03734	0.01369	0.00759	0.00943	0.01281	0.01457	0.01870	0.03675	0.06394	0.14025	0.05372	0.01336	0.13045	0.00603	0.40095	0.00567	0.00574
14	0.06245	0.02011	0.02038	0.01586	0.02126	0.06498	0.01301	0.61627	0.03104	0.04173	0.01606	0.01625	0.01149	0.00822	0.00682	0.00208	0.00788	0.00606	0.00665	0.01143
15	0.01866	0.75896	0.03657	0.01194	0.01791	0.02761	0.01194	0.02090	0.01418	0.01642	0.00970	0.01119	0.00896	0.00597	0.00448	0.00149	0.00746	0.00373	0.00299	0.00896
16	0.01015	0.00677	0.00761	0.00761	0.00761	0.00677	0.00423	0.01015	0.01015	0.01353	0.02199	0.04567	0.02537	0.75476	0.03552	0.00677	0.00677	0.01015	0.00423	0.00423
17	0.01701	0.01790	0.06056	0.09329	0.52667	0.05748	0.04924	0.02128	0.01594	0.02194	0.01397	0.01968	0.01192	0.00690	0.00704	0.00214	0.00879	0.03440	0.00354	0.01032
18	0.00905	0.00730	0.00808	0.00798	0.01007	0.00648	0.00595	0.01185	0.04152	0.02168	0.24304	0.10910	0.45967	0.01673	0.00825	0.00235	0.00358	0.01425	0.00683	0.00625
19	0.01186	0.00906	0.01200	0.10490	0.01680	0.00981	0.00940	0.09292	0.01567	0.02125	0.03011	0.49361	0.03390	0.01717	0.00907	0.00264	0.04807	0.01507	0.03986	0.00683
20	0.05825	0.57770	0.03193	0.01301	0.01843	0.16680	0.01204	0.02227	0.01519	0.01727	0.00992	0.01148	0.00889	0.00624	0.00483	0.00159	0.00839	0.00389	0.00317	0.00871
21	0.01435	0.01225	0.01866	0.50394	0.03710	0.01504	0.01624	0.06877	0.01523	0.02105	0.01412	0.01936	0.01086	0.00772	0.00801	0.00226	0.07100	0.00625	0.12996	0.00786
22	0.00988	0.00713	0.00933	0.00878	0.01043	0.00658	0.00658	0.01317	0.01975	0.02798	0.70754	0.05213	0.06584	0.01427	0.00823	0.00219	0.00329	0.01262	0.00768	0.00658
23	0.02653	0.01955	0.02094	0.01606	0.02164	0.02164	0.01326	0.68796	0.03281	0.04398	0.01675	0.01675	0.01187	0.00838	0.00698	0.00209	0.00768	0.00628	0.00698	0.01187
24	0.00898	0.00738	0.00794	0.00775	0.00999	0.00649	0.00582	0.01179	0.04265	0.02142	0.22071	0.06202	0.52943	0.01655	0.00820	0.00232	0.00355	0.01397	0.00679	0.00625
25	0.77851	0.03773	0.01111	0.00927	0.01364	0.01604	0.00770	0.02053	0.01195	0.03082	0.00972	0.01133	0.00760	0.00646	0.00432	0.00214	0.00547	0.00378	0.00428	0.00760
26	0.00959	0.00755	0.01023	0.01110	0.01144	0.00819	0.00789	0.01085	0.01293	0.01765	0.03376	0.63239	0.04022	0.02032	0.01115	0.00287	0.12234	0.01764	0.00593	0.00598
27	0.70916	0.01365	0.01120	0.00974	0.01420	0.01552	0.00803	0.05240	0.01346	0.08412	0.01140	0.01253	0.00850	0.00673	0.00465	0.00216	0.00554	0.00414	0.00477	0.00809
28	0.75835	0.05687	0.01179	0.00934	0.01375	0.01635	0.00781	0.02054	0.01201	0.03044	0.00972	0.01133	0.00764	0.00645	0.00433	0.00212	0.00552	0.00378	0.00424	0.00764
29	0.01345	0.01268	0.02142	0.69162	0.09229	0.01558	0.01952	0.01807	0.01408	0.01816	0.01245	0.01852	0.00942	0.00693	0.00697	0.00231	0.00923	0.00620	0.00312	0.00797
30	0.26670	0.01402	0.01484	0.01194	0.01692	0.05420	0.00978	0.06444	0.01817	0.43042	0.02054	0.01894	0.01354	0.00788	0.00615	0.00213	0.00625	0.00584	0.00694	0.01034
31	0.06688	0.68466	0.03430	0.01201	0.01779	0.05463	0.01173	0.02115	0.01426	0.01735	0.00975	0.01126	0.00887	0.00605	0.00454	0.00155	0.00754	0.00376	0.00309	0.00884
32	0.01400	0.03610	0.71860	0.01989	0.03020	0.01621	0.02578	0.02210	0.01473	0.02210	0.01252	0.01473	0.00884	0.00663	0.00663	0.00221	0.01031	0.00516	0.00295	0.01031
33	0.00950	0.00822	0.03931	0.00939	0.01131	0.00677	0.00747	0.01221	0.01702	0.02293	0.33668	0.20191	0.20520	0.01671	0.00842	0.00245	0.00406	0.06720	0.00685	0.00638
34	0.00975	0.00713	0.00916	0.00865	0.01035	0.00653	0.00649	0.01293	0.01946	0.02729	0.65920	0.05327	0.11463	0.01452	0.00823	0.00221	0.00331	0.01278	0.00759	0.00653
35	0.01082	0.00746	0.00891	0.00870	0.00919	0.00780	0.00552	0.03971	0.01133	0.01537	0.02110	0.04077	0.02320	0.58196	0.17288	0.00746	0.00919	0.00945	0.00425	0.00496
36	0.01400	0.03610	0.71860	0.01989	0.03020	0.01621	0.02578	0.02210	0.01473	0.02210	0.01252	0.01473	0.00884	0.00663	0.00663	0.00221	0.01031	0.00516	0.00295	0.01031
37	0.13619	0.01210	0.01539	0.01198	0.01723	0.01099	0.00989	0.03218	0.01887	0.62312	0.02511	0.02207	0.01596	0.00834	0.00665	0.00216	0.00586	0.00658	0.00805	0.01129
38	0.01093	0.00879	0.01057	0.01129	0.04842	0.00843	0.00824	0.03659	0.07380	0.02271	0.16851	0.08473	0.33027	0.01593	0.00832	0.00248	0.00459	0.13182	0.00659	0.00700
39	0.00980	0.00713	0.00922	0.00870	0.01038	0.00655	0.00652	0.01302	0.01957	0.02756	0.67780	0.05283	0.09585	0.01443	0.00823	0.00220	0.00330	0.01272	0.00763	0.00655
40	0.01936	0.02061	0.02829	0.03440	0.43065	0.16868	0.12594	0.04715	0.01743	0.02227	0.01292	0.01650	0.01057	0.00645	0.00699	0.00206	0.00974	0.00618	0.00362	0.01019
41	0.01850	0.44731	0.06844	0.01314	0.01818	0.16719	0.01220	0.02116	0.01625	0.01874	0.12196	0.01825	0.01807	0.00759	0.00558	0.00171	0.00801	0.00540	0.00386	0.00848
42	0.02136	0.04775	0.01860	0.04087	0.02016	0.01631	0.01136	0.29454	0.09611	0.09485	0.01716	0.01751	0.01268	0.00736	0.00632	0.00178	0.00656	0.00574	0.00594	0.25705

[dist]
# distance from previous block
# <min> <max>
0	2

[block]
# block no. 2 follows, 30 sequences, length 56
# corresponding to MSA columns:
# 187-242
name=unknown_C
#
# <colnr> <probs for GDERKNQSTAVLIFYWHMCP>
#	G	D	E	R	K	N	Q	S	T	A	V	L	I	F	Y	W	H	M	C	P
0	0.06313	0.18472	0.02263	0.01584	0.06887	0.03746	0.05629	0.14019	0.01789	0.05696	0.01924	0.04090	0.06644	0.00887	0.00800	0.00207	0.08745	0.00671	0.08738	0.00897
1	0.02598	0.01902	0.02035	0.01567	0.02109	0.02102	0.01292	0.66063	0.03207	0.04325	0.01700	0.01713	0.01211	0.00837	0.00690	0.00208	0.00750	0.00629	0.03898	0.01165
2	0.01524	0.01286	0.01489	0.01070	0.01686	0.01009	0.00859	0.06057	0.01565	0.02410	0.01268	0.01462	0.01043	0.00537	0.00528	0.00110	0.00533	0.00427	0.00432	0.74703
3	0.00858	0.00611	0.00807	0.00961	0.01000	0.00572	0.00637	0.00974	0.01320	0.01760	0.03765	0.71559	0.04513	0.05787	0.01021	0.00303	0.00418	0.01936	0.00637	0.00560
4	0.01092	0.00874	0.01152	0.01124	0.01223	0.03266	0.00847	0.01282	0.01124	0.01574	0.01839	0.02965	0.01813	0.18655	0.51579	0.00943	0.06887	0.00781	0.00378	0.00600
5	0.05101	0.09862	0.02262	0.02150	0.14477	0.48727	0.01455	0.04468	0.01864	0.01931	0.01124	0.01337	0.00939	0.00691	0.00618	0.00184	0.01093	0.00476	0.00363	0.00879
6	0.01824	0.01641	0.02069	0.01783	0.04981	0.03607	0.11694	0.11181	0.44165	0.02897	0.02515	0.02451	0.04178	0.00887	0.00727	0.00230	0.00699	0.00783	0.00626	0.01063
7	0.13779	0.01394	0.02218	0.41683	0.20240	0.01591	0.05498	0.01937	0.01424	0.02139	0.01225	0.01716	0.00952	0.00665	0.00662	0.00224	0.00858	0.00594	0.00340	0.00861
8	0.00981	0.00708	0.00927	0.00883	0.01041	0.00654	0.00658	0.01300	0.01944	0.02748	0.67468	0.08642	0.06488	0.01464	0.00826	0.00223	0.00333	0.01297	0.00762	0.00654
9	0.00982	0.00713	0.00925	0.00872	0.01039	0.00656	0.00654	0.01307	0.01963	0.02769	0.68682	0.05262	0.08676	0.01438	0.00823	0.00220	0.00330	0.01269	0.00764	0.00656
10	0.00850	0.00607	0.00810	0.00972	0.01012	0.00567	0.00648	0.00972	0.01336	0.01781	0.03846	0.75020	0.04615	0.02186	0.00891	0.00283	0.00405	0.01984	0.00648	0.00567
11	0.01332	0.01254	0.02118	0.71450	0.07047	0.01554	0.01945	0.01795	0.01402	0.01800	0.01243	0.01856	0.00936	0.00695	0.00697	0.00232	0.00927	0.00620	0.00311	0.00786
12	0.01530	0.01652	0.05528	0.30219	0.18591	0.01655	0.26470	0.02042	0.01532	0.02071	0.01319	0.01826	0.01013	0.00640	0.00741	0.00228	0.01003	0.00691	0.00333	0.00916
13	0.00856	0.00610	0.00808	0.00964	0.01003	0.00571	0.00640	0.00973	0.01324	0.01766	0.03787	0.72471	0.04540	0.04838	0.00987	0.00298	0.00415	0.01949	0.00640	0.00562
14	0.01663	0.01662	0.01436	0.01362	0.03544	0.18762	0.01009	0.06555	0.19433	0.02324	0.07879	0.05992	0.18802	0.01394	0.04816	0.00271	0.00754	0.00929	0.00580	0.00835
15	0.02453	0.01855	0.01982	0.01565	0.02088	0.02071	0.01278	0.54599	0.17804	0.04075	0.01929	0.01878	0.01393	0.00861	0.00701	0.00215	0.00721	0.00663	0.00701	0.01169
16	0.02234	0.01271	0.01487	0.01219	0.01644	0.04084	0.00973	0.07782	0.12648	0.32023	0.19035	0.02945	0.02853	0.00985	0.00718	0.00211	0.00559	0.00818	0.00756	0.05757
17	0.01525	0.01638	0.03294	0.27516	0.03940	0.01713	0.41347	0.02044	0.01524	0.02044	0.01322	0.01853	0.01005	0.00665	0.00869	0.00239	0.05514	0.00740	0.00335	0.00873
18	0.03131	0.01188	0.01619	0.01242	0.01781	0.01026	0.01026	0.03401	0.01997	0.71606	0.02753	0.02375	0.01727	0.00864	0.00702	0.00216	0.00594	0.00702	0.00864	0.01188
19	0.01667	0.01826	0.03795	0.03278	0.20561	0.01738	0.51932	0.02212	0.01632	0.02246	0.01387	0.01843	0.01070	0.00597	0.00790	0.00228	0.01089	0.00773	0.00351	0.00982
20	0.01333	0.01255	0.02120	0.71299	0.07191	0.01554	0.01945	0.01796	0.01402	0.01801	0.01243	0.01856	0.00937	0.00695	0.00697	0.00232	0.00927	0.00620	0.00311	0.00787
21	0.01318	0.01240	0.02093	0.73798	0.04806	0.01550	0.01938	0.01783	0.01395	0.01783	0.01240	0.01860	0.00930	0.00698	0.00698	0.00233	0.00930	0.00620	0.00310	0.00775
22	0.80405	0.01350	0.01026	0.00918	0.01350	0.01565	0.00756	0.02051	0.01188	0.03131	0.00972	0.01134	0.00756	0.00648	0.00432	0.00216	0.00540	0.00378	0.00432	0.00756
23	0.01525	0.01456	0.02447	0.36418	0.36157	0.01637	0.02010	0.01947	0.01468	0.02013	0.01255	0.01777	0.01013	0.00693	0.00790	0.00225	0.05291	0.00620	0.00327	0.00931
24	0.01318	0.01240	0.02093	0.73798	0.04806	0.01550	0.01938	0.01783	0.01395	0.01783	0.01240	0.01860	0.00930	0.00698	0.00698	0.00233	0.00930	0.00620	0.00310	0.00775
25	0.03131	0.01188	0.01619	0.01242	0.01781	0.01026	0.01026	0.03401	0.01997	0.71606	0.02753	0.02375	0.01727	0.00864	0.00702	0.00216	0.00594	0.00702	0.00864	0.01188
26	0.00838	0.00711	0.00726	0.00733	0.00966	0.00599	0.00557	0.01022	0.01591	0.01894	0.06915	0.06768	0.67792	0.01775	0.00831	0.00240	0.00367	0.04434	0.00648	0.00592
27	0.01441	0.03319	0.60454	0.02149	0.03126	0.01645	0.13693	0.02214	0.01503	0.02214	0.01279	0.01542	0.00913	0.00650	0.00690	0.00223	0.01056	0.00567	0.00304	0.01016
28	0.00988	0.00713	0.00933	0.00878	0.01043	0.00658	0.00658	0.01317	0.01975	0.02798	0.70754	0.05213	0.06584	0.01427	0.00823	0.00219	0.00329	0.01262	0.00768	0.00658
29	0.00866	0.00614	0.00805	0.00951	0.00988	0.00577	0.00626	0.00976	0.01305	0.01740	0.03688	0.68268	0.04416	0.09211	0.01146	0.00321	0.00431	0.01891	0.00626	0.00553
30	0.01768	0.01736	0.02793	0.04168	0.67913	0.04964	0.02105	0.02172	0.01607	0.02253	0.01302	0.01705	0.01096	0.00626	0.00688	0.00206	0.00849	0.00614	0.00346	0.01092
31	0.01638	0.01567	0.02672	0.19383	0.56717	0.01635	0.02097	0.02064	0.01547	0.02172	0.01297	0.01756	0.01067	0.00638	0.00692	0.00213	0.00851	0.00621	0.00338	0.01034
32	0.00850	0.00607	0.00810	0.00972	0.01012	0.00567	0.00648	0.00972	0.01336	0.01781	0.03846	0.75020	0.04615	0.02186	0.00891	0.00283	0.00405	0.01984	0.00648	0.00567
33	0.04114	0.00865	0.01112	0.00974	0.01254	0.00788	0.00757	0.01941	0.01895	0.22927	0.40595	0.07024	0.06857	0.01251	0.00763	0.00219	0.00417	0.01078	0.04360	0.00810
34	0.05016	0.01247	0.01995	0.61854	0.04257	0.01567	0.01797	0.01781	0.01361	0.01867	0.01239	0.01826	0.00952	0.00742	0.00808	0.00235	0.06894	0.00609	0.03184	0.00769
35	0.01318	0.01240	0.02093	0.73798	0.04806	0.01550	0.01938	0.01783	0.01395	0.01783	0.01240	0.01860	0.00930	0.00698	0.00698	0.00233	0.00930	0.00620	0.00310	0.00775
36	0.01492	0.01418	0.02407	0.44262	0.32983	0.01596	0.02025	0.01935	0.01478	0.01994	0.01271	0.01804	0.01005	0.00665	0.00695	0.00222	0.00887	0.00621	0.00325	0.00915
37	0.00871	0.00638	0.00821	0.00945	0.01026	0.00588	0.00655	0.01025	0.01433	0.01892	0.09731	0.57567	0.13157	0.02059	0.00880	0.00274	0.00403	0.04798	0.00657	0.00581
38	0.00976	0.00697	0.00954	0.01116	0.01211	0.00675	0.00867	0.01189	0.01460	0.01922	0.03777	0.44173	0.04340	0.02067	0.00924	0.00301	0.00514	0.31587	0.00645	0.00602
39	0.00997	0.00748	0.01121	0.01121	0.01246	0.00872	0.00872	0.01246	0.01121	0.01620	0.01869	0.02741	0.01745	0.05234	0.72710	0.01121	0.01869	0.00748	0.00374	0.00623
40	0.01506	0.01496	0.02097	0.01804	0.01809	0.02087	0.01501	0.01662	0.01071	0.01677	0.00954	0.01575	0.00949	0.01381	0.05087	0.00338	0.71326	0.00616	0.00308	0.00758
41	0.02653	0.01955	0.02094	0.01606	0.02164	0.02164	0.01326	0.68796	0.03281	0.04398	0.01675	0.01675	0.01187	0.00838	0.00698	0.00209	0.00768	0.00628	0.00698	0.01187
42	0.00997	0.00748	0.01121	0.01121	0.01246	0.00872	0.00872	0.01246	0.01121	0.01620	0.01869	0.02741	0.01745	0.05234	0.72710	0.01121	0.01869	0.00748	0.00374	0.00623
43	0.02653	0.01955	0.02094	0.01606	0.02164	0.02164	0.01326	0.68796	0.03281	0.04398	0.01675	0.01675	0.01187	0.00838	0.00698	0.00209	0.00768	0.00628	0.00698	0.01187
44	0.01114	0.00796	0.01110	0.01255	0.01415	0.00792	0.01089	0.01436	0.01634	0.02142	0.08737	0.07672	0.04209	0.01890	0.00953	0.00314	0.00619	0.61526	0.00652	0.00644
45	0.01647	0.01882	0.04118	0.02941	0.03647	0.01765	0.68588	0.02235	0.01647	0.02235	0.01412	0.01882	0.01059	0.00588	0.00824	0.00235	0.01176	0.00824	0.00353	0.00941
46	0.00988	0.00713	0.00933	0.00878	0.01043	0.00658	0.00658	0.01317	0.01975	0.02798	0.70754	0.05213	0.06584	0.01427	0.00823	0.00219	0.00329	0.01262	0.00768	0.00658
47	0.01461	0.01430	0.02012	0.01744	0.01760	0.01981	0.01446	0.01626	0.01075	0.01672	0.01034	0.01677	0.01018	0.01717	0.10989	0.00406	0.65264	0.00628	0.00314	0.00746
48	0.80405	0.01350	0.01026	0.00918	0.01350	0.01565	0.00756	0.02051	0.01188	0.03131	0.00972	0.01134	0.00756	0.00648	0.00432	0.00216	0.00540	0.00378	0.00432	0.00756
49	0.01009	0.00744	0.01102	0.01102	0.01228	0.00863	0.00857	0.01262	0.01135	0.01660	0.01886	0.02736	0.01746	0.05054	0.69772	0.01082	0.01806	0.00744	0.03587	0.00624
50	0.00975	0.00732	0.00803	0.00772	0.01007	0.00626	0.00584	0.01192	0.01699	0.05519	0.21443	0.06158	0.52728	0.01645	0.00818	0.00231	0.00360	0.01387	0.00686	0.00634
51	0.01999	0.01408	0.01519	0.01246	0.01631	0.01525	0.00994	0.36980	0.06453	0.03428	0.02006	0.05118	0.01616	0.04445	0.03382	0.00253	0.00653	0.00714	0.21108	0.03523
52	0.02390	0.01987	0.01900	0.01551	0.02010	0.12959	0.01239	0.47646	0.05551	0.03602	0.01892	0.10514	0.01595	0.00987	0.00711	0.00215	0.00792	0.00771	0.00640	0.01049
53	0.01950	0.01600	0.01707	0.04703	0.01954	0.07787	0.01107	0.19716	0.04440	0.06589	0.01575	0.03722	0.01258	0.00769	0.00730	0.00176	0.05673	0.00580	0.03649	0.30314
54	0.01708	0.01365	0.08086	0.01465	0.04939	0.01205	0.01204	0.05061	0.18669	0.15093	0.03001	0.14865	0.04468	0.01301	0.00786	0.00253	0.00617	0.14332	0.00656	0.00924
55	0.08129	0.01695	0.01730	0.03636	0.01959	0.04724	0.01158	0.37471	0.15954	0.03499	0.02497	0.02444	0.10136	0.00953	0.00693	0.00218	0.00681	0.00740	0.00648	0.01034

[dist]
# distance from previous block
# <min> <max>
0	4

[block]
# block no. 3 follows, 30 sequences, length 9
# corresponding to MSA columns:
# 247-255
name=unknown_D
#
# <colnr> <probs for GDERKNQSTAVLIFYWHMCP>
#	G	D	E	R	K	N	Q	S	T	A	V	L	I	F	Y	W	H	M	C	P
0	0.06933	0.04161	0.04343	0.11906	0.06061	0.10621	0.06698	0.14176	0.01786	0.02473	0.01292	0.01615	0.01029	0.00781	0.00903	0.00214	0.12643	0.00573	0.04486	0.07306
1	0.29159	0.08075	0.01708	0.01248	0.01706	0.01777	0.01041	0.27392	0.02037	0.06810	0.01453	0.01620	0.01116	0.01348	0.10341	0.00330	0.00828	0.00539	0.00536	0.00936
2	0.02301	0.01692	0.01844	0.01482	0.01940	0.01853	0.01194	0.55578	0.02902	0.03888	0.02098	0.15970	0.01855	0.01101	0.00736	0.00224	0.00697	0.00892	0.00688	0.01066
3	0.01000	0.00670	0.00765	0.00780	0.00784	0.00667	0.00443	0.01011	0.01044	0.01391	0.02346	0.10867	0.02723	0.68922	0.03314	0.00641	0.00652	0.01101	0.00443	0.00436
4	0.01589	0.01371	0.01438	0.01305	0.01674	0.01551	0.01012	0.03272	0.58858	0.02752	0.03522	0.03266	0.13205	0.01079	0.00729	0.00237	0.00520	0.00899	0.00700	0.01021
5	0.00850	0.00607	0.00810	0.00972	0.01012	0.00567	0.00648	0.00972	0.01336	0.01781	0.03846	0.75020	0.04615	0.02186	0.00891	0.00283	0.00405	0.01984	0.00648	0.00567
6	0.00988	0.00713	0.00933	0.00878	0.01043	0.00658	0.00658	0.01317	0.01975	0.02798	0.70754	0.05213	0.06584	0.01427	0.00823	0.00219	0.00329	0.01262	0.00768	0.00658
7	0.01459	0.01434	0.02004	0.01746	0.01750	0.01979	0.01438	0.01608	0.01096	0.01690	0.01211	0.08920	0.01288	0.01318	0.02149	0.00303	0.66775	0.00749	0.00340	0.00744
8	0.80405	0.01350	0.01026	0.00918	0.01350	0.01565	0.00756	0.02051	0.01188	0.03131	0.00972	0.01134	0.00756	0.00648	0.00432	0.00216	0.00540	0.00378	0.00432	0.00756

[dist]
# distance from previous block
# <min> <max>
0	1

[block]
# block no. 4 follows, 30 sequences, length 30
# corresponding to MSA columns:
# 257-286
name=unknown_E
#
# <colnr> <probs for GDERKNQSTAVLIFYWHMCP>
#	G	D	E	R	K	N	Q	S	T	A	V	L	I	F	Y	W	H	M	C	P
0	0.01160	0.00904	0.01272	0.01205	0.01308	0.01116	0.00957	0.01400	0.01163	0.01784	0.01722	0.02453	0.01569	0.03669	0.46079	0.00794	0.17538	0.00703	0.12545	0.00658
1	0.01527	0.01527	0.02137	0.01832	0.01832	0.02137	0.01527	0.01679	0.01069	0.01679	0.00916	0.01527	0.00916	0.01221	0.02290	0.00305	0.74198	0.00611	0.00305	0.00763
2	0.73720	0.05109	0.01195	0.00956	0.01400	0.01647	0.00798	0.04411	0.01273	0.03101	0.00996	0.01152	0.00778	0.00652	0.00442	0.00212	0.00558	0.00386	0.00435	0.00778
3	0.08719	0.01964	0.02006	0.01560	0.02100	0.05036	0.01283	0.60854	0.03064	0.04188	0.01596	0.01616	0.01141	0.00818	0.00674	0.00209	0.00770	0.00601	0.00663	0.01137
4	0.01435	0.00869	0.01007	0.00918	0.01044	0.00869	0.00602	0.08386	0.01387	0.10227	0.02293	0.07490	0.02401	0.54979	0.02775	0.00552	0.00663	0.00984	0.00516	0.00603
5	0.02653	0.01955	0.02094	0.01606	0.02164	0.02164	0.01326	0.68796	0.03281	0.04398	0.01675	0.01675	0.01187	0.00838	0.00698	0.00209	0.00768	0.00628	0.00698	0.01187
6	0.00846	0.00623	0.00794	0.00931	0.01001	0.00570	0.00630	0.00976	0.01375	0.01797	0.04343	0.64481	0.14834	0.02122	0.00881	0.00276	0.00397	0.01905	0.00648	0.00570
7	0.01344	0.01277	0.02188	0.68898	0.07140	0.01562	0.04215	0.01811	0.01411	0.01816	0.01249	0.01856	0.00941	0.00691	0.00702	0.00232	0.00935	0.00627	0.00313	0.00793
8	0.01527	0.01527	0.02137	0.01832	0.01832	0.02137	0.01527	0.01679	0.01069	0.01679	0.00916	0.01527	0.00916	0.01221	0.02290	0.00305	0.74198	0.00611	0.00305	0.00763
9	0.01212	0.00606	0.00909	0.00909	0.00909	0.00606	0.00606	0.00909	0.00909	0.01212	0.01212	0.02121	0.01212	0.02424	0.02727	0.79697	0.00606	0.00606	0.00303	0.00303
10	0.00850	0.00607	0.00810	0.00972	0.01012	0.00567	0.00648	0.00972	0.01336	0.01781	0.03846	0.75020	0.04615	0.02186	0.00891	0.00283	0.00405	0.01984	0.00648	0.00567
11	0.01604	0.01929	0.07947	0.08980	0.03710	0.01738	0.58954	0.02195	0.01615	0.02195	0.01388	0.01856	0.01037	0.00602	0.00803	0.00234	0.01147	0.00788	0.00346	0.00932
12	0.01540	0.01683	0.03512	0.20142	0.03840	0.01672	0.50040	0.02082	0.01575	0.02110	0.01453	0.04360	0.01148	0.00669	0.00795	0.00236	0.01090	0.00813	0.00353	0.00888
13	0.02626	0.01806	0.01983	0.01528	0.02078	0.01949	0.01258	0.54590	0.06347	0.13019	0.01858	0.01804	0.01298	0.00835	0.00693	0.00208	0.00725	0.00638	0.00710	0.04046
14	0.01866	0.75896	0.03657	0.01194	0.01791	0.02761	0.01194	0.02090	0.01418	0.01642	0.00970	0.01119	0.00896	0.00597	0.00448	0.00149	0.00746	0.00373	0.00299	0.00896
15	0.01212	0.00606	0.00909	0.00909	0.00909	0.00606	0.00606	0.00909	0.00909	0.01212	0.01212	0.02121	0.01212	0.02424	0.02727	0.79697	0.00606	0.00606	0.00303	0.00303
16	0.00849	0.00612	0.00805	0.00960	0.01009	0.00568	0.00643	0.00973	0.01347	0.01786	0.03987	0.72033	0.07512	0.02168	0.00888	0.00281	0.00403	0.01961	0.00648	0.00568
17	0.01457	0.01273	0.01581	0.01129	0.01754	0.00972	0.04225	0.01781	0.01457	0.02272	0.01249	0.01469	0.01035	0.00520	0.00532	0.00110	0.00550	0.00434	0.00410	0.75790
18	0.01736	0.01499	0.01578	0.01420	0.01815	0.01736	0.01105	0.03708	0.69862	0.02919	0.02840	0.02604	0.02130	0.00947	0.00710	0.00237	0.00552	0.00789	0.00710	0.01105
19	0.00850	0.00607	0.00810	0.00972	0.01012	0.00567	0.00648	0.00972	0.01336	0.01781	0.03846	0.75020	0.04615	0.02186	0.00891	0.00283	0.00405	0.01984	0.00648	0.00567
20	0.01400	0.03610	0.71860	0.01989	0.03020	0.01621	0.02578	0.02210	0.01473	0.02210	0.01252	0.01473	0.00884	0.00663	0.00663	0.00221	0.01031	0.00516	0.00295	0.01031
21	0.03131	0.01188	0.01619	0.01242	0.01781	0.01026	0.01026	0.03401	0.01997	0.71606	0.02753	0.02375	0.01727	0.00864	0.00702	0.00216	0.00594	0.00702	0.00864	0.01188
22	0.01736	0.01499	0.01578	0.01420	0.01815	0.01736	0.01105	0.03708	0.69862	0.02919	0.02840	0.02604	0.02130	0.00947	0.00710	0.00237	0.00552	0.00789	0.00710	0.01105
23	0.00850	0.00607	0.00810	0.00972	0.01012	0.00567	0.00648	0.00972	0.01336	0.01781	0.03846	0.75020	0.04615	0.02186	0.00891	0.00283	0.00405	0.01984	0.00648	0.00567
24	0.02836	0.01284	0.01641	0.01274	0.01781	0.01200	0.01046	0.15272	0.02232	0.52580	0.09096	0.02519	0.02095	0.00913	0.00713	0.00215	0.00600	0.00742	0.00824	0.01137
25	0.00849	0.00613	0.00804	0.00956	0.01008	0.00568	0.00641	0.00973	0.01351	0.01787	0.04034	0.71034	0.08481	0.02162	0.00887	0.00281	0.00402	0.01954	0.00648	0.00568
26	0.01866	0.75896	0.03657	0.01194	0.01791	0.02761	0.01194	0.02090	0.01418	0.01642	0.00970	0.01119	0.00896	0.00597	0.00448	0.00149	0.00746	0.00373	0.00299	0.00896
27	0.01464	0.03180	0.55432	0.02295	0.07006	0.01649	0.14739	0.02211	0.01512	0.02219	0.01285	0.01563	0.00929	0.00647	0.00694	0.00223	0.01047	0.00579	0.00308	0.01019
28	0.01524	0.07093	0.64340	0.01905	0.02886	0.01643	0.02418	0.02273	0.01501	0.06232	0.01326	0.01508	0.00934	0.00671	0.00654	0.00217	0.00991	0.00519	0.00328	0.01034
29	0.02585	0.01889	0.02022	0.01558	0.02096	0.02088	0.01284	0.65428	0.03190	0.04308	0.01706	0.01722	0.01217	0.00836	0.00688	0.00207	0.00746	0.00629	0.04642	0.01160

[dist]
# distance from previous block
# <min> <max>
0	1

[block]
# block no. 5 follows, 30 sequences, length 73
# corresponding to MSA columns:
# 288-360
name=unknown_F
#
# <colnr> <probs for GDERKNQSTAVLIFYWHMCP>
#	G	D	E	R	K	N	Q	S	T	A	V	L	I	F	Y	W	H	M	C	P
0	0.01088	0.00729	0.00939	0.00878	0.01036	0.00678	0.00642	0.01368	0.01841	0.05693	0.58014	0.04994	0.05794	0.11855	0.01203	0.00284	0.00390	0.01202	0.00724	0.00649
1	0.01354	0.01277	0.02158	0.67656	0.10666	0.01560	0.01956	0.01815	0.01412	0.01827	0.01247	0.01849	0.00946	0.00691	0.00697	0.00230	0.00921	0.00620	0.00313	0.00804
2	0.04495	0.01361	0.02258	0.51535	0.23219	0.01581	0.01949	0.01894	0.01441	0.01974	0.01250	0.01795	0.00972	0.00675	0.00685	0.00225	0.00887	0.00611	0.00325	0.00867
3	0.01066	0.00731	0.00958	0.00891	0.01069	0.00672	0.00672	0.01393	0.01976	0.05306	0.68277	0.05109	0.06407	0.01406	0.00819	0.00219	0.00339	0.01242	0.00772	0.00678
4	0.80405	0.01350	0.01026	0.00918	0.01350	0.01565	0.00756	0.02051	0.01188	0.03131	0.00972	0.01134	0.00756	0.00648	0.00432	0.00216	0.00540	0.00378	0.00432	0.00756
5	0.01806	0.66697	0.12336	0.01295	0.01947	0.02616	0.01370	0.02105	0.01425	0.01714	0.01006	0.01164	0.00894	0.00605	0.00475	0.00158	0.00783	0.00391	0.00298	0.00913
6	0.01888	0.69623	0.03495	0.01228	0.01806	0.05421	0.01196	0.02192	0.04625	0.01704	0.01061	0.01194	0.00953	0.00618	0.00467	0.00155	0.00757	0.00395	0.00320	0.00902
7	0.01850	0.01554	0.01671	0.04204	0.01978	0.01790	0.01168	0.12901	0.57775	0.03086	0.02613	0.02443	0.01950	0.00922	0.00708	0.00233	0.00597	0.00760	0.00693	0.01104
8	0.01174	0.00959	0.01068	0.00997	0.01256	0.00977	0.00760	0.01975	0.23241	0.02562	0.30195	0.04843	0.24522	0.01378	0.00788	0.00230	0.00407	0.01176	0.00714	0.00778
9	0.80405	0.01350	0.01026	0.00918	0.01350	0.01565	0.00756	0.02051	0.01188	0.03131	0.00972	0.01134	0.00756	0.00648	0.00432	0.00216	0.00540	0.00378	0.00432	0.00756
10	0.80405	0.01350	0.01026	0.00918	0.01350	0.01565	0.00756	0.02051	0.01188	0.03131	0.00972	0.01134	0.00756	0.00648	0.00432	0.00216	0.00540	0.00378	0.00432	0.00756
11	0.01487	0.01264	0.01469	0.01053	0.01671	0.00971	0.00844	0.03998	0.01508	0.02345	0.01255	0.01455	0.01039	0.00528	0.00523	0.00107	0.00525	0.00421	0.00423	0.77116
12	0.03131	0.01188	0.01619	0.01242	0.01781	0.01026	0.01026	0.03401	0.01997	0.71606	0.02753	0.02375	0.01727	0.00864	0.00702	0.00216	0.00594	0.00702	0.00864	0.01188
13	0.01020	0.00727	0.00905	0.00852	0.01044	0.00655	0.00642	0.01314	0.01892	0.04775	0.54743	0.05450	0.20416	0.01483	0.00820	0.00223	0.00343	0.01290	0.00745	0.00660
14	0.02584	0.01920	0.02056	0.01592	0.02138	0.02132	0.01310	0.63913	0.08276	0.04287	0.01763	0.01745	0.01258	0.00846	0.00699	0.00211	0.00752	0.00640	0.00699	0.01181
15	0.01318	0.01240	0.02093	0.73798	0.04806	0.01550	0.01938	0.01783	0.01395	0.01783	0.01240	0.01860	0.00930	0.00698	0.00698	0.00233	0.00930	0.00620	0.00310	0.00775
16	0.01645	0.01856	0.03970	0.02948	0.06486	0.01777	0.62588	0.02205	0.01618	0.02211	0.01384	0.01859	0.01054	0.00619	0.00886	0.00237	0.04560	0.00805	0.00350	0.00940
17	0.00991	0.00713	0.00910	0.01021	0.01102	0.00692	0.00701	0.06272	0.01488	0.01986	0.03677	0.69288	0.04347	0.02081	0.00876	0.00278	0.00433	0.01878	0.00652	0.00615
18	0.01318	0.01240	0.02093	0.73798	0.04806	0.01550	0.01938	0.01783	0.01395	0.01783	0.01240	0.01860	0.00930	0.00698	0.00698	0.00233	0.00930	0.00620	0.00310	0.00775
19	0.00875	0.00637	0.00829	0.00961	0.01037	0.00591	0.00669	0.01030	0.01422	0.01880	0.08611	0.59140	0.11176	0.02077	0.00885	0.00277	0.00411	0.06256	0.00655	0.00580
20	0.00899	0.00766	0.00774	0.00762	0.01003	0.00678	0.00571	0.01207	0.06736	0.01948	0.06608	0.06343	0.63667	0.03839	0.00895	0.00248	0.00378	0.01408	0.00646	0.00623
21	0.01318	0.01240	0.02093	0.73798	0.04806	0.01550	0.01938	0.01783	0.01395	0.01783	0.01240	0.01860	0.00930	0.00698	0.00698	0.00233	0.00930	0.00620	0.00310	0.00775
22	0.00870	0.00726	0.00762	0.00762	0.00983	0.00630	0.00568	0.01113	0.03736	0.01994	0.12556	0.10959	0.58444	0.01738	0.00825	0.00237	0.00361	0.01466	0.00661	0.00610
23	0.00850	0.00607	0.00810	0.00972	0.01012	0.00567	0.00648	0.00972	0.01336	0.01781	0.03846	0.75020	0.04615	0.02186	0.00891	0.00283	0.00405	0.01984	0.00648	0.00567
24	0.01105	0.00789	0.01102	0.01263	0.01415	0.00786	0.01091	0.01412	0.01587	0.02067	0.03705	0.12625	0.04058	0.01946	0.00959	0.00319	0.00626	0.61864	0.00643	0.00637
25	0.01318	0.01240	0.02093	0.73798	0.04806	0.01550	0.01938	0.01783	0.01395	0.01783	0.01240	0.01860	0.00930	0.00698	0.00698	0.00233	0.00930	0.00620	0.00310	0.00775
26	0.01866	0.75896	0.03657	0.01194	0.01791	0.02761	0.01194	0.02090	0.01418	0.01642	0.00970	0.01119	0.00896	0.00597	0.00448	0.00149	0.00746	0.00373	0.00299	0.00896
27	0.00848	0.00616	0.00801	0.00949	0.01006	0.00569	0.00638	0.00974	0.01358	0.01790	0.04126	0.69094	0.10362	0.02150	0.00885	0.00279	0.00400	0.01939	0.00648	0.00569
28	0.00850	0.00607	0.00810	0.00972	0.01012	0.00567	0.00648	0.00972	0.01336	0.01781	0.03846	0.75020	0.04615	0.02186	0.00891	0.00283	0.00405	0.01984	0.00648	0.00567
29	0.00825	0.00707	0.00707	0.00707	0.00943	0.00589	0.00530	0.01001	0.01591	0.01885	0.07069	0.06716	0.70839	0.01767	0.00825	0.00236	0.00353	0.01473	0.00648	0.00589
30	0.80405	0.01350	0.01026	0.00918	0.01350	0.01565	0.00756	0.02051	0.01188	0.03131	0.00972	0.01134	0.00756	0.00648	0.00432	0.00216	0.00540	0.00378	0.00432	0.00756
31	0.00988	0.00713	0.00933	0.00878	0.01043	0.00658	0.00658	0.01317	0.01975	0.02798	0.70754	0.05213	0.06584	0.01427	0.00823	0.00219	0.00329	0.01262	0.00768	0.00658
32	0.02607	0.03326	0.01978	0.01798	0.02157	0.72674	0.01348	0.02787	0.01978	0.01708	0.01079	0.01258	0.00899	0.00719	0.00629	0.00180	0.01258	0.00449	0.00360	0.00809
33	0.00997	0.00748	0.01121	0.01121	0.01246	0.00872	0.00872	0.01246	0.01121	0.01620	0.01869	0.02741	0.01745	0.05234	0.72710	0.01121	0.01869	0.00748	0.00374	0.00623
34	0.00872	0.00624	0.00829	0.00957	0.01017	0.00581	0.00649	0.01026	0.01438	0.01943	0.14470	0.63936	0.04928	0.02066	0.00880	0.00273	0.00393	0.01869	0.00667	0.00581
35	0.01527	0.01527	0.02137	0.01832	0.01832	0.02137	0.01527	0.01679	0.01069	0.01679	0.00916	0.01527	0.00916	0.01221	0.02290	0.00305	0.74198	0.00611	0.00305	0.00763
36	0.02600	0.01904	0.02038	0.01568	0.02111	0.02105	0.01294	0.66164	0.03210	0.04328	0.01699	0.01712	0.01210	0.00837	0.00690	0.00208	0.00751	0.00629	0.03779	0.01166
37	0.01579	0.01614	0.02130	0.01830	0.01848	0.05576	0.01518	0.01733	0.01113	0.01681	0.00924	0.01514	0.00915	0.01197	0.02209	0.00299	0.70642	0.00603	0.00308	0.00766
38	0.80405	0.01350	0.01026	0.00918	0.01350	0.01565	0.00756	0.02051	0.01188	0.03131	0.00972	0.01134	0.00756	0.00648	0.00432	0.00216	0.00540	0.00378	0.00432	0.00756
39	0.00848	0.00617	0.00799	0.00945	0.01005	0.00569	0.00636	0.00975	0.01361	0.01792	0.04167	0.68221	0.11207	0.02145	0.00884	0.00279	0.00400	0.01933	0.00648	0.00569
40	0.03131	0.01188	0.01619	0.01242	0.01781	0.01026	0.01026	0.03401	0.01997	0.71606	0.02753	0.02375	0.01727	0.00864	0.00702	0.00216	0.00594	0.00702	0.00864	0.01188
41	0.01527	0.01527	0.02137	0.01832	0.01832	0.02137	0.01527	0.01679	0.01069	0.01679	0.00916	0.01527	0.00916	0.01221	0.02290	0.00305	0.74198	0.00611	0.00305	0.00763
42	0.01736	0.01499	0.01578	0.01420	0.01815	0.01736	0.01105	0.03708	0.69862	0.02919	0.02840	0.02604	0.02130	0.00947	0.00710	0.00237	0.00552	0.00789	0.00710	0.01105
43	0.01400	0.03610	0.71860	0.01989	0.03020	0.01621	0.02578	0.02210	0.01473	0.02210	0.01252	0.01473	0.00884	0.00663	0.00663	0.00221	0.01031	0.00516	0.00295	0.01031
44	0.00850	0.00607	0.00810	0.00972	0.01012	0.00567	0.00648	0.00972	0.01336	0.01781	0.03846	0.75020	0.04615	0.02186	0.00891	0.00283	0.00405	0.01984	0.00648	0.00567
45	0.01334	0.01250	0.02073	0.71041	0.04692	0.01557	0.01906	0.01856	0.04003	0.01826	0.01301	0.01889	0.00976	0.00707	0.00698	0.00233	0.00916	0.00627	0.00325	0.00788
46	0.00860	0.00615	0.00818	0.00965	0.01014	0.00573	0.00649	0.00996	0.01381	0.01853	0.08540	0.70123	0.04754	0.02133	0.00886	0.00279	0.00400	0.01933	0.00656	0.00573
47	0.01400	0.03610	0.71860	0.01989	0.03020	0.01621	0.02578	0.02210	0.01473	0.02210	0.01252	0.01473	0.00884	0.00663	0.00663	0.00221	0.01031	0.00516	0.00295	0.01031
48	0.02564	0.03245	0.02019	0.01919	0.05520	0.69212	0.01387	0.02755	0.01959	0.01736	0.01090	0.01281	0.00909	0.00714	0.00632	0.00181	0.01237	0.00458	0.00359	0.00823
49	0.00952	0.00691	0.00897	0.00890	0.01032	0.00636	0.00650	0.01231	0.01825	0.02546	0.54001	0.19768	0.09069	0.01600	0.00837	0.00233	0.00346	0.01421	0.00738	0.00636
50	0.01527	0.01527	0.02137	0.01832	0.01832	0.02137	0.01527	0.01679	0.01069	0.01679	0.00916	0.01527	0.00916	0.01221	0.02290	0.00305	0.74198	0.00611	0.00305	0.00763
51	0.00838	0.00707	0.00726	0.00721	0.00951	0.00595	0.00541	0.01028	0.01623	0.01961	0.12368	0.06591	0.65493	0.01739	0.00825	0.00234	0.00351	0.01455	0.00658	0.00595
52	0.02555	0.01860	0.01989	0.01536	0.02066	0.02054	0.01265	0.63917	0.03149	0.04267	0.01719	0.01743	0.01230	0.00836	0.00683	0.00206	0.00736	0.00630	0.06410	0.01148
53	0.01620	0.01235	0.01465	0.01055	0.01667	0.00940	0.00847	0.01926	0.01504	0.09408	0.01396	0.01543	0.01105	0.00552	0.00536	0.00115	0.00525	0.00443	0.00460	0.71659
54	0.00964	0.00708	0.00903	0.00864	0.01030	0.00647	0.00644	0.01267	0.01905	0.02654	0.60887	0.08518	0.13412	0.01497	0.00826	0.00224	0.00335	0.01317	0.00750	0.00647
55	0.01866	0.75896	0.03657	0.01194	0.01791	0.02761	0.01194	0.02090	0.01418	0.01642	0.00970	0.01119	0.00896	0.00597	0.00448	0.00149	0.00746	0.00373	0.00299	0.00896
56	0.01383	0.01307	0.02210	0.62761	0.15336	0.01567	0.01970	0.01840	0.01426	0.01862	0.01252	0.01839	0.00958	0.00686	0.00697	0.00229	0.00914	0.00620	0.00316	0.00828
57	0.01527	0.01527	0.02137	0.01832	0.01832	0.02137	0.01527	0.01679	0.01069	0.01679	0.00916	0.01527	0.00916	0.01221	0.02290	0.00305	0.74198	0.00611	0.00305	0.00763
58	0.00845	0.00708	0.00735	0.00728	0.00955	0.00598	0.00546	0.01040	0.01638	0.01997	0.14883	0.06531	0.62956	0.01726	0.00825	0.00234	0.00350	0.01447	0.00663	0.00598
59	0.01727	0.01658	0.02832	0.04283	0.71123	0.01658	0.02142	0.02142	0.01589	0.02280	0.01313	0.01727	0.01105	0.00622	0.00691	0.00207	0.00829	0.00622	0.00345	0.01105
60	0.00988	0.00713	0.00933	0.00878	0.01043	0.00658	0.00658	0.01317	0.01975	0.02798	0.70754	0.05213	0.06584	0.01427	0.00823	0.00219	0.00329	0.01262	0.00768	0.00658
61	0.80405	0.01350	0.01026	0.00918	0.01350	0.01565	0.00756	0.02051	0.01188	0.03131	0.00972	0.01134	0.00756	0.00648	0.00432	0.00216	0.00540	0.00378	0.00432	0.00756
62	0.00825	0.00707	0.00707	0.00707	0.00943	0.00589	0.00530	0.01001	0.01591	0.01885	0.07069	0.06716	0.70839	0.01767	0.00825	0.00236	0.00353	0.01473	0.00648	0.00589
63	0.00850	0.00607	0.00810	0.00972	0.01012	0.00567	0.00648	0.00972	0.01336	0.01781	0.03846	0.75020	0.04615	0.02186	0.00891	0.00283	0.00405	0.01984	0.00648	0.00567
64	0.80405	0.01350	0.01026	0.00918	0.01350	0.01565	0.00756	0.02051	0.01188	0.03131	0.00972	0.01134	0.00756	0.00648	0.00432	0.00216	0.00540	0.00378	0.00432	0.00756
65	0.02607	0.03326	0.01978	0.01798	0.02157	0.72674	0.01348	0.02787	0.01978	0.01708	0.01079	0.01258	0.00899	0.00719	0.00629	0.00180	0.01258	0.00449	0.00360	0.00809
66	0.03083	0.01198	0.01618	0.01248	0.01783	0.01050	0.01028	0.03411	0.04331	0.69244	0.02756	0.02383	0.01741	0.00867	0.00702	0.00217	0.00592	0.00705	0.00858	0.01185
67	0.03015	0.01218	0.01623	0.01250	0.01776	0.01084	0.01030	0.07514	0.02079	0.64549	0.05396	0.02443	0.01886	0.00884	0.00706	0.00216	0.00594	0.00719	0.00849	0.01166
68	0.01861	0.68860	0.03457	0.01220	0.01784	0.06082	0.01187	0.02084	0.01431	0.01644	0.01017	0.01202	0.00935	0.00819	0.03820	0.00196	0.00823	0.00394	0.00305	0.00879
69	0.01015	0.00677	0.00761	0.00761	0.00761	0.00677	0.00423	0.01015	0.01015	0.01353	0.02199	0.04567	0.02537	0.75476	0.03552	0.00677	0.00677	0.01015	0.00423	0.00423
70	0.03820	0.01533	0.01390	0.01300	0.01509	0.20119	0.00999	0.04759	0.01497	0.01910	0.04363	0.02352	0.01652	0.05662	0.35266	0.00657	0.04789	0.00670	0.05051	0.00704
71	0.10374	0.11392	0.49223	0.02007	0.09501	0.01748	0.02172	0.02172	0.01446	0.02256	0.01195	0.01420	0.00893	0.00650	0.00615	0.00211	0.00923	0.00495	0.00316	0.00992
72	0.02168	0.38411	0.05719	0.01361	0.01877	0.15480	0.01239	0.04350	0.01661	0.12917	0.01368	0.01465	0.01081	0.00708	0.00614	0.00177	0.03740	0.00476	0.04266	0.00923

[dist]
# distance from previous block
# <min> <max>
0	9

[block]
# block no. 6 follows, 30 sequences, length 157
# corresponding to MSA columns:
# 370-526
name=unknown_G
#
# <colnr> <probs for GDERKNQSTAVLIFYWHMCP>
#	G	D	E	R	K	N	Q	S	T	A	V	L	I	F	Y	W	H	M	C	P
0	0.02318	0.08996	0.01966	0.01599	0.01976	0.48513	0.01234	0.04849	0.12160	0.02035	0.01442	0.01561	0.01159	0.00754	0.00618	0.00185	0.01024	0.00514	0.06235	0.00861
1	0.01184	0.00924	0.01118	0.01226	0.01396	0.04097	0.01019	0.04047	0.01643	0.02095	0.03769	0.18565	0.08784	0.01861	0.00915	0.00298	0.00614	0.45156	0.00633	0.00655
2	0.01801	0.67539	0.05362	0.01327	0.04520	0.02586	0.01244	0.02044	0.01422	0.01689	0.01123	0.04542	0.01074	0.00673	0.00484	0.00160	0.00742	0.00461	0.00316	0.00892
3	0.01318	0.01240	0.02093	0.73798	0.04806	0.01550	0.01938	0.01783	0.01395	0.01783	0.01240	0.01860	0.00930	0.00698	0.00698	0.00233	0.00930	0.00620	0.00310	0.00775
4	0.01331	0.01266	0.02173	0.70983	0.04760	0.01559	0.04586	0.01801	0.01405	0.01801	0.01247	0.01861	0.00935	0.00693	0.00703	0.00233	0.00940	0.00628	0.00312	0.00782
5	0.01545	0.01741	0.05709	0.13496	0.09389	0.01641	0.46397	0.02077	0.01579	0.02141	0.01530	0.06578	0.01268	0.00713	0.00792	0.00235	0.01055	0.00841	0.00363	0.00909
6	0.01124	0.00803	0.01124	0.01285	0.01446	0.00803	0.01124	0.01446	0.01606	0.02088	0.03695	0.07871	0.04016	0.01928	0.00964	0.00321	0.00643	0.66426	0.00643	0.00643
7	0.01124	0.00803	0.01124	0.01285	0.01446	0.00803	0.01124	0.01446	0.01606	0.02088	0.03695	0.07871	0.04016	0.01928	0.00964	0.00321	0.00643	0.66426	0.00643	0.00643
8	0.00825	0.00707	0.00707	0.00707	0.00943	0.00589	0.00530	0.01001	0.01591	0.01885	0.07069	0.06716	0.70839	0.01767	0.00825	0.00236	0.00353	0.01473	0.00648	0.00589
9	0.03131	0.01188	0.01619	0.01242	0.01781	0.01026	0.01026	0.03401	0.01997	0.71606	0.02753	0.02375	0.01727	0.00864	0.00702	0.00216	0.00594	0.00702	0.00864	0.01188
10	0.01015	0.00677	0.00761	0.00761	0.00761	0.00677	0.00423	0.01015	0.01015	0.01353	0.02199	0.04567	0.02537	0.75476	0.03552	0.00677	0.00677	0.01015	0.00423	0.00423
11	0.01866	0.75896	0.03657	0.01194	0.01791	0.02761	0.01194	0.02090	0.01418	0.01642	0.00970	0.01119	0.00896	0.00597	0.00448	0.00149	0.00746	0.00373	0.00299	0.00896
12	0.01124	0.00803	0.01124	0.01285	0.01446	0.00803	0.01124	0.01446	0.01606	0.02088	0.03695	0.07871	0.04016	0.01928	0.00964	0.00321	0.00643	0.66426	0.00643	0.00643
13	0.01318	0.01240	0.02093	0.73798	0.04806	0.01550	0.01938	0.01783	0.01395	0.01783	0.01240	0.01860	0.00930	0.00698	0.00698	0.00233	0.00930	0.00620	0.00310	0.00775
14	0.01301	0.00650	0.00650	0.00650	0.00813	0.00650	0.00488	0.01626	0.01463	0.02602	0.02276	0.02602	0.01789	0.00813	0.00488	0.00163	0.00325	0.00650	0.79350	0.00650
