[name]
unknown

[dist]
# distance from previous block
# <min> <max>
33	101

[block]
# block no. 0 follows, 29 sequences, length 8
# corresponding to MSA columns:
# 103-110
name=unknown_A
#
# <colnr> <probs for GDERKNQSTAVLIFYWHMCP>
#	G	D	E	R	K	N	Q	S	T	A	V	L	I	F	Y	W	H	M	C	P
0	0.26161	0.14520	0.31076	0.01504	0.02232	0.05283	0.01671	0.02281	0.01458	0.06235	0.01218	0.01376	0.00912	0.00675	0.00568	0.00210	0.00835	0.00466	0.00380	0.00940
1	0.01590	0.11348	0.25336	0.02134	0.02803	0.01901	0.21766	0.02115	0.01468	0.02091	0.01224	0.01594	0.00972	0.00747	0.01013	0.00231	0.15157	0.00616	0.00328	0.05567
2	0.02124	0.01603	0.01685	0.01350	0.01845	0.06176	0.01077	0.25200	0.09063	0.10727	0.02273	0.07438	0.05414	0.00935	0.00686	0.00196	0.00662	0.00750	0.00632	0.20164
3	0.11012	0.01165	0.06354	0.03709	0.05146	0.01012	0.01041	0.01800	0.03508	0.09420	0.23612	0.09560	0.10085	0.01311	0.00773	0.00242	0.00540	0.08280	0.00641	0.00791
4	0.01974	0.01419	0.01611	0.01223	0.01756	0.01321	0.00978	0.22941	0.02097	0.09802	0.01915	0.02158	0.04467	0.06961	0.00879	0.00207	0.00623	0.00622	0.00572	0.36476
5	0.01926	0.06210	0.12748	0.06742	0.02215	0.01723	0.01400	0.29158	0.02197	0.03042	0.01679	0.04796	0.01391	0.06463	0.00946	0.00244	0.03257	0.00676	0.06202	0.06984
6	0.23855	0.09939	0.25057	0.01725	0.06779	0.06944	0.01658	0.11800	0.01729	0.02752	0.01222	0.01400	0.00927	0.00693	0.00592	0.00211	0.00846	0.00491	0.00408	0.00971
7	0.06348	0.07378	0.07063	0.07937	0.02202	0.16794	0.01320	0.15700	0.11375	0.02721	0.06804	0.02144	0.03667	0.00860	0.00665	0.00209	0.00813	0.00656	0.04407	0.00936

[dist]
# distance from previous block
# <min> <max>
19	32

[block]
# block no. 1 follows, 29 sequences, length 12
# corresponding to MSA columns:
# 148-159
name=unknown_B
#
# <colnr> <probs for GDERKNQSTAVLIFYWHMCP>
#	G	D	E	R	K	N	Q	S	T	A	V	L	I	F	Y	W	H	M	C	P
0	0.01793	0.13649	0.15988	0.02713	0.26206	0.07742	0.08801	0.05842	0.01731	0.02310	0.05518	0.01809	0.01377	0.00706	0.00679	0.00207	0.00911	0.00622	0.00384	0.01014
1	0.01987	0.01961	0.02302	0.08666	0.04689	0.13768	0.06101	0.16421	0.01826	0.02391	0.01210	0.01609	0.01010	0.00961	0.01391	0.00254	0.31519	0.00616	0.00413	0.00906
2	0.05657	0.01236	0.01544	0.10230	0.06135	0.01322	0.01143	0.12383	0.06210	0.06277	0.09446	0.07396	0.15379	0.01195	0.00851	0.00236	0.05140	0.03576	0.00593	0.04053
3	0.01918	0.14581	0.02717	0.09581	0.28388	0.16266	0.05348	0.04904	0.01714	0.02106	0.01379	0.05358	0.01218	0.00748	0.00669	0.00204	0.00926	0.00639	0.00375	0.00962
4	0.26506	0.01719	0.05258	0.07538	0.04371	0.05641	0.01234	0.20145	0.04153	0.08455	0.07045	0.01897	0.01535	0.00813	0.00632	0.00219	0.00712	0.00607	0.00560	0.00959
5	0.17430	0.01404	0.01551	0.08921	0.05885	0.04318	0.01121	0.16080	0.05438	0.07198	0.09295	0.06439	0.02018	0.00990	0.00736	0.02861	0.00648	0.00748	0.06028	0.00890
6	0.01242	0.00867	0.01045	0.01040	0.01168	0.00879	0.00748	0.10143	0.01584	0.02109	0.06733	0.21627	0.05301	0.25601	0.01884	0.05230	0.00596	0.11008	0.00578	0.00617
7	0.40114	0.01874	0.01561	0.10555	0.02134	0.17025	0.01143	0.10622	0.01718	0.05627	0.01215	0.01402	0.00922	0.00717	0.00565	0.00214	0.00794	0.00479	0.00461	0.00859
8	0.05997	0.01384	0.01725	0.05083	0.01849	0.03686	0.04522	0.13596	0.04176	0.02493	0.01594	0.02089	0.01343	0.04329	0.09121	0.02842	0.19227	0.00664	0.13463	0.00816
9	0.01440	0.01197	0.04765	0.01192	0.01449	0.01137	0.00929	0.18321	0.06067	0.02541	0.03157	0.34470	0.07401	0.11088	0.01182	0.00312	0.00582	0.01360	0.00630	0.00780
10	0.17672	0.00845	0.00929	0.00960	0.01138	0.00839	0.00680	0.01315	0.01352	0.02176	0.07060	0.42760	0.03523	0.08031	0.01011	0.00291	0.00471	0.01417	0.00583	0.06948
11	0.02296	0.16803	0.05136	0.01728	0.04457	0.34847	0.01382	0.09721	0.12735	0.02258	0.01446	0.01546	0.01155	0.00754	0.00630	0.00193	0.00991	0.00527	0.00445	0.00951

[dist]
# distance from previous block
# <min> <max>
9	20

[block]
# block no. 2 follows, 29 sequences, length 32
# corresponding to MSA columns:
# 180-211
name=unknown_C
#
# <colnr> <probs for GDERKNQSTAVLIFYWHMCP>
#	G	D	E	R	K	N	Q	S	T	A	V	L	I	F	Y	W	H	M	C	P
0	0.02590	0.01626	0.01853	0.01420	0.01962	0.01661	0.01158	0.39104	0.02642	0.21573	0.01972	0.02027	0.01411	0.04807	0.00847	0.00227	0.00699	0.00654	0.00705	0.11062
1	0.05065	0.29313	0.11027	0.01286	0.01738	0.03516	0.01243	0.01817	0.01463	0.01966	0.08244	0.02584	0.07007	0.01634	0.12015	0.00352	0.05214	0.03291	0.00411	0.00814
2	0.02120	0.02452	0.04823	0.01615	0.01986	0.36825	0.01290	0.06798	0.14259	0.02278	0.07184	0.02512	0.04511	0.00970	0.00765	0.00216	0.03459	0.04546	0.00510	0.00882
3	0.01423	0.00815	0.01088	0.01021	0.01244	0.00745	0.00788	0.01717	0.01892	0.15783	0.41466	0.14759	0.05228	0.01503	0.00840	0.00242	0.00430	0.07482	0.00773	0.00761
4	0.05364	0.00842	0.01038	0.00970	0.01204	0.00791	0.00733	0.01691	0.04234	0.12696	0.36394	0.16451	0.11873	0.01480	0.00809	0.00237	0.00411	0.01287	0.00745	0.00750
5	0.00976	0.00704	0.00879	0.00877	0.00995	0.00664	0.00614	0.01187	0.01624	0.02227	0.35780	0.15562	0.11985	0.17856	0.04600	0.00378	0.00497	0.01342	0.00658	0.00596
6	0.01428	0.01489	0.06363	0.56050	0.17186	0.01607	0.02055	0.01914	0.01466	0.01941	0.01280	0.01849	0.00980	0.00695	0.00709	0.00232	0.00936	0.00627	0.00322	0.00870
7	0.02078	0.02050	0.02040	0.12729	0.13230	0.21722	0.01479	0.17282	0.05666	0.02506	0.01526	0.01954	0.01260	0.06589	0.04571	0.00293	0.00999	0.00632	0.00461	0.00933
8	0.00978	0.00668	0.00865	0.00971	0.01057	0.00619	0.00669	0.01128	0.01447	0.04298	0.09206	0.54773	0.09553	0.06602	0.01063	0.00304	0.00436	0.04095	0.00664	0.00603
9	0.01355	0.01236	0.02046	0.51343	0.12861	0.01451	0.01827	0.01798	0.01512	0.01987	0.05849	0.02809	0.01699	0.00895	0.00751	0.00244	0.00863	0.08275	0.00390	0.00812
10	0.01726	0.01330	0.05751	0.05131	0.01802	0.01278	0.01095	0.02550	0.22960	0.15832	0.06592	0.05847	0.12974	0.06385	0.01051	0.00273	0.04902	0.00943	0.00653	0.00926
11	0.01932	0.01346	0.01548	0.01302	0.01673	0.01409	0.01021	0.31343	0.02279	0.08230	0.02477	0.17798	0.04525	0.05448	0.08668	0.00350	0.00776	0.00992	0.00642	0.06239
12	0.05764	0.01171	0.01456	0.01237	0.01652	0.01139	0.00993	0.02961	0.16103	0.37613	0.09686	0.08172	0.02660	0.01111	0.00749	0.00237	0.00557	0.04912	0.00789	0.01041
13	0.01447	0.00866	0.01095	0.01049	0.01241	0.00829	0.00762	0.07420	0.01755	0.13173	0.17958	0.34068	0.04153	0.09392	0.01132	0.00300	0.00489	0.01429	0.00703	0.00740
14	0.02399	0.01811	0.01950	0.01545	0.02063	0.01989	0.01255	0.51074	0.13561	0.03998	0.01994	0.05763	0.01543	0.00930	0.00716	0.00217	0.00716	0.00730	0.00697	0.05048
15	0.01143	0.00875	0.01014	0.00977	0.01203	0.00855	0.00744	0.01697	0.13375	0.03958	0.28163	0.08645	0.24281	0.04160	0.00931	0.00259	0.00427	0.05854	0.00712	0.00727
16	0.01683	0.01129	0.01304	0.01172	0.01414	0.01172	0.00861	0.23085	0.01983	0.07803	0.02718	0.28708	0.02842	0.19003	0.01477	0.00355	0.00614	0.01239	0.00640	0.00797
17	0.01639	0.01771	0.08722	0.18740	0.39645	0.01679	0.05437	0.02285	0.08699	0.02276	0.01487	0.01871	0.01177	0.00688	0.00713	0.00223	0.00875	0.00653	0.00380	0.01039
18	0.02203	0.01476	0.12445	0.01301	0.01804	0.01072	0.01195	0.02669	0.05868	0.36800	0.16608	0.08328	0.02900	0.01075	0.00751	0.00228	0.00603	0.00908	0.00744	0.01022
19	0.02201	0.01362	0.01588	0.01308	0.01732	0.01389	0.01066	0.29108	0.02466	0.19198	0.11479	0.06048	0.09721	0.01187	0.00775	0.00232	0.00616	0.06768	0.00748	0.01006
20	0.09752	0.01699	0.01684	0.05749	0.04973	0.11697	0.01188	0.14092	0.13604	0.07870	0.02664	0.02671	0.12789	0.01003	0.00800	0.00227	0.05252	0.00765	0.00578	0.00941
21	0.06151	0.07149	0.34621	0.03807	0.10301	0.01676	0.15463	0.02152	0.01571	0.02327	0.06876	0.01892	0.01429	0.00715	0.00699	0.00222	0.00952	0.00649	0.00367	0.00980
22	0.01208	0.00629	0.00885	0.00893	0.00910	0.00627	0.00592	0.01007	0.01010	0.01407	0.01562	0.06039	0.01589	0.09071	0.02562	0.60883	0.00589	0.00731	0.07439	0.00366
23	0.00936	0.00665	0.00883	0.01018	0.01085	0.00632	0.00721	0.01098	0.01430	0.01911	0.08763	0.53303	0.04598	0.07844	0.01129	0.00322	0.00467	0.11959	0.00651	0.00586
24	0.01456	0.03034	0.50463	0.02059	0.02951	0.01612	0.13020	0.02286	0.06206	0.02318	0.04100	0.01984	0.03775	0.00753	0.00718	0.00229	0.00992	0.00660	0.00370	0.01012
25	0.01492	0.01379	0.02202	0.54854	0.11653	0.01672	0.01910	0.05491	0.03957	0.02053	0.01335	0.01879	0.01026	0.00753	0.00813	0.00238	0.05434	0.00639	0.00356	0.00862
26	0.01622	0.01647	0.02758	0.02384	0.09453	0.04385	0.23066	0.01896	0.01352	0.01906	0.01182	0.01758	0.01037	0.01098	0.01673	0.09493	0.31448	0.00688	0.00333	0.00821
27	0.01640	0.01605	0.04919	0.30037	0.34997	0.01680	0.02006	0.05443	0.06426	0.02286	0.01438	0.01865	0.01130	0.00700	0.00708	0.00224	0.00869	0.00642	0.00381	0.01002
28	0.01477	0.01266	0.01477	0.01055	0.01687	0.00949	0.00844	0.01793	0.01477	0.02320	0.01266	0.01477	0.01055	0.00527	0.00527	0.00105	0.00527	0.00422	0.00422	0.79328
29	0.00997	0.00730	0.00919	0.01018	0.01109	0.00717	0.00716	0.01284	0.06517	0.01946	0.07628	0.45672	0.06559	0.11922	0.01266	0.00339	0.00483	0.08920	0.00641	0.00615
30	0.01081	0.00712	0.00855	0.00880	0.00975	0.00670	0.00586	0.01192	0.01359	0.05461	0.08633	0.23437	0.13530	0.32731	0.02032	0.00444	0.00536	0.03737	0.00585	0.00564
31	0.01665	0.20332	0.01875	0.01148	0.01513	0.05830	0.00961	0.04893	0.05798	0.09306	0.19790	0.08041	0.10533	0.01191	0.00715	0.00214	0.00589	0.04162	0.00610	0.00835

[dist]
# distance from previous block
# <min> <max>
4	33

[block]
# block no. 3 follows, 29 sequences, length 69
# corresponding to MSA columns:
# 245-313
name=unknown_D
#
# <colnr> <probs for GDERKNQSTAVLIFYWHMCP>
#	G	D	E	R	K	N	Q	S	T	A	V	L	I	F	Y	W	H	M	C	P
0	0.01741	0.01949	0.04602	0.02491	0.27311	0.20423	0.01509	0.02050	0.01740	0.02115	0.08760	0.02902	0.14556	0.00983	0.00790	0.00215	0.03717	0.00806	0.00451	0.00888
1	0.09347	0.01230	0.01554	0.01224	0.01734	0.01133	0.01004	0.05608	0.04666	0.54846	0.05135	0.02592	0.04804	0.00925	0.00703	0.00222	0.00586	0.00743	0.00819	0.01127
2	0.01443	0.01242	0.01810	0.41987	0.03427	0.01492	0.01542	0.06828	0.08155	0.02189	0.01938	0.02371	0.05471	0.01173	0.05765	0.00297	0.04447	0.00715	0.06886	0.00821
3	0.14519	0.50456	0.05549	0.01241	0.01776	0.02396	0.01197	0.02113	0.01392	0.04530	0.01073	0.01267	0.00934	0.00734	0.00677	0.02682	0.05813	0.00424	0.00349	0.00879
4	0.01203	0.03264	0.01289	0.01194	0.01326	0.06462	0.00914	0.01414	0.01270	0.01727	0.03848	0.12017	0.02186	0.08492	0.41424	0.00784	0.07140	0.00910	0.02486	0.00651
5	0.01126	0.00751	0.00958	0.00892	0.01070	0.00691	0.00659	0.01412	0.01885	0.06590	0.54595	0.05187	0.10400	0.09329	0.01131	0.00275	0.00391	0.01242	0.00743	0.00673
6	0.01558	0.01555	0.02459	0.27020	0.10521	0.06115	0.17277	0.05229	0.03756	0.02194	0.04747	0.04872	0.07799	0.00874	0.00761	0.00232	0.00903	0.00829	0.00428	0.00871
7	0.01498	0.01673	0.15003	0.01741	0.08549	0.01344	0.01462	0.02442	0.22759	0.04810	0.06566	0.09001	0.02706	0.01229	0.00793	0.00257	0.00684	0.15948	0.00595	0.00940
8	0.01735	0.01664	0.02841	0.08903	0.66215	0.01685	0.02172	0.02161	0.01608	0.02293	0.01335	0.01771	0.01116	0.00640	0.00705	0.00213	0.00853	0.00634	0.00350	0.01106
9	0.03736	0.00765	0.00869	0.00853	0.01034	0.00716	0.00624	0.01275	0.03688	0.02263	0.28731	0.08623	0.28168	0.11955	0.01223	0.00302	0.00423	0.03458	0.00667	0.00625
10	0.01450	0.05678	0.19776	0.16535	0.08238	0.01563	0.17888	0.02001	0.01615	0.02231	0.11249	0.02490	0.01931	0.00821	0.00750	0.00231	0.00919	0.03321	0.00405	0.00906
11	0.01558	0.01651	0.03199	0.04861	0.02983	0.01735	0.40607	0.02072	0.04184	0.02114	0.01574	0.04356	0.01347	0.01183	0.06270	0.00324	0.15844	0.02874	0.00383	0.00880
12	0.02495	0.01121	0.01468	0.01201	0.01635	0.01028	0.00963	0.02961	0.09310	0.46828	0.15383	0.07299	0.02903	0.01078	0.00751	0.00227	0.00540	0.00910	0.00833	0.01065
13	0.01053	0.00802	0.01232	0.01184	0.01327	0.00901	0.03851	0.01304	0.01179	0.01699	0.01988	0.05258	0.01901	0.09469	0.59880	0.01016	0.01698	0.00823	0.02799	0.00636
14	0.01477	0.01266	0.01477	0.01055	0.01687	0.00949	0.00844	0.01793	0.01477	0.02320	0.01266	0.01477	0.01055	0.00527	0.00527	0.00105	0.00527	0.00422	0.00422	0.79328
15	0.00922	0.00725	0.00833	0.00806	0.01011	0.00635	0.00605	0.01178	0.01814	0.02376	0.37759	0.06108	0.39417	0.01635	0.00841	0.00232	0.00349	0.01398	0.00721	0.00635
16	0.01100	0.00750	0.00958	0.00893	0.01082	0.00684	0.00670	0.01407	0.01947	0.06063	0.58599	0.05303	0.12440	0.03854	0.00925	0.00241	0.00363	0.01272	0.00765	0.00684
17	0.01014	0.00731	0.00942	0.04573	0.01212	0.00724	0.00699	0.03460	0.01441	0.01939	0.11644	0.43112	0.04150	0.19182	0.01524	0.00370	0.00509	0.01580	0.00607	0.00588
18	0.01625	0.01584	0.02472	0.34038	0.36122	0.05102	0.02016	0.02119	0.04089	0.02102	0.01354	0.01831	0.01079	0.00685	0.00706	0.00222	0.00902	0.00632	0.00351	0.00967
19	0.01253	0.00665	0.00989	0.00974	0.00974	0.00695	0.00665	0.00966	0.00936	0.01260	0.01222	0.02135	0.01222	0.02413	0.02761	0.75408	0.04203	0.00619	0.00309	0.00332
20	0.00915	0.00691	0.00843	0.00949	0.01055	0.00645	0.00660	0.01130	0.04110	0.01882	0.04589	0.49894	0.20105	0.05209	0.01006	0.00295	0.00428	0.04337	0.00653	0.00602
21	0.05058	0.00929	0.01250	0.01467	0.07216	0.00937	0.01114	0.01595	0.04143	0.02233	0.07925	0.06564	0.08041	0.04861	0.01019	0.00313	0.00624	0.43383	0.00621	0.00707
22	0.01546	0.01570	0.02445	0.02009	0.02131	0.02045	0.12149	0.01779	0.01188	0.01801	0.01072	0.01688	0.01007	0.01380	0.06143	0.00348	0.57910	0.00666	0.00323	0.00800
23	0.01001	0.00681	0.00782	0.00807	0.00825	0.00669	0.00472	0.01028	0.01113	0.01473	0.02727	0.15587	0.05955	0.60413	0.03078	0.00608	0.00633	0.01210	0.00477	0.00462
24	0.67794	0.01314	0.01095	0.03116	0.01470	0.01499	0.00804	0.02083	0.01284	0.06400	0.03874	0.01537	0.01129	0.03484	0.00597	0.00239	0.00562	0.00469	0.00472	0.00777
25	0.02627	0.02980	0.02089	0.01913	0.05556	0.52154	0.01410	0.18234	0.02312	0.02419	0.01256	0.01408	0.00997	0.00757	0.00662	0.00192	0.01144	0.00510	0.00448	0.00931
26	0.00861	0.00722	0.00749	0.00742	0.00974	0.00610	0.00557	0.01060	0.01670	0.02035	0.14757	0.06669	0.62631	0.01762	0.00841	0.00238	0.00358	0.01477	0.00676	0.00610
27	0.01019	0.00755	0.00972	0.01079	0.01236	0.00716	0.00874	0.01269	0.01595	0.02054	0.08767	0.18143	0.19752	0.04315	0.01015	0.00306	0.00529	0.34321	0.00659	0.00624
28	0.00876	0.00631	0.00816	0.00961	0.01012	0.00587	0.00639	0.00996	0.01360	0.01798	0.04038	0.65765	0.08891	0.06675	0.01071	0.00311	0.00427	0.01929	0.00647	0.00571
29	0.00866	0.00625	0.00821	0.00978	0.01029	0.00580	0.00655	0.00993	0.01376	0.01823	0.04089	0.71120	0.07993	0.02209	0.00905	0.00287	0.00410	0.01998	0.00661	0.00580
30	0.00879	0.00632	0.00824	0.00965	0.01020	0.00588	0.00646	0.01010	0.01391	0.01851	0.06883	0.65361	0.07996	0.05063	0.01010	0.00300	0.00418	0.01927	0.00657	0.00578
31	0.02619	0.01842	0.02005	0.01555	0.02084	0.02011	0.01271	0.58576	0.03095	0.09209	0.01874	0.03819	0.01406	0.04221	0.00849	0.00238	0.00756	0.00701	0.00711	0.01159
32	0.01053	0.00765	0.01029	0.01162	0.01310	0.00741	0.00960	0.01327	0.01610	0.02100	0.08773	0.20602	0.10981	0.01966	0.00945	0.00304	0.00557	0.42513	0.00666	0.00636
33	0.01035	0.00723	0.00906	0.00883	0.01038	0.00663	0.00638	0.01284	0.01772	0.04465	0.43577	0.14529	0.14466	0.09471	0.01144	0.00285	0.00396	0.01370	0.00716	0.00640
34	0.01237	0.00618	0.00928	0.00928	0.00928	0.00618	0.00618	0.00928	0.00928	0.01237	0.01237	0.02165	0.01237	0.02474	0.02783	0.79283	0.00618	0.00618	0.00309	0.00309
35	0.00868	0.00620	0.00826	0.00991	0.01033	0.00578	0.00661	0.00991	0.01363	0.01818	0.03925	0.74510	0.04710	0.02231	0.00909	0.00289	0.00413	0.02024	0.00661	0.00578
36	0.01904	0.75404	0.03731	0.01218	0.01828	0.02818	0.01218	0.02132	0.01447	0.01675	0.00990	0.01142	0.00914	0.00609	0.00457	0.00152	0.00761	0.00381	0.00305	0.00914
37	0.01302	0.00666	0.00673	0.00673	0.00825	0.00666	0.00492	0.01606	0.01454	0.02546	0.02316	0.02826	0.01890	0.07163	0.00765	0.00211	0.00362	0.00695	0.72223	0.00644
38	0.02584	0.01304	0.01596	0.01301	0.01778	0.01290	0.01049	0.06319	0.22530	0.42072	0.05286	0.02580	0.02051	0.00925	0.00714	0.00224	0.00580	0.00759	0.03913	0.01144
39	0.00878	0.00654	0.00809	0.00914	0.01009	0.00595	0.00625	0.01026	0.01459	0.01902	0.09457	0.51177	0.19951	0.04801	0.00990	0.00288	0.00406	0.01813	0.00661	0.00585
40	0.01345	0.01266	0.02136	0.73264	0.04904	0.01582	0.01978	0.01819	0.01424	0.01819	0.01266	0.01898	0.00949	0.00712	0.00712	0.00237	0.00949	0.00633	0.00316	0.00791
41	0.80005	0.01377	0.01047	0.00936	0.01377	0.01597	0.00771	0.02093	0.01212	0.03195	0.00991	0.01157	0.00771	0.00661	0.00441	0.00220	0.00551	0.00386	0.00441	0.00771
42	0.00898	0.00719	0.00770	0.00791	0.00978	0.00632	0.00579	0.01059	0.01520	0.01850	0.05995	0.09995	0.51057	0.13268	0.01291	0.00320	0.00439	0.06637	0.00625	0.00578
43	0.01812	0.61538	0.16791	0.01375	0.02070	0.02593	0.01491	0.02156	0.01458	0.01787	0.01046	0.01212	0.00912	0.00622	0.00499	0.00166	0.00818	0.00409	0.00304	0.00941
44	0.02707	0.01995	0.02137	0.01638	0.02208	0.02208	0.01353	0.68159	0.03348	0.04488	0.01710	0.01710	0.01211	0.00855	0.00712	0.00214	0.00784	0.00641	0.00712	0.01211
45	0.01016	0.00689	0.00784	0.00792	0.00810	0.00679	0.00459	0.01044	0.01116	0.01484	0.05083	0.09061	0.05552	0.64861	0.03243	0.00630	0.00647	0.01124	0.00468	0.00456
46	0.00992	0.00697	0.00872	0.00935	0.01074	0.00631	0.00673	0.01184	0.01585	0.04775	0.16661	0.39315	0.20982	0.01920	0.00876	0.00265	0.00406	0.04838	0.00692	0.00630
47	0.01341	0.01149	0.01851	0.59229	0.04117	0.01404	0.01691	0.01788	0.01437	0.01981	0.01470	0.02045	0.01119	0.00735	0.00671	0.00224	0.00830	0.00639	0.15514	0.00766
48	0.01120	0.00800	0.01115	0.01280	0.01431	0.00796	0.01099	0.01427	0.01612	0.02100	0.03786	0.14645	0.04159	0.01993	0.00976	0.00324	0.00632	0.59402	0.00656	0.00648
49	0.77255	0.01373	0.01085	0.03465	0.01500	0.01597	0.00813	0.02084	0.01219	0.03147	0.01001	0.01183	0.00777	0.00663	0.00450	0.00221	0.00565	0.00394	0.00436	0.00772
50	0.01672	0.01417	0.01537	0.01427	0.01792	0.01620	0.01130	0.03417	0.58511	0.02844	0.03037	0.03510	0.02479	0.01125	0.00766	0.00255	0.00578	0.11117	0.00714	0.01052
51	0.04593	0.01475	0.01598	0.01403	0.01831	0.01651	0.01103	0.03678	0.56426	0.13679	0.02821	0.02570	0.02062	0.00943	0.00714	0.00237	0.00570	0.00777	0.00740	0.01129
52	0.02658	0.01966	0.02111	0.01615	0.02188	0.02159	0.01333	0.65543	0.03274	0.04402	0.01692	0.01700	0.01205	0.00842	0.00705	0.00209	0.00773	0.00632	0.00701	0.04290
53	0.00978	0.00690	0.00779	0.00795	0.00853	0.00660	0.00489	0.01042	0.01229	0.01600	0.06438	0.12792	0.16087	0.49532	0.02663	0.00538	0.00580	0.01246	0.00517	0.00491
54	0.00996	0.00674	0.00788	0.00827	0.00836	0.00664	0.00485	0.01025	0.01112	0.01482	0.02635	0.20929	0.03083	0.58032	0.02992	0.00597	0.00626	0.01266	0.00485	0.00466
55	0.02565	0.01827	0.01988	0.01563	0.02092	0.02006	0.01277	0.52660	0.11445	0.09482	0.02022	0.04371	0.01495	0.00918	0.00721	0.00220	0.00729	0.00715	0.00726	0.01179
56	0.00967	0.00726	0.00896	0.00853	0.01039	0.00655	0.00640	0.01266	0.01920	0.02629	0.54878	0.05691	0.22140	0.01540	0.00840	0.00228	0.00342	0.01340	0.00754	0.00655
57	0.00899	0.00729	0.00806	0.00842	0.01052	0.00637	0.00651	0.01105	0.01624	0.01990	0.09255	0.12032	0.52154	0.01845	0.00869	0.00257	0.00410	0.11567	0.00666	0.00611
58	0.01237	0.00618	0.00928	0.00928	0.00928	0.00618	0.00618	0.00928	0.00928	0.01237	0.01237	0.02165	0.01237	0.02474	0.02783	0.79283	0.00618	0.00618	0.00309	0.00309
59	0.01268	0.00664	0.00710	0.00710	0.00830	0.00664	0.00498	0.01478	0.01358	0.02293	0.02200	0.02952	0.01898	0.13789	0.01267	0.08193	0.00422	0.00723	0.57496	0.00588
60	0.35511	0.01732	0.01674	0.01340	0.01855	0.01949	0.01106	0.40122	0.02441	0.03939	0.01405	0.01475	0.01024	0.00773	0.00597	0.00217	0.00685	0.00533	0.00597	0.01024
61	0.00927	0.00738	0.00836	0.00840	0.01040	0.00660	0.00625	0.01204	0.03838	0.02200	0.23498	0.14834	0.41081	0.01741	0.00849	0.00244	0.00375	0.03138	0.00696	0.00635
62	0.00961	0.00664	0.00825	0.00917	0.00948	0.00644	0.00591	0.01043	0.01235	0.01644	0.03166	0.39082	0.03726	0.34586	0.02122	0.00470	0.00552	0.05747	0.00559	0.00518
63	0.02707	0.01995	0.02137	0.01638	0.02208	0.02208	0.01353	0.68159	0.03348	0.04488	0.01710	0.01710	0.01211	0.00855	0.00712	0.00214	0.00784	0.00641	0.00712	0.01211
64	0.01419	0.00827	0.01077	0.01002	0.01219	0.00767	0.00749	0.01756	0.04524	0.15299	0.39461	0.18379	0.05074	0.04021	0.00922	0.00253	0.00423	0.01300	0.00763	0.00764
65	0.00911	0.00714	0.00786	0.00779	0.00959	0.00630	0.00558	0.01097	0.01612	0.02048	0.20709	0.08549	0.42840	0.13169	0.01278	0.00309	0.00408	0.01399	0.00653	0.00590
66	0.03022	0.01488	0.01824	0.01398	0.01956	0.01457	0.01155	0.26314	0.02501	0.47530	0.02421	0.02171	0.01568	0.00872	0.00715	0.00218	0.00669	0.00690	0.00822	0.01212
67	0.01543	0.00895	0.01245	0.01303	0.01541	0.00863	0.01128	0.01861	0.01716	0.15450	0.03584	0.06948	0.03647	0.01757	0.00932	0.00307	0.00646	0.53170	0.00699	0.00763
68	0.01347	0.00850	0.01020	0.00926	0.01188	0.00775	0.00707	0.01711	0.05952	0.13325	0.31891	0.05192	0.26926	0.03897	0.00906	0.00246	0.00413	0.01232	0.00743	0.00754

[dist]
# distance from previous block
# <min> <max>
0	1

[block]
# block no. 4 follows, 29 sequences, length 109
# corresponding to MSA columns:
# 315-423
name=unknown_E
#
# <colnr> <probs for GDERKNQSTAVLIFYWHMCP>
#	G	D	E	R	K	N	Q	S	T	A	V	L	I	F	Y	W	H	M	C	P
0	0.01232	0.00982	0.01410	0.01764	0.14400	0.00971	0.01196	0.01604	0.03866	0.02217	0.10610	0.06108	0.10594	0.04930	0.01012	0.00299	0.00625	0.34829	0.00605	0.00746
1	0.06608	0.01045	0.01147	0.01077	0.01284	0.01103	0.00769	0.08880	0.13848	0.02287	0.02583	0.18749	0.02673	0.27317	0.01765	0.00402	0.00600	0.02958	0.00571	0.04334
2	0.01762	0.01692	0.02890	0.04371	0.70533	0.01692	0.02185	0.02185	0.01621	0.02326	0.01339	0.01762	0.01128	0.00634	0.00705	0.00211	0.00846	0.00634	0.00352	0.01128
3	0.01036	0.00690	0.00777	0.00777	0.00777	0.00690	0.00431	0.01036	0.01036	0.01381	0.02244	0.04660	0.02589	0.74975	0.03624	0.00690	0.00690	0.01036	0.00431	0.00431
4	0.00886	0.00655	0.00834	0.00970	0.01057	0.00603	0.00680	0.01037	0.01433	0.01863	0.04501	0.56814	0.16410	0.02132	0.00903	0.00284	0.00424	0.07264	0.00661	0.00589
5	0.01097	0.00753	0.00934	0.00961	0.01131	0.00695	0.00707	0.01376	0.04184	0.06671	0.20114	0.31485	0.19910	0.01800	0.00862	0.00259	0.00415	0.05270	0.00706	0.00672
6	0.01010	0.00785	0.00928	0.00898	0.01106	0.00730	0.00686	0.01403	0.06344	0.02497	0.39858	0.05837	0.28221	0.01574	0.00842	0.00237	0.00379	0.05258	0.00730	0.00677
7	0.04188	0.00910	0.01084	0.01108	0.01267	0.00926	0.00795	0.13657	0.01750	0.02403	0.05421	0.55973	0.03966	0.01890	0.00852	0.00270	0.00485	0.01681	0.00666	0.00707
8	0.10639	0.01052	0.01322	0.01089	0.01490	0.00966	0.00875	0.02531	0.01927	0.38715	0.25072	0.03403	0.05725	0.01081	0.00732	0.00222	0.00502	0.00898	0.00794	0.00964
9	0.01678	0.00891	0.01144	0.01032	0.01309	0.00807	0.00791	0.03812	0.01844	0.23286	0.22616	0.18021	0.13177	0.03525	0.00893	0.00253	0.00467	0.02879	0.00758	0.00817
10	0.02255	0.01188	0.01476	0.01220	0.01633	0.01158	0.00975	0.07827	0.14457	0.33500	0.22484	0.03261	0.03249	0.01063	0.00754	0.00225	0.00533	0.00894	0.00811	0.01038
11	0.02584	0.01102	0.01469	0.01178	0.01621	0.00983	0.00948	0.02938	0.04832	0.50924	0.17837	0.03145	0.02911	0.03157	0.00828	0.00236	0.00546	0.00857	0.00840	0.01065
12	0.01160	0.00755	0.00959	0.00988	0.01126	0.00713	0.00701	0.04316	0.01650	0.06811	0.19017	0.42692	0.07110	0.04794	0.00965	0.00277	0.00432	0.01600	0.03266	0.00669
13	0.01154	0.00850	0.00999	0.00949	0.01182	0.00810	0.00724	0.01645	0.10534	0.05645	0.33426	0.08560	0.25482	0.01528	0.00828	0.00238	0.00400	0.03585	0.00732	0.00729
14	0.56845	0.01338	0.01221	0.01036	0.01497	0.01460	0.00852	0.04689	0.01505	0.18889	0.03828	0.01612	0.01221	0.00746	0.00528	0.00220	0.00564	0.00502	0.00564	0.00885
15	0.00925	0.00672	0.00839	0.00900	0.00996	0.00622	0.00616	0.01095	0.01525	0.02046	0.21687	0.37451	0.13603	0.12148	0.01262	0.00322	0.00425	0.01622	0.00661	0.00586
16	0.00989	0.00680	0.00809	0.00845	0.00874	0.00669	0.00517	0.01047	0.01175	0.01571	0.05540	0.20779	0.05432	0.49890	0.05678	0.00583	0.00652	0.01278	0.00504	0.00489
17	0.01168	0.00878	0.01008	0.00975	0.01197	0.00858	0.00723	0.01724	0.14451	0.05143	0.22280	0.16732	0.24348	0.04117	0.00921	0.00259	0.00423	0.01353	0.00707	0.00734
18	0.80005	0.01377	0.01047	0.00936	0.01377	0.01597	0.00771	0.02093	0.01212	0.03195	0.00991	0.01157	0.00771	0.00661	0.00441	0.00220	0.00551	0.00386	0.00441	0.00771
19	0.01008	0.00679	0.00785	0.00812	0.00819	0.00672	0.00469	0.01028	0.01090	0.01453	0.02521	0.16168	0.02938	0.62990	0.03177	0.00624	0.00645	0.01198	0.00469	0.00456
20	0.01524	0.01070	0.01243	0.01147	0.01456	0.01096	0.00906	0.02391	0.24720	0.11083	0.18974	0.04678	0.16238	0.01346	0.00803	0.00245	0.00490	0.08973	0.00737	0.00878
21	0.00998	0.00700	0.00851	0.00895	0.01041	0.00628	0.00633	0.01177	0.01571	0.05192	0.16112	0.35332	0.25048	0.05211	0.00991	0.00278	0.00405	0.01633	0.00682	0.00624
22	0.20101	0.01282	0.01531	0.01211	0.01732	0.01227	0.00997	0.04982	0.04358	0.51685	0.02380	0.02132	0.01543	0.00835	0.00655	0.00221	0.00597	0.00644	0.00773	0.01111
23	0.01285	0.00960	0.01125	0.01082	0.01299	0.00965	0.00820	0.13131	0.04753	0.02569	0.16734	0.25450	0.15229	0.04359	0.00948	0.00271	0.00493	0.07102	0.00688	0.00737
24	0.00953	0.00663	0.00858	0.00958	0.01053	0.00608	0.00662	0.01120	0.01508	0.03987	0.14237	0.55095	0.11585	0.02031	0.00886	0.00272	0.00402	0.01822	0.00686	0.00613
25	0.15969	0.00915	0.01000	0.00983	0.01200	0.00946	0.00733	0.01658	0.09461	0.02610	0.28426	0.22409	0.08129	0.01471	0.00769	0.00243	0.00424	0.01266	0.00673	0.00715
26	0.00995	0.00752	0.00926	0.00929	0.01092	0.00709	0.00678	0.01363	0.06269	0.02442	0.38184	0.23375	0.16259	0.01681	0.00850	0.00245	0.00375	0.01482	0.00728	0.00666
27	0.03049	0.01180	0.01606	0.01242	0.01767	0.01022	0.01022	0.03328	0.02037	0.66477	0.07304	0.02617	0.02093	0.00920	0.00724	0.00221	0.00588	0.00754	0.00875	0.01176
28	0.01315	0.00805	0.00929	0.00864	0.01127	0.00696	0.00650	0.01512	0.01682	0.15018	0.11592	0.10688	0.42525	0.06153	0.00995	0.00267	0.00429	0.01344	0.00700	0.00711
29	0.01874	0.01387	0.01520	0.01269	0.01632	0.01492	0.00997	0.32350	0.09751	0.03377	0.15293	0.06198	0.07165	0.07660	0.01002	0.00264	0.00603	0.00931	0.04296	0.00939
30	0.57586	0.01504	0.01331	0.01116	0.01592	0.01697	0.00920	0.16965	0.01745	0.08011	0.01273	0.01365	0.00936	0.00719	0.00520	0.00219	0.00607	0.00465	0.00531	0.00899
31	0.04639	0.00984	0.01105	0.01035	0.01314	0.00985	0.00787	0.02049	0.18277	0.09461	0.16335	0.14448	0.22886	0.01454	0.00793	0.00242	0.00446	0.01240	0.00712	0.00809
32	0.01513	0.01069	0.01249	0.01079	0.01374	0.01068	0.00843	0.18460	0.02280	0.06202	0.38308	0.06500	0.14486	0.01350	0.00804	0.00226	0.00469	0.01150	0.00748	0.00821
33	0.00981	0.00697	0.00867	0.00909	0.00973	0.00700	0.00609	0.01088	0.01211	0.01612	0.03106	0.19662	0.09775	0.35764	0.15591	0.00629	0.00826	0.03966	0.00504	0.00528
34	0.00868	0.00620	0.00826	0.00991	0.01033	0.00578	0.00661	0.00991	0.01363	0.01818	0.03925	0.74510	0.04710	0.02231	0.00909	0.00289	0.00413	0.02024	0.00661	0.00578
35	0.01237	0.00618	0.00928	0.00928	0.00928	0.00618	0.00618	0.00928	0.00928	0.01237	0.01237	0.02165	0.01237	0.02474	0.02783	0.79283	0.00618	0.00618	0.00309	0.00309
36	0.00973	0.00673	0.00813	0.00876	0.00912	0.00652	0.00554	0.01048	0.01230	0.01636	0.05423	0.29555	0.05940	0.41193	0.02363	0.00502	0.00567	0.04039	0.00542	0.00507
37	0.01028	0.00759	0.01128	0.01128	0.01256	0.00882	0.00876	0.01285	0.01157	0.01688	0.01922	0.02792	0.01782	0.05183	0.69658	0.01110	0.01852	0.00759	0.03117	0.00637
38	0.80005	0.01377	0.01047	0.00936	0.01377	0.01597	0.00771	0.02093	0.01212	0.03195	0.00991	0.01157	0.00771	0.00661	0.00441	0.00220	0.00551	0.00386	0.00441	0.00771
39	0.02468	0.01888	0.02111	0.15158	0.02701	0.05219	0.01460	0.49970	0.02870	0.06628	0.01644	0.01756	0.01171	0.00823	0.00709	0.00217	0.00830	0.00634	0.00629	0.01114
40	0.01036	0.00690	0.00777	0.00777	0.00777	0.00690	0.00431	0.01036	0.01036	0.01381	0.02244	0.04660	0.02589	0.74975	0.03624	0.00690	0.00690	0.01036	0.00431	0.00431
41	0.01237	0.00618	0.00928	0.00928	0.00928	0.00618	0.00618	0.00928	0.00928	0.01237	0.01237	0.02165	0.01237	0.02474	0.02783	0.79283	0.00618	0.00618	0.00309	0.00309
42	0.01913	0.01393	0.01543	0.01370	0.01773	0.01536	0.01080	0.03454	0.50928	0.13769	0.05042	0.03100	0.04897	0.01044	0.00743	0.00242	0.00560	0.03783	0.00746	0.01086
43	0.01966	0.01453	0.01594	0.01402	0.01820	0.01622	0.01099	0.03653	0.56554	0.13522	0.05161	0.02711	0.02264	0.00970	0.00727	0.00238	0.00562	0.00808	0.00751	0.01125
44	0.06732	0.00953	0.01157	0.01089	0.01332	0.00946	0.00833	0.07195	0.04666	0.12168	0.22306	0.23169	0.04100	0.03891	0.00901	0.00264	0.00492	0.06311	0.00711	0.00783
45	0.01104	0.00698	0.00897	0.00977	0.01066	0.00655	0.00669	0.01229	0.01376	0.07229	0.03606	0.47117	0.06654	0.17402	0.01467	0.00369	0.00500	0.05750	0.00630	0.00603
46	0.00957	0.00697	0.00841	0.00851	0.00967	0.00645	0.00585	0.01140	0.01574	0.02116	0.28873	0.18510	0.17271	0.19990	0.01547	0.00356	0.00443	0.01404	0.00650	0.00581
47	0.00984	0.00725	0.00837	0.00837	0.01035	0.00633	0.00617	0.01198	0.01694	0.04951	0.22533	0.18413	0.39473	0.01754	0.00848	0.00244	0.00374	0.01509	0.00701	0.00640
48	0.00938	0.00678	0.00791	0.00839	0.00916	0.00635	0.00543	0.01039	0.01334	0.01736	0.08408	0.26754	0.18675	0.31224	0.01977	0.00435	0.00507	0.01462	0.00577	0.00531
49	0.01277	0.00902	0.01045	0.01032	0.01190	0.00914	0.00731	0.13737	0.01709	0.02317	0.03325	0.38404	0.08086	0.14452	0.01307	0.00332	0.00521	0.01451	0.06586	0.00680
50	0.71131	0.01358	0.01117	0.00975	0.01428	0.01534	0.00803	0.02252	0.01307	0.11031	0.01201	0.01303	0.00886	0.00686	0.00472	0.00220	0.00557	0.00424	0.00492	0.00822
51	0.80005	0.01377	0.01047	0.00936	0.01377	0.01597	0.00771	0.02093	0.01212	0.03195	0.00991	0.01157	0.00771	0.00661	0.00441	0.00220	0.00551	0.00386	0.00441	0.00771
52	0.01189	0.00721	0.00958	0.01033	0.01165	0.00663	0.00743	0.01364	0.01523	0.10590	0.08128	0.52770	0.07435	0.01972	0.00883	0.00277	0.00449	0.06771	0.00696	0.00671
53	0.02733	0.01136	0.01519	0.01232	0.01687	0.01012	0.00988	0.05979	0.01971	0.54895	0.02969	0.16004	0.02294	0.01135	0.00752	0.00233	0.00578	0.00960	0.00832	0.01092
54	0.01032	0.00704	0.00846	0.00846	0.00870	0.00728	0.00518	0.01080	0.01056	0.01432	0.02180	0.04308	0.02436	0.61825	0.16566	0.00776	0.00920	0.00984	0.00422	0.00470
55	0.01339	0.01089	0.01448	0.14941	0.04367	0.01187	0.01224	0.05477	0.13773	0.02329	0.05447	0.12409	0.08819	0.01445	0.00837	0.00270	0.00645	0.21552	0.00602	0.00798
56	0.01004	0.00722	0.00903	0.01003	0.01072	0.00715	0.00689	0.01245	0.05841	0.01818	0.03403	0.43930	0.03920	0.20959	0.01609	0.00394	0.00523	0.09059	0.00605	0.00586
57	0.05187	0.01854	0.02353	0.05633	0.27464	0.03964	0.01658	0.34585	0.04653	0.03402	0.01548	0.01735	0.01176	0.00760	0.00698	0.00214	0.00812	0.00629	0.00543	0.01132
58	0.01549	0.01546	0.02179	0.04841	0.01996	0.02156	0.01575	0.01718	0.01104	0.01718	0.00948	0.01572	0.00935	0.01224	0.02269	0.00308	0.70645	0.00624	0.00312	0.00779
59	0.01460	0.08470	0.66777	0.01975	0.02998	0.01731	0.02537	0.02247	0.01500	0.02216	0.01259	0.01479	0.00903	0.00672	0.00662	0.00221	0.01033	0.00516	0.00301	0.01043
60	0.01345	0.01266	0.02136	0.73264	0.04904	0.01582	0.01978	0.01819	0.01424	0.01819	0.01266	0.01898	0.00949	0.00712	0.00712	0.00237	0.00949	0.00633	0.00316	0.00791
61	0.00983	0.00695	0.00865	0.00909	0.01052	0.00627	0.00649	0.01185	0.01632	0.04586	0.23115	0.36289	0.21060	0.01864	0.00866	0.00257	0.00386	0.01646	0.00703	0.00632
62	0.03195	0.01212	0.01652	0.01267	0.01818	0.01047	0.01047	0.03470	0.02038	0.71026	0.02809	0.02424	0.01763	0.00881	0.00716	0.00220	0.00606	0.00716	0.00881	0.01212
63	0.00894	0.00640	0.00850	0.00973	0.01039	0.00596	0.00663	0.01058	0.01486	0.02014	0.16433	0.61444	0.05089	0.02084	0.00896	0.00277	0.00399	0.01885	0.00684	0.00596
64	0.01036	0.00718	0.00861	0.00913	0.00957	0.00709	0.00577	0.04067	0.01288	0.01719	0.02977	0.36013	0.03482	0.38815	0.02268	0.00488	0.00570	0.01463	0.00548	0.00533
65	0.00926	0.00747	0.00828	0.00817	0.01029	0.00664	0.00609	0.01217	0.04271	0.02224	0.24937	0.10769	0.45028	0.01700	0.00841	0.00239	0.00365	0.01449	0.00699	0.00640
66	0.01770	0.01193	0.01350	0.01197	0.01562	0.01232	0.00941	0.05705	0.28356	0.15863	0.08166	0.06419	0.18311	0.01252	0.00773	0.00240	0.00518	0.03453	0.00739	0.00959
67	0.01890	0.01679	0.01671	0.01486	0.01898	0.06265	0.01158	0.08021	0.60582	0.03001	0.02705	0.02506	0.02030	0.00944	0.00718	0.00236	0.00624	0.00772	0.00701	0.01114
68	0.01165	0.00783	0.00987	0.00961	0.01148	0.00726	0.00717	0.03814	0.01845	0.07068	0.36691	0.21774	0.14224	0.01644	0.00848	0.00244	0.00403	0.03525	0.00738	0.00695
69	0.01017	0.00763	0.01144	0.01144	0.01272	0.00890	0.00890	0.01272	0.01144	0.01653	0.01907	0.02797	0.01780	0.05340	0.72153	0.01144	0.01907	0.00763	0.00381	0.00636
70	0.02729	0.01959	0.02115	0.01621	0.02190	0.02155	0.01339	0.65182	0.03288	0.07549	0.01760	0.01742	0.01236	0.00856	0.00712	0.00214	0.00775	0.00645	0.00720	0.01211
71	0.00983	0.00732	0.00918	0.00887	0.01069	0.00667	0.00676	0.01287	0.01913	0.02622	0.53249	0.05801	0.19357	0.01558	0.00849	0.00234	0.00361	0.05429	0.00751	0.00657
72	0.01018	0.00760	0.01131	0.01131	0.01253	0.00883	0.00873	0.01263	0.01140	0.01643	0.01920	0.02866	0.01810	0.07896	0.69639	0.01128	0.01863	0.00773	0.00383	0.00628
73	0.01633	0.00958	0.00990	0.00879	0.01135	0.01006	0.00687	0.16382	0.01904	0.03061	0.02187	0.02445	0.01689	0.00835	0.00545	0.00176	0.00432	0.00659	0.61611	0.00785
74	0.03195	0.01212	0.01652	0.01267	0.01818	0.01047	0.01047	0.03470	0.02038	0.71026	0.02809	0.02424	0.01763	0.00881	0.00716	0.00220	0.00606	0.00716	0.00881	0.01212
75	0.01256	0.00732	0.01131	0.05871	0.05839	0.00750	0.00814	0.01074	0.01033	0.01383	0.01409	0.06523	0.01422	0.02221	0.02395	0.64052	0.00643	0.00706	0.00334	0.00412
76	0.04642	0.01462	0.01539	0.03773	0.01819	0.06152	0.01079	0.12405	0.25687	0.10831	0.08131	0.10546	0.04736	0.01136	0.00746	0.00236	0.00623	0.02791	0.00687	0.00979
77	0.01026	0.00753	0.01111	0.01117	0.01242	0.00868	0.00864	0.01279	0.01168	0.01705	0.02002	0.05483	0.01892	0.05019	0.66222	0.01068	0.01780	0.00806	0.03962	0.00635
78	0.01160	0.00790	0.01020	0.00941	0.01140	0.00742	0.00713	0.01569	0.05073	0.06538	0.63468	0.05042	0.06245	0.01402	0.00828	0.00225	0.00361	0.01235	0.00786	0.00722
79	0.80005	0.01377	0.01047	0.00936	0.01377	0.01597	0.00771	0.02093	0.01212	0.03195	0.00991	0.01157	0.00771	0.00661	0.00441	0.00220	0.00551	0.00386	0.00441	0.00771
80	0.03980	0.00645	0.00932	0.00928	0.00943	0.00653	0.00624	0.00968	0.00938	0.01305	0.01228	0.02129	0.01221	0.02411	0.02701	0.76529	0.00616	0.00610	0.00314	0.00325
81	0.00883	0.00648	0.00822	0.00954	0.01031	0.00598	0.00655	0.01020	0.01404	0.01831	0.04371	0.57771	0.15028	0.05178	0.01015	0.00300	0.00427	0.04832	0.00651	0.00579
82	0.76695	0.01372	0.01092	0.03980	0.01525	0.01597	0.00822	0.02082	0.01221	0.03137	0.01003	0.01188	0.00779	0.00663	0.00452	0.00221	0.00568	0.00396	0.00435	0.00772
83	0.00876	0.00631	0.00831	0.00975	0.01032	0.00586	0.00657	0.01018	0.01419	0.01895	0.08726	0.67084	0.07312	0.02160	0.00901	0.00283	0.00406	0.01953	0.00670	0.00586
84	0.00881	0.00664	0.00805	0.00892	0.01004	0.00599	0.00616	0.01037	0.01492	0.01934	0.11412	0.44436	0.24453	0.05087	0.00996	0.00285	0.00401	0.01753	0.00664	0.00588
85	0.01095	0.00701	0.00891	0.00947	0.01034	0.00661	0.00642	0.01227	0.01404	0.06440	0.10329	0.38638	0.05939	0.22079	0.01638	0.00389	0.00503	0.04226	0.00625	0.00594
86	0.32990	0.01243	0.01360	0.01107	0.01591	0.01233	0.00909	0.02778	0.01700	0.39939	0.04340	0.02182	0.04042	0.00847	0.00617	0.00221	0.00567	0.00634	0.00698	0.01001
87	0.00928	0.00645	0.00808	0.00914	0.00940	0.00619	0.00578	0.01007	0.01245	0.01660	0.03317	0.49266	0.03943	0.28521	0.01890	0.00434	0.00513	0.01667	0.00578	0.00525
88	0.02598	0.03294	0.01985	0.01808	0.02166	0.69428	0.01357	0.02784	0.01985	0.01739	0.01131	0.01341	0.00950	0.00908	0.03341	0.00220	0.01308	0.00470	0.00367	0.00818
89	0.00872	0.00626	0.00820	0.00973	0.01021	0.00583	0.00648	0.00994	0.01363	0.01807	0.04000	0.69346	0.07299	0.04729	0.01000	0.00301	0.00421	0.01969	0.00653	0.00574
90	0.02828	0.01799	0.02016	0.01546	0.02111	0.01919	0.01277	0.52038	0.03021	0.21070	0.01984	0.01888	0.01348	0.00861	0.00713	0.00215	0.00739	0.00660	0.00754	0.01211
91	0.01036	0.00690	0.00777	0.00777	0.00777	0.00690	0.00431	0.01036	0.01036	0.01381	0.02244	0.04660	0.02589	0.74975	0.03624	0.00690	0.00690	0.01036	0.00431	0.00431
92	0.00861	0.00717	0.00742	0.00744	0.00964	0.00608	0.00550	0.01043	0.01618	0.01962	0.11095	0.08890	0.61339	0.04541	0.00948	0.00258	0.00373	0.01488	0.00661	0.00599
93	0.02707	0.01995	0.02137	0.01638	0.02208	0.02208	0.01353	0.68159	0.03348	0.04488	0.01710	0.01710	0.01211	0.00855	0.00712	0.00214	0.00784	0.00641	0.00712	0.01211
94	0.04960	0.01910	0.02029	0.01590	0.02132	0.02127	0.01303	0.56993	0.12625	0.04234	0.01856	0.01827	0.01334	0.00865	0.00706	0.00218	0.00745	0.00656	0.00706	0.01185
95	0.01904	0.75404	0.03731	0.01218	0.01828	0.02818	0.01218	0.02132	0.01447	0.01675	0.00990	0.01142	0.00914	0.00609	0.00457	0.00152	0.00761	0.00381	0.00305	0.00914
96	0.02248	0.01002	0.01287	0.01057	0.01462	0.00871	0.00848	0.02514	0.01909	0.41914	0.13102	0.03850	0.18104	0.01169	0.00749	0.00222	0.00497	0.00972	0.05258	0.00966
97	0.00868	0.00620	0.00826	0.00991	0.01033	0.00578	0.00661	0.00991	0.01363	0.01818	0.03925	0.74510	0.04710	0.02231	0.00909	0.00289	0.00413	0.02024	0.00661	0.00578
98	0.00862	0.00719	0.00754	0.00769	0.00990	0.00611	0.00577	0.01050	0.01623	0.01963	0.09484	0.11349	0.60730	0.01824	0.00851	0.00246	0.00374	0.03953	0.00666	0.00605
99	0.01072	0.00771	0.01033	0.01027	0.01121	0.00847	0.00736	0.03486	0.01198	0.01670	0.02149	0.08174	0.02229	0.28463	0.41816	0.00902	0.01358	0.00935	0.00428	0.00583
100	0.01014	0.00698	0.00815	0.00819	0.00855	0.00697	0.00498	0.01068	0.01141	0.01524	0.05692	0.07148	0.07296	0.58007	0.09281	0.00665	0.00750	0.01089	0.00467	0.00477
101	0.00891	0.00630	0.00819	0.00961	0.00996	0.00594	0.00628	0.00998	0.01317	0.01756	0.03686	0.64607	0.04409	0.12545	0.01294	0.00346	0.00452	0.01884	0.00628	0.00558
102	0.01675	0.01630	0.02645	0.23868	0.49493	0.04116	0.02098	0.02104	0.01579	0.02162	0.01310	0.01784	0.01070	0.00660	0.00705	0.00218	0.00891	0.00628	0.00343	0.01022
103	0.02517	0.05187	0.02190	0.02157	0.11518	0.58239	0.01481	0.04855	0.01991	0.01910	0.01150	0.01359	0.00955	0.00721	0.00648	0.00187	0.01193	0.00486	0.00374	0.00882
104	0.02291	0.02686	0.02065	0.02169	0.13994	0.45613	0.01449	0.05104	0.06536	0.02044	0.01691	0.01857	0.05678	0.00823	0.00723	0.00201	0.03165	0.00594	0.00420	0.00897
105	0.01025	0.00769	0.00900	0.00901	0.01112	0.00698	0.00692	0.01328	0.04118	0.04234	0.23032	0.11780	0.35835	0.01708	0.00855	0.00250	0.00407	0.08992	0.00702	0.00661
106	0.02446	0.18849	0.02395	0.01703	0.02105	0.53944	0.01350	0.02638	0.01852	0.01727	0.01069	0.01266	0.00917	0.00730	0.00680	0.00183	0.04502	0.00449	0.00351	0.00842
107	0.01596	0.07277	0.30524	0.02506	0.03350	0.01808	0.38054	0.02261	0.01596	0.02232	0.01348	0.01707	0.01000	0.00631	0.00752	0.00229	0.01114	0.00688	0.00333	0.00994
108	0.01673	0.01851	0.03421	0.10491	0.03398	0.05916	0.43844	0.02157	0.01576	0.02116	0.01319	0.01807	0.01034	0.00712	0.01020	0.00241	0.11818	0.00744	0.00351	0.04513

[dist]
# distance from previous block
# <min> <max>
9	24

[block]
# block no. 5 follows, 29 sequences, length 6
# corresponding to MSA columns:
# 448-453
name=unknown_F
#
# <colnr> <probs for GDERKNQSTAVLIFYWHMCP>
#	G	D	E	R	K	N	Q	S	T	A	V	L	I	F	Y	W	H	M	C	P
0	0.01711	0.01149	0.03182	0.03253	0.01594	0.01092	0.00968	0.11167	0.07008	0.14640	0.24629	0.09901	0.03699	0.06067	0.00971	0.00262	0.00550	0.04403	0.00710	0.03046
1	0.01735	0.01757	0.02062	0.06745	0.02193	0.11800	0.04810	0.04831	0.01484	0.02045	0.01134	0.01546	0.00986	0.00884	0.01327	0.00223	0.30844	0.00556	0.00371	0.22668
2	0.07549	0.06202	0.01675	0.03377	0.01797	0.11035	0.01003	0.02516	0.04078	0.24354	0.01863	0.02094	0.01430	0.08354	0.00924	0.00233	0.00705	0.00600	0.00565	0.19645
3	0.13348	0.01860	0.02172	0.01661	0.02228	0.02020	0.08098	0.48796	0.02811	0.07612	0.01641	0.01692	0.01166	0.00803	0.00688	0.00218	0.00785	0.00630	0.00647	0.01124
4	0.01792	0.01232	0.01385	0.01176	0.01483	0.01300	0.00895	0.24025	0.05795	0.08453	0.02802	0.03480	0.11332	0.22373	0.08892	0.00450	0.00787	0.00900	0.00607	0.00843
5	0.12898	0.11841	0.01899	0.01314	0.01745	0.01850	0.01083	0.31497	0.05327	0.03189	0.01795	0.02511	0.01575	0.12588	0.01119	0.00291	0.00714	0.05252	0.00570	0.00942

[dist]
