[name]
unknown

[dist]
# distance from previous block
# <min> <max>
0	32

[block]
# block no. 0 follows, 28 sequences, length 9
# corresponding to MSA columns:
# 34-42
name=unknown_A
#
# <colnr> <probs for GDERKNQSTAVLIFYWHMCP>
#	G	D	E	R	K	N	Q	S	T	A	V	L	I	F	Y	W	H	M	C	P
0	0.02326	0.01150	0.01494	0.01306	0.01694	0.01091	0.01066	0.11040	0.02048	0.34911	0.03133	0.15706	0.02768	0.01377	0.00825	0.00261	0.00621	0.15395	0.00787	0.01000
1	0.02241	0.01431	0.01695	0.01259	0.01869	0.01262	0.01025	0.15890	0.02058	0.21195	0.01811	0.01818	0.01305	0.00705	0.00629	0.00162	0.00614	0.00558	0.00619	0.41856
2	0.01330	0.01104	0.01318	0.01058	0.01532	0.00861	0.00808	0.01596	0.01474	0.02222	0.02068	0.22223	0.02143	0.01035	0.00650	0.00161	0.00505	0.00898	0.00500	0.56514
3	0.01507	0.01400	0.02201	0.50909	0.13807	0.01664	0.01903	0.02249	0.12790	0.02131	0.01583	0.02048	0.01206	0.00759	0.00728	0.00239	0.00888	0.00676	0.00398	0.00915
4	0.00873	0.00719	0.00768	0.00793	0.01000	0.00614	0.00581	0.01057	0.01635	0.02001	0.10410	0.18184	0.55064	0.01894	0.00871	0.00253	0.00376	0.01611	0.00682	0.00614
5	0.00886	0.00633	0.00843	0.01012	0.01054	0.00590	0.00675	0.01012	0.01392	0.01856	0.04006	0.73979	0.04808	0.02277	0.00928	0.00295	0.00422	0.02066	0.00675	0.00590
6	0.00886	0.00633	0.00843	0.01012	0.01054	0.00590	0.00675	0.01012	0.01392	0.01856	0.04006	0.73979	0.04808	0.02277	0.00928	0.00295	0.00422	0.02066	0.00675	0.00590
7	0.01481	0.00809	0.00856	0.00807	0.00996	0.00822	0.00592	0.04744	0.04495	0.05890	0.02379	0.03000	0.01979	0.13251	0.01076	0.00268	0.00445	0.00749	0.54650	0.00711
8	0.79588	0.01406	0.01068	0.00956	0.01406	0.01631	0.00787	0.02137	0.01237	0.03261	0.01012	0.01181	0.00787	0.00675	0.00450	0.00225	0.00562	0.00394	0.00450	0.00787

[dist]
# distance from previous block
# <min> <max>
0	1

[block]
# block no. 1 follows, 28 sequences, length 8
# corresponding to MSA columns:
# 44-51
name=unknown_B
#
# <colnr> <probs for GDERKNQSTAVLIFYWHMCP>
#	G	D	E	R	K	N	Q	S	T	A	V	L	I	F	Y	W	H	M	C	P
0	0.01253	0.00840	0.01081	0.00986	0.01232	0.00739	0.00740	0.01549	0.01863	0.08192	0.42754	0.17034	0.05271	0.01450	0.00815	0.00224	0.00407	0.01280	0.00734	0.11559
1	0.01112	0.00837	0.01143	0.04767	0.01424	0.00835	0.03238	0.06332	0.01554	0.02077	0.05834	0.51872	0.04034	0.09893	0.01200	0.00327	0.00537	0.01700	0.00629	0.00654
2	0.79588	0.01406	0.01068	0.00956	0.01406	0.01631	0.00787	0.02137	0.01237	0.03261	0.01012	0.01181	0.00787	0.00675	0.00450	0.00225	0.00562	0.00394	0.00450	0.00787
3	0.01574	0.01534	0.02077	0.48763	0.03985	0.07177	0.01780	0.02293	0.13613	0.02057	0.01554	0.02002	0.01191	0.00818	0.00853	0.00245	0.06548	0.00663	0.00402	0.00871
4	0.00922	0.00657	0.00863	0.00981	0.01044	0.00615	0.00662	0.01080	0.01491	0.02019	0.15743	0.57216	0.05042	0.06694	0.01090	0.00309	0.00425	0.01867	0.00683	0.00598
5	0.02371	0.05790	0.02275	0.02159	0.10376	0.44877	0.01531	0.05236	0.01872	0.01958	0.01143	0.01432	0.00978	0.00831	0.00971	0.00214	0.14194	0.00525	0.00374	0.00891
6	0.01589	0.01713	0.03539	0.02587	0.03147	0.01656	0.51439	0.02065	0.01562	0.02129	0.01589	0.02445	0.01373	0.13998	0.01459	0.00332	0.05246	0.00881	0.00378	0.00872
7	0.00886	0.00633	0.00843	0.01012	0.01054	0.00590	0.00675	0.01012	0.01392	0.01856	0.04006	0.73979	0.04808	0.02277	0.00928	0.00295	0.00422	0.02066	0.00675	0.00590

[dist]
# distance from previous block
# <min> <max>
0	7

[block]
# block no. 2 follows, 28 sequences, length 112
# corresponding to MSA columns:
# 59-170
name=unknown_C
#
# <colnr> <probs for GDERKNQSTAVLIFYWHMCP>
#	G	D	E	R	K	N	Q	S	T	A	V	L	I	F	Y	W	H	M	C	P
0	0.01154	0.00860	0.00904	0.00891	0.00939	0.04506	0.00555	0.01219	0.01179	0.01568	0.04726	0.04309	0.02589	0.57305	0.10710	0.00688	0.00844	0.00990	0.03558	0.00503
1	0.01750	0.01669	0.02838	0.04278	0.66244	0.01666	0.02148	0.02166	0.01641	0.02347	0.01508	0.05652	0.01347	0.00735	0.00731	0.00220	0.00840	0.00723	0.00377	0.01121
2	0.01447	0.01332	0.02180	0.68915	0.04860	0.01649	0.01985	0.05361	0.01558	0.02003	0.01316	0.01928	0.00983	0.00735	0.00727	0.00241	0.00960	0.00646	0.00345	0.00830
3	0.01064	0.00786	0.00999	0.00938	0.01125	0.00743	0.00706	0.01492	0.05595	0.02886	0.63641	0.05344	0.08974	0.01473	0.00851	0.00230	0.00356	0.01297	0.00792	0.00708
4	0.02252	0.01908	0.02580	0.01970	0.02507	0.06328	0.19060	0.33468	0.02560	0.06016	0.06983	0.04804	0.01763	0.00910	0.00832	0.00231	0.03359	0.00804	0.00604	0.01060
5	0.02694	0.02128	0.05838	0.01694	0.02302	0.02224	0.01451	0.64016	0.03317	0.04459	0.01722	0.01734	0.01219	0.00863	0.00725	0.00219	0.00815	0.00648	0.00705	0.01228
6	0.01029	0.00743	0.00972	0.00914	0.01086	0.00686	0.00686	0.01372	0.02058	0.02915	0.69536	0.05430	0.06859	0.01486	0.00857	0.00229	0.00343	0.01315	0.00800	0.00686
7	0.02688	0.03123	0.02066	0.01820	0.02234	0.55854	0.01390	0.14989	0.04946	0.02352	0.01312	0.01447	0.01043	0.00781	0.00672	0.00195	0.01186	0.00517	0.00455	0.00928
8	0.01799	0.01727	0.02950	0.04462	0.69919	0.01727	0.02231	0.02231	0.01655	0.02375	0.01367	0.01799	0.01151	0.00648	0.00720	0.00216	0.00864	0.00648	0.00360	0.01151
9	0.02825	0.01938	0.02121	0.01626	0.02205	0.02108	0.01343	0.59622	0.03253	0.12687	0.01883	0.01835	0.01306	0.00876	0.00728	0.00219	0.00778	0.00664	0.00748	0.01236
10	0.03200	0.01251	0.01685	0.01301	0.01857	0.01100	0.01072	0.03556	0.04899	0.67568	0.02872	0.02484	0.01817	0.00903	0.00731	0.00226	0.00617	0.00735	0.00893	0.01233
11	0.79588	0.01406	0.01068	0.00956	0.01406	0.01631	0.00787	0.02137	0.01237	0.03261	0.01012	0.01181	0.00787	0.00675	0.00450	0.00225	0.00562	0.00394	0.00450	0.00787
12	0.01514	0.01314	0.01597	0.01141	0.01790	0.00997	0.03010	0.01846	0.01514	0.02367	0.01298	0.01522	0.01078	0.00541	0.00549	0.00112	0.00561	0.00444	0.00429	0.76377
13	0.01057	0.00705	0.00793	0.00793	0.00793	0.00705	0.00440	0.01057	0.01057	0.01409	0.02290	0.04757	0.02643	0.74454	0.03700	0.00705	0.00705	0.01057	0.00440	0.00440
14	0.01943	0.74891	0.03809	0.01244	0.01866	0.02876	0.01244	0.02177	0.01477	0.01710	0.01011	0.01166	0.00933	0.00622	0.00466	0.00155	0.00777	0.00389	0.00311	0.00933
15	0.03245	0.01263	0.01703	0.01305	0.01868	0.01106	0.01078	0.05582	0.02123	0.68324	0.02832	0.02451	0.01781	0.00899	0.00731	0.00225	0.00624	0.00729	0.00894	0.01237
16	0.00901	0.00645	0.00858	0.01001	0.01058	0.00601	0.00676	0.01052	0.01465	0.01973	0.11261	0.66390	0.05035	0.02190	0.00920	0.00288	0.00413	0.01983	0.00689	0.00601
17	0.00925	0.00664	0.00817	0.00922	0.00980	0.00622	0.00601	0.01027	0.01343	0.01759	0.04012	0.48153	0.12614	0.20158	0.01608	0.00391	0.00485	0.01747	0.00617	0.00556
18	0.01355	0.00678	0.00678	0.00678	0.00847	0.00678	0.00508	0.01694	0.01524	0.02710	0.02371	0.02710	0.01863	0.00847	0.00508	0.00169	0.00339	0.00678	0.78489	0.00678
19	0.01029	0.00743	0.00972	0.00914	0.01086	0.00686	0.00686	0.01372	0.02058	0.02915	0.69536	0.05430	0.06859	0.01486	0.00857	0.00229	0.00343	0.01315	0.00800	0.00686
20	0.79588	0.01406	0.01068	0.00956	0.01406	0.01631	0.00787	0.02137	0.01237	0.03261	0.01012	0.01181	0.00787	0.00675	0.00450	0.00225	0.00562	0.00394	0.00450	0.00787
21	0.01716	0.01961	0.04289	0.03064	0.03799	0.01838	0.67279	0.02328	0.01716	0.02328	0.01471	0.01961	0.01103	0.00613	0.00858	0.00245	0.01225	0.00858	0.00368	0.00980
22	0.01057	0.00705	0.00793	0.00793	0.00793	0.00705	0.00440	0.01057	0.01057	0.01409	0.02290	0.04757	0.02643	0.74454	0.03700	0.00705	0.00705	0.01057	0.00440	0.00440
23	0.01057	0.00705	0.00793	0.00793	0.00793	0.00705	0.00440	0.01057	0.01057	0.01409	0.02290	0.04757	0.02643	0.74454	0.03700	0.00705	0.00705	0.01057	0.00440	0.00440
24	0.01507	0.01292	0.01507	0.01077	0.01723	0.00969	0.00861	0.01830	0.01507	0.02369	0.01292	0.01507	0.01077	0.00538	0.00538	0.00108	0.00538	0.00431	0.00431	0.78898
25	0.01982	0.63040	0.09469	0.01343	0.01992	0.05473	0.01369	0.02269	0.01528	0.04368	0.01111	0.01253	0.00965	0.00644	0.00504	0.00166	0.00819	0.00418	0.00335	0.00953
26	0.02667	0.02158	0.06509	0.01686	0.02285	0.04923	0.01447	0.56387	0.05208	0.06757	0.01772	0.01772	0.01256	0.00861	0.00723	0.00219	0.00824	0.00648	0.00693	0.01208
27	0.01892	0.01446	0.04144	0.01246	0.01798	0.01255	0.01038	0.14146	0.06631	0.11280	0.10291	0.02422	0.04290	0.00841	0.00666	0.00176	0.00589	0.00686	0.00613	0.34550
28	0.01620	0.27492	0.48374	0.01796	0.02719	0.02085	0.02205	0.02260	0.01515	0.02105	0.01206	0.01412	0.00925	0.00668	0.00616	0.00205	0.00975	0.00488	0.00308	0.01027
29	0.13622	0.01361	0.02329	0.14510	0.02769	0.01425	0.23310	0.01813	0.01483	0.02234	0.02172	0.20508	0.04001	0.01136	0.00853	0.00257	0.03890	0.01069	0.00459	0.00800
30	0.00883	0.00642	0.00834	0.00988	0.01048	0.00592	0.00664	0.01015	0.01415	0.01865	0.04301	0.68093	0.10504	0.02239	0.00922	0.00291	0.00417	0.02020	0.00675	0.00592
31	0.01744	0.38754	0.32391	0.01593	0.02386	0.02212	0.01836	0.02238	0.01521	0.04526	0.01319	0.04115	0.01106	0.00724	0.00590	0.00195	0.00886	0.00528	0.00345	0.00992
32	0.01490	0.08457	0.66272	0.02017	0.03062	0.01767	0.02590	0.02294	0.01531	0.02263	0.01285	0.01510	0.00922	0.00686	0.00676	0.00225	0.01055	0.00527	0.00307	0.01065
33	0.01019	0.00688	0.00804	0.00842	0.00852	0.00679	0.00493	0.01047	0.01132	0.01510	0.02676	0.20326	0.03130	0.58220	0.03076	0.00613	0.00641	0.01284	0.00493	0.00474
34	0.01686	0.01556	0.01421	0.01413	0.01671	0.17416	0.01123	0.04735	0.09301	0.04788	0.03174	0.15744	0.06010	0.01548	0.00853	0.00272	0.00759	0.25117	0.00621	0.00793
35	0.17452	0.42941	0.05708	0.01273	0.01855	0.07195	0.01204	0.02400	0.01550	0.10823	0.01269	0.01362	0.01015	0.00680	0.00520	0.00183	0.00765	0.00445	0.00418	0.00943
36	0.01038	0.00779	0.01168	0.01168	0.01298	0.00909	0.00909	0.01298	0.01168	0.01687	0.01947	0.02856	0.01817	0.05452	0.71573	0.01168	0.01947	0.00779	0.00389	0.00649
37	0.01100	0.00772	0.00898	0.00855	0.01088	0.00673	0.00645	0.01349	0.01827	0.07354	0.30093	0.08780	0.38601	0.01657	0.00852	0.00240	0.00379	0.01415	0.00738	0.00686
38	0.01505	0.09228	0.63099	0.02043	0.03070	0.01786	0.04895	0.02293	0.01537	0.02257	0.01288	0.01521	0.00928	0.00682	0.00679	0.00225	0.01057	0.00537	0.00309	0.01060
39	0.79588	0.01406	0.01068	0.00956	0.01406	0.01631	0.00787	0.02137	0.01237	0.03261	0.01012	0.01181	0.00787	0.00675	0.00450	0.00225	0.00562	0.00394	0.00450	0.00787
40	0.11411	0.01332	0.02038	0.61147	0.04454	0.01639	0.01840	0.04105	0.01492	0.02128	0.01272	0.01835	0.00955	0.00725	0.00691	0.00239	0.00911	0.00614	0.00353	0.00819
41	0.02734	0.01731	0.01997	0.01645	0.04939	0.01830	0.01285	0.41089	0.07141	0.21944	0.02129	0.02112	0.01497	0.03470	0.00833	0.00239	0.00736	0.00700	0.00749	0.01199
42	0.01709	0.01969	0.08027	0.02834	0.15994	0.04737	0.30439	0.02258	0.04294	0.02283	0.03930	0.01961	0.01329	0.00768	0.01008	0.00240	0.11166	0.00746	0.00388	0.03919
43	0.00906	0.00737	0.00792	0.00779	0.00998	0.00634	0.00578	0.01118	0.01724	0.02158	0.21283	0.06551	0.52696	0.04657	0.00972	0.00260	0.00376	0.01465	0.00694	0.00623
44	0.01507	0.01292	0.01507	0.01077	0.01723	0.00969	0.00861	0.01830	0.01507	0.02369	0.01292	0.01507	0.01077	0.00538	0.00538	0.00108	0.00538	0.00431	0.00431	0.78898
45	0.00891	0.00682	0.00822	0.00928	0.01052	0.00612	0.00656	0.01050	0.01504	0.01912	0.05234	0.45811	0.28634	0.02102	0.00907	0.00279	0.00415	0.05231	0.00675	0.00603
46	0.01554	0.01320	0.01532	0.01099	0.01742	0.01017	0.00881	0.04267	0.01578	0.02451	0.01309	0.01516	0.01083	0.00551	0.00545	0.00112	0.00548	0.00439	0.00442	0.76015
47	0.01770	0.01529	0.01607	0.01450	0.01854	0.01760	0.01127	0.03750	0.65935	0.02998	0.03134	0.02883	0.04908	0.01020	0.00744	0.00247	0.00567	0.00850	0.00737	0.01129
48	0.01038	0.00779	0.01168	0.01168	0.01298	0.00909	0.00909	0.01298	0.01168	0.01687	0.01947	0.02856	0.01817	0.05452	0.71573	0.01168	0.01947	0.00779	0.00389	0.00649
49	0.01057	0.00705	0.00793	0.00793	0.00793	0.00705	0.00440	0.01057	0.01057	0.01409	0.02290	0.04757	0.02643	0.74454	0.03700	0.00705	0.00705	0.01057	0.00440	0.00440
50	0.01063	0.00903	0.00937	0.00899	0.01172	0.00859	0.00683	0.01635	0.15143	0.02254	0.11280	0.06014	0.51231	0.01642	0.00835	0.00244	0.00408	0.01374	0.00698	0.00727
51	0.79588	0.01406	0.01068	0.00956	0.01406	0.01631	0.00787	0.02137	0.01237	0.03261	0.01012	0.01181	0.00787	0.00675	0.00450	0.00225	0.00562	0.00394	0.00450	0.00787
52	0.01943	0.74891	0.03809	0.01244	0.01866	0.02876	0.01244	0.02177	0.01477	0.01710	0.01011	0.01166	0.00933	0.00622	0.00466	0.00155	0.00777	0.00389	0.00311	0.00933
53	0.01039	0.00776	0.01154	0.01154	0.01279	0.00901	0.00891	0.01289	0.01164	0.01677	0.01960	0.02926	0.01848	0.08011	0.69056	0.01151	0.01901	0.00789	0.00391	0.00641
54	0.79588	0.01406	0.01068	0.00956	0.01406	0.01631	0.00787	0.02137	0.01237	0.03261	0.01012	0.01181	0.00787	0.00675	0.00450	0.00225	0.00562	0.00394	0.00450	0.00787
55	0.01538	0.00859	0.01113	0.00983	0.01256	0.00768	0.00761	0.01847	0.02015	0.18818	0.46268	0.04916	0.13180	0.01389	0.00828	0.00230	0.00411	0.01202	0.00809	0.00808
56	0.51824	0.01328	0.01243	0.01056	0.01511	0.01435	0.00864	0.04741	0.01587	0.18863	0.07827	0.01896	0.01602	0.00809	0.00563	0.00225	0.00564	0.00567	0.00597	0.00898
57	0.03163	0.01395	0.01784	0.01368	0.01934	0.01302	0.01130	0.16150	0.02344	0.57443	0.02646	0.02330	0.01688	0.00894	0.00730	0.00224	0.00654	0.00716	0.00866	0.01237
58	0.02113	0.01284	0.01573	0.01166	0.01774	0.01035	0.00943	0.02489	0.04299	0.25453	0.01890	0.01882	0.01366	0.00678	0.00611	0.00153	0.00567	0.00548	0.00602	0.49574
59	0.01799	0.01727	0.02950	0.04462	0.69919	0.01727	0.02231	0.02231	0.01655	0.02375	0.01367	0.01799	0.01151	0.00648	0.00720	0.00216	0.00864	0.00648	0.00360	0.01151
60	0.00985	0.00757	0.00883	0.00840	0.01038	0.00671	0.00615	0.01230	0.01776	0.02369	0.36080	0.05803	0.29937	0.09608	0.01159	0.00283	0.00400	0.01337	0.00700	0.03532
61	0.00886	0.00633	0.00843	0.01012	0.01054	0.00590	0.00675	0.01012	0.01392	0.01856	0.04006	0.73979	0.04808	0.02277	0.00928	0.00295	0.00422	0.02066	0.00675	0.00590
62	0.02094	0.01536	0.01705	0.01437	0.01827	0.01662	0.01130	0.43816	0.02696	0.03610	0.02551	0.27473	0.02508	0.01373	0.00799	0.00246	0.00665	0.01157	0.00709	0.01006
63	0.02590	0.01605	0.10313	0.01514	0.02102	0.01261	0.05871	0.05948	0.06150	0.43089	0.07499	0.02701	0.02092	0.00936	0.00753	0.00232	0.00703	0.02749	0.00758	0.01135
64	0.02786	0.01267	0.01625	0.01298	0.01797	0.01189	0.01054	0.05743	0.12536	0.50499	0.09692	0.02788	0.02364	0.00972	0.00745	0.00228	0.00590	0.00802	0.00858	0.01167
65	0.02509	0.01673	0.01874	0.01503	0.01990	0.01792	0.01213	0.44668	0.05416	0.14326	0.02321	0.13223	0.01922	0.01101	0.00760	0.00232	0.00704	0.00894	0.00746	0.01132
66	0.01742	0.01661	0.02789	0.13505	0.58163	0.01716	0.02154	0.02253	0.04608	0.02335	0.01428	0.01858	0.01174	0.00673	0.00721	0.00221	0.00865	0.00655	0.00372	0.01105
67	0.02094	0.42616	0.06078	0.01931	0.12663	0.17108	0.01498	0.04804	0.01703	0.01962	0.01130	0.01333	0.00979	0.00665	0.00565	0.00177	0.00917	0.00462	0.00348	0.00965
68	0.02506	0.01676	0.01932	0.01498	0.02022	0.01756	0.01228	0.37180	0.02606	0.16876	0.01919	0.04519	0.01433	0.00908	0.00831	0.00213	0.06174	0.00685	0.00682	0.13357
69	0.09090	0.01771	0.12510	0.01447	0.02084	0.01397	0.01348	0.13263	0.02136	0.43994	0.02297	0.02108	0.01492	0.00844	0.00701	0.00225	0.00714	0.00661	0.00743	0.01175
70	0.02681	0.03399	0.02094	0.01971	0.04811	0.68890	0.01436	0.02877	0.02045	0.01802	0.01133	0.01329	0.00944	0.00745	0.00658	0.00188	0.01294	0.00475	0.00374	0.00854
71	0.01446	0.01465	0.02850	0.14163	0.11400	0.01452	0.30602	0.01885	0.01578	0.02129	0.02110	0.21306	0.02083	0.01084	0.00838	0.00255	0.00922	0.01122	0.00442	0.00868
72	0.79588	0.01406	0.01068	0.00956	0.01406	0.01631	0.00787	0.02137	0.01237	0.03261	0.01012	0.01181	0.00787	0.00675	0.00450	0.00225	0.00562	0.00394	0.00450	0.00787
73	0.01057	0.00705	0.00793	0.00793	0.00793	0.00705	0.00440	0.01057	0.01057	0.01409	0.02290	0.04757	0.02643	0.74454	0.03700	0.00705	0.00705	0.01057	0.00440	0.00440
74	0.01755	0.01665	0.02827	0.04244	0.65156	0.01665	0.02157	0.02180	0.01656	0.02361	0.01540	0.02245	0.01363	0.00742	0.00739	0.00224	0.00850	0.05130	0.00381	0.01118
75	0.01149	0.00821	0.01145	0.01313	0.01470	0.00817	0.01132	0.01467	0.01651	0.02150	0.03861	0.13399	0.04233	0.02029	0.00998	0.00332	0.00650	0.60050	0.00670	0.00663
76	0.01867	0.63737	0.14297	0.01374	0.02066	0.02690	0.01470	0.02196	0.01486	0.01803	0.01057	0.01224	0.00931	0.00633	0.00502	0.00167	0.00824	0.00412	0.00310	0.00955
77	0.79588	0.01406	0.01068	0.00956	0.01406	0.01631	0.00787	0.02137	0.01237	0.03261	0.01012	0.01181	0.00787	0.00675	0.00450	0.00225	0.00562	0.00394	0.00450	0.00787
78	0.00930	0.00659	0.00838	0.00954	0.00998	0.00630	0.00622	0.01034	0.01317	0.01749	0.03679	0.52179	0.07077	0.19379	0.04067	0.00420	0.00540	0.01760	0.00610	0.00558
79	0.01622	0.01998	0.15886	0.17129	0.41273	0.01658	0.02231	0.02140	0.01593	0.02251	0.01451	0.02060	0.01206	0.00732	0.00728	0.00229	0.00916	0.03491	0.00356	0.01048
80	0.00965	0.00737	0.00886	0.00857	0.01049	0.00658	0.00640	0.01246	0.01896	0.02550	0.45847	0.08507	0.28245	0.01637	0.00861	0.00237	0.00354	0.01418	0.00753	0.00658
81	0.01525	0.00880	0.00936	0.03864	0.01210	0.00926	0.00688	0.09014	0.03788	0.02890	0.02275	0.02571	0.01767	0.00849	0.00549	0.00180	0.00424	0.00678	0.64227	0.00759
82	0.04707	0.36268	0.12877	0.04347	0.02192	0.07827	0.01528	0.02143	0.01455	0.01902	0.01076	0.01357	0.00938	0.00766	0.00885	0.00203	0.14346	0.00475	0.00328	0.04381
83	0.02715	0.03464	0.02060	0.01873	0.02247	0.71536	0.01404	0.02903	0.02060	0.01779	0.01124	0.01311	0.00936	0.00749	0.00655	0.00187	0.01311	0.00468	0.00375	0.00843
84	0.00886	0.00633	0.00843	0.01012	0.01054	0.00590	0.00675	0.01012	0.01392	0.01856	0.04006	0.73979	0.04808	0.02277	0.00928	0.00295	0.00422	0.02066	0.00675	0.00590
85	0.01068	0.00771	0.01017	0.01006	0.01065	0.00854	0.00697	0.01193	0.01110	0.01549	0.02084	0.03771	0.02203	0.40221	0.34652	0.00902	0.03960	0.00914	0.00413	0.00549
86	0.01263	0.00631	0.00947	0.00947	0.00947	0.00631	0.00631	0.00947	0.00947	0.01263	0.01263	0.02210	0.01263	0.02525	0.02841	0.78851	0.00631	0.00631	0.00316	0.00316
87	0.00886	0.00633	0.00843	0.01012	0.01054	0.00590	0.00675	0.01012	0.01392	0.01856	0.04006	0.73979	0.04808	0.02277	0.00928	0.00295	0.00422	0.02066	0.00675	0.00590
88	0.01702	0.01628	0.02775	0.20007	0.55133	0.01702	0.02183	0.02146	0.01609	0.02257	0.01350	0.01831	0.01110	0.00666	0.00721	0.00222	0.00888	0.00647	0.00351	0.01073
89	0.76966	0.01427	0.01106	0.00980	0.01435	0.01652	0.00808	0.04367	0.01311	0.03306	0.01037	0.01200	0.00803	0.00682	0.00459	0.00225	0.00570	0.00403	0.00459	0.00803
90	0.05802	0.02011	0.02137	0.01644	0.02221	0.02230	0.01358	0.64910	0.03331	0.04529	0.01716	0.01723	0.01218	0.00865	0.00716	0.00218	0.00790	0.00644	0.00716	0.01218
91	0.79588	0.01406	0.01068	0.00956	0.01406	0.01631	0.00787	0.02137	0.01237	0.03261	0.01012	0.01181	0.00787	0.00675	0.00450	0.00225	0.00562	0.00394	0.00450	0.00787
92	0.01804	0.01761	0.02916	0.04231	0.63203	0.03845	0.04591	0.02232	0.01670	0.02348	0.01443	0.01994	0.01240	0.00693	0.00732	0.00220	0.00885	0.02702	0.00370	0.01120
93	0.01057	0.00705	0.00793	0.00793	0.00793	0.00705	0.00440	0.01057	0.01057	0.01409	0.02290	0.04757	0.02643	0.74454	0.03700	0.00705	0.00705	0.01057	0.00440	0.00440
94	0.01903	0.01740	0.04054	0.01594	0.04565	0.05772	0.01234	0.13050	0.40227	0.03020	0.02639	0.05137	0.04480	0.00981	0.00728	0.00229	0.00664	0.00805	0.00661	0.06515
95	0.00904	0.00640	0.00838	0.00989	0.01026	0.00603	0.00650	0.01017	0.01356	0.01808	0.03822	0.66543	0.04575	0.10031	0.01226	0.00339	0.00452	0.01958	0.00650	0.00574
96	0.01593	0.01595	0.01981	0.01725	0.01755	0.07456	0.01390	0.01728	0.01179	0.01697	0.01184	0.02081	0.01226	0.13077	0.02462	0.00370	0.55727	0.00691	0.00342	0.00742
97	0.79588	0.01406	0.01068	0.00956	0.01406	0.01631	0.00787	0.02137	0.01237	0.03261	0.01012	0.01181	0.00787	0.00675	0.00450	0.00225	0.00562	0.00394	0.00450	0.00787
98	0.00886	0.00633	0.00843	0.01012	0.01054	0.00590	0.00675	0.01012	0.01392	0.01856	0.04006	0.73979	0.04808	0.02277	0.00928	0.00295	0.00422	0.02066	0.00675	0.00590
99	0.02711	0.01986	0.02126	0.01635	0.02202	0.02196	0.01349	0.65048	0.03347	0.04512	0.01768	0.01781	0.01260	0.00872	0.00719	0.00216	0.00783	0.00655	0.03619	0.01215
100	0.01015	0.00742	0.00952	0.00900	0.01077	0.00680	0.00675	0.01345	0.02025	0.02837	0.64413	0.05559	0.12031	0.01515	0.00857	0.00230	0.00345	0.01333	0.00790	0.00680
101	0.03003	0.01217	0.01629	0.01275	0.01798	0.01082	0.01043	0.03392	0.05945	0.61243	0.08072	0.02718	0.02218	0.00950	0.00741	0.00226	0.00595	0.00782	0.00883	0.01189
102	0.01038	0.00779	0.01168	0.01168	0.01298	0.00909	0.00909	0.01298	0.01168	0.01687	0.01947	0.02856	0.01817	0.05452	0.71573	0.01168	0.01947	0.00779	0.00389	0.00649
103	0.00884	0.00640	0.00835	0.00991	0.01049	0.00592	0.00666	0.01014	0.01412	0.01864	0.04259	0.68934	0.09690	0.02244	0.00923	0.00291	0.00418	0.02026	0.00675	0.00592
104	0.02763	0.02036	0.02182	0.01672	0.02254	0.02254	0.01382	0.67496	0.03418	0.04581	0.01745	0.01745	0.01236	0.00873	0.00727	0.00218	0.00800	0.00654	0.00727	0.01236
105	0.79588	0.01406	0.01068	0.00956	0.01406	0.01631	0.00787	0.02137	0.01237	0.03261	0.01012	0.01181	0.00787	0.00675	0.00450	0.00225	0.00562	0.00394	0.00450	0.00787
106	0.01386	0.01293	0.02168	0.58749	0.12580	0.01548	0.01938	0.01836	0.01473	0.01920	0.01516	0.07615	0.01295	0.00840	0.00742	0.00243	0.00913	0.00758	0.00355	0.00832
107	0.01616	0.05020	0.05750	0.24744	0.12440	0.01810	0.30936	0.02140	0.01587	0.02138	0.01356	0.01868	0.01048	0.00681	0.00834	0.00239	0.03782	0.00724	0.00346	0.00943
108	0.02435	0.01800	0.01941	0.01550	0.02047	0.01986	0.01256	0.52652	0.08869	0.04099	0.02104	0.09152	0.01707	0.01023	0.00740	0.00227	0.00724	0.00812	0.03734	0.01142
109	0.02363	0.01632	0.01836	0.01433	0.01965	0.01666	0.01160	0.39120	0.02646	0.11886	0.02046	0.09908	0.01675	0.00967	0.00713	0.00206	0.00683	0.00778	0.00683	0.16633
110	0.02145	0.26028	0.14033	0.01569	0.02206	0.06420	0.01513	0.24791	0.06495	0.02934	0.04207	0.01706	0.01356	0.00785	0.00638	0.00200	0.00836	0.00575	0.00504	0.01059
111	0.51568	0.01452	0.01298	0.01111	0.01551	0.01640	0.00905	0.15141	0.04076	0.03473	0.09978	0.01888	0.01701	0.00829	0.00567	0.00225	0.00582	0.00578	0.00560	0.00876

[dist]
# distance from previous block
# <min> <max>
0	1

[block]
# block no. 3 follows, 28 sequences, length 25
# corresponding to MSA columns:
# 172-196
name=unknown_D
#
# <colnr> <probs for GDERKNQSTAVLIFYWHMCP>
#	G	D	E	R	K	N	Q	S	T	A	V	L	I	F	Y	W	H	M	C	P
0	0.01658	0.01851	0.03909	0.02802	0.03507	0.01714	0.59096	0.02228	0.01697	0.02313	0.01749	0.02177	0.04495	0.00668	0.00834	0.00235	0.01133	0.00860	0.00387	0.06686
1	0.01054	0.00717	0.00854	0.00854	0.00875	0.00738	0.00517	0.01096	0.01075	0.01455	0.02234	0.04447	0.02508	0.63194	0.14776	0.00780	0.00907	0.01012	0.00432	0.00474
2	0.79588	0.01406	0.01068	0.00956	0.01406	0.01631	0.00787	0.02137	0.01237	0.03261	0.01012	0.01181	0.00787	0.00675	0.00450	0.00225	0.00562	0.00394	0.00450	0.00787
3	0.01848	0.01613	0.01911	0.02044	0.14596	0.01813	0.01362	0.06350	0.53257	0.02984	0.02609	0.02499	0.01977	0.00918	0.00735	0.00240	0.00639	0.00782	0.00668	0.01154
4	0.01039	0.00775	0.01151	0.01151	0.01274	0.00899	0.00887	0.01287	0.01163	0.01674	0.01963	0.02945	0.01856	0.08680	0.68398	0.01147	0.01889	0.00792	0.00392	0.00639
5	0.02565	0.02071	0.02061	0.01652	0.02180	0.08520	0.01337	0.48647	0.16531	0.04011	0.01935	0.01902	0.01408	0.00884	0.00723	0.00221	0.00801	0.00671	0.00697	0.01183
6	0.01666	0.02308	0.17106	0.02872	0.03673	0.01809	0.54811	0.02323	0.01681	0.02323	0.01439	0.01879	0.01068	0.00628	0.00826	0.00242	0.01196	0.00796	0.00356	0.00999
7	0.01875	0.70229	0.03616	0.01212	0.01810	0.02734	0.01200	0.02105	0.01488	0.01726	0.01410	0.01533	0.05251	0.00699	0.00491	0.00161	0.00752	0.00461	0.00334	0.00913
8	0.01943	0.74891	0.03809	0.01244	0.01866	0.02876	0.01244	0.02177	0.01477	0.01710	0.01011	0.01166	0.00933	0.00622	0.00466	0.00155	0.00777	0.00389	0.00311	0.00933
9	0.01107	0.00765	0.00968	0.00904	0.01106	0.00692	0.00683	0.01422	0.01996	0.05928	0.56699	0.05536	0.16430	0.01514	0.00852	0.00231	0.00360	0.01322	0.00785	0.00700
10	0.02006	0.71397	0.03708	0.01246	0.01865	0.02790	0.01235	0.02241	0.01506	0.04970	0.01099	0.01228	0.00974	0.00635	0.00479	0.00159	0.00770	0.00405	0.00339	0.00947
11	0.02877	0.01241	0.01625	0.01280	0.01787	0.01132	0.01044	0.06691	0.06331	0.54632	0.10780	0.02804	0.02400	0.00974	0.00746	0.00226	0.00592	0.00802	0.00869	0.01166
12	0.00886	0.00633	0.00843	0.01012	0.01054	0.00590	0.00675	0.01012	0.01392	0.01856	0.04006	0.73979	0.04808	0.02277	0.00928	0.00295	0.00422	0.02066	0.00675	0.00590
13	0.01373	0.01292	0.02180	0.72707	0.05006	0.01615	0.02019	0.01857	0.01453	0.01857	0.01292	0.01938	0.00969	0.00727	0.00727	0.00242	0.00969	0.00646	0.00323	0.00807
14	0.03261	0.01237	0.01687	0.01293	0.01856	0.01068	0.01068	0.03543	0.02081	0.70423	0.02868	0.02474	0.01799	0.00900	0.00731	0.00225	0.00619	0.00731	0.00900	0.01237
15	0.00925	0.00684	0.00828	0.00918	0.01016	0.00630	0.00630	0.01063	0.01443	0.01865	0.06912	0.40250	0.21109	0.13653	0.01354	0.00347	0.00462	0.04690	0.00642	0.00580
16	0.03235	0.01279	0.01713	0.01313	0.01877	0.01131	0.01085	0.06931	0.02151	0.66935	0.02808	0.02436	0.01770	0.00898	0.00731	0.00225	0.00628	0.00727	0.00891	0.01237
17	0.01504	0.10475	0.64374	0.01994	0.03025	0.01800	0.02550	0.02290	0.01529	0.02246	0.01277	0.01500	0.00922	0.00684	0.00669	0.00223	0.01046	0.00523	0.00307	0.01061
18	0.01562	0.18952	0.56403	0.01895	0.02873	0.01942	0.02378	0.02275	0.01522	0.02176	0.01242	0.01456	0.00923	0.00676	0.00643	0.00214	0.01011	0.00505	0.00308	0.01044
19	0.01746	0.01433	0.01635	0.01190	0.01824	0.01213	0.00960	0.14303	0.01870	0.02789	0.01378	0.01553	0.01107	0.00602	0.00574	0.00129	0.00588	0.00473	0.00487	0.64146
20	0.68202	0.01626	0.08373	0.01071	0.01575	0.01598	0.00982	0.02123	0.01302	0.03147	0.03820	0.01390	0.01047	0.00709	0.00492	0.00226	0.00607	0.00446	0.00449	0.00813
21	0.03620	0.00869	0.00934	0.00892	0.01145	0.00825	0.00677	0.01544	0.10559	0.02421	0.24430	0.05792	0.40477	0.01588	0.00829	0.00240	0.00395	0.01340	0.00712	0.00711
22	0.00996	0.00742	0.00927	0.00880	0.01066	0.00672	0.00660	0.01309	0.01981	0.02733	0.57612	0.05730	0.18897	0.01554	0.00858	0.00232	0.00348	0.01357	0.00776	0.00672
23	0.01943	0.74891	0.03809	0.01244	0.01866	0.02876	0.01244	0.02177	0.01477	0.01710	0.01011	0.01166	0.00933	0.00622	0.00466	0.00155	0.00777	0.00389	0.00311	0.00933
24	0.00896	0.00662	0.00815	0.00931	0.01014	0.00606	0.00626	0.01023	0.01418	0.01837	0.04573	0.52849	0.18683	0.09041	0.01176	0.00323	0.00437	0.01855	0.00653	0.00581

[dist]
# distance from previous block
# <min> <max>
0	8

[block]
# block no. 4 follows, 28 sequences, length 6
# corresponding to MSA columns:
# 205-210
name=unknown_E
#
# <colnr> <probs for GDERKNQSTAVLIFYWHMCP>
#	G	D	E	R	K	N	Q	S	T	A	V	L	I	F	Y	W	H	M	C	P
0	0.70655	0.01675	0.09028	0.01084	0.01605	0.01637	0.01004	0.02156	0.01271	0.03152	0.01046	0.01221	0.00802	0.00677	0.00477	0.00226	0.00621	0.00410	0.00434	0.00820
1	0.00987	0.00741	0.00914	0.00871	0.01060	0.00668	0.00653	0.01291	0.01959	0.02681	0.54267	0.05814	0.22274	0.01573	0.00858	0.00233	0.00349	0.01369	0.00769	0.00668
2	0.01691	0.01456	0.01636	0.01634	0.06652	0.01648	0.01168	0.03385	0.55312	0.02843	0.02977	0.11664	0.02470	0.01125	0.00762	0.00251	0.00576	0.00967	0.00704	0.01080
3	0.02609	0.03262	0.02163	0.02174	0.10115	0.63420	0.01501	0.02825	0.02013	0.01848	0.01152	0.01368	0.00961	0.00737	0.00663	0.00191	0.01259	0.00489	0.00373	0.00879
4	0.27896	0.01368	0.01870	0.42578	0.09334	0.01630	0.01620	0.01984	0.01397	0.02377	0.01204	0.01670	0.00923	0.00702	0.00632	0.00234	0.00822	0.00561	0.00369	0.00830
5	0.02582	0.01167	0.01521	0.01231	0.01687	0.01074	0.00993	0.03096	0.10301	0.46971	0.17811	0.03166	0.02984	0.01042	0.00760	0.00228	0.00551	0.00873	0.00858	0.01103

[dist]
# distance from previous block
# <min> <max>
0	1

[block]
# block no. 5 follows, 28 sequences, length 102
# corresponding to MSA columns:
# 212-313
name=unknown_F
#
# <colnr> <probs for GDERKNQSTAVLIFYWHMCP>
#	G	D	E	R	K	N	Q	S	T	A	V	L	I	F	Y	W	H	M	C	P
0	0.02166	0.01397	0.03991	0.01454	0.04590	0.01354	0.01135	0.03201	0.29336	0.26504	0.09570	0.03096	0.06865	0.01036	0.00753	0.00235	0.00583	0.00868	0.00767	0.01098
1	0.02678	0.01994	0.02133	0.01655	0.02222	0.02214	0.01361	0.61800	0.09252	0.04443	0.01854	0.01832	0.01324	0.00883	0.00728	0.00221	0.00780	0.00669	0.00728	0.01229
2	0.06647	0.54985	0.03365	0.01638	0.09144	0.10089	0.01339	0.02258	0.01545	0.01881	0.01061	0.01250	0.00948	0.00642	0.00513	0.00169	0.00831	0.00425	0.00331	0.00938
3	0.01080	0.00772	0.00882	0.00853	0.01090	0.00671	0.00649	0.01314	0.01779	0.06901	0.22744	0.08960	0.43946	0.01709	0.00858	0.00245	0.00392	0.03757	0.00722	0.00676
4	0.01464	0.01246	0.01461	0.01072	0.01676	0.00943	0.00848	0.01774	0.01499	0.02333	0.01480	0.06532	0.01335	0.00659	0.00565	0.00121	0.00530	0.00544	0.00448	0.73469
5	0.05148	0.01243	0.01529	0.01221	0.01682	0.01161	0.00982	0.08701	0.03938	0.27263	0.13636	0.06068	0.02532	0.00993	0.00774	0.00207	0.03407	0.00808	0.00708	0.17998
6	0.59705	0.04657	0.11215	0.03837	0.01825	0.01708	0.01151	0.02138	0.01293	0.02958	0.01062	0.01273	0.00825	0.00698	0.00563	0.00227	0.03185	0.00432	0.00415	0.00835
7	0.01179	0.00792	0.00927	0.00896	0.01128	0.00700	0.00684	0.01405	0.01734	0.09041	0.18877	0.08152	0.37372	0.06754	0.01059	0.00282	0.00441	0.07187	0.00706	0.00684
8	0.02582	0.01929	0.02084	0.01587	0.02178	0.02069	0.01307	0.58026	0.03142	0.04262	0.01680	0.01711	0.01213	0.00824	0.00700	0.00202	0.00762	0.00622	0.00684	0.12435
9	0.01914	0.64781	0.11138	0.01355	0.02019	0.04914	0.01408	0.02213	0.01502	0.01778	0.01047	0.01211	0.00932	0.00633	0.00497	0.00165	0.00827	0.00408	0.00313	0.00946
10	0.02356	0.01674	0.01860	0.01465	0.01976	0.01755	0.01185	0.44400	0.02790	0.08588	0.04187	0.10575	0.01864	0.01020	0.00731	0.00214	0.00693	0.00822	0.00697	0.11149
11	0.02315	0.01641	0.01798	0.01439	0.01904	0.01773	0.01156	0.41925	0.09233	0.08744	0.08481	0.02755	0.06067	0.06235	0.00960	0.00259	0.00691	0.00817	0.00724	0.01084
12	0.51905	0.04859	0.01196	0.03690	0.01473	0.04014	0.00815	0.01992	0.01345	0.02861	0.01637	0.01895	0.05128	0.03338	0.00614	0.00231	0.00578	0.00536	0.11133	0.00760
13	0.15117	0.01777	0.01823	0.06910	0.02183	0.04588	0.01244	0.36877	0.10677	0.03730	0.01757	0.01835	0.01294	0.00836	0.00665	0.00220	0.00734	0.00626	0.06043	0.01065
14	0.01924	0.72097	0.06437	0.01276	0.01916	0.02830	0.01300	0.02182	0.01479	0.01733	0.01022	0.01181	0.00932	0.00625	0.00475	0.00158	0.00789	0.00395	0.00311	0.00938
15	0.02594	0.01780	0.01974	0.01508	0.02078	0.01863	0.01235	0.47465	0.02890	0.12884	0.01847	0.01906	0.01334	0.03228	0.00798	0.00219	0.00735	0.00646	0.00698	0.12317
16	0.01854	0.01515	0.01584	0.01425	0.01821	0.04058	0.01114	0.03517	0.53983	0.07746	0.05508	0.03118	0.05034	0.01062	0.00755	0.00246	0.00591	0.03244	0.00735	0.01090
17	0.00965	0.00741	0.00883	0.00847	0.01047	0.00659	0.00635	0.01247	0.01906	0.02555	0.46012	0.06022	0.30607	0.01620	0.00858	0.00235	0.00352	0.01398	0.00753	0.00659
18	0.02855	0.01888	0.02090	0.01602	0.02180	0.02035	0.01324	0.55661	0.03170	0.16765	0.01953	0.01880	0.01340	0.00878	0.00728	0.00219	0.00766	0.00669	0.00759	0.01236
19	0.01534	0.05741	0.62150	0.02101	0.03116	0.04264	0.06559	0.02322	0.01563	0.02267	0.01299	0.01542	0.00933	0.00686	0.00693	0.00227	0.01083	0.00550	0.00313	0.01056
20	0.00885	0.00637	0.00839	0.01001	0.01051	0.00591	0.00670	0.01013	0.01403	0.01860	0.04145	0.71217	0.07481	0.02259	0.00925	0.00293	0.00420	0.02045	0.00675	0.00591
21	0.01109	0.00761	0.00997	0.00928	0.01114	0.00700	0.00700	0.01450	0.02058	0.05334	0.67147	0.05324	0.06677	0.01465	0.00853	0.00228	0.00353	0.01294	0.00804	0.00706
22	0.05104	0.01329	0.01972	0.01731	0.07060	0.01261	0.09166	0.02938	0.09036	0.36368	0.07140	0.03099	0.02251	0.00995	0.00772	0.00240	0.00690	0.07032	0.00733	0.01082
23	0.01458	0.03760	0.70688	0.02072	0.03146	0.01688	0.02686	0.02302	0.01535	0.02302	0.01304	0.01535	0.00921	0.00691	0.00691	0.00230	0.01074	0.00537	0.00307	0.01074
24	0.00884	0.00731	0.00775	0.00778	0.01001	0.00622	0.00578	0.01087	0.01697	0.02090	0.15812	0.10777	0.57024	0.01818	0.00863	0.00246	0.00368	0.01535	0.00692	0.00622
25	0.01799	0.01727	0.02950	0.04462	0.69919	0.01727	0.02231	0.02231	0.01655	0.02375	0.01367	0.01799	0.01151	0.00648	0.00720	0.00216	0.00864	0.00648	0.00360	0.01151
26	0.01507	0.01292	0.01507	0.01077	0.01723	0.00969	0.00861	0.01830	0.01507	0.02369	0.01292	0.01507	0.01077	0.00538	0.00538	0.00108	0.00538	0.00431	0.00431	0.78898
27	0.01373	0.01292	0.02180	0.72707	0.05006	0.01615	0.02019	0.01857	0.01453	0.01857	0.01292	0.01938	0.00969	0.00727	0.00727	0.00242	0.00969	0.00646	0.00323	0.00807
28	0.01038	0.00779	0.01168	0.01168	0.01298	0.00909	0.00909	0.01298	0.01168	0.01687	0.01947	0.02856	0.01817	0.05452	0.71573	0.01168	0.01947	0.00779	0.00389	0.00649
29	0.01590	0.01590	0.02226	0.01908	0.01908	0.02226	0.01590	0.01749	0.01113	0.01749	0.00954	0.01590	0.00954	0.01272	0.02385	0.00318	0.73123	0.00636	0.00318	0.00795
30	0.00890	0.00738	0.00779	0.00768	0.01001	0.00627	0.00576	0.01102	0.01729	0.02135	0.18553	0.06714	0.58328	0.01777	0.00859	0.00242	0.00364	0.01495	0.00698	0.00627
31	0.03261	0.01237	0.01687	0.01293	0.01856	0.01068	0.01068	0.03543	0.02081	0.70423	0.02868	0.02474	0.01799	0.00900	0.00731	0.00225	0.00619	0.00731	0.00900	0.01237
32	0.79588	0.01406	0.01068	0.00956	0.01406	0.01631	0.00787	0.02137	0.01237	0.03261	0.01012	0.01181	0.00787	0.00675	0.00450	0.00225	0.00562	0.00394	0.00450	0.00787
33	0.02145	0.01729	0.01834	0.01548	0.02019	0.01966	0.01232	0.26339	0.45581	0.03585	0.02530	0.02371	0.01872	0.00946	0.00735	0.00237	0.00655	0.00763	0.00735	0.01181
34	0.01522	0.01387	0.02102	0.06298	0.35836	0.03858	0.01680	0.01899	0.01693	0.02283	0.07097	0.04187	0.06485	0.01175	0.00817	0.00253	0.00764	0.19247	0.00497	0.00921
35	0.79588	0.01406	0.01068	0.00956	0.01406	0.01631	0.00787	0.02137	0.01237	0.03261	0.01012	0.01181	0.00787	0.00675	0.00450	0.00225	0.00562	0.00394	0.00450	0.00787
36	0.01137	0.00775	0.00975	0.00916	0.01126	0.00700	0.00698	0.01444	0.01967	0.06844	0.50998	0.05648	0.18948	0.01537	0.00855	0.00235	0.00375	0.03341	0.00777	0.00705
37	0.01066	0.00761	0.00984	0.00974	0.01025	0.00831	0.00659	0.01173	0.01102	0.01529	0.02115	0.03915	0.02268	0.45170	0.30284	0.00875	0.03386	0.00935	0.00417	0.00533
38	0.01042	0.00763	0.01090	0.01090	0.01193	0.00866	0.00811	0.01248	0.01145	0.01630	0.02019	0.03252	0.01989	0.19827	0.57433	0.01072	0.01688	0.00837	0.00400	0.00606
39	0.02924	0.18763	0.02215	0.01300	0.01877	0.01555	0.01125	0.06304	0.02002	0.50932	0.02373	0.02128	0.01566	0.00832	0.00668	0.00208	0.00665	0.00646	0.00752	0.01165
40	0.01373	0.01292	0.02180	0.72707	0.05006	0.01615	0.02019	0.01857	0.01453	0.01857	0.01292	0.01938	0.00969	0.00727	0.00727	0.00242	0.00969	0.00646	0.00323	0.00807
41	0.01467	0.03695	0.68280	0.02108	0.03170	0.01694	0.05028	0.02303	0.01541	0.02303	0.01311	0.01550	0.00927	0.00688	0.00697	0.00231	0.01080	0.00549	0.00309	0.01071
42	0.01507	0.01292	0.01507	0.01077	0.01723	0.00969	0.00861	0.01830	0.01507	0.02369	0.01292	0.01507	0.01077	0.00538	0.00538	0.00108	0.00538	0.00431	0.00431	0.78898
43	0.01038	0.00779	0.01168	0.01168	0.01298	0.00909	0.00909	0.01298	0.01168	0.01687	0.01947	0.02856	0.01817	0.05452	0.71573	0.01168	0.01947	0.00779	0.00389	0.00649
44	0.02273	0.01451	0.01670	0.01387	0.01810	0.01521	0.01111	0.31594	0.06615	0.16368	0.06566	0.14835	0.02481	0.01204	0.00775	0.00238	0.00641	0.03341	0.03069	0.01050
45	0.02715	0.03464	0.02060	0.01873	0.02247	0.71536	0.01404	0.02903	0.02060	0.01779	0.01124	0.01311	0.00936	0.00749	0.00655	0.00187	0.01311	0.00468	0.00375	0.00843
46	0.01535	0.08031	0.01369	0.01012	0.01316	0.00998	0.00808	0.03723	0.01961	0.14693	0.37265	0.07001	0.14735	0.01362	0.00796	0.00225	0.00454	0.01161	0.00745	0.00810
47	0.06547	0.65904	0.07970	0.01280	0.01921	0.02725	0.01310	0.02182	0.01466	0.01841	0.01030	0.01191	0.00923	0.00629	0.00480	0.00164	0.00784	0.00399	0.00319	0.00933
48	0.03176	0.01374	0.01772	0.01358	0.01924	0.01272	0.01122	0.14524	0.02310	0.59117	0.02675	0.02349	0.01703	0.00895	0.00730	0.00224	0.00650	0.00718	0.00870	0.01237
49	0.01420	0.01079	0.01227	0.01109	0.01369	0.03765	0.00845	0.07982	0.08570	0.05402	0.42007	0.11720	0.05026	0.01379	0.00817	0.00230	0.00473	0.01197	0.00747	0.03636
50	0.01590	0.01590	0.02226	0.01908	0.01908	0.02226	0.01590	0.01749	0.01113	0.01749	0.00954	0.01590	0.00954	0.01272	0.02385	0.00318	0.73123	0.00636	0.00318	0.00795
51	0.01255	0.00796	0.01027	0.00939	0.01160	0.00721	0.00715	0.01576	0.02023	0.10125	0.56628	0.05254	0.12068	0.01455	0.00844	0.00230	0.00375	0.01272	0.00799	0.00739
52	0.01808	0.01561	0.01644	0.01479	0.01890	0.01808	0.01151	0.03863	0.68606	0.03041	0.02959	0.02712	0.02219	0.00986	0.00740	0.00247	0.00575	0.00822	0.00740	0.01151
53	0.01373	0.01292	0.02180	0.72707	0.05006	0.01615	0.02019	0.01857	0.01453	0.01857	0.01292	0.01938	0.00969	0.00727	0.00727	0.00242	0.00969	0.00646	0.00323	0.00807
54	0.01057	0.00705	0.00793	0.00793	0.00793	0.00705	0.00440	0.01057	0.01057	0.01409	0.02290	0.04757	0.02643	0.74454	0.03700	0.00705	0.00705	0.01057	0.00440	0.00440
55	0.00880	0.00681	0.00794	0.00883	0.01013	0.00605	0.00612	0.01027	0.01497	0.01888	0.05430	0.41926	0.33380	0.04636	0.00995	0.00288	0.00408	0.01795	0.00667	0.00595
56	0.75032	0.01396	0.01105	0.00976	0.01433	0.01597	0.00804	0.02221	0.01287	0.07271	0.01123	0.01258	0.00848	0.00688	0.00467	0.00225	0.00566	0.00414	0.00477	0.00814
57	0.00886	0.00633	0.00843	0.01012	0.01054	0.00590	0.00675	0.01012	0.01392	0.01856	0.04006	0.73979	0.04808	0.02277	0.00928	0.00295	0.00422	0.02066	0.00675	0.00590
58	0.03242	0.01268	0.01706	0.01308	0.01871	0.01114	0.01080	0.05988	0.02132	0.67905	0.02825	0.02446	0.01778	0.00899	0.00731	0.00225	0.00625	0.00728	0.00893	0.01237
59	0.02051	0.01724	0.02335	0.01853	0.06358	0.01666	0.12551	0.27594	0.02298	0.03226	0.01504	0.01696	0.01148	0.00688	0.00678	0.00181	0.00778	0.00604	0.00531	0.30536
60	0.01029	0.00743	0.00972	0.00914	0.01086	0.00686	0.00686	0.01372	0.02058	0.02915	0.69536	0.05430	0.06859	0.01486	0.00857	0.00229	0.00343	0.01315	0.00800	0.00686
61	0.79588	0.01406	0.01068	0.00956	0.01406	0.01631	0.00787	0.02137	0.01237	0.03261	0.01012	0.01181	0.00787	0.00675	0.00450	0.00225	0.00562	0.00394	0.00450	0.00787
62	0.02715	0.03464	0.02060	0.01873	0.02247	0.71536	0.01404	0.02903	0.02060	0.01779	0.01124	0.01311	0.00936	0.00749	0.00655	0.00187	0.01311	0.00468	0.00375	0.00843
63	0.01848	0.01671	0.02773	0.12485	0.56268	0.01715	0.02121	0.05384	0.01731	0.04934	0.01432	0.01838	0.01157	0.00677	0.00721	0.00220	0.00864	0.00651	0.00393	0.01117
64	0.02017	0.40986	0.19080	0.01582	0.02258	0.16540	0.01620	0.04768	0.01681	0.01969	0.01130	0.01303	0.00942	0.00673	0.00567	0.00182	0.00956	0.00449	0.00338	0.00959
65	0.01799	0.01727	0.02950	0.04462	0.69919	0.01727	0.02231	0.02231	0.01655	0.02375	0.01367	0.01799	0.01151	0.00648	0.00720	0.00216	0.00864	0.00648	0.00360	0.01151
66	0.01716	0.01961	0.04289	0.03064	0.03799	0.01838	0.67279	0.02328	0.01716	0.02328	0.01471	0.01961	0.01103	0.00613	0.00858	0.00245	0.01225	0.00858	0.00368	0.00980
67	0.01799	0.01727	0.02950	0.04462	0.69919	0.01727	0.02231	0.02231	0.01655	0.02375	0.01367	0.01799	0.01151	0.00648	0.00720	0.00216	0.00864	0.00648	0.00360	0.01151
68	0.01057	0.00705	0.00793	0.00793	0.00793	0.00705	0.00440	0.01057	0.01057	0.01409	0.02290	0.04757	0.02643	0.74454	0.03700	0.00705	0.00705	0.01057	0.00440	0.00440
69	0.00866	0.00708	0.00765	0.00811	0.01001	0.00607	0.00585	0.01035	0.01585	0.01934	0.06456	0.25106	0.52100	0.01959	0.00878	0.00259	0.00383	0.01678	0.00675	0.00607
70	0.01590	0.01590	0.02226	0.01908	0.01908	0.02226	0.01590	0.01749	0.01113	0.01749	0.00954	0.01590	0.00954	0.01272	0.02385	0.00318	0.73123	0.00636	0.00318	0.00795
71	0.03261	0.01237	0.01687	0.01293	0.01856	0.01068	0.01068	0.03543	0.02081	0.70423	0.02868	0.02474	0.01799	0.00900	0.00731	0.00225	0.00619	0.00731	0.00900	0.01237
72	0.00878	0.00686	0.00798	0.00879	0.01021	0.00605	0.00617	0.01040	0.01541	0.01945	0.07939	0.39913	0.35469	0.02043	0.00893	0.00269	0.00394	0.01788	0.00679	0.00605
73	0.02713	0.01988	0.02128	0.01637	0.02204	0.02198	0.01351	0.65170	0.03351	0.04515	0.01767	0.01779	0.01258	0.00872	0.00719	0.00216	0.00784	0.00655	0.03476	0.01216
74	0.01507	0.01292	0.01507	0.01077	0.01723	0.00969	0.00861	0.01830	0.01507	0.02369	0.01292	0.01507	0.01077	0.00538	0.00538	0.00108	0.00538	0.00431	0.00431	0.78898
75	0.01795	0.01617	0.01605	0.01450	0.01847	0.05886	0.01124	0.03606	0.59911	0.02889	0.03160	0.02931	0.06897	0.01032	0.00743	0.00243	0.00605	0.00851	0.00713	0.01094
