[name]
unknown

[dist]
# distance from previous block
# <min> <max>
6	14

[block]
# block no. 0 follows, 30 sequences, length 158
# corresponding to MSA columns:
# 15-172
name=unknown_A
#
# <colnr> <probs for GDERKNQSTAVLIFYWHMCP>
#	G	D	E	R	K	N	Q	S	T	A	V	L	I	F	Y	W	H	M	C	P
0	0.01569	0.01357	0.02223	0.08707	0.44158	0.01362	0.01702	0.01957	0.01678	0.05503	0.16800	0.02814	0.02460	0.00875	0.00733	0.00217	0.00708	0.03740	0.00473	0.00964
1	0.01052	0.00727	0.00953	0.00889	0.01065	0.00669	0.00669	0.01379	0.01976	0.04851	0.68726	0.05128	0.06439	0.01410	0.00819	0.00219	0.00337	0.01245	0.00771	0.00674
2	0.05545	0.01130	0.03979	0.28152	0.02655	0.01145	0.01280	0.01829	0.03466	0.10320	0.12642	0.03679	0.13961	0.01106	0.00744	0.00235	0.00656	0.06151	0.00542	0.00782
3	0.34273	0.01389	0.04626	0.01200	0.01663	0.01355	0.04371	0.08494	0.01740	0.18680	0.13511	0.02223	0.02043	0.00847	0.00616	0.00217	0.00592	0.00656	0.00603	0.00899
4	0.00850	0.00607	0.00810	0.00972	0.01012	0.00567	0.00648	0.00972	0.01336	0.01781	0.03846	0.75020	0.04615	0.02186	0.00891	0.00283	0.00405	0.01984	0.00648	0.00567
5	0.00825	0.00707	0.00707	0.00707	0.00943	0.00589	0.00530	0.01001	0.01591	0.01885	0.07069	0.06716	0.70839	0.01767	0.00825	0.00236	0.00353	0.01473	0.00648	0.00589
6	0.01504	0.19734	0.56646	0.01812	0.02746	0.01875	0.02269	0.02183	0.01461	0.02083	0.01189	0.01394	0.00887	0.00648	0.00615	0.00205	0.00968	0.00484	0.00296	0.01001
7	0.01715	0.01645	0.02810	0.06402	0.69101	0.01655	0.02135	0.02131	0.01583	0.02265	0.01310	0.01731	0.01100	0.00624	0.00691	0.00208	0.00832	0.00622	0.00344	0.01095
8	0.03131	0.01188	0.01619	0.01242	0.01781	0.01026	0.01026	0.03401	0.01997	0.71606	0.02753	0.02375	0.01727	0.00864	0.00702	0.00216	0.00594	0.00702	0.00864	0.01188
9	0.01713	0.01475	0.01558	0.01404	0.01791	0.01703	0.01091	0.03635	0.67791	0.02915	0.04912	0.02683	0.02266	0.00961	0.00714	0.00236	0.00545	0.00803	0.00712	0.01091
10	0.02318	0.08866	0.04761	0.02175	0.14174	0.49442	0.01509	0.02631	0.04353	0.01865	0.01182	0.01386	0.00980	0.00699	0.00629	0.00186	0.01108	0.00488	0.00363	0.00887
11	0.02606	0.01932	0.02068	0.01596	0.02146	0.02142	0.01315	0.65501	0.06652	0.04323	0.01734	0.01722	0.01235	0.00843	0.00699	0.00211	0.00757	0.00636	0.00699	0.01183
12	0.01700	0.01454	0.01529	0.01370	0.01758	0.01660	0.01067	0.06233	0.61490	0.02897	0.03136	0.02899	0.07689	0.01009	0.00719	0.00235	0.00545	0.00838	0.00704	0.01066
13	0.04460	0.04929	0.18750	0.11043	0.02448	0.01316	0.01511	0.02736	0.01743	0.38388	0.04326	0.02096	0.01517	0.00795	0.00678	0.00217	0.00741	0.00642	0.00613	0.01053
14	0.01859	0.01395	0.02008	0.03511	0.02150	0.01199	0.12747	0.06963	0.01709	0.14496	0.01565	0.01713	0.01167	0.00618	0.00621	0.00157	0.00675	0.00557	0.00499	0.44392
15	0.01498	0.09305	0.61571	0.01941	0.02899	0.04950	0.04051	0.02227	0.01496	0.02143	0.01226	0.01446	0.00890	0.00658	0.00648	0.00214	0.01023	0.00509	0.00299	0.01008
16	0.00975	0.00704	0.00922	0.00886	0.01040	0.00650	0.00657	0.01286	0.01917	0.02706	0.64685	0.11545	0.06406	0.01496	0.00829	0.00225	0.00336	0.01327	0.00757	0.00650
17	0.01828	0.62334	0.10898	0.01329	0.01939	0.05126	0.01363	0.02110	0.01429	0.01707	0.01002	0.01180	0.00895	0.00635	0.00555	0.00165	0.03902	0.00401	0.00301	0.00901
18	0.01447	0.01240	0.01447	0.01034	0.01654	0.00930	0.00827	0.01757	0.01447	0.02274	0.01240	0.01447	0.01034	0.00517	0.00517	0.00103	0.00517	0.00413	0.00413	0.79742
19	0.01318	0.01240	0.02093	0.73798	0.04806	0.01550	0.01938	0.01783	0.01395	0.01783	0.01240	0.01860	0.00930	0.00698	0.00698	0.00233	0.00930	0.00620	0.00310	0.00775
20	0.00847	0.00618	0.00798	0.00942	0.01004	0.00569	0.00635	0.00975	0.01364	0.01793	0.04204	0.67440	0.11964	0.02140	0.00883	0.00278	0.00399	0.01927	0.00648	0.00569
21	0.00850	0.00607	0.00810	0.00972	0.01012	0.00567	0.00648	0.00972	0.01336	0.01781	0.03846	0.75020	0.04615	0.02186	0.00891	0.00283	0.00405	0.01984	0.00648	0.00567
22	0.01716	0.01723	0.05129	0.04207	0.68857	0.01657	0.02156	0.02144	0.01585	0.02277	0.01311	0.01719	0.01098	0.00623	0.00690	0.00208	0.00836	0.00618	0.00344	0.01103
23	0.03033	0.01344	0.01716	0.01316	0.01859	0.01258	0.01087	0.16723	0.02259	0.57914	0.02533	0.02233	0.01617	0.00858	0.00701	0.00215	0.00629	0.00687	0.00830	0.01187
24	0.00825	0.00707	0.00707	0.00707	0.00943	0.00589	0.00530	0.01001	0.01591	0.01885	0.07069	0.06716	0.70839	0.01767	0.00825	0.00236	0.00353	0.01473	0.00648	0.00589
25	0.01727	0.01658	0.02832	0.04283	0.71123	0.01658	0.02142	0.02142	0.01589	0.02280	0.01313	0.01727	0.01105	0.00622	0.00691	0.00207	0.00829	0.00622	0.00345	0.01105
26	0.02128	0.01537	0.01692	0.01395	0.01798	0.01680	0.01109	0.40565	0.11217	0.05899	0.02161	0.07593	0.01859	0.09292	0.01099	0.02534	0.00688	0.04099	0.00658	0.00996
27	0.01156	0.00821	0.01008	0.00933	0.01150	0.00784	0.00708	0.01638	0.09200	0.06178	0.51908	0.04981	0.14063	0.01390	0.00805	0.00223	0.00370	0.01210	0.00751	0.00724
28	0.00977	0.00705	0.00923	0.00885	0.01040	0.00651	0.00658	0.01290	0.01926	0.02720	0.65628	0.10561	0.06434	0.01485	0.00828	0.00224	0.00335	0.01317	0.00759	0.00651
29	0.01318	0.01240	0.02093	0.73798	0.04806	0.01550	0.01938	0.01783	0.01395	0.01783	0.01240	0.01860	0.00930	0.00698	0.00698	0.00233	0.00930	0.00620	0.00310	0.00775
30	0.01626	0.01357	0.01589	0.06643	0.01844	0.06452	0.01142	0.19372	0.01765	0.02367	0.01643	0.02272	0.01441	0.06854	0.32721	0.00645	0.08330	0.00687	0.00450	0.00800
31	0.02653	0.01955	0.02094	0.01606	0.02164	0.02164	0.01326	0.68796	0.03281	0.04398	0.01675	0.01675	0.01187	0.00838	0.00698	0.00209	0.00768	0.00628	0.00698	0.01187
32	0.01844	0.72604	0.06762	0.01230	0.01847	0.02709	0.01257	0.02095	0.01420	0.01668	0.00983	0.01136	0.00895	0.00600	0.00458	0.00153	0.00759	0.00380	0.00298	0.00902
33	0.02407	0.01768	0.01911	0.01506	0.01989	0.01944	0.01219	0.59233	0.02991	0.04007	0.01899	0.08474	0.01566	0.04716	0.00859	0.00240	0.00730	0.00771	0.00680	0.01092
34	0.01421	0.06901	0.68755	0.01953	0.02964	0.01673	0.02515	0.02204	0.01471	0.02184	0.01239	0.01457	0.00885	0.00660	0.00653	0.00218	0.01018	0.00509	0.00295	0.01025
35	0.00874	0.00626	0.00831	0.00955	0.01017	0.00583	0.00650	0.01032	0.01448	0.01959	0.15515	0.62845	0.04959	0.02054	0.00879	0.00272	0.00392	0.01858	0.00669	0.00583
36	0.01338	0.01261	0.02130	0.70300	0.08143	0.01556	0.01948	0.01801	0.01405	0.01808	0.01244	0.01854	0.00939	0.00694	0.00697	0.00231	0.00925	0.00620	0.00312	0.00792
37	0.00915	0.00683	0.00849	0.00937	0.01038	0.00645	0.00648	0.01162	0.04916	0.01974	0.13088	0.49890	0.14150	0.04482	0.00955	0.00279	0.00404	0.01721	0.00659	0.00604
38	0.09023	0.01246	0.01602	0.01239	0.01771	0.01135	0.01023	0.07221	0.02012	0.62327	0.02552	0.02238	0.01621	0.00846	0.00681	0.00216	0.00600	0.00673	0.00821	0.01154
39	0.02757	0.01225	0.01582	0.01249	0.01740	0.01137	0.01019	0.07654	0.08741	0.53750	0.09183	0.02621	0.02194	0.00924	0.00714	0.00218	0.00576	0.00759	0.00828	0.01129
40	0.01517	0.01696	0.06152	0.12685	0.06028	0.01739	0.32846	0.01963	0.01463	0.02043	0.03638	0.04109	0.01292	0.00837	0.01147	0.00251	0.18602	0.00771	0.00355	0.00865
41	0.01751	0.01511	0.01537	0.01389	0.01768	0.04835	0.01076	0.03459	0.59784	0.04836	0.02950	0.05292	0.04689	0.01009	0.00717	0.00235	0.00573	0.00839	0.00694	0.01055
42	0.00850	0.00607	0.00810	0.00972	0.01012	0.00567	0.00648	0.00972	0.01336	0.01781	0.03846	0.75020	0.04615	0.02186	0.00891	0.00283	0.00405	0.01984	0.00648	0.00567
43	0.01108	0.00810	0.01091	0.01228	0.01399	0.00805	0.01056	0.01461	0.03679	0.02086	0.03976	0.09627	0.09967	0.01891	0.00941	0.00310	0.00607	0.56662	0.00645	0.00650
44	0.02062	0.32977	0.14895	0.01512	0.02131	0.05495	0.01492	0.21275	0.01985	0.04478	0.01273	0.01402	0.01001	0.00722	0.00665	0.00190	0.04518	0.00496	0.00431	0.01000
45	0.00870	0.00634	0.00849	0.00997	0.01036	0.00613	0.00674	0.00993	0.01328	0.01778	0.03760	0.72851	0.04506	0.02158	0.00932	0.00284	0.02583	0.01943	0.00638	0.00573
46	0.01121	0.00801	0.01119	0.01274	0.01435	0.00799	0.01112	0.01442	0.01617	0.02108	0.05530	0.07799	0.04086	0.01914	0.00960	0.00318	0.00634	0.64642	0.00646	0.00643
47	0.01687	0.01617	0.02760	0.11081	0.64638	0.01648	0.02122	0.02107	0.01570	0.02231	0.01306	0.01740	0.01088	0.00629	0.00692	0.00210	0.00839	0.00622	0.00342	0.01073
48	0.01354	0.04077	0.02102	0.58134	0.04115	0.01639	0.01790	0.01748	0.01335	0.01745	0.01226	0.01901	0.00995	0.03928	0.01026	0.00258	0.10922	0.00626	0.00314	0.00763
49	0.01978	0.53103	0.05785	0.01600	0.07782	0.15951	0.01355	0.02231	0.01541	0.01729	0.01030	0.01210	0.00914	0.00625	0.00511	0.00163	0.00861	0.00414	0.00314	0.00902
50	0.01538	0.04087	0.02190	0.01810	0.01831	0.02159	0.01515	0.01694	0.01081	0.01678	0.00918	0.01513	0.00915	0.01200	0.02227	0.00300	0.71670	0.00603	0.00305	0.00768
51	0.02683	0.01906	0.02064	0.01583	0.02140	0.02092	0.01307	0.64670	0.03200	0.08639	0.01743	0.01720	0.01221	0.00839	0.00698	0.00210	0.00757	0.00633	0.00709	0.01187
52	0.01647	0.01882	0.04118	0.02941	0.03647	0.01765	0.68588	0.02235	0.01647	0.02235	0.01412	0.01882	0.01059	0.00588	0.00824	0.00235	0.01176	0.00824	0.00353	0.00941
53	0.00979	0.00713	0.00921	0.00869	0.01037	0.00655	0.00652	0.01301	0.01956	0.02752	0.67550	0.05288	0.09818	0.01444	0.00823	0.00220	0.00330	0.01273	0.00762	0.00655
54	0.01318	0.01240	0.02093	0.73798	0.04806	0.01550	0.01938	0.01783	0.01395	0.01783	0.01240	0.01860	0.00930	0.00698	0.00698	0.00233	0.00930	0.00620	0.00310	0.00775
55	0.00991	0.00742	0.01108	0.01115	0.01236	0.00859	0.00863	0.01235	0.01131	0.01627	0.01953	0.05791	0.01866	0.05105	0.69680	0.01086	0.01807	0.00800	0.00385	0.00621
56	0.00864	0.00617	0.00826	0.00988	0.01034	0.00579	0.00672	0.00996	0.01350	0.01797	0.03838	0.71621	0.04585	0.02173	0.00894	0.00285	0.00417	0.05246	0.00648	0.00571
57	0.02348	0.01412	0.01633	0.01365	0.01828	0.01492	0.01091	0.08499	0.38411	0.29779	0.02718	0.02445	0.01902	0.00906	0.00706	0.00227	0.00585	0.00743	0.00769	0.01143
58	0.00849	0.00611	0.00806	0.00963	0.01010	0.00568	0.00644	0.00973	0.01345	0.01785	0.03957	0.72672	0.06892	0.02172	0.00888	0.00282	0.00403	0.01966	0.00648	0.00568
59	0.01001	0.00687	0.00959	0.01028	0.01114	0.00642	0.02979	0.01139	0.01364	0.04940	0.05564	0.60235	0.04219	0.09216	0.01138	0.00315	0.00464	0.01770	0.00629	0.00596
60	0.00837	0.00707	0.00723	0.00719	0.00950	0.00594	0.00539	0.01024	0.01618	0.01951	0.11678	0.06607	0.66190	0.01743	0.00825	0.00234	0.00352	0.01458	0.00657	0.00594
61	0.00825	0.00707	0.00707	0.00707	0.00943	0.00589	0.00530	0.01001	0.01591	0.01885	0.07069	0.06716	0.70839	0.01767	0.00825	0.00236	0.00353	0.01473	0.00648	0.00589
62	0.01850	0.72536	0.03588	0.01223	0.01793	0.02733	0.01209	0.02071	0.01402	0.01643	0.00968	0.01138	0.00896	0.00625	0.00531	0.00156	0.04065	0.00384	0.00299	0.00890
63	0.01414	0.03507	0.67839	0.02045	0.03057	0.01629	0.06497	0.02211	0.01484	0.02211	0.01262	0.01498	0.00894	0.00659	0.00673	0.00222	0.01040	0.00534	0.00298	0.01026
64	0.00850	0.00607	0.00810	0.00972	0.01012	0.00567	0.00648	0.00972	0.01336	0.01781	0.03846	0.75020	0.04615	0.02186	0.00891	0.00283	0.00405	0.01984	0.00648	0.00567
65	0.01015	0.00677	0.00761	0.00761	0.00761	0.00677	0.00423	0.01015	0.01015	0.01353	0.02199	0.04567	0.02537	0.75476	0.03552	0.00677	0.00677	0.01015	0.00423	0.00423
66	0.01115	0.00800	0.01112	0.01268	0.01431	0.00797	0.01107	0.01432	0.01606	0.02082	0.03796	0.07837	0.06026	0.01923	0.00960	0.00319	0.00634	0.64472	0.00643	0.00641
67	0.01318	0.01240	0.02093	0.73798	0.04806	0.01550	0.01938	0.01783	0.01395	0.01783	0.01240	0.01860	0.00930	0.00698	0.00698	0.00233	0.00930	0.00620	0.00310	0.00775
68	0.02653	0.01955	0.02094	0.01606	0.02164	0.02164	0.01326	0.68796	0.03281	0.04398	0.01675	0.01675	0.01187	0.00838	0.00698	0.00209	0.00768	0.00628	0.00698	0.01187
69	0.01727	0.01658	0.02832	0.04283	0.71123	0.01658	0.02142	0.02142	0.01589	0.02280	0.01313	0.01727	0.01105	0.00622	0.00691	0.00207	0.00829	0.00622	0.00345	0.01105
70	0.00850	0.00607	0.00810	0.00972	0.01012	0.00567	0.00648	0.00972	0.01336	0.01781	0.03846	0.75020	0.04615	0.02186	0.00891	0.00283	0.00405	0.01984	0.00648	0.00567
71	0.01015	0.00677	0.00761	0.00761	0.00761	0.00677	0.00423	0.01015	0.01015	0.01353	0.02199	0.04567	0.02537	0.75476	0.03552	0.00677	0.00677	0.01015	0.00423	0.00423
72	0.01318	0.01240	0.02093	0.73798	0.04806	0.01550	0.01938	0.01783	0.01395	0.01783	0.01240	0.01860	0.00930	0.00698	0.00698	0.00233	0.00930	0.00620	0.00310	0.00775
73	0.01861	0.01452	0.01588	0.04632	0.01905	0.01631	0.01110	0.12791	0.45965	0.07264	0.02851	0.02691	0.06407	0.00964	0.00707	0.00229	0.00582	0.00792	0.03523	0.01057
74	0.00848	0.00633	0.00790	0.00910	0.00997	0.00574	0.00622	0.00988	0.01411	0.01833	0.06427	0.57738	0.19547	0.02071	0.00874	0.00271	0.00391	0.01849	0.00651	0.00574
75	0.00886	0.00684	0.00809	0.00831	0.00994	0.00607	0.00603	0.01101	0.01657	0.02168	0.27782	0.23231	0.32626	0.01757	0.00841	0.00242	0.00358	0.01529	0.00689	0.00607
76	0.01009	0.00752	0.00943	0.00888	0.01072	0.00706	0.00668	0.01406	0.05354	0.02715	0.61109	0.05228	0.12644	0.01436	0.00818	0.00222	0.00343	0.01259	0.00754	0.00674
77	0.01397	0.03465	0.67683	0.02024	0.04994	0.01593	0.02508	0.02181	0.01492	0.02230	0.03328	0.01592	0.01061	0.00685	0.00669	0.00221	0.01004	0.00541	0.00310	0.01022
78	0.02494	0.03058	0.02093	0.02114	0.11123	0.60838	0.01451	0.05140	0.01975	0.01882	0.01131	0.01335	0.00936	0.00711	0.00640	0.00184	0.01184	0.00478	0.00370	0.00861
79	0.00884	0.00629	0.00838	0.00993	0.01044	0.00595	0.00685	0.01020	0.01349	0.01793	0.03762	0.65492	0.04469	0.05253	0.01010	0.00304	0.00440	0.08235	0.00638	0.00568
80	0.01845	0.72630	0.06738	0.01230	0.01847	0.02710	0.01257	0.02095	0.01420	0.01667	0.00983	0.01135	0.00895	0.00600	0.00457	0.00152	0.00759	0.00380	0.00298	0.00902
81	0.01642	0.01866	0.04027	0.02891	0.03564	0.01782	0.65535	0.02210	0.01621	0.02210	0.01389	0.01866	0.01052	0.00617	0.00890	0.00238	0.04501	0.00814	0.00351	0.00933
82	0.00850	0.00607	0.00810	0.00972	0.01012	0.00567	0.00648	0.00972	0.01336	0.01781	0.03846	0.75020	0.04615	0.02186	0.00891	0.00283	0.00405	0.01984	0.00648	0.00567
83	0.00860	0.00614	0.00821	0.00982	0.01027	0.00575	0.00664	0.00988	0.01345	0.01792	0.03841	0.72712	0.04595	0.02177	0.00893	0.00285	0.00413	0.04199	0.00648	0.00569
84	0.02334	0.01768	0.01894	0.01528	0.02027	0.01977	0.01238	0.43417	0.27360	0.05717	0.02127	0.02031	0.01543	0.00878	0.00703	0.00219	0.00685	0.00688	0.00707	0.01157
85	0.00903	0.00644	0.00839	0.00977	0.01028	0.00612	0.00653	0.02663	0.01368	0.01825	0.03709	0.69626	0.04425	0.05863	0.01021	0.00301	0.00428	0.01901	0.00638	0.00575
86	0.02653	0.01955	0.02094	0.01606	0.02164	0.02164	0.01326	0.68796	0.03281	0.04398	0.01675	0.01675	0.01187	0.00838	0.00698	0.00209	0.00768	0.00628	0.00698	0.01187
87	0.00976	0.00717	0.00916	0.00879	0.01051	0.00658	0.00667	0.01287	0.01912	0.02657	0.59999	0.05521	0.13880	0.01491	0.00830	0.00227	0.00348	0.04585	0.00748	0.00650
88	0.80405	0.01350	0.01026	0.00918	0.01350	0.01565	0.00756	0.02051	0.01188	0.03131	0.00972	0.01134	0.00756	0.00648	0.00432	0.00216	0.00540	0.00378	0.00432	0.00756
89	0.01015	0.00677	0.00761	0.00761	0.00761	0.00677	0.00423	0.01015	0.01015	0.01353	0.02199	0.04567	0.02537	0.75476	0.03552	0.00677	0.00677	0.01015	0.00423	0.00423
90	0.01318	0.01240	0.02093	0.73798	0.04806	0.01550	0.01938	0.01783	0.01395	0.01783	0.01240	0.01860	0.00930	0.00698	0.00698	0.00233	0.00930	0.00620	0.00310	0.00775
91	0.01652	0.01497	0.02186	0.49457	0.12922	0.04297	0.01836	0.13554	0.01771	0.02301	0.01320	0.01789	0.00997	0.00713	0.00694	0.00223	0.00901	0.00615	0.00384	0.00891
92	0.02483	0.08354	0.02071	0.01715	0.02103	0.58781	0.01316	0.05597	0.07612	0.01917	0.01242	0.01377	0.01013	0.00734	0.00626	0.00184	0.01142	0.00480	0.00398	0.00856
93	0.01097	0.00888	0.01378	0.01320	0.01492	0.00873	0.09304	0.03766	0.01529	0.02053	0.07608	0.44022	0.03945	0.01810	0.00927	0.00278	0.02806	0.13631	0.00609	0.00662
94	0.01473	0.01212	0.01425	0.01037	0.01631	0.00918	0.00825	0.01774	0.01459	0.04366	0.01397	0.04587	0.01206	0.00598	0.00538	0.00114	0.00514	0.00489	0.00437	0.73999
95	0.00850	0.00607	0.00810	0.00972	0.01012	0.00567	0.00648	0.00972	0.01336	0.01781	0.03846	0.75020	0.04615	0.02186	0.00891	0.00283	0.00405	0.01984	0.00648	0.00567
96	0.01447	0.01240	0.01447	0.01034	0.01654	0.00930	0.00827	0.01757	0.01447	0.02274	0.01240	0.01447	0.01034	0.00517	0.00517	0.00103	0.00517	0.00413	0.00413	0.79742
97	0.05523	0.01341	0.04548	0.01239	0.01806	0.01114	0.01056	0.04972	0.04444	0.48322	0.02307	0.02102	0.01523	0.00784	0.00655	0.00195	0.00599	0.00628	0.00727	0.16115
98	0.01447	0.01240	0.01447	0.01034	0.01654	0.00930	0.00827	0.01757	0.01447	0.02274	0.01240	0.01447	0.01034	0.00517	0.00517	0.00103	0.00517	0.00413	0.00413	0.79742
99	0.02039	0.01325	0.01763	0.01301	0.01893	0.01122	0.06685	0.05735	0.04247	0.23122	0.01788	0.01816	0.01291	0.00659	0.00614	0.00158	0.00610	0.00559	0.00568	0.42706
100	0.02914	0.01540	0.01813	0.01517	0.05384	0.06535	0.01173	0.18017	0.02264	0.47890	0.02316	0.02104	0.01514	0.00835	0.00695	0.00211	0.00693	0.00663	0.00764	0.01156
101	0.00966	0.00712	0.00902	0.00855	0.01029	0.00649	0.00641	0.01274	0.01923	0.02675	0.62117	0.05416	0.15299	0.01473	0.00823	0.00222	0.00333	0.01291	0.00752	0.00649
102	0.03131	0.01188	0.01619	0.01242	0.01781	0.01026	0.01026	0.03401	0.01997	0.71606	0.02753	0.02375	0.01727	0.00864	0.00702	0.00216	0.00594	0.00702	0.00864	0.01188
103	0.02405	0.01777	0.01908	0.01519	0.02024	0.01973	0.01236	0.48519	0.19466	0.06399	0.02017	0.01955	0.01455	0.00865	0.00695	0.00215	0.00696	0.00671	0.03055	0.01151
104	0.01263	0.00974	0.01252	0.07061	0.04714	0.01006	0.00953	0.01910	0.15695	0.05044	0.29789	0.10044	0.10413	0.01339	0.00794	0.00237	0.00485	0.05569	0.00674	0.00784
105	0.00850	0.00607	0.00810	0.00972	0.01012	0.00567	0.00648	0.00972	0.01336	0.01781	0.03846	0.75020	0.04615	0.02186	0.00891	0.00283	0.00405	0.01984	0.00648	0.00567
106	0.01345	0.01287	0.02197	0.66589	0.04597	0.01591	0.05271	0.01800	0.01391	0.01800	0.01233	0.01845	0.00936	0.00719	0.00785	0.00236	0.04652	0.00630	0.00312	0.00783
107	0.02288	0.01727	0.01870	0.01483	0.01983	0.01877	0.01201	0.49327	0.11552	0.03818	0.01965	0.07727	0.01574	0.00934	0.00700	0.00210	0.00690	0.00741	0.00672	0.07660
108	0.01727	0.01658	0.02832	0.04283	0.71123	0.01658	0.02142	0.02142	0.01589	0.02280	0.01313	0.01727	0.01105	0.00622	0.00691	0.00207	0.00829	0.00622	0.00345	0.01105
109	0.03131	0.01188	0.01619	0.01242	0.01781	0.01026	0.01026	0.03401	0.01997	0.71606	0.02753	0.02375	0.01727	0.00864	0.00702	0.00216	0.00594	0.00702	0.00864	0.01188
110	0.00836	0.00706	0.00717	0.00715	0.00941	0.00594	0.00532	0.01014	0.01589	0.01905	0.09338	0.06598	0.66470	0.03849	0.00902	0.00248	0.00362	0.01452	0.00646	0.00587
111	0.01400	0.03610	0.71860	0.01989	0.03020	0.01621	0.02578	0.02210	0.01473	0.02210	0.01252	0.01473	0.00884	0.00663	0.00663	0.00221	0.01031	0.00516	0.00295	0.01031
112	0.01007	0.00673	0.00764	0.00772	0.00774	0.00671	0.00434	0.01013	0.01031	0.01375	0.02282	0.08112	0.02642	0.71788	0.03418	0.00657	0.00663	0.01064	0.00434	0.00430
113	0.00850	0.00607	0.00810	0.00972	0.01012	0.00567	0.00648	0.00972	0.01336	0.01781	0.03846	0.75020	0.04615	0.02186	0.00891	0.00283	0.00405	0.01984	0.00648	0.00567
114	0.01400	0.03610	0.71860	0.01989	0.03020	0.01621	0.02578	0.02210	0.01473	0.02210	0.01252	0.01473	0.00884	0.00663	0.00663	0.00221	0.01031	0.00516	0.00295	0.01031
115	0.01709	0.01639	0.02799	0.07424	0.68126	0.01653	0.02132	0.02125	0.01580	0.02257	0.01309	0.01733	0.01097	0.00625	0.00691	0.00208	0.00834	0.00622	0.00344	0.01090
116	0.01212	0.00606	0.00909	0.00909	0.00909	0.00606	0.00606	0.00909	0.00909	0.01212	0.01212	0.02121	0.01212	0.02424	0.02727	0.79697	0.00606	0.00606	0.00303	0.00303
117	0.02607	0.03326	0.01978	0.01798	0.02157	0.72674	0.01348	0.02787	0.01978	0.01708	0.01079	0.01258	0.00899	0.00719	0.00629	0.00180	0.01258	0.00449	0.00360	0.00809
118	0.02024	0.06657	0.03766	0.01264	0.01671	0.01364	0.01042	0.15065	0.12130	0.20726	0.11074	0.15183	0.02709	0.01147	0.00731	0.00225	0.00579	0.00965	0.00702	0.00975
119	0.02539	0.01898	0.02030	0.01583	0.02121	0.02111	0.01299	0.60727	0.11535	0.04215	0.01820	0.01790	0.01304	0.00851	0.00700	0.00213	0.00741	0.00648	0.00700	0.01177
120	0.01014	0.00679	0.00774	0.00774	0.00779	0.00684	0.00439	0.01023	0.01019	0.01363	0.02187	0.04501	0.02509	0.72950	0.06039	0.00693	0.00719	0.01005	0.00421	0.00430
121	0.80405	0.01350	0.01026	0.00918	0.01350	0.01565	0.00756	0.02051	0.01188	0.03131	0.00972	0.01134	0.00756	0.00648	0.00432	0.00216	0.00540	0.00378	0.00432	0.00756
122	0.00892	0.00694	0.00785	0.00789	0.00957	0.00615	0.00566	0.01084	0.01601	0.02059	0.23186	0.13892	0.38553	0.09855	0.01133	0.00285	0.00389	0.01424	0.00655	0.00587
123	0.01561	0.01515	0.02092	0.01791	0.01824	0.02085	0.01489	0.05039	0.01182	0.01814	0.00995	0.01586	0.00965	0.01372	0.05188	0.00335	0.67445	0.00617	0.00328	0.00779
124	0.01019	0.00781	0.01164	0.01152	0.01271	0.00926	0.00900	0.01264	0.01119	0.01622	0.01829	0.02690	0.01710	0.05064	0.69732	0.01087	0.04928	0.00742	0.00371	0.00629
125	0.01389	0.01313	0.02222	0.61675	0.16372	0.01569	0.01974	0.01846	0.01429	0.01870	0.01253	0.01837	0.00961	0.00684	0.00696	0.00228	0.00913	0.00620	0.00316	0.00833
126	0.01607	0.02174	0.15878	0.02832	0.06391	0.01735	0.54266	0.02227	0.01614	0.02233	0.01380	0.01804	0.01030	0.00603	0.00790	0.00232	0.01136	0.00761	0.00342	0.00964
127	0.00845	0.00627	0.00789	0.00918	0.00998	0.00571	0.00624	0.00978	0.01388	0.01802	0.04500	0.61165	0.18048	0.02101	0.00877	0.00274	0.00394	0.01880	0.00648	0.00571
128	0.01318	0.01240	0.02093	0.73798	0.04806	0.01550	0.01938	0.01783	0.01395	0.01783	0.01240	0.01860	0.00930	0.00698	0.00698	0.00233	0.00930	0.00620	0.00310	0.00775
129	0.00850	0.00607	0.00810	0.00972	0.01012	0.00567	0.00648	0.00972	0.01336	0.01781	0.03846	0.75020	0.04615	0.02186	0.00891	0.00283	0.00405	0.01984	0.00648	0.00567
130	0.80405	0.01350	0.01026	0.00918	0.01350	0.01565	0.00756	0.02051	0.01188	0.03131	0.00972	0.01134	0.00756	0.00648	0.00432	0.00216	0.00540	0.00378	0.00432	0.00756
131	0.01006	0.00710	0.00931	0.00931	0.00990	0.00769	0.00635	0.01124	0.01065	0.01479	0.02043	0.03705	0.02163	0.42306	0.36210	0.00887	0.01240	0.00889	0.00400	0.00517
132	0.01842	0.72258	0.07089	0.01234	0.01853	0.02704	0.01264	0.02096	0.01421	0.01670	0.00984	0.01137	0.00895	0.00600	0.00459	0.00153	0.00761	0.00380	0.00298	0.00902
133	0.01016	0.00775	0.01158	0.01147	0.01267	0.00917	0.00896	0.01262	0.01120	0.01622	0.01835	0.02698	0.01715	0.05090	0.70195	0.01092	0.04453	0.00743	0.00371	0.00628
134	0.00873	0.00609	0.00802	0.00955	0.01002	0.00571	0.00640	0.01005	0.01342	0.01823	0.03767	0.71354	0.04472	0.02117	0.00870	0.00277	0.00401	0.01916	0.04632	0.00571
135	0.01727	0.01658	0.02832	0.04283	0.71123	0.01658	0.02142	0.02142	0.01589	0.02280	0.01313	0.01727	0.01105	0.00622	0.00691	0.00207	0.00829	0.00622	0.00345	0.01105
136	0.02575	0.03273	0.01982	0.01799	0.02148	0.70593	0.01354	0.02754	0.01951	0.01707	0.01074	0.01266	0.00899	0.00734	0.00678	0.00183	0.03411	0.00454	0.00358	0.00808
137	0.01804	0.01604	0.01612	0.01444	0.01841	0.05339	0.01123	0.05407	0.64639	0.02897	0.02720	0.02511	0.02043	0.00932	0.00706	0.00233	0.00594	0.00767	0.00692	0.01092
138	0.00868	0.00631	0.00858	0.03724	0.01156	0.00604	0.00697	0.01002	0.01338	0.01781	0.03748	0.72255	0.04476	0.02130	0.00883	0.00281	0.00425	0.01932	0.00635	0.00575
139	0.01430	0.01355	0.02296	0.54679	0.23046	0.01580	0.01994	0.01882	0.01449	0.01920	0.01260	0.01824	0.00978	0.00677	0.00696	0.00226	0.00902	0.00621	0.00320	0.00866
140	0.00943	0.00653	0.00813	0.00883	0.00911	0.00646	0.00559	0.01016	0.01162	0.01560	0.02878	0.34672	0.03361	0.37864	0.08442	0.00546	0.00664	0.01408	0.00515	0.00502
141	0.01657	0.01831	0.03823	0.03136	0.15350	0.01759	0.54604	0.02199	0.01616	0.02223	0.01377	0.01843	0.01062	0.00617	0.00853	0.00233	0.03724	0.00781	0.00350	0.00963
142	0.01015	0.00677	0.00761	0.00761	0.00761	0.00677	0.00423	0.01015	0.01015	0.01353	0.02199	0.04567	0.02537	0.75476	0.03552	0.00677	0.00677	0.01015	0.00423	0.00423
143	0.01447	0.01240	0.01447	0.01034	0.01654	0.00930	0.00827	0.01757	0.01447	0.02274	0.01240	0.01447	0.01034	0.00517	0.00517	0.00103	0.00517	0.00413	0.00413	0.79742
144	0.02440	0.19657	0.02355	0.01662	0.02075	0.56941	0.01314	0.02630	0.01852	0.01693	0.01054	0.01227	0.00898	0.00692	0.00588	0.00173	0.01143	0.00432	0.00346	0.00828
145	0.00869	0.00659	0.00854	0.04606	0.01190	0.00621	0.00690	0.01019	0.01390	0.01802	0.04358	0.57671	0.17659	0.02027	0.00868	0.00271	0.00421	0.01813	0.00631	0.00582
146	0.01647	0.01882	0.04118	0.02941	0.03647	0.01765	0.68588	0.02235	0.01647	0.02235	0.01412	0.01882	0.01059	0.00588	0.00824	0.00235	0.01176	0.00824	0.00353	0.00941
147	0.06949	0.01328	0.05412	0.01266	0.01827	0.01085	0.01096	0.03268	0.01928	0.64363	0.02581	0.02263	0.01632	0.00842	0.00686	0.00216	0.00615	0.00675	0.00811	0.01157
148	0.02516	0.03148	0.01954	0.01772	0.02124	0.65766	0.01336	0.02820	0.06690	0.01792	0.01197	0.01360	0.00985	0.00749	0.00681	0.00187	0.03234	0.00478	0.00383	0.00828
149	0.02921	0.01141	0.01552	0.01206	0.01709	0.00990	0.00990	0.03196	0.01995	0.64854	0.09425	0.02654	0.02204	0.00919	0.00714	0.00216	0.00568	0.00757	0.00854	0.01136
150	0.02876	0.01409	0.08491	0.01317	0.01889	0.01075	0.01182	0.03201	0.01929	0.61857	0.02646	0.02519	0.01741	0.00889	0.00709	0.00221	0.00639	0.03463	0.00799	0.01149
151	0.01318	0.01240	0.02093	0.73798	0.04806	0.01550	0.01938	0.01783	0.01395	0.01783	0.01240	0.01860	0.00930	0.00698	0.00698	0.00233	0.00930	0.00620	0.00310	0.00775
152	0.01088	0.00782	0.00967	0.07012	0.01382	0.00723	0.00752	0.01325	0.01648	0.07322	0.17674	0.13879	0.36708	0.01602	0.00819	0.00240	0.00435	0.04321	0.00658	0.00663
153	0.01567	0.01953	0.10835	0.13487	0.03689	0.01731	0.49146	0.02144	0.01570	0.02144	0.01351	0.01823	0.01016	0.00636	0.00842	0.00236	0.03820	0.00753	0.00339	0.00919
154	0.01537	0.01747	0.05915	0.24700	0.03981	0.01694	0.45732	0.02095	0.01563	0.02095	0.01353	0.01861	0.01013	0.00625	0.00779	0.00234	0.01096	0.00750	0.00338	0.00893
155	0.01411	0.03531	0.68776	0.02032	0.03049	0.01627	0.05584	0.02211	0.01481	0.02211	0.01260	0.01492	0.00892	0.00660	0.00670	0.00222	0.01038	0.00530	0.00297	0.01027
156	0.04143	0.01244	0.02055	0.71195	0.04683	0.01551	0.01896	0.01793	0.01388	0.01831	0.01231	0.01835	0.00924	0.00696	0.00688	0.00232	0.00916	0.00612	0.00314	0.00774
157	0.01471	0.01351	0.02215	0.41973	0.10223	0.01555	0.08052	0.06759	0.03413	0.02114	0.01621	0.05384	0.01398	0.00873	0.00798	0.00240	0.03647	0.05674	0.00396	0.00842

[dist]
# distance from previous block
# <min> <max>
0	11

[block]
# block no. 1 follows, 30 sequences, length 35
# corresponding to MSA columns:
# 184-218
name=unknown_B
#
# <colnr> <probs for GDERKNQSTAVLIFYWHMCP>
#	G	D	E	R	K	N	Q	S	T	A	V	L	I	F	Y	W	H	M	C	P
0	0.04412	0.02488	0.02217	0.02504	0.23543	0.35978	0.01565	0.11726	0.04856	0.02346	0.01305	0.01515	0.01050	0.00713	0.00656	0.00196	0.01008	0.00540	0.00419	0.00964
1	0.01727	0.01658	0.02832	0.04283	0.71123	0.01658	0.02142	0.02142	0.01589	0.02280	0.01313	0.01727	0.01105	0.00622	0.00691	0.00207	0.00829	0.00622	0.00345	0.01105
2	0.01012	0.00686	0.00810	0.00810	0.00826	0.00703	0.00483	0.01046	0.01029	0.01389	0.02154	0.04321	0.02430	0.66030	0.12851	0.00736	0.00837	0.00979	0.00416	0.00450
3	0.06748	0.11631	0.50925	0.01831	0.02714	0.01715	0.06232	0.02208	0.01489	0.04682	0.02891	0.01554	0.01051	0.00675	0.00638	0.00213	0.00942	0.00533	0.00339	0.00989
4	0.01925	0.01515	0.01693	0.01542	0.04922	0.01681	0.01167	0.27060	0.28804	0.03212	0.02456	0.08439	0.02090	0.04442	0.00866	0.00255	0.00644	0.05593	0.00666	0.01028
5	0.00850	0.00607	0.00810	0.00972	0.01012	0.00567	0.00648	0.00972	0.01336	0.01781	0.03846	0.75020	0.04615	0.02186	0.00891	0.00283	0.00405	0.01984	0.00648	0.00567
6	0.01586	0.01589	0.04877	0.26358	0.47742	0.01622	0.02091	0.02030	0.01523	0.02119	0.01288	0.01761	0.01042	0.00647	0.00692	0.00216	0.00868	0.00618	0.00332	0.00998
7	0.11490	0.15185	0.30893	0.01633	0.03992	0.01761	0.03315	0.05747	0.06103	0.08461	0.04129	0.01695	0.01272	0.00722	0.00616	0.00208	0.00809	0.00553	0.00431	0.00985
8	0.06794	0.02687	0.01997	0.01861	0.06942	0.43510	0.01356	0.18970	0.05036	0.02538	0.01309	0.01443	0.01027	0.00747	0.00643	0.00193	0.01039	0.00516	0.00460	0.00932
9	0.01092	0.00758	0.00890	0.00907	0.00968	0.00761	0.00579	0.06642	0.01319	0.01761	0.02750	0.29754	0.03175	0.42811	0.02354	0.00496	0.00586	0.01332	0.00527	0.00538
10	0.24390	0.01534	0.01597	0.01259	0.01770	0.01617	0.01033	0.29491	0.02227	0.13594	0.04428	0.01744	0.01349	0.00773	0.00607	0.00200	0.00630	0.00569	0.00616	0.10574
11	0.01934	0.01439	0.01590	0.01345	0.01716	0.01555	0.01058	0.39297	0.07438	0.03394	0.06357	0.22021	0.05245	0.01280	0.00763	0.00233	0.00613	0.01076	0.00687	0.00960
12	0.00848	0.00687	0.00736	0.00763	0.00944	0.00594	0.00547	0.01006	0.01513	0.01853	0.07988	0.18638	0.52066	0.07378	0.01042	0.00277	0.00386	0.01523	0.00635	0.00575
13	0.01727	0.01658	0.02832	0.04283	0.71123	0.01658	0.02142	0.02142	0.01589	0.02280	0.01313	0.01727	0.01105	0.00622	0.00691	0.00207	0.00829	0.00622	0.00345	0.01105
14	0.12082	0.13481	0.32045	0.01783	0.08170	0.01695	0.01779	0.02084	0.01403	0.05240	0.01303	0.01587	0.01027	0.01212	0.09072	0.00317	0.03915	0.00524	0.00353	0.00929
15	0.07976	0.03421	0.65964	0.01900	0.02881	0.01616	0.02427	0.02197	0.01450	0.02287	0.01229	0.01445	0.00873	0.00662	0.00644	0.00221	0.00990	0.00504	0.00306	0.01008
16	0.00850	0.00711	0.00742	0.00743	0.00970	0.00603	0.00563	0.01045	0.01625	0.01972	0.12467	0.06628	0.62811	0.01744	0.00830	0.00237	0.00362	0.03843	0.00658	0.00597
17	0.01508	0.07895	0.12197	0.02497	0.10659	0.01614	0.35529	0.01997	0.01547	0.02113	0.01752	0.14029	0.01625	0.00871	0.00768	0.00231	0.00953	0.00919	0.00390	0.00905
18	0.02142	0.01801	0.08521	0.01480	0.01982	0.01735	0.01287	0.43344	0.05755	0.05650	0.09890	0.09045	0.02162	0.01022	0.00728	0.00220	0.00694	0.00828	0.00668	0.01049
19	0.01744	0.01546	0.01573	0.01430	0.01811	0.04905	0.01117	0.03550	0.63287	0.02822	0.02804	0.02812	0.02171	0.00987	0.00719	0.00238	0.00589	0.04136	0.00691	0.01067
20	0.01026	0.00765	0.00917	0.00916	0.01119	0.00707	0.00711	0.01358	0.04815	0.03993	0.27864	0.10359	0.29608	0.01642	0.00841	0.00246	0.00408	0.11349	0.00696	0.00658
21	0.01885	0.55467	0.03373	0.01887	0.16487	0.07073	0.01405	0.02146	0.01490	0.01781	0.01050	0.01257	0.00940	0.00610	0.00511	0.00164	0.00797	0.00431	0.00312	0.00934
22	0.01400	0.03610	0.71860	0.01989	0.03020	0.01621	0.02578	0.02210	0.01473	0.02210	0.01252	0.01473	0.00884	0.00663	0.00663	0.00221	0.01031	0.00516	0.00295	0.01031
23	0.00826	0.00702	0.00712	0.00719	0.00946	0.00588	0.00535	0.01000	0.01579	0.01880	0.06924	0.09788	0.67861	0.01786	0.00828	0.00238	0.00356	0.01496	0.00648	0.00588
24	0.36558	0.14292	0.06864	0.04009	0.15490	0.08373	0.01320	0.02146	0.01405	0.02475	0.01076	0.01306	0.00876	0.00643	0.00528	0.00201	0.00744	0.00449	0.00372	0.00873
25	0.01407	0.03443	0.66257	0.04879	0.03117	0.01624	0.05315	0.02194	0.01477	0.02194	0.01258	0.01506	0.00893	0.00661	0.00671	0.00222	0.01033	0.00533	0.00298	0.01017
26	0.05646	0.00689	0.00671	0.00665	0.00842	0.00701	0.00503	0.01649	0.01448	0.02631	0.02205	0.02521	0.01732	0.00804	0.00485	0.00166	0.00337	0.00635	0.75014	0.00656
27	0.00882	0.00630	0.00846	0.01008	0.01062	0.00594	0.00703	0.01026	0.01367	0.01817	0.03829	0.67277	0.04546	0.02156	0.00899	0.00288	0.00432	0.09415	0.00647	0.00576
28	0.04999	0.29402	0.24885	0.01715	0.04733	0.11829	0.04457	0.02189	0.01499	0.01940	0.01137	0.01375	0.00933	0.00824	0.03270	0.00224	0.02878	0.00477	0.00318	0.00917
29	0.00825	0.00707	0.00707	0.00707	0.00943	0.00589	0.00530	0.01001	0.01591	0.01885	0.07069	0.06716	0.70839	0.01767	0.00825	0.00236	0.00353	0.01473	0.00648	0.00589
30	0.01163	0.00729	0.00946	0.00934	0.01105	0.00661	0.00684	0.01401	0.01723	0.10002	0.34361	0.28894	0.11408	0.01656	0.00833	0.00242	0.00387	0.01466	0.00726	0.00679
31	0.01584	0.01499	0.02396	0.22002	0.07773	0.03481	0.16293	0.08340	0.03546	0.02228	0.01588	0.07828	0.01375	0.00894	0.00961	0.00239	0.11626	0.00778	0.04710	0.00859
32	0.02103	0.01337	0.01553	0.01304	0.01687	0.01419	0.01022	0.17128	0.24731	0.17020	0.02176	0.02218	0.01614	0.01205	0.01127	0.17038	0.00618	0.00686	0.00644	0.03370
33	0.01599	0.01723	0.08062	0.18325	0.39179	0.04773	0.04741	0.02041	0.01533	0.02131	0.01358	0.01807	0.01100	0.00844	0.03648	0.00249	0.00918	0.00620	0.04383	0.00966
34	0.18299	0.21971	0.21183	0.05095	0.08401	0.01932	0.09870	0.02122	0.01426	0.02243	0.01142	0.01396	0.00903	0.00631	0.00580	0.00202	0.00847	0.00500	0.00337	0.00921

[dist]
# distance from previous block
# <min> <max>
0	1

[block]
# block no. 2 follows, 30 sequences, length 10
# corresponding to MSA columns:
# 220-229
name=unknown_C
#
# <colnr> <probs for GDERKNQSTAVLIFYWHMCP>
#	G	D	E	R	K	N	Q	S	T	A	V	L	I	F	Y	W	H	M	C	P
0	0.01491	0.15586	0.53062	0.01828	0.02746	0.01773	0.04782	0.02161	0.01469	0.02119	0.01210	0.01428	0.00903	0.00639	0.00623	0.00202	0.00955	0.00497	0.00305	0.06222
1	0.14298	0.15494	0.01958	0.04308	0.01833	0.11159	0.01099	0.13207	0.03242	0.07379	0.01551	0.01768	0.02643	0.03533	0.00782	0.00213	0.05058	0.00550	0.05777	0.04148
2	0.01129	0.00959	0.04056	0.06177	0.01539	0.00870	0.00964	0.05332	0.01809	0.02440	0.29987	0.10078	0.13119	0.01525	0.00839	0.00251	0.00511	0.17063	0.00658	0.00695
3	0.01510	0.06462	0.01624	0.01287	0.05677	0.01172	0.00950	0.09650	0.01672	0.02413	0.04437	0.15124	0.01918	0.00909	0.00624	0.00163	0.00554	0.00770	0.00492	0.42591
4	0.01037	0.07621	0.01190	0.01049	0.01165	0.00898	0.00771	0.01181	0.01325	0.01768	0.03172	0.50821	0.03717	0.07859	0.01138	0.00300	0.04740	0.06150	0.00569	0.03529
5	0.11120	0.16423	0.04418	0.01082	0.01525	0.01421	0.00947	0.07824	0.01728	0.10612	0.12004	0.05052	0.11007	0.00978	0.00629	0.00195	0.00558	0.00773	0.03851	0.07850
6	0.01308	0.01076	0.01229	0.00973	0.01414	0.00881	0.00747	0.05178	0.01527	0.02194	0.02670	0.08662	0.14755	0.07675	0.00890	0.00201	0.00505	0.00808	0.00493	0.46813
7	0.00855	0.00633	0.00799	0.00917	0.01001	0.00577	0.00627	0.01000	0.01425	0.01867	0.08842	0.57850	0.16939	0.02059	0.00874	0.00270	0.00390	0.01842	0.00656	0.00577
8	0.01824	0.69368	0.09815	0.01266	0.01902	0.02658	0.01319	0.02100	0.01423	0.01693	0.00996	0.01151	0.00894	0.00603	0.00467	0.00156	0.00772	0.00386	0.00298	0.00908
9	0.06426	0.49933	0.14526	0.01376	0.02017	0.07065	0.01416	0.06640	0.01576	0.02011	0.01071	0.01225	0.00905	0.00635	0.00511	0.00171	0.00816	0.00419	0.00336	0.00924

[dist]
# distance from previous block
# <min> <max>
0	3

[block]
# block no. 3 follows, 30 sequences, length 20
# corresponding to MSA columns:
# 233-252
name=unknown_D
#
# <colnr> <probs for GDERKNQSTAVLIFYWHMCP>
#	G	D	E	R	K	N	Q	S	T	A	V	L	I	F	Y	W	H	M	C	P
0	0.01494	0.16346	0.57402	0.01829	0.02762	0.01827	0.02283	0.02239	0.03773	0.02133	0.01256	0.01449	0.00928	0.00661	0.00626	0.00209	0.00965	0.00500	0.00309	0.01010
1	0.01644	0.41706	0.29191	0.01501	0.02232	0.02197	0.01698	0.02173	0.04651	0.01915	0.01205	0.01396	0.00988	0.00848	0.03806	0.00224	0.00895	0.00463	0.00320	0.00944
2	0.01094	0.00811	0.00986	0.00987	0.01078	0.00868	0.00715	0.01314	0.04482	0.01765	0.03037	0.10965	0.10888	0.30478	0.05722	0.00470	0.07499	0.10056	0.06210	0.00577
3	0.08766	0.14529	0.40473	0.01545	0.02282	0.01613	0.01812	0.02003	0.01535	0.02318	0.14651	0.02109	0.01979	0.00799	0.00638	0.00209	0.00803	0.00624	0.00400	0.00911
4	0.06183	0.21912	0.50283	0.01723	0.02608	0.01908	0.02118	0.02170	0.01442	0.02119	0.01164	0.01363	0.00879	0.00645	0.00594	0.00202	0.00930	0.00471	0.00304	0.00980
5	0.00988	0.00689	0.00773	0.00782	0.00834	0.00669	0.00483	0.01038	0.01152	0.01491	0.03150	0.05142	0.14720	0.58080	0.02916	0.00577	0.00617	0.04958	0.00476	0.00465
6	0.01361	0.01279	0.02049	0.55851	0.04029	0.01642	0.01797	0.01755	0.01329	0.01791	0.01210	0.01817	0.00959	0.00813	0.01028	0.00245	0.16443	0.00619	0.03214	0.00768
7	0.02426	0.02134	0.01854	0.01515	0.01970	0.21054	0.01207	0.40000	0.02632	0.03366	0.01578	0.01676	0.01182	0.00792	0.00646	0.00192	0.00835	0.00576	0.10864	0.03501
8	0.01844	0.01395	0.01614	0.01361	0.01702	0.01524	0.01080	0.34550	0.02291	0.03125	0.05364	0.18639	0.02250	0.01624	0.08098	0.00319	0.06073	0.00965	0.00612	0.05572
9	0.01416	0.03338	0.62759	0.01968	0.02865	0.01688	0.02441	0.02141	0.01420	0.02141	0.01208	0.01480	0.00888	0.00736	0.00875	0.00232	0.10582	0.00528	0.00296	0.00996
10	0.00857	0.00618	0.00800	0.00941	0.00994	0.00574	0.00627	0.00976	0.01337	0.01766	0.03990	0.66271	0.09294	0.06118	0.01030	0.00301	0.00416	0.01894	0.00636	0.00561
11	0.01335	0.01304	0.02370	0.51459	0.04161	0.01489	0.15448	0.01788	0.01441	0.01875	0.01556	0.09730	0.01353	0.00835	0.00744	0.00239	0.00924	0.00808	0.00355	0.00787
12	0.01647	0.01882	0.04118	0.02941	0.03647	0.01765	0.68588	0.02235	0.01647	0.02235	0.01412	0.01882	0.01059	0.00588	0.00824	0.00235	0.01176	0.00824	0.00353	0.00941
13	0.00834	0.00669	0.00746	0.00807	0.00969	0.00581	0.00575	0.00990	0.01494	0.01846	0.05852	0.32517	0.45824	0.01926	0.00850	0.00254	0.00373	0.01666	0.00648	0.00581
14	0.01318	0.01240	0.02093	0.73798	0.04806	0.01550	0.01938	0.01783	0.01395	0.01783	0.01240	0.01860	0.00930	0.00698	0.00698	0.00233	0.00930	0.00620	0.00310	0.00775
15	0.00943	0.04068	0.01052	0.07486	0.01379	0.00757	0.00781	0.01096	0.01336	0.01762	0.03434	0.63050	0.04056	0.04156	0.00932	0.00284	0.00475	0.01760	0.00595	0.00596
16	0.01903	0.43988	0.15774	0.01507	0.02133	0.07964	0.04603	0.02247	0.01507	0.06842	0.01177	0.01344	0.00963	0.00672	0.00637	0.00182	0.04819	0.00463	0.00346	0.00929
17	0.02716	0.01696	0.01915	0.01485	0.02025	0.01800	0.01221	0.44586	0.08351	0.23692	0.02082	0.01953	0.01420	0.00854	0.00700	0.00214	0.00700	0.00663	0.00747	0.01180
18	0.00848	0.00616	0.00801	0.00948	0.01006	0.00569	0.00637	0.00974	0.01359	0.01791	0.04134	0.68914	0.10536	0.02149	0.00885	0.00279	0.00400	0.01938	0.00648	0.00569
19	0.01749	0.01989	0.09705	0.07381	0.52468	0.08001	0.04278	0.02191	0.01604	0.02194	0.01285	0.01672	0.01054	0.00637	0.00687	0.00208	0.00904	0.00602	0.00340	0.01049

[dist]
# distance from previous block
# <min> <max>
0	1

[block]
# block no. 4 follows, 30 sequences, length 23
# corresponding to MSA columns:
# 254-276
name=unknown_E
#
# <colnr> <probs for GDERKNQSTAVLIFYWHMCP>
#	G	D	E	R	K	N	Q	S	T	A	V	L	I	F	Y	W	H	M	C	P
0	0.50570	0.01514	0.03740	0.01136	0.01630	0.01592	0.00969	0.14817	0.01722	0.14440	0.01402	0.01448	0.00999	0.00719	0.00534	0.00215	0.00608	0.00482	0.00547	0.00916
1	0.04242	0.17936	0.55803	0.01793	0.02717	0.01846	0.02239	0.02180	0.01452	0.02129	0.01186	0.01391	0.00882	0.00649	0.00612	0.00207	0.00957	0.00482	0.00300	0.00995
2	0.01691	0.01607	0.02730	0.04103	0.66934	0.01607	0.02080	0.02100	0.01590	0.02268	0.01456	0.02096	0.01280	0.00700	0.00707	0.00214	0.00818	0.04578	0.00363	0.01078
3	0.00944	0.00712	0.00873	0.00832	0.01016	0.00640	0.00624	0.01233	0.01873	0.02555	0.53801	0.05613	0.23689	0.01517	0.00823	0.00224	0.00336	0.01318	0.00736	0.00640
4	0.01472	0.01830	0.15285	0.07783	0.15981	0.01723	0.03680	0.01851	0.01306	0.01944	0.01230	0.01742	0.01059	0.01314	0.08238	0.00337	0.29013	0.00616	0.02724	0.00870
5	0.01369	0.03394	0.66577	0.01906	0.02873	0.01549	0.02435	0.02143	0.01511	0.02254	0.06429	0.01752	0.01309	0.00720	0.00675	0.00221	0.00979	0.00571	0.00330	0.01004
6	0.02230	0.23923	0.02392	0.01546	0.01987	0.36720	0.01257	0.05010	0.14615	0.02008	0.01399	0.01485	0.01139	0.00731	0.00594	0.00183	0.00961	0.00497	0.00419	0.00902
7	0.05642	0.01798	0.03796	0.01511	0.01997	0.01944	0.01264	0.49599	0.06697	0.03843	0.06256	0.02099	0.04064	0.00925	0.00795	0.00219	0.05124	0.00694	0.00655	0.01079
8	0.01542	0.25639	0.51074	0.01747	0.02646	0.01968	0.02156	0.02173	0.01456	0.02037	0.01166	0.01365	0.00887	0.00643	0.00597	0.00199	0.00944	0.00472	0.00296	0.00990
9	0.02607	0.03326	0.01978	0.01798	0.02157	0.72674	0.01348	0.02787	0.01978	0.01708	0.01079	0.01258	0.00899	0.00719	0.00629	0.00180	0.01258	0.00449	0.00360	0.00809
10	0.01610	0.01815	0.11281	0.16879	0.45796	0.01638	0.02094	0.02180	0.05791	0.02217	0.01387	0.01775	0.01108	0.00661	0.00690	0.00216	0.00856	0.00619	0.00355	0.01034
11	0.00969	0.00713	0.00907	0.00858	0.01031	0.00651	0.00644	0.01281	0.01931	0.02694	0.63480	0.05384	0.13924	0.01466	0.00823	0.00221	0.00332	0.01286	0.00754	0.00651
12	0.00969	0.00706	0.00911	0.00874	0.01035	0.00648	0.00650	0.01276	0.01911	0.02679	0.62659	0.09755	0.10321	0.01496	0.00827	0.00225	0.00335	0.01321	0.00753	0.00648
13	0.01008	0.00673	0.00763	0.00770	0.00772	0.00672	0.00433	0.01013	0.01029	0.01372	0.02271	0.07678	0.02629	0.72239	0.03434	0.00659	0.00665	0.01058	0.00433	0.00429
