[name]
unknown

[dist]
# distance from previous block
# <min> <max>
0	10

[block]
# block no. 0 follows, 26 sequences, length 39
# corresponding to MSA columns:
# 10-12,14-49
name=unknown_A
#
# <colnr> <probs for GDERKNQSTAVLIFYWHMCP>
#	G	D	E	R	K	N	Q	S	T	A	V	L	I	F	Y	W	H	M	C	P
0	0.01739	0.07809	0.03857	0.01436	0.01783	0.01397	0.01249	0.14097	0.04276	0.06519	0.03127	0.11318	0.03166	0.03516	0.00974	0.00303	0.00720	0.31151	0.00675	0.00887
1	0.09644	0.05957	0.28230	0.02219	0.14424	0.07711	0.01926	0.02310	0.04112	0.02468	0.07418	0.02201	0.01713	0.05484	0.00906	0.00262	0.00921	0.00671	0.00424	0.01001
2	0.04092	0.00931	0.01099	0.01035	0.01116	0.01006	0.00693	0.04696	0.01310	0.04284	0.02299	0.08071	0.02508	0.49910	0.07473	0.00646	0.06688	0.01049	0.00493	0.00600
3	0.01216	0.04187	0.01322	0.01192	0.01309	0.01103	0.00888	0.01488	0.05493	0.01807	0.02364	0.15063	0.02472	0.17073	0.28502	0.05156	0.07162	0.01061	0.00477	0.00665
4	0.09639	0.01625	0.02624	0.11329	0.12361	0.01717	0.18174	0.11486	0.01904	0.02759	0.04205	0.04887	0.01718	0.01198	0.04808	0.00309	0.03104	0.04694	0.00487	0.00973
5	0.01978	0.05723	0.22180	0.01709	0.02372	0.03910	0.01685	0.03392	0.35335	0.10049	0.02404	0.02313	0.01757	0.00901	0.00739	0.00243	0.00795	0.00725	0.00622	0.01166
6	0.02028	0.73799	0.03975	0.01298	0.01947	0.03001	0.01298	0.02271	0.01541	0.01785	0.01055	0.01217	0.00973	0.00649	0.00487	0.00162	0.00811	0.00406	0.00324	0.00973
7	0.01644	0.00847	0.00961	0.00889	0.01121	0.00822	0.00672	0.04671	0.01741	0.11201	0.07053	0.06584	0.05981	0.03354	0.00867	0.04419	0.00446	0.00884	0.45072	0.00772
8	0.07741	0.09448	0.19773	0.04765	0.16356	0.03583	0.04607	0.04131	0.01740	0.04390	0.07395	0.05534	0.05548	0.00925	0.00730	0.00232	0.00853	0.00782	0.00462	0.01005
9	0.02577	0.08302	0.05974	0.01583	0.02162	0.01986	0.01369	0.36283	0.07295	0.14761	0.04513	0.05941	0.01824	0.00992	0.00750	0.00231	0.00763	0.00781	0.00726	0.01189
10	0.00907	0.00726	0.00813	0.00882	0.01054	0.00631	0.00627	0.01076	0.01620	0.02004	0.06299	0.33203	0.43294	0.02101	0.00925	0.00277	0.00406	0.01820	0.00704	0.00631
11	0.01283	0.00747	0.00996	0.01063	0.01173	0.00703	0.00750	0.01396	0.01494	0.08585	0.05842	0.42361	0.03959	0.05974	0.01350	0.10711	0.00515	0.05612	0.04836	0.00650
12	0.02550	0.02042	0.06081	0.01773	0.02333	0.02113	0.04560	0.46276	0.02980	0.07163	0.04691	0.02042	0.01545	0.00950	0.00905	0.00238	0.06709	0.00719	0.03145	0.01186
13	0.01801	0.04320	0.05511	0.06332	0.03283	0.01927	0.38600	0.02297	0.01637	0.05396	0.01503	0.01984	0.01171	0.00820	0.01182	0.00263	0.16104	0.00792	0.04105	0.00971
14	0.00968	0.00756	0.00869	0.00927	0.01105	0.00676	0.00688	0.01164	0.01654	0.02072	0.09546	0.21602	0.38422	0.06630	0.01123	0.00309	0.00458	0.09696	0.00695	0.00635
15	0.01867	0.02124	0.10200	0.06833	0.45347	0.05710	0.07501	0.02477	0.05960	0.02452	0.01518	0.01900	0.01222	0.00710	0.00757	0.00231	0.00968	0.00682	0.00395	0.01144
16	0.01634	0.13447	0.12683	0.15325	0.07035	0.02071	0.05834	0.02029	0.01446	0.02011	0.01369	0.05742	0.01241	0.00996	0.01281	0.00263	0.23603	0.00709	0.00357	0.00922
17	0.05972	0.01932	0.03752	0.04689	0.05544	0.01980	0.45570	0.05372	0.01742	0.02490	0.01431	0.01925	0.01114	0.00767	0.01104	0.00264	0.12149	0.00810	0.00397	0.00996
18	0.01691	0.24548	0.46393	0.02041	0.06429	0.02132	0.02330	0.02359	0.01590	0.02223	0.01274	0.01502	0.00978	0.00697	0.00653	0.00216	0.01017	0.00521	0.00325	0.01082
19	0.01899	0.02318	0.17220	0.03670	0.44792	0.06151	0.02270	0.02413	0.01728	0.05309	0.01487	0.01857	0.01191	0.00891	0.03346	0.00264	0.01010	0.00648	0.00390	0.01148
20	0.01572	0.04875	0.22008	0.13890	0.03547	0.01759	0.26236	0.02175	0.01625	0.02245	0.01682	0.08967	0.01449	0.00882	0.00876	0.00256	0.03735	0.00864	0.00386	0.00971
21	0.00927	0.00706	0.00856	0.00966	0.01088	0.00634	0.00675	0.01092	0.01574	0.02017	0.07326	0.47117	0.26267	0.02191	0.00944	0.00290	0.00426	0.03566	0.00708	0.00629
22	0.01782	0.01733	0.02598	0.27858	0.20126	0.09212	0.10537	0.02174	0.01658	0.04085	0.01595	0.02102	0.02981	0.00917	0.00953	0.06663	0.01002	0.00711	0.00386	0.00927
23	0.01233	0.01008	0.01179	0.03583	0.01430	0.04850	0.00898	0.04167	0.01615	0.02166	0.07585	0.49260	0.04127	0.01946	0.01033	0.00287	0.06434	0.01694	0.04806	0.00697
24	0.01877	0.01802	0.03079	0.04656	0.68612	0.01802	0.02328	0.02328	0.01727	0.02478	0.01427	0.01877	0.01201	0.00676	0.00751	0.00225	0.00901	0.00676	0.00375	0.01201
25	0.01519	0.01405	0.02314	0.65148	0.08144	0.01721	0.02087	0.04857	0.01619	0.02092	0.01373	0.02006	0.01033	0.00761	0.00758	0.00250	0.00998	0.00675	0.00358	0.00880
26	0.01469	0.01386	0.02341	0.65991	0.10466	0.01695	0.02125	0.01970	0.01534	0.01983	0.01355	0.02010	0.01027	0.00752	0.00758	0.00251	0.01002	0.00674	0.00340	0.00872
27	0.01288	0.00669	0.00966	0.00966	0.00966	0.00669	0.00631	0.01004	0.01004	0.01338	0.01464	0.02670	0.01515	0.12317	0.03087	0.67361	0.00669	0.00720	0.00347	0.00347
28	0.00924	0.00660	0.00880	0.01056	0.01100	0.00616	0.00704	0.01056	0.01452	0.01936	0.04181	0.72848	0.05017	0.02376	0.00968	0.00308	0.00440	0.02156	0.00704	0.00616
29	0.01232	0.00813	0.01102	0.01229	0.01385	0.00778	0.00982	0.01486	0.01661	0.06445	0.04221	0.32448	0.08094	0.02117	0.00991	0.00321	0.00579	0.32697	0.00716	0.00702
30	0.65738	0.07930	0.01457	0.01093	0.01581	0.04376	0.00915	0.05150	0.01447	0.03266	0.01095	0.01262	0.00862	0.00711	0.00492	0.00227	0.00646	0.00425	0.00467	0.00858
31	0.00971	0.00681	0.00848	0.00979	0.01061	0.00632	0.00663	0.01126	0.01488	0.02013	0.04421	0.55447	0.12960	0.04840	0.01028	0.00305	0.00436	0.01914	0.07566	0.00622
32	0.01957	0.17136	0.04263	0.01441	0.02015	0.01928	0.01256	0.15134	0.04152	0.02735	0.01396	0.01602	0.01145	0.00769	0.00842	0.00183	0.09734	0.00532	0.00478	0.31302
33	0.01505	0.07246	0.05194	0.01334	0.01679	0.01300	0.01124	0.02271	0.18559	0.05601	0.03455	0.21562	0.06670	0.01563	0.00849	0.00273	0.00615	0.14160	0.00668	0.04373
34	0.02375	0.01829	0.01962	0.01559	0.02106	0.01976	0.01264	0.41074	0.16705	0.03981	0.02526	0.02463	0.07032	0.00984	0.00753	0.00225	0.00720	0.00772	0.00726	0.08968
35	0.06187	0.10441	0.20156	0.10064	0.30274	0.01939	0.02178	0.05741	0.01727	0.02502	0.01360	0.01706	0.01077	0.00707	0.00698	0.00225	0.00938	0.00600	0.00378	0.01101
36	0.02276	0.01859	0.02177	0.10701	0.10397	0.05812	0.01529	0.35443	0.02623	0.03492	0.01787	0.05329	0.01449	0.01306	0.06508	0.00309	0.00962	0.00741	0.00593	0.04709
37	0.01648	0.04978	0.45722	0.05298	0.10594	0.01744	0.02367	0.05808	0.03706	0.02561	0.01529	0.01792	0.01131	0.00748	0.00707	0.00232	0.00988	0.00602	0.06752	0.01092
38	0.01896	0.11981	0.03084	0.15579	0.16881	0.05584	0.17645	0.04051	0.01739	0.06031	0.01600	0.04122	0.01336	0.04160	0.00900	0.00254	0.00990	0.00751	0.00420	0.00996

[dist]
# distance from previous block
# <min> <max>
3	13

[block]
# block no. 1 follows, 26 sequences, length 12
# corresponding to MSA columns:
# 63-74
name=unknown_B
#
# <colnr> <probs for GDERKNQSTAVLIFYWHMCP>
#	G	D	E	R	K	N	Q	S	T	A	V	L	I	F	Y	W	H	M	C	P
0	0.12208	0.01226	0.01700	0.01653	0.07584	0.01244	0.08406	0.05477	0.01578	0.02387	0.02628	0.23739	0.05487	0.11553	0.01301	0.00325	0.03695	0.01194	0.00541	0.06073
1	0.13528	0.02027	0.08270	0.06493	0.26551	0.09645	0.03531	0.02259	0.01654	0.02467	0.01618	0.01932	0.04362	0.00768	0.00740	0.00219	0.03044	0.00628	0.00408	0.09855
2	0.01870	0.10079	0.10158	0.05015	0.10975	0.10567	0.06165	0.04476	0.11293	0.02368	0.01683	0.01994	0.01360	0.01233	0.06598	0.00312	0.07039	0.00663	0.05156	0.00996
3	0.05957	0.04694	0.10373	0.26554	0.13621	0.01653	0.01860	0.05285	0.04060	0.04583	0.01769	0.02646	0.01498	0.00988	0.00856	0.03711	0.00889	0.07608	0.00444	0.00948
4	0.01901	0.05556	0.01687	0.01315	0.01714	0.06399	0.01027	0.18414	0.11851	0.02980	0.07298	0.05822	0.05488	0.10010	0.01113	0.00278	0.00687	0.00864	0.05805	0.09795
5	0.00935	0.00683	0.00879	0.01014	0.01094	0.00628	0.00690	0.01094	0.01547	0.02050	0.10400	0.59215	0.12481	0.02249	0.00953	0.00296	0.00426	0.02021	0.00716	0.00628
6	0.01800	0.01438	0.01703	0.01257	0.01870	0.01236	0.01017	0.07820	0.01756	0.06338	0.01456	0.01658	0.01171	0.00671	0.00734	0.00146	0.05895	0.00504	0.00496	0.61035
7	0.01521	0.03923	0.69413	0.02162	0.03283	0.01762	0.02802	0.02402	0.01601	0.02402	0.01361	0.01601	0.00961	0.00721	0.00721	0.00240	0.01121	0.00560	0.00320	0.01121
8	0.02677	0.01974	0.02155	0.01685	0.02238	0.02191	0.01385	0.58647	0.03297	0.04433	0.01845	0.01954	0.01360	0.01459	0.08751	0.00342	0.00972	0.00698	0.00718	0.01220
9	0.00982	0.00691	0.00895	0.01035	0.01080	0.00659	0.00693	0.01104	0.01404	0.01867	0.03807	0.54387	0.04513	0.16662	0.01557	0.00397	0.00519	0.06501	0.00654	0.00591
10	0.00940	0.00682	0.00891	0.01051	0.01122	0.00634	0.00724	0.01090	0.01494	0.01966	0.04481	0.63208	0.10574	0.02319	0.00967	0.00306	0.00451	0.05775	0.00704	0.00623
11	0.01432	0.01348	0.02275	0.71520	0.05224	0.01685	0.02107	0.01938	0.01517	0.01938	0.01348	0.02022	0.01011	0.00758	0.00758	0.00253	0.01011	0.00674	0.00337	0.00843

[dist]
# distance from previous block
# <min> <max>
0	1

[block]
# block no. 2 follows, 26 sequences, length 24
# corresponding to MSA columns:
# 76-99
name=unknown_C
#
# <colnr> <probs for GDERKNQSTAVLIFYWHMCP>
#	G	D	E	R	K	N	Q	S	T	A	V	L	I	F	Y	W	H	M	C	P
0	0.01617	0.10718	0.54427	0.02389	0.11393	0.01892	0.02590	0.02380	0.01611	0.02349	0.01338	0.01597	0.00992	0.00708	0.00701	0.00230	0.01062	0.00559	0.00328	0.01116
1	0.02066	0.70496	0.03889	0.01329	0.01966	0.06169	0.01306	0.02307	0.01570	0.01788	0.01060	0.01224	0.00974	0.00655	0.00496	0.00164	0.00837	0.00409	0.00328	0.00969
2	0.02028	0.73799	0.03975	0.01298	0.01947	0.03001	0.01298	0.02271	0.01541	0.01785	0.01055	0.01217	0.00973	0.00649	0.00487	0.00162	0.00811	0.00406	0.00324	0.00973
3	0.01008	0.00770	0.00935	0.00971	0.01157	0.00697	0.00742	0.01268	0.01821	0.02381	0.25715	0.17068	0.29133	0.01901	0.00931	0.00273	0.00434	0.11379	0.00745	0.00670
4	0.01121	0.00809	0.00979	0.00965	0.00995	0.00863	0.00620	0.01179	0.01172	0.01584	0.02620	0.08818	0.05894	0.53103	0.10327	0.00706	0.06115	0.01130	0.00472	0.00528
5	0.01104	0.00802	0.01165	0.01165	0.01295	0.00921	0.00894	0.01363	0.01233	0.01805	0.02080	0.03093	0.01952	0.09586	0.62180	0.01129	0.01854	0.00824	0.04889	0.00666
6	0.01547	0.07496	0.66067	0.02118	0.03215	0.01825	0.02726	0.02395	0.01598	0.02371	0.01346	0.01582	0.00961	0.00717	0.00709	0.00236	0.01105	0.00553	0.00320	0.01113
7	0.02065	0.07536	0.01934	0.01554	0.01991	0.14784	0.01225	0.07700	0.40385	0.02838	0.02848	0.02716	0.07125	0.01016	0.00742	0.00236	0.00760	0.00800	0.00659	0.01084
8	0.01158	0.00806	0.00943	0.00897	0.01140	0.00704	0.00677	0.01417	0.01906	0.07608	0.29853	0.09538	0.37121	0.01728	0.00889	0.00250	0.00397	0.01477	0.00771	0.00718
9	0.01761	0.01684	0.02869	0.22108	0.52066	0.01772	0.02270	0.02226	0.01672	0.02337	0.01406	0.01915	0.01152	0.00697	0.00753	0.00232	0.00930	0.00675	0.00365	0.01108
10	0.02371	0.01801	0.02014	0.04470	0.05637	0.03884	0.01396	0.29273	0.22768	0.08747	0.02425	0.02740	0.01879	0.01025	0.00784	0.00247	0.00762	0.05871	0.00725	0.01181
11	0.01799	0.01482	0.01859	0.17923	0.02531	0.05154	0.01389	0.12287	0.01753	0.05327	0.01692	0.02471	0.01480	0.12282	0.06953	0.00405	0.16387	0.00745	0.05225	0.00855
12	0.01054	0.00775	0.00987	0.00934	0.01121	0.00707	0.00701	0.01394	0.02102	0.02934	0.61624	0.05844	0.13812	0.01591	0.00895	0.00240	0.00361	0.01397	0.00821	0.00707
13	0.01826	0.05791	0.48240	0.02294	0.07780	0.01741	0.07873	0.02558	0.01696	0.10831	0.01576	0.01769	0.01111	0.00736	0.00735	0.00237	0.01047	0.00617	0.00408	0.01135
14	0.04160	0.08197	0.31086	0.08502	0.23010	0.01837	0.02290	0.02442	0.04003	0.05363	0.01481	0.01766	0.01124	0.00725	0.00711	0.00231	0.00965	0.00608	0.00387	0.01112
15	0.15023	0.01325	0.01628	0.01298	0.01829	0.01248	0.01060	0.07129	0.02068	0.50047	0.02701	0.07332	0.01899	0.01003	0.00731	0.00239	0.00633	0.00802	0.00837	0.01169
16	0.01074	0.00737	0.00860	0.00871	0.00906	0.00728	0.00527	0.01133	0.01245	0.01665	0.07489	0.11011	0.06511	0.55407	0.06200	0.00660	0.00723	0.01227	0.00518	0.00510
17	0.59413	0.05304	0.06208	0.06539	0.01892	0.01717	0.01080	0.02163	0.01351	0.03062	0.01257	0.04902	0.01064	0.00790	0.00535	0.00236	0.00662	0.00529	0.00453	0.00842
18	0.06166	0.01397	0.06494	0.01400	0.01862	0.01174	0.06057	0.05702	0.01951	0.29275	0.14157	0.05939	0.02849	0.10716	0.01200	0.00307	0.00688	0.00944	0.00727	0.00995
19	0.01731	0.01349	0.01657	0.08913	0.01978	0.04962	0.01203	0.04565	0.01562	0.07405	0.01822	0.04485	0.01570	0.05034	0.05641	0.00329	0.20938	0.00737	0.17793	0.06325
20	0.04595	0.08488	0.07257	0.05132	0.22963	0.18132	0.01734	0.10242	0.02007	0.04386	0.01487	0.01751	0.01179	0.00758	0.00686	0.00212	0.00957	0.00597	0.06388	0.01050
21	0.13779	0.12014	0.08685	0.01381	0.01904	0.05601	0.01247	0.12933	0.01998	0.12990	0.05186	0.02805	0.06247	0.05873	0.00908	0.00263	0.00759	0.03855	0.00592	0.00979
22	0.12542	0.02969	0.41347	0.05100	0.10213	0.01772	0.05362	0.02478	0.06640	0.02594	0.01466	0.01713	0.01083	0.00735	0.00702	0.00240	0.00984	0.00596	0.00386	0.01077
23	0.10403	0.05679	0.12662	0.21949	0.03241	0.10884	0.07735	0.02447	0.09318	0.02315	0.01500	0.01854	0.01158	0.00861	0.00824	0.04223	0.00977	0.00631	0.00411	0.00927

[dist]
# distance from previous block
# <min> <max>
4	38

[block]
# block no. 3 follows, 26 sequences, length 11
# corresponding to MSA columns:
# 139-149
name=unknown_D
#
# <colnr> <probs for GDERKNQSTAVLIFYWHMCP>
#	G	D	E	R	K	N	Q	S	T	A	V	L	I	F	Y	W	H	M	C	P
0	0.01487	0.07939	0.15236	0.02054	0.12921	0.01461	0.03905	0.02082	0.06634	0.02423	0.09396	0.04430	0.07691	0.01271	0.00834	0.00263	0.00779	0.17713	0.00548	0.00933
1	0.01609	0.07251	0.07576	0.02099	0.07124	0.04194	0.19453	0.04392	0.05654	0.02422	0.07436	0.18919	0.02578	0.01165	0.00822	0.00246	0.00847	0.01105	0.00525	0.04584
2	0.01358	0.01230	0.05501	0.01628	0.08281	0.01083	0.03693	0.07957	0.01754	0.02381	0.06303	0.30736	0.06459	0.08846	0.01183	0.00319	0.00649	0.06629	0.00614	0.03396
3	0.01437	0.01080	0.01128	0.01076	0.01243	0.04154	0.00748	0.12029	0.01744	0.02312	0.03187	0.21888	0.08878	0.27775	0.01936	0.00431	0.00644	0.01293	0.06326	0.00692
4	0.07975	0.30679	0.10654	0.04361	0.02303	0.07446	0.06387	0.06052	0.01695	0.02325	0.01327	0.01588	0.01089	0.00754	0.00709	0.00206	0.05107	0.00539	0.07848	0.00954
5	0.01971	0.03656	0.01733	0.07678	0.02104	0.03642	0.01214	0.15112	0.17920	0.09374	0.02902	0.08647	0.05374	0.06599	0.01038	0.00294	0.00717	0.08347	0.00682	0.00995
6	0.01807	0.01392	0.01829	0.06238	0.11504	0.01402	0.01273	0.09143	0.06207	0.07676	0.02092	0.11385	0.01888	0.03912	0.00980	0.00239	0.05969	0.00851	0.04091	0.20122
7	0.02246	0.12263	0.16047	0.02126	0.09574	0.25616	0.01770	0.10220	0.05923	0.02447	0.01444	0.01649	0.01147	0.00947	0.03185	0.00248	0.01110	0.00569	0.00433	0.01036
8	0.01300	0.07855	0.01332	0.01091	0.01324	0.07989	0.00844	0.01498	0.01748	0.02163	0.17908	0.15235	0.22354	0.01744	0.01014	0.06030	0.00574	0.06670	0.00636	0.00690
9	0.08264	0.04195	0.01763	0.04074	0.12784	0.01459	0.01228	0.12092	0.08240	0.02941	0.15126	0.13120	0.07040	0.01277	0.00796	0.00248	0.00630	0.03145	0.00642	0.00937
10	0.11318	0.01580	0.05040	0.37942	0.11724	0.01700	0.04904	0.02361	0.07614	0.06331	0.01588	0.01997	0.01186	0.00770	0.00728	0.00246	0.00903	0.00669	0.00435	0.00963

[dist]
# distance from previous block
# <min> <max>
0	4

[block]
# block no. 4 follows, 26 sequences, length 22
# corresponding to MSA columns:
# 154-175
name=unknown_E
#
# <colnr> <probs for GDERKNQSTAVLIFYWHMCP>
#	G	D	E	R	K	N	Q	S	T	A	V	L	I	F	Y	W	H	M	C	P
0	0.01394	0.00997	0.01292	0.01416	0.06689	0.01060	0.00976	0.07237	0.01662	0.02425	0.02816	0.22692	0.02903	0.06622	0.07099	0.00375	0.05316	0.07302	0.18964	0.00762
1	0.00922	0.00668	0.00872	0.01036	0.01095	0.00618	0.00695	0.01058	0.01472	0.01944	0.04427	0.68231	0.09475	0.02344	0.00963	0.00304	0.00436	0.02117	0.00704	0.00618
2	0.02136	0.59979	0.03625	0.01428	0.02010	0.13332	0.01339	0.02369	0.01619	0.01797	0.01070	0.01259	0.00975	0.00698	0.00601	0.00174	0.03872	0.00429	0.00335	0.00953
3	0.02293	0.24742	0.02683	0.01864	0.10363	0.10098	0.01386	0.13322	0.04822	0.10123	0.01679	0.01928	0.01357	0.04161	0.05760	0.00297	0.00948	0.00615	0.00513	0.01048
4	0.01023	0.00731	0.00994	0.01170	0.01257	0.00702	0.00877	0.01228	0.01550	0.02047	0.04126	0.51454	0.04800	0.02283	0.00995	0.00322	0.00526	0.22571	0.00702	0.00643
5	0.02105	0.01929	0.01826	0.01615	0.02057	0.10543	0.01258	0.10107	0.52685	0.03168	0.02720	0.02545	0.02044	0.00986	0.00759	0.00247	0.00720	0.00794	0.00723	0.01169
6	0.02662	0.03256	0.02071	0.01880	0.02278	0.57937	0.01418	0.03210	0.13911	0.02094	0.01518	0.01632	0.01219	0.00826	0.00700	0.00207	0.01229	0.00555	0.00460	0.00937
7	0.01881	0.04968	0.06053	0.08047	0.42369	0.08353	0.09543	0.02334	0.01748	0.02330	0.01641	0.02034	0.03816	0.00737	0.00755	0.00227	0.00982	0.00704	0.00384	0.01092
8	0.73185	0.01413	0.01086	0.00977	0.01425	0.01631	0.00801	0.02197	0.01312	0.03362	0.01157	0.01346	0.00902	0.00717	0.00474	0.00231	0.00570	0.00432	0.05971	0.00813
9	0.00924	0.00660	0.00880	0.01056	0.01100	0.00616	0.00704	0.01056	0.01452	0.01936	0.04181	0.72848	0.05017	0.02376	0.00968	0.00308	0.00440	0.02156	0.00704	0.00616
10	0.01325	0.00958	0.01271	0.03968	0.01456	0.01119	0.00944	0.04433	0.01404	0.02128	0.02020	0.02934	0.01842	0.11610	0.32381	0.00732	0.09502	0.00793	0.18469	0.00711
11	0.01351	0.01080	0.01430	0.04552	0.01660	0.03295	0.05486	0.06078	0.01651	0.02307	0.03057	0.39940	0.03331	0.01694	0.00984	0.00273	0.06481	0.01481	0.13125	0.00744
12	0.00968	0.00734	0.00863	0.00902	0.01047	0.00661	0.00631	0.01157	0.01665	0.02166	0.19410	0.26093	0.28195	0.10488	0.01271	0.00325	0.00437	0.01655	0.00704	0.00628
13	0.03010	0.01204	0.01634	0.01283	0.01801	0.01047	0.01047	0.03314	0.02167	0.57969	0.14012	0.03103	0.02770	0.01042	0.00785	0.00235	0.00597	0.00866	0.00921	0.01194
14	0.01492	0.06703	0.10373	0.02056	0.14224	0.01398	0.01572	0.02110	0.08679	0.02472	0.10079	0.04991	0.03205	0.01382	0.00865	0.00277	0.00749	0.25864	0.00587	0.00919
15	0.01088	0.00900	0.00973	0.00964	0.01217	0.00854	0.00729	0.01607	0.12174	0.02322	0.12250	0.12783	0.43130	0.01795	0.00890	0.00264	0.00435	0.04163	0.00727	0.00737
16	0.00973	0.00705	0.00907	0.00994	0.01091	0.00652	0.00686	0.01168	0.01657	0.02241	0.22735	0.45297	0.10507	0.05373	0.01075	0.00304	0.00426	0.01839	0.00730	0.00639
17	0.01951	0.01659	0.01791	0.04973	0.02164	0.01917	0.01266	0.09325	0.58499	0.03253	0.02892	0.02703	0.02163	0.01006	0.00770	0.00254	0.00641	0.00833	0.00749	0.01191
18	0.48906	0.01688	0.05963	0.14140	0.02507	0.01764	0.05866	0.06700	0.01548	0.03100	0.01217	0.01499	0.00921	0.00725	0.00589	0.00239	0.00765	0.00522	0.00450	0.00892
19	0.64378	0.01593	0.01266	0.04514	0.01717	0.06022	0.00937	0.04674	0.01454	0.03265	0.01160	0.01361	0.00900	0.00726	0.00510	0.00231	0.00658	0.00450	0.03344	0.00840
20	0.02689	0.01991	0.02145	0.01684	0.02240	0.02200	0.01375	0.58309	0.06346	0.04491	0.02058	0.07229	0.01619	0.01027	0.00775	0.00235	0.00794	0.00802	0.00755	0.01235
21	0.09421	0.01041	0.01175	0.03352	0.01475	0.01057	0.00847	0.02043	0.12890	0.08480	0.19691	0.11662	0.18194	0.04189	0.00934	0.00271	0.00498	0.01231	0.00722	0.00827

[dist]
# distance from previous block
# <min> <max>
0	1

[block]
# block no. 5 follows, 26 sequences, length 22
# corresponding to MSA columns:
# 177-198
name=unknown_F
#
# <colnr> <probs for GDERKNQSTAVLIFYWHMCP>
#	G	D	E	R	K	N	Q	S	T	A	V	L	I	F	Y	W	H	M	C	P
0	0.05350	0.07430	0.09703	0.02186	0.13036	0.10282	0.04082	0.15982	0.09651	0.02882	0.01867	0.02469	0.01575	0.04464	0.00893	0.00259	0.00905	0.05399	0.00527	0.01058
1	0.01228	0.00858	0.00978	0.00946	0.01030	0.00874	0.00604	0.06815	0.01402	0.01860	0.02862	0.10230	0.07701	0.51702	0.07222	0.00650	0.00773	0.01171	0.00521	0.00572
2	0.01641	0.18990	0.48041	0.02119	0.07850	0.02003	0.02371	0.02329	0.01601	0.02262	0.01485	0.01706	0.02966	0.00737	0.00677	0.00222	0.01015	0.00566	0.00337	0.01081
3	0.01788	0.01875	0.07342	0.08455	0.57771	0.01748	0.02278	0.02261	0.01706	0.02423	0.01659	0.02077	0.03760	0.00732	0.00755	0.00229	0.00903	0.00704	0.00382	0.01152
4	0.01814	0.01567	0.01646	0.01487	0.01903	0.01796	0.01155	0.03816	0.62463	0.03091	0.03423	0.03156	0.07129	0.01094	0.00781	0.00257	0.00585	0.00912	0.00767	0.01160
5	0.01661	0.01712	0.02377	0.52133	0.04506	0.11090	0.06746	0.02123	0.01628	0.01999	0.01338	0.01904	0.01024	0.00740	0.00745	0.00236	0.01051	0.00650	0.00355	0.05980
6	0.01506	0.00893	0.01234	0.04845	0.04251	0.00848	0.00855	0.01538	0.01375	0.06393	0.05809	0.04737	0.01873	0.01740	0.01751	0.36710	0.00605	0.00738	0.11240	0.11060
7	0.01744	0.01904	0.08144	0.08856	0.43030	0.01739	0.13934	0.02246	0.01697	0.02391	0.01605	0.06250	0.01394	0.00783	0.00789	0.00239	0.00967	0.00798	0.00390	0.01101
8	0.01192	0.00852	0.01188	0.01363	0.01524	0.00847	0.01170	0.01520	0.01717	0.02237	0.04033	0.14981	0.04430	0.02123	0.01040	0.00345	0.00673	0.57375	0.00699	0.00690
9	0.01809	0.01674	0.02721	0.07635	0.52730	0.01696	0.02075	0.06086	0.01830	0.02547	0.02046	0.02619	0.06412	0.00858	0.00777	0.00235	0.00854	0.03837	0.00438	0.01120
10	0.01696	0.01850	0.09184	0.19779	0.37076	0.01712	0.08399	0.02171	0.01627	0.02268	0.01406	0.01928	0.01136	0.00816	0.00900	0.05001	0.00970	0.00685	0.00359	0.01039
11	0.01298	0.00855	0.01022	0.00952	0.01201	0.00772	0.00717	0.01627	0.04220	0.10097	0.31173	0.08690	0.28074	0.04678	0.01005	0.00269	0.00428	0.01389	0.00776	0.00756
12	0.00896	0.00768	0.00768	0.00768	0.01025	0.00640	0.00576	0.01089	0.01729	0.02049	0.07684	0.07300	0.68304	0.01921	0.00896	0.00256	0.00384	0.01601	0.00704	0.00640
13	0.01688	0.01609	0.02736	0.33162	0.41588	0.01752	0.02233	0.02162	0.01637	0.02248	0.01393	0.01939	0.01120	0.00711	0.00754	0.00237	0.00948	0.00675	0.00359	0.01048
14	0.09447	0.16647	0.34916	0.01983	0.02802	0.05417	0.09695	0.02359	0.01581	0.02325	0.01261	0.01536	0.00975	0.00736	0.00778	0.00230	0.05383	0.00559	0.00348	0.01021
15	0.02189	0.01593	0.01768	0.01449	0.01817	0.01773	0.01137	0.37172	0.05374	0.03494	0.01991	0.04168	0.01709	0.13829	0.01554	0.05479	0.05469	0.00798	0.06250	0.00988
16	0.01075	0.00757	0.00948	0.01013	0.01167	0.00672	0.00711	0.01252	0.01584	0.04974	0.08424	0.49114	0.16658	0.02068	0.00916	0.00279	0.00441	0.01840	0.00707	0.05400
17	0.01792	0.01633	0.02282	0.10726	0.07055	0.03884	0.11077	0.10204	0.01878	0.02647	0.01558	0.04813	0.01302	0.00736	0.00697	0.00185	0.00808	0.00665	0.00469	0.35590
18	0.04239	0.02071	0.08655	0.13842	0.26682	0.06089	0.01943	0.17744	0.03992	0.02938	0.01707	0.01996	0.03131	0.00803	0.00744	0.00232	0.00919	0.00680	0.00481	0.01112
19	0.06554	0.10133	0.01521	0.01183	0.03351	0.07114	0.00884	0.01851	0.06550	0.02448	0.23157	0.04296	0.15738	0.08810	0.01086	0.00280	0.00593	0.01053	0.02623	0.00777
20	0.01203	0.00943	0.01077	0.01106	0.01202	0.03850	0.00780	0.03148	0.01473	0.01994	0.03375	0.34400	0.08156	0.15146	0.06155	0.00426	0.06239	0.01480	0.07198	0.00649
21	0.17555	0.03783	0.01964	0.19534	0.02725	0.06096	0.01459	0.11741	0.04577	0.02688	0.01558	0.06902	0.01357	0.01001	0.01016	0.00258	0.13688	0.00716	0.00475	0.00908

[dist]
# distance from previous block
# <min> <max>
1	8

[block]
# block no. 6 follows, 26 sequences, length 22
# corresponding to MSA columns:
# 208-229
name=unknown_G
#
# <colnr> <probs for GDERKNQSTAVLIFYWHMCP>
#	G	D	E	R	K	N	Q	S	T	A	V	L	I	F	Y	W	H	M	C	P
0	0.04821	0.04692	0.09655	0.05940	0.13547	0.05155	0.08767	0.04677	0.01775	0.05919	0.02934	0.11276	0.12661	0.01173	0.00801	0.00249	0.00820	0.03680	0.00522	0.00938
1	0.05107	0.26840	0.19545	0.01767	0.06531	0.02208	0.01686	0.13383	0.05412	0.02664	0.01903	0.02011	0.06248	0.00834	0.00655	0.00212	0.00846	0.00625	0.00461	0.01060
2	0.01184	0.00949	0.01133	0.06245	0.01562	0.00943	0.00885	0.04939	0.07566	0.02410	0.13297	0.17966	0.29350	0.01753	0.00893	0.00269	0.00507	0.06700	0.00702	0.00749
3	0.01341	0.00996	0.01197	0.01066	0.01316	0.00976	0.03381	0.10331	0.01929	0.02621	0.16646	0.07335	0.22320	0.12878	0.03432	0.00346	0.00582	0.01217	0.09350	0.00740
4	0.01894	0.02158	0.08806	0.08742	0.31376	0.14029	0.01968	0.02457	0.06696	0.02339	0.01836	0.02726	0.01625	0.00920	0.00777	0.00242	0.00966	0.08960	0.00442	0.01040
5	0.01813	0.06558	0.04037	0.05860	0.19046	0.01952	0.44541	0.02378	0.01750	0.02382	0.01472	0.01953	0.01146	0.00653	0.00830	0.00243	0.01151	0.00804	0.00376	0.01055
6	0.00984	0.00764	0.00967	0.01057	0.01160	0.00746	0.00756	0.01153	0.01547	0.02027	0.08202	0.46916	0.19605	0.02148	0.01048	0.00295	0.05012	0.04282	0.00687	0.00644
7	0.01995	0.01495	0.01748	0.01475	0.01793	0.01707	0.01175	0.30842	0.02314	0.03214	0.02004	0.06910	0.01780	0.08059	0.14294	0.00471	0.10238	0.00836	0.06696	0.00956
8	0.01960	0.01941	0.03783	0.06262	0.07075	0.01892	0.46160	0.11223	0.02023	0.05092	0.01692	0.04194	0.01310	0.00749	0.00859	0.00251	0.01136	0.00877	0.00462	0.01058
9	0.01180	0.00851	0.01134	0.01161	0.01264	0.00885	0.00847	0.01369	0.01591	0.05788	0.15249	0.44318	0.08060	0.01990	0.01139	0.00292	0.09772	0.01717	0.00692	0.00700
10	0.00934	0.00664	0.00877	0.01044	0.01085	0.00623	0.00691	0.01059	0.01433	0.01911	0.04084	0.69194	0.04895	0.06196	0.01124	0.00331	0.00456	0.02100	0.00691	0.00608
11	0.06591	0.05979	0.02451	0.07926	0.19195	0.27193	0.01685	0.15214	0.02199	0.02681	0.01367	0.01622	0.01090	0.00768	0.00700	0.00214	0.01047	0.00580	0.00457	0.01041
12	0.02147	0.63389	0.03704	0.01395	0.02006	0.12983	0.01323	0.02384	0.01631	0.01795	0.01072	0.01239	0.00974	0.00669	0.00516	0.00167	0.00894	0.00418	0.00334	0.00959
13	0.01665	0.01421	0.01744	0.01295	0.01900	0.01205	0.03443	0.07455	0.01728	0.02611	0.01530	0.05418	0.01340	0.00729	0.00707	0.00149	0.04075	0.00588	0.00482	0.60515
14	0.01819	0.01998	0.09718	0.15947	0.18221	0.01825	0.26990	0.04309	0.01759	0.05386	0.01516	0.01966	0.01150	0.00721	0.00862	0.00248	0.03356	0.00754	0.00402	0.01052
15	0.02699	0.03396	0.02118	0.01924	0.02285	0.63900	0.01453	0.02896	0.02060	0.01851	0.01200	0.01452	0.01017	0.01020	0.03763	0.00246	0.04951	0.00511	0.00389	0.00868
16	0.01093	0.00740	0.00864	0.00867	0.00889	0.00741	0.00514	0.01139	0.01201	0.01622	0.07383	0.07558	0.03130	0.61577	0.07070	0.00707	0.00765	0.01149	0.00494	0.00497
17	0.01509	0.01488	0.02644	0.54864	0.04768	0.01773	0.12646	0.02011	0.01535	0.02011	0.01352	0.01998	0.01033	0.00782	0.00914	0.00259	0.06487	0.00710	0.00344	0.00872
18	0.05887	0.19708	0.19649	0.06750	0.02476	0.09274	0.04281	0.02167	0.01631	0.02189	0.08782	0.02019	0.01694	0.00955	0.00909	0.05196	0.04493	0.00632	0.00400	0.00908
19	0.04743	0.16407	0.02557	0.10096	0.07190	0.37295	0.01555	0.05198	0.01925	0.02061	0.01204	0.01476	0.01005	0.00769	0.00723	0.00205	0.03757	0.00519	0.00386	0.00929
20	0.03833	0.01180	0.01382	0.03465	0.01524	0.01366	0.00974	0.08501	0.05134	0.02688	0.01988	0.02527	0.01663	0.07065	0.01280	0.00269	0.16075	0.00716	0.34429	0.03943
21	0.13298	0.01488	0.11387	0.08178	0.02046	0.01204	0.01279	0.03911	0.01682	0.06159	0.09905	0.14749	0.05745	0.03908	0.00905	0.00279	0.00681	0.09306	0.00586	0.03303

[dist]
# distance from previous block
# <min> <max>
1	10

[block]
# block no. 7 follows, 26 sequences, length 8
# corresponding to MSA columns:
# 240-247
name=unknown_H
#
# <colnr> <probs for GDERKNQSTAVLIFYWHMCP>
#	G	D	E	R	K	N	Q	S	T	A	V	L	I	F	Y	W	H	M	C	P
0	0.02358	0.01758	0.01917	0.01544	0.02017	0.01940	0.01241	0.45367	0.08109	0.03909	0.02305	0.02582	0.05128	0.07650	0.08285	0.00378	0.00908	0.00795	0.00695	0.01114
1	0.01447	0.01290	0.01775	0.03541	0.01747	0.01619	0.03093	0.04172	0.01376	0.01983	0.02231	0.10124	0.07145	0.11046	0.06846	0.00423	0.35006	0.00971	0.03411	0.00754
2	0.01458	0.01519	0.05363	0.17699	0.02613	0.01819	0.01618	0.01745	0.01376	0.01953	0.04353	0.06555	0.08463	0.01297	0.01695	0.00297	0.38086	0.00869	0.00410	0.00811
3	0.02615	0.19286	0.02326	0.01389	0.01945	0.05765	0.01187	0.16529	0.02257	0.25352	0.04344	0.02243	0.03774	0.00889	0.00681	0.00207	0.00735	0.00676	0.04142	0.03656
4	0.03172	0.01457	0.01839	0.01432	0.02006	0.01388	0.01176	0.13723	0.08751	0.52383	0.02814	0.02484	0.01826	0.00943	0.00763	0.00236	0.00671	0.00759	0.00894	0.01282
5	0.02107	0.01002	0.01306	0.01101	0.01452	0.00890	0.00855	0.02382	0.02008	0.32500	0.26112	0.04366	0.10298	0.08795	0.01145	0.00290	0.00529	0.01092	0.00830	0.00940
6	0.01310	0.01449	0.10975	0.05844	0.03620	0.01148	0.01236	0.06810	0.06082	0.02394	0.04532	0.11480	0.28165	0.01716	0.03664	0.00303	0.00695	0.07133	0.00614	0.00830
7	0.01812	0.07554	0.02765	0.10034	0.36374	0.07855	0.04490	0.02198	0.01636	0.02185	0.01427	0.01932	0.01222	0.01374	0.09838	0.00356	0.04890	0.00663	0.00371	0.01025

[dist]
# distance from previous block
# <min> <max>
0	2

[block]
# block no. 8 follows, 26 sequences, length 22
# corresponding to MSA columns:
# 250-271
name=unknown_I
#
# <colnr> <probs for GDERKNQSTAVLIFYWHMCP>
#	G	D	E	R	K	N	Q	S	T	A	V	L	I	F	Y	W	H	M	C	P
0	0.08974	0.34162	0.04396	0.01369	0.01869	0.12504	0.01225	0.06573	0.01740	0.02230	0.01842	0.02017	0.07183	0.01109	0.04368	0.00251	0.03183	0.00592	0.03502	0.00910
1	0.21274	0.01887	0.15140	0.27458	0.03400	0.01632	0.07573	0.02071	0.01502	0.02452	0.01645	0.06078	0.03169	0.00856	0.00706	0.00249	0.00896	0.00719	0.00404	0.00889
2	0.00924	0.00660	0.00880	0.01056	0.01100	0.00616	0.00704	0.01056	0.01452	0.01936	0.04181	0.72848	0.05017	0.02376	0.00968	0.00308	0.00440	0.02156	0.00704	0.00616
3	0.09181	0.15181	0.33384	0.04320	0.07668	0.02034	0.07041	0.02292	0.01542	0.02334	0.01263	0.01572	0.00986	0.00753	0.00833	0.00235	0.07439	0.00566	0.00346	0.01030
4	0.04257	0.30604	0.16613	0.08253	0.07506	0.07214	0.04420	0.08691	0.01813	0.02352	0.01275	0.01521	0.01026	0.00712	0.00635	0.00206	0.00953	0.00535	0.00383	0.01030
5	0.00944	0.00684	0.00884	0.01036	0.01104	0.00636	0.00707	0.01086	0.01476	0.01942	0.04412	0.60807	0.10632	0.05448	0.01093	0.00324	0.00460	0.05017	0.00693	0.00615
6	0.02083	0.01650	0.01847	0.01365	0.02013	0.01533	0.01110	0.26889	0.02349	0.03370	0.01532	0.01669	0.01188	0.00698	0.00638	0.00157	0.00668	0.00540	0.00570	0.48128
7	0.01659	0.04524	0.01552	0.01324	0.01638	0.01477	0.01020	0.11778	0.25496	0.02895	0.08816	0.17261	0.03068	0.04501	0.06153	0.00345	0.00693	0.01124	0.03726	0.00952
8	0.01545	0.02169	0.19930	0.08622	0.03256	0.01577	0.28914	0.02137	0.01652	0.02339	0.01868	0.11226	0.01642	0.00909	0.00812	0.00248	0.01019	0.00925	0.04967	0.04245
9	0.02178	0.01397	0.01590	0.01365	0.01809	0.01465	0.01079	0.05895	0.34493	0.21539	0.07081	0.03453	0.11000	0.01143	0.00792	0.00249	0.00581	0.00948	0.00813	0.01131
10	0.00924	0.00660	0.00880	0.01056	0.01100	0.00616	0.00704	0.01056	0.01452	0.01936	0.04181	0.72848	0.05017	0.02376	0.00968	0.00308	0.00440	0.02156	0.00704	0.00616
11	0.01378	0.01051	0.01269	0.06900	0.04378	0.01064	0.00957	0.11696	0.01906	0.02523	0.04344	0.18358	0.24151	0.05427	0.01004	0.00283	0.00571	0.04328	0.07634	0.00778
12	0.03137	0.01373	0.01931	0.01791	0.10667	0.01239	0.01277	0.03532	0.04968	0.57515	0.02792	0.02500	0.01808	0.00908	0.00762	0.00234	0.00677	0.00756	0.00858	0.01275
13	0.01222	0.00873	0.01222	0.01397	0.01572	0.00873	0.01222	0.01572	0.01746	0.02270	0.04016	0.08556	0.04365	0.02095	0.01048	0.00349	0.00698	0.63506	0.00698	0.00698
14	0.01640	0.07581	0.02572	0.09224	0.09995	0.02027	0.07470	0.02017	0.04078	0.02010	0.01352	0.01935	0.01201	0.01618	0.10340	0.00400	0.32579	0.00693	0.00369	0.00899
15	0.01432	0.01348	0.02275	0.71520	0.05224	0.01685	0.02107	0.01938	0.01517	0.01938	0.01348	0.02022	0.01011	0.00758	0.00758	0.00253	0.01011	0.00674	0.00337	0.00843
16	0.01925	0.01940	0.02809	0.13522	0.49681	0.09635	0.02156	0.02419	0.04234	0.02358	0.01450	0.01875	0.01192	0.00713	0.00745	0.00227	0.00958	0.00661	0.00387	0.01115
17	0.00933	0.00667	0.00888	0.01050	0.01102	0.00622	0.00705	0.01078	0.01493	0.02002	0.07963	0.68880	0.05143	0.02328	0.00964	0.00304	0.00435	0.02110	0.00712	0.00622
18	0.01633	0.01713	0.07529	0.35786	0.24638	0.01713	0.04981	0.04609	0.01716	0.02335	0.04966	0.02133	0.01412	0.00772	0.00767	0.00242	0.00955	0.00714	0.00393	0.00995
19	0.52513	0.16962	0.01838	0.01132	0.01628	0.01907	0.03676	0.02209	0.01391	0.02966	0.01194	0.01397	0.00962	0.00704	0.00496	0.00215	0.00645	0.00455	0.06857	0.00853
20	0.07527	0.03262	0.01418	0.01184	0.01523	0.01286	0.00931	0.14375	0.08153	0.06715	0.27401	0.09455	0.11030	0.01360	0.00812	0.00243	0.00527	0.01144	0.00753	0.00902
21	0.05065	0.04846	0.02755	0.18766	0.15418	0.01715	0.16176	0.02331	0.08004	0.02435	0.03744	0.02067	0.01411	0.00734	0.00742	0.00224	0.00901	0.00711	0.00434	0.11521

[dist]
# distance from previous block
# <min> <max>
9	12

[block]
# block no. 9 follows, 26 sequences, length 48
# corresponding to MSA columns:
# 284-309,312-333
name=unknown_J
#
# <colnr> <probs for GDERKNQSTAVLIFYWHMCP>
#	G	D	E	R	K	N	Q	S	T	A	V	L	I	F	Y	W	H	M	C	P
0	0.59099	0.01473	0.01350	0.01337	0.06882	0.01660	0.00977	0.04488	0.01435	0.03251	0.01210	0.01430	0.00956	0.00732	0.00573	0.00227	0.02814	0.00469	0.05049	0.04589
1	0.01379	0.01067	0.03789	0.11362	0.04691	0.01027	0.08566	0.01426	0.01278	0.01742	0.01705	0.09736	0.01659	0.01902	0.01943	0.41009	0.00769	0.00848	0.03514	0.00588
2	0.07118	0.02168	0.02250	0.11130	0.12289	0.15228	0.01598	0.26872	0.05562	0.06081	0.01640	0.01811	0.01225	0.00826	0.00726	0.00226	0.00936	0.00638	0.00568	0.01107
3	0.01410	0.01321	0.02162	0.54679	0.11643	0.01558	0.01926	0.01867	0.01568	0.02012	0.02205	0.02713	0.10046	0.00905	0.00776	0.00250	0.00915	0.00798	0.00390	0.00855
4	0.09609	0.25152	0.10926	0.10122	0.10337	0.04994	0.01676	0.11937	0.01881	0.02592	0.01384	0.01766	0.01143	0.00770	0.00643	0.00214	0.00883	0.02521	0.00426	0.01023
5	0.04465	0.14099	0.05269	0.16269	0.13592	0.07350	0.05913	0.07558	0.01792	0.02377	0.05007	0.01997	0.01449	0.01123	0.05380	0.00292	0.04019	0.00663	0.00419	0.00968
6	0.00923	0.00664	0.00876	0.01045	0.01097	0.00617	0.00699	0.01057	0.01463	0.01941	0.04319	0.70252	0.07523	0.02358	0.00965	0.00306	0.00438	0.02134	0.00704	0.00617
7	0.00929	0.00764	0.00817	0.00815	0.01047	0.00653	0.00607	0.01148	0.01790	0.02220	0.18267	0.10175	0.54385	0.01877	0.00900	0.00256	0.00382	0.01587	0.00728	0.00653
8	0.01987	0.07074	0.11870	0.02487	0.17413	0.10818	0.07652	0.08784	0.01931	0.05234	0.06750	0.02137	0.01666	0.01204	0.06092	0.00304	0.04394	0.00706	0.00465	0.01033
9	0.01665	0.01695	0.03169	0.06821	0.20563	0.01719	0.28037	0.02210	0.04822	0.02334	0.01906	0.12101	0.01752	0.00976	0.00979	0.00261	0.06570	0.00985	0.00439	0.00996
10	0.01006	0.00746	0.00939	0.00947	0.01106	0.00678	0.00689	0.01280	0.01905	0.02599	0.42045	0.22382	0.17245	0.01817	0.00913	0.00259	0.00383	0.01603	0.00780	0.00678
11	0.05001	0.01752	0.07561	0.47687	0.10967	0.05051	0.02039	0.04693	0.03897	0.02244	0.01414	0.01928	0.01072	0.00761	0.00739	0.00245	0.00986	0.00651	0.00380	0.00932
12	0.01710	0.01655	0.02904	0.21546	0.41877	0.01725	0.08785	0.02189	0.01702	0.02364	0.05050	0.02138	0.01471	0.00741	0.00776	0.00236	0.00939	0.00736	0.00391	0.01064
13	0.02000	0.01517	0.01695	0.01627	0.05488	0.04224	0.01220	0.06264	0.34781	0.11827	0.03283	0.03663	0.07383	0.01300	0.02649	0.00285	0.00697	0.08276	0.00734	0.01088
14	0.08512	0.01498	0.01591	0.01300	0.01725	0.01611	0.01045	0.33597	0.02534	0.06548	0.02443	0.02556	0.07550	0.01117	0.00873	0.06331	0.00650	0.00751	0.16771	0.00995
15	0.01368	0.05372	0.22300	0.16309	0.10306	0.01432	0.01832	0.01849	0.01564	0.02139	0.02515	0.20942	0.06512	0.01237	0.00798	0.00256	0.00830	0.01081	0.00457	0.00900
16	0.01717	0.06664	0.10484	0.14594	0.35377	0.04158	0.02086	0.02192	0.01702	0.02323	0.04722	0.02511	0.01648	0.00849	0.00759	0.00237	0.00914	0.05612	0.00407	0.01044
17	0.01203	0.00862	0.01183	0.01342	0.01510	0.00857	0.01156	0.01527	0.01710	0.02218	0.04068	0.08312	0.06733	0.05964	0.01195	0.00367	0.00688	0.57735	0.00686	0.00683
18	0.00922	0.00669	0.00871	0.01034	0.01094	0.00618	0.00694	0.01059	0.01474	0.01945	0.04456	0.67693	0.09994	0.02341	0.00963	0.00304	0.00436	0.02113	0.00704	0.00618
19	0.02445	0.07472	0.02228	0.08988	0.02470	0.02078	0.01417	0.43780	0.02884	0.06221	0.02047	0.08061	0.01703	0.01049	0.00768	0.00237	0.00806	0.03531	0.00679	0.01136
20	0.04141	0.23090	0.24371	0.02274	0.11744	0.02110	0.10071	0.02414	0.05938	0.02305	0.01505	0.04095	0.01246	0.00760	0.00684	0.00221	0.00948	0.00644	0.00385	0.01056
21	0.01094	0.00808	0.01042	0.01135	0.01244	0.00818	0.00800	0.03946	0.05867	0.02148	0.05918	0.53689	0.04343	0.02643	0.10236	0.00421	0.00677	0.01804	0.00675	0.00694
22	0.29805	0.17457	0.13776	0.01411	0.02027	0.05741	0.01377	0.10482	0.01752	0.02878	0.01487	0.01653	0.03457	0.00925	0.02743	0.00248	0.00839	0.00531	0.00452	0.00958
23	0.01903	0.02771	0.34266	0.08299	0.14127	0.04045	0.02231	0.06798	0.04493	0.09436	0.01793	0.01985	0.02870	0.00796	0.00741	0.00237	0.00975	0.00654	0.00455	0.01123
24	0.55212	0.01883	0.11674	0.06523	0.02094	0.01761	0.01268	0.07256	0.01534	0.03249	0.01185	0.01394	0.00894	0.00727	0.00552	0.00236	0.00719	0.00475	0.00460	0.00905
25	0.10206	0.54258	0.03416	0.01473	0.04530	0.06015	0.01315	0.04994	0.01623	0.02115	0.01105	0.01293	0.00981	0.00698	0.00590	0.00183	0.03430	0.00442	0.00364	0.00970
26	0.04558	0.10404	0.36905	0.02600	0.19740	0.01896	0.02293	0.05780	0.01705	0.02490	0.01396	0.01749	0.01100	0.03282	0.00808	0.00245	0.00983	0.00594	0.00369	0.01101
27	0.01152	0.00857	0.01078	0.01124	0.01294	0.00793	0.00799	0.05477	0.01619	0.02208	0.03639	0.56115	0.04224	0.02026	0.00903	0.00278	0.00492	0.04219	0.00673	0.11027
28	0.01692	0.01778	0.03434	0.09830	0.03493	0.01641	0.41009	0.02233	0.01701	0.02389	0.01463	0.01912	0.01128	0.00630	0.00788	0.00215	0.01051	0.00747	0.00397	0.22470
29	0.08084	0.03498	0.58511	0.01988	0.02998	0.01693	0.02493	0.02402	0.01617	0.05108	0.03853	0.01758	0.01212	0.00758	0.00707	0.00239	0.01029	0.00586	0.00376	0.01087
30	0.01634	0.01392	0.01730	0.03192	0.01985	0.01145	0.03880	0.06681	0.01722	0.02593	0.01579	0.06323	0.01391	0.00716	0.00624	0.00144	0.00619	0.00606	0.00483	0.61561
31	0.00924	0.00660	0.00880	0.01056	0.01100	0.00616	0.00704	0.01056	0.01452	0.01936	0.04181	0.72848	0.05017	0.02376	0.00968	0.00308	0.00440	0.02156	0.00704	0.00616
32	0.06266	0.01529	0.01802	0.01413	0.01980	0.05822	0.01156	0.08831	0.03886	0.55048	0.02700	0.02391	0.01738	0.00919	0.00746	0.00232	0.00705	0.00726	0.00865	0.01243
33	0.01918	0.01879	0.03039	0.04541	0.65802	0.04706	0.02291	0.02358	0.01745	0.02452	0.01416	0.01856	0.01192	0.00680	0.00748	0.00224	0.00921	0.00668	0.00376	0.01188
34	0.03403	0.01291	0.01760	0.01350	0.01936	0.01115	0.01115	0.03697	0.02171	0.69137	0.02992	0.02582	0.01878	0.00939	0.00763	0.00235	0.00645	0.00763	0.00939	0.01291
35	0.01113	0.00795	0.01097	0.01272	0.01399	0.00779	0.01033	0.01383	0.01639	0.02148	0.04076	0.32044	0.04603	0.02198	0.01019	0.00334	0.00604	0.41093	0.00701	0.00668
36	0.08086	0.01732	0.05575	0.01506	0.02121	0.01614	0.01300	0.24963	0.02561	0.39064	0.02374	0.02178	0.01556	0.00902	0.00740	0.00233	0.00732	0.00701	0.00812	0.01250
37	0.01048	0.00764	0.00985	0.00951	0.01123	0.00702	0.00705	0.01374	0.02056	0.02873	0.58252	0.11819	0.11211	0.01651	0.00901	0.00246	0.00367	0.01458	0.00814	0.00702
38	0.05402	0.01220	0.01599	0.01251	0.01777	0.01060	0.01018	0.03096	0.02074	0.49318	0.13187	0.02923	0.02607	0.00989	0.00753	0.00222	0.00589	0.00815	0.00855	0.09244
39	0.28159	0.22081	0.05024	0.01212	0.01730	0.01862	0.01096	0.02404	0.04117	0.12150	0.08275	0.02031	0.01773	0.01062	0.03956	0.00263	0.00730	0.00600	0.00534	0.00942
40	0.00924	0.00660	0.00880	0.01056	0.01100	0.00616	0.00704	0.01056	0.01452	0.01936	0.04181	0.72848	0.05017	0.02376	0.00968	0.00308	0.00440	0.02156	0.00704	0.00616
41	0.02448	0.01733	0.01951	0.01602	0.02088	0.01891	0.01319	0.43143	0.06453	0.08286	0.02340	0.04799	0.01943	0.01492	0.06276	0.00326	0.00875	0.09162	0.00734	0.01140
42	0.01090	0.00784	0.01003	0.01124	0.01217	0.00763	0.00783	0.06190	0.01630	0.02173	0.03989	0.64714	0.04698	0.02250	0.00955	0.00303	0.00481	0.04472	0.00708	0.00672
43	0.01935	0.02043	0.06131	0.04328	0.60383	0.07125	0.02283	0.02386	0.01754	0.02426	0.01404	0.01825	0.01173	0.00686	0.00744	0.00224	0.00948	0.00656	0.00374	0.01173
44	0.01009	0.00761	0.00964	0.01043	0.01188	0.00671	0.00720	0.01173	0.01490	0.02017	0.04077	0.58146	0.09472	0.02097	0.00908	0.00278	0.00452	0.01884	0.00670	0.10981
45	0.02040	0.02036	0.13361	0.01885	0.07966	0.04854	0.04132	0.13767	0.14443	0.10526	0.05165	0.02982	0.11413	0.01035	0.00781	0.00240	0.00784	0.00860	0.00636	0.01093
46	0.05375	0.01463	0.01822	0.01603	0.06298	0.01400	0.04621	0.11437	0.10408	0.02846	0.02068	0.09033	0.01865	0.03410	0.00816	0.00219	0.00669	0.03514	0.00564	0.30567
47	0.58765	0.16960	0.04940	0.01116	0.01654	0.01981	0.01016	0.02247	0.01359	0.03012	0.01070	0.01246	0.00860	0.00693	0.00485	0.00220	0.00660	0.00417	0.00432	0.00868

[dist]
