[name]
unknown

[dist]
# distance from previous block
# <min> <max>
4	30

[block]
# block no. 0 follows, 27 sequences, length 184
# corresponding to MSA columns:
# 36-191,194-221
name=unknown_A
#
# <colnr> <probs for GDERKNQSTAVLIFYWHMCP>
#	G	D	E	R	K	N	Q	S	T	A	V	L	I	F	Y	W	H	M	C	P
0	0.01544	0.01610	0.03199	0.08018	0.10634	0.01587	0.37116	0.02010	0.01625	0.02215	0.02018	0.17562	0.01941	0.01040	0.00936	0.00261	0.04241	0.01095	0.00437	0.00912
1	0.07888	0.01689	0.01810	0.01594	0.04350	0.01874	0.01221	0.19600	0.38552	0.03441	0.02355	0.02264	0.01763	0.00903	0.00712	0.00230	0.00652	0.00723	0.00690	0.07691
2	0.01011	0.00825	0.01112	0.07843	0.06438	0.00794	0.00894	0.01216	0.01535	0.01970	0.04745	0.40023	0.25023	0.01911	0.00890	0.00274	0.00498	0.01692	0.00632	0.00673
3	0.01861	0.01584	0.06738	0.01424	0.01842	0.01482	0.01183	0.30824	0.02373	0.03223	0.02631	0.30237	0.02676	0.01422	0.00807	0.00246	0.00664	0.01215	0.00666	0.06901
4	0.01895	0.01831	0.02188	0.39177	0.08236	0.13071	0.01779	0.13385	0.03843	0.02440	0.01659	0.02048	0.03646	0.00817	0.00735	0.00232	0.00975	0.00671	0.00438	0.00933
5	0.01797	0.01493	0.01687	0.01655	0.06894	0.01670	0.01191	0.03484	0.52501	0.05480	0.08101	0.03099	0.05548	0.01056	0.00768	0.00247	0.00584	0.00894	0.00734	0.01118
6	0.01874	0.01917	0.03137	0.07180	0.50418	0.06984	0.12935	0.02329	0.01722	0.02348	0.01392	0.01834	0.01143	0.00667	0.00754	0.00224	0.00983	0.00683	0.00368	0.01107
7	0.01627	0.02166	0.16687	0.02929	0.16348	0.01681	0.33224	0.02196	0.01650	0.02294	0.01783	0.02331	0.04291	0.06222	0.01033	0.00277	0.01068	0.00815	0.00381	0.00996
8	0.00904	0.00650	0.00858	0.01024	0.01074	0.00604	0.00685	0.01035	0.01430	0.01899	0.04204	0.71258	0.07006	0.02311	0.00945	0.00300	0.00429	0.02093	0.00689	0.00604
9	0.01757	0.01610	0.02307	0.01943	0.02013	0.02171	0.03876	0.01945	0.01233	0.06926	0.01140	0.01705	0.01045	0.01247	0.02254	0.00315	0.64623	0.00665	0.00371	0.00853
10	0.03107	0.01393	0.01778	0.01378	0.01935	0.01306	0.01133	0.14090	0.04726	0.54032	0.05199	0.02524	0.01950	0.00940	0.00751	0.00229	0.00651	0.00759	0.00880	0.01239
11	0.01103	0.00755	0.00902	0.00940	0.00990	0.00747	0.00602	0.03565	0.01313	0.01742	0.03009	0.24591	0.05188	0.42307	0.02598	0.03444	0.00626	0.04498	0.00543	0.00536
12	0.00974	0.00784	0.00884	0.00856	0.01095	0.00670	0.00636	0.01207	0.01753	0.02269	0.22145	0.13822	0.40984	0.01739	0.00860	0.00242	0.00389	0.01487	0.00703	0.06500
13	0.01580	0.01136	0.01264	0.01170	0.01496	0.01162	0.00900	0.04639	0.24594	0.10470	0.04644	0.14558	0.24844	0.01500	0.00829	0.00257	0.00510	0.02796	0.00741	0.00911
14	0.01794	0.01605	0.02654	0.12175	0.50655	0.01643	0.02036	0.02294	0.04365	0.05482	0.06602	0.02202	0.01666	0.00761	0.00748	0.00226	0.00832	0.00723	0.00437	0.01102
15	0.02269	0.01805	0.01917	0.01784	0.07091	0.07128	0.01311	0.15140	0.38430	0.11098	0.02519	0.02382	0.01851	0.00931	0.00744	0.00237	0.00714	0.00756	0.00715	0.01177
16	0.01758	0.01719	0.02381	0.12135	0.06435	0.04887	0.04217	0.07452	0.01482	0.02111	0.01145	0.01704	0.01018	0.01100	0.01820	0.00291	0.46440	0.00655	0.00368	0.00883
17	0.00975	0.00717	0.00923	0.01070	0.01141	0.00697	0.00726	0.01253	0.06428	0.01986	0.04011	0.68107	0.04711	0.02227	0.00933	0.00298	0.00443	0.02015	0.00694	0.00646
18	0.02760	0.07175	0.02103	0.01512	0.02061	0.01870	0.01253	0.38669	0.02789	0.23069	0.02233	0.07409	0.01683	0.00989	0.00739	0.00226	0.00732	0.00780	0.00757	0.01189
19	0.01444	0.03800	0.07241	0.16258	0.02628	0.01614	0.07764	0.04658	0.01517	0.02061	0.02385	0.10950	0.09747	0.04878	0.01371	0.00293	0.19174	0.00962	0.00441	0.00814
20	0.01901	0.68817	0.03654	0.01231	0.01837	0.02764	0.01217	0.02136	0.01522	0.01766	0.01520	0.01639	0.06073	0.00729	0.00507	0.00166	0.00762	0.00485	0.00346	0.00928
21	0.01540	0.01297	0.01514	0.01118	0.01728	0.01010	0.00885	0.04257	0.01604	0.02465	0.01546	0.06960	0.01393	0.00696	0.00587	0.00129	0.00551	0.00574	0.00470	0.69676
22	0.01064	0.00724	0.00864	0.00877	0.00898	0.00738	0.00531	0.01109	0.01120	0.01511	0.02425	0.09763	0.02754	0.59488	0.12447	0.00751	0.00866	0.01120	0.00461	0.00490
23	0.01124	0.00847	0.01221	0.01337	0.06294	0.00932	0.00894	0.01328	0.01198	0.01696	0.02043	0.03386	0.02044	0.24596	0.46612	0.00986	0.01545	0.00866	0.00410	0.00641
24	0.03202	0.01291	0.01764	0.01368	0.01899	0.01180	0.01131	0.03480	0.02050	0.64675	0.02782	0.02459	0.01773	0.00947	0.00874	0.00237	0.06045	0.00739	0.00874	0.01229
25	0.01813	0.01574	0.01720	0.06826	0.02170	0.01832	0.01242	0.03791	0.62936	0.03014	0.02893	0.02710	0.02170	0.00987	0.00754	0.00251	0.00618	0.00826	0.00723	0.01149
26	0.01763	0.01702	0.02996	0.24430	0.31535	0.01793	0.15274	0.07040	0.01776	0.02426	0.01424	0.01910	0.01116	0.00696	0.00767	0.00235	0.00985	0.00705	0.00386	0.01041
27	0.00935	0.00717	0.00798	0.00859	0.01035	0.00632	0.00623	0.01122	0.01596	0.02035	0.05914	0.28036	0.41163	0.01952	0.00878	0.00264	0.00402	0.03900	0.06511	0.00626
28	0.01074	0.00772	0.00957	0.00965	0.01136	0.00714	0.00702	0.01394	0.04450	0.04466	0.33016	0.26301	0.17688	0.01793	0.00889	0.00258	0.00397	0.01580	0.00755	0.00693
29	0.01393	0.01269	0.02132	0.66770	0.04801	0.01574	0.01955	0.01827	0.01445	0.01851	0.01317	0.02000	0.01012	0.00880	0.00905	0.06130	0.00964	0.00659	0.00329	0.00787
30	0.01081	0.00794	0.01064	0.01045	0.01101	0.00818	0.03245	0.01176	0.01206	0.01635	0.02641	0.21100	0.03010	0.42512	0.11238	0.00644	0.03376	0.01272	0.00494	0.00548
31	0.01061	0.00795	0.01193	0.01193	0.01326	0.00928	0.00928	0.01326	0.01193	0.01723	0.01988	0.02916	0.01856	0.05568	0.70968	0.01193	0.01988	0.00795	0.00398	0.00663
32	0.03268	0.01364	0.01785	0.01369	0.01945	0.01240	0.01131	0.11404	0.02293	0.61770	0.02787	0.02435	0.01767	0.00915	0.00746	0.00229	0.00655	0.00737	0.00897	0.01263
33	0.00971	0.00778	0.01013	0.01026	0.01182	0.00725	0.02964	0.01172	0.01619	0.02111	0.14950	0.35775	0.26687	0.01959	0.00959	0.00273	0.02787	0.01718	0.00686	0.00647
34	0.02773	0.03538	0.02104	0.01913	0.02295	0.70930	0.01434	0.02964	0.02104	0.01817	0.01148	0.01339	0.00956	0.00765	0.00669	0.00191	0.01339	0.00478	0.00383	0.00861
35	0.07647	0.20796	0.02486	0.01634	0.02101	0.33065	0.01339	0.13566	0.02076	0.02387	0.01237	0.01423	0.01024	0.00904	0.02677	0.00224	0.03542	0.00500	0.00431	0.00941
36	0.01915	0.62234	0.05561	0.01538	0.05397	0.02703	0.04583	0.02204	0.01555	0.01878	0.03802	0.01449	0.01215	0.00673	0.00531	0.00172	0.00812	0.00476	0.00343	0.00960
37	0.00903	0.00676	0.00839	0.00960	0.01059	0.00612	0.00658	0.01054	0.01512	0.01960	0.07159	0.54586	0.20952	0.02187	0.00928	0.00287	0.00414	0.01949	0.00694	0.00612
38	0.01622	0.05173	0.07399	0.06791	0.01950	0.03895	0.01193	0.09785	0.06825	0.04860	0.05051	0.08454	0.16058	0.01200	0.00856	0.00233	0.05495	0.00960	0.08215	0.03986
39	0.02754	0.01982	0.02156	0.01667	0.02237	0.02184	0.01374	0.60976	0.03320	0.07140	0.01839	0.01869	0.01315	0.01128	0.04277	0.00272	0.00868	0.00678	0.00732	0.01232
40	0.03331	0.01263	0.01723	0.01321	0.01895	0.01091	0.01091	0.03618	0.02125	0.69794	0.02929	0.02527	0.01838	0.00919	0.00747	0.00230	0.00632	0.00747	0.00919	0.01263
41	0.01454	0.01303	0.02016	0.44653	0.03725	0.01663	0.01731	0.01846	0.01410	0.01996	0.01395	0.02007	0.01118	0.00896	0.01123	0.00255	0.18350	0.00662	0.11594	0.00802
42	0.02093	0.02385	0.02393	0.02596	0.19979	0.29593	0.04870	0.02366	0.01744	0.02014	0.01668	0.01995	0.06076	0.00925	0.01081	0.00234	0.16010	0.00663	0.00389	0.00924
43	0.00942	0.00675	0.00895	0.01008	0.01085	0.00628	0.00692	0.01129	0.01597	0.02175	0.20837	0.55884	0.05451	0.02117	0.00929	0.00284	0.00410	0.01912	0.00722	0.00628
44	0.01080	0.00720	0.00810	0.00810	0.00810	0.00720	0.00450	0.01080	0.01080	0.01439	0.02339	0.04858	0.02699	0.73910	0.03779	0.00720	0.00720	0.01080	0.00450	0.00450
45	0.01985	0.74357	0.03890	0.01270	0.01905	0.02937	0.01270	0.02223	0.01508	0.01747	0.01032	0.01191	0.00953	0.00635	0.00476	0.00159	0.00794	0.00397	0.00318	0.00953
46	0.04015	0.02127	0.20709	0.06241	0.35009	0.01567	0.02085	0.02131	0.01703	0.02502	0.12626	0.02370	0.02065	0.00821	0.00742	0.00228	0.00847	0.00736	0.00429	0.01048
47	0.01787	0.01428	0.01526	0.01363	0.01721	0.01602	0.01037	0.07552	0.46869	0.05185	0.03044	0.03261	0.05570	0.13204	0.01265	0.00327	0.00616	0.00901	0.00706	0.01036
48	0.01677	0.01401	0.01613	0.01165	0.01818	0.01130	0.00937	0.08834	0.01749	0.02661	0.01369	0.01565	0.01117	0.00586	0.00570	0.00122	0.00578	0.00464	0.00472	0.70169
49	0.01992	0.04965	0.14222	0.02056	0.02541	0.15880	0.11940	0.06741	0.04198	0.04448	0.01383	0.01725	0.01112	0.01043	0.03383	0.00279	0.20083	0.00641	0.00408	0.00960
50	0.01435	0.01363	0.02335	0.66564	0.08261	0.01662	0.04135	0.01931	0.01503	0.01938	0.01329	0.01973	0.01003	0.00734	0.00746	0.00246	0.00993	0.00667	0.00333	0.00848
51	0.02674	0.02006	0.02145	0.01678	0.02246	0.02233	0.01375	0.57276	0.13259	0.04440	0.01970	0.01932	0.01415	0.00909	0.00745	0.00227	0.00782	0.00694	0.00745	0.01249
52	0.01019	0.00758	0.00948	0.00900	0.01089	0.00687	0.00675	0.01339	0.02025	0.02797	0.57488	0.05842	0.18516	0.01585	0.00876	0.00237	0.00355	0.01384	0.00793	0.00687
53	0.01069	0.00763	0.01028	0.01028	0.01103	0.00838	0.00722	0.01219	0.01144	0.01601	0.02140	0.03754	0.02220	0.35051	0.41983	0.00989	0.01441	0.00918	0.00420	0.00571
54	0.00911	0.00651	0.00867	0.01029	0.01078	0.00607	0.00690	0.01050	0.01452	0.01944	0.07025	0.70352	0.05005	0.02289	0.00944	0.00298	0.00427	0.02076	0.00695	0.00607
55	0.01289	0.00645	0.00967	0.00967	0.00967	0.00645	0.00645	0.00967	0.00967	0.01289	0.01289	0.02257	0.01289	0.02579	0.02901	0.78401	0.00645	0.00645	0.00322	0.00322
56	0.02773	0.03538	0.02104	0.01913	0.02295	0.70930	0.01434	0.02964	0.02104	0.01817	0.01148	0.01339	0.00956	0.00765	0.00669	0.00191	0.01339	0.00478	0.00383	0.00861
57	0.02822	0.02079	0.02228	0.01708	0.02302	0.02302	0.01411	0.66804	0.03490	0.04679	0.01782	0.01782	0.01262	0.00891	0.00743	0.00223	0.00817	0.00668	0.00743	0.01262
58	0.00943	0.00749	0.00845	0.00881	0.01077	0.00660	0.00663	0.01150	0.01677	0.02095	0.12881	0.16049	0.43941	0.04641	0.01013	0.00284	0.00429	0.08698	0.00693	0.00631
59	0.00877	0.00752	0.00752	0.00752	0.01003	0.00627	0.00564	0.01065	0.01692	0.02005	0.07520	0.07144	0.68978	0.01880	0.00877	0.00251	0.00376	0.01567	0.00689	0.00627
60	0.01402	0.01319	0.02227	0.72126	0.05113	0.01649	0.02062	0.01897	0.01484	0.01897	0.01319	0.01979	0.00990	0.00742	0.00742	0.00247	0.00990	0.00660	0.00330	0.00825
61	0.05684	0.01269	0.01703	0.01310	0.01881	0.01109	0.01082	0.03573	0.02098	0.67731	0.02870	0.02486	0.01806	0.00912	0.00738	0.00230	0.00630	0.00736	0.00905	0.01249
62	0.01101	0.00840	0.01208	0.01186	0.01290	0.00987	0.00903	0.01320	0.01172	0.01685	0.01973	0.03122	0.01924	0.15595	0.56204	0.01063	0.06556	0.00828	0.00401	0.00641
63	0.03331	0.01263	0.01723	0.01321	0.01895	0.01091	0.01091	0.03618	0.02125	0.69794	0.02929	0.02527	0.01838	0.00919	0.00747	0.00230	0.00632	0.00747	0.00919	0.01263
64	0.04093	0.01718	0.03292	0.18028	0.22451	0.01739	0.29996	0.02188	0.01649	0.02300	0.01522	0.04789	0.01253	0.00731	0.00798	0.00243	0.01037	0.00804	0.00379	0.00991
65	0.02859	0.01437	0.03848	0.01373	0.01915	0.01312	0.01152	0.11266	0.09661	0.46370	0.06005	0.02590	0.02046	0.00946	0.00744	0.00230	0.00640	0.00769	0.03637	0.01200
66	0.01654	0.01695	0.02392	0.06926	0.02315	0.05271	0.06559	0.01879	0.01253	0.01839	0.01075	0.01701	0.01011	0.01306	0.04057	0.00332	0.56911	0.00664	0.00334	0.00825
67	0.01820	0.05378	0.02946	0.19485	0.28221	0.04253	0.12288	0.07046	0.01752	0.02362	0.01367	0.01828	0.01098	0.00741	0.00869	0.00235	0.06228	0.00676	0.00383	0.01024
68	0.01067	0.00714	0.00814	0.00826	0.00829	0.00711	0.00468	0.01076	0.01105	0.01473	0.02469	0.09935	0.02863	0.68610	0.03569	0.00689	0.00698	0.01156	0.00468	0.00461
69	0.17049	0.08990	0.01923	0.05573	0.07202	0.14518	0.01226	0.06332	0.07072	0.02447	0.01648	0.07233	0.01508	0.06441	0.00962	0.00259	0.04059	0.00696	0.00468	0.04394
70	0.02028	0.31408	0.12535	0.01596	0.02180	0.14647	0.01515	0.05124	0.10187	0.02166	0.01388	0.01541	0.01139	0.00770	0.00730	0.00200	0.05927	0.00520	0.00407	0.03992
71	0.03154	0.01342	0.01749	0.01355	0.01913	0.01228	0.01114	0.09765	0.04881	0.58750	0.04791	0.02554	0.01953	0.00938	0.00750	0.00230	0.00640	0.00760	0.00892	0.01243
72	0.01111	0.00803	0.00978	0.01076	0.03742	0.00786	0.00674	0.03681	0.01391	0.01832	0.03429	0.24242	0.10775	0.36685	0.02293	0.00493	0.00608	0.04252	0.00563	0.00584
73	0.02460	0.01761	0.01960	0.01567	0.02027	0.01942	0.01264	0.48692	0.02899	0.06930	0.02019	0.08936	0.01688	0.04048	0.01066	0.03795	0.04323	0.00827	0.00694	0.01101
74	0.00922	0.00657	0.00873	0.01039	0.01086	0.00617	0.00701	0.01055	0.01421	0.01893	0.04025	0.68483	0.04809	0.04759	0.01047	0.00317	0.00451	0.04561	0.00681	0.00601
75	0.01078	0.00726	0.00839	0.00839	0.00850	0.00736	0.00487	0.01099	0.01088	0.01461	0.02312	0.04707	0.02633	0.68598	0.09001	0.00757	0.00818	0.01057	0.00446	0.00466
76	0.05271	0.02190	0.04436	0.10341	0.18637	0.19409	0.01656	0.13271	0.06670	0.04752	0.01669	0.05372	0.01375	0.00854	0.00721	0.00224	0.00943	0.00690	0.00492	0.01027
77	0.01865	0.11660	0.03114	0.10452	0.12422	0.04672	0.22800	0.02595	0.12532	0.05388	0.01784	0.02206	0.01413	0.00775	0.00758	0.00233	0.00955	0.02893	0.00459	0.01023
78	0.01147	0.00823	0.01138	0.01304	0.01460	0.00814	0.01109	0.01456	0.01670	0.02171	0.04060	0.17123	0.06292	0.02083	0.01010	0.00334	0.00640	0.54012	0.00685	0.00671
79	0.01033	0.00756	0.01000	0.04280	0.01323	0.00742	0.00788	0.04406	0.01572	0.02105	0.08028	0.62209	0.04684	0.02130	0.00923	0.00291	0.00470	0.01923	0.00684	0.00652
80	0.16878	0.01568	0.04286	0.13400	0.04674	0.03539	0.01336	0.14298	0.01948	0.13630	0.04630	0.02281	0.04530	0.01254	0.06132	0.00308	0.03075	0.00695	0.00569	0.00969
81	0.02542	0.01859	0.02010	0.01614	0.02150	0.02061	0.01310	0.41471	0.24441	0.09109	0.02274	0.02161	0.01634	0.00931	0.00747	0.00233	0.00728	0.00730	0.00760	0.01234
82	0.04778	0.26770	0.38229	0.01825	0.02703	0.02105	0.06650	0.02286	0.01548	0.02195	0.01233	0.01459	0.00958	0.00670	0.00626	0.00206	0.00967	0.00512	0.00330	0.03950
83	0.01368	0.01171	0.01263	0.03620	0.01602	0.01252	0.00924	0.02489	0.33808	0.02526	0.04815	0.10792	0.28497	0.01457	0.00820	0.00256	0.00505	0.01231	0.00709	0.00898
84	0.01708	0.01508	0.02377	0.12282	0.39097	0.01551	0.01844	0.06945	0.01775	0.02497	0.01855	0.06149	0.01692	0.00919	0.00757	0.00233	0.00807	0.07169	0.04300	0.04534
85	0.01539	0.01319	0.01539	0.01100	0.01759	0.00990	0.00880	0.01869	0.01539	0.02419	0.01319	0.01539	0.01100	0.00550	0.00550	0.00110	0.00550	0.00440	0.00440	0.78449
86	0.01985	0.74357	0.03890	0.01270	0.01905	0.02937	0.01270	0.02223	0.01508	0.01747	0.01032	0.01191	0.00953	0.00635	0.00476	0.00159	0.00794	0.00397	0.00318	0.00953
87	0.08578	0.03226	0.02040	0.01820	0.02231	0.58517	0.01384	0.09560	0.02184	0.02230	0.01205	0.01375	0.00977	0.00772	0.00661	0.00197	0.01226	0.00492	0.00426	0.00898
88	0.01119	0.00798	0.00968	0.00943	0.00959	0.00863	0.00598	0.01163	0.01098	0.01501	0.02192	0.04375	0.02465	0.60022	0.11910	0.00748	0.06329	0.01012	0.00434	0.00503
89	0.01880	0.01611	0.01697	0.01518	0.01943	0.01862	0.01183	0.06091	0.65737	0.03159	0.02979	0.02736	0.02232	0.01003	0.00755	0.00251	0.00595	0.00833	0.00755	0.01178
90	0.01089	0.00803	0.01108	0.01095	0.01178	0.00912	0.00796	0.01262	0.01153	0.01631	0.02065	0.03513	0.02102	0.28211	0.45800	0.01000	0.04386	0.00884	0.00412	0.00598
91	0.03305	0.01304	0.01748	0.01340	0.01916	0.01152	0.01107	0.06797	0.02194	0.66517	0.02871	0.02489	0.01809	0.00917	0.00746	0.00229	0.00641	0.00743	0.00910	0.01263
92	0.01434	0.00740	0.00745	0.00727	0.00915	0.00748	0.00550	0.03980	0.01624	0.02834	0.02400	0.02734	0.01881	0.00866	0.00527	0.00175	0.00362	0.00691	0.75359	0.00712
93	0.00940	0.00709	0.00869	0.00925	0.01065	0.00638	0.00657	0.01150	0.01697	0.02244	0.24082	0.34839	0.23558	0.01963	0.00907	0.00267	0.00392	0.01732	0.00727	0.00638
94	0.01540	0.00934	0.01123	0.01044	0.01328	0.00868	0.00792	0.01976	0.09134	0.16651	0.15715	0.18770	0.23973	0.01608	0.00850	0.00254	0.00460	0.01384	0.00767	0.00830
95	0.01426	0.01344	0.02271	0.68342	0.08706	0.01656	0.02074	0.01918	0.01496	0.01926	0.01324	0.01971	0.01000	0.00738	0.00742	0.00246	0.00984	0.00660	0.00332	0.00844
96	0.15873	0.01264	0.01578	0.01250	0.01781	0.01165	0.01025	0.03261	0.01949	0.55629	0.02665	0.05517	0.01804	0.00944	0.00708	0.00233	0.00613	0.00751	0.00832	0.01157
97	0.01562	0.00925	0.00961	0.00882	0.01102	0.00967	0.00661	0.10602	0.04766	0.02873	0.02351	0.02901	0.01934	0.10232	0.00978	0.00253	0.00469	0.00745	0.54075	0.00760
98	0.02652	0.01737	0.01980	0.01556	0.02052	0.01897	0.01281	0.42417	0.02818	0.16563	0.01994	0.02027	0.01420	0.01088	0.03286	0.00262	0.06361	0.00688	0.06759	0.01162
99	0.01585	0.17518	0.57228	0.01952	0.02959	0.01959	0.02457	0.02326	0.01556	0.02234	0.01274	0.01494	0.00943	0.00692	0.00661	0.00220	0.01038	0.00519	0.00314	0.01069
100	0.02716	0.02997	0.02207	0.02054	0.07339	0.46535	0.01491	0.20763	0.02460	0.02663	0.01344	0.01500	0.01058	0.00792	0.00695	0.00202	0.01158	0.00545	0.00482	0.00997
101	0.01184	0.00856	0.01019	0.00984	0.01013	0.00926	0.00632	0.03780	0.01220	0.01654	0.02374	0.12005	0.02714	0.55795	0.03209	0.00614	0.07874	0.01134	0.00476	0.00536
102	0.01924	0.67365	0.03678	0.01289	0.01872	0.02803	0.01262	0.02164	0.01517	0.01804	0.04102	0.01410	0.01228	0.00709	0.00593	0.00171	0.04385	0.00452	0.00341	0.00934
103	0.01215	0.00944	0.01162	0.04675	0.01478	0.00973	0.00858	0.03916	0.12695	0.02363	0.14892	0.30619	0.07012	0.07139	0.03868	0.00334	0.00569	0.01437	0.00669	0.03180
104	0.13942	0.20091	0.22389	0.01768	0.07237	0.01980	0.01692	0.02146	0.01491	0.02336	0.04531	0.01640	0.01255	0.00779	0.00804	0.00216	0.08833	0.00540	0.00376	0.05956
105	0.38922	0.01396	0.01423	0.06136	0.01859	0.01546	0.01041	0.11065	0.04388	0.11223	0.03908	0.02281	0.01544	0.00983	0.00742	0.04173	0.00648	0.05243	0.00577	0.00902
106	0.00931	0.00666	0.00890	0.01051	0.01109	0.00625	0.00724	0.01086	0.01474	0.01971	0.07300	0.65677	0.04971	0.02267	0.00949	0.00301	0.00444	0.06256	0.00695	0.00613
107	0.01486	0.01405	0.02378	0.59096	0.17487	0.01671	0.02103	0.01970	0.01524	0.01999	0.01334	0.01952	0.01026	0.00727	0.00741	0.00242	0.00969	0.00660	0.00337	0.00892
108	0.04605	0.00797	0.00997	0.08323	0.01458	0.00803	0.00781	0.01345	0.01560	0.02246	0.15244	0.27393	0.11011	0.08163	0.01080	0.00295	0.00490	0.01396	0.11362	0.00654
109	0.01000	0.00736	0.00925	0.00919	0.01075	0.00673	0.00668	0.01272	0.01878	0.02577	0.45439	0.17714	0.15945	0.04600	0.01004	0.00267	0.00383	0.01502	0.00760	0.00662
110	0.01624	0.01624	0.02274	0.01949	0.01949	0.02274	0.01624	0.01787	0.01137	0.01787	0.00975	0.01624	0.00975	0.01299	0.02436	0.00325	0.72552	0.00650	0.00325	0.00812
111	0.68707	0.01396	0.01104	0.00993	0.01430	0.01612	0.00810	0.02270	0.05769	0.03278	0.01261	0.01417	0.00976	0.00722	0.00483	0.00227	0.00560	0.00451	0.05712	0.00821
112	0.37509	0.01547	0.01714	0.09781	0.05231	0.04301	0.06050	0.07565	0.03998	0.06406	0.01955	0.02113	0.07344	0.00843	0.00632	0.00234	0.00723	0.00646	0.00510	0.00899
113	0.01846	0.00928	0.01240	0.01080	0.01385	0.00830	0.00838	0.02154	0.02050	0.26555	0.39855	0.10410	0.04991	0.01376	0.00836	0.00238	0.00457	0.01199	0.00842	0.00891
114	0.01081	0.00798	0.00938	0.00909	0.01131	0.00720	0.00688	0.01404	0.03985	0.04856	0.32744	0.09546	0.32914	0.01694	0.00877	0.00248	0.00394	0.03622	0.00753	0.00699
115	0.01349	0.00890	0.01133	0.01057	0.01274	0.00850	0.00801	0.06910	0.02091	0.07985	0.45445	0.16670	0.05704	0.01573	0.00871	0.00247	0.00433	0.03152	0.00793	0.00772
116	0.02775	0.01864	0.02056	0.01596	0.02151	0.02016	0.01305	0.50651	0.06408	0.14772	0.02052	0.02089	0.01469	0.04209	0.00881	0.00248	0.00772	0.00708	0.00758	0.01221
117	0.73345	0.06925	0.01302	0.00998	0.01471	0.01761	0.00839	0.02185	0.01282	0.03212	0.01034	0.01205	0.00815	0.00685	0.00461	0.00224	0.00591	0.00402	0.00449	0.00815
118	0.00938	0.00684	0.00908	0.01054	0.01094	0.00667	0.00709	0.01062	0.01394	0.01868	0.03895	0.67486	0.04662	0.05892	0.01142	0.00323	0.02946	0.02008	0.00664	0.00603
119	0.61308	0.01549	0.01687	0.03550	0.01967	0.01727	0.11048	0.05131	0.01447	0.03200	0.01149	0.01379	0.00880	0.00690	0.00545	0.00233	0.00703	0.00495	0.00455	0.00856
120	0.01165	0.00810	0.01034	0.03887	0.01284	0.00815	0.00766	0.06046	0.01480	0.01959	0.03237	0.36776	0.06116	0.16342	0.01731	0.10167	0.00577	0.04622	0.00585	0.00601
121	0.01985	0.74357	0.03890	0.01270	0.01905	0.02937	0.01270	0.02223	0.01508	0.01747	0.01032	0.01191	0.00953	0.00635	0.00476	0.00159	0.00794	0.00397	0.00318	0.00953
122	0.01939	0.01540	0.02018	0.04309	0.02145	0.01589	0.09471	0.28350	0.02258	0.03075	0.01939	0.07324	0.01752	0.14362	0.04480	0.00352	0.00854	0.00845	0.00569	0.10829
123	0.00932	0.00754	0.00828	0.00809	0.01036	0.00650	0.00607	0.01171	0.01821	0.02311	0.26809	0.06642	0.49499	0.01766	0.00877	0.00245	0.00368	0.01496	0.00730	0.00650
124	0.01549	0.00904	0.00925	0.00865	0.01100	0.00950	0.00664	0.07043	0.09365	0.02955	0.02441	0.02691	0.01895	0.00883	0.00564	0.00186	0.00410	0.00707	0.63110	0.00792
125	0.29109	0.01462	0.01347	0.01141	0.01557	0.04636	0.00920	0.17939	0.01993	0.08432	0.01762	0.01899	0.01315	0.00809	0.00577	0.00210	0.00607	0.00579	0.22785	0.00921
126	0.02751	0.02010	0.02152	0.01658	0.02231	0.02222	0.01367	0.63572	0.03394	0.04584	0.01814	0.01831	0.01294	0.00890	0.00732	0.00220	0.00794	0.00670	0.04582	0.01234
127	0.03058	0.01377	0.02083	0.01574	0.02167	0.01227	0.10007	0.03462	0.04625	0.58035	0.02738	0.02465	0.01757	0.00882	0.00765	0.00233	0.00714	0.00768	0.00839	0.01224
128	0.00907	0.00662	0.00846	0.00990	0.01058	0.00610	0.00665	0.01039	0.01444	0.01894	0.04471	0.62594	0.13042	0.04713	0.01035	0.00309	0.00434	0.02006	0.00681	0.00601
129	0.01056	0.00763	0.01000	0.00951	0.01126	0.00707	0.00720	0.01406	0.02086	0.02947	0.66299	0.05658	0.06896	0.01539	0.00882	0.00238	0.00364	0.03851	0.00812	0.00700
130	0.02196	0.01938	0.02090	0.02110	0.13303	0.08515	0.01447	0.20517	0.33262	0.03294	0.02238	0.02212	0.01689	0.00895	0.00740	0.00233	0.00770	0.00729	0.00652	0.01169
131	0.08409	0.01312	0.01703	0.01315	0.01883	0.01185	0.01086	0.06383	0.02129	0.62372	0.02749	0.02404	0.01742	0.00902	0.00727	0.00229	0.00636	0.00720	0.00880	0.01232
132	0.01077	0.00790	0.01168	0.01168	0.01302	0.00916	0.00907	0.01346	0.01211	0.01776	0.02010	0.02909	0.01858	0.05331	0.67423	0.01142	0.01906	0.00790	0.04304	0.00664
133	0.02845	0.02042	0.02205	0.01691	0.02284	0.02247	0.01397	0.63943	0.03429	0.07627	0.01834	0.01816	0.01289	0.00892	0.00743	0.00223	0.00809	0.00672	0.00751	0.01263
134	0.01793	0.01846	0.05190	0.16592	0.51941	0.05222	0.02213	0.02246	0.01669	0.02296	0.01368	0.01828	0.01123	0.00683	0.00732	0.00224	0.00932	0.00648	0.00360	0.01094
135	0.01346	0.00776	0.01044	0.01098	0.01252	0.00713	0.00797	0.01539	0.01626	0.13353	0.10038	0.50094	0.04547	0.01993	0.00913	0.00286	0.00476	0.06642	0.00739	0.00729
136	0.61477	0.05145	0.01295	0.01046	0.01487	0.04436	0.00862	0.04748	0.01416	0.03155	0.01191	0.01392	0.00943	0.00869	0.02790	0.00252	0.00657	0.00447	0.05571	0.00820
137	0.01063	0.00746	0.00968	0.01079	0.01163	0.00749	0.00771	0.02982	0.01496	0.02080	0.03642	0.53492	0.04176	0.02201	0.03752	0.00325	0.03014	0.06577	0.09079	0.00646
138	0.01005	0.00783	0.00916	0.00889	0.01097	0.00711	0.00664	0.01347	0.04456	0.02540	0.38578	0.09449	0.31498	0.01683	0.00875	0.00244	0.00374	0.01451	0.00757	0.00685
139	0.05446	0.31428	0.06018	0.04188	0.01971	0.02089	0.01285	0.06847	0.01723	0.09537	0.09628	0.02150	0.01872	0.03717	0.00945	0.00231	0.08857	0.00643	0.00487	0.00938
140	0.01673	0.23439	0.47602	0.01952	0.04935	0.03954	0.02281	0.02330	0.01569	0.02170	0.01245	0.01465	0.00952	0.00686	0.00641	0.00212	0.01012	0.00508	0.00318	0.01053
141	0.03331	0.01263	0.01723	0.01321	0.01895	0.01091	0.01091	0.03618	0.02125	0.69794	0.02929	0.02527	0.01838	0.00919	0.00747	0.00230	0.00632	0.00747	0.00919	0.01263
142	0.02288	0.01835	0.02090	0.20130	0.02924	0.05444	0.01509	0.39769	0.04509	0.03583	0.01917	0.02090	0.03941	0.00888	0.00736	0.00228	0.00847	0.00698	0.03495	0.01078
143	0.01638	0.01526	0.02594	0.23778	0.39915	0.01618	0.04481	0.02090	0.01628	0.02270	0.01615	0.02419	0.01386	0.00797	0.00754	0.00236	0.00888	0.05459	0.03899	0.01008
144	0.01140	0.00765	0.01007	0.00970	0.01143	0.00704	0.00718	0.01450	0.01989	0.06116	0.54799	0.16722	0.06398	0.01623	0.00881	0.00245	0.00378	0.01441	0.00801	0.00712
145	0.01080	0.00720	0.00810	0.00810	0.00810	0.00720	0.00450	0.01080	0.01080	0.01439	0.02339	0.04858	0.02699	0.73910	0.03779	0.00720	0.00720	0.01080	0.00450	0.00450
146	0.05746	0.12652	0.02043	0.04718	0.04596	0.07015	0.01232	0.16089	0.01908	0.02614	0.04019	0.04552	0.01629	0.01939	0.16180	0.00432	0.06045	0.00700	0.04993	0.00900
147	0.48235	0.01464	0.01436	0.11646	0.02096	0.01684	0.01083	0.12843	0.01715	0.03275	0.04680	0.04195	0.01362	0.00830	0.00587	0.00234	0.00660	0.00592	0.00513	0.00871
148	0.01006	0.00810	0.00910	0.00929	0.01149	0.00742	0.00710	0.01356	0.06188	0.02223	0.14718	0.14026	0.41700	0.01841	0.00894	0.00264	0.00428	0.08719	0.00710	0.00678
149	0.01797	0.01592	0.04683	0.04526	0.01961	0.06521	0.01121	0.07394	0.13970	0.07211	0.05532	0.07340	0.03904	0.03860	0.00823	0.00219	0.00671	0.00788	0.00583	0.25505
150	0.03562	0.19874	0.39892	0.07219	0.02987	0.02039	0.06548	0.02256	0.01531	0.02173	0.01247	0.01533	0.00958	0.00716	0.00747	0.00224	0.04611	0.00545	0.00324	0.01015
151	0.01573	0.01394	0.01785	0.01461	0.06384	0.01167	0.03130	0.01907	0.01526	0.02371	0.01305	0.01581	0.01096	0.00616	0.00715	0.00138	0.06014	0.00484	0.00424	0.64929
152	0.01985	0.74357	0.03890	0.01270	0.01905	0.02937	0.01270	0.02223	0.01508	0.01747	0.01032	0.01191	0.00953	0.00635	0.00476	0.00159	0.00794	0.00397	0.00318	0.00953
153	0.01001	0.00728	0.00932	0.01040	0.01139	0.00689	0.00728	0.03547	0.01604	0.02138	0.11304	0.55743	0.09841	0.02140	0.00930	0.00289	0.00442	0.04418	0.00705	0.00643
154	0.01550	0.00887	0.01167	0.01022	0.01300	0.00794	0.00790	0.01886	0.02085	0.17019	0.52385	0.04755	0.05688	0.01354	0.00836	0.00228	0.00417	0.01182	0.00824	0.03832
155	0.00986	0.00718	0.00942	0.01097	0.01174	0.00695	0.00774	0.01239	0.04760	0.01994	0.04019	0.62113	0.04702	0.02227	0.00947	0.00304	0.00469	0.09505	0.00692	0.00641
156	0.01309	0.00724	0.01047	0.01023	0.01030	0.00773	0.00705	0.01064	0.01009	0.01393	0.01359	0.02347	0.01354	0.05645	0.02811	0.65870	0.06049	0.00667	0.03443	0.00380
157	0.02773	0.03538	0.02104	0.01913	0.02295	0.70930	0.01434	0.02964	0.02104	0.01817	0.01148	0.01339	0.00956	0.00765	0.00669	0.00191	0.01339	0.00478	0.00383	0.00861
158	0.02626	0.01781	0.01977	0.01556	0.02089	0.01922	0.01271	0.44308	0.10281	0.14112	0.08320	0.02352	0.01993	0.00966	0.00757	0.00228	0.00720	0.00762	0.00777	0.01201
159	0.01095	0.00793	0.01072	0.01219	0.01366	0.00770	0.01003	0.01375	0.01658	0.02161	0.07205	0.23416	0.09871	0.02077	0.00988	0.00320	0.00584	0.41676	0.00691	0.00661
160	0.00990	0.00764	0.00836	0.00831	0.01065	0.00656	0.00625	0.01204	0.01748	0.04271	0.16122	0.11419	0.51663	0.01832	0.00882	0.00253	0.00392	0.03075	0.00715	0.00657
161	0.02465	0.01799	0.02006	0.01709	0.05403	0.01965	0.01314	0.47514	0.07920	0.06134	0.02139	0.08576	0.01722	0.01021	0.00751	0.00230	0.00738	0.00818	0.04615	0.01162
162	0.73620	0.01452	0.01155	0.01015	0.01484	0.01667	0.00836	0.04528	0.01374	0.05855	0.01131	0.01276	0.00859	0.00705	0.00480	0.00229	0.00585	0.00424	0.00487	0.00837
163	0.01074	0.00785	0.01141	0.01141	0.01263	0.00901	0.00870	0.01318	0.01196	0.01735	0.02036	0.03087	0.01934	0.11579	0.62395	0.01114	0.01815	0.00817	0.03157	0.00645
164	0.61837	0.01481	0.03568	0.01068	0.01542	0.01577	0.00909	0.04821	0.01491	0.08333	0.06306	0.01667	0.01370	0.00777	0.00532	0.00230	0.00590	0.00514	0.00527	0.00859
165	0.06241	0.01627	0.01597	0.03869	0.01798	0.11718	0.01124	0.17491	0.01986	0.02782	0.01971	0.02305	0.04446	0.01681	0.12003	0.00375	0.08625	0.00689	0.16801	0.00870
166	0.01543	0.00934	0.01022	0.03378	0.01273	0.00976	0.00738	0.12216	0.01834	0.02883	0.02504	0.12269	0.02204	0.03655	0.00737	0.00221	0.00470	0.00894	0.49480	0.00769
167	0.76223	0.01526	0.03694	0.01019	0.01503	0.01668	0.00877	0.02189	0.01275	0.03294	0.01045	0.01220	0.00809	0.00690	0.00469	0.00230	0.00594	0.00408	0.00454	0.00815
168	0.01203	0.06482	0.08807	0.03562	0.04563	0.01093	0.01054	0.01440	0.01321	0.01791	0.02480	0.13650	0.04763	0.25978	0.15698	0.00592	0.00979	0.03403	0.00459	0.00681
169	0.01232	0.00649	0.00926	0.00956	0.00977	0.00642	0.00642	0.01041	0.01093	0.01515	0.01861	0.14444	0.01958	0.02395	0.02372	0.58628	0.00584	0.00899	0.06787	0.00401
170	0.01954	0.33787	0.25277	0.01638	0.02363	0.13080	0.01750	0.02398	0.01672	0.04582	0.04295	0.01586	0.01257	0.00729	0.00611	0.00195	0.00954	0.00516	0.00372	0.00986
171	0.01735	0.05583	0.11021	0.03514	0.44512	0.04140	0.05307	0.02202	0.01715	0.02385	0.06720	0.02242	0.04095	0.00778	0.00739	0.00222	0.00879	0.00724	0.00405	0.01079
172	0.70387	0.01449	0.01184	0.01032	0.01505	0.01648	0.00850	0.04881	0.01417	0.08387	0.01206	0.01328	0.00900	0.00715	0.00492	0.00229	0.00588	0.00439	0.00505	0.00857
173	0.00927	0.00700	0.00863	0.00982	0.01102	0.00636	0.00704	0.01096	0.01534	0.01963	0.05122	0.46395	0.24411	0.02161	0.00934	0.00290	0.00440	0.08431	0.00689	0.00619
174	0.04106	0.02805	0.25934	0.04930	0.06290	0.15776	0.15993	0.04927	0.01795	0.04423	0.01531	0.05288	0.01234	0.00794	0.00746	0.00232	0.01091	0.00700	0.00403	0.01000
175	0.00957	0.00684	0.00922	0.01094	0.01160	0.00648	0.00781	0.01125	0.01473	0.01954	0.04063	0.61656	0.04795	0.02276	0.00962	0.00309	0.00476	0.13359	0.00688	0.00618
176	0.01080	0.00720	0.00810	0.00810	0.00810	0.00720	0.00450	0.01080	0.01080	0.01439	0.02339	0.04858	0.02699	0.73910	0.03779	0.00720	0.00720	0.01080	0.00450	0.00450
177	0.05193	0.05312	0.02061	0.01635	0.02117	0.25439	0.01304	0.33606	0.02676	0.03290	0.01961	0.02019	0.06245	0.00905	0.00701	0.00210	0.00939	0.00652	0.02700	0.01035
178	0.04654	0.01326	0.05530	0.13068	0.04358	0.01243	0.03857	0.06726	0.04752	0.12932	0.05795	0.09670	0.09739	0.01337	0.01018	0.08640	0.00702	0.03199	0.00587	0.00866
179	0.01196	0.00854	0.01196	0.01367	0.01538	0.00854	0.01196	0.01538	0.01709	0.02222	0.03931	0.08374	0.04272	0.02051	0.01025	0.00342	0.00684	0.64283	0.00684	0.00684
180	0.01477	0.01457	0.02682	0.40004	0.11044	0.01598	0.17787	0.01956	0.01565	0.02070	0.01689	0.10124	0.01490	0.00886	0.00798	0.00251	0.00979	0.00879	0.00386	0.00879
181	0.01675	0.05369	0.07284	0.12656	0.07759	0.08282	0.01522	0.08197	0.01712	0.02251	0.02255	0.10385	0.08381	0.01152	0.01079	0.00251	0.14830	0.00877	0.03209	0.00874
182	0.01430	0.01373	0.04008	0.13745	0.02367	0.06587	0.06121	0.04247	0.04779	0.02314	0.09933	0.11007	0.08108	0.01438	0.00870	0.00273	0.00764	0.19257	0.00584	0.00794
183	0.68151	0.04041	0.03507	0.03995	0.04063	0.01714	0.00985	0.02181	0.01306	0.03155	0.01067	0.01270	0.00834	0.00689	0.00489	0.00228	0.00626	0.00426	0.00441	0.00833

[dist]
# distance from previous block
# <min> <max>
0	1

[block]
# block no. 1 follows, 27 sequences, length 18
# corresponding to MSA columns:
# 223-240
name=unknown_B
#
# <colnr> <probs for GDERKNQSTAVLIFYWHMCP>
#	G	D	E	R	K	N	Q	S	T	A	V	L	I	F	Y	W	H	M	C	P
0	0.01571	0.01835	0.09606	0.02174	0.14035	0.09931	0.09132	0.01964	0.01734	0.02293	0.15434	0.03333	0.07648	0.03997	0.03887	0.00298	0.06132	0.03626	0.00493	0.00875
1	0.04090	0.01605	0.05467	0.24028	0.10966	0.01648	0.18502	0.02057	0.03767	0.02193	0.01766	0.08805	0.01583	0.00954	0.00927	0.00259	0.06474	0.03591	0.00412	0.00905
2	0.01539	0.01319	0.01539	0.01100	0.01759	0.00990	0.00880	0.01869	0.01539	0.02419	0.01319	0.01539	0.01100	0.00550	0.00550	0.00110	0.00550	0.00440	0.00440	0.78449
3	0.02085	0.65373	0.03664	0.01352	0.01955	0.11563	0.01291	0.02317	0.01584	0.01756	0.01047	0.01210	0.00953	0.00652	0.00501	0.00163	0.00863	0.00407	0.00326	0.00941
4	0.45673	0.01795	0.14948	0.01174	0.01711	0.01507	0.01159	0.04286	0.01457	0.03068	0.01392	0.01605	0.01063	0.00734	0.00530	0.00219	0.00643	0.00497	0.15682	0.00856
5	0.01087	0.00782	0.01125	0.01125	0.01251	0.00894	0.00860	0.01338	0.01212	0.01782	0.02049	0.03053	0.01924	0.10405	0.60426	0.01078	0.01765	0.00809	0.06386	0.00649
6	0.01927	0.01635	0.01724	0.01527	0.01961	0.01884	0.01194	0.09115	0.62637	0.03235	0.02920	0.02689	0.02184	0.00998	0.00754	0.00249	0.00606	0.00825	0.00754	0.01182
7	0.01072	0.00768	0.01028	0.01152	0.01278	0.00743	0.00909	0.01321	0.01625	0.02150	0.11668	0.26731	0.07464	0.07207	0.01176	0.00340	0.00560	0.31480	0.00684	0.00643
8	0.01308	0.00816	0.01075	0.00978	0.01198	0.00745	0.00745	0.01651	0.02104	0.10525	0.61436	0.05204	0.06421	0.01450	0.00861	0.00233	0.00382	0.01275	0.00829	0.00764
9	0.59236	0.01390	0.01257	0.01067	0.01556	0.01515	0.00879	0.02559	0.01490	0.20790	0.01532	0.01553	0.01076	0.00749	0.00535	0.00230	0.00589	0.00493	0.00580	0.00925
10	0.00914	0.00663	0.00863	0.01005	0.01074	0.00612	0.00681	0.01064	0.01494	0.01987	0.09337	0.63341	0.09762	0.02231	0.00937	0.00293	0.00420	0.02011	0.00699	0.00612
11	0.01343	0.00899	0.01049	0.01033	0.01282	0.00846	0.00774	0.01778	0.10175	0.10989	0.05162	0.26133	0.29670	0.01784	0.00872	0.00267	0.00465	0.03976	0.00728	0.00775
12	0.02031	0.01543	0.01692	0.01425	0.01852	0.01668	0.01158	0.33586	0.13081	0.03613	0.10555	0.03800	0.11357	0.01239	0.00809	0.00245	0.00655	0.07913	0.00740	0.01037
13	0.59045	0.01396	0.01196	0.01054	0.01504	0.01577	0.00858	0.02493	0.08724	0.09758	0.01513	0.01591	0.01125	0.00756	0.00523	0.00229	0.00569	0.00499	0.04705	0.00884
14	0.00917	0.00697	0.00846	0.00929	0.01058	0.00625	0.00651	0.01098	0.01608	0.02090	0.14730	0.42196	0.25746	0.02064	0.00914	0.00275	0.00401	0.01823	0.00708	0.00625
15	0.04431	0.09234	0.03783	0.01277	0.03789	0.01249	0.01037	0.04854	0.04496	0.15420	0.09598	0.04197	0.18054	0.01572	0.04778	0.02901	0.00673	0.07128	0.00650	0.00879
16	0.01866	0.58292	0.13716	0.01357	0.02029	0.02590	0.01440	0.02207	0.01521	0.01913	0.01179	0.01363	0.01020	0.00662	0.00514	0.00171	0.00807	0.00441	0.05958	0.00956
17	0.01955	0.01552	0.01753	0.01322	0.01886	0.01475	0.01061	0.24406	0.02170	0.03110	0.01542	0.01869	0.01268	0.06041	0.00923	0.00202	0.03360	0.00574	0.00542	0.42989

[dist]
# distance from previous block
# <min> <max>
0	1

[block]
# block no. 2 follows, 27 sequences, length 51
# corresponding to MSA columns:
# 242-292
name=unknown_C
#
# <colnr> <probs for GDERKNQSTAVLIFYWHMCP>
#	G	D	E	R	K	N	Q	S	T	A	V	L	I	F	Y	W	H	M	C	P
0	0.22906	0.01775	0.01864	0.08630	0.02300	0.02002	0.01280	0.40405	0.02617	0.03960	0.01562	0.01689	0.01139	0.00821	0.00658	0.00225	0.00751	0.00598	0.03746	0.01073
1	0.01072	0.00771	0.00991	0.01071	0.01182	0.00745	0.00759	0.05462	0.01705	0.02308	0.16912	0.52512	0.05064	0.02058	0.00923	0.00284	0.00450	0.04342	0.00718	0.00669
2	0.00950	0.00705	0.00891	0.01009	0.01103	0.00662	0.00694	0.01180	0.04049	0.02049	0.10099	0.56854	0.12699	0.02152	0.00926	0.00288	0.00423	0.01930	0.00703	0.00636
3	0.06636	0.01945	0.07452	0.08346	0.09891	0.09101	0.01534	0.19023	0.03844	0.02825	0.01969	0.11616	0.03435	0.01076	0.00910	0.00245	0.07807	0.00844	0.00524	0.00976
4	0.01063	0.00865	0.00957	0.00929	0.01176	0.00812	0.00711	0.01543	0.10118	0.02418	0.23407	0.06227	0.40369	0.01681	0.00869	0.00251	0.00412	0.04740	0.00732	0.00719
5	0.65671	0.01405	0.01203	0.01038	0.01517	0.01563	0.00855	0.02438	0.01417	0.15149	0.01371	0.01441	0.00988	0.00730	0.00510	0.00230	0.00584	0.00463	0.00541	0.00886
6	0.01587	0.02212	0.20751	0.05223	0.07372	0.01613	0.32344	0.02111	0.01571	0.02190	0.01489	0.03967	0.01207	0.00975	0.01103	0.11164	0.01070	0.00772	0.00359	0.00924
7	0.47672	0.01532	0.01437	0.01213	0.01698	0.01701	0.01005	0.17653	0.01915	0.10768	0.01608	0.01958	0.01253	0.00852	0.00595	0.00235	0.00645	0.04713	0.00591	0.00955
8	0.00918	0.00736	0.00821	0.00837	0.01037	0.00638	0.00614	0.01130	0.01732	0.02189	0.19737	0.17956	0.45286	0.01879	0.00889	0.00256	0.00380	0.01611	0.00716	0.00638
9	0.01629	0.01639	0.02357	0.01996	0.02025	0.02258	0.04195	0.01810	0.01161	0.01810	0.00995	0.01639	0.00981	0.01273	0.02375	0.00322	0.69730	0.00659	0.00327	0.00820
10	0.62552	0.01342	0.01126	0.00989	0.01433	0.01502	0.00810	0.02306	0.01394	0.11090	0.01394	0.01516	0.01034	0.00734	0.00499	0.00224	0.00558	0.00471	0.08180	0.00847
11	0.01035	0.00705	0.00842	0.00885	0.00902	0.00702	0.00534	0.01081	0.01170	0.01566	0.02753	0.21654	0.03200	0.52731	0.06561	0.00641	0.00714	0.01319	0.00506	0.00499
12	0.01530	0.00833	0.00848	0.00795	0.01011	0.00856	0.00610	0.08344	0.01753	0.02962	0.02357	0.02668	0.01838	0.00868	0.00542	0.00178	0.00394	0.00690	0.70175	0.00750
13	0.00999	0.00797	0.01222	0.01224	0.01360	0.00740	0.07381	0.01196	0.01515	0.02022	0.08290	0.58009	0.08223	0.02075	0.00932	0.00289	0.00506	0.01904	0.00666	0.00651
14	0.01792	0.01717	0.02931	0.11639	0.62554	0.01752	0.02256	0.02238	0.01669	0.02370	0.01388	0.01852	0.01156	0.00670	0.00736	0.00223	0.00893	0.00661	0.00364	0.01139
15	0.01800	0.01306	0.01434	0.01247	0.01587	0.01392	0.00975	0.26243	0.08480	0.03271	0.07588	0.14942	0.09908	0.01435	0.02944	0.00265	0.00615	0.01079	0.12560	0.00930
16	0.51848	0.01994	0.01470	0.01284	0.01744	0.17340	0.01026	0.10921	0.01748	0.03169	0.01158	0.01312	0.00899	0.00733	0.00544	0.00220	0.00778	0.00454	0.00480	0.00877
17	0.00985	0.00692	0.00851	0.00924	0.00977	0.00659	0.00595	0.01095	0.01387	0.01856	0.11073	0.36606	0.07725	0.28831	0.01988	0.00447	0.00526	0.01610	0.00615	0.00558
18	0.01866	0.56243	0.14785	0.01419	0.02091	0.04688	0.01490	0.02201	0.01532	0.01859	0.01256	0.05272	0.01171	0.00745	0.00547	0.00181	0.00841	0.00520	0.00340	0.00955
19	0.02132	0.01517	0.01667	0.04160	0.01896	0.01659	0.01119	0.37717	0.05358	0.03659	0.02250	0.10837	0.01916	0.03211	0.00809	0.00238	0.00663	0.00868	0.17307	0.01015
20	0.02358	0.10066	0.02335	0.01827	0.02201	0.39626	0.03886	0.06560	0.06900	0.02093	0.01338	0.01587	0.01118	0.01041	0.03754	0.00256	0.11167	0.00560	0.00418	0.00908
21	0.02301	0.25673	0.04658	0.01428	0.02012	0.02133	0.01272	0.24303	0.05739	0.10651	0.06741	0.01985	0.01690	0.00837	0.00653	0.00198	0.00734	0.00630	0.00597	0.05764
22	0.01485	0.01419	0.02006	0.01762	0.01795	0.01941	0.01452	0.01672	0.01151	0.01771	0.01226	0.01944	0.01193	0.02356	0.19408	0.00540	0.55077	0.00686	0.00343	0.00775
23	0.01042	0.00758	0.00980	0.00925	0.01104	0.00697	0.00693	0.01384	0.02080	0.02927	0.65709	0.05628	0.10214	0.01536	0.00876	0.00234	0.00352	0.01354	0.00811	0.00697
24	0.43052	0.01718	0.01535	0.01277	0.01771	0.05478	0.01042	0.22098	0.03954	0.07472	0.01473	0.01553	0.01084	0.00782	0.00584	0.00225	0.00686	0.00528	0.02708	0.00981
25	0.02566	0.01833	0.01955	0.01527	0.02047	0.02016	0.01252	0.55232	0.03147	0.04339	0.01896	0.01958	0.01376	0.00886	0.00703	0.00214	0.00733	0.00673	0.14486	0.01161
26	0.02083	0.01054	0.01364	0.01188	0.01525	0.00981	0.00920	0.08403	0.02059	0.29311	0.18906	0.22297	0.03847	0.01439	0.00831	0.00249	0.00528	0.01249	0.00816	0.00951
27	0.00903	0.00652	0.00855	0.01017	0.01072	0.00604	0.00682	0.01036	0.01438	0.01902	0.04298	0.69428	0.08774	0.02299	0.00943	0.00298	0.00427	0.02078	0.00689	0.00604
28	0.01042	0.00752	0.00984	0.00940	0.01107	0.00695	0.00700	0.01379	0.02060	0.02912	0.64979	0.09640	0.06878	0.01566	0.00880	0.00238	0.00355	0.01389	0.00809	0.00695
29	0.06810	0.02178	0.02123	0.01681	0.02235	0.09775	0.01368	0.52878	0.06801	0.04206	0.01742	0.01758	0.01260	0.00873	0.00720	0.00221	0.00849	0.00643	0.00689	0.01189
30	0.01165	0.00832	0.01160	0.01331	0.01488	0.00827	0.01142	0.01484	0.01678	0.02186	0.03948	0.15393	0.04341	0.02080	0.01017	0.00337	0.00656	0.57574	0.00684	0.00675
31	0.01061	0.00795	0.01193	0.01193	0.01326	0.00928	0.00928	0.01326	0.01193	0.01723	0.01988	0.02916	0.01856	0.05568	0.70968	0.01193	0.01988	0.00795	0.00398	0.00663
32	0.02792	0.02021	0.02179	0.01682	0.02266	0.02230	0.01386	0.60997	0.06773	0.07226	0.01893	0.01864	0.01338	0.00898	0.00743	0.00225	0.00798	0.00680	0.00750	0.01258
33	0.01431	0.01349	0.02278	0.67672	0.09342	0.01657	0.02076	0.01922	0.01498	0.01932	0.01325	0.01970	0.01002	0.00737	0.00742	0.00246	0.00983	0.00660	0.00332	0.00848
34	0.01314	0.00693	0.00718	0.00728	0.00870	0.00690	0.00520	0.01600	0.01484	0.02536	0.02511	0.07311	0.02191	0.10793	0.00984	0.00254	0.00401	0.00830	0.62916	0.00654
35	0.10071	0.01670	0.02371	0.08229	0.39936	0.06549	0.01835	0.02138	0.01617	0.02355	0.01617	0.02527	0.01471	0.00933	0.00870	0.03123	0.03136	0.08154	0.00410	0.00987
36	0.01465	0.00916	0.00884	0.04577	0.01200	0.05380	0.00675	0.01806	0.01576	0.02623	0.02264	0.02637	0.01790	0.01014	0.02976	0.00213	0.00502	0.00680	0.66110	0.00709
37	0.01096	0.00826	0.01050	0.01163	0.01349	0.00796	0.00960	0.01430	0.03958	0.02153	0.04899	0.15852	0.21949	0.02002	0.00966	0.00309	0.00565	0.37313	0.00688	0.00675
