[name]
unknown

[dist]
# distance from previous block
# <min> <max>
25	67

[block]
# block no. 0 follows, 26 sequences, length 21
# corresponding to MSA columns:
# 101-121
name=unknown_A
#
# <colnr> <probs for GDERKNQSTAVLIFYWHMCP>
#	G	D	E	R	K	N	Q	S	T	A	V	L	I	F	Y	W	H	M	C	P
0	0.08273	0.05060	0.01831	0.01392	0.01913	0.01684	0.01128	0.19572	0.16273	0.11256	0.05764	0.05397	0.01984	0.00950	0.00708	0.00216	0.00650	0.00758	0.00687	0.14505
1	0.02131	0.05462	0.01993	0.01762	0.04707	0.26391	0.01318	0.08358	0.13129	0.02516	0.10110	0.07310	0.02300	0.01088	0.00925	0.00235	0.07945	0.00818	0.00557	0.00944
2	0.01410	0.00818	0.01007	0.00984	0.01159	0.00747	0.00685	0.01559	0.01578	0.13598	0.08344	0.25415	0.15649	0.21538	0.01711	0.00399	0.00541	0.01470	0.00686	0.00701
3	0.01292	0.00729	0.00806	0.00789	0.00955	0.00711	0.00581	0.01624	0.01725	0.02804	0.22101	0.03814	0.03554	0.05776	0.00855	0.00231	0.00380	0.00931	0.49648	0.00694
4	0.01608	0.01504	0.02503	0.48098	0.06571	0.01796	0.08715	0.06518	0.01647	0.02181	0.01368	0.01977	0.01059	0.00865	0.01010	0.02481	0.08140	0.00697	0.00372	0.00889
5	0.01825	0.01572	0.02149	0.33334	0.09229	0.01820	0.01723	0.14559	0.16940	0.02810	0.02129	0.02396	0.04432	0.00895	0.00767	0.00247	0.00846	0.00760	0.00536	0.01031
6	0.01094	0.00740	0.00844	0.00844	0.00860	0.00742	0.00488	0.01115	0.01132	0.01506	0.02570	0.04955	0.05165	0.67402	0.06965	0.00741	0.00785	0.01108	0.00466	0.00477
7	0.01477	0.01093	0.01449	0.08930	0.01871	0.01077	0.03646	0.01793	0.01501	0.02394	0.01777	0.02222	0.01453	0.01105	0.03737	0.05259	0.05627	0.00632	0.29161	0.23796
8	0.63871	0.01596	0.01342	0.01144	0.01640	0.01829	0.00943	0.14719	0.01736	0.03673	0.01206	0.01347	0.00913	0.00744	0.00526	0.00233	0.00635	0.00464	0.00526	0.00913
9	0.01186	0.01034	0.01680	0.01521	0.01680	0.01068	0.12136	0.01396	0.01437	0.01958	0.03130	0.44343	0.03600	0.09587	0.01457	0.00348	0.09529	0.01637	0.00576	0.00697
10	0.01880	0.01751	0.02672	0.03726	0.48710	0.01827	0.01991	0.02836	0.21293	0.02686	0.01923	0.02162	0.01534	0.00781	0.00757	0.00235	0.00811	0.00730	0.00494	0.01201
11	0.00995	0.00792	0.01101	0.04905	0.01437	0.00745	0.03668	0.01200	0.01583	0.02063	0.09252	0.46142	0.19186	0.02048	0.00932	0.00286	0.00490	0.01837	0.00679	0.00659
12	0.01493	0.01086	0.01781	0.11605	0.17099	0.01126	0.04378	0.01573	0.01329	0.01875	0.01475	0.02210	0.01305	0.01655	0.01808	0.37855	0.00761	0.00681	0.08231	0.00671
13	0.01243	0.01079	0.01521	0.02004	0.21247	0.01015	0.01153	0.01526	0.01725	0.02256	0.11477	0.07818	0.31453	0.05864	0.01045	0.00282	0.00579	0.05300	0.00605	0.00808
14	0.01504	0.01119	0.01310	0.01267	0.01494	0.01171	0.00934	0.17053	0.08779	0.02809	0.06976	0.44868	0.03956	0.01839	0.00893	0.00280	0.00547	0.01625	0.00731	0.00844
15	0.01664	0.07076	0.21494	0.21813	0.26569	0.01843	0.04467	0.02243	0.01625	0.02263	0.01366	0.01801	0.01066	0.00708	0.00732	0.00234	0.00999	0.00633	0.00347	0.01061
16	0.02244	0.02070	0.02085	0.17715	0.02896	0.14412	0.01526	0.21387	0.21856	0.03117	0.01973	0.02086	0.01475	0.00888	0.00749	0.00236	0.00902	0.00698	0.00599	0.01086
17	0.01193	0.01083	0.01946	0.01669	0.01935	0.01014	0.20141	0.01471	0.01542	0.02058	0.03418	0.44619	0.06311	0.06436	0.01131	0.00318	0.00707	0.01689	0.00593	0.00728
18	0.01994	0.02202	0.01957	0.01907	0.07156	0.28008	0.03207	0.05092	0.01885	0.02129	0.02770	0.03396	0.14535	0.01223	0.01073	0.00251	0.12607	0.07264	0.00489	0.00854
19	0.01426	0.06105	0.01453	0.05177	0.01642	0.12134	0.00977	0.03397	0.01695	0.02048	0.06656	0.29873	0.15850	0.03707	0.01006	0.00275	0.03851	0.01409	0.00592	0.00728
20	0.01534	0.03839	0.06182	0.17814	0.09597	0.05226	0.16019	0.01976	0.01561	0.02074	0.01746	0.07122	0.01553	0.02040	0.17828	0.00485	0.01289	0.00837	0.00396	0.00883

[dist]
# distance from previous block
# <min> <max>
36	88

[block]
# block no. 1 follows, 26 sequences, length 8
# corresponding to MSA columns:
# 216-223
name=unknown_B
#
# <colnr> <probs for GDERKNQSTAVLIFYWHMCP>
#	G	D	E	R	K	N	Q	S	T	A	V	L	I	F	Y	W	H	M	C	P
0	0.05473	0.01971	0.10588	0.02540	0.03215	0.01657	0.43176	0.02223	0.01814	0.02595	0.14463	0.02662	0.02282	0.00829	0.00855	0.00250	0.01048	0.00928	0.00469	0.00964
1	0.04563	0.01591	0.02050	0.01788	0.05131	0.01700	0.08469	0.11706	0.30432	0.10585	0.07203	0.06838	0.02396	0.01049	0.00792	0.00250	0.00700	0.00918	0.00718	0.01122
2	0.08180	0.01826	0.02554	0.04674	0.15307	0.04800	0.09750	0.11064	0.01791	0.02639	0.01322	0.01729	0.01095	0.00887	0.01220	0.00249	0.21096	0.00649	0.00432	0.08736
3	0.02400	0.01935	0.02528	0.01949	0.02521	0.02074	0.13885	0.41441	0.10209	0.03911	0.02099	0.07748	0.01681	0.00990	0.00804	0.00243	0.00863	0.00864	0.00683	0.01173
4	0.01873	0.01342	0.01515	0.01322	0.01641	0.01425	0.01026	0.28385	0.02307	0.03147	0.02543	0.13190	0.02498	0.15305	0.03772	0.00376	0.00743	0.08031	0.06027	0.03530
5	0.04733	0.01925	0.01850	0.01797	0.07706	0.16565	0.01274	0.17978	0.06811	0.10075	0.02403	0.18932	0.02230	0.01219	0.00784	0.00243	0.00817	0.01006	0.00643	0.01009
6	0.06356	0.11277	0.01736	0.01267	0.01569	0.09282	0.00960	0.10461	0.10798	0.02381	0.02171	0.09019	0.02144	0.25382	0.01761	0.00398	0.00777	0.00901	0.00538	0.00823
7	0.20474	0.11837	0.01844	0.01256	0.01749	0.07600	0.01035	0.09320	0.01733	0.02722	0.01475	0.03883	0.01270	0.01311	0.08419	0.00302	0.00859	0.00566	0.02865	0.19478

[dist]
# distance from previous block
# <min> <max>
0	1

[block]
# block no. 2 follows, 26 sequences, length 40
# corresponding to MSA columns:
# 225-264
name=unknown_C
#
# <colnr> <probs for GDERKNQSTAVLIFYWHMCP>
#	G	D	E	R	K	N	Q	S	T	A	V	L	I	F	Y	W	H	M	C	P
0	0.01869	0.06303	0.03889	0.01260	0.01630	0.01221	0.01054	0.10427	0.02048	0.16626	0.14331	0.12014	0.08908	0.03876	0.03520	0.00306	0.00665	0.08416	0.00723	0.00915
1	0.01932	0.31597	0.17734	0.01992	0.07742	0.07235	0.08227	0.04688	0.01716	0.02214	0.01262	0.01501	0.01032	0.00677	0.00631	0.00194	0.00952	0.00530	0.00365	0.07781
2	0.12541	0.05134	0.01494	0.01212	0.01554	0.03943	0.00961	0.06240	0.15644	0.03043	0.25926	0.03345	0.03561	0.01119	0.00788	0.00230	0.02943	0.00901	0.05869	0.03550
3	0.16434	0.26846	0.02739	0.08230	0.02353	0.02219	0.05625	0.09788	0.01770	0.07847	0.01364	0.01575	0.01076	0.00767	0.00734	0.00214	0.05804	0.00546	0.00461	0.03608
4	0.12585	0.17163	0.17046	0.21847	0.05905	0.01965	0.06364	0.02170	0.01543	0.02274	0.01486	0.01831	0.03336	0.00748	0.00666	0.00228	0.00925	0.00604	0.00367	0.00947
5	0.18043	0.01774	0.08769	0.06637	0.09885	0.01633	0.01457	0.15798	0.02124	0.15066	0.09618	0.02289	0.01930	0.00892	0.00711	0.00234	0.00742	0.00709	0.00622	0.01067
6	0.02337	0.01380	0.01682	0.01268	0.01886	0.01176	0.01026	0.05228	0.07440	0.27632	0.02131	0.02067	0.01514	0.00756	0.00663	0.00175	0.00607	0.00611	0.00672	0.39750
7	0.02794	0.02080	0.02226	0.01727	0.02318	0.02310	0.01420	0.60504	0.09290	0.04636	0.01935	0.01912	0.01382	0.00921	0.00760	0.00230	0.00814	0.00699	0.00760	0.01282
8	0.00924	0.00660	0.00880	0.01056	0.01100	0.00616	0.00704	0.01056	0.01452	0.01936	0.04181	0.72848	0.05017	0.02376	0.00968	0.00308	0.00440	0.02156	0.00704	0.00616
9	0.01916	0.01191	0.01243	0.01062	0.01385	0.01269	0.00842	0.23732	0.02265	0.03495	0.02251	0.02484	0.01721	0.00893	0.00608	0.00194	0.00518	0.00699	0.51327	0.00906
10	0.00913	0.00769	0.00792	0.00786	0.01035	0.00647	0.00589	0.01121	0.01768	0.02143	0.13390	0.07146	0.62539	0.01886	0.00896	0.00254	0.00382	0.01579	0.00717	0.00647
11	0.03363	0.01355	0.01800	0.01380	0.01968	0.01210	0.01140	0.08490	0.02278	0.64192	0.02902	0.02523	0.01832	0.00937	0.00762	0.00234	0.00660	0.00757	0.00925	0.01291
12	0.01060	0.00775	0.00994	0.00940	0.01125	0.00710	0.00705	0.01404	0.02114	0.02963	0.63426	0.05795	0.11992	0.01580	0.00895	0.00240	0.00360	0.01390	0.00825	0.00710
13	0.00926	0.00770	0.00809	0.00799	0.01043	0.00653	0.00599	0.01145	0.01798	0.02213	0.17698	0.07029	0.58187	0.01860	0.00896	0.00253	0.00380	0.01563	0.00726	0.00653
14	0.78701	0.01467	0.01115	0.00997	0.01467	0.01702	0.00821	0.02230	0.01291	0.03403	0.01056	0.01232	0.00821	0.00704	0.00469	0.00235	0.00587	0.00411	0.00469	0.00821
15	0.03403	0.01291	0.01760	0.01350	0.01936	0.01115	0.01115	0.03697	0.02171	0.69137	0.02992	0.02582	0.01878	0.00939	0.00763	0.00235	0.00645	0.00763	0.00939	0.01291
16	0.01887	0.01629	0.01715	0.01544	0.01972	0.01887	0.01201	0.04031	0.67241	0.03173	0.03087	0.02830	0.02315	0.01029	0.00772	0.00257	0.00600	0.00858	0.00772	0.01201
17	0.72706	0.01519	0.01207	0.01057	0.01537	0.01753	0.00870	0.07278	0.01471	0.03512	0.01117	0.01279	0.00858	0.00720	0.00492	0.00234	0.00606	0.00432	0.00492	0.00858
18	0.01455	0.08778	0.49881	0.01849	0.02724	0.01632	0.02245	0.02156	0.01652	0.02393	0.09891	0.08160	0.02079	0.00960	0.00745	0.00240	0.00943	0.00785	0.00417	0.01016
19	0.00924	0.00660	0.00880	0.01056	0.01100	0.00616	0.00704	0.01056	0.01452	0.01936	0.04181	0.72848	0.05017	0.02376	0.00968	0.00308	0.00440	0.02156	0.00704	0.00616
20	0.03362	0.01357	0.01801	0.01381	0.01969	0.01213	0.01141	0.08629	0.02281	0.64048	0.02900	0.02522	0.01831	0.00937	0.00762	0.00234	0.00660	0.00756	0.00925	0.01291
21	0.01518	0.01428	0.02375	0.58591	0.14733	0.01711	0.02104	0.02080	0.04144	0.02069	0.01429	0.02032	0.01092	0.00756	0.00758	0.00249	0.00978	0.00682	0.00360	0.00911
22	0.24633	0.01714	0.01941	0.19108	0.12060	0.06617	0.01508	0.07440	0.12849	0.02870	0.01592	0.01844	0.01222	0.00790	0.00669	0.00238	0.00812	0.00615	0.00492	0.00985
23	0.01877	0.01802	0.03079	0.04656	0.68612	0.01802	0.02328	0.02328	0.01727	0.02478	0.01427	0.01877	0.01201	0.00676	0.00751	0.00225	0.00901	0.00676	0.00375	0.01201
24	0.00896	0.00768	0.00768	0.00768	0.01025	0.00640	0.00576	0.01089	0.01729	0.02049	0.07684	0.07300	0.68304	0.01921	0.00896	0.00256	0.00384	0.01601	0.00704	0.00640
25	0.01103	0.00735	0.00827	0.00827	0.00827	0.00735	0.00460	0.01103	0.01103	0.01471	0.02390	0.04964	0.02758	0.73343	0.03861	0.00735	0.00735	0.01103	0.00460	0.00460
26	0.01573	0.01348	0.01573	0.01123	0.01798	0.01011	0.00899	0.01910	0.01573	0.02472	0.01348	0.01573	0.01123	0.00562	0.00562	0.00112	0.00562	0.00449	0.00449	0.77980
27	0.03403	0.01291	0.01760	0.01350	0.01936	0.01115	0.01115	0.03697	0.02171	0.69137	0.02992	0.02582	0.01878	0.00939	0.00763	0.00235	0.00645	0.00763	0.00939	0.01291
28	0.00924	0.00660	0.00880	0.01056	0.01100	0.00616	0.00704	0.01056	0.01452	0.01936	0.04181	0.72848	0.05017	0.02376	0.00968	0.00308	0.00440	0.02156	0.00704	0.00616
29	0.01103	0.00735	0.00827	0.00827	0.00827	0.00735	0.00460	0.01103	0.01103	0.01471	0.02390	0.04964	0.02758	0.73343	0.03861	0.00735	0.00735	0.01103	0.00460	0.00460
30	0.03311	0.01310	0.01790	0.01383	0.01939	0.01178	0.01144	0.03598	0.02118	0.65591	0.02887	0.02533	0.01831	0.00959	0.00854	0.00240	0.04402	0.00758	0.00907	0.01267
31	0.00924	0.00660	0.00880	0.01056	0.01100	0.00616	0.00704	0.01056	0.01452	0.01936	0.04181	0.72848	0.05017	0.02376	0.00968	0.00308	0.00440	0.02156	0.00704	0.00616
32	0.01084	0.00813	0.01219	0.01219	0.01354	0.00948	0.00948	0.01354	0.01219	0.01761	0.02032	0.02980	0.01896	0.05689	0.70337	0.01219	0.02032	0.00813	0.00406	0.00677
33	0.01084	0.00813	0.01219	0.01219	0.01354	0.00948	0.00948	0.01354	0.01219	0.01761	0.02032	0.02980	0.01896	0.05689	0.70337	0.01219	0.02032	0.00813	0.00406	0.00677
34	0.02881	0.02203	0.02270	0.01756	0.02352	0.05934	0.01443	0.62759	0.03492	0.04626	0.01787	0.01797	0.01273	0.00904	0.00755	0.00226	0.00863	0.00673	0.00739	0.01268
35	0.78701	0.01467	0.01115	0.00997	0.01467	0.01702	0.00821	0.02230	0.01291	0.03403	0.01056	0.01232	0.00821	0.00704	0.00469	0.00235	0.00587	0.00411	0.00469	0.00821
36	0.01233	0.00990	0.01474	0.01286	0.01404	0.01053	0.08775	0.01371	0.01213	0.01668	0.02105	0.03991	0.02265	0.46960	0.14373	0.00721	0.07099	0.00992	0.00430	0.00597
37	0.00938	0.00668	0.00884	0.01042	0.01091	0.00625	0.00695	0.01074	0.01469	0.01966	0.06915	0.67166	0.05019	0.05202	0.01082	0.00322	0.00448	0.02079	0.00700	0.00614
38	0.01573	0.01348	0.01573	0.01123	0.01798	0.01011	0.00899	0.01910	0.01573	0.02472	0.01348	0.01573	0.01123	0.00562	0.00562	0.00112	0.00562	0.00449	0.00449	0.77980
39	0.01521	0.03923	0.69413	0.02162	0.03283	0.01762	0.02802	0.02402	0.01601	0.02402	0.01361	0.01601	0.00961	0.00721	0.00721	0.00240	0.01121	0.00560	0.00320	0.01121

[dist]
# distance from previous block
# <min> <max>
0	39

[block]
# block no. 3 follows, 26 sequences, length 186
# corresponding to MSA columns:
# 304-489
name=unknown_D
#
# <colnr> <probs for GDERKNQSTAVLIFYWHMCP>
#	G	D	E	R	K	N	Q	S	T	A	V	L	I	F	Y	W	H	M	C	P
0	0.02424	0.23638	0.02850	0.02261	0.14419	0.38180	0.01576	0.02680	0.01895	0.01950	0.01185	0.01418	0.01017	0.00724	0.00639	0.00191	0.01121	0.00499	0.00369	0.00966
1	0.01164	0.00790	0.00997	0.00943	0.01123	0.00725	0.00690	0.01450	0.01954	0.05857	0.48577	0.08325	0.12537	0.10058	0.01241	0.00302	0.00422	0.01366	0.00777	0.00701
2	0.47650	0.01362	0.01327	0.05092	0.01757	0.01499	0.00961	0.04670	0.01591	0.15590	0.04031	0.01865	0.01378	0.01035	0.03896	0.00280	0.00681	0.00568	0.03854	0.00912
3	0.00903	0.00769	0.00778	0.00775	0.01029	0.00643	0.00582	0.01101	0.01745	0.02086	0.09961	0.07238	0.66003	0.01907	0.00896	0.00255	0.00383	0.01592	0.00709	0.00643
4	0.01101	0.00739	0.00843	0.00838	0.00854	0.00734	0.00482	0.01131	0.01193	0.01606	0.08057	0.05024	0.03136	0.67162	0.03605	0.00693	0.00703	0.01126	0.00492	0.00482
5	0.78701	0.01467	0.01115	0.00997	0.01467	0.01702	0.00821	0.02230	0.01291	0.03403	0.01056	0.01232	0.00821	0.00704	0.00469	0.00235	0.00587	0.00411	0.00469	0.00821
6	0.01077	0.00806	0.01175	0.01171	0.01310	0.00914	0.00902	0.01342	0.01298	0.01850	0.06798	0.03390	0.04749	0.07509	0.60788	0.01100	0.01813	0.00890	0.00449	0.00671
7	0.02883	0.02125	0.02276	0.01745	0.02352	0.02352	0.01442	0.66082	0.03566	0.04780	0.01821	0.01821	0.01290	0.00911	0.00759	0.00228	0.00835	0.00683	0.00759	0.01290
8	0.01453	0.01388	0.02400	0.67640	0.05153	0.01698	0.05727	0.01966	0.01532	0.01966	0.01359	0.02024	0.01019	0.00752	0.00766	0.00253	0.01026	0.00687	0.00340	0.00853
9	0.01857	0.01923	0.06846	0.04514	0.64901	0.01800	0.02355	0.02332	0.01720	0.02474	0.01423	0.01862	0.01188	0.00678	0.00749	0.00226	0.00914	0.00669	0.00372	0.01197
10	0.02470	0.19474	0.02711	0.02194	0.11817	0.42589	0.01558	0.02712	0.01915	0.01929	0.01176	0.01416	0.01009	0.00754	0.00709	0.00197	0.03550	0.00502	0.00371	0.00946
11	0.00971	0.00719	0.00918	0.01059	0.01168	0.00666	0.00770	0.01154	0.01559	0.02018	0.04851	0.48397	0.17534	0.02236	0.00968	0.00305	0.00475	0.12892	0.00703	0.00635
12	0.01874	0.01618	0.01709	0.01526	0.01965	0.01850	0.01188	0.03942	0.64494	0.03144	0.03014	0.02777	0.02266	0.01010	0.00763	0.00251	0.00599	0.00840	0.00758	0.04412
13	0.01935	0.60946	0.16012	0.01457	0.02193	0.02773	0.01575	0.02295	0.01552	0.01898	0.01111	0.01287	0.00971	0.00662	0.00530	0.00177	0.00868	0.00434	0.00324	0.01001
14	0.05925	0.06540	0.62953	0.02062	0.03127	0.01807	0.02631	0.02387	0.01581	0.02435	0.01332	0.01565	0.00953	0.00717	0.00697	0.00237	0.01078	0.00546	0.00329	0.01098
15	0.05274	0.61915	0.09334	0.01386	0.02041	0.02813	0.01419	0.02263	0.01521	0.01908	0.01078	0.01267	0.00967	0.00684	0.00585	0.00179	0.03633	0.00429	0.00331	0.00974
16	0.00924	0.00660	0.00880	0.01056	0.01100	0.00616	0.00704	0.01056	0.01452	0.01936	0.04181	0.72848	0.05017	0.02376	0.00968	0.00308	0.00440	0.02156	0.00704	0.00616
17	0.01432	0.01348	0.02275	0.71520	0.05224	0.01685	0.02107	0.01938	0.01517	0.01938	0.01348	0.02022	0.01011	0.00758	0.00758	0.00253	0.01011	0.00674	0.00337	0.00843
18	0.02823	0.01911	0.02075	0.01629	0.02182	0.04439	0.01331	0.47062	0.03079	0.16276	0.02133	0.05365	0.01585	0.01142	0.03111	0.00265	0.00841	0.00765	0.00764	0.01223
19	0.00941	0.00768	0.00839	0.00882	0.01103	0.00667	0.00673	0.01145	0.01697	0.02063	0.06797	0.15427	0.52567	0.01998	0.00924	0.00274	0.00431	0.09455	0.00704	0.00645
20	0.00896	0.00768	0.00768	0.00768	0.01025	0.00640	0.00576	0.01089	0.01729	0.02049	0.07684	0.07300	0.68304	0.01921	0.00896	0.00256	0.00384	0.01601	0.00704	0.00640
21	0.03353	0.01371	0.01810	0.01388	0.01976	0.01234	0.01146	0.09711	0.02305	0.62932	0.02880	0.02508	0.01821	0.00936	0.00762	0.00234	0.00664	0.00755	0.00921	0.01291
22	0.02690	0.01905	0.02100	0.01594	0.02212	0.01992	0.01312	0.48546	0.03071	0.10269	0.01842	0.01845	0.01313	0.00849	0.00723	0.00207	0.00767	0.00647	0.00718	0.15397
23	0.02001	0.01869	0.01768	0.01593	0.02017	0.10146	0.01233	0.03910	0.59382	0.03014	0.02856	0.02653	0.02154	0.00999	0.00761	0.00250	0.00693	0.00813	0.00726	0.01162
24	0.00924	0.00660	0.00880	0.01056	0.01100	0.00616	0.00704	0.01056	0.01452	0.01936	0.04181	0.72848	0.05017	0.02376	0.00968	0.00308	0.00440	0.02156	0.00704	0.00616
25	0.02110	0.01741	0.01841	0.01589	0.02058	0.01991	0.01255	0.17959	0.52949	0.03534	0.02803	0.02603	0.02085	0.01002	0.00769	0.00251	0.00653	0.00818	0.00769	0.01221
26	0.01414	0.00707	0.00707	0.00707	0.00884	0.00707	0.00530	0.01767	0.01591	0.02828	0.02474	0.02828	0.01944	0.00884	0.00530	0.00177	0.00353	0.00707	0.77554	0.00707
27	0.01432	0.01348	0.02275	0.71520	0.05224	0.01685	0.02107	0.01938	0.01517	0.01938	0.01348	0.02022	0.01011	0.00758	0.00758	0.00253	0.01011	0.00674	0.00337	0.00843
28	0.00979	0.00772	0.00883	0.00855	0.01075	0.00676	0.00642	0.01249	0.01925	0.02514	0.36045	0.06534	0.39652	0.01747	0.00896	0.00248	0.00372	0.01493	0.00766	0.00676
29	0.02006	0.70823	0.06762	0.01335	0.02004	0.02948	0.01362	0.02277	0.01544	0.01811	0.01068	0.01233	0.00973	0.00652	0.00497	0.00166	0.00824	0.00412	0.00324	0.00980
30	0.01674	0.04582	0.02390	0.01963	0.01990	0.02351	0.01645	0.01843	0.01177	0.01824	0.00998	0.01642	0.00995	0.01300	0.02408	0.00325	0.69072	0.00653	0.00332	0.00836
31	0.01771	0.02004	0.04304	0.05778	0.03933	0.01926	0.60802	0.02386	0.01754	0.02386	0.01506	0.02029	0.01139	0.00672	0.00954	0.00259	0.04132	0.00877	0.00380	0.01008
32	0.04451	0.05613	0.36178	0.02477	0.03396	0.01892	0.27363	0.05146	0.01747	0.02528	0.01427	0.01758	0.01045	0.00694	0.00773	0.00243	0.01140	0.00686	0.00369	0.01074
33	0.02800	0.06483	0.02224	0.01927	0.02329	0.67548	0.01459	0.02998	0.02125	0.01853	0.01168	0.01362	0.00977	0.00776	0.00676	0.00194	0.01345	0.00485	0.00388	0.00883
34	0.01414	0.00707	0.00707	0.00707	0.00884	0.00707	0.00530	0.01767	0.01591	0.02828	0.02474	0.02828	0.01944	0.00884	0.00530	0.00177	0.00353	0.00707	0.77554	0.00707
35	0.49282	0.02001	0.15817	0.01321	0.01928	0.01698	0.01301	0.05495	0.04671	0.05714	0.03686	0.01622	0.01208	0.00772	0.00578	0.00237	0.00708	0.00524	0.00497	0.00940
36	0.04620	0.48430	0.21358	0.01545	0.02312	0.02586	0.01694	0.05929	0.01664	0.02177	0.01180	0.01355	0.00983	0.00685	0.00564	0.00189	0.00888	0.00463	0.00353	0.01026
37	0.01858	0.01783	0.03045	0.07503	0.65912	0.01797	0.02318	0.02311	0.01718	0.02455	0.01423	0.01883	0.01193	0.00679	0.00751	0.00226	0.00906	0.00676	0.00374	0.01186
38	0.01185	0.00889	0.01145	0.01264	0.01457	0.00882	0.01054	0.01620	0.06704	0.02264	0.04586	0.15009	0.15140	0.02015	0.00992	0.00322	0.00609	0.41438	0.00706	0.00718
39	0.01969	0.64735	0.09481	0.01401	0.02063	0.02866	0.01442	0.02263	0.01530	0.01839	0.01078	0.01269	0.00973	0.00684	0.00593	0.00176	0.03903	0.00430	0.00324	0.00980
40	0.02980	0.01335	0.01707	0.01334	0.01871	0.01228	0.01093	0.12219	0.02333	0.50390	0.07457	0.03046	0.07358	0.01052	0.00781	0.00236	0.00633	0.00857	0.00888	0.01202
41	0.01103	0.00735	0.00827	0.00827	0.00827	0.00735	0.00460	0.01103	0.01103	0.01471	0.02390	0.04964	0.02758	0.73343	0.03861	0.00735	0.00735	0.01103	0.00460	0.00460
42	0.00960	0.00711	0.01004	0.01123	0.01191	0.00666	0.02973	0.01106	0.01452	0.01938	0.04028	0.68084	0.04805	0.04709	0.01063	0.00321	0.00479	0.02077	0.00685	0.00625
43	0.05671	0.02036	0.02371	0.08215	0.14749	0.05095	0.01637	0.43554	0.02899	0.03932	0.01649	0.01805	0.01217	0.00840	0.00742	0.00228	0.00875	0.00661	0.00625	0.01199
44	0.01509	0.01426	0.02413	0.60069	0.16080	0.01705	0.02144	0.02005	0.01553	0.02030	0.01362	0.01997	0.01044	0.00744	0.00757	0.00248	0.00992	0.00674	0.00344	0.00904
45	0.01746	0.01507	0.01581	0.01433	0.01838	0.01710	0.01112	0.03612	0.57931	0.03013	0.03740	0.03465	0.11693	0.01156	0.00790	0.00257	0.00570	0.00963	0.00762	0.01121
46	0.01129	0.00812	0.01103	0.01091	0.01180	0.00915	0.00792	0.01313	0.01201	0.01730	0.02136	0.03565	0.02145	0.27109	0.42490	0.00972	0.04006	0.00895	0.04803	0.00614
47	0.01154	0.00916	0.01353	0.01313	0.01432	0.01115	0.01035	0.01412	0.01212	0.01769	0.01906	0.02819	0.01787	0.05158	0.62083	0.01111	0.10538	0.00795	0.00397	0.00696
48	0.00927	0.00724	0.00840	0.00907	0.01067	0.00638	0.00644	0.01111	0.01659	0.02107	0.12630	0.34173	0.35734	0.02070	0.00926	0.00276	0.00404	0.01806	0.00718	0.00638
49	0.02429	0.05864	0.02026	0.01771	0.02119	0.52851	0.01349	0.02643	0.01927	0.01833	0.01350	0.01704	0.01172	0.01818	0.15461	0.00411	0.01486	0.00554	0.00391	0.00840
50	0.78701	0.01467	0.01115	0.00997	0.01467	0.01702	0.00821	0.02230	0.01291	0.03403	0.01056	0.01232	0.00821	0.00704	0.00469	0.00235	0.00587	0.00411	0.00469	0.00821
51	0.78701	0.01467	0.01115	0.00997	0.01467	0.01702	0.00821	0.02230	0.01291	0.03403	0.01056	0.01232	0.00821	0.00704	0.00469	0.00235	0.00587	0.00411	0.00469	0.00821
52	0.01153	0.00900	0.01203	0.01203	0.01340	0.03411	0.00921	0.01408	0.01272	0.01800	0.02122	0.05919	0.02030	0.07933	0.59601	0.01085	0.01825	0.00865	0.03333	0.00674
53	0.02113	0.66377	0.03782	0.01367	0.01989	0.10119	0.01316	0.02351	0.01606	0.01792	0.01067	0.01233	0.00974	0.00663	0.00508	0.00166	0.00870	0.00414	0.00331	0.00963
54	0.02833	0.03615	0.02149	0.01954	0.02345	0.70298	0.01466	0.03029	0.02149	0.01856	0.01172	0.01368	0.00977	0.00782	0.00684	0.00195	0.01368	0.00489	0.00391	0.00879
55	0.01648	0.01638	0.02654	0.39235	0.24020	0.05052	0.07772	0.02123	0.01643	0.02145	0.01608	0.02138	0.03500	0.00766	0.00770	0.00242	0.00997	0.00719	0.00369	0.00962
56	0.01573	0.13005	0.44092	0.02073	0.06024	0.01860	0.04567	0.02240	0.01584	0.02278	0.04242	0.01855	0.01318	0.01128	0.05848	0.00304	0.04001	0.00614	0.00355	0.01039
57	0.78701	0.01467	0.01115	0.00997	0.01467	0.01702	0.00821	0.02230	0.01291	0.03403	0.01056	0.01232	0.00821	0.00704	0.00469	0.00235	0.00587	0.00411	0.00469	0.00821
58	0.01192	0.00858	0.01183	0.01347	0.01521	0.00849	0.01164	0.01523	0.01733	0.02244	0.04231	0.11112	0.08023	0.02097	0.01036	0.00342	0.00670	0.57483	0.00699	0.00692
59	0.02655	0.01873	0.02059	0.01608	0.02164	0.02019	0.01314	0.49838	0.05619	0.09609	0.05805	0.04863	0.01846	0.00995	0.00767	0.00228	0.00757	0.00782	0.00763	0.04436
60	0.01798	0.01771	0.02722	0.13353	0.44674	0.06885	0.04440	0.02223	0.01722	0.02316	0.01702	0.05252	0.01542	0.00867	0.00783	0.00240	0.00932	0.05308	0.00409	0.01060
61	0.00924	0.00660	0.00880	0.01056	0.01100	0.00616	0.00704	0.01056	0.01452	0.01936	0.04181	0.72848	0.05017	0.02376	0.00968	0.00308	0.00440	0.02156	0.00704	0.00616
62	0.02754	0.12235	0.02353	0.01799	0.02239	0.49493	0.01413	0.05389	0.02096	0.09074	0.01369	0.01504	0.01084	0.00804	0.00730	0.00201	0.03541	0.00520	0.00452	0.00949
63	0.02446	0.04065	0.08909	0.01570	0.04522	0.01430	0.01324	0.05412	0.16395	0.32115	0.07832	0.06104	0.02367	0.01033	0.00771	0.00241	0.00675	0.00860	0.00769	0.01161
64	0.01244	0.01077	0.01756	0.39024	0.03410	0.01237	0.03651	0.01574	0.01478	0.01927	0.02445	0.29330	0.02573	0.01459	0.00939	0.03621	0.00785	0.01252	0.00480	0.00739
65	0.01222	0.00873	0.01222	0.01397	0.01572	0.00873	0.01222	0.01572	0.01746	0.02270	0.04016	0.08556	0.04365	0.02095	0.01048	0.00349	0.00698	0.63506	0.00698	0.00698
66	0.01612	0.03383	0.52500	0.02798	0.19939	0.01772	0.02681	0.02383	0.01633	0.02421	0.01378	0.01672	0.01022	0.00709	0.00728	0.00236	0.01065	0.00590	0.00334	0.01142
67	0.01678	0.02168	0.13514	0.02827	0.05843	0.01815	0.43468	0.02274	0.01694	0.02351	0.01697	0.05596	0.01435	0.00851	0.00996	0.00265	0.06557	0.03578	0.00399	0.00996
68	0.04105	0.00812	0.00872	0.00861	0.01096	0.00723	0.00642	0.01284	0.01711	0.04626	0.13060	0.09697	0.46070	0.07409	0.01115	0.00296	0.00441	0.03815	0.00698	0.00666
69	0.01521	0.03923	0.69413	0.02162	0.03283	0.01762	0.02802	0.02402	0.01601	0.02402	0.01361	0.01601	0.00961	0.00721	0.00721	0.00240	0.01121	0.00560	0.00320	0.01121
70	0.72294	0.01455	0.01194	0.04451	0.01667	0.01680	0.00894	0.02267	0.01333	0.05633	0.01138	0.01318	0.00868	0.00715	0.00494	0.00236	0.00610	0.00436	0.00479	0.00839
71	0.21299	0.04700	0.20684	0.05277	0.20174	0.04650	0.01903	0.02276	0.01573	0.02611	0.03796	0.01733	0.01229	0.00767	0.00750	0.00235	0.04349	0.00586	0.00397	0.01010
72	0.02193	0.01650	0.01889	0.05489	0.02083	0.01861	0.01246	0.38771	0.02562	0.03456	0.01870	0.02594	0.01617	0.17355	0.06091	0.00414	0.06458	0.00783	0.00612	0.01004
73	0.20178	0.02455	0.27697	0.04533	0.20439	0.01685	0.02020	0.02268	0.01581	0.02680	0.04185	0.01774	0.01267	0.00736	0.00671	0.00231	0.00877	0.00590	0.00398	0.03736
74	0.03114	0.01357	0.01756	0.01379	0.01934	0.01258	0.01128	0.07193	0.09649	0.55493	0.05391	0.02683	0.02093	0.00970	0.00769	0.00237	0.00640	0.00792	0.00906	0.01259
75	0.02837	0.03513	0.02158	0.01940	0.02345	0.65630	0.01464	0.07360	0.02247	0.02057	0.01217	0.01399	0.00999	0.00790	0.00689	0.00198	0.01331	0.00502	0.00416	0.00908
76	0.01432	0.01348	0.02275	0.71520	0.05224	0.01685	0.02107	0.01938	0.01517	0.01938	0.01348	0.02022	0.01011	0.00758	0.00758	0.00253	0.01011	0.00674	0.00337	0.00843
77	0.00896	0.00768	0.00768	0.00768	0.01025	0.00640	0.00576	0.01089	0.01729	0.02049	0.07684	0.07300	0.68304	0.01921	0.00896	0.00256	0.00384	0.01601	0.00704	0.00640
78	0.01103	0.00735	0.00827	0.00827	0.00827	0.00735	0.00460	0.01103	0.01103	0.01471	0.02390	0.04964	0.02758	0.73343	0.03861	0.00735	0.00735	0.01103	0.00460	0.00460
79	0.01084	0.00813	0.01219	0.01219	0.01354	0.00948	0.00948	0.01354	0.01219	0.01761	0.02032	0.02980	0.01896	0.05689	0.70337	0.01219	0.02032	0.00813	0.00406	0.00677
80	0.00924	0.00660	0.00880	0.01056	0.01100	0.00616	0.00704	0.01056	0.01452	0.01936	0.04181	0.72848	0.05017	0.02376	0.00968	0.00308	0.00440	0.02156	0.00704	0.00616
81	0.02902	0.02095	0.02258	0.01731	0.02337	0.02308	0.01430	0.63838	0.03516	0.07095	0.01863	0.01848	0.01311	0.00912	0.00759	0.00228	0.00828	0.00686	0.00765	0.01290
82	0.01074	0.00775	0.01014	0.00954	0.01133	0.00716	0.00716	0.01431	0.02147	0.03042	0.68211	0.05666	0.07157	0.01551	0.00895	0.00239	0.00358	0.01372	0.00835	0.00716
83	0.01573	0.01348	0.01573	0.01123	0.01798	0.01011	0.00899	0.01910	0.01573	0.02472	0.01348	0.01573	0.01123	0.00562	0.00562	0.00112	0.00562	0.00449	0.00449	0.77980
84	0.01780	0.02016	0.04308	0.03103	0.03810	0.01950	0.60843	0.02382	0.01741	0.02382	0.01492	0.02016	0.01139	0.00693	0.01020	0.00262	0.06798	0.00877	0.00380	0.01008
85	0.01546	0.07333	0.66220	0.02120	0.03218	0.01822	0.02729	0.02396	0.01598	0.02372	0.01346	0.01583	0.00961	0.00717	0.00709	0.00236	0.01106	0.00553	0.00320	0.01114
86	0.03403	0.01291	0.01760	0.01350	0.01936	0.01115	0.01115	0.03697	0.02171	0.69137	0.02992	0.02582	0.01878	0.00939	0.00763	0.00235	0.00645	0.00763	0.00939	0.01291
87	0.00944	0.00675	0.00897	0.01043	0.01104	0.00629	0.00706	0.01105	0.01542	0.02080	0.12482	0.64138	0.05294	0.02269	0.00959	0.00299	0.00429	0.02055	0.00721	0.00629
88	0.00979	0.00742	0.00913	0.00977	0.01128	0.00664	0.00699	0.01184	0.01670	0.02204	0.16988	0.38203	0.21846	0.02028	0.00924	0.00276	0.00424	0.04079	0.00720	0.03353
89	0.02091	0.68313	0.03832	0.01349	0.01978	0.08262	0.01311	0.02330	0.01589	0.01790	0.01064	0.01229	0.00974	0.00659	0.00502	0.00165	0.00855	0.00412	0.00330	0.00966
90	0.01074	0.00775	0.01014	0.00954	0.01133	0.00716	0.00716	0.01431	0.02147	0.03042	0.68211	0.05666	0.07157	0.01551	0.00895	0.00239	0.00358	0.01372	0.00835	0.00716
91	0.03144	0.01380	0.01775	0.01397	0.01960	0.01289	0.01142	0.06437	0.12411	0.56045	0.02957	0.02588	0.01921	0.00952	0.00764	0.00238	0.00647	0.00774	0.00905	0.01277
92	0.02463	0.01634	0.01767	0.01406	0.01874	0.01763	0.01138	0.41976	0.02846	0.08825	0.02102	0.02263	0.01562	0.03648	0.00816	0.00234	0.00689	0.00711	0.21180	0.01104
93	0.02289	0.01735	0.01781	0.01460	0.01930	0.04414	0.01171	0.33341	0.17337	0.03795	0.02201	0.02235	0.01641	0.00912	0.00702	0.00217	0.00688	0.00710	0.17100	0.04338
94	0.00930	0.00695	0.00865	0.00980	0.01085	0.00630	0.00675	0.01095	0.01575	0.02054	0.10320	0.51953	0.19978	0.02201	0.00945	0.00290	0.00420	0.01961	0.00715	0.00630
95	0.13843	0.01444	0.01750	0.01361	0.01935	0.01387	0.01124	0.13101	0.02263	0.50040	0.02541	0.02276	0.01640	0.00902	0.00721	0.00234	0.00666	0.00701	0.00845	0.01225
96	0.01996	0.35765	0.17845	0.04120	0.02404	0.04455	0.01677	0.12615	0.01890	0.02428	0.01513	0.01689	0.03616	0.00796	0.00709	0.00206	0.04278	0.00555	0.00412	0.01030
97	0.02317	0.02497	0.02354	0.05000	0.22140	0.30869	0.01690	0.09773	0.02055	0.02409	0.01412	0.01739	0.01163	0.01025	0.04103	0.00264	0.04190	0.00604	0.03395	0.01003
98	0.03374	0.01338	0.01790	0.01372	0.01960	0.01185	0.01133	0.07240	0.02250	0.65482	0.02926	0.02539	0.01844	0.00937	0.00763	0.00234	0.00656	0.00758	0.00929	0.01291
99	0.01790	0.02046	0.04476	0.03197	0.03964	0.01918	0.65857	0.02430	0.01790	0.02430	0.01535	0.02046	0.01151	0.00639	0.00895	0.00256	0.01279	0.00895	0.00384	0.01023
100	0.02197	0.01591	0.01747	0.01518	0.01982	0.01770	0.01196	0.06614	0.53025	0.14903	0.03017	0.02743	0.02194	0.01008	0.00770	0.00252	0.00618	0.00833	0.00801	0.01220
101	0.01669	0.01694	0.02951	0.07962	0.14223	0.04121	0.26334	0.02141	0.01712	0.02362	0.04493	0.04837	0.01669	0.01001	0.03614	0.00266	0.01012	0.02918	0.00433	0.14587
102	0.01758	0.01744	0.02758	0.28682	0.36861	0.05674	0.04579	0.02211	0.01656	0.02220	0.01372	0.01899	0.01110	0.00735	0.00820	0.00239	0.03617	0.00672	0.00361	0.01032
103	0.78701	0.01467	0.01115	0.00997	0.01467	0.01702	0.00821	0.02230	0.01291	0.03403	0.01056	0.01232	0.00821	0.00704	0.00469	0.00235	0.00587	0.00411	0.00469	0.00821
104	0.01318	0.00659	0.00988	0.00988	0.00988	0.00659	0.00659	0.00988	0.00988	0.01318	0.01318	0.02306	0.01318	0.02635	0.02964	0.77931	0.00659	0.00659	0.00329	0.00329
105	0.02666	0.03264	0.02073	0.01882	0.02279	0.58203	0.01419	0.03206	0.13657	0.02089	0.01511	0.01626	0.01214	0.00825	0.00699	0.00206	0.01232	0.00554	0.00458	0.00936
106	0.01432	0.01348	0.02275	0.71520	0.05224	0.01685	0.02107	0.01938	0.01517	0.01938	0.01348	0.02022	0.01011	0.00758	0.00758	0.00253	0.01011	0.00674	0.00337	0.00843
107	0.00970	0.00771	0.00870	0.00846	0.01070	0.00672	0.00634	0.01231	0.01903	0.02461	0.32822	0.06621	0.42908	0.01767	0.00896	0.00249	0.00373	0.01506	0.00759	0.00672
108	0.00896	0.00768	0.00768	0.00768	0.01025	0.00640	0.00576	0.01089	0.01729	0.02049	0.07684	0.07300	0.68304	0.01921	0.00896	0.00256	0.00384	0.01601	0.00704	0.00640
109	0.00976	0.00796	0.00848	0.00832	0.01061	0.00703	0.00613	0.01249	0.03962	0.02220	0.17844	0.06690	0.50498	0.07029	0.01108	0.00288	0.00412	0.01499	0.00712	0.00659
110	0.01521	0.03923	0.69413	0.02162	0.03283	0.01762	0.02802	0.02402	0.01601	0.02402	0.01361	0.01601	0.00961	0.00721	0.00721	0.00240	0.01121	0.00560	0.00320	0.01121
111	0.01877	0.01802	0.03079	0.04656	0.68612	0.01802	0.02328	0.02328	0.01727	0.02478	0.01427	0.01877	0.01201	0.00676	0.00751	0.00225	0.00901	0.00676	0.00375	0.01201
112	0.01573	0.01348	0.01573	0.01123	0.01798	0.01011	0.00899	0.01910	0.01573	0.02472	0.01348	0.01573	0.01123	0.00562	0.00562	0.00112	0.00562	0.00449	0.00449	0.77980
113	0.01103	0.00735	0.00827	0.00827	0.00827	0.00735	0.00460	0.01103	0.01103	0.01471	0.02390	0.04964	0.02758	0.73343	0.03861	0.00735	0.00735	0.01103	0.00460	0.00460
114	0.78701	0.01467	0.01115	0.00997	0.01467	0.01702	0.00821	0.02230	0.01291	0.03403	0.01056	0.01232	0.00821	0.00704	0.00469	0.00235	0.00587	0.00411	0.00469	0.00821
115	0.01076	0.00726	0.00842	0.00866	0.00879	0.00717	0.00505	0.01108	0.01193	0.01597	0.05066	0.14988	0.03252	0.60259	0.03326	0.00654	0.00678	0.01268	0.00509	0.00492
116	0.16354	0.41201	0.02953	0.01415	0.01968	0.18689	0.01255	0.04810	0.01714	0.02210	0.01111	0.01278	0.00958	0.00700	0.00540	0.00186	0.00903	0.00436	0.00383	0.00935
117	0.02850	0.01473	0.01807	0.01436	0.01956	0.01450	0.01178	0.23356	0.02568	0.37379	0.07811	0.05641	0.02347	0.01091	0.00794	0.00241	0.00678	0.03901	0.00852	0.01190
118	0.01243	0.01052	0.01409	0.01302	0.01493	0.03244	0.05865	0.01443	0.01462	0.01992	0.05136	0.30833	0.03344	0.15033	0.04168	0.00391	0.05586	0.04415	0.00560	0.10030
119	0.02883	0.02125	0.02276	0.01745	0.02352	0.02352	0.01442	0.66082	0.03566	0.04780	0.01821	0.01821	0.01290	0.00911	0.00759	0.00228	0.00835	0.00683	0.00759	0.01290
120	0.02883	0.02125	0.02276	0.01745	0.02352	0.02352	0.01442	0.66082	0.03566	0.04780	0.01821	0.01821	0.01290	0.00911	0.00759	0.00228	0.00835	0.00683	0.00759	0.01290
121	0.01714	0.01792	0.02437	0.02034	0.02199	0.09146	0.10896	0.01953	0.01369	0.01903	0.01326	0.04297	0.01280	0.04055	0.07066	0.00385	0.44190	0.00756	0.00368	0.00832
122	0.01632	0.01643	0.03255	0.15326	0.03552	0.01638	0.37867	0.04678	0.01727	0.02309	0.01860	0.08354	0.01649	0.01037	0.01020	0.05566	0.01066	0.04491	0.00431	0.00901
123	0.00956	0.00685	0.00897	0.01054	0.01114	0.00644	0.00721	0.01098	0.01462	0.01935	0.04195	0.61110	0.07387	0.06935	0.01158	0.00337	0.00476	0.06535	0.00688	0.00613
124	0.01934	0.01653	0.01742	0.01553	0.01990	0.01909	0.01212	0.06985	0.64210	0.03249	0.03027	0.02782	0.02267	0.01023	0.00771	0.00256	0.00611	0.00849	0.00771	0.01205
125	0.01905	0.06039	0.03180	0.06194	0.27316	0.06903	0.19317	0.02612	0.11199	0.02431	0.01635	0.01984	0.01303	0.00753	0.00845	0.00238	0.03898	0.00732	0.00430	0.01086
126	0.02545	0.01892	0.02011	0.01602	0.02105	0.04763	0.01298	0.48482	0.03009	0.06546	0.02088	0.02298	0.03696	0.04932	0.08821	0.00364	0.00965	0.00744	0.00695	0.01142
127	0.00924	0.00660	0.00880	0.01056	0.01100	0.00616	0.00704	0.01056	0.01452	0.01936	0.04181	0.72848	0.05017	0.02376	0.00968	0.00308	0.00440	0.02156	0.00704	0.00616
128	0.00942	0.00685	0.00930	0.03563	0.01247	0.00654	0.00754	0.01088	0.01455	0.01936	0.04080	0.70328	0.04874	0.02319	0.00961	0.00306	0.00460	0.02104	0.00691	0.00624
129	0.02659	0.01965	0.02115	0.01661	0.02204	0.02169	0.01350	0.57221	0.05948	0.04419	0.02030	0.06024	0.01603	0.03933	0.00897	0.00254	0.00799	0.00791	0.00744	0.01214
130	0.02039	0.04987	0.02916	0.03580	0.41398	0.15890	0.07555	0.02502	0.04271	0.02315	0.01457	0.01844	0.01213	0.00916	0.03651	0.00262	0.01062	0.00658	0.00394	0.01089
131	0.01102	0.00738	0.00842	0.00842	0.00847	0.00743	0.00478	0.01113	0.01107	0.01482	0.02376	0.04889	0.02725	0.70797	0.06362	0.00754	0.00784	0.01092	0.00458	0.00468
132	0.01622	0.03661	0.61318	0.02212	0.03282	0.01747	0.07844	0.02458	0.01641	0.05196	0.01443	0.01678	0.01015	0.00723	0.00737	0.00241	0.01114	0.00596	0.00351	0.01120
133	0.01521	0.03923	0.69413	0.02162	0.03283	0.01762	0.02802	0.02402	0.01601	0.02402	0.01361	0.01601	0.00961	0.00721	0.00721	0.00240	0.01121	0.00560	0.00320	0.01121
134	0.01935	0.01943	0.03032	0.06906	0.58068	0.07374	0.04955	0.02374	0.01756	0.02405	0.01408	0.01849	0.01174	0.00686	0.00752	0.00225	0.00959	0.00670	0.00376	0.01154
135	0.01790	0.02046	0.04476	0.03197	0.03964	0.01918	0.65857	0.02430	0.01790	0.02430	0.01535	0.02046	0.01151	0.00639	0.00895	0.00256	0.01279	0.00895	0.00384	0.01023
136	0.00912	0.00736	0.00812	0.00862	0.01052	0.00636	0.00620	0.01093	0.01663	0.02056	0.09104	0.26935	0.46782	0.02043	0.00918	0.00271	0.00400	0.01758	0.00710	0.00636
137	0.01084	0.00813	0.01219	0.01219	0.01354	0.00948	0.00948	0.01354	0.01219	0.01761	0.02032	0.02980	0.01896	0.05689	0.70337	0.01219	0.02032	0.00813	0.00406	0.00677
138	0.01432	0.01348	0.02275	0.71520	0.05224	0.01685	0.02107	0.01938	0.01517	0.01938	0.01348	0.02022	0.01011	0.00758	0.00758	0.00253	0.01011	0.00674	0.00337	0.00843
139	0.00896	0.00768	0.00768	0.00768	0.01025	0.00640	0.00576	0.01089	0.01729	0.02049	0.07684	0.07300	0.68304	0.01921	0.00896	0.00256	0.00384	0.01601	0.00704	0.00640
140	0.02028	0.73799	0.03975	0.01298	0.01947	0.03001	0.01298	0.02271	0.01541	0.01785	0.01055	0.01217	0.00973	0.00649	0.00487	0.00162	0.00811	0.00406	0.00324	0.00973
141	0.01659	0.01659	0.02323	0.01991	0.01991	0.02323	0.01659	0.01825	0.01162	0.01825	0.00996	0.01659	0.00996	0.01328	0.02489	0.00332	0.71955	0.00664	0.00332	0.00830
142	0.00977	0.00698	0.00941	0.01116	0.01183	0.00662	0.00796	0.01147	0.01504	0.01995	0.04152	0.61482	0.04902	0.02327	0.00982	0.00315	0.00486	0.13002	0.00703	0.00631
143	0.00924	0.00660	0.00880	0.01056	0.01100	0.00616	0.00704	0.01056	0.01452	0.01936	0.04181	0.72848	0.05017	0.02376	0.00968	0.00308	0.00440	0.02156	0.00704	0.00616
144	0.78701	0.01467	0.01115	0.00997	0.01467	0.01702	0.00821	0.02230	0.01291	0.03403	0.01056	0.01232	0.00821	0.00704	0.00469	0.00235	0.00587	0.00411	0.00469	0.00821
145	0.01454	0.01370	0.02314	0.68257	0.08317	0.01691	0.02117	0.01957	0.01527	0.01964	0.01352	0.02015	0.01020	0.00754	0.00758	0.00251	0.01006	0.00674	0.00339	0.00860
146	0.02833	0.03615	0.02149	0.01954	0.02345	0.70298	0.01466	0.03029	0.02149	0.01856	0.01172	0.01368	0.00977	0.00782	0.00684	0.00195	0.01368	0.00489	0.00391	0.00879
147	0.01100	0.00843	0.01029	0.01133	0.01257	0.00851	0.00790	0.01605	0.13566	0.02169	0.04130	0.57145	0.07247	0.02109	0.00929	0.00296	0.00467	0.01893	0.00717	0.00725
148	0.00896	0.00768	0.00768	0.00768	0.01025	0.00640	0.00576	0.01089	0.01729	0.02049	0.07684	0.07300	0.68304	0.01921	0.00896	0.00256	0.00384	0.01601	0.00704	0.00640
149	0.01521	0.03923	0.69413	0.02162	0.03283	0.01762	0.02802	0.02402	0.01601	0.02402	0.01361	0.01601	0.00961	0.00721	0.00721	0.00240	0.01121	0.00560	0.00320	0.01121
150	0.02833	0.03615	0.02149	0.01954	0.02345	0.70298	0.01466	0.03029	0.02149	0.01856	0.01172	0.01368	0.00977	0.00782	0.00684	0.00195	0.01368	0.00489	0.00391	0.00879
151	0.00924	0.00660	0.00880	0.01056	0.01100	0.00616	0.00704	0.01056	0.01452	0.01936	0.04181	0.72848	0.05017	0.02376	0.00968	0.00308	0.00440	0.02156	0.00704	0.00616
152	0.02102	0.01581	0.01722	0.01516	0.01967	0.01777	0.01188	0.03983	0.57994	0.12547	0.03074	0.02795	0.02253	0.01016	0.00771	0.00254	0.00607	0.00844	0.00796	0.01213
153	0.01074	0.00775	0.01014	0.00954	0.01133	0.00716	0.00716	0.01431	0.02147	0.03042	0.68211	0.05666	0.07157	0.01551	0.00895	0.00239	0.00358	0.01372	0.00835	0.00716
154	0.00924	0.00660	0.00880	0.01056	0.01100	0.00616	0.00704	0.01056	0.01452	0.01936	0.04181	0.72848	0.05017	0.02376	0.00968	0.00308	0.00440	0.02156	0.00704	0.00616
155	0.01432	0.01348	0.02275	0.71520	0.05224	0.01685	0.02107	0.01938	0.01517	0.01938	0.01348	0.02022	0.01011	0.00758	0.00758	0.00253	0.01011	0.00674	0.00337	0.00843
156	0.01103	0.00735	0.00827	0.00827	0.00827	0.00735	0.00460	0.01103	0.01103	0.01471	0.02390	0.04964	0.02758	0.73343	0.03861	0.00735	0.00735	0.01103	0.00460	0.00460
157	0.02989	0.01955	0.02171	0.01665	0.02267	0.02100	0.01375	0.53368	0.03282	0.17897	0.02060	0.01976	0.01410	0.00916	0.00760	0.00229	0.00796	0.00699	0.00795	0.01290
158	0.02833	0.03615	0.02149	0.01954	0.02345	0.70298	0.01466	0.03029	0.02149	0.01856	0.01172	0.01368	0.00977	0.00782	0.00684	0.00195	0.01368	0.00489	0.00391	0.00879
159	0.00930	0.00665	0.00885	0.01052	0.01101	0.00620	0.00705	0.01071	0.01480	0.01980	0.06706	0.70199	0.05101	0.02344	0.00965	0.00305	0.00437	0.02125	0.00709	0.00620
160	0.01152	0.00794	0.01032	0.00962	0.01158	0.00727	0.00725	0.01501	0.02132	0.05426	0.63491	0.05616	0.09317	0.01542	0.00890	0.00239	0.00369	0.01358	0.00834	0.00734
161	0.01103	0.00735	0.00827	0.00827	0.00827	0.00735	0.00460	0.01103	0.01103	0.01471	0.02390	0.04964	0.02758	0.73343	0.03861	0.00735	0.00735	0.01103	0.00460	0.00460
162	0.01489	0.03203	0.51365	0.02109	0.03026	0.01611	0.07857	0.02252	0.01644	0.02380	0.01864	0.02918	0.01603	0.00967	0.00796	0.00262	0.01057	0.12167	0.00395	0.01035
163	0.01573	0.01348	0.01573	0.01123	0.01798	0.01011	0.00899	0.01910	0.01573	0.02472	0.01348	0.01573	0.01123	0.00562	0.00562	0.00112	0.00562	0.00449	0.00449	0.77980
164	0.00924	0.00660	0.00880	0.01056	0.01100	0.00616	0.00704	0.01056	0.01452	0.01936	0.04181	0.72848	0.05017	0.02376	0.00968	0.00308	0.00440	0.02156	0.00704	0.00616
165	0.01318	0.00659	0.00988	0.00988	0.00988	0.00659	0.00659	0.00988	0.00988	0.01318	0.01318	0.02306	0.01318	0.02635	0.02964	0.77931	0.00659	0.00659	0.00329	0.00329
166	0.02861	0.02787	0.02220	0.01838	0.02349	0.32533	0.01452	0.38075	0.02937	0.03482	0.01533	0.01620	0.01151	0.00853	0.00726	0.00213	0.01072	0.00597	0.00595	0.01108
167	0.01432	0.01348	0.02275	0.71520	0.05224	0.01685	0.02107	0.01938	0.01517	0.01938	0.01348	0.02022	0.01011	0.00758	0.00758	0.00253	0.01011	0.00674	0.00337	0.00843
168	0.02107	0.01827	0.02037	0.02056	0.11886	0.04755	0.01422	0.15152	0.43206	0.03312	0.02531	0.02444	0.01908	0.00945	0.00763	0.00245	0.00719	0.00784	0.00695	0.01204
