[name]
unknown

[dist]
# distance from previous block
# <min> <max>
0	10

[block]
# block no. 0 follows, 28 sequences, length 19
# corresponding to MSA columns:
# 10-28
name=unknown_A
#
# <colnr> <probs for GDERKNQSTAVLIFYWHMCP>
#	G	D	E	R	K	N	Q	S	T	A	V	L	I	F	Y	W	H	M	C	P
0	0.01542	0.05136	0.01594	0.01572	0.05587	0.06113	0.01246	0.07490	0.07929	0.02451	0.06113	0.05809	0.03306	0.01556	0.00881	0.00285	0.00718	0.39225	0.00629	0.00816
1	0.06089	0.28520	0.26444	0.01559	0.02309	0.02062	0.01701	0.06238	0.04751	0.11750	0.01502	0.01580	0.01117	0.00718	0.00608	0.00203	0.00839	0.00523	0.00442	0.01044
2	0.01721	0.06042	0.27281	0.02773	0.25581	0.01787	0.04632	0.02484	0.10022	0.04707	0.01562	0.01806	0.01202	0.00743	0.00788	0.00228	0.04519	0.00627	0.00403	0.01091
3	0.02324	0.08197	0.11790	0.01589	0.02187	0.03940	0.01449	0.29943	0.13778	0.11019	0.05037	0.02069	0.01645	0.00873	0.00707	0.00220	0.00772	0.00677	0.00648	0.01137
4	0.02469	0.01439	0.01721	0.01315	0.01893	0.01336	0.01071	0.15321	0.08562	0.29701	0.02161	0.02050	0.01502	0.00788	0.00670	0.00189	0.00624	0.00630	0.00702	0.25855
5	0.01318	0.01273	0.08470	0.01592	0.09844	0.01054	0.01151	0.01867	0.11331	0.05626	0.09064	0.31879	0.09491	0.01552	0.00829	0.00258	0.00564	0.01376	0.00630	0.00833
6	0.01769	0.02019	0.09489	0.07089	0.19478	0.01814	0.35582	0.06857	0.03956	0.02490	0.01488	0.01892	0.01136	0.00665	0.00790	0.00235	0.01060	0.00752	0.00395	0.01043
7	0.00992	0.00744	0.00904	0.00947	0.01094	0.00688	0.00676	0.03862	0.01705	0.02254	0.20772	0.37522	0.21325	0.01917	0.00885	0.00263	0.00405	0.01691	0.00708	0.00646
8	0.00947	0.00740	0.00858	0.00829	0.01036	0.00651	0.00621	0.01213	0.01864	0.02456	0.39554	0.06185	0.37126	0.01657	0.00858	0.00237	0.00355	0.01420	0.00740	0.00651
9	0.02786	0.01694	0.02017	0.08842	0.02404	0.01794	0.01343	0.39465	0.02771	0.26219	0.02072	0.02008	0.01396	0.00867	0.00728	0.00223	0.00757	0.00679	0.00743	0.01192
10	0.05981	0.22298	0.26588	0.17573	0.05503	0.02004	0.06300	0.02159	0.01501	0.02100	0.01218	0.01541	0.00947	0.00672	0.00636	0.00213	0.00944	0.00538	0.00325	0.00957
11	0.00926	0.00733	0.00837	0.00852	0.01052	0.00644	0.00641	0.01153	0.01729	0.02204	0.22284	0.14036	0.42376	0.01812	0.00876	0.00253	0.00388	0.05865	0.00706	0.00633
12	0.68746	0.01391	0.01138	0.00995	0.01448	0.01580	0.00818	0.04572	0.01384	0.07959	0.01216	0.01345	0.00912	0.00704	0.00481	0.00223	0.00567	0.00437	0.03254	0.00831
13	0.05937	0.09124	0.02338	0.05347	0.24560	0.04235	0.01535	0.12006	0.09869	0.10851	0.02064	0.02167	0.05175	0.00824	0.00691	0.00217	0.00759	0.00684	0.00539	0.01078
14	0.01696	0.01813	0.03366	0.16799	0.17595	0.04471	0.33796	0.02197	0.01622	0.02184	0.01364	0.01871	0.01070	0.00695	0.00905	0.00241	0.06255	0.00742	0.00354	0.00964
15	0.00894	0.00641	0.00836	0.00988	0.01036	0.00598	0.00656	0.01016	0.01384	0.01835	0.04053	0.67113	0.07479	0.06406	0.01084	0.00317	0.00436	0.01986	0.00661	0.00583
16	0.21066	0.01370	0.03530	0.06513	0.01922	0.01394	0.01112	0.11281	0.01819	0.21631	0.02220	0.15434	0.01914	0.01101	0.00779	0.00243	0.04215	0.00874	0.00635	0.00947
17	0.02200	0.01587	0.02952	0.13564	0.08773	0.01529	0.28863	0.02663	0.01795	0.25658	0.01914	0.02120	0.01325	0.00732	0.00782	0.00235	0.00947	0.00763	0.00543	0.01055
18	0.01372	0.01266	0.02217	0.07164	0.10550	0.01313	0.17344	0.04013	0.01513	0.02082	0.02190	0.20503	0.02222	0.04163	0.14611	0.00448	0.04663	0.01097	0.00458	0.00810

[dist]
# distance from previous block
# <min> <max>
0	2

[block]
# block no. 1 follows, 28 sequences, length 28
# corresponding to MSA columns:
# 31-58
name=unknown_B
#
# <colnr> <probs for GDERKNQSTAVLIFYWHMCP>
#	G	D	E	R	K	N	Q	S	T	A	V	L	I	F	Y	W	H	M	C	P
0	0.02269	0.01632	0.01859	0.01680	0.06185	0.01789	0.01259	0.18763	0.38272	0.14268	0.02558	0.02388	0.01852	0.00924	0.00734	0.00234	0.00653	0.00757	0.00739	0.01185
1	0.01367	0.01084	0.01672	0.48342	0.03599	0.01298	0.01508	0.01802	0.01477	0.02146	0.01657	0.02199	0.01271	0.00767	0.00653	0.00218	0.00756	0.00657	0.26763	0.00764
2	0.01507	0.01257	0.01460	0.01081	0.01654	0.00993	0.00848	0.04745	0.01558	0.02381	0.01497	0.04785	0.01350	0.05809	0.00785	0.00162	0.00557	0.00553	0.00455	0.66562
3	0.06049	0.02916	0.01980	0.01769	0.02143	0.50514	0.01354	0.07264	0.10521	0.02194	0.01383	0.01530	0.01114	0.00817	0.00769	0.00207	0.05597	0.00533	0.00445	0.00903
4	0.01799	0.01727	0.02950	0.04462	0.69919	0.01727	0.02231	0.02231	0.01655	0.02375	0.01367	0.01799	0.01151	0.00648	0.00720	0.00216	0.00864	0.00648	0.00360	0.01151
5	0.11694	0.61872	0.03381	0.01230	0.01829	0.02688	0.01194	0.05607	0.01549	0.02055	0.01049	0.01198	0.00931	0.00642	0.00478	0.00167	0.00752	0.00403	0.00350	0.00931
6	0.01654	0.01246	0.01378	0.01212	0.01488	0.01348	0.00904	0.20205	0.14934	0.02787	0.07064	0.08433	0.06076	0.22307	0.05358	0.00420	0.00711	0.00997	0.00628	0.00847
7	0.00896	0.00671	0.00815	0.00916	0.01017	0.00609	0.00625	0.01039	0.01470	0.01898	0.07504	0.47578	0.22879	0.07183	0.01100	0.00307	0.00423	0.01816	0.00664	0.00590
8	0.00993	0.00729	0.00930	0.00905	0.01070	0.00666	0.00669	0.01292	0.01934	0.02683	0.54781	0.13551	0.13853	0.01619	0.00866	0.00238	0.00355	0.01427	0.00771	0.00666
9	0.01987	0.07194	0.02838	0.03734	0.52034	0.15335	0.02002	0.02357	0.01721	0.02213	0.01295	0.01660	0.01094	0.00666	0.00689	0.00206	0.00944	0.00595	0.00359	0.01076
10	0.01985	0.01455	0.01627	0.01399	0.01757	0.01565	0.01089	0.39947	0.02578	0.03452	0.02682	0.31677	0.02716	0.01455	0.00810	0.00250	0.00643	0.01240	0.00705	0.00969
11	0.00886	0.00633	0.00843	0.01012	0.01054	0.00590	0.00675	0.01012	0.01392	0.01856	0.04006	0.73979	0.04808	0.02277	0.00928	0.00295	0.00422	0.02066	0.00675	0.00590
12	0.01527	0.01450	0.02459	0.47987	0.28520	0.01656	0.02096	0.01993	0.01527	0.02045	0.01319	0.01888	0.01035	0.00698	0.00724	0.00233	0.00931	0.00647	0.00336	0.00932
13	0.01668	0.02217	0.15468	0.05738	0.11330	0.01791	0.46186	0.02295	0.01668	0.02311	0.01423	0.01868	0.01072	0.00635	0.00808	0.00239	0.01148	0.00770	0.00355	0.01010
14	0.05374	0.01112	0.01475	0.01181	0.01636	0.00987	0.00957	0.02917	0.02045	0.50152	0.20471	0.03212	0.03104	0.01047	0.00755	0.00226	0.00544	0.00874	0.00857	0.01075
15	0.02591	0.01562	0.06458	0.01374	0.01887	0.06030	0.01173	0.03207	0.13079	0.41728	0.10573	0.02719	0.02349	0.00959	0.00739	0.00227	0.00658	0.00784	0.00784	0.01119
16	0.02312	0.06104	0.02152	0.15434	0.02697	0.23103	0.01464	0.25516	0.06046	0.02898	0.04268	0.01824	0.01361	0.00825	0.00698	0.00212	0.00956	0.00618	0.00523	0.00990
17	0.02882	0.01306	0.01667	0.01326	0.01845	0.01233	0.01079	0.05688	0.14684	0.52804	0.05477	0.02611	0.02059	0.00938	0.00737	0.00229	0.00606	0.00769	0.00860	0.01199
18	0.00935	0.00659	0.00824	0.00935	0.00974	0.00625	0.00600	0.01027	0.01305	0.01729	0.03653	0.50531	0.07108	0.23540	0.01742	0.00414	0.00503	0.01745	0.00606	0.00547
19	0.06487	0.01775	0.07297	0.01461	0.02039	0.01641	0.01268	0.32208	0.02475	0.16902	0.02000	0.07175	0.01543	0.00912	0.00699	0.00211	0.00709	0.00721	0.00669	0.11808
20	0.13242	0.05105	0.13072	0.06378	0.17067	0.03648	0.23068	0.02217	0.01606	0.02433	0.04404	0.01853	0.01281	0.00691	0.00714	0.00228	0.00958	0.00676	0.00384	0.00973
21	0.00873	0.00680	0.00794	0.00885	0.01021	0.00601	0.00618	0.01026	0.01514	0.01905	0.05550	0.43187	0.34604	0.02077	0.00896	0.00272	0.00397	0.01822	0.00675	0.00601
22	0.01631	0.11439	0.38149	0.02689	0.19866	0.01855	0.09800	0.02272	0.01579	0.02253	0.01305	0.01606	0.01001	0.00663	0.00691	0.00219	0.01004	0.00584	0.00328	0.01066
23	0.01804	0.01892	0.04028	0.02882	0.03604	0.01759	0.60780	0.02386	0.01731	0.06548	0.01551	0.01976	0.01145	0.00628	0.00838	0.00239	0.01163	0.00835	0.00403	0.03810
24	0.02046	0.01604	0.01964	0.01543	0.04238	0.01529	0.05219	0.27143	0.02274	0.05506	0.01647	0.04708	0.01323	0.00760	0.00659	0.00174	0.00690	0.00629	0.00565	0.35781
25	0.02026	0.01732	0.06569	0.01651	0.05535	0.01696	0.01320	0.35148	0.02472	0.03388	0.05109	0.15311	0.02101	0.01130	0.00839	0.00230	0.04538	0.00919	0.00626	0.07663
26	0.05398	0.01638	0.02022	0.01579	0.02053	0.01751	0.06802	0.35140	0.02606	0.08769	0.14861	0.02492	0.02317	0.00976	0.00848	0.00225	0.05194	0.00786	0.00676	0.03866
27	0.01325	0.01086	0.01391	0.01243	0.01543	0.01049	0.03898	0.05209	0.10382	0.02364	0.07199	0.33324	0.03227	0.01459	0.00844	0.00235	0.03097	0.01287	0.00610	0.19228

[dist]
# distance from previous block
# <min> <max>
2	14

[block]
# block no. 2 follows, 28 sequences, length 10
# corresponding to MSA columns:
# 73-82
name=unknown_C
#
# <colnr> <probs for GDERKNQSTAVLIFYWHMCP>
#	G	D	E	R	K	N	Q	S	T	A	V	L	I	F	Y	W	H	M	C	P
0	0.06233	0.01462	0.11196	0.01356	0.04474	0.01108	0.01169	0.04840	0.01891	0.25992	0.17416	0.03357	0.08714	0.03807	0.00852	0.00244	0.00608	0.00888	0.03431	0.00961
1	0.01048	0.00850	0.00949	0.00969	0.01174	0.00823	0.00707	0.01557	0.13476	0.02189	0.09984	0.27573	0.32392	0.01804	0.00860	0.00260	0.00420	0.01562	0.00695	0.00707
2	0.01846	0.01865	0.06022	0.13664	0.48617	0.04722	0.02113	0.07983	0.01794	0.02468	0.01377	0.01780	0.01113	0.00685	0.00717	0.00219	0.00902	0.00635	0.00385	0.01093
3	0.01531	0.01313	0.01518	0.01108	0.01736	0.01034	0.00884	0.01988	0.06706	0.02421	0.01421	0.01601	0.01165	0.00573	0.00554	0.00118	0.00541	0.00461	0.00455	0.72874
4	0.00899	0.00645	0.00832	0.00976	0.01027	0.00602	0.00646	0.01018	0.01378	0.01823	0.04062	0.63718	0.08621	0.08635	0.01169	0.00328	0.00443	0.01944	0.00654	0.00579
5	0.06263	0.01679	0.02205	0.22149	0.15817	0.01889	0.01664	0.25734	0.09884	0.03146	0.01645	0.01890	0.01233	0.00791	0.00712	0.00228	0.00821	0.00656	0.00530	0.01065
6	0.04940	0.12931	0.13116	0.02674	0.24137	0.11045	0.07629	0.08145	0.01825	0.04958	0.01359	0.01615	0.01070	0.00691	0.00673	0.00209	0.00947	0.00583	0.00403	0.01049
7	0.02663	0.01820	0.02002	0.01576	0.02122	0.01982	0.01288	0.45368	0.15446	0.14771	0.02152	0.02043	0.01510	0.00898	0.00730	0.00225	0.00729	0.00698	0.00757	0.01220
8	0.00899	0.00701	0.00794	0.00843	0.00996	0.00620	0.00591	0.01060	0.01547	0.01950	0.10551	0.28065	0.37988	0.08633	0.01142	0.00302	0.00414	0.01644	0.00663	0.00596
9	0.00991	0.00734	0.00924	0.00893	0.01067	0.00667	0.00663	0.01293	0.01945	0.02685	0.54770	0.10604	0.16869	0.01600	0.00863	0.00236	0.00353	0.01404	0.00771	0.00667

[dist]
# distance from previous block
# <min> <max>
0	1

[block]
# block no. 3 follows, 28 sequences, length 99
# corresponding to MSA columns:
# 84-182
name=unknown_D
#
# <colnr> <probs for GDERKNQSTAVLIFYWHMCP>
#	G	D	E	R	K	N	Q	S	T	A	V	L	I	F	Y	W	H	M	C	P
0	0.08074	0.01709	0.02154	0.01946	0.05044	0.06853	0.01542	0.01882	0.01213	0.01904	0.00990	0.01547	0.00948	0.01159	0.02032	0.00297	0.58952	0.00605	0.00335	0.00814
1	0.50269	0.05675	0.01558	0.01206	0.01695	0.06160	0.00998	0.17432	0.01835	0.05556	0.01249	0.01361	0.00941	0.00730	0.00537	0.00217	0.00677	0.00469	0.00517	0.00917
2	0.00886	0.00633	0.00843	0.01012	0.01054	0.00590	0.00675	0.01012	0.01392	0.01856	0.04006	0.73979	0.04808	0.02277	0.00928	0.00295	0.00422	0.02066	0.00675	0.00590
3	0.01077	0.00732	0.00946	0.01033	0.01147	0.00680	0.00717	0.03200	0.01530	0.05169	0.07075	0.60725	0.06726	0.02065	0.00895	0.00279	0.00440	0.01858	0.00685	0.03020
4	0.03919	0.05736	0.02494	0.15961	0.16122	0.05895	0.11591	0.02034	0.01603	0.04367	0.08331	0.06530	0.01867	0.00928	0.00938	0.00239	0.09317	0.00801	0.00431	0.00898
5	0.01887	0.02100	0.02381	0.02010	0.02175	0.19738	0.07812	0.02097	0.01410	0.01812	0.01046	0.01555	0.00964	0.01077	0.01802	0.00278	0.48080	0.00615	0.00337	0.00825
6	0.01844	0.01782	0.05297	0.19294	0.38696	0.05161	0.02003	0.05662	0.05805	0.05210	0.01514	0.01877	0.01186	0.00715	0.00719	0.00223	0.00887	0.00648	0.00414	0.01063
7	0.01926	0.71357	0.03733	0.01276	0.01868	0.02845	0.01260	0.02156	0.01459	0.01712	0.01008	0.01187	0.00934	0.00653	0.00559	0.00163	0.04266	0.00401	0.00311	0.00926
8	0.01944	0.02020	0.02755	0.07141	0.54757	0.14277	0.02072	0.02334	0.01719	0.02244	0.01320	0.01718	0.01104	0.00670	0.00708	0.00212	0.00949	0.00615	0.00361	0.01080
9	0.01907	0.69539	0.08842	0.01306	0.01962	0.02787	0.01352	0.02186	0.01481	0.01755	0.01033	0.01194	0.00932	0.00627	0.00483	0.00161	0.00800	0.00400	0.00311	0.00943
10	0.00983	0.00736	0.00912	0.00878	0.01061	0.00665	0.00655	0.01280	0.01935	0.02648	0.52266	0.08937	0.21162	0.01604	0.00861	0.00236	0.00352	0.01399	0.00766	0.00665
11	0.01673	0.01496	0.02342	0.47618	0.18181	0.01736	0.01966	0.11914	0.01794	0.02380	0.01377	0.01880	0.01048	0.00732	0.00725	0.00233	0.00921	0.00648	0.00392	0.00945
12	0.00926	0.00687	0.00922	0.01063	0.01103	0.00683	0.00727	0.01054	0.01376	0.01850	0.03833	0.69865	0.04589	0.02220	0.01011	0.00297	0.04554	0.01985	0.00654	0.00602
13	0.00979	0.00702	0.00910	0.01045	0.01114	0.00673	0.00710	0.04304	0.01492	0.01991	0.03894	0.70403	0.04631	0.02208	0.00918	0.00291	0.00440	0.01997	0.00677	0.00622
14	0.03406	0.00759	0.00970	0.00919	0.01095	0.00711	0.00689	0.01383	0.02010	0.02889	0.65219	0.07643	0.06605	0.01488	0.00847	0.00231	0.00352	0.01312	0.00785	0.00686
15	0.21084	0.01363	0.01557	0.01259	0.01773	0.01369	0.01029	0.06206	0.12056	0.41248	0.02391	0.02171	0.01598	0.00858	0.00666	0.00228	0.00607	0.00661	0.00761	0.01117
16	0.00982	0.00814	0.00929	0.04924	0.01298	0.00753	0.00718	0.01314	0.05041	0.02210	0.19104	0.06233	0.47093	0.01671	0.00851	0.00246	0.00420	0.04047	0.00683	0.00668
17	0.01355	0.00678	0.00678	0.00678	0.00847	0.00678	0.00508	0.01694	0.01524	0.02710	0.02371	0.02710	0.01863	0.00847	0.00508	0.00169	0.00339	0.00678	0.78489	0.00678
18	0.01231	0.00762	0.00962	0.00922	0.01075	0.00710	0.00654	0.01458	0.01712	0.08642	0.34930	0.14439	0.06544	0.17779	0.01474	0.00342	0.00460	0.01286	0.03951	0.00667
19	0.02087	0.01454	0.01535	0.01270	0.01671	0.01595	0.01019	0.32893	0.12965	0.03640	0.02170	0.02258	0.01625	0.00881	0.00647	0.00204	0.00592	0.00689	0.29792	0.01014
20	0.01462	0.03688	0.68402	0.02066	0.03105	0.01706	0.02649	0.02284	0.01521	0.02284	0.01293	0.01537	0.00922	0.00710	0.00747	0.00233	0.03479	0.00540	0.00307	0.01065
21	0.00922	0.00719	0.00828	0.00886	0.01052	0.00642	0.00652	0.01105	0.01577	0.01980	0.09348	0.23972	0.38303	0.06367	0.01065	0.00295	0.00434	0.08577	0.00667	0.00607
22	0.01004	0.00714	0.00827	0.00845	0.00925	0.00680	0.00550	0.01110	0.01357	0.01783	0.11863	0.12534	0.16072	0.40926	0.02401	0.00500	0.00566	0.04249	0.00564	0.00530
23	0.01373	0.01292	0.02180	0.72707	0.05006	0.01615	0.02019	0.01857	0.01453	0.01857	0.01292	0.01938	0.00969	0.00727	0.00727	0.00242	0.00969	0.00646	0.00323	0.00807
24	0.00948	0.00731	0.00866	0.00851	0.01041	0.00648	0.00631	0.01208	0.01838	0.02439	0.38767	0.12091	0.31920	0.01698	0.00864	0.00241	0.00360	0.01469	0.00739	0.00648
25	0.01000	0.00732	0.01018	0.01241	0.03960	0.00703	0.00873	0.01196	0.01479	0.01964	0.03857	0.53136	0.04490	0.02138	0.00940	0.00303	0.00507	0.19167	0.00661	0.00635
26	0.03261	0.01237	0.01687	0.01293	0.01856	0.01068	0.01068	0.03543	0.02081	0.70423	0.02868	0.02474	0.01799	0.00900	0.00731	0.00225	0.00619	0.00731	0.00900	0.01237
27	0.01507	0.01292	0.01507	0.01077	0.01723	0.00969	0.00861	0.01830	0.01507	0.02369	0.01292	0.01507	0.01077	0.00538	0.00538	0.00108	0.00538	0.00431	0.00431	0.78898
28	0.01915	0.10799	0.34568	0.02016	0.02767	0.22802	0.08333	0.02454	0.01690	0.02068	0.01224	0.01472	0.00945	0.00712	0.00728	0.00214	0.03451	0.00535	0.00334	0.00972
29	0.01461	0.01247	0.01483	0.03218	0.01776	0.00963	0.00883	0.01776	0.01498	0.02319	0.01476	0.06421	0.01326	0.00662	0.00570	0.00124	0.00543	0.00548	0.00444	0.71262
30	0.05188	0.09118	0.14192	0.01296	0.02004	0.01381	0.01249	0.05130	0.01589	0.02439	0.01275	0.01475	0.01029	0.00596	0.00564	0.00145	0.00672	0.00455	0.00412	0.49792
31	0.01057	0.00705	0.00793	0.00793	0.00793	0.00705	0.00440	0.01057	0.01057	0.01409	0.02290	0.04757	0.02643	0.74454	0.03700	0.00705	0.00705	0.01057	0.00440	0.00440
32	0.01864	0.09199	0.33663	0.01836	0.04901	0.01834	0.01918	0.12114	0.13920	0.06878	0.03710	0.01923	0.01435	0.00798	0.00693	0.00224	0.00862	0.00630	0.00499	0.01100
33	0.01943	0.74891	0.03809	0.01244	0.01866	0.02876	0.01244	0.02177	0.01477	0.01710	0.01011	0.01166	0.00933	0.00622	0.00466	0.00155	0.00777	0.00389	0.00311	0.00933
34	0.02150	0.02148	0.15441	0.06168	0.31457	0.08381	0.01952	0.02603	0.01763	0.18386	0.01683	0.01867	0.01231	0.00729	0.00711	0.00219	0.00894	0.00629	0.00477	0.01111
35	0.01191	0.07822	0.04358	0.01205	0.01422	0.01195	0.01012	0.01482	0.01480	0.02084	0.21212	0.03413	0.05947	0.03053	0.31097	0.00633	0.09274	0.00902	0.00500	0.00718
36	0.01346	0.00972	0.01155	0.01148	0.01314	0.00995	0.00820	0.16753	0.01840	0.02459	0.03310	0.50366	0.03759	0.08739	0.01141	0.00316	0.00538	0.01637	0.00665	0.00729
37	0.01399	0.01313	0.02186	0.66115	0.07985	0.01591	0.01976	0.01874	0.01466	0.01906	0.01296	0.01911	0.00983	0.00714	0.00718	0.00235	0.00944	0.00636	0.00330	0.04423
38	0.05751	0.65891	0.08714	0.01292	0.01939	0.02725	0.01330	0.02184	0.01469	0.01832	0.01033	0.01195	0.00925	0.00630	0.00482	0.00165	0.00789	0.00400	0.00318	0.00936
39	0.00912	0.00741	0.00810	0.00801	0.01025	0.00639	0.00606	0.01142	0.01761	0.02215	0.23283	0.06629	0.51448	0.01755	0.00863	0.00244	0.00371	0.03415	0.00707	0.00634
40	0.01056	0.00708	0.00810	0.00810	0.00816	0.00714	0.00462	0.01068	0.01062	0.01422	0.02275	0.04670	0.02605	0.71285	0.06816	0.00726	0.00762	0.01044	0.00438	0.00450
41	0.08821	0.02034	0.11884	0.13014	0.26381	0.07944	0.04875	0.02371	0.08560	0.02369	0.01668	0.01962	0.03488	0.00751	0.00699	0.00226	0.00891	0.00651	0.00407	0.01003
42	0.00895	0.00637	0.00841	0.01000	0.01039	0.00597	0.00661	0.01015	0.01373	0.01830	0.03909	0.70045	0.04685	0.06379	0.01085	0.00318	0.00438	0.02009	0.00661	0.00582
43	0.00944	0.00697	0.00801	0.00845	0.00947	0.00642	0.00559	0.01061	0.01411	0.01814	0.08950	0.25110	0.24864	0.25961	0.01818	0.00410	0.00493	0.01512	0.00606	0.00555
44	0.01033	0.00725	0.00886	0.00909	0.01072	0.00650	0.00653	0.01242	0.01685	0.05340	0.23691	0.29149	0.24667	0.03711	0.00949	0.00268	0.00399	0.01604	0.00715	0.00651
45	0.09462	0.02129	0.01987	0.01591	0.02119	0.15052	0.01287	0.39981	0.02771	0.13950	0.01736	0.01726	0.01227	0.00836	0.00690	0.00214	0.00848	0.00609	0.00663	0.01124
46	0.01229	0.01349	0.11682	0.01288	0.01634	0.01034	0.01189	0.03969	0.08960	0.02319	0.07099	0.14641	0.17334	0.01634	0.00871	0.00276	0.00614	0.21468	0.00632	0.00781
47	0.01057	0.00705	0.00793	0.00793	0.00793	0.00705	0.00440	0.01057	0.01057	0.01409	0.02290	0.04757	0.02643	0.74454	0.03700	0.00705	0.00705	0.01057	0.00440	0.00440
48	0.06816	0.01822	0.10817	0.01651	0.05440	0.01595	0.01419	0.24300	0.04276	0.21974	0.05251	0.02595	0.01839	0.00955	0.00735	0.00232	0.00738	0.05748	0.00685	0.01113
49	0.01498	0.09594	0.65202	0.02004	0.03041	0.01786	0.02567	0.02292	0.01530	0.02253	0.01280	0.01504	0.00922	0.00685	0.00672	0.00224	0.01050	0.00525	0.00307	0.01063
50	0.00886	0.00633	0.00843	0.01012	0.01054	0.00590	0.00675	0.01012	0.01392	0.01856	0.04006	0.73979	0.04808	0.02277	0.00928	0.00295	0.00422	0.02066	0.00675	0.00590
51	0.10096	0.08116	0.08135	0.01364	0.01948	0.01498	0.01230	0.12773	0.02098	0.37832	0.06001	0.02206	0.01747	0.00864	0.00683	0.00218	0.00681	0.00672	0.00718	0.01121
52	0.02014	0.68373	0.03649	0.01301	0.01900	0.09142	0.01258	0.02243	0.01530	0.01716	0.01021	0.01179	0.00933	0.00633	0.00484	0.00158	0.00826	0.00396	0.00317	0.00925
53	0.01808	0.01561	0.01644	0.01479	0.01890	0.01808	0.01151	0.03863	0.68606	0.03041	0.02959	0.02712	0.02219	0.00986	0.00740	0.00247	0.00575	0.00822	0.00740	0.01151
54	0.09252	0.01651	0.08859	0.01964	0.14745	0.01518	0.01423	0.07982	0.18167	0.07668	0.12369	0.02927	0.02461	0.00986	0.00736	0.00236	0.00672	0.04754	0.00610	0.01021
55	0.02616	0.02267	0.02082	0.01682	0.02163	0.17848	0.01355	0.45888	0.02886	0.03694	0.01591	0.01686	0.01183	0.00866	0.00794	0.00214	0.05003	0.00612	0.04474	0.01094
56	0.01731	0.01363	0.01580	0.01160	0.01783	0.01125	0.00932	0.07287	0.05508	0.06723	0.01519	0.01654	0.01198	0.00612	0.00577	0.00132	0.00566	0.00489	0.00500	0.63561
57	0.01019	0.00743	0.01050	0.01075	0.01168	0.00823	0.00787	0.01210	0.01181	0.01661	0.02319	0.13867	0.02419	0.17782	0.48390	0.00951	0.01488	0.01023	0.00442	0.00602
58	0.01057	0.00705	0.00793	0.00793	0.00793	0.00705	0.00440	0.01057	0.01057	0.01409	0.02290	0.04757	0.02643	0.74454	0.03700	0.00705	0.00705	0.01057	0.00440	0.00440
59	0.02763	0.02036	0.02182	0.01672	0.02254	0.02254	0.01382	0.67496	0.03418	0.04581	0.01745	0.01745	0.01236	0.00873	0.00727	0.00218	0.00800	0.00654	0.00727	0.01236
60	0.01494	0.01488	0.06133	0.28324	0.27988	0.01487	0.01935	0.01926	0.01554	0.02110	0.01779	0.03000	0.01621	0.00988	0.00844	0.02934	0.00871	0.12220	0.00398	0.00907
61	0.01373	0.01292	0.02180	0.72707	0.05006	0.01615	0.02019	0.01857	0.01453	0.01857	0.01292	0.01938	0.00969	0.00727	0.00727	0.00242	0.00969	0.00646	0.00323	0.00807
62	0.01663	0.00883	0.01175	0.01022	0.01305	0.00795	0.00795	0.01989	0.02064	0.22097	0.50593	0.04590	0.05421	0.01319	0.00821	0.00228	0.00421	0.01149	0.00828	0.00842
63	0.01851	0.01747	0.03133	0.04065	0.54901	0.01717	0.13877	0.02309	0.01686	0.05491	0.01455	0.01859	0.01172	0.00653	0.00745	0.00222	0.00917	0.00689	0.00386	0.01125
64	0.00898	0.00715	0.00809	0.00859	0.01040	0.00626	0.00631	0.01088	0.01619	0.02025	0.11361	0.24934	0.43341	0.01939	0.00886	0.00263	0.00398	0.05268	0.00685	0.00616
65	0.00896	0.00641	0.00853	0.01005	0.01057	0.00598	0.00676	0.01039	0.01442	0.01935	0.08940	0.68819	0.04962	0.02218	0.00922	0.00290	0.00416	0.02010	0.00684	0.00598
66	0.01493	0.08931	0.65826	0.02012	0.03053	0.01775	0.02581	0.02293	0.01530	0.02259	0.01283	0.01508	0.00922	0.00686	0.00674	0.00225	0.01053	0.00526	0.00307	0.01064
67	0.01678	0.01448	0.01519	0.01377	0.01765	0.01644	0.01068	0.03475	0.59401	0.02893	0.03564	0.03301	0.11487	0.01104	0.00756	0.00246	0.00547	0.00920	0.00731	0.01077
68	0.01018	0.00748	0.00948	0.00919	0.01094	0.00689	0.00697	0.01324	0.01928	0.02658	0.52623	0.05848	0.15264	0.04624	0.00988	0.00260	0.00388	0.06560	0.00757	0.00664
69	0.03186	0.01359	0.01762	0.01351	0.01916	0.01249	0.01116	0.13265	0.02284	0.60413	0.02697	0.02363	0.01714	0.00896	0.00730	0.00224	0.00646	0.00719	0.00873	0.01237
70	0.01589	0.01540	0.02675	0.36341	0.28590	0.01691	0.09399	0.02144	0.04795	0.02158	0.01420	0.01927	0.01111	0.00697	0.00740	0.00233	0.00940	0.00679	0.00362	0.00970
71	0.01154	0.00730	0.00881	0.00943	0.01064	0.00731	0.00673	0.04564	0.01518	0.02270	0.03151	0.39621	0.03355	0.01993	0.06966	0.00325	0.00546	0.01405	0.27454	0.00658
72	0.01744	0.01959	0.08857	0.20650	0.42082	0.07815	0.02148	0.02205	0.01631	0.02190	0.01322	0.01766	0.01067	0.00680	0.00713	0.00221	0.00948	0.00621	0.00347	0.01033
73	0.01236	0.00688	0.00724	0.00724	0.00825	0.00688	0.00481	0.01439	0.01338	0.02190	0.02339	0.03528	0.02175	0.30252	0.01783	0.00383	0.00485	0.00829	0.47310	0.00583
74	0.01349	0.00721	0.00768	0.00754	0.00912	0.00734	0.00556	0.03412	0.01495	0.02540	0.02273	0.02822	0.01874	0.06690	0.04899	0.03894	0.00484	0.00709	0.62458	0.00657
75	0.00996	0.00730	0.00988	0.04432	0.01280	0.00700	0.00766	0.01261	0.01754	0.02421	0.38031	0.32024	0.05666	0.01779	0.00885	0.00260	0.00417	0.04234	0.00723	0.00654
76	0.00913	0.00717	0.00878	0.04348	0.01219	0.00659	0.00692	0.01102	0.01570	0.02008	0.11968	0.36562	0.30852	0.01946	0.00883	0.00266	0.00419	0.01707	0.00671	0.00620
77	0.01130	0.00807	0.01124	0.01292	0.01441	0.00801	0.01100	0.01435	0.01633	0.02130	0.03871	0.17634	0.04273	0.02047	0.00993	0.00329	0.00634	0.55997	0.00670	0.00658
78	0.00884	0.00637	0.00839	0.01000	0.01051	0.00591	0.00670	0.01013	0.01403	0.01860	0.04150	0.71105	0.07589	0.02259	0.00925	0.00293	0.00419	0.02044	0.00675	0.00591
79	0.01891	0.66462	0.09239	0.01335	0.01972	0.02756	0.01374	0.02172	0.01469	0.01760	0.01033	0.01211	0.00933	0.00651	0.00553	0.00167	0.03363	0.00410	0.00311	0.00940
80	0.01178	0.03725	0.05421	0.01019	0.01352	0.01016	0.00853	0.04665	0.11501	0.02338	0.11596	0.08665	0.40872	0.01545	0.00814	0.00241	0.00477	0.01292	0.00663	0.00766
81	0.32290	0.40277	0.02594	0.01184	0.01718	0.08114	0.01079	0.02222	0.01432	0.02321	0.01021	0.01184	0.00876	0.00653	0.00476	0.00185	0.00738	0.00397	0.00370	0.00869
82	0.01499	0.00816	0.00831	0.00779	0.00990	0.00838	0.00597	0.08405	0.01717	0.02901	0.02307	0.02612	0.01799	0.00850	0.00530	0.00174	0.00386	0.00675	0.70558	0.00734
83	0.05555	0.07904	0.26733	0.01736	0.02356	0.14310	0.03842	0.09054	0.01782	0.02361	0.01803	0.09460	0.04151	0.00960	0.00790	0.00228	0.04871	0.00739	0.00427	0.00937
84	0.01854	0.65318	0.09772	0.01298	0.01945	0.02674	0.01346	0.02141	0.01490	0.01775	0.01303	0.01443	0.03799	0.00679	0.00503	0.00166	0.00787	0.00450	0.00326	0.00932
85	0.00892	0.00638	0.00849	0.01008	0.01056	0.00595	0.00675	0.01029	0.01423	0.01905	0.07045	0.70801	0.04903	0.02241	0.00925	0.00292	0.00418	0.02032	0.00681	0.00595
86	0.01194	0.00789	0.00969	0.00896	0.01129	0.00701	0.00682	0.01482	0.01936	0.09213	0.43795	0.05625	0.25779	0.01539	0.00846	0.00233	0.00378	0.01325	0.00771	0.00717
87	0.01167	0.00979	0.01430	0.01756	0.13556	0.01050	0.01081	0.01346	0.01378	0.01907	0.02970	0.46058	0.03441	0.05933	0.01270	0.00308	0.11570	0.01536	0.00551	0.00714
88	0.01637	0.08640	0.36698	0.02947	0.28031	0.01806	0.05598	0.02267	0.01584	0.02283	0.01313	0.01625	0.01017	0.00665	0.00692	0.00220	0.00979	0.00582	0.00330	0.01087
89	0.01147	0.00819	0.01144	0.01311	0.01468	0.00816	0.01129	0.01464	0.01650	0.02148	0.03862	0.13757	0.04236	0.02031	0.00998	0.00331	0.00648	0.59708	0.00670	0.00663
90	0.01057	0.00705	0.00793	0.00793	0.00793	0.00705	0.00440	0.01057	0.01057	0.01409	0.02290	0.04757	0.02643	0.74454	0.03700	0.00705	0.00705	0.01057	0.00440	0.00440
91	0.02389	0.02787	0.02327	0.02665	0.23565	0.44208	0.01653	0.04904	0.04833	0.02115	0.01300	0.01539	0.01069	0.00731	0.00682	0.00200	0.01121	0.00546	0.00397	0.00966
92	0.01513	0.01478	0.01302	0.01235	0.01514	0.15127	0.00948	0.02171	0.17114	0.02393	0.18062	0.07019	0.18835	0.01381	0.00806	0.00240	0.00628	0.06776	0.00656	0.00802
93	0.01049	0.00701	0.00795	0.00803	0.00805	0.00699	0.00451	0.01055	0.01073	0.01430	0.02369	0.07947	0.02742	0.71127	0.03572	0.00686	0.00692	0.01104	0.00451	0.00447
94	0.01056	0.00708	0.00809	0.00809	0.00814	0.00713	0.00461	0.01067	0.01062	0.01421	0.02276	0.04675	0.02607	0.71493	0.06612	0.00725	0.00758	0.01045	0.00438	0.00449
95	0.02755	0.04971	0.02117	0.01564	0.02125	0.02012	0.01296	0.50954	0.03026	0.16209	0.01992	0.04281	0.01445	0.00914	0.00723	0.00219	0.00754	0.00704	0.00739	0.01202
96	0.01074	0.00747	0.00954	0.00915	0.01090	0.00683	0.00677	0.01367	0.01922	0.04975	0.52422	0.12161	0.12865	0.03748	0.00945	0.00251	0.00373	0.01383	0.00768	0.00681
97	0.01211	0.00777	0.01001	0.00944	0.01146	0.00704	0.00707	0.01505	0.01938	0.09262	0.48611	0.13360	0.12927	0.01560	0.00853	0.00238	0.00382	0.01370	0.00782	0.00721
98	0.01373	0.01292	0.02180	0.72707	0.05006	0.01615	0.02019	0.01857	0.01453	0.01857	0.01292	0.01938	0.00969	0.00727	0.00727	0.00242	0.00969	0.00646	0.00323	0.00807

[dist]
# distance from previous block
# <min> <max>
4	28

[block]
# block no. 4 follows, 28 sequences, length 14
# corresponding to MSA columns:
# 214-227
name=unknown_E
#
# <colnr> <probs for GDERKNQSTAVLIFYWHMCP>
#	G	D	E	R	K	N	Q	S	T	A	V	L	I	F	Y	W	H	M	C	P
0	0.00969	0.00693	0.00933	0.01064	0.01154	0.00658	0.00780	0.01175	0.01561	0.02097	0.14801	0.48923	0.05016	0.02090	0.00932	0.00292	0.00460	0.15083	0.00694	0.00623
1	0.01033	0.00812	0.00972	0.01023	0.03908	0.00773	0.00692	0.01321	0.04876	0.02098	0.18223	0.08757	0.29158	0.15797	0.07005	0.00404	0.00586	0.01292	0.00624	0.00646
2	0.08738	0.02884	0.01995	0.01824	0.04642	0.48386	0.01350	0.14572	0.02195	0.02419	0.01276	0.01512	0.01044	0.03195	0.00755	0.00214	0.01121	0.00522	0.00447	0.00908
3	0.02641	0.22592	0.02422	0.01440	0.01948	0.12348	0.01231	0.07205	0.01920	0.30792	0.01853	0.01809	0.01320	0.00825	0.00773	0.00206	0.06441	0.00582	0.00596	0.01057
4	0.01176	0.00809	0.01007	0.01027	0.01251	0.00740	0.00836	0.01454	0.01777	0.07095	0.18910	0.06771	0.28410	0.01759	0.00901	0.00272	0.00487	0.23910	0.00715	0.00693
5	0.01517	0.01041	0.01259	0.01195	0.01432	0.01060	0.00906	0.15352	0.05107	0.07025	0.14819	0.34575	0.04063	0.01679	0.00857	0.00263	0.00524	0.05785	0.00724	0.00815
6	0.02745	0.01984	0.02098	0.01633	0.02194	0.04564	0.01339	0.55328	0.07457	0.10334	0.01903	0.01858	0.01340	0.00878	0.00726	0.00220	0.00787	0.00666	0.00731	0.01217
7	0.00978	0.00824	0.00862	0.00854	0.01108	0.00748	0.00655	0.01361	0.08240	0.02118	0.09041	0.06593	0.56520	0.01754	0.00856	0.00251	0.00407	0.05471	0.00686	0.00673
8	0.01106	0.00808	0.01085	0.01227	0.01398	0.00787	0.01046	0.01404	0.01652	0.02122	0.04379	0.12502	0.13891	0.02002	0.00977	0.00319	0.00608	0.51362	0.00671	0.00656
9	0.01967	0.01525	0.01592	0.01361	0.01777	0.04283	0.01076	0.18441	0.29104	0.08310	0.08651	0.03319	0.13180	0.01122	0.00762	0.00234	0.00609	0.00916	0.00729	0.01042
10	0.01655	0.15570	0.04395	0.01746	0.02077	0.05152	0.10892	0.04795	0.05745	0.02066	0.01796	0.15338	0.01792	0.01168	0.01220	0.00255	0.22146	0.00894	0.00438	0.00861
11	0.00889	0.00742	0.00778	0.00782	0.01018	0.00631	0.00595	0.01094	0.01690	0.02051	0.12135	0.06934	0.61201	0.01821	0.00867	0.00249	0.00382	0.04836	0.00685	0.00622
12	0.00896	0.00651	0.00827	0.00962	0.01025	0.00602	0.00642	0.01019	0.01396	0.01833	0.04264	0.60618	0.12247	0.07956	0.01140	0.00322	0.00438	0.01924	0.00656	0.00581
13	0.01948	0.07827	0.23989	0.02327	0.12751	0.21909	0.07119	0.04066	0.03674	0.02173	0.01343	0.01619	0.01062	0.00924	0.03966	0.00255	0.01122	0.00571	0.00366	0.00989

[dist]
# distance from previous block
# <min> <max>
0	21

[block]
# block no. 5 follows, 28 sequences, length 21
# corresponding to MSA columns:
# 249-269
name=unknown_F
#
# <colnr> <probs for GDERKNQSTAVLIFYWHMCP>
#	G	D	E	R	K	N	Q	S	T	A	V	L	I	F	Y	W	H	M	C	P
0	0.01540	0.03271	0.54389	0.02647	0.19213	0.01698	0.02576	0.02285	0.01564	0.02320	0.01320	0.01598	0.00976	0.00680	0.00698	0.00227	0.01024	0.00564	0.00320	0.01093
1	0.01650	0.06610	0.47874	0.02526	0.17202	0.07163	0.02423	0.02328	0.01598	0.02249	0.01290	0.01556	0.00972	0.00683	0.00684	0.00220	0.01034	0.00548	0.00324	0.01066
2	0.02232	0.01292	0.05101	0.01262	0.01708	0.01138	0.01059	0.02914	0.15296	0.33903	0.22076	0.03327	0.03299	0.01075	0.00767	0.00231	0.00554	0.00908	0.00808	0.01052
3	0.02474	0.04639	0.02016	0.01519	0.02031	0.06402	0.01238	0.49383	0.02902	0.03886	0.01733	0.01912	0.01318	0.04569	0.00838	0.00230	0.00778	0.00644	0.06685	0.04802
4	0.01732	0.02230	0.18876	0.02267	0.02927	0.01783	0.27589	0.11864	0.01830	0.02565	0.01580	0.06662	0.01315	0.00851	0.00956	0.00243	0.08902	0.00791	0.00425	0.04614
5	0.01904	0.01527	0.02003	0.01590	0.04741	0.01411	0.08295	0.16927	0.05174	0.06555	0.01719	0.05418	0.01402	0.00756	0.00663	0.00174	0.00686	0.00655	0.00541	0.37861
6	0.00910	0.00645	0.00844	0.00985	0.01029	0.00606	0.00652	0.01034	0.01390	0.01861	0.06939	0.63763	0.04687	0.09505	0.01203	0.00333	0.00446	0.01929	0.00657	0.00580
7	0.01099	0.00802	0.01014	0.01068	0.01199	0.00787	0.00770	0.05826	0.04244	0.02362	0.19725	0.46298	0.04930	0.01926	0.00894	0.00274	0.00447	0.04942	0.00711	0.00683
8	0.07442	0.44352	0.16327	0.01336	0.01966	0.02222	0.01410	0.02077	0.01558	0.02122	0.11356	0.01880	0.01809	0.00769	0.00568	0.00186	0.00755	0.00557	0.00394	0.00913
9	0.01280	0.00797	0.01043	0.00956	0.01171	0.00725	0.00726	0.01603	0.02025	0.10759	0.57448	0.07269	0.08463	0.01455	0.00845	0.00231	0.00379	0.01277	0.00803	0.00745
10	0.00951	0.00779	0.00843	0.00820	0.01054	0.00692	0.00617	0.01269	0.05075	0.02268	0.23542	0.06371	0.49736	0.01705	0.00853	0.00241	0.00372	0.01441	0.00711	0.00659
11	0.00905	0.00641	0.00838	0.00987	0.01024	0.00604	0.00648	0.01017	0.01353	0.01804	0.03808	0.65958	0.04557	0.10641	0.01249	0.00343	0.00455	0.01950	0.00648	0.00573
12	0.05506	0.01937	0.13220	0.16439	0.03494	0.01674	0.32520	0.02079	0.01541	0.02190	0.01484	0.05497	0.01220	0.00832	0.00930	0.02989	0.04397	0.00787	0.00365	0.00899
13	0.02718	0.03387	0.02067	0.01862	0.02248	0.67785	0.01403	0.06399	0.02133	0.01931	0.01157	0.01334	0.00953	0.00756	0.00659	0.00189	0.01283	0.00478	0.00394	0.00864
14	0.00884	0.00641	0.00835	0.00991	0.01049	0.00592	0.00665	0.01015	0.01412	0.01864	0.04267	0.68790	0.09829	0.02244	0.00922	0.00291	0.00418	0.02025	0.00675	0.00592
15	0.00973	0.00734	0.00950	0.04321	0.01245	0.00689	0.00723	0.01230	0.01759	0.02382	0.35893	0.26420	0.16485	0.01751	0.00873	0.00252	0.00401	0.01549	0.00718	0.00650
16	0.01880	0.01916	0.02983	0.04087	0.57507	0.08499	0.07913	0.02305	0.01700	0.02313	0.01353	0.01766	0.01126	0.00654	0.00726	0.00216	0.00939	0.00649	0.00362	0.01106
17	0.01580	0.09907	0.53016	0.04859	0.03117	0.05120	0.07998	0.02304	0.01567	0.02209	0.01283	0.01543	0.00940	0.00682	0.00684	0.00223	0.01068	0.00552	0.00316	0.01032
18	0.28443	0.01829	0.11254	0.01862	0.13320	0.01631	0.01424	0.11728	0.03768	0.12901	0.04174	0.01809	0.01352	0.00773	0.00633	0.00224	0.00717	0.00590	0.00542	0.01024
19	0.05682	0.01999	0.12833	0.05359	0.49669	0.01721	0.03812	0.02318	0.05217	0.02431	0.01426	0.01785	0.01151	0.00675	0.00706	0.00221	0.00876	0.00633	0.00376	0.01109
20	0.31959	0.40506	0.02578	0.01137	0.01688	0.02247	0.01053	0.02274	0.01434	0.07980	0.01164	0.01280	0.00948	0.00665	0.00482	0.00188	0.00681	0.00419	0.00413	0.00902

[dist]
# distance from previous block
# <min> <max>
2	6

[block]
# block no. 6 follows, 28 sequences, length 12
# corresponding to MSA columns:
# 276-287
name=unknown_G
#
# <colnr> <probs for GDERKNQSTAVLIFYWHMCP>
#	G	D	E	R	K	N	Q	S	T	A	V	L	I	F	Y	W	H	M	C	P
0	0.01752	0.01913	0.03246	0.15212	0.13561	0.08767	0.31525	0.02218	0.01622	0.02128	0.01326	0.01823	0.01052	0.00732	0.00980	0.00243	0.09884	0.00723	0.00353	0.00940
1	0.00884	0.00640	0.00836	0.00993	0.01049	0.00592	0.00666	0.01014	0.01410	0.01863	0.04242	0.69272	0.09363	0.02247	0.00923	0.00292	0.00418	0.02029	0.00675	0.00592
2	0.09116	0.01250	0.01639	0.01267	0.01821	0.01112	0.01047	0.03435	0.02016	0.65271	0.02725	0.02375	0.01722	0.00882	0.00709	0.00225	0.00614	0.00705	0.00865	0.01203
3	0.07334	0.01300	0.07076	0.01175	0.01544	0.01135	0.01009	0.10958	0.04787	0.09055	0.40865	0.03912	0.04505	0.01203	0.00779	0.00227	0.00517	0.01019	0.00729	0.00869
4	0.02806	0.01967	0.02139	0.01640	0.02220	0.02152	0.01355	0.61978	0.03302	0.10262	0.01842	0.01808	0.01285	0.00875	0.00727	0.00219	0.00784	0.00661	0.00742	0.01236
5	0.00975	0.00717	0.00913	0.00914	0.01066	0.00655	0.00667	0.01250	0.01857	0.02557	0.46983	0.21126	0.14203	0.01709	0.00873	0.00246	0.00364	0.01512	0.00756	0.00655
6	0.00981	0.00797	0.00849	0.00825	0.01065	0.00706	0.00620	0.04448	0.01789	0.02227	0.15852	0.10269	0.53478	0.01765	0.00856	0.00244	0.00389	0.01488	0.00696	0.00654
7	0.07424	0.02198	0.16610	0.05224	0.17686	0.01763	0.33814	0.02273	0.01624	0.02387	0.01377	0.01785	0.01050	0.00644	0.00761	0.00234	0.01062	0.00709	0.00359	0.01016
8	0.08098	0.02016	0.01984	0.04655	0.05236	0.15185	0.01386	0.16930	0.18479	0.02842	0.01690	0.01840	0.01321	0.00919	0.00997	0.00239	0.14007	0.00636	0.00534	0.01004
9	0.01330	0.00680	0.00687	0.00687	0.00842	0.00680	0.00502	0.01640	0.01485	0.02601	0.02364	0.02881	0.01928	0.07013	0.00775	0.00214	0.00369	0.00709	0.71951	0.00658
10	0.10763	0.01443	0.01651	0.01328	0.01826	0.01483	0.01081	0.18067	0.12589	0.31805	0.04448	0.02311	0.01787	0.00898	0.00693	0.00224	0.00624	0.00707	0.05145	0.01128
11	0.01596	0.17493	0.46474	0.02073	0.03002	0.01947	0.13123	0.02282	0.01553	0.02190	0.01274	0.01533	0.00953	0.00664	0.00674	0.00218	0.01041	0.00561	0.00318	0.01031

[dist]
# distance from previous block
# <min> <max>
0	2

[block]
# block no. 7 follows, 28 sequences, length 55
# corresponding to MSA columns:
# 290-344
name=unknown_H
#
# <colnr> <probs for GDERKNQSTAVLIFYWHMCP>
#	G	D	E	R	K	N	Q	S	T	A	V	L	I	F	Y	W	H	M	C	P
0	0.01676	0.02010	0.14644	0.10149	0.34792	0.03550	0.02007	0.02432	0.12249	0.02431	0.05602	0.02111	0.01591	0.00769	0.00725	0.00226	0.00848	0.00690	0.00433	0.01067
1	0.00897	0.00666	0.00840	0.00973	0.01065	0.00610	0.00678	0.01047	0.01464	0.01897	0.04702	0.56079	0.18382	0.02170	0.00918	0.00287	0.00425	0.05625	0.00675	0.00600
2	0.01672	0.03314	0.47943	0.02388	0.09071	0.10081	0.10747	0.02371	0.01631	0.02249	0.01310	0.01586	0.00966	0.00684	0.00710	0.00226	0.01103	0.00580	0.00328	0.01041
3	0.01610	0.10972	0.03782	0.01211	0.01781	0.01372	0.01027	0.06346	0.01604	0.02360	0.01462	0.06678	0.01325	0.00744	0.00682	0.00151	0.04825	0.00573	0.00443	0.51052
4	0.01366	0.00944	0.01097	0.01039	0.01213	0.00960	0.00730	0.08007	0.08753	0.05787	0.11753	0.19596	0.06927	0.26440	0.01811	0.00407	0.00569	0.01257	0.00635	0.00709
5	0.01111	0.00775	0.00915	0.00860	0.01093	0.00680	0.00652	0.01376	0.01875	0.07315	0.36130	0.05939	0.35398	0.01607	0.00849	0.00236	0.00374	0.01374	0.00750	0.00692
6	0.01661	0.01023	0.01127	0.06849	0.01496	0.01096	0.00822	0.15956	0.01929	0.03045	0.02146	0.02437	0.01653	0.00843	0.00574	0.00186	0.00491	0.00670	0.55187	0.00809
7	0.43663	0.01512	0.01694	0.16777	0.02476	0.01727	0.05034	0.12752	0.01688	0.04802	0.01265	0.01515	0.00943	0.00720	0.00586	0.00229	0.00729	0.00526	0.00474	0.00887
8	0.01049	0.00702	0.00795	0.00803	0.00804	0.00700	0.00451	0.01055	0.01072	0.01429	0.02367	0.07842	0.02739	0.71237	0.03576	0.00686	0.00692	0.01102	0.00451	0.00447
9	0.00886	0.00633	0.00843	0.01012	0.01054	0.00590	0.00675	0.01012	0.01392	0.01856	0.04006	0.73979	0.04808	0.02277	0.00928	0.00295	0.00422	0.02066	0.00675	0.00590
10	0.01910	0.01593	0.01758	0.12763	0.02400	0.05795	0.01309	0.06409	0.42696	0.07638	0.02568	0.02727	0.01970	0.00972	0.00745	0.00244	0.00700	0.04080	0.00659	0.01064
11	0.02696	0.01931	0.02078	0.01602	0.02159	0.02125	0.01321	0.61638	0.03265	0.06519	0.01817	0.01825	0.01291	0.00872	0.00714	0.00215	0.00767	0.00658	0.05305	0.01203
12	0.01355	0.00678	0.00678	0.00678	0.00847	0.00678	0.00508	0.01694	0.01524	0.02710	0.02371	0.02710	0.01863	0.00847	0.00508	0.00169	0.00339	0.00678	0.78489	0.00678
13	0.01078	0.00850	0.00888	0.00846	0.01070	0.00786	0.00614	0.07353	0.01701	0.02104	0.05748	0.08577	0.48071	0.15469	0.01385	0.00331	0.00475	0.01380	0.00636	0.00639
14	0.01196	0.00895	0.01170	0.01230	0.01356	0.00945	0.00945	0.07606	0.01627	0.02183	0.03431	0.41860	0.03886	0.02155	0.04435	0.00341	0.05804	0.17605	0.00639	0.00690
15	0.02004	0.43872	0.18052	0.01561	0.02228	0.17484	0.01594	0.02361	0.01616	0.01854	0.01099	0.01278	0.00931	0.00664	0.00556	0.00179	0.00958	0.00438	0.00324	0.00944
16	0.01442	0.01363	0.02306	0.61608	0.15564	0.01633	0.02053	0.01918	0.01486	0.01941	0.01304	0.01915	0.00999	0.00714	0.00726	0.00238	0.00952	0.00646	0.00329	0.00863
17	0.01974	0.72074	0.03740	0.01269	0.01881	0.05584	0.01250	0.02205	0.01500	0.01713	0.01015	0.01172	0.00933	0.00627	0.00474	0.00157	0.00798	0.00392	0.00313	0.00929
18	0.07455	0.01440	0.01740	0.01360	0.01896	0.01416	0.01117	0.19315	0.05568	0.43812	0.05455	0.02360	0.01845	0.00910	0.00720	0.00224	0.00646	0.00722	0.00818	0.01182
19	0.01029	0.00904	0.04538	0.00971	0.01203	0.00735	0.00799	0.01367	0.01928	0.02651	0.49586	0.05723	0.18195	0.01549	0.00860	0.00239	0.00409	0.05882	0.00742	0.00691
20	0.30185	0.08100	0.08170	0.01849	0.02448	0.05933	0.22387	0.02414	0.07486	0.02646	0.01363	0.01603	0.01048	0.00684	0.00640	0.00226	0.00881	0.00597	0.00421	0.00921
21	0.04561	0.02002	0.01978	0.01575	0.02090	0.08316	0.01279	0.50281	0.07007	0.04006	0.02000	0.02008	0.04044	0.00901	0.00709	0.00216	0.00787	0.00678	0.04433	0.01132
22	0.11303	0.05030	0.42768	0.01896	0.04957	0.13015	0.02073	0.02319	0.01617	0.02358	0.05211	0.01681	0.01261	0.00741	0.00660	0.00220	0.00992	0.00554	0.00366	0.00978
23	0.00880	0.00655	0.00820	0.00952	0.01039	0.00595	0.00648	0.01019	0.01449	0.01879	0.04733	0.59475	0.18843	0.02183	0.00913	0.00284	0.00410	0.01951	0.00675	0.00595
24	0.01760	0.01688	0.02880	0.10674	0.64011	0.01717	0.02212	0.02197	0.01637	0.02328	0.01360	0.01812	0.01135	0.00655	0.00720	0.00218	0.00873	0.00648	0.00356	0.01120
25	0.01519	0.12212	0.54946	0.02005	0.02962	0.01813	0.07067	0.02248	0.01526	0.02207	0.01306	0.01573	0.00971	0.00869	0.03533	0.00260	0.01084	0.00552	0.00315	0.01033
26	0.01551	0.01100	0.01281	0.01147	0.01357	0.01190	0.00853	0.19753	0.01799	0.02467	0.02144	0.03549	0.02099	0.30461	0.18169	0.00628	0.00996	0.04161	0.04559	0.00735
27	0.01038	0.00779	0.01168	0.01168	0.01298	0.00909	0.00909	0.01298	0.01168	0.01687	0.01947	0.02856	0.01817	0.05452	0.71573	0.01168	0.01947	0.00779	0.00389	0.00649
28	0.01551	0.01532	0.02151	0.01855	0.01865	0.02132	0.01541	0.01717	0.01117	0.01745	0.01025	0.01681	0.01016	0.01572	0.07344	0.00379	0.68023	0.00646	0.00323	0.00785
29	0.01548	0.11139	0.55976	0.02072	0.06380	0.01824	0.02418	0.02377	0.05478	0.02286	0.01374	0.01578	0.01010	0.00698	0.00671	0.00222	0.01002	0.00544	0.00336	0.01068
