[name]
unknown

[dist]
# distance from previous block
# <min> <max>
22	61

[block]
# block no. 0 follows, 28 sequences, length 83
# corresponding to MSA columns:
# 64-146
name=unknown_A
#
# <colnr> <probs for GDERKNQSTAVLIFYWHMCP>
#	G	D	E	R	K	N	Q	S	T	A	V	L	I	F	Y	W	H	M	C	P
0	0.01830	0.01630	0.04301	0.12005	0.08410	0.06103	0.07672	0.04913	0.16646	0.09175	0.09377	0.02473	0.02043	0.01028	0.03000	0.00258	0.03034	0.00766	0.00557	0.04778
1	0.01962	0.01774	0.02447	0.15153	0.29886	0.08515	0.04864	0.04650	0.12913	0.07990	0.01735	0.01989	0.01330	0.00754	0.00726	0.00225	0.00872	0.00676	0.00474	0.01063
2	0.08005	0.06975	0.01775	0.01395	0.01831	0.07461	0.01114	0.08042	0.30433	0.11992	0.02358	0.05574	0.01843	0.01162	0.04173	0.00271	0.00732	0.00747	0.00647	0.03472
3	0.02557	0.08892	0.02226	0.01666	0.02172	0.21591	0.01347	0.35668	0.11015	0.03350	0.01658	0.01693	0.01248	0.00830	0.00685	0.00207	0.00912	0.00600	0.00593	0.01089
4	0.01914	0.01804	0.02642	0.06874	0.42239	0.05187	0.05115	0.08876	0.13000	0.02644	0.01659	0.01937	0.01316	0.00733	0.00728	0.00223	0.00854	0.00679	0.00458	0.01119
5	0.01609	0.00936	0.01097	0.00985	0.01156	0.00927	0.00666	0.06940	0.03811	0.14268	0.02564	0.06725	0.04081	0.48120	0.02644	0.00536	0.00673	0.01008	0.00572	0.00684
6	0.00898	0.00673	0.00834	0.00931	0.01041	0.00609	0.00646	0.01067	0.01544	0.02020	0.13366	0.48490	0.21106	0.02066	0.00902	0.00274	0.00398	0.01837	0.00691	0.00609
7	0.01120	0.00783	0.00933	0.00891	0.01075	0.00724	0.00645	0.01411	0.04147	0.05684	0.33073	0.08822	0.22192	0.13735	0.01325	0.00316	0.00436	0.01320	0.00704	0.00665
8	0.01228	0.01179	0.04378	0.03934	0.02010	0.01199	0.14785	0.01576	0.01298	0.01840	0.01776	0.02611	0.01604	0.06506	0.46688	0.00861	0.04627	0.00787	0.00379	0.00736
9	0.01454	0.04393	0.00906	0.00755	0.00967	0.00864	0.00587	0.04972	0.01616	0.02753	0.02273	0.02586	0.01786	0.00837	0.00517	0.00171	0.00383	0.00662	0.70800	0.00718
10	0.02669	0.03387	0.02067	0.01874	0.02233	0.68674	0.01412	0.02855	0.02021	0.01778	0.01117	0.01322	0.00937	0.00771	0.00727	0.00193	0.04275	0.00475	0.00372	0.00841
11	0.02253	0.01760	0.01957	0.01743	0.06980	0.01948	0.01299	0.37839	0.22962	0.03708	0.02315	0.02374	0.04054	0.04379	0.00875	0.00250	0.00716	0.00755	0.00689	0.01144
12	0.01624	0.01765	0.03695	0.02943	0.10278	0.01668	0.51475	0.02162	0.01678	0.02284	0.01799	0.08702	0.01585	0.00831	0.00857	0.00251	0.01090	0.03957	0.00409	0.00948
13	0.00859	0.00736	0.00736	0.00736	0.00982	0.00614	0.00552	0.01043	0.01657	0.01964	0.07364	0.06996	0.69624	0.01841	0.00859	0.00245	0.00368	0.01534	0.00675	0.00614
14	0.02402	0.01721	0.01830	0.01523	0.02006	0.05057	0.01225	0.24787	0.29225	0.15533	0.02489	0.02504	0.01837	0.00963	0.00741	0.00234	0.00696	0.03321	0.00744	0.01161
15	0.01718	0.04728	0.15949	0.03321	0.38790	0.01767	0.07864	0.05108	0.01682	0.02379	0.01638	0.01979	0.04419	0.00753	0.00813	0.00226	0.04738	0.00678	0.00378	0.01072
16	0.01907	0.02049	0.01814	0.01634	0.01815	0.26379	0.01260	0.06368	0.01635	0.01929	0.01627	0.11410	0.01662	0.08283	0.03616	0.00324	0.24276	0.00811	0.00426	0.00776
17	0.63089	0.01369	0.01202	0.01029	0.01503	0.01509	0.00848	0.02441	0.01419	0.17780	0.01413	0.01460	0.01006	0.00723	0.00511	0.00225	0.00574	0.00467	0.00547	0.00884
18	0.01440	0.01388	0.02156	0.64512	0.06632	0.04869	0.01962	0.01903	0.01497	0.01882	0.01389	0.02157	0.01102	0.00777	0.00734	0.00243	0.00970	0.03232	0.00340	0.00814
19	0.02513	0.05977	0.02136	0.01801	0.02199	0.56258	0.04530	0.05923	0.02048	0.01993	0.01422	0.01604	0.03146	0.00782	0.00660	0.00191	0.01183	0.00537	0.04238	0.00857
20	0.76907	0.01402	0.01106	0.03416	0.01529	0.01630	0.00829	0.02127	0.01244	0.03213	0.01022	0.01207	0.00793	0.00677	0.00459	0.00226	0.00576	0.00402	0.00445	0.00788
21	0.02429	0.16072	0.02303	0.03839	0.02172	0.46278	0.01337	0.07701	0.01993	0.02029	0.01237	0.01445	0.01027	0.00868	0.02567	0.00212	0.01136	0.00492	0.03987	0.00876
22	0.00887	0.00709	0.00795	0.00834	0.01015	0.00616	0.00602	0.01075	0.01633	0.02050	0.14011	0.25270	0.44111	0.01918	0.00878	0.00257	0.00380	0.01654	0.00690	0.00616
23	0.01849	0.02328	0.12778	0.06407	0.28595	0.12463	0.20385	0.02355	0.01708	0.02237	0.01347	0.01738	0.01064	0.00663	0.00745	0.00223	0.01068	0.00663	0.00355	0.01030
24	0.04429	0.03214	0.53582	0.02069	0.03031	0.01641	0.09961	0.02424	0.01600	0.09182	0.01470	0.01666	0.01026	0.00702	0.00706	0.00231	0.01028	0.00589	0.00379	0.01070
25	0.03180	0.01368	0.01768	0.01355	0.01921	0.01262	0.01120	0.13986	0.02299	0.59671	0.02684	0.02355	0.01707	0.00895	0.00730	0.00224	0.00648	0.00718	0.00872	0.01237
26	0.01458	0.03760	0.70688	0.02072	0.03146	0.01688	0.02686	0.02302	0.01535	0.02302	0.01304	0.01535	0.00921	0.00691	0.00691	0.00230	0.01074	0.00537	0.00307	0.01074
27	0.02464	0.01575	0.01775	0.01418	0.01886	0.01658	0.01137	0.38099	0.05049	0.17878	0.02506	0.07457	0.05120	0.07333	0.01004	0.00269	0.00698	0.00852	0.00733	0.01090
28	0.00900	0.00733	0.00796	0.00790	0.01009	0.00629	0.00589	0.01118	0.01738	0.02180	0.21643	0.09649	0.52136	0.01778	0.00862	0.00244	0.00365	0.01507	0.00704	0.00629
29	0.01057	0.00705	0.00793	0.00793	0.00793	0.00705	0.00440	0.01057	0.01057	0.01409	0.02290	0.04757	0.02643	0.74454	0.03700	0.00705	0.00705	0.01057	0.00440	0.00440
30	0.02215	0.02467	0.02149	0.13443	0.05006	0.35876	0.03816	0.10200	0.01951	0.02158	0.01294	0.01645	0.01059	0.01153	0.06219	0.00288	0.07198	0.00577	0.00404	0.00881
31	0.01604	0.01496	0.02437	0.54789	0.04495	0.04191	0.10538	0.05416	0.01634	0.04444	0.01388	0.01927	0.01028	0.00726	0.00742	0.00239	0.00994	0.00671	0.00372	0.00869
32	0.01167	0.00834	0.01166	0.01327	0.01494	0.00832	0.01157	0.01502	0.01684	0.02197	0.05728	0.08120	0.04260	0.01993	0.01000	0.00332	0.00660	0.63204	0.00673	0.00670
33	0.01718	0.01417	0.01620	0.01177	0.01812	0.01185	0.00949	0.12852	0.01828	0.02740	0.01368	0.01547	0.01103	0.00594	0.00570	0.00126	0.00582	0.00468	0.00480	0.65862
34	0.01698	0.01580	0.02067	0.11906	0.04411	0.07269	0.08154	0.09796	0.05293	0.02384	0.06513	0.02675	0.04152	0.05323	0.01291	0.00278	0.16922	0.03097	0.04333	0.00857
35	0.01728	0.01655	0.02822	0.15838	0.59098	0.01708	0.02195	0.02169	0.01622	0.02289	0.01355	0.01822	0.01121	0.00661	0.00721	0.00220	0.00881	0.00647	0.00354	0.01094
36	0.02663	0.05523	0.02149	0.01761	0.02219	0.41530	0.01379	0.25595	0.05513	0.02817	0.01420	0.01521	0.01099	0.00798	0.00677	0.00200	0.01079	0.00547	0.00512	0.00998
37	0.01361	0.01090	0.01169	0.01080	0.01396	0.01122	0.00831	0.02320	0.28642	0.05340	0.13063	0.04894	0.31993	0.01415	0.00806	0.00243	0.00459	0.01188	0.00726	0.00864
38	0.01137	0.00777	0.00948	0.00885	0.01109	0.00691	0.00671	0.01424	0.01930	0.07547	0.44572	0.05719	0.26766	0.01558	0.00849	0.00234	0.00371	0.01343	0.00767	0.00703
39	0.02602	0.01956	0.02091	0.01640	0.02193	0.02179	0.01343	0.56769	0.14406	0.04321	0.01950	0.01908	0.01402	0.00892	0.00729	0.00223	0.00762	0.00683	0.00729	0.01222
40	0.01270	0.00729	0.01079	0.01052	0.01064	0.00796	0.00741	0.01050	0.00982	0.01345	0.01300	0.02216	0.01288	0.02690	0.09240	0.64722	0.07079	0.00646	0.00323	0.00389
41	0.01895	0.01785	0.01667	0.01506	0.01906	0.10985	0.01163	0.03638	0.57499	0.02837	0.02868	0.02675	0.04375	0.00984	0.00733	0.00239	0.00665	0.00800	0.00689	0.01091
42	0.03218	0.01307	0.01730	0.01326	0.01890	0.01172	0.01096	0.09122	0.02197	0.64679	0.02770	0.02411	0.01750	0.00897	0.00731	0.00224	0.00634	0.00724	0.00885	0.01237
43	0.01144	0.00817	0.01140	0.01308	0.01463	0.00813	0.01124	0.01459	0.01647	0.02145	0.03864	0.14462	0.04243	0.02034	0.00997	0.00331	0.00646	0.59032	0.00670	0.00662
44	0.00881	0.00650	0.00826	0.00966	0.01042	0.00594	0.00654	0.01017	0.01436	0.01874	0.04566	0.62813	0.15613	0.02205	0.00916	0.00287	0.00413	0.01978	0.00675	0.00594
45	0.02010	0.01662	0.01758	0.01520	0.01967	0.01903	0.01199	0.17337	0.54803	0.03367	0.02702	0.02507	0.02011	0.00962	0.00737	0.00241	0.00623	0.00786	0.00737	0.01169
46	0.03008	0.01181	0.01606	0.01250	0.01768	0.01025	0.01025	0.03296	0.02078	0.62763	0.10433	0.02810	0.02373	0.00966	0.00745	0.00225	0.00587	0.00797	0.00888	0.01175
47	0.01038	0.00779	0.01168	0.01168	0.01298	0.00909	0.00909	0.01298	0.01168	0.01687	0.01947	0.02856	0.01817	0.05452	0.71573	0.01168	0.01947	0.00779	0.00389	0.00649
48	0.02958	0.01358	0.01732	0.01347	0.01877	0.01286	0.01107	0.16474	0.02316	0.50749	0.05876	0.02486	0.01933	0.01111	0.03661	0.00263	0.00697	0.00746	0.00838	0.01186
49	0.05625	0.06710	0.29032	0.02384	0.06230	0.07744	0.24804	0.02387	0.01649	0.04656	0.01374	0.01671	0.01021	0.00669	0.00724	0.00227	0.01080	0.00640	0.00364	0.01009
50	0.02715	0.03464	0.02060	0.01873	0.02247	0.71536	0.01404	0.02903	0.02060	0.01779	0.01124	0.01311	0.00936	0.00749	0.00655	0.00187	0.01311	0.00468	0.00375	0.00843
51	0.72718	0.01412	0.01194	0.04800	0.04074	0.01633	0.00903	0.02126	0.01263	0.03156	0.01040	0.01242	0.00810	0.00676	0.00474	0.00225	0.00594	0.00416	0.00440	0.00801
52	0.01704	0.01929	0.06581	0.05348	0.21807	0.04137	0.36068	0.02216	0.01653	0.02259	0.01521	0.05421	0.01275	0.00744	0.00868	0.00240	0.04042	0.00816	0.00375	0.00995
53	0.00993	0.00791	0.00896	0.00937	0.01135	0.00734	0.00713	0.01314	0.06068	0.02056	0.07625	0.17069	0.39055	0.05400	0.01024	0.00290	0.00456	0.12123	0.00671	0.00649
54	0.02299	0.04011	0.07161	0.06914	0.15215	0.07066	0.01559	0.15158	0.09766	0.17869	0.02007	0.04452	0.01507	0.00857	0.00719	0.00223	0.00803	0.00706	0.00598	0.01108
55	0.01932	0.05446	0.06790	0.03536	0.46965	0.15498	0.01993	0.02320	0.01710	0.02204	0.01397	0.04332	0.01221	0.00729	0.00702	0.00211	0.00944	0.00647	0.00369	0.01055
56	0.03261	0.01237	0.01687	0.01293	0.01856	0.01068	0.01068	0.03543	0.02081	0.70423	0.02868	0.02474	0.01799	0.00900	0.00731	0.00225	0.00619	0.00731	0.00900	0.01237
57	0.01377	0.01197	0.01985	0.56721	0.07326	0.01447	0.01776	0.01747	0.01399	0.01842	0.01341	0.02003	0.01057	0.00966	0.00995	0.10606	0.00890	0.00646	0.03924	0.00753
58	0.01782	0.02209	0.18415	0.03456	0.37110	0.01707	0.16214	0.02337	0.01664	0.05958	0.01455	0.01810	0.01123	0.00663	0.00743	0.00226	0.00976	0.00672	0.00378	0.01102
59	0.01032	0.00752	0.00982	0.01009	0.01152	0.00716	0.00752	0.01375	0.04239	0.02540	0.41489	0.24963	0.05821	0.01748	0.00889	0.00260	0.00409	0.08451	0.00748	0.00674
60	0.01057	0.00705	0.00793	0.00793	0.00793	0.00705	0.00440	0.01057	0.01057	0.01409	0.02290	0.04757	0.02643	0.74454	0.03700	0.00705	0.00705	0.01057	0.00440	0.00440
61	0.01913	0.63938	0.08329	0.01300	0.01929	0.02640	0.01324	0.02192	0.01488	0.04106	0.01138	0.01315	0.01002	0.00859	0.03766	0.00210	0.00847	0.00429	0.00334	0.00940
62	0.01597	0.06246	0.43286	0.02796	0.22389	0.01764	0.07216	0.02278	0.01580	0.02298	0.01322	0.01625	0.01001	0.00669	0.00701	0.00224	0.01011	0.00586	0.00327	0.01083
63	0.01159	0.00853	0.01139	0.01274	0.01460	0.00848	0.01099	0.01542	0.04224	0.02184	0.04223	0.07850	0.11702	0.01950	0.00977	0.00321	0.00631	0.55211	0.00673	0.00681
64	0.01593	0.01289	0.01516	0.01087	0.01729	0.00974	0.00871	0.01914	0.01535	0.05679	0.01369	0.01554	0.01112	0.00556	0.00548	0.00113	0.00542	0.00445	0.00453	0.75120
65	0.01489	0.09389	0.31853	0.02044	0.02798	0.01648	0.20096	0.02107	0.01654	0.02334	0.12720	0.02314	0.01994	0.00962	0.03227	0.00260	0.00997	0.00750	0.00409	0.00955
66	0.01379	0.01292	0.02149	0.69408	0.04855	0.01585	0.01965	0.01856	0.01456	0.01881	0.01292	0.01918	0.00974	0.00718	0.00718	0.00236	0.00949	0.00636	0.00328	0.04404
67	0.02425	0.02040	0.01859	0.01573	0.02032	0.17388	0.01241	0.20067	0.25674	0.12063	0.04517	0.02209	0.01781	0.00909	0.00720	0.00222	0.00796	0.00704	0.00678	0.01099
68	0.01478	0.01209	0.01335	0.01210	0.01528	0.01308	0.00934	0.05780	0.34918	0.02949	0.26260	0.04089	0.11488	0.01250	0.00793	0.00239	0.00483	0.01064	0.00752	0.00934
69	0.02737	0.01427	0.05069	0.01357	0.01892	0.01264	0.01152	0.07116	0.13220	0.47030	0.07618	0.02641	0.02163	0.00945	0.00739	0.00229	0.00624	0.00775	0.00826	0.01174
70	0.02646	0.01978	0.02115	0.01649	0.02209	0.02199	0.01353	0.59659	0.11446	0.04391	0.01895	0.01864	0.01357	0.00887	0.00729	0.00222	0.00772	0.00675	0.00729	0.01226
71	0.01164	0.00783	0.01143	0.01125	0.01234	0.00880	0.00848	0.03598	0.01188	0.01673	0.01748	0.02635	0.01641	0.04467	0.49784	0.22860	0.01538	0.00733	0.00381	0.00577
72	0.02715	0.03464	0.02060	0.01873	0.02247	0.71536	0.01404	0.02903	0.02060	0.01779	0.01124	0.01311	0.00936	0.00749	0.00655	0.00187	0.01311	0.00468	0.00375	0.00843
73	0.03261	0.01237	0.01687	0.01293	0.01856	0.01068	0.01068	0.03543	0.02081	0.70423	0.02868	0.02474	0.01799	0.00900	0.00731	0.00225	0.00619	0.00731	0.00900	0.01237
74	0.01156	0.00832	0.01150	0.01309	0.01480	0.00826	0.01141	0.01483	0.01673	0.02165	0.04023	0.08140	0.07420	0.02000	0.00997	0.00330	0.00654	0.61886	0.00670	0.00667
75	0.00882	0.00721	0.00781	0.00818	0.01019	0.00620	0.00603	0.01066	0.01621	0.01985	0.08790	0.19748	0.52634	0.01918	0.00877	0.00258	0.00389	0.03979	0.00679	0.00614
76	0.01960	0.01637	0.01729	0.01510	0.01948	0.01879	0.01187	0.13954	0.58268	0.03285	0.02766	0.02559	0.02063	0.00968	0.00738	0.00242	0.00611	0.00795	0.00738	0.01164
77	0.10789	0.01254	0.01626	0.01260	0.01811	0.01124	0.01041	0.03404	0.01997	0.63799	0.02685	0.02347	0.01700	0.00878	0.00703	0.00225	0.00613	0.00698	0.00855	0.01193
78	0.01061	0.00788	0.01169	0.01197	0.01333	0.00897	0.00952	0.01333	0.01252	0.01769	0.02264	0.03746	0.02212	0.04878	0.59809	0.01029	0.01734	0.11489	0.00436	0.00652
79	0.01127	0.00988	0.01040	0.01025	0.01246	0.04937	0.00807	0.01444	0.04499	0.02207	0.17861	0.06144	0.36332	0.01676	0.00937	0.00258	0.03830	0.12295	0.00667	0.00681
80	0.01555	0.01517	0.02386	0.50539	0.22681	0.05047	0.02047	0.02011	0.01538	0.01995	0.01304	0.01869	0.01017	0.00706	0.00721	0.00232	0.00957	0.00638	0.00336	0.00904
81	0.02634	0.05372	0.02127	0.05101	0.02364	0.60852	0.01426	0.07892	0.02121	0.02000	0.01177	0.01369	0.00961	0.00754	0.00659	0.00191	0.01239	0.00489	0.00398	0.00875
82	0.21646	0.01913	0.02074	0.13173	0.18370	0.15365	0.03480	0.07945	0.01754	0.02585	0.01366	0.01857	0.01132	0.00766	0.00657	0.00223	0.00888	0.03455	0.00426	0.00926

[dist]
# distance from previous block
# <min> <max>
0	5

[block]
# block no. 1 follows, 28 sequences, length 46
# corresponding to MSA columns:
# 152-197
name=unknown_B
#
# <colnr> <probs for GDERKNQSTAVLIFYWHMCP>
#	G	D	E	R	K	N	Q	S	T	A	V	L	I	F	Y	W	H	M	C	P
0	0.16444	0.14392	0.08058	0.04274	0.02011	0.15258	0.01335	0.05021	0.01689	0.02328	0.01881	0.03214	0.01811	0.01058	0.00689	0.00237	0.00846	0.18152	0.00466	0.00837
1	0.01061	0.00756	0.00921	0.00893	0.01095	0.00676	0.00673	0.01332	0.01865	0.05332	0.39383	0.10997	0.27016	0.01653	0.00862	0.00242	0.00379	0.03435	0.00750	0.00678
2	0.17170	0.33292	0.05771	0.01304	0.01841	0.06227	0.01197	0.07358	0.07110	0.04726	0.03520	0.01619	0.01288	0.00943	0.03701	0.00236	0.00799	0.00515	0.00447	0.00937
3	0.06547	0.02906	0.42941	0.05262	0.21340	0.01711	0.02373	0.04407	0.01608	0.02441	0.01317	0.01606	0.00988	0.00685	0.00686	0.00226	0.00971	0.00566	0.00345	0.01073
4	0.02799	0.01201	0.01553	0.01229	0.01735	0.01073	0.01003	0.05011	0.05711	0.54326	0.03530	0.03160	0.12212	0.01048	0.00751	0.00229	0.00583	0.00857	0.00851	0.01137
5	0.01219	0.00872	0.01111	0.01066	0.01181	0.00963	0.00769	0.06909	0.01351	0.01901	0.02157	0.07304	0.02203	0.29231	0.31377	0.00793	0.03489	0.00929	0.04548	0.00628
6	0.01757	0.07511	0.37304	0.09486	0.10242	0.01867	0.04980	0.13669	0.01873	0.02627	0.01375	0.01635	0.01014	0.00714	0.00696	0.00224	0.00980	0.00585	0.00391	0.01070
7	0.00908	0.00659	0.00820	0.00937	0.01003	0.00611	0.00621	0.01024	0.01380	0.01803	0.04243	0.53381	0.14131	0.13286	0.01343	0.00351	0.00457	0.01832	0.00639	0.00571
8	0.01057	0.00705	0.00793	0.00793	0.00793	0.00705	0.00440	0.01057	0.01057	0.01409	0.02290	0.04757	0.02643	0.74454	0.03700	0.00705	0.00705	0.01057	0.00440	0.00440
9	0.02034	0.01404	0.01980	0.06327	0.07082	0.01447	0.09139	0.17705	0.05392	0.13856	0.02231	0.09550	0.01821	0.01159	0.03729	0.00266	0.00767	0.00852	0.12267	0.00993
10	0.05994	0.05181	0.12164	0.10148	0.05949	0.06781	0.04604	0.09788	0.04818	0.04798	0.09213	0.11040	0.02281	0.01051	0.00743	0.00235	0.00794	0.02976	0.00525	0.00917
11	0.01182	0.00865	0.01107	0.01196	0.01381	0.00854	0.00999	0.04836	0.01702	0.02191	0.04220	0.09460	0.15220	0.07965	0.01187	0.00343	0.00619	0.43352	0.00654	0.00668
12	0.01772	0.01512	0.01707	0.04008	0.01973	0.03331	0.01065	0.12989	0.06700	0.02721	0.01467	0.01650	0.01172	0.00676	0.00687	0.00154	0.04227	0.00516	0.00491	0.51180
13	0.01477	0.09586	0.55867	0.01952	0.02890	0.01712	0.04950	0.02213	0.01568	0.02275	0.04642	0.02000	0.01356	0.00778	0.00700	0.00229	0.01002	0.03433	0.00349	0.01022
14	0.01454	0.01375	0.02328	0.59646	0.17429	0.01636	0.02059	0.01929	0.01492	0.01956	0.01306	0.01911	0.01004	0.00712	0.00725	0.00237	0.00949	0.00646	0.00330	0.00873
15	0.02681	0.06609	0.02137	0.01845	0.02230	0.68513	0.01397	0.02871	0.02034	0.01776	0.01119	0.01304	0.00936	0.00743	0.00647	0.00186	0.01287	0.00465	0.00372	0.00847
16	0.02874	0.01542	0.06829	0.01408	0.01977	0.01318	0.01224	0.15962	0.02260	0.47846	0.02604	0.06944	0.01820	0.00969	0.00740	0.00229	0.00675	0.00789	0.00807	0.01183
17	0.01015	0.00742	0.00953	0.00900	0.01078	0.00680	0.00675	0.01345	0.02025	0.02839	0.64551	0.05555	0.11891	0.01515	0.00857	0.00230	0.00345	0.01332	0.00790	0.00680
18	0.02763	0.02036	0.02182	0.01672	0.02254	0.02254	0.01382	0.67496	0.03418	0.04581	0.01745	0.01745	0.01236	0.00873	0.00727	0.00218	0.00800	0.00654	0.00727	0.01236
19	0.01041	0.00767	0.01111	0.01111	0.01221	0.00877	0.00837	0.01261	0.01151	0.01645	0.02000	0.03147	0.01944	0.16038	0.61160	0.01097	0.01756	0.00822	0.00397	0.00617
20	0.18549	0.01240	0.01481	0.01190	0.01688	0.01179	0.00973	0.03051	0.05052	0.47075	0.06182	0.02568	0.04748	0.00928	0.00686	0.00227	0.00580	0.00731	0.00786	0.01086
21	0.02833	0.01347	0.01688	0.01346	0.01862	0.01298	0.01094	0.08706	0.15618	0.48620	0.05615	0.02588	0.02052	0.00940	0.00738	0.00229	0.00613	0.00768	0.00849	0.01196
22	0.01171	0.00837	0.01171	0.01339	0.01506	0.00837	0.01171	0.01506	0.01673	0.02175	0.03849	0.08199	0.04183	0.02008	0.01004	0.00335	0.00669	0.65027	0.00669	0.00669
23	0.00869	0.00731	0.00753	0.00760	0.00991	0.00616	0.00565	0.01057	0.01661	0.02003	0.10135	0.10604	0.63077	0.01848	0.00863	0.00247	0.00370	0.01553	0.00681	0.00616
24	0.01850	0.01584	0.01622	0.01480	0.01871	0.05520	0.01163	0.03569	0.55975	0.05387	0.02941	0.03159	0.02324	0.01069	0.00760	0.00251	0.00626	0.07039	0.00719	0.01090
25	0.71121	0.01389	0.01109	0.00979	0.01425	0.01590	0.00804	0.04216	0.01348	0.05727	0.01160	0.01310	0.00883	0.00696	0.00471	0.00222	0.00562	0.00426	0.03748	0.00813
26	0.01040	0.00702	0.00817	0.00833	0.00844	0.00705	0.00487	0.01066	0.01094	0.01466	0.02432	0.11110	0.02801	0.64105	0.07003	0.00691	0.00744	0.01137	0.00460	0.00465
27	0.01289	0.00796	0.01050	0.00965	0.01177	0.00727	0.00731	0.01612	0.02024	0.10955	0.57947	0.08832	0.06139	0.01459	0.00846	0.00232	0.00380	0.01286	0.00805	0.00747
28	0.01873	0.01907	0.02425	0.25280	0.19390	0.14644	0.05414	0.08144	0.01779	0.02234	0.01380	0.03785	0.01146	0.00806	0.00856	0.00231	0.06711	0.00665	0.00390	0.00938
29	0.03015	0.01288	0.01802	0.04705	0.07120	0.01169	0.01201	0.03381	0.04444	0.59806	0.02688	0.02408	0.01729	0.00876	0.00730	0.00226	0.00651	0.00724	0.00828	0.01208
30	0.69940	0.01366	0.01152	0.06937	0.01692	0.01588	0.00885	0.02069	0.01261	0.03088	0.01155	0.04140	0.00962	0.00743	0.00492	0.00229	0.00591	0.00481	0.00448	0.00781
31	0.01353	0.01168	0.01875	0.32449	0.13425	0.01306	0.01696	0.01767	0.01576	0.02069	0.02373	0.04537	0.02342	0.01251	0.00842	0.00277	0.00828	0.27589	0.00474	0.00802
32	0.01038	0.00707	0.00817	0.00819	0.00852	0.00693	0.00489	0.01096	0.01227	0.01650	0.11450	0.08552	0.05521	0.58614	0.03084	0.00605	0.00631	0.01160	0.00508	0.00487
33	0.01821	0.49376	0.13584	0.01469	0.02056	0.05414	0.01494	0.02138	0.01455	0.01806	0.01095	0.01352	0.00973	0.00927	0.03882	0.00232	0.09228	0.00460	0.00317	0.00922
34	0.01535	0.05927	0.21386	0.02488	0.21201	0.04164	0.04675	0.02030	0.01622	0.02218	0.02098	0.06918	0.02030	0.01093	0.00785	0.00251	0.00878	0.17314	0.00439	0.00947
35	0.03261	0.01237	0.01687	0.01293	0.01856	0.01068	0.01068	0.03543	0.02081	0.70423	0.02868	0.02474	0.01799	0.00900	0.00731	0.00225	0.00619	0.00731	0.00900	0.01237
36	0.01451	0.03370	0.60086	0.02191	0.08281	0.01616	0.02514	0.02215	0.01542	0.02284	0.01508	0.04954	0.01212	0.00798	0.00713	0.00235	0.01016	0.02628	0.00339	0.01046
37	0.01751	0.06452	0.20239	0.11618	0.19087	0.07974	0.05181	0.06494	0.01718	0.02345	0.01433	0.01817	0.01133	0.02447	0.00753	0.00226	0.00934	0.00611	0.06798	0.00988
38	0.00883	0.00645	0.00831	0.00980	0.01046	0.00593	0.00660	0.01016	0.01423	0.01868	0.04401	0.66103	0.12429	0.02226	0.00920	0.00289	0.00415	0.02004	0.00675	0.00593
39	0.01060	0.00811	0.01210	0.01197	0.01322	0.00961	0.00936	0.01316	0.01166	0.01690	0.01908	0.02806	0.01783	0.05287	0.68840	0.01135	0.04759	0.00773	0.00387	0.00655
40	0.06455	0.01893	0.09997	0.08520	0.02129	0.16343	0.01303	0.04885	0.03923	0.07312	0.05010	0.13347	0.02054	0.01440	0.06765	0.00308	0.00913	0.00858	0.05697	0.00846
41	0.05554	0.07479	0.31128	0.08419	0.05189	0.10199	0.08256	0.10916	0.01842	0.02513	0.01325	0.01581	0.00988	0.00711	0.00686	0.00220	0.01021	0.00572	0.00386	0.01015
42	0.01697	0.01230	0.01479	0.01468	0.04367	0.01314	0.01128	0.02797	0.32074	0.10456	0.06945	0.07398	0.04805	0.01342	0.00826	0.00268	0.00592	0.18123	0.00723	0.00968
43	0.01507	0.01292	0.01507	0.01077	0.01723	0.00969	0.00861	0.01830	0.01507	0.02369	0.01292	0.01507	0.01077	0.00538	0.00538	0.00108	0.00538	0.00431	0.00431	0.78898
44	0.04753	0.00892	0.01148	0.03905	0.01433	0.00868	0.00877	0.01624	0.01783	0.09403	0.29374	0.12160	0.11247	0.01519	0.00889	0.00252	0.02789	0.11011	0.00702	0.03369
45	0.01733	0.02032	0.17935	0.05762	0.26980	0.03219	0.01864	0.08318	0.01878	0.05975	0.12149	0.02523	0.04706	0.00873	0.00740	0.00223	0.00810	0.00760	0.00488	0.01031

[dist]
# distance from previous block
# <min> <max>
0	4

[block]
# block no. 2 follows, 28 sequences, length 27
# corresponding to MSA columns:
# 202-228
name=unknown_C
#
# <colnr> <probs for GDERKNQSTAVLIFYWHMCP>
#	G	D	E	R	K	N	Q	S	T	A	V	L	I	F	Y	W	H	M	C	P
0	0.01187	0.00773	0.01001	0.00927	0.01106	0.00715	0.00684	0.01486	0.01945	0.07423	0.57210	0.05148	0.06025	0.09804	0.01174	0.00283	0.00403	0.01245	0.00766	0.00696
1	0.01742	0.00866	0.00942	0.00845	0.01104	0.00859	0.00658	0.07157	0.01754	0.12648	0.02394	0.02600	0.01804	0.00857	0.00558	0.00181	0.00416	0.00683	0.61131	0.00803
2	0.02763	0.02036	0.02182	0.01672	0.02254	0.02254	0.01382	0.67496	0.03418	0.04581	0.01745	0.01745	0.01236	0.00873	0.00727	0.00218	0.00800	0.00654	0.00727	0.01236
3	0.02715	0.03464	0.02060	0.01873	0.02247	0.71536	0.01404	0.02903	0.02060	0.01779	0.01124	0.01311	0.00936	0.00749	0.00655	0.00187	0.01311	0.00468	0.00375	0.00843
4	0.02086	0.00977	0.01310	0.01094	0.01450	0.00867	0.00867	0.02399	0.02068	0.34870	0.37978	0.04031	0.04464	0.01208	0.00798	0.00227	0.00473	0.01038	0.00847	0.00947
5	0.00913	0.00652	0.00875	0.01043	0.01098	0.00614	0.00722	0.01060	0.01419	0.01886	0.03991	0.67667	0.04748	0.02251	0.00935	0.00299	0.00445	0.08109	0.00674	0.00598
6	0.00899	0.00730	0.00805	0.00853	0.01054	0.00635	0.00644	0.01091	0.01613	0.01969	0.06383	0.18674	0.50961	0.01935	0.00888	0.00264	0.00412	0.08899	0.00674	0.00616
7	0.02673	0.02824	0.02043	0.01747	0.02188	0.43308	0.01357	0.26257	0.02528	0.02835	0.01404	0.01530	0.01086	0.00798	0.00675	0.00198	0.01083	0.00545	0.03942	0.00978
8	0.79588	0.01406	0.01068	0.00956	0.01406	0.01631	0.00787	0.02137	0.01237	0.03261	0.01012	0.01181	0.00787	0.00675	0.00450	0.00225	0.00562	0.00394	0.00450	0.00787
9	0.01032	0.00766	0.01127	0.01135	0.01252	0.00879	0.00866	0.01267	0.01173	0.01678	0.02077	0.06676	0.02027	0.09814	0.63449	0.01092	0.01786	0.00864	0.00408	0.00632
10	0.00984	0.00706	0.00915	0.01036	0.01113	0.00675	0.00709	0.04159	0.01533	0.02057	0.08431	0.65848	0.04782	0.02157	0.00914	0.00287	0.00434	0.01948	0.00686	0.00627
11	0.01718	0.01644	0.02804	0.17435	0.57580	0.01706	0.02191	0.02160	0.01617	0.02276	0.01353	0.01825	0.01117	0.00663	0.00721	0.00221	0.00884	0.00647	0.00353	0.01086
12	0.04148	0.01106	0.01273	0.01135	0.01446	0.05730	0.00896	0.02150	0.01959	0.23440	0.30529	0.07247	0.07233	0.01329	0.00809	0.00238	0.00536	0.07167	0.00768	0.00860
13	0.76712	0.01402	0.01109	0.03595	0.01538	0.01630	0.00833	0.02126	0.01245	0.03210	0.01022	0.01209	0.00794	0.00677	0.00460	0.00226	0.00577	0.00403	0.00445	0.00788
14	0.01682	0.01947	0.14661	0.22584	0.37575	0.01663	0.02206	0.02195	0.01596	0.04999	0.01397	0.01818	0.01087	0.00687	0.00717	0.00226	0.00920	0.00631	0.00362	0.01047
15	0.00948	0.00662	0.00873	0.00995	0.01065	0.00620	0.00689	0.01066	0.01430	0.01897	0.08519	0.52378	0.09400	0.03854	0.01149	0.06960	0.00452	0.05820	0.00647	0.00577
16	0.01790	0.15258	0.31071	0.03963	0.13576	0.13967	0.02024	0.02314	0.01661	0.02143	0.04779	0.01688	0.01273	0.00724	0.00661	0.00208	0.00990	0.00561	0.00354	0.00996
17	0.01507	0.16519	0.50999	0.01812	0.02708	0.01806	0.02226	0.02185	0.01565	0.02231	0.06055	0.01983	0.01454	0.00782	0.00673	0.00220	0.00954	0.02958	0.00355	0.01006
18	0.03120	0.01206	0.01642	0.01269	0.01807	0.01044	0.01044	0.03405	0.02079	0.66144	0.07093	0.02661	0.02120	0.00937	0.00739	0.00225	0.00601	0.00768	0.00893	0.01202
19	0.01233	0.00828	0.01035	0.00973	0.01175	0.00779	0.00724	0.03831	0.03674	0.07417	0.43100	0.14239	0.11750	0.04762	0.00975	0.00260	0.00413	0.01347	0.00759	0.00726
20	0.06912	0.01529	0.06997	0.48938	0.10187	0.01606	0.06466	0.01936	0.01459	0.02041	0.01291	0.01857	0.00991	0.00779	0.00800	0.03448	0.00942	0.00635	0.00337	0.00847
21	0.01056	0.00757	0.00935	0.00881	0.01084	0.00680	0.00664	0.01357	0.01957	0.04796	0.51735	0.05732	0.22556	0.01557	0.00854	0.00233	0.00358	0.01352	0.00772	0.00685
22	0.01112	0.00754	0.00864	0.00848	0.00876	0.00770	0.00504	0.03258	0.01142	0.01533	0.02249	0.04527	0.02539	0.67271	0.08288	0.00721	0.00794	0.01025	0.00446	0.00481
23	0.01610	0.14757	0.46636	0.01919	0.02793	0.06644	0.06026	0.02259	0.01581	0.02159	0.01516	0.01913	0.02768	0.00765	0.00680	0.00221	0.01017	0.03392	0.00341	0.01001
24	0.60875	0.01679	0.01265	0.01119	0.01558	0.10887	0.00901	0.05227	0.01499	0.05084	0.03535	0.01412	0.01072	0.00729	0.00512	0.00220	0.00666	0.00458	0.00478	0.00825
25	0.01190	0.00863	0.01179	0.01318	0.01496	0.00870	0.01140	0.01601	0.04643	0.02260	0.07973	0.07782	0.04267	0.01930	0.00983	0.00324	0.00645	0.58164	0.00681	0.00692
26	0.13246	0.01088	0.04394	0.01066	0.01382	0.00975	0.00888	0.03643	0.01930	0.11428	0.42319	0.04276	0.04733	0.01263	0.00776	0.00233	0.00475	0.04358	0.00728	0.00803

[dist]
# distance from previous block
# <min> <max>
0	2

[block]
# block no. 3 follows, 28 sequences, length 32
# corresponding to MSA columns:
# 231-262
name=unknown_D
#
# <colnr> <probs for GDERKNQSTAVLIFYWHMCP>
#	G	D	E	R	K	N	Q	S	T	A	V	L	I	F	Y	W	H	M	C	P
0	0.01430	0.07471	0.35805	0.14016	0.05882	0.01591	0.05563	0.02053	0.01623	0.02298	0.13249	0.02295	0.01990	0.00825	0.00721	0.00227	0.00907	0.00704	0.00402	0.00949
1	0.01718	0.01642	0.02637	0.27249	0.43600	0.03697	0.02104	0.04581	0.01665	0.02267	0.01349	0.01830	0.01087	0.00686	0.00720	0.00224	0.00909	0.00642	0.00362	0.01030
2	0.02015	0.47944	0.15172	0.01516	0.02167	0.16591	0.01529	0.02346	0.01605	0.01828	0.01085	0.01260	0.00931	0.00660	0.00544	0.00175	0.00938	0.00431	0.00323	0.00939
3	0.00997	0.00737	0.00930	0.00892	0.01069	0.00671	0.00665	0.01306	0.01967	0.02722	0.57127	0.08793	0.16276	0.01576	0.00861	0.00234	0.00350	0.01382	0.00775	0.00671
4	0.01007	0.00742	0.00942	0.00892	0.01073	0.00677	0.00669	0.01330	0.02007	0.02794	0.61616	0.05629	0.14854	0.01531	0.00858	0.00231	0.00346	0.01343	0.00784	0.00677
5	0.02759	0.01955	0.02121	0.01635	0.02208	0.02145	0.01348	0.59873	0.06187	0.09477	0.01883	0.01843	0.01322	0.00880	0.00728	0.00220	0.00776	0.00668	0.00741	0.01232
6	0.01394	0.00839	0.01227	0.01100	0.01244	0.00849	0.05993	0.05042	0.01315	0.01945	0.01643	0.02336	0.01442	0.02014	0.06186	0.42464	0.00692	0.00672	0.21066	0.00537
7	0.05680	0.01977	0.02099	0.01630	0.02195	0.02197	0.01342	0.60292	0.08109	0.04417	0.01806	0.01794	0.01291	0.00873	0.00717	0.00220	0.00774	0.00657	0.00717	0.01212
8	0.02628	0.01594	0.01816	0.01430	0.01931	0.01667	0.01166	0.39195	0.02754	0.22037	0.04687	0.05768	0.01823	0.00971	0.00725	0.00220	0.00678	0.00772	0.06998	0.01139
9	0.01164	0.00832	0.01161	0.01316	0.01483	0.00829	0.01145	0.01499	0.01694	0.02215	0.07378	0.08051	0.04327	0.01980	0.00996	0.00329	0.00652	0.61604	0.00676	0.00670
10	0.00971	0.00731	0.00897	0.00876	0.01055	0.00658	0.00649	0.01252	0.01891	0.02566	0.47074	0.12040	0.23372	0.01652	0.00864	0.00239	0.00357	0.01441	0.00756	0.00658
11	0.06148	0.66376	0.03546	0.01249	0.01842	0.02731	0.01224	0.02207	0.01473	0.04058	0.01070	0.01222	0.00954	0.00653	0.00530	0.00166	0.02874	0.00407	0.00338	0.00931
12	0.79588	0.01406	0.01068	0.00956	0.01406	0.01631	0.00787	0.02137	0.01237	0.03261	0.01012	0.01181	0.00787	0.00675	0.00450	0.00225	0.00562	0.00394	0.00450	0.00787
13	0.01016	0.00754	0.01105	0.01130	0.01242	0.00853	0.00855	0.01246	0.01197	0.01701	0.02267	0.13510	0.02295	0.07710	0.58379	0.01020	0.01671	0.00981	0.00434	0.00632
14	0.01498	0.00815	0.00830	0.00778	0.00990	0.00837	0.00597	0.08366	0.01716	0.02900	0.02308	0.02612	0.01800	0.00849	0.00530	0.00174	0.00386	0.00675	0.70604	0.00734
15	0.01717	0.01643	0.02801	0.17673	0.57353	0.01705	0.02190	0.02159	0.01616	0.02275	0.01353	0.01826	0.01116	0.00663	0.00721	0.00221	0.00884	0.00647	0.00353	0.01085
16	0.01917	0.10353	0.05058	0.01878	0.11044	0.16904	0.01391	0.08339	0.01924	0.05445	0.07187	0.07351	0.02388	0.01147	0.00759	0.00235	0.00838	0.14411	0.00531	0.00897
17	0.72385	0.01482	0.04239	0.01005	0.01470	0.01590	0.00869	0.02109	0.01289	0.03202	0.04200	0.01394	0.01075	0.00713	0.00480	0.00225	0.00575	0.00443	0.00460	0.00796
18	0.05150	0.04863	0.06300	0.42431	0.23380	0.01709	0.02026	0.02018	0.01507	0.02091	0.01289	0.01805	0.01009	0.00695	0.00698	0.00229	0.00917	0.00617	0.00338	0.00927
19	0.00927	0.00724	0.00840	0.00843	0.01031	0.00637	0.00620	0.01162	0.01769	0.02304	0.30172	0.16116	0.36714	0.01771	0.00868	0.00246	0.00366	0.01529	0.00722	0.00637
20	0.13019	0.01190	0.04353	0.01259	0.05290	0.01093	0.00960	0.04809	0.05396	0.11001	0.20631	0.05806	0.15964	0.03394	0.00844	0.00249	0.00530	0.02706	0.00666	0.00838
21	0.01868	0.21623	0.30026	0.01906	0.08752	0.05032	0.01877	0.02371	0.01598	0.09518	0.01440	0.01620	0.01093	0.00723	0.00689	0.00207	0.03517	0.00538	0.04581	0.01020
22	0.06116	0.01270	0.01680	0.01293	0.01852	0.01129	0.01068	0.05642	0.02094	0.65681	0.02760	0.02401	0.01742	0.00890	0.00720	0.00225	0.00623	0.00716	0.00877	0.01220
23	0.04734	0.01341	0.02194	0.56927	0.14295	0.01595	0.01944	0.01894	0.01482	0.01997	0.01515	0.02072	0.03520	0.00754	0.00719	0.00238	0.00914	0.00668	0.00347	0.00850
24	0.04179	0.02875	0.34084	0.08902	0.13031	0.11012	0.02151	0.08359	0.04252	0.02467	0.01381	0.01634	0.01035	0.00722	0.00691	0.00223	0.01005	0.00572	0.00384	0.01039
25	0.00883	0.00641	0.00835	0.00989	0.01048	0.00592	0.00665	0.01015	0.01414	0.01865	0.04287	0.68380	0.10226	0.02241	0.00922	0.00291	0.00417	0.02022	0.00675	0.00592
26	0.01057	0.00705	0.00793	0.00793	0.00793	0.00705	0.00440	0.01057	0.01057	0.01409	0.02290	0.04757	0.02643	0.74454	0.03700	0.00705	0.00705	0.01057	0.00440	0.00440
27	0.01982	0.67071	0.06112	0.01320	0.01940	0.07865	0.01308	0.02234	0.01522	0.01737	0.01030	0.01190	0.00933	0.00634	0.00488	0.00161	0.00827	0.00400	0.00315	0.00931
28	0.08000	0.01416	0.04612	0.23960	0.14197	0.01461	0.01588	0.04179	0.07837	0.07717	0.05030	0.03023	0.04911	0.00976	0.00746	0.00244	0.00766	0.07906	0.00510	0.00923
29	0.01154	0.00831	0.01147	0.01305	0.01476	0.00824	0.01136	0.01480	0.01672	0.02163	0.04048	0.08131	0.07885	0.01999	0.00996	0.00330	0.00652	0.61435	0.00670	0.00666
30	0.01565	0.01334	0.03188	0.01637	0.12005	0.01123	0.01118	0.02033	0.06503	0.05465	0.07932	0.04827	0.01905	0.00955	0.03448	0.00202	0.00639	0.00665	0.00503	0.42953
31	0.01572	0.13035	0.51454	0.01930	0.02852	0.01826	0.05216	0.05158	0.01639	0.02340	0.03366	0.01830	0.01218	0.00749	0.00684	0.00223	0.00995	0.02523	0.00355	0.01035

[dist]
# distance from previous block
# <min> <max>
0	1

[block]
# block no. 4 follows, 28 sequences, length 31
# corresponding to MSA columns:
# 264-294
name=unknown_E
#
# <colnr> <probs for GDERKNQSTAVLIFYWHMCP>
#	G	D	E	R	K	N	Q	S	T	A	V	L	I	F	Y	W	H	M	C	P
0	0.01461	0.01382	0.02340	0.58520	0.18501	0.01638	0.02063	0.01935	0.01495	0.01965	0.01308	0.01909	0.01007	0.00710	0.00725	0.00237	0.00947	0.00646	0.00331	0.00879
1	0.02677	0.03385	0.02042	0.01856	0.02232	0.68612	0.01394	0.02943	0.04850	0.01832	0.01201	0.01370	0.00990	0.00759	0.00659	0.00190	0.01280	0.00483	0.00390	0.00856
2	0.01109	0.01184	0.09862	0.01162	0.01480	0.00868	0.04408	0.01520	0.01953	0.02756	0.54078	0.04845	0.09206	0.01360	0.00837	0.00231	0.00482	0.01205	0.00709	0.00746
3	0.01007	0.00740	0.00930	0.00883	0.01056	0.00677	0.00654	0.01310	0.01950	0.02704	0.57376	0.05612	0.15368	0.05347	0.01006	0.00256	0.00365	0.01332	0.00764	0.00663
4	0.02080	0.01599	0.01725	0.01490	0.01939	0.01803	0.01176	0.12967	0.53068	0.09522	0.02776	0.02551	0.02039	0.00962	0.00737	0.00240	0.00612	0.00789	0.00753	0.01171
5	0.01251	0.00639	0.00958	0.00958	0.00965	0.00645	0.00645	0.00965	0.00958	0.01284	0.01297	0.02242	0.01290	0.02672	0.06292	0.74950	0.00697	0.00639	0.00319	0.00332
6	0.11674	0.01570	0.01606	0.01402	0.01832	0.01797	0.01108	0.13539	0.46416	0.03293	0.02493	0.02368	0.01867	0.00922	0.00689	0.00235	0.00597	0.00734	0.04763	0.01094
7	0.02953	0.01321	0.01692	0.01331	0.01861	0.01238	0.01088	0.08515	0.10469	0.54181	0.05441	0.02564	0.02009	0.00932	0.00737	0.00227	0.00616	0.00759	0.00862	0.01204
8	0.01154	0.00831	0.01148	0.01306	0.01478	0.00825	0.01138	0.01481	0.01672	0.02164	0.04039	0.08134	0.07719	0.01999	0.00996	0.00330	0.00653	0.61596	0.00670	0.00666
9	0.00867	0.00737	0.00747	0.00744	0.00987	0.00617	0.00558	0.01058	0.01675	0.02006	0.10155	0.06925	0.66807	0.01825	0.00859	0.00245	0.00367	0.01524	0.00681	0.00617
10	0.02057	0.59216	0.03445	0.01371	0.01932	0.10419	0.01287	0.05883	0.01632	0.01880	0.01061	0.01236	0.00951	0.00683	0.00599	0.00171	0.04480	0.00425	0.00342	0.00933
11	0.79588	0.01406	0.01068	0.00956	0.01406	0.01631	0.00787	0.02137	0.01237	0.03261	0.01012	0.01181	0.00787	0.00675	0.00450	0.00225	0.00562	0.00394	0.00450	0.00787
12	0.01064	0.00816	0.01216	0.01202	0.01326	0.00969	0.00940	0.01319	0.01166	0.01690	0.01902	0.02798	0.01778	0.05262	0.68428	0.01130	0.05182	0.00772	0.00386	0.00656
13	0.01132	0.00803	0.01098	0.01247	0.01383	0.00799	0.01043	0.01410	0.01577	0.02059	0.03686	0.13847	0.04065	0.10272	0.01304	0.00373	0.00651	0.51971	0.00644	0.00636
14	0.07264	0.01885	0.05219	0.07747	0.54011	0.06896	0.02074	0.02256	0.01640	0.02361	0.01318	0.01718	0.01091	0.00663	0.00695	0.00216	0.00889	0.00612	0.00363	0.01081
15	0.03706	0.05365	0.01601	0.01562	0.08835	0.07568	0.01124	0.02067	0.01813	0.15164	0.14590	0.07969	0.08372	0.01337	0.00806	0.00248	0.00651	0.15716	0.00651	0.00856
16	0.48407	0.04873	0.07585	0.01276	0.05270	0.01609	0.01061	0.04532	0.04794	0.03025	0.01352	0.01534	0.01048	0.00717	0.00519	0.00216	0.00616	0.00486	0.10222	0.00860
17	0.01641	0.05050	0.01367	0.01157	0.01375	0.12564	0.00877	0.08428	0.01657	0.02241	0.02050	0.05579	0.01934	0.16815	0.07986	0.00400	0.03478	0.03464	0.21215	0.00723
18	0.01043	0.00704	0.00820	0.00830	0.00845	0.00705	0.00488	0.01076	0.01121	0.01507	0.04714	0.09829	0.02911	0.63454	0.06482	0.00679	0.00728	0.01128	0.00468	0.00469
19	0.01479	0.03009	0.48033	0.05206	0.13065	0.01622	0.06945	0.02182	0.01571	0.02272	0.01774	0.02025	0.06067	0.00766	0.00721	0.00231	0.00997	0.00654	0.00347	0.01034
20	0.01894	0.44044	0.17099	0.01461	0.02117	0.06707	0.01522	0.04625	0.01652	0.04378	0.04403	0.01806	0.01377	0.00760	0.00584	0.00188	0.00843	0.03198	0.00387	0.00956
21	0.79588	0.01406	0.01068	0.00956	0.01406	0.01631	0.00787	0.02137	0.01237	0.03261	0.01012	0.01181	0.00787	0.00675	0.00450	0.00225	0.00562	0.00394	0.00450	0.00787
22	0.01067	0.00701	0.00800	0.00800	0.00800	0.00701	0.00450	0.01052	0.01052	0.01402	0.02241	0.04635	0.02576	0.71000	0.03659	0.04457	0.00701	0.01037	0.00434	0.00434
23	0.22014	0.13877	0.13964	0.01439	0.02027	0.01828	0.04762	0.14794	0.01834	0.04568	0.01745	0.05775	0.03964	0.00852	0.00622	0.00217	0.00745	0.00650	0.03376	0.00947
24	0.00902	0.00644	0.00862	0.01030	0.01080	0.00604	0.00702	0.01040	0.01407	0.01873	0.03998	0.70306	0.04773	0.02262	0.00932	0.00297	0.00436	0.05582	0.00674	0.00595
25	0.01057	0.00705	0.00793	0.00793	0.00793	0.00705	0.00440	0.01057	0.01057	0.01409	0.02290	0.04757	0.02643	0.74454	0.03700	0.00705	0.00705	0.01057	0.00440	0.00440
26	0.01114	0.00831	0.01054	0.03717	0.01348	0.00841	0.00810	0.06193	0.06273	0.02194	0.06965	0.57551	0.04324	0.01986	0.00889	0.00281	0.00477	0.01785	0.00677	0.00690
27	0.02045	0.15327	0.02690	0.20354	0.05342	0.04835	0.08296	0.19310	0.03626	0.05472	0.01460	0.01740	0.01114	0.00773	0.00773	0.00220	0.04534	0.00622	0.00468	0.00999
28	0.01166	0.00833	0.01164	0.01323	0.01490	0.00831	0.01153	0.01501	0.01688	0.02203	0.06336	0.08095	0.04285	0.01988	0.00998	0.00331	0.00657	0.62614	0.00674	0.00670
29	0.01373	0.01292	0.02180	0.72707	0.05006	0.01615	0.02019	0.01857	0.01453	0.01857	0.01292	0.01938	0.00969	0.00727	0.00727	0.00242	0.00969	0.00646	0.00323	0.00807
30	0.01549	0.01448	0.02375	0.41955	0.16869	0.01697	0.04913	0.05073	0.01576	0.02116	0.01441	0.02206	0.01195	0.00837	0.00913	0.00249	0.08191	0.04134	0.00370	0.00894

[dist]
# distance from previous block
# <min> <max>
1	3

[block]
# block no. 5 follows, 28 sequences, length 131
# corresponding to MSA columns:
# 298-428
name=unknown_F
#
# <colnr> <probs for GDERKNQSTAVLIFYWHMCP>
#	G	D	E	R	K	N	Q	S	T	A	V	L	I	F	Y	W	H	M	C	P
0	0.03475	0.00769	0.00966	0.00926	0.01113	0.00718	0.00707	0.01375	0.01972	0.02795	0.57783	0.05609	0.12077	0.01525	0.00854	0.00237	0.00372	0.05275	0.00770	0.00682
1	0.10624	0.07723	0.16248	0.23081	0.13290	0.01668	0.01825	0.03802	0.01565	0.06743	0.01530	0.06063	0.01256	0.00802	0.00678	0.00228	0.00852	0.00666	0.00408	0.00948
2	0.00999	0.00724	0.00935	0.00919	0.01066	0.00668	0.00670	0.01289	0.01898	0.02652	0.53999	0.16587	0.09008	0.04137	0.00967	0.00256	0.00369	0.01437	0.00762	0.00659
3	0.02401	0.03375	0.14327	0.01858	0.02348	0.55283	0.01597	0.02715	0.01965	0.01932	0.04737	0.01567	0.01244	0.00777	0.00672	0.00197	0.01218	0.00525	0.00385	0.00876
4	0.02321	0.01644	0.01837	0.01388	0.01973	0.01629	0.01135	0.35835	0.02549	0.10227	0.01727	0.01776	0.01263	0.00759	0.00653	0.00179	0.00673	0.00586	0.03943	0.27904
5	0.01838	0.01817	0.01588	0.01479	0.01829	0.17385	0.01146	0.03068	0.38656	0.02534	0.03019	0.05916	0.07482	0.01156	0.00765	0.00244	0.00731	0.07739	0.00642	0.00967
6	0.01638	0.01413	0.01481	0.01346	0.01727	0.01594	0.01043	0.03356	0.56583	0.02847	0.03750	0.03481	0.14324	0.01140	0.00761	0.00246	0.00538	0.00950	0.00728	0.01054
7	0.00945	0.00676	0.00909	0.01059	0.01133	0.00640	0.00759	0.01124	0.01492	0.01994	0.09206	0.57434	0.04866	0.02169	0.00935	0.00297	0.00457	0.12610	0.00684	0.00611
8	0.02123	0.01541	0.01690	0.01462	0.01911	0.01715	0.01153	0.08422	0.52646	0.14531	0.02855	0.02602	0.02077	0.00963	0.00737	0.00241	0.00599	0.00794	0.00766	0.01171
9	0.00996	0.00786	0.00904	0.00866	0.01084	0.00717	0.00652	0.01364	0.05622	0.02494	0.37840	0.05981	0.34814	0.01617	0.00852	0.00237	0.00367	0.01386	0.00741	0.00680
10	0.01106	0.00783	0.01032	0.01135	0.01302	0.00745	0.00925	0.01377	0.01669	0.03902	0.11362	0.19865	0.15015	0.01948	0.00944	0.00299	0.00539	0.34698	0.00691	0.00662
11	0.00989	0.00690	0.00806	0.00850	0.00892	0.00664	0.00523	0.01053	0.01238	0.01631	0.05226	0.23771	0.10221	0.45325	0.02575	0.00533	0.00583	0.01387	0.00538	0.00506
12	0.01561	0.07226	0.49419	0.04536	0.18507	0.01762	0.02481	0.02266	0.01557	0.02273	0.01302	0.01586	0.00976	0.00678	0.00686	0.00223	0.01006	0.00557	0.00320	0.01077
13	0.10741	0.01332	0.01674	0.01297	0.01850	0.01240	0.01071	0.09679	0.02129	0.57338	0.02575	0.02275	0.01644	0.00875	0.00703	0.00224	0.00631	0.00690	0.00838	0.01193
14	0.01355	0.00678	0.00678	0.00678	0.00847	0.00678	0.00508	0.01694	0.01524	0.02710	0.02371	0.02710	0.01863	0.00847	0.00508	0.00169	0.00339	0.00678	0.78489	0.00678
15	0.58725	0.01405	0.01340	0.13099	0.02075	0.01624	0.01037	0.05049	0.01417	0.06862	0.01196	0.01406	0.00895	0.00705	0.00525	0.00228	0.00644	0.00467	0.00466	0.00836
16	0.05291	0.15363	0.05479	0.23723	0.06808	0.12827	0.01657	0.09350	0.01740	0.02217	0.01223	0.01585	0.00986	0.00773	0.00818	0.00220	0.08094	0.00556	0.00380	0.00912
