[name]
unknown

[dist]
# distance from previous block
# <min> <max>
0	0

[block]
# block no. 0 follows, 29 sequences, length 6
# corresponding to MSA columns:
# 0-5
name=unknown_A
#
# <colnr> <probs for GDERKNQSTAVLIFYWHMCP>
#	G	D	E	R	K	N	Q	S	T	A	V	L	I	F	Y	W	H	M	C	P
0	0.01147	0.00820	0.01147	0.01311	0.01475	0.00820	0.01147	0.01475	0.01639	0.02131	0.03770	0.08032	0.04098	0.01967	0.00984	0.00328	0.00656	0.65741	0.00656	0.00656
1	0.03195	0.01212	0.01652	0.01267	0.01818	0.01047	0.01047	0.03470	0.02038	0.71026	0.02809	0.02424	0.01763	0.00881	0.00716	0.00220	0.00606	0.00716	0.00881	0.01212
2	0.01762	0.01692	0.02890	0.04371	0.70533	0.01692	0.02185	0.02185	0.01621	0.02326	0.01339	0.01762	0.01128	0.00634	0.00705	0.00211	0.00846	0.00634	0.00352	0.01128
3	0.02368	0.01238	0.01568	0.01165	0.01755	0.01000	0.00949	0.02663	0.01768	0.37953	0.02066	0.01968	0.01422	0.00711	0.00625	0.00165	0.00568	0.00574	0.00660	0.38815
4	0.01402	0.01324	0.02240	0.63765	0.13953	0.01597	0.02006	0.01870	0.01451	0.01889	0.01276	0.01880	0.00974	0.00701	0.00711	0.00234	0.00935	0.00633	0.00321	0.00837
5	0.01886	0.01927	0.02770	0.04021	0.61112	0.11402	0.02074	0.02276	0.01676	0.02246	0.01306	0.01696	0.01099	0.00648	0.00696	0.00208	0.00906	0.00610	0.00354	0.01086

[dist]
# distance from previous block
# <min> <max>
10	23

[block]
# block no. 1 follows, 29 sequences, length 66
# corresponding to MSA columns:
# 29-94
name=unknown_B
#
# <colnr> <probs for GDERKNQSTAVLIFYWHMCP>
#	G	D	E	R	K	N	Q	S	T	A	V	L	I	F	Y	W	H	M	C	P
0	0.05626	0.01833	0.01969	0.01537	0.02083	0.02002	0.01260	0.50682	0.11177	0.07784	0.01864	0.01831	0.01334	0.00845	0.00694	0.00212	0.00724	0.00644	0.00697	0.05203
1	0.51902	0.02127	0.24029	0.03528	0.02043	0.01615	0.01416	0.02138	0.01314	0.02845	0.01094	0.01293	0.00819	0.00668	0.00526	0.00223	0.00727	0.00439	0.00391	0.00864
2	0.03074	0.01216	0.01640	0.01252	0.01809	0.01040	0.01032	0.03352	0.01999	0.66200	0.02701	0.02357	0.01713	0.00856	0.00703	0.00212	0.00600	0.00695	0.00849	0.06699
3	0.01095	0.00860	0.01226	0.01455	0.12021	0.00813	0.00904	0.01399	0.01818	0.02545	0.44645	0.17587	0.07913	0.01483	0.00831	0.00235	0.00432	0.01329	0.00688	0.00724
4	0.00987	0.00727	0.00924	0.00874	0.01051	0.00663	0.00656	0.01304	0.01968	0.02741	0.62444	0.05507	0.14504	0.01498	0.00840	0.00226	0.00339	0.01314	0.00769	0.00663
5	0.01295	0.01188	0.01922	0.46242	0.09074	0.01429	0.01678	0.01664	0.01398	0.01850	0.01808	0.17297	0.01762	0.01075	0.00893	0.00253	0.07081	0.00928	0.00392	0.00772
6	0.01558	0.01558	0.02181	0.01869	0.01869	0.02181	0.01558	0.01714	0.01091	0.01714	0.00935	0.01558	0.00935	0.01246	0.02337	0.00312	0.73672	0.00623	0.00312	0.00779
7	0.01681	0.01921	0.04202	0.03001	0.03721	0.01801	0.67947	0.02281	0.01681	0.02281	0.01441	0.01921	0.01080	0.00600	0.00840	0.00240	0.01200	0.00840	0.00360	0.00960
8	0.01748	0.01678	0.02865	0.06668	0.68345	0.01688	0.02178	0.02173	0.01615	0.02309	0.01337	0.01767	0.01122	0.00637	0.00705	0.00212	0.00849	0.00634	0.00351	0.01117
9	0.00868	0.00620	0.00826	0.00991	0.01033	0.00578	0.00661	0.00991	0.01363	0.01818	0.03925	0.74510	0.04710	0.02231	0.00909	0.00289	0.00413	0.02024	0.00661	0.00578
10	0.01375	0.00684	0.00704	0.00690	0.00860	0.00678	0.00513	0.01686	0.01487	0.04915	0.02335	0.02758	0.01865	0.04925	0.00678	0.00197	0.00361	0.00686	0.71934	0.00670
11	0.00868	0.00620	0.00826	0.00991	0.01033	0.00578	0.00661	0.00991	0.01363	0.01818	0.03925	0.74510	0.04710	0.02231	0.00909	0.00289	0.00413	0.02024	0.00661	0.00578
12	0.02674	0.01978	0.02118	0.01632	0.02196	0.02193	0.01345	0.65892	0.05668	0.04435	0.01751	0.01743	0.01245	0.00859	0.00713	0.00215	0.00776	0.00647	0.00713	0.01208
13	0.00850	0.00722	0.00733	0.00730	0.00967	0.00605	0.00548	0.01038	0.01643	0.01972	0.10453	0.06774	0.66975	0.01785	0.00841	0.00240	0.00359	0.01492	0.00668	0.00605
14	0.01885	0.72525	0.06442	0.01251	0.01878	0.02771	0.01275	0.02137	0.01449	0.01699	0.01002	0.01157	0.00913	0.00612	0.00466	0.00155	0.00773	0.00387	0.00304	0.00919
15	0.01046	0.00795	0.00953	0.01017	0.01184	0.00768	0.00795	0.01363	0.05787	0.01972	0.04596	0.12664	0.25087	0.13399	0.01332	0.00348	0.00539	0.25103	0.00627	0.00626
16	0.01944	0.41206	0.10323	0.01820	0.10564	0.10535	0.03753	0.02273	0.01573	0.04448	0.01173	0.01365	0.00984	0.00640	0.00559	0.00174	0.00861	0.00467	0.00347	0.04992
17	0.01823	0.01882	0.02497	0.05975	0.48740	0.14493	0.01877	0.02174	0.01661	0.02151	0.01552	0.08972	0.01442	0.00815	0.00714	0.00215	0.00887	0.00741	0.00385	0.01006
18	0.01352	0.01275	0.02137	0.70900	0.04804	0.01602	0.01964	0.01816	0.01413	0.01816	0.01255	0.01887	0.00949	0.00730	0.00766	0.00240	0.03357	0.00632	0.00316	0.00791
19	0.01387	0.01367	0.02484	0.48683	0.04192	0.01567	0.16509	0.01847	0.01463	0.01918	0.01520	0.08135	0.01301	0.00838	0.00820	0.00245	0.03761	0.00798	0.00356	0.00810
20	0.00863	0.00722	0.00751	0.00743	0.00975	0.00610	0.00558	0.01063	0.01673	0.02042	0.15179	0.06659	0.62205	0.01759	0.00841	0.00238	0.00358	0.01476	0.00677	0.00610
21	0.01098	0.00878	0.01284	0.01238	0.01342	0.01074	0.00972	0.01328	0.01132	0.01652	0.01776	0.02682	0.01685	0.07286	0.59325	0.01005	0.12468	0.00752	0.00373	0.00649
22	0.80005	0.01377	0.01047	0.00936	0.01377	0.01597	0.00771	0.02093	0.01212	0.03195	0.00991	0.01157	0.00771	0.00661	0.00441	0.00220	0.00551	0.00386	0.00441	0.00771
23	0.01055	0.00815	0.01201	0.01180	0.01293	0.00971	0.00918	0.01292	0.01136	0.01646	0.01854	0.02787	0.01755	0.07881	0.64555	0.01068	0.06812	0.00764	0.00379	0.00637
24	0.01771	0.01530	0.01610	0.01449	0.01852	0.01771	0.01127	0.03784	0.69247	0.02979	0.02898	0.02657	0.02174	0.00966	0.00725	0.00242	0.00564	0.00805	0.00725	0.01127
25	0.01428	0.03683	0.71286	0.02030	0.03082	0.01654	0.02631	0.02255	0.01503	0.02255	0.01278	0.01503	0.00902	0.00677	0.00677	0.00226	0.01052	0.00526	0.00301	0.01052
26	0.00868	0.00620	0.00826	0.00991	0.01033	0.00578	0.00661	0.00991	0.01363	0.01818	0.03925	0.74510	0.04710	0.02231	0.00909	0.00289	0.00413	0.02024	0.00661	0.00578
27	0.01569	0.18251	0.47379	0.02100	0.07609	0.01908	0.07294	0.02227	0.01513	0.02142	0.01235	0.01479	0.00934	0.00654	0.00646	0.00210	0.00989	0.00528	0.00310	0.01022
28	0.00897	0.00719	0.00801	0.00789	0.00998	0.00623	0.00588	0.01125	0.01740	0.02223	0.27563	0.09069	0.46943	0.01707	0.00844	0.00237	0.00355	0.01454	0.00701	0.00623
29	0.02338	0.01398	0.05947	0.01287	0.01765	0.01230	0.01103	0.15177	0.04727	0.32880	0.18990	0.03070	0.04814	0.01033	0.00747	0.00222	0.00594	0.00855	0.00776	0.01050
30	0.01040	0.00764	0.00987	0.00907	0.01106	0.00691	0.00684	0.01374	0.01979	0.02819	0.65488	0.05059	0.06335	0.01393	0.00819	0.00216	0.00349	0.01229	0.00759	0.06003
31	0.01477	0.01266	0.01477	0.01055	0.01687	0.00949	0.00844	0.01793	0.01477	0.02320	0.01266	0.01477	0.01055	0.00527	0.00527	0.00105	0.00527	0.00422	0.00422	0.79328
32	0.01720	0.47663	0.29861	0.01532	0.02313	0.02367	0.01765	0.02180	0.01469	0.01900	0.01101	0.01282	0.00909	0.00635	0.00542	0.00181	0.00874	0.00437	0.00303	0.00967
33	0.01438	0.01518	0.01151	0.01074	0.01367	0.20138	0.00813	0.05194	0.01825	0.02015	0.05250	0.05057	0.47610	0.01461	0.00780	0.00223	0.00635	0.01172	0.00584	0.00696
34	0.80005	0.01377	0.01047	0.00936	0.01377	0.01597	0.00771	0.02093	0.01212	0.03195	0.00991	0.01157	0.00771	0.00661	0.00441	0.00220	0.00551	0.00386	0.00441	0.00771
35	0.00857	0.00719	0.00726	0.00726	0.00947	0.00608	0.00532	0.01023	0.01577	0.01881	0.06823	0.06680	0.64923	0.07559	0.01060	0.00276	0.00387	0.01466	0.00643	0.00588
36	0.00977	0.00711	0.00920	0.00901	0.01053	0.00654	0.00663	0.01273	0.01895	0.02647	0.56631	0.15933	0.09892	0.01593	0.00850	0.00235	0.00349	0.01412	0.00758	0.00654
37	0.80005	0.01377	0.01047	0.00936	0.01377	0.01597	0.00771	0.02093	0.01212	0.03195	0.00991	0.01157	0.00771	0.00661	0.00441	0.00220	0.00551	0.00386	0.00441	0.00771
38	0.00868	0.00620	0.00826	0.00991	0.01033	0.00578	0.00661	0.00991	0.01363	0.01818	0.03925	0.74510	0.04710	0.02231	0.00909	0.00289	0.00413	0.02024	0.00661	0.00578
39	0.01558	0.01558	0.02181	0.01869	0.01869	0.02181	0.01558	0.01714	0.01091	0.01714	0.00935	0.01558	0.00935	0.01246	0.02337	0.00312	0.73672	0.00623	0.00312	0.00779
40	0.03195	0.01212	0.01652	0.01267	0.01818	0.01047	0.01047	0.03470	0.02038	0.71026	0.02809	0.02424	0.01763	0.00881	0.00716	0.00220	0.00606	0.00716	0.00881	0.01212
41	0.01558	0.23188	0.52914	0.01809	0.02741	0.01970	0.02247	0.02222	0.01488	0.02097	0.01200	0.01405	0.00905	0.00658	0.00617	0.00206	0.00973	0.00487	0.00302	0.01015
42	0.02660	0.03394	0.02018	0.01834	0.02201	0.72116	0.01376	0.02843	0.02018	0.01743	0.01101	0.01284	0.00917	0.00734	0.00642	0.00183	0.01284	0.00459	0.00367	0.00825
43	0.00868	0.00620	0.00826	0.00991	0.01033	0.00578	0.00661	0.00991	0.01363	0.01818	0.03925	0.74510	0.04710	0.02231	0.00909	0.00289	0.00413	0.02024	0.00661	0.00578
44	0.46367	0.01266	0.04867	0.00999	0.01372	0.01263	0.00857	0.01829	0.01510	0.02986	0.23814	0.02839	0.02874	0.00979	0.00608	0.00226	0.00512	0.03527	0.00555	0.00749
45	0.00842	0.00721	0.00721	0.00721	0.00962	0.00601	0.00541	0.01022	0.01623	0.01924	0.07213	0.06853	0.70244	0.01803	0.00842	0.00240	0.00361	0.01503	0.00661	0.00601
46	0.04290	0.14306	0.52135	0.01806	0.02703	0.01814	0.02205	0.05571	0.01574	0.02297	0.01354	0.04407	0.01070	0.00738	0.00646	0.00216	0.00951	0.00566	0.00342	0.01010
47	0.02488	0.02068	0.02095	0.08500	0.04916	0.12090	0.01416	0.47768	0.02847	0.03698	0.01589	0.01702	0.01163	0.00815	0.00694	0.00210	0.00857	0.00615	0.03376	0.01094
48	0.01008	0.00728	0.00952	0.00896	0.01064	0.00672	0.00672	0.01344	0.02016	0.02855	0.70158	0.05319	0.06719	0.01456	0.00840	0.00224	0.00336	0.01288	0.00784	0.00672
49	0.01421	0.01079	0.01235	0.01189	0.01401	0.01160	0.00867	0.11300	0.20820	0.02450	0.03005	0.33044	0.03094	0.08579	0.01194	0.04869	0.00546	0.01308	0.00644	0.00794
50	0.01008	0.00728	0.00952	0.00896	0.01064	0.00672	0.00672	0.01344	0.02016	0.02855	0.70158	0.05319	0.06719	0.01456	0.00840	0.00224	0.00336	0.01288	0.00784	0.00672
51	0.01919	0.70283	0.05793	0.01268	0.01882	0.05533	0.01269	0.02164	0.01471	0.01696	0.01003	0.01159	0.00914	0.00616	0.00471	0.00156	0.00791	0.00388	0.00307	0.00915
52	0.80005	0.01377	0.01047	0.00936	0.01377	0.01597	0.00771	0.02093	0.01212	0.03195	0.00991	0.01157	0.00771	0.00661	0.00441	0.00220	0.00551	0.00386	0.00441	0.00771
53	0.04859	0.06491	0.65497	0.01949	0.02957	0.01698	0.02493	0.02243	0.01488	0.02272	0.01254	0.01474	0.00897	0.00673	0.00657	0.00222	0.01019	0.00514	0.00307	0.01035
54	0.01570	0.01263	0.01557	0.01126	0.01738	0.00972	0.03077	0.01894	0.01539	0.06552	0.04102	0.01702	0.01324	0.00588	0.00562	0.00122	0.00547	0.00488	0.00462	0.68814
55	0.02170	0.01475	0.01648	0.01414	0.01862	0.01615	0.01119	0.07019	0.49286	0.19833	0.02815	0.02550	0.02023	0.00939	0.00722	0.00235	0.00585	0.00775	0.00763	0.01152
56	0.01357	0.05270	0.52331	0.04874	0.02725	0.01495	0.02173	0.02053	0.01599	0.02336	0.14795	0.02258	0.02047	0.00829	0.00703	0.00223	0.00898	0.00676	0.00396	0.00962
57	0.01035	0.00694	0.00796	0.00796	0.00802	0.00701	0.00455	0.01048	0.01041	0.01395	0.02226	0.04564	0.02547	0.71392	0.07151	0.00714	0.00753	0.01021	0.00429	0.00442
58	0.01454	0.07611	0.67586	0.01985	0.03013	0.01717	0.02554	0.02248	0.01500	0.02223	0.01262	0.01484	0.00903	0.00673	0.00664	0.00221	0.01036	0.00518	0.00301	0.01045
59	0.01007	0.00749	0.01060	0.01044	0.01184	0.00810	0.00799	0.01274	0.01409	0.01997	0.21484	0.03745	0.06177	0.06238	0.46736	0.00830	0.01357	0.00952	0.00509	0.00638
60	0.01023	0.00739	0.01024	0.01024	0.01110	0.00825	0.00740	0.01194	0.01109	0.01564	0.02017	0.03406	0.02044	0.28092	0.49763	0.00996	0.01510	0.00852	0.00398	0.00569
61	0.01477	0.01266	0.01477	0.01055	0.01687	0.00949	0.00844	0.01793	0.01477	0.02320	0.01266	0.01477	0.01055	0.00527	0.00527	0.00105	0.00527	0.00422	0.00422	0.79328
62	0.01537	0.01516	0.02153	0.11756	0.02290	0.02082	0.01599	0.01808	0.03763	0.01777	0.01056	0.01647	0.00984	0.01161	0.02049	0.00299	0.60768	0.00631	0.00328	0.00794
63	0.01647	0.01584	0.02171	0.01780	0.02087	0.08377	0.13712	0.09874	0.01598	0.02165	0.01471	0.02020	0.01275	0.02337	0.24433	0.00538	0.17833	0.00688	0.00402	0.04008
64	0.04306	0.01670	0.03029	0.02306	0.02800	0.06453	0.41560	0.01984	0.01574	0.02128	0.01890	0.15823	0.01794	0.01245	0.05379	0.00304	0.03477	0.01013	0.00421	0.00844
65	0.02129	0.02206	0.04227	0.01846	0.02253	0.23746	0.10303	0.06987	0.01760	0.08151	0.01323	0.01596	0.01054	0.00835	0.01081	0.00219	0.18752	0.00583	0.00427	0.10520

[dist]
# distance from previous block
# <min> <max>
0	2

[block]
# block no. 2 follows, 29 sequences, length 9
# corresponding to MSA columns:
# 97-105
name=unknown_C
#
# <colnr> <probs for GDERKNQSTAVLIFYWHMCP>
#	G	D	E	R	K	N	Q	S	T	A	V	L	I	F	Y	W	H	M	C	P
0	0.01611	0.01295	0.07380	0.01240	0.01582	0.01126	0.01049	0.15433	0.03920	0.09842	0.22734	0.20757	0.03857	0.01399	0.00806	0.00242	0.00555	0.03610	0.00701	0.00861
1	0.06797	0.22012	0.49187	0.01748	0.02645	0.01950	0.02143	0.02213	0.01469	0.02168	0.01185	0.01387	0.00896	0.00658	0.00604	0.00206	0.00944	0.00479	0.00311	0.00998
2	0.02291	0.11957	0.02137	0.01496	0.02003	0.16754	0.01224	0.30703	0.06700	0.03061	0.01869	0.01911	0.05576	0.00832	0.00654	0.00192	0.00820	0.00612	0.00554	0.08652
3	0.09485	0.15225	0.45007	0.01989	0.07302	0.01852	0.05337	0.02215	0.01481	0.02259	0.01213	0.01446	0.00915	0.00657	0.00626	0.00212	0.00946	0.00510	0.00322	0.01001
4	0.01954	0.17005	0.02792	0.11493	0.32755	0.06405	0.01772	0.13119	0.01873	0.02452	0.01305	0.01612	0.01063	0.00681	0.00652	0.00201	0.00858	0.00572	0.00399	0.01038
5	0.08515	0.04442	0.02051	0.44700	0.03720	0.13344	0.01654	0.06122	0.01626	0.02109	0.01232	0.01673	0.00948	0.00708	0.00659	0.00216	0.00934	0.00564	0.00364	0.04422
6	0.01173	0.00630	0.00895	0.00909	0.00913	0.00626	0.00592	0.00950	0.00983	0.01310	0.01632	0.08855	0.01755	0.14055	0.02755	0.59836	0.00612	0.00807	0.00359	0.00352
7	0.02318	0.01732	0.01875	0.03939	0.09509	0.07878	0.01270	0.34632	0.02505	0.08797	0.01812	0.01930	0.01335	0.00812	0.00662	0.00202	0.00735	0.00635	0.16377	0.01045
8	0.02554	0.01657	0.01860	0.01454	0.01950	0.01768	0.01187	0.46661	0.02843	0.15731	0.06537	0.02134	0.01703	0.00981	0.00819	0.04212	0.00698	0.00698	0.03443	0.01110

[dist]
# distance from previous block
# <min> <max>
0	1

[block]
# block no. 3 follows, 29 sequences, length 30
# corresponding to MSA columns:
# 107-136
name=unknown_D
#
# <colnr> <probs for GDERKNQSTAVLIFYWHMCP>
#	G	D	E	R	K	N	Q	S	T	A	V	L	I	F	Y	W	H	M	C	P
0	0.01161	0.00762	0.01001	0.00922	0.01116	0.00698	0.00698	0.01492	0.02017	0.07619	0.65451	0.05117	0.06372	0.01416	0.00831	0.00224	0.00355	0.01248	0.00791	0.00710
1	0.02325	0.01692	0.01882	0.01597	0.04556	0.01850	0.01245	0.45206	0.10619	0.06375	0.02134	0.07323	0.01719	0.00994	0.00725	0.00224	0.00699	0.02895	0.04834	0.01106
2	0.02452	0.14418	0.02336	0.01551	0.02099	0.04909	0.01303	0.46440	0.11230	0.03718	0.01714	0.01716	0.01270	0.00823	0.00668	0.00206	0.00771	0.00611	0.00632	0.01136
3	0.01634	0.01178	0.01399	0.01125	0.01601	0.01024	0.00879	0.02189	0.12254	0.11321	0.07083	0.11430	0.02204	0.00929	0.00655	0.00174	0.00515	0.00789	0.00586	0.41033
4	0.02639	0.01798	0.01938	0.01534	0.02063	0.04345	0.01250	0.40962	0.14806	0.17905	0.02128	0.02012	0.01487	0.00876	0.00713	0.00219	0.00725	0.00680	0.00737	0.01183
5	0.02607	0.01865	0.02016	0.01564	0.02099	0.02047	0.01285	0.60783	0.03157	0.06847	0.01854	0.04380	0.01380	0.00904	0.00711	0.00215	0.00746	0.00694	0.03677	0.01168
6	0.03195	0.01212	0.01652	0.01267	0.01818	0.01047	0.01047	0.03470	0.02038	0.71026	0.02809	0.02424	0.01763	0.00881	0.00716	0.00220	0.00606	0.00716	0.00881	0.01212
7	0.03195	0.01212	0.01652	0.01267	0.01818	0.01047	0.01047	0.03470	0.02038	0.71026	0.02809	0.02424	0.01763	0.00881	0.00716	0.00220	0.00606	0.00716	0.00881	0.01212
8	0.01904	0.75404	0.03731	0.01218	0.01828	0.02818	0.01218	0.02132	0.01447	0.01675	0.00990	0.01142	0.00914	0.00609	0.00457	0.00152	0.00761	0.00381	0.00305	0.00914
9	0.02712	0.01122	0.01500	0.01191	0.01650	0.00995	0.00960	0.03034	0.04066	0.55100	0.12409	0.02975	0.02532	0.05289	0.00904	0.00249	0.00571	0.00819	0.00836	0.01086
10	0.03173	0.01247	0.01674	0.01284	0.01835	0.01099	0.01060	0.06397	0.02097	0.68016	0.02759	0.02391	0.01738	0.00880	0.00716	0.00220	0.00614	0.00713	0.00874	0.01212
11	0.37919	0.01324	0.01369	0.01123	0.01597	0.01378	0.00922	0.08775	0.01784	0.28711	0.07011	0.02001	0.01637	0.00822	0.00600	0.00220	0.00577	0.00602	0.00658	0.00970
12	0.02467	0.01588	0.01824	0.01478	0.01959	0.01679	0.01229	0.41294	0.02744	0.17120	0.05183	0.03074	0.02042	0.01074	0.00764	0.00235	0.00708	0.11705	0.00739	0.01094
13	0.01739	0.03938	0.10691	0.01199	0.01617	0.01050	0.01090	0.02214	0.06204	0.21014	0.26503	0.06394	0.06171	0.01175	0.00760	0.00227	0.00550	0.03294	0.03270	0.00899
14	0.01017	0.00763	0.01144	0.01144	0.01272	0.00890	0.00890	0.01272	0.01144	0.01653	0.01907	0.02797	0.01780	0.05340	0.72153	0.01144	0.01907	0.00763	0.00381	0.00636
15	0.00940	0.00705	0.00877	0.00915	0.01067	0.00642	0.00679	0.01178	0.01705	0.02272	0.30196	0.24646	0.22146	0.01800	0.00872	0.00255	0.00392	0.07379	0.00708	0.00627
16	0.15660	0.01824	0.01877	0.01493	0.02017	0.02043	0.01223	0.47817	0.12360	0.04054	0.01757	0.01751	0.01273	0.00838	0.00668	0.00219	0.00713	0.00621	0.00668	0.01125
17	0.02582	0.01343	0.01685	0.01337	0.01780	0.01356	0.01095	0.18203	0.02242	0.37883	0.11279	0.02571	0.02218	0.00981	0.00866	0.00225	0.06988	0.00764	0.03520	0.01083
18	0.00866	0.00627	0.00819	0.00973	0.01028	0.00580	0.00653	0.00994	0.01381	0.01825	0.04148	0.69914	0.09162	0.02202	0.00904	0.00286	0.00410	0.01989	0.00661	0.00580
19	0.01547	0.15067	0.48623	0.04843	0.11868	0.01847	0.02317	0.02210	0.01507	0.02153	0.01238	0.01493	0.00936	0.00661	0.00646	0.00212	0.00974	0.00521	0.00309	0.01030
20	0.01415	0.01312	0.02148	0.47293	0.18698	0.01515	0.01869	0.01911	0.03970	0.01999	0.01786	0.02549	0.04389	0.00841	0.00736	0.00238	0.00865	0.05229	0.00379	0.00859
21	0.01428	0.03683	0.71286	0.02030	0.03082	0.01654	0.02631	0.02255	0.01503	0.02255	0.01278	0.01503	0.00902	0.00677	0.00677	0.00226	0.01052	0.00526	0.00301	0.01052
22	0.01042	0.13284	0.01315	0.01021	0.01165	0.00958	0.00752	0.01186	0.01386	0.01797	0.03533	0.59916	0.06172	0.01943	0.00830	0.00264	0.00470	0.01729	0.00601	0.00636
23	0.05777	0.03667	0.03461	0.01076	0.01330	0.01016	0.00865	0.01809	0.13187	0.02612	0.34275	0.13774	0.07075	0.01422	0.00797	0.00241	0.00459	0.05706	0.00691	0.00760
24	0.01875	0.01320	0.01564	0.01142	0.01755	0.01076	0.00923	0.07877	0.01735	0.14142	0.01566	0.01657	0.01188	0.00616	0.00575	0.00134	0.00563	0.00491	0.00525	0.59276
25	0.02663	0.03312	0.02025	0.01823	0.02202	0.68038	0.01375	0.06654	0.02095	0.01903	0.01136	0.01309	0.00934	0.00741	0.00646	0.00185	0.01255	0.00469	0.00387	0.00848
26	0.00879	0.00625	0.00823	0.00976	0.01015	0.00586	0.00645	0.00995	0.01340	0.01787	0.03807	0.69629	0.04561	0.07314	0.01099	0.00317	0.00432	0.01955	0.00645	0.00568
27	0.00868	0.00620	0.00826	0.00991	0.01033	0.00578	0.00661	0.00991	0.01363	0.01818	0.03925	0.74510	0.04710	0.02231	0.00909	0.00289	0.00413	0.02024	0.00661	0.00578
28	0.00842	0.00721	0.00721	0.00721	0.00962	0.00601	0.00541	0.01022	0.01623	0.01924	0.07213	0.06853	0.70244	0.01803	0.00842	0.00240	0.00361	0.01503	0.00661	0.00601
29	0.02160	0.02555	0.01724	0.01652	0.01948	0.49123	0.01282	0.02382	0.01884	0.01855	0.01968	0.06284	0.01969	0.01143	0.00749	0.00228	0.01071	0.18795	0.00460	0.00767

[dist]
# distance from previous block
# <min> <max>
0	4

[block]
# block no. 4 follows, 29 sequences, length 6
# corresponding to MSA columns:
# 141-146
name=unknown_E
#
# <colnr> <probs for GDERKNQSTAVLIFYWHMCP>
#	G	D	E	R	K	N	Q	S	T	A	V	L	I	F	Y	W	H	M	C	P
0	0.01382	0.11759	0.01147	0.00769	0.01001	0.00984	0.00622	0.01699	0.01538	0.02529	0.08763	0.02691	0.02169	0.00858	0.00525	0.00170	0.00396	0.00683	0.59616	0.00702
1	0.01344	0.00914	0.01177	0.08979	0.06991	0.00948	0.00884	0.05765	0.01697	0.02578	0.18786	0.03293	0.02915	0.08171	0.00940	0.00246	0.00504	0.00846	0.32295	0.00729
2	0.01901	0.02012	0.02938	0.03741	0.49122	0.13559	0.11806	0.02310	0.01697	0.02221	0.01314	0.01705	0.01085	0.00646	0.00714	0.00211	0.00972	0.00635	0.00356	0.01052
3	0.05258	0.01482	0.01838	0.01798	0.13379	0.01434	0.01233	0.15713	0.08156	0.08830	0.01799	0.02162	0.01443	0.00780	0.00655	0.00187	0.00652	0.04672	0.00553	0.27978
4	0.01519	0.01064	0.03079	0.01141	0.01413	0.01010	0.00916	0.07535	0.08995	0.10737	0.21125	0.07452	0.07324	0.11196	0.01196	0.00308	0.00555	0.11945	0.00690	0.00799
5	0.01707	0.16589	0.06832	0.05429	0.27737	0.01865	0.08146	0.03965	0.01555	0.02152	0.01279	0.01700	0.01092	0.03255	0.00867	0.00218	0.06010	0.00590	0.00356	0.08657

[dist]
# distance from previous block
# <min> <max>
9	25

[block]
# block no. 5 follows, 29 sequences, length 147
# corresponding to MSA columns:
# 172-318
name=unknown_F
#
# <colnr> <probs for GDERKNQSTAVLIFYWHMCP>
#	G	D	E	R	K	N	Q	S	T	A	V	L	I	F	Y	W	H	M	C	P
0	0.05207	0.04150	0.01602	0.01293	0.01612	0.03877	0.04571	0.15833	0.04993	0.02799	0.20634	0.14200	0.03307	0.05177	0.00966	0.00252	0.03244	0.01033	0.00621	0.04629
1	0.01865	0.10807	0.03344	0.02305	0.02848	0.05765	0.36310	0.07158	0.01719	0.05578	0.01473	0.04379	0.01205	0.00790	0.00978	0.00235	0.11137	0.00755	0.00410	0.00939
2	0.05444	0.08073	0.02110	0.01498	0.02046	0.02084	0.01248	0.50984	0.05863	0.03914	0.01907	0.01909	0.04394	0.00860	0.00678	0.00206	0.00732	0.00646	0.00652	0.04750
3	0.02681	0.01962	0.02014	0.01587	0.02123	0.07775	0.01293	0.48182	0.09171	0.12996	0.01916	0.01858	0.01350	0.00859	0.00708	0.00215	0.00781	0.00651	0.00708	0.01172
4	0.40469	0.07802	0.06105	0.01175	0.01703	0.01588	0.01046	0.05217	0.04857	0.21473	0.01625	0.01617	0.01147	0.00740	0.00557	0.00216	0.00626	0.00515	0.00564	0.00956
5	0.03846	0.08575	0.55752	0.05333	0.02935	0.01689	0.02324	0.02311	0.01527	0.07367	0.01363	0.01555	0.00966	0.00688	0.00658	0.00220	0.00978	0.00531	0.00349	0.01033
6	0.02117	0.04945	0.01649	0.01353	0.04140	0.13495	0.01017	0.05246	0.01849	0.20864	0.13331	0.02566	0.02276	0.05164	0.00948	0.04050	0.00696	0.00714	0.00598	0.12983
7	0.01789	0.01808	0.02684	0.03783	0.55425	0.09290	0.04359	0.02171	0.01654	0.02226	0.01601	0.05378	0.03139	0.00753	0.00717	0.00214	0.00872	0.00713	0.00378	0.01048
8	0.01681	0.01921	0.04202	0.03001	0.03721	0.01801	0.67947	0.02281	0.01681	0.02281	0.01441	0.01921	0.01080	0.00600	0.00840	0.00240	0.01200	0.00840	0.00360	0.00960
9	0.02660	0.03394	0.02018	0.01834	0.02201	0.72116	0.01376	0.02843	0.02018	0.01743	0.01101	0.01284	0.00917	0.00734	0.00642	0.00183	0.01284	0.00459	0.00367	0.00825
10	0.01179	0.00814	0.01041	0.00954	0.01155	0.00770	0.00724	0.05209	0.02073	0.05385	0.61893	0.07031	0.06168	0.01423	0.00830	0.00225	0.00373	0.01252	0.00780	0.00719
11	0.01671	0.01598	0.02725	0.19464	0.56155	0.01668	0.02140	0.02105	0.01578	0.02215	0.01323	0.01792	0.01089	0.00651	0.00706	0.00217	0.00869	0.00634	0.00345	0.01054
12	0.01117	0.00874	0.01198	0.01481	0.10565	0.00856	0.00913	0.04836	0.03486	0.02106	0.05999	0.52539	0.07552	0.01853	0.00859	0.00268	0.00490	0.01672	0.00628	0.00707
13	0.00935	0.00725	0.00851	0.00820	0.01019	0.00641	0.00615	0.01203	0.01844	0.02448	0.42643	0.05989	0.34488	0.01608	0.00841	0.00231	0.00347	0.01382	0.00730	0.00641
14	0.01366	0.01295	0.02140	0.66036	0.04597	0.01643	0.01935	0.01809	0.01390	0.01809	0.01232	0.01864	0.00948	0.00766	0.00876	0.00245	0.08312	0.00632	0.00316	0.00790
15	0.00856	0.00722	0.00741	0.00736	0.00970	0.00607	0.00552	0.01049	0.01656	0.02003	0.12564	0.06722	0.64844	0.01774	0.00841	0.00239	0.00359	0.01485	0.00672	0.00607
16	0.02056	0.44667	0.08907	0.01461	0.02018	0.23509	0.01366	0.02326	0.01646	0.01791	0.03723	0.01378	0.01138	0.00685	0.00546	0.00171	0.00927	0.00452	0.00342	0.00890
17	0.01017	0.00763	0.01144	0.01144	0.01272	0.00890	0.00890	0.01272	0.01144	0.01653	0.01907	0.02797	0.01780	0.05340	0.72153	0.01144	0.01907	0.00763	0.00381	0.00636
18	0.01239	0.00620	0.00920	0.00920	0.00925	0.00620	0.00615	0.00949	0.00944	0.01277	0.01268	0.02179	0.01254	0.02427	0.02717	0.77017	0.00610	0.00620	0.02561	0.00319
19	0.00981	0.00727	0.00915	0.00868	0.01047	0.00660	0.00651	0.01292	0.01952	0.02705	0.59977	0.05567	0.16994	0.01512	0.00840	0.00227	0.00340	0.01323	0.00764	0.00660
20	0.01473	0.10443	0.64919	0.01953	0.02964	0.01763	0.02498	0.02243	0.01498	0.02200	0.01251	0.01469	0.00903	0.00670	0.00656	0.00219	0.01025	0.00512	0.00301	0.01039
21	0.01749	0.01678	0.02866	0.06547	0.68460	0.01688	0.02179	0.02174	0.01615	0.02310	0.01337	0.01767	0.01122	0.00637	0.00705	0.00212	0.00849	0.00634	0.00351	0.01117
22	0.02650	0.01217	0.01588	0.01350	0.04091	0.01121	0.01058	0.06076	0.07358	0.49149	0.03235	0.03157	0.09159	0.01034	0.00744	0.00229	0.00596	0.04274	0.00807	0.01107
23	0.01445	0.06248	0.68870	0.02001	0.03037	0.01695	0.02580	0.02251	0.01501	0.02234	0.01268	0.01490	0.00902	0.00674	0.00669	0.00223	0.01042	0.00521	0.00301	0.01047
24	0.02039	0.01522	0.01661	0.01429	0.01863	0.01698	0.01129	0.12923	0.48704	0.11214	0.05827	0.02616	0.02196	0.00963	0.00727	0.00234	0.00590	0.00793	0.00744	0.01128
25	0.80005	0.01377	0.01047	0.00936	0.01377	0.01597	0.00771	0.02093	0.01212	0.03195	0.00991	0.01157	0.00771	0.00661	0.00441	0.00220	0.00551	0.00386	0.00441	0.00771
26	0.00859	0.00720	0.00735	0.00732	0.00958	0.00609	0.00542	0.01037	0.01613	0.01940	0.09881	0.06676	0.64032	0.05332	0.00976	0.00261	0.00376	0.01470	0.00656	0.00596
27	0.01542	0.01535	0.02151	0.01848	0.01852	0.02143	0.01538	0.01701	0.01092	0.01712	0.00963	0.01594	0.00959	0.01366	0.04377	0.00336	0.71574	0.00627	0.00314	0.00775
28	0.01026	0.00694	0.00784	0.00784	0.00799	0.00692	0.00449	0.01041	0.01065	0.01412	0.02455	0.04705	0.05570	0.69788	0.05409	0.00683	0.00710	0.01049	0.00440	0.00445
29	0.01781	0.31801	0.14270	0.09714	0.07528	0.12035	0.01609	0.02147	0.01543	0.01883	0.03333	0.01572	0.01156	0.00913	0.03942	0.00235	0.02782	0.00515	0.00337	0.00903
30	0.23302	0.32308	0.10429	0.01614	0.08840	0.09160	0.01370	0.02212	0.01464	0.02230	0.01070	0.01264	0.00895	0.00646	0.00521	0.00188	0.00798	0.00432	0.00352	0.00903
31	0.02340	0.21625	0.02433	0.04952	0.02205	0.45907	0.01345	0.02683	0.06790	0.01820	0.01212	0.01377	0.01010	0.00718	0.00604	0.00182	0.01082	0.00472	0.00375	0.00869
32	0.01039	0.00735	0.00908	0.00875	0.01065	0.00659	0.00652	0.01311	0.01850	0.05251	0.44619	0.12510	0.22684	0.01600	0.00842	0.00235	0.00361	0.01394	0.00744	0.00666
33	0.01021	0.00684	0.00906	0.00989	0.01094	0.00634	0.00700	0.01213	0.01570	0.05285	0.19865	0.49927	0.06646	0.01960	0.00885	0.00271	0.00413	0.04602	0.00700	0.00634
34	0.01558	0.01558	0.02181	0.01869	0.01869	0.02181	0.01558	0.01714	0.01091	0.01714	0.00935	0.01558	0.00935	0.01246	0.02337	0.00312	0.73672	0.00623	0.00312	0.00779
35	0.01771	0.01530	0.01610	0.01449	0.01852	0.01771	0.01127	0.03784	0.69247	0.02979	0.02898	0.02657	0.02174	0.00966	0.00725	0.00242	0.00564	0.00805	0.00725	0.01127
36	0.01972	0.68880	0.03576	0.01274	0.01861	0.09096	0.01233	0.02197	0.01499	0.01681	0.01000	0.01155	0.00914	0.00620	0.00474	0.00155	0.00809	0.00388	0.00310	0.00906
37	0.02665	0.03253	0.02030	0.01815	0.02202	0.65071	0.01374	0.09426	0.02152	0.02019	0.01162	0.01327	0.00947	0.00746	0.00649	0.00186	0.01234	0.00477	0.00402	0.00864
38	0.01681	0.01921	0.04202	0.03001	0.03721	0.01801	0.67947	0.02281	0.01681	0.02281	0.01441	0.01921	0.01080	0.00600	0.00840	0.00240	0.01200	0.00840	0.00360	0.00960
39	0.00958	0.00783	0.00864	0.00897	0.01121	0.00711	0.00704	0.01270	0.05458	0.02021	0.06103	0.10134	0.49636	0.01810	0.00867	0.00261	0.00435	0.14660	0.00664	0.00641
40	0.01345	0.01266	0.02136	0.73264	0.04904	0.01582	0.01978	0.01819	0.01424	0.01819	0.01266	0.01898	0.00949	0.00712	0.00712	0.00237	0.00949	0.00633	0.00316	0.00791
41	0.01345	0.01266	0.02136	0.73264	0.04904	0.01582	0.01978	0.01819	0.01424	0.01819	0.01266	0.01898	0.00949	0.00712	0.00712	0.00237	0.00949	0.00633	0.00316	0.00791
42	0.03195	0.01212	0.01652	0.01267	0.01818	0.01047	0.01047	0.03470	0.02038	0.71026	0.02809	0.02424	0.01763	0.00881	0.00716	0.00220	0.00606	0.00716	0.00881	0.01212
43	0.01354	0.01245	0.02054	0.65838	0.04532	0.01557	0.01874	0.01805	0.01412	0.01862	0.01310	0.01926	0.00998	0.00743	0.00775	0.00237	0.04274	0.00634	0.04785	0.00783
44	0.01327	0.00664	0.00664	0.00664	0.00830	0.00664	0.00498	0.01659	0.01493	0.02655	0.02323	0.02655	0.01825	0.00830	0.00498	0.00166	0.00332	0.00664	0.78928	0.00664
45	0.01237	0.00618	0.00928	0.00928	0.00928	0.00618	0.00618	0.00928	0.00928	0.01237	0.01237	0.02165	0.01237	0.02474	0.02783	0.79283	0.00618	0.00618	0.00309	0.00309
46	0.01036	0.00690	0.00777	0.00777	0.00777	0.00690	0.00431	0.01036	0.01036	0.01381	0.02244	0.04660	0.02589	0.74975	0.03624	0.00690	0.00690	0.01036	0.00431	0.00431
47	0.01477	0.01266	0.01477	0.01055	0.01687	0.00949	0.00844	0.01793	0.01477	0.02320	0.01266	0.01477	0.01055	0.00527	0.00527	0.00105	0.00527	0.00422	0.00422	0.79328
48	0.01327	0.00664	0.00664	0.00664	0.00830	0.00664	0.00498	0.01659	0.01493	0.02655	0.02323	0.02655	0.01825	0.00830	0.00498	0.00166	0.00332	0.00664	0.78928	0.00664
49	0.01032	0.00799	0.01018	0.01158	0.04011	0.00749	0.00889	0.01285	0.01609	0.02041	0.07315	0.10319	0.29419	0.04669	0.01011	0.00298	0.00528	0.30566	0.00642	0.00642
50	0.01904	0.75404	0.03731	0.01218	0.01828	0.02818	0.01218	0.02132	0.01447	0.01675	0.00990	0.01142	0.00914	0.00609	0.00457	0.00152	0.00761	0.00381	0.00305	0.00914
51	0.01902	0.65458	0.10493	0.01302	0.01954	0.02636	0.01355	0.02193	0.01474	0.04246	0.01085	0.01225	0.00943	0.00626	0.00489	0.00162	0.00785	0.00408	0.00325	0.00939
52	0.08943	0.12401	0.11655	0.01648	0.02193	0.29640	0.01463	0.17090	0.04222	0.02574	0.01293	0.01422	0.01007	0.00737	0.00623	0.00197	0.00988	0.00503	0.00444	0.00958
53	0.01756	0.01375	0.01498	0.01339	0.01637	0.05149	0.01033	0.27909	0.04875	0.02891	0.02499	0.26210	0.02502	0.02101	0.13336	0.00402	0.00875	0.01121	0.00619	0.00875
54	0.01704	0.01931	0.03840	0.02801	0.03409	0.04699	0.56267	0.02227	0.01614	0.02182	0.01358	0.01846	0.01054	0.00693	0.01035	0.00247	0.11012	0.00795	0.00354	0.00930
55	0.01502	0.01227	0.01889	0.42373	0.03489	0.01422	0.05885	0.08628	0.01657	0.02341	0.01598	0.02077	0.01213	0.00750	0.00665	0.00216	0.00788	0.00655	0.20811	0.00812
56	0.01327	0.00664	0.00664	0.00664	0.00830	0.00664	0.00498	0.01659	0.01493	0.02655	0.02323	0.02655	0.01825	0.00830	0.00498	0.00166	0.00332	0.00664	0.78928	0.00664
57	0.01590	0.00945	0.01026	0.01006	0.04296	0.00983	0.00726	0.13376	0.01825	0.02962	0.02170	0.02447	0.01685	0.00825	0.00545	0.00176	0.00435	0.00658	0.61542	0.00781
58	0.01022	0.00742	0.01039	0.01039	0.01129	0.00833	0.00758	0.01204	0.01113	0.01575	0.02004	0.03333	0.02013	0.25370	0.52442	0.01014	0.01557	0.00841	0.00396	0.00577
59	0.01986	0.67616	0.03546	0.01285	0.01868	0.10312	0.01235	0.02209	0.01509	0.01683	0.01002	0.01158	0.00914	0.00623	0.00477	0.00156	0.00818	0.00389	0.00311	0.00904
60	0.00889	0.00635	0.00850	0.01016	0.01066	0.00596	0.00698	0.01028	0.01384	0.01841	0.03913	0.69514	0.04664	0.02211	0.00914	0.00292	0.00431	0.06813	0.00661	0.00584
61	0.01428	0.03683	0.71286	0.02030	0.03082	0.01654	0.02631	0.02255	0.01503	0.02255	0.01278	0.01503	0.00902	0.00677	0.00677	0.00226	0.01052	0.00526	0.00301	0.01052
62	0.01036	0.00690	0.00777	0.00777	0.00777	0.00690	0.00431	0.01036	0.01036	0.01381	0.02244	0.04660	0.02589	0.74975	0.03624	0.00690	0.00690	0.01036	0.00431	0.00431
63	0.01771	0.01530	0.01610	0.01449	0.01852	0.01771	0.01127	0.03784	0.69247	0.02979	0.02898	0.02657	0.02174	0.00966	0.00725	0.00242	0.00564	0.00805	0.00725	0.01127
64	0.01008	0.00728	0.00952	0.00896	0.01064	0.00672	0.00672	0.01344	0.02016	0.02855	0.70158	0.05319	0.06719	0.01456	0.00840	0.00224	0.00336	0.01288	0.00784	0.00672
65	0.02759	0.01312	0.01668	0.01261	0.01833	0.01155	0.01036	0.10359	0.02060	0.48303	0.02343	0.02133	0.01544	0.00800	0.00674	0.00194	0.00608	0.00642	0.00760	0.18556
66	0.01930	0.01939	0.02525	0.06706	0.02522	0.11657	0.13918	0.14234	0.01766	0.02342	0.01216	0.01638	0.01011	0.00948	0.01419	0.00258	0.32024	0.00645	0.00402	0.00900
67	0.02490	0.08471	0.02160	0.01793	0.02139	0.59764	0.01383	0.02674	0.01880	0.01735	0.01075	0.01302	0.00919	0.00778	0.00805	0.00195	0.08783	0.00470	0.00357	0.00827
68	0.00910	0.00641	0.00828	0.00951	0.00987	0.00615	0.00620	0.01012	0.01283	0.01716	0.03478	0.56428	0.04130	0.18164	0.04383	0.00411	0.00534	0.01758	0.00600	0.00549
69	0.01001	0.00728	0.00943	0.00889	0.01060	0.00669	0.00667	0.01331	0.02000	0.02818	0.67629	0.05381	0.09271	0.01470	0.00840	0.00225	0.00337	0.01296	0.00779	0.00669
70	0.03195	0.01212	0.01652	0.01267	0.01818	0.01047	0.01047	0.03470	0.02038	0.71026	0.02809	0.02424	0.01763	0.00881	0.00716	0.00220	0.00606	0.00716	0.00881	0.01212
71	0.01132	0.00755	0.00992	0.00917	0.01107	0.00693	0.00693	0.01465	0.02017	0.06731	0.66329	0.05154	0.06437	0.01423	0.00833	0.00224	0.00351	0.01255	0.00789	0.00703
72	0.02707	0.01995	0.02137	0.01638	0.02208	0.02208	0.01353	0.68159	0.03348	0.04488	0.01710	0.01710	0.01211	0.00855	0.00712	0.00214	0.00784	0.00641	0.00712	0.01211
73	0.01901	0.01738	0.01596	0.01424	0.01793	0.14377	0.01100	0.06290	0.39293	0.05539	0.14336	0.02820	0.02681	0.01001	0.00729	0.00226	0.00667	0.00815	0.00676	0.01000
74	0.80005	0.01377	0.01047	0.00936	0.01377	0.01597	0.00771	0.02093	0.01212	0.03195	0.00991	0.01157	0.00771	0.00661	0.00441	0.00220	0.00551	0.00386	0.00441	0.00771
75	0.02098	0.01787	0.02057	0.05422	0.16704	0.06898	0.01434	0.28228	0.14222	0.03153	0.02059	0.02262	0.04597	0.04833	0.00870	0.00244	0.00777	0.00716	0.00577	0.01061
76	0.00868	0.00620	0.00826	0.00991	0.01033	0.00578	0.00661	0.00991	0.01363	0.01818	0.03925	0.74510	0.04710	0.02231	0.00909	0.00289	0.00413	0.02024	0.00661	0.00578
77	0.00918	0.00672	0.00920	0.01124	0.03569	0.00633	0.00738	0.01070	0.01410	0.01890	0.06405	0.66231	0.04631	0.02131	0.00902	0.00286	0.00437	0.04774	0.00654	0.00605
78	0.01043	0.00801	0.01195	0.01180	0.01301	0.00953	0.00922	0.01293	0.01142	0.01656	0.01860	0.02737	0.01739	0.05142	0.68771	0.01104	0.05384	0.00756	0.00378	0.00643
79	0.01681	0.01921	0.04202	0.03001	0.03721	0.01801	0.67947	0.02281	0.01681	0.02281	0.01441	0.01921	0.01080	0.00600	0.00840	0.00240	0.01200	0.00840	0.00360	0.00960
80	0.00985	0.00727	0.00920	0.00872	0.01050	0.00662	0.00654	0.01300	0.01962	0.02729	0.61600	0.05528	0.15355	0.01503	0.00840	0.00226	0.00339	0.01317	0.00767	0.00662
81	0.00967	0.00655	0.00897	0.01039	0.01096	0.00626	0.00741	0.01068	0.01353	0.01794	0.03532	0.52986	0.04130	0.02217	0.01177	0.11036	0.00484	0.13036	0.00612	0.00555
82	0.02296	0.01782	0.01834	0.04077	0.02053	0.05870	0.01220	0.41172	0.15104	0.03709	0.01961	0.01995	0.01445	0.00860	0.00682	0.00211	0.00716	0.00664	0.11266	0.01084
83	0.01725	0.01913	0.10501	0.04110	0.63027	0.01688	0.02235	0.02193	0.01608	0.02318	0.01333	0.01734	0.01103	0.00639	0.00702	0.00213	0.00869	0.00622	0.00347	0.01120
84	0.01824	0.57863	0.15468	0.01383	0.02047	0.05238	0.01463	0.02157	0.01470	0.01779	0.01071	0.01259	0.00937	0.00762	0.02563	0.00195	0.00866	0.00420	0.00309	0.00927
85	0.01865	0.53933	0.05075	0.01277	0.01808	0.11400	0.01205	0.02120	0.01599	0.01861	0.10416	0.01739	0.01703	0.00742	0.00539	0.00168	0.00779	0.00518	0.00378	0.00874
86	0.01531	0.01323	0.01526	0.01154	0.01723	0.01138	0.00919	0.02140	0.13378	0.02414	0.01541	0.01687	0.01247	0.00631	0.00628	0.00137	0.03183	0.00497	0.00471	0.62734
87	0.01823	0.01346	0.01555	0.01196	0.01762	0.01199	0.00956	0.04888	0.17389	0.11893	0.01871	0.01888	0.01417	0.00689	0.00606	0.00157	0.00556	0.00559	0.00565	0.47683
88	0.01397	0.01336	0.02335	0.54730	0.06954	0.01584	0.09764	0.01860	0.01441	0.01908	0.01330	0.01937	0.01027	0.00887	0.03371	0.00270	0.03805	0.00663	0.02585	0.00815
89	0.01747	0.01677	0.02863	0.06834	0.68186	0.01688	0.02178	0.02172	0.01614	0.02308	0.01337	0.01767	0.01122	0.00637	0.00705	0.00212	0.00850	0.00634	0.00351	0.01116
90	0.01771	0.01530	0.01610	0.01449	0.01852	0.01771	0.01127	0.03784	0.69247	0.02979	0.02898	0.02657	0.02174	0.00966	0.00725	0.00242	0.00564	0.00805	0.00725	0.01127
91	0.01020	0.00751	0.01084	0.01084	0.01191	0.00857	0.00815	0.01233	0.01127	0.01608	0.01962	0.03102	0.01912	0.16725	0.60950	0.01070	0.01708	0.00807	0.00390	0.00602
92	0.01091	0.00745	0.00972	0.00905	0.01082	0.00687	0.00677	0.01412	0.01981	0.05352	0.65210	0.05187	0.06386	0.04063	0.00935	0.00240	0.00359	0.01257	0.00775	0.00683
93	0.01017	0.00763	0.01144	0.01144	0.01272	0.00890	0.00890	0.01272	0.01144	0.01653	0.01907	0.02797	0.01780	0.05340	0.72153	0.01144	0.01907	0.00763	0.00381	0.00636
94	0.01526	0.01836	0.14505	0.38865	0.22854	0.01648	0.02128	0.04399	0.01563	0.02134	0.01304	0.01784	0.01000	0.00689	0.00704	0.00227	0.00932	0.00615	0.00338	0.00946
95	0.00881	0.00635	0.00835	0.00970	0.01033	0.00589	0.00657	0.01029	0.01442	0.01929	0.10899	0.64374	0.07826	0.02132	0.00899	0.00280	0.00403	0.01925	0.00674	0.00589
96	0.02325	0.44301	0.02957	0.01353	0.01920	0.10197	0.01224	0.11424	0.01873	0.14259	0.01420	0.01461	0.01104	0.00704	0.00558	0.00176	0.00796	0.00484	0.00468	0.00997
97	0.01055	0.00835	0.00963	0.00912	0.01136	0.00797	0.00689	0.01567	0.11023	0.02557	0.39710	0.05476	0.27601	0.01507	0.00825	0.00232	0.00375	0.01295	0.00734	0.00710
98	0.01477	0.01266	0.01477	0.01055	0.01687	0.00949	0.00844	0.01793	0.01477	0.02320	0.01266	0.01477	0.01055	0.00527	0.00527	0.00105	0.00527	0.00422	0.00422	0.79328
99	0.00979	0.00727	0.00911	0.00865	0.01046	0.00659	0.00649	0.01287	0.01947	0.02692	0.59090	0.05589	0.17888	0.01517	0.00840	0.00227	0.00340	0.01326	0.00762	0.00659
100	0.02794	0.01722	0.01837	0.01466	0.01985	0.08678	0.01188	0.23914	0.11539	0.33788	0.02301	0.02114	0.01558	0.00870	0.00709	0.00217	0.00725	0.00678	0.00755	0.01161
101	0.02893	0.01221	0.01622	0.01230	0.01795	0.01029	0.01011	0.03175	0.01939	0.58946	0.02538	0.02257	0.01638	0.00819	0.00683	0.00200	0.00592	0.00664	0.00801	0.14947
102	0.01462	0.01463	0.02765	0.45890	0.07024	0.01619	0.22497	0.01945	0.01493	0.01962	0.01322	0.01910	0.01008	0.00740	0.00829	0.03194	0.01011	0.00697	0.00331	0.00839
103	0.01240	0.00620	0.00917	0.00917	0.00924	0.00620	0.00614	0.00956	0.00950	0.01292	0.01279	0.02183	0.01260	0.02410	0.02695	0.76223	0.00607	0.00620	0.03350	0.00323
104	0.00871	0.00722	0.00762	0.00752	0.00980	0.00614	0.00564	0.01078	0.01692	0.02087	0.18281	0.06583	0.59075	0.01742	0.00841	0.00238	0.00356	0.01465	0.00683	0.00614
105	0.02556	0.01910	0.02115	0.01632	0.02172	0.02104	0.03404	0.60239	0.05831	0.04207	0.01775	0.01897	0.01312	0.04442	0.00858	0.00239	0.00783	0.00673	0.00688	0.01162
106	0.00868	0.00620	0.00826	0.00991	0.01033	0.00578	0.00661	0.00991	0.01363	0.01818	0.03925	0.74510	0.04710	0.02231	0.00909	0.00289	0.00413	0.02024	0.00661	0.00578
107	0.02321	0.01019	0.01373	0.01119	0.01517	0.00897	0.00897	0.02621	0.02029	0.43804	0.29703	0.03580	0.03742	0.01111	0.00765	0.00222	0.00498	0.00944	0.00842	0.00996
108	0.01385	0.00813	0.01064	0.00953	0.01192	0.00734	0.00732	0.01703	0.02001	0.14799	0.55408	0.04881	0.08782	0.01371	0.00818	0.00224	0.00385	0.01197	0.00795	0.00764
109	0.24355	0.01257	0.01486	0.01176	0.01696	0.01198	0.00971	0.03091	0.01810	0.52339	0.02308	0.02075	0.01490	0.00821	0.00640	0.00220	0.00591	0.00625	0.00760	0.01090
110	0.01546	0.01263	0.01484	0.01063	0.01693	0.00953	0.00852	0.01861	0.01499	0.05102	0.01328	0.01515	0.01083	0.00542	0.00535	0.00110	0.00531	0.00434	0.00440	0.76166
111	0.01000	0.00675	0.00787	0.00822	0.00831	0.00666	0.00480	0.01026	0.01105	0.01474	0.02602	0.19554	0.03041	0.59464	0.03045	0.00605	0.00631	0.01246	0.00480	0.00463
112	0.01440	0.03602	0.68186	0.02074	0.03111	0.01660	0.05649	0.02256	0.01512	0.02256	0.01285	0.01523	0.00910	0.00673	0.00684	0.00226	0.01059	0.00541	0.00303	0.01048
113	0.00882	0.00723	0.00778	0.00764	0.00987	0.00619	0.00573	0.01101	0.01720	0.02153	0.22683	0.06476	0.54632	0.01718	0.00841	0.00236	0.00355	0.01450	0.00691	0.00619
114	0.00902	0.00668	0.00858	0.00976	0.01033	0.00645	0.00661	0.01023	0.01354	0.01789	0.04023	0.59317	0.11160	0.08103	0.01173	0.00318	0.02949	0.01842	0.00630	0.00576
115	0.01626	0.01305	0.01522	0.01098	0.01723	0.01025	0.00882	0.05643	0.01609	0.05621	0.01362	0.01534	0.01096	0.00562	0.00547	0.00117	0.00546	0.00448	0.00460	0.71275
116	0.01904	0.75404	0.03731	0.01218	0.01828	0.02818	0.01218	0.02132	0.01447	0.01675	0.00990	0.01142	0.00914	0.00609	0.00457	0.00152	0.00761	0.00381	0.00305	0.00914
117	0.01671	0.01654	0.02434	0.13082	0.02707	0.05792	0.14611	0.07312	0.01542	0.02135	0.01241	0.01728	0.01040	0.01083	0.04581	0.00286	0.26415	0.00644	0.00373	0.09669
118	0.01824	0.01982	0.02530	0.02054	0.02385	0.15919	0.18451	0.02418	0.12953	0.02077	0.01467	0.01830	0.01211	0.01089	0.04043	0.00288	0.25502	0.00682	0.00408	0.00888
