[name]
unknown

[dist]
# distance from previous block
# <min> <max>
0	216

[block]
# block no. 0 follows, 25 sequences, length 28
# corresponding to MSA columns:
# 216-243
name=unknown_A
#
# <colnr> <probs for GDERKNQSTAVLIFYWHMCP>
#	G	D	E	R	K	N	Q	S	T	A	V	L	I	F	Y	W	H	M	C	P
0	0.04603	0.05286	0.21141	0.01653	0.02202	0.06006	0.01650	0.07901	0.01867	0.05085	0.08083	0.06064	0.02387	0.05132	0.01104	0.00287	0.06295	0.09316	0.00534	0.03406
1	0.01809	0.11929	0.42394	0.02033	0.02946	0.01820	0.08399	0.02484	0.01699	0.09404	0.01755	0.06800	0.01400	0.00865	0.00747	0.00242	0.01020	0.00726	0.00430	0.01099
2	0.01747	0.06756	0.25236	0.01911	0.05292	0.01677	0.06332	0.07525	0.08081	0.04819	0.02141	0.06095	0.04127	0.01264	0.05533	0.00304	0.00969	0.00784	0.02614	0.06792
3	0.08152	0.05869	0.40162	0.02251	0.03178	0.05666	0.14877	0.06348	0.01801	0.02641	0.01407	0.01682	0.01031	0.00731	0.00742	0.00242	0.01117	0.00626	0.00385	0.01092
4	0.53243	0.01525	0.01393	0.01173	0.01678	0.01683	0.00964	0.10496	0.01798	0.14175	0.04346	0.01754	0.01353	0.00823	0.00585	0.00239	0.00632	0.00556	0.00611	0.00974
5	0.02102	0.01857	0.09642	0.01485	0.02145	0.01508	0.01328	0.17865	0.02158	0.09925	0.01792	0.04991	0.01427	0.00836	0.00760	0.00190	0.03465	0.00653	0.00582	0.35289
6	0.03361	0.01377	0.01819	0.01409	0.02000	0.01242	0.01159	0.06426	0.06238	0.61724	0.03014	0.02622	0.01921	0.00964	0.00780	0.00241	0.00665	0.00782	0.00941	0.01314
7	0.00943	0.00794	0.00822	0.00836	0.01091	0.00673	0.00641	0.01151	0.01769	0.02112	0.07561	0.07563	0.62648	0.01978	0.00929	0.00269	0.00418	0.06425	0.00720	0.00659
8	0.01828	0.01894	0.12654	0.15942	0.17478	0.01611	0.05768	0.02566	0.10367	0.09846	0.04726	0.02738	0.07305	0.00931	0.00796	0.00249	0.00867	0.00827	0.00531	0.01076
9	0.03365	0.01413	0.01846	0.01425	0.02020	0.01289	0.01174	0.09474	0.05038	0.59858	0.02952	0.02578	0.01883	0.00961	0.00780	0.00240	0.00676	0.00776	0.00936	0.01316
10	0.00958	0.00684	0.00915	0.01095	0.01146	0.00641	0.00743	0.01103	0.01498	0.01994	0.04266	0.69453	0.05099	0.02417	0.00993	0.00317	0.00461	0.04864	0.00719	0.00633
11	0.78228	0.01499	0.01140	0.01020	0.01499	0.01739	0.00840	0.02279	0.01320	0.03479	0.01080	0.01260	0.00840	0.00720	0.00480	0.00240	0.00600	0.00420	0.00480	0.00840
12	0.02829	0.02036	0.02207	0.01695	0.02295	0.02209	0.01390	0.56610	0.03373	0.07514	0.01911	0.02004	0.01393	0.03617	0.00884	0.00246	0.00825	0.00705	0.00755	0.05502
13	0.00945	0.00675	0.00900	0.01080	0.01125	0.00630	0.00720	0.01080	0.01484	0.01979	0.04274	0.72245	0.05128	0.02429	0.00990	0.00315	0.00450	0.02204	0.00720	0.00630
14	0.01107	0.00743	0.00852	0.00872	0.00877	0.00738	0.00498	0.01122	0.01168	0.01558	0.02651	0.12714	0.03082	0.64753	0.03610	0.00702	0.00717	0.01250	0.00498	0.00488
15	0.01894	0.01817	0.03102	0.08395	0.64474	0.01836	0.02367	0.02358	0.01754	0.02503	0.01454	0.01927	0.01217	0.00695	0.00768	0.00232	0.00927	0.00691	0.00382	0.01208
16	0.00978	0.00696	0.00914	0.01049	0.01109	0.00652	0.00703	0.01133	0.01552	0.02093	0.12423	0.58728	0.05249	0.07359	0.01192	0.00337	0.00460	0.02022	0.00719	0.00632
17	0.01929	0.01666	0.01753	0.01578	0.02016	0.01929	0.01227	0.04120	0.66513	0.03243	0.03156	0.02893	0.02367	0.01052	0.00789	0.00263	0.00614	0.00877	0.00789	0.01227
18	0.01713	0.02813	0.29471	0.02769	0.03640	0.01927	0.36403	0.02430	0.01710	0.02430	0.01461	0.01887	0.01090	0.00735	0.00958	0.00261	0.06102	0.00765	0.00363	0.01071
19	0.01201	0.00890	0.01089	0.01003	0.01230	0.00839	0.00762	0.05985	0.02231	0.03075	0.53289	0.05776	0.16498	0.01599	0.00905	0.00246	0.00405	0.01389	0.00827	0.00761
20	0.01411	0.01166	0.01571	0.06357	0.01726	0.01433	0.01120	0.04994	0.01342	0.01899	0.01835	0.03220	0.01877	0.26981	0.18902	0.00687	0.21471	0.00872	0.00427	0.00707
21	0.00941	0.00690	0.00884	0.01039	0.01114	0.00633	0.00702	0.01084	0.01524	0.01995	0.04768	0.63291	0.13762	0.02365	0.00980	0.00308	0.00442	0.02126	0.00720	0.00633
22	0.01514	0.00865	0.01197	0.03873	0.01325	0.00903	0.00810	0.07925	0.01318	0.01757	0.01447	0.02401	0.01390	0.05240	0.02736	0.63037	0.00710	0.00695	0.00389	0.00468
23	0.01969	0.62957	0.09145	0.01376	0.02048	0.02816	0.01414	0.02278	0.01620	0.01958	0.05336	0.01566	0.01397	0.00728	0.00544	0.00177	0.00825	0.00490	0.00365	0.00991
24	0.01882	0.48076	0.08031	0.01458	0.02008	0.05251	0.01414	0.02174	0.01521	0.01872	0.01264	0.01609	0.01151	0.01573	0.12028	0.00363	0.06519	0.00518	0.00348	0.00941
25	0.49439	0.01718	0.04330	0.01278	0.01808	0.01832	0.01089	0.11884	0.10551	0.07182	0.01598	0.01661	0.01182	0.00810	0.00593	0.00242	0.00666	0.00549	0.00585	0.01002
26	0.02213	0.06236	0.02229	0.01656	0.02141	0.01869	0.07679	0.30431	0.07740	0.05870	0.02471	0.05479	0.06272	0.05794	0.04894	0.03554	0.00877	0.00878	0.00653	0.01061
27	0.02129	0.02002	0.12065	0.07073	0.12552	0.01712	0.10035	0.08640	0.12797	0.13225	0.02025	0.02190	0.01483	0.00910	0.00884	0.03745	0.00887	0.00739	0.00571	0.04337

[dist]
# distance from previous block
# <min> <max>
13	40

[block]
# block no. 1 follows, 25 sequences, length 25
# corresponding to MSA columns:
# 291-315
name=unknown_B
#
# <colnr> <probs for GDERKNQSTAVLIFYWHMCP>
#	G	D	E	R	K	N	Q	S	T	A	V	L	I	F	Y	W	H	M	C	P
0	0.11056	0.01209	0.01435	0.09057	0.01961	0.01282	0.01062	0.09333	0.07820	0.10540	0.05726	0.23704	0.06830	0.04303	0.00946	0.00288	0.00625	0.01242	0.00685	0.00897
1	0.01613	0.01585	0.07661	0.01330	0.01933	0.01206	0.03578	0.08830	0.01856	0.02679	0.04528	0.05244	0.09674	0.04199	0.00846	0.00204	0.00660	0.00782	0.00534	0.41057
2	0.01690	0.03705	0.60572	0.02121	0.03190	0.01771	0.02660	0.02639	0.05827	0.06322	0.01601	0.01775	0.01125	0.00770	0.00742	0.00246	0.01084	0.00604	0.00394	0.01161
3	0.05161	0.48346	0.07376	0.01470	0.02083	0.10866	0.01400	0.02548	0.07473	0.02065	0.01338	0.01506	0.01149	0.00922	0.03254	0.00229	0.00938	0.00493	0.00390	0.00995
4	0.01168	0.00942	0.01085	0.01171	0.01322	0.04713	0.00891	0.01422	0.01792	0.02334	0.19051	0.30899	0.10705	0.02025	0.00970	0.00298	0.00547	0.17243	0.00731	0.00693
5	0.22024	0.03048	0.44526	0.01763	0.02651	0.01681	0.02118	0.02288	0.01564	0.02697	0.01889	0.02060	0.06936	0.00842	0.00684	0.00246	0.00932	0.00628	0.00404	0.01020
6	0.00942	0.00685	0.00889	0.01053	0.01118	0.00632	0.00708	0.01083	0.01510	0.01990	0.04596	0.66418	0.10747	0.02387	0.00983	0.00310	0.00445	0.02153	0.00720	0.00632
7	0.02107	0.01497	0.01681	0.01692	0.07721	0.07561	0.01220	0.02841	0.16926	0.18434	0.06053	0.04245	0.10221	0.03492	0.00938	0.00278	0.00709	0.10625	0.00731	0.01028
8	0.01892	0.08293	0.06342	0.17087	0.36353	0.03923	0.04998	0.02358	0.01748	0.05228	0.03515	0.02017	0.01365	0.00749	0.00753	0.00232	0.00950	0.00690	0.00409	0.01100
9	0.01713	0.02909	0.31906	0.02817	0.03756	0.01893	0.38587	0.02472	0.01748	0.02472	0.01493	0.01898	0.01094	0.00689	0.00839	0.00255	0.01238	0.00769	0.00365	0.01088
10	0.01221	0.00872	0.01217	0.01396	0.01562	0.00868	0.01201	0.01558	0.01757	0.02289	0.04121	0.14586	0.04524	0.02168	0.01063	0.00353	0.00690	0.57132	0.00714	0.00706
11	0.02660	0.17473	0.02667	0.02047	0.07386	0.42133	0.01528	0.10972	0.02226	0.02320	0.01280	0.01467	0.01057	0.00780	0.00673	0.00200	0.01175	0.00523	0.00433	0.00998
12	0.02522	0.13637	0.27756	0.01689	0.02508	0.01695	0.01829	0.03044	0.01895	0.32748	0.02110	0.02037	0.01416	0.00828	0.00719	0.00230	0.00872	0.00643	0.00619	0.01202
13	0.00986	0.00704	0.00947	0.01127	0.01190	0.00665	0.00792	0.01151	0.01525	0.02026	0.04251	0.63634	0.05038	0.02390	0.01001	0.00321	0.00486	0.10408	0.00719	0.00641
14	0.78228	0.01499	0.01140	0.01020	0.01499	0.01739	0.00840	0.02279	0.01320	0.03479	0.01080	0.01260	0.00840	0.00720	0.00480	0.00240	0.00600	0.00420	0.00480	0.00840
15	0.00945	0.00675	0.00900	0.01080	0.01125	0.00630	0.00720	0.01080	0.01484	0.01979	0.04274	0.72245	0.05128	0.02429	0.00990	0.00315	0.00450	0.02204	0.00720	0.00630
16	0.01608	0.01378	0.01608	0.01148	0.01837	0.01034	0.00919	0.01952	0.01608	0.02527	0.01378	0.01608	0.01148	0.00574	0.00574	0.00115	0.00574	0.00459	0.00459	0.77491
17	0.01014	0.00737	0.00958	0.01032	0.01151	0.00682	0.00736	0.01252	0.01793	0.02440	0.29080	0.39228	0.10464	0.02056	0.00958	0.00285	0.00424	0.04263	0.00771	0.00674
18	0.02932	0.02068	0.02247	0.01737	0.02345	0.02267	0.01430	0.56367	0.07309	0.10236	0.02042	0.01990	0.01433	0.00941	0.00777	0.00235	0.00822	0.00716	0.00792	0.01313
19	0.01128	0.00752	0.00846	0.00846	0.00846	0.00752	0.00470	0.01128	0.01128	0.01503	0.02443	0.05074	0.02819	0.72751	0.03946	0.00752	0.00752	0.01128	0.00470	0.00470
20	0.01758	0.01784	0.03127	0.13464	0.09143	0.02040	0.22917	0.04883	0.01626	0.02285	0.01424	0.03852	0.01218	0.00982	0.01444	0.00286	0.25609	0.00803	0.00391	0.00965
21	0.02157	0.01708	0.01829	0.01591	0.02063	0.01938	0.01253	0.11874	0.54408	0.07630	0.02985	0.02746	0.02205	0.01031	0.00787	0.00258	0.00647	0.00848	0.00798	0.01245
22	0.02818	0.03097	0.02323	0.02199	0.08585	0.44554	0.01575	0.20321	0.02559	0.02788	0.01407	0.01576	0.01109	0.00825	0.00727	0.00212	0.01202	0.00573	0.00503	0.01047
23	0.01952	0.01927	0.03042	0.08423	0.60345	0.05918	0.02313	0.02400	0.01779	0.02463	0.01438	0.01896	0.01203	0.00702	0.00764	0.00230	0.00956	0.00679	0.00382	0.01187
24	0.01717	0.03311	0.43477	0.05614	0.08713	0.05918	0.15403	0.02473	0.01717	0.02413	0.01421	0.01757	0.01045	0.00721	0.00775	0.00245	0.01171	0.00653	0.00350	0.01105

[dist]
# distance from previous block
# <min> <max>
1	4

[block]
# block no. 2 follows, 25 sequences, length 9
# corresponding to MSA columns:
# 320-328
name=unknown_C
#
# <colnr> <probs for GDERKNQSTAVLIFYWHMCP>
#	G	D	E	R	K	N	Q	S	T	A	V	L	I	F	Y	W	H	M	C	P
0	0.24798	0.01581	0.02021	0.34596	0.10830	0.05161	0.01687	0.02285	0.01580	0.06669	0.01394	0.01810	0.01051	0.00762	0.00682	0.00246	0.00886	0.00604	0.00431	0.00927
1	0.01620	0.01276	0.01664	0.01662	0.06602	0.01294	0.04111	0.02509	0.20748	0.06548	0.07803	0.05085	0.12057	0.01427	0.00881	0.00274	0.00649	0.17605	0.00706	0.05477
2	0.03554	0.01445	0.01750	0.11611	0.07822	0.04793	0.01307	0.06538	0.16534	0.07601	0.15820	0.06238	0.06299	0.01356	0.03655	0.00291	0.00749	0.00986	0.00667	0.00985
3	0.14568	0.01720	0.05540	0.11385	0.26629	0.01726	0.01763	0.09405	0.04545	0.02898	0.04512	0.06389	0.01776	0.00939	0.00750	0.00248	0.00815	0.02838	0.00504	0.01050
4	0.40913	0.01434	0.01451	0.01430	0.06543	0.01609	0.01047	0.09587	0.01714	0.03197	0.06140	0.02407	0.07126	0.01480	0.08190	0.00353	0.03258	0.00693	0.00540	0.00888
5	0.01890	0.01933	0.03088	0.14365	0.38530	0.06978	0.11228	0.02343	0.01725	0.02336	0.01405	0.01909	0.01155	0.00763	0.00935	0.00246	0.06999	0.00707	0.00376	0.01088
6	0.07418	0.01566	0.02536	0.31144	0.22666	0.01717	0.07289	0.05008	0.01749	0.02472	0.03852	0.02390	0.05225	0.00839	0.00775	0.00248	0.00925	0.00767	0.00428	0.00987
7	0.01994	0.02155	0.06973	0.04333	0.57565	0.08555	0.02321	0.02455	0.01801	0.02466	0.01429	0.01851	0.01191	0.00704	0.00759	0.00228	0.00982	0.00665	0.00382	0.01191
8	0.37303	0.09794	0.02017	0.06175	0.11484	0.01855	0.01287	0.06476	0.01713	0.13183	0.01508	0.01655	0.01123	0.00763	0.00607	0.00231	0.00725	0.00549	0.00533	0.01019

[dist]
# distance from previous block
# <min> <max>
27	193

[block]
# block no. 3 follows, 25 sequences, length 7
# corresponding to MSA columns:
# 536-542
name=unknown_D
#
# <colnr> <probs for GDERKNQSTAVLIFYWHMCP>
#	G	D	E	R	K	N	Q	S	T	A	V	L	I	F	Y	W	H	M	C	P
0	0.05558	0.10181	0.07836	0.04131	0.02360	0.05446	0.04376	0.15486	0.02142	0.13709	0.03478	0.01923	0.01414	0.00843	0.00819	0.00216	0.05490	0.00635	0.00574	0.13382
1	0.16157	0.02081	0.16943	0.09352	0.02649	0.01659	0.05695	0.12587	0.02008	0.07955	0.07642	0.02446	0.05447	0.00919	0.00735	0.00241	0.00830	0.00744	0.00554	0.03355
2	0.01934	0.06270	0.01796	0.01366	0.01774	0.05033	0.01103	0.17113	0.05840	0.02982	0.02186	0.06010	0.04172	0.01232	0.04051	0.00261	0.07073	0.00764	0.14981	0.14062
3	0.01555	0.01024	0.01277	0.01117	0.01364	0.01089	0.04005	0.05435	0.01672	0.02759	0.02176	0.02604	0.01753	0.01363	0.07058	0.00296	0.07729	0.00719	0.49267	0.05739
4	0.01361	0.01180	0.04790	0.01218	0.01504	0.01034	0.00953	0.09207	0.05304	0.02579	0.09987	0.35141	0.08142	0.04918	0.01017	0.00287	0.00558	0.01521	0.00685	0.08617
5	0.06276	0.02079	0.16919	0.05346	0.07216	0.01687	0.01668	0.10178	0.18390	0.05386	0.04770	0.03140	0.07103	0.01070	0.00789	0.00257	0.00789	0.05242	0.00610	0.01085
6	0.13844	0.26504	0.17385	0.01648	0.02315	0.18253	0.01628	0.02626	0.05256	0.02313	0.01290	0.01460	0.01044	0.00742	0.00611	0.00208	0.00987	0.00496	0.00395	0.00995

[dist]
# distance from previous block
# <min> <max>
16	56

[block]
# block no. 4 follows, 25 sequences, length 6
# corresponding to MSA columns:
# 605-610
name=unknown_E
#
# <colnr> <probs for GDERKNQSTAVLIFYWHMCP>
#	G	D	E	R	K	N	Q	S	T	A	V	L	I	F	Y	W	H	M	C	P
0	0.05414	0.07888	0.01906	0.01646	0.07116	0.04362	0.03571	0.02581	0.21311	0.04509	0.06819	0.12336	0.09067	0.01214	0.00777	0.00241	0.00656	0.01034	0.00636	0.06914
1	0.11717	0.05851	0.13149	0.06768	0.02267	0.01454	0.08516	0.01912	0.01590	0.02477	0.09673	0.11790	0.02413	0.01220	0.00979	0.05151	0.04046	0.00933	0.07250	0.00842
2	0.04710	0.11534	0.03062	0.02266	0.07640	0.01846	0.25182	0.07234	0.01801	0.02560	0.01822	0.07056	0.01607	0.04677	0.01016	0.00266	0.04278	0.00859	0.09623	0.00959
3	0.02032	0.05355	0.01902	0.01524	0.04621	0.04267	0.01164	0.16277	0.05871	0.07436	0.02049	0.09424	0.01786	0.01347	0.06273	0.00282	0.00814	0.00783	0.00595	0.26198
4	0.08619	0.17014	0.06500	0.01329	0.01743	0.01567	0.03714	0.01854	0.01617	0.02382	0.12212	0.11400	0.02811	0.04147	0.03793	0.00294	0.04089	0.03912	0.03489	0.07514
5	0.06562	0.01258	0.09674	0.01184	0.01506	0.00940	0.01034	0.01708	0.01909	0.06950	0.36508	0.19402	0.05241	0.01564	0.00870	0.00259	0.00518	0.01367	0.00738	0.00807

[dist]
# distance from previous block
# <min> <max>
5	23

[block]
# block no. 5 follows, 25 sequences, length 42
# corresponding to MSA columns:
# 634-675
name=unknown_F
#
# <colnr> <probs for GDERKNQSTAVLIFYWHMCP>
#	G	D	E	R	K	N	Q	S	T	A	V	L	I	F	Y	W	H	M	C	P
0	0.07166	0.10297	0.05830	0.01419	0.04478	0.13607	0.01142	0.04714	0.01739	0.02523	0.01815	0.02174	0.01484	0.01468	0.09644	0.00334	0.00936	0.00627	0.27740	0.00863
1	0.06637	0.02426	0.15548	0.01631	0.02163	0.17159	0.01506	0.12677	0.04302	0.02764	0.06291	0.02593	0.07032	0.01582	0.09294	0.00356	0.01081	0.00754	0.03241	0.00965
2	0.24928	0.15055	0.05361	0.01524	0.01982	0.13089	0.01327	0.02542	0.01614	0.10779	0.01352	0.01552	0.01070	0.00871	0.00949	0.00238	0.13815	0.00532	0.00467	0.00954
3	0.08224	0.25569	0.10086	0.01475	0.02081	0.04515	0.01388	0.06754	0.12752	0.10952	0.07317	0.02167	0.01877	0.00877	0.00667	0.00218	0.00773	0.00660	0.00573	0.01075
4	0.01697	0.01254	0.01402	0.01245	0.01502	0.01350	0.00928	0.19390	0.07071	0.02875	0.05628	0.13833	0.08621	0.19735	0.01707	0.00385	0.03884	0.01157	0.05485	0.00850
5	0.40243	0.08900	0.01871	0.08230	0.02202	0.17351	0.01216	0.07464	0.01752	0.02925	0.01198	0.01417	0.00948	0.00755	0.00584	0.00225	0.00866	0.00486	0.00458	0.00908
6	0.06767	0.53368	0.12058	0.01404	0.02075	0.02627	0.01456	0.02259	0.01577	0.02063	0.03868	0.01564	0.01284	0.00950	0.03712	0.00234	0.00894	0.00495	0.00366	0.00980
7	0.01347	0.00673	0.01010	0.01010	0.01010	0.00673	0.00673	0.01010	0.01010	0.01347	0.01347	0.02357	0.01347	0.02694	0.03030	0.77441	0.00673	0.00673	0.00337	0.00337
8	0.01547	0.01336	0.02046	0.22758	0.18724	0.01439	0.01734	0.05906	0.01827	0.02411	0.02914	0.04544	0.09181	0.01291	0.00875	0.00279	0.00833	0.18912	0.00529	0.00914
9	0.01523	0.00875	0.01149	0.01049	0.01282	0.00799	0.00785	0.01827	0.02052	0.14863	0.44930	0.11182	0.05781	0.07046	0.01131	0.00289	0.00457	0.01340	0.00831	0.00810
10	0.01144	0.00813	0.01160	0.01160	0.01292	0.00927	0.00886	0.01408	0.01276	0.01890	0.02153	0.03189	0.02012	0.10546	0.57348	0.01097	0.01795	0.00843	0.08383	0.00678
11	0.01347	0.00673	0.01010	0.01010	0.01010	0.00673	0.00673	0.01010	0.01010	0.01347	0.01347	0.02357	0.01347	0.02694	0.03030	0.77441	0.00673	0.00673	0.00337	0.00337
12	0.02073	0.73217	0.04063	0.01327	0.01990	0.03068	0.01327	0.02322	0.01575	0.01824	0.01078	0.01244	0.00995	0.00663	0.00498	0.00166	0.00829	0.00415	0.00332	0.00995
13	0.02735	0.02381	0.02187	0.01787	0.02326	0.15992	0.01430	0.40530	0.15814	0.03953	0.01983	0.01972	0.01461	0.00928	0.00763	0.00232	0.00917	0.00693	0.00702	0.01215
14	0.01277	0.12940	0.01496	0.01051	0.01203	0.01191	0.00769	0.01403	0.01270	0.01677	0.02269	0.07156	0.02468	0.39258	0.18587	0.00736	0.01061	0.03107	0.00454	0.00626
15	0.01136	0.00872	0.01300	0.01284	0.01415	0.01036	0.01004	0.01407	0.01243	0.01803	0.02027	0.02982	0.01895	0.05604	0.66493	0.01203	0.05362	0.00824	0.00412	0.00700
16	0.14793	0.01562	0.02264	0.02100	0.07769	0.04607	0.16036	0.06451	0.01851	0.02721	0.02498	0.06730	0.02460	0.01298	0.00868	0.00287	0.00881	0.23360	0.00562	0.00903
17	0.01464	0.01378	0.02326	0.70887	0.05340	0.01723	0.02153	0.01981	0.01550	0.01981	0.01378	0.02067	0.01034	0.00775	0.00775	0.00258	0.01034	0.00689	0.00345	0.00861
18	0.02658	0.03060	0.02121	0.04331	0.02406	0.48319	0.01462	0.11254	0.07680	0.02402	0.01512	0.01713	0.01216	0.01156	0.05108	0.00278	0.01291	0.00585	0.00481	0.00967
19	0.01109	0.00826	0.01221	0.01221	0.01350	0.00955	0.00937	0.01368	0.01239	0.01781	0.02100	0.03175	0.01994	0.10074	0.65496	0.01215	0.01993	0.00850	0.00419	0.00678
20	0.01125	0.00762	0.00896	0.00896	0.00914	0.00779	0.00533	0.01160	0.01143	0.01541	0.02397	0.04817	0.02707	0.64265	0.12280	0.00814	0.00920	0.01090	0.00463	0.00498
21	0.01154	0.00895	0.01319	0.01293	0.01415	0.01070	0.01007	0.01412	0.01237	0.01794	0.02008	0.03015	0.01899	0.07892	0.62123	0.01158	0.07371	0.00830	0.00411	0.00696
22	0.02896	0.03695	0.02197	0.01998	0.02397	0.69638	0.01498	0.03096	0.02197	0.01898	0.01199	0.01398	0.00999	0.00799	0.00699	0.00200	0.01398	0.00499	0.00400	0.00899
23	0.01359	0.00978	0.01117	0.01048	0.01326	0.00930	0.00809	0.05679	0.06799	0.06799	0.19747	0.07887	0.31521	0.04588	0.01026	0.00283	0.00490	0.06056	0.00764	0.00795
24	0.01707	0.01539	0.02436	0.11267	0.34700	0.01571	0.04049	0.07313	0.01972	0.02714	0.13230	0.03154	0.09012	0.01000	0.00814	0.00240	0.00795	0.00915	0.00525	0.01044
25	0.01974	0.01688	0.01779	0.01587	0.02034	0.01950	0.01238	0.06866	0.63693	0.03317	0.03098	0.02847	0.02320	0.01047	0.00788	0.00262	0.00624	0.00869	0.00788	0.01231
26	0.07006	0.01682	0.03018	0.08054	0.03051	0.01816	0.29428	0.02184	0.04202	0.02363	0.01894	0.07986	0.01741	0.01092	0.01221	0.00288	0.15462	0.06139	0.00452	0.00922
27	0.01863	0.02450	0.26024	0.02007	0.02748	0.01688	0.12478	0.02957	0.19406	0.09781	0.08524	0.02566	0.02108	0.00915	0.00803	0.00252	0.00900	0.00816	0.00582	0.01129
28	0.02766	0.01997	0.02134	0.01656	0.02224	0.02202	0.01361	0.57676	0.03402	0.04646	0.01942	0.01986	0.01399	0.00927	0.00747	0.00226	0.00794	0.00701	0.09966	0.01247
29	0.01906	0.01647	0.01793	0.01702	0.04684	0.01891	0.01275	0.03966	0.61737	0.03184	0.03118	0.03047	0.02390	0.01073	0.00797	0.00265	0.00629	0.02914	0.00770	0.01210
30	0.01347	0.00673	0.01010	0.01010	0.01010	0.00673	0.00673	0.01010	0.01010	0.01347	0.01347	0.02357	0.01347	0.02694	0.03030	0.77441	0.00673	0.00673	0.00337	0.00337
31	0.01852	0.31948	0.11908	0.01600	0.02123	0.09735	0.03947	0.02170	0.01548	0.01912	0.01396	0.01975	0.01292	0.08769	0.08458	0.00375	0.07117	0.00606	0.00365	0.00908
32	0.01663	0.01391	0.01705	0.01244	0.01905	0.01095	0.03525	0.02087	0.04289	0.04738	0.01792	0.01965	0.04070	0.00669	0.00618	0.00137	0.00601	0.00556	0.00498	0.65451
33	0.01608	0.01378	0.01608	0.01148	0.01837	0.01034	0.00919	0.01952	0.01608	0.02527	0.01378	0.01608	0.01148	0.00574	0.00574	0.00115	0.00574	0.00459	0.00459	0.77491
34	0.01734	0.01738	0.10169	0.01505	0.02143	0.01302	0.06033	0.09710	0.01887	0.05058	0.02123	0.11726	0.03860	0.00960	0.00721	0.00194	0.00715	0.00829	0.00539	0.37055
35	0.71944	0.01567	0.03771	0.01064	0.01557	0.01699	0.00914	0.02251	0.01369	0.03423	0.03929	0.01468	0.01122	0.00757	0.00508	0.00240	0.00611	0.00468	0.00490	0.00847
36	0.01308	0.00908	0.01283	0.04396	0.01737	0.00913	0.01237	0.01649	0.01762	0.04546	0.03967	0.14004	0.04287	0.02068	0.01041	0.00345	0.00702	0.52406	0.00707	0.00734
37	0.01675	0.20002	0.53790	0.02006	0.03040	0.02094	0.02509	0.02425	0.01623	0.02310	0.01319	0.01546	0.00985	0.00720	0.00681	0.00227	0.01073	0.00536	0.00328	0.01111
38	0.06765	0.13714	0.02419	0.01724	0.01934	0.06341	0.01450	0.02113	0.01388	0.06151	0.01278	0.01833	0.01174	0.04238	0.04976	0.00347	0.40237	0.00638	0.00399	0.00883
39	0.00961	0.00690	0.00901	0.01051	0.01111	0.00643	0.00704	0.01107	0.01525	0.02034	0.08327	0.62453	0.07652	0.05512	0.01115	0.00328	0.00456	0.02083	0.00717	0.00630
40	0.02307	0.01428	0.08584	0.01316	0.01813	0.01091	0.01165	0.05148	0.02143	0.33384	0.20739	0.06550	0.08465	0.01242	0.00831	0.00246	0.00610	0.01047	0.00828	0.01062
41	0.04576	0.01070	0.01223	0.01128	0.01343	0.01140	0.00819	0.08587	0.08285	0.04414	0.03020	0.04122	0.10486	0.28624	0.17181	0.00655	0.00987	0.01014	0.00572	0.00755

[dist]
# distance from previous block
# <min> <max>
49	191

[block]
# block no. 6 follows, 25 sequences, length 9
# corresponding to MSA columns:
# 897-905
name=unknown_G
#
# <colnr> <probs for GDERKNQSTAVLIFYWHMCP>
#	G	D	E	R	K	N	Q	S	T	A	V	L	I	F	Y	W	H	M	C	P
0	0.15550	0.09218	0.20862	0.01440	0.01972	0.05069	0.01447	0.01945	0.01488	0.02291	0.02108	0.11231	0.05104	0.06797	0.05236	0.05207	0.00897	0.00851	0.00446	0.00842
1	0.09865	0.27215	0.05885	0.01408	0.01917	0.18070	0.01248	0.02397	0.01811	0.05615	0.08671	0.02294	0.05739	0.00905	0.00641	0.00204	0.00854	0.00652	0.03688	0.00921
2	0.05917	0.14666	0.05954	0.12239	0.02837	0.12562	0.10518	0.08758	0.01901	0.02500	0.01455	0.01788	0.01158	0.00918	0.03033	0.00247	0.01017	0.00614	0.05253	0.06665
3	0.02251	0.16543	0.02824	0.04607	0.07858	0.14921	0.09594	0.11043	0.02031	0.05988	0.01613	0.03837	0.01328	0.00863	0.00832	0.00224	0.05775	0.00678	0.06172	0.01018
4	0.01143	0.00870	0.01072	0.01171	0.01339	0.00856	0.00899	0.01568	0.08449	0.02219	0.04728	0.30334	0.16685	0.04927	0.01098	0.00329	0.00548	0.20334	0.00715	0.00717
5	0.01785	0.14495	0.02469	0.04532	0.02204	0.08137	0.06697	0.02290	0.09157	0.02228	0.05268	0.05893	0.05010	0.01078	0.01145	0.00243	0.17128	0.00798	0.00477	0.08966
6	0.01279	0.03836	0.07487	0.01266	0.01552	0.01111	0.01067	0.05085	0.01665	0.02230	0.03882	0.29785	0.15111	0.05410	0.01169	0.00303	0.05857	0.05697	0.00615	0.05592
7	0.20287	0.06702	0.25329	0.01592	0.02293	0.01807	0.01674	0.08241	0.10967	0.02956	0.02177	0.04729	0.06285	0.00944	0.00694	0.00244	0.00811	0.00720	0.00515	0.01035
8	0.02133	0.02614	0.14446	0.01747	0.02302	0.21044	0.01570	0.11753	0.14879	0.02779	0.05466	0.02390	0.04441	0.01253	0.05098	0.00294	0.01040	0.00729	0.00556	0.03465

[dist]
# distance from previous block
# <min> <max>
7	12

[block]
# block no. 7 follows, 25 sequences, length 10
# corresponding to MSA columns:
# 918-927
name=unknown_H
#
# <colnr> <probs for GDERKNQSTAVLIFYWHMCP>
#	G	D	E	R	K	N	Q	S	T	A	V	L	I	F	Y	W	H	M	C	P
0	0.01502	0.01140	0.01509	0.04736	0.01752	0.01189	0.04067	0.08622	0.01850	0.02669	0.10693	0.15052	0.03144	0.05361	0.01132	0.00281	0.06636	0.07024	0.13948	0.07693
1	0.01798	0.21017	0.13859	0.01604	0.02181	0.07042	0.07539	0.04115	0.05942	0.02531	0.11953	0.02473	0.02238	0.00896	0.00692	0.00214	0.00821	0.00732	0.11390	0.00962
2	0.08114	0.08453	0.02049	0.04135	0.06099	0.01777	0.01261	0.17468	0.07523	0.07254	0.02107	0.11482	0.01879	0.02927	0.00900	0.00246	0.04191	0.00852	0.00606	0.10679
3	0.11900	0.01719	0.01810	0.01474	0.01982	0.01873	0.01194	0.32858	0.12996	0.08345	0.06715	0.02833	0.08798	0.01074	0.00764	0.00243	0.00692	0.00839	0.00752	0.01138
4	0.01586	0.01333	0.01651	0.04919	0.04187	0.01452	0.01199	0.07929	0.13369	0.02783	0.15155	0.04097	0.11523	0.01329	0.01081	0.00260	0.10667	0.06532	0.00652	0.08297
5	0.01911	0.01492	0.01991	0.16717	0.09688	0.01680	0.01503	0.07652	0.20605	0.09073	0.06095	0.06011	0.02187	0.04294	0.01052	0.00282	0.05206	0.00886	0.00623	0.01049
6	0.09314	0.01776	0.02710	0.03794	0.48975	0.01841	0.02019	0.07423	0.05932	0.02821	0.01591	0.01966	0.01304	0.00981	0.04044	0.00282	0.00921	0.00684	0.00451	0.01172
7	0.06834	0.01870	0.08121	0.15416	0.03393	0.01774	0.23874	0.04189	0.08006	0.09165	0.01817	0.02144	0.01336	0.00807	0.00873	0.00255	0.04175	0.00770	0.04149	0.01032
8	0.09111	0.01883	0.02813	0.07755	0.50499	0.04514	0.02118	0.07367	0.01878	0.02752	0.01441	0.01841	0.01179	0.00721	0.00739	0.00232	0.00911	0.00659	0.00422	0.01166
9	0.01878	0.01801	0.03073	0.10704	0.62289	0.01832	0.02359	0.02344	0.01746	0.02483	0.01451	0.01932	0.01211	0.00698	0.00768	0.00233	0.00931	0.00691	0.00380	0.01195

[dist]
# distance from previous block
# <min> <max>
4	5

[block]
# block no. 8 follows, 25 sequences, length 7
# corresponding to MSA columns:
# 934-940
name=unknown_I
#
# <colnr> <probs for GDERKNQSTAVLIFYWHMCP>
#	G	D	E	R	K	N	Q	S	T	A	V	L	I	F	Y	W	H	M	C	P
0	0.05546	0.01681	0.02685	0.36699	0.15407	0.05827	0.12243	0.02163	0.01657	0.02230	0.01562	0.05966	0.01312	0.00834	0.00789	0.00253	0.01025	0.00787	0.00391	0.00943
1	0.02496	0.01501	0.01987	0.20870	0.02945	0.01557	0.01449	0.17310	0.02294	0.26306	0.02536	0.02567	0.06033	0.00947	0.00774	0.00237	0.00786	0.00775	0.00697	0.05933
2	0.01634	0.01594	0.02877	0.26239	0.17400	0.01744	0.16851	0.02064	0.01589	0.02165	0.01555	0.05703	0.01341	0.00993	0.01132	0.05116	0.07865	0.00820	0.00383	0.00936
3	0.05337	0.01494	0.02437	0.35228	0.26816	0.01657	0.02008	0.02168	0.01615	0.05973	0.01486	0.02030	0.01166	0.00891	0.00921	0.05788	0.00926	0.00681	0.00399	0.00979
4	0.01961	0.02016	0.02927	0.03775	0.44054	0.10344	0.08804	0.02492	0.05632	0.02457	0.02001	0.02331	0.06074	0.00814	0.00787	0.00234	0.00966	0.00770	0.00435	0.01125
5	0.01282	0.00926	0.01104	0.01132	0.01273	0.00925	0.00788	0.11032	0.01781	0.02361	0.03846	0.46433	0.08292	0.13314	0.01420	0.00368	0.00556	0.01763	0.00689	0.00713
6	0.02105	0.01512	0.01689	0.01405	0.01819	0.01592	0.01097	0.30618	0.05871	0.05543	0.02415	0.13649	0.02206	0.08604	0.04244	0.00332	0.00760	0.00979	0.05137	0.08424

[dist]
# distance from previous block
# <min> <max>
4	17

[block]
# block no. 9 follows, 25 sequences, length 118
# corresponding to MSA columns:
# 958-1075
name=unknown_J
#
# <colnr> <probs for GDERKNQSTAVLIFYWHMCP>
#	G	D	E	R	K	N	Q	S	T	A	V	L	I	F	Y	W	H	M	C	P
0	0.30244	0.02342	0.17342	0.03850	0.02209	0.12295	0.01471	0.02388	0.01617	0.05935	0.03968	0.01730	0.01264	0.00893	0.00773	0.04786	0.00866	0.00552	0.00456	0.05020
1	0.01122	0.00872	0.01040	0.01075	0.01273	0.00839	0.00812	0.01585	0.09019	0.02457	0.19647	0.22817	0.22691	0.01914	0.00940	0.00283	0.00468	0.09651	0.00758	0.00738
2	0.04724	0.01708	0.05416	0.01339	0.01727	0.11484	0.01062	0.07924	0.04977	0.02437	0.02543	0.17441	0.05329	0.11740	0.01228	0.00302	0.00753	0.01037	0.00558	0.16272
3	0.01599	0.06431	0.58862	0.04965	0.08154	0.01850	0.02742	0.02427	0.01641	0.02419	0.01384	0.01659	0.01003	0.00732	0.00731	0.00242	0.01113	0.00580	0.00332	0.01135
4	0.01912	0.08690	0.48587	0.02019	0.02982	0.01919	0.02409	0.08814	0.01867	0.08582	0.01550	0.01723	0.01103	0.00795	0.00798	0.00241	0.03827	0.00596	0.00430	0.01156
5	0.01205	0.00879	0.01166	0.01154	0.01288	0.00971	0.00868	0.03606	0.01416	0.02004	0.02785	0.09329	0.07029	0.15068	0.35560	0.00832	0.04225	0.03510	0.06423	0.00681
6	0.02663	0.02052	0.02105	0.01642	0.02207	0.06086	0.01332	0.49644	0.03157	0.04243	0.01836	0.01994	0.01380	0.03772	0.00867	0.00238	0.00828	0.00682	0.04800	0.08473
7	0.02626	0.06603	0.01881	0.01328	0.01917	0.01367	0.01096	0.05977	0.08679	0.35421	0.02779	0.02583	0.05576	0.00920	0.00722	0.00210	0.00641	0.00739	0.00763	0.18172
8	0.01990	0.13831	0.02025	0.01396	0.01835	0.12859	0.01135	0.14905	0.10699	0.02819	0.09322	0.03553	0.18155	0.01194	0.00765	0.00228	0.00749	0.00936	0.00635	0.00967
9	0.00925	0.00750	0.00822	0.00880	0.01072	0.00647	0.00631	0.01102	0.01676	0.02058	0.06704	0.28285	0.47519	0.02113	0.00940	0.00279	0.00411	0.01819	0.00720	0.00647
10	0.36205	0.04780	0.05277	0.01407	0.01934	0.09344	0.01210	0.12574	0.05117	0.08794	0.01681	0.02028	0.01327	0.00881	0.00641	0.00240	0.00779	0.04210	0.00573	0.00997
11	0.01919	0.01842	0.03147	0.04759	0.67914	0.01842	0.02380	0.02380	0.01765	0.02533	0.01458	0.01919	0.01228	0.00691	0.00768	0.00230	0.00921	0.00691	0.00384	0.01228
12	0.01108	0.00831	0.01246	0.01246	0.01385	0.00969	0.00969	0.01385	0.01246	0.01800	0.02077	0.03046	0.01938	0.05815	0.69678	0.01246	0.02077	0.00831	0.00415	0.00692
13	0.01347	0.00673	0.01010	0.01010	0.01010	0.00673	0.00673	0.01010	0.01010	0.01347	0.01347	0.02357	0.01347	0.02694	0.03030	0.77441	0.00673	0.00673	0.00337	0.00337
14	0.01436	0.00834	0.00968	0.04998	0.01270	0.00906	0.00743	0.01755	0.01558	0.02653	0.02394	0.06447	0.02000	0.01076	0.00825	0.02917	0.06028	0.00795	0.59676	0.00722
15	0.01830	0.02092	0.04575	0.03268	0.04052	0.01961	0.65098	0.02484	0.01830	0.02484	0.01569	0.02092	0.01176	0.00654	0.00915	0.00261	0.01307	0.00915	0.00392	0.01046
16	0.01464	0.01378	0.02326	0.70887	0.05340	0.01723	0.02153	0.01981	0.01550	0.01981	0.01378	0.02067	0.01034	0.00775	0.00775	0.00258	0.01034	0.00689	0.00345	0.00861
17	0.01108	0.00831	0.01246	0.01246	0.01385	0.00969	0.00969	0.01385	0.01246	0.01800	0.02077	0.03046	0.01938	0.05815	0.69678	0.01246	0.02077	0.00831	0.00415	0.00692
18	0.01119	0.00905	0.01306	0.01292	0.01459	0.00883	0.06461	0.01482	0.06987	0.02114	0.04062	0.48309	0.09705	0.04595	0.05110	0.00370	0.00640	0.01813	0.00671	0.00718
19	0.00945	0.00675	0.00900	0.01080	0.01125	0.00630	0.00720	0.01080	0.01484	0.01979	0.04274	0.72245	0.05128	0.02429	0.00990	0.00315	0.00450	0.02204	0.00720	0.00630
20	0.01128	0.00752	0.00846	0.00846	0.00846	0.00752	0.00470	0.01128	0.01128	0.01503	0.02443	0.05074	0.02819	0.72751	0.03946	0.00752	0.00752	0.01128	0.00470	0.00470
21	0.02940	0.02402	0.02307	0.01816	0.02403	0.12546	0.01477	0.55941	0.03427	0.04436	0.01762	0.01792	0.01270	0.00911	0.00764	0.00228	0.00935	0.00668	0.00719	0.01255
22	0.01602	0.01519	0.02575	0.50830	0.24319	0.01759	0.02222	0.02102	0.01616	0.02148	0.01402	0.02022	0.01093	0.00750	0.00773	0.00250	0.00999	0.00690	0.00356	0.00973
23	0.01122	0.00775	0.00966	0.00966	0.01007	0.00817	0.00620	0.01205	0.01163	0.01592	0.02333	0.04466	0.02555	0.52675	0.23661	0.00900	0.01149	0.01039	0.00453	0.00537
24	0.02073	0.73217	0.04063	0.01327	0.01990	0.03068	0.01327	0.02322	0.01575	0.01824	0.01078	0.01244	0.00995	0.00663	0.00498	0.00166	0.00829	0.00415	0.00332	0.00995
25	0.02010	0.43854	0.20794	0.01606	0.02356	0.07769	0.01721	0.04917	0.01725	0.02161	0.01259	0.01449	0.01044	0.00713	0.00589	0.00193	0.00939	0.00486	0.03384	0.01030
26	0.78228	0.01499	0.01140	0.01020	0.01499	0.01739	0.00840	0.02279	0.01320	0.03479	0.01080	0.01260	0.00840	0.00720	0.00480	0.00240	0.00600	0.00420	0.00480	0.00840
27	0.00940	0.00786	0.00818	0.00810	0.01062	0.00665	0.00608	0.01159	0.01823	0.02227	0.15666	0.07243	0.59705	0.01914	0.00916	0.00259	0.00389	0.01606	0.00737	0.00665
28	0.01828	0.01918	0.06952	0.12702	0.50661	0.01852	0.05288	0.02319	0.01711	0.02431	0.01432	0.01920	0.01179	0.00729	0.00844	0.00241	0.03774	0.00694	0.00374	0.01154
29	0.01249	0.00892	0.01249	0.01428	0.01606	0.00892	0.01249	0.01606	0.01785	0.02320	0.04105	0.08746	0.04462	0.02142	0.01071	0.00357	0.00714	0.62695	0.00714	0.00714
30	0.02073	0.73217	0.04063	0.01327	0.01990	0.03068	0.01327	0.02322	0.01575	0.01824	0.01078	0.01244	0.00995	0.00663	0.00498	0.00166	0.00829	0.00415	0.00332	0.00995
31	0.10125	0.07635	0.51893	0.02240	0.08505	0.01872	0.02508	0.02422	0.01609	0.02538	0.01344	0.01596	0.00988	0.00727	0.00697	0.00239	0.01048	0.00557	0.00349	0.01110
32	0.01555	0.04011	0.68733	0.02210	0.03356	0.01801	0.02865	0.02455	0.01637	0.02455	0.01391	0.01637	0.00982	0.00737	0.00737	0.00246	0.01146	0.00573	0.00327	0.01146
33	0.78228	0.01499	0.01140	0.01020	0.01499	0.01739	0.00840	0.02279	0.01320	0.03479	0.01080	0.01260	0.00840	0.00720	0.00480	0.00240	0.00600	0.00420	0.00480	0.00840
34	0.01347	0.00673	0.01010	0.01010	0.01010	0.00673	0.00673	0.01010	0.01010	0.01347	0.01347	0.02357	0.01347	0.02694	0.03030	0.77441	0.00673	0.00673	0.00337	0.00337
35	0.01128	0.00752	0.00846	0.00846	0.00846	0.00752	0.00470	0.01128	0.01128	0.01503	0.02443	0.05074	0.02819	0.72751	0.03946	0.00752	0.00752	0.01128	0.00470	0.00470
36	0.02947	0.02172	0.02327	0.01784	0.02404	0.02404	0.01474	0.65329	0.03646	0.04887	0.01862	0.01862	0.01319	0.00931	0.00776	0.00233	0.00853	0.00698	0.00776	0.01319
37	0.01097	0.00793	0.01036	0.00975	0.01158	0.00732	0.00732	0.01463	0.02195	0.03109	0.67505	0.05792	0.07316	0.01585	0.00914	0.00244	0.00366	0.01402	0.00854	0.00732
38	0.01929	0.01666	0.01753	0.01578	0.02016	0.01929	0.01227	0.04120	0.66513	0.03243	0.03156	0.02893	0.02367	0.01052	0.00789	0.00263	0.00614	0.00877	0.00789	0.01227
39	0.01608	0.01378	0.01608	0.01148	0.01837	0.01034	0.00919	0.01952	0.01608	0.02527	0.01378	0.01608	0.01148	0.00574	0.00574	0.00115	0.00574	0.00459	0.00459	0.77491
40	0.01570	0.03908	0.65294	0.02267	0.03393	0.01809	0.06201	0.02457	0.01647	0.02457	0.01401	0.01661	0.00993	0.00732	0.00746	0.00246	0.01155	0.00591	0.00331	0.01141
41	0.02316	0.01288	0.01593	0.01286	0.01779	0.01155	0.01019	0.10820	0.02117	0.27298	0.05904	0.14980	0.04787	0.01191	0.00779	0.00224	0.00605	0.01006	0.00761	0.19093
42	0.00918	0.00777	0.00794	0.00807	0.01053	0.00653	0.00599	0.01110	0.01746	0.02086	0.07590	0.12255	0.62978	0.01998	0.00922	0.00266	0.00397	0.01678	0.00720	0.00653
43	0.03479	0.01320	0.01799	0.01380	0.01979	0.01140	0.01140	0.03779	0.02219	0.68451	0.03059	0.02639	0.01919	0.00960	0.00780	0.00240	0.00660	0.00780	0.00960	0.01320
44	0.04779	0.01683	0.02772	0.32048	0.24865	0.04375	0.10323	0.02186	0.01647	0.02252	0.01409	0.01978	0.01120	0.00819	0.00880	0.03798	0.01013	0.00700	0.00371	0.00980
45	0.01669	0.01656	0.02322	0.01999	0.02005	0.02309	0.01662	0.01843	0.01190	0.01863	0.01067	0.01760	0.01061	0.01566	0.05686	0.00382	0.68091	0.00686	0.00343	0.00841
46	0.01727	0.01787	0.02880	0.02319	0.02499	0.02280	0.16250	0.02008	0.01335	0.02008	0.01144	0.01787	0.01054	0.01196	0.02170	0.00321	0.55257	0.00733	0.00351	0.00894
47	0.03479	0.01320	0.01799	0.01380	0.01979	0.01140	0.01140	0.03779	0.02219	0.68451	0.03059	0.02639	0.01919	0.00960	0.00780	0.00240	0.00660	0.00780	0.00960	0.01320
48	0.01903	0.01571	0.04036	0.01492	0.01915	0.01582	0.03678	0.26039	0.11005	0.03414	0.09746	0.16515	0.10965	0.01408	0.00854	0.00259	0.00667	0.01200	0.00737	0.01018
49	0.01464	0.01378	0.02326	0.70887	0.05340	0.01723	0.02153	0.01981	0.01550	0.01981	0.01378	0.02067	0.01034	0.00775	0.00775	0.00258	0.01034	0.00689	0.00345	0.00861
50	0.01534	0.00808	0.00817	0.00785	0.00992	0.00822	0.00597	0.05556	0.01745	0.03009	0.02490	0.02830	0.01948	0.00905	0.00556	0.00184	0.00390	0.00721	0.72552	0.00758
51	0.49587	0.04653	0.01554	0.01252	0.01754	0.10669	0.01022	0.05086	0.01689	0.14338	0.01463	0.01536	0.01070	0.00777	0.00572	0.00231	0.00734	0.00502	0.00557	0.00954
52	0.19586	0.02138	0.08591	0.01606	0.02227	0.02118	0.01427	0.42044	0.02832	0.04238	0.01671	0.01752	0.01209	0.00863	0.00695	0.00233	0.00803	0.00625	0.04175	0.01167
53	0.62118	0.10421	0.01578	0.01120	0.01623	0.05212	0.00944	0.02386	0.01431	0.05844	0.01166	0.01321	0.00911	0.00726	0.00505	0.00229	0.00670	0.00438	0.00477	0.00881
54	0.01315	0.01030	0.01135	0.01096	0.01397	0.01013	0.00861	0.02023	0.17172	0.05097	0.10387	0.06237	0.36736	0.01704	0.00901	0.00273	0.00497	0.09541	0.00755	0.00830
55	0.00982	0.00788	0.00876	0.00854	0.01087	0.00682	0.00641	0.01239	0.01922	0.02461	0.29409	0.06858	0.45816	0.01827	0.00916	0.00255	0.00383	0.01552	0.00768	0.00682
56	0.00995	0.00789	0.00895	0.00868	0.01096	0.00688	0.00651	0.01266	0.01954	0.02538	0.33909	0.06732	0.41269	0.01798	0.00916	0.00254	0.00381	0.01534	0.00778	0.00688
57	0.02073	0.73217	0.04063	0.01327	0.01990	0.03068	0.01327	0.02322	0.01575	0.01824	0.01078	0.01244	0.00995	0.00663	0.00498	0.00166	0.00829	0.00415	0.00332	0.00995
58	0.05684	0.00941	0.00965	0.00905	0.01132	0.00979	0.00680	0.09536	0.01810	0.02994	0.02494	0.08063	0.02143	0.06441	0.00858	0.00243	0.00471	0.00846	0.52038	0.00776
59	0.01128	0.00752	0.00846	0.00846	0.00846	0.00752	0.00470	0.01128	0.01128	0.01503	0.02443	0.05074	0.02819	0.72751	0.03946	0.00752	0.00752	0.01128	0.00470	0.00470
60	0.01996	0.01651	0.01755	0.01569	0.02015	0.01894	0.01223	0.04105	0.63721	0.06075	0.03152	0.02882	0.02347	0.01048	0.00789	0.00262	0.00616	0.00872	0.00796	0.01231
61	0.78228	0.01499	0.01140	0.01020	0.01499	0.01739	0.00840	0.02279	0.01320	0.03479	0.01080	0.01260	0.00840	0.00720	0.00480	0.00240	0.00600	0.00420	0.00480	0.00840
62	0.01097	0.00793	0.01036	0.00975	0.01158	0.00732	0.00732	0.01463	0.02195	0.03109	0.67505	0.05792	0.07316	0.01585	0.00914	0.00244	0.00366	0.01402	0.00854	0.00732
63	0.78228	0.01499	0.01140	0.01020	0.01499	0.01739	0.00840	0.02279	0.01320	0.03479	0.01080	0.01260	0.00840	0.00720	0.00480	0.00240	0.00600	0.00420	0.00480	0.00840
64	0.78228	0.01499	0.01140	0.01020	0.01499	0.01739	0.00840	0.02279	0.01320	0.03479	0.01080	0.01260	0.00840	0.00720	0.00480	0.00240	0.00600	0.00420	0.00480	0.00840
65	0.02896	0.03695	0.02197	0.01998	0.02397	0.69638	0.01498	0.03096	0.02197	0.01898	0.01199	0.01398	0.00999	0.00799	0.00699	0.00200	0.01398	0.00499	0.00400	0.00899
66	0.03336	0.01549	0.01942	0.01488	0.02094	0.01480	0.01230	0.20363	0.02604	0.51324	0.02736	0.02430	0.01757	0.00952	0.00779	0.00238	0.00712	0.00758	0.00910	0.01319
67	0.00916	0.00785	0.00785	0.00785	0.01047	0.00655	0.00589	0.01113	0.01767	0.02095	0.07855	0.07462	0.67599	0.01964	0.00916	0.00262	0.00393	0.01636	0.00720	0.00655
68	0.01824	0.02073	0.04472	0.03210	0.03958	0.01980	0.62131	0.02455	0.01800	0.02455	0.01543	0.02073	0.01169	0.00687	0.00991	0.00265	0.04584	0.00904	0.00390	0.01037
69	0.01114	0.00746	0.00850	0.00863	0.00866	0.00743	0.00488	0.01124	0.01154	0.01539	0.02578	0.10035	0.02989	0.67557	0.03728	0.00719	0.00729	0.01207	0.00488	0.00482
70	0.03453	0.01361	0.01825	0.01399	0.02000	0.01202	0.01156	0.06800	0.02289	0.65330	0.03000	0.02601	0.01890	0.00958	0.00780	0.00240	0.00669	0.00776	0.00951	0.01319
71	0.01852	0.01731	0.02984	0.15307	0.12419	0.01812	0.22270	0.12905	0.02027	0.02736	0.01938	0.07908	0.01715	0.00995	0.00918	0.00265	0.03429	0.05272	0.00494	0.01021
72	0.01467	0.01372	0.02228	0.51732	0.04422	0.01651	0.04860	0.02042	0.05411	0.02101	0.02102	0.02858	0.06227	0.00972	0.00886	0.00268	0.04010	0.04104	0.00420	0.00868
73	0.02468	0.01663	0.01814	0.03765	0.02027	0.01809	0.01197	0.40890	0.02892	0.07304	0.02107	0.02219	0.01542	0.00919	0.00705	0.00218	0.00700	0.00709	0.23930	0.01122
74	0.08364	0.01728	0.02805	0.10223	0.33640	0.01872	0.08201	0.02357	0.01648	0.07307	0.01472	0.01911	0.01186	0.00832	0.01063	0.00256	0.12935	0.00694	0.00424	0.01083
75	0.01596	0.01549	0.02182	0.01901	0.01925	0.02135	0.01572	0.01784	0.01197	0.01855	0.01198	0.01927	0.01175	0.02118	0.13997	0.00494	0.59518	0.00705	0.00352	0.00822
76	0.01097	0.00793	0.01036	0.00975	0.01158	0.00732	0.00732	0.01463	0.02195	0.03109	0.67505	0.05792	0.07316	0.01585	0.00914	0.00244	0.00366	0.01402	0.00854	0.00732
77	0.01044	0.00889	0.00911	0.00887	0.01166	0.00808	0.00671	0.01482	0.09388	0.02276	0.10048	0.06849	0.57167	0.01839	0.00901	0.00261	0.00417	0.01536	0.00734	0.00725
78	0.09769	0.01335	0.01744	0.01349	0.01939	0.01190	0.01114	0.03652	0.02144	0.62983	0.02892	0.02523	0.01828	0.00939	0.00754	0.00240	0.00655	0.00749	0.00919	0.01279
79	0.00933	0.00786	0.00808	0.00803	0.01057	0.00662	0.00602	0.01145	0.01806	0.02187	0.13311	0.07309	0.62085	0.01929	0.00916	0.00260	0.00390	0.01615	0.00732	0.00662
80	0.02073	0.73217	0.04063	0.01327	0.01990	0.03068	0.01327	0.02322	0.01575	0.01824	0.01078	0.01244	0.00995	0.00663	0.00498	0.00166	0.00829	0.00415	0.00332	0.00995
81	0.00928	0.00767	0.00815	0.00843	0.01065	0.00653	0.00617	0.01121	0.01736	0.02115	0.09604	0.18447	0.54557	0.02028	0.00929	0.00270	0.00401	0.01724	0.00725	0.00653
82	0.02073	0.73217	0.04063	0.01327	0.01990	0.03068	0.01327	0.02322	0.01575	0.01824	0.01078	0.01244	0.00995	0.00663	0.00498	0.00166	0.00829	0.00415	0.00332	0.00995
83	0.01739	0.01557	0.04221	0.01252	0.01952	0.01199	0.01048	0.08294	0.01812	0.02759	0.01427	0.01634	0.01159	0.00616	0.00600	0.00132	0.00624	0.00487	0.00486	0.67001
84	0.01792	0.01674	0.02729	0.03995	0.53327	0.01691	0.02060	0.02364	0.07468	0.02524	0.01978	0.11215	0.01840	0.00950	0.00799	0.00244	0.00832	0.00905	0.00464	0.01150
85	0.01869	0.01791	0.03056	0.12097	0.60970	0.01829	0.02354	0.02335	0.01742	0.02472	0.01450	0.01935	0.01207	0.00700	0.00768	0.00233	0.00934	0.00691	0.00379	0.01187
86	0.00920	0.00770	0.00801	0.00826	0.01058	0.00651	0.00607	0.01108	0.01729	0.02079	0.07364	0.16335	0.59043	0.02027	0.00926	0.00269	0.00401	0.01714	0.00720	0.00651
