[name]
unknown

[dist]
# distance from previous block
# <min> <max>
13	230

[block]
# block no. 0 follows, 29 sequences, length 14
# corresponding to MSA columns:
# 242-255
name=unknown_A
#
# <colnr> <probs for GDERKNQSTAVLIFYWHMCP>
#	G	D	E	R	K	N	Q	S	T	A	V	L	I	F	Y	W	H	M	C	P
0	0.03799	0.04642	0.11579	0.04669	0.02340	0.14201	0.03798	0.18137	0.10258	0.08376	0.01634	0.01744	0.01217	0.00814	0.00804	0.00217	0.06442	0.00602	0.00520	0.04206
1	0.04690	0.01792	0.17766	0.07500	0.05171	0.01263	0.04034	0.04701	0.01619	0.07822	0.06250	0.02121	0.01583	0.04344	0.00786	0.00213	0.00723	0.00626	0.06034	0.20961
2	0.01768	0.04057	0.07176	0.01496	0.01992	0.07462	0.06668	0.16785	0.05659	0.02780	0.10319	0.05602	0.04742	0.00987	0.00720	0.00207	0.00729	0.05151	0.00558	0.15143
3	0.05390	0.04959	0.38895	0.01747	0.02519	0.01539	0.06938	0.06230	0.01580	0.04818	0.01454	0.01866	0.01150	0.07054	0.03810	0.00289	0.00956	0.00596	0.00384	0.07827
4	0.01661	0.01228	0.01534	0.01203	0.01690	0.01074	0.03747	0.08472	0.04590	0.09578	0.08455	0.11123	0.03866	0.00945	0.00670	0.00176	0.00555	0.00812	0.00577	0.38043
5	0.01705	0.01388	0.01815	0.01334	0.01915	0.01206	0.06539	0.06434	0.01631	0.07301	0.01395	0.01603	0.01109	0.00636	0.00718	0.00148	0.06195	0.00508	0.00461	0.55961
6	0.01064	0.00856	0.00922	0.00865	0.01126	0.00766	0.00647	0.06687	0.01718	0.02174	0.08516	0.13768	0.45808	0.04787	0.00933	0.00252	0.00428	0.01380	0.00643	0.06661
7	0.02479	0.02125	0.07818	0.01630	0.02209	0.06977	0.01415	0.47306	0.02807	0.06885	0.01617	0.01671	0.01167	0.00821	0.00750	0.00208	0.03531	0.00604	0.00623	0.07359
8	0.04082	0.33755	0.14592	0.01625	0.06918	0.04386	0.01484	0.02381	0.07167	0.07323	0.01385	0.01515	0.01104	0.00693	0.00624	0.00186	0.03079	0.00498	0.00401	0.06800
9	0.01643	0.10110	0.17492	0.02801	0.24274	0.03668	0.15706	0.02135	0.01537	0.02132	0.01332	0.01738	0.01087	0.01056	0.06725	0.00295	0.04308	0.00632	0.00339	0.00989
10	0.00900	0.00718	0.00816	0.00878	0.01065	0.00634	0.00670	0.01094	0.01574	0.01938	0.05958	0.20607	0.45650	0.01917	0.00880	0.00265	0.00422	0.12746	0.00660	0.00606
11	0.01036	0.00690	0.00777	0.00777	0.00777	0.00690	0.00431	0.01036	0.01036	0.01381	0.02244	0.04660	0.02589	0.74975	0.03624	0.00690	0.00690	0.01036	0.00431	0.00431
12	0.01951	0.02087	0.04959	0.08719	0.39321	0.17461	0.01870	0.07048	0.01835	0.02336	0.04658	0.01826	0.01337	0.00720	0.00697	0.00208	0.00930	0.00623	0.00398	0.01015
13	0.02470	0.02081	0.08524	0.01825	0.06657	0.05366	0.03167	0.45281	0.02780	0.08596	0.01715	0.01773	0.01227	0.00812	0.00699	0.00212	0.00814	0.00633	0.04228	0.01141

[dist]
# distance from previous block
# <min> <max>
0	1

[block]
# block no. 1 follows, 29 sequences, length 110
# corresponding to MSA columns:
# 257-366
name=unknown_B
#
# <colnr> <probs for GDERKNQSTAVLIFYWHMCP>
#	G	D	E	R	K	N	Q	S	T	A	V	L	I	F	Y	W	H	M	C	P
0	0.24023	0.01398	0.01525	0.01220	0.01730	0.01419	0.00997	0.13178	0.07001	0.28713	0.03695	0.01965	0.01493	0.00805	0.00626	0.00211	0.00602	0.00607	0.00677	0.08115
1	0.01616	0.01332	0.01569	0.01178	0.01737	0.01158	0.00947	0.04105	0.07482	0.05170	0.01460	0.01632	0.01177	0.00645	0.00695	0.00141	0.06088	0.00490	0.00468	0.60909
2	0.01764	0.01882	0.06216	0.03932	0.53192	0.04148	0.13887	0.02228	0.01640	0.02295	0.01346	0.01762	0.01102	0.00634	0.00726	0.00216	0.00934	0.00660	0.00352	0.01084
3	0.01240	0.00876	0.01118	0.01178	0.01328	0.00889	0.00921	0.09358	0.01666	0.02201	0.03300	0.27899	0.03661	0.09252	0.01273	0.03942	0.00595	0.28015	0.00626	0.00660
4	0.80005	0.01377	0.01047	0.00936	0.01377	0.01597	0.00771	0.02093	0.01212	0.03195	0.00991	0.01157	0.00771	0.00661	0.00441	0.00220	0.00551	0.00386	0.00441	0.00771
5	0.02686	0.01949	0.02099	0.01618	0.02180	0.02150	0.01334	0.63323	0.05960	0.06731	0.01796	0.01772	0.01269	0.00860	0.00713	0.00215	0.00769	0.00650	0.00719	0.01208
6	0.01025	0.00731	0.00983	0.00983	0.01055	0.00803	0.00689	0.01168	0.01097	0.01534	0.02055	0.03614	0.02135	0.35869	0.42109	0.00945	0.01374	0.00882	0.00403	0.00546
7	0.01684	0.01633	0.02830	0.15922	0.50376	0.01686	0.08162	0.02196	0.04320	0.02262	0.01399	0.01836	0.01135	0.00658	0.00719	0.00220	0.00885	0.00660	0.00362	0.01055
8	0.01127	0.00839	0.01075	0.04078	0.01362	0.00815	0.00804	0.07128	0.01679	0.02292	0.15816	0.45318	0.04345	0.01773	0.00845	0.00256	0.00468	0.03108	0.00657	0.06215
9	0.80005	0.01377	0.01047	0.00936	0.01377	0.01597	0.00771	0.02093	0.01212	0.03195	0.00991	0.01157	0.00771	0.00661	0.00441	0.00220	0.00551	0.00386	0.00441	0.00771
10	0.01904	0.75404	0.03731	0.01218	0.01828	0.02818	0.01218	0.02132	0.01447	0.01675	0.00990	0.01142	0.00914	0.00609	0.00457	0.00152	0.00761	0.00381	0.00305	0.00914
11	0.02535	0.01791	0.01960	0.01542	0.02053	0.01952	0.01257	0.56494	0.03043	0.08553	0.02027	0.09806	0.01634	0.01009	0.00734	0.00222	0.00731	0.00799	0.00718	0.01141
12	0.01875	0.01581	0.01668	0.01470	0.01891	0.01819	0.01152	0.10901	0.61961	0.03146	0.02767	0.02552	0.02067	0.00954	0.00723	0.00238	0.00588	0.00787	0.00723	0.01136
13	0.01021	0.00678	0.00780	0.00806	0.00820	0.00671	0.00471	0.01054	0.01106	0.01502	0.02515	0.15703	0.02895	0.60357	0.03064	0.00605	0.00632	0.01178	0.03678	0.00464
14	0.01286	0.00959	0.01302	0.01223	0.01421	0.01100	0.00964	0.11925	0.01495	0.02104	0.01876	0.02624	0.01689	0.04626	0.60774	0.00996	0.01728	0.00744	0.00434	0.00727
15	0.02439	0.01881	0.02016	0.06290	0.02289	0.04889	0.01349	0.52526	0.06172	0.03914	0.01845	0.02188	0.01429	0.02775	0.00799	0.00234	0.00795	0.04396	0.00663	0.01112
16	0.00999	0.00668	0.00899	0.01041	0.01118	0.00626	0.00734	0.01153	0.01424	0.04798	0.03859	0.63683	0.04513	0.02143	0.00909	0.00291	0.00450	0.09408	0.00670	0.00614
17	0.00857	0.00722	0.00742	0.00737	0.00971	0.00608	0.00553	0.01051	0.01659	0.02009	0.12983	0.06712	0.64422	0.01772	0.00841	0.00239	0.00358	0.01483	0.00672	0.00608
18	0.01600	0.06040	0.51322	0.04908	0.03029	0.01691	0.08888	0.02299	0.01537	0.07085	0.01377	0.01614	0.00985	0.00706	0.00756	0.00228	0.03989	0.00573	0.00349	0.01027
19	0.02311	0.02659	0.02152	0.02164	0.11825	0.42212	0.01504	0.07139	0.05775	0.02082	0.01254	0.01504	0.01042	0.00822	0.00928	0.00213	0.12568	0.00542	0.00401	0.00905
20	0.01100	0.00875	0.01265	0.01218	0.01315	0.01064	0.00947	0.01316	0.01126	0.01637	0.01793	0.02787	0.01730	0.11248	0.55305	0.00977	0.12518	0.00768	0.00376	0.00638
21	0.03173	0.01248	0.01675	0.01284	0.01836	0.01100	0.01061	0.06423	0.02098	0.67989	0.02759	0.02391	0.01737	0.00880	0.00716	0.00220	0.00614	0.00713	0.00874	0.01212
22	0.02344	0.04485	0.02115	0.04831	0.09395	0.27500	0.01430	0.15173	0.06493	0.08515	0.01527	0.01698	0.01183	0.00962	0.03145	0.00242	0.06908	0.00585	0.00492	0.00976
23	0.02082	0.01556	0.01804	0.01669	0.07565	0.01680	0.01216	0.36319	0.10802	0.05529	0.05112	0.16878	0.02280	0.01157	0.00759	0.00233	0.00662	0.00972	0.00681	0.01042
24	0.55259	0.01344	0.02704	0.01026	0.01434	0.01452	0.00847	0.07166	0.01476	0.05836	0.04306	0.09350	0.01543	0.00891	0.00547	0.00226	0.00553	0.00642	0.02596	0.00802
25	0.01864	0.66464	0.08110	0.01453	0.05862	0.02677	0.01367	0.02143	0.01461	0.01751	0.01029	0.01202	0.00925	0.00615	0.00486	0.00161	0.00785	0.00405	0.00307	0.00935
26	0.01024	0.00692	0.00773	0.00773	0.00787	0.00685	0.00438	0.01035	0.01069	0.01412	0.02529	0.04786	0.06481	0.70766	0.03464	0.00664	0.00671	0.01062	0.00445	0.00441
27	0.18587	0.03376	0.01763	0.13631	0.08134	0.03812	0.01272	0.06139	0.04619	0.17205	0.05036	0.02195	0.04754	0.00869	0.00765	0.00227	0.05471	0.00665	0.00546	0.00934
28	0.02598	0.01825	0.01994	0.01559	0.02088	0.01991	0.01276	0.56380	0.05171	0.09783	0.01983	0.06569	0.01516	0.00951	0.00726	0.00220	0.00738	0.00743	0.00723	0.01167
29	0.00890	0.00650	0.00838	0.00945	0.01031	0.00598	0.00650	0.01059	0.01510	0.02018	0.16318	0.54726	0.12052	0.02044	0.00889	0.00272	0.00394	0.01835	0.00683	0.00598
30	0.01476	0.10384	0.55114	0.01894	0.02758	0.01794	0.02310	0.02147	0.01439	0.02113	0.01243	0.01573	0.00959	0.03055	0.00924	0.00242	0.08741	0.00538	0.00306	0.00990
31	0.06134	0.04871	0.09701	0.02571	0.23015	0.07401	0.11484	0.02049	0.01598	0.02203	0.02031	0.02924	0.06125	0.00947	0.00817	0.00237	0.04200	0.10357	0.00416	0.00919
32	0.00983	0.00709	0.00930	0.00913	0.01058	0.00655	0.00670	0.01282	0.01900	0.02672	0.58457	0.17542	0.06364	0.01593	0.00852	0.00235	0.00350	0.01418	0.00762	0.00655
33	0.00919	0.00641	0.00811	0.00926	0.00955	0.00612	0.00591	0.01005	0.01264	0.01685	0.03414	0.53272	0.04065	0.24349	0.01735	0.00411	0.00497	0.01724	0.00591	0.00534
34	0.03751	0.29378	0.02687	0.04375	0.02096	0.06313	0.06328	0.16829	0.04775	0.02527	0.01421	0.01631	0.01150	0.00901	0.03141	0.00226	0.04158	0.00554	0.06815	0.00943
35	0.01407	0.01387	0.02518	0.60261	0.04685	0.01622	0.14186	0.01905	0.01471	0.01905	0.01298	0.01903	0.00973	0.00691	0.00736	0.00238	0.00996	0.00671	0.00324	0.00822
36	0.01103	0.00804	0.01086	0.01222	0.01396	0.00787	0.01055	0.01412	0.01648	0.02124	0.06098	0.07801	0.12838	0.01931	0.00961	0.00313	0.00608	0.55503	0.00660	0.00649
37	0.01657	0.01584	0.02699	0.21801	0.53928	0.01664	0.02133	0.02093	0.01571	0.02198	0.01321	0.01797	0.01083	0.00654	0.00707	0.00218	0.00872	0.00634	0.00343	0.01043
38	0.01237	0.01052	0.01646	0.44882	0.03402	0.01237	0.01468	0.03348	0.01462	0.01946	0.02144	0.23706	0.02141	0.01179	0.00757	0.00248	0.00743	0.01052	0.05618	0.00730
39	0.01449	0.03540	0.65835	0.02108	0.03134	0.01666	0.07938	0.02257	0.01518	0.02257	0.01291	0.01537	0.00917	0.00670	0.00690	0.00227	0.01064	0.00552	0.00306	0.01045
40	0.01928	0.02123	0.02171	0.27288	0.17920	0.28042	0.01712	0.02274	0.01694	0.01949	0.01281	0.01682	0.01026	0.00710	0.00672	0.00207	0.01017	0.00570	0.04865	0.00870
41	0.01345	0.01266	0.02136	0.73264	0.04904	0.01582	0.01978	0.01819	0.01424	0.01819	0.01266	0.01898	0.00949	0.00712	0.00712	0.00237	0.00949	0.00633	0.00316	0.00791
42	0.01122	0.00796	0.01044	0.03130	0.01251	0.00763	0.00760	0.01531	0.04844	0.04872	0.60698	0.05116	0.06103	0.01414	0.00833	0.00229	0.00384	0.03633	0.00765	0.00711
43	0.00982	0.00691	0.00786	0.00799	0.00858	0.00662	0.00493	0.01052	0.01248	0.01635	0.08522	0.12486	0.14922	0.48857	0.02637	0.00534	0.00576	0.01241	0.00523	0.00495
44	0.01152	0.00958	0.01232	0.11077	0.06211	0.00957	0.00973	0.05441	0.03559	0.02254	0.13920	0.10371	0.32576	0.01489	0.00817	0.00243	0.00522	0.04907	0.00615	0.00724
45	0.01428	0.03683	0.71286	0.02030	0.03082	0.01654	0.02631	0.02255	0.01503	0.02255	0.01278	0.01503	0.00902	0.00677	0.00677	0.00226	0.01052	0.00526	0.00301	0.01052
46	0.04328	0.01538	0.02478	0.23618	0.35765	0.01717	0.03448	0.02133	0.05926	0.02186	0.01367	0.01821	0.01111	0.00745	0.00879	0.00233	0.08726	0.00640	0.00365	0.00977
47	0.02263	0.06243	0.01908	0.01484	0.01912	0.18104	0.01189	0.31944	0.05370	0.03206	0.08916	0.02114	0.01820	0.01063	0.03601	0.00240	0.00855	0.00666	0.06121	0.00981
48	0.01055	0.00689	0.00769	0.00769	0.00780	0.00689	0.00436	0.01076	0.01066	0.01464	0.02249	0.04528	0.02539	0.70116	0.03419	0.00656	0.00667	0.01011	0.05575	0.00447
49	0.00866	0.00713	0.00754	0.00762	0.00971	0.00609	0.00560	0.01051	0.01621	0.01988	0.12891	0.12129	0.56546	0.04194	0.00938	0.00258	0.00373	0.01509	0.00666	0.00601
50	0.01173	0.00763	0.00978	0.00988	0.01139	0.00716	0.00709	0.04011	0.01712	0.07600	0.25858	0.37747	0.07688	0.04309	0.00954	0.00271	0.00425	0.01567	0.00713	0.00680
51	0.00989	0.00745	0.00928	0.00952	0.01136	0.00685	0.00752	0.01269	0.01782	0.02361	0.32549	0.09029	0.24687	0.01715	0.00879	0.00257	0.00426	0.17505	0.00711	0.00644
52	0.01036	0.00690	0.00777	0.00777	0.00777	0.00690	0.00431	0.01036	0.01036	0.01381	0.02244	0.04660	0.02589	0.74975	0.03624	0.00690	0.00690	0.01036	0.00431	0.00431
53	0.01587	0.01513	0.02574	0.33282	0.42992	0.01646	0.02098	0.02032	0.01538	0.02114	0.01308	0.01819	0.01053	0.00667	0.00708	0.00222	0.00889	0.00634	0.00337	0.00987
54	0.03195	0.01212	0.01652	0.01267	0.01818	0.01047	0.01047	0.03470	0.02038	0.71026	0.02809	0.02424	0.01763	0.00881	0.00716	0.00220	0.00606	0.00716	0.00881	0.01212
55	0.01051	0.00750	0.01080	0.01080	0.01207	0.00859	0.00832	0.01305	0.01178	0.01751	0.01964	0.02847	0.01813	0.07267	0.62076	0.01023	0.01696	0.00762	0.08829	0.00632
56	0.70185	0.01359	0.01151	0.05120	0.01610	0.01559	0.00860	0.02172	0.01281	0.07792	0.01133	0.01287	0.00850	0.00679	0.00475	0.00221	0.00578	0.00423	0.00464	0.00803
57	0.01712	0.01640	0.02799	0.12746	0.62555	0.01679	0.02160	0.02141	0.01597	0.02265	0.01330	0.01779	0.01106	0.00644	0.00706	0.00215	0.00858	0.00634	0.00348	0.01087
58	0.03084	0.01222	0.01636	0.01262	0.01790	0.01079	0.01033	0.06016	0.02050	0.65378	0.02740	0.02488	0.01775	0.03992	0.00838	0.00240	0.00617	0.00726	0.00856	0.01179
59	0.01508	0.01482	0.02202	0.22103	0.06018	0.01989	0.01706	0.01766	0.01210	0.01773	0.01047	0.01664	0.00948	0.01066	0.01801	0.00286	0.49691	0.00626	0.00315	0.00799
60	0.00919	0.00675	0.00923	0.01143	0.04354	0.00637	0.00722	0.01051	0.01359	0.01820	0.03715	0.67477	0.04430	0.05845	0.01037	0.00306	0.00448	0.01907	0.00635	0.00597
61	0.01441	0.01226	0.01444	0.01053	0.01648	0.00937	0.00840	0.01756	0.01481	0.02311	0.03673	0.01665	0.01281	0.00762	0.03546	0.00153	0.00579	0.00466	0.00433	0.73306
62	0.08931	0.07905	0.44503	0.04805	0.02703	0.08065	0.02101	0.02204	0.01503	0.02209	0.01319	0.01759	0.01049	0.00765	0.00729	0.00226	0.04298	0.03634	0.00338	0.00954
63	0.01690	0.01856	0.09697	0.03953	0.58667	0.01647	0.04446	0.02147	0.01601	0.02297	0.01441	0.04675	0.01248	0.00702	0.00715	0.00217	0.00861	0.00687	0.00360	0.01092
64	0.03142	0.01224	0.01651	0.01274	0.01819	0.01074	0.01050	0.03482	0.04544	0.68489	0.02813	0.02432	0.01778	0.00884	0.00716	0.00221	0.00604	0.00719	0.00875	0.01209
65	0.00972	0.00722	0.00908	0.00896	0.01065	0.00658	0.00674	0.01258	0.01859	0.02542	0.48339	0.12240	0.18289	0.01623	0.00855	0.00239	0.00366	0.05105	0.00742	0.00649
66	0.03667	0.38805	0.27234	0.04245	0.06921	0.02232	0.03806	0.02171	0.01478	0.01983	0.01137	0.01359	0.00926	0.00639	0.00570	0.00189	0.00883	0.00471	0.00312	0.00970
67	0.00879	0.00624	0.00823	0.00977	0.01016	0.00586	0.00646	0.00994	0.01342	0.01789	0.03814	0.69933	0.04571	0.06998	0.01087	0.00315	0.00431	0.01959	0.00646	0.00569
68	0.01036	0.00690	0.00777	0.00777	0.00777	0.00690	0.00431	0.01036	0.01036	0.01381	0.02244	0.04660	0.02589	0.74975	0.03624	0.00690	0.00690	0.01036	0.00431	0.00431
69	0.03970	0.16265	0.11373	0.01597	0.01888	0.01968	0.01482	0.01796	0.01261	0.01838	0.01353	0.04513	0.01331	0.03568	0.05481	0.00324	0.34463	0.04370	0.00352	0.00809
70	0.01399	0.01315	0.02188	0.64333	0.10943	0.01599	0.01968	0.01921	0.03785	0.01907	0.01329	0.01912	0.01008	0.00713	0.00712	0.00235	0.00926	0.00639	0.00334	0.00834
71	0.01147	0.00820	0.01147	0.01311	0.01475	0.00820	0.01147	0.01475	0.01639	0.02131	0.03770	0.08032	0.04098	0.01967	0.00984	0.00328	0.00656	0.65741	0.00656	0.00656
72	0.06564	0.01094	0.04374	0.01068	0.01381	0.00974	0.00876	0.08287	0.02001	0.09438	0.43141	0.03930	0.04550	0.01265	0.00862	0.04010	0.00474	0.01008	0.00704	0.04000
73	0.09965	0.30932	0.06271	0.01241	0.01673	0.08366	0.01123	0.02031	0.04354	0.02109	0.09554	0.04945	0.01914	0.03418	0.02906	0.00239	0.03726	0.00644	0.03764	0.00825
74	0.01498	0.14213	0.61368	0.01910	0.02898	0.01825	0.02424	0.02237	0.01495	0.02170	0.01236	0.01450	0.00904	0.00667	0.00644	0.00215	0.01010	0.00505	0.00301	0.01032
75	0.01034	0.00697	0.00809	0.00809	0.00821	0.00708	0.00472	0.01056	0.01045	0.01405	0.02214	0.04494	0.02517	0.68785	0.09716	0.00731	0.00799	0.01011	0.00427	0.00450
76	0.01620	0.05963	0.03334	0.06127	0.04545	0.01930	0.37162	0.02044	0.01458	0.02033	0.01267	0.01791	0.01044	0.00956	0.03586	0.00285	0.22896	0.00731	0.00341	0.00888
77	0.01327	0.00664	0.00664	0.00664	0.00830	0.00664	0.00498	0.01659	0.01493	0.02655	0.02323	0.02655	0.01825	0.00830	0.00498	0.00166	0.00332	0.00664	0.78928	0.00664
78	0.01624	0.01562	0.02681	0.20318	0.49533	0.01627	0.04832	0.02057	0.01578	0.02189	0.01563	0.02006	0.03874	0.00698	0.00718	0.00220	0.00865	0.00678	0.00357	0.01021
79	0.01460	0.01423	0.02461	0.37557	0.03782	0.01470	0.17558	0.01924	0.01499	0.02061	0.01308	0.01794	0.01008	0.00637	0.00695	0.00204	0.00900	0.00628	0.00354	0.21277
80	0.01929	0.01608	0.01699	0.01481	0.01912	0.01845	0.01165	0.14622	0.58152	0.03233	0.02698	0.02497	0.02012	0.00947	0.00722	0.00237	0.00601	0.00777	0.00722	0.01141
81	0.01002	0.00728	0.00943	0.00889	0.01060	0.00669	0.00667	0.01332	0.02001	0.02821	0.67811	0.05376	0.09087	0.01469	0.00840	0.00225	0.00337	0.01296	0.00779	0.00669
82	0.01654	0.01581	0.02694	0.22284	0.53469	0.01663	0.02131	0.02090	0.01570	0.02194	0.01320	0.01798	0.01081	0.00655	0.00707	0.00218	0.00873	0.00634	0.00343	0.01040
83	0.02707	0.01995	0.02137	0.01638	0.02208	0.02208	0.01353	0.68159	0.03348	0.04488	0.01710	0.01710	0.01211	0.00855	0.00712	0.00214	0.00784	0.00641	0.00712	0.01211
84	0.01036	0.00690	0.00777	0.00777	0.00777	0.00690	0.00431	0.01036	0.01036	0.01381	0.02244	0.04660	0.02589	0.74975	0.03624	0.00690	0.00690	0.01036	0.00431	0.00431
85	0.02660	0.03394	0.02018	0.01834	0.02201	0.72116	0.01376	0.02843	0.02018	0.01743	0.01101	0.01284	0.00917	0.00734	0.00642	0.00183	0.01284	0.00459	0.00367	0.00825
86	0.02707	0.01995	0.02137	0.01638	0.02208	0.02208	0.01353	0.68159	0.03348	0.04488	0.01710	0.01710	0.01211	0.00855	0.00712	0.00214	0.00784	0.00641	0.00712	0.01211
87	0.01008	0.00728	0.00952	0.00896	0.01064	0.00672	0.00672	0.01344	0.02016	0.02855	0.70158	0.05319	0.06719	0.01456	0.00840	0.00224	0.00336	0.01288	0.00784	0.00672
88	0.00866	0.00625	0.00821	0.00979	0.01029	0.00579	0.00655	0.00993	0.01376	0.01823	0.04082	0.71265	0.07853	0.02210	0.00906	0.00287	0.00411	0.01999	0.00661	0.00579
89	0.02664	0.03265	0.02029	0.01816	0.02202	0.65679	0.01374	0.08858	0.02140	0.01995	0.01157	0.01323	0.00944	0.00745	0.00649	0.00186	0.01238	0.00475	0.00399	0.00861
90	0.01008	0.00728	0.00952	0.00896	0.01064	0.00672	0.00672	0.01344	0.02016	0.02855	0.70158	0.05319	0.06719	0.01456	0.00840	0.00224	0.00336	0.01288	0.00784	0.00672
91	0.00886	0.00728	0.00782	0.00783	0.01008	0.00625	0.00597	0.01099	0.01686	0.02083	0.16994	0.06677	0.56368	0.01758	0.00849	0.00243	0.00374	0.05164	0.00680	0.00615
92	0.00873	0.00715	0.00769	0.00771	0.00985	0.00612	0.00573	0.01077	0.01674	0.02081	0.18091	0.11372	0.54392	0.01772	0.00846	0.00241	0.00360	0.01502	0.00683	0.00612
93	0.01785	0.02057	0.03808	0.05759	0.06433	0.09997	0.54716	0.02324	0.01707	0.02201	0.01390	0.01839	0.01058	0.00622	0.00806	0.00232	0.01185	0.00779	0.00359	0.00945
94	0.01804	0.03045	0.49513	0.01898	0.02782	0.04408	0.04961	0.02583	0.06091	0.13705	0.01639	0.01741	0.01137	0.00729	0.00692	0.00225	0.00962	0.00587	0.00430	0.01071
95	0.80005	0.01377	0.01047	0.00936	0.01377	0.01597	0.00771	0.02093	0.01212	0.03195	0.00991	0.01157	0.00771	0.00661	0.00441	0.00220	0.00551	0.00386	0.00441	0.00771
96	0.01054	0.05756	0.04135	0.05947	0.01445	0.00946	0.00889	0.01223	0.01317	0.01760	0.03036	0.47824	0.03535	0.12017	0.01316	0.00331	0.04754	0.01542	0.00547	0.00626
97	0.01042	0.00761	0.01037	0.01027	0.01101	0.00856	0.00736	0.01195	0.01101	0.01550	0.02005	0.03472	0.02063	0.31945	0.43559	0.00943	0.03784	0.00863	0.00398	0.00562
98	0.01938	0.07447	0.06209	0.13293	0.02526	0.15007	0.01587	0.09946	0.01667	0.04494	0.01199	0.01576	0.00992	0.00926	0.01278	0.00244	0.27824	0.00576	0.00389	0.00881
99	0.01378	0.01292	0.02097	0.47218	0.10956	0.01593	0.01805	0.01768	0.01373	0.01846	0.01387	0.05206	0.01192	0.01157	0.05646	0.00308	0.11929	0.00704	0.00339	0.00805
100	0.22944	0.01254	0.01497	0.01182	0.01704	0.01188	0.00976	0.03116	0.01826	0.53585	0.02342	0.02098	0.01508	0.00825	0.00645	0.00220	0.00592	0.00631	0.00768	0.01099
101	0.00893	0.00633	0.00829	0.00977	0.01017	0.00597	0.00649	0.01009	0.01336	0.01780	0.03742	0.65314	0.04468	0.09965	0.01200	0.00333	0.00449	0.03609	0.00636	0.00565
102	0.01647	0.22551	0.44909	0.01957	0.07119	0.06018	0.02155	0.02252	0.01526	0.02077	0.01195	0.01412	0.00921	0.00659	0.00618	0.00203	0.00975	0.00491	0.00309	0.01008
103	0.01030	0.00688	0.00778	0.00784	0.00785	0.00686	0.00439	0.01034	0.01047	0.01396	0.02302	0.07074	0.02662	0.72461	0.03530	0.00676	0.00681	0.01070	0.00439	0.00437
104	0.01041	0.00794	0.01173	0.01160	0.01277	0.00937	0.00900	0.01281	0.01138	0.01644	0.01880	0.02821	0.01777	0.08016	0.66379	0.01090	0.04909	0.00768	0.00381	0.00633
105	0.02334	0.23582	0.04626	0.01573	0.04787	0.12455	0.01302	0.20747	0.02148	0.12363	0.01681	0.06348	0.01375	0.00844	0.00639	0.00197	0.00813	0.00635	0.00534	0.01017
106	0.01502	0.07996	0.01881	0.10136	0.02005	0.01665	0.01271	0.08624	0.01461	0.02077	0.01576	0.06715	0.01465	0.02036	0.17246	0.00453	0.24311	0.00730	0.06066	0.00785
107	0.03603	0.00851	0.01032	0.00943	0.01158	0.00820	0.00720	0.06769	0.02066	0.02922	0.57239	0.05022	0.11327	0.01411	0.00817	0.00224	0.00381	0.01225	0.00757	0.00713
108	0.00974	0.00724	0.00891	0.00851	0.01023	0.00658	0.00628	0.01254	0.01867	0.02559	0.52199	0.05605	0.20081	0.06348	0.01023	0.00258	0.00364	0.01317	0.00734	0.00641
109	0.28965	0.02135	0.01669	0.01447	0.01860	0.28015	0.04120	0.07753	0.01804	0.07036	0.04311	0.05062	0.01382	0.00825	0.00614	0.00210	0.00863	0.00593	0.00485	0.00851

[dist]
# distance from previous block
# <min> <max>
1	4

[block]
# block no. 2 follows, 29 sequences, length 278
# corresponding to MSA columns:
# 371-648
name=unknown_C
#
# <colnr> <probs for GDERKNQSTAVLIFYWHMCP>
#	G	D	E	R	K	N	Q	S	T	A	V	L	I	F	Y	W	H	M	C	P
0	0.01456	0.01286	0.05003	0.09925	0.08279	0.01277	0.01347	0.07645	0.11889	0.02367	0.02660	0.04705	0.02602	0.09420	0.01140	0.00319	0.00727	0.26565	0.00562	0.00828
1	0.05763	0.03238	0.02088	0.01856	0.02244	0.65709	0.04696	0.02785	0.01968	0.01829	0.01113	0.01311	0.00919	0.00724	0.00644	0.00188	0.01250	0.00475	0.00370	0.00830
2	0.00858	0.00720	0.00735	0.00732	0.00959	0.00608	0.00543	0.01039	0.01619	0.01948	0.10174	0.06686	0.64295	0.04769	0.00955	0.00258	0.00373	0.01473	0.00658	0.00598
3	0.01911	0.01401	0.01729	0.01475	0.01815	0.01528	0.03873	0.28213	0.02243	0.07048	0.02625	0.13023	0.05613	0.01312	0.00968	0.00255	0.08697	0.12001	0.03346	0.00923
4	0.01519	0.01290	0.01499	0.01075	0.01705	0.00992	0.00861	0.04055	0.01540	0.02394	0.01281	0.01485	0.01060	0.00539	0.00534	0.00109	0.00536	0.00429	0.00432	0.76665
5	0.02660	0.03394	0.02018	0.01834	0.02201	0.72116	0.01376	0.02843	0.02018	0.01743	0.01101	0.01284	0.00917	0.00734	0.00642	0.00183	0.01284	0.00459	0.00367	0.00825
6	0.17158	0.01044	0.04078	0.00993	0.01287	0.00959	0.00811	0.01733	0.04192	0.07352	0.40480	0.06920	0.07831	0.01254	0.00743	0.00227	0.00441	0.01058	0.00687	0.00753
7	0.00868	0.00620	0.00826	0.00991	0.01033	0.00578	0.00661	0.00991	0.01363	0.01818	0.03925	0.74510	0.04710	0.02231	0.00909	0.00289	0.00413	0.02024	0.00661	0.00578
8	0.02299	0.01792	0.01907	0.01556	0.02053	0.02017	0.01255	0.40069	0.32103	0.03829	0.02228	0.02123	0.01631	0.00903	0.00718	0.00226	0.00688	0.00713	0.00718	0.01174
9	0.01048	0.00701	0.00834	0.00834	0.00864	0.00723	0.00514	0.01110	0.01079	0.01497	0.02190	0.04230	0.02408	0.58966	0.15211	0.00740	0.00880	0.00968	0.04723	0.00479
10	0.02660	0.03394	0.02018	0.01834	0.02201	0.72116	0.01376	0.02843	0.02018	0.01743	0.01101	0.01284	0.00917	0.00734	0.00642	0.00183	0.01284	0.00459	0.00367	0.00825
11	0.00868	0.00620	0.00826	0.00991	0.01033	0.00578	0.00661	0.00991	0.01363	0.01818	0.03925	0.74510	0.04710	0.02231	0.00909	0.00289	0.00413	0.02024	0.00661	0.00578
12	0.00944	0.00710	0.00874	0.00866	0.01033	0.00639	0.00637	0.01208	0.01816	0.02458	0.43922	0.16231	0.22730	0.01663	0.00851	0.00238	0.00354	0.01455	0.00734	0.00639
13	0.00853	0.00710	0.00745	0.00761	0.00975	0.00602	0.00561	0.01034	0.01612	0.01957	0.09904	0.14559	0.59610	0.01836	0.00849	0.00245	0.00365	0.01552	0.00667	0.00602
14	0.01762	0.01692	0.02890	0.04371	0.70533	0.01692	0.02185	0.02185	0.01621	0.02326	0.01339	0.01762	0.01128	0.00634	0.00705	0.00211	0.00846	0.00634	0.00352	0.01128
15	0.02727	0.01328	0.01652	0.01322	0.01823	0.01293	0.01073	0.09288	0.16984	0.46565	0.06113	0.02556	0.02052	0.00926	0.00724	0.00225	0.00599	0.00758	0.00827	0.01166
16	0.01164	0.00836	0.01043	0.01160	0.01291	0.03382	0.00900	0.01386	0.01553	0.05351	0.06073	0.39437	0.04253	0.01977	0.00917	0.00295	0.00549	0.27119	0.00663	0.00652
17	0.01327	0.00664	0.00664	0.00664	0.00830	0.00664	0.00498	0.01659	0.01493	0.02655	0.02323	0.02655	0.01825	0.00830	0.00498	0.00166	0.00332	0.00664	0.78928	0.00664
18	0.01667	0.01595	0.02718	0.20065	0.55582	0.01667	0.02138	0.02102	0.01576	0.02211	0.01323	0.01793	0.01087	0.00652	0.00707	0.00217	0.00869	0.00634	0.00344	0.01051
19	0.00894	0.00638	0.00847	0.00995	0.01048	0.00599	0.00678	0.01036	0.01402	0.01876	0.07492	0.65257	0.04722	0.04490	0.00995	0.00300	0.00430	0.05059	0.00660	0.00583
20	0.60553	0.05075	0.01396	0.15228	0.02096	0.01656	0.01032	0.02041	0.01265	0.02847	0.01046	0.01302	0.00813	0.00668	0.00495	0.00220	0.00640	0.00434	0.00409	0.00782
21	0.01100	0.00835	0.01200	0.03587	0.04774	0.00833	0.03590	0.01350	0.04671	0.01870	0.03113	0.35921	0.03501	0.12633	0.01414	0.05460	0.00586	0.12365	0.00568	0.00629
22	0.00981	0.00727	0.00915	0.00868	0.01048	0.00661	0.00651	0.01293	0.01953	0.02707	0.60144	0.05563	0.16825	0.01511	0.00840	0.00227	0.00340	0.01322	0.00764	0.00661
23	0.01995	0.69340	0.03570	0.01238	0.01837	0.04644	0.01213	0.02225	0.01495	0.05476	0.01093	0.01216	0.00960	0.00628	0.00476	0.00157	0.00767	0.00401	0.00338	0.00928
24	0.01535	0.03954	0.02489	0.50805	0.11645	0.06461	0.09189	0.01990	0.01515	0.01915	0.01273	0.01819	0.00980	0.00689	0.00712	0.00228	0.00982	0.00636	0.00328	0.00853
25	0.03195	0.01212	0.01652	0.01267	0.01818	0.01047	0.01047	0.03470	0.02038	0.71026	0.02809	0.02424	0.01763	0.00881	0.00716	0.00220	0.00606	0.00716	0.00881	0.01212
26	0.00956	0.00730	0.00884	0.00886	0.01073	0.00658	0.00679	0.01223	0.01794	0.02378	0.36124	0.10011	0.29219	0.01683	0.00861	0.00246	0.00386	0.08850	0.00718	0.00639
27	0.01545	0.06384	0.56853	0.02100	0.03058	0.05578	0.10182	0.02285	0.01550	0.02206	0.01276	0.01526	0.00924	0.00668	0.00685	0.00222	0.01071	0.00553	0.00311	0.01023
28	0.01107	0.00792	0.01037	0.01061	0.03333	0.00747	0.00757	0.01469	0.04605	0.04832	0.46815	0.16670	0.08971	0.01553	0.00843	0.00239	0.00394	0.03333	0.00740	0.00703
29	0.01036	0.00690	0.00777	0.00777	0.00777	0.00690	0.00431	0.01036	0.01036	0.01381	0.02244	0.04660	0.02589	0.74975	0.03624	0.00690	0.00690	0.01036	0.00431	0.00431
30	0.01345	0.01266	0.02136	0.73264	0.04904	0.01582	0.01978	0.01819	0.01424	0.01819	0.01266	0.01898	0.00949	0.00712	0.00712	0.00237	0.00949	0.00633	0.00316	0.00791
31	0.11751	0.03288	0.59865	0.01851	0.02795	0.01616	0.02325	0.02205	0.01481	0.02397	0.03377	0.01576	0.01065	0.00699	0.00651	0.00225	0.00964	0.00531	0.00334	0.01004
32	0.01114	0.00809	0.01101	0.01246	0.01419	0.00796	0.01081	0.01425	0.01637	0.02108	0.04149	0.07902	0.11373	0.01949	0.00968	0.00318	0.00623	0.58676	0.00656	0.00650
33	0.04098	0.01307	0.01501	0.01094	0.01709	0.01051	0.00878	0.04793	0.03505	0.04616	0.01371	0.01540	0.01107	0.00569	0.00544	0.00121	0.00543	0.00450	0.00458	0.68744
34	0.01325	0.05446	0.11593	0.01243	0.01610	0.01175	0.01102	0.07436	0.09679	0.02456	0.15011	0.26819	0.05582	0.01409	0.00778	0.00238	0.00566	0.01223	0.00611	0.04698
35	0.01393	0.01267	0.02190	0.41164	0.15636	0.01426	0.07083	0.01751	0.01419	0.01881	0.01516	0.08099	0.01344	0.01015	0.00969	0.09064	0.00869	0.00767	0.00355	0.00792
36	0.02005	0.04434	0.02755	0.03516	0.46813	0.17113	0.05190	0.05549	0.01789	0.02282	0.01299	0.01644	0.01077	0.00664	0.00690	0.00205	0.00953	0.00599	0.00372	0.01051
37	0.01294	0.00668	0.00696	0.00701	0.00861	0.00673	0.00525	0.01615	0.01470	0.02571	0.02355	0.05144	0.01922	0.01125	0.04437	0.00224	0.00421	0.00716	0.71923	0.00659
38	0.01608	0.05421	0.18100	0.05311	0.02042	0.04144	0.01370	0.02212	0.09296	0.11305	0.17489	0.11069	0.02920	0.01088	0.00736	0.00225	0.00676	0.00920	0.00582	0.03488
39	0.01477	0.01266	0.01477	0.01055	0.01687	0.00949	0.00844	0.01793	0.01477	0.02320	0.01266	0.01477	0.01055	0.00527	0.00527	0.00105	0.00527	0.00422	0.00422	0.79328
40	0.01904	0.75404	0.03731	0.01218	0.01828	0.02818	0.01218	0.02132	0.01447	0.01675	0.00990	0.01142	0.00914	0.00609	0.00457	0.00152	0.00761	0.00381	0.00305	0.00914
41	0.10320	0.00926	0.01113	0.00987	0.01270	0.00891	0.00768	0.01919	0.04834	0.15570	0.44662	0.04251	0.07202	0.01251	0.00767	0.00224	0.00421	0.01067	0.00756	0.00801
42	0.01024	0.00737	0.01015	0.01015	0.01097	0.00820	0.00729	0.01188	0.01106	0.01557	0.02026	0.03453	0.02065	0.29852	0.48031	0.00985	0.01479	0.00859	0.00399	0.00564
43	0.01771	0.01530	0.01610	0.01449	0.01852	0.01771	0.01127	0.03784	0.69247	0.02979	0.02898	0.02657	0.02174	0.00966	0.00725	0.00242	0.00564	0.00805	0.00725	0.01127
44	0.01017	0.00763	0.01144	0.01144	0.01272	0.00890	0.00890	0.01272	0.01144	0.01653	0.01907	0.02797	0.01780	0.05340	0.72153	0.01144	0.01907	0.00763	0.00381	0.00636
45	0.01632	0.00991	0.01052	0.00931	0.01174	0.01067	0.00732	0.15816	0.01868	0.02998	0.02124	0.02399	0.01650	0.00856	0.00634	0.00183	0.04055	0.00657	0.58392	0.00786
46	0.01745	0.01506	0.01585	0.01428	0.01826	0.01738	0.01110	0.03705	0.67313	0.02949	0.03022	0.02777	0.04120	0.00990	0.00728	0.00241	0.00558	0.00825	0.00723	0.01112
47	0.00868	0.00620	0.00826	0.00991	0.01033	0.00578	0.00661	0.00991	0.01363	0.01818	0.03925	0.74510	0.04710	0.02231	0.00909	0.00289	0.00413	0.02024	0.00661	0.00578
48	0.01147	0.00820	0.01147	0.01311	0.01475	0.00820	0.01147	0.01475	0.01639	0.02131	0.03770	0.08032	0.04098	0.01967	0.00984	0.00328	0.00656	0.65741	0.00656	0.00656
49	0.01897	0.64347	0.03491	0.01315	0.01847	0.05572	0.01262	0.02115	0.01431	0.01682	0.00988	0.01194	0.00916	0.00684	0.00671	0.00171	0.08801	0.00411	0.00308	0.00895
50	0.80005	0.01377	0.01047	0.00936	0.01377	0.01597	0.00771	0.02093	0.01212	0.03195	0.00991	0.01157	0.00771	0.00661	0.00441	0.00220	0.00551	0.00386	0.00441	0.00771
51	0.00868	0.00620	0.00826	0.00991	0.01033	0.00578	0.00661	0.00991	0.01363	0.01818	0.03925	0.74510	0.04710	0.02231	0.00909	0.00289	0.00413	0.02024	0.00661	0.00578
52	0.01327	0.00664	0.00664	0.00664	0.00830	0.00664	0.00498	0.01659	0.01493	0.02655	0.02323	0.02655	0.01825	0.00830	0.00498	0.00166	0.00332	0.00664	0.78928	0.00664
53	0.01783	0.01768	0.02917	0.06277	0.61112	0.04753	0.06521	0.02209	0.01636	0.02282	0.01334	0.01756	0.01110	0.00639	0.00711	0.00213	0.00892	0.00640	0.00353	0.01093
54	0.05315	0.11190	0.47049	0.01718	0.02533	0.05130	0.02047	0.02135	0.01580	0.02294	0.10828	0.01967	0.01709	0.00780	0.00661	0.00215	0.00907	0.00606	0.00379	0.00959
55	0.14348	0.34006	0.12772	0.01493	0.04155	0.13403	0.01395	0.04917	0.01598	0.02155	0.01281	0.01438	0.03030	0.00695	0.00546	0.00186	0.00846	0.00468	0.00365	0.00907
56	0.01345	0.01266	0.02136	0.73264	0.04904	0.01582	0.01978	0.01819	0.01424	0.01819	0.01266	0.01898	0.00949	0.00712	0.00712	0.00237	0.00949	0.00633	0.00316	0.00791
57	0.00915	0.00755	0.00791	0.00783	0.01014	0.00656	0.00585	0.03185	0.01688	0.02065	0.11365	0.11534	0.58630	0.01779	0.00842	0.00242	0.00376	0.01498	0.00672	0.00624
58	0.01919	0.68288	0.06939	0.01289	0.01908	0.06243	0.01295	0.02174	0.01478	0.01707	0.01010	0.01167	0.00913	0.00619	0.00477	0.00157	0.00802	0.00392	0.00308	0.00916
59	0.01454	0.07612	0.67585	0.01985	0.03013	0.01717	0.02554	0.02248	0.01500	0.02223	0.01262	0.01484	0.00903	0.00673	0.00664	0.00221	0.01036	0.00518	0.00301	0.01045
60	0.03195	0.01212	0.01652	0.01267	0.01818	0.01047	0.01047	0.03470	0.02038	0.71026	0.02809	0.02424	0.01763	0.00881	0.00716	0.00220	0.00606	0.00716	0.00881	0.01212
61	0.01008	0.00728	0.00952	0.00896	0.01064	0.00672	0.00672	0.01344	0.02016	0.02855	0.70158	0.05319	0.06719	0.01456	0.00840	0.00224	0.00336	0.01288	0.00784	0.00672
62	0.01567	0.01143	0.01269	0.01132	0.01405	0.01185	0.00856	0.25005	0.02123	0.02841	0.07069	0.22324	0.14398	0.09127	0.01086	0.00286	0.00557	0.01230	0.04595	0.00802
63	0.00868	0.00620	0.00826	0.00991	0.01033	0.00578	0.00661	0.00991	0.01363	0.01818	0.03925	0.74510	0.04710	0.02231	0.00909	0.00289	0.00413	0.02024	0.00661	0.00578
64	0.00868	0.00620	0.00826	0.00991	0.01033	0.00578	0.00661	0.00991	0.01363	0.01818	0.03925	0.74510	0.04710	0.02231	0.00909	0.00289	0.00413	0.02024	0.00661	0.00578
65	0.01904	0.75404	0.03731	0.01218	0.01828	0.02818	0.01218	0.02132	0.01447	0.01675	0.00990	0.01142	0.00914	0.00609	0.00457	0.00152	0.00761	0.00381	0.00305	0.00914
66	0.01428	0.03683	0.71286	0.02030	0.03082	0.01654	0.02631	0.02255	0.01503	0.02255	0.01278	0.01503	0.00902	0.00677	0.00677	0.00226	0.01052	0.00526	0.00301	0.01052
67	0.01147	0.00820	0.01147	0.01311	0.01475	0.00820	0.01147	0.01475	0.01639	0.02131	0.03770	0.08032	0.04098	0.01967	0.00984	0.00328	0.00656	0.65741	0.00656	0.00656
68	0.01681	0.01921	0.04202	0.03001	0.03721	0.01801	0.67947	0.02281	0.01681	0.02281	0.01441	0.01921	0.01080	0.00600	0.00840	0.00240	0.01200	0.00840	0.00360	0.00960
69	0.01327	0.00984	0.01103	0.01004	0.01289	0.00958	0.00783	0.11261	0.06358	0.05412	0.20540	0.07473	0.32609	0.01512	0.00819	0.00238	0.00456	0.04397	0.00710	0.00768
70	0.01469	0.09796	0.65528	0.01960	0.02975	0.01753	0.02510	0.02245	0.01499	0.02206	0.01253	0.01473	0.00903	0.00671	0.00658	0.00219	0.01028	0.00514	0.00301	0.01041
71	0.80005	0.01377	0.01047	0.00936	0.01377	0.01597	0.00771	0.02093	0.01212	0.03195	0.00991	0.01157	0.00771	0.00661	0.00441	0.00220	0.00551	0.00386	0.00441	0.00771
72	0.01359	0.00761	0.00770	0.00752	0.00947	0.00783	0.00568	0.01871	0.08949	0.02665	0.02555	0.02800	0.04226	0.00878	0.00535	0.00177	0.00358	0.00708	0.67625	0.00712
73	0.01443	0.05075	0.01252	0.01016	0.01191	0.01140	0.00710	0.16407	0.01635	0.02164	0.02367	0.10417	0.04514	0.44857	0.02444	0.00500	0.00679	0.01017	0.00517	0.00655
74	0.01443	0.01230	0.01441	0.01051	0.01652	0.00929	0.00834	0.01749	0.01470	0.02293	0.01411	0.05477	0.01255	0.00621	0.00548	0.00116	0.00521	0.00510	0.00435	0.75014
75	0.02250	0.02035	0.01819	0.01527	0.01952	0.18544	0.01205	0.30497	0.13731	0.03304	0.13451	0.02382	0.02241	0.00947	0.00719	0.00213	0.00790	0.00735	0.00644	0.01013
76	0.01909	0.01409	0.01741	0.01273	0.01889	0.01208	0.04272	0.12797	0.01863	0.11574	0.01546	0.01659	0.01173	0.00630	0.00597	0.00145	0.00612	0.00516	0.00525	0.52661
77	0.01414	0.00821	0.01089	0.00984	0.01222	0.00748	0.00764	0.01738	0.02001	0.15257	0.54587	0.04925	0.05685	0.01376	0.00824	0.00228	0.00401	0.04371	0.00795	0.00770
78	0.01950	0.01374	0.01526	0.01346	0.01756	0.01496	0.01061	0.03408	0.47973	0.16236	0.03283	0.03150	0.08046	0.01055	0.00741	0.00240	0.00557	0.02972	0.00748	0.01083
79	0.01031	0.00708	0.00864	0.00864	0.00894	0.00738	0.00540	0.01091	0.01061	0.01445	0.02164	0.04219	0.02398	0.58512	0.19826	0.00798	0.00978	0.00971	0.00420	0.00480
80	0.02660	0.03394	0.02018	0.01834	0.02201	0.72116	0.01376	0.02843	0.02018	0.01743	0.01101	0.01284	0.00917	0.00734	0.00642	0.00183	0.01284	0.00459	0.00367	0.00825
81	0.01008	0.00728	0.00952	0.00896	0.01064	0.00672	0.00672	0.01344	0.02016	0.02855	0.70158	0.05319	0.06719	0.01456	0.00840	0.00224	0.00336	0.01288	0.00784	0.00672
82	0.00868	0.00620	0.00826	0.00991	0.01033	0.00578	0.00661	0.00991	0.01363	0.01818	0.03925	0.74510	0.04710	0.02231	0.00909	0.00289	0.00413	0.02024	0.00661	0.00578
83	0.00842	0.00721	0.00721	0.00721	0.00962	0.00601	0.00541	0.01022	0.01623	0.01924	0.07213	0.06853	0.70244	0.01803	0.00842	0.00240	0.00361	0.01503	0.00661	0.00601
84	0.02486	0.20434	0.02448	0.01655	0.02113	0.44358	0.01335	0.13087	0.02093	0.02164	0.01171	0.01318	0.00963	0.00723	0.00609	0.00181	0.01079	0.00469	0.00407	0.00908
85	0.61213	0.01337	0.01195	0.01017	0.01485	0.01463	0.00839	0.02430	0.01414	0.19790	0.01436	0.01467	0.01014	0.00715	0.00508	0.00220	0.00564	0.00466	0.00548	0.00879
86	0.00876	0.00626	0.00834	0.00986	0.01035	0.00584	0.00662	0.01013	0.01404	0.01882	0.08058	0.70193	0.04835	0.02182	0.00905	0.00285	0.00408	0.01978	0.00669	0.00584
87	0.01327	0.00664	0.00664	0.00664	0.00830	0.00664	0.00498	0.01659	0.01493	0.02655	0.02323	0.02655	0.01825	0.00830	0.00498	0.00166	0.00332	0.00664	0.78928	0.00664
88	0.01727	0.01656	0.02826	0.10225	0.64956	0.01683	0.02168	0.02154	0.01605	0.02283	0.01333	0.01774	0.01113	0.00641	0.00706	0.00214	0.00855	0.00634	0.00349	0.01099
89	0.01876	0.01921	0.02739	0.06387	0.58488	0.11766	0.02062	0.02267	0.01671	0.02225	0.01303	0.01699	0.01092	0.00651	0.00696	0.00208	0.00912	0.00609	0.00353	0.01073
90	0.80005	0.01377	0.01047	0.00936	0.01377	0.01597	0.00771	0.02093	0.01212	0.03195	0.00991	0.01157	0.00771	0.00661	0.00441	0.00220	0.00551	0.00386	0.00441	0.00771
91	0.01924	0.69276	0.06063	0.01278	0.01891	0.06203	0.01277	0.02172	0.01477	0.01699	0.01006	0.01162	0.00914	0.00618	0.00474	0.00156	0.00798	0.00390	0.00308	0.00914
92	0.00896	0.00638	0.00851	0.01010	0.01060	0.00601	0.00693	0.01032	0.01375	0.01829	0.03858	0.66880	0.04592	0.04560	0.01003	0.00305	0.00442	0.07143	0.00653	0.00580
93	0.10034	0.01365	0.01615	0.01418	0.05090	0.01385	0.01077	0.10652	0.17006	0.26861	0.09617	0.02493	0.02155	0.00906	0.00693	0.00218	0.00590	0.00736	0.00721	0.05366
94	0.01345	0.01266	0.02136	0.73264	0.04904	0.01582	0.01978	0.01819	0.01424	0.01819	0.01266	0.01898	0.00949	0.00712	0.00712	0.00237	0.00949	0.00633	0.00316	0.00791
95	0.02663	0.01094	0.01482	0.01177	0.01634	0.00955	0.00955	0.02953	0.02033	0.54441	0.19195	0.03128	0.02968	0.01021	0.00746	0.00221	0.00540	0.00855	0.00858	0.01080
96	0.02803	0.01362	0.01688	0.01346	0.01863	0.01332	0.01095	0.09605	0.18512	0.48239	0.02728	0.02413	0.01811	0.00899	0.00718	0.00225	0.00612	0.00731	0.00827	0.01191
97	0.01762	0.01692	0.02890	0.04371	0.70533	0.01692	0.02185	0.02185	0.01621	0.02326	0.01339	0.01762	0.01128	0.00634	0.00705	0.00211	0.00846	0.00634	0.00352	0.01128
98	0.00875	0.00625	0.00833	0.00987	0.01034	0.00583	0.00662	0.01009	0.01396	0.01870	0.07253	0.71034	0.04811	0.02192	0.00905	0.00286	0.00409	0.01987	0.00667	0.00583
99	0.01000	0.00722	0.00945	0.00901	0.01062	0.00667	0.00671	0.01324	0.01980	0.02798	0.66496	0.09144	0.06608	0.01499	0.00844	0.00228	0.00340	0.01328	0.00777	0.00667
100	0.01862	0.69168	0.09605	0.01289	0.01937	0.02716	0.01341	0.02143	0.01452	0.01726	0.01015	0.01174	0.00913	0.00615	0.00476	0.00159	0.00787	0.00393	0.00304	0.00926
101	0.02660	0.03394	0.02018	0.01834	0.02201	0.72116	0.01376	0.02843	0.02018	0.01743	0.01101	0.01284	0.00917	0.00734	0.00642	0.00183	0.01284	0.00459	0.00367	0.00825
102	0.01147	0.00820	0.01147	0.01311	0.01475	0.00820	0.01147	0.01475	0.01639	0.02131	0.03770	0.08032	0.04098	0.01967	0.00984	0.00328	0.00656	0.65741	0.00656	0.00656
103	0.01014	0.00681	0.00783	0.00805	0.00810	0.00676	0.00461	0.01030	0.01078	0.01437	0.02462	0.13722	0.02864	0.65537	0.03272	0.00638	0.00654	0.01164	0.00461	0.00451
104	0.00868	0.00620	0.00826	0.00991	0.01033	0.00578	0.00661	0.00991	0.01363	0.01818	0.03925	0.74510	0.04710	0.02231	0.00909	0.00289	0.00413	0.02024	0.00661	0.00578
105	0.01762	0.01692	0.02890	0.04371	0.70533	0.01692	0.02185	0.02185	0.01621	0.02326	0.01339	0.01762	0.01128	0.00634	0.00705	0.00211	0.00846	0.00634	0.00352	0.01128
106	0.80005	0.01377	0.01047	0.00936	0.01377	0.01597	0.00771	0.02093	0.01212	0.03195	0.00991	0.01157	0.00771	0.00661	0.00441	0.00220	0.00551	0.00386	0.00441	0.00771
107	0.01327	0.00664	0.00664	0.00664	0.00830	0.00664	0.00498	0.01659	0.01493	0.02655	0.02323	0.02655	0.01825	0.00830	0.00498	0.00166	0.00332	0.00664	0.78928	0.00664
108	0.01116	0.00745	0.00963	0.00923	0.01099	0.00688	0.00695	0.01418	0.01893	0.05987	0.52314	0.09951	0.08697	0.03484	0.00910	0.00245	0.00381	0.04480	0.03332	0.00681
109	0.01477	0.01266	0.01477	0.01055	0.01687	0.00949	0.00844	0.01793	0.01477	0.02320	0.01266	0.01477	0.01055	0.00527	0.00527	0.00105	0.00527	0.00422	0.00422	0.79328
110	0.02660	0.03394	0.02018	0.01834	0.02201	0.72116	0.01376	0.02843	0.02018	0.01743	0.01101	0.01284	0.00917	0.00734	0.00642	0.00183	0.01284	0.00459	0.00367	0.00825
111	0.01481	0.05319	0.59347	0.02197	0.05217	0.01703	0.10387	0.02253	0.01527	0.02245	0.01292	0.01552	0.00931	0.00664	0.00691	0.00225	0.01056	0.00563	0.00309	0.01040
112	0.01008	0.00728	0.00952	0.00896	0.01064	0.00672	0.00672	0.01344	0.02016	0.02855	0.70158	0.05319	0.06719	0.01456	0.00840	0.00224	0.00336	0.01288	0.00784	0.00672
113	0.01771	0.01530	0.01610	0.01449	0.01852	0.01771	0.01127	0.03784	0.69247	0.02979	0.02898	0.02657	0.02174	0.00966	0.00725	0.00242	0.00564	0.00805	0.00725	0.01127
114	0.01017	0.00763	0.01144	0.01144	0.01272	0.00890	0.00890	0.01272	0.01144	0.01653	0.01907	0.02797	0.01780	0.05340	0.72153	0.01144	0.01907	0.00763	0.00381	0.00636
115	0.02660	0.03394	0.02018	0.01834	0.02201	0.72116	0.01376	0.02843	0.02018	0.01743	0.01101	0.01284	0.00917	0.00734	0.00642	0.00183	0.01284	0.00459	0.00367	0.00825
