[name]
unknown

[dist]
# distance from previous block
# <min> <max>
14	97

[block]
# block no. 0 follows, 29 sequences, length 15
# corresponding to MSA columns:
# 111-125
name=unknown_A
#
# <colnr> <probs for GDERKNQSTAVLIFYWHMCP>
#	G	D	E	R	K	N	Q	S	T	A	V	L	I	F	Y	W	H	M	C	P
0	0.05846	0.01571	0.02237	0.12833	0.08697	0.01631	0.10152	0.17244	0.08285	0.17044	0.01852	0.01967	0.01320	0.00768	0.00707	0.00219	0.00787	0.00671	0.00580	0.05592
1	0.04877	0.01497	0.02043	0.07811	0.02358	0.01492	0.08481	0.20761	0.02211	0.27280	0.02091	0.02331	0.01510	0.00855	0.00719	0.00219	0.00744	0.04424	0.00663	0.07632
2	0.03955	0.01591	0.05177	0.12443	0.17374	0.01544	0.03577	0.13664	0.06489	0.12085	0.06110	0.02102	0.01605	0.00783	0.00698	0.00211	0.00747	0.00675	0.00541	0.08630
3	0.05417	0.04394	0.01732	0.01357	0.01795	0.01378	0.03675	0.17448	0.05564	0.21008	0.09805	0.06466	0.02511	0.01103	0.00748	0.00231	0.00637	0.09546	0.00700	0.04485
4	0.02316	0.01921	0.01727	0.01440	0.01875	0.16795	0.01142	0.28738	0.09036	0.09051	0.02446	0.02420	0.08867	0.00943	0.00693	0.00209	0.00767	0.00720	0.07891	0.01003
5	0.06361	0.07526	0.01924	0.01340	0.01889	0.01477	0.04150	0.18006	0.02072	0.22366	0.02057	0.05251	0.03224	0.00834	0.00655	0.00192	0.00653	0.00673	0.00627	0.18725
6	0.01797	0.01510	0.01963	0.01839	0.08688	0.01733	0.03877	0.12907	0.16939	0.05806	0.02327	0.05604	0.07418	0.01087	0.01171	0.00250	0.20328	0.00812	0.00550	0.03394
7	0.01133	0.00856	0.00983	0.00962	0.01179	0.00845	0.00738	0.01698	0.13065	0.02496	0.25979	0.09205	0.21035	0.01483	0.00800	0.00238	0.00413	0.06932	0.09237	0.00723
8	0.01461	0.01482	0.05311	0.01921	0.02275	0.01522	0.23472	0.04882	0.01474	0.02110	0.04186	0.02344	0.01549	0.06181	0.17713	0.00483	0.16073	0.00776	0.03977	0.00809
9	0.01571	0.01831	0.09070	0.11849	0.10526	0.08132	0.14559	0.01984	0.01562	0.02103	0.08865	0.02388	0.01773	0.01070	0.03501	0.00276	0.14252	0.03426	0.00399	0.00865
10	0.00990	0.00727	0.00927	0.00877	0.01053	0.00664	0.00658	0.01309	0.01973	0.02754	0.63301	0.05486	0.13639	0.01494	0.00840	0.00226	0.00339	0.01311	0.00770	0.00664
11	0.01477	0.01266	0.01477	0.01055	0.01687	0.00949	0.00844	0.01793	0.01477	0.02320	0.01266	0.01477	0.01055	0.00527	0.00527	0.00105	0.00527	0.00422	0.00422	0.79328
12	0.39168	0.08157	0.15730	0.01274	0.01880	0.01623	0.01263	0.04683	0.01532	0.16618	0.01441	0.01501	0.01025	0.00711	0.00555	0.00215	0.00690	0.00489	0.00499	0.00945
13	0.01260	0.00833	0.01198	0.01183	0.01349	0.00785	0.05144	0.04466	0.01550	0.09511	0.03537	0.58520	0.03988	0.01913	0.00874	0.00275	0.00503	0.01740	0.00668	0.00702
14	0.08901	0.35635	0.08508	0.01379	0.01958	0.10451	0.01292	0.06718	0.08250	0.05270	0.01353	0.01447	0.01087	0.00693	0.00553	0.00182	0.00793	0.00478	0.00422	0.04630

[dist]
# distance from previous block
# <min> <max>
0	1

[block]
# block no. 1 follows, 29 sequences, length 17
# corresponding to MSA columns:
# 127-143
name=unknown_B
#
# <colnr> <probs for GDERKNQSTAVLIFYWHMCP>
#	G	D	E	R	K	N	Q	S	T	A	V	L	I	F	Y	W	H	M	C	P
0	0.02259	0.01957	0.10104	0.01495	0.02070	0.08350	0.01322	0.21800	0.07896	0.15528	0.01840	0.01879	0.01335	0.01041	0.04799	0.00252	0.00835	0.00608	0.00595	0.14035
1	0.01880	0.23431	0.21166	0.05415	0.02391	0.21721	0.01673	0.02261	0.01595	0.01869	0.01272	0.05387	0.01124	0.00795	0.00718	0.00202	0.05304	0.00560	0.00342	0.00894
2	0.01653	0.18055	0.47528	0.01901	0.02804	0.01868	0.07855	0.02305	0.01539	0.06265	0.01325	0.01521	0.00971	0.00668	0.00648	0.00211	0.00979	0.00535	0.00341	0.01026
3	0.01201	0.00957	0.01178	0.05253	0.01598	0.03066	0.01062	0.01626	0.07081	0.02093	0.03925	0.06660	0.13922	0.06133	0.01073	0.00319	0.00640	0.40909	0.00621	0.00685
4	0.06022	0.38889	0.19949	0.01385	0.02022	0.05792	0.01473	0.02074	0.01475	0.01956	0.01521	0.01708	0.04984	0.00948	0.04113	0.00231	0.00868	0.00515	0.03180	0.00895
5	0.10045	0.01521	0.02158	0.34598	0.15505	0.01766	0.01734	0.15785	0.01822	0.02608	0.01325	0.01738	0.01016	0.00751	0.00767	0.00230	0.04668	0.00608	0.00419	0.00936
6	0.00948	0.00755	0.00854	0.00824	0.01040	0.00676	0.00619	0.01266	0.04408	0.02361	0.33806	0.06038	0.40603	0.01623	0.00836	0.00233	0.00358	0.01384	0.00716	0.00652
7	0.02417	0.01155	0.01447	0.01187	0.01604	0.01098	0.00950	0.10237	0.05918	0.38606	0.09898	0.08450	0.02494	0.01046	0.00719	0.00220	0.00547	0.00872	0.10101	0.01034
8	0.09607	0.29252	0.23498	0.01482	0.02155	0.08679	0.01574	0.06109	0.01622	0.02198	0.01611	0.01741	0.06255	0.00753	0.00584	0.00195	0.00849	0.00535	0.00375	0.00927
9	0.01733	0.02371	0.17226	0.02793	0.15219	0.11004	0.30654	0.02269	0.01663	0.02189	0.01468	0.05332	0.01211	0.00721	0.00760	0.00227	0.01079	0.00748	0.00362	0.00972
10	0.01932	0.01562	0.01600	0.01421	0.01827	0.05663	0.01114	0.06013	0.50899	0.09486	0.02981	0.02889	0.05466	0.01012	0.00732	0.00238	0.00610	0.02761	0.00714	0.01081
11	0.01048	0.00705	0.00818	0.00837	0.00855	0.00705	0.00512	0.01085	0.01104	0.01465	0.02416	0.05040	0.02759	0.66734	0.03326	0.00649	0.00686	0.08339	0.00457	0.00457
12	0.08439	0.05014	0.27020	0.07011	0.06895	0.01723	0.19993	0.02193	0.03647	0.02315	0.04018	0.01804	0.01225	0.00723	0.00796	0.00232	0.04978	0.00652	0.00366	0.00957
13	0.01358	0.01267	0.02129	0.65816	0.08417	0.01550	0.01948	0.01823	0.01446	0.01863	0.01394	0.02196	0.01116	0.00770	0.00725	0.00240	0.00929	0.03873	0.00335	0.00803
14	0.01017	0.00763	0.01144	0.01144	0.01272	0.00890	0.00890	0.01272	0.01144	0.01653	0.01907	0.02797	0.01780	0.05340	0.72153	0.01144	0.01907	0.00763	0.00381	0.00636
15	0.02320	0.01765	0.05052	0.01525	0.02038	0.01833	0.01279	0.33647	0.23342	0.11722	0.02200	0.02141	0.01593	0.01141	0.04809	0.00277	0.00771	0.00702	0.00698	0.01145
16	0.04741	0.01460	0.01643	0.05341	0.01933	0.01607	0.01131	0.31259	0.13863	0.04955	0.02393	0.18991	0.02182	0.01243	0.00827	0.03159	0.00649	0.00985	0.00660	0.00976

[dist]
# distance from previous block
# <min> <max>
1	6

[block]
# block no. 2 follows, 29 sequences, length 46
# corresponding to MSA columns:
# 150-195
name=unknown_C
#
# <colnr> <probs for GDERKNQSTAVLIFYWHMCP>
#	G	D	E	R	K	N	Q	S	T	A	V	L	I	F	Y	W	H	M	C	P
0	0.08539	0.01246	0.01406	0.05013	0.01738	0.04274	0.01010	0.06748	0.11656	0.19109	0.15196	0.06457	0.07246	0.01164	0.00750	0.00236	0.00585	0.06015	0.00699	0.00915
1	0.01785	0.04355	0.02686	0.03535	0.49868	0.06022	0.04771	0.02317	0.07561	0.02293	0.01479	0.01874	0.01239	0.02963	0.00783	0.00222	0.00842	0.00642	0.00390	0.04372
2	0.05550	0.01316	0.02156	0.62291	0.11525	0.01594	0.01935	0.01872	0.01433	0.01945	0.01259	0.01845	0.00958	0.00701	0.00697	0.00234	0.00917	0.00620	0.00327	0.00825
3	0.02152	0.02329	0.02270	0.13657	0.20596	0.29939	0.01678	0.09601	0.04362	0.02250	0.01315	0.01612	0.01056	0.00744	0.00739	0.00209	0.03568	0.00570	0.00404	0.00951
4	0.80005	0.01377	0.01047	0.00936	0.01377	0.01597	0.00771	0.02093	0.01212	0.03195	0.00991	0.01157	0.00771	0.00661	0.00441	0.00220	0.00551	0.00386	0.00441	0.00771
5	0.05946	0.01726	0.02699	0.07346	0.58879	0.04244	0.02043	0.04448	0.01664	0.02401	0.01321	0.01718	0.01096	0.00651	0.00689	0.00212	0.00849	0.00615	0.00368	0.01085
6	0.80005	0.01377	0.01047	0.00936	0.01377	0.01597	0.00771	0.02093	0.01212	0.03195	0.00991	0.01157	0.00771	0.00661	0.00441	0.00220	0.00551	0.00386	0.00441	0.00771
7	0.01249	0.00994	0.01153	0.01066	0.01318	0.01032	0.00813	0.02130	0.24326	0.02825	0.42984	0.04552	0.10077	0.01320	0.00802	0.00231	0.00413	0.01144	0.00755	0.00818
8	0.06018	0.01283	0.01590	0.01259	0.01751	0.01229	0.01028	0.11845	0.06756	0.46217	0.07898	0.02530	0.02070	0.00917	0.00705	0.00219	0.00591	0.00741	0.04232	0.01121
9	0.00850	0.00722	0.00733	0.00730	0.00967	0.00605	0.00547	0.01038	0.01642	0.01970	0.10322	0.06777	0.67107	0.01786	0.00841	0.00240	0.00359	0.01492	0.00667	0.00605
10	0.00983	0.00713	0.00927	0.00902	0.01056	0.00657	0.00666	0.01286	0.01915	0.02685	0.59133	0.14484	0.08781	0.01570	0.00849	0.00233	0.00347	0.01393	0.00763	0.00657
11	0.01237	0.00618	0.00928	0.00928	0.00928	0.00618	0.00618	0.00928	0.00928	0.01237	0.01237	0.02165	0.01237	0.02474	0.02783	0.79283	0.00618	0.00618	0.00309	0.00309
12	0.01035	0.00693	0.00792	0.00792	0.00797	0.00698	0.00450	0.01045	0.01040	0.01392	0.02230	0.04584	0.02556	0.72149	0.06405	0.00709	0.00740	0.01024	0.00429	0.00440
13	0.01345	0.01266	0.02136	0.73264	0.04904	0.01582	0.01978	0.01819	0.01424	0.01819	0.01266	0.01898	0.00949	0.00712	0.00712	0.00237	0.00949	0.00633	0.00316	0.00791
14	0.02660	0.03394	0.02018	0.01834	0.02201	0.72116	0.01376	0.02843	0.02018	0.01743	0.01101	0.01284	0.00917	0.00734	0.00642	0.00183	0.01284	0.00459	0.00367	0.00825
15	0.01904	0.75404	0.03731	0.01218	0.01828	0.02818	0.01218	0.02132	0.01447	0.01675	0.00990	0.01142	0.00914	0.00609	0.00457	0.00152	0.00761	0.00381	0.00305	0.00914
16	0.00868	0.00620	0.00826	0.00991	0.01033	0.00578	0.00661	0.00991	0.01363	0.01818	0.03925	0.74510	0.04710	0.02231	0.00909	0.00289	0.00413	0.02024	0.00661	0.00578
17	0.01345	0.01266	0.02136	0.73264	0.04904	0.01582	0.01978	0.01819	0.01424	0.01819	0.01266	0.01898	0.00949	0.00712	0.00712	0.00237	0.00949	0.00633	0.00316	0.00791
18	0.00987	0.00727	0.00923	0.00874	0.01051	0.00663	0.00655	0.01303	0.01966	0.02738	0.62227	0.05512	0.14722	0.01500	0.00840	0.00226	0.00339	0.01315	0.00768	0.00663
19	0.00868	0.00620	0.00826	0.00991	0.01033	0.00578	0.00661	0.00991	0.01363	0.01818	0.03925	0.74510	0.04710	0.02231	0.00909	0.00289	0.00413	0.02024	0.00661	0.00578
20	0.01904	0.75404	0.03731	0.01218	0.01828	0.02818	0.01218	0.02132	0.01447	0.01675	0.00990	0.01142	0.00914	0.00609	0.00457	0.00152	0.00761	0.00381	0.00305	0.00914
21	0.02660	0.03394	0.02018	0.01834	0.02201	0.72116	0.01376	0.02843	0.02018	0.01743	0.01101	0.01284	0.00917	0.00734	0.00642	0.00183	0.01284	0.00459	0.00367	0.00825
22	0.01508	0.15752	0.59918	0.01893	0.02871	0.01850	0.02393	0.02234	0.01494	0.02157	0.01229	0.01443	0.00904	0.00665	0.00640	0.00213	0.01003	0.00502	0.00301	0.01029
23	0.02935	0.01154	0.01569	0.01223	0.01728	0.01002	0.01002	0.03217	0.02035	0.62920	0.10818	0.02768	0.02352	0.00950	0.00731	0.00221	0.00574	0.00784	0.00870	0.01148
24	0.00868	0.00620	0.00826	0.00991	0.01033	0.00578	0.00661	0.00991	0.01363	0.01818	0.03925	0.74510	0.04710	0.02231	0.00909	0.00289	0.00413	0.02024	0.00661	0.00578
25	0.01010	0.00717	0.00951	0.00965	0.01032	0.00768	0.00666	0.01147	0.01149	0.01594	0.04582	0.10494	0.02571	0.34459	0.33855	0.00839	0.01195	0.01017	0.00443	0.00545
26	0.01634	0.01699	0.06380	0.21788	0.46950	0.01667	0.05346	0.02100	0.01568	0.02191	0.01322	0.01791	0.01068	0.00655	0.00712	0.00220	0.00900	0.00638	0.00341	0.01030
27	0.06551	0.01219	0.01626	0.01252	0.01798	0.01071	0.01035	0.03410	0.02002	0.68063	0.02730	0.02368	0.01719	0.00872	0.00704	0.00220	0.00604	0.00702	0.00862	0.01193
28	0.01237	0.00618	0.00928	0.00928	0.00928	0.00618	0.00618	0.00928	0.00928	0.01237	0.01237	0.02165	0.01237	0.02474	0.02783	0.79283	0.00618	0.00618	0.00309	0.00309
29	0.01645	0.04048	0.01296	0.01061	0.01359	0.01015	0.00830	0.10813	0.02012	0.14974	0.25732	0.14559	0.11289	0.01360	0.00778	0.00228	0.00477	0.01164	0.04531	0.00830
30	0.02707	0.01995	0.02137	0.01638	0.02208	0.02208	0.01353	0.68159	0.03348	0.04488	0.01710	0.01710	0.01211	0.00855	0.00712	0.00214	0.00784	0.00641	0.00712	0.01211
31	0.02707	0.01995	0.02137	0.01638	0.02208	0.02208	0.01353	0.68159	0.03348	0.04488	0.01710	0.01710	0.01211	0.00855	0.00712	0.00214	0.00784	0.00641	0.00712	0.01211
32	0.01556	0.12671	0.45130	0.02173	0.03081	0.01845	0.19253	0.02246	0.01542	0.02185	0.01282	0.01563	0.00949	0.00648	0.00690	0.00220	0.01052	0.00588	0.00316	0.01010
33	0.01963	0.01297	0.04964	0.01353	0.01764	0.01197	0.03501	0.02767	0.20525	0.24155	0.13111	0.07048	0.02991	0.01170	0.00782	0.00244	0.00593	0.08846	0.00737	0.00991
34	0.00943	0.00708	0.00873	0.00868	0.01033	0.00639	0.00637	0.01205	0.01809	0.02450	0.43381	0.17157	0.22347	0.01671	0.00852	0.00239	0.00355	0.01464	0.00733	0.00639
35	0.00868	0.00620	0.00826	0.00991	0.01033	0.00578	0.00661	0.00991	0.01363	0.01818	0.03925	0.74510	0.04710	0.02231	0.00909	0.00289	0.00413	0.02024	0.00661	0.00578
36	0.05355	0.01271	0.01455	0.01049	0.01672	0.00981	0.00840	0.01808	0.01463	0.02363	0.01252	0.01461	0.01041	0.00534	0.00523	0.00111	0.00529	0.00420	0.00423	0.75448
37	0.01008	0.00728	0.00952	0.00896	0.01064	0.00672	0.00672	0.01344	0.02016	0.02855	0.70158	0.05319	0.06719	0.01456	0.00840	0.00224	0.00336	0.01288	0.00784	0.00672
38	0.01017	0.00763	0.01144	0.01144	0.01272	0.00890	0.00890	0.01272	0.01144	0.01653	0.01907	0.02797	0.01780	0.05340	0.72153	0.01144	0.01907	0.00763	0.00381	0.00636
39	0.01327	0.00664	0.00664	0.00664	0.00830	0.00664	0.00498	0.01659	0.01493	0.02655	0.02323	0.02655	0.01825	0.00830	0.00498	0.00166	0.00332	0.00664	0.78928	0.00664
40	0.00955	0.00704	0.00894	0.00893	0.01044	0.00642	0.00652	0.01225	0.01822	0.02507	0.47450	0.20522	0.14710	0.01670	0.00855	0.00240	0.00356	0.01476	0.00741	0.00642
41	0.01904	0.75404	0.03731	0.01218	0.01828	0.02818	0.01218	0.02132	0.01447	0.01675	0.00990	0.01142	0.00914	0.00609	0.00457	0.00152	0.00761	0.00381	0.00305	0.00914
42	0.01477	0.01266	0.01477	0.01055	0.01687	0.00949	0.00844	0.01793	0.01477	0.02320	0.01266	0.01477	0.01055	0.00527	0.00527	0.00105	0.00527	0.00422	0.00422	0.79328
43	0.01419	0.01273	0.02103	0.68533	0.04702	0.01571	0.01919	0.01939	0.03727	0.04082	0.01370	0.01941	0.01017	0.00726	0.00712	0.00237	0.00925	0.00641	0.00348	0.00816
44	0.00928	0.00708	0.00943	0.01059	0.01105	0.00723	0.00736	0.01058	0.01350	0.01813	0.03795	0.65108	0.07136	0.02124	0.01034	0.00289	0.06987	0.01877	0.00630	0.00597
45	0.01096	0.00740	0.00835	0.00824	0.00849	0.00747	0.00482	0.03802	0.01148	0.01532	0.02311	0.08234	0.02644	0.68069	0.03361	0.00649	0.00680	0.01072	0.00455	0.00471

[dist]
# distance from previous block
# <min> <max>
0	1

[block]
# block no. 3 follows, 29 sequences, length 84
# corresponding to MSA columns:
# 197-280
name=unknown_D
#
# <colnr> <probs for GDERKNQSTAVLIFYWHMCP>
#	G	D	E	R	K	N	Q	S	T	A	V	L	I	F	Y	W	H	M	C	P
0	0.40812	0.01644	0.07496	0.01430	0.01891	0.01663	0.06962	0.04272	0.01432	0.11876	0.01310	0.01506	0.00982	0.00791	0.00859	0.00238	0.12955	0.00529	0.00467	0.00885
1	0.01957	0.01575	0.01680	0.01465	0.01896	0.01794	0.01153	0.12072	0.57667	0.06293	0.02741	0.02524	0.02031	0.00948	0.00723	0.00237	0.00594	0.00780	0.00730	0.01142
2	0.01771	0.01530	0.01610	0.01449	0.01852	0.01771	0.01127	0.03784	0.69247	0.02979	0.02898	0.02657	0.02174	0.00966	0.00725	0.00242	0.00564	0.00805	0.00725	0.01127
3	0.01348	0.01226	0.01733	0.01550	0.01604	0.01639	0.01266	0.01548	0.01127	0.01731	0.01353	0.02063	0.01285	0.02745	0.28122	0.00614	0.44016	0.00677	0.03630	0.00721
4	0.01173	0.00958	0.01342	0.01259	0.01332	0.01192	0.00976	0.01359	0.01121	0.01651	0.01719	0.02787	0.01697	0.16185	0.39671	0.00816	0.20698	0.00770	0.02653	0.00639
5	0.01036	0.00690	0.00777	0.00777	0.00777	0.00690	0.00431	0.01036	0.01036	0.01381	0.02244	0.04660	0.02589	0.74975	0.03624	0.00690	0.00690	0.01036	0.00431	0.00431
6	0.67001	0.03795	0.01254	0.01040	0.01491	0.05927	0.00855	0.04880	0.01385	0.05543	0.01092	0.01232	0.00838	0.00680	0.00474	0.00216	0.00613	0.00412	0.00459	0.00813
7	0.01029	0.00694	0.00808	0.00835	0.00850	0.00690	0.00504	0.01064	0.01108	0.01474	0.02500	0.10867	0.02881	0.63365	0.03197	0.00629	0.00664	0.05911	0.00468	0.00461
8	0.01473	0.01282	0.01553	0.05270	0.01883	0.01053	0.00948	0.01790	0.01452	0.02258	0.01248	0.01505	0.01042	0.00577	0.00637	0.00124	0.04540	0.00445	0.00410	0.70509
9	0.01762	0.01692	0.02890	0.04371	0.70533	0.01692	0.02185	0.02185	0.01621	0.02326	0.01339	0.01762	0.01128	0.00634	0.00705	0.00211	0.00846	0.00634	0.00352	0.01128
10	0.01771	0.01530	0.01610	0.01449	0.01852	0.01771	0.01127	0.03784	0.69247	0.02979	0.02898	0.02657	0.02174	0.00966	0.00725	0.00242	0.00564	0.00805	0.00725	0.01127
11	0.80005	0.01377	0.01047	0.00936	0.01377	0.01597	0.00771	0.02093	0.01212	0.03195	0.00991	0.01157	0.00771	0.00661	0.00441	0.00220	0.00551	0.00386	0.00441	0.00771
12	0.03120	0.05497	0.01773	0.01264	0.01818	0.01149	0.01056	0.03393	0.02004	0.67021	0.02704	0.02350	0.01714	0.00866	0.00701	0.00216	0.00615	0.00697	0.00848	0.01195
13	0.00966	0.00700	0.00892	0.01012	0.01093	0.00668	0.00692	0.04655	0.01486	0.01969	0.03985	0.66820	0.08123	0.02132	0.00894	0.00282	0.00430	0.01920	0.00664	0.00614
14	0.01345	0.01266	0.02136	0.73264	0.04904	0.01582	0.01978	0.01819	0.01424	0.01819	0.01266	0.01898	0.00949	0.00712	0.00712	0.00237	0.00949	0.00633	0.00316	0.00791
15	0.13159	0.01259	0.01557	0.01231	0.01742	0.01187	0.01009	0.05531	0.05857	0.52758	0.05480	0.02371	0.01852	0.00881	0.00685	0.00221	0.00591	0.00700	0.00804	0.01125
16	0.08920	0.01742	0.03523	0.02563	0.03206	0.01654	0.52789	0.02280	0.01647	0.07601	0.01648	0.06082	0.01314	0.00722	0.00798	0.00240	0.01050	0.00858	0.00425	0.00940
17	0.01036	0.00690	0.00777	0.00777	0.00777	0.00690	0.00431	0.01036	0.01036	0.01381	0.02244	0.04660	0.02589	0.74975	0.03624	0.00690	0.00690	0.01036	0.00431	0.00431
18	0.00859	0.00652	0.00793	0.00905	0.01010	0.00586	0.00623	0.01001	0.01447	0.01852	0.04978	0.52834	0.25705	0.02094	0.00887	0.00274	0.00396	0.01857	0.00661	0.00586
19	0.00960	0.00766	0.00876	0.00917	0.01120	0.00700	0.00711	0.01258	0.04724	0.02069	0.10620	0.15176	0.41302	0.01824	0.00872	0.00262	0.00432	0.14102	0.00672	0.00638
20	0.01449	0.06820	0.68331	0.01994	0.03027	0.01705	0.02569	0.02250	0.01501	0.02230	0.01265	0.01488	0.00903	0.00674	0.00667	0.00222	0.01040	0.00520	0.00301	0.01046
21	0.01412	0.00745	0.00754	0.00723	0.00914	0.00758	0.00550	0.05735	0.01607	0.02767	0.02285	0.02597	0.01787	0.00831	0.00511	0.00169	0.00360	0.00662	0.74134	0.00697
22	0.00872	0.00623	0.00831	0.00988	0.01034	0.00582	0.00661	0.01004	0.01386	0.01854	0.06239	0.72093	0.04780	0.02204	0.00906	0.00287	0.00410	0.01999	0.00665	0.00582
23	0.02372	0.08070	0.04493	0.01266	0.01736	0.05383	0.01074	0.02848	0.08734	0.36729	0.16688	0.02838	0.02688	0.00970	0.00714	0.00215	0.00616	0.00793	0.00740	0.01034
24	0.01904	0.75404	0.03731	0.01218	0.01828	0.02818	0.01218	0.02132	0.01447	0.01675	0.00990	0.01142	0.00914	0.00609	0.00457	0.00152	0.00761	0.00381	0.00305	0.00914
25	0.00868	0.00620	0.00826	0.00991	0.01033	0.00578	0.00661	0.00991	0.01363	0.01818	0.03925	0.74510	0.04710	0.02231	0.00909	0.00289	0.00413	0.02024	0.00661	0.00578
26	0.01605	0.01532	0.02607	0.30257	0.45873	0.01651	0.02107	0.02048	0.01547	0.02136	0.01312	0.01813	0.01061	0.00664	0.00708	0.00221	0.00885	0.00634	0.00339	0.01001
27	0.01628	0.01547	0.02588	0.26433	0.46240	0.01660	0.02070	0.02141	0.04658	0.02193	0.01387	0.01847	0.01118	0.00675	0.00708	0.00221	0.00866	0.00642	0.00358	0.01019
28	0.02608	0.03295	0.02068	0.01981	0.06148	0.68049	0.01423	0.02805	0.01995	0.01776	0.01114	0.01312	0.00929	0.00728	0.00646	0.00185	0.01259	0.00469	0.00366	0.00843
29	0.00868	0.00620	0.00826	0.00991	0.01033	0.00578	0.00661	0.00991	0.01363	0.01818	0.03925	0.74510	0.04710	0.02231	0.00909	0.00289	0.00413	0.02024	0.00661	0.00578
30	0.01170	0.00876	0.01187	0.05182	0.01598	0.00898	0.01082	0.01629	0.06736	0.02316	0.16881	0.06726	0.05877	0.01718	0.00917	0.00294	0.00594	0.42951	0.00668	0.00700
31	0.01774	0.01865	0.05881	0.06860	0.57421	0.05433	0.05952	0.02214	0.01633	0.02269	0.01327	0.01740	0.01097	0.00643	0.00708	0.00213	0.00903	0.00632	0.00350	0.01085
32	0.01406	0.01333	0.02228	0.61106	0.12579	0.01628	0.01979	0.01857	0.01429	0.01874	0.01256	0.01863	0.00970	0.00732	0.00800	0.00238	0.04936	0.00632	0.00320	0.00831
33	0.80005	0.01377	0.01047	0.00936	0.01377	0.01597	0.00771	0.02093	0.01212	0.03195	0.00991	0.01157	0.00771	0.00661	0.00441	0.00220	0.00551	0.00386	0.00441	0.00771
34	0.00866	0.00625	0.00820	0.00977	0.01029	0.00580	0.00654	0.00993	0.01378	0.01824	0.04106	0.70790	0.08314	0.02207	0.00905	0.00287	0.00410	0.01996	0.00661	0.00580
35	0.02487	0.19838	0.02409	0.01694	0.02116	0.56292	0.01340	0.02681	0.01887	0.01727	0.01075	0.01252	0.00916	0.00705	0.00600	0.00176	0.01165	0.00441	0.00353	0.00846
36	0.00868	0.00620	0.00826	0.00991	0.01033	0.00578	0.00661	0.00991	0.01363	0.01818	0.03925	0.74510	0.04710	0.02231	0.00909	0.00289	0.00413	0.02024	0.00661	0.00578
37	0.00886	0.00631	0.00839	0.00998	0.01043	0.00593	0.00674	0.01014	0.01364	0.01816	0.03858	0.69100	0.04607	0.04826	0.01009	0.00305	0.00434	0.04776	0.00653	0.00576
38	0.00852	0.00722	0.00736	0.00733	0.00968	0.00606	0.00549	0.01043	0.01648	0.01984	0.11287	0.06754	0.66134	0.01781	0.00841	0.00239	0.00359	0.01489	0.00669	0.00606
39	0.01566	0.01676	0.03399	0.27956	0.07783	0.01717	0.41001	0.02112	0.01586	0.02120	0.01373	0.01904	0.01037	0.00642	0.00787	0.00238	0.01092	0.00756	0.00344	0.00910
40	0.01740	0.01624	0.02251	0.07223	0.02228	0.02126	0.04209	0.12914	0.01519	0.02211	0.01110	0.01623	0.00988	0.01115	0.01882	0.00287	0.53076	0.00636	0.00381	0.00860
41	0.80005	0.01377	0.01047	0.00936	0.01377	0.01597	0.00771	0.02093	0.01212	0.03195	0.00991	0.01157	0.00771	0.00661	0.00441	0.00220	0.00551	0.00386	0.00441	0.00771
42	0.01763	0.01683	0.02820	0.04211	0.66789	0.01696	0.02128	0.02272	0.05308	0.02362	0.01424	0.01811	0.01185	0.00653	0.00706	0.00213	0.00831	0.00644	0.00373	0.01128
43	0.01477	0.01266	0.01477	0.01055	0.01687	0.00949	0.00844	0.01793	0.01477	0.02320	0.01266	0.01477	0.01055	0.00527	0.00527	0.00105	0.00527	0.00422	0.00422	0.79328
44	0.01428	0.03683	0.71286	0.02030	0.03082	0.01654	0.02631	0.02255	0.01503	0.02255	0.01278	0.01503	0.00902	0.00677	0.00677	0.00226	0.01052	0.00526	0.00301	0.01052
45	0.01560	0.21662	0.51200	0.01870	0.02795	0.01953	0.05270	0.02225	0.01497	0.02110	0.01213	0.01432	0.00913	0.00656	0.00629	0.00208	0.00986	0.00504	0.00304	0.01013
46	0.00876	0.00723	0.00769	0.00758	0.00983	0.00616	0.00568	0.01089	0.01705	0.02118	0.20323	0.06533	0.57014	0.01731	0.00841	0.00237	0.00356	0.01458	0.00687	0.00616
47	0.00868	0.00660	0.00799	0.00897	0.01011	0.00592	0.00622	0.01023	0.01488	0.01916	0.09048	0.48069	0.26352	0.02043	0.00883	0.00269	0.00391	0.01808	0.00669	0.00592
48	0.01477	0.01266	0.01477	0.01055	0.01687	0.00949	0.00844	0.01793	0.01477	0.02320	0.01266	0.01477	0.01055	0.00527	0.00527	0.00105	0.00527	0.00422	0.00422	0.79328
49	0.02627	0.01872	0.02035	0.01581	0.02119	0.02050	0.01297	0.60722	0.03161	0.07993	0.01898	0.05954	0.01443	0.00936	0.00724	0.00218	0.00752	0.00725	0.00719	0.01174
50	0.00867	0.00624	0.00822	0.00981	0.01030	0.00579	0.00656	0.00993	0.01374	0.01822	0.04056	0.71806	0.07329	0.02214	0.00906	0.00287	0.00411	0.02003	0.00661	0.00579
51	0.02878	0.01142	0.01551	0.01213	0.01708	0.00992	0.00992	0.03162	0.02035	0.61143	0.12574	0.02843	0.02481	0.00965	0.00734	0.00221	0.00567	0.00799	0.00867	0.01134
52	0.01679	0.01889	0.10587	0.10753	0.52237	0.01684	0.06449	0.02164	0.01593	0.02266	0.01332	0.01757	0.01082	0.00645	0.00711	0.00217	0.00902	0.00635	0.00344	0.01076
53	0.04788	0.13885	0.04038	0.01334	0.01864	0.01629	0.01148	0.08439	0.17366	0.32691	0.04007	0.02211	0.01737	0.00854	0.00668	0.00213	0.00642	0.00673	0.00702	0.01111
54	0.01023	0.00708	0.00881	0.00888	0.00925	0.00741	0.00569	0.01099	0.01080	0.01475	0.02220	0.07067	0.02452	0.52535	0.22596	0.00800	0.01018	0.01001	0.00427	0.00495
55	0.51119	0.01507	0.03502	0.05645	0.12815	0.01591	0.05477	0.02198	0.01380	0.07264	0.01216	0.01434	0.00925	0.00670	0.00548	0.00221	0.00679	0.00493	0.00439	0.00877
56	0.03195	0.01212	0.01652	0.01267	0.01818	0.01047	0.01047	0.03470	0.02038	0.71026	0.02809	0.02424	0.01763	0.00881	0.00716	0.00220	0.00606	0.00716	0.00881	0.01212
57	0.01551	0.01548	0.02180	0.04248	0.01971	0.02161	0.01572	0.01717	0.01102	0.01717	0.00946	0.01569	0.00935	0.01228	0.02283	0.00309	0.71249	0.00623	0.00312	0.00779
58	0.01904	0.01527	0.01634	0.01445	0.01864	0.01741	0.01131	0.06385	0.62085	0.07574	0.02844	0.02603	0.02107	0.00956	0.00723	0.00239	0.00575	0.00792	0.00734	0.01136
59	0.00999	0.00728	0.00939	0.00886	0.01058	0.00668	0.00665	0.01326	0.01994	0.02804	0.66696	0.05403	0.10212	0.01475	0.00840	0.00225	0.00337	0.01300	0.00777	0.00668
60	0.01020	0.00751	0.01083	0.01083	0.01188	0.00857	0.00813	0.01232	0.01126	0.01607	0.01964	0.03110	0.01916	0.17046	0.60634	0.01068	0.01703	0.00809	0.00390	0.00601
61	0.06223	0.01196	0.01596	0.01236	0.01765	0.01052	0.01018	0.03317	0.02003	0.65138	0.05823	0.02505	0.01950	0.00899	0.00711	0.00220	0.00591	0.00729	0.00859	0.01169
62	0.01619	0.01739	0.03189	0.02434	0.02793	0.01991	0.34678	0.01997	0.01385	0.01997	0.01187	0.01739	0.01007	0.00924	0.01590	0.00276	0.37517	0.00732	0.00336	0.00869
63	0.01737	0.01655	0.02817	0.04243	0.67641	0.01655	0.02142	0.02156	0.01622	0.02318	0.01441	0.02025	0.01252	0.00690	0.00717	0.00216	0.00838	0.03361	0.00365	0.01108
64	0.01428	0.03683	0.71286	0.02030	0.03082	0.01654	0.02631	0.02255	0.01503	0.02255	0.01278	0.01503	0.00902	0.00677	0.00677	0.00226	0.01052	0.00526	0.00301	0.01052
65	0.01822	0.01555	0.01639	0.01459	0.01871	0.01795	0.01139	0.07294	0.65654	0.03061	0.02833	0.02605	0.02121	0.00960	0.00724	0.00240	0.00576	0.00796	0.00724	0.01132
66	0.01327	0.00664	0.00664	0.00664	0.00830	0.00664	0.00498	0.01659	0.01493	0.02655	0.02323	0.02655	0.01825	0.00830	0.00498	0.00166	0.00332	0.00664	0.78928	0.00664
67	0.02707	0.01995	0.02137	0.01638	0.02208	0.02208	0.01353	0.68159	0.03348	0.04488	0.01710	0.01710	0.01211	0.00855	0.00712	0.00214	0.00784	0.00641	0.00712	0.01211
68	0.01428	0.03683	0.71286	0.02030	0.03082	0.01654	0.02631	0.02255	0.01503	0.02255	0.01278	0.01503	0.00902	0.00677	0.00677	0.00226	0.01052	0.00526	0.00301	0.01052
69	0.01428	0.03683	0.71286	0.02030	0.03082	0.01654	0.02631	0.02255	0.01503	0.02255	0.01278	0.01503	0.00902	0.00677	0.00677	0.00226	0.01052	0.00526	0.00301	0.01052
70	0.00910	0.00662	0.00858	0.00941	0.01037	0.00610	0.00655	0.01105	0.01590	0.02154	0.25140	0.47431	0.10362	0.01953	0.00882	0.00265	0.00385	0.01751	0.00700	0.00610
71	0.02102	0.12251	0.02568	0.04563	0.13192	0.32780	0.07533	0.02377	0.01696	0.01871	0.01177	0.01511	0.01004	0.00934	0.03817	0.00244	0.08600	0.00546	0.00349	0.00884
72	0.00999	0.00728	0.00939	0.00886	0.01058	0.00668	0.00665	0.01326	0.01994	0.02805	0.66726	0.05403	0.10182	0.01475	0.00840	0.00225	0.00337	0.01299	0.00777	0.00668
73	0.01428	0.03683	0.71286	0.02030	0.03082	0.01654	0.02631	0.02255	0.01503	0.02255	0.01278	0.01503	0.00902	0.00677	0.00677	0.00226	0.01052	0.00526	0.00301	0.01052
74	0.01608	0.01452	0.02325	0.47102	0.23712	0.03750	0.01968	0.02048	0.01533	0.05770	0.01367	0.01869	0.01045	0.00699	0.00708	0.00227	0.00911	0.00633	0.00359	0.00913
75	0.01124	0.00851	0.01159	0.11261	0.01729	0.00886	0.00962	0.06883	0.01573	0.02082	0.03344	0.50381	0.03811	0.01869	0.00873	0.00280	0.00548	0.09097	0.00616	0.00671
76	0.01013	0.00731	0.00959	0.00910	0.01078	0.00677	0.00688	0.01348	0.02003	0.02830	0.67855	0.05413	0.06628	0.01473	0.00845	0.00228	0.00347	0.03524	0.00779	0.00671
77	0.05214	0.01822	0.01812	0.07306	0.08103	0.14397	0.01307	0.16735	0.16389	0.04566	0.02241	0.02576	0.05306	0.00942	0.00707	0.00223	0.00783	0.04894	0.03703	0.00974
78	0.03972	0.01720	0.05203	0.22502	0.28097	0.03549	0.16089	0.02215	0.05480	0.02224	0.01412	0.01845	0.01105	0.00672	0.00726	0.00226	0.00944	0.00672	0.00367	0.00979
79	0.42029	0.01772	0.01397	0.05353	0.01801	0.17812	0.01004	0.02420	0.01544	0.12307	0.01368	0.01497	0.01018	0.00722	0.00545	0.00210	0.00739	0.00480	0.05143	0.00841
80	0.00868	0.00620	0.00826	0.00991	0.01033	0.00578	0.00661	0.00991	0.01363	0.01818	0.03925	0.74510	0.04710	0.02231	0.00909	0.00289	0.00413	0.02024	0.00661	0.00578
81	0.01536	0.01564	0.02981	0.14902	0.21856	0.01587	0.27647	0.01988	0.01559	0.02135	0.01692	0.11385	0.01542	0.00865	0.00842	0.00241	0.03471	0.00897	0.00388	0.00921
82	0.14464	0.02018	0.13564	0.11252	0.10087	0.05522	0.22299	0.02221	0.04373	0.02355	0.01450	0.04607	0.01172	0.00728	0.00706	0.00230	0.00948	0.00693	0.00385	0.00925
83	0.01249	0.00905	0.04238	0.00997	0.01227	0.00755	0.00796	0.01565	0.01870	0.09887	0.49156	0.10814	0.05431	0.04751	0.02928	0.00275	0.00463	0.01231	0.00735	0.00727

[dist]
# distance from previous block
# <min> <max>
2	32

[block]
# block no. 4 follows, 29 sequences, length 34
# corresponding to MSA columns:
# 313-346
name=unknown_E
#
# <colnr> <probs for GDERKNQSTAVLIFYWHMCP>
#	G	D	E	R	K	N	Q	S	T	A	V	L	I	F	Y	W	H	M	C	P
0	0.11985	0.06131	0.01771	0.01402	0.01761	0.09538	0.01137	0.12991	0.14189	0.06400	0.02231	0.02296	0.08247	0.00984	0.00933	0.00230	0.12866	0.00691	0.03291	0.00926
1	0.01649	0.01357	0.01528	0.01213	0.01743	0.01262	0.00957	0.04644	0.24733	0.04661	0.01970	0.04247	0.01580	0.00753	0.00619	0.00165	0.00547	0.00620	0.00556	0.45195
2	0.01732	0.01701	0.03000	0.06987	0.54536	0.01707	0.12113	0.02255	0.04616	0.02327	0.01421	0.01832	0.01159	0.00647	0.00727	0.00218	0.00892	0.00673	0.00369	0.01088
3	0.00875	0.00623	0.00824	0.00982	0.01021	0.00583	0.00651	0.00993	0.01349	0.01798	0.03850	0.71418	0.04616	0.05451	0.01029	0.00307	0.00425	0.01981	0.00651	0.00572
4	0.01581	0.02563	0.29801	0.02640	0.07310	0.01761	0.34932	0.02231	0.01573	0.02239	0.01341	0.01729	0.01006	0.00671	0.00860	0.00237	0.05502	0.00694	0.00334	0.00995
5	0.00964	0.00687	0.00882	0.01005	0.01067	0.00661	0.00675	0.04044	0.01429	0.01906	0.03697	0.65930	0.04391	0.07662	0.01105	0.00316	0.00451	0.01887	0.00646	0.00596
6	0.00923	0.00724	0.00838	0.00837	0.01035	0.00639	0.00633	0.01166	0.01753	0.02273	0.29969	0.10364	0.38996	0.01711	0.00853	0.00243	0.00373	0.05336	0.00706	0.00629
7	0.01237	0.00618	0.00928	0.00928	0.00928	0.00618	0.00618	0.00928	0.00928	0.01237	0.01237	0.02165	0.01237	0.02474	0.02783	0.79283	0.00618	0.00618	0.00309	0.00309
8	0.80005	0.01377	0.01047	0.00936	0.01377	0.01597	0.00771	0.02093	0.01212	0.03195	0.00991	0.01157	0.00771	0.00661	0.00441	0.00220	0.00551	0.00386	0.00441	0.00771
9	0.06573	0.01777	0.01870	0.01512	0.02011	0.01993	0.01226	0.42657	0.23534	0.03895	0.02056	0.02001	0.01503	0.00878	0.00695	0.00221	0.00689	0.00679	0.03085	0.01144
10	0.01771	0.01530	0.01610	0.01449	0.01852	0.01771	0.01127	0.03784	0.69247	0.02979	0.02898	0.02657	0.02174	0.00966	0.00725	0.00242	0.00564	0.00805	0.00725	0.01127
11	0.01126	0.00804	0.01123	0.01287	0.01442	0.00801	0.01111	0.01439	0.01618	0.02107	0.03782	0.13062	0.04144	0.01987	0.00978	0.00325	0.00637	0.60920	0.00656	0.00650
12	0.01017	0.00763	0.01144	0.01144	0.01272	0.00890	0.00890	0.01272	0.01144	0.01653	0.01907	0.02797	0.01780	0.05340	0.72153	0.01144	0.01907	0.00763	0.00381	0.00636
13	0.01574	0.04910	0.02251	0.01840	0.01868	0.02210	0.01542	0.01733	0.01107	0.01712	0.00937	0.01539	0.00934	0.01217	0.02251	0.00304	0.70362	0.00612	0.00311	0.00785
14	0.01085	0.00939	0.01280	0.03941	0.14049	0.00910	0.00988	0.01323	0.01569	0.02029	0.08730	0.18216	0.33712	0.01592	0.00893	0.00249	0.03587	0.03609	0.00585	0.00714
15	0.05189	0.69958	0.05801	0.01233	0.01849	0.02728	0.01245	0.02135	0.01439	0.01758	0.00999	0.01155	0.00907	0.00614	0.00463	0.00158	0.00762	0.00386	0.00310	0.00912
16	0.01904	0.75404	0.03731	0.01218	0.01828	0.02818	0.01218	0.02132	0.01447	0.01675	0.00990	0.01142	0.00914	0.00609	0.00457	0.00152	0.00761	0.00381	0.00305	0.00914
17	0.00866	0.00626	0.00820	0.00976	0.01029	0.00580	0.00654	0.00993	0.01379	0.01824	0.04119	0.70514	0.08581	0.02206	0.00905	0.00286	0.00410	0.01993	0.00661	0.00580
18	0.01477	0.01266	0.01477	0.01055	0.01687	0.00949	0.00844	0.01793	0.01477	0.02320	0.01266	0.01477	0.01055	0.00527	0.00527	0.00105	0.00527	0.00422	0.00422	0.79328
19	0.01028	0.00692	0.00775	0.00775	0.00784	0.00687	0.00436	0.01035	0.01058	0.01402	0.02435	0.04744	0.05197	0.72154	0.03517	0.00673	0.00678	0.01054	0.00440	0.00438
20	0.06812	0.53328	0.03171	0.01323	0.01892	0.09804	0.01226	0.11358	0.01755	0.02164	0.01101	0.01236	0.00947	0.00659	0.00510	0.00168	0.00806	0.00425	0.00376	0.00937
21	0.01369	0.00964	0.01109	0.01017	0.01260	0.01006	0.00787	0.02026	0.16311	0.06568	0.23129	0.04071	0.14894	0.01236	0.00827	0.00224	0.04736	0.01020	0.16651	0.00794
22	0.04513	0.06429	0.11755	0.01486	0.01977	0.07311	0.01322	0.23745	0.13368	0.02963	0.03656	0.08482	0.01825	0.06879	0.00933	0.00259	0.00765	0.00783	0.00569	0.00980
23	0.02416	0.12411	0.02247	0.01533	0.02029	0.07164	0.01284	0.45069	0.02706	0.03586	0.01563	0.01661	0.01177	0.00833	0.00753	0.00205	0.05186	0.00592	0.06513	0.01074
24	0.00864	0.00634	0.00812	0.00954	0.01023	0.00582	0.00644	0.00996	0.01399	0.01832	0.04379	0.65154	0.13772	0.02172	0.00900	0.00282	0.00406	0.01952	0.00661	0.00582
25	0.01477	0.01266	0.01477	0.01055	0.01687	0.00949	0.00844	0.01793	0.01477	0.02320	0.01266	0.01477	0.01055	0.00527	0.00527	0.00105	0.00527	0.00422	0.00422	0.79328
26	0.01885	0.72607	0.06366	0.01250	0.01877	0.02772	0.01273	0.02137	0.01449	0.01698	0.01001	0.01156	0.00913	0.00612	0.00465	0.00155	0.00773	0.00386	0.00304	0.00919
27	0.01083	0.06025	0.01166	0.00966	0.01167	0.00840	0.00767	0.01405	0.01914	0.02649	0.54722	0.05419	0.08104	0.01472	0.00831	0.00233	0.00407	0.09415	0.00730	0.00685
28	0.01019	0.00758	0.01118	0.01118	0.01237	0.00876	0.00858	0.01255	0.01137	0.01634	0.01931	0.02929	0.01837	0.10269	0.67303	0.01112	0.01821	0.00782	0.00385	0.00621
29	0.01719	0.01470	0.01551	0.01402	0.01776	0.01695	0.01078	0.03589	0.64419	0.02866	0.02852	0.02798	0.02203	0.06204	0.00930	0.00273	0.00573	0.00821	0.00704	0.01078
30	0.01689	0.07100	0.04049	0.02808	0.03478	0.01895	0.59303	0.02237	0.01629	0.02205	0.01379	0.01844	0.01060	0.00639	0.00902	0.00238	0.05450	0.00795	0.00353	0.00946
31	0.01036	0.00690	0.00777	0.00777	0.00777	0.00690	0.00431	0.01036	0.01036	0.01381	0.02244	0.04660	0.02589	0.74975	0.03624	0.00690	0.00690	0.01036	0.00431	0.00431
32	0.01345	0.01266	0.02136	0.73264	0.04904	0.01582	0.01978	0.01819	0.01424	0.01819	0.01266	0.01898	0.00949	0.00712	0.00712	0.00237	0.00949	0.00633	0.00316	0.00791
33	0.01762	0.01692	0.02890	0.04371	0.70533	0.01692	0.02185	0.02185	0.01621	0.02326	0.01339	0.01762	0.01128	0.00634	0.00705	0.00211	0.00846	0.00634	0.00352	0.01128

[dist]
# distance from previous block
# <min> <max>
0	29

[block]
# block no. 5 follows, 29 sequences, length 42
# corresponding to MSA columns:
# 376-417
name=unknown_F
#
# <colnr> <probs for GDERKNQSTAVLIFYWHMCP>
#	G	D	E	R	K	N	Q	S	T	A	V	L	I	F	Y	W	H	M	C	P
0	0.02482	0.01847	0.01925	0.01521	0.02036	0.04871	0.01240	0.50216	0.07946	0.07976	0.02377	0.02308	0.08058	0.00952	0.00723	0.00218	0.00736	0.00734	0.00704	0.01129
1	0.00961	0.00726	0.00886	0.00846	0.01035	0.00652	0.00635	0.01252	0.01904	0.02590	0.52258	0.05755	0.24783	0.01555	0.00840	0.00229	0.00343	0.01349	0.00749	0.00652
2	0.01428	0.03683	0.71286	0.02030	0.03082	0.01654	0.02631	0.02255	0.01503	0.02255	0.01278	0.01503	0.00902	0.00677	0.00677	0.00226	0.01052	0.00526	0.00301	0.01052
3	0.02827	0.01425	0.01760	0.01364	0.01896	0.01390	0.01122	0.23170	0.02358	0.43012	0.02345	0.02188	0.01564	0.01154	0.05450	0.00275	0.00744	0.00684	0.00777	0.04494
4	0.01762	0.01692	0.02890	0.04371	0.70533	0.01692	0.02185	0.02185	0.01621	0.02326	0.01339	0.01762	0.01128	0.00634	0.00705	0.00211	0.00846	0.00634	0.00352	0.01128
5	0.01670	0.00995	0.01030	0.00906	0.01172	0.01048	0.00711	0.18198	0.01955	0.03111	0.02170	0.02420	0.01672	0.00836	0.00551	0.00178	0.00444	0.00658	0.59476	0.00800
6	0.01876	0.01526	0.04484	0.16567	0.09253	0.01600	0.01444	0.11287	0.24149	0.10180	0.08221	0.02459	0.02008	0.00890	0.00726	0.00230	0.00702	0.00755	0.00608	0.01034
7	0.00901	0.00724	0.00803	0.00783	0.00998	0.00626	0.00588	0.01136	0.01763	0.02255	0.29610	0.06307	0.47641	0.01680	0.00841	0.00235	0.00352	0.01426	0.00705	0.00626
8	0.01345	0.01266	0.02136	0.73264	0.04904	0.01582	0.01978	0.01819	0.01424	0.01819	0.01266	0.01898	0.00949	0.00712	0.00712	0.00237	0.00949	0.00633	0.00316	0.00791
9	0.20304	0.08934	0.01938	0.08221	0.02167	0.12689	0.01217	0.23821	0.02128	0.05517	0.01538	0.01660	0.03184	0.00775	0.00613	0.00205	0.00793	0.00551	0.00516	0.03229
10	0.01533	0.00862	0.00884	0.00809	0.01035	0.00894	0.00625	0.11584	0.01770	0.02928	0.02231	0.02514	0.01733	0.00833	0.00530	0.00173	0.00399	0.00660	0.67255	0.00745
11	0.01065	0.00913	0.00968	0.03200	0.01284	0.00888	0.00719	0.01656	0.16216	0.02187	0.08739	0.05725	0.50684	0.01573	0.00812	0.00240	0.00422	0.01316	0.00669	0.00724
12	0.01544	0.01469	0.02495	0.40470	0.36145	0.01634	0.02076	0.01994	0.01518	0.02061	0.01301	0.01834	0.01034	0.00675	0.00709	0.00225	0.00900	0.00634	0.00334	0.00951
13	0.00946	0.00734	0.00870	0.00928	0.01081	0.00684	0.00669	0.01248	0.05948	0.02084	0.14192	0.35355	0.26689	0.01889	0.00867	0.00262	0.00403	0.03830	0.00682	0.00637
14	0.01477	0.01266	0.01477	0.01055	0.01687	0.00949	0.00844	0.01793	0.01477	0.02320	0.01266	0.01477	0.01055	0.00527	0.00527	0.00105	0.00527	0.00422	0.00422	0.79328
15	0.02073	0.01325	0.01683	0.01658	0.10244	0.01313	0.01157	0.06122	0.20500	0.22564	0.02691	0.08941	0.04110	0.01015	0.00725	0.00222	0.00601	0.02815	0.00681	0.09558
16	0.02427	0.01786	0.01944	0.01537	0.02026	0.01970	0.01249	0.57447	0.03007	0.04037	0.01891	0.06889	0.01530	0.03640	0.04966	0.00289	0.00820	0.00756	0.00680	0.01108
17	0.00887	0.00628	0.00820	0.00966	0.01003	0.00591	0.00634	0.00997	0.01325	0.01767	0.03728	0.66351	0.04462	0.10728	0.01226	0.00336	0.00446	0.01909	0.00634	0.00561
18	0.73413	0.01338	0.01063	0.00953	0.01381	0.01531	0.00778	0.02105	0.01253	0.06021	0.01192	0.04294	0.00979	0.00736	0.00472	0.00223	0.00547	0.00469	0.00469	0.00782
19	0.01477	0.01266	0.01477	0.01055	0.01687	0.00949	0.00844	0.01793	0.01477	0.02320	0.01266	0.01477	0.01055	0.00527	0.00527	0.00105	0.00527	0.00422	0.00422	0.79328
20	0.01783	0.01333	0.01536	0.01178	0.01741	0.01177	0.00941	0.05880	0.14864	0.10668	0.01969	0.01993	0.03453	0.00711	0.00607	0.00155	0.00552	0.00576	0.00558	0.48325
21	0.01477	0.01266	0.01477	0.01055	0.01687	0.00949	0.00844	0.01793	0.01477	0.02320	0.01266	0.01477	0.01055	0.00527	0.00527	0.00105	0.00527	0.00422	0.00422	0.79328
22	0.02162	0.05298	0.15142	0.01599	0.02194	0.07768	0.01482	0.32121	0.07568	0.05337	0.01955	0.05892	0.03630	0.00905	0.00698	0.00214	0.00810	0.00704	0.00579	0.03941
23	0.00992	0.00772	0.00907	0.00865	0.01073	0.00710	0.00651	0.01369	0.05775	0.02527	0.43595	0.05717	0.29325	0.01552	0.00834	0.00231	0.00358	0.01337	0.00736	0.00673
24	0.18978	0.22071	0.27838	0.01478	0.02188	0.01954	0.01627	0.08173	0.01619	0.02542	0.04649	0.01541	0.01198	0.00711	0.00577	0.00204	0.00803	0.00505	0.00395	0.00949
25	0.01953	0.60255	0.09536	0.01366	0.01985	0.11148	0.01363	0.02230	0.01521	0.01735	0.01029	0.01192	0.00913	0.00630	0.00499	0.00163	0.00851	0.00403	0.00312	0.00915
26	0.01237	0.00618	0.00928	0.00928	0.00928	0.00618	0.00618	0.00928	0.00928	0.01237	0.01237	0.02165	0.01237	0.02474	0.02783	0.79283	0.00618	0.00618	0.00309	0.00309
27	0.80005	0.01377	0.01047	0.00936	0.01377	0.01597	0.00771	0.02093	0.01212	0.03195	0.00991	0.01157	0.00771	0.00661	0.00441	0.00220	0.00551	0.00386	0.00441	0.00771
28	0.04202	0.12181	0.01663	0.06756	0.01661	0.01476	0.00996	0.09737	0.01655	0.04996	0.01881	0.02176	0.03108	0.01013	0.03174	0.00231	0.09496	0.00629	0.32156	0.00811
29	0.00986	0.00731	0.00926	0.00892	0.01068	0.00661	0.00660	0.01277	0.01871	0.02600	0.52283	0.13875	0.13866	0.01562	0.00838	0.00230	0.00355	0.01376	0.00742	0.03200
30	0.01477	0.01266	0.01477	0.01055	0.01687	0.00949	0.00844	0.01793	0.01477	0.02320	0.01266	0.01477	0.01055	0.00527	0.00527	0.00105	0.00527	0.00422	0.00422	0.79328
31	0.02182	0.01901	0.05944	0.01794	0.02349	0.01937	0.11579	0.36936	0.17435	0.03562	0.02019	0.05610	0.01563	0.00900	0.00743	0.00228	0.00795	0.00772	0.00636	0.01114
32	0.00942	0.00729	0.00867	0.00920	0.01074	0.00675	0.00666	0.01231	0.05182	0.02112	0.16801	0.33312	0.26779	0.01873	0.00867	0.00260	0.00399	0.03991	0.00686	0.00635
33	0.11118	0.22919	0.23823	0.01546	0.02216	0.02081	0.01624	0.10845	0.09801	0.02556	0.01399	0.01528	0.01083	0.00738	0.00668	0.00208	0.03905	0.00521	0.00423	0.00998
34	0.01657	0.02199	0.16983	0.02747	0.07910	0.01735	0.44371	0.05714	0.01717	0.02377	0.01521	0.04869	0.01208	0.00700	0.00795	0.00236	0.01092	0.00804	0.00379	0.00987
35	0.00885	0.00627	0.00821	0.00969	0.01006	0.00590	0.00637	0.00996	0.01330	0.01773	0.03751	0.67314	0.04491	0.09726	0.01189	0.00331	0.00442	0.01922	0.00637	0.00563
36	0.76044	0.01493	0.04587	0.00992	0.01463	0.01600	0.00865	0.02101	0.01227	0.03147	0.01006	0.01174	0.00778	0.00662	0.00453	0.00221	0.00576	0.00393	0.00434	0.00785
37	0.00957	0.00705	0.00873	0.00960	0.01064	0.00662	0.00664	0.03834	0.01531	0.02018	0.09796	0.52464	0.15244	0.04478	0.00975	0.00286	0.00423	0.01788	0.00666	0.00611
38	0.04882	0.02131	0.19668	0.02164	0.02773	0.01702	0.27521	0.05919	0.01596	0.02375	0.01421	0.01817	0.01101	0.00896	0.03154	0.00265	0.11414	0.00683	0.07593	0.00926
39	0.01983	0.01896	0.10079	0.01641	0.02240	0.01691	0.07883	0.29648	0.04723	0.03189	0.01672	0.05903	0.01353	0.00828	0.00743	0.00200	0.03237	0.00680	0.00544	0.19865
