[name]
unknown

[dist]
# distance from previous block
# <min> <max>
7	34

[block]
# block no. 0 follows, 27 sequences, length 13
# corresponding to MSA columns:
# 37-49
name=unknown_A
#
# <colnr> <probs for GDERKNQSTAVLIFYWHMCP>
#	G	D	E	R	K	N	Q	S	T	A	V	L	I	F	Y	W	H	M	C	P
0	0.08652	0.11036	0.08447	0.01319	0.01802	0.01491	0.01179	0.04714	0.08219	0.14881	0.02010	0.04375	0.01640	0.05139	0.15149	0.00434	0.00964	0.00699	0.00544	0.07306
1	0.17220	0.01882	0.14084	0.03989	0.02231	0.01525	0.04345	0.06250	0.10848	0.12735	0.01799	0.01899	0.01319	0.00949	0.03409	0.00254	0.00790	0.00607	0.00544	0.13320
2	0.11875	0.06836	0.24087	0.01625	0.02271	0.03802	0.03990	0.02480	0.08900	0.09007	0.06854	0.02083	0.01671	0.00994	0.03027	0.00260	0.04562	0.00650	0.00492	0.04532
3	0.22326	0.01351	0.01921	0.52979	0.04123	0.01654	0.01723	0.01974	0.01425	0.02283	0.01243	0.01771	0.00940	0.00728	0.00666	0.00243	0.00878	0.00590	0.00365	0.00819
4	0.79154	0.01436	0.01091	0.00976	0.01436	0.01665	0.00804	0.02182	0.01263	0.03331	0.01034	0.01206	0.00804	0.00689	0.00459	0.00230	0.00574	0.00402	0.00459	0.00804
5	0.08487	0.01150	0.01454	0.01185	0.01634	0.01058	0.00956	0.02880	0.05150	0.42571	0.18403	0.03366	0.06269	0.01092	0.00761	0.00233	0.00547	0.00903	0.00841	0.01061
6	0.79154	0.01436	0.01091	0.00976	0.01436	0.01665	0.00804	0.02182	0.01263	0.03331	0.01034	0.01206	0.00804	0.00689	0.00459	0.00230	0.00574	0.00402	0.00459	0.00804
7	0.79154	0.01436	0.01091	0.00976	0.01436	0.01665	0.00804	0.02182	0.01263	0.03331	0.01034	0.01206	0.00804	0.00689	0.00459	0.00230	0.00574	0.00402	0.00459	0.00804
8	0.01837	0.01764	0.03013	0.04557	0.69279	0.01764	0.02278	0.02278	0.01690	0.02425	0.01396	0.01837	0.01176	0.00661	0.00735	0.00220	0.00882	0.00661	0.00367	0.01176
9	0.00979	0.00686	0.00873	0.00979	0.01026	0.00656	0.00647	0.01099	0.01390	0.01863	0.08457	0.45757	0.04411	0.22505	0.01747	0.00417	0.00519	0.04789	0.00631	0.00571
10	0.05045	0.01465	0.02413	0.40298	0.28479	0.01651	0.02041	0.02032	0.01562	0.02173	0.01470	0.02223	0.01220	0.00778	0.00741	0.00242	0.00915	0.03938	0.00368	0.00946
11	0.01666	0.01589	0.02704	0.31109	0.44064	0.01719	0.02193	0.02128	0.01609	0.02218	0.01366	0.01893	0.01103	0.00693	0.00738	0.00231	0.00924	0.00661	0.00353	0.01038
12	0.01603	0.01732	0.07757	0.01825	0.02547	0.01329	0.21947	0.02069	0.01609	0.02401	0.01379	0.01689	0.01096	0.00586	0.00666	0.00164	0.00816	0.00587	0.00410	0.47789

[dist]
# distance from previous block
# <min> <max>
1	5

[block]
# block no. 1 follows, 27 sequences, length 13
# corresponding to MSA columns:
# 55-67
name=unknown_B
#
# <colnr> <probs for GDERKNQSTAVLIFYWHMCP>
#	G	D	E	R	K	N	Q	S	T	A	V	L	I	F	Y	W	H	M	C	P
0	0.01734	0.01704	0.02591	0.27174	0.36759	0.05932	0.02070	0.02237	0.04546	0.02204	0.01404	0.01885	0.01137	0.00745	0.00825	0.00235	0.04772	0.00657	0.00370	0.01018
1	0.01603	0.01448	0.01892	0.01427	0.01984	0.01325	0.06641	0.02136	0.08994	0.02413	0.01483	0.01729	0.01218	0.00703	0.00839	0.00165	0.09715	0.00549	0.00455	0.53281
2	0.01730	0.01319	0.01715	0.05594	0.02029	0.01200	0.04375	0.06541	0.05266	0.09253	0.02040	0.13087	0.01838	0.00953	0.00742	0.00190	0.02815	0.00813	0.00552	0.37948
3	0.02732	0.01487	0.01790	0.01396	0.01962	0.01438	0.01137	0.15979	0.12854	0.36390	0.02482	0.02274	0.01685	0.00874	0.00719	0.00214	0.00650	0.00701	0.00788	0.12447
4	0.01984	0.01663	0.01756	0.01538	0.01983	0.01911	0.01208	0.12778	0.58881	0.03327	0.02847	0.02631	0.02125	0.00991	0.00754	0.00248	0.00620	0.00815	0.00754	0.01187
5	0.01539	0.01319	0.01539	0.01100	0.01759	0.00990	0.00880	0.01869	0.01539	0.02419	0.01319	0.01539	0.01100	0.00550	0.00550	0.00110	0.00550	0.00440	0.00440	0.78449
6	0.01061	0.00795	0.01193	0.01193	0.01326	0.00928	0.00928	0.01326	0.01193	0.01723	0.01988	0.02916	0.01856	0.05568	0.70968	0.01193	0.01988	0.00795	0.00398	0.00663
7	0.02769	0.20129	0.02378	0.01402	0.01985	0.01871	0.01209	0.16361	0.07260	0.33861	0.02214	0.02050	0.01525	0.00847	0.00677	0.00212	0.00708	0.00648	0.00716	0.01177
8	0.01402	0.01319	0.02227	0.72126	0.05113	0.01649	0.02062	0.01897	0.01484	0.01897	0.01319	0.01979	0.00990	0.00742	0.00742	0.00247	0.00990	0.00660	0.00330	0.00825
9	0.01556	0.01371	0.01756	0.01254	0.01921	0.01057	0.05881	0.01908	0.01556	0.02416	0.01333	0.01575	0.01102	0.00556	0.00575	0.00121	0.00603	0.00473	0.00435	0.72553
10	0.01725	0.01658	0.02342	0.01735	0.02362	0.05538	0.18423	0.05661	0.04411	0.02499	0.01575	0.04926	0.01324	0.00699	0.00680	0.00173	0.00795	0.00661	0.00460	0.42352
11	0.01636	0.01789	0.09413	0.05632	0.02748	0.01568	0.23665	0.08587	0.05414	0.02544	0.04065	0.13048	0.01936	0.00999	0.00873	0.00240	0.04089	0.00952	0.00492	0.10308
12	0.02631	0.02767	0.02117	0.01799	0.02267	0.40577	0.03511	0.16499	0.08092	0.06215	0.01561	0.01654	0.01196	0.00805	0.00697	0.00203	0.01079	0.00575	0.00523	0.05234

[dist]
# distance from previous block
# <min> <max>
6	20

[block]
# block no. 2 follows, 27 sequences, length 11
# corresponding to MSA columns:
# 89-99
name=unknown_C
#
# <colnr> <probs for GDERKNQSTAVLIFYWHMCP>
#	G	D	E	R	K	N	Q	S	T	A	V	L	I	F	Y	W	H	M	C	P
0	0.00979	0.00731	0.00907	0.00976	0.01103	0.00655	0.00667	0.01130	0.01462	0.01954	0.06562	0.49021	0.13215	0.08774	0.01165	0.00314	0.00458	0.01763	0.00649	0.07512
1	0.01039	0.00749	0.00981	0.00942	0.01106	0.00692	0.00700	0.01370	0.02045	0.02887	0.63510	0.11179	0.06831	0.01585	0.00882	0.00239	0.00357	0.01406	0.00807	0.00692
2	0.02147	0.51400	0.03348	0.01454	0.02002	0.10796	0.01336	0.09958	0.01783	0.02107	0.01130	0.01315	0.00992	0.00736	0.00693	0.00184	0.06816	0.00460	0.00376	0.00967
3	0.01483	0.01260	0.01479	0.01094	0.01699	0.00955	0.00863	0.01795	0.01529	0.02372	0.01566	0.07926	0.01438	0.00708	0.00585	0.00127	0.00539	0.00588	0.00462	0.71532
4	0.03331	0.01263	0.01723	0.01321	0.01895	0.01091	0.01091	0.03618	0.02125	0.69794	0.02929	0.02527	0.01838	0.00919	0.00747	0.00230	0.00632	0.00747	0.00919	0.01263
5	0.01220	0.00965	0.01418	0.01533	0.07687	0.01122	0.01073	0.01480	0.01272	0.01886	0.01974	0.06491	0.01884	0.06371	0.44147	0.00847	0.10013	0.00837	0.07059	0.00721
6	0.01361	0.01257	0.02104	0.63686	0.04662	0.01564	0.01927	0.01829	0.01450	0.01876	0.01399	0.02091	0.01093	0.01316	0.09098	0.00360	0.01108	0.00676	0.00338	0.00805
7	0.01025	0.00710	0.00875	0.00965	0.01098	0.00636	0.00673	0.01180	0.01539	0.05534	0.05050	0.49947	0.23802	0.02119	0.00916	0.00283	0.00425	0.01876	0.00701	0.00645
8	0.00896	0.00749	0.00757	0.00757	0.00985	0.00635	0.00553	0.01067	0.01635	0.01952	0.07036	0.06931	0.62777	0.08619	0.01149	0.00295	0.00408	0.01521	0.00667	0.00610
9	0.02744	0.01833	0.02034	0.01589	0.02145	0.01978	0.01302	0.46597	0.09756	0.16056	0.04725	0.02162	0.01691	0.00932	0.00750	0.00227	0.00742	0.00726	0.00778	0.01232
10	0.55961	0.04822	0.01509	0.09556	0.02013	0.01808	0.01058	0.10985	0.01605	0.03272	0.01170	0.01376	0.00896	0.00721	0.00533	0.00228	0.00667	0.00469	0.00476	0.00876

[dist]
# distance from previous block
# <min> <max>
0	5

[block]
# block no. 3 follows, 27 sequences, length 11
# corresponding to MSA columns:
# 105-115
name=unknown_D
#
# <colnr> <probs for GDERKNQSTAVLIFYWHMCP>
#	G	D	E	R	K	N	Q	S	T	A	V	L	I	F	Y	W	H	M	C	P
0	0.00945	0.00669	0.00880	0.01033	0.01081	0.00634	0.00699	0.01075	0.01404	0.01869	0.03888	0.61253	0.04622	0.10150	0.01263	0.00350	0.00480	0.06450	0.00663	0.00592
1	0.01619	0.01367	0.01582	0.01138	0.01793	0.01072	0.00913	0.05921	0.01661	0.02560	0.01348	0.01555	0.01110	0.00571	0.00562	0.00117	0.00566	0.00454	0.00459	0.73633
2	0.02471	0.01733	0.01938	0.01547	0.02030	0.01896	0.01255	0.48040	0.02898	0.08696	0.02007	0.04954	0.01587	0.04530	0.10513	0.00380	0.00945	0.00765	0.00694	0.01121
3	0.01016	0.00700	0.00821	0.00872	0.00900	0.00680	0.00527	0.01065	0.01217	0.01607	0.03163	0.25153	0.07299	0.48572	0.02773	0.00569	0.00614	0.01412	0.00534	0.00505
4	0.01025	0.00720	0.00802	0.00816	0.00870	0.00692	0.00492	0.01073	0.01231	0.01591	0.03530	0.10784	0.16321	0.53596	0.02964	0.00591	0.00627	0.01261	0.00517	0.00498
5	0.02507	0.01854	0.01998	0.01583	0.02086	0.02045	0.01276	0.53742	0.07082	0.04155	0.02043	0.06458	0.01660	0.06802	0.00998	0.00269	0.00772	0.00799	0.00717	0.01152
6	0.02267	0.02335	0.02385	0.05040	0.28557	0.26632	0.01717	0.04743	0.06955	0.06327	0.01528	0.01758	0.01212	0.00745	0.00705	0.00208	0.00994	0.00603	0.00450	0.04838
7	0.02592	0.01619	0.01823	0.01420	0.01981	0.04714	0.01153	0.21496	0.06350	0.26539	0.02138	0.02077	0.01500	0.01026	0.03655	0.00242	0.00756	0.00654	0.00709	0.17553
8	0.07688	0.03381	0.01397	0.01263	0.04333	0.03529	0.00924	0.04979	0.09944	0.05460	0.08160	0.15435	0.16100	0.01307	0.00753	0.00227	0.00551	0.01099	0.00627	0.12843
9	0.02741	0.01705	0.01884	0.01459	0.02036	0.05783	0.01188	0.24790	0.05647	0.28595	0.02155	0.02041	0.01481	0.00840	0.00707	0.00205	0.00722	0.00655	0.00735	0.14630
10	0.05266	0.08968	0.01814	0.01319	0.01750	0.09104	0.01067	0.15566	0.03682	0.07006	0.06761	0.07130	0.07263	0.01032	0.00761	0.00208	0.03705	0.00799	0.05287	0.11511

[dist]
# distance from previous block
# <min> <max>
8	27

[block]
# block no. 4 follows, 27 sequences, length 6
# corresponding to MSA columns:
# 148-153
name=unknown_E
#
# <colnr> <probs for GDERKNQSTAVLIFYWHMCP>
#	G	D	E	R	K	N	Q	S	T	A	V	L	I	F	Y	W	H	M	C	P
0	0.21547	0.15937	0.18655	0.01465	0.02118	0.05655	0.01485	0.02443	0.01568	0.12207	0.01403	0.01532	0.01051	0.00740	0.00674	0.00212	0.04165	0.00505	0.00452	0.06187
1	0.01587	0.09022	0.07985	0.01248	0.01688	0.01347	0.01090	0.05439	0.13231	0.07061	0.13746	0.10704	0.10221	0.03302	0.00839	0.00238	0.00593	0.01012	0.00633	0.09013
2	0.01720	0.05831	0.19376	0.02029	0.02703	0.01678	0.21057	0.09031	0.06970	0.04883	0.07718	0.05350	0.06388	0.00937	0.00789	0.00239	0.00908	0.00876	0.00513	0.01006
3	0.01850	0.12820	0.19654	0.02187	0.02889	0.05955	0.23049	0.02366	0.01638	0.06277	0.01393	0.01705	0.01072	0.00738	0.00900	0.00228	0.08519	0.00646	0.00384	0.05730
4	0.06766	0.24034	0.09495	0.05551	0.09568	0.24598	0.01613	0.02438	0.01689	0.02008	0.01150	0.01413	0.00971	0.00735	0.00719	0.00202	0.05262	0.00496	0.00353	0.00938
5	0.01869	0.22859	0.06248	0.01335	0.01838	0.01644	0.05102	0.02314	0.05645	0.13377	0.11702	0.04942	0.02330	0.01083	0.03131	0.00236	0.00712	0.00758	0.07228	0.05647

[dist]
# distance from previous block
# <min> <max>
41	77

[block]
# block no. 5 follows, 27 sequences, length 16
# corresponding to MSA columns:
# 245-260
name=unknown_F
#
# <colnr> <probs for GDERKNQSTAVLIFYWHMCP>
#	G	D	E	R	K	N	Q	S	T	A	V	L	I	F	Y	W	H	M	C	P
0	0.02185	0.01878	0.01889	0.01713	0.06211	0.12585	0.01267	0.26282	0.05685	0.05322	0.04657	0.11437	0.04324	0.01101	0.00830	0.00227	0.04045	0.00875	0.00621	0.06866
1	0.04892	0.42191	0.06156	0.04039	0.05863	0.02379	0.01393	0.09230	0.04244	0.11106	0.01475	0.01567	0.01157	0.00723	0.00583	0.00191	0.00785	0.00518	0.00465	0.01043
2	0.12083	0.27168	0.05953	0.01661	0.08901	0.09496	0.01321	0.05029	0.01716	0.05765	0.04783	0.01806	0.03307	0.00760	0.00596	0.00190	0.00786	0.00555	0.00443	0.07680
3	0.09602	0.17516	0.02196	0.01605	0.06121	0.19989	0.01230	0.08754	0.03878	0.04495	0.08011	0.02536	0.06862	0.00949	0.00672	0.00210	0.00837	0.03108	0.00512	0.00917
4	0.30359	0.01990	0.14082	0.13094	0.05583	0.06011	0.01525	0.02495	0.05255	0.10921	0.01502	0.01684	0.01094	0.00750	0.00628	0.00232	0.00807	0.00554	0.00476	0.00958
5	0.01058	0.00851	0.01103	0.01345	0.09902	0.00791	0.00810	0.01242	0.01541	0.02000	0.09289	0.23315	0.27117	0.14617	0.01393	0.00342	0.00516	0.01489	0.00614	0.00666
6	0.02470	0.01828	0.01976	0.01532	0.02055	0.01968	0.01234	0.51922	0.02986	0.04037	0.01810	0.02160	0.01434	0.10383	0.01120	0.00277	0.00778	0.00700	0.00675	0.08656
7	0.01676	0.27243	0.31567	0.12331	0.09008	0.02129	0.02101	0.02234	0.01546	0.02086	0.01234	0.01524	0.00973	0.00683	0.00636	0.00210	0.00959	0.00524	0.00322	0.01015
8	0.00904	0.00737	0.00800	0.00819	0.01028	0.00633	0.00601	0.01104	0.01704	0.02115	0.14997	0.17153	0.51018	0.01902	0.00888	0.00256	0.00381	0.01621	0.00706	0.00633
9	0.01489	0.03840	0.70064	0.02116	0.03213	0.01724	0.02743	0.02351	0.01567	0.02351	0.01332	0.01567	0.00940	0.00705	0.00705	0.00235	0.01097	0.00549	0.00313	0.01097
10	0.01681	0.01782	0.03562	0.20765	0.17430	0.01797	0.37343	0.02237	0.01672	0.02267	0.01435	0.01963	0.01102	0.00662	0.00814	0.00244	0.01111	0.00778	0.00362	0.00992
11	0.00973	0.00659	0.00896	0.01046	0.01092	0.00624	0.00715	0.01057	0.01380	0.01837	0.03716	0.60016	0.04397	0.02341	0.01207	0.10492	0.00475	0.05862	0.00641	0.00571
12	0.01056	0.00789	0.01008	0.01090	0.01270	0.00741	0.00886	0.01339	0.01753	0.02280	0.17495	0.13710	0.21854	0.01929	0.00950	0.00293	0.00514	0.29666	0.00712	0.00664
13	0.01752	0.02126	0.12140	0.11469	0.30946	0.04430	0.21635	0.02300	0.01685	0.02317	0.01401	0.01849	0.01100	0.00670	0.00772	0.00233	0.01051	0.00704	0.00359	0.01061
14	0.57743	0.08214	0.14407	0.01218	0.01813	0.01787	0.01212	0.02218	0.01342	0.03008	0.01090	0.01273	0.00843	0.00688	0.00507	0.00225	0.00692	0.00429	0.00419	0.00872
15	0.01812	0.01900	0.07051	0.04334	0.61763	0.01768	0.05857	0.02288	0.01687	0.02418	0.01398	0.01831	0.01159	0.00662	0.00741	0.00223	0.00915	0.00667	0.00365	0.01162

[dist]
# distance from previous block
# <min> <max>
0	6

[block]
# block no. 6 follows, 27 sequences, length 19
# corresponding to MSA columns:
# 267-281,283-286
name=unknown_G
#
# <colnr> <probs for GDERKNQSTAVLIFYWHMCP>
#	G	D	E	R	K	N	Q	S	T	A	V	L	I	F	Y	W	H	M	C	P
0	0.02054	0.01584	0.02060	0.05803	0.18163	0.01701	0.01497	0.16111	0.20979	0.08988	0.02409	0.06904	0.01992	0.01031	0.00777	0.00245	0.00727	0.05215	0.00644	0.01115
1	0.01139	0.00794	0.00889	0.00883	0.00923	0.00814	0.00526	0.01331	0.07026	0.01610	0.02488	0.08149	0.02773	0.63817	0.03367	0.00657	0.00693	0.01111	0.00489	0.00522
2	0.02597	0.01924	0.02062	0.01614	0.02143	0.02129	0.01309	0.56409	0.07959	0.04277	0.01922	0.02127	0.01463	0.07375	0.01013	0.00269	0.00792	0.00717	0.00718	0.01184
3	0.08430	0.01451	0.02343	0.53984	0.04468	0.01719	0.08409	0.06466	0.01631	0.02265	0.01345	0.01899	0.01006	0.00736	0.00731	0.00244	0.00967	0.00659	0.00375	0.00871
4	0.02140	0.57500	0.08676	0.01356	0.02018	0.02595	0.01366	0.04523	0.01654	0.10308	0.01315	0.01405	0.01071	0.00684	0.00536	0.00176	0.00798	0.00461	0.00406	0.01012
5	0.01503	0.03745	0.66657	0.02168	0.03248	0.01732	0.06055	0.02352	0.01577	0.02352	0.01341	0.01590	0.00950	0.00701	0.00714	0.00236	0.01105	0.00566	0.00317	0.01092
6	0.01053	0.00846	0.00902	0.00875	0.01086	0.00798	0.00629	0.01448	0.09416	0.02139	0.13353	0.05978	0.40355	0.16184	0.01445	0.00343	0.00467	0.01356	0.00665	0.00665
7	0.02290	0.26692	0.02628	0.01589	0.02068	0.23431	0.01343	0.13806	0.06907	0.02420	0.01574	0.02040	0.01369	0.00879	0.00703	0.00206	0.03018	0.05596	0.00473	0.00969
8	0.01452	0.01388	0.02237	0.56452	0.04406	0.01789	0.01964	0.01872	0.01407	0.01872	0.01242	0.01900	0.00986	0.00867	0.01121	0.00265	0.16973	0.00657	0.00329	0.00822
9	0.00903	0.00654	0.00853	0.01013	0.01071	0.00605	0.00680	0.01036	0.01441	0.01903	0.04341	0.68611	0.09564	0.02293	0.00942	0.00298	0.00427	0.02071	0.00689	0.00605
10	0.01278	0.01043	0.01172	0.01135	0.01407	0.01077	0.00883	0.02154	0.23885	0.02591	0.17706	0.08554	0.22920	0.01558	0.00859	0.00262	0.00484	0.09464	0.00736	0.00831
11	0.04334	0.07505	0.50174	0.02105	0.07745	0.01717	0.02345	0.02495	0.01634	0.10983	0.01513	0.01675	0.01069	0.00725	0.00691	0.00229	0.00986	0.00568	0.00400	0.01106
12	0.00926	0.00750	0.00825	0.00832	0.01050	0.00649	0.00625	0.01149	0.01756	0.02201	0.19455	0.11462	0.49597	0.01845	0.00888	0.00254	0.00387	0.03993	0.00715	0.00642
13	0.00893	0.00689	0.00817	0.00918	0.01046	0.00613	0.00638	0.01047	0.01532	0.01940	0.05496	0.46269	0.31160	0.02143	0.00919	0.00281	0.00408	0.01888	0.00689	0.00613
14	0.02407	0.02765	0.02371	0.02205	0.08509	0.41213	0.07876	0.09017	0.04286	0.02247	0.01365	0.01640	0.01115	0.01042	0.04452	0.00264	0.05269	0.00591	0.00426	0.00941
15	0.02822	0.02079	0.02228	0.01708	0.02302	0.02302	0.01411	0.66804	0.03490	0.04679	0.01782	0.01782	0.01262	0.00891	0.00743	0.00223	0.00817	0.00668	0.00743	0.01262
16	0.01546	0.01516	0.02331	0.58282	0.14094	0.05818	0.02055	0.02015	0.01551	0.01967	0.01320	0.01921	0.01014	0.00732	0.00737	0.00240	0.00995	0.00649	0.00338	0.00877
17	0.06284	0.01141	0.01444	0.01179	0.01603	0.01056	0.00948	0.07083	0.02150	0.37004	0.24823	0.03597	0.06175	0.01143	0.00780	0.00231	0.00538	0.00955	0.00840	0.01028
18	0.01391	0.03310	0.01182	0.01034	0.01311	0.00903	0.00822	0.05480	0.01952	0.09855	0.24032	0.08839	0.25799	0.01610	0.00864	0.00253	0.00478	0.09370	0.00743	0.00773

[dist]
# distance from previous block
# <min> <max>
5	13

[block]
# block no. 7 follows, 27 sequences, length 6
# corresponding to MSA columns:
# 300-305
name=unknown_H
#
# <colnr> <probs for GDERKNQSTAVLIFYWHMCP>
#	G	D	E	R	K	N	Q	S	T	A	V	L	I	F	Y	W	H	M	C	P
0	0.01445	0.01074	0.01540	0.06776	0.04634	0.01069	0.06046	0.01962	0.09901	0.09064	0.09538	0.21059	0.13273	0.01536	0.00865	0.00267	0.00605	0.07847	0.00667	0.00831
1	0.02050	0.01757	0.01877	0.01746	0.08705	0.07812	0.01249	0.14804	0.21560	0.05655	0.02261	0.02267	0.04753	0.00857	0.00699	0.00203	0.00710	0.00692	0.00608	0.19733
2	0.14089	0.01269	0.01416	0.01216	0.01616	0.01302	0.00954	0.08826	0.13265	0.22552	0.06081	0.09790	0.07439	0.05737	0.00930	0.00272	0.00586	0.00946	0.00729	0.00986
3	0.20573	0.09204	0.17055	0.17233	0.02732	0.01688	0.01597	0.04917	0.01605	0.06780	0.04823	0.05708	0.01504	0.00852	0.00656	0.00232	0.00801	0.00664	0.00455	0.00921
4	0.20650	0.11734	0.15851	0.10234	0.12283	0.01816	0.05788	0.02358	0.01561	0.09236	0.01398	0.01640	0.01050	0.00706	0.00638	0.00223	0.00849	0.00562	0.00424	0.00997
5	0.07640	0.20667	0.24342	0.04621	0.06741	0.01891	0.06746	0.02298	0.01588	0.08473	0.01618	0.07317	0.01363	0.00828	0.00668	0.00221	0.00879	0.00678	0.00420	0.01001

[dist]
# distance from previous block
# <min> <max>
25	93

[block]
# block no. 8 follows, 27 sequences, length 23
# corresponding to MSA columns:
# 399-421
name=unknown_I
#
# <colnr> <probs for GDERKNQSTAVLIFYWHMCP>
#	G	D	E	R	K	N	Q	S	T	A	V	L	I	F	Y	W	H	M	C	P
0	0.01107	0.00846	0.01097	0.01199	0.05044	0.00797	0.00839	0.03579	0.01858	0.02501	0.29888	0.20517	0.17738	0.01749	0.00895	0.00262	0.00455	0.08199	0.00722	0.00710
1	0.08285	0.01581	0.03010	0.23943	0.03712	0.01636	0.33106	0.02052	0.01588	0.02255	0.01714	0.10461	0.01508	0.00870	0.00807	0.00254	0.01014	0.00916	0.00406	0.00882
2	0.02170	0.54537	0.03357	0.01404	0.01978	0.15362	0.01289	0.02507	0.05417	0.04266	0.01234	0.01356	0.01060	0.00690	0.00537	0.00173	0.00877	0.00450	0.00376	0.00959
3	0.04774	0.15365	0.37607	0.02111	0.07431	0.13304	0.04908	0.02420	0.01650	0.02205	0.01252	0.01490	0.00964	0.00696	0.00661	0.00214	0.01057	0.00528	0.00337	0.01024
4	0.01371	0.00876	0.01090	0.00990	0.01246	0.00811	0.00758	0.01794	0.06158	0.11609	0.45471	0.05251	0.16744	0.01470	0.00851	0.00237	0.00407	0.01271	0.00805	0.00792
5	0.65383	0.01576	0.01234	0.01083	0.01549	0.06840	0.00882	0.02393	0.01418	0.10227	0.01242	0.01355	0.00925	0.00719	0.00506	0.00227	0.00638	0.00444	0.00502	0.00857
6	0.02603	0.01161	0.01530	0.01252	0.01720	0.01021	0.00995	0.02951	0.05161	0.46572	0.03016	0.16687	0.02407	0.01171	0.00769	0.00234	0.00581	0.00996	0.00820	0.08353
7	0.02822	0.02079	0.02228	0.01708	0.02302	0.02302	0.01411	0.66804	0.03490	0.04679	0.01782	0.01782	0.01262	0.00891	0.00743	0.00223	0.00817	0.00668	0.00743	0.01262
8	0.01539	0.01319	0.01539	0.01100	0.01759	0.00990	0.00880	0.01869	0.01539	0.02419	0.01319	0.01539	0.01100	0.00550	0.00550	0.00110	0.00550	0.00440	0.00440	0.78449
9	0.01324	0.00841	0.00981	0.00912	0.01195	0.00728	0.00709	0.01570	0.01850	0.13109	0.19666	0.06123	0.41829	0.01657	0.00863	0.00248	0.00427	0.04468	0.00753	0.00747
10	0.01681	0.31137	0.44448	0.01789	0.02707	0.02194	0.02173	0.02301	0.01545	0.02117	0.01216	0.01422	0.00945	0.00678	0.00617	0.00206	0.00980	0.00490	0.00315	0.01041
11	0.00883	0.00731	0.00774	0.00809	0.01018	0.00622	0.00589	0.01059	0.01638	0.01983	0.06832	0.20458	0.56110	0.01970	0.00891	0.00261	0.00387	0.01676	0.00689	0.00622
12	0.03331	0.01263	0.01723	0.01321	0.01895	0.01091	0.01091	0.03618	0.02125	0.69794	0.02929	0.02527	0.01838	0.00919	0.00747	0.00230	0.00632	0.00747	0.00919	0.01263
13	0.01587	0.01509	0.02562	0.43336	0.32453	0.01698	0.02154	0.02059	0.01572	0.02122	0.01352	0.01919	0.01069	0.00708	0.00739	0.00236	0.00944	0.00660	0.00346	0.00974
14	0.03331	0.01263	0.01723	0.01321	0.01895	0.01091	0.01091	0.03618	0.02125	0.69794	0.02929	0.02527	0.01838	0.00919	0.00747	0.00230	0.00632	0.00747	0.00919	0.01263
15	0.01061	0.00795	0.01193	0.01193	0.01326	0.00928	0.00928	0.01326	0.01193	0.01723	0.01988	0.02916	0.01856	0.05568	0.70968	0.01193	0.01988	0.00795	0.00398	0.00663
16	0.01196	0.00854	0.01196	0.01367	0.01538	0.00854	0.01196	0.01538	0.01709	0.02222	0.03931	0.08374	0.04272	0.02051	0.01025	0.00342	0.00684	0.64283	0.00684	0.00684
17	0.47954	0.08035	0.08130	0.06590	0.02026	0.07714	0.01196	0.02338	0.01456	0.07027	0.01212	0.01392	0.00922	0.00711	0.00542	0.00222	0.00744	0.00463	0.00446	0.00880
18	0.19711	0.02193	0.01788	0.01529	0.01981	0.20612	0.01201	0.21837	0.13157	0.03204	0.01670	0.01826	0.01303	0.03919	0.00790	0.00242	0.00862	0.00603	0.00571	0.01002
19	0.01489	0.01480	0.02663	0.52964	0.04626	0.01742	0.14988	0.01985	0.01512	0.01985	0.01330	0.01957	0.01016	0.00761	0.00897	0.00254	0.06451	0.00702	0.00339	0.00859
20	0.02010	0.01546	0.01838	0.12894	0.06231	0.04266	0.01352	0.05914	0.34036	0.12568	0.07277	0.02660	0.02188	0.00955	0.00756	0.00241	0.00696	0.00802	0.00679	0.01090
21	0.02286	0.01708	0.01869	0.01522	0.01993	0.01849	0.01217	0.45104	0.07833	0.03868	0.02327	0.16588	0.02080	0.01177	0.00776	0.00235	0.00706	0.00966	0.00717	0.05179
22	0.05476	0.03221	0.47322	0.01946	0.02868	0.01888	0.02269	0.20911	0.02107	0.03067	0.01448	0.01613	0.01027	0.00758	0.00705	0.00231	0.00992	0.00576	0.00444	0.01131

[dist]
# distance from previous block
# <min> <max>
13	26

[block]
# block no. 9 follows, 27 sequences, length 22
# corresponding to MSA columns:
# 449-470
name=unknown_J
#
# <colnr> <probs for GDERKNQSTAVLIFYWHMCP>
#	G	D	E	R	K	N	Q	S	T	A	V	L	I	F	Y	W	H	M	C	P
0	0.01762	0.01430	0.01759	0.09428	0.06518	0.01368	0.01159	0.16328	0.01912	0.02721	0.01579	0.02155	0.01366	0.11541	0.01106	0.00248	0.00706	0.00625	0.00492	0.35794
1	0.01311	0.00946	0.01124	0.01068	0.01226	0.00984	0.00759	0.11896	0.01671	0.02247	0.07247	0.17202	0.08019	0.26673	0.13741	0.00573	0.00846	0.01213	0.00576	0.00678
2	0.05100	0.07130	0.01533	0.01248	0.01483	0.11595	0.00974	0.03733	0.01673	0.02136	0.10398	0.14258	0.19302	0.04263	0.01146	0.00268	0.11333	0.01133	0.00556	0.00741
3	0.02022	0.01417	0.01736	0.01270	0.01909	0.01186	0.02895	0.09740	0.01879	0.15016	0.01673	0.01762	0.01254	0.00659	0.00618	0.00149	0.00616	0.00535	0.00561	0.53100
4	0.02283	0.01789	0.02289	0.01734	0.02314	0.01832	0.10907	0.37200	0.04322	0.05515	0.01837	0.04841	0.01456	0.03535	0.00848	0.00229	0.00803	0.00739	0.00627	0.14899
5	0.01514	0.01209	0.01447	0.01097	0.01656	0.00943	0.00878	0.01846	0.01653	0.04965	0.11545	0.02537	0.02173	0.00787	0.00631	0.00145	0.00530	0.04011	0.00526	0.59905
6	0.02386	0.01740	0.01920	0.01506	0.02036	0.01829	0.01220	0.45683	0.02884	0.06326	0.04209	0.09595	0.01840	0.01016	0.00741	0.00215	0.00714	0.00814	0.00701	0.12627
7	0.01799	0.01575	0.02244	0.07162	0.07701	0.01492	0.10937	0.14232	0.01933	0.02763	0.01562	0.05075	0.01307	0.00750	0.00726	0.00185	0.02437	0.00665	0.00483	0.34971
8	0.01846	0.01715	0.02752	0.03891	0.55666	0.01678	0.02024	0.05680	0.01765	0.02545	0.01406	0.01790	0.01169	0.00657	0.00708	0.00204	0.00829	0.00629	0.00398	0.12647
9	0.02323	0.01699	0.01901	0.01424	0.02044	0.01661	0.01164	0.34832	0.02570	0.08644	0.01675	0.01737	0.01238	0.00750	0.00662	0.00176	0.00691	0.00579	0.00629	0.33600
10	0.02421	0.01812	0.01987	0.01546	0.02096	0.01926	0.01260	0.49490	0.02951	0.04016	0.01867	0.06458	0.01498	0.01120	0.03578	0.00249	0.00797	0.00731	0.00677	0.13519
11	0.01817	0.01316	0.01583	0.11793	0.02209	0.01400	0.01159	0.02891	0.30008	0.13585	0.03391	0.05490	0.12681	0.01104	0.00764	0.00239	0.00613	0.00927	0.00685	0.06346
12	0.05034	0.00820	0.00836	0.00766	0.01024	0.00781	0.00586	0.01772	0.01541	0.02742	0.02193	0.02513	0.01732	0.00810	0.00521	0.00166	0.00387	0.00641	0.62900	0.12235
13	0.01524	0.00902	0.01236	0.05714	0.01435	0.00956	0.00851	0.10797	0.01375	0.01832	0.01365	0.02168	0.01266	0.02209	0.02440	0.61707	0.00693	0.00649	0.00385	0.00495
14	0.01584	0.01385	0.01758	0.01613	0.11778	0.01104	0.01087	0.01930	0.01562	0.02420	0.01331	0.01584	0.01111	0.00566	0.00577	0.00126	0.00599	0.00473	0.00429	0.66982
15	0.65662	0.01405	0.01204	0.01038	0.01517	0.01563	0.00855	0.02438	0.01417	0.15157	0.01371	0.01441	0.00988	0.00730	0.00511	0.00230	0.00584	0.00463	0.00541	0.00886
16	0.02572	0.01355	0.01658	0.01288	0.01820	0.01253	0.01049	0.15851	0.02276	0.35490	0.07833	0.02864	0.07935	0.00989	0.00738	0.00213	0.00613	0.00803	0.00784	0.12618
17	0.01255	0.01005	0.01387	0.01690	0.12464	0.00974	0.01153	0.03854	0.01800	0.02362	0.11512	0.08588	0.20039	0.01689	0.00912	0.00282	0.00599	0.27016	0.00650	0.00770
18	0.01434	0.01014	0.01230	0.01118	0.01368	0.01016	0.00851	0.10920	0.07167	0.05780	0.42287	0.14553	0.05317	0.01483	0.00853	0.00243	0.00458	0.01296	0.00787	0.00825
19	0.01789	0.02079	0.09151	0.04194	0.04753	0.06912	0.32077	0.05785	0.04057	0.02436	0.01579	0.04737	0.01285	0.00757	0.00839	0.00226	0.03663	0.00770	0.00422	0.12488
20	0.02008	0.53588	0.14503	0.01481	0.02170	0.07834	0.01531	0.05765	0.01669	0.02008	0.01130	0.01295	0.00968	0.00670	0.00543	0.00177	0.00886	0.00442	0.00345	0.00986
21	0.01870	0.01893	0.03948	0.05927	0.10286	0.01795	0.52424	0.02446	0.01764	0.07654	0.01596	0.02026	0.01182	0.00657	0.00846	0.00246	0.01155	0.00836	0.00415	0.01032

[dist]
# distance from previous block
# <min> <max>
6	13

[block]
# block no. 10 follows, 27 sequences, length 22
# corresponding to MSA columns:
# 484-505
name=unknown_K
#
# <colnr> <probs for GDERKNQSTAVLIFYWHMCP>
#	G	D	E	R	K	N	Q	S	T	A	V	L	I	F	Y	W	H	M	C	P
0	0.01224	0.00921	0.01194	0.01139	0.01234	0.01051	0.00832	0.04793	0.01308	0.01842	0.02261	0.07656	0.03917	0.28070	0.27715	0.00766	0.09504	0.00964	0.02973	0.00635
1	0.70338	0.01416	0.01165	0.01016	0.01489	0.01599	0.00837	0.02349	0.01364	0.11059	0.01254	0.01360	0.00924	0.00716	0.00493	0.00230	0.00581	0.00442	0.00513	0.00857
2	0.01049	0.00811	0.01011	0.01096	0.01207	0.00822	0.00773	0.01427	0.09207	0.02105	0.07966	0.52756	0.09951	0.02046	0.00975	0.00288	0.03321	0.01813	0.00690	0.00686
3	0.01553	0.01561	0.02378	0.05661	0.02389	0.05665	0.17477	0.01904	0.01612	0.02248	0.14278	0.06408	0.02391	0.01081	0.01254	0.00251	0.20680	0.00884	0.00468	0.09857
4	0.02453	0.08104	0.10411	0.01943	0.05335	0.39865	0.01591	0.13657	0.02175	0.02389	0.01319	0.01525	0.01057	0.00981	0.03823	0.00246	0.01191	0.00536	0.00431	0.00970
5	0.01103	0.00771	0.00888	0.00870	0.00879	0.00802	0.00518	0.01118	0.01104	0.01478	0.02442	0.04759	0.04880	0.67442	0.03605	0.00682	0.04660	0.01073	0.00451	0.00476
6	0.01771	0.01355	0.01675	0.09413	0.02192	0.01147	0.01067	0.05527	0.01696	0.09203	0.01505	0.01702	0.01169	0.00627	0.00602	0.00144	0.00623	0.00508	0.00491	0.57584
7	0.01402	0.01319	0.02227	0.72126	0.05113	0.01649	0.02062	0.01897	0.01484	0.01897	0.01319	0.01979	0.00990	0.00742	0.00742	0.00247	0.00990	0.00660	0.00330	0.00825
8	0.01846	0.01595	0.01679	0.01511	0.01930	0.01846	0.01175	0.03945	0.67938	0.03105	0.03022	0.02770	0.02266	0.01007	0.00755	0.00252	0.00588	0.00839	0.00755	0.01175
9	0.01539	0.01319	0.01539	0.01100	0.01759	0.00990	0.00880	0.01869	0.01539	0.02419	0.01319	0.01539	0.01100	0.00550	0.00550	0.00110	0.00550	0.00440	0.00440	0.78449
10	0.01061	0.00795	0.01193	0.01193	0.01326	0.00928	0.00928	0.01326	0.01193	0.01723	0.01988	0.02916	0.01856	0.05568	0.70968	0.01193	0.01988	0.00795	0.00398	0.00663
11	0.02699	0.02006	0.02162	0.01650	0.02250	0.02176	0.01360	0.60575	0.03303	0.04462	0.01738	0.01759	0.01247	0.00858	0.00724	0.00212	0.00791	0.00646	0.00714	0.08667
12	0.01402	0.01319	0.02227	0.72126	0.05113	0.01649	0.02062	0.01897	0.01484	0.01897	0.01319	0.01979	0.00990	0.00742	0.00742	0.00247	0.00990	0.00660	0.00330	0.00825
13	0.02033	0.01625	0.01752	0.01486	0.01968	0.01786	0.01175	0.13751	0.46955	0.06263	0.02621	0.02458	0.01951	0.00931	0.00729	0.00230	0.00622	0.00761	0.00724	0.10178
14	0.00989	0.00777	0.00883	0.00911	0.01108	0.00699	0.00675	0.03389	0.01733	0.02194	0.13387	0.23822	0.39553	0.01927	0.00898	0.00266	0.00419	0.05011	0.00706	0.00654
15	0.01059	0.00814	0.01113	0.01153	0.01210	0.00908	0.00831	0.01212	0.01272	0.01766	0.02866	0.34694	0.03248	0.13710	0.21655	0.00622	0.09307	0.01411	0.00528	0.00622
16	0.02487	0.01893	0.02045	0.01585	0.02166	0.02032	0.01295	0.48076	0.11725	0.04108	0.01873	0.01874	0.01370	0.00852	0.00713	0.00209	0.00744	0.00654	0.00696	0.13603
17	0.06046	0.01856	0.02642	0.03514	0.44267	0.09074	0.05393	0.04996	0.01793	0.02478	0.01667	0.02517	0.01494	0.00843	0.00755	0.00234	0.00908	0.08037	0.00427	0.01059
18	0.02620	0.01968	0.02117	0.01635	0.02220	0.02143	0.01342	0.55403	0.08942	0.04336	0.01848	0.01846	0.01335	0.00870	0.00726	0.00215	0.00773	0.00663	0.00716	0.08280
19	0.01726	0.01764	0.05822	0.17159	0.50118	0.01770	0.02219	0.02180	0.01613	0.02284	0.01354	0.01840	0.01118	0.00717	0.00836	0.00232	0.05155	0.00655	0.00355	0.01084
20	0.02570	0.15781	0.02483	0.01597	0.02175	0.02354	0.01353	0.50366	0.05131	0.03980	0.01754	0.03997	0.01353	0.00892	0.00699	0.00214	0.00793	0.00668	0.00660	0.01180
21	0.06671	0.01723	0.05663	0.21288	0.31179	0.01746	0.08188	0.02380	0.09313	0.02417	0.01549	0.01946	0.01215	0.00723	0.00734	0.00235	0.00901	0.00681	0.00407	0.01040

[dist]
# distance from previous block
# <min> <max>
7	43

[block]
# block no. 11 follows, 27 sequences, length 7
# corresponding to MSA columns:
# 550-556
name=unknown_L
#
# <colnr> <probs for GDERKNQSTAVLIFYWHMCP>
#	G	D	E	R	K	N	Q	S	T	A	V	L	I	F	Y	W	H	M	C	P
0	0.01794	0.06886	0.01697	0.01315	0.01675	0.04228	0.01032	0.17864	0.06211	0.05009	0.08574	0.20629	0.02804	0.04120	0.00940	0.00249	0.03159	0.01074	0.00634	0.10104
1	0.01761	0.23643	0.19268	0.02267	0.14895	0.06590	0.05572	0.02193	0.01576	0.02076	0.01456	0.07457	0.01330	0.00852	0.00794	0.00220	0.06023	0.00676	0.00365	0.00987
2	0.26828	0.14386	0.06229	0.01424	0.04103	0.07372	0.01196	0.09519	0.05902	0.02804	0.01524	0.06589	0.01323	0.00834	0.00596	0.00210	0.00732	0.00607	0.00482	0.07339
3	0.38965	0.05803	0.01789	0.08371	0.05375	0.01869	0.01200	0.18826	0.01945	0.07566	0.01390	0.01542	0.01031	0.00756	0.00592	0.00225	0.00709	0.00530	0.00535	0.00979
4	0.01535	0.15025	0.02149	0.01517	0.01768	0.07969	0.04268	0.01785	0.01350	0.01780	0.01505	0.02146	0.01393	0.03113	0.34231	0.00689	0.15965	0.00666	0.00366	0.00781
5	0.64890	0.01570	0.05555	0.05285	0.01795	0.01632	0.01019	0.02266	0.01350	0.07349	0.01188	0.01357	0.00888	0.00708	0.00510	0.00231	0.00636	0.00448	0.00471	0.00853
6	0.17023	0.01922	0.01974	0.01556	0.02112	0.02149	0.01280	0.49975	0.07938	0.04308	0.01736	0.01749	0.01252	0.00862	0.00691	0.00226	0.00754	0.00631	0.00691	0.01170

[dist]
# distance from previous block
# <min> <max>
0	1

[block]
# block no. 12 follows, 27 sequences, length 11
# corresponding to MSA columns:
# 558-568
name=unknown_M
#
# <colnr> <probs for GDERKNQSTAVLIFYWHMCP>
#	G	D	E	R	K	N	Q	S	T	A	V	L	I	F	Y	W	H	M	C	P
0	0.11032	0.00874	0.01002	0.00927	0.01140	0.00849	0.00680	0.01575	0.01750	0.07792	0.36061	0.04765	0.10406	0.16384	0.01414	0.00335	0.00479	0.01144	0.00693	0.00699
1	0.79154	0.01436	0.01091	0.00976	0.01436	0.01665	0.00804	0.02182	0.01263	0.03331	0.01034	0.01206	0.00804	0.00689	0.00459	0.00230	0.00574	0.00402	0.00459	0.00804
2	0.01704	0.01314	0.01556	0.01120	0.01772	0.00999	0.00899	0.02030	0.01593	0.08609	0.01467	0.01630	0.01167	0.00584	0.00568	0.00121	0.00557	0.00468	0.00484	0.71357
3	0.01255	0.01013	0.01052	0.00955	0.01267	0.00966	0.00740	0.12179	0.05097	0.02545	0.09056	0.05976	0.51845	0.01659	0.00849	0.00245	0.00458	0.01373	0.00707	0.00762
4	0.01402	0.01319	0.02227	0.72126	0.05113	0.01649	0.02062	0.01897	0.01484	0.01897	0.01319	0.01979	0.00990	0.00742	0.00742	0.00247	0.00990	0.00660	0.00330	0.00825
5	0.01523	0.01402	0.02295	0.62164	0.10505	0.01697	0.02042	0.05719	0.01619	0.02105	0.01353	0.01955	0.01022	0.00744	0.00742	0.00244	0.00970	0.00660	0.00357	0.00881
6	0.01688	0.01414	0.01409	0.01256	0.01608	0.05840	0.00979	0.19256	0.12671	0.02878	0.04354	0.12073	0.26540	0.01460	0.00821	0.00248	0.00607	0.03306	0.00694	0.00898
7	0.01489	0.01332	0.02143	0.63893	0.04708	0.01637	0.01938	0.05891	0.01612	0.02116	0.01408	0.02010	0.01056	0.00758	0.00730	0.00242	0.00944	0.00662	0.04587	0.00844
8	0.02067	0.02267	0.02830	0.02256	0.02624	0.19843	0.20189	0.08233	0.01779	0.02230	0.01245	0.01674	0.01040	0.00931	0.01378	0.00260	0.27170	0.00672	0.00393	0.00920
9	0.01979	0.01793	0.02841	0.07636	0.54732	0.01848	0.02122	0.13021	0.01980	0.02773	0.01457	0.01836	0.01181	0.00704	0.00737	0.00222	0.00877	0.00663	0.00428	0.01172
10	0.08274	0.00988	0.01143	0.01006	0.01268	0.00953	0.00728	0.01959	0.05658	0.15633	0.14233	0.03976	0.06071	0.28093	0.01863	0.00407	0.00590	0.00970	0.00638	0.05549

[dist]
# distance from previous block
# <min> <max>
17	34

[block]
# block no. 13 follows, 27 sequences, length 10
# corresponding to MSA columns:
# 605-614
name=unknown_N
#
# <colnr> <probs for GDERKNQSTAVLIFYWHMCP>
#	G	D	E	R	K	N	Q	S	T	A	V	L	I	F	Y	W	H	M	C	P
0	0.06118	0.01084	0.01310	0.01229	0.04997	0.01014	0.00888	0.06615	0.01886	0.07818	0.23232	0.04111	0.13365	0.05544	0.03039	0.00273	0.00565	0.02659	0.00655	0.13598
1	0.07993	0.01606	0.05647	0.04943	0.27114	0.05382	0.01579	0.02236	0.01665	0.12761	0.02215	0.02773	0.06466	0.01096	0.00955	0.07910	0.00785	0.05408	0.00500	0.00965
2	0.01786	0.01680	0.02666	0.03840	0.54301	0.01715	0.02000	0.02488	0.12710	0.02515	0.02005	0.02286	0.05106	0.00786	0.00746	0.00227	0.00805	0.00741	0.00450	0.01145
3	0.02646	0.02916	0.02128	0.07029	0.02490	0.45164	0.01464	0.19488	0.05129	0.02618	0.01402	0.01560	0.01092	0.00806	0.00697	0.00206	0.01147	0.00556	0.00487	0.00975
4	0.01346	0.00971	0.01177	0.01191	0.01369	0.00989	0.00906	0.12863	0.01825	0.02410	0.03546	0.30050	0.07012	0.12893	0.01359	0.00359	0.00606	0.17746	0.00661	0.00719
5	0.06026	0.08328	0.58074	0.02048	0.03059	0.01810	0.05999	0.02334	0.01556	0.02369	0.01304	0.01545	0.00943	0.00695	0.00685	0.00230	0.01055	0.00548	0.00326	0.01065
6	0.01909	0.01481	0.01548	0.01296	0.01708	0.09968	0.02682	0.06135	0.07762	0.13388	0.11859	0.08015	0.07503	0.04961	0.00904	0.00236	0.00661	0.00915	0.00643	0.16427
7	0.57825	0.01290	0.01131	0.06064	0.01624	0.01463	0.00861	0.01974	0.01411	0.03068	0.09134	0.02281	0.07703	0.00893	0.00564	0.00233	0.00561	0.00630	0.00511	0.00778
8	0.41971	0.01908	0.13879	0.01522	0.02126	0.01629	0.10341	0.04689	0.01576	0.06659	0.06159	0.01786	0.01392	0.00763	0.00617	0.00234	0.00758	0.00590	0.00483	0.00918
9	0.02052	0.01549	0.01799	0.01694	0.06887	0.01669	0.01250	0.15637	0.32054	0.09207	0.02672	0.06999	0.02172	0.01072	0.00768	0.00242	0.00653	0.05089	0.00711	0.05824

[dist]
# distance from previous block
# <min> <max>
7	26

[block]
# block no. 14 follows, 27 sequences, length 8
# corresponding to MSA columns:
# 643-647,650-652
name=unknown_O
#
# <colnr> <probs for GDERKNQSTAVLIFYWHMCP>
#	G	D	E	R	K	N	Q	S	T	A	V	L	I	F	Y	W	H	M	C	P
0	0.20031	0.01932	0.10695	0.11312	0.02467	0.04539	0.01443	0.17586	0.08639	0.07015	0.04055	0.01933	0.01419	0.00829	0.00669	0.00230	0.00779	0.00628	0.02788	0.01012
1	0.02340	0.01704	0.01814	0.01443	0.01905	0.04253	0.01138	0.39617	0.02646	0.07938	0.01983	0.05214	0.01678	0.14067	0.01277	0.00304	0.00765	0.00776	0.00657	0.08481
2	0.01705	0.10150	0.49801	0.02012	0.05586	0.01801	0.02316	0.06049	0.01698	0.05154	0.01395	0.01591	0.01016	0.00706	0.00678	0.00218	0.00988	0.00546	0.00373	0.06216
3	0.04866	0.01667	0.16488	0.01344	0.01801	0.01210	0.01287	0.05866	0.08266	0.07547	0.28503	0.03902	0.03833	0.05354	0.00967	0.00269	0.00636	0.04641	0.00658	0.00896
4	0.49636	0.01575	0.01423	0.05716	0.01871	0.05666	0.01015	0.07711	0.01641	0.12483	0.01396	0.01509	0.01019	0.00740	0.00557	0.00223	0.00673	0.00494	0.00533	0.04118
5	0.01194	0.00914	0.01107	0.01096	0.01298	0.00922	0.00838	0.01809	0.14066	0.02596	0.30751	0.12313	0.10257	0.06268	0.01071	0.00293	0.00480	0.11233	0.00738	0.00754
6	0.01613	0.01355	0.01662	0.11036	0.02238	0.01193	0.01087	0.08611	0.01728	0.02548	0.01550	0.06346	0.01352	0.00729	0.00623	0.00153	0.00631	0.00604	0.00473	0.54468
7	0.01771	0.01520	0.01606	0.01433	0.01811	0.03888	0.01109	0.09196	0.40469	0.02905	0.02948	0.12948	0.04571	0.01185	0.00827	0.00246	0.03104	0.00984	0.00692	0.06788

[dist]
# distance from previous block
# <min> <max>
0	5

[block]
# block no. 15 follows, 27 sequences, length 14
# corresponding to MSA columns:
# 658-671
name=unknown_P
#
# <colnr> <probs for GDERKNQSTAVLIFYWHMCP>
#	G	D	E	R	K	N	Q	S	T	A	V	L	I	F	Y	W	H	M	C	P
0	0.02608	0.02280	0.02117	0.05927	0.02400	0.17258	0.01410	0.43857	0.05197	0.03712	0.01908	0.01965	0.04168	0.00902	0.00733	0.00220	0.00915	0.00671	0.00637	0.01117
1	0.01518	0.07532	0.12486	0.07152	0.02938	0.01575	0.27753	0.02007	0.01600	0.02199	0.01921	0.15949	0.01822	0.00974	0.00790	0.00236	0.00938	0.00974	0.00428	0.09207
2	0.01343	0.00937	0.01154	0.01153	0.01398	0.00920	0.00925	0.01885	0.11172	0.07719	0.17497	0.10975	0.17048	0.01694	0.00901	0.00278	0.00521	0.20956	0.00741	0.00785
3	0.02830	0.01152	0.01562	0.01236	0.01722	0.01005	0.01005	0.03131	0.02120	0.55108	0.17426	0.03190	0.02973	0.01050	0.00775	0.00231	0.00570	0.00878	0.00896	0.01140
4	0.01482	0.01401	0.02371	0.59760	0.16856	0.01670	0.02101	0.01967	0.01522	0.01993	0.01334	0.01953	0.01024	0.00727	0.00741	0.00242	0.00970	0.00660	0.00337	0.00889
5	0.10108	0.01685	0.02427	0.02979	0.33176	0.01791	0.06332	0.02873	0.25411	0.02763	0.01948	0.02116	0.01524	0.00786	0.00723	0.00235	0.00770	0.00713	0.00517	0.01123
6	0.00877	0.00752	0.00752	0.00752	0.01003	0.00627	0.00564	0.01065	0.01692	0.02005	0.07520	0.07144	0.68978	0.01880	0.00877	0.00251	0.00376	0.01567	0.00689	0.00627
7	0.00904	0.00646	0.00861	0.01034	0.01077	0.00603	0.00689	0.01034	0.01421	0.01895	0.04092	0.73426	0.04910	0.02326	0.00948	0.00301	0.00431	0.02110	0.00689	0.00603
8	0.01672	0.19746	0.51353	0.01914	0.02867	0.05836	0.02338	0.02356	0.01584	0.02185	0.01254	0.01470	0.00944	0.00693	0.00652	0.00215	0.01042	0.00510	0.00318	0.01051
9	0.01661	0.01734	0.02888	0.02293	0.02512	0.02158	0.20556	0.01959	0.01316	0.01959	0.01128	0.01734	0.01019	0.01103	0.01982	0.00303	0.51772	0.00716	0.00340	0.00867
10	0.00899	0.00667	0.00840	0.00979	0.01062	0.00608	0.00665	0.01040	0.01474	0.01916	0.04754	0.60614	0.17294	0.02240	0.00934	0.00292	0.00420	0.02005	0.00689	0.00608
11	0.02047	0.41747	0.19903	0.01534	0.02254	0.06470	0.01623	0.02520	0.04380	0.09239	0.01399	0.01502	0.01099	0.00706	0.00585	0.00191	0.00876	0.00495	0.00403	0.01026
12	0.01549	0.01557	0.02213	0.64612	0.04811	0.09063	0.01995	0.02011	0.01551	0.01888	0.01301	0.01911	0.00986	0.00745	0.00734	0.00241	0.01027	0.00640	0.00336	0.00829
13	0.02247	0.02316	0.02125	0.02049	0.09278	0.27276	0.01471	0.05506	0.10416	0.06287	0.01526	0.01746	0.01230	0.00902	0.01075	0.00229	0.16722	0.00604	0.00469	0.06526

[dist]
# distance from previous block
# <min> <max>
1	4

[block]
# block no. 16 follows, 27 sequences, length 23
# corresponding to MSA columns:
# 676-698
name=unknown_Q
#
# <colnr> <probs for GDERKNQSTAVLIFYWHMCP>
#	G	D	E	R	K	N	Q	S	T	A	V	L	I	F	Y	W	H	M	C	P
0	0.01846	0.01595	0.01679	0.01511	0.01930	0.01846	0.01175	0.03945	0.67938	0.03105	0.03022	0.02770	0.02266	0.01007	0.00755	0.00252	0.00588	0.00839	0.00755	0.01175
1	0.01490	0.01268	0.01487	0.01094	0.01707	0.00960	0.00865	0.01805	0.01530	0.02379	0.01533	0.07076	0.01393	0.00687	0.00580	0.00125	0.00541	0.00568	0.00459	0.72453
2	0.02174	0.01788	0.02658	0.07023	0.48045	0.07124	0.01975	0.02568	0.01796	0.15138	0.01664	0.01936	0.01275	0.00722	0.00732	0.00221	0.00876	0.00663	0.00471	0.01150
3	0.01842	0.27946	0.36060	0.01879	0.04816	0.11382	0.02047	0.02387	0.01623	0.02075	0.01207	0.01416	0.00954	0.00688	0.00623	0.00203	0.01018	0.00491	0.00326	0.01019
4	0.01761	0.01684	0.02834	0.04254	0.63857	0.01674	0.02142	0.02182	0.01691	0.02392	0.01883	0.02259	0.06561	0.00758	0.00746	0.00223	0.00842	0.00733	0.00393	0.01132
5	0.02602	0.01808	0.06104	0.01666	0.05007	0.01756	0.01349	0.35532	0.04558	0.20174	0.02179	0.04735	0.01643	0.06238	0.00969	0.00265	0.00764	0.00766	0.00721	0.01164
6	0.02714	0.09300	0.10456	0.01660	0.07221	0.01427	0.01395	0.04967	0.01964	0.43883	0.02437	0.05645	0.01715	0.00911	0.00722	0.00225	0.00721	0.00743	0.00722	0.01171
