[name]
unknown

[dist]
# distance from previous block
# <min> <max>
17	48

[block]
# block no. 0 follows, 29 sequences, length 12
# corresponding to MSA columns:
# 59-70
name=unknown_A
#
# <colnr> <probs for GDERKNQSTAVLIFYWHMCP>
#	G	D	E	R	K	N	Q	S	T	A	V	L	I	F	Y	W	H	M	C	P
0	0.01374	0.01093	0.07535	0.01038	0.01367	0.00822	0.00892	0.01716	0.01872	0.12855	0.41207	0.04543	0.12737	0.03641	0.00883	0.00236	0.00464	0.01115	0.00714	0.03899
1	0.01007	0.00776	0.00918	0.00891	0.01090	0.00722	0.00675	0.01372	0.05708	0.02436	0.37708	0.05830	0.27467	0.04833	0.00967	0.00258	0.00394	0.05570	0.00715	0.00663
2	0.01019	0.00757	0.01113	0.01113	0.01229	0.00873	0.00850	0.01251	0.01135	0.01629	0.01936	0.02959	0.01850	0.11368	0.66222	0.01105	0.01802	0.00787	0.00386	0.00618
3	0.01498	0.01683	0.07464	0.39068	0.09415	0.01671	0.24768	0.02035	0.01533	0.02046	0.01332	0.01870	0.01005	0.00665	0.00753	0.00236	0.01035	0.00697	0.00333	0.00892
4	0.01345	0.01266	0.02136	0.73264	0.04904	0.01582	0.01978	0.01819	0.01424	0.01819	0.01266	0.01898	0.00949	0.00712	0.00712	0.00237	0.00949	0.00633	0.00316	0.00791
5	0.01452	0.01421	0.02542	0.53438	0.13831	0.01629	0.11652	0.01938	0.01489	0.01957	0.01301	0.01883	0.00993	0.00685	0.00730	0.00234	0.00972	0.00663	0.00328	0.00862
6	0.01679	0.01684	0.02677	0.23660	0.38085	0.06058	0.07085	0.02099	0.01561	0.02103	0.01286	0.01771	0.01048	0.00699	0.00816	0.00226	0.05507	0.00638	0.00341	0.00978
7	0.01884	0.01486	0.02021	0.06735	0.15842	0.01440	0.04066	0.09020	0.12355	0.09872	0.01751	0.01888	0.01329	0.00703	0.00657	0.00185	0.00686	0.00609	0.00523	0.26949
8	0.01599	0.06458	0.05132	0.16260	0.02746	0.05673	0.12122	0.04564	0.07906	0.02238	0.05796	0.05370	0.01635	0.00846	0.00828	0.00215	0.06537	0.00724	0.00438	0.12909
9	0.02036	0.07160	0.11863	0.02115	0.12714	0.16284	0.03391	0.13601	0.01941	0.05017	0.04536	0.01900	0.03499	0.00854	0.00889	0.00219	0.09928	0.00631	0.00451	0.00974
10	0.01676	0.03448	0.10347	0.01976	0.13015	0.07687	0.05805	0.02244	0.09516	0.06240	0.06755	0.02636	0.10006	0.00931	0.00835	0.00216	0.06365	0.00764	0.00491	0.09045
11	0.08022	0.01558	0.01925	0.01514	0.02016	0.03708	0.09586	0.14728	0.13012	0.06800	0.02071	0.05267	0.04479	0.00862	0.00730	0.00204	0.03007	0.00720	0.00562	0.19230

[dist]
# distance from previous block
# <min> <max>
5	15

[block]
# block no. 1 follows, 29 sequences, length 8
# corresponding to MSA columns:
# 86-93
name=unknown_B
#
# <colnr> <probs for GDERKNQSTAVLIFYWHMCP>
#	G	D	E	R	K	N	Q	S	T	A	V	L	I	F	Y	W	H	M	C	P
0	0.09975	0.03261	0.04433	0.10982	0.01998	0.07834	0.01098	0.04149	0.04411	0.08733	0.19353	0.05892	0.05758	0.01026	0.00698	0.00214	0.00637	0.00843	0.02707	0.05998
1	0.01884	0.02175	0.05768	0.17065	0.15659	0.23955	0.04599	0.02395	0.07812	0.02024	0.01414	0.01774	0.01142	0.01043	0.05426	0.00277	0.03694	0.00605	0.00382	0.00906
2	0.25218	0.01661	0.14067	0.03756	0.08371	0.01332	0.01286	0.04456	0.01522	0.02621	0.08230	0.12614	0.02037	0.00965	0.00645	0.00219	0.00648	0.00786	0.00477	0.09087
3	0.07122	0.02343	0.01840	0.01750	0.06907	0.35125	0.01255	0.07916	0.08778	0.10397	0.04460	0.01957	0.01499	0.04611	0.00818	0.00228	0.00946	0.00610	0.00515	0.00924
4	0.08605	0.01430	0.02028	0.61496	0.04387	0.06699	0.01824	0.01919	0.01448	0.01939	0.01229	0.01786	0.00931	0.00709	0.00682	0.00232	0.00937	0.00598	0.00331	0.00792
5	0.01169	0.00911	0.01162	0.01210	0.04231	0.00891	0.00869	0.01697	0.11552	0.02462	0.27565	0.22294	0.04562	0.01532	0.00827	0.00245	0.00463	0.08792	0.00683	0.06884
6	0.02707	0.01995	0.02137	0.01638	0.02208	0.02208	0.01353	0.68159	0.03348	0.04488	0.01710	0.01710	0.01211	0.00855	0.00712	0.00214	0.00784	0.00641	0.00712	0.01211
7	0.01125	0.00781	0.00947	0.00983	0.01062	0.00781	0.00653	0.07772	0.01435	0.01916	0.03024	0.40831	0.03498	0.26059	0.01870	0.04061	0.00551	0.01494	0.00574	0.00581

[dist]
# distance from previous block
# <min> <max>
1	11

[block]
# block no. 2 follows, 29 sequences, length 20
# corresponding to MSA columns:
# 105-124
name=unknown_C
#
# <colnr> <probs for GDERKNQSTAVLIFYWHMCP>
#	G	D	E	R	K	N	Q	S	T	A	V	L	I	F	Y	W	H	M	C	P
0	0.12335	0.05082	0.01582	0.01195	0.01694	0.11475	0.00952	0.02248	0.01615	0.15255	0.01720	0.08056	0.01449	0.00797	0.00599	0.00172	0.00657	0.00618	0.00519	0.31980
1	0.08121	0.01906	0.01673	0.01409	0.01825	0.22431	0.03847	0.07956	0.07477	0.02574	0.16375	0.02366	0.02331	0.00869	0.00668	0.00190	0.00767	0.00687	0.00533	0.15996
2	0.01760	0.01734	0.02837	0.10331	0.59262	0.04646	0.04662	0.02184	0.01623	0.02255	0.01327	0.01760	0.01101	0.00644	0.00708	0.00214	0.00887	0.00635	0.00350	0.01079
3	0.01382	0.01303	0.02203	0.67144	0.10734	0.01592	0.01996	0.01852	0.01441	0.01864	0.01272	0.01886	0.00965	0.00705	0.00711	0.00235	0.00940	0.00633	0.00320	0.00821
4	0.01181	0.12965	0.01408	0.00955	0.01234	0.01102	0.00770	0.01611	0.07800	0.02449	0.37731	0.04772	0.20692	0.01358	0.00768	0.00218	0.00431	0.01149	0.00671	0.00735
5	0.02652	0.01967	0.02106	0.01627	0.02187	0.02183	0.01340	0.64402	0.07194	0.04400	0.01779	0.01765	0.01267	0.00861	0.00713	0.00215	0.00771	0.00651	0.00713	0.01206
6	0.01237	0.00618	0.00928	0.00928	0.00928	0.00618	0.00618	0.00928	0.00928	0.01237	0.01237	0.02165	0.01237	0.02474	0.02783	0.79283	0.00618	0.00618	0.00309	0.00309
7	0.02528	0.02793	0.01970	0.01867	0.06098	0.50223	0.01352	0.03010	0.12124	0.08969	0.01558	0.01634	0.01204	0.00778	0.00666	0.00198	0.01081	0.00547	0.00472	0.00928
8	0.01345	0.01266	0.02136	0.73264	0.04904	0.01582	0.01978	0.01819	0.01424	0.01819	0.01266	0.01898	0.00949	0.00712	0.00712	0.00237	0.00949	0.00633	0.00316	0.00791
9	0.02679	0.01882	0.02046	0.01575	0.02121	0.02058	0.01293	0.60471	0.03155	0.09557	0.01816	0.01881	0.01308	0.03773	0.00827	0.00233	0.00766	0.00662	0.00714	0.01180
10	0.00868	0.00620	0.00826	0.00991	0.01033	0.00578	0.00661	0.00991	0.01363	0.01818	0.03925	0.74510	0.04710	0.02231	0.00909	0.00289	0.00413	0.02024	0.00661	0.00578
11	0.02618	0.01925	0.02065	0.01593	0.02132	0.02127	0.01304	0.64589	0.03225	0.04322	0.01738	0.01867	0.01284	0.04797	0.00867	0.00239	0.00779	0.00662	0.00697	0.01169
12	0.01559	0.01346	0.01408	0.01283	0.01649	0.01505	0.00994	0.03155	0.53851	0.02738	0.03881	0.03612	0.17671	0.01157	0.00751	0.00241	0.00517	0.00964	0.00710	0.01007
13	0.01345	0.01266	0.02136	0.73264	0.04904	0.01582	0.01978	0.01819	0.01424	0.01819	0.01266	0.01898	0.00949	0.00712	0.00712	0.00237	0.00949	0.00633	0.00316	0.00791
14	0.80005	0.01377	0.01047	0.00936	0.01377	0.01597	0.00771	0.02093	0.01212	0.03195	0.00991	0.01157	0.00771	0.00661	0.00441	0.00220	0.00551	0.00386	0.00441	0.00771
15	0.01345	0.01266	0.02136	0.73264	0.04904	0.01582	0.01978	0.01819	0.01424	0.01819	0.01266	0.01898	0.00949	0.00712	0.00712	0.00237	0.00949	0.00633	0.00316	0.00791
16	0.01595	0.01761	0.12856	0.01454	0.01931	0.01585	0.01299	0.03158	0.48171	0.02806	0.10224	0.02925	0.05103	0.01005	0.00734	0.00237	0.00610	0.00840	0.00660	0.01044
17	0.02707	0.01995	0.02137	0.01638	0.02208	0.02208	0.01353	0.68159	0.03348	0.04488	0.01710	0.01710	0.01211	0.00855	0.00712	0.00214	0.00784	0.00641	0.00712	0.01211
18	0.00868	0.00722	0.00758	0.00749	0.00978	0.00612	0.00562	0.01073	0.01685	0.02071	0.17168	0.06610	0.60198	0.01748	0.00841	0.00238	0.00357	0.01469	0.00681	0.00612
19	0.03170	0.01251	0.01677	0.01285	0.01837	0.01104	0.01062	0.06695	0.02103	0.67709	0.02754	0.02388	0.01735	0.00880	0.00716	0.00220	0.00615	0.00712	0.00873	0.01212

[dist]
# distance from previous block
# <min> <max>
1	4

[block]
# block no. 3 follows, 29 sequences, length 8
# corresponding to MSA columns:
# 129-136
name=unknown_D
#
# <colnr> <probs for GDERKNQSTAVLIFYWHMCP>
#	G	D	E	R	K	N	Q	S	T	A	V	L	I	F	Y	W	H	M	C	P
0	0.01513	0.00839	0.01093	0.01009	0.01252	0.00762	0.00779	0.01778	0.01823	0.18635	0.31172	0.10944	0.10888	0.06477	0.01021	0.00273	0.00465	0.07762	0.00748	0.00767
1	0.01772	0.32389	0.22360	0.01595	0.04062	0.08373	0.01617	0.02181	0.01581	0.04550	0.08178	0.01768	0.01538	0.00768	0.00686	0.00195	0.04522	0.00553	0.00381	0.00931
2	0.01647	0.01784	0.01590	0.08288	0.01954	0.25472	0.01182	0.01879	0.01555	0.01794	0.05300	0.06790	0.06677	0.02251	0.20462	0.00478	0.08965	0.00786	0.00419	0.00727
3	0.09951	0.01659	0.03007	0.12895	0.10238	0.01772	0.31075	0.02133	0.01503	0.04691	0.01323	0.01779	0.01034	0.00743	0.01007	0.00246	0.12958	0.00700	0.00372	0.00912
4	0.01459	0.01518	0.08818	0.08046	0.02140	0.01083	0.01138	0.01844	0.01474	0.02266	0.01267	0.01520	0.01029	0.00561	0.00561	0.00131	0.00622	0.00453	0.00399	0.63673
5	0.01651	0.01999	0.09661	0.02897	0.10069	0.01710	0.50520	0.02231	0.01643	0.02286	0.01403	0.01834	0.01068	0.00604	0.00788	0.00225	0.01100	0.00760	0.00359	0.07192
6	0.07027	0.01719	0.05941	0.02605	0.12756	0.01661	0.33091	0.02094	0.01538	0.04819	0.01627	0.09169	0.01434	0.00871	0.00979	0.00247	0.10238	0.00853	0.00406	0.00923
7	0.01661	0.01779	0.07551	0.15703	0.47897	0.01682	0.09037	0.02138	0.01586	0.02231	0.01333	0.01784	0.01077	0.00647	0.00718	0.00220	0.00914	0.00648	0.00344	0.01048

[dist]
# distance from previous block
# <min> <max>
11	20

[block]
# block no. 4 follows, 29 sequences, length 25
# corresponding to MSA columns:
# 162-186
name=unknown_E
#
# <colnr> <probs for GDERKNQSTAVLIFYWHMCP>
#	G	D	E	R	K	N	Q	S	T	A	V	L	I	F	Y	W	H	M	C	P
0	0.02424	0.17420	0.02434	0.01850	0.07103	0.38605	0.01392	0.14186	0.04163	0.02293	0.01258	0.01407	0.01022	0.00730	0.00624	0.00186	0.01037	0.00499	0.00425	0.00942
1	0.01018	0.00702	0.00865	0.00874	0.00913	0.00721	0.00556	0.01100	0.01144	0.01561	0.06658	0.09338	0.02844	0.51045	0.17020	0.00723	0.00892	0.01068	0.00461	0.00498
2	0.01666	0.31054	0.31647	0.01964	0.05317	0.02129	0.12644	0.02209	0.01515	0.02038	0.01195	0.01441	0.00944	0.00637	0.00619	0.00199	0.00956	0.00525	0.00314	0.00987
3	0.01735	0.01845	0.07864	0.04146	0.62922	0.01694	0.04934	0.02194	0.01615	0.02319	0.01339	0.01750	0.01110	0.00636	0.00708	0.00214	0.00875	0.00635	0.00349	0.01116
4	0.01428	0.03683	0.71286	0.02030	0.03082	0.01654	0.02631	0.02255	0.01503	0.02255	0.01278	0.01503	0.00902	0.00677	0.00677	0.00226	0.01052	0.00526	0.00301	0.01052
5	0.01468	0.01411	0.02437	0.46263	0.23336	0.01592	0.06430	0.01925	0.01505	0.01998	0.01518	0.02044	0.03568	0.00723	0.00723	0.00230	0.00915	0.00679	0.00342	0.00891
6	0.02420	0.01994	0.22846	0.01628	0.04895	0.01301	0.01568	0.07050	0.01900	0.38681	0.02287	0.06701	0.01630	0.00894	0.00716	0.00226	0.00750	0.00734	0.00659	0.01119
7	0.01017	0.00763	0.01144	0.01144	0.01272	0.00890	0.00890	0.01272	0.01144	0.01653	0.01907	0.02797	0.01780	0.05340	0.72153	0.01144	0.01907	0.00763	0.00381	0.00636
8	0.01036	0.00690	0.00777	0.00777	0.00777	0.00690	0.00431	0.01036	0.01036	0.01381	0.02244	0.04660	0.02589	0.74975	0.03624	0.00690	0.00690	0.01036	0.00431	0.00431
9	0.01562	0.02202	0.19292	0.13164	0.03597	0.01765	0.37498	0.02159	0.01553	0.02159	0.01335	0.01791	0.01007	0.00688	0.00906	0.00242	0.07082	0.00719	0.00336	0.00942
10	0.01509	0.12042	0.58266	0.02105	0.07873	0.01794	0.02431	0.02235	0.01505	0.02192	0.01248	0.01480	0.00920	0.00665	0.00653	0.00216	0.01003	0.00517	0.00305	0.01041
11	0.00988	0.00727	0.00924	0.00875	0.01052	0.00663	0.00656	0.01306	0.01969	0.02745	0.62694	0.05501	0.14251	0.01497	0.00840	0.00226	0.00339	0.01313	0.00769	0.00663
12	0.01904	0.75404	0.03731	0.01218	0.01828	0.02818	0.01218	0.02132	0.01447	0.01675	0.00990	0.01142	0.00914	0.00609	0.00457	0.00152	0.00761	0.00381	0.00305	0.00914
13	0.02868	0.11810	0.07060	0.01329	0.01925	0.01380	0.01197	0.05450	0.01962	0.53957	0.02404	0.02152	0.01562	0.00827	0.00677	0.00211	0.00667	0.00653	0.00752	0.01158
14	0.01091	0.03358	0.06067	0.00913	0.01020	0.00847	0.00655	0.01180	0.01092	0.01476	0.02105	0.04163	0.02345	0.61471	0.08847	0.00675	0.00818	0.00955	0.00414	0.00509
15	0.01428	0.03683	0.71286	0.02030	0.03082	0.01654	0.02631	0.02255	0.01503	0.02255	0.01278	0.01503	0.00902	0.00677	0.00677	0.00226	0.01052	0.00526	0.00301	0.01052
16	0.00868	0.00620	0.00826	0.00991	0.01033	0.00578	0.00661	0.00991	0.01363	0.01818	0.03925	0.74510	0.04710	0.02231	0.00909	0.00289	0.00413	0.02024	0.00661	0.00578
17	0.00951	0.00695	0.00914	0.01039	0.01145	0.00648	0.00764	0.01138	0.01474	0.01954	0.06922	0.49919	0.09352	0.02057	0.00905	0.00286	0.00462	0.15702	0.00658	0.03018
18	0.01369	0.03269	0.61436	0.01871	0.02799	0.01516	0.02357	0.02127	0.01575	0.02339	0.10924	0.02038	0.01717	0.00786	0.00699	0.00225	0.00952	0.00633	0.00368	0.00999
19	0.01428	0.03683	0.71286	0.02030	0.03082	0.01654	0.02631	0.02255	0.01503	0.02255	0.01278	0.01503	0.00902	0.00677	0.00677	0.00226	0.01052	0.00526	0.00301	0.01052
20	0.02707	0.01995	0.02137	0.01638	0.02208	0.02208	0.01353	0.68159	0.03348	0.04488	0.01710	0.01710	0.01211	0.00855	0.00712	0.00214	0.00784	0.00641	0.00712	0.01211
21	0.01477	0.01266	0.01477	0.01055	0.01687	0.00949	0.00844	0.01793	0.01477	0.02320	0.01266	0.01477	0.01055	0.00527	0.00527	0.00105	0.00527	0.00422	0.00422	0.79328
22	0.02707	0.01995	0.02137	0.01638	0.02208	0.02208	0.01353	0.68159	0.03348	0.04488	0.01710	0.01710	0.01211	0.00855	0.00712	0.00214	0.00784	0.00641	0.00712	0.01211
23	0.01477	0.01266	0.01477	0.01055	0.01687	0.00949	0.00844	0.01793	0.01477	0.02320	0.01266	0.01477	0.01055	0.00527	0.00527	0.00105	0.00527	0.00422	0.00422	0.79328
24	0.01924	0.02069	0.02550	0.03401	0.45517	0.19828	0.04070	0.02274	0.01726	0.02144	0.01711	0.02017	0.06134	0.00745	0.00703	0.00207	0.00936	0.00660	0.00379	0.01005

[dist]
# distance from previous block
# <min> <max>
0	4

[block]
# block no. 5 follows, 29 sequences, length 10
# corresponding to MSA columns:
# 191-200
name=unknown_F
#
# <colnr> <probs for GDERKNQSTAVLIFYWHMCP>
#	G	D	E	R	K	N	Q	S	T	A	V	L	I	F	Y	W	H	M	C	P
0	0.23719	0.01790	0.01705	0.05035	0.05051	0.10120	0.01180	0.26399	0.05024	0.03340	0.06591	0.01854	0.01507	0.00819	0.00633	0.00214	0.00735	0.00604	0.02720	0.00960
1	0.01884	0.01489	0.01596	0.01406	0.01821	0.01678	0.01102	0.07737	0.56092	0.08109	0.03063	0.02820	0.05996	0.01001	0.00730	0.00238	0.00569	0.00828	0.00732	0.01109
2	0.01237	0.00618	0.00928	0.00928	0.00928	0.00618	0.00618	0.00928	0.00928	0.01237	0.01237	0.02165	0.01237	0.02474	0.02783	0.79283	0.00618	0.00618	0.00309	0.00309
3	0.01586	0.01096	0.01293	0.01230	0.04326	0.01101	0.00905	0.02402	0.22994	0.13525	0.19252	0.04265	0.20567	0.01265	0.00779	0.00233	0.00478	0.01073	0.00731	0.00902
4	0.01719	0.01253	0.01542	0.01598	0.08334	0.03286	0.01165	0.08836	0.14786	0.10257	0.14506	0.06324	0.03277	0.01299	0.00814	0.00254	0.00620	0.18536	0.00684	0.00914
5	0.63544	0.09758	0.01457	0.01038	0.01510	0.01795	0.00879	0.08664	0.01451	0.03153	0.01063	0.01210	0.00831	0.00674	0.00469	0.00212	0.00598	0.00410	0.00452	0.00831
6	0.01866	0.10395	0.09661	0.01604	0.02081	0.20182	0.07913	0.05839	0.04559	0.05110	0.08656	0.02972	0.09375	0.00999	0.00721	0.00217	0.00870	0.05609	0.00500	0.00871
7	0.03532	0.01459	0.02725	0.02453	0.14582	0.01387	0.30425	0.01890	0.01582	0.02215	0.06357	0.07268	0.04232	0.08261	0.01079	0.00279	0.00877	0.04226	0.00442	0.04730
8	0.01770	0.09061	0.06399	0.01734	0.09439	0.07650	0.01310	0.09969	0.22259	0.02678	0.12244	0.02523	0.02294	0.01245	0.06049	0.00285	0.00798	0.00748	0.00566	0.00979
9	0.04979	0.25178	0.16700	0.01589	0.02195	0.04736	0.08914	0.08612	0.01755	0.02375	0.11143	0.02040	0.01826	0.00988	0.03863	0.00242	0.00875	0.00639	0.00431	0.00920

[dist]
# distance from previous block
# <min> <max>
0	2

[block]
# block no. 6 follows, 29 sequences, length 16
# corresponding to MSA columns:
# 203-218
name=unknown_G
#
# <colnr> <probs for GDERKNQSTAVLIFYWHMCP>
#	G	D	E	R	K	N	Q	S	T	A	V	L	I	F	Y	W	H	M	C	P
0	0.06853	0.06732	0.01353	0.00997	0.01362	0.01086	0.00796	0.07257	0.01838	0.04839	0.26538	0.03814	0.14805	0.02868	0.00773	0.00208	0.00480	0.00946	0.00622	0.15832
1	0.04757	0.01636	0.13573	0.01372	0.01936	0.01197	0.05305	0.05074	0.05836	0.11909	0.16448	0.02688	0.04497	0.00888	0.00691	0.00197	0.00638	0.00754	0.00576	0.20027
2	0.01068	0.00849	0.01030	0.01129	0.05285	0.00792	0.00790	0.05309	0.01731	0.02223	0.13440	0.19030	0.34728	0.01729	0.00852	0.00253	0.00453	0.07967	0.00661	0.00680
3	0.01696	0.01401	0.01593	0.01174	0.01783	0.01205	0.00944	0.12777	0.05843	0.02715	0.01436	0.01585	0.01147	0.00607	0.00569	0.00131	0.00571	0.00481	0.00488	0.61855
4	0.01613	0.01472	0.02041	0.10627	0.09644	0.01795	0.01498	0.08021	0.06188	0.02190	0.01431	0.04930	0.01284	0.01239	0.04840	0.00300	0.32373	0.00691	0.00410	0.07414
5	0.00875	0.00641	0.00822	0.00949	0.01026	0.00589	0.00646	0.01023	0.01447	0.01911	0.09442	0.60320	0.13463	0.02115	0.00895	0.00278	0.00400	0.01899	0.00670	0.00589
6	0.02211	0.01463	0.01564	0.01257	0.01675	0.01580	0.01020	0.40485	0.02597	0.06638	0.01986	0.02094	0.01465	0.00846	0.00632	0.00196	0.00607	0.00653	0.30025	0.01006
7	0.02509	0.01896	0.02026	0.01598	0.02133	0.02116	0.01306	0.54542	0.17287	0.04168	0.01961	0.01910	0.01415	0.00878	0.00715	0.00220	0.00737	0.00676	0.00715	0.01193
8	0.01336	0.01112	0.01738	0.45056	0.03479	0.01261	0.01495	0.01753	0.01620	0.05048	0.20727	0.02855	0.02615	0.00916	0.00736	0.00224	0.00734	0.00807	0.00479	0.06008
9	0.00866	0.00626	0.00820	0.00975	0.01029	0.00580	0.00654	0.00993	0.01379	0.01824	0.04122	0.70443	0.08650	0.02205	0.00905	0.00286	0.00410	0.01993	0.00661	0.00580
10	0.01555	0.08109	0.51758	0.02234	0.07203	0.04233	0.10618	0.02267	0.01547	0.02206	0.01277	0.01540	0.00940	0.00662	0.00683	0.00220	0.01047	0.00560	0.00314	0.01028
11	0.01791	0.01688	0.02820	0.07267	0.64247	0.01713	0.02135	0.05450	0.01699	0.02411	0.01355	0.01766	0.01124	0.00649	0.00706	0.00213	0.00847	0.00635	0.00369	0.01117
12	0.01237	0.00618	0.00928	0.00928	0.00928	0.00618	0.00618	0.00928	0.00928	0.01237	0.01237	0.02165	0.01237	0.02474	0.02783	0.79283	0.00618	0.00618	0.00309	0.00309
13	0.00868	0.00620	0.00826	0.00991	0.01033	0.00578	0.00661	0.00991	0.01363	0.01818	0.03925	0.74510	0.04710	0.02231	0.00909	0.00289	0.00413	0.02024	0.00661	0.00578
14	0.00983	0.00829	0.00969	0.00947	0.01085	0.00852	0.00700	0.01125	0.01417	0.01797	0.05025	0.16323	0.39678	0.12279	0.01480	0.00323	0.11629	0.01383	0.00575	0.00600
15	0.02582	0.01801	0.02095	0.06051	0.06851	0.01956	0.01393	0.47779	0.06216	0.13170	0.01867	0.01869	0.01313	0.00841	0.00713	0.00217	0.00763	0.00659	0.00688	0.01176

[dist]
# distance from previous block
# <min> <max>
9	16

[block]
# block no. 7 follows, 29 sequences, length 10
# corresponding to MSA columns:
# 237-246
name=unknown_H
#
# <colnr> <probs for GDERKNQSTAVLIFYWHMCP>
#	G	D	E	R	K	N	Q	S	T	A	V	L	I	F	Y	W	H	M	C	P
0	0.02108	0.01600	0.01728	0.01473	0.01925	0.01796	0.01168	0.17636	0.48647	0.09773	0.02633	0.02430	0.01927	0.00934	0.00721	0.00234	0.00615	0.00761	0.00737	0.01153
1	0.00868	0.00620	0.00826	0.00991	0.01033	0.00578	0.00661	0.00991	0.01363	0.01818	0.03925	0.74510	0.04710	0.02231	0.00909	0.00289	0.00413	0.02024	0.00661	0.00578
2	0.02755	0.01917	0.02089	0.01602	0.02170	0.02094	0.01323	0.61776	0.03219	0.11053	0.01818	0.01780	0.01265	0.00857	0.00713	0.00214	0.00766	0.00648	0.00729	0.01211
3	0.01705	0.01614	0.02645	0.13742	0.53858	0.01685	0.02041	0.02307	0.08925	0.02326	0.01498	0.01878	0.01216	0.00681	0.00708	0.00218	0.00830	0.00653	0.00388	0.01080
4	0.00845	0.00708	0.00736	0.00758	0.00971	0.00598	0.00557	0.01018	0.01588	0.01909	0.06769	0.15987	0.61397	0.01861	0.00851	0.00247	0.00368	0.01573	0.00661	0.00598
5	0.00879	0.00625	0.00823	0.00976	0.01015	0.00586	0.00645	0.00995	0.01340	0.01787	0.03806	0.69574	0.04560	0.07372	0.01101	0.00318	0.00433	0.01954	0.00645	0.00568
6	0.06080	0.18067	0.39865	0.12463	0.03021	0.01889	0.05004	0.02156	0.01471	0.02125	0.01207	0.01485	0.00912	0.00664	0.00630	0.00212	0.00954	0.00517	0.00315	0.00964
7	0.01958	0.01670	0.01672	0.01474	0.01883	0.07319	0.01153	0.09691	0.51246	0.06052	0.02590	0.02454	0.01944	0.01148	0.04225	0.00278	0.00710	0.00756	0.00685	0.01091
8	0.01814	0.01466	0.01658	0.01215	0.01830	0.01294	0.00984	0.19994	0.01990	0.02915	0.01387	0.01540	0.01098	0.00617	0.00578	0.00135	0.00598	0.00482	0.00502	0.57905
9	0.09956	0.01563	0.05215	0.12381	0.02325	0.04920	0.01294	0.11959	0.06505	0.24500	0.02072	0.06561	0.01566	0.01031	0.02610	0.00253	0.02944	0.00725	0.00618	0.01003

[dist]
# distance from previous block
# <min> <max>
30	81

[block]
# block no. 8 follows, 29 sequences, length 18
# corresponding to MSA columns:
# 333-350
name=unknown_I
#
# <colnr> <probs for GDERKNQSTAVLIFYWHMCP>
#	G	D	E	R	K	N	Q	S	T	A	V	L	I	F	Y	W	H	M	C	P
0	0.06844	0.18575	0.21567	0.02283	0.17182	0.06513	0.06704	0.04238	0.03552	0.02251	0.01428	0.01656	0.02855	0.00693	0.00636	0.00205	0.00896	0.00565	0.00365	0.00993
1	0.10488	0.06871	0.32421	0.04137	0.05506	0.01635	0.03442	0.06815	0.06117	0.02490	0.01745	0.05365	0.01506	0.00901	0.00690	0.00234	0.00848	0.07401	0.00431	0.00959
2	0.35515	0.17277	0.13729	0.01371	0.04723	0.01837	0.01275	0.03705	0.01402	0.02573	0.01369	0.01554	0.03739	0.00736	0.00608	0.00210	0.04050	0.00491	0.02971	0.00865
3	0.01654	0.07356	0.05963	0.03101	0.01457	0.01180	0.00916	0.10329	0.01709	0.07588	0.02033	0.02441	0.01629	0.06258	0.05906	0.00287	0.00649	0.00664	0.38076	0.00806
4	0.04442	0.06192	0.49916	0.01849	0.06104	0.01526	0.02115	0.02029	0.01516	0.02213	0.02270	0.02400	0.12744	0.00863	0.00687	0.00224	0.00891	0.00686	0.00371	0.00962
5	0.06071	0.63426	0.08269	0.01286	0.01907	0.05540	0.01300	0.02168	0.01462	0.01800	0.01015	0.01174	0.00905	0.00622	0.00479	0.00162	0.00792	0.00394	0.00314	0.00912
6	0.00848	0.00696	0.00747	0.00788	0.00979	0.00596	0.00571	0.01014	0.01559	0.01898	0.06404	0.23509	0.54111	0.01909	0.00858	0.00252	0.00374	0.01631	0.00661	0.00596
7	0.01710	0.18572	0.44623	0.01755	0.02594	0.07758	0.02063	0.02307	0.01584	0.05784	0.04058	0.01611	0.01186	0.00709	0.00636	0.00206	0.00958	0.00531	0.00358	0.00997
8	0.01907	0.17777	0.04828	0.01167	0.01594	0.01378	0.01024	0.05118	0.01838	0.21639	0.20653	0.05033	0.05615	0.01353	0.05725	0.00274	0.00671	0.00854	0.00644	0.00910
9	0.10702	0.01743	0.16528	0.01367	0.01976	0.01244	0.01328	0.05464	0.01870	0.39512	0.06966	0.02273	0.01801	0.00852	0.00680	0.00220	0.00676	0.00676	0.03046	0.01076
10	0.00938	0.00708	0.00866	0.00864	0.01030	0.00636	0.00634	0.01194	0.01795	0.02419	0.41357	0.17554	0.24034	0.01685	0.00852	0.00240	0.00356	0.01473	0.00729	0.00636
11	0.04948	0.01612	0.02609	0.18206	0.49583	0.01700	0.02028	0.06573	0.01681	0.02404	0.01335	0.01762	0.01082	0.00666	0.00696	0.00217	0.00851	0.00624	0.00373	0.01050
12	0.01800	0.01948	0.05886	0.12850	0.47726	0.10393	0.04753	0.02226	0.01642	0.02183	0.01302	0.01715	0.01066	0.00657	0.00702	0.00213	0.00937	0.00616	0.00347	0.01036
13	0.00868	0.00620	0.00826	0.00991	0.01033	0.00578	0.00661	0.00991	0.01363	0.01818	0.03925	0.74510	0.04710	0.02231	0.00909	0.00289	0.00413	0.02024	0.00661	0.00578
14	0.02707	0.01995	0.02137	0.01638	0.02208	0.02208	0.01353	0.68159	0.03348	0.04488	0.01710	0.01710	0.01211	0.00855	0.00712	0.00214	0.00784	0.00641	0.00712	0.01211
15	0.00868	0.00620	0.00826	0.00991	0.01033	0.00578	0.00661	0.00991	0.01363	0.01818	0.03925	0.74510	0.04710	0.02231	0.00909	0.00289	0.00413	0.02024	0.00661	0.00578
16	0.02222	0.01324	0.01550	0.01312	0.01742	0.01372	0.01041	0.07809	0.30487	0.27410	0.07082	0.06149	0.05169	0.01050	0.00741	0.00233	0.00565	0.00876	0.00778	0.01089
17	0.02650	0.01966	0.02105	0.01627	0.02187	0.02182	0.01340	0.64260	0.07339	0.04396	0.01782	0.01767	0.01269	0.00862	0.00713	0.00215	0.00770	0.00651	0.00713	0.01206

[dist]
# distance from previous block
# <min> <max>
3	8

[block]
# block no. 9 follows, 29 sequences, length 26
# corresponding to MSA columns:
# 359-384
name=unknown_J
#
# <colnr> <probs for GDERKNQSTAVLIFYWHMCP>
#	G	D	E	R	K	N	Q	S	T	A	V	L	I	F	Y	W	H	M	C	P
0	0.09104	0.06236	0.04113	0.07996	0.02058	0.06417	0.06014	0.02034	0.07099	0.05336	0.01588	0.02268	0.01412	0.12821	0.08386	0.00399	0.14819	0.00685	0.00419	0.00796
1	0.01344	0.09714	0.06381	0.01249	0.03934	0.06296	0.00989	0.01499	0.01466	0.01922	0.13005	0.12424	0.09701	0.01546	0.01260	0.17633	0.04157	0.00958	0.03862	0.00660
2	0.02003	0.44540	0.06267	0.01833	0.09592	0.09281	0.06480	0.08622	0.01726	0.02096	0.01155	0.01353	0.00978	0.00650	0.00565	0.00178	0.00870	0.00482	0.00359	0.00967
3	0.01754	0.04570	0.01727	0.06136	0.02000	0.01267	0.01024	0.11853	0.01780	0.05918	0.01395	0.01572	0.01099	0.00610	0.00574	0.00138	0.00609	0.00482	0.00475	0.55016
4	0.01015	0.00687	0.00778	0.00789	0.00803	0.00679	0.00452	0.01032	0.01085	0.01436	0.02586	0.09593	0.05813	0.66613	0.03310	0.00642	0.00656	0.01125	0.00458	0.00449
5	0.02000	0.01409	0.01522	0.03574	0.01755	0.05906	0.01039	0.20949	0.09912	0.13048	0.02597	0.21406	0.02398	0.04821	0.00894	0.00258	0.00648	0.01046	0.03884	0.00935
6	0.02710	0.14969	0.02019	0.01264	0.01793	0.01455	0.01076	0.07675	0.04444	0.46024	0.07328	0.02356	0.01944	0.00874	0.00677	0.00208	0.00626	0.00694	0.00750	0.01114
7	0.00868	0.00620	0.00826	0.00991	0.01033	0.00578	0.00661	0.00991	0.01363	0.01818	0.03925	0.74510	0.04710	0.02231	0.00909	0.00289	0.00413	0.02024	0.00661	0.00578
8	0.00868	0.00620	0.00826	0.00991	0.01033	0.00578	0.00661	0.00991	0.01363	0.01818	0.03925	0.74510	0.04710	0.02231	0.00909	0.00289	0.00413	0.02024	0.00661	0.00578
9	0.06221	0.01898	0.15473	0.01490	0.02117	0.01504	0.01412	0.18228	0.06941	0.31772	0.04238	0.02120	0.01598	0.00848	0.00699	0.00221	0.00722	0.00669	0.00692	0.01137
10	0.01713	0.01048	0.04563	0.01056	0.01401	0.00869	0.00873	0.02058	0.03980	0.24080	0.25403	0.04304	0.16771	0.04616	0.03786	0.00284	0.00547	0.01065	0.00734	0.00850
11	0.01327	0.00664	0.00664	0.00664	0.00830	0.00664	0.00498	0.01659	0.01493	0.02655	0.02323	0.02655	0.01825	0.00830	0.00498	0.00166	0.00332	0.00664	0.78928	0.00664
12	0.64942	0.01639	0.08540	0.03940	0.01806	0.01613	0.04329	0.02109	0.01273	0.02999	0.01054	0.01259	0.00807	0.00662	0.00495	0.00222	0.00650	0.00432	0.00417	0.00810
13	0.01681	0.01921	0.04202	0.03001	0.03721	0.01801	0.67947	0.02281	0.01681	0.02281	0.01441	0.01921	0.01080	0.00600	0.00840	0.00240	0.01200	0.00840	0.00360	0.00960
14	0.02189	0.01643	0.01817	0.01490	0.01962	0.01769	0.01225	0.43252	0.08721	0.03676	0.02207	0.06348	0.01903	0.01077	0.00750	0.00229	0.00704	0.10767	0.00678	0.07592
15	0.06059	0.01451	0.05198	0.06875	0.02228	0.01340	0.08518	0.09532	0.06644	0.29960	0.12289	0.02596	0.02245	0.00906	0.00733	0.00225	0.00691	0.00782	0.00690	0.01037
16	0.01477	0.01266	0.01477	0.01055	0.01687	0.00949	0.00844	0.01793	0.01477	0.02320	0.01266	0.01477	0.01055	0.00527	0.00527	0.00105	0.00527	0.00422	0.00422	0.79328
17	0.02314	0.01663	0.01834	0.01494	0.01950	0.01810	0.01209	0.48959	0.05263	0.06526	0.02261	0.14136	0.01985	0.01141	0.00758	0.00233	0.00701	0.03978	0.00708	0.01077
18	0.01876	0.01851	0.01898	0.05583	0.14565	0.16349	0.01399	0.05509	0.27944	0.02477	0.02230	0.06627	0.01905	0.00985	0.00732	0.00232	0.00792	0.05509	0.00552	0.00985
19	0.00931	0.00646	0.00807	0.00910	0.00936	0.00621	0.00574	0.01008	0.01239	0.01652	0.03289	0.48088	0.03907	0.29748	0.01936	0.00441	0.00518	0.01650	0.00574	0.00523
20	0.01369	0.01093	0.01727	0.03893	0.06498	0.01069	0.11826	0.06837	0.01666	0.05382	0.04955	0.31156	0.06215	0.05163	0.00990	0.00285	0.00659	0.07863	0.00586	0.00768
21	0.01752	0.52508	0.25297	0.01477	0.02228	0.02446	0.01669	0.02171	0.01465	0.01860	0.01082	0.01258	0.00910	0.00631	0.00527	0.00176	0.00854	0.00427	0.00303	0.00958
22	0.01379	0.00804	0.01039	0.00976	0.01205	0.00724	0.00744	0.01646	0.01838	0.15341	0.34459	0.16637	0.14348	0.01550	0.00835	0.00241	0.00418	0.04311	0.00758	0.00747
23	0.00993	0.00677	0.00785	0.00819	0.00838	0.00663	0.00484	0.01026	0.01128	0.01494	0.02795	0.19318	0.05760	0.56850	0.02946	0.00589	0.00619	0.01261	0.00489	0.00469
24	0.02580	0.01855	0.02010	0.01564	0.02088	0.02036	0.01277	0.60266	0.03125	0.06717	0.01872	0.05204	0.01442	0.03564	0.00825	0.00234	0.00757	0.00722	0.00706	0.01154
25	0.01929	0.01848	0.02711	0.08790	0.48532	0.07474	0.04396	0.11107	0.01874	0.02531	0.01368	0.01732	0.01107	0.00677	0.00706	0.00212	0.00894	0.00628	0.00400	0.01084

[dist]
# distance from previous block
# <min> <max>
0	2

[block]
# block no. 10 follows, 29 sequences, length 66
# corresponding to MSA columns:
# 387-452
name=unknown_K
#
# <colnr> <probs for GDERKNQSTAVLIFYWHMCP>
#	G	D	E	R	K	N	Q	S	T	A	V	L	I	F	Y	W	H	M	C	P
0	0.09833	0.34942	0.23594	0.01453	0.02150	0.04922	0.01575	0.02271	0.01528	0.07419	0.03571	0.01500	0.01159	0.00690	0.00562	0.00190	0.00823	0.00485	0.00381	0.00953
1	0.01605	0.01264	0.01485	0.04278	0.01788	0.01173	0.00965	0.10950	0.09753	0.04771	0.02105	0.16430	0.01964	0.00987	0.00667	0.00183	0.00564	0.00839	0.00556	0.37673
2	0.06919	0.05735	0.40208	0.02314	0.10239	0.04582	0.13025	0.04674	0.01612	0.02369	0.01289	0.01561	0.00959	0.00665	0.00682	0.00221	0.01009	0.00576	0.00343	0.01018
3	0.04697	0.11386	0.02213	0.04038	0.07157	0.11759	0.01345	0.25469	0.19202	0.03085	0.01768	0.01808	0.01346	0.00808	0.00664	0.00209	0.00797	0.00615	0.00568	0.01065
4	0.00853	0.00722	0.00737	0.00733	0.00969	0.00606	0.00550	0.01044	0.01650	0.01986	0.11459	0.06749	0.65960	0.01780	0.00841	0.00239	0.00359	0.01488	0.00670	0.00606
5	0.01644	0.01107	0.04773	0.01107	0.01450	0.00963	0.00916	0.02219	0.11593	0.18940	0.36206	0.04175	0.09482	0.01236	0.00786	0.00227	0.00471	0.01061	0.00764	0.00879
6	0.01762	0.01692	0.02890	0.04371	0.70533	0.01692	0.02185	0.02185	0.01621	0.02326	0.01339	0.01762	0.01128	0.00634	0.00705	0.00211	0.00846	0.00634	0.00352	0.01128
7	0.00946	0.00725	0.00867	0.00831	0.01026	0.00646	0.00624	0.01225	0.01871	0.02511	0.46912	0.05885	0.30179	0.01584	0.00840	0.00230	0.00345	0.01367	0.00739	0.00646
8	0.80005	0.01377	0.01047	0.00936	0.01377	0.01597	0.00771	0.02093	0.01212	0.03195	0.00991	0.01157	0.00771	0.00661	0.00441	0.00220	0.00551	0.00386	0.00441	0.00771
9	0.01428	0.03683	0.71286	0.02030	0.03082	0.01654	0.02631	0.02255	0.01503	0.02255	0.01278	0.01503	0.00902	0.00677	0.00677	0.00226	0.01052	0.00526	0.00301	0.01052
10	0.80005	0.01377	0.01047	0.00936	0.01377	0.01597	0.00771	0.02093	0.01212	0.03195	0.00991	0.01157	0.00771	0.00661	0.00441	0.00220	0.00551	0.00386	0.00441	0.00771
11	0.01771	0.01530	0.01610	0.01449	0.01852	0.01771	0.01127	0.03784	0.69247	0.02979	0.02898	0.02657	0.02174	0.00966	0.00725	0.00242	0.00564	0.00805	0.00725	0.01127
12	0.01023	0.00739	0.01023	0.01023	0.01108	0.00824	0.00739	0.01194	0.01108	0.01563	0.02018	0.03413	0.02047	0.28353	0.49507	0.00994	0.01505	0.00853	0.00398	0.00568
13	0.80005	0.01377	0.01047	0.00936	0.01377	0.01597	0.00771	0.02093	0.01212	0.03195	0.00991	0.01157	0.00771	0.00661	0.00441	0.00220	0.00551	0.00386	0.00441	0.00771
14	0.01428	0.03683	0.71286	0.02030	0.03082	0.01654	0.02631	0.02255	0.01503	0.02255	0.01278	0.01503	0.00902	0.00677	0.00677	0.00226	0.01052	0.00526	0.00301	0.01052
15	0.03092	0.01189	0.01619	0.01249	0.01782	0.01029	0.01029	0.03370	0.02037	0.67815	0.05982	0.02560	0.01996	0.00908	0.00722	0.00221	0.00593	0.00743	0.00877	0.01186
16	0.01035	0.00693	0.00791	0.00791	0.00797	0.00698	0.00450	0.01045	0.01040	0.01392	0.02230	0.04585	0.02556	0.72170	0.06385	0.00709	0.00739	0.01025	0.00429	0.00440
17	0.01567	0.01515	0.02384	0.24252	0.40346	0.04267	0.01905	0.01966	0.01570	0.02103	0.01880	0.04693	0.06877	0.00812	0.00723	0.00223	0.00839	0.00746	0.00378	0.00954
18	0.02459	0.01049	0.01417	0.01142	0.01564	0.00921	0.00921	0.02755	0.02031	0.48100	0.25459	0.03397	0.03429	0.01074	0.00758	0.00222	0.00515	0.00908	0.00849	0.01030
19	0.72207	0.01535	0.01148	0.01021	0.01460	0.06454	0.00831	0.04275	0.01336	0.03137	0.01022	0.01183	0.00795	0.00672	0.00463	0.00218	0.00609	0.00399	0.00444	0.00789
20	0.05984	0.02865	0.10086	0.01925	0.07082	0.41887	0.01511	0.08936	0.06483	0.02260	0.01401	0.03788	0.01156	0.00791	0.00662	0.00202	0.01068	0.00566	0.00428	0.00920
21	0.01906	0.01696	0.01617	0.01427	0.01774	0.12843	0.01109	0.16899	0.24097	0.02740	0.02092	0.02362	0.01690	0.05579	0.15776	0.00435	0.01006	0.00712	0.03296	0.00943
22	0.01008	0.00728	0.00952	0.00896	0.01064	0.00672	0.00672	0.01344	0.02016	0.02855	0.70158	0.05319	0.06719	0.01456	0.00840	0.00224	0.00336	0.01288	0.00784	0.00672
23	0.01318	0.00665	0.00667	0.00667	0.00828	0.00665	0.00496	0.01638	0.01478	0.02612	0.02320	0.02722	0.01851	0.03330	0.00603	0.00184	0.00344	0.00676	0.76281	0.00656
24	0.01762	0.01692	0.02890	0.04371	0.70533	0.01692	0.02185	0.02185	0.01621	0.02326	0.01339	0.01762	0.01128	0.00634	0.00705	0.00211	0.00846	0.00634	0.00352	0.01128
25	0.00873	0.00723	0.00765	0.00755	0.00981	0.00615	0.00566	0.01083	0.01698	0.02101	0.19174	0.06561	0.58174	0.01737	0.00841	0.00237	0.00356	0.01462	0.00685	0.00615
26	0.01008	0.00728	0.00952	0.00896	0.01064	0.00672	0.00672	0.01344	0.02016	0.02855	0.70158	0.05319	0.06719	0.01456	0.00840	0.00224	0.00336	0.01288	0.00784	0.00672
27	0.01477	0.01266	0.01477	0.01055	0.01687	0.00949	0.00844	0.01793	0.01477	0.02320	0.01266	0.01477	0.01055	0.00527	0.00527	0.00105	0.00527	0.00422	0.00422	0.79328
28	0.00929	0.00707	0.00746	0.00746	0.00878	0.00642	0.00491	0.01028	0.01357	0.01678	0.04964	0.05860	0.39616	0.34928	0.02101	0.00444	0.00510	0.01291	0.00557	0.00524
29	0.05260	0.72222	0.03616	0.01206	0.01808	0.02765	0.01199	0.02131	0.01437	0.01741	0.00990	0.01143	0.00908	0.00611	0.00456	0.00155	0.00752	0.00381	0.00310	0.00908
30	0.80005	0.01377	0.01047	0.00936	0.01377	0.01597	0.00771	0.02093	0.01212	0.03195	0.00991	0.01157	0.00771	0.00661	0.00441	0.00220	0.00551	0.00386	0.00441	0.00771
31	0.01890	0.63445	0.08720	0.01464	0.05432	0.05364	0.01380	0.02172	0.01482	0.01755	0.01034	0.01207	0.00924	0.00620	0.00493	0.00162	0.00808	0.00408	0.00309	0.00932
32	0.01027	0.00721	0.00868	0.00920	0.00981	0.00705	0.00595	0.04187	0.01354	0.01802	0.05418	0.37522	0.06285	0.31986	0.02009	0.00446	0.00540	0.01509	0.00573	0.00552
33	0.01338	0.01227	0.01991	0.44885	0.10124	0.01392	0.03823	0.01790	0.03592	0.01954	0.01779	0.14137	0.01651	0.00952	0.00736	0.00235	0.00815	0.00865	0.00400	0.06315
34	0.01008	0.00728	0.00952	0.00896	0.01064	0.00672	0.00672	0.01344	0.02016	0.02855	0.70158	0.05319	0.06719	0.01456	0.00840	0.00224	0.00336	0.01288	0.00784	0.00672
35	0.02660	0.03394	0.02018	0.01834	0.02201	0.72116	0.01376	0.02843	0.02018	0.01743	0.01101	0.01284	0.00917	0.00734	0.00642	0.00183	0.01284	0.00459	0.00367	0.00825
36	0.76020	0.01405	0.01207	0.01041	0.01496	0.01608	0.04189	0.02103	0.01236	0.03148	0.01014	0.01196	0.00787	0.00658	0.00461	0.00221	0.00584	0.00409	0.00437	0.00781
37	0.01428	0.03683	0.71286	0.02030	0.03082	0.01654	0.02631	0.02255	0.01503	0.02255	0.01278	0.01503	0.00902	0.00677	0.00677	0.00226	0.01052	0.00526	0.00301	0.01052
38	0.01099	0.00810	0.01037	0.01085	0.04635	0.00752	0.00759	0.01436	0.04030	0.04833	0.39562	0.11979	0.20351	0.01546	0.00836	0.00237	0.00401	0.03190	0.00720	0.00703
39	0.01681	0.01921	0.04202	0.03001	0.03721	0.01801	0.67947	0.02281	0.01681	0.02281	0.01441	0.01921	0.01080	0.00600	0.00840	0.00240	0.01200	0.00840	0.00360	0.00960
40	0.01762	0.01692	0.02890	0.04371	0.70533	0.01692	0.02185	0.02185	0.01621	0.02326	0.01339	0.01762	0.01128	0.00634	0.00705	0.00211	0.00846	0.00634	0.00352	0.01128
41	0.01524	0.01440	0.02394	0.43557	0.29568	0.01633	0.02013	0.02058	0.04949	0.02070	0.01377	0.01886	0.01079	0.00696	0.00710	0.00228	0.00891	0.00642	0.00351	0.00936
42	0.02771	0.01775	0.01992	0.01524	0.02092	0.01875	0.01258	0.49773	0.02953	0.20372	0.01955	0.01871	0.01337	0.00847	0.00705	0.00211	0.00730	0.00650	0.00740	0.04568
43	0.04073	0.14429	0.53452	0.01815	0.02728	0.01777	0.02240	0.02251	0.01511	0.04901	0.01372	0.01703	0.01046	0.00719	0.00648	0.00217	0.00960	0.02801	0.00341	0.01014
44	0.01428	0.03683	0.71286	0.02030	0.03082	0.01654	0.02631	0.02255	0.01503	0.02255	0.01278	0.01503	0.00902	0.00677	0.00677	0.00226	0.01052	0.00526	0.00301	0.01052
45	0.00868	0.00620	0.00826	0.00991	0.01033	0.00578	0.00661	0.00991	0.01363	0.01818	0.03925	0.74510	0.04710	0.02231	0.00909	0.00289	0.00413	0.02024	0.00661	0.00578
46	0.00921	0.00687	0.00917	0.01043	0.01080	0.00693	0.00713	0.01043	0.01332	0.01793	0.03654	0.66763	0.04368	0.05029	0.01114	0.00307	0.05440	0.01889	0.00628	0.00586
47	0.01428	0.03683	0.71286	0.02030	0.03082	0.01654	0.02631	0.02255	0.01503	0.02255	0.01278	0.01503	0.00902	0.00677	0.00677	0.00226	0.01052	0.00526	0.00301	0.01052
48	0.01428	0.03683	0.71286	0.02030	0.03082	0.01654	0.02631	0.02255	0.01503	0.02255	0.01278	0.01503	0.00902	0.00677	0.00677	0.00226	0.01052	0.00526	0.00301	0.01052
49	0.01374	0.00809	0.01069	0.00958	0.01190	0.00735	0.00735	0.01700	0.02019	0.14274	0.58877	0.04834	0.05889	0.01360	0.00819	0.00223	0.00381	0.01192	0.00800	0.00762
50	0.01010	0.00734	0.00872	0.00868	0.01065	0.00650	0.00651	0.01247	0.01741	0.04964	0.28211	0.15407	0.33534	0.01713	0.00852	0.00245	0.00383	0.04495	0.00712	0.00649
51	0.00868	0.00620	0.00826	0.00991	0.01033	0.00578	0.00661	0.00991	0.01363	0.01818	0.03925	0.74510	0.04710	0.02231	0.00909	0.00289	0.00413	0.02024	0.00661	0.00578
52	0.02519	0.01813	0.01937	0.01506	0.02021	0.01998	0.01237	0.59113	0.03096	0.04238	0.01793	0.01838	0.01295	0.00851	0.00683	0.00207	0.00722	0.00644	0.11352	0.01137
53	0.10609	0.01250	0.02049	0.25557	0.11977	0.01362	0.10814	0.01752	0.01369	0.02040	0.01433	0.05300	0.01240	0.01087	0.01087	0.15080	0.00810	0.00698	0.03735	0.00752
54	0.01740	0.01497	0.01583	0.01427	0.01819	0.01726	0.01108	0.03684	0.66503	0.02974	0.05643	0.02765	0.02359	0.00986	0.00729	0.00241	0.00554	0.00825	0.00727	0.01108
55	0.00868	0.00620	0.00826	0.00991	0.01033	0.00578	0.00661	0.00991	0.01363	0.01818	0.03925	0.74510	0.04710	0.02231	0.00909	0.00289	0.00413	0.02024	0.00661	0.00578
56	0.02660	0.03394	0.02018	0.01834	0.02201	0.72116	0.01376	0.02843	0.02018	0.01743	0.01101	0.01284	0.00917	0.00734	0.00642	0.00183	0.01284	0.00459	0.00367	0.00825
57	0.01687	0.01496	0.02312	0.11584	0.04791	0.01686	0.14663	0.16350	0.01813	0.02507	0.01701	0.09293	0.01522	0.01393	0.07466	0.00330	0.14704	0.00829	0.02989	0.00886
58	0.00868	0.00620	0.00826	0.00991	0.01033	0.00578	0.00661	0.00991	0.01363	0.01818	0.03925	0.74510	0.04710	0.02231	0.00909	0.00289	0.00413	0.02024	0.00661	0.00578
59	0.01394	0.01292	0.02136	0.70695	0.04808	0.01604	0.01955	0.04198	0.01493	0.01915	0.01282	0.01892	0.00959	0.00717	0.00712	0.00236	0.00943	0.00633	0.00331	0.00806
60	0.42828	0.01992	0.19584	0.03824	0.02096	0.01574	0.03500	0.04451	0.01476	0.10853	0.01326	0.01463	0.00952	0.00697	0.00565	0.00223	0.00730	0.00492	0.00458	0.00917
61	0.04689	0.06951	0.01887	0.01629	0.06394	0.12829	0.01217	0.11066	0.01691	0.02296	0.01714	0.04177	0.04285	0.06179	0.01296	0.00262	0.20204	0.00686	0.09721	0.00828
62	0.07332	0.22135	0.38136	0.01783	0.04988	0.07544	0.01957	0.02298	0.01532	0.04514	0.01223	0.01408	0.00935	0.00668	0.00602	0.00202	0.00936	0.00483	0.00339	0.00986
63	0.47042	0.08080	0.01542	0.01273	0.04388	0.09121	0.00983	0.02413	0.11814	0.02828	0.03743	0.01570	0.01238	0.00738	0.00532	0.00214	0.00653	0.00499	0.00473	0.00855
64	0.04093	0.17852	0.15977	0.03860	0.02136	0.08339	0.01526	0.04313	0.03380	0.06786	0.03721	0.06751	0.01470	0.00946	0.00985	0.00228	0.15652	0.00662	0.00420	0.00902
65	0.01955	0.04134	0.01443	0.01154	0.01502	0.01147	0.00906	0.11193	0.06962	0.22890	0.17446	0.11727	0.06387	0.06683	0.00976	0.00263	0.00547	0.01036	0.00733	0.00916

[dist]
# distance from previous block
# <min> <max>
0	1

[block]
# block no. 11 follows, 29 sequences, length 42
# corresponding to MSA columns:
# 454-495
name=unknown_L
#
# <colnr> <probs for GDERKNQSTAVLIFYWHMCP>
#	G	D	E	R	K	N	Q	S	T	A	V	L	I	F	Y	W	H	M	C	P
0	0.01655	0.16551	0.02521	0.01686	0.02066	0.08972	0.16423	0.05228	0.01575	0.02035	0.01764	0.12611	0.01712	0.04249	0.05710	0.00303	0.08021	0.00844	0.05259	0.00814
1	0.02660	0.03394	0.02018	0.01834	0.02201	0.72116	0.01376	0.02843	0.02018	0.01743	0.01101	0.01284	0.00917	0.00734	0.00642	0.00183	0.01284	0.00459	0.00367	0.00825
2	0.02253	0.01261	0.01482	0.01250	0.01626	0.03900	0.00978	0.16099	0.02129	0.29551	0.10141	0.18445	0.02832	0.03568	0.00860	0.00248	0.00600	0.01051	0.00753	0.00974
3	0.01493	0.00851	0.00871	0.00811	0.01032	0.00888	0.00623	0.08392	0.06028	0.02857	0.02299	0.02561	0.01787	0.00841	0.00534	0.00176	0.00392	0.00671	0.66147	0.00748
4	0.04333	0.01581	0.01688	0.01515	0.05040	0.04032	0.01134	0.11624	0.37322	0.02947	0.02236	0.03938	0.01743	0.00859	0.00674	0.00207	0.00619	0.00702	0.00620	0.17185
5	0.01842	0.01466	0.01586	0.01416	0.01816	0.01660	0.01110	0.05195	0.58253	0.07622	0.05488	0.02893	0.02359	0.01009	0.00736	0.00241	0.00566	0.02905	0.00735	0.01102
6	0.01035	0.00694	0.00793	0.00793	0.00799	0.00699	0.00452	0.01046	0.01040	0.01393	0.02228	0.04575	0.02552	0.71790	0.06759	0.00711	0.00746	0.01023	0.00429	0.00441
7	0.00850	0.00722	0.00733	0.00730	0.00967	0.00605	0.00548	0.01038	0.01643	0.01970	0.10374	0.06776	0.67055	0.01786	0.00841	0.00240	0.00359	0.01492	0.00667	0.00605
