[name]
unknown

[dist]
# distance from previous block
# <min> <max>
0	10

[block]
# block no. 0 follows, 29 sequences, length 61
# corresponding to MSA columns:
# 10-70
name=unknown_A
#
# <colnr> <probs for GDERKNQSTAVLIFYWHMCP>
#	G	D	E	R	K	N	Q	S	T	A	V	L	I	F	Y	W	H	M	C	P
0	0.04134	0.01196	0.01606	0.24243	0.04591	0.01267	0.01264	0.03886	0.10298	0.06226	0.10358	0.03081	0.09255	0.00976	0.00716	0.00218	0.00653	0.03231	0.00536	0.12265
1	0.01550	0.04856	0.29043	0.01517	0.02148	0.05794	0.01595	0.02222	0.08806	0.06186	0.12889	0.07992	0.02344	0.00952	0.00703	0.00214	0.00759	0.00787	0.00502	0.09141
2	0.01582	0.01391	0.01904	0.39920	0.03484	0.01659	0.01583	0.07675	0.25198	0.02432	0.01969	0.04871	0.01537	0.00869	0.00724	0.00239	0.00782	0.00746	0.00503	0.00933
3	0.02070	0.01339	0.01623	0.01279	0.01759	0.01274	0.01028	0.13159	0.04786	0.20002	0.02052	0.09453	0.01681	0.00924	0.00796	0.00194	0.06316	0.00732	0.00615	0.28918
4	0.01828	0.01558	0.01642	0.01461	0.01873	0.01798	0.01141	0.07690	0.65248	0.03070	0.02826	0.02599	0.02115	0.00959	0.00724	0.00240	0.00577	0.00795	0.00724	0.01132
5	0.01052	0.00722	0.00950	0.00928	0.01083	0.00665	0.00682	0.01344	0.01885	0.04918	0.54548	0.19184	0.06148	0.01593	0.00850	0.00237	0.00361	0.01417	0.00762	0.00671
6	0.01594	0.01448	0.02355	0.40812	0.27522	0.01633	0.01950	0.07117	0.01625	0.02184	0.01325	0.01846	0.01043	0.00762	0.00787	0.03191	0.00888	0.00633	0.00360	0.00924
7	0.00977	0.00717	0.00904	0.00890	0.01044	0.00659	0.00656	0.01250	0.01822	0.02505	0.48184	0.12664	0.14883	0.06062	0.01021	0.00265	0.00380	0.03750	0.00728	0.00637
8	0.02295	0.01758	0.01976	0.01568	0.02050	0.01940	0.04137	0.45107	0.16349	0.03755	0.01995	0.02224	0.01546	0.08755	0.01030	0.00271	0.00747	0.00725	0.00669	0.01100
9	0.02660	0.03394	0.02018	0.01834	0.02201	0.72116	0.01376	0.02843	0.02018	0.01743	0.01101	0.01284	0.00917	0.00734	0.00642	0.00183	0.01284	0.00459	0.00367	0.00825
10	0.00885	0.00720	0.00783	0.00775	0.00990	0.00618	0.00578	0.01103	0.01714	0.02156	0.23072	0.08735	0.51927	0.01730	0.00843	0.00238	0.00356	0.01466	0.00692	0.00618
11	0.01477	0.01266	0.01477	0.01055	0.01687	0.00949	0.00844	0.01793	0.01477	0.02320	0.01266	0.01477	0.01055	0.00527	0.00527	0.00105	0.00527	0.00422	0.00422	0.79328
12	0.01564	0.01715	0.05379	0.10875	0.11748	0.01614	0.42271	0.02085	0.01605	0.02209	0.01643	0.07958	0.01396	0.00764	0.00797	0.00237	0.01026	0.00874	0.03318	0.00922
13	0.02068	0.01718	0.01775	0.01515	0.01965	0.03922	0.01200	0.22417	0.48211	0.03381	0.02502	0.02343	0.01858	0.00927	0.00719	0.00232	0.00648	0.00748	0.00711	0.01143
14	0.02213	0.01056	0.01333	0.01091	0.01502	0.00943	0.00876	0.06430	0.02010	0.38375	0.15028	0.03970	0.19691	0.01206	0.00768	0.00226	0.00510	0.01003	0.00800	0.00969
15	0.01254	0.01053	0.01130	0.01053	0.01345	0.01093	0.00806	0.02213	0.29316	0.02537	0.17810	0.04838	0.29973	0.01393	0.00793	0.00238	0.00439	0.01176	0.00711	0.00830
16	0.03195	0.01212	0.01652	0.01267	0.01818	0.01047	0.01047	0.03470	0.02038	0.71026	0.02809	0.02424	0.01763	0.00881	0.00716	0.00220	0.00606	0.00716	0.00881	0.01212
17	0.01753	0.14149	0.03079	0.03264	0.39694	0.01955	0.10664	0.02196	0.04071	0.02165	0.01306	0.01689	0.01103	0.00707	0.00867	0.00218	0.09112	0.00624	0.00355	0.01030
18	0.01698	0.41707	0.30885	0.01663	0.02458	0.02282	0.06237	0.02191	0.01485	0.01948	0.01136	0.01339	0.00920	0.00636	0.00571	0.00188	0.00908	0.00470	0.00307	0.00973
19	0.00866	0.00626	0.00820	0.00975	0.01028	0.00580	0.00654	0.00993	0.01379	0.01824	0.04124	0.70405	0.08686	0.02205	0.00905	0.00286	0.00410	0.01993	0.00661	0.00580
20	0.01145	0.00768	0.01058	0.01072	0.01181	0.00733	0.03617	0.03225	0.01400	0.06014	0.03266	0.48817	0.03739	0.16095	0.01476	0.03030	0.00531	0.01613	0.00606	0.00615
21	0.01782	0.20952	0.07029	0.16627	0.02663	0.10324	0.03791	0.06181	0.04553	0.02014	0.01323	0.04292	0.01146	0.00851	0.00928	0.00222	0.13463	0.00606	0.00374	0.00880
22	0.01029	0.00690	0.00791	0.00796	0.00802	0.00693	0.00455	0.01042	0.01050	0.01404	0.02288	0.06928	0.02632	0.70187	0.05856	0.00692	0.00722	0.01059	0.00437	0.00443
23	0.00912	0.00643	0.00808	0.00922	0.00961	0.00609	0.00594	0.01005	0.01287	0.01705	0.03616	0.52820	0.06978	0.21750	0.01635	0.00395	0.00485	0.01736	0.00599	0.00540
24	0.01512	0.09698	0.61659	0.01982	0.02967	0.03844	0.04281	0.02263	0.01519	0.02192	0.01253	0.01478	0.00908	0.00670	0.00661	0.00218	0.01039	0.00521	0.00305	0.01031
25	0.02278	0.01683	0.01856	0.04021	0.02054	0.01853	0.01227	0.50426	0.05126	0.03840	0.02126	0.14069	0.01842	0.01085	0.00740	0.00227	0.00707	0.00881	0.02888	0.01071
26	0.01889	0.01571	0.02283	0.06804	0.22153	0.03992	0.06259	0.06727	0.08414	0.10706	0.01843	0.08070	0.01565	0.00958	0.01013	0.00242	0.13234	0.00786	0.00496	0.00995
27	0.00913	0.00697	0.00843	0.00917	0.01046	0.00641	0.00645	0.01152	0.03929	0.02045	0.14783	0.42362	0.23528	0.01948	0.00873	0.00264	0.00392	0.01722	0.00682	0.00618
28	0.80005	0.01377	0.01047	0.00936	0.01377	0.01597	0.00771	0.02093	0.01212	0.03195	0.00991	0.01157	0.00771	0.00661	0.00441	0.00220	0.00551	0.00386	0.00441	0.00771
29	0.01735	0.01799	0.11026	0.02578	0.29491	0.01470	0.01666	0.05132	0.07801	0.05277	0.01527	0.01751	0.01202	0.00658	0.00651	0.00185	0.00740	0.00577	0.00437	0.24296
30	0.19782	0.32574	0.02482	0.01266	0.01806	0.07146	0.01124	0.11723	0.01789	0.12403	0.01362	0.01420	0.01046	0.00704	0.00540	0.00188	0.00732	0.00473	0.00480	0.00961
31	0.02342	0.01813	0.01931	0.01564	0.02069	0.02038	0.01265	0.43030	0.29072	0.03899	0.02174	0.02079	0.01587	0.00898	0.00717	0.00225	0.00698	0.00705	0.00717	0.01178
32	0.00988	0.00727	0.00924	0.00875	0.01052	0.00663	0.00656	0.01305	0.01968	0.02743	0.62568	0.05504	0.14378	0.01498	0.00840	0.00226	0.00339	0.01314	0.00769	0.00663
33	0.01034	0.00698	0.00815	0.00815	0.00828	0.00711	0.00479	0.01060	0.01047	0.01409	0.02209	0.04467	0.02505	0.67778	0.10708	0.00737	0.00816	0.01007	0.00426	0.00453
34	0.03195	0.01212	0.01652	0.01267	0.01818	0.01047	0.01047	0.03470	0.02038	0.71026	0.02809	0.02424	0.01763	0.00881	0.00716	0.00220	0.00606	0.00716	0.00881	0.01212
35	0.01008	0.00670	0.00775	0.00826	0.00965	0.00620	0.00590	0.01232	0.01549	0.02216	0.13366	0.29559	0.19258	0.01638	0.00770	0.00235	0.00368	0.01427	0.22309	0.00620
36	0.01547	0.21590	0.54419	0.01827	0.02769	0.01944	0.02278	0.02224	0.01489	0.02110	0.01206	0.01413	0.00905	0.00660	0.00622	0.00207	0.00980	0.00490	0.00302	0.01018
37	0.00842	0.00721	0.00721	0.00721	0.00962	0.00601	0.00541	0.01022	0.01623	0.01924	0.07213	0.06853	0.70244	0.01803	0.00842	0.00240	0.00361	0.01503	0.00661	0.00601
38	0.01435	0.01024	0.01168	0.01011	0.01231	0.01017	0.00715	0.12093	0.01590	0.04481	0.04926	0.06078	0.06715	0.38242	0.02221	0.00447	0.02832	0.00938	0.00523	0.11314
39	0.02190	0.01738	0.01846	0.01534	0.02011	0.01967	0.01228	0.32618	0.39731	0.03655	0.02366	0.02232	0.01742	0.00916	0.00719	0.00229	0.00662	0.00732	0.00719	0.01165
40	0.01763	0.34921	0.29823	0.01588	0.02348	0.02217	0.01772	0.07115	0.08153	0.02231	0.01339	0.01471	0.01052	0.00688	0.00587	0.00194	0.00858	0.00497	0.00373	0.01010
41	0.01552	0.01569	0.02177	0.35920	0.06277	0.07360	0.01770	0.01873	0.01344	0.01792	0.01122	0.01707	0.00949	0.00926	0.01361	0.00262	0.30300	0.00615	0.00320	0.00803
42	0.01918	0.09589	0.07110	0.03090	0.39782	0.08283	0.01833	0.06647	0.04750	0.04807	0.04401	0.01850	0.01387	0.00717	0.00679	0.00206	0.00844	0.00624	0.00423	0.01061
43	0.02660	0.03394	0.02018	0.01834	0.02201	0.72116	0.01376	0.02843	0.02018	0.01743	0.01101	0.01284	0.00917	0.00734	0.00642	0.00183	0.01284	0.00459	0.00367	0.00825
44	0.01237	0.00618	0.00928	0.00928	0.00928	0.00618	0.00618	0.00928	0.00928	0.01237	0.01237	0.02165	0.01237	0.02474	0.02783	0.79283	0.00618	0.00618	0.00309	0.00309
45	0.01762	0.01692	0.02890	0.04371	0.70533	0.01692	0.02185	0.02185	0.01621	0.02326	0.01339	0.01762	0.01128	0.00634	0.00705	0.00211	0.00846	0.00634	0.00352	0.01128
46	0.02434	0.01768	0.01945	0.01472	0.02056	0.01828	0.01209	0.47897	0.02808	0.07992	0.01667	0.01696	0.01206	0.00776	0.00667	0.00187	0.00710	0.00592	0.00651	0.20441
47	0.01363	0.01284	0.02168	0.70315	0.07713	0.01587	0.01986	0.01835	0.01432	0.01841	0.01269	0.01893	0.00957	0.00709	0.00712	0.00236	0.00945	0.00633	0.00318	0.00805
48	0.59231	0.18393	0.01703	0.01027	0.01511	0.01900	0.00895	0.04534	0.01344	0.02894	0.01018	0.01174	0.00820	0.00656	0.00454	0.00204	0.00608	0.00394	0.00419	0.00820
49	0.01633	0.01230	0.01457	0.01268	0.01431	0.03388	0.00960	0.12116	0.01553	0.07467	0.02020	0.03123	0.04340	0.29767	0.07524	0.00490	0.18186	0.00830	0.00486	0.00732
50	0.67033	0.01349	0.01149	0.00992	0.01451	0.01504	0.00818	0.02326	0.01351	0.14650	0.01298	0.01371	0.00939	0.00698	0.00487	0.00220	0.00560	0.00441	0.00515	0.00846
51	0.01325	0.01239	0.02082	0.70309	0.04746	0.01541	0.01924	0.01785	0.01421	0.01819	0.01374	0.04867	0.01103	0.00774	0.00720	0.00239	0.00927	0.00690	0.00330	0.00782
52	0.00995	0.00727	0.00935	0.00883	0.01056	0.00667	0.00662	0.01320	0.01986	0.02786	0.65485	0.05433	0.11435	0.01482	0.00840	0.00225	0.00338	0.01304	0.00775	0.00667
53	0.01681	0.01921	0.04202	0.03001	0.03721	0.01801	0.67947	0.02281	0.01681	0.02281	0.01441	0.01921	0.01080	0.00600	0.00840	0.00240	0.01200	0.00840	0.00360	0.00960
54	0.01036	0.00690	0.00777	0.00777	0.00777	0.00690	0.00431	0.01036	0.01036	0.01381	0.02244	0.04660	0.02589	0.74975	0.03624	0.00690	0.00690	0.01036	0.00431	0.00431
55	0.01735	0.02583	0.36688	0.01724	0.02468	0.01642	0.01876	0.02984	0.28691	0.09150	0.02074	0.02054	0.01494	0.00812	0.00700	0.00231	0.00814	0.00656	0.00526	0.01098
56	0.02082	0.01676	0.04774	0.01490	0.01968	0.01768	0.01226	0.15540	0.46859	0.10588	0.02598	0.02406	0.01896	0.00924	0.00719	0.00233	0.00630	0.00753	0.00721	0.01148
57	0.01109	0.00807	0.01111	0.01119	0.01280	0.00745	0.03678	0.03456	0.01475	0.04278	0.03418	0.56161	0.03936	0.03948	0.00937	0.00278	0.00491	0.03565	0.00629	0.07577
58	0.04329	0.14372	0.36483	0.07647	0.03119	0.01866	0.18079	0.02202	0.01521	0.02168	0.01260	0.01565	0.00946	0.00650	0.00676	0.00218	0.01016	0.00582	0.00322	0.00978
59	0.02226	0.05367	0.01760	0.01324	0.01689	0.01346	0.02964	0.09118	0.01885	0.30559	0.12792	0.02841	0.02391	0.09013	0.01264	0.00281	0.10742	0.00805	0.00674	0.00959
60	0.01745	0.01675	0.02860	0.07159	0.67877	0.01687	0.02177	0.02171	0.01613	0.02306	0.01336	0.01768	0.01121	0.00638	0.00705	0.00213	0.00850	0.00634	0.00351	0.01114

[dist]
# distance from previous block
# <min> <max>
7	11

[block]
# block no. 1 follows, 29 sequences, length 21
# corresponding to MSA columns:
# 82-102
name=unknown_B
#
# <colnr> <probs for GDERKNQSTAVLIFYWHMCP>
#	G	D	E	R	K	N	Q	S	T	A	V	L	I	F	Y	W	H	M	C	P
0	0.00868	0.00620	0.00826	0.00991	0.01033	0.00578	0.00661	0.00991	0.01363	0.01818	0.03925	0.74510	0.04710	0.02231	0.00909	0.00289	0.00413	0.02024	0.00661	0.00578
1	0.01154	0.00955	0.01003	0.01005	0.01164	0.06104	0.00722	0.01513	0.07118	0.02279	0.26604	0.25195	0.10316	0.06911	0.01022	0.00274	0.00476	0.01377	0.04138	0.00669
2	0.01006	0.00687	0.00777	0.00791	0.00813	0.00674	0.00460	0.01031	0.01110	0.01461	0.02777	0.10927	0.08039	0.62932	0.03171	0.00620	0.00640	0.01158	0.00469	0.00457
3	0.06086	0.01806	0.02546	0.11883	0.45885	0.09669	0.01943	0.02174	0.01579	0.02200	0.01253	0.01675	0.01048	0.00704	0.00811	0.00220	0.06559	0.00600	0.00351	0.01007
4	0.28739	0.01710	0.01758	0.01567	0.06615	0.01914	0.01187	0.33685	0.10190	0.03724	0.01579	0.01636	0.01168	0.00787	0.00621	0.00219	0.00683	0.00573	0.00597	0.01046
5	0.01531	0.01567	0.04283	0.05337	0.02152	0.04165	0.10812	0.03882	0.01303	0.01856	0.01304	0.02126	0.01244	0.11625	0.06155	0.00389	0.38429	0.00712	0.00354	0.00772
6	0.02121	0.02218	0.02172	0.05566	0.02349	0.29464	0.12346	0.09420	0.04333	0.05194	0.01540	0.02017	0.01289	0.09178	0.04123	0.00297	0.01072	0.00651	0.00446	0.04203
7	0.00866	0.00627	0.00819	0.00973	0.01028	0.00580	0.00653	0.00994	0.01381	0.01825	0.04152	0.69827	0.09247	0.02201	0.00904	0.00286	0.00409	0.01988	0.00661	0.00580
8	0.01821	0.01476	0.01982	0.28502	0.12039	0.03880	0.01567	0.18278	0.01997	0.05656	0.01983	0.02450	0.05389	0.00873	0.00714	0.00225	0.00800	0.03513	0.05923	0.00933
9	0.00891	0.00656	0.00813	0.00910	0.00999	0.00602	0.00618	0.01035	0.01447	0.01898	0.10746	0.48276	0.17562	0.08689	0.01136	0.00310	0.00421	0.01762	0.00652	0.00578
10	0.02326	0.01802	0.04962	0.01512	0.02016	0.01863	0.01268	0.48299	0.06860	0.06149	0.07516	0.06010	0.01947	0.03120	0.00817	0.00235	0.00718	0.00786	0.00695	0.01099
11	0.07281	0.07946	0.23709	0.03433	0.05346	0.01713	0.01657	0.15968	0.01875	0.07208	0.01558	0.05576	0.01251	0.00816	0.00727	0.00212	0.04030	0.00625	0.00470	0.08598
12	0.02323	0.01581	0.01745	0.01421	0.01903	0.01701	0.01147	0.29795	0.23216	0.15994	0.02824	0.02643	0.08464	0.00988	0.00730	0.00226	0.00641	0.00791	0.00742	0.01125
13	0.01469	0.01207	0.01394	0.01260	0.01410	0.05140	0.00949	0.12313	0.01522	0.02057	0.01868	0.06085	0.01881	0.24779	0.21391	0.00631	0.12654	0.00843	0.00451	0.00698
14	0.01856	0.59781	0.15366	0.01377	0.02061	0.02589	0.01469	0.05029	0.01539	0.01898	0.01071	0.01230	0.00925	0.00632	0.00506	0.00168	0.00813	0.00417	0.00322	0.00951
15	0.01904	0.75404	0.03731	0.01218	0.01828	0.02818	0.01218	0.02132	0.01447	0.01675	0.00990	0.01142	0.00914	0.00609	0.00457	0.00152	0.00761	0.00381	0.00305	0.00914
16	0.00876	0.00723	0.00770	0.00758	0.00983	0.00616	0.00568	0.01089	0.01705	0.02118	0.20367	0.06532	0.56969	0.01731	0.00841	0.00237	0.00356	0.01458	0.00687	0.00616
17	0.00900	0.00724	0.00802	0.00782	0.00997	0.00626	0.00587	0.01134	0.01760	0.02249	0.29225	0.06316	0.48029	0.01682	0.00841	0.00235	0.00352	0.01428	0.00704	0.00626
18	0.01481	0.01060	0.01351	0.01091	0.01464	0.00940	0.02816	0.01799	0.03432	0.10172	0.19887	0.03309	0.06485	0.10016	0.01121	0.00245	0.03775	0.00845	0.00584	0.28125
19	0.01345	0.01266	0.02136	0.73264	0.04904	0.01582	0.01978	0.01819	0.01424	0.01819	0.01266	0.01898	0.00949	0.00712	0.00712	0.00237	0.00949	0.00633	0.00316	0.00791
20	0.01477	0.01266	0.01477	0.01055	0.01687	0.00949	0.00844	0.01793	0.01477	0.02320	0.01266	0.01477	0.01055	0.00527	0.00527	0.00105	0.00527	0.00422	0.00422	0.79328

[dist]
# distance from previous block
# <min> <max>
0	3

[block]
# block no. 2 follows, 29 sequences, length 7
# corresponding to MSA columns:
# 106-112
name=unknown_C
#
# <colnr> <probs for GDERKNQSTAVLIFYWHMCP>
#	G	D	E	R	K	N	Q	S	T	A	V	L	I	F	Y	W	H	M	C	P
0	0.01668	0.04505	0.04601	0.24009	0.13141	0.08676	0.05157	0.05970	0.07587	0.02211	0.01675	0.07699	0.01441	0.00874	0.00781	0.00228	0.04179	0.00742	0.03957	0.00898
1	0.01843	0.01980	0.01971	0.09297	0.09779	0.24320	0.01455	0.02095	0.01524	0.01882	0.01282	0.01740	0.01110	0.01294	0.07651	0.00314	0.21607	0.00589	0.07456	0.00810
2	0.01350	0.01271	0.02191	0.61377	0.04494	0.01526	0.06666	0.01820	0.01463	0.01882	0.01515	0.02481	0.01257	0.00823	0.00747	0.00246	0.00940	0.06810	0.00352	0.00790
3	0.01031	0.00755	0.00925	0.00970	0.01067	0.00749	0.00660	0.01372	0.08552	0.02068	0.17999	0.35874	0.04403	0.18471	0.01492	0.00361	0.00475	0.01510	0.00642	0.00623
4	0.05807	0.27968	0.18322	0.02005	0.07155	0.07988	0.13798	0.02229	0.01533	0.02044	0.01167	0.01438	0.00950	0.00666	0.00692	0.00202	0.04230	0.00532	0.00330	0.00947
5	0.20683	0.14540	0.02165	0.01673	0.08147	0.17383	0.04238	0.09805	0.01803	0.06047	0.01668	0.01790	0.05723	0.00775	0.00603	0.00201	0.00822	0.00567	0.00458	0.00910
6	0.51711	0.01204	0.01022	0.00932	0.01299	0.01351	0.00747	0.02039	0.07029	0.03001	0.09036	0.02255	0.06224	0.00864	0.00539	0.00218	0.00494	0.00619	0.08647	0.00768

[dist]
# distance from previous block
# <min> <max>
0	3

[block]
# block no. 3 follows, 29 sequences, length 9
# corresponding to MSA columns:
# 116-124
name=unknown_D
#
# <colnr> <probs for GDERKNQSTAVLIFYWHMCP>
#	G	D	E	R	K	N	Q	S	T	A	V	L	I	F	Y	W	H	M	C	P
0	0.10298	0.04265	0.01188	0.00972	0.01253	0.01009	0.00758	0.04833	0.04254	0.08808	0.35189	0.04308	0.13338	0.05398	0.00912	0.00249	0.00456	0.01061	0.00690	0.00761
1	0.00887	0.00628	0.00821	0.00967	0.01004	0.00591	0.00635	0.00996	0.01326	0.01768	0.03734	0.66580	0.04469	0.10490	0.01217	0.00335	0.00445	0.01912	0.00635	0.00562
2	0.01571	0.01457	0.01823	0.08966	0.02054	0.05464	0.01338	0.06632	0.09821	0.02199	0.09257	0.02309	0.01872	0.01648	0.10498	0.00378	0.30699	0.00732	0.00457	0.00826
3	0.02025	0.01065	0.01330	0.01130	0.01491	0.01028	0.00892	0.02659	0.14910	0.29293	0.26332	0.03497	0.03578	0.01095	0.00746	0.00222	0.00484	0.00929	0.06327	0.00968
4	0.80005	0.01377	0.01047	0.00936	0.01377	0.01597	0.00771	0.02093	0.01212	0.03195	0.00991	0.01157	0.00771	0.00661	0.00441	0.00220	0.00551	0.00386	0.00441	0.00771
5	0.00973	0.00691	0.00823	0.00838	0.00919	0.00654	0.00548	0.01103	0.01418	0.01901	0.20297	0.17683	0.12793	0.33865	0.02073	0.00442	0.00508	0.01338	0.00591	0.00540
6	0.01124	0.00847	0.01109	0.01142	0.01366	0.00766	0.00915	0.01388	0.01540	0.02110	0.06458	0.26627	0.03781	0.01726	0.00860	0.00265	0.00541	0.29999	0.00615	0.16819
7	0.01441	0.01364	0.09927	0.01430	0.06774	0.01092	0.01136	0.10672	0.01950	0.05216	0.27755	0.15049	0.03843	0.01250	0.00770	0.00224	0.00557	0.01088	0.03224	0.05238
8	0.13987	0.05877	0.07641	0.10491	0.21886	0.08283	0.03506	0.13137	0.01855	0.04927	0.01345	0.01605	0.01038	0.00702	0.00649	0.00213	0.00856	0.00567	0.00434	0.01002

[dist]
# distance from previous block
# <min> <max>
0	1

[block]
# block no. 4 follows, 29 sequences, length 12
# corresponding to MSA columns:
# 126-137
name=unknown_E
#
# <colnr> <probs for GDERKNQSTAVLIFYWHMCP>
#	G	D	E	R	K	N	Q	S	T	A	V	L	I	F	Y	W	H	M	C	P
0	0.05216	0.21207	0.24236	0.01643	0.04615	0.07320	0.01650	0.09303	0.01719	0.02359	0.01284	0.01559	0.01038	0.00690	0.00598	0.00187	0.00854	0.02005	0.00385	0.12133
1	0.06480	0.33468	0.15113	0.04006	0.06536	0.09103	0.01545	0.02331	0.01554	0.08813	0.01262	0.01431	0.01004	0.00696	0.00645	0.00193	0.04003	0.00483	0.00379	0.00955
2	0.01355	0.01158	0.01535	0.34693	0.02905	0.05852	0.01310	0.01759	0.03131	0.02072	0.07486	0.05100	0.01905	0.04044	0.06462	0.00309	0.00830	0.00762	0.16600	0.00732
3	0.01056	0.00747	0.01008	0.01149	0.01256	0.00736	0.00914	0.01282	0.01478	0.01939	0.03593	0.25438	0.04046	0.12518	0.01343	0.00369	0.00595	0.39305	0.00625	0.00603
4	0.01724	0.01343	0.06519	0.08403	0.01967	0.01280	0.05243	0.14784	0.01835	0.06912	0.01913	0.03753	0.01502	0.01100	0.03515	0.04215	0.03310	0.00690	0.29144	0.00846
5	0.01370	0.01095	0.08050	0.01080	0.01390	0.00830	0.00941	0.01745	0.01952	0.12550	0.50754	0.04642	0.05315	0.01318	0.00812	0.00228	0.00460	0.03937	0.00744	0.00786
6	0.00865	0.00631	0.00815	0.00962	0.01025	0.00581	0.00648	0.00995	0.01392	0.01829	0.04283	0.67143	0.11845	0.02184	0.00902	0.00284	0.00407	0.01968	0.00661	0.00581
7	0.01655	0.06327	0.53360	0.02036	0.02979	0.01661	0.10283	0.02374	0.01575	0.09067	0.01437	0.01629	0.01010	0.00685	0.00691	0.00224	0.01013	0.00577	0.00366	0.01051
8	0.02083	0.01800	0.02174	0.13128	0.17286	0.06193	0.01579	0.25413	0.17317	0.03109	0.01790	0.01935	0.01350	0.00803	0.00709	0.00221	0.00804	0.00664	0.00556	0.01087
9	0.01214	0.00626	0.00911	0.00911	0.00911	0.00626	0.00598	0.00940	0.00940	0.01253	0.01349	0.02443	0.01388	0.10578	0.02877	0.70498	0.00626	0.00665	0.00323	0.00323
10	0.13205	0.10074	0.49945	0.01718	0.02582	0.01697	0.02096	0.02163	0.01486	0.02377	0.05434	0.01651	0.01240	0.00716	0.00630	0.00218	0.00905	0.00538	0.00352	0.00974
11	0.49419	0.08503	0.01603	0.08321	0.01936	0.12415	0.01053	0.05503	0.01484	0.02764	0.01071	0.01276	0.00846	0.00682	0.00513	0.00210	0.00732	0.00434	0.00418	0.00817

[dist]
# distance from previous block
# <min> <max>
0	1

[block]
# block no. 5 follows, 29 sequences, length 18
# corresponding to MSA columns:
# 139-156
name=unknown_F
#
# <colnr> <probs for GDERKNQSTAVLIFYWHMCP>
#	G	D	E	R	K	N	Q	S	T	A	V	L	I	F	Y	W	H	M	C	P
0	0.01762	0.06697	0.02371	0.34260	0.23066	0.01650	0.01809	0.02290	0.06408	0.10498	0.01573	0.01923	0.01185	0.00721	0.00693	0.00222	0.00836	0.00638	0.00424	0.00973
1	0.21978	0.01102	0.01150	0.01041	0.01365	0.01167	0.00811	0.02342	0.13394	0.14488	0.05909	0.07821	0.02197	0.06292	0.00847	0.00257	0.00519	0.02912	0.13562	0.00845
2	0.01128	0.00625	0.00909	0.00954	0.00970	0.00619	0.00641	0.00959	0.01054	0.01411	0.01992	0.21790	0.02200	0.02525	0.05101	0.54699	0.00615	0.01005	0.00407	0.00395
3	0.00954	0.00712	0.00869	0.00854	0.01015	0.00646	0.00621	0.01205	0.01780	0.02410	0.42773	0.12977	0.21875	0.06875	0.01046	0.00268	0.00376	0.01401	0.00715	0.00627
4	0.01061	0.00767	0.01038	0.01163	0.01313	0.00745	0.00963	0.01344	0.01638	0.02152	0.12164	0.18813	0.09388	0.01937	0.00943	0.00302	0.00554	0.42402	0.00673	0.00641
5	0.01588	0.01580	0.10390	0.01207	0.01879	0.01076	0.01095	0.02030	0.04063	0.06582	0.01424	0.01583	0.01121	0.00585	0.00565	0.00133	0.00600	0.00468	0.00446	0.61583
6	0.01510	0.11196	0.55807	0.02061	0.03025	0.01797	0.10462	0.02245	0.01519	0.02196	0.01267	0.01515	0.00925	0.00660	0.00673	0.00219	0.01039	0.00549	0.00308	0.01026
7	0.01414	0.01336	0.02260	0.61892	0.15737	0.01600	0.02012	0.01880	0.01456	0.01903	0.01278	0.01876	0.00979	0.00699	0.00711	0.00233	0.00932	0.00633	0.00322	0.00847
8	0.09564	0.01511	0.02191	0.37078	0.23836	0.05901	0.01836	0.02001	0.01509	0.02123	0.01382	0.02069	0.01149	0.00751	0.00692	0.00229	0.00883	0.04047	0.00361	0.00885
9	0.01632	0.01367	0.02026	0.45520	0.09460	0.01600	0.01704	0.14225	0.01808	0.02459	0.01479	0.01941	0.01116	0.00746	0.00686	0.00222	0.00837	0.00638	0.09648	0.00883
10	0.00949	0.00672	0.00865	0.00921	0.01032	0.00623	0.00651	0.01175	0.01654	0.02298	0.31508	0.38730	0.08523	0.01814	0.00855	0.00253	0.00374	0.01621	0.04859	0.00623
11	0.01536	0.19951	0.55963	0.01846	0.02797	0.01918	0.02311	0.02227	0.01491	0.02124	0.01213	0.01421	0.00905	0.00661	0.00627	0.00209	0.00986	0.00493	0.00302	0.01021
12	0.01036	0.00690	0.00777	0.00777	0.00777	0.00690	0.00431	0.01036	0.01036	0.01381	0.02244	0.04660	0.02589	0.74975	0.03624	0.00690	0.00690	0.01036	0.00431	0.00431
13	0.01198	0.00694	0.01007	0.01001	0.01018	0.00729	0.00695	0.01021	0.01070	0.01458	0.06467	0.11189	0.02031	0.02284	0.02383	0.58332	0.05798	0.00838	0.00386	0.00402
14	0.00984	0.00716	0.00927	0.00898	0.01055	0.00658	0.00664	0.01289	0.01925	0.02696	0.59813	0.13056	0.09532	0.01558	0.00848	0.00232	0.00346	0.01380	0.00764	0.00658
15	0.04032	0.07154	0.06339	0.01123	0.01379	0.01156	0.00924	0.08575	0.06425	0.02025	0.02017	0.06716	0.06400	0.01723	0.01652	0.36808	0.00630	0.00751	0.03536	0.00634
16	0.01448	0.04546	0.10636	0.03383	0.03879	0.03523	0.05018	0.01789	0.02649	0.01949	0.04354	0.03890	0.01560	0.06748	0.08914	0.00376	0.26451	0.00713	0.04537	0.03638
17	0.11650	0.25039	0.10815	0.03221	0.04513	0.08873	0.01377	0.09243	0.01742	0.08415	0.02986	0.01580	0.01180	0.00738	0.00637	0.00197	0.03211	0.00518	0.03116	0.00948

[dist]
# distance from previous block
# <min> <max>
0	17

[block]
# block no. 6 follows, 29 sequences, length 22
# corresponding to MSA columns:
# 174-195
name=unknown_G
#
# <colnr> <probs for GDERKNQSTAVLIFYWHMCP>
#	G	D	E	R	K	N	Q	S	T	A	V	L	I	F	Y	W	H	M	C	P
0	0.47734	0.15117	0.12790	0.03827	0.01942	0.01834	0.03713	0.02123	0.01326	0.02688	0.01063	0.01264	0.00836	0.00654	0.00506	0.00210	0.00707	0.00433	0.00387	0.00849
1	0.01548	0.19965	0.41765	0.01900	0.05736	0.01850	0.06350	0.02158	0.01529	0.02169	0.04260	0.01676	0.01221	0.00695	0.00636	0.00206	0.00921	0.00557	0.03876	0.00983
2	0.04753	0.00760	0.00793	0.03032	0.01038	0.00785	0.00590	0.03965	0.01513	0.02607	0.02279	0.05942	0.01905	0.05038	0.00704	0.00207	0.00401	0.00733	0.62281	0.00675
3	0.01019	0.00755	0.01104	0.01104	0.01217	0.00868	0.00840	0.01246	0.01132	0.01623	0.01944	0.03003	0.01869	0.13014	0.64602	0.01094	0.01773	0.00793	0.00387	0.00613
4	0.01633	0.01560	0.02657	0.25651	0.50261	0.01658	0.02121	0.02072	0.01560	0.02170	0.01317	0.01804	0.01073	0.00658	0.00707	0.00219	0.00878	0.00634	0.00341	0.01024
5	0.00925	0.00659	0.00855	0.00979	0.01065	0.00616	0.00693	0.01103	0.01482	0.01996	0.10920	0.53038	0.09740	0.02038	0.00888	0.00278	0.00421	0.07945	0.03760	0.00600
6	0.01462	0.08811	0.66456	0.01972	0.02992	0.01737	0.02530	0.02246	0.01499	0.02214	0.01257	0.01478	0.00903	0.00672	0.00661	0.00220	0.01032	0.00516	0.00301	0.01042
7	0.00961	0.00719	0.00882	0.00855	0.01026	0.00651	0.00630	0.01234	0.01844	0.02513	0.48568	0.09534	0.21587	0.04681	0.00961	0.00251	0.00361	0.01370	0.00733	0.00640
8	0.03193	0.01264	0.02225	0.13394	0.02632	0.01232	0.21708	0.01834	0.01525	0.06877	0.02217	0.18090	0.02167	0.05418	0.00959	0.00267	0.00803	0.05312	0.00486	0.08396
9	0.01024	0.00686	0.00780	0.00791	0.00794	0.00683	0.00447	0.01033	0.01057	0.01410	0.02355	0.09307	0.02730	0.70135	0.03444	0.00664	0.00672	0.01101	0.00447	0.00441
10	0.21246	0.16428	0.32410	0.01516	0.02276	0.01844	0.01708	0.05853	0.01521	0.02510	0.01175	0.01358	0.00899	0.00660	0.00568	0.00202	0.00822	0.00463	0.00368	0.06173
11	0.01956	0.58213	0.10533	0.01386	0.02009	0.12054	0.01387	0.02241	0.01530	0.01745	0.01035	0.01199	0.00913	0.00633	0.00505	0.00164	0.00862	0.00406	0.00313	0.00916
12	0.00930	0.00725	0.00843	0.00814	0.01016	0.00639	0.00610	0.01192	0.01831	0.02417	0.40563	0.06040	0.36587	0.01619	0.00841	0.00232	0.00348	0.01389	0.00726	0.00639
13	0.01112	0.00738	0.00939	0.00981	0.01113	0.00695	0.00698	0.01363	0.04028	0.06726	0.18325	0.38398	0.09185	0.08288	0.01112	0.00302	0.00445	0.04215	0.00685	0.00653
14	0.01428	0.03683	0.71286	0.02030	0.03082	0.01654	0.02631	0.02255	0.01503	0.02255	0.01278	0.01503	0.00902	0.00677	0.00677	0.00226	0.01052	0.00526	0.00301	0.01052
15	0.05085	0.01415	0.01582	0.01322	0.01762	0.01512	0.01057	0.15456	0.28124	0.20378	0.05447	0.02480	0.02002	0.00921	0.00693	0.00222	0.00583	0.00744	0.08125	0.01088
16	0.04213	0.05886	0.01372	0.01099	0.01347	0.01237	0.00857	0.10427	0.08570	0.02721	0.25134	0.08868	0.03571	0.07605	0.01070	0.00264	0.04772	0.00991	0.09211	0.00784
17	0.49489	0.01277	0.01217	0.03669	0.04509	0.01385	0.00882	0.03782	0.01399	0.05048	0.03327	0.06924	0.03549	0.00836	0.00545	0.00214	0.00557	0.00610	0.02492	0.08289
18	0.01320	0.00729	0.00780	0.00761	0.00921	0.00749	0.00562	0.04176	0.01483	0.02490	0.02250	0.02852	0.01881	0.09434	0.07728	0.00320	0.00540	0.00713	0.59655	0.00657
19	0.06953	0.01090	0.01171	0.03937	0.01429	0.01172	0.00826	0.18334	0.01936	0.05255	0.02034	0.02287	0.01562	0.01028	0.03851	0.00231	0.00565	0.00645	0.44865	0.00829
20	0.01039	0.00745	0.00915	0.00963	0.01061	0.00721	0.00657	0.05426	0.01544	0.02072	0.13723	0.42162	0.08056	0.15841	0.01398	0.00348	0.00475	0.01605	0.00639	0.00607
21	0.21381	0.26484	0.16294	0.01398	0.01999	0.12916	0.01393	0.02268	0.01526	0.04211	0.03594	0.01427	0.01109	0.00693	0.00547	0.00193	0.00829	0.00466	0.00381	0.00892

[dist]
# distance from previous block
# <min> <max>
1	16

[block]
# block no. 7 follows, 29 sequences, length 20
# corresponding to MSA columns:
# 212-231
name=unknown_H
#
# <colnr> <probs for GDERKNQSTAVLIFYWHMCP>
#	G	D	E	R	K	N	Q	S	T	A	V	L	I	F	Y	W	H	M	C	P
0	0.01770	0.05725	0.22712	0.02905	0.29827	0.01740	0.07644	0.04994	0.07928	0.05626	0.01541	0.01783	0.01178	0.00693	0.00699	0.00218	0.00892	0.00628	0.00409	0.01089
1	0.01278	0.01019	0.01324	0.01442	0.11255	0.00939	0.00929	0.04014	0.03766	0.02471	0.20217	0.12754	0.12022	0.01216	0.00733	0.00206	0.00482	0.01061	0.07318	0.15554
2	0.02381	0.09111	0.02046	0.01637	0.02047	0.50670	0.01265	0.07098	0.01982	0.01985	0.01455	0.03569	0.03657	0.00796	0.00636	0.00181	0.01082	0.00544	0.00409	0.07448
3	0.07328	0.01221	0.01620	0.01249	0.01794	0.01076	0.01032	0.03396	0.01994	0.67377	0.02711	0.02355	0.01709	0.00869	0.00701	0.00220	0.00603	0.00698	0.00858	0.01188
4	0.00901	0.00658	0.00810	0.00902	0.00982	0.00608	0.00604	0.01032	0.01410	0.01851	0.09603	0.45875	0.16058	0.13685	0.01324	0.00339	0.00442	0.01715	0.00634	0.00567
5	0.00901	0.00659	0.00899	0.05096	0.01243	0.00640	0.00727	0.01040	0.01354	0.01800	0.03706	0.67597	0.04411	0.05040	0.01006	0.00302	0.00455	0.01906	0.00632	0.00585
6	0.00887	0.00628	0.00820	0.00966	0.01003	0.00592	0.00634	0.00997	0.01325	0.01766	0.03726	0.66250	0.04459	0.10833	0.01230	0.00337	0.00446	0.01907	0.00634	0.00561
7	0.01698	0.01607	0.02625	0.14805	0.52360	0.01684	0.02031	0.02312	0.09381	0.02322	0.01507	0.01887	0.01220	0.00685	0.00708	0.00219	0.00830	0.00654	0.00390	0.01075
8	0.00892	0.00634	0.00833	0.00968	0.01017	0.00594	0.00645	0.01025	0.01396	0.01875	0.09483	0.63569	0.04730	0.07380	0.01098	0.00312	0.00426	0.01890	0.00655	0.00576
9	0.01795	0.01781	0.02770	0.09467	0.60606	0.06733	0.02111	0.02204	0.01635	0.02246	0.01317	0.01738	0.01099	0.00648	0.00701	0.00211	0.00885	0.00622	0.00351	0.01080
10	0.01156	0.00953	0.01375	0.06411	0.01581	0.01178	0.01037	0.01367	0.01137	0.01636	0.01710	0.02757	0.01667	0.14706	0.42128	0.00837	0.16581	0.00766	0.00370	0.00646
11	0.43324	0.01280	0.01308	0.01080	0.01558	0.01320	0.00888	0.02667	0.01605	0.32873	0.04465	0.01872	0.01435	0.00788	0.00577	0.00220	0.00567	0.00565	0.00647	0.00960
12	0.01477	0.01266	0.01477	0.01055	0.01687	0.00949	0.00844	0.01793	0.01477	0.02320	0.01266	0.01477	0.01055	0.00527	0.00527	0.00105	0.00527	0.00422	0.00422	0.79328
13	0.01610	0.01536	0.02615	0.29530	0.46566	0.01652	0.02109	0.02052	0.01549	0.02141	0.01312	0.01812	0.01063	0.00663	0.00707	0.00221	0.00884	0.00634	0.00339	0.01005
14	0.00873	0.00704	0.00777	0.00798	0.00991	0.00608	0.00584	0.01067	0.01638	0.02051	0.16540	0.18934	0.48291	0.01826	0.00854	0.00247	0.00366	0.01564	0.00681	0.00608
15	0.01021	0.00747	0.01066	0.01066	0.01165	0.00847	0.00792	0.01221	0.01121	0.01595	0.01979	0.03197	0.01953	0.20266	0.57465	0.01047	0.01646	0.00821	0.00392	0.00592
16	0.01687	0.01761	0.03438	0.09869	0.33348	0.01733	0.33010	0.02198	0.01632	0.02260	0.01380	0.01849	0.01090	0.00625	0.00769	0.00227	0.01021	0.00731	0.00353	0.01019
17	0.01576	0.01529	0.02681	0.33861	0.36465	0.01654	0.07865	0.02036	0.01542	0.02104	0.01317	0.01835	0.01047	0.00665	0.00720	0.00225	0.00921	0.00652	0.00338	0.00968
18	0.01000	0.00778	0.00996	0.01082	0.05368	0.00712	0.00736	0.01265	0.01769	0.02380	0.36888	0.12141	0.23994	0.04275	0.00945	0.00255	0.00406	0.03655	0.00693	0.00662
19	0.02466	0.01887	0.04437	0.01583	0.02119	0.01992	0.01331	0.52692	0.08923	0.06508	0.02002	0.05183	0.01551	0.00955	0.00730	0.00224	0.00747	0.02818	0.00701	0.01152

[dist]
# distance from previous block
# <min> <max>
0	1

[block]
# block no. 8 follows, 29 sequences, length 8
# corresponding to MSA columns:
# 233-240
name=unknown_I
#
# <colnr> <probs for GDERKNQSTAVLIFYWHMCP>
#	G	D	E	R	K	N	Q	S	T	A	V	L	I	F	Y	W	H	M	C	P
0	0.01684	0.01373	0.01572	0.01157	0.01750	0.01174	0.00931	0.14466	0.01867	0.02767	0.05460	0.01750	0.01422	0.00645	0.00581	0.00133	0.00565	0.00515	0.00499	0.59688
1	0.06411	0.09795	0.02261	0.02019	0.10980	0.30971	0.01447	0.02446	0.01662	0.07426	0.01215	0.01477	0.01008	0.00829	0.01000	0.00217	0.17026	0.00527	0.00392	0.00892
2	0.00949	0.00723	0.00875	0.00866	0.01050	0.00649	0.00653	0.01217	0.01815	0.02424	0.40298	0.10863	0.28093	0.01658	0.00853	0.00240	0.00368	0.05038	0.00726	0.00640
3	0.02715	0.04446	0.01887	0.06548	0.05665	0.01408	0.01214	0.13923	0.05407	0.43013	0.02351	0.02265	0.01592	0.03283	0.00800	0.00234	0.00679	0.00694	0.00739	0.01136
4	0.02352	0.01735	0.01886	0.01504	0.02027	0.01884	0.01219	0.38320	0.23054	0.08580	0.02110	0.02027	0.01528	0.00862	0.00700	0.00213	0.00682	0.00677	0.00703	0.07936
5	0.01633	0.01560	0.02657	0.25712	0.50203	0.01658	0.02121	0.02072	0.01560	0.02169	0.01317	0.01805	0.01073	0.00658	0.00707	0.00219	0.00878	0.00634	0.00341	0.01024
6	0.01021	0.00684	0.00781	0.00795	0.00798	0.00681	0.00451	0.01032	0.01063	0.01418	0.02387	0.10611	0.02769	0.68778	0.03393	0.00656	0.00667	0.01120	0.00451	0.00444
7	0.02102	0.01679	0.02102	0.10322	0.15763	0.01818	0.01483	0.32233	0.10020	0.03340	0.01722	0.01882	0.01295	0.00784	0.00688	0.00209	0.00749	0.00643	0.04672	0.06494

[dist]
# distance from previous block
# <min> <max>
0	1

[block]
# block no. 9 follows, 29 sequences, length 38
# corresponding to MSA columns:
# 242-279
name=unknown_J
#
# <colnr> <probs for GDERKNQSTAVLIFYWHMCP>
#	G	D	E	R	K	N	Q	S	T	A	V	L	I	F	Y	W	H	M	C	P
0	0.02596	0.01625	0.01823	0.01423	0.01968	0.03636	0.01159	0.28362	0.10728	0.26084	0.02147	0.02021	0.01484	0.00832	0.00689	0.00205	0.00679	0.00653	0.00723	0.11163
1	0.05181	0.63553	0.03382	0.01250	0.01826	0.05466	0.01199	0.02290	0.06849	0.01845	0.01146	0.01269	0.01008	0.00645	0.00485	0.00163	0.00758	0.00418	0.00346	0.00921
2	0.01345	0.01266	0.02136	0.73264	0.04904	0.01582	0.01978	0.01819	0.01424	0.01819	0.01266	0.01898	0.00949	0.00712	0.00712	0.00237	0.00949	0.00633	0.00316	0.00791
3	0.01017	0.00763	0.01144	0.01144	0.01272	0.00890	0.00890	0.01272	0.01144	0.01653	0.01907	0.02797	0.01780	0.05340	0.72153	0.01144	0.01907	0.00763	0.00381	0.00636
4	0.01557	0.01491	0.02168	0.16350	0.02512	0.01988	0.03519	0.04521	0.01286	0.01905	0.01105	0.01688	0.00989	0.01086	0.01822	0.00284	0.50807	0.00634	0.03488	0.00800
5	0.00937	0.00713	0.00807	0.00822	0.00971	0.00647	0.00584	0.01102	0.01517	0.01936	0.15012	0.11534	0.34279	0.19901	0.01545	0.00359	0.00462	0.05679	0.00623	0.00572
6	0.01376	0.00730	0.00755	0.00732	0.00915	0.00746	0.00556	0.04721	0.01562	0.02691	0.02274	0.02618	0.01795	0.01049	0.03969	0.00215	0.00429	0.00667	0.71512	0.00688
7	0.01702	0.01615	0.02736	0.04094	0.65012	0.01611	0.02065	0.02118	0.01653	0.02368	0.06809	0.02045	0.01572	0.00700	0.00716	0.00212	0.00805	0.00686	0.00387	0.01092
8	0.01484	0.12077	0.63380	0.01935	0.02935	0.01790	0.02466	0.02241	0.01497	0.02187	0.01244	0.01461	0.00903	0.00669	0.00651	0.00217	0.01018	0.00509	0.00301	0.01036
9	0.01948	0.65818	0.05999	0.01365	0.03900	0.05412	0.01299	0.02203	0.01493	0.03621	0.01065	0.01214	0.00943	0.00625	0.00486	0.00160	0.00791	0.00406	0.00324	0.00930
10	0.01243	0.00781	0.00914	0.00879	0.00968	0.00796	0.00574	0.04613	0.01279	0.04961	0.02300	0.07465	0.02413	0.48235	0.10106	0.00612	0.00765	0.00978	0.09556	0.00563
11	0.01821	0.46677	0.25506	0.01513	0.02252	0.05740	0.01680	0.02242	0.01509	0.03722	0.01137	0.01301	0.00933	0.00644	0.00544	0.00179	0.00877	0.00441	0.00322	0.00962
12	0.01033	0.00701	0.00832	0.00832	0.00851	0.00720	0.00500	0.01071	0.01052	0.01421	0.02193	0.04381	0.02468	0.64543	0.13891	0.00758	0.00873	0.00995	0.00424	0.00462
13	0.01057	0.00723	0.00955	0.01068	0.01172	0.00696	0.00781	0.01305	0.03905	0.04564	0.08288	0.49117	0.04456	0.04414	0.00994	0.00301	0.00477	0.14416	0.00671	0.00638
14	0.01237	0.00618	0.00928	0.00928	0.00928	0.00618	0.00618	0.00928	0.00928	0.01237	0.01237	0.02165	0.01237	0.02474	0.02783	0.79283	0.00618	0.00618	0.00309	0.00309
15	0.00961	0.00721	0.00891	0.00858	0.01038	0.00651	0.00640	0.01250	0.01891	0.02583	0.51966	0.08892	0.21890	0.01575	0.00843	0.00231	0.00345	0.01374	0.00749	0.00651
16	0.01345	0.01266	0.02136	0.73264	0.04904	0.01582	0.01978	0.01819	0.01424	0.01819	0.01266	0.01898	0.00949	0.00712	0.00712	0.00237	0.00949	0.00633	0.00316	0.00791
17	0.01810	0.01633	0.04839	0.01462	0.01899	0.01759	0.01191	0.08479	0.58721	0.03047	0.02713	0.02532	0.02030	0.00939	0.00713	0.00236	0.00594	0.00775	0.03515	0.01113
18	0.01795	0.01489	0.01581	0.01417	0.01820	0.01702	0.01104	0.03676	0.64284	0.05612	0.03043	0.02792	0.04499	0.00992	0.00728	0.00241	0.00558	0.00826	0.00729	0.01112
19	0.01866	0.69703	0.09100	0.01283	0.01927	0.02725	0.01331	0.02142	0.01451	0.01721	0.01013	0.01171	0.00913	0.00615	0.00474	0.00158	0.00785	0.00392	0.00304	0.00925
20	0.01026	0.00692	0.00774	0.00774	0.00786	0.00686	0.00437	0.01035	0.01065	0.01408	0.02492	0.04769	0.05965	0.71323	0.03485	0.00668	0.00674	0.01059	0.00443	0.00440
21	0.02707	0.01995	0.02137	0.01638	0.02208	0.02208	0.01353	0.68159	0.03348	0.04488	0.01710	0.01710	0.01211	0.00855	0.00712	0.00214	0.00784	0.00641	0.00712	0.01211
22	0.17469	0.03786	0.04243	0.08300	0.04684	0.11748	0.01237	0.15091	0.01960	0.09125	0.06213	0.01976	0.03454	0.00809	0.00638	0.00205	0.00758	0.00610	0.00528	0.07167
23	0.01242	0.00976	0.01246	0.01370	0.07231	0.00978	0.00961	0.06013	0.08977	0.02471	0.18989	0.17758	0.13967	0.01580	0.00847	0.00258	0.00510	0.13191	0.00672	0.00765
24	0.01729	0.01658	0.02830	0.09846	0.65317	0.01683	0.02169	0.02156	0.01606	0.02286	0.01334	0.01773	0.01114	0.00641	0.00705	0.00214	0.00854	0.00634	0.00350	0.01101
25	0.02750	0.01926	0.02095	0.01606	0.02174	0.02107	0.01327	0.62498	0.03233	0.10311	0.01806	0.01772	0.01259	0.00857	0.00713	0.00214	0.00768	0.00648	0.00727	0.01211
26	0.00868	0.00717	0.00755	0.00756	0.00972	0.00611	0.00559	0.01059	0.01640	0.02013	0.14387	0.09741	0.57698	0.03913	0.00926	0.00254	0.00370	0.01488	0.00669	0.00604
27	0.80005	0.01377	0.01047	0.00936	0.01377	0.01597	0.00771	0.02093	0.01212	0.03195	0.00991	0.01157	0.00771	0.00661	0.00441	0.00220	0.00551	0.00386	0.00441	0.00771
28	0.01500	0.01421	0.02512	0.01951	0.02360	0.01473	0.29562	0.02124	0.10334	0.02295	0.02114	0.05981	0.04340	0.01196	0.05529	0.00296	0.09120	0.00861	0.14175	0.00855
29	0.02657	0.01912	0.02069	0.01600	0.02149	0.02102	0.01316	0.63112	0.03222	0.06998	0.01835	0.04458	0.01363	0.00907	0.00720	0.00217	0.00763	0.00696	0.00717	0.01187
30	0.02029	0.01675	0.01720	0.01476	0.01911	0.04193	0.01166	0.20727	0.46383	0.03323	0.02496	0.02359	0.01860	0.00922	0.00708	0.00229	0.00635	0.00743	0.04327	0.01118
31	0.02477	0.01594	0.01759	0.01393	0.01876	0.01709	0.01136	0.40328	0.08347	0.15448	0.02102	0.02073	0.01491	0.00864	0.00677	0.00209	0.00658	0.00672	0.14076	0.01111
32	0.00990	0.00677	0.00785	0.00820	0.00841	0.00662	0.00486	0.01025	0.01135	0.01502	0.02854	0.19809	0.06422	0.55661	0.02901	0.00582	0.00614	0.01272	0.00492	0.00472
33	0.01286	0.00675	0.00717	0.00717	0.00873	0.00688	0.00536	0.01599	0.01442	0.02510	0.02278	0.02735	0.01846	0.03723	0.07975	0.00284	0.00506	0.00686	0.68272	0.00653
34	0.01165	0.00621	0.00895	0.00929	0.00945	0.00612	0.00622	0.00975	0.01044	0.01422	0.01841	0.17108	0.01980	0.02348	0.02291	0.59331	0.00563	0.00910	0.04018	0.00381
35	0.01428	0.03683	0.71286	0.02030	0.03082	0.01654	0.02631	0.02255	0.01503	0.02255	0.01278	0.01503	0.00902	0.00677	0.00677	0.00226	0.01052	0.00526	0.00301	0.01052
36	0.00956	0.00755	0.00840	0.00820	0.01015	0.00686	0.00598	0.01246	0.04796	0.02187	0.25147	0.07747	0.38883	0.09818	0.01147	0.00287	0.00401	0.01368	0.00675	0.00627
37	0.01715	0.12297	0.33521	0.02212	0.12922	0.08972	0.04403	0.02253	0.01589	0.04133	0.04449	0.01695	0.01242	0.00738	0.00755	0.00215	0.04967	0.00574	0.00358	0.00991

[dist]
# distance from previous block
# <min> <max>
3	6

[block]
# block no. 10 follows, 29 sequences, length 13
# corresponding to MSA columns:
# 286-298
name=unknown_K
#
# <colnr> <probs for GDERKNQSTAVLIFYWHMCP>
#	G	D	E	R	K	N	Q	S	T	A	V	L	I	F	Y	W	H	M	C	P
0	0.09327	0.07656	0.01736	0.01275	0.01738	0.01485	0.01062	0.16334	0.07927	0.25416	0.08091	0.02927	0.05076	0.01010	0.00705	0.00224	0.00619	0.05657	0.00709	0.01026
1	0.02005	0.01386	0.01580	0.01339	0.01716	0.01446	0.01046	0.34595	0.02410	0.08871	0.02592	0.28543	0.02535	0.01346	0.00775	0.00236	0.00619	0.01145	0.00692	0.05124
2	0.08315	0.66048	0.06579	0.01232	0.01847	0.02664	0.01246	0.02135	0.01430	0.01827	0.01003	0.01160	0.00902	0.00617	0.00466	0.00161	0.00757	0.00388	0.00316	0.00908
3	0.01244	0.00814	0.00992	0.00964	0.01171	0.00754	0.00727	0.04189	0.01736	0.09171	0.19729	0.17891	0.22394	0.07433	0.01068	0.00286	0.00461	0.07588	0.00695	0.00692
4	0.01155	0.00798	0.00928	0.00910	0.00975	0.00819	0.00579	0.06952	0.01298	0.01741	0.02444	0.15455	0.02755	0.52371	0.07305	0.00613	0.00732	0.01142	0.00490	0.00537
5	0.02332	0.01921	0.04599	0.04109	0.07289	0.05090	0.01413	0.36673	0.19440	0.06744	0.01973	0.01963	0.01438	0.00851	0.00711	0.00221	0.00763	0.00672	0.00653	0.01147
6	0.07501	0.01472	0.01631	0.01344	0.01759	0.01617	0.03506	0.29494	0.14224	0.03397	0.02237	0.02329	0.04586	0.01174	0.05203	0.00271	0.00708	0.00710	0.15851	0.00986
7	0.00957	0.00663	0.00794	0.00861	0.00891	0.00640	0.00531	0.01017	0.01200	0.01587	0.03190	0.33179	0.07027	0.41527	0.02373	0.00503	0.00560	0.01462	0.00537	0.00500
8	0.01550	0.01309	0.01516	0.01090	0.01719	0.01024	0.00874	0.05756	0.01588	0.02450	0.01292	0.01490	0.01064	0.00547	0.00538	0.00112	0.00543	0.00435	0.00439	0.74663
9	0.01250	0.00825	0.01009	0.03283	0.01203	0.00886	0.00724	0.06833	0.01424	0.02124	0.02214	0.08177	0.02123	0.20160	0.21805	0.00588	0.00932	0.00876	0.22923	0.00643
10	0.01067	0.00736	0.01009	0.01009	0.01120	0.00822	0.00752	0.01289	0.01178	0.01756	0.02028	0.03097	0.01926	0.16682	0.49581	0.00919	0.01461	0.00795	0.12168	0.00605
11	0.01795	0.01837	0.02266	0.27728	0.25105	0.15567	0.01794	0.06322	0.01741	0.02144	0.01663	0.02035	0.05418	0.00770	0.00704	0.00217	0.00934	0.00655	0.00385	0.00921
