[name]
unknown

[dist]
# distance from previous block
# <min> <max>
0	63

[block]
# block no. 0 follows, 30 sequences, length 14
# corresponding to MSA columns:
# 70-83
name=unknown_A
#
# <colnr> <probs for GDERKNQSTAVLIFYWHMCP>
#	G	D	E	R	K	N	Q	S	T	A	V	L	I	F	Y	W	H	M	C	P
0	0.01533	0.01295	0.01527	0.04460	0.01839	0.01053	0.00917	0.06886	0.01585	0.02414	0.01274	0.01484	0.01041	0.00550	0.00539	0.00117	0.00555	0.00439	0.00430	0.70062
1	0.01320	0.01030	0.01081	0.01088	0.03636	0.07867	0.00761	0.01534	0.01688	0.08697	0.23256	0.15770	0.19897	0.07977	0.01038	0.00269	0.00513	0.01248	0.00644	0.00688
2	0.00889	0.00658	0.00807	0.00872	0.00978	0.00601	0.00601	0.01054	0.01494	0.01973	0.18225	0.38291	0.19787	0.09093	0.01122	0.00298	0.00404	0.01625	0.00651	0.00577
3	0.00997	0.00748	0.01121	0.01121	0.01246	0.00872	0.00872	0.01246	0.01121	0.01620	0.01869	0.02741	0.01745	0.05234	0.72710	0.01121	0.01869	0.00748	0.00374	0.00623
4	0.10464	0.01203	0.01563	0.01211	0.01740	0.01077	0.01000	0.03273	0.01920	0.65108	0.02584	0.02257	0.01635	0.00843	0.00676	0.00216	0.00589	0.00671	0.00823	0.01147
5	0.02399	0.01706	0.01861	0.01498	0.01999	0.01880	0.01214	0.38699	0.25766	0.12079	0.02203	0.02076	0.01573	0.00878	0.00703	0.00219	0.00673	0.00692	0.00722	0.01159
6	0.00874	0.00626	0.00817	0.00940	0.00998	0.00584	0.00632	0.01013	0.01395	0.01870	0.11151	0.60894	0.06983	0.06428	0.01039	0.00298	0.00411	0.01830	0.00648	0.00569
7	0.00861	0.00637	0.00804	0.00913	0.01003	0.00581	0.00627	0.01015	0.01452	0.01911	0.11727	0.54934	0.16929	0.02027	0.00871	0.00268	0.00387	0.01812	0.00661	0.00581
8	0.01634	0.01844	0.03902	0.02820	0.03449	0.01805	0.61280	0.02175	0.01584	0.02175	0.01358	0.01844	0.01043	0.00657	0.00983	0.00243	0.09134	0.00800	0.00348	0.00922
9	0.02054	0.04914	0.01685	0.01370	0.01806	0.01625	0.01091	0.03564	0.51480	0.18219	0.02733	0.02483	0.01982	0.00912	0.00696	0.00228	0.00571	0.00750	0.00725	0.01113
10	0.01486	0.00779	0.00808	0.00753	0.00963	0.00790	0.00578	0.07232	0.01635	0.05517	0.02246	0.02516	0.01737	0.00817	0.00514	0.00169	0.00372	0.00651	0.69721	0.00716
11	0.01755	0.01406	0.01498	0.04109	0.01814	0.03989	0.01059	0.03185	0.48235	0.09245	0.06722	0.03039	0.08834	0.01026	0.00723	0.00232	0.00565	0.00853	0.00694	0.01016
12	0.01858	0.01654	0.02471	0.14321	0.45551	0.06440	0.01889	0.02343	0.05666	0.08781	0.01513	0.01829	0.01184	0.00682	0.00690	0.00212	0.00835	0.00627	0.00412	0.01042
13	0.02039	0.01143	0.01399	0.01160	0.01533	0.01126	0.00925	0.13142	0.08802	0.25519	0.28690	0.03381	0.03547	0.01082	0.00742	0.00217	0.00508	0.00912	0.03173	0.00960

[dist]
# distance from previous block
# <min> <max>
0	1

[block]
# block no. 1 follows, 30 sequences, length 36
# corresponding to MSA columns:
# 85-120
name=unknown_B
#
# <colnr> <probs for GDERKNQSTAVLIFYWHMCP>
#	G	D	E	R	K	N	Q	S	T	A	V	L	I	F	Y	W	H	M	C	P
0	0.01382	0.03501	0.01937	0.03689	0.01863	0.01383	0.13120	0.07060	0.01558	0.02160	0.13513	0.13045	0.02688	0.12339	0.01535	0.00316	0.16673	0.01008	0.00490	0.00738
1	0.02536	0.01797	0.01965	0.01526	0.02031	0.01987	0.01257	0.57202	0.02979	0.08135	0.01749	0.01776	0.01250	0.00854	0.00753	0.00211	0.03928	0.00633	0.06301	0.01130
2	0.01000	0.00670	0.00765	0.00780	0.00783	0.00667	0.00442	0.01011	0.01043	0.01391	0.02343	0.10726	0.02719	0.69068	0.03319	0.00642	0.00653	0.01100	0.00442	0.00435
3	0.07426	0.07158	0.01744	0.01457	0.03703	0.20538	0.01110	0.09985	0.12855	0.02413	0.05382	0.08379	0.07376	0.01010	0.00740	0.00212	0.03908	0.00775	0.00522	0.03308
4	0.01704	0.01670	0.02284	0.03755	0.02172	0.08360	0.11610	0.03973	0.01394	0.04946	0.01256	0.03906	0.01124	0.01118	0.03347	0.00280	0.39681	0.00665	0.00374	0.06382
5	0.80405	0.01350	0.01026	0.00918	0.01350	0.01565	0.00756	0.02051	0.01188	0.03131	0.00972	0.01134	0.00756	0.00648	0.00432	0.00216	0.00540	0.00378	0.00432	0.00756
6	0.01029	0.00775	0.00946	0.01024	0.01146	0.00781	0.00720	0.01497	0.13307	0.02093	0.09380	0.52377	0.06137	0.01853	0.00839	0.00265	0.00420	0.01660	0.03080	0.00671
7	0.01657	0.01772	0.03649	0.02651	0.03284	0.01688	0.56840	0.07600	0.01753	0.02372	0.01656	0.08550	0.01394	0.00755	0.00819	0.00238	0.01072	0.00914	0.00408	0.00927
8	0.00912	0.00671	0.00762	0.00799	0.00892	0.00621	0.00522	0.01012	0.01317	0.01686	0.06872	0.22432	0.25245	0.30934	0.01917	0.00421	0.00492	0.01408	0.00564	0.00521
9	0.01527	0.01527	0.02137	0.01832	0.01832	0.02137	0.01527	0.01679	0.01069	0.01679	0.00916	0.01527	0.00916	0.01221	0.02290	0.00305	0.74198	0.00611	0.00305	0.00763
10	0.05142	0.01357	0.01656	0.01293	0.01806	0.01323	0.01062	0.18409	0.05886	0.46559	0.02429	0.02201	0.01598	0.00853	0.00682	0.00213	0.00616	0.00677	0.05096	0.01141
11	0.01461	0.01431	0.02036	0.06835	0.01985	0.01974	0.01493	0.01645	0.01097	0.01681	0.01031	0.01667	0.00997	0.01572	0.08971	0.00379	0.62058	0.00625	0.00312	0.00751
12	0.00960	0.00705	0.00899	0.00865	0.01029	0.00644	0.00643	0.01258	0.01888	0.02626	0.58982	0.10075	0.13794	0.01517	0.00828	0.00226	0.00337	0.01335	0.00746	0.00644
13	0.00881	0.00700	0.00791	0.00788	0.00982	0.00610	0.00583	0.01103	0.01694	0.02177	0.27820	0.12462	0.43552	0.01693	0.00830	0.00235	0.00350	0.01450	0.00688	0.00610
14	0.01727	0.01658	0.02832	0.04283	0.71123	0.01658	0.02142	0.02142	0.01589	0.02280	0.01313	0.01727	0.01105	0.00622	0.00691	0.00207	0.00829	0.00622	0.00345	0.01105
15	0.02418	0.01821	0.01952	0.01548	0.02057	0.02026	0.01260	0.54418	0.15299	0.04031	0.01969	0.04610	0.01487	0.00908	0.00708	0.00217	0.00715	0.00709	0.00698	0.01148
16	0.80405	0.01350	0.01026	0.00918	0.01350	0.01565	0.00756	0.02051	0.01188	0.03131	0.00972	0.01134	0.00756	0.00648	0.00432	0.00216	0.00540	0.00378	0.00432	0.00756
17	0.00848	0.00614	0.00803	0.00954	0.01007	0.00568	0.00640	0.00974	0.01353	0.01788	0.04065	0.70390	0.09105	0.02158	0.00886	0.00280	0.00401	0.01949	0.00648	0.00568
18	0.01372	0.10247	0.46015	0.01734	0.02481	0.01612	0.03605	0.01955	0.01434	0.02047	0.01852	0.08548	0.06223	0.00918	0.00811	0.00228	0.06924	0.00719	0.00355	0.00919
19	0.02151	0.01636	0.01638	0.01419	0.01835	0.09534	0.01116	0.08761	0.39265	0.16605	0.02535	0.02536	0.01899	0.03033	0.00786	0.00239	0.00664	0.02595	0.00690	0.01062
20	0.01919	0.70719	0.03537	0.01237	0.01817	0.07748	0.01205	0.02139	0.01458	0.01647	0.00978	0.01129	0.00896	0.00606	0.00461	0.00151	0.00783	0.00379	0.00303	0.00889
21	0.06994	0.01299	0.01979	0.59086	0.04182	0.01557	0.01743	0.06581	0.01518	0.02094	0.01252	0.01771	0.00943	0.00693	0.00668	0.00222	0.00866	0.00591	0.00353	0.05608
22	0.01083	0.00814	0.00859	0.00861	0.00894	0.04379	0.00526	0.01123	0.01097	0.01426	0.02230	0.09261	0.02531	0.60177	0.09351	0.00663	0.00793	0.01031	0.00431	0.00471
23	0.00965	0.00703	0.00908	0.00876	0.01034	0.00646	0.00650	0.01266	0.01893	0.02650	0.60764	0.11685	0.10314	0.01517	0.00829	0.00226	0.00338	0.01341	0.00750	0.00646
24	0.73342	0.01335	0.01080	0.00947	0.01389	0.01516	0.00780	0.02175	0.01262	0.09390	0.01134	0.01247	0.00845	0.00668	0.00457	0.00216	0.00545	0.00407	0.00471	0.00795
25	0.02607	0.03326	0.01978	0.01798	0.02157	0.72674	0.01348	0.02787	0.01978	0.01708	0.01079	0.01258	0.00899	0.00719	0.00629	0.00180	0.01258	0.00449	0.00360	0.00809
26	0.02653	0.01955	0.02094	0.01606	0.02164	0.02164	0.01326	0.68796	0.03281	0.04398	0.01675	0.01675	0.01187	0.00838	0.00698	0.00209	0.00768	0.00628	0.00698	0.01187
27	0.00850	0.00607	0.00810	0.00972	0.01012	0.00567	0.00648	0.00972	0.01336	0.01781	0.03846	0.75020	0.04615	0.02186	0.00891	0.00283	0.00405	0.01984	0.00648	0.00567
28	0.00848	0.00614	0.00802	0.00953	0.01007	0.00568	0.00639	0.00974	0.01354	0.01789	0.04073	0.70207	0.09282	0.02157	0.00886	0.00280	0.00401	0.01948	0.00648	0.00568
29	0.02642	0.01622	0.01846	0.01453	0.01976	0.01716	0.01188	0.35700	0.14921	0.26029	0.02237	0.02072	0.01534	0.00866	0.00701	0.00216	0.00672	0.00681	0.00754	0.01172
30	0.00911	0.00665	0.00854	0.00990	0.01050	0.00643	0.00666	0.01140	0.05491	0.01832	0.03713	0.67542	0.04374	0.05307	0.00996	0.00298	0.00426	0.01869	0.00642	0.00593
31	0.00997	0.00748	0.01121	0.01121	0.01246	0.00872	0.00872	0.01246	0.01121	0.01620	0.01869	0.02741	0.01745	0.05234	0.72710	0.01121	0.01869	0.00748	0.00374	0.00623
32	0.01003	0.00678	0.00758	0.00758	0.00772	0.00671	0.00429	0.01014	0.01050	0.01385	0.02495	0.04697	0.06693	0.70991	0.03386	0.00650	0.00657	0.01043	0.00437	0.00433
33	0.01727	0.01658	0.02832	0.04283	0.71123	0.01658	0.02142	0.02142	0.01589	0.02280	0.01313	0.01727	0.01105	0.00622	0.00691	0.00207	0.00829	0.00622	0.00345	0.01105
34	0.00977	0.00702	0.00900	0.01016	0.01093	0.00679	0.00696	0.05751	0.01473	0.01966	0.03693	0.69852	0.04374	0.02091	0.00877	0.00278	0.00430	0.01888	0.00651	0.00610
35	0.58996	0.01506	0.01243	0.01069	0.01508	0.04671	0.00872	0.13779	0.01622	0.03247	0.03004	0.01505	0.03122	0.00738	0.00509	0.00214	0.00600	0.00480	0.00490	0.00826

[dist]
# distance from previous block
# <min> <max>
0	2

[block]
# block no. 2 follows, 30 sequences, length 31
# corresponding to MSA columns:
# 123-153
name=unknown_C
#
# <colnr> <probs for GDERKNQSTAVLIFYWHMCP>
#	G	D	E	R	K	N	Q	S	T	A	V	L	I	F	Y	W	H	M	C	P
0	0.07361	0.01469	0.01662	0.05376	0.01968	0.01434	0.01061	0.20520	0.05615	0.02913	0.01419	0.01577	0.01106	0.00670	0.00636	0.00162	0.02879	0.00509	0.00501	0.41162
1	0.05148	0.32646	0.02728	0.01767	0.09420	0.17992	0.01361	0.02277	0.05430	0.01866	0.01131	0.01367	0.00988	0.00747	0.00819	0.00195	0.12409	0.00479	0.00347	0.00885
2	0.01019	0.00693	0.00841	0.00902	0.00958	0.00682	0.00617	0.01128	0.01233	0.01654	0.02943	0.16575	0.05285	0.42117	0.02341	0.00500	0.00600	0.15341	0.04064	0.00509
3	0.04137	0.06504	0.01703	0.12634	0.05831	0.03495	0.01149	0.14701	0.05815	0.06896	0.02588	0.12885	0.09769	0.05934	0.00894	0.00251	0.00668	0.00919	0.00546	0.02679
4	0.01549	0.09637	0.41950	0.01980	0.02747	0.06752	0.11638	0.02143	0.01488	0.02062	0.01326	0.04798	0.01082	0.00766	0.00811	0.00223	0.07161	0.00616	0.00325	0.00947
5	0.02020	0.01482	0.01621	0.01405	0.01834	0.01654	0.01108	0.08250	0.54487	0.13832	0.02744	0.02502	0.02000	0.00926	0.00708	0.00231	0.00574	0.00764	0.00733	0.01123
6	0.01389	0.01324	0.02237	0.60441	0.07459	0.01584	0.06744	0.01968	0.06251	0.01918	0.01369	0.01909	0.01032	0.00704	0.00707	0.00232	0.00917	0.00647	0.00343	0.00825
7	0.01447	0.01376	0.02311	0.51027	0.18324	0.01596	0.05179	0.02009	0.06056	0.01985	0.01371	0.01884	0.01054	0.00693	0.00703	0.00228	0.00896	0.00642	0.00346	0.00874
8	0.01037	0.00699	0.00897	0.00891	0.01010	0.00654	0.00626	0.01256	0.01654	0.04722	0.40549	0.20903	0.05223	0.15152	0.01334	0.00318	0.00419	0.01361	0.00681	0.00613
9	0.01015	0.00677	0.00761	0.00761	0.00761	0.00677	0.00423	0.01015	0.01015	0.01353	0.02199	0.04567	0.02537	0.75476	0.03552	0.00677	0.00677	0.01015	0.00423	0.00423
10	0.01928	0.65220	0.06099	0.01290	0.01878	0.10322	0.01264	0.02170	0.01481	0.01671	0.00993	0.01148	0.00895	0.00613	0.00476	0.00155	0.00813	0.00387	0.00305	0.00891
11	0.62638	0.01630	0.08397	0.01101	0.01609	0.01606	0.01003	0.08125	0.01433	0.05520	0.01125	0.01260	0.00841	0.00674	0.00489	0.00216	0.00613	0.00426	0.00457	0.00838
12	0.00963	0.00717	0.00991	0.04044	0.01306	0.00726	0.00853	0.01150	0.01396	0.01854	0.03590	0.52496	0.04175	0.02024	0.00955	0.00292	0.03308	0.17939	0.00620	0.00602
13	0.01285	0.00904	0.01059	0.00975	0.01135	0.00940	0.00692	0.11803	0.01533	0.02129	0.06721	0.07720	0.04648	0.32576	0.14536	0.00562	0.00823	0.00950	0.06066	0.02942
14	0.01054	0.00734	0.00951	0.00931	0.01071	0.00726	0.00689	0.01277	0.01507	0.04214	0.26583	0.04763	0.11172	0.18023	0.18093	0.00534	0.00793	0.05691	0.00585	0.00608
15	0.01700	0.01631	0.02784	0.08808	0.66806	0.01651	0.02128	0.02118	0.01576	0.02247	0.01308	0.01736	0.01094	0.00627	0.00691	0.00209	0.00836	0.00622	0.00343	0.01084
16	0.01866	0.75896	0.03657	0.01194	0.01791	0.02761	0.01194	0.02090	0.01418	0.01642	0.00970	0.01119	0.00896	0.00597	0.00448	0.00149	0.00746	0.00373	0.00299	0.00896
17	0.01337	0.00791	0.01045	0.00937	0.01163	0.00718	0.00718	0.01657	0.01979	0.14021	0.59663	0.04750	0.05792	0.01335	0.00803	0.00219	0.00372	0.01171	0.00784	0.00745
18	0.00874	0.00709	0.00776	0.00759	0.00973	0.00610	0.00569	0.01097	0.01708	0.02163	0.26451	0.06258	0.51284	0.01664	0.00824	0.00231	0.00346	0.01409	0.00685	0.00610
19	0.02730	0.01770	0.01973	0.01519	0.02068	0.01899	0.01253	0.52264	0.05101	0.19228	0.01951	0.01860	0.01336	0.00847	0.00699	0.00212	0.00723	0.00650	0.00735	0.01184
20	0.01212	0.00606	0.00909	0.00909	0.00909	0.00606	0.00606	0.00909	0.00909	0.01212	0.01212	0.02121	0.01212	0.02424	0.02727	0.79697	0.00606	0.00606	0.00303	0.00303
21	0.01965	0.01568	0.01674	0.01446	0.01877	0.01782	0.01141	0.15549	0.54682	0.06278	0.02624	0.02424	0.01940	0.00923	0.00708	0.00231	0.00593	0.00756	0.00715	0.01123
22	0.02653	0.01955	0.02094	0.01606	0.02164	0.02164	0.01326	0.68796	0.03281	0.04398	0.01675	0.01675	0.01187	0.00838	0.00698	0.00209	0.00768	0.00628	0.00698	0.01187
23	0.01073	0.00777	0.01059	0.01205	0.01361	0.00763	0.01028	0.01363	0.01581	0.02042	0.04012	0.13815	0.10086	0.01937	0.00945	0.00310	0.00595	0.54775	0.00644	0.00631
24	0.00881	0.00723	0.00786	0.00809	0.01029	0.00627	0.00633	0.01089	0.01611	0.01961	0.09513	0.06834	0.56920	0.01777	0.00847	0.00249	0.00399	0.12057	0.00653	0.00601
25	0.02361	0.01810	0.01930	0.01547	0.02053	0.02028	0.01256	0.48118	0.24433	0.03928	0.02045	0.01970	0.01486	0.00872	0.00702	0.00218	0.00699	0.00679	0.00702	0.01161
26	0.80405	0.01350	0.01026	0.00918	0.01350	0.01565	0.00756	0.02051	0.01188	0.03131	0.00972	0.01134	0.00756	0.00648	0.00432	0.00216	0.00540	0.00378	0.00432	0.00756
27	0.00998	0.00745	0.01105	0.01105	0.01225	0.00864	0.00852	0.01236	0.01117	0.01608	0.01884	0.02823	0.01780	0.08357	0.69635	0.01102	0.01816	0.00760	0.00376	0.00614
28	0.01010	0.00782	0.00928	0.00879	0.01084	0.00736	0.00663	0.01445	0.07983	0.02557	0.47029	0.05393	0.23950	0.01478	0.00813	0.00225	0.00356	0.01278	0.00730	0.00679
29	0.06532	0.01434	0.02215	0.41142	0.24664	0.03268	0.01852	0.02058	0.04257	0.04063	0.01350	0.01804	0.01044	0.00687	0.00678	0.00222	0.00857	0.00611	0.00362	0.00901
30	0.09786	0.01202	0.04492	0.01293	0.06141	0.01086	0.00984	0.08987	0.01905	0.17726	0.21242	0.06036	0.13978	0.01155	0.00730	0.00221	0.00526	0.00965	0.00674	0.00872

[dist]
# distance from previous block
# <min> <max>
0	1

[block]
# block no. 3 follows, 30 sequences, length 86
# corresponding to MSA columns:
# 155-240
name=unknown_D
#
# <colnr> <probs for GDERKNQSTAVLIFYWHMCP>
#	G	D	E	R	K	N	Q	S	T	A	V	L	I	F	Y	W	H	M	C	P
0	0.01594	0.04837	0.12739	0.05134	0.43318	0.01617	0.09762	0.02055	0.01547	0.02186	0.01508	0.07710	0.01344	0.00753	0.00709	0.00217	0.00863	0.00732	0.00361	0.01015
1	0.01668	0.01308	0.01579	0.01192	0.01698	0.01187	0.00966	0.06466	0.01562	0.07736	0.01374	0.01582	0.01105	0.00676	0.00797	0.00150	0.11110	0.00486	0.02915	0.54442
2	0.09021	0.01767	0.15105	0.14794	0.12166	0.04831	0.01574	0.02112	0.07381	0.05342	0.11584	0.05543	0.02126	0.00910	0.00697	0.00225	0.00750	0.02711	0.00474	0.00887
3	0.01780	0.06614	0.04146	0.02053	0.15235	0.16412	0.04370	0.05603	0.04657	0.02202	0.05138	0.02473	0.04602	0.00932	0.00879	0.00219	0.09831	0.05108	0.06877	0.00870
4	0.02842	0.01651	0.01906	0.01462	0.02013	0.01714	0.01207	0.42919	0.02773	0.30992	0.02102	0.01952	0.01401	0.00848	0.00700	0.00212	0.00699	0.00657	0.00764	0.01187
5	0.00854	0.00622	0.00804	0.00940	0.01006	0.00573	0.00636	0.00990	0.01390	0.01836	0.07085	0.64901	0.11573	0.02110	0.00881	0.00276	0.00396	0.01899	0.00653	0.00573
6	0.04906	0.15699	0.35100	0.07740	0.09777	0.01821	0.01964	0.07585	0.01605	0.02317	0.01276	0.01521	0.00972	0.00670	0.00616	0.00204	0.00878	0.00519	0.03851	0.00979
7	0.00925	0.00662	0.00890	0.01014	0.01091	0.00635	0.00732	0.01106	0.01436	0.01931	0.11544	0.49787	0.04544	0.04622	0.04324	0.00334	0.00513	0.12679	0.00641	0.00588
8	0.01011	0.00690	0.00829	0.00829	0.00852	0.00713	0.00507	0.01058	0.01035	0.01403	0.02137	0.04224	0.02388	0.62291	0.16533	0.00760	0.00900	0.00965	0.00414	0.00460
9	0.10886	0.00969	0.01158	0.01263	0.06716	0.03732	0.00841	0.04358	0.01367	0.02030	0.07644	0.16279	0.02359	0.01814	0.03861	0.26902	0.00620	0.02919	0.03688	0.00597
10	0.04519	0.12543	0.38571	0.04825	0.07208	0.01767	0.13240	0.02227	0.01513	0.05389	0.01304	0.01555	0.00965	0.00649	0.00657	0.00213	0.00963	0.00562	0.00340	0.00990
11	0.01124	0.00803	0.01124	0.01285	0.01446	0.00803	0.01124	0.01446	0.01606	0.02088	0.03695	0.07871	0.04016	0.01928	0.00964	0.00321	0.00643	0.66426	0.00643	0.00643
12	0.00958	0.00700	0.00885	0.00948	0.01061	0.00658	0.00668	0.03836	0.01608	0.02167	0.21766	0.47275	0.11075	0.01892	0.00859	0.00259	0.00395	0.01690	0.00682	0.00618
13	0.24937	0.14479	0.04746	0.10642	0.04501	0.01772	0.01225	0.11041	0.05316	0.10423	0.01516	0.03995	0.01187	0.00761	0.00582	0.00209	0.00688	0.00567	0.00490	0.00923
14	0.01126	0.00854	0.03579	0.00956	0.01086	0.00765	0.00683	0.03135	0.03469	0.05022	0.05300	0.28216	0.07599	0.30641	0.04049	0.00448	0.00596	0.01322	0.00556	0.00597
15	0.67743	0.07201	0.01267	0.00949	0.01409	0.01607	0.00796	0.02030	0.01227	0.02943	0.00994	0.01158	0.00790	0.00633	0.00440	0.00201	0.00554	0.00380	0.00420	0.07257
16	0.00909	0.00684	0.00822	0.00840	0.00980	0.00623	0.00597	0.01107	0.01587	0.02102	0.26862	0.21500	0.25312	0.09713	0.02922	0.00310	0.00429	0.01452	0.00657	0.00590
17	0.01450	0.09977	0.51949	0.04900	0.02968	0.01708	0.09689	0.02141	0.01469	0.02116	0.01270	0.01558	0.00945	0.00853	0.03861	0.00256	0.01054	0.00551	0.00306	0.00980
18	0.01579	0.01236	0.01460	0.01050	0.01664	0.00938	0.00842	0.01885	0.01490	0.07689	0.01358	0.01520	0.01088	0.00544	0.00531	0.00112	0.00523	0.00436	0.00449	0.73607
19	0.02607	0.03326	0.01978	0.01798	0.02157	0.72674	0.01348	0.02787	0.01978	0.01708	0.01079	0.01258	0.00899	0.00719	0.00629	0.00180	0.01258	0.00449	0.00360	0.00809
20	0.28607	0.06629	0.03790	0.01224	0.03663	0.01354	0.01012	0.02729	0.01642	0.37479	0.01929	0.01832	0.01302	0.00758	0.00586	0.00209	0.00599	0.00561	0.03095	0.00999
21	0.01014	0.00682	0.00787	0.00787	0.00795	0.00690	0.00455	0.01031	0.01022	0.01372	0.02175	0.04438	0.02481	0.70510	0.08441	0.00708	0.00761	0.00996	0.00419	0.00437
22	0.01736	0.01499	0.01578	0.01420	0.01815	0.01736	0.01105	0.03708	0.69862	0.02919	0.02840	0.02604	0.02130	0.00947	0.00710	0.00237	0.00552	0.00789	0.00710	0.01105
23	0.00854	0.00620	0.00807	0.00947	0.01008	0.00573	0.00639	0.00989	0.01384	0.01834	0.07001	0.66694	0.09835	0.02121	0.00883	0.00277	0.00398	0.01913	0.00653	0.00573
24	0.02653	0.01955	0.02094	0.01606	0.02164	0.02164	0.01326	0.68796	0.03281	0.04398	0.01675	0.01675	0.01187	0.00838	0.00698	0.00209	0.00768	0.00628	0.00698	0.01187
25	0.05164	0.01483	0.01769	0.01372	0.01907	0.01487	0.01129	0.26654	0.06255	0.41792	0.02322	0.02102	0.01529	0.00853	0.00693	0.00215	0.00652	0.00671	0.00783	0.01170
26	0.04999	0.00830	0.01041	0.00960	0.01191	0.00782	0.00735	0.01689	0.04110	0.12550	0.45345	0.10597	0.08111	0.01386	0.00793	0.00228	0.00399	0.02766	0.00746	0.00742
27	0.00862	0.00700	0.00764	0.00766	0.00970	0.00602	0.00568	0.01067	0.01651	0.02072	0.20451	0.12202	0.51430	0.01730	0.00830	0.00236	0.00353	0.01471	0.00674	0.00602
28	0.01727	0.01658	0.02832	0.04283	0.71123	0.01658	0.02142	0.02142	0.01589	0.02280	0.01313	0.01727	0.01105	0.00622	0.00691	0.00207	0.00829	0.00622	0.00345	0.01105
29	0.03035	0.01166	0.01589	0.01225	0.01748	0.01009	0.01009	0.03308	0.01996	0.68530	0.05793	0.02502	0.01945	0.00889	0.00707	0.00216	0.00582	0.00727	0.00859	0.01164
30	0.01416	0.00761	0.00773	0.00732	0.00928	0.00779	0.00559	0.07338	0.01618	0.02754	0.02225	0.02523	0.01737	0.00815	0.00506	0.00167	0.00363	0.00649	0.72661	0.00696
31	0.02575	0.01903	0.02039	0.01575	0.02112	0.02107	0.01293	0.64695	0.05394	0.04261	0.01729	0.01790	0.01257	0.03011	0.00781	0.00224	0.00758	0.00645	0.00690	0.01162
32	0.03944	0.11820	0.46669	0.01973	0.02839	0.01738	0.13569	0.02155	0.01510	0.02201	0.04344	0.01657	0.01166	0.00676	0.00664	0.00215	0.00975	0.00580	0.00331	0.00974
33	0.00877	0.00676	0.00806	0.00901	0.01020	0.00620	0.00626	0.01090	0.04123	0.01861	0.04887	0.49259	0.26725	0.01997	0.00861	0.00266	0.00393	0.01765	0.00650	0.00595
34	0.67065	0.01420	0.01147	0.04007	0.01554	0.04550	0.00836	0.02046	0.01252	0.02941	0.01010	0.01196	0.00793	0.00642	0.00459	0.00206	0.00585	0.00394	0.00422	0.07476
35	0.01663	0.21794	0.18923	0.07316	0.13101	0.09827	0.01662	0.02111	0.03727	0.01922	0.01438	0.01830	0.02755	0.05754	0.03191	0.00257	0.00915	0.00567	0.00345	0.00901
36	0.00891	0.00643	0.00843	0.00933	0.01018	0.00595	0.00646	0.01077	0.01539	0.02092	0.24158	0.51176	0.07914	0.01940	0.00868	0.00262	0.00380	0.01745	0.00684	0.00595
37	0.01678	0.01683	0.02186	0.25800	0.20611	0.12658	0.04463	0.04959	0.03753	0.02124	0.03432	0.05269	0.01449	0.00810	0.00704	0.00217	0.00881	0.02831	0.00401	0.04092
38	0.00885	0.00662	0.00925	0.01024	0.01096	0.00617	0.03142	0.01021	0.01345	0.01785	0.03825	0.66460	0.07227	0.05168	0.00996	0.00296	0.00442	0.01879	0.00628	0.00576
39	0.80405	0.01350	0.01026	0.00918	0.01350	0.01565	0.00756	0.02051	0.01188	0.03131	0.00972	0.01134	0.00756	0.00648	0.00432	0.00216	0.00540	0.00378	0.00432	0.00756
40	0.01486	0.01301	0.02118	0.34125	0.26417	0.01445	0.01739	0.04679	0.01492	0.02037	0.01412	0.04375	0.01191	0.00914	0.00906	0.08529	0.00813	0.00668	0.03511	0.00843
41	0.14804	0.00865	0.00843	0.00794	0.01040	0.00908	0.00614	0.01913	0.06940	0.05766	0.04794	0.02563	0.03886	0.00849	0.00528	0.00184	0.00393	0.00665	0.50925	0.00727
42	0.00986	0.00659	0.00769	0.00807	0.00823	0.00649	0.00479	0.01027	0.01108	0.01501	0.02595	0.21306	0.03005	0.55229	0.02804	0.00564	0.00599	0.01233	0.03391	0.00466
43	0.01527	0.01527	0.02137	0.01832	0.01832	0.02137	0.01527	0.01679	0.01069	0.01679	0.00916	0.01527	0.00916	0.01221	0.02290	0.00305	0.74198	0.00611	0.00305	0.00763
44	0.59682	0.01283	0.01101	0.00957	0.01378	0.01431	0.00783	0.05016	0.01401	0.11141	0.01348	0.01457	0.00997	0.00699	0.00481	0.00210	0.00533	0.00455	0.08833	0.00814
45	0.00967	0.00715	0.00910	0.00905	0.01071	0.00657	0.00691	0.01256	0.01824	0.02494	0.47770	0.10858	0.16512	0.01595	0.00845	0.00239	0.00375	0.08953	0.00725	0.00639
46	0.00975	0.00713	0.00915	0.00865	0.01035	0.00653	0.00649	0.01292	0.01946	0.02728	0.65824	0.05329	0.11559	0.01453	0.00823	0.00221	0.00331	0.01278	0.00759	0.00653
47	0.01144	0.00782	0.00920	0.00895	0.01102	0.00718	0.00672	0.01431	0.04683	0.08014	0.19509	0.10923	0.30051	0.09430	0.01114	0.00288	0.00439	0.06554	0.00671	0.00663
48	0.04036	0.01390	0.01838	0.24326	0.10586	0.01567	0.01428	0.12216	0.18139	0.04594	0.02251	0.02502	0.07078	0.04056	0.00824	0.00245	0.00724	0.00744	0.00520	0.00934
49	0.04998	0.01204	0.01892	0.55633	0.03933	0.01501	0.01689	0.01744	0.01359	0.01897	0.01372	0.04553	0.01121	0.00807	0.00823	0.00235	0.07577	0.00661	0.06244	0.00756
50	0.80405	0.01350	0.01026	0.00918	0.01350	0.01565	0.00756	0.02051	0.01188	0.03131	0.00972	0.01134	0.00756	0.00648	0.00432	0.00216	0.00540	0.00378	0.00432	0.00756
51	0.01026	0.00678	0.00771	0.00771	0.00783	0.00683	0.00444	0.01051	0.01039	0.01418	0.02189	0.04408	0.02473	0.69425	0.06185	0.00672	0.00709	0.00988	0.03847	0.00441
52	0.04055	0.32533	0.24526	0.01468	0.02088	0.04892	0.01580	0.02010	0.01459	0.01955	0.05723	0.01793	0.04124	0.00882	0.02408	0.00218	0.06500	0.00549	0.00350	0.00886
53	0.08236	0.01799	0.08120	0.01425	0.01889	0.04311	0.01228	0.39353	0.02397	0.03345	0.01619	0.05114	0.01303	0.01092	0.00963	0.11621	0.00734	0.00653	0.03851	0.00947
54	0.02609	0.03270	0.01982	0.01790	0.02158	0.69794	0.01347	0.05482	0.02031	0.01818	0.01103	0.01275	0.00911	0.00724	0.00632	0.00181	0.01238	0.00457	0.00373	0.00824
55	0.01657	0.01750	0.04762	0.05905	0.01998	0.13675	0.02926	0.04854	0.01458	0.01973	0.01485	0.01898	0.04051	0.01241	0.05842	0.00292	0.30133	0.00621	0.07081	0.06398
56	0.00989	0.00711	0.00922	0.00871	0.01025	0.00660	0.00644	0.01298	0.01915	0.02708	0.66485	0.05172	0.06332	0.06038	0.00993	0.00248	0.00351	0.01247	0.00747	0.00644
57	0.00852	0.00708	0.00745	0.00736	0.00959	0.00601	0.00552	0.01054	0.01655	0.02038	0.17718	0.06464	0.60096	0.01710	0.00824	0.00233	0.00349	0.01438	0.00668	0.00601
58	0.04691	0.01302	0.01494	0.01222	0.01626	0.01332	0.00980	0.27490	0.02354	0.18657	0.14208	0.08157	0.07897	0.01106	0.00726	0.00218	0.00570	0.00909	0.04092	0.00969
59	0.02386	0.01646	0.01768	0.01388	0.01862	0.01796	0.01136	0.51833	0.02842	0.06822	0.01848	0.01901	0.01337	0.00834	0.00654	0.00200	0.00667	0.00636	0.17372	0.01073
60	0.06294	0.01385	0.01677	0.01322	0.01839	0.01367	0.01082	0.15766	0.11946	0.45961	0.02482	0.02220	0.01639	0.00861	0.00690	0.00218	0.00618	0.00686	0.00791	0.01156
61	0.00850	0.00607	0.00810	0.00972	0.01012	0.00567	0.00648	0.00972	0.01336	0.01781	0.03846	0.75020	0.04615	0.02186	0.00891	0.00283	0.00405	0.01984	0.00648	0.00567
62	0.01176	0.00781	0.00866	0.00817	0.01090	0.00664	0.00634	0.01379	0.01665	0.11939	0.08840	0.06086	0.55240	0.01631	0.00813	0.00236	0.00400	0.04375	0.00684	0.00680
63	0.01766	0.62618	0.03235	0.01204	0.01725	0.04889	0.01153	0.01992	0.01395	0.01641	0.01103	0.01357	0.01018	0.01267	0.10827	0.00290	0.00925	0.00430	0.00311	0.00853
64	0.01088	0.00773	0.01065	0.01214	0.01350	0.00769	0.01023	0.01364	0.01535	0.02002	0.03601	0.14689	0.03971	0.07349	0.01146	0.00343	0.00620	0.54853	0.00627	0.00618
65	0.01013	0.00771	0.01152	0.01143	0.01264	0.00910	0.00892	0.01259	0.01120	0.01622	0.01841	0.02705	0.01720	0.05113	0.70598	0.01097	0.04038	0.00744	0.00372	0.00627
66	0.80405	0.01350	0.01026	0.00918	0.01350	0.01565	0.00756	0.02051	0.01188	0.03131	0.00972	0.01134	0.00756	0.00648	0.00432	0.00216	0.00540	0.00378	0.00432	0.00756
67	0.01350	0.01203	0.01989	0.42322	0.18275	0.01368	0.01689	0.01722	0.01480	0.01989	0.11232	0.02334	0.01803	0.00928	0.00881	0.06754	0.00795	0.00711	0.00383	0.00791
68	0.02456	0.02964	0.01894	0.01704	0.02074	0.58814	0.01290	0.07097	0.07818	0.01995	0.01535	0.01644	0.04149	0.00793	0.00649	0.00189	0.01126	0.00536	0.00424	0.00849
69	0.05064	0.01071	0.01533	0.11866	0.06538	0.01196	0.04597	0.07285	0.01457	0.02197	0.01662	0.02252	0.01408	0.03805	0.19353	0.06283	0.04169	0.00667	0.16865	0.00732
70	0.03554	0.04951	0.24521	0.10268	0.02585	0.01392	0.09067	0.02191	0.04068	0.12937	0.04836	0.06983	0.01635	0.00922	0.00792	0.03920	0.00811	0.00734	0.02922	0.00912
71	0.01641	0.01215	0.01460	0.01213	0.01591	0.01178	0.02540	0.21218	0.02071	0.05478	0.13713	0.20860	0.02942	0.01202	0.00730	0.00207	0.00549	0.01038	0.00631	0.18523
72	0.21348	0.14588	0.12951	0.01632	0.10101	0.05581	0.01344	0.06370	0.01611	0.02529	0.11158	0.01943	0.01751	0.00936	0.03256	0.00236	0.00761	0.00589	0.00437	0.00877
73	0.01763	0.57040	0.12384	0.01293	0.01900	0.02418	0.01334	0.04692	0.01470	0.01813	0.01127	0.01410	0.01014	0.04274	0.03360	0.00222	0.00824	0.00446	0.00323	0.00893
74	0.06210	0.01172	0.01555	0.01204	0.01723	0.01032	0.00992	0.03272	0.01942	0.65930	0.02660	0.02334	0.01690	0.00853	0.00682	0.00214	0.00580	0.00686	0.04122	0.01148
75	0.01255	0.01085	0.01711	0.50281	0.03586	0.01304	0.01528	0.01655	0.01449	0.01971	0.07839	0.05585	0.04333	0.00898	0.00750	0.00228	0.03187	0.00771	0.09852	0.00733
76	0.01588	0.01693	0.04592	0.30489	0.21071	0.07526	0.14336	0.02074	0.03191	0.02028	0.01406	0.04298	0.01150	0.00716	0.00720	0.00224	0.00953	0.00692	0.00352	0.00902
77	0.00914	0.00660	0.00865	0.00920	0.01024	0.00611	0.00649	0.01135	0.01644	0.02263	0.35398	0.40241	0.07438	0.01817	0.00857	0.00252	0.00368	0.01630	0.00704	0.00611
78	0.01015	0.00677	0.00761	0.00761	0.00761	0.00677	0.00423	0.01015	0.01015	0.01353	0.02199	0.04567	0.02537	0.75476	0.03552	0.00677	0.00677	0.01015	0.00423	0.00423
79	0.04814	0.70229	0.06247	0.01215	0.01823	0.02671	0.01232	0.02093	0.01411	0.01720	0.00981	0.01134	0.00890	0.00602	0.00456	0.00155	0.00750	0.00379	0.00303	0.00896
80	0.05083	0.03447	0.66321	0.01971	0.02963	0.01623	0.04680	0.02203	0.01466	0.02254	0.01245	0.01471	0.00884	0.00660	0.00658	0.00221	0.01013	0.00519	0.00303	0.01016
81	0.00941	0.00672	0.00913	0.01075	0.01155	0.00645	0.00805	0.01128	0.01425	0.01883	0.03796	0.52885	0.04418	0.02101	0.00915	0.00296	0.00483	0.23226	0.00646	0.00592
82	0.01381	0.01155	0.01383	0.04208	0.01692	0.00957	0.00866	0.03748	0.03852	0.02285	0.04329	0.12798	0.01824	0.00836	0.00605	0.00148	0.00520	0.00712	0.00477	0.56223
83	0.01397	0.03257	0.61023	0.01947	0.02842	0.01623	0.03967	0.02124	0.01466	0.02193	0.04461	0.01662	0.01156	0.00744	0.00813	0.00228	0.07224	0.00566	0.00319	0.00989
84	0.01436	0.01240	0.01500	0.07012	0.01913	0.00981	0.00918	0.01759	0.01443	0.02234	0.01240	0.01481	0.01025	0.00532	0.00532	0.00114	0.00551	0.00430	0.00405	0.73253
85	0.07971	0.70101	0.03452	0.01173	0.01757	0.02668	0.01160	0.02087	0.01400	0.01758	0.00970	0.01121	0.00885	0.00601	0.00447	0.00154	0.00730	0.00374	0.00309	0.00885

[dist]
# distance from previous block
# <min> <max>
0	1

[block]
# block no. 4 follows, 30 sequences, length 30
# corresponding to MSA columns:
# 242-271
name=unknown_E
#
# <colnr> <probs for GDERKNQSTAVLIFYWHMCP>
#	G	D	E	R	K	N	Q	S	T	A	V	L	I	F	Y	W	H	M	C	P
0	0.02167	0.01093	0.01391	0.01114	0.01556	0.00961	0.00902	0.05997	0.01907	0.34506	0.14811	0.03070	0.04525	0.00974	0.00695	0.00199	0.00523	0.03764	0.04915	0.14929
1	0.00906	0.00707	0.00805	0.00786	0.00969	0.00632	0.00575	0.01119	0.01645	0.02132	0.28075	0.05836	0.39351	0.09399	0.03741	0.00308	0.00434	0.01327	0.00656	0.00597
2	0.01379	0.00726	0.00734	0.00706	0.00891	0.00738	0.00536	0.05507	0.01568	0.02705	0.02242	0.02548	0.01754	0.00814	0.00500	0.00165	0.00351	0.00649	0.74805	0.00681
3	0.01220	0.00610	0.00885	0.00885	0.00900	0.00610	0.00595	0.00976	0.00961	0.01342	0.01311	0.02166	0.01266	0.02274	0.02518	0.72276	0.00580	0.00610	0.07679	0.00335
4	0.01785	0.01524	0.01606	0.01430	0.01833	0.01759	0.01116	0.07206	0.66283	0.02999	0.02778	0.02554	0.02079	0.00941	0.00709	0.00235	0.00564	0.00780	0.00709	0.01109
5	0.02743	0.01675	0.01904	0.01475	0.02016	0.01766	0.01214	0.43068	0.07561	0.26018	0.02106	0.01967	0.01428	0.00854	0.00700	0.00213	0.00696	0.00663	0.00752	0.01181
6	0.00957	0.00704	0.00872	0.00841	0.00995	0.00645	0.00611	0.01217	0.01781	0.02448	0.49959	0.08372	0.16804	0.09404	0.01117	0.00274	0.00373	0.01302	0.00706	0.00618
7	0.00829	0.00689	0.00725	0.00755	0.00955	0.00585	0.00551	0.00996	0.01545	0.01866	0.06489	0.19014	0.58915	0.01843	0.00837	0.00244	0.00363	0.01565	0.00648	0.00585
8	0.02653	0.01955	0.02094	0.01606	0.02164	0.02164	0.01326	0.68796	0.03281	0.04398	0.01675	0.01675	0.01187	0.00838	0.00698	0.00209	0.00768	0.00628	0.00698	0.01187
9	0.07146	0.01283	0.01584	0.01261	0.01755	0.01237	0.01028	0.08956	0.11779	0.48342	0.06226	0.02429	0.01944	0.00891	0.00694	0.00219	0.00586	0.00720	0.00798	0.01123
10	0.00960	0.00658	0.00831	0.00897	0.00942	0.00661	0.00588	0.01066	0.01186	0.01636	0.02824	0.32929	0.03222	0.30702	0.13031	0.00558	0.00732	0.01349	0.04704	0.00525
11	0.02049	0.01548	0.01675	0.01434	0.01874	0.01737	0.01136	0.15395	0.50645	0.10502	0.02621	0.02412	0.01917	0.00918	0.00707	0.00230	0.00596	0.00751	0.00724	0.01128
12	0.01414	0.01328	0.02239	0.52589	0.21731	0.01544	0.01953	0.01860	0.01455	0.01925	0.01371	0.02100	0.01116	0.00734	0.00708	0.00230	0.00891	0.03622	0.00334	0.00854
13	0.02486	0.02891	0.01864	0.01662	0.02028	0.56643	0.01262	0.11161	0.02095	0.02140	0.01271	0.01442	0.01022	0.00743	0.00624	0.00182	0.01105	0.00492	0.08042	0.00842
14	0.01806	0.66583	0.12443	0.01296	0.01949	0.02614	0.01372	0.02105	0.01425	0.01715	0.01006	0.01165	0.00894	0.00606	0.00475	0.00158	0.00783	0.00391	0.00298	0.00913
15	0.00967	0.00717	0.00997	0.08762	0.01467	0.00726	0.00846	0.01147	0.01356	0.01790	0.03363	0.47594	0.03890	0.09929	0.01172	0.00327	0.00533	0.13244	0.00586	0.00587
16	0.01072	0.00822	0.01123	0.01084	0.01147	0.00965	0.00795	0.01219	0.01076	0.01532	0.01865	0.03240	0.01922	0.29931	0.38813	0.00857	0.10759	0.00826	0.00383	0.00569
17	0.01533	0.08338	0.40742	0.14437	0.09888	0.01626	0.02149	0.02148	0.01518	0.05979	0.04281	0.01748	0.01205	0.00703	0.00664	0.00216	0.00917	0.00575	0.00354	0.00977
18	0.01441	0.03366	0.63237	0.02276	0.11528	0.01625	0.02524	0.02201	0.01488	0.02219	0.01260	0.01505	0.00912	0.00658	0.00666	0.00219	0.01006	0.00529	0.00301	0.01041
19	0.03131	0.01188	0.01619	0.01242	0.01781	0.01026	0.01026	0.03401	0.01997	0.71606	0.02753	0.02375	0.01727	0.00864	0.00702	0.00216	0.00594	0.00702	0.00864	0.01188
20	0.00877	0.00627	0.00836	0.00975	0.01034	0.00587	0.00669	0.01029	0.01416	0.01903	0.10967	0.64721	0.04800	0.02094	0.00887	0.00278	0.00407	0.04655	0.00660	0.00580
21	0.47885	0.04176	0.06184	0.12311	0.02042	0.01537	0.01114	0.02072	0.01299	0.08338	0.01189	0.01426	0.00902	0.00768	0.00664	0.03844	0.02558	0.00468	0.00425	0.00798
22	0.01015	0.00703	0.00863	0.00908	0.00967	0.00702	0.00595	0.03582	0.01291	0.01758	0.05576	0.32904	0.03408	0.32071	0.07647	0.00501	0.00639	0.01372	0.02957	0.00542
23	0.01015	0.00677	0.00761	0.00761	0.00761	0.00677	0.00423	0.01015	0.01015	0.01353	0.02199	0.04567	0.02537	0.75476	0.03552	0.00677	0.00677	0.01015	0.00423	0.00423
24	0.01162	0.00865	0.01200	0.01161	0.01325	0.00985	0.00903	0.08420	0.01369	0.01929	0.02007	0.08416	0.01915	0.04521	0.59288	0.00957	0.01635	0.00834	0.00430	0.00679
25	0.01527	0.00946	0.01187	0.01105	0.01349	0.00933	0.00845	0.08378	0.06782	0.13944	0.22856	0.24410	0.04077	0.01604	0.03016	0.00271	0.00518	0.04730	0.00719	0.00802
26	0.01128	0.00825	0.01111	0.01235	0.01408	0.00828	0.01057	0.01526	0.05249	0.02156	0.07673	0.09328	0.06933	0.01847	0.00934	0.00306	0.00600	0.54537	0.00654	0.00664
27	0.01578	0.01670	0.02643	0.02102	0.02348	0.05970	0.22666	0.01862	0.01314	0.01848	0.01259	0.04882	0.01183	0.04013	0.01721	0.00290	0.40765	0.00744	0.00343	0.00800
28	0.01376	0.09193	0.02260	0.66064	0.04485	0.01679	0.01859	0.01816	0.01398	0.01768	0.01212	0.01782	0.00927	0.00687	0.00671	0.00224	0.00911	0.00594	0.00309	0.00788
29	0.22123	0.03974	0.09444	0.03926	0.17833	0.15639	0.01430	0.02183	0.01566	0.04310	0.06381	0.01762	0.01395	0.00832	0.02275	0.00226	0.00830	0.00560	0.02431	0.00880

[dist]
# distance from previous block
# <min> <max>
0	2

[block]
# block no. 5 follows, 30 sequences, length 69
# corresponding to MSA columns:
# 274-342
name=unknown_F
#
# <colnr> <probs for GDERKNQSTAVLIFYWHMCP>
#	G	D	E	R	K	N	Q	S	T	A	V	L	I	F	Y	W	H	M	C	P
0	0.61951	0.01361	0.01285	0.06971	0.05267	0.01570	0.00967	0.02000	0.01231	0.02859	0.01020	0.01259	0.00810	0.00676	0.00572	0.00216	0.04628	0.00424	0.00410	0.04523
1	0.00887	0.00629	0.00830	0.00977	0.01023	0.00595	0.00664	0.01013	0.01328	0.01766	0.03684	0.63347	0.04379	0.08864	0.01140	0.00322	0.00448	0.06919	0.00627	0.00560
2	0.01583	0.01229	0.06664	0.01170	0.01508	0.01081	0.00996	0.11777	0.07150	0.10543	0.23651	0.06082	0.07862	0.03178	0.00942	0.04341	0.00547	0.06122	0.02745	0.00827
3	0.01464	0.01198	0.01413	0.01028	0.01611	0.00912	0.00820	0.01774	0.01505	0.04451	0.06626	0.01765	0.01481	0.00597	0.00546	0.00116	0.00505	0.00487	0.00455	0.71247
4	0.01866	0.75896	0.03657	0.01194	0.01791	0.02761	0.01194	0.02090	0.01418	0.01642	0.00970	0.01119	0.00896	0.00597	0.00448	0.00149	0.00746	0.00373	0.00299	0.00896
5	0.41544	0.01755	0.11881	0.01204	0.01647	0.07855	0.01092	0.05368	0.01421	0.02634	0.01516	0.12713	0.01428	0.00983	0.00671	0.03716	0.00673	0.00677	0.00446	0.00775
6	0.01248	0.00870	0.01001	0.00931	0.01028	0.00916	0.00613	0.10776	0.01354	0.01826	0.02079	0.03905	0.02236	0.55291	0.12466	0.00669	0.00850	0.00923	0.00456	0.00559
7	0.01736	0.01499	0.01578	0.01420	0.01815	0.01736	0.01105	0.03708	0.69862	0.02919	0.02840	0.02604	0.02130	0.00947	0.00710	0.00237	0.00552	0.00789	0.00710	0.01105
8	0.01022	0.00679	0.00774	0.00774	0.00784	0.00684	0.00444	0.01042	0.01032	0.01400	0.02186	0.04431	0.02481	0.70270	0.06517	0.00682	0.00719	0.00993	0.02647	0.00438
9	0.80405	0.01350	0.01026	0.00918	0.01350	0.01565	0.00756	0.02051	0.01188	0.03131	0.00972	0.01134	0.00756	0.00648	0.00432	0.00216	0.00540	0.00378	0.00432	0.00756
10	0.02045	0.01653	0.01752	0.01483	0.01932	0.01880	0.01179	0.25640	0.47427	0.03417	0.02448	0.02291	0.01812	0.00910	0.00706	0.00228	0.00625	0.00735	0.00706	0.01132
11	0.01058	0.00722	0.00937	0.00896	0.01066	0.00660	0.00667	0.01352	0.01883	0.05658	0.56778	0.13202	0.09459	0.01507	0.00826	0.00228	0.00351	0.01331	0.00752	0.00668
12	0.00860	0.00615	0.00819	0.00965	0.01014	0.00573	0.00649	0.00997	0.01382	0.01855	0.08670	0.69987	0.04757	0.02131	0.00886	0.00279	0.00399	0.01932	0.00656	0.00573
13	0.01924	0.01695	0.01647	0.01466	0.01864	0.09351	0.01149	0.09344	0.51326	0.04906	0.02584	0.02618	0.01990	0.00957	0.00712	0.00232	0.00653	0.03849	0.00673	0.01061
14	0.03131	0.01188	0.01619	0.01242	0.01781	0.01026	0.01026	0.03401	0.01997	0.71606	0.02753	0.02375	0.01727	0.00864	0.00702	0.00216	0.00594	0.00702	0.00864	0.01188
15	0.01211	0.00642	0.00682	0.00714	0.00853	0.00634	0.00520	0.01496	0.01438	0.02439	0.02589	0.17001	0.02351	0.01086	0.00568	0.00187	0.00341	0.00916	0.63701	0.00634
16	0.70275	0.01328	0.01103	0.00960	0.01406	0.01495	0.00791	0.02228	0.01294	0.12108	0.01205	0.01296	0.00883	0.00676	0.00467	0.00216	0.00547	0.00420	0.00488	0.00812
17	0.02524	0.03188	0.01990	0.01800	0.02132	0.67256	0.01362	0.02701	0.01908	0.01706	0.01066	0.01279	0.00900	0.00758	0.00757	0.00189	0.06861	0.00462	0.00355	0.00805
18	0.01129	0.00816	0.01009	0.01070	0.01191	0.00814	0.00753	0.11478	0.01637	0.02187	0.03510	0.63659	0.04084	0.01977	0.00861	0.00272	0.00461	0.01774	0.00656	0.00663
19	0.56023	0.01585	0.09268	0.15250	0.02213	0.01569	0.01193	0.02017	0.01261	0.02764	0.01056	0.01314	0.00804	0.00659	0.00510	0.00220	0.00672	0.00441	0.00393	0.00791
20	0.01267	0.01106	0.01835	0.58410	0.03991	0.01348	0.01660	0.01603	0.01327	0.01708	0.01444	0.07711	0.01260	0.01043	0.00980	0.10702	0.00846	0.00727	0.00336	0.00696
21	0.00983	0.00732	0.00916	0.01006	0.01115	0.00704	0.00698	0.03309	0.05674	0.01987	0.05932	0.60500	0.07449	0.01972	0.00857	0.00268	0.00424	0.01772	0.00650	0.03052
22	0.01539	0.01466	0.02492	0.36274	0.40604	0.01608	0.02048	0.01977	0.01500	0.02051	0.01279	0.01788	0.01025	0.00657	0.00694	0.00219	0.00876	0.00621	0.00329	0.00953
23	0.01596	0.01779	0.03823	0.05083	0.03515	0.01684	0.61272	0.02160	0.01636	0.02210	0.01582	0.02342	0.01282	0.00695	0.00830	0.00242	0.01128	0.05856	0.00374	0.00913
24	0.80405	0.01350	0.01026	0.00918	0.01350	0.01565	0.00756	0.02051	0.01188	0.03131	0.00972	0.01134	0.00756	0.00648	0.00432	0.00216	0.00540	0.00378	0.00432	0.00756
25	0.01596	0.01606	0.05086	0.24527	0.49295	0.01625	0.02098	0.02039	0.01528	0.02132	0.01289	0.01757	0.01046	0.00645	0.00692	0.00215	0.00866	0.00617	0.00333	0.01006
26	0.01426	0.03428	0.64740	0.02089	0.03086	0.01636	0.09516	0.02213	0.01492	0.02213	0.01269	0.01516	0.00902	0.00655	0.00680	0.00222	0.01047	0.00548	0.00301	0.01022
27	0.00950	0.00711	0.00883	0.00853	0.01030	0.00644	0.00642	0.01238	0.01858	0.02538	0.52184	0.07607	0.21292	0.01541	0.00829	0.00228	0.00346	0.03251	0.00733	0.00639
28	0.01527	0.01527	0.02137	0.01832	0.01832	0.02137	0.01527	0.01679	0.01069	0.01679	0.00916	0.01527	0.00916	0.01221	0.02290	0.00305	0.74198	0.00611	0.00305	0.00763
29	0.23069	0.01311	0.01516	0.01197	0.01710	0.01286	0.00988	0.10015	0.01925	0.46737	0.02177	0.01979	0.01418	0.00805	0.00632	0.00215	0.00598	0.00610	0.00734	0.01076
30	0.01736	0.01708	0.02827	0.07205	0.62831	0.04130	0.05025	0.02152	0.01596	0.02236	0.01306	0.01724	0.01088	0.00627	0.00695	0.00209	0.00864	0.00625	0.00345	0.01073
31	0.01002	0.00702	0.00890	0.00888	0.01045	0.00637	0.00649	0.01253	0.01754	0.04794	0.41514	0.23093	0.15868	0.01653	0.00836	0.00238	0.00361	0.01459	0.00722	0.00643
32	0.00880	0.00709	0.00783	0.00764	0.00976	0.00612	0.00573	0.01108	0.01720	0.02192	0.28504	0.06210	0.49213	0.01653	0.00824	0.00230	0.00345	0.01402	0.00688	0.00612
33	0.04769	0.01429	0.01520	0.01352	0.01739	0.01623	0.01057	0.06096	0.55844	0.05435	0.08936	0.02740	0.02432	0.00972	0.00709	0.00232	0.00542	0.00807	0.00710	0.01057
34	0.05341	0.01387	0.01429	0.01252	0.01571	0.07602	0.00968	0.20409	0.05742	0.10073	0.05530	0.15934	0.02304	0.05602	0.07394	0.00330	0.00755	0.00935	0.04574	0.00869
35	0.80405	0.01350	0.01026	0.00918	0.01350	0.01565	0.00756	0.02051	0.01188	0.03131	0.00972	0.01134	0.00756	0.00648	0.00432	0.00216	0.00540	0.00378	0.00432	0.00756
36	0.00953	0.00834	0.04217	0.00967	0.01096	0.00719	0.00729	0.01108	0.01337	0.01747	0.03946	0.32726	0.18394	0.18665	0.01525	0.00363	0.03049	0.06483	0.00568	0.00574
37	0.16373	0.01092	0.01283	0.06689	0.03343	0.01204	0.04342	0.06852	0.04782	0.02719	0.01804	0.02093	0.01406	0.00783	0.00621	0.00196	0.03758	0.00608	0.39279	0.00773
38	0.61462	0.05339	0.01319	0.01045	0.01489	0.05044	0.00865	0.09766	0.01486	0.03118	0.01095	0.01243	0.00849	0.00675	0.00474	0.00209	0.00605	0.00418	0.02689	0.00812
