[name]
unknown

[dist]
# distance from previous block
# <min> <max>
0	13

[block]
# block no. 0 follows, 29 sequences, length 36
# corresponding to MSA columns:
# 13-48
name=unknown_A
#
# <colnr> <probs for GDERKNQSTAVLIFYWHMCP>
#	G	D	E	R	K	N	Q	S	T	A	V	L	I	F	Y	W	H	M	C	P
0	0.01273	0.00881	0.01256	0.01458	0.04859	0.00873	0.01193	0.01603	0.01657	0.05364	0.03607	0.07464	0.03844	0.01851	0.00957	0.00317	0.00663	0.59522	0.00651	0.00705
1	0.01996	0.61953	0.06255	0.01332	0.01934	0.09765	0.01298	0.05102	0.01590	0.01829	0.01044	0.01196	0.00927	0.00635	0.00496	0.00161	0.00827	0.00406	0.00329	0.00924
2	0.01904	0.75404	0.03731	0.01218	0.01828	0.02818	0.01218	0.02132	0.01447	0.01675	0.00990	0.01142	0.00914	0.00609	0.00457	0.00152	0.00761	0.00381	0.00305	0.00914
3	0.01008	0.00728	0.00952	0.00896	0.01064	0.00672	0.00672	0.01344	0.02016	0.02855	0.70158	0.05319	0.06719	0.01456	0.00840	0.00224	0.00336	0.01288	0.00784	0.00672
4	0.01904	0.75404	0.03731	0.01218	0.01828	0.02818	0.01218	0.02132	0.01447	0.01675	0.00990	0.01142	0.00914	0.00609	0.00457	0.00152	0.00761	0.00381	0.00305	0.00914
5	0.01345	0.01266	0.02136	0.73264	0.04904	0.01582	0.01978	0.01819	0.01424	0.01819	0.01266	0.01898	0.00949	0.00712	0.00712	0.00237	0.00949	0.00633	0.00316	0.00791
6	0.00868	0.00620	0.00826	0.00991	0.01033	0.00578	0.00661	0.00991	0.01363	0.01818	0.03925	0.74510	0.04710	0.02231	0.00909	0.00289	0.00413	0.02024	0.00661	0.00578
7	0.01036	0.00690	0.00777	0.00777	0.00777	0.00690	0.00431	0.01036	0.01036	0.01381	0.02244	0.04660	0.02589	0.74975	0.03624	0.00690	0.00690	0.01036	0.00431	0.00431
8	0.01771	0.02737	0.39188	0.02302	0.06321	0.01608	0.20588	0.02435	0.01636	0.12247	0.01548	0.01766	0.01088	0.00683	0.00729	0.00228	0.01019	0.00647	0.00404	0.01053
9	0.01327	0.00664	0.00664	0.00664	0.00830	0.00664	0.00498	0.01659	0.01493	0.02655	0.02323	0.02655	0.01825	0.00830	0.00498	0.00166	0.00332	0.00664	0.78928	0.00664
10	0.01036	0.00690	0.00777	0.00777	0.00777	0.00690	0.00431	0.01036	0.01036	0.01381	0.02244	0.04660	0.02589	0.74975	0.03624	0.00690	0.00690	0.01036	0.00431	0.00431
11	0.01762	0.01692	0.02890	0.04371	0.70533	0.01692	0.02185	0.02185	0.01621	0.02326	0.01339	0.01762	0.01128	0.00634	0.00705	0.00211	0.00846	0.00634	0.00352	0.01128
12	0.01327	0.00664	0.00664	0.00664	0.00830	0.00664	0.00498	0.01659	0.01493	0.02655	0.02323	0.02655	0.01825	0.00830	0.00498	0.00166	0.00332	0.00664	0.78928	0.00664
13	0.80005	0.01377	0.01047	0.00936	0.01377	0.01597	0.00771	0.02093	0.01212	0.03195	0.00991	0.01157	0.00771	0.00661	0.00441	0.00220	0.00551	0.00386	0.00441	0.00771
14	0.00881	0.00706	0.00777	0.00792	0.00981	0.00613	0.00576	0.01071	0.01626	0.02040	0.16934	0.16329	0.47464	0.04805	0.00965	0.00263	0.00378	0.01524	0.00672	0.00603
15	0.02571	0.01927	0.02061	0.01611	0.02156	0.02145	0.01321	0.58816	0.12912	0.04269	0.01882	0.01847	0.01351	0.00871	0.00714	0.00218	0.00752	0.00665	0.00714	0.01199
16	0.01477	0.01266	0.01477	0.01055	0.01687	0.00949	0.00844	0.01793	0.01477	0.02320	0.01266	0.01477	0.01055	0.00527	0.00527	0.00105	0.00527	0.00422	0.00422	0.79328
17	0.01477	0.01266	0.01477	0.01055	0.01687	0.00949	0.00844	0.01793	0.01477	0.02320	0.01266	0.01477	0.01055	0.00527	0.00527	0.00105	0.00527	0.00422	0.00422	0.79328
18	0.01886	0.01855	0.06698	0.02963	0.18332	0.01669	0.38379	0.04351	0.01744	0.10268	0.01570	0.01903	0.01164	0.00649	0.00775	0.00226	0.01013	0.00746	0.00428	0.03379
19	0.02707	0.01995	0.02137	0.01638	0.02208	0.02208	0.01353	0.68159	0.03348	0.04488	0.01710	0.01710	0.01211	0.00855	0.00712	0.00214	0.00784	0.00641	0.00712	0.01211
20	0.03195	0.01212	0.01652	0.01267	0.01818	0.01047	0.01047	0.03470	0.02038	0.71026	0.02809	0.02424	0.01763	0.00881	0.00716	0.00220	0.00606	0.00716	0.00881	0.01212
21	0.01064	0.00821	0.00963	0.00987	0.01156	0.00808	0.00729	0.01507	0.11000	0.02150	0.14671	0.20756	0.20015	0.10918	0.01206	0.00316	0.00473	0.09136	0.00660	0.00666
22	0.05073	0.01381	0.02079	0.66183	0.04600	0.05251	0.01890	0.01885	0.01445	0.01879	0.01244	0.01832	0.00939	0.00711	0.00696	0.00234	0.00948	0.00612	0.00325	0.00792
23	0.05040	0.03213	0.58812	0.05353	0.02921	0.01564	0.02346	0.02140	0.01515	0.02296	0.04860	0.01874	0.03508	0.00754	0.00681	0.00226	0.00965	0.00595	0.00344	0.00993
24	0.01423	0.01458	0.05619	0.50273	0.19989	0.01565	0.01991	0.01889	0.01483	0.01964	0.01562	0.02079	0.04231	0.00743	0.00715	0.00231	0.00903	0.00669	0.00340	0.00874
25	0.01744	0.01674	0.02858	0.07327	0.67717	0.01687	0.02176	0.02170	0.01613	0.02305	0.01336	0.01768	0.01120	0.00638	0.00705	0.00213	0.00850	0.00634	0.00351	0.01113
26	0.04246	0.01407	0.02257	0.46136	0.22199	0.01628	0.01920	0.02093	0.07176	0.02102	0.01413	0.01900	0.01094	0.00711	0.00702	0.00230	0.00875	0.00639	0.00365	0.00909
27	0.12344	0.01842	0.04844	0.13437	0.05630	0.07759	0.01393	0.30609	0.02301	0.03248	0.01657	0.01841	0.03123	0.00804	0.00658	0.00214	0.00794	0.00612	0.05904	0.00985
28	0.01763	0.01619	0.02747	0.13081	0.59541	0.01654	0.02116	0.02187	0.01612	0.04845	0.01385	0.01805	0.01129	0.00654	0.00706	0.00215	0.00850	0.00637	0.00368	0.01088
29	0.05770	0.01786	0.04532	0.22423	0.14412	0.05915	0.06975	0.19982	0.04295	0.02778	0.01515	0.03713	0.01190	0.00776	0.00708	0.00224	0.00883	0.00669	0.00464	0.00989
30	0.01622	0.01585	0.04275	0.17688	0.33822	0.03802	0.01840	0.02296	0.12131	0.02279	0.01849	0.02660	0.01597	0.00866	0.00740	0.00235	0.00820	0.08464	0.00438	0.00990
31	0.01052	0.00757	0.00971	0.01028	0.01173	0.00708	0.00755	0.03272	0.01579	0.02184	0.14006	0.43503	0.04421	0.01834	0.00853	0.00262	0.00449	0.10158	0.04428	0.06608
32	0.01940	0.02428	0.12656	0.03315	0.40011	0.19747	0.05206	0.02369	0.01709	0.02164	0.01274	0.01610	0.01039	0.00664	0.00691	0.00208	0.01005	0.00584	0.00349	0.01031
33	0.01657	0.01855	0.06706	0.04842	0.06750	0.01672	0.43594	0.04290	0.01658	0.02322	0.01382	0.01798	0.01064	0.00632	0.00828	0.00218	0.04013	0.00725	0.00375	0.13618
34	0.16853	0.22418	0.21750	0.05828	0.02311	0.05609	0.01572	0.04177	0.04710	0.06830	0.01322	0.01471	0.01008	0.00692	0.00577	0.00203	0.00823	0.00491	0.00402	0.00951
35	0.04716	0.11708	0.02094	0.01610	0.05091	0.20588	0.01246	0.23223	0.02193	0.02759	0.01721	0.01877	0.04721	0.00983	0.03023	0.00230	0.04016	0.00600	0.06661	0.00940

[dist]
# distance from previous block
# <min> <max>
19	80

[block]
# block no. 1 follows, 29 sequences, length 22
# corresponding to MSA columns:
# 133-154
name=unknown_B
#
# <colnr> <probs for GDERKNQSTAVLIFYWHMCP>
#	G	D	E	R	K	N	Q	S	T	A	V	L	I	F	Y	W	H	M	C	P
0	0.47291	0.01545	0.04470	0.15067	0.04413	0.04911	0.01186	0.02230	0.01403	0.09865	0.01262	0.01472	0.00933	0.00697	0.00550	0.00222	0.00699	0.00485	0.00450	0.00847
1	0.01737	0.01500	0.02279	0.20319	0.32039	0.01597	0.01753	0.12853	0.01838	0.02559	0.04003	0.01963	0.01341	0.00782	0.00760	0.02669	0.00797	0.00651	0.04175	0.04385
2	0.01626	0.01770	0.03599	0.13758	0.09589	0.01790	0.46455	0.02154	0.01586	0.02166	0.01362	0.01873	0.01052	0.00675	0.00936	0.00243	0.07311	0.00772	0.00349	0.00934
3	0.00960	0.00694	0.00763	0.00777	0.00857	0.00653	0.00486	0.01028	0.01251	0.01591	0.03973	0.11144	0.24408	0.45545	0.02509	0.00513	0.00562	0.01267	0.00524	0.00498
4	0.02707	0.01995	0.02137	0.01638	0.02208	0.02208	0.01353	0.68159	0.03348	0.04488	0.01710	0.01710	0.01211	0.00855	0.00712	0.00214	0.00784	0.00641	0.00712	0.01211
5	0.01477	0.01266	0.01477	0.01055	0.01687	0.00949	0.00844	0.01793	0.01477	0.02320	0.01266	0.01477	0.01055	0.00527	0.00527	0.00105	0.00527	0.00422	0.00422	0.79328
6	0.03624	0.00724	0.00855	0.00880	0.01049	0.00663	0.00648	0.01180	0.01681	0.02273	0.27947	0.23076	0.26836	0.01756	0.00850	0.00250	0.00383	0.04001	0.00696	0.00628
7	0.00973	0.00726	0.00903	0.00859	0.01042	0.00657	0.00644	0.01275	0.01932	0.02658	0.56807	0.05644	0.20193	0.01529	0.00840	0.00227	0.00341	0.01333	0.00758	0.00657
8	0.01036	0.00690	0.00777	0.00777	0.00777	0.00690	0.00431	0.01036	0.01036	0.01381	0.02244	0.04660	0.02589	0.74975	0.03624	0.00690	0.00690	0.01036	0.00431	0.00431
9	0.01018	0.00759	0.01127	0.01127	0.01248	0.00880	0.00868	0.01260	0.01139	0.01640	0.01923	0.02887	0.01819	0.08691	0.68856	0.01123	0.01849	0.00776	0.00384	0.00626
10	0.80005	0.01377	0.01047	0.00936	0.01377	0.01597	0.00771	0.02093	0.01212	0.03195	0.00991	0.01157	0.00771	0.00661	0.00441	0.00220	0.00551	0.00386	0.00441	0.00771
11	0.02662	0.01972	0.02112	0.01629	0.02191	0.02187	0.01343	0.65098	0.06482	0.04416	0.01766	0.01755	0.01257	0.00860	0.00713	0.00215	0.00773	0.00649	0.00713	0.01207
12	0.01477	0.01266	0.01477	0.01055	0.01687	0.00949	0.00844	0.01793	0.01477	0.02320	0.01266	0.01477	0.01055	0.00527	0.00527	0.00105	0.00527	0.00422	0.00422	0.79328
13	0.01827	0.02028	0.02155	0.05009	0.02129	0.21189	0.03974	0.02022	0.01401	0.01755	0.01251	0.01712	0.03561	0.01080	0.01689	0.00268	0.45195	0.00620	0.00342	0.00792
14	0.80005	0.01377	0.01047	0.00936	0.01377	0.01597	0.00771	0.02093	0.01212	0.03195	0.00991	0.01157	0.00771	0.00661	0.00441	0.00220	0.00551	0.00386	0.00441	0.00771
15	0.00999	0.00728	0.00940	0.00887	0.01058	0.00668	0.00665	0.01327	0.01995	0.02806	0.66793	0.05401	0.10114	0.01474	0.00840	0.00225	0.00337	0.01299	0.00777	0.00668
16	0.01477	0.01266	0.01477	0.01055	0.01687	0.00949	0.00844	0.01793	0.01477	0.02320	0.01266	0.01477	0.01055	0.00527	0.00527	0.00105	0.00527	0.00422	0.00422	0.79328
17	0.01477	0.01266	0.01477	0.01055	0.01687	0.00949	0.00844	0.01793	0.01477	0.02320	0.01266	0.01477	0.01055	0.00527	0.00527	0.00105	0.00527	0.00422	0.00422	0.79328
18	0.01762	0.01692	0.02890	0.04371	0.70533	0.01692	0.02185	0.02185	0.01621	0.02326	0.01339	0.01762	0.01128	0.00634	0.00705	0.00211	0.00846	0.00634	0.00352	0.01128
19	0.01413	0.01351	0.02330	0.61215	0.13133	0.01606	0.05150	0.01888	0.01461	0.01905	0.01283	0.01882	0.00978	0.00697	0.00717	0.00234	0.00948	0.00643	0.00323	0.00842
20	0.01477	0.01266	0.01477	0.01055	0.01687	0.00949	0.00844	0.01793	0.01477	0.02320	0.01266	0.01477	0.01055	0.00527	0.00527	0.00105	0.00527	0.00422	0.00422	0.79328
21	0.02072	0.01256	0.01479	0.01274	0.01644	0.01279	0.00994	0.20324	0.09588	0.20608	0.03119	0.23824	0.06743	0.01339	0.00781	0.00242	0.00578	0.01140	0.00739	0.00977

[dist]
# distance from previous block
# <min> <max>
1	2

[block]
# block no. 2 follows, 29 sequences, length 17
# corresponding to MSA columns:
# 157-173
name=unknown_C
#
# <colnr> <probs for GDERKNQSTAVLIFYWHMCP>
#	G	D	E	R	K	N	Q	S	T	A	V	L	I	F	Y	W	H	M	C	P
0	0.00868	0.00620	0.00826	0.00991	0.01033	0.00578	0.00661	0.00991	0.01363	0.01818	0.03925	0.74510	0.04710	0.02231	0.00909	0.00289	0.00413	0.02024	0.00661	0.00578
1	0.00938	0.00619	0.00846	0.00979	0.01013	0.00586	0.00653	0.00979	0.01280	0.01707	0.03411	0.60691	0.04046	0.02277	0.01267	0.15378	0.00452	0.01756	0.00594	0.00527
2	0.01371	0.01318	0.02300	0.67690	0.04810	0.01599	0.07211	0.01856	0.01444	0.01856	0.01280	0.01900	0.00960	0.00703	0.00722	0.00238	0.00969	0.00649	0.00320	0.00804
3	0.00886	0.00634	0.00843	0.00979	0.01037	0.00591	0.00662	0.01038	0.01449	0.01954	0.12601	0.65447	0.04973	0.02129	0.00900	0.00281	0.00403	0.01928	0.00677	0.00591
4	0.00868	0.00620	0.00826	0.00991	0.01033	0.00578	0.00661	0.00991	0.01363	0.01818	0.03925	0.74510	0.04710	0.02231	0.00909	0.00289	0.00413	0.02024	0.00661	0.00578
5	0.01585	0.01642	0.02083	0.40868	0.03552	0.12490	0.01729	0.01924	0.01417	0.01773	0.01186	0.01760	0.00979	0.01066	0.04429	0.00290	0.19506	0.00610	0.00326	0.00786
6	0.01384	0.03440	0.65696	0.01947	0.02919	0.01568	0.02475	0.02155	0.01492	0.02220	0.01488	0.07295	0.01204	0.00800	0.00695	0.00231	0.01002	0.00645	0.00329	0.01015
7	0.00859	0.00727	0.00746	0.00755	0.00991	0.00614	0.00576	0.01048	0.01624	0.01935	0.07016	0.06920	0.66448	0.01813	0.00850	0.00245	0.00378	0.05189	0.00661	0.00604
8	0.01368	0.01224	0.01954	0.55496	0.04023	0.01537	0.01739	0.01786	0.01393	0.01913	0.01361	0.01954	0.01059	0.00791	0.00879	0.00237	0.09548	0.00636	0.10330	0.00773
9	0.01007	0.00796	0.00977	0.04224	0.01271	0.00712	0.00708	0.01279	0.01752	0.02369	0.34351	0.11489	0.25519	0.01505	0.00809	0.00224	0.00399	0.01303	0.00676	0.08631
10	0.01861	0.68963	0.09798	0.01291	0.01940	0.02713	0.01345	0.02143	0.01452	0.01727	0.01016	0.01175	0.00913	0.00615	0.00477	0.00159	0.00788	0.00394	0.00304	0.00926
11	0.00943	0.00710	0.00944	0.01053	0.01088	0.00732	0.00723	0.01060	0.01312	0.01773	0.03520	0.62319	0.04199	0.07986	0.01256	0.00323	0.07043	0.01818	0.00611	0.00585
12	0.02696	0.01932	0.01914	0.01542	0.02052	0.12507	0.01242	0.31691	0.12233	0.21625	0.02081	0.01971	0.01451	0.00859	0.00704	0.00215	0.00781	0.00657	0.00706	0.01140
13	0.08745	0.02773	0.42511	0.01975	0.05247	0.01571	0.09074	0.02385	0.03584	0.09306	0.01474	0.01652	0.01050	0.00687	0.00671	0.00220	0.00928	0.00573	0.00399	0.05176
14	0.01619	0.02065	0.13004	0.09297	0.10446	0.01766	0.43600	0.02202	0.01603	0.02217	0.01371	0.01830	0.01043	0.00651	0.00855	0.00238	0.04133	0.00749	0.00345	0.00967
15	0.01996	0.05061	0.06528	0.15935	0.14604	0.26542	0.06269	0.04487	0.03513	0.02042	0.01259	0.01602	0.01013	0.00737	0.00785	0.00214	0.05559	0.00575	0.00365	0.00914
16	0.01838	0.01871	0.05415	0.10710	0.44652	0.07346	0.01964	0.06543	0.08166	0.02424	0.01482	0.01809	0.01188	0.00698	0.00702	0.00215	0.00869	0.00632	0.00406	0.01071

[dist]
# distance from previous block
# <min> <max>
0	5

[block]
# block no. 3 follows, 29 sequences, length 126
# corresponding to MSA columns:
# 179-304
name=unknown_D
#
# <colnr> <probs for GDERKNQSTAVLIFYWHMCP>
#	G	D	E	R	K	N	Q	S	T	A	V	L	I	F	Y	W	H	M	C	P
0	0.01394	0.01022	0.01233	0.03719	0.01480	0.01062	0.00887	0.19015	0.01946	0.02613	0.09266	0.43939	0.03759	0.03998	0.00927	0.00274	0.00533	0.01507	0.00667	0.00759
1	0.06905	0.01368	0.02091	0.57884	0.07014	0.01654	0.01836	0.08934	0.01623	0.02219	0.01297	0.01822	0.00972	0.00721	0.00693	0.00233	0.00900	0.00617	0.00369	0.00848
2	0.01732	0.04710	0.08473	0.03690	0.49621	0.01751	0.09955	0.02314	0.06420	0.02336	0.01444	0.01800	0.01170	0.00656	0.00711	0.00216	0.00881	0.00653	0.00374	0.01094
3	0.10978	0.16816	0.38949	0.01903	0.02743	0.01893	0.12863	0.02216	0.01487	0.02261	0.01215	0.01461	0.00918	0.00649	0.00633	0.00213	0.00961	0.00533	0.00328	0.00977
4	0.00964	0.00730	0.00892	0.00863	0.01052	0.00658	0.00655	0.01253	0.01881	0.02543	0.48213	0.05905	0.25631	0.01584	0.00847	0.00234	0.00358	0.04347	0.00741	0.00650
5	0.01237	0.00618	0.00928	0.00928	0.00928	0.00618	0.00618	0.00928	0.00928	0.01237	0.01237	0.02165	0.01237	0.02474	0.02783	0.79283	0.00618	0.00618	0.00309	0.00309
6	0.02873	0.01166	0.01567	0.01247	0.01737	0.01035	0.01021	0.03208	0.04460	0.59736	0.05080	0.02937	0.02108	0.03602	0.00840	0.00244	0.00601	0.04565	0.00843	0.01130
7	0.01771	0.01530	0.01610	0.01449	0.01852	0.01771	0.01127	0.03784	0.69247	0.02979	0.02898	0.02657	0.02174	0.00966	0.00725	0.00242	0.00564	0.00805	0.00725	0.01127
8	0.01036	0.00690	0.00777	0.00777	0.00777	0.00690	0.00431	0.01036	0.01036	0.01381	0.02244	0.04660	0.02589	0.74975	0.03624	0.00690	0.00690	0.01036	0.00431	0.00431
9	0.01477	0.01266	0.01477	0.01055	0.01687	0.00949	0.00844	0.01793	0.01477	0.02320	0.01266	0.01477	0.01055	0.00527	0.00527	0.00105	0.00527	0.00422	0.00422	0.79328
10	0.01377	0.01298	0.02194	0.67953	0.09964	0.01590	0.01994	0.01848	0.01439	0.01858	0.01271	0.01888	0.00963	0.00706	0.00711	0.00235	0.00941	0.00633	0.00319	0.00817
11	0.01681	0.01921	0.04202	0.03001	0.03721	0.01801	0.67947	0.02281	0.01681	0.02281	0.01441	0.01921	0.01080	0.00600	0.00840	0.00240	0.01200	0.00840	0.00360	0.00960
12	0.01893	0.54702	0.16104	0.01432	0.02099	0.09703	0.01497	0.02228	0.01516	0.01790	0.01055	0.01224	0.00912	0.00634	0.00517	0.00169	0.00869	0.00416	0.00310	0.00930
13	0.01469	0.09900	0.65430	0.01959	0.02973	0.01755	0.02508	0.02244	0.01498	0.02205	0.01253	0.01472	0.00903	0.00671	0.00657	0.00219	0.01027	0.00514	0.00301	0.01040
14	0.03174	0.01245	0.01673	0.01282	0.01834	0.01095	0.01059	0.06174	0.02093	0.68246	0.02763	0.02394	0.01740	0.00880	0.00716	0.00220	0.00613	0.00713	0.00874	0.01212
15	0.01026	0.00763	0.00985	0.01086	0.01256	0.00723	0.00893	0.01295	0.01643	0.02119	0.11468	0.14864	0.20909	0.01903	0.00925	0.00291	0.00522	0.36022	0.00671	0.00635
16	0.01826	0.01846	0.02826	0.03931	0.57277	0.08661	0.06141	0.02233	0.01665	0.02259	0.01404	0.01937	0.01205	0.00687	0.00717	0.00214	0.00905	0.02832	0.00365	0.01072
17	0.01031	0.00706	0.00854	0.00852	0.00882	0.00728	0.00528	0.01093	0.01095	0.01490	0.04837	0.04330	0.02596	0.58798	0.16605	0.00759	0.00909	0.00993	0.00436	0.00480
18	0.07565	0.01376	0.05709	0.01291	0.01835	0.01154	0.01115	0.06948	0.02007	0.54119	0.04720	0.05110	0.01889	0.00924	0.00708	0.00223	0.00623	0.00749	0.00799	0.01134
19	0.01739	0.01681	0.02908	0.07662	0.64552	0.01691	0.04923	0.02172	0.01614	0.02300	0.01340	0.01776	0.01117	0.00637	0.00711	0.00214	0.00866	0.00643	0.00351	0.01105
20	0.25837	0.05037	0.26543	0.12482	0.04791	0.01618	0.04264	0.02144	0.01448	0.05023	0.03821	0.01643	0.01133	0.00707	0.00615	0.00223	0.00826	0.00544	0.00390	0.00911
21	0.01622	0.01708	0.02642	0.02183	0.04386	0.06294	0.18986	0.01912	0.01323	0.01878	0.01167	0.01740	0.01044	0.01349	0.07289	0.00347	0.42282	0.00681	0.00335	0.00829
22	0.07266	0.08680	0.15846	0.01448	0.02042	0.06483	0.01388	0.06717	0.10435	0.20521	0.02229	0.02314	0.04787	0.00868	0.00670	0.00215	0.00747	0.02843	0.00581	0.03922
23	0.05376	0.20698	0.04964	0.01653	0.02100	0.45222	0.01367	0.04648	0.01838	0.01887	0.01089	0.01276	0.00920	0.00721	0.00654	0.00184	0.03727	0.00451	0.00361	0.00864
24	0.01655	0.00873	0.01164	0.01019	0.01299	0.00787	0.00798	0.01973	0.02009	0.22846	0.48073	0.04563	0.05172	0.01305	0.00809	0.00227	0.00426	0.03363	0.00808	0.00830
25	0.01422	0.01371	0.02111	0.39722	0.03452	0.01809	0.01750	0.01745	0.01277	0.01773	0.01211	0.04192	0.01069	0.00996	0.01427	0.00271	0.32621	0.00675	0.00326	0.00779
26	0.00946	0.00722	0.00869	0.00840	0.01028	0.00644	0.00627	0.01222	0.01859	0.02501	0.46373	0.08301	0.28275	0.01602	0.00843	0.00232	0.00347	0.01387	0.00738	0.00644
27	0.01036	0.00690	0.00777	0.00777	0.00777	0.00690	0.00431	0.01036	0.01036	0.01381	0.02244	0.04660	0.02589	0.74975	0.03624	0.00690	0.00690	0.01036	0.00431	0.00431
28	0.02707	0.01995	0.02137	0.01638	0.02208	0.02208	0.01353	0.68159	0.03348	0.04488	0.01710	0.01710	0.01211	0.00855	0.00712	0.00214	0.00784	0.00641	0.00712	0.01211
29	0.01017	0.00763	0.01144	0.01144	0.01272	0.00890	0.00890	0.01272	0.01144	0.01653	0.01907	0.02797	0.01780	0.05340	0.72153	0.01144	0.01907	0.00763	0.00381	0.00636
30	0.01681	0.01921	0.04202	0.03001	0.03721	0.01801	0.67947	0.02281	0.01681	0.02281	0.01441	0.01921	0.01080	0.00600	0.00840	0.00240	0.01200	0.00840	0.00360	0.00960
31	0.01933	0.72626	0.03665	0.01242	0.01842	0.05490	0.01224	0.02160	0.01469	0.01678	0.00994	0.01148	0.00914	0.00614	0.00464	0.00154	0.00782	0.00384	0.00307	0.00910
32	0.01558	0.01558	0.02181	0.01869	0.01869	0.02181	0.01558	0.01714	0.01091	0.01714	0.00935	0.01558	0.00935	0.01246	0.02337	0.00312	0.73672	0.00623	0.00312	0.00779
33	0.01122	0.00757	0.00958	0.00943	0.01037	0.00776	0.00659	0.01275	0.01336	0.04487	0.13306	0.10105	0.05811	0.32166	0.14183	0.00581	0.03259	0.03231	0.03426	0.00581
34	0.02648	0.02771	0.02096	0.01844	0.04582	0.41514	0.01395	0.29122	0.02540	0.02868	0.01354	0.01472	0.01043	0.00779	0.00673	0.00197	0.01067	0.00538	0.00505	0.00991
35	0.80005	0.01377	0.01047	0.00936	0.01377	0.01597	0.00771	0.02093	0.01212	0.03195	0.00991	0.01157	0.00771	0.00661	0.00441	0.00220	0.00551	0.00386	0.00441	0.00771
36	0.01681	0.01921	0.04202	0.03001	0.03721	0.01801	0.67947	0.02281	0.01681	0.02281	0.01441	0.01921	0.01080	0.00600	0.00840	0.00240	0.01200	0.00840	0.00360	0.00960
37	0.01345	0.01266	0.02136	0.73264	0.04904	0.01582	0.01978	0.01819	0.01424	0.01819	0.01266	0.01898	0.00949	0.00712	0.00712	0.00237	0.00949	0.00633	0.00316	0.00791
38	0.01345	0.01266	0.02136	0.73264	0.04904	0.01582	0.01978	0.01819	0.01424	0.01819	0.01266	0.01898	0.00949	0.00712	0.00712	0.00237	0.00949	0.00633	0.00316	0.00791
39	0.01034	0.00695	0.00803	0.00803	0.00812	0.00705	0.00464	0.01052	0.01043	0.01400	0.02220	0.04527	0.02531	0.70025	0.08496	0.00723	0.00777	0.01016	0.00428	0.00446
40	0.00868	0.00620	0.00826	0.00991	0.01033	0.00578	0.00661	0.00991	0.01363	0.01818	0.03925	0.74510	0.04710	0.02231	0.00909	0.00289	0.00413	0.02024	0.00661	0.00578
41	0.01163	0.00762	0.01002	0.00922	0.01117	0.00699	0.00699	0.01495	0.02017	0.07702	0.65370	0.05113	0.06366	0.01415	0.00831	0.00224	0.00355	0.01247	0.00791	0.00710
42	0.02707	0.01995	0.02137	0.01638	0.02208	0.02208	0.01353	0.68159	0.03348	0.04488	0.01710	0.01710	0.01211	0.00855	0.00712	0.00214	0.00784	0.00641	0.00712	0.01211
43	0.02007	0.01647	0.01743	0.01497	0.01942	0.01881	0.01184	0.20020	0.52626	0.03359	0.02598	0.02418	0.01931	0.00938	0.00721	0.00235	0.00619	0.00764	0.00721	0.01148
44	0.01017	0.00763	0.01144	0.01144	0.01272	0.00890	0.00890	0.01272	0.01144	0.01653	0.01907	0.02797	0.01780	0.05340	0.72153	0.01144	0.01907	0.00763	0.00381	0.00636
45	0.04369	0.06791	0.20730	0.02878	0.28643	0.01794	0.09826	0.05565	0.08030	0.02458	0.01467	0.01736	0.01141	0.00683	0.00691	0.00218	0.00897	0.00623	0.00392	0.01067
46	0.01428	0.05789	0.66661	0.01972	0.02978	0.01662	0.02524	0.02216	0.01489	0.02215	0.01292	0.01539	0.00934	0.00843	0.03259	0.00257	0.01074	0.00530	0.00304	0.01033
47	0.01036	0.00690	0.00777	0.00777	0.00777	0.00690	0.00431	0.01036	0.01036	0.01381	0.02244	0.04660	0.02589	0.74975	0.03624	0.00690	0.00690	0.01036	0.00431	0.00431
48	0.01237	0.00618	0.00928	0.00928	0.00928	0.00618	0.00618	0.00928	0.00928	0.01237	0.01237	0.02165	0.01237	0.02474	0.02783	0.79283	0.00618	0.00618	0.00309	0.00309
49	0.01566	0.01588	0.02575	0.41747	0.17445	0.05976	0.11360	0.02015	0.01520	0.01976	0.01279	0.01821	0.01001	0.00708	0.00804	0.00233	0.04519	0.00652	0.00333	0.00884
50	0.01345	0.01266	0.02136	0.73264	0.04904	0.01582	0.01978	0.01819	0.01424	0.01819	0.01266	0.01898	0.00949	0.00712	0.00712	0.00237	0.00949	0.00633	0.00316	0.00791
51	0.01017	0.00763	0.01144	0.01144	0.01272	0.00890	0.00890	0.01272	0.01144	0.01653	0.01907	0.02797	0.01780	0.05340	0.72153	0.01144	0.01907	0.00763	0.00381	0.00636
52	0.01765	0.01957	0.09178	0.03784	0.55291	0.06429	0.02093	0.02250	0.03742	0.02285	0.01444	0.03938	0.01234	0.00704	0.00705	0.00214	0.00873	0.00660	0.00370	0.01084
53	0.02240	0.02365	0.04500	0.04015	0.02117	0.29803	0.01297	0.20564	0.10305	0.02703	0.04252	0.02228	0.06321	0.03199	0.00788	0.00223	0.00925	0.00678	0.00537	0.00941
54	0.01147	0.00820	0.01147	0.01311	0.01475	0.00820	0.01147	0.01475	0.01639	0.02131	0.03770	0.08032	0.04098	0.01967	0.00984	0.00328	0.00656	0.65741	0.00656	0.00656
55	0.02123	0.46784	0.05631	0.01455	0.01995	0.24960	0.01318	0.02428	0.04236	0.01769	0.01110	0.01259	0.00963	0.00665	0.00535	0.00168	0.00932	0.00427	0.00341	0.00899
56	0.02170	0.01583	0.01784	0.01331	0.01929	0.01515	0.01087	0.31298	0.02353	0.09256	0.01596	0.01662	0.01185	0.00703	0.00626	0.00163	0.00648	0.00544	0.00590	0.37975
57	0.01672	0.01591	0.02652	0.14565	0.55321	0.01646	0.02056	0.02169	0.04733	0.02268	0.01576	0.01976	0.03212	0.00696	0.00711	0.00218	0.00834	0.00668	0.00374	0.01061
58	0.01103	0.00807	0.01003	0.03237	0.01089	0.00892	0.00662	0.01177	0.01116	0.01555	0.02228	0.11573	0.02498	0.49524	0.05688	0.00580	0.09447	0.01051	0.04251	0.00520
59	0.01345	0.01266	0.02136	0.73264	0.04904	0.01582	0.01978	0.01819	0.01424	0.01819	0.01266	0.01898	0.00949	0.00712	0.00712	0.00237	0.00949	0.00633	0.00316	0.00791
60	0.01558	0.01558	0.02181	0.01869	0.01869	0.02181	0.01558	0.01714	0.01091	0.01714	0.00935	0.01558	0.00935	0.01246	0.02337	0.00312	0.73672	0.00623	0.00312	0.00779
61	0.01558	0.01558	0.02181	0.01869	0.01869	0.02181	0.01558	0.01714	0.01091	0.01714	0.00935	0.01558	0.00935	0.01246	0.02337	0.00312	0.73672	0.00623	0.00312	0.00779
62	0.01017	0.00763	0.01144	0.01144	0.01272	0.00890	0.00890	0.01272	0.01144	0.01653	0.01907	0.02797	0.01780	0.05340	0.72153	0.01144	0.01907	0.00763	0.00381	0.00636
63	0.01428	0.03683	0.71286	0.02030	0.03082	0.01654	0.02631	0.02255	0.01503	0.02255	0.01278	0.01503	0.00902	0.00677	0.00677	0.00226	0.01052	0.00526	0.00301	0.01052
64	0.01008	0.00728	0.00952	0.00896	0.01064	0.00672	0.00672	0.01344	0.02016	0.02855	0.70158	0.05319	0.06719	0.01456	0.00840	0.00224	0.00336	0.01288	0.00784	0.00672
65	0.00842	0.00721	0.00721	0.00721	0.00962	0.00601	0.00541	0.01022	0.01623	0.01924	0.07213	0.06853	0.70244	0.01803	0.00842	0.00240	0.00361	0.01503	0.00661	0.00601
66	0.01670	0.01900	0.04137	0.05202	0.03759	0.01794	0.65881	0.02266	0.01673	0.02266	0.01435	0.01920	0.01076	0.00604	0.00836	0.00240	0.01193	0.00834	0.00359	0.00955
67	0.01428	0.03683	0.71286	0.02030	0.03082	0.01654	0.02631	0.02255	0.01503	0.02255	0.01278	0.01503	0.00902	0.00677	0.00677	0.00226	0.01052	0.00526	0.00301	0.01052
68	0.74466	0.03906	0.01178	0.00972	0.01423	0.01662	0.00808	0.04569	0.01300	0.03192	0.01018	0.01177	0.00792	0.00666	0.00451	0.00218	0.00567	0.00395	0.00446	0.00792
69	0.01005	0.00659	0.00859	0.00973	0.01033	0.00618	0.00646	0.01118	0.01348	0.05117	0.03624	0.60758	0.04255	0.12839	0.01298	0.00345	0.00463	0.01816	0.00638	0.00588
70	0.01477	0.01266	0.01477	0.01055	0.01687	0.00949	0.00844	0.01793	0.01477	0.02320	0.01266	0.01477	0.01055	0.00527	0.00527	0.00105	0.00527	0.00422	0.00422	0.79328
71	0.01327	0.00664	0.00664	0.00664	0.00830	0.00664	0.00498	0.01659	0.01493	0.02655	0.02323	0.02655	0.01825	0.00830	0.00498	0.00166	0.00332	0.00664	0.78928	0.00664
72	0.01558	0.01558	0.02181	0.01869	0.01869	0.02181	0.01558	0.01714	0.01091	0.01714	0.00935	0.01558	0.00935	0.01246	0.02337	0.00312	0.73672	0.00623	0.00312	0.00779
73	0.00915	0.00654	0.00880	0.01036	0.01101	0.00618	0.00735	0.01078	0.01429	0.01904	0.06347	0.61882	0.04691	0.02162	0.00918	0.00293	0.00447	0.11652	0.00665	0.00594
74	0.01017	0.00763	0.01144	0.01144	0.01272	0.00890	0.00890	0.01272	0.01144	0.01653	0.01907	0.02797	0.01780	0.05340	0.72153	0.01144	0.01907	0.00763	0.00381	0.00636
75	0.01035	0.00693	0.00791	0.00791	0.00796	0.00698	0.00449	0.01045	0.01040	0.01391	0.02230	0.04587	0.02557	0.72251	0.06306	0.00708	0.00738	0.01025	0.00430	0.00439
76	0.01904	0.75404	0.03731	0.01218	0.01828	0.02818	0.01218	0.02132	0.01447	0.01675	0.00990	0.01142	0.00914	0.00609	0.00457	0.00152	0.00761	0.00381	0.00305	0.00914
77	0.00868	0.00620	0.00826	0.00991	0.01033	0.00578	0.00661	0.00991	0.01363	0.01818	0.03925	0.74510	0.04710	0.02231	0.00909	0.00289	0.00413	0.02024	0.00661	0.00578
78	0.01428	0.03683	0.71286	0.02030	0.03082	0.01654	0.02631	0.02255	0.01503	0.02255	0.01278	0.01503	0.00902	0.00677	0.00677	0.00226	0.01052	0.00526	0.00301	0.01052
79	0.01035	0.00694	0.00795	0.00795	0.00801	0.00700	0.00454	0.01047	0.01041	0.01394	0.02227	0.04569	0.02549	0.71591	0.06955	0.00712	0.00749	0.01022	0.00429	0.00441
80	0.02670	0.03094	0.02043	0.01792	0.02203	0.57135	0.01371	0.16841	0.02303	0.02331	0.01231	0.01375	0.00980	0.00760	0.00657	0.00190	0.01177	0.00498	0.00441	0.00908
81	0.01655	0.01613	0.02837	0.09657	0.52215	0.01619	0.09968	0.02084	0.01604	0.02248	0.01653	0.04262	0.03885	0.00732	0.00733	0.00221	0.00865	0.00736	0.00372	0.01042
82	0.01498	0.01440	0.02508	0.39774	0.28024	0.01592	0.07224	0.01948	0.01512	0.02037	0.01429	0.05225	0.01198	0.00746	0.00729	0.00231	0.00907	0.00715	0.00349	0.00915
83	0.01462	0.15579	0.41783	0.01630	0.02394	0.04402	0.01911	0.02047	0.01604	0.02216	0.12825	0.02319	0.05230	0.00850	0.00672	0.00212	0.00859	0.00671	0.00401	0.00935
84	0.02660	0.03394	0.02018	0.01834	0.02201	0.72116	0.01376	0.02843	0.02018	0.01743	0.01101	0.01284	0.00917	0.00734	0.00642	0.00183	0.01284	0.00459	0.00367	0.00825
85	0.01915	0.01529	0.12058	0.01478	0.05845	0.01151	0.01257	0.02485	0.09601	0.23520	0.09843	0.05771	0.07232	0.01039	0.00733	0.00221	0.00624	0.03989	0.00652	0.09058
86	0.33524	0.19951	0.21475	0.01377	0.02024	0.07078	0.01445	0.02203	0.01409	0.02460	0.01079	0.01260	0.00853	0.00658	0.00526	0.00203	0.00796	0.00429	0.00363	0.00888
87	0.01773	0.01785	0.02651	0.17655	0.50527	0.08988	0.02060	0.02182	0.01624	0.02166	0.01300	0.01739	0.01071	0.00660	0.00700	0.00214	0.00912	0.00616	0.00347	0.01030
88	0.02369	0.16919	0.02306	0.01676	0.02059	0.51281	0.01326	0.02559	0.01830	0.01735	0.01307	0.01494	0.03630	0.00787	0.00731	0.00189	0.06116	0.00496	0.00363	0.00830
89	0.60448	0.01501	0.07813	0.01036	0.01494	0.01463	0.00936	0.01995	0.01362	0.03053	0.11500	0.01821	0.01685	0.00783	0.00524	0.00221	0.00567	0.00536	0.00479	0.00783
90	0.01874	0.62317	0.12827	0.01357	0.02015	0.05879	0.01418	0.02182	0.01481	0.01757	0.01034	0.01198	0.00912	0.00624	0.00495	0.00164	0.00825	0.00404	0.00307	0.00929
91	0.01440	0.03601	0.68169	0.02075	0.03112	0.01661	0.05666	0.02256	0.01512	0.02256	0.01285	0.01523	0.00910	0.00673	0.00684	0.00226	0.01059	0.00541	0.00303	0.01048
92	0.01147	0.00820	0.01147	0.01311	0.01475	0.00820	0.01147	0.01475	0.01639	0.02131	0.03770	0.08032	0.04098	0.01967	0.00984	0.00328	0.00656	0.65741	0.00656	0.00656
93	0.01002	0.00728	0.00943	0.00890	0.01060	0.00669	0.00667	0.01332	0.02001	0.02822	0.67877	0.05375	0.09020	0.01468	0.00840	0.00225	0.00337	0.01296	0.00779	0.00669
94	0.01904	0.75404	0.03731	0.01218	0.01828	0.02818	0.01218	0.02132	0.01447	0.01675	0.00990	0.01142	0.00914	0.00609	0.00457	0.00152	0.00761	0.00381	0.00305	0.00914
95	0.00963	0.00709	0.00883	0.00975	0.01081	0.00668	0.00677	0.04285	0.01545	0.02036	0.08949	0.55879	0.14611	0.02045	0.00884	0.00274	0.00418	0.01827	0.00672	0.00619
96	0.00868	0.00620	0.00826	0.00991	0.01033	0.00578	0.00661	0.00991	0.01363	0.01818	0.03925	0.74510	0.04710	0.02231	0.00909	0.00289	0.00413	0.02024	0.00661	0.00578
97	0.00883	0.00738	0.00773	0.00786	0.01005	0.00642	0.00580	0.01126	0.04007	0.01976	0.08510	0.14974	0.57898	0.01816	0.00846	0.00246	0.00374	0.01536	0.00667	0.00619
98	0.02316	0.01928	0.04509	0.01743	0.02274	0.04627	0.09258	0.47416	0.02795	0.03719	0.01910	0.10590	0.01601	0.00982	0.00748	0.00225	0.00816	0.00823	0.00637	0.01084
99	0.01088	0.00749	0.00971	0.00926	0.01110	0.00688	0.00705	0.01403	0.01945	0.05455	0.56946	0.07810	0.10703	0.01513	0.00846	0.00233	0.00370	0.05087	0.00768	0.00685
100	0.01000	0.00814	0.00896	0.00860	0.01094	0.00755	0.00649	0.01435	0.09293	0.02347	0.27356	0.05882	0.41839	0.01596	0.00828	0.00235	0.00375	0.01355	0.00708	0.00683
101	0.01025	0.00711	0.00857	0.00915	0.00959	0.00700	0.00579	0.03820	0.01288	0.01719	0.03023	0.37842	0.03542	0.37192	0.02208	0.00479	0.00562	0.01490	0.00553	0.00534
102	0.01574	0.20025	0.47507	0.02057	0.07665	0.01932	0.05447	0.02223	0.01507	0.02127	0.01224	0.01459	0.00930	0.00654	0.00636	0.00208	0.00978	0.00516	0.00308	0.01021
103	0.03028	0.01175	0.01599	0.01239	0.01760	0.01018	0.01018	0.03308	0.02036	0.65842	0.07931	0.02644	0.02140	0.00925	0.00725	0.00221	0.00585	0.00760	0.00874	0.01171
104	0.00910	0.00645	0.00839	0.00951	0.01006	0.00606	0.00634	0.01051	0.01422	0.01922	0.13814	0.55378	0.04755	0.11053	0.01232	0.00329	0.00435	0.01790	0.00652	0.00575
105	0.01355	0.01271	0.01595	0.03950	0.12017	0.07513	0.01181	0.01540	0.01357	0.01811	0.02264	0.27770	0.02515	0.09533	0.04765	0.00354	0.16867	0.01157	0.00463	0.00722
106	0.01476	0.08671	0.63704	0.01949	0.02944	0.01741	0.02470	0.02308	0.04224	0.02243	0.01323	0.01524	0.00954	0.00683	0.00663	0.00221	0.01012	0.00527	0.00318	0.01046
107	0.01762	0.01692	0.02890	0.04371	0.70533	0.01692	0.02185	0.02185	0.01621	0.02326	0.01339	0.01762	0.01128	0.00634	0.00705	0.00211	0.00846	0.00634	0.00352	0.01128
108	0.01017	0.00763	0.01144	0.01144	0.01272	0.00890	0.00890	0.01272	0.01144	0.01653	0.01907	0.02797	0.01780	0.05340	0.72153	0.01144	0.01907	0.00763	0.00381	0.00636
109	0.02554	0.01745	0.04432	0.01539	0.02085	0.01765	0.04340	0.40646	0.05048	0.18068	0.02012	0.01984	0.01401	0.00844	0.00698	0.00213	0.00725	0.00670	0.08092	0.01139
110	0.00846	0.00706	0.00737	0.00763	0.00973	0.00598	0.00559	0.01017	0.01583	0.01907	0.06712	0.17166	0.60255	0.01869	0.00852	0.00248	0.00369	0.01582	0.00661	0.00598
111	0.01644	0.02739	0.31877	0.02520	0.05541	0.06748	0.31419	0.02287	0.01608	0.02213	0.01327	0.01683	0.00991	0.00666	0.00807	0.00232	0.03709	0.00668	0.00334	0.00988
112	0.76704	0.01350	0.01043	0.00935	0.01364	0.01559	0.00767	0.02062	0.01245	0.03181	0.03882	0.01331	0.01020	0.00694	0.00457	0.00220	0.00542	0.00423	0.00455	0.00767
113	0.02267	0.17897	0.05915	0.01863	0.02382	0.35669	0.11478	0.07743	0.04511	0.02097	0.01254	0.01448	0.01012	0.00704	0.00644	0.00192	0.01086	0.00531	0.00391	0.00917
114	0.01587	0.11145	0.24404	0.04558	0.02433	0.08832	0.08442	0.02100	0.04109	0.02032	0.01619	0.07127	0.01460	0.04499	0.00986	0.00251	0.07777	0.02720	0.03036	0.00881
115	0.01814	0.52455	0.19728	0.01567	0.05012	0.05166	0.01601	0.02191	0.01490	0.01843	0.01077	0.01260	0.00920	0.00631	0.00527	0.00173	0.00854	0.00429	0.00308	0.00952
116	0.01229	0.00621	0.00922	0.00922	0.00922	0.00621	0.00611	0.00932	0.00932	0.01242	0.01276	0.02260	0.01289	0.05258	0.02815	0.76265	0.00621	0.00634	0.00314	0.00314
117	0.00930	0.00725	0.00844	0.00814	0.01016	0.00639	0.00611	0.01193	0.01832	0.02419	0.40706	0.06037	0.36442	0.01618	0.00841	0.00232	0.00348	0.01388	0.00726	0.00639
118	0.00978	0.00713	0.00921	0.00899	0.01053	0.00655	0.00663	0.01276	0.01902	0.02656	0.57238	0.14968	0.10248	0.01584	0.00849	0.00234	0.00348	0.01402	0.00760	0.00655
119	0.01428	0.03683	0.71286	0.02030	0.03082	0.01654	0.02631	0.02255	0.01503	0.02255	0.01278	0.01503	0.00902	0.00677	0.00677	0.00226	0.01052	0.00526	0.00301	0.01052
120	0.00868	0.00620	0.00826	0.00991	0.01033	0.00578	0.00661	0.00991	0.01363	0.01818	0.03925	0.74510	0.04710	0.02231	0.00909	0.00289	0.00413	0.02024	0.00661	0.00578
121	0.01904	0.75404	0.03731	0.01218	0.01828	0.02818	0.01218	0.02132	0.01447	0.01675	0.00990	0.01142	0.00914	0.00609	0.00457	0.00152	0.00761	0.00381	0.00305	0.00914
122	0.02707	0.01995	0.02137	0.01638	0.02208	0.02208	0.01353	0.68159	0.03348	0.04488	0.01710	0.01710	0.01211	0.00855	0.00712	0.00214	0.00784	0.00641	0.00712	0.01211
123	0.02707	0.01995	0.02137	0.01638	0.02208	0.02208	0.01353	0.68159	0.03348	0.04488	0.01710	0.01710	0.01211	0.00855	0.00712	0.00214	0.00784	0.00641	0.00712	0.01211
124	0.01950	0.01904	0.01692	0.01527	0.01922	0.15913	0.01177	0.03595	0.55731	0.02730	0.02537	0.02381	0.01921	0.00919	0.00708	0.00230	0.00708	0.00735	0.00653	0.01066
125	0.05079	0.02727	0.41097	0.02341	0.15649	0.01564	0.04832	0.02438	0.01609	0.13720	0.01538	0.01708	0.01089	0.00699	0.00685	0.00222	0.00924	0.00585	0.00415	0.01078

[dist]
# distance from previous block
# <min> <max>
1	16

[block]
# block no. 4 follows, 29 sequences, length 36
# corresponding to MSA columns:
# 321-356
name=unknown_E
#
# <colnr> <probs for GDERKNQSTAVLIFYWHMCP>
#	G	D	E	R	K	N	Q	S	T	A	V	L	I	F	Y	W	H	M	C	P
0	0.01762	0.01692	0.02890	0.04371	0.70533	0.01692	0.02185	0.02185	0.01621	0.02326	0.01339	0.01762	0.01128	0.00634	0.00705	0.00211	0.00846	0.00634	0.00352	0.01128
1	0.01036	0.00690	0.00777	0.00777	0.00777	0.00690	0.00431	0.01036	0.01036	0.01381	0.02244	0.04660	0.02589	0.74975	0.03624	0.00690	0.00690	0.01036	0.00431	0.00431
2	0.02707	0.01995	0.02137	0.01638	0.02208	0.02208	0.01353	0.68159	0.03348	0.04488	0.01710	0.01710	0.01211	0.00855	0.00712	0.00214	0.00784	0.00641	0.00712	0.01211
3	0.01344	0.01237	0.02065	0.69798	0.04710	0.01538	0.01907	0.01812	0.01427	0.01859	0.01316	0.01935	0.00991	0.00718	0.00702	0.00234	0.00920	0.00634	0.04069	0.00785
4	0.01558	0.01558	0.02181	0.01869	0.01869	0.02181	0.01558	0.01714	0.01091	0.01714	0.00935	0.01558	0.00935	0.01246	0.02337	0.00312	0.73672	0.00623	0.00312	0.00779
5	0.00900	0.00645	0.00856	0.00969	0.01040	0.00600	0.00664	0.01074	0.01516	0.02060	0.19380	0.58365	0.05178	0.02050	0.00893	0.00274	0.00395	0.01852	0.00690	0.00600
6	0.00864	0.00717	0.00755	0.00757	0.00978	0.00609	0.00564	0.01060	0.01658	0.02033	0.14820	0.10262	0.58906	0.01783	0.00845	0.00241	0.00360	0.01504	0.00676	0.00609
7	0.00913	0.00718	0.00828	0.00839	0.01031	0.00633	0.00630	0.01142	0.01713	0.02203	0.25447	0.13959	0.39990	0.01757	0.00857	0.00246	0.00377	0.05396	0.00698	0.00623
8	0.01264	0.01124	0.01775	0.55053	0.03903	0.01342	0.01613	0.01678	0.01462	0.01913	0.02304	0.02752	0.11983	0.00895	0.00713	0.00231	0.00799	0.00773	0.07675	0.00749
9	0.00881	0.00709	0.00755	0.00779	0.00962	0.00618	0.00560	0.01036	0.01515	0.01846	0.06060	0.14235	0.51545	0.11668	0.01227	0.00309	0.00421	0.03666	0.00630	0.00578
10	0.01500	0.01383	0.03712	0.01197	0.01835	0.01053	0.04121	0.01933	0.04977	0.02350	0.01358	0.01559	0.01109	0.00558	0.00557	0.00123	0.00577	0.00465	0.00431	0.69201
11	0.04714	0.01668	0.02742	0.04021	0.62293	0.01713	0.02065	0.02219	0.04049	0.02355	0.01365	0.01763	0.01144	0.00675	0.00770	0.00217	0.04132	0.00631	0.00368	0.01099
12	0.01902	0.01108	0.01345	0.01172	0.01532	0.01097	0.00929	0.02670	0.20649	0.24286	0.20982	0.03946	0.09618	0.01197	0.00776	0.00235	0.00503	0.04312	0.00780	0.00961
13	0.03195	0.01212	0.01652	0.01267	0.01818	0.01047	0.01047	0.03470	0.02038	0.71026	0.02809	0.02424	0.01763	0.00881	0.00716	0.00220	0.00606	0.00716	0.00881	0.01212
14	0.01036	0.00690	0.00777	0.00777	0.00777	0.00690	0.00431	0.01036	0.01036	0.01381	0.02244	0.04660	0.02589	0.74975	0.03624	0.00690	0.00690	0.01036	0.00431	0.00431
15	0.01762	0.01692	0.02890	0.04371	0.70533	0.01692	0.02185	0.02185	0.01621	0.02326	0.01339	0.01762	0.01128	0.00634	0.00705	0.00211	0.00846	0.00634	0.00352	0.01128
16	0.01978	0.68303	0.03562	0.01279	0.01864	0.09650	0.01234	0.02202	0.01503	0.01682	0.01001	0.01156	0.00914	0.00621	0.00475	0.00155	0.00813	0.00388	0.00311	0.00905
17	0.02660	0.03394	0.02018	0.01834	0.02201	0.72116	0.01376	0.02843	0.02018	0.01743	0.01101	0.01284	0.00917	0.00734	0.00642	0.00183	0.01284	0.00459	0.00367	0.00825
18	0.02336	0.01741	0.01881	0.01510	0.01989	0.01914	0.01220	0.52125	0.08528	0.03941	0.02277	0.10959	0.04172	0.01068	0.00742	0.00226	0.00705	0.00856	0.00705	0.01104
19	0.01558	0.01558	0.02181	0.01869	0.01869	0.02181	0.01558	0.01714	0.01091	0.01714	0.00935	0.01558	0.00935	0.01246	0.02337	0.00312	0.73672	0.00623	0.00312	0.00779
20	0.02286	0.01012	0.01353	0.01106	0.01502	0.00889	0.00886	0.02579	0.02010	0.42907	0.27535	0.03689	0.06842	0.01135	0.00767	0.00223	0.00496	0.00962	0.00835	0.00986
21	0.80005	0.01377	0.01047	0.00936	0.01377	0.01597	0.00771	0.02093	0.01212	0.03195	0.00991	0.01157	0.00771	0.00661	0.00441	0.00220	0.00551	0.00386	0.00441	0.00771
22	0.06766	0.01197	0.01591	0.01234	0.01761	0.01055	0.01016	0.03305	0.01997	0.64588	0.05878	0.02499	0.01947	0.00898	0.00709	0.00221	0.00591	0.00727	0.00856	0.01165
23	0.01036	0.00690	0.00777	0.00777	0.00777	0.00690	0.00431	0.01036	0.01036	0.01381	0.02244	0.04660	0.02589	0.74975	0.03624	0.00690	0.00690	0.01036	0.00431	0.00431
24	0.01008	0.00728	0.00952	0.00896	0.01064	0.00672	0.00672	0.01344	0.02016	0.02855	0.70158	0.05319	0.06719	0.01456	0.00840	0.00224	0.00336	0.01288	0.00784	0.00672
25	0.17146	0.01512	0.01637	0.01341	0.01833	0.01623	0.01088	0.18044	0.21422	0.23603	0.02242	0.02089	0.01568	0.00858	0.00666	0.00225	0.00624	0.00662	0.00715	0.01104
26	0.01428	0.03683	0.71286	0.02030	0.03082	0.01654	0.02631	0.02255	0.01503	0.02255	0.01278	0.01503	0.00902	0.00677	0.00677	0.00226	0.01052	0.00526	0.00301	0.01052
27	0.00854	0.00706	0.00749	0.00772	0.00978	0.00601	0.00566	0.01032	0.01601	0.01951	0.09698	0.17473	0.56854	0.01854	0.00852	0.00247	0.00368	0.01575	0.00667	0.00601
28	0.01327	0.00664	0.00664	0.00664	0.00830	0.00664	0.00498	0.01659	0.01493	0.02655	0.02323	0.02655	0.01825	0.00830	0.00498	0.00166	0.00332	0.00664	0.78928	0.00664
29	0.02655	0.01934	0.02082	0.01612	0.02169	0.02136	0.01326	0.61227	0.08122	0.06666	0.01834	0.01803	0.01300	0.00864	0.00713	0.00216	0.00761	0.00656	0.00719	0.01205
30	0.01378	0.01330	0.02339	0.66353	0.04788	0.01604	0.08466	0.01865	0.01449	0.01865	0.01283	0.01901	0.00962	0.00701	0.00725	0.00238	0.00974	0.00653	0.00321	0.00808
31	0.00857	0.00722	0.00743	0.00738	0.00971	0.00608	0.00553	0.01052	0.01660	0.02010	0.13062	0.06710	0.64342	0.01771	0.00841	0.00239	0.00358	0.01483	0.00673	0.00608
32	0.01925	0.01422	0.01983	0.04494	0.04423	0.01494	0.09705	0.21962	0.02186	0.10652	0.12910	0.09328	0.04385	0.01090	0.00884	0.00234	0.06039	0.00929	0.03006	0.00950
33	0.02404	0.02024	0.02140	0.05674	0.11719	0.11311	0.01454	0.42968	0.02727	0.03556	0.01732	0.01848	0.03165	0.00828	0.00699	0.00210	0.00841	0.00641	0.02967	0.01092
34	0.02460	0.01380	0.07751	0.01289	0.01790	0.01111	0.01126	0.07078	0.04127	0.43410	0.03045	0.10296	0.07435	0.01212	0.02859	0.00257	0.00655	0.00900	0.00757	0.01062
35	0.05358	0.01516	0.02345	0.36475	0.27046	0.01705	0.01909	0.10854	0.01740	0.02417	0.01338	0.01791	0.01038	0.00702	0.00697	0.00224	0.00873	0.00623	0.00388	0.00963

[dist]
# distance from previous block
# <min> <max>
0	1

[block]
