[name]
unknown

[dist]
# distance from previous block
# <min> <max>
6	44

[block]
# block no. 0 follows, 28 sequences, length 25
# corresponding to MSA columns:
# 55-79
name=unknown_A
#
# <colnr> <probs for GDERKNQSTAVLIFYWHMCP>
#	G	D	E	R	K	N	Q	S	T	A	V	L	I	F	Y	W	H	M	C	P
0	0.01222	0.01001	0.01090	0.03081	0.01284	0.05123	0.00767	0.04297	0.04682	0.01973	0.07885	0.25499	0.09244	0.23307	0.03570	0.00417	0.03017	0.01329	0.00573	0.00640
1	0.03483	0.00741	0.00927	0.00960	0.01011	0.00771	0.00644	0.01155	0.01218	0.01733	0.04525	0.25401	0.03052	0.27707	0.08283	0.08637	0.03785	0.01252	0.04180	0.00536
2	0.01036	0.00840	0.03851	0.03121	0.01180	0.00760	0.00727	0.01189	0.01265	0.01739	0.02974	0.25082	0.06734	0.29794	0.11450	0.00553	0.00771	0.01293	0.05065	0.00575
3	0.01420	0.04088	0.01294	0.01112	0.01269	0.01116	0.00834	0.10525	0.01580	0.02209	0.07036	0.11957	0.02501	0.14314	0.05882	0.14157	0.06275	0.03116	0.08655	0.00659
4	0.01622	0.00937	0.01179	0.01076	0.01285	0.00940	0.00812	0.08934	0.04552	0.10301	0.14623	0.06414	0.02838	0.04180	0.01493	0.23872	0.00557	0.04735	0.08946	0.00705
5	0.01111	0.04930	0.01199	0.01115	0.04082	0.00854	0.00782	0.01340	0.01615	0.02200	0.21663	0.24128	0.11711	0.07977	0.01072	0.00278	0.00480	0.04083	0.00630	0.08751
6	0.01884	0.12942	0.01811	0.01237	0.01607	0.01418	0.01031	0.06369	0.04773	0.17967	0.14489	0.07544	0.08587	0.01209	0.00891	0.00232	0.07032	0.04773	0.00656	0.03547
7	0.01596	0.01288	0.01425	0.01368	0.04421	0.04320	0.01008	0.16302	0.10985	0.02877	0.17432	0.12932	0.10646	0.04243	0.00929	0.00263	0.00590	0.05825	0.00686	0.00865
8	0.04973	0.01028	0.01270	0.04168	0.01553	0.01038	0.00902	0.02250	0.14565	0.14748	0.33356	0.10211	0.04385	0.01291	0.00796	0.00238	0.00479	0.01117	0.00759	0.00872
9	0.16628	0.01586	0.08467	0.01289	0.01810	0.01377	0.01130	0.13229	0.04100	0.13025	0.01954	0.09729	0.01654	0.03083	0.02927	0.00253	0.00690	0.00737	0.00578	0.15755
10	0.10692	0.08196	0.01860	0.01292	0.01834	0.01445	0.01084	0.12265	0.02128	0.44897	0.05294	0.02249	0.01760	0.00873	0.00683	0.00218	0.00641	0.00680	0.00771	0.01139
11	0.07052	0.08871	0.02020	0.01486	0.01980	0.01939	0.01246	0.33806	0.13290	0.08118	0.02176	0.02707	0.01763	0.01005	0.00723	0.00233	0.00717	0.09103	0.00675	0.01091
12	0.06004	0.47258	0.05753	0.01240	0.01741	0.02176	0.01201	0.01954	0.01493	0.01908	0.01893	0.02926	0.04589	0.04177	0.00736	0.00224	0.00737	0.12736	0.00408	0.00845
13	0.08557	0.01891	0.02000	0.01573	0.02108	0.02096	0.01287	0.56267	0.05682	0.04268	0.01862	0.05752	0.01438	0.00940	0.00717	0.00224	0.00752	0.00719	0.00703	0.01162
14	0.00930	0.00676	0.00893	0.01022	0.01065	0.00660	0.00689	0.01057	0.01385	0.01863	0.06568	0.63180	0.04594	0.07785	0.01190	0.00325	0.02972	0.01907	0.00650	0.00590
15	0.00886	0.00633	0.00843	0.01012	0.01054	0.00590	0.00675	0.01012	0.01392	0.01856	0.04006	0.73979	0.04808	0.02277	0.00928	0.00295	0.00422	0.02066	0.00675	0.00590
16	0.02763	0.02036	0.02182	0.01672	0.02254	0.02254	0.01382	0.67496	0.03418	0.04581	0.01745	0.01745	0.01236	0.00873	0.00727	0.00218	0.00800	0.00654	0.00727	0.01236
17	0.01507	0.01292	0.01507	0.01077	0.01723	0.00969	0.00861	0.01830	0.01507	0.02369	0.01292	0.01507	0.01077	0.00538	0.00538	0.00108	0.00538	0.00431	0.00431	0.78898
18	0.01799	0.01727	0.02950	0.04462	0.69919	0.01727	0.02231	0.02231	0.01655	0.02375	0.01367	0.01799	0.01151	0.00648	0.00720	0.00216	0.00864	0.00648	0.00360	0.01151
19	0.79588	0.01406	0.01068	0.00956	0.01406	0.01631	0.00787	0.02137	0.01237	0.03261	0.01012	0.01181	0.00787	0.00675	0.00450	0.00225	0.00562	0.00394	0.00450	0.00787
20	0.01021	0.00743	0.00960	0.00906	0.01081	0.00682	0.00680	0.01356	0.02039	0.02870	0.66575	0.05504	0.09848	0.01503	0.00857	0.00229	0.00344	0.01325	0.00794	0.00682
21	0.02718	0.03379	0.02067	0.01861	0.02248	0.67369	0.01403	0.06788	0.02142	0.01948	0.01161	0.01337	0.00954	0.00756	0.00660	0.00189	0.01280	0.00479	0.00396	0.00866
22	0.01040	0.00771	0.01128	0.01128	0.01245	0.00887	0.00859	0.01273	0.01156	0.01658	0.01983	0.03057	0.01905	0.12760	0.64384	0.01119	0.01815	0.00808	0.00395	0.00627
23	0.01458	0.03760	0.70688	0.02072	0.03146	0.01688	0.02686	0.02302	0.01535	0.02302	0.01304	0.01535	0.00921	0.00691	0.00691	0.00230	0.01074	0.00537	0.00307	0.01074
24	0.01123	0.00764	0.01002	0.00930	0.01118	0.00702	0.00702	0.01463	0.02059	0.05753	0.66733	0.05306	0.06646	0.01461	0.00852	0.00228	0.00355	0.01290	0.00804	0.00709

[dist]
# distance from previous block
# <min> <max>
0	1

[block]
# block no. 1 follows, 28 sequences, length 12
# corresponding to MSA columns:
# 81-92
name=unknown_B
#
# <colnr> <probs for GDERKNQSTAVLIFYWHMCP>
#	G	D	E	R	K	N	Q	S	T	A	V	L	I	F	Y	W	H	M	C	P
0	0.03102	0.01273	0.01682	0.01314	0.01859	0.01149	0.01077	0.03578	0.09354	0.63056	0.02878	0.02500	0.01845	0.00909	0.00732	0.00227	0.00614	0.00741	0.00882	0.01228
1	0.03168	0.01258	0.01684	0.01305	0.01858	0.01116	0.01074	0.03563	0.06334	0.66115	0.02874	0.02489	0.01826	0.00905	0.00732	0.00226	0.00616	0.00737	0.00889	0.01232
2	0.00886	0.00633	0.00843	0.01012	0.01054	0.00590	0.00675	0.01012	0.01392	0.01856	0.04006	0.73979	0.04808	0.02277	0.00928	0.00295	0.00422	0.02066	0.00675	0.00590
3	0.01171	0.00837	0.01171	0.01339	0.01506	0.00837	0.01171	0.01506	0.01673	0.02175	0.03849	0.08199	0.04183	0.02008	0.01004	0.00335	0.00669	0.65027	0.00669	0.00669
4	0.02894	0.01826	0.02051	0.01573	0.02149	0.01942	0.01299	0.50656	0.03066	0.21918	0.02041	0.01937	0.01384	0.00880	0.00728	0.00220	0.00752	0.00675	0.00773	0.01236
5	0.01049	0.00753	0.01013	0.01070	0.01216	0.00717	0.00841	0.01350	0.01812	0.02483	0.36325	0.18793	0.05618	0.01799	0.00918	0.00275	0.00463	0.22105	0.00735	0.00663
6	0.01799	0.01727	0.02950	0.04462	0.69919	0.01727	0.02231	0.02231	0.01655	0.02375	0.01367	0.01799	0.01151	0.00648	0.00720	0.00216	0.00864	0.00648	0.00360	0.01151
7	0.02267	0.02280	0.02099	0.19529	0.05628	0.26491	0.01543	0.22387	0.02290	0.02693	0.01671	0.01898	0.04396	0.00831	0.00708	0.00214	0.01004	0.00629	0.00484	0.00956
8	0.01722	0.10062	0.15233	0.08695	0.45636	0.01837	0.02190	0.02210	0.01599	0.02251	0.01311	0.01692	0.01072	0.00658	0.00687	0.00214	0.00900	0.00599	0.00342	0.01088
9	0.01097	0.00807	0.01072	0.01207	0.01383	0.00781	0.01028	0.01392	0.01655	0.02118	0.04521	0.11506	0.16568	0.01991	0.00973	0.00316	0.00599	0.49661	0.00671	0.00655
10	0.01458	0.01380	0.02016	0.28862	0.20401	0.05768	0.01660	0.01849	0.01600	0.02101	0.09276	0.02850	0.05935	0.01381	0.07954	0.00328	0.00948	0.02953	0.00427	0.00853
11	0.07609	0.69529	0.03609	0.01223	0.01832	0.02785	0.01210	0.02174	0.01459	0.01823	0.01011	0.01167	0.00922	0.00626	0.00465	0.00161	0.00762	0.00389	0.00321	0.00922

[dist]
# distance from previous block
# <min> <max>
0	1

[block]
# block no. 2 follows, 28 sequences, length 24
# corresponding to MSA columns:
# 94-117
name=unknown_C
#
# <colnr> <probs for GDERKNQSTAVLIFYWHMCP>
#	G	D	E	R	K	N	Q	S	T	A	V	L	I	F	Y	W	H	M	C	P
0	0.06541	0.05834	0.56046	0.01992	0.05271	0.01674	0.02365	0.02297	0.01526	0.05074	0.01365	0.01596	0.00990	0.00872	0.03325	0.00262	0.01038	0.00544	0.00345	0.01044
1	0.01289	0.01037	0.01479	0.07205	0.12040	0.01116	0.01122	0.05214	0.05614	0.02056	0.02401	0.20007	0.02471	0.11801	0.21200	0.00571	0.01030	0.01091	0.00496	0.00761
2	0.01639	0.02061	0.12606	0.09805	0.02619	0.08620	0.08182	0.01982	0.01374	0.01908	0.01230	0.04457	0.01114	0.01050	0.01577	0.00276	0.37623	0.00684	0.00341	0.00853
3	0.01029	0.00743	0.00972	0.00914	0.01086	0.00686	0.00686	0.01372	0.02058	0.02915	0.69536	0.05430	0.06859	0.01486	0.00857	0.00229	0.00343	0.01315	0.00800	0.00686
4	0.01016	0.00725	0.00992	0.01161	0.01260	0.00702	0.00900	0.01237	0.01520	0.02001	0.03935	0.44079	0.04524	0.02155	0.00962	0.00313	0.00534	0.30685	0.00672	0.00626
5	0.05118	0.40168	0.10047	0.01521	0.02131	0.06039	0.03889	0.12049	0.01810	0.05255	0.01251	0.01408	0.01016	0.00723	0.00669	0.00192	0.04821	0.00494	0.00410	0.00990
6	0.75316	0.05449	0.01219	0.00972	0.01431	0.01699	0.00812	0.02139	0.01250	0.03176	0.01012	0.01180	0.00795	0.00672	0.00451	0.00221	0.00574	0.00393	0.00442	0.00795
7	0.01263	0.00631	0.00947	0.00947	0.00947	0.00631	0.00631	0.00947	0.00947	0.01263	0.01263	0.02210	0.01263	0.02525	0.02841	0.78851	0.00631	0.00631	0.00316	0.00316
8	0.01943	0.74891	0.03809	0.01244	0.01866	0.02876	0.01244	0.02177	0.01477	0.01710	0.01011	0.01166	0.00933	0.00622	0.00466	0.00155	0.00777	0.00389	0.00311	0.00933
9	0.00867	0.00737	0.00748	0.00745	0.00987	0.00617	0.00559	0.01059	0.01676	0.02010	0.10378	0.06920	0.66581	0.01824	0.00859	0.00245	0.00367	0.01523	0.00681	0.00617
10	0.02715	0.03464	0.02060	0.01873	0.02247	0.71536	0.01404	0.02903	0.02060	0.01779	0.01124	0.01311	0.00936	0.00749	0.00655	0.00187	0.01311	0.00468	0.00375	0.00843
11	0.02763	0.02036	0.02182	0.01672	0.02254	0.02254	0.01382	0.67496	0.03418	0.04581	0.01745	0.01745	0.01236	0.00873	0.00727	0.00218	0.00800	0.00654	0.00727	0.01236
12	0.01029	0.00743	0.00972	0.00914	0.01086	0.00686	0.00686	0.01372	0.02058	0.02915	0.69536	0.05430	0.06859	0.01486	0.00857	0.00229	0.00343	0.01315	0.00800	0.00686
13	0.01943	0.74891	0.03809	0.01244	0.01866	0.02876	0.01244	0.02177	0.01477	0.01710	0.01011	0.01166	0.00933	0.00622	0.00466	0.00155	0.00777	0.00389	0.00311	0.00933
14	0.01507	0.01292	0.01507	0.01077	0.01723	0.00969	0.00861	0.01830	0.01507	0.02369	0.01292	0.01507	0.01077	0.00538	0.00538	0.00108	0.00538	0.00431	0.00431	0.78898
15	0.01355	0.00678	0.00678	0.00678	0.00847	0.00678	0.00508	0.01694	0.01524	0.02710	0.02371	0.02710	0.01863	0.00847	0.00508	0.00169	0.00339	0.00678	0.78489	0.00678
16	0.01808	0.01561	0.01644	0.01479	0.01890	0.01808	0.01151	0.03863	0.68606	0.03041	0.02959	0.02712	0.02219	0.00986	0.00740	0.00247	0.00575	0.00822	0.00740	0.01151
17	0.01263	0.00631	0.00947	0.00947	0.00947	0.00631	0.00631	0.00947	0.00947	0.01263	0.01263	0.02210	0.01263	0.02525	0.02841	0.78851	0.00631	0.00631	0.00316	0.00316
18	0.02177	0.02603	0.01774	0.01647	0.01943	0.48873	0.01245	0.02388	0.01774	0.01750	0.01388	0.01807	0.01219	0.02258	0.23411	0.00502	0.01515	0.00568	0.00379	0.00781
19	0.01156	0.00826	0.01154	0.01322	0.01482	0.00824	0.01145	0.01480	0.01659	0.02159	0.03857	0.11628	0.04216	0.02022	0.01000	0.00333	0.00656	0.61745	0.00670	0.00665
20	0.01014	0.00742	0.00952	0.00899	0.01077	0.00680	0.00675	0.01344	0.02024	0.02834	0.64261	0.05563	0.12184	0.01516	0.00857	0.00230	0.00345	0.01333	0.00790	0.00680
21	0.52881	0.01347	0.01285	0.01074	0.01563	0.01434	0.00886	0.02629	0.01532	0.26761	0.01661	0.01633	0.01141	0.00753	0.00548	0.00225	0.00582	0.00512	0.00607	0.00945
22	0.01355	0.00678	0.00678	0.00678	0.00847	0.00678	0.00508	0.01694	0.01524	0.02710	0.02371	0.02710	0.01863	0.00847	0.00508	0.00169	0.00339	0.00678	0.78489	0.00678
23	0.02710	0.02010	0.02152	0.01662	0.02234	0.02229	0.01369	0.63967	0.07032	0.04496	0.01812	0.01799	0.01291	0.00879	0.00728	0.00220	0.00787	0.00664	0.00728	0.01231

[dist]
# distance from previous block
# <min> <max>
0	1

[block]
# block no. 3 follows, 28 sequences, length 44
# corresponding to MSA columns:
# 119-162
name=unknown_D
#
# <colnr> <probs for GDERKNQSTAVLIFYWHMCP>
#	G	D	E	R	K	N	Q	S	T	A	V	L	I	F	Y	W	H	M	C	P
0	0.02845	0.01510	0.01819	0.01401	0.01960	0.01479	0.01151	0.25052	0.04865	0.38635	0.04237	0.02245	0.01710	0.00883	0.00719	0.00215	0.00665	0.00702	0.00797	0.07109
1	0.01514	0.07430	0.59405	0.02141	0.03151	0.01770	0.10037	0.02298	0.01552	0.02273	0.01308	0.01564	0.00942	0.00678	0.00698	0.00228	0.01075	0.00566	0.00314	0.01056
2	0.74518	0.01395	0.01109	0.00978	0.01436	0.01593	0.00806	0.02230	0.01293	0.07723	0.01135	0.01267	0.00854	0.00690	0.00469	0.00225	0.00566	0.00416	0.00480	0.00817
3	0.01168	0.00803	0.00935	0.00901	0.00957	0.00835	0.00565	0.05503	0.01229	0.01657	0.02208	0.04303	0.02439	0.60365	0.12553	0.00734	0.00877	0.00993	0.00453	0.00521
4	0.01029	0.00743	0.00972	0.00914	0.01086	0.00686	0.00686	0.01372	0.02058	0.02915	0.69536	0.05430	0.06859	0.01486	0.00857	0.00229	0.00343	0.01315	0.00800	0.00686
5	0.00928	0.00733	0.00836	0.00823	0.01027	0.00641	0.00612	0.01173	0.01802	0.02338	0.32012	0.10021	0.41023	0.01723	0.00862	0.00241	0.00361	0.01475	0.00725	0.00641
6	0.02669	0.01968	0.02126	0.01645	0.02202	0.02181	0.01356	0.63887	0.03295	0.04423	0.01756	0.01806	0.01268	0.01122	0.04589	0.00270	0.00862	0.00661	0.00709	0.01204
7	0.00886	0.00633	0.00843	0.01012	0.01054	0.00590	0.00675	0.01012	0.01392	0.01856	0.04006	0.73979	0.04808	0.02277	0.00928	0.00295	0.00422	0.02066	0.00675	0.00590
8	0.01639	0.12195	0.57099	0.01926	0.02905	0.01834	0.02396	0.05174	0.01630	0.04813	0.01345	0.01534	0.00968	0.00698	0.00667	0.00220	0.01010	0.00531	0.00347	0.01070
9	0.01171	0.00837	0.01171	0.01339	0.01506	0.00837	0.01171	0.01506	0.01673	0.02175	0.03849	0.08199	0.04183	0.02008	0.01004	0.00335	0.00669	0.65027	0.00669	0.00669
10	0.10111	0.01289	0.01645	0.01270	0.01827	0.01167	0.01048	0.06134	0.02039	0.58716	0.02587	0.02286	0.01654	0.00864	0.00698	0.00220	0.00618	0.00685	0.00832	0.04310
11	0.02756	0.02242	0.02164	0.01701	0.02253	0.12252	0.01385	0.58174	0.03222	0.04177	0.01655	0.01683	0.01193	0.00855	0.00717	0.00214	0.00874	0.00628	0.00676	0.01179
12	0.01764	0.01229	0.01697	0.01944	0.14942	0.01249	0.01329	0.04747	0.13089	0.12837	0.07973	0.04717	0.02997	0.01322	0.00842	0.00268	0.00664	0.24771	0.00668	0.00952
13	0.79588	0.01406	0.01068	0.00956	0.01406	0.01631	0.00787	0.02137	0.01237	0.03261	0.01012	0.01181	0.00787	0.00675	0.00450	0.00225	0.00562	0.00394	0.00450	0.00787
14	0.00886	0.00633	0.00843	0.01012	0.01054	0.00590	0.00675	0.01012	0.01392	0.01856	0.04006	0.73979	0.04808	0.02277	0.00928	0.00295	0.00422	0.02066	0.00675	0.00590
15	0.06398	0.01971	0.02107	0.01622	0.02197	0.02173	0.01340	0.61616	0.03256	0.07408	0.01760	0.01751	0.01240	0.00864	0.00714	0.00219	0.00781	0.00646	0.00722	0.01215
16	0.79588	0.01406	0.01068	0.00956	0.01406	0.01631	0.00787	0.02137	0.01237	0.03261	0.01012	0.01181	0.00787	0.00675	0.00450	0.00225	0.00562	0.00394	0.00450	0.00787
17	0.01661	0.01386	0.01501	0.01387	0.01746	0.01555	0.01091	0.06995	0.47631	0.02878	0.03426	0.07199	0.08364	0.01239	0.00790	0.00258	0.00574	0.08572	0.00722	0.01024
18	0.00888	0.00665	0.00811	0.00924	0.01020	0.00603	0.00628	0.01023	0.01446	0.01860	0.04833	0.51624	0.22520	0.06249	0.01066	0.00305	0.00423	0.01863	0.00662	0.00588
19	0.02763	0.02036	0.02182	0.01672	0.02254	0.02254	0.01382	0.67496	0.03418	0.04581	0.01745	0.01745	0.01236	0.00873	0.00727	0.00218	0.00800	0.00654	0.00727	0.01236
20	0.01677	0.01407	0.01594	0.01198	0.01801	0.01227	0.00958	0.08516	0.12363	0.02690	0.01601	0.01722	0.01274	0.00642	0.00589	0.00140	0.00570	0.00515	0.00509	0.59008
21	0.10115	0.01975	0.02000	0.01567	0.02111	0.05122	0.01286	0.55201	0.03064	0.04207	0.01914	0.01921	0.04431	0.00894	0.00703	0.00219	0.00779	0.00663	0.00683	0.01146
22	0.00869	0.00737	0.00750	0.00746	0.00988	0.00618	0.00560	0.01062	0.01680	0.02018	0.10888	0.06907	0.66066	0.01821	0.00859	0.00245	0.00367	0.01522	0.00682	0.00618
23	0.79588	0.01406	0.01068	0.00956	0.01406	0.01631	0.00787	0.02137	0.01237	0.03261	0.01012	0.01181	0.00787	0.00675	0.00450	0.00225	0.00562	0.00394	0.00450	0.00787
24	0.02479	0.06907	0.13057	0.01874	0.02372	0.57164	0.01601	0.02773	0.01949	0.01859	0.01147	0.01340	0.00934	0.00734	0.00652	0.00193	0.01248	0.00475	0.00361	0.00884
25	0.00893	0.00636	0.00841	0.01003	0.01043	0.00595	0.00665	0.01014	0.01377	0.01836	0.03932	0.70976	0.04714	0.05409	0.01048	0.00313	0.00434	0.02023	0.00665	0.00584
26	0.06002	0.01821	0.01919	0.01563	0.02072	0.02050	0.01263	0.39525	0.28821	0.03916	0.02185	0.02097	0.01600	0.00908	0.00719	0.00230	0.00701	0.00708	0.00719	0.01182
27	0.01583	0.01580	0.02225	0.04409	0.02018	0.02205	0.01605	0.01753	0.01125	0.01753	0.00966	0.01603	0.00955	0.01253	0.02327	0.00315	0.70575	0.00636	0.00318	0.00796
28	0.00886	0.00633	0.00843	0.01012	0.01054	0.00590	0.00675	0.01012	0.01392	0.01856	0.04006	0.73979	0.04808	0.02277	0.00928	0.00295	0.00422	0.02066	0.00675	0.00590
29	0.01466	0.01426	0.02364	0.48340	0.07041	0.01780	0.06229	0.01879	0.01399	0.01885	0.01227	0.01851	0.00982	0.00845	0.01128	0.00259	0.18084	0.00658	0.00326	0.00831
30	0.02003	0.01585	0.01694	0.01469	0.01909	0.01789	0.01158	0.13757	0.51880	0.07060	0.02939	0.02718	0.04743	0.00998	0.00742	0.00241	0.00605	0.00819	0.00744	0.01147
31	0.01010	0.00744	0.01018	0.04520	0.01400	0.00730	0.00910	0.01233	0.01514	0.01978	0.04044	0.42368	0.08706	0.02077	0.00941	0.00304	0.00534	0.24683	0.00656	0.00631
32	0.01056	0.00773	0.01060	0.01126	0.01227	0.00747	0.03098	0.05473	0.01518	0.02028	0.03646	0.63481	0.04284	0.02135	0.00995	0.03713	0.00485	0.01867	0.00652	0.00635
33	0.00905	0.00646	0.00865	0.01034	0.01084	0.00607	0.00708	0.01045	0.01410	0.01877	0.03996	0.69610	0.04766	0.02259	0.00933	0.00298	0.00438	0.06249	0.00674	0.00596
34	0.01692	0.01912	0.04108	0.06977	0.03811	0.01837	0.61614	0.02284	0.01683	0.02284	0.01445	0.01948	0.01091	0.00639	0.00896	0.00247	0.03363	0.00839	0.00364	0.00965
35	0.02715	0.03464	0.02060	0.01873	0.02247	0.71536	0.01404	0.02903	0.02060	0.01779	0.01124	0.01311	0.00936	0.00749	0.00655	0.00187	0.01311	0.00468	0.00375	0.00843
36	0.02715	0.03464	0.02060	0.01873	0.02247	0.71536	0.01404	0.02903	0.02060	0.01779	0.01124	0.01311	0.00936	0.00749	0.00655	0.00187	0.01311	0.00468	0.00375	0.00843
37	0.01764	0.01913	0.06405	0.05574	0.11359	0.01810	0.45512	0.02303	0.01654	0.05465	0.01464	0.01914	0.01116	0.00698	0.00963	0.00247	0.07678	0.00786	0.00383	0.00993
38	0.00886	0.00633	0.00843	0.01012	0.01054	0.00590	0.00675	0.01012	0.01392	0.01856	0.04006	0.73979	0.04808	0.02277	0.00928	0.00295	0.00422	0.02066	0.00675	0.00590
39	0.02515	0.01884	0.02011	0.01591	0.02122	0.02098	0.01298	0.52217	0.16029	0.04199	0.02009	0.01976	0.01455	0.00894	0.00720	0.00222	0.00736	0.00688	0.04141	0.01195
40	0.79588	0.01406	0.01068	0.00956	0.01406	0.01631	0.00787	0.02137	0.01237	0.03261	0.01012	0.01181	0.00787	0.00675	0.00450	0.00225	0.00562	0.00394	0.00450	0.00787
41	0.01706	0.01405	0.01575	0.01149	0.01779	0.03329	0.00921	0.05986	0.01670	0.05686	0.01389	0.01561	0.01116	0.00583	0.00563	0.00123	0.00583	0.00460	0.00469	0.67948
42	0.00859	0.00736	0.00736	0.00736	0.00982	0.00614	0.00552	0.01043	0.01657	0.01964	0.07364	0.06996	0.69624	0.01841	0.00859	0.00245	0.00368	0.01534	0.00675	0.00614
43	0.01507	0.01292	0.01507	0.01077	0.01723	0.00969	0.00861	0.01830	0.01507	0.02369	0.01292	0.01507	0.01077	0.00538	0.00538	0.00108	0.00538	0.00431	0.00431	0.78898

[dist]
# distance from previous block
# <min> <max>
0	7

[block]
# block no. 4 follows, 28 sequences, length 90
# corresponding to MSA columns:
# 170-259
name=unknown_E
#
# <colnr> <probs for GDERKNQSTAVLIFYWHMCP>
#	G	D	E	R	K	N	Q	S	T	A	V	L	I	F	Y	W	H	M	C	P
0	0.02346	0.13292	0.02008	0.01328	0.01825	0.01627	0.01115	0.15629	0.10390	0.24366	0.10847	0.02675	0.02295	0.00957	0.00706	0.00214	0.00638	0.02849	0.00711	0.04181
1	0.01529	0.12754	0.59868	0.02001	0.03006	0.01845	0.04744	0.02287	0.01534	0.02228	0.01273	0.01503	0.00929	0.00679	0.00668	0.00221	0.01042	0.00529	0.00310	0.01053
2	0.00873	0.00718	0.00756	0.00783	0.00984	0.00615	0.00566	0.01039	0.01584	0.01918	0.06571	0.17565	0.55892	0.05591	0.01014	0.00277	0.00394	0.01595	0.00663	0.00601
3	0.79588	0.01406	0.01068	0.00956	0.01406	0.01631	0.00787	0.02137	0.01237	0.03261	0.01012	0.01181	0.00787	0.00675	0.00450	0.00225	0.00562	0.00394	0.00450	0.00787
4	0.01899	0.01888	0.03005	0.06173	0.36948	0.09235	0.18151	0.02339	0.01727	0.05530	0.01561	0.02148	0.01294	0.00734	0.00762	0.00228	0.00984	0.03948	0.00403	0.01042
5	0.00886	0.00633	0.00843	0.01012	0.01054	0.00590	0.00675	0.01012	0.01392	0.01856	0.04006	0.73979	0.04808	0.02277	0.00928	0.00295	0.00422	0.02066	0.00675	0.00590
6	0.02364	0.01810	0.02104	0.05652	0.02334	0.01975	0.04423	0.48474	0.06897	0.03902	0.01960	0.08142	0.01581	0.00969	0.00744	0.00225	0.00772	0.00788	0.00672	0.04211
7	0.01538	0.03536	0.63205	0.02124	0.03155	0.01679	0.07694	0.02345	0.01567	0.04555	0.01369	0.01599	0.00964	0.00691	0.00705	0.00231	0.01071	0.00569	0.00331	0.01072
8	0.00886	0.00633	0.00843	0.01012	0.01054	0.00590	0.00675	0.01012	0.01392	0.01856	0.04006	0.73979	0.04808	0.02277	0.00928	0.00295	0.00422	0.02066	0.00675	0.00590
9	0.01525	0.02234	0.21434	0.02537	0.05341	0.01608	0.37989	0.02121	0.01617	0.02252	0.01803	0.12628	0.01611	0.00884	0.00819	0.00248	0.01053	0.00947	0.00397	0.00953
10	0.01808	0.01561	0.01644	0.01479	0.01890	0.01808	0.01151	0.03863	0.68606	0.03041	0.02959	0.02712	0.02219	0.00986	0.00740	0.00247	0.00575	0.00822	0.00740	0.01151
11	0.00886	0.00633	0.00843	0.01012	0.01054	0.00590	0.00675	0.01012	0.01392	0.01856	0.04006	0.73979	0.04808	0.02277	0.00928	0.00295	0.00422	0.02066	0.00675	0.00590
12	0.01943	0.74891	0.03809	0.01244	0.01866	0.02876	0.01244	0.02177	0.01477	0.01710	0.01011	0.01166	0.00933	0.00622	0.00466	0.00155	0.00777	0.00389	0.00311	0.00933
13	0.00886	0.00633	0.00843	0.01012	0.01054	0.00590	0.00675	0.01012	0.01392	0.01856	0.04006	0.73979	0.04808	0.02277	0.00928	0.00295	0.00422	0.02066	0.00675	0.00590
14	0.02763	0.02036	0.02182	0.01672	0.02254	0.02254	0.01382	0.67496	0.03418	0.04581	0.01745	0.01745	0.01236	0.00873	0.00727	0.00218	0.00800	0.00654	0.00727	0.01236
15	0.65108	0.04072	0.01320	0.01096	0.01552	0.08601	0.00897	0.05901	0.01449	0.03138	0.01064	0.01225	0.00832	0.00692	0.00486	0.00219	0.00657	0.00416	0.00453	0.00823
16	0.02715	0.03464	0.02060	0.01873	0.02247	0.71536	0.01404	0.02903	0.02060	0.01779	0.01124	0.01311	0.00936	0.00749	0.00655	0.00187	0.01311	0.00468	0.00375	0.00843
17	0.01642	0.01943	0.07628	0.13986	0.03886	0.01808	0.50976	0.02232	0.01643	0.02232	0.01415	0.01920	0.01066	0.00659	0.00882	0.00246	0.03731	0.00798	0.00355	0.00952
18	0.01033	0.00695	0.00800	0.00823	0.00829	0.00689	0.00473	0.01051	0.01103	0.01471	0.02528	0.14329	0.02942	0.64473	0.03316	0.00648	0.00666	0.01197	0.00473	0.00461
19	0.01947	0.17623	0.02062	0.01279	0.01720	0.01764	0.01078	0.24314	0.05014	0.06168	0.23616	0.03043	0.05296	0.01052	0.00716	0.00210	0.00617	0.00847	0.00665	0.00969
20	0.79588	0.01406	0.01068	0.00956	0.01406	0.01631	0.00787	0.02137	0.01237	0.03261	0.01012	0.01181	0.00787	0.00675	0.00450	0.00225	0.00562	0.00394	0.00450	0.00787
21	0.10137	0.06163	0.39844	0.02015	0.06788	0.08539	0.04863	0.02333	0.01590	0.04757	0.03444	0.01650	0.01149	0.00735	0.00717	0.00224	0.03116	0.00563	0.00372	0.01000
22	0.00859	0.00736	0.00736	0.00736	0.00982	0.00614	0.00552	0.01043	0.01657	0.01964	0.07364	0.06996	0.69624	0.01841	0.00859	0.00245	0.00368	0.01534	0.00675	0.00614
23	0.01507	0.01292	0.01507	0.01077	0.01723	0.00969	0.00861	0.01830	0.01507	0.02369	0.01292	0.01507	0.01077	0.00538	0.00538	0.00108	0.00538	0.00431	0.00431	0.78898
24	0.06215	0.04757	0.02107	0.12212	0.02547	0.06222	0.01395	0.37818	0.02647	0.14325	0.01754	0.01814	0.01234	0.00828	0.00700	0.00219	0.00816	0.00631	0.00643	0.01115
25	0.02771	0.01883	0.02070	0.01602	0.02169	0.02045	0.01318	0.53448	0.07796	0.14334	0.01999	0.01922	0.01390	0.00885	0.00729	0.00221	0.00757	0.00678	0.00754	0.01230
26	0.00884	0.00637	0.00838	0.00999	0.01051	0.00592	0.00669	0.01014	0.01404	0.01861	0.04164	0.70826	0.07859	0.02257	0.00925	0.00293	0.00419	0.02041	0.00675	0.00592
27	0.79588	0.01406	0.01068	0.00956	0.01406	0.01631	0.00787	0.02137	0.01237	0.03261	0.01012	0.01181	0.00787	0.00675	0.00450	0.00225	0.00562	0.00394	0.00450	0.00787
28	0.01458	0.01157	0.01352	0.14209	0.01912	0.04458	0.00965	0.12141	0.01592	0.02071	0.02080	0.08747	0.02157	0.37263	0.05002	0.00503	0.00825	0.00954	0.00478	0.00676
29	0.00895	0.00639	0.00854	0.01023	0.01069	0.00599	0.00691	0.01029	0.01401	0.01866	0.04001	0.71779	0.04787	0.02268	0.00930	0.00297	0.00430	0.04172	0.00675	0.00593
30	0.05427	0.01466	0.01536	0.01369	0.01746	0.01666	0.01056	0.08595	0.49919	0.02993	0.04844	0.02957	0.04276	0.07684	0.01001	0.00284	0.00592	0.00846	0.00698	0.01046
31	0.01508	0.04583	0.02283	0.23908	0.02895	0.01972	0.03797	0.01793	0.01257	0.01796	0.01138	0.01769	0.01015	0.01305	0.05902	0.00336	0.40970	0.00644	0.00325	0.00802
32	0.00886	0.00633	0.00843	0.01012	0.01054	0.00590	0.00675	0.01012	0.01392	0.01856	0.04006	0.73979	0.04808	0.02277	0.00928	0.00295	0.00422	0.02066	0.00675	0.00590
33	0.02672	0.02427	0.02102	0.01717	0.02223	0.23048	0.01370	0.42967	0.08243	0.03615	0.01656	0.01692	0.01225	0.00845	0.00707	0.00211	0.00935	0.00612	0.00622	0.01111
34	0.01038	0.00779	0.01168	0.01168	0.01298	0.00909	0.00909	0.01298	0.01168	0.01687	0.01947	0.02856	0.01817	0.05452	0.71573	0.01168	0.01947	0.00779	0.00389	0.00649
35	0.00886	0.00633	0.00843	0.01012	0.01054	0.00590	0.00675	0.01012	0.01392	0.01856	0.04006	0.73979	0.04808	0.02277	0.00928	0.00295	0.00422	0.02066	0.00675	0.00590
36	0.01406	0.01332	0.02280	0.60395	0.10957	0.01591	0.04581	0.01875	0.01480	0.01925	0.01422	0.04995	0.01155	0.00781	0.00740	0.00242	0.00946	0.00715	0.00343	0.00838
37	0.00886	0.00633	0.00843	0.01012	0.01054	0.00590	0.00675	0.01012	0.01392	0.01856	0.04006	0.73979	0.04808	0.02277	0.00928	0.00295	0.00422	0.02066	0.00675	0.00590
38	0.02694	0.02316	0.02155	0.04742	0.02370	0.17322	0.01414	0.50626	0.03038	0.03855	0.01590	0.01659	0.01159	0.00839	0.00712	0.00212	0.00918	0.00614	0.00633	0.01132
39	0.01630	0.01563	0.02395	0.46109	0.23379	0.05222	0.02018	0.05164	0.01636	0.02132	0.01327	0.01857	0.01033	0.00712	0.00721	0.00231	0.00948	0.00638	0.00356	0.00929
40	0.02715	0.03464	0.02060	0.01873	0.02247	0.71536	0.01404	0.02903	0.02060	0.01779	0.01124	0.01311	0.00936	0.00749	0.00655	0.00187	0.01311	0.00468	0.00375	0.00843
41	0.01726	0.01746	0.02366	0.13747	0.39122	0.11940	0.01828	0.02081	0.01643	0.02126	0.01741	0.13259	0.01675	0.00935	0.00744	0.00228	0.00876	0.00847	0.00407	0.00964
42	0.00886	0.00633	0.00843	0.01012	0.01054	0.00590	0.00675	0.01012	0.01392	0.01856	0.04006	0.73979	0.04808	0.02277	0.00928	0.00295	0.00422	0.02066	0.00675	0.00590
43	0.05288	0.02071	0.02140	0.01657	0.02226	0.04922	0.01363	0.62840	0.03293	0.04429	0.01697	0.01710	0.01210	0.00861	0.00715	0.00217	0.00812	0.00639	0.00704	0.01206
44	0.79588	0.01406	0.01068	0.00956	0.01406	0.01631	0.00787	0.02137	0.01237	0.03261	0.01012	0.01181	0.00787	0.00675	0.00450	0.00225	0.00562	0.00394	0.00450	0.00787
45	0.01643	0.05895	0.03663	0.04847	0.03322	0.01713	0.49738	0.02167	0.01650	0.02254	0.01574	0.06280	0.01313	0.00710	0.00799	0.00227	0.01064	0.00850	0.00389	0.09902
46	0.00871	0.00737	0.00752	0.00748	0.00989	0.00619	0.00561	0.01065	0.01684	0.02028	0.11546	0.06890	0.65402	0.01817	0.00859	0.00244	0.00366	0.01519	0.00683	0.00619
47	0.01507	0.01292	0.01507	0.01077	0.01723	0.00969	0.00861	0.01830	0.01507	0.02369	0.01292	0.01507	0.01077	0.00538	0.00538	0.00108	0.00538	0.00431	0.00431	0.78898
48	0.08695	0.01854	0.09060	0.12602	0.23742	0.01816	0.09711	0.06675	0.05031	0.02475	0.01385	0.01773	0.01100	0.00773	0.00924	0.00240	0.10096	0.00647	0.00398	0.01003
49	0.01286	0.03504	0.01340	0.01174	0.01432	0.01060	0.00882	0.04698	0.06164	0.02181	0.02805	0.39330	0.03091	0.01554	0.00914	0.00239	0.06496	0.01336	0.00580	0.19932
50	0.01023	0.00743	0.00964	0.00909	0.01083	0.00684	0.00682	0.01361	0.02045	0.02885	0.67581	0.05479	0.08833	0.01497	0.00857	0.00229	0.00344	0.01321	0.00796	0.00684
51	0.03242	0.01269	0.01707	0.01308	0.01871	0.01116	0.01081	0.06090	0.02134	0.67800	0.02823	0.02445	0.01777	0.00899	0.00731	0.00225	0.00626	0.00728	0.00893	0.01237
52	0.14679	0.13416	0.02127	0.01660	0.04650	0.36869	0.01269	0.06465	0.01830	0.02192	0.01210	0.01451	0.01017	0.01138	0.06873	0.00278	0.01119	0.00490	0.00399	0.00867
53	0.00884	0.00638	0.00838	0.00999	0.01051	0.00592	0.00669	0.01014	0.01404	0.01861	0.04167	0.70769	0.07915	0.02256	0.00925	0.00293	0.00419	0.02041	0.00675	0.00592
54	0.02250	0.01845	0.01888	0.01578	0.02059	0.05071	0.01259	0.30574	0.38264	0.03633	0.02368	0.02244	0.01749	0.00928	0.00731	0.00232	0.00702	0.00736	0.00718	0.01173
55	0.66026	0.06084	0.03354	0.01067	0.01556	0.01762	0.00921	0.07656	0.01444	0.03249	0.01082	0.01238	0.00838	0.00689	0.00481	0.00220	0.00611	0.00419	0.00460	0.00842
56	0.00886	0.00633	0.00843	0.01012	0.01054	0.00590	0.00675	0.01012	0.01392	0.01856	0.04006	0.73979	0.04808	0.02277	0.00928	0.00295	0.00422	0.02066	0.00675	0.00590
57	0.02627	0.01935	0.02091	0.01628	0.02172	0.02139	0.01336	0.62518	0.03259	0.04372	0.01851	0.04965	0.01412	0.01076	0.02925	0.00251	0.00819	0.00721	0.00714	0.01190
58	0.01055	0.00709	0.00814	0.00812	0.00823	0.00712	0.00467	0.01077	0.01095	0.01471	0.04539	0.04704	0.02752	0.69250	0.06307	0.00707	0.00742	0.01055	0.00451	0.00457
59	0.00886	0.00633	0.00843	0.01012	0.01054	0.00590	0.00675	0.01012	0.01392	0.01856	0.04006	0.73979	0.04808	0.02277	0.00928	0.00295	0.00422	0.02066	0.00675	0.00590
60	0.01943	0.74891	0.03809	0.01244	0.01866	0.02876	0.01244	0.02177	0.01477	0.01710	0.01011	0.01166	0.00933	0.00622	0.00466	0.00155	0.00777	0.00389	0.00311	0.00933
61	0.00894	0.00639	0.00851	0.01007	0.01056	0.00596	0.00675	0.01032	0.01429	0.01915	0.07703	0.70112	0.04923	0.02233	0.00924	0.00291	0.00417	0.02024	0.00682	0.00596
62	0.02763	0.02036	0.02182	0.01672	0.02254	0.02254	0.01382	0.67496	0.03418	0.04581	0.01745	0.01745	0.01236	0.00873	0.00727	0.00218	0.00800	0.00654	0.00727	0.01236
63	0.01136	0.00840	0.00867	0.00858	0.00880	0.04107	0.00503	0.01154	0.01109	0.01437	0.02222	0.04524	0.02532	0.68470	0.05965	0.00696	0.00778	0.01019	0.00435	0.00467
64	0.02715	0.03464	0.02060	0.01873	0.02247	0.71536	0.01404	0.02903	0.02060	0.01779	0.01124	0.01311	0.00936	0.00749	0.00655	0.00187	0.01311	0.00468	0.00375	0.00843
65	0.02715	0.03464	0.02060	0.01873	0.02247	0.71536	0.01404	0.02903	0.02060	0.01779	0.01124	0.01311	0.00936	0.00749	0.00655	0.00187	0.01311	0.00468	0.00375	0.00843
66	0.00886	0.00633	0.00843	0.01012	0.01054	0.00590	0.00675	0.01012	0.01392	0.01856	0.04006	0.73979	0.04808	0.02277	0.00928	0.00295	0.00422	0.02066	0.00675	0.00590
67	0.02718	0.02014	0.02156	0.01663	0.02237	0.02233	0.01371	0.64500	0.06486	0.04509	0.01802	0.01791	0.01282	0.00878	0.00728	0.00219	0.00789	0.00662	0.00728	0.01232
68	0.79588	0.01406	0.01068	0.00956	0.01406	0.01631	0.00787	0.02137	0.01237	0.03261	0.01012	0.01181	0.00787	0.00675	0.00450	0.00225	0.00562	0.00394	0.00450	0.00787
69	0.01656	0.01318	0.01544	0.01112	0.01751	0.01025	0.00894	0.04525	0.01615	0.06295	0.01399	0.01571	0.01124	0.00572	0.00557	0.00119	0.00553	0.00456	0.00469	0.71444
70	0.01748	0.01489	0.01565	0.01401	0.01801	0.01689	0.01092	0.07113	0.56871	0.02998	0.03420	0.03173	0.10276	0.01083	0.00753	0.00245	0.00563	0.00898	0.00731	0.01091
71	0.01507	0.01292	0.01507	0.01077	0.01723	0.00969	0.00861	0.01830	0.01507	0.02369	0.01292	0.01507	0.01077	0.00538	0.00538	0.00108	0.00538	0.00431	0.00431	0.78898
72	0.01894	0.01920	0.02762	0.12162	0.49157	0.10892	0.04180	0.04180	0.01737	0.02297	0.01341	0.01755	0.01102	0.00676	0.00717	0.00216	0.00945	0.00631	0.00368	0.01067
73	0.00869	0.00732	0.00753	0.00758	0.00990	0.00616	0.00564	0.01058	0.01665	0.02007	0.10367	0.09870	0.63585	0.01842	0.00862	0.00247	0.00369	0.01546	0.00681	0.00616
74	0.01002	0.00759	0.01076	0.05146	0.01407	0.00743	0.02964	0.03268	0.01472	0.01960	0.03696	0.65194	0.04353	0.02089	0.00908	0.00288	0.00491	0.01901	0.00647	0.00637
75	0.03163	0.01215	0.01655	0.01277	0.01822	0.01052	0.01052	0.03447	0.02080	0.67446	0.05808	0.02604	0.02022	0.00926	0.00737	0.00225	0.00606	0.00757	0.00895	0.01213
76	0.01846	0.01815	0.02905	0.04330	0.66489	0.05266	0.02189	0.02265	0.01676	0.02345	0.01355	0.01774	0.01141	0.00653	0.00716	0.00214	0.00886	0.00639	0.00361	0.01136
77	0.38680	0.33282	0.05620	0.01150	0.01709	0.02145	0.01089	0.02228	0.01395	0.05706	0.01113	0.01252	0.00904	0.00663	0.00482	0.00195	0.00682	0.00414	0.00404	0.00885
78	0.01039	0.00776	0.01154	0.01154	0.01278	0.00901	0.00890	0.01289	0.01164	0.01677	0.01960	0.02929	0.01849	0.08129	0.68940	0.01150	0.01899	0.00790	0.00391	0.00641
79	0.02487	0.01900	0.02225	0.13159	0.06510	0.02123	0.01531	0.53345	0.03005	0.04022	0.01652	0.01779	0.01189	0.00837	0.00727	0.00222	0.00830	0.00653	0.00642	0.01163
80	0.00908	0.00736	0.00793	0.00780	0.00996	0.00635	0.00577	0.01119	0.01719	0.02154	0.21403	0.06522	0.51796	0.05440	0.01003	0.00265	0.00379	0.01459	0.00692	0.00621
81	0.02213	0.01350	0.01583	0.01329	0.01758	0.01402	0.01057	0.10713	0.26746	0.24134	0.16342	0.03078	0.02918	0.01048	0.00759	0.00233	0.00568	0.00874	0.00800	0.01093
82	0.79588	0.01406	0.01068	0.00956	0.01406	0.01631	0.00787	0.02137	0.01237	0.03261	0.01012	0.01181	0.00787	0.00675	0.00450	0.00225	0.00562	0.00394	0.00450	0.00787
83	0.02715	0.03464	0.02060	0.01873	0.02247	0.71536	0.01404	0.02903	0.02060	0.01779	0.01124	0.01311	0.00936	0.00749	0.00655	0.00187	0.01311	0.00468	0.00375	0.00843
84	0.02488	0.02140	0.01978	0.12059	0.02523	0.22277	0.01387	0.21611	0.07367	0.13653	0.01955	0.02011	0.03574	0.00860	0.00712	0.00217	0.00915	0.00653	0.00591	0.01030
85	0.01048	0.00710	0.00812	0.00812	0.00829	0.00712	0.00472	0.01070	0.01089	0.01449	0.02487	0.04745	0.05450	0.67468	0.07408	0.00711	0.00760	0.01062	0.00448	0.00460
86	0.00886	0.00633	0.00843	0.01012	0.01054	0.00590	0.00675	0.01012	0.01392	0.01856	0.04006	0.73979	0.04808	0.02277	0.00928	0.00295	0.00422	0.02066	0.00675	0.00590
87	0.01355	0.00678	0.00678	0.00678	0.00847	0.00678	0.00508	0.01694	0.01524	0.02710	0.02371	0.02710	0.01863	0.00847	0.00508	0.00169	0.00339	0.00678	0.78489	0.00678
88	0.14651	0.01757	0.01715	0.01444	0.01909	0.06813	0.01150	0.21606	0.26993	0.09004	0.02143	0.02129	0.01595	0.02955	0.00767	0.00242	0.00697	0.00679	0.00669	0.01082
89	0.02551	0.01735	0.01941	0.01482	0.02054	0.01791	0.01217	0.43946	0.02835	0.13996	0.04724	0.01971	0.01533	0.00846	0.00701	0.00201	0.00709	0.00656	0.00706	0.14405

[dist]
# distance from previous block
# <min> <max>
0	6

[block]
# block no. 5 follows, 28 sequences, length 7
# corresponding to MSA columns:
# 266-272
name=unknown_F
#
# <colnr> <probs for GDERKNQSTAVLIFYWHMCP>
#	G	D	E	R	K	N	Q	S	T	A	V	L	I	F	Y	W	H	M	C	P
0	0.01577	0.02097	0.16624	0.05435	0.12661	0.01740	0.27574	0.02099	0.01546	0.02188	0.01545	0.07632	0.01347	0.00869	0.01030	0.00253	0.11633	0.00821	0.00370	0.00958
1	0.01399	0.01104	0.01095	0.01028	0.01288	0.06567	0.00767	0.05462	0.05546	0.07710	0.10649	0.14819	0.31904	0.06126	0.01004	0.00272	0.00528	0.01318	0.00672	0.00741
2	0.01355	0.00678	0.00678	0.00678	0.00847	0.00678	0.00508	0.01694	0.01524	0.02710	0.02371	0.02710	0.01863	0.00847	0.00508	0.00169	0.00339	0.00678	0.78489	0.00678
3	0.08286	0.01275	0.01384	0.01261	0.01599	0.01376	0.01014	0.15469	0.18027	0.02948	0.08088	0.04419	0.12492	0.05091	0.00944	0.00279	0.00599	0.13880	0.00678	0.00891
4	0.33167	0.22955	0.07035	0.05263	0.01980	0.07628	0.01206	0.02361	0.04093	0.06722	0.01249	0.01395	0.00980	0.00696	0.00533	0.00204	0.00748	0.00460	0.00426	0.00898
5	0.07158	0.00988	0.01183	0.01046	0.01328	0.00960	0.00804	0.08209	0.02010	0.14057	0.34721	0.09855	0.08330	0.04969	0.00941	0.00257	0.00475	0.01148	0.00749	0.00814
6	0.02019	0.01441	0.01719	0.01485	0.06211	0.01392	0.01091	0.18236	0.09066	0.10468	0.01810	0.02044	0.01418	0.04686	0.00988	0.06542	0.00653	0.00623	0.00575	0.27532

[dist]
# distance from previous block
# <min> <max>
0	1

[block]
# block no. 6 follows, 28 sequences, length 6
# corresponding to MSA columns:
# 274-279
name=unknown_G
#
# <colnr> <probs for GDERKNQSTAVLIFYWHMCP>
#	G	D	E	R	K	N	Q	S	T	A	V	L	I	F	Y	W	H	M	C	P
0	0.01637	0.01358	0.01745	0.01283	0.01891	0.01126	0.06268	0.04701	0.05320	0.05296	0.05284	0.01878	0.01499	0.00650	0.00608	0.00142	0.00599	0.00557	0.00494	0.57662
1	0.06121	0.00994	0.04432	0.01075	0.01349	0.00847	0.00890	0.01712	0.01844	0.11683	0.34471	0.12413	0.08629	0.01489	0.00833	0.00249	0.00478	0.08989	0.00732	0.00768
2	0.02422	0.02986	0.02091	0.13415	0.02674	0.55549	0.01517	0.02656	0.01898	0.01790	0.01140	0.01432	0.00943	0.00780	0.00782	0.00205	0.06017	0.00508	0.00362	0.00834
3	0.12994	0.15215	0.33079	0.01654	0.02382	0.13188	0.01814	0.02288	0.01605	0.02299	0.06113	0.01666	0.01335	0.00744	0.00624	0.00210	0.00936	0.00536	0.00375	0.00943
4	0.02120	0.01357	0.01561	0.01366	0.01791	0.01440	0.01090	0.03403	0.39697	0.22505	0.03286	0.03348	0.06608	0.01096	0.00766	0.00247	0.00582	0.05857	0.00777	0.01103
5	0.29472	0.01840	0.01609	0.01360	0.01819	0.11727	0.01089	0.20223	0.09959	0.07191	0.05732	0.01865	0.01526	0.00838	0.00629	0.00220	0.00725	0.00601	0.00595	0.00979

[dist]
# distance from previous block
# <min> <max>
1	5

[block]
# block no. 7 follows, 28 sequences, length 40
# corresponding to MSA columns:
# 285-324
name=unknown_H
#
# <colnr> <probs for GDERKNQSTAVLIFYWHMCP>
#	G	D	E	R	K	N	Q	S	T	A	V	L	I	F	Y	W	H	M	C	P
0	0.01721	0.01730	0.05723	0.12209	0.24018	0.01665	0.14029	0.06532	0.09982	0.02505	0.01647	0.03587	0.01321	0.00736	0.00733	0.00219	0.00869	0.00713	0.00440	0.09620
1	0.01740	0.13531	0.04347	0.15600	0.28055	0.01863	0.06138	0.06495	0.05043	0.02371	0.05095	0.02109	0.01507	0.00764	0.00704	0.00218	0.00847	0.02146	0.00418	0.01010
2	0.01924	0.05210	0.01550	0.01246	0.01595	0.12462	0.00986	0.05730	0.06389	0.15904	0.19196	0.03724	0.15612	0.01200	0.00830	0.00225	0.03697	0.00961	0.00675	0.00884
3	0.10044	0.07989	0.02196	0.03703	0.02196	0.09442	0.01348	0.42557	0.02687	0.03649	0.01481	0.01593	0.01109	0.00844	0.00788	0.00218	0.05899	0.00587	0.00589	0.01083
4	0.28523	0.01960	0.01913	0.01967	0.12884	0.15342	0.01363	0.09239	0.01674	0.02675	0.01159	0.01447	0.00956	0.00823	0.00944	0.00234	0.15042	0.00525	0.00425	0.00907
5	0.01682	0.01745	0.02209	0.10787	0.05360	0.09698	0.01635	0.01900	0.01285	0.01792	0.01058	0.01643	0.00984	0.01223	0.03625	0.00311	0.51296	0.00623	0.00329	0.00814
6	0.01554	0.01553	0.02138	0.14790	0.02441	0.04554	0.01613	0.01772	0.01225	0.01776	0.01185	0.05501	0.01162	0.01207	0.01942	0.00298	0.53453	0.00708	0.00340	0.00788
7	0.01680	0.01520	0.02289	0.33889	0.03454	0.01876	0.05988	0.12485	0.01675	0.02279	0.01279	0.01818	0.01027	0.00960	0.01283	0.02917	0.21667	0.00658	0.00390	0.00868
8	0.01172	0.00744	0.01069	0.08164	0.01436	0.00774	0.00810	0.01204	0.04499	0.01612	0.02286	0.26702	0.02491	0.02185	0.01873	0.40296	0.00591	0.01132	0.00460	0.00500
9	0.01032	0.00951	0.06045	0.00997	0.01226	0.00744	0.00822	0.01377	0.01918	0.02686	0.52913	0.12776	0.10681	0.01540	0.00853	0.00237	0.00407	0.01356	0.00741	0.00699
10	0.00939	0.00674	0.00891	0.00976	0.01066	0.00626	0.00679	0.01147	0.01641	0.02252	0.28534	0.48321	0.05575	0.01981	0.00901	0.00270	0.00392	0.01785	0.00722	0.00626
11	0.02651	0.01809	0.02013	0.01552	0.02112	0.01930	0.01277	0.50612	0.02981	0.13236	0.01875	0.01884	0.01331	0.01085	0.04320	0.00259	0.00814	0.00655	0.00712	0.06892
12	0.01010	0.00732	0.00913	0.00880	0.01026	0.00678	0.00632	0.01273	0.01829	0.02532	0.49722	0.08011	0.12638	0.13401	0.01322	0.00310	0.00407	0.01323	0.00724	0.00635
13	0.02527	0.01154	0.01488	0.01215	0.01669	0.01052	0.00987	0.04905	0.06713	0.45247	0.11089	0.03567	0.10012	0.01127	0.00772	0.00234	0.00564	0.03770	0.00836	0.01073
14	0.00978	0.00756	0.00856	0.00846	0.01021	0.00692	0.00605	0.01244	0.04100	0.02188	0.24600	0.10974	0.32842	0.13528	0.01321	0.00319	0.00427	0.01405	0.00676	0.00625
15	0.68999	0.01354	0.01072	0.00958	0.01378	0.01549	0.00775	0.04063	0.01317	0.03138	0.01426	0.01685	0.04404	0.04672	0.00653	0.00251	0.00567	0.00495	0.00469	0.00774
16	0.00960	0.00736	0.00851	0.00825	0.01008	0.00657	0.00601	0.01196	0.01771	0.02336	0.35314	0.06018	0.33072	0.10073	0.01187	0.00291	0.00396	0.01378	0.00705	0.00627
17	0.16490	0.01693	0.01752	0.01404	0.01892	0.01866	0.01146	0.42444	0.05185	0.03972	0.10036	0.02342	0.04757	0.00955	0.00698	0.00223	0.00675	0.00729	0.00683	0.01058
18	0.01398	0.00820	0.00882	0.00825	0.01012	0.00832	0.00611	0.07797	0.01732	0.02759	0.13209	0.03315	0.02712	0.10106	0.00982	0.00250	0.00429	0.00826	0.48800	0.00702
19	0.02164	0.01443	0.01618	0.01389	0.01836	0.01556	0.01099	0.06733	0.43530	0.20423	0.03184	0.02903	0.06783	0.01018	0.00745	0.00239	0.00583	0.00840	0.00776	0.01140
20	0.01057	0.00705	0.00793	0.00793	0.00793	0.00705	0.00440	0.01057	0.01057	0.01409	0.02290	0.04757	0.02643	0.74454	0.03700	0.00705	0.00705	0.01057	0.00440	0.00440
21	0.00971	0.00734	0.00884	0.00857	0.01037	0.00660	0.00631	0.01237	0.01850	0.02493	0.43773	0.08958	0.25961	0.05520	0.01013	0.00262	0.00374	0.01403	0.00737	0.00646
22	0.00972	0.00741	0.00893	0.00855	0.01051	0.00662	0.00641	0.01262	0.01923	0.02596	0.48681	0.05955	0.27913	0.01605	0.00858	0.00234	0.00351	0.01388	0.00758	0.00662
23	0.02698	0.01972	0.02121	0.01645	0.02211	0.02180	0.01353	0.60186	0.08858	0.06468	0.01882	0.01849	0.01336	0.00883	0.00728	0.00221	0.00775	0.00671	0.00734	0.01229
24	0.00976	0.00728	0.00911	0.00912	0.01078	0.00662	0.00678	0.01251	0.01848	0.02511	0.42942	0.17013	0.19531	0.01712	0.00876	0.00248	0.00376	0.04345	0.00748	0.00655
