[name]
unknown

[dist]
# distance from previous block
# <min> <max>
0	1

[block]
# block no. 0 follows, 30 sequences, length 30
# corresponding to MSA columns:
# 1-30
name=unknown_A
#
# <colnr> <probs for GDERKNQSTAVLIFYWHMCP>
#	G	D	E	R	K	N	Q	S	T	A	V	L	I	F	Y	W	H	M	C	P
0	0.01296	0.00933	0.01234	0.01321	0.01527	0.00956	0.01147	0.09018	0.01795	0.02348	0.03468	0.07175	0.03698	0.01805	0.00934	0.00309	0.00657	0.59028	0.00649	0.00704
1	0.02653	0.01955	0.02094	0.01606	0.02164	0.02164	0.01326	0.68796	0.03281	0.04398	0.01675	0.01675	0.01187	0.00838	0.00698	0.00209	0.00768	0.00628	0.00698	0.01187
2	0.03052	0.01315	0.01698	0.01302	0.01845	0.01214	0.01075	0.14235	0.02210	0.60471	0.02575	0.02259	0.01638	0.00859	0.00701	0.00215	0.00623	0.00690	0.00836	0.01187
3	0.01727	0.01658	0.02832	0.04283	0.71123	0.01658	0.02142	0.02142	0.01589	0.02280	0.01313	0.01727	0.01105	0.00622	0.00691	0.00207	0.00829	0.00622	0.00345	0.01105
4	0.01212	0.00606	0.00909	0.00909	0.00909	0.00606	0.00606	0.00909	0.00909	0.01212	0.01212	0.02121	0.01212	0.02424	0.02727	0.79697	0.00606	0.00606	0.00303	0.00303
5	0.01318	0.01240	0.02093	0.73798	0.04806	0.01550	0.01938	0.01783	0.01395	0.01783	0.01240	0.01860	0.00930	0.00698	0.00698	0.00233	0.00930	0.00620	0.00310	0.00775
6	0.03131	0.01188	0.01619	0.01242	0.01781	0.01026	0.01026	0.03401	0.01997	0.71606	0.02753	0.02375	0.01727	0.00864	0.00702	0.00216	0.00594	0.00702	0.00864	0.01188
7	0.00846	0.00624	0.00792	0.00927	0.01000	0.00571	0.00628	0.00977	0.01379	0.01799	0.04389	0.63524	0.15761	0.02116	0.00880	0.00275	0.00396	0.01898	0.00648	0.00571
8	0.01647	0.01882	0.04118	0.02941	0.03647	0.01765	0.68588	0.02235	0.01647	0.02235	0.01412	0.01882	0.01059	0.00588	0.00824	0.00235	0.01176	0.00824	0.00353	0.00941
9	0.01527	0.01527	0.02137	0.01832	0.01832	0.02137	0.01527	0.01679	0.01069	0.01679	0.00916	0.01527	0.00916	0.01221	0.02290	0.00305	0.74198	0.00611	0.00305	0.00763
10	0.01318	0.01240	0.02093	0.73798	0.04806	0.01550	0.01938	0.01783	0.01395	0.01783	0.01240	0.01860	0.00930	0.00698	0.00698	0.00233	0.00930	0.00620	0.00310	0.00775
11	0.01527	0.01527	0.02137	0.01832	0.01832	0.02137	0.01527	0.01679	0.01069	0.01679	0.00916	0.01527	0.00916	0.01221	0.02290	0.00305	0.74198	0.00611	0.00305	0.00763
12	0.01328	0.01243	0.02089	0.64527	0.10012	0.01510	0.01890	0.01772	0.01408	0.01823	0.01376	0.05483	0.01128	0.00765	0.00707	0.00233	0.00896	0.00688	0.00330	0.00792
13	0.00997	0.00748	0.01121	0.01121	0.01246	0.00872	0.00872	0.01246	0.01121	0.01620	0.01869	0.02741	0.01745	0.05234	0.72710	0.01121	0.01869	0.00748	0.00374	0.00623
14	0.01736	0.01499	0.01578	0.01420	0.01815	0.01736	0.01105	0.03708	0.69862	0.02919	0.02840	0.02604	0.02130	0.00947	0.00710	0.00237	0.00552	0.00789	0.00710	0.01105
15	0.00997	0.00748	0.01121	0.01121	0.01246	0.00872	0.00872	0.01246	0.01121	0.01620	0.01869	0.02741	0.01745	0.05234	0.72710	0.01121	0.01869	0.00748	0.00374	0.00623
16	0.02570	0.02244	0.02026	0.01637	0.02135	0.18831	0.01314	0.48083	0.08167	0.03645	0.01625	0.01649	0.01192	0.00818	0.00683	0.00205	0.00867	0.00598	0.00619	0.01091
17	0.02996	0.01241	0.01632	0.01269	0.01797	0.01126	0.01043	0.05693	0.07817	0.63432	0.02723	0.02370	0.01743	0.00870	0.00702	0.00217	0.00596	0.00707	0.00845	0.01180
18	0.00954	0.00712	0.00886	0.00842	0.01022	0.00644	0.00632	0.01251	0.01895	0.02608	0.57486	0.05526	0.19971	0.01498	0.00823	0.00223	0.00334	0.01306	0.00743	0.00644
19	0.00960	0.00739	0.00882	0.00858	0.01045	0.00679	0.00638	0.01300	0.04941	0.02435	0.42191	0.11415	0.26201	0.01574	0.00824	0.00231	0.00353	0.01366	0.00718	0.00650
20	0.01015	0.00677	0.00761	0.00761	0.00761	0.00677	0.00423	0.01015	0.01015	0.01353	0.02199	0.04567	0.02537	0.75476	0.03552	0.00677	0.00677	0.01015	0.00423	0.00423
21	0.01447	0.01240	0.01447	0.01034	0.01654	0.00930	0.00827	0.01757	0.01447	0.02274	0.01240	0.01447	0.01034	0.00517	0.00517	0.00103	0.00517	0.00413	0.00413	0.79742
22	0.02018	0.01713	0.02369	0.02215	0.15912	0.03835	0.12139	0.21049	0.08758	0.06236	0.01628	0.01788	0.01231	0.00704	0.00683	0.00196	0.00785	0.00632	0.00519	0.15588
23	0.02353	0.01857	0.01932	0.01536	0.01996	0.06957	0.01246	0.50357	0.02751	0.03652	0.01621	0.01846	0.01253	0.04625	0.06402	0.00300	0.04522	0.00635	0.00608	0.03554
24	0.01004	0.00694	0.00863	0.00869	0.00905	0.00727	0.00556	0.01077	0.01056	0.01443	0.02167	0.06627	0.02393	0.53288	0.22671	0.00786	0.00998	0.00976	0.00417	0.00484
25	0.01413	0.01115	0.01271	0.01235	0.03897	0.01171	0.00902	0.06938	0.26190	0.04727	0.14365	0.14060	0.17175	0.01345	0.00775	0.00237	0.00482	0.01154	0.00688	0.00861
26	0.01971	0.26574	0.20513	0.01604	0.02274	0.06509	0.06676	0.07577	0.03816	0.11355	0.03832	0.01672	0.01271	0.00714	0.00617	0.00195	0.00846	0.00555	0.00440	0.00988
27	0.02757	0.01840	0.01984	0.01532	0.02079	0.04783	0.01260	0.51539	0.02942	0.19261	0.01891	0.01814	0.01295	0.00839	0.00696	0.00210	0.00749	0.00637	0.00721	0.01172
28	0.00860	0.00621	0.00797	0.00933	0.00988	0.00577	0.00621	0.00977	0.01336	0.01760	0.04012	0.64026	0.10283	0.07347	0.01074	0.00307	0.00420	0.01870	0.00632	0.00559
29	0.02220	0.02157	0.05568	0.01746	0.02157	0.17960	0.05155	0.21657	0.09644	0.07042	0.01544	0.01698	0.01182	0.00881	0.01018	0.00228	0.16036	0.00612	0.00513	0.00983

[dist]
# distance from previous block
# <min> <max>
2	17

[block]
# block no. 1 follows, 30 sequences, length 38
# corresponding to MSA columns:
# 48-85
name=unknown_B
#
# <colnr> <probs for GDERKNQSTAVLIFYWHMCP>
#	G	D	E	R	K	N	Q	S	T	A	V	L	I	F	Y	W	H	M	C	P
0	0.01928	0.06163	0.01638	0.01234	0.01614	0.01542	0.00994	0.28084	0.07575	0.05582	0.04655	0.04191	0.01774	0.06600	0.02738	0.00257	0.02766	0.00712	0.14844	0.05111
1	0.01921	0.01505	0.01728	0.03673	0.04845	0.01555	0.01138	0.30361	0.10820	0.03210	0.04711	0.09670	0.01840	0.00931	0.00683	0.00197	0.00634	0.00768	0.00605	0.19206
2	0.07862	0.01497	0.01936	0.02082	0.19736	0.03703	0.01342	0.04963	0.05901	0.06845	0.03521	0.01761	0.01298	0.00768	0.00894	0.00199	0.12850	0.00576	0.00448	0.21818
3	0.01000	0.00676	0.00760	0.00766	0.00779	0.00668	0.00436	0.01013	0.01054	0.01394	0.02495	0.07210	0.05940	0.69244	0.03323	0.00641	0.00651	0.01072	0.00442	0.00436
4	0.01098	0.00879	0.01202	0.01140	0.01215	0.01048	0.00862	0.01265	0.01145	0.01632	0.05340	0.03253	0.04907	0.21951	0.34849	0.00768	0.15598	0.00844	0.00404	0.00600
5	0.02286	0.04214	0.01956	0.04133	0.02091	0.11327	0.01258	0.37710	0.07869	0.05288	0.01847	0.04873	0.03039	0.00899	0.00756	0.00210	0.04095	0.00677	0.00597	0.04874
6	0.01848	0.08682	0.25707	0.02108	0.02815	0.11988	0.21161	0.07581	0.01736	0.04712	0.01323	0.01582	0.00993	0.00689	0.00760	0.00216	0.04154	0.00603	0.00374	0.00969
7	0.00853	0.00624	0.00794	0.00928	0.00994	0.00574	0.00624	0.00977	0.01360	0.01781	0.04233	0.63073	0.13701	0.04729	0.00976	0.00291	0.00407	0.01879	0.00640	0.00565
8	0.03947	0.01854	0.07867	0.06239	0.16151	0.15143	0.10735	0.02013	0.01645	0.03971	0.08559	0.14678	0.02183	0.01001	0.00736	0.00223	0.00846	0.00901	0.00453	0.00855
9	0.01550	0.02223	0.21259	0.06806	0.02829	0.04428	0.19431	0.02014	0.01383	0.01975	0.01163	0.01618	0.00945	0.00854	0.01308	0.00255	0.28123	0.00636	0.00317	0.00884
10	0.00915	0.00635	0.00790	0.00888	0.00913	0.00610	0.00559	0.00989	0.01209	0.01612	0.03193	0.47092	0.03791	0.31239	0.01946	0.00439	0.00513	0.01600	0.00559	0.00510
11	0.01126	0.00902	0.01029	0.00964	0.01203	0.00901	0.00732	0.01812	0.18298	0.02586	0.37481	0.04979	0.22500	0.01401	0.00796	0.00228	0.00390	0.01203	0.00722	0.00748
12	0.02573	0.01915	0.02049	0.01589	0.02134	0.02127	0.01307	0.63136	0.09070	0.04269	0.01777	0.01756	0.01269	0.00847	0.00699	0.00212	0.00749	0.00642	0.00699	0.01180
13	0.00850	0.00607	0.00810	0.00972	0.01012	0.00567	0.00648	0.00972	0.01336	0.01781	0.03846	0.75020	0.04615	0.02186	0.00891	0.00283	0.00405	0.01984	0.00648	0.00567
14	0.02371	0.02656	0.01948	0.01821	0.05741	0.44137	0.01333	0.11282	0.17316	0.02349	0.01561	0.01637	0.01222	0.00780	0.00659	0.00198	0.01016	0.00557	0.00480	0.00938
15	0.02653	0.01955	0.02094	0.01606	0.02164	0.02164	0.01326	0.68796	0.03281	0.04398	0.01675	0.01675	0.01187	0.00838	0.00698	0.00209	0.00768	0.00628	0.00698	0.01187
16	0.01417	0.01218	0.01275	0.01172	0.01508	0.01331	0.00904	0.02757	0.45654	0.02578	0.06157	0.04019	0.24672	0.01228	0.00751	0.00236	0.00481	0.01026	0.00691	0.00924
17	0.00985	0.00737	0.01097	0.01110	0.01228	0.00848	0.00855	0.01224	0.01138	0.01633	0.02026	0.08463	0.01972	0.04992	0.67025	0.01055	0.01753	0.00846	0.00396	0.00619
18	0.02881	0.01589	0.01868	0.01432	0.01981	0.01621	0.01183	0.37600	0.02669	0.36459	0.02189	0.02009	0.01445	0.00850	0.00700	0.00213	0.00685	0.00663	0.00777	0.01187
19	0.01647	0.01882	0.04118	0.02941	0.03647	0.01765	0.68588	0.02235	0.01647	0.02235	0.01412	0.01882	0.01059	0.00588	0.00824	0.00235	0.01176	0.00824	0.00353	0.00941
20	0.00914	0.00664	0.00861	0.00910	0.01022	0.00612	0.00645	0.01137	0.01655	0.02269	0.35716	0.37581	0.09819	0.01800	0.00854	0.00250	0.00366	0.01609	0.00705	0.00612
21	0.02406	0.08528	0.06557	0.01641	0.02111	0.37090	0.01355	0.12862	0.10818	0.07785	0.01529	0.01585	0.01164	0.00764	0.00643	0.00195	0.00986	0.00538	0.00486	0.00955
22	0.01517	0.01482	0.02150	0.01819	0.01893	0.01976	0.05770	0.04100	0.01201	0.01816	0.01158	0.04938	0.01146	0.01423	0.05811	0.00340	0.59649	0.00694	0.00342	0.00774
23	0.02568	0.01143	0.01495	0.01190	0.01642	0.01043	0.00966	0.07338	0.04365	0.49247	0.18028	0.02976	0.02801	0.00992	0.00729	0.00217	0.00544	0.00826	0.00826	0.01065
24	0.01713	0.01633	0.02725	0.06608	0.64259	0.01659	0.02067	0.02230	0.05986	0.02303	0.01409	0.01788	0.01165	0.00645	0.00692	0.00210	0.00815	0.00632	0.00368	0.01093
25	0.04635	0.02163	0.02436	0.06928	0.35095	0.24536	0.04998	0.02434	0.06163	0.02137	0.01327	0.01628	0.01082	0.00678	0.00670	0.00203	0.00962	0.00579	0.00375	0.00972
26	0.00893	0.00641	0.00833	0.00927	0.01001	0.00597	0.00632	0.01059	0.01478	0.02003	0.20030	0.51390	0.07075	0.06730	0.01044	0.00292	0.00402	0.01730	0.00662	0.00580
27	0.02793	0.01188	0.01565	0.01223	0.01712	0.01073	0.01001	0.08747	0.02105	0.56299	0.12065	0.02707	0.02353	0.00939	0.00718	0.00216	0.00572	0.00773	0.00836	0.01114
28	0.02649	0.01664	0.01978	0.01526	0.02058	0.01742	0.04063	0.43952	0.02747	0.23096	0.02083	0.05773	0.01515	0.00906	0.00715	0.00216	0.00717	0.00729	0.00727	0.01144
29	0.02713	0.01705	0.01921	0.01490	0.02030	0.01813	0.01225	0.45441	0.08195	0.22988	0.02068	0.01944	0.01412	0.00854	0.00700	0.00213	0.00702	0.00661	0.00745	0.01180
30	0.01014	0.00680	0.00780	0.00780	0.00787	0.00687	0.00447	0.01027	0.01020	0.01367	0.02181	0.04470	0.02495	0.71749	0.07221	0.00700	0.00740	0.01001	0.00420	0.00433
31	0.17731	0.01402	0.01376	0.01197	0.01582	0.05886	0.00943	0.14013	0.12215	0.13105	0.02840	0.11352	0.11326	0.01104	0.00683	0.00227	0.00594	0.00882	0.00637	0.00906
32	0.01744	0.17171	0.35763	0.01885	0.04426	0.15231	0.04364	0.02252	0.01535	0.01967	0.01146	0.01391	0.00904	0.00701	0.00751	0.00206	0.06811	0.00497	0.00312	0.00941
33	0.00880	0.00633	0.00806	0.00917	0.00979	0.00590	0.00612	0.01009	0.01374	0.01827	0.09740	0.54894	0.09952	0.10887	0.01199	0.00321	0.00427	0.01763	0.00631	0.00559
34	0.00848	0.00616	0.00801	0.00948	0.01006	0.00569	0.00637	0.00974	0.01358	0.01790	0.04129	0.69035	0.10418	0.02150	0.00885	0.00279	0.00400	0.01939	0.00648	0.00569
35	0.02404	0.01758	0.02026	0.01660	0.04178	0.07851	0.06540	0.33969	0.04816	0.15973	0.06330	0.05615	0.01791	0.00913	0.00720	0.00215	0.00760	0.00753	0.00663	0.01066
36	0.02250	0.06901	0.02148	0.02072	0.15926	0.22680	0.01396	0.19729	0.04284	0.06999	0.01936	0.02022	0.06954	0.00826	0.00671	0.00200	0.00871	0.00638	0.00508	0.00988
37	0.06789	0.01729	0.12168	0.06065	0.02082	0.03729	0.01322	0.09675	0.11255	0.14045	0.04783	0.02198	0.04056	0.00870	0.00789	0.00216	0.06501	0.00664	0.04395	0.06669

[dist]
# distance from previous block
# <min> <max>
0	8

[block]
# block no. 2 follows, 30 sequences, length 35
# corresponding to MSA columns:
# 94-128
name=unknown_C
#
# <colnr> <probs for GDERKNQSTAVLIFYWHMCP>
#	G	D	E	R	K	N	Q	S	T	A	V	L	I	F	Y	W	H	M	C	P
0	0.01895	0.41901	0.13570	0.01399	0.02037	0.09729	0.01393	0.08140	0.01657	0.02056	0.01119	0.01276	0.00936	0.00633	0.00530	0.00164	0.00820	0.00431	0.00353	0.09961
1	0.12146	0.07495	0.31857	0.01708	0.02447	0.01591	0.09394	0.04367	0.03378	0.13548	0.04491	0.01792	0.01309	0.00725	0.00651	0.00216	0.00843	0.00595	0.00454	0.00991
2	0.05680	0.04228	0.07648	0.01472	0.04518	0.04846	0.03418	0.13909	0.06219	0.15767	0.08656	0.04471	0.03869	0.00957	0.00766	0.03540	0.00677	0.00725	0.00590	0.08046
3	0.01600	0.01422	0.07700	0.01267	0.01626	0.01292	0.01053	0.22846	0.06802	0.02780	0.07206	0.22039	0.02682	0.10217	0.01089	0.00283	0.00621	0.01072	0.00603	0.05798
4	0.00909	0.00685	0.00842	0.00857	0.01008	0.00617	0.00622	0.01145	0.01710	0.02297	0.36823	0.23441	0.23073	0.01711	0.00841	0.00240	0.00355	0.01502	0.00706	0.00617
5	0.02166	0.05570	0.02033	0.10383	0.06824	0.06277	0.01342	0.36056	0.05183	0.05443	0.05137	0.04403	0.01602	0.03490	0.00794	0.00228	0.00770	0.00701	0.00584	0.01016
6	0.01401	0.01699	0.15943	0.01809	0.11235	0.01332	0.05440	0.02249	0.19747	0.02378	0.08839	0.07464	0.08422	0.04873	0.00875	0.00251	0.00675	0.00899	0.03563	0.00906
7	0.05507	0.01156	0.01538	0.01194	0.01702	0.01011	0.00980	0.03131	0.01950	0.61388	0.08199	0.02534	0.02069	0.00891	0.00696	0.00213	0.00568	0.00727	0.00826	0.03721
8	0.02274	0.01365	0.01549	0.01247	0.01689	0.01402	0.01010	0.27741	0.07461	0.21910	0.05434	0.02785	0.10090	0.00985	0.00696	0.00211	0.00587	0.00789	0.09746	0.01027
9	0.01529	0.01593	0.10123	0.40327	0.16761	0.01511	0.01879	0.04006	0.01518	0.05285	0.01370	0.01873	0.01061	0.03071	0.00774	0.00232	0.00871	0.00614	0.00362	0.05241
10	0.00954	0.00653	0.00786	0.00842	0.00863	0.00636	0.00514	0.01012	0.01171	0.01568	0.05667	0.29935	0.03454	0.46008	0.02480	0.00516	0.00564	0.01374	0.00518	0.00484
11	0.00997	0.00748	0.01121	0.01121	0.01246	0.00872	0.00872	0.01246	0.01121	0.01620	0.01869	0.02741	0.01745	0.05234	0.72710	0.01121	0.01869	0.00748	0.00374	0.00623
12	0.00872	0.00620	0.00823	0.00976	0.01021	0.00584	0.00660	0.00997	0.01333	0.01775	0.03757	0.68250	0.04483	0.05824	0.01027	0.00305	0.00430	0.05066	0.00636	0.00563
13	0.01434	0.03194	0.57334	0.02025	0.02883	0.01706	0.06506	0.02133	0.01424	0.02133	0.01212	0.01507	0.00900	0.00741	0.00914	0.00234	0.11886	0.00549	0.00300	0.00986
14	0.00876	0.00680	0.00797	0.00829	0.00989	0.00601	0.00598	0.01078	0.01622	0.02102	0.23326	0.25785	0.34628	0.01795	0.00843	0.00245	0.00362	0.01562	0.00680	0.00601
15	0.00882	0.00633	0.00824	0.00965	0.01022	0.00594	0.00660	0.01012	0.01345	0.01777	0.03874	0.60976	0.07838	0.07820	0.01099	0.00314	0.00441	0.06731	0.00630	0.00563
16	0.01002	0.00671	0.00765	0.00777	0.00780	0.00668	0.00440	0.01012	0.01039	0.01385	0.02323	0.09861	0.02693	0.69968	0.03352	0.00647	0.00656	0.01088	0.00440	0.00434
17	0.00902	0.00639	0.00842	0.00986	0.01036	0.00608	0.00680	0.01034	0.01333	0.01771	0.03644	0.59053	0.04311	0.10331	0.01196	0.00332	0.00464	0.09656	0.00622	0.00560
18	0.01400	0.03610	0.71860	0.01989	0.03020	0.01621	0.02578	0.02210	0.01473	0.02210	0.01252	0.01473	0.00884	0.00663	0.00663	0.00221	0.01031	0.00516	0.00295	0.01031
19	0.02607	0.03326	0.01978	0.01798	0.02157	0.72674	0.01348	0.02787	0.01978	0.01708	0.01079	0.01258	0.00899	0.00719	0.00629	0.00180	0.01258	0.00449	0.00360	0.00809
20	0.02653	0.01955	0.02094	0.01606	0.02164	0.02164	0.01326	0.68796	0.03281	0.04398	0.01675	0.01675	0.01187	0.00838	0.00698	0.00209	0.00768	0.00628	0.00698	0.01187
21	0.01383	0.01277	0.01908	0.01627	0.01931	0.05603	0.18389	0.07647	0.03952	0.02220	0.04709	0.35272	0.03081	0.01476	0.00837	0.00257	0.00712	0.06395	0.00563	0.00761
22	0.01456	0.01268	0.01562	0.01116	0.01740	0.00966	0.03748	0.01778	0.01456	0.02272	0.01248	0.01466	0.01035	0.00520	0.00530	0.00109	0.00545	0.00431	0.00411	0.76344
23	0.00850	0.00607	0.00810	0.00972	0.01012	0.00567	0.00648	0.00972	0.01336	0.01781	0.03846	0.75020	0.04615	0.02186	0.00891	0.00283	0.00405	0.01984	0.00648	0.00567
24	0.01527	0.01527	0.02137	0.01832	0.01832	0.02137	0.01527	0.01679	0.01069	0.01679	0.00916	0.01527	0.00916	0.01221	0.02290	0.00305	0.74198	0.00611	0.00305	0.00763
25	0.01459	0.01385	0.02349	0.49767	0.27732	0.01588	0.02008	0.01907	0.01462	0.01955	0.01265	0.01814	0.00991	0.00671	0.00695	0.00224	0.00895	0.00621	0.00322	0.00889
26	0.01736	0.01499	0.01578	0.01420	0.01815	0.01736	0.01105	0.03708	0.69862	0.02919	0.02840	0.02604	0.02130	0.00947	0.00710	0.00237	0.00552	0.00789	0.00710	0.01105
27	0.00861	0.00612	0.00807	0.00958	0.00996	0.00574	0.00634	0.00974	0.01316	0.01755	0.03743	0.70601	0.04485	0.06783	0.01058	0.00308	0.00422	0.01923	0.00634	0.00558
28	0.01000	0.00681	0.00894	0.00932	0.01054	0.00627	0.00664	0.01224	0.01660	0.04937	0.34437	0.38536	0.07164	0.01777	0.00851	0.00250	0.00376	0.01591	0.00711	0.00633
29	0.06429	0.01925	0.02042	0.01572	0.02124	0.02135	0.01299	0.65554	0.03179	0.04336	0.01641	0.01649	0.01166	0.00828	0.00685	0.00210	0.00757	0.00616	0.00685	0.01166
30	0.01896	0.01024	0.01300	0.01069	0.01447	0.00920	0.00848	0.05090	0.04350	0.27297	0.30642	0.03586	0.06404	0.01093	0.00735	0.00206	0.00473	0.00930	0.00752	0.09938
31	0.00857	0.00612	0.00815	0.00967	0.01014	0.00571	0.00648	0.00988	0.01366	0.01829	0.06974	0.71757	0.04707	0.02151	0.00888	0.00280	0.00401	0.01950	0.00653	0.00571
32	0.13313	0.01210	0.01444	0.01152	0.01615	0.01152	0.00938	0.10080	0.01982	0.38113	0.12544	0.02672	0.04986	0.00933	0.00678	0.00211	0.00553	0.00748	0.00740	0.04938
33	0.01727	0.01658	0.02832	0.04283	0.71123	0.01658	0.02142	0.02142	0.01589	0.02280	0.01313	0.01727	0.01105	0.00622	0.00691	0.00207	0.00829	0.00622	0.00345	0.01105
34	0.01628	0.01244	0.04237	0.01160	0.01522	0.01219	0.00947	0.04929	0.28498	0.08897	0.16402	0.02976	0.02798	0.00974	0.00679	0.00209	0.00494	0.00815	0.15365	0.05008

[dist]
# distance from previous block
# <min> <max>
1	3

[block]
# block no. 3 follows, 30 sequences, length 18
# corresponding to MSA columns:
# 132-149
name=unknown_D
#
# <colnr> <probs for GDERKNQSTAVLIFYWHMCP>
#	G	D	E	R	K	N	Q	S	T	A	V	L	I	F	Y	W	H	M	C	P
0	0.01964	0.08076	0.04320	0.01994	0.14101	0.29075	0.01383	0.02318	0.04772	0.02036	0.05821	0.01704	0.01389	0.00742	0.00714	0.00183	0.04814	0.00548	0.00399	0.13647
1	0.01080	0.00777	0.00949	0.00915	0.00935	0.00858	0.00597	0.01138	0.01050	0.01468	0.02024	0.03951	0.02241	0.56514	0.11026	0.00665	0.08888	0.00926	0.03507	0.00492
2	0.01546	0.01717	0.05346	0.14006	0.03211	0.01849	0.33381	0.01977	0.01409	0.01977	0.01214	0.01747	0.00985	0.00819	0.01285	0.00258	0.25377	0.00710	0.00328	0.00858
3	0.05600	0.06322	0.10032	0.01482	0.02065	0.03940	0.01332	0.32526	0.06345	0.11710	0.01705	0.01737	0.01233	0.00913	0.02943	0.00229	0.00782	0.00588	0.00592	0.07923
4	0.00912	0.00698	0.00849	0.00879	0.01038	0.00617	0.00628	0.01109	0.01567	0.02084	0.20676	0.34922	0.23252	0.01788	0.00834	0.00244	0.00379	0.01575	0.00663	0.05286
5	0.00841	0.00674	0.00752	0.00804	0.00971	0.00585	0.00576	0.01006	0.01523	0.01893	0.08952	0.29645	0.45546	0.01892	0.00847	0.00251	0.00370	0.01635	0.00654	0.00585
6	0.24714	0.01497	0.04470	0.03614	0.01958	0.01488	0.08149	0.16189	0.01900	0.16951	0.03349	0.01861	0.01330	0.00762	0.00615	0.00212	0.00669	0.00604	0.08717	0.00950
7	0.17280	0.04453	0.11856	0.06612	0.05833	0.11393	0.01419	0.10359	0.16431	0.05412	0.01617	0.01709	0.01213	0.00755	0.00626	0.00214	0.00789	0.00567	0.00493	0.00969
8	0.01605	0.00944	0.00975	0.00865	0.01117	0.00991	0.00677	0.16742	0.01872	0.03006	0.02141	0.02393	0.01653	0.00819	0.00535	0.00173	0.00425	0.00645	0.61649	0.00771
9	0.01005	0.00676	0.00780	0.00789	0.00796	0.00679	0.00455	0.01023	0.01037	0.01388	0.02272	0.08244	0.02612	0.68401	0.06525	0.00676	0.00716	0.01054	0.00433	0.00440
10	0.07859	0.01474	0.02143	0.54667	0.07777	0.07322	0.05299	0.01929	0.01449	0.01936	0.01218	0.01747	0.00930	0.00686	0.00677	0.00226	0.00933	0.00597	0.00328	0.00803
11	0.01760	0.08258	0.22944	0.06209	0.09135	0.01624	0.04472	0.06666	0.12737	0.10045	0.04911	0.04884	0.01634	0.00826	0.00687	0.00219	0.00789	0.00697	0.00494	0.01012
12	0.00857	0.00621	0.00810	0.00947	0.01009	0.00574	0.00640	0.00996	0.01395	0.01853	0.08309	0.65711	0.09485	0.02108	0.00882	0.00276	0.00396	0.01902	0.00655	0.00574
13	0.01199	0.00655	0.00719	0.00750	0.00893	0.00645	0.00558	0.01491	0.01483	0.02454	0.06936	0.14760	0.02666	0.01132	0.00599	0.00194	0.00355	0.04353	0.57520	0.00637
14	0.01576	0.15115	0.44766	0.01820	0.02569	0.06590	0.02100	0.02142	0.01432	0.01998	0.01140	0.01410	0.00892	0.00746	0.00889	0.00220	0.12838	0.00503	0.00301	0.00951
15	0.03666	0.14236	0.44454	0.01948	0.06689	0.13289	0.02100	0.02277	0.01546	0.02071	0.01178	0.01392	0.00898	0.00659	0.00621	0.00203	0.01001	0.00486	0.00312	0.00972
16	0.01317	0.01253	0.01374	0.01311	0.01460	0.12632	0.01023	0.01544	0.01254	0.01641	0.01634	0.02365	0.01514	0.04051	0.53118	0.00877	0.09915	0.00684	0.00364	0.00669
17	0.45965	0.01453	0.01442	0.04074	0.01704	0.01716	0.01027	0.13685	0.01577	0.05256	0.01194	0.01406	0.00927	0.00788	0.00800	0.00228	0.12508	0.00488	0.02915	0.00844

[dist]
# distance from previous block
# <min> <max>
0	8

[block]
# block no. 4 follows, 30 sequences, length 49
# corresponding to MSA columns:
# 158-206
name=unknown_E
#
# <colnr> <probs for GDERKNQSTAVLIFYWHMCP>
#	G	D	E	R	K	N	Q	S	T	A	V	L	I	F	Y	W	H	M	C	P
0	0.14704	0.01728	0.02315	0.05204	0.36535	0.09903	0.06186	0.02244	0.01598	0.07602	0.01597	0.01859	0.04124	0.00706	0.00657	0.00210	0.00820	0.00619	0.00413	0.00975
1	0.56078	0.01483	0.03707	0.06034	0.03921	0.03826	0.00975	0.06414	0.01376	0.02883	0.01154	0.01515	0.00952	0.06372	0.00728	0.00250	0.00641	0.00474	0.00431	0.00783
2	0.01770	0.01804	0.02485	0.14677	0.45248	0.11963	0.01893	0.02150	0.01604	0.02117	0.01261	0.01658	0.01042	0.00640	0.00670	0.00199	0.00884	0.00580	0.00347	0.07007
3	0.01315	0.01251	0.02137	0.67779	0.04610	0.01525	0.05018	0.01775	0.01414	0.01808	0.01463	0.02040	0.03508	0.00732	0.00708	0.00233	0.00921	0.00661	0.00325	0.00776
4	0.01015	0.00677	0.00761	0.00761	0.00761	0.00677	0.00423	0.01015	0.01015	0.01353	0.02199	0.04567	0.02537	0.75476	0.03552	0.00677	0.00677	0.01015	0.00423	0.00423
5	0.01716	0.00929	0.01001	0.00884	0.01155	0.00950	0.00692	0.11020	0.04986	0.10835	0.02277	0.02450	0.01716	0.00828	0.00551	0.00179	0.00427	0.00660	0.55938	0.00806
6	0.01038	0.00751	0.00965	0.00915	0.01083	0.00707	0.00683	0.03884	0.01963	0.02760	0.61500	0.11954	0.06182	0.01479	0.00825	0.00225	0.00354	0.01309	0.00754	0.00670
7	0.02593	0.01897	0.02031	0.01564	0.02105	0.02098	0.01290	0.65847	0.03201	0.04319	0.01702	0.01716	0.01213	0.00837	0.00689	0.00207	0.00748	0.00629	0.04151	0.01163
8	0.01318	0.01240	0.02093	0.73798	0.04806	0.01550	0.01938	0.01783	0.01395	0.01783	0.01240	0.01860	0.00930	0.00698	0.00698	0.00233	0.00930	0.00620	0.00310	0.00775
9	0.01847	0.00968	0.01255	0.01057	0.01380	0.00896	0.00834	0.07053	0.02080	0.26533	0.42275	0.03976	0.04516	0.01190	0.00772	0.00218	0.00453	0.01023	0.00796	0.00879
10	0.05912	0.01148	0.01529	0.01193	0.01692	0.01011	0.00979	0.03145	0.01964	0.62232	0.09329	0.02604	0.02164	0.00910	0.00703	0.00216	0.00566	0.00744	0.00838	0.01119
11	0.00850	0.00607	0.00810	0.00972	0.01012	0.00567	0.00648	0.00972	0.01336	0.01781	0.03846	0.75020	0.04615	0.02186	0.00891	0.00283	0.00405	0.01984	0.00648	0.00567
12	0.02653	0.01955	0.02094	0.01606	0.02164	0.02164	0.01326	0.68796	0.03281	0.04398	0.01675	0.01675	0.01187	0.00838	0.00698	0.00209	0.00768	0.00628	0.00698	0.01187
13	0.01011	0.00739	0.00966	0.00981	0.01152	0.00694	0.00784	0.01321	0.01824	0.02488	0.43862	0.06169	0.12731	0.01613	0.00865	0.00252	0.00425	0.20758	0.00718	0.00646
14	0.01075	0.00768	0.01067	0.01228	0.01367	0.00760	0.01038	0.01360	0.01557	0.02033	0.03722	0.20036	0.04125	0.01975	0.00951	0.00314	0.00600	0.54752	0.00644	0.00629
15	0.56772	0.01583	0.01346	0.01134	0.01597	0.04274	0.00930	0.19971	0.01777	0.03420	0.01164	0.01283	0.00876	0.00701	0.00510	0.00213	0.00627	0.00448	0.00501	0.00873
16	0.01409	0.01072	0.01310	0.01328	0.01576	0.01146	0.01108	0.09193	0.17322	0.02505	0.03293	0.10800	0.03324	0.01605	0.00872	0.00287	0.00619	0.39766	0.00664	0.00801
17	0.01570	0.01272	0.01484	0.01069	0.01683	0.00992	0.00858	0.04972	0.01555	0.05099	0.01320	0.01494	0.01068	0.00546	0.00533	0.00113	0.00532	0.00435	0.00445	0.72962
18	0.01727	0.01658	0.02832	0.04283	0.71123	0.01658	0.02142	0.02142	0.01589	0.02280	0.01313	0.01727	0.01105	0.00622	0.00691	0.00207	0.00829	0.00622	0.00345	0.01105
19	0.00850	0.00607	0.00810	0.00972	0.01012	0.00567	0.00648	0.00972	0.01336	0.01781	0.03846	0.75020	0.04615	0.02186	0.00891	0.00283	0.00405	0.01984	0.00648	0.00567
20	0.71673	0.07013	0.01223	0.00937	0.01373	0.01625	0.00786	0.02029	0.01232	0.03006	0.03381	0.01273	0.00968	0.00671	0.00447	0.00211	0.00548	0.00408	0.00433	0.00763
21	0.00999	0.00738	0.01074	0.01074	0.01183	0.00847	0.00813	0.01216	0.01108	0.01585	0.01912	0.02981	0.01848	0.14444	0.63642	0.01063	0.01713	0.00783	0.00380	0.00597
22	0.00850	0.00607	0.00810	0.00972	0.01012	0.00567	0.00648	0.00972	0.01336	0.01781	0.03846	0.75020	0.04615	0.02186	0.00891	0.00283	0.00405	0.01984	0.00648	0.00567
23	0.01373	0.00998	0.01105	0.01019	0.01246	0.06922	0.00786	0.01677	0.01940	0.10413	0.50281	0.04782	0.07684	0.01347	0.00802	0.00223	0.00461	0.05481	0.00731	0.00728
24	0.10377	0.38354	0.17858	0.01490	0.02157	0.04876	0.06378	0.02249	0.01487	0.07307	0.01204	0.01354	0.00953	0.00641	0.00546	0.00184	0.00825	0.00465	0.00362	0.00932
25	0.00913	0.00710	0.00829	0.00799	0.00997	0.00627	0.00599	0.01172	0.01798	0.02378	0.41443	0.05904	0.36158	0.01583	0.00824	0.00227	0.00340	0.01359	0.00713	0.00627
26	0.00929	0.00711	0.00852	0.00817	0.01007	0.00634	0.00612	0.01204	0.01837	0.02471	0.47937	0.05751	0.29606	0.01549	0.00824	0.00225	0.00338	0.01338	0.00725	0.00634
27	0.01465	0.09341	0.59519	0.02065	0.05335	0.01724	0.06695	0.02199	0.01484	0.02168	0.01242	0.01480	0.00904	0.00651	0.00657	0.00216	0.01010	0.00527	0.00300	0.01017
28	0.01563	0.32533	0.35719	0.01601	0.02364	0.02005	0.04209	0.02073	0.01463	0.01975	0.04447	0.01642	0.01228	0.03610	0.00703	0.00210	0.00874	0.00524	0.00326	0.00932
29	0.01301	0.00650	0.00650	0.00650	0.00813	0.00650	0.00488	0.01626	0.01463	0.02602	0.02276	0.02602	0.01789	0.00813	0.00488	0.00163	0.00325	0.00650	0.79350	0.00650
30	0.05916	0.01178	0.01575	0.01218	0.01742	0.01034	0.01004	0.03284	0.01967	0.66858	0.04880	0.02421	0.01848	0.00874	0.00696	0.00216	0.00583	0.00708	0.00845	0.01155
31	0.01012	0.00716	0.00896	0.00867	0.01044	0.00646	0.00644	0.01283	0.01821	0.04867	0.47445	0.13765	0.19261	0.01567	0.00827	0.00230	0.00352	0.01372	0.00733	0.00652
32	0.00870	0.00621	0.00821	0.00955	0.01007	0.00580	0.00642	0.01010	0.01394	0.01875	0.10880	0.65386	0.04758	0.04437	0.00968	0.00289	0.00405	0.01877	0.00653	0.00572
33	0.00981	0.00716	0.00924	0.00882	0.01051	0.00659	0.00667	0.01300	0.01934	0.02707	0.63682	0.05421	0.11002	0.01470	0.00829	0.00225	0.00343	0.03799	0.00755	0.00653
34	0.24712	0.01358	0.01434	0.01164	0.01631	0.04407	0.00949	0.09681	0.01869	0.35447	0.04480	0.02018	0.01538	0.00811	0.00613	0.00211	0.00600	0.00608	0.05473	0.00997
35	0.05008	0.00929	0.01247	0.09322	0.01637	0.01028	0.00945	0.06443	0.01395	0.04663	0.02359	0.31584	0.02546	0.01829	0.03247	0.16003	0.07506	0.01166	0.00504	0.00639
36	0.02008	0.61959	0.03334	0.01310	0.01861	0.16188	0.01224	0.02223	0.01525	0.01654	0.00991	0.01146	0.00896	0.00620	0.00483	0.00155	0.00845	0.00388	0.00310	0.00879
37	0.01354	0.00826	0.01015	0.00914	0.01176	0.00745	0.00704	0.01690	0.04412	0.14912	0.37649	0.05037	0.24042	0.01405	0.00797	0.00224	0.00392	0.01204	0.00749	0.00750
38	0.00988	0.00713	0.00933	0.00878	0.01043	0.00658	0.00658	0.01317	0.01975	0.02798	0.70754	0.05213	0.06584	0.01427	0.00823	0.00219	0.00329	0.01262	0.00768	0.00658
39	0.01662	0.01343	0.01460	0.07529	0.01815	0.06720	0.01039	0.24576	0.02031	0.02643	0.02481	0.30491	0.02591	0.06587	0.03450	0.00301	0.00710	0.01173	0.00589	0.00809
40	0.60277	0.01506	0.01302	0.01096	0.01560	0.01720	0.00903	0.19330	0.01730	0.03459	0.01154	0.01274	0.00867	0.00697	0.00501	0.00214	0.00599	0.00443	0.00501	0.00867
41	0.00850	0.00607	0.00810	0.00972	0.01012	0.00567	0.00648	0.00972	0.01336	0.01781	0.03846	0.75020	0.04615	0.02186	0.00891	0.00283	0.00405	0.01984	0.00648	0.00567
42	0.05780	0.12317	0.02292	0.01953	0.11472	0.29678	0.01395	0.19495	0.04803	0.02575	0.01313	0.01458	0.01042	0.00726	0.00625	0.00191	0.00947	0.00519	0.00453	0.00967
43	0.38919	0.01712	0.06174	0.01279	0.01794	0.01762	0.01116	0.28429	0.02060	0.05981	0.01363	0.01471	0.01004	0.00891	0.03083	0.00245	0.00711	0.00510	0.00541	0.00955
44	0.00957	0.00705	0.00895	0.00863	0.01028	0.00643	0.00641	0.01252	0.01881	0.02610	0.57891	0.10313	0.14679	0.01524	0.00828	0.00226	0.00338	0.01340	0.00744	0.00643
45	0.00937	0.00689	0.00878	0.00879	0.01024	0.00630	0.00641	0.01202	0.01785	0.02461	0.48114	0.21206	0.13685	0.01639	0.00839	0.00236	0.00349	0.01450	0.00727	0.00630
46	0.01668	0.04615	0.03732	0.01535	0.06565	0.03859	0.03564	0.18543	0.03775	0.06349	0.02641	0.34664	0.02740	0.01404	0.00775	0.00241	0.00633	0.01232	0.00606	0.00860
47	0.01452	0.11774	0.64157	0.01899	0.02881	0.01749	0.02422	0.02196	0.01467	0.02146	0.01220	0.01433	0.00885	0.00656	0.00639	0.00213	0.00999	0.00500	0.00295	0.01016
48	0.01560	0.01327	0.01404	0.01282	0.01633	0.01488	0.00989	0.05133	0.52289	0.02724	0.03548	0.08040	0.13273	0.01157	0.00740	0.00239	0.00517	0.00973	0.00696	0.00989

[dist]
# distance from previous block
# <min> <max>
0	4

[block]
# block no. 5 follows, 30 sequences, length 31
# corresponding to MSA columns:
# 211-241
name=unknown_F
#
# <colnr> <probs for GDERKNQSTAVLIFYWHMCP>
#	G	D	E	R	K	N	Q	S	T	A	V	L	I	F	Y	W	H	M	C	P
0	0.02629	0.08293	0.06735	0.01398	0.01965	0.01635	0.01235	0.27911	0.02370	0.31757	0.02059	0.01947	0.01393	0.00814	0.00665	0.00205	0.00690	0.00629	0.04546	0.01124
1	0.01318	0.01240	0.02093	0.73798	0.04806	0.01550	0.01938	0.01783	0.01395	0.01783	0.01240	0.01860	0.00930	0.00698	0.00698	0.00233	0.00930	0.00620	0.00310	0.00775
2	0.01447	0.01240	0.01447	0.01034	0.01654	0.00930	0.00827	0.01757	0.01447	0.02274	0.01240	0.01447	0.01034	0.00517	0.00517	0.00103	0.00517	0.00413	0.00413	0.79742
3	0.02477	0.01851	0.02000	0.01522	0.02090	0.01984	0.01254	0.59038	0.03014	0.04089	0.01612	0.01642	0.01164	0.00791	0.00672	0.00194	0.00731	0.00597	0.00657	0.12621
4	0.01447	0.01240	0.01447	0.01034	0.01654	0.00930	0.00827	0.01757	0.01447	0.02274	0.01240	0.01447	0.01034	0.00517	0.00517	0.00103	0.00517	0.00413	0.00413	0.79742
5	0.01017	0.00849	0.00904	0.00866	0.01117	0.00806	0.00656	0.01542	0.13827	0.02239	0.18146	0.05704	0.46660	0.01558	0.00804	0.00233	0.00384	0.01312	0.00681	0.00694
6	0.00976	0.00709	0.00919	0.00875	0.01037	0.00652	0.00653	0.01291	0.01935	0.02723	0.65669	0.08027	0.08972	0.01470	0.00826	0.00223	0.00333	0.01299	0.00759	0.00652
7	0.01090	0.00783	0.01082	0.01237	0.01390	0.00775	0.01062	0.01389	0.01583	0.02055	0.03831	0.13569	0.06502	0.01944	0.00953	0.00315	0.00612	0.58551	0.00643	0.00634
8	0.01400	0.03610	0.71860	0.01989	0.03020	0.01621	0.02578	0.02210	0.01473	0.02210	0.01252	0.01473	0.00884	0.00663	0.00663	0.00221	0.01031	0.00516	0.00295	0.01031
9	0.01651	0.01872	0.04058	0.03004	0.06785	0.01760	0.65498	0.02231	0.01644	0.02237	0.01407	0.01875	0.01061	0.00590	0.00817	0.00234	0.01160	0.00814	0.00353	0.00949
10	0.01360	0.00708	0.00714	0.00692	0.00872	0.00717	0.00525	0.04583	0.01543	0.02681	0.02250	0.02561	0.01762	0.00814	0.00497	0.00165	0.00345	0.00649	0.75888	0.00674
11	0.01721	0.01994	0.03952	0.02853	0.03532	0.07256	0.63381	0.02278	0.01673	0.02194	0.01386	0.01834	0.01046	0.00598	0.00808	0.00231	0.01183	0.00795	0.00353	0.00931
12	0.01439	0.09713	0.66102	0.01922	0.02916	0.01717	0.02461	0.02200	0.01469	0.02162	0.01228	0.01443	0.00885	0.00657	0.00645	0.00215	0.01007	0.00504	0.00295	0.01020
13	0.09777	0.01249	0.01597	0.01236	0.01768	0.01143	0.01021	0.07325	0.02007	0.61538	0.02533	0.02225	0.01610	0.00843	0.00678	0.00216	0.00600	0.00669	0.00816	0.01150
14	0.00865	0.00618	0.00827	0.00989	0.01035	0.00580	0.00673	0.00997	0.01351	0.01798	0.03838	0.71410	0.04583	0.02172	0.00895	0.00285	0.00418	0.05448	0.00647	0.00571
15	0.02653	0.01955	0.02094	0.01606	0.02164	0.02164	0.01326	0.68796	0.03281	0.04398	0.01675	0.01675	0.01187	0.00838	0.00698	0.00209	0.00768	0.00628	0.00698	0.01187
16	0.01301	0.00650	0.00650	0.00650	0.00813	0.00650	0.00488	0.01626	0.01463	0.02602	0.02276	0.02602	0.01789	0.00813	0.00488	0.00163	0.00325	0.00650	0.79350	0.00650
17	0.01357	0.00989	0.01204	0.01205	0.01414	0.01016	0.00950	0.17013	0.01889	0.02495	0.03448	0.33554	0.06861	0.01769	0.00865	0.00276	0.00562	0.21740	0.00658	0.00737
18	0.00997	0.00748	0.01121	0.01121	0.01246	0.00872	0.00872	0.01246	0.01121	0.01620	0.01869	0.02741	0.01745	0.05234	0.72710	0.01121	0.01869	0.00748	0.00374	0.00623
19	0.00997	0.00748	0.01121	0.01121	0.01246	0.00872	0.00872	0.01246	0.01121	0.01620	0.01869	0.02741	0.01745	0.05234	0.72710	0.01121	0.01869	0.00748	0.00374	0.00623
20	0.00850	0.00607	0.00810	0.00972	0.01012	0.00567	0.00648	0.00972	0.01336	0.01781	0.03846	0.75020	0.04615	0.02186	0.00891	0.00283	0.00405	0.01984	0.00648	0.00567
21	0.00895	0.00626	0.00797	0.00915	0.00944	0.00596	0.00587	0.00983	0.01249	0.01666	0.03402	0.56022	0.04055	0.21950	0.01608	0.00389	0.00478	0.01723	0.00587	0.00528
22	0.01647	0.01882	0.04118	0.02941	0.03647	0.01765	0.68588	0.02235	0.01647	0.02235	0.01412	0.01882	0.01059	0.00588	0.00824	0.00235	0.01176	0.00824	0.00353	0.00941
23	0.01446	0.01372	0.02325	0.51962	0.25638	0.01584	0.02002	0.01896	0.01456	0.01939	0.01263	0.01819	0.00985	0.00674	0.00696	0.00225	0.00898	0.00621	0.00321	0.00879
24	0.01041	0.00674	0.00751	0.00751	0.00766	0.00674	0.00429	0.01070	0.01055	0.01466	0.02206	0.04389	0.02469	0.68713	0.03274	0.00630	0.00645	0.00982	0.07572	0.00443
25	0.01487	0.01212	0.01427	0.01039	0.01632	0.00919	0.00827	0.01788	0.01464	0.04931	0.01407	0.04552	0.01210	0.00600	0.00540	0.00115	0.00515	0.00490	0.00441	0.73405
26	0.04652	0.10187	0.05351	0.01323	0.01745	0.01599	0.01119	0.28951	0.02209	0.08304	0.04447	0.22477	0.02305	0.01196	0.00717	0.00225	0.00641	0.00993	0.00622	0.00938
27	0.01710	0.01758	0.06353	0.04166	0.67649	0.01656	0.02164	0.02145	0.01583	0.02276	0.01310	0.01714	0.01094	0.00624	0.00689	0.00208	0.00839	0.00616	0.00343	0.01102
28	0.01015	0.00677	0.00761	0.00761	0.00761	0.00677	0.00423	0.01015	0.01015	0.01353	0.02199	0.04567	0.02537	0.75476	0.03552	0.00677	0.00677	0.01015	0.00423	0.00423
29	0.07283	0.01599	0.04645	0.09232	0.26619	0.04649	0.04122	0.09253	0.06795	0.02632	0.14028	0.02365	0.02123	0.00828	0.00701	0.00215	0.00740	0.00730	0.00489	0.00955
30	0.18473	0.18353	0.15473	0.01490	0.05422	0.12587	0.01358	0.05415	0.01570	0.02364	0.01256	0.01455	0.01001	0.00679	0.00543	0.00189	0.00788	0.00473	0.10239	0.00873

[dist]
# distance from previous block
# <min> <max>
1	14

[block]
# block no. 6 follows, 30 sequences, length 42
# corresponding to MSA columns:
# 256-297
name=unknown_G
#
# <colnr> <probs for GDERKNQSTAVLIFYWHMCP>
#	G	D	E	R	K	N	Q	S	T	A	V	L	I	F	Y	W	H	M	C	P
0	0.10204	0.01783	0.08753	0.01512	0.04641	0.03521	0.01268	0.30046	0.04736	0.13604	0.01857	0.04050	0.01401	0.03099	0.00744	0.00225	0.00708	0.00657	0.06158	0.01032
1	0.07392	0.08387	0.04336	0.01473	0.01913	0.24620	0.01212	0.24005	0.02272	0.02869	0.10841	0.01964	0.01788	0.00841	0.00647	0.00196	0.00845	0.00616	0.02866	0.00919
2	0.00974	0.00704	0.00868	0.00832	0.00969	0.00654	0.00591	0.01213	0.01719	0.02373	0.48169	0.05248	0.13262	0.17760	0.01424	0.00322	0.00408	0.01232	0.00678	0.00598
3	0.01003	0.00716	0.00985	0.01146	0.01253	0.00698	0.00913	0.01235	0.01486	0.01952	0.03762	0.37709	0.04282	0.02043	0.00931	0.00304	0.00537	0.37791	0.00645	0.00609
4	0.01411	0.05845	0.66671	0.05035	0.03057	0.01654	0.02506	0.02188	0.01468	0.02173	0.01243	0.01478	0.00886	0.00662	0.00658	0.00219	0.01018	0.00516	0.00295	0.01016
5	0.13681	0.01208	0.01557	0.20614	0.05152	0.01359	0.01323	0.09222	0.06289	0.02480	0.02365	0.03910	0.04466	0.01159	0.00749	0.00256	0.00708	0.22176	0.00521	0.00803
6	0.01355	0.00899	0.01006	0.00896	0.01196	0.00816	0.00698	0.08043	0.01871	0.12158	0.15381	0.05382	0.44661	0.01497	0.00795	0.00228	0.00425	0.01249	0.00701	0.00743
7	0.00921	0.00654	0.00847	0.00910	0.00989	0.00614	0.00621	0.01100	0.01519	0.02083	0.27333	0.40676	0.05030	0.11909	0.01230	0.00314	0.00415	0.01596	0.00660	0.00580
8	0.09309	0.01348	0.03449	0.01231	0.01614	0.01376	0.01004	0.15471	0.14797	0.13216	0.10956	0.05218	0.09938	0.04015	0.00885	0.00245	0.03465	0.00869	0.00663	0.00930
9	0.01428	0.01056	0.01197	0.01075	0.01341	0.03560	0.00827	0.04892	0.15828	0.08065	0.44450	0.04216	0.06741	0.01245	0.00779	0.00221	0.00448	0.01073	0.00742	0.00815
10	0.01106	0.00886	0.01359	0.01177	0.01432	0.00805	0.10806	0.01396	0.01715	0.05019	0.29844	0.17864	0.20829	0.01502	0.00831	0.00237	0.00486	0.01359	0.00658	0.00688
11	0.00879	0.00646	0.00829	0.00946	0.01037	0.00596	0.00666	0.01043	0.01452	0.01912	0.10384	0.53399	0.14757	0.02035	0.00880	0.00273	0.00408	0.06615	0.00658	0.00584
12	0.02653	0.01955	0.02094	0.01606	0.02164	0.02164	0.01326	0.68796	0.03281	0.04398	0.01675	0.01675	0.01187	0.00838	0.00698	0.00209	0.00768	0.00628	0.00698	0.01187
13	0.00857	0.00687	0.00766	0.00791	0.00974	0.00596	0.00576	0.01048	0.01602	0.02016	0.17040	0.20736	0.46263	0.01798	0.00838	0.00243	0.00360	0.01544	0.00668	0.00596
14	0.00874	0.00625	0.00838	0.00999	0.01050	0.00588	0.00690	0.01014	0.01360	0.01808	0.03833	0.69087	0.04562	0.02163	0.00897	0.00287	0.00426	0.07677	0.00647	0.00573
15	0.08725	0.01635	0.02596	0.06452	0.57845	0.01679	0.01957	0.06557	0.01659	0.02477	0.01304	0.01676	0.01073	0.00641	0.00669	0.00209	0.00803	0.00601	0.00375	0.01067
16	0.02582	0.01902	0.02044	0.01581	0.02119	0.02101	0.01300	0.66125	0.03204	0.04295	0.01761	0.04564	0.01322	0.00891	0.00706	0.00212	0.00754	0.00682	0.00696	0.01162
17	0.01575	0.08322	0.18015	0.01424	0.01950	0.01389	0.03761	0.08097	0.08386	0.07235	0.09113	0.11885	0.04404	0.01079	0.00717	0.00221	0.00682	0.04743	0.00545	0.06458
18	0.06698	0.01352	0.01688	0.01300	0.01839	0.01284	0.01074	0.16680	0.02221	0.54645	0.02449	0.02174	0.01571	0.00848	0.00688	0.00215	0.00627	0.00671	0.00809	0.01167
19	0.01015	0.00677	0.00761	0.00761	0.00761	0.00677	0.00423	0.01015	0.01015	0.01353	0.02199	0.04567	0.02537	0.75476	0.03552	0.00677	0.00677	0.01015	0.00423	0.00423
20	0.02615	0.01936	0.02073	0.01598	0.02150	0.02147	0.01317	0.66138	0.06000	0.04338	0.01723	0.01713	0.01225	0.00842	0.00699	0.00211	0.00759	0.00635	0.00699	0.01183
21	0.01318	0.01240	0.02093	0.73798	0.04806	0.01550	0.01938	0.01783	0.01395	0.01783	0.01240	0.01860	0.00930	0.00698	0.00698	0.00233	0.00930	0.00620	0.00310	0.00775
22	0.01866	0.75896	0.03657	0.01194	0.01791	0.02761	0.01194	0.02090	0.01418	0.01642	0.00970	0.01119	0.00896	0.00597	0.00448	0.00149	0.00746	0.00373	0.00299	0.00896
23	0.01301	0.00650	0.00650	0.00650	0.00813	0.00650	0.00488	0.01626	0.01463	0.02602	0.02276	0.02602	0.01789	0.00813	0.00488	0.00163	0.00325	0.00650	0.79350	0.00650
24	0.00987	0.00677	0.00867	0.00909	0.00966	0.00701	0.00612	0.01111	0.01159	0.01625	0.02536	0.22084	0.02798	0.31664	0.22082	0.00665	0.00917	0.01164	0.05943	0.00532
25	0.00988	0.00713	0.00933	0.00878	0.01043	0.00658	0.00658	0.01317	0.01975	0.02798	0.70754	0.05213	0.06584	0.01427	0.00823	0.00219	0.00329	0.01262	0.00768	0.00658
26	0.03131	0.01188	0.01619	0.01242	0.01781	0.01026	0.01026	0.03401	0.01997	0.71606	0.02753	0.02375	0.01727	0.00864	0.00702	0.00216	0.00594	0.00702	0.00864	0.01188
27	0.03131	0.01188	0.01619	0.01242	0.01781	0.01026	0.01026	0.03401	0.01997	0.71606	0.02753	0.02375	0.01727	0.00864	0.00702	0.00216	0.00594	0.00702	0.00864	0.01188
28	0.80405	0.01350	0.01026	0.00918	0.01350	0.01565	0.00756	0.02051	0.01188	0.03131	0.00972	0.01134	0.00756	0.00648	0.00432	0.00216	0.00540	0.00378	0.00432	0.00756
29	0.00988	0.00713	0.00933	0.00878	0.01043	0.00658	0.00658	0.01317	0.01975	0.02798	0.70754	0.05213	0.06584	0.01427	0.00823	0.00219	0.00329	0.01262	0.00768	0.00658
30	0.02722	0.01767	0.01969	0.01518	0.02066	0.01895	0.01251	0.51757	0.05624	0.19211	0.01960	0.01867	0.01344	0.00848	0.00699	0.00212	0.00721	0.00651	0.00735	0.01184
31	0.00969	0.00657	0.00775	0.00819	0.00830	0.00646	0.00485	0.01003	0.01103	0.01471	0.02653	0.23996	0.03110	0.55265	0.02818	0.00568	0.00602	0.01282	0.00485	0.00463
32	0.01282	0.00652	0.00658	0.00658	0.00810	0.00652	0.00484	0.01586	0.01434	0.02520	0.02271	0.02730	0.01837	0.05675	0.00687	0.00196	0.00348	0.00674	0.74210	0.00636
