[name]
unknown

[dist]
# distance from previous block
# <min> <max>
1	31

[block]
# block no. 0 follows, 29 sequences, length 15
# corresponding to MSA columns:
# 31-45
name=unknown_A
#
# <colnr> <probs for GDERKNQSTAVLIFYWHMCP>
#	G	D	E	R	K	N	Q	S	T	A	V	L	I	F	Y	W	H	M	C	P
0	0.01474	0.01176	0.01191	0.01074	0.01366	0.06908	0.00826	0.06150	0.11159	0.07727	0.27144	0.04623	0.23672	0.01350	0.00791	0.00227	0.00503	0.01132	0.00707	0.00801
1	0.01999	0.01137	0.01382	0.01162	0.01511	0.01115	0.00910	0.16637	0.02127	0.22840	0.17347	0.09936	0.08340	0.06844	0.03148	0.00290	0.00597	0.01027	0.00738	0.00916
2	0.22377	0.03446	0.08987	0.10194	0.14633	0.01510	0.01426	0.01971	0.01443	0.04432	0.03598	0.02076	0.06919	0.00818	0.00748	0.00218	0.06177	0.00623	0.00422	0.07983
3	0.01643	0.01343	0.01193	0.03742	0.03253	0.14486	0.00851	0.06761	0.01658	0.02369	0.01940	0.02493	0.01633	0.08955	0.06264	0.00305	0.00739	0.00668	0.38979	0.00726
4	0.02110	0.01381	0.01679	0.03644	0.05766	0.01384	0.01125	0.10479	0.20932	0.20597	0.07459	0.02531	0.03731	0.00893	0.00700	0.00208	0.00600	0.00741	0.00686	0.13353
5	0.01371	0.00978	0.01081	0.01086	0.01264	0.06090	0.00784	0.04432	0.01684	0.10112	0.12859	0.43803	0.08124	0.01768	0.00844	0.00258	0.00503	0.01561	0.00684	0.00713
6	0.02158	0.02334	0.01746	0.01629	0.04883	0.36190	0.01183	0.13307	0.05887	0.02290	0.02334	0.02594	0.11589	0.07647	0.00961	0.00247	0.00948	0.00725	0.00494	0.00851
7	0.09624	0.01282	0.01601	0.01608	0.07771	0.06579	0.03648	0.01724	0.01314	0.02042	0.01559	0.02145	0.01378	0.02600	0.28603	0.00585	0.14357	0.00654	0.10178	0.00750
8	0.01069	0.00786	0.00850	0.00846	0.01063	0.00724	0.00623	0.01408	0.07233	0.04686	0.07134	0.16264	0.41227	0.04686	0.00921	0.00259	0.00405	0.01394	0.07758	0.00665
9	0.00966	0.00705	0.00895	0.00920	0.01017	0.00708	0.00640	0.01121	0.01319	0.01774	0.10315	0.17646	0.13663	0.23592	0.20877	0.00619	0.00879	0.01246	0.00533	0.00565
10	0.01054	0.00937	0.00909	0.00907	0.01119	0.05284	0.00663	0.01361	0.06640	0.01978	0.08378	0.16016	0.42657	0.06120	0.02506	0.00289	0.00494	0.01409	0.00633	0.00645
11	0.06431	0.09504	0.27666	0.04052	0.07640	0.01677	0.08424	0.07175	0.01686	0.08628	0.04081	0.01852	0.01313	0.01039	0.05553	0.00280	0.00961	0.00617	0.00427	0.00994
12	0.01667	0.01348	0.01811	0.13198	0.02392	0.01203	0.05382	0.05379	0.03502	0.07502	0.01460	0.01690	0.01131	0.00618	0.00607	0.00154	0.00660	0.00527	0.00458	0.49311
13	0.07482	0.01524	0.01986	0.47052	0.03812	0.06880	0.01662	0.10197	0.01697	0.02295	0.01288	0.01735	0.00976	0.00711	0.00670	0.00217	0.00886	0.00583	0.00388	0.07958
14	0.07464	0.01431	0.01617	0.07799	0.01956	0.01583	0.01113	0.30030	0.02242	0.06812	0.02371	0.02633	0.09347	0.06506	0.01008	0.00257	0.05342	0.00757	0.08805	0.00928

[dist]
# distance from previous block
# <min> <max>
2	3

[block]
# block no. 1 follows, 29 sequences, length 11
# corresponding to MSA columns:
# 49-59
name=unknown_B
#
# <colnr> <probs for GDERKNQSTAVLIFYWHMCP>
#	G	D	E	R	K	N	Q	S	T	A	V	L	I	F	Y	W	H	M	C	P
0	0.20805	0.01742	0.01577	0.14636	0.02263	0.15962	0.01167	0.11454	0.01787	0.02652	0.01572	0.01808	0.03604	0.00765	0.00599	0.00201	0.00774	0.00559	0.09641	0.06433
1	0.15862	0.19617	0.05621	0.06251	0.02020	0.12874	0.01241	0.09900	0.01665	0.02327	0.01297	0.01612	0.01087	0.01557	0.13872	0.00371	0.01049	0.00520	0.00402	0.00857
2	0.01219	0.00877	0.01022	0.00975	0.01081	0.00917	0.00667	0.08716	0.01480	0.02009	0.07027	0.17255	0.07575	0.36567	0.02237	0.00461	0.04693	0.01185	0.03433	0.00602
3	0.17931	0.05258	0.06441	0.29358	0.11161	0.01593	0.05753	0.01955	0.01437	0.02255	0.01475	0.01853	0.03975	0.00713	0.00640	0.00217	0.00812	0.00598	0.00370	0.06203
4	0.06563	0.00727	0.00905	0.00899	0.00959	0.00762	0.00614	0.01179	0.01100	0.01691	0.01795	0.08671	0.01830	0.15500	0.02240	0.37011	0.03337	0.00805	0.12953	0.00461
5	0.13396	0.01495	0.02272	0.16214	0.31262	0.01602	0.05773	0.02213	0.08833	0.02407	0.01752	0.02206	0.03872	0.00776	0.00691	0.00228	0.00788	0.02835	0.00421	0.00964
6	0.02219	0.01037	0.01360	0.01121	0.01521	0.00920	0.00892	0.02566	0.04511	0.39408	0.21541	0.07336	0.06591	0.01145	0.00758	0.00222	0.00504	0.00973	0.00805	0.04571
7	0.02089	0.02179	0.06635	0.06713	0.27932	0.18655	0.01739	0.07876	0.10741	0.06162	0.01588	0.01788	0.01232	0.00740	0.00692	0.00212	0.00915	0.00613	0.00457	0.01043
8	0.05858	0.09980	0.05505	0.01541	0.01965	0.29844	0.01283	0.13289	0.01990	0.05759	0.01412	0.01583	0.01109	0.00788	0.00728	0.00197	0.05870	0.00529	0.09865	0.00903
9	0.06277	0.01653	0.01770	0.01423	0.01876	0.01802	0.01135	0.45305	0.06890	0.03691	0.01972	0.08318	0.01681	0.08329	0.00998	0.00265	0.00705	0.00787	0.00654	0.04468
10	0.02349	0.10364	0.02101	0.01597	0.02043	0.31075	0.01270	0.19662	0.13825	0.02663	0.01851	0.01884	0.04571	0.00843	0.00664	0.00201	0.00930	0.00607	0.00525	0.00975

[dist]
# distance from previous block
# <min> <max>
2	4

[block]
# block no. 2 follows, 29 sequences, length 69
# corresponding to MSA columns:
# 64-132
name=unknown_C
#
# <colnr> <probs for GDERKNQSTAVLIFYWHMCP>
#	G	D	E	R	K	N	Q	S	T	A	V	L	I	F	Y	W	H	M	C	P
0	0.02152	0.01548	0.07701	0.01349	0.01875	0.01355	0.01170	0.11193	0.17549	0.23361	0.10812	0.02546	0.02242	0.00906	0.00705	0.00210	0.00614	0.00744	0.00701	0.11269
1	0.01137	0.01044	0.04224	0.03466	0.05207	0.03110	0.00904	0.01479	0.03455	0.02394	0.34054	0.15641	0.11827	0.03638	0.00890	0.00243	0.00487	0.01246	0.00646	0.04908
2	0.05768	0.10708	0.37102	0.06506	0.21883	0.01785	0.02216	0.02189	0.01510	0.02238	0.01248	0.01540	0.00962	0.00658	0.00650	0.00214	0.00930	0.00539	0.00324	0.01029
3	0.01901	0.01768	0.02692	0.03815	0.57160	0.04690	0.01997	0.10204	0.01844	0.02574	0.01405	0.01764	0.01151	0.00672	0.00697	0.00209	0.00841	0.00629	0.02878	0.01111
4	0.04434	0.01008	0.01181	0.01051	0.01255	0.01062	0.00772	0.14875	0.01577	0.02270	0.01781	0.02752	0.01676	0.19998	0.12989	0.16712	0.00836	0.00732	0.08011	0.05025
5	0.01736	0.01691	0.02762	0.13386	0.59636	0.03975	0.02131	0.02158	0.01608	0.02240	0.01322	0.01765	0.01097	0.00648	0.00704	0.00214	0.00874	0.00628	0.00348	0.01074
6	0.01452	0.01436	0.02620	0.41874	0.11944	0.01569	0.17622	0.01925	0.01507	0.02006	0.01464	0.05916	0.01214	0.00754	0.00746	0.00233	0.00952	0.00752	0.00354	0.03660
7	0.01814	0.61909	0.16442	0.01371	0.02064	0.02599	0.01484	0.02155	0.01457	0.01784	0.01044	0.01210	0.00912	0.00622	0.00498	0.00166	0.00816	0.00408	0.00304	0.00940
8	0.25875	0.01731	0.01748	0.01392	0.01913	0.01923	0.01146	0.40411	0.06289	0.08485	0.01634	0.01644	0.01170	0.00805	0.00632	0.00218	0.00690	0.00579	0.00643	0.01074
9	0.01057	0.00745	0.00886	0.00905	0.01037	0.00705	0.00625	0.01307	0.05104	0.04509	0.15209	0.26554	0.17875	0.18461	0.01485	0.00354	0.00468	0.01455	0.00641	0.00618
10	0.01023	0.00730	0.00975	0.00969	0.01050	0.00784	0.00682	0.01187	0.01207	0.01691	0.10324	0.03841	0.02700	0.32457	0.36347	0.00853	0.01234	0.00935	0.00450	0.00559
11	0.00868	0.00718	0.00752	0.00751	0.00967	0.00612	0.00554	0.01056	0.01632	0.01997	0.13661	0.08727	0.58505	0.04863	0.00961	0.00259	0.00374	0.01476	0.00665	0.00601
12	0.01904	0.75404	0.03731	0.01218	0.01828	0.02818	0.01218	0.02132	0.01447	0.01675	0.00990	0.01142	0.00914	0.00609	0.00457	0.00152	0.00761	0.00381	0.00305	0.00914
13	0.01625	0.01908	0.13195	0.18298	0.46608	0.01663	0.02210	0.02120	0.01562	0.02210	0.01315	0.01751	0.01056	0.00657	0.00702	0.00219	0.00899	0.00618	0.00337	0.01046
14	0.01574	0.01598	0.02349	0.47244	0.10669	0.08641	0.07520	0.02092	0.04970	0.01956	0.01343	0.01853	0.01037	0.00729	0.00774	0.00233	0.03568	0.00642	0.00349	0.00858
15	0.80005	0.01377	0.01047	0.00936	0.01377	0.01597	0.00771	0.02093	0.01212	0.03195	0.00991	0.01157	0.00771	0.00661	0.00441	0.00220	0.00551	0.00386	0.00441	0.00771
16	0.01730	0.01699	0.02705	0.17112	0.54788	0.05262	0.02105	0.02151	0.01605	0.02202	0.01313	0.01763	0.01084	0.00654	0.00703	0.00215	0.00888	0.00625	0.00346	0.01050
17	0.00971	0.00652	0.00837	0.00920	0.00947	0.00638	0.00590	0.01016	0.01194	0.01599	0.02959	0.39085	0.03461	0.27449	0.06002	0.08562	0.00613	0.01470	0.00530	0.00503
18	0.01449	0.01374	0.02312	0.55599	0.16438	0.01617	0.04055	0.01986	0.04455	0.01975	0.01356	0.01908	0.01039	0.00706	0.00715	0.00233	0.00922	0.00647	0.00342	0.00871
19	0.02121	0.02014	0.04367	0.15718	0.02725	0.12453	0.03301	0.26914	0.05869	0.02878	0.01445	0.01708	0.01108	0.00869	0.00979	0.00233	0.13201	0.00620	0.00494	0.00982
20	0.01036	0.00690	0.00777	0.00777	0.00777	0.00690	0.00431	0.01036	0.01036	0.01381	0.02244	0.04660	0.02589	0.74975	0.03624	0.00690	0.00690	0.01036	0.00431	0.00431
21	0.02385	0.20911	0.02442	0.01659	0.02079	0.44466	0.01337	0.06605	0.04305	0.01935	0.01165	0.01339	0.00980	0.00747	0.00696	0.00187	0.05031	0.00472	0.00382	0.00879
22	0.01613	0.01561	0.02133	0.18456	0.04904	0.04669	0.01614	0.06109	0.01367	0.01929	0.01131	0.01760	0.01024	0.03826	0.01781	0.00294	0.44035	0.00636	0.00347	0.00811
23	0.01762	0.01692	0.02890	0.04371	0.70533	0.01692	0.02185	0.02185	0.01621	0.02326	0.01339	0.01762	0.01128	0.00634	0.00705	0.00211	0.00846	0.00634	0.00352	0.01128
24	0.01740	0.01669	0.02850	0.08089	0.66991	0.01686	0.02174	0.02166	0.01611	0.02299	0.01335	0.01770	0.01118	0.00639	0.00705	0.00213	0.00852	0.00634	0.00351	0.01110
25	0.00976	0.00728	0.01025	0.01034	0.01166	0.00678	0.03213	0.01226	0.01697	0.02342	0.35394	0.36241	0.05507	0.01790	0.00876	0.00258	0.00415	0.04086	0.00708	0.00640
26	0.02707	0.01995	0.02137	0.01638	0.02208	0.02208	0.01353	0.68159	0.03348	0.04488	0.01710	0.01710	0.01211	0.00855	0.00712	0.00214	0.00784	0.00641	0.00712	0.01211
27	0.01345	0.01266	0.02136	0.73264	0.04904	0.01582	0.01978	0.01819	0.01424	0.01819	0.01266	0.01898	0.00949	0.00712	0.00712	0.00237	0.00949	0.00633	0.00316	0.00791
28	0.01722	0.01651	0.02818	0.11002	0.64216	0.01681	0.02165	0.02150	0.01602	0.02278	0.01332	0.01775	0.01111	0.00642	0.00706	0.00214	0.00856	0.00634	0.00349	0.01095
29	0.01470	0.01394	0.02363	0.52553	0.24633	0.01615	0.02040	0.01929	0.01483	0.01972	0.01288	0.01858	0.01003	0.00689	0.00710	0.00230	0.00918	0.00633	0.00327	0.00892
30	0.16152	0.00920	0.00826	0.00782	0.01020	0.02841	0.00604	0.04206	0.01523	0.02798	0.02018	0.02302	0.01580	0.00796	0.00499	0.00178	0.00415	0.00605	0.59223	0.00708
31	0.80005	0.01377	0.01047	0.00936	0.01377	0.01597	0.00771	0.02093	0.01212	0.03195	0.00991	0.01157	0.00771	0.00661	0.00441	0.00220	0.00551	0.00386	0.00441	0.00771
32	0.06838	0.01962	0.02079	0.01601	0.02164	0.02176	0.01322	0.64629	0.03234	0.04419	0.01671	0.01680	0.01187	0.00844	0.00698	0.00214	0.00771	0.00627	0.00698	0.01187
33	0.00882	0.00630	0.00843	0.01008	0.01055	0.00591	0.00686	0.01016	0.01377	0.01834	0.03917	0.71121	0.04678	0.02217	0.00913	0.00291	0.00425	0.05273	0.00661	0.00582
34	0.01345	0.01266	0.02136	0.73264	0.04904	0.01582	0.01978	0.01819	0.01424	0.01819	0.01266	0.01898	0.00949	0.00712	0.00712	0.00237	0.00949	0.00633	0.00316	0.00791
35	0.72443	0.01437	0.01153	0.01005	0.01458	0.01657	0.00828	0.08556	0.01421	0.03321	0.01062	0.01211	0.00814	0.00680	0.00467	0.00220	0.00574	0.00411	0.00467	0.00814
36	0.01452	0.01449	0.02674	0.52007	0.09108	0.01641	0.17532	0.01953	0.01498	0.01963	0.01312	0.01894	0.00992	0.00680	0.00742	0.00236	0.01001	0.00682	0.00329	0.00854
37	0.80005	0.01377	0.01047	0.00936	0.01377	0.01597	0.00771	0.02093	0.01212	0.03195	0.00991	0.01157	0.00771	0.00661	0.00441	0.00220	0.00551	0.00386	0.00441	0.00771
38	0.01237	0.00618	0.00928	0.00928	0.00928	0.00618	0.00618	0.00928	0.00928	0.01237	0.01237	0.02165	0.01237	0.02474	0.02783	0.79283	0.00618	0.00618	0.00309	0.00309
39	0.01762	0.01692	0.02890	0.04371	0.70533	0.01692	0.02185	0.02185	0.01621	0.02326	0.01339	0.01762	0.01128	0.00634	0.00705	0.00211	0.00846	0.00634	0.00352	0.01128
40	0.01019	0.00755	0.01106	0.01106	0.01220	0.00869	0.00842	0.01247	0.01133	0.01625	0.01942	0.02992	0.01865	0.12612	0.64997	0.01097	0.01780	0.00791	0.00387	0.00614
41	0.80005	0.01377	0.01047	0.00936	0.01377	0.01597	0.00771	0.02093	0.01212	0.03195	0.00991	0.01157	0.00771	0.00661	0.00441	0.00220	0.00551	0.00386	0.00441	0.00771
42	0.02707	0.01995	0.02137	0.01638	0.02208	0.02208	0.01353	0.68159	0.03348	0.04488	0.01710	0.01710	0.01211	0.00855	0.00712	0.00214	0.00784	0.00641	0.00712	0.01211
43	0.80005	0.01377	0.01047	0.00936	0.01377	0.01597	0.00771	0.02093	0.01212	0.03195	0.00991	0.01157	0.00771	0.00661	0.00441	0.00220	0.00551	0.00386	0.00441	0.00771
44	0.01036	0.00690	0.00777	0.00777	0.00777	0.00690	0.00431	0.01036	0.01036	0.01381	0.02244	0.04660	0.02589	0.74975	0.03624	0.00690	0.00690	0.01036	0.00431	0.00431
45	0.00999	0.00728	0.00940	0.00887	0.01058	0.00668	0.00665	0.01327	0.01995	0.02806	0.66794	0.05401	0.10113	0.01474	0.00840	0.00225	0.00337	0.01299	0.00777	0.00668
46	0.01904	0.75404	0.03731	0.01218	0.01828	0.02818	0.01218	0.02132	0.01447	0.01675	0.00990	0.01142	0.00914	0.00609	0.00457	0.00152	0.00761	0.00381	0.00305	0.00914
47	0.80005	0.01377	0.01047	0.00936	0.01377	0.01597	0.00771	0.02093	0.01212	0.03195	0.00991	0.01157	0.00771	0.00661	0.00441	0.00220	0.00551	0.00386	0.00441	0.00771
48	0.00853	0.00722	0.00737	0.00733	0.00969	0.00606	0.00550	0.01044	0.01650	0.01987	0.11473	0.06749	0.65946	0.01780	0.00841	0.00239	0.00359	0.01488	0.00670	0.00606
49	0.01036	0.00690	0.00777	0.00777	0.00777	0.00690	0.00431	0.01036	0.01036	0.01381	0.02244	0.04660	0.02589	0.74975	0.03624	0.00690	0.00690	0.01036	0.00431	0.00431
50	0.01477	0.01266	0.01477	0.01055	0.01687	0.00949	0.00844	0.01793	0.01477	0.02320	0.01266	0.01477	0.01055	0.00527	0.00527	0.00105	0.00527	0.00422	0.00422	0.79328
51	0.01008	0.00728	0.00952	0.00896	0.01064	0.00672	0.00672	0.01344	0.02016	0.02855	0.70158	0.05319	0.06719	0.01456	0.00840	0.00224	0.00336	0.01288	0.00784	0.00672
52	0.00904	0.00646	0.00869	0.01034	0.01091	0.00610	0.00725	0.01055	0.01400	0.01859	0.03904	0.65747	0.04629	0.02196	0.00919	0.00294	0.00445	0.10423	0.00660	0.00589
53	0.06879	0.01961	0.02078	0.01600	0.02163	0.02175	0.01322	0.64593	0.03233	0.04418	0.01671	0.01680	0.01187	0.00844	0.00698	0.00214	0.00771	0.00627	0.00698	0.01187
54	0.01477	0.01266	0.01477	0.01055	0.01687	0.00949	0.00844	0.01793	0.01477	0.02320	0.01266	0.01477	0.01055	0.00527	0.00527	0.00105	0.00527	0.00422	0.00422	0.79328
55	0.01234	0.03310	0.01100	0.00961	0.01262	0.00997	0.00743	0.04548	0.15748	0.04766	0.05550	0.09073	0.44956	0.01541	0.00799	0.00239	0.00445	0.01285	0.00673	0.00767
56	0.09541	0.01225	0.01602	0.01240	0.01781	0.01092	0.01024	0.03356	0.01970	0.65422	0.02659	0.02319	0.01681	0.00863	0.00693	0.00220	0.00601	0.00689	0.00845	0.01175
57	0.01632	0.01955	0.07715	0.02819	0.03497	0.01769	0.58556	0.02205	0.01630	0.02234	0.01493	0.04435	0.01191	0.00695	0.00910	0.00245	0.04860	0.00853	0.00365	0.00943
58	0.01676	0.02039	0.10496	0.03241	0.20024	0.01760	0.45397	0.02255	0.01649	0.02289	0.01400	0.01841	0.01074	0.00616	0.00791	0.00232	0.01099	0.00759	0.00352	0.01010
59	0.00855	0.00726	0.00740	0.00747	0.00984	0.00611	0.00568	0.01042	0.01624	0.01933	0.07062	0.06905	0.67330	0.01811	0.00848	0.00244	0.00374	0.04333	0.00661	0.00604
60	0.00883	0.00630	0.00844	0.01009	0.01057	0.00591	0.00687	0.01018	0.01378	0.01835	0.03916	0.70923	0.04677	0.02217	0.00913	0.00291	0.00426	0.05463	0.00661	0.00583
61	0.02088	0.21031	0.15842	0.03955	0.02324	0.14101	0.01563	0.17433	0.10387	0.02603	0.01473	0.01577	0.01137	0.00747	0.00630	0.00200	0.00894	0.00542	0.00459	0.01015
62	0.01008	0.00689	0.00797	0.00812	0.00836	0.00685	0.00482	0.01043	0.01104	0.01465	0.02658	0.11114	0.06510	0.60657	0.06714	0.00652	0.00709	0.01139	0.00463	0.00465
63	0.01007	0.00723	0.00883	0.00886	0.01064	0.00648	0.00656	0.01246	0.01743	0.04719	0.31750	0.20193	0.26389	0.01724	0.00855	0.00246	0.00380	0.03522	0.00718	0.00648
64	0.01655	0.02029	0.11736	0.06922	0.18779	0.01745	0.38820	0.02295	0.04480	0.02293	0.01450	0.01865	0.01109	0.00639	0.00778	0.00232	0.01062	0.00743	0.00364	0.01007
65	0.01730	0.02030	0.11030	0.14734	0.36500	0.08084	0.07506	0.02284	0.05073	0.02212	0.01386	0.01768	0.01102	0.00675	0.00709	0.00219	0.00942	0.00631	0.00361	0.01023
66	0.06720	0.09601	0.56977	0.02017	0.06616	0.01752	0.02360	0.02230	0.01486	0.02272	0.01237	0.01464	0.00907	0.00667	0.00643	0.00218	0.00982	0.00510	0.00313	0.01026
67	0.01587	0.01307	0.04137	0.10100	0.07084	0.04160	0.01169	0.02249	0.14250	0.10017	0.26858	0.03364	0.03432	0.03414	0.00843	0.00237	0.00604	0.00906	0.00635	0.03646
68	0.01909	0.62364	0.08040	0.04026	0.02055	0.07966	0.01353	0.02183	0.01493	0.01724	0.01028	0.01205	0.00915	0.00627	0.00495	0.00163	0.00828	0.00406	0.00310	0.00912

[dist]
# distance from previous block
# <min> <max>
0	1

[block]
# block no. 3 follows, 29 sequences, length 124
# corresponding to MSA columns:
# 134-257
name=unknown_D
#
# <colnr> <probs for GDERKNQSTAVLIFYWHMCP>
#	G	D	E	R	K	N	Q	S	T	A	V	L	I	F	Y	W	H	M	C	P
0	0.01952	0.01342	0.01627	0.03677	0.03929	0.01263	0.01045	0.14605	0.05994	0.14391	0.07096	0.02227	0.01786	0.03310	0.03701	0.00232	0.00662	0.00650	0.00594	0.29918
1	0.01984	0.13257	0.27980	0.01743	0.02410	0.21836	0.01785	0.10844	0.01902	0.02331	0.03606	0.01812	0.01271	0.00785	0.00659	0.00206	0.01003	0.03223	0.00404	0.00960
2	0.07779	0.01425	0.02187	0.36990	0.23773	0.01615	0.01813	0.04091	0.06514	0.02250	0.01604	0.02019	0.03470	0.00745	0.00694	0.00228	0.00833	0.00656	0.00391	0.00921
3	0.00914	0.00717	0.00827	0.00815	0.01010	0.00630	0.00605	0.01157	0.01771	0.02312	0.33764	0.11137	0.38424	0.01687	0.00846	0.00237	0.00354	0.01449	0.00713	0.00630
4	0.04311	0.00841	0.01076	0.01004	0.01126	0.03322	0.00714	0.01466	0.01174	0.12382	0.01513	0.02157	0.01315	0.02034	0.02211	0.58201	0.00627	0.00622	0.03405	0.00500
5	0.15777	0.21875	0.06709	0.01387	0.01974	0.02106	0.01264	0.27567	0.02203	0.10641	0.01483	0.01525	0.01095	0.00746	0.00594	0.00200	0.00735	0.00527	0.00547	0.01044
6	0.02293	0.01436	0.01652	0.01317	0.01762	0.01487	0.01068	0.33901	0.02630	0.18022	0.18636	0.02922	0.04784	0.01033	0.00740	0.00217	0.00609	0.00840	0.03609	0.01043
7	0.00873	0.00622	0.00825	0.00984	0.01024	0.00582	0.00653	0.00993	0.01352	0.01803	0.03866	0.72080	0.04636	0.04762	0.01003	0.00303	0.00423	0.01990	0.00653	0.00573
8	0.14230	0.58247	0.05820	0.01228	0.01819	0.05224	0.01208	0.02158	0.01434	0.01940	0.01005	0.01164	0.00891	0.00625	0.00470	0.00167	0.00759	0.00390	0.00328	0.00893
9	0.02014	0.01747	0.01785	0.01733	0.07628	0.10170	0.01254	0.07426	0.44092	0.07719	0.02504	0.02541	0.01917	0.00935	0.00721	0.00232	0.00694	0.03143	0.00658	0.01085
10	0.00880	0.00625	0.00823	0.00975	0.01014	0.00587	0.00644	0.00995	0.01339	0.01785	0.03798	0.69252	0.04550	0.07707	0.01113	0.00319	0.00434	0.01950	0.00644	0.00567
11	0.01563	0.01330	0.01644	0.13067	0.02266	0.01165	0.01076	0.07626	0.01632	0.02428	0.01305	0.01567	0.01051	0.00587	0.00574	0.00137	0.00620	0.00476	0.00430	0.59457
12	0.02154	0.01382	0.01752	0.01304	0.01893	0.01209	0.04373	0.12739	0.01939	0.22205	0.01852	0.03689	0.01376	0.00727	0.00636	0.00167	0.00621	0.00603	0.00602	0.38777
13	0.01984	0.01721	0.01724	0.01505	0.01933	0.06097	0.01181	0.14667	0.53985	0.03160	0.02588	0.02413	0.01934	0.00933	0.00717	0.00233	0.00644	0.00756	0.00701	0.01123
14	0.01812	0.02007	0.01968	0.01753	0.01870	0.23389	0.01394	0.01972	0.01407	0.01735	0.01346	0.10267	0.01384	0.01208	0.01646	0.00270	0.42690	0.00742	0.00371	0.00769
15	0.02329	0.14220	0.04787	0.01436	0.01922	0.05999	0.01237	0.10857	0.14573	0.23275	0.02203	0.02129	0.03719	0.00893	0.00812	0.00219	0.07047	0.00662	0.00623	0.01058
16	0.01789	0.01534	0.01557	0.01392	0.01762	0.05801	0.01086	0.13304	0.40074	0.02954	0.06027	0.08406	0.06720	0.01139	0.00753	0.00239	0.00610	0.03150	0.00693	0.01011
17	0.01237	0.00618	0.00928	0.00928	0.00928	0.00618	0.00618	0.00928	0.00928	0.01237	0.01237	0.02165	0.01237	0.02474	0.02783	0.79283	0.00618	0.00618	0.00309	0.00309
18	0.01904	0.75404	0.03731	0.01218	0.01828	0.02818	0.01218	0.02132	0.01447	0.01675	0.00990	0.01142	0.00914	0.00609	0.00457	0.00152	0.00761	0.00381	0.00305	0.00914
19	0.01885	0.72593	0.06379	0.01250	0.01877	0.02772	0.01274	0.02137	0.01449	0.01698	0.01001	0.01156	0.00913	0.00612	0.00466	0.00155	0.00773	0.00386	0.00304	0.00919
20	0.00865	0.00674	0.00787	0.00861	0.01002	0.00595	0.00607	0.01029	0.01526	0.01937	0.09933	0.38858	0.34823	0.01983	0.00873	0.00262	0.00384	0.01736	0.00669	0.00595
21	0.00862	0.00715	0.00737	0.00743	0.00954	0.00609	0.00542	0.01031	0.01579	0.01906	0.08598	0.09702	0.60261	0.07321	0.01054	0.00276	0.00387	0.01485	0.00648	0.00589
22	0.02561	0.02919	0.01990	0.01753	0.02160	0.51159	0.01342	0.14616	0.10358	0.02382	0.01426	0.01525	0.01121	0.00783	0.00665	0.00196	0.01108	0.00533	0.00472	0.00931
23	0.00998	0.00727	0.00938	0.00885	0.01058	0.00668	0.00664	0.01324	0.01992	0.02800	0.66393	0.05411	0.10518	0.01477	0.00840	0.00225	0.00337	0.01301	0.00777	0.00668
24	0.02952	0.01320	0.01691	0.01308	0.01836	0.01232	0.01076	0.15100	0.02275	0.54119	0.07343	0.02497	0.02011	0.00917	0.00724	0.00219	0.00619	0.00743	0.00844	0.01174
25	0.01008	0.00728	0.00952	0.00896	0.01064	0.00672	0.00672	0.01344	0.02016	0.02855	0.70158	0.05319	0.06719	0.01456	0.00840	0.00224	0.00336	0.01288	0.00784	0.00672
26	0.01661	0.01882	0.04078	0.07204	0.03792	0.01788	0.64001	0.02253	0.01665	0.02253	0.01430	0.01919	0.01073	0.00607	0.00833	0.00240	0.01185	0.00828	0.00358	0.00950
27	0.00880	0.00625	0.00823	0.00976	0.01015	0.00586	0.00645	0.00995	0.01340	0.01787	0.03805	0.69531	0.04558	0.07416	0.01102	0.00318	0.00433	0.01954	0.00645	0.00568
28	0.01345	0.01266	0.02136	0.73264	0.04904	0.01582	0.01978	0.01819	0.01424	0.01819	0.01266	0.01898	0.00949	0.00712	0.00712	0.00237	0.00949	0.00633	0.00316	0.00791
29	0.00915	0.00668	0.00862	0.00999	0.01085	0.00624	0.00715	0.01074	0.01431	0.01867	0.04283	0.52420	0.13324	0.04634	0.01005	0.00303	0.00454	0.12097	0.00652	0.00589
30	0.02473	0.03012	0.02109	0.08007	0.08422	0.57315	0.01496	0.05260	0.01986	0.01908	0.01159	0.01394	0.00950	0.00728	0.00656	0.00192	0.01198	0.00496	0.00375	0.00864
31	0.01762	0.01692	0.02890	0.04371	0.70533	0.01692	0.02185	0.02185	0.01621	0.02326	0.01339	0.01762	0.01128	0.00634	0.00705	0.00211	0.00846	0.00634	0.00352	0.01128
32	0.01678	0.01690	0.03156	0.06388	0.43331	0.01664	0.22420	0.02147	0.01626	0.02273	0.01514	0.03898	0.01296	0.00712	0.00761	0.00227	0.00942	0.02870	0.00371	0.01034
33	0.01237	0.00618	0.00928	0.00928	0.00928	0.00618	0.00618	0.00928	0.00928	0.01237	0.01237	0.02165	0.01237	0.02474	0.02783	0.79283	0.00618	0.00618	0.00309	0.00309
34	0.07505	0.65389	0.03397	0.01212	0.01785	0.04565	0.01179	0.02118	0.01435	0.01786	0.01026	0.01207	0.00935	0.00788	0.03069	0.00194	0.00802	0.00397	0.00319	0.00891
35	0.01803	0.01477	0.05076	0.01295	0.01766	0.01341	0.01067	0.25324	0.02122	0.04820	0.02128	0.19108	0.02036	0.03092	0.00781	0.00213	0.00625	0.00913	0.00589	0.24425
36	0.00842	0.00721	0.00721	0.00721	0.00962	0.00601	0.00541	0.01022	0.01623	0.01924	0.07213	0.06853	0.70244	0.01803	0.00842	0.00240	0.00361	0.01503	0.00661	0.00601
37	0.00881	0.00719	0.00779	0.00773	0.00988	0.00617	0.00576	0.01096	0.01705	0.02137	0.21773	0.09111	0.52888	0.01739	0.00844	0.00238	0.00357	0.01473	0.00690	0.00617
38	0.01049	0.00745	0.00952	0.01032	0.01129	0.00724	0.00718	0.06561	0.01582	0.02130	0.10953	0.58113	0.04511	0.02041	0.00957	0.03290	0.00443	0.01775	0.00665	0.00631
39	0.00939	0.00734	0.00863	0.00897	0.01091	0.00658	0.00699	0.01177	0.01687	0.02151	0.19409	0.12205	0.38511	0.01798	0.00875	0.00258	0.00419	0.14318	0.00686	0.00625
40	0.04189	0.00690	0.00678	0.00674	0.00850	0.00698	0.00508	0.01675	0.01483	0.02674	0.02274	0.02600	0.01787	0.00823	0.00496	0.00168	0.00340	0.00654	0.76073	0.00668
41	0.03613	0.03130	0.52771	0.07589	0.06304	0.01667	0.10589	0.02218	0.01517	0.02254	0.01292	0.01587	0.00934	0.00667	0.00694	0.00227	0.01040	0.00574	0.00315	0.01017
42	0.01237	0.00618	0.00928	0.00928	0.00928	0.00618	0.00618	0.00928	0.00928	0.01237	0.01237	0.02165	0.01237	0.02474	0.02783	0.79283	0.00618	0.00618	0.00309	0.00309
43	0.00866	0.00724	0.00758	0.00772	0.00998	0.00616	0.00586	0.01058	0.01627	0.01962	0.08878	0.09336	0.61895	0.01818	0.00852	0.00247	0.00379	0.05357	0.00665	0.00606
44	0.00868	0.00620	0.00826	0.00991	0.01033	0.00578	0.00661	0.00991	0.01363	0.01818	0.03925	0.74510	0.04710	0.02231	0.00909	0.00289	0.00413	0.02024	0.00661	0.00578
45	0.01365	0.01209	0.01706	0.12973	0.08544	0.04249	0.03257	0.01652	0.01349	0.01936	0.01802	0.10833	0.01713	0.01977	0.15922	0.00434	0.16260	0.00829	0.11238	0.00751
46	0.01434	0.01357	0.02297	0.58555	0.18916	0.01605	0.02022	0.01897	0.01466	0.01928	0.01281	0.01869	0.00987	0.00695	0.00710	0.00232	0.00927	0.00633	0.00324	0.00863
47	0.02707	0.01995	0.02137	0.01638	0.02208	0.02208	0.01353	0.68159	0.03348	0.04488	0.01710	0.01710	0.01211	0.00855	0.00712	0.00214	0.00784	0.00641	0.00712	0.01211
48	0.02668	0.01975	0.02115	0.01631	0.02193	0.02190	0.01344	0.65497	0.06073	0.04425	0.01759	0.01749	0.01251	0.00859	0.00713	0.00215	0.00774	0.00648	0.00713	0.01207
49	0.01034	0.00698	0.00816	0.00816	0.00830	0.00712	0.00481	0.01061	0.01047	0.01410	0.02207	0.04458	0.02501	0.67448	0.11032	0.00739	0.00822	0.01006	0.00426	0.00454
50	0.01654	0.01838	0.05688	0.09695	0.19975	0.01773	0.39668	0.02179	0.01600	0.02213	0.01363	0.01844	0.01065	0.00661	0.00883	0.00237	0.05586	0.00748	0.00349	0.00977
51	0.01814	0.01271	0.01515	0.01129	0.01707	0.01035	0.00904	0.06871	0.01699	0.13829	0.01715	0.06072	0.01405	0.00713	0.00595	0.00144	0.00552	0.00584	0.00534	0.55913
52	0.01904	0.75404	0.03731	0.01218	0.01828	0.02818	0.01218	0.02132	0.01447	0.01675	0.00990	0.01142	0.00914	0.00609	0.00457	0.00152	0.00761	0.00381	0.00305	0.00914
53	0.00993	0.00727	0.00931	0.00880	0.01055	0.00666	0.00660	0.01315	0.01980	0.02772	0.64505	0.05457	0.12424	0.01487	0.00840	0.00225	0.00338	0.01307	0.00773	0.00666
54	0.00894	0.00733	0.00798	0.00834	0.01052	0.00637	0.00649	0.01097	0.01613	0.01953	0.06467	0.10476	0.55788	0.01853	0.00869	0.00258	0.00413	0.12347	0.00660	0.00609
55	0.01279	0.00671	0.00680	0.00677	0.00849	0.00659	0.00508	0.01600	0.01524	0.02610	0.05485	0.03072	0.07027	0.00927	0.00537	0.00174	0.00334	0.00751	0.69978	0.00659
56	0.01023	0.00742	0.01037	0.01037	0.01127	0.00832	0.00756	0.01203	0.01113	0.01574	0.02005	0.03341	0.02016	0.25652	0.52164	0.01012	0.01552	0.00842	0.00396	0.00576
57	0.02660	0.03394	0.02018	0.01834	0.02201	0.72116	0.01376	0.02843	0.02018	0.01743	0.01101	0.01284	0.00917	0.00734	0.00642	0.00183	0.01284	0.00459	0.00367	0.00825
58	0.00873	0.00622	0.00825	0.00984	0.01024	0.00582	0.00653	0.00993	0.01352	0.01803	0.03866	0.72080	0.04636	0.04762	0.01003	0.00303	0.00423	0.01990	0.00653	0.00573
59	0.00887	0.00634	0.00847	0.01004	0.01056	0.00594	0.00686	0.01030	0.01402	0.01874	0.06478	0.68471	0.04756	0.02188	0.00910	0.00289	0.00422	0.05220	0.00665	0.00586
60	0.00861	0.00719	0.00753	0.00768	0.00991	0.00611	0.00578	0.01048	0.01619	0.01954	0.08770	0.11140	0.61434	0.01827	0.00852	0.00247	0.00375	0.04186	0.00665	0.00604
61	0.01780	0.56737	0.21313	0.01430	0.02154	0.02515	0.01586	0.02164	0.01462	0.01826	0.01065	0.01236	0.00911	0.00627	0.00514	0.00171	0.00837	0.00419	0.00304	0.00950
62	0.03195	0.01212	0.01652	0.01267	0.01818	0.01047	0.01047	0.03470	0.02038	0.71026	0.02809	0.02424	0.01763	0.00881	0.00716	0.00220	0.00606	0.00716	0.00881	0.01212
63	0.01021	0.00748	0.01067	0.01067	0.01168	0.00848	0.00794	0.01222	0.01122	0.01596	0.01978	0.03187	0.01949	0.19914	0.57811	0.01049	0.01653	0.00820	0.00392	0.00593
64	0.80005	0.01377	0.01047	0.00936	0.01377	0.01597	0.00771	0.02093	0.01212	0.03195	0.00991	0.01157	0.00771	0.00661	0.00441	0.00220	0.00551	0.00386	0.00441	0.00771
65	0.01658	0.01853	0.03887	0.05651	0.05646	0.01825	0.56986	0.02206	0.01612	0.02210	0.01382	0.01880	0.01063	0.00668	0.00975	0.00246	0.08151	0.00805	0.00354	0.00942
66	0.01856	0.01680	0.02685	0.06735	0.56456	0.01722	0.02011	0.10895	0.01838	0.02603	0.01418	0.01791	0.01155	0.00673	0.00699	0.00211	0.00825	0.00636	0.03003	0.01110
67	0.02021	0.01473	0.01619	0.01349	0.01707	0.01594	0.01044	0.42063	0.02519	0.03374	0.02277	0.17816	0.02201	0.14081	0.01262	0.00313	0.00688	0.01006	0.00652	0.00939
68	0.01244	0.01132	0.01997	0.14521	0.02485	0.01146	0.18372	0.04054	0.01542	0.02051	0.02714	0.37478	0.02939	0.01474	0.00851	0.00266	0.00736	0.03733	0.00523	0.00742
69	0.01127	0.00914	0.01256	0.01175	0.01311	0.01060	0.00922	0.01365	0.01316	0.01901	0.11621	0.03281	0.08286	0.05772	0.36039	0.00701	0.14556	0.00868	0.02870	0.03659
70	0.01716	0.01732	0.05458	0.04077	0.62035	0.01650	0.04542	0.02156	0.01620	0.02312	0.01464	0.02076	0.01268	0.00702	0.00723	0.00219	0.00857	0.03933	0.00366	0.01095
71	0.01735	0.10054	0.21873	0.03086	0.37381	0.04170	0.02104	0.02233	0.01597	0.04306	0.01416	0.01871	0.01169	0.00706	0.00680	0.00213	0.00895	0.03091	0.00361	0.01058
72	0.02781	0.01120	0.01520	0.01197	0.01675	0.00976	0.00976	0.03068	0.02034	0.58129	0.15551	0.02971	0.02700	0.00990	0.00739	0.00221	0.00555	0.00824	0.00863	0.01110
73	0.01428	0.03683	0.71286	0.02030	0.03082	0.01654	0.02631	0.02255	0.01503	0.02255	0.01278	0.01503	0.00902	0.00677	0.00677	0.00226	0.01052	0.00526	0.00301	0.01052
74	0.02585	0.01852	0.02007	0.01564	0.02091	0.02033	0.01277	0.58148	0.05693	0.07613	0.01893	0.03957	0.01424	0.03479	0.00820	0.00234	0.00752	0.00704	0.00710	0.01163
75	0.01637	0.01349	0.01491	0.01430	0.03730	0.01512	0.01060	0.03178	0.51755	0.04887	0.03180	0.14118	0.05197	0.01186	0.00757	0.00247	0.00542	0.01017	0.00706	0.01023
76	0.01017	0.00763	0.01144	0.01144	0.01272	0.00890	0.00890	0.01272	0.01144	0.01653	0.01907	0.02797	0.01780	0.05340	0.72153	0.01144	0.01907	0.00763	0.00381	0.00636
77	0.00908	0.00645	0.00841	0.00953	0.01009	0.00606	0.00637	0.01052	0.01430	0.01933	0.14182	0.55832	0.04791	0.10198	0.01200	0.00324	0.00432	0.01798	0.00655	0.00577
78	0.04940	0.02529	0.29857	0.02208	0.03006	0.04292	0.26101	0.02482	0.01665	0.13674	0.01573	0.01786	0.01105	0.00684	0.00732	0.00228	0.01022	0.00664	0.00427	0.01026
79	0.00868	0.00620	0.00826	0.00991	0.01033	0.00578	0.00661	0.00991	0.01363	0.01818	0.03925	0.74510	0.04710	0.02231	0.00909	0.00289	0.00413	0.02024	0.00661	0.00578
80	0.00905	0.00679	0.00885	0.00999	0.01066	0.00659	0.00690	0.01049	0.01417	0.01888	0.08246	0.60230	0.11118	0.02096	0.00963	0.00281	0.03718	0.01864	0.00653	0.00596
81	0.01500	0.14511	0.61087	0.01907	0.02893	0.01829	0.02418	0.02236	0.01495	0.02168	0.01234	0.01449	0.00904	0.00666	0.00643	0.00214	0.01008	0.00504	0.00301	0.01031
82	0.02958	0.01444	0.01778	0.01379	0.01924	0.01409	0.01134	0.20666	0.07446	0.48240	0.02524	0.02252	0.01647	0.00881	0.00716	0.00220	0.00650	0.00703	0.00825	0.01205
83	0.01384	0.01337	0.02325	0.63946	0.04672	0.01627	0.07937	0.01857	0.01433	0.01857	0.01268	0.01886	0.00961	0.00724	0.00791	0.00241	0.03979	0.00651	0.00320	0.00806
84	0.01316	0.00667	0.00682	0.00682	0.00846	0.00672	0.00513	0.01644	0.01480	0.02617	0.02307	0.02660	0.01823	0.01001	0.03221	0.00203	0.00392	0.00667	0.75943	0.00663
85	0.00917	0.00724	0.00825	0.00800	0.01008	0.00633	0.00600	0.01167	0.01800	0.02344	0.35611	0.06161	0.41584	0.01647	0.00841	0.00233	0.00350	0.01406	0.00717	0.00633
86	0.01477	0.01266	0.01477	0.01055	0.01687	0.00949	0.00844	0.01793	0.01477	0.02320	0.01266	0.01477	0.01055	0.00527	0.00527	0.00105	0.00527	0.00422	0.00422	0.79328
87	0.01811	0.01614	0.01629	0.01467	0.01867	0.04954	0.01138	0.03741	0.66205	0.02923	0.02817	0.02595	0.02117	0.00956	0.00721	0.00239	0.00596	0.00789	0.00708	0.01113
88	0.01443	0.03578	0.67273	0.02088	0.03120	0.01662	0.06538	0.02257	0.01514	0.02257	0.01288	0.01528	0.00913	0.00672	0.00686	0.00226	0.01061	0.00545	0.00304	0.01047
89	0.01904	0.75404	0.03731	0.01218	0.01828	0.02818	0.01218	0.02132	0.01447	0.01675	0.00990	0.01142	0.00914	0.00609	0.00457	0.00152	0.00761	0.00381	0.00305	0.00914
90	0.01771	0.01530	0.01610	0.01449	0.01852	0.01771	0.01127	0.03784	0.69247	0.02979	0.02898	0.02657	0.02174	0.00966	0.00725	0.00242	0.00564	0.00805	0.00725	0.01127
91	0.01017	0.00763	0.01144	0.01144	0.01272	0.00890	0.00890	0.01272	0.01144	0.01653	0.01907	0.02797	0.01780	0.05340	0.72153	0.01144	0.01907	0.00763	0.00381	0.00636
92	0.03147	0.01223	0.01651	0.01273	0.01819	0.01071	0.01049	0.03481	0.04305	0.68731	0.02812	0.02432	0.01777	0.00884	0.00716	0.00221	0.00604	0.00719	0.00876	0.01209
93	0.00867	0.00623	0.00823	0.00983	0.01030	0.00579	0.00657	0.00992	0.01372	0.01821	0.04034	0.72268	0.06882	0.02217	0.00907	0.00288	0.00411	0.02007	0.00661	0.00579
94	0.00882	0.00630	0.00842	0.01008	0.01055	0.00591	0.00686	0.01016	0.01377	0.01834	0.03917	0.71146	0.04679	0.02218	0.00913	0.00291	0.00425	0.05249	0.00661	0.00582
95	0.00874	0.00672	0.00801	0.00876	0.01009	0.00598	0.00616	0.01045	0.01540	0.01981	0.13005	0.40352	0.30123	0.01975	0.00875	0.00263	0.00384	0.01737	0.00676	0.00598
96	0.01696	0.01624	0.02771	0.15287	0.60134	0.01674	0.02152	0.02127	0.01590	0.02246	0.01328	0.01784	0.01100	0.00647	0.00706	0.00216	0.00862	0.00634	0.00347	0.01075
97	0.03065	0.01352	0.01731	0.01335	0.01884	0.01264	0.01100	0.14197	0.04567	0.57663	0.02630	0.02313	0.01685	0.00880	0.00716	0.00220	0.00634	0.00707	0.00848	0.01209
98	0.01017	0.00763	0.01144	0.01144	0.01272	0.00890	0.00890	0.01272	0.01144	0.01653	0.01907	0.02797	0.01780	0.05340	0.72153	0.01144	0.01907	0.00763	0.00381	0.00636
99	0.01556	0.00884	0.00908	0.00825	0.01058	0.00920	0.00640	0.12675	0.01801	0.02958	0.02221	0.02498	0.01723	0.00834	0.00533	0.00174	0.00407	0.00660	0.65972	0.00754
100	0.01593	0.01298	0.01863	0.02387	0.26484	0.01338	0.01417	0.04268	0.15806	0.05873	0.02629	0.18158	0.02542	0.01242	0.00791	0.00251	0.00656	0.09877	0.00575	0.00954
101	0.02452	0.01475	0.01645	0.01302	0.01762	0.01550	0.01062	0.36630	0.02576	0.18528	0.02110	0.02113	0.01492	0.00854	0.00657	0.00203	0.00627	0.00663	0.21229	0.01068
102	0.77704	0.01374	0.01078	0.03052	0.01480	0.01597	0.00806	0.02085	0.01218	0.03155	0.01000	0.01178	0.00776	0.00662	0.00449	0.00221	0.00562	0.00393	0.00437	0.00772
103	0.00954	0.00701	0.00973	0.01197	0.04251	0.00669	0.00811	0.01126	0.01421	0.01893	0.03782	0.60207	0.04446	0.02115	0.00912	0.00292	0.00473	0.12516	0.00646	0.00616
104	0.00964	0.00772	0.01084	0.01217	0.05344	0.00720	0.03376	0.01156	0.01476	0.01944	0.08254	0.44604	0.18745	0.02087	0.04481	0.00311	0.00530	0.01671	0.00624	0.00640
105	0.01685	0.13443	0.47020	0.01968	0.02856	0.06017	0.09186	0.02337	0.01572	0.05626	0.01321	0.01530	0.00967	0.00673	0.00663	0.00214	0.01018	0.00545	0.00341	0.01018
106	0.01732	0.01696	0.02723	0.15956	0.56296	0.04860	0.02113	0.02153	0.01606	0.02214	0.01316	0.01764	0.01088	0.00652	0.00703	0.00215	0.00883	0.00626	0.00347	0.01057
107	0.03195	0.01212	0.01652	0.01267	0.01818	0.01047	0.01047	0.03470	0.02038	0.71026	0.02809	0.02424	0.01763	0.00881	0.00716	0.00220	0.00606	0.00716	0.00881	0.01212
108	0.01428	0.03683	0.71286	0.02030	0.03082	0.01654	0.02631	0.02255	0.01503	0.02255	0.01278	0.01503	0.00902	0.00677	0.00677	0.00226	0.01052	0.00526	0.00301	0.01052
109	0.03082	0.01240	0.01655	0.01275	0.01812	0.01102	0.01051	0.07259	0.02116	0.64455	0.05303	0.02491	0.01918	0.00902	0.00721	0.00220	0.00606	0.00733	0.00868	0.01191
110	0.01013	0.00753	0.00947	0.00894	0.01078	0.00700	0.00672	0.01386	0.04176	0.02751	0.60601	0.05411	0.13987	0.01480	0.00836	0.00226	0.00346	0.01297	0.00768	0.00679
111	0.01020	0.00678	0.00780	0.00806	0.00819	0.00672	0.00470	0.01053	0.01105	0.01500	0.02512	0.15596	0.02893	0.60598	0.03074	0.00607	0.00633	0.01177	0.03544	0.00464
112	0.07267	0.01313	0.01485	0.01222	0.01664	0.02925	0.00991	0.15235	0.06157	0.29629	0.05726	0.03229	0.12758	0.01072	0.00724	0.00225	0.00593	0.03305	0.03468	0.01012
113	0.01461	0.05449	0.65419	0.02148	0.07083	0.01687	0.02567	0.02248	0.01509	0.02244	0.01274	0.01509	0.00916	0.00672	0.00672	0.00223	0.01032	0.00529	0.00304	0.01053
114	0.01194	0.00873	0.01182	0.01322	0.01504	0.00891	0.01146	0.01649	0.06729	0.02195	0.03705	0.07627	0.03953	0.01892	0.00964	0.00321	0.00649	0.60852	0.00661	0.00691
115	0.01398	0.01369	0.02462	0.62184	0.04718	0.01617	0.12380	0.01892	0.01464	0.01892	0.01293	0.01902	0.00970	0.00694	0.00732	0.00238	0.00989	0.00666	0.00323	0.00818
116	0.02084	0.02055	0.02593	0.03516	0.48608	0.17419	0.01905	0.04859	0.01799	0.06385	0.01388	0.01693	0.01122	0.00680	0.00692	0.00206	0.00927	0.00600	0.00401	0.01068
117	0.01553	0.01608	0.01570	0.01463	0.01630	0.19983	0.01144	0.01770	0.01365	0.01688	0.01512	0.02165	0.01393	0.03354	0.40141	0.00734	0.15194	0.00656	0.00365	0.00713
118	0.59583	0.01470	0.01339	0.01157	0.01541	0.01753	0.00956	0.08915	0.01415	0.03096	0.01057	0.01278	0.00843	0.00773	0.00768	0.00234	0.12105	0.00450	0.00449	0.00818
119	0.00904	0.00643	0.00842	0.00958	0.01015	0.00603	0.00643	0.01051	0.01438	0.01943	0.14222	0.57515	0.04842	0.08445	0.01135	0.00314	0.00425	0.01822	0.00660	0.00580
120	0.01823	0.01488	0.01694	0.01272	0.01844	0.01390	0.01031	0.19459	0.05723	0.02900	0.01457	0.01608	0.01152	0.00675	0.00679	0.00152	0.04299	0.00511	0.00510	0.50333
121	0.01723	0.01412	0.01609	0.01172	0.01792	0.01202	0.00946	0.15092	0.01852	0.02755	0.01355	0.01523	0.01086	0.00593	0.00564	0.00127	0.00579	0.00466	0.00480	0.63674
122	0.02668	0.02067	0.02158	0.01754	0.04805	0.06370	0.01386	0.61745	0.03203	0.04241	0.01659	0.01686	0.01190	0.00839	0.00708	0.00212	0.00816	0.00630	0.00678	0.01185
123	0.02861	0.01284	0.01644	0.01302	0.01816	0.01208	0.01061	0.06378	0.13342	0.54331	0.05046	0.02528	0.01974	0.00914	0.00721	0.00224	0.00598	0.00747	0.00844	0.01179

[dist]
# distance from previous block
# <min> <max>
0	3

[block]
# block no. 4 follows, 29 sequences, length 12
# corresponding to MSA columns:
# 261-272
name=unknown_E
#
# <colnr> <probs for GDERKNQSTAVLIFYWHMCP>
#	G	D	E	R	K	N	Q	S	T	A	V	L	I	F	Y	W	H	M	C	P
0	0.01179	0.00901	0.01032	0.01001	0.01236	0.00888	0.00756	0.01788	0.16091	0.04827	0.21037	0.15621	0.25371	0.01577	0.00827	0.00246	0.00425	0.03732	0.00713	0.00751
1	0.01008	0.00728	0.00952	0.00896	0.01064	0.00672	0.00672	0.01344	0.02016	0.02855	0.70158	0.05319	0.06719	0.01456	0.00840	0.00224	0.00336	0.01288	0.00784	0.00672
2	0.01019	0.00755	0.01103	0.01103	0.01216	0.00868	0.00839	0.01245	0.01132	0.01623	0.01945	0.03006	0.01871	0.13132	0.64486	0.01094	0.01771	0.00793	0.00387	0.00613
3	0.02525	0.16232	0.02323	0.01725	0.02135	0.59761	0.01348	0.02717	0.01916	0.01731	0.01081	0.01259	0.00917	0.00712	0.00609	0.00178	0.01191	0.00445	0.00356	0.00841
4	0.03160	0.01267	0.01687	0.01293	0.01845	0.01128	0.01068	0.08018	0.02130	0.66349	0.02732	0.02373	0.01724	0.00879	0.00716	0.00220	0.00618	0.00711	0.00869	0.01212
5	0.01017	0.00763	0.01144	0.01144	0.01272	0.00890	0.00890	0.01272	0.01144	0.01653	0.01907	0.02797	0.01780	0.05340	0.72153	0.01144	0.01907	0.00763	0.00381	0.00636
6	0.00870	0.00730	0.00761	0.00776	0.01009	0.00621	0.00597	0.01064	0.01625	0.01943	0.06895	0.06962	0.64123	0.01819	0.00855	0.00249	0.00388	0.07448	0.00661	0.00606
7	0.02044	0.40900	0.15403	0.01549	0.02166	0.23363	0.01520	0.02367	0.01628	0.01800	0.01075	0.01250	0.00913	0.00659	0.00552	0.00175	0.00970	0.00430	0.00323	0.00912
8	0.80005	0.01377	0.01047	0.00936	0.01377	0.01597	0.00771	0.02093	0.01212	0.03195	0.00991	0.01157	0.00771	0.00661	0.00441	0.00220	0.00551	0.00386	0.00441	0.00771
9	0.00868	0.00620	0.00826	0.00991	0.01033	0.00578	0.00661	0.00991	0.01363	0.01818	0.03925	0.74510	0.04710	0.02231	0.00909	0.00289	0.00413	0.02024	0.00661	0.00578
10	0.01045	0.00793	0.01003	0.01088	0.01270	0.00766	0.00890	0.01376	0.04298	0.02103	0.08779	0.13804	0.22589	0.02000	0.03531	0.00320	0.00572	0.32463	0.00658	0.00652
11	0.01734	0.01663	0.02839	0.09061	0.66065	0.01684	0.02171	0.02160	0.01608	0.02292	0.01334	0.01772	0.01116	0.00640	0.00705	0.00213	0.00853	0.00634	0.00350	0.01105

[dist]
# distance from previous block
# <min> <max>
0	1

[block]
# block no. 5 follows, 29 sequences, length 225
# corresponding to MSA columns:
# 274-498
name=unknown_F
#
# <colnr> <probs for GDERKNQSTAVLIFYWHMCP>
#	G	D	E	R	K	N	Q	S	T	A	V	L	I	F	Y	W	H	M	C	P
0	0.63133	0.01401	0.01344	0.01480	0.12288	0.01569	0.00994	0.02134	0.01308	0.04984	0.01138	0.01333	0.00887	0.00668	0.00492	0.00217	0.00593	0.00443	0.02758	0.00837
1	0.50291	0.01335	0.01458	0.28258	0.02709	0.01592	0.01227	0.01990	0.01292	0.02675	0.01095	0.01437	0.00838	0.00680	0.00543	0.00227	0.00701	0.00479	0.00394	0.00779
2	0.02528	0.05494	0.06307	0.01925	0.04862	0.63074	0.01478	0.02761	0.01954	0.01794	0.01117	0.01312	0.00924	0.00723	0.00641	0.00186	0.01238	0.00467	0.00360	0.00853
3	0.02028	0.01664	0.01731	0.01386	0.01890	0.04911	0.01105	0.27237	0.18887	0.03224	0.02081	0.02153	0.04002	0.03341	0.00768	0.00208	0.00667	0.00661	0.00612	0.21443
4	0.01684	0.04725	0.16824	0.02434	0.03130	0.04225	0.38873	0.04960	0.05466	0.02372	0.04651	0.01969	0.01357	0.00712	0.00826	0.00233	0.03435	0.00754	0.00399	0.00972
