[name]
unknown

[dist]
# distance from previous block
# <min> <max>
0	0

[block]
# block no. 0 follows, 29 sequences, length 43
# corresponding to MSA columns:
# 0-42
name=unknown_A
#
# <colnr> <probs for GDERKNQSTAVLIFYWHMCP>
#	G	D	E	R	K	N	Q	S	T	A	V	L	I	F	Y	W	H	M	C	P
0	0.01147	0.00820	0.01147	0.01311	0.01475	0.00820	0.01147	0.01475	0.01639	0.02131	0.03770	0.08032	0.04098	0.01967	0.00984	0.00328	0.00656	0.65741	0.00656	0.00656
1	0.01463	0.01387	0.02350	0.53674	0.23566	0.01613	0.02037	0.01923	0.01480	0.01963	0.01287	0.01860	0.01000	0.00690	0.00710	0.00230	0.00920	0.00633	0.00327	0.00887
2	0.01428	0.03683	0.71286	0.02030	0.03082	0.01654	0.02631	0.02255	0.01503	0.02255	0.01278	0.01503	0.00902	0.00677	0.00677	0.00226	0.01052	0.00526	0.00301	0.01052
3	0.00850	0.00710	0.00741	0.00758	0.00973	0.00601	0.00559	0.01030	0.01607	0.01944	0.09027	0.14521	0.60556	0.01840	0.00849	0.00245	0.00366	0.01555	0.00665	0.00601
4	0.01008	0.00728	0.00952	0.00896	0.01064	0.00672	0.00672	0.01344	0.02016	0.02855	0.70158	0.05319	0.06719	0.01456	0.00840	0.00224	0.00336	0.01288	0.00784	0.00672
5	0.01809	0.01548	0.01631	0.01457	0.01866	0.01789	0.01136	0.06357	0.66613	0.03039	0.02851	0.02619	0.02135	0.00962	0.00724	0.00240	0.00572	0.00799	0.00724	0.01130
6	0.00904	0.00710	0.00806	0.00808	0.00993	0.00624	0.00590	0.01117	0.01687	0.02171	0.25760	0.14052	0.40417	0.04978	0.00972	0.00261	0.00374	0.01477	0.00688	0.00613
7	0.01681	0.01921	0.04202	0.03001	0.03721	0.01801	0.67947	0.02281	0.01681	0.02281	0.01441	0.01921	0.01080	0.00600	0.00840	0.00240	0.01200	0.00840	0.00360	0.00960
8	0.01105	0.00750	0.00977	0.00907	0.01096	0.00687	0.00685	0.01432	0.02003	0.06019	0.64836	0.05236	0.08672	0.01441	0.00834	0.00224	0.00349	0.01268	0.00784	0.00695
9	0.80005	0.01377	0.01047	0.00936	0.01377	0.01597	0.00771	0.02093	0.01212	0.03195	0.00991	0.01157	0.00771	0.00661	0.00441	0.00220	0.00551	0.00386	0.00441	0.00771
10	0.27329	0.12698	0.14274	0.01445	0.02040	0.10469	0.01376	0.17820	0.01899	0.02941	0.01225	0.01362	0.00936	0.00711	0.00573	0.00206	0.00814	0.00479	0.00452	0.00952
11	0.01024	0.00708	0.00880	0.00886	0.00923	0.00741	0.00567	0.01099	0.01078	0.01472	0.02214	0.06780	0.02445	0.52979	0.22469	0.00801	0.01016	0.00997	0.00426	0.00493
12	0.03195	0.01212	0.01652	0.01267	0.01818	0.01047	0.01047	0.03470	0.02038	0.71026	0.02809	0.02424	0.01763	0.00881	0.00716	0.00220	0.00606	0.00716	0.00881	0.01212
13	0.02660	0.03394	0.02018	0.01834	0.02201	0.72116	0.01376	0.02843	0.02018	0.01743	0.01101	0.01284	0.00917	0.00734	0.00642	0.00183	0.01284	0.00459	0.00367	0.00825
14	0.01033	0.00698	0.00818	0.00818	0.00832	0.00713	0.00482	0.01062	0.01048	0.01411	0.02206	0.04453	0.02499	0.67235	0.11242	0.00741	0.00826	0.01005	0.00426	0.00454
15	0.00921	0.00724	0.00831	0.00805	0.01010	0.00635	0.00603	0.01175	0.01810	0.02368	0.37233	0.06121	0.39947	0.01638	0.00841	0.00233	0.00349	0.01400	0.00720	0.00635
16	0.80005	0.01377	0.01047	0.00936	0.01377	0.01597	0.00771	0.02093	0.01212	0.03195	0.00991	0.01157	0.00771	0.00661	0.00441	0.00220	0.00551	0.00386	0.00441	0.00771
17	0.02707	0.01995	0.02137	0.01638	0.02208	0.02208	0.01353	0.68159	0.03348	0.04488	0.01710	0.01710	0.01211	0.00855	0.00712	0.00214	0.00784	0.00641	0.00712	0.01211
18	0.01558	0.01558	0.02181	0.01869	0.01869	0.02181	0.01558	0.01714	0.01091	0.01714	0.00935	0.01558	0.00935	0.01246	0.02337	0.00312	0.73672	0.00623	0.00312	0.00779
19	0.01036	0.00690	0.00777	0.00777	0.00777	0.00690	0.00431	0.01036	0.01036	0.01381	0.02244	0.04660	0.02589	0.74975	0.03624	0.00690	0.00690	0.01036	0.00431	0.00431
20	0.01237	0.00618	0.00928	0.00928	0.00928	0.00618	0.00618	0.00928	0.00928	0.01237	0.01237	0.02165	0.01237	0.02474	0.02783	0.79283	0.00618	0.00618	0.00309	0.00309
21	0.02660	0.03394	0.02018	0.01834	0.02201	0.72116	0.01376	0.02843	0.02018	0.01743	0.01101	0.01284	0.00917	0.00734	0.00642	0.00183	0.01284	0.00459	0.00367	0.00825
22	0.01036	0.00690	0.00777	0.00777	0.00777	0.00690	0.00431	0.01036	0.01036	0.01381	0.02244	0.04660	0.02589	0.74975	0.03624	0.00690	0.00690	0.01036	0.00431	0.00431
23	0.01681	0.01921	0.04202	0.03001	0.03721	0.01801	0.67947	0.02281	0.01681	0.02281	0.01441	0.01921	0.01080	0.00600	0.00840	0.00240	0.01200	0.00840	0.00360	0.00960
24	0.01941	0.71844	0.03647	0.01249	0.01846	0.06243	0.01226	0.02167	0.01475	0.01679	0.00995	0.01149	0.00914	0.00615	0.00466	0.00154	0.00787	0.00385	0.00308	0.00909
25	0.01428	0.03683	0.71286	0.02030	0.03082	0.01654	0.02631	0.02255	0.01503	0.02255	0.01278	0.01503	0.00902	0.00677	0.00677	0.00226	0.01052	0.00526	0.00301	0.01052
26	0.00890	0.00635	0.00851	0.01017	0.01068	0.00597	0.00699	0.01029	0.01385	0.01842	0.03913	0.69292	0.04662	0.02210	0.00915	0.00292	0.00432	0.07026	0.00661	0.00584
27	0.00929	0.00732	0.00857	0.00991	0.01067	0.03168	0.00673	0.01062	0.01417	0.01827	0.04199	0.64116	0.12076	0.02128	0.00892	0.00280	0.00439	0.01908	0.00650	0.00590
28	0.76121	0.01491	0.04518	0.00990	0.01461	0.01600	0.00863	0.02101	0.01226	0.03148	0.01006	0.01174	0.00778	0.00662	0.00452	0.00221	0.00576	0.00393	0.00434	0.00785
29	0.00868	0.00620	0.00826	0.00991	0.01033	0.00578	0.00661	0.00991	0.01363	0.01818	0.03925	0.74510	0.04710	0.02231	0.00909	0.00289	0.00413	0.02024	0.00661	0.00578
30	0.06579	0.01196	0.01586	0.01230	0.01752	0.01056	0.01007	0.03300	0.01956	0.64877	0.02702	0.02465	0.01754	0.04144	0.00832	0.00241	0.00607	0.00715	0.00841	0.01157
31	0.14315	0.02393	0.30011	0.01598	0.02334	0.01610	0.01706	0.14098	0.04446	0.18222	0.01713	0.01735	0.01176	0.00762	0.00657	0.00222	0.00809	0.00577	0.00541	0.01075
32	0.01989	0.58544	0.05548	0.01309	0.01905	0.05887	0.01267	0.10138	0.01711	0.02046	0.01281	0.01403	0.03059	0.00683	0.00515	0.00166	0.00786	0.00455	0.00368	0.00941
33	0.01596	0.01348	0.01571	0.01147	0.01745	0.01124	0.00924	0.08052	0.01636	0.02497	0.01293	0.01502	0.01064	0.00591	0.00627	0.00125	0.03865	0.00452	0.00444	0.68398
34	0.05185	0.07722	0.26156	0.01842	0.02488	0.08515	0.13081	0.06149	0.01625	0.02260	0.01493	0.04211	0.01230	0.01390	0.10760	0.00348	0.01116	0.00652	0.02865	0.00914
35	0.15667	0.01631	0.01764	0.01383	0.01918	0.03845	0.01138	0.29940	0.02442	0.30166	0.02001	0.01884	0.01344	0.00829	0.00667	0.00216	0.00691	0.00622	0.00723	0.01127
36	0.01904	0.75404	0.03731	0.01218	0.01828	0.02818	0.01218	0.02132	0.01447	0.01675	0.00990	0.01142	0.00914	0.00609	0.00457	0.00152	0.00761	0.00381	0.00305	0.00914
37	0.01882	0.01592	0.05965	0.01466	0.02056	0.01372	0.07321	0.16696	0.05030	0.08511	0.01800	0.04912	0.01473	0.00796	0.00666	0.00182	0.00687	0.03506	0.00545	0.33545
38	0.01154	0.00762	0.00965	0.00901	0.01107	0.00687	0.00680	0.01450	0.01923	0.08288	0.51044	0.08296	0.17040	0.01501	0.00833	0.00229	0.00366	0.01309	0.00766	0.00700
39	0.01035	0.00694	0.00794	0.00794	0.00800	0.00700	0.00453	0.01047	0.01041	0.01394	0.02228	0.04571	0.02550	0.71668	0.06879	0.00712	0.00748	0.01023	0.00429	0.00441
40	0.01647	0.01574	0.02681	0.23435	0.52372	0.01661	0.02128	0.02084	0.01567	0.02186	0.01319	0.01800	0.01078	0.00656	0.00707	0.00219	0.00875	0.00634	0.00342	0.01035
41	0.02488	0.06412	0.02107	0.01845	0.04310	0.54111	0.01380	0.06910	0.07304	0.02026	0.01276	0.01437	0.01041	0.00770	0.00710	0.00194	0.03877	0.00505	0.00411	0.00885
42	0.01663	0.04918	0.03135	0.02327	0.02712	0.04610	0.32727	0.02039	0.01433	0.02015	0.01233	0.01742	0.01035	0.00880	0.01420	0.00261	0.30981	0.00710	0.03290	0.00867

[dist]
# distance from previous block
# <min> <max>
0	2

[block]
# block no. 1 follows, 29 sequences, length 52
# corresponding to MSA columns:
# 45-96
name=unknown_B
#
# <colnr> <probs for GDERKNQSTAVLIFYWHMCP>
#	G	D	E	R	K	N	Q	S	T	A	V	L	I	F	Y	W	H	M	C	P
0	0.13446	0.15354	0.02038	0.01373	0.01772	0.12793	0.01140	0.16271	0.01879	0.05892	0.01422	0.01681	0.01156	0.03150	0.03464	0.00253	0.08567	0.00547	0.06903	0.00898
1	0.00865	0.00629	0.00817	0.00967	0.01026	0.00580	0.00650	0.00994	0.01387	0.01827	0.04226	0.68310	0.10716	0.02192	0.00903	0.00285	0.00408	0.01977	0.00661	0.00580
2	0.02340	0.33847	0.02743	0.01574	0.02043	0.42810	0.01309	0.02543	0.01776	0.01714	0.01054	0.01224	0.00916	0.00681	0.00564	0.00170	0.01063	0.00426	0.00341	0.00863
3	0.01147	0.00820	0.01147	0.01311	0.01475	0.00820	0.01147	0.01475	0.01639	0.02131	0.03770	0.08032	0.04098	0.01967	0.00984	0.00328	0.00656	0.65741	0.00656	0.00656
4	0.01904	0.75404	0.03731	0.01218	0.01828	0.02818	0.01218	0.02132	0.01447	0.01675	0.00990	0.01142	0.00914	0.00609	0.00457	0.00152	0.00761	0.00381	0.00305	0.00914
5	0.01013	0.00731	0.00959	0.00912	0.01079	0.00677	0.00690	0.01349	0.02001	0.02828	0.67641	0.05422	0.06619	0.01475	0.00845	0.00228	0.00348	0.03731	0.00779	0.00671
6	0.00874	0.00628	0.00819	0.00969	0.01017	0.00585	0.00645	0.00995	0.01359	0.01802	0.03989	0.68202	0.07490	0.05683	0.01035	0.00306	0.00424	0.01954	0.00650	0.00572
7	0.01017	0.00763	0.01144	0.01144	0.01272	0.00890	0.00890	0.01272	0.01144	0.01653	0.01907	0.02797	0.01780	0.05340	0.72153	0.01144	0.01907	0.00763	0.00381	0.00636
8	0.01345	0.01266	0.02136	0.73264	0.04904	0.01582	0.01978	0.01819	0.01424	0.01819	0.01266	0.01898	0.00949	0.00712	0.00712	0.00237	0.00949	0.00633	0.00316	0.00791
9	0.02025	0.01731	0.01745	0.01507	0.01935	0.06477	0.01188	0.19535	0.45252	0.03207	0.02438	0.02338	0.01834	0.01132	0.04125	0.00274	0.00730	0.00740	0.00682	0.01105
10	0.80005	0.01377	0.01047	0.00936	0.01377	0.01597	0.00771	0.02093	0.01212	0.03195	0.00991	0.01157	0.00771	0.00661	0.00441	0.00220	0.00551	0.00386	0.00441	0.00771
11	0.01412	0.03570	0.68600	0.01986	0.03005	0.01616	0.02556	0.02220	0.01523	0.02278	0.03908	0.01649	0.01124	0.00706	0.00683	0.00225	0.01025	0.00555	0.00319	0.01038
12	0.01730	0.01494	0.01571	0.01417	0.01813	0.01720	0.01101	0.03663	0.66280	0.02932	0.03088	0.02841	0.05160	0.01003	0.00730	0.00241	0.00555	0.00836	0.00722	0.01104
13	0.01561	0.01710	0.03526	0.02608	0.03155	0.01688	0.51396	0.02047	0.01570	0.02154	0.01702	0.11254	0.01532	0.00887	0.01026	0.00255	0.09678	0.00968	0.00393	0.00890
14	0.01672	0.01997	0.07380	0.03007	0.06242	0.01789	0.62292	0.02276	0.01670	0.02281	0.01429	0.01895	0.01074	0.00605	0.00827	0.00238	0.01180	0.00817	0.00357	0.00971
15	0.80005	0.01377	0.01047	0.00936	0.01377	0.01597	0.00771	0.02093	0.01212	0.03195	0.00991	0.01157	0.00771	0.00661	0.00441	0.00220	0.00551	0.00386	0.00441	0.00771
16	0.01049	0.00834	0.00956	0.00925	0.01142	0.00801	0.00692	0.01558	0.11796	0.02442	0.31401	0.12152	0.28429	0.01581	0.00830	0.00239	0.00386	0.01364	0.00720	0.00705
17	0.01527	0.07796	0.01454	0.01145	0.01437	0.01100	0.00881	0.05307	0.04559	0.11302	0.02839	0.37599	0.02989	0.01484	0.00819	0.00235	0.03189	0.01282	0.00615	0.12440
18	0.01884	0.01586	0.01674	0.01472	0.01895	0.01824	0.01154	0.11538	0.61309	0.03160	0.02755	0.02543	0.02058	0.00953	0.00723	0.00238	0.00590	0.00785	0.00723	0.01137
19	0.01017	0.00763	0.01144	0.01144	0.01272	0.00890	0.00890	0.01272	0.01144	0.01653	0.01907	0.02797	0.01780	0.05340	0.72153	0.01144	0.01907	0.00763	0.00381	0.00636
20	0.01815	0.01551	0.01635	0.01458	0.01868	0.01791	0.01138	0.06781	0.66179	0.03049	0.02843	0.02613	0.02129	0.00961	0.00724	0.00240	0.00574	0.00797	0.00724	0.01131
21	0.01477	0.01266	0.01477	0.01055	0.01687	0.00949	0.00844	0.01793	0.01477	0.02320	0.01266	0.01477	0.01055	0.00527	0.00527	0.00105	0.00527	0.00422	0.00422	0.79328
22	0.01345	0.01266	0.02136	0.73264	0.04904	0.01582	0.01978	0.01819	0.01424	0.01819	0.01266	0.01898	0.00949	0.00712	0.00712	0.00237	0.00949	0.00633	0.00316	0.00791
23	0.00908	0.00649	0.00872	0.01029	0.01090	0.00612	0.00724	0.01065	0.01421	0.01894	0.06193	0.63626	0.04701	0.02170	0.00916	0.00292	0.00441	0.10140	0.00665	0.00591
24	0.00965	0.00703	0.00908	0.00907	0.01050	0.00646	0.00661	0.01242	0.01841	0.02557	0.50905	0.21297	0.10348	0.01656	0.00856	0.00240	0.00355	0.01471	0.00748	0.00646
25	0.02730	0.01957	0.02114	0.01621	0.02190	0.02153	0.01339	0.65068	0.03285	0.07667	0.01762	0.01744	0.01237	0.00856	0.00713	0.00214	0.00775	0.00645	0.00720	0.01211
26	0.00950	0.00726	0.00871	0.00835	0.01028	0.00647	0.00626	0.01231	0.01878	0.02530	0.48173	0.05855	0.28907	0.01577	0.00840	0.00230	0.00345	0.01363	0.00741	0.00647
27	0.08693	0.27606	0.02519	0.01553	0.02008	0.42924	0.01273	0.02542	0.01759	0.01838	0.01054	0.01226	0.00904	0.00686	0.00563	0.00176	0.01048	0.00426	0.00352	0.00851
28	0.03937	0.00751	0.00883	0.00913	0.00974	0.00762	0.00598	0.03084	0.01234	0.01706	0.02660	0.20492	0.03036	0.44844	0.05910	0.00563	0.00681	0.05941	0.00506	0.00526
29	0.01650	0.01774	0.03609	0.13552	0.18729	0.01745	0.43725	0.02192	0.01630	0.02224	0.01393	0.01882	0.01072	0.00624	0.00792	0.00233	0.01085	0.00764	0.00352	0.00973
30	0.80005	0.01377	0.01047	0.00936	0.01377	0.01597	0.00771	0.02093	0.01212	0.03195	0.00991	0.01157	0.00771	0.00661	0.00441	0.00220	0.00551	0.00386	0.00441	0.00771
31	0.06361	0.01942	0.02071	0.01594	0.02157	0.02145	0.01317	0.63103	0.03208	0.06427	0.01709	0.01705	0.01207	0.00846	0.00700	0.00214	0.00767	0.00631	0.00705	0.01190
32	0.00868	0.00620	0.00826	0.00991	0.01033	0.00578	0.00661	0.00991	0.01363	0.01818	0.03925	0.74510	0.04710	0.02231	0.00909	0.00289	0.00413	0.02024	0.00661	0.00578
33	0.80005	0.01377	0.01047	0.00936	0.01377	0.01597	0.00771	0.02093	0.01212	0.03195	0.00991	0.01157	0.00771	0.00661	0.00441	0.00220	0.00551	0.00386	0.00441	0.00771
34	0.02549	0.01912	0.02049	0.01596	0.02146	0.02113	0.01308	0.57837	0.11732	0.04227	0.01848	0.01824	0.01329	0.00859	0.00708	0.00214	0.00747	0.00655	0.00705	0.03642
35	0.01103	0.00789	0.01090	0.01212	0.01369	0.00776	0.01026	0.01419	0.01692	0.02246	0.16238	0.11892	0.04630	0.01888	0.00952	0.00306	0.00580	0.49458	0.00680	0.00654
36	0.02703	0.02096	0.02128	0.01653	0.02208	0.07293	0.01355	0.63408	0.03251	0.04288	0.01665	0.01679	0.01190	0.00846	0.00707	0.00211	0.00820	0.00628	0.00687	0.01183
37	0.02730	0.01958	0.02114	0.01621	0.02190	0.02154	0.01339	0.65113	0.03286	0.07621	0.01761	0.01743	0.01237	0.00856	0.00713	0.00214	0.00775	0.00645	0.00720	0.01211
38	0.01509	0.01409	0.02192	0.37667	0.06444	0.01773	0.04294	0.04977	0.01430	0.01993	0.01241	0.01811	0.01012	0.00888	0.01229	0.00256	0.24291	0.00640	0.04121	0.00822
39	0.80005	0.01377	0.01047	0.00936	0.01377	0.01597	0.00771	0.02093	0.01212	0.03195	0.00991	0.01157	0.00771	0.00661	0.00441	0.00220	0.00551	0.00386	0.00441	0.00771
40	0.01971	0.01613	0.01713	0.01480	0.01912	0.01838	0.01167	0.19593	0.50643	0.03312	0.02640	0.04881	0.02023	0.00982	0.00728	0.00236	0.00613	0.00806	0.00719	0.01129
41	0.00875	0.00623	0.00824	0.00981	0.01021	0.00584	0.00650	0.00994	0.01348	0.01797	0.03846	0.71259	0.04611	0.05617	0.01035	0.00308	0.00426	0.01978	0.00650	0.00572
42	0.01017	0.00763	0.01144	0.01144	0.01272	0.00890	0.00890	0.01272	0.01144	0.01653	0.01907	0.02797	0.01780	0.05340	0.72153	0.01144	0.01907	0.00763	0.00381	0.00636
43	0.02377	0.09545	0.02172	0.01890	0.07093	0.47534	0.01377	0.05654	0.09311	0.02032	0.01357	0.01524	0.01110	0.00894	0.02951	0.00221	0.01123	0.00520	0.00415	0.00899
44	0.05275	0.08948	0.40458	0.05537	0.03049	0.01808	0.16355	0.02190	0.01495	0.02204	0.01254	0.01569	0.00939	0.00689	0.00782	0.00228	0.05333	0.00586	0.00322	0.00979
45	0.28617	0.07772	0.03439	0.01121	0.01544	0.06983	0.00940	0.06218	0.04934	0.08887	0.09371	0.02745	0.12866	0.00976	0.00626	0.00216	0.00608	0.00734	0.00560	0.00842
46	0.02273	0.01618	0.02019	0.04981	0.02228	0.01643	0.06362	0.31552	0.05581	0.13329	0.05021	0.02009	0.01543	0.00803	0.00694	0.00199	0.00717	0.00663	0.00639	0.16126
47	0.02474	0.08184	0.05408	0.01504	0.02075	0.07142	0.01288	0.32413	0.07363	0.15078	0.01815	0.01789	0.01299	0.00798	0.00668	0.00200	0.00762	0.00604	0.00634	0.08503
48	0.04605	0.05034	0.04900	0.01819	0.12928	0.01539	0.01287	0.10980	0.19391	0.12561	0.07734	0.07973	0.04146	0.01004	0.00720	0.00227	0.00639	0.00847	0.00635	0.01032
49	0.01920	0.01631	0.01805	0.10525	0.02281	0.06086	0.01218	0.22931	0.07031	0.02909	0.01631	0.05170	0.01334	0.00804	0.00708	0.00187	0.03069	0.00631	0.00527	0.27604
50	0.02220	0.01657	0.01853	0.04249	0.02073	0.01785	0.01235	0.47394	0.02760	0.03718	0.02071	0.11384	0.01820	0.01070	0.00740	0.00223	0.00714	0.04985	0.00663	0.07386
51	0.01922	0.48525	0.12865	0.01423	0.02056	0.07658	0.01432	0.07164	0.01632	0.02007	0.01105	0.01276	0.00942	0.00662	0.00582	0.00172	0.03076	0.00436	0.00345	0.04719

[dist]
# distance from previous block
# <min> <max>
0	1

[block]
# block no. 2 follows, 29 sequences, length 29
# corresponding to MSA columns:
# 98-126
name=unknown_C
#
# <colnr> <probs for GDERKNQSTAVLIFYWHMCP>
#	G	D	E	R	K	N	Q	S	T	A	V	L	I	F	Y	W	H	M	C	P
0	0.01200	0.00907	0.01051	0.00949	0.01196	0.00870	0.00729	0.10787	0.02087	0.02805	0.41262	0.05270	0.25230	0.01476	0.00822	0.00228	0.00407	0.01261	0.00736	0.00727
1	0.01382	0.01016	0.01325	0.03799	0.06506	0.01039	0.01021	0.02026	0.15050	0.07020	0.23900	0.08796	0.06594	0.03513	0.00907	0.00265	0.00535	0.13805	0.00684	0.00816
2	0.01832	0.01516	0.01612	0.01441	0.01850	0.01740	0.01124	0.03770	0.66394	0.05868	0.02894	0.02647	0.02156	0.00962	0.00724	0.00241	0.00565	0.00801	0.00731	0.01131
3	0.01237	0.00618	0.00928	0.00928	0.00928	0.00618	0.00618	0.00928	0.00928	0.01237	0.01237	0.02165	0.01237	0.02474	0.02783	0.79283	0.00618	0.00618	0.00309	0.00309
4	0.04547	0.03462	0.03486	0.04640	0.12762	0.04376	0.01262	0.04778	0.29721	0.06695	0.02182	0.02468	0.01751	0.09463	0.01025	0.00275	0.00686	0.00727	0.02630	0.03063
5	0.74335	0.01365	0.01091	0.00961	0.01410	0.01557	0.00791	0.02195	0.01273	0.08202	0.01126	0.01250	0.00844	0.00677	0.00461	0.00220	0.00555	0.00410	0.00473	0.00804
6	0.09633	0.15844	0.04298	0.15442	0.04340	0.25772	0.01464	0.09353	0.01813	0.02207	0.01173	0.01435	0.00945	0.00722	0.00658	0.00200	0.02928	0.00501	0.00386	0.00884
7	0.00988	0.00727	0.00925	0.00875	0.01052	0.00664	0.00657	0.01306	0.01970	0.02746	0.62777	0.05499	0.14168	0.01496	0.00840	0.00226	0.00339	0.01313	0.00769	0.00664
8	0.02472	0.12308	0.02210	0.01484	0.02028	0.02077	0.01248	0.45032	0.07357	0.09735	0.02079	0.02031	0.04974	0.00880	0.00684	0.00209	0.00727	0.00668	0.00667	0.01130
9	0.01770	0.01544	0.01721	0.01702	0.07790	0.01764	0.01219	0.03646	0.63400	0.02922	0.02763	0.02579	0.02083	0.00937	0.00723	0.00239	0.00588	0.00790	0.00692	0.01127
10	0.01692	0.01689	0.02827	0.02200	0.02508	0.01994	0.24708	0.07655	0.01507	0.02187	0.01230	0.01738	0.01042	0.00971	0.01605	0.00273	0.39324	0.00702	0.03271	0.00875
11	0.02348	0.01346	0.05402	0.11612	0.02247	0.01256	0.01269	0.02801	0.06786	0.39090	0.08214	0.04402	0.02070	0.00967	0.00861	0.00234	0.06582	0.00777	0.00698	0.01038
12	0.02779	0.01802	0.02008	0.01548	0.02107	0.01932	0.01276	0.51193	0.05658	0.19265	0.02002	0.01906	0.01372	0.00865	0.00714	0.00216	0.00735	0.00664	0.00750	0.01208
13	0.04549	0.03274	0.57754	0.02207	0.08837	0.01643	0.05199	0.02281	0.01526	0.04383	0.01325	0.01558	0.00950	0.00675	0.00678	0.00225	0.01008	0.00549	0.00331	0.01049
14	0.01467	0.01266	0.01525	0.06385	0.01925	0.00996	0.00927	0.01795	0.01473	0.02283	0.01266	0.01508	0.01047	0.00541	0.00541	0.00115	0.00558	0.00437	0.00414	0.73531
15	0.01389	0.01290	0.02138	0.22854	0.02857	0.01490	0.13329	0.04232	0.01441	0.01985	0.01811	0.14408	0.01762	0.04785	0.04075	0.00316	0.15077	0.00931	0.03057	0.00771
16	0.01686	0.01614	0.02753	0.16890	0.58607	0.01672	0.02148	0.02119	0.01585	0.02234	0.01326	0.01787	0.01095	0.00649	0.00706	0.00216	0.00865	0.00634	0.00346	0.01067
17	0.01536	0.01461	0.02481	0.41766	0.34910	0.01632	0.02073	0.01987	0.01514	0.02051	0.01299	0.01836	0.01031	0.00676	0.00709	0.00225	0.00902	0.00634	0.00333	0.00945
18	0.02660	0.03394	0.02018	0.01834	0.02201	0.72116	0.01376	0.02843	0.02018	0.01743	0.01101	0.01284	0.00917	0.00734	0.00642	0.00183	0.01284	0.00459	0.00367	0.00825
19	0.00868	0.00620	0.00826	0.00991	0.01033	0.00578	0.00661	0.00991	0.01363	0.01818	0.03925	0.74510	0.04710	0.02231	0.00909	0.00289	0.00413	0.02024	0.00661	0.00578
20	0.01036	0.00690	0.00777	0.00777	0.00777	0.00690	0.00431	0.01036	0.01036	0.01381	0.02244	0.04660	0.02589	0.74975	0.03624	0.00690	0.00690	0.01036	0.00431	0.00431
21	0.00903	0.00689	0.00973	0.01061	0.01151	0.00637	0.03761	0.01054	0.01400	0.01848	0.04094	0.65305	0.10208	0.02119	0.00900	0.00283	0.00445	0.01924	0.00647	0.00598
22	0.01688	0.01901	0.04088	0.03120	0.09498	0.01791	0.62261	0.02273	0.01676	0.02285	0.01432	0.01907	0.01085	0.00603	0.00829	0.00238	0.01170	0.00823	0.00359	0.00975
23	0.02426	0.01846	0.02112	0.14110	0.02662	0.02079	0.01452	0.53624	0.06059	0.03953	0.01687	0.01786	0.01210	0.00835	0.00713	0.00219	0.00802	0.00647	0.00644	0.01134
24	0.00868	0.00620	0.00826	0.00991	0.01033	0.00578	0.00661	0.00991	0.01363	0.01818	0.03925	0.74510	0.04710	0.02231	0.00909	0.00289	0.00413	0.02024	0.00661	0.00578
25	0.01524	0.03739	0.01539	0.04307	0.01700	0.06239	0.01076	0.15222	0.01682	0.02251	0.01752	0.02374	0.01539	0.03741	0.47023	0.00814	0.01553	0.00698	0.00443	0.00783
26	0.04232	0.06335	0.60912	0.02034	0.03021	0.01710	0.07570	0.02246	0.01505	0.02267	0.01269	0.01509	0.00912	0.00667	0.00672	0.00224	0.01035	0.00540	0.00310	0.01030
27	0.01454	0.07518	0.67674	0.01986	0.03015	0.01716	0.02555	0.02248	0.01500	0.02224	0.01262	0.01484	0.00903	0.00673	0.00665	0.00222	0.01037	0.00518	0.00301	0.01045
28	0.11698	0.03252	0.57170	0.01959	0.02907	0.01657	0.07210	0.02236	0.01478	0.02380	0.01253	0.01489	0.00898	0.00669	0.00658	0.00226	0.00998	0.00531	0.00323	0.01009

[dist]
# distance from previous block
# <min> <max>
1	18

[block]
# block no. 3 follows, 29 sequences, length 59
# corresponding to MSA columns:
# 145-203
name=unknown_D
#
# <colnr> <probs for GDERKNQSTAVLIFYWHMCP>
#	G	D	E	R	K	N	Q	S	T	A	V	L	I	F	Y	W	H	M	C	P
0	0.03783	0.01869	0.10380	0.11179	0.03235	0.01590	0.33212	0.05142	0.01687	0.07423	0.01477	0.01816	0.01089	0.00645	0.00736	0.00215	0.00975	0.00690	0.00413	0.12444
1	0.11884	0.05079	0.02011	0.10953	0.10490	0.03881	0.01385	0.17185	0.14650	0.10405	0.01785	0.01883	0.01322	0.00807	0.00719	0.00223	0.03109	0.00628	0.00563	0.01037
2	0.04171	0.10380	0.62492	0.01915	0.02905	0.01762	0.02434	0.02238	0.01488	0.02233	0.01241	0.01457	0.00899	0.00670	0.00648	0.00218	0.01008	0.00508	0.00306	0.01030
3	0.00937	0.04026	0.00943	0.00830	0.01052	0.00758	0.00634	0.01131	0.01519	0.01880	0.08551	0.05701	0.48883	0.05797	0.13773	0.00419	0.00671	0.01289	0.00590	0.00616
4	0.01620	0.02305	0.22338	0.04435	0.03220	0.01749	0.36330	0.05114	0.01641	0.02330	0.01403	0.01800	0.01057	0.00700	0.00892	0.00237	0.07055	0.00712	0.04098	0.00963
5	0.01941	0.71884	0.03648	0.01249	0.01846	0.06205	0.01226	0.02167	0.01475	0.01679	0.00995	0.01149	0.00914	0.00615	0.00466	0.00154	0.00787	0.00385	0.00308	0.00909
6	0.05202	0.01777	0.07278	0.06648	0.52332	0.01689	0.02024	0.02351	0.09230	0.02412	0.01493	0.01825	0.01207	0.00679	0.00694	0.00217	0.00819	0.00635	0.00393	0.01093
7	0.01912	0.68467	0.07193	0.01288	0.01910	0.05818	0.01299	0.02170	0.01475	0.01709	0.01010	0.01167	0.00913	0.00618	0.00477	0.00158	0.00800	0.00392	0.00307	0.00917
8	0.00889	0.00763	0.00825	0.00885	0.03915	0.00651	0.00617	0.01088	0.01643	0.01988	0.10164	0.06559	0.64087	0.01736	0.00836	0.00238	0.00380	0.01455	0.00654	0.00627
9	0.01063	0.00802	0.00991	0.00930	0.01127	0.00767	0.00702	0.01540	0.08233	0.02777	0.57797	0.05220	0.12454	0.01444	0.00829	0.00227	0.00360	0.01264	0.00766	0.00707
10	0.12782	0.11511	0.43033	0.01923	0.07213	0.07658	0.02068	0.02262	0.01506	0.02284	0.01193	0.01412	0.00901	0.00668	0.00617	0.00212	0.00953	0.00491	0.00330	0.00983
11	0.05587	0.01232	0.01306	0.01110	0.01421	0.04572	0.03787	0.18851	0.01965	0.03020	0.01984	0.02297	0.01557	0.02890	0.03512	0.00237	0.00615	0.00656	0.42577	0.00824
12	0.00868	0.00620	0.00826	0.00991	0.01033	0.00578	0.00661	0.00991	0.01363	0.01818	0.03925	0.74510	0.04710	0.02231	0.00909	0.00289	0.00413	0.02024	0.00661	0.00578
13	0.04225	0.23348	0.50306	0.01769	0.02679	0.01972	0.02179	0.02216	0.01478	0.02127	0.01189	0.01392	0.00901	0.00657	0.00608	0.00205	0.00955	0.00481	0.00307	0.01005
14	0.02213	0.06460	0.17841	0.04224	0.10061	0.34067	0.01756	0.10917	0.01983	0.02273	0.01245	0.01453	0.00976	0.00719	0.00659	0.00200	0.01084	0.00518	0.00390	0.00963
15	0.31454	0.27541	0.07137	0.01242	0.01782	0.02111	0.01161	0.07887	0.07611	0.02649	0.01242	0.01368	0.00998	0.00703	0.00560	0.00201	0.02552	0.00459	0.00428	0.00911
16	0.01008	0.00728	0.00952	0.00896	0.01064	0.00672	0.00672	0.01344	0.02016	0.02855	0.70158	0.05319	0.06719	0.01456	0.00840	0.00224	0.00336	0.01288	0.00784	0.00672
17	0.01658	0.04130	0.16597	0.05920	0.11518	0.03763	0.35159	0.02287	0.04201	0.02230	0.01400	0.01793	0.01072	0.00672	0.00837	0.00233	0.04477	0.00711	0.00356	0.00984
18	0.01079	0.00711	0.00883	0.00883	0.00955	0.00754	0.00600	0.01223	0.01151	0.01691	0.02142	0.03679	0.02181	0.38453	0.26586	0.00757	0.01046	0.00879	0.13804	0.00541
19	0.01237	0.00618	0.00928	0.00928	0.00928	0.00618	0.00618	0.00928	0.00928	0.01237	0.01237	0.02165	0.01237	0.02474	0.02783	0.79283	0.00618	0.00618	0.00309	0.00309
20	0.01820	0.01554	0.01638	0.01459	0.01870	0.01794	0.01139	0.07155	0.65796	0.03058	0.02836	0.02607	0.02123	0.00960	0.00724	0.00240	0.00575	0.00796	0.00724	0.01131
21	0.01904	0.75404	0.03731	0.01218	0.01828	0.02818	0.01218	0.02132	0.01447	0.01675	0.00990	0.01142	0.00914	0.00609	0.00457	0.00152	0.00761	0.00381	0.00305	0.00914
22	0.01029	0.00715	0.00899	0.00899	0.00941	0.00757	0.00584	0.01114	0.01072	0.01471	0.02132	0.04040	0.02320	0.51791	0.26441	0.00842	0.01096	0.00945	0.00415	0.00499
23	0.02707	0.01995	0.02137	0.01638	0.02208	0.02208	0.01353	0.68159	0.03348	0.04488	0.01710	0.01710	0.01211	0.00855	0.00712	0.00214	0.00784	0.00641	0.00712	0.01211
24	0.01762	0.01692	0.02890	0.04371	0.70533	0.01692	0.02185	0.02185	0.01621	0.02326	0.01339	0.01762	0.01128	0.00634	0.00705	0.00211	0.00846	0.00634	0.00352	0.01128
25	0.01426	0.00989	0.01207	0.01053	0.01314	0.00979	0.00817	0.14068	0.02268	0.06196	0.54225	0.04508	0.05457	0.01317	0.00810	0.00222	0.00433	0.01140	0.00775	0.00798
26	0.01552	0.01648	0.05109	0.01876	0.01921	0.02159	0.01603	0.01737	0.01108	0.01737	0.00949	0.01556	0.00933	0.01222	0.02266	0.00308	0.70595	0.00619	0.00311	0.00791
27	0.01019	0.00756	0.01110	0.01110	0.01225	0.00871	0.00847	0.01250	0.01134	0.01628	0.01939	0.02971	0.01855	0.11820	0.65777	0.01102	0.01794	0.00788	0.00386	0.00617
28	0.01549	0.01546	0.02179	0.04887	0.01998	0.02156	0.01576	0.01718	0.01105	0.01718	0.00949	0.01572	0.00935	0.01224	0.02268	0.00308	0.70598	0.00624	0.00312	0.00779
29	0.01477	0.01266	0.01477	0.01055	0.01687	0.00949	0.00844	0.01793	0.01477	0.02320	0.01266	0.01477	0.01055	0.00527	0.00527	0.00105	0.00527	0.00422	0.00422	0.79328
30	0.01656	0.01835	0.03875	0.09945	0.10286	0.01769	0.55204	0.02227	0.01650	0.02241	0.01414	0.01903	0.01072	0.00614	0.00815	0.00237	0.01142	0.00800	0.00355	0.00960
31	0.02667	0.01975	0.02115	0.01630	0.02193	0.02190	0.01344	0.65438	0.06133	0.04424	0.01760	0.01750	0.01252	0.00859	0.00713	0.00215	0.00774	0.00648	0.00713	0.01207
32	0.00866	0.00624	0.00821	0.00979	0.01029	0.00579	0.00655	0.00993	0.01375	0.01823	0.04079	0.71343	0.07778	0.02211	0.00906	0.00287	0.00411	0.02000	0.00661	0.00579
33	0.01018	0.00759	0.01126	0.01126	0.01246	0.00880	0.00867	0.01260	0.01139	0.01639	0.01924	0.02892	0.01821	0.08880	0.68670	0.01121	0.01845	0.00777	0.00384	0.00625
34	0.01438	0.03615	0.68707	0.02067	0.03106	0.01659	0.05142	0.02256	0.01510	0.02256	0.01284	0.01519	0.00909	0.00674	0.00683	0.00226	0.01058	0.00538	0.00303	0.01049
35	0.00879	0.00634	0.00833	0.00970	0.01032	0.00588	0.00656	0.01025	0.01435	0.01917	0.10081	0.65019	0.08015	0.02140	0.00899	0.00281	0.00404	0.01933	0.00672	0.00588
36	0.07604	0.09578	0.02057	0.01564	0.02013	0.33080	0.01247	0.21840	0.02268	0.05357	0.01403	0.01516	0.01083	0.00764	0.00625	0.00192	0.00953	0.00523	0.05386	0.00948
37	0.76499	0.01372	0.01095	0.04160	0.01534	0.01597	0.00825	0.02081	0.01221	0.03133	0.01004	0.01190	0.00779	0.00663	0.00453	0.00221	0.00569	0.00397	0.00435	0.00772
38	0.04920	0.00795	0.00972	0.01033	0.01159	0.00787	0.00730	0.07091	0.01625	0.02270	0.12930	0.54663	0.04488	0.01922	0.00859	0.00270	0.00442	0.01717	0.00672	0.00657
39	0.01237	0.00618	0.00928	0.00928	0.00928	0.00618	0.00618	0.00928	0.00928	0.01237	0.01237	0.02165	0.01237	0.02474	0.02783	0.79283	0.00618	0.00618	0.00309	0.00309
40	0.01421	0.00987	0.01234	0.01197	0.01470	0.00984	0.00981	0.02059	0.14602	0.08640	0.18938	0.05482	0.06913	0.01478	0.00847	0.00262	0.00540	0.26341	0.00707	0.04917
41	0.04121	0.58746	0.06903	0.01295	0.01877	0.09220	0.01266	0.02164	0.01527	0.01817	0.04638	0.01394	0.01213	0.00670	0.00506	0.00165	0.00798	0.00443	0.00339	0.00896
42	0.01875	0.01263	0.01474	0.01201	0.01613	0.01249	0.00960	0.17394	0.07475	0.13920	0.18760	0.03330	0.10903	0.01087	0.00779	0.00210	0.02613	0.00890	0.00698	0.12309
43	0.01676	0.02244	0.19113	0.05082	0.05625	0.01740	0.42836	0.02284	0.01619	0.05272	0.01432	0.01826	0.01061	0.00664	0.00855	0.00238	0.04343	0.00740	0.00366	0.00984
44	0.01692	0.28786	0.34637	0.01995	0.08507	0.02065	0.06781	0.02240	0.01521	0.03893	0.01234	0.01452	0.00962	0.00649	0.00614	0.00199	0.00930	0.00512	0.00326	0.01007
45	0.01036	0.00690	0.00777	0.00777	0.00777	0.00690	0.00431	0.01036	0.01036	0.01381	0.02244	0.04660	0.02589	0.74975	0.03624	0.00690	0.00690	0.01036	0.00431	0.00431
46	0.02214	0.45898	0.03029	0.01471	0.01981	0.31212	0.01283	0.02424	0.01681	0.01703	0.01035	0.01200	0.00915	0.00660	0.00533	0.00165	0.00976	0.00413	0.00330	0.00878
47	0.02620	0.03251	0.02004	0.01809	0.02185	0.66033	0.01363	0.05494	0.05219	0.01910	0.01209	0.01365	0.00988	0.00749	0.00649	0.00187	0.01230	0.00482	0.00397	0.00855
48	0.01017	0.00763	0.01144	0.01144	0.01272	0.00890	0.00890	0.01272	0.01144	0.01653	0.01907	0.02797	0.01780	0.05340	0.72153	0.01144	0.01907	0.00763	0.00381	0.00636
49	0.75961	0.01368	0.01078	0.00954	0.01400	0.01568	0.00786	0.02166	0.01255	0.06766	0.01087	0.01223	0.00823	0.00673	0.00455	0.00220	0.00554	0.00403	0.00464	0.00794
50	0.01112	0.00765	0.00860	0.00845	0.01088	0.00658	0.00642	0.01309	0.01652	0.09188	0.08710	0.14473	0.49611	0.01752	0.00843	0.00248	0.00405	0.04482	0.00689	0.00668
51	0.80005	0.01377	0.01047	0.00936	0.01377	0.01597	0.00771	0.02093	0.01212	0.03195	0.00991	0.01157	0.00771	0.00661	0.00441	0.00220	0.00551	0.00386	0.00441	0.00771
52	0.01517	0.01435	0.02430	0.42271	0.32608	0.01609	0.02045	0.01966	0.01513	0.02042	0.01360	0.01996	0.01105	0.00711	0.00716	0.00229	0.00898	0.02280	0.00340	0.00930
53	0.01856	0.58686	0.15944	0.01397	0.02075	0.06128	0.01484	0.02191	0.01486	0.01784	0.01048	0.01215	0.00912	0.00628	0.00506	0.00167	0.00841	0.00411	0.00307	0.00935
54	0.02139	0.01236	0.01469	0.01210	0.01607	0.01233	0.00967	0.19642	0.05710	0.23291	0.18597	0.06261	0.07198	0.01125	0.00749	0.00222	0.00549	0.00936	0.04870	0.00987
55	0.01013	0.00687	0.00813	0.00834	0.00850	0.00692	0.00498	0.01049	0.01086	0.01459	0.02430	0.13387	0.02792	0.60018	0.08898	0.00677	0.00755	0.01139	0.00457	0.00467
56	0.02388	0.05245	0.01896	0.01428	0.01914	0.01831	0.01180	0.42136	0.07661	0.10323	0.02014	0.02167	0.01502	0.00998	0.02448	0.00234	0.00719	0.02773	0.10052	0.01093
57	0.20359	0.02153	0.29856	0.01447	0.02011	0.01407	0.01546	0.04982	0.01353	0.02296	0.01207	0.01609	0.00976	0.01183	0.01243	0.21440	0.03266	0.00526	0.00357	0.00784
58	0.34189	0.04482	0.01615	0.01268	0.01701	0.05994	0.01048	0.07976	0.01672	0.22483	0.01574	0.01622	0.01127	0.00813	0.00782	0.00226	0.09383	0.00535	0.00565	0.00944

[dist]
# distance from previous block
# <min> <max>
0	1

[block]
# block no. 4 follows, 29 sequences, length 62
# corresponding to MSA columns:
# 205-266
name=unknown_E
#
# <colnr> <probs for GDERKNQSTAVLIFYWHMCP>
#	G	D	E	R	K	N	Q	S	T	A	V	L	I	F	Y	W	H	M	C	P
0	0.01486	0.01518	0.02771	0.38867	0.03990	0.01758	0.21923	0.01940	0.01441	0.01940	0.01258	0.01843	0.00986	0.00776	0.01048	0.00252	0.14340	0.00694	0.00329	0.00840
1	0.80005	0.01377	0.01047	0.00936	0.01377	0.01597	0.00771	0.02093	0.01212	0.03195	0.00991	0.01157	0.00771	0.00661	0.00441	0.00220	0.00551	0.00386	0.00441	0.00771
2	0.01459	0.08282	0.66954	0.01978	0.03001	0.01728	0.02540	0.02247	0.01500	0.02218	0.01259	0.01480	0.00903	0.00672	0.00662	0.00221	0.01034	0.00517	0.00301	0.01043
3	0.01448	0.06702	0.68442	0.01995	0.03029	0.01703	0.02571	0.02250	0.01501	0.02231	0.01266	0.01488	0.00903	0.00674	0.00667	0.00222	0.01040	0.00520	0.00301	0.01047
4	0.00891	0.00732	0.00790	0.00801	0.01026	0.00631	0.00617	0.01103	0.01666	0.02044	0.13546	0.06811	0.56675	0.01783	0.00856	0.00248	0.00388	0.08103	0.00674	0.00614
5	0.02133	0.16039	0.01996	0.01283	0.01721	0.08499	0.01073	0.29193	0.02296	0.03131	0.01695	0.01841	0.01309	0.00788	0.00592	0.00185	0.00692	0.00580	0.24003	0.00953
6	0.01632	0.34485	0.42273	0.01681	0.02543	0.02154	0.02024	0.02202	0.01479	0.02006	0.01154	0.01348	0.00907	0.00648	0.00582	0.00194	0.00927	0.00464	0.00302	0.00993
7	0.01393	0.01315	0.02223	0.65289	0.12501	0.01595	0.02002	0.01862	0.01447	0.01878	0.01274	0.01883	0.00970	0.00703	0.00711	0.00234	0.00937	0.00633	0.00321	0.00830
8	0.00878	0.00624	0.00823	0.00978	0.01016	0.00586	0.00646	0.00994	0.01342	0.01790	0.03817	0.70032	0.04574	0.06895	0.01083	0.00315	0.00431	0.01961	0.00646	0.00569
9	0.01345	0.01266	0.02136	0.73264	0.04904	0.01582	0.01978	0.01819	0.01424	0.01819	0.01266	0.01898	0.00949	0.00712	0.00712	0.00237	0.00949	0.00633	0.00316	0.00791
10	0.01034	0.00695	0.00801	0.00798	0.00811	0.00699	0.00462	0.01059	0.01080	0.01453	0.04961	0.04601	0.02718	0.68812	0.06666	0.00692	0.00732	0.01033	0.00443	0.00451
11	0.01029	0.00688	0.00779	0.00785	0.00787	0.00686	0.00441	0.01034	0.01049	0.01398	0.02310	0.07428	0.02673	0.72092	0.03517	0.00674	0.00679	0.01075	0.00441	0.00437
12	0.00966	0.00722	0.00897	0.00862	0.01040	0.00653	0.00643	0.01259	0.01903	0.02610	0.53754	0.08561	0.20377	0.01564	0.00843	0.00230	0.00345	0.01365	0.00752	0.00653
13	0.01428	0.03683	0.71286	0.02030	0.03082	0.01654	0.02631	0.02255	0.01503	0.02255	0.01278	0.01503	0.00902	0.00677	0.00677	0.00226	0.01052	0.00526	0.00301	0.01052
14	0.01445	0.06201	0.68915	0.02001	0.03038	0.01695	0.02581	0.02251	0.01501	0.02235	0.01268	0.01491	0.00902	0.00674	0.00669	0.00223	0.01042	0.00521	0.00301	0.01047
15	0.01383	0.00718	0.00723	0.00703	0.00885	0.00726	0.00532	0.04354	0.01568	0.02729	0.02298	0.02616	0.01800	0.00831	0.00506	0.00168	0.00350	0.00663	0.75759	0.00686
16	0.01904	0.75404	0.03731	0.01218	0.01828	0.02818	0.01218	0.02132	0.01447	0.01675	0.00990	0.01142	0.00914	0.00609	0.00457	0.00152	0.00761	0.00381	0.00305	0.00914
17	0.01582	0.01603	0.02172	0.07157	0.02106	0.04665	0.01582	0.01762	0.01149	0.01723	0.00965	0.01573	0.00935	0.01188	0.02155	0.00301	0.65667	0.00618	0.00314	0.00782
18	0.00872	0.00718	0.00767	0.00765	0.00983	0.00613	0.00570	0.01077	0.01681	0.02084	0.18202	0.09695	0.55985	0.01762	0.00844	0.00240	0.00359	0.01489	0.00683	0.00613
19	0.01681	0.01921	0.04202	0.03001	0.03721	0.01801	0.67947	0.02281	0.01681	0.02281	0.01441	0.01921	0.01080	0.00600	0.00840	0.00240	0.01200	0.00840	0.00360	0.00960
20	0.80005	0.01377	0.01047	0.00936	0.01377	0.01597	0.00771	0.02093	0.01212	0.03195	0.00991	0.01157	0.00771	0.00661	0.00441	0.00220	0.00551	0.00386	0.00441	0.00771
21	0.00952	0.00705	0.00762	0.00759	0.00870	0.00652	0.00490	0.01046	0.01336	0.01688	0.07920	0.05623	0.31448	0.40130	0.02300	0.00475	0.00532	0.01247	0.00547	0.00516
22	0.01743	0.01967	0.03908	0.03127	0.12758	0.05485	0.55472	0.02297	0.01690	0.02259	0.01409	0.01866	0.01078	0.00612	0.00811	0.00233	0.01157	0.00792	0.00359	0.00976
23	0.01079	0.00689	0.00773	0.00773	0.00803	0.00694	0.00458	0.01140	0.01109	0.01585	0.02243	0.04285	0.02442	0.61084	0.05665	0.00627	0.00680	0.00969	0.12427	0.00474
24	0.00955	0.00749	0.00871	0.00876	0.01068	0.00684	0.00653	0.01269	0.04826	0.02271	0.27096	0.16311	0.33755	0.01721	0.00851	0.00246	0.00382	0.04063	0.00704	0.00647
25	0.01084	0.00747	0.00965	0.00899	0.01087	0.00682	0.00678	0.01407	0.01991	0.05498	0.63453	0.05303	0.10595	0.01455	0.00835	0.00225	0.00348	0.01279	0.00780	0.00689
26	0.01884	0.72384	0.06575	0.01253	0.01880	0.02769	0.01278	0.02137	0.01449	0.01700	0.01002	0.01157	0.00913	0.00612	0.00466	0.00155	0.00774	0.00387	0.00304	0.00920
27	0.01904	0.75404	0.03731	0.01218	0.01828	0.02818	0.01218	0.02132	0.01447	0.01675	0.00990	0.01142	0.00914	0.00609	0.00457	0.00152	0.00761	0.00381	0.00305	0.00914
28	0.02724	0.01967	0.02120	0.01625	0.02194	0.02167	0.01343	0.65885	0.03302	0.06827	0.01748	0.01735	0.01230	0.00856	0.00712	0.00214	0.00777	0.00644	0.00718	0.01211
29	0.80005	0.01377	0.01047	0.00936	0.01377	0.01597	0.00771	0.02093	0.01212	0.03195	0.00991	0.01157	0.00771	0.00661	0.00441	0.00220	0.00551	0.00386	0.00441	0.00771
30	0.77242	0.01371	0.01068	0.00948	0.01393	0.01578	0.00781	0.02143	0.01242	0.05635	0.01057	0.01202	0.00807	0.00669	0.00451	0.00220	0.00553	0.00397	0.00457	0.00787
31	0.01036	0.00690	0.00777	0.00777	0.00777	0.00690	0.00431	0.01036	0.01036	0.01381	0.02244	0.04660	0.02589	0.74975	0.03624	0.00690	0.00690	0.01036	0.00431	0.00431
32	0.02707	0.01995	0.02137	0.01638	0.02208	0.02208	0.01353	0.68159	0.03348	0.04488	0.01710	0.01710	0.01211	0.00855	0.00712	0.00214	0.00784	0.00641	0.00712	0.01211
33	0.22312	0.01341	0.01513	0.01180	0.01720	0.01282	0.00969	0.09169	0.01852	0.34413	0.01951	0.01855	0.01324	0.00757	0.00611	0.00198	0.00595	0.00570	0.00667	0.15722
34	0.00963	0.00702	0.00906	0.00906	0.01049	0.00645	0.00660	0.01239	0.01836	0.02548	0.50318	0.21556	0.10690	0.01661	0.00856	0.00240	0.00356	0.01474	0.00747	0.00645
35	0.08054	0.01328	0.01679	0.01296	0.01842	0.01239	0.01070	0.12117	0.02162	0.57693	0.02544	0.02246	0.01625	0.00864	0.00698	0.00219	0.00626	0.00685	0.00830	0.01183
36	0.10282	0.01279	0.01602	0.01251	0.01770	0.01197	0.01029	0.09977	0.02095	0.53410	0.06701	0.02409	0.01919	0.00893	0.00697	0.00220	0.00603	0.00712	0.00816	0.01136
37	0.01855	0.44814	0.16925	0.01421	0.02071	0.02250	0.01496	0.06399	0.01631	0.05801	0.01467	0.01999	0.01290	0.00787	0.00584	0.00192	0.00803	0.06869	0.00396	0.00952
38	0.00998	0.00683	0.00786	0.00808	0.00835	0.00668	0.00479	0.01038	0.01152	0.01526	0.04965	0.14961	0.07366	0.57387	0.02963	0.00588	0.00618	0.01217	0.00491	0.00471
39	0.00868	0.00620	0.00826	0.00991	0.01033	0.00578	0.00661	0.00991	0.01363	0.01818	0.03925	0.74510	0.04710	0.02231	0.00909	0.00289	0.00413	0.02024	0.00661	0.00578
40	0.01439	0.03609	0.68464	0.02070	0.03109	0.01660	0.05378	0.02256	0.01511	0.02256	0.01285	0.01521	0.00910	0.00673	0.00683	0.00226	0.01059	0.00539	0.00303	0.01048
41	0.02612	0.06120	0.02097	0.01708	0.02154	0.42131	0.01337	0.22021	0.05919	0.05155	0.01431	0.01516	0.01100	0.00781	0.00661	0.00195	0.01051	0.00536	0.00503	0.00973
42	0.00904	0.00738	0.00808	0.00831	0.01053	0.00642	0.00650	0.01120	0.01655	0.02027	0.11373	0.06930	0.54707	0.01804	0.00865	0.00253	0.00407	0.11949	0.00670	0.00615
43	0.02905	0.01177	0.01581	0.01233	0.01736	0.01038	0.01010	0.05332	0.02078	0.60299	0.11209	0.02763	0.02365	0.00952	0.00731	0.00221	0.00578	0.00785	0.00864	0.01144
44	0.01939	0.72089	0.03652	0.01247	0.01845	0.06007	0.01226	0.02165	0.01473	0.01678	0.00995	0.01149	0.00914	0.00615	0.00465	0.00154	0.00786	0.00384	0.00307	0.00910
45	0.01484	0.12054	0.63401	0.01935	0.02935	0.01790	0.02466	0.02241	0.01497	0.02187	0.01244	0.01461	0.00903	0.00669	0.00651	0.00217	0.01018	0.00509	0.00301	0.01036
46	0.01017	0.00763	0.01144	0.01144	0.01272	0.00890	0.00890	0.01272	0.01144	0.01653	0.01907	0.02797	0.01780	0.05340	0.72153	0.01144	0.01907	0.00763	0.00381	0.00636
47	0.01959	0.01562	0.01709	0.03251	0.01974	0.01698	0.01147	0.16203	0.41347	0.05905	0.02367	0.02259	0.01764	0.00867	0.00691	0.00214	0.00613	0.00706	0.00672	0.13090
48	0.02660	0.03394	0.02018	0.01834	0.02201	0.72116	0.01376	0.02843	0.02018	0.01743	0.01101	0.01284	0.00917	0.00734	0.00642	0.00183	0.01284	0.00459	0.00367	0.00825
49	0.01388	0.01095	0.01228	0.01124	0.01419	0.01157	0.00864	0.02435	0.31547	0.04933	0.28673	0.04293	0.14391	0.01276	0.00785	0.00234	0.00449	0.01090	0.00742	0.00878
50	0.01477	0.01266	0.01477	0.01055	0.01687	0.00949	0.00844	0.01793	0.01477	0.02320	0.01266	0.01477	0.01055	0.00527	0.00527	0.00105	0.00527	0.00422	0.00422	0.79328
51	0.00997	0.00727	0.00937	0.00885	0.01057	0.00667	0.00663	0.01323	0.01990	0.02795	0.66090	0.05418	0.10824	0.01478	0.00840	0.00225	0.00338	0.01302	0.00776	0.00667
52	0.00900	0.00643	0.00859	0.01001	0.01063	0.00603	0.00692	0.01058	0.01449	0.01947	0.10948	0.63096	0.04885	0.02132	0.00906	0.00285	0.00420	0.05845	0.00674	0.00593
53	0.00868	0.00620	0.00826	0.00991	0.01033	0.00578	0.00661	0.00991	0.01363	0.01818	0.03925	0.74510	0.04710	0.02231	0.00909	0.00289	0.00413	0.02024	0.00661	0.00578
