[name]
unknown

[dist]
# distance from previous block
# <min> <max>
0	0

[block]
# block no. 0 follows, 28 sequences, length 75
# corresponding to MSA columns:
# 0-74
name=unknown_A
#
# <colnr> <probs for GDERKNQSTAVLIFYWHMCP>
#	G	D	E	R	K	N	Q	S	T	A	V	L	I	F	Y	W	H	M	C	P
0	0.01171	0.00837	0.01171	0.01339	0.01506	0.00837	0.01171	0.01506	0.01673	0.02175	0.03849	0.08199	0.04183	0.02008	0.01004	0.00335	0.00669	0.65027	0.00669	0.00669
1	0.02080	0.51485	0.08330	0.01472	0.02117	0.04889	0.04631	0.10695	0.01786	0.04817	0.01225	0.01362	0.01013	0.00674	0.00552	0.00177	0.00836	0.00473	0.00392	0.00993
2	0.05129	0.16623	0.28594	0.01661	0.05347	0.01640	0.01697	0.02202	0.01561	0.10730	0.01845	0.12641	0.01640	0.00936	0.00671	0.00218	0.00800	0.00759	0.00453	0.04851
3	0.01735	0.01603	0.01646	0.03514	0.01883	0.11896	0.01060	0.02069	0.03695	0.05311	0.01512	0.04819	0.01310	0.00995	0.04295	0.00214	0.07449	0.00577	0.00448	0.43968
4	0.01526	0.01457	0.02215	0.62293	0.08182	0.05125	0.01970	0.04957	0.01585	0.02006	0.01309	0.01891	0.00989	0.00730	0.00723	0.00237	0.00973	0.00638	0.00346	0.00847
5	0.01784	0.01711	0.02923	0.06922	0.67579	0.01723	0.02223	0.02217	0.01648	0.02356	0.01365	0.01804	0.01145	0.00651	0.00720	0.00217	0.00867	0.00648	0.00358	0.01139
6	0.01776	0.01929	0.02570	0.02109	0.02295	0.12244	0.13269	0.02020	0.01358	0.01857	0.01071	0.01616	0.00978	0.01079	0.01861	0.00286	0.49861	0.00651	0.00335	0.00835
7	0.01684	0.01855	0.03902	0.03169	0.13753	0.01755	0.53814	0.02244	0.01689	0.02310	0.01589	0.05752	0.01307	0.00706	0.00840	0.00243	0.01128	0.00890	0.00383	0.00986
8	0.01029	0.00743	0.00972	0.00914	0.01086	0.00686	0.00686	0.01372	0.02058	0.02915	0.69536	0.05430	0.06859	0.01486	0.00857	0.00229	0.00343	0.01315	0.00800	0.00686
9	0.02763	0.02036	0.02182	0.01672	0.02254	0.02254	0.01382	0.67496	0.03418	0.04581	0.01745	0.01745	0.01236	0.00873	0.00727	0.00218	0.00800	0.00654	0.00727	0.01236
10	0.00886	0.00633	0.00843	0.01012	0.01054	0.00590	0.00675	0.01012	0.01392	0.01856	0.04006	0.73979	0.04808	0.02277	0.00928	0.00295	0.00422	0.02066	0.00675	0.00590
11	0.01373	0.01292	0.02180	0.72707	0.05006	0.01615	0.02019	0.01857	0.01453	0.01857	0.01292	0.01938	0.00969	0.00727	0.00727	0.00242	0.00969	0.00646	0.00323	0.00807
12	0.79588	0.01406	0.01068	0.00956	0.01406	0.01631	0.00787	0.02137	0.01237	0.03261	0.01012	0.01181	0.00787	0.00675	0.00450	0.00225	0.00562	0.00394	0.00450	0.00787
13	0.03102	0.01401	0.01836	0.01517	0.05293	0.01309	0.01181	0.14697	0.02294	0.55506	0.02597	0.02313	0.01669	0.00882	0.00730	0.00223	0.00662	0.00713	0.00843	0.01233
14	0.02763	0.02036	0.02182	0.01672	0.02254	0.02254	0.01382	0.67496	0.03418	0.04581	0.01745	0.01745	0.01236	0.00873	0.00727	0.00218	0.00800	0.00654	0.00727	0.01236
15	0.03113	0.01375	0.01760	0.01360	0.01918	0.01286	0.01120	0.13327	0.05591	0.57017	0.02701	0.02375	0.01734	0.00900	0.00731	0.00225	0.00644	0.00724	0.00865	0.01233
16	0.10083	0.01693	0.05630	0.18206	0.45997	0.01692	0.02051	0.02146	0.01563	0.02359	0.01310	0.01750	0.01064	0.00669	0.00691	0.00223	0.00863	0.00615	0.00359	0.01037
17	0.01458	0.03760	0.70688	0.02072	0.03146	0.01688	0.02686	0.02302	0.01535	0.02302	0.01304	0.01535	0.00921	0.00691	0.00691	0.00230	0.01074	0.00537	0.00307	0.01074
18	0.00873	0.00741	0.00756	0.00763	0.01005	0.00624	0.00580	0.01064	0.01658	0.01973	0.07206	0.07050	0.66685	0.01848	0.00866	0.00249	0.00382	0.04386	0.00675	0.00616
19	0.02297	0.01805	0.01919	0.01578	0.02077	0.02037	0.01269	0.36455	0.35217	0.03830	0.02337	0.02217	0.01716	0.00928	0.00733	0.00232	0.00690	0.00736	0.00733	0.01194
20	0.01373	0.01292	0.02180	0.72707	0.05006	0.01615	0.02019	0.01857	0.01453	0.01857	0.01292	0.01938	0.00969	0.00727	0.00727	0.00242	0.00969	0.00646	0.00323	0.00807
21	0.06034	0.67462	0.06987	0.01270	0.01905	0.02751	0.01291	0.02181	0.01467	0.01822	0.01025	0.01185	0.00925	0.00628	0.00477	0.00163	0.00781	0.00396	0.00318	0.00932
22	0.02855	0.03610	0.01641	0.01230	0.01731	0.01066	0.01012	0.03144	0.02057	0.57165	0.13638	0.02911	0.02593	0.00986	0.00743	0.00223	0.00579	0.00814	0.00864	0.01137
23	0.00886	0.00633	0.00843	0.01012	0.01054	0.00590	0.00675	0.01012	0.01392	0.01856	0.04006	0.73979	0.04808	0.02277	0.00928	0.00295	0.00422	0.02066	0.00675	0.00590
24	0.00892	0.00638	0.00849	0.01008	0.01056	0.00595	0.00675	0.01029	0.01422	0.01904	0.07030	0.70817	0.04902	0.02241	0.00925	0.00292	0.00418	0.02032	0.00681	0.00595
25	0.01792	0.06397	0.47773	0.02054	0.02981	0.01669	0.11416	0.02489	0.01641	0.12684	0.01553	0.01721	0.01081	0.00708	0.00710	0.00228	0.01012	0.00605	0.00406	0.01079
26	0.01748	0.01675	0.02859	0.12590	0.62188	0.01714	0.02206	0.02186	0.01631	0.02313	0.01358	0.01816	0.01130	0.00657	0.00720	0.00219	0.00876	0.00647	0.00355	0.01110
27	0.01029	0.00743	0.00972	0.00914	0.01086	0.00686	0.00686	0.01372	0.02058	0.02915	0.69536	0.05430	0.06859	0.01486	0.00857	0.00229	0.00343	0.01315	0.00800	0.00686
28	0.02569	0.01981	0.02049	0.01613	0.02145	0.05538	0.01317	0.56063	0.06040	0.04150	0.02034	0.02048	0.04441	0.01081	0.03285	0.00253	0.00837	0.00698	0.00696	0.01163
29	0.01677	0.01875	0.03938	0.08486	0.03726	0.01855	0.56253	0.02239	0.01641	0.02239	0.01410	0.01926	0.01079	0.00681	0.00983	0.00251	0.07607	0.00821	0.00360	0.00950
30	0.01539	0.03647	0.67588	0.02037	0.03088	0.01660	0.02613	0.02358	0.01559	0.05362	0.01375	0.01577	0.00960	0.00700	0.00692	0.00230	0.01054	0.00546	0.00334	0.01082
31	0.01373	0.01292	0.02180	0.72707	0.05006	0.01615	0.02019	0.01857	0.01453	0.01857	0.01292	0.01938	0.00969	0.00727	0.00727	0.00242	0.00969	0.00646	0.00323	0.00807
32	0.01696	0.03362	0.59475	0.01952	0.02938	0.01615	0.02426	0.02516	0.04129	0.10833	0.01562	0.01696	0.01079	0.00728	0.00697	0.00230	0.00999	0.00572	0.00397	0.01097
33	0.01055	0.00782	0.00963	0.01075	0.01141	0.02871	0.00738	0.01184	0.01408	0.04013	0.03679	0.63417	0.04337	0.05303	0.01095	0.00309	0.03492	0.01871	0.00648	0.00621
34	0.01373	0.01292	0.02180	0.72707	0.05006	0.01615	0.02019	0.01857	0.01453	0.01857	0.01292	0.01938	0.00969	0.00727	0.00727	0.00242	0.00969	0.00646	0.00323	0.00807
35	0.02618	0.02911	0.02340	0.01950	0.02421	0.45048	0.08692	0.20340	0.02390	0.02599	0.01330	0.01501	0.01036	0.00767	0.00697	0.00202	0.01163	0.00562	0.00469	0.00965
36	0.01042	0.00765	0.01100	0.01100	0.01206	0.00872	0.00823	0.01254	0.01148	0.01637	0.02010	0.03202	0.01967	0.18007	0.59223	0.01084	0.01721	0.00829	0.00399	0.00611
37	0.02746	0.01288	0.01634	0.01332	0.01828	0.01233	0.01083	0.03475	0.18738	0.48733	0.04724	0.02864	0.02145	0.00986	0.00749	0.00235	0.00603	0.03583	0.00847	0.01176
38	0.01413	0.01333	0.02253	0.66300	0.11100	0.01626	0.02039	0.01892	0.01472	0.01906	0.01299	0.01925	0.00986	0.00719	0.00726	0.00240	0.00959	0.00646	0.00326	0.00840
39	0.01427	0.01347	0.02278	0.64077	0.13215	0.01629	0.02046	0.01904	0.01479	0.01923	0.01302	0.01920	0.00992	0.00717	0.00726	0.00239	0.00956	0.00646	0.00328	0.00851
40	0.03159	0.01214	0.01654	0.01276	0.01820	0.01051	0.01051	0.03443	0.02079	0.67315	0.05936	0.02610	0.02032	0.00927	0.00737	0.00225	0.00606	0.00758	0.00895	0.01212
41	0.02460	0.02044	0.01813	0.01553	0.02000	0.20618	0.01217	0.11576	0.25918	0.17209	0.04435	0.02245	0.01806	0.00905	0.00717	0.00222	0.00806	0.00701	0.00675	0.01081
42	0.03015	0.01445	0.01797	0.01385	0.01935	0.01394	0.01141	0.21927	0.02466	0.48285	0.05612	0.02400	0.01869	0.00919	0.00736	0.00223	0.00658	0.00736	0.00845	0.01211
43	0.03219	0.01306	0.01729	0.01326	0.01890	0.01170	0.01095	0.09026	0.02195	0.64777	0.02771	0.02412	0.01751	0.00897	0.00731	0.00224	0.00634	0.00724	0.00885	0.01237
44	0.03082	0.01323	0.01720	0.01327	0.01873	0.01214	0.01093	0.12306	0.02265	0.57951	0.06010	0.02519	0.01972	0.00925	0.00737	0.00224	0.00630	0.00749	0.00871	0.01210
45	0.00982	0.00780	0.01050	0.12578	0.01675	0.00778	0.00859	0.01203	0.01536	0.01999	0.12497	0.35969	0.19352	0.04155	0.00960	0.00280	0.00498	0.01586	0.00626	0.00638
46	0.01016	0.00687	0.00805	0.00845	0.00855	0.00677	0.00496	0.01046	0.01137	0.01516	0.02701	0.21307	0.03160	0.57197	0.03037	0.00607	0.00637	0.01298	0.00496	0.00476
47	0.00860	0.00733	0.00740	0.00746	0.00984	0.00613	0.00556	0.01042	0.01648	0.01960	0.07251	0.09251	0.67442	0.01856	0.00861	0.00247	0.00370	0.01552	0.00675	0.00613
48	0.01716	0.01961	0.04289	0.03064	0.03799	0.01838	0.67279	0.02328	0.01716	0.02328	0.01471	0.01961	0.01103	0.00613	0.00858	0.00245	0.01225	0.00858	0.00368	0.00980
49	0.01460	0.01347	0.02212	0.66338	0.07570	0.01651	0.01996	0.05135	0.01559	0.02014	0.01318	0.01923	0.00990	0.00731	0.00726	0.00240	0.00956	0.00646	0.00345	0.00843
50	0.01384	0.00823	0.01077	0.00968	0.01206	0.00745	0.00742	0.01709	0.02043	0.13840	0.55842	0.05022	0.08926	0.01407	0.00837	0.00229	0.00389	0.01230	0.00811	0.00772
51	0.01263	0.00631	0.00947	0.00947	0.00947	0.00631	0.00631	0.00947	0.00947	0.01263	0.01263	0.02210	0.01263	0.02525	0.02841	0.78851	0.00631	0.00631	0.00316	0.00316
52	0.01424	0.01369	0.02345	0.61372	0.07184	0.01671	0.06117	0.01894	0.01457	0.01900	0.01285	0.01913	0.00983	0.00750	0.00837	0.00246	0.05436	0.00659	0.00327	0.00831
53	0.05327	0.01444	0.02017	0.44380	0.03768	0.01711	0.01677	0.19167	0.01955	0.02677	0.01477	0.01925	0.01108	0.00947	0.03371	0.00266	0.00911	0.00643	0.04322	0.00907
54	0.01068	0.00809	0.01168	0.01152	0.01257	0.00945	0.00877	0.01287	0.01150	0.01652	0.01946	0.03059	0.01890	0.14906	0.58648	0.01061	0.05294	0.00811	0.00393	0.00627
55	0.05013	0.01717	0.01906	0.11984	0.12795	0.14241	0.01428	0.05260	0.01685	0.05114	0.02471	0.02720	0.14026	0.01211	0.03733	0.00274	0.12325	0.00779	0.00457	0.00862
56	0.03947	0.01169	0.07456	0.01101	0.01416	0.00956	0.00946	0.07036	0.02096	0.06123	0.52359	0.04492	0.05417	0.01309	0.00812	0.00228	0.00467	0.01132	0.00742	0.00795
57	0.01734	0.01514	0.01919	0.12827	0.13396	0.01709	0.01456	0.06471	0.38908	0.02762	0.02543	0.02781	0.03710	0.00959	0.00750	0.00244	0.00693	0.03953	0.00608	0.01065
58	0.01708	0.01616	0.02734	0.09189	0.59391	0.01636	0.02101	0.02136	0.01662	0.02359	0.05051	0.02199	0.01534	0.00740	0.00736	0.00222	0.00838	0.02672	0.00390	0.01087
59	0.01528	0.01274	0.01937	0.13197	0.24535	0.01332	0.01573	0.03901	0.05915	0.04363	0.02612	0.07507	0.05409	0.03666	0.00915	0.00275	0.00750	0.17890	0.00521	0.00900
60	0.01634	0.00964	0.03084	0.01022	0.01340	0.00808	0.00826	0.01947	0.01981	0.21552	0.38370	0.04766	0.16055	0.01361	0.00818	0.00231	0.00445	0.01168	0.00793	0.00838
61	0.03231	0.01285	0.01717	0.01316	0.01880	0.01140	0.01087	0.07416	0.02162	0.66435	0.02800	0.02430	0.01765	0.00898	0.00731	0.00225	0.00630	0.00726	0.00889	0.01237
62	0.01092	0.00748	0.00936	0.00987	0.01119	0.00700	0.00700	0.03262	0.01610	0.05098	0.14446	0.40274	0.13677	0.07823	0.01120	0.00307	0.00456	0.04310	0.00687	0.00648
63	0.01616	0.02600	0.29487	0.06085	0.10283	0.04768	0.24216	0.02248	0.01637	0.02284	0.04412	0.01893	0.01277	0.00718	0.00812	0.00235	0.03370	0.00697	0.00359	0.01001
64	0.00915	0.00659	0.00821	0.00936	0.00996	0.00615	0.00615	0.01024	0.01362	0.01785	0.04102	0.52599	0.12485	0.15804	0.01441	0.00366	0.00468	0.01810	0.00631	0.00565
65	0.01632	0.01798	0.03774	0.20065	0.04094	0.01784	0.51348	0.02213	0.01652	0.02213	0.01427	0.01955	0.01070	0.00641	0.00826	0.00244	0.01163	0.00806	0.00357	0.00938
66	0.01583	0.09565	0.41341	0.05113	0.06807	0.01834	0.19064	0.02276	0.01579	0.02242	0.01323	0.01640	0.00983	0.00664	0.00716	0.00227	0.01071	0.00616	0.00326	0.01031
67	0.01525	0.06175	0.55552	0.02227	0.03220	0.01763	0.14834	0.02302	0.01567	0.02284	0.01324	0.01601	0.00956	0.00673	0.00714	0.00230	0.01091	0.00592	0.00319	0.01051
68	0.01263	0.00631	0.00947	0.00947	0.00947	0.00631	0.00631	0.00947	0.00947	0.01263	0.01263	0.02210	0.01263	0.02525	0.02841	0.78851	0.00631	0.00631	0.00316	0.00316
69	0.01556	0.08007	0.53822	0.02032	0.02968	0.05428	0.07754	0.02282	0.01600	0.02269	0.04680	0.01728	0.01233	0.00722	0.00696	0.00224	0.01044	0.00589	0.00340	0.01026
70	0.02222	0.08116	0.05060	0.05391	0.04470	0.09606	0.01366	0.25157	0.09428	0.08565	0.02336	0.02606	0.06714	0.00971	0.00724	0.00224	0.00798	0.04595	0.00608	0.01043
71	0.01425	0.00951	0.01184	0.01186	0.01385	0.00954	0.00914	0.11913	0.01857	0.06598	0.07573	0.34076	0.03876	0.04040	0.00969	0.00292	0.00552	0.16185	0.03317	0.00755
72	0.00979	0.00723	0.00924	0.00983	0.01126	0.00668	0.00738	0.01226	0.01722	0.02308	0.28228	0.27452	0.16319	0.01875	0.00903	0.00269	0.00424	0.11774	0.00719	0.00641
73	0.02590	0.02690	0.02187	0.02072	0.09403	0.37853	0.01485	0.21739	0.02366	0.04878	0.01379	0.01542	0.01076	0.00807	0.00777	0.00208	0.04896	0.00559	0.00490	0.01001
74	0.01990	0.05638	0.02031	0.03948	0.02013	0.11735	0.05490	0.18340	0.01983	0.02702	0.01568	0.01894	0.01261	0.01085	0.03945	0.00262	0.15415	0.00633	0.17165	0.00900

[dist]
# distance from previous block
# <min> <max>
4	6

[block]
# block no. 1 follows, 28 sequences, length 90
# corresponding to MSA columns:
# 84-173
name=unknown_B
#
# <colnr> <probs for GDERKNQSTAVLIFYWHMCP>
#	G	D	E	R	K	N	Q	S	T	A	V	L	I	F	Y	W	H	M	C	P
0	0.01009	0.00759	0.01006	0.04469	0.01386	0.00733	0.00888	0.01244	0.01570	0.02030	0.07091	0.32193	0.16809	0.01995	0.00929	0.00294	0.00520	0.23775	0.00661	0.00636
1	0.05574	0.01625	0.01908	0.02033	0.14732	0.01822	0.01356	0.08773	0.47351	0.03054	0.02465	0.02387	0.01868	0.00898	0.00721	0.00237	0.00648	0.00755	0.00653	0.01141
2	0.19336	0.01484	0.02014	0.07856	0.23698	0.01528	0.01469	0.05696	0.04243	0.23033	0.01809	0.01908	0.01295	0.00758	0.00665	0.00224	0.00719	0.00623	0.00570	0.01074
3	0.02156	0.04750	0.04818	0.01700	0.06299	0.06465	0.01324	0.24517	0.24081	0.06159	0.02568	0.02494	0.07513	0.00956	0.00726	0.00226	0.00730	0.00761	0.00654	0.01104
4	0.01357	0.00836	0.01247	0.01140	0.01245	0.00845	0.04900	0.06256	0.01267	0.01703	0.03687	0.07606	0.01763	0.05727	0.04529	0.53515	0.00702	0.00797	0.00400	0.00477
5	0.00883	0.00729	0.00775	0.00780	0.01001	0.00621	0.00579	0.01084	0.01689	0.02079	0.15180	0.11831	0.56603	0.01828	0.00864	0.00247	0.00369	0.01546	0.00691	0.00621
6	0.02795	0.01986	0.02150	0.01649	0.02229	0.02179	0.01362	0.63460	0.03333	0.08736	0.01816	0.01791	0.01272	0.00874	0.00727	0.00219	0.00788	0.00659	0.00738	0.01236
7	0.02445	0.02178	0.01931	0.06070	0.02227	0.20651	0.01304	0.35195	0.04685	0.03357	0.01670	0.01799	0.01253	0.00830	0.00679	0.00206	0.00880	0.00612	0.11003	0.01026
8	0.02150	0.02261	0.06630	0.09159	0.02657	0.19648	0.10682	0.20839	0.02238	0.02807	0.06211	0.01958	0.01498	0.00839	0.00804	0.00221	0.04369	0.00673	0.03391	0.00965
9	0.00958	0.00707	0.00888	0.00912	0.01049	0.00646	0.00652	0.01197	0.01753	0.02383	0.37011	0.26755	0.16157	0.04363	0.00980	0.00269	0.00384	0.01572	0.00729	0.00636
10	0.00900	0.00643	0.00856	0.01003	0.01057	0.00600	0.00676	0.01047	0.01456	0.01958	0.10360	0.67333	0.05007	0.02201	0.00921	0.00289	0.00414	0.01994	0.00687	0.00600
11	0.01391	0.01311	0.02213	0.69762	0.07808	0.01620	0.02028	0.01873	0.01462	0.01880	0.01295	0.01932	0.00977	0.00723	0.00726	0.00241	0.00964	0.00646	0.00325	0.00822
12	0.01507	0.01292	0.01507	0.01077	0.01723	0.00969	0.00861	0.01830	0.01507	0.02369	0.01292	0.01507	0.01077	0.00538	0.00538	0.00108	0.00538	0.00431	0.00431	0.78898
13	0.01057	0.00705	0.00793	0.00793	0.00793	0.00705	0.00440	0.01057	0.01057	0.01409	0.02290	0.04757	0.02643	0.74454	0.03700	0.00705	0.00705	0.01057	0.00440	0.00440
14	0.00882	0.00646	0.00830	0.00976	0.01045	0.00593	0.00659	0.01016	0.01426	0.01870	0.04442	0.65285	0.13221	0.02221	0.00919	0.00289	0.00415	0.01997	0.00675	0.00593
15	0.01057	0.00705	0.00793	0.00793	0.00793	0.00705	0.00440	0.01057	0.01057	0.01409	0.02290	0.04757	0.02643	0.74454	0.03700	0.00705	0.00705	0.01057	0.00440	0.00440
16	0.01140	0.00770	0.00861	0.00836	0.00864	0.00780	0.00486	0.04297	0.01172	0.01564	0.02264	0.04610	0.02574	0.70865	0.03555	0.00681	0.00709	0.01037	0.00454	0.00479
17	0.01050	0.00877	0.00931	0.00894	0.01154	0.00829	0.00677	0.01578	0.13061	0.02314	0.17581	0.05994	0.47147	0.01634	0.00839	0.00243	0.00399	0.01375	0.00708	0.00717
18	0.05038	0.01656	0.01780	0.13407	0.02442	0.06179	0.01313	0.08365	0.43123	0.05166	0.02388	0.02349	0.01780	0.00904	0.00719	0.00238	0.00706	0.00737	0.00640	0.01069
19	0.01564	0.01117	0.01388	0.11675	0.01889	0.01253	0.01025	0.11654	0.07094	0.04371	0.04817	0.05607	0.02041	0.11698	0.08160	0.00383	0.04290	0.00824	0.18350	0.00800
20	0.01037	0.00750	0.00930	0.01021	0.01115	0.00725	0.00697	0.05931	0.01532	0.02026	0.03939	0.57552	0.09191	0.08491	0.01152	0.00322	0.00471	0.01834	0.00658	0.00627
21	0.02416	0.01728	0.01891	0.01519	0.01998	0.01884	0.01226	0.50086	0.05611	0.06886	0.02212	0.13143	0.01875	0.01097	0.00754	0.00230	0.00712	0.00886	0.02728	0.01117
22	0.01638	0.01206	0.01358	0.01313	0.04722	0.03978	0.00954	0.02439	0.21766	0.12087	0.19044	0.07516	0.16392	0.01293	0.00794	0.00238	0.00523	0.01100	0.00727	0.00911
23	0.04841	0.01479	0.02706	0.50676	0.04523	0.01676	0.19708	0.01997	0.01515	0.02046	0.01328	0.01912	0.00998	0.00694	0.00750	0.00242	0.01021	0.00693	0.00341	0.00854
24	0.01434	0.01349	0.02052	0.17668	0.05726	0.01665	0.04247	0.01733	0.01286	0.01868	0.01308	0.01952	0.01165	0.01907	0.16231	0.00453	0.29379	0.00660	0.00348	0.07571
25	0.06492	0.01651	0.05226	0.18513	0.05834	0.01594	0.27819	0.02077	0.01554	0.02283	0.01389	0.01841	0.01075	0.00672	0.00784	0.00220	0.03657	0.00680	0.04178	0.12461
26	0.01782	0.01851	0.05012	0.18832	0.36266	0.08516	0.01959	0.02460	0.11647	0.02299	0.01562	0.01909	0.01241	0.00727	0.00717	0.00224	0.00895	0.00652	0.00408	0.01042
27	0.00904	0.00740	0.00789	0.00787	0.01008	0.00636	0.00590	0.01109	0.01690	0.02087	0.16093	0.06715	0.55139	0.04929	0.00987	0.00266	0.00390	0.03838	0.00683	0.00619
28	0.06520	0.01933	0.10888	0.07531	0.06236	0.03589	0.31355	0.02106	0.01553	0.02249	0.01550	0.07044	0.01327	0.00844	0.00960	0.00248	0.09327	0.00812	0.03015	0.00911
29	0.02230	0.06837	0.01776	0.01283	0.01799	0.01449	0.01043	0.09689	0.17444	0.22534	0.02243	0.02239	0.01648	0.03711	0.00779	0.00215	0.00615	0.00663	0.03414	0.18388
30	0.01565	0.01410	0.02416	0.52123	0.17961	0.01623	0.05200	0.02035	0.01537	0.05202	0.01390	0.01936	0.01051	0.00713	0.00732	0.00236	0.00944	0.00661	0.00360	0.00906
31	0.01763	0.36006	0.26535	0.06986	0.05278	0.02170	0.01813	0.02240	0.01550	0.05341	0.03355	0.01572	0.01166	0.00695	0.00598	0.00196	0.00876	0.00515	0.00356	0.00988
32	0.01140	0.00951	0.01265	0.05910	0.10969	0.00910	0.00969	0.03418	0.01795	0.02352	0.22283	0.08205	0.31726	0.01503	0.00835	0.00241	0.00495	0.03647	0.00643	0.00741
33	0.01868	0.36389	0.08385	0.04953	0.04977	0.09792	0.03131	0.02171	0.01524	0.04398	0.01309	0.03432	0.01158	0.01156	0.06667	0.00278	0.06592	0.00553	0.00360	0.00907
34	0.01722	0.01032	0.01070	0.00937	0.01214	0.01089	0.00736	0.18863	0.02018	0.03198	0.02208	0.02458	0.01700	0.00854	0.00565	0.00182	0.00459	0.00671	0.58199	0.00823
35	0.01138	0.00848	0.01106	0.01228	0.01416	0.00837	0.01043	0.01524	0.05009	0.02170	0.04426	0.10181	0.15573	0.01938	0.00963	0.00313	0.00603	0.48329	0.00674	0.00681
36	0.01563	0.01671	0.05566	0.21447	0.14936	0.01656	0.26684	0.02072	0.01602	0.02172	0.01650	0.02604	0.01412	0.00834	0.00867	0.00252	0.03697	0.08007	0.00385	0.00925
37	0.01917	0.01817	0.01835	0.04474	0.09296	0.14970	0.01328	0.12778	0.17749	0.02622	0.02395	0.08019	0.04833	0.01301	0.04138	0.00283	0.03409	0.05309	0.00568	0.00958
38	0.01340	0.00679	0.00683	0.00683	0.00844	0.00679	0.00505	0.01662	0.01501	0.02645	0.02367	0.02812	0.01902	0.04530	0.00668	0.00196	0.00357	0.00697	0.74583	0.00666
39	0.01057	0.00705	0.00793	0.00793	0.00793	0.00705	0.00440	0.01057	0.01057	0.01409	0.02290	0.04757	0.02643	0.74454	0.03700	0.00705	0.00705	0.01057	0.00440	0.00440
40	0.11024	0.01628	0.02638	0.08164	0.35322	0.01684	0.12255	0.02355	0.09333	0.02540	0.04844	0.02043	0.01488	0.00731	0.00719	0.00228	0.00834	0.00703	0.00434	0.01033
41	0.00938	0.00771	0.00831	0.00823	0.01057	0.00679	0.00626	0.01223	0.04093	0.02182	0.18189	0.06620	0.52923	0.01755	0.00861	0.00247	0.00385	0.04448	0.00699	0.00648
42	0.00907	0.00666	0.00854	0.00983	0.01069	0.00613	0.00683	0.01068	0.01493	0.01966	0.09359	0.56201	0.13996	0.02144	0.00917	0.00285	0.00421	0.05087	0.00684	0.00605
43	0.00894	0.00636	0.00841	0.01002	0.01042	0.00596	0.00664	0.01014	0.01376	0.01834	0.03925	0.70697	0.04705	0.05700	0.01059	0.00315	0.00435	0.02019	0.00664	0.00583
44	0.01495	0.09228	0.65547	0.02008	0.03048	0.01779	0.02575	0.02292	0.01530	0.02257	0.01282	0.01506	0.00922	0.00685	0.00673	0.00224	0.01051	0.00526	0.00307	0.01063
45	0.02661	0.06680	0.02251	0.01646	0.02211	0.05650	0.01362	0.57039	0.06491	0.04186	0.01729	0.01736	0.01252	0.00856	0.00708	0.00214	0.00812	0.00637	0.00684	0.01194
46	0.00875	0.00708	0.00778	0.00823	0.01007	0.00611	0.00593	0.01051	0.01603	0.01981	0.09534	0.25701	0.48307	0.01946	0.00878	0.00259	0.00382	0.01672	0.00681	0.00611
47	0.02465	0.02979	0.02122	0.02128	0.09990	0.53004	0.01478	0.02891	0.09508	0.01989	0.01353	0.01536	0.01107	0.00784	0.00737	0.00202	0.03869	0.00535	0.00412	0.00911
48	0.02716	0.01990	0.02131	0.01639	0.02207	0.02201	0.01352	0.65275	0.03354	0.04518	0.01766	0.01778	0.01257	0.00872	0.00720	0.00217	0.00784	0.00655	0.03351	0.01217
49	0.02097	0.01968	0.01874	0.01749	0.06294	0.14190	0.01286	0.12909	0.40236	0.02975	0.02286	0.02214	0.01733	0.00888	0.00713	0.00224	0.00755	0.00708	0.00637	0.04262
50	0.02004	0.63749	0.06790	0.01351	0.01968	0.10289	0.01330	0.02262	0.01543	0.01746	0.01037	0.01199	0.00933	0.00639	0.00498	0.00162	0.00849	0.00404	0.00318	0.00930
51	0.02056	0.01682	0.02255	0.01719	0.02255	0.01715	0.12959	0.32545	0.02452	0.03373	0.06045	0.07607	0.01809	0.00925	0.00789	0.00212	0.02896	0.00801	0.00597	0.15307
52	0.11911	0.01711	0.02313	0.18558	0.20990	0.09261	0.06455	0.02196	0.01574	0.05554	0.01444	0.02043	0.01201	0.00817	0.00861	0.00238	0.07709	0.03835	0.00403	0.00927
53	0.03933	0.01696	0.09640	0.11168	0.25438	0.04741	0.05856	0.01926	0.01542	0.02138	0.01997	0.07810	0.04908	0.03386	0.08104	0.00344	0.00977	0.03079	0.00409	0.00909
54	0.02715	0.03464	0.02060	0.01873	0.02247	0.71536	0.01404	0.02903	0.02060	0.01779	0.01124	0.01311	0.00936	0.00749	0.00655	0.00187	0.01311	0.00468	0.00375	0.00843
55	0.01047	0.00713	0.00827	0.00827	0.00850	0.00721	0.00491	0.01080	0.01093	0.01459	0.02468	0.04666	0.05354	0.64738	0.10162	0.00731	0.00811	0.01050	0.00445	0.00468
56	0.01355	0.00678	0.00678	0.00678	0.00847	0.00678	0.00508	0.01694	0.01524	0.02710	0.02371	0.02710	0.01863	0.00847	0.00508	0.00169	0.00339	0.00678	0.78489	0.00678
57	0.02414	0.01768	0.01901	0.01505	0.01981	0.01947	0.01209	0.52435	0.06073	0.03993	0.01955	0.04297	0.01573	0.09395	0.01068	0.00276	0.00750	0.00751	0.03610	0.01101
58	0.00951	0.00677	0.00908	0.01070	0.01136	0.00645	0.00766	0.01114	0.01435	0.01903	0.03906	0.57848	0.04594	0.05120	0.01055	0.00320	0.00483	0.14806	0.00664	0.00600
59	0.02945	0.01245	0.01632	0.01276	0.01797	0.01122	0.01045	0.07349	0.04139	0.57134	0.07194	0.02810	0.04922	0.00977	0.00744	0.00226	0.00601	0.00799	0.00868	0.01174
60	0.01251	0.01037	0.01133	0.01068	0.01352	0.01066	0.00822	0.02146	0.25661	0.02581	0.20328	0.05145	0.28108	0.01459	0.00822	0.00245	0.00448	0.03777	0.00727	0.00825
61	0.73973	0.01412	0.01105	0.00979	0.01426	0.01630	0.00805	0.04944	0.01340	0.03302	0.01084	0.01250	0.00838	0.00688	0.00464	0.00223	0.00566	0.00413	0.02756	0.00803
62	0.01910	0.01571	0.01656	0.01455	0.01874	0.01798	0.01142	0.12452	0.55434	0.03231	0.02755	0.02579	0.02062	0.00962	0.00723	0.00238	0.00591	0.00790	0.05645	0.01132
63	0.01302	0.00982	0.01127	0.01067	0.01315	0.00975	0.00805	0.06561	0.12273	0.04243	0.15323	0.16699	0.18918	0.07132	0.01053	0.00284	0.00494	0.05234	0.00689	0.03522
64	0.01466	0.03706	0.68698	0.02102	0.03166	0.01693	0.04621	0.02303	0.01540	0.02303	0.01309	0.01547	0.00926	0.00688	0.00696	0.00231	0.01079	0.00547	0.00309	0.01071
65	0.01512	0.10049	0.61938	0.02039	0.03059	0.01801	0.05248	0.02292	0.01537	0.02250	0.01285	0.01519	0.00929	0.00681	0.00678	0.00224	0.01054	0.00537	0.00310	0.01058
66	0.01570	0.01421	0.02283	0.60092	0.04590	0.01709	0.05119	0.10398	0.01721	0.02234	0.01360	0.01914	0.01010	0.00740	0.00733	0.00239	0.00960	0.00657	0.00378	0.00872
67	0.01477	0.01398	0.02368	0.56060	0.20841	0.01642	0.02070	0.01948	0.01503	0.01983	0.01310	0.01904	0.01013	0.00707	0.00725	0.00236	0.00943	0.00646	0.00332	0.00891
68	0.01261	0.01047	0.01147	0.01099	0.01385	0.01081	0.00859	0.02161	0.25930	0.02505	0.13687	0.05377	0.29218	0.01504	0.00833	0.00254	0.00475	0.08639	0.00714	0.00824
69	0.01314	0.00690	0.00995	0.00979	0.01005	0.00698	0.00664	0.03722	0.01064	0.01419	0.01368	0.04408	0.01371	0.02449	0.02694	0.73147	0.00632	0.00677	0.00344	0.00363
70	0.02131	0.01818	0.01725	0.06800	0.02096	0.16031	0.01213	0.14788	0.17275	0.09737	0.02313	0.09306	0.01988	0.05689	0.00934	0.00264	0.00801	0.03503	0.00619	0.00968
71	0.01124	0.00835	0.01275	0.01197	0.01361	0.00923	0.05012	0.01397	0.01241	0.01841	0.01996	0.02916	0.01837	0.09465	0.53052	0.00947	0.01604	0.00790	0.10527	0.00659
72	0.01707	0.02024	0.06633	0.03029	0.03776	0.01833	0.64999	0.02327	0.01709	0.02327	0.01465	0.01946	0.01097	0.00615	0.00852	0.00245	0.01220	0.00847	0.00366	0.00984
73	0.02697	0.01375	0.01694	0.01360	0.01857	0.01352	0.01111	0.15740	0.10955	0.40242	0.08428	0.02856	0.02278	0.01002	0.00754	0.00231	0.00627	0.03457	0.00827	0.01155
74	0.01586	0.01615	0.05148	0.30193	0.29761	0.01648	0.11593	0.02044	0.01549	0.02115	0.01346	0.01886	0.01071	0.00763	0.00841	0.03920	0.00953	0.00673	0.00343	0.00953
75	0.01717	0.01646	0.02788	0.16190	0.55907	0.01728	0.02168	0.02147	0.01598	0.02260	0.01337	0.01815	0.01112	0.00687	0.00788	0.00225	0.03813	0.00647	0.00352	0.01077
76	0.00940	0.00672	0.00906	0.01074	0.01141	0.00637	0.00770	0.01106	0.01445	0.01917	0.03976	0.61421	0.04689	0.02226	0.00942	0.00303	0.00469	0.14087	0.00674	0.00605
77	0.00996	0.00829	0.00881	0.00860	0.01105	0.00762	0.00646	0.01418	0.09422	0.02230	0.16320	0.08747	0.49774	0.01704	0.00848	0.00245	0.00390	0.01438	0.00702	0.00686
78	0.02398	0.01790	0.01920	0.01529	0.02025	0.01981	0.01239	0.49525	0.12254	0.04003	0.02174	0.02258	0.04030	0.03942	0.02705	0.00266	0.00763	0.00731	0.03331	0.01135
79	0.00903	0.00668	0.00847	0.00964	0.01059	0.00611	0.00670	0.01067	0.01510	0.01985	0.10775	0.53654	0.16413	0.02117	0.00911	0.00281	0.00413	0.03860	0.00686	0.00606
80	0.04690	0.00863	0.00866	0.00803	0.01031	0.00897	0.00620	0.09264	0.01730	0.02947	0.02244	0.02537	0.01748	0.00843	0.00531	0.00177	0.00401	0.00663	0.66398	0.00746
81	0.01670	0.01212	0.01396	0.01272	0.01537	0.01279	0.00972	0.26971	0.02196	0.02939	0.05543	0.28745	0.03189	0.09987	0.01174	0.00314	0.00622	0.07474	0.00673	0.00836
82	0.01031	0.00698	0.00817	0.00839	0.00856	0.00693	0.00497	0.01069	0.01148	0.01541	0.05178	0.14764	0.03101	0.59282	0.04994	0.00639	0.00683	0.01206	0.00487	0.00477
83	0.00884	0.00724	0.00780	0.00795	0.01004	0.00620	0.00585	0.01081	0.01673	0.02070	0.14798	0.15490	0.53268	0.01853	0.00868	0.00250	0.00372	0.01575	0.00691	0.00620
84	0.00886	0.00633	0.00843	0.01012	0.01054	0.00590	0.00675	0.01012	0.01392	0.01856	0.04006	0.73979	0.04808	0.02277	0.00928	0.00295	0.00422	0.02066	0.00675	0.00590
85	0.05610	0.01555	0.01764	0.01429	0.01922	0.01639	0.01167	0.28453	0.13636	0.22049	0.05699	0.02727	0.03804	0.01004	0.00743	0.00232	0.00663	0.04006	0.00765	0.01132
86	0.01522	0.06751	0.53108	0.01961	0.02845	0.01750	0.04351	0.04640	0.01608	0.02355	0.05591	0.01788	0.01316	0.00787	0.00828	0.00233	0.06583	0.00601	0.00357	0.01024
87	0.01305	0.00793	0.00911	0.00879	0.01027	0.00837	0.00640	0.05631	0.01457	0.02301	0.02216	0.03143	0.01989	0.18488	0.17531	0.00522	0.00819	0.00785	0.38073	0.00653
88	0.04534	0.54889	0.03316	0.01355	0.01946	0.08073	0.01265	0.13154	0.01839	0.02243	0.01142	0.01275	0.00979	0.00675	0.00524	0.00171	0.00816	0.00439	0.00390	0.00972
89	0.01852	0.02018	0.07247	0.02370	0.20637	0.16068	0.01583	0.06520	0.11476	0.02336	0.01762	0.02220	0.01479	0.01750	0.15052	0.00412	0.01140	0.02657	0.00453	0.00970

[dist]
# distance from previous block
# <min> <max>
6	8

[block]
# block no. 2 follows, 28 sequences, length 44
# corresponding to MSA columns:
# 182-225
name=unknown_C
#
# <colnr> <probs for GDERKNQSTAVLIFYWHMCP>
#	G	D	E	R	K	N	Q	S	T	A	V	L	I	F	Y	W	H	M	C	P
0	0.01206	0.00969	0.02732	0.00994	0.01246	0.02624	0.00776	0.01616	0.06316	0.05882	0.37934	0.10240	0.19932	0.01503	0.00832	0.00235	0.00431	0.01298	0.00732	0.02502
1	0.18089	0.01041	0.01143	0.01021	0.01339	0.01038	0.00796	0.06573	0.01860	0.13256	0.24194	0.11142	0.13125	0.01312	0.00750	0.00236	0.00477	0.01091	0.00705	0.00812
2	0.00996	0.00733	0.00940	0.01017	0.01124	0.00708	0.00713	0.01327	0.06469	0.02261	0.23660	0.48170	0.05237	0.01945	0.00893	0.00272	0.00409	0.01750	0.00717	0.00660
3	0.05091	0.01622	0.01658	0.01458	0.01885	0.04114	0.01143	0.09504	0.52715	0.06251	0.02687	0.02504	0.01999	0.00947	0.00717	0.00238	0.00615	0.00769	0.02957	0.01124
4	0.02694	0.01750	0.01960	0.01527	0.02069	0.01870	0.01255	0.46571	0.05225	0.18274	0.02278	0.02201	0.04410	0.01081	0.03152	0.00254	0.00774	0.00719	0.00750	0.01186
5	0.00962	0.00701	0.00917	0.01058	0.01136	0.00676	0.00741	0.01211	0.04743	0.01991	0.07043	0.61586	0.04724	0.02153	0.00922	0.00293	0.00447	0.07383	0.00683	0.00629
6	0.05876	0.01128	0.01477	0.01215	0.01654	0.01018	0.00970	0.04890	0.01963	0.48711	0.07519	0.15330	0.02621	0.01175	0.00763	0.00237	0.00568	0.00992	0.00829	0.01065
7	0.01083	0.00774	0.01070	0.01238	0.01366	0.00760	0.01018	0.01353	0.01586	0.02076	0.03898	0.28562	0.04377	0.02091	0.00980	0.00322	0.00593	0.45537	0.00671	0.00645
8	0.01390	0.01316	0.02184	0.66940	0.04754	0.01665	0.01984	0.01848	0.01426	0.01848	0.01264	0.01910	0.00968	0.00771	0.00862	0.00248	0.06846	0.00645	0.00323	0.00806
9	0.00926	0.00677	0.00811	0.00894	0.00975	0.00626	0.00590	0.01041	0.01391	0.01805	0.06401	0.39883	0.18963	0.19713	0.01584	0.00382	0.00476	0.01677	0.00622	0.00562
10	0.01445	0.00865	0.01118	0.01062	0.01284	0.00798	0.00786	0.04843	0.01828	0.13745	0.25074	0.33115	0.04652	0.01649	0.00846	0.00250	0.00452	0.01462	0.00746	0.03979
11	0.00993	0.00742	0.00922	0.00877	0.01064	0.00671	0.00658	0.01302	0.01973	0.02713	0.56354	0.05762	0.20166	0.01561	0.00858	0.00232	0.00348	0.01361	0.00774	0.00671
12	0.01263	0.00959	0.01084	0.01027	0.01245	0.03923	0.00788	0.05412	0.01969	0.04926	0.37959	0.08791	0.16070	0.04057	0.00952	0.00259	0.00474	0.07397	0.00728	0.00718
13	0.00886	0.00633	0.00843	0.01012	0.01054	0.00590	0.00675	0.01012	0.01392	0.01856	0.04006	0.73979	0.04808	0.02277	0.00928	0.00295	0.00422	0.02066	0.00675	0.00590
14	0.01808	0.01561	0.01644	0.01479	0.01890	0.01808	0.01151	0.03863	0.68606	0.03041	0.02959	0.02712	0.02219	0.00986	0.00740	0.00247	0.00575	0.00822	0.00740	0.01151
15	0.01943	0.74891	0.03809	0.01244	0.01866	0.02876	0.01244	0.02177	0.01477	0.01710	0.01011	0.01166	0.00933	0.00622	0.00466	0.00155	0.00777	0.00389	0.00311	0.00933
16	0.01386	0.01050	0.01325	0.04097	0.01578	0.01031	0.00923	0.06744	0.03439	0.05257	0.13491	0.28369	0.03421	0.01433	0.00900	0.00233	0.05774	0.01228	0.00617	0.17703
17	0.01846	0.01852	0.02785	0.07064	0.56132	0.07931	0.02102	0.02239	0.01643	0.02254	0.01312	0.01747	0.01110	0.00705	0.00835	0.00222	0.06151	0.00631	0.00356	0.01083
18	0.52518	0.01510	0.01369	0.01146	0.01623	0.01691	0.00942	0.17345	0.01842	0.08686	0.04330	0.01597	0.01235	0.00773	0.00553	0.00224	0.00612	0.00520	0.00564	0.00921
19	0.01263	0.00631	0.00947	0.00947	0.00947	0.00631	0.00631	0.00947	0.00947	0.01263	0.01263	0.02210	0.01263	0.02525	0.02841	0.78851	0.00631	0.00631	0.00316	0.00316
20	0.01832	0.01800	0.02885	0.06253	0.64777	0.05146	0.02184	0.02253	0.01669	0.02331	0.01353	0.01779	0.01136	0.00655	0.00717	0.00215	0.00888	0.00639	0.00360	0.01127
21	0.12210	0.01186	0.01285	0.01271	0.06325	0.01248	0.00910	0.14321	0.05918	0.02922	0.05333	0.03376	0.18060	0.01276	0.03652	0.00256	0.00584	0.00872	0.18149	0.00846
22	0.01269	0.00970	0.01018	0.00960	0.01220	0.03761	0.00725	0.04224	0.04992	0.07246	0.17476	0.12681	0.37484	0.01626	0.00837	0.00243	0.00454	0.01376	0.00707	0.00730
23	0.02266	0.08649	0.02078	0.01565	0.02057	0.12446	0.01263	0.24981	0.27785	0.03224	0.02029	0.01986	0.01532	0.00861	0.00690	0.00214	0.00778	0.00657	0.00629	0.04309
24	0.05462	0.28751	0.14342	0.02036	0.11374	0.19886	0.04352	0.02394	0.01658	0.02010	0.01155	0.01383	0.00962	0.00671	0.00601	0.00191	0.00983	0.00488	0.00341	0.00958
25	0.05481	0.27860	0.08836	0.01542	0.02094	0.08721	0.04006	0.12930	0.06958	0.04443	0.05496	0.01771	0.01460	0.00804	0.00714	0.00204	0.04642	0.00583	0.00471	0.00985
26	0.06193	0.06494	0.02053	0.01800	0.05062	0.40905	0.01351	0.10105	0.06047	0.02319	0.01459	0.01814	0.01225	0.00843	0.00733	0.00207	0.04013	0.03357	0.03113	0.00907
27	0.01149	0.00919	0.01309	0.07217	0.03899	0.00941	0.05622	0.01355	0.01398	0.01911	0.05190	0.17069	0.13835	0.21664	0.01691	0.00377	0.04523	0.01208	0.08082	0.00641
28	0.06635	0.02128	0.20141	0.08348	0.08607	0.01611	0.22649	0.02215	0.01571	0.07200	0.01592	0.04490	0.01288	0.04735	0.00965	0.00265	0.03446	0.00748	0.00405	0.00961
29	0.07651	0.47064	0.07048	0.01280	0.01848	0.04832	0.01236	0.07301	0.01702	0.02221	0.08171	0.01848	0.03650	0.00779	0.00558	0.00181	0.00744	0.00550	0.00417	0.00917
30	0.03099	0.01257	0.01673	0.01299	0.01841	0.01123	0.01067	0.05285	0.05266	0.62958	0.05228	0.02571	0.01985	0.00924	0.00736	0.00226	0.00612	0.00754	0.00884	0.01213
31	0.01796	0.36447	0.16585	0.01501	0.02065	0.11799	0.01496	0.02124	0.01526	0.01848	0.01427	0.08857	0.01380	0.03034	0.00795	0.00215	0.05216	0.00636	0.00360	0.00891
32	0.01889	0.01315	0.01527	0.06349	0.01922	0.04242	0.01130	0.07455	0.20916	0.15223	0.07940	0.12723	0.02885	0.01281	0.00803	0.00255	0.00634	0.09842	0.00710	0.00961
33	0.03162	0.01325	0.01732	0.01336	0.01895	0.01208	0.01101	0.09638	0.04590	0.61746	0.02764	0.02413	0.01761	0.00900	0.00731	0.00225	0.00634	0.00727	0.00878	0.01234
34	0.11708	0.00885	0.01086	0.01083	0.03492	0.00866	0.00791	0.01590	0.01870	0.06144	0.47144	0.09688	0.05338	0.01401	0.00803	0.00237	0.00423	0.03990	0.00728	0.00734
35	0.01778	0.01943	0.07665	0.15432	0.48772	0.07382	0.02161	0.02228	0.01646	0.02235	0.01330	0.01763	0.01087	0.00672	0.00713	0.00219	0.00933	0.00625	0.00351	0.01063
36	0.04671	0.36841	0.05584	0.01442	0.01916	0.18342	0.01309	0.02201	0.01622	0.01878	0.01641	0.02376	0.03670	0.00914	0.00695	0.00203	0.04302	0.09143	0.00391	0.00860
37	0.00902	0.00660	0.00843	0.00974	0.01053	0.00609	0.00668	0.01049	0.01457	0.01915	0.07308	0.57813	0.13652	0.04190	0.00995	0.00298	0.00427	0.03918	0.00674	0.00596
38	0.00944	0.00735	0.00857	0.00836	0.01036	0.00648	0.00624	0.01204	0.01843	0.02428	0.37870	0.09162	0.35835	0.01685	0.00861	0.00239	0.00358	0.01449	0.00737	0.00648
39	0.01586	0.01550	0.04993	0.12518	0.02889	0.01534	0.25234	0.07652	0.01659	0.02316	0.01683	0.07467	0.01452	0.01138	0.03463	0.05458	0.06190	0.00825	0.06418	0.03976
40	0.01055	0.00715	0.00843	0.00843	0.00860	0.00732	0.00503	0.01089	0.01072	0.01446	0.02245	0.04505	0.02533	0.65305	0.12699	0.00766	0.00869	0.01020	0.00434	0.00468
41	0.01087	0.00818	0.01045	0.01150	0.01338	0.00790	0.00959	0.01428	0.04009	0.02149	0.06679	0.12384	0.21322	0.01933	0.00947	0.00302	0.00560	0.39757	0.00678	0.00666
42	0.74892	0.01362	0.01045	0.00939	0.01372	0.01573	0.00770	0.02110	0.01254	0.03228	0.01094	0.01273	0.00852	0.00685	0.00453	0.00222	0.00549	0.00411	0.05135	0.00781
43	0.05051	0.02039	0.02103	0.01644	0.02201	0.04974	0.01348	0.58288	0.08026	0.04317	0.01786	0.01781	0.01282	0.00870	0.00717	0.00219	0.00797	0.00651	0.00705	0.01200

[dist]
# distance from previous block
# <min> <max>
0	1

[block]
# block no. 3 follows, 28 sequences, length 15
# corresponding to MSA columns:
# 227-241
name=unknown_D
#
# <colnr> <probs for GDERKNQSTAVLIFYWHMCP>
#	G	D	E	R	K	N	Q	S	T	A	V	L	I	F	Y	W	H	M	C	P
0	0.01739	0.01976	0.10451	0.14907	0.48606	0.05250	0.02207	0.02214	0.01630	0.02254	0.01336	0.01766	0.01085	0.00670	0.00714	0.00220	0.00927	0.00626	0.00349	0.01072
1	0.09960	0.01977	0.02077	0.01605	0.02175	0.02196	0.01326	0.61373	0.03213	0.04458	0.01677	0.01692	0.01194	0.00854	0.00701	0.00219	0.00778	0.00630	0.00701	0.01194
2	0.64595	0.05551	0.01377	0.03264	0.01615	0.01765	0.00925	0.05763	0.01373	0.03129	0.01059	0.01256	0.00835	0.00715	0.00573	0.00226	0.04285	0.00428	0.00447	0.00821
3	0.01038	0.00740	0.00947	0.01031	0.01136	0.00729	0.00726	0.04814	0.01532	0.02091	0.06919	0.51763	0.07247	0.02418	0.08771	0.00376	0.00602	0.01709	0.04766	0.00643
4	0.01040	0.00772	0.01135	0.01135	0.01253	0.00891	0.00867	0.01277	0.01158	0.01663	0.01977	0.03024	0.01890	0.11574	0.65551	0.01127	0.01837	0.00804	0.00394	0.00631
5	0.01665	0.01447	0.01458	0.04867	0.04882	0.12699	0.01057	0.07623	0.05493	0.06779	0.21963	0.08960	0.12331	0.01302	0.00798	0.00234	0.00652	0.04309	0.00651	0.00829
6	0.02533	0.01691	0.01860	0.01462	0.01960	0.01830	0.01198	0.47696	0.02888	0.11521	0.01971	0.02019	0.01417	0.01086	0.04006	0.00256	0.00766	0.00672	0.12040	0.01128
7	0.00939	0.00737	0.00852	0.00848	0.01049	0.00650	0.00638	0.01187	0.01793	0.02328	0.30643	0.10638	0.38786	0.01741	0.00869	0.00246	0.00375	0.04315	0.00722	0.00642
8	0.09453	0.01322	0.02078	0.57990	0.07727	0.01592	0.01851	0.01999	0.01477	0.05857	0.01355	0.01884	0.01006	0.00727	0.00698	0.00238	0.00903	0.00625	0.00370	0.00847
9	0.01514	0.01424	0.02368	0.53693	0.12014	0.01674	0.06152	0.04042	0.05940	0.02106	0.01435	0.01968	0.01088	0.00732	0.00735	0.00239	0.00943	0.00672	0.00369	0.00893
10	0.01040	0.00773	0.01139	0.01139	0.01258	0.00893	0.00872	0.01279	0.01160	0.01666	0.01974	0.03005	0.01882	0.10862	0.66252	0.01132	0.01850	0.00801	0.00393	0.00633
11	0.00915	0.00741	0.00795	0.00819	0.01025	0.00647	0.00615	0.01096	0.01590	0.01929	0.06350	0.09148	0.53412	0.09089	0.01160	0.00303	0.00437	0.08675	0.00651	0.00602
12	0.01954	0.09038	0.01923	0.01670	0.09317	0.09627	0.01203	0.19610	0.05351	0.02821	0.02110	0.02420	0.05269	0.01370	0.08081	0.00305	0.00866	0.02223	0.13901	0.00941
13	0.01922	0.01601	0.02511	0.13605	0.35422	0.01675	0.05126	0.04630	0.13543	0.09881	0.01817	0.02061	0.01383	0.00752	0.00733	0.00228	0.00818	0.00698	0.00492	0.01103
14	0.00928	0.00645	0.00871	0.01028	0.01076	0.00608	0.00703	0.01039	0.01381	0.01838	0.03821	0.65268	0.04541	0.02276	0.01055	0.05335	0.00451	0.05907	0.00651	0.00578

[dist]
# distance from previous block
# <min> <max>
3	16

[block]
# block no. 4 follows, 28 sequences, length 26
# corresponding to MSA columns:
# 258-283
name=unknown_E
#
# <colnr> <probs for GDERKNQSTAVLIFYWHMCP>
#	G	D	E	R	K	N	Q	S	T	A	V	L	I	F	Y	W	H	M	C	P
0	0.02061	0.01636	0.05311	0.06150	0.12689	0.01658	0.01438	0.05448	0.36642	0.15204	0.02475	0.02391	0.01807	0.00884	0.00731	0.00236	0.00683	0.00748	0.00664	0.01145
1	0.02010	0.63523	0.06697	0.01343	0.01968	0.07115	0.01327	0.05452	0.01612	0.01883	0.01067	0.01221	0.00947	0.00645	0.00502	0.00164	0.00826	0.00414	0.00335	0.00949
2	0.01769	0.49387	0.27789	0.01541	0.02325	0.02450	0.01761	0.02222	0.01498	0.01922	0.01116	0.01298	0.00929	0.00647	0.00547	0.00182	0.00884	0.00442	0.00310	0.00984
3	0.01474	0.01395	0.02309	0.27680	0.25836	0.01496	0.06573	0.01978	0.05261	0.02143	0.02314	0.07073	0.09497	0.00936	0.00763	0.00238	0.00825	0.00867	0.00426	0.00918
4	0.00983	0.00674	0.00815	0.00888	0.00906	0.00655	0.00542	0.01038	0.01202	0.01603	0.03033	0.34711	0.03580	0.43221	0.02500	0.00528	0.00582	0.01494	0.00542	0.00505
5	0.00952	0.00684	0.00876	0.00992	0.01053	0.00656	0.00663	0.01149	0.03727	0.01938	0.09792	0.56516	0.04636	0.11223	0.01263	0.00339	0.00455	0.01828	0.00659	0.00600
6	0.00871	0.00737	0.00753	0.00749	0.00989	0.00619	0.00562	0.01066	0.01685	0.02030	0.11673	0.06887	0.65274	0.01816	0.00859	0.00244	0.00366	0.01519	0.00684	0.00619
7	0.01831	0.01554	0.01646	0.01467	0.01877	0.01786	0.01144	0.07459	0.61990	0.03125	0.05714	0.02771	0.02359	0.01001	0.00744	0.00244	0.00578	0.00833	0.00741	0.01136
8	0.02911	0.01253	0.01636	0.01296	0.01812	0.01151	0.01056	0.03452	0.11687	0.56440	0.07080	0.02695	0.02179	0.00949	0.00740	0.00228	0.00595	0.00781	0.00870	0.01190
9	0.02716	0.02013	0.02155	0.01663	0.02236	0.02232	0.01370	0.64362	0.06628	0.04505	0.01805	0.01793	0.01285	0.00878	0.00728	0.00220	0.00789	0.00663	0.00728	0.01232
10	0.03018	0.01220	0.01633	0.01277	0.01802	0.01083	0.01046	0.03405	0.05879	0.61734	0.07652	0.02700	0.02186	0.00947	0.00741	0.00226	0.00596	0.00778	0.00883	0.01193
11	0.00900	0.00733	0.00797	0.00791	0.01010	0.00630	0.00589	0.01119	0.01739	0.02183	0.21854	0.09710	0.51857	0.01777	0.00862	0.00244	0.00365	0.01507	0.00704	0.00630
12	0.01854	0.01584	0.01669	0.01489	0.01908	0.01829	0.01162	0.06899	0.65495	0.03114	0.02901	0.02666	0.02172	0.00981	0.00739	0.00245	0.00586	0.00814	0.00739	0.01155
