[name]
unknown

[dist]
# distance from previous block
# <min> <max>
1	35

[block]
# block no. 0 follows, 29 sequences, length 23
# corresponding to MSA columns:
# 39-61
name=unknown_A
#
# <colnr> <probs for GDERKNQSTAVLIFYWHMCP>
#	G	D	E	R	K	N	Q	S	T	A	V	L	I	F	Y	W	H	M	C	P
0	0.01886	0.01644	0.02100	0.19103	0.02715	0.04610	0.02986	0.23825	0.02000	0.02701	0.02933	0.04067	0.01297	0.01085	0.02889	0.00272	0.21804	0.00691	0.00472	0.00919
1	0.01289	0.02702	0.47924	0.01653	0.02412	0.01328	0.01980	0.01952	0.01674	0.02454	0.24157	0.02771	0.02834	0.00935	0.00731	0.00225	0.00814	0.00779	0.00461	0.00926
2	0.01279	0.01117	0.01807	0.49364	0.03765	0.01329	0.01702	0.01705	0.01495	0.01923	0.02098	0.03936	0.01995	0.01129	0.00802	0.00267	0.00852	0.22259	0.00429	0.00746
3	0.02291	0.34754	0.05014	0.01573	0.02067	0.39657	0.01348	0.02515	0.01753	0.01730	0.01058	0.01229	0.00915	0.00678	0.00563	0.00171	0.01049	0.00427	0.00338	0.00871
4	0.01395	0.02680	0.47828	0.01576	0.02334	0.01325	0.01922	0.02057	0.01500	0.02388	0.01625	0.01886	0.01209	0.00727	0.00617	0.00206	0.00813	0.00572	0.26417	0.00923
5	0.00914	0.00656	0.00868	0.00960	0.01043	0.00609	0.00665	0.01108	0.01580	0.02162	0.25924	0.51528	0.05377	0.01973	0.00886	0.00268	0.00387	0.01780	0.00702	0.00609
6	0.01575	0.01558	0.02664	0.25252	0.25868	0.01781	0.10477	0.01977	0.01448	0.02024	0.01238	0.01780	0.01022	0.00792	0.01091	0.00246	0.17295	0.00658	0.00333	0.00922
7	0.01832	0.01659	0.02412	0.03207	0.42885	0.01755	0.01775	0.07385	0.24206	0.02696	0.01883	0.02056	0.01481	0.00760	0.00712	0.00222	0.00748	0.00692	0.00502	0.01134
8	0.02171	0.51020	0.03202	0.01358	0.01954	0.02615	0.01263	0.24064	0.02078	0.02609	0.01229	0.01331	0.01013	0.00691	0.00542	0.00173	0.00769	0.00467	0.00440	0.01013
9	0.01446	0.01609	0.01152	0.01091	0.01374	0.24356	0.00818	0.01627	0.01754	0.01864	0.05183	0.05003	0.47217	0.01448	0.00775	0.00222	0.00667	0.01156	0.00563	0.00676
10	0.01837	0.03587	0.48278	0.01965	0.02789	0.25059	0.02214	0.02450	0.01674	0.02085	0.01219	0.01431	0.00907	0.00696	0.00665	0.00212	0.01129	0.00504	0.00323	0.00977
11	0.01563	0.01503	0.03027	0.02225	0.02761	0.01423	0.45543	0.02074	0.01618	0.02405	0.01734	0.02165	0.01328	0.00676	0.00727	0.00215	0.00912	0.00782	0.26457	0.00862
12	0.00934	0.00670	0.00891	0.00982	0.01074	0.00626	0.00699	0.01143	0.01599	0.02185	0.25914	0.46823	0.05334	0.01955	0.00891	0.00270	0.00405	0.06289	0.00701	0.00615
13	0.01327	0.00664	0.00664	0.00664	0.00830	0.00664	0.00498	0.01659	0.01493	0.02655	0.02323	0.02655	0.01825	0.00830	0.00498	0.00166	0.00332	0.00664	0.78928	0.00664
14	0.01656	0.01207	0.01463	0.01402	0.01703	0.01274	0.01197	0.23611	0.02206	0.02907	0.03192	0.05896	0.05187	0.01593	0.00889	0.00287	0.00689	0.42128	0.00675	0.00838
15	0.01708	0.01845	0.03766	0.03456	0.25914	0.01765	0.46104	0.02249	0.01661	0.02296	0.01407	0.01868	0.01096	0.00612	0.00795	0.00231	0.01083	0.00772	0.00358	0.01016
16	0.01440	0.01520	0.02854	0.02209	0.02639	0.04124	0.38341	0.01834	0.01546	0.02066	0.02217	0.25982	0.02269	0.01193	0.00961	0.00259	0.06071	0.01204	0.00457	0.00815
17	0.35050	0.01346	0.01442	0.01161	0.01668	0.01373	0.00958	0.08341	0.01805	0.37260	0.01962	0.01837	0.01304	0.00788	0.00601	0.00220	0.00598	0.00573	0.00684	0.01029
18	0.53989	0.01558	0.02095	0.01622	0.02156	0.01665	0.23084	0.02156	0.01368	0.02891	0.01141	0.01411	0.00874	0.00641	0.00573	0.00227	0.00767	0.00537	0.00414	0.00834
19	0.02047	0.01248	0.01535	0.01125	0.01731	0.00982	0.00911	0.02350	0.01663	0.25142	0.01778	0.01791	0.01290	0.00645	0.00590	0.00144	0.00553	0.00520	0.00574	0.53381
20	0.13054	0.01755	0.01812	0.01479	0.01975	0.01979	0.01198	0.37667	0.24942	0.03808	0.02005	0.01948	0.01470	0.00865	0.00679	0.00224	0.00678	0.00660	0.00679	0.01122
21	0.03121	0.02287	0.02516	0.02426	0.02735	0.02037	0.01680	0.02723	0.02512	0.03603	0.04384	0.05678	0.12294	0.04683	0.40040	0.01086	0.01945	0.01433	0.01109	0.01707
22	0.01028	0.00677	0.00869	0.00970	0.01078	0.00615	0.00670	0.01172	0.01451	0.06732	0.04348	0.59077	0.14509	0.02070	0.00885	0.00277	0.00419	0.01852	0.00677	0.00627

[dist]
# distance from previous block
# <min> <max>
6	10

[block]
# block no. 1 follows, 29 sequences, length 149
# corresponding to MSA columns:
# 72-220
name=unknown_B
#
# <colnr> <probs for GDERKNQSTAVLIFYWHMCP>
#	G	D	E	R	K	N	Q	S	T	A	V	L	I	F	Y	W	H	M	C	P
0	0.01333	0.01244	0.02085	0.70562	0.04750	0.01549	0.01920	0.01790	0.01409	0.01803	0.01302	0.02001	0.01010	0.03480	0.00820	0.00254	0.00940	0.00648	0.00321	0.00778
1	0.01632	0.01415	0.01525	0.01449	0.04279	0.01593	0.01079	0.03311	0.56598	0.02796	0.03486	0.03252	0.12330	0.01079	0.00741	0.00240	0.00544	0.00903	0.00701	0.01048
2	0.03118	0.01229	0.01650	0.01277	0.01820	0.01086	0.01051	0.03487	0.05649	0.67370	0.02814	0.02436	0.01785	0.00886	0.00717	0.00221	0.00604	0.00721	0.00873	0.01207
3	0.59301	0.01501	0.01313	0.01105	0.01579	0.01699	0.00911	0.16335	0.01714	0.07117	0.01243	0.01343	0.00919	0.00714	0.00514	0.00219	0.00604	0.00458	0.00523	0.00889
4	0.00868	0.00620	0.00826	0.00991	0.01033	0.00578	0.00661	0.00991	0.01363	0.01818	0.03925	0.74510	0.04710	0.02231	0.00909	0.00289	0.00413	0.02024	0.00661	0.00578
5	0.01428	0.03683	0.71286	0.02030	0.03082	0.01654	0.02631	0.02255	0.01503	0.02255	0.01278	0.01503	0.00902	0.00677	0.00677	0.00226	0.01052	0.00526	0.00301	0.01052
6	0.01681	0.01921	0.04202	0.03001	0.03721	0.01801	0.67947	0.02281	0.01681	0.02281	0.01441	0.01921	0.01080	0.00600	0.00840	0.00240	0.01200	0.00840	0.00360	0.00960
7	0.01454	0.07537	0.67656	0.01986	0.03015	0.01716	0.02555	0.02248	0.01500	0.02224	0.01262	0.01484	0.00903	0.00673	0.00665	0.00222	0.01037	0.00518	0.00301	0.01045
8	0.01038	0.00834	0.00880	0.00844	0.01105	0.00764	0.00641	0.01461	0.09925	0.04074	0.13334	0.06053	0.53206	0.01638	0.00824	0.00238	0.00390	0.01373	0.00688	0.00690
9	0.01458	0.08127	0.67100	0.01979	0.03004	0.01726	0.02543	0.02247	0.01500	0.02219	0.01260	0.01481	0.00903	0.00672	0.00663	0.00221	0.01034	0.00517	0.00301	0.01044
10	0.02501	0.07142	0.02057	0.01648	0.02082	0.38118	0.01293	0.22103	0.04624	0.04703	0.01659	0.04038	0.03231	0.00855	0.00671	0.00199	0.01003	0.00609	0.00511	0.00953
11	0.00868	0.00620	0.00826	0.00991	0.01033	0.00578	0.00661	0.00991	0.01363	0.01818	0.03925	0.74510	0.04710	0.02231	0.00909	0.00289	0.00413	0.02024	0.00661	0.00578
12	0.01724	0.01653	0.02821	0.10666	0.64536	0.01682	0.02166	0.02152	0.01603	0.02280	0.01333	0.01775	0.01112	0.00642	0.00706	0.00214	0.00855	0.00634	0.00349	0.01097
13	0.01626	0.01529	0.02567	0.05527	0.54101	0.01538	0.03861	0.02075	0.04048	0.02270	0.01775	0.10546	0.01671	0.00876	0.00742	0.00227	0.00792	0.02784	0.00411	0.01035
14	0.01760	0.01799	0.05319	0.08006	0.57904	0.04379	0.02102	0.02278	0.05254	0.02307	0.01407	0.01790	0.01157	0.00662	0.00703	0.00214	0.00861	0.00633	0.00369	0.01094
15	0.00877	0.00629	0.00826	0.00973	0.01024	0.00586	0.00650	0.01006	0.01383	0.01843	0.06264	0.67864	0.06634	0.04546	0.00992	0.00298	0.00418	0.01951	0.00658	0.00578
16	0.03033	0.03810	0.01751	0.01299	0.01844	0.01223	0.01076	0.07427	0.06263	0.60348	0.02685	0.02350	0.01725	0.00876	0.00708	0.00219	0.00620	0.00706	0.00842	0.01196
17	0.04878	0.09377	0.01910	0.01327	0.01851	0.03610	0.01105	0.12556	0.06893	0.42827	0.02398	0.04574	0.01668	0.00890	0.00685	0.00215	0.00658	0.00703	0.00749	0.01128
18	0.01415	0.00748	0.00757	0.00726	0.00917	0.00762	0.00552	0.05890	0.01611	0.02771	0.02284	0.02595	0.01786	0.00831	0.00511	0.00169	0.00361	0.00662	0.73952	0.00698
19	0.01766	0.01360	0.01489	0.01328	0.01701	0.01492	0.01044	0.11684	0.38626	0.07165	0.05840	0.07808	0.09772	0.01187	0.00765	0.00243	0.00561	0.04435	0.00720	0.01011
20	0.01390	0.01311	0.02217	0.65854	0.11963	0.01594	0.02000	0.01859	0.01445	0.01874	0.01274	0.01884	0.00968	0.00704	0.00711	0.00235	0.00938	0.00633	0.00320	0.00827
21	0.01625	0.16124	0.54201	0.01851	0.02781	0.04487	0.02276	0.02302	0.01533	0.04762	0.01279	0.01467	0.00938	0.00675	0.00638	0.00211	0.00993	0.00505	0.00326	0.01026
22	0.02529	0.03094	0.02151	0.02203	0.12307	0.59317	0.01495	0.04974	0.02005	0.01923	0.01157	0.01369	0.00958	0.00723	0.00654	0.00189	0.01202	0.00491	0.00377	0.00883
23	0.01513	0.01365	0.02136	0.01731	0.02050	0.01470	0.17435	0.10840	0.05423	0.02509	0.13038	0.16475	0.05056	0.01260	0.01099	0.00256	0.13856	0.01092	0.00554	0.00840
24	0.02660	0.03394	0.02018	0.01834	0.02201	0.72116	0.01376	0.02843	0.02018	0.01743	0.01101	0.01284	0.00917	0.00734	0.00642	0.00183	0.01284	0.00459	0.00367	0.00825
25	0.00865	0.00631	0.00815	0.00962	0.01025	0.00581	0.00648	0.00995	0.01391	0.01829	0.04278	0.67234	0.11758	0.02185	0.00902	0.00284	0.00407	0.01968	0.00661	0.00581
26	0.01676	0.01991	0.07674	0.03096	0.10873	0.01781	0.57357	0.02269	0.01665	0.02284	0.01421	0.01881	0.01076	0.00608	0.00817	0.00236	0.01154	0.00801	0.00356	0.00983
27	0.01497	0.14006	0.61563	0.01913	0.02901	0.01821	0.02428	0.02237	0.01495	0.02172	0.01236	0.01451	0.00904	0.00667	0.00645	0.00215	0.01010	0.00505	0.00301	0.01032
28	0.01428	0.03683	0.71286	0.02030	0.03082	0.01654	0.02631	0.02255	0.01503	0.02255	0.01278	0.01503	0.00902	0.00677	0.00677	0.00226	0.01052	0.00526	0.00301	0.01052
29	0.00868	0.00620	0.00826	0.00991	0.01033	0.00578	0.00661	0.00991	0.01363	0.01818	0.03925	0.74510	0.04710	0.02231	0.00909	0.00289	0.00413	0.02024	0.00661	0.00578
30	0.02743	0.01803	0.01994	0.01535	0.02086	0.01941	0.01266	0.53996	0.03042	0.16412	0.01931	0.01874	0.01334	0.00859	0.00705	0.00213	0.00735	0.00655	0.03687	0.01191
31	0.01444	0.03574	0.67129	0.02090	0.03122	0.01663	0.06678	0.02257	0.01514	0.02257	0.01288	0.01529	0.00913	0.00672	0.00687	0.00226	0.01062	0.00546	0.00304	0.01047
32	0.03019	0.01265	0.01660	0.01290	0.01822	0.01150	0.01059	0.07435	0.06029	0.60980	0.04687	0.02476	0.01895	0.00901	0.00720	0.00221	0.00607	0.00733	0.00859	0.01191
33	0.01097	0.00863	0.01332	0.01491	0.08721	0.00976	0.01029	0.01370	0.01196	0.01725	0.01846	0.02686	0.01710	0.04834	0.64469	0.01044	0.01793	0.00749	0.00378	0.00689
34	0.01380	0.01334	0.02165	0.59480	0.04375	0.03522	0.05403	0.01816	0.01434	0.01837	0.01419	0.06365	0.01188	0.00827	0.00810	0.00243	0.04549	0.00725	0.00341	0.00787
35	0.00872	0.00723	0.00763	0.00753	0.00980	0.00614	0.00565	0.01080	0.01694	0.02092	0.18578	0.06576	0.58775	0.01741	0.00841	0.00237	0.00356	0.01464	0.00683	0.00614
36	0.01762	0.01692	0.02890	0.04371	0.70533	0.01692	0.02185	0.02185	0.01621	0.02326	0.01339	0.01762	0.01128	0.00634	0.00705	0.00211	0.00846	0.00634	0.00352	0.01128
37	0.23415	0.01727	0.01671	0.01378	0.01865	0.06147	0.01115	0.25541	0.15755	0.11732	0.01850	0.01811	0.01334	0.00821	0.00638	0.00220	0.00686	0.00603	0.00641	0.01052
38	0.01609	0.01796	0.03873	0.02801	0.03458	0.01703	0.60735	0.02172	0.01623	0.02213	0.01491	0.02015	0.01156	0.01110	0.08510	0.00337	0.01276	0.00832	0.00362	0.00925
39	0.00898	0.00641	0.00861	0.01026	0.01080	0.00604	0.00713	0.01044	0.01393	0.01851	0.03908	0.67361	0.04644	0.02202	0.00917	0.00293	0.00439	0.08877	0.00660	0.00587
40	0.03056	0.09191	0.01876	0.01262	0.01819	0.01237	0.01065	0.03326	0.01974	0.63568	0.02614	0.02286	0.01671	0.00852	0.00688	0.00213	0.00623	0.00680	0.00819	0.01180
41	0.01904	0.61434	0.05984	0.01458	0.02093	0.02639	0.08450	0.05431	0.01568	0.01900	0.01084	0.01266	0.00946	0.00623	0.00518	0.00167	0.00820	0.00448	0.00331	0.00938
42	0.00868	0.00620	0.00826	0.00991	0.01033	0.00578	0.00661	0.00991	0.01363	0.01818	0.03925	0.74510	0.04710	0.02231	0.00909	0.00289	0.00413	0.02024	0.00661	0.00578
43	0.01558	0.01558	0.02181	0.01869	0.01869	0.02181	0.01558	0.01714	0.01091	0.01714	0.00935	0.01558	0.00935	0.01246	0.02337	0.00312	0.73672	0.00623	0.00312	0.00779
44	0.11881	0.01757	0.01941	0.06529	0.09529	0.07868	0.01335	0.25121	0.04804	0.19542	0.01808	0.01830	0.01274	0.00798	0.00674	0.00216	0.00766	0.00617	0.00625	0.01085
45	0.12130	0.01470	0.04298	0.01412	0.03839	0.01371	0.01161	0.16155	0.02157	0.40659	0.04132	0.02341	0.01695	0.00887	0.00693	0.00223	0.00653	0.02863	0.00747	0.01117
46	0.01428	0.03683	0.71286	0.02030	0.03082	0.01654	0.02631	0.02255	0.01503	0.02255	0.01278	0.01503	0.00902	0.00677	0.00677	0.00226	0.01052	0.00526	0.00301	0.01052
47	0.01144	0.00753	0.00991	0.00926	0.01112	0.00691	0.00696	0.01463	0.01977	0.07321	0.61578	0.09414	0.06265	0.01466	0.00836	0.00228	0.00359	0.01295	0.00783	0.00702
48	0.02421	0.01474	0.01770	0.01563	0.06107	0.01522	0.01177	0.22101	0.15798	0.25976	0.04552	0.06308	0.03956	0.00991	0.00734	0.00226	0.00639	0.00817	0.00747	0.01122
49	0.01762	0.01692	0.02890	0.04371	0.70533	0.01692	0.02185	0.02185	0.01621	0.02326	0.01339	0.01762	0.01128	0.00634	0.00705	0.00211	0.00846	0.00634	0.00352	0.01128
50	0.02663	0.03307	0.02025	0.01822	0.02202	0.67785	0.01374	0.06890	0.02100	0.01913	0.01138	0.01310	0.00935	0.00741	0.00646	0.00185	0.01253	0.00470	0.00388	0.00849
51	0.01098	0.00851	0.01065	0.01164	0.02918	0.00847	0.00867	0.01578	0.11074	0.02212	0.12181	0.27747	0.14175	0.01792	0.00878	0.00275	0.00487	0.17414	0.00676	0.00702
52	0.01445	0.06171	0.68943	0.02001	0.03038	0.01694	0.02582	0.02251	0.01501	0.02235	0.01268	0.01491	0.00902	0.00674	0.00669	0.00223	0.01042	0.00521	0.00301	0.01048
53	0.02926	0.01184	0.01568	0.01220	0.01738	0.01036	0.01002	0.05300	0.02036	0.61441	0.03247	0.02877	0.09110	0.00980	0.00729	0.00222	0.00585	0.00798	0.00852	0.01146
54	0.01465	0.03452	0.63792	0.01967	0.02950	0.01666	0.02469	0.02419	0.08789	0.02333	0.01452	0.01627	0.01039	0.00708	0.00682	0.00227	0.01000	0.00556	0.00346	0.01060
55	0.01763	0.01686	0.02841	0.04259	0.67909	0.01695	0.02145	0.02246	0.04205	0.02351	0.01399	0.01797	0.01168	0.00647	0.00706	0.00213	0.00835	0.00641	0.00367	0.01128
56	0.01681	0.01921	0.04202	0.03001	0.03721	0.01801	0.67947	0.02281	0.01681	0.02281	0.01441	0.01921	0.01080	0.00600	0.00840	0.00240	0.01200	0.00840	0.00360	0.00960
57	0.00930	0.00680	0.00875	0.00921	0.01040	0.00624	0.00654	0.01159	0.01692	0.02311	0.35093	0.35743	0.11979	0.01828	0.00870	0.00254	0.00372	0.01631	0.00718	0.00624
58	0.01665	0.01843	0.10135	0.14307	0.53573	0.01672	0.02203	0.02139	0.01579	0.02244	0.01322	0.01755	0.01077	0.00650	0.00703	0.00217	0.00883	0.00623	0.00342	0.01070
59	0.01033	0.00701	0.00830	0.00830	0.00849	0.00719	0.00498	0.01070	0.01051	0.01420	0.02195	0.04388	0.02471	0.64825	0.13613	0.00757	0.00868	0.00996	0.00424	0.00461
60	0.01017	0.00683	0.00782	0.00800	0.00804	0.00678	0.00456	0.01031	0.01071	0.01428	0.02424	0.12172	0.02817	0.67152	0.03332	0.00647	0.00661	0.01142	0.00456	0.00447
61	0.01645	0.01850	0.03979	0.10558	0.03849	0.01777	0.60852	0.02231	0.01653	0.02231	0.01422	0.01918	0.01066	0.00612	0.00827	0.00240	0.01173	0.00818	0.00355	0.00942
62	0.72987	0.01459	0.01085	0.00975	0.01401	0.05353	0.00794	0.02118	0.01265	0.03097	0.01046	0.01218	0.00817	0.00671	0.00454	0.00216	0.00582	0.00400	0.03292	0.00770
63	0.01497	0.00867	0.00913	0.00833	0.01059	0.00893	0.00643	0.11460	0.01824	0.02947	0.09528	0.02801	0.02261	0.00901	0.00566	0.00179	0.00399	0.00727	0.58957	0.00745
64	0.01003	0.00736	0.00946	0.00917	0.01092	0.00678	0.00703	0.01322	0.01937	0.02686	0.57052	0.05743	0.13301	0.01542	0.00854	0.00236	0.00369	0.07462	0.00758	0.00663
65	0.07801	0.01256	0.01610	0.01266	0.01794	0.01159	0.01038	0.03419	0.09215	0.59505	0.02706	0.02370	0.01745	0.00877	0.00700	0.00223	0.00598	0.00705	0.00837	0.01175
66	0.04639	0.01575	0.01732	0.01383	0.01899	0.08912	0.01120	0.11124	0.08791	0.47432	0.02463	0.02211	0.01624	0.00866	0.00702	0.00218	0.00695	0.00681	0.00781	0.01152
67	0.03195	0.01212	0.01652	0.01267	0.01818	0.01047	0.01047	0.03470	0.02038	0.71026	0.02809	0.02424	0.01763	0.00881	0.00716	0.00220	0.00606	0.00716	0.00881	0.01212
68	0.01036	0.00690	0.00777	0.00777	0.00777	0.00690	0.00431	0.01036	0.01036	0.01381	0.02244	0.04660	0.02589	0.74975	0.03624	0.00690	0.00690	0.01036	0.00431	0.00431
69	0.02901	0.01471	0.01787	0.01393	0.01934	0.01458	0.01143	0.22089	0.09643	0.44592	0.02503	0.02244	0.01648	0.00883	0.00716	0.00221	0.00652	0.00704	0.00816	0.01202
70	0.01479	0.11397	0.64020	0.01942	0.02947	0.01779	0.02479	0.02242	0.01497	0.02193	0.01247	0.01465	0.00903	0.00669	0.00653	0.00218	0.01021	0.00511	0.00301	0.01037
71	0.01345	0.01266	0.02136	0.73264	0.04904	0.01582	0.01978	0.01819	0.01424	0.01819	0.01266	0.01898	0.00949	0.00712	0.00712	0.00237	0.00949	0.00633	0.00316	0.00791
72	0.01904	0.75404	0.03731	0.01218	0.01828	0.02818	0.01218	0.02132	0.01447	0.01675	0.00990	0.01142	0.00914	0.00609	0.00457	0.00152	0.00761	0.00381	0.00305	0.00914
73	0.01732	0.01853	0.02624	0.02372	0.10327	0.10116	0.14053	0.02006	0.01370	0.01895	0.01096	0.01618	0.00983	0.00994	0.01669	0.00272	0.43181	0.00646	0.00332	0.00859
74	0.02926	0.01644	0.01920	0.01472	0.02033	0.01687	0.01216	0.39152	0.02761	0.34324	0.02203	0.02030	0.01458	0.00867	0.00714	0.00217	0.00704	0.00675	0.00788	0.01211
75	0.00896	0.00723	0.00797	0.00778	0.00995	0.00624	0.00584	0.01127	0.01751	0.02228	0.27797	0.06351	0.49471	0.01690	0.00841	0.00235	0.00353	0.01432	0.00701	0.00624
76	0.01060	0.00775	0.01035	0.01174	0.01332	0.00751	0.00983	0.01335	0.01597	0.02054	0.04323	0.17503	0.14368	0.01980	0.00951	0.00309	0.00575	0.46601	0.00657	0.00636
77	0.01428	0.03683	0.71286	0.02030	0.03082	0.01654	0.02631	0.02255	0.01503	0.02255	0.01278	0.01503	0.00902	0.00677	0.00677	0.00226	0.01052	0.00526	0.00301	0.01052
78	0.03177	0.01240	0.01670	0.01280	0.01832	0.01089	0.01058	0.05823	0.02086	0.68606	0.02769	0.02398	0.01743	0.00880	0.00716	0.00220	0.00612	0.00713	0.00875	0.01212
79	0.01428	0.03683	0.71286	0.02030	0.03082	0.01654	0.02631	0.02255	0.01503	0.02255	0.01278	0.01503	0.00902	0.00677	0.00677	0.00226	0.01052	0.00526	0.00301	0.01052
80	0.01706	0.01626	0.02708	0.04036	0.63662	0.01627	0.02044	0.02173	0.04142	0.02326	0.01761	0.02111	0.05449	0.00719	0.00714	0.00214	0.00805	0.00695	0.00385	0.01095
81	0.03195	0.01212	0.01652	0.01267	0.01818	0.01047	0.01047	0.03470	0.02038	0.71026	0.02809	0.02424	0.01763	0.00881	0.00716	0.00220	0.00606	0.00716	0.00881	0.01212
82	0.01678	0.01722	0.06286	0.11023	0.56507	0.01651	0.02112	0.02167	0.03552	0.02279	0.01534	0.01927	0.03008	0.00686	0.00708	0.00216	0.00846	0.00657	0.00365	0.01076
83	0.01428	0.03683	0.71286	0.02030	0.03082	0.01654	0.02631	0.02255	0.01503	0.02255	0.01278	0.01503	0.00902	0.00677	0.00677	0.00226	0.01052	0.00526	0.00301	0.01052
84	0.01960	0.04883	0.02770	0.03663	0.51249	0.16993	0.03801	0.02329	0.01702	0.02174	0.01277	0.01639	0.01073	0.00654	0.00686	0.00204	0.00947	0.00592	0.00354	0.01050
85	0.01659	0.03153	0.57202	0.01861	0.02785	0.01506	0.02291	0.02367	0.01575	0.12402	0.01647	0.05562	0.01234	0.00790	0.00695	0.00228	0.00952	0.00635	0.00406	0.01050
86	0.01505	0.15250	0.60390	0.01899	0.02880	0.01841	0.02403	0.02235	0.01494	0.02162	0.01231	0.01445	0.00904	0.00666	0.00641	0.00214	0.01005	0.00503	0.00301	0.01030
87	0.01049	0.00796	0.00985	0.03217	0.01256	0.00806	0.00762	0.01445	0.10369	0.01981	0.05968	0.40998	0.08715	0.11619	0.01239	0.00332	0.00499	0.06683	0.00632	0.00649
88	0.01320	0.00843	0.01163	0.01253	0.01453	0.00819	0.01074	0.01634	0.01698	0.08831	0.08761	0.08987	0.05742	0.01826	0.00941	0.00306	0.00613	0.51341	0.00687	0.00707
89	0.02388	0.01706	0.01866	0.01498	0.01975	0.01864	0.01207	0.47368	0.10608	0.08362	0.02169	0.09596	0.01767	0.03216	0.00821	0.00239	0.00705	0.00822	0.00711	0.01112
90	0.01661	0.01925	0.05811	0.13486	0.05528	0.04382	0.51927	0.02230	0.01648	0.02192	0.01394	0.01877	0.01050	0.00625	0.00805	0.00236	0.01152	0.00780	0.00352	0.00937
91	0.13410	0.01825	0.09264	0.08366	0.40223	0.01679	0.08560	0.02208	0.03525	0.02428	0.01332	0.01699	0.01066	0.00654	0.00677	0.00220	0.00856	0.00612	0.00370	0.01026
92	0.00975	0.00688	0.00859	0.00938	0.01007	0.00660	0.00645	0.01108	0.01367	0.01815	0.09513	0.30951	0.08270	0.26687	0.01827	0.00421	0.00531	0.10595	0.00594	0.00550
93	0.14721	0.04793	0.01905	0.01658	0.04120	0.30746	0.01272	0.08453	0.01762	0.02306	0.01181	0.01443	0.00983	0.00823	0.00923	0.00213	0.14759	0.00508	0.04540	0.02892
94	0.09454	0.19078	0.40225	0.01647	0.02443	0.06663	0.01917	0.02176	0.01504	0.02166	0.01541	0.01705	0.05189	0.00734	0.00612	0.00207	0.00911	0.00536	0.00342	0.00950
95	0.01204	0.00780	0.00918	0.00905	0.01077	0.00723	0.00641	0.01422	0.04078	0.09306	0.08730	0.19367	0.23839	0.20105	0.01540	0.00363	0.00495	0.03224	0.00638	0.00646
96	0.01598	0.02712	0.33349	0.02506	0.05449	0.04156	0.30517	0.02248	0.01574	0.02215	0.01321	0.01687	0.00989	0.00682	0.00856	0.00236	0.05916	0.00669	0.00331	0.00990
97	0.01699	0.01743	0.05089	0.03086	0.30324	0.03889	0.20190	0.04702	0.05648	0.02382	0.01838	0.02801	0.01623	0.00863	0.00784	0.00239	0.00917	0.10749	0.00435	0.00999
98	0.01371	0.01292	0.02182	0.68995	0.08971	0.01589	0.01990	0.01842	0.01436	0.01851	0.01270	0.01890	0.00960	0.00707	0.00711	0.00236	0.00943	0.00633	0.00319	0.00812
99	0.01009	0.00698	0.00864	0.00931	0.01073	0.00628	0.00665	0.01185	0.01548	0.05681	0.11430	0.42232	0.23348	0.01950	0.00875	0.00266	0.00409	0.03892	0.00685	0.00631
100	0.01494	0.06105	0.56843	0.02217	0.05464	0.01720	0.11801	0.02252	0.01530	0.02239	0.01292	0.01558	0.00936	0.00662	0.00692	0.00224	0.01055	0.00569	0.00311	0.01037
101	0.04006	0.05340	0.67360	0.01974	0.02996	0.01680	0.02536	0.02247	0.01492	0.02272	0.01262	0.01483	0.00898	0.00674	0.00664	0.00224	0.01029	0.00518	0.00305	0.01040
102	0.00893	0.00655	0.00877	0.01024	0.01064	0.00638	0.00694	0.01018	0.01353	0.01814	0.03813	0.71791	0.04569	0.02194	0.00962	0.00290	0.03144	0.01972	0.00648	0.00586
103	0.02319	0.01787	0.04218	0.01527	0.01998	0.06834	0.01256	0.18780	0.29589	0.16745	0.02315	0.02191	0.01667	0.00910	0.00792	0.00229	0.04323	0.00705	0.00692	0.01122
104	0.02221	0.01439	0.01613	0.01309	0.01727	0.01521	0.01053	0.36873	0.02587	0.12383	0.09496	0.08621	0.02269	0.01038	0.00711	0.00215	0.00613	0.00843	0.12452	0.01016
105	0.10230	0.39239	0.17105	0.01400	0.02031	0.10635	0.01441	0.02170	0.01513	0.01983	0.01449	0.01590	0.05192	0.00718	0.00547	0.00184	0.00837	0.00490	0.00348	0.00897
106	0.01547	0.01115	0.01051	0.00984	0.01199	0.07781	0.00735	0.11027	0.01795	0.02644	0.06557	0.13423	0.02427	0.05057	0.00793	0.00225	0.00520	0.00903	0.39485	0.00732
107	0.01169	0.00728	0.00940	0.01013	0.01133	0.00676	0.00704	0.02976	0.01491	0.09320	0.03893	0.58025	0.08361	0.04735	0.00980	0.00292	0.00450	0.01779	0.00677	0.00659
108	0.04113	0.02833	0.44854	0.02166	0.11816	0.03797	0.04311	0.02125	0.01608	0.02369	0.11462	0.02097	0.01795	0.00785	0.00701	0.00222	0.00914	0.00657	0.00388	0.00986
109	0.01392	0.02049	0.21089	0.02173	0.02820	0.01435	0.32464	0.01930	0.01576	0.02161	0.02420	0.14094	0.09059	0.01014	0.00808	0.00244	0.00943	0.01020	0.00425	0.00884
110	0.01803	0.01723	0.02957	0.06271	0.56683	0.01734	0.09196	0.06568	0.01736	0.02449	0.01372	0.01780	0.01123	0.00648	0.00720	0.00216	0.00883	0.00657	0.00376	0.01105
111	0.01407	0.01896	0.18791	0.25328	0.20534	0.01488	0.04260	0.01914	0.01532	0.02085	0.02184	0.02512	0.11366	0.00843	0.00726	0.00228	0.00868	0.00745	0.00375	0.00917
112	0.01182	0.01039	0.01482	0.03410	0.01617	0.04708	0.11535	0.01445	0.03600	0.01886	0.02931	0.40448	0.03279	0.13546	0.01297	0.00333	0.00649	0.01459	0.03498	0.00656
113	0.02236	0.02494	0.01805	0.01627	0.01969	0.40702	0.01238	0.10237	0.12121	0.02258	0.01945	0.09614	0.03898	0.00999	0.00763	0.00214	0.03759	0.00742	0.00500	0.00879
114	0.02156	0.38735	0.04272	0.01237	0.01755	0.04302	0.01128	0.02404	0.01653	0.22193	0.04252	0.09569	0.01773	0.00899	0.00607	0.00192	0.00688	0.00694	0.00532	0.00958
115	0.02339	0.01566	0.01859	0.01804	0.10777	0.03984	0.01272	0.10372	0.30441	0.23949	0.02480	0.02321	0.01766	0.00877	0.00715	0.00226	0.00661	0.00726	0.00711	0.01152
116	0.00881	0.00628	0.00831	0.00979	0.01026	0.00587	0.00654	0.01012	0.01387	0.01859	0.07427	0.68434	0.04746	0.04646	0.00997	0.00299	0.00418	0.01951	0.00660	0.00578
117	0.01619	0.01753	0.03610	0.13621	0.13285	0.01717	0.46841	0.02161	0.01625	0.02205	0.01472	0.03995	0.01173	0.00669	0.00804	0.00237	0.01090	0.00814	0.00361	0.00948
118	0.03934	0.01265	0.01317	0.01167	0.01522	0.04960	0.00929	0.12370	0.10384	0.12706	0.04148	0.04478	0.26108	0.03491	0.00863	0.00252	0.00584	0.07973	0.00680	0.00870
119	0.01935	0.54920	0.09119	0.01662	0.09342	0.06445	0.01443	0.02233	0.01522	0.04139	0.01119	0.01290	0.00965	0.00634	0.00521	0.00169	0.00819	0.00436	0.00332	0.00953
120	0.00975	0.00769	0.01193	0.01215	0.01337	0.00722	0.07441	0.01169	0.01436	0.01920	0.05672	0.59991	0.04360	0.02024	0.00906	0.00285	0.00508	0.06818	0.00634	0.00625
121	0.02510	0.12630	0.11989	0.01330	0.01921	0.01360	0.01262	0.02865	0.01870	0.43333	0.09558	0.02410	0.02044	0.00873	0.00685	0.00211	0.00665	0.00700	0.00700	0.01086
122	0.03736	0.01801	0.02280	0.10017	0.36746	0.14420	0.01753	0.02185	0.03452	0.02224	0.06104	0.02539	0.01747	0.00853	0.00724	0.00222	0.00869	0.06952	0.00421	0.00954
123	0.01492	0.01937	0.13997	0.02448	0.04756	0.01588	0.39323	0.02012	0.01547	0.02151	0.01762	0.12592	0.01604	0.01059	0.03352	0.00280	0.05865	0.00944	0.00393	0.00900
124	0.01487	0.12858	0.48329	0.02061	0.09453	0.01723	0.02227	0.02138	0.01521	0.02165	0.01612	0.02094	0.03502	0.00787	0.00676	0.00222	0.00943	0.04861	0.00342	0.01000
125	0.01550	0.09745	0.34711	0.13149	0.15563	0.01779	0.09339	0.02168	0.01526	0.02149	0.01277	0.01619	0.00970	0.00659	0.00683	0.00219	0.00987	0.00581	0.00319	0.01004
126	0.01465	0.02060	0.19085	0.02211	0.02812	0.03863	0.32154	0.01963	0.01544	0.02110	0.01897	0.17173	0.01803	0.01045	0.00911	0.02805	0.02832	0.00991	0.00407	0.00871
127	0.02221	0.13565	0.02079	0.01558	0.01961	0.41100	0.01225	0.05056	0.11880	0.02035	0.02029	0.02080	0.08569	0.00869	0.00651	0.00195	0.00982	0.00617	0.00455	0.00873
128	0.01522	0.05611	0.53887	0.10498	0.07529	0.01665	0.02419	0.02240	0.01520	0.04752	0.01328	0.01588	0.00955	0.00683	0.00677	0.00223	0.01000	0.00548	0.00328	0.01028
129	0.02058	0.04436	0.01723	0.01497	0.04137	0.14986	0.01132	0.09887	0.23755	0.10993	0.06932	0.05158	0.08180	0.01024	0.00720	0.00221	0.00709	0.00823	0.00642	0.00987
130	0.01072	0.00737	0.00880	0.00878	0.00919	0.00759	0.00550	0.03239	0.01156	0.01561	0.02329	0.10606	0.02616	0.55699	0.13419	0.00706	0.00848	0.01072	0.00454	0.00500
131	0.01918	0.01557	0.02556	0.13196	0.48837	0.01584	0.01949	0.02386	0.04202	0.12441	0.01605	0.01912	0.01237	0.00694	0.00708	0.00217	0.00814	0.00653	0.00440	0.01094
132	0.03642	0.02245	0.21775	0.05724	0.40004	0.01689	0.10222	0.02202	0.01579	0.02307	0.01323	0.01699	0.01045	0.00645	0.00707	0.00220	0.00941	0.00623	0.00340	0.01067
133	0.00986	0.00727	0.00921	0.00873	0.01050	0.00663	0.00655	0.01301	0.01964	0.02732	0.61839	0.05522	0.15114	0.01502	0.00840	0.00226	0.00339	0.01316	0.00768	0.00663
134	0.00942	0.00735	0.00805	0.00781	0.01010	0.00631	0.00588	0.01166	0.01738	0.03830	0.23872	0.06338	0.51682	0.01689	0.00838	0.00236	0.00360	0.01427	0.00699	0.00635
135	0.05002	0.16192	0.12539	0.01698	0.02161	0.31512	0.01522	0.02487	0.05834	0.01932	0.01189	0.01412	0.00989	0.00791	0.00865	0.00208	0.11923	0.00498	0.00362	0.00885
136	0.01742	0.01662	0.02831	0.04267	0.68192	0.01662	0.02150	0.02161	0.01622	0.02320	0.01422	0.01975	0.01229	0.00680	0.00714	0.00215	0.00839	0.02842	0.00363	0.01112
137	0.01025	0.00686	0.00780	0.00790	0.00793	0.00683	0.00446	0.01033	0.01056	0.01408	0.02348	0.08988	0.02720	0.70468	0.03456	0.00665	0.00673	0.01097	0.00446	0.00441
138	0.01044	0.02742	0.01154	0.01087	0.01207	0.00909	0.00825	0.01257	0.01135	0.01610	0.01937	0.03053	0.01887	0.16419	0.59214	0.01045	0.01681	0.00797	0.00387	0.00610
139	0.04198	0.18257	0.38399	0.02166	0.10052	0.04294	0.08728	0.02239	0.01530	0.02157	0.01225	0.01479	0.00943	0.00652	0.00641	0.00209	0.00975	0.00532	0.00320	0.01005
140	0.00842	0.00721	0.00721	0.00721	0.00962	0.00601	0.00541	0.01022	0.01623	0.01924	0.07213	0.06853	0.70244	0.01803	0.00842	0.00240	0.00361	0.01503	0.00661	0.00601
141	0.03620	0.01269	0.02104	0.71171	0.04802	0.01582	0.01943	0.01827	0.01418	0.01859	0.01258	0.01877	0.00944	0.00710	0.00704	0.00237	0.00938	0.00626	0.00320	0.00790
142	0.01628	0.01760	0.03555	0.08614	0.13445	0.01759	0.44979	0.02138	0.01590	0.02186	0.01452	0.04315	0.01187	0.00725	0.00942	0.00243	0.07363	0.00815	0.00362	0.00943
143	0.04878	0.04497	0.02716	0.02039	0.02475	0.08666	0.24550	0.02285	0.01561	0.12233	0.01486	0.01838	0.01161	0.01130	0.06015	0.00302	0.17814	0.00682	0.00431	0.03240
144	0.02559	0.01741	0.01922	0.01512	0.02022	0.01884	0.01229	0.49323	0.07300	0.13217	0.02074	0.05877	0.01582	0.03361	0.00819	0.00236	0.00722	0.00749	0.00724	0.01146
145	0.01292	0.00877	0.01069	0.01044	0.01235	0.00859	0.00767	0.07960	0.01668	0.05993	0.07808	0.39788	0.08036	0.01656	0.00851	0.00247	0.02934	0.01444	0.09078	0.05394
146	0.10825	0.02335	0.27551	0.09692	0.11705	0.05942	0.01855	0.04613	0.01551	0.02371	0.01414	0.04107	0.01142	0.00779	0.00738	0.00223	0.04779	0.00603	0.06844	0.00930
147	0.31077	0.15704	0.25315	0.01367	0.02031	0.01759	0.01485	0.02152	0.01437	0.04928	0.05824	0.01596	0.01278	0.00718	0.00560	0.00210	0.00747	0.00505	0.00407	0.00901
148	0.01324	0.08929	0.01329	0.00992	0.01212	0.01137	0.00741	0.11109	0.01608	0.02089	0.05664	0.08203	0.16175	0.27538	0.08509	0.00473	0.00730	0.01043	0.00528	0.00670

[dist]
# distance from previous block
# <min> <max>
0	12

[block]
# block no. 2 follows, 29 sequences, length 23
# corresponding to MSA columns:
# 233-255
name=unknown_C
#
# <colnr> <probs for GDERKNQSTAVLIFYWHMCP>
#	G	D	E	R	K	N	Q	S	T	A	V	L	I	F	Y	W	H	M	C	P
0	0.01950	0.55282	0.12685	0.01405	0.02052	0.08399	0.01432	0.06131	0.01615	0.01927	0.01081	0.01237	0.00930	0.00643	0.00517	0.00169	0.00846	0.00422	0.00333	0.00943
1	0.01675	0.01049	0.01297	0.01196	0.01504	0.01055	0.00963	0.02413	0.18812	0.16737	0.22778	0.04698	0.06106	0.01338	0.00817	0.00251	0.00519	0.15145	0.00757	0.00892
2	0.02647	0.02139	0.02092	0.01651	0.02187	0.10752	0.01343	0.56406	0.07019	0.04063	0.01704	0.01713	0.01231	0.00846	0.00704	0.00212	0.00832	0.00628	0.00671	0.01159
3	0.01152	0.00624	0.00915	0.00949	0.00963	0.00621	0.00638	0.00955	0.01026	0.01373	0.01818	0.17123	0.01975	0.02538	0.05170	0.59853	0.00628	0.00914	0.00385	0.00378
4	0.01756	0.43824	0.23119	0.01548	0.02210	0.04967	0.01672	0.02148	0.01445	0.01850	0.01072	0.01298	0.00913	0.00703	0.00734	0.00192	0.08855	0.00452	0.00307	0.00936
5	0.01747	0.33995	0.25035	0.03525	0.02422	0.08287	0.05561	0.02262	0.04053	0.02004	0.04121	0.01568	0.01213	0.00693	0.00599	0.00192	0.00906	0.00522	0.00348	0.00948
6	0.01762	0.01692	0.02890	0.04371	0.70533	0.01692	0.02185	0.02185	0.01621	0.02326	0.01339	0.01762	0.01128	0.00634	0.00705	0.00211	0.00846	0.00634	0.00352	0.01128
7	0.01360	0.00721	0.00734	0.00714	0.00882	0.00730	0.00528	0.04369	0.01532	0.02625	0.02291	0.02783	0.01863	0.07011	0.00767	0.00212	0.00380	0.00694	0.69137	0.00667
8	0.15259	0.01440	0.06727	0.01284	0.01800	0.01272	0.02809	0.02901	0.12763	0.34120	0.02859	0.02659	0.09153	0.00938	0.00686	0.00227	0.00612	0.00752	0.00701	0.01039
9	0.01596	0.01018	0.01170	0.07582	0.01545	0.01106	0.00855	0.14396	0.05328	0.02790	0.02035	0.02371	0.01597	0.01144	0.03620	0.06614	0.00573	0.00664	0.43222	0.00774
10	0.00868	0.00620	0.00826	0.00991	0.01033	0.00578	0.00661	0.00991	0.01363	0.01818	0.03925	0.74510	0.04710	0.02231	0.00909	0.00289	0.00413	0.02024	0.00661	0.00578
11	0.00880	0.00632	0.00853	0.01004	0.01053	0.00604	0.00680	0.01015	0.01345	0.01804	0.03756	0.68533	0.04465	0.02490	0.06847	0.00360	0.00538	0.01919	0.00638	0.00583
12	0.05974	0.17505	0.02374	0.01644	0.01902	0.18140	0.01372	0.04708	0.01480	0.01902	0.01097	0.03325	0.01029	0.00976	0.01355	0.00240	0.33233	0.00560	0.00355	0.00829
13	0.05807	0.71704	0.03597	0.01204	0.01805	0.02757	0.01196	0.02130	0.01435	0.01751	0.00990	0.01143	0.00907	0.00612	0.00456	0.00156	0.00751	0.00381	0.00311	0.00907
14	0.01797	0.01426	0.01597	0.01216	0.01764	0.01315	0.00977	0.23552	0.02099	0.02975	0.02049	0.05889	0.07068	0.00832	0.00635	0.00162	0.00592	0.00670	0.00550	0.42836
15	0.03804	0.01790	0.14273	0.01631	0.06244	0.01382	0.04135	0.12132	0.05883	0.19089	0.05150	0.02536	0.08497	0.00891	0.00704	0.00211	0.00704	0.00739	0.00603	0.09603
16	0.01481	0.11699	0.63735	0.01939	0.02942	0.01784	0.02473	0.02241	0.01497	0.02190	0.01246	0.01463	0.00903	0.00669	0.00652	0.00217	0.01020	0.00510	0.00301	0.01037
17	0.01602	0.01116	0.01376	0.01315	0.01580	0.01161	0.01088	0.19724	0.02082	0.04664	0.08495	0.11122	0.03328	0.01644	0.00997	0.05270	0.00640	0.31334	0.00667	0.00796
18	0.01237	0.00618	0.00928	0.00928	0.00928	0.00618	0.00618	0.00928	0.00928	0.01237	0.01237	0.02165	0.01237	0.02474	0.02783	0.79283	0.00618	0.00618	0.00309	0.00309
19	0.02388	0.01809	0.01928	0.01544	0.02051	0.02021	0.01254	0.47401	0.21640	0.03989	0.02067	0.02014	0.01505	0.00885	0.00707	0.00219	0.00703	0.00688	0.04023	0.01164
20	0.01033	0.00700	0.00828	0.00828	0.00845	0.00718	0.00495	0.01068	0.01051	0.01419	0.02197	0.04401	0.02476	0.65300	0.13146	0.00753	0.00859	0.00998	0.00425	0.00460
21	0.02501	0.02995	0.01983	0.05344	0.02282	0.57548	0.01375	0.09064	0.02066	0.02009	0.01216	0.01446	0.00999	0.01018	0.04901	0.00246	0.01256	0.00503	0.00399	0.00850
22	0.01878	0.47476	0.07093	0.05111	0.02056	0.12679	0.01316	0.02228	0.04284	0.01878	0.06879	0.01633	0.01450	0.00722	0.00553	0.00175	0.00822	0.00507	0.00371	0.00891

[dist]
# distance from previous block
# <min> <max>
0	4

[block]
# block no. 3 follows, 29 sequences, length 19
# corresponding to MSA columns:
# 260-278
name=unknown_D
#
# <colnr> <probs for GDERKNQSTAVLIFYWHMCP>
#	G	D	E	R	K	N	Q	S	T	A	V	L	I	F	Y	W	H	M	C	P
0	0.02096	0.01452	0.01647	0.01356	0.01841	0.01506	0.01082	0.11893	0.32454	0.16442	0.02393	0.02279	0.01749	0.01027	0.03467	0.00245	0.00647	0.00696	0.00687	0.15041
1	0.02608	0.01936	0.02084	0.01592	0.02167	0.02108	0.01313	0.62852	0.03198	0.04314	0.01674	0.01691	0.01198	0.00829	0.00698	0.00205	0.00763	0.00624	0.00689	0.07458
2	0.01771	0.01530	0.01610	0.01449	0.01852	0.01771	0.01127	0.03784	0.69247	0.02979	0.02898	0.02657	0.02174	0.00966	0.00725	0.00242	0.00564	0.00805	0.00725	0.01127
3	0.02522	0.01754	0.01921	0.01506	0.02002	0.01905	0.01219	0.53855	0.02952	0.09832	0.01965	0.05943	0.01553	0.06558	0.00944	0.00255	0.00741	0.00752	0.00703	0.01118
4	0.01788	0.05062	0.12203	0.08875	0.46063	0.09396	0.02104	0.02237	0.01626	0.02188	0.01285	0.01660	0.01052	0.00656	0.00685	0.00210	0.00927	0.00590	0.00342	0.01050
5	0.01017	0.00763	0.01144	0.01144	0.01272	0.00890	0.00890	0.01272	0.01144	0.01653	0.01907	0.02797	0.01780	0.05340	0.72153	0.01144	0.01907	0.00763	0.00381	0.00636
6	0.00884	0.00723	0.00780	0.00766	0.00988	0.00619	0.00574	0.01104	0.01723	0.02162	0.23287	0.06461	0.54022	0.01715	0.00841	0.00236	0.00354	0.01448	0.00693	0.00619
7	0.02578	0.04143	0.01918	0.01467	0.01981	0.07107	0.01199	0.36333	0.07231	0.19306	0.02416	0.02300	0.06893	0.00927	0.00711	0.00215	0.00731	0.00716	0.00709	0.01118
8	0.03090	0.01380	0.01757	0.01347	0.01902	0.01296	0.01113	0.17377	0.02320	0.56722	0.02573	0.02270	0.01644	0.00876	0.00715	0.00219	0.00644	0.00700	0.00845	0.01212
9	0.00868	0.00620	0.00826	0.00991	0.01033	0.00578	0.00661	0.00991	0.01363	0.01818	0.03925	0.74510	0.04710	0.02231	0.00909	0.00289	0.00413	0.02024	0.00661	0.00578
10	0.01469	0.03429	0.62193	0.02269	0.08511	0.01665	0.06123	0.02251	0.01522	0.02262	0.01292	0.01547	0.00930	0.00669	0.00688	0.00225	0.01044	0.00552	0.00308	0.01053
11	0.15422	0.06593	0.55669	0.01798	0.02721	0.01698	0.02235	0.02221	0.01449	0.02395	0.01214	0.01425	0.00879	0.00671	0.00624	0.00221	0.00950	0.00494	0.00326	0.00996
12	0.07456	0.03072	0.49346	0.02187	0.03111	0.01686	0.18660	0.02249	0.01525	0.02333	0.01296	0.01580	0.00936	0.00656	0.00699	0.00229	0.01051	0.00593	0.00326	0.01008
13	0.00906	0.00650	0.00861	0.00965	0.01041	0.00604	0.00664	0.01089	0.01544	0.02105	0.22240	0.55377	0.05265	0.02017	0.00890	0.00271	0.00392	0.01821	0.00695	0.00604
14	0.12127	0.06619	0.53357	0.04868	0.02889	0.01703	0.04496	0.02210	0.01464	0.02338	0.01230	0.01470	0.00893	0.00670	0.00641	0.00222	0.00971	0.00515	0.00323	0.00993
15	0.01748	0.01494	0.02070	0.12876	0.20254	0.01628	0.03358	0.08929	0.24264	0.04638	0.02323	0.04962	0.04382	0.00926	0.00738	0.00234	0.00724	0.02871	0.00553	0.01029
16	0.01073	0.00748	0.00978	0.01022	0.01161	0.00715	0.00758	0.01398	0.04821	0.04506	0.30264	0.33253	0.05227	0.01788	0.00876	0.00263	0.00425	0.09335	0.00719	0.00670
17	0.01558	0.01452	0.02404	0.45325	0.28146	0.01651	0.02022	0.05104	0.01586	0.02127	0.01313	0.01841	0.01025	0.00691	0.00709	0.00227	0.00905	0.00634	0.00348	0.00931
18	0.02140	0.02214	0.02272	0.04872	0.28228	0.24781	0.01632	0.14196	0.02057	0.02477	0.01795	0.02007	0.06596	0.00803	0.00697	0.00206	0.00943	0.00647	0.00446	0.00991

[dist]
# distance from previous block
# <min> <max>
0	3

[block]
# block no. 4 follows, 29 sequences, length 34
# corresponding to MSA columns:
# 282-315
name=unknown_E
#
# <colnr> <probs for GDERKNQSTAVLIFYWHMCP>
#	G	D	E	R	K	N	Q	S	T	A	V	L	I	F	Y	W	H	M	C	P
0	0.02355	0.15506	0.02223	0.01649	0.02037	0.50654	0.01296	0.04305	0.01862	0.01795	0.01184	0.01433	0.01017	0.01209	0.08266	0.00282	0.01247	0.00483	0.00367	0.00831
1	0.00868	0.00620	0.00826	0.00991	0.01033	0.00578	0.00661	0.00991	0.01363	0.01818	0.03925	0.74510	0.04710	0.02231	0.00909	0.00289	0.00413	0.02024	0.00661	0.00578
2	0.01624	0.01798	0.03796	0.15406	0.06105	0.01759	0.54200	0.02197	0.01634	0.02201	0.01407	0.01912	0.01059	0.00621	0.00813	0.00239	0.01145	0.00797	0.00352	0.00936
3	0.02611	0.02763	0.02027	0.01733	0.02166	0.43071	0.01348	0.27205	0.02480	0.02766	0.01361	0.01505	0.01062	0.00967	0.03582	0.00234	0.01122	0.00539	0.00497	0.00962
4	0.01711	0.01640	0.02798	0.12788	0.62515	0.01678	0.02160	0.02141	0.01597	0.02264	0.01330	0.01779	0.01106	0.00644	0.00706	0.00215	0.00859	0.00634	0.00348	0.01087
5	0.00935	0.00702	0.01014	0.01104	0.01186	0.00661	0.04026	0.01092	0.01383	0.01843	0.03713	0.63007	0.04389	0.05478	0.01036	0.00308	0.00482	0.06411	0.00635	0.00596
6	0.01421	0.01427	0.02673	0.50216	0.04408	0.01604	0.20799	0.01918	0.01495	0.01951	0.01424	0.04863	0.01140	0.00742	0.00757	0.00240	0.00999	0.00749	0.00343	0.00831
7	0.01058	0.00761	0.01022	0.01046	0.01212	0.00725	0.00843	0.01391	0.01880	0.02594	0.46230	0.06297	0.05774	0.01640	0.00892	0.00261	0.00451	0.24518	0.00738	0.00666
8	0.80005	0.01377	0.01047	0.00936	0.01377	0.01597	0.00771	0.02093	0.01212	0.03195	0.00991	0.01157	0.00771	0.00661	0.00441	0.00220	0.00551	0.00386	0.00441	0.00771
9	0.00902	0.00626	0.00841	0.00981	0.01027	0.00587	0.00659	0.01008	0.01372	0.01840	0.07753	0.65214	0.04587	0.02201	0.01037	0.05853	0.00423	0.01881	0.00644	0.00565
10	0.01467	0.09588	0.65724	0.01963	0.02979	0.01750	0.02515	0.02245	0.01499	0.02207	0.01254	0.01474	0.00903	0.00671	0.00658	0.00219	0.01028	0.00514	0.00301	0.01041
11	0.00842	0.00721	0.00721	0.00721	0.00962	0.00601	0.00541	0.01022	0.01623	0.01924	0.07213	0.06853	0.70244	0.01803	0.00842	0.00240	0.00361	0.01503	0.00661	0.00601
12	0.01428	0.03683	0.71286	0.02030	0.03082	0.01654	0.02631	0.02255	0.01503	0.02255	0.01278	0.01503	0.00902	0.00677	0.00677	0.00226	0.01052	0.00526	0.00301	0.01052
13	0.02487	0.03066	0.02186	0.02322	0.15340	0.58576	0.01531	0.02717	0.01942	0.01855	0.01147	0.01376	0.00958	0.00715	0.00654	0.00189	0.01200	0.00492	0.00364	0.00884
14	0.01558	0.01558	0.02181	0.01869	0.01869	0.02181	0.01558	0.01714	0.01091	0.01714	0.00935	0.01558	0.00935	0.01246	0.02337	0.00312	0.73672	0.00623	0.00312	0.00779
15	0.00868	0.00620	0.00826	0.00991	0.01033	0.00578	0.00661	0.00991	0.01363	0.01818	0.03925	0.74510	0.04710	0.02231	0.00909	0.00289	0.00413	0.02024	0.00661	0.00578
16	0.01762	0.01692	0.02890	0.04371	0.70533	0.01692	0.02185	0.02185	0.01621	0.02326	0.01339	0.01762	0.01128	0.00634	0.00705	0.00211	0.00846	0.00634	0.00352	0.01128
17	0.04494	0.01675	0.02779	0.10702	0.52861	0.01721	0.06047	0.06802	0.01713	0.02456	0.01352	0.01761	0.01101	0.00656	0.00705	0.00216	0.00863	0.00639	0.00378	0.01078
18	0.04066	0.01494	0.02468	0.27515	0.37341	0.01610	0.03866	0.04268	0.01626	0.02285	0.05526	0.02010	0.01399	0.00719	0.00711	0.00222	0.00849	0.00672	0.00382	0.00971
19	0.01008	0.00728	0.00952	0.00896	0.01064	0.00672	0.00672	0.01344	0.02016	0.02855	0.70158	0.05319	0.06719	0.01456	0.00840	0.00224	0.00336	0.01288	0.00784	0.00672
20	0.04413	0.01554	0.01984	0.40575	0.03511	0.09167	0.01636	0.07120	0.01635	0.06969	0.01395	0.01827	0.01059	0.00804	0.00877	0.00233	0.09481	0.00613	0.04299	0.00848
21	0.04346	0.19875	0.23493	0.01483	0.02147	0.01645	0.03396	0.02399	0.01661	0.20040	0.07574	0.05461	0.01805	0.00851	0.00656	0.00210	0.00764	0.00681	0.00517	0.00994
22	0.00868	0.00620	0.00826	0.00991	0.01033	0.00578	0.00661	0.00991	0.01363	0.01818	0.03925	0.74510	0.04710	0.02231	0.00909	0.00289	0.00413	0.02024	0.00661	0.00578
