[name]
unknown

[dist]
# distance from previous block
# <min> <max>
0	14

[block]
# block no. 0 follows, 28 sequences, length 8
# corresponding to MSA columns:
# 14-21
name=unknown_A
#
# <colnr> <probs for GDERKNQSTAVLIFYWHMCP>
#	G	D	E	R	K	N	Q	S	T	A	V	L	I	F	Y	W	H	M	C	P
0	0.01112	0.00811	0.01089	0.01204	0.01382	0.00788	0.01026	0.01429	0.01724	0.02249	0.13233	0.07669	0.12918	0.01916	0.00966	0.00309	0.00586	0.48240	0.00688	0.00664
1	0.01578	0.01500	0.02586	0.47967	0.14692	0.01705	0.10885	0.06341	0.01651	0.02182	0.01358	0.01907	0.01033	0.00709	0.00744	0.00237	0.00976	0.00676	0.00362	0.00913
2	0.01647	0.01702	0.03309	0.17405	0.24175	0.01712	0.31143	0.02165	0.01642	0.02241	0.01515	0.02200	0.01236	0.00712	0.00796	0.00240	0.01037	0.03770	0.00370	0.00983
3	0.01373	0.01292	0.02180	0.72707	0.05006	0.01615	0.02019	0.01857	0.01453	0.01857	0.01292	0.01938	0.00969	0.00727	0.00727	0.00242	0.00969	0.00646	0.00323	0.00807
4	0.01684	0.01652	0.02814	0.09605	0.32316	0.01688	0.14447	0.02182	0.04400	0.02283	0.01396	0.01821	0.01141	0.00710	0.00889	0.00221	0.08081	0.00665	0.00379	0.11626
5	0.02365	0.06642	0.02329	0.05114	0.16023	0.29749	0.01562	0.10982	0.05013	0.06875	0.01441	0.01639	0.01135	0.00788	0.00782	0.00210	0.05320	0.00574	0.00459	0.00997
6	0.04672	0.04462	0.01674	0.01276	0.01756	0.01351	0.01034	0.12018	0.11163	0.27521	0.10272	0.06358	0.02378	0.00990	0.00715	0.00215	0.00592	0.00813	0.00737	0.10005
7	0.10024	0.09534	0.01812	0.01408	0.04190	0.07873	0.01087	0.16568	0.04317	0.11599	0.08079	0.12155	0.06164	0.01112	0.00710	0.00224	0.00675	0.00896	0.00627	0.00945

[dist]
# distance from previous block
# <min> <max>
12	32

[block]
# block no. 1 follows, 28 sequences, length 7
# corresponding to MSA columns:
# 54-60
name=unknown_B
#
# <colnr> <probs for GDERKNQSTAVLIFYWHMCP>
#	G	D	E	R	K	N	Q	S	T	A	V	L	I	F	Y	W	H	M	C	P
0	0.02183	0.09145	0.09409	0.02065	0.11222	0.10091	0.05555	0.21175	0.02174	0.06940	0.01599	0.04738	0.01287	0.00821	0.00745	0.00210	0.03155	0.00656	0.00508	0.06321
1	0.01970	0.02392	0.17659	0.02295	0.13844	0.09664	0.08184	0.15195	0.06528	0.02763	0.01507	0.01712	0.01149	0.00718	0.00698	0.00207	0.00921	0.00607	0.00458	0.11529
2	0.01819	0.11002	0.07781	0.04633	0.14107	0.11739	0.05791	0.09016	0.01757	0.02220	0.01906	0.02433	0.06736	0.10555	0.01186	0.00281	0.04994	0.00720	0.00424	0.00902
3	0.06312	0.01458	0.01691	0.05853	0.06769	0.01571	0.01151	0.29990	0.02248	0.03160	0.02115	0.02612	0.05755	0.11607	0.05650	0.00343	0.00792	0.00751	0.05834	0.04340
4	0.09047	0.13032	0.01983	0.05011	0.06762	0.08103	0.01190	0.10707	0.07246	0.04714	0.04667	0.07258	0.04496	0.01447	0.08476	0.00318	0.00866	0.00755	0.00515	0.03407
5	0.01508	0.01203	0.01573	0.07656	0.01886	0.03375	0.05049	0.08451	0.01669	0.05544	0.04991	0.17529	0.05280	0.12863	0.01388	0.00321	0.06575	0.05093	0.00549	0.07496
6	0.01489	0.03594	0.01385	0.01292	0.05655	0.06423	0.00884	0.06678	0.04860	0.02204	0.02441	0.12074	0.05935	0.17991	0.04151	0.00353	0.00696	0.00934	0.08256	0.12706

[dist]
# distance from previous block
# <min> <max>
1	2

[block]
# block no. 2 follows, 28 sequences, length 41
# corresponding to MSA columns:
# 63-103
name=unknown_C
#
# <colnr> <probs for GDERKNQSTAVLIFYWHMCP>
#	G	D	E	R	K	N	Q	S	T	A	V	L	I	F	Y	W	H	M	C	P
0	0.01847	0.05029	0.06409	0.01423	0.01876	0.04414	0.01216	0.20594	0.05610	0.02867	0.01998	0.11761	0.01830	0.01054	0.00834	0.00216	0.06516	0.03562	0.04679	0.16267
1	0.01787	0.01851	0.05273	0.19364	0.39185	0.07591	0.02033	0.04192	0.04721	0.02276	0.01395	0.01811	0.01127	0.00721	0.00778	0.00225	0.03624	0.00636	0.00377	0.01033
2	0.01710	0.04352	0.02452	0.33594	0.27812	0.11073	0.01936	0.02117	0.01615	0.02032	0.01489	0.01945	0.03323	0.00735	0.00710	0.00222	0.00950	0.00643	0.00355	0.00934
3	0.00990	0.00773	0.00902	0.00872	0.01079	0.00704	0.00653	0.01338	0.04901	0.02494	0.38738	0.08656	0.31975	0.01638	0.00855	0.00239	0.00367	0.01411	0.00742	0.00674
4	0.01036	0.00699	0.00814	0.00834	0.00844	0.00699	0.00487	0.01061	0.01101	0.01474	0.02481	0.12924	0.02868	0.63126	0.06059	0.00674	0.00720	0.01166	0.00466	0.00467
5	0.04599	0.00882	0.01124	0.01112	0.01316	0.00867	0.00822	0.01830	0.06508	0.15426	0.05877	0.35228	0.03508	0.06487	0.07635	0.00381	0.00645	0.04303	0.00678	0.00770
6	0.00954	0.00699	0.00853	0.00943	0.01025	0.00664	0.00630	0.01143	0.03794	0.01872	0.06937	0.45639	0.13430	0.16192	0.01448	0.00363	0.00471	0.01719	0.00637	0.00589
7	0.01355	0.00678	0.00678	0.00678	0.00847	0.00678	0.00508	0.01694	0.01524	0.02710	0.02371	0.02710	0.01863	0.00847	0.00508	0.00169	0.00339	0.00678	0.78489	0.00678
8	0.00899	0.00641	0.00849	0.01000	0.01047	0.00599	0.00668	0.01033	0.01416	0.01897	0.07416	0.68045	0.04844	0.04642	0.01016	0.00305	0.00427	0.01993	0.00674	0.00590
9	0.11717	0.01106	0.01358	0.01107	0.01529	0.01024	0.00882	0.02729	0.01818	0.42743	0.07849	0.02960	0.04600	0.08408	0.00996	0.00270	0.00570	0.00794	0.06544	0.00996
10	0.01077	0.00750	0.00871	0.00861	0.00924	0.00744	0.00546	0.01238	0.03821	0.01804	0.15140	0.05032	0.06145	0.52311	0.02838	0.00566	0.00617	0.03648	0.00537	0.00529
11	0.01373	0.01292	0.02180	0.72707	0.05006	0.01615	0.02019	0.01857	0.01453	0.01857	0.01292	0.01938	0.00969	0.00727	0.00727	0.00242	0.00969	0.00646	0.00323	0.00807
12	0.01040	0.00764	0.00941	0.00984	0.01135	0.00722	0.00760	0.01266	0.01613	0.02107	0.17788	0.06584	0.20524	0.17715	0.01528	0.00372	0.00536	0.22366	0.00647	0.00609
13	0.01410	0.00845	0.01062	0.00984	0.01231	0.00768	0.00745	0.01741	0.04283	0.14891	0.33449	0.15137	0.17515	0.01545	0.00841	0.00242	0.00418	0.01343	0.00774	0.00775
14	0.02715	0.03464	0.02060	0.01873	0.02247	0.71536	0.01404	0.02903	0.02060	0.01779	0.01124	0.01311	0.00936	0.00749	0.00655	0.00187	0.01311	0.00468	0.00375	0.00843
15	0.06366	0.01558	0.01854	0.01427	0.01993	0.01558	0.01179	0.28567	0.02569	0.41693	0.02347	0.02132	0.01535	0.00879	0.00717	0.00222	0.00687	0.00686	0.00813	0.01217
16	0.00938	0.00664	0.00864	0.00979	0.01036	0.00628	0.00660	0.01081	0.01437	0.01936	0.12032	0.53023	0.04732	0.12605	0.01322	0.00347	0.00461	0.04014	0.00657	0.00584
17	0.00919	0.00649	0.00843	0.00974	0.01017	0.00612	0.00640	0.01038	0.01377	0.01845	0.07218	0.60050	0.04594	0.12979	0.01337	0.00353	0.00460	0.01876	0.00647	0.00573
18	0.00969	0.00736	0.00892	0.00862	0.01052	0.00659	0.00643	0.01252	0.01902	0.02568	0.47002	0.08886	0.26663	0.01633	0.00861	0.00237	0.00354	0.01417	0.00755	0.00659
19	0.01716	0.01961	0.04289	0.03064	0.03799	0.01838	0.67279	0.02328	0.01716	0.02328	0.01471	0.01961	0.01103	0.00613	0.00858	0.00245	0.01225	0.00858	0.00368	0.00980
20	0.01852	0.01583	0.01668	0.01488	0.01907	0.01828	0.01161	0.06779	0.65618	0.03111	0.02903	0.02668	0.02174	0.00981	0.00739	0.00245	0.00586	0.00814	0.00739	0.01154
21	0.01038	0.00779	0.01168	0.01168	0.01298	0.00909	0.00909	0.01298	0.01168	0.01687	0.01947	0.02856	0.01817	0.05452	0.71573	0.01168	0.01947	0.00779	0.00389	0.00649
22	0.01057	0.00705	0.00793	0.00793	0.00793	0.00705	0.00440	0.01057	0.01057	0.01409	0.02290	0.04757	0.02643	0.74454	0.03700	0.00705	0.00705	0.01057	0.00440	0.00440
23	0.02715	0.03464	0.02060	0.01873	0.02247	0.71536	0.01404	0.02903	0.02060	0.01779	0.01124	0.01311	0.00936	0.00749	0.00655	0.00187	0.01311	0.00468	0.00375	0.00843
24	0.01507	0.01292	0.01507	0.01077	0.01723	0.00969	0.00861	0.01830	0.01507	0.02369	0.01292	0.01507	0.01077	0.00538	0.00538	0.00108	0.00538	0.00431	0.00431	0.78898
25	0.01943	0.74891	0.03809	0.01244	0.01866	0.02876	0.01244	0.02177	0.01477	0.01710	0.01011	0.01166	0.00933	0.00622	0.00466	0.00155	0.00777	0.00389	0.00311	0.00933
26	0.01458	0.03760	0.70688	0.02072	0.03146	0.01688	0.02686	0.02302	0.01535	0.02302	0.01304	0.01535	0.00921	0.00691	0.00691	0.00230	0.01074	0.00537	0.00307	0.01074
27	0.01590	0.01590	0.02226	0.01908	0.01908	0.02226	0.01590	0.01749	0.01113	0.01749	0.00954	0.01590	0.00954	0.01272	0.02385	0.00318	0.73123	0.00636	0.00318	0.00795
28	0.01263	0.00631	0.00947	0.00947	0.00947	0.00631	0.00631	0.00947	0.00947	0.01263	0.01263	0.02210	0.01263	0.02525	0.02841	0.78851	0.00631	0.00631	0.00316	0.00316
29	0.01716	0.01961	0.04289	0.03064	0.03799	0.01838	0.67279	0.02328	0.01716	0.02328	0.01471	0.01961	0.01103	0.00613	0.00858	0.00245	0.01225	0.00858	0.00368	0.00980
30	0.12726	0.01464	0.01726	0.01350	0.01896	0.01455	0.01112	0.18798	0.04948	0.43377	0.02366	0.02144	0.01552	0.00868	0.00695	0.00224	0.00653	0.00674	0.00795	0.01177
31	0.00964	0.00716	0.00927	0.01020	0.01139	0.00638	0.00698	0.01116	0.01406	0.01920	0.03663	0.64823	0.04336	0.02058	0.00879	0.00272	0.00436	0.01860	0.00644	0.10484
32	0.01458	0.03760	0.70688	0.02072	0.03146	0.01688	0.02686	0.02302	0.01535	0.02302	0.01304	0.01535	0.00921	0.00691	0.00691	0.00230	0.01074	0.00537	0.00307	0.01074
33	0.01021	0.00743	0.00961	0.00906	0.01081	0.00683	0.00680	0.01357	0.02039	0.02871	0.66668	0.05502	0.09754	0.01502	0.00857	0.00229	0.00344	0.01325	0.00794	0.00683
34	0.03261	0.01237	0.01687	0.01293	0.01856	0.01068	0.01068	0.03543	0.02081	0.70423	0.02868	0.02474	0.01799	0.00900	0.00731	0.00225	0.00619	0.00731	0.00900	0.01237
35	0.01590	0.01590	0.02226	0.01908	0.01908	0.02226	0.01590	0.01749	0.01113	0.01749	0.00954	0.01590	0.00954	0.01272	0.02385	0.00318	0.73123	0.00636	0.00318	0.00795
36	0.01451	0.01331	0.02162	0.56046	0.09290	0.01623	0.01903	0.04828	0.01522	0.02002	0.01355	0.01975	0.01059	0.01112	0.06220	0.00313	0.03962	0.00656	0.00349	0.00840
37	0.01024	0.00856	0.00907	0.00884	0.01135	0.00801	0.00665	0.01506	0.11785	0.02235	0.13989	0.09705	0.48494	0.01693	0.00845	0.00246	0.00399	0.01429	0.00700	0.00702
38	0.02083	0.01241	0.01482	0.01251	0.01648	0.01257	0.00992	0.09388	0.19890	0.23539	0.22789	0.03487	0.05506	0.01124	0.00775	0.00232	0.00535	0.00947	0.00803	0.01030
39	0.01057	0.00705	0.00793	0.00793	0.00793	0.00705	0.00440	0.01057	0.01057	0.01409	0.02290	0.04757	0.02643	0.74454	0.03700	0.00705	0.00705	0.01057	0.00440	0.00440
40	0.79588	0.01406	0.01068	0.00956	0.01406	0.01631	0.00787	0.02137	0.01237	0.03261	0.01012	0.01181	0.00787	0.00675	0.00450	0.00225	0.00562	0.00394	0.00450	0.00787

[dist]
# distance from previous block
# <min> <max>
0	9

[block]
# block no. 3 follows, 28 sequences, length 74
# corresponding to MSA columns:
# 113-186
name=unknown_D
#
# <colnr> <probs for GDERKNQSTAVLIFYWHMCP>
#	G	D	E	R	K	N	Q	S	T	A	V	L	I	F	Y	W	H	M	C	P
0	0.01040	0.00774	0.01142	0.01142	0.01263	0.00894	0.00876	0.01281	0.01161	0.01668	0.01971	0.02987	0.01874	0.10231	0.66872	0.01136	0.01861	0.00798	0.00393	0.00635
1	0.79588	0.01406	0.01068	0.00956	0.01406	0.01631	0.00787	0.02137	0.01237	0.03261	0.01012	0.01181	0.00787	0.00675	0.00450	0.00225	0.00562	0.00394	0.00450	0.00787
2	0.01499	0.01456	0.02051	0.01786	0.01807	0.02008	0.01477	0.01674	0.01122	0.01739	0.01119	0.01800	0.01097	0.01966	0.13868	0.00459	0.61310	0.00660	0.00330	0.00771
3	0.00913	0.00657	0.00871	0.01034	0.01096	0.00615	0.00719	0.01062	0.01430	0.01891	0.04120	0.64951	0.07246	0.02234	0.00933	0.00297	0.00444	0.08215	0.00674	0.00599
4	0.01808	0.01561	0.01644	0.01479	0.01890	0.01808	0.01151	0.03863	0.68606	0.03041	0.02959	0.02712	0.02219	0.00986	0.00740	0.00247	0.00575	0.00822	0.00740	0.01151
5	0.01263	0.00631	0.00947	0.00947	0.00947	0.00631	0.00631	0.00947	0.00947	0.01263	0.01263	0.02210	0.01263	0.02525	0.02841	0.78851	0.00631	0.00631	0.00316	0.00316
6	0.01458	0.03760	0.70688	0.02072	0.03146	0.01688	0.02686	0.02302	0.01535	0.02302	0.01304	0.01535	0.00921	0.00691	0.00691	0.00230	0.01074	0.00537	0.00307	0.01074
7	0.01263	0.00631	0.00947	0.00947	0.00947	0.00631	0.00631	0.00947	0.00947	0.01263	0.01263	0.02210	0.01263	0.02525	0.02841	0.78851	0.00631	0.00631	0.00316	0.00316
8	0.01705	0.02285	0.21682	0.03687	0.48840	0.01719	0.02316	0.02312	0.04146	0.02380	0.01410	0.01760	0.01128	0.00672	0.00712	0.00221	0.00911	0.00624	0.00359	0.01130
9	0.01671	0.01729	0.05472	0.20827	0.42300	0.01714	0.11342	0.02156	0.01610	0.02239	0.01361	0.01846	0.01092	0.00664	0.00740	0.00227	0.00948	0.00673	0.00350	0.01041
10	0.79588	0.01406	0.01068	0.00956	0.01406	0.01631	0.00787	0.02137	0.01237	0.03261	0.01012	0.01181	0.00787	0.00675	0.00450	0.00225	0.00562	0.00394	0.00450	0.00787
11	0.00859	0.00736	0.00736	0.00736	0.00982	0.00614	0.00552	0.01043	0.01657	0.01964	0.07364	0.06996	0.69624	0.01841	0.00859	0.00245	0.00368	0.01534	0.00675	0.00614
12	0.01373	0.01292	0.02180	0.72707	0.05006	0.01615	0.02019	0.01857	0.01453	0.01857	0.01292	0.01938	0.00969	0.00727	0.00727	0.00242	0.00969	0.00646	0.00323	0.00807
13	0.05726	0.02012	0.02139	0.01645	0.02221	0.02230	0.01359	0.64975	0.03334	0.04530	0.01717	0.01723	0.01219	0.00865	0.00716	0.00218	0.00791	0.00644	0.00716	0.01219
14	0.01038	0.00779	0.01168	0.01168	0.01298	0.00909	0.00909	0.01298	0.01168	0.01687	0.01947	0.02856	0.01817	0.05452	0.71573	0.01168	0.01947	0.00779	0.00389	0.00649
15	0.00892	0.00635	0.00841	0.01004	0.01044	0.00595	0.00666	0.01014	0.01379	0.01838	0.03940	0.71294	0.04724	0.05077	0.01035	0.00311	0.00433	0.02027	0.00666	0.00585
16	0.01590	0.01590	0.02226	0.01908	0.01908	0.02226	0.01590	0.01749	0.01113	0.01749	0.00954	0.01590	0.00954	0.01272	0.02385	0.00318	0.73123	0.00636	0.00318	0.00795
17	0.01507	0.01292	0.01507	0.01077	0.01723	0.00969	0.00861	0.01830	0.01507	0.02369	0.01292	0.01507	0.01077	0.00538	0.00538	0.00108	0.00538	0.00431	0.00431	0.78898
18	0.01045	0.00748	0.01019	0.01141	0.01267	0.00722	0.00903	0.01311	0.01657	0.02219	0.17392	0.29911	0.04944	0.01992	0.00948	0.00300	0.00518	0.30617	0.00698	0.00646
19	0.00944	0.00703	0.00867	0.00933	0.01060	0.00644	0.00669	0.01140	0.01602	0.02110	0.19205	0.32872	0.20761	0.06915	0.01091	0.00299	0.00429	0.06457	0.00686	0.00613
20	0.01057	0.00705	0.00793	0.00793	0.00793	0.00705	0.00440	0.01057	0.01057	0.01409	0.02290	0.04757	0.02643	0.74454	0.03700	0.00705	0.00705	0.01057	0.00440	0.00440
21	0.05892	0.01190	0.01587	0.01240	0.01756	0.01049	0.01017	0.03257	0.02046	0.60659	0.09946	0.02742	0.02304	0.00954	0.00734	0.00225	0.00587	0.00781	0.00872	0.01161
22	0.06320	0.00904	0.01078	0.01006	0.01224	0.00852	0.00718	0.03992	0.01563	0.09678	0.12303	0.25011	0.03476	0.18590	0.01466	0.00347	0.00534	0.01242	0.00624	0.09073
23	0.00898	0.00638	0.00840	0.00997	0.01036	0.00599	0.00658	0.01015	0.01368	0.01824	0.03885	0.69080	0.04654	0.07386	0.01124	0.00324	0.00442	0.01995	0.00658	0.00580
24	0.01040	0.00772	0.01136	0.01136	0.01255	0.00891	0.00869	0.01277	0.01159	0.01664	0.01976	0.03018	0.01888	0.11360	0.65762	0.01129	0.01841	0.00803	0.00394	0.00631
25	0.01770	0.01697	0.02898	0.09132	0.65478	0.01719	0.02216	0.02205	0.01641	0.02339	0.01362	0.01809	0.01139	0.00653	0.00720	0.00218	0.00871	0.00648	0.00357	0.01128
26	0.00988	0.00718	0.00921	0.00917	0.01060	0.00661	0.00664	0.01261	0.01851	0.02567	0.48757	0.19720	0.10909	0.04507	0.00982	0.00262	0.00375	0.01477	0.00751	0.00651
27	0.00885	0.00636	0.00840	0.01003	0.01052	0.00591	0.00671	0.01013	0.01401	0.01859	0.04119	0.71732	0.06983	0.02263	0.00925	0.00294	0.00420	0.02049	0.00675	0.00591
28	0.02884	0.01451	0.04272	0.01532	0.02098	0.01284	0.07640	0.08192	0.02096	0.51927	0.04588	0.02397	0.01786	0.00894	0.00803	0.00230	0.03216	0.00746	0.00791	0.01174
29	0.00969	0.00678	0.00854	0.00923	0.00979	0.00646	0.00604	0.01100	0.01424	0.01934	0.16949	0.38224	0.04552	0.24693	0.01780	0.00410	0.00494	0.01596	0.00627	0.00563
30	0.01079	0.00798	0.00963	0.01048	0.01150	0.00811	0.00716	0.01517	0.12507	0.02024	0.03542	0.50225	0.03978	0.11671	0.01252	0.00337	0.00482	0.01673	0.03559	0.00667
31	0.37719	0.01542	0.01681	0.06848	0.01922	0.04122	0.01245	0.01974	0.01227	0.02458	0.01012	0.01418	0.00877	0.00937	0.01308	0.00265	0.31749	0.00519	0.00381	0.00794
32	0.00891	0.00636	0.00848	0.01009	0.01055	0.00594	0.00675	0.01025	0.01415	0.01893	0.06303	0.71577	0.04880	0.02250	0.00925	0.00293	0.00419	0.02040	0.00679	0.00594
33	0.01943	0.74891	0.03809	0.01244	0.01866	0.02876	0.01244	0.02177	0.01477	0.01710	0.01011	0.01166	0.00933	0.00622	0.00466	0.00155	0.00777	0.00389	0.00311	0.00933
34	0.01873	0.01681	0.01945	0.02110	0.15822	0.04340	0.01389	0.05717	0.50225	0.02913	0.02524	0.02441	0.01920	0.00904	0.00732	0.00237	0.00669	0.00768	0.00648	0.01143
35	0.01507	0.01292	0.01507	0.01077	0.01723	0.00969	0.00861	0.01830	0.01507	0.02369	0.01292	0.01507	0.01077	0.00538	0.00538	0.00108	0.00538	0.00431	0.00431	0.78898
36	0.01154	0.00660	0.00950	0.00981	0.01016	0.00674	0.00675	0.01048	0.01090	0.01500	0.01951	0.15548	0.02068	0.05128	0.13838	0.46236	0.00803	0.00933	0.03307	0.00439
37	0.00997	0.00711	0.00810	0.00815	0.00895	0.00674	0.00518	0.01095	0.01354	0.01777	0.13034	0.10734	0.17826	0.42866	0.02470	0.00507	0.00559	0.01275	0.00560	0.00524
38	0.01171	0.00837	0.01171	0.01339	0.01506	0.00837	0.01171	0.01506	0.01673	0.02175	0.03849	0.08199	0.04183	0.02008	0.01004	0.00335	0.00669	0.65027	0.00669	0.00669
39	0.01217	0.01002	0.01242	0.05812	0.01634	0.00995	0.03233	0.06285	0.07523	0.02331	0.07427	0.05954	0.35227	0.01606	0.00863	0.00263	0.00552	0.15435	0.00654	0.00745
40	0.01603	0.01527	0.02597	0.35807	0.40105	0.01676	0.02133	0.02059	0.01563	0.02137	0.01333	0.01863	0.01068	0.00684	0.00723	0.00228	0.00912	0.00647	0.00343	0.00993
41	0.03009	0.01276	0.01675	0.01326	0.01856	0.01168	0.01091	0.05613	0.08440	0.58629	0.02885	0.02739	0.01932	0.00959	0.00744	0.00232	0.00623	0.03734	0.00868	0.01202
42	0.01507	0.01292	0.01507	0.01077	0.01723	0.00969	0.00861	0.01830	0.01507	0.02369	0.01292	0.01507	0.01077	0.00538	0.00538	0.00108	0.00538	0.00431	0.00431	0.78898
43	0.01373	0.01292	0.02180	0.72707	0.05006	0.01615	0.02019	0.01857	0.01453	0.01857	0.01292	0.01938	0.00969	0.00727	0.00727	0.00242	0.00969	0.00646	0.00323	0.00807
44	0.00897	0.00640	0.00856	0.01025	0.01072	0.00600	0.00694	0.01031	0.01402	0.01868	0.04000	0.71460	0.04784	0.02267	0.00931	0.00297	0.00431	0.04478	0.00675	0.00593
45	0.00965	0.00684	0.00908	0.01058	0.01122	0.00655	0.00755	0.01122	0.01416	0.01876	0.03789	0.52591	0.04443	0.09941	0.01241	0.00347	0.00505	0.15342	0.00649	0.00591
46	0.01716	0.01961	0.04289	0.03064	0.03799	0.01838	0.67279	0.02328	0.01716	0.02328	0.01471	0.01961	0.01103	0.00613	0.00858	0.00245	0.01225	0.00858	0.00368	0.00980
47	0.02806	0.01968	0.02139	0.01640	0.02220	0.02153	0.01355	0.62020	0.03303	0.10219	0.01841	0.01808	0.01284	0.00875	0.00727	0.00219	0.00784	0.00661	0.00742	0.01236
48	0.01071	0.00772	0.00933	0.00939	0.01125	0.00709	0.00700	0.01366	0.03944	0.04856	0.25993	0.18760	0.25119	0.04363	0.00976	0.00272	0.00421	0.06294	0.00717	0.00672
49	0.01111	0.00752	0.00852	0.00844	0.00870	0.00757	0.00495	0.03679	0.01176	0.01569	0.02399	0.09900	0.02752	0.66060	0.03372	0.00654	0.00687	0.01118	0.00470	0.00483
50	0.02752	0.01919	0.02085	0.01604	0.02169	0.02098	0.01323	0.59765	0.03237	0.09942	0.01861	0.01841	0.01306	0.00874	0.00719	0.00217	0.00768	0.00662	0.03644	0.01215
51	0.03261	0.01237	0.01687	0.01293	0.01856	0.01068	0.01068	0.03543	0.02081	0.70423	0.02868	0.02474	0.01799	0.00900	0.00731	0.00225	0.00619	0.00731	0.00900	0.01237
52	0.01038	0.00783	0.00933	0.00912	0.01079	0.00743	0.00657	0.01400	0.06471	0.02414	0.36067	0.12755	0.18637	0.11408	0.01239	0.00304	0.00422	0.01370	0.00709	0.00661
53	0.76227	0.01374	0.01052	0.00944	0.01382	0.01590	0.00775	0.02118	0.01249	0.03238	0.01071	0.01247	0.00833	0.00682	0.00452	0.00223	0.00553	0.00406	0.03803	0.00783
54	0.01943	0.74891	0.03809	0.01244	0.01866	0.02876	0.01244	0.02177	0.01477	0.01710	0.01011	0.01166	0.00933	0.00622	0.00466	0.00155	0.00777	0.00389	0.00311	0.00933
55	0.00941	0.00688	0.00892	0.01005	0.01051	0.00675	0.00675	0.01062	0.01369	0.01834	0.06226	0.56841	0.06577	0.12086	0.01360	0.00348	0.03329	0.01826	0.00633	0.00582
56	0.01038	0.00779	0.01168	0.01168	0.01298	0.00909	0.00909	0.01298	0.01168	0.01687	0.01947	0.02856	0.01817	0.05452	0.71573	0.01168	0.01947	0.00779	0.00389	0.00649
57	0.00886	0.00633	0.00843	0.01012	0.01054	0.00590	0.00675	0.01012	0.01392	0.01856	0.04006	0.73979	0.04808	0.02277	0.00928	0.00295	0.00422	0.02066	0.00675	0.00590
58	0.01042	0.00764	0.01092	0.01092	0.01195	0.00867	0.00813	0.01249	0.01146	0.01631	0.02017	0.03243	0.01985	0.19498	0.57757	0.01074	0.01694	0.00835	0.00400	0.00607
59	0.01743	0.01764	0.05550	0.11213	0.60769	0.01714	0.02228	0.02196	0.01630	0.02320	0.01357	0.01803	0.01124	0.00657	0.00719	0.00219	0.00882	0.00643	0.00354	0.01114
60	0.00915	0.00648	0.00849	0.00999	0.01041	0.00612	0.00666	0.01034	0.01364	0.01817	0.03808	0.63915	0.04543	0.10366	0.01241	0.00343	0.00462	0.04152	0.00648	0.00576
61	0.02763	0.02036	0.02182	0.01672	0.02254	0.02254	0.01382	0.67496	0.03418	0.04581	0.01745	0.01745	0.01236	0.00873	0.00727	0.00218	0.00800	0.00654	0.00727	0.01236
62	0.04683	0.16368	0.04792	0.14403	0.05130	0.07369	0.12320	0.02072	0.01566	0.04684	0.06113	0.02122	0.01554	0.03911	0.06927	0.00317	0.03722	0.00678	0.00403	0.00865
63	0.01811	0.01403	0.12753	0.01238	0.01686	0.00974	0.01152	0.02197	0.01907	0.24535	0.26789	0.06702	0.08574	0.01243	0.00798	0.00236	0.00572	0.03779	0.00731	0.00919
64	0.00889	0.00650	0.00827	0.00965	0.01034	0.00598	0.00649	0.01018	0.01415	0.01853	0.04403	0.62023	0.13679	0.05033	0.01026	0.00304	0.00425	0.01954	0.00666	0.00588
65	0.01053	0.00720	0.00869	0.00869	0.00896	0.00746	0.00536	0.01106	0.01080	0.01466	0.02220	0.04370	0.02475	0.60400	0.17524	0.00799	0.00958	0.01000	0.00430	0.00483
66	0.70078	0.07112	0.01324	0.01021	0.01480	0.04984	0.00851	0.02175	0.01294	0.03074	0.01017	0.01186	0.00805	0.00674	0.00461	0.00218	0.00614	0.00397	0.00436	0.00801
67	0.09934	0.42464	0.07375	0.01459	0.04245	0.10741	0.01310	0.02171	0.01489	0.01929	0.01148	0.01465	0.01034	0.03777	0.04020	0.00248	0.03490	0.00471	0.00343	0.00886
68	0.07496	0.01880	0.02079	0.09302	0.02374	0.13716	0.06384	0.15857	0.01901	0.02608	0.01380	0.01732	0.01112	0.01030	0.03515	0.00264	0.16251	0.00610	0.05971	0.04538
69	0.01029	0.00743	0.00972	0.00914	0.01086	0.00686	0.00686	0.01372	0.02058	0.02915	0.69536	0.05430	0.06859	0.01486	0.00857	0.00229	0.00343	0.01315	0.00800	0.00686
70	0.03261	0.01237	0.01687	0.01293	0.01856	0.01068	0.01068	0.03543	0.02081	0.70423	0.02868	0.02474	0.01799	0.00900	0.00731	0.00225	0.00619	0.00731	0.00900	0.01237
71	0.01981	0.01883	0.05158	0.06514	0.43316	0.04414	0.06933	0.11360	0.04109	0.05013	0.01517	0.01835	0.01193	0.00705	0.00729	0.00220	0.00893	0.00662	0.00439	0.01124
72	0.01218	0.00650	0.00932	0.00932	0.00938	0.00656	0.00613	0.00982	0.00976	0.01307	0.01465	0.02662	0.01517	0.14591	0.06187	0.62270	0.00705	0.00709	0.00340	0.00352
73	0.02811	0.01452	0.01758	0.01403	0.01931	0.01452	0.01141	0.14238	0.19143	0.42438	0.02704	0.02413	0.01812	0.00917	0.00733	0.00229	0.00638	0.00741	0.00831	0.01215

[dist]
# distance from previous block
# <min> <max>
0	35

[block]
# block no. 4 follows, 28 sequences, length 41
# corresponding to MSA columns:
# 222-262
name=unknown_E
#
# <colnr> <probs for GDERKNQSTAVLIFYWHMCP>
#	G	D	E	R	K	N	Q	S	T	A	V	L	I	F	Y	W	H	M	C	P
0	0.00886	0.00633	0.00843	0.01012	0.01054	0.00590	0.00675	0.01012	0.01392	0.01856	0.04006	0.73979	0.04808	0.02277	0.00928	0.00295	0.00422	0.02066	0.00675	0.00590
1	0.01057	0.00705	0.00793	0.00793	0.00793	0.00705	0.00440	0.01057	0.01057	0.01409	0.02290	0.04757	0.02643	0.74454	0.03700	0.00705	0.00705	0.01057	0.00440	0.00440
2	0.02596	0.01554	0.01745	0.01371	0.01862	0.01630	0.01122	0.37812	0.02690	0.20687	0.02156	0.02128	0.01507	0.00874	0.00683	0.00210	0.00659	0.00678	0.16916	0.01120
3	0.01699	0.02017	0.06931	0.02966	0.03679	0.01851	0.61363	0.02299	0.01678	0.02299	0.01438	0.01925	0.01088	0.00649	0.00926	0.00248	0.04773	0.00834	0.00363	0.00975
4	0.00924	0.00665	0.00884	0.01046	0.01114	0.00625	0.00738	0.01082	0.01441	0.01904	0.04121	0.62187	0.07356	0.02222	0.00936	0.00299	0.00454	0.10727	0.00674	0.00602
5	0.02423	0.01449	0.01684	0.01403	0.01878	0.01521	0.01122	0.09773	0.34078	0.28953	0.05607	0.02642	0.02159	0.00963	0.00740	0.00235	0.00604	0.00792	0.00802	0.01172
6	0.02715	0.03464	0.02060	0.01873	0.02247	0.71536	0.01404	0.02903	0.02060	0.01779	0.01124	0.01311	0.00936	0.00749	0.00655	0.00187	0.01311	0.00468	0.00375	0.00843
7	0.01263	0.00631	0.00947	0.00947	0.00947	0.00631	0.00631	0.00947	0.00947	0.01263	0.01263	0.02210	0.01263	0.02525	0.02841	0.78851	0.00631	0.00631	0.00316	0.00316
8	0.01057	0.00705	0.00793	0.00793	0.00793	0.00705	0.00440	0.01057	0.01057	0.01409	0.02290	0.04757	0.02643	0.74454	0.03700	0.00705	0.00705	0.01057	0.00440	0.00440
9	0.01156	0.00884	0.01115	0.01227	0.01404	0.02875	0.01034	0.01464	0.01720	0.02223	0.12429	0.10237	0.11000	0.01899	0.00958	0.00306	0.00607	0.46116	0.00678	0.00668
10	0.01043	0.00707	0.00789	0.00789	0.00806	0.00698	0.00449	0.01056	0.01100	0.01449	0.02656	0.04918	0.07475	0.69215	0.03495	0.00672	0.00680	0.01091	0.00457	0.00453
11	0.01053	0.00719	0.00867	0.00867	0.00893	0.00745	0.00533	0.01105	0.01079	0.01464	0.02222	0.04381	0.02479	0.60801	0.17129	0.00796	0.00951	0.01002	0.00430	0.00482
12	0.01414	0.00735	0.00741	0.00719	0.00906	0.00744	0.00545	0.04471	0.01604	0.02789	0.02345	0.02669	0.01837	0.00848	0.00517	0.00171	0.00358	0.00677	0.75208	0.00701
13	0.01024	0.00737	0.00833	0.00866	0.00968	0.00708	0.00577	0.01209	0.04067	0.01798	0.03996	0.18827	0.19900	0.32475	0.02054	0.00449	0.00540	0.03983	0.04425	0.00563
14	0.02261	0.02389	0.01861	0.01635	0.02064	0.31163	0.01259	0.09450	0.29445	0.02609	0.01948	0.01942	0.01501	0.00843	0.00688	0.00209	0.00904	0.00628	0.00562	0.06638
15	0.01373	0.01292	0.02180	0.72707	0.05006	0.01615	0.02019	0.01857	0.01453	0.01857	0.01292	0.01938	0.00969	0.00727	0.00727	0.00242	0.00969	0.00646	0.00323	0.00807
16	0.01808	0.01561	0.01644	0.01479	0.01890	0.01808	0.01151	0.03863	0.68606	0.03041	0.02959	0.02712	0.02219	0.00986	0.00740	0.00247	0.00575	0.00822	0.00740	0.01151
17	0.00929	0.00651	0.00831	0.00957	0.00988	0.00619	0.00616	0.01023	0.01307	0.01743	0.03574	0.56521	0.04262	0.20481	0.01627	0.00398	0.00493	0.01812	0.00616	0.00553
18	0.02763	0.02036	0.02182	0.01672	0.02254	0.02254	0.01382	0.67496	0.03418	0.04581	0.01745	0.01745	0.01236	0.00873	0.00727	0.00218	0.00800	0.00654	0.00727	0.01236
19	0.02715	0.03464	0.02060	0.01873	0.02247	0.71536	0.01404	0.02903	0.02060	0.01779	0.01124	0.01311	0.00936	0.00749	0.00655	0.00187	0.01311	0.00468	0.00375	0.00843
20	0.02508	0.01896	0.01903	0.01509	0.02002	0.06970	0.01227	0.51050	0.02981	0.04044	0.01812	0.01887	0.01327	0.00859	0.00683	0.00207	0.00754	0.00645	0.14630	0.01108
21	0.00886	0.00633	0.00843	0.01012	0.01054	0.00590	0.00675	0.01012	0.01392	0.01856	0.04006	0.73979	0.04808	0.02277	0.00928	0.00295	0.00422	0.02066	0.00675	0.00590
22	0.01458	0.03760	0.70688	0.02072	0.03146	0.01688	0.02686	0.02302	0.01535	0.02302	0.01304	0.01535	0.00921	0.00691	0.00691	0.00230	0.01074	0.00537	0.00307	0.01074
23	0.01880	0.01545	0.01646	0.01470	0.01888	0.01771	0.01146	0.03847	0.65318	0.06371	0.02954	0.02700	0.02198	0.00982	0.00739	0.00245	0.00577	0.00817	0.00748	0.01155
24	0.01215	0.00810	0.01042	0.00958	0.01169	0.00755	0.00727	0.01615	0.04627	0.07761	0.60215	0.05160	0.08261	0.01435	0.00844	0.00230	0.00373	0.01260	0.00801	0.00741
25	0.00896	0.00641	0.00853	0.01005	0.01057	0.00597	0.00676	0.01038	0.01440	0.01932	0.08734	0.69034	0.04956	0.02220	0.00923	0.00290	0.00416	0.02012	0.00684	0.00597
26	0.01808	0.01561	0.01644	0.01479	0.01890	0.01808	0.01151	0.03863	0.68606	0.03041	0.02959	0.02712	0.02219	0.00986	0.00740	0.00247	0.00575	0.00822	0.00740	0.01151
27	0.00916	0.00687	0.00850	0.00917	0.01044	0.00621	0.00647	0.01113	0.01631	0.02157	0.21843	0.39360	0.21638	0.01962	0.00892	0.00265	0.00388	0.01738	0.00707	0.00621
28	0.01149	0.00782	0.01030	0.01000	0.01192	0.00727	0.00785	0.01481	0.01973	0.05830	0.52153	0.05855	0.08742	0.01567	0.00878	0.00248	0.00415	0.12708	0.00776	0.00705
29	0.36566	0.01759	0.01692	0.01357	0.01881	0.01980	0.01120	0.38738	0.02458	0.04000	0.01423	0.01497	0.01039	0.00786	0.00605	0.00221	0.00695	0.00540	0.00605	0.01039
30	0.00885	0.00637	0.00839	0.01001	0.01051	0.00591	0.00670	0.01013	0.01403	0.01860	0.04148	0.71162	0.07534	0.02259	0.00925	0.00293	0.00419	0.02044	0.00675	0.00591
31	0.01038	0.00779	0.01168	0.01168	0.01298	0.00909	0.00909	0.01298	0.01168	0.01687	0.01947	0.02856	0.01817	0.05452	0.71573	0.01168	0.01947	0.00779	0.00389	0.00649
32	0.01099	0.00858	0.01245	0.01211	0.01314	0.01029	0.00936	0.01323	0.01152	0.01667	0.01875	0.02904	0.01805	0.11663	0.57668	0.01033	0.09396	0.00790	0.00387	0.00644
33	0.01263	0.00631	0.00947	0.00947	0.00947	0.00631	0.00631	0.00947	0.00947	0.01263	0.01263	0.02210	0.01263	0.02525	0.02841	0.78851	0.00631	0.00631	0.00316	0.00316
34	0.01507	0.01292	0.01507	0.01077	0.01723	0.00969	0.00861	0.01830	0.01507	0.02369	0.01292	0.01507	0.01077	0.00538	0.00538	0.00108	0.00538	0.00431	0.00431	0.78898
35	0.01525	0.00857	0.00876	0.00814	0.01037	0.00890	0.00626	0.09003	0.04035	0.02927	0.02323	0.02604	0.01806	0.00854	0.00540	0.00177	0.00398	0.00680	0.67270	0.00755
36	0.00978	0.00747	0.00917	0.01002	0.01174	0.00686	0.00787	0.01212	0.01639	0.02085	0.10513	0.21285	0.30025	0.01958	0.00920	0.00283	0.00474	0.22000	0.00683	0.00632
37	0.01436	0.01326	0.02180	0.69459	0.04881	0.01644	0.01990	0.04859	0.01543	0.01982	0.01313	0.01929	0.00981	0.00733	0.00727	0.00241	0.00961	0.00646	0.00341	0.00827
38	0.01872	0.12211	0.03851	0.01312	0.01768	0.09207	0.01098	0.12951	0.07870	0.05657	0.20968	0.02740	0.02840	0.00957	0.00693	0.00196	0.00667	0.00767	0.00604	0.11771
39	0.02561	0.01958	0.02021	0.01590	0.02120	0.06786	0.01295	0.50821	0.04963	0.06530	0.04868	0.01967	0.01536	0.01039	0.03144	0.00246	0.00829	0.00675	0.00689	0.04362
40	0.02343	0.01626	0.01828	0.01427	0.01968	0.01655	0.01155	0.34758	0.07502	0.12582	0.02049	0.07113	0.01609	0.00912	0.00701	0.00202	0.00673	0.00730	0.00681	0.18485

[dist]
# distance from previous block
# <min> <max>
0	2

[block]
# block no. 5 follows, 28 sequences, length 173
# corresponding to MSA columns:
# 265-395,397-438
name=unknown_F
#
# <colnr> <probs for GDERKNQSTAVLIFYWHMCP>
#	G	D	E	R	K	N	Q	S	T	A	V	L	I	F	Y	W	H	M	C	P
0	0.01883	0.01790	0.02571	0.11009	0.46685	0.08524	0.01953	0.02393	0.06255	0.05337	0.01685	0.02009	0.03198	0.00735	0.00720	0.00219	0.00874	0.00671	0.00417	0.01073
1	0.01417	0.16935	0.01649	0.01080	0.01383	0.03826	0.00897	0.01663	0.01674	0.06787	0.15812	0.08970	0.17512	0.03845	0.05196	0.00304	0.00652	0.09049	0.00598	0.00750
2	0.01979	0.05089	0.01872	0.01387	0.01899	0.01658	0.01135	0.27410	0.06899	0.03131	0.01645	0.01848	0.01304	0.01375	0.09996	0.00309	0.03549	0.00596	0.00552	0.26368
3	0.01650	0.01311	0.01621	0.07820	0.05899	0.01280	0.01105	0.16917	0.01920	0.02687	0.04210	0.11862	0.02058	0.08222	0.00999	0.00247	0.00656	0.03156	0.00540	0.25839
4	0.21879	0.04222	0.03524	0.04281	0.01568	0.01296	0.00942	0.07925	0.01824	0.02924	0.30374	0.03409	0.05769	0.03663	0.00862	0.00244	0.03004	0.00893	0.00611	0.00785
5	0.02563	0.02140	0.02038	0.01644	0.02153	0.13740	0.01330	0.48605	0.02961	0.03813	0.01809	0.04654	0.01454	0.00947	0.00729	0.00217	0.00856	0.03768	0.00652	0.03926
6	0.01373	0.01292	0.02180	0.72707	0.05006	0.01615	0.02019	0.01857	0.01453	0.01857	0.01292	0.01938	0.00969	0.00727	0.00727	0.00242	0.00969	0.00646	0.00323	0.00807
7	0.01734	0.01652	0.02749	0.07340	0.60506	0.01672	0.02092	0.02230	0.04655	0.02361	0.01724	0.02097	0.04489	0.00724	0.00728	0.00220	0.00832	0.00698	0.00390	0.01109
8	0.01210	0.00640	0.00925	0.00947	0.00968	0.00639	0.00639	0.01015	0.01050	0.01446	0.01720	0.11791	0.01790	0.02494	0.04927	0.60740	0.00633	0.00830	0.05210	0.00387
9	0.55066	0.01352	0.01267	0.01064	0.01550	0.01450	0.00878	0.02588	0.01508	0.24839	0.01608	0.01596	0.01112	0.00747	0.00540	0.00225	0.00580	0.00502	0.00594	0.00932
10	0.00904	0.00644	0.00852	0.00996	0.01047	0.00603	0.00667	0.01044	0.01434	0.01927	0.09378	0.65709	0.04897	0.04907	0.01025	0.00305	0.00426	0.01966	0.00676	0.00593
11	0.04477	0.00987	0.01273	0.01086	0.01437	0.00883	0.00846	0.02354	0.01870	0.35289	0.17696	0.11877	0.09834	0.05546	0.00957	0.00264	0.00516	0.01097	0.00790	0.00923
12	0.01141	0.00837	0.01001	0.00986	0.01194	0.00799	0.00747	0.01579	0.08744	0.04867	0.27368	0.14464	0.22217	0.03934	0.00952	0.00268	0.00434	0.07029	0.00725	0.00714
13	0.03261	0.01237	0.01687	0.01293	0.01856	0.01068	0.01068	0.03543	0.02081	0.70423	0.02868	0.02474	0.01799	0.00900	0.00731	0.00225	0.00619	0.00731	0.00900	0.01237
14	0.03261	0.01237	0.01687	0.01293	0.01856	0.01068	0.01068	0.03543	0.02081	0.70423	0.02868	0.02474	0.01799	0.00900	0.00731	0.00225	0.00619	0.00731	0.00900	0.01237
15	0.00970	0.00658	0.00871	0.01007	0.01067	0.00613	0.00676	0.01102	0.01417	0.03950	0.05912	0.66357	0.04675	0.05687	0.01053	0.00311	0.00439	0.01954	0.00674	0.00606
16	0.03232	0.01284	0.01716	0.01315	0.01879	0.01137	0.01087	0.07261	0.02158	0.66594	0.02802	0.02432	0.01767	0.00898	0.00731	0.00225	0.00629	0.00727	0.00890	0.01237
17	0.01355	0.00678	0.00678	0.00678	0.00847	0.00678	0.00508	0.01694	0.01524	0.02710	0.02371	0.02710	0.01863	0.00847	0.00508	0.00169	0.00339	0.00678	0.78489	0.00678
18	0.07519	0.01207	0.01593	0.01243	0.01767	0.01070	0.01021	0.03285	0.02030	0.61063	0.08146	0.02638	0.02149	0.00934	0.00725	0.00225	0.00593	0.00759	0.00865	0.01166
19	0.00880	0.00737	0.00765	0.00758	0.00995	0.00622	0.00569	0.01083	0.01706	0.02080	0.14949	0.06805	0.61967	0.01798	0.00859	0.00243	0.00365	0.01507	0.00690	0.00622
20	0.01373	0.01292	0.02180	0.72707	0.05006	0.01615	0.02019	0.01857	0.01453	0.01857	0.01292	0.01938	0.00969	0.00727	0.00727	0.00242	0.00969	0.00646	0.00323	0.00807
21	0.01507	0.01292	0.01507	0.01077	0.01723	0.00969	0.00861	0.01830	0.01507	0.02369	0.01292	0.01507	0.01077	0.00538	0.00538	0.00108	0.00538	0.00431	0.00431	0.78898
22	0.01808	0.01561	0.01644	0.01479	0.01890	0.01808	0.01151	0.03863	0.68606	0.03041	0.02959	0.02712	0.02219	0.00986	0.00740	0.00247	0.00575	0.00822	0.00740	0.01151
23	0.02763	0.02036	0.02182	0.01672	0.02254	0.02254	0.01382	0.67496	0.03418	0.04581	0.01745	0.01745	0.01236	0.00873	0.00727	0.00218	0.00800	0.00654	0.00727	0.01236
24	0.03261	0.01237	0.01687	0.01293	0.01856	0.01068	0.01068	0.03543	0.02081	0.70423	0.02868	0.02474	0.01799	0.00900	0.00731	0.00225	0.00619	0.00731	0.00900	0.01237
25	0.00876	0.00737	0.00760	0.00754	0.00992	0.00621	0.00566	0.01076	0.01697	0.02059	0.13600	0.06839	0.63329	0.01805	0.00859	0.00244	0.00366	0.01512	0.00688	0.00621
26	0.01336	0.01144	0.01196	0.01112	0.01436	0.01207	0.00854	0.02452	0.34764	0.02540	0.08094	0.04805	0.33375	0.01402	0.00800	0.00245	0.00469	0.01172	0.00713	0.00882
27	0.01263	0.00631	0.00947	0.00947	0.00947	0.00631	0.00631	0.00947	0.00947	0.01263	0.01263	0.02210	0.01263	0.02525	0.02841	0.78851	0.00631	0.00631	0.00316	0.00316
28	0.00934	0.00702	0.00870	0.00943	0.01079	0.00638	0.00685	0.01141	0.01633	0.02144	0.19308	0.35377	0.22696	0.01963	0.00900	0.00270	0.00410	0.06980	0.00702	0.00624
29	0.01039	0.00776	0.01156	0.01156	0.01281	0.00902	0.00893	0.01290	0.01164	0.01678	0.01959	0.02920	0.01845	0.07788	0.69276	0.01153	0.01905	0.00788	0.00391	0.00642
30	0.00990	0.00742	0.00918	0.00874	0.01062	0.00669	0.00655	0.01296	0.01966	0.02697	0.55285	0.05789	0.21245	0.01567	0.00858	0.00232	0.00349	0.01365	0.00771	0.00669
31	0.79588	0.01406	0.01068	0.00956	0.01406	0.01631	0.00787	0.02137	0.01237	0.03261	0.01012	0.01181	0.00787	0.00675	0.00450	0.00225	0.00562	0.00394	0.00450	0.00787
32	0.00980	0.00718	0.00902	0.01012	0.01106	0.00688	0.00716	0.01203	0.03948	0.01933	0.06167	0.44717	0.11575	0.10928	0.01259	0.00341	0.00486	0.10062	0.00652	0.00609
33	0.00933	0.00683	0.00881	0.01018	0.01091	0.00650	0.00692	0.01158	0.04454	0.01962	0.07148	0.65086	0.07191	0.02166	0.00913	0.00288	0.00423	0.01956	0.00684	0.00621
34	0.01458	0.03760	0.70688	0.02072	0.03146	0.01688	0.02686	0.02302	0.01535	0.02302	0.01304	0.01535	0.00921	0.00691	0.00691	0.00230	0.01074	0.00537	0.00307	0.01074
35	0.00893	0.00636	0.00841	0.01002	0.01043	0.00596	0.00664	0.01014	0.01377	0.01836	0.03929	0.70868	0.04710	0.05522	0.01052	0.00314	0.00434	0.02021	0.00664	0.00584
36	0.01025	0.00711	0.00867	0.00891	0.00943	0.00722	0.00575	0.01116	0.01179	0.01601	0.02799	0.14109	0.07180	0.43813	0.16497	0.00694	0.00879	0.01163	0.02716	0.00521
37	0.07328	0.01032	0.01185	0.01284	0.05468	0.03558	0.00880	0.07470	0.01740	0.02428	0.14161	0.33140	0.08974	0.03849	0.00919	0.00273	0.00531	0.04411	0.00645	0.00726
38	0.02413	0.01500	0.01716	0.01436	0.01917	0.01600	0.01147	0.10565	0.38594	0.26535	0.02797	0.02526	0.01968	0.00944	0.00735	0.00236	0.00614	0.00772	0.00794	0.01190
39	0.01623	0.01511	0.02021	0.36043	0.03394	0.05702	0.01614	0.07132	0.01597	0.02164	0.01292	0.01776	0.01032	0.00809	0.00978	0.00226	0.13687	0.00599	0.02818	0.13982
40	0.02122	0.56480	0.03359	0.01374	0.01935	0.12327	0.01277	0.04757	0.01642	0.04640	0.01128	0.01277	0.00981	0.00684	0.00585	0.00171	0.03530	0.00433	0.00360	0.00939
41	0.01581	0.01504	0.02556	0.39412	0.36676	0.01670	0.02122	0.02040	0.01552	0.02110	0.01329	0.01870	0.01058	0.00688	0.00723	0.00229	0.00918	0.00647	0.00341	0.00975
42	0.00964	0.00691	0.00902	0.01005	0.01089	0.00646	0.00698	0.01129	0.01474	0.01995	0.12553	0.50512	0.04705	0.09193	0.01185	0.00324	0.00462	0.06770	0.00661	0.03041
43	0.01681	0.01643	0.02695	0.27824	0.43308	0.04055	0.04073	0.02128	0.01601	0.02175	0.01336	0.01835	0.01080	0.00677	0.00724	0.00225	0.00926	0.00647	0.00348	0.01017
44	0.01051	0.00702	0.00794	0.00800	0.00801	0.00701	0.00448	0.01056	0.01068	0.01424	0.02346	0.07015	0.02713	0.72099	0.03609	0.00691	0.00695	0.01090	0.00448	0.00445
45	0.00900	0.00738	0.00793	0.00780	0.01007	0.00631	0.00585	0.01123	0.01754	0.02194	0.22427	0.06616	0.54417	0.01755	0.00859	0.00241	0.00362	0.01481	0.00705	0.00631
46	0.01006	0.00699	0.00815	0.00852	0.00896	0.00677	0.00529	0.01072	0.01236	0.01628	0.05471	0.18719	0.09917	0.48274	0.02691	0.00551	0.00602	0.03334	0.00529	0.00503
47	0.00902	0.00645	0.00861	0.01022	0.01074	0.00604	0.00695	0.01045	0.01426	0.01905	0.06242	0.68942	0.04852	0.02239	0.00929	0.00295	0.00429	0.04617	0.00679	0.00597
48	0.01470	0.03679	0.67703	0.02116	0.03175	0.01695	0.05589	0.02303	0.01543	0.02303	0.01312	0.01554	0.00929	0.00687	0.00698	0.00231	0.01081	0.00552	0.00310	0.01070
49	0.01400	0.00819	0.01084	0.00987	0.01215	0.00744	0.00750	0.01716	0.02011	0.14375	0.53216	0.10075	0.05840	0.01445	0.00841	0.00233	0.00396	0.01271	0.00808	0.00773
50	0.01848	0.00931	0.01152	0.00996	0.01341	0.00806	0.00777	0.02082	0.01843	0.29419	0.12929	0.08147	0.29412	0.03846	0.00905	0.00253	0.00479	0.01196	0.00773	0.00865
51	0.01507	0.01292	0.01507	0.01077	0.01723	0.00969	0.00861	0.01830	0.01507	0.02369	0.01292	0.01507	0.01077	0.00538	0.00538	0.00108	0.00538	0.00431	0.00431	0.78898
52	0.00882	0.00740	0.00769	0.00769	0.01007	0.00626	0.00582	0.01084	0.01689	0.02045	0.12104	0.06912	0.62649	0.01819	0.00864	0.00247	0.00376	0.03532	0.00685	0.00621
53	0.79588	0.01406	0.01068	0.00956	0.01406	0.01631	0.00787	0.02137	0.01237	0.03261	0.01012	0.01181	0.00787	0.00675	0.00450	0.00225	0.00562	0.00394	0.00450	0.00787
54	0.10970	0.01427	0.01539	0.01285	0.01711	0.01526	0.01030	0.22362	0.15173	0.10990	0.14492	0.03113	0.09151	0.01078	0.00734	0.00230	0.00586	0.00868	0.00725	0.01010
55	0.00914	0.00654	0.00872	0.01012	0.01075	0.00611	0.00694	0.01075	0.01486	0.02001	0.12253	0.62945	0.05043	0.02168	0.00922	0.00288	0.00421	0.04271	0.00690	0.00605
56	0.01003	0.00742	0.00936	0.00887	0.01070	0.00675	0.00666	0.01322	0.01997	0.02770	0.60094	0.05668	0.16391	0.01540	0.00858	0.00231	0.00347	0.01348	0.00781	0.00675
57	0.00902	0.00642	0.00851	0.01012	0.01056	0.00603	0.00679	0.01029	0.01385	0.01845	0.03921	0.68722	0.04687	0.05644	0.01060	0.00316	0.00443	0.03953	0.00664	0.00586
58	0.70558	0.01415	0.01159	0.01010	0.01473	0.01608	0.00832	0.04639	0.01385	0.08786	0.01190	0.01307	0.00886	0.00700	0.00483	0.00225	0.00576	0.00431	0.00497	0.00840
59	0.00924	0.00667	0.00824	0.00924	0.00991	0.00622	0.00609	0.01042	0.01388	0.01825	0.07044	0.47110	0.13464	0.17284	0.01495	0.00371	0.00470	0.01748	0.00631	0.00567
60	0.01894	0.01523	0.01646	0.01473	0.01884	0.01729	0.01164	0.07943	0.55957	0.06324	0.02940	0.03051	0.02281	0.01052	0.00758	0.00250	0.00600	0.05667	0.00741	0.01124
61	0.01335	0.00793	0.00836	0.00804	0.00943	0.00816	0.00555	0.04645	0.04674	0.02342	0.02341	0.03407	0.02134	0.27550	0.01687	0.00370	0.00504	0.00821	0.42802	0.00640
62	0.00890	0.00640	0.00837	0.00992	0.01042	0.00595	0.00661	0.01015	0.01393	0.01846	0.04100	0.68676	0.07650	0.04648	0.01017	0.00307	0.00429	0.02009	0.00667	0.00586
63	0.00923	0.00661	0.00877	0.00987	0.01063	0.00615	0.00678	0.01105	0.01564	0.02130	0.20967	0.56237	0.05339	0.02073	0.00910	0.00278	0.00401	0.01872	0.00707	0.00615
64	0.01943	0.74891	0.03809	0.01244	0.01866	0.02876	0.01244	0.02177	0.01477	0.01710	0.01011	0.01166	0.00933	0.00622	0.00466	0.00155	0.00777	0.00389	0.00311	0.00933
