[name]
unknown

[dist]
# distance from previous block
# <min> <max>
0	16

[block]
# block no. 0 follows, 27 sequences, length 34
# corresponding to MSA columns:
# 16-49
name=unknown_A
#
# <colnr> <probs for GDERKNQSTAVLIFYWHMCP>
#	G	D	E	R	K	N	Q	S	T	A	V	L	I	F	Y	W	H	M	C	P
0	0.01043	0.00759	0.00981	0.00926	0.01104	0.00697	0.00694	0.01386	0.02083	0.02933	0.66105	0.05618	0.09815	0.01534	0.00876	0.00234	0.00351	0.01353	0.00811	0.00697
1	0.01051	0.00759	0.00992	0.00934	0.01109	0.00700	0.00700	0.01401	0.02101	0.02977	0.68888	0.05545	0.07005	0.01518	0.00876	0.00233	0.00350	0.01343	0.00817	0.00700
2	0.00900	0.00751	0.00775	0.00770	0.01004	0.00637	0.00571	0.01094	0.01702	0.02065	0.12510	0.06918	0.61099	0.04710	0.00992	0.00268	0.00387	0.01528	0.00691	0.00626
3	0.00877	0.00752	0.00752	0.00752	0.01003	0.00627	0.00564	0.01065	0.01692	0.02005	0.07520	0.07144	0.68978	0.01880	0.00877	0.00251	0.00376	0.01567	0.00689	0.00627
4	0.02122	0.01731	0.01834	0.01566	0.02035	0.01975	0.01242	0.21673	0.49762	0.03549	0.02672	0.02491	0.01983	0.00974	0.00752	0.00244	0.00652	0.00791	0.00752	0.01200
5	0.00903	0.00652	0.00855	0.01017	0.01072	0.00604	0.00682	0.01036	0.01438	0.01902	0.04299	0.69413	0.08789	0.02299	0.00943	0.00298	0.00427	0.02078	0.00689	0.00604
6	0.01539	0.01319	0.01539	0.01100	0.01759	0.00990	0.00880	0.01869	0.01539	0.02419	0.01319	0.01539	0.01100	0.00550	0.00550	0.00110	0.00550	0.00440	0.00440	0.78449
7	0.01539	0.01319	0.01539	0.01100	0.01759	0.00990	0.00880	0.01869	0.01539	0.02419	0.01319	0.01539	0.01100	0.00550	0.00550	0.00110	0.00550	0.00440	0.00440	0.78449
8	0.01870	0.01494	0.01692	0.01274	0.01869	0.01348	0.01022	0.20931	0.02105	0.03046	0.01660	0.06911	0.01429	0.00781	0.00636	0.00157	0.00620	0.00630	0.00547	0.49977
9	0.05692	0.60774	0.03503	0.01349	0.01940	0.12659	0.01272	0.02328	0.01583	0.01830	0.01049	0.01213	0.00946	0.00656	0.00503	0.00167	0.00862	0.00409	0.00334	0.00933
10	0.02629	0.16517	0.02431	0.01795	0.02224	0.58469	0.01404	0.02828	0.01995	0.01804	0.01126	0.01312	0.00956	0.00741	0.00634	0.00185	0.01239	0.00463	0.00371	0.00877
11	0.01539	0.01319	0.01539	0.01100	0.01759	0.00990	0.00880	0.01869	0.01539	0.02419	0.01319	0.01539	0.01100	0.00550	0.00550	0.00110	0.00550	0.00440	0.00440	0.78449
12	0.02822	0.02079	0.02228	0.01708	0.02302	0.02302	0.01411	0.66804	0.03490	0.04679	0.01782	0.01782	0.01262	0.00891	0.00743	0.00223	0.00817	0.00668	0.00743	0.01262
13	0.01179	0.00962	0.01510	0.01468	0.03961	0.00943	0.09783	0.04359	0.01510	0.02040	0.03124	0.42873	0.03533	0.10626	0.08092	0.00424	0.00763	0.01574	0.00581	0.00697
14	0.79154	0.01436	0.01091	0.00976	0.01436	0.01665	0.00804	0.02182	0.01263	0.03331	0.01034	0.01206	0.00804	0.00689	0.00459	0.00230	0.00574	0.00402	0.00459	0.00804
15	0.01837	0.01764	0.03013	0.04557	0.69279	0.01764	0.02278	0.02278	0.01690	0.02425	0.01396	0.01837	0.01176	0.00661	0.00735	0.00220	0.00882	0.00661	0.00367	0.01176
16	0.01894	0.01629	0.01787	0.01705	0.06026	0.01864	0.01253	0.06944	0.60748	0.03142	0.02862	0.02665	0.02151	0.00981	0.00754	0.00248	0.00617	0.00820	0.00731	0.01179
17	0.00892	0.00753	0.00772	0.00767	0.01012	0.00633	0.00576	0.01094	0.01727	0.02088	0.12726	0.07009	0.63722	0.01849	0.00877	0.00249	0.00374	0.01548	0.00700	0.00633
18	0.02098	0.01719	0.01820	0.01562	0.02026	0.01964	0.01236	0.20128	0.51346	0.03510	0.02702	0.02516	0.02008	0.00977	0.00752	0.00244	0.00647	0.00795	0.00752	0.01198
19	0.03123	0.01220	0.01640	0.01273	0.01819	0.01052	0.01046	0.03401	0.02088	0.64044	0.03318	0.02918	0.07533	0.01000	0.00758	0.00231	0.00610	0.00816	0.00899	0.01209
20	0.01079	0.00723	0.00827	0.00827	0.00833	0.00729	0.00472	0.01091	0.01085	0.01452	0.02323	0.04769	0.02660	0.70779	0.06857	0.00741	0.00778	0.01067	0.00447	0.00460
21	0.01929	0.01636	0.01725	0.01527	0.01962	0.01885	0.01195	0.09277	0.62472	0.03239	0.02916	0.02686	0.02181	0.00997	0.00754	0.00249	0.00607	0.00825	0.00754	0.01182
22	0.00940	0.00668	0.00883	0.01019	0.01064	0.00645	0.00679	0.01064	0.01359	0.01823	0.03692	0.58807	0.04372	0.11619	0.07243	0.00430	0.00599	0.01869	0.00634	0.00589
23	0.02234	0.01862	0.01889	0.01596	0.02066	0.06275	0.01269	0.27113	0.37143	0.03552	0.02402	0.02320	0.01795	0.01138	0.03662	0.00276	0.00778	0.00752	0.00713	0.01167
24	0.02168	0.57867	0.03474	0.01420	0.01996	0.18769	0.01308	0.02396	0.01647	0.01763	0.01059	0.01225	0.00954	0.00665	0.00521	0.00166	0.00921	0.00416	0.00333	0.00931
25	0.08609	0.20356	0.02546	0.01598	0.02044	0.09539	0.03899	0.12432	0.04555	0.02507	0.01280	0.01527	0.01070	0.00845	0.00999	0.00217	0.16464	0.00545	0.00438	0.08529
26	0.01705	0.16224	0.02139	0.03232	0.01908	0.01547	0.03978	0.09085	0.01749	0.02457	0.05562	0.02093	0.01601	0.07708	0.00906	0.00209	0.00677	0.00599	0.00467	0.36154
27	0.01644	0.01385	0.01602	0.04294	0.01822	0.04044	0.01093	0.11674	0.09729	0.02488	0.02039	0.10174	0.01908	0.08239	0.10634	0.00398	0.08678	0.00846	0.00527	0.16781
28	0.01640	0.06699	0.05800	0.01774	0.02339	0.01544	0.17519	0.06003	0.06107	0.02429	0.01791	0.09551	0.01606	0.01024	0.03031	0.00237	0.04591	0.00795	0.00468	0.25052
29	0.01812	0.01626	0.02612	0.04250	0.02616	0.01616	0.23083	0.10768	0.07384	0.05171	0.01891	0.08979	0.01618	0.00910	0.00897	0.00228	0.06274	0.00849	0.00515	0.16900
30	0.01804	0.04490	0.07411	0.02122	0.02766	0.01732	0.27575	0.10648	0.04330	0.02622	0.01527	0.01924	0.01213	0.03490	0.00952	0.00232	0.05026	0.00702	0.00446	0.18987
31	0.05379	0.01473	0.02440	0.01881	0.02355	0.01445	0.24592	0.08129	0.01778	0.02503	0.04586	0.11021	0.10886	0.01266	0.03539	0.00276	0.05294	0.01017	0.00512	0.09629
32	0.01695	0.01776	0.05608	0.04312	0.02431	0.07340	0.15741	0.04949	0.09928	0.02422	0.01994	0.07174	0.03816	0.01025	0.03011	0.00241	0.03184	0.00788	0.00483	0.22083
33	0.04624	0.01745	0.06213	0.02013	0.02626	0.01565	0.25706	0.05436	0.07893	0.02547	0.01725	0.06537	0.01451	0.00802	0.00818	0.00215	0.04150	0.00775	0.00465	0.22693

[dist]
# distance from previous block
# <min> <max>
6	38

[block]
# block no. 1 follows, 27 sequences, length 11
# corresponding to MSA columns:
# 92-102
name=unknown_B
#
# <colnr> <probs for GDERKNQSTAVLIFYWHMCP>
#	G	D	E	R	K	N	Q	S	T	A	V	L	I	F	Y	W	H	M	C	P
0	0.02247	0.01647	0.01836	0.01494	0.01885	0.01826	0.01181	0.43905	0.02675	0.03599	0.01974	0.08590	0.01753	0.10344	0.01404	0.06131	0.05015	0.00846	0.00645	0.01005
1	0.01753	0.01232	0.01423	0.03957	0.01652	0.01301	0.00962	0.21285	0.06750	0.06791	0.04870	0.20373	0.05766	0.16733	0.01445	0.00352	0.00648	0.01184	0.00663	0.00862
2	0.01818	0.01706	0.07233	0.27447	0.03307	0.01703	0.06440	0.21213	0.02078	0.02793	0.01684	0.05530	0.01404	0.06443	0.00980	0.00270	0.00890	0.00758	0.00488	0.05813
3	0.08653	0.10690	0.04861	0.40008	0.07486	0.04128	0.01764	0.02100	0.01549	0.05347	0.01498	0.02191	0.01222	0.00809	0.00697	0.00236	0.00901	0.04584	0.00394	0.00883
4	0.01529	0.01119	0.01309	0.01231	0.01450	0.01186	0.00906	0.19923	0.04937	0.02668	0.02975	0.34797	0.03200	0.11542	0.07253	0.00408	0.00719	0.01395	0.00651	0.00801
5	0.01405	0.00994	0.01124	0.01028	0.01180	0.01030	0.00703	0.14310	0.01706	0.02289	0.08263	0.09706	0.05574	0.42352	0.04744	0.00542	0.00712	0.01111	0.00567	0.00660
6	0.01397	0.01033	0.01291	0.01212	0.01377	0.01103	0.00908	0.06846	0.03500	0.04762	0.07772	0.21127	0.03234	0.18585	0.01758	0.00379	0.10197	0.07342	0.00593	0.05583
7	0.31824	0.05034	0.03826	0.03951	0.01735	0.03711	0.01051	0.08703	0.06273	0.02821	0.05716	0.02268	0.01661	0.11730	0.01207	0.00307	0.06186	0.00656	0.00501	0.00838
8	0.02038	0.01914	0.01884	0.12082	0.02439	0.14804	0.01363	0.17436	0.17873	0.02812	0.02399	0.06829	0.06489	0.01058	0.00855	0.00240	0.05088	0.00826	0.00584	0.00987
9	0.01641	0.01426	0.01852	0.07376	0.02238	0.01209	0.05664	0.06880	0.01699	0.02544	0.01368	0.01628	0.01105	0.00598	0.00604	0.00140	0.00658	0.00507	0.00449	0.60414
10	0.04034	0.01229	0.01872	0.44684	0.05636	0.01408	0.01643	0.01854	0.03471	0.02139	0.06270	0.03075	0.06497	0.00972	0.00760	0.00243	0.00817	0.06198	0.00442	0.06755

[dist]
# distance from previous block
# <min> <max>
0	2

[block]
# block no. 2 follows, 27 sequences, length 21
# corresponding to MSA columns:
# 105-125
name=unknown_C
#
# <colnr> <probs for GDERKNQSTAVLIFYWHMCP>
#	G	D	E	R	K	N	Q	S	T	A	V	L	I	F	Y	W	H	M	C	P
0	0.01574	0.01311	0.01926	0.05141	0.29480	0.01294	0.01442	0.07304	0.01815	0.05451	0.03550	0.14088	0.20011	0.01274	0.00807	0.00242	0.00665	0.01128	0.00558	0.00940
1	0.01286	0.00842	0.01044	0.01030	0.01211	0.00795	0.00744	0.05801	0.01803	0.08121	0.20588	0.32846	0.12391	0.06638	0.01079	0.00295	0.00466	0.01568	0.00729	0.00721
2	0.00976	0.00690	0.00896	0.01011	0.01074	0.00656	0.00692	0.01128	0.01469	0.01975	0.11571	0.48169	0.04733	0.14375	0.01427	0.00368	0.00491	0.07041	0.00663	0.00595
3	0.44610	0.01450	0.01355	0.01153	0.01616	0.01591	0.00928	0.10263	0.08106	0.09761	0.01673	0.04106	0.01333	0.03820	0.00708	0.00246	0.00610	0.00597	0.00573	0.05499
4	0.00984	0.00696	0.00835	0.00901	0.00958	0.00661	0.00575	0.01079	0.01351	0.01783	0.07721	0.32782	0.11525	0.32307	0.02125	0.00467	0.00541	0.01567	0.00596	0.00547
5	0.00957	0.00684	0.00891	0.01013	0.01083	0.00644	0.00697	0.01117	0.01498	0.02006	0.11713	0.52001	0.07233	0.09059	0.01213	0.00334	0.00464	0.06105	0.00681	0.00606
6	0.63525	0.01325	0.01082	0.00962	0.01391	0.01496	0.00786	0.02221	0.01362	0.07862	0.01350	0.01506	0.01022	0.00728	0.00487	0.00222	0.00548	0.00465	0.10838	0.00821
7	0.00926	0.00744	0.00819	0.00820	0.01028	0.00645	0.00603	0.01141	0.01746	0.02206	0.21386	0.12345	0.47072	0.04004	0.00970	0.00265	0.00385	0.01546	0.00712	0.00637
8	0.02480	0.01661	0.01846	0.01472	0.01932	0.01779	0.01170	0.43788	0.02794	0.12371	0.02186	0.07663	0.01826	0.12101	0.01220	0.00305	0.00750	0.00848	0.00717	0.01090
9	0.00918	0.00674	0.00865	0.01002	0.01085	0.00620	0.00691	0.01074	0.01502	0.01975	0.07726	0.58711	0.13734	0.02215	0.00937	0.00293	0.00428	0.04240	0.00695	0.00614
10	0.01018	0.00730	0.00848	0.00883	0.00971	0.00693	0.00588	0.01129	0.01380	0.01790	0.07952	0.15367	0.18170	0.37233	0.02321	0.00494	0.00577	0.06730	0.00579	0.00546
11	0.03140	0.01221	0.01662	0.01288	0.01829	0.01058	0.01058	0.03433	0.02123	0.64207	0.08443	0.02779	0.02270	0.00969	0.00757	0.00230	0.00608	0.00796	0.00910	0.01216
12	0.01059	0.00775	0.00959	0.00998	0.01135	0.00734	0.00717	0.04146	0.01727	0.02313	0.21994	0.32676	0.14203	0.07946	0.01150	0.00310	0.00458	0.05339	0.00706	0.00655
13	0.01538	0.00967	0.01164	0.01091	0.01320	0.00958	0.00812	0.09298	0.03584	0.10756	0.09060	0.20901	0.10561	0.12033	0.05545	0.00378	0.00632	0.03374	0.05247	0.00779
14	0.01026	0.00737	0.00907	0.00995	0.01056	0.00726	0.00651	0.01259	0.05845	0.01885	0.06158	0.45394	0.04157	0.23570	0.01777	0.00420	0.00524	0.01685	0.00627	0.00600
15	0.01156	0.00735	0.01042	0.01042	0.01125	0.00803	0.00758	0.01229	0.01146	0.01656	0.01864	0.02933	0.01792	0.12020	0.37833	0.23235	0.01319	0.00775	0.06991	0.00543
16	0.15317	0.01573	0.01621	0.06563	0.01988	0.07279	0.01105	0.17636	0.02104	0.19862	0.01971	0.02214	0.01473	0.07056	0.00925	0.00262	0.00729	0.00664	0.08666	0.00991
17	0.02606	0.01898	0.02034	0.01583	0.02107	0.02091	0.01287	0.58123	0.03194	0.04314	0.01860	0.02088	0.01414	0.06995	0.00986	0.00262	0.00786	0.00704	0.04502	0.01167
18	0.01547	0.00989	0.01156	0.01114	0.01332	0.05050	0.00834	0.01803	0.01850	0.14930	0.26427	0.27069	0.04729	0.01636	0.00861	0.00256	0.00506	0.04496	0.02632	0.00782
19	0.01628	0.01253	0.01558	0.01311	0.01597	0.01319	0.05304	0.16645	0.08466	0.02510	0.02117	0.03298	0.02014	0.31578	0.11147	0.00552	0.00920	0.00872	0.00536	0.05375
20	0.02227	0.01825	0.02374	0.01764	0.02399	0.01826	0.12382	0.34485	0.04730	0.03564	0.01638	0.01780	0.01224	0.00748	0.00709	0.00195	0.00804	0.00642	0.00591	0.24094

[dist]
# distance from previous block
# <min> <max>
10	22

[block]
# block no. 3 follows, 27 sequences, length 15
# corresponding to MSA columns:
# 148-162
name=unknown_D
#
# <colnr> <probs for GDERKNQSTAVLIFYWHMCP>
#	G	D	E	R	K	N	Q	S	T	A	V	L	I	F	Y	W	H	M	C	P
0	0.02130	0.37832	0.10104	0.01610	0.02163	0.18187	0.01510	0.06797	0.01745	0.02032	0.01135	0.01353	0.00976	0.00763	0.00779	0.00197	0.08893	0.00478	0.00362	0.00953
1	0.02009	0.37959	0.05100	0.08471	0.09107	0.06312	0.01513	0.11400	0.01825	0.02277	0.01331	0.04150	0.01171	0.00784	0.00680	0.00199	0.03750	0.00571	0.00402	0.00988
2	0.13522	0.12218	0.08795	0.19033	0.08701	0.02014	0.05169	0.14948	0.01880	0.02752	0.01333	0.01651	0.01029	0.00750	0.00721	0.00226	0.03247	0.00586	0.00433	0.00991
3	0.01986	0.02490	0.22367	0.09937	0.23054	0.05047	0.02131	0.18833	0.02113	0.02899	0.01457	0.01736	0.01100	0.00746	0.00726	0.00227	0.00960	0.00622	0.00445	0.01124
4	0.01846	0.01979	0.05768	0.05412	0.05258	0.15129	0.01283	0.02532	0.14362	0.02399	0.01615	0.01774	0.01283	0.00705	0.00641	0.00173	0.00784	0.00552	0.00472	0.36032
5	0.08651	0.02083	0.08959	0.01861	0.05561	0.03900	0.04444	0.31529	0.10474	0.08186	0.01809	0.01876	0.01318	0.00869	0.00820	0.00235	0.04994	0.00663	0.00621	0.01145
6	0.02669	0.01953	0.02105	0.01654	0.02216	0.02162	0.01353	0.52429	0.15112	0.07461	0.02061	0.01996	0.01472	0.00914	0.00745	0.00228	0.00767	0.00703	0.00753	0.01247
7	0.01078	0.00726	0.00841	0.00841	0.00852	0.00737	0.00489	0.01100	0.01089	0.01463	0.02311	0.04700	0.02630	0.68348	0.09247	0.00758	0.00823	0.01056	0.00446	0.00467
8	0.00942	0.00729	0.00858	0.00879	0.01056	0.00646	0.00639	0.01171	0.01766	0.02306	0.27313	0.22145	0.33161	0.01863	0.00893	0.00257	0.00380	0.01619	0.00732	0.00646
9	0.01041	0.00703	0.00821	0.00859	0.00869	0.00694	0.00503	0.01069	0.01155	0.01540	0.02726	0.19980	0.03187	0.58123	0.03154	0.00627	0.00656	0.01307	0.00503	0.00484
10	0.01570	0.06350	0.01701	0.01111	0.01769	0.01124	0.00907	0.01894	0.01537	0.02373	0.01300	0.01515	0.01089	0.00556	0.00545	0.00113	0.00567	0.00437	0.00431	0.73111
11	0.00929	0.00665	0.00883	0.01017	0.01082	0.00619	0.00691	0.01095	0.01535	0.02075	0.14889	0.62114	0.05259	0.02191	0.00936	0.00290	0.00417	0.01982	0.00710	0.00619
12	0.01064	0.00782	0.01127	0.01127	0.01236	0.00892	0.00845	0.01283	0.01173	0.01674	0.02049	0.03253	0.02002	0.17416	0.59320	0.01111	0.01769	0.00845	0.00407	0.00626
13	0.01558	0.01442	0.02002	0.04526	0.05405	0.01520	0.05039	0.01838	0.01390	0.02115	0.01289	0.01859	0.01170	0.05937	0.01445	0.00244	0.24839	0.00600	0.00390	0.35391
14	0.01831	0.01781	0.03109	0.04457	0.64718	0.01772	0.06764	0.02285	0.01695	0.02422	0.01404	0.01849	0.01172	0.00659	0.00745	0.00223	0.00908	0.00676	0.00368	0.01164

[dist]
# distance from previous block
# <min> <max>
34	61

[block]
# block no. 4 follows, 27 sequences, length 19
# corresponding to MSA columns:
# 226-234,260-269
name=unknown_E
#
# <colnr> <probs for GDERKNQSTAVLIFYWHMCP>
#	G	D	E	R	K	N	Q	S	T	A	V	L	I	F	Y	W	H	M	C	P
0	0.01323	0.00820	0.01055	0.00967	0.01198	0.00739	0.00735	0.01638	0.02030	0.11575	0.50530	0.08037	0.13453	0.01514	0.00862	0.00238	0.00393	0.01321	0.00811	0.00762
1	0.10165	0.01657	0.02147	0.27145	0.16774	0.07152	0.01715	0.08819	0.04472	0.06484	0.01646	0.02218	0.01317	0.00831	0.00721	0.00237	0.00879	0.04180	0.00469	0.00973
2	0.69154	0.01520	0.01240	0.01072	0.01549	0.01749	0.00884	0.10648	0.01555	0.03507	0.01132	0.01281	0.00864	0.00716	0.00497	0.00229	0.00606	0.00437	0.00497	0.00864
3	0.12659	0.13767	0.02062	0.01529	0.01924	0.39018	0.01207	0.02473	0.01861	0.02158	0.10023	0.01913	0.01764	0.01027	0.03470	0.00237	0.01048	0.00581	0.00440	0.00838
4	0.01153	0.00896	0.01033	0.00960	0.01204	0.00855	0.00731	0.05135	0.07246	0.02749	0.38872	0.05665	0.27580	0.01567	0.00859	0.00240	0.00404	0.01342	0.00764	0.00744
5	0.01435	0.00953	0.01341	0.01245	0.01396	0.01091	0.00961	0.01646	0.01289	0.10602	0.02037	0.03018	0.01878	0.15719	0.41661	0.00875	0.10845	0.00817	0.00465	0.00726
6	0.01892	0.01358	0.01600	0.01203	0.01794	0.01144	0.00962	0.10539	0.01862	0.11500	0.01810	0.07387	0.01519	0.00783	0.00632	0.00156	0.00586	0.00642	0.00562	0.52066
7	0.02030	0.52415	0.07244	0.01426	0.02030	0.10695	0.01363	0.02543	0.10285	0.01968	0.01324	0.01437	0.01124	0.00703	0.00549	0.00179	0.00848	0.00473	0.00382	0.00979
8	0.69025	0.01479	0.01343	0.01445	0.10324	0.01678	0.00997	0.02195	0.01319	0.03212	0.01081	0.01289	0.00853	0.00685	0.00496	0.00228	0.00615	0.00436	0.00447	0.00853
9	0.00915	0.00650	0.00858	0.01021	0.01061	0.00610	0.00675	0.01036	0.01401	0.01868	0.03989	0.69402	0.04780	0.06527	0.01114	0.00326	0.00448	0.02050	0.00675	0.00594
10	0.01061	0.00795	0.01193	0.01193	0.01326	0.00928	0.00928	0.01326	0.01193	0.01723	0.01988	0.02916	0.01856	0.05568	0.70968	0.01193	0.01988	0.00795	0.00398	0.00663
11	0.01068	0.00766	0.01043	0.01043	0.01123	0.00846	0.00740	0.01229	0.01149	0.01612	0.02126	0.03679	0.02187	0.32406	0.44583	0.01007	0.01490	0.00907	0.00418	0.00579
12	0.01846	0.01595	0.01679	0.01511	0.01930	0.01846	0.01175	0.03945	0.67938	0.03105	0.03022	0.02770	0.02266	0.01007	0.00755	0.00252	0.00588	0.00839	0.00755	0.01175
13	0.01314	0.01139	0.01807	0.13316	0.06007	0.01300	0.06430	0.04200	0.01433	0.01984	0.02080	0.02763	0.05823	0.03381	0.37768	0.00748	0.06514	0.00806	0.00410	0.00777
14	0.01019	0.00782	0.00957	0.01039	0.01230	0.00720	0.00837	0.01274	0.01701	0.02154	0.10495	0.14612	0.31832	0.01967	0.00943	0.00291	0.00501	0.26298	0.00697	0.00652
15	0.01035	0.00809	0.01116	0.08283	0.01549	0.00860	0.00899	0.01204	0.01402	0.01870	0.03566	0.50384	0.06565	0.07308	0.01252	0.00328	0.06221	0.04108	0.00606	0.00635
16	0.01035	0.00748	0.00966	0.00931	0.01090	0.00691	0.00684	0.01347	0.01989	0.02793	0.58846	0.11043	0.08601	0.04729	0.01007	0.00261	0.00374	0.01400	0.00787	0.00679
17	0.79154	0.01436	0.01091	0.00976	0.01436	0.01665	0.00804	0.02182	0.01263	0.03331	0.01034	0.01206	0.00804	0.00689	0.00459	0.00230	0.00574	0.00402	0.00459	0.00804
18	0.02547	0.06000	0.04881	0.02163	0.10686	0.39106	0.01567	0.16654	0.04948	0.02580	0.01393	0.01557	0.01102	0.00781	0.00690	0.00204	0.01106	0.00556	0.00468	0.01012

[dist]
# distance from previous block
# <min> <max>
0	5

[block]
# block no. 5 follows, 27 sequences, length 153
# corresponding to MSA columns:
# 275-427
name=unknown_F
#
# <colnr> <probs for GDERKNQSTAVLIFYWHMCP>
#	G	D	E	R	K	N	Q	S	T	A	V	L	I	F	Y	W	H	M	C	P
0	0.01600	0.01551	0.02636	0.36218	0.26784	0.01777	0.06060	0.02045	0.01531	0.02096	0.01316	0.01889	0.01060	0.00774	0.00950	0.00248	0.09492	0.00672	0.00345	0.00955
1	0.01526	0.01286	0.01690	0.17412	0.02492	0.01236	0.01202	0.07050	0.01623	0.02357	0.01478	0.01909	0.01224	0.01528	0.13336	0.00346	0.00932	0.00573	0.00432	0.40368
2	0.01063	0.00786	0.01147	0.01147	0.01264	0.00903	0.00871	0.01296	0.01179	0.01689	0.02030	0.03149	0.01957	0.13746	0.62928	0.01136	0.01837	0.00829	0.00404	0.00637
3	0.01150	0.00852	0.01062	0.01018	0.01037	0.00959	0.00676	0.01210	0.01104	0.01527	0.02105	0.04145	0.02346	0.54363	0.13210	0.00734	0.10566	0.00981	0.00426	0.00529
4	0.00911	0.00651	0.00867	0.01029	0.01078	0.00607	0.00690	0.01051	0.01453	0.01945	0.07086	0.70289	0.05007	0.02288	0.00944	0.00298	0.00427	0.02075	0.00695	0.00607
5	0.01985	0.74357	0.03890	0.01270	0.01905	0.02937	0.01270	0.02223	0.01508	0.01747	0.01032	0.01191	0.00953	0.00635	0.00476	0.00159	0.00794	0.00397	0.00318	0.00953
6	0.00960	0.00772	0.00867	0.00892	0.01118	0.00679	0.00702	0.01198	0.01747	0.02170	0.14658	0.07174	0.48784	0.01866	0.00905	0.00266	0.00431	0.13457	0.00705	0.00647
7	0.01985	0.74357	0.03890	0.01270	0.01905	0.02937	0.01270	0.02223	0.01508	0.01747	0.01032	0.01191	0.00953	0.00635	0.00476	0.00159	0.00794	0.00397	0.00318	0.00953
8	0.01846	0.01595	0.01679	0.01511	0.01930	0.01846	0.01175	0.03945	0.67938	0.03105	0.03022	0.02770	0.02266	0.01007	0.00755	0.00252	0.00588	0.00839	0.00755	0.01175
9	0.74122	0.01424	0.01133	0.00999	0.01466	0.01627	0.00823	0.02277	0.01321	0.07741	0.01159	0.01294	0.00873	0.00704	0.00478	0.00230	0.00578	0.00425	0.00490	0.00834
10	0.02822	0.02079	0.02228	0.01708	0.02302	0.02302	0.01411	0.66804	0.03490	0.04679	0.01782	0.01782	0.01262	0.00891	0.00743	0.00223	0.00817	0.00668	0.00743	0.01262
11	0.04829	0.69392	0.05909	0.01286	0.01930	0.02851	0.01300	0.02226	0.01501	0.01825	0.01042	0.01203	0.00947	0.00639	0.00483	0.00164	0.00795	0.00402	0.00323	0.00952
12	0.00904	0.00646	0.00861	0.01034	0.01077	0.00603	0.00689	0.01034	0.01421	0.01895	0.04092	0.73426	0.04910	0.02326	0.00948	0.00301	0.00431	0.02110	0.00689	0.00603
13	0.01799	0.01441	0.01591	0.01475	0.01856	0.01625	0.01175	0.03482	0.52410	0.06236	0.03185	0.03797	0.02617	0.01196	0.00805	0.00267	0.00608	0.12596	0.00750	0.01088
14	0.01289	0.00645	0.00967	0.00967	0.00967	0.00645	0.00645	0.00967	0.00967	0.01289	0.01289	0.02257	0.01289	0.02579	0.02901	0.78401	0.00645	0.00645	0.00322	0.00322
15	0.00928	0.00761	0.00823	0.00828	0.01062	0.00656	0.00635	0.01152	0.01753	0.02164	0.16130	0.07012	0.54735	0.01841	0.00889	0.00256	0.00397	0.06627	0.00707	0.00642
16	0.01752	0.02003	0.04380	0.03129	0.03880	0.01877	0.66583	0.02378	0.01752	0.02378	0.01502	0.02003	0.01126	0.00626	0.00876	0.00250	0.01252	0.00876	0.00375	0.01001
17	0.01384	0.00692	0.00692	0.00692	0.00865	0.00692	0.00519	0.01730	0.01557	0.02768	0.02422	0.02768	0.01903	0.00865	0.00519	0.00173	0.00346	0.00692	0.78031	0.00692
18	0.01985	0.74357	0.03890	0.01270	0.01905	0.02937	0.01270	0.02223	0.01508	0.01747	0.01032	0.01191	0.00953	0.00635	0.00476	0.00159	0.00794	0.00397	0.00318	0.00953
19	0.03331	0.01263	0.01723	0.01321	0.01895	0.01091	0.01091	0.03618	0.02125	0.69794	0.02929	0.02527	0.01838	0.00919	0.00747	0.00230	0.00632	0.00747	0.00919	0.01263
20	0.01539	0.01319	0.01539	0.01100	0.01759	0.00990	0.00880	0.01869	0.01539	0.02419	0.01319	0.01539	0.01100	0.00550	0.00550	0.00110	0.00550	0.00440	0.00440	0.78449
21	0.01384	0.00692	0.00692	0.00692	0.00865	0.00692	0.00519	0.01730	0.01557	0.02768	0.02422	0.02768	0.01903	0.00865	0.00519	0.00173	0.00346	0.00692	0.78031	0.00692
22	0.01923	0.01557	0.01819	0.11060	0.05222	0.01751	0.01321	0.14244	0.36136	0.05712	0.02929	0.02856	0.08157	0.01016	0.00762	0.00244	0.00676	0.00843	0.00680	0.01095
23	0.02822	0.02079	0.02228	0.01708	0.02302	0.02302	0.01411	0.66804	0.03490	0.04679	0.01782	0.01782	0.01262	0.00891	0.00743	0.00223	0.00817	0.00668	0.00743	0.01262
24	0.01384	0.00692	0.00692	0.00692	0.00865	0.00692	0.00519	0.01730	0.01557	0.02768	0.02422	0.02768	0.01903	0.00865	0.00519	0.00173	0.00346	0.00692	0.78031	0.00692
25	0.16464	0.01338	0.01641	0.01282	0.01838	0.01257	0.01059	0.06834	0.02050	0.54686	0.02537	0.02257	0.01627	0.00877	0.00696	0.00229	0.00632	0.00682	0.00829	0.01184
26	0.01837	0.01764	0.03013	0.04557	0.69279	0.01764	0.02278	0.02278	0.01690	0.02425	0.01396	0.01837	0.01176	0.00661	0.00735	0.00220	0.00882	0.00661	0.00367	0.01176
27	0.79154	0.01436	0.01091	0.00976	0.01436	0.01665	0.00804	0.02182	0.01263	0.03331	0.01034	0.01206	0.00804	0.00689	0.00459	0.00230	0.00574	0.00402	0.00459	0.00804
28	0.03030	0.01283	0.01731	0.04812	0.02044	0.01138	0.01124	0.03397	0.04432	0.58335	0.02717	0.02425	0.01749	0.00882	0.00730	0.00221	0.00641	0.00720	0.00843	0.07744
29	0.02307	0.02685	0.02179	0.01917	0.02154	0.39530	0.01511	0.05643	0.01778	0.01946	0.01108	0.01477	0.00979	0.00989	0.01394	0.00247	0.30360	0.00558	0.00377	0.00861
30	0.01976	0.01404	0.02071	0.01511	0.02144	0.01161	0.12795	0.02351	0.01741	0.18280	0.04853	0.02040	0.01551	0.00695	0.00670	0.00169	0.00687	0.00633	0.00558	0.42709
31	0.00989	0.00745	0.01046	0.01111	0.01212	0.00698	0.03301	0.01145	0.01401	0.01894	0.03612	0.58166	0.04248	0.07828	0.04983	0.00371	0.00576	0.01833	0.00631	0.04208
32	0.01061	0.00795	0.01193	0.01193	0.01326	0.00928	0.00928	0.01326	0.01193	0.01723	0.01988	0.02916	0.01856	0.05568	0.70968	0.01193	0.01988	0.00795	0.00398	0.00663
33	0.01838	0.01756	0.02952	0.04416	0.66170	0.01768	0.02227	0.02355	0.04749	0.02457	0.01471	0.01880	0.01226	0.00677	0.00736	0.00222	0.00868	0.00670	0.00385	0.01176
34	0.01520	0.01297	0.01518	0.01093	0.01734	0.00978	0.00873	0.01851	0.01562	0.02441	0.03982	0.01697	0.01332	0.00588	0.00563	0.00115	0.00542	0.00475	0.00455	0.75384
35	0.01559	0.01421	0.02090	0.35564	0.14396	0.01640	0.01732	0.02470	0.19963	0.02363	0.04594	0.02546	0.04739	0.00884	0.00756	0.00244	0.00809	0.00777	0.00489	0.00965
36	0.01883	0.01955	0.02389	0.32405	0.22264	0.17057	0.01929	0.05014	0.01773	0.02157	0.01402	0.01984	0.01146	0.00771	0.00733	0.00229	0.01020	0.02562	0.00381	0.00946
37	0.24299	0.13428	0.05151	0.01216	0.01663	0.01674	0.01065	0.07435	0.04826	0.08678	0.16037	0.02514	0.02429	0.03111	0.00797	0.00238	0.03244	0.00712	0.00577	0.00904
38	0.02580	0.03186	0.02179	0.02228	0.10888	0.58785	0.01532	0.02810	0.02032	0.01914	0.01308	0.01728	0.01138	0.00811	0.00694	0.00202	0.01250	0.03448	0.00394	0.00893
39	0.00962	0.00740	0.00889	0.00950	0.01120	0.00666	0.00714	0.01185	0.01693	0.02178	0.16830	0.24970	0.31337	0.01962	0.00918	0.00275	0.00431	0.10829	0.00711	0.00642
40	0.00986	0.00743	0.00911	0.00897	0.01076	0.00669	0.00662	0.01265	0.01907	0.02581	0.44323	0.14238	0.23596	0.01715	0.00885	0.00246	0.00367	0.01497	0.00767	0.00669
41	0.07473	0.01425	0.01672	0.08873	0.02167	0.01348	0.01103	0.11579	0.06235	0.06828	0.01695	0.04823	0.01375	0.00759	0.00635	0.00175	0.00640	0.00611	0.00534	0.40051
42	0.02086	0.01601	0.01776	0.01382	0.01906	0.01611	0.01103	0.32718	0.05177	0.03398	0.01815	0.04541	0.01519	0.07238	0.03090	0.00262	0.00733	0.00689	0.00605	0.26750
43	0.04287	0.01682	0.05469	0.07664	0.39381	0.01622	0.01896	0.08578	0.01860	0.08161	0.01872	0.05706	0.01629	0.00903	0.00761	0.00238	0.00825	0.05890	0.00488	0.01088
44	0.02010	0.51275	0.15589	0.01517	0.02199	0.12643	0.01560	0.02354	0.01606	0.01866	0.01103	0.01280	0.00951	0.00667	0.00546	0.00177	0.00928	0.00436	0.00326	0.00965
45	0.02362	0.01706	0.01929	0.01489	0.02040	0.01761	0.01216	0.38100	0.02639	0.09096	0.01807	0.03935	0.01392	0.01074	0.03900	0.00244	0.03389	0.00665	0.00649	0.20606
46	0.00998	0.00816	0.03461	0.01102	0.01206	0.00745	0.00819	0.01182	0.01353	0.01840	0.03310	0.43241	0.03791	0.11309	0.16849	0.00549	0.00850	0.05375	0.00582	0.00621
47	0.01384	0.00692	0.00692	0.00692	0.00865	0.00692	0.00519	0.01730	0.01557	0.02768	0.02422	0.02768	0.01903	0.00865	0.00519	0.00173	0.00346	0.00692	0.78031	0.00692
48	0.01354	0.00972	0.01288	0.01380	0.06693	0.00959	0.00963	0.04148	0.06801	0.05975	0.31629	0.13778	0.04826	0.05510	0.01034	0.00284	0.00520	0.10371	0.00723	0.00793
49	0.01570	0.13352	0.58418	0.02097	0.05639	0.01891	0.02524	0.02331	0.01564	0.02272	0.01294	0.01527	0.00951	0.00694	0.00675	0.00224	0.01047	0.00532	0.00316	0.01081
50	0.01032	0.00747	0.00951	0.00917	0.01072	0.00691	0.00668	0.01325	0.01935	0.02699	0.54362	0.10095	0.10661	0.08208	0.01146	0.00284	0.00391	0.01385	0.00767	0.00666
51	0.01751	0.01954	0.04108	0.03171	0.09539	0.01896	0.56208	0.02327	0.01702	0.02340	0.01455	0.01961	0.01120	0.00677	0.00976	0.00253	0.06349	0.00841	0.00371	0.01003
52	0.01565	0.01957	0.15124	0.33641	0.21857	0.01740	0.05409	0.02102	0.01550	0.02141	0.01333	0.01846	0.01037	0.00738	0.00833	0.00242	0.04918	0.00650	0.00339	0.00978
53	0.02679	0.03273	0.02065	0.01862	0.02257	0.60785	0.01406	0.05805	0.09026	0.02074	0.01370	0.01507	0.01106	0.00796	0.00681	0.00199	0.01238	0.00524	0.00437	0.00911
54	0.01559	0.01765	0.08413	0.02318	0.02842	0.01592	0.34950	0.05514	0.01683	0.02316	0.02056	0.17703	0.01976	0.01320	0.04464	0.00311	0.06769	0.01088	0.00457	0.00904
55	0.04964	0.08451	0.04905	0.17208	0.29902	0.04004	0.01837	0.02052	0.01608	0.02211	0.01788	0.06942	0.01684	0.00950	0.00745	0.00240	0.00854	0.08282	0.00415	0.00959
56	0.08928	0.04710	0.01890	0.01477	0.01977	0.07918	0.01185	0.24320	0.19013	0.07776	0.02004	0.02079	0.01523	0.03985	0.00818	0.00237	0.00742	0.00663	0.00645	0.08110
57	0.36398	0.05492	0.11716	0.04455	0.14529	0.01754	0.08412	0.02293	0.01490	0.05418	0.01276	0.01535	0.00980	0.00688	0.00610	0.00228	0.00803	0.00543	0.00420	0.00960
58	0.01437	0.01385	0.04303	0.01579	0.01792	0.03531	0.04475	0.05198	0.01408	0.02005	0.01815	0.04964	0.03596	0.03019	0.30670	0.00660	0.23123	0.00787	0.00411	0.03842
59	0.01403	0.00812	0.00898	0.00856	0.01001	0.00895	0.00657	0.01713	0.01486	0.02594	0.02234	0.02698	0.01814	0.03586	0.00882	0.00212	0.09560	0.00701	0.65299	0.00698
60	0.01706	0.19306	0.48967	0.01997	0.05809	0.01964	0.02313	0.02382	0.01587	0.05557	0.01347	0.01543	0.00998	0.00698	0.00658	0.00217	0.00997	0.00530	0.00347	0.01077
61	0.02544	0.05529	0.02081	0.01644	0.02144	0.17024	0.01316	0.26957	0.20987	0.09066	0.02054	0.01998	0.01511	0.00887	0.00718	0.00222	0.00849	0.00669	0.00663	0.01136
62	0.01391	0.00743	0.00765	0.00753	0.00921	0.00750	0.00552	0.04020	0.01580	0.02686	0.02457	0.05712	0.02068	0.07340	0.00830	0.00228	0.00399	0.00781	0.65335	0.00688
63	0.01666	0.01942	0.08665	0.02552	0.05894	0.01943	0.30889	0.02211	0.05147	0.02203	0.01487	0.04523	0.01266	0.00942	0.01371	0.00275	0.24882	0.00808	0.00386	0.00949
64	0.01752	0.02003	0.04380	0.03129	0.03880	0.01877	0.66583	0.02378	0.01752	0.02378	0.01502	0.02003	0.01126	0.00626	0.00876	0.00250	0.01252	0.00876	0.00375	0.01001
65	0.01384	0.00692	0.00692	0.00692	0.00865	0.00692	0.00519	0.01730	0.01557	0.02768	0.02422	0.02768	0.01903	0.00865	0.00519	0.00173	0.00346	0.00692	0.78031	0.00692
66	0.02024	0.70853	0.03802	0.01302	0.01925	0.06302	0.01278	0.02260	0.01538	0.01750	0.01038	0.01198	0.00953	0.00642	0.00486	0.00160	0.00821	0.00401	0.00321	0.00948
67	0.01061	0.00795	0.01193	0.01193	0.01326	0.00928	0.00928	0.01326	0.01193	0.01723	0.01988	0.02916	0.01856	0.05568	0.70968	0.01193	0.01988	0.00795	0.00398	0.00663
68	0.01582	0.03652	0.64411	0.02120	0.03181	0.01702	0.05196	0.02409	0.01600	0.05365	0.01410	0.01627	0.00988	0.00712	0.00714	0.00235	0.01082	0.00570	0.00343	0.01101
69	0.00891	0.00753	0.00771	0.00767	0.01011	0.00633	0.00575	0.01092	0.01725	0.02083	0.12403	0.07017	0.64047	0.01851	0.00877	0.00249	0.00374	0.01549	0.00700	0.00633
70	0.01553	0.06827	0.57728	0.02283	0.06168	0.01797	0.08763	0.02344	0.01588	0.02329	0.01337	0.01604	0.00969	0.00692	0.00712	0.00232	0.01088	0.00578	0.00322	0.01085
71	0.01061	0.00795	0.01193	0.01193	0.01326	0.00928	0.00928	0.01326	0.01193	0.01723	0.01988	0.02916	0.01856	0.05568	0.70968	0.01193	0.01988	0.00795	0.00398	0.00663
72	0.03331	0.01263	0.01723	0.01321	0.01895	0.01091	0.01091	0.03618	0.02125	0.69794	0.02929	0.02527	0.01838	0.00919	0.00747	0.00230	0.00632	0.00747	0.00919	0.01263
73	0.01985	0.74357	0.03890	0.01270	0.01905	0.02937	0.01270	0.02223	0.01508	0.01747	0.01032	0.01191	0.00953	0.00635	0.00476	0.00159	0.00794	0.00397	0.00318	0.00953
74	0.01545	0.01539	0.02456	0.16054	0.05207	0.01940	0.10345	0.01843	0.01332	0.01920	0.01386	0.07684	0.01330	0.01160	0.01707	0.00294	0.40254	0.00803	0.00364	0.00836
75	0.02822	0.02079	0.02228	0.01708	0.02302	0.02302	0.01411	0.66804	0.03490	0.04679	0.01782	0.01782	0.01262	0.00891	0.00743	0.00223	0.00817	0.00668	0.00743	0.01262
76	0.02595	0.01867	0.02049	0.01606	0.02129	0.02058	0.01312	0.55351	0.03115	0.06617	0.01867	0.02049	0.01401	0.04390	0.07759	0.00339	0.00921	0.00701	0.00703	0.01170
77	0.02822	0.02079	0.02228	0.01708	0.02302	0.02302	0.01411	0.66804	0.03490	0.04679	0.01782	0.01782	0.01262	0.00891	0.00743	0.00223	0.00817	0.00668	0.00743	0.01262
78	0.01125	0.00808	0.01073	0.01187	0.01322	0.00792	0.00928	0.04219	0.01709	0.02278	0.11454	0.35960	0.04732	0.02056	0.00962	0.00306	0.00541	0.27165	0.00704	0.00676
79	0.79154	0.01436	0.01091	0.00976	0.01436	0.01665	0.00804	0.02182	0.01263	0.03331	0.01034	0.01206	0.00804	0.00689	0.00459	0.00230	0.00574	0.00402	0.00459	0.00804
80	0.01051	0.00759	0.00992	0.00934	0.01109	0.00700	0.00700	0.01401	0.02101	0.02977	0.68888	0.05545	0.07005	0.01518	0.00876	0.00233	0.00350	0.01343	0.00817	0.00700
81	0.00904	0.00646	0.00861	0.01034	0.01077	0.00603	0.00689	0.01034	0.01421	0.01895	0.04092	0.73426	0.04910	0.02326	0.00948	0.00301	0.00431	0.02110	0.00689	0.00603
82	0.02609	0.01278	0.01583	0.01285	0.01771	0.01216	0.01037	0.06707	0.14038	0.42227	0.06731	0.03268	0.10694	0.01085	0.00771	0.00236	0.00587	0.00893	0.00845	0.01138
83	0.01646	0.01544	0.02578	0.39519	0.33647	0.01723	0.02136	0.04332	0.01646	0.02230	0.01370	0.01909	0.01082	0.00711	0.00739	0.00235	0.00936	0.00661	0.00361	0.00997
84	0.01985	0.74357	0.03890	0.01270	0.01905	0.02937	0.01270	0.02223	0.01508	0.01747	0.01032	0.01191	0.00953	0.00635	0.00476	0.00159	0.00794	0.00397	0.00318	0.00953
85	0.01649	0.14796	0.44032	0.02354	0.14034	0.01935	0.02334	0.02412	0.05484	0.02310	0.01394	0.01622	0.01060	0.00704	0.00676	0.00221	0.00982	0.00560	0.00349	0.01092
86	0.00942	0.00674	0.00838	0.00953	0.01008	0.00632	0.00621	0.01048	0.01371	0.01802	0.04046	0.50732	0.11079	0.18758	0.01592	0.00392	0.00492	0.01816	0.00634	0.00570
87	0.01639	0.01666	0.02631	0.08368	0.02587	0.02124	0.13683	0.02013	0.04587	0.01971	0.01204	0.01782	0.01068	0.01111	0.01914	0.00301	0.49428	0.00702	0.00356	0.00866
88	0.00903	0.00651	0.00856	0.01021	0.01073	0.00604	0.00683	0.01035	0.01434	0.01900	0.04250	0.70365	0.07868	0.02305	0.00944	0.00299	0.00428	0.02085	0.00689	0.00604
89	0.01445	0.01293	0.01594	0.05301	0.13649	0.06915	0.01231	0.01966	0.08293	0.02572	0.27973	0.04635	0.07023	0.01320	0.00840	0.00249	0.00638	0.11575	0.00643	0.00844
90	0.01446	0.01168	0.01213	0.01209	0.01423	0.06936	0.00894	0.04581	0.12175	0.05600	0.05965	0.32012	0.10418	0.05302	0.01011	0.00294	0.00585	0.06310	0.00679	0.00780
91	0.02498	0.01485	0.03923	0.01599	0.04721	0.01481	0.01279	0.06167	0.10407	0.35055	0.02621	0.02523	0.05313	0.01022	0.01052	0.00247	0.13641	0.00763	0.00713	0.03490
92	0.02773	0.03538	0.02104	0.01913	0.02295	0.70930	0.01434	0.02964	0.02104	0.01817	0.01148	0.01339	0.00956	0.00765	0.00669	0.00191	0.01339	0.00478	0.00383	0.00861
93	0.74965	0.01551	0.01147	0.01028	0.01483	0.05464	0.00839	0.02225	0.01309	0.03248	0.01040	0.01213	0.00812	0.00693	0.00471	0.00228	0.00616	0.00406	0.00455	0.00807
94	0.02588	0.01963	0.02096	0.01661	0.02213	0.02193	0.01354	0.51703	0.18973	0.04301	0.02080	0.02020	0.01504	0.00919	0.00746	0.00230	0.00762	0.00709	0.00746	0.01241
95	0.15820	0.01150	0.01382	0.01547	0.10003	0.01202	0.01010	0.09496	0.03688	0.02682	0.09042	0.28456	0.05153	0.01518	0.00878	0.03748	0.00566	0.01241	0.00610	0.00808
96	0.02174	0.01369	0.01569	0.01350	0.01789	0.01438	0.01067	0.03440	0.37883	0.23677	0.06680	0.03253	0.08803	0.01089	0.00770	0.00244	0.00569	0.00906	0.00803	0.01126
97	0.02038	0.09619	0.11737	0.03282	0.38798	0.11698	0.02036	0.05311	0.01811	0.04816	0.01389	0.01688	0.01119	0.00699	0.00696	0.00212	0.00954	0.00597	0.00394	0.01105
98	0.01784	0.01280	0.01481	0.01302	0.01652	0.01292	0.01008	0.24849	0.02231	0.05887	0.03004	0.30622	0.05316	0.01512	0.00820	0.00248	0.00602	0.04390	0.00689	0.10031
99	0.04978	0.27064	0.02867	0.02205	0.16043	0.29093	0.01531	0.04409	0.01827	0.02056	0.01175	0.01400	0.01004	0.00701	0.00612	0.00189	0.01017	0.00492	0.00371	0.00967
100	0.01205	0.00793	0.00955	0.00894	0.01090	0.00718	0.00648	0.01438	0.01795	0.08147	0.33737	0.05586	0.22489	0.15593	0.01428	0.00332	0.00453	0.01301	0.00720	0.00680
101	0.01201	0.00877	0.01039	0.00975	0.01187	0.03001	0.00742	0.01520	0.02032	0.06079	0.52681	0.05579	0.15018	0.01532	0.00868	0.00238	0.00412	0.03512	0.00786	0.00723
102	0.01068	0.00721	0.00807	0.00807	0.00820	0.00715	0.00456	0.01079	0.01113	0.01470	0.02623	0.04983	0.06334	0.69960	0.03619	0.00694	0.00701	0.01106	0.00463	0.00460
103	0.79154	0.01436	0.01091	0.00976	0.01436	0.01665	0.00804	0.02182	0.01263	0.03331	0.01034	0.01206	0.00804	0.00689	0.00459	0.00230	0.00574	0.00402	0.00459	0.00804
104	0.01384	0.00692	0.00692	0.00692	0.00865	0.00692	0.00519	0.01730	0.01557	0.02768	0.02422	0.02768	0.01903	0.00865	0.00519	0.00173	0.00346	0.00692	0.78031	0.00692
105	0.30083	0.01324	0.01500	0.01199	0.01733	0.01294	0.00990	0.03111	0.01821	0.46344	0.02260	0.02061	0.01473	0.00838	0.00645	0.00230	0.00611	0.00625	0.00757	0.01101
106	0.01061	0.00795	0.01193	0.01193	0.01326	0.00928	0.00928	0.01326	0.01193	0.01723	0.01988	0.02916	0.01856	0.05568	0.70968	0.01193	0.01988	0.00795	0.00398	0.00663
107	0.01985	0.74357	0.03890	0.01270	0.01905	0.02937	0.01270	0.02223	0.01508	0.01747	0.01032	0.01191	0.00953	0.00635	0.00476	0.00159	0.00794	0.00397	0.00318	0.00953
108	0.01752	0.02003	0.04380	0.03129	0.03880	0.01877	0.66583	0.02378	0.01752	0.02378	0.01502	0.02003	0.01126	0.00626	0.00876	0.00250	0.01252	0.00876	0.00375	0.01001
109	0.01719	0.02237	0.12750	0.03000	0.03795	0.01858	0.58449	0.02375	0.01729	0.02375	0.01480	0.01947	0.01103	0.00636	0.00854	0.00248	0.01232	0.00834	0.00368	0.01013
110	0.79154	0.01436	0.01091	0.00976	0.01436	0.01665	0.00804	0.02182	0.01263	0.03331	0.01034	0.01206	0.00804	0.00689	0.00459	0.00230	0.00574	0.00402	0.00459	0.00804
111	0.04189	0.00901	0.01164	0.01184	0.01359	0.00905	0.03612	0.01623	0.11229	0.02267	0.09466	0.43823	0.08192	0.01885	0.00891	0.00283	0.00498	0.05116	0.00687	0.00726
112	0.00912	0.00652	0.00868	0.01029	0.01078	0.00608	0.00690	0.01052	0.01455	0.01949	0.07292	0.70073	0.05013	0.02286	0.00944	0.00298	0.00427	0.02073	0.00695	0.00608
113	0.00904	0.00646	0.00861	0.01034	0.01077	0.00603	0.00689	0.01034	0.01421	0.01895	0.04092	0.73426	0.04910	0.02326	0.00948	0.00301	0.00431	0.02110	0.00689	0.00603
114	0.02738	0.06702	0.02184	0.01884	0.02278	0.67892	0.01427	0.02931	0.02077	0.01814	0.01142	0.01332	0.00956	0.00759	0.00661	0.00190	0.01314	0.00474	0.00380	0.00865
115	0.01982	0.01662	0.01755	0.01538	0.01982	0.01910	0.01208	0.12690	0.58972	0.03324	0.02849	0.02632	0.02127	0.00991	0.00754	0.00248	0.00619	0.00816	0.00754	0.01187
116	0.00904	0.00646	0.00861	0.01034	0.01077	0.00603	0.00689	0.01034	0.01421	0.01895	0.04092	0.73426	0.04910	0.02326	0.00948	0.00301	0.00431	0.02110	0.00689	0.00603
117	0.05038	0.01244	0.01491	0.01275	0.01670	0.01251	0.01003	0.09779	0.14868	0.25459	0.15454	0.12557	0.03215	0.01228	0.00789	0.00244	0.00561	0.01040	0.00801	0.01033
118	0.02015	0.01966	0.02855	0.04049	0.56862	0.08607	0.02120	0.07968	0.01888	0.02562	0.01406	0.01784	0.01162	0.00692	0.00729	0.00218	0.00921	0.00644	0.00402	0.01152
119	0.01846	0.01601	0.01727	0.01622	0.04384	0.01843	0.01215	0.03884	0.65524	0.03081	0.02962	0.02736	0.02226	0.00995	0.00755	0.00251	0.00598	0.00833	0.00741	0.01175
120	0.01985	0.74357	0.03890	0.01270	0.01905	0.02937	0.01270	0.02223	0.01508	0.01747	0.01032	0.01191	0.00953	0.00635	0.00476	0.00159	0.00794	0.00397	0.00318	0.00953
121	0.79154	0.01436	0.01091	0.00976	0.01436	0.01665	0.00804	0.02182	0.01263	0.03331	0.01034	0.01206	0.00804	0.00689	0.00459	0.00230	0.00574	0.00402	0.00459	0.00804
122	0.00877	0.00752	0.00752	0.00752	0.01003	0.00627	0.00564	0.01065	0.01692	0.02005	0.07520	0.07144	0.68978	0.01880	0.00877	0.00251	0.00376	0.01567	0.00689	0.00627
123	0.00938	0.00668	0.00889	0.01053	0.01106	0.00630	0.00723	0.01080	0.01432	0.01904	0.04002	0.64771	0.04759	0.05372	0.01076	0.00323	0.00465	0.07527	0.00678	0.00603
124	0.79154	0.01436	0.01091	0.00976	0.01436	0.01665	0.00804	0.02182	0.01263	0.03331	0.01034	0.01206	0.00804	0.00689	0.00459	0.00230	0.00574	0.00402	0.00459	0.00804
125	0.00904	0.00646	0.00861	0.01034	0.01077	0.00603	0.00689	0.01034	0.01421	0.01895	0.04092	0.73426	0.04910	0.02326	0.00948	0.00301	0.00431	0.02110	0.00689	0.00603
126	0.02822	0.02079	0.02228	0.01708	0.02302	0.02302	0.01411	0.66804	0.03490	0.04679	0.01782	0.01782	0.01262	0.00891	0.00743	0.00223	0.00817	0.00668	0.00743	0.01262
127	0.04933	0.01383	0.02280	0.60036	0.13411	0.01665	0.02034	0.01960	0.01502	0.02031	0.01317	0.01926	0.01006	0.00729	0.00729	0.00243	0.00957	0.00648	0.00341	0.00870
128	0.03289	0.01331	0.01764	0.01353	0.01929	0.01191	0.01117	0.08819	0.02237	0.64434	0.02834	0.02466	0.01790	0.00917	0.00746	0.00229	0.00647	0.00740	0.00904	0.01263
129	0.01760	0.01673	0.02769	0.06748	0.50990	0.01621	0.04979	0.02191	0.01656	0.02399	0.01384	0.01796	0.01151	0.00643	0.00707	0.00203	0.00842	0.00630	0.00380	0.15478
130	0.00981	0.00756	0.00895	0.00861	0.01066	0.00671	0.00645	0.01266	0.01936	0.02585	0.44146	0.06190	0.31990	0.01664	0.00876	0.00240	0.00361	0.01433	0.00766	0.00671
131	0.06350	0.02050	0.02175	0.01674	0.02262	0.02273	0.01383	0.63818	0.03387	0.04616	0.01748	0.01756	0.01241	0.00882	0.00730	0.00223	0.00806	0.00656	0.00730	0.01241
132	0.00904	0.00646	0.00861	0.01034	0.01077	0.00603	0.00689	0.01034	0.01421	0.01895	0.04092	0.73426	0.04910	0.02326	0.00948	0.00301	0.00431	0.02110	0.00689	0.00603
133	0.01603	0.01357	0.01573	0.01130	0.01786	0.01054	0.00906	0.05077	0.01636	0.02531	0.01342	0.01551	0.01108	0.00567	0.00559	0.00116	0.00563	0.00451	0.00455	0.74636
134	0.02669	0.02030	0.02134	0.01672	0.02218	0.05041	0.01371	0.58529	0.03236	0.04306	0.01774	0.01861	0.01301	0.01287	0.06765	0.00305	0.00939	0.00671	0.00698	0.01194
