[name]
unknown

[dist]
# distance from previous block
# <min> <max>
36	58

[block]
# block no. 0 follows, 29 sequences, length 10
# corresponding to MSA columns:
# 67-76
name=unknown_A
#
# <colnr> <probs for GDERKNQSTAVLIFYWHMCP>
#	G	D	E	R	K	N	Q	S	T	A	V	L	I	F	Y	W	H	M	C	P
0	0.02003	0.01760	0.02206	0.04416	0.06283	0.06071	0.09446	0.24570	0.05783	0.02973	0.01597	0.04444	0.01292	0.00810	0.00802	0.00203	0.05789	0.00665	0.00519	0.18367
1	0.02193	0.01431	0.01613	0.04226	0.01835	0.01530	0.01074	0.35950	0.02477	0.11190	0.02179	0.09429	0.01783	0.03386	0.00784	0.00229	0.00640	0.00806	0.16250	0.00996
2	0.01617	0.01235	0.01345	0.06699	0.01642	0.06012	0.00913	0.15189	0.01845	0.06056	0.10904	0.07201	0.05824	0.23962	0.04315	0.00399	0.00733	0.00948	0.00565	0.02596
3	0.02679	0.01907	0.01988	0.01568	0.02102	0.06780	0.01278	0.45480	0.10525	0.15301	0.01987	0.01908	0.01393	0.00864	0.00710	0.00216	0.00763	0.00660	0.00718	0.01175
4	0.01468	0.01313	0.01959	0.33362	0.10616	0.01475	0.01575	0.06291	0.01544	0.02126	0.01596	0.10664	0.01462	0.00924	0.00871	0.00226	0.08166	0.00770	0.00406	0.13185
5	0.01653	0.01737	0.03091	0.14857	0.13396	0.03998	0.29821	0.02219	0.06178	0.02151	0.01405	0.01867	0.01112	0.00755	0.01020	0.00245	0.12465	0.00726	0.00369	0.00935
6	0.01163	0.05233	0.01169	0.01091	0.04798	0.00987	0.00717	0.01541	0.10867	0.01855	0.03699	0.10014	0.20973	0.30657	0.01906	0.00416	0.00574	0.01147	0.00541	0.00652
7	0.15827	0.01390	0.01795	0.08370	0.02067	0.01612	0.06079	0.10468	0.05210	0.07180	0.01716	0.07619	0.01542	0.08878	0.01350	0.00299	0.16494	0.00767	0.00491	0.00843
8	0.05928	0.01296	0.01797	0.04886	0.01906	0.01380	0.09735	0.11493	0.01599	0.02306	0.01854	0.11724	0.01857	0.17471	0.01588	0.00334	0.10837	0.00889	0.00471	0.10648
9	0.05576	0.01124	0.01416	0.05210	0.01690	0.01075	0.04062	0.09398	0.01583	0.02299	0.02140	0.19926	0.02218	0.13458	0.02997	0.00306	0.00649	0.00979	0.00508	0.23385

[dist]
# distance from previous block
# <min> <max>
5	31

[block]
# block no. 1 follows, 29 sequences, length 63
# corresponding to MSA columns:
# 108-170
name=unknown_B
#
# <colnr> <probs for GDERKNQSTAVLIFYWHMCP>
#	G	D	E	R	K	N	Q	S	T	A	V	L	I	F	Y	W	H	M	C	P
0	0.02355	0.01598	0.01813	0.01375	0.01942	0.01583	0.01125	0.35276	0.02530	0.14740	0.04766	0.01918	0.01498	0.00790	0.00665	0.00184	0.00660	0.00618	0.00659	0.23905
1	0.06871	0.01697	0.01866	0.01451	0.01989	0.01798	0.01190	0.42409	0.06434	0.14817	0.04779	0.01980	0.01549	0.00854	0.00689	0.00209	0.00691	0.00658	0.00705	0.07365
2	0.11162	0.00976	0.01154	0.01027	0.01323	0.00959	0.00798	0.02068	0.08351	0.16387	0.37065	0.07061	0.06369	0.01242	0.00758	0.00228	0.00442	0.01056	0.00747	0.00829
3	0.05635	0.04720	0.12830	0.01327	0.01881	0.01283	0.01242	0.07988	0.04123	0.29974	0.15605	0.02648	0.02465	0.00927	0.00703	0.00214	0.00638	0.00754	0.00686	0.04356
4	0.01376	0.07175	0.01383	0.01094	0.01377	0.01118	0.00849	0.04052	0.14221	0.05581	0.29076	0.17833	0.04230	0.01345	0.00770	0.00226	0.00468	0.01168	0.00687	0.05973
5	0.30777	0.13015	0.06351	0.01312	0.01831	0.01931	0.01171	0.16998	0.07984	0.07166	0.01449	0.01529	0.01093	0.00763	0.00641	0.00215	0.03771	0.00519	0.00518	0.00968
6	0.01816	0.01408	0.01533	0.01274	0.01695	0.03789	0.01006	0.15177	0.20727	0.07141	0.19925	0.02903	0.02914	0.00983	0.00714	0.00204	0.00567	0.00815	0.00682	0.14726
7	0.01694	0.07039	0.30988	0.02167	0.16204	0.01532	0.01900	0.05097	0.01746	0.09529	0.13057	0.02280	0.02031	0.00824	0.00701	0.00217	0.00813	0.00692	0.00471	0.01018
8	0.01565	0.02180	0.21839	0.02610	0.25263	0.04974	0.06075	0.02240	0.09198	0.02280	0.02264	0.05539	0.09074	0.00887	0.00729	0.00226	0.00843	0.00786	0.00429	0.00998
9	0.01862	0.69143	0.09629	0.01289	0.01937	0.02716	0.01342	0.02143	0.01452	0.01726	0.01015	0.01174	0.00913	0.00615	0.00476	0.00159	0.00787	0.00393	0.00304	0.00926
10	0.01565	0.01486	0.02493	0.21845	0.36110	0.01517	0.06389	0.01985	0.01541	0.02164	0.01444	0.05333	0.01243	0.00716	0.00703	0.00210	0.00834	0.00688	0.00368	0.11366
11	0.00868	0.00620	0.00826	0.00991	0.01033	0.00578	0.00661	0.00991	0.01363	0.01818	0.03925	0.74510	0.04710	0.02231	0.00909	0.00289	0.00413	0.02024	0.00661	0.00578
12	0.01477	0.01266	0.01477	0.01055	0.01687	0.00949	0.00844	0.01793	0.01477	0.02320	0.01266	0.01477	0.01055	0.00527	0.00527	0.00105	0.00527	0.00422	0.00422	0.79328
13	0.03195	0.01212	0.01652	0.01267	0.01818	0.01047	0.01047	0.03470	0.02038	0.71026	0.02809	0.02424	0.01763	0.00881	0.00716	0.00220	0.00606	0.00716	0.00881	0.01212
14	0.01846	0.64760	0.10391	0.01385	0.02044	0.02653	0.04624	0.02152	0.01464	0.01762	0.01040	0.01216	0.00921	0.00615	0.00497	0.00164	0.00812	0.00418	0.00307	0.00930
15	0.00859	0.00675	0.00777	0.00852	0.00998	0.00593	0.00601	0.01019	0.01516	0.01906	0.07783	0.38037	0.37883	0.01989	0.00873	0.00262	0.00384	0.01736	0.00665	0.00593
16	0.04127	0.01858	0.14493	0.05526	0.19677	0.03621	0.07899	0.01984	0.03922	0.02193	0.04317	0.07491	0.06918	0.01002	0.00937	0.00242	0.09562	0.02897	0.00423	0.00912
17	0.00995	0.00727	0.00934	0.00883	0.01056	0.00667	0.00662	0.01319	0.01986	0.02785	0.65397	0.05435	0.11523	0.01482	0.00840	0.00225	0.00338	0.01304	0.00775	0.00667
18	0.01777	0.01553	0.01813	0.01708	0.06666	0.01749	0.04283	0.06226	0.56563	0.02932	0.02808	0.02652	0.04142	0.00948	0.00732	0.00238	0.00615	0.00810	0.00680	0.01106
19	0.01428	0.03683	0.71286	0.02030	0.03082	0.01654	0.02631	0.02255	0.01503	0.02255	0.01278	0.01503	0.00902	0.00677	0.00677	0.00226	0.01052	0.00526	0.00301	0.01052
20	0.01816	0.01524	0.01612	0.01422	0.01831	0.01738	0.01114	0.11017	0.56722	0.03101	0.04755	0.02813	0.05334	0.01005	0.00732	0.00238	0.00573	0.00831	0.00722	0.01100
21	0.01507	0.02044	0.18168	0.02237	0.04954	0.01506	0.30874	0.02062	0.01635	0.02339	0.10222	0.02185	0.01761	0.00738	0.00800	0.00216	0.03168	0.00754	0.00409	0.12421
22	0.01593	0.03178	0.53672	0.02168	0.03123	0.01642	0.15216	0.02340	0.01573	0.06785	0.01410	0.01645	0.00993	0.00675	0.00711	0.00228	0.01052	0.00600	0.00350	0.01045
23	0.01662	0.01255	0.01484	0.01099	0.01684	0.00997	0.00876	0.05151	0.01615	0.08949	0.01603	0.06213	0.01362	0.00685	0.00579	0.00133	0.00540	0.00562	0.00495	0.63053
24	0.02593	0.06862	0.02131	0.01890	0.04487	0.66349	0.01395	0.02786	0.01977	0.01759	0.01103	0.01293	0.00924	0.00724	0.00635	0.00183	0.01244	0.00461	0.00363	0.00840
25	0.02596	0.01887	0.02018	0.01560	0.02097	0.02084	0.01285	0.62804	0.03199	0.04340	0.01759	0.01786	0.01260	0.00853	0.00695	0.00210	0.00747	0.00643	0.07010	0.01167
26	0.01680	0.01450	0.02064	0.48907	0.03940	0.01735	0.01735	0.15572	0.11068	0.02520	0.01579	0.01963	0.01169	0.00776	0.00714	0.00233	0.00863	0.00658	0.00453	0.00922
27	0.00980	0.00720	0.00918	0.00883	0.01051	0.00658	0.00657	0.01285	0.01930	0.02685	0.58902	0.09977	0.13612	0.01544	0.00845	0.00230	0.00344	0.01359	0.00762	0.00658
28	0.01477	0.01394	0.02355	0.44381	0.29054	0.01576	0.01994	0.01917	0.01494	0.02007	0.01416	0.05208	0.01189	0.00753	0.00718	0.00230	0.00886	0.00698	0.00346	0.00906
29	0.00868	0.00620	0.00826	0.00991	0.01033	0.00578	0.00661	0.00991	0.01363	0.01818	0.03925	0.74510	0.04710	0.02231	0.00909	0.00289	0.00413	0.02024	0.00661	0.00578
30	0.02384	0.01822	0.02067	0.01745	0.05255	0.02064	0.01364	0.43988	0.14720	0.06040	0.01854	0.01888	0.01366	0.00909	0.00897	0.00230	0.08936	0.00671	0.00658	0.01144
31	0.00996	0.00727	0.00936	0.00884	0.01057	0.00667	0.00663	0.01322	0.01989	0.02792	0.65840	0.05424	0.11076	0.01480	0.00840	0.00225	0.00338	0.01303	0.00775	0.00667
32	0.07459	0.05881	0.58974	0.01985	0.02952	0.01700	0.06920	0.02240	0.01491	0.02308	0.01257	0.01493	0.00905	0.00668	0.00662	0.00224	0.01014	0.00532	0.00316	0.01020
33	0.01008	0.00728	0.00952	0.00896	0.01064	0.00672	0.00672	0.01344	0.02016	0.02855	0.70158	0.05319	0.06719	0.01456	0.00840	0.00224	0.00336	0.01288	0.00784	0.00672
34	0.01477	0.01266	0.01477	0.01055	0.01687	0.00949	0.00844	0.01793	0.01477	0.02320	0.01266	0.01477	0.01055	0.00527	0.00527	0.00105	0.00527	0.00422	0.00422	0.79328
35	0.01999	0.01549	0.06863	0.04511	0.04332	0.01312	0.03488	0.05854	0.13771	0.18631	0.01949	0.01965	0.01415	0.00729	0.00651	0.00184	0.00655	0.00608	0.00580	0.28953
36	0.01745	0.01082	0.05961	0.01085	0.01441	0.00844	0.00912	0.02037	0.01829	0.26100	0.21979	0.14011	0.15294	0.01372	0.00796	0.00235	0.00494	0.01178	0.00746	0.00860
37	0.01008	0.00728	0.00952	0.00896	0.01064	0.00672	0.00672	0.01344	0.02016	0.02855	0.70158	0.05319	0.06719	0.01456	0.00840	0.00224	0.00336	0.01288	0.00784	0.00672
38	0.07381	0.00719	0.00693	0.00685	0.00872	0.00736	0.00519	0.01693	0.01472	0.02696	0.02220	0.02539	0.01744	0.00817	0.00493	0.00170	0.00349	0.00642	0.72889	0.00672
39	0.01568	0.20345	0.49581	0.02039	0.08558	0.01930	0.02261	0.02220	0.01500	0.02125	0.01216	0.01441	0.00924	0.00657	0.00627	0.00207	0.00966	0.00501	0.00306	0.01026
40	0.01888	0.72087	0.03662	0.01248	0.01829	0.02789	0.01234	0.02113	0.01431	0.01677	0.00987	0.01161	0.00915	0.00638	0.00541	0.00159	0.04036	0.00392	0.00305	0.00908
41	0.01443	0.00776	0.00788	0.00746	0.00945	0.00793	0.00570	0.07249	0.01649	0.02809	0.02271	0.02575	0.01773	0.00832	0.00516	0.00170	0.00370	0.00662	0.72354	0.00710
42	0.01040	0.00796	0.01188	0.01175	0.01297	0.00944	0.00918	0.01290	0.01142	0.01656	0.01866	0.02745	0.01745	0.05168	0.69216	0.01109	0.04927	0.00757	0.00379	0.00642
43	0.06070	0.01730	0.02930	0.15567	0.36600	0.04784	0.17605	0.02169	0.01596	0.02251	0.01321	0.01768	0.01057	0.00645	0.00721	0.00222	0.00950	0.00661	0.00354	0.00997
44	0.01397	0.01324	0.02239	0.64149	0.09128	0.01602	0.04163	0.01919	0.03524	0.01904	0.01326	0.01913	0.01003	0.00711	0.00716	0.00236	0.00939	0.00645	0.00333	0.00829
45	0.01008	0.00728	0.00952	0.00896	0.01064	0.00672	0.00672	0.01344	0.02016	0.02855	0.70158	0.05319	0.06719	0.01456	0.00840	0.00224	0.00336	0.01288	0.00784	0.00672
46	0.00883	0.00699	0.00802	0.00874	0.01041	0.00617	0.00646	0.01061	0.01540	0.01912	0.05766	0.29054	0.41670	0.01961	0.00879	0.00266	0.00410	0.08659	0.00661	0.00600
47	0.02080	0.04348	0.02090	0.08518	0.17666	0.17768	0.01468	0.06514	0.13639	0.09661	0.07520	0.02167	0.01782	0.00829	0.00699	0.00213	0.00832	0.00679	0.00529	0.00997
48	0.01428	0.03683	0.71286	0.02030	0.03082	0.01654	0.02631	0.02255	0.01503	0.02255	0.01278	0.01503	0.00902	0.00677	0.00677	0.00226	0.01052	0.00526	0.00301	0.01052
49	0.01029	0.00687	0.00779	0.00786	0.00787	0.00686	0.00441	0.01034	0.01049	0.01399	0.02314	0.07570	0.02677	0.71945	0.03511	0.00674	0.00679	0.01077	0.00441	0.00438
50	0.01286	0.00950	0.01243	0.01341	0.01549	0.00986	0.01154	0.04722	0.09115	0.02330	0.03582	0.07160	0.03758	0.01808	0.00943	0.00313	0.00651	0.55711	0.00666	0.00732
51	0.01736	0.01664	0.02842	0.08799	0.66314	0.01685	0.02172	0.02162	0.01609	0.02294	0.01335	0.01771	0.01116	0.00639	0.00705	0.00213	0.00853	0.00634	0.00350	0.01106
52	0.01449	0.01473	0.02825	0.09156	0.08345	0.01509	0.31709	0.01870	0.01515	0.02072	0.01930	0.13631	0.01856	0.01253	0.04476	0.00302	0.08134	0.05233	0.00418	0.00845
53	0.02872	0.01384	0.01724	0.01336	0.01859	0.01332	0.01098	0.20969	0.02394	0.46936	0.08339	0.02479	0.02041	0.00924	0.00726	0.00219	0.00631	0.00745	0.00827	0.01165
54	0.01762	0.01692	0.02890	0.04371	0.70533	0.01692	0.02185	0.02185	0.01621	0.02326	0.01339	0.01762	0.01128	0.00634	0.00705	0.00211	0.00846	0.00634	0.00352	0.01128
55	0.00966	0.00726	0.00894	0.00852	0.01038	0.00654	0.00639	0.01263	0.01917	0.02621	0.54306	0.05705	0.22717	0.01543	0.00840	0.00228	0.00342	0.01342	0.00753	0.00654
56	0.01477	0.01266	0.01477	0.01055	0.01687	0.00949	0.00844	0.01793	0.01477	0.02320	0.01266	0.01477	0.01055	0.00527	0.00527	0.00105	0.00527	0.00422	0.00422	0.79328
57	0.80005	0.01377	0.01047	0.00936	0.01377	0.01597	0.00771	0.02093	0.01212	0.03195	0.00991	0.01157	0.00771	0.00661	0.00441	0.00220	0.00551	0.00386	0.00441	0.00771
58	0.01036	0.00690	0.00777	0.00777	0.00777	0.00690	0.00431	0.01036	0.01036	0.01381	0.02244	0.04660	0.02589	0.74975	0.03624	0.00690	0.00690	0.01036	0.00431	0.00431
59	0.01345	0.01266	0.02136	0.73264	0.04904	0.01582	0.01978	0.01819	0.01424	0.01819	0.01266	0.01898	0.00949	0.00712	0.00712	0.00237	0.00949	0.00633	0.00316	0.00791
60	0.01477	0.01266	0.01477	0.01055	0.01687	0.00949	0.00844	0.01793	0.01477	0.02320	0.01266	0.01477	0.01055	0.00527	0.00527	0.00105	0.00527	0.00422	0.00422	0.79328
61	0.72540	0.01407	0.01222	0.01264	0.07975	0.01606	0.00906	0.02102	0.01251	0.03112	0.01025	0.01215	0.00805	0.00658	0.00466	0.00219	0.00579	0.00409	0.00432	0.00805
62	0.01763	0.01676	0.02768	0.04092	0.63981	0.01699	0.02084	0.02338	0.08073	0.02389	0.01488	0.01848	0.01228	0.00666	0.00707	0.00214	0.00819	0.00651	0.00388	0.01128

[dist]
# distance from previous block
# <min> <max>
0	1

[block]
# block no. 2 follows, 29 sequences, length 80
# corresponding to MSA columns:
# 172-251
name=unknown_C
#
# <colnr> <probs for GDERKNQSTAVLIFYWHMCP>
#	G	D	E	R	K	N	Q	S	T	A	V	L	I	F	Y	W	H	M	C	P
0	0.00991	0.00727	0.00929	0.00879	0.01054	0.00665	0.00659	0.01312	0.01977	0.02763	0.63942	0.05470	0.12992	0.01490	0.00840	0.00226	0.00338	0.01309	0.00772	0.00665
1	0.01477	0.01266	0.01477	0.01055	0.01687	0.00949	0.00844	0.01793	0.01477	0.02320	0.01266	0.01477	0.01055	0.00527	0.00527	0.00105	0.00527	0.00422	0.00422	0.79328
2	0.01428	0.03683	0.71286	0.02030	0.03082	0.01654	0.02631	0.02255	0.01503	0.02255	0.01278	0.01503	0.00902	0.00677	0.00677	0.00226	0.01052	0.00526	0.00301	0.01052
3	0.02456	0.20462	0.02481	0.01571	0.02097	0.18490	0.01315	0.33886	0.05483	0.03091	0.01443	0.01513	0.01112	0.00771	0.00633	0.00193	0.00884	0.00542	0.00532	0.01045
4	0.00860	0.00722	0.00747	0.00741	0.00973	0.00609	0.00556	0.01058	0.01667	0.02027	0.14193	0.06683	0.63200	0.01765	0.00841	0.00239	0.00358	0.01479	0.00675	0.00609
5	0.00862	0.00640	0.00805	0.00938	0.01019	0.00583	0.00637	0.00998	0.01415	0.01839	0.04576	0.61103	0.17696	0.02146	0.00896	0.00280	0.00403	0.01921	0.00661	0.00583
6	0.00952	0.00712	0.00886	0.00885	0.01049	0.00646	0.00656	0.01218	0.01810	0.02454	0.43085	0.16745	0.20846	0.01675	0.00856	0.00241	0.00364	0.03548	0.00732	0.00640
7	0.37279	0.01927	0.01631	0.01354	0.01835	0.12359	0.01096	0.28865	0.02194	0.03500	0.01298	0.01399	0.00970	0.00750	0.00580	0.00212	0.00754	0.00500	0.00539	0.00957
8	0.01085	0.00834	0.01157	0.01120	0.01195	0.00981	0.00833	0.01253	0.01106	0.01580	0.01893	0.03201	0.01920	0.25353	0.43887	0.00914	0.09879	0.00827	0.00388	0.00592
9	0.00993	0.00727	0.00931	0.00880	0.01055	0.00666	0.00660	0.01315	0.01980	0.02772	0.64502	0.05457	0.12427	0.01487	0.00840	0.00225	0.00338	0.01307	0.00773	0.00666
10	0.80005	0.01377	0.01047	0.00936	0.01377	0.01597	0.00771	0.02093	0.01212	0.03195	0.00991	0.01157	0.00771	0.00661	0.00441	0.00220	0.00551	0.00386	0.00441	0.00771
11	0.01636	0.01786	0.09418	0.19496	0.46098	0.01667	0.02136	0.02180	0.04542	0.02234	0.01385	0.01807	0.01111	0.00671	0.00705	0.00220	0.00877	0.00631	0.00356	0.01045
12	0.01668	0.11119	0.10373	0.05865	0.13710	0.01832	0.35788	0.02194	0.01601	0.02192	0.01334	0.01729	0.01042	0.00615	0.00730	0.00215	0.01023	0.00684	0.00348	0.05940
13	0.05899	0.02566	0.01842	0.01643	0.01987	0.44051	0.01265	0.09884	0.01949	0.04379	0.01342	0.01619	0.01111	0.01512	0.12204	0.00350	0.04581	0.00541	0.00426	0.00847
14	0.00996	0.00727	0.00935	0.00883	0.01056	0.00667	0.00662	0.01320	0.01987	0.02787	0.65558	0.05431	0.11361	0.01481	0.00840	0.00225	0.00338	0.01303	0.00775	0.00667
15	0.01516	0.04471	0.03210	0.05759	0.07344	0.01622	0.40216	0.01960	0.01550	0.02107	0.01838	0.15562	0.01745	0.00966	0.00940	0.00250	0.06651	0.01006	0.00409	0.00875
16	0.01761	0.01748	0.02705	0.15249	0.55001	0.06821	0.02093	0.02175	0.01619	0.02202	0.01310	0.01749	0.01084	0.00654	0.00701	0.00214	0.00895	0.00621	0.00348	0.01052
17	0.03195	0.01212	0.01652	0.01267	0.01818	0.01047	0.01047	0.03470	0.02038	0.71026	0.02809	0.02424	0.01763	0.00881	0.00716	0.00220	0.00606	0.00716	0.00881	0.01212
18	0.01778	0.01328	0.01461	0.01299	0.01679	0.01453	0.01013	0.03223	0.47300	0.11302	0.10724	0.03306	0.08845	0.01086	0.00747	0.00237	0.00525	0.00911	0.00745	0.01039
19	0.00964	0.00726	0.00891	0.00850	0.01037	0.00653	0.00638	0.01259	0.01913	0.02611	0.53673	0.05721	0.23355	0.01547	0.00840	0.00228	0.00342	0.01344	0.00752	0.00653
20	0.01428	0.03683	0.71286	0.02030	0.03082	0.01654	0.02631	0.02255	0.01503	0.02255	0.01278	0.01503	0.00902	0.00677	0.00677	0.00226	0.01052	0.00526	0.00301	0.01052
21	0.02743	0.01937	0.02102	0.01611	0.02180	0.02123	0.01331	0.63432	0.03252	0.09350	0.01790	0.01762	0.01251	0.00857	0.00713	0.00214	0.00771	0.00647	0.00725	0.01211
22	0.00852	0.00722	0.00735	0.00732	0.00968	0.00605	0.00549	0.01041	0.01647	0.01980	0.11040	0.06760	0.66383	0.01782	0.00841	0.00239	0.00359	0.01490	0.00669	0.00605
23	0.00868	0.00620	0.00826	0.00991	0.01033	0.00578	0.00661	0.00991	0.01363	0.01818	0.03925	0.74510	0.04710	0.02231	0.00909	0.00289	0.00413	0.02024	0.00661	0.00578
24	0.01701	0.01629	0.02780	0.14466	0.60916	0.01676	0.02155	0.02132	0.01592	0.02252	0.01329	0.01782	0.01102	0.00646	0.00706	0.00215	0.00861	0.00634	0.00347	0.01079
25	0.01345	0.01266	0.02136	0.73264	0.04904	0.01582	0.01978	0.01819	0.01424	0.01819	0.01266	0.01898	0.00949	0.00712	0.00712	0.00237	0.00949	0.00633	0.00316	0.00791
26	0.01771	0.01530	0.01610	0.01449	0.01852	0.01771	0.01127	0.03784	0.69247	0.02979	0.02898	0.02657	0.02174	0.00966	0.00725	0.00242	0.00564	0.00805	0.00725	0.01127
27	0.00874	0.00626	0.00820	0.00972	0.01019	0.00584	0.00647	0.00995	0.01358	0.01802	0.03969	0.68979	0.06983	0.05431	0.01026	0.00305	0.00423	0.01962	0.00651	0.00573
28	0.01610	0.01344	0.01548	0.01118	0.01744	0.01085	0.00899	0.08974	0.01679	0.02555	0.01314	0.01502	0.01072	0.00563	0.00547	0.00117	0.00555	0.00446	0.00453	0.70876
29	0.01558	0.01558	0.02181	0.01869	0.01869	0.02181	0.01558	0.01714	0.01091	0.01714	0.00935	0.01558	0.00935	0.01246	0.02337	0.00312	0.73672	0.00623	0.00312	0.00779
30	0.03195	0.01212	0.01652	0.01267	0.01818	0.01047	0.01047	0.03470	0.02038	0.71026	0.02809	0.02424	0.01763	0.00881	0.00716	0.00220	0.00606	0.00716	0.00881	0.01212
31	0.01141	0.00816	0.01139	0.01293	0.01457	0.00813	0.01127	0.01469	0.01656	0.02163	0.06692	0.07913	0.04213	0.01945	0.00977	0.00323	0.00642	0.62904	0.00661	0.00656
32	0.02401	0.02152	0.13138	0.01652	0.02275	0.01986	0.01508	0.44589	0.12171	0.08032	0.01874	0.01853	0.01330	0.00843	0.00709	0.00220	0.00785	0.00650	0.00658	0.01174
33	0.02597	0.01921	0.02064	0.01605	0.02146	0.02125	0.01316	0.63078	0.05589	0.04323	0.01844	0.04790	0.01391	0.00916	0.00721	0.00218	0.00760	0.00705	0.00711	0.01182
34	0.01008	0.00731	0.00952	0.00907	0.01077	0.00675	0.00686	0.01339	0.01989	0.02799	0.65650	0.05472	0.08550	0.01486	0.00846	0.00229	0.00349	0.03811	0.00775	0.00669
35	0.01969	0.07678	0.01823	0.01425	0.01869	0.01820	0.01142	0.07642	0.53442	0.09083	0.02657	0.02450	0.01972	0.00922	0.00701	0.00230	0.00598	0.00751	0.00703	0.01122
36	0.68978	0.01372	0.01204	0.06335	0.03666	0.01578	0.00911	0.02130	0.01272	0.05718	0.01093	0.01278	0.00833	0.00673	0.00479	0.00221	0.00591	0.00424	0.00446	0.00800
37	0.01550	0.01526	0.02294	0.45413	0.18696	0.06745	0.03869	0.02049	0.04127	0.01994	0.01435	0.02093	0.01160	0.00752	0.00720	0.00232	0.00932	0.03176	0.00358	0.00879
38	0.03129	0.01214	0.01646	0.01259	0.01813	0.01043	0.01039	0.03406	0.02017	0.68392	0.02750	0.02387	0.01736	0.00868	0.00709	0.00216	0.00603	0.00705	0.00864	0.04207
39	0.00888	0.00634	0.00847	0.00991	0.01036	0.00607	0.00665	0.01014	0.01330	0.01782	0.03687	0.65516	0.04382	0.06367	0.06261	0.00373	0.00537	0.01879	0.00628	0.00575
40	0.01621	0.02113	0.17545	0.20078	0.27222	0.04785	0.09270	0.02214	0.04213	0.02184	0.01370	0.01770	0.01062	0.00676	0.00713	0.00224	0.00962	0.00632	0.00349	0.00999
41	0.01904	0.75404	0.03731	0.01218	0.01828	0.02818	0.01218	0.02132	0.01447	0.01675	0.00990	0.01142	0.00914	0.00609	0.00457	0.00152	0.00761	0.00381	0.00305	0.00914
42	0.02707	0.01995	0.02137	0.01638	0.02208	0.02208	0.01353	0.68159	0.03348	0.04488	0.01710	0.01710	0.01211	0.00855	0.00712	0.00214	0.00784	0.00641	0.00712	0.01211
43	0.00929	0.00725	0.00842	0.00813	0.01015	0.00638	0.00610	0.01191	0.01829	0.02412	0.40224	0.06048	0.36929	0.01621	0.00841	0.00232	0.00348	0.01390	0.00726	0.00638
44	0.01520	0.01442	0.02469	0.53348	0.04376	0.01692	0.12504	0.07400	0.01612	0.02111	0.01318	0.01874	0.00991	0.00726	0.00794	0.00239	0.03708	0.00666	0.00356	0.00853
45	0.00842	0.00721	0.00721	0.00721	0.00962	0.00601	0.00541	0.01022	0.01623	0.01924	0.07213	0.06853	0.70244	0.01803	0.00842	0.00240	0.00361	0.01503	0.00661	0.00601
46	0.01447	0.00881	0.01107	0.00997	0.01254	0.00822	0.00764	0.03956	0.05041	0.14478	0.41483	0.09849	0.12264	0.01410	0.00814	0.00230	0.00416	0.01224	0.00773	0.00789
47	0.02007	0.01647	0.01743	0.01497	0.01941	0.01881	0.01184	0.20003	0.52644	0.03359	0.02599	0.02418	0.01931	0.00938	0.00721	0.00235	0.00619	0.00764	0.00721	0.01148
48	0.01898	0.01717	0.02682	0.06440	0.53909	0.01774	0.01995	0.12839	0.04978	0.02684	0.01467	0.01800	0.01182	0.00688	0.00707	0.00214	0.00827	0.00643	0.00426	0.01128
49	0.01036	0.00690	0.00777	0.00777	0.00777	0.00690	0.00431	0.01036	0.01036	0.01381	0.02244	0.04660	0.02589	0.74975	0.03624	0.00690	0.00690	0.01036	0.00431	0.00431
50	0.02234	0.01964	0.10697	0.01506	0.02154	0.01726	0.01358	0.37884	0.02525	0.07365	0.01595	0.01660	0.01160	0.00744	0.00657	0.00186	0.00737	0.00570	0.00590	0.22691
51	0.01643	0.38156	0.36280	0.01599	0.02407	0.02181	0.01882	0.02164	0.01494	0.01996	0.03527	0.01462	0.01109	0.00671	0.00576	0.00190	0.00887	0.00482	0.00319	0.00972
52	0.01135	0.00810	0.01133	0.01297	0.01455	0.00809	0.01125	0.01453	0.01627	0.02117	0.03777	0.11071	0.04126	0.01979	0.00980	0.00326	0.00645	0.62828	0.00656	0.00652
53	0.01428	0.03683	0.71286	0.02030	0.03082	0.01654	0.02631	0.02255	0.01503	0.02255	0.01278	0.01503	0.00902	0.00677	0.00677	0.00226	0.01052	0.00526	0.00301	0.01052
54	0.01784	0.05160	0.07932	0.03632	0.47815	0.03877	0.09389	0.04365	0.01656	0.02313	0.01317	0.01709	0.01085	0.00671	0.00780	0.00217	0.04237	0.00633	0.00358	0.01072
55	0.02285	0.03954	0.01761	0.01426	0.01892	0.03870	0.01141	0.10646	0.39841	0.21182	0.02626	0.02399	0.01879	0.00912	0.00710	0.00228	0.00628	0.00739	0.00740	0.01142
56	0.01018	0.00760	0.01128	0.01128	0.01249	0.00881	0.00869	0.01261	0.01139	0.01641	0.01923	0.02883	0.01817	0.08524	0.69021	0.01124	0.01852	0.00775	0.00384	0.00626
57	0.02322	0.01711	0.01862	0.01487	0.01958	0.01867	0.01203	0.53879	0.02970	0.03981	0.06018	0.11298	0.04012	0.01091	0.00748	0.00225	0.00699	0.00879	0.00708	0.01082
58	0.02547	0.01968	0.02386	0.01943	0.06637	0.02136	0.07927	0.57574	0.03076	0.04136	0.01660	0.01734	0.01193	0.00816	0.00724	0.00216	0.00828	0.00660	0.00655	0.01181
59	0.01083	0.00911	0.01427	0.07139	0.01751	0.00926	0.08845	0.01406	0.05240	0.01946	0.03266	0.51689	0.03703	0.01806	0.00917	0.00278	0.02640	0.03756	0.00591	0.00680
60	0.16613	0.02461	0.02088	0.02354	0.20857	0.35083	0.01486	0.06922	0.01850	0.02355	0.01187	0.01421	0.00968	0.00701	0.00627	0.00200	0.00995	0.00506	0.00400	0.00925
61	0.02098	0.01570	0.01725	0.01491	0.04386	0.01728	0.01144	0.36565	0.15584	0.03524	0.02280	0.02417	0.04703	0.04382	0.03969	0.00277	0.00717	0.00737	0.09661	0.01041
62	0.00866	0.00624	0.00822	0.00980	0.01030	0.00579	0.00656	0.00993	0.01374	0.01822	0.04062	0.71679	0.07452	0.02213	0.00906	0.00287	0.00411	0.02002	0.00661	0.00579
63	0.01758	0.01486	0.02117	0.45665	0.06934	0.01740	0.01744	0.21930	0.02024	0.02656	0.01627	0.02021	0.03641	0.00793	0.00717	0.00229	0.00872	0.00668	0.00451	0.00927
64	0.01017	0.00763	0.01144	0.01144	0.01272	0.00890	0.00890	0.01272	0.01144	0.01653	0.01907	0.02797	0.01780	0.05340	0.72153	0.01144	0.01907	0.00763	0.00381	0.00636
65	0.01806	0.60729	0.17553	0.01384	0.02084	0.02579	0.01507	0.02157	0.01458	0.01794	0.01049	0.01216	0.00911	0.00623	0.00502	0.00167	0.00821	0.00411	0.00304	0.00942
66	0.00985	0.00727	0.00921	0.00872	0.01050	0.00662	0.00654	0.01300	0.01962	0.02729	0.61624	0.05527	0.15331	0.01503	0.00840	0.00226	0.00339	0.01317	0.00767	0.00662
67	0.00897	0.00717	0.00803	0.00796	0.01000	0.00623	0.00592	0.01124	0.01733	0.02219	0.27446	0.10924	0.45174	0.01719	0.00846	0.00238	0.00356	0.01468	0.00701	0.00623
68	0.01182	0.00766	0.01007	0.00925	0.01124	0.00702	0.00702	0.01513	0.02017	0.08270	0.64808	0.05089	0.06325	0.01410	0.00830	0.00224	0.00357	0.01242	0.00792	0.00715
69	0.01904	0.75404	0.03731	0.01218	0.01828	0.02818	0.01218	0.02132	0.01447	0.01675	0.00990	0.01142	0.00914	0.00609	0.00457	0.00152	0.00761	0.00381	0.00305	0.00914
70	0.00988	0.00727	0.00924	0.00875	0.01052	0.00663	0.00656	0.01305	0.01968	0.02744	0.62597	0.05503	0.14349	0.01497	0.00840	0.00226	0.00339	0.01314	0.00769	0.00663
71	0.02770	0.01118	0.01516	0.01195	0.01671	0.00974	0.00974	0.03057	0.02034	0.57794	0.15882	0.02986	0.02725	0.00993	0.00740	0.00221	0.00554	0.00827	0.00862	0.01107
72	0.01477	0.01266	0.01477	0.01055	0.01687	0.00949	0.00844	0.01793	0.01477	0.02320	0.01266	0.01477	0.01055	0.00527	0.00527	0.00105	0.00527	0.00422	0.00422	0.79328
73	0.01437	0.03624	0.69037	0.02062	0.03103	0.01659	0.04821	0.02256	0.01509	0.02256	0.01283	0.01517	0.00908	0.00674	0.00682	0.00226	0.01057	0.00537	0.00303	0.01049
74	0.00937	0.00709	0.00864	0.00860	0.01029	0.00636	0.00632	0.01193	0.01796	0.02417	0.41175	0.16877	0.24912	0.01682	0.00851	0.00239	0.00356	0.01469	0.00728	0.00636
75	0.01716	0.01645	0.02807	0.11978	0.63286	0.01680	0.02162	0.02145	0.01600	0.02270	0.01331	0.01777	0.01108	0.00643	0.00706	0.00214	0.00857	0.00634	0.00348	0.01091
76	0.01237	0.00618	0.00928	0.00928	0.00928	0.00618	0.00618	0.00928	0.00928	0.01237	0.01237	0.02165	0.01237	0.02474	0.02783	0.79283	0.00618	0.00618	0.00309	0.00309
77	0.01572	0.01620	0.01560	0.01775	0.14617	0.18724	0.01132	0.04019	0.01848	0.02209	0.15170	0.04093	0.24304	0.01227	0.00766	0.00220	0.00703	0.03097	0.00552	0.00792
78	0.01670	0.01383	0.01579	0.01154	0.01771	0.01164	0.00929	0.11768	0.03929	0.02665	0.01384	0.01549	0.01114	0.00590	0.00561	0.00126	0.00567	0.00467	0.00475	0.65154
79	0.01553	0.20823	0.52265	0.01876	0.02808	0.01939	0.05025	0.02227	0.01497	0.02117	0.01216	0.01434	0.00912	0.00657	0.00631	0.00209	0.00989	0.00504	0.00304	0.01015

[dist]
# distance from previous block
# <min> <max>
0	1

[block]
# block no. 3 follows, 29 sequences, length 74
# corresponding to MSA columns:
# 253-326
name=unknown_D
#
# <colnr> <probs for GDERKNQSTAVLIFYWHMCP>
#	G	D	E	R	K	N	Q	S	T	A	V	L	I	F	Y	W	H	M	C	P
0	0.06020	0.25177	0.02493	0.01606	0.02050	0.47790	0.01300	0.02592	0.01807	0.01790	0.01062	0.01235	0.00909	0.00693	0.00576	0.00176	0.01091	0.00432	0.00351	0.00850
1	0.52624	0.01318	0.01263	0.01054	0.01534	0.01401	0.00869	0.02584	0.01506	0.27375	0.01639	0.01608	0.01125	0.00740	0.00539	0.00220	0.00570	0.00503	0.00598	0.00928
2	0.01017	0.00763	0.01144	0.01144	0.01272	0.00890	0.00890	0.01272	0.01144	0.01653	0.01907	0.02797	0.01780	0.05340	0.72153	0.01144	0.01907	0.00763	0.00381	0.00636
3	0.01762	0.01692	0.02890	0.04371	0.70533	0.01692	0.02185	0.02185	0.01621	0.02326	0.01339	0.01762	0.01128	0.00634	0.00705	0.00211	0.00846	0.00634	0.00352	0.01128
4	0.02525	0.08010	0.02131	0.01763	0.02147	0.56415	0.01360	0.07312	0.05027	0.01982	0.01208	0.01377	0.00994	0.00766	0.00712	0.00192	0.04321	0.00489	0.00400	0.00870
5	0.00920	0.00664	0.00882	0.01038	0.01114	0.00626	0.00748	0.01087	0.01432	0.01884	0.04084	0.57757	0.08353	0.02155	0.00919	0.00294	0.00457	0.14330	0.00660	0.00595
6	0.01762	0.01692	0.02890	0.04371	0.70533	0.01692	0.02185	0.02185	0.01621	0.02326	0.01339	0.01762	0.01128	0.00634	0.00705	0.00211	0.00846	0.00634	0.00352	0.01128
7	0.00954	0.00754	0.00863	0.00831	0.01043	0.00678	0.00624	0.01276	0.04315	0.02402	0.36751	0.05974	0.37749	0.01608	0.00836	0.00233	0.00357	0.01375	0.00721	0.00654
8	0.01146	0.00758	0.00996	0.00919	0.01111	0.00696	0.00696	0.01478	0.02017	0.07166	0.65899	0.05136	0.06405	0.01419	0.00832	0.00224	0.00353	0.01252	0.00790	0.00706
9	0.01008	0.00728	0.00952	0.00896	0.01064	0.00672	0.00672	0.01344	0.02016	0.02855	0.70158	0.05319	0.06719	0.01456	0.00840	0.00224	0.00336	0.01288	0.00784	0.00672
10	0.01428	0.03683	0.71286	0.02030	0.03082	0.01654	0.02631	0.02255	0.01503	0.02255	0.01278	0.01503	0.00902	0.00677	0.00677	0.00226	0.01052	0.00526	0.00301	0.01052
11	0.00851	0.00683	0.00761	0.00823	0.00989	0.00593	0.00586	0.01010	0.01525	0.01884	0.05970	0.32429	0.45471	0.01965	0.00867	0.00259	0.00381	0.01700	0.00661	0.00593
12	0.14367	0.63590	0.03303	0.01173	0.01756	0.02623	0.01147	0.02126	0.01409	0.01918	0.00990	0.01145	0.00891	0.00617	0.00454	0.00163	0.00728	0.00382	0.00326	0.00891
13	0.02488	0.13908	0.02408	0.01738	0.05306	0.13658	0.01381	0.41670	0.02671	0.03397	0.01452	0.01547	0.01102	0.00799	0.00715	0.00202	0.03344	0.00569	0.00561	0.01082
14	0.01710	0.46156	0.31280	0.01549	0.02339	0.02343	0.01794	0.02182	0.01470	0.01912	0.01107	0.01290	0.00909	0.00637	0.00546	0.00182	0.00880	0.00440	0.00303	0.00970
15	0.00913	0.00765	0.00804	0.00816	0.01055	0.00672	0.00632	0.01183	0.04334	0.01989	0.06657	0.06816	0.60156	0.01788	0.00853	0.00250	0.00402	0.08623	0.00663	0.00628
16	0.01957	0.61096	0.10022	0.01336	0.01971	0.06923	0.01357	0.02242	0.01511	0.04514	0.01097	0.01237	0.00947	0.00634	0.00500	0.00164	0.00816	0.00413	0.00331	0.00934
17	0.03131	0.01226	0.01651	0.01275	0.01819	0.01079	0.01050	0.03484	0.05033	0.67994	0.02813	0.02434	0.01781	0.00885	0.00716	0.00221	0.00604	0.00720	0.00874	0.01208
18	0.01652	0.01903	0.07865	0.03210	0.22594	0.01728	0.39859	0.02180	0.01617	0.02252	0.01478	0.04643	0.01217	0.00703	0.00852	0.00236	0.03856	0.00799	0.00364	0.00992
19	0.01466	0.01349	0.02094	0.21733	0.24786	0.01449	0.04252	0.02094	0.11532	0.02234	0.06860	0.02849	0.09039	0.04196	0.00869	0.00249	0.00753	0.00822	0.00463	0.00912
20	0.02904	0.01245	0.01623	0.01283	0.01798	0.01146	0.01047	0.03449	0.12420	0.58291	0.05020	0.02554	0.01988	0.00913	0.00721	0.00224	0.00591	0.00748	0.00854	0.01181
21	0.02298	0.01446	0.01589	0.01279	0.01710	0.01538	0.01043	0.37167	0.02553	0.12571	0.02104	0.02283	0.01559	0.00884	0.00655	0.00203	0.00617	0.02598	0.24877	0.01026
22	0.01437	0.03621	0.68922	0.02064	0.03104	0.01659	0.04932	0.02256	0.01510	0.02256	0.01284	0.01518	0.00908	0.00674	0.00682	0.00226	0.01058	0.00537	0.00303	0.01049
23	0.01593	0.01994	0.13902	0.22219	0.20673	0.03803	0.17867	0.02117	0.01550	0.02120	0.01308	0.01772	0.01016	0.00685	0.00809	0.00231	0.04385	0.00660	0.00335	0.00959
24	0.01468	0.03402	0.60580	0.02185	0.03184	0.01677	0.13054	0.02259	0.01532	0.02259	0.01304	0.01570	0.00930	0.00664	0.00703	0.00228	0.01076	0.00576	0.00310	0.01038
25	0.00898	0.00640	0.00810	0.00933	0.00979	0.00601	0.00609	0.01002	0.01317	0.01741	0.03811	0.56840	0.08451	0.16146	0.01425	0.00363	0.00463	0.01802	0.00617	0.00552
26	0.01432	0.01347	0.02212	0.45953	0.22705	0.01537	0.01891	0.01915	0.03555	0.02004	0.01828	0.02294	0.06771	0.00788	0.00721	0.00231	0.00860	0.00711	0.00367	0.00879
27	0.01429	0.01419	0.02546	0.53504	0.04419	0.01675	0.14915	0.01901	0.01447	0.01901	0.01272	0.01874	0.00974	0.00734	0.00872	0.00244	0.07052	0.00673	0.00325	0.00823
28	0.01411	0.01334	0.02256	0.62270	0.15378	0.01600	0.02011	0.01878	0.01455	0.01900	0.01277	0.01877	0.00978	0.00700	0.00711	0.00233	0.00933	0.00633	0.00322	0.00845
29	0.01399	0.01337	0.02011	0.01729	0.01823	0.01750	0.06379	0.01619	0.01152	0.01738	0.01276	0.01972	0.01209	0.02474	0.23992	0.00566	0.45806	0.00683	0.00337	0.00748
30	0.01762	0.01692	0.02890	0.04371	0.70533	0.01692	0.02185	0.02185	0.01621	0.02326	0.01339	0.01762	0.01128	0.00634	0.00705	0.00211	0.00846	0.00634	0.00352	0.01128
31	0.02729	0.01958	0.02114	0.01621	0.02190	0.02154	0.01339	0.65156	0.03287	0.07576	0.01761	0.01743	0.01237	0.00856	0.00713	0.00214	0.00775	0.00645	0.00720	0.01211
32	0.00901	0.00662	0.00849	0.00991	0.01060	0.00626	0.00671	0.01101	0.04001	0.01870	0.04109	0.67139	0.09066	0.02153	0.00897	0.00284	0.00415	0.01942	0.00663	0.00601
33	0.72744	0.01435	0.01149	0.01002	0.01455	0.01655	0.00826	0.08299	0.01412	0.03316	0.01059	0.01209	0.00812	0.00679	0.00466	0.00220	0.00573	0.00410	0.00466	0.00812
34	0.02668	0.01277	0.01606	0.01297	0.01775	0.01226	0.01047	0.09355	0.13048	0.46137	0.05715	0.07311	0.02188	0.01007	0.00735	0.00228	0.00591	0.00835	0.00821	0.01132
35	0.00882	0.00630	0.00842	0.01008	0.01055	0.00591	0.00686	0.01016	0.01377	0.01834	0.03917	0.71148	0.04679	0.02218	0.00913	0.00291	0.00425	0.05247	0.00661	0.00582
36	0.01596	0.01522	0.02590	0.31817	0.44388	0.01648	0.02103	0.02040	0.01543	0.02124	0.01310	0.01817	0.01057	0.00665	0.00708	0.00222	0.00887	0.00634	0.00338	0.00994
37	0.00859	0.00722	0.00746	0.00740	0.00973	0.00609	0.00555	0.01056	0.01665	0.02023	0.13921	0.06689	0.63475	0.01766	0.00841	0.00239	0.00358	0.01480	0.00674	0.00609
38	0.00997	0.00727	0.00937	0.00885	0.01057	0.00667	0.00664	0.01323	0.01991	0.02797	0.66176	0.05416	0.10737	0.01478	0.00840	0.00225	0.00338	0.01301	0.00776	0.00667
39	0.01826	0.01517	0.01612	0.01442	0.01850	0.01743	0.01124	0.03772	0.66660	0.05598	0.02895	0.02648	0.02158	0.00963	0.00724	0.00241	0.00565	0.00802	0.00731	0.01130
40	0.01905	0.66137	0.08943	0.01313	0.01945	0.06231	0.01337	0.02178	0.01480	0.01724	0.01018	0.01178	0.00913	0.00621	0.00483	0.00160	0.00811	0.00396	0.00307	0.00920
41	0.01345	0.01266	0.02136	0.73264	0.04904	0.01582	0.01978	0.01819	0.01424	0.01819	0.01266	0.01898	0.00949	0.00712	0.00712	0.00237	0.00949	0.00633	0.00316	0.00791
42	0.80005	0.01377	0.01047	0.00936	0.01377	0.01597	0.00771	0.02093	0.01212	0.03195	0.00991	0.01157	0.00771	0.00661	0.00441	0.00220	0.00551	0.00386	0.00441	0.00771
43	0.00868	0.00620	0.00826	0.00991	0.01033	0.00578	0.00661	0.00991	0.01363	0.01818	0.03925	0.74510	0.04710	0.02231	0.00909	0.00289	0.00413	0.02024	0.00661	0.00578
44	0.01664	0.02054	0.09591	0.02983	0.06647	0.01784	0.59713	0.02275	0.01664	0.02281	0.01423	0.01880	0.01068	0.00608	0.00821	0.00238	0.01173	0.00806	0.00355	0.00975
45	0.00952	0.00729	0.00875	0.00849	0.01044	0.00652	0.00644	0.01230	0.01854	0.02480	0.44022	0.06003	0.30114	0.01606	0.00847	0.00235	0.00359	0.04128	0.00733	0.00645
46	0.80005	0.01377	0.01047	0.00936	0.01377	0.01597	0.00771	0.02093	0.01212	0.03195	0.00991	0.01157	0.00771	0.00661	0.00441	0.00220	0.00551	0.00386	0.00441	0.00771
47	0.01904	0.75404	0.03731	0.01218	0.01828	0.02818	0.01218	0.02132	0.01447	0.01675	0.00990	0.01142	0.00914	0.00609	0.00457	0.00152	0.00761	0.00381	0.00305	0.00914
48	0.00962	0.00699	0.00899	0.00903	0.01040	0.00644	0.00652	0.01224	0.01795	0.02485	0.47159	0.22521	0.10504	0.04093	0.00949	0.00257	0.00368	0.01477	0.00733	0.00636
49	0.02756	0.01115	0.01512	0.01192	0.01666	0.00971	0.00971	0.03043	0.02034	0.57337	0.16334	0.03005	0.02758	0.00997	0.00741	0.00221	0.00552	0.00831	0.00862	0.01103
50	0.00989	0.00721	0.00919	0.00879	0.01041	0.00663	0.00649	0.01289	0.01913	0.02669	0.59139	0.08085	0.11951	0.04792	0.00967	0.00249	0.00357	0.01323	0.00753	0.00651
51	0.00877	0.00670	0.00806	0.00883	0.01012	0.00599	0.00620	0.01049	0.01542	0.01992	0.13832	0.41317	0.28284	0.01977	0.00876	0.00263	0.00384	0.01742	0.00677	0.00599
52	0.01904	0.75404	0.03731	0.01218	0.01828	0.02818	0.01218	0.02132	0.01447	0.01675	0.00990	0.01142	0.00914	0.00609	0.00457	0.00152	0.00761	0.00381	0.00305	0.00914
53	0.00842	0.00721	0.00721	0.00721	0.00962	0.00601	0.00541	0.01022	0.01623	0.01924	0.07213	0.06853	0.70244	0.01803	0.00842	0.00240	0.00361	0.01503	0.00661	0.00601
54	0.02707	0.01995	0.02137	0.01638	0.02208	0.02208	0.01353	0.68159	0.03348	0.04488	0.01710	0.01710	0.01211	0.00855	0.00712	0.00214	0.00784	0.00641	0.00712	0.01211
55	0.03195	0.01212	0.01652	0.01267	0.01818	0.01047	0.01047	0.03470	0.02038	0.71026	0.02809	0.02424	0.01763	0.00881	0.00716	0.00220	0.00606	0.00716	0.00881	0.01212
56	0.01772	0.01515	0.01595	0.01426	0.01829	0.01740	0.01112	0.06457	0.63493	0.02999	0.03031	0.02795	0.05047	0.00997	0.00729	0.00240	0.00564	0.00828	0.00721	0.01108
57	0.01770	0.01542	0.01707	0.01670	0.07054	0.01765	0.01207	0.03663	0.64124	0.02929	0.02780	0.02589	0.02094	0.00941	0.00723	0.00239	0.00585	0.00792	0.00696	0.01127
58	0.00914	0.00758	0.00806	0.00799	0.01032	0.00666	0.00608	0.01193	0.04294	0.02102	0.15617	0.06529	0.55980	0.01730	0.00843	0.00242	0.00378	0.04197	0.00680	0.00634
59	0.05102	0.50127	0.24438	0.01456	0.02195	0.02407	0.01635	0.02168	0.01454	0.01919	0.01079	0.01254	0.00904	0.00632	0.00524	0.00178	0.00842	0.00426	0.00309	0.00950
60	0.01611	0.02406	0.22676	0.02734	0.03545	0.01760	0.49959	0.02274	0.01632	0.02274	0.01396	0.01806	0.01031	0.00621	0.00795	0.00236	0.01160	0.00754	0.00344	0.00986
61	0.01880	0.71776	0.07148	0.01259	0.01891	0.02759	0.01290	0.02138	0.01450	0.01705	0.01005	0.01161	0.00913	0.00613	0.00468	0.00156	0.00776	0.00388	0.00304	0.00921
62	0.34576	0.02496	0.34276	0.01823	0.09673	0.01634	0.01799	0.02179	0.01393	0.02659	0.01164	0.01385	0.00871	0.00665	0.00580	0.00222	0.00819	0.00479	0.00365	0.00942
63	0.02636	0.01942	0.02087	0.01613	0.02163	0.02146	0.01327	0.65576	0.03272	0.04385	0.01795	0.04509	0.01345	0.00908	0.00720	0.00217	0.00769	0.00694	0.00710	0.01187
64	0.05633	0.14885	0.05724	0.01704	0.04718	0.33619	0.01362	0.05648	0.12633	0.05374	0.01488	0.01575	0.01170	0.00752	0.00626	0.00195	0.00968	0.00528	0.00452	0.00944
65	0.17636	0.01002	0.01169	0.01007	0.01345	0.00967	0.00797	0.02110	0.01844	0.22979	0.33880	0.03682	0.06506	0.01139	0.00723	0.00223	0.00460	0.00945	0.00738	0.00848
66	0.01656	0.01827	0.05871	0.06076	0.26789	0.01702	0.37758	0.02180	0.01632	0.02260	0.01489	0.04641	0.01225	0.00682	0.00785	0.00231	0.01033	0.00796	0.00365	0.01000
67	0.02436	0.02162	0.04751	0.05209	0.14455	0.21274	0.01502	0.13836	0.07970	0.16711	0.01768	0.01830	0.01288	0.00784	0.00692	0.00210	0.00896	0.00614	0.00555	0.01057
68	0.00857	0.00718	0.00745	0.00746	0.00973	0.00606	0.00557	0.01048	0.01646	0.01998	0.12412	0.09324	0.62351	0.01790	0.00844	0.00241	0.00361	0.01505	0.00672	0.00606
69	0.01477	0.01266	0.01477	0.01055	0.01687	0.00949	0.00844	0.01793	0.01477	0.02320	0.01266	0.01477	0.01055	0.00527	0.00527	0.00105	0.00527	0.00422	0.00422	0.79328
70	0.02631	0.21979	0.02432	0.01412	0.01987	0.02031	0.01225	0.30762	0.02435	0.23476	0.01838	0.01765	0.01293	0.00795	0.00643	0.00199	0.00725	0.00592	0.00650	0.01129
71	0.03195	0.01212	0.01652	0.01267	0.01818	0.01047	0.01047	0.03470	0.02038	0.71026	0.02809	0.02424	0.01763	0.00881	0.00716	0.00220	0.00606	0.00716	0.00881	0.01212
72	0.01428	0.03683	0.71286	0.02030	0.03082	0.01654	0.02631	0.02255	0.01503	0.02255	0.01278	0.01503	0.00902	0.00677	0.00677	0.00226	0.01052	0.00526	0.00301	0.01052
73	0.02600	0.01942	0.02077	0.01617	0.02168	0.02158	0.01328	0.60833	0.10847	0.04316	0.01845	0.01817	0.01321	0.00867	0.00714	0.00217	0.00759	0.00660	0.00714	0.01201

[dist]
# distance from previous block
# <min> <max>
0	7

[block]
# block no. 4 follows, 29 sequences, length 249
# corresponding to MSA columns:
# 334-582
name=unknown_E
#
# <colnr> <probs for GDERKNQSTAVLIFYWHMCP>
#	G	D	E	R	K	N	Q	S	T	A	V	L	I	F	Y	W	H	M	C	P
0	0.01793	0.01695	0.02811	0.04158	0.65398	0.01712	0.02113	0.04354	0.04592	0.02423	0.01418	0.01799	0.01176	0.00656	0.00706	0.00213	0.00832	0.00642	0.00380	0.01131
1	0.76865	0.04353	0.01154	0.00948	0.01395	0.01646	0.00789	0.02095	0.01221	0.03134	0.00991	0.01156	0.00777	0.00659	0.00441	0.00218	0.00559	0.00385	0.00435	0.00777
2	0.01033	0.00701	0.00829	0.00829	0.00847	0.00719	0.00497	0.01069	0.01051	0.01419	0.02196	0.04395	0.02474	0.65091	0.13351	0.00755	0.00863	0.00997	0.00424	0.00460
3	0.01917	0.02182	0.02381	0.07512	0.02448	0.24946	0.09969	0.02163	0.01494	0.01803	0.01079	0.01541	0.00949	0.00955	0.01467	0.00255	0.35187	0.00598	0.00336	0.00818
4	0.01036	0.00690	0.00777	0.00777	0.00777	0.00690	0.00431	0.01036	0.01036	0.01381	0.02244	0.04660	0.02589	0.74975	0.03624	0.00690	0.00690	0.01036	0.00431	0.00431
5	0.01904	0.75404	0.03731	0.01218	0.01828	0.02818	0.01218	0.02132	0.01447	0.01675	0.00990	0.01142	0.00914	0.00609	0.00457	0.00152	0.00761	0.00381	0.00305	0.00914
6	0.01805	0.01546	0.01629	0.01456	0.01864	0.01787	0.01135	0.06080	0.66896	0.03033	0.02856	0.02623	0.02139	0.00962	0.00724	0.00241	0.00571	0.00799	0.00724	0.01130
7	0.01447	0.06566	0.68570	0.01997	0.03031	0.01700	0.02574	0.02250	0.01501	0.02232	0.01266	0.01489	0.00902	0.00674	0.00668	0.00223	0.01041	0.00520	0.00301	0.01047
8	0.01783	0.57121	0.20952	0.01425	0.02147	0.02521	0.01578	0.02164	0.01461	0.01823	0.01063	0.01234	0.00911	0.00626	0.00513	0.00171	0.00836	0.00418	0.00304	0.00949
9	0.77441	0.03807	0.01135	0.00946	0.01392	0.01637	0.00786	0.02094	0.01220	0.03145	0.00991	0.01156	0.00776	0.00659	0.00441	0.00218	0.00558	0.00385	0.00436	0.00776
