[name]
unknown

[dist]
# distance from previous block
# <min> <max>
17	102

[block]
# block no. 0 follows, 28 sequences, length 7
# corresponding to MSA columns:
# 138-144
name=unknown_A
#
# <colnr> <probs for GDERKNQSTAVLIFYWHMCP>
#	G	D	E	R	K	N	Q	S	T	A	V	L	I	F	Y	W	H	M	C	P
0	0.02119	0.01713	0.01990	0.01681	0.04123	0.04510	0.03485	0.27447	0.11057	0.06140	0.02104	0.06832	0.04015	0.01030	0.00986	0.00234	0.11759	0.00784	0.00608	0.07384
1	0.02134	0.02103	0.06580	0.02176	0.16635	0.16779	0.01490	0.19723	0.02173	0.05713	0.02061	0.07999	0.05150	0.04956	0.00893	0.00246	0.00876	0.00792	0.00529	0.00993
2	0.01850	0.01265	0.01503	0.03551	0.01723	0.01188	0.00948	0.15643	0.02015	0.11648	0.13632	0.02827	0.02424	0.10949	0.01098	0.00253	0.00607	0.00764	0.00616	0.25497
3	0.01605	0.01417	0.02200	0.41629	0.17739	0.01623	0.01827	0.10569	0.01733	0.02304	0.01560	0.05755	0.01328	0.04623	0.00889	0.00260	0.00883	0.00742	0.00409	0.00906
4	0.01296	0.00883	0.01248	0.18144	0.01952	0.00968	0.00952	0.04663	0.01283	0.01728	0.01786	0.07527	0.01794	0.19446	0.02184	0.27513	0.00709	0.00837	0.04538	0.00549
5	0.01350	0.00997	0.01168	0.01067	0.01309	0.00994	0.00817	0.14752	0.02118	0.02859	0.31247	0.12338	0.14874	0.06098	0.01025	0.00272	0.00489	0.04745	0.00723	0.00760
6	0.01329	0.00876	0.01006	0.00943	0.01040	0.00897	0.00608	0.08706	0.01393	0.04628	0.02345	0.08573	0.02548	0.55567	0.06032	0.00625	0.00749	0.01049	0.00504	0.00582

[dist]
# distance from previous block
# <min> <max>
0	5

[block]
# block no. 1 follows, 28 sequences, length 19
# corresponding to MSA columns:
# 150-168
name=unknown_B
#
# <colnr> <probs for GDERKNQSTAVLIFYWHMCP>
#	G	D	E	R	K	N	Q	S	T	A	V	L	I	F	Y	W	H	M	C	P
0	0.04518	0.01754	0.01740	0.01480	0.01894	0.11283	0.03496	0.18792	0.19338	0.02926	0.02352	0.11465	0.03652	0.04015	0.00848	0.00243	0.00734	0.00871	0.00613	0.07987
1	0.02218	0.01780	0.01758	0.01474	0.01902	0.11733	0.01163	0.28239	0.06867	0.08631	0.02116	0.11616	0.01828	0.01461	0.07433	0.00308	0.00881	0.00829	0.00629	0.07134
2	0.01030	0.00798	0.00980	0.00985	0.01189	0.00684	0.00694	0.01204	0.01440	0.01971	0.03748	0.46791	0.11959	0.04228	0.00923	0.00260	0.00451	0.01593	0.00611	0.18460
3	0.01464	0.01255	0.01455	0.01054	0.01673	0.00945	0.00841	0.01777	0.01517	0.02341	0.01701	0.01877	0.05694	0.00626	0.00560	0.00117	0.00527	0.00505	0.00447	0.73625
4	0.01507	0.01292	0.01507	0.01077	0.01723	0.00969	0.00861	0.01830	0.01507	0.02369	0.01292	0.01507	0.01077	0.00538	0.00538	0.00108	0.00538	0.00431	0.00431	0.78898
5	0.01559	0.01331	0.01615	0.08812	0.02104	0.01106	0.01013	0.05288	0.01602	0.02430	0.01316	0.01566	0.01073	0.00576	0.00569	0.00128	0.00598	0.00466	0.00435	0.66413
6	0.01458	0.03760	0.70688	0.02072	0.03146	0.01688	0.02686	0.02302	0.01535	0.02302	0.01304	0.01535	0.00921	0.00691	0.00691	0.00230	0.01074	0.00537	0.00307	0.01074
7	0.01206	0.00643	0.00941	0.00949	0.00971	0.00634	0.00641	0.00998	0.01103	0.01490	0.08834	0.08524	0.02159	0.02393	0.02468	0.63863	0.00583	0.00824	0.00398	0.00378
8	0.00969	0.00741	0.00889	0.00852	0.01049	0.00661	0.00639	0.01257	0.01917	0.02581	0.47741	0.05979	0.28862	0.01610	0.00858	0.00235	0.00352	0.01392	0.00756	0.00661
9	0.01626	0.06112	0.48352	0.02245	0.03175	0.06868	0.16853	0.02347	0.01611	0.02247	0.01317	0.01598	0.00963	0.00675	0.00716	0.00227	0.01113	0.00597	0.00325	0.01031
10	0.01507	0.01292	0.01507	0.01077	0.01723	0.00969	0.00861	0.01830	0.01507	0.02369	0.01292	0.01507	0.01077	0.00538	0.00538	0.00108	0.00538	0.00431	0.00431	0.78898
11	0.01022	0.00700	0.00814	0.00838	0.00863	0.00694	0.00501	0.01061	0.01141	0.01514	0.02784	0.14435	0.06477	0.57284	0.06348	0.00645	0.00706	0.01210	0.00483	0.00480
12	0.01717	0.01730	0.01349	0.01256	0.01515	0.23953	0.00947	0.02142	0.08866	0.02197	0.08702	0.03195	0.12046	0.04525	0.05643	0.00295	0.02932	0.00830	0.15395	0.00764
13	0.02099	0.60451	0.03455	0.01371	0.01943	0.16757	0.01276	0.02323	0.01595	0.01724	0.01033	0.01195	0.00934	0.00648	0.00505	0.00162	0.00885	0.00405	0.00324	0.00915
14	0.00982	0.00725	0.00924	0.00989	0.01106	0.00689	0.00697	0.01288	0.05216	0.02285	0.26429	0.43326	0.08778	0.01916	0.00890	0.00267	0.00400	0.01716	0.00721	0.00654
15	0.02763	0.02036	0.02182	0.01672	0.02254	0.02254	0.01382	0.67496	0.03418	0.04581	0.01745	0.01745	0.01236	0.00873	0.00727	0.00218	0.00800	0.00654	0.00727	0.01236
16	0.11791	0.59304	0.09315	0.01280	0.01919	0.02614	0.01312	0.02183	0.01451	0.01960	0.01037	0.01200	0.00913	0.00635	0.00484	0.00171	0.00776	0.00402	0.00328	0.00927
17	0.00937	0.00677	0.00887	0.00966	0.01063	0.00626	0.00674	0.01146	0.01647	0.02249	0.28232	0.46267	0.07983	0.01970	0.00899	0.00269	0.00391	0.01770	0.00721	0.00626
18	0.01492	0.00898	0.01118	0.00988	0.01266	0.00822	0.00765	0.05112	0.02054	0.15112	0.41759	0.05007	0.17901	0.01417	0.00828	0.00231	0.00422	0.01217	0.00790	0.00801

[dist]
# distance from previous block
# <min> <max>
3	8

[block]
# block no. 2 follows, 28 sequences, length 15
# corresponding to MSA columns:
# 177-191
name=unknown_C
#
# <colnr> <probs for GDERKNQSTAVLIFYWHMCP>
#	G	D	E	R	K	N	Q	S	T	A	V	L	I	F	Y	W	H	M	C	P
0	0.01771	0.06883	0.05440	0.03157	0.25457	0.05462	0.30467	0.02254	0.01673	0.02262	0.01441	0.03721	0.01192	0.00675	0.00755	0.00220	0.01017	0.00736	0.00371	0.05047
1	0.01520	0.01305	0.01484	0.01125	0.01707	0.01091	0.00892	0.02130	0.12988	0.02459	0.01942	0.02043	0.05390	0.00693	0.00592	0.00140	0.00534	0.00564	0.00498	0.60903
2	0.02763	0.02036	0.02182	0.01672	0.02254	0.02254	0.01382	0.67496	0.03418	0.04581	0.01745	0.01745	0.01236	0.00873	0.00727	0.00218	0.00800	0.00654	0.00727	0.01236
3	0.01440	0.01234	0.01428	0.01041	0.01646	0.00932	0.00829	0.01749	0.01523	0.02327	0.01920	0.02075	0.08171	0.00673	0.00572	0.00122	0.00521	0.00545	0.00456	0.70796
4	0.01263	0.00631	0.00947	0.00947	0.00947	0.00631	0.00631	0.00947	0.00947	0.01263	0.01263	0.02210	0.01263	0.02525	0.02841	0.78851	0.00631	0.00631	0.00316	0.00316
5	0.01031	0.00740	0.00959	0.00906	0.01065	0.00687	0.00668	0.01349	0.01985	0.02806	0.64679	0.05381	0.06554	0.06756	0.01063	0.00263	0.00369	0.01296	0.00774	0.00668
6	0.06198	0.05326	0.01937	0.03490	0.02056	0.07320	0.01195	0.23917	0.08521	0.06723	0.01627	0.01718	0.01234	0.00776	0.00718	0.00191	0.03899	0.00572	0.00566	0.22016
7	0.01674	0.01824	0.03775	0.14066	0.13235	0.01788	0.48053	0.02242	0.01667	0.02262	0.01428	0.01935	0.01089	0.00635	0.00818	0.00241	0.01135	0.00796	0.00360	0.00977
8	0.00871	0.00737	0.00752	0.00748	0.00989	0.00619	0.00561	0.01066	0.01684	0.02028	0.11591	0.06889	0.65357	0.01817	0.00859	0.00244	0.00366	0.01519	0.00684	0.00619
9	0.00891	0.00647	0.00841	0.00985	0.01050	0.00597	0.00665	0.01033	0.01447	0.01917	0.07540	0.65052	0.10251	0.02202	0.00919	0.00288	0.00413	0.01985	0.00681	0.00597
10	0.02357	0.06686	0.09237	0.01868	0.04111	0.42793	0.01526	0.06974	0.01942	0.03974	0.01345	0.04611	0.01156	0.00860	0.00826	0.00211	0.07629	0.00581	0.00411	0.00902
11	0.00916	0.00651	0.00852	0.00982	0.01034	0.00611	0.00655	0.01053	0.01430	0.01925	0.10633	0.60643	0.04825	0.08704	0.01170	0.00325	0.00439	0.01898	0.00667	0.00587
12	0.00886	0.00633	0.00843	0.01012	0.01054	0.00590	0.00675	0.01012	0.01392	0.01856	0.04006	0.73979	0.04808	0.02277	0.00928	0.00295	0.00422	0.02066	0.00675	0.00590
13	0.01936	0.59864	0.03660	0.01484	0.02061	0.06071	0.07230	0.02197	0.01502	0.01772	0.01054	0.01274	0.00950	0.00671	0.00641	0.00176	0.05762	0.00452	0.00320	0.00923
14	0.37342	0.13220	0.01839	0.01326	0.01776	0.23140	0.01078	0.02532	0.07599	0.02554	0.01221	0.01356	0.00984	0.00717	0.00541	0.00205	0.00824	0.00454	0.00432	0.00859

[dist]
# distance from previous block
# <min> <max>
0	1

[block]
# block no. 3 follows, 28 sequences, length 32
# corresponding to MSA columns:
# 193-224
name=unknown_D
#
# <colnr> <probs for GDERKNQSTAVLIFYWHMCP>
#	G	D	E	R	K	N	Q	S	T	A	V	L	I	F	Y	W	H	M	C	P
0	0.02610	0.01933	0.02066	0.01612	0.02160	0.02145	0.01323	0.58468	0.09822	0.04351	0.01892	0.01881	0.01360	0.00883	0.00719	0.00219	0.00759	0.00672	0.03919	0.01205
1	0.01919	0.04897	0.03652	0.01403	0.01955	0.01539	0.03501	0.19220	0.08700	0.05766	0.03602	0.04349	0.01554	0.00929	0.02570	0.00209	0.02603	0.00651	0.00562	0.30417
2	0.02183	0.06638	0.02144	0.01759	0.04546	0.16308	0.05841	0.19782	0.14339	0.05174	0.02112	0.08574	0.01819	0.01014	0.00740	0.00228	0.00849	0.04349	0.00590	0.01010
3	0.01143	0.00816	0.01139	0.01306	0.01461	0.00812	0.01122	0.01457	0.01645	0.02144	0.03864	0.14741	0.04245	0.02035	0.00996	0.00331	0.00645	0.58766	0.00670	0.00661
4	0.01458	0.03760	0.70688	0.02072	0.03146	0.01688	0.02686	0.02302	0.01535	0.02302	0.01304	0.01535	0.00921	0.00691	0.00691	0.00230	0.01074	0.00537	0.00307	0.01074
5	0.02170	0.01639	0.02329	0.01791	0.02287	0.01701	0.14635	0.26015	0.02306	0.11977	0.05671	0.07644	0.01833	0.00979	0.00919	0.00232	0.07587	0.00833	0.00616	0.06835
6	0.02485	0.10268	0.02334	0.02131	0.10988	0.52957	0.01486	0.02780	0.04508	0.01898	0.01215	0.01414	0.01013	0.00732	0.00648	0.00190	0.01171	0.00497	0.00380	0.00904
7	0.00886	0.00633	0.00843	0.01012	0.01054	0.00590	0.00675	0.01012	0.01392	0.01856	0.04006	0.73979	0.04808	0.02277	0.00928	0.00295	0.00422	0.02066	0.00675	0.00590
8	0.01952	0.57935	0.03324	0.01316	0.01887	0.05727	0.01233	0.02526	0.14120	0.01963	0.01382	0.01463	0.01175	0.00696	0.00526	0.00174	0.00763	0.00474	0.00394	0.00970
9	0.11231	0.08952	0.01879	0.01349	0.01807	0.01774	0.01103	0.30660	0.04708	0.10891	0.05484	0.09259	0.01965	0.04689	0.00845	0.00247	0.00676	0.00806	0.00657	0.01018
10	0.01052	0.00726	0.00898	0.00898	0.00935	0.00762	0.00572	0.01125	0.01088	0.01487	0.02194	0.04223	0.02411	0.55079	0.22758	0.00835	0.01054	0.00979	0.00426	0.00499
11	0.01355	0.00678	0.00678	0.00678	0.00847	0.00678	0.00508	0.01694	0.01524	0.02710	0.02371	0.02710	0.01863	0.00847	0.00508	0.00169	0.00339	0.00678	0.78489	0.00678
12	0.01633	0.01525	0.02196	0.33757	0.10073	0.05580	0.04629	0.06160	0.01590	0.02169	0.01377	0.01894	0.01099	0.00838	0.01011	0.00242	0.14231	0.00648	0.08487	0.00863
13	0.01762	0.01732	0.03083	0.03993	0.53136	0.01719	0.13903	0.02282	0.04079	0.02383	0.01530	0.02085	0.01287	0.00701	0.00755	0.00226	0.00912	0.02941	0.00386	0.01104
14	0.01063	0.00716	0.00874	0.00874	0.00900	0.00742	0.00542	0.01100	0.01074	0.01458	0.02176	0.04264	0.02416	0.57516	0.17101	0.04354	0.00947	0.00983	0.00425	0.00476
15	0.00898	0.00638	0.00840	0.00997	0.01036	0.00598	0.00658	0.01015	0.01368	0.01824	0.03886	0.69111	0.04655	0.07353	0.01123	0.00324	0.00442	0.01995	0.00658	0.00580
16	0.00874	0.00737	0.00757	0.00752	0.00991	0.00620	0.00564	0.01071	0.01691	0.02046	0.12715	0.06861	0.64222	0.01810	0.00859	0.00244	0.00366	0.01515	0.00686	0.00620
17	0.01770	0.01654	0.02662	0.15729	0.43662	0.01748	0.04679	0.05549	0.10554	0.02478	0.01587	0.01948	0.01263	0.00716	0.00730	0.00226	0.00856	0.00679	0.00422	0.01089
18	0.00886	0.00633	0.00843	0.01012	0.01054	0.00590	0.00675	0.01012	0.01392	0.01856	0.04006	0.73979	0.04808	0.02277	0.00928	0.00295	0.00422	0.02066	0.00675	0.00590
19	0.02585	0.01936	0.02085	0.01602	0.02181	0.02102	0.01317	0.57428	0.06852	0.04276	0.01768	0.01775	0.01275	0.00846	0.00709	0.00209	0.00761	0.00642	0.00698	0.08954
20	0.01507	0.01292	0.01507	0.01077	0.01723	0.00969	0.00861	0.01830	0.01507	0.02369	0.01292	0.01507	0.01077	0.00538	0.00538	0.00108	0.00538	0.00431	0.00431	0.78898
21	0.02634	0.02620	0.02075	0.01834	0.04700	0.35177	0.01386	0.24845	0.09122	0.06202	0.01610	0.01672	0.01215	0.00818	0.00694	0.00206	0.01015	0.00586	0.00555	0.01037
22	0.01057	0.00705	0.00793	0.00793	0.00793	0.00705	0.00440	0.01057	0.01057	0.01409	0.02290	0.04757	0.02643	0.74454	0.03700	0.00705	0.00705	0.01057	0.00440	0.00440
23	0.01020	0.00743	0.00960	0.00906	0.01081	0.00682	0.00679	0.01355	0.02038	0.02867	0.66421	0.05508	0.10003	0.01504	0.00857	0.00229	0.00344	0.01326	0.00794	0.00682
24	0.02905	0.01579	0.01871	0.01459	0.02012	0.01605	0.01197	0.27975	0.10208	0.37591	0.02450	0.02223	0.01633	0.00899	0.00731	0.00225	0.00683	0.00712	0.00816	0.01227
25	0.01148	0.00888	0.01168	0.01110	0.01150	0.01043	0.00793	0.01256	0.01102	0.01557	0.01943	0.03598	0.02083	0.39937	0.24413	0.00778	0.14168	0.00895	0.00403	0.00569
26	0.01225	0.00909	0.01078	0.00999	0.01242	0.00890	0.00760	0.01846	0.14006	0.05362	0.43764	0.05107	0.17117	0.01437	0.00832	0.00235	0.00400	0.01243	0.00771	0.00778
27	0.00886	0.00633	0.00843	0.01012	0.01054	0.00590	0.00675	0.01012	0.01392	0.01856	0.04006	0.73979	0.04808	0.02277	0.00928	0.00295	0.00422	0.02066	0.00675	0.00590
28	0.01877	0.01653	0.02570	0.22702	0.31154	0.03451	0.06315	0.11295	0.01872	0.05324	0.01495	0.01887	0.01154	0.00718	0.00724	0.00224	0.00892	0.00662	0.02996	0.01036
29	0.02666	0.02055	0.02254	0.01957	0.08983	0.04604	0.01467	0.58766	0.03195	0.04265	0.01686	0.01735	0.01217	0.00846	0.00724	0.00217	0.00824	0.00647	0.00678	0.01214
30	0.08221	0.19976	0.04334	0.01304	0.01737	0.04161	0.01122	0.11647	0.07908	0.07809	0.07033	0.12463	0.04710	0.01091	0.00737	0.00222	0.03171	0.00859	0.00570	0.00926
31	0.01877	0.16123	0.22819	0.05178	0.07060	0.09346	0.03716	0.08676	0.01732	0.04126	0.01326	0.01610	0.01052	0.01002	0.04452	0.00267	0.07707	0.00562	0.00384	0.00986

[dist]
# distance from previous block
# <min> <max>
0	4

[block]
# block no. 4 follows, 28 sequences, length 17
# corresponding to MSA columns:
# 229-245
name=unknown_E
#
# <colnr> <probs for GDERKNQSTAVLIFYWHMCP>
#	G	D	E	R	K	N	Q	S	T	A	V	L	I	F	Y	W	H	M	C	P
0	0.01769	0.11640	0.06242	0.11606	0.32436	0.07702	0.08008	0.02186	0.01635	0.02165	0.01536	0.01902	0.03346	0.00709	0.00688	0.00211	0.00909	0.00642	0.03671	0.00996
1	0.01571	0.01345	0.01615	0.01221	0.01734	0.01221	0.00988	0.04844	0.01532	0.02386	0.01311	0.01592	0.01103	0.00690	0.00849	0.00150	0.12473	0.00487	0.04332	0.58555
2	0.04300	0.34468	0.14977	0.01451	0.01998	0.06715	0.01442	0.04583	0.01578	0.02046	0.03683	0.08494	0.03482	0.00928	0.00758	0.00208	0.06923	0.00673	0.00396	0.00898
3	0.01262	0.01032	0.01127	0.01054	0.01334	0.01053	0.00803	0.04771	0.21714	0.02601	0.19507	0.09369	0.28561	0.01494	0.00822	0.00244	0.00446	0.01269	0.00724	0.00814
4	0.08168	0.01213	0.01583	0.01232	0.01762	0.01081	0.01015	0.03333	0.01990	0.61734	0.02714	0.02404	0.01737	0.00882	0.00698	0.00221	0.00597	0.00705	0.05758	0.01172
5	0.01146	0.00815	0.01040	0.01047	0.01125	0.00865	0.00730	0.01369	0.07630	0.01833	0.08184	0.23319	0.04863	0.17083	0.05478	0.15942	0.05184	0.01227	0.00535	0.00583
6	0.01519	0.01370	0.02180	0.65257	0.04718	0.01682	0.01952	0.08741	0.01659	0.02143	0.01340	0.01918	0.00997	0.00742	0.00727	0.00240	0.00951	0.00647	0.00365	0.00852
7	0.01038	0.00697	0.00798	0.00817	0.00822	0.00692	0.00467	0.01052	0.01095	0.01459	0.02483	0.12514	0.02885	0.66365	0.03389	0.00659	0.00673	0.01170	0.00467	0.00457
8	0.01057	0.00705	0.00793	0.00793	0.00793	0.00705	0.00440	0.01057	0.01057	0.01409	0.02290	0.04757	0.02643	0.74454	0.03700	0.00705	0.00705	0.01057	0.00440	0.00440
9	0.04180	0.01648	0.01610	0.05523	0.06132	0.14285	0.01150	0.10338	0.12002	0.05505	0.01936	0.02237	0.01542	0.03304	0.08817	0.02166	0.00896	0.00669	0.15165	0.00895
10	0.01263	0.00631	0.00947	0.00947	0.00947	0.00631	0.00631	0.00947	0.00947	0.01263	0.01263	0.02210	0.01263	0.02525	0.02841	0.78851	0.00631	0.00631	0.00316	0.00316
11	0.03209	0.01321	0.01739	0.01333	0.01897	0.01193	0.01101	0.10250	0.02221	0.63518	0.02750	0.02398	0.01740	0.00897	0.00731	0.00224	0.00638	0.00723	0.00882	0.01237
12	0.36711	0.01472	0.01561	0.08707	0.02064	0.01604	0.01104	0.15111	0.01900	0.20807	0.01665	0.01705	0.01156	0.00777	0.00606	0.00225	0.00665	0.00558	0.00607	0.00993
13	0.01914	0.01841	0.02583	0.15583	0.43713	0.10547	0.01983	0.02391	0.04761	0.05564	0.01470	0.01836	0.01173	0.00702	0.00714	0.00219	0.00913	0.00637	0.00399	0.01057
14	0.01716	0.01961	0.04289	0.03064	0.03799	0.01838	0.67279	0.02328	0.01716	0.02328	0.01471	0.01961	0.01103	0.00613	0.00858	0.00245	0.01225	0.00858	0.00368	0.00980
15	0.06167	0.01737	0.02620	0.03657	0.52010	0.04833	0.01940	0.02186	0.01600	0.02355	0.01302	0.01701	0.01101	0.00685	0.00796	0.00212	0.05674	0.00604	0.00369	0.08453
16	0.23486	0.02012	0.02160	0.06642	0.29696	0.17227	0.01604	0.04872	0.01687	0.02544	0.01226	0.01526	0.00996	0.00691	0.00632	0.00214	0.00883	0.00538	0.00400	0.00966

[dist]
# distance from previous block
# <min> <max>
0	4

[block]
# block no. 5 follows, 28 sequences, length 20
# corresponding to MSA columns:
# 250-269
name=unknown_F
#
# <colnr> <probs for GDERKNQSTAVLIFYWHMCP>
#	G	D	E	R	K	N	Q	S	T	A	V	L	I	F	Y	W	H	M	C	P
0	0.01040	0.00774	0.01142	0.01142	0.01262	0.00894	0.00876	0.01281	0.01160	0.01668	0.01971	0.02989	0.01875	0.10307	0.66797	0.01136	0.01860	0.00798	0.00393	0.00634
1	0.02326	0.01573	0.01884	0.06100	0.04632	0.01714	0.01285	0.25018	0.16512	0.17148	0.05142	0.02398	0.03400	0.00991	0.00872	0.01964	0.04485	0.00752	0.00697	0.01106
2	0.01559	0.01557	0.02283	0.01930	0.01985	0.02109	0.05706	0.01754	0.01155	0.01782	0.01057	0.01703	0.01024	0.01525	0.07157	0.00373	0.63558	0.00660	0.00326	0.00797
3	0.05323	0.02610	0.02277	0.02445	0.19308	0.34850	0.01585	0.18074	0.02251	0.02651	0.01329	0.01533	0.01057	0.00750	0.00681	0.00203	0.01049	0.00555	0.00457	0.01012
4	0.00922	0.00662	0.00828	0.00940	0.01033	0.00608	0.00647	0.01090	0.01502	0.02020	0.10400	0.52943	0.15039	0.02051	0.00886	0.00274	0.00401	0.01832	0.05314	0.00608
5	0.01547	0.16799	0.58428	0.01920	0.02911	0.01906	0.02421	0.02279	0.01524	0.02194	0.01251	0.01467	0.00923	0.00678	0.00650	0.00217	0.01020	0.00510	0.00308	0.01048
6	0.01437	0.00757	0.00765	0.00736	0.00929	0.00770	0.00559	0.05537	0.01635	0.02819	0.02335	0.02654	0.01827	0.00848	0.00521	0.00172	0.00366	0.00676	0.73947	0.00710
7	0.01097	0.00859	0.01255	0.01222	0.01330	0.01034	0.00950	0.01330	0.01155	0.01676	0.01865	0.02844	0.01779	0.09388	0.60027	0.01050	0.09321	0.00782	0.00385	0.00651
8	0.01152	0.00772	0.01003	0.00929	0.01126	0.00705	0.00702	0.01484	0.02041	0.06815	0.62848	0.05328	0.09384	0.01468	0.00850	0.00229	0.00360	0.01290	0.00800	0.00715
9	0.02208	0.01578	0.01695	0.01360	0.01759	0.01721	0.01066	0.44815	0.02655	0.03621	0.01940	0.02579	0.01643	0.18973	0.01437	0.00333	0.00732	0.00756	0.08143	0.00987
10	0.00972	0.00697	0.00909	0.01050	0.01118	0.00666	0.00720	0.03725	0.01484	0.01977	0.03909	0.68791	0.04641	0.02211	0.00922	0.00293	0.00446	0.04172	0.00677	0.00619
11	0.00898	0.00727	0.00797	0.00803	0.01011	0.00626	0.00593	0.01109	0.01713	0.02152	0.20092	0.13680	0.49633	0.01812	0.00866	0.00247	0.00368	0.01544	0.00701	0.00626
12	0.07388	0.22642	0.16695	0.01898	0.06387	0.15616	0.07601	0.02317	0.01600	0.02086	0.01167	0.01420	0.00958	0.00695	0.00703	0.00200	0.04751	0.00508	0.00347	0.05022
13	0.00958	0.00701	0.00863	0.00897	0.01042	0.00637	0.00645	0.01193	0.01721	0.02339	0.30753	0.28725	0.19784	0.01802	0.00866	0.00252	0.00375	0.01587	0.04221	0.00637
14	0.00895	0.00637	0.00841	0.01000	0.01040	0.00597	0.00662	0.01015	0.01373	0.01831	0.03913	0.70198	0.04689	0.06220	0.01079	0.00318	0.00437	0.02011	0.00662	0.00582
15	0.02493	0.01495	0.01731	0.01368	0.01872	0.01507	0.01107	0.29083	0.05288	0.23508	0.02304	0.07724	0.01753	0.00959	0.00709	0.00212	0.00647	0.00773	0.06192	0.09274
16	0.09169	0.01118	0.01285	0.01133	0.01460	0.01103	0.00866	0.11781	0.04095	0.11189	0.13307	0.21865	0.04696	0.04434	0.00884	0.00252	0.00533	0.01138	0.00676	0.09015
17	0.02448	0.04368	0.01840	0.01389	0.01869	0.04013	0.01127	0.37350	0.02607	0.13629	0.01967	0.02148	0.01474	0.06024	0.00888	0.00239	0.00710	0.00672	0.10993	0.04243
18	0.19254	0.01719	0.01891	0.15369	0.12923	0.09748	0.01413	0.13272	0.01873	0.05681	0.01439	0.01702	0.01098	0.00739	0.00634	0.00213	0.00800	0.00569	0.05763	0.03903
19	0.01796	0.39242	0.15420	0.01473	0.02083	0.05945	0.03883	0.02216	0.04108	0.04747	0.03809	0.09147	0.01622	0.00868	0.00615	0.00198	0.00812	0.00674	0.00410	0.00932

[dist]
# distance from previous block
# <min> <max>
0	9

[block]
# block no. 6 follows, 28 sequences, length 10
# corresponding to MSA columns:
# 279-288
name=unknown_G
#
# <colnr> <probs for GDERKNQSTAVLIFYWHMCP>
#	G	D	E	R	K	N	Q	S	T	A	V	L	I	F	Y	W	H	M	C	P
0	0.05333	0.01347	0.02070	0.29340	0.20266	0.01417	0.01650	0.02032	0.01550	0.07902	0.01661	0.07977	0.01419	0.00823	0.00702	0.00218	0.00784	0.00731	0.00433	0.12345
1	0.01758	0.04559	0.01550	0.04369	0.01664	0.07277	0.00981	0.10857	0.04922	0.07419	0.05097	0.04452	0.04208	0.19223	0.03435	0.00360	0.05704	0.00815	0.04959	0.06390
2	0.01320	0.00800	0.01036	0.00964	0.01184	0.00722	0.00727	0.01609	0.01933	0.12564	0.44886	0.14064	0.12287	0.01539	0.00848	0.00238	0.00396	0.01349	0.00786	0.00747
3	0.01144	0.00753	0.00863	0.00859	0.00930	0.00750	0.00548	0.04037	0.01373	0.01940	0.09615	0.14003	0.03223	0.43809	0.02464	0.00506	0.00583	0.01156	0.10891	0.00553
4	0.11799	0.12569	0.02133	0.04920	0.04794	0.11443	0.01253	0.21298	0.02185	0.13475	0.01817	0.01925	0.03644	0.02794	0.00730	0.00222	0.00802	0.00612	0.00568	0.01016
5	0.01768	0.03256	0.51151	0.02121	0.05260	0.04782	0.06423	0.07298	0.01753	0.07327	0.01454	0.01643	0.01027	0.00715	0.00706	0.00227	0.01034	0.00580	0.00389	0.01085
6	0.00926	0.00666	0.00815	0.00916	0.00977	0.00623	0.00597	0.01028	0.01344	0.01757	0.04047	0.46635	0.13536	0.20723	0.01629	0.00393	0.00487	0.01731	0.00615	0.00555
7	0.01624	0.01576	0.02764	0.31199	0.38635	0.01693	0.07792	0.02092	0.01581	0.02167	0.01347	0.01868	0.01075	0.00676	0.00734	0.00229	0.00936	0.00665	0.00346	0.01001
8	0.01626	0.10858	0.22053	0.20092	0.10940	0.01907	0.04358	0.04866	0.04477	0.02195	0.01332	0.01705	0.01041	0.00767	0.00869	0.00233	0.08750	0.00599	0.00357	0.00975
9	0.01873	0.01459	0.01889	0.02314	0.23865	0.07242	0.01387	0.05065	0.04638	0.12209	0.02321	0.08727	0.02181	0.11597	0.01198	0.00308	0.00768	0.09477	0.00550	0.00932

[dist]
# distance from previous block
# <min> <max>
0	2

[block]
# block no. 7 follows, 28 sequences, length 70
# corresponding to MSA columns:
# 291-360
name=unknown_H
#
# <colnr> <probs for GDERKNQSTAVLIFYWHMCP>
#	G	D	E	R	K	N	Q	S	T	A	V	L	I	F	Y	W	H	M	C	P
0	0.37644	0.04674	0.11595	0.10126	0.02316	0.16130	0.01375	0.04478	0.01558	0.02636	0.01136	0.01370	0.00880	0.00704	0.00571	0.00217	0.00856	0.00469	0.00403	0.00863
1	0.00972	0.00674	0.00813	0.00888	0.00918	0.00650	0.00550	0.01036	0.01234	0.01634	0.03289	0.35722	0.06697	0.38926	0.02333	0.00501	0.00563	0.01529	0.00556	0.00515
2	0.01281	0.00963	0.01177	0.01039	0.01371	0.00810	0.00775	0.03194	0.01625	0.04929	0.12797	0.28944	0.06152	0.01394	0.00754	0.00208	0.00469	0.01225	0.00611	0.30283
3	0.01093	0.00792	0.01073	0.01217	0.01372	0.00772	0.01019	0.01381	0.01640	0.02131	0.06460	0.18460	0.10325	0.02018	0.00974	0.00317	0.00591	0.47039	0.00675	0.00652
4	0.02117	0.02151	0.01789	0.01605	0.02011	0.22747	0.01236	0.06030	0.46123	0.02722	0.02361	0.02254	0.01796	0.00911	0.00714	0.00228	0.00805	0.00709	0.00630	0.01061
5	0.01247	0.00945	0.03444	0.01059	0.01315	0.00800	0.00841	0.03317	0.01835	0.06763	0.32953	0.20110	0.07557	0.01545	0.00837	0.00240	0.00458	0.05974	0.00711	0.08051
6	0.07482	0.01533	0.01668	0.01420	0.04552	0.05742	0.01073	0.18424	0.02023	0.11822	0.01792	0.04443	0.01469	0.05892	0.06128	0.00292	0.00789	0.00657	0.00567	0.22231
7	0.03096	0.01417	0.01792	0.01371	0.01940	0.01329	0.01132	0.17738	0.02361	0.53630	0.02568	0.02282	0.01651	0.00882	0.00724	0.00220	0.00656	0.00705	0.00847	0.03660
8	0.05277	0.01232	0.01596	0.01253	0.01751	0.01125	0.01020	0.08261	0.02124	0.53151	0.10227	0.02786	0.02322	0.03424	0.00836	0.00241	0.00603	0.00791	0.00845	0.01134
9	0.02514	0.03129	0.02090	0.01879	0.02187	0.59135	0.01438	0.02696	0.01891	0.01774	0.01093	0.01361	0.00940	0.00843	0.00965	0.00211	0.14159	0.00498	0.00364	0.00834
10	0.02662	0.02003	0.04744	0.01641	0.02219	0.02102	0.01387	0.58906	0.03192	0.07842	0.01879	0.04723	0.01399	0.00924	0.00734	0.00222	0.00786	0.00712	0.00718	0.01204
11	0.00886	0.00633	0.00843	0.01012	0.01054	0.00590	0.00675	0.01012	0.01392	0.01856	0.04006	0.73979	0.04808	0.02277	0.00928	0.00295	0.00422	0.02066	0.00675	0.00590
12	0.01294	0.00826	0.00913	0.00841	0.01141	0.00697	0.00648	0.01500	0.01744	0.14239	0.08348	0.06142	0.55684	0.01662	0.00836	0.00241	0.00412	0.01384	0.00719	0.00727
13	0.01726	0.01652	0.02818	0.16222	0.58734	0.01708	0.02194	0.02166	0.01620	0.02286	0.01354	0.01823	0.01120	0.00661	0.00721	0.00220	0.00882	0.00647	0.00353	0.01092
14	0.02589	0.02055	0.02076	0.01653	0.02189	0.07228	0.01342	0.51399	0.14982	0.04101	0.01917	0.01887	0.01390	0.00884	0.00724	0.00221	0.00797	0.00671	0.00704	0.01192
15	0.01019	0.00689	0.00804	0.00841	0.00851	0.00679	0.00492	0.01047	0.01131	0.01508	0.02671	0.20105	0.03123	0.58451	0.03085	0.00614	0.00642	0.01281	0.00492	0.00474
16	0.62310	0.01345	0.01175	0.01014	0.01471	0.01487	0.00833	0.02353	0.01426	0.15262	0.04504	0.01608	0.01248	0.00752	0.00519	0.00225	0.00562	0.00496	0.00546	0.00863
17	0.08400	0.02427	0.11598	0.02033	0.11965	0.23311	0.01560	0.08933	0.01984	0.16408	0.01627	0.01721	0.01185	0.00766	0.00672	0.00210	0.00938	0.00575	0.02658	0.01029
18	0.04218	0.00869	0.01124	0.01090	0.01317	0.00809	0.00803	0.01882	0.03915	0.20772	0.12083	0.40744	0.04033	0.01702	0.00843	0.00263	0.00475	0.01507	0.00747	0.00804
19	0.79588	0.01406	0.01068	0.00956	0.01406	0.01631	0.00787	0.02137	0.01237	0.03261	0.01012	0.01181	0.00787	0.00675	0.00450	0.00225	0.00562	0.00394	0.00450	0.00787
20	0.01084	0.00774	0.01071	0.01239	0.01368	0.00761	0.01019	0.01355	0.01587	0.02077	0.03897	0.28365	0.04375	0.02091	0.00981	0.00323	0.00593	0.45725	0.00671	0.00645
21	0.01001	0.00733	0.00939	0.00907	0.01074	0.00671	0.00673	0.01310	0.01963	0.02735	0.58117	0.11604	0.12385	0.01588	0.00864	0.00236	0.00352	0.01401	0.00778	0.00671
22	0.01557	0.05313	0.53237	0.02010	0.02845	0.05240	0.02387	0.02229	0.01483	0.02161	0.01225	0.01524	0.00928	0.00796	0.00986	0.00242	0.13968	0.00547	0.00312	0.01009
23	0.01554	0.16424	0.56431	0.01958	0.02940	0.01906	0.04656	0.02280	0.01531	0.02197	0.01258	0.01483	0.00929	0.00676	0.00656	0.00217	0.01026	0.00522	0.00310	0.01046
24	0.00891	0.00637	0.00849	0.01008	0.01056	0.00594	0.00675	0.01027	0.01419	0.01899	0.06694	0.71168	0.04892	0.02245	0.00925	0.00292	0.00418	0.02036	0.00680	0.00594
25	0.00886	0.00633	0.00843	0.01012	0.01054	0.00590	0.00675	0.01012	0.01392	0.01856	0.04006	0.73979	0.04808	0.02277	0.00928	0.00295	0.00422	0.02066	0.00675	0.00590
26	0.01288	0.00702	0.00980	0.00965	0.00993	0.00710	0.00645	0.03936	0.01092	0.01457	0.01535	0.05993	0.01591	0.10559	0.02750	0.62666	0.00637	0.00751	0.00366	0.00384
27	0.01003	0.00723	0.00949	0.00932	0.01080	0.00669	0.00684	0.01307	0.01938	0.02725	0.57812	0.17694	0.06492	0.01628	0.00870	0.00241	0.00357	0.01449	0.00778	0.00669
28	0.01226	0.00644	0.00919	0.00919	0.00919	0.00644	0.00597	0.00967	0.00967	0.01289	0.01447	0.02665	0.01510	0.15394	0.02995	0.64869	0.00644	0.00707	0.00338	0.00338
29	0.01390	0.01310	0.02212	0.69922	0.07656	0.01620	0.02027	0.01872	0.01462	0.01878	0.01295	0.01932	0.00976	0.00724	0.00726	0.00241	0.00965	0.00646	0.00325	0.00822
30	0.11440	0.01481	0.02388	0.29141	0.12155	0.01588	0.11970	0.04338	0.01667	0.14522	0.01591	0.01921	0.01148	0.00728	0.00713	0.00233	0.00878	0.00664	0.00466	0.00967
31	0.01159	0.00828	0.01157	0.01325	0.01487	0.00826	0.01150	0.01485	0.01661	0.02162	0.03855	0.11015	0.04210	0.02020	0.01001	0.00333	0.00659	0.62332	0.00670	0.00666
32	0.01917	0.01918	0.02603	0.03599	0.49142	0.10619	0.01932	0.02608	0.13685	0.02418	0.01621	0.01900	0.01315	0.00721	0.00715	0.00218	0.00869	0.00656	0.00430	0.01112
33	0.01665	0.05724	0.56095	0.01922	0.02875	0.01684	0.02355	0.02549	0.07679	0.08343	0.01583	0.01712	0.01117	0.00734	0.00691	0.00229	0.00979	0.00575	0.00399	0.01091
34	0.02624	0.03250	0.02275	0.01974	0.02393	0.61416	0.07575	0.06196	0.02098	0.01976	0.01188	0.01394	0.00967	0.00743	0.00678	0.00194	0.01276	0.00514	0.00392	0.00876
35	0.49387	0.04620	0.04688	0.01293	0.01764	0.20035	0.01081	0.05549	0.01582	0.02840	0.01091	0.01258	0.00860	0.00703	0.00529	0.00213	0.00801	0.00432	0.00432	0.00842
36	0.00870	0.00718	0.00763	0.00792	0.00998	0.00612	0.00579	0.01049	0.01623	0.01976	0.08845	0.18928	0.55926	0.01907	0.00871	0.00254	0.00377	0.01622	0.00679	0.00612
37	0.01490	0.10934	0.44658	0.01890	0.02753	0.01671	0.08235	0.02134	0.01530	0.02206	0.01524	0.07906	0.01295	0.00802	0.00689	0.00218	0.00950	0.00676	0.00357	0.08083
38	0.01451	0.01232	0.01447	0.01071	0.01662	0.00935	0.00844	0.01756	0.01497	0.02322	0.01539	0.08097	0.01416	0.00696	0.00574	0.00125	0.00528	0.00579	0.00453	0.71777
39	0.05871	0.01919	0.02032	0.01605	0.02149	0.02143	0.01312	0.52663	0.15653	0.04233	0.01943	0.01904	0.01403	0.00886	0.00718	0.00224	0.00747	0.00675	0.00718	0.01201
40	0.00886	0.00633	0.00843	0.01012	0.01054	0.00590	0.00675	0.01012	0.01392	0.01856	0.04006	0.73979	0.04808	0.02277	0.00928	0.00295	0.00422	0.02066	0.00675	0.00590
41	0.01074	0.00831	0.01145	0.01117	0.01220	0.00956	0.00841	0.01265	0.01185	0.01661	0.02422	0.03509	0.08075	0.18851	0.45191	0.00915	0.07813	0.00892	0.00420	0.00616
42	0.01847	0.01581	0.01666	0.01487	0.01905	0.01826	0.01160	0.06472	0.65933	0.03104	0.02909	0.02672	0.02179	0.00982	0.00739	0.00245	0.00584	0.00815	0.00739	0.01154
43	0.01014	0.00742	0.01058	0.01088	0.01184	0.00823	0.00801	0.01213	0.01193	0.01679	0.02363	0.15846	0.02468	0.14524	0.49452	0.00947	0.01501	0.01048	0.00448	0.00609
44	0.02715	0.03464	0.02060	0.01873	0.02247	0.71536	0.01404	0.02903	0.02060	0.01779	0.01124	0.01311	0.00936	0.00749	0.00655	0.00187	0.01311	0.00468	0.00375	0.00843
45	0.01364	0.00947	0.01052	0.00965	0.01075	0.00986	0.00625	0.13320	0.01508	0.02016	0.02269	0.07393	0.02483	0.57541	0.03023	0.00596	0.00709	0.01029	0.00504	0.00594
46	0.00886	0.00633	0.00843	0.01012	0.01054	0.00590	0.00675	0.01012	0.01392	0.01856	0.04006	0.73979	0.04808	0.02277	0.00928	0.00295	0.00422	0.02066	0.00675	0.00590
47	0.01021	0.00736	0.00989	0.01111	0.01233	0.00704	0.00865	0.01268	0.01628	0.02169	0.15487	0.33683	0.07567	0.02017	0.00942	0.00297	0.00502	0.26447	0.00694	0.00639
48	0.02715	0.03464	0.02060	0.01873	0.02247	0.71536	0.01404	0.02903	0.02060	0.01779	0.01124	0.01311	0.00936	0.00749	0.00655	0.00187	0.01311	0.00468	0.00375	0.00843
49	0.65932	0.01376	0.01179	0.01016	0.01486	0.01530	0.00838	0.02388	0.01388	0.15278	0.01344	0.01412	0.00968	0.00715	0.00500	0.00225	0.00572	0.00454	0.00530	0.00868
50	0.00886	0.00633	0.00843	0.01012	0.01054	0.00590	0.00675	0.01012	0.01392	0.01856	0.04006	0.73979	0.04808	0.02277	0.00928	0.00295	0.00422	0.02066	0.00675	0.00590
51	0.01029	0.00743	0.00972	0.00914	0.01086	0.00686	0.00686	0.01372	0.02058	0.02915	0.69536	0.05430	0.06859	0.01486	0.00857	0.00229	0.00343	0.01315	0.00800	0.00686
52	0.09907	0.04731	0.02031	0.01736	0.02160	0.51013	0.01339	0.14306	0.02210	0.02415	0.01221	0.01372	0.00976	0.00761	0.00644	0.00196	0.01137	0.00492	0.00443	0.00910
53	0.02881	0.01848	0.02065	0.01583	0.02160	0.01975	0.01308	0.52421	0.03102	0.20101	0.02010	0.01917	0.01369	0.00879	0.00728	0.00220	0.00757	0.00672	0.00768	0.01236
54	0.01697	0.01309	0.01556	0.01570	0.04540	0.03656	0.01262	0.19645	0.04734	0.02848	0.03053	0.08005	0.03093	0.01570	0.00892	0.00288	0.00722	0.38027	0.00665	0.00865
55	0.01010	0.00685	0.00807	0.00853	0.00864	0.00674	0.00504	0.01045	0.01148	0.01531	0.02758	0.23627	0.03233	0.54778	0.02944	0.00593	0.00628	0.01332	0.00504	0.00481
56	0.00914	0.00739	0.00813	0.00794	0.01016	0.00637	0.00596	0.01150	0.01787	0.02272	0.27544	0.06487	0.49251	0.01726	0.00859	0.00240	0.00360	0.01463	0.00716	0.00637
57	0.01571	0.20293	0.55143	0.01879	0.02848	0.01964	0.02351	0.02273	0.01521	0.02164	0.01236	0.01449	0.00924	0.00675	0.00638	0.00213	0.01005	0.00503	0.00308	0.01041
58	0.02763	0.02036	0.02182	0.01672	0.02254	0.02254	0.01382	0.67496	0.03418	0.04581	0.01745	0.01745	0.01236	0.00873	0.00727	0.00218	0.00800	0.00654	0.00727	0.01236
59	0.03118	0.01290	0.01698	0.01321	0.01871	0.01170	0.01085	0.05541	0.07975	0.62465	0.02841	0.02473	0.01819	0.00906	0.00732	0.00227	0.00620	0.00737	0.00880	0.01229
60	0.01458	0.03760	0.70688	0.02072	0.03146	0.01688	0.02686	0.02302	0.01535	0.02302	0.01304	0.01535	0.00921	0.00691	0.00691	0.00230	0.01074	0.00537	0.00307	0.01074
61	0.01425	0.01390	0.02492	0.57387	0.06902	0.01622	0.12098	0.01917	0.01499	0.01948	0.01406	0.04157	0.01114	0.00754	0.00753	0.00243	0.00988	0.00723	0.00342	0.00839
62	0.01029	0.00743	0.00972	0.00914	0.01086	0.00686	0.00686	0.01372	0.02058	0.02915	0.69536	0.05430	0.06859	0.01486	0.00857	0.00229	0.00343	0.01315	0.00800	0.00686
63	0.01050	0.00702	0.00795	0.00802	0.00804	0.00700	0.00450	0.01055	0.01071	0.01429	0.02364	0.07720	0.02735	0.71364	0.03581	0.00687	0.00693	0.01100	0.00450	0.00447
64	0.03696	0.09840	0.45216	0.02576	0.20063	0.01808	0.02383	0.02268	0.01552	0.02291	0.01285	0.01558	0.00977	0.00673	0.00671	0.00219	0.00979	0.00548	0.00325	0.01073
65	0.01634	0.01040	0.01283	0.01100	0.01397	0.01017	0.00861	0.13489	0.02304	0.12142	0.48589	0.04380	0.05184	0.01299	0.00817	0.00226	0.00461	0.01119	0.00800	0.00857
66	0.01171	0.00837	0.01171	0.01339	0.01506	0.00837	0.01171	0.01506	0.01673	0.02175	0.03849	0.08199	0.04183	0.02008	0.01004	0.00335	0.00669	0.65027	0.00669	0.00669
67	0.01561	0.05603	0.47963	0.02478	0.09497	0.01764	0.16318	0.02297	0.01582	0.02294	0.01336	0.01637	0.00982	0.00668	0.00721	0.00229	0.01077	0.00611	0.00325	0.01057
68	0.14217	0.04656	0.20637	0.01674	0.02302	0.18827	0.01615	0.17802	0.04795	0.02884	0.01406	0.01543	0.01056	0.00759	0.00645	0.00213	0.00940	0.00537	0.02491	0.01000
69	0.69286	0.01490	0.01218	0.01052	0.01520	0.01714	0.00867	0.10902	0.01529	0.03438	0.01110	0.01257	0.00847	0.00701	0.00487	0.00224	0.00594	0.00429	0.00487	0.00847

[dist]
# distance from previous block
# <min> <max>
0	1

[block]
# block no. 8 follows, 28 sequences, length 72
# corresponding to MSA columns:
# 362-433
name=unknown_I
#
# <colnr> <probs for GDERKNQSTAVLIFYWHMCP>
#	G	D	E	R	K	N	Q	S	T	A	V	L	I	F	Y	W	H	M	C	P
0	0.01836	0.01594	0.02560	0.25891	0.38715	0.01712	0.02017	0.08866	0.01793	0.05897	0.01458	0.01872	0.01135	0.00709	0.00723	0.00225	0.00878	0.00652	0.00413	0.01054
1	0.01125	0.00932	0.01024	0.00939	0.01235	0.00867	0.00716	0.01674	0.12884	0.02418	0.21272	0.05336	0.35971	0.01478	0.00806	0.00227	0.00414	0.01249	0.00691	0.08743
2	0.15044	0.01734	0.02210	0.13999	0.32937	0.10500	0.01702	0.02162	0.01641	0.02418	0.07601	0.01991	0.01564	0.00756	0.00679	0.00219	0.00838	0.00643	0.00412	0.00952
3	0.01481	0.01265	0.01480	0.01074	0.01695	0.00953	0.00854	0.01796	0.01503	0.02347	0.01405	0.04521	0.01232	0.00611	0.00555	0.00115	0.00533	0.00499	0.00441	0.75641
4	0.01943	0.74891	0.03809	0.01244	0.01866	0.02876	0.01244	0.02177	0.01477	0.01710	0.01011	0.01166	0.00933	0.00622	0.00466	0.00155	0.00777	0.00389	0.00311	0.00933
5	0.03280	0.00846	0.00972	0.00928	0.01151	0.00811	0.00699	0.01555	0.09277	0.02605	0.38552	0.08335	0.25192	0.01549	0.00836	0.00238	0.00386	0.01332	0.00740	0.00714
6	0.01029	0.00743	0.00972	0.00914	0.01086	0.00686	0.00686	0.01372	0.02058	0.02915	0.69536	0.05430	0.06859	0.01486	0.00857	0.00229	0.00343	0.01315	0.00800	0.00686
7	0.02051	0.01682	0.01780	0.01528	0.01983	0.01921	0.01209	0.20025	0.52049	0.03432	0.02650	0.02466	0.01969	0.00957	0.00736	0.00239	0.00632	0.00779	0.00736	0.01172
8	0.01038	0.00779	0.01168	0.01168	0.01298	0.00909	0.00909	0.01298	0.01168	0.01687	0.01947	0.02856	0.01817	0.05452	0.71573	0.01168	0.01947	0.00779	0.00389	0.00649
9	0.02715	0.03464	0.02060	0.01873	0.02247	0.71536	0.01404	0.02903	0.02060	0.01779	0.01124	0.01311	0.00936	0.00749	0.00655	0.00187	0.01311	0.00468	0.00375	0.00843
10	0.01731	0.01495	0.01570	0.01419	0.01817	0.01711	0.01102	0.03635	0.63194	0.02954	0.03315	0.03058	0.07668	0.01055	0.00749	0.00246	0.00559	0.00879	0.00734	0.01107
11	0.01077	0.00773	0.01061	0.01224	0.01356	0.00757	0.01005	0.01346	0.01589	0.02074	0.04000	0.27706	0.06319	0.02083	0.00977	0.00320	0.00587	0.44429	0.00671	0.00644
12	0.00877	0.00732	0.00765	0.00767	0.00996	0.00620	0.00571	0.01074	0.01683	0.02051	0.13252	0.10163	0.60299	0.01828	0.00862	0.00246	0.00368	0.01539	0.00687	0.00620
13	0.01799	0.01727	0.02950	0.04462	0.69919	0.01727	0.02231	0.02231	0.01655	0.02375	0.01367	0.01799	0.01151	0.00648	0.00720	0.00216	0.00864	0.00648	0.00360	0.01151
14	0.79588	0.01406	0.01068	0.00956	0.01406	0.01631	0.00787	0.02137	0.01237	0.03261	0.01012	0.01181	0.00787	0.00675	0.00450	0.00225	0.00562	0.00394	0.00450	0.00787
15	0.01039	0.00776	0.01152	0.01152	0.01276	0.00900	0.00888	0.01287	0.01163	0.01675	0.01962	0.02940	0.01854	0.08521	0.68554	0.01148	0.01892	0.00791	0.00392	0.00640
16	0.01355	0.00678	0.00678	0.00678	0.00847	0.00678	0.00508	0.01694	0.01524	0.02710	0.02371	0.02710	0.01863	0.00847	0.00508	0.00169	0.00339	0.00678	0.78489	0.00678
17	0.01734	0.01734	0.04934	0.13093	0.59588	0.01712	0.02218	0.02185	0.01626	0.02307	0.01356	0.01809	0.01121	0.00659	0.00720	0.00220	0.00883	0.00644	0.00353	0.01105
18	0.02435	0.01321	0.01613	0.01292	0.01742	0.01302	0.01045	0.20307	0.04449	0.30915	0.21895	0.03140	0.03126	0.01065	0.00767	0.00225	0.00587	0.00882	0.00819	0.01074
19	0.79588	0.01406	0.01068	0.00956	0.01406	0.01631	0.00787	0.02137	0.01237	0.03261	0.01012	0.01181	0.00787	0.00675	0.00450	0.00225	0.00562	0.00394	0.00450	0.00787
20	0.01856	0.01948	0.02935	0.13022	0.41356	0.11452	0.12362	0.02290	0.01694	0.02215	0.01340	0.01775	0.01089	0.00667	0.00733	0.00220	0.00997	0.00656	0.00358	0.01035
21	0.01565	0.01328	0.01474	0.01442	0.03990	0.01486	0.01056	0.03061	0.48500	0.02736	0.05082	0.16690	0.05915	0.01276	0.00784	0.00254	0.00540	0.01102	0.00713	0.01005
22	0.05223	0.01681	0.03211	0.18262	0.17777	0.01699	0.32041	0.02147	0.01599	0.02259	0.01399	0.01901	0.01092	0.00803	0.03073	0.00263	0.01065	0.00730	0.00363	0.03411
23	0.01828	0.05660	0.02909	0.07951	0.59361	0.05242	0.02126	0.02241	0.01655	0.02281	0.01332	0.01749	0.01119	0.00656	0.00703	0.00213	0.00887	0.00625	0.00356	0.01105
24	0.05869	0.01243	0.01666	0.01282	0.01840	0.01088	0.01059	0.03494	0.02052	0.68128	0.02804	0.02430	0.01765	0.00892	0.00721	0.00225	0.00617	0.00719	0.00884	0.01222
25	0.01085	0.00785	0.01041	0.01163	0.01311	0.00763	0.00955	0.01351	0.01609	0.02091	0.07784	0.15235	0.11749	0.08050	0.01196	0.00345	0.00591	0.41601	0.00659	0.00636
26	0.01651	0.06475	0.54214	0.01928	0.02866	0.01628	0.04792	0.02373	0.01624	0.09291	0.05245	0.01847	0.01348	0.00750	0.00700	0.00227	0.00979	0.00606	0.00398	0.01059
27	0.01709	0.01590	0.02580	0.03750	0.54340	0.01613	0.01966	0.02287	0.08507	0.02405	0.01848	0.05432	0.01667	0.00864	0.00754	0.00232	0.00799	0.06130	0.00438	0.01088
28	0.00969	0.00677	0.00836	0.00906	0.00954	0.00647	0.00581	0.01075	0.01352	0.01816	0.11483	0.36532	0.06329	0.30175	0.01993	0.00444	0.00520	0.01565	0.00599	0.00545
29	0.01422	0.01328	0.02173	0.57558	0.09544	0.01624	0.01940	0.01928	0.03670	0.01946	0.01464	0.02252	0.01187	0.00825	0.00833	0.00249	0.04938	0.03927	0.00357	0.00838
30	0.01940	0.38610	0.18825	0.01597	0.05583	0.02159	0.01575	0.04368	0.01671	0.10074	0.06075	0.01750	0.01462	0.00739	0.00598	0.00191	0.00803	0.00549	0.00428	0.01005
31	0.01162	0.00830	0.01161	0.01328	0.01491	0.00829	0.01155	0.01490	0.01664	0.02165	0.03854	0.10335	0.04204	0.02017	0.01002	0.00333	0.00661	0.62982	0.00670	0.00667
32	0.04476	0.03669	0.67998	0.02029	0.03079	0.01686	0.02612	0.02296	0.01523	0.02339	0.01293	0.01521	0.00916	0.00690	0.00681	0.00230	0.01055	0.00532	0.00312	0.01063
33	0.06100	0.04083	0.04997	0.01340	0.03854	0.01286	0.01070	0.05122	0.17590	0.11671	0.23525	0.08081	0.03585	0.01190	0.00767	0.00237	0.00553	0.03311	0.00705	0.00933
34	0.08874	0.01439	0.05636	0.36066	0.17869	0.01486	0.01750	0.01859	0.01513	0.02143	0.02242	0.02614	0.11843	0.00879	0.00718	0.00235	0.00818	0.00757	0.00398	0.00863
35	0.14745	0.02800	0.02027	0.02042	0.10746	0.45883	0.01411	0.08017	0.01990	0.02320	0.01188	0.01388	0.00965	0.00735	0.00637	0.00199	0.01093	0.00495	0.00414	0.00906
36	0.00977	0.00722	0.00943	0.00975	0.01091	0.00687	0.00701	0.01217	0.01735	0.02395	0.37297	0.33729	0.09033	0.01825	0.00931	0.00260	0.02491	0.01617	0.00728	0.00646
37	0.04518	0.05963	0.51915	0.01987	0.05291	0.01645	0.04132	0.02279	0.01545	0.04419	0.01336	0.01555	0.00973	0.00674	0.00664	0.00214	0.00971	0.00534	0.00347	0.09038
38	0.01926	0.01294	0.01586	0.01170	0.01764	0.01056	0.00947	0.02231	0.01623	0.18432	0.01647	0.01740	0.01241	0.00661	0.00678	0.00146	0.04250	0.00512	0.00536	0.56557
39	0.01943	0.74891	0.03809	0.01244	0.01866	0.02876	0.01244	0.02177	0.01477	0.01710	0.01011	0.01166	0.00933	0.00622	0.00466	0.00155	0.00777	0.00389	0.00311	0.00933
40	0.01699	0.01853	0.09726	0.03919	0.57297	0.01636	0.02148	0.02166	0.01677	0.02413	0.07085	0.02077	0.01607	0.00722	0.00728	0.00218	0.00841	0.00692	0.00391	0.01104
