[name]
unknown

[dist]
# distance from previous block
# <min> <max>
22	110

[block]
# block no. 0 follows, 28 sequences, length 28
# corresponding to MSA columns:
# 130-157
name=unknown_A
#
# <colnr> <probs for GDERKNQSTAVLIFYWHMCP>
#	G	D	E	R	K	N	Q	S	T	A	V	L	I	F	Y	W	H	M	C	P
0	0.01862	0.01406	0.01668	0.01554	0.05738	0.01525	0.01135	0.31907	0.02352	0.03184	0.06605	0.23504	0.02702	0.04608	0.03148	0.00296	0.04087	0.01133	0.00653	0.00933
1	0.02642	0.03000	0.02111	0.01941	0.05551	0.50690	0.01429	0.16383	0.05160	0.02446	0.01343	0.01485	0.01064	0.00780	0.00677	0.00198	0.01151	0.00531	0.00463	0.00953
2	0.01634	0.01367	0.01575	0.01137	0.01776	0.01099	0.00914	0.08450	0.01700	0.02592	0.01338	0.01531	0.01093	0.00572	0.00557	0.00119	0.00565	0.00453	0.00461	0.71068
3	0.00914	0.00645	0.00835	0.00975	0.01010	0.00610	0.00635	0.01020	0.01335	0.01781	0.03718	0.62328	0.04443	0.14426	0.01394	0.00364	0.00469	0.01897	0.00635	0.00565
4	0.01157	0.00953	0.01302	0.01257	0.01371	0.03142	0.00979	0.01386	0.01181	0.01681	0.01821	0.02768	0.01734	0.08899	0.56968	0.01008	0.10580	0.00769	0.00383	0.00660
5	0.02422	0.02904	0.05432	0.01921	0.02309	0.44260	0.04723	0.10837	0.02029	0.02181	0.01199	0.01456	0.00985	0.00844	0.00971	0.00218	0.13458	0.00543	0.00406	0.00902
6	0.00971	0.00668	0.00818	0.00903	0.00924	0.00647	0.00558	0.01034	0.01226	0.01634	0.03154	0.39614	0.03733	0.38109	0.02304	0.00499	0.00562	0.01565	0.00558	0.00516
7	0.00886	0.00633	0.00843	0.01012	0.01054	0.00590	0.00675	0.01012	0.01392	0.01856	0.04006	0.73979	0.04808	0.02277	0.00928	0.00295	0.00422	0.02066	0.00675	0.00590
8	0.01560	0.01326	0.01566	0.04070	0.01883	0.01055	0.00933	0.04858	0.01593	0.02449	0.01313	0.01536	0.01080	0.00562	0.00555	0.00118	0.00568	0.00450	0.00440	0.72085
9	0.01669	0.05771	0.22310	0.02445	0.08414	0.04773	0.24077	0.02217	0.01573	0.02208	0.01302	0.01678	0.01020	0.00715	0.00925	0.00228	0.09594	0.00647	0.00347	0.08087
10	0.01956	0.01812	0.01716	0.01535	0.01948	0.10308	0.01191	0.06281	0.57913	0.02949	0.02687	0.02503	0.02024	0.00953	0.00729	0.00238	0.00674	0.00772	0.00695	0.01117
11	0.01695	0.01896	0.04050	0.08410	0.07817	0.01815	0.58484	0.02287	0.01692	0.02296	0.01451	0.01949	0.01096	0.00623	0.00840	0.00243	0.01185	0.00829	0.00364	0.00977
12	0.02715	0.03464	0.02060	0.01873	0.02247	0.71536	0.01404	0.02903	0.02060	0.01779	0.01124	0.01311	0.00936	0.00749	0.00655	0.00187	0.01311	0.00468	0.00375	0.00843
13	0.01507	0.01292	0.01507	0.01077	0.01723	0.00969	0.00861	0.01830	0.01507	0.02369	0.01292	0.01507	0.01077	0.00538	0.00538	0.00108	0.00538	0.00431	0.00431	0.78898
14	0.05917	0.02674	0.02373	0.02182	0.09025	0.40398	0.11415	0.08216	0.01985	0.02210	0.01322	0.01704	0.01108	0.05314	0.00879	0.00236	0.01137	0.00595	0.00410	0.00901
15	0.02379	0.02864	0.02345	0.07355	0.18299	0.48308	0.03657	0.02657	0.01913	0.01940	0.01203	0.01488	0.00994	0.00720	0.00682	0.00199	0.01180	0.00534	0.00367	0.00917
16	0.00960	0.00794	0.00850	0.00847	0.01076	0.00717	0.00630	0.01310	0.07115	0.02159	0.14438	0.13311	0.49665	0.01772	0.00856	0.00249	0.00387	0.01503	0.00696	0.00664
17	0.01029	0.00743	0.00972	0.00914	0.01086	0.00686	0.00686	0.01372	0.02058	0.02915	0.69536	0.05430	0.06859	0.01486	0.00857	0.00229	0.00343	0.01315	0.00800	0.00686
18	0.02314	0.29851	0.06985	0.01601	0.02145	0.27738	0.01409	0.12463	0.05138	0.02271	0.01273	0.01402	0.01040	0.00728	0.00602	0.00186	0.00985	0.00488	0.00417	0.00965
19	0.00969	0.00721	0.00913	0.01009	0.01122	0.00684	0.00720	0.01243	0.04717	0.02118	0.14929	0.46930	0.12638	0.02018	0.00905	0.00279	0.00428	0.06319	0.00698	0.00641
20	0.00883	0.00737	0.00770	0.00762	0.00997	0.00624	0.00571	0.01090	0.01714	0.02099	0.16182	0.06774	0.60722	0.01791	0.00859	0.00243	0.00365	0.01503	0.00693	0.00624
21	0.01622	0.00973	0.01039	0.00932	0.01185	0.01031	0.00729	0.15509	0.01890	0.03010	0.02200	0.02520	0.01727	0.01276	0.07096	0.00272	0.00584	0.00682	0.54930	0.00792
22	0.02509	0.01858	0.02007	0.01590	0.02104	0.02048	0.01292	0.57099	0.06263	0.04205	0.02054	0.09829	0.01680	0.01034	0.00750	0.00228	0.00747	0.00819	0.00722	0.01160
23	0.02395	0.01846	0.01859	0.01529	0.01972	0.10519	0.01226	0.30119	0.10446	0.12636	0.05128	0.04675	0.05758	0.01027	0.00843	0.00229	0.05258	0.00785	0.00681	0.01069
24	0.00898	0.00638	0.00840	0.00996	0.01036	0.00599	0.00658	0.01015	0.01368	0.01824	0.03884	0.69037	0.04653	0.07431	0.01126	0.00324	0.00442	0.01994	0.00658	0.00580
25	0.01917	0.01977	0.02752	0.08916	0.54353	0.12996	0.02082	0.02313	0.01706	0.02242	0.01323	0.01730	0.01104	0.00670	0.00710	0.00213	0.00943	0.00619	0.00360	0.01077
26	0.01892	0.02147	0.06231	0.04846	0.13109	0.12810	0.25114	0.05092	0.05886	0.02282	0.01412	0.01795	0.01124	0.00782	0.01015	0.00241	0.12152	0.00699	0.00394	0.00977
27	0.07052	0.06331	0.07530	0.17970	0.14979	0.12922	0.01689	0.04818	0.03690	0.02229	0.01309	0.01671	0.01057	0.00861	0.02623	0.00240	0.05428	0.00570	0.00383	0.06646

[dist]
# distance from previous block
# <min> <max>
4	16

[block]
# block no. 1 follows, 28 sequences, length 75
# corresponding to MSA columns:
# 176-250
name=unknown_B
#
# <colnr> <probs for GDERKNQSTAVLIFYWHMCP>
#	G	D	E	R	K	N	Q	S	T	A	V	L	I	F	Y	W	H	M	C	P
0	0.01815	0.25257	0.20425	0.04018	0.02652	0.07420	0.14505	0.02276	0.01595	0.05242	0.01431	0.05243	0.01204	0.00769	0.00719	0.00213	0.03242	0.00641	0.00373	0.00960
1	0.01265	0.07986	0.12211	0.01226	0.01637	0.02972	0.04187	0.04122	0.01758	0.02319	0.17629	0.10729	0.23978	0.01364	0.00782	0.00231	0.00595	0.01159	0.03073	0.00776
2	0.01860	0.02007	0.05042	0.06978	0.44471	0.10379	0.10432	0.02286	0.01672	0.02237	0.01324	0.01747	0.01093	0.00693	0.00814	0.00223	0.04681	0.00648	0.00357	0.01055
3	0.32704	0.09481	0.04488	0.01238	0.01736	0.01761	0.01072	0.14533	0.03841	0.04835	0.03494	0.01606	0.01212	0.00829	0.00716	0.03269	0.03287	0.00522	0.00502	0.08873
4	0.00897	0.00656	0.00846	0.00993	0.01068	0.00606	0.00684	0.01041	0.01440	0.01886	0.04432	0.61966	0.13150	0.02207	0.00923	0.00291	0.00427	0.05213	0.00675	0.00597
5	0.00896	0.00698	0.00786	0.00841	0.00988	0.00618	0.00585	0.01045	0.01514	0.01897	0.07733	0.29106	0.38380	0.10082	0.01199	0.00313	0.00423	0.01652	0.00653	0.00589
6	0.01832	0.01483	0.01736	0.06370	0.02080	0.01395	0.01098	0.19402	0.02001	0.02913	0.01434	0.01641	0.01131	0.00676	0.00667	0.00156	0.03196	0.00521	0.02845	0.47422
7	0.01487	0.01445	0.02092	0.01804	0.01856	0.01955	0.03773	0.01682	0.01145	0.01758	0.01167	0.01851	0.01128	0.02066	0.15858	0.00482	0.56674	0.00672	0.00334	0.00773
8	0.00909	0.00642	0.00837	0.00982	0.01019	0.00606	0.00643	0.01018	0.01346	0.01795	0.03774	0.64606	0.04515	0.12051	0.01303	0.00351	0.00460	0.01930	0.00643	0.00570
9	0.59922	0.01533	0.01314	0.01125	0.01596	0.01758	0.00922	0.14265	0.06450	0.03488	0.01286	0.01394	0.00972	0.00733	0.00521	0.00225	0.00607	0.00472	0.00521	0.00896
10	0.02138	0.08687	0.01925	0.01427	0.01853	0.07605	0.01164	0.14973	0.15572	0.11702	0.01984	0.02075	0.01514	0.01254	0.06726	0.00292	0.06311	0.00653	0.05800	0.06342
11	0.01760	0.07947	0.06010	0.06207	0.02441	0.06343	0.12137	0.06306	0.05004	0.02221	0.01340	0.01729	0.01111	0.00893	0.01246	0.00241	0.24932	0.00632	0.04070	0.07432
12	0.01478	0.03623	0.65645	0.02147	0.03196	0.01700	0.07591	0.02304	0.01548	0.02304	0.01317	0.01567	0.00935	0.00685	0.00703	0.00231	0.01086	0.00561	0.00312	0.01067
13	0.00870	0.00729	0.00756	0.00765	0.00992	0.00616	0.00568	0.01058	0.01658	0.02005	0.10299	0.11700	0.61790	0.01854	0.00864	0.00248	0.00371	0.01561	0.00681	0.00616
14	0.02699	0.02004	0.02146	0.01660	0.02230	0.02224	0.01366	0.63243	0.07774	0.04478	0.01826	0.01810	0.01302	0.00880	0.00728	0.00220	0.00785	0.00666	0.00728	0.01230
15	0.01393	0.01312	0.02217	0.69491	0.08066	0.01620	0.02029	0.01875	0.01463	0.01882	0.01296	0.01931	0.00978	0.00723	0.00726	0.00241	0.00964	0.00646	0.00325	0.00824
16	0.01009	0.00742	0.00944	0.00893	0.01074	0.00677	0.00670	0.01333	0.02010	0.02802	0.62165	0.05615	0.14300	0.01528	0.00858	0.00231	0.00346	0.01341	0.00785	0.00677
17	0.00886	0.00633	0.00843	0.01012	0.01054	0.00590	0.00675	0.01012	0.01392	0.01856	0.04006	0.73979	0.04808	0.02277	0.00928	0.00295	0.00422	0.02066	0.00675	0.00590
18	0.00886	0.00633	0.00843	0.01012	0.01054	0.00590	0.00675	0.01012	0.01392	0.01856	0.04006	0.73979	0.04808	0.02277	0.00928	0.00295	0.00422	0.02066	0.00675	0.00590
19	0.01373	0.01292	0.02180	0.72707	0.05006	0.01615	0.02019	0.01857	0.01453	0.01857	0.01292	0.01938	0.00969	0.00727	0.00727	0.00242	0.00969	0.00646	0.00323	0.00807
20	0.01280	0.00684	0.00707	0.00707	0.00833	0.00684	0.00491	0.01533	0.01407	0.02383	0.02351	0.03225	0.02059	0.19383	0.01312	0.00304	0.00431	0.00773	0.58834	0.00618
21	0.01711	0.01946	0.04206	0.03017	0.03723	0.01854	0.64637	0.02305	0.01691	0.02305	0.01450	0.01946	0.01097	0.00639	0.00919	0.00248	0.04117	0.00849	0.00366	0.00973
22	0.02683	0.01959	0.02096	0.01616	0.02174	0.02165	0.01332	0.63767	0.03310	0.04475	0.01781	0.01800	0.01272	0.00871	0.00715	0.00215	0.00774	0.00656	0.05134	0.01205
23	0.01952	0.67494	0.07516	0.01320	0.01956	0.06045	0.01333	0.02218	0.01508	0.01747	0.01033	0.01194	0.00932	0.00632	0.00488	0.00161	0.00819	0.00401	0.00314	0.00937
24	0.04968	0.01526	0.01775	0.01425	0.01850	0.01646	0.01155	0.29120	0.02276	0.12997	0.01868	0.04209	0.01487	0.04718	0.06137	0.00311	0.09143	0.00701	0.03074	0.09614
25	0.01981	0.04243	0.01693	0.01432	0.05502	0.01496	0.01056	0.26463	0.04178	0.08497	0.07884	0.03044	0.06587	0.13750	0.03580	0.00329	0.00713	0.00834	0.03274	0.03462
26	0.02475	0.01754	0.02039	0.11870	0.02546	0.01927	0.01393	0.40839	0.10512	0.12008	0.01945	0.01968	0.01376	0.00858	0.00724	0.00223	0.00768	0.00676	0.00683	0.03415
27	0.03129	0.01306	0.01712	0.01328	0.01881	0.01188	0.01092	0.07189	0.06908	0.61879	0.02811	0.02450	0.01797	0.00904	0.00731	0.00226	0.00626	0.00733	0.00878	0.01231
28	0.00884	0.00639	0.00837	0.00995	0.01050	0.00592	0.00667	0.01014	0.01408	0.01862	0.04212	0.69870	0.08785	0.02251	0.00924	0.00292	0.00418	0.02034	0.00675	0.00592
29	0.02142	0.01488	0.01646	0.01384	0.01825	0.01611	0.01103	0.19055	0.31073	0.13809	0.07618	0.02873	0.06048	0.01023	0.00741	0.00232	0.00600	0.00836	0.03789	0.01103
30	0.01057	0.00705	0.00793	0.00793	0.00793	0.00705	0.00440	0.01057	0.01057	0.01409	0.02290	0.04757	0.02643	0.74454	0.03700	0.00705	0.00705	0.01057	0.00440	0.00440
31	0.01057	0.00705	0.00793	0.00793	0.00793	0.00705	0.00440	0.01057	0.01057	0.01409	0.02290	0.04757	0.02643	0.74454	0.03700	0.00705	0.00705	0.01057	0.00440	0.00440
32	0.02610	0.03210	0.02168	0.02168	0.10152	0.60861	0.01500	0.05175	0.02062	0.01951	0.01175	0.01384	0.00972	0.00742	0.00666	0.00192	0.01240	0.00496	0.00386	0.00893
33	0.01263	0.00631	0.00947	0.00947	0.00947	0.00631	0.00631	0.00947	0.00947	0.01263	0.01263	0.02210	0.01263	0.02525	0.02841	0.78851	0.00631	0.00631	0.00316	0.00316
34	0.01262	0.00795	0.01046	0.00954	0.01166	0.00726	0.00726	0.01599	0.02060	0.09972	0.62566	0.05121	0.06330	0.01425	0.00844	0.00228	0.00372	0.01254	0.00811	0.00743
35	0.01720	0.01646	0.02807	0.17191	0.57812	0.01706	0.02191	0.02161	0.01618	0.02278	0.01353	0.01825	0.01117	0.00662	0.00721	0.00221	0.00883	0.00647	0.00353	0.01087
36	0.02317	0.02690	0.01894	0.01770	0.04237	0.46763	0.01291	0.06387	0.05335	0.01980	0.01428	0.01910	0.01267	0.09559	0.04443	0.00305	0.04577	0.00594	0.00419	0.00834
37	0.05066	0.71936	0.03699	0.01232	0.01847	0.02826	0.01225	0.02175	0.01467	0.01773	0.01011	0.01167	0.00927	0.00624	0.00466	0.00158	0.00769	0.00389	0.00317	0.00927
38	0.00886	0.00633	0.00843	0.01012	0.01054	0.00590	0.00675	0.01012	0.01392	0.01856	0.04006	0.73979	0.04808	0.02277	0.00928	0.00295	0.00422	0.02066	0.00675	0.00590
39	0.52996	0.05179	0.03792	0.01134	0.01590	0.11364	0.00956	0.02292	0.01437	0.06338	0.01229	0.01385	0.00948	0.00707	0.00506	0.00213	0.00682	0.00446	0.05978	0.00827
40	0.01048	0.00857	0.01128	0.01372	0.10982	0.00791	0.00837	0.01271	0.01628	0.02134	0.17028	0.19864	0.28957	0.07506	0.01080	0.00285	0.00473	0.01438	0.00634	0.00686
41	0.01624	0.01825	0.11652	0.22312	0.25571	0.01668	0.04349	0.04829	0.10279	0.02365	0.01697	0.05609	0.01396	0.00810	0.00736	0.00234	0.00872	0.00735	0.00422	0.01014
42	0.01410	0.01195	0.01423	0.01093	0.01621	0.00948	0.00855	0.01696	0.01476	0.02266	0.01719	0.13188	0.01674	0.00842	0.00660	0.00145	0.02835	0.00701	0.00466	0.63787
43	0.02469	0.07756	0.02124	0.01686	0.02142	0.32396	0.01330	0.20367	0.17346	0.02808	0.01695	0.01732	0.01305	0.00826	0.00680	0.00207	0.00970	0.00592	0.00547	0.01024
44	0.01867	0.01313	0.01486	0.01270	0.01651	0.01386	0.01003	0.15572	0.22954	0.11211	0.21994	0.03637	0.09185	0.01170	0.00780	0.00233	0.00541	0.00980	0.00768	0.00999
45	0.10457	0.01740	0.02862	0.13027	0.03062	0.04158	0.26374	0.04381	0.01518	0.02255	0.01241	0.01734	0.01003	0.00842	0.01223	0.00261	0.21920	0.00689	0.00369	0.00883
46	0.02719	0.03362	0.02069	0.01858	0.02248	0.66587	0.01403	0.07516	0.02157	0.01979	0.01168	0.01342	0.00958	0.00758	0.00661	0.00189	0.01274	0.00481	0.00400	0.00871
47	0.01038	0.00765	0.01128	0.01140	0.01265	0.00878	0.00878	0.01291	0.01196	0.01734	0.02109	0.07931	0.02032	0.05069	0.64117	0.01072	0.01784	0.00867	0.03059	0.00646
48	0.01355	0.00678	0.00678	0.00678	0.00847	0.00678	0.00508	0.01694	0.01524	0.02710	0.02371	0.02710	0.01863	0.00847	0.00508	0.00169	0.00339	0.00678	0.78489	0.00678
49	0.00943	0.00716	0.00905	0.00965	0.01077	0.00687	0.00685	0.01126	0.01532	0.02037	0.16142	0.37928	0.18660	0.04851	0.05767	0.00347	0.02704	0.01652	0.00659	0.00617
50	0.01065	0.00749	0.00926	0.00953	0.01134	0.00677	0.00719	0.01302	0.01727	0.05460	0.23317	0.22590	0.25261	0.01823	0.00887	0.00263	0.00423	0.09340	0.00720	0.00665
51	0.00937	0.00712	0.00863	0.00884	0.01044	0.00638	0.00640	0.01172	0.01754	0.02332	0.32442	0.24036	0.26290	0.01808	0.00877	0.00252	0.00372	0.01583	0.00727	0.00638
52	0.01654	0.01697	0.02217	0.01906	0.01928	0.06154	0.01580	0.01815	0.01167	0.01751	0.00964	0.01574	0.00953	0.01243	0.02287	0.00311	0.69054	0.00627	0.00321	0.00798
53	0.00900	0.00759	0.00783	0.00773	0.01016	0.00652	0.00581	0.01149	0.03460	0.02084	0.13238	0.06732	0.61800	0.01784	0.00856	0.00244	0.00371	0.01494	0.00689	0.00635
54	0.00892	0.00638	0.00850	0.01008	0.01056	0.00595	0.00675	0.01029	0.01423	0.01906	0.07099	0.70745	0.04904	0.02240	0.00924	0.00292	0.00418	0.02031	0.00681	0.00595
55	0.02630	0.01193	0.01547	0.01250	0.01717	0.01107	0.01009	0.03185	0.11947	0.47841	0.15309	0.03060	0.02805	0.01022	0.00756	0.00229	0.00561	0.00853	0.00857	0.01121
56	0.01398	0.00754	0.01020	0.00978	0.01045	0.00772	0.00680	0.06599	0.01218	0.01702	0.01427	0.02226	0.01327	0.02200	0.02404	0.63504	0.00613	0.00638	0.09060	0.00433
57	0.02619	0.01992	0.02072	0.01626	0.02169	0.04596	0.01329	0.56718	0.09633	0.04267	0.01863	0.01858	0.01343	0.00878	0.00718	0.00218	0.00780	0.00665	0.03461	0.01194
58	0.04272	0.01654	0.02668	0.24753	0.43621	0.04153	0.04165	0.02142	0.01597	0.02226	0.01328	0.01808	0.01075	0.00675	0.00715	0.00224	0.00913	0.00639	0.00352	0.01020
59	0.02031	0.02441	0.07097	0.02807	0.25092	0.27692	0.09887	0.02412	0.01846	0.02196	0.08117	0.01983	0.01622	0.00768	0.00725	0.00211	0.01037	0.00666	0.00407	0.00963
60	0.01050	0.00710	0.00832	0.00837	0.00851	0.00722	0.00494	0.01080	0.01078	0.01451	0.02307	0.06645	0.02625	0.65358	0.10431	0.00739	0.00821	0.01059	0.00442	0.00466
61	0.02059	0.01612	0.01989	0.01895	0.13955	0.01567	0.01294	0.26279	0.02293	0.05620	0.05396	0.01903	0.01502	0.00748	0.00665	0.00179	0.00685	0.00613	0.00566	0.29180
62	0.01428	0.01568	0.05491	0.05644	0.02937	0.01423	0.40332	0.01882	0.01580	0.02137	0.02215	0.22763	0.02210	0.03701	0.00966	0.00275	0.00958	0.01191	0.00454	0.00844
63	0.07512	0.01263	0.01650	0.01284	0.01832	0.01138	0.01057	0.03479	0.05430	0.63176	0.02767	0.02413	0.01763	0.00891	0.00716	0.00226	0.00613	0.00717	0.00866	0.01207
64	0.01171	0.00837	0.01171	0.01339	0.01506	0.00837	0.01171	0.01506	0.01673	0.02175	0.03849	0.08199	0.04183	0.02008	0.01004	0.00335	0.00669	0.65027	0.00669	0.00669
65	0.01789	0.01967	0.07641	0.03801	0.49011	0.05923	0.11569	0.02257	0.01696	0.02348	0.04017	0.01916	0.01338	0.00684	0.00739	0.00220	0.00937	0.00686	0.00375	0.01085
66	0.00964	0.00685	0.00832	0.00909	0.00967	0.00656	0.00593	0.01060	0.01297	0.01701	0.03679	0.34209	0.11801	0.30492	0.04198	0.00477	0.00582	0.03785	0.00574	0.00539
67	0.00894	0.00636	0.00841	0.01001	0.01041	0.00596	0.00663	0.01014	0.01375	0.01833	0.03919	0.70445	0.04697	0.05963	0.01069	0.00316	0.00436	0.02015	0.00663	0.00583
68	0.02020	0.01371	0.01495	0.01263	0.01629	0.01482	0.00997	0.30011	0.09947	0.05782	0.02324	0.10135	0.01934	0.01101	0.00776	0.03379	0.00593	0.00837	0.21956	0.00966
69	0.01458	0.03760	0.70688	0.02072	0.03146	0.01688	0.02686	0.02302	0.01535	0.02302	0.01304	0.01535	0.00921	0.00691	0.00691	0.00230	0.01074	0.00537	0.00307	0.01074
70	0.00926	0.00669	0.00873	0.01017	0.01075	0.00637	0.00683	0.01120	0.03577	0.01922	0.06472	0.66920	0.04739	0.04384	0.01003	0.00303	0.00432	0.01967	0.00675	0.00608
71	0.00927	0.00739	0.00830	0.00807	0.01023	0.00642	0.00605	0.01174	0.01816	0.02342	0.32089	0.06373	0.44663	0.01700	0.00858	0.00239	0.00358	0.01447	0.00725	0.00642
72	0.01665	0.18274	0.34348	0.04270	0.05372	0.04365	0.13325	0.02253	0.01549	0.02121	0.01247	0.01547	0.00967	0.00697	0.00769	0.00220	0.05117	0.00571	0.00324	0.00999
73	0.01004	0.00723	0.00936	0.01056	0.01140	0.00701	0.00739	0.04196	0.01496	0.01989	0.03863	0.59372	0.06369	0.04567	0.03503	0.00337	0.00518	0.06208	0.00659	0.00624
74	0.01788	0.04012	0.05701	0.01730	0.09621	0.09909	0.03417	0.07835	0.07640	0.07988	0.28413	0.03261	0.03494	0.01057	0.00764	0.00221	0.00686	0.00902	0.00636	0.00927

[dist]
# distance from previous block
# <min> <max>
1	9

[block]
# block no. 2 follows, 28 sequences, length 116
# corresponding to MSA columns:
# 260-375
name=unknown_C
#
# <colnr> <probs for GDERKNQSTAVLIFYWHMCP>
#	G	D	E	R	K	N	Q	S	T	A	V	L	I	F	Y	W	H	M	C	P
0	0.02033	0.16083	0.13268	0.02042	0.13286	0.09300	0.01625	0.17457	0.04239	0.02723	0.01591	0.01969	0.01299	0.00802	0.00661	0.00208	0.00858	0.03618	0.05910	0.01029
1	0.07876	0.09779	0.28520	0.01461	0.02094	0.01481	0.01584	0.05638	0.01769	0.05916	0.19058	0.05069	0.04845	0.00995	0.00708	0.00223	0.00733	0.00807	0.00521	0.00923
2	0.07719	0.60140	0.03387	0.01295	0.01882	0.08341	0.01230	0.05435	0.01602	0.01970	0.01056	0.01207	0.00937	0.00648	0.00493	0.00166	0.00806	0.00409	0.00347	0.00930
3	0.00986	0.00735	0.00916	0.00885	0.01063	0.00665	0.00658	0.01283	0.01935	0.02658	0.52956	0.10046	0.19316	0.01607	0.00862	0.00236	0.00353	0.01406	0.00767	0.00665
4	0.01054	0.00716	0.00850	0.00850	0.00870	0.00736	0.00512	0.01094	0.01074	0.01452	0.02238	0.04468	0.02517	0.63962	0.14020	0.00775	0.00894	0.01015	0.00433	0.00472
5	0.07825	0.05965	0.27526	0.06977	0.09306	0.01845	0.16855	0.10564	0.01796	0.02623	0.01367	0.01664	0.01017	0.00690	0.00709	0.00228	0.00993	0.00624	0.00392	0.01034
6	0.05414	0.04496	0.01825	0.01469	0.01888	0.18914	0.01166	0.25495	0.04635	0.06171	0.18313	0.02565	0.02574	0.00981	0.00722	0.00212	0.00788	0.00760	0.00640	0.00972
7	0.00886	0.00633	0.00843	0.01012	0.01054	0.00590	0.00675	0.01012	0.01392	0.01856	0.04006	0.73979	0.04808	0.02277	0.00928	0.00295	0.00422	0.02066	0.00675	0.00590
8	0.01016	0.00785	0.01076	0.01002	0.01194	0.00717	0.03816	0.01319	0.01891	0.02600	0.48028	0.14728	0.15870	0.01605	0.00867	0.00241	0.00399	0.01428	0.00744	0.00676
9	0.07139	0.01349	0.01505	0.01317	0.01655	0.01440	0.01032	0.30423	0.02322	0.05745	0.05117	0.22272	0.02741	0.06233	0.00987	0.00282	0.00640	0.06212	0.00680	0.00911
10	0.01868	0.00914	0.01048	0.00924	0.01209	0.00897	0.00724	0.07344	0.01783	0.17981	0.02470	0.04919	0.01893	0.01077	0.03200	0.00227	0.00500	0.00737	0.49439	0.00844
11	0.02148	0.01686	0.01787	0.01500	0.01961	0.01905	0.01197	0.28393	0.38818	0.03616	0.02449	0.02337	0.01814	0.00933	0.00719	0.00230	0.00646	0.00747	0.05960	0.01152
12	0.12262	0.11682	0.32915	0.02221	0.13554	0.09023	0.04131	0.02316	0.01567	0.02318	0.01226	0.01476	0.00949	0.00677	0.00637	0.00214	0.00964	0.00521	0.00344	0.01004
13	0.01664	0.42640	0.20794	0.01457	0.02094	0.02230	0.01561	0.02049	0.01497	0.01941	0.04880	0.07570	0.01560	0.00855	0.00679	0.00199	0.04415	0.00627	0.00366	0.00922
14	0.01355	0.00678	0.00678	0.00678	0.00847	0.00678	0.00508	0.01694	0.01524	0.02710	0.02371	0.02710	0.01863	0.00847	0.00508	0.00169	0.00339	0.00678	0.78489	0.00678
15	0.02720	0.03315	0.02073	0.01852	0.02248	0.64290	0.01402	0.09658	0.02202	0.02072	0.01189	0.01356	0.00968	0.00762	0.00663	0.00190	0.01257	0.00488	0.00411	0.00884
16	0.01248	0.00636	0.00936	0.00936	0.00936	0.00636	0.00618	0.00955	0.00955	0.01273	0.01334	0.02387	0.01359	0.07546	0.02901	0.73396	0.00636	0.00661	0.00324	0.00324
17	0.04678	0.53882	0.10439	0.01418	0.02043	0.13328	0.01404	0.02301	0.01565	0.01836	0.01059	0.01228	0.00927	0.00651	0.00519	0.00171	0.00884	0.00417	0.00325	0.00929
18	0.01507	0.01292	0.01507	0.01077	0.01723	0.00969	0.00861	0.01830	0.01507	0.02369	0.01292	0.01507	0.01077	0.00538	0.00538	0.00108	0.00538	0.00431	0.00431	0.78898
19	0.05383	0.00776	0.00964	0.00914	0.01099	0.00732	0.00686	0.01390	0.01974	0.02862	0.61148	0.07766	0.08641	0.01482	0.00837	0.00231	0.00359	0.01299	0.00772	0.00685
20	0.00985	0.00741	0.00911	0.00868	0.01059	0.00667	0.00651	0.01286	0.01954	0.02668	0.53395	0.05836	0.23154	0.01578	0.00858	0.00233	0.00349	0.01372	0.00768	0.00667
21	0.01056	0.00710	0.00818	0.00818	0.00827	0.00718	0.00472	0.01073	0.01065	0.01428	0.02267	0.04629	0.02587	0.69802	0.08275	0.00736	0.00788	0.01038	0.00437	0.00455
22	0.01892	0.67387	0.10864	0.01331	0.02001	0.02751	0.01396	0.02190	0.01483	0.01773	0.01042	0.01205	0.00932	0.00629	0.00490	0.00163	0.00809	0.00404	0.00311	0.00948
23	0.01145	0.00828	0.01134	0.01287	0.01461	0.00818	0.01118	0.01466	0.01672	0.02157	0.04149	0.08097	0.09775	0.01994	0.00992	0.00327	0.00644	0.59602	0.00670	0.00665
24	0.00886	0.00633	0.00843	0.01012	0.01054	0.00590	0.00675	0.01012	0.01392	0.01856	0.04006	0.73979	0.04808	0.02277	0.00928	0.00295	0.00422	0.02066	0.00675	0.00590
25	0.00921	0.00734	0.00825	0.00813	0.01022	0.00638	0.00606	0.01159	0.01787	0.02297	0.29352	0.09722	0.44083	0.01736	0.00862	0.00242	0.00362	0.01482	0.00720	0.00638
26	0.01799	0.01727	0.02950	0.04462	0.69919	0.01727	0.02231	0.02231	0.01655	0.02375	0.01367	0.01799	0.01151	0.00648	0.00720	0.00216	0.00864	0.00648	0.00360	0.01151
27	0.20988	0.01276	0.01543	0.01215	0.01751	0.01199	0.01003	0.03216	0.01885	0.54825	0.02437	0.02174	0.01564	0.00847	0.00666	0.00225	0.00605	0.00653	0.00795	0.01133
28	0.01060	0.00797	0.01155	0.01143	0.01251	0.00927	0.00869	0.01281	0.01151	0.01652	0.01959	0.03068	0.01899	0.14624	0.59988	0.01076	0.04268	0.00811	0.00394	0.00626
29	0.00957	0.00687	0.00907	0.00964	0.01070	0.00638	0.00680	0.01191	0.01722	0.02382	0.36558	0.39928	0.05827	0.01884	0.00893	0.00262	0.00383	0.01693	0.00737	0.00638
30	0.01719	0.01646	0.02807	0.17201	0.57802	0.01706	0.02191	0.02161	0.01618	0.02278	0.01353	0.01825	0.01117	0.00662	0.00721	0.00221	0.00883	0.00647	0.00353	0.01087
31	0.04310	0.04298	0.08488	0.04078	0.13443	0.01142	0.01292	0.01803	0.01674	0.08234	0.16590	0.20374	0.03476	0.01353	0.00800	0.00248	0.00621	0.06335	0.00595	0.00846
32	0.62506	0.05429	0.01376	0.01128	0.01573	0.13701	0.00916	0.02270	0.01390	0.02929	0.01031	0.01202	0.00820	0.00685	0.00486	0.00215	0.00702	0.00406	0.00430	0.00804
33	0.01082	0.00795	0.01124	0.06310	0.01591	0.00803	0.01051	0.01351	0.01555	0.02036	0.03724	0.31684	0.04181	0.02015	0.00957	0.00314	0.00601	0.37530	0.00647	0.00650
34	0.00964	0.00741	0.00882	0.00847	0.01046	0.00658	0.00635	0.01247	0.01905	0.02554	0.45923	0.06024	0.30697	0.01621	0.00858	0.00235	0.00353	0.01398	0.00753	0.00658
35	0.04525	0.02145	0.20487	0.19000	0.25780	0.01741	0.04573	0.02117	0.01510	0.02207	0.01283	0.01723	0.01014	0.00739	0.00873	0.00237	0.08096	0.00615	0.00337	0.00997
36	0.05057	0.21239	0.41789	0.02095	0.09761	0.01992	0.04103	0.02257	0.01525	0.02204	0.01229	0.01467	0.00947	0.00666	0.00632	0.00210	0.00960	0.00515	0.00322	0.01031
37	0.63951	0.01506	0.01278	0.01088	0.01564	0.01715	0.00897	0.13168	0.01634	0.05886	0.01202	0.01322	0.00899	0.00716	0.00506	0.00224	0.00604	0.00450	0.00513	0.00879
38	0.01016	0.00702	0.00847	0.00878	0.00911	0.00705	0.00546	0.01078	0.01154	0.01547	0.02749	0.17476	0.05340	0.49920	0.11456	0.00669	0.00793	0.01228	0.00486	0.00500
39	0.01540	0.01551	0.09107	0.35219	0.05720	0.01518	0.01716	0.10579	0.03948	0.02424	0.08722	0.02701	0.01898	0.01006	0.00862	0.04167	0.00838	0.05153	0.00463	0.00868
40	0.02320	0.03785	0.01706	0.01365	0.01826	0.01508	0.01097	0.08988	0.30693	0.26560	0.09667	0.02777	0.02427	0.00986	0.00739	0.00232	0.00592	0.00813	0.00787	0.01133
41	0.01061	0.00710	0.00807	0.00813	0.00820	0.00710	0.00468	0.01074	0.01080	0.01438	0.02349	0.04887	0.02701	0.71719	0.03598	0.00691	0.00703	0.03472	0.00449	0.00449
42	0.01472	0.01590	0.09209	0.49487	0.10058	0.01610	0.01994	0.04395	0.03969	0.02112	0.01549	0.02327	0.01251	0.00817	0.00742	0.00244	0.00930	0.04982	0.00378	0.00884
43	0.01784	0.02111	0.11794	0.13917	0.44587	0.08789	0.02177	0.02254	0.01650	0.02228	0.01323	0.01735	0.01072	0.00675	0.00710	0.00219	0.00953	0.00614	0.00349	0.01059
44	0.01591	0.01271	0.01312	0.01257	0.01541	0.08417	0.01004	0.02272	0.16587	0.08040	0.16333	0.04962	0.10284	0.01404	0.00828	0.00256	0.00607	0.17971	0.03224	0.00838
45	0.00985	0.00752	0.00908	0.00913	0.01086	0.00694	0.00668	0.01311	0.04723	0.02423	0.34907	0.21339	0.23132	0.01740	0.00869	0.00249	0.00378	0.01523	0.00735	0.00665
46	0.01668	0.11390	0.26885	0.11898	0.24620	0.01783	0.02150	0.02221	0.01593	0.04694	0.03555	0.01787	0.01227	0.00706	0.00684	0.00218	0.00916	0.00601	0.00364	0.01040
47	0.01565	0.01066	0.01351	0.03529	0.01523	0.01132	0.00942	0.09714	0.04268	0.10260	0.23685	0.16799	0.03869	0.08140	0.01250	0.00293	0.07953	0.01176	0.00679	0.00806
48	0.73873	0.01353	0.01040	0.00936	0.01365	0.01561	0.00767	0.02104	0.01258	0.03221	0.01111	0.01293	0.00866	0.00687	0.00454	0.00221	0.00546	0.00414	0.06151	0.00779
49	0.01055	0.00717	0.00857	0.00890	0.00933	0.00718	0.00576	0.01136	0.01193	0.01608	0.02751	0.11298	0.05108	0.50824	0.07777	0.00630	0.00740	0.07678	0.03006	0.00506
50	0.01126	0.00882	0.01246	0.10174	0.01713	0.00895	0.03164	0.03419	0.01780	0.02449	0.32741	0.12603	0.11773	0.01857	0.08069	0.00334	0.00643	0.01230	0.03195	0.00705
51	0.01432	0.01205	0.01423	0.01051	0.01622	0.00924	0.00834	0.01758	0.01594	0.02455	0.12085	0.02128	0.01991	0.00688	0.00589	0.00127	0.00507	0.00570	0.00489	0.66528
52	0.02628	0.02135	0.02188	0.01833	0.05543	0.09466	0.01426	0.52483	0.05526	0.04007	0.01675	0.01732	0.01226	0.00869	0.00787	0.00220	0.03791	0.00640	0.00656	0.01170
53	0.01007	0.00742	0.00941	0.00891	0.01072	0.00676	0.00668	0.01329	0.02005	0.02791	0.61411	0.05634	0.15061	0.01532	0.00858	0.00231	0.00346	0.01343	0.00784	0.00676
54	0.00917	0.00733	0.00809	0.00800	0.01005	0.00637	0.00589	0.01134	0.01730	0.02199	0.24377	0.09178	0.46260	0.05196	0.00996	0.00265	0.00379	0.01472	0.00699	0.00625
55	0.02508	0.01556	0.01777	0.01459	0.01959	0.01657	0.01174	0.17750	0.31833	0.26104	0.02661	0.02419	0.01861	0.00932	0.00734	0.00233	0.00639	0.00754	0.00791	0.01199
56	0.01289	0.00750	0.00806	0.00783	0.00969	0.00737	0.00591	0.04001	0.01676	0.02666	0.13203	0.03786	0.09542	0.04080	0.00751	0.00215	0.00385	0.02983	0.50102	0.00683
57	0.02715	0.03464	0.02060	0.01873	0.02247	0.71536	0.01404	0.02903	0.02060	0.01779	0.01124	0.01311	0.00936	0.00749	0.00655	0.00187	0.01311	0.00468	0.00375	0.00843
58	0.01333	0.00853	0.01014	0.03555	0.01176	0.00970	0.00739	0.01592	0.01369	0.02281	0.02079	0.02837	0.01809	0.12841	0.03973	0.00318	0.11991	0.00734	0.47873	0.00662
59	0.00884	0.00638	0.00838	0.00998	0.01051	0.00592	0.00669	0.01014	0.01405	0.01861	0.04174	0.70635	0.08044	0.02256	0.00924	0.00293	0.00419	0.02040	0.00675	0.00592
60	0.00902	0.00644	0.00862	0.01030	0.01079	0.00604	0.00702	0.01040	0.01407	0.01873	0.03998	0.70325	0.04773	0.02262	0.00932	0.00297	0.00435	0.05565	0.00674	0.00595
61	0.02537	0.05393	0.02117	0.01819	0.02183	0.53768	0.01401	0.07545	0.05841	0.02051	0.01254	0.01444	0.01033	0.00817	0.00822	0.00204	0.07956	0.00515	0.00414	0.00887
62	0.76169	0.01420	0.01151	0.01110	0.04417	0.01635	0.00851	0.02141	0.01255	0.03222	0.01028	0.01208	0.00803	0.00674	0.00462	0.00225	0.00576	0.00405	0.00446	0.00803
63	0.00886	0.00633	0.00843	0.01012	0.01054	0.00590	0.00675	0.01012	0.01392	0.01856	0.04006	0.73979	0.04808	0.02277	0.00928	0.00295	0.00422	0.02066	0.00675	0.00590
64	0.01762	0.01165	0.01381	0.01251	0.01535	0.01193	0.00949	0.23099	0.02178	0.10061	0.08026	0.37652	0.03472	0.01613	0.00836	0.00258	0.00561	0.01407	0.00725	0.00877
65	0.01719	0.01646	0.02807	0.17211	0.57792	0.01706	0.02191	0.02161	0.01617	0.02278	0.01353	0.01825	0.01117	0.00662	0.00721	0.00221	0.00883	0.00647	0.00353	0.01087
66	0.01092	0.00734	0.00960	0.01072	0.01166	0.00703	0.00762	0.03289	0.01497	0.04742	0.03742	0.55027	0.04331	0.07414	0.01126	0.00325	0.00495	0.10219	0.00668	0.00637
67	0.02459	0.19199	0.04721	0.01861	0.05571	0.47993	0.01451	0.05061	0.01943	0.01913	0.01139	0.01326	0.00957	0.00718	0.00620	0.00184	0.01144	0.00469	0.00370	0.00900
68	0.01208	0.00827	0.01105	0.06838	0.01459	0.00907	0.00853	0.04663	0.01403	0.02067	0.02303	0.14050	0.02240	0.08014	0.27914	0.03505	0.01074	0.00957	0.17953	0.00662
69	0.03371	0.04665	0.01205	0.01017	0.01309	0.01051	0.00809	0.08616	0.06824	0.02529	0.16317	0.07671	0.33133	0.01548	0.00820	0.00244	0.00480	0.06950	0.00682	0.00758
70	0.08207	0.34668	0.12344	0.02021	0.14273	0.05658	0.03890	0.02364	0.06438	0.02159	0.01279	0.01479	0.01059	0.00673	0.00584	0.00194	0.00843	0.00508	0.00367	0.00993
71	0.01740	0.11233	0.09836	0.09483	0.18307	0.04168	0.30264	0.02260	0.01642	0.02197	0.01346	0.01762	0.01058	0.00644	0.00744	0.00224	0.01053	0.00690	0.00349	0.01001
72	0.01355	0.00678	0.00678	0.00678	0.00847	0.00678	0.00508	0.01694	0.01524	0.02710	0.02371	0.02710	0.01863	0.00847	0.00508	0.00169	0.00339	0.00678	0.78489	0.00678
73	0.01263	0.00631	0.00947	0.00947	0.00947	0.00631	0.00631	0.00947	0.00947	0.01263	0.01263	0.02210	0.01263	0.02525	0.02841	0.78851	0.00631	0.00631	0.00316	0.00316
74	0.05306	0.04788	0.36129	0.04708	0.03018	0.01638	0.19734	0.02135	0.01534	0.02257	0.01550	0.06767	0.01287	0.01043	0.04674	0.00289	0.01080	0.00736	0.00361	0.00964
75	0.00981	0.00722	0.00918	0.00909	0.01067	0.00659	0.00667	0.01265	0.01886	0.02602	0.49718	0.17985	0.14573	0.01674	0.00870	0.00243	0.00360	0.01478	0.00761	0.00659
76	0.01039	0.00775	0.01147	0.01147	0.01270	0.00897	0.00883	0.01285	0.01162	0.01672	0.01966	0.02961	0.01863	0.09286	0.67802	0.01142	0.01878	0.00794	0.00392	0.00637
77	0.05192	0.02821	0.40056	0.09471	0.05093	0.05898	0.02112	0.04427	0.03877	0.09352	0.03895	0.01834	0.01278	0.00760	0.00695	0.00228	0.00951	0.00602	0.00426	0.01032
78	0.01371	0.03150	0.56598	0.01838	0.02730	0.01486	0.02282	0.02114	0.01640	0.02426	0.15094	0.02322	0.02121	0.00851	0.00724	0.00230	0.00926	0.00694	0.00407	0.00996
79	0.01171	0.00837	0.01171	0.01339	0.01506	0.00837	0.01171	0.01506	0.01673	0.02175	0.03849	0.08199	0.04183	0.02008	0.01004	0.00335	0.00669	0.65027	0.00669	0.00669
80	0.36956	0.01628	0.11319	0.08488	0.01946	0.03664	0.01160	0.02069	0.01400	0.04907	0.01418	0.01692	0.01089	0.00800	0.00638	0.03415	0.00665	0.00518	0.15420	0.00807
81	0.01410	0.01330	0.02247	0.66810	0.10615	0.01625	0.02037	0.01890	0.01471	0.01902	0.01298	0.01926	0.00985	0.00720	0.00726	0.00240	0.00960	0.00646	0.00326	0.00837
82	0.00921	0.00726	0.00821	0.00822	0.01014	0.00637	0.00602	0.01140	0.01729	0.02221	0.25733	0.13451	0.41248	0.04487	0.00972	0.00263	0.00379	0.01505	0.00704	0.00627
83	0.75891	0.01517	0.04363	0.01009	0.01488	0.01633	0.00877	0.02145	0.01251	0.03216	0.01026	0.01198	0.00794	0.00676	0.00461	0.00225	0.00587	0.00400	0.00443	0.00801
84	0.00912	0.00734	0.00814	0.00804	0.01017	0.00635	0.00599	0.01143	0.01767	0.02251	0.26296	0.09685	0.47284	0.01753	0.00862	0.00243	0.00363	0.01492	0.00713	0.00635
85	0.01683	0.01633	0.02196	0.06848	0.02137	0.04961	0.01593	0.01871	0.01212	0.04319	0.01056	0.01636	0.00986	0.01199	0.02137	0.00304	0.62438	0.00634	0.00342	0.00814
86	0.05481	0.01332	0.01600	0.08614	0.02085	0.01139	0.01016	0.05222	0.01616	0.06251	0.01388	0.01602	0.01099	0.00602	0.00574	0.00140	0.00602	0.00479	0.00461	0.58697
87	0.02715	0.03464	0.02060	0.01873	0.02247	0.71536	0.01404	0.02903	0.02060	0.01779	0.01124	0.01311	0.00936	0.00749	0.00655	0.00187	0.01311	0.00468	0.00375	0.00843
88	0.02350	0.01527	0.01717	0.01417	0.01880	0.01636	0.01136	0.23928	0.24060	0.18502	0.05068	0.05108	0.02061	0.00990	0.00732	0.00229	0.00630	0.00805	0.05091	0.01133
89	0.01229	0.00922	0.01245	0.01177	0.01275	0.01117	0.00916	0.01457	0.01224	0.01900	0.01866	0.02752	0.01730	0.10749	0.33856	0.00715	0.16648	0.00755	0.17802	0.00665
90	0.01808	0.01561	0.01644	0.01479	0.01890	0.01808	0.01151	0.03863	0.68606	0.03041	0.02959	0.02712	0.02219	0.00986	0.00740	0.00247	0.00575	0.00822	0.00740	0.01151
91	0.01057	0.00705	0.00793	0.00793	0.00793	0.00705	0.00440	0.01057	0.01057	0.01409	0.02290	0.04757	0.02643	0.74454	0.03700	0.00705	0.00705	0.01057	0.00440	0.00440
92	0.02715	0.03464	0.02060	0.01873	0.02247	0.71536	0.01404	0.02903	0.02060	0.01779	0.01124	0.01311	0.00936	0.00749	0.00655	0.00187	0.01311	0.00468	0.00375	0.00843
93	0.00859	0.00736	0.00736	0.00736	0.00982	0.00614	0.00552	0.01043	0.01657	0.01964	0.07364	0.06996	0.69624	0.01841	0.00859	0.00245	0.00368	0.01534	0.00675	0.00614
94	0.00923	0.00657	0.00876	0.01037	0.01091	0.00621	0.00717	0.01066	0.01408	0.01871	0.03920	0.64273	0.04654	0.05186	0.01049	0.00316	0.00459	0.08619	0.00665	0.00593
95	0.01772	0.01530	0.01609	0.01451	0.01856	0.01763	0.01128	0.03756	0.66079	0.03000	0.03125	0.02874	0.04763	0.01018	0.00744	0.00247	0.00567	0.00849	0.00737	0.01130
96	0.01836	0.02017	0.02056	0.01815	0.01927	0.21180	0.01458	0.02007	0.01391	0.01760	0.01208	0.05322	0.01192	0.01389	0.05288	0.00323	0.46014	0.00671	0.00356	0.00790
97	0.01160	0.00808	0.01023	0.00941	0.01148	0.00751	0.00714	0.03853	0.02075	0.05356	0.59502	0.05316	0.11633	0.01471	0.00848	0.00229	0.00372	0.01287	0.00791	0.00720
98	0.01030	0.00728	0.00885	0.00958	0.01021	0.00708	0.00625	0.04175	0.01390	0.01843	0.03499	0.44468	0.07103	0.25972	0.01828	0.00424	0.00530	0.01641	0.00600	0.00573
99	0.01355	0.00678	0.00678	0.00678	0.00847	0.00678	0.00508	0.01694	0.01524	0.02710	0.02371	0.02710	0.01863	0.00847	0.00508	0.00169	0.00339	0.00678	0.78489	0.00678
100	0.01902	0.02085	0.05839	0.07261	0.48597	0.12768	0.06482	0.02328	0.01708	0.02248	0.01329	0.01728	0.01095	0.00667	0.00718	0.00215	0.00973	0.00628	0.00359	0.01071
101	0.09100	0.51131	0.09379	0.01343	0.01958	0.06907	0.01332	0.05407	0.01611	0.02091	0.03304	0.01377	0.01126	0.00681	0.00523	0.00176	0.00806	0.00451	0.00364	0.00933
102	0.42747	0.01885	0.14541	0.04207	0.01989	0.01652	0.01284	0.12399	0.01660	0.03112	0.01447	0.07488	0.01229	0.00846	0.00591	0.00231	0.00702	0.00613	0.00480	0.00897
103	0.04911	0.55631	0.05483	0.01377	0.01966	0.13694	0.01304	0.04953	0.01642	0.01913	0.01068	0.01225	0.00940	0.00656	0.00514	0.00168	0.00865	0.00417	0.00343	0.00930
104	0.01318	0.00889	0.01096	0.00998	0.01225	0.00857	0.00744	0.01790	0.09213	0.08430	0.40932	0.04659	0.07798	0.10898	0.03248	0.00316	0.00493	0.01143	0.00726	0.03225
105	0.07332	0.41720	0.03025	0.03667	0.02121	0.20057	0.03428	0.07363	0.01765	0.02075	0.01119	0.01298	0.00954	0.00680	0.00554	0.00179	0.00920	0.00453	0.00370	0.00921
106	0.01727	0.01944	0.11167	0.03983	0.56376	0.01687	0.04608	0.02211	0.01643	0.02355	0.01472	0.02054	0.01255	0.00711	0.00734	0.00224	0.00894	0.03472	0.00367	0.01115
107	0.01015	0.00742	0.00952	0.00900	0.01077	0.00680	0.00675	0.01344	0.02024	0.02835	0.64316	0.05561	0.12128	0.01516	0.00857	0.00230	0.00345	0.01333	0.00790	0.00680
108	0.02504	0.09791	0.02152	0.01755	0.02144	0.57009	0.01349	0.02835	0.06829	0.01861	0.01283	0.01468	0.01068	0.00961	0.03761	0.00232	0.01236	0.00500	0.00396	0.00865
109	0.19270	0.24556	0.25824	0.01762	0.08517	0.02016	0.01718	0.02267	0.01482	0.04916	0.01214	0.01403	0.00949	0.00670	0.00573	0.00205	0.00832	0.00477	0.00368	0.00980
110	0.01057	0.00705	0.00793	0.00793	0.00793	0.00705	0.00440	0.01057	0.01057	0.01409	0.02290	0.04757	0.02643	0.74454	0.03700	0.00705	0.00705	0.01057	0.00440	0.00440
111	0.00886	0.00633	0.00843	0.01012	0.01054	0.00590	0.00675	0.01012	0.01392	0.01856	0.04006	0.73979	0.04808	0.02277	0.00928	0.00295	0.00422	0.02066	0.00675	0.00590
112	0.01474	0.07633	0.65134	0.01995	0.03021	0.01728	0.02553	0.02271	0.01545	0.02285	0.03086	0.01617	0.01078	0.00708	0.00683	0.00226	0.01039	0.00549	0.00320	0.01056
113	0.01716	0.01775	0.06599	0.14523	0.56513	0.01708	0.02224	0.02179	0.01618	0.02293	0.01353	0.01805	0.01111	0.00662	0.00719	0.00221	0.00891	0.00641	0.00351	0.01096
114	0.01161	0.00833	0.01156	0.01318	0.01488	0.00829	0.01150	0.01490	0.01673	0.02168	0.03969	0.08158	0.06430	0.02002	0.00999	0.00332	0.00659	0.62847	0.00670	0.00667
115	0.01458	0.03760	0.70688	0.02072	0.03146	0.01688	0.02686	0.02302	0.01535	0.02302	0.01304	0.01535	0.00921	0.00691	0.00691	0.00230	0.01074	0.00537	0.00307	0.01074

[dist]
# distance from previous block
# <min> <max>
0	1

[block]
# block no. 3 follows, 28 sequences, length 173
# corresponding to MSA columns:
# 377-549
name=unknown_D
#
# <colnr> <probs for GDERKNQSTAVLIFYWHMCP>
#	G	D	E	R	K	N	Q	S	T	A	V	L	I	F	Y	W	H	M	C	P
0	0.01458	0.03760	0.70688	0.02072	0.03146	0.01688	0.02686	0.02302	0.01535	0.02302	0.01304	0.01535	0.00921	0.00691	0.00691	0.00230	0.01074	0.00537	0.00307	0.01074
1	0.01458	0.03760	0.70688	0.02072	0.03146	0.01688	0.02686	0.02302	0.01535	0.02302	0.01304	0.01535	0.00921	0.00691	0.00691	0.00230	0.01074	0.00537	0.00307	0.01074
2	0.79588	0.01406	0.01068	0.00956	0.01406	0.01631	0.00787	0.02137	0.01237	0.03261	0.01012	0.01181	0.00787	0.00675	0.00450	0.00225	0.00562	0.00394	0.00450	0.00787
3	0.01057	0.00705	0.00793	0.00793	0.00793	0.00705	0.00440	0.01057	0.01057	0.01409	0.02290	0.04757	0.02643	0.74454	0.03700	0.00705	0.00705	0.01057	0.00440	0.00440
4	0.01550	0.22324	0.33075	0.01807	0.02587	0.01881	0.11206	0.02110	0.01585	0.02151	0.05644	0.02192	0.07268	0.00806	0.00678	0.00213	0.00913	0.00674	0.00377	0.00960
5	0.01507	0.01292	0.01507	0.01077	0.01723	0.00969	0.00861	0.01830	0.01507	0.02369	0.01292	0.01507	0.01077	0.00538	0.00538	0.00108	0.00538	0.00431	0.00431	0.78898
6	0.01943	0.74891	0.03809	0.01244	0.01866	0.02876	0.01244	0.02177	0.01477	0.01710	0.01011	0.01166	0.00933	0.00622	0.00466	0.00155	0.00777	0.00389	0.00311	0.00933
7	0.00890	0.00699	0.00806	0.00861	0.01022	0.00614	0.00614	0.01073	0.01609	0.02043	0.13906	0.31620	0.37746	0.01958	0.00884	0.00262	0.00385	0.01704	0.00691	0.00614
8	0.01029	0.00743	0.00972	0.00914	0.01086	0.00686	0.00686	0.01372	0.02058	0.02915	0.69536	0.05430	0.06859	0.01486	0.00857	0.00229	0.00343	0.01315	0.00800	0.00686
9	0.01808	0.01561	0.01644	0.01479	0.01890	0.01808	0.01151	0.03863	0.68606	0.03041	0.02959	0.02712	0.02219	0.00986	0.00740	0.00247	0.00575	0.00822	0.00740	0.01151
10	0.01038	0.00779	0.01168	0.01168	0.01298	0.00909	0.00909	0.01298	0.01168	0.01687	0.01947	0.02856	0.01817	0.05452	0.71573	0.01168	0.01947	0.00779	0.00389	0.00649
11	0.02715	0.03464	0.02060	0.01873	0.02247	0.71536	0.01404	0.02903	0.02060	0.01779	0.01124	0.01311	0.00936	0.00749	0.00655	0.00187	0.01311	0.00468	0.00375	0.00843
12	0.01772	0.01521	0.01617	0.01471	0.01869	0.01753	0.01152	0.03730	0.64837	0.02992	0.03009	0.03021	0.02330	0.01044	0.00755	0.00252	0.00581	0.04437	0.00736	0.01123
13	0.00886	0.00633	0.00843	0.01012	0.01054	0.00590	0.00675	0.01012	0.01392	0.01856	0.04006	0.73979	0.04808	0.02277	0.00928	0.00295	0.00422	0.02066	0.00675	0.00590
14	0.00923	0.00739	0.00824	0.00803	0.01021	0.00641	0.00602	0.01166	0.01807	0.02319	0.30598	0.06410	0.46168	0.01708	0.00858	0.00239	0.00359	0.01452	0.00722	0.00641
15	0.06795	0.17272	0.02350	0.01536	0.02044	0.14348	0.01284	0.33402	0.02466	0.03178	0.01459	0.01610	0.01144	0.01170	0.06566	0.00280	0.00967	0.00562	0.00535	0.01030
16	0.02664	0.01941	0.02076	0.01603	0.02155	0.02144	0.01320	0.62877	0.03285	0.04450	0.01789	0.01813	0.01280	0.00871	0.00712	0.00215	0.00768	0.00656	0.06185	0.01197
17	0.01038	0.00779	0.01168	0.01168	0.01298	0.00909	0.00909	0.01298	0.01168	0.01687	0.01947	0.02856	0.01817	0.05452	0.71573	0.01168	0.01947	0.00779	0.00389	0.00649
18	0.01336	0.00681	0.00694	0.00691	0.00860	0.00678	0.00518	0.01675	0.01555	0.02722	0.06184	0.02864	0.02147	0.00883	0.00528	0.00173	0.00339	0.00714	0.74079	0.00678
19	0.01512	0.01424	0.02356	0.50365	0.22234	0.01656	0.02026	0.02071	0.05320	0.02063	0.01407	0.01945	0.01089	0.00720	0.00726	0.00235	0.00918	0.00656	0.00357	0.00919
