[name]
unknown

[dist]
# distance from previous block
# <min> <max>
11	38

[block]
# block no. 0 follows, 26 sequences, length 41
# corresponding to MSA columns:
# 47-69,76-93
name=unknown_A
#
# <colnr> <probs for GDERKNQSTAVLIFYWHMCP>
#	G	D	E	R	K	N	Q	S	T	A	V	L	I	F	Y	W	H	M	C	P
0	0.10765	0.01665	0.02253	0.15301	0.11697	0.01815	0.06048	0.20736	0.02121	0.03081	0.01659	0.06780	0.01396	0.00902	0.00815	0.00236	0.04194	0.00748	0.00519	0.07271
1	0.01796	0.01918	0.05991	0.17083	0.39278	0.04350	0.13900	0.02301	0.01708	0.02339	0.01419	0.01905	0.01137	0.00691	0.00775	0.00236	0.01018	0.00704	0.00368	0.01084
2	0.01287	0.00659	0.00980	0.00993	0.00997	0.00655	0.00662	0.00993	0.01024	0.01366	0.01541	0.07823	0.01607	0.02615	0.02808	0.71860	0.00642	0.00776	0.00359	0.00352
3	0.02471	0.01825	0.02119	0.10353	0.08350	0.05591	0.01463	0.30417	0.05009	0.12208	0.01888	0.01992	0.01365	0.00843	0.00728	0.00219	0.00813	0.00670	0.04338	0.07341
4	0.01041	0.00774	0.00968	0.00920	0.01113	0.00702	0.00690	0.01368	0.02069	0.02857	0.56935	0.05970	0.18549	0.01620	0.00895	0.00242	0.00363	0.01414	0.00811	0.00702
5	0.01882	0.01841	0.02978	0.09774	0.60924	0.04615	0.02275	0.02326	0.01728	0.02410	0.01410	0.01868	0.01177	0.00687	0.00749	0.00226	0.00929	0.00668	0.00373	0.01160
6	0.01755	0.02293	0.13028	0.03061	0.03874	0.01898	0.57552	0.02426	0.01765	0.02426	0.01512	0.01987	0.01126	0.00650	0.00872	0.00254	0.01258	0.00851	0.00375	0.01036
7	0.01065	0.00775	0.01002	0.00945	0.01128	0.00712	0.00709	0.01415	0.02127	0.02995	0.65348	0.05743	0.10049	0.01568	0.00895	0.00239	0.00359	0.01383	0.00829	0.00712
8	0.01922	0.01675	0.01987	0.02109	0.14181	0.01864	0.01408	0.06625	0.49977	0.03099	0.02664	0.02565	0.02022	0.00943	0.00760	0.00245	0.00665	0.00802	0.00688	0.03798
9	0.01879	0.01826	0.02815	0.04087	0.56733	0.04922	0.02112	0.02456	0.07513	0.02492	0.01834	0.02174	0.04220	0.00766	0.00756	0.00228	0.00874	0.00724	0.00425	0.01162
10	0.02772	0.01958	0.02135	0.01668	0.02235	0.02141	0.01365	0.54790	0.06356	0.09586	0.02099	0.05728	0.01584	0.00997	0.00771	0.00234	0.00788	0.00776	0.00771	0.01250
11	0.02833	0.03615	0.02149	0.01954	0.02345	0.70298	0.01466	0.03029	0.02149	0.01856	0.01172	0.01368	0.00977	0.00782	0.00684	0.00195	0.01368	0.00489	0.00391	0.00879
12	0.01103	0.00735	0.00827	0.00827	0.00827	0.00735	0.00460	0.01103	0.01103	0.01471	0.02390	0.04964	0.02758	0.73343	0.03861	0.00735	0.00735	0.01103	0.00460	0.00460
13	0.02437	0.02399	0.10207	0.02179	0.09982	0.13593	0.04039	0.25822	0.02460	0.08381	0.03821	0.01906	0.01398	0.00888	0.00898	0.00234	0.06994	0.00670	0.00568	0.01122
14	0.01846	0.10181	0.36793	0.01879	0.02710	0.01729	0.07026	0.06289	0.01866	0.10531	0.09999	0.02239	0.01888	0.00849	0.00739	0.00232	0.00931	0.00705	0.00491	0.01077
15	0.02751	0.01801	0.01968	0.01584	0.02127	0.04263	0.01282	0.28759	0.20896	0.22568	0.02486	0.02304	0.01733	0.00947	0.00761	0.00237	0.00734	0.00748	0.00801	0.01251
16	0.00936	0.00669	0.00891	0.01048	0.01103	0.00624	0.00705	0.01086	0.01507	0.02023	0.09189	0.67593	0.05184	0.02312	0.00962	0.00303	0.00434	0.02095	0.00714	0.00624
17	0.01784	0.18444	0.36426	0.02004	0.02875	0.02084	0.09459	0.07680	0.01757	0.02452	0.01338	0.01589	0.01022	0.00728	0.00755	0.00222	0.03804	0.00575	0.00372	0.04630
18	0.04565	0.08742	0.53329	0.02071	0.03061	0.05170	0.05094	0.05150	0.01704	0.02471	0.01345	0.01576	0.00979	0.00723	0.00701	0.00232	0.01085	0.00559	0.00351	0.01091
19	0.00947	0.00751	0.00792	0.00807	0.00985	0.00660	0.00560	0.01089	0.01559	0.01904	0.06146	0.12430	0.47532	0.18623	0.01594	0.00372	0.00471	0.01533	0.00647	0.00596
20	0.01924	0.01760	0.02803	0.15827	0.46206	0.01875	0.02146	0.10646	0.01911	0.02662	0.01448	0.01887	0.01172	0.00747	0.00822	0.00235	0.03702	0.00676	0.00418	0.01136
21	0.02155	0.09351	0.07319	0.01561	0.02102	0.09373	0.01345	0.16134	0.23749	0.06083	0.02585	0.02515	0.07237	0.00966	0.00728	0.00226	0.00777	0.00753	0.00635	0.04406
22	0.01876	0.09900	0.02420	0.01756	0.02032	0.02086	0.07213	0.13226	0.01745	0.02527	0.01455	0.01950	0.01254	0.03483	0.01577	0.00279	0.32220	0.00679	0.11408	0.00915
23	0.00902	0.00747	0.00791	0.00827	0.01040	0.00635	0.00602	0.01082	0.01673	0.02026	0.06976	0.20540	0.55520	0.02013	0.00911	0.00267	0.00395	0.01713	0.00704	0.00635
24	0.02640	0.08093	0.06234	0.01590	0.02173	0.02006	0.01375	0.40168	0.02825	0.14929	0.02065	0.05438	0.01589	0.04297	0.00887	0.00251	0.00794	0.00755	0.00709	0.01182
25	0.15094	0.14123	0.04672	0.01767	0.05390	0.09845	0.04150	0.25696	0.04793	0.05372	0.01531	0.01639	0.01160	0.00795	0.00662	0.00217	0.00867	0.00584	0.00554	0.01089
26	0.02883	0.02125	0.02276	0.01745	0.02352	0.02352	0.01442	0.66082	0.03566	0.04780	0.01821	0.01821	0.01290	0.00911	0.00759	0.00228	0.00835	0.00683	0.00759	0.01290
27	0.02071	0.70045	0.03877	0.01333	0.01968	0.06601	0.01307	0.02312	0.01574	0.01788	0.01061	0.01225	0.00974	0.00656	0.00497	0.00164	0.00841	0.00410	0.00328	0.00968
28	0.01100	0.00746	0.00879	0.00879	0.00897	0.00763	0.00524	0.01136	0.01118	0.01509	0.02343	0.04703	0.02644	0.64439	0.12610	0.00799	0.00906	0.01065	0.00453	0.00488
29	0.00979	0.00772	0.00883	0.00855	0.01075	0.00676	0.00642	0.01249	0.01925	0.02514	0.36043	0.06534	0.39655	0.01747	0.00896	0.00248	0.00372	0.01493	0.00766	0.00676
30	0.03403	0.01291	0.01760	0.01350	0.01936	0.01115	0.01115	0.03697	0.02171	0.69137	0.02992	0.02582	0.01878	0.00939	0.00763	0.00235	0.00645	0.00763	0.00939	0.01291
31	0.01032	0.00758	0.00967	0.00948	0.01116	0.00693	0.00698	0.01338	0.01999	0.02769	0.52104	0.15635	0.13695	0.01712	0.00906	0.00251	0.00373	0.01512	0.00801	0.00693
32	0.02883	0.02125	0.02276	0.01745	0.02352	0.02352	0.01442	0.66082	0.03566	0.04780	0.01821	0.01821	0.01290	0.00911	0.00759	0.00228	0.00835	0.00683	0.00759	0.01290
33	0.00963	0.00688	0.00925	0.01101	0.01162	0.00650	0.00772	0.01124	0.01491	0.01980	0.04159	0.64381	0.04931	0.02339	0.00979	0.00313	0.00474	0.10236	0.00703	0.00627
34	0.01921	0.01991	0.06959	0.05629	0.19427	0.01808	0.39928	0.02493	0.01789	0.08002	0.01616	0.02028	0.01210	0.00681	0.00836	0.00246	0.01118	0.00808	0.00423	0.01087
35	0.02282	0.02550	0.02596	0.08539	0.33475	0.31010	0.01916	0.04549	0.01947	0.02242	0.01324	0.01670	0.01094	0.00734	0.00723	0.00215	0.01106	0.00596	0.00391	0.01039
36	0.01887	0.01629	0.01715	0.01544	0.01972	0.01887	0.01201	0.04031	0.67241	0.03173	0.03087	0.02830	0.02315	0.01029	0.00772	0.00257	0.00600	0.00858	0.00772	0.01201
37	0.78701	0.01467	0.01115	0.00997	0.01467	0.01702	0.00821	0.02230	0.01291	0.03403	0.01056	0.01232	0.00821	0.00704	0.00469	0.00235	0.00587	0.00411	0.00469	0.00821
38	0.06373	0.01939	0.02109	0.01631	0.02211	0.02107	0.01344	0.53023	0.03236	0.12327	0.04660	0.02043	0.01580	0.00931	0.00751	0.00229	0.00781	0.00708	0.00770	0.01245
39	0.01309	0.01028	0.01338	0.01220	0.01359	0.01161	0.00911	0.04508	0.01348	0.01927	0.04346	0.03349	0.02136	0.26473	0.25928	0.00743	0.12474	0.00869	0.00448	0.07125
40	0.02865	0.01933	0.02134	0.01654	0.02231	0.02089	0.01359	0.53869	0.03261	0.14018	0.02105	0.05347	0.01555	0.00985	0.00769	0.00233	0.00788	0.00765	0.00782	0.01258

[dist]
# distance from previous block
# <min> <max>
0	1

[block]
# block no. 1 follows, 26 sequences, length 41
# corresponding to MSA columns:
# 95-135
name=unknown_B
#
# <colnr> <probs for GDERKNQSTAVLIFYWHMCP>
#	G	D	E	R	K	N	Q	S	T	A	V	L	I	F	Y	W	H	M	C	P
0	0.03083	0.01433	0.01815	0.01396	0.01985	0.01322	0.01146	0.12489	0.05676	0.50426	0.02679	0.02393	0.01747	0.00905	0.00744	0.00224	0.00663	0.00728	0.00860	0.08286
1	0.05141	0.01437	0.01667	0.01255	0.01877	0.01255	0.01013	0.08306	0.07438	0.15679	0.01846	0.01884	0.01374	0.00712	0.00633	0.00164	0.00607	0.00564	0.00601	0.46547
2	0.01318	0.00659	0.00988	0.00988	0.00988	0.00659	0.00659	0.00988	0.00988	0.01318	0.01318	0.02306	0.01318	0.02635	0.02964	0.77931	0.00659	0.00659	0.00329	0.00329
3	0.01697	0.01789	0.02776	0.02237	0.02475	0.06012	0.19289	0.01992	0.01419	0.02004	0.01445	0.08247	0.01404	0.01201	0.01805	0.00301	0.41801	0.00854	0.00384	0.00866
4	0.01461	0.01346	0.02249	0.63399	0.09257	0.01643	0.02041	0.01955	0.01535	0.02020	0.01411	0.02054	0.01072	0.00759	0.00746	0.00247	0.00970	0.00676	0.04301	0.00860
5	0.01125	0.00992	0.03755	0.00996	0.01298	0.00805	0.00799	0.01499	0.03864	0.02627	0.35694	0.08504	0.22377	0.01514	0.00845	0.00231	0.00433	0.01305	0.00722	0.10614
6	0.01768	0.01356	0.01754	0.01532	0.01863	0.01411	0.06780	0.25998	0.02308	0.03087	0.03036	0.35047	0.03209	0.01645	0.00887	0.00276	0.00683	0.05750	0.00696	0.00915
7	0.02014	0.01435	0.01684	0.01246	0.01887	0.01214	0.01005	0.09061	0.05245	0.13201	0.01745	0.01822	0.01320	0.00682	0.00625	0.00151	0.00606	0.00544	0.00575	0.53939
8	0.01021	0.00748	0.00804	0.00804	0.00905	0.00698	0.00506	0.01097	0.01351	0.01700	0.04486	0.05888	0.28705	0.45070	0.02687	0.00546	0.00596	0.01300	0.00556	0.00531
9	0.02028	0.73799	0.03975	0.01298	0.01947	0.03001	0.01298	0.02271	0.01541	0.01785	0.01055	0.01217	0.00973	0.00649	0.00487	0.00162	0.00811	0.00406	0.00324	0.00973
10	0.01891	0.01583	0.01673	0.01500	0.01915	0.01817	0.01167	0.07439	0.58321	0.03210	0.03020	0.05025	0.02325	0.01059	0.00766	0.00253	0.00597	0.00882	0.04391	0.01164
11	0.02414	0.01391	0.01657	0.01255	0.01858	0.03801	0.01011	0.02719	0.01857	0.32003	0.02162	0.04313	0.01578	0.00796	0.00669	0.00176	0.00627	0.00645	0.00672	0.38396
12	0.01718	0.16400	0.25719	0.04439	0.03134	0.02119	0.22159	0.02297	0.01590	0.02203	0.01309	0.01688	0.01029	0.00761	0.00959	0.00242	0.10221	0.00653	0.00343	0.01016
13	0.01758	0.01511	0.01597	0.01456	0.01858	0.01719	0.01135	0.03631	0.57968	0.03022	0.03607	0.03508	0.09372	0.01162	0.00795	0.00260	0.00581	0.03175	0.00762	0.01123
14	0.03231	0.01468	0.01858	0.01435	0.02018	0.01391	0.01182	0.15784	0.05510	0.53572	0.02770	0.02446	0.01785	0.00938	0.00762	0.00234	0.00680	0.00752	0.00896	0.01286
15	0.01084	0.00813	0.01219	0.01219	0.01354	0.00948	0.00948	0.01354	0.01219	0.01761	0.02032	0.02980	0.01896	0.05689	0.70337	0.01219	0.02032	0.00813	0.00406	0.00677
16	0.01276	0.00909	0.01112	0.01162	0.01306	0.00913	0.00832	0.11488	0.01797	0.02423	0.03670	0.53349	0.04197	0.04589	0.01025	0.00308	0.00523	0.04868	0.03528	0.00726
17	0.01877	0.01802	0.03079	0.04656	0.68612	0.01802	0.02328	0.02328	0.01727	0.02478	0.01427	0.01877	0.01201	0.00676	0.00751	0.00225	0.00901	0.00676	0.00375	0.01201
18	0.03117	0.01291	0.01715	0.01334	0.01878	0.01155	0.01094	0.07641	0.02262	0.57697	0.09939	0.02863	0.02407	0.01003	0.00777	0.00235	0.00627	0.00823	0.00916	0.01229
19	0.01826	0.01713	0.02850	0.20071	0.50435	0.01803	0.02231	0.05529	0.01773	0.02471	0.01429	0.01908	0.01162	0.00707	0.00753	0.00232	0.00923	0.00676	0.00386	0.01122
20	0.01309	0.06535	0.01784	0.22049	0.02533	0.01410	0.01317	0.01605	0.01312	0.01785	0.01713	0.02696	0.01595	0.11797	0.30616	0.00719	0.07346	0.00764	0.00380	0.00735
21	0.03280	0.01404	0.01820	0.01404	0.01987	0.01293	0.01157	0.11119	0.04959	0.58836	0.02857	0.02501	0.01825	0.00939	0.00763	0.00235	0.00666	0.00757	0.00911	0.01287
22	0.03403	0.01291	0.01760	0.01350	0.01936	0.01115	0.01115	0.03697	0.02171	0.69137	0.02992	0.02582	0.01878	0.00939	0.00763	0.00235	0.00645	0.00763	0.00939	0.01291
23	0.01626	0.11804	0.48814	0.02067	0.02977	0.01974	0.05696	0.02416	0.04814	0.02316	0.01386	0.01645	0.01042	0.00779	0.00866	0.00241	0.07532	0.00584	0.00347	0.01076
24	0.01478	0.01395	0.02358	0.64615	0.11770	0.01697	0.02129	0.01978	0.01538	0.01994	0.01356	0.02007	0.01031	0.00750	0.00758	0.00250	0.01000	0.00674	0.00341	0.00880
25	0.01100	0.00747	0.00889	0.00889	0.00910	0.00769	0.00536	0.01142	0.01121	0.01516	0.02334	0.04653	0.02623	0.62738	0.14281	0.00811	0.00939	0.01058	0.00451	0.00494
26	0.01790	0.02046	0.04476	0.03197	0.03964	0.01918	0.65857	0.02430	0.01790	0.02430	0.01535	0.02046	0.01151	0.00639	0.00895	0.00256	0.01279	0.00895	0.00384	0.01023
27	0.00962	0.00731	0.00887	0.00933	0.01087	0.00655	0.00667	0.01184	0.01759	0.02320	0.25433	0.30884	0.25806	0.01972	0.00922	0.00270	0.00396	0.01733	0.00745	0.00655
28	0.00947	0.00670	0.00873	0.01027	0.01065	0.00631	0.00673	0.01062	0.01408	0.01877	0.03952	0.64184	0.04728	0.11434	0.01337	0.00363	0.00478	0.02022	0.00673	0.00596
29	0.01778	0.02011	0.04279	0.03087	0.03784	0.01955	0.59997	0.02375	0.01733	0.02375	0.01485	0.02011	0.01137	0.00702	0.01041	0.00263	0.07730	0.00874	0.00379	0.01005
30	0.01091	0.00730	0.00831	0.00843	0.00846	0.00727	0.00476	0.01100	0.01126	0.01502	0.02510	0.09521	0.02909	0.68579	0.03666	0.00707	0.00716	0.01174	0.00476	0.00470
31	0.03319	0.01345	0.01784	0.01377	0.01958	0.01206	0.01134	0.06798	0.04758	0.63398	0.02938	0.02554	0.01865	0.00941	0.00763	0.00235	0.00653	0.00762	0.00923	0.01287
32	0.01209	0.00796	0.01023	0.00980	0.01178	0.00722	0.00729	0.01508	0.01994	0.07818	0.46555	0.16140	0.13113	0.01674	0.00896	0.00251	0.00396	0.01473	0.00808	0.00736
33	0.01414	0.00707	0.00707	0.00707	0.00884	0.00707	0.00530	0.01767	0.01591	0.02828	0.02474	0.02828	0.01944	0.00884	0.00530	0.00177	0.00353	0.00707	0.77554	0.00707
34	0.01573	0.01348	0.01573	0.01123	0.01798	0.01011	0.00899	0.01910	0.01573	0.02472	0.01348	0.01573	0.01123	0.00562	0.00562	0.00112	0.00562	0.00449	0.00449	0.77980
35	0.01103	0.00735	0.00827	0.00827	0.00827	0.00735	0.00460	0.01103	0.01103	0.01471	0.02390	0.04964	0.02758	0.73343	0.03861	0.00735	0.00735	0.01103	0.00460	0.00460
36	0.02556	0.01971	0.02162	0.01839	0.05646	0.02195	0.01420	0.45624	0.21109	0.04217	0.02152	0.02103	0.01569	0.00931	0.00762	0.00236	0.00773	0.00731	0.00743	0.01261
37	0.00992	0.00771	0.00906	0.00938	0.01115	0.00703	0.00678	0.01287	0.04393	0.02321	0.22385	0.27135	0.29760	0.01929	0.00913	0.00268	0.00403	0.01684	0.00741	0.00675
38	0.01928	0.01767	0.02545	0.28942	0.11462	0.04665	0.08935	0.14943	0.09834	0.02756	0.01661	0.02027	0.01258	0.00816	0.00825	0.00246	0.03155	0.00715	0.00484	0.01037
39	0.41028	0.09955	0.01761	0.01227	0.01736	0.01783	0.01039	0.07487	0.01714	0.20069	0.01607	0.01641	0.01154	0.00803	0.00663	0.00230	0.03987	0.00533	0.00588	0.00996
40	0.02779	0.02048	0.02215	0.01715	0.02294	0.02271	0.01413	0.62315	0.03430	0.04605	0.01833	0.01889	0.01325	0.01189	0.04808	0.00285	0.00904	0.00690	0.00738	0.01254

[dist]
# distance from previous block
# <min> <max>
0	1

[block]
# block no. 2 follows, 26 sequences, length 77
# corresponding to MSA columns:
# 137-179,187-192,258-285
name=unknown_C
#
# <colnr> <probs for GDERKNQSTAVLIFYWHMCP>
#	G	D	E	R	K	N	Q	S	T	A	V	L	I	F	Y	W	H	M	C	P
0	0.01913	0.01985	0.05745	0.04410	0.62425	0.05430	0.02302	0.02368	0.01744	0.02442	0.01411	0.01839	0.01180	0.00683	0.00746	0.00224	0.00935	0.00661	0.00374	0.01181
1	0.00959	0.00687	0.00911	0.01033	0.01108	0.00639	0.00707	0.01143	0.01613	0.02192	0.19016	0.57282	0.05513	0.02185	0.00951	0.00292	0.00421	0.01975	0.00734	0.00639
2	0.01380	0.01161	0.01247	0.01180	0.01487	0.01229	0.00896	0.02496	0.32464	0.02653	0.10594	0.12286	0.24864	0.01520	0.00846	0.00261	0.00489	0.01293	0.00748	0.00907
3	0.02611	0.01129	0.01517	0.01223	0.01681	0.00984	0.00983	0.02918	0.02117	0.46278	0.20791	0.05987	0.03409	0.01146	0.00799	0.00234	0.00556	0.00970	0.00885	0.03780
4	0.01557	0.01519	0.02230	0.01910	0.01978	0.02038	0.05046	0.01769	0.01207	0.01846	0.01223	0.01933	0.01176	0.02123	0.15359	0.00497	0.54724	0.00705	0.00349	0.00811
5	0.01573	0.01348	0.01573	0.01123	0.01798	0.01011	0.00899	0.01910	0.01573	0.02472	0.01348	0.01573	0.01123	0.00562	0.00562	0.00112	0.00562	0.00449	0.00449	0.77980
6	0.01085	0.00805	0.01182	0.01182	0.01305	0.00928	0.00902	0.01331	0.01208	0.01733	0.02066	0.03167	0.01978	0.12081	0.64057	0.01173	0.01909	0.00840	0.00411	0.00657
7	0.02833	0.03615	0.02149	0.01954	0.02345	0.70298	0.01466	0.03029	0.02149	0.01856	0.01172	0.01368	0.00977	0.00782	0.00684	0.00195	0.01368	0.00489	0.00391	0.00879
8	0.01103	0.00735	0.00827	0.00827	0.00827	0.00735	0.00460	0.01103	0.01103	0.01471	0.02390	0.04964	0.02758	0.73343	0.03861	0.00735	0.00735	0.01103	0.00460	0.00460
9	0.01499	0.01424	0.01982	0.01736	0.01774	0.01907	0.01421	0.01700	0.01347	0.02037	0.12685	0.06165	0.02295	0.01583	0.04645	0.00347	0.53349	0.00869	0.00440	0.00793
10	0.00930	0.00665	0.00886	0.01052	0.01102	0.00620	0.00705	0.01072	0.01482	0.01983	0.06905	0.69990	0.05108	0.02341	0.00965	0.00305	0.00437	0.02123	0.00710	0.00620
11	0.01103	0.00735	0.00827	0.00827	0.00827	0.00735	0.00460	0.01103	0.01103	0.01471	0.02390	0.04964	0.02758	0.73343	0.03861	0.00735	0.00735	0.01103	0.00460	0.00460
12	0.01573	0.01348	0.01573	0.01123	0.01798	0.01011	0.00899	0.01910	0.01573	0.02472	0.01348	0.01573	0.01123	0.00562	0.00562	0.00112	0.00562	0.00449	0.00449	0.77980
13	0.01432	0.01348	0.02275	0.71520	0.05224	0.01685	0.02107	0.01938	0.01517	0.01938	0.01348	0.02022	0.01011	0.00758	0.00758	0.00253	0.01011	0.00674	0.00337	0.00843
14	0.02028	0.73799	0.03975	0.01298	0.01947	0.03001	0.01298	0.02271	0.01541	0.01785	0.01055	0.01217	0.00973	0.00649	0.00487	0.00162	0.00811	0.00406	0.00324	0.00973
15	0.05908	0.03784	0.65531	0.02096	0.03180	0.01758	0.02690	0.02392	0.01584	0.02459	0.01344	0.01580	0.00953	0.00720	0.00706	0.00240	0.01091	0.00552	0.00329	0.01104
16	0.00924	0.00660	0.00880	0.01056	0.01100	0.00616	0.00704	0.01056	0.01452	0.01936	0.04181	0.72848	0.05017	0.02376	0.00968	0.00308	0.00440	0.02156	0.00704	0.00616
17	0.01947	0.01934	0.03011	0.04459	0.63792	0.06784	0.02265	0.02379	0.01758	0.02433	0.01408	0.01840	0.01185	0.00684	0.00746	0.00223	0.00935	0.00662	0.00377	0.01178
18	0.01115	0.00840	0.00980	0.01037	0.01236	0.00806	0.00801	0.01525	0.07567	0.02285	0.07840	0.20734	0.26514	0.01867	0.00900	0.00280	0.00479	0.14893	0.07592	0.00707
19	0.78701	0.01467	0.01115	0.00997	0.01467	0.01702	0.00821	0.02230	0.01291	0.03403	0.01056	0.01232	0.00821	0.00704	0.00469	0.00235	0.00587	0.00411	0.00469	0.00821
20	0.01222	0.00873	0.01222	0.01397	0.01572	0.00873	0.01222	0.01572	0.01746	0.02270	0.04016	0.08556	0.04365	0.02095	0.01048	0.00349	0.00698	0.63506	0.00698	0.00698
21	0.01573	0.01348	0.01573	0.01123	0.01798	0.01011	0.00899	0.01910	0.01573	0.02472	0.01348	0.01573	0.01123	0.00562	0.00562	0.00112	0.00562	0.00449	0.00449	0.77980
22	0.02793	0.01859	0.02036	0.01579	0.02137	0.02007	0.01299	0.50719	0.03164	0.13199	0.02049	0.02033	0.01440	0.00911	0.00734	0.00223	0.00757	0.00696	0.09136	0.01227
23	0.01084	0.00813	0.01219	0.01219	0.01354	0.00948	0.00948	0.01354	0.01219	0.01761	0.02032	0.02980	0.01896	0.05689	0.70337	0.01219	0.02032	0.00813	0.00406	0.00677
24	0.02882	0.02180	0.02272	0.01753	0.02352	0.04890	0.01443	0.63727	0.03513	0.04671	0.01797	0.01804	0.01278	0.00906	0.00756	0.00226	0.00855	0.00676	0.00745	0.01275
25	0.01103	0.00735	0.00827	0.00827	0.00827	0.00735	0.00460	0.01103	0.01103	0.01471	0.02390	0.04964	0.02758	0.73343	0.03861	0.00735	0.00735	0.01103	0.00460	0.00460
26	0.02685	0.01915	0.02090	0.01647	0.02190	0.02097	0.01350	0.53171	0.05701	0.07927	0.02089	0.02451	0.01614	0.04823	0.00940	0.00263	0.00802	0.04287	0.00750	0.01209
27	0.01435	0.00772	0.00786	0.00762	0.00961	0.00772	0.00577	0.04391	0.01700	0.02874	0.05023	0.03130	0.05739	0.00965	0.00573	0.00185	0.00375	0.00778	0.67474	0.00728
28	0.01790	0.02046	0.04476	0.03197	0.03964	0.01918	0.65857	0.02430	0.01790	0.02430	0.01535	0.02046	0.01151	0.00639	0.00895	0.00256	0.01279	0.00895	0.00384	0.01023
29	0.02424	0.01671	0.01857	0.01533	0.02051	0.01803	0.01228	0.19400	0.34826	0.16771	0.02661	0.02462	0.01909	0.00957	0.00756	0.00238	0.00666	0.00774	0.00785	0.05228
30	0.02883	0.02125	0.02276	0.01745	0.02352	0.02352	0.01442	0.66082	0.03566	0.04780	0.01821	0.01821	0.01290	0.00911	0.00759	0.00228	0.00835	0.00683	0.00759	0.01290
31	0.01232	0.01041	0.01562	0.12521	0.02066	0.01291	0.01243	0.01509	0.01275	0.01815	0.01907	0.08253	0.01843	0.03836	0.41192	0.00829	0.14580	0.00872	0.00406	0.00727
32	0.00940	0.00672	0.00899	0.01075	0.01126	0.00630	0.00733	0.01084	0.01468	0.01955	0.04172	0.69321	0.04981	0.02361	0.00973	0.00310	0.00454	0.05522	0.00704	0.00621
33	0.02187	0.01518	0.01687	0.01468	0.01925	0.01662	0.01156	0.03835	0.49918	0.17970	0.03254	0.02957	0.04918	0.01045	0.00775	0.00252	0.00602	0.00867	0.00807	0.01198
34	0.02910	0.01852	0.02094	0.01621	0.02197	0.01977	0.01336	0.47509	0.03102	0.20111	0.02115	0.02068	0.01465	0.01179	0.04577	0.00284	0.00855	0.00709	0.00783	0.01257
35	0.01206	0.00861	0.01204	0.01378	0.01546	0.00859	0.01194	0.01543	0.01730	0.02252	0.04025	0.12083	0.04401	0.02111	0.01043	0.00347	0.00684	0.60140	0.00699	0.00694
36	0.03289	0.01296	0.01746	0.01346	0.01916	0.01138	0.01109	0.05600	0.02215	0.64323	0.05671	0.02686	0.02079	0.00963	0.00768	0.00235	0.00640	0.00786	0.00929	0.01267
37	0.01608	0.01615	0.02704	0.46096	0.06985	0.05590	0.16131	0.02115	0.01625	0.02110	0.01442	0.02027	0.01097	0.00737	0.00772	0.00245	0.01052	0.00714	0.04444	0.00891
38	0.01542	0.06929	0.48649	0.07813	0.03337	0.01777	0.10480	0.02287	0.01607	0.02310	0.01521	0.05576	0.01212	0.00800	0.00747	0.00243	0.01079	0.00691	0.00351	0.01051
39	0.74719	0.05223	0.01263	0.01013	0.01492	0.01769	0.00846	0.02232	0.01304	0.03319	0.01056	0.01231	0.00829	0.00701	0.00470	0.00231	0.00598	0.00410	0.00462	0.00829
40	0.01103	0.00735	0.00827	0.00827	0.00827	0.00735	0.00460	0.01103	0.01103	0.01471	0.02390	0.04964	0.02758	0.73343	0.03861	0.00735	0.00735	0.01103	0.00460	0.00460
41	0.02028	0.73799	0.03975	0.01298	0.01947	0.03001	0.01298	0.02271	0.01541	0.01785	0.01055	0.01217	0.00973	0.00649	0.00487	0.00162	0.00811	0.00406	0.00324	0.00973
42	0.01103	0.00735	0.00827	0.00827	0.00827	0.00735	0.00460	0.01103	0.01103	0.01471	0.02390	0.04964	0.02758	0.73343	0.03861	0.00735	0.00735	0.01103	0.00460	0.00460
43	0.02833	0.03615	0.02149	0.01954	0.02345	0.70298	0.01466	0.03029	0.02149	0.01856	0.01172	0.01368	0.00977	0.00782	0.00684	0.00195	0.01368	0.00489	0.00391	0.00879
44	0.02834	0.01323	0.01676	0.01354	0.01863	0.01252	0.01093	0.06865	0.12753	0.46834	0.05573	0.06494	0.04387	0.01080	0.00784	0.00243	0.00619	0.00895	0.00878	0.01199
45	0.01492	0.00782	0.00790	0.00762	0.00962	0.00794	0.00579	0.05176	0.01695	0.02931	0.02440	0.02775	0.01909	0.00885	0.00542	0.00179	0.00379	0.00706	0.73484	0.00738
46	0.00911	0.00769	0.00788	0.00783	0.01033	0.00646	0.00588	0.01116	0.01763	0.02130	0.12594	0.07167	0.63343	0.01891	0.00896	0.00255	0.00382	0.01582	0.00715	0.00646
47	0.01274	0.01118	0.01320	0.01299	0.01462	0.08492	0.01004	0.01537	0.01320	0.01771	0.01938	0.02804	0.01796	0.05155	0.62761	0.01108	0.01959	0.00777	0.00405	0.00699
48	0.02048	0.47866	0.17554	0.01585	0.02293	0.13405	0.01643	0.02419	0.01650	0.01927	0.01138	0.01322	0.00971	0.00685	0.00568	0.00184	0.00965	0.00452	0.00334	0.00990
49	0.78701	0.01467	0.01115	0.00997	0.01467	0.01702	0.00821	0.02230	0.01291	0.03403	0.01056	0.01232	0.00821	0.00704	0.00469	0.00235	0.00587	0.00411	0.00469	0.00821
50	0.00896	0.00768	0.00768	0.00768	0.01025	0.00640	0.00576	0.01089	0.01729	0.02049	0.07684	0.07300	0.68304	0.01921	0.00896	0.00256	0.00384	0.01601	0.00704	0.00640
51	0.02883	0.02125	0.02276	0.01745	0.02352	0.02352	0.01442	0.66082	0.03566	0.04780	0.01821	0.01821	0.01290	0.00911	0.00759	0.00228	0.00835	0.00683	0.00759	0.01290
52	0.01084	0.00813	0.01219	0.01219	0.01354	0.00948	0.00948	0.01354	0.01219	0.01761	0.02032	0.02980	0.01896	0.05689	0.70337	0.01219	0.02032	0.00813	0.00406	0.00677
53	0.00923	0.00666	0.00874	0.01040	0.01096	0.00617	0.00697	0.01058	0.01467	0.01942	0.04373	0.69256	0.08485	0.02351	0.00964	0.00305	0.00437	0.02126	0.00704	0.00617
54	0.02883	0.02125	0.02276	0.01745	0.02352	0.02352	0.01442	0.66082	0.03566	0.04780	0.01821	0.01821	0.01290	0.00911	0.00759	0.00228	0.00835	0.00683	0.00759	0.01290
55	0.01522	0.01535	0.05009	0.55841	0.17489	0.01711	0.02176	0.02032	0.01561	0.02061	0.01364	0.01978	0.01046	0.00741	0.00755	0.00247	0.00994	0.00670	0.00344	0.00923
56	0.03097	0.01578	0.06506	0.01449	0.02059	0.01330	0.01265	0.12942	0.02341	0.52022	0.05418	0.02527	0.01945	0.00945	0.00765	0.00234	0.00695	0.00762	0.00864	0.01255
57	0.01790	0.02046	0.04476	0.03197	0.03964	0.01918	0.65857	0.02430	0.01790	0.02430	0.01535	0.02046	0.01151	0.00639	0.00895	0.00256	0.01279	0.00895	0.00384	0.01023
58	0.01521	0.03923	0.69413	0.02162	0.03283	0.01762	0.02802	0.02402	0.01601	0.02402	0.01361	0.01601	0.00961	0.00721	0.00721	0.00240	0.01121	0.00560	0.00320	0.01121
59	0.02630	0.01935	0.02095	0.01656	0.02190	0.02127	0.01346	0.57657	0.03292	0.04412	0.02127	0.11024	0.01773	0.01100	0.00786	0.00238	0.00784	0.00874	0.00752	0.01203
60	0.03043	0.01305	0.01700	0.01326	0.01867	0.01179	0.01087	0.09402	0.02279	0.54367	0.07833	0.02998	0.05976	0.01036	0.00779	0.00236	0.00628	0.00846	0.00901	0.01212
61	0.03138	0.01415	0.01811	0.01423	0.01984	0.01330	0.01176	0.13510	0.05079	0.52497	0.02866	0.02799	0.01939	0.01001	0.00778	0.00241	0.00677	0.04192	0.00890	0.01254
62	0.01737	0.01675	0.02641	0.09731	0.50492	0.04161	0.02020	0.02154	0.01750	0.02403	0.05982	0.02593	0.07657	0.00853	0.00771	0.00230	0.00848	0.00795	0.00430	0.01078
63	0.01416	0.12037	0.01574	0.01100	0.01354	0.05118	0.00867	0.01663	0.01783	0.04793	0.29436	0.04468	0.12937	0.10817	0.03321	0.00325	0.04519	0.01094	0.00630	0.00747
64	0.01355	0.01262	0.02190	0.45117	0.04007	0.01447	0.09622	0.01776	0.01520	0.01979	0.02019	0.17284	0.01956	0.04061	0.00947	0.00285	0.00911	0.01036	0.00426	0.00801
65	0.01392	0.01102	0.01270	0.05155	0.01660	0.01125	0.00977	0.11822	0.08352	0.02605	0.04917	0.14676	0.29194	0.01695	0.00887	0.00273	0.00568	0.10818	0.00698	0.00815
66	0.63268	0.01742	0.09698	0.01155	0.01700	0.01650	0.01077	0.02277	0.01395	0.05759	0.03676	0.01495	0.01116	0.00747	0.00528	0.00236	0.00647	0.00479	0.00482	0.00873
67	0.02778	0.03212	0.02071	0.01861	0.02272	0.57311	0.01409	0.03191	0.09168	0.07456	0.01526	0.01624	0.01194	0.00821	0.00700	0.00205	0.01227	0.00551	0.00476	0.00947
68	0.06237	0.01404	0.01564	0.01207	0.01782	0.04712	0.00958	0.02330	0.01717	0.17930	0.01943	0.07778	0.01602	0.00822	0.00644	0.00168	0.00615	0.00666	0.00583	0.45339
69	0.01784	0.01343	0.01409	0.01246	0.01600	0.05003	0.00982	0.17500	0.05854	0.08180	0.11324	0.10244	0.23278	0.01494	0.00850	0.00253	0.00603	0.05412	0.00736	0.00904
70	0.01752	0.01370	0.01569	0.03320	0.01819	0.03810	0.01024	0.10349	0.01862	0.07443	0.02471	0.17249	0.05836	0.01156	0.00823	0.00206	0.04460	0.00953	0.00583	0.31945
71	0.06457	0.01499	0.01588	0.01306	0.01760	0.04960	0.01045	0.21669	0.02400	0.17642	0.08707	0.06107	0.16401	0.01211	0.00781	0.00234	0.00647	0.00976	0.00744	0.03867
72	0.02078	0.15671	0.04347	0.01532	0.01948	0.22358	0.01264	0.08670	0.09690	0.02418	0.05720	0.08873	0.04727	0.01060	0.00770	0.00221	0.03344	0.00805	0.03575	0.00930
73	0.08962	0.01464	0.01770	0.11971	0.02268	0.06824	0.03793	0.03937	0.01530	0.02299	0.01637	0.06006	0.01462	0.01626	0.10839	0.00372	0.12959	0.00717	0.07925	0.11640
74	0.01540	0.01287	0.07928	0.01210	0.01584	0.01046	0.01051	0.02189	0.11865	0.11810	0.32470	0.04749	0.12904	0.01377	0.00848	0.00248	0.00526	0.03705	0.00766	0.00896
75	0.01428	0.01126	0.01553	0.05285	0.04281	0.01159	0.04734	0.02188	0.16111	0.04960	0.31507	0.07557	0.04605	0.01391	0.00873	0.00260	0.00573	0.08800	0.00732	0.00876
76	0.01919	0.06006	0.10990	0.02762	0.21016	0.04177	0.14817	0.09491	0.04432	0.04918	0.10014	0.02355	0.01968	0.00835	0.00780	0.00232	0.00920	0.00783	0.00502	0.01083

[dist]
# distance from previous block
# <min> <max>
1	4

[block]
# block no. 3 follows, 26 sequences, length 29
# corresponding to MSA columns:
# 290-318
name=unknown_D
#
# <colnr> <probs for GDERKNQSTAVLIFYWHMCP>
#	G	D	E	R	K	N	Q	S	T	A	V	L	I	F	Y	W	H	M	C	P
0	0.02666	0.01931	0.02106	0.01625	0.02210	0.02077	0.01333	0.51839	0.05757	0.07510	0.05057	0.02059	0.01624	0.00916	0.00748	0.00219	0.00769	0.00706	0.00744	0.08104
1	0.12634	0.01642	0.01671	0.01350	0.01886	0.04898	0.01077	0.13562	0.16915	0.05860	0.05156	0.02089	0.01704	0.00823	0.00661	0.00197	0.00653	0.00637	0.00615	0.25968
2	0.01679	0.01328	0.01717	0.06094	0.01994	0.01358	0.01163	0.05470	0.01599	0.07452	0.01861	0.04993	0.03775	0.01581	0.10348	0.00342	0.14733	0.00702	0.00487	0.31325
3	0.02286	0.01828	0.01940	0.01624	0.02125	0.02073	0.01297	0.28918	0.41703	0.03818	0.02579	0.02425	0.01904	0.00982	0.00767	0.00245	0.00694	0.00788	0.00767	0.01236
4	0.01064	0.00775	0.01000	0.00944	0.01127	0.00711	0.00708	0.01412	0.02124	0.02986	0.64834	0.05757	0.10569	0.01571	0.00895	0.00240	0.00359	0.01385	0.00828	0.00711
5	0.03403	0.01291	0.01760	0.01350	0.01936	0.01115	0.01115	0.03697	0.02171	0.69137	0.02992	0.02582	0.01878	0.00939	0.00763	0.00235	0.00645	0.00763	0.00939	0.01291
6	0.02028	0.73799	0.03975	0.01298	0.01947	0.03001	0.01298	0.02271	0.01541	0.01785	0.01055	0.01217	0.00973	0.00649	0.00487	0.00162	0.00811	0.00406	0.00324	0.00973
7	0.02308	0.01891	0.01912	0.01613	0.02095	0.06596	0.01280	0.25059	0.36700	0.05663	0.04908	0.02483	0.02039	0.00988	0.00766	0.00242	0.00725	0.00789	0.00749	0.01194
8	0.01044	0.00772	0.00978	0.00954	0.01135	0.00705	0.00718	0.01362	0.02020	0.02783	0.51834	0.10353	0.16191	0.01686	0.00907	0.00251	0.00383	0.04426	0.00800	0.00697
9	0.01103	0.00735	0.00827	0.00827	0.00827	0.00735	0.00460	0.01103	0.01103	0.01471	0.02390	0.04964	0.02758	0.73343	0.03861	0.00735	0.00735	0.01103	0.00460	0.00460
10	0.01338	0.00839	0.01044	0.00987	0.01232	0.00748	0.00755	0.01618	0.01945	0.11744	0.32630	0.12140	0.23666	0.01677	0.00891	0.00255	0.00430	0.04506	0.00793	0.00763
11	0.16740	0.03291	0.50809	0.02015	0.02979	0.01762	0.07419	0.02370	0.01555	0.02601	0.01315	0.01564	0.00948	0.00711	0.00685	0.00240	0.01028	0.00558	0.00355	0.01054
12	0.01432	0.01348	0.02275	0.71520	0.05224	0.01685	0.02107	0.01938	0.01517	0.01938	0.01348	0.02022	0.01011	0.00758	0.00758	0.00253	0.01011	0.00674	0.00337	0.00843
13	0.01051	0.00887	0.00925	0.00895	0.01166	0.00819	0.00677	0.01529	0.10727	0.02313	0.13799	0.06507	0.52475	0.01758	0.00879	0.00254	0.00411	0.01474	0.00728	0.00725
14	0.01684	0.01750	0.06149	0.29942	0.37059	0.01763	0.06334	0.02189	0.01645	0.02265	0.01400	0.01930	0.01114	0.00707	0.00761	0.00238	0.00978	0.00683	0.00359	0.01049
15	0.02679	0.01972	0.02130	0.01673	0.02221	0.02171	0.01365	0.59289	0.03345	0.04483	0.02068	0.09241	0.01679	0.01064	0.00781	0.00236	0.00793	0.00837	0.00753	0.01220
16	0.01462	0.01379	0.02329	0.67007	0.09502	0.01693	0.02121	0.01964	0.01531	0.01974	0.01353	0.02012	0.01024	0.00753	0.00758	0.00251	0.01004	0.00674	0.00340	0.00867
17	0.01040	0.00774	0.00967	0.00919	0.01112	0.00701	0.00689	0.01366	0.02067	0.02852	0.56616	0.05979	0.18871	0.01622	0.00895	0.00242	0.00363	0.01416	0.00810	0.00701
18	0.07039	0.01914	0.07145	0.04251	0.59945	0.01793	0.02256	0.02326	0.01690	0.02536	0.01398	0.01816	0.01161	0.00681	0.00730	0.00227	0.00894	0.00651	0.00378	0.01171
19	0.02100	0.02243	0.02142	0.01867	0.02055	0.23590	0.01497	0.06391	0.03970	0.02135	0.01271	0.01693	0.01115	0.01091	0.01626	0.00270	0.38164	0.00619	0.05281	0.00880
20	0.01318	0.00659	0.00988	0.00988	0.00988	0.00659	0.00659	0.00988	0.00988	0.01318	0.01318	0.02306	0.01318	0.02635	0.02964	0.77931	0.00659	0.00659	0.00329	0.00329
21	0.01398	0.01294	0.02046	0.28620	0.23167	0.01386	0.01694	0.01783	0.01631	0.02130	0.03170	0.07859	0.18496	0.01133	0.00805	0.00249	0.00781	0.01006	0.00466	0.00886
22	0.02245	0.02309	0.02700	0.06263	0.21730	0.19595	0.10267	0.12405	0.09936	0.02718	0.01630	0.01881	0.01274	0.00780	0.00757	0.00227	0.01031	0.00679	0.00484	0.01090
23	0.02877	0.01702	0.04382	0.01535	0.02116	0.01659	0.01291	0.22175	0.15573	0.34462	0.02605	0.02370	0.01758	0.00940	0.00762	0.00237	0.00710	0.00751	0.00829	0.01266
24	0.01387	0.00750	0.00817	0.05200	0.01153	0.00771	0.00624	0.01719	0.01543	0.02651	0.02396	0.02967	0.01957	0.07314	0.00841	0.00231	0.00429	0.00740	0.65816	0.00694
25	0.01722	0.01778	0.09292	0.10811	0.30467	0.01618	0.01864	0.02498	0.13981	0.05099	0.02511	0.04739	0.08428	0.00945	0.00774	0.00242	0.00803	0.00841	0.00505	0.01080
26	0.02040	0.47440	0.07684	0.09229	0.06164	0.05868	0.01561	0.08210	0.01770	0.02161	0.01204	0.01429	0.01019	0.00698	0.00581	0.00188	0.00886	0.00489	0.00372	0.01006
27	0.02650	0.01985	0.02131	0.01684	0.02239	0.02203	0.01372	0.54346	0.12259	0.04420	0.02111	0.05417	0.01613	0.00998	0.00771	0.00236	0.00783	0.00779	0.00758	0.01245
28	0.20561	0.09913	0.02219	0.01917	0.10591	0.14912	0.01378	0.19075	0.07360	0.03157	0.01485	0.01618	0.01156	0.00788	0.00647	0.00218	0.00863	0.00565	0.00526	0.01049

[dist]
# distance from previous block
# <min> <max>
0	26

[block]
# block no. 4 follows, 26 sequences, length 16
# corresponding to MSA columns:
# 345-360
name=unknown_E
#
# <colnr> <probs for GDERKNQSTAVLIFYWHMCP>
#	G	D	E	R	K	N	Q	S	T	A	V	L	I	F	Y	W	H	M	C	P
0	0.10958	0.01657	0.01802	0.08105	0.08922	0.07506	0.01285	0.08361	0.15664	0.05387	0.07652	0.02529	0.05108	0.00919	0.00712	0.00221	0.00721	0.00743	0.00588	0.11160
1	0.01959	0.45095	0.25063	0.01597	0.02395	0.02486	0.01783	0.04684	0.01664	0.05273	0.01273	0.01428	0.01023	0.00695	0.00586	0.00193	0.00905	0.00483	0.00368	0.01048
2	0.01965	0.51616	0.21131	0.01529	0.02299	0.02577	0.01686	0.02379	0.01590	0.05423	0.01235	0.01389	0.01017	0.00683	0.00563	0.00187	0.00884	0.00465	0.00355	0.01029
3	0.02794	0.10251	0.13104	0.01469	0.02131	0.01456	0.01402	0.03246	0.04328	0.45497	0.04862	0.02381	0.01827	0.00894	0.00728	0.00228	0.00731	0.00713	0.00755	0.01202
4	0.00922	0.00668	0.00872	0.01035	0.01095	0.00618	0.00695	0.01059	0.01472	0.01944	0.04435	0.68081	0.09619	0.02343	0.00963	0.00304	0.00436	0.02116	0.00704	0.00618
5	0.00991	0.00763	0.00906	0.00888	0.01087	0.00678	0.00659	0.01265	0.01925	0.02558	0.39014	0.11675	0.31323	0.01764	0.00901	0.00251	0.00375	0.01525	0.00773	0.00678
6	0.02187	0.01945	0.02211	0.20384	0.10390	0.10411	0.01643	0.26312	0.05797	0.03130	0.02064	0.02274	0.06094	0.00908	0.00759	0.00234	0.00910	0.00731	0.00556	0.01059
7	0.02928	0.02052	0.02232	0.01711	0.02316	0.02245	0.01413	0.60677	0.03445	0.10357	0.01923	0.01887	0.01341	0.00913	0.00759	0.00228	0.00818	0.00690	0.00774	0.01290
8	0.00924	0.00660	0.00880	0.01056	0.01100	0.00616	0.00704	0.01056	0.01452	0.01936	0.04181	0.72848	0.05017	0.02376	0.00968	0.00308	0.00440	0.02156	0.00704	0.00616
9	0.01474	0.01407	0.02426	0.64499	0.08697	0.01703	0.05192	0.01983	0.01542	0.01992	0.01362	0.02015	0.01028	0.00748	0.00765	0.00251	0.01018	0.00685	0.00341	0.00871
10	0.02000	0.02065	0.02864	0.09408	0.52802	0.13043	0.02169	0.02413	0.01780	0.02334	0.01379	0.01805	0.01150	0.00700	0.00740	0.00223	0.00986	0.00645	0.00375	0.01121
11	0.00926	0.00712	0.00849	0.00937	0.01074	0.00634	0.00656	0.01101	0.01619	0.02075	0.11074	0.41864	0.29497	0.02130	0.00934	0.00282	0.00411	0.01875	0.00716	0.00634
12	0.01069	0.00780	0.01008	0.00965	0.01150	0.00719	0.00734	0.01415	0.02096	0.02929	0.60425	0.05939	0.11320	0.01607	0.00903	0.00246	0.00378	0.04789	0.00818	0.00709
13	0.01323	0.00900	0.01130	0.01173	0.01330	0.00887	0.00848	0.09799	0.01818	0.05561	0.07310	0.53233	0.04461	0.02056	0.00931	0.00292	0.00510	0.04963	0.00729	0.00746
14	0.74889	0.01496	0.01281	0.01106	0.01591	0.01712	0.04045	0.02240	0.01316	0.03355	0.01080	0.01273	0.00838	0.00701	0.00491	0.00236	0.00621	0.00435	0.00465	0.00831
15	0.14594	0.11599	0.08105	0.01594	0.02220	0.02260	0.01430	0.38909	0.05996	0.03880	0.01623	0.01680	0.01198	0.00833	0.00675	0.00223	0.00805	0.00602	0.00618	0.01155

[dist]
# distance from previous block
# <min> <max>
0	2

[block]
# block no. 5 follows, 26 sequences, length 29
# corresponding to MSA columns:
# 363-391
name=unknown_F
#
# <colnr> <probs for GDERKNQSTAVLIFYWHMCP>
#	G	D	E	R	K	N	Q	S	T	A	V	L	I	F	Y	W	H	M	C	P
0	0.01133	0.00835	0.01174	0.01157	0.01263	0.00964	0.00870	0.01351	0.01213	0.01763	0.02071	0.03281	0.02017	0.18009	0.50877	0.01031	0.05165	0.00855	0.04326	0.00645
1	0.59962	0.01536	0.01422	0.10419	0.04172	0.03770	0.01100	0.02198	0.01353	0.03056	0.01107	0.01382	0.00872	0.00744	0.00625	0.00241	0.04296	0.00469	0.00440	0.00839
2	0.02791	0.02035	0.02177	0.01680	0.02260	0.02248	0.01384	0.62027	0.03442	0.04657	0.01862	0.01885	0.01331	0.00909	0.00744	0.00224	0.00804	0.00684	0.05601	0.01253
3	0.01432	0.01348	0.02275	0.71520	0.05224	0.01685	0.02107	0.01938	0.01517	0.01938	0.01348	0.02022	0.01011	0.00758	0.00758	0.00253	0.01011	0.00674	0.00337	0.00843
4	0.01485	0.01255	0.01479	0.01114	0.01703	0.00957	0.00872	0.01794	0.01556	0.02399	0.01734	0.11275	0.01653	0.00809	0.00617	0.00139	0.00545	0.00682	0.00484	0.67449
5	0.01668	0.00952	0.00978	0.00886	0.01137	0.00991	0.00688	0.12877	0.01932	0.03165	0.02362	0.02654	0.01831	0.00888	0.00570	0.00186	0.00437	0.00703	0.64288	0.00808
6	0.01034	0.00739	0.01004	0.01165	0.01262	0.00709	0.00880	0.01254	0.01595	0.02118	0.08109	0.46908	0.04929	0.02230	0.00990	0.00318	0.00522	0.22871	0.00710	0.00650
7	0.02347	0.05876	0.02096	0.05389	0.02328	0.22325	0.01379	0.15748	0.28668	0.02965	0.02077	0.02075	0.01581	0.00899	0.00728	0.00228	0.00906	0.00682	0.00611	0.01093
8	0.00907	0.00762	0.00788	0.00796	0.01035	0.00643	0.00591	0.01104	0.01732	0.02091	0.10464	0.11298	0.61337	0.01931	0.00901	0.00258	0.00386	0.01624	0.00711	0.00643
9	0.02028	0.73799	0.03975	0.01298	0.01947	0.03001	0.01298	0.02271	0.01541	0.01785	0.01055	0.01217	0.00973	0.00649	0.00487	0.00162	0.00811	0.00406	0.00324	0.00973
10	0.01074	0.00775	0.01014	0.00954	0.01133	0.00716	0.00716	0.01431	0.02147	0.03042	0.68211	0.05666	0.07157	0.01551	0.00895	0.00239	0.00358	0.01372	0.00835	0.00716
11	0.01414	0.00707	0.00707	0.00707	0.00884	0.00707	0.00530	0.01767	0.01591	0.02828	0.02474	0.02828	0.01944	0.00884	0.00530	0.00177	0.00353	0.00707	0.77554	0.00707
12	0.02883	0.02125	0.02276	0.01745	0.02352	0.02352	0.01442	0.66082	0.03566	0.04780	0.01821	0.01821	0.01290	0.00911	0.00759	0.00228	0.00835	0.00683	0.00759	0.01290
13	0.01521	0.03923	0.69413	0.02162	0.03283	0.01762	0.02802	0.02402	0.01601	0.02402	0.01361	0.01601	0.00961	0.00721	0.00721	0.00240	0.01121	0.00560	0.00320	0.01121
14	0.01538	0.01416	0.02278	0.62794	0.04842	0.01767	0.02037	0.05976	0.01624	0.02110	0.01356	0.01987	0.01028	0.00803	0.00866	0.00256	0.05415	0.00674	0.00363	0.00870
15	0.01783	0.02026	0.04362	0.03133	0.03860	0.01940	0.62466	0.02398	0.01757	0.02398	0.01506	0.02026	0.01143	0.00676	0.00979	0.00260	0.05012	0.00883	0.00381	0.01013
16	0.01066	0.00775	0.01003	0.00946	0.01128	0.00712	0.00709	0.01416	0.02128	0.02997	0.65499	0.05739	0.09897	0.01567	0.00895	0.00239	0.00359	0.01382	0.00829	0.00712
17	0.01724	0.01895	0.03908	0.12149	0.03905	0.01870	0.50210	0.02301	0.01704	0.02328	0.01467	0.01996	0.01121	0.00695	0.00962	0.00253	0.05678	0.00830	0.00377	0.04626
18	0.00924	0.00660	0.00880	0.01056	0.01100	0.00616	0.00704	0.01056	0.01452	0.01936	0.04181	0.72848	0.05017	0.02376	0.00968	0.00308	0.00440	0.02156	0.00704	0.00616
19	0.01301	0.00865	0.01048	0.00959	0.01215	0.00781	0.00733	0.03539	0.02061	0.09235	0.40664	0.05763	0.25788	0.01588	0.00878	0.00243	0.00409	0.01363	0.00801	0.00766
20	0.00958	0.00692	0.00889	0.01033	0.01103	0.00647	0.00707	0.01100	0.01471	0.01931	0.04361	0.56147	0.10983	0.08315	0.01211	0.00342	0.00478	0.06339	0.00683	0.00611
21	0.01558	0.03703	0.62519	0.02421	0.10072	0.01766	0.02753	0.02394	0.01614	0.02410	0.01368	0.01630	0.00986	0.00716	0.00724	0.00239	0.01098	0.00572	0.00326	0.01129
22	0.01398	0.00996	0.01278	0.01324	0.01563	0.01015	0.01108	0.02032	0.12482	0.05698	0.14507	0.06824	0.06560	0.01772	0.00959	0.00307	0.00613	0.38009	0.00744	0.00809
23	0.00937	0.00670	0.00891	0.01048	0.01103	0.00625	0.00705	0.01088	0.01511	0.02030	0.09597	0.67165	0.05198	0.02307	0.00962	0.00302	0.00433	0.02090	0.00715	0.00625
24	0.12371	0.01691	0.05133	0.07947	0.32983	0.01683	0.05030	0.02423	0.10585	0.02674	0.06063	0.04683	0.01799	0.00851	0.00738	0.00239	0.00801	0.00768	0.00479	0.01058
25	0.01839	0.24680	0.41517	0.01860	0.02768	0.04858	0.02185	0.07774	0.01771	0.02397	0.01301	0.01496	0.00993	0.00718	0.00652	0.00214	0.01014	0.00522	0.00361	0.01082
26	0.01199	0.00910	0.01238	0.01108	0.01172	0.00944	0.06074	0.01265	0.01165	0.01576	0.02222	0.04490	0.02501	0.62255	0.03516	0.00667	0.05665	0.01055	0.00444	0.00533
27	0.02171	0.01570	0.01702	0.01405	0.01801	0.05038	0.01111	0.30847	0.02619	0.08835	0.18156	0.03174	0.02935	0.07891	0.06949	0.00358	0.00823	0.00896	0.00717	0.01004
28	0.01968	0.65579	0.11673	0.01400	0.02104	0.02855	0.01475	0.02287	0.01548	0.01857	0.01091	0.01262	0.00972	0.00657	0.00514	0.00171	0.00848	0.00424	0.00324	0.00991

[dist]
# distance from previous block
# <min> <max>
0	1

[block]
# block no. 6 follows, 26 sequences, length 127
# corresponding to MSA columns:
# 393-519
name=unknown_G
#
# <colnr> <probs for GDERKNQSTAVLIFYWHMCP>
#	G	D	E	R	K	N	Q	S	T	A	V	L	I	F	Y	W	H	M	C	P
0	0.01061	0.00774	0.00990	0.01015	0.01147	0.00740	0.00722	0.01407	0.05145	0.02551	0.37525	0.30322	0.05872	0.05861	0.01082	0.00293	0.00422	0.01621	0.00762	0.00689
