[name]
unknown

[dist]
# distance from previous block
# <min> <max>
14	56

[block]
# block no. 0 follows, 28 sequences, length 32
# corresponding to MSA columns:
# 62-93
name=unknown_A
#
# <colnr> <probs for GDERKNQSTAVLIFYWHMCP>
#	G	D	E	R	K	N	Q	S	T	A	V	L	I	F	Y	W	H	M	C	P
0	0.05858	0.13791	0.10367	0.01574	0.02214	0.01899	0.05540	0.21354	0.07371	0.12238	0.01721	0.01763	0.01257	0.00761	0.00657	0.00203	0.00774	0.00598	0.00567	0.09494
1	0.04208	0.04470	0.05385	0.01412	0.01940	0.01528	0.03128	0.08173	0.22033	0.12518	0.05774	0.02239	0.01830	0.00847	0.00734	0.00205	0.03058	0.00681	0.00620	0.19216
2	0.01899	0.01704	0.05397	0.07535	0.02230	0.05958	0.03872	0.24731	0.04267	0.03002	0.03355	0.14071	0.01984	0.01067	0.00738	0.00220	0.00747	0.02726	0.02403	0.12094
3	0.01790	0.01416	0.01835	0.01371	0.01948	0.01257	0.07664	0.12363	0.03947	0.06569	0.05233	0.03370	0.01591	0.00729	0.00641	0.00162	0.00634	0.00627	0.03618	0.43234
4	0.06069	0.05852	0.06193	0.09661	0.22028	0.09037	0.04678	0.13849	0.04127	0.04309	0.01448	0.01706	0.01125	0.00716	0.00681	0.00209	0.00880	0.00599	0.00452	0.06381
5	0.04385	0.01880	0.05949	0.06100	0.22447	0.09990	0.03573	0.09864	0.01897	0.08338	0.03646	0.05032	0.01478	0.00796	0.00697	0.00206	0.00828	0.00679	0.00485	0.11731
6	0.02111	0.01696	0.01893	0.01431	0.02014	0.06731	0.04582	0.22171	0.02174	0.08070	0.01579	0.01771	0.01223	0.03160	0.00742	0.00184	0.00725	0.00568	0.00549	0.36628
7	0.01350	0.01181	0.01995	0.01796	0.05554	0.01146	0.17840	0.07141	0.01765	0.02389	0.10517	0.31109	0.03538	0.01530	0.00882	0.00268	0.00698	0.07911	0.00598	0.00793
8	0.14574	0.01909	0.01801	0.05238	0.02094	0.11423	0.01220	0.33423	0.06123	0.03550	0.06696	0.01979	0.01613	0.00868	0.00674	0.00216	0.00774	0.00647	0.04162	0.01017
9	0.01987	0.01575	0.01685	0.01280	0.01872	0.05852	0.01026	0.13364	0.06991	0.09152	0.01632	0.01717	0.01249	0.00677	0.00611	0.00153	0.00643	0.00529	0.00545	0.47459
10	0.01782	0.01898	0.10840	0.13896	0.39746	0.01724	0.02088	0.10432	0.01835	0.02558	0.01532	0.02132	0.01273	0.00768	0.00734	0.00228	0.00886	0.04162	0.00411	0.01075
11	0.01801	0.36644	0.22786	0.01769	0.02486	0.02281	0.10282	0.02254	0.01521	0.04680	0.01224	0.01459	0.00987	0.00700	0.00736	0.00203	0.06338	0.00524	0.00341	0.00981
12	0.01223	0.00850	0.01087	0.08308	0.01395	0.00910	0.00743	0.01324	0.01208	0.05273	0.02467	0.07250	0.05931	0.48443	0.05774	0.00585	0.05167	0.01030	0.00466	0.00568
13	0.00953	0.00787	0.00844	0.00833	0.01072	0.00701	0.00635	0.01272	0.05391	0.02186	0.17035	0.06562	0.52781	0.01744	0.00859	0.00247	0.00389	0.04352	0.00699	0.00657
14	0.01053	0.00789	0.00972	0.01002	0.01147	0.00769	0.00724	0.01454	0.08379	0.02332	0.26635	0.28783	0.10686	0.07234	0.01090	0.00296	0.00439	0.04836	0.00707	0.00674
15	0.02642	0.01925	0.05594	0.01594	0.02155	0.01962	0.01356	0.51492	0.02975	0.12062	0.01820	0.01856	0.01289	0.00990	0.00884	0.06114	0.00780	0.00656	0.00695	0.01159
16	0.01480	0.00869	0.01122	0.00994	0.01254	0.00794	0.00767	0.03501	0.02072	0.15491	0.51263	0.04883	0.09851	0.01384	0.00830	0.00229	0.00408	0.01203	0.00809	0.00799
17	0.03261	0.01237	0.01687	0.01293	0.01856	0.01068	0.01068	0.03543	0.02081	0.70423	0.02868	0.02474	0.01799	0.00900	0.00731	0.00225	0.00619	0.00731	0.00900	0.01237
18	0.08522	0.01630	0.01836	0.01451	0.01977	0.01714	0.01185	0.34716	0.06815	0.25203	0.02244	0.05823	0.01633	0.00948	0.00719	0.00227	0.00690	0.00745	0.00759	0.01163
19	0.02227	0.02544	0.02373	0.06660	0.28070	0.36013	0.01733	0.02663	0.06862	0.02104	0.01363	0.01635	0.01116	0.00727	0.00690	0.00206	0.01067	0.00572	0.00394	0.00981
20	0.00906	0.00730	0.00795	0.00803	0.00994	0.00649	0.00581	0.01080	0.01555	0.01923	0.09519	0.10701	0.49200	0.10496	0.06492	0.00370	0.00527	0.01445	0.00633	0.00599
21	0.03157	0.01404	0.01790	0.01372	0.01939	0.01316	0.01134	0.16881	0.02359	0.56690	0.02634	0.02322	0.01682	0.00894	0.00730	0.00224	0.00656	0.00715	0.00864	0.01237
22	0.02782	0.01897	0.02081	0.01600	0.02164	0.02060	0.01316	0.57470	0.03182	0.12996	0.01905	0.01920	0.01346	0.02836	0.00807	0.00232	0.00774	0.00675	0.00742	0.01215
23	0.01656	0.01858	0.03974	0.02879	0.03537	0.01774	0.60040	0.02217	0.01668	0.02272	0.01613	0.06631	0.01337	0.00750	0.00930	0.00252	0.04354	0.00927	0.00385	0.00947
24	0.01561	0.01324	0.01536	0.01102	0.01745	0.01024	0.00884	0.04630	0.01589	0.02463	0.01311	0.01517	0.01083	0.00553	0.00546	0.00112	0.00549	0.00440	0.00443	0.75586
25	0.00886	0.00633	0.00843	0.01012	0.01054	0.00590	0.00675	0.01012	0.01392	0.01856	0.04006	0.73979	0.04808	0.02277	0.00928	0.00295	0.00422	0.02066	0.00675	0.00590
26	0.01726	0.01776	0.03269	0.02395	0.03007	0.01738	0.40199	0.05678	0.06489	0.02444	0.01505	0.01882	0.01170	0.00707	0.00941	0.00226	0.08427	0.00744	0.00419	0.15257
27	0.02253	0.02591	0.01767	0.01609	0.01948	0.45564	0.01220	0.06132	0.06911	0.02078	0.01867	0.02071	0.05674	0.01419	0.09256	0.00315	0.01191	0.00623	0.04670	0.00840
28	0.01798	0.01424	0.01582	0.01351	0.01710	0.04544	0.01072	0.25398	0.05644	0.02865	0.02208	0.02614	0.05976	0.05009	0.27240	0.00582	0.01189	0.00756	0.00552	0.06485
29	0.01922	0.71817	0.06699	0.01280	0.01921	0.02825	0.01306	0.02182	0.01479	0.01736	0.01023	0.01182	0.00932	0.00625	0.00476	0.00159	0.00790	0.00395	0.00311	0.00939
30	0.01768	0.01433	0.01627	0.01197	0.01801	0.01244	0.00959	0.16438	0.01914	0.02821	0.01436	0.01701	0.01180	0.03807	0.00717	0.00158	0.00604	0.00508	0.00497	0.58191
31	0.05648	0.15810	0.08405	0.08557	0.11915	0.26128	0.01623	0.05962	0.01784	0.02120	0.01210	0.01490	0.00997	0.00827	0.02246	0.00223	0.03229	0.00520	0.00372	0.00933

[dist]
# distance from previous block
# <min> <max>
0	17

[block]
# block no. 1 follows, 28 sequences, length 43
# corresponding to MSA columns:
# 125-167
name=unknown_B
#
# <colnr> <probs for GDERKNQSTAVLIFYWHMCP>
#	G	D	E	R	K	N	Q	S	T	A	V	L	I	F	Y	W	H	M	C	P
0	0.76441	0.01432	0.01114	0.00985	0.01441	0.01656	0.00812	0.04815	0.01326	0.03315	0.01042	0.01204	0.00806	0.00683	0.00461	0.00225	0.00572	0.00404	0.00461	0.00806
1	0.01163	0.00924	0.01052	0.05482	0.01448	0.00892	0.00825	0.08667	0.01827	0.02296	0.05567	0.09566	0.43672	0.01677	0.00848	0.00254	0.00496	0.09730	0.02909	0.00704
2	0.02644	0.03346	0.02070	0.01875	0.02226	0.67155	0.01416	0.02830	0.02000	0.01777	0.01113	0.01329	0.00937	0.00782	0.00765	0.00196	0.05850	0.00479	0.00371	0.00840
3	0.01025	0.00788	0.00967	0.01050	0.01253	0.00730	0.00873	0.01291	0.01681	0.02108	0.07972	0.07548	0.33887	0.01912	0.00933	0.00290	0.00521	0.33850	0.00677	0.00645
4	0.00883	0.00642	0.00833	0.00986	0.01048	0.00593	0.00663	0.01015	0.01416	0.01866	0.04320	0.67724	0.10860	0.02237	0.00921	0.00291	0.00417	0.02017	0.00675	0.00593
5	0.00886	0.00633	0.00843	0.01012	0.01054	0.00590	0.00675	0.01012	0.01392	0.01856	0.04006	0.73979	0.04808	0.02277	0.00928	0.00295	0.00422	0.02066	0.00675	0.00590
6	0.01889	0.01670	0.01685	0.01506	0.01922	0.05104	0.01172	0.06365	0.62868	0.03043	0.02824	0.02607	0.02119	0.00970	0.00735	0.00243	0.00619	0.00798	0.00722	0.01140
7	0.07295	0.06228	0.01980	0.01427	0.01990	0.01707	0.01190	0.28725	0.04516	0.34140	0.02202	0.02036	0.01476	0.00861	0.00697	0.00218	0.00696	0.00662	0.00764	0.01189
8	0.01968	0.51955	0.16810	0.01457	0.02147	0.07724	0.01533	0.02321	0.01561	0.05084	0.01165	0.01312	0.00972	0.00658	0.00538	0.00176	0.00869	0.00440	0.00343	0.00968
9	0.01422	0.03420	0.62955	0.01945	0.02910	0.01574	0.02461	0.02177	0.01536	0.02285	0.05357	0.01801	0.01291	0.00832	0.00811	0.04277	0.01008	0.00588	0.00337	0.01012
10	0.01590	0.01590	0.02226	0.01908	0.01908	0.02226	0.01590	0.01749	0.01113	0.01749	0.00954	0.01590	0.00954	0.01272	0.02385	0.00318	0.73123	0.00636	0.00318	0.00795
11	0.01448	0.00918	0.01242	0.03211	0.05393	0.00927	0.06705	0.03792	0.01594	0.02657	0.02167	0.02541	0.01706	0.00956	0.02801	0.00214	0.00532	0.00694	0.59749	0.00753
12	0.00885	0.00708	0.00768	0.00810	0.00981	0.00617	0.00571	0.01037	0.01533	0.01883	0.06038	0.23250	0.47086	0.09100	0.01156	0.00303	0.00415	0.01618	0.00652	0.00591
13	0.79588	0.01406	0.01068	0.00956	0.01406	0.01631	0.00787	0.02137	0.01237	0.03261	0.01012	0.01181	0.00787	0.00675	0.00450	0.00225	0.00562	0.00394	0.00450	0.00787
14	0.01373	0.01292	0.02180	0.72707	0.05006	0.01615	0.02019	0.01857	0.01453	0.01857	0.01292	0.01938	0.00969	0.00727	0.00727	0.00242	0.00969	0.00646	0.00323	0.00807
15	0.01034	0.00739	0.00951	0.01068	0.01166	0.00720	0.00764	0.03399	0.03646	0.02107	0.07316	0.55606	0.04539	0.02065	0.00905	0.00287	0.00460	0.09042	0.03540	0.00647
16	0.01195	0.00866	0.01086	0.00949	0.01230	0.00750	0.00725	0.01522	0.01929	0.05355	0.50087	0.04671	0.09533	0.01306	0.00792	0.00207	0.00392	0.01138	0.00726	0.15541
17	0.01786	0.22971	0.22124	0.04363	0.07989	0.01903	0.01668	0.09349	0.01780	0.04597	0.05491	0.01876	0.01460	0.00759	0.00626	0.00200	0.00802	0.00588	0.08677	0.00989
18	0.01892	0.48792	0.09556	0.01496	0.02022	0.08040	0.01455	0.02164	0.01459	0.01778	0.01036	0.01292	0.00936	0.00762	0.00866	0.00196	0.14573	0.00456	0.00317	0.00913
19	0.01985	0.01434	0.05172	0.05260	0.04451	0.01372	0.01211	0.10644	0.17802	0.17495	0.16204	0.05152	0.02889	0.01070	0.00765	0.00233	0.00619	0.02688	0.00715	0.02839
20	0.04593	0.01498	0.02146	0.44902	0.03850	0.01838	0.01776	0.16062	0.01824	0.02484	0.01333	0.01820	0.01018	0.00832	0.00946	0.00247	0.10882	0.00637	0.00414	0.00898
21	0.01052	0.00723	0.00888	0.00888	0.00921	0.00756	0.00559	0.01118	0.01085	0.01480	0.02204	0.04276	0.02434	0.57001	0.20867	0.00822	0.01019	0.00987	0.00428	0.00493
22	0.01610	0.01779	0.03731	0.15099	0.03860	0.01734	0.52326	0.02178	0.01667	0.02227	0.01754	0.02225	0.04735	0.00698	0.00835	0.00245	0.01135	0.00857	0.00376	0.00931
23	0.00874	0.00737	0.00758	0.00752	0.00991	0.00620	0.00564	0.01073	0.01693	0.02049	0.12958	0.06855	0.63977	0.01809	0.00859	0.00244	0.00366	0.01514	0.00686	0.00620
24	0.01501	0.26154	0.35094	0.01592	0.02314	0.01853	0.01817	0.02004	0.01487	0.02021	0.01749	0.15885	0.01701	0.00985	0.00665	0.00219	0.00848	0.00795	0.00382	0.00932
25	0.02763	0.02036	0.02182	0.01672	0.02254	0.02254	0.01382	0.67496	0.03418	0.04581	0.01745	0.01745	0.01236	0.00873	0.00727	0.00218	0.00800	0.00654	0.00727	0.01236
26	0.02090	0.02094	0.01670	0.01472	0.01882	0.27509	0.01126	0.02811	0.20120	0.07412	0.02400	0.06537	0.06523	0.00963	0.00698	0.00205	0.00824	0.00751	0.00562	0.12352
27	0.03068	0.01453	0.01936	0.01472	0.02048	0.01373	0.04670	0.17687	0.02358	0.52161	0.02544	0.02285	0.01637	0.00878	0.00737	0.00224	0.00691	0.00721	0.00833	0.01223
28	0.00981	0.00741	0.00906	0.00865	0.01057	0.00666	0.00648	0.01280	0.01945	0.02649	0.52142	0.05868	0.24418	0.01585	0.00858	0.00233	0.00350	0.01376	0.00765	0.00666
29	0.02763	0.02036	0.02182	0.01672	0.02254	0.02254	0.01382	0.67496	0.03418	0.04581	0.01745	0.01745	0.01236	0.00873	0.00727	0.00218	0.00800	0.00654	0.00727	0.01236
30	0.24355	0.01318	0.01639	0.01284	0.01823	0.01261	0.04123	0.03095	0.01829	0.48576	0.02287	0.02091	0.01486	0.00824	0.00659	0.00226	0.00632	0.00643	0.00750	0.01100
31	0.02117	0.02553	0.04515	0.07867	0.10748	0.36322	0.11130	0.02448	0.01811	0.01984	0.03531	0.01766	0.01242	0.01060	0.05382	0.00274	0.03370	0.00616	0.00379	0.00885
32	0.01590	0.01590	0.02226	0.01908	0.01908	0.02226	0.01590	0.01749	0.01113	0.01749	0.00954	0.01590	0.00954	0.01272	0.02385	0.00318	0.73123	0.00636	0.00318	0.00795
33	0.01355	0.00678	0.00678	0.00678	0.00847	0.00678	0.00508	0.01694	0.01524	0.02710	0.02371	0.02710	0.01863	0.00847	0.00508	0.00169	0.00339	0.00678	0.78489	0.00678
34	0.01734	0.01566	0.02489	0.16337	0.44145	0.03856	0.01949	0.02149	0.01678	0.05502	0.05872	0.02450	0.01682	0.00811	0.00745	0.00228	0.00842	0.04513	0.00425	0.01024
35	0.00873	0.00732	0.00759	0.00764	0.00993	0.00618	0.00568	0.01066	0.01672	0.02027	0.11719	0.10329	0.61717	0.01838	0.00863	0.00247	0.00369	0.01546	0.00684	0.00618
36	0.01180	0.00922	0.01313	0.01255	0.01387	0.01104	0.00983	0.04468	0.01264	0.01819	0.01847	0.02750	0.01733	0.07755	0.57940	0.01013	0.09415	0.00770	0.00400	0.00683
37	0.01425	0.01345	0.02275	0.64316	0.12987	0.01629	0.02045	0.01903	0.01478	0.01921	0.01301	0.01921	0.00991	0.00717	0.00726	0.00239	0.00956	0.00646	0.00328	0.00850
38	0.01735	0.01642	0.02736	0.10481	0.57420	0.01686	0.02109	0.02257	0.05336	0.02356	0.01548	0.02119	0.01315	0.00728	0.00733	0.00225	0.00850	0.03235	0.00390	0.01100
39	0.01710	0.01615	0.02352	0.19293	0.29185	0.05582	0.04207	0.06284	0.05719	0.02364	0.01911	0.02540	0.04592	0.00852	0.00743	0.00229	0.00855	0.05197	0.00438	0.04334
40	0.01049	0.00785	0.00974	0.00933	0.01115	0.00742	0.00693	0.01459	0.06146	0.02702	0.51962	0.10160	0.13517	0.03398	0.00927	0.00248	0.00375	0.01354	0.00764	0.00694
41	0.05363	0.08684	0.01768	0.01304	0.01754	0.01541	0.01060	0.06158	0.26559	0.22905	0.09293	0.04488	0.03957	0.01007	0.00716	0.00228	0.00587	0.00822	0.00735	0.01072
42	0.18541	0.06557	0.04343	0.01536	0.05076	0.14976	0.01210	0.13659	0.05420	0.09664	0.05466	0.01910	0.01521	0.00994	0.03371	0.00248	0.00832	0.00602	0.03113	0.00961

[dist]
# distance from previous block
# <min> <max>
3	11

[block]
# block no. 2 follows, 28 sequences, length 24
# corresponding to MSA columns:
# 179-202
name=unknown_C
#
# <colnr> <probs for GDERKNQSTAVLIFYWHMCP>
#	G	D	E	R	K	N	Q	S	T	A	V	L	I	F	Y	W	H	M	C	P
0	0.07719	0.01831	0.01986	0.01551	0.02106	0.01993	0.01275	0.47841	0.08906	0.14382	0.01977	0.01906	0.01381	0.00874	0.00711	0.00222	0.00737	0.00664	0.00737	0.01200
1	0.01205	0.00787	0.00997	0.00919	0.01139	0.00709	0.00698	0.01515	0.01991	0.08964	0.52689	0.05428	0.17207	0.01493	0.00846	0.00231	0.00373	0.01299	0.00788	0.00724
2	0.01070	0.00700	0.00787	0.00794	0.00807	0.00698	0.00454	0.01098	0.01102	0.01514	0.02363	0.07328	0.02675	0.66676	0.03377	0.00653	0.00669	0.01071	0.05702	0.00462
3	0.00922	0.00660	0.00879	0.01014	0.01082	0.00617	0.00702	0.01091	0.01506	0.02031	0.13840	0.60321	0.05084	0.02145	0.00921	0.00287	0.00423	0.05173	0.00693	0.00609
4	0.01692	0.01866	0.10325	0.03878	0.56309	0.01629	0.02143	0.02162	0.01678	0.02415	0.07467	0.02095	0.01637	0.00728	0.00729	0.00219	0.00840	0.00695	0.00393	0.01101
5	0.01943	0.74891	0.03809	0.01244	0.01866	0.02876	0.01244	0.02177	0.01477	0.01710	0.01011	0.01166	0.00933	0.00622	0.00466	0.00155	0.00777	0.00389	0.00311	0.00933
6	0.02059	0.01799	0.01768	0.01550	0.01977	0.08568	0.01227	0.17410	0.43483	0.03194	0.02579	0.02741	0.02016	0.01008	0.00747	0.00241	0.00701	0.05128	0.00697	0.01107
7	0.02763	0.02036	0.02182	0.01672	0.02254	0.02254	0.01382	0.67496	0.03418	0.04581	0.01745	0.01745	0.01236	0.00873	0.00727	0.00218	0.00800	0.00654	0.00727	0.01236
8	0.01857	0.01586	0.01671	0.01489	0.01909	0.01831	0.01163	0.07154	0.65235	0.03120	0.02896	0.02662	0.02168	0.00980	0.00739	0.00245	0.00587	0.00813	0.00739	0.01155
9	0.02715	0.03464	0.02060	0.01873	0.02247	0.71536	0.01404	0.02903	0.02060	0.01779	0.01124	0.01311	0.00936	0.00749	0.00655	0.00187	0.01311	0.00468	0.00375	0.00843
10	0.79588	0.01406	0.01068	0.00956	0.01406	0.01631	0.00787	0.02137	0.01237	0.03261	0.01012	0.01181	0.00787	0.00675	0.00450	0.00225	0.00562	0.00394	0.00450	0.00787
11	0.01808	0.01561	0.01644	0.01479	0.01890	0.01808	0.01151	0.03863	0.68606	0.03041	0.02959	0.02712	0.02219	0.00986	0.00740	0.00247	0.00575	0.00822	0.00740	0.01151
12	0.01042	0.00764	0.01093	0.01093	0.01196	0.00868	0.00814	0.01250	0.01146	0.01632	0.02016	0.03238	0.01983	0.19326	0.57926	0.01075	0.01697	0.00835	0.00400	0.00607
13	0.00904	0.00657	0.00853	0.00975	0.01053	0.00606	0.00666	0.01066	0.01509	0.02015	0.13598	0.58559	0.10600	0.02128	0.00912	0.00282	0.00406	0.01914	0.00693	0.00606
14	0.02715	0.03464	0.02060	0.01873	0.02247	0.71536	0.01404	0.02903	0.02060	0.01779	0.01124	0.01311	0.00936	0.00749	0.00655	0.00187	0.01311	0.00468	0.00375	0.00843
15	0.01269	0.00634	0.00929	0.00929	0.00940	0.00634	0.00623	0.00997	0.00986	0.01360	0.01337	0.02243	0.01303	0.02412	0.02684	0.73556	0.00612	0.00634	0.05577	0.00340
16	0.01541	0.06078	0.54151	0.02308	0.09056	0.01754	0.07602	0.02354	0.04194	0.02317	0.01377	0.01624	0.01007	0.00690	0.00700	0.00228	0.01036	0.00578	0.00334	0.01071
17	0.01616	0.01540	0.02619	0.33805	0.42008	0.01679	0.02140	0.02070	0.01568	0.02152	0.01335	0.01859	0.01073	0.00682	0.00723	0.00227	0.00909	0.00647	0.00344	0.01004
18	0.00914	0.00647	0.00843	0.00979	0.01021	0.00610	0.00645	0.01034	0.01378	0.01844	0.06700	0.61854	0.04615	0.11701	0.01288	0.00346	0.00455	0.01901	0.00650	0.00575
19	0.01982	0.01988	0.02462	0.09852	0.36661	0.14214	0.01839	0.06527	0.12551	0.02460	0.01595	0.01868	0.01272	0.00741	0.00713	0.00218	0.00903	0.00644	0.00442	0.01069
20	0.01772	0.01699	0.02901	0.08873	0.65724	0.01720	0.02217	0.02207	0.01642	0.02341	0.01362	0.01808	0.01140	0.00653	0.00720	0.00218	0.00870	0.00648	0.00357	0.01129
21	0.12178	0.02561	0.02125	0.02014	0.09362	0.34939	0.04339	0.16873	0.02197	0.02702	0.03274	0.01591	0.01186	0.00771	0.00667	0.00206	0.01025	0.00561	0.00472	0.00957
22	0.35827	0.08397	0.01850	0.01324	0.01853	0.02042	0.01113	0.33356	0.02300	0.03750	0.01362	0.01449	0.01015	0.00764	0.00584	0.00215	0.00695	0.00518	0.00570	0.01015
23	0.01851	0.01394	0.01710	0.01253	0.01870	0.01175	0.03609	0.10679	0.01845	0.09820	0.03662	0.01781	0.01356	0.00653	0.00606	0.00144	0.00603	0.00537	0.00528	0.54925

[dist]
# distance from previous block
# <min> <max>
0	2

[block]
# block no. 3 follows, 28 sequences, length 33
# corresponding to MSA columns:
# 205-222,224-238
name=unknown_D
#
# <colnr> <probs for GDERKNQSTAVLIFYWHMCP>
#	G	D	E	R	K	N	Q	S	T	A	V	L	I	F	Y	W	H	M	C	P
0	0.01709	0.03409	0.61084	0.01963	0.02966	0.01602	0.02461	0.02475	0.01611	0.11783	0.01522	0.01665	0.01043	0.00720	0.00696	0.00229	0.01011	0.00564	0.00389	0.01097
1	0.01906	0.01020	0.01302	0.01136	0.01458	0.00960	0.00891	0.06943	0.04227	0.25118	0.25857	0.11445	0.06367	0.03529	0.00902	0.00255	0.00512	0.04482	0.00791	0.00903
2	0.01695	0.01870	0.07718	0.25929	0.33907	0.08506	0.02065	0.02147	0.01621	0.02134	0.01433	0.02081	0.01198	0.00751	0.00727	0.00228	0.00948	0.03696	0.00360	0.00981
3	0.00935	0.00698	0.00869	0.00913	0.01050	0.00633	0.00652	0.01158	0.01708	0.02289	0.30098	0.32531	0.20055	0.01874	0.00885	0.00258	0.00379	0.01657	0.00723	0.00633
4	0.01611	0.04349	0.02597	0.23199	0.06065	0.05873	0.19312	0.02035	0.01539	0.02123	0.01457	0.01954	0.01155	0.00779	0.00922	0.00233	0.10073	0.00687	0.13185	0.00853
5	0.01590	0.01590	0.02226	0.01908	0.01908	0.02226	0.01590	0.01749	0.01113	0.01749	0.00954	0.01590	0.00954	0.01272	0.02385	0.00318	0.73123	0.00636	0.00318	0.00795
6	0.79588	0.01406	0.01068	0.00956	0.01406	0.01631	0.00787	0.02137	0.01237	0.03261	0.01012	0.01181	0.00787	0.00675	0.00450	0.00225	0.00562	0.00394	0.00450	0.00787
7	0.01974	0.72036	0.03739	0.01269	0.01881	0.05621	0.01250	0.02206	0.01500	0.01713	0.01015	0.01172	0.00933	0.00627	0.00474	0.00157	0.00799	0.00392	0.00313	0.00929
8	0.00859	0.00736	0.00736	0.00736	0.00982	0.00614	0.00552	0.01043	0.01657	0.01964	0.07364	0.06996	0.69624	0.01841	0.00859	0.00245	0.00368	0.01534	0.00675	0.00614
9	0.00866	0.00737	0.00746	0.00744	0.00986	0.00617	0.00558	0.01057	0.01674	0.02004	0.09994	0.06929	0.66969	0.01826	0.00859	0.00245	0.00367	0.01525	0.00680	0.00617
10	0.02786	0.02000	0.02159	0.01655	0.02236	0.02200	0.01367	0.64573	0.03357	0.07590	0.01797	0.01779	0.01262	0.00874	0.00727	0.00218	0.00792	0.00658	0.00735	0.01236
11	0.00997	0.00714	0.00821	0.00847	0.00923	0.00670	0.00532	0.01071	0.01260	0.01650	0.03560	0.21921	0.14817	0.41507	0.02414	0.00503	0.00571	0.01364	0.00538	0.03321
12	0.03102	0.01390	0.01774	0.01357	0.01926	0.01288	0.01120	0.15548	0.02312	0.55460	0.02597	0.02301	0.01666	0.00881	0.00723	0.00219	0.00650	0.00705	0.00850	0.04131
13	0.02573	0.01100	0.01449	0.01170	0.01584	0.00988	0.00919	0.02875	0.04284	0.48348	0.10278	0.03214	0.02532	0.13819	0.01264	0.00310	0.00601	0.00857	0.00803	0.01033
14	0.01860	0.01248	0.01515	0.01114	0.01715	0.00974	0.00896	0.02175	0.01663	0.17168	0.05568	0.01943	0.01567	0.00671	0.00599	0.00140	0.00544	0.00547	0.00554	0.57536
15	0.01507	0.01292	0.01507	0.01077	0.01723	0.00969	0.00861	0.01830	0.01507	0.02369	0.01292	0.01507	0.01077	0.00538	0.00538	0.00108	0.00538	0.00431	0.00431	0.78898
16	0.01664	0.08240	0.13858	0.02467	0.03058	0.02001	0.35237	0.02165	0.01515	0.02126	0.01276	0.01735	0.01023	0.00793	0.01187	0.00254	0.19403	0.00713	0.00341	0.00944
17	0.01598	0.01613	0.02351	0.01978	0.02023	0.02203	0.05557	0.01784	0.01150	0.01784	0.00985	0.01613	0.00963	0.01232	0.02293	0.00314	0.68782	0.00650	0.00321	0.00806
18	0.04708	0.13385	0.58711	0.01913	0.02900	0.01848	0.02411	0.02278	0.01515	0.02260	0.01252	0.01470	0.00917	0.00681	0.00650	0.00220	0.01013	0.00511	0.00313	0.01043
19	0.01402	0.01072	0.01464	0.04302	0.11649	0.04140	0.03218	0.01646	0.01626	0.08986	0.09566	0.36145	0.08641	0.01606	0.00843	0.00258	0.00583	0.01444	0.00626	0.00782
20	0.03197	0.01340	0.01751	0.01342	0.01907	0.01221	0.01109	0.11772	0.02253	0.61950	0.02723	0.02380	0.01727	0.00896	0.00731	0.00224	0.00642	0.00721	0.00877	0.01237
21	0.01055	0.00713	0.00835	0.00835	0.00850	0.00728	0.00493	0.01084	0.01070	0.01441	0.02252	0.04542	0.02550	0.66664	0.11362	0.00757	0.00845	0.01026	0.00435	0.00464
22	0.03108	0.01271	0.01682	0.01313	0.01859	0.01146	0.01077	0.03576	0.09093	0.63320	0.02877	0.02499	0.01844	0.00909	0.00732	0.00227	0.00614	0.00741	0.00883	0.01228
23	0.01057	0.00705	0.00793	0.00793	0.00793	0.00705	0.00440	0.01057	0.01057	0.01409	0.02290	0.04757	0.02643	0.74454	0.03700	0.00705	0.00705	0.01057	0.00440	0.00440
24	0.01029	0.00743	0.00972	0.00914	0.01086	0.00686	0.00686	0.01372	0.02058	0.02915	0.69536	0.05430	0.06859	0.01486	0.00857	0.00229	0.00343	0.01315	0.00800	0.00686
25	0.01045	0.00752	0.01031	0.01031	0.01113	0.00834	0.00737	0.01210	0.01128	0.01586	0.02073	0.03552	0.02120	0.30723	0.46715	0.00998	0.01492	0.00881	0.00408	0.00573
26	0.01373	0.01292	0.02180	0.72707	0.05006	0.01615	0.02019	0.01857	0.01453	0.01857	0.01292	0.01938	0.00969	0.00727	0.00727	0.00242	0.00969	0.00646	0.00323	0.00807
27	0.01515	0.12180	0.62771	0.01974	0.02995	0.01829	0.02515	0.02287	0.01528	0.02232	0.01270	0.01491	0.00922	0.00682	0.00664	0.00221	0.01039	0.00520	0.00307	0.01058
28	0.01138	0.00765	0.00990	0.00929	0.01122	0.00698	0.00698	0.01456	0.01997	0.06686	0.58004	0.08966	0.10748	0.01518	0.00854	0.00233	0.00365	0.01335	0.00791	0.00708
29	0.01353	0.04828	0.01405	0.01232	0.01417	0.01071	0.03062	0.07879	0.01677	0.06159	0.08364	0.45854	0.03832	0.01782	0.00973	0.00271	0.05890	0.01558	0.00647	0.00745
30	0.16122	0.01265	0.01550	0.11115	0.08789	0.01358	0.01158	0.10689	0.03833	0.06690	0.13688	0.03234	0.07803	0.06314	0.00932	0.00267	0.00644	0.03106	0.00580	0.00863
31	0.02413	0.02054	0.01928	0.01574	0.02009	0.15090	0.01258	0.40392	0.02742	0.03557	0.07254	0.02108	0.01710	0.03112	0.00887	0.00230	0.04626	0.00686	0.05332	0.01036
32	0.02200	0.04328	0.01753	0.01473	0.01881	0.19597	0.01159	0.08199	0.23026	0.12505	0.07165	0.02848	0.06135	0.01017	0.00732	0.00225	0.00772	0.03333	0.00651	0.01000

[dist]
# distance from previous block
# <min> <max>
8	28

[block]
# block no. 4 follows, 28 sequences, length 64
# corresponding to MSA columns:
# 268-331
name=unknown_E
#
# <colnr> <probs for GDERKNQSTAVLIFYWHMCP>
#	G	D	E	R	K	N	Q	S	T	A	V	L	I	F	Y	W	H	M	C	P
0	0.01508	0.11984	0.55520	0.02024	0.06108	0.01776	0.02379	0.02231	0.01563	0.02269	0.05097	0.01722	0.01266	0.00725	0.00675	0.00221	0.00988	0.00568	0.00338	0.01039
1	0.05969	0.22990	0.48581	0.01784	0.02700	0.02008	0.02187	0.02259	0.01502	0.02195	0.01208	0.01415	0.00917	0.00671	0.00616	0.00210	0.00965	0.00489	0.00316	0.01020
2	0.01087	0.00822	0.00969	0.00951	0.01038	0.00862	0.00644	0.01298	0.05442	0.01737	0.05327	0.11230	0.14196	0.38549	0.07550	0.00553	0.05471	0.01179	0.00521	0.00575
3	0.22452	0.01133	0.01258	0.07845	0.01718	0.01225	0.00934	0.02147	0.12042	0.07542	0.27905	0.03380	0.05490	0.01089	0.00709	0.00232	0.00517	0.00894	0.00654	0.00832
4	0.04846	0.01480	0.01600	0.01284	0.01735	0.01552	0.01036	0.35054	0.02498	0.07370	0.02163	0.06017	0.03545	0.00933	0.00665	0.00202	0.00620	0.00735	0.18046	0.08620
5	0.01487	0.08546	0.59306	0.01969	0.02930	0.01707	0.04426	0.02205	0.01497	0.02192	0.01286	0.01566	0.00950	0.00804	0.00822	0.05413	0.01029	0.00543	0.00310	0.01011
6	0.02202	0.02391	0.01792	0.01580	0.01943	0.35099	0.01221	0.13598	0.07649	0.02398	0.02623	0.02660	0.14878	0.01043	0.00830	0.00218	0.05712	0.00754	0.00522	0.00886
7	0.01799	0.01727	0.02950	0.04462	0.69919	0.01727	0.02231	0.02231	0.01655	0.02375	0.01367	0.01799	0.01151	0.00648	0.00720	0.00216	0.00864	0.00648	0.00360	0.01151
8	0.01397	0.01316	0.02223	0.68882	0.08645	0.01621	0.02031	0.01878	0.01465	0.01886	0.01296	0.01930	0.00979	0.00722	0.00726	0.00241	0.00963	0.00646	0.00325	0.00827
9	0.01122	0.00929	0.01467	0.01346	0.01550	0.00873	0.11309	0.03320	0.01543	0.02077	0.06982	0.46193	0.05825	0.05887	0.01049	0.00298	0.00583	0.03724	0.00613	0.03308
10	0.01747	0.01674	0.02856	0.12790	0.61998	0.01713	0.02205	0.02185	0.01631	0.02312	0.01358	0.01816	0.01129	0.00657	0.00720	0.00219	0.00876	0.00647	0.00355	0.01109
11	0.79588	0.01406	0.01068	0.00956	0.01406	0.01631	0.00787	0.02137	0.01237	0.03261	0.01012	0.01181	0.00787	0.00675	0.00450	0.00225	0.00562	0.00394	0.00450	0.00787
12	0.00864	0.00718	0.00755	0.00784	0.00994	0.00610	0.00573	0.01038	0.01611	0.01945	0.06782	0.18594	0.58401	0.01917	0.00871	0.00254	0.00377	0.01626	0.00675	0.00610
13	0.79588	0.01406	0.01068	0.00956	0.01406	0.01631	0.00787	0.02137	0.01237	0.03261	0.01012	0.01181	0.00787	0.00675	0.00450	0.00225	0.00562	0.00394	0.00450	0.00787
14	0.00861	0.00730	0.00743	0.00755	0.00987	0.00612	0.00560	0.01041	0.01639	0.01957	0.07142	0.11416	0.65347	0.01870	0.00864	0.00249	0.00372	0.01569	0.00675	0.00612
15	0.73687	0.01396	0.01089	0.00968	0.01411	0.01611	0.00795	0.04318	0.01323	0.03282	0.01094	0.01265	0.00848	0.00689	0.00462	0.00222	0.00561	0.00414	0.03767	0.00798
16	0.14990	0.01388	0.01624	0.01304	0.01825	0.01385	0.01065	0.08849	0.13459	0.42669	0.02495	0.02249	0.01664	0.00877	0.00688	0.00228	0.00618	0.00687	0.00787	0.01151
17	0.01778	0.01440	0.01639	0.01215	0.01820	0.01258	0.00977	0.17377	0.01956	0.02872	0.01517	0.04694	0.01276	0.00693	0.00600	0.00142	0.00595	0.00554	0.00512	0.57087
18	0.01654	0.15302	0.53409	0.01919	0.02854	0.08395	0.02332	0.02338	0.01574	0.02157	0.01240	0.01454	0.00924	0.00685	0.00651	0.00214	0.01048	0.00507	0.00314	0.01030
19	0.79588	0.01406	0.01068	0.00956	0.01406	0.01631	0.00787	0.02137	0.01237	0.03261	0.01012	0.01181	0.00787	0.00675	0.00450	0.00225	0.00562	0.00394	0.00450	0.00787
20	0.01507	0.01292	0.01507	0.01077	0.01723	0.00969	0.00861	0.01830	0.01507	0.02369	0.01292	0.01507	0.01077	0.00538	0.00538	0.00108	0.00538	0.00431	0.00431	0.78898
21	0.00870	0.00729	0.00757	0.00767	0.00993	0.00616	0.00569	0.01059	0.01658	0.02007	0.10484	0.12103	0.61188	0.01855	0.00864	0.00248	0.00371	0.01563	0.00682	0.00616
22	0.02763	0.02036	0.02182	0.01672	0.02254	0.02254	0.01382	0.67496	0.03418	0.04581	0.01745	0.01745	0.01236	0.00873	0.00727	0.00218	0.00800	0.00654	0.00727	0.01236
23	0.00886	0.00633	0.00843	0.01012	0.01054	0.00590	0.00675	0.01012	0.01392	0.01856	0.04006	0.73979	0.04808	0.02277	0.00928	0.00295	0.00422	0.02066	0.00675	0.00590
24	0.01943	0.74891	0.03809	0.01244	0.01866	0.02876	0.01244	0.02177	0.01477	0.01710	0.01011	0.01166	0.00933	0.00622	0.00466	0.00155	0.00777	0.00389	0.00311	0.00933
25	0.01943	0.74891	0.03809	0.01244	0.01866	0.02876	0.01244	0.02177	0.01477	0.01710	0.01011	0.01166	0.00933	0.00622	0.00466	0.00155	0.00777	0.00389	0.00311	0.00933
26	0.01057	0.00705	0.00793	0.00793	0.00793	0.00705	0.00440	0.01057	0.01057	0.01409	0.02290	0.04757	0.02643	0.74454	0.03700	0.00705	0.00705	0.01057	0.00440	0.00440
27	0.01440	0.01361	0.02302	0.61960	0.15229	0.01633	0.02052	0.01916	0.01485	0.01939	0.01304	0.01916	0.00998	0.00714	0.00726	0.00238	0.00952	0.00646	0.00329	0.00862
28	0.05041	0.01901	0.02018	0.01574	0.02115	0.02106	0.01293	0.57651	0.06749	0.04333	0.01829	0.01843	0.01317	0.00871	0.00705	0.00217	0.00750	0.00657	0.05851	0.01181
29	0.00912	0.00651	0.00873	0.01042	0.01095	0.00613	0.00720	0.01057	0.01417	0.01885	0.03992	0.68003	0.04751	0.02253	0.00935	0.00299	0.00444	0.07787	0.00674	0.00598
30	0.01716	0.01961	0.04289	0.03064	0.03799	0.01838	0.67279	0.02328	0.01716	0.02328	0.01471	0.01961	0.01103	0.00613	0.00858	0.00245	0.01225	0.00858	0.00368	0.00980
31	0.01385	0.01308	0.02183	0.68857	0.04838	0.01648	0.01995	0.01851	0.01435	0.01851	0.01274	0.01919	0.00968	0.00756	0.00817	0.00246	0.04892	0.00645	0.00323	0.00807
32	0.02763	0.02036	0.02182	0.01672	0.02254	0.02254	0.01382	0.67496	0.03418	0.04581	0.01745	0.01745	0.01236	0.00873	0.00727	0.00218	0.00800	0.00654	0.00727	0.01236
33	0.02715	0.03464	0.02060	0.01873	0.02247	0.71536	0.01404	0.02903	0.02060	0.01779	0.01124	0.01311	0.00936	0.00749	0.00655	0.00187	0.01311	0.00468	0.00375	0.00843
34	0.01777	0.01517	0.01741	0.06323	0.05895	0.01732	0.01283	0.07003	0.50977	0.02937	0.02769	0.03032	0.02192	0.01033	0.00760	0.00251	0.00638	0.06365	0.00684	0.01091
35	0.01458	0.03760	0.70688	0.02072	0.03146	0.01688	0.02686	0.02302	0.01535	0.02302	0.01304	0.01535	0.00921	0.00691	0.00691	0.00230	0.01074	0.00537	0.00307	0.01074
36	0.00886	0.00633	0.00843	0.01012	0.01054	0.00590	0.00675	0.01012	0.01392	0.01856	0.04006	0.73979	0.04808	0.02277	0.00928	0.00295	0.00422	0.02066	0.00675	0.00590
37	0.01373	0.01292	0.02180	0.72707	0.05006	0.01615	0.02019	0.01857	0.01453	0.01857	0.01292	0.01938	0.00969	0.00727	0.00727	0.00242	0.00969	0.00646	0.00323	0.00807
38	0.01784	0.01712	0.02923	0.06859	0.67639	0.01723	0.02223	0.02218	0.01648	0.02357	0.01365	0.01804	0.01145	0.00650	0.00720	0.00217	0.00867	0.00648	0.00359	0.01139
39	0.01699	0.01928	0.04187	0.06432	0.03857	0.01827	0.64123	0.02306	0.01703	0.02306	0.01462	0.01960	0.01096	0.00618	0.00852	0.00245	0.01213	0.00848	0.00365	0.00972
40	0.00886	0.00633	0.00843	0.01012	0.01054	0.00590	0.00675	0.01012	0.01392	0.01856	0.04006	0.73979	0.04808	0.02277	0.00928	0.00295	0.00422	0.02066	0.00675	0.00590
41	0.01458	0.03760	0.70688	0.02072	0.03146	0.01688	0.02686	0.02302	0.01535	0.02302	0.01304	0.01535	0.00921	0.00691	0.00691	0.00230	0.01074	0.00537	0.00307	0.01074
42	0.02573	0.15905	0.02362	0.05421	0.02255	0.20217	0.01340	0.22939	0.04245	0.13488	0.01632	0.01676	0.01203	0.00793	0.00660	0.00202	0.00903	0.00572	0.00563	0.01051
43	0.01746	0.01956	0.03561	0.02660	0.03164	0.06547	0.44426	0.02203	0.01569	0.02129	0.01302	0.01814	0.01050	0.00808	0.01275	0.00262	0.21487	0.00770	0.00354	0.00919
44	0.01029	0.00743	0.00972	0.00914	0.01086	0.00686	0.00686	0.01372	0.02058	0.02915	0.69536	0.05430	0.06859	0.01486	0.00857	0.00229	0.00343	0.01315	0.00800	0.00686
45	0.01372	0.00834	0.01136	0.01249	0.05734	0.00763	0.00835	0.01582	0.01649	0.13802	0.13604	0.40796	0.10220	0.01778	0.00864	0.00264	0.00468	0.01585	0.00711	0.00754
46	0.01799	0.01706	0.04651	0.01542	0.01972	0.05468	0.04043	0.07562	0.47281	0.02911	0.04846	0.06689	0.04190	0.01049	0.00755	0.00243	0.00658	0.00886	0.00681	0.01068
47	0.00879	0.00737	0.00764	0.00757	0.00994	0.00622	0.00568	0.01082	0.01704	0.02076	0.14719	0.06810	0.62199	0.01799	0.00859	0.00243	0.00365	0.01508	0.00690	0.00622
48	0.01996	0.63706	0.07266	0.01353	0.01974	0.09846	0.01339	0.02258	0.01540	0.01749	0.01038	0.01201	0.00933	0.00639	0.00498	0.00163	0.00848	0.00405	0.00317	0.00931
49	0.02224	0.01602	0.01834	0.04069	0.04949	0.01768	0.01260	0.16583	0.39347	0.14304	0.02573	0.02412	0.01863	0.00926	0.00734	0.00236	0.00654	0.00760	0.00733	0.01170
50	0.00886	0.00633	0.00843	0.01012	0.01054	0.00590	0.00675	0.01012	0.01392	0.01856	0.04006	0.73979	0.04808	0.02277	0.00928	0.00295	0.00422	0.02066	0.00675	0.00590
51	0.01438	0.01415	0.02539	0.58733	0.04707	0.01672	0.13074	0.01934	0.01488	0.01934	0.01312	0.01931	0.00991	0.00724	0.00800	0.00245	0.03216	0.00682	0.00330	0.00836
52	0.02469	0.09333	0.02133	0.01674	0.02111	0.38340	0.01316	0.15831	0.12415	0.02557	0.01560	0.01646	0.01224	0.00802	0.00660	0.00199	0.01014	0.00559	0.03187	0.00971
53	0.01517	0.12339	0.62621	0.01972	0.02992	0.01831	0.02512	0.02287	0.01528	0.02231	0.01269	0.01490	0.00922	0.00682	0.00664	0.00221	0.01038	0.00519	0.00307	0.01057
54	0.02543	0.02864	0.02024	0.01769	0.02151	0.47814	0.01364	0.16413	0.02288	0.02446	0.05759	0.01692	0.01392	0.00857	0.00793	0.00205	0.05665	0.00574	0.00474	0.00913
55	0.01382	0.01273	0.02101	0.65387	0.04632	0.01594	0.01916	0.01843	0.01441	0.01898	0.01334	0.01963	0.01017	0.00760	0.00795	0.00242	0.04425	0.00647	0.04550	0.00800
56	0.02829	0.01399	0.05400	0.01343	0.01881	0.01189	0.01147	0.09197	0.04131	0.51369	0.05579	0.06995	0.02116	0.01000	0.00746	0.00230	0.00635	0.00825	0.00828	0.01161
57	0.02144	0.01157	0.01396	0.01174	0.01573	0.01117	0.00932	0.09037	0.10642	0.28934	0.11926	0.07396	0.13283	0.01202	0.00768	0.00232	0.00533	0.01005	0.04555	0.00996
58	0.01068	0.00782	0.00990	0.00943	0.01127	0.00731	0.00712	0.03493	0.02019	0.02806	0.56289	0.09259	0.11923	0.01556	0.00862	0.00237	0.00375	0.03362	0.00776	0.00692
59	0.01557	0.18780	0.53140	0.05312	0.02964	0.01937	0.02347	0.02254	0.01518	0.02155	0.01241	0.01476	0.00926	0.00678	0.00645	0.00215	0.01006	0.00511	0.00309	0.01031
60	0.01422	0.01348	0.02159	0.38968	0.03538	0.01708	0.05264	0.01786	0.01350	0.01869	0.01362	0.04334	0.01176	0.01198	0.05085	0.00315	0.22717	0.00711	0.02898	0.00793
61	0.01566	0.01555	0.02181	0.01876	0.01882	0.02170	0.01561	0.01730	0.01116	0.01747	0.00997	0.01645	0.00991	0.01453	0.05374	0.00355	0.70049	0.00642	0.00321	0.00789
62	0.01456	0.05648	0.61274	0.02043	0.03030	0.01673	0.06045	0.02230	0.01535	0.02261	0.01451	0.05465	0.01141	0.00770	0.00706	0.00232	0.01038	0.00633	0.00330	0.01039
63	0.02326	0.02318	0.01980	0.01928	0.08947	0.28844	0.01389	0.20482	0.06711	0.02792	0.01816	0.02423	0.01541	0.00935	0.00718	0.00218	0.00950	0.07802	0.04906	0.00974

[dist]
# distance from previous block
# <min> <max>
1	15

[block]
# block no. 5 follows, 28 sequences, length 66
# corresponding to MSA columns:
# 347-412
name=unknown_F
#
# <colnr> <probs for GDERKNQSTAVLIFYWHMCP>
#	G	D	E	R	K	N	Q	S	T	A	V	L	I	F	Y	W	H	M	C	P
0	0.01120	0.00883	0.01209	0.01471	0.08954	0.00843	0.01047	0.01403	0.01654	0.02141	0.07608	0.14175	0.21596	0.01816	0.00918	0.00288	0.00568	0.30962	0.00643	0.00701
1	0.01782	0.01710	0.02920	0.07192	0.67323	0.01723	0.02222	0.02216	0.01647	0.02354	0.01364	0.01805	0.01144	0.00651	0.00720	0.00217	0.00868	0.00648	0.00358	0.01138
2	0.01646	0.03099	0.47565	0.02246	0.06195	0.01743	0.11786	0.09939	0.01784	0.02563	0.01472	0.03998	0.01122	0.00751	0.00728	0.00232	0.01033	0.00652	0.00380	0.01068
3	0.01266	0.00892	0.01051	0.01086	0.01272	0.03207	0.00825	0.03455	0.01704	0.07780	0.11228	0.31868	0.16107	0.01856	0.00890	0.00275	0.00508	0.13332	0.00697	0.00701
4	0.01694	0.01620	0.02760	0.21333	0.53872	0.01699	0.02178	0.02138	0.01605	0.02247	0.01349	0.01833	0.01106	0.00667	0.00721	0.00222	0.00890	0.00647	0.00351	0.01066
5	0.01500	0.09894	0.64920	0.02000	0.03036	0.01791	0.02561	0.02291	0.01530	0.02251	0.01279	0.01503	0.00922	0.00685	0.00671	0.00224	0.01049	0.00524	0.00307	0.01062
6	0.02695	0.01985	0.02133	0.01648	0.02210	0.02193	0.01356	0.65066	0.03344	0.04482	0.01828	0.04385	0.01367	0.00924	0.00734	0.00221	0.00786	0.00706	0.00725	0.01213
7	0.01073	0.00829	0.00989	0.00934	0.01148	0.00789	0.00705	0.01562	0.09087	0.02707	0.47951	0.05503	0.20960	0.01515	0.00845	0.00234	0.00374	0.01313	0.00765	0.00719
8	0.02826	0.01616	0.01883	0.01478	0.02025	0.01672	0.01210	0.29817	0.13222	0.32695	0.02422	0.02213	0.01635	0.00902	0.00731	0.00226	0.00686	0.00714	0.00803	0.01223
9	0.01734	0.01694	0.02791	0.12927	0.51804	0.03587	0.05716	0.02214	0.03551	0.02295	0.01599	0.02009	0.03396	0.00708	0.00732	0.00222	0.00885	0.00688	0.00377	0.01071
10	0.02181	0.01622	0.01787	0.01402	0.01909	0.01685	0.01134	0.40919	0.02626	0.03649	0.01861	0.06877	0.01524	0.01095	0.03745	0.00237	0.00732	0.00712	0.06444	0.17857
11	0.01066	0.00801	0.01147	0.01134	0.01235	0.00929	0.00855	0.01275	0.01146	0.01641	0.01965	0.03138	0.01926	0.17502	0.56554	0.01049	0.04802	0.00822	0.00395	0.00618
12	0.01292	0.01190	0.04571	0.01329	0.01500	0.05031	0.03151	0.01569	0.03883	0.04960	0.08226	0.42645	0.03665	0.01749	0.01089	0.00278	0.11051	0.01497	0.00601	0.00725
13	0.01985	0.45424	0.14091	0.01643	0.04970	0.14787	0.01555	0.02314	0.01585	0.01846	0.01091	0.01291	0.00941	0.00678	0.00609	0.00181	0.03296	0.00445	0.00324	0.00944
14	0.01669	0.02303	0.17275	0.02939	0.07018	0.01803	0.51288	0.02318	0.01677	0.02326	0.01433	0.01869	0.01070	0.00630	0.00818	0.00241	0.01177	0.00784	0.00355	0.01008
15	0.00894	0.00654	0.00841	0.00972	0.01048	0.00601	0.00661	0.01045	0.01477	0.01954	0.09702	0.60498	0.12656	0.02162	0.00914	0.00284	0.00409	0.01943	0.00685	0.00601
16	0.01868	0.01820	0.02450	0.03108	0.38120	0.11244	0.05894	0.04964	0.04132	0.04753	0.02387	0.02595	0.11718	0.00873	0.00742	0.00220	0.00851	0.00782	0.00458	0.01021
17	0.05113	0.09250	0.54093	0.02111	0.08398	0.01754	0.02376	0.02248	0.01543	0.02324	0.03510	0.01638	0.01129	0.00707	0.00669	0.00223	0.00985	0.00553	0.00334	0.01043
18	0.00909	0.00656	0.00862	0.00997	0.01068	0.00610	0.00685	0.01069	0.01488	0.01990	0.11534	0.60907	0.08300	0.02158	0.00919	0.00286	0.00418	0.03850	0.00689	0.00605
19	0.01755	0.05633	0.03227	0.17274	0.03468	0.10257	0.31894	0.02199	0.01594	0.02040	0.01286	0.01779	0.01023	0.00758	0.01029	0.00245	0.12587	0.00708	0.00348	0.00896
20	0.01705	0.17786	0.09516	0.02120	0.02610	0.04034	0.22885	0.02092	0.01467	0.01987	0.01353	0.01760	0.02951	0.00866	0.01228	0.00245	0.23477	0.00666	0.00343	0.00907
21	0.01485	0.01202	0.01665	0.01486	0.01790	0.01235	0.09269	0.13185	0.10136	0.02635	0.05607	0.26498	0.05957	0.01571	0.00870	0.00272	0.00647	0.12992	0.00657	0.00839
22	0.00915	0.00669	0.00863	0.00976	0.01067	0.00617	0.00680	0.01090	0.01538	0.02048	0.14831	0.53071	0.12561	0.02092	0.00911	0.00280	0.00412	0.04073	0.00695	0.00611
23	0.01725	0.42850	0.33935	0.01617	0.02442	0.02341	0.01893	0.02233	0.01503	0.01977	0.01143	0.01332	0.00927	0.00653	0.00567	0.00189	0.00911	0.00456	0.00309	0.00997
24	0.03927	0.01208	0.04533	0.01189	0.01545	0.01113	0.00970	0.04684	0.16140	0.16156	0.21780	0.12032	0.09094	0.01303	0.00792	0.00241	0.00515	0.01114	0.00746	0.00918
25	0.01784	0.01702	0.02849	0.06711	0.63744	0.01728	0.02162	0.02311	0.05461	0.02394	0.01455	0.01856	0.01206	0.00670	0.00721	0.00219	0.00851	0.00658	0.00380	0.01139
26	0.06033	0.02092	0.10872	0.02994	0.10711	0.01799	0.49861	0.02305	0.01664	0.02383	0.01417	0.01856	0.01072	0.00628	0.00803	0.00239	0.01134	0.00776	0.00365	0.00998
27	0.01762	0.01810	0.06344	0.07486	0.63548	0.01720	0.02244	0.02217	0.01640	0.02347	0.01361	0.01792	0.01131	0.00653	0.00718	0.00218	0.00879	0.00642	0.00355	0.01132
28	0.01478	0.06717	0.67908	0.02037	0.03093	0.01738	0.02626	0.02297	0.01532	0.02277	0.01292	0.01519	0.00921	0.00688	0.00681	0.00227	0.01062	0.00531	0.00307	0.01068
29	0.00911	0.00651	0.00870	0.01025	0.01082	0.00610	0.00704	0.01062	0.01448	0.01938	0.07989	0.66058	0.04897	0.02214	0.00928	0.00293	0.00431	0.05607	0.00682	0.00601
30	0.14595	0.01204	0.04546	0.01194	0.01580	0.01089	0.03685	0.02237	0.05646	0.19458	0.28792	0.06996	0.03735	0.01147	0.00748	0.00232	0.00534	0.00975	0.00716	0.00890
31	0.01679	0.20217	0.39914	0.02033	0.02917	0.02022	0.13733	0.05281	0.01640	0.02272	0.01285	0.01533	0.00970	0.00669	0.00669	0.00215	0.01018	0.00564	0.00338	0.01032
32	0.01382	0.00947	0.01145	0.01042	0.01293	0.00920	0.00795	0.08469	0.05781	0.07907	0.38676	0.12584	0.13221	0.01484	0.00836	0.00238	0.00436	0.01287	0.00767	0.00790
33	0.06173	0.02954	0.02148	0.01850	0.02268	0.49230	0.04465	0.14854	0.02220	0.02395	0.01244	0.01428	0.00994	0.00784	0.00741	0.00203	0.04164	0.00525	0.00441	0.00918
34	0.01557	0.01480	0.02513	0.43217	0.33056	0.01663	0.02110	0.02019	0.01541	0.02081	0.01325	0.01878	0.01048	0.00693	0.00724	0.00231	0.00923	0.00647	0.00339	0.00956
35	0.01396	0.00946	0.01074	0.00981	0.01270	0.00885	0.00752	0.08045	0.04589	0.10459	0.15058	0.12852	0.35714	0.01595	0.00833	0.00243	0.00451	0.01350	0.00728	0.00778
36	0.02455	0.01780	0.01913	0.01506	0.01991	0.01955	0.01217	0.54977	0.03016	0.04089	0.01917	0.04701	0.01527	0.06989	0.00964	0.00258	0.00746	0.00741	0.06151	0.01108
37	0.03150	0.01357	0.01754	0.01351	0.01912	0.01254	0.01114	0.12411	0.04203	0.59340	0.02715	0.02380	0.01734	0.00898	0.00731	0.00225	0.00642	0.00723	0.00871	0.01234
38	0.01458	0.03760	0.70688	0.02072	0.03146	0.01688	0.02686	0.02302	0.01535	0.02302	0.01304	0.01535	0.00921	0.00691	0.00691	0.00230	0.01074	0.00537	0.00307	0.01074
39	0.01720	0.01944	0.04179	0.02998	0.03720	0.01837	0.64531	0.02392	0.04496	0.02358	0.01532	0.01992	0.01149	0.00628	0.00853	0.00245	0.01198	0.00856	0.00383	0.00987
