[name]
unknown

[dist]
# distance from previous block
# <min> <max>
0	32

[block]
# block no. 0 follows, 29 sequences, length 23
# corresponding to MSA columns:
# 32-54
name=unknown_A
#
# <colnr> <probs for GDERKNQSTAVLIFYWHMCP>
#	G	D	E	R	K	N	Q	S	T	A	V	L	I	F	Y	W	H	M	C	P
0	0.01161	0.00962	0.04638	0.01347	0.01555	0.00861	0.01221	0.01514	0.01632	0.02137	0.03646	0.07707	0.03939	0.01903	0.00968	0.00323	0.00675	0.62495	0.00638	0.00675
1	0.01449	0.03535	0.65638	0.02111	0.03136	0.01666	0.08130	0.02257	0.01518	0.02257	0.01292	0.01539	0.00917	0.00670	0.00690	0.00227	0.01065	0.00553	0.00306	0.01045
2	0.01576	0.10291	0.59207	0.01938	0.02892	0.07694	0.02395	0.02293	0.01541	0.02158	0.01236	0.01452	0.00904	0.00675	0.00653	0.00215	0.01045	0.00507	0.00307	0.01020
3	0.01017	0.00763	0.01144	0.01144	0.01272	0.00890	0.00890	0.01272	0.01144	0.01653	0.01907	0.02797	0.01780	0.05340	0.72153	0.01144	0.01907	0.00763	0.00381	0.00636
4	0.01567	0.01319	0.01525	0.01098	0.01726	0.01042	0.00881	0.06683	0.01614	0.02480	0.01298	0.01494	0.01066	0.00551	0.00541	0.00113	0.00546	0.00438	0.00443	0.73573
5	0.01428	0.03683	0.71286	0.02030	0.03082	0.01654	0.02631	0.02255	0.01503	0.02255	0.01278	0.01503	0.00902	0.00677	0.00677	0.00226	0.01052	0.00526	0.00301	0.01052
6	0.01428	0.03683	0.71286	0.02030	0.03082	0.01654	0.02631	0.02255	0.01503	0.02255	0.01278	0.01503	0.00902	0.00677	0.00677	0.00226	0.01052	0.00526	0.00301	0.01052
7	0.00926	0.00637	0.00863	0.01005	0.01055	0.00602	0.00691	0.01032	0.01365	0.01822	0.06010	0.60690	0.04415	0.02208	0.01086	0.07631	0.00446	0.06320	0.00632	0.00562
8	0.01373	0.01321	0.02310	0.67348	0.04805	0.01600	0.07532	0.01858	0.01445	0.01858	0.01280	0.01900	0.00960	0.00703	0.00723	0.00238	0.00970	0.00650	0.00320	0.00805
9	0.01926	0.01607	0.01697	0.01480	0.01911	0.01844	0.01165	0.14454	0.58324	0.03229	0.02701	0.02500	0.02014	0.00948	0.00723	0.00237	0.00600	0.00778	0.00723	0.01141
10	0.01477	0.01266	0.01477	0.01055	0.01687	0.00949	0.00844	0.01793	0.01477	0.02320	0.01266	0.01477	0.01055	0.00527	0.00527	0.00105	0.00527	0.00422	0.00422	0.79328
11	0.01477	0.01266	0.01477	0.01055	0.01687	0.00949	0.00844	0.01793	0.01477	0.02320	0.01266	0.01477	0.01055	0.00527	0.00527	0.00105	0.00527	0.00422	0.00422	0.79328
12	0.00999	0.00727	0.00939	0.00886	0.01058	0.00668	0.00665	0.01326	0.01994	0.02803	0.66645	0.05405	0.10264	0.01475	0.00840	0.00225	0.00337	0.01300	0.00777	0.00668
13	0.05150	0.01533	0.01792	0.09482	0.02238	0.01643	0.01228	0.26232	0.13966	0.18612	0.02097	0.02073	0.01480	0.00841	0.00686	0.00215	0.00681	0.00667	0.04701	0.04683
14	0.00868	0.00620	0.00826	0.00991	0.01033	0.00578	0.00661	0.00991	0.01363	0.01818	0.03925	0.74510	0.04710	0.02231	0.00909	0.00289	0.00413	0.02024	0.00661	0.00578
15	0.01265	0.00828	0.01009	0.00923	0.01169	0.00758	0.00706	0.01644	0.05662	0.10703	0.41147	0.05247	0.23294	0.01456	0.00819	0.00229	0.00387	0.01252	0.00759	0.00742
16	0.02840	0.01691	0.01938	0.01496	0.02051	0.01769	0.01232	0.41884	0.05894	0.28412	0.02161	0.02010	0.01454	0.00869	0.00714	0.00217	0.00709	0.00676	0.00774	0.01207
17	0.00883	0.00639	0.00836	0.00965	0.01033	0.00591	0.00656	0.01036	0.01457	0.01950	0.12140	0.62296	0.08659	0.02113	0.00897	0.00279	0.00401	0.01906	0.00676	0.00591
18	0.01012	0.00722	0.00923	0.00876	0.01016	0.00675	0.00632	0.01292	0.01852	0.02609	0.58817	0.05209	0.06029	0.13733	0.01305	0.00302	0.00395	0.01246	0.00725	0.00632
19	0.80005	0.01377	0.01047	0.00936	0.01377	0.01597	0.00771	0.02093	0.01212	0.03195	0.00991	0.01157	0.00771	0.00661	0.00441	0.00220	0.00551	0.00386	0.00441	0.00771
20	0.01263	0.00729	0.00841	0.00832	0.00975	0.00784	0.00634	0.01561	0.01403	0.02385	0.02255	0.06307	0.01915	0.01706	0.13022	0.00350	0.04756	0.00748	0.56872	0.00661
21	0.04681	0.01454	0.01659	0.01232	0.01831	0.01315	0.01002	0.19469	0.02033	0.11961	0.01576	0.01652	0.01179	0.00665	0.00598	0.00153	0.00606	0.00517	0.00559	0.45858
22	0.01554	0.22667	0.53405	0.01815	0.02750	0.01962	0.02257	0.02223	0.01488	0.02102	0.01202	0.01408	0.00905	0.00659	0.00618	0.00206	0.00975	0.00488	0.00302	0.01016

[dist]
# distance from previous block
# <min> <max>
0	2

[block]
# block no. 1 follows, 29 sequences, length 13
# corresponding to MSA columns:
# 57-69
name=unknown_B
#
# <colnr> <probs for GDERKNQSTAVLIFYWHMCP>
#	G	D	E	R	K	N	Q	S	T	A	V	L	I	F	Y	W	H	M	C	P
0	0.01088	0.00940	0.01479	0.01381	0.01511	0.00991	0.09467	0.01292	0.01402	0.01926	0.07267	0.49520	0.03781	0.01820	0.01118	0.00282	0.11887	0.01608	0.00576	0.00665
1	0.01565	0.01578	0.02291	0.01931	0.01971	0.02160	0.05182	0.01745	0.01123	0.01745	0.00962	0.01578	0.00943	0.01211	0.02255	0.00308	0.69716	0.00635	0.00314	0.00789
2	0.07894	0.01424	0.01664	0.03695	0.01936	0.01424	0.01090	0.13206	0.16442	0.27965	0.02229	0.02103	0.01554	0.00817	0.00667	0.00206	0.00619	0.00650	0.00698	0.13717
3	0.01833	0.01287	0.01465	0.01293	0.01628	0.01366	0.00999	0.22511	0.15485	0.09257	0.06971	0.25116	0.04973	0.01374	0.00788	0.00245	0.00569	0.01178	0.00717	0.00946
4	0.00851	0.00722	0.00734	0.00731	0.00967	0.00605	0.00548	0.01040	0.01645	0.01975	0.10660	0.06769	0.66766	0.01784	0.00841	0.00240	0.00359	0.01491	0.00668	0.00605
5	0.02344	0.01793	0.01920	0.01552	0.02048	0.02003	0.01254	0.46038	0.22647	0.03917	0.02164	0.05431	0.01660	0.00953	0.00725	0.00225	0.00701	0.00755	0.00713	0.01156
6	0.05001	0.01759	0.05904	0.01908	0.11912	0.03773	0.01381	0.10271	0.40266	0.06585	0.02319	0.02248	0.01732	0.00866	0.00704	0.00230	0.00679	0.00715	0.00632	0.01114
7	0.01492	0.01460	0.02054	0.01781	0.01796	0.02023	0.01476	0.01659	0.01097	0.01706	0.01054	0.01710	0.01038	0.01748	0.10897	0.00414	0.64873	0.00640	0.00320	0.00761
8	0.00887	0.00628	0.00821	0.00967	0.01004	0.00591	0.00635	0.00996	0.01326	0.01768	0.03733	0.66561	0.04468	0.10510	0.01218	0.00335	0.00445	0.01912	0.00635	0.00562
9	0.01320	0.01215	0.01656	0.01526	0.01565	0.01575	0.01207	0.01572	0.05160	0.01825	0.02135	0.28117	0.02378	0.01588	0.01724	0.00299	0.42806	0.01143	0.00463	0.00726
10	0.02608	0.01884	0.02036	0.01590	0.02136	0.02079	0.01304	0.55490	0.12305	0.08233	0.01938	0.01882	0.01376	0.00872	0.00714	0.00218	0.00743	0.00668	0.00724	0.01200
11	0.01667	0.04927	0.30393	0.02125	0.02878	0.01552	0.24214	0.02254	0.01606	0.10021	0.01798	0.10036	0.01493	0.00848	0.00755	0.00235	0.00969	0.00819	0.00428	0.00981
12	0.01702	0.07398	0.04097	0.02941	0.07123	0.01871	0.59476	0.02265	0.01660	0.02238	0.01402	0.01854	0.01071	0.00603	0.00805	0.00232	0.01149	0.00795	0.00356	0.00966

[dist]
# distance from previous block
# <min> <max>
0	1

[block]
# block no. 2 follows, 29 sequences, length 22
# corresponding to MSA columns:
# 71-92
name=unknown_C
#
# <colnr> <probs for GDERKNQSTAVLIFYWHMCP>
#	G	D	E	R	K	N	Q	S	T	A	V	L	I	F	Y	W	H	M	C	P
0	0.01482	0.01286	0.01526	0.01112	0.01700	0.01035	0.00894	0.01787	0.01450	0.02278	0.01243	0.01482	0.01046	0.00578	0.00654	0.00120	0.05631	0.00436	0.00414	0.73848
1	0.01477	0.01266	0.01477	0.01055	0.01687	0.00949	0.00844	0.01793	0.01477	0.02320	0.01266	0.01477	0.01055	0.00527	0.00527	0.00105	0.00527	0.00422	0.00422	0.79328
2	0.01008	0.00824	0.00878	0.00865	0.01113	0.00751	0.00669	0.04659	0.04335	0.02140	0.08185	0.08875	0.53820	0.01742	0.00846	0.00248	0.00418	0.07293	0.00669	0.00659
3	0.02579	0.03258	0.02030	0.01837	0.02177	0.66958	0.01389	0.02760	0.01949	0.01741	0.01088	0.01304	0.00919	0.00772	0.00767	0.00193	0.06623	0.00471	0.00363	0.00822
4	0.02193	0.01375	0.01583	0.01354	0.01791	0.01463	0.01072	0.03528	0.42873	0.25428	0.07064	0.02746	0.02322	0.00969	0.00729	0.00233	0.00563	0.00806	0.00780	0.01127
5	0.00868	0.00620	0.00826	0.00991	0.01033	0.00578	0.00661	0.00991	0.01363	0.01818	0.03925	0.74510	0.04710	0.02231	0.00909	0.00289	0.00413	0.02024	0.00661	0.00578
6	0.03195	0.01212	0.01652	0.01267	0.01818	0.01047	0.01047	0.03470	0.02038	0.71026	0.02809	0.02424	0.01763	0.00881	0.00716	0.00220	0.00606	0.00716	0.00881	0.01212
7	0.00914	0.00642	0.00827	0.00957	0.00994	0.00611	0.00630	0.01019	0.01303	0.01736	0.03559	0.57112	0.04233	0.17803	0.01493	0.00377	0.00481	0.04148	0.00612	0.00550
8	0.01477	0.01266	0.01477	0.01055	0.01687	0.00949	0.00844	0.01793	0.01477	0.02320	0.01266	0.01477	0.01055	0.00527	0.00527	0.00105	0.00527	0.00422	0.00422	0.79328
9	0.01957	0.70379	0.03612	0.01261	0.01854	0.07653	0.01229	0.02182	0.01487	0.01680	0.00998	0.01152	0.00914	0.00618	0.00470	0.00154	0.00798	0.00386	0.00309	0.00908
10	0.00968	0.00673	0.00794	0.00841	0.00880	0.00649	0.00519	0.01033	0.01223	0.01617	0.05877	0.25731	0.09204	0.44036	0.02463	0.00513	0.00565	0.01381	0.00534	0.00499
11	0.02700	0.04902	0.02176	0.01602	0.02173	0.02172	0.01332	0.62153	0.03204	0.07825	0.01738	0.01724	0.01228	0.00846	0.00702	0.00212	0.00773	0.00635	0.00705	0.01199
12	0.01830	0.01724	0.02764	0.03821	0.55320	0.04246	0.03988	0.02213	0.01595	0.05178	0.01351	0.01755	0.01124	0.00717	0.00893	0.00223	0.09174	0.00636	0.00371	0.01076
13	0.00948	0.00714	0.00808	0.00827	0.01021	0.00620	0.00604	0.01139	0.01628	0.04310	0.14779	0.22487	0.43926	0.01827	0.00853	0.00249	0.00378	0.01571	0.00685	0.00625
14	0.02382	0.01860	0.02079	0.01613	0.02143	0.04287	0.05400	0.51595	0.02919	0.03877	0.02147	0.04898	0.06428	0.00945	0.00728	0.00215	0.00770	0.00756	0.00661	0.04295
15	0.01055	0.00868	0.01145	0.01143	0.01224	0.00969	0.00859	0.01227	0.01409	0.01926	0.11863	0.32909	0.12779	0.04940	0.03897	0.00328	0.16522	0.03719	0.00580	0.00636
16	0.00908	0.00663	0.00823	0.00922	0.01005	0.00615	0.00629	0.01046	0.01413	0.01851	0.08369	0.45718	0.15693	0.12590	0.01288	0.00336	0.00450	0.04477	0.00635	0.00570
17	0.01626	0.01076	0.01191	0.01152	0.01361	0.06285	0.00836	0.07882	0.01701	0.15044	0.03168	0.43395	0.03382	0.07114	0.01035	0.00291	0.00571	0.01456	0.00668	0.00765
18	0.02281	0.01869	0.02258	0.10481	0.17622	0.11439	0.03316	0.08485	0.04199	0.13671	0.03691	0.05175	0.01703	0.01002	0.00914	0.00261	0.05976	0.00767	0.00582	0.04307
19	0.01924	0.01648	0.01922	0.11158	0.07235	0.08360	0.01351	0.12748	0.05782	0.07534	0.01584	0.04366	0.01291	0.00848	0.00904	0.00208	0.11225	0.00635	0.00488	0.18789
20	0.01888	0.09264	0.02304	0.02280	0.22720	0.06525	0.01451	0.08204	0.01702	0.05885	0.01361	0.01687	0.01135	0.02846	0.00896	0.00203	0.08763	0.00560	0.00424	0.19903
21	0.01870	0.12967	0.02393	0.05207	0.23977	0.01734	0.01474	0.09030	0.06725	0.06700	0.01537	0.01835	0.01252	0.03686	0.00816	0.00211	0.03372	0.00594	0.00455	0.14167

[dist]
# distance from previous block
# <min> <max>
3	26

[block]
# block no. 3 follows, 29 sequences, length 50
# corresponding to MSA columns:
# 119-168
name=unknown_D
#
# <colnr> <probs for GDERKNQSTAVLIFYWHMCP>
#	G	D	E	R	K	N	Q	S	T	A	V	L	I	F	Y	W	H	M	C	P
0	0.02015	0.01493	0.01936	0.01508	0.01973	0.01532	0.07462	0.22424	0.05422	0.10738	0.06065	0.02229	0.01701	0.04674	0.04795	0.00279	0.06453	0.00700	0.00585	0.16018
1	0.03648	0.01267	0.01479	0.06649	0.01875	0.01147	0.00959	0.07863	0.07414	0.02561	0.07138	0.02394	0.07809	0.00796	0.00624	0.00161	0.00557	0.00652	0.00515	0.44491
2	0.05681	0.01090	0.01260	0.01027	0.01425	0.00993	0.00808	0.07376	0.03693	0.07078	0.25067	0.03006	0.03142	0.00945	0.00659	0.00178	0.00470	0.00788	0.08783	0.26530
3	0.22976	0.01391	0.01470	0.01186	0.01674	0.04695	0.00963	0.08130	0.01801	0.27706	0.04686	0.01978	0.01519	0.01026	0.04447	0.00251	0.00687	0.00594	0.00629	0.12192
4	0.80005	0.01377	0.01047	0.00936	0.01377	0.01597	0.00771	0.02093	0.01212	0.03195	0.00991	0.01157	0.00771	0.00661	0.00441	0.00220	0.00551	0.00386	0.00441	0.00771
5	0.00856	0.00720	0.00733	0.00731	0.00959	0.00607	0.00542	0.01036	0.01617	0.01942	0.09647	0.06707	0.65075	0.04520	0.00945	0.00257	0.00372	0.01476	0.00658	0.00598
6	0.00876	0.00636	0.00811	0.00947	0.01007	0.00589	0.00632	0.00998	0.01370	0.01800	0.04177	0.62228	0.11862	0.07130	0.01086	0.00311	0.00426	0.01899	0.00645	0.00571
7	0.01721	0.01650	0.02816	0.11183	0.64044	0.01681	0.02165	0.02149	0.01602	0.02276	0.01332	0.01776	0.01110	0.00642	0.00706	0.00214	0.00856	0.00634	0.00349	0.01095
8	0.01405	0.01327	0.02244	0.63348	0.14350	0.01598	0.02007	0.01872	0.01452	0.01892	0.01276	0.01879	0.00975	0.00701	0.00711	0.00234	0.00934	0.00633	0.00322	0.00840
9	0.01865	0.69581	0.09216	0.01284	0.01929	0.02723	0.01333	0.02142	0.01451	0.01722	0.01013	0.01172	0.00913	0.00615	0.00475	0.00158	0.00785	0.00393	0.00304	0.00925
10	0.01237	0.00618	0.00928	0.00928	0.00928	0.00618	0.00618	0.00928	0.00928	0.01237	0.01237	0.02165	0.01237	0.02474	0.02783	0.79283	0.00618	0.00618	0.00309	0.00309
11	0.00868	0.00620	0.00826	0.00991	0.01033	0.00578	0.00661	0.00991	0.01363	0.01818	0.03925	0.74510	0.04710	0.02231	0.00909	0.00289	0.00413	0.02024	0.00661	0.00578
12	0.01043	0.00789	0.01024	0.01090	0.01178	0.00812	0.00783	0.04698	0.01523	0.02059	0.09645	0.54227	0.06438	0.01986	0.01008	0.00281	0.06362	0.03767	0.00646	0.00640
13	0.01806	0.01774	0.02848	0.04248	0.67224	0.05102	0.02146	0.02217	0.01641	0.02298	0.01328	0.01739	0.01118	0.00639	0.00702	0.00210	0.00867	0.00626	0.00353	0.01113
14	0.01558	0.01558	0.02181	0.01869	0.01869	0.02181	0.01558	0.01714	0.01091	0.01714	0.00935	0.01558	0.00935	0.01246	0.02337	0.00312	0.73672	0.00623	0.00312	0.00779
15	0.01412	0.01301	0.02136	0.69752	0.04772	0.01613	0.01947	0.05072	0.01518	0.01950	0.01287	0.01889	0.00962	0.00719	0.00712	0.00236	0.00941	0.00633	0.00336	0.00812
16	0.01847	0.01513	0.01612	0.01439	0.01850	0.01733	0.01123	0.03767	0.65685	0.06585	0.02893	0.02644	0.02152	0.00962	0.00724	0.00240	0.00566	0.00800	0.00733	0.01132
17	0.01589	0.01515	0.02576	0.33023	0.43239	0.01646	0.02099	0.02033	0.01539	0.02115	0.01309	0.01819	0.01054	0.00667	0.00708	0.00222	0.00889	0.00634	0.00337	0.00988
18	0.01037	0.00837	0.00920	0.00879	0.01059	0.03720	0.00645	0.01294	0.01822	0.02426	0.44258	0.05495	0.23023	0.08189	0.01084	0.00269	0.00415	0.01287	0.00701	0.00638
19	0.01477	0.01266	0.01477	0.01055	0.01687	0.00949	0.00844	0.01793	0.01477	0.02320	0.01266	0.01477	0.01055	0.00527	0.00527	0.00105	0.00527	0.00422	0.00422	0.79328
20	0.03031	0.01475	0.01815	0.01392	0.01949	0.01436	0.01150	0.25182	0.02478	0.48693	0.02440	0.02184	0.01577	0.00872	0.00715	0.00218	0.00666	0.00691	0.00825	0.01212
21	0.00977	0.00704	0.00924	0.00917	0.01057	0.00651	0.00669	0.01267	0.01873	0.02628	0.55641	0.20484	0.06278	0.01626	0.00855	0.00238	0.00353	0.01449	0.00757	0.00651
22	0.01109	0.00741	0.00975	0.00927	0.01101	0.00681	0.00691	0.01417	0.01941	0.06389	0.58818	0.13238	0.06219	0.01515	0.00841	0.00231	0.00359	0.01343	0.00775	0.00690
23	0.09362	0.01174	0.01527	0.01200	0.01701	0.01053	0.00984	0.03129	0.01967	0.58107	0.09837	0.02627	0.02208	0.00924	0.00706	0.00221	0.00573	0.00749	0.00834	0.01118
24	0.03080	0.01291	0.01689	0.01306	0.01851	0.01178	0.01075	0.08618	0.05745	0.62100	0.02727	0.02379	0.01741	0.00884	0.00716	0.00221	0.00618	0.00715	0.00860	0.01207
25	0.00902	0.00643	0.00829	0.00964	0.01015	0.00606	0.00647	0.01021	0.01344	0.01778	0.03851	0.58786	0.07570	0.11985	0.01274	0.00343	0.00459	0.04790	0.00630	0.00563
26	0.01027	0.00692	0.00774	0.00774	0.00785	0.00686	0.00437	0.01035	0.01063	0.01406	0.02473	0.04761	0.05715	0.71594	0.03496	0.00670	0.00675	0.01057	0.00442	0.00439
27	0.02146	0.05644	0.01893	0.01368	0.01932	0.05071	0.01120	0.29503	0.06603	0.06338	0.01763	0.01811	0.03100	0.00756	0.00635	0.00174	0.00684	0.00580	0.00580	0.28299
28	0.02623	0.01792	0.01980	0.01537	0.02054	0.01949	0.01257	0.55651	0.02999	0.10814	0.01776	0.01822	0.01268	0.01004	0.00900	0.07356	0.00751	0.00647	0.00693	0.01130
29	0.01969	0.44909	0.03044	0.01460	0.01885	0.11447	0.01315	0.02176	0.01457	0.04579	0.01066	0.01316	0.00955	0.00793	0.00955	0.00198	0.18792	0.00464	0.00338	0.00882
30	0.01559	0.01602	0.02619	0.10662	0.02639	0.02026	0.16166	0.01851	0.01260	0.01851	0.01085	0.01678	0.00968	0.01041	0.01814	0.00287	0.49077	0.00672	0.00323	0.00820
31	0.00949	0.00708	0.00882	0.00876	0.01037	0.00641	0.00643	0.01217	0.01823	0.02484	0.45744	0.17422	0.19632	0.01660	0.00852	0.00239	0.00354	0.01458	0.00737	0.00641
32	0.02357	0.01797	0.01871	0.01492	0.01945	0.04916	0.01190	0.50317	0.05618	0.03743	0.01821	0.02215	0.01467	0.12304	0.03411	0.00316	0.00817	0.00704	0.00645	0.01054
33	0.80005	0.01377	0.01047	0.00936	0.01377	0.01597	0.00771	0.02093	0.01212	0.03195	0.00991	0.01157	0.00771	0.00661	0.00441	0.00220	0.00551	0.00386	0.00441	0.00771
34	0.01904	0.75404	0.03731	0.01218	0.01828	0.02818	0.01218	0.02132	0.01447	0.01675	0.00990	0.01142	0.00914	0.00609	0.00457	0.00152	0.00761	0.00381	0.00305	0.00914
35	0.01477	0.01266	0.01477	0.01055	0.01687	0.00949	0.00844	0.01793	0.01477	0.02320	0.01266	0.01477	0.01055	0.00527	0.00527	0.00105	0.00527	0.00422	0.00422	0.79328
36	0.02979	0.01293	0.01671	0.01310	0.01841	0.01201	0.01072	0.06684	0.11145	0.58609	0.02767	0.02420	0.01791	0.00891	0.00717	0.00223	0.00609	0.00724	0.00852	0.01200
37	0.01620	0.01907	0.06791	0.02791	0.03451	0.01749	0.57979	0.02180	0.01624	0.02225	0.01540	0.05774	0.01259	0.00726	0.00917	0.00246	0.05037	0.00879	0.00371	0.00934
38	0.01237	0.00618	0.00928	0.00928	0.00928	0.00618	0.00618	0.00928	0.00928	0.01237	0.01237	0.02165	0.01237	0.02474	0.02783	0.79283	0.00618	0.00618	0.00309	0.00309
39	0.05144	0.00780	0.01090	0.01136	0.01237	0.00780	0.04318	0.01168	0.01383	0.01949	0.05962	0.60573	0.04196	0.01983	0.00948	0.00282	0.04051	0.01778	0.00621	0.00622
40	0.01669	0.02002	0.07302	0.02956	0.03692	0.01794	0.64929	0.02280	0.01672	0.02280	0.01433	0.01901	0.01072	0.00604	0.00833	0.00239	0.01194	0.00826	0.00357	0.00965
41	0.00962	0.00692	0.00910	0.00927	0.01054	0.00641	0.00668	0.01228	0.01801	0.02514	0.48363	0.28087	0.06058	0.01711	0.00863	0.00245	0.00361	0.01530	0.00743	0.00641
42	0.01465	0.00796	0.00810	0.00761	0.00967	0.00817	0.00583	0.08275	0.01678	0.02837	0.02262	0.02561	0.01764	0.00832	0.00519	0.00171	0.00377	0.00661	0.71146	0.00718
43	0.02403	0.01843	0.01966	0.01577	0.02092	0.02066	0.01280	0.47224	0.24778	0.03997	0.02096	0.02018	0.01524	0.00891	0.00716	0.00223	0.00712	0.00694	0.00716	0.01184
44	0.01771	0.50684	0.12320	0.01383	0.01951	0.06280	0.01390	0.02064	0.01456	0.01771	0.01283	0.07511	0.01239	0.00805	0.00655	0.00186	0.05461	0.00561	0.00339	0.00890
45	0.00870	0.00633	0.00820	0.00961	0.01027	0.00584	0.00649	0.01006	0.01410	0.01862	0.06406	0.65508	0.11316	0.02163	0.00900	0.00282	0.00405	0.01948	0.00665	0.00584
46	0.01725	0.48457	0.29113	0.01523	0.02299	0.02380	0.01749	0.02178	0.01468	0.01893	0.01098	0.01278	0.00909	0.00634	0.00539	0.00180	0.00871	0.00435	0.00303	0.00966
47	0.05908	0.07548	0.05933	0.01773	0.02260	0.30052	0.07077	0.19537	0.04229	0.02628	0.01424	0.03807	0.01158	0.00807	0.00713	0.00206	0.02918	0.00598	0.00470	0.00953
48	0.00863	0.00636	0.00809	0.00947	0.01021	0.00582	0.00641	0.00997	0.01406	0.01835	0.04468	0.63338	0.15531	0.02160	0.00898	0.00281	0.00404	0.01938	0.00661	0.00582
49	0.01762	0.01692	0.02890	0.04371	0.70533	0.01692	0.02185	0.02185	0.01621	0.02326	0.01339	0.01762	0.01128	0.00634	0.00705	0.00211	0.00846	0.00634	0.00352	0.01128

[dist]
# distance from previous block
# <min> <max>
0	6

[block]
# block no. 4 follows, 29 sequences, length 8
# corresponding to MSA columns:
# 175-182
name=unknown_E
#
# <colnr> <probs for GDERKNQSTAVLIFYWHMCP>
#	G	D	E	R	K	N	Q	S	T	A	V	L	I	F	Y	W	H	M	C	P
0	0.02668	0.03164	0.02037	0.01802	0.02202	0.60617	0.01372	0.13587	0.02237	0.02194	0.01201	0.01354	0.00966	0.00754	0.00654	0.00188	0.01202	0.00489	0.00424	0.00889
1	0.01003	0.00840	0.00887	0.00855	0.01107	0.00782	0.00647	0.01474	0.11508	0.02224	0.16492	0.06002	0.50360	0.01627	0.00824	0.00238	0.00386	0.01368	0.00690	0.00689
2	0.01762	0.01692	0.02890	0.04371	0.70533	0.01692	0.02185	0.02185	0.01621	0.02326	0.01339	0.01762	0.01128	0.00634	0.00705	0.00211	0.00846	0.00634	0.00352	0.01128
3	0.01017	0.00725	0.00913	0.01012	0.01086	0.00707	0.00683	0.05748	0.01466	0.01956	0.03572	0.61237	0.04215	0.10594	0.01211	0.00331	0.00472	0.01811	0.00638	0.00606
4	0.01285	0.00766	0.01016	0.00979	0.01165	0.00698	0.00723	0.01548	0.01822	0.12496	0.40327	0.25787	0.05388	0.01606	0.00843	0.00243	0.00399	0.01427	0.00761	0.00722
5	0.00958	0.00700	0.00900	0.00904	0.01047	0.00642	0.00657	0.01228	0.01819	0.02515	0.48092	0.22611	0.11917	0.01679	0.00857	0.00242	0.00357	0.01490	0.00742	0.00642
6	0.00950	0.00715	0.00878	0.00860	0.01034	0.00644	0.00636	0.01223	0.01845	0.02503	0.46766	0.12944	0.23138	0.01628	0.00848	0.00235	0.00350	0.01421	0.00739	0.00644
7	0.00979	0.00714	0.00921	0.00897	0.01053	0.00655	0.00662	0.01278	0.01908	0.02664	0.57718	0.14185	0.10549	0.01576	0.00849	0.00233	0.00347	0.01395	0.00760	0.00655

[dist]
# distance from previous block
# <min> <max>
3	12

[block]
# block no. 5 follows, 29 sequences, length 21
# corresponding to MSA columns:
# 195-215
name=unknown_F
#
# <colnr> <probs for GDERKNQSTAVLIFYWHMCP>
#	G	D	E	R	K	N	Q	S	T	A	V	L	I	F	Y	W	H	M	C	P
0	0.09066	0.05022	0.02150	0.05276	0.16144	0.08607	0.04524	0.05475	0.05051	0.09103	0.04272	0.06699	0.01596	0.00938	0.00959	0.00234	0.12748	0.00725	0.00478	0.00934
1	0.01821	0.47443	0.18292	0.01424	0.02076	0.06872	0.01498	0.02174	0.01510	0.04091	0.01316	0.06158	0.01192	0.00749	0.00556	0.00182	0.00832	0.00538	0.00350	0.00926
2	0.01636	0.41181	0.28296	0.01485	0.02202	0.02171	0.01677	0.02079	0.01459	0.01912	0.03361	0.01610	0.01192	0.04075	0.02786	0.00234	0.00885	0.00503	0.00326	0.00928
3	0.00883	0.00712	0.00791	0.00823	0.01018	0.00619	0.00614	0.01080	0.01623	0.02018	0.13068	0.17933	0.48411	0.01848	0.00862	0.00252	0.00386	0.05776	0.00674	0.00608
4	0.08095	0.02058	0.01953	0.01577	0.02071	0.12468	0.01275	0.46495	0.05756	0.03735	0.01633	0.01719	0.01215	0.01120	0.05342	0.00272	0.00905	0.00611	0.00620	0.01081
5	0.01450	0.06917	0.68240	0.01993	0.03025	0.01706	0.02567	0.02250	0.01501	0.02229	0.01265	0.01487	0.00903	0.00673	0.00667	0.00222	0.01039	0.00520	0.00301	0.01046
6	0.01847	0.66829	0.11808	0.01315	0.01978	0.02678	0.01387	0.02147	0.01454	0.01745	0.01024	0.01185	0.00912	0.00617	0.00483	0.00161	0.00796	0.00398	0.00304	0.00930
7	0.01381	0.01337	0.02361	0.65612	0.04775	0.01606	0.09162	0.01870	0.01452	0.01870	0.01285	0.01901	0.00964	0.00700	0.00726	0.00238	0.00977	0.00655	0.00321	0.00809
8	0.01060	0.00764	0.01025	0.01164	0.01300	0.00746	0.00955	0.01314	0.01545	0.02004	0.03991	0.20651	0.09695	0.06766	0.01129	0.00337	0.00586	0.43704	0.00643	0.00621
9	0.01021	0.00864	0.00907	0.00900	0.01106	0.03452	0.00665	0.01355	0.06136	0.02219	0.23006	0.16255	0.36163	0.01679	0.00836	0.00241	0.00411	0.01439	0.00687	0.00660
10	0.03162	0.01264	0.01685	0.01292	0.01844	0.01124	0.01067	0.07777	0.02125	0.66597	0.02736	0.02376	0.01726	0.00880	0.00716	0.00220	0.00618	0.00711	0.00870	0.01212
11	0.00883	0.00631	0.00840	0.00981	0.01036	0.00589	0.00662	0.01030	0.01434	0.01931	0.11138	0.66975	0.04928	0.02146	0.00901	0.00282	0.00405	0.01944	0.00674	0.00589
12	0.01367	0.01289	0.02177	0.69520	0.08470	0.01588	0.01989	0.01839	0.01435	0.01847	0.01270	0.01891	0.00959	0.00708	0.00712	0.00236	0.00944	0.00633	0.00318	0.00809
13	0.01762	0.01692	0.02890	0.04371	0.70533	0.01692	0.02185	0.02185	0.01621	0.02326	0.01339	0.01762	0.01128	0.00634	0.00705	0.00211	0.00846	0.00634	0.00352	0.01128
14	0.01345	0.01266	0.02136	0.73264	0.04904	0.01582	0.01978	0.01819	0.01424	0.01819	0.01266	0.01898	0.00949	0.00712	0.00712	0.00237	0.00949	0.00633	0.00316	0.00791
15	0.03051	0.01180	0.01607	0.01243	0.01768	0.01022	0.01022	0.03331	0.02037	0.66559	0.07223	0.02613	0.02087	0.00919	0.00724	0.00221	0.00588	0.00754	0.00875	0.01176
16	0.01488	0.12656	0.62834	0.01928	0.02925	0.01799	0.02454	0.02240	0.01496	0.02183	0.01242	0.01458	0.00903	0.00668	0.00649	0.00216	0.01016	0.00508	0.00301	0.01035
17	0.00920	0.00660	0.00873	0.00956	0.01044	0.00613	0.00665	0.01122	0.01606	0.02203	0.28527	0.48809	0.05456	0.01943	0.00883	0.00265	0.00384	0.01751	0.00707	0.00613
18	0.01863	0.69255	0.09522	0.01288	0.01935	0.02718	0.01339	0.02143	0.01452	0.01725	0.01015	0.01173	0.00913	0.00615	0.00476	0.00159	0.00786	0.00393	0.00304	0.00926
19	0.02829	0.01799	0.02016	0.01546	0.02111	0.01918	0.01277	0.52020	0.03021	0.21089	0.01984	0.01888	0.01349	0.00861	0.00713	0.00215	0.00739	0.00660	0.00754	0.01211
20	0.01762	0.01692	0.02890	0.04371	0.70533	0.01692	0.02185	0.02185	0.01621	0.02326	0.01339	0.01762	0.01128	0.00634	0.00705	0.00211	0.00846	0.00634	0.00352	0.01128

[dist]
# distance from previous block
# <min> <max>
0	24

[block]
# block no. 6 follows, 29 sequences, length 29
# corresponding to MSA columns:
# 245-273
name=unknown_G
#
# <colnr> <probs for GDERKNQSTAVLIFYWHMCP>
#	G	D	E	R	K	N	Q	S	T	A	V	L	I	F	Y	W	H	M	C	P
0	0.00865	0.00631	0.00814	0.00960	0.01025	0.00581	0.00647	0.00995	0.01393	0.01830	0.04307	0.66645	0.12328	0.02181	0.00901	0.00284	0.00407	0.01964	0.00661	0.00581
1	0.41787	0.01339	0.01399	0.05131	0.01788	0.01414	0.00975	0.06027	0.01655	0.29538	0.01750	0.01719	0.01189	0.00759	0.00577	0.00221	0.00606	0.00541	0.00619	0.00966
2	0.02740	0.02200	0.02072	0.01645	0.02173	0.15730	0.01331	0.49868	0.02976	0.09677	0.01686	0.01688	0.01201	0.00833	0.00699	0.00208	0.00866	0.00612	0.00660	0.01136
3	0.01876	0.01216	0.01388	0.01202	0.01586	0.01250	0.00946	0.06179	0.27928	0.18974	0.12489	0.03718	0.15853	0.01167	0.00760	0.00233	0.00516	0.00974	0.00757	0.00990
4	0.01007	0.00680	0.00791	0.00817	0.00830	0.00671	0.00478	0.01040	0.01126	0.01508	0.05028	0.16298	0.03094	0.60169	0.03070	0.00606	0.00631	0.01209	0.00483	0.00465
5	0.05529	0.01511	0.01775	0.01385	0.01907	0.01535	0.01137	0.29660	0.04652	0.34289	0.07278	0.02309	0.01882	0.00908	0.00714	0.00219	0.00655	0.00719	0.00785	0.01153
6	0.01484	0.12129	0.63331	0.01934	0.02934	0.01791	0.02465	0.02241	0.01497	0.02187	0.01244	0.01461	0.00903	0.00669	0.00651	0.00217	0.01018	0.00509	0.00301	0.01036
7	0.00868	0.00620	0.00826	0.00991	0.01033	0.00578	0.00661	0.00991	0.01363	0.01818	0.03925	0.74510	0.04710	0.02231	0.00909	0.00289	0.00413	0.02024	0.00661	0.00578
8	0.02880	0.01375	0.05239	0.01315	0.01864	0.01161	0.01129	0.07746	0.04561	0.56105	0.06893	0.02517	0.02007	0.00908	0.00722	0.00221	0.00623	0.00740	0.00828	0.01166
9	0.01975	0.02110	0.01623	0.01506	0.01778	0.33036	0.01133	0.04792	0.09878	0.04259	0.06725	0.18800	0.02380	0.01200	0.00839	0.00228	0.05444	0.00945	0.00532	0.00817
10	0.02150	0.01496	0.01699	0.01498	0.04382	0.01614	0.01146	0.17247	0.33384	0.15835	0.05303	0.02738	0.06299	0.00985	0.00731	0.00230	0.00608	0.00809	0.00735	0.01111
11	0.01020	0.00752	0.01088	0.01088	0.01195	0.00859	0.00820	0.01235	0.01128	0.01611	0.01959	0.03084	0.01904	0.16041	0.61623	0.01075	0.01720	0.00805	0.00389	0.00604
12	0.01017	0.00763	0.01144	0.01144	0.01272	0.00890	0.00890	0.01272	0.01144	0.01653	0.01907	0.02797	0.01780	0.05340	0.72153	0.01144	0.01907	0.00763	0.00381	0.00636
13	0.01439	0.01362	0.02306	0.57749	0.19684	0.01607	0.02024	0.01902	0.01468	0.01934	0.01282	0.01868	0.00989	0.00694	0.00710	0.00231	0.00926	0.00633	0.00325	0.00867
14	0.01681	0.41739	0.35441	0.01599	0.02416	0.02271	0.01881	0.02190	0.01473	0.01947	0.01125	0.01312	0.00908	0.00641	0.00560	0.00187	0.00898	0.00449	0.00303	0.00979
15	0.01428	0.03683	0.71286	0.02030	0.03082	0.01654	0.02631	0.02255	0.01503	0.02255	0.01278	0.01503	0.00902	0.00677	0.00677	0.00226	0.01052	0.00526	0.00301	0.01052
16	0.75790	0.01368	0.01080	0.00955	0.01401	0.01567	0.00786	0.02169	0.01257	0.06917	0.01091	0.01226	0.00826	0.00673	0.00456	0.00220	0.00554	0.00404	0.00465	0.00795
17	0.01375	0.01296	0.02190	0.68298	0.09635	0.01590	0.01993	0.01846	0.01438	0.01856	0.01271	0.01889	0.00962	0.00706	0.00711	0.00235	0.00942	0.00633	0.00319	0.00815
18	0.01368	0.01289	0.02178	0.69426	0.08561	0.01588	0.01989	0.01840	0.01435	0.01848	0.01270	0.01891	0.00959	0.00708	0.00712	0.00236	0.00943	0.00633	0.00318	0.00810
19	0.00879	0.00723	0.00774	0.00761	0.00985	0.00617	0.00571	0.01095	0.01712	0.02136	0.21540	0.06504	0.55785	0.01724	0.00841	0.00237	0.00355	0.01454	0.00689	0.00617
20	0.01762	0.01692	0.02890	0.04371	0.70533	0.01692	0.02185	0.02185	0.01621	0.02326	0.01339	0.01762	0.01128	0.00634	0.00705	0.00211	0.00846	0.00634	0.00352	0.01128
21	0.02372	0.01466	0.01907	0.01537	0.02028	0.01503	0.07365	0.13970	0.22611	0.27624	0.02606	0.05261	0.01935	0.00970	0.00747	0.00234	0.00673	0.03334	0.00740	0.01117
22	0.01308	0.01216	0.02036	0.67741	0.04608	0.01505	0.01877	0.01756	0.01419	0.01819	0.01469	0.07447	0.01237	0.00828	0.00727	0.00241	0.00908	0.00739	0.00343	0.00775
23	0.00890	0.00702	0.00803	0.00822	0.01003	0.00615	0.00600	0.01100	0.01672	0.02146	0.23000	0.20346	0.40171	0.01800	0.00855	0.00246	0.00365	0.01554	0.00693	0.00615
24	0.01478	0.11175	0.64229	0.01945	0.02951	0.01775	0.02483	0.02242	0.01497	0.02194	0.01248	0.01466	0.00903	0.00669	0.00654	0.00218	0.01022	0.00511	0.00301	0.01038
25	0.01669	0.01596	0.02721	0.19826	0.55810	0.01667	0.02139	0.02103	0.01577	0.02213	0.01323	0.01793	0.01088	0.00652	0.00707	0.00217	0.00869	0.00634	0.00344	0.01052
26	0.01654	0.01581	0.02694	0.22282	0.53471	0.01663	0.02131	0.02090	0.01570	0.02195	0.01320	0.01798	0.01081	0.00655	0.00707	0.00218	0.00873	0.00634	0.00343	0.01040
27	0.02458	0.02497	0.01956	0.01678	0.02118	0.32863	0.01308	0.23709	0.18844	0.02912	0.01732	0.01753	0.01317	0.00829	0.00684	0.00207	0.00950	0.00601	0.00563	0.01021
28	0.01554	0.01085	0.01242	0.01101	0.01308	0.01149	0.00794	0.19425	0.03555	0.04425	0.06623	0.09005	0.02535	0.33842	0.08783	0.00518	0.00781	0.00980	0.00564	0.00730

[dist]
# distance from previous block
# <min> <max>
0	2

[block]
# block no. 7 follows, 29 sequences, length 40
# corresponding to MSA columns:
# 276-315
name=unknown_H
#
# <colnr> <probs for GDERKNQSTAVLIFYWHMCP>
#	G	D	E	R	K	N	Q	S	T	A	V	L	I	F	Y	W	H	M	C	P
0	0.05910	0.02382	0.01982	0.01699	0.02051	0.31331	0.01344	0.16020	0.06215	0.07095	0.01412	0.01582	0.01109	0.00884	0.01002	0.00223	0.15772	0.00565	0.00486	0.00937
1	0.02515	0.01848	0.01987	0.01527	0.02076	0.02003	0.01256	0.58319	0.03072	0.04188	0.01711	0.01750	0.01237	0.00826	0.00683	0.00202	0.00733	0.00624	0.05676	0.07767
2	0.01514	0.00995	0.01206	0.01060	0.01386	0.00920	0.00816	0.01948	0.09032	0.14356	0.14235	0.15710	0.16046	0.01337	0.00811	0.00222	0.02673	0.01135	0.00676	0.13922
3	0.01572	0.25304	0.50921	0.01785	0.02704	0.02005	0.02205	0.02218	0.01486	0.02080	0.01191	0.01395	0.00906	0.00656	0.00610	0.00203	0.00965	0.00482	0.00302	0.01011
4	0.00917	0.00676	0.00898	0.01026	0.01062	0.00675	0.00695	0.01034	0.01326	0.01783	0.03646	0.65777	0.04358	0.07065	0.01170	0.00317	0.04488	0.01880	0.00626	0.00580
5	0.04732	0.02790	0.01996	0.01752	0.02123	0.52283	0.06776	0.02492	0.01884	0.01857	0.01955	0.02101	0.10388	0.00881	0.00728	0.00201	0.03216	0.00635	0.00407	0.00803
6	0.00897	0.00724	0.00799	0.00780	0.00996	0.00625	0.00585	0.01130	0.01755	0.02236	0.28323	0.06338	0.48940	0.01687	0.00841	0.00235	0.00352	0.01431	0.00702	0.00625
7	0.01345	0.01266	0.02136	0.73264	0.04904	0.01582	0.01978	0.01819	0.01424	0.01819	0.01266	0.01898	0.00949	0.00712	0.00712	0.00237	0.00949	0.00633	0.00316	0.00791
8	0.01081	0.00742	0.01045	0.01045	0.01180	0.00843	0.00809	0.01352	0.01217	0.01860	0.01993	0.02768	0.01789	0.04407	0.57323	0.00942	0.01581	0.00742	0.16638	0.00642
9	0.01444	0.00776	0.00788	0.00746	0.00946	0.00794	0.00570	0.07270	0.01650	0.02809	0.02271	0.02575	0.01773	0.00832	0.00516	0.00170	0.00370	0.00662	0.72329	0.00710
10	0.01029	0.00691	0.00775	0.00775	0.00783	0.00687	0.00435	0.01035	0.01056	0.01400	0.02420	0.04737	0.04983	0.72385	0.03526	0.00674	0.00679	0.01052	0.00440	0.00437
11	0.01762	0.01692	0.02890	0.04371	0.70533	0.01692	0.02185	0.02185	0.01621	0.02326	0.01339	0.01762	0.01128	0.00634	0.00705	0.00211	0.00846	0.00634	0.00352	0.01128
12	0.01594	0.00858	0.01140	0.00995	0.01266	0.00772	0.00772	0.01914	0.02022	0.21138	0.52095	0.04542	0.05390	0.01302	0.00807	0.00223	0.00408	0.01134	0.00810	0.00817
13	0.03195	0.01212	0.01652	0.01267	0.01818	0.01047	0.01047	0.03470	0.02038	0.71026	0.02809	0.02424	0.01763	0.00881	0.00716	0.00220	0.00606	0.00716	0.00881	0.01212
14	0.00997	0.00727	0.00936	0.00884	0.01057	0.00667	0.00663	0.01322	0.01989	0.02793	0.65927	0.05422	0.10988	0.01479	0.00840	0.00225	0.00338	0.01302	0.00776	0.00667
15	0.01110	0.00853	0.01239	0.01203	0.01340	0.01011	0.00944	0.03795	0.01224	0.01762	0.01846	0.02688	0.01712	0.04946	0.65618	0.01063	0.05839	0.00751	0.00390	0.00665
16	0.03195	0.01212	0.01652	0.01267	0.01818	0.01047	0.01047	0.03470	0.02038	0.71026	0.02809	0.02424	0.01763	0.00881	0.00716	0.00220	0.00606	0.00716	0.00881	0.01212
17	0.01428	0.03683	0.71286	0.02030	0.03082	0.01654	0.02631	0.02255	0.01503	0.02255	0.01278	0.01503	0.00902	0.00677	0.00677	0.00226	0.01052	0.00526	0.00301	0.01052
18	0.01036	0.00690	0.00777	0.00777	0.00777	0.00690	0.00431	0.01036	0.01036	0.01381	0.02244	0.04660	0.02589	0.74975	0.03624	0.00690	0.00690	0.01036	0.00431	0.00431
19	0.01318	0.01128	0.01795	0.53550	0.03842	0.01377	0.01620	0.01735	0.01421	0.01962	0.01610	0.06650	0.01342	0.00847	0.00741	0.00231	0.03214	0.00727	0.14135	0.00755
20	0.04734	0.01364	0.02091	0.61060	0.04412	0.01664	0.01848	0.10398	0.01664	0.02220	0.01312	0.01844	0.00976	0.00728	0.00701	0.00234	0.00912	0.00624	0.00373	0.00844
21	0.01904	0.75404	0.03731	0.01218	0.01828	0.02818	0.01218	0.02132	0.01447	0.01675	0.00990	0.01142	0.00914	0.00609	0.00457	0.00152	0.00761	0.00381	0.00305	0.00914
22	0.01237	0.00618	0.00928	0.00928	0.00928	0.00618	0.00618	0.00928	0.00928	0.01237	0.01237	0.02165	0.01237	0.02474	0.02783	0.79283	0.00618	0.00618	0.00309	0.00309
23	0.10417	0.00988	0.01160	0.01016	0.01331	0.00957	0.00794	0.02048	0.08294	0.15293	0.36781	0.04006	0.08526	0.01198	0.00748	0.00221	0.00441	0.01014	0.00735	0.04034
24	0.01428	0.03683	0.71286	0.02030	0.03082	0.01654	0.02631	0.02255	0.01503	0.02255	0.01278	0.01503	0.00902	0.00677	0.00677	0.00226	0.01052	0.00526	0.00301	0.01052
25	0.03195	0.01212	0.01652	0.01267	0.01818	0.01047	0.01047	0.03470	0.02038	0.71026	0.02809	0.02424	0.01763	0.00881	0.00716	0.00220	0.00606	0.00716	0.00881	0.01212
26	0.00868	0.00620	0.00826	0.00991	0.01033	0.00578	0.00661	0.00991	0.01363	0.01818	0.03925	0.74510	0.04710	0.02231	0.00909	0.00289	0.00413	0.02024	0.00661	0.00578
27	0.01495	0.01419	0.02407	0.48528	0.28468	0.01621	0.02052	0.01951	0.01495	0.02001	0.01292	0.01850	0.01013	0.00684	0.00709	0.00228	0.00912	0.00633	0.00329	0.00912
28	0.01014	0.00687	0.00810	0.00850	0.00869	0.00679	0.00520	0.01057	0.01134	0.01508	0.02641	0.17146	0.03062	0.57302	0.02970	0.00596	0.00639	0.05558	0.00487	0.00472
29	0.01017	0.00763	0.01144	0.01144	0.01272	0.00890	0.00890	0.01272	0.01144	0.01653	0.01907	0.02797	0.01780	0.05340	0.72153	0.01144	0.01907	0.00763	0.00381	0.00636
30	0.01428	0.03683	0.71286	0.02030	0.03082	0.01654	0.02631	0.02255	0.01503	0.02255	0.01278	0.01503	0.00902	0.00677	0.00677	0.00226	0.01052	0.00526	0.00301	0.01052
31	0.01839	0.65593	0.12972	0.01329	0.01999	0.02658	0.01412	0.02149	0.01455	0.01755	0.01029	0.01192	0.00912	0.00618	0.00487	0.00162	0.00801	0.00401	0.00304	0.00933
32	0.08357	0.01223	0.01612	0.01245	0.01788	0.01084	0.01028	0.03378	0.01983	0.66468	0.02687	0.02338	0.01696	0.00867	0.00698	0.00220	0.00602	0.00694	0.00852	0.01182
33	0.01018	0.00759	0.01124	0.01124	0.01244	0.00879	0.00865	0.01258	0.01138	0.01638	0.01926	0.02900	0.01825	0.09196	0.68359	0.01119	0.01840	0.00778	0.00384	0.00624
34	0.01595	0.01628	0.02129	0.06088	0.02049	0.06557	0.01546	0.01775	0.01171	0.01720	0.01001	0.01607	0.00966	0.01335	0.04741	0.00330	0.62048	0.00618	0.00318	0.00777
35	0.02325	0.01403	0.01705	0.01539	0.06187	0.01444	0.01155	0.12685	0.23411	0.27402	0.06749	0.02810	0.04199	0.00980	0.00736	0.00229	0.00612	0.02560	0.00755	0.01114
36	0.00892	0.00639	0.00848	0.00975	0.01038	0.00595	0.00663	0.01053	0.01478	0.02000	0.15549	0.62367	0.05062	0.02095	0.00897	0.00278	0.00400	0.01895	0.00683	0.00595
37	0.01369	0.01267	0.02065	0.58219	0.04207	0.01608	0.01830	0.01747	0.01343	0.01767	0.01215	0.01866	0.00965	0.00902	0.01081	0.05289	0.11554	0.00630	0.00315	0.00759
38	0.01428	0.03683	0.71286	0.02030	0.03082	0.01654	0.02631	0.02255	0.01503	0.02255	0.01278	0.01503	0.00902	0.00677	0.00677	0.00226	0.01052	0.00526	0.00301	0.01052
39	0.01069	0.00788	0.01041	0.01162	0.01337	0.00760	0.00986	0.01360	0.01642	0.02110	0.07454	0.10289	0.17460	0.01922	0.00946	0.00304	0.00573	0.47493	0.00663	0.00642

[dist]
# distance from previous block
# <min> <max>
0	17

[block]
# block no. 8 follows, 29 sequences, length 74
# corresponding to MSA columns:
# 333-406
name=unknown_I
#
# <colnr> <probs for GDERKNQSTAVLIFYWHMCP>
#	G	D	E	R	K	N	Q	S	T	A	V	L	I	F	Y	W	H	M	C	P
0	0.01762	0.01692	0.02890	0.04371	0.70533	0.01692	0.02185	0.02185	0.01621	0.02326	0.01339	0.01762	0.01128	0.00634	0.00705	0.00211	0.00846	0.00634	0.00352	0.01128
1	0.04102	0.01456	0.01568	0.01353	0.01737	0.01632	0.01067	0.15966	0.35702	0.06408	0.02919	0.02889	0.08973	0.04220	0.00916	0.00254	0.03862	0.00826	0.03126	0.01023
2	0.00953	0.00722	0.00879	0.00848	0.01032	0.00647	0.00633	0.01235	0.01874	0.02539	0.48962	0.08482	0.25413	0.01589	0.00843	0.00231	0.00346	0.01380	0.00743	0.00647
3	0.03139	0.01302	0.01708	0.01310	0.01863	0.01180	0.01082	0.10926	0.02189	0.63357	0.02682	0.02341	0.01699	0.00878	0.00716	0.00220	0.00626	0.00707	0.00862	0.01212
4	0.01455	0.07665	0.67535	0.01985	0.03012	0.01718	0.02552	0.02248	0.01500	0.02223	0.01262	0.01483	0.00903	0.00673	0.00664	0.00221	0.01036	0.00518	0.00301	0.01045
5	0.01587	0.01745	0.03572	0.02638	0.03181	0.01750	0.51228	0.02073	0.01558	0.02148	0.01585	0.08458	0.01387	0.00852	0.01086	0.00256	0.12707	0.00913	0.00380	0.00897
6	0.00868	0.00620	0.00826	0.00991	0.01033	0.00578	0.00661	0.00991	0.01363	0.01818	0.03925	0.74510	0.04710	0.02231	0.00909	0.00289	0.00413	0.02024	0.00661	0.00578
7	0.01605	0.01637	0.02174	0.01868	0.01884	0.05198	0.01550	0.01762	0.01131	0.01715	0.00942	0.01546	0.00934	0.01224	0.02264	0.00306	0.70549	0.00616	0.00314	0.00781
8	0.01036	0.00690	0.00777	0.00777	0.00777	0.00690	0.00431	0.01036	0.01036	0.01381	0.02244	0.04660	0.02589	0.74975	0.03624	0.00690	0.00690	0.01036	0.00431	0.00431
9	0.01762	0.01692	0.02890	0.04371	0.70533	0.01692	0.02185	0.02185	0.01621	0.02326	0.01339	0.01762	0.01128	0.00634	0.00705	0.00211	0.00846	0.00634	0.00352	0.01128
10	0.00849	0.00722	0.00732	0.00729	0.00966	0.00604	0.00547	0.01036	0.01641	0.01965	0.10034	0.06784	0.67398	0.01788	0.00841	0.00240	0.00360	0.01493	0.00667	0.00604
11	0.02615	0.01860	0.02002	0.01547	0.02084	0.02043	0.01274	0.60533	0.03153	0.06740	0.01798	0.01811	0.01280	0.00854	0.00695	0.00210	0.00741	0.00646	0.06946	0.01167
12	0.01771	0.01530	0.01610	0.01449	0.01852	0.01771	0.01127	0.03784	0.69247	0.02979	0.02898	0.02657	0.02174	0.00966	0.00725	0.00242	0.00564	0.00805	0.00725	0.01127
13	0.00873	0.00624	0.00831	0.00988	0.01034	0.00582	0.00661	0.01005	0.01388	0.01857	0.06407	0.71917	0.04785	0.02202	0.00906	0.00287	0.00410	0.01997	0.00666	0.00582
14	0.00868	0.00620	0.00826	0.00991	0.01033	0.00578	0.00661	0.00991	0.01363	0.01818	0.03925	0.74510	0.04710	0.02231	0.00909	0.00289	0.00413	0.02024	0.00661	0.00578
15	0.00877	0.00627	0.00838	0.01003	0.01048	0.00587	0.00678	0.01009	0.01373	0.01829	0.03919	0.72153	0.04688	0.02221	0.00912	0.00291	0.00422	0.04284	0.00661	0.00581
16	0.01558	0.01558	0.02181	0.01869	0.01869	0.02181	0.01558	0.01714	0.01091	0.01714	0.00935	0.01558	0.00935	0.01246	0.02337	0.00312	0.73672	0.00623	0.00312	0.00779
17	0.67969	0.01473	0.01216	0.01046	0.01506	0.01693	0.00862	0.12380	0.01544	0.03396	0.01103	0.01243	0.00840	0.00691	0.00483	0.00219	0.00587	0.00425	0.00483	0.00840
18	0.80005	0.01377	0.01047	0.00936	0.01377	0.01597	0.00771	0.02093	0.01212	0.03195	0.00991	0.01157	0.00771	0.00661	0.00441	0.00220	0.00551	0.00386	0.00441	0.00771
19	0.01762	0.01692	0.02890	0.04371	0.70533	0.01692	0.02185	0.02185	0.01621	0.02326	0.01339	0.01762	0.01128	0.00634	0.00705	0.00211	0.00846	0.00634	0.00352	0.01128
20	0.00909	0.00678	0.00846	0.00901	0.01028	0.00615	0.00638	0.01116	0.01639	0.02189	0.26877	0.36537	0.19666	0.01877	0.00871	0.00257	0.00376	0.01663	0.00702	0.00615
21	0.06676	0.01098	0.01303	0.04361	0.04148	0.01082	0.00934	0.07353	0.07506	0.16480	0.11121	0.04296	0.25927	0.01274	0.00764	0.00233	0.00526	0.03366	0.00687	0.00867
22	0.03905	0.07162	0.65748	0.01955	0.02967	0.01710	0.02503	0.02244	0.01491	0.02256	0.01255	0.01475	0.00899	0.00673	0.00658	0.00222	0.01022	0.00515	0.00305	0.01037
23	0.03195	0.01212	0.01652	0.01267	0.01818	0.01047	0.01047	0.03470	0.02038	0.71026	0.02809	0.02424	0.01763	0.00881	0.00716	0.00220	0.00606	0.00716	0.00881	0.01212
24	0.00940	0.00725	0.00857	0.00824	0.01022	0.00643	0.00618	0.01212	0.01855	0.02473	0.44336	0.05948	0.32779	0.01598	0.00841	0.00231	0.00346	0.01376	0.00734	0.00643
