[name]
unknown

[dist]
# distance from previous block
# <min> <max>
0	35

[block]
# block no. 0 follows, 30 sequences, length 18
# corresponding to MSA columns:
# 35-52
name=unknown_A
#
# <colnr> <probs for GDERKNQSTAVLIFYWHMCP>
#	G	D	E	R	K	N	Q	S	T	A	V	L	I	F	Y	W	H	M	C	P
0	0.01352	0.00847	0.01181	0.01280	0.01484	0.00828	0.01113	0.01667	0.01651	0.09964	0.03588	0.07249	0.03757	0.01807	0.00934	0.00309	0.00637	0.58980	0.00668	0.00704
1	0.02934	0.01286	0.01654	0.01292	0.01817	0.01200	0.01059	0.08812	0.09791	0.58298	0.02674	0.02344	0.01729	0.00871	0.00702	0.00218	0.00603	0.00706	0.00833	0.01178
2	0.08022	0.01335	0.01395	0.01183	0.01563	0.01466	0.00943	0.21797	0.19940	0.07050	0.02175	0.02207	0.01620	0.00845	0.00615	0.00203	0.00545	0.00662	0.25471	0.00963
3	0.00980	0.00662	0.00771	0.00806	0.00814	0.00653	0.00470	0.01006	0.01083	0.01444	0.02548	0.19493	0.02977	0.59948	0.02988	0.00593	0.00619	0.01220	0.00470	0.00453
4	0.02219	0.01989	0.01804	0.01440	0.01945	0.17586	0.01147	0.30407	0.04496	0.03082	0.01491	0.01596	0.01141	0.00727	0.00623	0.00173	0.00781	0.00536	0.04535	0.22281
5	0.00935	0.00686	0.00876	0.00883	0.01024	0.00628	0.00641	0.01194	0.01771	0.02439	0.46721	0.23036	0.13261	0.01657	0.00840	0.00237	0.00351	0.01468	0.00724	0.00628
6	0.02913	0.00824	0.00999	0.00945	0.01151	0.00763	0.00691	0.04698	0.01686	0.04526	0.27299	0.24092	0.10032	0.07236	0.01004	0.00262	0.00433	0.01309	0.00654	0.08481
7	0.01697	0.01056	0.01127	0.00982	0.01254	0.01120	0.00767	0.22704	0.02001	0.03052	0.02120	0.06277	0.01726	0.00978	0.00689	0.04194	0.00483	0.00715	0.46261	0.00797
8	0.04954	0.02524	0.01786	0.01578	0.01954	0.42451	0.01210	0.13390	0.09833	0.02448	0.06803	0.01832	0.01554	0.00820	0.00652	0.00195	0.00967	0.00585	0.03580	0.00884
9	0.04283	0.14665	0.05216	0.01603	0.02013	0.25366	0.01346	0.11665	0.12023	0.02304	0.01386	0.01539	0.01120	0.00818	0.00860	0.00208	0.11685	0.00537	0.00439	0.00921
10	0.45978	0.01370	0.01395	0.17023	0.02210	0.01603	0.01092	0.07327	0.09183	0.02895	0.01332	0.01541	0.01011	0.00712	0.00544	0.00220	0.00639	0.00504	0.02591	0.00830
11	0.01237	0.00851	0.01030	0.01003	0.01115	0.00879	0.00692	0.11459	0.01481	0.01992	0.04075	0.25384	0.02850	0.26018	0.07482	0.09460	0.00683	0.01192	0.00525	0.00592
12	0.01187	0.09313	0.01315	0.03315	0.01286	0.01053	0.00786	0.06422	0.01445	0.01917	0.06158	0.35314	0.03262	0.18058	0.03568	0.00370	0.02727	0.01327	0.00540	0.00639
13	0.01443	0.12024	0.01626	0.06765	0.03956	0.01289	0.00956	0.10072	0.03334	0.04555	0.17998	0.08469	0.13764	0.07301	0.00952	0.00250	0.00566	0.00989	0.00576	0.03113
14	0.02048	0.01702	0.01859	0.09864	0.07741	0.09099	0.01316	0.25216	0.13464	0.06477	0.06040	0.02350	0.05307	0.01042	0.03126	0.00246	0.00788	0.00723	0.00591	0.01000
15	0.10266	0.01334	0.01917	0.04147	0.08253	0.01443	0.10108	0.05402	0.01431	0.02203	0.05541	0.02358	0.01613	0.15055	0.01529	0.00310	0.15300	0.00707	0.00415	0.10669
16	0.18851	0.04840	0.12751	0.04287	0.16552	0.05314	0.06513	0.02219	0.05516	0.04141	0.01281	0.01568	0.01019	0.00750	0.00861	0.00227	0.11443	0.00559	0.00384	0.00926
17	0.01752	0.01885	0.01794	0.08378	0.13836	0.25748	0.01323	0.02018	0.01623	0.01917	0.01750	0.12699	0.01721	0.01209	0.04751	0.00255	0.00929	0.04368	0.00419	0.11625

[dist]
# distance from previous block
# <min> <max>
63	116

[block]
# block no. 1 follows, 30 sequences, length 110
# corresponding to MSA columns:
# 193-302
name=unknown_B
#
# <colnr> <probs for GDERKNQSTAVLIFYWHMCP>
#	G	D	E	R	K	N	Q	S	T	A	V	L	I	F	Y	W	H	M	C	P
0	0.01128	0.00904	0.01238	0.03482	0.11989	0.00882	0.00940	0.05708	0.01617	0.02160	0.11075	0.37914	0.14931	0.01662	0.00823	0.00250	0.00492	0.01483	0.00608	0.00710
1	0.01424	0.01353	0.02261	0.53329	0.19415	0.01615	0.01955	0.01856	0.01416	0.01887	0.01234	0.01808	0.00968	0.00717	0.00805	0.00232	0.05939	0.00620	0.00318	0.00848
2	0.03572	0.01443	0.02419	0.38677	0.36412	0.01602	0.02005	0.01961	0.01482	0.02055	0.01268	0.01778	0.01009	0.00660	0.00687	0.00220	0.00872	0.00615	0.00330	0.00932
3	0.04438	0.01466	0.02223	0.41523	0.24875	0.05022	0.01863	0.01996	0.03818	0.02022	0.01374	0.03868	0.01122	0.00724	0.00688	0.00223	0.00873	0.00648	0.00351	0.00884
4	0.01060	0.00718	0.00801	0.00786	0.00811	0.00720	0.00455	0.03135	0.01105	0.01466	0.02343	0.04547	0.04744	0.70713	0.03373	0.00647	0.00669	0.01018	0.00439	0.00452
5	0.06256	0.01797	0.01961	0.01614	0.04575	0.01978	0.01268	0.57158	0.02930	0.04008	0.01717	0.05282	0.01333	0.00947	0.00771	0.03235	0.00735	0.00682	0.00655	0.01099
6	0.00849	0.00612	0.00805	0.00959	0.01009	0.00568	0.00642	0.00973	0.01349	0.01786	0.04005	0.71655	0.07878	0.02166	0.00887	0.00281	0.00402	0.01959	0.00648	0.00568
7	0.01318	0.01240	0.02093	0.73798	0.04806	0.01550	0.01938	0.01783	0.01395	0.01783	0.01240	0.01860	0.00930	0.00698	0.00698	0.00233	0.00930	0.00620	0.00310	0.00775
8	0.00850	0.00607	0.00810	0.00972	0.01012	0.00567	0.00648	0.00972	0.01336	0.01781	0.03846	0.75020	0.04615	0.02186	0.00891	0.00283	0.00405	0.01984	0.00648	0.00567
9	0.01349	0.01286	0.02192	0.66783	0.06703	0.01580	0.04400	0.01807	0.01400	0.01812	0.01239	0.01847	0.00940	0.00708	0.00752	0.00234	0.03237	0.00627	0.00313	0.00791
10	0.01484	0.01262	0.01467	0.01051	0.01669	0.00968	0.00842	0.03812	0.01503	0.02339	0.01254	0.01454	0.01038	0.00527	0.00522	0.00107	0.00524	0.00420	0.00422	0.77334
11	0.01318	0.01240	0.02093	0.73798	0.04806	0.01550	0.01938	0.01783	0.01395	0.01783	0.01240	0.01860	0.00930	0.00698	0.00698	0.00233	0.00930	0.00620	0.00310	0.00775
12	0.00862	0.00620	0.00808	0.00946	0.00999	0.00577	0.00633	0.00990	0.01363	0.01814	0.06943	0.65635	0.07739	0.05270	0.00998	0.00295	0.00411	0.01886	0.00644	0.00566
13	0.01313	0.01213	0.02042	0.70678	0.04639	0.01510	0.01881	0.01746	0.01375	0.01759	0.01239	0.01872	0.00942	0.00772	0.00785	0.03635	0.00916	0.00620	0.00310	0.00755
14	0.00850	0.00607	0.00810	0.00972	0.01012	0.00567	0.00648	0.00972	0.01336	0.01781	0.03846	0.75020	0.04615	0.02186	0.00891	0.00283	0.00405	0.01984	0.00648	0.00567
15	0.00870	0.00620	0.00820	0.00954	0.01005	0.00580	0.00640	0.01006	0.01384	0.01861	0.10186	0.65483	0.04720	0.05081	0.00992	0.00293	0.00409	0.01875	0.00650	0.00570
16	0.02500	0.01611	0.01864	0.06012	0.02157	0.01731	0.01248	0.35746	0.13431	0.20937	0.02164	0.02186	0.01538	0.00884	0.00708	0.00220	0.00696	0.02520	0.00716	0.01133
17	0.01324	0.01084	0.01486	0.25378	0.02547	0.01199	0.01279	0.09485	0.04767	0.02237	0.03197	0.09829	0.14203	0.01337	0.00803	0.00257	0.00681	0.17609	0.00543	0.00757
18	0.01336	0.01259	0.02126	0.70665	0.07795	0.01555	0.01947	0.01799	0.01404	0.01805	0.01244	0.01854	0.00938	0.00694	0.00697	0.00231	0.00926	0.00620	0.00312	0.00790
19	0.00903	0.00646	0.00858	0.01008	0.01073	0.00612	0.00715	0.01055	0.01376	0.01818	0.03848	0.58574	0.06442	0.05268	0.01015	0.00305	0.00455	0.12818	0.00637	0.00574
20	0.13733	0.01553	0.02453	0.13439	0.51199	0.01629	0.01901	0.02078	0.01500	0.02341	0.01250	0.01655	0.01027	0.00636	0.00652	0.00212	0.00799	0.00584	0.00354	0.01006
21	0.03817	0.01222	0.01923	0.58548	0.04127	0.01493	0.01754	0.01915	0.06988	0.01948	0.01601	0.02484	0.01323	0.00836	0.00716	0.00241	0.00859	0.07037	0.00379	0.00788
22	0.07501	0.03673	0.01102	0.00927	0.01148	0.00856	0.00698	0.01615	0.01717	0.11561	0.39976	0.07627	0.04559	0.12650	0.01184	0.00289	0.00453	0.01082	0.00678	0.00704
23	0.02502	0.13276	0.02317	0.01536	0.02095	0.02242	0.01299	0.56431	0.05182	0.03927	0.01606	0.01621	0.01173	0.00804	0.00660	0.00201	0.00757	0.00594	0.00637	0.01139
24	0.01086	0.00730	0.00872	0.00844	0.01024	0.00655	0.00610	0.01290	0.01642	0.07478	0.26986	0.13596	0.26960	0.11675	0.01194	0.00294	0.00414	0.01340	0.00674	0.00633
25	0.01410	0.01397	0.03917	0.47963	0.19571	0.03023	0.01887	0.01846	0.01472	0.01924	0.01634	0.02294	0.04398	0.00783	0.00711	0.00229	0.00877	0.03472	0.00349	0.00844
26	0.02624	0.01739	0.01913	0.01478	0.02004	0.01876	0.01217	0.53712	0.02947	0.14567	0.01886	0.01852	0.01315	0.00840	0.00683	0.00207	0.00708	0.00641	0.06646	0.01146
27	0.01429	0.01017	0.01239	0.01197	0.01457	0.01037	0.00983	0.11947	0.07391	0.05704	0.14892	0.08991	0.11042	0.01546	0.00849	0.00264	0.00557	0.26990	0.00688	0.00781
28	0.00871	0.00630	0.00828	0.00971	0.01036	0.00587	0.00671	0.01016	0.01393	0.01846	0.06583	0.63854	0.08814	0.02115	0.00889	0.00280	0.00414	0.05974	0.00652	0.00576
29	0.02283	0.08917	0.12765	0.01731	0.02206	0.53073	0.01488	0.02563	0.01839	0.01788	0.01367	0.01526	0.04049	0.00748	0.00629	0.00186	0.01143	0.00500	0.00358	0.00840
30	0.09223	0.49217	0.14967	0.04911	0.02127	0.05793	0.01435	0.02125	0.01432	0.01890	0.01037	0.01225	0.00882	0.00624	0.00504	0.00173	0.00810	0.00414	0.00314	0.00895
31	0.00952	0.00676	0.00798	0.00816	0.00892	0.00640	0.00528	0.01068	0.01357	0.01809	0.17499	0.17748	0.13683	0.36076	0.02105	0.00446	0.00508	0.01308	0.00568	0.00522
32	0.52421	0.01469	0.05554	0.12209	0.02038	0.01534	0.01089	0.05369	0.01414	0.07148	0.03358	0.01497	0.01054	0.00703	0.00529	0.00219	0.00637	0.00483	0.00455	0.00820
33	0.01368	0.01069	0.01414	0.01610	0.11429	0.01112	0.01089	0.02066	0.18299	0.04968	0.12239	0.10807	0.06274	0.04035	0.05414	0.00321	0.00646	0.14392	0.00618	0.00827
34	0.00996	0.00675	0.00797	0.00814	0.00829	0.00682	0.00485	0.01030	0.01058	0.01421	0.02344	0.11840	0.02688	0.61683	0.09241	0.00673	0.00751	0.01094	0.00442	0.00455
35	0.00853	0.00627	0.00800	0.00927	0.01003	0.00575	0.00631	0.00993	0.01406	0.01847	0.07625	0.61367	0.14615	0.02086	0.00877	0.00273	0.00393	0.01872	0.00654	0.00575
36	0.01369	0.01292	0.02185	0.65167	0.13041	0.01564	0.01963	0.01827	0.01419	0.01845	0.01249	0.01844	0.00952	0.00688	0.00697	0.00229	0.00918	0.00620	0.00314	0.00816
37	0.01753	0.01720	0.02770	0.06451	0.65839	0.04855	0.02099	0.02159	0.01600	0.02238	0.01300	0.01710	0.01090	0.00629	0.00688	0.00207	0.00852	0.00614	0.00345	0.01081
38	0.02517	0.03177	0.01991	0.01801	0.02130	0.66834	0.01363	0.02695	0.01902	0.01706	0.01065	0.01281	0.00900	0.00761	0.00767	0.00190	0.07298	0.00463	0.00355	0.00805
39	0.01127	0.00957	0.01037	0.04273	0.01369	0.03755	0.00806	0.03255	0.09656	0.02095	0.07954	0.16589	0.31204	0.04050	0.00911	0.00264	0.00502	0.08885	0.00627	0.00683
40	0.01505	0.01431	0.02430	0.42074	0.35071	0.01600	0.02031	0.01947	0.01484	0.02010	0.01273	0.01800	0.01010	0.00663	0.00695	0.00221	0.00884	0.00621	0.00326	0.00926
41	0.01540	0.01346	0.02217	0.50150	0.20086	0.01551	0.01897	0.02043	0.04250	0.06163	0.01413	0.01890	0.01068	0.00700	0.00697	0.00226	0.00871	0.00632	0.00368	0.00891
42	0.00980	0.00707	0.00926	0.00883	0.01041	0.00653	0.00658	0.01297	0.01939	0.02741	0.66974	0.09157	0.06473	0.01470	0.00827	0.00223	0.00333	0.01303	0.00761	0.00653
43	0.01888	0.01312	0.01464	0.01284	0.01679	0.01411	0.01013	0.05324	0.41982	0.16293	0.05553	0.03257	0.10493	0.01069	0.00733	0.00233	0.00539	0.02707	0.00732	0.01034
44	0.00870	0.00621	0.00798	0.00931	0.00976	0.00582	0.00613	0.00979	0.01307	0.01731	0.03791	0.62517	0.07609	0.11671	0.01233	0.00332	0.00438	0.01833	0.00619	0.00549
45	0.02145	0.01580	0.01740	0.01406	0.01826	0.01746	0.01130	0.45909	0.06936	0.03595	0.04926	0.02279	0.01681	0.07229	0.09826	0.00359	0.00850	0.00712	0.03111	0.01012
46	0.02171	0.01485	0.01652	0.01402	0.01851	0.01626	0.01114	0.11791	0.45944	0.18871	0.02674	0.02435	0.01920	0.00914	0.00707	0.00229	0.00589	0.00749	0.00744	0.01134
47	0.14500	0.01723	0.01816	0.01437	0.01947	0.01895	0.01177	0.46544	0.07071	0.09893	0.01804	0.04008	0.01336	0.00860	0.00664	0.00215	0.00692	0.00649	0.00671	0.01096
48	0.00899	0.00708	0.00801	0.00779	0.00976	0.00621	0.00578	0.01131	0.01724	0.02237	0.32889	0.06015	0.41824	0.04613	0.00934	0.00247	0.00357	0.01368	0.00688	0.00611
49	0.02655	0.01802	0.01981	0.01535	0.02078	0.01956	0.01263	0.53713	0.08257	0.14587	0.01931	0.01855	0.01343	0.00850	0.00700	0.00213	0.00724	0.00652	0.00724	0.01180
50	0.01017	0.00713	0.00893	0.00885	0.01042	0.00652	0.00650	0.01260	0.01721	0.04602	0.38972	0.16287	0.16716	0.07240	0.01044	0.00271	0.00394	0.04310	0.00700	0.00631
51	0.01781	0.00915	0.01165	0.00997	0.01324	0.00817	0.00785	0.02111	0.04136	0.28347	0.30329	0.04367	0.17504	0.01269	0.00774	0.00222	0.00440	0.01079	0.00778	0.00857
52	0.00892	0.00625	0.00797	0.00918	0.00948	0.00595	0.00591	0.00983	0.01254	0.01672	0.03427	0.57110	0.04087	0.20817	0.01567	0.00383	0.00474	0.01737	0.00591	0.00530
53	0.66338	0.01379	0.01160	0.01005	0.01452	0.01565	0.00826	0.06258	0.04160	0.08680	0.01232	0.01325	0.00915	0.00689	0.00481	0.00216	0.00558	0.00436	0.00494	0.00830
54	0.00907	0.00658	0.00867	0.00996	0.01083	0.00617	0.00720	0.01086	0.01461	0.01936	0.10285	0.51936	0.09777	0.02040	0.00892	0.00280	0.00434	0.12776	0.00658	0.00590
55	0.01276	0.00653	0.00660	0.00660	0.00809	0.00653	0.00482	0.01573	0.01425	0.02494	0.02270	0.02771	0.01853	0.07246	0.00752	0.00207	0.00355	0.00682	0.72549	0.00631
56	0.01009	0.00732	0.01043	0.01043	0.01146	0.00830	0.00780	0.01216	0.01113	0.01602	0.01941	0.03064	0.01888	0.17669	0.58119	0.01012	0.01608	0.00792	0.02803	0.00588
57	0.00873	0.00629	0.00831	0.00980	0.01041	0.00587	0.00677	0.01017	0.01385	0.01838	0.05976	0.65277	0.07468	0.02127	0.00891	0.00282	0.00417	0.06479	0.00651	0.00576
58	0.01029	0.00675	0.00756	0.00756	0.00764	0.00675	0.00426	0.01044	0.01036	0.01413	0.02202	0.04472	0.02501	0.71881	0.03404	0.00652	0.00660	0.00997	0.04223	0.00434
59	0.00862	0.00616	0.00824	0.00986	0.01032	0.00577	0.00669	0.00993	0.01348	0.01795	0.03839	0.72013	0.04589	0.02175	0.00894	0.00285	0.00416	0.04870	0.00648	0.00570
60	0.01564	0.01491	0.02538	0.32011	0.44671	0.01615	0.02060	0.01999	0.01512	0.02082	0.01284	0.01780	0.01036	0.00652	0.00694	0.00217	0.00869	0.00621	0.00331	0.00974
61	0.00859	0.00620	0.00814	0.00952	0.01011	0.00574	0.00643	0.00998	0.01394	0.01859	0.08795	0.66698	0.07977	0.02111	0.00883	0.00276	0.00397	0.01907	0.00656	0.00574
62	0.01752	0.01490	0.01582	0.01423	0.01815	0.01715	0.01116	0.06741	0.63600	0.02953	0.02822	0.02795	0.02169	0.00985	0.00721	0.00239	0.00567	0.03720	0.00706	0.01088
63	0.02932	0.01313	0.01673	0.01304	0.01832	0.01236	0.01070	0.11431	0.08963	0.56493	0.02630	0.02312	0.01702	0.00869	0.00702	0.00217	0.00611	0.00702	0.00828	0.01179
64	0.01166	0.00883	0.01069	0.01050	0.01240	0.00892	0.00788	0.05977	0.11609	0.02539	0.29821	0.25047	0.07728	0.01587	0.00828	0.00247	0.00434	0.05662	0.00707	0.00727
65	0.01536	0.01244	0.01459	0.01053	0.01664	0.00955	0.00844	0.01886	0.03203	0.05662	0.01354	0.01521	0.01095	0.00545	0.00531	0.00112	0.00521	0.00437	0.00443	0.73933
66	0.02404	0.01762	0.01924	0.01475	0.02033	0.01864	0.01210	0.49592	0.07282	0.07164	0.01728	0.01730	0.01248	0.00790	0.00667	0.00193	0.00701	0.00605	0.00657	0.14972
67	0.01583	0.01281	0.01490	0.01082	0.01689	0.01019	0.00868	0.05145	0.03699	0.05205	0.01373	0.01532	0.01103	0.00560	0.00539	0.00117	0.00533	0.00447	0.00455	0.70279
68	0.01869	0.01704	0.02719	0.03873	0.60550	0.01736	0.02017	0.12361	0.01848	0.02605	0.01368	0.01719	0.01118	0.00655	0.00692	0.00208	0.00820	0.00623	0.00399	0.01118
69	0.01157	0.00949	0.00999	0.00950	0.01174	0.04276	0.00725	0.07264	0.01837	0.02358	0.24644	0.08461	0.30659	0.05194	0.00951	0.00256	0.00468	0.06345	0.00663	0.00669
70	0.00988	0.00713	0.00933	0.00878	0.01043	0.00658	0.00658	0.01317	0.01975	0.02798	0.70754	0.05213	0.06584	0.01427	0.00823	0.00219	0.00329	0.01262	0.00768	0.00658
71	0.01488	0.01265	0.01469	0.01053	0.01671	0.00972	0.00844	0.04052	0.01510	0.02347	0.01255	0.01455	0.01039	0.00528	0.00523	0.00107	0.00525	0.00421	0.00423	0.77052
72	0.00997	0.00748	0.01121	0.01121	0.01246	0.00872	0.00872	0.01246	0.01121	0.01620	0.01869	0.02741	0.01745	0.05234	0.72710	0.01121	0.01869	0.00748	0.00374	0.00623
73	0.02653	0.01955	0.02094	0.01606	0.02164	0.02164	0.01326	0.68796	0.03281	0.04398	0.01675	0.01675	0.01187	0.00838	0.00698	0.00209	0.00768	0.00628	0.00698	0.01187
74	0.01770	0.61083	0.17633	0.01357	0.02043	0.02527	0.01478	0.02114	0.01429	0.01758	0.01028	0.01192	0.00893	0.00611	0.00492	0.00164	0.00805	0.00402	0.00298	0.00923
75	0.00889	0.00624	0.00798	0.00922	0.00953	0.00593	0.00595	0.00982	0.01261	0.01681	0.03459	0.58471	0.04127	0.19401	0.01516	0.00376	0.00469	0.01756	0.00595	0.00533
76	0.00879	0.00709	0.00782	0.00763	0.00976	0.00612	0.00573	0.01106	0.01718	0.02187	0.28115	0.06219	0.49606	0.01655	0.00824	0.00230	0.00345	0.01403	0.00688	0.00612
77	0.01817	0.01406	0.01545	0.01388	0.01768	0.01576	0.01097	0.08715	0.49712	0.08043	0.02865	0.06482	0.02316	0.01082	0.00741	0.00243	0.00574	0.06871	0.00711	0.01049
78	0.02643	0.02250	0.02069	0.01647	0.02163	0.17369	0.01331	0.54562	0.03000	0.03818	0.01547	0.01585	0.01125	0.00812	0.00683	0.00203	0.00874	0.00590	0.00625	0.01105
79	0.00847	0.00620	0.00797	0.00938	0.01003	0.00570	0.00633	0.00975	0.01368	0.01795	0.04255	0.66352	0.13019	0.02133	0.00882	0.00277	0.00398	0.01919	0.00648	0.00570
80	0.01571	0.01734	0.03649	0.19326	0.03915	0.01715	0.53177	0.02131	0.01589	0.02131	0.01372	0.01877	0.01029	0.00614	0.00794	0.00235	0.01120	0.00777	0.00343	0.00903
81	0.25718	0.05447	0.01800	0.01454	0.01903	0.28052	0.01159	0.21718	0.02097	0.02910	0.01216	0.01337	0.00940	0.00727	0.00583	0.00198	0.00880	0.00477	0.00477	0.00907
82	0.67056	0.06032	0.04447	0.01027	0.01504	0.01679	0.00901	0.06355	0.01349	0.03080	0.01029	0.01183	0.00798	0.00658	0.00460	0.00212	0.00589	0.00400	0.00435	0.00804
83	0.04608	0.01779	0.01871	0.01497	0.01973	0.04925	0.01218	0.48833	0.07404	0.05244	0.04378	0.01962	0.01499	0.01301	0.07959	0.00303	0.00858	0.00662	0.00650	0.01076
84	0.01084	0.00735	0.00964	0.00894	0.01076	0.00675	0.00675	0.01410	0.01976	0.05880	0.67709	0.05086	0.06367	0.01401	0.00818	0.00219	0.00341	0.01237	0.00772	0.00682
85	0.02029	0.01700	0.05935	0.01466	0.01948	0.01754	0.01227	0.21307	0.40280	0.08003	0.02576	0.02418	0.04314	0.00924	0.00708	0.00227	0.00636	0.00748	0.00690	0.01109
86	0.01723	0.01697	0.02800	0.09929	0.59714	0.04354	0.05294	0.02141	0.01590	0.02214	0.01302	0.01728	0.01081	0.00630	0.00695	0.00210	0.00871	0.00625	0.00343	0.01059
87	0.00988	0.00713	0.00933	0.00878	0.01043	0.00658	0.00658	0.01317	0.01975	0.02798	0.70754	0.05213	0.06584	0.01427	0.00823	0.00219	0.00329	0.01262	0.00768	0.00658
88	0.00965	0.00791	0.01286	0.01255	0.01392	0.00739	0.10430	0.01154	0.01381	0.01847	0.03496	0.64489	0.04103	0.01956	0.00881	0.00276	0.00516	0.01817	0.00605	0.00621
89	0.00927	0.00648	0.00800	0.00871	0.00915	0.00620	0.00557	0.01024	0.01284	0.01720	0.10064	0.38158	0.06271	0.30682	0.01920	0.00429	0.00501	0.01516	0.00572	0.00521
90	0.01400	0.03610	0.71860	0.01989	0.03020	0.01621	0.02578	0.02210	0.01473	0.02210	0.01252	0.01473	0.00884	0.00663	0.00663	0.00221	0.01031	0.00516	0.00295	0.01031
91	0.01400	0.03610	0.71860	0.01989	0.03020	0.01621	0.02578	0.02210	0.01473	0.02210	0.01252	0.01473	0.00884	0.00663	0.00663	0.00221	0.01031	0.00516	0.00295	0.01031
92	0.80405	0.01350	0.01026	0.00918	0.01350	0.01565	0.00756	0.02051	0.01188	0.03131	0.00972	0.01134	0.00756	0.00648	0.00432	0.00216	0.00540	0.00378	0.00432	0.00756
93	0.02494	0.01876	0.02005	0.01574	0.02104	0.02090	0.01288	0.57549	0.14786	0.04142	0.01877	0.01836	0.01350	0.00857	0.00700	0.00214	0.00731	0.00656	0.00700	0.01173
94	0.01318	0.01240	0.02093	0.73798	0.04806	0.01550	0.01938	0.01783	0.01395	0.01783	0.01240	0.01860	0.00930	0.00698	0.00698	0.00233	0.00930	0.00620	0.00310	0.00775
95	0.01332	0.01236	0.02073	0.68814	0.07131	0.01525	0.01898	0.01791	0.01405	0.01828	0.01277	0.01880	0.00965	0.00699	0.00691	0.00229	0.00907	0.00621	0.02915	0.00783
96	0.00839	0.00712	0.00727	0.00735	0.00967	0.00599	0.00559	0.01023	0.01591	0.01895	0.06907	0.06771	0.67622	0.01775	0.00831	0.00240	0.00367	0.04600	0.00648	0.00592
97	0.00998	0.00744	0.01104	0.01104	0.01223	0.00863	0.00851	0.01235	0.01116	0.01607	0.01885	0.02829	0.01783	0.08616	0.69380	0.01100	0.01812	0.00761	0.00376	0.00613
98	0.01000	0.00736	0.01065	0.01065	0.01170	0.00841	0.00801	0.01210	0.01105	0.01578	0.01921	0.03029	0.01870	0.16315	0.61800	0.01051	0.01681	0.00790	0.00382	0.00591
99	0.02607	0.03326	0.01978	0.01798	0.02157	0.72674	0.01348	0.02787	0.01978	0.01708	0.01079	0.01258	0.00899	0.00719	0.00629	0.00180	0.01258	0.00449	0.00360	0.00809
100	0.01625	0.01309	0.01488	0.04885	0.01859	0.01474	0.01129	0.03065	0.47813	0.05607	0.03053	0.03745	0.04391	0.01154	0.00764	0.00253	0.00585	0.14137	0.00682	0.00984
101	0.05121	0.18309	0.02485	0.02106	0.15967	0.28989	0.01451	0.08482	0.01828	0.04038	0.01192	0.01400	0.00985	0.00708	0.00678	0.00189	0.04259	0.00496	0.00389	0.00929
102	0.01667	0.03767	0.10153	0.01302	0.01701	0.01390	0.01129	0.24838	0.04379	0.02823	0.05610	0.19125	0.02399	0.09709	0.01051	0.00276	0.00652	0.00993	0.03169	0.03868
103	0.05054	0.01826	0.07816	0.04484	0.06982	0.08109	0.25192	0.07800	0.05016	0.02318	0.03976	0.04323	0.03971	0.00959	0.00942	0.08271	0.00910	0.00760	0.00426	0.00864
104	0.15481	0.01718	0.04932	0.04062	0.01837	0.10611	0.01115	0.22250	0.04461	0.03036	0.13396	0.05767	0.06508	0.00997	0.00679	0.00216	0.00688	0.00781	0.00581	0.00884
105	0.05319	0.01388	0.12175	0.01248	0.01647	0.01048	0.03955	0.07258	0.01801	0.09266	0.23326	0.16395	0.07359	0.01260	0.00760	0.00228	0.00567	0.01094	0.00624	0.03282
106	0.07597	0.09379	0.34415	0.02135	0.16821	0.01580	0.01911	0.02019	0.01529	0.02289	0.08843	0.02117	0.04926	0.00781	0.00655	0.00212	0.00816	0.00639	0.00384	0.00952
107	0.02195	0.16518	0.02280	0.01602	0.02028	0.36224	0.04502	0.08715	0.08331	0.02183	0.07599	0.01785	0.01562	0.00786	0.00636	0.00188	0.00961	0.00575	0.00449	0.00881
108	0.05773	0.16764	0.02121	0.01358	0.01815	0.01710	0.05383	0.09709	0.16248	0.13129	0.09692	0.02320	0.02015	0.02952	0.00780	0.00219	0.02842	0.00695	0.00586	0.03889
109	0.05353	0.06548	0.12220	0.02427	0.12348	0.01739	0.25932	0.02072	0.03727	0.02157	0.01601	0.05405	0.03389	0.00820	0.00943	0.00235	0.11045	0.00750	0.00373	0.00916

[dist]
# distance from previous block
# <min> <max>
8	63

[block]
# block no. 2 follows, 30 sequences, length 71
# corresponding to MSA columns:
# 374-444
name=unknown_C
#
# <colnr> <probs for GDERKNQSTAVLIFYWHMCP>
#	G	D	E	R	K	N	Q	S	T	A	V	L	I	F	Y	W	H	M	C	P
0	0.05938	0.01376	0.01612	0.01531	0.07900	0.03334	0.01112	0.12577	0.16063	0.15008	0.14070	0.02921	0.02532	0.00978	0.00711	0.00217	0.00600	0.04662	0.00665	0.06192
1	0.01552	0.01518	0.02711	0.38248	0.15276	0.01677	0.18174	0.05932	0.01590	0.02128	0.01309	0.01821	0.01005	0.00684	0.00781	0.00230	0.03447	0.00670	0.00349	0.00895
2	0.09702	0.01496	0.01724	0.01488	0.05937	0.04232	0.01132	0.17145	0.07693	0.33086	0.03930	0.02075	0.01579	0.00822	0.00667	0.00209	0.00652	0.00649	0.00700	0.05082
3	0.02490	0.01640	0.01838	0.01457	0.01942	0.01752	0.01183	0.48348	0.02796	0.15604	0.02155	0.11743	0.01745	0.01025	0.00725	0.00221	0.00689	0.00825	0.00720	0.01103
4	0.01691	0.01347	0.01555	0.01334	0.01731	0.04305	0.04982	0.02737	0.32480	0.10144	0.06619	0.05527	0.10912	0.01069	0.00730	0.00223	0.00582	0.03158	0.00655	0.08218
5	0.01527	0.01287	0.01490	0.01071	0.01687	0.01012	0.00860	0.06182	0.01568	0.02414	0.01269	0.01462	0.01044	0.00538	0.00529	0.00110	0.00533	0.00428	0.00432	0.74556
6	0.01397	0.04509	0.32315	0.01650	0.05566	0.01254	0.03971	0.01925	0.01655	0.07284	0.21711	0.08850	0.02928	0.01020	0.00731	0.00223	0.00730	0.00881	0.00507	0.00891
7	0.01212	0.00606	0.00909	0.00909	0.00909	0.00606	0.00606	0.00909	0.00909	0.01212	0.01212	0.02121	0.01212	0.02424	0.02727	0.79697	0.00606	0.00606	0.00303	0.00303
8	0.01628	0.01865	0.06408	0.03020	0.14337	0.01727	0.50307	0.02171	0.01605	0.02213	0.01441	0.02017	0.01148	0.00666	0.00862	0.00236	0.04175	0.02861	0.00357	0.00954
9	0.01004	0.00720	0.00981	0.00981	0.01057	0.00796	0.00697	0.01156	0.01080	0.01516	0.01997	0.03452	0.02053	0.32567	0.45799	0.00948	0.01405	0.00852	0.00393	0.00545
10	0.02231	0.01532	0.01711	0.01384	0.01818	0.01640	0.01120	0.44334	0.02710	0.09613	0.09540	0.10063	0.02279	0.01075	0.00732	0.00220	0.00647	0.02661	0.03662	0.01029
11	0.01736	0.01499	0.01578	0.01420	0.01815	0.01736	0.01105	0.03708	0.69862	0.02919	0.02840	0.02604	0.02130	0.00947	0.00710	0.00237	0.00552	0.00789	0.00710	0.01105
12	0.01318	0.01240	0.02093	0.73798	0.04806	0.01550	0.01938	0.01783	0.01395	0.01783	0.01240	0.01860	0.00930	0.00698	0.00698	0.00233	0.00930	0.00620	0.00310	0.00775
13	0.01727	0.01658	0.02832	0.04283	0.71123	0.01658	0.02142	0.02142	0.01589	0.02280	0.01313	0.01727	0.01105	0.00622	0.00691	0.00207	0.00829	0.00622	0.00345	0.01105
14	0.00865	0.00705	0.00765	0.00758	0.00969	0.00605	0.00566	0.01076	0.01673	0.02101	0.22264	0.08963	0.52856	0.01701	0.00827	0.00234	0.00350	0.01442	0.00677	0.00605
15	0.01866	0.75896	0.03657	0.01194	0.01791	0.02761	0.01194	0.02090	0.01418	0.01642	0.00970	0.01119	0.00896	0.00597	0.00448	0.00149	0.00746	0.00373	0.00299	0.00896
16	0.01518	0.01515	0.02136	0.04865	0.01957	0.02113	0.01544	0.01684	0.01082	0.01684	0.00930	0.01541	0.00917	0.01199	0.02223	0.00302	0.71111	0.00611	0.00306	0.00764
17	0.01866	0.75896	0.03657	0.01194	0.01791	0.02761	0.01194	0.02090	0.01418	0.01642	0.00970	0.01119	0.00896	0.00597	0.00448	0.00149	0.00746	0.00373	0.00299	0.00896
18	0.04729	0.03514	0.68875	0.01944	0.02950	0.01618	0.02501	0.02203	0.01461	0.02249	0.01240	0.01459	0.00879	0.00662	0.00653	0.00221	0.01011	0.00510	0.00300	0.01020
19	0.16700	0.01698	0.02341	0.03117	0.44120	0.03699	0.01718	0.13718	0.01818	0.02792	0.01305	0.01594	0.01048	0.00667	0.00642	0.00208	0.00776	0.00572	0.00423	0.01046
20	0.01009	0.00701	0.00884	0.00884	0.00927	0.00743	0.00577	0.01094	0.01051	0.01444	0.02086	0.03942	0.02266	0.51456	0.27201	0.00829	0.01084	0.00923	0.00406	0.00491
21	0.00850	0.00607	0.00810	0.00972	0.01012	0.00567	0.00648	0.00972	0.01336	0.01781	0.03846	0.75020	0.04615	0.02186	0.00891	0.00283	0.00405	0.01984	0.00648	0.00567
22	0.00864	0.00624	0.00818	0.00948	0.01012	0.00578	0.00643	0.01011	0.01418	0.01897	0.11288	0.64018	0.08131	0.02083	0.00880	0.00274	0.00394	0.01880	0.00661	0.00578
23	0.13771	0.01880	0.01936	0.05112	0.02178	0.04493	0.01276	0.53563	0.02841	0.03992	0.01532	0.01592	0.01102	0.00799	0.00657	0.00210	0.00760	0.00586	0.00629	0.01091
24	0.00868	0.00621	0.00830	0.00985	0.01035	0.00582	0.00673	0.01006	0.01369	0.01827	0.05816	0.69497	0.04643	0.02150	0.00892	0.00283	0.00415	0.05284	0.00651	0.00573
25	0.01124	0.00803	0.01124	0.01285	0.01446	0.00803	0.01124	0.01446	0.01606	0.02088	0.03695	0.07871	0.04016	0.01928	0.00964	0.00321	0.00643	0.66426	0.00643	0.00643
26	0.01318	0.01240	0.02093	0.73798	0.04806	0.01550	0.01938	0.01783	0.01395	0.01783	0.01240	0.01860	0.00930	0.00698	0.00698	0.00233	0.00930	0.00620	0.00310	0.00775
27	0.01400	0.03610	0.71860	0.01989	0.03020	0.01621	0.02578	0.02210	0.01473	0.02210	0.01252	0.01473	0.00884	0.00663	0.00663	0.00221	0.01031	0.00516	0.00295	0.01031
28	0.01782	0.01714	0.02707	0.08912	0.60083	0.04669	0.02053	0.05516	0.01677	0.02328	0.01316	0.01714	0.01089	0.00642	0.00689	0.00208	0.00851	0.00615	0.00361	0.01074
29	0.80405	0.01350	0.01026	0.00918	0.01350	0.01565	0.00756	0.02051	0.01188	0.03131	0.00972	0.01134	0.00756	0.00648	0.00432	0.00216	0.00540	0.00378	0.00432	0.00756
30	0.01332	0.01133	0.01200	0.01109	0.01422	0.01213	0.00853	0.02491	0.38335	0.02540	0.11726	0.04341	0.26909	0.01289	0.00763	0.00234	0.00458	0.01082	0.00694	0.00874
31	0.02092	0.01425	0.01594	0.01353	0.01784	0.01544	0.01074	0.12526	0.39811	0.17899	0.06533	0.02710	0.04539	0.00968	0.00717	0.00227	0.00572	0.00797	0.00743	0.01092
32	0.00998	0.00745	0.01108	0.01108	0.01228	0.00865	0.00855	0.01237	0.01117	0.01610	0.01882	0.02811	0.01775	0.07916	0.70069	0.01105	0.01824	0.00758	0.00376	0.00615
33	0.24759	0.01744	0.01767	0.01392	0.01913	0.01936	0.01149	0.46532	0.02622	0.07438	0.01530	0.01557	0.01092	0.00785	0.00623	0.00212	0.00694	0.00561	0.00631	0.01064
34	0.02653	0.01955	0.02094	0.01606	0.02164	0.02164	0.01326	0.68796	0.03281	0.04398	0.01675	0.01675	0.01187	0.00838	0.00698	0.00209	0.00768	0.00628	0.00698	0.01187
35	0.03083	0.01264	0.01667	0.01278	0.01820	0.01140	0.01056	0.09942	0.02126	0.64884	0.02645	0.02305	0.01673	0.00861	0.00701	0.00215	0.00611	0.00694	0.00847	0.01187
36	0.01447	0.01240	0.01447	0.01034	0.01654	0.00930	0.00827	0.01757	0.01447	0.02274	0.01240	0.01447	0.01034	0.00517	0.00517	0.00103	0.00517	0.00413	0.00413	0.79742
37	0.01647	0.01882	0.04118	0.02941	0.03647	0.01765	0.68588	0.02235	0.01647	0.02235	0.01412	0.01882	0.01059	0.00588	0.00824	0.00235	0.01176	0.00824	0.00353	0.00941
38	0.02653	0.01955	0.02094	0.01606	0.02164	0.02164	0.01326	0.68796	0.03281	0.04398	0.01675	0.01675	0.01187	0.00838	0.00698	0.00209	0.00768	0.00628	0.00698	0.01187
39	0.02149	0.00986	0.01322	0.01090	0.01469	0.00868	0.00875	0.02446	0.01958	0.39412	0.30080	0.03662	0.03731	0.01113	0.00753	0.00217	0.00486	0.03022	0.00803	0.03559
40	0.00849	0.00611	0.00806	0.00962	0.01010	0.00568	0.00643	0.00973	0.01346	0.01785	0.03967	0.72459	0.07098	0.02171	0.00888	0.00282	0.00403	0.01965	0.00648	0.00568
41	0.01338	0.00893	0.01241	0.01385	0.03771	0.00889	0.01149	0.01728	0.04515	0.07949	0.03502	0.06988	0.03650	0.01755	0.00922	0.00305	0.00641	0.56003	0.00654	0.00723
42	0.02677	0.01915	0.02070	0.01587	0.02144	0.02105	0.01311	0.65426	0.03215	0.07862	0.01731	0.01711	0.01215	0.00839	0.00698	0.00210	0.00759	0.00632	0.00707	0.01187
43	0.01064	0.00773	0.01035	0.01153	0.01312	0.00753	0.00973	0.01351	0.01605	0.02087	0.09756	0.09662	0.11989	0.04632	0.01030	0.00315	0.00575	0.48661	0.00646	0.00627
44	0.01318	0.01240	0.02093	0.73798	0.04806	0.01550	0.01938	0.01783	0.01395	0.01783	0.01240	0.01860	0.00930	0.00698	0.00698	0.00233	0.00930	0.00620	0.00310	0.00775
45	0.02470	0.01981	0.01983	0.01585	0.02095	0.08005	0.01285	0.50521	0.16191	0.03883	0.01853	0.01822	0.01347	0.00849	0.00695	0.00212	0.00767	0.00645	0.00672	0.01139
46	0.01321	0.01101	0.01206	0.01158	0.01431	0.01188	0.00880	0.02428	0.36743	0.02463	0.08118	0.17387	0.16349	0.01408	0.00783	0.00248	0.00475	0.03770	0.00687	0.00857
47	0.00849	0.00612	0.00805	0.00958	0.01009	0.00568	0.00642	0.00973	0.01349	0.01787	0.04009	0.71565	0.07966	0.02165	0.00887	0.00281	0.00402	0.01958	0.00648	0.00568
48	0.00828	0.00693	0.00721	0.00743	0.00952	0.00586	0.00546	0.00997	0.01556	0.01871	0.06635	0.15928	0.61908	0.01824	0.00834	0.00242	0.00360	0.01542	0.00648	0.00586
49	0.01736	0.01499	0.01578	0.01420	0.01815	0.01736	0.01105	0.03708	0.69862	0.02919	0.02840	0.02604	0.02130	0.00947	0.00710	0.00237	0.00552	0.00789	0.00710	0.01105
50	0.00900	0.00721	0.00811	0.00819	0.01030	0.00632	0.00635	0.01129	0.01679	0.02115	0.20876	0.06528	0.47884	0.01712	0.00842	0.00243	0.00385	0.09773	0.00674	0.00611
51	0.00843	0.00671	0.00745	0.00800	0.00957	0.00586	0.00565	0.00992	0.01474	0.01822	0.05723	0.29823	0.44808	0.05708	0.00988	0.00275	0.00388	0.01623	0.00636	0.00573
52	0.02235	0.01728	0.01842	0.01499	0.01972	0.01939	0.01204	0.41197	0.28495	0.03707	0.02140	0.02150	0.01602	0.04025	0.00823	0.00239	0.00682	0.00706	0.00691	0.01123
53	0.00850	0.00607	0.00810	0.00972	0.01012	0.00567	0.00648	0.00972	0.01336	0.01781	0.03846	0.75020	0.04615	0.02186	0.00891	0.00283	0.00405	0.01984	0.00648	0.00567
54	0.01212	0.00606	0.00909	0.00909	0.00909	0.00606	0.00606	0.00909	0.00909	0.01212	0.01212	0.02121	0.01212	0.02424	0.02727	0.79697	0.00606	0.00606	0.00303	0.00303
55	0.00830	0.00707	0.00715	0.00713	0.00946	0.00591	0.00535	0.01012	0.01604	0.01916	0.09243	0.06664	0.68647	0.01756	0.00825	0.00235	0.00353	0.01466	0.00652	0.00591
56	0.01447	0.01240	0.01447	0.01034	0.01654	0.00930	0.00827	0.01757	0.01447	0.02274	0.01240	0.01447	0.01034	0.00517	0.00517	0.00103	0.00517	0.00413	0.00413	0.79742
57	0.00850	0.00607	0.00810	0.00972	0.01012	0.00567	0.00648	0.00972	0.01336	0.01781	0.03846	0.75020	0.04615	0.02186	0.00891	0.00283	0.00405	0.01984	0.00648	0.00567
58	0.01560	0.01326	0.01404	0.01282	0.01636	0.01484	0.00996	0.05235	0.51505	0.02726	0.03607	0.05771	0.14414	0.01155	0.00743	0.00239	0.00522	0.02715	0.00695	0.00986
59	0.01447	0.01240	0.01447	0.01034	0.01654	0.00930	0.00827	0.01757	0.01447	0.02274	0.01240	0.01447	0.01034	0.00517	0.00517	0.00103	0.00517	0.00413	0.00413	0.79742
60	0.00848	0.00616	0.00800	0.00948	0.01006	0.00569	0.00637	0.00974	0.01359	0.01791	0.04140	0.68803	0.10643	0.02148	0.00885	0.00279	0.00400	0.01937	0.00648	0.00569
61	0.01110	0.00798	0.01104	0.01256	0.01421	0.00793	0.01095	0.01424	0.01606	0.02078	0.03863	0.07814	0.07347	0.01920	0.00957	0.00317	0.00628	0.63188	0.00643	0.00640
62	0.01212	0.00606	0.00909	0.00909	0.00909	0.00606	0.00606	0.00909	0.00909	0.01212	0.01212	0.02121	0.01212	0.02424	0.02727	0.79697	0.00606	0.00606	0.00303	0.00303
63	0.00870	0.00652	0.00860	0.04567	0.01192	0.00619	0.00697	0.01016	0.01373	0.01795	0.04142	0.62340	0.13189	0.02057	0.00872	0.00275	0.00424	0.01848	0.00631	0.00580
64	0.00850	0.00607	0.00810	0.00972	0.01012	0.00567	0.00648	0.00972	0.01336	0.01781	0.03846	0.75020	0.04615	0.02186	0.00891	0.00283	0.00405	0.01984	0.00648	0.00567
65	0.00997	0.00748	0.01121	0.01121	0.01246	0.00872	0.00872	0.01246	0.01121	0.01620	0.01869	0.02741	0.01745	0.05234	0.72710	0.01121	0.01869	0.00748	0.00374	0.00623
66	0.01318	0.01240	0.02093	0.73798	0.04806	0.01550	0.01938	0.01783	0.01395	0.01783	0.01240	0.01860	0.00930	0.00698	0.00698	0.00233	0.00930	0.00620	0.00310	0.00775
67	0.01647	0.01882	0.04118	0.02941	0.03647	0.01765	0.68588	0.02235	0.01647	0.02235	0.01412	0.01882	0.01059	0.00588	0.00824	0.00235	0.01176	0.00824	0.00353	0.00941
68	0.00850	0.00607	0.00810	0.00972	0.01012	0.00567	0.00648	0.00972	0.01336	0.01781	0.03846	0.75020	0.04615	0.02186	0.00891	0.00283	0.00405	0.01984	0.00648	0.00567
69	0.02538	0.01878	0.02028	0.01575	0.02106	0.02084	0.01296	0.63223	0.05309	0.04207	0.01723	0.01760	0.01246	0.01068	0.04410	0.00257	0.00818	0.00640	0.00682	0.01155
70	0.02988	0.01203	0.01609	0.01239	0.01776	0.01051	0.01019	0.03332	0.04830	0.65255	0.02681	0.02339	0.01710	0.00850	0.00693	0.00211	0.00588	0.00691	0.00835	0.05100

[dist]
# distance from previous block
# <min> <max>
0	1

[block]
# block no. 3 follows, 30 sequences, length 47
# corresponding to MSA columns:
# 446-492
name=unknown_D
#
# <colnr> <probs for GDERKNQSTAVLIFYWHMCP>
#	G	D	E	R	K	N	Q	S	T	A	V	L	I	F	Y	W	H	M	C	P
0	0.02584	0.05653	0.02036	0.01772	0.02146	0.68187	0.01343	0.04827	0.02000	0.01790	0.01094	0.01267	0.00908	0.00719	0.00625	0.00180	0.01226	0.00453	0.00368	0.00824
1	0.05267	0.01910	0.02030	0.01572	0.02118	0.02121	0.01295	0.63071	0.06728	0.04276	0.01713	0.01706	0.01222	0.00837	0.00690	0.00211	0.00749	0.00628	0.00690	0.01168
2	0.01462	0.01254	0.01454	0.01054	0.01662	0.00973	0.00842	0.01860	0.05062	0.02308	0.01325	0.01508	0.01092	0.00540	0.00527	0.00110	0.00519	0.00433	0.00429	0.75586
3	0.03131	0.01188	0.01619	0.01242	0.01781	0.01026	0.01026	0.03401	0.01997	0.71606	0.02753	0.02375	0.01727	0.00864	0.00702	0.00216	0.00594	0.00702	0.00864	0.01188
4	0.01573	0.01500	0.02554	0.30509	0.46104	0.01617	0.02065	0.02006	0.01516	0.02092	0.01285	0.01777	0.01039	0.00650	0.00693	0.00217	0.00867	0.00621	0.00332	0.00981
5	0.01727	0.01658	0.02832	0.04283	0.71123	0.01658	0.02142	0.02142	0.01589	0.02280	0.01313	0.01727	0.01105	0.00622	0.00691	0.00207	0.00829	0.00622	0.00345	0.01105
6	0.01357	0.01290	0.02195	0.63967	0.07272	0.01536	0.05272	0.01819	0.01418	0.01849	0.01252	0.01837	0.00949	0.00681	0.00695	0.00226	0.00919	0.00621	0.00319	0.04527
7	0.01481	0.01431	0.02501	0.44896	0.26964	0.01603	0.07255	0.01939	0.01480	0.01985	0.01278	0.01817	0.00999	0.00664	0.00705	0.00224	0.00916	0.00637	0.00325	0.00899
8	0.01555	0.01292	0.01483	0.01089	0.01667	0.01065	0.00866	0.08417	0.03663	0.02460	0.01377	0.01652	0.01153	0.04102	0.00684	0.00145	0.00550	0.00474	0.00451	0.65857
9	0.05052	0.06641	0.02201	0.01975	0.11010	0.27971	0.01413	0.29946	0.02408	0.02938	0.01346	0.01479	0.01040	0.00746	0.00649	0.00195	0.00947	0.00539	0.00497	0.01007
10	0.02596	0.02893	0.02034	0.01811	0.04027	0.50840	0.01364	0.21408	0.02335	0.02483	0.01253	0.01389	0.00986	0.00750	0.00650	0.00189	0.01108	0.00505	0.00455	0.00924
11	0.01533	0.01684	0.05135	0.05729	0.03093	0.01497	0.44797	0.02033	0.01568	0.02194	0.01509	0.06188	0.01257	0.00676	0.00751	0.00209	0.00971	0.00786	0.00380	0.18009
12	0.01257	0.00977	0.01164	0.01133	0.01360	0.01023	0.00888	0.03734	0.20853	0.02577	0.26812	0.09485	0.06386	0.04042	0.00919	0.00267	0.00488	0.15160	0.00699	0.00777
13	0.01048	0.00728	0.00946	0.00883	0.01062	0.00667	0.00665	0.01370	0.01962	0.04885	0.66426	0.05178	0.08689	0.01421	0.00819	0.00220	0.00338	0.01252	0.00767	0.00672
14	0.59882	0.01643	0.01296	0.01118	0.01564	0.08613	0.00908	0.13215	0.01613	0.03202	0.01099	0.01236	0.00841	0.00686	0.00495	0.00211	0.00648	0.00426	0.00469	0.00833
15	0.01015	0.00677	0.00761	0.00761	0.00761	0.00677	0.00423	0.01015	0.01015	0.01353	0.02199	0.04567	0.02537	0.75476	0.03552	0.00677	0.00677	0.01015	0.00423	0.00423
16	0.01954	0.41219	0.18304	0.01525	0.02157	0.20518	0.01540	0.02296	0.01574	0.01784	0.01060	0.01233	0.00894	0.00643	0.00542	0.00173	0.00941	0.00424	0.00313	0.00903
17	0.01866	0.75896	0.03657	0.01194	0.01791	0.02761	0.01194	0.02090	0.01418	0.01642	0.00970	0.01119	0.00896	0.00597	0.00448	0.00149	0.00746	0.00373	0.00299	0.00896
18	0.00988	0.00713	0.00933	0.00878	0.01043	0.00658	0.00658	0.01317	0.01975	0.02798	0.70754	0.05213	0.06584	0.01427	0.00823	0.00219	0.00329	0.01262	0.00768	0.00658
19	0.01410	0.03540	0.69140	0.02027	0.03045	0.01626	0.05229	0.02211	0.01480	0.02211	0.01259	0.01490	0.00891	0.00660	0.00669	0.00222	0.01037	0.00528	0.00297	0.01028
20	0.80405	0.01350	0.01026	0.00918	0.01350	0.01565	0.00756	0.02051	0.01188	0.03131	0.00972	0.01134	0.00756	0.00648	0.00432	0.00216	0.00540	0.00378	0.00432	0.00756
21	0.00988	0.00713	0.00933	0.00878	0.01043	0.00658	0.00658	0.01317	0.01975	0.02798	0.70754	0.05213	0.06584	0.01427	0.00823	0.00219	0.00329	0.01262	0.00768	0.00658
22	0.01866	0.75896	0.03657	0.01194	0.01791	0.02761	0.01194	0.02090	0.01418	0.01642	0.00970	0.01119	0.00896	0.00597	0.00448	0.00149	0.00746	0.00373	0.00299	0.00896
23	0.06914	0.01448	0.01716	0.01347	0.01869	0.01457	0.01105	0.21623	0.10427	0.41011	0.02368	0.02142	0.01573	0.00855	0.00687	0.00217	0.00635	0.00675	0.00776	0.01155
24	0.03131	0.01188	0.01619	0.01242	0.01781	0.01026	0.01026	0.03401	0.01997	0.71606	0.02753	0.02375	0.01727	0.00864	0.00702	0.00216	0.00594	0.00702	0.00864	0.01188
25	0.01727	0.01658	0.02832	0.04283	0.71123	0.01658	0.02142	0.02142	0.01589	0.02280	0.01313	0.01727	0.01105	0.00622	0.00691	0.00207	0.00829	0.00622	0.00345	0.01105
26	0.01162	0.10424	0.01294	0.00944	0.01171	0.00937	0.00749	0.01451	0.01822	0.04914	0.48694	0.10453	0.08470	0.01394	0.00781	0.00220	0.00410	0.03325	0.00691	0.00696
27	0.01400	0.03610	0.71860	0.01989	0.03020	0.01621	0.02578	0.02210	0.01473	0.02210	0.01252	0.01473	0.00884	0.00663	0.00663	0.00221	0.01031	0.00516	0.00295	0.01031
28	0.00850	0.00607	0.00810	0.00972	0.01012	0.00567	0.00648	0.00972	0.01336	0.01781	0.03846	0.75020	0.04615	0.02186	0.00891	0.00283	0.00405	0.01984	0.00648	0.00567
29	0.01107	0.00792	0.01100	0.01233	0.01394	0.00785	0.01064	0.01429	0.01654	0.02180	0.12347	0.07528	0.04347	0.01863	0.00946	0.00308	0.00602	0.58018	0.00659	0.00645
30	0.01400	0.03610	0.71860	0.01989	0.03020	0.01621	0.02578	0.02210	0.01473	0.02210	0.01252	0.01473	0.00884	0.00663	0.00663	0.00221	0.01031	0.00516	0.00295	0.01031
31	0.00863	0.00708	0.00760	0.00747	0.00966	0.00605	0.00560	0.01076	0.01681	0.02101	0.22094	0.06361	0.55680	0.01687	0.00824	0.00232	0.00348	0.01423	0.00676	0.00605
32	0.01195	0.00868	0.01078	0.00969	0.01182	0.00846	0.00742	0.09735	0.02138	0.02998	0.62137	0.04771	0.05911	0.01353	0.00807	0.00218	0.00384	0.01183	0.00759	0.00724
33	0.02090	0.01699	0.01671	0.01425	0.01800	0.10456	0.01121	0.38724	0.02505	0.03256	0.02244	0.20576	0.02142	0.01203	0.00741	0.00227	0.00717	0.03205	0.03252	0.00945
34	0.01329	0.00760	0.00836	0.00798	0.00940	0.00836	0.00617	0.01633	0.01414	0.02487	0.02107	0.02468	0.01680	0.00864	0.00713	0.00180	0.09541	0.00645	0.69489	0.00664
35	0.00881	0.00634	0.00863	0.01005	0.01062	0.00616	0.00698	0.01028	0.01322	0.01776	0.03592	0.62832	0.04229	0.02554	0.09853	0.00390	0.00599	0.04874	0.00613	0.00577
36	0.01556	0.01721	0.03682	0.04896	0.03383	0.01647	0.58089	0.02098	0.01574	0.02145	0.01464	0.01989	0.01140	0.01171	0.09787	0.00346	0.01255	0.00808	0.00354	0.00896
37	0.70549	0.01631	0.09862	0.01051	0.01558	0.01572	0.00983	0.02071	0.01223	0.03016	0.01007	0.01176	0.00772	0.00650	0.00461	0.00217	0.00601	0.00395	0.00415	0.00790
38	0.02574	0.10184	0.01881	0.01295	0.01784	0.01464	0.01075	0.19595	0.02173	0.37471	0.02403	0.11110	0.01851	0.00990	0.00694	0.00215	0.00633	0.00804	0.00727	0.01075
39	0.00934	0.00760	0.00821	0.00827	0.01045	0.00682	0.00624	0.03233	0.03486	0.02039	0.09619	0.14948	0.51559	0.01758	0.00833	0.00244	0.00392	0.04912	0.00657	0.00626
