[name]
unknown

[dist]
# distance from previous block
# <min> <max>
13	46

[block]
# block no. 0 follows, 28 sequences, length 109
# corresponding to MSA columns:
# 46-154
name=unknown_A
#
# <colnr> <probs for GDERKNQSTAVLIFYWHMCP>
#	G	D	E	R	K	N	Q	S	T	A	V	L	I	F	Y	W	H	M	C	P
0	0.01832	0.01402	0.01574	0.04084	0.01828	0.01494	0.01072	0.29180	0.10199	0.03271	0.09690	0.15074	0.10473	0.01279	0.00783	0.00235	0.00609	0.01072	0.00693	0.04154
1	0.01966	0.01491	0.01662	0.01384	0.01805	0.01579	0.01095	0.33829	0.08664	0.03347	0.02508	0.16717	0.04871	0.01460	0.05246	0.00285	0.00728	0.00975	0.00661	0.09727
2	0.02271	0.01753	0.02000	0.01596	0.02091	0.01910	0.04493	0.42096	0.15126	0.03760	0.02141	0.07782	0.01745	0.03834	0.00860	0.00246	0.00736	0.00815	0.00685	0.04061
3	0.01833	0.01363	0.01513	0.01311	0.01657	0.01446	0.01020	0.33612	0.04371	0.03281	0.06144	0.25544	0.10898	0.01466	0.00813	0.00247	0.00601	0.01243	0.00708	0.00929
4	0.07423	0.01494	0.01653	0.01287	0.01823	0.01445	0.01033	0.25829	0.02195	0.05793	0.01812	0.09982	0.01574	0.00885	0.00654	0.00182	0.00625	0.00710	0.00587	0.33013
5	0.01231	0.00886	0.01107	0.00975	0.01238	0.00803	0.00747	0.04590	0.02040	0.04991	0.53607	0.04749	0.08145	0.01338	0.00809	0.00214	0.00398	0.01167	0.00750	0.10218
6	0.01507	0.01292	0.01507	0.01077	0.01723	0.00969	0.00861	0.01830	0.01507	0.02369	0.01292	0.01507	0.01077	0.00538	0.00538	0.00108	0.00538	0.00431	0.00431	0.78898
7	0.02295	0.01876	0.01913	0.01588	0.02076	0.05472	0.01270	0.33286	0.35116	0.03692	0.02306	0.02195	0.01700	0.00922	0.00730	0.00230	0.00716	0.00727	0.00716	0.01175
8	0.01679	0.14574	0.07433	0.02134	0.02520	0.02194	0.20388	0.02024	0.01375	0.01943	0.01134	0.01619	0.00991	0.00934	0.01508	0.00263	0.35416	0.00650	0.00330	0.00890
9	0.01657	0.17892	0.33210	0.02232	0.05563	0.01983	0.19713	0.02350	0.04557	0.02222	0.01364	0.01635	0.01039	0.00667	0.00692	0.00219	0.01023	0.00610	0.00345	0.01026
10	0.01810	0.01984	0.02554	0.02102	0.02295	0.14338	0.12911	0.02052	0.01384	0.01855	0.01073	0.01605	0.00977	0.01066	0.01817	0.00282	0.48079	0.00645	0.00337	0.00836
11	0.00883	0.00733	0.00772	0.00771	0.00999	0.00622	0.00575	0.01086	0.01700	0.02087	0.15573	0.09451	0.58623	0.01811	0.00862	0.00245	0.00367	0.01526	0.00692	0.00622
12	0.02530	0.01316	0.01593	0.01287	0.01746	0.01303	0.01036	0.14396	0.11695	0.35254	0.09641	0.02776	0.02322	0.03162	0.00818	0.00238	0.00598	0.00798	0.06392	0.01103
13	0.01500	0.01491	0.02447	0.30109	0.03369	0.01882	0.10615	0.01853	0.01332	0.01868	0.01195	0.01826	0.01013	0.01125	0.04136	0.00310	0.32103	0.00675	0.00329	0.00820
14	0.00891	0.00637	0.00849	0.01008	0.01056	0.00594	0.00675	0.01026	0.01418	0.01897	0.06593	0.71274	0.04889	0.02246	0.00925	0.00293	0.00419	0.02037	0.00680	0.00594
15	0.00861	0.00728	0.00745	0.00759	0.00988	0.00612	0.00562	0.01041	0.01635	0.01955	0.07086	0.12544	0.64255	0.01877	0.00865	0.00250	0.00373	0.01578	0.00675	0.00612
16	0.00884	0.00637	0.00838	0.00999	0.01051	0.00592	0.00669	0.01014	0.01404	0.01861	0.04164	0.70831	0.07854	0.02257	0.00925	0.00293	0.00419	0.02041	0.00675	0.00592
17	0.01739	0.44904	0.32003	0.01593	0.02405	0.02375	0.01852	0.02229	0.01501	0.01960	0.01134	0.01321	0.00928	0.00651	0.00561	0.00187	0.00903	0.00451	0.00309	0.00992
18	0.01716	0.01961	0.04289	0.03064	0.03799	0.01838	0.67279	0.02328	0.01716	0.02328	0.01471	0.01961	0.01103	0.00613	0.00858	0.00245	0.01225	0.00858	0.00368	0.00980
19	0.01864	0.01850	0.02888	0.04279	0.65146	0.06651	0.02173	0.02278	0.01684	0.02333	0.01350	0.01765	0.01136	0.00655	0.00715	0.00214	0.00895	0.00635	0.00361	0.01130
20	0.02621	0.01966	0.02102	0.01644	0.02200	0.02188	0.01347	0.58054	0.13090	0.04353	0.01925	0.01889	0.01382	0.00889	0.00729	0.00222	0.00767	0.00679	0.00729	0.01223
21	0.02938	0.01225	0.01635	0.01249	0.01808	0.01040	0.01026	0.03227	0.02002	0.58619	0.05224	0.02457	0.01897	0.00873	0.00710	0.00209	0.00597	0.00713	0.00832	0.11717
22	0.02402	0.02077	0.06817	0.01654	0.02214	0.04709	0.01409	0.42606	0.21559	0.03883	0.02032	0.01986	0.01479	0.00887	0.00725	0.00226	0.00775	0.00686	0.00688	0.01186
23	0.12172	0.02321	0.23738	0.02273	0.05282	0.01702	0.25912	0.02309	0.03920	0.04794	0.01529	0.04540	0.01206	0.00765	0.00813	0.00242	0.04381	0.00720	0.00401	0.00980
24	0.03102	0.01202	0.01636	0.01266	0.01801	0.01041	0.01041	0.03388	0.02079	0.65619	0.07612	0.02684	0.02159	0.00941	0.00740	0.00225	0.00599	0.00773	0.00893	0.01198
25	0.00882	0.00645	0.00831	0.00980	0.01046	0.00593	0.00660	0.01016	0.01423	0.01868	0.04403	0.66067	0.12464	0.02226	0.00920	0.00289	0.00415	0.02004	0.00675	0.00593
26	0.01712	0.05675	0.19955	0.02815	0.09099	0.04694	0.40671	0.02331	0.01671	0.02276	0.01387	0.01783	0.01049	0.00640	0.00780	0.00233	0.01142	0.00726	0.00350	0.01010
27	0.01779	0.01505	0.01582	0.01428	0.01824	0.01736	0.01110	0.03725	0.64352	0.03020	0.02921	0.02712	0.02196	0.00977	0.00725	0.00242	0.00560	0.00813	0.05670	0.01121
28	0.01057	0.00705	0.00793	0.00793	0.00793	0.00705	0.00440	0.01057	0.01057	0.01409	0.02290	0.04757	0.02643	0.74454	0.03700	0.00705	0.00705	0.01057	0.00440	0.00440
29	0.01508	0.01681	0.08296	0.42739	0.14441	0.01696	0.12659	0.02023	0.01522	0.02045	0.01322	0.01875	0.01014	0.00712	0.00802	0.00240	0.03510	0.00671	0.00334	0.00909
30	0.01263	0.00631	0.00947	0.00947	0.00947	0.00631	0.00631	0.00947	0.00947	0.01263	0.01263	0.02210	0.01263	0.02525	0.02841	0.78851	0.00631	0.00631	0.00316	0.00316
31	0.03261	0.01237	0.01687	0.01293	0.01856	0.01068	0.01068	0.03543	0.02081	0.70423	0.02868	0.02474	0.01799	0.00900	0.00731	0.00225	0.00619	0.00731	0.00900	0.01237
32	0.02737	0.01984	0.02138	0.01649	0.02222	0.02188	0.01359	0.62088	0.06431	0.06997	0.01845	0.01818	0.01304	0.00879	0.00728	0.00220	0.00782	0.00665	0.00734	0.01232
33	0.01904	0.02062	0.06984	0.02950	0.32127	0.11485	0.04265	0.02846	0.22772	0.02495	0.01834	0.02007	0.01440	0.00770	0.00720	0.00224	0.00863	0.00678	0.00478	0.01096
34	0.00932	0.00676	0.00829	0.00912	0.00992	0.00628	0.00608	0.01065	0.01437	0.01894	0.11216	0.41522	0.15026	0.17048	0.01482	0.00365	0.00463	0.01691	0.00640	0.00573
35	0.01689	0.01410	0.01707	0.11049	0.02260	0.01263	0.01104	0.12286	0.01804	0.02650	0.01364	0.01605	0.01087	0.00618	0.00594	0.00144	0.00639	0.00496	0.00463	0.55768
36	0.12873	0.02669	0.02079	0.02113	0.11963	0.40850	0.01455	0.07650	0.01918	0.02282	0.01179	0.01421	0.00972	0.00777	0.00784	0.00210	0.06981	0.00513	0.00405	0.00907
37	0.01057	0.00705	0.00793	0.00793	0.00793	0.00705	0.00440	0.01057	0.01057	0.01409	0.02290	0.04757	0.02643	0.74454	0.03700	0.00705	0.00705	0.01057	0.00440	0.00440
38	0.01737	0.01399	0.01490	0.01340	0.01732	0.01555	0.01042	0.03357	0.52857	0.07128	0.03711	0.03435	0.13801	0.01128	0.00760	0.00245	0.00542	0.00939	0.00739	0.01064
39	0.01590	0.01590	0.02226	0.01908	0.01908	0.02226	0.01590	0.01749	0.01113	0.01749	0.00954	0.01590	0.00954	0.01272	0.02385	0.00318	0.73123	0.00636	0.00318	0.00795
40	0.02633	0.02283	0.02088	0.01691	0.02207	0.17059	0.01358	0.45649	0.11313	0.03787	0.01764	0.01773	0.01295	0.00860	0.00713	0.00215	0.00881	0.00636	0.00653	0.01141
41	0.01596	0.01690	0.03284	0.13216	0.03423	0.01698	0.39775	0.02095	0.01601	0.02224	0.04345	0.02018	0.01315	0.00732	0.00969	0.00236	0.08924	0.00773	0.00381	0.09702
42	0.02689	0.01978	0.02121	0.01634	0.02190	0.02186	0.01340	0.64588	0.03314	0.04442	0.01769	0.01877	0.01298	0.04093	0.00857	0.00239	0.00796	0.00672	0.00715	0.01201
43	0.01808	0.01561	0.01644	0.01479	0.01890	0.01808	0.01151	0.03863	0.68606	0.03041	0.02959	0.02712	0.02219	0.00986	0.00740	0.00247	0.00575	0.00822	0.00740	0.01151
44	0.01038	0.00779	0.01168	0.01168	0.01298	0.00909	0.00909	0.01298	0.01168	0.01687	0.01947	0.02856	0.01817	0.05452	0.71573	0.01168	0.01947	0.00779	0.00389	0.00649
45	0.01373	0.01292	0.02180	0.72707	0.05006	0.01615	0.02019	0.01857	0.01453	0.01857	0.01292	0.01938	0.00969	0.00727	0.00727	0.00242	0.00969	0.00646	0.00323	0.00807
46	0.03155	0.01261	0.01684	0.01307	0.01858	0.01123	0.01074	0.03566	0.06964	0.65476	0.02874	0.02492	0.01830	0.00906	0.00732	0.00227	0.00615	0.00738	0.00888	0.01231
47	0.00889	0.00640	0.00844	0.00999	0.01053	0.00594	0.00670	0.01025	0.01423	0.01894	0.06250	0.69232	0.07325	0.02235	0.00923	0.00291	0.00417	0.02022	0.00679	0.00594
48	0.00900	0.00733	0.00763	0.00759	0.00965	0.00632	0.00548	0.01072	0.01609	0.01967	0.11766	0.06565	0.55445	0.11616	0.01242	0.00306	0.00412	0.01452	0.00654	0.00596
49	0.01575	0.01582	0.02340	0.04628	0.02141	0.02138	0.06220	0.01781	0.01170	0.01792	0.01032	0.01666	0.00990	0.01325	0.04199	0.00334	0.63301	0.00656	0.00324	0.00805
50	0.01775	0.01694	0.02884	0.04344	0.67349	0.01694	0.02191	0.02204	0.01656	0.02367	0.01461	0.02040	0.01265	0.00699	0.00730	0.00220	0.00856	0.03066	0.00371	0.01133
51	0.00886	0.00633	0.00843	0.01012	0.01054	0.00590	0.00675	0.01012	0.01392	0.01856	0.04006	0.73979	0.04808	0.02277	0.00928	0.00295	0.00422	0.02066	0.00675	0.00590
52	0.01355	0.00678	0.00678	0.00678	0.00847	0.00678	0.00508	0.01694	0.01524	0.02710	0.02371	0.02710	0.01863	0.00847	0.00508	0.00169	0.00339	0.00678	0.78489	0.00678
53	0.02108	0.01639	0.01639	0.01480	0.04069	0.11362	0.01116	0.09351	0.23169	0.15200	0.13125	0.03071	0.07383	0.01053	0.00751	0.00227	0.00669	0.00860	0.00708	0.01021
54	0.01124	0.00757	0.00848	0.00828	0.00850	0.00766	0.00478	0.03679	0.01150	0.01535	0.02269	0.04638	0.02587	0.71550	0.03582	0.00686	0.00708	0.01041	0.00452	0.00472
55	0.01400	0.01329	0.02186	0.63977	0.04624	0.01690	0.01966	0.01844	0.01412	0.01844	0.01250	0.01895	0.00967	0.00794	0.00931	0.00252	0.09866	0.00645	0.00322	0.00806
56	0.01395	0.01263	0.02103	0.58547	0.04353	0.01543	0.04685	0.01855	0.01459	0.01971	0.01409	0.02013	0.01076	0.00758	0.00776	0.00237	0.03864	0.00658	0.09236	0.00800
57	0.01050	0.00702	0.00795	0.00801	0.00803	0.00700	0.00449	0.01055	0.01070	0.01427	0.02356	0.07424	0.02726	0.71672	0.03593	0.00689	0.00694	0.01096	0.00449	0.00446
58	0.01934	0.57120	0.10616	0.01569	0.05061	0.07474	0.03420	0.02247	0.01539	0.01824	0.01078	0.01266	0.00946	0.00639	0.00526	0.00171	0.00863	0.00435	0.00319	0.00952
59	0.01636	0.01359	0.01421	0.01296	0.01659	0.01531	0.01003	0.03263	0.52659	0.02866	0.03463	0.03264	0.10874	0.01081	0.00730	0.00238	0.00523	0.00898	0.09207	0.01030
60	0.01439	0.00837	0.01087	0.00971	0.01223	0.00752	0.00747	0.01756	0.02026	0.15709	0.51187	0.05008	0.11576	0.01406	0.00833	0.00229	0.00398	0.01223	0.00808	0.00784
61	0.01584	0.08334	0.02621	0.05614	0.26390	0.01760	0.08587	0.01930	0.01430	0.02021	0.01389	0.01950	0.01224	0.01794	0.16244	0.00438	0.14742	0.00672	0.00353	0.00924
62	0.01621	0.02429	0.23344	0.02598	0.03320	0.01854	0.38401	0.02232	0.01571	0.02232	0.01343	0.01780	0.01027	0.00736	0.01042	0.00252	0.12165	0.00730	0.00342	0.00979
63	0.00909	0.00655	0.00863	0.00999	0.01067	0.00609	0.00685	0.01068	0.01486	0.01989	0.11604	0.61731	0.07583	0.02163	0.00919	0.00287	0.00417	0.03674	0.00689	0.00604
64	0.00886	0.00633	0.00843	0.01012	0.01054	0.00590	0.00675	0.01012	0.01392	0.01856	0.04006	0.73979	0.04808	0.02277	0.00928	0.00295	0.00422	0.02066	0.00675	0.00590
65	0.01939	0.65714	0.03646	0.01336	0.01937	0.05336	0.04495	0.02193	0.01513	0.01782	0.01090	0.01270	0.00977	0.00635	0.00495	0.00162	0.00803	0.00426	0.03329	0.00922
66	0.04488	0.03669	0.67987	0.02029	0.03079	0.01686	0.02612	0.02296	0.01523	0.02339	0.01293	0.01521	0.00916	0.00690	0.00681	0.00230	0.01054	0.00532	0.00312	0.01063
67	0.01156	0.00832	0.01150	0.01309	0.01480	0.00826	0.01141	0.01483	0.01673	0.02165	0.04023	0.08140	0.07428	0.02000	0.00997	0.00330	0.00654	0.61879	0.00670	0.00667
68	0.01556	0.01321	0.01533	0.01100	0.01743	0.01019	0.00881	0.04361	0.01581	0.02454	0.01309	0.01516	0.01083	0.00551	0.00546	0.00112	0.00548	0.00439	0.00442	0.75905
69	0.11146	0.06505	0.06059	0.04965	0.05281	0.04129	0.05621	0.25578	0.09411	0.03171	0.01553	0.01730	0.01187	0.00848	0.00883	0.00233	0.09503	0.00624	0.00530	0.01043
70	0.02706	0.01927	0.02126	0.04746	0.02332	0.02122	0.01378	0.57599	0.05526	0.09333	0.01852	0.01842	0.01301	0.00872	0.00728	0.00221	0.00786	0.00666	0.00723	0.01214
71	0.00898	0.00747	0.00788	0.00803	0.01023	0.00648	0.00592	0.01136	0.03560	0.02027	0.09872	0.15728	0.55936	0.01857	0.00865	0.00251	0.00380	0.01574	0.00683	0.00630
72	0.75928	0.01432	0.01220	0.01055	0.01518	0.01640	0.03912	0.02146	0.01260	0.03218	0.01034	0.01217	0.00802	0.00672	0.00469	0.00226	0.00593	0.00415	0.00446	0.00796
73	0.02290	0.01693	0.04805	0.01601	0.02104	0.01679	0.06697	0.36262	0.02622	0.12680	0.06935	0.12867	0.02214	0.01099	0.00776	0.00234	0.00734	0.00933	0.00701	0.01074
74	0.01600	0.01341	0.01514	0.01186	0.01723	0.01209	0.00937	0.06916	0.16394	0.02664	0.04599	0.04326	0.04470	0.00802	0.00633	0.00162	0.00547	0.00660	0.00551	0.47767
75	0.01507	0.01292	0.01507	0.01077	0.01723	0.00969	0.00861	0.01830	0.01507	0.02369	0.01292	0.01507	0.01077	0.00538	0.00538	0.00108	0.00538	0.00431	0.00431	0.78898
76	0.05142	0.61981	0.03460	0.01313	0.01901	0.10166	0.01247	0.04342	0.01592	0.01871	0.01046	0.01201	0.00937	0.00646	0.00494	0.00164	0.00827	0.00406	0.00337	0.00927
77	0.01630	0.29007	0.46950	0.01778	0.02692	0.02110	0.02174	0.02258	0.01514	0.02092	0.01200	0.01404	0.00925	0.00666	0.00611	0.00204	0.00969	0.00484	0.00308	0.01024
78	0.02260	0.43161	0.05406	0.01371	0.01956	0.02332	0.01287	0.09979	0.04555	0.15751	0.01551	0.01587	0.01193	0.00752	0.00653	0.00190	0.03966	0.00521	0.00493	0.01036
79	0.00912	0.00765	0.00795	0.00783	0.01025	0.00663	0.00589	0.01178	0.03957	0.02116	0.14777	0.06661	0.59725	0.01769	0.00855	0.00243	0.00372	0.01483	0.00692	0.00640
80	0.01045	0.00700	0.00796	0.00808	0.00811	0.00697	0.00457	0.01054	0.01080	0.01441	0.02410	0.09599	0.02794	0.69405	0.03506	0.00676	0.00685	0.01128	0.00457	0.00451
81	0.00956	0.00732	0.00876	0.00857	0.01046	0.00652	0.00636	0.01225	0.01862	0.02490	0.42029	0.11081	0.29573	0.01674	0.00863	0.00240	0.00358	0.01450	0.00745	0.00652
82	0.01859	0.01550	0.01645	0.01473	0.01889	0.01782	0.01148	0.03851	0.66294	0.05382	0.02955	0.02704	0.02204	0.00983	0.00739	0.00246	0.00577	0.00819	0.00745	0.01154
83	0.00884	0.00720	0.00783	0.00804	0.01007	0.00619	0.00589	0.01079	0.01663	0.02063	0.14473	0.17786	0.51264	0.01869	0.00870	0.00252	0.00374	0.01594	0.00690	0.00619
84	0.00951	0.00740	0.00864	0.00833	0.01039	0.00653	0.00625	0.01222	0.01875	0.02482	0.41209	0.06143	0.35456	0.01648	0.00858	0.00236	0.00354	0.01415	0.00743	0.00653
85	0.01396	0.01331	0.02263	0.66886	0.04822	0.01651	0.04505	0.01871	0.01448	0.01871	0.01284	0.01923	0.00973	0.00747	0.00806	0.00246	0.04186	0.00654	0.00324	0.00814
86	0.79588	0.01406	0.01068	0.00956	0.01406	0.01631	0.00787	0.02137	0.01237	0.03261	0.01012	0.01181	0.00787	0.00675	0.00450	0.00225	0.00562	0.00394	0.00450	0.00787
87	0.00918	0.00646	0.00834	0.00971	0.01005	0.00612	0.00630	0.01021	0.01328	0.01771	0.03681	0.60843	0.04397	0.15974	0.01454	0.00373	0.00475	0.01875	0.00630	0.00562
88	0.74094	0.01419	0.01129	0.00992	0.01451	0.01628	0.00817	0.04284	0.01340	0.05976	0.01109	0.01250	0.00842	0.00690	0.00470	0.00225	0.00572	0.00415	0.00477	0.00819
89	0.01428	0.01381	0.02175	0.69805	0.04893	0.04479	0.01994	0.01900	0.01478	0.01854	0.01285	0.01912	0.00968	0.00728	0.00724	0.00240	0.00983	0.00639	0.00325	0.00809
90	0.03207	0.01249	0.01685	0.01300	0.01857	0.01096	0.01071	0.03555	0.04580	0.67891	0.02871	0.02483	0.01815	0.00903	0.00731	0.00226	0.00617	0.00734	0.00894	0.01234
91	0.10343	0.01373	0.02134	0.51889	0.10788	0.01679	0.01864	0.01917	0.01421	0.02060	0.01240	0.01809	0.00965	0.00758	0.00832	0.00244	0.06889	0.00617	0.00341	0.00838
92	0.01159	0.00862	0.01240	0.04203	0.04953	0.00867	0.01168	0.01467	0.01613	0.02116	0.03655	0.19444	0.04020	0.01939	0.00965	0.00318	0.00646	0.48039	0.00642	0.00684
93	0.01120	0.00932	0.01059	0.01072	0.03923	0.00901	0.00768	0.01707	0.14267	0.02443	0.23421	0.05558	0.37033	0.01536	0.00831	0.00240	0.00420	0.01305	0.00709	0.00755
94	0.01625	0.01582	0.02484	0.37358	0.32809	0.04927	0.02041	0.02067	0.01571	0.02095	0.01317	0.01833	0.01050	0.00687	0.00714	0.00224	0.00924	0.00631	0.00345	0.03717
95	0.01726	0.16219	0.08947	0.12193	0.03208	0.01992	0.28113	0.04880	0.05897	0.02255	0.01422	0.01775	0.01106	0.00692	0.00778	0.00222	0.03545	0.00675	0.00384	0.03971
96	0.01213	0.00783	0.01032	0.00962	0.01161	0.00718	0.00731	0.01543	0.02023	0.08473	0.59625	0.07855	0.06283	0.01482	0.00854	0.00234	0.00378	0.03122	0.00800	0.00728
97	0.00886	0.00741	0.00773	0.00775	0.01011	0.00628	0.00587	0.01089	0.01692	0.02054	0.12607	0.06906	0.61724	0.01817	0.00864	0.00247	0.00377	0.03915	0.00686	0.00622
98	0.01950	0.02091	0.07937	0.07034	0.44617	0.09403	0.04534	0.09157	0.01868	0.02509	0.01376	0.01733	0.01108	0.00688	0.00717	0.00217	0.00941	0.00628	0.00394	0.01097
99	0.01115	0.00765	0.00979	0.00912	0.01110	0.00696	0.00689	0.01437	0.02013	0.05980	0.59366	0.05468	0.13725	0.01499	0.00852	0.00230	0.00359	0.01312	0.00791	0.00704
100	0.01097	0.00844	0.01054	0.01024	0.01244	0.00752	0.00740	0.01409	0.04739	0.02282	0.19524	0.38266	0.04395	0.01650	0.00818	0.00236	0.00434	0.01473	0.00657	0.17359
101	0.01838	0.59486	0.18293	0.01423	0.02143	0.02619	0.01556	0.02204	0.01489	0.01838	0.01074	0.01246	0.00930	0.00637	0.00515	0.00172	0.00842	0.00421	0.00310	0.00963
102	0.00901	0.00633	0.00848	0.01009	0.01050	0.00592	0.00673	0.01009	0.01374	0.01831	0.03894	0.71047	0.04663	0.02287	0.01006	0.03505	0.00430	0.02008	0.00660	0.00579
103	0.01474	0.00847	0.01101	0.00988	0.01247	0.00762	0.00767	0.01788	0.02008	0.16641	0.47284	0.05077	0.12159	0.01420	0.00837	0.00233	0.00413	0.03360	0.00803	0.00791
104	0.02178	0.01596	0.01848	0.04245	0.02029	0.01769	0.01228	0.38227	0.04406	0.06407	0.01825	0.02188	0.01453	0.06579	0.13298	0.00418	0.04559	0.00700	0.00609	0.04439
105	0.01746	0.01640	0.02731	0.20430	0.51245	0.01727	0.02139	0.05378	0.01695	0.02362	0.01368	0.01829	0.01113	0.00677	0.00722	0.00222	0.00885	0.00648	0.00369	0.01074
106	0.01056	0.00711	0.00824	0.00824	0.00835	0.00722	0.00479	0.01077	0.01066	0.01432	0.02262	0.04599	0.02574	0.68738	0.09322	0.00743	0.00808	0.01034	0.00436	0.00458
107	0.33673	0.02306	0.19056	0.01659	0.04844	0.10603	0.01541	0.02214	0.01413	0.02538	0.01105	0.01382	0.00883	0.00789	0.00877	0.00237	0.13130	0.00491	0.00378	0.00883
108	0.12159	0.01972	0.12473	0.02440	0.24098	0.09220	0.04545	0.02055	0.01629	0.02330	0.02511	0.02888	0.13823	0.00952	0.00717	0.00228	0.00820	0.03775	0.00439	0.00927

[dist]
# distance from previous block
# <min> <max>
0	3

[block]
# block no. 1 follows, 28 sequences, length 68
# corresponding to MSA columns:
# 158-225
name=unknown_B
#
# <colnr> <probs for GDERKNQSTAVLIFYWHMCP>
#	G	D	E	R	K	N	Q	S	T	A	V	L	I	F	Y	W	H	M	C	P
0	0.01880	0.01871	0.04641	0.02830	0.32116	0.08971	0.01691	0.06593	0.18190	0.02627	0.05000	0.02282	0.01729	0.00826	0.00724	0.00220	0.00801	0.02349	0.00506	0.04153
1	0.01547	0.01316	0.01529	0.01096	0.01740	0.01010	0.00878	0.03916	0.01568	0.02439	0.01306	0.01515	0.01082	0.00549	0.00544	0.00111	0.00547	0.00438	0.00440	0.76431
2	0.02571	0.01940	0.02073	0.01634	0.02181	0.02164	0.01335	0.54671	0.16556	0.04271	0.01990	0.01940	0.01434	0.00895	0.00730	0.00224	0.00755	0.00688	0.00730	0.01219
3	0.00891	0.00637	0.00848	0.01009	0.01055	0.00594	0.00675	0.01025	0.01416	0.01894	0.06372	0.71505	0.04882	0.02249	0.00925	0.00293	0.00419	0.02039	0.00679	0.00594
4	0.01799	0.01727	0.02950	0.04462	0.69919	0.01727	0.02231	0.02231	0.01655	0.02375	0.01367	0.01799	0.01151	0.00648	0.00720	0.00216	0.00864	0.00648	0.00360	0.01151
5	0.00918	0.00719	0.00832	0.00846	0.01029	0.00632	0.00618	0.01142	0.01734	0.02247	0.26607	0.19337	0.37121	0.01811	0.00872	0.00250	0.00370	0.01566	0.00715	0.00632
6	0.01032	0.00718	0.00905	0.00924	0.00965	0.00750	0.00599	0.01120	0.01126	0.01538	0.02387	0.12035	0.02654	0.46782	0.22590	0.00790	0.01024	0.01092	0.00452	0.00516
7	0.02715	0.03464	0.02060	0.01873	0.02247	0.71536	0.01404	0.02903	0.02060	0.01779	0.01124	0.01311	0.00936	0.00749	0.00655	0.00187	0.01311	0.00468	0.00375	0.00843
8	0.02819	0.01947	0.02126	0.01630	0.02210	0.02121	0.01347	0.60330	0.03268	0.11959	0.01871	0.01827	0.01299	0.00876	0.00728	0.00219	0.00780	0.00663	0.00746	0.01236
9	0.00867	0.00737	0.00747	0.00745	0.00987	0.00617	0.00559	0.01059	0.01676	0.02008	0.10271	0.06922	0.66690	0.01824	0.00859	0.00245	0.00367	0.01524	0.00681	0.00617
10	0.00886	0.00633	0.00843	0.01012	0.01054	0.00590	0.00675	0.01012	0.01392	0.01856	0.04006	0.73979	0.04808	0.02277	0.00928	0.00295	0.00422	0.02066	0.00675	0.00590
11	0.01943	0.74891	0.03809	0.01244	0.01866	0.02876	0.01244	0.02177	0.01477	0.01710	0.01011	0.01166	0.00933	0.00622	0.00466	0.00155	0.00777	0.00389	0.00311	0.00933
12	0.01023	0.00743	0.00964	0.00909	0.01082	0.00683	0.00681	0.01361	0.02044	0.02883	0.67467	0.05482	0.08947	0.01498	0.00857	0.00229	0.00344	0.01322	0.00796	0.00683
13	0.00886	0.00633	0.00843	0.01012	0.01054	0.00590	0.00675	0.01012	0.01392	0.01856	0.04006	0.73979	0.04808	0.02277	0.00928	0.00295	0.00422	0.02066	0.00675	0.00590
14	0.01029	0.00743	0.00972	0.00914	0.01086	0.00686	0.00686	0.01372	0.02058	0.02915	0.69536	0.05430	0.06859	0.01486	0.00857	0.00229	0.00343	0.01315	0.00800	0.00686
15	0.05545	0.01704	0.02879	0.06706	0.61922	0.01722	0.04454	0.02216	0.01630	0.02397	0.01351	0.01780	0.01125	0.00651	0.00712	0.00218	0.00866	0.00643	0.00363	0.01115
16	0.01420	0.03492	0.64485	0.01969	0.02963	0.01599	0.02508	0.02219	0.01581	0.02357	0.07375	0.01881	0.01449	0.00761	0.00705	0.00230	0.01009	0.00606	0.00351	0.01040
17	0.01981	0.71434	0.03724	0.01274	0.01884	0.06199	0.01252	0.02212	0.01505	0.01714	0.01016	0.01173	0.00933	0.00628	0.00476	0.00157	0.00803	0.00393	0.00314	0.00928
18	0.00859	0.00736	0.00736	0.00736	0.00982	0.00614	0.00552	0.01043	0.01657	0.01964	0.07364	0.06996	0.69624	0.01841	0.00859	0.00245	0.00368	0.01534	0.00675	0.00614
19	0.01943	0.74891	0.03809	0.01244	0.01866	0.02876	0.01244	0.02177	0.01477	0.01710	0.01011	0.01166	0.00933	0.00622	0.00466	0.00155	0.00777	0.00389	0.00311	0.00933
20	0.00910	0.00722	0.00826	0.00887	0.01067	0.00637	0.00663	0.01104	0.01607	0.02001	0.08703	0.24364	0.42453	0.01958	0.00894	0.00268	0.00417	0.09220	0.00680	0.00617
21	0.03261	0.01237	0.01687	0.01293	0.01856	0.01068	0.01068	0.03543	0.02081	0.70423	0.02868	0.02474	0.01799	0.00900	0.00731	0.00225	0.00619	0.00731	0.00900	0.01237
22	0.01373	0.01292	0.02180	0.72707	0.05006	0.01615	0.02019	0.01857	0.01453	0.01857	0.01292	0.01938	0.00969	0.00727	0.00727	0.00242	0.00969	0.00646	0.00323	0.00807
23	0.09524	0.03169	0.48915	0.02052	0.07448	0.06530	0.02250	0.02418	0.01592	0.07595	0.01387	0.01574	0.00992	0.00706	0.00669	0.00225	0.00990	0.00541	0.00375	0.01047
24	0.01057	0.00705	0.00793	0.00793	0.00793	0.00705	0.00440	0.01057	0.01057	0.01409	0.02290	0.04757	0.02643	0.74454	0.03700	0.00705	0.00705	0.01057	0.00440	0.00440
25	0.01042	0.00764	0.01091	0.01091	0.01194	0.00867	0.00813	0.01249	0.01145	0.01630	0.02017	0.03245	0.01986	0.19599	0.57657	0.01073	0.01692	0.00836	0.00400	0.00606
26	0.01391	0.01304	0.02157	0.69657	0.04873	0.01623	0.01982	0.01943	0.04329	0.01908	0.01363	0.01971	0.01023	0.00738	0.00727	0.00242	0.00952	0.00654	0.00341	0.00822
27	0.01677	0.01529	0.02526	0.17665	0.44682	0.01615	0.01980	0.02082	0.01601	0.04562	0.01822	0.02338	0.05451	0.00817	0.00827	0.00232	0.04690	0.02487	0.00397	0.01019
28	0.01890	0.01753	0.02878	0.07374	0.55932	0.01789	0.04865	0.09986	0.01858	0.02610	0.01413	0.01806	0.01151	0.00677	0.00727	0.00219	0.00876	0.00657	0.00402	0.01138
29	0.01171	0.00837	0.01171	0.01339	0.01506	0.00837	0.01171	0.01506	0.01673	0.02175	0.03849	0.08199	0.04183	0.02008	0.01004	0.00335	0.00669	0.65027	0.00669	0.00669
30	0.01161	0.00830	0.01157	0.01309	0.01477	0.00826	0.01138	0.01497	0.01700	0.02227	0.08411	0.08007	0.04369	0.01972	0.00994	0.00327	0.00647	0.60601	0.00678	0.00670
31	0.29098	0.01824	0.15523	0.01340	0.01959	0.01414	0.01305	0.04633	0.01684	0.26575	0.01842	0.01951	0.01298	0.00798	0.00626	0.00225	0.00696	0.02524	0.00593	0.04094
32	0.07512	0.01883	0.01826	0.01481	0.01958	0.08347	0.01195	0.41208	0.09612	0.03808	0.01855	0.01906	0.01370	0.00856	0.00672	0.00212	0.00742	0.00641	0.11835	0.01081
33	0.74195	0.06510	0.01259	0.00976	0.01438	0.01717	0.00819	0.02140	0.01254	0.03154	0.01012	0.01180	0.00797	0.00671	0.00451	0.00220	0.00577	0.00393	0.00440	0.00797
34	0.00983	0.00745	0.00908	0.00878	0.01072	0.00670	0.00666	0.01277	0.01918	0.02591	0.47624	0.06030	0.25983	0.01618	0.00864	0.00238	0.00365	0.04150	0.00756	0.00663
35	0.01671	0.01919	0.07625	0.02866	0.12058	0.01782	0.41420	0.04155	0.01683	0.02317	0.01812	0.02219	0.05847	0.00783	0.00981	0.00247	0.08424	0.00829	0.00390	0.00972
36	0.76559	0.01431	0.01112	0.00984	0.01439	0.01655	0.00811	0.04714	0.01323	0.03313	0.01041	0.01203	0.00805	0.00683	0.00461	0.00225	0.00572	0.00404	0.00461	0.00805
37	0.01943	0.74891	0.03809	0.01244	0.01866	0.02876	0.01244	0.02177	0.01477	0.01710	0.01011	0.01166	0.00933	0.00622	0.00466	0.00155	0.00777	0.00389	0.00311	0.00933
38	0.04145	0.44570	0.20727	0.01463	0.02132	0.02305	0.01587	0.02123	0.01507	0.01989	0.04170	0.01834	0.01353	0.00774	0.00635	0.00195	0.03281	0.03919	0.00355	0.00936
39	0.01038	0.00779	0.01168	0.01168	0.01298	0.00909	0.00909	0.01298	0.01168	0.01687	0.01947	0.02856	0.01817	0.05452	0.71573	0.01168	0.01947	0.00779	0.00389	0.00649
40	0.01808	0.01561	0.01644	0.01479	0.01890	0.01808	0.01151	0.03863	0.68606	0.03041	0.02959	0.02712	0.02219	0.00986	0.00740	0.00247	0.00575	0.00822	0.00740	0.01151
41	0.01050	0.00734	0.00940	0.00940	0.00991	0.00785	0.00624	0.01152	0.01101	0.01519	0.02156	0.04010	0.02318	0.47352	0.30359	0.00887	0.01193	0.00948	0.00420	0.00522
42	0.73101	0.01391	0.01121	0.00985	0.01444	0.01583	0.00811	0.02256	0.01309	0.08970	0.01170	0.01291	0.00873	0.00694	0.00474	0.00225	0.00567	0.00422	0.00488	0.00825
43	0.00903	0.00775	0.00779	0.00771	0.01024	0.00669	0.00580	0.01175	0.04787	0.02014	0.07158	0.06795	0.66473	0.01801	0.00854	0.00246	0.00378	0.01501	0.00678	0.00639
44	0.00905	0.00647	0.00866	0.01035	0.01086	0.00608	0.00709	0.01046	0.01411	0.01878	0.03995	0.69410	0.04764	0.02259	0.00933	0.00298	0.00439	0.06440	0.00674	0.00596
45	0.01205	0.00875	0.01197	0.01346	0.01526	0.00888	0.01170	0.01632	0.05239	0.02221	0.03801	0.07907	0.04079	0.01954	0.00990	0.00330	0.00664	0.61606	0.00673	0.00695
46	0.01799	0.01727	0.02950	0.04462	0.69919	0.01727	0.02231	0.02231	0.01655	0.02375	0.01367	0.01799	0.01151	0.00648	0.00720	0.00216	0.00864	0.00648	0.00360	0.01151
47	0.79588	0.01406	0.01068	0.00956	0.01406	0.01631	0.00787	0.02137	0.01237	0.03261	0.01012	0.01181	0.00787	0.00675	0.00450	0.00225	0.00562	0.00394	0.00450	0.00787
48	0.00902	0.00642	0.00852	0.01013	0.01058	0.00603	0.00681	0.01030	0.01386	0.01847	0.03927	0.68819	0.04693	0.05405	0.01051	0.00314	0.00442	0.04083	0.00664	0.00586
49	0.01415	0.00736	0.00742	0.00720	0.00907	0.00745	0.00546	0.04511	0.01605	0.02790	0.02344	0.02669	0.01836	0.00848	0.00518	0.00171	0.00358	0.00677	0.75160	0.00701
50	0.01012	0.00726	0.00948	0.01084	0.01168	0.00701	0.00770	0.04290	0.01524	0.02027	0.03878	0.62410	0.04558	0.02176	0.00927	0.00296	0.00470	0.09725	0.00677	0.00631
51	0.01808	0.01561	0.01644	0.01479	0.01890	0.01808	0.01151	0.03863	0.68606	0.03041	0.02959	0.02712	0.02219	0.00986	0.00740	0.00247	0.00575	0.00822	0.00740	0.01151
52	0.02717	0.03414	0.02064	0.01866	0.02247	0.69085	0.01404	0.05187	0.02108	0.01878	0.01146	0.01326	0.00947	0.00753	0.00658	0.00188	0.01293	0.00475	0.00387	0.00857
53	0.01373	0.01292	0.02180	0.72707	0.05006	0.01615	0.02019	0.01857	0.01453	0.01857	0.01292	0.01938	0.00969	0.00727	0.00727	0.00242	0.00969	0.00646	0.00323	0.00807
54	0.00866	0.00737	0.00746	0.00744	0.00986	0.00617	0.00558	0.01057	0.01674	0.02004	0.10024	0.06929	0.66939	0.01826	0.00859	0.00245	0.00367	0.01525	0.00680	0.00617
55	0.54368	0.01393	0.01299	0.01087	0.01575	0.01508	0.00897	0.06008	0.01587	0.21923	0.01565	0.01569	0.01091	0.00748	0.00542	0.00225	0.00591	0.00501	0.00589	0.00936
56	0.01835	0.59020	0.18731	0.01429	0.02151	0.02611	0.01565	0.02205	0.01490	0.01842	0.01076	0.01248	0.00930	0.00637	0.00516	0.00172	0.00844	0.00422	0.00310	0.00964
57	0.65748	0.01375	0.01181	0.01017	0.01487	0.01529	0.00838	0.02392	0.01390	0.15440	0.01349	0.01415	0.00971	0.00716	0.00501	0.00225	0.00572	0.00455	0.00531	0.00869
58	0.01057	0.00705	0.00793	0.00793	0.00793	0.00705	0.00440	0.01057	0.01057	0.01409	0.02290	0.04757	0.02643	0.74454	0.03700	0.00705	0.00705	0.01057	0.00440	0.00440
59	0.01828	0.01724	0.02881	0.07208	0.63904	0.01748	0.02181	0.05374	0.01732	0.02460	0.01382	0.01802	0.01148	0.00662	0.00720	0.00217	0.00865	0.00648	0.00376	0.01141
60	0.00896	0.00640	0.00852	0.01005	0.01057	0.00597	0.00676	0.01037	0.01438	0.01929	0.08558	0.69218	0.04950	0.02222	0.00923	0.00291	0.00416	0.02014	0.00683	0.00597
61	0.00886	0.00633	0.00843	0.01012	0.01054	0.00590	0.00675	0.01012	0.01392	0.01856	0.04006	0.73979	0.04808	0.02277	0.00928	0.00295	0.00422	0.02066	0.00675	0.00590
62	0.01710	0.01945	0.04201	0.03014	0.03718	0.01855	0.64469	0.02304	0.01690	0.02304	0.01448	0.01945	0.01097	0.00641	0.00923	0.00248	0.04302	0.00848	0.00366	0.00972
63	0.01301	0.00792	0.01012	0.00987	0.01187	0.00719	0.00738	0.01540	0.01760	0.12114	0.26486	0.21575	0.15169	0.05568	0.01018	0.00279	0.00447	0.05854	0.00737	0.00717
64	0.01065	0.00803	0.01023	0.01133	0.01327	0.00761	0.00960	0.01348	0.01668	0.02103	0.05046	0.07789	0.26478	0.01951	0.00955	0.00304	0.00567	0.43396	0.00671	0.00650
65	0.01799	0.01727	0.02950	0.04462	0.69919	0.01727	0.02231	0.02231	0.01655	0.02375	0.01367	0.01799	0.01151	0.00648	0.00720	0.00216	0.00864	0.00648	0.00360	0.01151
66	0.02369	0.02013	0.02019	0.01775	0.05729	0.09891	0.01348	0.34244	0.26201	0.03603	0.02084	0.02041	0.01545	0.00887	0.00723	0.00225	0.00782	0.00692	0.00672	0.01157
67	0.08243	0.01671	0.02132	0.36617	0.03544	0.09492	0.06182	0.11227	0.01787	0.02427	0.01376	0.01811	0.01050	0.00768	0.00764	0.00230	0.04064	0.00623	0.05118	0.00874

[dist]
# distance from previous block
# <min> <max>
0	1

[block]
# block no. 2 follows, 28 sequences, length 22
# corresponding to MSA columns:
# 227-248
name=unknown_C
#
# <colnr> <probs for GDERKNQSTAVLIFYWHMCP>
#	G	D	E	R	K	N	Q	S	T	A	V	L	I	F	Y	W	H	M	C	P
0	0.66329	0.01420	0.01167	0.01020	0.01475	0.01612	0.00834	0.05527	0.04378	0.03269	0.03247	0.01422	0.01073	0.00718	0.00493	0.00220	0.00567	0.00456	0.00487	0.04285
1	0.01018	0.00795	0.01000	0.01051	0.04894	0.00721	0.00720	0.01302	0.01870	0.02524	0.43184	0.05713	0.26819	0.04056	0.00948	0.00250	0.00393	0.01340	0.00722	0.00680
2	0.01903	0.01497	0.01969	0.02278	0.22268	0.01561	0.01407	0.03023	0.31847	0.11161	0.02703	0.02657	0.06681	0.00913	0.00731	0.00227	0.00650	0.00790	0.00625	0.05108
3	0.01475	0.01255	0.01471	0.01066	0.01680	0.00950	0.00849	0.01799	0.01545	0.02406	0.05913	0.01773	0.01468	0.00603	0.00560	0.00116	0.00525	0.00491	0.00456	0.73601
4	0.02653	0.03237	0.02038	0.01832	0.02222	0.62121	0.01385	0.07098	0.06908	0.02048	0.01295	0.01439	0.01047	0.00774	0.00666	0.00193	0.01226	0.00505	0.00423	0.00890
5	0.02133	0.01466	0.01642	0.01413	0.01851	0.01599	0.01116	0.07689	0.45440	0.17812	0.07370	0.02782	0.02379	0.00994	0.00745	0.00239	0.00583	0.00825	0.00778	0.01143
6	0.01029	0.00743	0.00972	0.00914	0.01086	0.00686	0.00686	0.01372	0.02058	0.02915	0.69536	0.05430	0.06859	0.01486	0.00857	0.00229	0.00343	0.01315	0.00800	0.00686
7	0.00921	0.00738	0.00826	0.00825	0.01037	0.00643	0.00622	0.01154	0.01758	0.02233	0.24392	0.09587	0.46347	0.01769	0.00868	0.00247	0.00377	0.04311	0.00710	0.00635
8	0.01038	0.00779	0.01168	0.01168	0.01298	0.00909	0.00909	0.01298	0.01168	0.01687	0.01947	0.02856	0.01817	0.05452	0.71573	0.01168	0.01947	0.00779	0.00389	0.00649
9	0.02715	0.03464	0.02060	0.01873	0.02247	0.71536	0.01404	0.02903	0.02060	0.01779	0.01124	0.01311	0.00936	0.00749	0.00655	0.00187	0.01311	0.00468	0.00375	0.00843
10	0.01808	0.01561	0.01644	0.01479	0.01890	0.01808	0.01151	0.03863	0.68606	0.03041	0.02959	0.02712	0.02219	0.00986	0.00740	0.00247	0.00575	0.00822	0.00740	0.01151
11	0.00902	0.00644	0.00862	0.01030	0.01080	0.00604	0.00703	0.01040	0.01407	0.01873	0.03998	0.70298	0.04773	0.02262	0.00932	0.00297	0.00436	0.05590	0.00674	0.00595
12	0.00874	0.00679	0.00796	0.00889	0.01022	0.00601	0.00620	0.01026	0.01510	0.01904	0.05500	0.44184	0.33639	0.02083	0.00897	0.00273	0.00398	0.01830	0.00675	0.00601
13	0.01527	0.01497	0.02104	0.01823	0.01838	0.02074	0.01512	0.01697	0.01120	0.01742	0.01069	0.01736	0.01054	0.01755	0.10372	0.00416	0.64908	0.00653	0.00326	0.00778
14	0.06423	0.01206	0.01606	0.01261	0.01785	0.01062	0.01031	0.03320	0.02000	0.63127	0.02860	0.06986	0.01948	0.00978	0.00731	0.00229	0.00604	0.00802	0.00866	0.01176
15	0.00886	0.00633	0.00843	0.01012	0.01054	0.00590	0.00675	0.01012	0.01392	0.01856	0.04006	0.73979	0.04808	0.02277	0.00928	0.00295	0.00422	0.02066	0.00675	0.00590
16	0.01355	0.00678	0.00678	0.00678	0.00847	0.00678	0.00508	0.01694	0.01524	0.02710	0.02371	0.02710	0.01863	0.00847	0.00508	0.00169	0.00339	0.00678	0.78489	0.00678
17	0.01828	0.01692	0.02767	0.27470	0.46091	0.01773	0.02195	0.02212	0.01692	0.02355	0.01524	0.02094	0.01263	0.00800	0.00798	0.00259	0.00953	0.00704	0.00412	0.01119
18	0.02650	0.03340	0.02124	0.02058	0.07089	0.66541	0.01464	0.02855	0.02031	0.01822	0.01141	0.01346	0.00952	0.00742	0.00660	0.00189	0.01279	0.00481	0.00373	0.00865
19	0.72873	0.01530	0.04462	0.01144	0.04120	0.01637	0.00933	0.02148	0.01267	0.03182	0.01040	0.01221	0.00808	0.00674	0.00472	0.00225	0.00598	0.00410	0.00440	0.00815
20	0.01799	0.01727	0.02950	0.04462	0.69919	0.01727	0.02231	0.02231	0.01655	0.02375	0.01367	0.01799	0.01151	0.00648	0.00720	0.00216	0.00864	0.00648	0.00360	0.01151
21	0.01175	0.00772	0.01008	0.00940	0.01136	0.00706	0.00708	0.01497	0.02011	0.07658	0.59262	0.08786	0.08557	0.01497	0.00852	0.00232	0.00368	0.01319	0.00797	0.00718

[dist]
# distance from previous block
# <min> <max>
0	2

[block]
# block no. 3 follows, 28 sequences, length 239
# corresponding to MSA columns:
# 251-489
name=unknown_D
#
# <colnr> <probs for GDERKNQSTAVLIFYWHMCP>
#	G	D	E	R	K	N	Q	S	T	A	V	L	I	F	Y	W	H	M	C	P
0	0.79588	0.01406	0.01068	0.00956	0.01406	0.01631	0.00787	0.02137	0.01237	0.03261	0.01012	0.01181	0.00787	0.00675	0.00450	0.00225	0.00562	0.00394	0.00450	0.00787
1	0.01373	0.01292	0.02180	0.72707	0.05006	0.01615	0.02019	0.01857	0.01453	0.01857	0.01292	0.01938	0.00969	0.00727	0.00727	0.00242	0.00969	0.00646	0.00323	0.00807
2	0.03261	0.01237	0.01687	0.01293	0.01856	0.01068	0.01068	0.03543	0.02081	0.70423	0.02868	0.02474	0.01799	0.00900	0.00731	0.00225	0.00619	0.00731	0.00900	0.01237
3	0.01373	0.01292	0.02180	0.72707	0.05006	0.01615	0.02019	0.01857	0.01453	0.01857	0.01292	0.01938	0.00969	0.00727	0.00727	0.00242	0.00969	0.00646	0.00323	0.00807
4	0.02763	0.02036	0.02182	0.01672	0.02254	0.02254	0.01382	0.67496	0.03418	0.04581	0.01745	0.01745	0.01236	0.00873	0.00727	0.00218	0.00800	0.00654	0.00727	0.01236
5	0.00886	0.00633	0.00843	0.01012	0.01054	0.00590	0.00675	0.01012	0.01392	0.01856	0.04006	0.73979	0.04808	0.02277	0.00928	0.00295	0.00422	0.02066	0.00675	0.00590
6	0.01194	0.00869	0.01182	0.01330	0.01505	0.00881	0.01144	0.01620	0.05622	0.02210	0.03804	0.11273	0.04099	0.01961	0.00984	0.00327	0.00651	0.57972	0.00674	0.00694
7	0.02446	0.04642	0.02222	0.13229	0.06319	0.30217	0.01534	0.25394	0.02402	0.02807	0.01379	0.01586	0.01058	0.00780	0.00690	0.00207	0.01037	0.00569	0.00488	0.00995
8	0.01523	0.13237	0.61777	0.01961	0.02975	0.01846	0.02494	0.02285	0.01527	0.02223	0.01265	0.01486	0.00922	0.00681	0.00661	0.00220	0.01035	0.00517	0.00307	0.01055
9	0.01085	0.00789	0.01062	0.01203	0.01359	0.00766	0.01004	0.01369	0.01639	0.02123	0.06354	0.18471	0.12034	0.02015	0.00970	0.00315	0.00584	0.45533	0.00675	0.00651
10	0.01454	0.02076	0.25529	0.05084	0.17213	0.01350	0.04156	0.02002	0.01754	0.04641	0.23836	0.02936	0.02962	0.00948	0.00761	0.00227	0.00774	0.00839	0.00502	0.00954
11	0.01699	0.14843	0.49442	0.01951	0.02869	0.06750	0.05648	0.02369	0.01591	0.04546	0.01308	0.01515	0.00964	0.00687	0.00663	0.00216	0.01036	0.00532	0.00336	0.01036
12	0.01461	0.01237	0.01444	0.01058	0.01647	0.00941	0.00831	0.01759	0.01477	0.02296	0.01436	0.03975	0.01287	0.04970	0.00738	0.00149	0.00545	0.00519	0.00439	0.71794
13	0.02729	0.03048	0.02095	0.01814	0.02249	0.51330	0.01398	0.21741	0.02456	0.02596	0.01305	0.01438	0.01024	0.00785	0.00676	0.00196	0.01162	0.00522	0.00477	0.00957
14	0.02099	0.58709	0.03501	0.01399	0.01999	0.08952	0.03930	0.05815	0.01667	0.04547	0.01151	0.01293	0.00990	0.00657	0.00524	0.00168	0.00839	0.00442	0.00364	0.00955
15	0.01029	0.00743	0.00972	0.00914	0.01086	0.00686	0.00686	0.01372	0.02058	0.02915	0.69536	0.05430	0.06859	0.01486	0.00857	0.00229	0.00343	0.01315	0.00800	0.00686
16	0.01808	0.01561	0.01644	0.01479	0.01890	0.01808	0.01151	0.03863	0.68606	0.03041	0.02959	0.02712	0.02219	0.00986	0.00740	0.00247	0.00575	0.00822	0.00740	0.01151
17	0.01054	0.00715	0.00846	0.00846	0.00865	0.00734	0.00507	0.01091	0.01073	0.01449	0.02242	0.04486	0.02525	0.64637	0.13356	0.00771	0.00881	0.01017	0.00433	0.00470
18	0.02717	0.03409	0.02065	0.01865	0.02247	0.68843	0.01404	0.05413	0.02113	0.01888	0.01148	0.01328	0.00948	0.00754	0.00658	0.00188	0.01291	0.00475	0.00388	0.00858
19	0.00906	0.00736	0.00804	0.00807	0.01024	0.00635	0.00607	0.01124	0.01726	0.02159	0.19768	0.10177	0.51276	0.01797	0.00867	0.00248	0.00376	0.03635	0.00700	0.00629
20	0.00912	0.00651	0.00874	0.01042	0.01096	0.00613	0.00721	0.01058	0.01418	0.01885	0.03992	0.67921	0.04750	0.02253	0.00935	0.00299	0.00445	0.07866	0.00674	0.00598
21	0.00859	0.00736	0.00736	0.00736	0.00982	0.00614	0.00552	0.01043	0.01657	0.01964	0.07364	0.06996	0.69624	0.01841	0.00859	0.00245	0.00368	0.01534	0.00675	0.00614
22	0.02672	0.01934	0.02079	0.01612	0.02168	0.02134	0.01326	0.59617	0.06811	0.06380	0.01868	0.01856	0.01330	0.00879	0.00719	0.00218	0.00764	0.00667	0.03756	0.01210
23	0.23682	0.01282	0.01521	0.01203	0.01735	0.01219	0.00993	0.03166	0.01855	0.52455	0.02371	0.02128	0.01529	0.00840	0.00656	0.00225	0.00603	0.00641	0.00779	0.01117
24	0.01038	0.00779	0.01168	0.01168	0.01298	0.00909	0.00909	0.01298	0.01168	0.01687	0.01947	0.02856	0.01817	0.05452	0.71573	0.01168	0.01947	0.00779	0.00389	0.00649
25	0.01355	0.00678	0.00678	0.00678	0.00847	0.00678	0.00508	0.01694	0.01524	0.02710	0.02371	0.02710	0.01863	0.00847	0.00508	0.00169	0.00339	0.00678	0.78489	0.00678
26	0.23208	0.02089	0.02255	0.02804	0.31915	0.19459	0.03733	0.02379	0.01646	0.02463	0.01212	0.01512	0.00996	0.00680	0.00634	0.00212	0.00907	0.00540	0.00388	0.00968
27	0.01472	0.03663	0.67116	0.02125	0.03181	0.01696	0.06160	0.02303	0.01544	0.02303	0.01313	0.01558	0.00931	0.00686	0.00700	0.00231	0.01082	0.00554	0.00310	0.01069
28	0.18270	0.14073	0.26567	0.06521	0.02830	0.01893	0.15726	0.02223	0.01495	0.02389	0.01230	0.01517	0.00936	0.00662	0.00641	0.00221	0.00943	0.00558	0.00352	0.00953
29	0.02571	0.03098	0.02210	0.02277	0.13125	0.56084	0.01536	0.06740	0.02078	0.02046	0.01201	0.01416	0.00989	0.00740	0.00670	0.00194	0.01208	0.00508	0.00394	0.00916
30	0.01002	0.00726	0.00922	0.01034	0.01123	0.00695	0.00711	0.05013	0.01550	0.02061	0.06258	0.63736	0.08149	0.02143	0.00910	0.00286	0.00439	0.01928	0.00682	0.00634
31	0.01004	0.00742	0.00938	0.00889	0.01071	0.00675	0.00667	0.01324	0.02000	0.02777	0.60527	0.05657	0.15953	0.01537	0.00858	0.00231	0.00347	0.01346	0.00782	0.00675
32	0.01755	0.02019	0.04203	0.03017	0.03739	0.04547	0.64719	0.02351	0.01729	0.02307	0.01457	0.01936	0.01096	0.00618	0.00850	0.00243	0.01229	0.00843	0.00368	0.00975
33	0.03112	0.01390	0.01775	0.01358	0.01927	0.01290	0.01121	0.15612	0.02316	0.55822	0.02606	0.02306	0.01670	0.00883	0.00724	0.00220	0.00650	0.00707	0.00852	0.03656
34	0.00945	0.00675	0.00910	0.01070	0.01141	0.00640	0.00769	0.01119	0.01470	0.01955	0.06425	0.59036	0.04767	0.02197	0.00940	0.00300	0.00465	0.13890	0.00678	0.00609
35	0.01055	0.00771	0.00994	0.00934	0.01113	0.00724	0.00702	0.01456	0.04299	0.02919	0.67294	0.05338	0.06702	0.01469	0.00853	0.00229	0.00351	0.01298	0.00798	0.00702
36	0.00969	0.00699	0.00935	0.01094	0.01184	0.00665	0.00815	0.01160	0.01490	0.01956	0.04140	0.50863	0.08109	0.02174	0.00947	0.00304	0.00492	0.20715	0.00673	0.00615
37	0.00889	0.00643	0.00842	0.00992	0.01051	0.00595	0.00668	0.01027	0.01431	0.01900	0.06545	0.67565	0.08719	0.02223	0.00921	0.00290	0.00416	0.02008	0.00679	0.00595
38	0.01476	0.06418	0.68189	0.02041	0.03098	0.01733	0.02632	0.02297	0.01533	0.02280	0.01294	0.01521	0.00921	0.00688	0.00682	0.00227	0.01063	0.00532	0.00307	0.01069
39	0.01784	0.01712	0.02923	0.06899	0.67601	0.01723	0.02223	0.02218	0.01648	0.02356	0.01365	0.01804	0.01145	0.00650	0.00720	0.00217	0.00867	0.00648	0.00359	0.01139
