[name]
unknown

[dist]
# distance from previous block
# <min> <max>
0	39

[block]
# block no. 0 follows, 30 sequences, length 15
# corresponding to MSA columns:
# 39-53
name=unknown_A
#
# <colnr> <probs for GDERKNQSTAVLIFYWHMCP>
#	G	D	E	R	K	N	Q	S	T	A	V	L	I	F	Y	W	H	M	C	P
0	0.01890	0.22322	0.11299	0.01720	0.07995	0.10449	0.04242	0.10255	0.01806	0.05893	0.04951	0.02146	0.03910	0.00951	0.02910	0.00226	0.00854	0.03272	0.01982	0.00927
1	0.01855	0.08253	0.21496	0.02215	0.08522	0.15408	0.17372	0.08978	0.01804	0.02289	0.01527	0.01763	0.03926	0.00712	0.00690	0.00209	0.01015	0.00624	0.00381	0.00960
2	0.05549	0.20289	0.02168	0.01556	0.08137	0.11384	0.01170	0.04336	0.12777	0.03880	0.02155	0.02218	0.09715	0.00856	0.00691	0.00194	0.04214	0.00640	0.00464	0.07606
3	0.01807	0.04592	0.04491	0.21403	0.06051	0.01481	0.05154	0.08092	0.09151	0.12147	0.01846	0.02023	0.03357	0.00746	0.00666	0.00201	0.00741	0.00638	0.00497	0.14915
4	0.10726	0.01500	0.01606	0.07532	0.02009	0.03389	0.01132	0.19764	0.25212	0.07404	0.02178	0.06607	0.01712	0.00923	0.00671	0.00223	0.00637	0.00740	0.05037	0.00998
5	0.00896	0.00703	0.00810	0.00796	0.00989	0.00617	0.00592	0.01134	0.01739	0.02268	0.33986	0.10336	0.39348	0.01648	0.00828	0.00232	0.00346	0.01415	0.00699	0.00617
6	0.01381	0.01296	0.02140	0.62947	0.11338	0.01571	0.01914	0.01921	0.05046	0.01893	0.01332	0.01886	0.01012	0.00703	0.00698	0.00230	0.00900	0.00629	0.00335	0.00826
7	0.00897	0.00691	0.00819	0.00827	0.00997	0.00614	0.00605	0.01126	0.01702	0.02243	0.32745	0.18921	0.31888	0.01705	0.00836	0.00238	0.00353	0.01482	0.00698	0.00614
8	0.00916	0.03766	0.04219	0.01028	0.01137	0.00704	0.00759	0.01074	0.01346	0.01796	0.03611	0.68645	0.04293	0.02052	0.00862	0.00275	0.00448	0.01851	0.00617	0.00602
9	0.01523	0.00920	0.00999	0.04702	0.01285	0.00952	0.00716	0.12235	0.01746	0.02823	0.02069	0.02352	0.01606	0.00794	0.00534	0.00170	0.00438	0.00632	0.58339	0.05165
10	0.01477	0.01387	0.01988	0.37381	0.03370	0.03922	0.05060	0.03942	0.01487	0.02042	0.01239	0.01681	0.00977	0.00667	0.00732	0.00192	0.04912	0.00557	0.00360	0.26627
11	0.01710	0.01729	0.02650	0.14449	0.41778	0.07965	0.08628	0.02120	0.01587	0.02146	0.01284	0.01697	0.01049	0.00630	0.00685	0.00203	0.00891	0.00608	0.00348	0.07843
12	0.01022	0.00807	0.01187	0.01585	0.14166	0.00776	0.00919	0.01193	0.01370	0.01857	0.03301	0.58302	0.03869	0.04968	0.00965	0.00286	0.00496	0.01687	0.00582	0.00662
13	0.01142	0.01046	0.01764	0.01484	0.01733	0.01040	0.17191	0.01437	0.01569	0.02141	0.19664	0.25309	0.11147	0.01470	0.00992	0.00253	0.08013	0.01331	0.00571	0.00702
14	0.00906	0.00712	0.00840	0.00875	0.01052	0.00615	0.00622	0.01074	0.01465	0.01905	0.07070	0.39558	0.29205	0.01835	0.00826	0.00245	0.00394	0.01609	0.00628	0.08566

[dist]
# distance from previous block
# <min> <max>
1	7

[block]
# block no. 1 follows, 30 sequences, length 14
# corresponding to MSA columns:
# 61-74
name=unknown_B
#
# <colnr> <probs for GDERKNQSTAVLIFYWHMCP>
#	G	D	E	R	K	N	Q	S	T	A	V	L	I	F	Y	W	H	M	C	P
0	0.01501	0.06047	0.36682	0.01553	0.02354	0.03550	0.01743	0.04034	0.01546	0.02275	0.03334	0.01559	0.01120	0.00637	0.00604	0.00173	0.00809	0.00496	0.00366	0.29618
1	0.22350	0.01555	0.06415	0.01230	0.01764	0.01432	0.01068	0.18329	0.01928	0.13055	0.04892	0.04090	0.01468	0.00786	0.00602	0.00194	0.00618	0.00596	0.00569	0.17059
2	0.36986	0.05342	0.01253	0.00996	0.01393	0.03382	0.00811	0.05247	0.06104	0.09077	0.02650	0.02627	0.15801	0.00941	0.00580	0.00214	0.00538	0.00694	0.04556	0.00808
3	0.01001	0.00813	0.01079	0.01119	0.01164	0.00907	0.00810	0.01126	0.01279	0.01740	0.03372	0.49734	0.08820	0.06642	0.01351	0.00310	0.15980	0.01593	0.00561	0.00601
4	0.01601	0.01690	0.03450	0.05026	0.03203	0.01635	0.51987	0.06143	0.01653	0.02242	0.01513	0.02125	0.01220	0.06230	0.06704	0.00335	0.01163	0.00812	0.00379	0.00889
5	0.01212	0.00606	0.00909	0.00909	0.00909	0.00606	0.00606	0.00909	0.00909	0.01212	0.01212	0.02121	0.01212	0.02424	0.02727	0.79697	0.00606	0.00606	0.00303	0.00303
6	0.00863	0.00613	0.00806	0.00955	0.00992	0.00576	0.00630	0.00975	0.01311	0.01747	0.03715	0.69432	0.04451	0.07999	0.01102	0.00315	0.00426	0.01907	0.00630	0.00555
7	0.00846	0.00708	0.00737	0.00729	0.00956	0.00598	0.00547	0.01043	0.01641	0.02005	0.15448	0.06518	0.62386	0.01722	0.00825	0.00234	0.00350	0.01445	0.00664	0.00598
8	0.80405	0.01350	0.01026	0.00918	0.01350	0.01565	0.00756	0.02051	0.01188	0.03131	0.00972	0.01134	0.00756	0.00648	0.00432	0.00216	0.00540	0.00378	0.00432	0.00756
9	0.02653	0.01955	0.02094	0.01606	0.02164	0.02164	0.01326	0.68796	0.03281	0.04398	0.01675	0.01675	0.01187	0.00838	0.00698	0.00209	0.00768	0.00628	0.00698	0.01187
10	0.01511	0.01312	0.01645	0.01180	0.01803	0.01036	0.05185	0.04639	0.01538	0.02362	0.01270	0.01485	0.01042	0.00535	0.00544	0.00116	0.00570	0.00449	0.00422	0.71357
11	0.01015	0.00677	0.00761	0.00761	0.00761	0.00677	0.00423	0.01015	0.01015	0.01353	0.02199	0.04567	0.02537	0.75476	0.03552	0.00677	0.00677	0.01015	0.00423	0.00423
12	0.00953	0.00651	0.00779	0.00840	0.00855	0.00635	0.00507	0.00999	0.01135	0.01513	0.02815	0.30924	0.03315	0.48057	0.02556	0.00529	0.00575	0.01377	0.00507	0.00477
13	0.01591	0.01272	0.01487	0.01072	0.01685	0.00995	0.00861	0.05092	0.01564	0.05906	0.01338	0.01505	0.01076	0.00550	0.00535	0.00114	0.00533	0.00439	0.00450	0.71934

[dist]
# distance from previous block
# <min> <max>
0	1

[block]
# block no. 2 follows, 30 sequences, length 13
# corresponding to MSA columns:
# 76-88
name=unknown_C
#
# <colnr> <probs for GDERKNQSTAVLIFYWHMCP>
#	G	D	E	R	K	N	Q	S	T	A	V	L	I	F	Y	W	H	M	C	P
0	0.05024	0.01387	0.01899	0.11375	0.02366	0.01273	0.09418	0.06455	0.05237	0.02417	0.01365	0.01622	0.01079	0.00601	0.00599	0.00157	0.00675	0.00526	0.00428	0.46100
1	0.01108	0.00804	0.00989	0.00993	0.01074	0.00838	0.00680	0.06674	0.01407	0.01909	0.07757	0.31781	0.03418	0.27921	0.05446	0.00454	0.04262	0.01348	0.00551	0.00587
2	0.01900	0.01507	0.01616	0.01420	0.01836	0.01712	0.01114	0.08072	0.60390	0.08064	0.02755	0.02524	0.02037	0.00933	0.00709	0.00233	0.00570	0.00772	0.00721	0.01116
3	0.00895	0.00710	0.00804	0.00780	0.00985	0.00619	0.00585	0.01137	0.01755	0.02276	0.34342	0.06072	0.43323	0.01621	0.00824	0.00229	0.00343	0.01383	0.00699	0.00619
4	0.01124	0.00747	0.00911	0.00855	0.01056	0.00669	0.00636	0.01374	0.01775	0.08371	0.39323	0.07558	0.24346	0.06939	0.01016	0.00259	0.00387	0.01279	0.00713	0.00664
5	0.02653	0.01955	0.02094	0.01606	0.02164	0.02164	0.01326	0.68796	0.03281	0.04398	0.01675	0.01675	0.01187	0.00838	0.00698	0.00209	0.00768	0.00628	0.00698	0.01187
6	0.01779	0.01392	0.01499	0.01337	0.01714	0.01566	0.01034	0.03415	0.57156	0.08779	0.02946	0.02856	0.04620	0.05622	0.00891	0.00262	0.00556	0.00820	0.00703	0.01050
7	0.00951	0.00662	0.00777	0.00819	0.00859	0.00637	0.00505	0.01015	0.01199	0.01584	0.06117	0.24194	0.09607	0.45219	0.02447	0.00507	0.00557	0.01335	0.00521	0.00488
8	0.01358	0.01274	0.02107	0.66841	0.08105	0.01565	0.01910	0.01891	0.04578	0.01861	0.01318	0.01888	0.00995	0.00705	0.00698	0.00231	0.00907	0.00628	0.00330	0.00808
9	0.01301	0.00650	0.00650	0.00650	0.00813	0.00650	0.00488	0.01626	0.01463	0.02602	0.02276	0.02602	0.01789	0.00813	0.00488	0.00163	0.00325	0.00650	0.79350	0.00650
10	0.00838	0.00684	0.00741	0.00776	0.00963	0.00587	0.00563	0.01009	0.01549	0.01903	0.09227	0.22543	0.52494	0.01849	0.00840	0.00246	0.00364	0.01582	0.00653	0.00587
11	0.01573	0.01608	0.02126	0.05652	0.02007	0.05880	0.01539	0.01744	0.01135	0.01686	0.00942	0.01530	0.00916	0.01167	0.02117	0.00295	0.66405	0.00603	0.00308	0.00766
12	0.02030	0.04948	0.02018	0.01588	0.02021	0.04614	0.05697	0.20409	0.31503	0.06042	0.02104	0.02107	0.01585	0.01039	0.03370	0.00259	0.06295	0.00699	0.00616	0.01055

[dist]
# distance from previous block
# <min> <max>
0	7

[block]
# block no. 3 follows, 30 sequences, length 28
# corresponding to MSA columns:
# 96-123
name=unknown_D
#
# <colnr> <probs for GDERKNQSTAVLIFYWHMCP>
#	G	D	E	R	K	N	Q	S	T	A	V	L	I	F	Y	W	H	M	C	P
0	0.07265	0.01841	0.01983	0.01528	0.02077	0.02013	0.01262	0.58204	0.03027	0.11182	0.01744	0.01715	0.01217	0.00829	0.00683	0.00210	0.00737	0.00621	0.00699	0.01162
1	0.01501	0.01213	0.01426	0.01054	0.01626	0.00944	0.00836	0.03778	0.01514	0.04850	0.01502	0.06937	0.01329	0.00663	0.00557	0.00124	0.00519	0.00547	0.00456	0.68625
2	0.05912	0.62930	0.03326	0.01257	0.01789	0.05987	0.01204	0.02090	0.01406	0.01724	0.00971	0.01158	0.00890	0.00653	0.00596	0.00166	0.06362	0.00395	0.00309	0.00874
3	0.00985	0.00699	0.00929	0.00950	0.01010	0.00750	0.00653	0.01113	0.01104	0.01528	0.02265	0.12866	0.02452	0.34582	0.34133	0.00825	0.01175	0.01021	0.00430	0.00531
4	0.01895	0.09026	0.05441	0.03758	0.02046	0.06719	0.06165	0.14374	0.08466	0.08914	0.01982	0.13389	0.01761	0.01004	0.00804	0.00218	0.05806	0.00819	0.00537	0.06876
5	0.01675	0.05218	0.02936	0.12348	0.51759	0.01711	0.09977	0.02107	0.01564	0.02184	0.01299	0.01732	0.01069	0.00626	0.00696	0.00211	0.00879	0.00634	0.00340	0.01036
6	0.01400	0.03610	0.71860	0.01989	0.03020	0.01621	0.02578	0.02210	0.01473	0.02210	0.01252	0.01473	0.00884	0.00663	0.00663	0.00221	0.01031	0.00516	0.00295	0.01031
7	0.02693	0.01889	0.02054	0.01575	0.02131	0.02067	0.01301	0.63226	0.03172	0.10122	0.01767	0.01735	0.01233	0.00840	0.00698	0.00210	0.00753	0.00635	0.00712	0.01187
8	0.01687	0.37644	0.35790	0.01604	0.02393	0.06167	0.01857	0.02186	0.01476	0.01914	0.01110	0.01294	0.00890	0.00635	0.00560	0.00185	0.00910	0.00445	0.00300	0.00955
9	0.01684	0.50935	0.23228	0.01420	0.02117	0.02329	0.01577	0.02079	0.01418	0.01805	0.01100	0.01310	0.00938	0.00867	0.04426	0.00223	0.00889	0.00435	0.00301	0.00920
10	0.00941	0.00667	0.00824	0.00918	0.01040	0.00601	0.00648	0.01093	0.01447	0.04459	0.04742	0.49380	0.23863	0.02003	0.00867	0.00269	0.00407	0.04577	0.00656	0.00600
11	0.01342	0.01288	0.02243	0.68551	0.04720	0.01566	0.06874	0.01816	0.01414	0.01816	0.01253	0.01862	0.00940	0.00690	0.00707	0.00233	0.00948	0.00635	0.00313	0.00787
12	0.01966	0.01479	0.01749	0.01722	0.10044	0.01613	0.01213	0.11489	0.40019	0.11443	0.07531	0.02548	0.02170	0.00920	0.00714	0.00226	0.00601	0.00773	0.00688	0.01092
13	0.00859	0.00611	0.00807	0.00960	0.00999	0.00573	0.00636	0.00974	0.01319	0.01758	0.03757	0.71202	0.04503	0.06158	0.01035	0.00305	0.00420	0.01931	0.00636	0.00559
14	0.00848	0.00617	0.00800	0.00946	0.01005	0.00569	0.00636	0.00975	0.01361	0.01791	0.04156	0.68454	0.10982	0.02146	0.00884	0.00279	0.00400	0.01935	0.00648	0.00569
15	0.01171	0.00948	0.01138	0.00993	0.01347	0.00771	0.00753	0.01401	0.01423	0.02042	0.02782	0.24475	0.08934	0.04043	0.00804	0.00207	0.00483	0.05893	0.00523	0.39870
16	0.01722	0.01689	0.02706	0.12211	0.60157	0.05033	0.02080	0.02131	0.01585	0.02195	0.01293	0.01720	0.01075	0.00635	0.00689	0.00209	0.00861	0.00613	0.00342	0.01053
17	0.80405	0.01350	0.01026	0.00918	0.01350	0.01565	0.00756	0.02051	0.01188	0.03131	0.00972	0.01134	0.00756	0.00648	0.00432	0.00216	0.00540	0.00378	0.00432	0.00756
18	0.01015	0.00677	0.00761	0.00761	0.00761	0.00677	0.00423	0.01015	0.01015	0.01353	0.02199	0.04567	0.02537	0.75476	0.03552	0.00677	0.00677	0.01015	0.00423	0.00423
19	0.01507	0.09728	0.39097	0.01730	0.02376	0.01768	0.01942	0.05031	0.01449	0.02147	0.01270	0.01590	0.01004	0.00965	0.03633	0.00261	0.16860	0.00546	0.06173	0.00924
20	0.00954	0.00706	0.00890	0.00856	0.01025	0.00642	0.00637	0.01247	0.01878	0.02595	0.56831	0.09391	0.16712	0.01524	0.00827	0.00226	0.00337	0.01336	0.00742	0.00642
21	0.00841	0.00708	0.00729	0.00723	0.00952	0.00596	0.00543	0.01032	0.01628	0.01974	0.13238	0.06570	0.64616	0.01734	0.00825	0.00234	0.00351	0.01452	0.00660	0.00596
22	0.80405	0.01350	0.01026	0.00918	0.01350	0.01565	0.00756	0.02051	0.01188	0.03131	0.00972	0.01134	0.00756	0.00648	0.00432	0.00216	0.00540	0.00378	0.00432	0.00756
23	0.10597	0.01212	0.01546	0.01207	0.01718	0.01109	0.00993	0.05994	0.01972	0.58426	0.06027	0.02369	0.01858	0.00870	0.00681	0.00216	0.00582	0.00696	0.00809	0.01118
24	0.00870	0.00621	0.00822	0.00955	0.01008	0.00580	0.00642	0.01010	0.01396	0.01879	0.11022	0.65439	0.04768	0.04231	0.00961	0.00288	0.00405	0.01878	0.00654	0.00573
25	0.01143	0.00765	0.00882	0.00821	0.01071	0.00661	0.00627	0.01377	0.01756	0.10261	0.26102	0.05751	0.43106	0.01558	0.00810	0.00228	0.00374	0.01319	0.00710	0.00680
26	0.01221	0.00872	0.01029	0.00927	0.01164	0.00830	0.00708	0.09138	0.01992	0.05289	0.41107	0.05060	0.22265	0.04197	0.00907	0.00239	0.00409	0.01213	0.00720	0.00713
27	0.45879	0.01657	0.08680	0.01427	0.04373	0.01603	0.06118	0.05156	0.04698	0.08998	0.01320	0.01468	0.00982	0.00713	0.00632	0.00223	0.04218	0.00504	0.00466	0.00884

[dist]
# distance from previous block
# <min> <max>
2	8

[block]
# block no. 4 follows, 30 sequences, length 20
# corresponding to MSA columns:
# 132-151
name=unknown_E
#
# <colnr> <probs for GDERKNQSTAVLIFYWHMCP>
#	G	D	E	R	K	N	Q	S	T	A	V	L	I	F	Y	W	H	M	C	P
0	0.06001	0.01754	0.06594	0.09016	0.45307	0.01688	0.08230	0.06513	0.03808	0.02437	0.01366	0.01730	0.01093	0.00653	0.00689	0.00214	0.00853	0.00627	0.00380	0.01046
1	0.01615	0.06025	0.01581	0.05512	0.01761	0.10624	0.01058	0.12818	0.09045	0.02425	0.08475	0.08393	0.17579	0.01238	0.00831	0.00229	0.04791	0.04611	0.00574	0.00816
2	0.07660	0.01197	0.01585	0.01223	0.01756	0.01057	0.01010	0.03322	0.01950	0.67592	0.02649	0.02302	0.01670	0.00851	0.00686	0.00216	0.00591	0.00683	0.00838	0.01162
3	0.24082	0.01372	0.01604	0.16294	0.07396	0.03171	0.01207	0.12360	0.01725	0.10337	0.04620	0.05674	0.01542	0.04832	0.00789	0.00245	0.00691	0.00677	0.00513	0.00870
4	0.01646	0.10892	0.39966	0.08141	0.02922	0.01729	0.09563	0.02248	0.01508	0.08787	0.01364	0.01603	0.00992	0.00701	0.00755	0.00220	0.05054	0.00567	0.00359	0.00984
5	0.03131	0.01188	0.01619	0.01242	0.01781	0.01026	0.01026	0.03401	0.01997	0.71606	0.02753	0.02375	0.01727	0.00864	0.00702	0.00216	0.00594	0.00702	0.00864	0.01188
6	0.01007	0.00755	0.00848	0.00808	0.01039	0.00666	0.00612	0.01293	0.03857	0.05255	0.27574	0.05907	0.44680	0.01591	0.00815	0.00230	0.00362	0.01349	0.00699	0.00654
7	0.02158	0.26433	0.08579	0.07468	0.03886	0.24143	0.01445	0.06191	0.01748	0.08145	0.01256	0.01422	0.00995	0.00703	0.00633	0.00186	0.02817	0.00485	0.00393	0.00915
8	0.03131	0.01188	0.01619	0.01242	0.01781	0.01026	0.01026	0.03401	0.01997	0.71606	0.02753	0.02375	0.01727	0.00864	0.00702	0.00216	0.00594	0.00702	0.00864	0.01188
9	0.08053	0.01316	0.01612	0.01270	0.01773	0.01273	0.01040	0.13552	0.07103	0.47425	0.06333	0.02359	0.01882	0.00883	0.00690	0.00217	0.00600	0.00706	0.00792	0.01122
10	0.05667	0.01138	0.01669	0.46570	0.03422	0.01356	0.01457	0.05719	0.01484	0.02140	0.01515	0.02135	0.01209	0.05779	0.00836	0.00247	0.00766	0.00640	0.15500	0.00751
11	0.04265	0.01976	0.07018	0.26407	0.23473	0.14823	0.03416	0.06489	0.01688	0.02168	0.01256	0.01649	0.00987	0.00682	0.00675	0.00213	0.00951	0.00580	0.00359	0.00926
12	0.00918	0.00650	0.00858	0.01000	0.01056	0.00622	0.00703	0.01059	0.01343	0.01781	0.03615	0.54587	0.04253	0.11259	0.01234	0.00339	0.00480	0.13062	0.00619	0.00562
13	0.01524	0.01468	0.02246	0.56580	0.08544	0.05613	0.05601	0.06415	0.01582	0.02012	0.01275	0.01807	0.00964	0.00697	0.00700	0.00227	0.00945	0.00623	0.00344	0.00835
14	0.01682	0.01716	0.05480	0.08930	0.60147	0.01655	0.05883	0.02125	0.01574	0.02240	0.01311	0.01735	0.01082	0.00627	0.00698	0.00211	0.00863	0.00629	0.00341	0.01070
15	0.01464	0.01000	0.01223	0.01133	0.01341	0.01041	0.00857	0.11940	0.01741	0.09981	0.06457	0.30781	0.14096	0.04824	0.01085	0.00273	0.08037	0.01332	0.00640	0.00754
16	0.00897	0.00660	0.00897	0.05115	0.01244	0.00641	0.00739	0.01048	0.01352	0.01789	0.03728	0.62871	0.06142	0.04325	0.00964	0.00293	0.00456	0.05640	0.00621	0.00579
17	0.06297	0.01405	0.01591	0.01335	0.01694	0.01585	0.01080	0.33511	0.05126	0.03169	0.01772	0.02085	0.01416	0.02173	0.22514	0.00486	0.03580	0.00659	0.07597	0.00926
18	0.29849	0.08649	0.10536	0.04010	0.02039	0.06930	0.04915	0.12361	0.01694	0.02776	0.05052	0.01584	0.01219	0.00754	0.00675	0.00214	0.04889	0.00534	0.00442	0.00879
19	0.27430	0.23895	0.12308	0.01291	0.01835	0.08407	0.01240	0.05080	0.04413	0.02399	0.01289	0.05288	0.01116	0.00746	0.00537	0.00198	0.00742	0.00519	0.00401	0.00866

[dist]
# distance from previous block
# <min> <max>
2	8

[block]
# block no. 5 follows, 30 sequences, length 10
# corresponding to MSA columns:
# 160-169
name=unknown_F
#
# <colnr> <probs for GDERKNQSTAVLIFYWHMCP>
#	G	D	E	R	K	N	Q	S	T	A	V	L	I	F	Y	W	H	M	C	P
0	0.01372	0.02098	0.26278	0.14689	0.05520	0.01482	0.13414	0.01933	0.03594	0.02018	0.01636	0.08599	0.01463	0.07784	0.01074	0.00278	0.04754	0.00784	0.00367	0.00863
1	0.05825	0.10218	0.12761	0.04672	0.15845	0.05097	0.03300	0.04183	0.01562	0.02212	0.07204	0.07892	0.01755	0.00919	0.00761	0.04359	0.00745	0.00702	0.00414	0.09574
2	0.01043	0.00815	0.00966	0.00992	0.01167	0.00805	0.00732	0.01550	0.13267	0.02242	0.19293	0.29449	0.17855	0.01705	0.00836	0.00254	0.00417	0.05237	0.00685	0.00688
3	0.00871	0.00709	0.00771	0.00756	0.00971	0.00609	0.00567	0.01092	0.01700	0.02146	0.25253	0.06287	0.52493	0.01670	0.00824	0.00231	0.00347	0.01413	0.00682	0.00609
4	0.80405	0.01350	0.01026	0.00918	0.01350	0.01565	0.00756	0.02051	0.01188	0.03131	0.00972	0.01134	0.00756	0.00648	0.00432	0.00216	0.00540	0.00378	0.00432	0.00756
5	0.10313	0.01203	0.01564	0.01211	0.01741	0.01076	0.01001	0.03275	0.01922	0.65242	0.02587	0.02260	0.01637	0.00844	0.00677	0.00216	0.00589	0.00672	0.00824	0.01147
6	0.01321	0.00962	0.01165	0.01024	0.01267	0.00960	0.00792	0.14827	0.02237	0.03119	0.56924	0.04504	0.05504	0.01309	0.00798	0.00217	0.00417	0.01135	0.00754	0.00764
7	0.06075	0.01065	0.01252	0.01060	0.01397	0.01055	0.00833	0.10637	0.05397	0.23005	0.16509	0.05220	0.02775	0.04730	0.00820	0.00232	0.00503	0.00841	0.15703	0.00892
8	0.13948	0.50546	0.08774	0.01273	0.01866	0.06490	0.01258	0.05468	0.01513	0.02059	0.01035	0.01187	0.00888	0.00629	0.00486	0.00170	0.00769	0.00403	0.00342	0.00895
9	0.01875	0.01275	0.01456	0.01224	0.01601	0.01289	0.00961	0.28278	0.02253	0.10813	0.06313	0.20532	0.10359	0.01283	0.00752	0.00223	0.00570	0.01081	0.00679	0.07181

[dist]
# distance from previous block
# <min> <max>
2	6

[block]
# block no. 6 follows, 30 sequences, length 10
# corresponding to MSA columns:
# 176-185
name=unknown_G
#
# <colnr> <probs for GDERKNQSTAVLIFYWHMCP>
#	G	D	E	R	K	N	Q	S	T	A	V	L	I	F	Y	W	H	M	C	P
0	0.52679	0.01468	0.01423	0.05785	0.08495	0.03624	0.01046	0.08923	0.01528	0.05575	0.03087	0.01453	0.01045	0.00699	0.00527	0.00214	0.00632	0.00480	0.00466	0.00850
1	0.07681	0.43133	0.10844	0.01418	0.01986	0.02292	0.04346	0.02272	0.08053	0.04164	0.01255	0.01412	0.01039	0.00701	0.00672	0.00190	0.06773	0.00480	0.00369	0.00921
2	0.01012	0.00743	0.00875	0.00862	0.01062	0.00670	0.00646	0.01300	0.03876	0.04910	0.28705	0.14866	0.32669	0.01646	0.00829	0.00238	0.00376	0.03362	0.00700	0.00652
3	0.01503	0.01487	0.02472	0.28514	0.16467	0.01791	0.09118	0.01867	0.01351	0.01893	0.01164	0.01725	0.00973	0.00847	0.01244	0.00252	0.25518	0.00639	0.00320	0.00853
4	0.01013	0.00680	0.00775	0.00771	0.00784	0.00675	0.00442	0.01040	0.01093	0.01471	0.07812	0.04619	0.02868	0.69412	0.03328	0.00639	0.00648	0.01035	0.00451	0.00442
5	0.01013	0.00682	0.00788	0.00788	0.00797	0.00691	0.00456	0.01032	0.01023	0.01373	0.02174	0.04430	0.02478	0.70218	0.08729	0.00710	0.00766	0.00995	0.00419	0.00438
6	0.01127	0.00833	0.01038	0.05367	0.01353	0.00828	0.00787	0.04881	0.04860	0.02540	0.34757	0.12107	0.13241	0.01432	0.00791	0.00231	0.00428	0.05246	0.07462	0.00693
7	0.02606	0.01845	0.02004	0.01557	0.02098	0.02025	0.01279	0.56952	0.09529	0.10041	0.01879	0.01824	0.01323	0.00850	0.00700	0.00213	0.00732	0.00650	0.00713	0.01179
8	0.01672	0.02013	0.13376	0.28208	0.25834	0.09257	0.02011	0.05522	0.01631	0.02140	0.01271	0.01681	0.00990	0.00677	0.00683	0.00216	0.00940	0.00586	0.00344	0.00949
9	0.08340	0.13643	0.02038	0.01391	0.01856	0.04360	0.01151	0.34473	0.10427	0.03265	0.01891	0.10661	0.01630	0.00959	0.00659	0.00212	0.00693	0.00747	0.00596	0.01007

[dist]
# distance from previous block
# <min> <max>
1	5

[block]
# block no. 7 follows, 30 sequences, length 6
# corresponding to MSA columns:
# 191-196
name=unknown_H
#
# <colnr> <probs for GDERKNQSTAVLIFYWHMCP>
#	G	D	E	R	K	N	Q	S	T	A	V	L	I	F	Y	W	H	M	C	P
0	0.00895	0.00660	0.00802	0.00863	0.00964	0.00605	0.00589	0.01049	0.01463	0.01928	0.16699	0.36157	0.19564	0.12964	0.01263	0.00320	0.00420	0.01590	0.00636	0.00567
1	0.01379	0.05414	0.44065	0.02048	0.08164	0.01496	0.08771	0.02004	0.01523	0.02199	0.06965	0.09434	0.01752	0.00867	0.00709	0.00225	0.00899	0.00760	0.00378	0.00946
2	0.02023	0.05603	0.01753	0.05356	0.01921	0.01585	0.01098	0.30123	0.07074	0.07392	0.01966	0.08538	0.01615	0.00903	0.00655	0.00197	0.00634	0.00727	0.09255	0.11582
3	0.00961	0.00702	0.00903	0.00875	0.01032	0.00644	0.00648	0.01258	0.01881	0.02626	0.59130	0.12556	0.11115	0.01530	0.00830	0.00227	0.00339	0.01352	0.00747	0.00644
4	0.05003	0.10868	0.05795	0.01372	0.01856	0.10715	0.01171	0.14367	0.08492	0.17542	0.05136	0.07650	0.01798	0.00911	0.00662	0.00205	0.00717	0.00716	0.00597	0.04427
5	0.08339	0.01640	0.01767	0.01407	0.01882	0.01791	0.01146	0.45038	0.06473	0.03750	0.08181	0.02081	0.01745	0.01177	0.05768	0.00271	0.00760	0.00674	0.00646	0.05465

[dist]
# distance from previous block
# <min> <max>
3	7

[block]
# block no. 8 follows, 30 sequences, length 65
# corresponding to MSA columns:
# 205-269
name=unknown_I
#
# <colnr> <probs for GDERKNQSTAVLIFYWHMCP>
#	G	D	E	R	K	N	Q	S	T	A	V	L	I	F	Y	W	H	M	C	P
0	0.01831	0.50443	0.14634	0.04191	0.02236	0.05834	0.04916	0.05301	0.01553	0.01904	0.01088	0.01277	0.00917	0.00628	0.00532	0.00173	0.00848	0.00445	0.00323	0.00925
1	0.01967	0.13378	0.04508	0.02449	0.19859	0.23712	0.07116	0.02259	0.01592	0.01896	0.01125	0.01462	0.00967	0.00753	0.00930	0.00210	0.14033	0.00543	0.00335	0.00907
2	0.01783	0.01442	0.01626	0.01201	0.01797	0.01290	0.00971	0.19960	0.04166	0.02870	0.01410	0.01546	0.01111	0.00618	0.00572	0.00136	0.00586	0.00484	0.00500	0.55931
3	0.14350	0.03153	0.57371	0.01807	0.02697	0.01633	0.02236	0.02162	0.01410	0.02339	0.01192	0.01420	0.00864	0.00684	0.00692	0.00224	0.03976	0.00497	0.00318	0.00975
4	0.01726	0.01796	0.05666	0.09951	0.58860	0.05489	0.02100	0.02149	0.01589	0.02204	0.01291	0.01702	0.01070	0.00635	0.00687	0.00209	0.00869	0.00608	0.00341	0.01058
5	0.01058	0.00890	0.04472	0.01072	0.01209	0.00891	0.00846	0.01277	0.01133	0.01650	0.01911	0.03063	0.01866	0.21311	0.45689	0.00882	0.03943	0.00789	0.05443	0.00602
6	0.00923	0.00689	0.00858	0.00861	0.01014	0.00624	0.00628	0.01175	0.01756	0.02385	0.42781	0.20372	0.20044	0.01662	0.00838	0.00237	0.00351	0.01461	0.00717	0.00624
7	0.01212	0.00606	0.00909	0.00909	0.00909	0.00606	0.00606	0.00909	0.00909	0.01212	0.01212	0.02121	0.01212	0.02424	0.02727	0.79697	0.00606	0.00606	0.00303	0.00303
8	0.01418	0.06513	0.69121	0.01957	0.02971	0.01666	0.02523	0.02205	0.01471	0.02187	0.01241	0.01459	0.00884	0.00660	0.00654	0.00218	0.01020	0.00510	0.00295	0.01026
9	0.01776	0.01824	0.02128	0.32343	0.15927	0.16733	0.01704	0.04671	0.11877	0.02119	0.01474	0.01813	0.01144	0.00730	0.00684	0.00216	0.00919	0.00610	0.00400	0.00907
10	0.77501	0.01343	0.01048	0.00930	0.01366	0.01545	0.00766	0.02102	0.01218	0.05704	0.01039	0.01180	0.00792	0.00656	0.00442	0.00216	0.00542	0.00390	0.00448	0.00772
11	0.01301	0.00650	0.00650	0.00650	0.00813	0.00650	0.00488	0.01626	0.01463	0.02602	0.02276	0.02602	0.01789	0.00813	0.00488	0.00163	0.00325	0.00650	0.79350	0.00650
12	0.00856	0.00617	0.00811	0.00956	0.01011	0.00572	0.00643	0.00990	0.01378	0.01835	0.07226	0.68785	0.07473	0.02132	0.00885	0.00278	0.00399	0.01927	0.00654	0.00572
13	0.00845	0.00627	0.00790	0.00920	0.00999	0.00571	0.00625	0.00977	0.01386	0.01802	0.04476	0.61664	0.17565	0.02104	0.00878	0.00274	0.00395	0.01884	0.00648	0.00571
14	0.01387	0.01295	0.02060	0.40250	0.07115	0.01629	0.03346	0.01719	0.01302	0.01798	0.01281	0.04327	0.01106	0.00957	0.01225	0.03141	0.21645	0.00670	0.02981	0.00765
15	0.01301	0.00650	0.00650	0.00650	0.00813	0.00650	0.00488	0.01626	0.01463	0.02602	0.02276	0.02602	0.01789	0.00813	0.00488	0.00163	0.00325	0.00650	0.79350	0.00650
16	0.01698	0.02763	0.44980	0.02038	0.06007	0.01525	0.09524	0.02340	0.01585	0.12947	0.04285	0.01822	0.01274	0.00734	0.00750	0.00224	0.03452	0.00617	0.00411	0.01025
17	0.00848	0.00615	0.00802	0.00952	0.01007	0.00568	0.00639	0.00974	0.01355	0.01789	0.04084	0.69977	0.09505	0.02155	0.00886	0.00280	0.00401	0.01946	0.00648	0.00568
18	0.01469	0.01312	0.01705	0.01241	0.01820	0.01088	0.06041	0.01787	0.01433	0.02224	0.01228	0.01486	0.01026	0.00577	0.00679	0.00129	0.06345	0.00460	0.00400	0.67548
19	0.00853	0.00697	0.00754	0.00763	0.00966	0.00597	0.00563	0.01047	0.01621	0.02014	0.16545	0.14261	0.53367	0.01762	0.00832	0.00239	0.00356	0.01498	0.00667	0.00597
20	0.01783	0.01705	0.02747	0.06484	0.63531	0.03700	0.02073	0.05374	0.01675	0.02349	0.01321	0.01716	0.01097	0.00638	0.00690	0.00207	0.00842	0.00617	0.00362	0.01089
21	0.00863	0.00615	0.00814	0.00960	0.01005	0.00575	0.00641	0.00990	0.01356	0.01816	0.07028	0.69208	0.04639	0.04680	0.00979	0.00294	0.00411	0.01915	0.00646	0.00566
22	0.01447	0.01240	0.01447	0.01034	0.01654	0.00930	0.00827	0.01757	0.01447	0.02274	0.01240	0.01447	0.01034	0.00517	0.00517	0.00103	0.00517	0.00413	0.00413	0.79742
23	0.01009	0.00709	0.00860	0.00884	0.00959	0.00689	0.00582	0.03530	0.01423	0.01927	0.17492	0.27588	0.06008	0.30967	0.01920	0.00421	0.00508	0.01382	0.00586	0.00553
24	0.01028	0.00735	0.01058	0.01058	0.01182	0.00841	0.00814	0.01275	0.01152	0.01708	0.01925	0.02805	0.01783	0.07779	0.62438	0.01005	0.01662	0.00749	0.08385	0.00617
25	0.00992	0.00723	0.00984	0.00977	0.01081	0.00780	0.00713	0.01184	0.01229	0.01719	0.11231	0.03725	0.05926	0.22546	0.42110	0.00847	0.01289	0.00919	0.00451	0.00575
26	0.01763	0.01561	0.03611	0.01278	0.01882	0.06733	0.04283	0.08027	0.01700	0.06863	0.01373	0.01534	0.01078	0.00591	0.00573	0.00136	0.00649	0.00477	0.00458	0.55431
27	0.01720	0.01098	0.04588	0.01116	0.01478	0.00917	0.00911	0.03968	0.05204	0.21881	0.22344	0.16898	0.03568	0.01233	0.00750	0.00218	0.00496	0.01069	0.00704	0.09838
28	0.05674	0.05985	0.02265	0.02316	0.19688	0.30461	0.01512	0.19122	0.02145	0.02586	0.01278	0.01470	0.01017	0.00715	0.00645	0.00194	0.00970	0.00532	0.00441	0.00981
29	0.02318	0.05529	0.02298	0.04785	0.19889	0.32424	0.01560	0.18250	0.02145	0.02494	0.01281	0.01492	0.01021	0.00717	0.00656	0.00194	0.00999	0.00539	0.00432	0.00977
30	0.04294	0.01413	0.01577	0.01277	0.04988	0.04959	0.00961	0.04092	0.01520	0.02320	0.01227	0.01450	0.01020	0.00577	0.00608	0.00128	0.03628	0.00439	0.00413	0.63108
31	0.02292	0.03733	0.01993	0.01719	0.07210	0.11066	0.01285	0.34993	0.11832	0.05547	0.01789	0.04260	0.01389	0.00837	0.00677	0.00202	0.00769	0.00653	0.00601	0.07153
32	0.01851	0.73639	0.05786	0.01219	0.01829	0.02726	0.01237	0.02093	0.01420	0.01660	0.00979	0.01130	0.00895	0.00599	0.00454	0.00151	0.00755	0.00378	0.00298	0.00900
33	0.02149	0.01099	0.01391	0.01145	0.01529	0.01040	0.00914	0.10643	0.04587	0.33019	0.26478	0.05502	0.05194	0.01121	0.00752	0.00220	0.00510	0.00948	0.00793	0.00967
34	0.04587	0.02491	0.37601	0.02129	0.13210	0.01572	0.02009	0.01988	0.01487	0.02257	0.10781	0.02023	0.01705	0.00847	0.00932	0.00231	0.12192	0.00644	0.00375	0.00939
35	0.06014	0.08937	0.21872	0.08269	0.26073	0.07043	0.01961	0.07712	0.01674	0.02344	0.01254	0.01541	0.00984	0.00664	0.00644	0.00207	0.00897	0.00544	0.00359	0.01006
36	0.01367	0.00944	0.01253	0.07640	0.06461	0.00915	0.01015	0.01719	0.04926	0.11574	0.04371	0.08670	0.27355	0.01489	0.00819	0.00254	0.00554	0.17285	0.00628	0.00761
37	0.01091	0.00729	0.00982	0.00975	0.01072	0.00788	0.00699	0.01257	0.01146	0.04137	0.02115	0.06338	0.02128	0.27912	0.40343	0.00855	0.01284	0.00881	0.04692	0.00577
38	0.01411	0.01215	0.04842	0.03518	0.04569	0.01157	0.03532	0.14452	0.06117	0.02591	0.12141	0.26987	0.03434	0.01473	0.00815	0.00253	0.00595	0.09466	0.00627	0.00806
39	0.01591	0.08485	0.04669	0.32969	0.05725	0.05625	0.10874	0.05110	0.01519	0.01996	0.01244	0.01716	0.00987	0.00754	0.00901	0.00228	0.11102	0.00613	0.03047	0.00844
40	0.03009	0.01242	0.01636	0.01270	0.01800	0.01124	0.01044	0.06127	0.06995	0.63822	0.02715	0.02363	0.01734	0.00869	0.00702	0.00217	0.00598	0.00705	0.00846	0.01181
41	0.01616	0.01098	0.01239	0.01102	0.01443	0.01118	0.00859	0.02520	0.27880	0.15044	0.14136	0.04131	0.22442	0.01239	0.00758	0.00230	0.00470	0.01040	0.00729	0.00905
42	0.05263	0.21866	0.51175	0.01736	0.02629	0.01908	0.02140	0.02172	0.01446	0.02109	0.01167	0.01367	0.00881	0.00646	0.00597	0.00203	0.00936	0.00473	0.00302	0.00984
43	0.02745	0.04980	0.05507	0.01292	0.01828	0.01228	0.01119	0.09946	0.02047	0.51759	0.05249	0.05310	0.01899	0.00914	0.00700	0.00215	0.00625	0.00744	0.00775	0.01118
44	0.01279	0.00773	0.01005	0.00926	0.01141	0.00699	0.00701	0.01568	0.01889	0.12813	0.49366	0.11315	0.10923	0.01441	0.00811	0.00226	0.00377	0.01262	0.00761	0.00723
45	0.01653	0.01008	0.04510	0.00984	0.01343	0.00799	0.00822	0.01924	0.01804	0.25213	0.19250	0.04695	0.30516	0.01340	0.00776	0.00225	0.00461	0.01125	0.00729	0.00824
46	0.02569	0.01527	0.05060	0.04908	0.02072	0.01461	0.01221	0.16604	0.16558	0.36760	0.02408	0.02214	0.01624	0.00858	0.00701	0.00220	0.00657	0.00693	0.00744	0.01142
47	0.01664	0.01641	0.02939	0.03739	0.51462	0.01623	0.15356	0.02150	0.03883	0.02265	0.01521	0.05753	0.01320	0.00711	0.00729	0.00218	0.00866	0.00742	0.00376	0.01043
48	0.00959	0.00653	0.00777	0.00832	0.00846	0.00640	0.00499	0.01000	0.01123	0.01497	0.02753	0.28278	0.03236	0.50810	0.02656	0.00544	0.00585	0.01341	0.00499	0.00471
49	0.01548	0.01476	0.02510	0.34622	0.42180	0.01611	0.02053	0.01985	0.01504	0.02063	0.01281	0.01785	0.01029	0.00655	0.00694	0.00218	0.00873	0.00621	0.00330	0.00961
50	0.01780	0.62543	0.16255	0.01341	0.02018	0.02551	0.01450	0.02112	0.01428	0.01747	0.01022	0.01185	0.00893	0.00609	0.00488	0.00163	0.00799	0.00399	0.00298	0.00921
51	0.01604	0.01298	0.01506	0.01088	0.01700	0.01036	0.00875	0.07362	0.01617	0.04788	0.01327	0.01497	0.01070	0.00555	0.00538	0.00116	0.00540	0.00441	0.00452	0.70589
52	0.01696	0.05050	0.09831	0.06537	0.12721	0.10286	0.33740	0.02187	0.01603	0.02084	0.01347	0.01774	0.01064	0.00946	0.05757	0.00281	0.01141	0.00686	0.00344	0.00924
53	0.01396	0.00827	0.01065	0.00962	0.01203	0.00762	0.00736	0.01762	0.04752	0.15375	0.47773	0.08452	0.09427	0.01365	0.00800	0.00224	0.00393	0.01191	0.00769	0.00765
54	0.01717	0.01084	0.01304	0.01142	0.01468	0.01104	0.00891	0.02589	0.24922	0.18154	0.32668	0.03699	0.03998	0.01139	0.00758	0.00225	0.00463	0.00977	0.00770	0.00927
55	0.01047	0.00719	0.00979	0.00979	0.01086	0.00800	0.00726	0.01260	0.01154	0.01720	0.01996	0.03071	0.01904	0.18082	0.48225	0.00888	0.01401	0.00784	0.12590	0.00589
56	0.00952	0.00712	0.00902	0.00987	0.01135	0.00662	0.00769	0.01183	0.01589	0.02066	0.15233	0.25072	0.21952	0.01876	0.00886	0.00273	0.00454	0.22022	0.00665	0.00611
57	0.01188	0.00747	0.00944	0.00909	0.01107	0.00669	0.00675	0.01432	0.01755	0.10892	0.34206	0.21031	0.18584	0.01599	0.00824	0.00237	0.00384	0.01400	0.00728	0.00689
58	0.01411	0.03542	0.69470	0.02068	0.05378	0.01622	0.02563	0.02208	0.01477	0.02212	0.01254	0.01482	0.00892	0.00662	0.00664	0.00221	0.01024	0.00519	0.00296	0.01034
59	0.04194	0.01419	0.01742	0.06994	0.02100	0.01537	0.04402	0.08598	0.35112	0.18261	0.06156	0.02485	0.02022	0.00901	0.00710	0.00228	0.00626	0.00759	0.00691	0.01063
60	0.01103	0.00838	0.01130	0.01135	0.01281	0.00827	0.04025	0.07519	0.04166	0.02183	0.09516	0.55592	0.04206	0.01867	0.00857	0.00267	0.00475	0.01691	0.00651	0.00671
61	0.02309	0.15389	0.02386	0.06965	0.09098	0.34643	0.01437	0.15477	0.02056	0.02286	0.01211	0.01405	0.00977	0.00710	0.00622	0.00187	0.01007	0.00500	0.00410	0.00925
62	0.01604	0.02279	0.24307	0.09469	0.36430	0.04046	0.04420	0.02141	0.01545	0.02193	0.01280	0.01637	0.01009	0.00639	0.00678	0.00210	0.00915	0.00581	0.00330	0.04289
63	0.05572	0.01650	0.04045	0.01406	0.01869	0.06750	0.01150	0.11215	0.32480	0.20016	0.04706	0.02323	0.01875	0.00890	0.00691	0.00222	0.00649	0.00712	0.00697	0.01081
64	0.02509	0.01917	0.01988	0.01569	0.02083	0.05392	0.01288	0.58048	0.06327	0.04058	0.01803	0.01982	0.01352	0.00882	0.00701	0.00213	0.00765	0.03372	0.02623	0.01129

[dist]
# distance from previous block
# <min> <max>
1	5

[block]
# block no. 9 follows, 30 sequences, length 13
# corresponding to MSA columns:
# 275-287
name=unknown_J
#
# <colnr> <probs for GDERKNQSTAVLIFYWHMCP>
#	G	D	E	R	K	N	Q	S	T	A	V	L	I	F	Y	W	H	M	C	P
0	0.01785	0.01274	0.01537	0.01132	0.01705	0.01057	0.00916	0.04646	0.01593	0.14121	0.01498	0.01618	0.01152	0.00625	0.00647	0.00137	0.04328	0.00481	0.00496	0.59255
1	0.01219	0.00772	0.00965	0.00882	0.01112	0.00688	0.00674	0.01504	0.01885	0.11269	0.46760	0.05218	0.21513	0.01438	0.00808	0.00223	0.00369	0.01242	0.00751	0.00709
2	0.00873	0.00705	0.00776	0.00767	0.00974	0.00608	0.00572	0.01091	0.01690	0.02142	0.25185	0.09192	0.49605	0.01687	0.00827	0.00233	0.00349	0.01434	0.00682	0.00608
3	0.00875	0.00652	0.00777	0.00856	0.00953	0.00595	0.00578	0.01002	0.01386	0.01786	0.07366	0.40773	0.23734	0.13792	0.01296	0.00330	0.00430	0.01648	0.00617	0.00554
4	0.01380	0.01310	0.02208	0.51670	0.04004	0.01605	0.08229	0.01802	0.01375	0.01861	0.01271	0.01857	0.00992	0.00773	0.00937	0.00240	0.11966	0.00640	0.05100	0.00782
5	0.67749	0.01530	0.01157	0.01024	0.01456	0.08401	0.00831	0.02212	0.01318	0.07546	0.01100	0.01228	0.00834	0.00669	0.00469	0.00212	0.00613	0.00406	0.00454	0.00790
6	0.09191	0.01518	0.03386	0.11373	0.13210	0.01598	0.01376	0.20291	0.09669	0.08888	0.10557	0.02270	0.01936	0.00853	0.00689	0.00218	0.00689	0.00706	0.00582	0.01000
7	0.06385	0.33723	0.21778	0.01699	0.04596	0.02040	0.10184	0.02061	0.01469	0.02029	0.03600	0.04963	0.01279	0.00721	0.00595	0.00194	0.00839	0.00584	0.00346	0.00913
8	0.00890	0.00635	0.00851	0.00985	0.01036	0.00616	0.00675	0.01024	0.01303	0.01747	0.03521	0.59430	0.04149	0.08120	0.08040	0.00396	0.00579	0.04834	0.00604	0.00565
9	0.12265	0.43607	0.02738	0.01278	0.01785	0.16581	0.01142	0.05846	0.01612	0.02014	0.01341	0.01464	0.04448	0.00701	0.00515	0.00172	0.00804	0.00459	0.00368	0.00860
10	0.01079	0.00791	0.00947	0.04392	0.01158	0.00822	0.00644	0.01391	0.09585	0.01756	0.07155	0.19881	0.03141	0.41591	0.02296	0.00484	0.00590	0.01200	0.00525	0.00571
11	0.10826	0.22094	0.09218	0.04245	0.06295	0.05300	0.07162	0.02092	0.04915	0.02068	0.01249	0.01557	0.01048	0.01074	0.06635	0.00276	0.08173	0.00531	0.00358	0.04882
12	0.02187	0.08777	0.06962	0.01342	0.01838	0.04894	0.01172	0.10883	0.15830	0.23927	0.05088	0.02711	0.07751	0.00955	0.00694	0.00216	0.00657	0.02425	0.00664	0.01028

[dist]
# distance from previous block
# <min> <max>
4	15

[block]
# block no. 10 follows, 30 sequences, length 16
# corresponding to MSA columns:
# 303-318
name=unknown_K
#
# <colnr> <probs for GDERKNQSTAVLIFYWHMCP>
#	G	D	E	R	K	N	Q	S	T	A	V	L	I	F	Y	W	H	M	C	P
0	0.02455	0.05649	0.02238	0.04587	0.02289	0.01986	0.06376	0.49568	0.02814	0.09559	0.01888	0.01912	0.03730	0.00837	0.00699	0.00211	0.00775	0.00666	0.00647	0.01114
1	0.04262	0.54282	0.08373	0.01238	0.01786	0.05318	0.01223	0.02004	0.01470	0.01829	0.06408	0.04354	0.01486	0.00854	0.02409	0.00194	0.00768	0.00527	0.00356	0.00860
2	0.05641	0.01281	0.01614	0.04634	0.04056	0.01266	0.03046	0.07662	0.14636	0.24500	0.05157	0.02857	0.07456	0.00950	0.00701	0.00215	0.00601	0.03727	0.00668	0.09333
3	0.01815	0.08682	0.02647	0.03319	0.47979	0.01786	0.01829	0.09540	0.07535	0.02497	0.01557	0.02015	0.01313	0.00730	0.00683	0.00210	0.00783	0.03585	0.00424	0.01073
4	0.02011	0.04357	0.01612	0.01278	0.01669	0.01439	0.01037	0.28094	0.05519	0.12999	0.09664	0.07726	0.07650	0.04553	0.00878	0.00248	0.00618	0.07009	0.00689	0.00949
5	0.00864	0.00622	0.00797	0.00931	0.00983	0.00579	0.00617	0.00978	0.01324	0.01748	0.03931	0.63049	0.09422	0.09235	0.01143	0.00318	0.00427	0.01852	0.00626	0.00555
6	0.01838	0.01407	0.01602	0.05719	0.01906	0.01470	0.01076	0.29445	0.08838	0.03099	0.02145	0.16478	0.01949	0.01050	0.00695	0.00207	0.00618	0.00877	0.04188	0.15393
7	0.01301	0.00650	0.00650	0.00650	0.00813	0.00650	0.00488	0.01626	0.01463	0.02602	0.02276	0.02602	0.01789	0.00813	0.00488	0.00163	0.00325	0.00650	0.79350	0.00650
8	0.06617	0.01743	0.01972	0.01618	0.05289	0.01862	0.01271	0.48039	0.02816	0.18895	0.01858	0.01803	0.01279	0.00824	0.00685	0.00211	0.00721	0.00631	0.00704	0.01161
9	0.01458	0.05153	0.01842	0.01548	0.01654	0.08234	0.01264	0.01650	0.01189	0.01659	0.01268	0.01908	0.01204	0.02551	0.26752	0.00572	0.38402	0.00632	0.00334	0.00725
10	0.00985	0.00664	0.00770	0.00799	0.00806	0.00657	0.00463	0.01007	0.01072	0.01430	0.02493	0.17163	0.02909	0.62373	0.03076	0.00606	0.00628	0.01188	0.00463	0.00449
11	0.01483	0.00875	0.00911	0.00829	0.01033	0.00910	0.00619	0.12857	0.01699	0.02707	0.02163	0.02757	0.01806	0.12661	0.01009	0.00252	0.00456	0.00704	0.53565	0.00705
12	0.01435	0.01108	0.01260	0.04123	0.01534	0.03237	0.00919	0.20091	0.01933	0.02532	0.03299	0.41403	0.08631	0.01661	0.00818	0.00255	0.00558	0.03802	0.00639	0.00761
13	0.05232	0.05811	0.16881	0.10078	0.19461	0.19842	0.05309	0.02352	0.04717	0.02101	0.01277	0.01563	0.01007	0.00676	0.00656	0.00206	0.00981	0.00552	0.00353	0.00946
14	0.02487	0.08162	0.02120	0.01557	0.02061	0.14414	0.01275	0.46444	0.05390	0.03570	0.01585	0.01633	0.01175	0.00801	0.00657	0.00198	0.00824	0.00583	0.03995	0.01071
15	0.01683	0.01643	0.02627	0.09676	0.59227	0.04510	0.02009	0.02080	0.01589	0.02195	0.01596	0.01978	0.04703	0.00691	0.00696	0.00210	0.00830	0.00659	0.00359	0.01039

[dist]
# distance from previous block
# <min> <max>
4	11

[block]
# block no. 11 follows, 30 sequences, length 31
# corresponding to MSA columns:
# 330-360
name=unknown_L
#
# <colnr> <probs for GDERKNQSTAVLIFYWHMCP>
#	G	D	E	R	K	N	Q	S	T	A	V	L	I	F	Y	W	H	M	C	P
0	0.02184	0.01678	0.18191	0.01496	0.05041	0.01117	0.01382	0.02593	0.01808	0.36777	0.11759	0.05741	0.02382	0.00982	0.00728	0.00224	0.00666	0.03552	0.00674	0.01026
1	0.01466	0.03464	0.65942	0.02011	0.03008	0.01651	0.05237	0.05200	0.01562	0.02309	0.01278	0.01499	0.00905	0.00668	0.00671	0.00221	0.01025	0.00533	0.00315	0.01035
2	0.02504	0.06203	0.02075	0.01752	0.02119	0.56632	0.01352	0.10207	0.02038	0.02010	0.01131	0.01319	0.00933	0.00763	0.00746	0.00191	0.06306	0.00478	0.00392	0.00853
3	0.03131	0.01188	0.01619	0.01242	0.01781	0.01026	0.01026	0.03401	0.01997	0.71606	0.02753	0.02375	0.01727	0.00864	0.00702	0.00216	0.00594	0.00702	0.00864	0.01188
4	0.01866	0.75896	0.03657	0.01194	0.01791	0.02761	0.01194	0.02090	0.01418	0.01642	0.00970	0.01119	0.00896	0.00597	0.00448	0.00149	0.00746	0.00373	0.00299	0.00896
5	0.01397	0.01272	0.01868	0.05717	0.32657	0.01283	0.01423	0.01957	0.11209	0.02247	0.06076	0.03671	0.21694	0.01084	0.00748	0.00226	0.00630	0.03424	0.00511	0.00906
6	0.00825	0.00707	0.00707	0.00707	0.00943	0.00589	0.00530	0.01001	0.01591	0.01885	0.07069	0.06716	0.70839	0.01767	0.00825	0.00236	0.00353	0.01473	0.00648	0.00589
7	0.01594	0.01884	0.07710	0.02781	0.07609	0.01738	0.51121	0.02122	0.01564	0.02164	0.01445	0.04762	0.01181	0.00722	0.00953	0.00242	0.08311	0.00818	0.00356	0.00924
8	0.00956	0.00708	0.00891	0.00853	0.01025	0.00644	0.00637	0.01252	0.01888	0.02609	0.57690	0.08085	0.17155	0.01512	0.00826	0.00225	0.00336	0.01324	0.00744	0.00644
9	0.02450	0.01934	0.02143	0.01671	0.02207	0.04762	0.05606	0.52330	0.13032	0.03937	0.01809	0.01811	0.01308	0.00833	0.00705	0.00214	0.00781	0.00658	0.00665	0.01144
10	0.00980	0.00719	0.00889	0.00860	0.01011	0.00656	0.00612	0.01210	0.01665	0.02301	0.40403	0.14029	0.12255	0.13963	0.01275	0.00300	0.00409	0.01294	0.00664	0.04505
11	0.00878	0.00625	0.00829	0.00981	0.01028	0.00589	0.00668	0.01007	0.01336	0.01778	0.03742	0.66386	0.04456	0.06340	0.01047	0.00308	0.00437	0.06366	0.00635	0.00564
12	0.00921	0.00683	0.00881	0.00977	0.01018	0.00688	0.00659	0.01026	0.01276	0.01705	0.03531	0.54675	0.07286	0.14858	0.01440	0.00351	0.05180	0.01702	0.00587	0.00555
13	0.02640	0.03116	0.01965	0.01754	0.02136	0.64076	0.01329	0.07053	0.02062	0.05858	0.01212	0.01349	0.00964	0.00735	0.00638	0.00184	0.01189	0.00475	0.00410	0.00855
14	0.06410	0.01515	0.02137	0.32806	0.17303	0.01727	0.01700	0.17113	0.07749	0.02650	0.01475	0.01813	0.01117	0.00732	0.00682	0.00222	0.00817	0.00623	0.00446	0.00962
15	0.02469	0.01813	0.01952	0.01523	0.02023	0.01999	0.01238	0.61464	0.03049	0.04087	0.01801	0.04955	0.01420	0.05823	0.00895	0.00243	0.00747	0.00711	0.00678	0.01110
16	0.14483	0.06689	0.21726	0.14391	0.02676	0.01503	0.07981	0.01993	0.01486	0.05108	0.04849	0.02485	0.04548	0.00855	0.00674	0.00228	0.00815	0.06236	0.00416	0.00860
