[name]
unknown

[dist]
# distance from previous block
# <min> <max>
44	79

[block]
# block no. 0 follows, 29 sequences, length 12
# corresponding to MSA columns:
# 88-99
name=unknown_A
#
# <colnr> <probs for GDERKNQSTAVLIFYWHMCP>
#	G	D	E	R	K	N	Q	S	T	A	V	L	I	F	Y	W	H	M	C	P
0	0.11960	0.00947	0.01023	0.00972	0.01141	0.02965	0.00690	0.04086	0.01450	0.05670	0.14016	0.11604	0.03067	0.27607	0.09375	0.00491	0.00725	0.01024	0.00547	0.00640
1	0.27092	0.09306	0.01833	0.01403	0.01852	0.26063	0.01126	0.09111	0.06693	0.07412	0.01365	0.01451	0.01050	0.00738	0.00578	0.00202	0.00852	0.00489	0.00480	0.00904
2	0.37927	0.01343	0.01401	0.08032	0.01876	0.01455	0.01000	0.05381	0.04826	0.10545	0.04937	0.01745	0.01342	0.00760	0.00633	0.00210	0.03499	0.00540	0.00515	0.12032
3	0.01161	0.00785	0.01125	0.01099	0.01266	0.00853	0.00852	0.01412	0.01316	0.06970	0.07160	0.06164	0.07250	0.04352	0.53742	0.00910	0.01527	0.00901	0.00479	0.00677
4	0.01616	0.08059	0.01841	0.01193	0.01822	0.01248	0.03642	0.06850	0.01623	0.02424	0.01281	0.01482	0.01055	0.00562	0.00548	0.00123	0.00595	0.00452	0.00431	0.63152
5	0.07739	0.01704	0.08029	0.04307	0.02076	0.01523	0.01247	0.18983	0.01923	0.05051	0.01381	0.01569	0.01068	0.00717	0.00754	0.00180	0.07082	0.00521	0.00488	0.33660
6	0.01179	0.00736	0.00857	0.00828	0.00898	0.00720	0.00512	0.01230	0.01170	0.06672	0.02718	0.04589	0.08608	0.59012	0.06872	0.00639	0.00720	0.01039	0.00483	0.00516
7	0.08516	0.02039	0.21933	0.05368	0.02634	0.01533	0.18899	0.01943	0.01477	0.02237	0.06324	0.07240	0.01690	0.01231	0.06259	0.00312	0.08309	0.00789	0.00397	0.00871
8	0.12187	0.01339	0.01533	0.01163	0.01701	0.01221	0.00944	0.05390	0.01555	0.08938	0.01367	0.01542	0.01080	0.00660	0.00707	0.00156	0.07173	0.00474	0.00472	0.50396
9	0.26979	0.01298	0.01332	0.01027	0.01573	0.01186	0.00828	0.03951	0.01476	0.02698	0.04557	0.01568	0.01244	0.00626	0.00520	0.00152	0.00534	0.00459	0.00455	0.47537
10	0.01806	0.01112	0.01349	0.01129	0.01486	0.01070	0.00872	0.07238	0.10558	0.18214	0.18329	0.03269	0.02957	0.11105	0.04983	0.00320	0.00621	0.00860	0.00673	0.12050
11	0.51267	0.01522	0.01404	0.03279	0.04406	0.04401	0.00990	0.10523	0.01631	0.10652	0.01315	0.01424	0.00968	0.00709	0.00533	0.00215	0.00637	0.00475	0.00513	0.03135

[dist]
# distance from previous block
# <min> <max>
0	2

[block]
# block no. 1 follows, 29 sequences, length 9
# corresponding to MSA columns:
# 102-110
name=unknown_B
#
# <colnr> <probs for GDERKNQSTAVLIFYWHMCP>
#	G	D	E	R	K	N	Q	S	T	A	V	L	I	F	Y	W	H	M	C	P
0	0.54003	0.01354	0.01348	0.17671	0.02231	0.01572	0.01072	0.02105	0.04862	0.02824	0.01168	0.01422	0.00900	0.00683	0.00522	0.00220	0.00642	0.00467	0.00426	0.04508
1	0.01560	0.00994	0.01141	0.00996	0.01194	0.00985	0.00684	0.12041	0.01557	0.09463	0.02215	0.06521	0.02253	0.46815	0.02511	0.00505	0.00673	0.00933	0.00533	0.06426
2	0.17595	0.24786	0.12344	0.01392	0.01972	0.08349	0.01336	0.14624	0.01857	0.02681	0.05917	0.01604	0.01338	0.00745	0.00577	0.00196	0.00783	0.00521	0.00447	0.00937
3	0.03761	0.00850	0.01080	0.06305	0.01510	0.00820	0.00911	0.01489	0.01697	0.06924	0.16165	0.06119	0.25318	0.01616	0.00857	0.00264	0.00520	0.22439	0.00663	0.00693
4	0.72815	0.08192	0.01294	0.00962	0.01419	0.01710	0.00812	0.02097	0.01233	0.03055	0.00991	0.01155	0.00784	0.00656	0.00442	0.00214	0.00570	0.00385	0.00428	0.00784
5	0.01403	0.01223	0.01982	0.57342	0.04129	0.01509	0.01756	0.01804	0.01388	0.04700	0.01404	0.02133	0.01134	0.06369	0.03687	0.00309	0.05934	0.00670	0.00351	0.00776
6	0.55094	0.09394	0.01476	0.01058	0.01506	0.01756	0.00881	0.11593	0.01535	0.03096	0.01179	0.01471	0.00972	0.05677	0.00696	0.00244	0.00617	0.00466	0.00465	0.00827
7	0.64874	0.01498	0.01260	0.01074	0.01540	0.01717	0.00885	0.15025	0.01630	0.03448	0.01132	0.01265	0.00857	0.00699	0.00494	0.00219	0.00596	0.00436	0.00494	0.00857
8	0.70989	0.05410	0.01231	0.00972	0.01429	0.01630	0.00813	0.02180	0.01276	0.07307	0.01104	0.01234	0.00840	0.00672	0.00459	0.00217	0.00566	0.00406	0.00460	0.00806

[dist]
# distance from previous block
# <min> <max>
20	133

[block]
# block no. 2 follows, 29 sequences, length 128
# corresponding to MSA columns:
# 245-372
name=unknown_C
#
# <colnr> <probs for GDERKNQSTAVLIFYWHMCP>
#	G	D	E	R	K	N	Q	S	T	A	V	L	I	F	Y	W	H	M	C	P
0	0.63323	0.01321	0.01165	0.06979	0.01661	0.01526	0.00879	0.04264	0.01312	0.02993	0.03312	0.01436	0.01024	0.00810	0.00631	0.05117	0.00589	0.00459	0.00443	0.00756
1	0.21740	0.01676	0.01836	0.12969	0.02412	0.01885	0.01290	0.37108	0.02427	0.07795	0.01527	0.01646	0.01093	0.00785	0.00645	0.00220	0.00742	0.00581	0.00591	0.01034
2	0.12167	0.01890	0.01987	0.01553	0.02084	0.02118	0.01280	0.55934	0.05168	0.04196	0.01637	0.01668	0.01180	0.00846	0.00728	0.00218	0.02924	0.00614	0.00667	0.01141
3	0.05114	0.01408	0.02384	0.49961	0.19521	0.01621	0.06053	0.01943	0.01475	0.02027	0.01280	0.01835	0.00990	0.00685	0.00706	0.00231	0.00923	0.00635	0.00333	0.00877
4	0.29323	0.33150	0.02437	0.16812	0.02339	0.02118	0.01226	0.02050	0.01359	0.02243	0.01051	0.01312	0.00871	0.00650	0.00507	0.00195	0.00728	0.00437	0.00355	0.00837
5	0.01830	0.64222	0.14263	0.01345	0.02023	0.02636	0.01439	0.02151	0.01456	0.01766	0.01035	0.01199	0.00912	0.00620	0.00491	0.00164	0.00807	0.00403	0.00304	0.00935
6	0.00910	0.00678	0.00910	0.01046	0.01085	0.00678	0.00717	0.01036	0.01346	0.01811	0.03740	0.69993	0.04476	0.02170	0.00997	0.00291	0.04949	0.01938	0.00639	0.00591
7	0.01979	0.61003	0.07677	0.01354	0.01957	0.12330	0.01328	0.02238	0.01529	0.01721	0.01023	0.01184	0.00914	0.00631	0.00496	0.00161	0.00852	0.00401	0.00313	0.00910
8	0.05818	0.02873	0.02060	0.01908	0.06400	0.48266	0.01396	0.18253	0.02275	0.02490	0.01255	0.01409	0.00994	0.00753	0.00654	0.00194	0.01108	0.00510	0.00451	0.00933
9	0.00911	0.00705	0.00819	0.00847	0.01012	0.00628	0.00617	0.01111	0.01624	0.02091	0.20466	0.20152	0.35162	0.06349	0.01034	0.00278	0.00400	0.04515	0.00675	0.00605
10	0.02407	0.06312	0.01940	0.01474	0.01964	0.06788	0.01198	0.26662	0.21460	0.15760	0.05032	0.02194	0.01776	0.00893	0.00701	0.00217	0.00704	0.00699	0.00700	0.01119
11	0.00878	0.00624	0.00823	0.00978	0.01017	0.00585	0.00647	0.00994	0.01343	0.01791	0.03821	0.70185	0.04578	0.06735	0.01077	0.00314	0.00430	0.01963	0.00647	0.00569
12	0.01489	0.01277	0.01482	0.01071	0.01694	0.00984	0.00856	0.01876	0.04312	0.02348	0.01334	0.01526	0.01101	0.00546	0.00536	0.00111	0.00529	0.00438	0.00435	0.76057
13	0.01754	0.01656	0.02772	0.12138	0.60156	0.01701	0.02127	0.04913	0.01671	0.02359	0.01346	0.01776	0.01111	0.00653	0.00706	0.00215	0.00855	0.00635	0.00363	0.01093
14	0.01682	0.01797	0.03748	0.02686	0.03376	0.01657	0.57053	0.02235	0.01680	0.04244	0.03547	0.01992	0.01268	0.00627	0.00804	0.00225	0.01088	0.00807	0.00394	0.09089
15	0.02189	0.43118	0.06196	0.01482	0.02036	0.23320	0.01345	0.09121	0.01814	0.02011	0.01110	0.01259	0.00945	0.00675	0.00548	0.00171	0.00933	0.00437	0.00365	0.00924
16	0.01036	0.00690	0.00777	0.00777	0.00777	0.00690	0.00431	0.01036	0.01036	0.01381	0.02244	0.04660	0.02589	0.74975	0.03624	0.00690	0.00690	0.01036	0.00431	0.00431
17	0.57360	0.05951	0.01487	0.14862	0.04568	0.01673	0.01080	0.02047	0.01282	0.02807	0.01056	0.01319	0.00827	0.00667	0.00503	0.00219	0.00650	0.00441	0.00405	0.00797
18	0.05798	0.03107	0.02152	0.01970	0.05130	0.59874	0.05506	0.04601	0.01984	0.01939	0.01144	0.01350	0.00938	0.00722	0.00651	0.00191	0.01216	0.00492	0.00379	0.00855
19	0.00868	0.00620	0.00826	0.00991	0.01033	0.00578	0.00661	0.00991	0.01363	0.01818	0.03925	0.74510	0.04710	0.02231	0.00909	0.00289	0.00413	0.02024	0.00661	0.00578
20	0.00996	0.00727	0.00935	0.00883	0.01056	0.00667	0.00662	0.01321	0.01987	0.02788	0.65614	0.05430	0.11305	0.01481	0.00840	0.00225	0.00338	0.01303	0.00775	0.00667
21	0.01489	0.01311	0.01586	0.01182	0.01716	0.01141	0.00955	0.01781	0.01416	0.02226	0.01214	0.01489	0.01036	0.00639	0.00809	0.00138	0.11931	0.00453	0.00405	0.67082
22	0.01036	0.00690	0.00777	0.00777	0.00777	0.00690	0.00431	0.01036	0.01036	0.01381	0.02244	0.04660	0.02589	0.74975	0.03624	0.00690	0.00690	0.01036	0.00431	0.00431
23	0.01494	0.06362	0.58030	0.02260	0.08712	0.01715	0.07153	0.02246	0.01523	0.02239	0.01283	0.01540	0.00934	0.00665	0.00681	0.00222	0.01034	0.00551	0.00309	0.01046
24	0.01762	0.01692	0.02890	0.04371	0.70533	0.01692	0.02185	0.02185	0.01621	0.02326	0.01339	0.01762	0.01128	0.00634	0.00705	0.00211	0.00846	0.00634	0.00352	0.01128
25	0.02562	0.12757	0.02241	0.01754	0.02153	0.63106	0.01355	0.02751	0.01944	0.01734	0.01086	0.01266	0.00917	0.00718	0.00618	0.00179	0.01216	0.00448	0.00359	0.00837
26	0.01025	0.00686	0.00780	0.00790	0.00792	0.00683	0.00446	0.01033	0.01056	0.01408	0.02348	0.08985	0.02720	0.70471	0.03456	0.00666	0.00673	0.01097	0.00446	0.00441
27	0.01017	0.00763	0.01144	0.01144	0.01272	0.00890	0.00890	0.01272	0.01144	0.01653	0.01907	0.02797	0.01780	0.05340	0.72153	0.01144	0.01907	0.00763	0.00381	0.00636
28	0.01005	0.00878	0.03846	0.00923	0.01152	0.00735	0.00736	0.01380	0.04679	0.02532	0.44148	0.08682	0.23585	0.01534	0.00832	0.00232	0.00386	0.01329	0.00722	0.00683
29	0.01428	0.03683	0.71286	0.02030	0.03082	0.01654	0.02631	0.02255	0.01503	0.02255	0.01278	0.01503	0.00902	0.00677	0.00677	0.00226	0.01052	0.00526	0.00301	0.01052
30	0.02385	0.01963	0.01892	0.01536	0.01972	0.12172	0.01234	0.42449	0.05467	0.03553	0.01710	0.01884	0.01307	0.03431	0.00875	0.00227	0.05066	0.00636	0.09202	0.01039
31	0.01563	0.01339	0.01602	0.01214	0.01728	0.01209	0.00978	0.07162	0.01570	0.02391	0.01367	0.04555	0.01203	0.00726	0.00812	0.00151	0.10781	0.00535	0.00440	0.58675
32	0.02595	0.01684	0.01982	0.01551	0.02077	0.01779	0.03610	0.42747	0.04914	0.19155	0.04504	0.02425	0.01732	0.00945	0.00739	0.00224	0.00728	0.04724	0.00737	0.01146
33	0.00981	0.00723	0.00917	0.00876	0.01049	0.00659	0.00654	0.01288	0.01940	0.02694	0.59389	0.08015	0.15107	0.01530	0.00843	0.00229	0.00342	0.01343	0.00763	0.00659
34	0.01620	0.01446	0.02676	0.46325	0.04269	0.01592	0.20620	0.02111	0.01556	0.08666	0.01465	0.01956	0.01065	0.00697	0.00749	0.00236	0.00987	0.00700	0.00384	0.00880
35	0.05240	0.03903	0.04605	0.01281	0.01824	0.01191	0.01101	0.07029	0.02046	0.54564	0.07619	0.02477	0.02006	0.00898	0.00706	0.00218	0.00619	0.00725	0.00806	0.01141
36	0.01147	0.00820	0.01147	0.01311	0.01475	0.00820	0.01147	0.01475	0.01639	0.02131	0.03770	0.08032	0.04098	0.01967	0.00984	0.00328	0.00656	0.65741	0.00656	0.00656
37	0.02085	0.01685	0.01787	0.01513	0.01971	0.01918	0.01203	0.25366	0.47154	0.03485	0.02500	0.02339	0.01851	0.00929	0.00720	0.00232	0.00637	0.00750	0.00720	0.01155
38	0.01554	0.22584	0.53483	0.01816	0.02751	0.01960	0.02259	0.02223	0.01488	0.02102	0.01202	0.01408	0.00905	0.00659	0.00619	0.00206	0.00976	0.00488	0.00302	0.01016
39	0.01689	0.02036	0.09858	0.02542	0.03156	0.04104	0.43943	0.04990	0.03684	0.02289	0.01609	0.02003	0.03538	0.00759	0.01002	0.00245	0.10438	0.00785	0.00385	0.00944
40	0.01564	0.21319	0.49814	0.01897	0.02816	0.01952	0.06899	0.02226	0.01502	0.02113	0.01218	0.01443	0.00918	0.00654	0.00634	0.00208	0.00991	0.00512	0.00306	0.01012
41	0.01359	0.00806	0.01064	0.00955	0.01185	0.00732	0.00732	0.01686	0.02019	0.13815	0.59330	0.04854	0.05922	0.01363	0.00820	0.00223	0.00379	0.01196	0.00800	0.00759
42	0.02023	0.01073	0.01516	0.05930	0.06750	0.01027	0.01177	0.02379	0.03901	0.30053	0.03143	0.09672	0.04811	0.01336	0.00820	0.00262	0.00637	0.21851	0.00707	0.00931
43	0.01176	0.00959	0.01318	0.01282	0.01435	0.01043	0.03356	0.01536	0.05738	0.02157	0.15082	0.16070	0.08431	0.04748	0.01239	0.00302	0.12026	0.20801	0.00610	0.00693
44	0.01018	0.00760	0.01129	0.01129	0.01251	0.00882	0.00871	0.01262	0.01140	0.01642	0.01921	0.02874	0.01814	0.08224	0.69316	0.01126	0.01857	0.00774	0.00384	0.00627
45	0.01345	0.01266	0.02136	0.73264	0.04904	0.01582	0.01978	0.01819	0.01424	0.01819	0.01266	0.01898	0.00949	0.00712	0.00712	0.00237	0.00949	0.00633	0.00316	0.00791
46	0.05440	0.01388	0.04607	0.04434	0.04100	0.01246	0.01190	0.03312	0.12426	0.50165	0.02586	0.02335	0.01703	0.00864	0.00706	0.00224	0.00638	0.00705	0.00777	0.01156
47	0.04021	0.01696	0.10675	0.40654	0.03677	0.01697	0.01801	0.12177	0.06639	0.02431	0.01465	0.01862	0.01094	0.00772	0.00761	0.00233	0.03919	0.00626	0.02892	0.00907
48	0.01359	0.01281	0.02162	0.70857	0.07197	0.01586	0.01985	0.01832	0.01431	0.01837	0.01268	0.01894	0.00955	0.00709	0.00712	0.00236	0.00946	0.00633	0.00318	0.00803
49	0.01760	0.53720	0.24155	0.01464	0.02207	0.02466	0.01645	0.02169	0.01464	0.01851	0.01077	0.01251	0.00910	0.00630	0.00523	0.00174	0.00849	0.00425	0.00303	0.00956
50	0.00842	0.00721	0.00721	0.00721	0.00962	0.00601	0.00541	0.01022	0.01623	0.01924	0.07213	0.06853	0.70244	0.01803	0.00842	0.00240	0.00361	0.01503	0.00661	0.00601
51	0.01938	0.01610	0.01736	0.04502	0.02050	0.01850	0.01208	0.16424	0.53375	0.03228	0.02595	0.02438	0.01932	0.00933	0.00722	0.00236	0.00623	0.00765	0.00705	0.01130
52	0.00999	0.00728	0.00939	0.00886	0.01058	0.00668	0.00665	0.01326	0.01994	0.02805	0.66737	0.05402	0.10171	0.01475	0.00840	0.00225	0.00337	0.01299	0.00777	0.00668
53	0.01470	0.03350	0.59024	0.02165	0.03131	0.01694	0.12107	0.02239	0.01514	0.02239	0.01289	0.01566	0.00929	0.00686	0.00760	0.00231	0.03690	0.00575	0.00310	0.01029
54	0.80005	0.01377	0.01047	0.00936	0.01377	0.01597	0.00771	0.02093	0.01212	0.03195	0.00991	0.01157	0.00771	0.00661	0.00441	0.00220	0.00551	0.00386	0.00441	0.00771
55	0.01615	0.01652	0.02233	0.14994	0.02581	0.09117	0.07921	0.03649	0.01371	0.01859	0.01191	0.01770	0.01052	0.01481	0.09500	0.00369	0.35860	0.00645	0.00342	0.00799
56	0.01935	0.72381	0.03659	0.01244	0.01843	0.05727	0.01225	0.02162	0.01471	0.01678	0.00995	0.01148	0.00914	0.00614	0.00465	0.00154	0.00783	0.00384	0.00307	0.00910
57	0.01002	0.00728	0.00944	0.00890	0.01060	0.00670	0.00668	0.01333	0.02003	0.02825	0.68072	0.05370	0.08823	0.01467	0.00840	0.00225	0.00337	0.01295	0.00780	0.00670
58	0.01477	0.01266	0.01477	0.01055	0.01687	0.00949	0.00844	0.01793	0.01477	0.02320	0.01266	0.01477	0.01055	0.00527	0.00527	0.00105	0.00527	0.00422	0.00422	0.79328
59	0.01641	0.01568	0.02671	0.24428	0.51426	0.01660	0.02125	0.02079	0.01564	0.02179	0.01318	0.01802	0.01076	0.00657	0.00707	0.00219	0.00876	0.00634	0.00342	0.01030
60	0.01477	0.01266	0.01477	0.01055	0.01687	0.00949	0.00844	0.01793	0.01477	0.02320	0.01266	0.01477	0.01055	0.00527	0.00527	0.00105	0.00527	0.00422	0.00422	0.79328
61	0.00903	0.00750	0.00794	0.00787	0.01019	0.00654	0.00596	0.01166	0.03754	0.02092	0.15724	0.06548	0.57242	0.01734	0.00842	0.00241	0.00373	0.03473	0.00680	0.00629
62	0.01455	0.01431	0.02592	0.46854	0.14778	0.01604	0.14261	0.01933	0.01500	0.01984	0.01404	0.04465	0.01135	0.00733	0.00742	0.00236	0.00961	0.00721	0.00342	0.00868
63	0.04223	0.01078	0.01319	0.01310	0.01568	0.01139	0.01100	0.10033	0.08844	0.04818	0.05368	0.07895	0.07410	0.01606	0.00918	0.00287	0.02692	0.36933	0.00664	0.00794
64	0.01036	0.00690	0.00777	0.00777	0.00777	0.00690	0.00431	0.01036	0.01036	0.01381	0.02244	0.04660	0.02589	0.74975	0.03624	0.00690	0.00690	0.01036	0.00431	0.00431
65	0.01574	0.01718	0.05026	0.05277	0.02720	0.01939	0.26759	0.01940	0.01364	0.01967	0.01269	0.01978	0.01122	0.00992	0.01594	0.00279	0.37866	0.03421	0.00344	0.00851
66	0.01522	0.17875	0.57918	0.01869	0.02834	0.01884	0.02351	0.02231	0.01492	0.02140	0.01221	0.01432	0.00904	0.00663	0.00633	0.00211	0.00995	0.00497	0.00301	0.01025
67	0.03195	0.01212	0.01652	0.01267	0.01818	0.01047	0.01047	0.03470	0.02038	0.71026	0.02809	0.02424	0.01763	0.00881	0.00716	0.00220	0.00606	0.00716	0.00881	0.01212
68	0.08902	0.03028	0.01933	0.01728	0.02121	0.57219	0.01314	0.08674	0.04855	0.02158	0.01221	0.01369	0.00984	0.00748	0.00635	0.00192	0.01150	0.00483	0.00419	0.00868
69	0.01028	0.00687	0.00779	0.00787	0.00789	0.00685	0.00442	0.01033	0.01051	0.01401	0.02322	0.07905	0.02687	0.71596	0.03498	0.00672	0.00677	0.01081	0.00442	0.00438
70	0.01477	0.01266	0.01477	0.01055	0.01687	0.00949	0.00844	0.01793	0.01477	0.02320	0.01266	0.01477	0.01055	0.00527	0.00527	0.00105	0.00527	0.00422	0.00422	0.79328
71	0.16452	0.52116	0.02966	0.01173	0.01743	0.02362	0.01114	0.02299	0.01481	0.10983	0.01227	0.01312	0.00998	0.00654	0.00488	0.00174	0.00702	0.00425	0.00405	0.00926
72	0.01292	0.01201	0.01317	0.01277	0.01437	0.12040	0.00989	0.01532	0.01279	0.01669	0.01747	0.02518	0.01616	0.04478	0.58553	0.00965	0.04330	0.00711	0.00377	0.00670
73	0.01309	0.00728	0.00734	0.00713	0.00908	0.00718	0.00540	0.04335	0.01591	0.02617	0.03060	0.03270	0.12466	0.00982	0.00560	0.00180	0.00355	0.00794	0.63462	0.00677
74	0.00868	0.00620	0.00826	0.00991	0.01033	0.00578	0.00661	0.00991	0.01363	0.01818	0.03925	0.74510	0.04710	0.02231	0.00909	0.00289	0.00413	0.02024	0.00661	0.00578
75	0.01563	0.23996	0.52153	0.01800	0.02727	0.01983	0.02231	0.02220	0.01487	0.02091	0.01196	0.01401	0.00905	0.00657	0.00614	0.00205	0.00970	0.00485	0.00302	0.01013
76	0.01426	0.00820	0.01086	0.00967	0.01208	0.00743	0.00743	0.01750	0.02020	0.15878	0.57293	0.04766	0.05772	0.01346	0.00816	0.00223	0.00388	0.01179	0.00802	0.00775
77	0.00872	0.00723	0.00746	0.00753	0.00970	0.00619	0.00560	0.01044	0.01575	0.01888	0.06640	0.06725	0.61546	0.07895	0.01080	0.00282	0.00402	0.04448	0.00642	0.00590
78	0.02856	0.01414	0.03999	0.01342	0.01883	0.01277	0.01133	0.14608	0.05053	0.50067	0.06740	0.02457	0.01962	0.00909	0.00722	0.00220	0.00633	0.00736	0.00820	0.01169
79	0.01726	0.01741	0.02552	0.26278	0.41911	0.09375	0.02030	0.02140	0.01601	0.02099	0.01289	0.01754	0.01047	0.00670	0.00700	0.00217	0.00927	0.00615	0.00342	0.00986
80	0.00868	0.00620	0.00826	0.00991	0.01033	0.00578	0.00661	0.00991	0.01363	0.01818	0.03925	0.74510	0.04710	0.02231	0.00909	0.00289	0.00413	0.02024	0.00661	0.00578
81	0.80005	0.01377	0.01047	0.00936	0.01377	0.01597	0.00771	0.02093	0.01212	0.03195	0.00991	0.01157	0.00771	0.00661	0.00441	0.00220	0.00551	0.00386	0.00441	0.00771
82	0.01036	0.00690	0.00777	0.00777	0.00777	0.00690	0.00431	0.01036	0.01036	0.01381	0.02244	0.04660	0.02589	0.74975	0.03624	0.00690	0.00690	0.01036	0.00431	0.00431
83	0.01341	0.00897	0.01119	0.01024	0.01261	0.00877	0.00780	0.01922	0.12469	0.09694	0.49810	0.07827	0.05418	0.01358	0.00813	0.00229	0.00402	0.01189	0.00779	0.00793
84	0.01428	0.03683	0.71286	0.02030	0.03082	0.01654	0.02631	0.02255	0.01503	0.02255	0.01278	0.01503	0.00902	0.00677	0.00677	0.00226	0.01052	0.00526	0.00301	0.01052
85	0.01477	0.01266	0.01477	0.01055	0.01687	0.00949	0.00844	0.01793	0.01477	0.02320	0.01266	0.01477	0.01055	0.00527	0.00527	0.00105	0.00527	0.00422	0.00422	0.79328
86	0.01771	0.01530	0.01610	0.01449	0.01852	0.01771	0.01127	0.03784	0.69247	0.02979	0.02898	0.02657	0.02174	0.00966	0.00725	0.00242	0.00564	0.00805	0.00725	0.01127
87	0.01595	0.01262	0.01489	0.01069	0.01696	0.00956	0.00858	0.01909	0.01515	0.07067	0.01372	0.01542	0.01104	0.00552	0.00540	0.00113	0.00533	0.00442	0.00454	0.73931
88	0.00842	0.00721	0.00721	0.00721	0.00962	0.00601	0.00541	0.01022	0.01623	0.01924	0.07213	0.06853	0.70244	0.01803	0.00842	0.00240	0.00361	0.01503	0.00661	0.00601
89	0.01681	0.01921	0.04202	0.03001	0.03721	0.01801	0.67947	0.02281	0.01681	0.02281	0.01441	0.01921	0.01080	0.00600	0.00840	0.00240	0.01200	0.00840	0.00360	0.00960
90	0.03017	0.01498	0.01829	0.01402	0.01960	0.01471	0.01159	0.27084	0.02516	0.46737	0.02408	0.02163	0.01561	0.00872	0.00715	0.00218	0.00671	0.00689	0.00820	0.01212
91	0.01681	0.01921	0.04202	0.03001	0.03721	0.01801	0.67947	0.02281	0.01681	0.02281	0.01441	0.01921	0.01080	0.00600	0.00840	0.00240	0.01200	0.00840	0.00360	0.00960
92	0.80005	0.01377	0.01047	0.00936	0.01377	0.01597	0.00771	0.02093	0.01212	0.03195	0.00991	0.01157	0.00771	0.00661	0.00441	0.00220	0.00551	0.00386	0.00441	0.00771
93	0.01237	0.00618	0.00928	0.00928	0.00928	0.00618	0.00618	0.00928	0.00928	0.01237	0.01237	0.02165	0.01237	0.02474	0.02783	0.79283	0.00618	0.00618	0.00309	0.00309
94	0.01477	0.01266	0.01477	0.01055	0.01687	0.00949	0.00844	0.01793	0.01477	0.02320	0.01266	0.01477	0.01055	0.00527	0.00527	0.00105	0.00527	0.00422	0.00422	0.79328
95	0.01147	0.00820	0.01147	0.01311	0.01475	0.00820	0.01147	0.01475	0.01639	0.02131	0.03770	0.08032	0.04098	0.01967	0.00984	0.00328	0.00656	0.65741	0.00656	0.00656
96	0.03195	0.01212	0.01652	0.01267	0.01818	0.01047	0.01047	0.03470	0.02038	0.71026	0.02809	0.02424	0.01763	0.00881	0.00716	0.00220	0.00606	0.00716	0.00881	0.01212
97	0.00886	0.00633	0.00848	0.01013	0.01063	0.00595	0.00694	0.01024	0.01382	0.01839	0.03914	0.70016	0.04668	0.02213	0.00914	0.00292	0.00430	0.06332	0.00661	0.00584
98	0.01746	0.01663	0.02768	0.07046	0.62933	0.01693	0.02102	0.02283	0.06394	0.02351	0.01447	0.01831	0.01194	0.00661	0.00707	0.00215	0.00830	0.00646	0.00377	0.01114
99	0.80005	0.01377	0.01047	0.00936	0.01377	0.01597	0.00771	0.02093	0.01212	0.03195	0.00991	0.01157	0.00771	0.00661	0.00441	0.00220	0.00551	0.00386	0.00441	0.00771
100	0.01362	0.01284	0.02167	0.70372	0.07659	0.01587	0.01986	0.01835	0.01432	0.01841	0.01269	0.01893	0.00957	0.00709	0.00712	0.00236	0.00945	0.00633	0.00318	0.00805
101	0.01904	0.75404	0.03731	0.01218	0.01828	0.02818	0.01218	0.02132	0.01447	0.01675	0.00990	0.01142	0.00914	0.00609	0.00457	0.00152	0.00761	0.00381	0.00305	0.00914
102	0.00878	0.00628	0.00835	0.00985	0.01035	0.00585	0.00662	0.01017	0.01411	0.01893	0.08753	0.69466	0.04856	0.02174	0.00904	0.00284	0.00407	0.01971	0.00670	0.00585
103	0.00853	0.00722	0.00737	0.00733	0.00969	0.00606	0.00550	0.01043	0.01649	0.01985	0.11353	0.06752	0.66067	0.01781	0.00841	0.00239	0.00359	0.01489	0.00669	0.00606
104	0.80005	0.01377	0.01047	0.00936	0.01377	0.01597	0.00771	0.02093	0.01212	0.03195	0.00991	0.01157	0.00771	0.00661	0.00441	0.00220	0.00551	0.00386	0.00441	0.00771
105	0.00842	0.00721	0.00721	0.00721	0.00962	0.00601	0.00541	0.01022	0.01623	0.01924	0.07213	0.06853	0.70244	0.01803	0.00842	0.00240	0.00361	0.01503	0.00661	0.00601
106	0.03195	0.01212	0.01652	0.01267	0.01818	0.01047	0.01047	0.03470	0.02038	0.71026	0.02809	0.02424	0.01763	0.00881	0.00716	0.00220	0.00606	0.00716	0.00881	0.01212
107	0.01428	0.03683	0.71286	0.02030	0.03082	0.01654	0.02631	0.02255	0.01503	0.02255	0.01278	0.01503	0.00902	0.00677	0.00677	0.00226	0.01052	0.00526	0.00301	0.01052
108	0.01771	0.01530	0.01610	0.01449	0.01852	0.01771	0.01127	0.03784	0.69247	0.02979	0.02898	0.02657	0.02174	0.00966	0.00725	0.00242	0.00564	0.00805	0.00725	0.01127
109	0.80005	0.01377	0.01047	0.00936	0.01377	0.01597	0.00771	0.02093	0.01212	0.03195	0.00991	0.01157	0.00771	0.00661	0.00441	0.00220	0.00551	0.00386	0.00441	0.00771
110	0.02707	0.01995	0.02137	0.01638	0.02208	0.02208	0.01353	0.68159	0.03348	0.04488	0.01710	0.01710	0.01211	0.00855	0.00712	0.00214	0.00784	0.00641	0.00712	0.01211
111	0.80005	0.01377	0.01047	0.00936	0.01377	0.01597	0.00771	0.02093	0.01212	0.03195	0.00991	0.01157	0.00771	0.00661	0.00441	0.00220	0.00551	0.00386	0.00441	0.00771
112	0.01762	0.01692	0.02890	0.04371	0.70533	0.01692	0.02185	0.02185	0.01621	0.02326	0.01339	0.01762	0.01128	0.00634	0.00705	0.00211	0.00846	0.00634	0.00352	0.01128
113	0.01771	0.01530	0.01610	0.01449	0.01852	0.01771	0.01127	0.03784	0.69247	0.02979	0.02898	0.02657	0.02174	0.00966	0.00725	0.00242	0.00564	0.00805	0.00725	0.01127
114	0.00868	0.00620	0.00826	0.00991	0.01033	0.00578	0.00661	0.00991	0.01363	0.01818	0.03925	0.74510	0.04710	0.02231	0.00909	0.00289	0.00413	0.02024	0.00661	0.00578
115	0.03126	0.01323	0.01721	0.01320	0.01873	0.01211	0.01090	0.12651	0.02224	0.61583	0.02653	0.02322	0.01684	0.00878	0.00716	0.00219	0.00631	0.00705	0.00857	0.01212
116	0.01017	0.00763	0.01144	0.01144	0.01272	0.00890	0.00890	0.01272	0.01144	0.01653	0.01907	0.02797	0.01780	0.05340	0.72153	0.01144	0.01907	0.00763	0.00381	0.00636
117	0.00872	0.00623	0.00830	0.00988	0.01034	0.00581	0.00661	0.01003	0.01384	0.01850	0.06011	0.72331	0.04773	0.02206	0.00907	0.00287	0.00411	0.02001	0.00665	0.00581
118	0.00892	0.00637	0.00855	0.01020	0.01072	0.00600	0.00704	0.01034	0.01388	0.01845	0.03911	0.68648	0.04656	0.02208	0.00915	0.00293	0.00435	0.07644	0.00661	0.00585
119	0.01477	0.01266	0.01477	0.01055	0.01687	0.00949	0.00844	0.01793	0.01477	0.02320	0.01266	0.01477	0.01055	0.00527	0.00527	0.00105	0.00527	0.00422	0.00422	0.79328
120	0.03195	0.01212	0.01652	0.01267	0.01818	0.01047	0.01047	0.03470	0.02038	0.71026	0.02809	0.02424	0.01763	0.00881	0.00716	0.00220	0.00606	0.00716	0.00881	0.01212
121	0.00884	0.00628	0.00827	0.00973	0.01016	0.00590	0.00645	0.01007	0.01362	0.01822	0.06100	0.67105	0.04627	0.07419	0.01101	0.00316	0.00430	0.01928	0.00649	0.00571
122	0.00994	0.00727	0.00933	0.00881	0.01055	0.00666	0.00661	0.01317	0.01983	0.02777	0.64888	0.05447	0.12037	0.01485	0.00840	0.00225	0.00338	0.01306	0.00774	0.00666
123	0.01558	0.01558	0.02181	0.01869	0.01869	0.02181	0.01558	0.01714	0.01091	0.01714	0.00935	0.01558	0.00935	0.01246	0.02337	0.00312	0.73672	0.00623	0.00312	0.00779
124	0.01001	0.00728	0.00942	0.00889	0.01060	0.00669	0.00666	0.01330	0.01999	0.02816	0.67515	0.05383	0.09386	0.01470	0.00840	0.00225	0.00337	0.01297	0.00779	0.00669
125	0.02583	0.02077	0.02157	0.05970	0.05234	0.09022	0.01427	0.55081	0.03032	0.03971	0.01608	0.01681	0.01163	0.00825	0.00705	0.00212	0.00845	0.00622	0.00640	0.01145
126	0.03165	0.01260	0.01682	0.01290	0.01842	0.01118	0.01066	0.07476	0.02119	0.66906	0.02741	0.02379	0.01728	0.00880	0.00716	0.00220	0.00617	0.00711	0.00871	0.01212
127	0.01681	0.01921	0.04202	0.03001	0.03721	0.01801	0.67947	0.02281	0.01681	0.02281	0.01441	0.01921	0.01080	0.00600	0.00840	0.00240	0.01200	0.00840	0.00360	0.00960

[dist]
# distance from previous block
# <min> <max>
3	23

[block]
# block no. 3 follows, 29 sequences, length 30
# corresponding to MSA columns:
# 396-425
name=unknown_D
#
# <colnr> <probs for GDERKNQSTAVLIFYWHMCP>
#	G	D	E	R	K	N	Q	S	T	A	V	L	I	F	Y	W	H	M	C	P
0	0.01577	0.01687	0.03227	0.07679	0.03075	0.01848	0.38127	0.02007	0.01443	0.02030	0.01298	0.01859	0.01068	0.01103	0.05692	0.00318	0.23996	0.00752	0.00343	0.00871
1	0.66898	0.13800	0.01497	0.00984	0.01453	0.01802	0.00846	0.02100	0.01251	0.02940	0.00991	0.01154	0.00795	0.00652	0.00443	0.00209	0.00586	0.00385	0.00418	0.00795
2	0.01689	0.42972	0.34279	0.01585	0.02395	0.02291	0.01857	0.02188	0.01472	0.01937	0.01120	0.01306	0.00908	0.00640	0.00556	0.00185	0.00893	0.00447	0.00303	0.00976
3	0.80005	0.01377	0.01047	0.00936	0.01377	0.01597	0.00771	0.02093	0.01212	0.03195	0.00991	0.01157	0.00771	0.00661	0.00441	0.00220	0.00551	0.00386	0.00441	0.00771
4	0.01477	0.01266	0.01477	0.01055	0.01687	0.00949	0.00844	0.01793	0.01477	0.02320	0.01266	0.01477	0.01055	0.00527	0.00527	0.00105	0.00527	0.00422	0.00422	0.79328
5	0.00855	0.00722	0.00739	0.00735	0.00970	0.00607	0.00551	0.01047	0.01654	0.01997	0.12146	0.06733	0.65266	0.01776	0.00841	0.00239	0.00359	0.01486	0.00671	0.00607
6	0.01008	0.00728	0.00952	0.00896	0.01064	0.00672	0.00672	0.01344	0.02016	0.02855	0.70158	0.05319	0.06719	0.01456	0.00840	0.00224	0.00336	0.01288	0.00784	0.00672
7	0.00868	0.00620	0.00826	0.00991	0.01033	0.00578	0.00661	0.00991	0.01363	0.01818	0.03925	0.74510	0.04710	0.02231	0.00909	0.00289	0.00413	0.02024	0.00661	0.00578
8	0.00960	0.00726	0.00886	0.00846	0.01035	0.00652	0.00634	0.01251	0.01903	0.02588	0.52085	0.05759	0.24958	0.01556	0.00840	0.00229	0.00343	0.01350	0.00749	0.00652
9	0.00866	0.00626	0.00820	0.00975	0.01028	0.00580	0.00654	0.00993	0.01379	0.01824	0.04127	0.70345	0.08744	0.02205	0.00905	0.00286	0.00410	0.01992	0.00661	0.00580
10	0.03195	0.01212	0.01652	0.01267	0.01818	0.01047	0.01047	0.03470	0.02038	0.71026	0.02809	0.02424	0.01763	0.00881	0.00716	0.00220	0.00606	0.00716	0.00881	0.01212
11	0.01477	0.01266	0.01477	0.01055	0.01687	0.00949	0.00844	0.01793	0.01477	0.02320	0.01266	0.01477	0.01055	0.00527	0.00527	0.00105	0.00527	0.00422	0.00422	0.79328
12	0.01771	0.01530	0.01610	0.01449	0.01852	0.01771	0.01127	0.03784	0.69247	0.02979	0.02898	0.02657	0.02174	0.00966	0.00725	0.00242	0.00564	0.00805	0.00725	0.01127
13	0.01345	0.01266	0.02136	0.73264	0.04904	0.01582	0.01978	0.01819	0.01424	0.01819	0.01266	0.01898	0.00949	0.00712	0.00712	0.00237	0.00949	0.00633	0.00316	0.00791
14	0.01428	0.03683	0.71286	0.02030	0.03082	0.01654	0.02631	0.02255	0.01503	0.02255	0.01278	0.01503	0.00902	0.00677	0.00677	0.00226	0.01052	0.00526	0.00301	0.01052
15	0.00868	0.00620	0.00826	0.00991	0.01033	0.00578	0.00661	0.00991	0.01363	0.01818	0.03925	0.74510	0.04710	0.02231	0.00909	0.00289	0.00413	0.02024	0.00661	0.00578
16	0.03195	0.01212	0.01652	0.01267	0.01818	0.01047	0.01047	0.03470	0.02038	0.71026	0.02809	0.02424	0.01763	0.00881	0.00716	0.00220	0.00606	0.00716	0.00881	0.01212
17	0.00996	0.00727	0.00936	0.00884	0.01057	0.00667	0.00663	0.01321	0.01988	0.02790	0.65729	0.05427	0.11188	0.01480	0.00840	0.00225	0.00338	0.01303	0.00775	0.00667
18	0.01681	0.01921	0.04202	0.03001	0.03721	0.01801	0.67947	0.02281	0.01681	0.02281	0.01441	0.01921	0.01080	0.00600	0.00840	0.00240	0.01200	0.00840	0.00360	0.00960
19	0.00842	0.00721	0.00721	0.00721	0.00962	0.00601	0.00541	0.01022	0.01623	0.01924	0.07213	0.06853	0.70244	0.01803	0.00842	0.00240	0.00361	0.01503	0.00661	0.00601
20	0.01681	0.01921	0.04202	0.03001	0.03721	0.01801	0.67947	0.02281	0.01681	0.02281	0.01441	0.01921	0.01080	0.00600	0.00840	0.00240	0.01200	0.00840	0.00360	0.00960
21	0.01512	0.03120	0.50338	0.02422	0.07693	0.01692	0.18599	0.02257	0.01555	0.02266	0.01322	0.01623	0.00961	0.00655	0.00719	0.00228	0.01075	0.00610	0.00319	0.01035
22	0.01428	0.03683	0.71286	0.02030	0.03082	0.01654	0.02631	0.02255	0.01503	0.02255	0.01278	0.01503	0.00902	0.00677	0.00677	0.00226	0.01052	0.00526	0.00301	0.01052
23	0.02978	0.01313	0.01691	0.01306	0.01837	0.01218	0.01075	0.14196	0.02257	0.55663	0.06771	0.02482	0.01975	0.00912	0.00723	0.00219	0.00619	0.00739	0.00847	0.01178
24	0.04295	0.00974	0.01306	0.13212	0.01931	0.01014	0.01034	0.03856	0.06152	0.10937	0.17157	0.22788	0.03662	0.01435	0.00809	0.00254	0.00560	0.07190	0.00654	0.00783
25	0.01762	0.01692	0.02890	0.04371	0.70533	0.01692	0.02185	0.02185	0.01621	0.02326	0.01339	0.01762	0.01128	0.00634	0.00705	0.00211	0.00846	0.00634	0.00352	0.01128
26	0.01036	0.00690	0.00777	0.00777	0.00777	0.00690	0.00431	0.01036	0.01036	0.01381	0.02244	0.04660	0.02589	0.74975	0.03624	0.00690	0.00690	0.01036	0.00431	0.00431
27	0.67896	0.01381	0.01160	0.01003	0.01461	0.01555	0.00826	0.04764	0.01392	0.11348	0.01236	0.01329	0.00906	0.00695	0.00484	0.00220	0.00566	0.00435	0.00504	0.00840
28	0.04975	0.01715	0.01796	0.01474	0.01918	0.04853	0.01177	0.44891	0.05375	0.06066	0.02184	0.16198	0.01935	0.01122	0.00740	0.00229	0.00709	0.00908	0.00684	0.01050
29	0.01388	0.01337	0.01994	0.51902	0.03917	0.04642	0.01738	0.01768	0.01385	0.01782	0.01495	0.02146	0.03606	0.03713	0.04052	0.00300	0.11056	0.00676	0.00338	0.00764

[dist]
# distance from previous block
# <min> <max>
0	5

[block]
# block no. 4 follows, 29 sequences, length 72
# corresponding to MSA columns:
# 431-502
name=unknown_E
#
# <colnr> <probs for GDERKNQSTAVLIFYWHMCP>
#	G	D	E	R	K	N	Q	S	T	A	V	L	I	F	Y	W	H	M	C	P
0	0.02793	0.01407	0.01712	0.01345	0.01867	0.01378	0.01100	0.19137	0.09219	0.43820	0.02806	0.02530	0.05641	0.00937	0.00723	0.00222	0.00631	0.00753	0.00811	0.01168
1	0.17565	0.02641	0.01885	0.01721	0.04268	0.42355	0.01295	0.10934	0.01954	0.02392	0.01154	0.01348	0.00935	0.00767	0.00731	0.00204	0.06073	0.00485	0.00421	0.00871
2	0.00903	0.00720	0.00783	0.00783	0.00997	0.00624	0.00590	0.01122	0.01687	0.02138	0.19288	0.08878	0.50654	0.01720	0.00836	0.00239	0.00366	0.03545	0.03510	0.00618
3	0.01433	0.01313	0.02136	0.68608	0.04729	0.01623	0.01937	0.06132	0.01549	0.01993	0.01294	0.01886	0.00966	0.00721	0.00712	0.00236	0.00938	0.00633	0.00342	0.00818
4	0.02519	0.01830	0.01955	0.01524	0.02043	0.02021	0.01251	0.58391	0.05641	0.04228	0.01822	0.01850	0.01315	0.00856	0.00689	0.00209	0.00725	0.00650	0.09332	0.01147
5	0.01771	0.01530	0.01610	0.01449	0.01852	0.01771	0.01127	0.03784	0.69247	0.02979	0.02898	0.02657	0.02174	0.00966	0.00725	0.00242	0.00564	0.00805	0.00725	0.01127
6	0.01327	0.00664	0.00664	0.00664	0.00830	0.00664	0.00498	0.01659	0.01493	0.02655	0.02323	0.02655	0.01825	0.00830	0.00498	0.00166	0.00332	0.00664	0.78928	0.00664
7	0.00865	0.00722	0.00754	0.00746	0.00976	0.00611	0.00560	0.01068	0.01679	0.02056	0.16139	0.06635	0.61237	0.01754	0.00841	0.00238	0.00357	0.01472	0.00679	0.00611
8	0.01017	0.00763	0.01144	0.01144	0.01272	0.00890	0.00890	0.01272	0.01144	0.01653	0.01907	0.02797	0.01780	0.05340	0.72153	0.01144	0.01907	0.00763	0.00381	0.00636
9	0.80005	0.01377	0.01047	0.00936	0.01377	0.01597	0.00771	0.02093	0.01212	0.03195	0.00991	0.01157	0.00771	0.00661	0.00441	0.00220	0.00551	0.00386	0.00441	0.00771
10	0.80005	0.01377	0.01047	0.00936	0.01377	0.01597	0.00771	0.02093	0.01212	0.03195	0.00991	0.01157	0.00771	0.00661	0.00441	0.00220	0.00551	0.00386	0.00441	0.00771
11	0.03195	0.01212	0.01652	0.01267	0.01818	0.01047	0.01047	0.03470	0.02038	0.71026	0.02809	0.02424	0.01763	0.00881	0.00716	0.00220	0.00606	0.00716	0.00881	0.01212
12	0.01477	0.01266	0.01477	0.01055	0.01687	0.00949	0.00844	0.01793	0.01477	0.02320	0.01266	0.01477	0.01055	0.00527	0.00527	0.00105	0.00527	0.00422	0.00422	0.79328
13	0.01762	0.01692	0.02890	0.04371	0.70533	0.01692	0.02185	0.02185	0.01621	0.02326	0.01339	0.01762	0.01128	0.00634	0.00705	0.00211	0.00846	0.00634	0.00352	0.01128
14	0.80005	0.01377	0.01047	0.00936	0.01377	0.01597	0.00771	0.02093	0.01212	0.03195	0.00991	0.01157	0.00771	0.00661	0.00441	0.00220	0.00551	0.00386	0.00441	0.00771
15	0.01471	0.01266	0.01505	0.04195	0.01827	0.00977	0.00893	0.01794	0.01474	0.02299	0.01266	0.01495	0.01050	0.00535	0.00535	0.00111	0.00546	0.00431	0.00417	0.75913
16	0.01681	0.01921	0.04202	0.03001	0.03721	0.01801	0.67947	0.02281	0.01681	0.02281	0.01441	0.01921	0.01080	0.00600	0.00840	0.00240	0.01200	0.00840	0.00360	0.00960
17	0.00876	0.00752	0.00755	0.00749	0.00995	0.00645	0.00563	0.01125	0.04153	0.01963	0.07052	0.06696	0.67698	0.01772	0.00837	0.00240	0.00368	0.01477	0.00664	0.00621
18	0.01433	0.01321	0.02138	0.66006	0.04616	0.01644	0.01923	0.05661	0.01521	0.01969	0.01277	0.01873	0.00964	0.00743	0.00783	0.00239	0.04102	0.00633	0.00339	0.00815
19	0.01871	0.70416	0.08429	0.01275	0.01915	0.02737	0.01317	0.02141	0.01451	0.01716	0.01010	0.01167	0.00913	0.00614	0.00472	0.00157	0.00782	0.00391	0.00304	0.00923
20	0.00868	0.00620	0.00826	0.00991	0.01033	0.00578	0.00661	0.00991	0.01363	0.01818	0.03925	0.74510	0.04710	0.02231	0.00909	0.00289	0.00413	0.02024	0.00661	0.00578
21	0.01629	0.01648	0.02698	0.31353	0.28395	0.05766	0.11338	0.02073	0.01554	0.02061	0.01295	0.01803	0.01031	0.00689	0.00785	0.00228	0.03723	0.00652	0.00338	0.00939
22	0.01462	0.01436	0.02134	0.61153	0.08377	0.06950	0.01913	0.01906	0.01489	0.01854	0.01350	0.02070	0.01073	0.00755	0.00716	0.00235	0.00958	0.03024	0.00335	0.00808
23	0.80005	0.01377	0.01047	0.00936	0.01377	0.01597	0.00771	0.02093	0.01212	0.03195	0.00991	0.01157	0.00771	0.00661	0.00441	0.00220	0.00551	0.00386	0.00441	0.00771
24	0.01008	0.00728	0.00952	0.00896	0.01064	0.00672	0.00672	0.01344	0.02016	0.02855	0.70158	0.05319	0.06719	0.01456	0.00840	0.00224	0.00336	0.01288	0.00784	0.00672
25	0.01428	0.03683	0.71286	0.02030	0.03082	0.01654	0.02631	0.02255	0.01503	0.02255	0.01278	0.01503	0.00902	0.00677	0.00677	0.00226	0.01052	0.00526	0.00301	0.01052
26	0.00842	0.00721	0.00721	0.00721	0.00962	0.00601	0.00541	0.01022	0.01623	0.01924	0.07213	0.06853	0.70244	0.01803	0.00842	0.00240	0.00361	0.01503	0.00661	0.00601
27	0.01008	0.00728	0.00952	0.00896	0.01064	0.00672	0.00672	0.01344	0.02016	0.02855	0.70158	0.05319	0.06719	0.01456	0.00840	0.00224	0.00336	0.01288	0.00784	0.00672
28	0.00842	0.00721	0.00721	0.00721	0.00962	0.00601	0.00541	0.01022	0.01623	0.01924	0.07213	0.06853	0.70244	0.01803	0.00842	0.00240	0.00361	0.01503	0.00661	0.00601
29	0.06430	0.01219	0.01627	0.01253	0.01799	0.01070	0.01035	0.03412	0.02003	0.68170	0.02733	0.02370	0.01721	0.00872	0.00704	0.00220	0.00604	0.00702	0.00863	0.01193
30	0.01771	0.01530	0.01610	0.01449	0.01852	0.01771	0.01127	0.03784	0.69247	0.02979	0.02898	0.02657	0.02174	0.00966	0.00725	0.00242	0.00564	0.00805	0.00725	0.01127
31	0.01477	0.01266	0.01477	0.01055	0.01687	0.00949	0.00844	0.01793	0.01477	0.02320	0.01266	0.01477	0.01055	0.00527	0.00527	0.00105	0.00527	0.00422	0.00422	0.79328
32	0.80005	0.01377	0.01047	0.00936	0.01377	0.01597	0.00771	0.02093	0.01212	0.03195	0.00991	0.01157	0.00771	0.00661	0.00441	0.00220	0.00551	0.00386	0.00441	0.00771
33	0.01345	0.01266	0.02136	0.73264	0.04904	0.01582	0.01978	0.01819	0.01424	0.01819	0.01266	0.01898	0.00949	0.00712	0.00712	0.00237	0.00949	0.00633	0.00316	0.00791
34	0.00868	0.00620	0.00826	0.00991	0.01033	0.00578	0.00661	0.00991	0.01363	0.01818	0.03925	0.74510	0.04710	0.02231	0.00909	0.00289	0.00413	0.02024	0.00661	0.00578
35	0.00843	0.00715	0.00727	0.00737	0.00966	0.00600	0.00548	0.01020	0.01608	0.01917	0.07023	0.10776	0.66444	0.01828	0.00845	0.00243	0.00364	0.01533	0.00661	0.00600
36	0.01904	0.75404	0.03731	0.01218	0.01828	0.02818	0.01218	0.02132	0.01447	0.01675	0.00990	0.01142	0.00914	0.00609	0.00457	0.00152	0.00761	0.00381	0.00305	0.00914
37	0.01136	0.00816	0.01132	0.01289	0.01456	0.00811	0.01125	0.01458	0.01639	0.02123	0.03898	0.07988	0.06557	0.01961	0.00978	0.00325	0.00645	0.63353	0.00656	0.00654
38	0.00868	0.00620	0.00826	0.00991	0.01033	0.00578	0.00661	0.00991	0.01363	0.01818	0.03925	0.74510	0.04710	0.02231	0.00909	0.00289	0.00413	0.02024	0.00661	0.00578
39	0.01428	0.03683	0.71286	0.02030	0.03082	0.01654	0.02631	0.02255	0.01503	0.02255	0.01278	0.01503	0.00902	0.00677	0.00677	0.00226	0.01052	0.00526	0.00301	0.01052
40	0.02841	0.01196	0.01535	0.01203	0.01692	0.01094	0.00985	0.09309	0.02073	0.53443	0.02625	0.02394	0.01721	0.00870	0.00680	0.00211	0.00578	0.00700	0.13731	0.01121
41	0.04786	0.01804	0.03810	0.05770	0.03535	0.01731	0.58572	0.02195	0.01620	0.02262	0.01442	0.01940	0.01103	0.00882	0.04954	0.00292	0.01205	0.00809	0.00363	0.00927
42	0.01632	0.01679	0.02258	0.02033	0.05930	0.06960	0.04353	0.01827	0.01213	0.01773	0.01027	0.01612	0.00982	0.01299	0.04639	0.00325	0.58705	0.00627	0.00322	0.00805
43	0.01771	0.01530	0.01610	0.01449	0.01852	0.01771	0.01127	0.03784	0.69247	0.02979	0.02898	0.02657	0.02174	0.00966	0.00725	0.00242	0.00564	0.00805	0.00725	0.01127
44	0.02660	0.03394	0.02018	0.01834	0.02201	0.72116	0.01376	0.02843	0.02018	0.01743	0.01101	0.01284	0.00917	0.00734	0.00642	0.00183	0.01284	0.00459	0.00367	0.00825
45	0.00868	0.00620	0.00826	0.00991	0.01033	0.00578	0.00661	0.00991	0.01363	0.01818	0.03925	0.74510	0.04710	0.02231	0.00909	0.00289	0.00413	0.02024	0.00661	0.00578
46	0.01612	0.01592	0.02870	0.26588	0.37662	0.01675	0.13419	0.02082	0.01567	0.02153	0.01333	0.01834	0.01062	0.00654	0.00730	0.00225	0.00941	0.00669	0.00342	0.00989
47	0.01345	0.01266	0.02136	0.73264	0.04904	0.01582	0.01978	0.01819	0.01424	0.01819	0.01266	0.01898	0.00949	0.00712	0.00712	0.00237	0.00949	0.00633	0.00316	0.00791
48	0.01008	0.00728	0.00952	0.00896	0.01064	0.00672	0.00672	0.01344	0.02016	0.02855	0.70158	0.05319	0.06719	0.01456	0.00840	0.00224	0.00336	0.01288	0.00784	0.00672
49	0.01804	0.01546	0.01629	0.01456	0.01864	0.01787	0.01135	0.06074	0.66902	0.03032	0.02856	0.02623	0.02139	0.00962	0.00724	0.00241	0.00571	0.00799	0.00724	0.01130
50	0.01017	0.00763	0.01144	0.01144	0.01272	0.00890	0.00890	0.01272	0.01144	0.01653	0.01907	0.02797	0.01780	0.05340	0.72153	0.01144	0.01907	0.00763	0.00381	0.00636
51	0.00868	0.00620	0.00826	0.00991	0.01033	0.00578	0.00661	0.00991	0.01363	0.01818	0.03925	0.74510	0.04710	0.02231	0.00909	0.00289	0.00413	0.02024	0.00661	0.00578
52	0.01008	0.00728	0.00952	0.00896	0.01064	0.00672	0.00672	0.01344	0.02016	0.02855	0.70158	0.05319	0.06719	0.01456	0.00840	0.00224	0.00336	0.01288	0.00784	0.00672
53	0.00868	0.00620	0.00826	0.00991	0.01033	0.00578	0.00661	0.00991	0.01363	0.01818	0.03925	0.74510	0.04710	0.02231	0.00909	0.00289	0.00413	0.02024	0.00661	0.00578
54	0.01904	0.75404	0.03731	0.01218	0.01828	0.02818	0.01218	0.02132	0.01447	0.01675	0.00990	0.01142	0.00914	0.00609	0.00457	0.00152	0.00761	0.00381	0.00305	0.00914
55	0.01428	0.03683	0.71286	0.02030	0.03082	0.01654	0.02631	0.02255	0.01503	0.02255	0.01278	0.01503	0.00902	0.00677	0.00677	0.00226	0.01052	0.00526	0.00301	0.01052
56	0.03195	0.01212	0.01652	0.01267	0.01818	0.01047	0.01047	0.03470	0.02038	0.71026	0.02809	0.02424	0.01763	0.00881	0.00716	0.00220	0.00606	0.00716	0.00881	0.01212
57	0.01904	0.75404	0.03731	0.01218	0.01828	0.02818	0.01218	0.02132	0.01447	0.01675	0.00990	0.01142	0.00914	0.00609	0.00457	0.00152	0.00761	0.00381	0.00305	0.00914
