[name]
unknown

[dist]
# distance from previous block
# <min> <max>
0	26

[block]
# block no. 0 follows, 29 sequences, length 20
# corresponding to MSA columns:
# 26-45
name=unknown_A
#
# <colnr> <probs for GDERKNQSTAVLIFYWHMCP>
#	G	D	E	R	K	N	Q	S	T	A	V	L	I	F	Y	W	H	M	C	P
0	0.01029	0.00788	0.00992	0.01004	0.01206	0.00688	0.00737	0.01237	0.01497	0.02057	0.09929	0.40884	0.09672	0.01752	0.00827	0.00246	0.00449	0.07949	0.00624	0.16432
1	0.01624	0.05566	0.04856	0.18697	0.06709	0.06056	0.15900	0.01990	0.01408	0.01909	0.01164	0.01686	0.00977	0.00871	0.01306	0.00255	0.27193	0.00647	0.00328	0.00857
2	0.09622	0.01427	0.01831	0.23647	0.02795	0.01562	0.01370	0.19165	0.04083	0.20693	0.05363	0.02116	0.01544	0.00833	0.00694	0.00225	0.00737	0.00672	0.00612	0.01009
3	0.70597	0.01434	0.01223	0.01182	0.05487	0.01641	0.00890	0.06216	0.01369	0.03224	0.01057	0.01227	0.00820	0.00672	0.00473	0.00219	0.00583	0.00416	0.00452	0.00820
4	0.01641	0.01785	0.06686	0.02184	0.02822	0.01587	0.34615	0.05145	0.01631	0.02341	0.01344	0.01719	0.01055	0.00654	0.00869	0.00204	0.07727	0.00666	0.00388	0.24936
5	0.01017	0.00763	0.01144	0.01144	0.01272	0.00890	0.00890	0.01272	0.01144	0.01653	0.01907	0.02797	0.01780	0.05340	0.72153	0.01144	0.01907	0.00763	0.00381	0.00636
6	0.00868	0.00620	0.00826	0.00991	0.01033	0.00578	0.00661	0.00991	0.01363	0.01818	0.03925	0.74510	0.04710	0.02231	0.00909	0.00289	0.00413	0.02024	0.00661	0.00578
7	0.80005	0.01377	0.01047	0.00936	0.01377	0.01597	0.00771	0.02093	0.01212	0.03195	0.00991	0.01157	0.00771	0.00661	0.00441	0.00220	0.00551	0.00386	0.00441	0.00771
8	0.01478	0.11204	0.64202	0.01944	0.02950	0.01776	0.02483	0.02242	0.01497	0.02194	0.01248	0.01465	0.00903	0.00669	0.00653	0.00218	0.01022	0.00511	0.00301	0.01038
9	0.00883	0.00723	0.00778	0.00765	0.00987	0.00619	0.00573	0.01102	0.01720	0.02154	0.22801	0.06473	0.54513	0.01717	0.00841	0.00236	0.00355	0.01450	0.00692	0.00619
10	0.02707	0.01995	0.02137	0.01638	0.02208	0.02208	0.01353	0.68159	0.03348	0.04488	0.01710	0.01710	0.01211	0.00855	0.00712	0.00214	0.00784	0.00641	0.00712	0.01211
11	0.03097	0.01369	0.01750	0.01342	0.01896	0.01280	0.01108	0.16478	0.02301	0.57647	0.02588	0.02280	0.01652	0.00876	0.00715	0.00219	0.00642	0.00701	0.00847	0.01212
12	0.00868	0.00620	0.00826	0.00991	0.01033	0.00578	0.00661	0.00991	0.01363	0.01818	0.03925	0.74510	0.04710	0.02231	0.00909	0.00289	0.00413	0.02024	0.00661	0.00578
13	0.01703	0.00774	0.00863	0.00785	0.01028	0.00741	0.00608	0.02023	0.01603	0.16403	0.02421	0.02608	0.01813	0.00840	0.00542	0.00177	0.00387	0.00674	0.63234	0.00774
14	0.01015	0.00682	0.00783	0.00803	0.00807	0.00677	0.00459	0.01030	0.01075	0.01433	0.02446	0.13075	0.02844	0.66212	0.03297	0.00642	0.00657	0.01155	0.00459	0.00449
15	0.00873	0.00632	0.00826	0.00969	0.01030	0.00585	0.00654	0.01012	0.01414	0.01878	0.07568	0.66417	0.09188	0.02162	0.00901	0.00283	0.00406	0.01951	0.00667	0.00585
16	0.01779	0.01927	0.02148	0.01862	0.01936	0.16244	0.01521	0.01941	0.01277	0.01720	0.00968	0.01503	0.00931	0.01143	0.01996	0.00286	0.59116	0.00590	0.00323	0.00788
17	0.01091	0.00734	0.00950	0.01000	0.01150	0.00653	0.00701	0.01259	0.01468	0.06553	0.07599	0.55669	0.06827	0.01908	0.00851	0.00260	0.00431	0.01713	0.00659	0.08523
18	0.01477	0.01266	0.01477	0.01055	0.01687	0.00949	0.00844	0.01793	0.01477	0.02320	0.01266	0.01477	0.01055	0.00527	0.00527	0.00105	0.00527	0.00422	0.00422	0.79328
19	0.02155	0.01878	0.02321	0.01753	0.02342	0.09052	0.14588	0.24929	0.04893	0.06220	0.01572	0.01716	0.01176	0.00710	0.00682	0.00189	0.00835	0.00614	0.00537	0.21839

[dist]
# distance from previous block
# <min> <max>
0	4

[block]
# block no. 1 follows, 29 sequences, length 43
# corresponding to MSA columns:
# 50-92
name=unknown_B
#
# <colnr> <probs for GDERKNQSTAVLIFYWHMCP>
#	G	D	E	R	K	N	Q	S	T	A	V	L	I	F	Y	W	H	M	C	P
0	0.02415	0.01835	0.02087	0.01628	0.02130	0.02025	0.03467	0.54022	0.02923	0.03950	0.01786	0.06829	0.01428	0.00956	0.00832	0.00222	0.05670	0.00735	0.00658	0.04402
1	0.02468	0.01865	0.02150	0.01635	0.02201	0.02001	0.05755	0.54944	0.02989	0.04068	0.01683	0.01749	0.01218	0.00809	0.00695	0.00204	0.00769	0.00637	0.04362	0.07799
2	0.00917	0.00673	0.00853	0.00954	0.01011	0.00650	0.00640	0.01033	0.01345	0.01782	0.05715	0.52346	0.10735	0.13987	0.01386	0.00349	0.02692	0.01749	0.00616	0.00565
3	0.01477	0.01266	0.01477	0.01055	0.01687	0.00949	0.00844	0.01793	0.01477	0.02320	0.01266	0.01477	0.01055	0.00527	0.00527	0.00105	0.00527	0.00422	0.00422	0.79328
4	0.00991	0.00719	0.00973	0.00998	0.01082	0.00773	0.00711	0.01151	0.01171	0.01615	0.02565	0.14458	0.05756	0.24084	0.38756	0.00844	0.01266	0.01067	0.00452	0.00568
5	0.00868	0.00620	0.00826	0.00991	0.01033	0.00578	0.00661	0.00991	0.01363	0.01818	0.03925	0.74510	0.04710	0.02231	0.00909	0.00289	0.00413	0.02024	0.00661	0.00578
6	0.00881	0.00634	0.00835	0.00972	0.01033	0.00589	0.00658	0.01028	0.01438	0.01925	0.10666	0.65214	0.07211	0.02138	0.00900	0.00281	0.00404	0.01932	0.00673	0.00589
7	0.03176	0.01242	0.01671	0.01281	0.01833	0.01091	0.01058	0.05959	0.02088	0.68467	0.02767	0.02396	0.01741	0.00880	0.00716	0.00220	0.00613	0.00713	0.00875	0.01212
8	0.80005	0.01377	0.01047	0.00936	0.01377	0.01597	0.00771	0.02093	0.01212	0.03195	0.00991	0.01157	0.00771	0.00661	0.00441	0.00220	0.00551	0.00386	0.00441	0.00771
9	0.02181	0.01686	0.01813	0.01504	0.01959	0.01883	0.01201	0.38104	0.26822	0.03670	0.02365	0.09554	0.01917	0.01037	0.00737	0.00231	0.00666	0.00843	0.00711	0.01116
10	0.80005	0.01377	0.01047	0.00936	0.01377	0.01597	0.00771	0.02093	0.01212	0.03195	0.00991	0.01157	0.00771	0.00661	0.00441	0.00220	0.00551	0.00386	0.00441	0.00771
11	0.02707	0.01995	0.02137	0.01638	0.02208	0.02208	0.01353	0.68159	0.03348	0.04488	0.01710	0.01710	0.01211	0.00855	0.00712	0.00214	0.00784	0.00641	0.00712	0.01211
12	0.01611	0.02409	0.22793	0.02732	0.03544	0.01760	0.49846	0.02274	0.01632	0.02274	0.01395	0.01805	0.01031	0.00621	0.00795	0.00236	0.01159	0.00753	0.00344	0.00986
13	0.00914	0.00723	0.00828	0.00836	0.01036	0.00637	0.00634	0.01146	0.01717	0.02197	0.24587	0.11420	0.42292	0.01748	0.00857	0.00246	0.00380	0.06482	0.00696	0.00624
14	0.01168	0.00762	0.00995	0.01084	0.01206	0.00731	0.00784	0.05001	0.01554	0.06883	0.03704	0.57627	0.04234	0.02028	0.00893	0.00285	0.00476	0.09241	0.00679	0.00668
15	0.01038	0.00689	0.00902	0.00957	0.01060	0.00640	0.00665	0.01228	0.01579	0.05455	0.24982	0.43223	0.05041	0.07763	0.01096	0.00297	0.00420	0.01645	0.00693	0.00627
16	0.01019	0.00755	0.01106	0.01106	0.01220	0.00869	0.00842	0.01247	0.01133	0.01625	0.01942	0.02991	0.01864	0.12591	0.65018	0.01097	0.01781	0.00791	0.00387	0.00614
17	0.01944	0.60396	0.10028	0.01359	0.01990	0.08156	0.01371	0.04394	0.01561	0.01830	0.01050	0.01207	0.00923	0.00634	0.00501	0.00164	0.00831	0.00410	0.00323	0.00930
18	0.00873	0.00630	0.00827	0.00974	0.01031	0.00584	0.00656	0.01010	0.01407	0.01872	0.07213	0.68001	0.07941	0.02174	0.00902	0.00284	0.00407	0.01965	0.00667	0.00584
19	0.01787	0.05172	0.37226	0.01784	0.02506	0.05106	0.01954	0.10694	0.08184	0.06399	0.03477	0.01945	0.01355	0.00839	0.00825	0.00230	0.06755	0.02281	0.00452	0.01030
20	0.02078	0.01588	0.03943	0.01504	0.01954	0.03475	0.05646	0.26456	0.10978	0.11486	0.06703	0.10942	0.05450	0.01125	0.00766	0.00234	0.00690	0.03286	0.00683	0.01014
21	0.61741	0.01371	0.01169	0.01015	0.01446	0.01551	0.00830	0.08854	0.01538	0.05511	0.07962	0.01666	0.01437	0.00767	0.00517	0.00220	0.00555	0.00512	0.00517	0.00821
22	0.01889	0.02039	0.11033	0.08642	0.27592	0.09474	0.04030	0.05638	0.11469	0.06263	0.01705	0.02059	0.01346	0.00771	0.00712	0.00222	0.00878	0.02739	0.00455	0.01045
23	0.01048	0.00824	0.01192	0.06268	0.01600	0.00808	0.04150	0.01310	0.01534	0.01982	0.04079	0.28575	0.14434	0.01872	0.00911	0.00291	0.00577	0.27279	0.00620	0.00646
24	0.00882	0.00716	0.00785	0.00802	0.01008	0.00619	0.00601	0.01085	0.01651	0.02052	0.15428	0.13796	0.51370	0.01808	0.00855	0.00247	0.00377	0.04628	0.00678	0.00611
25	0.01589	0.01739	0.11631	0.41154	0.14346	0.01633	0.07342	0.05176	0.01602	0.05018	0.01378	0.01840	0.01027	0.00700	0.00717	0.00230	0.00945	0.00639	0.00366	0.00929
26	0.02600	0.01936	0.02078	0.01602	0.02165	0.02128	0.01318	0.61632	0.06973	0.04308	0.01757	0.01753	0.01258	0.00847	0.00705	0.00211	0.00760	0.00641	0.00700	0.04627
27	0.01024	0.00686	0.00780	0.00791	0.00794	0.00683	0.00447	0.01033	0.01058	0.01410	0.02357	0.09365	0.02732	0.70075	0.03441	0.00663	0.00672	0.01102	0.00447	0.00441
28	0.01751	0.18108	0.03204	0.05504	0.02706	0.01998	0.28186	0.08862	0.01679	0.02267	0.01368	0.01766	0.01108	0.00988	0.04907	0.00273	0.09603	0.00669	0.04138	0.00914
29	0.01008	0.00728	0.00952	0.00896	0.01064	0.00672	0.00672	0.01344	0.02016	0.02855	0.70158	0.05319	0.06719	0.01456	0.00840	0.00224	0.00336	0.01288	0.00784	0.00672
30	0.01029	0.00688	0.00778	0.00785	0.00786	0.00686	0.00440	0.01034	0.01048	0.01397	0.02307	0.07284	0.02668	0.72242	0.03522	0.00675	0.00680	0.01073	0.00440	0.00437
31	0.01571	0.11520	0.34751	0.06300	0.05984	0.01855	0.20484	0.02196	0.01528	0.02147	0.01275	0.01611	0.00967	0.00672	0.00771	0.00225	0.04224	0.00611	0.00321	0.00987
32	0.80005	0.01377	0.01047	0.00936	0.01377	0.01597	0.00771	0.02093	0.01212	0.03195	0.00991	0.01157	0.00771	0.00661	0.00441	0.00220	0.00551	0.00386	0.00441	0.00771
33	0.00881	0.00723	0.00776	0.00763	0.00986	0.00618	0.00572	0.01099	0.01717	0.02146	0.22206	0.06487	0.55113	0.01721	0.00841	0.00237	0.00355	0.01452	0.00690	0.00618
34	0.01345	0.01266	0.02136	0.73264	0.04904	0.01582	0.01978	0.01819	0.01424	0.01819	0.01266	0.01898	0.00949	0.00712	0.00712	0.00237	0.00949	0.00633	0.00316	0.00791
35	0.01002	0.00723	0.00946	0.00900	0.01062	0.00668	0.00671	0.01328	0.01987	0.02810	0.67257	0.08349	0.06631	0.01490	0.00843	0.00227	0.00339	0.01320	0.00778	0.00668
36	0.01566	0.01582	0.02317	0.01946	0.01994	0.02155	0.06030	0.01752	0.01130	0.01752	0.00969	0.01582	0.00945	0.01203	0.02236	0.00307	0.68790	0.00638	0.00315	0.00791
37	0.80005	0.01377	0.01047	0.00936	0.01377	0.01597	0.00771	0.02093	0.01212	0.03195	0.00991	0.01157	0.00771	0.00661	0.00441	0.00220	0.00551	0.00386	0.00441	0.00771
38	0.00979	0.00821	0.00864	0.00843	0.01088	0.00756	0.00634	0.01407	0.10169	0.02165	0.14146	0.08324	0.51915	0.01670	0.00829	0.00240	0.00385	0.01406	0.00684	0.00675
39	0.02084	0.01333	0.01522	0.01255	0.01662	0.01385	0.01005	0.23487	0.11875	0.16217	0.17347	0.03160	0.07173	0.01066	0.00736	0.00220	0.00564	0.00876	0.06027	0.01006
40	0.01508	0.00920	0.00990	0.00925	0.01146	0.00954	0.00702	0.14769	0.01836	0.02849	0.02528	0.17131	0.02291	0.01121	0.00624	0.00201	0.00438	0.00937	0.47375	0.00755
41	0.14000	0.01923	0.09360	0.07820	0.05570	0.07115	0.06137	0.21527	0.04657	0.02992	0.01857	0.04971	0.04588	0.00863	0.00677	0.00221	0.00802	0.00695	0.03265	0.00960
42	0.08445	0.03766	0.01472	0.01242	0.03181	0.03279	0.00934	0.19006	0.05196	0.07747	0.05195	0.10267	0.08588	0.11807	0.01125	0.00287	0.00623	0.00916	0.02775	0.04148

[dist]
# distance from previous block
# <min> <max>
0	14

[block]
# block no. 2 follows, 29 sequences, length 22
# corresponding to MSA columns:
# 107-128
name=unknown_C
#
# <colnr> <probs for GDERKNQSTAVLIFYWHMCP>
#	G	D	E	R	K	N	Q	S	T	A	V	L	I	F	Y	W	H	M	C	P
0	0.14318	0.09093	0.04904	0.01465	0.04525	0.01740	0.01188	0.07302	0.29814	0.15106	0.02181	0.02080	0.01594	0.00834	0.00648	0.00222	0.00636	0.00651	0.00632	0.01067
1	0.01179	0.00855	0.01028	0.00983	0.01072	0.00933	0.00672	0.03617	0.06631	0.01775	0.04297	0.03829	0.02373	0.44010	0.17150	0.00682	0.04131	0.00924	0.03273	0.00586
2	0.01563	0.04855	0.13083	0.10195	0.31378	0.04855	0.03605	0.02014	0.01627	0.02213	0.07021	0.02703	0.04955	0.00876	0.00731	0.00225	0.00838	0.05893	0.00411	0.00957
3	0.00936	0.00727	0.00857	0.00879	0.01054	0.00658	0.00649	0.01208	0.03502	0.02227	0.25790	0.21247	0.31520	0.01774	0.00859	0.00250	0.00382	0.04147	0.00701	0.00634
4	0.02440	0.01045	0.01411	0.01139	0.01558	0.00917	0.00917	0.02736	0.02030	0.47501	0.26050	0.03423	0.03473	0.01080	0.00759	0.00222	0.00513	0.00913	0.00848	0.01025
5	0.00972	0.00722	0.00905	0.00869	0.01044	0.00655	0.00648	0.01270	0.01915	0.02641	0.55819	0.08776	0.18024	0.01554	0.00843	0.00230	0.00344	0.01360	0.00756	0.00655
6	0.01156	0.00780	0.00904	0.00873	0.00936	0.00811	0.00554	0.05324	0.01224	0.01691	0.02170	0.04103	0.02347	0.56470	0.12360	0.00688	0.00836	0.00951	0.05300	0.00522
7	0.76401	0.01406	0.01097	0.00969	0.01416	0.01626	0.00798	0.05174	0.01311	0.03255	0.01025	0.01183	0.00792	0.00670	0.00453	0.00220	0.00562	0.00397	0.00453	0.00792
8	0.01428	0.03683	0.71286	0.02030	0.03082	0.01654	0.02631	0.02255	0.01503	0.02255	0.01278	0.01503	0.00902	0.00677	0.00677	0.00226	0.01052	0.00526	0.00301	0.01052
9	0.01594	0.01506	0.02482	0.32056	0.38454	0.01654	0.02017	0.02165	0.06941	0.02173	0.01434	0.01889	0.01139	0.00692	0.00709	0.00224	0.00865	0.00647	0.00368	0.00991
10	0.01375	0.01294	0.02158	0.58531	0.14348	0.01537	0.01918	0.01823	0.01466	0.01901	0.01650	0.02190	0.05331	0.00769	0.00719	0.00234	0.00897	0.00688	0.00343	0.00829
11	0.00998	0.00720	0.00943	0.00903	0.01062	0.00665	0.00671	0.01319	0.01969	0.02782	0.65447	0.10240	0.06576	0.01511	0.00845	0.00229	0.00341	0.01340	0.00775	0.00665
12	0.01762	0.01692	0.02890	0.04371	0.70533	0.01692	0.02185	0.02185	0.01621	0.02326	0.01339	0.01762	0.01128	0.00634	0.00705	0.00211	0.00846	0.00634	0.00352	0.01128
13	0.00888	0.00652	0.00839	0.00980	0.01061	0.00603	0.00686	0.01039	0.01426	0.01861	0.04397	0.58669	0.14334	0.02145	0.00905	0.00285	0.00427	0.07554	0.00661	0.00589
14	0.01054	0.00696	0.00809	0.00809	0.00835	0.00710	0.00486	0.01106	0.01080	0.01501	0.02212	0.04313	0.02446	0.62063	0.10918	0.00703	0.00798	0.00979	0.06009	0.00470
15	0.02278	0.02089	0.05181	0.14713	0.02640	0.15819	0.01469	0.32717	0.02455	0.05757	0.01688	0.06856	0.01361	0.00895	0.00711	0.00218	0.00892	0.00699	0.00555	0.01005
16	0.00904	0.00649	0.00824	0.00950	0.01009	0.00609	0.00638	0.01024	0.01350	0.01776	0.03963	0.54666	0.10322	0.13162	0.01316	0.00347	0.00462	0.04841	0.00626	0.00562
17	0.01775	0.02014	0.10461	0.04009	0.02319	0.13072	0.13374	0.11944	0.04333	0.02504	0.06601	0.02566	0.09027	0.01044	0.02634	0.00246	0.04992	0.00778	0.05414	0.00892
18	0.00932	0.00716	0.00797	0.00782	0.00947	0.00641	0.00551	0.01113	0.01594	0.02053	0.23309	0.05924	0.37153	0.18672	0.01486	0.00340	0.00430	0.01336	0.00642	0.00581
19	0.01741	0.18423	0.30850	0.04391	0.05123	0.01890	0.17495	0.02317	0.01577	0.07684	0.01379	0.01619	0.01025	0.00660	0.00673	0.00213	0.00978	0.00591	0.00365	0.01008
20	0.04318	0.00914	0.01119	0.10735	0.01662	0.03963	0.00904	0.01387	0.01459	0.04663	0.06394	0.38371	0.06787	0.07615	0.01062	0.00302	0.00572	0.06536	0.00589	0.00650
21	0.16233	0.03704	0.01387	0.01138	0.01475	0.06690	0.00905	0.05000	0.01767	0.11602	0.22444	0.06340	0.06188	0.01095	0.00791	0.00218	0.05147	0.00863	0.00615	0.06399

[dist]
# distance from previous block
# <min> <max>
2	11

[block]
# block no. 3 follows, 29 sequences, length 25
# corresponding to MSA columns:
# 140-164
name=unknown_D
#
# <colnr> <probs for GDERKNQSTAVLIFYWHMCP>
#	G	D	E	R	K	N	Q	S	T	A	V	L	I	F	Y	W	H	M	C	P
0	0.02015	0.07046	0.03776	0.01441	0.03673	0.01706	0.01184	0.27968	0.02209	0.06273	0.02061	0.02362	0.04789	0.00959	0.00872	0.00218	0.10048	0.03044	0.17400	0.00959
1	0.01408	0.00864	0.01110	0.01015	0.01258	0.00804	0.00768	0.01817	0.06567	0.13643	0.41879	0.15253	0.05088	0.01416	0.00811	0.00230	0.00414	0.01245	0.00763	0.03648
2	0.04672	0.20672	0.12540	0.01568	0.02052	0.17737	0.01448	0.04610	0.10391	0.02145	0.01388	0.01573	0.01129	0.00798	0.00823	0.00208	0.10480	0.00529	0.04321	0.00917
3	0.00889	0.00633	0.00840	0.00997	0.01043	0.00595	0.00674	0.01017	0.01362	0.01813	0.03839	0.67996	0.04581	0.05587	0.01038	0.00310	0.00438	0.05121	0.00650	0.00575
4	0.01781	0.01961	0.17823	0.05094	0.02194	0.03676	0.01471	0.14519	0.17281	0.06598	0.07379	0.06167	0.04178	0.01010	0.00731	0.00231	0.00727	0.03170	0.03012	0.00995
5	0.01136	0.00896	0.01086	0.01106	0.01249	0.03115	0.02784	0.07511	0.01614	0.02110	0.06066	0.51743	0.09629	0.05178	0.00992	0.00289	0.00506	0.01692	0.00641	0.00657
6	0.01061	0.02712	0.00998	0.00946	0.01074	0.00758	0.00680	0.01253	0.01569	0.04077	0.25193	0.25179	0.11749	0.13871	0.01358	0.00326	0.02685	0.03241	0.00649	0.00622
7	0.01602	0.07856	0.07120	0.01842	0.02168	0.01852	0.13974	0.07218	0.01535	0.02198	0.05289	0.07244	0.01627	0.01064	0.01371	0.00257	0.29867	0.00781	0.04282	0.00852
8	0.02113	0.01458	0.01646	0.01385	0.01772	0.01553	0.01090	0.39777	0.02558	0.08978	0.02562	0.26830	0.02460	0.01331	0.00780	0.00240	0.00642	0.01123	0.00708	0.00993
9	0.01057	0.00668	0.00893	0.01014	0.01097	0.00616	0.00692	0.01193	0.01418	0.07444	0.03834	0.68650	0.04470	0.02121	0.00893	0.00284	0.00429	0.01918	0.00679	0.00630
10	0.01477	0.01266	0.01477	0.01055	0.01687	0.00949	0.00844	0.01793	0.01477	0.02320	0.01266	0.01477	0.01055	0.00527	0.00527	0.00105	0.00527	0.00422	0.00422	0.79328
11	0.01671	0.01604	0.02481	0.34179	0.35125	0.05122	0.02013	0.05355	0.01641	0.02184	0.01314	0.01796	0.01044	0.00684	0.00705	0.00221	0.00909	0.00625	0.00355	0.00970
12	0.00984	0.00669	0.00792	0.00843	0.00856	0.00656	0.00502	0.01022	0.01137	0.01516	0.02763	0.26236	0.03244	0.52506	0.02786	0.00566	0.00605	0.01341	0.00502	0.00477
13	0.17132	0.02010	0.01812	0.01496	0.01981	0.13549	0.01201	0.32504	0.13205	0.05732	0.01699	0.01710	0.01251	0.00817	0.00652	0.00215	0.00782	0.00591	0.00611	0.01051
14	0.01850	0.02044	0.02138	0.01860	0.01957	0.20716	0.01510	0.02013	0.01336	0.01721	0.00979	0.01485	0.00930	0.01110	0.01888	0.00278	0.54487	0.00580	0.00326	0.00791
15	0.01237	0.00618	0.00928	0.00928	0.00928	0.00618	0.00618	0.00928	0.00928	0.01237	0.01237	0.02165	0.01237	0.02474	0.02783	0.79283	0.00618	0.00618	0.00309	0.00309
16	0.01000	0.00722	0.00945	0.00901	0.01062	0.00667	0.00671	0.01324	0.01980	0.02798	0.66511	0.09129	0.06608	0.01498	0.00844	0.00228	0.00340	0.01328	0.00777	0.00667
17	0.00920	0.00649	0.00843	0.00979	0.01023	0.00618	0.00660	0.01039	0.01327	0.01765	0.03612	0.56633	0.04281	0.15199	0.01400	0.00364	0.00482	0.07028	0.00620	0.00558
18	0.01904	0.75404	0.03731	0.01218	0.01828	0.02818	0.01218	0.02132	0.01447	0.01675	0.00990	0.01142	0.00914	0.00609	0.00457	0.00152	0.00761	0.00381	0.00305	0.00914
19	0.01184	0.00765	0.01000	0.00920	0.01111	0.00703	0.00691	0.01501	0.01974	0.08257	0.61732	0.05057	0.06137	0.04684	0.00954	0.00244	0.00373	0.01231	0.00776	0.00704
20	0.01639	0.01063	0.01199	0.06869	0.01556	0.01141	0.00868	0.19382	0.01967	0.02969	0.02279	0.11612	0.01962	0.01008	0.00626	0.00200	0.00513	0.00831	0.41506	0.00809
21	0.01036	0.00690	0.00777	0.00777	0.00777	0.00690	0.00431	0.01036	0.01036	0.01381	0.02244	0.04660	0.02589	0.74975	0.03624	0.00690	0.00690	0.01036	0.00431	0.00431
22	0.00885	0.00641	0.00819	0.00944	0.01009	0.00594	0.00633	0.01017	0.01401	0.01854	0.07777	0.59007	0.11156	0.07350	0.01093	0.00309	0.00424	0.01861	0.00651	0.00575
23	0.01704	0.01990	0.11894	0.03809	0.49135	0.01708	0.14807	0.02213	0.01618	0.02309	0.01351	0.01759	0.01090	0.00633	0.00727	0.00219	0.00940	0.00660	0.00347	0.01086
24	0.19550	0.22617	0.12896	0.01337	0.01834	0.07526	0.01280	0.05258	0.01472	0.02232	0.02965	0.01507	0.01093	0.00950	0.00921	0.10463	0.04416	0.00491	0.00374	0.00819

[dist]
# distance from previous block
# <min> <max>
0	12

[block]
# block no. 4 follows, 29 sequences, length 69
# corresponding to MSA columns:
# 177-245
name=unknown_E
#
# <colnr> <probs for GDERKNQSTAVLIFYWHMCP>
#	G	D	E	R	K	N	Q	S	T	A	V	L	I	F	Y	W	H	M	C	P
0	0.05533	0.17295	0.05593	0.06525	0.12621	0.04237	0.04947	0.01941	0.01434	0.02045	0.04811	0.04825	0.01457	0.00908	0.01050	0.00228	0.18709	0.00659	0.04316	0.00865
1	0.01220	0.00760	0.00884	0.00886	0.01025	0.00794	0.00642	0.03663	0.04251	0.02226	0.02483	0.13990	0.02365	0.12661	0.14538	0.00450	0.00718	0.00951	0.34844	0.00649
2	0.00879	0.00634	0.00832	0.00970	0.01032	0.00588	0.00656	0.01024	0.01433	0.01914	0.09873	0.65091	0.08156	0.02142	0.00899	0.00281	0.00404	0.01934	0.00672	0.00588
3	0.06105	0.01198	0.01600	0.01239	0.01769	0.01052	0.01020	0.03328	0.02005	0.65535	0.05544	0.02495	0.01930	0.00897	0.00710	0.00220	0.00593	0.00727	0.00860	0.01172
4	0.00875	0.00723	0.00768	0.00756	0.00982	0.00615	0.00567	0.01086	0.01702	0.02110	0.19818	0.06546	0.57523	0.01734	0.00841	0.00237	0.00356	0.01460	0.00686	0.00615
5	0.80005	0.01377	0.01047	0.00936	0.01377	0.01597	0.00771	0.02093	0.01212	0.03195	0.00991	0.01157	0.00771	0.00661	0.00441	0.00220	0.00551	0.00386	0.00441	0.00771
6	0.01327	0.00664	0.00664	0.00664	0.00830	0.00664	0.00498	0.01659	0.01493	0.02655	0.02323	0.02655	0.01825	0.00830	0.00498	0.00166	0.00332	0.00664	0.78928	0.00664
7	0.09534	0.01986	0.02006	0.01576	0.02115	0.05643	0.01291	0.55633	0.06537	0.04156	0.01677	0.01689	0.01207	0.00837	0.00685	0.00214	0.00776	0.00618	0.00671	0.01148
8	0.01904	0.75404	0.03731	0.01218	0.01828	0.02818	0.01218	0.02132	0.01447	0.01675	0.00990	0.01142	0.00914	0.00609	0.00457	0.00152	0.00761	0.00381	0.00305	0.00914
9	0.02660	0.03394	0.02018	0.01834	0.02201	0.72116	0.01376	0.02843	0.02018	0.01743	0.01101	0.01284	0.00917	0.00734	0.00642	0.00183	0.01284	0.00459	0.00367	0.00825
10	0.02623	0.01953	0.02090	0.01621	0.02176	0.02169	0.01333	0.62394	0.09250	0.04353	0.01816	0.01794	0.01297	0.00865	0.00713	0.00216	0.00764	0.00656	0.00713	0.01203
11	0.00964	0.00703	0.00906	0.00904	0.01049	0.00645	0.00660	0.01240	0.01839	0.02551	0.50481	0.21068	0.11019	0.01657	0.00856	0.00240	0.00355	0.01470	0.00747	0.00645
12	0.01524	0.01363	0.01882	0.09155	0.02066	0.03712	0.05394	0.05570	0.01404	0.02081	0.01486	0.04263	0.01322	0.01495	0.08783	0.00350	0.32787	0.00700	0.13887	0.00777
13	0.00909	0.00701	0.00810	0.00826	0.00988	0.00624	0.00591	0.01107	0.01633	0.02116	0.23655	0.19003	0.34443	0.08048	0.01092	0.00284	0.00392	0.01501	0.00676	0.00602
14	0.01237	0.00618	0.00928	0.00928	0.00928	0.00618	0.00618	0.00928	0.00928	0.01237	0.01237	0.02165	0.01237	0.02474	0.02783	0.79283	0.00618	0.00618	0.00309	0.00309
15	0.01932	0.72735	0.03668	0.01241	0.01841	0.05386	0.01224	0.02159	0.01468	0.01678	0.00994	0.01148	0.00914	0.00614	0.00464	0.00153	0.00781	0.00384	0.00307	0.00911
16	0.01079	0.00832	0.01003	0.01013	0.01218	0.00805	0.00803	0.01531	0.08646	0.02371	0.26025	0.06176	0.22724	0.04012	0.00957	0.00273	0.00464	0.18681	0.00698	0.00687
17	0.01612	0.04329	0.01572	0.01598	0.10119	0.03255	0.01068	0.14242	0.06520	0.05632	0.02778	0.34686	0.02881	0.01442	0.00778	0.00244	0.00592	0.01264	0.04529	0.00859
18	0.01864	0.02321	0.16199	0.14867	0.12698	0.14466	0.01802	0.08151	0.15843	0.02434	0.01626	0.01829	0.01236	0.00762	0.00694	0.00220	0.00922	0.00616	0.00446	0.01005
19	0.02301	0.01623	0.01745	0.01387	0.01841	0.01783	0.01132	0.49336	0.02806	0.03918	0.01862	0.01984	0.01382	0.01078	0.04311	0.00250	0.00736	0.00653	0.18817	0.01055
20	0.02117	0.01754	0.01963	0.17112	0.02635	0.07130	0.01423	0.33390	0.08094	0.03240	0.03824	0.02141	0.01485	0.00898	0.00796	0.00226	0.04526	0.02761	0.03480	0.01007
21	0.01252	0.00853	0.01059	0.01070	0.01269	0.00820	0.00834	0.06628	0.01754	0.06612	0.12980	0.22489	0.16443	0.04847	0.00993	0.00288	0.00508	0.17917	0.00684	0.00699
22	0.01441	0.00896	0.01088	0.00990	0.01241	0.00839	0.00748	0.07517	0.01906	0.13053	0.26743	0.15209	0.18618	0.05259	0.00962	0.00260	0.00453	0.01286	0.00730	0.00762
23	0.01276	0.00910	0.01073	0.01058	0.01195	0.00929	0.00736	0.14139	0.01684	0.02254	0.05017	0.39700	0.03523	0.21231	0.01589	0.00379	0.00557	0.01470	0.00614	0.00666
24	0.03781	0.05940	0.24105	0.08152	0.14843	0.01706	0.13193	0.02287	0.05648	0.05167	0.03993	0.01876	0.01303	0.00736	0.00780	0.00227	0.04218	0.00653	0.00394	0.00999
25	0.00982	0.00727	0.00916	0.00869	0.01048	0.00661	0.00652	0.01294	0.01955	0.02712	0.60479	0.05555	0.16487	0.01509	0.00840	0.00226	0.00340	0.01321	0.00765	0.00661
26	0.01644	0.01753	0.06420	0.18025	0.09401	0.01717	0.28995	0.08275	0.01723	0.02338	0.01665	0.02075	0.04525	0.00755	0.00867	0.00235	0.05583	0.00752	0.00394	0.02859
27	0.02277	0.01692	0.01773	0.01425	0.01843	0.04740	0.01160	0.43977	0.02663	0.03709	0.01775	0.01912	0.01328	0.00874	0.00782	0.00208	0.06314	0.00638	0.19882	0.01027
28	0.01669	0.01384	0.01579	0.01159	0.01771	0.01173	0.00932	0.11474	0.05208	0.02667	0.01413	0.01570	0.01134	0.00597	0.00564	0.00128	0.00566	0.00473	0.00479	0.64058
29	0.01452	0.12885	0.55832	0.01817	0.02729	0.01716	0.02262	0.02154	0.01543	0.02234	0.07633	0.01810	0.01443	0.00740	0.00663	0.00216	0.00947	0.00578	0.00346	0.00999
30	0.01400	0.01322	0.02235	0.64221	0.13519	0.01596	0.02005	0.01867	0.01450	0.01886	0.01275	0.01881	0.00973	0.00702	0.00711	0.00234	0.00936	0.00633	0.00321	0.00835
31	0.01362	0.00730	0.00737	0.00724	0.00908	0.00749	0.00546	0.01823	0.06718	0.02680	0.02367	0.02655	0.01852	0.00840	0.00515	0.00172	0.00350	0.00675	0.72898	0.00699
32	0.00868	0.00620	0.00826	0.00991	0.01033	0.00578	0.00661	0.00991	0.01363	0.01818	0.03925	0.74510	0.04710	0.02231	0.00909	0.00289	0.00413	0.02024	0.00661	0.00578
33	0.00868	0.00620	0.00826	0.00991	0.01033	0.00578	0.00661	0.00991	0.01363	0.01818	0.03925	0.74510	0.04710	0.02231	0.00909	0.00289	0.00413	0.02024	0.00661	0.00578
34	0.01017	0.00763	0.01144	0.01144	0.01272	0.00890	0.00890	0.01272	0.01144	0.01653	0.01907	0.02797	0.01780	0.05340	0.72153	0.01144	0.01907	0.00763	0.00381	0.00636
35	0.02514	0.01899	0.02028	0.01599	0.02135	0.02118	0.01307	0.54895	0.16926	0.04177	0.01954	0.01905	0.01409	0.00878	0.00715	0.00219	0.00738	0.00675	0.00715	0.01194
36	0.01139	0.00813	0.01137	0.01301	0.01461	0.00812	0.01132	0.01460	0.01630	0.02121	0.03775	0.10154	0.04118	0.01975	0.00981	0.00327	0.00648	0.63706	0.00656	0.00653
37	0.01416	0.01339	0.02265	0.61457	0.16151	0.01601	0.02013	0.01882	0.01458	0.01906	0.01278	0.01875	0.00980	0.00699	0.00711	0.00233	0.00932	0.00633	0.00323	0.00849
38	0.00896	0.00661	0.00831	0.00956	0.01045	0.00610	0.00669	0.01042	0.01422	0.01844	0.04473	0.51825	0.17435	0.05778	0.01039	0.00303	0.00438	0.07501	0.00649	0.00582
39	0.01253	0.00666	0.00992	0.00976	0.00976	0.00698	0.00666	0.00968	0.00936	0.01261	0.01221	0.02134	0.01221	0.02411	0.02760	0.75250	0.04349	0.00619	0.00309	0.00333
40	0.80005	0.01377	0.01047	0.00936	0.01377	0.01597	0.00771	0.02093	0.01212	0.03195	0.00991	0.01157	0.00771	0.00661	0.00441	0.00220	0.00551	0.00386	0.00441	0.00771
41	0.01859	0.39455	0.10643	0.01524	0.02009	0.12661	0.01453	0.02135	0.01456	0.01757	0.01064	0.01349	0.00951	0.00944	0.03677	0.00235	0.15159	0.00471	0.00318	0.00879
42	0.02200	0.22710	0.08998	0.05415	0.02364	0.26598	0.03947	0.12358	0.05013	0.02263	0.01281	0.01447	0.01024	0.00717	0.00620	0.00191	0.00991	0.00510	0.00409	0.00945
43	0.00907	0.00699	0.00824	0.00867	0.01019	0.00618	0.00612	0.01083	0.01542	0.02002	0.14550	0.33129	0.29427	0.05556	0.00997	0.00275	0.00400	0.01619	0.00659	0.03214
44	0.13062	0.10116	0.32422	0.01959	0.06036	0.01869	0.09547	0.12352	0.01766	0.02681	0.01295	0.01509	0.00964	0.00684	0.00646	0.00216	0.00916	0.00550	0.00394	0.01015
45	0.02414	0.04683	0.01818	0.01407	0.01885	0.04565	0.01141	0.21821	0.19451	0.22535	0.08620	0.02445	0.02098	0.00931	0.00715	0.00220	0.00656	0.00745	0.00738	0.01111
46	0.00866	0.00625	0.00821	0.00978	0.01029	0.00580	0.00655	0.00993	0.01376	0.01823	0.04089	0.71134	0.07980	0.02210	0.00906	0.00287	0.00411	0.01998	0.00661	0.00580
47	0.01369	0.01310	0.02249	0.52974	0.04177	0.01578	0.08668	0.01806	0.01429	0.01873	0.01491	0.05204	0.01276	0.00875	0.00893	0.00251	0.07451	0.03983	0.00352	0.00792
48	0.00907	0.00724	0.00812	0.00790	0.01002	0.00629	0.00593	0.01149	0.01778	0.02292	0.32101	0.06246	0.45127	0.01666	0.00841	0.00234	0.00351	0.01418	0.00710	0.00629
49	0.03195	0.01212	0.01652	0.01267	0.01818	0.01047	0.01047	0.03470	0.02038	0.71026	0.02809	0.02424	0.01763	0.00881	0.00716	0.00220	0.00606	0.00716	0.00881	0.01212
50	0.02707	0.01995	0.02137	0.01638	0.02208	0.02208	0.01353	0.68159	0.03348	0.04488	0.01710	0.01710	0.01211	0.00855	0.00712	0.00214	0.00784	0.00641	0.00712	0.01211
51	0.80005	0.01377	0.01047	0.00936	0.01377	0.01597	0.00771	0.02093	0.01212	0.03195	0.00991	0.01157	0.00771	0.00661	0.00441	0.00220	0.00551	0.00386	0.00441	0.00771
52	0.01771	0.01530	0.01610	0.01449	0.01852	0.01771	0.01127	0.03784	0.69247	0.02979	0.02898	0.02657	0.02174	0.00966	0.00725	0.00242	0.00564	0.00805	0.00725	0.01127
53	0.00842	0.00721	0.00721	0.00721	0.00962	0.00601	0.00541	0.01022	0.01623	0.01924	0.07213	0.06853	0.70244	0.01803	0.00842	0.00240	0.00361	0.01503	0.00661	0.00601
54	0.01024	0.00713	0.00907	0.00912	0.00958	0.00757	0.00599	0.01117	0.01084	0.01490	0.02181	0.06278	0.02375	0.48269	0.27492	0.00836	0.01107	0.00972	0.00421	0.00508
55	0.02660	0.03394	0.02018	0.01834	0.02201	0.72116	0.01376	0.02843	0.02018	0.01743	0.01101	0.01284	0.00917	0.00734	0.00642	0.00183	0.01284	0.00459	0.00367	0.00825
56	0.01453	0.03511	0.64741	0.02124	0.03144	0.01668	0.09003	0.02258	0.01521	0.02258	0.01294	0.01544	0.00919	0.00669	0.00692	0.00227	0.01067	0.00557	0.00306	0.01043
57	0.00866	0.00722	0.00755	0.00747	0.00977	0.00611	0.00560	0.01068	0.01680	0.02058	0.16299	0.06631	0.61075	0.01753	0.00841	0.00238	0.00357	0.01472	0.00679	0.00611
58	0.01002	0.00839	0.00873	0.00876	0.01081	0.03048	0.00644	0.03741	0.01698	0.02117	0.14327	0.21037	0.42605	0.01778	0.00844	0.00246	0.00416	0.01520	0.00669	0.00637
59	0.00985	0.00727	0.00920	0.00872	0.01050	0.00662	0.00654	0.01299	0.01961	0.02727	0.61456	0.05531	0.15500	0.01504	0.00840	0.00226	0.00339	0.01317	0.00767	0.00662
60	0.01237	0.00618	0.00928	0.00928	0.00928	0.00618	0.00618	0.00928	0.00928	0.01237	0.01237	0.02165	0.01237	0.02474	0.02783	0.79283	0.00618	0.00618	0.00309	0.00309
61	0.01709	0.01754	0.06237	0.10341	0.61368	0.01680	0.02189	0.02156	0.01598	0.02278	0.01330	0.01761	0.01101	0.00643	0.00704	0.00214	0.00865	0.00629	0.00347	0.01094
62	0.01333	0.00838	0.01080	0.00985	0.01212	0.00789	0.00750	0.01763	0.06495	0.11562	0.53674	0.08245	0.05677	0.01388	0.00820	0.00228	0.00390	0.01219	0.00786	0.00767
63	0.12756	0.03409	0.01193	0.00998	0.01291	0.01026	0.00785	0.03859	0.06141	0.09917	0.40987	0.04093	0.08376	0.01225	0.00746	0.00222	0.00438	0.01031	0.00716	0.00791
64	0.13516	0.05013	0.01433	0.09709	0.01807	0.01217	0.00928	0.03842	0.01418	0.02330	0.01521	0.03693	0.01337	0.07335	0.00949	0.02813	0.02949	0.00589	0.12294	0.25307
65	0.01637	0.01834	0.08218	0.02493	0.12509	0.04548	0.28290	0.05418	0.05199	0.02304	0.01794	0.10901	0.01618	0.03105	0.00926	0.00249	0.03781	0.00887	0.00431	0.03858
66	0.02023	0.13269	0.04998	0.01756	0.05401	0.15584	0.03430	0.05225	0.01627	0.10050	0.01476	0.05420	0.01278	0.01077	0.03360	0.00256	0.19663	0.00641	0.00433	0.03032
67	0.29644	0.19122	0.04991	0.01152	0.01632	0.09736	0.01016	0.02069	0.01495	0.02480	0.08248	0.01709	0.01515	0.00733	0.00531	0.00187	0.00673	0.00508	0.03698	0.08863
68	0.02226	0.15342	0.02205	0.05217	0.08385	0.05159	0.01265	0.10603	0.04716	0.20210	0.01866	0.02118	0.01431	0.00798	0.00649	0.00195	0.00720	0.03981	0.00565	0.12351

[dist]
# distance from previous block
# <min> <max>
0	32

[block]
# block no. 5 follows, 29 sequences, length 41
# corresponding to MSA columns:
# 278-318
name=unknown_F
#
# <colnr> <probs for GDERKNQSTAVLIFYWHMCP>
#	G	D	E	R	K	N	Q	S	T	A	V	L	I	F	Y	W	H	M	C	P
0	0.00967	0.00786	0.00943	0.01052	0.04576	0.00706	0.00764	0.01202	0.01653	0.02071	0.12105	0.09548	0.44529	0.01763	0.00866	0.00257	0.00445	0.14466	0.00656	0.00644
1	0.01628	0.01043	0.01151	0.04325	0.01410	0.01110	0.00813	0.19347	0.01951	0.02948	0.02306	0.11395	0.02012	0.04139	0.00748	0.00220	0.00506	0.00841	0.41313	0.00796
2	0.01523	0.01430	0.02324	0.43637	0.25685	0.01637	0.01956	0.02142	0.08551	0.02103	0.01459	0.01934	0.01134	0.00713	0.00711	0.00229	0.00876	0.00651	0.00371	0.00934
3	0.00868	0.00620	0.00826	0.00991	0.01033	0.00578	0.00661	0.00991	0.01363	0.01818	0.03925	0.74510	0.04710	0.02231	0.00909	0.00289	0.00413	0.02024	0.00661	0.00578
4	0.06872	0.01168	0.01296	0.01120	0.01464	0.01202	0.00882	0.14073	0.12346	0.09451	0.24475	0.04000	0.16303	0.01231	0.00761	0.00227	0.00497	0.01024	0.00725	0.00883
5	0.76143	0.01369	0.01077	0.00953	0.01399	0.01570	0.00785	0.02162	0.01253	0.06605	0.01083	0.01220	0.00821	0.00672	0.00455	0.00220	0.00554	0.00402	0.00463	0.00793
6	0.01558	0.01558	0.02181	0.01869	0.01869	0.02181	0.01558	0.01714	0.01091	0.01714	0.00935	0.01558	0.00935	0.01246	0.02337	0.00312	0.73672	0.00623	0.00312	0.00779
7	0.01446	0.03560	0.66609	0.02097	0.03126	0.01664	0.07184	0.02257	0.01516	0.02257	0.01289	0.01532	0.00914	0.00671	0.00688	0.00227	0.01063	0.00548	0.00305	0.01046
8	0.80005	0.01377	0.01047	0.00936	0.01377	0.01597	0.00771	0.02093	0.01212	0.03195	0.00991	0.01157	0.00771	0.00661	0.00441	0.00220	0.00551	0.00386	0.00441	0.00771
9	0.02707	0.01995	0.02137	0.01638	0.02208	0.02208	0.01353	0.68159	0.03348	0.04488	0.01710	0.01710	0.01211	0.00855	0.00712	0.00214	0.00784	0.00641	0.00712	0.01211
10	0.00851	0.00722	0.00735	0.00732	0.00968	0.00605	0.00549	0.01041	0.01646	0.01979	0.10953	0.06762	0.66471	0.01783	0.00841	0.00239	0.00359	0.01490	0.00669	0.00605
11	0.01036	0.00690	0.00777	0.00777	0.00777	0.00690	0.00431	0.01036	0.01036	0.01381	0.02244	0.04660	0.02589	0.74975	0.03624	0.00690	0.00690	0.01036	0.00431	0.00431
12	0.06062	0.01305	0.01964	0.61406	0.04316	0.03987	0.01782	0.01860	0.01437	0.01957	0.01317	0.01886	0.00999	0.00718	0.00678	0.00229	0.00894	0.00614	0.05806	0.00782
13	0.00849	0.00691	0.00752	0.00801	0.00983	0.00594	0.00577	0.01013	0.01546	0.01892	0.06240	0.26881	0.50845	0.01930	0.00861	0.00255	0.00376	0.01657	0.00661	0.00594
14	0.02314	0.01271	0.04430	0.01237	0.01685	0.01126	0.01037	0.09502	0.06499	0.36124	0.23073	0.03204	0.03200	0.01050	0.00752	0.00222	0.00559	0.00880	0.00800	0.01036
15	0.01237	0.00618	0.00928	0.00928	0.00928	0.00618	0.00618	0.00928	0.00928	0.01237	0.01237	0.02165	0.01237	0.02474	0.02783	0.79283	0.00618	0.00618	0.00309	0.00309
16	0.02608	0.01917	0.02056	0.01587	0.02123	0.02118	0.01299	0.64172	0.03211	0.04303	0.01741	0.01885	0.01293	0.05258	0.00885	0.00242	0.00778	0.00665	0.00696	0.01165
17	0.02331	0.01584	0.01850	0.01637	0.06666	0.01680	0.01219	0.40864	0.02628	0.12779	0.02239	0.14697	0.01938	0.03441	0.00839	0.00243	0.00696	0.00906	0.00692	0.01069
18	0.01984	0.50775	0.02981	0.01264	0.01773	0.14184	0.01155	0.04575	0.01618	0.01917	0.01210	0.01386	0.01045	0.00668	0.00503	0.00162	0.00794	0.00441	0.10690	0.00877
19	0.80005	0.01377	0.01047	0.00936	0.01377	0.01597	0.00771	0.02093	0.01212	0.03195	0.00991	0.01157	0.00771	0.00661	0.00441	0.00220	0.00551	0.00386	0.00441	0.00771
20	0.02219	0.01568	0.01721	0.01389	0.01802	0.01700	0.01108	0.44985	0.02665	0.06060	0.04412	0.02816	0.01872	0.14705	0.01267	0.00308	0.00722	0.04608	0.03074	0.00997
21	0.01762	0.01692	0.02890	0.04371	0.70533	0.01692	0.02185	0.02185	0.01621	0.02326	0.01339	0.01762	0.01128	0.00634	0.00705	0.00211	0.00846	0.00634	0.00352	0.01128
22	0.00867	0.00624	0.00822	0.00981	0.01030	0.00579	0.00656	0.00993	0.01373	0.01822	0.04054	0.71855	0.07282	0.02214	0.00906	0.00287	0.00411	0.02004	0.00661	0.00579
23	0.01008	0.00728	0.00952	0.00896	0.01064	0.00672	0.00672	0.01344	0.02016	0.02855	0.70158	0.05319	0.06719	0.01456	0.00840	0.00224	0.00336	0.01288	0.00784	0.00672
24	0.02707	0.01995	0.02137	0.01638	0.02208	0.02208	0.01353	0.68159	0.03348	0.04488	0.01710	0.01710	0.01211	0.00855	0.00712	0.00214	0.00784	0.00641	0.00712	0.01211
25	0.01008	0.00728	0.00952	0.00896	0.01064	0.00672	0.00672	0.01344	0.02016	0.02855	0.70158	0.05319	0.06719	0.01456	0.00840	0.00224	0.00336	0.01288	0.00784	0.00672
26	0.02707	0.01995	0.02137	0.01638	0.02208	0.02208	0.01353	0.68159	0.03348	0.04488	0.01710	0.01710	0.01211	0.00855	0.00712	0.00214	0.00784	0.00641	0.00712	0.01211
27	0.01904	0.75404	0.03731	0.01218	0.01828	0.02818	0.01218	0.02132	0.01447	0.01675	0.00990	0.01142	0.00914	0.00609	0.00457	0.00152	0.00761	0.00381	0.00305	0.00914
28	0.01904	0.75404	0.03731	0.01218	0.01828	0.02818	0.01218	0.02132	0.01447	0.01675	0.00990	0.01142	0.00914	0.00609	0.00457	0.00152	0.00761	0.00381	0.00305	0.00914
29	0.01345	0.01266	0.02136	0.73264	0.04904	0.01582	0.01978	0.01819	0.01424	0.01819	0.01266	0.01898	0.00949	0.00712	0.00712	0.00237	0.00949	0.00633	0.00316	0.00791
30	0.02643	0.01933	0.02069	0.01593	0.02145	0.02137	0.01314	0.65086	0.03262	0.04403	0.01738	0.01753	0.01239	0.00854	0.00702	0.00211	0.00763	0.00642	0.04326	0.01186
31	0.03195	0.01212	0.01652	0.01267	0.01818	0.01047	0.01047	0.03470	0.02038	0.71026	0.02809	0.02424	0.01763	0.00881	0.00716	0.00220	0.00606	0.00716	0.00881	0.01212
32	0.01345	0.01266	0.02136	0.73264	0.04904	0.01582	0.01978	0.01819	0.01424	0.01819	0.01266	0.01898	0.00949	0.00712	0.00712	0.00237	0.00949	0.00633	0.00316	0.00791
33	0.00941	0.00770	0.00839	0.00832	0.01061	0.00688	0.00637	0.01252	0.05097	0.02164	0.18469	0.06439	0.50391	0.01708	0.00845	0.00244	0.00387	0.05906	0.00687	0.00645
34	0.01237	0.00618	0.00928	0.00928	0.00928	0.00618	0.00618	0.00928	0.00928	0.01237	0.01237	0.02165	0.01237	0.02474	0.02783	0.79283	0.00618	0.00618	0.00309	0.00309
35	0.01915	0.02173	0.24941	0.01655	0.04359	0.01530	0.01618	0.08286	0.20238	0.14924	0.02445	0.02380	0.06274	0.00880	0.00708	0.00225	0.00747	0.00714	0.00585	0.03404
36	0.00994	0.00761	0.00913	0.00925	0.01094	0.00717	0.00681	0.01348	0.06406	0.02310	0.29166	0.20778	0.22253	0.04237	0.00950	0.00265	0.00402	0.04441	0.00703	0.00656
37	0.12463	0.14426	0.04217	0.04696	0.03938	0.10437	0.05302	0.07894	0.01579	0.02277	0.01162	0.01488	0.00979	0.00831	0.01044	0.00224	0.19984	0.00537	0.03050	0.03473
38	0.02558	0.03886	0.01636	0.01242	0.01722	0.01260	0.01018	0.13126	0.06578	0.40635	0.07748	0.02891	0.08157	0.00995	0.00720	0.00219	0.00587	0.00808	0.03129	0.01086
39	0.09715	0.08447	0.28582	0.02114	0.08105	0.05574	0.13175	0.02363	0.01576	0.09178	0.01390	0.01614	0.01027	0.00697	0.00726	0.00221	0.03525	0.00581	0.00392	0.00997
40	0.18225	0.06610	0.11738	0.08382	0.13189	0.01582	0.07503	0.02086	0.05891	0.02357	0.01606	0.04309	0.01400	0.01073	0.03759	0.02991	0.00840	0.05164	0.00413	0.00884

[dist]
# distance from previous block
# <min> <max>
1	15

[block]
# block no. 6 follows, 29 sequences, length 77
# corresponding to MSA columns:
# 334-410
name=unknown_G
#
# <colnr> <probs for GDERKNQSTAVLIFYWHMCP>
#	G	D	E	R	K	N	Q	S	T	A	V	L	I	F	Y	W	H	M	C	P
0	0.05233	0.10606	0.07913	0.01112	0.01536	0.01212	0.00999	0.02066	0.06893	0.15130	0.19133	0.03875	0.19149	0.01180	0.00727	0.00220	0.00539	0.00970	0.00647	0.00860
1	0.45640	0.12762	0.04272	0.01087	0.01570	0.01668	0.00960	0.05240	0.01523	0.10478	0.07610	0.01717	0.01476	0.00760	0.00532	0.00210	0.00599	0.00522	0.00507	0.00864
2	0.05333	0.01225	0.01374	0.01118	0.01555	0.01124	0.00863	0.12791	0.04371	0.02581	0.02196	0.15165	0.04895	0.05987	0.00853	0.00213	0.00556	0.00849	0.00538	0.36415
3	0.00995	0.00726	0.00938	0.00905	0.01071	0.00668	0.00681	0.01310	0.01943	0.02714	0.60120	0.08881	0.10831	0.01537	0.00849	0.00232	0.00354	0.03820	0.00765	0.00662
4	0.00868	0.00620	0.00826	0.00991	0.01033	0.00578	0.00661	0.00991	0.01363	0.01818	0.03925	0.74510	0.04710	0.02231	0.00909	0.00289	0.00413	0.02024	0.00661	0.00578
5	0.01035	0.00694	0.00794	0.00794	0.00799	0.00700	0.00453	0.01046	0.01041	0.01393	0.02228	0.04574	0.02551	0.71759	0.06789	0.00711	0.00747	0.01023	0.00429	0.00441
6	0.80005	0.01377	0.01047	0.00936	0.01377	0.01597	0.00771	0.02093	0.01212	0.03195	0.00991	0.01157	0.00771	0.00661	0.00441	0.00220	0.00551	0.00386	0.00441	0.00771
7	0.01558	0.01558	0.02181	0.01869	0.01869	0.02181	0.01558	0.01714	0.01091	0.01714	0.00935	0.01558	0.00935	0.01246	0.02337	0.00312	0.73672	0.00623	0.00312	0.00779
8	0.06179	0.02355	0.01990	0.01646	0.02128	0.24149	0.01308	0.37350	0.10168	0.03395	0.01617	0.01655	0.01205	0.00820	0.00679	0.00208	0.00906	0.00590	0.00592	0.01060
9	0.02894	0.01145	0.01556	0.01216	0.01714	0.00995	0.00995	0.03178	0.02035	0.61649	0.12074	0.02822	0.02444	0.00960	0.00733	0.00221	0.00569	0.00795	0.00868	0.01138
10	0.01345	0.01266	0.02136	0.73264	0.04904	0.01582	0.01978	0.01819	0.01424	0.01819	0.01266	0.01898	0.00949	0.00712	0.00712	0.00237	0.00949	0.00633	0.00316	0.00791
11	0.00966	0.00726	0.00894	0.00852	0.01038	0.00654	0.00639	0.01263	0.01917	0.02621	0.54289	0.05706	0.22734	0.01543	0.00840	0.00228	0.00342	0.01342	0.00753	0.00654
12	0.01237	0.00618	0.00928	0.00928	0.00928	0.00618	0.00618	0.00928	0.00928	0.01237	0.01237	0.02165	0.01237	0.02474	0.02783	0.79283	0.00618	0.00618	0.00309	0.00309
13	0.01904	0.75404	0.03731	0.01218	0.01828	0.02818	0.01218	0.02132	0.01447	0.01675	0.00990	0.01142	0.00914	0.00609	0.00457	0.00152	0.00761	0.00381	0.00305	0.00914
