[name]
unknown

[dist]
# distance from previous block
# <min> <max>
5	30

[block]
# block no. 0 follows, 29 sequences, length 14
# corresponding to MSA columns:
# 38-51
name=unknown_A
#
# <colnr> <probs for GDERKNQSTAVLIFYWHMCP>
#	G	D	E	R	K	N	Q	S	T	A	V	L	I	F	Y	W	H	M	C	P
0	0.01565	0.01118	0.03262	0.01112	0.01403	0.01062	0.00873	0.15776	0.01902	0.08296	0.09338	0.16890	0.10205	0.09450	0.05913	0.00339	0.00644	0.01105	0.06149	0.03598
1	0.01970	0.01225	0.01406	0.01178	0.01564	0.01233	0.00932	0.16984	0.10497	0.19329	0.08289	0.03745	0.19272	0.05519	0.03330	0.00285	0.00609	0.00967	0.00720	0.00947
2	0.00901	0.00648	0.00820	0.00944	0.01003	0.00607	0.00632	0.01019	0.01349	0.01773	0.03981	0.54724	0.10748	0.13349	0.01322	0.00347	0.00460	0.04187	0.00626	0.00561
3	0.01067	0.00758	0.00898	0.00922	0.01009	0.00742	0.00610	0.05599	0.01443	0.01921	0.08752	0.31230	0.09043	0.30492	0.01947	0.00432	0.00536	0.01442	0.00585	0.00573
4	0.07444	0.01005	0.01131	0.01007	0.01276	0.01015	0.00756	0.08057	0.06460	0.14603	0.08223	0.09591	0.05732	0.15019	0.01237	0.00307	0.00531	0.00942	0.14865	0.00798
5	0.05755	0.01088	0.01312	0.01113	0.01480	0.01052	0.00881	0.07595	0.07609	0.27348	0.18457	0.07648	0.07866	0.01150	0.00737	0.00224	0.00504	0.00964	0.06277	0.00940
6	0.04297	0.00968	0.01271	0.01126	0.01431	0.00927	0.00874	0.04586	0.01697	0.28959	0.07672	0.16775	0.05504	0.04791	0.15269	0.00438	0.00810	0.01049	0.00686	0.00869
7	0.01130	0.00794	0.00991	0.01024	0.01145	0.00795	0.00728	0.01352	0.04601	0.06536	0.03983	0.42114	0.15225	0.09530	0.01259	0.00317	0.05610	0.01586	0.00630	0.00650
8	0.01192	0.00769	0.00932	0.00888	0.01113	0.00677	0.00666	0.01431	0.01776	0.10702	0.28464	0.15433	0.30029	0.01629	0.00835	0.00239	0.00389	0.01405	0.00732	0.00698
9	0.02383	0.01667	0.01729	0.05158	0.02011	0.11528	0.01170	0.20088	0.07627	0.22262	0.07126	0.07359	0.02053	0.01140	0.03167	0.00253	0.00776	0.00797	0.00681	0.01024
10	0.01886	0.04546	0.02318	0.05748	0.24687	0.12096	0.06198	0.13117	0.01986	0.02597	0.09605	0.05852	0.01954	0.00871	0.00717	0.00213	0.00828	0.00763	0.03053	0.00965
11	0.01026	0.00762	0.00865	0.00897	0.01089	0.00693	0.00650	0.01315	0.06137	0.05246	0.05487	0.31536	0.37974	0.01862	0.00853	0.00258	0.00406	0.01612	0.00676	0.00657
12	0.00967	0.00739	0.00856	0.00904	0.01063	0.00692	0.00647	0.01290	0.06672	0.02109	0.12772	0.33592	0.27396	0.01822	0.00842	0.00254	0.00393	0.01592	0.04754	0.00643
13	0.01391	0.01115	0.01692	0.13844	0.04275	0.01266	0.05774	0.07242	0.01440	0.01979	0.06332	0.02550	0.01746	0.08870	0.14301	0.15501	0.08834	0.00751	0.00408	0.00687

[dist]
# distance from previous block
# <min> <max>
5	12

[block]
# block no. 1 follows, 29 sequences, length 43
# corresponding to MSA columns:
# 64-106
name=unknown_B
#
# <colnr> <probs for GDERKNQSTAVLIFYWHMCP>
#	G	D	E	R	K	N	Q	S	T	A	V	L	I	F	Y	W	H	M	C	P
0	0.01739	0.01497	0.05341	0.01615	0.09240	0.03510	0.01186	0.09147	0.18568	0.08666	0.05203	0.06069	0.12131	0.01190	0.03197	0.00249	0.00667	0.00868	0.00608	0.09309
1	0.05275	0.01911	0.02540	0.07164	0.25896	0.16364	0.13587	0.02233	0.01649	0.04559	0.01492	0.04710	0.01271	0.01131	0.06838	0.00296	0.01061	0.00693	0.00392	0.00937
2	0.06239	0.01539	0.02205	0.27918	0.20135	0.07010	0.06063	0.02054	0.04298	0.02184	0.05298	0.02323	0.03664	0.00802	0.00711	0.00224	0.00853	0.02703	0.00406	0.03371
3	0.00877	0.00623	0.00824	0.00980	0.01019	0.00584	0.00649	0.00994	0.01346	0.01794	0.03834	0.70761	0.04596	0.06136	0.01055	0.00311	0.00428	0.01971	0.00649	0.00570
4	0.01477	0.01266	0.01477	0.01055	0.01687	0.00949	0.00844	0.01793	0.01477	0.02320	0.01266	0.01477	0.01055	0.00527	0.00527	0.00105	0.00527	0.00422	0.00422	0.79328
5	0.01477	0.01266	0.01477	0.01055	0.01687	0.00949	0.00844	0.01793	0.01477	0.02320	0.01266	0.01477	0.01055	0.00527	0.00527	0.00105	0.00527	0.00422	0.00422	0.79328
6	0.80005	0.01377	0.01047	0.00936	0.01377	0.01597	0.00771	0.02093	0.01212	0.03195	0.00991	0.01157	0.00771	0.00661	0.00441	0.00220	0.00551	0.00386	0.00441	0.00771
7	0.01477	0.01266	0.01477	0.01055	0.01687	0.00949	0.00844	0.01793	0.01477	0.02320	0.01266	0.01477	0.01055	0.00527	0.00527	0.00105	0.00527	0.00422	0.00422	0.79328
8	0.01504	0.01336	0.01830	0.05221	0.14315	0.01129	0.03456	0.01858	0.01536	0.02324	0.04983	0.01770	0.01368	0.00608	0.00596	0.00142	0.00618	0.00531	0.00422	0.54451
9	0.01496	0.01466	0.02626	0.46169	0.20527	0.01641	0.11895	0.01976	0.01510	0.02010	0.01310	0.01869	0.01012	0.00677	0.00729	0.00232	0.00962	0.00664	0.00332	0.00897
10	0.01195	0.00619	0.00916	0.00935	0.00940	0.00614	0.00623	0.00935	0.00977	0.01303	0.01543	0.10414	0.01633	0.02446	0.02569	0.70275	0.00595	0.00779	0.00349	0.00340
11	0.01477	0.01266	0.01477	0.01055	0.01687	0.00949	0.00844	0.01793	0.01477	0.02320	0.01266	0.01477	0.01055	0.00527	0.00527	0.00105	0.00527	0.00422	0.00422	0.79328
12	0.00875	0.00718	0.00770	0.00767	0.00985	0.00614	0.00571	0.01083	0.01687	0.02098	0.19192	0.09498	0.55163	0.01755	0.00844	0.00239	0.00358	0.01484	0.00685	0.00614
13	0.00972	0.00696	0.00884	0.00892	0.01006	0.00650	0.00625	0.01198	0.01689	0.02336	0.41059	0.21473	0.08381	0.13380	0.01300	0.00314	0.00412	0.01429	0.00694	0.00609
14	0.80005	0.01377	0.01047	0.00936	0.01377	0.01597	0.00771	0.02093	0.01212	0.03195	0.00991	0.01157	0.00771	0.00661	0.00441	0.00220	0.00551	0.00386	0.00441	0.00771
15	0.02660	0.03394	0.02018	0.01834	0.02201	0.72116	0.01376	0.02843	0.02018	0.01743	0.01101	0.01284	0.00917	0.00734	0.00642	0.00183	0.01284	0.00459	0.00367	0.00825
16	0.00868	0.00620	0.00826	0.00991	0.01033	0.00578	0.00661	0.00991	0.01363	0.01818	0.03925	0.74510	0.04710	0.02231	0.00909	0.00289	0.00413	0.02024	0.00661	0.00578
17	0.00905	0.00635	0.00815	0.00943	0.00975	0.00603	0.00610	0.01001	0.01290	0.01720	0.03548	0.58879	0.04235	0.18510	0.01517	0.00379	0.00475	0.01803	0.00610	0.00545
18	0.01681	0.01921	0.04202	0.03001	0.03721	0.01801	0.67947	0.02281	0.01681	0.02281	0.01441	0.01921	0.01080	0.00600	0.00840	0.00240	0.01200	0.00840	0.00360	0.00960
19	0.00868	0.00620	0.00826	0.00991	0.01033	0.00578	0.00661	0.00991	0.01363	0.01818	0.03925	0.74510	0.04710	0.02231	0.00909	0.00289	0.00413	0.02024	0.00661	0.00578
20	0.63286	0.01488	0.01256	0.01079	0.01539	0.01708	0.00886	0.13216	0.04875	0.03400	0.01204	0.01322	0.00913	0.00708	0.00500	0.00220	0.00590	0.00449	0.00500	0.00862
21	0.01674	0.01633	0.02764	0.02163	0.07170	0.01533	0.27753	0.06872	0.01673	0.02413	0.01345	0.01696	0.01071	0.00647	0.00828	0.00191	0.06923	0.00636	0.00405	0.30609
22	0.00875	0.00623	0.00824	0.00982	0.01022	0.00583	0.00651	0.00993	0.01349	0.01799	0.03851	0.71441	0.04616	0.05427	0.01028	0.00307	0.00425	0.01981	0.00651	0.00572
23	0.01477	0.01266	0.01477	0.01055	0.01687	0.00949	0.00844	0.01793	0.01477	0.02320	0.01266	0.01477	0.01055	0.00527	0.00527	0.00105	0.00527	0.00422	0.00422	0.79328
24	0.01558	0.01558	0.02181	0.01869	0.01869	0.02181	0.01558	0.01714	0.01091	0.01714	0.00935	0.01558	0.00935	0.01246	0.02337	0.00312	0.73672	0.00623	0.00312	0.00779
25	0.01345	0.01266	0.02136	0.73264	0.04904	0.01582	0.01978	0.01819	0.01424	0.01819	0.01266	0.01898	0.00949	0.00712	0.00712	0.00237	0.00949	0.00633	0.00316	0.00791
26	0.01936	0.72360	0.03659	0.01244	0.01843	0.05746	0.01225	0.02162	0.01471	0.01678	0.00995	0.01148	0.00914	0.00614	0.00465	0.00154	0.00784	0.00384	0.00307	0.00910
27	0.00954	0.00675	0.00894	0.01039	0.01103	0.00648	0.00745	0.01109	0.01386	0.01835	0.03677	0.50302	0.04301	0.11331	0.01268	0.00349	0.00504	0.16671	0.00631	0.00578
28	0.03195	0.01212	0.01652	0.01267	0.01818	0.01047	0.01047	0.03470	0.02038	0.71026	0.02809	0.02424	0.01763	0.00881	0.00716	0.00220	0.00606	0.00716	0.00881	0.01212
29	0.04905	0.01867	0.05314	0.01547	0.02100	0.01909	0.01314	0.48908	0.04895	0.12919	0.01967	0.05714	0.01472	0.00921	0.00714	0.00220	0.00740	0.00717	0.00704	0.01154
30	0.00920	0.00642	0.00811	0.00925	0.00953	0.00613	0.00590	0.01005	0.01261	0.01682	0.03402	0.52795	0.04050	0.24846	0.01753	0.00414	0.00499	0.01717	0.00590	0.00533
31	0.01327	0.00664	0.00664	0.00664	0.00830	0.00664	0.00498	0.01659	0.01493	0.02655	0.02323	0.02655	0.01825	0.00830	0.00498	0.00166	0.00332	0.00664	0.78928	0.00664
32	0.01799	0.33999	0.27339	0.07206	0.02565	0.09701	0.01800	0.04450	0.01590	0.01994	0.01150	0.01364	0.00923	0.00663	0.00583	0.00190	0.00936	0.00469	0.00325	0.00954
33	0.01744	0.01673	0.02857	0.07377	0.67670	0.01687	0.02176	0.02169	0.01613	0.02304	0.01336	0.01768	0.01120	0.00638	0.00705	0.00213	0.00850	0.00634	0.00351	0.01113
34	0.01017	0.00763	0.01144	0.01144	0.01272	0.00890	0.00890	0.01272	0.01144	0.01653	0.01907	0.02797	0.01780	0.05340	0.72153	0.01144	0.01907	0.00763	0.00381	0.00636
35	0.80005	0.01377	0.01047	0.00936	0.01377	0.01597	0.00771	0.02093	0.01212	0.03195	0.00991	0.01157	0.00771	0.00661	0.00441	0.00220	0.00551	0.00386	0.00441	0.00771
36	0.01477	0.01266	0.01477	0.01055	0.01687	0.00949	0.00844	0.01793	0.01477	0.02320	0.01266	0.01477	0.01055	0.00527	0.00527	0.00105	0.00527	0.00422	0.00422	0.79328
37	0.00867	0.00624	0.00822	0.00981	0.01030	0.00579	0.00656	0.00993	0.01374	0.01822	0.04058	0.71777	0.07357	0.02214	0.00906	0.00287	0.00411	0.02003	0.00661	0.00579
38	0.01008	0.00728	0.00952	0.00896	0.01064	0.00672	0.00672	0.01344	0.02016	0.02855	0.70158	0.05319	0.06719	0.01456	0.00840	0.00224	0.00336	0.01288	0.00784	0.00672
39	0.01017	0.00763	0.01144	0.01144	0.01272	0.00890	0.00890	0.01272	0.01144	0.01653	0.01907	0.02797	0.01780	0.05340	0.72153	0.01144	0.01907	0.00763	0.00381	0.00636
40	0.00865	0.00628	0.00817	0.00969	0.01027	0.00580	0.00651	0.00994	0.01385	0.01827	0.04200	0.68849	0.10193	0.02195	0.00903	0.00285	0.00409	0.01981	0.00661	0.00580
41	0.01415	0.01337	0.02263	0.61682	0.15937	0.01600	0.02012	0.01881	0.01457	0.01905	0.01278	0.01876	0.00979	0.00699	0.00711	0.00233	0.00932	0.00633	0.00322	0.00848
42	0.00868	0.00620	0.00826	0.00991	0.01033	0.00578	0.00661	0.00991	0.01363	0.01818	0.03925	0.74510	0.04710	0.02231	0.00909	0.00289	0.00413	0.02024	0.00661	0.00578

[dist]
# distance from previous block
# <min> <max>
0	49

[block]
# block no. 2 follows, 29 sequences, length 94
# corresponding to MSA columns:
# 156-249
name=unknown_C
#
# <colnr> <probs for GDERKNQSTAVLIFYWHMCP>
#	G	D	E	R	K	N	Q	S	T	A	V	L	I	F	Y	W	H	M	C	P
0	0.80005	0.01377	0.01047	0.00936	0.01377	0.01597	0.00771	0.02093	0.01212	0.03195	0.00991	0.01157	0.00771	0.00661	0.00441	0.00220	0.00551	0.00386	0.00441	0.00771
1	0.05802	0.02511	0.02056	0.01864	0.06763	0.31812	0.01379	0.28843	0.07023	0.03020	0.01476	0.01573	0.01127	0.00788	0.00671	0.00203	0.00976	0.00563	0.00531	0.01018
2	0.00962	0.00726	0.00888	0.00848	0.01036	0.00652	0.00636	0.01255	0.01908	0.02599	0.52826	0.05741	0.24211	0.01551	0.00840	0.00228	0.00343	0.01347	0.00750	0.00652
3	0.01893	0.73087	0.03683	0.01239	0.01829	0.02798	0.01229	0.02119	0.01436	0.01677	0.00988	0.01155	0.00914	0.00629	0.00516	0.00157	0.03048	0.00388	0.00305	0.00910
4	0.03144	0.01223	0.01651	0.01273	0.01819	0.01072	0.01049	0.03481	0.04423	0.68611	0.02812	0.02432	0.01777	0.00884	0.00716	0.00221	0.00604	0.00719	0.00876	0.01209
5	0.00842	0.00721	0.00721	0.00721	0.00962	0.00601	0.00541	0.01022	0.01623	0.01924	0.07213	0.06853	0.70244	0.01803	0.00842	0.00240	0.00361	0.01503	0.00661	0.00601
6	0.01771	0.01530	0.01610	0.01449	0.01852	0.01771	0.01127	0.03784	0.69247	0.02979	0.02898	0.02657	0.02174	0.00966	0.00725	0.00242	0.00564	0.00805	0.00725	0.01127
7	0.01771	0.01530	0.01610	0.01449	0.01852	0.01771	0.01127	0.03784	0.69247	0.02979	0.02898	0.02657	0.02174	0.00966	0.00725	0.00242	0.00564	0.00805	0.00725	0.01127
8	0.02606	0.08750	0.02154	0.01777	0.02174	0.62888	0.01363	0.06524	0.02051	0.01895	0.01127	0.01298	0.00934	0.00731	0.00632	0.00183	0.01216	0.00463	0.00382	0.00854
9	0.01940	0.71955	0.03649	0.01248	0.01845	0.06137	0.01226	0.02166	0.01474	0.01679	0.00995	0.01149	0.00914	0.00615	0.00466	0.00154	0.00787	0.00384	0.00308	0.00910
10	0.01477	0.01266	0.01477	0.01055	0.01687	0.00949	0.00844	0.01793	0.01477	0.02320	0.01266	0.01477	0.01055	0.00527	0.00527	0.00105	0.00527	0.00422	0.00422	0.79328
11	0.01836	0.31116	0.30069	0.01838	0.07830	0.04623	0.01858	0.06045	0.01639	0.05260	0.01259	0.01430	0.00982	0.00669	0.00596	0.00194	0.00896	0.00491	0.00359	0.01013
12	0.01053	0.00891	0.00931	0.00892	0.01158	0.00853	0.00677	0.01632	0.15776	0.02242	0.12926	0.05816	0.49365	0.01592	0.00817	0.00239	0.00400	0.01335	0.00687	0.00718
13	0.00842	0.00721	0.00721	0.00721	0.00962	0.00601	0.00541	0.01022	0.01623	0.01924	0.07213	0.06853	0.70244	0.01803	0.00842	0.00240	0.00361	0.01503	0.00661	0.00601
14	0.01361	0.01288	0.02139	0.67915	0.04677	0.01627	0.01946	0.01811	0.01399	0.01811	0.01241	0.01873	0.00948	0.00752	0.00834	0.00243	0.06398	0.00632	0.00316	0.00790
15	0.01443	0.03582	0.67451	0.02085	0.03118	0.01662	0.06365	0.02257	0.01513	0.02257	0.01287	0.01527	0.00912	0.00672	0.00686	0.00226	0.01061	0.00544	0.00304	0.01047
16	0.00842	0.00721	0.00721	0.00721	0.00962	0.00601	0.00541	0.01022	0.01623	0.01924	0.07213	0.06853	0.70244	0.01803	0.00842	0.00240	0.00361	0.01503	0.00661	0.00601
17	0.00868	0.00620	0.00826	0.00991	0.01033	0.00578	0.00661	0.00991	0.01363	0.01818	0.03925	0.74510	0.04710	0.02231	0.00909	0.00289	0.00413	0.02024	0.00661	0.00578
18	0.00950	0.00694	0.00914	0.03959	0.01177	0.00664	0.00692	0.01149	0.01561	0.02124	0.25836	0.38768	0.07656	0.09102	0.01144	0.00303	0.00435	0.01602	0.00665	0.00605
19	0.01628	0.01549	0.02828	0.40278	0.06235	0.01688	0.23760	0.07005	0.01678	0.04327	0.01407	0.01904	0.01043	0.00688	0.00754	0.00235	0.01006	0.00705	0.00379	0.00902
20	0.01684	0.01913	0.04155	0.03050	0.06108	0.01797	0.65598	0.02277	0.01679	0.02283	0.01437	0.01915	0.01082	0.00601	0.00836	0.00239	0.01188	0.00833	0.00360	0.00966
21	0.01904	0.75404	0.03731	0.01218	0.01828	0.02818	0.01218	0.02132	0.01447	0.01675	0.00990	0.01142	0.00914	0.00609	0.00457	0.00152	0.00761	0.00381	0.00305	0.00914
22	0.01813	0.61779	0.16565	0.01372	0.02066	0.02596	0.01487	0.02156	0.01458	0.01785	0.01045	0.01211	0.00912	0.00622	0.00499	0.00166	0.00817	0.00408	0.00304	0.00940
23	0.00992	0.00727	0.00929	0.00879	0.01054	0.00665	0.00659	0.01312	0.01977	0.02765	0.64015	0.05469	0.12919	0.01490	0.00840	0.00226	0.00338	0.01309	0.00772	0.00665
24	0.01036	0.00690	0.00777	0.00777	0.00777	0.00690	0.00431	0.01036	0.01036	0.01381	0.02244	0.04660	0.02589	0.74975	0.03624	0.00690	0.00690	0.01036	0.00431	0.00431
25	0.03178	0.01239	0.01669	0.01280	0.01831	0.01087	0.01057	0.05734	0.02084	0.68698	0.02771	0.02399	0.01743	0.00880	0.00716	0.00220	0.00612	0.00713	0.00875	0.01212
26	0.02707	0.01995	0.02137	0.01638	0.02208	0.02208	0.01353	0.68159	0.03348	0.04488	0.01710	0.01710	0.01211	0.00855	0.00712	0.00214	0.00784	0.00641	0.00712	0.01211
27	0.01345	0.01266	0.02136	0.73264	0.04904	0.01582	0.01978	0.01819	0.01424	0.01819	0.01266	0.01898	0.00949	0.00712	0.00712	0.00237	0.00949	0.00633	0.00316	0.00791
28	0.01477	0.01266	0.01477	0.01055	0.01687	0.00949	0.00844	0.01793	0.01477	0.02320	0.01266	0.01477	0.01055	0.00527	0.00527	0.00105	0.00527	0.00422	0.00422	0.79328
29	0.01491	0.01462	0.02342	0.50642	0.15230	0.04172	0.04617	0.01925	0.01460	0.01909	0.01251	0.01827	0.00981	0.00740	0.00850	0.00238	0.07050	0.00634	0.00325	0.00853
30	0.01771	0.01530	0.01610	0.01449	0.01852	0.01771	0.01127	0.03784	0.69247	0.02979	0.02898	0.02657	0.02174	0.00966	0.00725	0.00242	0.00564	0.00805	0.00725	0.01127
31	0.00874	0.00625	0.00832	0.00987	0.01034	0.00583	0.00662	0.01008	0.01395	0.01867	0.07097	0.71197	0.04806	0.02194	0.00906	0.00286	0.00409	0.01989	0.00667	0.00583
32	0.03195	0.01212	0.01652	0.01267	0.01818	0.01047	0.01047	0.03470	0.02038	0.71026	0.02809	0.02424	0.01763	0.00881	0.00716	0.00220	0.00606	0.00716	0.00881	0.01212
33	0.03195	0.01212	0.01652	0.01267	0.01818	0.01047	0.01047	0.03470	0.02038	0.71026	0.02809	0.02424	0.01763	0.00881	0.00716	0.00220	0.00606	0.00716	0.00881	0.01212
34	0.01054	0.03142	0.03971	0.00944	0.01187	0.00813	0.00765	0.01452	0.04894	0.02619	0.49981	0.05212	0.18413	0.01443	0.00817	0.00226	0.00394	0.01249	0.00723	0.00702
35	0.01549	0.01546	0.02179	0.04864	0.01997	0.02156	0.01575	0.01718	0.01104	0.01718	0.00949	0.01572	0.00935	0.01224	0.02269	0.00308	0.70622	0.00624	0.00312	0.00779
36	0.00868	0.00620	0.00826	0.00991	0.01033	0.00578	0.00661	0.00991	0.01363	0.01818	0.03925	0.74510	0.04710	0.02231	0.00909	0.00289	0.00413	0.02024	0.00661	0.00578
37	0.03195	0.01212	0.01652	0.01267	0.01818	0.01047	0.01047	0.03470	0.02038	0.71026	0.02809	0.02424	0.01763	0.00881	0.00716	0.00220	0.00606	0.00716	0.00881	0.01212
38	0.01017	0.00763	0.01144	0.01144	0.01272	0.00890	0.00890	0.01272	0.01144	0.01653	0.01907	0.02797	0.01780	0.05340	0.72153	0.01144	0.01907	0.00763	0.00381	0.00636
39	0.64311	0.08072	0.03435	0.01069	0.01537	0.07692	0.00916	0.02165	0.01309	0.02911	0.01009	0.01177	0.00800	0.00663	0.00466	0.00211	0.00646	0.00396	0.00418	0.00797
40	0.01389	0.00723	0.00729	0.00707	0.00891	0.00732	0.00536	0.04620	0.01576	0.02736	0.02296	0.02613	0.01798	0.00831	0.00507	0.00168	0.00352	0.00663	0.75445	0.00688
41	0.76504	0.01405	0.01096	0.00968	0.01415	0.01625	0.00798	0.05085	0.01309	0.03253	0.01024	0.01182	0.00791	0.00670	0.00453	0.00220	0.00561	0.00397	0.00453	0.00791
42	0.01904	0.75404	0.03731	0.01218	0.01828	0.02818	0.01218	0.02132	0.01447	0.01675	0.00990	0.01142	0.00914	0.00609	0.00457	0.00152	0.00761	0.00381	0.00305	0.00914
43	0.01008	0.00728	0.00952	0.00896	0.01064	0.00672	0.00672	0.01344	0.02016	0.02855	0.70158	0.05319	0.06719	0.01456	0.00840	0.00224	0.00336	0.01288	0.00784	0.00672
44	0.03195	0.01212	0.01652	0.01267	0.01818	0.01047	0.01047	0.03470	0.02038	0.71026	0.02809	0.02424	0.01763	0.00881	0.00716	0.00220	0.00606	0.00716	0.00881	0.01212
45	0.00868	0.00620	0.00826	0.00991	0.01033	0.00578	0.00661	0.00991	0.01363	0.01818	0.03925	0.74510	0.04710	0.02231	0.00909	0.00289	0.00413	0.02024	0.00661	0.00578
46	0.03195	0.01212	0.01652	0.01267	0.01818	0.01047	0.01047	0.03470	0.02038	0.71026	0.02809	0.02424	0.01763	0.00881	0.00716	0.00220	0.00606	0.00716	0.00881	0.01212
47	0.01477	0.01266	0.01477	0.01055	0.01687	0.00949	0.00844	0.01793	0.01477	0.02320	0.01266	0.01477	0.01055	0.00527	0.00527	0.00105	0.00527	0.00422	0.00422	0.79328
48	0.00942	0.00670	0.00893	0.01040	0.01108	0.00639	0.00746	0.01106	0.01418	0.01884	0.05826	0.53575	0.04494	0.07326	0.01115	0.00324	0.00481	0.15179	0.00647	0.00587
49	0.76968	0.01401	0.01089	0.00964	0.01410	0.01621	0.00794	0.04689	0.01296	0.03246	0.01020	0.01178	0.00788	0.00669	0.00451	0.00220	0.00560	0.00396	0.00451	0.00788
50	0.01535	0.01301	0.01508	0.01083	0.01712	0.01010	0.00868	0.04972	0.01566	0.02424	0.01287	0.01488	0.01062	0.00543	0.00536	0.00111	0.00540	0.00432	0.00436	0.75587
51	0.05244	0.01685	0.02361	0.11674	0.20500	0.06218	0.03719	0.04040	0.01425	0.02062	0.01137	0.01636	0.00992	0.00926	0.01411	0.00258	0.32858	0.00614	0.00346	0.00894
52	0.01237	0.00618	0.00928	0.00928	0.00928	0.00618	0.00618	0.00928	0.00928	0.01237	0.01237	0.02165	0.01237	0.02474	0.02783	0.79283	0.00618	0.00618	0.00309	0.00309
53	0.01762	0.01692	0.02890	0.04371	0.70533	0.01692	0.02185	0.02185	0.01621	0.02326	0.01339	0.01762	0.01128	0.00634	0.00705	0.00211	0.00846	0.00634	0.00352	0.01128
54	0.01337	0.01219	0.02049	0.68047	0.04617	0.01513	0.01880	0.01755	0.01388	0.01777	0.01264	0.01918	0.00970	0.00839	0.00861	0.05938	0.00925	0.00632	0.00316	0.00756
55	0.01136	0.00811	0.01134	0.01298	0.01457	0.00809	0.01127	0.01455	0.01628	0.02118	0.03777	0.10821	0.04124	0.01978	0.00980	0.00326	0.00646	0.63068	0.00656	0.00652
56	0.01345	0.01266	0.02136	0.73264	0.04904	0.01582	0.01978	0.01819	0.01424	0.01819	0.01266	0.01898	0.00949	0.00712	0.00712	0.00237	0.00949	0.00633	0.00316	0.00791
57	0.01345	0.01266	0.02136	0.73264	0.04904	0.01582	0.01978	0.01819	0.01424	0.01819	0.01266	0.01898	0.00949	0.00712	0.00712	0.00237	0.00949	0.00633	0.00316	0.00791
58	0.00842	0.00721	0.00721	0.00721	0.00962	0.00601	0.00541	0.01022	0.01623	0.01924	0.07213	0.06853	0.70244	0.01803	0.00842	0.00240	0.00361	0.01503	0.00661	0.00601
59	0.01327	0.00664	0.00664	0.00664	0.00830	0.00664	0.00498	0.01659	0.01493	0.02655	0.02323	0.02655	0.01825	0.00830	0.00498	0.00166	0.00332	0.00664	0.78928	0.00664
60	0.01147	0.00820	0.01147	0.01311	0.01475	0.00820	0.01147	0.01475	0.01639	0.02131	0.03770	0.08032	0.04098	0.01967	0.00984	0.00328	0.00656	0.65741	0.00656	0.00656
61	0.01428	0.03683	0.71286	0.02030	0.03082	0.01654	0.02631	0.02255	0.01503	0.02255	0.01278	0.01503	0.00902	0.00677	0.00677	0.00226	0.01052	0.00526	0.00301	0.01052
62	0.01737	0.01867	0.02300	0.01945	0.02053	0.12958	0.06267	0.01929	0.01276	0.01759	0.00996	0.01541	0.00942	0.01121	0.01968	0.00287	0.57318	0.00613	0.00324	0.00799
63	0.00868	0.00620	0.00826	0.00991	0.01033	0.00578	0.00661	0.00991	0.01363	0.01818	0.03925	0.74510	0.04710	0.02231	0.00909	0.00289	0.00413	0.02024	0.00661	0.00578
64	0.00868	0.00620	0.00826	0.00991	0.01033	0.00578	0.00661	0.00991	0.01363	0.01818	0.03925	0.74510	0.04710	0.02231	0.00909	0.00289	0.00413	0.02024	0.00661	0.00578
65	0.01771	0.01530	0.01610	0.01449	0.01852	0.01771	0.01127	0.03784	0.69247	0.02979	0.02898	0.02657	0.02174	0.00966	0.00725	0.00242	0.00564	0.00805	0.00725	0.01127
66	0.01813	0.01551	0.01634	0.01458	0.01868	0.01791	0.01137	0.06699	0.66263	0.03047	0.02844	0.02614	0.02130	0.00961	0.00724	0.00240	0.00574	0.00798	0.00724	0.01131
67	0.01720	0.01649	0.02814	0.11377	0.63859	0.01681	0.02164	0.02148	0.01601	0.02275	0.01332	0.01776	0.01110	0.00642	0.00706	0.00214	0.00856	0.00634	0.00349	0.01094
68	0.01345	0.01266	0.02136	0.73264	0.04904	0.01582	0.01978	0.01819	0.01424	0.01819	0.01266	0.01898	0.00949	0.00712	0.00712	0.00237	0.00949	0.00633	0.00316	0.00791
69	0.00868	0.00620	0.00826	0.00991	0.01033	0.00578	0.00661	0.00991	0.01363	0.01818	0.03925	0.74510	0.04710	0.02231	0.00909	0.00289	0.00413	0.02024	0.00661	0.00578
70	0.01494	0.13583	0.61961	0.01918	0.02909	0.01814	0.02436	0.02238	0.01496	0.02175	0.01238	0.01454	0.00904	0.00667	0.00646	0.00215	0.01012	0.00506	0.00301	0.01033
71	0.02653	0.01889	0.02051	0.01588	0.02134	0.02069	0.01305	0.61470	0.03185	0.08173	0.01871	0.04992	0.01398	0.00918	0.00721	0.00217	0.00757	0.00707	0.00720	0.01183
72	0.01036	0.00690	0.00777	0.00777	0.00777	0.00690	0.00431	0.01036	0.01036	0.01381	0.02244	0.04660	0.02589	0.74975	0.03624	0.00690	0.00690	0.01036	0.00431	0.00431
73	0.04889	0.01344	0.01628	0.01387	0.03790	0.01356	0.01078	0.12908	0.16495	0.31955	0.12779	0.02745	0.02468	0.00968	0.00727	0.00224	0.00588	0.00797	0.00778	0.01095
74	0.01920	0.01724	0.02376	0.13565	0.35309	0.07039	0.01788	0.10104	0.08603	0.05654	0.03839	0.01976	0.01412	0.00751	0.00709	0.00217	0.00832	0.00664	0.00466	0.01053
75	0.01583	0.01632	0.02593	0.02100	0.02247	0.02104	0.15085	0.01829	0.01211	0.01829	0.01038	0.01632	0.00964	0.01115	0.02032	0.00297	0.58905	0.00667	0.00321	0.00816
76	0.01345	0.01266	0.02136	0.73264	0.04904	0.01582	0.01978	0.01819	0.01424	0.01819	0.01266	0.01898	0.00949	0.00712	0.00712	0.00237	0.00949	0.00633	0.00316	0.00791
77	0.02974	0.01189	0.01669	0.01300	0.01818	0.01035	0.03086	0.03248	0.01976	0.63716	0.02850	0.07809	0.01962	0.00974	0.00734	0.00226	0.00610	0.00818	0.00849	0.01157
78	0.01748	0.32738	0.27755	0.01690	0.05549	0.02145	0.01758	0.07792	0.01628	0.02214	0.01247	0.01452	0.00998	0.00691	0.00640	0.00193	0.03452	0.00493	0.04835	0.00980
79	0.01428	0.03683	0.71286	0.02030	0.03082	0.01654	0.02631	0.02255	0.01503	0.02255	0.01278	0.01503	0.00902	0.00677	0.00677	0.00226	0.01052	0.00526	0.00301	0.01052
80	0.03195	0.01212	0.01652	0.01267	0.01818	0.01047	0.01047	0.03470	0.02038	0.71026	0.02809	0.02424	0.01763	0.00881	0.00716	0.00220	0.00606	0.00716	0.00881	0.01212
81	0.01794	0.01972	0.05936	0.13467	0.05911	0.01838	0.52369	0.02310	0.01735	0.02364	0.01578	0.02134	0.01224	0.00741	0.00882	0.00270	0.01190	0.00842	0.00413	0.01028
82	0.01589	0.01491	0.01949	0.01691	0.01789	0.03984	0.01389	0.07465	0.03399	0.01981	0.01260	0.01843	0.01164	0.02004	0.15999	0.00463	0.48713	0.00653	0.00374	0.00800
83	0.00868	0.00620	0.00826	0.00991	0.01033	0.00578	0.00661	0.00991	0.01363	0.01818	0.03925	0.74510	0.04710	0.02231	0.00909	0.00289	0.00413	0.02024	0.00661	0.00578
84	0.00975	0.00727	0.00907	0.00862	0.01044	0.00658	0.00646	0.01281	0.01939	0.02674	0.57922	0.05617	0.19067	0.01523	0.00840	0.00227	0.00341	0.01330	0.00760	0.00658
85	0.01578	0.01686	0.05239	0.26824	0.21508	0.01706	0.24470	0.02082	0.01555	0.02119	0.01334	0.01847	0.01039	0.00670	0.00804	0.00233	0.03321	0.00700	0.00340	0.00945
86	0.01884	0.71182	0.03643	0.01256	0.01830	0.02781	0.01238	0.02108	0.01426	0.01677	0.00987	0.01166	0.00915	0.00646	0.00564	0.00161	0.04930	0.00395	0.00305	0.00906
87	0.00991	0.00727	0.00928	0.00878	0.01053	0.00665	0.00658	0.01311	0.01975	0.02760	0.63706	0.05476	0.13229	0.01491	0.00840	0.00226	0.00338	0.01310	0.00771	0.00665
88	0.01247	0.00723	0.00975	0.00972	0.01033	0.00737	0.00676	0.04844	0.01200	0.01647	0.01876	0.11044	0.01948	0.09442	0.06287	0.45649	0.00669	0.03393	0.05182	0.00457
89	0.11954	0.03673	0.06275	0.01548	0.06395	0.01375	0.03391	0.03010	0.12990	0.34894	0.05533	0.02288	0.01802	0.00849	0.00683	0.00222	0.00648	0.00694	0.00690	0.01085
90	0.01346	0.01242	0.02128	0.34235	0.15529	0.01366	0.07773	0.01745	0.01494	0.01985	0.02023	0.15372	0.01983	0.01086	0.00785	0.00251	0.00829	0.07589	0.00423	0.00815
91	0.02946	0.01285	0.01646	0.01284	0.01806	0.01196	0.01054	0.10424	0.06336	0.55640	0.02667	0.02374	0.01732	0.00881	0.00704	0.00218	0.00607	0.00710	0.05315	0.01175
92	0.01579	0.02215	0.18994	0.11475	0.05612	0.01754	0.40103	0.02190	0.01581	0.02194	0.01357	0.01803	0.01019	0.00661	0.00850	0.00239	0.04352	0.00728	0.00339	0.00957
93	0.01925	0.08939	0.04861	0.02110	0.17868	0.06855	0.01426	0.08933	0.23158	0.05873	0.01964	0.02126	0.01545	0.03397	0.03318	0.00262	0.00788	0.00670	0.02944	0.01039

[dist]
# distance from previous block
# <min> <max>
0	2

[block]
# block no. 3 follows, 29 sequences, length 33
# corresponding to MSA columns:
# 252-284
name=unknown_D
#
# <colnr> <probs for GDERKNQSTAVLIFYWHMCP>
#	G	D	E	R	K	N	Q	S	T	A	V	L	I	F	Y	W	H	M	C	P
0	0.59518	0.04983	0.08122	0.07233	0.01941	0.01664	0.03416	0.02094	0.01285	0.02887	0.01058	0.01279	0.00816	0.00662	0.00501	0.00220	0.00665	0.00436	0.00408	0.00813
1	0.04170	0.01992	0.12163	0.07885	0.40605	0.04134	0.10678	0.02268	0.01623	0.05671	0.01393	0.01754	0.01093	0.00657	0.00709	0.00218	0.00921	0.00637	0.00373	0.01057
2	0.05564	0.01195	0.01331	0.01102	0.01531	0.03358	0.00861	0.04332	0.06602	0.14216	0.07873	0.11443	0.10087	0.01068	0.00686	0.00194	0.00531	0.00891	0.00616	0.26520
3	0.00935	0.00718	0.00856	0.00837	0.01023	0.00639	0.00622	0.01198	0.01822	0.02432	0.41850	0.10731	0.30476	0.01641	0.00845	0.00235	0.00351	0.01420	0.00729	0.00639
4	0.02597	0.09378	0.02160	0.01783	0.02170	0.66358	0.01363	0.02784	0.01970	0.01737	0.01091	0.01272	0.00917	0.00723	0.00627	0.00181	0.01241	0.00452	0.00362	0.00833
5	0.00896	0.00640	0.00858	0.01014	0.01070	0.00602	0.00702	0.01045	0.01412	0.01885	0.06543	0.66285	0.04739	0.02178	0.00912	0.00290	0.00430	0.07245	0.00665	0.00588
6	0.01387	0.01309	0.02212	0.66284	0.11553	0.01593	0.01999	0.01856	0.01444	0.01871	0.01273	0.01885	0.00967	0.00704	0.00711	0.00235	0.00939	0.00633	0.00320	0.00825
7	0.01498	0.14143	0.61433	0.01911	0.02899	0.01823	0.02425	0.02237	0.01495	0.02170	0.01236	0.01451	0.00904	0.00667	0.00644	0.00215	0.01010	0.00505	0.00301	0.01032
8	0.00997	0.00726	0.00939	0.00903	0.01070	0.00669	0.00679	0.01314	0.01952	0.02731	0.61283	0.08173	0.10638	0.01525	0.00848	0.00231	0.00351	0.03541	0.00767	0.00663
9	0.00868	0.00620	0.00826	0.00991	0.01033	0.00578	0.00661	0.00991	0.01363	0.01818	0.03925	0.74510	0.04710	0.02231	0.00909	0.00289	0.00413	0.02024	0.00661	0.00578
10	0.80005	0.01377	0.01047	0.00936	0.01377	0.01597	0.00771	0.02093	0.01212	0.03195	0.00991	0.01157	0.00771	0.00661	0.00441	0.00220	0.00551	0.00386	0.00441	0.00771
11	0.21820	0.01252	0.01506	0.01187	0.01711	0.01180	0.00980	0.03136	0.01838	0.54579	0.02368	0.02116	0.01522	0.00828	0.00649	0.00220	0.00593	0.00636	0.00774	0.01105
12	0.01044	0.00687	0.00783	0.00783	0.00783	0.00687	0.00439	0.01031	0.01031	0.01375	0.02203	0.04559	0.02534	0.72055	0.03590	0.03855	0.00687	0.01019	0.00427	0.00427
13	0.02729	0.01958	0.02114	0.01621	0.02190	0.02154	0.01339	0.65157	0.03287	0.07575	0.01761	0.01743	0.01237	0.00856	0.00713	0.00214	0.00775	0.00645	0.00720	0.01211
14	0.01147	0.00820	0.01147	0.01311	0.01475	0.00820	0.01147	0.01475	0.01639	0.02131	0.03770	0.08032	0.04098	0.01967	0.00984	0.00328	0.00656	0.65741	0.00656	0.00656
15	0.02660	0.03394	0.02018	0.01834	0.02201	0.72116	0.01376	0.02843	0.02018	0.01743	0.01101	0.01284	0.00917	0.00734	0.00642	0.00183	0.01284	0.00459	0.00367	0.00825
16	0.02660	0.03394	0.02018	0.01834	0.02201	0.72116	0.01376	0.02843	0.02018	0.01743	0.01101	0.01284	0.00917	0.00734	0.00642	0.00183	0.01284	0.00459	0.00367	0.00825
17	0.01008	0.00728	0.00952	0.00896	0.01064	0.00672	0.00672	0.01344	0.02016	0.02855	0.70158	0.05319	0.06719	0.01456	0.00840	0.00224	0.00336	0.01288	0.00784	0.00672
18	0.01771	0.01530	0.01610	0.01449	0.01852	0.01771	0.01127	0.03784	0.69247	0.02979	0.02898	0.02657	0.02174	0.00966	0.00725	0.00242	0.00564	0.00805	0.00725	0.01127
19	0.01345	0.01266	0.02136	0.73264	0.04904	0.01582	0.01978	0.01819	0.01424	0.01819	0.01266	0.01898	0.00949	0.00712	0.00712	0.00237	0.00949	0.00633	0.00316	0.00791
20	0.01147	0.00820	0.01147	0.01311	0.01475	0.00820	0.01147	0.01475	0.01639	0.02131	0.03770	0.08032	0.04098	0.01967	0.00984	0.00328	0.00656	0.65741	0.00656	0.00656
21	0.00868	0.00620	0.00826	0.00991	0.01033	0.00578	0.00661	0.00991	0.01363	0.01818	0.03925	0.74510	0.04710	0.02231	0.00909	0.00289	0.00413	0.02024	0.00661	0.00578
22	0.00868	0.00620	0.00826	0.00991	0.01033	0.00578	0.00661	0.00991	0.01363	0.01818	0.03925	0.74510	0.04710	0.02231	0.00909	0.00289	0.00413	0.02024	0.00661	0.00578
23	0.80005	0.01377	0.01047	0.00936	0.01377	0.01597	0.00771	0.02093	0.01212	0.03195	0.00991	0.01157	0.00771	0.00661	0.00441	0.00220	0.00551	0.00386	0.00441	0.00771
24	0.01726	0.01655	0.02825	0.10289	0.64896	0.01682	0.02167	0.02154	0.01604	0.02283	0.01333	0.01774	0.01113	0.00641	0.00706	0.00214	0.00855	0.00634	0.00349	0.01099
25	0.01681	0.01921	0.04202	0.03001	0.03721	0.01801	0.67947	0.02281	0.01681	0.02281	0.01441	0.01921	0.01080	0.00600	0.00840	0.00240	0.01200	0.00840	0.00360	0.00960
26	0.01021	0.00748	0.01070	0.01070	0.01171	0.00849	0.00797	0.01224	0.01122	0.01598	0.01976	0.03176	0.01945	0.19502	0.58217	0.01052	0.01660	0.00818	0.00392	0.00594
27	0.01035	0.00693	0.00792	0.00792	0.00798	0.00699	0.00451	0.01046	0.01040	0.01392	0.02229	0.04580	0.02554	0.72002	0.06551	0.00710	0.00742	0.01024	0.00429	0.00440
28	0.80005	0.01377	0.01047	0.00936	0.01377	0.01597	0.00771	0.02093	0.01212	0.03195	0.00991	0.01157	0.00771	0.00661	0.00441	0.00220	0.00551	0.00386	0.00441	0.00771
29	0.05399	0.01334	0.01625	0.01255	0.01788	0.01243	0.01026	0.13989	0.04148	0.39264	0.04656	0.02217	0.01705	0.00832	0.00672	0.00199	0.00601	0.00664	0.03345	0.14037
30	0.39764	0.02250	0.27663	0.01677	0.08670	0.01591	0.01604	0.02133	0.01393	0.02744	0.03865	0.01510	0.01090	0.00696	0.00571	0.00222	0.00760	0.00498	0.00393	0.00907
31	0.02664	0.01973	0.02113	0.01630	0.02192	0.02188	0.01343	0.65224	0.06352	0.04419	0.01764	0.01753	0.01255	0.00860	0.00713	0.00215	0.00774	0.00649	0.00713	0.01207
32	0.02766	0.01210	0.01580	0.01257	0.01734	0.01107	0.01018	0.10367	0.02120	0.52198	0.07487	0.09405	0.02327	0.01047	0.00743	0.00226	0.00589	0.00872	0.00835	0.01114

[dist]
# distance from previous block
# <min> <max>
0	1

[block]
# block no. 4 follows, 29 sequences, length 36
# corresponding to MSA columns:
# 286-321
name=unknown_E
#
# <colnr> <probs for GDERKNQSTAVLIFYWHMCP>
#	G	D	E	R	K	N	Q	S	T	A	V	L	I	F	Y	W	H	M	C	P
0	0.70597	0.01423	0.01153	0.00999	0.01457	0.01622	0.00822	0.07505	0.01398	0.03267	0.01061	0.01215	0.00818	0.00672	0.00466	0.00215	0.00569	0.00408	0.00462	0.03870
1	0.01604	0.01262	0.01490	0.01070	0.01697	0.00956	0.00859	0.01917	0.01518	0.07414	0.01380	0.01547	0.01107	0.00554	0.00541	0.00114	0.00533	0.00444	0.00456	0.73536
2	0.01732	0.02089	0.11984	0.03106	0.18578	0.01784	0.41020	0.06357	0.01749	0.02425	0.01415	0.01821	0.01077	0.00633	0.00782	0.00230	0.01077	0.00743	0.00373	0.01025
3	0.01428	0.03683	0.71286	0.02030	0.03082	0.01654	0.02631	0.02255	0.01503	0.02255	0.01278	0.01503	0.00902	0.00677	0.00677	0.00226	0.01052	0.00526	0.00301	0.01052
4	0.03195	0.01212	0.01652	0.01267	0.01818	0.01047	0.01047	0.03470	0.02038	0.71026	0.02809	0.02424	0.01763	0.00881	0.00716	0.00220	0.00606	0.00716	0.00881	0.01212
5	0.01279	0.01116	0.01820	0.01706	0.04154	0.01129	0.14148	0.01724	0.05703	0.02146	0.03265	0.13757	0.07359	0.01578	0.00985	0.00291	0.04625	0.31888	0.00575	0.00753
6	0.01457	0.08053	0.67170	0.01980	0.03005	0.01725	0.02545	0.02248	0.01500	0.02220	0.01260	0.01481	0.00903	0.00672	0.00663	0.00221	0.01035	0.00517	0.00301	0.01044
7	0.01036	0.00690	0.00777	0.00777	0.00777	0.00690	0.00431	0.01036	0.01036	0.01381	0.02244	0.04660	0.02589	0.74975	0.03624	0.00690	0.00690	0.01036	0.00431	0.00431
8	0.01134	0.00810	0.01132	0.01296	0.01454	0.00808	0.01124	0.01452	0.01626	0.02116	0.03778	0.11206	0.04127	0.01980	0.00980	0.00326	0.00644	0.62698	0.00656	0.00652
9	0.01558	0.01558	0.02181	0.01869	0.01869	0.02181	0.01558	0.01714	0.01091	0.01714	0.00935	0.01558	0.00935	0.01246	0.02337	0.00312	0.73672	0.00623	0.00312	0.00779
10	0.00874	0.00723	0.00766	0.00755	0.00982	0.00615	0.00566	0.01084	0.01699	0.02104	0.19401	0.06556	0.57944	0.01736	0.00841	0.00237	0.00356	0.01461	0.00685	0.00615
11	0.01771	0.01530	0.01610	0.01449	0.01852	0.01771	0.01127	0.03784	0.69247	0.02979	0.02898	0.02657	0.02174	0.00966	0.00725	0.00242	0.00564	0.00805	0.00725	0.01127
12	0.01558	0.01558	0.02181	0.01869	0.01869	0.02181	0.01558	0.01714	0.01091	0.01714	0.00935	0.01558	0.00935	0.01246	0.02337	0.00312	0.73672	0.00623	0.00312	0.00779
13	0.01503	0.03225	0.55279	0.02525	0.16275	0.01667	0.05128	0.02242	0.01533	0.02270	0.01296	0.01570	0.00953	0.00665	0.00689	0.00223	0.01018	0.00560	0.00313	0.01063
14	0.00868	0.00620	0.00826	0.00991	0.01033	0.00578	0.00661	0.00991	0.01363	0.01818	0.03925	0.74510	0.04710	0.02231	0.00909	0.00289	0.00413	0.02024	0.00661	0.00578
15	0.01036	0.00690	0.00777	0.00777	0.00777	0.00690	0.00431	0.01036	0.01036	0.01381	0.02244	0.04660	0.02589	0.74975	0.03624	0.00690	0.00690	0.01036	0.00431	0.00431
16	0.01321	0.00808	0.01224	0.15661	0.01790	0.00881	0.00926	0.03947	0.01131	0.01492	0.01263	0.02091	0.01177	0.02047	0.02275	0.59878	0.00693	0.00622	0.00328	0.00445
17	0.00868	0.00620	0.00826	0.00991	0.01033	0.00578	0.00661	0.00991	0.01363	0.01818	0.03925	0.74510	0.04710	0.02231	0.00909	0.00289	0.00413	0.02024	0.00661	0.00578
18	0.00868	0.00620	0.00826	0.00991	0.01033	0.00578	0.00661	0.00991	0.01363	0.01818	0.03925	0.74510	0.04710	0.02231	0.00909	0.00289	0.00413	0.02024	0.00661	0.00578
19	0.80005	0.01377	0.01047	0.00936	0.01377	0.01597	0.00771	0.02093	0.01212	0.03195	0.00991	0.01157	0.00771	0.00661	0.00441	0.00220	0.00551	0.00386	0.00441	0.00771
20	0.00975	0.00699	0.00911	0.00913	0.01041	0.00650	0.00656	0.01240	0.01802	0.02520	0.50160	0.22375	0.06001	0.05584	0.01006	0.00265	0.00374	0.01456	0.00735	0.00636
21	0.00842	0.00721	0.00721	0.00721	0.00962	0.00601	0.00541	0.01022	0.01623	0.01924	0.07213	0.06853	0.70244	0.01803	0.00842	0.00240	0.00361	0.01503	0.00661	0.00601
22	0.01017	0.00763	0.01144	0.01144	0.01272	0.00890	0.00890	0.01272	0.01144	0.01653	0.01907	0.02797	0.01780	0.05340	0.72153	0.01144	0.01907	0.00763	0.00381	0.00636
23	0.00868	0.00620	0.00826	0.00991	0.01033	0.00578	0.00661	0.00991	0.01363	0.01818	0.03925	0.74510	0.04710	0.02231	0.00909	0.00289	0.00413	0.02024	0.00661	0.00578
24	0.80005	0.01377	0.01047	0.00936	0.01377	0.01597	0.00771	0.02093	0.01212	0.03195	0.00991	0.01157	0.00771	0.00661	0.00441	0.00220	0.00551	0.00386	0.00441	0.00771
25	0.01904	0.75404	0.03731	0.01218	0.01828	0.02818	0.01218	0.02132	0.01447	0.01675	0.00990	0.01142	0.00914	0.00609	0.00457	0.00152	0.00761	0.00381	0.00305	0.00914
26	0.01017	0.00763	0.01144	0.01144	0.01272	0.00890	0.00890	0.01272	0.01144	0.01653	0.01907	0.02797	0.01780	0.05340	0.72153	0.01144	0.01907	0.00763	0.00381	0.00636
27	0.00868	0.00620	0.00826	0.00991	0.01033	0.00578	0.00661	0.00991	0.01363	0.01818	0.03925	0.74510	0.04710	0.02231	0.00909	0.00289	0.00413	0.02024	0.00661	0.00578
28	0.01477	0.01266	0.01477	0.01055	0.01687	0.00949	0.00844	0.01793	0.01477	0.02320	0.01266	0.01477	0.01055	0.00527	0.00527	0.00105	0.00527	0.00422	0.00422	0.79328
29	0.00971	0.00706	0.00806	0.00834	0.00931	0.00664	0.00560	0.01080	0.01337	0.01713	0.06885	0.12169	0.23235	0.36689	0.02186	0.00466	0.00548	0.07136	0.00556	0.00526
30	0.01237	0.00618	0.00928	0.00928	0.00928	0.00618	0.00618	0.00928	0.00928	0.01237	0.01237	0.02165	0.01237	0.02474	0.02783	0.79283	0.00618	0.00618	0.00309	0.00309
31	0.01345	0.01266	0.02136	0.73264	0.04904	0.01582	0.01978	0.01819	0.01424	0.01819	0.01266	0.01898	0.00949	0.00712	0.00712	0.00237	0.00949	0.00633	0.00316	0.00791
32	0.01214	0.00619	0.00921	0.00932	0.00934	0.00616	0.00621	0.00932	0.00954	0.01272	0.01401	0.06572	0.01448	0.02459	0.02669	0.74470	0.00606	0.00704	0.00331	0.00326
33	0.00955	0.00722	0.00881	0.00850	0.01034	0.00648	0.00634	0.01239	0.01880	0.02552	0.49788	0.08275	0.24770	0.01583	0.00843	0.00231	0.00346	0.01376	0.00744	0.00648
34	0.01904	0.75404	0.03731	0.01218	0.01828	0.02818	0.01218	0.02132	0.01447	0.01675	0.00990	0.01142	0.00914	0.00609	0.00457	0.00152	0.00761	0.00381	0.00305	0.00914
35	0.01444	0.01231	0.01442	0.01051	0.01652	0.00929	0.00834	0.01750	0.01470	0.02293	0.01408	0.05387	0.01250	0.00619	0.00548	0.00115	0.00521	0.00508	0.00435	0.75112

[dist]
# distance from previous block
# <min> <max>
0	1

[block]
# block no. 5 follows, 29 sequences, length 30
# corresponding to MSA columns:
# 323-352
name=unknown_F
#
# <colnr> <probs for GDERKNQSTAVLIFYWHMCP>
#	G	D	E	R	K	N	Q	S	T	A	V	L	I	F	Y	W	H	M	C	P
0	0.01366	0.01124	0.01521	0.01375	0.01505	0.01392	0.01093	0.09015	0.01371	0.01970	0.01637	0.02484	0.01545	0.09821	0.37989	0.00760	0.22169	0.00733	0.00404	0.00724
1	0.76272	0.01474	0.01093	0.00980	0.01417	0.05001	0.00800	0.02129	0.01251	0.03125	0.00997	0.01163	0.00778	0.00665	0.00450	0.00219	0.00586	0.00389	0.00437	0.00774
2	0.01327	0.00664	0.00664	0.00664	0.00830	0.00664	0.00498	0.01659	0.01493	0.02655	0.02323	0.02655	0.01825	0.00830	0.00498	0.00166	0.00332	0.00664	0.78928	0.00664
3	0.01428	0.03683	0.71286	0.02030	0.03082	0.01654	0.02631	0.02255	0.01503	0.02255	0.01278	0.01503	0.00902	0.00677	0.00677	0.00226	0.01052	0.00526	0.00301	0.01052
4	0.01798	0.01918	0.06984	0.04072	0.62217	0.06045	0.02162	0.02230	0.01639	0.02286	0.01321	0.01717	0.01101	0.00643	0.00699	0.00211	0.00886	0.00617	0.00350	0.01105
5	0.01663	0.02006	0.14537	0.10091	0.49019	0.01682	0.06310	0.02170	0.01587	0.02266	0.01329	0.01740	0.01070	0.00646	0.00709	0.00218	0.00912	0.00629	0.00341	0.01074
6	0.01147	0.00820	0.01147	0.01311	0.01475	0.00820	0.01147	0.01475	0.01639	0.02131	0.03770	0.08032	0.04098	0.01967	0.00984	0.00328	0.00656	0.65741	0.00656	0.00656
7	0.01369	0.01290	0.02179	0.69273	0.08706	0.01588	0.01990	0.01841	0.01435	0.01849	0.01270	0.01891	0.00960	0.00707	0.00712	0.00236	0.00943	0.00633	0.00318	0.00811
8	0.01590	0.22392	0.45150	0.02017	0.06880	0.01972	0.06271	0.02220	0.01507	0.02108	0.01216	0.01450	0.00930	0.00651	0.00630	0.00206	0.00972	0.00514	0.00309	0.01015
9	0.01008	0.00728	0.00952	0.00896	0.01064	0.00672	0.00672	0.01344	0.02016	0.02855	0.70158	0.05319	0.06719	0.01456	0.00840	0.00224	0.00336	0.01288	0.00784	0.00672
10	0.01428	0.03683	0.71286	0.02030	0.03082	0.01654	0.02631	0.02255	0.01503	0.02255	0.01278	0.01503	0.00902	0.00677	0.00677	0.00226	0.01052	0.00526	0.00301	0.01052
11	0.01762	0.01692	0.02890	0.04371	0.70533	0.01692	0.02185	0.02185	0.01621	0.02326	0.01339	0.01762	0.01128	0.00634	0.00705	0.00211	0.00846	0.00634	0.00352	0.01128
12	0.01365	0.01305	0.02261	0.69003	0.04833	0.01595	0.05978	0.01847	0.01439	0.01847	0.01276	0.01900	0.00957	0.00705	0.00720	0.00237	0.00964	0.00645	0.00319	0.00801
13	0.00984	0.00727	0.00919	0.00871	0.01049	0.00662	0.00653	0.01298	0.01960	0.02723	0.61205	0.05537	0.15754	0.01505	0.00840	0.00226	0.00339	0.01318	0.00766	0.00662
14	0.01904	0.75404	0.03731	0.01218	0.01828	0.02818	0.01218	0.02132	0.01447	0.01675	0.00990	0.01142	0.00914	0.00609	0.00457	0.00152	0.00761	0.00381	0.00305	0.00914
15	0.01918	0.57939	0.08183	0.01612	0.08237	0.08177	0.01417	0.02202	0.01512	0.01780	0.01051	0.01235	0.00933	0.00626	0.00510	0.00165	0.00831	0.00420	0.00314	0.00936
