[name]
unknown

[dist]
# distance from previous block
# <min> <max>
2	25

[block]
# block no. 0 follows, 27 sequences, length 67
# corresponding to MSA columns:
# 26-92
name=unknown_A
#
# <colnr> <probs for GDERKNQSTAVLIFYWHMCP>
#	G	D	E	R	K	N	Q	S	T	A	V	L	I	F	Y	W	H	M	C	P
0	0.14889	0.12494	0.07379	0.01588	0.04731	0.01843	0.02958	0.10162	0.06650	0.12161	0.01636	0.01796	0.01250	0.01038	0.03283	0.02757	0.07487	0.00594	0.00522	0.04784
1	0.20252	0.05513	0.14667	0.08373	0.04558	0.01709	0.05321	0.11654	0.01858	0.10148	0.04260	0.01833	0.01331	0.00771	0.00659	0.00223	0.00802	0.00605	0.00509	0.04954
2	0.07727	0.02304	0.22321	0.04333	0.08491	0.04996	0.09708	0.08182	0.04841	0.02672	0.05905	0.02656	0.01798	0.00913	0.00754	0.00240	0.00909	0.07383	0.00475	0.03391
3	0.04375	0.01794	0.18555	0.15333	0.05458	0.01305	0.01710	0.02062	0.01653	0.09051	0.05174	0.06364	0.02302	0.01158	0.00798	0.00259	0.00814	0.16630	0.00520	0.04687
4	0.13196	0.01755	0.01985	0.06567	0.02292	0.01939	0.04232	0.38999	0.06018	0.06300	0.01793	0.01890	0.01301	0.00845	0.00690	0.00224	0.00755	0.00654	0.07464	0.01101
5	0.00909	0.00654	0.00854	0.01013	0.01065	0.00608	0.00675	0.01037	0.01424	0.01886	0.04204	0.68030	0.07966	0.04562	0.01033	0.00312	0.00437	0.02051	0.00682	0.00599
6	0.01926	0.64889	0.09366	0.01374	0.02017	0.02803	0.01411	0.02212	0.01495	0.01799	0.01054	0.01244	0.00953	0.00673	0.00591	0.00173	0.04320	0.00422	0.00318	0.00958
7	0.06173	0.01428	0.02596	0.02070	0.02436	0.01476	0.28772	0.01806	0.01516	0.02180	0.02317	0.25637	0.02424	0.01337	0.01122	0.00280	0.12037	0.03090	0.00485	0.00819
8	0.00904	0.00646	0.00861	0.01034	0.01077	0.00603	0.00689	0.01034	0.01421	0.01895	0.04092	0.73426	0.04910	0.02326	0.00948	0.00301	0.00431	0.02110	0.00689	0.00603
9	0.01652	0.01386	0.01600	0.01153	0.01807	0.01105	0.00926	0.07583	0.01711	0.02618	0.01360	0.01561	0.01114	0.00580	0.00567	0.00120	0.00573	0.00460	0.00466	0.71657
10	0.02791	0.01683	0.01947	0.01523	0.02059	0.01771	0.01252	0.35283	0.06831	0.26728	0.02514	0.02366	0.04958	0.00974	0.00818	0.00232	0.03526	0.00751	0.00785	0.01207
11	0.03169	0.01490	0.07736	0.01391	0.02011	0.01147	0.01236	0.03506	0.02076	0.63860	0.02788	0.02442	0.01759	0.00900	0.00743	0.00230	0.00673	0.00729	0.00866	0.01249
12	0.00917	0.00656	0.00873	0.01025	0.01080	0.00612	0.00690	0.01066	0.01481	0.01990	0.09793	0.67453	0.05094	0.02255	0.00941	0.00296	0.00424	0.02043	0.00700	0.00612
13	0.00924	0.00672	0.00871	0.00994	0.01075	0.00620	0.00680	0.01091	0.01547	0.02066	0.14065	0.57353	0.10970	0.02165	0.00931	0.00287	0.00414	0.01947	0.00708	0.00620
14	0.06748	0.01605	0.11738	0.01367	0.01978	0.01180	0.01272	0.03193	0.01949	0.50584	0.02551	0.02338	0.01658	0.00871	0.00706	0.00226	0.00673	0.00695	0.07505	0.01166
15	0.01885	0.01614	0.01700	0.01518	0.01945	0.01864	0.01184	0.06407	0.65414	0.03167	0.02973	0.02731	0.02227	0.01003	0.00755	0.00251	0.00597	0.00833	0.00755	0.01178
16	0.00927	0.00754	0.00821	0.00804	0.01033	0.00648	0.00603	0.01162	0.01810	0.02284	0.25130	0.06686	0.51195	0.01776	0.00877	0.00246	0.00369	0.01502	0.00726	0.00648
17	0.01144	0.00828	0.01129	0.01285	0.01452	0.00813	0.01098	0.01454	0.01684	0.02175	0.04264	0.13680	0.10091	0.02058	0.01006	0.00330	0.00635	0.53518	0.00685	0.00672
18	0.01835	0.01501	0.01606	0.01440	0.01848	0.01701	0.01121	0.03678	0.58706	0.06226	0.06100	0.03092	0.05706	0.01068	0.00766	0.00250	0.00569	0.00892	0.00763	0.01132
19	0.01865	0.01817	0.02986	0.04478	0.67289	0.03819	0.02253	0.02299	0.01703	0.02407	0.01389	0.01823	0.01169	0.00665	0.00733	0.00220	0.00896	0.00656	0.00368	0.01167
20	0.00904	0.00646	0.00861	0.01034	0.01077	0.00603	0.00689	0.01034	0.01421	0.01895	0.04092	0.73426	0.04910	0.02326	0.00948	0.00301	0.00431	0.02110	0.00689	0.00603
21	0.01985	0.74357	0.03890	0.01270	0.01905	0.02937	0.01270	0.02223	0.01508	0.01747	0.01032	0.01191	0.00953	0.00635	0.00476	0.00159	0.00794	0.00397	0.00318	0.00953
22	0.00993	0.00761	0.00912	0.00887	0.01090	0.00680	0.00673	0.01282	0.01930	0.02578	0.42882	0.06277	0.30009	0.01678	0.00883	0.00245	0.00376	0.04428	0.00763	0.00672
23	0.07184	0.01492	0.01803	0.01382	0.01963	0.01430	0.01139	0.19928	0.02379	0.42593	0.02369	0.02164	0.01559	0.00863	0.00711	0.00216	0.00669	0.00678	0.00801	0.08675
24	0.02822	0.02079	0.02228	0.01708	0.02302	0.02302	0.01411	0.66804	0.03490	0.04679	0.01782	0.01782	0.01262	0.00891	0.00743	0.00223	0.00817	0.00668	0.00743	0.01262
25	0.00881	0.00736	0.00768	0.00794	0.01014	0.00623	0.00583	0.01061	0.01652	0.01989	0.07012	0.16976	0.59475	0.01946	0.00888	0.00258	0.00384	0.01647	0.00689	0.00623
26	0.01467	0.00907	0.01100	0.14289	0.01781	0.00984	0.00883	0.06375	0.01675	0.02697	0.02249	0.05995	0.01831	0.00915	0.00598	0.00197	0.00505	0.00753	0.54046	0.00753
27	0.02867	0.02008	0.02183	0.01674	0.02266	0.02196	0.01383	0.61245	0.03370	0.10408	0.01883	0.01848	0.01313	0.00894	0.00743	0.00223	0.00801	0.00675	0.00758	0.01263
28	0.01178	0.00747	0.00970	0.01024	0.01163	0.00685	0.00731	0.01372	0.01635	0.08506	0.16044	0.42737	0.10520	0.04924	0.01029	0.00297	0.00453	0.04577	0.00724	0.00683
29	0.06582	0.01343	0.01740	0.01340	0.01911	0.01223	0.01107	0.09115	0.02207	0.61175	0.02746	0.02404	0.01742	0.00906	0.00734	0.00229	0.00645	0.00725	0.00883	0.01243
30	0.02345	0.01626	0.01775	0.01429	0.01884	0.01757	0.01154	0.44401	0.02870	0.06733	0.06290	0.08501	0.02061	0.01053	0.00735	0.00223	0.00674	0.00844	0.12562	0.01082
31	0.01846	0.01595	0.01679	0.01511	0.01930	0.01846	0.01175	0.03945	0.67938	0.03105	0.03022	0.02770	0.02266	0.01007	0.00755	0.00252	0.00588	0.00839	0.00755	0.01175
32	0.01528	0.00831	0.00846	0.00794	0.01009	0.00854	0.00608	0.08260	0.01751	0.02959	0.02358	0.02669	0.01839	0.00868	0.00541	0.00178	0.00393	0.00690	0.70275	0.00749
33	0.01887	0.01720	0.02675	0.16509	0.31843	0.01840	0.07609	0.11608	0.11657	0.02740	0.01685	0.02008	0.01309	0.00757	0.00753	0.00233	0.00883	0.00707	0.00471	0.01105
34	0.02435	0.01559	0.01731	0.01446	0.01926	0.03661	0.01154	0.12366	0.31436	0.24887	0.05036	0.02739	0.04206	0.00999	0.00756	0.00238	0.00642	0.00814	0.00795	0.01174
35	0.01041	0.00708	0.00817	0.00848	0.00864	0.00696	0.00497	0.01071	0.01163	0.01541	0.02840	0.17170	0.05496	0.58532	0.03168	0.00628	0.00656	0.01281	0.00501	0.00484
36	0.01912	0.02019	0.02369	0.27620	0.17291	0.18310	0.01864	0.04871	0.01704	0.02086	0.01261	0.01734	0.01030	0.00822	0.00982	0.00239	0.11980	0.00616	0.00366	0.00923
37	0.02727	0.01763	0.02009	0.01565	0.02092	0.01892	0.01287	0.44232	0.02964	0.18821	0.07905	0.02271	0.01883	0.00970	0.00829	0.00230	0.03853	0.00744	0.00770	0.01194
38	0.01457	0.00763	0.00770	0.00744	0.00938	0.00774	0.00564	0.05042	0.01655	0.02865	0.02389	0.02718	0.01870	0.00866	0.00530	0.00176	0.00370	0.00691	0.74098	0.00721
39	0.02993	0.01189	0.01614	0.01263	0.01778	0.01033	0.01033	0.03289	0.02121	0.59883	0.12712	0.02975	0.02604	0.01008	0.00766	0.00230	0.00590	0.00835	0.00904	0.01180
40	0.02236	0.01723	0.02187	0.06124	0.05001	0.01887	0.07091	0.33599	0.10385	0.06286	0.02031	0.05546	0.01595	0.01159	0.04003	0.00280	0.03169	0.00786	0.03811	0.01102
41	0.01634	0.08006	0.02664	0.12431	0.02687	0.02111	0.11540	0.02026	0.04717	0.01955	0.01250	0.01799	0.01094	0.01187	0.04037	0.00313	0.38644	0.00678	0.00357	0.00869
42	0.01003	0.00807	0.00908	0.00915	0.01147	0.00731	0.00715	0.01333	0.04784	0.02275	0.18538	0.06827	0.44170	0.01797	0.00894	0.00261	0.00428	0.11076	0.00716	0.00674
43	0.00950	0.00681	0.00881	0.01008	0.01070	0.00632	0.00667	0.01071	0.01383	0.01858	0.03768	0.62159	0.04490	0.11152	0.01284	0.00346	0.00471	0.01918	0.00650	0.03560
44	0.02216	0.01716	0.01956	0.01791	0.07890	0.01925	0.01323	0.31948	0.20245	0.03636	0.02113	0.02168	0.01588	0.00924	0.00821	0.00230	0.05107	0.00716	0.10555	0.01131
45	0.01080	0.00720	0.00810	0.00810	0.00810	0.00720	0.00450	0.01080	0.01080	0.01439	0.02339	0.04858	0.02699	0.73910	0.03779	0.00720	0.00720	0.01080	0.00450	0.00450
46	0.01034	0.00827	0.00941	0.00998	0.01176	0.00796	0.00714	0.01477	0.11390	0.02116	0.05223	0.38004	0.28627	0.01962	0.00893	0.00275	0.00433	0.01717	0.00699	0.00697
47	0.01592	0.01354	0.01566	0.01135	0.01783	0.01066	0.00908	0.03962	0.04350	0.02517	0.01404	0.01598	0.01153	0.00579	0.00564	0.00119	0.00560	0.00463	0.00462	0.72862
48	0.02613	0.02767	0.02096	0.01804	0.02234	0.38565	0.01405	0.21819	0.10724	0.02819	0.01561	0.01663	0.01212	0.00860	0.00792	0.00215	0.04716	0.00588	0.00532	0.01016
49	0.01069	0.00723	0.00816	0.00813	0.00832	0.00715	0.00467	0.01094	0.01155	0.01537	0.05738	0.04990	0.05786	0.67327	0.03514	0.00676	0.00687	0.01113	0.00478	0.00469
50	0.01700	0.01757	0.02350	0.01995	0.02049	0.06459	0.04272	0.01883	0.01221	0.01813	0.01007	0.01622	0.00980	0.01239	0.02264	0.00314	0.65275	0.00648	0.00330	0.00823
51	0.00910	0.00666	0.00856	0.00994	0.01070	0.00612	0.00675	0.01060	0.01495	0.01974	0.08460	0.61345	0.12708	0.02223	0.00935	0.00291	0.00419	0.01998	0.00697	0.00612
52	0.01044	0.00756	0.00936	0.01011	0.01109	0.00714	0.00679	0.03777	0.01463	0.01958	0.03710	0.51492	0.07232	0.15035	0.01426	0.00362	0.00502	0.01759	0.00636	0.04401
53	0.04518	0.50128	0.14200	0.01492	0.02159	0.12786	0.01517	0.02352	0.01598	0.01906	0.01098	0.01274	0.00946	0.00667	0.00541	0.00178	0.00916	0.00434	0.00331	0.00957
54	0.01061	0.00860	0.00955	0.00913	0.01157	0.00806	0.00690	0.01547	0.10127	0.02496	0.29226	0.06017	0.38145	0.01639	0.00861	0.00245	0.00393	0.01394	0.00744	0.00722
55	0.03224	0.01435	0.01829	0.01402	0.01981	0.01346	0.01158	0.16906	0.02412	0.56099	0.02688	0.02370	0.01717	0.00913	0.00746	0.00228	0.00671	0.00730	0.00882	0.01263
56	0.01407	0.01090	0.01319	0.01087	0.01536	0.00864	0.00825	0.01667	0.01526	0.05305	0.02326	0.25790	0.02416	0.01165	0.00693	0.00180	0.00513	0.01016	0.00546	0.48728
57	0.02460	0.01856	0.02030	0.01549	0.02140	0.01948	0.01271	0.49396	0.02955	0.04047	0.01684	0.01770	0.01248	0.00992	0.03383	0.00234	0.00800	0.00621	0.00660	0.18957
58	0.06378	0.01137	0.01304	0.04440	0.01692	0.03886	0.01055	0.04508	0.04560	0.12664	0.04144	0.05665	0.19389	0.01551	0.00861	0.00276	0.00634	0.24351	0.00684	0.00822
59	0.05776	0.27964	0.33206	0.01835	0.05089	0.10210	0.01965	0.02367	0.01599	0.02133	0.01194	0.01403	0.00949	0.00686	0.00611	0.00203	0.00986	0.00485	0.00332	0.01008
60	0.01184	0.00922	0.01177	0.07385	0.01621	0.00975	0.00925	0.04090	0.11368	0.02171	0.03562	0.42907	0.06423	0.04541	0.04853	0.00349	0.00619	0.03547	0.00645	0.00734
61	0.00941	0.00693	0.00884	0.00985	0.01092	0.00636	0.00694	0.01130	0.01605	0.02130	0.16777	0.47232	0.15433	0.02091	0.00926	0.00283	0.00418	0.04706	0.00713	0.00629
62	0.04854	0.01360	0.02146	0.56463	0.08526	0.01640	0.01900	0.04037	0.04183	0.02178	0.04615	0.02132	0.01339	0.00787	0.00736	0.00244	0.00913	0.00689	0.00391	0.00867
63	0.08379	0.01322	0.01490	0.01105	0.01716	0.01073	0.00881	0.03934	0.01572	0.02547	0.01441	0.04946	0.01260	0.00658	0.00567	0.00133	0.00555	0.00523	0.00463	0.65436
64	0.00904	0.00646	0.00861	0.01034	0.01077	0.00603	0.00689	0.01034	0.01421	0.01895	0.04092	0.73426	0.04910	0.02326	0.00948	0.00301	0.00431	0.02110	0.00689	0.00603
65	0.00904	0.00650	0.00858	0.01024	0.01074	0.00604	0.00685	0.01035	0.01431	0.01899	0.04209	0.71154	0.07106	0.02311	0.00945	0.00300	0.00429	0.02092	0.00689	0.00604
66	0.01410	0.01169	0.01373	0.01058	0.01567	0.00912	0.00807	0.01677	0.01472	0.02242	0.01770	0.10536	0.01742	0.09312	0.00974	0.00204	0.00555	0.00714	0.00471	0.60035

[dist]
# distance from previous block
# <min> <max>
0	1

[block]
# block no. 1 follows, 27 sequences, length 118
# corresponding to MSA columns:
# 94-211
name=unknown_B
#
# <colnr> <probs for GDERKNQSTAVLIFYWHMCP>
#	G	D	E	R	K	N	Q	S	T	A	V	L	I	F	Y	W	H	M	C	P
0	0.01665	0.01546	0.01597	0.01182	0.01814	0.08124	0.00936	0.01981	0.01597	0.02358	0.01302	0.01519	0.01085	0.00572	0.00562	0.00118	0.00630	0.00444	0.00434	0.70534
1	0.02773	0.03538	0.02104	0.01913	0.02295	0.70930	0.01434	0.02964	0.02104	0.01817	0.01148	0.01339	0.00956	0.00765	0.00669	0.00191	0.01339	0.00478	0.00383	0.00861
2	0.01735	0.01459	0.02068	0.01487	0.02154	0.01193	0.12330	0.04196	0.01678	0.06880	0.01471	0.01692	0.01158	0.00598	0.00626	0.00146	0.00686	0.00543	0.00470	0.57429
3	0.01366	0.01127	0.01783	0.01702	0.06330	0.01256	0.07988	0.05768	0.01420	0.02007	0.01820	0.05522	0.01695	0.03615	0.38919	0.07805	0.07891	0.00816	0.00415	0.00753
4	0.00926	0.00666	0.00884	0.01051	0.01110	0.00623	0.00725	0.01074	0.01452	0.01924	0.04187	0.66299	0.06870	0.02290	0.00951	0.00303	0.00449	0.06918	0.00689	0.00610
5	0.01882	0.01818	0.05500	0.26931	0.11550	0.04170	0.07621	0.15184	0.10394	0.02724	0.01637	0.01974	0.01237	0.00803	0.00808	0.00240	0.03333	0.00692	0.00475	0.01028
6	0.02650	0.01991	0.02167	0.04859	0.02388	0.02222	0.01414	0.56910	0.10545	0.04379	0.01899	0.01901	0.01361	0.00897	0.00744	0.00227	0.00799	0.00687	0.00725	0.01233
7	0.00931	0.00665	0.00892	0.01064	0.01118	0.00626	0.00735	0.01079	0.01447	0.01925	0.04077	0.67564	0.04853	0.02301	0.00955	0.00305	0.00453	0.07713	0.00689	0.00610
8	0.01825	0.01756	0.02971	0.04408	0.65451	0.01793	0.02241	0.02250	0.01659	0.02389	0.01372	0.01825	0.01164	0.00698	0.00832	0.00226	0.04957	0.00661	0.00365	0.01155
9	0.00977	0.00712	0.00919	0.00961	0.01087	0.00654	0.00685	0.01223	0.01788	0.02453	0.37255	0.33771	0.10994	0.01881	0.00906	0.00263	0.00386	0.01678	0.00754	0.00654
10	0.02056	0.67975	0.03729	0.01328	0.01940	0.09065	0.01285	0.02290	0.01562	0.01753	0.01042	0.01204	0.00953	0.00647	0.00494	0.00162	0.00843	0.00404	0.00323	0.00944
11	0.01384	0.00692	0.00692	0.00692	0.00865	0.00692	0.00519	0.01730	0.01557	0.02768	0.02422	0.02768	0.01903	0.00865	0.00519	0.00173	0.00346	0.00692	0.78031	0.00692
12	0.37741	0.04673	0.01498	0.05809	0.01848	0.01610	0.01057	0.08765	0.06896	0.08542	0.01857	0.02500	0.01545	0.00931	0.00626	0.00240	0.00645	0.08450	0.03861	0.00905
13	0.01430	0.01354	0.02312	0.62642	0.09691	0.01632	0.04145	0.01914	0.01506	0.01952	0.01418	0.04211	0.01131	0.00782	0.00752	0.00247	0.00973	0.00712	0.00345	0.00849
14	0.00904	0.00646	0.00861	0.01034	0.01077	0.00603	0.00689	0.01034	0.01421	0.01895	0.04092	0.73426	0.04910	0.02326	0.00948	0.00301	0.00431	0.02110	0.00689	0.00603
15	0.15533	0.49487	0.03096	0.01330	0.01891	0.14425	0.01217	0.02344	0.01568	0.02034	0.01052	0.01219	0.00927	0.00667	0.00507	0.00177	0.00850	0.00412	0.00353	0.00911
16	0.02089	0.57449	0.07895	0.01437	0.02058	0.14676	0.01395	0.02360	0.01616	0.01798	0.01072	0.01241	0.00953	0.00662	0.00525	0.00169	0.00908	0.00421	0.00329	0.00946
17	0.02822	0.02079	0.02228	0.01708	0.02302	0.02302	0.01411	0.66804	0.03490	0.04679	0.01782	0.01782	0.01262	0.00891	0.00743	0.00223	0.00817	0.00668	0.00743	0.01262
18	0.03110	0.01618	0.01942	0.01489	0.02072	0.01618	0.01230	0.31085	0.02718	0.41488	0.02430	0.02203	0.01588	0.00907	0.00745	0.00227	0.00712	0.00713	0.00842	0.01263
19	0.00890	0.00725	0.00788	0.00831	0.01025	0.00623	0.00601	0.01068	0.01635	0.02007	0.08555	0.24307	0.50396	0.01984	0.00896	0.00263	0.00389	0.01701	0.00693	0.00623
20	0.01901	0.42520	0.15753	0.04770	0.05322	0.02355	0.07481	0.02313	0.01582	0.05645	0.01268	0.01477	0.01029	0.00666	0.00594	0.00190	0.00887	0.00511	0.00361	0.03376
21	0.01080	0.00806	0.01026	0.01116	0.03985	0.00817	0.00760	0.01276	0.01440	0.01990	0.06237	0.20907	0.18058	0.11733	0.12871	0.00472	0.04016	0.01317	0.09449	0.00646
22	0.00913	0.00652	0.00871	0.01043	0.01090	0.00610	0.00703	0.01048	0.01429	0.01904	0.04087	0.71588	0.04892	0.02318	0.00950	0.00303	0.00438	0.03867	0.00689	0.00605
23	0.01032	0.00713	0.00917	0.00982	0.01107	0.00651	0.00692	0.01236	0.01671	0.04717	0.22661	0.43728	0.13136	0.01993	0.00911	0.00274	0.00409	0.01779	0.00734	0.00658
24	0.01548	0.01571	0.02967	0.44811	0.10156	0.01730	0.22277	0.02080	0.01586	0.02092	0.01383	0.01975	0.01048	0.00699	0.00784	0.00246	0.01062	0.00728	0.00347	0.00910
25	0.01553	0.01332	0.01546	0.01118	0.01767	0.01028	0.00893	0.01963	0.04531	0.02450	0.01396	0.01595	0.01152	0.00570	0.00559	0.00116	0.00551	0.00458	0.00454	0.74966
26	0.07646	0.02005	0.02064	0.01636	0.02187	0.04239	0.01335	0.50872	0.13362	0.04260	0.01908	0.01886	0.01380	0.00892	0.00724	0.00227	0.00781	0.00672	0.00715	0.01207
27	0.00904	0.00646	0.00861	0.01034	0.01077	0.00603	0.00689	0.01034	0.01421	0.01895	0.04092	0.73426	0.04910	0.02326	0.00948	0.00301	0.00431	0.02110	0.00689	0.00603
28	0.01559	0.01594	0.02842	0.16045	0.05493	0.01838	0.22902	0.01950	0.01447	0.02029	0.01476	0.06563	0.01328	0.01196	0.04353	0.00317	0.25001	0.00828	0.00371	0.00869
29	0.01523	0.07522	0.62635	0.02061	0.03071	0.01821	0.02600	0.02312	0.01540	0.02286	0.01296	0.01550	0.00943	0.00735	0.00791	0.00236	0.05144	0.00546	0.00314	0.01073
30	0.00917	0.00679	0.00860	0.00987	0.01080	0.00621	0.00683	0.01077	0.01520	0.01988	0.08410	0.55057	0.16940	0.02188	0.00933	0.00290	0.00424	0.04033	0.00696	0.00616
31	0.02059	0.01387	0.01489	0.01230	0.01586	0.01520	0.00984	0.32372	0.02430	0.03570	0.02055	0.02343	0.01595	0.04003	0.00845	0.00226	0.03682	0.00696	0.34974	0.00956
32	0.00936	0.00667	0.00890	0.01056	0.01110	0.00629	0.00727	0.01081	0.01436	0.01910	0.04020	0.65321	0.04780	0.04643	0.01047	0.00319	0.00463	0.07679	0.00681	0.00605
33	0.01482	0.01438	0.02104	0.09580	0.02219	0.01908	0.03808	0.01692	0.01245	0.01838	0.01558	0.13820	0.01647	0.01388	0.01942	0.00310	0.49940	0.00906	0.00389	0.00785
34	0.02742	0.03479	0.02134	0.02001	0.04543	0.68609	0.01463	0.02941	0.02090	0.01837	0.01156	0.01355	0.00964	0.00762	0.00672	0.00192	0.01323	0.00484	0.00382	0.00871
35	0.01384	0.00692	0.00692	0.00692	0.00865	0.00692	0.00519	0.01730	0.01557	0.02768	0.02422	0.02768	0.01903	0.00865	0.00519	0.00173	0.00346	0.00692	0.78031	0.00692
36	0.05904	0.05304	0.01834	0.13575	0.02350	0.01314	0.01212	0.04871	0.01915	0.42603	0.04700	0.02536	0.01817	0.05643	0.00921	0.00261	0.00702	0.00738	0.00724	0.01078
37	0.01975	0.69623	0.03833	0.01485	0.06299	0.02861	0.01336	0.02227	0.01520	0.01791	0.01056	0.01233	0.00967	0.00637	0.00493	0.00163	0.00800	0.00414	0.00321	0.00967
38	0.01080	0.00720	0.00810	0.00810	0.00810	0.00720	0.00450	0.01080	0.01080	0.01439	0.02339	0.04858	0.02699	0.73910	0.03779	0.00720	0.00720	0.01080	0.00450	0.00450
39	0.02768	0.02053	0.02197	0.01697	0.02282	0.02277	0.01398	0.63320	0.07063	0.04591	0.01851	0.01837	0.01318	0.00898	0.00743	0.00224	0.00804	0.00678	0.00743	0.01258
40	0.79154	0.01436	0.01091	0.00976	0.01436	0.01665	0.00804	0.02182	0.01263	0.03331	0.01034	0.01206	0.00804	0.00689	0.00459	0.00230	0.00574	0.00402	0.00459	0.00804
41	0.01760	0.14236	0.02834	0.28497	0.30330	0.01957	0.01975	0.05799	0.01686	0.02242	0.01327	0.01774	0.01074	0.00699	0.00693	0.00220	0.00902	0.00615	0.00366	0.01014
42	0.00904	0.00646	0.00861	0.01034	0.01077	0.00603	0.00689	0.01034	0.01421	0.01895	0.04092	0.73426	0.04910	0.02326	0.00948	0.00301	0.00431	0.02110	0.00689	0.00603
43	0.00911	0.00669	0.00839	0.00970	0.01046	0.00615	0.00652	0.01042	0.01446	0.01885	0.04573	0.57434	0.15901	0.06917	0.01120	0.00320	0.00440	0.01949	0.00674	0.00597
44	0.02822	0.02079	0.02228	0.01708	0.02302	0.02302	0.01411	0.66804	0.03490	0.04679	0.01782	0.01782	0.01262	0.00891	0.00743	0.00223	0.00817	0.00668	0.00743	0.01262
45	0.01521	0.03120	0.47663	0.04724	0.03265	0.01727	0.15990	0.02255	0.01577	0.02294	0.01477	0.04960	0.01164	0.00791	0.00832	0.00246	0.04321	0.00697	0.00345	0.01032
46	0.00919	0.00743	0.00817	0.00821	0.01034	0.00641	0.00607	0.01137	0.01756	0.02211	0.20850	0.13549	0.48629	0.01845	0.00884	0.00252	0.00376	0.01572	0.00718	0.00641
47	0.79154	0.01436	0.01091	0.00976	0.01436	0.01665	0.00804	0.02182	0.01263	0.03331	0.01034	0.01206	0.00804	0.00689	0.00459	0.00230	0.00574	0.00402	0.00459	0.00804
48	0.16544	0.01708	0.05146	0.11403	0.05032	0.05516	0.10338	0.09317	0.03676	0.09926	0.02082	0.06863	0.05259	0.00942	0.00774	0.00241	0.02965	0.00789	0.00529	0.00951
49	0.01597	0.01506	0.02608	0.31428	0.18611	0.01665	0.12348	0.04930	0.01629	0.02230	0.01474	0.02041	0.01175	0.01165	0.07069	0.00325	0.03468	0.00708	0.03091	0.00932
50	0.01384	0.00692	0.00692	0.00692	0.00865	0.00692	0.00519	0.01730	0.01557	0.02768	0.02422	0.02768	0.01903	0.00865	0.00519	0.00173	0.00346	0.00692	0.78031	0.00692
51	0.07729	0.01688	0.02766	0.10123	0.56823	0.01730	0.02118	0.02271	0.01651	0.04112	0.01400	0.01819	0.01148	0.00677	0.00715	0.00224	0.00862	0.00644	0.00385	0.01119
52	0.01967	0.60826	0.03487	0.01324	0.01874	0.04969	0.01260	0.02194	0.01518	0.03843	0.01264	0.05373	0.01206	0.00788	0.00646	0.00181	0.05466	0.00524	0.00360	0.00930
53	0.00914	0.00653	0.00870	0.01027	0.01079	0.00609	0.00690	0.01057	0.01465	0.01964	0.08244	0.69076	0.05044	0.02274	0.00943	0.00297	0.00426	0.02061	0.00697	0.00609
54	0.01421	0.01339	0.02260	0.69227	0.07866	0.01654	0.02071	0.01913	0.01493	0.01919	0.01323	0.01973	0.00998	0.00739	0.00742	0.00246	0.00985	0.00660	0.00331	0.00840
55	0.02033	0.01480	0.01643	0.01379	0.01730	0.01606	0.01063	0.38244	0.02509	0.03366	0.02309	0.14924	0.02222	0.16222	0.05468	0.00394	0.00798	0.01010	0.00654	0.00948
56	0.00911	0.00651	0.00867	0.01029	0.01078	0.00607	0.00690	0.01050	0.01452	0.01944	0.07016	0.70362	0.05005	0.02289	0.00944	0.00298	0.00427	0.02076	0.00695	0.00607
57	0.01146	0.00768	0.01061	0.01061	0.01204	0.00866	0.00820	0.01432	0.01289	0.01999	0.02103	0.02877	0.01868	0.04327	0.52375	0.00924	0.01555	0.00768	0.20887	0.00671
58	0.00919	0.00657	0.00874	0.01024	0.01080	0.00613	0.00690	0.01070	0.01488	0.02002	0.10476	0.66738	0.05116	0.02246	0.00940	0.00295	0.00423	0.02035	0.00702	0.00613
59	0.54353	0.01645	0.01460	0.01214	0.01717	0.01872	0.01001	0.23179	0.01987	0.03769	0.01277	0.01393	0.00953	0.00755	0.00551	0.00227	0.00653	0.00489	0.00551	0.00953
60	0.02756	0.02016	0.02158	0.01662	0.02236	0.02229	0.01370	0.63830	0.03402	0.04591	0.01812	0.01827	0.01292	0.00890	0.00732	0.00221	0.00795	0.00669	0.04275	0.01236
61	0.01016	0.00741	0.00956	0.00938	0.01097	0.00680	0.00690	0.01321	0.01967	0.02743	0.54668	0.16354	0.10716	0.01669	0.00887	0.00245	0.00365	0.01478	0.00789	0.00680
62	0.06556	0.01271	0.01696	0.01306	0.01876	0.01116	0.01079	0.03557	0.02088	0.66966	0.02848	0.02471	0.01794	0.00909	0.00734	0.00230	0.00629	0.00732	0.00899	0.01244
63	0.01571	0.15449	0.59170	0.01977	0.02998	0.01924	0.02500	0.02330	0.01558	0.02252	0.01283	0.01505	0.00942	0.00694	0.00668	0.00223	0.01047	0.00524	0.00314	0.01073
64	0.01990	0.02054	0.02865	0.04124	0.58324	0.13076	0.02140	0.02391	0.01758	0.02326	0.01356	0.01756	0.01140	0.00678	0.00724	0.00216	0.00957	0.00631	0.00370	0.01124
65	0.01341	0.01222	0.02012	0.59753	0.04417	0.01484	0.01825	0.01811	0.01592	0.02084	0.13063	0.02599	0.02035	0.00877	0.00765	0.00245	0.00878	0.00778	0.00415	0.00803
66	0.72003	0.01365	0.01070	0.00966	0.01389	0.01573	0.00785	0.02097	0.01257	0.03195	0.01097	0.01320	0.00870	0.00803	0.00600	0.04673	0.00570	0.00426	0.03168	0.00773
67	0.01389	0.01302	0.02154	0.63609	0.04683	0.01632	0.01957	0.01842	0.01458	0.01889	0.01451	0.05916	0.01206	0.00866	0.00864	0.00255	0.05626	0.00739	0.00349	0.00812
68	0.02694	0.05680	0.02012	0.01486	0.02030	0.01776	0.01223	0.32733	0.07412	0.24242	0.02319	0.06715	0.01728	0.00976	0.00737	0.00225	0.00708	0.00776	0.00761	0.03767
69	0.00973	0.00811	0.00919	0.00906	0.01115	0.00758	0.00696	0.01191	0.01710	0.02153	0.16506	0.09444	0.48255	0.01813	0.00990	0.00260	0.05099	0.05061	0.00686	0.00653
70	0.01886	0.21149	0.02706	0.01712	0.02030	0.02328	0.05021	0.10915	0.04080	0.02309	0.01288	0.01658	0.01117	0.00993	0.01422	0.00251	0.32783	0.00606	0.04818	0.00928
71	0.01044	0.00851	0.01100	0.13227	0.01746	0.00837	0.00868	0.01334	0.01773	0.02313	0.28727	0.05532	0.30693	0.05542	0.01014	0.00270	0.00492	0.01300	0.00661	0.00678
72	0.05164	0.01647	0.01746	0.01409	0.01862	0.01807	0.01136	0.43563	0.05590	0.03948	0.02058	0.05332	0.01627	0.03238	0.00792	0.00233	0.00683	0.00749	0.16344	0.01071
73	0.02238	0.55133	0.03359	0.01339	0.01923	0.05694	0.01263	0.02480	0.01626	0.13578	0.01364	0.01449	0.01108	0.00720	0.00621	0.00180	0.04029	0.00473	0.00425	0.00996
74	0.00911	0.00649	0.00860	0.01026	0.01067	0.00607	0.00681	0.01035	0.01409	0.01879	0.04030	0.70999	0.04832	0.04859	0.01048	0.00316	0.00441	0.02074	0.00681	0.00598
75	0.01510	0.06866	0.67225	0.02080	0.03157	0.01776	0.02680	0.02346	0.01565	0.02325	0.01319	0.01551	0.00941	0.00702	0.00695	0.00232	0.01084	0.00542	0.00314	0.01091
76	0.01501	0.15367	0.40823	0.01787	0.02597	0.01736	0.05703	0.02138	0.01676	0.02374	0.14987	0.02333	0.02183	0.00853	0.00710	0.00222	0.00902	0.00702	0.00420	0.00986
77	0.00904	0.00646	0.00861	0.01034	0.01077	0.00603	0.00689	0.01034	0.01421	0.01895	0.04092	0.73426	0.04910	0.02326	0.00948	0.00301	0.00431	0.02110	0.00689	0.00603
78	0.00932	0.00658	0.00853	0.00998	0.01035	0.00621	0.00651	0.01041	0.01367	0.01823	0.03815	0.62613	0.04561	0.13614	0.01394	0.00367	0.00476	0.01948	0.00651	0.00579
79	0.16871	0.02011	0.01839	0.15242	0.02566	0.17481	0.01355	0.15916	0.10993	0.02932	0.01603	0.01789	0.01218	0.00810	0.00664	0.00223	0.00870	0.00597	0.04061	0.00961
80	0.79154	0.01436	0.01091	0.00976	0.01436	0.01665	0.00804	0.02182	0.01263	0.03331	0.01034	0.01206	0.00804	0.00689	0.00459	0.00230	0.00574	0.00402	0.00459	0.00804
81	0.01384	0.00692	0.00692	0.00692	0.00865	0.00692	0.00519	0.01730	0.01557	0.02768	0.02422	0.02768	0.01903	0.00865	0.00519	0.00173	0.00346	0.00692	0.78031	0.00692
82	0.02110	0.01664	0.01809	0.01533	0.01976	0.01888	0.01222	0.19904	0.40577	0.05741	0.02511	0.02408	0.01872	0.00971	0.00829	0.00240	0.04626	0.00764	0.04012	0.03343
83	0.01681	0.02167	0.13265	0.02674	0.03277	0.01959	0.40360	0.02219	0.01564	0.02219	0.01339	0.01841	0.01060	0.00814	0.01261	0.00268	0.19945	0.00770	0.00353	0.00965
84	0.00904	0.00646	0.00861	0.01034	0.01077	0.00603	0.00689	0.01034	0.01421	0.01895	0.04092	0.73426	0.04910	0.02326	0.00948	0.00301	0.00431	0.02110	0.00689	0.00603
85	0.01505	0.03745	0.66999	0.02227	0.06233	0.01726	0.02722	0.02348	0.01573	0.02354	0.01335	0.01580	0.00951	0.00703	0.00707	0.00234	0.01087	0.00554	0.00316	0.01101
86	0.02060	0.01588	0.10151	0.01398	0.01893	0.01344	0.01239	0.03064	0.24948	0.22783	0.17872	0.03182	0.03058	0.01060	0.00774	0.00239	0.00610	0.00890	0.00762	0.01083
87	0.00911	0.00651	0.00867	0.01029	0.01078	0.00607	0.00690	0.01050	0.01452	0.01944	0.07012	0.70367	0.05004	0.02289	0.00944	0.00298	0.00427	0.02076	0.00695	0.00607
88	0.01896	0.01481	0.01376	0.01218	0.01574	0.12360	0.00947	0.08760	0.05850	0.14114	0.06585	0.04499	0.27561	0.04466	0.00931	0.00258	0.00662	0.03911	0.00683	0.00870
89	0.00904	0.00646	0.00861	0.01034	0.01077	0.00603	0.00689	0.01034	0.01421	0.01895	0.04092	0.73426	0.04910	0.02326	0.00948	0.00301	0.00431	0.02110	0.00689	0.00603
90	0.01196	0.00854	0.01196	0.01367	0.01538	0.00854	0.01196	0.01538	0.01709	0.02222	0.03931	0.08374	0.04272	0.02051	0.01025	0.00342	0.00684	0.64283	0.00684	0.00684
91	0.01080	0.00720	0.00810	0.00810	0.00810	0.00720	0.00450	0.01080	0.01080	0.01439	0.02339	0.04858	0.02699	0.73910	0.03779	0.00720	0.00720	0.01080	0.00450	0.00450
92	0.01985	0.74357	0.03890	0.01270	0.01905	0.02937	0.01270	0.02223	0.01508	0.01747	0.01032	0.01191	0.00953	0.00635	0.00476	0.00159	0.00794	0.00397	0.00318	0.00953
93	0.01002	0.00735	0.00940	0.00935	0.01091	0.00673	0.00684	0.01290	0.01918	0.02651	0.49043	0.19732	0.13100	0.01723	0.00891	0.00249	0.00370	0.01525	0.00777	0.00673
94	0.02822	0.02079	0.02228	0.01708	0.02302	0.02302	0.01411	0.66804	0.03490	0.04679	0.01782	0.01782	0.01262	0.00891	0.00743	0.00223	0.00817	0.00668	0.00743	0.01262
95	0.01013	0.00766	0.00958	0.03190	0.01256	0.00738	0.00768	0.01273	0.04342	0.02017	0.07394	0.37753	0.17309	0.08513	0.01180	0.00327	0.00497	0.09402	0.00665	0.00639
96	0.01233	0.00855	0.01004	0.00957	0.01034	0.00899	0.00620	0.07045	0.01317	0.01781	0.02228	0.04243	0.02423	0.55452	0.15183	0.00757	0.00949	0.00993	0.00467	0.00560
97	0.01109	0.00767	0.01036	0.05689	0.01429	0.00726	0.00822	0.01290	0.01491	0.05699	0.03861	0.56450	0.07037	0.02035	0.00905	0.00284	0.00490	0.03997	0.00667	0.04216
98	0.05712	0.01326	0.02164	0.68182	0.04909	0.01650	0.01992	0.01913	0.01472	0.01976	0.01304	0.01936	0.00979	0.00739	0.00727	0.00246	0.00967	0.00645	0.00337	0.00824
99	0.01573	0.01496	0.02007	0.01663	0.01864	0.01832	0.01372	0.01790	0.01259	0.01971	0.01123	0.01658	0.01052	0.01273	0.05010	0.00301	0.48022	0.00594	0.00362	0.23777
100	0.15927	0.10168	0.02147	0.01805	0.05130	0.48977	0.01347	0.02723	0.01880	0.02100	0.01127	0.01323	0.00939	0.00734	0.00617	0.00196	0.01131	0.00465	0.00389	0.00874
101	0.01325	0.13672	0.01418	0.00958	0.01091	0.04993	0.00654	0.01381	0.01221	0.01528	0.02100	0.06124	0.02367	0.54930	0.02946	0.00580	0.00758	0.00959	0.00430	0.00565
102	0.16431	0.01350	0.01640	0.01289	0.01839	0.01283	0.01062	0.06882	0.04243	0.52412	0.02539	0.02264	0.01640	0.00880	0.00697	0.00230	0.00631	0.00685	0.00824	0.01181
103	0.01418	0.01350	0.02324	0.69017	0.05057	0.01660	0.04969	0.01918	0.01496	0.01918	0.01328	0.01980	0.00996	0.00737	0.00748	0.00248	0.01001	0.00669	0.00332	0.00833
104	0.01319	0.00825	0.01041	0.00948	0.01192	0.00737	0.00725	0.01628	0.02021	0.11686	0.47551	0.05470	0.18984	0.01512	0.00859	0.00236	0.00393	0.01309	0.00805	0.00760
105	0.01253	0.00658	0.00940	0.00940	0.00940	0.00658	0.00611	0.00987	0.00987	0.01316	0.01472	0.02709	0.01534	0.14977	0.03054	0.64900	0.00658	0.00720	0.00345	0.00345
106	0.16156	0.01479	0.01689	0.01339	0.01885	0.01484	0.01096	0.14675	0.09280	0.35507	0.02312	0.02133	0.01559	0.00862	0.00686	0.00224	0.00646	0.00665	0.00762	0.05563
107	0.01062	0.00784	0.00960	0.01046	0.01169	0.00750	0.00730	0.06603	0.01639	0.02148	0.04437	0.56912	0.14704	0.02134	0.00919	0.00287	0.00455	0.01903	0.00694	0.00663
108	0.03019	0.01194	0.01623	0.01268	0.01787	0.01038	0.01038	0.03314	0.02122	0.60645	0.11960	0.02940	0.02545	0.01001	0.00764	0.00230	0.00593	0.00828	0.00905	0.01186
109	0.02620	0.01960	0.02119	0.01612	0.02217	0.02095	0.01327	0.56564	0.03183	0.04322	0.01709	0.01744	0.01237	0.00837	0.00712	0.00205	0.00775	0.00632	0.00695	0.13434
110	0.02115	0.20547	0.19969	0.01782	0.07520	0.01873	0.01657	0.02798	0.10715	0.17768	0.01856	0.01875	0.01355	0.00767	0.00659	0.00210	0.00803	0.00599	0.00523	0.04607
111	0.01951	0.01893	0.02661	0.05942	0.47609	0.07901	0.01984	0.05502	0.12248	0.02563	0.01646	0.01943	0.01326	0.00738	0.00733	0.00224	0.00876	0.00674	0.00446	0.01140
112	0.00903	0.00652	0.00855	0.01018	0.01073	0.00604	0.00682	0.01035	0.01437	0.01901	0.04287	0.69657	0.08553	0.02300	0.00944	0.00299	0.00428	0.02080	0.00689	0.00604
113	0.01735	0.01419	0.01534	0.01396	0.01766	0.01594	0.01077	0.05340	0.50629	0.04849	0.07094	0.10151	0.05772	0.01202	0.00786	0.00254	0.00557	0.01020	0.00754	0.01071
114	0.02355	0.01778	0.02015	0.01615	0.02034	0.02047	0.01328	0.44741	0.02739	0.03793	0.01719	0.01927	0.01315	0.01264	0.05595	0.00299	0.13314	0.00676	0.08359	0.01088
115	0.00904	0.00646	0.00861	0.01034	0.01077	0.00603	0.00689	0.01034	0.01421	0.01895	0.04092	0.73426	0.04910	0.02326	0.00948	0.00301	0.00431	0.02110	0.00689	0.00603
116	0.01512	0.03620	0.62725	0.02174	0.03200	0.01759	0.06856	0.02327	0.01560	0.02327	0.01327	0.01598	0.00954	0.00727	0.00794	0.00240	0.04327	0.00574	0.00318	0.01078
117	0.00922	0.00743	0.00827	0.00868	0.01071	0.00648	0.00651	0.01125	0.01675	0.02072	0.10813	0.18664	0.47827	0.01948	0.00903	0.00266	0.00411	0.07235	0.00698	0.00633

[dist]
# distance from previous block
# <min> <max>
0	3

[block]
# block no. 2 follows, 27 sequences, length 18
# corresponding to MSA columns:
# 215-232
name=unknown_C
#
# <colnr> <probs for GDERKNQSTAVLIFYWHMCP>
#	G	D	E	R	K	N	Q	S	T	A	V	L	I	F	Y	W	H	M	C	P
0	0.79154	0.01436	0.01091	0.00976	0.01436	0.01665	0.00804	0.02182	0.01263	0.03331	0.01034	0.01206	0.00804	0.00689	0.00459	0.00230	0.00574	0.00402	0.00459	0.00804
1	0.01205	0.01003	0.01452	0.01369	0.01463	0.01261	0.01085	0.01433	0.01174	0.01728	0.01745	0.02669	0.01667	0.07334	0.50751	0.00953	0.19866	0.00770	0.00381	0.00692
2	0.00889	0.00752	0.00768	0.00764	0.01010	0.00632	0.00573	0.01088	0.01719	0.02070	0.11624	0.07038	0.64834	0.01856	0.00877	0.00250	0.00374	0.01552	0.00698	0.00632
3	0.02600	0.01960	0.02106	0.01637	0.02214	0.02145	0.01341	0.53850	0.11641	0.04307	0.01907	0.01891	0.01379	0.00881	0.00730	0.00218	0.00767	0.00673	0.00722	0.07030
4	0.02739	0.02073	0.02395	0.01818	0.02424	0.02269	0.06457	0.61816	0.03356	0.04501	0.01761	0.01799	0.01252	0.00871	0.00753	0.00225	0.00851	0.00684	0.00714	0.01242
5	0.01122	0.00887	0.01289	0.19037	0.02122	0.00929	0.01045	0.01481	0.01859	0.02566	0.43546	0.13201	0.05212	0.01423	0.00851	0.00246	0.00523	0.01266	0.00677	0.00720
6	0.01309	0.00983	0.01280	0.01392	0.01606	0.01027	0.01193	0.01957	0.13235	0.02375	0.03772	0.07399	0.03923	0.01869	0.00978	0.00326	0.00667	0.53242	0.00696	0.00769
7	0.01073	0.00777	0.01027	0.01041	0.01212	0.00732	0.00820	0.01403	0.01950	0.02689	0.46478	0.09642	0.08983	0.01709	0.00917	0.00265	0.00440	0.17383	0.00771	0.00688
8	0.01900	0.01520	0.01627	0.01451	0.01872	0.01717	0.01132	0.03749	0.59060	0.08032	0.03283	0.03012	0.06213	0.01053	0.00762	0.00250	0.00578	0.00876	0.00764	0.01149
9	0.01546	0.03345	0.53217	0.02286	0.03240	0.01792	0.14161	0.02314	0.01569	0.02314	0.01336	0.01650	0.00976	0.00735	0.00864	0.00244	0.06410	0.00615	0.00325	0.01059
10	0.00904	0.00646	0.00861	0.01034	0.01077	0.00603	0.00689	0.01034	0.01421	0.01895	0.04092	0.73426	0.04910	0.02326	0.00948	0.00301	0.00431	0.02110	0.00689	0.00603
11	0.00928	0.00656	0.00854	0.01004	0.01041	0.00619	0.00657	0.01040	0.01375	0.01834	0.03856	0.64203	0.04613	0.11955	0.01328	0.00358	0.00470	0.01972	0.00657	0.00582
12	0.02474	0.01907	0.02032	0.01638	0.02170	0.02140	0.01327	0.44385	0.26476	0.04118	0.02224	0.02134	0.01620	0.00933	0.00747	0.00233	0.00735	0.00729	0.00747	0.01231
13	0.01886	0.01525	0.01726	0.01264	0.01906	0.01345	0.01023	0.19440	0.02067	0.03030	0.01445	0.01605	0.01144	0.00642	0.00602	0.00140	0.00622	0.00502	0.00522	0.57563
14	0.02279	0.02316	0.01839	0.01603	0.02049	0.28812	0.01236	0.07029	0.25628	0.05835	0.02140	0.02120	0.03409	0.00874	0.00701	0.00209	0.00888	0.00658	0.00579	0.09798
15	0.07014	0.01342	0.10539	0.01187	0.01516	0.01062	0.01032	0.04521	0.06880	0.02631	0.26237	0.16487	0.04124	0.08855	0.01110	0.00294	0.00565	0.01186	0.00643	0.02774
16	0.34159	0.01542	0.07826	0.01317	0.01786	0.01426	0.05901	0.06981	0.01692	0.04670	0.09205	0.04841	0.08369	0.01065	0.00686	0.00245	0.00657	0.06225	0.00557	0.00850
17	0.07613	0.01517	0.01758	0.01328	0.01890	0.01431	0.03925	0.20626	0.02046	0.03038	0.01545	0.01947	0.01291	0.08216	0.00946	0.00221	0.00678	0.00589	0.00527	0.38870

[dist]
# distance from previous block
# <min> <max>
1	10

[block]
# block no. 3 follows, 27 sequences, length 306
# corresponding to MSA columns:
# 243-548
name=unknown_D
#
# <colnr> <probs for GDERKNQSTAVLIFYWHMCP>
#	G	D	E	R	K	N	Q	S	T	A	V	L	I	F	Y	W	H	M	C	P
0	0.04992	0.01608	0.02767	0.30345	0.03825	0.01721	0.22900	0.04685	0.09325	0.02398	0.01581	0.02004	0.01192	0.00723	0.00761	0.00237	0.00971	0.00724	0.00423	0.06819
1	0.05127	0.01392	0.01576	0.01176	0.01775	0.01199	0.00944	0.11806	0.01842	0.05139	0.01562	0.03789	0.01284	0.00687	0.00593	0.00145	0.00582	0.00544	0.03712	0.55126
2	0.02485	0.01863	0.02052	0.04643	0.02294	0.02021	0.01334	0.45237	0.12963	0.06092	0.01935	0.01937	0.01403	0.00865	0.00723	0.00216	0.00754	0.00671	0.00699	0.09811
3	0.01017	0.00775	0.00841	0.00812	0.01062	0.00661	0.00613	0.01241	0.01791	0.05126	0.19320	0.06632	0.53958	0.01768	0.00871	0.00246	0.00382	0.01487	0.00724	0.00669
4	0.00918	0.00652	0.00857	0.01017	0.01057	0.00612	0.00671	0.01037	0.01395	0.01861	0.03959	0.68231	0.04742	0.07749	0.01162	0.00333	0.00453	0.02032	0.00671	0.00591
5	0.01581	0.01453	0.02095	0.01496	0.02174	0.01163	0.13731	0.01969	0.01581	0.02411	0.01355	0.01630	0.01105	0.00565	0.00614	0.00137	0.00687	0.00525	0.00427	0.63300
6	0.27600	0.02536	0.01779	0.04598	0.02124	0.36239	0.01242	0.08982	0.01941	0.04919	0.01241	0.01408	0.00968	0.00757	0.00614	0.00211	0.00999	0.00489	0.00459	0.00894
7	0.00920	0.00738	0.00822	0.00834	0.01037	0.00640	0.00613	0.01136	0.01745	0.02208	0.20816	0.16364	0.45791	0.01863	0.00887	0.00254	0.00378	0.01595	0.00718	0.00640
8	0.01700	0.01887	0.03878	0.02843	0.03434	0.01905	0.52581	0.02225	0.01630	0.02255	0.01497	0.04412	0.01230	0.00806	0.01160	0.00266	0.14083	0.00878	0.00377	0.00953
9	0.01792	0.01769	0.03171	0.09292	0.54248	0.01773	0.12410	0.02266	0.01685	0.02379	0.01407	0.01874	0.01154	0.00662	0.00758	0.00227	0.00948	0.00695	0.00366	0.01123
10	0.00904	0.00646	0.00861	0.01034	0.01077	0.00603	0.00689	0.01034	0.01421	0.01895	0.04092	0.73426	0.04910	0.02326	0.00948	0.00301	0.00431	0.02110	0.00689	0.00603
11	0.01813	0.01295	0.01476	0.15004	0.02151	0.03762	0.01107	0.18427	0.04217	0.03001	0.01972	0.02292	0.01515	0.00920	0.00731	0.03431	0.00647	0.00675	0.34694	0.00870
12	0.00904	0.00646	0.00861	0.01034	0.01077	0.00603	0.00689	0.01034	0.01421	0.01895	0.04092	0.73426	0.04910	0.02326	0.00948	0.00301	0.00431	0.02110	0.00689	0.00603
13	0.02857	0.02110	0.02182	0.01692	0.02271	0.06534	0.01388	0.58016	0.03300	0.09410	0.01829	0.01811	0.01287	0.00885	0.00738	0.00221	0.00836	0.00662	0.00733	0.01237
14	0.01051	0.00759	0.00992	0.00934	0.01109	0.00700	0.00700	0.01401	0.02101	0.02977	0.68888	0.05545	0.07005	0.01518	0.00876	0.00233	0.00350	0.01343	0.00817	0.00700
15	0.02014	0.71716	0.03824	0.01294	0.01920	0.05473	0.01276	0.02251	0.01531	0.01749	0.01036	0.01196	0.00953	0.00640	0.00484	0.00160	0.00814	0.00400	0.00320	0.00949
16	0.01124	0.00775	0.01095	0.01095	0.01236	0.00882	0.00848	0.01405	0.01264	0.01928	0.02073	0.02887	0.01865	0.04648	0.57189	0.00994	0.01667	0.00775	0.15582	0.00669
17	0.00877	0.00752	0.00752	0.00752	0.01003	0.00627	0.00564	0.01065	0.01692	0.02005	0.07520	0.07144	0.68978	0.01880	0.00877	0.00251	0.00376	0.01567	0.00689	0.00627
18	0.01920	0.01631	0.01720	0.01526	0.01959	0.01881	0.01193	0.08707	0.63056	0.03225	0.02928	0.02695	0.02190	0.00998	0.00754	0.00250	0.00605	0.00826	0.00754	0.01182
19	0.02044	0.68992	0.03755	0.01319	0.01935	0.08089	0.01283	0.02279	0.01554	0.01752	0.01041	0.01202	0.00953	0.00645	0.00491	0.00161	0.00835	0.00403	0.00322	0.00946
20	0.02496	0.01450	0.01698	0.01428	0.01915	0.01516	0.01138	0.03802	0.39150	0.32277	0.02981	0.02663	0.02079	0.00969	0.00752	0.00242	0.00607	0.00799	0.00827	0.01214
21	0.01168	0.00836	0.01156	0.01282	0.01454	0.00824	0.01099	0.01511	0.01786	0.02369	0.16636	0.07821	0.04807	0.01946	0.00996	0.00321	0.00618	0.51972	0.00710	0.00687
22	0.00995	0.00757	0.00916	0.00876	0.01075	0.00677	0.00657	0.01294	0.01971	0.02668	0.49341	0.06055	0.26744	0.01633	0.00876	0.00239	0.00358	0.01414	0.00776	0.00677
23	0.29319	0.01983	0.04385	0.05107	0.15252	0.09554	0.01446	0.19275	0.02046	0.03243	0.01337	0.01542	0.01027	0.00748	0.00632	0.00223	0.00820	0.00548	0.00497	0.01015
24	0.02098	0.01488	0.01677	0.01516	0.03912	0.01620	0.01154	0.05838	0.45752	0.16101	0.03251	0.02990	0.07168	0.01041	0.00762	0.00245	0.00597	0.00865	0.00770	0.01154
25	0.00884	0.00752	0.00761	0.00759	0.01007	0.00629	0.00569	0.01077	0.01707	0.02040	0.09706	0.07087	0.66771	0.01867	0.00877	0.00250	0.00375	0.01559	0.00694	0.00629
26	0.02674	0.02006	0.02145	0.01678	0.02246	0.02233	0.01375	0.57282	0.13253	0.04440	0.01970	0.01932	0.01415	0.00909	0.00745	0.00227	0.00782	0.00694	0.00745	0.01249
27	0.05312	0.01943	0.02767	0.06420	0.42340	0.08928	0.06412	0.07252	0.03765	0.02540	0.01418	0.01790	0.01156	0.00729	0.00801	0.00227	0.04048	0.00651	0.00410	0.01092
28	0.32113	0.01961	0.01624	0.01390	0.01844	0.14730	0.01110	0.19956	0.07084	0.03306	0.01500	0.01636	0.01153	0.01002	0.03681	0.00262	0.00838	0.00549	0.03305	0.00957
29	0.00903	0.00652	0.00855	0.01017	0.01072	0.00604	0.00682	0.01036	0.01437	0.01902	0.04295	0.69488	0.08716	0.02299	0.00943	0.00298	0.00427	0.02078	0.00689	0.00604
30	0.01706	0.01574	0.01431	0.01299	0.01648	0.13829	0.01005	0.05126	0.16895	0.04803	0.10741	0.07023	0.16728	0.01287	0.00788	0.00233	0.00662	0.05391	0.00652	0.07179
31	0.02142	0.01601	0.01705	0.01408	0.01767	0.04167	0.01110	0.36183	0.02496	0.03433	0.02024	0.06968	0.01764	0.11119	0.01267	0.00296	0.06159	0.00814	0.12607	0.00971
32	0.00904	0.00646	0.00861	0.01034	0.01077	0.00603	0.00689	0.01034	0.01421	0.01895	0.04092	0.73426	0.04910	0.02326	0.00948	0.00301	0.00431	0.02110	0.00689	0.00603
33	0.01664	0.01430	0.01507	0.01370	0.01753	0.01611	0.01061	0.03396	0.54998	0.02931	0.06450	0.03559	0.12741	0.01163	0.00779	0.00251	0.00545	0.00972	0.00748	0.01071
34	0.01695	0.15850	0.02590	0.01816	0.01940	0.02404	0.01555	0.01872	0.01210	0.01779	0.00986	0.01539	0.00970	0.01169	0.02053	0.00292	0.58516	0.00600	0.00323	0.00840
35	0.00904	0.00646	0.00861	0.01034	0.01077	0.00603	0.00689	0.01034	0.01421	0.01895	0.04092	0.73426	0.04910	0.02326	0.00948	0.00301	0.00431	0.02110	0.00689	0.00603
