[name]
unknown

[dist]
# distance from previous block
# <min> <max>
0	18

[block]
# block no. 0 follows, 26 sequences, length 14
# corresponding to MSA columns:
# 20-33
name=unknown_A
#
# <colnr> <probs for GDERKNQSTAVLIFYWHMCP>
#	G	D	E	R	K	N	Q	S	T	A	V	L	I	F	Y	W	H	M	C	P
0	0.05463	0.06437	0.04209	0.01700	0.05745	0.13212	0.01326	0.20323	0.06690	0.07701	0.01809	0.02094	0.01423	0.00942	0.00798	0.03727	0.00834	0.02889	0.04335	0.08344
1	0.01727	0.08325	0.25240	0.09514	0.06616	0.06745	0.09302	0.06590	0.04230	0.02409	0.02048	0.06017	0.06131	0.00912	0.00755	0.00238	0.00979	0.00781	0.00433	0.01007
2	0.01505	0.00959	0.01294	0.01214	0.01390	0.00986	0.02919	0.01760	0.03653	0.12196	0.05534	0.28655	0.05361	0.11713	0.04021	0.00375	0.07802	0.01360	0.06539	0.00764
3	0.02417	0.01851	0.02184	0.12263	0.02694	0.02046	0.03230	0.45266	0.05233	0.03910	0.01983	0.02122	0.03922	0.00984	0.00853	0.03406	0.00832	0.00722	0.00656	0.03426
4	0.01636	0.01471	0.02250	0.44435	0.06667	0.04702	0.06122	0.07039	0.01654	0.02121	0.01389	0.02017	0.01097	0.01053	0.01109	0.12385	0.00972	0.00679	0.00377	0.00827
5	0.00932	0.00680	0.00878	0.01018	0.01095	0.00626	0.00691	0.01088	0.01534	0.02032	0.09385	0.60757	0.11960	0.02265	0.00955	0.00297	0.00428	0.02038	0.00714	0.00626
6	0.01590	0.01066	0.01254	0.01126	0.01288	0.01259	0.00898	0.06633	0.01626	0.02709	0.02033	0.02442	0.01643	0.01003	0.01067	0.00222	0.19368	0.00694	0.51295	0.00783
7	0.04227	0.01442	0.01903	0.27993	0.03079	0.01678	0.01503	0.19702	0.02063	0.02818	0.02241	0.11217	0.05758	0.01124	0.00907	0.00255	0.06250	0.00913	0.04008	0.00919
8	0.01083	0.00803	0.01073	0.06494	0.01493	0.00804	0.00857	0.05113	0.01587	0.02111	0.03819	0.63068	0.04481	0.02163	0.00939	0.00299	0.00508	0.01952	0.00679	0.00675
9	0.00919	0.00756	0.00809	0.00823	0.01045	0.00646	0.00607	0.01122	0.01742	0.02145	0.13922	0.14938	0.54032	0.01935	0.00905	0.00260	0.00388	0.01642	0.00719	0.00646
10	0.02309	0.39773	0.07654	0.01575	0.02167	0.16650	0.01457	0.09746	0.01916	0.05471	0.01279	0.01428	0.01054	0.00754	0.00673	0.00193	0.03979	0.00493	0.00418	0.01009
11	0.01748	0.29804	0.10653	0.14278	0.04741	0.06769	0.01614	0.02102	0.01551	0.01958	0.01521	0.08968	0.01434	0.00930	0.00806	0.00222	0.06907	0.00698	0.02383	0.00912
12	0.01873	0.01288	0.01493	0.01291	0.01592	0.01441	0.01024	0.19701	0.07056	0.05705	0.02156	0.02587	0.01747	0.05451	0.15109	0.00450	0.06276	0.00752	0.22089	0.00921
13	0.00962	0.00690	0.00914	0.01030	0.01109	0.00642	0.00707	0.01152	0.01630	0.02220	0.20591	0.55630	0.05565	0.02165	0.00949	0.00290	0.00419	0.01955	0.00738	0.00642

[dist]
# distance from previous block
# <min> <max>
7	9

[block]
# block no. 1 follows, 26 sequences, length 6
# corresponding to MSA columns:
# 44-49
name=unknown_B
#
# <colnr> <probs for GDERKNQSTAVLIFYWHMCP>
#	G	D	E	R	K	N	Q	S	T	A	V	L	I	F	Y	W	H	M	C	P
0	0.01863	0.04078	0.01589	0.01295	0.01628	0.06841	0.01009	0.20380	0.02416	0.06074	0.28809	0.09935	0.04064	0.05397	0.00993	0.00263	0.00635	0.01095	0.00730	0.00906
1	0.01732	0.05884	0.01454	0.01183	0.01498	0.10232	0.00913	0.04026	0.05424	0.11511	0.18082	0.11380	0.17944	0.04210	0.00935	0.00258	0.00616	0.01183	0.00695	0.00839
2	0.02422	0.01735	0.01932	0.01543	0.02051	0.01846	0.01244	0.44410	0.02893	0.07452	0.02193	0.12216	0.01876	0.01318	0.04042	0.00276	0.00799	0.00886	0.00716	0.08151
3	0.01349	0.00961	0.01160	0.01064	0.01367	0.00849	0.00800	0.01699	0.05411	0.07411	0.12919	0.20888	0.14455	0.05246	0.00984	0.00263	0.00499	0.04509	0.00676	0.17489
4	0.02332	0.01742	0.01897	0.01556	0.02082	0.01896	0.01247	0.24877	0.33819	0.09553	0.02490	0.02351	0.01819	0.00938	0.00747	0.00232	0.00680	0.00753	0.00753	0.08235
5	0.01850	0.02144	0.11619	0.09277	0.51608	0.05563	0.02325	0.02346	0.01718	0.02393	0.01398	0.01824	0.01143	0.00694	0.00744	0.00228	0.00964	0.00650	0.00366	0.01146

[dist]
# distance from previous block
# <min> <max>
0	2

[block]
# block no. 2 follows, 26 sequences, length 23
# corresponding to MSA columns:
# 52-74
name=unknown_C
#
# <colnr> <probs for GDERKNQSTAVLIFYWHMCP>
#	G	D	E	R	K	N	Q	S	T	A	V	L	I	F	Y	W	H	M	C	P
0	0.01521	0.03923	0.69413	0.02162	0.03283	0.01762	0.02802	0.02402	0.01601	0.02402	0.01361	0.01601	0.00961	0.00721	0.00721	0.00240	0.01121	0.00560	0.00320	0.01121
1	0.01779	0.01839	0.06633	0.10260	0.56628	0.01743	0.02264	0.02248	0.01702	0.02409	0.01669	0.02093	0.03879	0.00736	0.00756	0.00230	0.00902	0.00707	0.00382	0.01143
2	0.02002	0.27734	0.24814	0.01939	0.04593	0.11815	0.06490	0.02480	0.01683	0.05119	0.01302	0.01522	0.01031	0.00731	0.00721	0.00211	0.03881	0.00537	0.00366	0.01027
3	0.00939	0.00700	0.00877	0.01004	0.01108	0.00639	0.00702	0.01104	0.01557	0.02022	0.07448	0.52053	0.19457	0.02226	0.00953	0.00296	0.00437	0.05139	0.00709	0.00630
4	0.00924	0.00660	0.00880	0.01056	0.01100	0.00616	0.00704	0.01056	0.01452	0.01936	0.04181	0.72848	0.05017	0.02376	0.00968	0.00308	0.00440	0.02156	0.00704	0.00616
5	0.01013	0.00751	0.00869	0.00906	0.01094	0.00658	0.00654	0.01209	0.01702	0.04451	0.13562	0.28744	0.37676	0.01994	0.00915	0.00271	0.00409	0.01729	0.00728	0.00664
6	0.02689	0.01502	0.01769	0.01407	0.01926	0.01506	0.01145	0.23409	0.08313	0.31326	0.06807	0.03062	0.09494	0.01082	0.00785	0.00237	0.00657	0.00874	0.00834	0.01177
7	0.01108	0.00797	0.01011	0.01121	0.01218	0.00779	0.00773	0.07154	0.01650	0.02203	0.03959	0.66188	0.04667	0.02239	0.00949	0.00301	0.00477	0.02018	0.00709	0.00679
8	0.02883	0.02125	0.02276	0.01745	0.02352	0.02352	0.01442	0.66082	0.03566	0.04780	0.01821	0.01821	0.01290	0.00911	0.00759	0.00228	0.00835	0.00683	0.00759	0.01290
9	0.04711	0.02067	0.04038	0.03120	0.08827	0.05307	0.52630	0.02420	0.01759	0.02417	0.01469	0.01953	0.01128	0.00679	0.00922	0.00253	0.04071	0.00830	0.00384	0.01015
10	0.01088	0.00805	0.01021	0.00984	0.01165	0.00759	0.00731	0.01501	0.05276	0.02874	0.54744	0.12763	0.10153	0.01634	0.00896	0.00248	0.00380	0.01443	0.00811	0.00725
11	0.01339	0.00904	0.01135	0.01120	0.01274	0.00916	0.00800	0.08593	0.01705	0.05599	0.10231	0.31779	0.03821	0.15250	0.11450	0.00496	0.00768	0.01453	0.00649	0.00717
12	0.01831	0.01800	0.02175	0.42141	0.06934	0.13313	0.01817	0.02566	0.13318	0.04237	0.01681	0.02066	0.01272	0.00812	0.00748	0.00242	0.00982	0.00678	0.00444	0.00942
13	0.01571	0.03207	0.48060	0.02567	0.11857	0.01723	0.11100	0.02320	0.01635	0.02389	0.01553	0.05734	0.01248	0.00798	0.00762	0.00244	0.01075	0.00711	0.00358	0.01090
14	0.00992	0.00820	0.00876	0.00853	0.01103	0.00729	0.00642	0.01333	0.05642	0.02326	0.20314	0.06691	0.51421	0.01790	0.00889	0.00252	0.00391	0.01509	0.00736	0.00689
15	0.01760	0.01838	0.03554	0.13797	0.26148	0.01866	0.31177	0.02289	0.01694	0.02340	0.01441	0.01964	0.01139	0.00707	0.00912	0.00249	0.04934	0.00775	0.00371	0.01047
16	0.08190	0.01207	0.01537	0.11166	0.02099	0.01300	0.03689	0.13302	0.05543	0.02673	0.03052	0.34496	0.05557	0.01575	0.00841	0.00272	0.00645	0.01384	0.00633	0.00838
17	0.04193	0.00797	0.01127	0.10279	0.01601	0.00836	0.00873	0.01239	0.01245	0.01733	0.02294	0.14249	0.05761	0.02122	0.01942	0.40880	0.00637	0.03293	0.04383	0.00513
18	0.01451	0.01337	0.04056	0.03582	0.07953	0.01325	0.01177	0.02448	0.26397	0.02521	0.04226	0.04773	0.21514	0.05065	0.00995	0.00289	0.00616	0.08688	0.00661	0.00926
19	0.04322	0.09676	0.11054	0.16191	0.12535	0.01910	0.07526	0.05503	0.04296	0.02367	0.01497	0.04433	0.01255	0.00849	0.00916	0.00239	0.08846	0.00691	0.00407	0.05489
20	0.01832	0.03169	0.45352	0.02196	0.05998	0.01817	0.06337	0.09591	0.07913	0.06095	0.01667	0.01828	0.01191	0.00774	0.00744	0.00240	0.01018	0.00638	0.00448	0.01153
21	0.01294	0.04759	0.05552	0.01121	0.01375	0.00991	0.00910	0.01646	0.05096	0.06025	0.08446	0.20849	0.12191	0.09012	0.12488	0.00458	0.00793	0.01276	0.04970	0.00749
22	0.05041	0.32874	0.17215	0.01708	0.02406	0.05996	0.07734	0.07453	0.04018	0.02408	0.05416	0.01761	0.01431	0.00762	0.00641	0.00205	0.00909	0.00586	0.00420	0.01015

[dist]
# distance from previous block
# <min> <max>
8	26

[block]
# block no. 3 follows, 26 sequences, length 70
# corresponding to MSA columns:
# 101-143,146-172
name=unknown_D
#
# <colnr> <probs for GDERKNQSTAVLIFYWHMCP>
#	G	D	E	R	K	N	Q	S	T	A	V	L	I	F	Y	W	H	M	C	P
0	0.02546	0.05611	0.07057	0.01632	0.02174	0.04845	0.01416	0.33433	0.04824	0.13983	0.02036	0.05442	0.01555	0.00986	0.00857	0.00235	0.05569	0.00743	0.03902	0.01153
1	0.06785	0.05077	0.20107	0.02114	0.08705	0.07284	0.06758	0.12702	0.01994	0.09115	0.01847	0.04914	0.03256	0.00903	0.00839	0.00239	0.05069	0.00719	0.00503	0.01069
2	0.05211	0.24073	0.19030	0.01644	0.02254	0.19243	0.01629	0.02370	0.01761	0.02183	0.09630	0.01927	0.01746	0.00841	0.00718	0.00209	0.03583	0.00596	0.00411	0.00942
3	0.01620	0.10091	0.02208	0.01651	0.01832	0.01866	0.05158	0.01855	0.01361	0.04230	0.01671	0.08729	0.01607	0.01633	0.07823	0.00363	0.35333	0.00811	0.09332	0.00826
4	0.01531	0.01798	0.09217	0.07344	0.02502	0.06223	0.12798	0.01892	0.01549	0.02095	0.04745	0.13574	0.06034	0.01298	0.01326	0.00283	0.21281	0.03210	0.00457	0.00844
5	0.01384	0.00774	0.00825	0.00805	0.00959	0.00792	0.00578	0.04065	0.01541	0.02552	0.02403	0.03242	0.02085	0.16217	0.05783	0.00362	0.00561	0.00795	0.53601	0.00676
6	0.01009	0.00723	0.00946	0.01096	0.01166	0.00691	0.00753	0.03475	0.01543	0.02055	0.04087	0.67514	0.04852	0.02310	0.00964	0.00307	0.00466	0.04694	0.00706	0.00644
7	0.06617	0.04947	0.12354	0.01510	0.02120	0.01725	0.01385	0.13442	0.21909	0.08297	0.02482	0.02429	0.06028	0.00920	0.00713	0.00224	0.00713	0.00727	0.00630	0.10826
8	0.01944	0.02023	0.02717	0.20235	0.41323	0.14233	0.02118	0.02362	0.01753	0.02235	0.01362	0.01819	0.01115	0.00715	0.00741	0.00226	0.01012	0.00641	0.00369	0.01057
9	0.01261	0.00897	0.01012	0.00967	0.01228	0.00823	0.00734	0.04263	0.04621	0.07439	0.13884	0.12400	0.38771	0.04401	0.00997	0.00278	0.00461	0.04085	0.00735	0.00745
10	0.01013	0.00765	0.00937	0.00930	0.01117	0.00690	0.00695	0.01298	0.01935	0.02604	0.41127	0.13341	0.24621	0.01769	0.00909	0.00256	0.00389	0.04146	0.00777	0.00683
11	0.14678	0.01633	0.06445	0.01434	0.01981	0.01517	0.03072	0.11487	0.12404	0.25568	0.06610	0.02645	0.05275	0.00975	0.00732	0.00240	0.00675	0.00780	0.00736	0.01114
12	0.01761	0.28768	0.14198	0.01710	0.04871	0.06363	0.01588	0.02122	0.01617	0.02129	0.11684	0.02107	0.01958	0.00947	0.01011	0.00226	0.14943	0.00652	0.00412	0.00933
13	0.00961	0.00690	0.00920	0.01090	0.01157	0.00649	0.00765	0.01122	0.01498	0.01982	0.04271	0.62653	0.06947	0.02326	0.00976	0.00312	0.00471	0.09878	0.00703	0.00627
14	0.01071	0.00807	0.01011	0.01050	0.01251	0.00747	0.00847	0.01375	0.01882	0.02475	0.27800	0.07154	0.24767	0.01850	0.00948	0.00282	0.00483	0.22766	0.00748	0.00687
15	0.11313	0.01166	0.01338	0.04084	0.01606	0.01240	0.00946	0.07817	0.07257	0.05191	0.23308	0.07972	0.08720	0.03883	0.00990	0.00261	0.04807	0.01049	0.02903	0.04148
16	0.00957	0.00688	0.00892	0.01012	0.01085	0.00640	0.00685	0.01120	0.01554	0.02088	0.14321	0.54978	0.08339	0.06476	0.01126	0.00320	0.00442	0.01942	0.00710	0.00624
17	0.00948	0.00678	0.00901	0.01040	0.01105	0.00632	0.00706	0.01115	0.01562	0.02110	0.14255	0.62278	0.05353	0.02246	0.00957	0.00297	0.00427	0.02033	0.00725	0.00632
18	0.11905	0.01680	0.05093	0.01642	0.06004	0.04539	0.01278	0.03293	0.29984	0.16127	0.02578	0.02738	0.01957	0.00982	0.00733	0.00248	0.00684	0.04489	0.02937	0.01108
19	0.01342	0.00951	0.01184	0.01161	0.01366	0.00954	0.00891	0.05644	0.08149	0.04866	0.27877	0.16961	0.04939	0.07299	0.01143	0.00311	0.00526	0.12909	0.00751	0.00776
20	0.01727	0.02925	0.36006	0.03142	0.29349	0.04667	0.02488	0.02364	0.01648	0.02375	0.01358	0.01706	0.01060	0.00742	0.00837	0.00238	0.05287	0.00610	0.00346	0.01126
21	0.02865	0.02677	0.02229	0.01823	0.02350	0.27533	0.01451	0.42715	0.03041	0.03697	0.01581	0.01653	0.01174	0.00863	0.00731	0.00216	0.01032	0.00611	0.00622	0.01138
22	0.01469	0.01736	0.10966	0.13473	0.03033	0.01409	0.20898	0.01981	0.01725	0.02407	0.12281	0.05779	0.05577	0.00938	0.00801	0.00230	0.00877	0.00910	0.00479	0.13029
23	0.01213	0.00977	0.01363	0.01291	0.01364	0.01194	0.00983	0.01395	0.01178	0.01704	0.01895	0.03176	0.01911	0.21155	0.39562	0.00910	0.16819	0.00851	0.00403	0.00657
24	0.01119	0.00836	0.01026	0.00974	0.01187	0.00777	0.00747	0.04058	0.02090	0.02849	0.48187	0.06044	0.20136	0.01639	0.00899	0.00249	0.00405	0.05262	0.00795	0.00722
25	0.01829	0.01994	0.03586	0.05592	0.14372	0.06182	0.36733	0.02321	0.01687	0.02291	0.01397	0.01899	0.01118	0.00764	0.01091	0.00254	0.12231	0.00774	0.00375	0.03509
26	0.01659	0.01659	0.02323	0.01991	0.01991	0.02323	0.01659	0.01825	0.01162	0.01825	0.00996	0.01659	0.00996	0.01328	0.02489	0.00332	0.71955	0.00664	0.00332	0.00830
27	0.00960	0.00693	0.00912	0.01050	0.01129	0.00646	0.00731	0.01137	0.01572	0.02102	0.12424	0.57145	0.08427	0.02232	0.00960	0.00299	0.00443	0.05783	0.00720	0.00635
28	0.02660	0.01192	0.01558	0.01261	0.01732	0.01084	0.01017	0.03141	0.08339	0.46016	0.17582	0.03444	0.05294	0.01115	0.00797	0.00238	0.00569	0.00934	0.00892	0.01133
29	0.60428	0.01299	0.01068	0.00969	0.01370	0.01469	0.00783	0.02066	0.01452	0.03302	0.12056	0.02069	0.01932	0.00855	0.00543	0.00231	0.00532	0.00588	0.06192	0.00796
30	0.02740	0.03439	0.02240	0.02217	0.08791	0.63635	0.01549	0.02961	0.02108	0.01917	0.01197	0.01417	0.00999	0.00771	0.00690	0.00198	0.01322	0.00507	0.00389	0.00911
31	0.01351	0.00855	0.00995	0.00913	0.01202	0.00738	0.00701	0.01604	0.01913	0.13217	0.23134	0.06095	0.41131	0.01662	0.00874	0.00248	0.00420	0.01403	0.00777	0.00766
32	0.00933	0.00673	0.00897	0.01056	0.01113	0.00637	0.00714	0.01076	0.01448	0.01930	0.04176	0.66191	0.07126	0.02562	0.05209	0.00362	0.00535	0.02054	0.00686	0.00621
33	0.01380	0.00905	0.01153	0.01064	0.01288	0.00861	0.00803	0.06643	0.02154	0.08311	0.47920	0.15435	0.05943	0.01578	0.00885	0.00248	0.00431	0.01389	0.00817	0.00792
34	0.01836	0.01408	0.09800	0.01339	0.01767	0.01086	0.03238	0.02366	0.07935	0.20693	0.21013	0.12465	0.06467	0.03933	0.00943	0.00268	0.00608	0.01142	0.00743	0.00952
35	0.01120	0.00874	0.01018	0.00975	0.01193	0.00838	0.00726	0.01629	0.10161	0.02654	0.36810	0.09055	0.23632	0.04712	0.01011	0.00271	0.00416	0.01399	0.00767	0.00740
36	0.02883	0.02125	0.02276	0.01745	0.02352	0.02352	0.01442	0.66082	0.03566	0.04780	0.01821	0.01821	0.01290	0.00911	0.00759	0.00228	0.00835	0.00683	0.00759	0.01290
37	0.06657	0.11721	0.42998	0.05283	0.11508	0.01916	0.05046	0.02347	0.01594	0.02384	0.01320	0.01603	0.00994	0.00703	0.00689	0.00230	0.01023	0.00566	0.00341	0.01078
38	0.01272	0.00857	0.00960	0.00927	0.00999	0.00874	0.00579	0.07224	0.01397	0.01909	0.02511	0.10949	0.02783	0.55334	0.03089	0.00613	0.00693	0.01138	0.05324	0.00568
39	0.00957	0.00692	0.00906	0.01018	0.01104	0.00640	0.00700	0.01145	0.01627	0.02198	0.19176	0.54063	0.08633	0.02163	0.00948	0.00289	0.00418	0.01947	0.00734	0.00640
40	0.02130	0.01095	0.01442	0.01228	0.01558	0.01068	0.00972	0.05054	0.02028	0.29171	0.23306	0.10680	0.03760	0.01307	0.00957	0.00248	0.06535	0.01082	0.05414	0.00967
41	0.02129	0.02076	0.20780	0.01630	0.02277	0.01461	0.03613	0.05659	0.15007	0.22164	0.06620	0.06155	0.04943	0.01034	0.00780	0.00246	0.00760	0.00866	0.00678	0.01121
42	0.02540	0.01954	0.02162	0.01725	0.02217	0.02229	0.01412	0.48185	0.11234	0.04120	0.01964	0.04428	0.01515	0.01028	0.00977	0.00247	0.09403	0.00754	0.00707	0.01199
43	0.57226	0.04927	0.14458	0.01234	0.01824	0.01725	0.01220	0.02231	0.01398	0.03126	0.03997	0.01493	0.01127	0.00741	0.00537	0.00233	0.00690	0.00481	0.00450	0.00881
44	0.10118	0.02199	0.02269	0.02141	0.12346	0.10777	0.01519	0.42201	0.02886	0.03927	0.01605	0.01715	0.01191	0.00838	0.00720	0.00224	0.00888	0.00631	0.00626	0.01179
45	0.09808	0.02180	0.09112	0.01895	0.05069	0.15188	0.11419	0.09423	0.04699	0.02687	0.01660	0.02057	0.01337	0.05025	0.00945	0.00255	0.03651	0.00672	0.11976	0.00942
46	0.01294	0.00667	0.00996	0.01002	0.01010	0.00672	0.00675	0.01009	0.01014	0.01359	0.01443	0.04539	0.01462	0.02780	0.06288	0.71656	0.00721	0.00713	0.00345	0.00356
47	0.19601	0.35746	0.08099	0.01297	0.01889	0.04406	0.01249	0.02371	0.01624	0.09173	0.06962	0.01772	0.01553	0.00777	0.00571	0.00200	0.00748	0.00540	0.00465	0.00958
48	0.04998	0.12602	0.21548	0.07180	0.05716	0.01664	0.01652	0.06423	0.01686	0.08659	0.01915	0.09484	0.01732	0.10234	0.01115	0.00298	0.00849	0.00808	0.00477	0.00959
49	0.01090	0.00748	0.00911	0.00920	0.00950	0.00774	0.00573	0.01153	0.01144	0.01554	0.02404	0.07899	0.02690	0.55799	0.17518	0.00815	0.00990	0.01095	0.00461	0.00512
50	0.00950	0.00777	0.00835	0.00844	0.01076	0.00671	0.00642	0.01167	0.01755	0.02158	0.13867	0.07147	0.54009	0.04285	0.01008	0.00278	0.00419	0.06753	0.00710	0.00647
51	0.01821	0.01969	0.02444	0.19494	0.03044	0.15598	0.08336	0.02132	0.01515	0.01919	0.01227	0.01799	0.01057	0.01224	0.04941	0.00322	0.29287	0.00663	0.00354	0.00855
52	0.01221	0.00870	0.01065	0.01120	0.01233	0.00871	0.00781	0.09208	0.01668	0.02223	0.03537	0.47198	0.04084	0.15617	0.01495	0.00381	0.00561	0.05526	0.00664	0.00676
53	0.00924	0.00660	0.00880	0.01056	0.01100	0.00616	0.00704	0.01056	0.01452	0.01936	0.04181	0.72848	0.05017	0.02376	0.00968	0.00308	0.00440	0.02156	0.00704	0.00616
54	0.01493	0.00816	0.00916	0.00870	0.01064	0.00832	0.00653	0.04498	0.01630	0.05987	0.04678	0.03088	0.02162	0.08234	0.09969	0.00371	0.00643	0.00782	0.50579	0.00735
55	0.01287	0.08367	0.07677	0.01073	0.01376	0.01029	0.00927	0.01596	0.01724	0.04692	0.21385	0.16997	0.12088	0.05655	0.00973	0.00267	0.00525	0.01252	0.10355	0.00756
56	0.01557	0.00874	0.00944	0.00882	0.01091	0.00909	0.00672	0.09151	0.01747	0.02864	0.02274	0.02676	0.01812	0.01322	0.04944	0.06798	0.00536	0.00706	0.57499	0.00741
57	0.01143	0.00744	0.00978	0.01054	0.01161	0.00697	0.00741	0.01329	0.01612	0.06148	0.16227	0.43546	0.04944	0.09952	0.01267	0.00340	0.00488	0.06250	0.00716	0.00664
58	0.01598	0.08390	0.45531	0.10974	0.11850	0.01867	0.02507	0.02307	0.01588	0.02290	0.01334	0.01663	0.01000	0.00734	0.00770	0.00237	0.03371	0.00581	0.00330	0.01077
59	0.01043	0.00770	0.00957	0.01050	0.01177	0.00726	0.00759	0.03403	0.01646	0.02153	0.09144	0.41767	0.16874	0.05645	0.01095	0.00317	0.00484	0.09632	0.00702	0.00654
60	0.02980	0.01600	0.01919	0.01472	0.02058	0.01572	0.01211	0.27667	0.02666	0.36791	0.04769	0.02322	0.01784	0.00922	0.00751	0.00223	0.00702	0.00730	0.00828	0.07034
61	0.01084	0.00829	0.00912	0.00905	0.01145	0.00744	0.00683	0.01391	0.05034	0.04603	0.12325	0.10782	0.46259	0.04835	0.01023	0.00283	0.00439	0.05312	0.00718	0.00694
62	0.09702	0.01316	0.01386	0.01203	0.01567	0.01414	0.00936	0.14102	0.17463	0.07836	0.07200	0.03266	0.08185	0.08229	0.01027	0.00282	0.00585	0.00876	0.12473	0.00953
63	0.02265	0.02571	0.01950	0.04851	0.07759	0.41559	0.01391	0.02516	0.01918	0.04526	0.04154	0.02243	0.05426	0.01639	0.11586	0.00367	0.01295	0.00671	0.00445	0.00869
64	0.13988	0.01237	0.01354	0.01194	0.01579	0.01261	0.00976	0.14637	0.02115	0.12740	0.08471	0.04428	0.16563	0.01335	0.00788	0.00254	0.00590	0.10996	0.04583	0.00911
65	0.01210	0.00904	0.01187	0.01155	0.01338	0.00874	0.04624	0.07211	0.01703	0.02301	0.04086	0.40920	0.13996	0.06299	0.01070	0.00303	0.00528	0.01655	0.07931	0.00705
66	0.02358	0.01870	0.02312	0.08911	0.02666	0.01957	0.06896	0.40188	0.02773	0.03789	0.01646	0.01807	0.01213	0.00796	0.00728	0.00208	0.00832	0.00650	0.00617	0.17784
67	0.01621	0.01136	0.01272	0.01138	0.01383	0.01244	0.00881	0.14526	0.05201	0.02842	0.02969	0.07938	0.10195	0.06615	0.03996	0.00308	0.07277	0.00947	0.27686	0.00826
68	0.02014	0.01537	0.01753	0.01471	0.01913	0.01608	0.01196	0.29450	0.06914	0.03446	0.06429	0.09668	0.02509	0.01234	0.00851	0.00241	0.02760	0.10718	0.00687	0.13601
69	0.14159	0.01701	0.07847	0.04077	0.02019	0.01583	0.01237	0.22927	0.02196	0.09207	0.04249	0.09951	0.01957	0.07698	0.01012	0.00280	0.00727	0.00844	0.00623	0.05706

[dist]
# distance from previous block
# <min> <max>
8	15

[block]
# block no. 4 follows, 26 sequences, length 6
# corresponding to MSA columns:
# 188-193
name=unknown_E
#
# <colnr> <probs for GDERKNQSTAVLIFYWHMCP>
#	G	D	E	R	K	N	Q	S	T	A	V	L	I	F	Y	W	H	M	C	P
0	0.02394	0.10157	0.02113	0.01537	0.02003	0.13682	0.01240	0.30222	0.05231	0.05792	0.02176	0.08121	0.04035	0.03589	0.00838	0.00240	0.00833	0.00802	0.03950	0.01045
1	0.10615	0.01182	0.01347	0.01191	0.01527	0.01186	0.00912	0.13390	0.01910	0.05401	0.09886	0.21240	0.02998	0.04603	0.07220	0.00344	0.00703	0.01116	0.00635	0.12595
2	0.01790	0.10557	0.10093	0.01391	0.01852	0.01642	0.01251	0.21499	0.02205	0.02972	0.12724	0.06105	0.06534	0.08679	0.07053	0.00364	0.00840	0.00914	0.00598	0.00936
3	0.09411	0.12446	0.01724	0.01206	0.01531	0.01454	0.00953	0.08898	0.01723	0.08167	0.04857	0.22333	0.02670	0.10036	0.01197	0.00301	0.04009	0.01098	0.00590	0.05395
4	0.01426	0.00821	0.01093	0.01065	0.01262	0.00747	0.00782	0.01683	0.01874	0.14302	0.31147	0.31895	0.05369	0.01771	0.00901	0.00266	0.00442	0.01577	0.00801	0.00778
5	0.01104	0.00802	0.01008	0.01078	0.01208	0.00771	0.00780	0.05023	0.01726	0.02301	0.14508	0.41112	0.10699	0.06126	0.01111	0.00316	0.00490	0.08448	0.00714	0.00674

[dist]
# distance from previous block
# <min> <max>
0	4

[block]
# block no. 5 follows, 26 sequences, length 24
# corresponding to MSA columns:
# 198-221
name=unknown_F
#
# <colnr> <probs for GDERKNQSTAVLIFYWHMCP>
#	G	D	E	R	K	N	Q	S	T	A	V	L	I	F	Y	W	H	M	C	P
0	0.01855	0.02370	0.16025	0.08020	0.39598	0.09289	0.04899	0.02372	0.01750	0.02375	0.03403	0.01898	0.01295	0.00727	0.00748	0.00228	0.01002	0.00662	0.00378	0.01105
1	0.02499	0.13565	0.02684	0.02430	0.17874	0.24736	0.01636	0.20471	0.02355	0.02813	0.01396	0.01592	0.01117	0.00773	0.00690	0.00206	0.01023	0.00574	0.00480	0.01085
2	0.09693	0.01309	0.01571	0.01279	0.01757	0.01278	0.01023	0.05750	0.11982	0.40702	0.02702	0.02677	0.01901	0.06822	0.00974	0.00275	0.00629	0.00766	0.05782	0.01129
3	0.05586	0.23774	0.02640	0.01614	0.02152	0.20324	0.01353	0.21098	0.09499	0.02887	0.01531	0.01609	0.01207	0.00803	0.00648	0.00203	0.00932	0.00557	0.00522	0.01059
4	0.01285	0.00707	0.01055	0.05549	0.01263	0.00726	0.00746	0.01060	0.01063	0.01412	0.01588	0.07736	0.01647	0.05975	0.02715	0.63253	0.00669	0.00795	0.00365	0.00391
5	0.04766	0.01990	0.01964	0.01584	0.02068	0.09476	0.01268	0.43121	0.02843	0.03788	0.01791	0.02109	0.01416	0.06742	0.06825	0.00341	0.00957	0.00689	0.02782	0.03479
6	0.10317	0.01474	0.01561	0.01405	0.01813	0.01660	0.01104	0.03452	0.46804	0.07248	0.09634	0.03143	0.02701	0.01081	0.00761	0.00255	0.00580	0.03158	0.00753	0.01096
7	0.01815	0.00937	0.01224	0.01073	0.01385	0.00832	0.00832	0.02116	0.02055	0.24779	0.34908	0.10075	0.11960	0.01453	0.00857	0.00245	0.00463	0.01256	0.00845	0.00890
8	0.03253	0.01428	0.01833	0.01416	0.01998	0.01332	0.01166	0.12729	0.05576	0.56589	0.02828	0.02484	0.01814	0.00939	0.00763	0.00235	0.00671	0.00756	0.00905	0.01286
9	0.39827	0.10166	0.11782	0.01237	0.01796	0.01666	0.01190	0.02294	0.01574	0.09507	0.10691	0.02040	0.01851	0.00842	0.00598	0.00228	0.00667	0.00602	0.00528	0.00916
10	0.00932	0.00770	0.00818	0.00806	0.01047	0.00656	0.00605	0.01158	0.01814	0.02251	0.20000	0.06967	0.55862	0.01846	0.00896	0.00253	0.00379	0.01554	0.00731	0.00656
11	0.01026	0.00773	0.00903	0.00922	0.01086	0.00709	0.00678	0.01232	0.01676	0.02167	0.19041	0.09493	0.29193	0.17238	0.01558	0.00371	0.00500	0.10132	0.00679	0.00625
12	0.06526	0.01437	0.02310	0.58064	0.04680	0.01750	0.05116	0.05023	0.01602	0.02188	0.01350	0.01951	0.01018	0.00774	0.00802	0.00253	0.03251	0.00668	0.00368	0.00871
13	0.01223	0.00844	0.01042	0.00967	0.01199	0.00777	0.00734	0.01620	0.04871	0.07120	0.48771	0.05679	0.19145	0.01565	0.00881	0.00243	0.00392	0.01357	0.00812	0.00758
14	0.00921	0.00672	0.00868	0.01025	0.01092	0.00619	0.00690	0.01060	0.01483	0.01949	0.04566	0.65642	0.11975	0.02326	0.00960	0.00302	0.00434	0.02095	0.00704	0.00619
15	0.01474	0.01405	0.02284	0.58925	0.04639	0.01801	0.02026	0.01918	0.01452	0.01918	0.01284	0.01957	0.01008	0.00861	0.01072	0.00267	0.13862	0.00672	0.00336	0.00840
16	0.10735	0.07801	0.02025	0.01775	0.06721	0.33103	0.01293	0.08750	0.02095	0.02567	0.11083	0.02111	0.01950	0.00885	0.00682	0.00208	0.00965	0.00644	0.03696	0.00912
17	0.00995	0.00809	0.00889	0.00875	0.01115	0.00720	0.00667	0.01314	0.04430	0.02352	0.22453	0.06774	0.47373	0.01801	0.00898	0.00256	0.00401	0.04454	0.00739	0.00684
18	0.01074	0.00748	0.01036	0.03956	0.01320	0.00724	0.02622	0.01275	0.01542	0.02177	0.10659	0.47336	0.04373	0.01961	0.00968	0.03498	0.00475	0.01699	0.11908	0.00650
19	0.01877	0.01802	0.03079	0.04656	0.68612	0.01802	0.02328	0.02328	0.01727	0.02478	0.01427	0.01877	0.01201	0.00676	0.00751	0.00225	0.00901	0.00676	0.00375	0.01201
20	0.01500	0.01283	0.01960	0.11717	0.02357	0.01481	0.08625	0.08740	0.01604	0.02244	0.01926	0.02644	0.03673	0.05874	0.27399	0.00644	0.11140	0.00801	0.03569	0.00820
21	0.00924	0.00660	0.00880	0.01056	0.01100	0.00616	0.00704	0.01056	0.01452	0.01936	0.04181	0.72848	0.05017	0.02376	0.00968	0.00308	0.00440	0.02156	0.00704	0.00616
22	0.02166	0.02349	0.08196	0.03544	0.41750	0.14247	0.02083	0.11675	0.02059	0.02692	0.01432	0.01755	0.01154	0.00733	0.00737	0.00221	0.00994	0.00634	0.00429	0.01150
23	0.01590	0.02137	0.17714	0.12010	0.03335	0.01691	0.25245	0.04332	0.04431	0.02389	0.02315	0.02840	0.08671	0.00938	0.00901	0.00259	0.03970	0.03823	0.00440	0.00970

[dist]
# distance from previous block
# <min> <max>
1	3

[block]
# block no. 6 follows, 26 sequences, length 15
# corresponding to MSA columns:
# 225-239
name=unknown_G
#
# <colnr> <probs for GDERKNQSTAVLIFYWHMCP>
#	G	D	E	R	K	N	Q	S	T	A	V	L	I	F	Y	W	H	M	C	P
0	0.01712	0.18270	0.07025	0.01237	0.01612	0.06831	0.01083	0.01995	0.01583	0.07995	0.02253	0.14873	0.02147	0.05355	0.08701	0.00355	0.00849	0.00905	0.14388	0.00834
1	0.01968	0.49419	0.03180	0.04933	0.02051	0.09916	0.01266	0.04927	0.01719	0.01965	0.02015	0.02127	0.10130	0.00853	0.00590	0.00186	0.00825	0.00603	0.00403	0.00925
2	0.02105	0.51953	0.14510	0.01488	0.02193	0.07053	0.01543	0.02454	0.01640	0.07176	0.01265	0.01397	0.01042	0.00692	0.00560	0.00183	0.00886	0.00465	0.00376	0.01017
3	0.07971	0.05572	0.29769	0.02310	0.06537	0.08517	0.15943	0.02366	0.01672	0.02409	0.04356	0.01834	0.01289	0.00778	0.00847	0.00241	0.05538	0.00658	0.00380	0.01014
4	0.01073	0.00839	0.00968	0.01065	0.01158	0.03134	0.00724	0.01322	0.05102	0.02034	0.08675	0.50365	0.07967	0.10308	0.01270	0.00343	0.00506	0.01820	0.00678	0.00648
5	0.01471	0.00935	0.01191	0.05192	0.01488	0.00921	0.00852	0.05836	0.01851	0.09858	0.23426	0.13187	0.06697	0.16049	0.01469	0.00352	0.00565	0.04648	0.03256	0.00756
6	0.01919	0.15349	0.18581	0.07583	0.09995	0.14170	0.04951	0.06481	0.01834	0.02282	0.01796	0.05257	0.04903	0.00869	0.00711	0.00222	0.00994	0.00698	0.00412	0.00995
7	0.03593	0.00923	0.01097	0.01003	0.01276	0.00851	0.00772	0.04848	0.02018	0.06676	0.35482	0.08472	0.20776	0.01548	0.00858	0.00242	0.00439	0.03377	0.00763	0.04986
8	0.01068	0.00775	0.01085	0.01107	0.01199	0.00857	0.00803	0.01258	0.01221	0.01715	0.02385	0.12216	0.02490	0.21121	0.46056	0.00991	0.01528	0.01049	0.00456	0.00619
9	0.00988	0.00724	0.00958	0.01077	0.01123	0.00723	0.00732	0.01121	0.01421	0.01919	0.06255	0.57470	0.04571	0.09798	0.03740	0.00382	0.03823	0.01901	0.00656	0.00616
10	0.06521	0.35750	0.23501	0.01661	0.02398	0.14459	0.01760	0.02443	0.01653	0.02081	0.01169	0.01362	0.00961	0.00698	0.00592	0.00196	0.00991	0.00468	0.00343	0.00993
11	0.02650	0.04973	0.02069	0.01570	0.02094	0.05071	0.01279	0.40546	0.07148	0.12847	0.02156	0.05527	0.01655	0.02909	0.00829	0.00242	0.00776	0.00768	0.03716	0.01174
12	0.01171	0.00912	0.01082	0.01043	0.01261	0.00900	0.00778	0.01792	0.13632	0.02761	0.38481	0.14153	0.15873	0.01624	0.00883	0.00254	0.00416	0.01419	0.00786	0.00777
13	0.02248	0.04512	0.01971	0.07131	0.02277	0.30636	0.01349	0.11196	0.09095	0.02469	0.02045	0.02222	0.06085	0.01098	0.03053	0.00254	0.05201	0.00681	0.05546	0.00931
14	0.02448	0.01816	0.01984	0.01587	0.02073	0.02015	0.01277	0.48269	0.08082	0.04024	0.01997	0.02322	0.01574	0.08355	0.08280	0.00382	0.00931	0.00750	0.00695	0.01140

[dist]
# distance from previous block
# <min> <max>
0	1

[block]
# block no. 7 follows, 26 sequences, length 12
# corresponding to MSA columns:
# 241-252
name=unknown_H
#
# <colnr> <probs for GDERKNQSTAVLIFYWHMCP>
#	G	D	E	R	K	N	Q	S	T	A	V	L	I	F	Y	W	H	M	C	P
0	0.00928	0.00695	0.00846	0.00962	0.01062	0.00631	0.00653	0.01068	0.01506	0.01937	0.05033	0.50329	0.22365	0.06850	0.01136	0.00321	0.00444	0.01934	0.00688	0.00613
1	0.02474	0.01588	0.01825	0.01511	0.01975	0.01672	0.01219	0.34626	0.05871	0.16794	0.02688	0.15026	0.02333	0.01265	0.00818	0.00253	0.00706	0.05450	0.00781	0.01125
2	0.02325	0.05824	0.02538	0.02843	0.25383	0.34471	0.01755	0.02734	0.06086	0.02152	0.01367	0.01652	0.01142	0.00792	0.00826	0.00218	0.05890	0.00586	0.00403	0.01013
3	0.01071	0.00790	0.01017	0.01040	0.01221	0.00735	0.00816	0.01385	0.01934	0.02620	0.38541	0.11419	0.15892	0.01800	0.00937	0.00273	0.00451	0.16592	0.00772	0.00693
4	0.01712	0.01363	0.01619	0.03604	0.01937	0.01100	0.00975	0.02174	0.06038	0.06969	0.01576	0.01741	0.01250	0.00625	0.00596	0.00135	0.00585	0.00506	0.00500	0.64993
5	0.01324	0.00662	0.00970	0.00970	0.00981	0.00662	0.00651	0.01038	0.01026	0.01414	0.01391	0.02339	0.01357	0.02524	0.02810	0.72985	0.00639	0.00662	0.05242	0.00353
6	0.02207	0.41557	0.02966	0.01416	0.01933	0.19751	0.01248	0.06591	0.01835	0.02138	0.01323	0.01509	0.01124	0.00731	0.00560	0.00177	0.00893	0.00485	0.10620	0.00935
7	0.01228	0.00941	0.01285	0.15062	0.01999	0.00998	0.01025	0.06332	0.01677	0.02240	0.10953	0.34248	0.03877	0.11105	0.01282	0.00340	0.00621	0.03461	0.00619	0.00707
8	0.01010	0.00727	0.00944	0.01052	0.01150	0.00685	0.00757	0.01207	0.01606	0.02146	0.15276	0.41041	0.09332	0.08274	0.01212	0.00336	0.00488	0.11417	0.00705	0.00634
9	0.02123	0.43048	0.06658	0.06583	0.02420	0.10451	0.04020	0.09460	0.01832	0.02197	0.01206	0.01430	0.01019	0.00734	0.00675	0.00195	0.04069	0.00504	0.00384	0.00992
10	0.08441	0.12544	0.30017	0.06593	0.07016	0.01919	0.01962	0.02627	0.14611	0.02550	0.03640	0.01927	0.01424	0.00795	0.00686	0.00232	0.00883	0.00624	0.00444	0.01064
11	0.06384	0.01048	0.01087	0.01022	0.01242	0.04296	0.00785	0.01439	0.01698	0.02300	0.17448	0.05303	0.34677	0.04069	0.03381	0.00301	0.08141	0.01248	0.03436	0.00697

[dist]
# distance from previous block
# <min> <max>
10	31

[block]
# block no. 8 follows, 26 sequences, length 29
# corresponding to MSA columns:
# 284-312
name=unknown_I
#
# <colnr> <probs for GDERKNQSTAVLIFYWHMCP>
#	G	D	E	R	K	N	Q	S	T	A	V	L	I	F	Y	W	H	M	C	P
0	0.04242	0.04909	0.14356	0.04766	0.04665	0.01724	0.05338	0.19590	0.04763	0.03048	0.01779	0.07662	0.01496	0.00880	0.00715	0.00213	0.00813	0.00732	0.00529	0.17780
1	0.15198	0.01262	0.01482	0.12474	0.07961	0.04155	0.01137	0.01889	0.01664	0.07646	0.07734	0.10053	0.17779	0.01227	0.00754	0.00241	0.00641	0.01021	0.00575	0.05108
2	0.01435	0.01093	0.01271	0.03609	0.01581	0.01142	0.00939	0.04225	0.21015	0.05421	0.11188	0.17265	0.15252	0.05569	0.01033	0.00295	0.00543	0.05540	0.00724	0.00858
3	0.01213	0.00947	0.01133	0.05502	0.01517	0.03299	0.00895	0.01558	0.04264	0.04404	0.23679	0.20050	0.17231	0.01752	0.00906	0.00271	0.00519	0.09414	0.00718	0.00727
4	0.01103	0.00735	0.00827	0.00827	0.00827	0.00735	0.00460	0.01103	0.01103	0.01471	0.02390	0.04964	0.02758	0.73343	0.03861	0.00735	0.00735	0.01103	0.00460	0.00460
5	0.01224	0.01106	0.01622	0.01478	0.01697	0.04706	0.12396	0.01452	0.01536	0.02018	0.03310	0.49107	0.03796	0.05985	0.01088	0.00308	0.00664	0.01701	0.00604	0.04204
6	0.78701	0.01467	0.01115	0.00997	0.01467	0.01702	0.00821	0.02230	0.01291	0.03403	0.01056	0.01232	0.00821	0.00704	0.00469	0.00235	0.00587	0.00411	0.00469	0.00821
7	0.02255	0.02475	0.01858	0.01692	0.02041	0.36634	0.01300	0.08594	0.10565	0.02291	0.01772	0.02200	0.01501	0.02017	0.17045	0.00451	0.01353	0.02563	0.00488	0.00907
8	0.01012	0.00702	0.00849	0.00930	0.00961	0.00677	0.00577	0.01081	0.01289	0.01708	0.03431	0.36239	0.06498	0.37803	0.02410	0.00519	0.00585	0.01607	0.00582	0.00539
9	0.01031	0.00782	0.00956	0.00983	0.01146	0.00731	0.00709	0.01376	0.05441	0.02464	0.30050	0.28718	0.19039	0.01881	0.00913	0.00267	0.00405	0.01658	0.00759	0.00693
10	0.01726	0.01921	0.04082	0.15419	0.04190	0.01876	0.54453	0.02342	0.01741	0.02342	0.01501	0.02042	0.01126	0.00661	0.00871	0.00255	0.01231	0.00856	0.00375	0.00991
11	0.01014	0.00698	0.00854	0.00942	0.00964	0.00676	0.00582	0.01080	0.01277	0.01703	0.03284	0.38865	0.03886	0.37902	0.02416	0.00522	0.00588	0.01629	0.00582	0.00538
12	0.00939	0.00674	0.00868	0.01017	0.01070	0.00629	0.00673	0.01063	0.01437	0.01900	0.04233	0.62352	0.08783	0.09012	0.01235	0.00345	0.00464	0.02022	0.00681	0.00603
13	0.01710	0.00993	0.01023	0.00916	0.01180	0.01039	0.00714	0.14734	0.01989	0.03221	0.02343	0.02625	0.01812	0.00889	0.00576	0.00187	0.00450	0.00702	0.62071	0.00824
14	0.02775	0.02071	0.02216	0.01723	0.02311	0.02302	0.01416	0.59366	0.10458	0.04606	0.01958	0.01930	0.01401	0.00923	0.00760	0.00231	0.00809	0.00702	0.00760	0.01280
15	0.01164	0.00844	0.01054	0.01109	0.01249	0.00824	0.00804	0.07240	0.01786	0.02393	0.14175	0.43222	0.08361	0.05113	0.01065	0.00309	0.00497	0.07376	0.00719	0.00697
16	0.01270	0.00817	0.01058	0.00974	0.01181	0.00748	0.00730	0.01595	0.02072	0.08646	0.56322	0.05424	0.08908	0.05649	0.01054	0.00268	0.00406	0.01313	0.00817	0.00748
17	0.06114	0.17263	0.26655	0.02481	0.14626	0.02008	0.11918	0.02428	0.01655	0.06019	0.01410	0.01674	0.01078	0.00697	0.00693	0.00223	0.00987	0.00604	0.00383	0.01083
18	0.04587	0.01912	0.05898	0.09317	0.03311	0.01927	0.33091	0.11322	0.01887	0.02641	0.01606	0.05839	0.01331	0.00886	0.01063	0.00263	0.10832	0.00851	0.00444	0.00991
19	0.18700	0.01511	0.01414	0.01299	0.03716	0.08146	0.00975	0.14944	0.02114	0.03122	0.16522	0.03505	0.13757	0.03160	0.00816	0.00245	0.00637	0.00916	0.03634	0.00868
20	0.19002	0.12598	0.01841	0.06172	0.01846	0.06007	0.01084	0.09955	0.01672	0.02549	0.01710	0.02050	0.04996	0.01192	0.01126	0.14123	0.04536	0.00616	0.06124	0.00802
21	0.01634	0.03533	0.01395	0.01183	0.01408	0.01245	0.00870	0.06588	0.13394	0.08732	0.11522	0.08532	0.03088	0.27335	0.02003	0.00428	0.04599	0.01058	0.00639	0.00813
22	0.01726	0.14243	0.05592	0.01263	0.01683	0.01425	0.01111	0.09008	0.02049	0.09388	0.23703	0.07936	0.05518	0.01280	0.00789	0.00233	0.00612	0.07365	0.00674	0.04401
23	0.01814	0.14575	0.42965	0.01849	0.02734	0.01852	0.02176	0.02590	0.06378	0.09492	0.01758	0.02119	0.01348	0.00831	0.00709	0.00234	0.00959	0.04077	0.00441	0.01098
24	0.11965	0.19511	0.02150	0.01293	0.01800	0.01804	0.01101	0.05438	0.14045	0.20621	0.10613	0.02481	0.02254	0.00931	0.00675	0.00221	0.00642	0.00721	0.00674	0.01061
25	0.06884	0.10390	0.02226	0.05826	0.09637	0.01689	0.04875	0.15535	0.02150	0.11499	0.11520	0.07616	0.04865	0.01051	0.00753	0.00232	0.00722	0.00888	0.00626	0.01018
26	0.21645	0.17570	0.01850	0.01118	0.01566	0.01716	0.00954	0.10640	0.01865	0.06586	0.08267	0.02643	0.08922	0.00963	0.00621	0.00213	0.00601	0.00719	0.10643	0.00900
27	0.18245	0.26822	0.02458	0.04057	0.02014	0.04811	0.01198	0.06298	0.09180	0.15675	0.01724	0.01741	0.01290	0.00784	0.00603	0.00211	0.00739	0.00557	0.00553	0.01039
28	0.02308	0.01723	0.01935	0.05425	0.02178	0.01919	0.01281	0.42947	0.06873	0.03754	0.01972	0.02432	0.01597	0.10798	0.08995	0.00408	0.00952	0.00762	0.00658	0.01083

[dist]
# distance from previous block
# <min> <max>
0	4

[block]
# block no. 9 follows, 26 sequences, length 25
# corresponding to MSA columns:
# 317-341
name=unknown_J
#
# <colnr> <probs for GDERKNQSTAVLIFYWHMCP>
#	G	D	E	R	K	N	Q	S	T	A	V	L	I	F	Y	W	H	M	C	P
0	0.01871	0.01820	0.02420	0.02014	0.02174	0.05851	0.06161	0.10409	0.01579	0.02258	0.01191	0.01742	0.01078	0.01358	0.04591	0.00339	0.51164	0.00679	0.00398	0.00901
1	0.01547	0.01220	0.01571	0.01216	0.01746	0.00974	0.04136	0.01865	0.01650	0.06448	0.07640	0.13501	0.02315	0.00966	0.00685	0.00169	0.00566	0.00845	0.00550	0.50392
2	0.00995	0.00745	0.00853	0.00865	0.01004	0.00679	0.00592	0.01161	0.01606	0.02085	0.18608	0.15555	0.28294	0.21599	0.01723	0.00392	0.00483	0.01493	0.00665	0.00603
3	0.01198	0.00836	0.01035	0.01042	0.01165	0.00832	0.00738	0.01339	0.01494	0.06674	0.06236	0.30706	0.18797	0.16317	0.01648	0.00377	0.06699	0.01563	0.00643	0.00660
4	0.04642	0.01188	0.01666	0.01379	0.01674	0.01234	0.11268	0.09469	0.01786	0.02707	0.06321	0.07750	0.04288	0.10848	0.01246	0.00298	0.04942	0.00938	0.25558	0.00799
5	0.06263	0.01761	0.10895	0.07388	0.20934	0.01551	0.01681	0.05512	0.12116	0.02638	0.04610	0.09247	0.06786	0.01101	0.00784	0.00252	0.00762	0.04169	0.00538	0.01012
6	0.01216	0.01007	0.01063	0.00994	0.01292	0.00982	0.00761	0.05092	0.14619	0.02540	0.14393	0.05932	0.43990	0.01646	0.00865	0.00253	0.00446	0.01379	0.00737	0.00793
7	0.06776	0.01096	0.01278	0.01443	0.10157	0.01090	0.00941	0.01902	0.12737	0.02533	0.11108	0.04974	0.33673	0.01422	0.00804	0.00244	0.00499	0.01193	0.05298	0.00833
8	0.02555	0.07502	0.08576	0.02235	0.10329	0.44760	0.01679	0.09325	0.02158	0.02277	0.01280	0.01488	0.01034	0.00769	0.00691	0.00204	0.01201	0.00533	0.00416	0.00988
9	0.00959	0.00678	0.00883	0.01018	0.01066	0.00639	0.00672	0.01089	0.01455	0.01953	0.08497	0.58991	0.04867	0.11807	0.01350	0.00360	0.00474	0.01960	0.00681	0.00602
10	0.01053	0.00766	0.00997	0.01004	0.01166	0.00711	0.00757	0.01362	0.01964	0.02714	0.47017	0.17082	0.10600	0.01767	0.00923	0.00263	0.00408	0.07964	0.00791	0.00693
11	0.01595	0.01368	0.01583	0.01154	0.01810	0.01074	0.00920	0.02062	0.06298	0.02522	0.01473	0.01663	0.01209	0.00595	0.00577	0.00123	0.00565	0.00479	0.00473	0.72456
12	0.01854	0.10883	0.02892	0.22929	0.36586	0.04307	0.02060	0.05445	0.01751	0.02332	0.01368	0.01814	0.01115	0.00711	0.00718	0.00224	0.00934	0.00635	0.00378	0.01064
13	0.00935	0.00680	0.00873	0.01012	0.01084	0.00628	0.00683	0.01080	0.01505	0.01988	0.07741	0.60080	0.11818	0.04741	0.01057	0.00314	0.00440	0.02021	0.00702	0.00618
14	0.01173	0.00788	0.00997	0.01071	0.01190	0.00758	0.00740	0.01468	0.06263	0.06200	0.09104	0.49909	0.06606	0.08518	0.01194	0.00331	0.00483	0.01802	0.00712	0.00694
15	0.07160	0.01223	0.01621	0.12822	0.08165	0.01319	0.01233	0.10575	0.01882	0.07501	0.09692	0.06424	0.05422	0.01808	0.11893	0.00393	0.00887	0.00885	0.08202	0.00891
16	0.01541	0.00907	0.01140	0.01066	0.01190	0.00940	0.00756	0.11583	0.01522	0.02127	0.01818	0.07131	0.01743	0.07196	0.02220	0.44448	0.00638	0.00800	0.10675	0.00562
17	0.01492	0.00782	0.00790	0.00762	0.00962	0.00794	0.00579	0.05178	0.01695	0.02931	0.02440	0.02774	0.01909	0.00885	0.00542	0.00179	0.00379	0.00706	0.73482	0.00738
18	0.01166	0.01024	0.01652	0.01511	0.01678	0.01056	0.11332	0.01395	0.01505	0.02048	0.05942	0.47065	0.06213	0.01909	0.01152	0.00298	0.10024	0.01705	0.00608	0.00715
19	0.21832	0.03599	0.01737	0.12118	0.02314	0.01665	0.01191	0.18822	0.02023	0.03172	0.01934	0.04271	0.06024	0.00878	0.00655	0.00214	0.00700	0.00671	0.00541	0.15638
20	0.05809	0.02369	0.14712	0.03534	0.42015	0.10813	0.02179	0.02399	0.01739	0.02421	0.01466	0.01994	0.01236	0.00756	0.00734	0.00229	0.00978	0.03126	0.00385	0.01105
21	0.06446	0.02146	0.18429	0.02326	0.05030	0.01641	0.26488	0.04294	0.01674	0.02438	0.01968	0.15931	0.01853	0.01054	0.00916	0.00263	0.04687	0.01011	0.00448	0.00957
22	0.24373	0.07209	0.17972	0.01942	0.06973	0.01706	0.12918	0.02219	0.01544	0.04525	0.03999	0.03738	0.01370	0.00892	0.00813	0.04917	0.00865	0.00659	0.00428	0.00938
23	0.02214	0.18395	0.08275	0.01909	0.05789	0.11386	0.04136	0.19070	0.02122	0.02751	0.01394	0.01641	0.01125	0.00859	0.00949	0.00225	0.12029	0.00591	0.04103	0.01035
24	0.04920	0.01782	0.02154	0.03935	0.02217	0.10735	0.11603	0.12429	0.01898	0.02661	0.01631	0.02109	0.01348	0.04810	0.03537	0.00289	0.11616	0.00691	0.13187	0.06448

[dist]
# distance from previous block
# <min> <max>
0	6

[block]
# block no. 10 follows, 26 sequences, length 19
# corresponding to MSA columns:
# 348-366
name=unknown_K
#
# <colnr> <probs for GDERKNQSTAVLIFYWHMCP>
#	G	D	E	R	K	N	Q	S	T	A	V	L	I	F	Y	W	H	M	C	P
0	0.05320	0.00868	0.00922	0.00930	0.01189	0.00804	0.00731	0.01401	0.05120	0.02281	0.10493	0.06818	0.47304	0.01810	0.00889	0.00268	0.00453	0.11001	0.00703	0.00693
1	0.02196	0.01615	0.01770	0.03946	0.02001	0.01734	0.01176	0.40727	0.02792	0.03780	0.02844	0.10002	0.10269	0.01173	0.00771	0.00232	0.00689	0.00948	0.07939	0.03394
2	0.01748	0.01904	0.02892	0.16843	0.03356	0.11639	0.25854	0.02181	0.01693	0.02147	0.01848	0.05557	0.04987	0.00895	0.00958	0.00245	0.07437	0.00836	0.00408	0.06570
3	0.01084	0.00813	0.01219	0.01219	0.01354	0.00948	0.00948	0.01354	0.01219	0.01761	0.02032	0.02980	0.01896	0.05689	0.70337	0.01219	0.02032	0.00813	0.00406	0.00677
