[name]
unknown

[dist]
# distance from previous block
# <min> <max>
0	0

[block]
# block no. 0 follows, 29 sequences, length 112
# corresponding to MSA columns:
# 0-111
name=unknown_A
#
# <colnr> <probs for GDERKNQSTAVLIFYWHMCP>
#	G	D	E	R	K	N	Q	S	T	A	V	L	I	F	Y	W	H	M	C	P
0	0.01147	0.00820	0.01147	0.01311	0.01475	0.00820	0.01147	0.01475	0.01639	0.02131	0.03770	0.08032	0.04098	0.01967	0.00984	0.00328	0.00656	0.65741	0.00656	0.00656
1	0.01093	0.00747	0.00979	0.00910	0.01093	0.00686	0.00686	0.01427	0.02016	0.05512	0.67534	0.05206	0.06526	0.01433	0.00835	0.00224	0.00346	0.01265	0.00788	0.00693
2	0.00881	0.00630	0.00838	0.00982	0.01036	0.00587	0.00662	0.01025	0.01426	0.01917	0.10291	0.67860	0.04903	0.02156	0.00902	0.00283	0.00406	0.01953	0.00673	0.00587
3	0.01088	0.00838	0.01007	0.00945	0.01157	0.00813	0.00714	0.01632	0.11291	0.02725	0.50853	0.05192	0.16142	0.01443	0.00824	0.00229	0.00371	0.01255	0.00756	0.00724
4	0.02474	0.01718	0.01886	0.01517	0.02029	0.01881	0.01230	0.36679	0.24967	0.14439	0.02276	0.02135	0.01616	0.00896	0.00717	0.00224	0.00683	0.00707	0.00743	0.01183
5	0.02787	0.01441	0.01758	0.01375	0.01890	0.01434	0.01128	0.24859	0.04625	0.40367	0.05343	0.02337	0.01809	0.01111	0.04089	0.00263	0.00713	0.00721	0.00792	0.01158
6	0.01379	0.00810	0.01071	0.00959	0.01192	0.00736	0.00736	0.01705	0.02019	0.14435	0.58718	0.04827	0.05877	0.01358	0.00819	0.00223	0.00382	0.01191	0.00800	0.00764
7	0.01363	0.01285	0.02169	0.70193	0.07830	0.01587	0.01987	0.01836	0.01433	0.01842	0.01269	0.01892	0.00957	0.00708	0.00712	0.00236	0.00945	0.00633	0.00318	0.00806
8	0.01850	0.67326	0.11340	0.01310	0.01969	0.02686	0.01377	0.02146	0.01453	0.01741	0.01022	0.01183	0.00912	0.00617	0.00482	0.00161	0.00794	0.00397	0.00304	0.00929
9	0.01017	0.00763	0.01144	0.01144	0.01272	0.00890	0.00890	0.01272	0.01144	0.01653	0.01907	0.02797	0.01780	0.05340	0.72153	0.01144	0.01907	0.00763	0.00381	0.00636
10	0.00868	0.00725	0.00758	0.00758	0.00989	0.00615	0.00574	0.01069	0.01663	0.02023	0.13350	0.06740	0.61733	0.01774	0.00846	0.00242	0.00368	0.03620	0.00673	0.00610
11	0.02609	0.03143	0.02002	0.01788	0.02170	0.61624	0.01357	0.10322	0.02141	0.02056	0.01198	0.01385	0.00981	0.00905	0.03091	0.00220	0.01248	0.00490	0.00407	0.00863
12	0.01363	0.01284	0.02169	0.70256	0.07769	0.01587	0.01987	0.01835	0.01432	0.01841	0.01269	0.01892	0.00957	0.00709	0.00712	0.00236	0.00945	0.00633	0.00318	0.00806
13	0.01096	0.00803	0.01076	0.01212	0.01389	0.00783	0.01046	0.01399	0.01636	0.02096	0.04348	0.07834	0.15198	0.01940	0.00960	0.00313	0.00606	0.54961	0.00657	0.00647
14	0.00868	0.00620	0.00826	0.00991	0.01033	0.00578	0.00661	0.00991	0.01363	0.01818	0.03925	0.74510	0.04710	0.02231	0.00909	0.00289	0.00413	0.02024	0.00661	0.00578
15	0.01672	0.01896	0.04064	0.02924	0.03595	0.01827	0.63423	0.02242	0.01640	0.02242	0.01406	0.01896	0.01071	0.00644	0.00942	0.00245	0.06139	0.00826	0.00357	0.00948
16	0.01904	0.75404	0.03731	0.01218	0.01828	0.02818	0.01218	0.02132	0.01447	0.01675	0.00990	0.01142	0.00914	0.00609	0.00457	0.00152	0.00761	0.00381	0.00305	0.00914
17	0.00842	0.00721	0.00721	0.00721	0.00962	0.00601	0.00541	0.01022	0.01623	0.01924	0.07213	0.06853	0.70244	0.01803	0.00842	0.00240	0.00361	0.01503	0.00661	0.00601
18	0.02707	0.01995	0.02137	0.01638	0.02208	0.02208	0.01353	0.68159	0.03348	0.04488	0.01710	0.01710	0.01211	0.00855	0.00712	0.00214	0.00784	0.00641	0.00712	0.01211
19	0.80005	0.01377	0.01047	0.00936	0.01377	0.01597	0.00771	0.02093	0.01212	0.03195	0.00991	0.01157	0.00771	0.00661	0.00441	0.00220	0.00551	0.00386	0.00441	0.00771
20	0.01147	0.00820	0.01147	0.01311	0.01475	0.00820	0.01147	0.01475	0.01639	0.02131	0.03770	0.08032	0.04098	0.01967	0.00984	0.00328	0.00656	0.65741	0.00656	0.00656
21	0.01762	0.01692	0.02890	0.04371	0.70533	0.01692	0.02185	0.02185	0.01621	0.02326	0.01339	0.01762	0.01128	0.00634	0.00705	0.00211	0.00846	0.00634	0.00352	0.01128
22	0.01008	0.00728	0.00952	0.00896	0.01064	0.00672	0.00672	0.01344	0.02016	0.02855	0.70158	0.05319	0.06719	0.01456	0.00840	0.00224	0.00336	0.01288	0.00784	0.00672
23	0.00868	0.00620	0.00826	0.00991	0.01033	0.00578	0.00661	0.00991	0.01363	0.01818	0.03925	0.74510	0.04710	0.02231	0.00909	0.00289	0.00413	0.02024	0.00661	0.00578
24	0.00856	0.00722	0.00741	0.00736	0.00971	0.00607	0.00552	0.01050	0.01657	0.02005	0.12679	0.06720	0.64728	0.01773	0.00841	0.00239	0.00359	0.01484	0.00672	0.00607
25	0.00868	0.00620	0.00826	0.00991	0.01033	0.00578	0.00661	0.00991	0.01363	0.01818	0.03925	0.74510	0.04710	0.02231	0.00909	0.00289	0.00413	0.02024	0.00661	0.00578
26	0.01904	0.75404	0.03731	0.01218	0.01828	0.02818	0.01218	0.02132	0.01447	0.01675	0.00990	0.01142	0.00914	0.00609	0.00457	0.00152	0.00761	0.00381	0.00305	0.00914
27	0.02666	0.01929	0.02086	0.01596	0.02168	0.02103	0.01317	0.62461	0.03207	0.06944	0.01730	0.01726	0.01225	0.00840	0.00704	0.00209	0.00764	0.00633	0.00705	0.04987
28	0.01720	0.05389	0.14174	0.02385	0.03007	0.01886	0.35623	0.09093	0.01710	0.02370	0.01375	0.01834	0.01086	0.03162	0.01095	0.00256	0.11777	0.00723	0.00381	0.00955
29	0.01771	0.01530	0.01610	0.01449	0.01852	0.01771	0.01127	0.03784	0.69247	0.02979	0.02898	0.02657	0.02174	0.00966	0.00725	0.00242	0.00564	0.00805	0.00725	0.01127
30	0.01008	0.00728	0.00952	0.00896	0.01064	0.00672	0.00672	0.01344	0.02016	0.02855	0.70158	0.05319	0.06719	0.01456	0.00840	0.00224	0.00336	0.01288	0.00784	0.00672
31	0.10019	0.01936	0.02034	0.01572	0.02130	0.02150	0.01298	0.61909	0.03146	0.04365	0.01642	0.01657	0.01169	0.00836	0.00687	0.00214	0.00762	0.00617	0.00687	0.01169
32	0.01520	0.01298	0.01171	0.01057	0.01350	0.12118	0.00807	0.07588	0.01926	0.07757	0.16698	0.04810	0.33943	0.03729	0.00876	0.00239	0.00570	0.01144	0.00652	0.00747
33	0.01003	0.00724	0.00947	0.00899	0.01063	0.00669	0.00671	0.01331	0.01992	0.02818	0.67795	0.07787	0.06647	0.01483	0.00842	0.00226	0.00339	0.01314	0.00779	0.00669
34	0.02707	0.01995	0.02137	0.01638	0.02208	0.02208	0.01353	0.68159	0.03348	0.04488	0.01710	0.01710	0.01211	0.00855	0.00712	0.00214	0.00784	0.00641	0.00712	0.01211
35	0.00981	0.00727	0.00915	0.00868	0.01048	0.00661	0.00651	0.01293	0.01953	0.02708	0.60192	0.05562	0.16776	0.01511	0.00840	0.00227	0.00340	0.01322	0.00764	0.00661
36	0.01261	0.00784	0.01033	0.00939	0.01151	0.00715	0.00715	0.01590	0.02018	0.10744	0.62364	0.04984	0.06145	0.01389	0.00826	0.00224	0.00367	0.01222	0.00795	0.00734
37	0.01017	0.00763	0.01144	0.01144	0.01272	0.00890	0.00890	0.01272	0.01144	0.01653	0.01907	0.02797	0.01780	0.05340	0.72153	0.01144	0.01907	0.00763	0.00381	0.00636
38	0.02707	0.01995	0.02137	0.01638	0.02208	0.02208	0.01353	0.68159	0.03348	0.04488	0.01710	0.01710	0.01211	0.00855	0.00712	0.00214	0.00784	0.00641	0.00712	0.01211
39	0.01681	0.01921	0.04202	0.03001	0.03721	0.01801	0.67947	0.02281	0.01681	0.02281	0.01441	0.01921	0.01080	0.00600	0.00840	0.00240	0.01200	0.00840	0.00360	0.00960
40	0.02707	0.01995	0.02137	0.01638	0.02208	0.02208	0.01353	0.68159	0.03348	0.04488	0.01710	0.01710	0.01211	0.00855	0.00712	0.00214	0.00784	0.00641	0.00712	0.01211
41	0.01451	0.07150	0.68020	0.01990	0.03021	0.01710	0.02563	0.02249	0.01501	0.02227	0.01264	0.01486	0.00903	0.00673	0.00666	0.00222	0.01038	0.00519	0.00301	0.01046
42	0.00868	0.00620	0.00826	0.00991	0.01033	0.00578	0.00661	0.00991	0.01363	0.01818	0.03925	0.74510	0.04710	0.02231	0.00909	0.00289	0.00413	0.02024	0.00661	0.00578
43	0.00868	0.00620	0.00826	0.00991	0.01033	0.00578	0.00661	0.00991	0.01363	0.01818	0.03925	0.74510	0.04710	0.02231	0.00909	0.00289	0.00413	0.02024	0.00661	0.00578
44	0.01698	0.01873	0.03929	0.03286	0.17634	0.01778	0.54253	0.02261	0.01668	0.02290	0.01420	0.01888	0.01090	0.00607	0.00812	0.00234	0.01127	0.00797	0.00359	0.00995
45	0.01762	0.01692	0.02890	0.04371	0.70533	0.01692	0.02185	0.02185	0.01621	0.02326	0.01339	0.01762	0.01128	0.00634	0.00705	0.00211	0.00846	0.00634	0.00352	0.01128
46	0.01428	0.03683	0.71286	0.02030	0.03082	0.01654	0.02631	0.02255	0.01503	0.02255	0.01278	0.01503	0.00902	0.00677	0.00677	0.00226	0.01052	0.00526	0.00301	0.01052
47	0.01008	0.00728	0.00952	0.00896	0.01064	0.00672	0.00672	0.01344	0.02016	0.02855	0.70158	0.05319	0.06719	0.01456	0.00840	0.00224	0.00336	0.01288	0.00784	0.00672
48	0.01036	0.00690	0.00777	0.00777	0.00777	0.00690	0.00431	0.01036	0.01036	0.01381	0.02244	0.04660	0.02589	0.74975	0.03624	0.00690	0.00690	0.01036	0.00431	0.00431
49	0.00868	0.00620	0.00826	0.00991	0.01033	0.00578	0.00661	0.00991	0.01363	0.01818	0.03925	0.74510	0.04710	0.02231	0.00909	0.00289	0.00413	0.02024	0.00661	0.00578
50	0.01008	0.00728	0.00952	0.00896	0.01064	0.00672	0.00672	0.01344	0.02016	0.02855	0.70158	0.05319	0.06719	0.01456	0.00840	0.00224	0.00336	0.01288	0.00784	0.00672
51	0.01428	0.03683	0.71286	0.02030	0.03082	0.01654	0.02631	0.02255	0.01503	0.02255	0.01278	0.01503	0.00902	0.00677	0.00677	0.00226	0.01052	0.00526	0.00301	0.01052
52	0.00923	0.00659	0.00889	0.01054	0.01120	0.00626	0.00757	0.01087	0.01418	0.01879	0.03894	0.61427	0.04589	0.02179	0.00924	0.00297	0.00461	0.14564	0.00660	0.00594
53	0.00966	0.00726	0.00894	0.00852	0.01038	0.00654	0.00639	0.01263	0.01917	0.02621	0.54326	0.05705	0.22697	0.01543	0.00840	0.00228	0.00342	0.01342	0.00753	0.00654
54	0.01904	0.75404	0.03731	0.01218	0.01828	0.02818	0.01218	0.02132	0.01447	0.01675	0.00990	0.01142	0.00914	0.00609	0.00457	0.00152	0.00761	0.00381	0.00305	0.00914
55	0.02746	0.01932	0.02098	0.01609	0.02177	0.02115	0.01329	0.62986	0.03243	0.09808	0.01798	0.01767	0.01255	0.00857	0.00713	0.00214	0.00769	0.00647	0.00726	0.01211
56	0.00855	0.00722	0.00740	0.00736	0.00970	0.00607	0.00552	0.01048	0.01655	0.02000	0.12384	0.06727	0.65026	0.01775	0.00841	0.00239	0.00359	0.01485	0.00671	0.00607
57	0.02704	0.01877	0.02057	0.01585	0.02140	0.02049	0.01308	0.59510	0.03147	0.11166	0.01828	0.01816	0.01285	0.00996	0.02925	0.00243	0.00800	0.00652	0.00719	0.01193
58	0.01561	0.01321	0.02136	0.03002	0.40758	0.01307	0.01678	0.01942	0.01690	0.05013	0.10272	0.03920	0.02629	0.01105	0.00797	0.00245	0.00724	0.18446	0.00507	0.00948
59	0.02707	0.01995	0.02137	0.01638	0.02208	0.02208	0.01353	0.68159	0.03348	0.04488	0.01710	0.01710	0.01211	0.00855	0.00712	0.00214	0.00784	0.00641	0.00712	0.01211
60	0.01906	0.01848	0.02403	0.11643	0.37793	0.11457	0.01801	0.11869	0.01907	0.02472	0.01796	0.02090	0.06320	0.00779	0.00708	0.00213	0.00873	0.00677	0.00427	0.01018
61	0.01444	0.03587	0.67980	0.02143	0.06342	0.01656	0.02609	0.02252	0.01509	0.02258	0.01281	0.01516	0.00913	0.00674	0.00678	0.00225	0.01042	0.00531	0.00303	0.01056
62	0.02542	0.01846	0.02013	0.01532	0.02110	0.01961	0.01261	0.54957	0.03000	0.07293	0.01694	0.01708	0.01213	0.00806	0.00684	0.00197	0.00736	0.00611	0.00676	0.13161
63	0.01147	0.00820	0.01147	0.01311	0.01475	0.00820	0.01147	0.01475	0.01639	0.02131	0.03770	0.08032	0.04098	0.01967	0.00984	0.00328	0.00656	0.65741	0.00656	0.00656
64	0.02633	0.01941	0.02094	0.01617	0.02167	0.02151	0.01333	0.65239	0.03252	0.04364	0.01718	0.01757	0.01236	0.01051	0.03831	0.00254	0.00833	0.00646	0.00698	0.01186
65	0.01558	0.01558	0.02181	0.01869	0.01869	0.02181	0.01558	0.01714	0.01091	0.01714	0.00935	0.01558	0.00935	0.01246	0.02337	0.00312	0.73672	0.00623	0.00312	0.00779
66	0.00868	0.00620	0.00826	0.00991	0.01033	0.00578	0.00661	0.00991	0.01363	0.01818	0.03925	0.74510	0.04710	0.02231	0.00909	0.00289	0.00413	0.02024	0.00661	0.00578
67	0.01762	0.01692	0.02890	0.04371	0.70533	0.01692	0.02185	0.02185	0.01621	0.02326	0.01339	0.01762	0.01128	0.00634	0.00705	0.00211	0.00846	0.00634	0.00352	0.01128
68	0.03195	0.01212	0.01652	0.01267	0.01818	0.01047	0.01047	0.03470	0.02038	0.71026	0.02809	0.02424	0.01763	0.00881	0.00716	0.00220	0.00606	0.00716	0.00881	0.01212
69	0.00975	0.00727	0.00906	0.00861	0.01044	0.00658	0.00646	0.01280	0.01938	0.02671	0.57680	0.05623	0.19311	0.01525	0.00840	0.00227	0.00341	0.01330	0.00760	0.00658
70	0.01052	0.00749	0.01078	0.01078	0.01206	0.00858	0.00831	0.01307	0.01180	0.01756	0.01965	0.02844	0.01812	0.07183	0.61847	0.01020	0.01690	0.00761	0.09150	0.00632
71	0.01036	0.00690	0.00777	0.00777	0.00777	0.00690	0.00431	0.01036	0.01036	0.01381	0.02244	0.04660	0.02589	0.74975	0.03624	0.00690	0.00690	0.01036	0.00431	0.00431
72	0.00883	0.00646	0.00830	0.00947	0.01028	0.00593	0.00648	0.01041	0.01480	0.01966	0.12973	0.57393	0.12794	0.02079	0.00892	0.00275	0.00397	0.01866	0.00677	0.00593
73	0.01496	0.01261	0.02096	0.67358	0.04651	0.01538	0.01901	0.01955	0.01474	0.07496	0.01392	0.01942	0.01016	0.00726	0.00712	0.00236	0.00921	0.00640	0.00363	0.00826
74	0.01477	0.01266	0.01477	0.01055	0.01687	0.00949	0.00844	0.01793	0.01477	0.02320	0.01266	0.01477	0.01055	0.00527	0.00527	0.00105	0.00527	0.00422	0.00422	0.79328
75	0.01798	0.01576	0.01611	0.01444	0.01845	0.03938	0.01123	0.05660	0.62972	0.02954	0.02942	0.02717	0.04260	0.00982	0.00725	0.00239	0.00586	0.00811	0.00711	0.01104
76	0.02697	0.01949	0.02101	0.01618	0.02181	0.02148	0.01334	0.63552	0.05345	0.07119	0.01791	0.01768	0.01263	0.00859	0.00713	0.00215	0.00770	0.00649	0.00720	0.01208
77	0.01476	0.11306	0.60922	0.05117	0.03028	0.01776	0.02450	0.02222	0.01494	0.02173	0.01246	0.01482	0.00905	0.00671	0.00654	0.00218	0.01016	0.00515	0.00302	0.01026
78	0.02660	0.03394	0.02018	0.01834	0.02201	0.72116	0.01376	0.02843	0.02018	0.01743	0.01101	0.01284	0.00917	0.00734	0.00642	0.00183	0.01284	0.00459	0.00367	0.00825
79	0.00854	0.00722	0.00739	0.00735	0.00970	0.00607	0.00551	0.01047	0.01653	0.01996	0.12089	0.06734	0.65324	0.01776	0.00841	0.00239	0.00359	0.01486	0.00671	0.00607
80	0.01685	0.01910	0.04140	0.03066	0.06872	0.01796	0.64847	0.02276	0.01678	0.02283	0.01436	0.01913	0.01083	0.00602	0.00834	0.00239	0.01184	0.00831	0.00360	0.00968
81	0.01392	0.01298	0.01882	0.01970	0.12477	0.01625	0.01373	0.01593	0.01225	0.01799	0.01748	0.07808	0.04750	0.06523	0.12062	0.00435	0.38074	0.00820	0.00379	0.00768
82	0.00956	0.00689	0.00925	0.01082	0.01172	0.00657	0.00812	0.01148	0.01464	0.01923	0.04022	0.50107	0.07434	0.02127	0.00930	0.00299	0.00489	0.22500	0.00659	0.00604
83	0.01418	0.01341	0.02269	0.61113	0.16479	0.01601	0.02014	0.01884	0.01459	0.01909	0.01279	0.01874	0.00981	0.00698	0.00711	0.00233	0.00931	0.00633	0.00323	0.00850
84	0.01326	0.01240	0.02093	0.59368	0.04310	0.01531	0.04184	0.01766	0.01387	0.01812	0.01336	0.01993	0.01053	0.01281	0.09307	0.00349	0.03906	0.00655	0.00326	0.00778
85	0.01671	0.01891	0.04036	0.02908	0.03570	0.01832	0.62501	0.02234	0.01632	0.02234	0.01399	0.01891	0.01068	0.00653	0.00963	0.00246	0.07145	0.00823	0.00356	0.00946
86	0.00873	0.00622	0.00825	0.00984	0.01024	0.00582	0.00653	0.00993	0.01352	0.01803	0.03869	0.72185	0.04639	0.04653	0.00999	0.00303	0.00422	0.01991	0.00653	0.00573
87	0.02971	0.01279	0.01665	0.01287	0.01824	0.01161	0.01058	0.09299	0.04357	0.58062	0.05010	0.02436	0.01875	0.00890	0.00714	0.00217	0.00609	0.00723	0.00842	0.03720
88	0.02446	0.02439	0.02149	0.02128	0.12929	0.30536	0.01471	0.21730	0.07701	0.05145	0.01513	0.01641	0.01166	0.00792	0.00732	0.00206	0.03162	0.00581	0.00510	0.01021
89	0.01520	0.01292	0.01500	0.01076	0.01706	0.00994	0.00862	0.04160	0.01543	0.02398	0.01281	0.01485	0.01060	0.00539	0.00534	0.00109	0.00536	0.00430	0.00432	0.76542
90	0.01345	0.01266	0.02136	0.73264	0.04904	0.01582	0.01978	0.01819	0.01424	0.01819	0.01266	0.01898	0.00949	0.00712	0.00712	0.00237	0.00949	0.00633	0.00316	0.00791
91	0.01036	0.00690	0.00777	0.00777	0.00777	0.00690	0.00431	0.01036	0.01036	0.01381	0.02244	0.04660	0.02589	0.74975	0.03624	0.00690	0.00690	0.01036	0.00431	0.00431
92	0.80005	0.01377	0.01047	0.00936	0.01377	0.01597	0.00771	0.02093	0.01212	0.03195	0.00991	0.01157	0.00771	0.00661	0.00441	0.00220	0.00551	0.00386	0.00441	0.00771
93	0.01428	0.03683	0.71286	0.02030	0.03082	0.01654	0.02631	0.02255	0.01503	0.02255	0.01278	0.01503	0.00902	0.00677	0.00677	0.00226	0.01052	0.00526	0.00301	0.01052
94	0.01028	0.00760	0.01128	0.01128	0.01256	0.00882	0.00877	0.01285	0.01156	0.01687	0.01921	0.02793	0.01782	0.05187	0.69708	0.01111	0.01854	0.00760	0.03062	0.00637
95	0.01598	0.01625	0.02175	0.01868	0.01882	0.04720	0.01551	0.01755	0.01124	0.01715	0.00941	0.01548	0.00934	0.01228	0.02275	0.00307	0.71044	0.00617	0.00314	0.00781
96	0.00874	0.00625	0.00832	0.00987	0.01034	0.00583	0.00662	0.01009	0.01395	0.01868	0.07126	0.71166	0.04807	0.02193	0.00906	0.00286	0.00409	0.01989	0.00667	0.00583
97	0.01036	0.00690	0.00777	0.00777	0.00777	0.00690	0.00431	0.01036	0.01036	0.01381	0.02244	0.04660	0.02589	0.74975	0.03624	0.00690	0.00690	0.01036	0.00431	0.00431
98	0.01035	0.00692	0.00783	0.00781	0.00786	0.00690	0.00440	0.01046	0.01069	0.01430	0.04531	0.04682	0.02728	0.72499	0.03530	0.00675	0.00678	0.01044	0.00443	0.00440
99	0.02707	0.01995	0.02137	0.01638	0.02208	0.02208	0.01353	0.68159	0.03348	0.04488	0.01710	0.01710	0.01211	0.00855	0.00712	0.00214	0.00784	0.00641	0.00712	0.01211
100	0.02660	0.03394	0.02018	0.01834	0.02201	0.72116	0.01376	0.02843	0.02018	0.01743	0.01101	0.01284	0.00917	0.00734	0.00642	0.00183	0.01284	0.00459	0.00367	0.00825
101	0.00948	0.00738	0.00881	0.00962	0.01145	0.00671	0.00764	0.01169	0.01587	0.01976	0.05537	0.17960	0.37672	0.01926	0.00900	0.00277	0.00468	0.23142	0.00659	0.00616
102	0.00879	0.00628	0.00839	0.01004	0.01051	0.00588	0.00681	0.01011	0.01374	0.01830	0.03918	0.71834	0.04685	0.02220	0.00912	0.00291	0.00423	0.04589	0.00661	0.00581
103	0.01878	0.01912	0.02778	0.04043	0.61703	0.10792	0.02081	0.02270	0.01673	0.02251	0.01309	0.01701	0.01101	0.00647	0.00697	0.00208	0.00903	0.00612	0.00354	0.01089
104	0.01912	0.66381	0.06527	0.01290	0.01900	0.05818	0.01284	0.02229	0.03937	0.01751	0.01077	0.01219	0.00959	0.00631	0.00484	0.00160	0.00790	0.00406	0.00322	0.00924
105	0.01755	0.01532	0.01653	0.01481	0.01853	0.01802	0.01160	0.03628	0.64108	0.02883	0.02750	0.02574	0.02080	0.00987	0.00846	0.00247	0.06076	0.00791	0.00693	0.01101
106	0.01671	0.01893	0.04049	0.02916	0.03582	0.01829	0.62941	0.02238	0.01636	0.02238	0.01402	0.01893	0.01069	0.00649	0.00953	0.00245	0.06665	0.00824	0.00356	0.00947
107	0.00848	0.00697	0.00746	0.00785	0.00979	0.00596	0.00569	0.01015	0.01562	0.01899	0.06440	0.22771	0.54825	0.01904	0.00857	0.00252	0.00373	0.01626	0.00661	0.00596
108	0.01731	0.01670	0.02277	0.01967	0.01985	0.02248	0.01612	0.01832	0.01208	0.01882	0.01122	0.01803	0.01107	0.01349	0.02363	0.00341	0.71579	0.00678	0.00375	0.00870
109	0.01170	0.01084	0.04305	0.01066	0.01321	0.03150	0.00846	0.01342	0.01714	0.02142	0.08292	0.15807	0.43416	0.01866	0.00923	0.00286	0.00532	0.09313	0.00692	0.00732
110	0.00868	0.00620	0.00826	0.00991	0.01033	0.00578	0.00661	0.00991	0.01363	0.01818	0.03925	0.74510	0.04710	0.02231	0.00909	0.00289	0.00413	0.02024	0.00661	0.00578
111	0.03130	0.01198	0.01632	0.01256	0.01796	0.01036	0.01036	0.03408	0.02037	0.69018	0.04793	0.02509	0.01909	0.00898	0.00720	0.00220	0.00598	0.00733	0.00878	0.01196

[dist]
# distance from previous block
# <min> <max>
0	6

[block]
# block no. 1 follows, 29 sequences, length 100
# corresponding to MSA columns:
# 118-217
name=unknown_B
#
# <colnr> <probs for GDERKNQSTAVLIFYWHMCP>
#	G	D	E	R	K	N	Q	S	T	A	V	L	I	F	Y	W	H	M	C	P
0	0.01747	0.07035	0.64937	0.02148	0.03160	0.01846	0.02605	0.02422	0.01678	0.02485	0.01564	0.01904	0.01195	0.00875	0.00793	0.00277	0.01117	0.00617	0.00408	0.01186
1	0.01198	0.00774	0.00990	0.00910	0.01124	0.00699	0.00691	0.01508	0.01968	0.09326	0.55643	0.05234	0.14318	0.01444	0.00828	0.00226	0.00365	0.01260	0.00778	0.00715
2	0.01000	0.00728	0.00940	0.00887	0.01059	0.00668	0.00665	0.01328	0.01996	0.02809	0.67031	0.05395	0.09874	0.01473	0.00840	0.00225	0.00337	0.01298	0.00778	0.00668
3	0.01644	0.01846	0.03954	0.02847	0.03504	0.01760	0.62052	0.02197	0.01626	0.02214	0.01461	0.02043	0.01150	0.04319	0.01036	0.00265	0.03950	0.00842	0.00362	0.00927
4	0.01639	0.01861	0.04029	0.02888	0.03584	0.01741	0.64599	0.02218	0.01678	0.02263	0.01727	0.02166	0.04516	0.00660	0.00840	0.00240	0.01159	0.00873	0.00375	0.00943
5	0.00977	0.00704	0.00924	0.00917	0.01057	0.00651	0.00669	0.01265	0.01870	0.02624	0.55376	0.20761	0.06270	0.01629	0.00855	0.00239	0.00353	0.01452	0.00756	0.00651
6	0.01650	0.01866	0.04054	0.02905	0.03600	0.01749	0.64881	0.02238	0.01696	0.02307	0.04572	0.02076	0.01337	0.00639	0.00840	0.00239	0.01161	0.00861	0.00379	0.00947
7	0.01428	0.03683	0.71286	0.02030	0.03082	0.01654	0.02631	0.02255	0.01503	0.02255	0.01278	0.01503	0.00902	0.00677	0.00677	0.00226	0.01052	0.00526	0.00301	0.01052
8	0.01033	0.00700	0.00824	0.00824	0.00840	0.00716	0.00491	0.01066	0.01050	0.01416	0.02200	0.04420	0.02485	0.65996	0.12461	0.00749	0.00847	0.01000	0.00425	0.00458
9	0.01019	0.00757	0.01114	0.01114	0.01231	0.00874	0.00853	0.01252	0.01135	0.01631	0.01935	0.02949	0.01846	0.11023	0.66561	0.01107	0.01808	0.00785	0.00386	0.00619
10	0.06695	0.01219	0.01625	0.01252	0.01798	0.01072	0.01034	0.03407	0.02000	0.67935	0.02726	0.02366	0.01717	0.00871	0.00704	0.00220	0.00603	0.00701	0.00861	0.01192
11	0.01904	0.75404	0.03731	0.01218	0.01828	0.02818	0.01218	0.02132	0.01447	0.01675	0.00990	0.01142	0.00914	0.00609	0.00457	0.00152	0.00761	0.00381	0.00305	0.00914
12	0.01035	0.00693	0.00791	0.00791	0.00796	0.00698	0.00450	0.01045	0.01040	0.01391	0.02230	0.04586	0.02557	0.72212	0.06344	0.00708	0.00739	0.01025	0.00429	0.00440
13	0.00991	0.00727	0.00929	0.00879	0.01054	0.00665	0.00659	0.01312	0.01977	0.02764	0.63977	0.05470	0.12957	0.01490	0.00840	0.00226	0.00338	0.01309	0.00772	0.00665
14	0.03161	0.01267	0.01686	0.01293	0.01845	0.01128	0.01068	0.07995	0.02130	0.66372	0.02732	0.02374	0.01724	0.00879	0.00716	0.00220	0.00618	0.00711	0.00870	0.01212
15	0.16232	0.01002	0.00938	0.00904	0.01160	0.04399	0.00685	0.03180	0.01647	0.02403	0.16473	0.12848	0.30663	0.01467	0.00750	0.00234	0.00455	0.01213	0.02673	0.00673
16	0.01890	0.73398	0.05620	0.01241	0.01863	0.02785	0.01258	0.02136	0.01448	0.01692	0.00998	0.01152	0.00913	0.00611	0.00463	0.00154	0.00770	0.00385	0.00304	0.00918
17	0.01616	0.01280	0.01498	0.01097	0.01708	0.01012	0.00877	0.02046	0.06165	0.07153	0.01485	0.01624	0.01181	0.00582	0.00554	0.00123	0.00535	0.00469	0.00475	0.68520
18	0.01038	0.00745	0.01055	0.01055	0.01164	0.00844	0.00791	0.01255	0.01147	0.01666	0.01987	0.03098	0.01917	0.16612	0.56620	0.01012	0.01614	0.00802	0.04974	0.00604
19	0.01558	0.01558	0.02181	0.01869	0.01869	0.02181	0.01558	0.01714	0.01091	0.01714	0.00935	0.01558	0.00935	0.01246	0.02337	0.00312	0.73672	0.00623	0.00312	0.00779
20	0.01030	0.00688	0.00778	0.00783	0.00784	0.00687	0.00438	0.01034	0.01046	0.01394	0.02295	0.06798	0.02654	0.72749	0.03541	0.00678	0.00682	0.01066	0.00438	0.00436
21	0.01905	0.01567	0.01664	0.01463	0.01886	0.01794	0.01147	0.10205	0.60748	0.05070	0.02777	0.02555	0.02066	0.00953	0.00723	0.00238	0.00587	0.00786	0.00728	0.01138
22	0.00891	0.00629	0.00819	0.00962	0.00998	0.00594	0.00630	0.00998	0.01318	0.01758	0.03695	0.64963	0.04420	0.12174	0.01280	0.00344	0.00451	0.01889	0.00630	0.00558
23	0.02509	0.03143	0.02040	0.01839	0.02156	0.62557	0.01401	0.02689	0.01891	0.01739	0.01078	0.01322	0.00920	0.00804	0.00874	0.00201	0.11179	0.00481	0.00359	0.00819
24	0.01058	0.00804	0.01006	0.01073	0.01271	0.00768	0.00889	0.01409	0.04401	0.02212	0.14893	0.07043	0.24656	0.01799	0.00908	0.00282	0.00513	0.33676	0.00680	0.00660
25	0.02017	0.01249	0.01524	0.01147	0.01713	0.01027	0.00921	0.06110	0.01745	0.22788	0.01927	0.06646	0.01518	0.00765	0.00620	0.00158	0.00558	0.00629	0.00591	0.46348
26	0.02761	0.01837	0.02031	0.01565	0.02125	0.01984	0.01290	0.54215	0.05484	0.16394	0.01950	0.01872	0.01345	0.00864	0.00713	0.00216	0.00744	0.00660	0.00743	0.01208
27	0.02587	0.03272	0.02029	0.01837	0.02179	0.67491	0.01388	0.02769	0.01957	0.01741	0.01090	0.01302	0.00918	0.00768	0.00754	0.00192	0.06072	0.00469	0.00363	0.00822
28	0.01447	0.01392	0.01957	0.01709	0.01732	0.01909	0.01407	0.01616	0.01098	0.01693	0.01145	0.01867	0.01132	0.04119	0.14716	0.00470	0.58859	0.00660	0.00327	0.00744
29	0.00979	0.00755	0.00949	0.01023	0.01179	0.00726	0.00804	0.01204	0.01561	0.02008	0.09241	0.21992	0.26571	0.02046	0.03715	0.00314	0.02734	0.20928	0.00646	0.00624
30	0.01017	0.00763	0.01144	0.01144	0.01272	0.00890	0.00890	0.01272	0.01144	0.01653	0.01907	0.02797	0.01780	0.05340	0.72153	0.01144	0.01907	0.00763	0.00381	0.00636
31	0.01136	0.00816	0.01131	0.01288	0.01455	0.00811	0.01124	0.01458	0.01639	0.02123	0.03904	0.07986	0.06668	0.01961	0.00978	0.00324	0.00644	0.63245	0.00656	0.00654
32	0.00864	0.00633	0.00812	0.00956	0.01023	0.00581	0.00645	0.00996	0.01398	0.01832	0.04362	0.65512	0.13425	0.02174	0.00900	0.00283	0.00406	0.01955	0.00661	0.00581
33	0.01477	0.01266	0.01477	0.01055	0.01687	0.00949	0.00844	0.01793	0.01477	0.02320	0.01266	0.01477	0.01055	0.00527	0.00527	0.00105	0.00527	0.00422	0.00422	0.79328
34	0.03067	0.01184	0.01612	0.01245	0.01774	0.01025	0.01025	0.03346	0.02037	0.67048	0.06740	0.02593	0.02052	0.00915	0.00723	0.00221	0.00590	0.00749	0.00876	0.01180
35	0.01135	0.00756	0.00993	0.00917	0.01108	0.00694	0.00694	0.01468	0.02017	0.06834	0.66227	0.05150	0.06429	0.01422	0.00833	0.00224	0.00352	0.01254	0.00790	0.00703
36	0.01037	0.00930	0.05649	0.00989	0.01218	0.00743	0.00825	0.01399	0.01944	0.02736	0.59163	0.05284	0.08724	0.01447	0.00837	0.00231	0.00403	0.05007	0.00739	0.00693
37	0.01990	0.70452	0.03593	0.01222	0.01827	0.02699	0.01207	0.02222	0.01486	0.06304	0.01111	0.01228	0.00970	0.00627	0.00474	0.00157	0.00751	0.00403	0.00343	0.00934
38	0.01510	0.06233	0.01673	0.01119	0.01709	0.01154	0.00915	0.01810	0.01449	0.02238	0.01226	0.01460	0.01037	0.00580	0.00640	0.00122	0.05295	0.00432	0.00407	0.68991
39	0.02482	0.01865	0.02016	0.01542	0.02115	0.02000	0.01267	0.55479	0.05802	0.04098	0.01692	0.01714	0.01227	0.00810	0.00685	0.00199	0.00736	0.00615	0.00669	0.12986
40	0.27747	0.01861	0.01772	0.04313	0.10518	0.13831	0.01248	0.13995	0.06364	0.09752	0.01496	0.01603	0.01116	0.00748	0.00612	0.00214	0.00775	0.00543	0.00522	0.00970
41	0.00882	0.00631	0.00840	0.00981	0.01036	0.00588	0.00662	0.01029	0.01432	0.01928	0.10934	0.67188	0.04922	0.02149	0.00902	0.00282	0.00405	0.01946	0.00674	0.00588
42	0.01664	0.02038	0.08679	0.02936	0.03679	0.01791	0.63588	0.02279	0.01669	0.02279	0.01430	0.01893	0.01069	0.00605	0.00829	0.00239	0.01191	0.00819	0.00356	0.00967
43	0.01554	0.01573	0.02539	0.22846	0.03136	0.04618	0.17335	0.01921	0.01391	0.01943	0.01250	0.01805	0.01032	0.00889	0.01318	0.00258	0.27524	0.00674	0.05574	0.00820
44	0.01032	0.00703	0.00841	0.00841	0.00863	0.00725	0.00511	0.01077	0.01054	0.01428	0.02185	0.04336	0.02448	0.62850	0.15557	0.00769	0.00902	0.00988	0.00423	0.00467
45	0.01647	0.01011	0.01102	0.05734	0.01420	0.01081	0.00794	0.17015	0.01917	0.03022	0.02111	0.02386	0.01625	0.00828	0.00562	0.00182	0.00477	0.00656	0.55633	0.00798
46	0.05746	0.64716	0.05455	0.01271	0.01844	0.02681	0.01260	0.02106	0.01413	0.01770	0.00995	0.01181	0.00908	0.00656	0.00588	0.00168	0.05626	0.00401	0.00312	0.00902
47	0.01345	0.01266	0.02136	0.73264	0.04904	0.01582	0.01978	0.01819	0.01424	0.01819	0.01266	0.01898	0.00949	0.00712	0.00712	0.00237	0.00949	0.00633	0.00316	0.00791
48	0.01133	0.00760	0.00964	0.00894	0.01100	0.00687	0.00677	0.01441	0.01956	0.07418	0.55723	0.05357	0.16251	0.01470	0.00832	0.00226	0.00358	0.01282	0.00772	0.00698
49	0.00993	0.00727	0.00931	0.00880	0.01054	0.00665	0.00660	0.01314	0.01980	0.02770	0.64418	0.05459	0.12512	0.01487	0.00840	0.00225	0.00338	0.01307	0.00773	0.00665
50	0.01854	0.67838	0.10857	0.01304	0.01960	0.02695	0.01367	0.02145	0.01453	0.01736	0.01020	0.01180	0.00913	0.00616	0.00480	0.00160	0.00792	0.00396	0.00304	0.00928
51	0.80005	0.01377	0.01047	0.00936	0.01377	0.01597	0.00771	0.02093	0.01212	0.03195	0.00991	0.01157	0.00771	0.00661	0.00441	0.00220	0.00551	0.00386	0.00441	0.00771
52	0.00863	0.00700	0.00767	0.00810	0.00997	0.00604	0.00592	0.01039	0.01575	0.01938	0.08586	0.23141	0.50252	0.01899	0.00862	0.00254	0.00381	0.03474	0.00665	0.00600
53	0.12258	0.01380	0.01663	0.01299	0.01835	0.01342	0.01070	0.14637	0.04587	0.48810	0.02402	0.02155	0.01562	0.00853	0.00683	0.00220	0.00629	0.00667	0.00793	0.01156
54	0.03162	0.01264	0.01685	0.01292	0.01844	0.01124	0.01067	0.07788	0.02125	0.66585	0.02736	0.02376	0.01726	0.00880	0.00716	0.00220	0.00618	0.00711	0.00870	0.01212
55	0.00945	0.00713	0.00874	0.00861	0.01032	0.00641	0.00635	0.01213	0.01828	0.02475	0.44916	0.14411	0.23557	0.01646	0.00849	0.00237	0.00352	0.01438	0.00735	0.00641
56	0.01047	0.00689	0.00772	0.00772	0.00779	0.00689	0.00434	0.01059	0.01053	0.01429	0.02247	0.04583	0.02560	0.72136	0.03505	0.00670	0.00677	0.01021	0.03437	0.00440
57	0.00868	0.00620	0.00826	0.00991	0.01033	0.00578	0.00661	0.00991	0.01363	0.01818	0.03925	0.74510	0.04710	0.02231	0.00909	0.00289	0.00413	0.02024	0.00661	0.00578
58	0.03138	0.01224	0.01651	0.01274	0.01819	0.01075	0.01050	0.03483	0.04705	0.68326	0.02813	0.02433	0.01779	0.00885	0.00716	0.00221	0.00604	0.00720	0.00875	0.01208
59	0.00892	0.00635	0.00844	0.01003	0.01050	0.00598	0.00682	0.01023	0.01367	0.01820	0.03848	0.67590	0.04587	0.05130	0.01022	0.00308	0.00439	0.05934	0.00651	0.00577
60	0.01762	0.01692	0.02890	0.04371	0.70533	0.01692	0.02185	0.02185	0.01621	0.02326	0.01339	0.01762	0.01128	0.00634	0.00705	0.00211	0.00846	0.00634	0.00352	0.01128
61	0.01360	0.01295	0.02230	0.70062	0.04850	0.01592	0.04984	0.01840	0.01436	0.01840	0.01274	0.01899	0.00955	0.00707	0.00718	0.00237	0.00961	0.00642	0.00318	0.00799
62	0.01345	0.01266	0.02136	0.73264	0.04904	0.01582	0.01978	0.01819	0.01424	0.01819	0.01266	0.01898	0.00949	0.00712	0.00712	0.00237	0.00949	0.00633	0.00316	0.00791
63	0.01477	0.01266	0.01477	0.01055	0.01687	0.00949	0.00844	0.01793	0.01477	0.02320	0.01266	0.01477	0.01055	0.00527	0.00527	0.00105	0.00527	0.00422	0.00422	0.79328
64	0.00962	0.00726	0.00889	0.00848	0.01036	0.00653	0.00636	0.01256	0.01909	0.02601	0.53001	0.05737	0.24034	0.01550	0.00840	0.00228	0.00343	0.01346	0.00750	0.00653
65	0.00842	0.00721	0.00721	0.00721	0.00962	0.00601	0.00541	0.01022	0.01623	0.01924	0.07213	0.06853	0.70244	0.01803	0.00842	0.00240	0.00361	0.01503	0.00661	0.00601
66	0.01345	0.01266	0.02136	0.73264	0.04904	0.01582	0.01978	0.01819	0.01424	0.01819	0.01266	0.01898	0.00949	0.00712	0.00712	0.00237	0.00949	0.00633	0.00316	0.00791
67	0.01017	0.00763	0.01144	0.01144	0.01272	0.00890	0.00890	0.01272	0.01144	0.01653	0.01907	0.02797	0.01780	0.05340	0.72153	0.01144	0.01907	0.00763	0.00381	0.00636
68	0.01994	0.01943	0.03571	0.02585	0.03259	0.01925	0.47597	0.22412	0.02190	0.02955	0.01523	0.01856	0.01120	0.00678	0.00801	0.00232	0.01073	0.00779	0.00468	0.01037
69	0.01345	0.01266	0.02136	0.73264	0.04904	0.01582	0.01978	0.01819	0.01424	0.01819	0.01266	0.01898	0.00949	0.00712	0.00712	0.00237	0.00949	0.00633	0.00316	0.00791
70	0.01910	0.01499	0.01614	0.01431	0.01848	0.01701	0.01119	0.03753	0.62714	0.09594	0.02890	0.02634	0.02134	0.00958	0.00724	0.00239	0.00568	0.00796	0.00740	0.01135
71	0.02707	0.01995	0.02137	0.01638	0.02208	0.02208	0.01353	0.68159	0.03348	0.04488	0.01710	0.01710	0.01211	0.00855	0.00712	0.00214	0.00784	0.00641	0.00712	0.01211
72	0.01904	0.75404	0.03731	0.01218	0.01828	0.02818	0.01218	0.02132	0.01447	0.01675	0.00990	0.01142	0.00914	0.00609	0.00457	0.00152	0.00761	0.00381	0.00305	0.00914
73	0.01002	0.00834	0.00888	0.00855	0.01104	0.00776	0.00647	0.01465	0.11055	0.02245	0.18485	0.05983	0.48846	0.01622	0.00825	0.00237	0.00384	0.01366	0.00693	0.00687
74	0.03195	0.01212	0.01652	0.01267	0.01818	0.01047	0.01047	0.03470	0.02038	0.71026	0.02809	0.02424	0.01763	0.00881	0.00716	0.00220	0.00606	0.00716	0.00881	0.01212
75	0.01762	0.01692	0.02890	0.04371	0.70533	0.01692	0.02185	0.02185	0.01621	0.02326	0.01339	0.01762	0.01128	0.00634	0.00705	0.00211	0.00846	0.00634	0.00352	0.01128
76	0.01373	0.01283	0.02101	0.68470	0.04701	0.01595	0.01921	0.01950	0.05951	0.01897	0.01375	0.01949	0.01031	0.00729	0.00713	0.00238	0.00923	0.00644	0.00344	0.00813
77	0.00854	0.00722	0.00738	0.00734	0.00969	0.00606	0.00550	0.01045	0.01651	0.01991	0.11770	0.06742	0.65646	0.01778	0.00841	0.00239	0.00359	0.01487	0.00670	0.00606
78	0.03195	0.01212	0.01652	0.01267	0.01818	0.01047	0.01047	0.03470	0.02038	0.71026	0.02809	0.02424	0.01763	0.00881	0.00716	0.00220	0.00606	0.00716	0.00881	0.01212
79	0.01658	0.01853	0.03825	0.02790	0.03376	0.01872	0.55560	0.02175	0.01571	0.02175	0.01346	0.01853	0.01053	0.00721	0.01120	0.00253	0.14722	0.00800	0.00351	0.00927
80	0.01488	0.12656	0.62834	0.01928	0.02925	0.01799	0.02454	0.02240	0.01496	0.02183	0.01242	0.01458	0.00903	0.00668	0.00649	0.00216	0.01016	0.00508	0.00301	0.01035
81	0.02419	0.01385	0.01629	0.01366	0.01836	0.01442	0.01090	0.03641	0.38682	0.33925	0.02858	0.02551	0.01987	0.00928	0.00721	0.00232	0.00583	0.00765	0.00796	0.01166
82	0.05915	0.01504	0.01798	0.01391	0.01939	0.01500	0.01146	0.26114	0.04813	0.42718	0.02357	0.02133	0.01546	0.00867	0.00705	0.00219	0.00665	0.00680	0.00800	0.01192
83	0.01815	0.01791	0.02839	0.04223	0.66545	0.05802	0.02138	0.02224	0.01645	0.02292	0.01325	0.01734	0.01116	0.00640	0.00701	0.00210	0.00872	0.00624	0.00353	0.01110
84	0.00868	0.00620	0.00826	0.00991	0.01033	0.00578	0.00661	0.00991	0.01363	0.01818	0.03925	0.74510	0.04710	0.02231	0.00909	0.00289	0.00413	0.02024	0.00661	0.00578
85	0.01147	0.00820	0.01147	0.01311	0.01475	0.00820	0.01147	0.01475	0.01639	0.02131	0.03770	0.08032	0.04098	0.01967	0.00984	0.00328	0.00656	0.65741	0.00656	0.00656
86	0.01017	0.00763	0.01144	0.01144	0.01272	0.00890	0.00890	0.01272	0.01144	0.01653	0.01907	0.02797	0.01780	0.05340	0.72153	0.01144	0.01907	0.00763	0.00381	0.00636
87	0.01681	0.01921	0.04202	0.03001	0.03721	0.01801	0.67947	0.02281	0.01681	0.02281	0.01441	0.01921	0.01080	0.00600	0.00840	0.00240	0.01200	0.00840	0.00360	0.00960
88	0.01635	0.02130	0.13195	0.02769	0.03472	0.01814	0.53215	0.02228	0.01605	0.02228	0.01374	0.01832	0.01043	0.00667	0.00949	0.00244	0.07516	0.00778	0.00348	0.00957
89	0.01428	0.03683	0.71286	0.02030	0.03082	0.01654	0.02631	0.02255	0.01503	0.02255	0.01278	0.01503	0.00902	0.00677	0.00677	0.00226	0.01052	0.00526	0.00301	0.01052
90	0.02704	0.02088	0.02129	0.01651	0.02208	0.06874	0.01355	0.63799	0.03259	0.04304	0.01669	0.01681	0.01191	0.00847	0.00708	0.00212	0.00817	0.00629	0.00689	0.01185
91	0.73290	0.01363	0.01100	0.00965	0.01416	0.01549	0.00795	0.02214	0.01284	0.09125	0.01150	0.01267	0.00858	0.00680	0.00465	0.00220	0.00556	0.00414	0.00479	0.00810
92	0.00868	0.00620	0.00826	0.00991	0.01033	0.00578	0.00661	0.00991	0.01363	0.01818	0.03925	0.74510	0.04710	0.02231	0.00909	0.00289	0.00413	0.02024	0.00661	0.00578
93	0.01036	0.00690	0.00777	0.00777	0.00777	0.00690	0.00431	0.01036	0.01036	0.01381	0.02244	0.04660	0.02589	0.74975	0.03624	0.00690	0.00690	0.01036	0.00431	0.00431
94	0.01904	0.75404	0.03731	0.01218	0.01828	0.02818	0.01218	0.02132	0.01447	0.01675	0.00990	0.01142	0.00914	0.00609	0.00457	0.00152	0.00761	0.00381	0.00305	0.00914
95	0.01036	0.00690	0.00777	0.00777	0.00777	0.00690	0.00431	0.01036	0.01036	0.01381	0.02244	0.04660	0.02589	0.74975	0.03624	0.00690	0.00690	0.01036	0.00431	0.00431
96	0.01345	0.01266	0.02136	0.73264	0.04904	0.01582	0.01978	0.01819	0.01424	0.01819	0.01266	0.01898	0.00949	0.00712	0.00712	0.00237	0.00949	0.00633	0.00316	0.00791
97	0.01365	0.01287	0.02173	0.69842	0.08164	0.01587	0.01988	0.01838	0.01434	0.01845	0.01269	0.01892	0.00958	0.00708	0.00712	0.00236	0.00944	0.00633	0.00318	0.00808
98	0.01710	0.01344	0.01513	0.01414	0.01765	0.01500	0.01143	0.06880	0.43649	0.05654	0.03070	0.04099	0.02640	0.01237	0.00796	0.00263	0.00604	0.19003	0.00711	0.01003
99	0.01428	0.03683	0.71286	0.02030	0.03082	0.01654	0.02631	0.02255	0.01503	0.02255	0.01278	0.01503	0.00902	0.00677	0.00677	0.00226	0.01052	0.00526	0.00301	0.01052

[dist]
# distance from previous block
# <min> <max>
0	2

[block]
# block no. 2 follows, 29 sequences, length 50
# corresponding to MSA columns:
# 220-269
name=unknown_C
#
# <colnr> <probs for GDERKNQSTAVLIFYWHMCP>
#	G	D	E	R	K	N	Q	S	T	A	V	L	I	F	Y	W	H	M	C	P
0	0.01494	0.01281	0.01485	0.01078	0.01697	0.00998	0.00861	0.01911	0.05508	0.02359	0.01363	0.01547	0.01121	0.00553	0.00539	0.00114	0.00529	0.00445	0.00440	0.74676
1	0.00880	0.00629	0.00841	0.01006	0.01053	0.00589	0.00683	0.01013	0.01376	0.01832	0.03918	0.71531	0.04682	0.02219	0.00912	0.00291	0.00424	0.04880	0.00661	0.00582
2	0.00868	0.00620	0.00826	0.00991	0.01033	0.00578	0.00661	0.00991	0.01363	0.01818	0.03925	0.74510	0.04710	0.02231	0.00909	0.00289	0.00413	0.02024	0.00661	0.00578
3	0.00868	0.00620	0.00826	0.00991	0.01033	0.00578	0.00661	0.00991	0.01363	0.01818	0.03925	0.74510	0.04710	0.02231	0.00909	0.00289	0.00413	0.02024	0.00661	0.00578
4	0.00942	0.00725	0.00860	0.00826	0.01023	0.00644	0.00620	0.01215	0.01859	0.02484	0.45074	0.05930	0.32034	0.01594	0.00841	0.00231	0.00346	0.01373	0.00735	0.00644
5	0.00881	0.00713	0.00782	0.00786	0.00991	0.00615	0.00581	0.01091	0.01686	0.02121	0.20885	0.12875	0.49970	0.01766	0.00848	0.00241	0.00360	0.01504	0.00688	0.00615
6	0.01904	0.75404	0.03731	0.01218	0.01828	0.02818	0.01218	0.02132	0.01447	0.01675	0.00990	0.01142	0.00914	0.00609	0.00457	0.00152	0.00761	0.00381	0.00305	0.00914
7	0.01345	0.01266	0.02136	0.73264	0.04904	0.01582	0.01978	0.01819	0.01424	0.01819	0.01266	0.01898	0.00949	0.00712	0.00712	0.00237	0.00949	0.00633	0.00316	0.00791
8	0.01345	0.01266	0.02136	0.73264	0.04904	0.01582	0.01978	0.01819	0.01424	0.01819	0.01266	0.01898	0.00949	0.00712	0.00712	0.00237	0.00949	0.00633	0.00316	0.00791
9	0.01886	0.72699	0.06279	0.01249	0.01875	0.02774	0.01272	0.02137	0.01449	0.01697	0.01001	0.01156	0.00913	0.00612	0.00465	0.00155	0.00772	0.00386	0.00304	0.00919
10	0.01904	0.75404	0.03731	0.01218	0.01828	0.02818	0.01218	0.02132	0.01447	0.01675	0.00990	0.01142	0.00914	0.00609	0.00457	0.00152	0.00761	0.00381	0.00305	0.00914
11	0.01579	0.01262	0.01487	0.01067	0.01695	0.00955	0.00856	0.01893	0.01510	0.06408	0.01357	0.01533	0.01097	0.00548	0.00539	0.00112	0.00532	0.00439	0.00449	0.74681
12	0.01002	0.00723	0.00947	0.00900	0.01063	0.00668	0.00671	0.01329	0.01989	0.02813	0.67453	0.08145	0.06637	0.01487	0.00843	0.00227	0.00339	0.01318	0.00779	0.00668
13	0.01771	0.01530	0.01610	0.01449	0.01852	0.01771	0.01127	0.03784	0.69247	0.02979	0.02898	0.02657	0.02174	0.00966	0.00725	0.00242	0.00564	0.00805	0.00725	0.01127
14	0.01650	0.01260	0.01494	0.01076	0.01701	0.00959	0.00864	0.01963	0.01533	0.09272	0.01422	0.01572	0.01126	0.00563	0.00546	0.00117	0.00535	0.00452	0.00468	0.71424
15	0.00868	0.00620	0.00826	0.00991	0.01033	0.00578	0.00661	0.00991	0.01363	0.01818	0.03925	0.74510	0.04710	0.02231	0.00909	0.00289	0.00413	0.02024	0.00661	0.00578
16	0.00868	0.00620	0.00826	0.00991	0.01033	0.00578	0.00661	0.00991	0.01363	0.01818	0.03925	0.74510	0.04710	0.02231	0.00909	0.00289	0.00413	0.02024	0.00661	0.00578
17	0.02660	0.03394	0.02018	0.01834	0.02201	0.72116	0.01376	0.02843	0.02018	0.01743	0.01101	0.01284	0.00917	0.00734	0.00642	0.00183	0.01284	0.00459	0.00367	0.00825
18	0.01681	0.01921	0.04202	0.03001	0.03721	0.01801	0.67947	0.02281	0.01681	0.02281	0.01441	0.01921	0.01080	0.00600	0.00840	0.00240	0.01200	0.00840	0.00360	0.00960
19	0.01237	0.00618	0.00928	0.00928	0.00928	0.00618	0.00618	0.00928	0.00928	0.01237	0.01237	0.02165	0.01237	0.02474	0.02783	0.79283	0.00618	0.00618	0.00309	0.00309
20	0.01771	0.01530	0.01610	0.01449	0.01852	0.01771	0.01127	0.03784	0.69247	0.02979	0.02898	0.02657	0.02174	0.00966	0.00725	0.00242	0.00564	0.00805	0.00725	0.01127
21	0.01017	0.00763	0.01144	0.01144	0.01272	0.00890	0.00890	0.01272	0.01144	0.01653	0.01907	0.02797	0.01780	0.05340	0.72153	0.01144	0.01907	0.00763	0.00381	0.00636
22	0.01681	0.01921	0.04202	0.03001	0.03721	0.01801	0.67947	0.02281	0.01681	0.02281	0.01441	0.01921	0.01080	0.00600	0.00840	0.00240	0.01200	0.00840	0.00360	0.00960
23	0.03195	0.01212	0.01652	0.01267	0.01818	0.01047	0.01047	0.03470	0.02038	0.71026	0.02809	0.02424	0.01763	0.00881	0.00716	0.00220	0.00606	0.00716	0.00881	0.01212
24	0.01147	0.00820	0.01147	0.01311	0.01475	0.00820	0.01147	0.01475	0.01639	0.02131	0.03770	0.08032	0.04098	0.01967	0.00984	0.00328	0.00656	0.65741	0.00656	0.00656
25	0.01008	0.00728	0.00952	0.00896	0.01064	0.00672	0.00672	0.01344	0.02016	0.02855	0.70158	0.05319	0.06719	0.01456	0.00840	0.00224	0.00336	0.01288	0.00784	0.00672
26	0.01558	0.01558	0.02181	0.01869	0.01869	0.02181	0.01558	0.01714	0.01091	0.01714	0.00935	0.01558	0.00935	0.01246	0.02337	0.00312	0.73672	0.00623	0.00312	0.00779
27	0.01428	0.03683	0.71286	0.02030	0.03082	0.01654	0.02631	0.02255	0.01503	0.02255	0.01278	0.01503	0.00902	0.00677	0.00677	0.00226	0.01052	0.00526	0.00301	0.01052
