[name]
unknown

[dist]
# distance from previous block
# <min> <max>
0	156

[block]
# block no. 0 follows, 26 sequences, length 16
# corresponding to MSA columns:
# 174-189
name=unknown_A
#
# <colnr> <probs for GDERKNQSTAVLIFYWHMCP>
#	G	D	E	R	K	N	Q	S	T	A	V	L	I	F	Y	W	H	M	C	P
0	0.01799	0.04429	0.01872	0.01494	0.01855	0.03915	0.08854	0.14275	0.05148	0.06635	0.06026	0.13357	0.04959	0.07821	0.04409	0.00337	0.00790	0.04295	0.06837	0.00894
1	0.01920	0.10550	0.05866	0.14610	0.10217	0.01972	0.09263	0.09292	0.18899	0.04294	0.01884	0.02078	0.01434	0.00803	0.00736	0.00232	0.00862	0.00705	0.00519	0.03864
2	0.01950	0.55203	0.06229	0.01343	0.01979	0.06048	0.01306	0.02230	0.01564	0.01897	0.01153	0.01363	0.01033	0.00874	0.03647	0.00209	0.00877	0.00440	0.00347	0.10309
3	0.01500	0.05105	0.10116	0.01634	0.01914	0.01733	0.01470	0.01809	0.01313	0.01999	0.01407	0.02001	0.01270	0.02167	0.18205	0.00495	0.31791	0.00654	0.04374	0.09044
4	0.07027	0.01569	0.02760	0.21911	0.03446	0.01725	0.23849	0.02132	0.05401	0.02271	0.01796	0.10576	0.01607	0.00993	0.01017	0.00269	0.09402	0.00922	0.00432	0.00896
5	0.03804	0.01103	0.01474	0.07756	0.07044	0.01138	0.01139	0.04754	0.08874	0.08666	0.14692	0.23126	0.03811	0.01533	0.00864	0.00271	0.00597	0.07792	0.00693	0.00868
6	0.00946	0.00688	0.00872	0.00995	0.01071	0.00636	0.00669	0.01092	0.01508	0.01993	0.09175	0.54404	0.12672	0.08052	0.01190	0.00332	0.00451	0.01945	0.00694	0.00614
7	0.01399	0.01182	0.01601	0.10219	0.11712	0.03712	0.01231	0.01669	0.01467	0.02084	0.02419	0.14693	0.05136	0.08716	0.07900	0.00393	0.09961	0.01020	0.12714	0.00773
8	0.04181	0.04222	0.04315	0.11437	0.05348	0.01814	0.07932	0.06666	0.01628	0.05614	0.01554	0.01993	0.01249	0.00961	0.01266	0.00257	0.23637	0.00682	0.14332	0.00914
9	0.01385	0.00891	0.01074	0.00992	0.01240	0.00817	0.00745	0.04848	0.01969	0.10663	0.29170	0.12329	0.23174	0.05980	0.01059	0.00280	0.00456	0.01391	0.00770	0.00768
10	0.00922	0.00667	0.00873	0.01039	0.01096	0.00618	0.00696	0.01058	0.01469	0.01943	0.04393	0.68880	0.08848	0.02349	0.00964	0.00305	0.00437	0.02123	0.00704	0.00618
11	0.01587	0.06821	0.52874	0.06476	0.09520	0.01828	0.05774	0.02363	0.01615	0.02354	0.01361	0.01656	0.00996	0.00711	0.00723	0.00237	0.01087	0.00587	0.00330	0.01100
12	0.06841	0.05421	0.08904	0.05240	0.02410	0.01903	0.01480	0.32150	0.02647	0.22453	0.02005	0.01965	0.01369	0.00868	0.00728	0.00229	0.00804	0.00665	0.00708	0.01210
13	0.01592	0.00879	0.00897	0.00833	0.01062	0.00907	0.00641	0.09574	0.01830	0.03065	0.02395	0.02706	0.01865	0.00887	0.00558	0.00183	0.00412	0.00704	0.68232	0.00778
14	0.01798	0.01721	0.02935	0.16621	0.57269	0.01781	0.02288	0.02258	0.01689	0.02381	0.01413	0.01903	0.01167	0.00691	0.00752	0.00230	0.00921	0.00676	0.00369	0.01137
15	0.01546	0.05393	0.01741	0.10002	0.05597	0.01283	0.04227	0.06704	0.06037	0.06219	0.04300	0.26421	0.02989	0.07722	0.01098	0.00305	0.00681	0.03900	0.02995	0.00839

[dist]
# distance from previous block
# <min> <max>
6	7

[block]
# block no. 1 follows, 26 sequences, length 43
# corresponding to MSA columns:
# 197-239
name=unknown_B
#
# <colnr> <probs for GDERKNQSTAVLIFYWHMCP>
#	G	D	E	R	K	N	Q	S	T	A	V	L	I	F	Y	W	H	M	C	P
0	0.02139	0.01066	0.01379	0.01174	0.01547	0.00981	0.00924	0.02602	0.07716	0.31649	0.27733	0.08044	0.07180	0.01305	0.00831	0.00243	0.00510	0.01119	0.00861	0.00998
1	0.01738	0.01220	0.01321	0.01188	0.01490	0.03847	0.00894	0.11596	0.08931	0.11055	0.09339	0.15561	0.16678	0.10193	0.01208	0.00312	0.00596	0.01246	0.00718	0.00869
2	0.12330	0.02085	0.11598	0.05556	0.18178	0.01819	0.22411	0.07802	0.01847	0.06909	0.01531	0.01854	0.01145	0.00713	0.00757	0.00240	0.00991	0.00702	0.00450	0.01082
3	0.02173	0.01415	0.01606	0.01384	0.01827	0.01497	0.01092	0.05342	0.37339	0.20743	0.07537	0.03356	0.09059	0.01123	0.00789	0.00249	0.00583	0.00933	0.00813	0.01141
4	0.01671	0.01695	0.02519	0.02101	0.02171	0.02286	0.07509	0.01880	0.01219	0.01880	0.01045	0.01695	0.01010	0.01265	0.02344	0.00325	0.65515	0.00685	0.00337	0.00847
5	0.03051	0.01370	0.01736	0.01368	0.01912	0.01293	0.01118	0.09211	0.10062	0.51329	0.02867	0.02559	0.01882	0.00944	0.00749	0.00233	0.00639	0.00764	0.05671	0.01244
6	0.01816	0.01815	0.02537	0.31938	0.15763	0.09732	0.07125	0.07066	0.01786	0.02281	0.01593	0.02066	0.03499	0.00837	0.00909	0.00246	0.06934	0.00704	0.00399	0.00953
7	0.00911	0.00769	0.00789	0.00784	0.01033	0.00647	0.00588	0.01117	0.01763	0.02130	0.12650	0.07166	0.63287	0.01891	0.00896	0.00255	0.00382	0.01582	0.00715	0.00647
8	0.00975	0.00758	0.00844	0.00839	0.01021	0.00673	0.00597	0.01171	0.01707	0.02182	0.21055	0.10305	0.38918	0.13961	0.01402	0.00336	0.00441	0.01494	0.00694	0.00626
9	0.01779	0.01667	0.02716	0.08877	0.51923	0.01712	0.02068	0.02392	0.08145	0.02554	0.07124	0.02295	0.01791	0.00789	0.00765	0.00231	0.00835	0.00751	0.00450	0.01135
10	0.01225	0.00902	0.01142	0.04087	0.01392	0.00952	0.00844	0.07236	0.01585	0.02162	0.03281	0.44819	0.03750	0.13272	0.01472	0.00361	0.04995	0.01630	0.04211	0.00681
11	0.78701	0.01467	0.01115	0.00997	0.01467	0.01702	0.00821	0.02230	0.01291	0.03403	0.01056	0.01232	0.00821	0.00704	0.00469	0.00235	0.00587	0.00411	0.00469	0.00821
12	0.01112	0.00843	0.01212	0.01202	0.01306	0.00982	0.00910	0.01332	0.01211	0.01733	0.02129	0.06690	0.02120	0.14585	0.53771	0.01055	0.05818	0.00912	0.00424	0.00653
13	0.46484	0.01738	0.11301	0.01303	0.01844	0.01529	0.03813	0.02300	0.01454	0.10827	0.01546	0.05683	0.01251	0.00936	0.00726	0.04564	0.00696	0.00609	0.00506	0.00890
14	0.01920	0.01641	0.01652	0.01530	0.01912	0.08164	0.01213	0.03404	0.43867	0.06551	0.04717	0.03788	0.02658	0.01207	0.00816	0.00266	0.00688	0.12201	0.00733	0.01072
15	0.01335	0.07694	0.01604	0.01318	0.01504	0.05113	0.01058	0.01592	0.01310	0.01818	0.01816	0.02599	0.01679	0.04350	0.50859	0.00940	0.08367	0.00739	0.03574	0.00731
16	0.01821	0.01495	0.01706	0.01241	0.01903	0.01265	0.01002	0.14053	0.01950	0.02908	0.01438	0.01620	0.01155	0.00628	0.00599	0.00134	0.00613	0.00494	0.00508	0.63469
17	0.02697	0.02025	0.02173	0.01688	0.02278	0.02225	0.01384	0.55439	0.10713	0.04469	0.01939	0.01922	0.01398	0.00905	0.00749	0.00225	0.00793	0.00690	0.00743	0.05547
18	0.00942	0.00686	0.00889	0.01016	0.01098	0.00632	0.00694	0.01112	0.01574	0.02101	0.13444	0.57491	0.11082	0.02220	0.00951	0.00294	0.00423	0.01996	0.00722	0.00632
19	0.01192	0.00812	0.01003	0.00997	0.01192	0.00747	0.00731	0.01515	0.04535	0.07278	0.28480	0.25812	0.19213	0.01813	0.00902	0.00264	0.00419	0.01591	0.00772	0.00731
20	0.02903	0.01604	0.01902	0.01488	0.02039	0.01628	0.01218	0.28486	0.07018	0.33604	0.07898	0.02548	0.02106	0.00984	0.00773	0.00234	0.00694	0.00787	0.00847	0.01237
21	0.02269	0.01718	0.01947	0.07947	0.02331	0.01905	0.01334	0.41371	0.09222	0.03805	0.02366	0.15885	0.02097	0.01196	0.00801	0.00249	0.00750	0.00989	0.00711	0.01108
22	0.01039	0.00775	0.01021	0.01204	0.02888	0.00749	0.00839	0.01316	0.04844	0.02068	0.04235	0.54279	0.08350	0.02198	0.00960	0.00306	0.00494	0.11061	0.00699	0.00674
23	0.01032	0.00762	0.00967	0.00961	0.01132	0.00697	0.00716	0.01332	0.01965	0.02695	0.46772	0.15576	0.16193	0.01750	0.00912	0.00256	0.00389	0.04412	0.00790	0.00689
24	0.02541	0.01757	0.02250	0.01882	0.06381	0.01833	0.07206	0.33373	0.07074	0.15840	0.09750	0.02495	0.02125	0.00958	0.00788	0.00235	0.00774	0.00808	0.00743	0.01188
25	0.02323	0.01424	0.01658	0.01415	0.01872	0.01499	0.01121	0.03645	0.38072	0.25849	0.09845	0.03040	0.02670	0.01052	0.00782	0.00248	0.00591	0.00879	0.00836	0.01181
26	0.01069	0.00799	0.01188	0.01204	0.01331	0.00918	0.00926	0.01327	0.01240	0.01777	0.02227	0.09346	0.02181	0.05387	0.64017	0.01136	0.01887	0.00935	0.00433	0.00672
27	0.01628	0.01155	0.01716	0.13130	0.08108	0.01156	0.04819	0.02091	0.05915	0.13102	0.18515	0.11033	0.11891	0.01295	0.00839	0.00251	0.00638	0.01150	0.00669	0.00899
28	0.02070	0.01861	0.02342	0.23779	0.05628	0.10564	0.05688	0.14777	0.01996	0.06692	0.01522	0.01931	0.01179	0.01152	0.04917	0.00304	0.11472	0.00678	0.00472	0.00976
29	0.01370	0.00713	0.00734	0.00730	0.00893	0.00710	0.00535	0.01696	0.01584	0.02733	0.06157	0.03155	0.02301	0.06626	0.00813	0.00224	0.00384	0.00775	0.67178	0.00688
30	0.22284	0.25757	0.02570	0.01647	0.06059	0.12434	0.01320	0.06006	0.01642	0.02443	0.01132	0.01381	0.00970	0.00794	0.00821	0.00217	0.10703	0.00488	0.00402	0.00932
31	0.03336	0.01660	0.04887	0.13334	0.12921	0.07751	0.10437	0.02008	0.01590	0.02214	0.01843	0.11256	0.01704	0.01080	0.01010	0.03047	0.07883	0.00874	0.10292	0.00870
32	0.01312	0.00995	0.01199	0.01123	0.01382	0.00912	0.00810	0.08244	0.01708	0.02378	0.05784	0.39507	0.03576	0.07634	0.01084	0.00285	0.00533	0.01464	0.00633	0.19436
33	0.05618	0.18437	0.02375	0.01740	0.06072	0.21257	0.01337	0.04957	0.04514	0.02168	0.04065	0.03878	0.04111	0.01338	0.06605	0.00302	0.09213	0.00668	0.00441	0.00904
34	0.00961	0.00722	0.00936	0.04947	0.01299	0.00689	0.00744	0.01114	0.01476	0.01921	0.04471	0.53064	0.15104	0.07392	0.01156	0.00328	0.00484	0.01904	0.00666	0.00621
35	0.03134	0.01293	0.01714	0.01345	0.01894	0.01163	0.01100	0.03600	0.08098	0.59417	0.06662	0.02777	0.02214	0.00981	0.00771	0.00237	0.00625	0.00806	0.00918	0.01250
36	0.01560	0.01630	0.05829	0.26150	0.05700	0.04958	0.01739	0.01992	0.04189	0.02018	0.01537	0.05540	0.01360	0.01367	0.06066	0.00340	0.23228	0.00749	0.03192	0.00857
37	0.01608	0.01701	0.05484	0.27647	0.05656	0.01748	0.27490	0.02137	0.01612	0.02238	0.01499	0.02056	0.01154	0.00766	0.00934	0.00252	0.06946	0.00761	0.07391	0.00921
38	0.00961	0.00692	0.00901	0.01013	0.01093	0.00643	0.00691	0.01139	0.01599	0.02157	0.17780	0.53083	0.08331	0.04840	0.01058	0.00307	0.00431	0.01926	0.00723	0.00632
39	0.00958	0.00692	0.00875	0.00987	0.01062	0.00643	0.00661	0.01102	0.01507	0.01999	0.10595	0.50881	0.11804	0.10930	0.01307	0.00348	0.00462	0.01891	0.00687	0.00609
40	0.01933	0.32153	0.08826	0.01488	0.02006	0.07519	0.01376	0.10030	0.05638	0.02374	0.04854	0.10913	0.01902	0.01023	0.00766	0.00217	0.04763	0.00772	0.00482	0.00965
41	0.01616	0.07061	0.29614	0.08413	0.03114	0.05134	0.16874	0.02165	0.01603	0.02165	0.01722	0.02102	0.04829	0.00976	0.00998	0.08555	0.01050	0.00704	0.00363	0.00940
42	0.01086	0.00816	0.00986	0.00932	0.01134	0.00731	0.00678	0.01339	0.01792	0.02457	0.34226	0.09346	0.17322	0.13432	0.01362	0.00320	0.00458	0.03189	0.00702	0.07693

[dist]
# distance from previous block
# <min> <max>
0	4

[block]
# block no. 2 follows, 26 sequences, length 62
# corresponding to MSA columns:
# 244-305
name=unknown_C
#
# <colnr> <probs for GDERKNQSTAVLIFYWHMCP>
#	G	D	E	R	K	N	Q	S	T	A	V	L	I	F	Y	W	H	M	C	P
0	0.01203	0.00890	0.01084	0.06207	0.01427	0.00835	0.00746	0.01390	0.01416	0.01993	0.04994	0.13268	0.08218	0.28263	0.01917	0.00411	0.00610	0.03215	0.07124	0.14791
1	0.20330	0.38950	0.02845	0.01383	0.01934	0.16481	0.01227	0.05415	0.01702	0.02322	0.01115	0.01280	0.00953	0.00701	0.00536	0.00189	0.00874	0.00437	0.00393	0.00933
2	0.01329	0.00791	0.01053	0.01061	0.01231	0.00723	0.00767	0.01565	0.01803	0.11865	0.26951	0.38812	0.05338	0.01877	0.00913	0.00273	0.00440	0.01678	0.00784	0.00747
3	0.01374	0.01063	0.01152	0.01063	0.01284	0.04566	0.00793	0.08860	0.02102	0.02875	0.37543	0.09907	0.10358	0.07136	0.01082	0.00277	0.00504	0.01257	0.06050	0.00756
4	0.02265	0.05374	0.01964	0.04761	0.02170	0.16688	0.01269	0.16742	0.14827	0.07468	0.02324	0.02370	0.06088	0.01181	0.04400	0.00269	0.00908	0.00717	0.00605	0.07609
5	0.05619	0.01132	0.01387	0.04354	0.01727	0.01153	0.01030	0.05348	0.11574	0.17703	0.05634	0.16024	0.05290	0.05236	0.00994	0.00294	0.00609	0.10624	0.03348	0.00920
6	0.02833	0.03615	0.02149	0.01954	0.02345	0.70298	0.01466	0.03029	0.02149	0.01856	0.01172	0.01368	0.00977	0.00782	0.00684	0.00195	0.01368	0.00489	0.00391	0.00879
7	0.00917	0.00686	0.00853	0.00987	0.01082	0.00622	0.00673	0.01064	0.01519	0.01963	0.05022	0.57110	0.20212	0.02267	0.00951	0.00296	0.00427	0.02023	0.00704	0.00622
8	0.01040	0.00778	0.00961	0.01010	0.01179	0.00720	0.00775	0.01291	0.01761	0.02308	0.22106	0.15783	0.23411	0.07266	0.01163	0.00316	0.00486	0.16269	0.00719	0.00657
9	0.00909	0.00758	0.00795	0.00822	0.01050	0.00644	0.00611	0.01099	0.01696	0.02042	0.07153	0.15251	0.58774	0.01981	0.00910	0.00265	0.00400	0.03497	0.00704	0.00639
10	0.04927	0.08766	0.35777	0.07019	0.02873	0.01763	0.02063	0.07947	0.01869	0.17366	0.01724	0.01823	0.01191	0.00781	0.00707	0.00232	0.00938	0.00606	0.00501	0.01129
11	0.02482	0.07629	0.02327	0.09474	0.02575	0.17013	0.01514	0.32921	0.02625	0.03280	0.01621	0.02017	0.01297	0.00933	0.00856	0.00232	0.05884	0.03686	0.00567	0.01067
12	0.01002	0.00691	0.00852	0.00956	0.00997	0.00661	0.00610	0.01098	0.01347	0.01812	0.03622	0.45053	0.06186	0.26574	0.01939	0.00448	0.00536	0.01727	0.03322	0.00567
13	0.01190	0.00850	0.01182	0.01341	0.01506	0.00843	0.01149	0.01523	0.01752	0.02298	0.08457	0.13165	0.04607	0.02079	0.01031	0.00339	0.00656	0.54632	0.00708	0.00693
14	0.10283	0.01626	0.02591	0.17446	0.45287	0.01713	0.02034	0.02181	0.01637	0.02453	0.01664	0.02089	0.04274	0.00754	0.00728	0.00233	0.00864	0.00689	0.00394	0.01061
15	0.05183	0.01516	0.03675	0.01333	0.01676	0.11337	0.01096	0.04372	0.06323	0.10840	0.08065	0.09578	0.15213	0.01484	0.00848	0.00265	0.00699	0.14958	0.00678	0.00859
16	0.75151	0.01461	0.01168	0.04238	0.01640	0.01701	0.00880	0.02216	0.01301	0.03336	0.01070	0.01268	0.00830	0.00707	0.00483	0.00236	0.00606	0.00423	0.00463	0.00822
17	0.05383	0.06627	0.43465	0.02074	0.02994	0.04105	0.09859	0.02608	0.03953	0.09592	0.01581	0.01758	0.01123	0.00743	0.00723	0.00236	0.01039	0.00615	0.00419	0.01101
18	0.01417	0.00874	0.01043	0.00976	0.01194	0.00889	0.00748	0.06064	0.01775	0.05752	0.15336	0.03776	0.08580	0.04609	0.15882	0.00446	0.00780	0.00947	0.28156	0.00756
19	0.27085	0.40379	0.09636	0.01411	0.04377	0.02406	0.01332	0.02273	0.01472	0.02403	0.01100	0.01285	0.00931	0.00675	0.00514	0.00196	0.00772	0.00433	0.00373	0.00947
20	0.04864	0.00831	0.00967	0.00963	0.01145	0.00791	0.00705	0.03412	0.01794	0.02472	0.26527	0.18103	0.20278	0.09448	0.01208	0.00313	0.00462	0.04327	0.00713	0.00675
21	0.03403	0.01291	0.01760	0.01350	0.01936	0.01115	0.01115	0.03697	0.02171	0.69137	0.02992	0.02582	0.01878	0.00939	0.00763	0.00235	0.00645	0.00763	0.00939	0.01291
22	0.01856	0.01818	0.02897	0.09398	0.58474	0.04972	0.02212	0.02290	0.01731	0.02394	0.01620	0.02047	0.03444	0.00729	0.00753	0.00227	0.00914	0.00698	0.00384	0.01141
23	0.01775	0.01681	0.02851	0.13519	0.55724	0.01727	0.02227	0.02227	0.01700	0.02391	0.01582	0.02324	0.01378	0.00778	0.00771	0.00237	0.00903	0.04694	0.00391	0.01121
24	0.01050	0.00767	0.00959	0.00940	0.01122	0.00702	0.00706	0.01361	0.01984	0.02743	0.47547	0.11002	0.17438	0.01677	0.00894	0.00249	0.00384	0.04193	0.03588	0.00694
25	0.01070	0.00722	0.00837	0.00869	0.00877	0.00713	0.00504	0.01094	0.01167	0.01556	0.02719	0.17424	0.03172	0.60317	0.03330	0.00657	0.00681	0.01296	0.00504	0.00488
26	0.05129	0.09641	0.05246	0.22821	0.02899	0.11449	0.01541	0.05321	0.01639	0.02139	0.01558	0.05381	0.01365	0.01610	0.11186	0.00381	0.06028	0.00695	0.03112	0.00856
27	0.02030	0.06044	0.08754	0.06063	0.45852	0.09899	0.02142	0.02471	0.01771	0.05773	0.01449	0.01799	0.01170	0.00707	0.00727	0.00221	0.00961	0.00633	0.00397	0.01136
28	0.01602	0.00947	0.01281	0.01290	0.01543	0.00910	0.01076	0.01997	0.04271	0.14710	0.16300	0.09997	0.04411	0.01753	0.00951	0.00301	0.00606	0.34456	0.00772	0.00825
29	0.01795	0.01482	0.01713	0.01276	0.01885	0.01305	0.01027	0.13656	0.01915	0.02847	0.01515	0.04047	0.01280	0.00723	0.00702	0.00150	0.03937	0.00560	0.00509	0.57674
30	0.01724	0.17266	0.07015	0.03760	0.04068	0.05121	0.01177	0.02098	0.04764	0.10019	0.10213	0.13049	0.08935	0.06370	0.00973	0.00267	0.00694	0.01024	0.00580	0.00883
31	0.01476	0.01413	0.02447	0.56049	0.07004	0.01642	0.08595	0.01972	0.01553	0.02036	0.01464	0.04346	0.01171	0.00786	0.00769	0.00247	0.00992	0.00734	0.00361	0.04941
32	0.02176	0.60917	0.03640	0.01418	0.02020	0.15354	0.01329	0.02410	0.01653	0.01798	0.01076	0.01244	0.00974	0.00673	0.00523	0.00168	0.00913	0.00421	0.00337	0.00956
33	0.01280	0.00796	0.01054	0.01029	0.01210	0.00728	0.00755	0.01562	0.01936	0.09877	0.41399	0.26034	0.05924	0.01739	0.00903	0.00260	0.00414	0.01547	0.00806	0.00747
34	0.01029	0.00774	0.00952	0.00907	0.01106	0.00697	0.00680	0.01344	0.02041	0.02790	0.52839	0.06081	0.22686	0.01645	0.00895	0.00243	0.00365	0.01430	0.00802	0.00697
35	0.02051	0.01711	0.01808	0.01577	0.02035	0.01963	0.01240	0.14247	0.56757	0.03438	0.02879	0.02664	0.02147	0.01010	0.00770	0.00252	0.00639	0.00829	0.00770	0.01215
36	0.01318	0.00659	0.00988	0.00988	0.00988	0.00659	0.00659	0.00988	0.00988	0.01318	0.01318	0.02306	0.01318	0.02635	0.02964	0.77931	0.00659	0.00659	0.00329	0.00329
37	0.02833	0.03615	0.02149	0.01954	0.02345	0.70298	0.01466	0.03029	0.02149	0.01856	0.01172	0.01368	0.00977	0.00782	0.00684	0.00195	0.01368	0.00489	0.00391	0.00879
38	0.02300	0.01715	0.01871	0.01544	0.02000	0.01874	0.01230	0.44226	0.08604	0.03925	0.02643	0.17711	0.04398	0.01276	0.00810	0.00249	0.00713	0.01052	0.00746	0.01113
39	0.01083	0.00796	0.01047	0.01180	0.01335	0.00759	0.00953	0.01350	0.01689	0.02188	0.08071	0.24666	0.15512	0.02109	0.00994	0.00317	0.00561	0.34015	0.00708	0.00668
40	0.00904	0.00769	0.00779	0.00777	0.01029	0.00644	0.00582	0.01104	0.01747	0.02093	0.10359	0.07228	0.65601	0.01905	0.00896	0.00255	0.00383	0.01591	0.00710	0.00644
41	0.78701	0.01467	0.01115	0.00997	0.01467	0.01702	0.00821	0.02230	0.01291	0.03403	0.01056	0.01232	0.00821	0.00704	0.00469	0.00235	0.00587	0.00411	0.00469	0.00821
42	0.78701	0.01467	0.01115	0.00997	0.01467	0.01702	0.00821	0.02230	0.01291	0.03403	0.01056	0.01232	0.00821	0.00704	0.00469	0.00235	0.00587	0.00411	0.00469	0.00821
43	0.01147	0.00769	0.01034	0.01047	0.01169	0.00845	0.00780	0.01394	0.01305	0.01976	0.02333	0.08405	0.02242	0.12360	0.41828	0.00863	0.01388	0.00924	0.17539	0.00654
44	0.01134	0.00839	0.01066	0.00998	0.01196	0.00803	0.00752	0.01626	0.07015	0.03052	0.63341	0.05454	0.06795	0.01512	0.00885	0.00240	0.00376	0.01333	0.00830	0.00752
45	0.01642	0.01562	0.02653	0.40045	0.35062	0.01740	0.02211	0.02122	0.01616	0.02192	0.01385	0.01954	0.01101	0.00720	0.00755	0.00240	0.00959	0.00675	0.00355	0.01012
46	0.02836	0.03538	0.02156	0.01943	0.02345	0.66801	0.01464	0.06274	0.02222	0.02007	0.01206	0.01391	0.00993	0.00788	0.00688	0.00197	0.01340	0.00499	0.00410	0.00900
47	0.11971	0.11816	0.07765	0.01338	0.01872	0.01579	0.01205	0.10645	0.02061	0.22845	0.13364	0.05863	0.02510	0.01017	0.00715	0.00228	0.00668	0.00809	0.00687	0.01042
48	0.01452	0.01398	0.02538	0.43077	0.04216	0.01574	0.15774	0.01945	0.01583	0.02071	0.01808	0.05224	0.01585	0.01186	0.04407	0.00315	0.01069	0.07524	0.00402	0.00850
49	0.01117	0.00758	0.00942	0.00942	0.00996	0.00800	0.00617	0.01224	0.01171	0.01648	0.02283	0.04206	0.02436	0.47539	0.24449	0.00851	0.01117	0.00987	0.05374	0.00544
50	0.05089	0.07624	0.29238	0.02274	0.11944	0.01709	0.07551	0.02111	0.01591	0.02344	0.04954	0.11114	0.01839	0.01003	0.00885	0.00249	0.06228	0.00843	0.00417	0.00992
51	0.01599	0.14651	0.59367	0.02029	0.03078	0.01952	0.02571	0.02382	0.01592	0.02307	0.01314	0.01542	0.00963	0.00710	0.00685	0.00228	0.01073	0.00537	0.00321	0.01098
52	0.06915	0.01299	0.01730	0.01333	0.01914	0.01142	0.01101	0.03628	0.02130	0.66071	0.02902	0.02519	0.01828	0.00928	0.00749	0.00235	0.00643	0.00746	0.00917	0.01269
53	0.00944	0.00675	0.00868	0.01014	0.01064	0.00631	0.00669	0.01063	0.01425	0.01887	0.04151	0.61503	0.08009	0.10687	0.01304	0.00356	0.00472	0.02004	0.00675	0.00599
54	0.16504	0.01712	0.02106	0.22880	0.12052	0.04851	0.01615	0.16719	0.04198	0.07988	0.01583	0.01849	0.01170	0.00795	0.00701	0.00236	0.00852	0.00631	0.00524	0.01035
55	0.01467	0.01060	0.01223	0.01130	0.01356	0.01098	0.00825	0.09542	0.11595	0.04893	0.15924	0.13088	0.09192	0.19030	0.04819	0.00416	0.00643	0.01220	0.00682	0.00794
56	0.01070	0.00722	0.00837	0.00869	0.00877	0.00713	0.00504	0.01094	0.01167	0.01556	0.02719	0.17424	0.03172	0.60317	0.03330	0.00657	0.00681	0.01296	0.00504	0.00488
57	0.01590	0.01525	0.02632	0.47126	0.25316	0.01733	0.05106	0.02085	0.01596	0.02132	0.01382	0.01977	0.01078	0.00727	0.00762	0.00244	0.00988	0.00685	0.00351	0.00965
58	0.04639	0.17074	0.15552	0.05639	0.20791	0.12205	0.04261	0.02435	0.01735	0.04507	0.03504	0.01751	0.01268	0.00735	0.00682	0.00214	0.00976	0.00595	0.00393	0.01043
59	0.01207	0.00862	0.01204	0.01379	0.01547	0.00859	0.01195	0.01544	0.01731	0.02252	0.04025	0.11952	0.04400	0.02110	0.01043	0.00347	0.00685	0.60266	0.00699	0.00694
60	0.00955	0.00674	0.00873	0.01020	0.01088	0.00627	0.00690	0.01112	0.01509	0.02044	0.07644	0.62800	0.07953	0.02238	0.00940	0.00296	0.00429	0.02018	0.04464	0.00627
61	0.16884	0.04381	0.02022	0.18390	0.02786	0.04300	0.01434	0.28454	0.04753	0.03424	0.01672	0.05225	0.01331	0.00896	0.00702	0.00237	0.00819	0.00690	0.00571	0.01031

[dist]
# distance from previous block
# <min> <max>
0	1

[block]
# block no. 3 follows, 26 sequences, length 35
# corresponding to MSA columns:
# 307-341
name=unknown_D
#
# <colnr> <probs for GDERKNQSTAVLIFYWHMCP>
#	G	D	E	R	K	N	Q	S	T	A	V	L	I	F	Y	W	H	M	C	P
0	0.02636	0.01851	0.02025	0.01596	0.02132	0.02016	0.01302	0.48803	0.07721	0.09435	0.06001	0.04388	0.01890	0.01003	0.00766	0.00232	0.00746	0.00788	0.03459	0.01209
1	0.05946	0.26661	0.05924	0.02078	0.11739	0.28540	0.01563	0.05440	0.01884	0.02151	0.01202	0.01415	0.01014	0.00721	0.00623	0.00194	0.01043	0.00496	0.00383	0.00984
2	0.01000	0.00768	0.00916	0.00895	0.01089	0.00693	0.00663	0.01266	0.01874	0.02493	0.36494	0.09318	0.30293	0.04412	0.04175	0.00311	0.00462	0.01462	0.00746	0.00671
3	0.01636	0.03215	0.46715	0.02890	0.19998	0.01786	0.08301	0.02386	0.01650	0.02424	0.01393	0.01711	0.01039	0.00702	0.00744	0.00238	0.01079	0.00620	0.00340	0.01133
4	0.01573	0.01348	0.01573	0.01123	0.01798	0.01011	0.00899	0.01910	0.01573	0.02472	0.01348	0.01573	0.01123	0.00562	0.00562	0.00112	0.00562	0.00449	0.00449	0.77980
5	0.02167	0.61679	0.03660	0.01411	0.02016	0.14623	0.01327	0.02402	0.01646	0.01797	0.01075	0.01243	0.00974	0.00672	0.00521	0.00168	0.00907	0.00420	0.00336	0.00957
6	0.42760	0.01563	0.01911	0.02489	0.28870	0.01685	0.01430	0.02223	0.01519	0.03004	0.05157	0.01756	0.01349	0.00742	0.00609	0.00231	0.00702	0.00576	0.00453	0.00970
7	0.01099	0.00750	0.00902	0.00902	0.00928	0.00776	0.00552	0.01151	0.01125	0.01526	0.02322	0.04586	0.02594	0.60479	0.16501	0.00827	0.00982	0.01048	0.00449	0.00501
8	0.02122	0.01747	0.01848	0.01591	0.02062	0.01997	0.01258	0.18714	0.52174	0.03553	0.02788	0.02591	0.02073	0.01001	0.00769	0.00250	0.00656	0.00816	0.00769	0.01222
9	0.01103	0.00735	0.00827	0.00827	0.00827	0.00735	0.00460	0.01103	0.01103	0.01471	0.02390	0.04964	0.02758	0.73343	0.03861	0.00735	0.00735	0.01103	0.00460	0.00460
10	0.03203	0.01438	0.01834	0.01413	0.01987	0.01347	0.01164	0.16154	0.02451	0.53489	0.05422	0.02555	0.01975	0.00958	0.00767	0.00233	0.00672	0.00772	0.00898	0.01267
11	0.02883	0.02125	0.02276	0.01745	0.02352	0.02352	0.01442	0.66082	0.03566	0.04780	0.01821	0.01821	0.01290	0.00911	0.00759	0.00228	0.00835	0.00683	0.00759	0.01290
12	0.01393	0.00908	0.01117	0.01021	0.01275	0.00843	0.00778	0.05866	0.02100	0.09887	0.39280	0.11391	0.18021	0.01589	0.00878	0.00247	0.00433	0.01376	0.00804	0.00791
13	0.00940	0.00742	0.00835	0.00883	0.01061	0.00653	0.00636	0.01122	0.01651	0.02063	0.10515	0.24262	0.41468	0.06057	0.01088	0.00299	0.00428	0.03966	0.00699	0.00631
14	0.02356	0.01829	0.01805	0.01562	0.02020	0.10659	0.01227	0.08362	0.38754	0.16120	0.02686	0.02520	0.01963	0.01138	0.03263	0.00277	0.00778	0.00776	0.00741	0.01164
15	0.23756	0.01376	0.01585	0.01267	0.01804	0.01351	0.01041	0.06749	0.03807	0.43356	0.04786	0.02291	0.01762	0.00898	0.00688	0.00235	0.00628	0.00687	0.00792	0.01139
16	0.01414	0.00707	0.00707	0.00707	0.00884	0.00707	0.00530	0.01767	0.01591	0.02828	0.02474	0.02828	0.01944	0.00884	0.00530	0.00177	0.00353	0.00707	0.77554	0.00707
17	0.03362	0.01357	0.01801	0.01381	0.01969	0.01213	0.01141	0.08656	0.02282	0.64021	0.02899	0.02521	0.01831	0.00937	0.00762	0.00234	0.00660	0.00756	0.00924	0.01291
18	0.01478	0.01425	0.02496	0.63331	0.07102	0.01710	0.07795	0.01994	0.01548	0.01999	0.01367	0.02020	0.01030	0.00745	0.00770	0.00252	0.01032	0.00694	0.00342	0.00870
19	0.00982	0.00715	0.00931	0.01069	0.01143	0.00684	0.00728	0.01228	0.04525	0.02098	0.10227	0.63251	0.05097	0.02236	0.00952	0.00299	0.00440	0.02022	0.00720	0.00652
20	0.78701	0.01467	0.01115	0.00997	0.01467	0.01702	0.00821	0.02230	0.01291	0.03403	0.01056	0.01232	0.00821	0.00704	0.00469	0.00235	0.00587	0.00411	0.00469	0.00821
21	0.02806	0.13769	0.02045	0.01292	0.01821	0.01435	0.01087	0.05679	0.02057	0.45110	0.08409	0.02725	0.02219	0.05034	0.00902	0.00251	0.00661	0.00771	0.00789	0.01138
22	0.01075	0.00809	0.00974	0.01017	0.01175	0.00739	0.00706	0.03830	0.01568	0.02079	0.04301	0.45332	0.15812	0.08669	0.01179	0.00318	0.00485	0.01744	0.00661	0.07528
23	0.05741	0.21340	0.02544	0.01627	0.02022	0.19796	0.01366	0.11625	0.01902	0.02394	0.01282	0.01552	0.01085	0.00887	0.01014	0.00221	0.16370	0.00544	0.05749	0.00939
24	0.01923	0.02108	0.02365	0.05084	0.02291	0.17815	0.04119	0.02129	0.01427	0.01861	0.01072	0.01624	0.00998	0.01151	0.01939	0.00294	0.49971	0.00633	0.00348	0.00849
25	0.11864	0.01341	0.01683	0.01327	0.01886	0.01251	0.01089	0.03559	0.07870	0.55754	0.02780	0.02450	0.01796	0.00920	0.00730	0.00237	0.00635	0.00731	0.00870	0.01229
26	0.01737	0.01848	0.07702	0.03137	0.31652	0.03985	0.09250	0.05699	0.01733	0.02410	0.01849	0.12644	0.01760	0.01188	0.03458	0.00287	0.07276	0.00915	0.00442	0.01028
27	0.01298	0.00694	0.01038	0.04310	0.01186	0.00708	0.00721	0.01040	0.01037	0.01378	0.01479	0.05310	0.01512	0.05267	0.02813	0.68079	0.00669	0.00739	0.00350	0.00370
28	0.01180	0.00803	0.01021	0.00950	0.01163	0.00727	0.00718	0.01510	0.02089	0.06635	0.55857	0.05726	0.15616	0.01569	0.00887	0.00241	0.00378	0.01370	0.00822	0.00737
29	0.01605	0.01582	0.02254	0.08142	0.02242	0.02186	0.01657	0.01808	0.01197	0.01832	0.01088	0.01769	0.01050	0.01533	0.06325	0.00377	0.61520	0.00673	0.00337	0.00822
30	0.20330	0.13586	0.02109	0.03971	0.01962	0.04462	0.01222	0.15033	0.01887	0.08812	0.01466	0.01686	0.01147	0.00946	0.00980	0.03645	0.11081	0.00570	0.04146	0.00959
31	0.01015	0.00793	0.01216	0.01262	0.01377	0.00744	0.06534	0.01202	0.01496	0.01995	0.03937	0.63652	0.04643	0.02209	0.00965	0.00305	0.00526	0.04798	0.00675	0.00656
32	0.01160	0.00836	0.01146	0.01310	0.01471	0.00822	0.01109	0.01468	0.01703	0.02209	0.04266	0.17634	0.08406	0.02125	0.01027	0.00338	0.00642	0.50947	0.00700	0.00683
33	0.01319	0.01050	0.01143	0.01089	0.01394	0.01051	0.00849	0.02117	0.21072	0.04822	0.10618	0.05804	0.35893	0.01611	0.00869	0.00263	0.00483	0.06973	0.00742	0.00839
34	0.01650	0.12183	0.38328	0.09548	0.08886	0.01941	0.12410	0.02336	0.01625	0.02286	0.01353	0.01688	0.01018	0.00699	0.00724	0.00233	0.01076	0.00614	0.00337	0.01065

[dist]
# distance from previous block
# <min> <max>
0	1

[block]
# block no. 4 follows, 26 sequences, length 341
# corresponding to MSA columns:
# 343-665,714-731
name=unknown_E
#
# <colnr> <probs for GDERKNQSTAVLIFYWHMCP>
#	G	D	E	R	K	N	Q	S	T	A	V	L	I	F	Y	W	H	M	C	P
0	0.07157	0.04290	0.05518	0.13060	0.46050	0.01814	0.02109	0.04387	0.01732	0.04726	0.01440	0.01840	0.01157	0.00706	0.00723	0.00228	0.00890	0.00646	0.00404	0.01121
1	0.12057	0.01815	0.06781	0.25755	0.32115	0.04400	0.02050	0.02219	0.01608	0.02397	0.01337	0.01801	0.01064	0.00714	0.00711	0.00235	0.00927	0.00625	0.00373	0.01016
2	0.00930	0.00770	0.00815	0.00803	0.01045	0.00655	0.00603	0.01153	0.01808	0.02236	0.19098	0.06992	0.56773	0.01851	0.00896	0.00253	0.00379	0.01558	0.00729	0.00655
3	0.01642	0.03702	0.63152	0.02150	0.03227	0.01729	0.04884	0.02480	0.01642	0.06362	0.01464	0.01675	0.01022	0.00731	0.00729	0.00240	0.01098	0.00584	0.00359	0.01128
4	0.04959	0.00739	0.00958	0.03788	0.01289	0.00727	0.00777	0.01172	0.01447	0.02010	0.03849	0.61849	0.04552	0.04386	0.01026	0.00317	0.00489	0.04362	0.00670	0.00634
5	0.02775	0.03465	0.02163	0.01949	0.02327	0.64558	0.01475	0.05051	0.02146	0.01951	0.01185	0.01398	0.00988	0.00814	0.00779	0.00203	0.04979	0.00504	0.00400	0.00890
6	0.01691	0.05316	0.01431	0.01153	0.01412	0.01142	0.00878	0.05543	0.03713	0.13238	0.02253	0.03246	0.02038	0.22930	0.24543	0.00690	0.01133	0.00840	0.03499	0.03311
7	0.00909	0.00763	0.00789	0.00796	0.01035	0.00643	0.00592	0.01107	0.01738	0.02102	0.11075	0.10940	0.61068	0.01925	0.00900	0.00258	0.00386	0.01619	0.00712	0.00643
8	0.00924	0.00660	0.00880	0.01056	0.01100	0.00616	0.00704	0.01056	0.01452	0.01936	0.04181	0.72848	0.05017	0.02376	0.00968	0.00308	0.00440	0.02156	0.00704	0.00616
9	0.02654	0.02116	0.02064	0.01654	0.02170	0.10405	0.01335	0.49876	0.03125	0.04114	0.01929	0.06053	0.01520	0.00980	0.00745	0.00225	0.00841	0.00748	0.06286	0.01158
10	0.02891	0.01746	0.01984	0.01547	0.02110	0.01836	0.01269	0.38300	0.07638	0.24782	0.02318	0.02191	0.01586	0.00926	0.00748	0.00229	0.00731	0.00722	0.05194	0.01250
11	0.03383	0.01323	0.01780	0.01365	0.01952	0.01163	0.01127	0.06112	0.02225	0.66645	0.02947	0.02552	0.01855	0.00938	0.00763	0.00234	0.00653	0.00760	0.00932	0.01291
12	0.00922	0.00667	0.00873	0.01039	0.01096	0.00618	0.00697	0.01058	0.01469	0.01943	0.04388	0.68959	0.08771	0.02349	0.00964	0.00305	0.00437	0.02123	0.00704	0.00618
13	0.00949	0.00770	0.00841	0.00823	0.01057	0.00663	0.00618	0.01190	0.01853	0.02343	0.25611	0.06816	0.50193	0.01811	0.00896	0.00251	0.00376	0.01533	0.00743	0.00663
14	0.02028	0.73799	0.03975	0.01298	0.01947	0.03001	0.01298	0.02271	0.01541	0.01785	0.01055	0.01217	0.00973	0.00649	0.00487	0.00162	0.00811	0.00406	0.00324	0.00973
15	0.01311	0.00873	0.01206	0.01308	0.01502	0.00851	0.01113	0.01651	0.01828	0.06201	0.14801	0.09952	0.04717	0.01947	0.01003	0.00323	0.00629	0.47317	0.00735	0.00732
16	0.01085	0.00805	0.01181	0.01181	0.01303	0.00927	0.00900	0.01330	0.01208	0.01732	0.02067	0.03174	0.01980	0.12298	0.63843	0.01172	0.01905	0.00841	0.00412	0.00656
17	0.03007	0.01774	0.02048	0.01588	0.02171	0.01846	0.01315	0.40972	0.02990	0.28010	0.02331	0.02358	0.01622	0.00967	0.00771	0.00235	0.00761	0.03145	0.00822	0.01267
18	0.01831	0.01755	0.02995	0.11598	0.62030	0.01790	0.02305	0.02287	0.01705	0.02422	0.01419	0.01892	0.01182	0.00684	0.00752	0.00228	0.00913	0.00676	0.00371	0.01164
19	0.01414	0.00707	0.00707	0.00707	0.00884	0.00707	0.00530	0.01767	0.01591	0.02828	0.02474	0.02828	0.01944	0.00884	0.00530	0.00177	0.00353	0.00707	0.77554	0.00707
20	0.78701	0.01467	0.01115	0.00997	0.01467	0.01702	0.00821	0.02230	0.01291	0.03403	0.01056	0.01232	0.00821	0.00704	0.00469	0.00235	0.00587	0.00411	0.00469	0.00821
21	0.01683	0.13693	0.02684	0.45583	0.14086	0.01963	0.01966	0.05710	0.01669	0.02156	0.01337	0.01853	0.01049	0.00736	0.00711	0.00232	0.00951	0.00630	0.00365	0.00944
22	0.00903	0.00769	0.00778	0.00776	0.01029	0.00643	0.00582	0.01102	0.01745	0.02088	0.10037	0.07236	0.65926	0.01907	0.00896	0.00255	0.00383	0.01592	0.00709	0.00643
23	0.04211	0.08826	0.33253	0.05098	0.05795	0.04296	0.20903	0.02377	0.01648	0.02339	0.01360	0.01708	0.01026	0.00711	0.00801	0.00239	0.03363	0.00650	0.00350	0.01045
24	0.01551	0.01425	0.04559	0.01320	0.01711	0.01430	0.01079	0.05217	0.36355	0.02853	0.09614	0.04386	0.20194	0.01333	0.00823	0.00257	0.00560	0.03607	0.00735	0.00991
25	0.03249	0.01538	0.01913	0.01467	0.02059	0.01481	0.01212	0.22174	0.02584	0.50076	0.02646	0.02356	0.01704	0.00930	0.00762	0.00233	0.00701	0.00739	0.00885	0.01291
26	0.01696	0.01650	0.02648	0.37369	0.34934	0.04397	0.02186	0.02164	0.01640	0.02189	0.01378	0.01929	0.01099	0.00720	0.00752	0.00238	0.00973	0.00668	0.00357	0.01013
27	0.13277	0.02904	0.39656	0.04960	0.05233	0.01735	0.06909	0.05813	0.01725	0.08734	0.01503	0.01707	0.01065	0.00742	0.00705	0.00239	0.00983	0.00597	0.00429	0.01085
28	0.01026	0.00805	0.00931	0.00894	0.01117	0.00727	0.00672	0.01378	0.04457	0.02604	0.38692	0.06287	0.34269	0.01696	0.00891	0.00247	0.00379	0.01454	0.00774	0.00701
29	0.01103	0.00735	0.00827	0.00827	0.00827	0.00735	0.00460	0.01103	0.01103	0.01471	0.02390	0.04964	0.02758	0.73343	0.03861	0.00735	0.00735	0.01103	0.00460	0.00460
30	0.07942	0.27256	0.13682	0.01535	0.02113	0.14711	0.01478	0.05925	0.01716	0.02225	0.01349	0.01637	0.01136	0.01408	0.10235	0.00337	0.01104	0.00528	0.02744	0.00938
31	0.10127	0.02154	0.04791	0.01637	0.02205	0.08627	0.01374	0.42740	0.05544	0.07496	0.01805	0.01834	0.01300	0.00875	0.00713	0.00225	0.00834	0.00645	0.03903	0.01170
32	0.01353	0.00831	0.01065	0.00972	0.01204	0.00756	0.00741	0.01691	0.02086	0.10670	0.52261	0.05257	0.10715	0.01467	0.00858	0.00236	0.00393	0.01278	0.05389	0.00777
33	0.01629	0.08782	0.18384	0.12334	0.12940	0.01733	0.14282	0.02184	0.01681	0.02356	0.06915	0.02087	0.01573	0.00749	0.00740	0.00222	0.00951	0.00699	0.00400	0.09360
34	0.01636	0.01522	0.02328	0.34736	0.10086	0.01920	0.01889	0.05712	0.01521	0.02101	0.01263	0.01882	0.01051	0.01015	0.01420	0.02851	0.25148	0.00671	0.00364	0.00883
35	0.02345	0.23322	0.05779	0.01675	0.02200	0.21105	0.01445	0.14677	0.11847	0.02603	0.01544	0.01653	0.01234	0.00830	0.00750	0.00210	0.04681	0.00568	0.00491	0.01040
36	0.02041	0.52003	0.03447	0.05630	0.02194	0.10806	0.01412	0.02284	0.01563	0.01807	0.01078	0.01339	0.00979	0.00758	0.00781	0.00193	0.09949	0.00464	0.00334	0.00936
37	0.01111	0.00824	0.01041	0.00978	0.01175	0.00778	0.00736	0.01562	0.05836	0.02997	0.61325	0.05590	0.10087	0.01540	0.00888	0.00241	0.00373	0.01354	0.00825	0.00739
38	0.02739	0.01986	0.02122	0.01643	0.02208	0.02191	0.01352	0.59776	0.03373	0.04589	0.01885	0.01920	0.01354	0.00908	0.00736	0.00223	0.00787	0.00685	0.08289	0.01233
39	0.01028	0.00774	0.00951	0.00907	0.01105	0.00696	0.00680	0.01344	0.02040	0.02788	0.52719	0.06084	0.22808	0.01645	0.00895	0.00243	0.00365	0.01430	0.00802	0.00696
40	0.01318	0.00659	0.00988	0.00988	0.00988	0.00659	0.00659	0.00988	0.00988	0.01318	0.01318	0.02306	0.01318	0.02635	0.02964	0.77931	0.00659	0.00659	0.00329	0.00329
41	0.02833	0.03615	0.02149	0.01954	0.02345	0.70298	0.01466	0.03029	0.02149	0.01856	0.01172	0.01368	0.00977	0.00782	0.00684	0.00195	0.01368	0.00489	0.00391	0.00879
42	0.03164	0.01432	0.01823	0.01408	0.01975	0.01344	0.01159	0.16293	0.02454	0.52241	0.06472	0.02602	0.02059	0.00968	0.00769	0.00233	0.00668	0.00781	0.00896	0.01258
43	0.01205	0.00860	0.01202	0.01377	0.01543	0.00858	0.01191	0.01541	0.01729	0.02250	0.04026	0.12388	0.04404	0.02112	0.01043	0.00347	0.00683	0.59850	0.00699	0.00694
44	0.00896	0.00768	0.00768	0.00768	0.01025	0.00640	0.00576	0.01089	0.01729	0.02049	0.07684	0.07300	0.68304	0.01921	0.00896	0.00256	0.00384	0.01601	0.00704	0.00640
45	0.02565	0.02998	0.02108	0.02006	0.06038	0.48041	0.01453	0.05764	0.17034	0.02310	0.01650	0.01749	0.01308	0.00837	0.00711	0.00213	0.01145	0.00591	0.00492	0.00988
46	0.78701	0.01467	0.01115	0.00997	0.01467	0.01702	0.00821	0.02230	0.01291	0.03403	0.01056	0.01232	0.00821	0.00704	0.00469	0.00235	0.00587	0.00411	0.00469	0.00821
47	0.00969	0.00681	0.00874	0.01003	0.01043	0.00646	0.00652	0.01081	0.01405	0.01881	0.06381	0.55514	0.04617	0.17628	0.01588	0.00397	0.00500	0.01898	0.00657	0.00586
48	0.07832	0.01301	0.01722	0.01329	0.01909	0.01149	0.01098	0.03610	0.02119	0.65271	0.02879	0.02502	0.01815	0.00925	0.00746	0.00235	0.00642	0.00742	0.00911	0.01263
49	0.01323	0.01022	0.01132	0.01066	0.01363	0.01002	0.00835	0.05627	0.12980	0.04766	0.15537	0.05932	0.35245	0.01637	0.00877	0.00260	0.00482	0.07355	0.00747	0.00812
50	0.01659	0.01659	0.02323	0.01991	0.01991	0.02323	0.01659	0.01825	0.01162	0.01825	0.00996	0.01659	0.00996	0.01328	0.02489	0.00332	0.71955	0.00664	0.00332	0.00830
51	0.78701	0.01467	0.01115	0.00997	0.01467	0.01702	0.00821	0.02230	0.01291	0.03403	0.01056	0.01232	0.00821	0.00704	0.00469	0.00235	0.00587	0.00411	0.00469	0.00821
52	0.00967	0.00714	0.00953	0.01098	0.01138	0.00707	0.00746	0.01097	0.01427	0.01917	0.03965	0.67215	0.04744	0.04385	0.01130	0.00322	0.04125	0.02049	0.00678	0.00623
53	0.03248	0.01272	0.01724	0.01326	0.01899	0.01095	0.01091	0.03545	0.02150	0.64250	0.05615	0.02675	0.02070	0.00952	0.00762	0.00231	0.00631	0.00778	0.00919	0.03769
54	0.01379	0.01110	0.03842	0.01283	0.01499	0.01084	0.01018	0.04801	0.10265	0.05090	0.10536	0.27218	0.03873	0.06525	0.04087	0.00357	0.04303	0.10254	0.00677	0.00797
55	0.01907	0.57073	0.19639	0.01505	0.02267	0.02705	0.01658	0.02303	0.01556	0.01932	0.01128	0.01309	0.00970	0.00666	0.00543	0.00181	0.00885	0.00443	0.00323	0.01009
56	0.03308	0.01270	0.01730	0.01333	0.01903	0.01098	0.01098	0.03604	0.02170	0.66425	0.05669	0.02708	0.02094	0.00964	0.00768	0.00235	0.00634	0.00788	0.00935	0.01267
57	0.01031	0.00856	0.00892	0.00880	0.01142	0.00768	0.00669	0.03850	0.04476	0.02207	0.06919	0.10680	0.56853	0.01876	0.00896	0.00262	0.00426	0.03917	0.00709	0.00690
58	0.09404	0.01925	0.13494	0.13373	0.02701	0.01662	0.01587	0.15785	0.07634	0.15660	0.04796	0.05067	0.01739	0.00935	0.00741	0.00242	0.00799	0.00754	0.00621	0.01082
59	0.01044	0.00799	0.00964	0.00958	0.01152	0.00739	0.00715	0.01402	0.04809	0.02580	0.36621	0.15312	0.24161	0.01768	0.00906	0.00258	0.00401	0.03938	0.00771	0.00701
60	0.01092	0.00731	0.00830	0.00841	0.00844	0.00728	0.00474	0.01100	0.01124	0.01498	0.02497	0.09010	0.02892	0.69114	0.03688	0.00710	0.00718	0.01166	0.00474	0.00469
61	0.02503	0.01864	0.02032	0.01631	0.02141	0.02063	0.01321	0.50646	0.08762	0.04190	0.02169	0.08751	0.01770	0.01344	0.04908	0.00297	0.00848	0.00846	0.00734	0.01182
62	0.01596	0.02057	0.17322	0.15278	0.24174	0.01639	0.08122	0.02225	0.05079	0.02339	0.01862	0.08550	0.01656	0.00933	0.00793	0.00251	0.00938	0.03738	0.00422	0.01027
63	0.01222	0.00873	0.01222	0.01397	0.01572	0.00873	0.01222	0.01572	0.01746	0.02270	0.04016	0.08556	0.04365	0.02095	0.01048	0.00349	0.00698	0.63506	0.00698	0.00698
64	0.08381	0.03447	0.55787	0.06409	0.03278	0.01760	0.05889	0.02359	0.01578	0.02464	0.01342	0.01618	0.00962	0.00717	0.00710	0.00241	0.01075	0.00572	0.00338	0.01072
65	0.01834	0.01583	0.11089	0.05138	0.02140	0.01242	0.04627	0.04141	0.01840	0.16678	0.12114	0.03556	0.07802	0.03918	0.01009	0.00259	0.04769	0.05564	0.00624	0.10073
66	0.01641	0.09500	0.54111	0.02140	0.06058	0.05891	0.02481	0.02372	0.01615	0.02284	0.01369	0.01704	0.01047	0.03649	0.00827	0.00250	0.01084	0.00571	0.00333	0.01071
67	0.05613	0.02920	0.02115	0.01888	0.02190	0.46927	0.01462	0.04838	0.01902	0.02010	0.01183	0.01507	0.01021	0.01098	0.03798	0.00269	0.17448	0.00545	0.00394	0.00872
68	0.01030	0.00772	0.00943	0.00901	0.01092	0.00697	0.00669	0.01329	0.01994	0.02718	0.49812	0.06052	0.22594	0.04836	0.01027	0.00265	0.00381	0.01418	0.00785	0.00685
69	0.01852	0.01379	0.01548	0.01361	0.01693	0.01462	0.01034	0.27917	0.07846	0.03185	0.02828	0.28357	0.02877	0.08105	0.01113	0.00301	0.00648	0.01268	0.00698	0.04528
70	0.01573	0.01348	0.01573	0.01123	0.01798	0.01011	0.00899	0.01910	0.01573	0.02472	0.01348	0.01573	0.01123	0.00562	0.00562	0.00112	0.00562	0.00449	0.00449	0.77980
71	0.02028	0.73799	0.03975	0.01298	0.01947	0.03001	0.01298	0.02271	0.01541	0.01785	0.01055	0.01217	0.00973	0.00649	0.00487	0.00162	0.00811	0.00406	0.00324	0.00973
72	0.05220	0.01971	0.02258	0.01725	0.02332	0.02120	0.04235	0.51581	0.03201	0.14673	0.01968	0.01932	0.01361	0.00897	0.00757	0.00230	0.00817	0.00697	0.00761	0.01264
73	0.00920	0.00769	0.00802	0.00794	0.01039	0.00651	0.00595	0.01135	0.01785	0.02183	0.15875	0.07079	0.60029	0.01871	0.00896	0.00254	0.00381	0.01570	0.00722	0.00651
74	0.01887	0.01629	0.01715	0.01544	0.01972	0.01887	0.01201	0.04031	0.67241	0.03173	0.03087	0.02830	0.02315	0.01029	0.00772	0.00257	0.00600	0.00858	0.00772	0.01201
75	0.01103	0.00735	0.00827	0.00827	0.00827	0.00735	0.00460	0.01103	0.01103	0.01471	0.02390	0.04964	0.02758	0.73343	0.03861	0.00735	0.00735	0.01103	0.00460	0.00460
76	0.00930	0.00730	0.00841	0.00896	0.01066	0.00642	0.00641	0.01122	0.01685	0.02140	0.14427	0.30590	0.37528	0.02035	0.00922	0.00272	0.00401	0.01770	0.00722	0.00642
77	0.73315	0.01438	0.01137	0.01010	0.01475	0.01648	0.00830	0.02261	0.01352	0.05948	0.03258	0.01425	0.01063	0.00740	0.00494	0.00235	0.00582	0.00455	0.00499	0.00836
78	0.00908	0.00724	0.00814	0.00886	0.01055	0.00630	0.00628	0.01075	0.01616	0.02003	0.06255	0.34039	0.42487	0.02107	0.00926	0.00277	0.00407	0.01827	0.00704	0.00630
79	0.00934	0.00674	0.00888	0.01054	0.01115	0.00627	0.00718	0.01078	0.01478	0.01955	0.04358	0.66912	0.08309	0.02342	0.00967	0.00307	0.00447	0.04513	0.00704	0.00621
80	0.01886	0.01643	0.01825	0.01795	0.07353	0.01880	0.01292	0.03893	0.61951	0.03117	0.02953	0.02753	0.02225	0.01001	0.00770	0.00255	0.00625	0.00843	0.00740	0.01201
