[name]
unknown

[dist]
# distance from previous block
# <min> <max>
18	34

[block]
# block no. 0 follows, 28 sequences, length 8
# corresponding to MSA columns:
# 35-42
name=unknown_A
#
# <colnr> <probs for GDERKNQSTAVLIFYWHMCP>
#	G	D	E	R	K	N	Q	S	T	A	V	L	I	F	Y	W	H	M	C	P
0	0.06804	0.10169	0.02044	0.22401	0.06684	0.08933	0.01403	0.09844	0.01734	0.02312	0.01813	0.06261	0.04511	0.04179	0.00868	0.00243	0.03414	0.00725	0.04806	0.00851
1	0.01645	0.11210	0.01805	0.05538	0.05461	0.06728	0.01089	0.04529	0.01484	0.06375	0.01859	0.06802	0.01783	0.17287	0.09110	0.00428	0.08862	0.00792	0.06441	0.00772
2	0.04559	0.00903	0.01124	0.01130	0.01258	0.00968	0.00826	0.07784	0.01538	0.02161	0.05886	0.35139	0.03434	0.11534	0.11154	0.00458	0.04928	0.03960	0.00586	0.00671
3	0.05831	0.00839	0.01011	0.01014	0.01182	0.00830	0.00731	0.05242	0.01610	0.05771	0.12908	0.32412	0.10762	0.08826	0.07270	0.00382	0.00605	0.01447	0.00647	0.00681
4	0.04886	0.01115	0.01239	0.01110	0.01385	0.01189	0.00844	0.05045	0.16921	0.05685	0.02390	0.09336	0.02104	0.09956	0.01131	0.00275	0.05244	0.00850	0.20885	0.08409
5	0.02415	0.02496	0.02168	0.02253	0.15493	0.34313	0.01505	0.13373	0.02135	0.06649	0.01722	0.01882	0.04902	0.00847	0.00786	0.00210	0.04776	0.00619	0.00477	0.00978
6	0.01726	0.01642	0.01707	0.09727	0.02180	0.11847	0.01166	0.06916	0.06055	0.02332	0.01672	0.09264	0.01514	0.00879	0.00770	0.00187	0.05592	0.00690	0.00470	0.33665
7	0.01249	0.00768	0.00975	0.01005	0.01112	0.00747	0.00681	0.01438	0.03949	0.09411	0.03176	0.37317	0.03510	0.24401	0.06427	0.00469	0.00637	0.01475	0.00612	0.00642

[dist]
# distance from previous block
# <min> <max>
3	19

[block]
# block no. 1 follows, 28 sequences, length 17
# corresponding to MSA columns:
# 62-78
name=unknown_B
#
# <colnr> <probs for GDERKNQSTAVLIFYWHMCP>
#	G	D	E	R	K	N	Q	S	T	A	V	L	I	F	Y	W	H	M	C	P
0	0.02191	0.01519	0.01654	0.01346	0.01837	0.05360	0.01072	0.11329	0.20571	0.18992	0.08864	0.02474	0.02144	0.00896	0.00702	0.00205	0.00626	0.00728	0.00699	0.16791
1	0.01458	0.03760	0.70688	0.02072	0.03146	0.01688	0.02686	0.02302	0.01535	0.02302	0.01304	0.01535	0.00921	0.00691	0.00691	0.00230	0.01074	0.00537	0.00307	0.01074
2	0.02519	0.01853	0.02007	0.01586	0.02098	0.02037	0.01290	0.58835	0.03154	0.04226	0.02040	0.11155	0.01701	0.01056	0.00753	0.00228	0.00751	0.00838	0.00720	0.01152
3	0.01507	0.01292	0.01507	0.01077	0.01723	0.00969	0.00861	0.01830	0.01507	0.02369	0.01292	0.01507	0.01077	0.00538	0.00538	0.00108	0.00538	0.00431	0.00431	0.78898
4	0.01663	0.25392	0.47268	0.01802	0.02716	0.02076	0.02188	0.05127	0.01600	0.02222	0.01234	0.01431	0.00938	0.00678	0.00624	0.00207	0.00972	0.00497	0.00327	0.01038
5	0.00880	0.00656	0.00819	0.00949	0.01038	0.00596	0.00647	0.01019	0.01452	0.01880	0.04770	0.58738	0.19556	0.02178	0.00912	0.00284	0.00410	0.01945	0.00675	0.00596
6	0.01507	0.01292	0.01507	0.01077	0.01723	0.00969	0.00861	0.01830	0.01507	0.02369	0.01292	0.01507	0.01077	0.00538	0.00538	0.00108	0.00538	0.00431	0.00431	0.78898
7	0.06059	0.14162	0.02230	0.01497	0.02023	0.08341	0.01243	0.33468	0.10047	0.03357	0.01733	0.04657	0.01385	0.00859	0.00661	0.00205	0.00773	0.00644	0.00593	0.06063
8	0.01263	0.00631	0.00947	0.00947	0.00947	0.00631	0.00631	0.00947	0.00947	0.01263	0.01263	0.02210	0.01263	0.02525	0.02841	0.78851	0.00631	0.00631	0.00316	0.00316
9	0.00970	0.00722	0.00903	0.00897	0.01060	0.00655	0.00658	0.01244	0.01862	0.02543	0.45854	0.17889	0.18672	0.01695	0.00870	0.00244	0.00362	0.01491	0.00754	0.00655
10	0.01737	0.01593	0.02522	0.15916	0.41279	0.01715	0.01963	0.06752	0.05712	0.02430	0.01622	0.02300	0.01385	0.00823	0.00830	0.00236	0.04676	0.05044	0.00420	0.01044
11	0.01449	0.10076	0.01571	0.01286	0.06072	0.05440	0.00887	0.05029	0.01498	0.01966	0.04678	0.03607	0.11012	0.27879	0.01878	0.00388	0.05049	0.00886	0.04885	0.04464
12	0.04626	0.01469	0.01864	0.01643	0.05910	0.05119	0.09584	0.19788	0.02044	0.02779	0.11093	0.07082	0.02501	0.19527	0.01508	0.00349	0.00770	0.00932	0.00564	0.00849
13	0.05612	0.25449	0.11167	0.02053	0.14857	0.10977	0.03617	0.02209	0.01601	0.04562	0.01575	0.10237	0.01472	0.00865	0.00644	0.00206	0.00855	0.00697	0.00402	0.00944
14	0.02091	0.06248	0.06294	0.02287	0.17325	0.12239	0.03599	0.15234	0.17475	0.02820	0.01746	0.01863	0.01350	0.00777	0.00694	0.00211	0.00850	0.00635	0.00519	0.05741
15	0.09947	0.05922	0.15715	0.02070	0.10284	0.16263	0.09607	0.02303	0.01642	0.02289	0.01247	0.01510	0.00992	0.00652	0.00640	0.00192	0.00941	0.00531	0.00375	0.16877
16	0.01860	0.02284	0.19168	0.04371	0.13857	0.06073	0.01786	0.11677	0.21357	0.02802	0.04155	0.02083	0.01586	0.00842	0.00766	0.00231	0.02809	0.00683	0.00521	0.01089

[dist]
# distance from previous block
# <min> <max>
0	11

[block]
# block no. 2 follows, 28 sequences, length 20
# corresponding to MSA columns:
# 90-109
name=unknown_C
#
# <colnr> <probs for GDERKNQSTAVLIFYWHMCP>
#	G	D	E	R	K	N	Q	S	T	A	V	L	I	F	Y	W	H	M	C	P
0	0.08994	0.14195	0.17824	0.01479	0.02151	0.05417	0.01463	0.13173	0.01878	0.08505	0.01507	0.03708	0.01184	0.00749	0.00619	0.00192	0.00790	0.00559	0.00479	0.15131
1	0.01875	0.67489	0.07520	0.01288	0.01913	0.02720	0.01311	0.02144	0.01466	0.01743	0.01069	0.01263	0.00972	0.00843	0.03674	0.00205	0.00847	0.00415	0.00314	0.00928
2	0.05565	0.49425	0.24264	0.01485	0.02237	0.02450	0.01665	0.02213	0.01483	0.01968	0.01101	0.01280	0.00922	0.00646	0.00535	0.00182	0.00858	0.00435	0.00316	0.00969
3	0.01969	0.61535	0.03411	0.01293	0.01855	0.10614	0.01224	0.02204	0.01584	0.01802	0.05782	0.01479	0.01345	0.00697	0.00515	0.00164	0.00808	0.00462	0.00352	0.00905
4	0.01057	0.00705	0.00793	0.00793	0.00793	0.00705	0.00440	0.01057	0.01057	0.01409	0.02290	0.04757	0.02643	0.74454	0.03700	0.00705	0.00705	0.01057	0.00440	0.00440
5	0.00996	0.00725	0.00937	0.00919	0.01074	0.00666	0.00676	0.01295	0.01928	0.02689	0.55380	0.16262	0.10469	0.01632	0.00868	0.00240	0.00357	0.01446	0.00773	0.00666
6	0.00913	0.00744	0.00822	0.00837	0.01051	0.00632	0.00609	0.01097	0.01593	0.01996	0.08410	0.24221	0.45941	0.01861	0.00857	0.00249	0.00392	0.01597	0.00664	0.05514
7	0.01507	0.01292	0.01507	0.01077	0.01723	0.00969	0.00861	0.01830	0.01507	0.02369	0.01292	0.01507	0.01077	0.00538	0.00538	0.00108	0.00538	0.00431	0.00431	0.78898
8	0.02625	0.01968	0.02175	0.01779	0.05803	0.02137	0.01390	0.59477	0.03192	0.04311	0.01694	0.01732	0.01221	0.00837	0.00714	0.00210	0.00785	0.00639	0.00687	0.06625
9	0.00928	0.00662	0.00845	0.00953	0.01013	0.00620	0.00633	0.01062	0.01429	0.01913	0.11442	0.51951	0.07901	0.13467	0.01350	0.00349	0.00454	0.01796	0.00653	0.00579
10	0.03099	0.01497	0.01848	0.01417	0.01985	0.01455	0.01170	0.24378	0.02516	0.48972	0.02502	0.02237	0.01616	0.00891	0.00730	0.00223	0.00678	0.00706	0.00843	0.01237
11	0.05627	0.05885	0.16380	0.01726	0.02176	0.13854	0.01609	0.11344	0.03947	0.02373	0.01354	0.01696	0.01116	0.01418	0.09261	0.00347	0.17963	0.00588	0.00411	0.00925
12	0.01263	0.00631	0.00947	0.00947	0.00947	0.00631	0.00631	0.00947	0.00947	0.01263	0.01263	0.02210	0.01263	0.02525	0.02841	0.78851	0.00631	0.00631	0.00316	0.00316
13	0.01108	0.00765	0.00960	0.00926	0.01126	0.00692	0.00704	0.01397	0.01902	0.06166	0.43968	0.10538	0.20149	0.01618	0.00864	0.00243	0.00387	0.05032	0.00762	0.00692
14	0.01675	0.15170	0.41673	0.02349	0.13374	0.05764	0.05689	0.02305	0.01582	0.02187	0.01264	0.01525	0.00969	0.00672	0.00665	0.00214	0.01013	0.00543	0.00323	0.01045
15	0.02449	0.02661	0.05386	0.01727	0.02192	0.35296	0.01398	0.17102	0.09069	0.04644	0.01513	0.01623	0.01170	0.00813	0.00760	0.00204	0.04525	0.00562	0.00503	0.06402
16	0.01724	0.02167	0.13389	0.02160	0.02621	0.09292	0.20180	0.05517	0.01577	0.02144	0.01326	0.01807	0.01101	0.01389	0.09207	0.00360	0.22087	0.00682	0.00366	0.00903
17	0.06072	0.01757	0.02355	0.07631	0.41468	0.10173	0.01776	0.02137	0.01661	0.02276	0.01898	0.02343	0.07009	0.00805	0.00707	0.00214	0.00841	0.02740	0.00405	0.05734
18	0.01068	0.00848	0.01160	0.05333	0.05524	0.00846	0.00879	0.01261	0.01460	0.01988	0.10114	0.40802	0.08047	0.07727	0.01174	0.00302	0.04351	0.01540	0.00597	0.04979
19	0.11172	0.07273	0.02063	0.19388	0.07337	0.05102	0.03523	0.11140	0.05760	0.02563	0.05705	0.05568	0.01665	0.01144	0.04673	0.00282	0.03546	0.00723	0.00475	0.00899

[dist]
# distance from previous block
# <min> <max>
7	15

[block]
# block no. 3 follows, 28 sequences, length 96
# corresponding to MSA columns:
# 125-220
name=unknown_D
#
# <colnr> <probs for GDERKNQSTAVLIFYWHMCP>
#	G	D	E	R	K	N	Q	S	T	A	V	L	I	F	Y	W	H	M	C	P
0	0.01924	0.07364	0.08246	0.01494	0.02029	0.01603	0.04332	0.09208	0.11507	0.11629	0.04795	0.02157	0.03430	0.00863	0.00855	0.00207	0.08392	0.00666	0.00555	0.18745
1	0.04577	0.14540	0.28885	0.01445	0.02061	0.01517	0.01578	0.01938	0.04063	0.02317	0.15002	0.09834	0.07236	0.01078	0.00712	0.00225	0.00731	0.00886	0.00485	0.00887
2	0.02013	0.09789	0.17633	0.01627	0.02225	0.12300	0.01546	0.17739	0.14844	0.02841	0.04835	0.02215	0.05482	0.00891	0.00697	0.00217	0.00850	0.00683	0.00539	0.01035
3	0.01915	0.53243	0.06098	0.01471	0.02071	0.06587	0.05954	0.02293	0.05042	0.01879	0.01173	0.01356	0.01019	0.00671	0.00602	0.00175	0.03510	0.00466	0.00346	0.04127
4	0.00967	0.00731	0.00892	0.00873	0.01053	0.00656	0.00647	0.01243	0.01880	0.02542	0.45499	0.12378	0.24658	0.01663	0.00865	0.00240	0.00358	0.01449	0.00752	0.00656
5	0.01782	0.48221	0.24794	0.01693	0.06266	0.02435	0.01755	0.02219	0.01506	0.01935	0.01124	0.01319	0.00942	0.00645	0.00552	0.00183	0.00876	0.00451	0.00313	0.00990
6	0.01957	0.01658	0.02694	0.07048	0.54044	0.01655	0.02009	0.05749	0.01773	0.08952	0.01524	0.01855	0.01206	0.00683	0.00714	0.00214	0.00828	0.00647	0.00432	0.04358
7	0.00925	0.00734	0.00831	0.00816	0.01025	0.00640	0.00609	0.01167	0.01799	0.02322	0.30972	0.09276	0.42859	0.01724	0.00861	0.00241	0.00361	0.01473	0.00723	0.00640
8	0.02337	0.01688	0.01795	0.01440	0.01912	0.01866	0.01169	0.44859	0.12321	0.03976	0.02047	0.02082	0.01506	0.00883	0.00684	0.00212	0.00673	0.00683	0.16759	0.01109
9	0.01700	0.06452	0.15574	0.08570	0.36118	0.03892	0.02035	0.02353	0.08563	0.02315	0.01733	0.02016	0.04012	0.00748	0.00705	0.00221	0.00870	0.00660	0.00397	0.01065
10	0.00941	0.00710	0.00836	0.00875	0.01015	0.00644	0.00619	0.01121	0.01583	0.02055	0.18104	0.23760	0.28055	0.12313	0.01290	0.00324	0.00437	0.04050	0.00666	0.00599
11	0.00886	0.00633	0.00843	0.01012	0.01054	0.00590	0.00675	0.01012	0.01392	0.01856	0.04006	0.73979	0.04808	0.02277	0.00928	0.00295	0.00422	0.02066	0.00675	0.00590
12	0.01820	0.01931	0.05227	0.16947	0.36592	0.11685	0.03917	0.04450	0.01755	0.02292	0.05336	0.01962	0.01413	0.00735	0.00723	0.00219	0.00935	0.00663	0.00391	0.01008
13	0.01804	0.02029	0.07025	0.02602	0.27681	0.18734	0.01586	0.02103	0.01606	0.02024	0.01616	0.05962	0.01539	0.12899	0.01264	0.00297	0.04024	0.00738	0.03578	0.00889
14	0.04470	0.01593	0.02291	0.23577	0.12720	0.05637	0.06672	0.01990	0.01471	0.02087	0.01229	0.01708	0.01014	0.00781	0.01019	0.00225	0.15352	0.00602	0.00358	0.15205
15	0.01190	0.09159	0.03653	0.01144	0.01315	0.01173	0.00912	0.01387	0.01180	0.01636	0.01860	0.03082	0.01870	0.23757	0.38433	0.00847	0.05573	0.00797	0.00388	0.00645
16	0.02032	0.07791	0.06205	0.01827	0.11333	0.01576	0.03595	0.14355	0.03811	0.10623	0.01598	0.01725	0.01212	0.00688	0.00640	0.00176	0.00716	0.00565	0.00519	0.29013
17	0.02698	0.01973	0.02112	0.01626	0.02189	0.02181	0.01341	0.64435	0.03330	0.04494	0.01774	0.01790	0.01265	0.00871	0.00717	0.00216	0.00778	0.00656	0.04345	0.01210
18	0.01538	0.01314	0.01616	0.01289	0.01716	0.01275	0.01031	0.01942	0.06745	0.04092	0.01652	0.08559	0.01516	0.00909	0.00998	0.00185	0.16307	0.00671	0.00467	0.46177
19	0.08271	0.37483	0.30851	0.01577	0.02362	0.04393	0.01800	0.02247	0.01498	0.02084	0.01134	0.01322	0.00916	0.00658	0.00562	0.00193	0.00897	0.00452	0.00323	0.00976
20	0.02195	0.15231	0.02112	0.01592	0.07049	0.12715	0.01193	0.14065	0.02030	0.13646	0.02241	0.11831	0.04536	0.01024	0.00688	0.00211	0.00756	0.00818	0.05103	0.00965
21	0.01217	0.00787	0.01021	0.00937	0.01148	0.00715	0.00712	0.01545	0.02035	0.08873	0.59731	0.05264	0.10307	0.01456	0.00846	0.00229	0.00369	0.01276	0.00801	0.00731
22	0.03714	0.00906	0.01150	0.01014	0.01296	0.00840	0.00786	0.01967	0.04765	0.18139	0.46176	0.04624	0.09043	0.01331	0.00813	0.00229	0.00422	0.01150	0.00803	0.00828
23	0.01886	0.12227	0.16748	0.02634	0.13481	0.03951	0.27143	0.02420	0.01683	0.08707	0.01481	0.01773	0.01113	0.00666	0.00732	0.00222	0.01023	0.00674	0.00398	0.01039
24	0.05429	0.01495	0.09313	0.01347	0.01939	0.01133	0.01217	0.03231	0.01991	0.56668	0.06549	0.02501	0.01966	0.00903	0.00725	0.00226	0.00651	0.00733	0.00813	0.01172
25	0.00886	0.00633	0.00843	0.01012	0.01054	0.00590	0.00675	0.01012	0.01392	0.01856	0.04006	0.73979	0.04808	0.02277	0.00928	0.00295	0.00422	0.02066	0.00675	0.00590
26	0.04450	0.10848	0.08861	0.01974	0.07405	0.35500	0.03965	0.11886	0.02063	0.02334	0.01433	0.01606	0.03056	0.00765	0.00661	0.00199	0.01071	0.00551	0.00421	0.00951
27	0.33210	0.10299	0.04146	0.05357	0.09857	0.09348	0.01245	0.04347	0.01609	0.09381	0.04126	0.01638	0.01242	0.00739	0.00581	0.00213	0.00746	0.00528	0.00471	0.00917
28	0.01776	0.01207	0.01411	0.08032	0.04399	0.01327	0.01013	0.20630	0.02030	0.03059	0.01987	0.02364	0.01565	0.03967	0.00813	0.00221	0.03573	0.00681	0.39081	0.00864
29	0.34947	0.21931	0.02053	0.05440	0.01858	0.01950	0.01067	0.06832	0.04967	0.08220	0.03837	0.01598	0.01246	0.00740	0.00542	0.00207	0.00660	0.00508	0.00486	0.00911
30	0.01091	0.00769	0.00949	0.00917	0.01030	0.00751	0.00632	0.03649	0.01661	0.02303	0.34984	0.10700	0.04783	0.27646	0.04644	0.00440	0.00558	0.01241	0.00643	0.00609
31	0.06392	0.13350	0.05816	0.04470	0.06965	0.07250	0.05542	0.11695	0.05912	0.05493	0.15331	0.02583	0.04353	0.00923	0.00701	0.00214	0.00751	0.00760	0.00550	0.00949
32	0.01352	0.00942	0.01181	0.01031	0.01327	0.00852	0.00800	0.05420	0.02004	0.07081	0.44653	0.06992	0.05045	0.01304	0.00796	0.00214	0.00437	0.03813	0.00729	0.14026
33	0.02550	0.01902	0.02031	0.01599	0.02136	0.02116	0.01308	0.54486	0.13813	0.04254	0.01967	0.01941	0.01421	0.00890	0.00720	0.00221	0.00744	0.00682	0.04020	0.01199
34	0.02080	0.09967	0.30293	0.01936	0.04595	0.23856	0.01927	0.10518	0.03995	0.02387	0.01327	0.01500	0.01012	0.00733	0.00665	0.00208	0.01066	0.00528	0.00395	0.01013
35	0.06124	0.09371	0.01883	0.05492	0.01958	0.07735	0.01154	0.25263	0.06592	0.03145	0.07408	0.02197	0.01794	0.01141	0.04823	0.00263	0.00790	0.00673	0.11235	0.00959
36	0.01060	0.00762	0.00975	0.01086	0.01181	0.00744	0.00763	0.06613	0.01578	0.02103	0.03808	0.64103	0.04472	0.02144	0.00915	0.00291	0.00468	0.05606	0.00679	0.00649
37	0.00999	0.00742	0.00930	0.00883	0.01068	0.00673	0.00662	0.01314	0.01987	0.02747	0.58557	0.05706	0.17942	0.01549	0.00858	0.00232	0.00347	0.01353	0.00778	0.00673
38	0.04732	0.08443	0.30072	0.01724	0.02394	0.04544	0.05206	0.12842	0.01840	0.02564	0.01909	0.14826	0.01781	0.01040	0.00729	0.00236	0.00872	0.02815	0.00466	0.00964
39	0.01668	0.01854	0.03929	0.13369	0.06425	0.01801	0.55263	0.02255	0.01675	0.02261	0.01440	0.01951	0.01085	0.00631	0.00833	0.00244	0.01174	0.00819	0.00361	0.00961
40	0.00929	0.00710	0.00852	0.00877	0.01040	0.00634	0.00635	0.01155	0.01731	0.02283	0.29247	0.24726	0.28893	0.01830	0.00877	0.00253	0.00374	0.01599	0.00721	0.00634
41	0.00886	0.00633	0.00843	0.01012	0.01054	0.00590	0.00675	0.01012	0.01392	0.01856	0.04006	0.73979	0.04808	0.02277	0.00928	0.00295	0.00422	0.02066	0.00675	0.00590
42	0.01715	0.01665	0.02646	0.19204	0.48886	0.04903	0.02090	0.02142	0.01631	0.02223	0.01470	0.02143	0.01260	0.00741	0.00733	0.00227	0.00897	0.04019	0.00369	0.01036
43	0.01398	0.01317	0.02225	0.68742	0.08778	0.01622	0.02031	0.01879	0.01465	0.01887	0.01296	0.01930	0.00980	0.00722	0.00726	0.00241	0.00963	0.00646	0.00325	0.00827
44	0.01057	0.00705	0.00793	0.00793	0.00793	0.00705	0.00440	0.01057	0.01057	0.01409	0.02290	0.04757	0.02643	0.74454	0.03700	0.00705	0.00705	0.01057	0.00440	0.00440
45	0.02534	0.06196	0.02246	0.01634	0.02185	0.02143	0.03898	0.55196	0.03052	0.04113	0.01729	0.01812	0.01267	0.01043	0.03752	0.00254	0.00843	0.00653	0.04291	0.01157
46	0.02369	0.02815	0.01863	0.01773	0.04754	0.53008	0.01282	0.02573	0.01880	0.01895	0.01345	0.01710	0.01156	0.04979	0.00888	0.00221	0.04226	0.00542	0.09911	0.00810
47	0.13061	0.33696	0.17421	0.01455	0.02087	0.09153	0.01489	0.04906	0.01584	0.02229	0.01172	0.01364	0.00963	0.00695	0.00596	0.00192	0.02833	0.00459	0.03713	0.00931
48	0.01250	0.00631	0.00943	0.00949	0.00951	0.00630	0.00633	0.00949	0.00962	0.01283	0.01357	0.04673	0.01384	0.02517	0.02775	0.76155	0.00624	0.00681	0.00328	0.00325
49	0.01266	0.01214	0.01162	0.01206	0.05278	0.10923	0.00838	0.01576	0.04127	0.02285	0.24828	0.07211	0.32388	0.01489	0.00819	0.00232	0.00534	0.01253	0.00654	0.00718
50	0.01791	0.01482	0.02083	0.04431	0.04152	0.01381	0.11521	0.15487	0.01953	0.05080	0.01829	0.08736	0.01613	0.00865	0.00702	0.00191	0.00724	0.03372	0.00525	0.32081
51	0.03193	0.01346	0.01755	0.01345	0.01910	0.01231	0.01111	0.12287	0.02263	0.61420	0.02714	0.02374	0.01722	0.00896	0.00730	0.00224	0.00643	0.00721	0.00876	0.01237
52	0.01013	0.00724	0.00977	0.01011	0.01080	0.00775	0.00705	0.01159	0.01177	0.01630	0.02485	0.18127	0.02707	0.27712	0.34492	0.00835	0.01221	0.01136	0.00465	0.00568
53	0.75064	0.01397	0.01118	0.02867	0.01516	0.01612	0.00829	0.02175	0.01270	0.05382	0.01079	0.01242	0.00825	0.00683	0.00466	0.00225	0.00575	0.00411	0.00461	0.00802
54	0.01032	0.00717	0.00860	0.00852	0.00918	0.00699	0.00546	0.01156	0.01392	0.01901	0.22111	0.08183	0.06563	0.44197	0.05417	0.00548	0.00624	0.01186	0.00563	0.00534
55	0.01057	0.00705	0.00793	0.00793	0.00793	0.00705	0.00440	0.01057	0.01057	0.01409	0.02290	0.04757	0.02643	0.74454	0.03700	0.00705	0.00705	0.01057	0.00440	0.00440
56	0.01601	0.01478	0.01919	0.02427	0.27573	0.04325	0.01410	0.04352	0.18899	0.02498	0.05384	0.03474	0.19435	0.01082	0.00763	0.00231	0.00661	0.00936	0.00564	0.00987
57	0.01263	0.00631	0.00947	0.00947	0.00947	0.00631	0.00631	0.00947	0.00947	0.01263	0.01263	0.02210	0.01263	0.02525	0.02841	0.78851	0.00631	0.00631	0.00316	0.00316
58	0.03261	0.01237	0.01687	0.01293	0.01856	0.01068	0.01068	0.03543	0.02081	0.70423	0.02868	0.02474	0.01799	0.00900	0.00731	0.00225	0.00619	0.00731	0.00900	0.01237
59	0.01829	0.02082	0.09749	0.06028	0.52505	0.07876	0.04866	0.02290	0.01675	0.02297	0.01341	0.01740	0.01102	0.00662	0.00717	0.00217	0.00942	0.00629	0.00355	0.01099
60	0.02087	0.04364	0.01837	0.05292	0.04909	0.03869	0.01241	0.18398	0.11997	0.13674	0.08163	0.08654	0.02395	0.01126	0.00840	0.00241	0.04051	0.05180	0.00671	0.01014
61	0.01698	0.01926	0.04178	0.06720	0.03862	0.01827	0.63853	0.02304	0.01702	0.02304	0.01461	0.01960	0.01096	0.00619	0.00851	0.00245	0.01212	0.00847	0.00365	0.00971
62	0.01783	0.01722	0.07566	0.01936	0.11283	0.01711	0.01448	0.08568	0.40578	0.02916	0.02605	0.03049	0.02112	0.01025	0.00763	0.00249	0.00686	0.08262	0.00642	0.01095
63	0.63902	0.05870	0.03366	0.01020	0.01521	0.01633	0.00880	0.02110	0.01290	0.03040	0.01052	0.01227	0.00832	0.00657	0.00468	0.00208	0.00588	0.00402	0.00435	0.09500
64	0.01164	0.00890	0.01229	0.01172	0.01327	0.01013	0.00911	0.05202	0.01435	0.02029	0.11363	0.03322	0.05325	0.07075	0.47946	0.00876	0.05678	0.00880	0.00475	0.00687
65	0.01518	0.01362	0.01976	0.20119	0.12283	0.01538	0.04210	0.02398	0.20749	0.02467	0.12667	0.03044	0.02476	0.01013	0.00868	0.00248	0.04928	0.04657	0.00545	0.00933
66	0.01463	0.01407	0.01953	0.01720	0.01726	0.01913	0.01398	0.01608	0.01148	0.01744	0.01450	0.11675	0.01580	0.05709	0.02263	0.00338	0.58928	0.00856	0.00374	0.00746
67	0.02243	0.01691	0.01825	0.01443	0.01943	0.01809	0.01159	0.40305	0.12711	0.03706	0.01937	0.02128	0.01498	0.06224	0.00908	0.00240	0.00698	0.00679	0.04749	0.12105
68	0.06097	0.01535	0.01731	0.01316	0.01882	0.01476	0.01075	0.22653	0.02097	0.05004	0.01517	0.01779	0.01210	0.00740	0.00708	0.00169	0.04439	0.02278	0.00539	0.41753
69	0.01643	0.23424	0.33252	0.01870	0.04439	0.03934	0.05582	0.02172	0.01534	0.02103	0.05156	0.01687	0.01290	0.00772	0.00817	0.00217	0.08221	0.00569	0.00345	0.00974
70	0.01612	0.01010	0.01247	0.01183	0.01434	0.00998	0.00904	0.12275	0.03784	0.12834	0.09813	0.34056	0.06585	0.01688	0.00858	0.00266	0.00530	0.07367	0.00730	0.00825
71	0.01057	0.00773	0.01140	0.01140	0.01272	0.00895	0.00885	0.01321	0.01189	0.01747	0.01972	0.02847	0.01820	0.05184	0.67445	0.01110	0.01854	0.00773	0.04927	0.00651
72	0.02535	0.20197	0.02470	0.01725	0.02158	0.55451	0.01367	0.02733	0.01923	0.01763	0.01097	0.01277	0.00936	0.00719	0.00611	0.00180	0.01186	0.00450	0.00360	0.00864
73	0.01717	0.01089	0.01311	0.01219	0.01475	0.01104	0.00915	0.16875	0.04254	0.12351	0.03155	0.36931	0.03281	0.06841	0.01047	0.00296	0.00573	0.04016	0.00704	0.00844
74	0.01138	0.00819	0.01129	0.01288	0.01452	0.00811	0.01110	0.01453	0.01656	0.02145	0.04043	0.12001	0.07656	0.02015	0.00992	0.00328	0.00639	0.57995	0.00670	0.00662
75	0.04266	0.00770	0.00966	0.00909	0.01095	0.00722	0.00685	0.01390	0.02007	0.02890	0.64156	0.05319	0.09182	0.01467	0.00841	0.00229	0.00353	0.01286	0.00781	0.00687
76	0.01923	0.70585	0.03716	0.01283	0.01868	0.02838	0.01264	0.02152	0.01456	0.01712	0.01007	0.01191	0.00934	0.00660	0.00579	0.00165	0.05027	0.00403	0.00311	0.00925
77	0.04558	0.01330	0.01126	0.01045	0.01324	0.13467	0.00794	0.05400	0.01908	0.02357	0.19980	0.05071	0.36037	0.01459	0.00798	0.00229	0.00564	0.01194	0.00644	0.00715
78	0.00896	0.00640	0.00856	0.01024	0.01071	0.00600	0.00693	0.01030	0.01402	0.01867	0.04001	0.71543	0.04785	0.02267	0.00931	0.00297	0.00431	0.04398	0.00675	0.00593
79	0.79588	0.01406	0.01068	0.00956	0.01406	0.01631	0.00787	0.02137	0.01237	0.03261	0.01012	0.01181	0.00787	0.00675	0.00450	0.00225	0.00562	0.00394	0.00450	0.00787
80	0.01777	0.01714	0.02954	0.07595	0.64964	0.01725	0.04126	0.02216	0.01648	0.02349	0.01367	0.01810	0.01142	0.00650	0.00724	0.00218	0.00879	0.00654	0.00358	0.01130
81	0.02275	0.01493	0.01716	0.07011	0.02048	0.01608	0.01171	0.35360	0.02534	0.11827	0.02132	0.04387	0.01676	0.03985	0.00829	0.00239	0.00689	0.03446	0.14547	0.01028
82	0.01649	0.01651	0.05112	0.26391	0.42812	0.01694	0.02122	0.02198	0.05100	0.02239	0.01424	0.01882	0.01140	0.00693	0.00722	0.00227	0.00890	0.00652	0.00366	0.01037
83	0.01986	0.02368	0.09507	0.03148	0.35358	0.20677	0.04070	0.02500	0.06074	0.02239	0.01502	0.01965	0.01260	0.00756	0.00717	0.00217	0.00992	0.03235	0.00396	0.01034
84	0.01057	0.00705	0.00793	0.00793	0.00793	0.00705	0.00440	0.01057	0.01057	0.01409	0.02290	0.04757	0.02643	0.74454	0.03700	0.00705	0.00705	0.01057	0.00440	0.00440
85	0.06279	0.41605	0.14006	0.04244	0.02169	0.04651	0.01498	0.05190	0.01551	0.02073	0.01149	0.01379	0.00972	0.00721	0.00701	0.00194	0.07193	0.00470	0.03024	0.00933
86	0.00988	0.00712	0.00916	0.01024	0.01108	0.00673	0.00696	0.03516	0.01483	0.01996	0.06534	0.63014	0.04550	0.05497	0.01035	0.00303	0.00449	0.01886	0.00664	0.02956
87	0.01154	0.00824	0.01149	0.01307	0.01470	0.00820	0.01130	0.01480	0.01678	0.02194	0.06678	0.10767	0.04324	0.01997	0.00995	0.00329	0.00645	0.59717	0.00675	0.00667
88	0.01235	0.00696	0.01049	0.06698	0.01312	0.00718	0.00776	0.01057	0.01066	0.01412	0.01642	0.08545	0.01703	0.02332	0.02407	0.61523	0.00643	0.04422	0.00366	0.00398
89	0.04952	0.19863	0.44044	0.04065	0.06669	0.01941	0.02173	0.02288	0.01531	0.04385	0.01278	0.01492	0.00961	0.00679	0.00633	0.00212	0.00954	0.00513	0.00337	0.01031
90	0.00927	0.00664	0.00886	0.01024	0.01094	0.00623	0.00715	0.01100	0.01505	0.02025	0.12952	0.59502	0.05040	0.02148	0.00924	0.00289	0.00430	0.06852	0.00691	0.00610
91	0.01021	0.00740	0.00960	0.00931	0.01093	0.00685	0.00698	0.01335	0.01956	0.02736	0.57983	0.09726	0.09053	0.03494	0.00944	0.00251	0.00375	0.04578	0.00771	0.00670
92	0.01774	0.23990	0.29374	0.02414	0.19414	0.06980	0.02061	0.02290	0.01585	0.02111	0.01222	0.01477	0.00983	0.00664	0.00630	0.00202	0.00952	0.00517	0.00326	0.01036
93	0.01484	0.03578	0.63977	0.02172	0.03212	0.01703	0.09213	0.02305	0.01553	0.02305	0.01321	0.01578	0.00939	0.00683	0.00708	0.00232	0.01090	0.00570	0.00313	0.01065
94	0.01153	0.00831	0.01146	0.01304	0.01476	0.00824	0.01135	0.01479	0.01672	0.02163	0.04053	0.08130	0.07985	0.01998	0.00996	0.00329	0.00652	0.61338	0.00670	0.00666
95	0.02091	0.13427	0.07809	0.06173	0.13736	0.13657	0.01563	0.15592	0.02091	0.05441	0.07972	0.02150	0.01726	0.00844	0.00691	0.00210	0.00870	0.02459	0.00496	0.01002

[dist]
# distance from previous block
# <min> <max>
0	6

[block]
# block no. 4 follows, 28 sequences, length 33
# corresponding to MSA columns:
# 227-259
name=unknown_E
#
# <colnr> <probs for GDERKNQSTAVLIFYWHMCP>
#	G	D	E	R	K	N	Q	S	T	A	V	L	I	F	Y	W	H	M	C	P
0	0.66342	0.01595	0.04930	0.01197	0.03950	0.01689	0.00988	0.07583	0.01449	0.03289	0.01101	0.01268	0.00844	0.00691	0.00495	0.00224	0.00620	0.00432	0.00462	0.00852
1	0.01062	0.00804	0.01171	0.01174	0.01286	0.00936	0.00904	0.01301	0.01207	0.01750	0.02173	0.12096	0.02160	0.04624	0.55681	0.00968	0.05893	0.00935	0.03224	0.00651
2	0.00995	0.00742	0.00925	0.00879	0.01065	0.00671	0.00659	0.01306	0.01978	0.02725	0.57127	0.05742	0.19386	0.01557	0.00858	0.00232	0.00348	0.01358	0.00775	0.00671
3	0.02175	0.01822	0.01880	0.04733	0.02176	0.05834	0.01284	0.26077	0.39019	0.03459	0.02356	0.02260	0.01747	0.00922	0.00730	0.00233	0.00713	0.00736	0.00696	0.01148
4	0.00908	0.00646	0.00851	0.00991	0.01042	0.00605	0.00662	0.01045	0.01427	0.01917	0.09353	0.64192	0.04850	0.06474	0.01086	0.00314	0.00432	0.01944	0.00671	0.00589
5	0.02048	0.29828	0.07625	0.01463	0.01945	0.21296	0.01313	0.02331	0.01756	0.06513	0.11921	0.02009	0.01920	0.00847	0.00706	0.00194	0.04346	0.00601	0.00444	0.00893
6	0.01808	0.01561	0.01644	0.01479	0.01890	0.01808	0.01151	0.03863	0.68606	0.03041	0.02959	0.02712	0.02219	0.00986	0.00740	0.00247	0.00575	0.00822	0.00740	0.01151
7	0.01115	0.00804	0.01103	0.01261	0.01416	0.00791	0.01070	0.01414	0.01634	0.02121	0.04065	0.16997	0.07907	0.02035	0.00986	0.00324	0.00619	0.53011	0.00670	0.00656
8	0.07150	0.01594	0.01756	0.01514	0.04126	0.01737	0.01165	0.27286	0.21684	0.10946	0.05355	0.02545	0.03729	0.05034	0.00888	0.00256	0.00665	0.00770	0.00706	0.01095
9	0.01771	0.01886	0.08503	0.04083	0.60270	0.01729	0.02204	0.02335	0.05679	0.02409	0.01458	0.01832	0.01197	0.00672	0.00718	0.00219	0.00864	0.00649	0.00378	0.01145
10	0.00988	0.00741	0.00915	0.00872	0.01061	0.00668	0.00654	0.01293	0.01961	0.02686	0.54572	0.05807	0.21965	0.01571	0.00858	0.00233	0.00349	0.01367	0.00770	0.00668
11	0.01101	0.00810	0.01064	0.01190	0.01367	0.00784	0.01012	0.01390	0.01646	0.02101	0.04536	0.07812	0.18028	0.04749	0.01077	0.00330	0.00607	0.49086	0.00662	0.00649
12	0.01373	0.01292	0.02180	0.72707	0.05006	0.01615	0.02019	0.01857	0.01453	0.01857	0.01292	0.01938	0.00969	0.00727	0.00727	0.00242	0.00969	0.00646	0.00323	0.00807
13	0.01373	0.01292	0.02180	0.72707	0.05006	0.01615	0.02019	0.01857	0.01453	0.01857	0.01292	0.01938	0.00969	0.00727	0.00727	0.00242	0.00969	0.00646	0.00323	0.00807
14	0.00910	0.00643	0.00836	0.00981	0.01017	0.00607	0.00641	0.01019	0.01344	0.01792	0.03760	0.64050	0.04497	0.12631	0.01325	0.00354	0.00462	0.01922	0.00641	0.00569
15	0.09430	0.01290	0.01635	0.01275	0.01806	0.01193	0.01049	0.08760	0.02123	0.55146	0.06634	0.02482	0.01972	0.00914	0.00715	0.00225	0.00613	0.00732	0.00842	0.01166
16	0.01745	0.01717	0.02712	0.21061	0.50230	0.05582	0.02133	0.02177	0.01628	0.02215	0.01335	0.01806	0.01095	0.00673	0.00718	0.00221	0.00914	0.00637	0.00352	0.01050
17	0.10585	0.01400	0.01685	0.01313	0.01849	0.01362	0.01082	0.17167	0.02260	0.46287	0.02418	0.02200	0.01581	0.00869	0.00692	0.00221	0.00639	0.00679	0.04547	0.01166
18	0.57197	0.03334	0.01342	0.12931	0.02015	0.01627	0.01009	0.04324	0.01372	0.02999	0.01164	0.01416	0.00900	0.00699	0.00509	0.00222	0.00631	0.00461	0.05043	0.00804
19	0.01785	0.01693	0.02679	0.23585	0.41472	0.04056	0.04086	0.07575	0.01759	0.02389	0.01372	0.01823	0.01098	0.00691	0.00724	0.00224	0.00914	0.00648	0.00381	0.01045
20	0.01202	0.00991	0.01403	0.01317	0.01386	0.01239	0.01024	0.01374	0.01137	0.01658	0.01747	0.04835	0.01750	0.13253	0.38318	0.03523	0.22003	0.00808	0.00382	0.00650
21	0.01962	0.07249	0.31415	0.02240	0.09212	0.08495	0.08638	0.17223	0.02040	0.02747	0.01393	0.01607	0.01035	0.00722	0.00702	0.00219	0.01011	0.00591	0.00421	0.01079
22	0.01733	0.39779	0.31054	0.01848	0.08025	0.02296	0.01914	0.02232	0.01515	0.02007	0.01160	0.01369	0.00946	0.00652	0.00579	0.00191	0.00906	0.00471	0.00313	0.01009
23	0.03088	0.01274	0.01686	0.01302	0.01843	0.01144	0.01072	0.08731	0.02190	0.60962	0.06711	0.02588	0.02051	0.00932	0.00738	0.00225	0.00617	0.00759	0.00879	0.01204
24	0.01050	0.00768	0.00858	0.00818	0.01063	0.00661	0.00620	0.01283	0.01791	0.06347	0.24013	0.06297	0.48456	0.01688	0.00851	0.00240	0.00376	0.01426	0.00723	0.00671
25	0.06192	0.15461	0.46444	0.01966	0.05965	0.07693	0.02205	0.02318	0.01557	0.02218	0.01226	0.01446	0.00927	0.00681	0.00637	0.00213	0.01004	0.00503	0.00324	0.01018
26	0.02621	0.01173	0.01533	0.01237	0.01700	0.01078	0.00999	0.03129	0.10094	0.48245	0.16761	0.03118	0.02903	0.01032	0.00758	0.00228	0.00556	0.00863	0.00860	0.01112
27	0.01057	0.00705	0.00793	0.00793	0.00793	0.00705	0.00440	0.01057	0.01057	0.01409	0.02290	0.04757	0.02643	0.74454	0.03700	0.00705	0.00705	0.01057	0.00440	0.00440
28	0.01367	0.01387	0.05954	0.50558	0.06150	0.01506	0.01809	0.01967	0.07582	0.02007	0.01803	0.11422	0.01589	0.00949	0.00752	0.00248	0.00864	0.00842	0.00407	0.00837
29	0.22159	0.01876	0.10094	0.32296	0.05438	0.08063	0.01685	0.06253	0.01593	0.02461	0.01236	0.01617	0.00935	0.00718	0.00643	0.00229	0.00892	0.00551	0.00386	0.00875
30	0.01067	0.00798	0.01029	0.01148	0.01332	0.00760	0.00968	0.01348	0.01656	0.02099	0.04886	0.10768	0.23389	0.01971	0.00958	0.00307	0.00570	0.43623	0.00671	0.00650
31	0.12070	0.09327	0.47323	0.02021	0.08562	0.01754	0.02200	0.02233	0.01517	0.02407	0.03453	0.01604	0.01116	0.00705	0.00647	0.00222	0.00937	0.00540	0.00347	0.01017
32	0.01544	0.02341	0.26393	0.13743	0.21049	0.01647	0.13565	0.02141	0.01585	0.02233	0.01617	0.04061	0.03281	0.00754	0.00745	0.00233	0.00987	0.00715	0.00356	0.01008

[dist]
# distance from previous block
# <min> <max>
0	1

[block]
# block no. 5 follows, 28 sequences, length 54
# corresponding to MSA columns:
# 261-314
name=unknown_F
#
# <colnr> <probs for GDERKNQSTAVLIFYWHMCP>
#	G	D	E	R	K	N	Q	S	T	A	V	L	I	F	Y	W	H	M	C	P
0	0.01040	0.00717	0.00887	0.00899	0.00933	0.00745	0.00570	0.01112	0.01108	0.01509	0.02333	0.09334	0.02602	0.52628	0.19804	0.00786	0.00983	0.01064	0.00445	0.00501
1	0.74002	0.01446	0.01299	0.01107	0.01577	0.01646	0.05557	0.02151	0.01271	0.03194	0.01045	0.01237	0.00810	0.00670	0.00479	0.00226	0.00610	0.00427	0.00444	0.00801
2	0.00999	0.00724	0.00942	0.00925	0.01077	0.00667	0.00679	0.01300	0.01933	0.02705	0.56440	0.16921	0.08700	0.01630	0.00869	0.00240	0.00357	0.01448	0.00775	0.00667
3	0.07370	0.04927	0.12028	0.09360	0.26546	0.04199	0.12498	0.09893	0.01814	0.02586	0.01366	0.01711	0.01064	0.00686	0.00708	0.00223	0.00943	0.00633	0.00399	0.01047
4	0.01715	0.01617	0.02641	0.13642	0.47560	0.01692	0.03741	0.02367	0.10379	0.02380	0.01657	0.02174	0.01373	0.00751	0.00737	0.00229	0.00843	0.03004	0.00416	0.01080
5	0.01943	0.74891	0.03809	0.01244	0.01866	0.02876	0.01244	0.02177	0.01477	0.01710	0.01011	0.01166	0.00933	0.00622	0.00466	0.00155	0.00777	0.00389	0.00311	0.00933
6	0.01444	0.01204	0.01316	0.01207	0.01525	0.01309	0.00928	0.02729	0.39557	0.02846	0.22817	0.04126	0.13472	0.01256	0.00791	0.00241	0.00478	0.01069	0.00748	0.00938
7	0.01894	0.01724	0.07179	0.04149	0.01935	0.10199	0.01215	0.14252	0.09451	0.09263	0.17798	0.07190	0.06155	0.01155	0.00774	0.00232	0.00701	0.03138	0.00660	0.00937
8	0.07633	0.01386	0.01702	0.01343	0.01880	0.01344	0.01100	0.11033	0.11332	0.49332	0.02635	0.02343	0.01729	0.00895	0.00715	0.00227	0.00631	0.00714	0.00830	0.01198
9	0.01008	0.00720	0.00984	0.01152	0.01248	0.00696	0.00888	0.01224	0.01513	0.01993	0.03939	0.45744	0.04540	0.02162	0.00961	0.00312	0.00528	0.29092	0.00672	0.00624
10	0.02691	0.05833	0.02124	0.01844	0.02235	0.66532	0.01398	0.05371	0.02093	0.01885	0.01144	0.01323	0.00948	0.00750	0.00652	0.00187	0.01273	0.00473	0.00386	0.00861
11	0.06922	0.01135	0.01361	0.04056	0.03966	0.01184	0.00989	0.12030	0.08287	0.05354	0.27012	0.11090	0.06845	0.01337	0.00800	0.00243	0.00534	0.05305	0.00702	0.00849
12	0.00886	0.00633	0.00843	0.01012	0.01054	0.00590	0.00675	0.01012	0.01392	0.01856	0.04006	0.73979	0.04808	0.02277	0.00928	0.00295	0.00422	0.02066	0.00675	0.00590
13	0.01003	0.00756	0.00954	0.01067	0.01230	0.00707	0.00855	0.01240	0.01602	0.02032	0.05023	0.23235	0.25510	0.02017	0.00939	0.00297	0.00514	0.29713	0.00672	0.00633
14	0.08123	0.63250	0.03456	0.01265	0.01861	0.05733	0.01220	0.04675	0.01557	0.01944	0.01043	0.01195	0.00933	0.00641	0.00483	0.00165	0.00784	0.00403	0.00340	0.00929
15	0.03000	0.01266	0.01650	0.01285	0.01820	0.01142	0.01055	0.07579	0.04705	0.58584	0.03120	0.02760	0.06644	0.00969	0.00740	0.00227	0.00611	0.00787	0.00866	0.01189
16	0.00952	0.00682	0.00891	0.01036	0.01097	0.00650	0.00700	0.03376	0.01464	0.01953	0.03926	0.71411	0.04681	0.02227	0.00921	0.00292	0.00435	0.02016	0.00677	0.00613
17	0.01328	0.00811	0.01060	0.00959	0.01187	0.00735	0.00733	0.01656	0.02043	0.12154	0.57690	0.05091	0.08870	0.01421	0.00840	0.00229	0.00382	0.01244	0.00808	0.00759
18	0.01781	0.01708	0.02917	0.07422	0.67104	0.01722	0.02222	0.02215	0.01646	0.02352	0.01364	0.01805	0.01143	0.00651	0.00720	0.00217	0.00868	0.00648	0.00358	0.01136
19	0.33330	0.02623	0.36799	0.01623	0.02408	0.01644	0.04364	0.02289	0.01444	0.05631	0.01259	0.01448	0.00911	0.00690	0.00601	0.00228	0.00852	0.00500	0.00393	0.00961
20	0.32359	0.09201	0.05358	0.06453	0.06615	0.22547	0.03605	0.02370	0.01578	0.02440	0.01118	0.01354	0.00899	0.00692	0.00575	0.00209	0.00901	0.00472	0.00390	0.00864
21	0.08014	0.02052	0.02058	0.01622	0.02169	0.06733	0.01325	0.54157	0.07853	0.04195	0.01741	0.01747	0.01256	0.00859	0.00704	0.00219	0.00801	0.00636	0.00686	0.01173
22	0.01001	0.00742	0.00933	0.00885	0.01069	0.00674	0.00664	0.01317	0.01991	0.02758	0.59256	0.05689	0.17237	0.01545	0.00858	0.00231	0.00347	0.01351	0.00779	0.00674
23	0.01458	0.03760	0.70688	0.02072	0.03146	0.01688	0.02686	0.02302	0.01535	0.02302	0.01304	0.01535	0.00921	0.00691	0.00691	0.00230	0.01074	0.00537	0.00307	0.01074
24	0.01499	0.04126	0.02010	0.09429	0.02096	0.04861	0.01440	0.01701	0.01291	0.01834	0.04812	0.12244	0.01801	0.01322	0.01774	0.00291	0.45445	0.00861	0.00396	0.00769
25	0.03261	0.01237	0.01687	0.01293	0.01856	0.01068	0.01068	0.03543	0.02081	0.70423	0.02868	0.02474	0.01799	0.00900	0.00731	0.00225	0.00619	0.00731	0.00900	0.01237
26	0.01474	0.01537	0.04791	0.04204	0.02077	0.03574	0.08620	0.01739	0.01299	0.01883	0.01747	0.05142	0.05769	0.01676	0.09547	0.00385	0.39894	0.00788	0.03067	0.00787
27	0.01850	0.16924	0.23789	0.05211	0.20088	0.06958	0.01993	0.07655	0.04651	0.02367	0.01357	0.01598	0.01068	0.00699	0.00658	0.00209	0.00930	0.00558	0.00380	0.01056
28	0.01355	0.00822	0.01075	0.00989	0.01222	0.00748	0.00768	0.01678	0.02007	0.12703	0.50957	0.05298	0.10050	0.01461	0.00849	0.00237	0.00408	0.05814	0.00797	0.00761
29	0.01041	0.00728	0.00932	0.00937	0.00992	0.00767	0.00623	0.01153	0.01165	0.01606	0.05863	0.07553	0.02696	0.43687	0.26339	0.00816	0.01091	0.01026	0.00454	0.00531
30	0.01208	0.01169	0.03775	0.01275	0.01455	0.08315	0.05224	0.01426	0.01546	0.01982	0.09517	0.40875	0.03964	0.08213	0.01129	0.00311	0.00631	0.06722	0.00600	0.00663
31	0.01591	0.14896	0.48333	0.02291	0.11679	0.01891	0.05047	0.02274	0.01549	0.02217	0.01272	0.01527	0.00960	0.00671	0.00665	0.00217	0.01005	0.00541	0.00317	0.01058
32	0.00999	0.00683	0.00825	0.00892	0.00913	0.00668	0.00552	0.01057	0.01200	0.01598	0.02967	0.29891	0.03481	0.45756	0.02601	0.00543	0.00601	0.03736	0.00533	0.00503
33	0.01655	0.01662	0.05942	0.08761	0.52962	0.01584	0.02004	0.02054	0.01557	0.02208	0.01479	0.02182	0.01322	0.10286	0.01108	0.00282	0.00861	0.00696	0.00365	0.01030
34	0.04872	0.27125	0.11950	0.01562	0.02147	0.21460	0.01455	0.11421	0.01932	0.05117	0.01309	0.01447	0.01038	0.00722	0.00597	0.00189	0.00939	0.00492	0.03259	0.00967
35	0.01797	0.01598	0.06389	0.06525	0.02154	0.01653	0.06021	0.18678	0.09135	0.02920	0.04203	0.05700	0.01735	0.00992	0.00968	0.00236	0.12066	0.00772	0.15519	0.00941
36	0.00878	0.00737	0.00762	0.00756	0.00993	0.00622	0.00567	0.01079	0.01700	0.02067	0.14132	0.06825	0.62792	0.01802	0.00859	0.00244	0.00365	0.01510	0.00689	0.00622
37	0.01781	0.01348	0.01728	0.01615	0.10627	0.01200	0.01116	0.02287	0.08753	0.11382	0.03767	0.03808	0.01567	0.00749	0.00699	0.00169	0.03361	0.00617	0.00529	0.42896
38	0.01320	0.00984	0.01196	0.01022	0.01387	0.00807	0.00765	0.01574	0.01542	0.05188	0.09763	0.23973	0.02957	0.03884	0.00813	0.00207	0.00483	0.01066	0.03772	0.37296
39	0.02385	0.26137	0.02614	0.01584	0.02089	0.26519	0.01322	0.17472	0.08813	0.02521	0.01411	0.01502	0.01131	0.00760	0.00619	0.00190	0.00948	0.00520	0.00471	0.00992
40	0.02080	0.04245	0.01832	0.06573	0.04669	0.01588	0.01189	0.29729	0.02447	0.09681	0.13021	0.05348	0.05147	0.03830	0.00854	0.00236	0.00673	0.00848	0.00665	0.05345
41	0.01784	0.01656	0.02755	0.11377	0.02910	0.04153	0.23878	0.04417	0.01640	0.08039	0.06302	0.02106	0.01516	0.00902	0.01216	0.00254	0.20267	0.00757	0.00440	0.03631
42	0.02084	0.01685	0.01785	0.01514	0.01974	0.01908	0.01203	0.24563	0.44705	0.03503	0.02732	0.02561	0.04499	0.00982	0.00740	0.00237	0.00641	0.00795	0.00733	0.01158
43	0.01052	0.00725	0.00896	0.00896	0.00931	0.00761	0.00569	0.01123	0.01088	0.01486	0.02196	0.04236	0.02416	0.55538	0.22306	0.00832	0.01045	0.00981	0.00426	0.00498
44	0.02715	0.03464	0.02060	0.01873	0.02247	0.71536	0.01404	0.02903	0.02060	0.01779	0.01124	0.01311	0.00936	0.00749	0.00655	0.00187	0.01311	0.00468	0.00375	0.00843
45	0.01031	0.00824	0.00896	0.00847	0.01094	0.00741	0.00643	0.05501	0.01882	0.02395	0.23973	0.06223	0.47989	0.01680	0.00850	0.00239	0.00390	0.01416	0.00713	0.00674
46	0.00886	0.00633	0.00843	0.01012	0.01054	0.00590	0.00675	0.01012	0.01392	0.01856	0.04006	0.73979	0.04808	0.02277	0.00928	0.00295	0.00422	0.02066	0.00675	0.00590
47	0.00908	0.00737	0.00808	0.00805	0.01023	0.00636	0.00605	0.01132	0.01741	0.02189	0.21740	0.09221	0.50630	0.01779	0.00865	0.00246	0.00372	0.03228	0.00704	0.00631
48	0.01630	0.01661	0.02215	0.06985	0.02147	0.05589	0.01612	0.01814	0.01184	0.01759	0.00987	0.01602	0.00954	0.01207	0.02181	0.00306	0.64419	0.00629	0.00321	0.00798
49	0.79588	0.01406	0.01068	0.00956	0.01406	0.01631	0.00787	0.02137	0.01237	0.03261	0.01012	0.01181	0.00787	0.00675	0.00450	0.00225	0.00562	0.00394	0.00450	0.00787
50	0.01209	0.00703	0.00995	0.00982	0.00997	0.00744	0.00665	0.01043	0.01002	0.01362	0.01536	0.02769	0.01591	0.17187	0.11086	0.50868	0.03779	0.00734	0.00349	0.00400
51	0.01480	0.00714	0.00744	0.00718	0.00913	0.00703	0.00545	0.01815	0.01561	0.07161	0.02404	0.02695	0.01859	0.00850	0.00523	0.00173	0.00357	0.00681	0.73389	0.00714
52	0.01756	0.01683	0.02873	0.11331	0.63385	0.01716	0.02210	0.02193	0.01635	0.02323	0.01360	0.01813	0.01133	0.00656	0.00720	0.00219	0.00874	0.00647	0.00356	0.01117
53	0.07014	0.01258	0.01492	0.01211	0.01677	0.03741	0.00976	0.02982	0.07131	0.43392	0.09964	0.02893	0.05595	0.00984	0.00718	0.00221	0.00583	0.00799	0.03994	0.03378

[dist]
# distance from previous block
# <min> <max>
0	1

[block]
# block no. 6 follows, 28 sequences, length 85
# corresponding to MSA columns:
# 316-400
name=unknown_G
#
# <colnr> <probs for GDERKNQSTAVLIFYWHMCP>
#	G	D	E	R	K	N	Q	S	T	A	V	L	I	F	Y	W	H	M	C	P
0	0.05678	0.01342	0.02198	0.61860	0.11408	0.01627	0.01973	0.01910	0.01462	0.01986	0.01284	0.01883	0.00978	0.00716	0.00711	0.00239	0.00936	0.00632	0.00334	0.00841
1	0.01961	0.02128	0.02784	0.12647	0.36897	0.19045	0.09555	0.02360	0.01736	0.02153	0.01309	0.01715	0.01068	0.00679	0.00721	0.00216	0.01030	0.00627	0.00360	0.01010
2	0.00984	0.00711	0.00849	0.00914	0.01005	0.00672	0.00630	0.01111	0.01384	0.01791	0.06060	0.23701	0.17867	0.28356	0.01929	0.00437	0.00544	0.09909	0.00593	0.00554
3	0.01908	0.61653	0.13315	0.01380	0.02065	0.02680	0.01456	0.04934	0.01567	0.01915	0.01083	0.01243	0.00944	0.00642	0.00509	0.00169	0.00821	0.00421	0.00328	0.00966
4	0.01906	0.25083	0.08427	0.02433	0.23671	0.14675	0.01664	0.02239	0.01647	0.02003	0.01643	0.01873	0.06143	0.00769	0.00685	0.00198	0.03013	0.00591	0.00365	0.00970
5	0.03261	0.01237	0.01687	0.01293	0.01856	0.01068	0.01068	0.03543	0.02081	0.70423	0.02868	0.02474	0.01799	0.00900	0.00731	0.00225	0.00619	0.00731	0.00900	0.01237
