[name]
unknown

[dist]
# distance from previous block
# <min> <max>
27	72

[block]
# block no. 0 follows, 28 sequences, length 32
# corresponding to MSA columns:
# 103-134
name=unknown_A
#
# <colnr> <probs for GDERKNQSTAVLIFYWHMCP>
#	G	D	E	R	K	N	Q	S	T	A	V	L	I	F	Y	W	H	M	C	P
0	0.01950	0.26458	0.11615	0.01693	0.02293	0.10198	0.08467	0.10095	0.04033	0.02294	0.01325	0.01561	0.01083	0.00945	0.04118	0.00242	0.04483	0.00547	0.00400	0.06199
1	0.07503	0.01942	0.08194	0.05452	0.02836	0.07724	0.28696	0.02120	0.01595	0.02243	0.03739	0.02351	0.03842	0.00875	0.01004	0.00247	0.11319	0.04038	0.00403	0.03878
2	0.01741	0.10487	0.31830	0.04752	0.05205	0.10028	0.10813	0.02346	0.03672	0.03830	0.01453	0.04393	0.01171	0.00783	0.00781	0.00226	0.04494	0.00641	0.00369	0.00986
3	0.03689	0.01045	0.01579	0.33864	0.06394	0.01178	0.01354	0.01620	0.01447	0.02058	0.04114	0.17337	0.02103	0.01178	0.00842	0.04442	0.00700	0.00955	0.10748	0.03353
4	0.01408	0.03899	0.10459	0.01688	0.01959	0.04694	0.08222	0.01702	0.01371	0.01913	0.03870	0.17455	0.02118	0.05264	0.07544	0.00373	0.23866	0.00990	0.00427	0.00778
5	0.01516	0.03311	0.55052	0.02314	0.06387	0.01737	0.11409	0.02275	0.01545	0.02282	0.01313	0.01608	0.00958	0.00706	0.00797	0.00236	0.04592	0.00591	0.00318	0.01052
6	0.01690	0.04505	0.04891	0.02781	0.15059	0.05535	0.30720	0.02118	0.01578	0.02143	0.01551	0.08253	0.01399	0.00891	0.01072	0.00250	0.13400	0.00844	0.00382	0.00938
7	0.00956	0.00698	0.00902	0.00962	0.01083	0.00644	0.00692	0.01187	0.01703	0.02315	0.31150	0.36395	0.11694	0.01899	0.00896	0.00265	0.00397	0.04801	0.00726	0.00636
8	0.01616	0.05270	0.03064	0.35406	0.10752	0.04565	0.24649	0.02115	0.01590	0.02062	0.01341	0.01869	0.01031	0.00675	0.00756	0.00234	0.01052	0.00700	0.00344	0.00909
9	0.01996	0.02257	0.06025	0.05633	0.41641	0.19331	0.05495	0.02455	0.04107	0.02226	0.01362	0.01708	0.01115	0.00688	0.00710	0.00213	0.00999	0.00614	0.00374	0.01050
10	0.00888	0.00648	0.00836	0.00978	0.01047	0.00596	0.00661	0.01028	0.01445	0.01905	0.06693	0.64022	0.12178	0.02200	0.00918	0.00287	0.00413	0.01980	0.00679	0.00596
11	0.01584	0.01754	0.08579	0.35402	0.03996	0.01750	0.19681	0.05168	0.07971	0.02255	0.01509	0.01963	0.01131	0.00742	0.00816	0.00244	0.03425	0.00711	0.00391	0.00929
12	0.01417	0.04660	0.01278	0.01059	0.01352	0.04787	0.00819	0.05369	0.11555	0.05578	0.23767	0.04736	0.24321	0.04968	0.00938	0.00253	0.00511	0.01148	0.00689	0.00793
13	0.01002	0.00737	0.00956	0.01060	0.01114	0.00743	0.00724	0.03253	0.01412	0.01897	0.03605	0.61083	0.04277	0.09135	0.01266	0.00333	0.04314	0.01847	0.00635	0.00608
14	0.00889	0.00653	0.00824	0.00957	0.01031	0.00599	0.00644	0.01019	0.01420	0.01853	0.04476	0.59935	0.15267	0.05474	0.01042	0.00306	0.00426	0.01934	0.00664	0.00587
15	0.05382	0.02044	0.03839	0.02803	0.03455	0.07826	0.55054	0.02338	0.01691	0.02293	0.01392	0.01849	0.01066	0.00663	0.00903	0.00243	0.05048	0.00791	0.00369	0.00950
16	0.01732	0.01972	0.04007	0.08982	0.03832	0.04974	0.58701	0.02314	0.01709	0.02263	0.01440	0.01929	0.01084	0.00629	0.00837	0.00242	0.01207	0.00822	0.00364	0.00959
17	0.31222	0.03946	0.01884	0.13998	0.02478	0.21862	0.04772	0.05662	0.01652	0.02519	0.01153	0.01434	0.00911	0.00729	0.00654	0.00219	0.03148	0.00505	0.00408	0.00844
18	0.01529	0.01470	0.02597	0.46933	0.04269	0.01691	0.16569	0.05175	0.01594	0.02125	0.01380	0.01946	0.01047	0.00742	0.00835	0.00243	0.04816	0.00695	0.03482	0.00862
19	0.01675	0.01464	0.01492	0.01366	0.01725	0.04355	0.01058	0.04417	0.49579	0.02759	0.03406	0.03554	0.10398	0.04903	0.00917	0.00272	0.00596	0.04352	0.00698	0.01013
20	0.01485	0.09533	0.47140	0.02035	0.06380	0.01678	0.07345	0.02158	0.01560	0.02241	0.01855	0.02063	0.06876	0.00781	0.00693	0.00223	0.00959	0.00646	0.03346	0.01004
21	0.02413	0.01547	0.01694	0.01419	0.01901	0.05256	0.01128	0.05702	0.35114	0.27982	0.02709	0.02461	0.01909	0.00917	0.00722	0.00228	0.00637	0.00746	0.00765	0.04750
22	0.03261	0.01237	0.01687	0.01293	0.01856	0.01068	0.01068	0.03543	0.02081	0.70423	0.02868	0.02474	0.01799	0.00900	0.00731	0.00225	0.00619	0.00731	0.00900	0.01237
23	0.01563	0.01689	0.07146	0.22788	0.25056	0.01667	0.14572	0.02041	0.01531	0.02122	0.01392	0.01936	0.01125	0.01126	0.07149	0.00320	0.04782	0.00692	0.00348	0.00954
24	0.15602	0.01856	0.02077	0.22755	0.04734	0.10903	0.04972	0.20029	0.05317	0.02929	0.01437	0.01707	0.01078	0.00765	0.00677	0.00225	0.00888	0.00601	0.00485	0.00960
25	0.01077	0.00837	0.01184	0.01120	0.01284	0.00807	0.05812	0.01275	0.01502	0.03668	0.11989	0.28759	0.17454	0.11797	0.05101	0.00374	0.03224	0.01482	0.00612	0.00643
26	0.01112	0.00812	0.00976	0.01036	0.01193	0.00791	0.00736	0.01538	0.11093	0.04823	0.06474	0.46299	0.16482	0.01932	0.00878	0.00274	0.00439	0.01712	0.00697	0.00704
27	0.11392	0.01734	0.02493	0.08224	0.40688	0.05408	0.04197	0.06050	0.04661	0.04661	0.01459	0.01792	0.01166	0.00790	0.02070	0.00239	0.00868	0.00628	0.00424	0.01058
28	0.02417	0.01850	0.01942	0.01550	0.02061	0.04124	0.01248	0.43452	0.16888	0.05612	0.02018	0.02104	0.01516	0.04812	0.00877	0.00244	0.00745	0.00696	0.00693	0.05150
29	0.00903	0.00657	0.00855	0.00999	0.01072	0.00609	0.00689	0.01054	0.01457	0.01923	0.06829	0.61676	0.10973	0.02192	0.00922	0.00290	0.00426	0.05195	0.00679	0.00600
30	0.00919	0.00709	0.00819	0.00848	0.01006	0.00631	0.00602	0.01107	0.01626	0.02094	0.19492	0.23111	0.34249	0.08100	0.01119	0.00294	0.00405	0.01578	0.00682	0.00609
31	0.01333	0.01156	0.01657	0.09992	0.02047	0.01241	0.06896	0.04872	0.07208	0.02149	0.02731	0.28147	0.05724	0.04724	0.01130	0.00279	0.09170	0.01229	0.00539	0.07776

[dist]
# distance from previous block
# <min> <max>
0	9

[block]
# block no. 1 follows, 28 sequences, length 6
# corresponding to MSA columns:
# 144-149
name=unknown_B
#
# <colnr> <probs for GDERKNQSTAVLIFYWHMCP>
#	G	D	E	R	K	N	Q	S	T	A	V	L	I	F	Y	W	H	M	C	P
0	0.02441	0.01854	0.02140	0.01938	0.10286	0.02051	0.01419	0.48554	0.06041	0.03966	0.01765	0.01861	0.01305	0.00868	0.00791	0.00220	0.04257	0.00662	0.06421	0.01159
1	0.01727	0.33677	0.24366	0.01919	0.02671	0.02257	0.15686	0.02224	0.01526	0.02025	0.01195	0.01470	0.00966	0.00676	0.00721	0.00206	0.04839	0.00547	0.00322	0.00979
2	0.00882	0.00645	0.00830	0.00979	0.01045	0.00593	0.00660	0.01016	0.01424	0.01869	0.04416	0.65816	0.12707	0.02224	0.00919	0.00289	0.00415	0.02002	0.00675	0.00593
3	0.01124	0.00866	0.01160	0.01121	0.01197	0.01008	0.00830	0.01287	0.01181	0.01687	0.02303	0.07149	0.05610	0.23863	0.31250	0.00769	0.12134	0.00939	0.03913	0.00608
4	0.02301	0.01718	0.01814	0.01479	0.01982	0.04601	0.01186	0.26998	0.25414	0.11298	0.02466	0.02346	0.04494	0.00922	0.00718	0.00219	0.00681	0.00731	0.00709	0.07923
5	0.01594	0.01154	0.01636	0.01445	0.01676	0.04080	0.09004	0.01830	0.01545	0.13305	0.02826	0.34392	0.02916	0.01526	0.01047	0.00266	0.10829	0.01318	0.06820	0.00791

[dist]
# distance from previous block
# <min> <max>
4	12

[block]
# block no. 2 follows, 28 sequences, length 10
# corresponding to MSA columns:
# 162-171
name=unknown_C
#
# <colnr> <probs for GDERKNQSTAVLIFYWHMCP>
#	G	D	E	R	K	N	Q	S	T	A	V	L	I	F	Y	W	H	M	C	P
0	0.01486	0.10463	0.01647	0.01298	0.04364	0.01402	0.00982	0.10608	0.11758	0.02602	0.15115	0.13404	0.17029	0.01361	0.00825	0.00235	0.02787	0.01136	0.00643	0.00854
1	0.01032	0.00694	0.00800	0.00825	0.00832	0.00688	0.00475	0.01050	0.01107	0.01476	0.02545	0.15038	0.02964	0.63734	0.03288	0.00644	0.00663	0.01207	0.00475	0.00463
2	0.02431	0.01798	0.01937	0.01548	0.02044	0.01985	0.01254	0.52039	0.09683	0.04090	0.02106	0.08659	0.01697	0.01015	0.00738	0.00226	0.00722	0.00805	0.04078	0.01143
3	0.02103	0.24624	0.02781	0.01891	0.07702	0.21089	0.07536	0.09974	0.01862	0.02177	0.01319	0.01614	0.01115	0.01298	0.09597	0.00313	0.01123	0.00556	0.00397	0.00930
4	0.01191	0.00937	0.01115	0.01175	0.01367	0.00972	0.00895	0.01884	0.19450	0.02254	0.04093	0.32738	0.11709	0.01822	0.00886	0.00285	0.00510	0.15267	0.00691	0.00760
5	0.00893	0.00645	0.00845	0.00990	0.01052	0.00597	0.00668	0.01035	0.01447	0.01925	0.08113	0.65998	0.08693	0.02205	0.00920	0.00288	0.00414	0.01991	0.00682	0.00597
6	0.00948	0.00659	0.00825	0.00932	0.00959	0.00632	0.00589	0.01029	0.01269	0.01692	0.03378	0.48623	0.04015	0.28716	0.01943	0.00445	0.00525	0.01697	0.00589	0.00535
7	0.02434	0.01691	0.01894	0.01503	0.02015	0.01793	0.01233	0.43238	0.05760	0.10147	0.02008	0.02391	0.01562	0.01036	0.00853	0.04685	0.00728	0.05922	0.00688	0.08418
8	0.01232	0.00762	0.00981	0.00965	0.01130	0.00697	0.00694	0.01458	0.01733	0.10130	0.31122	0.26351	0.09459	0.08531	0.01131	0.00295	0.00435	0.01471	0.00731	0.00692
9	0.01162	0.00697	0.00839	0.00867	0.00991	0.00717	0.00630	0.01417	0.01402	0.02226	0.05182	0.15820	0.02640	0.08204	0.16957	0.00464	0.00748	0.01006	0.37393	0.00636

[dist]
# distance from previous block
# <min> <max>
0	1

[block]
# block no. 3 follows, 28 sequences, length 53
# corresponding to MSA columns:
# 173-225
name=unknown_D
#
# <colnr> <probs for GDERKNQSTAVLIFYWHMCP>
#	G	D	E	R	K	N	Q	S	T	A	V	L	I	F	Y	W	H	M	C	P
0	0.02217	0.01461	0.01589	0.01331	0.01733	0.04615	0.01053	0.26497	0.05838	0.16232	0.06535	0.13978	0.04808	0.01172	0.00751	0.00229	0.00635	0.00968	0.07351	0.01009
1	0.04365	0.16900	0.34844	0.01955	0.06063	0.07235	0.06135	0.05580	0.01698	0.02338	0.05338	0.01719	0.01314	0.00731	0.00660	0.00212	0.00959	0.00577	0.00375	0.01003
2	0.02564	0.01774	0.01999	0.01620	0.04164	0.01879	0.01280	0.48072	0.02913	0.12043	0.01994	0.06955	0.01543	0.00943	0.00727	0.00216	0.00733	0.00747	0.00710	0.07124
3	0.01921	0.01969	0.02800	0.05926	0.58302	0.11901	0.02105	0.02319	0.01709	0.02274	0.01330	0.01732	0.01115	0.00665	0.00710	0.00212	0.00932	0.00621	0.00361	0.01097
4	0.01118	0.00818	0.01082	0.01219	0.01357	0.00822	0.00975	0.01502	0.06672	0.02106	0.03783	0.30252	0.04197	0.04424	0.01047	0.00327	0.00578	0.36380	0.00669	0.00671
5	0.01274	0.01006	0.01192	0.01067	0.01374	0.00939	0.00812	0.01706	0.08937	0.04671	0.11682	0.19345	0.17211	0.01414	0.00858	0.00224	0.04339	0.01197	0.00625	0.20126
6	0.02286	0.10043	0.02257	0.08232	0.07723	0.28932	0.01438	0.15942	0.06196	0.02508	0.01615	0.01776	0.03560	0.00797	0.00670	0.00200	0.00977	0.00587	0.00470	0.03790
7	0.01552	0.08406	0.50646	0.02241	0.03205	0.01807	0.17452	0.02299	0.01572	0.02266	0.01322	0.01607	0.00964	0.00668	0.00713	0.00228	0.01088	0.00600	0.00321	0.01043
8	0.03076	0.01223	0.01647	0.01276	0.01809	0.01075	0.01049	0.05289	0.02119	0.63294	0.07930	0.02678	0.02169	0.00944	0.00741	0.00225	0.00603	0.00773	0.00887	0.01195
9	0.01561	0.01363	0.07630	0.01499	0.05076	0.01188	0.03220	0.04724	0.14614	0.09369	0.09510	0.09875	0.12203	0.01380	0.00830	0.00259	0.00624	0.13512	0.00665	0.00898
10	0.01629	0.27581	0.39786	0.06867	0.02878	0.02093	0.05439	0.02229	0.01519	0.02071	0.01213	0.01460	0.00938	0.00666	0.00626	0.00207	0.00974	0.00511	0.00313	0.01003
11	0.00894	0.00649	0.00845	0.00984	0.01051	0.00599	0.00666	0.01041	0.01461	0.01943	0.09134	0.63764	0.09914	0.02185	0.00917	0.00286	0.00412	0.01970	0.00684	0.00599
12	0.01055	0.00753	0.01064	0.01074	0.01184	0.00847	0.00804	0.01277	0.01192	0.01733	0.02142	0.07213	0.02104	0.14152	0.53372	0.00985	0.01579	0.00883	0.05968	0.00620
13	0.09546	0.03868	0.05239	0.04029	0.05442	0.01423	0.04947	0.05301	0.08495	0.08348	0.02030	0.03108	0.01865	0.21692	0.01681	0.00376	0.06276	0.04991	0.00510	0.00833
14	0.01853	0.01138	0.01365	0.01230	0.01528	0.01142	0.00948	0.18703	0.02056	0.15374	0.03244	0.26343	0.06832	0.07745	0.01078	0.00298	0.00599	0.06940	0.00710	0.00874
15	0.01057	0.00808	0.01000	0.01083	0.01271	0.00772	0.00875	0.01404	0.05063	0.02159	0.09353	0.16380	0.24917	0.01905	0.00925	0.00290	0.00514	0.28875	0.00684	0.00667
16	0.01541	0.01463	0.02484	0.45834	0.30567	0.01659	0.02102	0.02004	0.01533	0.02061	0.01322	0.01883	0.01041	0.00696	0.00724	0.00232	0.00927	0.00647	0.00337	0.00943
17	0.08083	0.02237	0.10270	0.11433	0.30808	0.16855	0.01906	0.02399	0.01694	0.05708	0.01346	0.01665	0.01060	0.00699	0.00683	0.00216	0.00962	0.00580	0.00387	0.01010
18	0.01890	0.51914	0.17723	0.01473	0.02164	0.07468	0.01556	0.02321	0.04162	0.01892	0.01157	0.01315	0.00981	0.00660	0.00538	0.00177	0.00870	0.00443	0.00331	0.00965
19	0.59095	0.04175	0.05409	0.03583	0.08360	0.01650	0.01089	0.02118	0.01343	0.03006	0.03807	0.01454	0.01084	0.00705	0.00516	0.00223	0.00633	0.00471	0.00438	0.00841
20	0.05908	0.01172	0.01559	0.01914	0.18713	0.01197	0.01156	0.03917	0.10039	0.02427	0.11955	0.06812	0.11788	0.11206	0.01183	0.00306	0.00616	0.06719	0.00576	0.00837
21	0.01172	0.00917	0.01253	0.07549	0.01564	0.00967	0.04331	0.01547	0.08875	0.01890	0.07287	0.16109	0.02973	0.32184	0.07774	0.00519	0.00768	0.01155	0.00522	0.00643
22	0.01437	0.01225	0.01466	0.01114	0.01624	0.01019	0.00876	0.01719	0.01467	0.02262	0.04185	0.05548	0.01579	0.04996	0.00895	0.00173	0.06082	0.00601	0.00450	0.61282
23	0.02605	0.01844	0.02013	0.01541	0.02112	0.01966	0.01268	0.53126	0.03038	0.08948	0.01800	0.01809	0.01283	0.00837	0.00698	0.00205	0.00740	0.00636	0.03755	0.09778
24	0.01257	0.00934	0.01131	0.01128	0.01325	0.00940	0.00856	0.10199	0.05875	0.02558	0.17225	0.31518	0.10122	0.01778	0.00880	0.00269	0.00494	0.10059	0.00710	0.00742
25	0.10737	0.19215	0.02168	0.05549	0.01980	0.01829	0.01155	0.15499	0.05624	0.16918	0.10410	0.02227	0.01984	0.00871	0.00652	0.00209	0.00671	0.00670	0.00617	0.01013
26	0.02620	0.01710	0.01909	0.01497	0.02008	0.01830	0.01214	0.43566	0.07576	0.17234	0.03789	0.02281	0.01666	0.06526	0.00959	0.00259	0.00729	0.00729	0.00742	0.01156
27	0.00950	0.00671	0.00826	0.00912	0.00963	0.00636	0.00587	0.01051	0.01339	0.01777	0.07597	0.41552	0.09074	0.26487	0.01851	0.00425	0.00508	0.01642	0.00603	0.00547
28	0.02552	0.07268	0.02112	0.01774	0.02178	0.54710	0.01360	0.06296	0.10979	0.02087	0.01394	0.01512	0.01123	0.00780	0.00659	0.00195	0.01156	0.00520	0.00438	0.00909
29	0.01162	0.00845	0.01156	0.05465	0.05337	0.00801	0.00854	0.01391	0.01581	0.04836	0.19895	0.32680	0.04263	0.09084	0.01132	0.00295	0.00506	0.01428	0.00634	0.06655
30	0.00940	0.00667	0.00835	0.00946	0.00998	0.00632	0.00623	0.01046	0.01335	0.01759	0.03807	0.48131	0.09170	0.21158	0.01652	0.00400	0.00502	0.04229	0.00613	0.00556
31	0.00916	0.00652	0.00828	0.00956	0.01002	0.00613	0.00624	0.01022	0.01345	0.01779	0.03884	0.57321	0.08157	0.15582	0.01436	0.00368	0.00471	0.01849	0.00632	0.00564
32	0.01757	0.14650	0.36151	0.06367	0.07723	0.08321	0.07135	0.05645	0.01688	0.02256	0.01280	0.01541	0.00974	0.00687	0.00670	0.00214	0.01024	0.00552	0.00345	0.01021
33	0.02066	0.01491	0.01676	0.01397	0.01750	0.01687	0.01125	0.30251	0.09343	0.05466	0.02106	0.07208	0.01717	0.01033	0.00914	0.00229	0.10293	0.00778	0.18476	0.00995
34	0.00952	0.00682	0.00891	0.01035	0.01097	0.00649	0.00700	0.03352	0.01463	0.01952	0.03927	0.71438	0.04682	0.02228	0.00921	0.00292	0.00435	0.02017	0.00677	0.00613
35	0.06138	0.01142	0.01109	0.01054	0.01276	0.09898	0.00806	0.01595	0.01940	0.02644	0.45679	0.04983	0.11660	0.01412	0.00816	0.00232	0.00507	0.05702	0.00702	0.00704
36	0.02442	0.09995	0.02365	0.05579	0.11317	0.07777	0.01466	0.31903	0.07696	0.09732	0.01740	0.01807	0.01283	0.00809	0.00693	0.00212	0.00822	0.00629	0.00600	0.01131
37	0.01989	0.01551	0.05139	0.01417	0.01828	0.01551	0.01170	0.29766	0.11274	0.06786	0.02624	0.20504	0.02425	0.01276	0.00777	0.00244	0.00650	0.03364	0.04660	0.01004
38	0.09250	0.01883	0.02529	0.21322	0.30499	0.13020	0.06876	0.02241	0.01633	0.02225	0.01282	0.01709	0.01031	0.00685	0.00696	0.00221	0.00962	0.00610	0.00362	0.00964
39	0.01633	0.01922	0.08192	0.11515	0.08664	0.03900	0.37649	0.02152	0.01599	0.02171	0.01485	0.04757	0.01223	0.00870	0.02513	0.00268	0.07378	0.00808	0.00366	0.00936
40	0.01051	0.00728	0.00913	0.00913	0.00954	0.00770	0.00590	0.01134	0.01093	0.01498	0.02181	0.04151	0.02380	0.52454	0.25340	0.00852	0.01101	0.00968	0.00424	0.00507
41	0.04804	0.16403	0.16671	0.11804	0.18941	0.01929	0.04170	0.08674	0.01751	0.02442	0.04792	0.01801	0.01322	0.00727	0.00667	0.00213	0.00872	0.00606	0.00398	0.01011
42	0.03718	0.03949	0.10158	0.06513	0.35252	0.04285	0.01818	0.02038	0.01705	0.02406	0.13938	0.02806	0.02333	0.00903	0.00743	0.00226	0.00792	0.04982	0.00454	0.00979
43	0.02060	0.01349	0.01536	0.01334	0.01745	0.01446	0.01050	0.03402	0.41486	0.19805	0.10781	0.02974	0.02649	0.01018	0.00742	0.00236	0.00549	0.00852	0.03889	0.01098
44	0.00889	0.00655	0.00833	0.00963	0.01044	0.00599	0.00656	0.01036	0.01468	0.01927	0.07898	0.59775	0.15262	0.02167	0.00913	0.00284	0.00409	0.01943	0.00681	0.00599
45	0.04994	0.20835	0.20884	0.01696	0.02342	0.19091	0.03610	0.06396	0.06900	0.02278	0.03642	0.01622	0.01247	0.00745	0.00634	0.00202	0.00964	0.00543	0.00407	0.00971
46	0.00955	0.00687	0.00877	0.00934	0.01032	0.00639	0.00645	0.01149	0.01614	0.02198	0.27784	0.37069	0.09653	0.09876	0.01202	0.00313	0.00421	0.01648	0.00695	0.00610
47	0.01057	0.00705	0.00793	0.00793	0.00793	0.00705	0.00440	0.01057	0.01057	0.01409	0.02290	0.04757	0.02643	0.74454	0.03700	0.00705	0.00705	0.01057	0.00440	0.00440
48	0.05045	0.15833	0.07891	0.01463	0.01959	0.07132	0.01295	0.19027	0.09450	0.06855	0.02103	0.11685	0.01881	0.01052	0.00701	0.00225	0.00755	0.04077	0.00577	0.00993
49	0.01794	0.26188	0.35627	0.01812	0.02602	0.11413	0.04333	0.02325	0.01579	0.02027	0.01181	0.01405	0.00934	0.00693	0.00677	0.00204	0.03406	0.00496	0.00320	0.00986
50	0.01001	0.00728	0.00877	0.00887	0.01064	0.00648	0.00647	0.01230	0.01745	0.04406	0.28443	0.23273	0.28807	0.01796	0.00872	0.00251	0.00381	0.01566	0.00726	0.00653
51	0.01064	0.00951	0.04524	0.01024	0.01216	0.02580	0.00811	0.01344	0.01755	0.02380	0.34994	0.18564	0.11762	0.07326	0.01090	0.00288	0.00478	0.06497	0.00689	0.00664
52	0.09723	0.13816	0.28650	0.01931	0.08854	0.11172	0.01842	0.07672	0.01732	0.02454	0.01303	0.01515	0.01007	0.00705	0.00624	0.00207	0.00929	0.00518	0.04351	0.00993

[dist]
# distance from previous block
# <min> <max>
0	2

[block]
# block no. 4 follows, 28 sequences, length 36
# corresponding to MSA columns:
# 228-246,250-266
name=unknown_E
#
# <colnr> <probs for GDERKNQSTAVLIFYWHMCP>
#	G	D	E	R	K	N	Q	S	T	A	V	L	I	F	Y	W	H	M	C	P
0	0.02317	0.01686	0.01966	0.01569	0.02019	0.01832	0.04112	0.47838	0.02768	0.03707	0.01840	0.05382	0.01516	0.01247	0.01106	0.13346	0.00768	0.03322	0.00638	0.01019
1	0.59276	0.17544	0.01710	0.01059	0.01543	0.04955	0.00914	0.02179	0.01325	0.02858	0.01017	0.01183	0.00826	0.00666	0.00462	0.00208	0.00642	0.00396	0.00416	0.00821
2	0.03688	0.00749	0.00829	0.00827	0.00986	0.00702	0.00579	0.01143	0.01485	0.01957	0.13107	0.09465	0.33098	0.21356	0.06524	0.00432	0.00574	0.01317	0.00601	0.00584
3	0.01464	0.01433	0.02339	0.60155	0.04621	0.04787	0.08341	0.01919	0.01489	0.01879	0.01301	0.01921	0.00991	0.00779	0.00810	0.02977	0.00998	0.00658	0.00329	0.00809
4	0.01340	0.01098	0.01311	0.01043	0.01494	0.00907	0.00812	0.01760	0.05470	0.02566	0.24031	0.05887	0.03205	0.00949	0.00671	0.00163	0.00471	0.00813	0.00580	0.45428
5	0.02132	0.53711	0.03296	0.01379	0.01961	0.09335	0.01275	0.11963	0.05083	0.02205	0.01225	0.01341	0.01040	0.00689	0.00536	0.00172	0.00822	0.00457	0.00399	0.00979
6	0.04850	0.01553	0.05424	0.21798	0.29781	0.01564	0.03930	0.02152	0.07087	0.02394	0.10461	0.02357	0.01915	0.00809	0.00733	0.00229	0.00808	0.00740	0.00441	0.00973
7	0.01236	0.00801	0.00912	0.00869	0.00945	0.00799	0.00538	0.03264	0.03305	0.05229	0.05331	0.04605	0.05449	0.60201	0.03133	0.00613	0.00670	0.01051	0.00507	0.00545
8	0.01874	0.01386	0.01599	0.01465	0.01832	0.01510	0.01213	0.18930	0.23240	0.06371	0.02992	0.04569	0.02707	0.01347	0.00838	0.00272	0.00670	0.25478	0.00717	0.00991
9	0.01041	0.00770	0.01124	0.01124	0.01239	0.00885	0.00854	0.01270	0.01155	0.01655	0.01987	0.03079	0.01914	0.13545	0.63612	0.01114	0.01801	0.00811	0.00395	0.00625
10	0.58085	0.01397	0.01266	0.01069	0.01552	0.01530	0.00882	0.05641	0.01539	0.18960	0.01480	0.01509	0.01045	0.00737	0.00529	0.00225	0.00587	0.00485	0.00568	0.00914
11	0.01799	0.01727	0.02950	0.04462	0.69919	0.01727	0.02231	0.02231	0.01655	0.02375	0.01367	0.01799	0.01151	0.00648	0.00720	0.00216	0.00864	0.00648	0.00360	0.01151
12	0.06351	0.01255	0.01647	0.01277	0.01816	0.01125	0.01051	0.06168	0.02102	0.61362	0.06049	0.02534	0.01983	0.00918	0.00725	0.00225	0.00610	0.00742	0.00868	0.01191
13	0.00952	0.00740	0.00865	0.00834	0.01039	0.00653	0.00625	0.01223	0.01876	0.02484	0.41397	0.06138	0.35266	0.01647	0.00858	0.00236	0.00354	0.01414	0.00744	0.00653
14	0.01528	0.01868	0.10169	0.06048	0.03297	0.01601	0.45150	0.02076	0.01608	0.02202	0.01777	0.10462	0.01564	0.01159	0.05763	0.00314	0.01153	0.00952	0.00397	0.00912
15	0.03121	0.01462	0.01826	0.01400	0.01968	0.01402	0.01157	0.21548	0.02457	0.51885	0.02552	0.02269	0.01641	0.00892	0.00730	0.00223	0.00670	0.00709	0.00851	0.01237
16	0.03261	0.01237	0.01687	0.01293	0.01856	0.01068	0.01068	0.03543	0.02081	0.70423	0.02868	0.02474	0.01799	0.00900	0.00731	0.00225	0.00619	0.00731	0.00900	0.01237
17	0.01106	0.00762	0.00986	0.00919	0.01110	0.00697	0.00693	0.01438	0.02036	0.05492	0.63376	0.05404	0.10257	0.01484	0.00853	0.00229	0.00355	0.01304	0.00797	0.00703
18	0.01716	0.01610	0.02716	0.04049	0.60888	0.01610	0.02091	0.02135	0.01658	0.02348	0.01695	0.02644	0.01552	0.00827	0.00757	0.00232	0.00838	0.09147	0.00401	0.01088
19	0.01073	0.00783	0.00979	0.01072	0.01190	0.00760	0.00766	0.06984	0.01618	0.02134	0.04097	0.56316	0.10313	0.02091	0.00910	0.00287	0.00470	0.06823	0.00679	0.00656
20	0.55939	0.01553	0.01629	0.01621	0.10685	0.01728	0.04799	0.09804	0.01574	0.03246	0.01171	0.01372	0.00906	0.00691	0.00541	0.00224	0.00667	0.00484	0.00466	0.00899
21	0.01979	0.66669	0.03661	0.01464	0.05786	0.06685	0.01309	0.02221	0.01520	0.01752	0.01037	0.01210	0.00946	0.00631	0.00492	0.00161	0.00812	0.00408	0.00317	0.00940
22	0.00949	0.00687	0.00906	0.01048	0.01122	0.00656	0.00734	0.01169	0.03518	0.01997	0.08706	0.61066	0.04822	0.02157	0.00924	0.00292	0.00442	0.07499	0.00685	0.00621
23	0.28225	0.07997	0.09129	0.10516	0.17260	0.09252	0.01568	0.04174	0.01558	0.02554	0.01187	0.01473	0.00944	0.00686	0.00599	0.00216	0.00834	0.00510	0.00389	0.00931
24	0.01612	0.01522	0.02575	0.28615	0.42917	0.01637	0.02095	0.02057	0.01584	0.02179	0.01480	0.02210	0.01257	0.00753	0.00738	0.00232	0.00890	0.04280	0.00364	0.01002
25	0.44198	0.01300	0.01304	0.01081	0.01564	0.01351	0.00889	0.02695	0.01599	0.30958	0.01846	0.01791	0.01258	0.00776	0.00569	0.00222	0.00574	0.00547	0.04509	0.00967
26	0.04528	0.00816	0.00913	0.00993	0.01092	0.03169	0.00699	0.01271	0.01383	0.01937	0.03268	0.34287	0.05655	0.17698	0.03703	0.00395	0.00587	0.08818	0.08193	0.00596
27	0.01555	0.11228	0.51567	0.02189	0.07822	0.01859	0.05270	0.02253	0.01521	0.02212	0.01264	0.01535	0.00949	0.00710	0.00773	0.00227	0.05161	0.00549	0.00315	0.01044
28	0.00905	0.00648	0.00846	0.00987	0.01037	0.00612	0.00657	0.01027	0.01365	0.01815	0.03919	0.62709	0.07129	0.08730	0.03619	0.00360	0.00497	0.01911	0.00644	0.00580
29	0.01014	0.00717	0.00937	0.01024	0.01115	0.00689	0.00746	0.01212	0.01538	0.02076	0.17953	0.31011	0.04706	0.15603	0.01451	0.00367	0.00514	0.16069	0.00657	0.00601
30	0.02205	0.27002	0.02679	0.01868	0.09961	0.25721	0.01392	0.07821	0.04001	0.02149	0.01290	0.01490	0.01080	0.00736	0.00659	0.00188	0.03447	0.00507	0.04865	0.00941
31	0.05080	0.06588	0.01779	0.14263	0.02255	0.01649	0.01193	0.27232	0.02223	0.03189	0.01860	0.05489	0.01491	0.00882	0.00648	0.00209	0.00676	0.00698	0.21657	0.00936
32	0.01171	0.00837	0.01171	0.01339	0.01506	0.00837	0.01171	0.01506	0.01673	0.02175	0.03849	0.08199	0.04183	0.02008	0.01004	0.00335	0.00669	0.65027	0.00669	0.00669
33	0.01609	0.02059	0.17713	0.22278	0.37715	0.01688	0.02274	0.02146	0.01574	0.02220	0.01333	0.01778	0.01051	0.00678	0.00715	0.00226	0.00938	0.00623	0.00338	0.01042
34	0.01806	0.04947	0.05933	0.11353	0.31693	0.06363	0.03992	0.06864	0.01695	0.02301	0.01403	0.01996	0.01204	0.00832	0.00967	0.00237	0.11569	0.03454	0.00386	0.01005
35	0.08770	0.19377	0.09750	0.13940	0.13866	0.01955	0.01609	0.09719	0.04023	0.02503	0.01406	0.01682	0.01112	0.00715	0.00618	0.00206	0.00798	0.00560	0.06418	0.00973

[dist]
# distance from previous block
# <min> <max>
1	2

[block]
# block no. 5 follows, 28 sequences, length 112
# corresponding to MSA columns:
# 269-305,341-415
name=unknown_F
#
# <colnr> <probs for GDERKNQSTAVLIFYWHMCP>
#	G	D	E	R	K	N	Q	S	T	A	V	L	I	F	Y	W	H	M	C	P
0	0.00992	0.00768	0.00913	0.00925	0.01115	0.00708	0.00697	0.01319	0.04705	0.02353	0.28553	0.16222	0.29111	0.01755	0.00876	0.00254	0.00402	0.06945	0.00722	0.00664
1	0.15372	0.01883	0.01915	0.16538	0.02639	0.10923	0.01398	0.30154	0.02337	0.03258	0.01519	0.01875	0.01177	0.00961	0.02717	0.00251	0.00890	0.02673	0.00538	0.00983
2	0.01351	0.01120	0.01328	0.01061	0.01539	0.00904	0.00834	0.01714	0.03929	0.02387	0.10846	0.09095	0.05714	0.00973	0.00662	0.00164	0.00503	0.04227	0.00536	0.51113
3	0.08011	0.09387	0.02000	0.01537	0.01958	0.25235	0.01219	0.17491	0.11559	0.02678	0.01624	0.01866	0.01323	0.04697	0.06061	0.00300	0.01000	0.00599	0.00511	0.00947
4	0.07686	0.01238	0.06275	0.01279	0.05065	0.04093	0.00980	0.01778	0.04731	0.05660	0.38264	0.09495	0.04584	0.04612	0.00920	0.00253	0.00530	0.01109	0.00669	0.00780
5	0.01056	0.00708	0.00811	0.00811	0.00817	0.00715	0.00463	0.01069	0.01062	0.01423	0.02274	0.04665	0.02603	0.71126	0.06973	0.00727	0.00765	0.01044	0.00438	0.00451
6	0.01152	0.00781	0.00966	0.00909	0.01130	0.00700	0.00695	0.01446	0.01933	0.07633	0.44784	0.05751	0.23909	0.01561	0.00854	0.00237	0.00383	0.03702	0.00768	0.00706
7	0.01038	0.00779	0.01168	0.01168	0.01298	0.00909	0.00909	0.01298	0.01168	0.01687	0.01947	0.02856	0.01817	0.05452	0.71573	0.01168	0.01947	0.00779	0.00389	0.00649
8	0.02715	0.03464	0.02060	0.01873	0.02247	0.71536	0.01404	0.02903	0.02060	0.01779	0.01124	0.01311	0.00936	0.00749	0.00655	0.00187	0.01311	0.00468	0.00375	0.00843
9	0.01088	0.00743	0.00977	0.00945	0.01109	0.00684	0.00698	0.01393	0.01947	0.05249	0.56133	0.16746	0.06329	0.01596	0.00864	0.00240	0.00366	0.01418	0.00783	0.00690
10	0.00950	0.00691	0.00901	0.00993	0.01099	0.00642	0.00714	0.01160	0.01624	0.02187	0.22391	0.43473	0.10557	0.01998	0.00910	0.00276	0.00419	0.07680	0.00709	0.00626
11	0.00904	0.00729	0.00812	0.00865	0.01062	0.00638	0.00654	0.01096	0.01609	0.01970	0.06280	0.19877	0.49007	0.01945	0.00891	0.00266	0.00417	0.09689	0.00674	0.00616
12	0.51000	0.12902	0.01732	0.01155	0.01660	0.01958	0.00986	0.16253	0.01745	0.03306	0.01170	0.01300	0.00907	0.00709	0.00512	0.00213	0.00647	0.00449	0.00488	0.00907
13	0.76212	0.01398	0.01096	0.00971	0.01426	0.01606	0.00800	0.02199	0.01274	0.06232	0.01094	0.01238	0.00832	0.00685	0.00462	0.00225	0.00565	0.00409	0.00470	0.00807
14	0.01004	0.00711	0.00899	0.01000	0.01064	0.00687	0.00666	0.03981	0.01449	0.01939	0.06049	0.56345	0.04354	0.14574	0.01392	0.00360	0.00484	0.01803	0.00642	0.00597
15	0.01355	0.00678	0.00678	0.00678	0.00847	0.00678	0.00508	0.01694	0.01524	0.02710	0.02371	0.02710	0.01863	0.00847	0.00508	0.00169	0.00339	0.00678	0.78489	0.00678
16	0.01782	0.01710	0.02920	0.07158	0.67355	0.01723	0.02222	0.02216	0.01647	0.02354	0.01364	0.01805	0.01144	0.00651	0.00720	0.00217	0.00868	0.00648	0.00358	0.01138
17	0.03791	0.03009	0.48582	0.01862	0.02711	0.03808	0.05003	0.04153	0.01705	0.04779	0.11752	0.02167	0.01869	0.00822	0.00718	0.00229	0.00939	0.00673	0.00424	0.01006
18	0.06843	0.01620	0.02506	0.29122	0.38737	0.04626	0.02022	0.02116	0.01571	0.02219	0.01306	0.01788	0.01051	0.00683	0.00702	0.00225	0.00901	0.00623	0.00353	0.00988
19	0.01472	0.01403	0.02404	0.56336	0.18568	0.01645	0.04008	0.01950	0.01504	0.01980	0.01313	0.01910	0.01011	0.00707	0.00729	0.00237	0.00955	0.00653	0.00332	0.00885
20	0.00999	0.00761	0.00935	0.00968	0.01159	0.00696	0.00767	0.01274	0.01782	0.02329	0.26749	0.09716	0.28672	0.01788	0.00900	0.00266	0.00443	0.18432	0.00715	0.00651
21	0.05153	0.03946	0.05490	0.24213	0.22407	0.05786	0.01718	0.01962	0.01612	0.02211	0.10035	0.02617	0.01964	0.04118	0.00858	0.00250	0.00836	0.03514	0.00422	0.00888
22	0.01817	0.56336	0.21255	0.01460	0.02200	0.02566	0.01620	0.02209	0.01492	0.01865	0.01087	0.01262	0.00930	0.00640	0.00525	0.00175	0.00855	0.00427	0.00310	0.00970
23	0.03261	0.01237	0.01687	0.01293	0.01856	0.01068	0.01068	0.03543	0.02081	0.70423	0.02868	0.02474	0.01799	0.00900	0.00731	0.00225	0.00619	0.00731	0.00900	0.01237
24	0.01473	0.02431	0.31074	0.29534	0.06056	0.01702	0.10284	0.02108	0.01512	0.02113	0.01308	0.01753	0.00971	0.00718	0.00796	0.00240	0.04028	0.00626	0.00323	0.00951
25	0.01746	0.01797	0.05436	0.09056	0.54392	0.01732	0.10665	0.02219	0.01644	0.02329	0.01373	0.01821	0.01124	0.00650	0.00737	0.00222	0.00925	0.00671	0.00356	0.01102
26	0.04127	0.00687	0.00872	0.01001	0.01086	0.00652	0.00694	0.01112	0.01469	0.02027	0.10001	0.59117	0.07749	0.02109	0.00902	0.00286	0.00428	0.04393	0.00677	0.00611
27	0.01057	0.00705	0.00793	0.00793	0.00793	0.00705	0.00440	0.01057	0.01057	0.01409	0.02290	0.04757	0.02643	0.74454	0.03700	0.00705	0.00705	0.01057	0.00440	0.00440
28	0.01962	0.69245	0.03679	0.01294	0.01883	0.05659	0.01263	0.02190	0.01487	0.01714	0.01013	0.01188	0.00934	0.00651	0.00546	0.00163	0.03490	0.00401	0.00314	0.00924
29	0.01458	0.03760	0.70688	0.02072	0.03146	0.01688	0.02686	0.02302	0.01535	0.02302	0.01304	0.01535	0.00921	0.00691	0.00691	0.00230	0.01074	0.00537	0.00307	0.01074
30	0.01159	0.00833	0.01154	0.01314	0.01485	0.00828	0.01146	0.01487	0.01673	0.02167	0.03992	0.08150	0.06859	0.02001	0.00998	0.00331	0.00657	0.62431	0.00670	0.00667
31	0.01137	0.00837	0.01038	0.05908	0.01404	0.00830	0.00795	0.06883	0.01732	0.02347	0.14478	0.34526	0.15419	0.01731	0.00839	0.00255	0.00463	0.01521	0.07169	0.00687
32	0.01812	0.04918	0.28832	0.09481	0.07046	0.07570	0.12291	0.02456	0.04677	0.08220	0.01505	0.01767	0.01108	0.00742	0.00800	0.00231	0.04497	0.00629	0.00400	0.01017
33	0.04672	0.01295	0.02111	0.63737	0.07643	0.01581	0.01918	0.01854	0.01462	0.01944	0.01523	0.02100	0.03682	0.00765	0.00720	0.00240	0.00923	0.00671	0.00344	0.00815
34	0.05787	0.05339	0.02300	0.24400	0.17686	0.25300	0.01727	0.02403	0.04526	0.02055	0.01296	0.01658	0.01040	0.00721	0.00677	0.00214	0.01017	0.00570	0.00372	0.00913
35	0.01008	0.00739	0.00955	0.01009	0.01138	0.00703	0.00737	0.01326	0.04541	0.02382	0.31611	0.34247	0.07805	0.01852	0.00894	0.00267	0.00414	0.06980	0.00730	0.00662
36	0.01737	0.00954	0.01264	0.04243	0.01517	0.00898	0.00875	0.04963	0.02008	0.21742	0.36766	0.10306	0.04605	0.03693	0.00908	0.00249	0.00487	0.01149	0.00781	0.00855
37	0.11269	0.01302	0.01534	0.08104	0.02016	0.01122	0.00983	0.02010	0.01515	0.07970	0.01386	0.01588	0.01089	0.00603	0.00562	0.00145	0.00590	0.00472	0.00461	0.55281
38	0.04582	0.05506	0.02020	0.01620	0.02084	0.24508	0.01287	0.27697	0.14400	0.03156	0.01737	0.01780	0.01317	0.00836	0.00678	0.00209	0.00897	0.00606	0.04038	0.01043
39	0.01279	0.01051	0.01393	0.12204	0.06885	0.01110	0.01094	0.01916	0.15070	0.02298	0.08554	0.25113	0.07623	0.01420	0.00799	0.00250	0.00565	0.02922	0.04418	0.04035
40	0.00993	0.00746	0.00922	0.00889	0.01078	0.00674	0.00674	0.01295	0.01940	0.02644	0.51042	0.05945	0.22470	0.01598	0.00864	0.00238	0.00364	0.04195	0.00763	0.00667
41	0.01812	0.01531	0.01611	0.01445	0.01849	0.01765	0.01125	0.05466	0.63574	0.03066	0.02897	0.02686	0.02175	0.00976	0.00728	0.00242	0.00570	0.00810	0.04542	0.01130
42	0.01038	0.00779	0.01168	0.01168	0.01298	0.00909	0.00909	0.01298	0.01168	0.01687	0.01947	0.02856	0.01817	0.05452	0.71573	0.01168	0.01947	0.00779	0.00389	0.00649
43	0.02715	0.03464	0.02060	0.01873	0.02247	0.71536	0.01404	0.02903	0.02060	0.01779	0.01124	0.01311	0.00936	0.00749	0.00655	0.00187	0.01311	0.00468	0.00375	0.00843
44	0.01742	0.01465	0.01549	0.01378	0.01773	0.01648	0.01076	0.09322	0.51091	0.03042	0.06357	0.03286	0.10883	0.01106	0.00759	0.00243	0.00560	0.00918	0.00733	0.01070
45	0.00897	0.00646	0.00853	0.01014	0.01071	0.00602	0.00691	0.01035	0.01416	0.01874	0.04152	0.68075	0.07724	0.02246	0.00928	0.00295	0.00430	0.04782	0.00675	0.00595
46	0.00920	0.00754	0.00821	0.00847	0.01076	0.00655	0.00664	0.01137	0.01677	0.02042	0.09495	0.07133	0.55663	0.01854	0.00884	0.00260	0.00419	0.12393	0.00680	0.00626
47	0.01978	0.71648	0.03730	0.01272	0.01883	0.05994	0.01251	0.02210	0.01503	0.01713	0.01016	0.01173	0.00933	0.00628	0.00475	0.00157	0.00802	0.00392	0.00314	0.00929
48	0.76628	0.01399	0.01092	0.00969	0.01423	0.01609	0.00798	0.02191	0.01270	0.05867	0.01084	0.01231	0.00826	0.00683	0.00461	0.00225	0.00564	0.00407	0.00467	0.00805
49	0.01039	0.00776	0.01152	0.01152	0.01277	0.00900	0.00889	0.01288	0.01164	0.01676	0.01962	0.02936	0.01852	0.08364	0.68709	0.01149	0.01895	0.00791	0.00392	0.00640
50	0.01355	0.00678	0.00678	0.00678	0.00847	0.00678	0.00508	0.01694	0.01524	0.02710	0.02371	0.02710	0.01863	0.00847	0.00508	0.00169	0.00339	0.00678	0.78489	0.00678
51	0.01799	0.01727	0.02950	0.04462	0.69919	0.01727	0.02231	0.02231	0.01655	0.02375	0.01367	0.01799	0.01151	0.00648	0.00720	0.00216	0.00864	0.00648	0.00360	0.01151
52	0.04743	0.03164	0.01267	0.01102	0.01385	0.00995	0.00886	0.04062	0.06743	0.12092	0.35421	0.04910	0.07582	0.01388	0.00822	0.00244	0.00487	0.11137	0.00752	0.00819
53	0.79588	0.01406	0.01068	0.00956	0.01406	0.01631	0.00787	0.02137	0.01237	0.03261	0.01012	0.01181	0.00787	0.00675	0.00450	0.00225	0.00562	0.00394	0.00450	0.00787
54	0.01921	0.14583	0.26703	0.02432	0.17208	0.15754	0.04105	0.05085	0.01739	0.02214	0.01258	0.01511	0.00995	0.00687	0.00661	0.00207	0.01021	0.00539	0.00352	0.01026
55	0.00999	0.00745	0.00949	0.00999	0.01145	0.00666	0.00705	0.01185	0.01505	0.02059	0.12470	0.46833	0.07628	0.05099	0.00993	0.00281	0.00446	0.04482	0.00651	0.10160
56	0.01588	0.22759	0.52824	0.01851	0.02804	0.02005	0.02301	0.02269	0.01519	0.02144	0.01226	0.01436	0.00924	0.00672	0.00631	0.00210	0.00995	0.00497	0.00308	0.01036
57	0.04345	0.02489	0.30500	0.02903	0.30174	0.01636	0.02201	0.02463	0.03980	0.10140	0.01556	0.01779	0.01156	0.00707	0.00701	0.00224	0.00902	0.00610	0.00416	0.01118
58	0.03023	0.01307	0.01696	0.01322	0.01859	0.01205	0.01085	0.09112	0.06612	0.57175	0.05705	0.02555	0.02000	0.00929	0.00737	0.00226	0.00620	0.00756	0.00869	0.01207
59	0.01191	0.00813	0.00919	0.00879	0.00930	0.00836	0.00535	0.06309	0.01248	0.01672	0.02232	0.04437	0.02496	0.65646	0.06419	0.00687	0.00766	0.01013	0.00461	0.00512
60	0.13999	0.10267	0.09007	0.05599	0.25713	0.04119	0.01708	0.13405	0.01882	0.05754	0.01385	0.01617	0.01076	0.00709	0.00647	0.00213	0.00825	0.00568	0.00448	0.01056
61	0.00946	0.00683	0.00881	0.00979	0.01069	0.00638	0.00687	0.01126	0.01541	0.02065	0.17121	0.44953	0.10242	0.07423	0.01120	0.00311	0.00441	0.06487	0.00682	0.00606
62	0.01492	0.01392	0.02333	0.44060	0.26208	0.01580	0.01982	0.01930	0.01509	0.02018	0.01455	0.02249	0.01224	0.04352	0.00879	0.00259	0.00911	0.02916	0.00353	0.00899
63	0.05019	0.03389	0.59539	0.02087	0.05936	0.01671	0.02476	0.02337	0.01542	0.05619	0.01361	0.01577	0.00968	0.00713	0.00726	0.00231	0.02848	0.00548	0.00344	0.01066
64	0.01450	0.01356	0.02257	0.55627	0.16220	0.01605	0.01996	0.01960	0.03268	0.01994	0.01463	0.02212	0.01177	0.00776	0.00738	0.00242	0.00927	0.03506	0.00356	0.00871
65	0.01171	0.00837	0.01171	0.01339	0.01506	0.00837	0.01171	0.01506	0.01673	0.02175	0.03849	0.08199	0.04183	0.02008	0.01004	0.00335	0.00669	0.65027	0.00669	0.00669
66	0.01691	0.01707	0.05733	0.09325	0.56602	0.01635	0.02114	0.02138	0.01666	0.02374	0.06681	0.02082	0.01573	0.00721	0.00730	0.00220	0.00840	0.00695	0.00389	0.01085
67	0.08021	0.06979	0.12530	0.07393	0.05040	0.10689	0.03969	0.02416	0.01694	0.18464	0.04076	0.08308	0.01755	0.04512	0.00845	0.00247	0.00827	0.00762	0.00529	0.00943
68	0.01671	0.32963	0.26223	0.01626	0.04895	0.04289	0.01691	0.02121	0.01520	0.02028	0.01424	0.06811	0.01272	0.00779	0.00599	0.00193	0.00843	0.00592	0.03749	0.04711
69	0.05066	0.03035	0.02037	0.01909	0.05139	0.55814	0.01401	0.07382	0.02043	0.02050	0.01210	0.01442	0.01005	0.00993	0.04127	0.00243	0.03326	0.00507	0.00401	0.00872
70	0.01106	0.00824	0.01013	0.00948	0.01151	0.00781	0.00715	0.04574	0.04015	0.02824	0.52997	0.08494	0.14754	0.01525	0.00851	0.00234	0.00379	0.01332	0.00772	0.00712
71	0.08669	0.07673	0.42860	0.05286	0.02818	0.01664	0.04983	0.02395	0.01575	0.10716	0.01458	0.01632	0.01034	0.00703	0.00663	0.00221	0.00936	0.00554	0.00401	0.03761
72	0.01537	0.01204	0.01418	0.01058	0.01628	0.00934	0.00847	0.01861	0.01563	0.05283	0.04527	0.02044	0.01528	0.00669	0.00575	0.00130	0.00523	0.02757	0.06269	0.63644
73	0.02666	0.06011	0.02149	0.01785	0.02222	0.49479	0.01384	0.18746	0.04489	0.02504	0.01330	0.01456	0.01051	0.00782	0.00668	0.00195	0.01140	0.00522	0.00470	0.00953
74	0.00952	0.00769	0.01018	0.01011	0.01196	0.00688	0.05060	0.01147	0.01537	0.01976	0.05242	0.36135	0.33059	0.01904	0.00873	0.00264	0.00448	0.01684	0.04407	0.00631
75	0.00980	0.00741	0.00904	0.00863	0.01056	0.00665	0.00647	0.01277	0.01942	0.02641	0.51649	0.05880	0.24916	0.01588	0.00858	0.00233	0.00350	0.01378	0.00764	0.00665
76	0.01780	0.01530	0.01623	0.01473	0.01873	0.01765	0.01151	0.03759	0.65664	0.03003	0.02998	0.02953	0.02305	0.01031	0.00751	0.00250	0.00579	0.03644	0.00737	0.01129
77	0.01053	0.00723	0.00884	0.00884	0.00915	0.00754	0.00554	0.01115	0.01084	0.01477	0.02207	0.04296	0.02443	0.57724	0.20155	0.00817	0.01006	0.00990	0.00428	0.00491
78	0.02715	0.03464	0.02060	0.01873	0.02247	0.71536	0.01404	0.02903	0.02060	0.01779	0.01124	0.01311	0.00936	0.00749	0.00655	0.00187	0.01311	0.00468	0.00375	0.00843
79	0.02057	0.01591	0.01683	0.01422	0.01858	0.01784	0.01132	0.26119	0.34722	0.03508	0.02619	0.02527	0.04333	0.00961	0.00711	0.00227	0.00618	0.00771	0.10253	0.01103
80	0.00898	0.00641	0.00857	0.01026	0.01073	0.00601	0.00696	0.01033	0.01404	0.01869	0.04000	0.71204	0.04781	0.02266	0.00931	0.00297	0.00432	0.04723	0.00675	0.00594
81	0.00903	0.00651	0.00856	0.00988	0.01055	0.00604	0.00671	0.01060	0.01489	0.01998	0.12692	0.62298	0.07725	0.02156	0.00916	0.00284	0.00409	0.01947	0.00691	0.00604
82	0.24241	0.01959	0.01960	0.01919	0.12466	0.09749	0.01342	0.30208	0.03953	0.03517	0.01440	0.01569	0.01087	0.00771	0.00640	0.00217	0.00795	0.00563	0.00553	0.01050
83	0.79588	0.01406	0.01068	0.00956	0.01406	0.01631	0.00787	0.02137	0.01237	0.03261	0.01012	0.01181	0.00787	0.00675	0.00450	0.00225	0.00562	0.00394	0.00450	0.00787
84	0.00920	0.00654	0.00865	0.01016	0.01067	0.00617	0.00692	0.01058	0.01405	0.01875	0.05671	0.62939	0.04672	0.07241	0.01123	0.00324	0.00456	0.06153	0.00662	0.00588
85	0.01309	0.00682	0.00695	0.00695	0.00839	0.00682	0.00498	0.01595	0.01452	0.02509	0.02359	0.03026	0.01984	0.12226	0.01002	0.00252	0.00395	0.00736	0.66423	0.00641
86	0.08277	0.06259	0.02529	0.22360	0.34450	0.04027	0.01891	0.02170	0.01561	0.04860	0.01328	0.01747	0.01067	0.00709	0.00749	0.00224	0.03821	0.00606	0.00374	0.00992
87	0.09580	0.01227	0.01495	0.01271	0.01689	0.01202	0.01025	0.10973	0.04761	0.34337	0.02804	0.12871	0.02346	0.03164	0.00841	0.00259	0.00615	0.07757	0.00761	0.01020
88	0.33908	0.01504	0.02041	0.17781	0.17044	0.01710	0.06268	0.02079	0.01399	0.02575	0.01179	0.01569	0.00941	0.00723	0.00750	0.00236	0.06467	0.00556	0.00386	0.00884
89	0.01447	0.01430	0.05299	0.38844	0.20771	0.01502	0.01945	0.01907	0.01549	0.02068	0.01788	0.03052	0.01613	0.00944	0.00775	0.00252	0.00891	0.12646	0.00396	0.00881
90	0.01130	0.00809	0.01118	0.01242	0.01404	0.00796	0.01055	0.01457	0.01733	0.02300	0.16339	0.10846	0.04722	0.01922	0.00972	0.00313	0.00595	0.49883	0.00694	0.00669
91	0.01521	0.13840	0.54909	0.01990	0.05498	0.01813	0.02361	0.02236	0.01557	0.02249	0.04602	0.01682	0.01222	0.00718	0.00667	0.00219	0.00987	0.00558	0.00334	0.01038
92	0.04861	0.28301	0.44640	0.01739	0.02631	0.02097	0.02108	0.02252	0.01502	0.02137	0.01191	0.01392	0.00919	0.00666	0.00603	0.00204	0.00950	0.00480	0.00314	0.01013
93	0.03169	0.01217	0.01657	0.01278	0.01824	0.01053	0.01053	0.03453	0.02080	0.67628	0.05628	0.02597	0.02009	0.00924	0.00736	0.00225	0.00607	0.00755	0.00896	0.01214
94	0.01797	0.10432	0.13292	0.16780	0.28088	0.11072	0.04111	0.02254	0.01632	0.02106	0.01274	0.01655	0.01025	0.00679	0.00684	0.00214	0.00978	0.00584	0.00341	0.01001
95	0.05086	0.01927	0.04744	0.21004	0.12974	0.15981	0.04035	0.09764	0.01851	0.02450	0.01473	0.01831	0.01145	0.00746	0.00672	0.00213	0.00910	0.00608	0.11673	0.00913
96	0.00997	0.00741	0.00934	0.00927	0.01101	0.00677	0.00702	0.01291	0.01892	0.02582	0.46559	0.11787	0.18212	0.01666	0.00877	0.00247	0.00383	0.07007	0.00755	0.00663
97	0.00986	0.00703	0.00898	0.00987	0.01078	0.00674	0.00681	0.01249	0.04503	0.02159	0.18236	0.49595	0.04921	0.05124	0.01006	0.00291	0.00420	0.01741	0.04115	0.00634
98	0.01632	0.05604	0.28977	0.02668	0.24222	0.01602	0.05226	0.02228	0.03588	0.05601	0.01769	0.10372	0.01551	0.00879	0.00730	0.00231	0.00886	0.00782	0.00413	0.01041
