[name]
unknown

[dist]
# distance from previous block
# <min> <max>
5	14

[block]
# block no. 0 follows, 27 sequences, length 80
# corresponding to MSA columns:
# 16-95
name=unknown_A
#
# <colnr> <probs for GDERKNQSTAVLIFYWHMCP>
#	G	D	E	R	K	N	Q	S	T	A	V	L	I	F	Y	W	H	M	C	P
0	0.02773	0.03538	0.02104	0.01913	0.02295	0.70930	0.01434	0.02964	0.02104	0.01817	0.01148	0.01339	0.00956	0.00765	0.00669	0.00191	0.01339	0.00478	0.00383	0.00861
1	0.00998	0.00747	0.00926	0.00901	0.01082	0.00675	0.00668	0.01291	0.01947	0.02658	0.49028	0.12002	0.21001	0.01673	0.00882	0.00244	0.00363	0.01463	0.00776	0.00675
2	0.02201	0.01279	0.01535	0.01307	0.01726	0.01305	0.01034	0.03233	0.28641	0.27354	0.18332	0.03328	0.03214	0.01094	0.00780	0.00239	0.00548	0.00923	0.00829	0.01097
3	0.03056	0.05689	0.01924	0.01393	0.01962	0.01447	0.01158	0.13374	0.07509	0.50428	0.02647	0.02352	0.01731	0.00905	0.00731	0.00226	0.00666	0.00721	0.00843	0.01238
4	0.01402	0.01319	0.02227	0.72126	0.05113	0.01649	0.02062	0.01897	0.01484	0.01897	0.01319	0.01979	0.00990	0.00742	0.00742	0.00247	0.00990	0.00660	0.00330	0.00825
5	0.00922	0.00733	0.00828	0.00849	0.01041	0.00639	0.00619	0.01135	0.01731	0.02202	0.20646	0.19902	0.42359	0.01887	0.00891	0.00257	0.00381	0.01624	0.00718	0.00639
6	0.01080	0.00720	0.00810	0.00810	0.00810	0.00720	0.00450	0.01080	0.01080	0.01439	0.02339	0.04858	0.02699	0.73910	0.03779	0.00720	0.00720	0.01080	0.00450	0.00450
7	0.01634	0.12023	0.47295	0.02128	0.03037	0.04203	0.10749	0.02326	0.01577	0.02231	0.01291	0.01574	0.00969	0.00723	0.00800	0.00232	0.05265	0.00576	0.00325	0.01043
8	0.01402	0.01319	0.02227	0.72126	0.05113	0.01649	0.02062	0.01897	0.01484	0.01897	0.01319	0.01979	0.00990	0.00742	0.00742	0.00247	0.00990	0.00660	0.00330	0.00825
9	0.01752	0.02003	0.04380	0.03129	0.03880	0.01877	0.66583	0.02378	0.01752	0.02378	0.01502	0.02003	0.01126	0.00626	0.00876	0.00250	0.01252	0.00876	0.00375	0.01001
10	0.00946	0.00795	0.00827	0.00812	0.01062	0.00697	0.00611	0.01250	0.05075	0.02175	0.14477	0.06737	0.58365	0.01794	0.00871	0.00249	0.00384	0.01504	0.00708	0.00663
11	0.01741	0.01297	0.01817	0.33235	0.03170	0.01515	0.01482	0.12914	0.01840	0.06499	0.01745	0.02183	0.01329	0.01143	0.05320	0.00292	0.04474	0.00681	0.16438	0.00886
12	0.01907	0.01622	0.01753	0.05083	0.02122	0.01876	0.01240	0.09214	0.59084	0.03179	0.02830	0.02646	0.02116	0.00984	0.00754	0.00249	0.00627	0.00816	0.00733	0.01165
13	0.01658	0.01365	0.01576	0.01169	0.01771	0.01132	0.00933	0.10332	0.01817	0.02721	0.04735	0.04698	0.01560	0.00714	0.00607	0.00139	0.00570	0.00581	0.00508	0.61415
14	0.02492	0.01379	0.01695	0.01278	0.01881	0.01202	0.01041	0.08853	0.05332	0.33403	0.02183	0.02075	0.01510	0.00773	0.00668	0.00182	0.00614	0.00621	0.00703	0.32115
15	0.01539	0.01319	0.01539	0.01100	0.01759	0.00990	0.00880	0.01869	0.01539	0.02419	0.01319	0.01539	0.01100	0.00550	0.00550	0.00110	0.00550	0.00440	0.00440	0.78449
16	0.76326	0.01460	0.01133	0.01003	0.01468	0.01689	0.00826	0.04576	0.01346	0.03381	0.01061	0.01227	0.00821	0.00697	0.00470	0.00229	0.00583	0.00412	0.00470	0.00821
17	0.02184	0.01519	0.01689	0.01468	0.01922	0.01675	0.01156	0.03870	0.52980	0.18263	0.03000	0.02715	0.02169	0.00987	0.00753	0.00247	0.00598	0.00818	0.00793	0.01195
18	0.02746	0.02070	0.02146	0.01682	0.02248	0.05661	0.01375	0.54713	0.09667	0.07192	0.01921	0.01889	0.01370	0.00897	0.00740	0.00224	0.00813	0.00679	0.00733	0.01234
19	0.01114	0.00833	0.01002	0.00932	0.01144	0.00777	0.00702	0.05134	0.02053	0.02797	0.48279	0.05683	0.21236	0.03879	0.00961	0.00252	0.00395	0.01348	0.00771	0.00708
20	0.01861	0.02023	0.02196	0.01913	0.02004	0.17630	0.01556	0.02034	0.01356	0.01791	0.01050	0.01607	0.01003	0.01336	0.04549	0.00327	0.53989	0.00617	0.00340	0.00818
21	0.01442	0.01093	0.01565	0.31145	0.02842	0.01303	0.01325	0.04328	0.01541	0.02317	0.01783	0.02317	0.01414	0.01206	0.06134	0.00296	0.06412	0.00682	0.30077	0.00778
22	0.03126	0.01250	0.01678	0.01307	0.01851	0.01105	0.01072	0.03504	0.05281	0.62689	0.06789	0.02715	0.02160	0.00958	0.00755	0.00231	0.00613	0.00786	0.00905	0.01226
23	0.01402	0.01319	0.02227	0.72126	0.05113	0.01649	0.02062	0.01897	0.01484	0.01897	0.01319	0.01979	0.00990	0.00742	0.00742	0.00247	0.00990	0.00660	0.00330	0.00825
24	0.01508	0.01468	0.02332	0.47702	0.06955	0.04344	0.07124	0.01942	0.01498	0.01971	0.01433	0.04679	0.01186	0.00860	0.00948	0.00253	0.09319	0.00726	0.02910	0.00841
25	0.01080	0.00720	0.00810	0.00810	0.00810	0.00720	0.00450	0.01080	0.01080	0.01439	0.02339	0.04858	0.02699	0.73910	0.03779	0.00720	0.00720	0.01080	0.00450	0.00450
26	0.01061	0.00795	0.01193	0.01193	0.01326	0.00928	0.00928	0.01326	0.01193	0.01723	0.01988	0.02916	0.01856	0.05568	0.70968	0.01193	0.01988	0.00795	0.00398	0.00663
27	0.01489	0.03840	0.70064	0.02116	0.03213	0.01724	0.02743	0.02351	0.01567	0.02351	0.01332	0.01567	0.00940	0.00705	0.00705	0.00235	0.01097	0.00549	0.00313	0.01097
28	0.02773	0.03538	0.02104	0.01913	0.02295	0.70930	0.01434	0.02964	0.02104	0.01817	0.01148	0.01339	0.00956	0.00765	0.00669	0.00191	0.01339	0.00478	0.00383	0.00861
29	0.00912	0.00689	0.00846	0.00961	0.01074	0.00623	0.00672	0.01074	0.01533	0.01974	0.07099	0.49318	0.23808	0.02159	0.00928	0.00286	0.00422	0.04315	0.00693	0.00616
30	0.01052	0.00757	0.00985	0.00929	0.01097	0.00701	0.00690	0.01388	0.02060	0.02915	0.66208	0.05518	0.06831	0.04433	0.00992	0.00253	0.00365	0.01332	0.00802	0.00690
31	0.01539	0.01319	0.01539	0.01100	0.01759	0.00990	0.00880	0.01869	0.01539	0.02419	0.01319	0.01539	0.01100	0.00550	0.00550	0.00110	0.00550	0.00440	0.00440	0.78449
32	0.05820	0.02272	0.02165	0.01710	0.02267	0.12544	0.01391	0.54709	0.03195	0.04197	0.01658	0.01693	0.01199	0.00864	0.00721	0.00218	0.00885	0.00629	0.00678	0.01184
33	0.01293	0.00971	0.01290	0.01209	0.01321	0.01161	0.00932	0.04020	0.01317	0.01984	0.01920	0.02912	0.01809	0.14590	0.32785	0.00744	0.14667	0.00790	0.13599	0.00686
34	0.01846	0.01595	0.01679	0.01511	0.01930	0.01846	0.01175	0.03945	0.67938	0.03105	0.03022	0.02770	0.02266	0.01007	0.00755	0.00252	0.00588	0.00839	0.00755	0.01175
35	0.00915	0.00728	0.00822	0.00851	0.01040	0.00635	0.00618	0.01119	0.01704	0.02158	0.17963	0.22392	0.42599	0.01918	0.00894	0.00259	0.00384	0.01653	0.00713	0.00635
36	0.01061	0.00792	0.01175	0.01175	0.01301	0.00918	0.00905	0.01314	0.01188	0.01710	0.02005	0.03010	0.01896	0.08845	0.67746	0.01170	0.01928	0.00809	0.00400	0.00653
37	0.01894	0.61497	0.15958	0.01424	0.02144	0.02716	0.01539	0.02246	0.01519	0.01857	0.01087	0.01260	0.00950	0.00648	0.00518	0.00173	0.00849	0.00425	0.00317	0.00979
38	0.01115	0.00775	0.01004	0.00938	0.01129	0.00709	0.00706	0.01456	0.02083	0.05064	0.63838	0.05526	0.09812	0.01516	0.00872	0.00234	0.00360	0.01334	0.00814	0.00715
39	0.01565	0.12747	0.59143	0.02099	0.05500	0.01880	0.02538	0.02332	0.01564	0.02277	0.01296	0.01529	0.00951	0.00695	0.00677	0.00225	0.01051	0.00533	0.00316	0.01082
40	0.01532	0.00835	0.00851	0.00797	0.01013	0.00858	0.00611	0.08450	0.01757	0.02965	0.02356	0.02666	0.01837	0.00868	0.00542	0.00178	0.00395	0.00689	0.70050	0.00751
41	0.01539	0.01319	0.01539	0.01100	0.01759	0.00990	0.00880	0.01869	0.01539	0.02419	0.01319	0.01539	0.01100	0.00550	0.00550	0.00110	0.00550	0.00440	0.00440	0.78449
42	0.01985	0.74357	0.03890	0.01270	0.01905	0.02937	0.01270	0.02223	0.01508	0.01747	0.01032	0.01191	0.00953	0.00635	0.00476	0.00159	0.00794	0.00397	0.00318	0.00953
43	0.01571	0.01564	0.02236	0.01906	0.01950	0.02129	0.03925	0.01756	0.01188	0.01816	0.01347	0.01952	0.04275	0.01466	0.04937	0.00352	0.63769	0.00708	0.00347	0.00804
44	0.02227	0.01577	0.01710	0.01405	0.01827	0.01713	0.01123	0.43507	0.02778	0.03848	0.02297	0.14290	0.02008	0.01133	0.00737	0.00227	0.00664	0.00921	0.14964	0.01044
45	0.01072	0.00720	0.00830	0.00837	0.00845	0.00725	0.00483	0.01090	0.01099	0.01472	0.02394	0.07564	0.02749	0.67709	0.06886	0.00725	0.00769	0.01108	0.00457	0.00466
46	0.01389	0.01296	0.02171	0.69328	0.04944	0.01613	0.01998	0.01865	0.01469	0.01879	0.01359	0.02092	0.01057	0.03613	0.00861	0.00266	0.00979	0.00676	0.00335	0.00810
47	0.01837	0.01764	0.03013	0.04557	0.69279	0.01764	0.02278	0.02278	0.01690	0.02425	0.01396	0.01837	0.01176	0.00661	0.00735	0.00220	0.00882	0.00661	0.00367	0.01176
48	0.01070	0.00721	0.00807	0.00807	0.00819	0.00715	0.00455	0.01079	0.01109	0.01467	0.02588	0.04968	0.05879	0.70455	0.03639	0.00697	0.00703	0.01103	0.00461	0.00458
49	0.01893	0.01618	0.01705	0.01520	0.01948	0.01868	0.01186	0.06960	0.64847	0.03181	0.02962	0.02722	0.02218	0.01002	0.00755	0.00250	0.00599	0.00831	0.00755	0.01179
50	0.01736	0.42401	0.29671	0.01582	0.02372	0.02331	0.01814	0.02225	0.01566	0.02056	0.05116	0.01593	0.01302	0.00714	0.00589	0.00193	0.00887	0.00512	0.00345	0.00995
51	0.01985	0.74357	0.03890	0.01270	0.01905	0.02937	0.01270	0.02223	0.01508	0.01747	0.01032	0.01191	0.00953	0.00635	0.00476	0.00159	0.00794	0.00397	0.00318	0.00953
52	0.79154	0.01436	0.01091	0.00976	0.01436	0.01665	0.00804	0.02182	0.01263	0.03331	0.01034	0.01206	0.00804	0.00689	0.00459	0.00230	0.00574	0.00402	0.00459	0.00804
53	0.01440	0.01477	0.02951	0.09174	0.05645	0.01428	0.35946	0.01882	0.01614	0.02173	0.02339	0.25683	0.02370	0.01202	0.00881	0.00266	0.00939	0.01256	0.00475	0.00859
54	0.01064	0.00781	0.01122	0.01122	0.01231	0.00890	0.00840	0.01280	0.01172	0.01671	0.02053	0.03274	0.02011	0.18151	0.58598	0.01106	0.01755	0.00848	0.00407	0.00624
55	0.00923	0.00654	0.00856	0.01010	0.01048	0.00616	0.00663	0.01039	0.01385	0.01846	0.03904	0.66068	0.04673	0.10008	0.01251	0.00346	0.00462	0.02000	0.00663	0.00587
56	0.00910	0.00753	0.00797	0.00786	0.01023	0.00640	0.00590	0.01128	0.01769	0.02187	0.18983	0.06846	0.57402	0.01812	0.00877	0.00247	0.00371	0.01525	0.00713	0.00640
57	0.02531	0.01847	0.01969	0.01555	0.02075	0.02044	0.01270	0.51630	0.10097	0.04262	0.01998	0.02016	0.01453	0.00900	0.00715	0.00219	0.00731	0.00690	0.10821	0.01179
58	0.01080	0.00720	0.00810	0.00810	0.00810	0.00720	0.00450	0.01080	0.01080	0.01439	0.02339	0.04858	0.02699	0.73910	0.03779	0.00720	0.00720	0.01080	0.00450	0.00450
59	0.02822	0.02079	0.02228	0.01708	0.02302	0.02302	0.01411	0.66804	0.03490	0.04679	0.01782	0.01782	0.01262	0.00891	0.00743	0.00223	0.00817	0.00668	0.00743	0.01262
60	0.01418	0.01336	0.02256	0.69617	0.07496	0.01654	0.02070	0.01911	0.01492	0.01916	0.01322	0.01974	0.00997	0.00739	0.00742	0.00246	0.00986	0.00660	0.00331	0.00838
61	0.02775	0.03479	0.02109	0.01904	0.02295	0.68128	0.01433	0.05570	0.02160	0.01934	0.01173	0.01357	0.00969	0.00770	0.00672	0.00193	0.01317	0.00486	0.00397	0.00877
62	0.01674	0.01727	0.02212	0.04658	0.02110	0.09017	0.03923	0.01880	0.01277	0.01809	0.01137	0.01766	0.01076	0.01672	0.09726	0.00402	0.52127	0.00657	0.00341	0.00808
63	0.01732	0.01963	0.04255	0.07162	0.03952	0.01864	0.62812	0.02350	0.01737	0.02350	0.01491	0.02001	0.01118	0.00633	0.00868	0.00250	0.01236	0.00863	0.00373	0.00991
64	0.01797	0.45378	0.28105	0.01722	0.05293	0.02442	0.01853	0.02272	0.01538	0.01997	0.01158	0.01357	0.00958	0.00662	0.00571	0.00189	0.00909	0.00464	0.00318	0.01015
65	0.00910	0.00650	0.00866	0.01030	0.01078	0.00606	0.00690	0.01047	0.01446	0.01934	0.06422	0.70985	0.04985	0.02297	0.00945	0.00299	0.00428	0.02083	0.00694	0.00606
66	0.00907	0.00753	0.00793	0.00783	0.01021	0.00639	0.00588	0.01123	0.01763	0.02173	0.18087	0.06869	0.58307	0.01818	0.00877	0.00248	0.00372	0.01528	0.00711	0.00639
67	0.01051	0.00759	0.00992	0.00934	0.01109	0.00700	0.00700	0.01401	0.02101	0.02977	0.68888	0.05545	0.07005	0.01518	0.00876	0.00233	0.00350	0.01343	0.00817	0.00700
68	0.01061	0.00795	0.01193	0.01193	0.01326	0.00928	0.00928	0.01326	0.01193	0.01723	0.01988	0.02916	0.01856	0.05568	0.70968	0.01193	0.01988	0.00795	0.00398	0.00663
69	0.01402	0.01319	0.02227	0.72126	0.05113	0.01649	0.02062	0.01897	0.01484	0.01897	0.01319	0.01979	0.00990	0.00742	0.00742	0.00247	0.00990	0.00660	0.00330	0.00825
70	0.01539	0.01319	0.01539	0.01100	0.01759	0.00990	0.00880	0.01869	0.01539	0.02419	0.01319	0.01539	0.01100	0.00550	0.00550	0.00110	0.00550	0.00440	0.00440	0.78449
71	0.02085	0.01684	0.02089	0.09254	0.14152	0.01872	0.01506	0.17008	0.32321	0.06561	0.02291	0.02300	0.01707	0.00890	0.00747	0.00238	0.00732	0.00748	0.00650	0.01163
72	0.01289	0.00645	0.00967	0.00967	0.00967	0.00645	0.00645	0.00967	0.00967	0.01289	0.01289	0.02257	0.01289	0.02579	0.02901	0.78401	0.00645	0.00645	0.00322	0.00322
73	0.00912	0.00649	0.00859	0.01025	0.01066	0.00608	0.00679	0.01036	0.01408	0.01877	0.04021	0.70665	0.04821	0.05208	0.01062	0.00318	0.00442	0.02069	0.00679	0.00597
74	0.02478	0.01966	0.02031	0.01647	0.02172	0.04788	0.01329	0.42316	0.26021	0.04017	0.02192	0.02111	0.01602	0.00927	0.00744	0.00232	0.00757	0.00721	0.00733	0.01216
75	0.01072	0.00749	0.00957	0.00957	0.01008	0.00800	0.00634	0.01174	0.01123	0.01549	0.02204	0.04112	0.02375	0.47642	0.29603	0.00902	0.01207	0.00970	0.00430	0.00532
76	0.02726	0.02006	0.02146	0.01661	0.02231	0.02221	0.01367	0.61646	0.06142	0.04539	0.01859	0.01862	0.01330	0.00895	0.00735	0.00222	0.00789	0.00677	0.03712	0.01237
77	0.01529	0.00903	0.00947	0.00888	0.01118	0.00955	0.00683	0.07196	0.08547	0.02896	0.02407	0.02697	0.01886	0.01157	0.04680	0.00245	0.00505	0.00711	0.59265	0.00786
78	0.01795	0.04487	0.02691	0.07041	0.50789	0.03804	0.01975	0.02324	0.06084	0.02441	0.04385	0.02070	0.01507	0.00737	0.00720	0.00219	0.00829	0.00688	0.04319	0.01096
79	0.19776	0.16127	0.29446	0.01755	0.04328	0.02011	0.04366	0.09682	0.01717	0.02736	0.01267	0.01462	0.00962	0.00705	0.00617	0.00218	0.00887	0.00516	0.00401	0.01020

[dist]
# distance from previous block
# <min> <max>
4	8

[block]
# block no. 1 follows, 27 sequences, length 22
# corresponding to MSA columns:
# 104-125
name=unknown_B
#
# <colnr> <probs for GDERKNQSTAVLIFYWHMCP>
#	G	D	E	R	K	N	Q	S	T	A	V	L	I	F	Y	W	H	M	C	P
0	0.00904	0.00646	0.00861	0.01034	0.01077	0.00603	0.00689	0.01034	0.01421	0.01895	0.04092	0.73426	0.04910	0.02326	0.00948	0.00301	0.00431	0.02110	0.00689	0.00603
1	0.01539	0.01319	0.01539	0.01100	0.01759	0.00990	0.00880	0.01869	0.01539	0.02419	0.01319	0.01539	0.01100	0.00550	0.00550	0.00110	0.00550	0.00440	0.00440	0.78449
2	0.01875	0.01518	0.01944	0.12638	0.02494	0.01538	0.04947	0.24116	0.02196	0.03033	0.01906	0.12540	0.01713	0.00969	0.00725	0.00207	0.00733	0.00829	0.00561	0.23515
3	0.01666	0.01577	0.02647	0.23011	0.37846	0.01680	0.05784	0.02245	0.06404	0.02309	0.01677	0.02415	0.01418	0.00805	0.00767	0.00241	0.00898	0.05173	0.00408	0.01032
4	0.03331	0.01263	0.01723	0.01321	0.01895	0.01091	0.01091	0.03618	0.02125	0.69794	0.02929	0.02527	0.01838	0.00919	0.00747	0.00230	0.00632	0.00747	0.00919	0.01263
5	0.01945	0.01864	0.02672	0.23637	0.28918	0.08220	0.06626	0.12434	0.01957	0.02566	0.01419	0.01836	0.01111	0.00729	0.00742	0.00228	0.00972	0.00661	0.00418	0.01045
6	0.01632	0.01555	0.02643	0.36355	0.39082	0.01710	0.02176	0.02099	0.01593	0.02177	0.01360	0.01904	0.01088	0.00699	0.00738	0.00233	0.00933	0.00661	0.00350	0.01011
7	0.01080	0.00720	0.00810	0.00810	0.00810	0.00720	0.00450	0.01080	0.01080	0.01439	0.02339	0.04858	0.02699	0.73910	0.03779	0.00720	0.00720	0.01080	0.00450	0.00450
8	0.01643	0.25695	0.49555	0.01854	0.02808	0.02100	0.02286	0.02311	0.01549	0.02164	0.01239	0.01451	0.00944	0.00684	0.00634	0.00211	0.01003	0.00502	0.00315	0.01052
9	0.02822	0.02079	0.02228	0.01708	0.02302	0.02302	0.01411	0.66804	0.03490	0.04679	0.01782	0.01782	0.01262	0.00891	0.00743	0.00223	0.00817	0.00668	0.00743	0.01262
10	0.01080	0.00720	0.00810	0.00810	0.00810	0.00720	0.00450	0.01080	0.01080	0.01439	0.02339	0.04858	0.02699	0.73910	0.03779	0.00720	0.00720	0.01080	0.00450	0.00450
11	0.01080	0.00720	0.00810	0.00810	0.00810	0.00720	0.00450	0.01080	0.01080	0.01439	0.02339	0.04858	0.02699	0.73910	0.03779	0.00720	0.00720	0.01080	0.00450	0.00450
12	0.01980	0.01777	0.01818	0.01716	0.05578	0.06844	0.01269	0.08114	0.55226	0.03085	0.02715	0.02549	0.02045	0.00963	0.00747	0.00244	0.00673	0.00792	0.00707	0.01158
13	0.01671	0.01994	0.07771	0.02875	0.03565	0.01792	0.55696	0.02257	0.01694	0.02319	0.01658	0.07102	0.01382	0.00779	0.00932	0.00256	0.03955	0.00938	0.00393	0.00971
14	0.00901	0.00661	0.00846	0.00994	0.01066	0.00606	0.00671	0.01038	0.01460	0.01911	0.04580	0.63987	0.14034	0.02262	0.00938	0.00294	0.00423	0.02033	0.00689	0.00606
15	0.01061	0.00795	0.01193	0.01193	0.01326	0.00928	0.00928	0.01326	0.01193	0.01723	0.01988	0.02916	0.01856	0.05568	0.70968	0.01193	0.01988	0.00795	0.00398	0.00663
16	0.02181	0.01537	0.01655	0.01344	0.01770	0.01670	0.01084	0.38630	0.06486	0.03895	0.10629	0.02567	0.02216	0.00972	0.00705	0.00213	0.00627	0.00771	0.20006	0.01043
17	0.01121	0.00857	0.01196	0.06165	0.05337	0.00829	0.00888	0.01487	0.02034	0.02869	0.60216	0.05079	0.06243	0.01413	0.00858	0.00234	0.00426	0.01255	0.00757	0.00737
18	0.02440	0.02105	0.02003	0.01609	0.02150	0.12859	0.01289	0.35469	0.14070	0.03593	0.01821	0.01844	0.01361	0.00837	0.00702	0.00205	0.00817	0.00631	0.00639	0.13557
19	0.00904	0.00646	0.00861	0.01034	0.01077	0.00603	0.00689	0.01034	0.01421	0.01895	0.04092	0.73426	0.04910	0.02326	0.00948	0.00301	0.00431	0.02110	0.00689	0.00603
20	0.03130	0.01290	0.01710	0.01322	0.01890	0.01139	0.01086	0.03548	0.06735	0.61493	0.02849	0.02491	0.01828	0.00905	0.00737	0.00225	0.00624	0.00737	0.00882	0.05379
21	0.02822	0.02079	0.02228	0.01708	0.02302	0.02302	0.01411	0.66804	0.03490	0.04679	0.01782	0.01782	0.01262	0.00891	0.00743	0.00223	0.00817	0.00668	0.00743	0.01262

[dist]
# distance from previous block
# <min> <max>
0	1

[block]
# block no. 2 follows, 27 sequences, length 26
# corresponding to MSA columns:
# 127-152
name=unknown_C
#
# <colnr> <probs for GDERKNQSTAVLIFYWHMCP>
#	G	D	E	R	K	N	Q	S	T	A	V	L	I	F	Y	W	H	M	C	P
0	0.09287	0.01621	0.01744	0.01381	0.01876	0.01739	0.01130	0.38463	0.02700	0.14136	0.02020	0.02043	0.01439	0.00872	0.00674	0.00214	0.00673	0.00662	0.16218	0.01108
1	0.17016	0.03040	0.01924	0.01723	0.02135	0.53014	0.01315	0.07472	0.02048	0.02308	0.01173	0.01346	0.00950	0.00760	0.00636	0.00201	0.01158	0.00478	0.00423	0.00879
2	0.01489	0.03840	0.70064	0.02116	0.03213	0.01724	0.02743	0.02351	0.01567	0.02351	0.01332	0.01567	0.00940	0.00705	0.00705	0.00235	0.01097	0.00549	0.00313	0.01097
3	0.01002	0.00779	0.01178	0.01194	0.01309	0.00730	0.06438	0.01187	0.01492	0.02009	0.09672	0.56889	0.04638	0.06382	0.01104	0.00316	0.00512	0.01871	0.00659	0.00638
4	0.00877	0.00752	0.00752	0.00752	0.01003	0.00627	0.00564	0.01065	0.01692	0.02005	0.07520	0.07144	0.68978	0.01880	0.00877	0.00251	0.00376	0.01567	0.00689	0.00627
5	0.01367	0.00697	0.00718	0.00718	0.00889	0.00704	0.00540	0.01709	0.01538	0.02713	0.02399	0.02775	0.01900	0.01109	0.04179	0.00226	0.00431	0.00697	0.73999	0.00690
6	0.01837	0.01764	0.03013	0.04557	0.69279	0.01764	0.02278	0.02278	0.01690	0.02425	0.01396	0.01837	0.01176	0.00661	0.00735	0.00220	0.00882	0.00661	0.00367	0.01176
7	0.01985	0.74357	0.03890	0.01270	0.01905	0.02937	0.01270	0.02223	0.01508	0.01747	0.01032	0.01191	0.00953	0.00635	0.00476	0.00159	0.00794	0.00397	0.00318	0.00953
8	0.01106	0.00717	0.00799	0.00799	0.00815	0.00717	0.00456	0.01136	0.01121	0.01556	0.02346	0.04675	0.02629	0.67523	0.03493	0.00672	0.00687	0.01046	0.07234	0.00471
9	0.01080	0.00720	0.00810	0.00810	0.00810	0.00720	0.00450	0.01080	0.01080	0.01439	0.02339	0.04858	0.02699	0.73910	0.03779	0.00720	0.00720	0.01080	0.00450	0.00450
10	0.00912	0.00652	0.00868	0.01028	0.01078	0.00608	0.00690	0.01053	0.01457	0.01952	0.07521	0.69833	0.05021	0.02283	0.00944	0.00298	0.00426	0.02070	0.00696	0.00608
11	0.01061	0.00795	0.01193	0.01193	0.01326	0.00928	0.00928	0.01326	0.01193	0.01723	0.01988	0.02916	0.01856	0.05568	0.70968	0.01193	0.01988	0.00795	0.00398	0.00663
12	0.01282	0.00942	0.01245	0.01275	0.01431	0.01003	0.01031	0.01645	0.05412	0.04666	0.11490	0.14518	0.06365	0.07544	0.01337	0.00339	0.08321	0.28777	0.00656	0.00718
13	0.01583	0.05609	0.55433	0.02153	0.05383	0.01787	0.04766	0.04691	0.01628	0.02400	0.01332	0.01590	0.00975	0.00726	0.00777	0.00232	0.04172	0.00564	0.00339	0.03862
14	0.02616	0.02065	0.02183	0.01852	0.06076	0.05835	0.01426	0.50237	0.13052	0.04161	0.01914	0.01911	0.01393	0.00889	0.00740	0.00225	0.00814	0.00684	0.00704	0.01223
15	0.02493	0.02947	0.02224	0.12008	0.02743	0.49210	0.03919	0.08563	0.02086	0.02109	0.01236	0.01508	0.00996	0.00791	0.00771	0.00210	0.04343	0.00544	0.00405	0.00895
16	0.01651	0.01783	0.03653	0.24007	0.07992	0.01802	0.43458	0.02227	0.01668	0.02236	0.01441	0.01986	0.01088	0.00663	0.00828	0.00248	0.01151	0.00799	0.00361	0.00958
17	0.01078	0.00727	0.00849	0.00849	0.00862	0.00741	0.00499	0.01105	0.01091	0.01468	0.02303	0.04660	0.02613	0.66927	0.10644	0.00768	0.00849	0.01051	0.00444	0.00472
18	0.79154	0.01436	0.01091	0.00976	0.01436	0.01665	0.00804	0.02182	0.01263	0.03331	0.01034	0.01206	0.00804	0.00689	0.00459	0.00230	0.00574	0.00402	0.00459	0.00804
19	0.00920	0.00674	0.00864	0.00985	0.01071	0.00618	0.00674	0.01084	0.01542	0.02046	0.12744	0.56307	0.13407	0.02166	0.00929	0.00286	0.00413	0.01943	0.00705	0.00618
20	0.01080	0.00720	0.00810	0.00810	0.00810	0.00720	0.00450	0.01080	0.01080	0.01439	0.02339	0.04858	0.02699	0.73910	0.03779	0.00720	0.00720	0.01080	0.00450	0.00450
21	0.03131	0.01219	0.01659	0.01287	0.01826	0.01057	0.01057	0.03424	0.02123	0.63951	0.08697	0.02791	0.02290	0.00971	0.00758	0.00230	0.00607	0.00799	0.00910	0.01214
22	0.01846	0.01595	0.01679	0.01511	0.01930	0.01846	0.01175	0.03945	0.67938	0.03105	0.03022	0.02770	0.02266	0.01007	0.00755	0.00252	0.00588	0.00839	0.00755	0.01175
23	0.02822	0.02079	0.02228	0.01708	0.02302	0.02302	0.01411	0.66804	0.03490	0.04679	0.01782	0.01782	0.01262	0.00891	0.00743	0.00223	0.00817	0.00668	0.00743	0.01262
24	0.01846	0.01595	0.01679	0.01511	0.01930	0.01846	0.01175	0.03945	0.67938	0.03105	0.03022	0.02770	0.02266	0.01007	0.00755	0.00252	0.00588	0.00839	0.00755	0.01175
25	0.02952	0.01332	0.01721	0.01313	0.01898	0.01171	0.01078	0.07085	0.04314	0.52446	0.02595	0.02326	0.01695	0.00859	0.00714	0.00210	0.00628	0.00694	0.00823	0.14148

[dist]
# distance from previous block
# <min> <max>
6	8

[block]
# block no. 3 follows, 27 sequences, length 97
# corresponding to MSA columns:
# 162-180,216-293
name=unknown_D
#
# <colnr> <probs for GDERKNQSTAVLIFYWHMCP>
#	G	D	E	R	K	N	Q	S	T	A	V	L	I	F	Y	W	H	M	C	P
0	0.06000	0.01490	0.01510	0.01324	0.01700	0.05071	0.01036	0.14262	0.26953	0.03190	0.18424	0.03540	0.10061	0.01167	0.00773	0.00238	0.00589	0.00960	0.00725	0.00986
1	0.61657	0.05270	0.01350	0.01068	0.01553	0.06337	0.00878	0.02203	0.01363	0.03049	0.01072	0.01250	0.00854	0.00676	0.00484	0.00211	0.00634	0.00411	0.00445	0.09235
2	0.68153	0.06542	0.06420	0.01081	0.01600	0.01756	0.00980	0.02198	0.01303	0.03151	0.01056	0.01232	0.00824	0.00687	0.00479	0.00225	0.00628	0.00413	0.00439	0.00836
3	0.03331	0.01263	0.01723	0.01321	0.01895	0.01091	0.01091	0.03618	0.02125	0.69794	0.02929	0.02527	0.01838	0.00919	0.00747	0.00230	0.00632	0.00747	0.00919	0.01263
4	0.01054	0.00823	0.00965	0.00929	0.01143	0.00771	0.00696	0.01491	0.07674	0.02605	0.39104	0.09540	0.27179	0.01638	0.00870	0.00245	0.00384	0.01415	0.00762	0.00712
5	0.01584	0.01611	0.02911	0.02164	0.02720	0.01531	0.32219	0.02013	0.01578	0.02266	0.01655	0.09344	0.01498	0.00866	0.00982	0.00224	0.09832	0.00850	0.00421	0.23729
6	0.74990	0.01471	0.01153	0.01016	0.01483	0.01700	0.00837	0.05708	0.01385	0.03404	0.01075	0.01237	0.00829	0.00700	0.00475	0.00229	0.00588	0.00417	0.00475	0.00829
7	0.01031	0.00758	0.00966	0.00914	0.01097	0.00692	0.00685	0.01364	0.02056	0.02869	0.62060	0.05723	0.13900	0.01558	0.00876	0.00235	0.00353	0.01368	0.00803	0.00692
8	0.01539	0.01319	0.01539	0.01100	0.01759	0.00990	0.00880	0.01869	0.01539	0.02419	0.01319	0.01539	0.01100	0.00550	0.00550	0.00110	0.00550	0.00440	0.00440	0.78449
9	0.02732	0.02013	0.02175	0.01682	0.02252	0.02232	0.01386	0.63441	0.03372	0.04527	0.01793	0.01841	0.01293	0.01131	0.04349	0.00273	0.00877	0.00675	0.00725	0.01232
10	0.00921	0.00752	0.00801	0.00790	0.01013	0.00646	0.00584	0.01130	0.01739	0.02163	0.19015	0.06722	0.53737	0.05470	0.01024	0.00271	0.00389	0.01499	0.00702	0.00632
11	0.01596	0.19004	0.55833	0.01934	0.02932	0.01985	0.02426	0.02323	0.01555	0.02221	0.01268	0.01486	0.00943	0.00690	0.00656	0.00219	0.01032	0.00516	0.00314	0.01066
12	0.01810	0.01726	0.02890	0.08761	0.61455	0.01761	0.02204	0.02345	0.05291	0.02428	0.01480	0.01897	0.01223	0.00686	0.00737	0.00224	0.00873	0.00671	0.00386	0.01153
13	0.00879	0.00747	0.00758	0.00767	0.01007	0.00625	0.00570	0.01064	0.01678	0.02000	0.07344	0.10548	0.65688	0.01903	0.00881	0.00253	0.00379	0.01595	0.00689	0.00625
14	0.01846	0.01595	0.01679	0.01511	0.01930	0.01846	0.01175	0.03945	0.67938	0.03105	0.03022	0.02770	0.02266	0.01007	0.00755	0.00252	0.00588	0.00839	0.00755	0.01175
15	0.01069	0.00721	0.00807	0.00807	0.00819	0.00715	0.00456	0.01079	0.01111	0.01468	0.02602	0.04974	0.06066	0.70251	0.03631	0.00696	0.00702	0.01104	0.00462	0.00459
16	0.01511	0.01471	0.02032	0.01758	0.01794	0.01992	0.01452	0.01695	0.01278	0.01928	0.08644	0.02426	0.06362	0.01363	0.02162	0.00310	0.59846	0.00787	0.00403	0.00787
17	0.00904	0.00646	0.00861	0.01034	0.01077	0.00603	0.00689	0.01034	0.01421	0.01895	0.04092	0.73426	0.04910	0.02326	0.00948	0.00301	0.00431	0.02110	0.00689	0.00603
18	0.00918	0.00660	0.00859	0.01004	0.01061	0.00614	0.00671	0.01053	0.01446	0.01922	0.06857	0.63732	0.08174	0.05906	0.01085	0.00317	0.00439	0.01998	0.00682	0.00600
19	0.01402	0.01319	0.02227	0.72126	0.05113	0.01649	0.02062	0.01897	0.01484	0.01897	0.01319	0.01979	0.00990	0.00742	0.00742	0.00247	0.00990	0.00660	0.00330	0.00825
20	0.00904	0.00646	0.00861	0.01034	0.01077	0.00603	0.00689	0.01034	0.01421	0.01895	0.04092	0.73426	0.04910	0.02326	0.00948	0.00301	0.00431	0.02110	0.00689	0.00603
21	0.04710	0.16061	0.53555	0.01886	0.02848	0.01905	0.02344	0.02293	0.01561	0.02303	0.03289	0.01606	0.01119	0.00717	0.00660	0.00221	0.01000	0.00540	0.00335	0.01048
22	0.01985	0.74357	0.03890	0.01270	0.01905	0.02937	0.01270	0.02223	0.01508	0.01747	0.01032	0.01191	0.00953	0.00635	0.00476	0.00159	0.00794	0.00397	0.00318	0.00953
23	0.79154	0.01436	0.01091	0.00976	0.01436	0.01665	0.00804	0.02182	0.01263	0.03331	0.01034	0.01206	0.00804	0.00689	0.00459	0.00230	0.00574	0.00402	0.00459	0.00804
24	0.01540	0.06804	0.14106	0.01218	0.01647	0.01112	0.01154	0.01931	0.01861	0.12696	0.33257	0.04046	0.07046	0.07141	0.01032	0.00268	0.00595	0.01024	0.00667	0.00854
25	0.00995	0.00823	0.00986	0.03205	0.04631	0.00739	0.00739	0.01255	0.01810	0.02320	0.25745	0.06227	0.44522	0.01672	0.00865	0.00244	0.00413	0.01424	0.00701	0.00683
26	0.00904	0.00646	0.00861	0.01034	0.01077	0.00603	0.00689	0.01034	0.01421	0.01895	0.04092	0.73426	0.04910	0.02326	0.00948	0.00301	0.00431	0.02110	0.00689	0.00603
27	0.04757	0.71738	0.03790	0.01260	0.01888	0.02892	0.01253	0.02221	0.01500	0.01803	0.01032	0.01191	0.00947	0.00637	0.00476	0.00161	0.00786	0.00397	0.00323	0.00947
28	0.01639	0.02980	0.44348	0.04920	0.13563	0.01662	0.08394	0.02347	0.01654	0.05842	0.04587	0.01899	0.01325	0.00741	0.00737	0.00234	0.01015	0.00648	0.00383	0.01081
29	0.01607	0.01529	0.02598	0.40229	0.35403	0.01703	0.02164	0.02077	0.01582	0.02146	0.01356	0.01912	0.01078	0.00704	0.00739	0.00235	0.00939	0.00661	0.00348	0.00990
30	0.01241	0.00846	0.01074	0.00981	0.01193	0.00801	0.00746	0.05060	0.02157	0.05432	0.60342	0.05127	0.06313	0.01437	0.00850	0.00230	0.00386	0.01260	0.03774	0.00751
31	0.01080	0.00720	0.00810	0.00810	0.00810	0.00720	0.00450	0.01080	0.01080	0.01439	0.02339	0.04858	0.02699	0.73910	0.03779	0.00720	0.00720	0.01080	0.00450	0.00450
32	0.01500	0.01333	0.01919	0.06901	0.02002	0.01670	0.05415	0.03963	0.01454	0.02184	0.07248	0.09631	0.02040	0.01263	0.01591	0.00279	0.36272	0.00881	0.11663	0.00792
33	0.02508	0.03097	0.02143	0.01921	0.02215	0.55101	0.01478	0.02693	0.01881	0.01810	0.01108	0.01405	0.00960	0.00888	0.01077	0.00222	0.17757	0.00518	0.00369	0.00849
34	0.01985	0.74357	0.03890	0.01270	0.01905	0.02937	0.01270	0.02223	0.01508	0.01747	0.01032	0.01191	0.00953	0.00635	0.00476	0.00159	0.00794	0.00397	0.00318	0.00953
35	0.01089	0.00741	0.00918	0.00918	0.00967	0.00781	0.00596	0.01186	0.01138	0.01592	0.02238	0.04171	0.02406	0.49752	0.23715	0.00834	0.01080	0.00975	0.04376	0.00526
36	0.01002	0.00757	0.00925	0.00883	0.01079	0.00680	0.00662	0.01306	0.01986	0.02703	0.51612	0.05995	0.24451	0.01620	0.00876	0.00238	0.00357	0.01406	0.00781	0.00680
37	0.02773	0.03538	0.02104	0.01913	0.02295	0.70930	0.01434	0.02964	0.02104	0.01817	0.01148	0.01339	0.00956	0.00765	0.00669	0.00191	0.01339	0.00478	0.00383	0.00861
38	0.00933	0.00672	0.00883	0.01027	0.01090	0.00621	0.00686	0.01064	0.01412	0.01895	0.03928	0.68286	0.04693	0.05060	0.01044	0.00311	0.00446	0.02013	0.00671	0.03263
39	0.02895	0.01397	0.01694	0.01365	0.01881	0.03957	0.01104	0.03557	0.15767	0.50201	0.05951	0.02671	0.02133	0.00959	0.00751	0.00233	0.00637	0.00783	0.00859	0.01203
40	0.01583	0.01564	0.02195	0.01894	0.01904	0.02176	0.01573	0.01753	0.01141	0.01782	0.01048	0.01718	0.01039	0.01611	0.07437	0.00388	0.67403	0.00660	0.00330	0.00801
41	0.02788	0.03104	0.02141	0.01852	0.02297	0.50521	0.01427	0.21950	0.02516	0.02668	0.01336	0.01471	0.01047	0.00803	0.00691	0.00201	0.01184	0.00535	0.00490	0.00980
42	0.01283	0.00954	0.01226	0.01280	0.01514	0.00943	0.01085	0.05152	0.04463	0.02453	0.10277	0.07085	0.10185	0.01809	0.00949	0.00302	0.00620	0.43375	0.00692	0.04354
43	0.79154	0.01436	0.01091	0.00976	0.01436	0.01665	0.00804	0.02182	0.01263	0.03331	0.01034	0.01206	0.00804	0.00689	0.00459	0.00230	0.00574	0.00402	0.00459	0.00804
44	0.01713	0.00906	0.01205	0.01046	0.01338	0.00814	0.00814	0.02045	0.02108	0.22400	0.49714	0.04668	0.05503	0.01344	0.00838	0.00232	0.00432	0.01169	0.00847	0.00864
45	0.01079	0.00723	0.00827	0.00827	0.00833	0.00729	0.00471	0.01090	0.01085	0.01452	0.02324	0.04772	0.02662	0.70885	0.06752	0.00741	0.00776	0.01067	0.00448	0.00459
46	0.00926	0.00661	0.00886	0.01058	0.01110	0.00621	0.00726	0.01070	0.01442	0.01919	0.04080	0.68679	0.04863	0.02306	0.00953	0.00304	0.00449	0.06647	0.00689	0.00609
47	0.01061	0.00795	0.01193	0.01193	0.01326	0.00928	0.00928	0.01326	0.01193	0.01723	0.01988	0.02916	0.01856	0.05568	0.70968	0.01193	0.01988	0.00795	0.00398	0.00663
48	0.01985	0.74357	0.03890	0.01270	0.01905	0.02937	0.01270	0.02223	0.01508	0.01747	0.01032	0.01191	0.00953	0.00635	0.00476	0.00159	0.00794	0.00397	0.00318	0.00953
49	0.01985	0.74357	0.03890	0.01270	0.01905	0.02937	0.01270	0.02223	0.01508	0.01747	0.01032	0.01191	0.00953	0.00635	0.00476	0.00159	0.00794	0.00397	0.00318	0.00953
50	0.00904	0.00646	0.00861	0.01034	0.01077	0.00603	0.00689	0.01034	0.01421	0.01895	0.04092	0.73426	0.04910	0.02326	0.00948	0.00301	0.00431	0.02110	0.00689	0.00603
51	0.00904	0.00646	0.00861	0.01034	0.01077	0.00603	0.00689	0.01034	0.01421	0.01895	0.04092	0.73426	0.04910	0.02326	0.00948	0.00301	0.00431	0.02110	0.00689	0.00603
52	0.03307	0.01301	0.01746	0.01339	0.01914	0.01148	0.01106	0.06562	0.02188	0.66760	0.02875	0.02492	0.01811	0.00918	0.00746	0.00229	0.00640	0.00743	0.00911	0.01263
53	0.00900	0.00753	0.00783	0.00775	0.01016	0.00636	0.00581	0.01108	0.01744	0.02130	0.15360	0.06940	0.61061	0.01834	0.00877	0.00248	0.00373	0.01538	0.00706	0.00636
54	0.01142	0.00765	0.01007	0.00971	0.01144	0.00703	0.00719	0.01450	0.01983	0.06218	0.54096	0.17337	0.06371	0.01629	0.00882	0.00245	0.00379	0.01447	0.00800	0.00712
55	0.02822	0.02079	0.02228	0.01708	0.02302	0.02302	0.01411	0.66804	0.03490	0.04679	0.01782	0.01782	0.01262	0.00891	0.00743	0.00223	0.00817	0.00668	0.00743	0.01262
56	0.00903	0.00650	0.00857	0.01023	0.01074	0.00604	0.00684	0.01035	0.01432	0.01899	0.04223	0.70888	0.07363	0.02309	0.00945	0.00300	0.00429	0.02090	0.00689	0.00604
57	0.01402	0.01319	0.02227	0.72126	0.05113	0.01649	0.02062	0.01897	0.01484	0.01897	0.01319	0.01979	0.00990	0.00742	0.00742	0.00247	0.00990	0.00660	0.00330	0.00825
58	0.01150	0.00929	0.01203	0.01193	0.01325	0.04503	0.00908	0.01386	0.01229	0.01701	0.01979	0.03023	0.01891	0.11935	0.60855	0.01096	0.01832	0.00807	0.00402	0.00652
59	0.01752	0.02003	0.04380	0.03129	0.03880	0.01877	0.66583	0.02378	0.01752	0.02378	0.01502	0.02003	0.01126	0.00626	0.00876	0.00250	0.01252	0.00876	0.00375	0.01001
60	0.01646	0.01478	0.01926	0.20610	0.10351	0.01706	0.01505	0.02920	0.35463	0.02579	0.02656	0.02747	0.06819	0.00973	0.00815	0.00249	0.03129	0.00820	0.00579	0.01028
61	0.00887	0.00747	0.00769	0.00776	0.01012	0.00629	0.00577	0.01079	0.01696	0.02045	0.10192	0.10686	0.62596	0.01888	0.00881	0.00253	0.00378	0.01586	0.00695	0.00629
62	0.01629	0.01640	0.02361	0.01998	0.02029	0.02257	0.04309	0.01811	0.01162	0.01811	0.00996	0.01640	0.00981	0.01271	0.02372	0.00322	0.69604	0.00659	0.00327	0.00820
63	0.00889	0.00734	0.00781	0.00809	0.01020	0.00625	0.00591	0.01073	0.01661	0.02025	0.09352	0.18746	0.55243	0.01944	0.00890	0.00259	0.00385	0.01654	0.00694	0.00625
64	0.00902	0.00656	0.00851	0.01008	0.01070	0.00605	0.00678	0.01037	0.01446	0.01905	0.04407	0.67336	0.10796	0.02285	0.00941	0.00297	0.00426	0.02060	0.00689	0.00605
65	0.01752	0.02003	0.04380	0.03129	0.03880	0.01877	0.66583	0.02378	0.01752	0.02378	0.01502	0.02003	0.01126	0.00626	0.00876	0.00250	0.01252	0.00876	0.00375	0.01001
66	0.00877	0.00752	0.00752	0.00752	0.01003	0.00627	0.00564	0.01065	0.01692	0.02005	0.07520	0.07144	0.68978	0.01880	0.00877	0.00251	0.00376	0.01567	0.00689	0.00627
67	0.01402	0.01319	0.02227	0.72126	0.05113	0.01649	0.02062	0.01897	0.01484	0.01897	0.01319	0.01979	0.00990	0.00742	0.00742	0.00247	0.00990	0.00660	0.00330	0.00825
68	0.01931	0.66674	0.11100	0.01362	0.02048	0.02805	0.01431	0.02237	0.01515	0.01812	0.01065	0.01232	0.00951	0.00643	0.00501	0.00167	0.00827	0.00413	0.00317	0.00968
69	0.02842	0.02047	0.02208	0.01693	0.02286	0.02254	0.01398	0.64297	0.03436	0.07262	0.01828	0.01812	0.01285	0.00892	0.00743	0.00223	0.00810	0.00671	0.00750	0.01263
70	0.79154	0.01436	0.01091	0.00976	0.01436	0.01665	0.00804	0.02182	0.01263	0.03331	0.01034	0.01206	0.00804	0.00689	0.00459	0.00230	0.00574	0.00402	0.00459	0.00804
71	0.02330	0.13667	0.02380	0.01794	0.02132	0.40257	0.01433	0.02663	0.06677	0.01895	0.01230	0.01486	0.01057	0.00882	0.01040	0.00221	0.17052	0.00531	0.00387	0.00887
72	0.00902	0.00655	0.00853	0.01011	0.01071	0.00605	0.00679	0.01036	0.01443	0.01904	0.04367	0.68111	0.10047	0.02290	0.00942	0.00297	0.00426	0.02067	0.00689	0.00605
73	0.01051	0.00759	0.00992	0.00934	0.01109	0.00700	0.00700	0.01401	0.02101	0.02977	0.68888	0.05545	0.07005	0.01518	0.00876	0.00233	0.00350	0.01343	0.00817	0.00700
74	0.01972	0.71840	0.03834	0.01294	0.01907	0.02914	0.01282	0.02208	0.01496	0.01748	0.01030	0.01206	0.00953	0.00658	0.00544	0.00165	0.03277	0.00406	0.00318	0.00948
75	0.01445	0.00847	0.01112	0.00995	0.01243	0.00766	0.00764	0.01778	0.02090	0.14699	0.54929	0.05075	0.08468	0.01426	0.00853	0.00233	0.00401	0.01246	0.00830	0.00797
76	0.01402	0.01319	0.02227	0.72126	0.05113	0.01649	0.02062	0.01897	0.01484	0.01897	0.01319	0.01979	0.00990	0.00742	0.00742	0.00247	0.00990	0.00660	0.00330	0.00825
77	0.03310	0.01297	0.01744	0.01337	0.01912	0.01141	0.01104	0.06230	0.02181	0.67102	0.02881	0.02496	0.01814	0.00918	0.00746	0.00229	0.00639	0.00743	0.00912	0.01263
78	0.00877	0.00752	0.00752	0.00752	0.01003	0.00627	0.00564	0.01065	0.01692	0.02005	0.07520	0.07144	0.68978	0.01880	0.00877	0.00251	0.00376	0.01567	0.00689	0.00627
79	0.79154	0.01436	0.01091	0.00976	0.01436	0.01665	0.00804	0.02182	0.01263	0.03331	0.01034	0.01206	0.00804	0.00689	0.00459	0.00230	0.00574	0.00402	0.00459	0.00804
80	0.01931	0.04631	0.25728	0.01625	0.02278	0.01532	0.01675	0.04686	0.14752	0.16727	0.02122	0.02239	0.01563	0.01669	0.13084	0.00403	0.01036	0.00690	0.00557	0.01071
81	0.01075	0.00737	0.00895	0.00895	0.00925	0.00766	0.00557	0.01135	0.01105	0.01503	0.02261	0.04424	0.02510	0.58627	0.18804	0.00826	0.01003	0.01016	0.00438	0.00497
82	0.01384	0.00692	0.00692	0.00692	0.00865	0.00692	0.00519	0.01730	0.01557	0.02768	0.02422	0.02768	0.01903	0.00865	0.00519	0.00173	0.00346	0.00692	0.78031	0.00692
83	0.01416	0.01347	0.02314	0.69330	0.05063	0.01659	0.04676	0.01916	0.01495	0.01916	0.01327	0.01980	0.00995	0.00737	0.00748	0.00248	0.01000	0.00669	0.00332	0.00832
84	0.01512	0.07125	0.66981	0.02077	0.03152	0.01781	0.02674	0.02345	0.01565	0.02323	0.01318	0.01550	0.00941	0.00702	0.00695	0.00232	0.01083	0.00542	0.00314	0.01090
85	0.01985	0.74357	0.03890	0.01270	0.01905	0.02937	0.01270	0.02223	0.01508	0.01747	0.01032	0.01191	0.00953	0.00635	0.00476	0.00159	0.00794	0.00397	0.00318	0.00953
86	0.01985	0.74357	0.03890	0.01270	0.01905	0.02937	0.01270	0.02223	0.01508	0.01747	0.01032	0.01191	0.00953	0.00635	0.00476	0.00159	0.00794	0.00397	0.00318	0.00953
87	0.01508	0.03705	0.65252	0.02190	0.03262	0.01735	0.07420	0.02353	0.01581	0.02353	0.01345	0.01599	0.00954	0.00699	0.00718	0.00236	0.01108	0.00573	0.00318	0.01090
88	0.00904	0.00646	0.00861	0.01034	0.01077	0.00603	0.00689	0.01034	0.01421	0.01895	0.04092	0.73426	0.04910	0.02326	0.00948	0.00301	0.00431	0.02110	0.00689	0.00603
89	0.01080	0.00720	0.00810	0.00810	0.00810	0.00720	0.00450	0.01080	0.01080	0.01439	0.02339	0.04858	0.02699	0.73910	0.03779	0.00720	0.00720	0.01080	0.00450	0.00450
90	0.00907	0.00658	0.00857	0.01008	0.01072	0.00608	0.00679	0.01048	0.01465	0.01939	0.06486	0.65847	0.10160	0.02263	0.00940	0.00295	0.00424	0.02041	0.00693	0.00608
91	0.02697	0.03417	0.02063	0.01881	0.02252	0.67832	0.01412	0.02892	0.02063	0.01813	0.01185	0.01409	0.00996	0.00978	0.03781	0.00236	0.01368	0.00492	0.00383	0.00852
92	0.02822	0.02079	0.02228	0.01708	0.02302	0.02302	0.01411	0.66804	0.03490	0.04679	0.01782	0.01782	0.01262	0.00891	0.00743	0.00223	0.00817	0.00668	0.00743	0.01262
93	0.02738	0.02613	0.02183	0.01800	0.02280	0.28582	0.01432	0.38810	0.02831	0.03425	0.01495	0.01604	0.01130	0.00865	0.00807	0.00216	0.04930	0.00594	0.00582	0.01084
94	0.02681	0.01620	0.01877	0.01492	0.02006	0.01695	0.01214	0.34348	0.07493	0.24531	0.04381	0.06153	0.01910	0.01195	0.03605	0.00271	0.00755	0.00809	0.00784	0.01179
95	0.01752	0.02003	0.04380	0.03129	0.03880	0.01877	0.66583	0.02378	0.01752	0.02378	0.01502	0.02003	0.01126	0.00626	0.00876	0.00250	0.01252	0.00876	0.00375	0.01001
96	0.07588	0.03769	0.01458	0.06640	0.01759	0.05007	0.00987	0.09580	0.01903	0.14541	0.09902	0.08438	0.02438	0.03606	0.03538	0.00274	0.00671	0.00860	0.16160	0.00880

[dist]
# distance from previous block
# <min> <max>
1	65

[block]
# block no. 4 follows, 27 sequences, length 27
# corresponding to MSA columns:
# 361-387
name=unknown_E
#
# <colnr> <probs for GDERKNQSTAVLIFYWHMCP>
#	G	D	E	R	K	N	Q	S	T	A	V	L	I	F	Y	W	H	M	C	P
0	0.01655	0.01901	0.05772	0.02473	0.03040	0.07148	0.41240	0.02130	0.01675	0.02218	0.01906	0.14889	0.01786	0.00978	0.00926	0.00252	0.04442	0.01028	0.00431	0.04109
1	0.01568	0.01566	0.07013	0.01255	0.01833	0.03444	0.01079	0.04987	0.04034	0.02502	0.06186	0.04741	0.04427	0.00813	0.00703	0.00162	0.03312	0.00650	0.00493	0.49230
2	0.02256	0.05852	0.05846	0.01676	0.02162	0.21464	0.04220	0.13439	0.08986	0.07971	0.01915	0.02045	0.03848	0.01191	0.05650	0.00281	0.03912	0.00654	0.00532	0.06099
3	0.07046	0.04037	0.02219	0.01663	0.02233	0.01688	0.11485	0.19723	0.10174	0.06305	0.01939	0.02396	0.01558	0.00860	0.00718	0.00213	0.00761	0.05821	0.00589	0.18570
4	0.04981	0.10427	0.33815	0.01858	0.02617	0.13835	0.05009	0.06574	0.03599	0.02458	0.06746	0.01859	0.01489	0.00789	0.00691	0.00220	0.01003	0.00609	0.00415	0.01006
5	0.08663	0.06755	0.02015	0.01686	0.02100	0.43589	0.01304	0.05329	0.11830	0.04780	0.01533	0.01653	0.01217	0.00976	0.03262	0.00241	0.01114	0.00550	0.00475	0.00931
6	0.02370	0.01717	0.01857	0.01463	0.01957	0.01848	0.01185	0.47682	0.02929	0.04037	0.05088	0.04481	0.01760	0.03172	0.00809	0.00228	0.00707	0.00747	0.09761	0.06203
7	0.01070	0.00716	0.00813	0.00822	0.00824	0.00713	0.00463	0.01077	0.01098	0.01465	0.02436	0.08649	0.02821	0.69953	0.03622	0.00697	0.00704	0.01137	0.00463	0.00458
8	0.00962	0.00724	0.00974	0.01107	0.01147	0.00737	0.00764	0.01094	0.01399	0.01886	0.03842	0.67680	0.04595	0.02244	0.01067	0.00303	0.06202	0.01994	0.00660	0.00620
9	0.02822	0.02079	0.02228	0.01708	0.02302	0.02302	0.01411	0.66804	0.03490	0.04679	0.01782	0.01782	0.01262	0.00891	0.00743	0.00223	0.00817	0.00668	0.00743	0.01262
10	0.79154	0.01436	0.01091	0.00976	0.01436	0.01665	0.00804	0.02182	0.01263	0.03331	0.01034	0.01206	0.00804	0.00689	0.00459	0.00230	0.00574	0.00402	0.00459	0.00804
11	0.00888	0.00735	0.00779	0.00804	0.01019	0.00626	0.00589	0.01073	0.01665	0.02025	0.09323	0.17611	0.56432	0.01937	0.00888	0.00258	0.00384	0.01645	0.00694	0.00626
