[name]
unknown

[dist]
# distance from previous block
# <min> <max>
11	32

[block]
# block no. 0 follows, 29 sequences, length 7
# corresponding to MSA columns:
# 32-38
name=unknown_A
#
# <colnr> <probs for GDERKNQSTAVLIFYWHMCP>
#	G	D	E	R	K	N	Q	S	T	A	V	L	I	F	Y	W	H	M	C	P
0	0.00891	0.00638	0.00847	0.00976	0.01038	0.00594	0.00663	0.01050	0.01471	0.01989	0.14844	0.63103	0.05041	0.02103	0.00897	0.00278	0.00400	0.01903	0.00681	0.00594
1	0.00888	0.00631	0.00832	0.00971	0.01019	0.00592	0.00647	0.01018	0.01386	0.01860	0.08290	0.65387	0.04710	0.06815	0.01077	0.00310	0.00426	0.01912	0.00655	0.00575
2	0.01771	0.01910	0.09067	0.16503	0.12554	0.07572	0.11617	0.12920	0.01816	0.02402	0.01486	0.03928	0.01241	0.04750	0.02917	0.00278	0.05220	0.00703	0.00413	0.00932
3	0.01815	0.01923	0.02352	0.11779	0.10936	0.15415	0.08691	0.02405	0.12679	0.02078	0.01438	0.01796	0.01177	0.00886	0.01167	0.00245	0.21261	0.00647	0.00401	0.00909
4	0.01357	0.00922	0.01113	0.01041	0.01219	0.01001	0.00778	0.12318	0.01573	0.02288	0.02148	0.07143	0.02029	0.17474	0.27217	0.00642	0.01056	0.00850	0.17140	0.00692
5	0.02507	0.01364	0.01701	0.01427	0.05032	0.01285	0.01096	0.11001	0.11164	0.36625	0.02524	0.02342	0.04095	0.00853	0.00690	0.00204	0.00611	0.00695	0.00731	0.14053
6	0.02805	0.04498	0.01910	0.01625	0.08483	0.04288	0.01203	0.09337	0.05557	0.46591	0.02371	0.02173	0.01577	0.00830	0.00695	0.00212	0.00676	0.00671	0.00746	0.03750

[dist]
# distance from previous block
# <min> <max>
0	1

[block]
# block no. 1 follows, 29 sequences, length 21
# corresponding to MSA columns:
# 40-60
name=unknown_B
#
# <colnr> <probs for GDERKNQSTAVLIFYWHMCP>
#	G	D	E	R	K	N	Q	S	T	A	V	L	I	F	Y	W	H	M	C	P
0	0.01857	0.01438	0.01549	0.03836	0.01844	0.04119	0.01085	0.08014	0.40088	0.10151	0.06899	0.08290	0.05509	0.01094	0.00745	0.00237	0.00591	0.00917	0.00709	0.01027
1	0.01716	0.01766	0.02904	0.18144	0.34931	0.06970	0.16278	0.02166	0.01618	0.02167	0.01325	0.01780	0.01062	0.00647	0.00725	0.00217	0.00967	0.00658	0.00350	0.03607
2	0.02732	0.01955	0.02112	0.01619	0.02188	0.02149	0.01338	0.64852	0.03281	0.07889	0.01766	0.01746	0.01239	0.00856	0.00713	0.00214	0.00774	0.00645	0.00721	0.01211
3	0.00953	0.00663	0.00831	0.00936	0.01027	0.00607	0.00635	0.01083	0.01408	0.04118	0.04353	0.54581	0.16278	0.07636	0.01097	0.00309	0.00431	0.01811	0.00651	0.00592
4	0.02102	0.01582	0.01788	0.11279	0.02322	0.04253	0.01266	0.17940	0.28669	0.12035	0.02309	0.04965	0.01745	0.00919	0.00716	0.00227	0.00691	0.00753	0.00661	0.03778
5	0.04923	0.05095	0.18008	0.02728	0.28380	0.11979	0.01903	0.04311	0.11356	0.02387	0.01497	0.01714	0.01176	0.00712	0.00673	0.00213	0.00900	0.00590	0.00408	0.01047
6	0.01674	0.01445	0.01518	0.01373	0.01759	0.01649	0.01066	0.03496	0.62208	0.02869	0.03347	0.03093	0.09259	0.01053	0.00737	0.00241	0.00542	0.00878	0.00718	0.01072
7	0.01763	0.01679	0.02789	0.04138	0.65074	0.01698	0.02101	0.02312	0.06997	0.02378	0.01463	0.01833	0.01211	0.00661	0.00707	0.00214	0.00823	0.00648	0.00382	0.01128
8	0.09509	0.01557	0.02803	0.02580	0.17689	0.01499	0.28782	0.02271	0.01646	0.12022	0.01941	0.05870	0.03908	0.00791	0.00744	0.00229	0.00869	0.00812	0.03510	0.00970
9	0.00889	0.00644	0.00835	0.00953	0.01025	0.00596	0.00648	0.01043	0.01463	0.01956	0.13180	0.58370	0.09617	0.04002	0.00966	0.00287	0.00406	0.01860	0.00672	0.00589
10	0.01558	0.01558	0.02181	0.01869	0.01869	0.02181	0.01558	0.01714	0.01091	0.01714	0.00935	0.01558	0.00935	0.01246	0.02337	0.00312	0.73672	0.00623	0.00312	0.00779
11	0.02904	0.01181	0.01542	0.01204	0.01702	0.01061	0.00987	0.07014	0.02038	0.57508	0.02676	0.02414	0.01739	0.00872	0.00685	0.00212	0.00578	0.00704	0.11843	0.01135
12	0.01371	0.01290	0.01882	0.05494	0.05853	0.01642	0.03568	0.01555	0.01214	0.01771	0.01748	0.17756	0.01905	0.07171	0.01896	0.00324	0.41453	0.00970	0.00402	0.00735
13	0.01473	0.01041	0.01185	0.01090	0.01400	0.01048	0.00854	0.02271	0.22706	0.10952	0.16252	0.04823	0.24391	0.01381	0.00800	0.00242	0.00472	0.06033	0.00729	0.00856
14	0.00892	0.00745	0.00782	0.00784	0.01010	0.00650	0.00583	0.01152	0.04253	0.02029	0.11691	0.11712	0.57688	0.01776	0.00842	0.00243	0.00371	0.01499	0.00673	0.00625
15	0.01784	0.01442	0.01549	0.01385	0.01779	0.01632	0.01079	0.03546	0.59545	0.06933	0.06539	0.02922	0.04656	0.01015	0.00734	0.00239	0.00547	0.00848	0.00735	0.01091
16	0.10417	0.01482	0.01564	0.01327	0.01712	0.03916	0.01048	0.32509	0.02335	0.08310	0.02272	0.19772	0.02105	0.01337	0.03367	0.00265	0.00695	0.00961	0.03652	0.00952
17	0.76386	0.01406	0.01098	0.00969	0.01416	0.01626	0.00798	0.05186	0.01312	0.03255	0.01025	0.01183	0.00792	0.00670	0.00453	0.00220	0.00562	0.00398	0.00453	0.00792
18	0.01036	0.00832	0.01153	0.08965	0.01620	0.00830	0.02944	0.01365	0.06282	0.01970	0.05375	0.49685	0.08522	0.01806	0.00850	0.00266	0.00506	0.01629	0.00612	0.03751
19	0.00997	0.00694	0.00897	0.00981	0.01056	0.00669	0.00671	0.01133	0.01406	0.04195	0.08803	0.52143	0.08639	0.10288	0.01247	0.00325	0.02886	0.01732	0.00640	0.00598
20	0.02240	0.01896	0.05446	0.01716	0.02271	0.01935	0.08628	0.41353	0.09069	0.03601	0.01731	0.01906	0.01306	0.03730	0.00885	0.00234	0.03467	0.00671	0.00607	0.07309

[dist]
# distance from previous block
# <min> <max>
2	11

[block]
# block no. 2 follows, 29 sequences, length 9
# corresponding to MSA columns:
# 72-80
name=unknown_C
#
# <colnr> <probs for GDERKNQSTAVLIFYWHMCP>
#	G	D	E	R	K	N	Q	S	T	A	V	L	I	F	Y	W	H	M	C	P
0	0.00890	0.00672	0.00811	0.00882	0.01004	0.00606	0.00615	0.01059	0.01533	0.01996	0.15461	0.39195	0.25297	0.05333	0.01002	0.00282	0.00397	0.01699	0.00670	0.00594
1	0.01390	0.01149	0.01629	0.22298	0.02503	0.01263	0.04108	0.06948	0.03763	0.02242	0.02236	0.17710	0.04186	0.01125	0.00841	0.00230	0.06157	0.00957	0.10558	0.08706
2	0.02779	0.01879	0.02066	0.01584	0.02151	0.02037	0.01308	0.58621	0.03155	0.14298	0.01872	0.01815	0.01292	0.00859	0.00713	0.00215	0.00757	0.00652	0.00737	0.01211
3	0.05311	0.04918	0.01790	0.01667	0.07512	0.12803	0.01199	0.09567	0.10469	0.08085	0.02204	0.19047	0.02095	0.01183	0.00902	0.00239	0.08608	0.00943	0.00557	0.00902
4	0.00879	0.00629	0.00837	0.00984	0.01035	0.00586	0.00662	0.01021	0.01417	0.01904	0.09427	0.68763	0.04876	0.02166	0.00903	0.00284	0.00407	0.01963	0.00671	0.00586
5	0.02716	0.01455	0.01734	0.01373	0.01890	0.01462	0.01120	0.21031	0.13488	0.38404	0.02731	0.02476	0.04895	0.00931	0.00722	0.00223	0.00636	0.00747	0.00799	0.01169
6	0.02018	0.01313	0.01700	0.13368	0.05833	0.01387	0.01230	0.17108	0.07799	0.17398	0.12895	0.06898	0.02463	0.01010	0.00736	0.00225	0.00646	0.00854	0.04136	0.00983
7	0.07985	0.01399	0.01601	0.01334	0.01781	0.01459	0.01065	0.17576	0.18298	0.26098	0.02597	0.11460	0.02044	0.01053	0.00722	0.00233	0.00607	0.00864	0.00746	0.01078
8	0.01019	0.00757	0.01115	0.01115	0.01232	0.00874	0.00854	0.01253	0.01136	0.01631	0.01934	0.02945	0.01844	0.10857	0.66724	0.01108	0.01811	0.00785	0.00385	0.00620

[dist]
# distance from previous block
# <min> <max>
0	3

[block]
# block no. 3 follows, 29 sequences, length 48
# corresponding to MSA columns:
# 84-131
name=unknown_D
#
# <colnr> <probs for GDERKNQSTAVLIFYWHMCP>
#	G	D	E	R	K	N	Q	S	T	A	V	L	I	F	Y	W	H	M	C	P
0	0.67322	0.01433	0.01228	0.01074	0.01477	0.01694	0.00887	0.06018	0.01328	0.03120	0.01029	0.01231	0.00814	0.00733	0.00651	0.00229	0.08064	0.00425	0.00444	0.00798
1	0.01502	0.04871	0.02034	0.01675	0.01729	0.01965	0.01394	0.01684	0.01143	0.01776	0.01141	0.01747	0.01087	0.01604	0.09259	0.00378	0.57429	0.00629	0.06191	0.00762
2	0.01342	0.00874	0.01067	0.01001	0.01240	0.00833	0.00755	0.01819	0.10342	0.11562	0.30758	0.16468	0.16122	0.01508	0.00821	0.00239	0.00418	0.01312	0.00747	0.00773
3	0.05612	0.04711	0.02110	0.04969	0.04722	0.01646	0.07179	0.24984	0.04026	0.10152	0.01699	0.03975	0.01306	0.00770	0.00664	0.00193	0.00724	0.00639	0.00568	0.19351
4	0.01250	0.01108	0.01334	0.01281	0.01415	0.07160	0.00992	0.01543	0.04095	0.01719	0.01868	0.05828	0.01789	0.07383	0.48041	0.00862	0.10462	0.00791	0.00401	0.00678
5	0.03088	0.01188	0.01618	0.01249	0.01781	0.01028	0.01028	0.03366	0.02037	0.67697	0.06098	0.02565	0.02005	0.00909	0.00722	0.00221	0.00593	0.00744	0.00877	0.01185
6	0.01584	0.01313	0.02017	0.54782	0.04096	0.01570	0.01749	0.08693	0.01648	0.05580	0.01437	0.01927	0.01066	0.00751	0.00739	0.00229	0.02800	0.00634	0.04671	0.02715
7	0.01737	0.01594	0.02659	0.07340	0.46012	0.01666	0.06475	0.02166	0.03277	0.05630	0.01695	0.02061	0.04526	0.00784	0.00908	0.00229	0.09110	0.00698	0.00397	0.01037
8	0.00909	0.00649	0.00872	0.01031	0.01092	0.00613	0.00725	0.01066	0.01420	0.01891	0.05941	0.63636	0.04691	0.02172	0.00917	0.00292	0.00443	0.10384	0.00664	0.00591
9	0.01036	0.00690	0.00777	0.00777	0.00777	0.00690	0.00431	0.01036	0.01036	0.01381	0.02244	0.04660	0.02589	0.74975	0.03624	0.00690	0.00690	0.01036	0.00431	0.00431
10	0.01882	0.65851	0.09013	0.01384	0.03795	0.04504	0.01361	0.02162	0.01471	0.01741	0.01025	0.01191	0.00919	0.00618	0.00486	0.00161	0.00800	0.00401	0.00307	0.00928
11	0.05409	0.06242	0.46143	0.02389	0.15234	0.01689	0.06197	0.02202	0.01534	0.02308	0.03385	0.01659	0.01126	0.00684	0.00675	0.00220	0.00963	0.00574	0.00336	0.01029
12	0.00953	0.00683	0.00905	0.01043	0.01127	0.00651	0.00765	0.01133	0.01455	0.01924	0.07030	0.47571	0.07294	0.06413	0.01082	0.00318	0.00485	0.17921	0.00652	0.00594
13	0.01643	0.01380	0.01647	0.06533	0.02007	0.01224	0.01029	0.11133	0.01720	0.02563	0.01314	0.01544	0.01064	0.00617	0.00642	0.00139	0.03609	0.00477	0.00450	0.59264
14	0.01650	0.13410	0.18793	0.04222	0.10270	0.03987	0.23850	0.02159	0.01530	0.02087	0.01284	0.01674	0.01026	0.00870	0.03622	0.00260	0.07380	0.00638	0.00333	0.00956
15	0.01568	0.01361	0.01906	0.38683	0.03428	0.01443	0.01500	0.10464	0.01693	0.02342	0.01324	0.01726	0.01020	0.00666	0.00647	0.00188	0.00780	0.00560	0.00405	0.28295
16	0.02327	0.01875	0.01964	0.01674	0.04484	0.05148	0.01300	0.39245	0.27464	0.03734	0.02107	0.02041	0.01549	0.00883	0.00713	0.00223	0.00727	0.00693	0.00689	0.01160
17	0.01280	0.00911	0.01167	0.01225	0.04134	0.00872	0.00849	0.08804	0.01683	0.05244	0.07208	0.47878	0.03831	0.01754	0.00836	0.00256	0.00494	0.03535	0.00650	0.07388
18	0.01020	0.00742	0.00948	0.06677	0.01260	0.00733	0.00671	0.01137	0.01260	0.01700	0.06421	0.29412	0.03368	0.35197	0.02110	0.00456	0.00584	0.01342	0.00523	0.04439
19	0.01853	0.01364	0.01537	0.01332	0.01674	0.01444	0.01030	0.36057	0.02403	0.03231	0.02657	0.33455	0.02730	0.01441	0.00790	0.00242	0.00611	0.01235	0.00678	0.04236
20	0.01075	0.00731	0.01061	0.01061	0.01167	0.00824	0.00801	0.01241	0.01135	0.01658	0.01852	0.02764	0.01734	0.07269	0.53577	0.12732	0.01545	0.00744	0.06449	0.00581
21	0.02447	0.02978	0.02085	0.10996	0.06267	0.56645	0.01495	0.05216	0.01973	0.01891	0.01158	0.01404	0.00944	0.00730	0.00657	0.00193	0.01198	0.00497	0.00373	0.00853
22	0.02285	0.01530	0.01598	0.01345	0.01774	0.08576	0.01083	0.17237	0.10506	0.23130	0.06208	0.03334	0.10954	0.01104	0.00752	0.00229	0.00669	0.05952	0.00721	0.01013
23	0.01016	0.00745	0.00977	0.01062	0.01215	0.00706	0.00850	0.01286	0.01680	0.02224	0.20952	0.19627	0.14405	0.01865	0.00913	0.00282	0.00488	0.28381	0.00690	0.00637
24	0.00898	0.00724	0.00810	0.00861	0.01060	0.00636	0.00662	0.01096	0.01590	0.01945	0.06163	0.16406	0.49746	0.01891	0.00875	0.00262	0.00419	0.12687	0.00660	0.00607
25	0.01438	0.01349	0.02205	0.51128	0.18606	0.01574	0.01910	0.01979	0.05486	0.02001	0.01635	0.02128	0.04056	0.00758	0.00717	0.00232	0.00879	0.00681	0.00363	0.00875
26	0.01159	0.00837	0.01151	0.01303	0.01471	0.00845	0.01127	0.01540	0.04114	0.02149	0.03744	0.10574	0.04052	0.01941	0.00971	0.00323	0.00642	0.60727	0.00658	0.00670
27	0.01047	0.00806	0.01201	0.01184	0.01304	0.00960	0.00926	0.01296	0.01141	0.01656	0.01854	0.02730	0.01734	0.05117	0.68349	0.01099	0.05818	0.00755	0.00378	0.00644
28	0.01700	0.01260	0.01366	0.01209	0.01539	0.04715	0.00938	0.05510	0.25805	0.11358	0.28592	0.03729	0.06941	0.01165	0.00768	0.00228	0.00518	0.00986	0.00745	0.00928
29	0.01602	0.05323	0.13083	0.11750	0.11008	0.06766	0.25201	0.02101	0.01576	0.02105	0.01509	0.05426	0.01263	0.01007	0.04965	0.00280	0.01072	0.00744	0.02304	0.00914
30	0.07908	0.07390	0.03900	0.01973	0.14334	0.20816	0.01370	0.11648	0.01900	0.02469	0.01779	0.02179	0.04909	0.00862	0.00713	0.00208	0.03531	0.03812	0.07389	0.00908
31	0.72056	0.01389	0.01182	0.01154	0.05487	0.01579	0.00867	0.02158	0.01272	0.06076	0.01091	0.01247	0.00835	0.00669	0.00468	0.00220	0.00571	0.00415	0.00454	0.00811
32	0.01269	0.00974	0.01179	0.12031	0.01723	0.04748	0.00902	0.04345	0.01461	0.05222	0.02862	0.38120	0.03188	0.16979	0.01413	0.00353	0.00626	0.01395	0.00558	0.00653
33	0.01504	0.01192	0.01498	0.01214	0.01621	0.01150	0.00974	0.06897	0.01505	0.04894	0.01529	0.01951	0.01309	0.02136	0.23057	0.00462	0.07904	0.00576	0.00439	0.38187
34	0.01316	0.01229	0.01680	0.13549	0.06055	0.06096	0.05001	0.01561	0.01341	0.01771	0.02126	0.13320	0.04978	0.11640	0.14319	0.00475	0.11467	0.00953	0.00417	0.00705
35	0.05944	0.39042	0.18841	0.01397	0.02012	0.05033	0.01470	0.02056	0.01510	0.02006	0.07067	0.01846	0.04402	0.00783	0.00645	0.00191	0.03939	0.00553	0.00369	0.00895
36	0.02961	0.01254	0.01642	0.01283	0.01806	0.01144	0.01051	0.06559	0.07412	0.59358	0.05767	0.02536	0.01989	0.00912	0.00722	0.00222	0.00599	0.00745	0.00856	0.01181
37	0.00882	0.00645	0.00832	0.00965	0.01042	0.00595	0.00664	0.01032	0.01441	0.01900	0.08032	0.60238	0.12591	0.02127	0.00900	0.00281	0.00411	0.04166	0.00668	0.00589
38	0.04324	0.04168	0.05327	0.12589	0.23269	0.25049	0.06373	0.04133	0.01736	0.02103	0.01231	0.01581	0.01000	0.00705	0.00737	0.00211	0.03592	0.00572	0.00360	0.00940
39	0.01104	0.00767	0.00988	0.01028	0.01182	0.00733	0.00770	0.01445	0.05545	0.05272	0.26084	0.31381	0.08442	0.01782	0.00874	0.00265	0.00435	0.10509	0.00714	0.00680
40	0.01034	0.00695	0.00798	0.00798	0.00806	0.00702	0.00459	0.01049	0.01042	0.01397	0.02224	0.04550	0.02541	0.70856	0.07678	0.00717	0.00762	0.01019	0.00429	0.00444
41	0.11154	0.04270	0.01160	0.00974	0.01224	0.01001	0.00756	0.07024	0.01912	0.02819	0.41909	0.10717	0.09713	0.01363	0.00768	0.00227	0.00429	0.01161	0.00693	0.00727
42	0.09278	0.06037	0.40088	0.09179	0.05157	0.01739	0.11165	0.05161	0.01575	0.02385	0.01279	0.01567	0.00940	0.00672	0.00672	0.00224	0.00982	0.00568	0.00344	0.00989
43	0.01134	0.00810	0.01132	0.01296	0.01455	0.00808	0.01125	0.01453	0.01626	0.02116	0.03777	0.11148	0.04127	0.01979	0.00980	0.00326	0.00644	0.62754	0.00656	0.00652
44	0.00938	0.00700	0.00920	0.01001	0.01075	0.00689	0.00700	0.01107	0.01488	0.02022	0.17737	0.51054	0.07818	0.04015	0.01045	0.00286	0.04394	0.01743	0.00661	0.00606
45	0.04430	0.07452	0.05956	0.20602	0.05653	0.07202	0.05674	0.11820	0.01898	0.13548	0.04275	0.01967	0.01384	0.00774	0.00680	0.00214	0.00835	0.00641	0.04035	0.00960
46	0.02149	0.01932	0.10889	0.01544	0.02085	0.01781	0.01370	0.44203	0.02658	0.03609	0.02029	0.14751	0.01792	0.01063	0.00734	0.00223	0.00739	0.00864	0.00635	0.04951
47	0.70117	0.08800	0.03210	0.00994	0.01468	0.01720	0.00866	0.02101	0.01243	0.03018	0.00999	0.01165	0.00789	0.00656	0.00449	0.00214	0.00585	0.00389	0.00423	0.00793

[dist]
# distance from previous block
# <min> <max>
0	1

[block]
# block no. 4 follows, 29 sequences, length 24
# corresponding to MSA columns:
# 133-156
name=unknown_E
#
# <colnr> <probs for GDERKNQSTAVLIFYWHMCP>
#	G	D	E	R	K	N	Q	S	T	A	V	L	I	F	Y	W	H	M	C	P
0	0.01552	0.01559	0.06088	0.14259	0.28096	0.01521	0.10433	0.02148	0.07697	0.02252	0.01624	0.02058	0.01304	0.01182	0.08153	0.00316	0.00961	0.00687	0.07154	0.00956
1	0.03301	0.01015	0.01211	0.03680	0.01397	0.01174	0.00889	0.06007	0.07717	0.02505	0.04966	0.04979	0.01929	0.01484	0.08946	0.00319	0.11836	0.00746	0.35139	0.00760
2	0.01406	0.01129	0.01533	0.09940	0.15509	0.04790	0.01163	0.01609	0.01458	0.03783	0.07218	0.13353	0.02376	0.07618	0.01290	0.11918	0.00673	0.03864	0.04777	0.04593
3	0.01737	0.01257	0.01503	0.01087	0.01707	0.00964	0.00875	0.02048	0.01562	0.12748	0.01500	0.01620	0.01162	0.00581	0.00556	0.00123	0.00539	0.00467	0.00492	0.67472
4	0.01904	0.75404	0.03731	0.01218	0.01828	0.02818	0.01218	0.02132	0.01447	0.01675	0.00990	0.01142	0.00914	0.00609	0.00457	0.00152	0.00761	0.00381	0.00305	0.00914
5	0.11909	0.02298	0.06180	0.19532	0.12268	0.27550	0.01626	0.04657	0.03645	0.02187	0.01243	0.01551	0.00981	0.00713	0.00649	0.00210	0.00997	0.00537	0.00380	0.00888
6	0.01091	0.00854	0.01186	0.01153	0.01223	0.01012	0.00862	0.01257	0.01130	0.01612	0.02021	0.09517	0.02109	0.21166	0.38560	0.00831	0.12484	0.00921	0.00408	0.00603
7	0.01771	0.01530	0.01610	0.01449	0.01852	0.01771	0.01127	0.03784	0.69247	0.02979	0.02898	0.02657	0.02174	0.00966	0.00725	0.00242	0.00564	0.00805	0.00725	0.01127
8	0.01021	0.00748	0.01069	0.01069	0.01170	0.00849	0.00796	0.01223	0.01122	0.01597	0.01976	0.03179	0.01946	0.19608	0.58112	0.01051	0.01658	0.00819	0.00392	0.00594
9	0.01491	0.01279	0.01483	0.01074	0.01696	0.00990	0.00858	0.01891	0.04822	0.02353	0.01346	0.01535	0.01110	0.00549	0.00537	0.00112	0.00529	0.00441	0.00437	0.75468
10	0.01089	0.00729	0.00884	0.00870	0.00966	0.00717	0.00580	0.01205	0.01293	0.04723	0.09753	0.08249	0.12384	0.39778	0.13200	0.00610	0.00778	0.01121	0.00522	0.00552
11	0.01110	0.00750	0.00984	0.00913	0.01099	0.00689	0.00689	0.01443	0.02017	0.06033	0.67019	0.05184	0.06488	0.01429	0.00834	0.00224	0.00349	0.01261	0.00788	0.00697
12	0.01196	0.00778	0.00862	0.00809	0.01056	0.00675	0.00605	0.01394	0.01651	0.10744	0.11697	0.05743	0.46182	0.08337	0.01064	0.00274	0.00418	0.01299	0.04542	0.00672
13	0.01673	0.01601	0.02729	0.19055	0.56545	0.01668	0.02141	0.02107	0.01579	0.02218	0.01324	0.01791	0.01090	0.00651	0.00706	0.00217	0.00868	0.00634	0.00345	0.01056
14	0.03117	0.01336	0.01729	0.01326	0.01880	0.01231	0.01095	0.13735	0.02246	0.60468	0.02635	0.02310	0.01675	0.00877	0.00715	0.00219	0.00634	0.00704	0.00855	0.01212
15	0.01527	0.00739	0.00805	0.00753	0.00972	0.00710	0.00577	0.01845	0.01592	0.11287	0.05762	0.02940	0.05155	0.00910	0.00557	0.00179	0.00368	0.00737	0.61854	0.00731
16	0.42037	0.01618	0.01531	0.01253	0.01748	0.01819	0.01030	0.28037	0.05703	0.06897	0.01459	0.01512	0.01064	0.00763	0.00575	0.00219	0.00645	0.00523	0.00583	0.00983
17	0.04468	0.36314	0.29955	0.01514	0.02266	0.02101	0.01720	0.02219	0.01526	0.06165	0.04778	0.01577	0.01254	0.00697	0.00578	0.00191	0.00837	0.00505	0.00367	0.00969
18	0.01018	0.00976	0.07391	0.01137	0.01303	0.00771	0.00905	0.04018	0.01467	0.01982	0.03506	0.58668	0.04073	0.02127	0.03450	0.00313	0.00554	0.05067	0.00620	0.00655
19	0.04052	0.01460	0.01829	0.01954	0.16700	0.01529	0.01253	0.27774	0.02204	0.06645	0.02336	0.11340	0.05942	0.10428	0.01105	0.00285	0.00699	0.00908	0.00590	0.00968
20	0.01204	0.00840	0.01064	0.01109	0.01239	0.00844	0.00821	0.09597	0.01633	0.02177	0.06163	0.38827	0.03781	0.06354	0.01237	0.07891	0.00538	0.13414	0.00624	0.00642
21	0.00994	0.00770	0.00986	0.04787	0.01319	0.00706	0.00755	0.01226	0.01593	0.02149	0.19963	0.31905	0.16056	0.01713	0.00837	0.00247	0.00437	0.04741	0.00649	0.08167
22	0.07279	0.18822	0.11328	0.05220	0.11957	0.08875	0.14893	0.03896	0.01622	0.02179	0.01502	0.01765	0.04203	0.00699	0.00650	0.00203	0.00918	0.00605	0.00368	0.03015
23	0.01234	0.00991	0.01470	0.01323	0.01533	0.03317	0.11037	0.01484	0.01574	0.05097	0.16222	0.27922	0.03935	0.11824	0.01252	0.00322	0.00619	0.07560	0.00606	0.00679

[dist]
# distance from previous block
# <min> <max>
0	3

[block]
# block no. 5 follows, 29 sequences, length 78
# corresponding to MSA columns:
# 160-237
name=unknown_F
#
# <colnr> <probs for GDERKNQSTAVLIFYWHMCP>
#	G	D	E	R	K	N	Q	S	T	A	V	L	I	F	Y	W	H	M	C	P
0	0.00944	0.00723	0.00869	0.00867	0.01051	0.00648	0.00655	0.01205	0.01792	0.02376	0.36904	0.11504	0.30118	0.01681	0.00856	0.00242	0.00373	0.05833	0.00720	0.00637
1	0.01558	0.01558	0.02181	0.01869	0.01869	0.02181	0.01558	0.01714	0.01091	0.01714	0.00935	0.01558	0.00935	0.01246	0.02337	0.00312	0.73672	0.00623	0.00312	0.00779
2	0.68554	0.01355	0.01129	0.00976	0.01437	0.01512	0.00803	0.02224	0.01310	0.10253	0.01194	0.01303	0.00887	0.00678	0.00473	0.00215	0.00556	0.00422	0.00486	0.04234
3	0.01357	0.01296	0.02320	0.28258	0.15336	0.01377	0.14363	0.01753	0.01492	0.01998	0.02019	0.21180	0.02006	0.01080	0.00788	0.00247	0.00837	0.01043	0.00423	0.00827
4	0.01632	0.01072	0.01241	0.01102	0.01434	0.01074	0.00858	0.02449	0.23101	0.15833	0.21558	0.04274	0.18891	0.01270	0.00780	0.00233	0.00465	0.01075	0.00756	0.00903
5	0.00963	0.00679	0.00869	0.00910	0.01022	0.00632	0.00643	0.01192	0.01665	0.02324	0.34263	0.33218	0.07958	0.04932	0.00970	0.00268	0.00383	0.01550	0.04939	0.00620
6	0.01366	0.01109	0.01569	0.11815	0.12681	0.01173	0.01223	0.01884	0.09250	0.05330	0.20733	0.06017	0.12044	0.01237	0.00868	0.00242	0.04148	0.05890	0.00596	0.00827
7	0.14150	0.04276	0.01797	0.01385	0.01863	0.04448	0.01127	0.36174	0.07186	0.09214	0.03675	0.02003	0.01481	0.04846	0.00816	0.00239	0.00706	0.00644	0.02930	0.01041
8	0.63120	0.01224	0.01019	0.00944	0.01304	0.01396	0.00758	0.01891	0.01212	0.02876	0.01268	0.03908	0.01117	0.00969	0.00737	0.08902	0.00551	0.03167	0.02932	0.00706
9	0.01120	0.00785	0.00926	0.00899	0.00939	0.00827	0.00573	0.03451	0.01208	0.01660	0.05569	0.09061	0.02741	0.54927	0.05183	0.00599	0.04947	0.01057	0.03012	0.00515
10	0.26509	0.24383	0.11177	0.01255	0.01772	0.01867	0.01231	0.04255	0.01482	0.02433	0.03957	0.02337	0.03374	0.00883	0.00630	0.00216	0.02824	0.08142	0.00429	0.00846
11	0.01941	0.01389	0.01686	0.03752	0.07465	0.01490	0.01175	0.29630	0.05883	0.05209	0.02149	0.11933	0.01947	0.01329	0.01049	0.11691	0.00678	0.05165	0.03524	0.00915
12	0.04673	0.54007	0.05583	0.01348	0.01891	0.13134	0.01273	0.02194	0.01503	0.01759	0.01053	0.01258	0.00945	0.00847	0.03509	0.00208	0.03187	0.00421	0.00322	0.00885
13	0.01809	0.01391	0.01699	0.01756	0.11438	0.01491	0.01213	0.10492	0.30056	0.08356	0.11841	0.03305	0.05434	0.01069	0.00758	0.00236	0.00600	0.05346	0.00684	0.01028
14	0.01032	0.00706	0.00855	0.00855	0.00883	0.00733	0.00530	0.01086	0.01059	0.01439	0.02172	0.04261	0.02416	0.60059	0.18304	0.00788	0.00951	0.00977	0.00421	0.00475
15	0.01003	0.00724	0.00948	0.00899	0.01063	0.00669	0.00672	0.01332	0.01994	0.02822	0.68009	0.07564	0.06654	0.01481	0.00842	0.00226	0.00338	0.01312	0.00780	0.00669
16	0.25645	0.01596	0.02553	0.01983	0.02491	0.04440	0.32124	0.02064	0.01524	0.02490	0.01733	0.07343	0.01582	0.00897	0.00731	0.00245	0.00887	0.08398	0.00440	0.00835
17	0.02660	0.03394	0.02018	0.01834	0.02201	0.72116	0.01376	0.02843	0.02018	0.01743	0.01101	0.01284	0.00917	0.00734	0.00642	0.00183	0.01284	0.00459	0.00367	0.00825
18	0.05396	0.01681	0.01872	0.01464	0.01994	0.01793	0.01201	0.41379	0.08353	0.21085	0.02087	0.01989	0.01441	0.00863	0.00696	0.00216	0.00694	0.00666	0.03965	0.01166
19	0.00868	0.00620	0.00826	0.00991	0.01033	0.00578	0.00661	0.00991	0.01363	0.01818	0.03925	0.74510	0.04710	0.02231	0.00909	0.00289	0.00413	0.02024	0.00661	0.00578
20	0.00877	0.00631	0.00834	0.00992	0.01046	0.00588	0.00674	0.01010	0.01384	0.01833	0.04054	0.69319	0.07384	0.02204	0.00909	0.00289	0.00420	0.04311	0.00661	0.00582
21	0.02942	0.01249	0.01621	0.01268	0.01788	0.01142	0.01039	0.07148	0.06871	0.58255	0.02852	0.02523	0.03567	0.00908	0.00713	0.00220	0.00598	0.00737	0.03387	0.01172
22	0.01135	0.00811	0.01134	0.01298	0.01456	0.00809	0.01126	0.01454	0.01627	0.02117	0.03777	0.10910	0.04124	0.01978	0.00980	0.00326	0.00645	0.62982	0.00656	0.00652
23	0.01017	0.00763	0.01144	0.01144	0.01272	0.00890	0.00890	0.01272	0.01144	0.01653	0.01907	0.02797	0.01780	0.05340	0.72153	0.01144	0.01907	0.00763	0.00381	0.00636
24	0.01131	0.00808	0.01129	0.01293	0.01449	0.00806	0.01119	0.01447	0.01623	0.02113	0.03779	0.11916	0.04134	0.01982	0.00979	0.00326	0.00642	0.62018	0.00656	0.00651
25	0.05255	0.02788	0.01933	0.01683	0.02093	0.47122	0.01296	0.19213	0.02310	0.02526	0.03472	0.01722	0.03877	0.00825	0.00666	0.00196	0.01068	0.00567	0.00480	0.00908
26	0.01468	0.00734	0.00817	0.00780	0.00951	0.00711	0.00560	0.01712	0.01457	0.10685	0.02459	0.07243	0.02145	0.16333	0.01198	0.00289	0.00445	0.00827	0.48509	0.00677
27	0.76914	0.01373	0.01089	0.03778	0.01516	0.01597	0.00819	0.02082	0.01220	0.03141	0.01002	0.01186	0.00778	0.00663	0.00451	0.00221	0.00566	0.00395	0.00436	0.00772
28	0.01705	0.15486	0.24808	0.10318	0.17878	0.01804	0.06642	0.02228	0.01574	0.06840	0.03333	0.01742	0.01198	0.00690	0.00666	0.00211	0.00902	0.00593	0.00372	0.01009
29	0.01462	0.01316	0.02141	0.07537	0.41052	0.01321	0.01669	0.01836	0.01653	0.02304	0.12358	0.08158	0.04736	0.01061	0.00776	0.00234	0.00709	0.08267	0.00481	0.00930
30	0.01625	0.16793	0.49132	0.02068	0.09215	0.01849	0.02256	0.02278	0.01527	0.05130	0.01296	0.01500	0.00963	0.00669	0.00640	0.00210	0.00959	0.00518	0.00331	0.01041
31	0.13591	0.01502	0.10582	0.04021	0.01921	0.01270	0.01262	0.04382	0.09633	0.19824	0.04940	0.05874	0.02281	0.01123	0.00739	0.00249	0.00664	0.14567	0.00636	0.00940
32	0.09544	0.01225	0.01602	0.01240	0.01781	0.01092	0.01024	0.03356	0.01970	0.65419	0.02659	0.02319	0.01681	0.00863	0.00693	0.00220	0.00601	0.00689	0.00845	0.01175
33	0.04519	0.01495	0.05276	0.46562	0.14039	0.01600	0.10187	0.01935	0.01478	0.02023	0.01364	0.03919	0.01091	0.00727	0.00720	0.00234	0.00939	0.00685	0.00341	0.00865
34	0.01422	0.03573	0.02249	0.42662	0.15072	0.03302	0.05887	0.01834	0.01487	0.01935	0.01668	0.10865	0.01528	0.00908	0.00741	0.00238	0.00877	0.02543	0.00377	0.00833
35	0.06391	0.00768	0.00934	0.00887	0.01075	0.00726	0.00667	0.01355	0.01903	0.02761	0.57624	0.07744	0.11620	0.01460	0.00815	0.00228	0.00356	0.01272	0.00745	0.00669
36	0.01036	0.00690	0.00777	0.00777	0.00777	0.00690	0.00431	0.01036	0.01036	0.01381	0.02244	0.04660	0.02589	0.74975	0.03624	0.00690	0.00690	0.01036	0.00431	0.00431
37	0.07060	0.66122	0.05527	0.01222	0.01819	0.02645	0.01222	0.02108	0.01424	0.01793	0.01026	0.01202	0.00929	0.00753	0.02556	0.00188	0.00790	0.00397	0.00316	0.00900
38	0.04370	0.04829	0.04531	0.01328	0.04161	0.01174	0.01059	0.06754	0.06703	0.22128	0.17301	0.12578	0.03238	0.01221	0.00763	0.00235	0.00569	0.05420	0.00707	0.00930
39	0.01147	0.00820	0.01147	0.01311	0.01475	0.00820	0.01147	0.01475	0.01639	0.02131	0.03770	0.08032	0.04098	0.01967	0.00984	0.00328	0.00656	0.65741	0.00656	0.00656
40	0.04431	0.01571	0.05459	0.14199	0.14127	0.01535	0.25606	0.01923	0.01487	0.02092	0.01577	0.07352	0.01404	0.00977	0.01022	0.06933	0.04486	0.02586	0.00376	0.00856
41	0.07095	0.08908	0.36269	0.01874	0.07064	0.11595	0.01915	0.02295	0.01635	0.05976	0.07555	0.01833	0.01487	0.00757	0.00656	0.00212	0.00923	0.00582	0.00399	0.00969
42	0.01408	0.01304	0.02088	0.51704	0.09677	0.01529	0.01790	0.01815	0.01410	0.01899	0.01248	0.01819	0.00984	0.00769	0.00860	0.02419	0.05958	0.00606	0.00332	0.10383
43	0.02031	0.19811	0.02245	0.04103	0.02012	0.07871	0.01217	0.16333	0.27737	0.02808	0.01950	0.01950	0.01501	0.00821	0.00638	0.00205	0.00720	0.00626	0.04391	0.01032
44	0.01079	0.00747	0.00973	0.00931	0.01112	0.00688	0.00710	0.01397	0.01946	0.05091	0.57471	0.07993	0.09729	0.01518	0.00848	0.00234	0.00371	0.05714	0.00767	0.00682
45	0.00968	0.00726	0.00897	0.00855	0.01040	0.00655	0.00641	0.01268	0.01923	0.02635	0.55253	0.05682	0.21761	0.01538	0.00840	0.00228	0.00342	0.01339	0.00755	0.00655
46	0.02571	0.01927	0.02061	0.01611	0.02157	0.02145	0.01321	0.58829	0.12898	0.04269	0.01882	0.01847	0.01350	0.00871	0.00714	0.00218	0.00752	0.00665	0.00714	0.01199
47	0.01237	0.00618	0.00928	0.00928	0.00928	0.00618	0.00618	0.00928	0.00928	0.01237	0.01237	0.02165	0.01237	0.02474	0.02783	0.79283	0.00618	0.00618	0.00309	0.00309
48	0.02697	0.03245	0.01993	0.01796	0.02175	0.67256	0.01353	0.02886	0.02019	0.06481	0.01218	0.01362	0.00975	0.00744	0.00647	0.00186	0.01238	0.00476	0.00402	0.00852
49	0.01810	0.01535	0.01617	0.01435	0.01844	0.01759	0.01122	0.08992	0.61010	0.03060	0.02978	0.02751	0.04902	0.00991	0.00728	0.00239	0.00573	0.00820	0.00721	0.01112
50	0.01103	0.00788	0.01097	0.01261	0.01405	0.00782	0.01071	0.01399	0.01596	0.02082	0.03795	0.18530	0.04195	0.02009	0.00972	0.00322	0.00617	0.55679	0.00657	0.00643
51	0.00842	0.00721	0.00721	0.00721	0.00962	0.00601	0.00541	0.01022	0.01623	0.01924	0.07213	0.06853	0.70244	0.01803	0.00842	0.00240	0.00361	0.01503	0.00661	0.00601
52	0.02696	0.02313	0.02110	0.01683	0.02207	0.18097	0.01359	0.53314	0.03046	0.03864	0.01571	0.01613	0.01144	0.00827	0.00696	0.00207	0.00897	0.00600	0.00634	0.01123
53	0.80005	0.01377	0.01047	0.00936	0.01377	0.01597	0.00771	0.02093	0.01212	0.03195	0.00991	0.01157	0.00771	0.00661	0.00441	0.00220	0.00551	0.00386	0.00441	0.00771
54	0.01041	0.00748	0.01088	0.01088	0.01204	0.00856	0.00830	0.01263	0.01147	0.01669	0.01928	0.02896	0.01819	0.09784	0.61590	0.03747	0.01703	0.00772	0.04215	0.00612
55	0.01062	0.00702	0.00828	0.00822	0.00895	0.00708	0.00537	0.01191	0.01253	0.01789	0.09653	0.04294	0.06458	0.42653	0.12421	0.00605	0.00755	0.00995	0.11850	0.00529
56	0.01533	0.01480	0.02580	0.41141	0.30628	0.01641	0.06783	0.01996	0.01520	0.02052	0.01307	0.01847	0.01029	0.00673	0.00718	0.00227	0.00927	0.00648	0.00334	0.00936
57	0.02660	0.03394	0.02018	0.01834	0.02201	0.72116	0.01376	0.02843	0.02018	0.01743	0.01101	0.01284	0.00917	0.00734	0.00642	0.00183	0.01284	0.00459	0.00367	0.00825
58	0.52740	0.12371	0.01626	0.01131	0.01597	0.10385	0.00946	0.05107	0.01471	0.05644	0.01110	0.01246	0.00869	0.00680	0.00491	0.00206	0.00683	0.00418	0.00442	0.00836
59	0.01544	0.01020	0.01206	0.06325	0.01525	0.01119	0.00878	0.15985	0.01790	0.02703	0.02014	0.02524	0.01655	0.05463	0.16900	0.00428	0.00849	0.00697	0.34603	0.00774
60	0.02399	0.01195	0.01539	0.01238	0.01733	0.01057	0.01021	0.05588	0.04270	0.39316	0.05021	0.03103	0.02116	0.00984	0.00719	0.00212	0.00593	0.09875	0.00738	0.17282
61	0.05246	0.07289	0.16161	0.07345	0.31915	0.15793	0.01973	0.02300	0.01635	0.02158	0.01237	0.01557	0.01000	0.00667	0.00659	0.00207	0.00962	0.00550	0.00343	0.01002
62	0.06919	0.17400	0.48258	0.01874	0.05463	0.01883	0.02162	0.02265	0.03611	0.02232	0.01256	0.01456	0.00945	0.00670	0.00620	0.00211	0.00937	0.00501	0.00326	0.01012
63	0.08424	0.01261	0.01635	0.01262	0.01807	0.01141	0.01043	0.06533	0.02045	0.63141	0.02631	0.02302	0.01668	0.00865	0.00697	0.00220	0.00611	0.00690	0.00843	0.01182
64	0.00908	0.00657	0.00862	0.00994	0.01059	0.00622	0.00675	0.01108	0.03321	0.01966	0.11293	0.64788	0.04864	0.02109	0.00896	0.00281	0.00409	0.01908	0.00676	0.00604
65	0.04841	0.01186	0.04117	0.10117	0.02013	0.03170	0.01273	0.07243	0.01762	0.04713	0.05700	0.08177	0.03160	0.01529	0.00864	0.00285	0.00708	0.37781	0.00601	0.00761
66	0.01018	0.00785	0.00942	0.00925	0.01129	0.00733	0.00716	0.01403	0.05826	0.02478	0.38015	0.05983	0.26242	0.01600	0.00851	0.00243	0.00397	0.09314	0.00726	0.00674
67	0.01032	0.00706	0.00855	0.00855	0.00882	0.00733	0.00529	0.01086	0.01059	0.01439	0.02172	0.04263	0.02417	0.60149	0.18215	0.00787	0.00949	0.00977	0.00421	0.00475
68	0.04812	0.24465	0.02642	0.12976	0.11677	0.25601	0.01508	0.04922	0.01724	0.01971	0.01145	0.01413	0.00956	0.00682	0.00601	0.00189	0.00970	0.00490	0.00354	0.00901
69	0.01400	0.01582	0.12761	0.28170	0.13210	0.01373	0.06556	0.01745	0.01374	0.01869	0.01400	0.05020	0.01203	0.01134	0.01172	0.17354	0.00873	0.00689	0.00336	0.00780
70	0.01147	0.00820	0.01147	0.01311	0.01475	0.00820	0.01147	0.01475	0.01639	0.02131	0.03770	0.08032	0.04098	0.01967	0.00984	0.00328	0.00656	0.65741	0.00656	0.00656
71	0.01146	0.01114	0.09259	0.01171	0.01453	0.00838	0.01064	0.01513	0.01766	0.04302	0.29270	0.08703	0.10315	0.01586	0.00870	0.00264	0.00543	0.23436	0.00670	0.00716
72	0.10264	0.46000	0.02973	0.01478	0.04704	0.20570	0.01252	0.02314	0.01577	0.01878	0.01033	0.01206	0.00909	0.00648	0.00513	0.00170	0.00878	0.00412	0.00337	0.00885
73	0.04814	0.08056	0.22473	0.01518	0.04503	0.01427	0.01482	0.08187	0.01793	0.17729	0.06131	0.05427	0.06441	0.03261	0.00779	0.00233	0.00728	0.00758	0.03282	0.00978
74	0.65347	0.01578	0.06403	0.03688	0.05024	0.01624	0.01037	0.04089	0.01325	0.03075	0.01061	0.01254	0.00818	0.00668	0.00488	0.00221	0.00623	0.00424	0.00430	0.00823
75	0.01059	0.05834	0.01131	0.00931	0.01128	0.00817	0.00724	0.01369	0.01905	0.02636	0.55345	0.08272	0.10105	0.01478	0.00824	0.00228	0.00386	0.04416	0.00732	0.00679
76	0.06783	0.21981	0.46350	0.01702	0.02564	0.01913	0.02064	0.02177	0.01489	0.02191	0.03882	0.01536	0.01124	0.00689	0.00610	0.00206	0.00915	0.00509	0.00330	0.00983
77	0.01547	0.01071	0.01282	0.01023	0.01466	0.00889	0.00799	0.01901	0.04598	0.12302	0.14270	0.05290	0.10755	0.03555	0.00775	0.00191	0.00489	0.00831	0.00601	0.36365

[dist]
# distance from previous block
# <min> <max>
0	1

[block]
# block no. 6 follows, 29 sequences, length 35
# corresponding to MSA columns:
# 239-273
name=unknown_G
#
# <colnr> <probs for GDERKNQSTAVLIFYWHMCP>
#	G	D	E	R	K	N	Q	S	T	A	V	L	I	F	Y	W	H	M	C	P
0	0.01967	0.69411	0.03589	0.01270	0.01859	0.08585	0.01231	0.02191	0.01494	0.01681	0.00999	0.01154	0.00914	0.00620	0.00472	0.00155	0.00805	0.00387	0.00310	0.00906
1	0.01554	0.01137	0.01273	0.10776	0.01736	0.05027	0.00964	0.09616	0.01684	0.02553	0.02030	0.07882	0.01723	0.00962	0.00773	0.00206	0.07718	0.00748	0.40880	0.00759
2	0.02844	0.01131	0.01525	0.01197	0.01672	0.00988	0.00966	0.03101	0.01953	0.59895	0.08033	0.02836	0.02219	0.07092	0.00968	0.00260	0.00592	0.00787	0.00836	0.01105
3	0.01916	0.01602	0.01692	0.01478	0.01907	0.01839	0.01162	0.13784	0.59010	0.03213	0.02714	0.02510	0.02024	0.00949	0.00723	0.00237	0.00598	0.00780	0.00723	0.01140
4	0.00966	0.00726	0.00898	0.00881	0.01062	0.00658	0.00667	0.01250	0.01856	0.02513	0.46129	0.09461	0.23022	0.01619	0.00853	0.00238	0.00367	0.05451	0.00737	0.00648
5	0.00960	0.00701	0.00903	0.00906	0.01048	0.00643	0.00659	0.01232	0.01825	0.02528	0.48989	0.22407	0.11198	0.01673	0.00857	0.00241	0.00357	0.01485	0.00744	0.00643
6	0.02707	0.01995	0.02137	0.01638	0.02208	0.02208	0.01353	0.68159	0.03348	0.04488	0.01710	0.01710	0.01211	0.00855	0.00712	0.00214	0.00784	0.00641	0.00712	0.01211
7	0.00991	0.00721	0.00938	0.00932	0.01087	0.00668	0.00701	0.01290	0.01879	0.02611	0.52744	0.14678	0.09726	0.01617	0.00860	0.00242	0.00373	0.06536	0.00751	0.00654
8	0.00868	0.00620	0.00826	0.00991	0.01033	0.00578	0.00661	0.00991	0.01363	0.01818	0.03925	0.74510	0.04710	0.02231	0.00909	0.00289	0.00413	0.02024	0.00661	0.00578
9	0.01591	0.01364	0.01687	0.01214	0.01847	0.01103	0.04713	0.07344	0.01644	0.02498	0.01313	0.01521	0.01069	0.00559	0.00561	0.00122	0.00587	0.00464	0.00443	0.68358
10	0.02644	0.01133	0.01507	0.01195	0.01655	0.01012	0.00971	0.06071	0.02096	0.51403	0.18980	0.03087	0.02930	0.01018	0.00746	0.00221	0.00549	0.00850	0.00850	0.01082
11	0.01286	0.00669	0.00669	0.00669	0.00841	0.00658	0.00501	0.01605	0.01504	0.02592	0.02740	0.03013	0.07660	0.00913	0.00527	0.00172	0.00334	0.00735	0.72254	0.00658
12	0.68407	0.01378	0.01154	0.00998	0.01456	0.01553	0.00823	0.04428	0.01379	0.11235	0.01229	0.01324	0.00903	0.00693	0.00482	0.00220	0.00565	0.00433	0.00502	0.00838
13	0.01303	0.01090	0.01407	0.05023	0.01580	0.03635	0.01046	0.04896	0.01359	0.01931	0.03873	0.05899	0.03772	0.07229	0.31067	0.00652	0.16581	0.00812	0.06149	0.00698
14	0.00878	0.00624	0.00823	0.00978	0.01017	0.00585	0.00647	0.00994	0.01343	0.01790	0.03819	0.70101	0.04576	0.06823	0.01080	0.00315	0.00431	0.01962	0.00647	0.00569
15	0.01697	0.01819	0.08514	0.10429	0.58963	0.01679	0.02204	0.02158	0.01594	0.02274	0.01328	0.01753	0.01093	0.00645	0.00703	0.00215	0.00872	0.00625	0.00345	0.01091
16	0.03666	0.36443	0.25419	0.01514	0.02215	0.09312	0.01644	0.02265	0.01540	0.04294	0.01226	0.01397	0.00983	0.00666	0.00558	0.00184	0.00878	0.00462	0.04390	0.00944
17	0.00983	0.00753	0.01049	0.01180	0.04690	0.00721	0.02388	0.01167	0.01438	0.01929	0.10665	0.40463	0.10554	0.09345	0.06727	0.00380	0.00594	0.03746	0.00606	0.00621
18	0.07960	0.09349	0.46479	0.01785	0.05017	0.01608	0.02043	0.02093	0.01554	0.02373	0.11453	0.02018	0.01764	0.00783	0.00663	0.00218	0.00871	0.00619	0.00386	0.00963
19	0.01165	0.00754	0.00993	0.01062	0.01208	0.00712	0.00815	0.01382	0.01570	0.07423	0.11566	0.29235	0.09395	0.07975	0.01130	0.00318	0.00513	0.21460	0.00672	0.00652
20	0.73993	0.01364	0.01094	0.00962	0.01412	0.01554	0.00793	0.02201	0.01276	0.08504	0.01134	0.01256	0.00849	0.00678	0.00462	0.00220	0.00555	0.00411	0.00475	0.00806
21	0.01367	0.01287	0.02152	0.62035	0.12085	0.01547	0.01932	0.01822	0.01456	0.01881	0.01560	0.02122	0.04304	0.00756	0.00717	0.00235	0.00909	0.00675	0.00337	0.00820
22	0.01515	0.01985	0.17283	0.23616	0.20091	0.07116	0.01949	0.01990	0.01533	0.02043	0.01610	0.07703	0.01437	0.01016	0.03156	0.00263	0.00951	0.03467	0.00370	0.00907
23	0.00981	0.00727	0.00915	0.00868	0.01047	0.00661	0.00651	0.01292	0.01953	0.02706	0.60070	0.05565	0.16899	0.01511	0.00840	0.00227	0.00340	0.01322	0.00764	0.00661
24	0.01611	0.01649	0.02138	0.01845	0.01872	0.06556	0.01526	0.01771	0.01151	0.01714	0.00975	0.01579	0.00960	0.01341	0.04401	0.00329	0.66871	0.00617	0.00317	0.00777
25	0.10675	0.05697	0.08896	0.04910	0.12743	0.01578	0.01411	0.11062	0.09974	0.14790	0.02045	0.09641	0.01678	0.00927	0.00687	0.00226	0.00703	0.00767	0.00571	0.01021
26	0.00956	0.00702	0.00869	0.00973	0.01059	0.00670	0.00660	0.02908	0.03440	0.01900	0.04076	0.56502	0.12043	0.08309	0.01122	0.00314	0.00445	0.01805	0.00645	0.00602
27	0.01281	0.00783	0.01021	0.00944	0.01157	0.00710	0.00714	0.01580	0.01936	0.11928	0.51230	0.11301	0.09704	0.01469	0.00829	0.00230	0.00381	0.01290	0.00778	0.00732
28	0.01547	0.08308	0.36665	0.02222	0.12824	0.01595	0.08198	0.02141	0.01590	0.05161	0.07228	0.06073	0.01691	0.00820	0.00707	0.00222	0.00897	0.00717	0.00400	0.00992
29	0.04840	0.09918	0.47692	0.02181	0.09812	0.01743	0.07077	0.02201	0.01528	0.02269	0.03522	0.01637	0.01125	0.00685	0.00666	0.00218	0.00970	0.00566	0.00333	0.01016
30	0.05035	0.01682	0.02383	0.03377	0.48315	0.08757	0.01799	0.02089	0.01661	0.02305	0.06584	0.06063	0.01839	0.00858	0.00722	0.00220	0.00809	0.04086	0.00421	0.00995
31	0.43159	0.06500	0.01622	0.11296	0.02076	0.07875	0.01113	0.05656	0.01498	0.08078	0.01216	0.01418	0.00927	0.00727	0.00624	0.00219	0.04220	0.00477	0.00450	0.00846
32	0.00926	0.00639	0.00817	0.00929	0.00966	0.00607	0.00602	0.00999	0.01273	0.01688	0.03507	0.51921	0.06443	0.18759	0.01633	0.04988	0.00486	0.01698	0.00588	0.00530
33	0.43241	0.07440	0.03570	0.01259	0.01666	0.01504	0.09647	0.01861	0.01236	0.02479	0.01114	0.01494	0.00933	0.01061	0.01033	0.18182	0.00683	0.00502	0.00385	0.00710
34	0.09855	0.28263	0.12197	0.02329	0.23525	0.06553	0.01673	0.02245	0.01539	0.04108	0.01198	0.01433	0.00989	0.00647	0.00582	0.00192	0.00835	0.00495	0.00354	0.00988

[dist]
# distance from previous block
# <min> <max>
0	1

[block]
# block no. 7 follows, 29 sequences, length 80
# corresponding to MSA columns:
# 275-354
name=unknown_H
#
# <colnr> <probs for GDERKNQSTAVLIFYWHMCP>
#	G	D	E	R	K	N	Q	S	T	A	V	L	I	F	Y	W	H	M	C	P
0	0.02053	0.10921	0.07303	0.05782	0.23215	0.28235	0.01690	0.04097	0.01779	0.02043	0.01457	0.01837	0.03110	0.00756	0.00664	0.00201	0.00999	0.02543	0.00375	0.00941
1	0.00876	0.00694	0.00790	0.00843	0.01012	0.00609	0.00613	0.01058	0.01577	0.01980	0.11525	0.27833	0.41788	0.01913	0.00868	0.00258	0.00386	0.04104	0.00672	0.00602
2	0.02063	0.01675	0.13734	0.01401	0.01899	0.01348	0.01312	0.15694	0.02047	0.21095	0.09920	0.02778	0.04066	0.01219	0.04508	0.00274	0.04467	0.03237	0.06272	0.00993
3	0.01160	0.00759	0.00983	0.00919	0.01114	0.00691	0.00692	0.01467	0.01948	0.08132	0.56066	0.09613	0.10762	0.01485	0.00835	0.00229	0.00364	0.01305	0.00775	0.00704
4	0.01493	0.01299	0.02135	0.40642	0.16208	0.01474	0.04764	0.05112	0.01520	0.02065	0.01382	0.01948	0.01095	0.00897	0.00924	0.08730	0.00853	0.00644	0.05993	0.00821
5	0.02660	0.03394	0.02018	0.01834	0.02201	0.72116	0.01376	0.02843	0.02018	0.01743	0.01101	0.01284	0.00917	0.00734	0.00642	0.00183	0.01284	0.00459	0.00367	0.00825
6	0.03100	0.01230	0.01650	0.01271	0.01810	0.01085	0.01047	0.06225	0.02095	0.65845	0.05009	0.02489	0.01904	0.00899	0.00720	0.00220	0.00605	0.00732	0.00871	0.01194
7	0.00895	0.00640	0.00853	0.00990	0.01052	0.00599	0.00679	0.01053	0.01457	0.01962	0.12477	0.63352	0.04949	0.02122	0.00902	0.00282	0.00411	0.04056	0.00677	0.00593
8	0.00946	0.00705	0.00880	0.00881	0.01037	0.00639	0.00644	0.01208	0.01805	0.02459	0.44189	0.19676	0.18943	0.01682	0.00854	0.00240	0.00357	0.01480	0.00735	0.00639
9	0.02005	0.65743	0.03501	0.01301	0.01878	0.12115	0.01240	0.02228	0.01523	0.01684	0.01005	0.01161	0.00914	0.00626	0.00482	0.00156	0.00832	0.00391	0.00313	0.00902
10	0.01140	0.00815	0.01137	0.01290	0.01454	0.00812	0.01123	0.01469	0.01658	0.02168	0.07163	0.07893	0.04232	0.01941	0.00976	0.00323	0.00639	0.62446	0.00662	0.00657
