[name]
unknown

[dist]
# distance from previous block
# <min> <max>
23	79

[block]
# block no. 0 follows, 31 sequences, length 35
# corresponding to MSA columns:
# 106-140
name=unknown_A
#
# <colnr> <probs for GDERKNQSTAVLIFYWHMCP>
#	G	D	E	R	K	N	Q	S	T	A	V	L	I	F	Y	W	H	M	C	P
0	0.01506	0.09553	0.15182	0.01731	0.06542	0.01573	0.08925	0.10371	0.01616	0.02216	0.02056	0.02337	0.10013	0.01512	0.11763	0.00347	0.07737	0.00703	0.00410	0.03906
1	0.01604	0.01832	0.10264	0.02210	0.10798	0.04351	0.24859	0.06351	0.03244	0.02297	0.01549	0.01853	0.03314	0.00829	0.03713	0.00229	0.00918	0.00650	0.00392	0.18742
2	0.01961	0.09557	0.14344	0.01668	0.02188	0.25975	0.05927	0.05211	0.16636	0.03679	0.01745	0.03493	0.03074	0.00791	0.00651	0.00202	0.00917	0.00614	0.00447	0.00922
3	0.01377	0.04464	0.09924	0.01728	0.05524	0.05466	0.15855	0.01829	0.06030	0.02014	0.02147	0.23829	0.02179	0.04527	0.00858	0.00241	0.00747	0.01025	0.00457	0.09778
4	0.01968	0.23024	0.02204	0.01443	0.04002	0.18432	0.01164	0.09902	0.10207	0.05228	0.05987	0.02390	0.05167	0.00885	0.00631	0.00194	0.00774	0.05016	0.00492	0.00889
5	0.01368	0.01183	0.05913	0.01140	0.01478	0.01030	0.00953	0.06118	0.11946	0.05204	0.06523	0.09132	0.09650	0.10649	0.01086	0.00279	0.00571	0.12130	0.00575	0.13073
6	0.01640	0.01862	0.03616	0.09727	0.03509	0.06470	0.55055	0.02159	0.01586	0.02089	0.01324	0.01787	0.01009	0.00624	0.00848	0.00230	0.04481	0.00754	0.00340	0.00890
7	0.02483	0.04737	0.01829	0.01363	0.01886	0.05153	0.01117	0.26396	0.09601	0.25997	0.02002	0.01895	0.01392	0.00788	0.00652	0.00194	0.00668	0.00612	0.00673	0.10560
8	0.00929	0.00664	0.00904	0.01062	0.01144	0.00638	0.00801	0.01118	0.01404	0.01854	0.03718	0.51374	0.04316	0.02053	0.00899	0.00291	0.00480	0.25136	0.00633	0.00582
9	0.00879	0.00695	0.00798	0.00820	0.01007	0.00614	0.00624	0.01097	0.01621	0.02062	0.20766	0.13339	0.42571	0.01716	0.00830	0.00241	0.00378	0.08684	0.00661	0.00596
10	0.01711	0.04260	0.01348	0.01128	0.01467	0.01074	0.00917	0.09345	0.07478	0.18218	0.03671	0.11901	0.17490	0.01349	0.00764	0.00236	0.00539	0.13029	0.00671	0.03402
11	0.01581	0.01734	0.03630	0.05879	0.13786	0.01656	0.53478	0.02107	0.01583	0.02161	0.01463	0.04929	0.01187	0.00652	0.00786	0.00228	0.01060	0.00817	0.00355	0.00925
12	0.02582	0.01101	0.01449	0.01155	0.01611	0.00985	0.00938	0.02966	0.06756	0.54621	0.11375	0.02936	0.06415	0.00972	0.00710	0.00215	0.00534	0.00806	0.00812	0.01060
13	0.01275	0.00638	0.00638	0.00638	0.00797	0.00638	0.00478	0.01594	0.01435	0.02551	0.02232	0.02551	0.01754	0.00797	0.00478	0.00159	0.00319	0.00638	0.79755	0.00638
14	0.02028	0.01869	0.07044	0.01694	0.02180	0.11943	0.11516	0.11533	0.18501	0.12366	0.02149	0.02640	0.01711	0.00912	0.00725	0.00226	0.00812	0.08594	0.00576	0.00979
15	0.10763	0.12182	0.04320	0.01650	0.06832	0.29372	0.03770	0.04991	0.01606	0.01955	0.01251	0.01780	0.01140	0.12039	0.01072	0.00260	0.03310	0.00547	0.00371	0.00789
16	0.00841	0.00694	0.00738	0.00727	0.00944	0.00591	0.00545	0.01044	0.01636	0.02029	0.19943	0.06286	0.58286	0.01665	0.00808	0.00228	0.00342	0.01402	0.00659	0.00591
17	0.04608	0.23571	0.29903	0.02055	0.10105	0.01909	0.12320	0.02097	0.01447	0.02038	0.01187	0.01458	0.00939	0.00743	0.02679	0.00222	0.00937	0.00525	0.00312	0.00946
18	0.02436	0.22768	0.02332	0.01520	0.01962	0.43202	0.01233	0.02637	0.01793	0.12289	0.01276	0.01362	0.01003	0.00694	0.00579	0.00173	0.00999	0.00458	0.00411	0.00872
19	0.01516	0.01857	0.11189	0.06659	0.05749	0.01733	0.34013	0.01981	0.01418	0.02014	0.01243	0.01720	0.00999	0.00885	0.03391	0.00268	0.19026	0.00687	0.00328	0.03326
20	0.02109	0.19970	0.11122	0.06300	0.02190	0.16849	0.01386	0.11099	0.04807	0.11774	0.04960	0.01720	0.01359	0.00747	0.00614	0.00191	0.00838	0.00553	0.00472	0.00942
21	0.02034	0.01508	0.01658	0.01384	0.01775	0.01645	0.01095	0.45405	0.07132	0.03480	0.02329	0.22893	0.02189	0.01208	0.00739	0.00228	0.00637	0.01008	0.00671	0.00984
22	0.01275	0.00638	0.00638	0.00638	0.00797	0.00638	0.00478	0.01594	0.01435	0.02551	0.02232	0.02551	0.01754	0.00797	0.00478	0.00159	0.00319	0.00638	0.79755	0.00638
23	0.00857	0.00620	0.00810	0.00921	0.00994	0.00573	0.00630	0.01016	0.01439	0.01934	0.16267	0.58619	0.08819	0.01983	0.00857	0.00264	0.00380	0.01786	0.00657	0.00573
24	0.02189	0.01629	0.01769	0.01444	0.01889	0.01806	0.01158	0.42912	0.20283	0.05217	0.02101	0.07410	0.01666	0.01013	0.00785	0.03579	0.00661	0.00756	0.00671	0.01061
25	0.02343	0.02798	0.01963	0.01818	0.04678	0.54281	0.01351	0.07471	0.01885	0.01885	0.01123	0.01370	0.00945	0.00944	0.03736	0.00231	0.09501	0.00490	0.00371	0.00819
26	0.00889	0.00695	0.00812	0.00834	0.01017	0.00618	0.00636	0.01112	0.01633	0.02096	0.23053	0.13934	0.38876	0.01709	0.00832	0.00242	0.00380	0.09368	0.00665	0.00599
27	0.01490	0.01655	0.06517	0.16803	0.10671	0.01615	0.34011	0.01946	0.01460	0.02002	0.01373	0.04607	0.01136	0.00791	0.00967	0.03321	0.07691	0.00748	0.00339	0.00858
28	0.02326	0.01669	0.01698	0.01405	0.01839	0.09308	0.01114	0.26378	0.17530	0.18127	0.02209	0.06422	0.01707	0.04077	0.00809	0.00233	0.00696	0.00742	0.00672	0.01038
29	0.04950	0.02454	0.29941	0.08381	0.05467	0.11345	0.01821	0.02073	0.01418	0.04905	0.01258	0.01695	0.01025	0.05764	0.01120	0.00256	0.14355	0.00562	0.00340	0.00870
30	0.00849	0.00632	0.00794	0.00910	0.01003	0.00578	0.00638	0.01000	0.01405	0.01825	0.07071	0.53565	0.19343	0.02009	0.00861	0.00267	0.00397	0.05646	0.00639	0.00568
31	0.09434	0.12431	0.18178	0.02090	0.13332	0.11861	0.09452	0.02298	0.06800	0.02179	0.01285	0.01504	0.01013	0.00647	0.00613	0.00196	0.00881	0.00531	0.00363	0.04909
32	0.05093	0.07687	0.15527	0.08029	0.13554	0.20376	0.01651	0.08473	0.05894	0.02252	0.01292	0.01506	0.01012	0.00682	0.00624	0.00195	0.00916	0.00520	0.00386	0.04329
33	0.05729	0.06320	0.01774	0.01536	0.07285	0.01544	0.01153	0.16081	0.06517	0.07737	0.02265	0.09312	0.06837	0.01081	0.00918	0.00226	0.11587	0.05021	0.00542	0.06535
34	0.40992	0.04259	0.03425	0.05851	0.01604	0.01332	0.00906	0.01919	0.04354	0.04952	0.12589	0.02397	0.04868	0.00864	0.00569	0.00211	0.00542	0.03128	0.00499	0.04739

[dist]
# distance from previous block
# <min> <max>
0	10

[block]
# block no. 1 follows, 31 sequences, length 33
# corresponding to MSA columns:
# 151-183
name=unknown_B
#
# <colnr> <probs for GDERKNQSTAVLIFYWHMCP>
#	G	D	E	R	K	N	Q	S	T	A	V	L	I	F	Y	W	H	M	C	P
0	0.01527	0.01371	0.02019	0.20081	0.02668	0.03870	0.10872	0.07687	0.01557	0.04461	0.01699	0.13881	0.01587	0.00974	0.00923	0.00224	0.11097	0.00824	0.00432	0.12244
1	0.02215	0.10987	0.02110	0.01687	0.06019	0.26107	0.01280	0.16497	0.14652	0.04528	0.01544	0.01617	0.01201	0.00763	0.00678	0.00193	0.03207	0.00550	0.00491	0.03673
2	0.01690	0.01264	0.01530	0.06479	0.01901	0.01072	0.00955	0.06325	0.03955	0.10615	0.01472	0.01609	0.01133	0.00595	0.00559	0.00135	0.00562	0.00480	0.00478	0.57192
3	0.02101	0.06390	0.02111	0.01667	0.02029	0.20388	0.04853	0.15735	0.15562	0.04594	0.01544	0.01687	0.01213	0.00864	0.00982	0.00221	0.16041	0.00596	0.00486	0.00937
4	0.02553	0.01893	0.02027	0.01565	0.02104	0.02100	0.01289	0.65954	0.06748	0.04236	0.01703	0.01690	0.01212	0.00827	0.00685	0.00207	0.00742	0.00624	0.00685	0.01159
5	0.00894	0.00696	0.00811	0.00782	0.00976	0.00614	0.00587	0.01147	0.01761	0.02326	0.41280	0.05798	0.36764	0.01554	0.00808	0.00223	0.00334	0.01334	0.00698	0.00614
6	0.00850	0.00616	0.00808	0.00955	0.01017	0.00573	0.00659	0.00987	0.01347	0.01775	0.03996	0.65650	0.09473	0.02095	0.00873	0.00277	0.00409	0.06442	0.00635	0.00562
7	0.02009	0.01744	0.02081	0.15081	0.12987	0.06918	0.01512	0.27499	0.12488	0.02937	0.01588	0.01780	0.01206	0.00800	0.00795	0.00218	0.06213	0.00624	0.00514	0.01010
8	0.03070	0.01164	0.01588	0.01217	0.01746	0.01006	0.01006	0.03334	0.01958	0.72163	0.02699	0.02329	0.01694	0.00847	0.00688	0.00212	0.00582	0.00688	0.00847	0.01164
9	0.03070	0.01164	0.01588	0.01217	0.01746	0.01006	0.01006	0.03334	0.01958	0.72163	0.02699	0.02329	0.01694	0.00847	0.00688	0.00212	0.00582	0.00688	0.00847	0.01164
10	0.00862	0.00638	0.00808	0.00899	0.00998	0.00583	0.00630	0.01034	0.01478	0.01959	0.16900	0.48269	0.16662	0.01925	0.00852	0.00259	0.00381	0.03628	0.00657	0.00578
11	0.01495	0.01696	0.09581	0.30471	0.27660	0.01600	0.13622	0.01988	0.01484	0.02035	0.01271	0.01745	0.00989	0.00636	0.00700	0.00219	0.00929	0.00633	0.00322	0.00925
12	0.02240	0.02099	0.13377	0.01524	0.02021	0.17498	0.01366	0.02911	0.15960	0.24300	0.03717	0.02001	0.01526	0.00835	0.00768	0.00214	0.05438	0.00628	0.00576	0.01000
13	0.02146	0.01528	0.01677	0.01407	0.01857	0.01689	0.01123	0.19546	0.42818	0.14666	0.02493	0.02295	0.01799	0.00889	0.00692	0.00222	0.00599	0.00721	0.00718	0.01116
14	0.00954	0.00773	0.01008	0.01062	0.01137	0.00828	0.00784	0.01100	0.01327	0.01766	0.03864	0.46754	0.16103	0.01897	0.01092	0.00275	0.12681	0.05417	0.00579	0.00596
15	0.02281	0.21147	0.02438	0.01886	0.09724	0.47866	0.01371	0.02493	0.01761	0.01720	0.01057	0.01251	0.00903	0.00665	0.00580	0.00172	0.01063	0.00441	0.00336	0.00846
16	0.01466	0.02935	0.49290	0.02480	0.14423	0.01619	0.13782	0.02160	0.01492	0.02182	0.01264	0.01554	0.00932	0.00631	0.00681	0.00217	0.01002	0.00574	0.00307	0.01008
17	0.02813	0.01168	0.01545	0.01214	0.01708	0.01054	0.00993	0.03247	0.08765	0.61297	0.06640	0.02510	0.02006	0.00886	0.00696	0.00214	0.00563	0.00728	0.00826	0.01126
18	0.01392	0.01312	0.02192	0.26652	0.27566	0.01430	0.05572	0.01775	0.01473	0.01999	0.04361	0.05411	0.06354	0.00900	0.00814	0.00230	0.05085	0.04243	0.00388	0.00852
19	0.07134	0.00941	0.01394	0.04257	0.01612	0.00919	0.09945	0.03625	0.01498	0.06561	0.05558	0.39075	0.09274	0.01564	0.00800	0.00253	0.00554	0.03757	0.00586	0.00693
20	0.02992	0.01182	0.01585	0.01227	0.01748	0.01045	0.01010	0.03351	0.05847	0.68228	0.02704	0.02341	0.01716	0.00851	0.00688	0.00213	0.00580	0.00693	0.00838	0.01160
21	0.00890	0.00715	0.00806	0.00836	0.01044	0.00631	0.00662	0.01109	0.01599	0.01979	0.12374	0.06696	0.50103	0.01736	0.00839	0.00248	0.00408	0.16087	0.00645	0.00596
22	0.01643	0.18444	0.23182	0.06258	0.02965	0.07220	0.26607	0.02169	0.01528	0.01995	0.01212	0.01523	0.00936	0.00615	0.00662	0.00204	0.01014	0.00587	0.00316	0.00919
23	0.09349	0.01768	0.01841	0.07078	0.10588	0.11988	0.01328	0.20811	0.14158	0.05073	0.01828	0.02267	0.01478	0.00865	0.00675	0.00218	0.00767	0.06408	0.00545	0.00971
24	0.00908	0.00714	0.00819	0.00849	0.01041	0.00640	0.00665	0.01123	0.01579	0.01979	0.14166	0.06534	0.43438	0.06041	0.00995	0.00274	0.00427	0.16583	0.00636	0.00589
25	0.01784	0.01492	0.01598	0.01356	0.01802	0.01631	0.01069	0.12759	0.49394	0.02965	0.02361	0.02235	0.01778	0.00843	0.00663	0.00207	0.00566	0.00690	0.00646	0.14159
26	0.01652	0.05823	0.02463	0.12316	0.43954	0.01691	0.01800	0.02387	0.16528	0.02274	0.01585	0.01863	0.01269	0.00687	0.00669	0.00209	0.00762	0.00631	0.00409	0.01031
27	0.00964	0.00674	0.00766	0.00757	0.00817	0.00648	0.00468	0.01042	0.01232	0.01636	0.14276	0.04886	0.13082	0.52932	0.02655	0.00527	0.00561	0.01100	0.00502	0.00476
28	0.02175	0.01996	0.01817	0.01550	0.01960	0.17638	0.01231	0.26530	0.25750	0.03028	0.01956	0.02113	0.01523	0.00893	0.00749	0.00217	0.03833	0.03432	0.00597	0.01014
29	0.06304	0.01460	0.01604	0.01362	0.01799	0.01602	0.01092	0.15980	0.37924	0.16359	0.02488	0.02477	0.01842	0.00917	0.00688	0.00225	0.00593	0.03501	0.00705	0.01077
30	0.00861	0.00607	0.00786	0.00918	0.00951	0.00574	0.00598	0.00960	0.01257	0.01676	0.03499	0.63577	0.04183	0.14543	0.01312	0.00343	0.00442	0.01785	0.00598	0.00532
31	0.02601	0.01916	0.02053	0.01574	0.02122	0.02122	0.01300	0.69408	0.03217	0.04312	0.01643	0.01643	0.01163	0.00821	0.00684	0.00205	0.00753	0.00616	0.00684	0.01163
32	0.01451	0.00934	0.01087	0.00950	0.01219	0.00892	0.00725	0.11351	0.01901	0.12085	0.24414	0.04582	0.23726	0.10317	0.01095	0.00272	0.00469	0.01103	0.00680	0.00744

[dist]
# distance from previous block
# <min> <max>
0	1

[block]
# block no. 2 follows, 31 sequences, length 38
# corresponding to MSA columns:
# 185-222
name=unknown_C
#
# <colnr> <probs for GDERKNQSTAVLIFYWHMCP>
#	G	D	E	R	K	N	Q	S	T	A	V	L	I	F	Y	W	H	M	C	P
0	0.02323	0.01862	0.02011	0.13453	0.02521	0.06761	0.01385	0.49436	0.07380	0.03618	0.01611	0.01706	0.01166	0.00798	0.00681	0.00209	0.00797	0.00614	0.00601	0.01067
1	0.01810	0.01443	0.01571	0.01348	0.01676	0.06284	0.01071	0.29994	0.06541	0.02806	0.01775	0.02211	0.01480	0.05416	0.30693	0.00591	0.01213	0.00677	0.00522	0.00878
2	0.01292	0.01216	0.02052	0.74312	0.04712	0.01520	0.01900	0.01748	0.01368	0.01748	0.01216	0.01824	0.00912	0.00684	0.00684	0.00228	0.00912	0.00608	0.00304	0.00760
3	0.01431	0.12905	0.63561	0.01850	0.02806	0.01733	0.02353	0.02151	0.01437	0.02095	0.01192	0.01400	0.00868	0.00642	0.00623	0.00208	0.00975	0.00488	0.00289	0.00994
4	0.01603	0.01930	0.07467	0.02837	0.03545	0.01723	0.65859	0.02190	0.01606	0.02190	0.01376	0.01825	0.01029	0.00580	0.00799	0.00230	0.01146	0.00792	0.00343	0.00927
5	0.00949	0.00761	0.01005	0.00993	0.01194	0.00693	0.04056	0.01197	0.01608	0.02069	0.17730	0.14362	0.32323	0.01697	0.00847	0.00253	0.00453	0.16552	0.00642	0.00617
6	0.03070	0.01164	0.01588	0.01217	0.01746	0.01006	0.01006	0.03334	0.01958	0.72163	0.02699	0.02329	0.01694	0.00847	0.00688	0.00212	0.00582	0.00688	0.00847	0.01164
7	0.00819	0.00693	0.00707	0.00704	0.00930	0.00582	0.00528	0.01002	0.01584	0.01906	0.11112	0.06488	0.67193	0.01711	0.00808	0.00230	0.00345	0.01430	0.00643	0.00582
8	0.01383	0.03463	0.69357	0.01992	0.02988	0.01595	0.05506	0.02168	0.01452	0.02168	0.01235	0.01462	0.00874	0.00647	0.00657	0.00217	0.01017	0.00519	0.00291	0.01007
9	0.01829	0.76368	0.03585	0.01171	0.01756	0.02707	0.01171	0.02049	0.01390	0.01610	0.00951	0.01097	0.00878	0.00585	0.00439	0.00146	0.00732	0.00366	0.00293	0.00878
10	0.01275	0.00638	0.00638	0.00638	0.00797	0.00638	0.00478	0.01594	0.01435	0.02551	0.02232	0.02551	0.01754	0.00797	0.00478	0.00159	0.00319	0.00638	0.79755	0.00638
11	0.01681	0.01660	0.02977	0.03990	0.60875	0.01642	0.12753	0.02114	0.01567	0.02228	0.01302	0.01717	0.01076	0.00604	0.00698	0.00208	0.00867	0.00641	0.00340	0.01058
12	0.01372	0.03539	0.72412	0.01950	0.02961	0.01589	0.02528	0.02167	0.01444	0.02167	0.01228	0.01444	0.00867	0.00650	0.00650	0.00217	0.01011	0.00506	0.00289	0.01011
13	0.00834	0.00595	0.00794	0.00953	0.00992	0.00556	0.00635	0.00953	0.01310	0.01746	0.03771	0.75510	0.04525	0.02143	0.00873	0.00278	0.00397	0.01945	0.00635	0.00556
14	0.00862	0.00622	0.00817	0.00923	0.00996	0.00576	0.00633	0.01028	0.01457	0.01969	0.18737	0.57569	0.07339	0.01965	0.00856	0.00262	0.00379	0.01771	0.00661	0.00576
15	0.14723	0.64113	0.03164	0.01126	0.01685	0.02516	0.01100	0.02042	0.01353	0.01848	0.00951	0.01100	0.00856	0.00593	0.00436	0.00157	0.00699	0.00367	0.00314	0.00856
16	0.00993	0.00672	0.00789	0.00789	0.00804	0.00687	0.00468	0.01022	0.01008	0.01358	0.02116	0.04259	0.02393	0.67345	0.11965	0.00716	0.00805	0.00963	0.00409	0.00438
17	0.02601	0.01916	0.02053	0.01574	0.02122	0.02122	0.01300	0.69408	0.03217	0.04312	0.01643	0.01643	0.01163	0.00821	0.00684	0.00205	0.00753	0.00616	0.00684	0.01163
18	0.00952	0.00699	0.00892	0.00844	0.01012	0.00639	0.00633	0.01260	0.01899	0.02654	0.64918	0.05257	0.12921	0.01432	0.00807	0.00217	0.00325	0.01258	0.00741	0.00639
19	0.02305	0.01720	0.01850	0.01492	0.01981	0.01916	0.01208	0.42707	0.27059	0.07200	0.02102	0.02000	0.01519	0.00861	0.00689	0.00215	0.00669	0.00676	0.00697	0.01135
20	0.01372	0.03539	0.72412	0.01950	0.02961	0.01589	0.02528	0.02167	0.01444	0.02167	0.01228	0.01444	0.00867	0.00650	0.00650	0.00217	0.01011	0.00506	0.00289	0.01011
21	0.00832	0.00601	0.00788	0.00938	0.00988	0.00557	0.00629	0.00954	0.01324	0.01752	0.03950	0.71605	0.08315	0.02120	0.00870	0.00275	0.00394	0.01917	0.00635	0.00557
22	0.03006	0.01207	0.01607	0.01239	0.01764	0.01077	0.01021	0.06295	0.04140	0.66981	0.02655	0.02305	0.01682	0.00848	0.00688	0.00212	0.00589	0.00687	0.00835	0.01162
23	0.01188	0.00594	0.00891	0.00891	0.00891	0.00594	0.00594	0.00891	0.00891	0.01188	0.01188	0.02080	0.01188	0.02377	0.02674	0.80095	0.00594	0.00594	0.00297	0.00297
24	0.02601	0.01916	0.02053	0.01574	0.02122	0.02122	0.01300	0.69408	0.03217	0.04312	0.01643	0.01643	0.01163	0.00821	0.00684	0.00205	0.00753	0.00616	0.00684	0.01163
25	0.00893	0.00638	0.00862	0.01020	0.01086	0.00607	0.00738	0.01055	0.01368	0.01813	0.03738	0.60598	0.04396	0.02088	0.00889	0.00286	0.00448	0.16273	0.00634	0.00572
26	0.33252	0.03043	0.01249	0.01061	0.01429	0.01262	0.00841	0.06349	0.05375	0.18553	0.02150	0.18771	0.01941	0.01060	0.00620	0.00226	0.00530	0.00846	0.00597	0.00843
27	0.01355	0.03417	0.69346	0.01903	0.02878	0.01548	0.02447	0.02129	0.01466	0.02191	0.04233	0.01602	0.01106	0.00682	0.00657	0.00217	0.00982	0.00537	0.00309	0.00995
28	0.01102	0.00787	0.01102	0.01260	0.01417	0.00787	0.01102	0.01417	0.01575	0.02047	0.03622	0.07717	0.03937	0.01890	0.00945	0.00315	0.00630	0.67084	0.00630	0.00630
29	0.01758	0.01959	0.04217	0.29324	0.24502	0.20178	0.04354	0.02139	0.01586	0.01906	0.01203	0.01621	0.00960	0.00662	0.00668	0.00207	0.00977	0.00570	0.00328	0.00881
30	0.01636	0.01752	0.08859	0.24125	0.38973	0.03854	0.02002	0.06655	0.01618	0.02213	0.01278	0.01691	0.01013	0.00652	0.00675	0.00211	0.00869	0.00595	0.00348	0.00979
31	0.00813	0.00677	0.00710	0.00735	0.00935	0.00574	0.00539	0.00977	0.01519	0.01832	0.06415	0.17840	0.60489	0.01800	0.00819	0.00239	0.00355	0.01526	0.00635	0.00574
32	0.01350	0.01306	0.02173	0.56304	0.04086	0.01643	0.05636	0.01754	0.01320	0.01754	0.01164	0.01762	0.00916	0.00777	0.00992	0.00242	0.15133	0.00618	0.00305	0.00767
33	0.17313	0.05272	0.01609	0.01199	0.01696	0.03986	0.00991	0.05012	0.06626	0.46061	0.02195	0.01992	0.01455	0.00793	0.00624	0.00208	0.00607	0.00607	0.00705	0.01051
34	0.75627	0.01316	0.01073	0.05667	0.01543	0.01534	0.00816	0.01994	0.01178	0.02984	0.00970	0.01158	0.00752	0.00638	0.00440	0.00213	0.00554	0.00386	0.00416	0.00742
35	0.17185	0.27567	0.02260	0.01351	0.05187	0.01967	0.01100	0.19305	0.01836	0.05124	0.01534	0.09906	0.01385	0.00846	0.00570	0.00194	0.00658	0.00637	0.00480	0.00908
36	0.18276	0.01738	0.02114	0.12031	0.24147	0.10579	0.05125	0.08306	0.06963	0.02507	0.01332	0.01602	0.01046	0.00679	0.00627	0.00209	0.00811	0.00562	0.00413	0.00932
37	0.02019	0.04363	0.05233	0.03632	0.01947	0.44716	0.01212	0.04361	0.03967	0.01852	0.02276	0.07009	0.12682	0.00970	0.00669	0.00197	0.00965	0.00724	0.00432	0.00775

[dist]
# distance from previous block
# <min> <max>
1	10

[block]
# block no. 3 follows, 31 sequences, length 69
# corresponding to MSA columns:
# 233-301
name=unknown_D
#
# <colnr> <probs for GDERKNQSTAVLIFYWHMCP>
#	G	D	E	R	K	N	Q	S	T	A	V	L	I	F	Y	W	H	M	C	P
0	0.01836	0.01756	0.11207	0.01869	0.02271	0.01702	0.14283	0.04092	0.01459	0.15580	0.01415	0.01718	0.01087	0.00903	0.01352	0.00248	0.31887	0.00636	0.00428	0.04268
1	0.01577	0.04190	0.01462	0.01225	0.01471	0.01186	0.00989	0.08900	0.01478	0.13752	0.01851	0.02360	0.01554	0.03467	0.44956	0.00755	0.06883	0.00687	0.00473	0.00784
2	0.25624	0.06155	0.45154	0.01625	0.02427	0.01629	0.04176	0.02115	0.01362	0.02417	0.01136	0.01340	0.00835	0.00640	0.00576	0.00212	0.00856	0.00468	0.00332	0.00920
3	0.80789	0.01323	0.01006	0.00900	0.01323	0.01535	0.00741	0.02011	0.01164	0.03070	0.00953	0.01111	0.00741	0.00635	0.00423	0.00212	0.00529	0.00370	0.00423	0.00741
4	0.02479	0.10999	0.02113	0.01700	0.02077	0.65747	0.01306	0.02660	0.01881	0.01668	0.01046	0.01219	0.00881	0.00692	0.00598	0.00173	0.01181	0.00433	0.00346	0.00802
5	0.00845	0.00603	0.00807	0.00966	0.01010	0.00565	0.00655	0.00972	0.01321	0.01759	0.03765	0.72664	0.04500	0.02133	0.00876	0.00279	0.00407	0.04679	0.00635	0.00559
6	0.01656	0.01848	0.10872	0.03938	0.63699	0.01621	0.02149	0.02107	0.01545	0.02227	0.01280	0.01664	0.01058	0.00614	0.00674	0.00205	0.00836	0.00597	0.00333	0.01075
7	0.02824	0.01241	0.01597	0.01259	0.01765	0.01160	0.01029	0.05620	0.13520	0.58212	0.02678	0.02343	0.01742	0.00860	0.00689	0.00215	0.00581	0.00700	0.00816	0.01151
8	0.01188	0.00594	0.00891	0.00891	0.00891	0.00594	0.00594	0.00891	0.00891	0.01188	0.01188	0.02080	0.01188	0.02377	0.02674	0.80095	0.00594	0.00594	0.00297	0.00297
9	0.00834	0.00595	0.00794	0.00953	0.00992	0.00556	0.00635	0.00953	0.01310	0.01746	0.03771	0.75510	0.04525	0.02143	0.00873	0.00278	0.00397	0.01945	0.00635	0.00556
10	0.02601	0.01916	0.02053	0.01574	0.02122	0.02122	0.01300	0.69408	0.03217	0.04312	0.01643	0.01643	0.01163	0.00821	0.00684	0.00205	0.00753	0.00616	0.00684	0.01163
11	0.03070	0.01164	0.01588	0.01217	0.01746	0.01006	0.01006	0.03334	0.01958	0.72163	0.02699	0.02329	0.01694	0.00847	0.00688	0.00212	0.00582	0.00688	0.00847	0.01164
12	0.03070	0.01164	0.01588	0.01217	0.01746	0.01006	0.01006	0.03334	0.01958	0.72163	0.02699	0.02329	0.01694	0.00847	0.00688	0.00212	0.00582	0.00688	0.00847	0.01164
13	0.00889	0.00635	0.00855	0.00997	0.01066	0.00601	0.00714	0.01056	0.01401	0.01871	0.08772	0.58871	0.04570	0.02045	0.00880	0.00279	0.00431	0.12847	0.00643	0.00575
14	0.08418	0.01872	0.01975	0.01524	0.02062	0.02078	0.01259	0.64393	0.03064	0.04219	0.01591	0.01603	0.01132	0.00807	0.00665	0.00206	0.00736	0.00598	0.00665	0.01132
15	0.02556	0.03261	0.01939	0.01763	0.02115	0.73210	0.01322	0.02732	0.01939	0.01674	0.01058	0.01234	0.00881	0.00705	0.00617	0.00176	0.01234	0.00441	0.00353	0.00793
16	0.01615	0.01845	0.04037	0.02884	0.03576	0.01730	0.69204	0.02191	0.01615	0.02191	0.01384	0.01845	0.01038	0.00577	0.00807	0.00231	0.01153	0.00807	0.00346	0.00923
17	0.01829	0.76368	0.03585	0.01171	0.01756	0.02707	0.01171	0.02049	0.01390	0.01610	0.00951	0.01097	0.00878	0.00585	0.00439	0.00146	0.00732	0.00366	0.00293	0.00878
18	0.01702	0.01470	0.01547	0.01392	0.01779	0.01702	0.01083	0.03635	0.70453	0.02862	0.02785	0.02553	0.02088	0.00928	0.00696	0.00232	0.00541	0.00773	0.00696	0.01083
19	0.01275	0.00638	0.00638	0.00638	0.00797	0.00638	0.00478	0.01594	0.01435	0.02551	0.02232	0.02551	0.01754	0.00797	0.00478	0.00159	0.00319	0.00638	0.79755	0.00638
20	0.00831	0.00604	0.00785	0.00929	0.00986	0.00558	0.00625	0.00955	0.01332	0.01756	0.04054	0.69329	0.10523	0.02107	0.00867	0.00274	0.00392	0.01900	0.00635	0.00558
21	0.01372	0.03539	0.72412	0.01950	0.02961	0.01589	0.02528	0.02167	0.01444	0.02167	0.01228	0.01444	0.00867	0.00650	0.00650	0.00217	0.01011	0.00506	0.00289	0.01011
22	0.80789	0.01323	0.01006	0.00900	0.01323	0.01535	0.00741	0.02011	0.01164	0.03070	0.00953	0.01111	0.00741	0.00635	0.00423	0.00212	0.00529	0.00370	0.00423	0.00741
23	0.00995	0.00663	0.00746	0.00746	0.00746	0.00663	0.00415	0.00995	0.00995	0.01327	0.02156	0.04477	0.02487	0.75957	0.03482	0.00663	0.00663	0.00995	0.00415	0.00415
24	0.01406	0.08958	0.67291	0.01892	0.02871	0.01672	0.02427	0.02158	0.01440	0.02125	0.01207	0.01419	0.00867	0.00645	0.00634	0.00211	0.00990	0.00495	0.00289	0.01001
25	0.80789	0.01323	0.01006	0.00900	0.01323	0.01535	0.00741	0.02011	0.01164	0.03070	0.00953	0.01111	0.00741	0.00635	0.00423	0.00212	0.00529	0.00370	0.00423	0.00741
26	0.01702	0.01470	0.01547	0.01392	0.01779	0.01702	0.01083	0.03635	0.70453	0.02862	0.02785	0.02553	0.02088	0.00928	0.00696	0.00232	0.00541	0.00773	0.00696	0.01083
27	0.01824	0.56869	0.14997	0.01360	0.01994	0.09512	0.01414	0.02136	0.01454	0.01710	0.01008	0.01169	0.00876	0.00608	0.00492	0.00161	0.00828	0.00397	0.00298	0.00892
28	0.04314	0.01275	0.02161	0.64250	0.04420	0.01552	0.06853	0.01788	0.01370	0.01828	0.01210	0.01790	0.00915	0.00688	0.00726	0.00230	0.02935	0.00614	0.00311	0.00771
29	0.01543	0.01559	0.02184	0.25586	0.14515	0.07122	0.01715	0.01836	0.01303	0.01780	0.01078	0.01616	0.00933	0.00896	0.01357	0.00251	0.33011	0.00592	0.00311	0.00812
30	0.00870	0.00636	0.00851	0.00950	0.01029	0.00617	0.00665	0.01035	0.01356	0.01829	0.10604	0.51278	0.08861	0.02541	0.13034	0.00406	0.00627	0.01634	0.00602	0.00576
31	0.01332	0.03127	0.61149	0.07242	0.02928	0.01504	0.02322	0.02062	0.01480	0.02184	0.07137	0.01782	0.01341	0.00716	0.00666	0.00217	0.00946	0.00575	0.00329	0.00962
32	0.08771	0.04772	0.13808	0.07055	0.02351	0.26321	0.01522	0.17638	0.01959	0.02479	0.01208	0.01411	0.00935	0.00747	0.00738	0.00204	0.06252	0.00507	0.00414	0.00907
33	0.01091	0.00857	0.00884	0.00897	0.00944	0.06067	0.00573	0.01152	0.01136	0.01456	0.02313	0.13783	0.02624	0.51834	0.08842	0.00601	0.00769	0.03248	0.00443	0.00486
34	0.00835	0.00694	0.00730	0.00721	0.00941	0.00589	0.00541	0.01034	0.01623	0.01999	0.17765	0.06336	0.60483	0.01676	0.00808	0.00228	0.00343	0.01409	0.00655	0.00589
35	0.01730	0.01597	0.02420	0.25369	0.38578	0.04121	0.01896	0.11745	0.01752	0.02366	0.01309	0.01710	0.01035	0.00666	0.00678	0.00210	0.00849	0.00604	0.00378	0.00985
36	0.80789	0.01323	0.01006	0.00900	0.01323	0.01535	0.00741	0.02011	0.01164	0.03070	0.00953	0.01111	0.00741	0.00635	0.00423	0.00212	0.00529	0.00370	0.00423	0.00741
37	0.02566	0.01899	0.02034	0.01567	0.02108	0.02105	0.01292	0.66853	0.05828	0.04255	0.01687	0.01678	0.01199	0.00825	0.00685	0.00206	0.00745	0.00622	0.00685	0.01160
38	0.00839	0.00604	0.00795	0.00938	0.00991	0.00561	0.00631	0.00969	0.01349	0.01796	0.07004	0.69511	0.07293	0.02093	0.00868	0.00273	0.00391	0.01892	0.00641	0.00561
39	0.01669	0.01508	0.02113	0.14565	0.23516	0.01668	0.03875	0.05828	0.32521	0.02528	0.01967	0.02104	0.01508	0.00774	0.00692	0.00221	0.00717	0.00690	0.00509	0.01027
40	0.01618	0.01837	0.03986	0.02936	0.06304	0.01726	0.66516	0.02188	0.01612	0.02193	0.01380	0.01839	0.01040	0.00578	0.00802	0.00230	0.01140	0.00799	0.00346	0.00929
41	0.00968	0.00699	0.00914	0.00861	0.01022	0.00646	0.00646	0.01291	0.01937	0.02743	0.71328	0.05110	0.06455	0.01399	0.00807	0.00215	0.00323	0.01237	0.00753	0.00646
42	0.01702	0.01470	0.01547	0.01392	0.01779	0.01702	0.01083	0.03635	0.70453	0.02862	0.02785	0.02553	0.02088	0.00928	0.00696	0.00232	0.00541	0.00773	0.00696	0.01083
43	0.01582	0.01793	0.03900	0.02802	0.03466	0.01680	0.66301	0.02139	0.01602	0.02173	0.01485	0.04964	0.01186	0.00643	0.00810	0.00233	0.01121	0.00856	0.00358	0.00907
44	0.00834	0.00595	0.00794	0.00953	0.00992	0.00556	0.00635	0.00953	0.01310	0.01746	0.03771	0.75510	0.04525	0.02143	0.00873	0.00278	0.00397	0.01945	0.00635	0.00556
45	0.00835	0.00694	0.00730	0.00721	0.00941	0.00589	0.00541	0.01034	0.01623	0.01999	0.17761	0.06336	0.60487	0.01676	0.00808	0.00228	0.00343	0.01409	0.00655	0.00589
46	0.22196	0.01734	0.01752	0.01391	0.01895	0.01943	0.01143	0.47568	0.07701	0.03891	0.01554	0.01577	0.01126	0.00782	0.00620	0.00209	0.00681	0.00566	0.00620	0.01051
47	0.02556	0.03261	0.01939	0.01763	0.02115	0.73210	0.01322	0.02732	0.01939	0.01674	0.01058	0.01234	0.00881	0.00705	0.00617	0.00176	0.01234	0.00441	0.00353	0.00793
48	0.00968	0.00699	0.00914	0.00861	0.01022	0.00646	0.00646	0.01291	0.01937	0.02743	0.71328	0.05110	0.06455	0.01399	0.00807	0.00215	0.00323	0.01237	0.00753	0.00646
49	0.00834	0.00595	0.00794	0.00953	0.00992	0.00556	0.00635	0.00953	0.01310	0.01746	0.03771	0.75510	0.04525	0.02143	0.00873	0.00278	0.00397	0.01945	0.00635	0.00556
50	0.05576	0.13966	0.01893	0.01250	0.01733	0.01607	0.01048	0.12903	0.17460	0.26297	0.02507	0.02334	0.06713	0.00874	0.00645	0.00206	0.00604	0.00685	0.00662	0.01036
51	0.00910	0.00650	0.00882	0.01040	0.01113	0.00622	0.00768	0.01085	0.01385	0.01832	0.03729	0.56242	0.04358	0.02071	0.00894	0.00288	0.00463	0.20459	0.00634	0.00577
52	0.00977	0.00733	0.01100	0.01100	0.01222	0.00855	0.00855	0.01222	0.01100	0.01588	0.01833	0.02688	0.01710	0.05131	0.73245	0.01100	0.01833	0.00733	0.00367	0.00611
53	0.01497	0.01240	0.01350	0.01227	0.01548	0.01390	0.00948	0.02957	0.50259	0.02820	0.20366	0.03209	0.03197	0.01044	0.00716	0.00225	0.00477	0.00887	0.03687	0.00954
54	0.01615	0.01845	0.04037	0.02884	0.03576	0.01730	0.69204	0.02191	0.01615	0.02191	0.01384	0.01845	0.01038	0.00577	0.00807	0.00231	0.01153	0.00807	0.00346	0.00923
55	0.00846	0.00604	0.00808	0.00967	0.01012	0.00566	0.00657	0.00974	0.01322	0.01760	0.03764	0.72392	0.04498	0.02132	0.00877	0.00280	0.00408	0.04940	0.00635	0.00559
56	0.01675	0.01793	0.02069	0.01790	0.01850	0.14056	0.01467	0.01829	0.01198	0.01651	0.00925	0.01453	0.00895	0.01115	0.01971	0.00279	0.62348	0.00572	0.00308	0.00756
57	0.02489	0.03971	0.01931	0.06989	0.02177	0.01776	0.01246	0.38668	0.10323	0.20327	0.01974	0.01909	0.01369	0.00822	0.00679	0.00210	0.00699	0.00643	0.00684	0.01115
58	0.00960	0.00697	0.00891	0.01007	0.01087	0.00682	0.00700	0.03834	0.04294	0.01900	0.03590	0.63768	0.04198	0.04143	0.00937	0.00286	0.00438	0.05354	0.00633	0.00602
59	0.01419	0.01216	0.01419	0.01013	0.01621	0.00912	0.00811	0.01723	0.01419	0.02229	0.01216	0.01419	0.01013	0.00507	0.00507	0.00101	0.00507	0.00405	0.00405	0.80139
60	0.00995	0.00663	0.00746	0.00746	0.00746	0.00663	0.00415	0.00995	0.00995	0.01327	0.02156	0.04477	0.02487	0.75957	0.03482	0.00663	0.00663	0.00995	0.00415	0.00415
61	0.01553	0.01490	0.02550	0.26148	0.45033	0.01570	0.04829	0.01978	0.01495	0.02079	0.01266	0.01731	0.01025	0.00628	0.00678	0.00208	0.00847	0.00610	0.00331	0.03951
62	0.01806	0.01277	0.01509	0.01102	0.01691	0.01047	0.00891	0.08708	0.01686	0.13891	0.01501	0.01590	0.01140	0.00594	0.00554	0.00130	0.00543	0.00473	0.00505	0.59361
63	0.05057	0.01404	0.01588	0.03444	0.01837	0.01275	0.00970	0.19507	0.01878	0.02796	0.01317	0.01477	0.01038	0.00600	0.00555	0.00137	0.00585	0.00465	0.00476	0.53591
64	0.01292	0.01216	0.02052	0.74312	0.04712	0.01520	0.01900	0.01748	0.01368	0.01748	0.01216	0.01824	0.00912	0.00684	0.00684	0.00228	0.00912	0.00608	0.00304	0.00760
65	0.02316	0.07436	0.01983	0.01667	0.02006	0.56356	0.01282	0.02609	0.06347	0.01753	0.01355	0.01515	0.03382	0.00784	0.00739	0.00189	0.06593	0.00504	0.00377	0.00807
66	0.06051	0.04284	0.24970	0.01643	0.02221	0.14123	0.03726	0.10263	0.09733	0.02414	0.04392	0.01801	0.01348	0.01113	0.06490	0.00281	0.03204	0.00589	0.00429	0.00923
67	0.04329	0.06742	0.01846	0.06849	0.02079	0.05302	0.01202	0.18900	0.39249	0.02987	0.02133	0.02076	0.01600	0.00842	0.00663	0.00216	0.00665	0.00668	0.00612	0.01040
68	0.01616	0.03881	0.03321	0.04139	0.01661	0.06350	0.01013	0.13057	0.12308	0.06225	0.05085	0.05634	0.11990	0.09102	0.06405	0.00335	0.00737	0.05750	0.00571	0.00819

[dist]
# distance from previous block
# <min> <max>
0	28

[block]
# block no. 4 follows, 31 sequences, length 19
# corresponding to MSA columns:
# 330-348
name=unknown_E
#
# <colnr> <probs for GDERKNQSTAVLIFYWHMCP>
#	G	D	E	R	K	N	Q	S	T	A	V	L	I	F	Y	W	H	M	C	P
0	0.01760	0.07612	0.02057	0.05604	0.05828	0.01647	0.07145	0.18355	0.15749	0.02737	0.05046	0.02387	0.03858	0.00902	0.00770	0.02189	0.02656	0.03754	0.00535	0.09410
1	0.03562	0.09465	0.21201	0.02028	0.15717	0.08377	0.01646	0.02184	0.01516	0.11709	0.01563	0.05046	0.01295	0.03714	0.05004	0.00275	0.03729	0.00627	0.00410	0.00932
2	0.01279	0.00903	0.01049	0.00964	0.01093	0.00953	0.00663	0.13593	0.01484	0.02010	0.06079	0.06458	0.02439	0.44756	0.12833	0.00602	0.00819	0.00938	0.00485	0.00599
3	0.01419	0.01216	0.01419	0.01013	0.01621	0.00912	0.00811	0.01723	0.01419	0.02229	0.01216	0.01419	0.01013	0.00507	0.00507	0.00101	0.00507	0.00405	0.00405	0.80139
4	0.01750	0.11010	0.29384	0.02473	0.21153	0.06435	0.07877	0.02271	0.01558	0.07846	0.01335	0.01565	0.01010	0.00645	0.00648	0.00203	0.00918	0.00555	0.00358	0.01006
5	0.01188	0.00594	0.00891	0.00891	0.00891	0.00594	0.00594	0.00891	0.00891	0.01188	0.01188	0.02080	0.01188	0.02377	0.02674	0.80095	0.00594	0.00594	0.00297	0.00297
6	0.00990	0.00730	0.00960	0.01088	0.01235	0.00699	0.00894	0.01238	0.01517	0.01947	0.04287	0.21556	0.16991	0.01912	0.00904	0.00291	0.00527	0.40998	0.00632	0.00605
7	0.01885	0.01528	0.01597	0.01397	0.01804	0.04740	0.01109	0.12535	0.45656	0.06931	0.02542	0.02712	0.01982	0.00956	0.00702	0.00226	0.00609	0.05942	0.00670	0.04475
8	0.06245	0.21597	0.37692	0.01827	0.07254	0.10396	0.01909	0.02190	0.01481	0.02025	0.01126	0.01330	0.00879	0.00637	0.00582	0.00193	0.00925	0.00462	0.00309	0.00941
9	0.50391	0.03699	0.01341	0.01097	0.01539	0.01646	0.00899	0.10635	0.14173	0.06611	0.01461	0.01502	0.01092	0.00721	0.00519	0.00213	0.00568	0.00490	0.00523	0.00881
10	0.01793	0.70628	0.09010	0.01232	0.01851	0.02619	0.01278	0.02058	0.01394	0.01654	0.00973	0.01125	0.00877	0.00590	0.00456	0.00152	0.00754	0.00377	0.00292	0.00888
11	0.01572	0.02027	0.15922	0.06368	0.25708	0.01689	0.26515	0.02093	0.01509	0.02138	0.01277	0.01694	0.01005	0.00655	0.00843	0.00224	0.06801	0.00661	0.00327	0.00970
12	0.05755	0.09350	0.41818	0.01930	0.08004	0.04352	0.02016	0.14498	0.01777	0.02545	0.01264	0.01445	0.00933	0.00674	0.00627	0.00206	0.00907	0.00513	0.00375	0.01012
13	0.00889	0.00656	0.00885	0.01020	0.01067	0.00652	0.00716	0.01025	0.01317	0.01765	0.03613	0.66397	0.04294	0.02075	0.00949	0.00282	0.04204	0.07006	0.00618	0.00571
14	0.00933	0.00668	0.00901	0.01018	0.01113	0.00636	0.00763	0.01144	0.01504	0.02023	0.16937	0.43425	0.04743	0.01929	0.00880	0.00276	0.00445	0.19412	0.00657	0.00593
15	0.01398	0.05081	0.01796	0.11733	0.19424	0.05420	0.01344	0.01872	0.08090	0.02149	0.12006	0.10835	0.04674	0.01134	0.00744	0.00231	0.00670	0.10077	0.00504	0.00819
16	0.04932	0.01545	0.01786	0.12188	0.02276	0.03483	0.01279	0.34534	0.03962	0.09085	0.01988	0.02582	0.03183	0.03270	0.00847	0.00239	0.03381	0.07877	0.00595	0.00967
17	0.08007	0.01787	0.04126	0.03731	0.10491	0.09563	0.01404	0.21045	0.01875	0.02616	0.01450	0.08024	0.01301	0.00975	0.01082	0.00234	0.20242	0.00686	0.00458	0.00903
18	0.01660	0.08700	0.04944	0.03535	0.01964	0.04567	0.04211	0.09873	0.03793	0.02391	0.01291	0.01475	0.01037	0.00588	0.00558	0.00140	0.00655	0.00469	0.00423	0.47727

[dist]
# distance from previous block
# <min> <max>
0	4

[block]
# block no. 5 follows, 31 sequences, length 276
# corresponding to MSA columns:
# 353-628
name=unknown_F
#
# <colnr> <probs for GDERKNQSTAVLIFYWHMCP>
#	G	D	E	R	K	N	Q	S	T	A	V	L	I	F	Y	W	H	M	C	P
0	0.02025	0.01868	0.01947	0.04329	0.05590	0.15062	0.03344	0.26856	0.04091	0.02774	0.04346	0.06737	0.04047	0.00981	0.00947	0.00223	0.12666	0.00731	0.00517	0.00919
1	0.48302	0.01410	0.01462	0.05670	0.07546	0.04048	0.03242	0.04641	0.01457	0.12314	0.03361	0.01534	0.01109	0.00695	0.00536	0.00211	0.00630	0.00499	0.00481	0.00849
2	0.01174	0.00827	0.01145	0.01282	0.03593	0.00818	0.01042	0.01534	0.03685	0.04498	0.14379	0.08869	0.04140	0.01715	0.00896	0.00288	0.00575	0.48212	0.00650	0.00676
3	0.04052	0.01424	0.01983	0.06000	0.01905	0.01952	0.01442	0.01642	0.01126	0.01768	0.05341	0.01730	0.01243	0.01161	0.02003	0.00287	0.63233	0.00632	0.00332	0.00742
4	0.01524	0.00902	0.01152	0.00974	0.01278	0.00804	0.00756	0.03931	0.01880	0.17358	0.42983	0.03909	0.04429	0.03846	0.00836	0.00216	0.00428	0.00984	0.00713	0.11096
5	0.01921	0.67147	0.03377	0.01245	0.01801	0.11600	0.01190	0.02135	0.01459	0.01618	0.00965	0.01115	0.00878	0.00600	0.00461	0.00150	0.00795	0.00375	0.00300	0.00867
6	0.02569	0.01208	0.01527	0.01224	0.01682	0.01151	0.00987	0.07512	0.13176	0.48155	0.08354	0.02625	0.02147	0.03466	0.00794	0.00230	0.00568	0.00753	0.00789	0.01082
7	0.00937	0.00698	0.00871	0.00828	0.01003	0.00632	0.00621	0.01230	0.01862	0.02566	0.58583	0.05402	0.19311	0.01465	0.00807	0.00218	0.00327	0.01278	0.00730	0.00632
8	0.00968	0.00699	0.00914	0.00861	0.01022	0.00646	0.00646	0.01291	0.01937	0.02743	0.71328	0.05110	0.06455	0.01399	0.00807	0.00215	0.00323	0.01237	0.00753	0.00646
9	0.02879	0.01470	0.01777	0.01362	0.01899	0.01459	0.01125	0.30163	0.02469	0.44612	0.02270	0.02050	0.01478	0.00836	0.00687	0.00209	0.00651	0.00659	0.00781	0.01164
10	0.01110	0.00707	0.00912	0.00982	0.01101	0.00660	0.00688	0.03749	0.01476	0.08414	0.05911	0.59513	0.08299	0.01925	0.00843	0.00264	0.00422	0.01726	0.00660	0.00639
11	0.01829	0.76368	0.03585	0.01171	0.01756	0.02707	0.01171	0.02049	0.01390	0.01610	0.00951	0.01097	0.00878	0.00585	0.00439	0.00146	0.00732	0.00366	0.00293	0.00878
12	0.78047	0.01319	0.01042	0.03432	0.01440	0.01534	0.00781	0.02002	0.01171	0.03024	0.00962	0.01136	0.00747	0.00637	0.00432	0.00212	0.00542	0.00379	0.00419	0.00742
13	0.02311	0.01846	0.02087	0.01977	0.13318	0.04427	0.01396	0.45910	0.13446	0.03658	0.01744	0.01779	0.01286	0.00800	0.00683	0.00208	0.00746	0.00634	0.00619	0.01125
14	0.78066	0.03911	0.01094	0.00909	0.01338	0.01575	0.00756	0.02012	0.01172	0.03019	0.00953	0.01111	0.00746	0.00633	0.00424	0.00209	0.00536	0.00370	0.00419	0.00746
15	0.01525	0.04168	0.02351	0.18335	0.24067	0.01846	0.01760	0.01823	0.01288	0.01850	0.01090	0.01615	0.00958	0.00881	0.01354	0.00249	0.33073	0.00596	0.00312	0.00859
16	0.00978	0.00730	0.01087	0.01087	0.01205	0.00848	0.00839	0.01214	0.01096	0.01579	0.01844	0.02752	0.01738	0.07678	0.70737	0.01084	0.01790	0.00742	0.00368	0.00604
17	0.01359	0.01323	0.02149	0.64781	0.04443	0.03881	0.06054	0.01807	0.01404	0.01791	0.01221	0.01791	0.00923	0.00672	0.00683	0.00222	0.00923	0.00608	0.00312	0.03654
18	0.02130	0.01682	0.01788	0.01479	0.01942	0.01902	0.01186	0.34938	0.38453	0.03552	0.02241	0.02119	0.01648	0.00877	0.00691	0.00219	0.00642	0.00699	0.00691	0.01121
19	0.00809	0.00693	0.00693	0.00693	0.00924	0.00578	0.00520	0.00982	0.01559	0.01848	0.06931	0.06584	0.71411	0.01733	0.00809	0.00231	0.00347	0.01444	0.00635	0.00578
20	0.12252	0.01822	0.01630	0.01388	0.01825	0.17601	0.01096	0.09989	0.21852	0.20521	0.02027	0.01924	0.01451	0.00809	0.00641	0.00209	0.00728	0.00610	0.00622	0.01004
21	0.01475	0.07788	0.47251	0.02181	0.03068	0.01705	0.22588	0.02166	0.01492	0.02138	0.01257	0.01543	0.00919	0.00624	0.00684	0.00216	0.01036	0.00588	0.00306	0.00976
22	0.03070	0.01164	0.01588	0.01217	0.01746	0.01006	0.01006	0.03334	0.01958	0.72163	0.02699	0.02329	0.01694	0.00847	0.00688	0.00212	0.00582	0.00688	0.00847	0.01164
23	0.00845	0.00691	0.00746	0.00739	0.00948	0.00592	0.00552	0.01050	0.01636	0.02046	0.21272	0.08532	0.54629	0.01671	0.00810	0.00229	0.00343	0.01414	0.00662	0.00592
24	0.02076	0.08706	0.01828	0.01511	0.01822	0.48357	0.01158	0.02262	0.01686	0.01646	0.01455	0.01817	0.03737	0.04424	0.14246	0.00366	0.01248	0.00548	0.00363	0.00744
25	0.01898	0.11686	0.44435	0.01652	0.02478	0.01562	0.01941	0.02476	0.01580	0.21523	0.01603	0.01648	0.01097	0.00697	0.00635	0.00207	0.00858	0.00539	0.00444	0.01038
26	0.03070	0.01164	0.01588	0.01217	0.01746	0.01006	0.01006	0.03334	0.01958	0.72163	0.02699	0.02329	0.01694	0.00847	0.00688	0.00212	0.00582	0.00688	0.00847	0.01164
27	0.01419	0.01216	0.01419	0.01013	0.01621	0.00912	0.00811	0.01723	0.01419	0.02229	0.01216	0.01419	0.01013	0.00507	0.00507	0.00101	0.00507	0.00405	0.00405	0.80139
28	0.02586	0.02369	0.02015	0.01638	0.02119	0.26074	0.01308	0.46942	0.02786	0.03423	0.01445	0.01505	0.01068	0.00782	0.00662	0.00196	0.00915	0.00557	0.00573	0.01039
29	0.01185	0.01039	0.01498	0.01378	0.01452	0.01352	0.01112	0.01392	0.01079	0.01612	0.01458	0.02211	0.01385	0.03556	0.44820	0.00779	0.31007	0.00679	0.00340	0.00666
30	0.02599	0.01965	0.02049	0.01581	0.02121	0.04703	0.01301	0.66987	0.03170	0.04216	0.01621	0.01628	0.01153	0.00817	0.00682	0.00204	0.00770	0.00610	0.00672	0.01150
31	0.02276	0.02504	0.02022	0.01929	0.09071	0.39602	0.03313	0.12715	0.13146	0.02348	0.01461	0.01577	0.01147	0.00739	0.00648	0.00192	0.00984	0.00547	0.00458	0.03321
32	0.01369	0.01295	0.02191	0.60835	0.17587	0.01540	0.01938	0.01816	0.01404	0.01842	0.01230	0.01799	0.00945	0.00670	0.00683	0.00223	0.00893	0.00608	0.00311	0.00822
33	0.01292	0.01216	0.02052	0.74312	0.04712	0.01520	0.01900	0.01748	0.01368	0.01748	0.01216	0.01824	0.00912	0.00684	0.00684	0.00228	0.00912	0.00608	0.00304	0.00760
34	0.01027	0.00799	0.01167	0.01139	0.01242	0.00957	0.00884	0.01245	0.01087	0.01575	0.01769	0.02703	0.01690	0.09745	0.61755	0.00995	0.08510	0.00739	0.00364	0.00610
35	0.00912	0.00694	0.00838	0.00810	0.00989	0.00620	0.00604	0.01178	0.01791	0.02417	0.47980	0.08137	0.27470	0.01534	0.00810	0.00223	0.00333	0.01330	0.00711	0.00620
36	0.00809	0.00693	0.00693	0.00693	0.00924	0.00578	0.00520	0.00982	0.01559	0.01848	0.06931	0.06584	0.71411	0.01733	0.00809	0.00231	0.00347	0.01444	0.00635	0.00578
37	0.00977	0.00733	0.01100	0.01100	0.01222	0.00855	0.00855	0.01222	0.01100	0.01588	0.01833	0.02688	0.01710	0.05131	0.73245	0.01100	0.01833	0.00733	0.00367	0.00611
38	0.01030	0.00714	0.00928	0.00866	0.01042	0.00655	0.00652	0.01346	0.01923	0.04960	0.66693	0.05075	0.08733	0.01393	0.00803	0.00216	0.00332	0.01227	0.00752	0.00660
39	0.01693	0.01626	0.02777	0.04199	0.71689	0.01626	0.02100	0.02100	0.01558	0.02235	0.01287	0.01693	0.01084	0.00610	0.00677	0.00203	0.00813	0.00610	0.00339	0.01084
40	0.01596	0.01545	0.02692	0.20284	0.51774	0.01608	0.06454	0.02025	0.01518	0.02120	0.01277	0.01733	0.01041	0.00625	0.00687	0.00211	0.00858	0.00622	0.00331	0.00998
41	0.80789	0.01323	0.01006	0.00900	0.01323	0.01535	0.00741	0.02011	0.01164	0.03070	0.00953	0.01111	0.00741	0.00635	0.00423	0.00212	0.00529	0.00370	0.00423	0.00741
