[name]
unknown

[dist]
# distance from previous block
# <min> <max>
0	627

[block]
# block no. 0 follows, 30 sequences, length 20
# corresponding to MSA columns:
# 627-646
name=unknown_A
#
# <colnr> <probs for GDERKNQSTAVLIFYWHMCP>
#	G	D	E	R	K	N	Q	S	T	A	V	L	I	F	Y	W	H	M	C	P
0	0.01752	0.01447	0.01766	0.03537	0.01984	0.01330	0.04695	0.18380	0.04965	0.02802	0.01516	0.01821	0.01225	0.00675	0.00608	0.00154	0.00633	0.02869	0.00499	0.47340
1	0.17038	0.05977	0.02000	0.01485	0.01996	0.05812	0.04713	0.38078	0.04793	0.06027	0.04385	0.01733	0.01341	0.00798	0.00643	0.00209	0.00741	0.00602	0.00598	0.01031
2	0.50121	0.06033	0.01514	0.04325	0.01744	0.01789	0.00987	0.18234	0.04549	0.03278	0.01230	0.01356	0.00933	0.00705	0.00520	0.00212	0.00625	0.00466	0.00494	0.00884
3	0.01372	0.00719	0.00727	0.00701	0.00884	0.00730	0.00532	0.05167	0.01559	0.02696	0.02245	0.02553	0.01757	0.00814	0.00499	0.00165	0.00349	0.00649	0.75204	0.00679
4	0.11943	0.01794	0.01912	0.01576	0.04779	0.01984	0.01242	0.54147	0.02854	0.04055	0.01610	0.01665	0.01166	0.00805	0.00653	0.00207	0.00717	0.00599	0.05192	0.01100
5	0.00825	0.00707	0.00707	0.00707	0.00943	0.00589	0.00530	0.01001	0.01591	0.01885	0.07069	0.06716	0.70839	0.01767	0.00825	0.00236	0.00353	0.01473	0.00648	0.00589
6	0.01318	0.01240	0.02093	0.73798	0.04806	0.01550	0.01938	0.01783	0.01395	0.01783	0.01240	0.01860	0.00930	0.00698	0.00698	0.00233	0.00930	0.00620	0.00310	0.00775
7	0.03131	0.01188	0.01619	0.01242	0.01781	0.01026	0.01026	0.03401	0.01997	0.71606	0.02753	0.02375	0.01727	0.00864	0.00702	0.00216	0.00594	0.00702	0.00864	0.01188
8	0.00841	0.00643	0.00773	0.00877	0.00987	0.00575	0.00606	0.00982	0.01427	0.01818	0.04994	0.50702	0.28193	0.02037	0.00867	0.00266	0.00387	0.01802	0.00648	0.00575
9	0.01212	0.00606	0.00909	0.00909	0.00909	0.00606	0.00606	0.00909	0.00909	0.01212	0.01212	0.02121	0.01212	0.02424	0.02727	0.79697	0.00606	0.00606	0.00303	0.00303
10	0.00825	0.00707	0.00707	0.00707	0.00943	0.00589	0.00530	0.01001	0.01591	0.01885	0.07069	0.06716	0.70839	0.01767	0.00825	0.00236	0.00353	0.01473	0.00648	0.00589
11	0.00869	0.00631	0.00808	0.00937	0.01004	0.00585	0.00637	0.01002	0.01373	0.01807	0.05986	0.59406	0.11958	0.06232	0.01033	0.00300	0.00419	0.03809	0.00638	0.00566
12	0.02484	0.02914	0.01900	0.01703	0.02077	0.56891	0.01291	0.06574	0.09364	0.04053	0.03376	0.01574	0.01237	0.00775	0.00650	0.00190	0.01108	0.00527	0.00443	0.00869
13	0.02559	0.02950	0.02007	0.04969	0.02277	0.54947	0.01370	0.16368	0.02221	0.02267	0.01209	0.01371	0.00960	0.00743	0.00646	0.00188	0.01143	0.00494	0.00427	0.00885
14	0.01201	0.01131	0.02059	0.01680	0.01961	0.01102	0.24889	0.01484	0.01422	0.01925	0.05622	0.29613	0.04997	0.11928	0.01318	0.00319	0.04848	0.01308	0.00497	0.00696
15	0.01827	0.68507	0.06056	0.01264	0.01839	0.02680	0.01266	0.02068	0.01398	0.01665	0.00977	0.01158	0.00896	0.00639	0.00573	0.00162	0.05441	0.00393	0.00299	0.00892
16	0.05066	0.01337	0.01568	0.01293	0.01743	0.01374	0.01033	0.10020	0.25267	0.32966	0.05339	0.02550	0.02008	0.04185	0.00825	0.00243	0.00589	0.00749	0.00756	0.01089
17	0.00979	0.00713	0.00920	0.00869	0.01037	0.00655	0.00651	0.01300	0.01954	0.02749	0.67288	0.05294	0.10082	0.01445	0.00823	0.00220	0.00331	0.01273	0.00762	0.00655
18	0.00961	0.00712	0.00896	0.00850	0.01026	0.00647	0.00638	0.01266	0.01913	0.02651	0.60484	0.05455	0.16947	0.01482	0.00823	0.00222	0.00333	0.01296	0.00749	0.00647
19	0.01014	0.00681	0.00784	0.00784	0.00792	0.00689	0.00451	0.01030	0.01022	0.01370	0.02178	0.04450	0.02486	0.70996	0.07962	0.00705	0.00753	0.00998	0.00420	0.00436

[dist]
# distance from previous block
# <min> <max>
0	7

[block]
# block no. 1 follows, 30 sequences, length 18
# corresponding to MSA columns:
# 654-671
name=unknown_B
#
# <colnr> <probs for GDERKNQSTAVLIFYWHMCP>
#	G	D	E	R	K	N	Q	S	T	A	V	L	I	F	Y	W	H	M	C	P
0	0.02576	0.01881	0.02013	0.01552	0.02088	0.02078	0.01279	0.64997	0.03178	0.04296	0.01709	0.01728	0.01221	0.00836	0.00686	0.00207	0.00743	0.00630	0.05146	0.01156
1	0.01318	0.01240	0.02093	0.73798	0.04806	0.01550	0.01938	0.01783	0.01395	0.01783	0.01240	0.01860	0.00930	0.00698	0.00698	0.00233	0.00930	0.00620	0.00310	0.00775
2	0.01341	0.01264	0.02134	0.69911	0.08515	0.01556	0.01949	0.01803	0.01406	0.01811	0.01244	0.01853	0.00940	0.00693	0.00697	0.00231	0.00925	0.00620	0.00312	0.00794
3	0.01015	0.00677	0.00761	0.00761	0.00761	0.00677	0.00423	0.01015	0.01015	0.01353	0.02199	0.04567	0.02537	0.75476	0.03552	0.00677	0.00677	0.01015	0.00423	0.00423
4	0.01571	0.01314	0.01514	0.01093	0.01706	0.01057	0.00878	0.08665	0.01636	0.02493	0.01285	0.01471	0.01049	0.00550	0.00535	0.00114	0.00543	0.00436	0.00443	0.71647
5	0.01035	0.00765	0.00974	0.00921	0.01096	0.00732	0.00690	0.01473	0.06796	0.02764	0.63107	0.07946	0.06184	0.01424	0.00818	0.00223	0.00348	0.01258	0.00759	0.00686
6	0.01090	0.00736	0.00966	0.00895	0.01078	0.00676	0.00676	0.01416	0.01976	0.06079	0.67512	0.05077	0.06353	0.01400	0.00817	0.00219	0.00342	0.01235	0.00773	0.00684
7	0.01486	0.03589	0.66870	0.01975	0.02959	0.06694	0.02490	0.02251	0.01509	0.02174	0.01240	0.01458	0.00885	0.00667	0.00661	0.00218	0.01048	0.00511	0.00299	0.01015
8	0.01613	0.01542	0.02627	0.23583	0.52711	0.01628	0.02085	0.02042	0.01535	0.02142	0.01293	0.01764	0.01057	0.00643	0.00693	0.00214	0.00857	0.00621	0.00336	0.01014
9	0.01393	0.01387	0.02557	0.57563	0.04541	0.01599	0.17210	0.01887	0.01453	0.01887	0.01280	0.01865	0.00960	0.00673	0.00727	0.00233	0.00987	0.00667	0.00320	0.00813
10	0.01212	0.00606	0.00909	0.00909	0.00909	0.00606	0.00606	0.00909	0.00909	0.01212	0.01212	0.02121	0.01212	0.02424	0.02727	0.79697	0.00606	0.00606	0.00303	0.00303
11	0.01351	0.01196	0.01929	0.57303	0.04048	0.01446	0.03770	0.01891	0.05509	0.01976	0.01482	0.02006	0.01123	0.00725	0.00674	0.00223	0.00833	0.00641	0.11092	0.00783
12	0.06687	0.01364	0.03639	0.01275	0.01766	0.01276	0.01067	0.15269	0.06190	0.39794	0.11827	0.02558	0.02246	0.00924	0.00703	0.00217	0.00597	0.00748	0.00771	0.01082
13	0.02794	0.01206	0.01578	0.01252	0.01737	0.01104	0.01027	0.08506	0.04141	0.55440	0.05212	0.02805	0.02028	0.03153	0.00805	0.00236	0.00602	0.04445	0.00816	0.01112
14	0.01241	0.00664	0.00712	0.00710	0.00858	0.00673	0.00525	0.01537	0.01420	0.02432	0.04789	0.02847	0.02015	0.06355	0.07418	0.00289	0.00493	0.00707	0.63681	0.00633
15	0.01820	0.02447	0.18574	0.03186	0.37801	0.15624	0.06161	0.02290	0.01642	0.02149	0.01259	0.01586	0.01011	0.00648	0.00680	0.00207	0.00981	0.00576	0.00337	0.01020
16	0.02075	0.01463	0.01885	0.14274	0.10375	0.01583	0.01371	0.17982	0.17448	0.15771	0.02270	0.04787	0.03771	0.00895	0.00711	0.00224	0.00696	0.00750	0.00620	0.01047
17	0.03862	0.17624	0.39750	0.01759	0.02516	0.01892	0.04318	0.04023	0.01495	0.06274	0.01257	0.01472	0.00951	0.00727	0.00806	0.00216	0.09216	0.00519	0.00348	0.00976

[dist]
# distance from previous block
# <min> <max>
2	18

[block]
# block no. 2 follows, 30 sequences, length 58
# corresponding to MSA columns:
# 690-747
name=unknown_C
#
# <colnr> <probs for GDERKNQSTAVLIFYWHMCP>
#	G	D	E	R	K	N	Q	S	T	A	V	L	I	F	Y	W	H	M	C	P
0	0.01254	0.00875	0.01057	0.01010	0.01167	0.00883	0.00714	0.09115	0.03484	0.04278	0.10185	0.24672	0.03278	0.23481	0.08065	0.00448	0.00664	0.01221	0.00576	0.03573
1	0.01805	0.01395	0.01596	0.01200	0.01770	0.01259	0.00968	0.16728	0.06473	0.06395	0.01545	0.01668	0.01202	0.00796	0.03049	0.00176	0.00625	0.00513	0.00518	0.50319
2	0.01699	0.01288	0.01575	0.12696	0.02103	0.01412	0.01144	0.29503	0.02223	0.02986	0.10117	0.22067	0.02717	0.01418	0.03532	0.00269	0.00687	0.01072	0.00619	0.00871
3	0.00859	0.00614	0.00817	0.00966	0.01014	0.00573	0.00648	0.00993	0.01376	0.01845	0.08017	0.70668	0.04738	0.02139	0.00886	0.00279	0.00400	0.01939	0.00655	0.00573
4	0.01435	0.01190	0.01379	0.01001	0.01582	0.00906	0.00798	0.01746	0.01448	0.02302	0.01329	0.01546	0.01098	0.00542	0.00514	0.00108	0.00500	0.00434	0.07175	0.72967
5	0.02211	0.01986	0.01803	0.01542	0.01979	0.16257	0.01213	0.21409	0.35528	0.05325	0.02159	0.02067	0.01607	0.00868	0.00690	0.00217	0.00757	0.00673	0.00641	0.01070
6	0.01870	0.68216	0.03493	0.01259	0.01807	0.05261	0.01222	0.02087	0.01415	0.01647	0.00970	0.01152	0.00897	0.00644	0.00579	0.00161	0.05743	0.00392	0.00301	0.00883
7	0.02345	0.01833	0.02313	0.01767	0.02307	0.01975	0.11864	0.52523	0.02850	0.03828	0.01754	0.05586	0.01365	0.01015	0.03118	0.00248	0.00850	0.00734	0.00630	0.01097
8	0.01502	0.13226	0.51867	0.02030	0.02951	0.01799	0.12780	0.02197	0.01493	0.02136	0.01239	0.01489	0.00913	0.00642	0.00659	0.00213	0.01015	0.00545	0.00304	0.00999
9	0.00845	0.00629	0.00787	0.00913	0.00997	0.00572	0.00622	0.00978	0.01392	0.01804	0.04559	0.59911	0.19264	0.02094	0.00876	0.00273	0.00393	0.01871	0.00648	0.00572
10	0.02948	0.01340	0.01697	0.01316	0.01848	0.01270	0.01082	0.14464	0.07174	0.55239	0.02577	0.02274	0.01666	0.00865	0.00702	0.00216	0.00620	0.00696	0.00825	0.01181
11	0.02483	0.18031	0.05849	0.01424	0.01957	0.14288	0.01239	0.09582	0.08838	0.26673	0.01891	0.01810	0.01342	0.00775	0.00632	0.00197	0.00781	0.00577	0.00590	0.01041
12	0.03081	0.01268	0.01669	0.01280	0.01821	0.01145	0.01057	0.10248	0.02132	0.64569	0.02640	0.02302	0.01671	0.00861	0.00701	0.00215	0.00612	0.00694	0.00846	0.01187
13	0.01015	0.00677	0.00761	0.00761	0.00761	0.00677	0.00423	0.01015	0.01015	0.01353	0.02199	0.04567	0.02537	0.75476	0.03552	0.00677	0.00677	0.01015	0.00423	0.00423
14	0.01512	0.00946	0.01146	0.01059	0.01320	0.00917	0.00810	0.07476	0.07638	0.14301	0.17589	0.20079	0.14276	0.03386	0.00874	0.00253	0.00476	0.04433	0.00713	0.00794
15	0.01628	0.25681	0.29065	0.10460	0.02634	0.08045	0.01827	0.02092	0.01459	0.01888	0.01217	0.03978	0.01028	0.00740	0.00709	0.00204	0.05588	0.00536	0.00316	0.00905
16	0.01318	0.01240	0.02093	0.73798	0.04806	0.01550	0.01938	0.01783	0.01395	0.01783	0.01240	0.01860	0.00930	0.00698	0.00698	0.00233	0.00930	0.00620	0.00310	0.00775
17	0.01701	0.01631	0.02785	0.08712	0.66898	0.01651	0.02129	0.02119	0.01577	0.02248	0.01308	0.01736	0.01094	0.00627	0.00691	0.00209	0.00835	0.00622	0.00343	0.01084
18	0.03617	0.01556	0.02465	0.21053	0.35098	0.03857	0.05507	0.02039	0.03698	0.02099	0.01375	0.04136	0.01171	0.00767	0.00865	0.00228	0.08501	0.00669	0.00357	0.00942
19	0.01383	0.01275	0.02093	0.70282	0.04677	0.01580	0.01908	0.05047	0.01487	0.01910	0.01262	0.01851	0.00943	0.00704	0.00698	0.00231	0.00922	0.00621	0.00329	0.00795
20	0.01365	0.03268	0.62474	0.01948	0.02879	0.01537	0.05628	0.02105	0.01470	0.02174	0.01482	0.07793	0.01212	0.00790	0.00690	0.00227	0.00985	0.00656	0.00328	0.00987
21	0.73588	0.01294	0.00998	0.00900	0.01315	0.01482	0.00736	0.01961	0.01222	0.03024	0.01494	0.01612	0.06759	0.00744	0.00466	0.00218	0.00524	0.00472	0.00450	0.00741
22	0.02653	0.01955	0.02094	0.01606	0.02164	0.02164	0.01326	0.68796	0.03281	0.04398	0.01675	0.01675	0.01187	0.00838	0.00698	0.00209	0.00768	0.00628	0.00698	0.01187
23	0.02171	0.01133	0.01424	0.01198	0.01590	0.01111	0.00954	0.05216	0.15521	0.34214	0.13408	0.05258	0.04912	0.01412	0.06900	0.00301	0.00646	0.00873	0.00756	0.01001
24	0.01302	0.01222	0.02084	0.64971	0.04459	0.01500	0.04294	0.01754	0.01381	0.01786	0.01300	0.01937	0.01005	0.01082	0.06871	0.00309	0.01020	0.00639	0.00317	0.00768
25	0.73590	0.01286	0.01007	0.00922	0.01321	0.01480	0.00746	0.01959	0.01200	0.03015	0.01218	0.07463	0.01086	0.00780	0.00471	0.00222	0.00528	0.00515	0.00450	0.00740
26	0.01106	0.00759	0.00912	0.00886	0.00950	0.00800	0.00578	0.04640	0.01173	0.01617	0.02096	0.03921	0.02255	0.52582	0.19569	0.00740	0.00950	0.00920	0.03027	0.00517
27	0.73603	0.01298	0.01034	0.00935	0.01341	0.01506	0.00766	0.01982	0.01182	0.03001	0.01049	0.01271	0.00840	0.01041	0.06623	0.00293	0.00654	0.00410	0.00427	0.00744
28	0.00869	0.00695	0.00742	0.00744	0.00948	0.00594	0.00549	0.01012	0.01546	0.01879	0.10322	0.08755	0.58519	0.01818	0.00990	0.07043	0.00376	0.01405	0.00626	0.00568
29	0.01292	0.01192	0.01979	0.67542	0.04460	0.01476	0.01808	0.01717	0.01363	0.01746	0.01322	0.02092	0.01068	0.07103	0.00942	0.00271	0.00909	0.00654	0.00320	0.00745
30	0.01192	0.01048	0.01229	0.03673	0.08550	0.06950	0.00899	0.01498	0.01853	0.02483	0.46013	0.06885	0.12391	0.01321	0.00791	0.00219	0.00486	0.01152	0.00657	0.00711
31	0.02923	0.02106	0.02157	0.01863	0.04291	0.09775	0.01399	0.29884	0.09357	0.17863	0.04749	0.02854	0.04427	0.01219	0.00916	0.00307	0.00898	0.00848	0.00837	0.01328
32	0.02260	0.02469	0.07487	0.02926	0.03595	0.11687	0.50349	0.02609	0.01977	0.02606	0.01862	0.02462	0.01519	0.00965	0.00993	0.00320	0.01304	0.00899	0.00532	0.01179
33	0.02653	0.01955	0.02094	0.01606	0.02164	0.02164	0.01326	0.68796	0.03281	0.04398	0.01675	0.01675	0.01187	0.00838	0.00698	0.00209	0.00768	0.00628	0.00698	0.01187
34	0.01815	0.01244	0.01463	0.05444	0.01785	0.01324	0.01022	0.09240	0.27624	0.14855	0.18399	0.03289	0.07327	0.01069	0.00740	0.00226	0.00539	0.00900	0.00722	0.00973
35	0.01430	0.02447	0.35364	0.04986	0.20177	0.01498	0.08855	0.02011	0.01499	0.02157	0.01638	0.11653	0.01470	0.00855	0.00719	0.00228	0.00905	0.00778	0.00362	0.00969
36	0.80405	0.01350	0.01026	0.00918	0.01350	0.01565	0.00756	0.02051	0.01188	0.03131	0.00972	0.01134	0.00756	0.00648	0.00432	0.00216	0.00540	0.00378	0.00432	0.00756
37	0.02653	0.01955	0.02094	0.01606	0.02164	0.02164	0.01326	0.68796	0.03281	0.04398	0.01675	0.01675	0.01187	0.00838	0.00698	0.00209	0.00768	0.00628	0.00698	0.01187
38	0.01866	0.75896	0.03657	0.01194	0.01791	0.02761	0.01194	0.02090	0.01418	0.01642	0.00970	0.01119	0.00896	0.00597	0.00448	0.00149	0.00746	0.00373	0.00299	0.00896
39	0.02653	0.01955	0.02094	0.01606	0.02164	0.02164	0.01326	0.68796	0.03281	0.04398	0.01675	0.01675	0.01187	0.00838	0.00698	0.00209	0.00768	0.00628	0.00698	0.01187
40	0.01212	0.00606	0.00909	0.00909	0.00909	0.00606	0.00606	0.00909	0.00909	0.01212	0.01212	0.02121	0.01212	0.02424	0.02727	0.79697	0.00606	0.00606	0.00303	0.00303
41	0.00973	0.00706	0.00917	0.00878	0.01037	0.00650	0.00653	0.01283	0.01920	0.02700	0.64159	0.09813	0.08712	0.01488	0.00828	0.00224	0.00335	0.01316	0.00756	0.00650
42	0.01866	0.75896	0.03657	0.01194	0.01791	0.02761	0.01194	0.02090	0.01418	0.01642	0.00970	0.01119	0.00896	0.00597	0.00448	0.00149	0.00746	0.00373	0.00299	0.00896
43	0.01866	0.75896	0.03657	0.01194	0.01791	0.02761	0.01194	0.02090	0.01418	0.01642	0.00970	0.01119	0.00896	0.00597	0.00448	0.00149	0.00746	0.00373	0.00299	0.00896
44	0.01447	0.01240	0.01447	0.01034	0.01654	0.00930	0.00827	0.01757	0.01447	0.02274	0.01240	0.01447	0.01034	0.00517	0.00517	0.00103	0.00517	0.00413	0.00413	0.79742
45	0.00831	0.00707	0.00716	0.00713	0.00946	0.00592	0.00535	0.01014	0.01605	0.01920	0.09517	0.06658	0.68370	0.01754	0.00825	0.00235	0.00353	0.01465	0.00653	0.00592
46	0.01649	0.01404	0.01509	0.01381	0.01745	0.01607	0.01083	0.03407	0.60995	0.02848	0.06465	0.03150	0.02510	0.01048	0.00736	0.00242	0.00548	0.05921	0.00708	0.01045
47	0.01329	0.01263	0.02163	0.71333	0.04766	0.01558	0.04257	0.01799	0.01404	0.01799	0.01246	0.01861	0.00935	0.00694	0.00702	0.00233	0.00939	0.00627	0.00312	0.00781
48	0.01527	0.01527	0.02137	0.01832	0.01832	0.02137	0.01527	0.01679	0.01069	0.01679	0.00916	0.01527	0.00916	0.01221	0.02290	0.00305	0.74198	0.00611	0.00305	0.00763
49	0.00867	0.00709	0.00766	0.00751	0.00969	0.00607	0.00563	0.01083	0.01690	0.02122	0.23606	0.06325	0.54155	0.01679	0.00824	0.00231	0.00347	0.01418	0.00679	0.00607
50	0.00847	0.00708	0.00738	0.00731	0.00956	0.00599	0.00548	0.01045	0.01644	0.02011	0.15873	0.06508	0.61957	0.01720	0.00825	0.00233	0.00350	0.01444	0.00665	0.00599
51	0.30347	0.01739	0.01714	0.01361	0.01874	0.01951	0.01123	0.45023	0.02535	0.03947	0.01425	0.01482	0.01033	0.00770	0.00603	0.00212	0.00687	0.00539	0.00603	0.01033
52	0.00857	0.00621	0.00811	0.00947	0.01009	0.00574	0.00640	0.00996	0.01396	0.01855	0.08446	0.65716	0.09338	0.02107	0.00882	0.00276	0.00396	0.01901	0.00656	0.00574
53	0.01355	0.01032	0.01364	0.04745	0.01533	0.01232	0.01003	0.09530	0.01436	0.02119	0.01736	0.02441	0.01547	0.07076	0.32521	0.00644	0.13891	0.00703	0.13378	0.00716
54	0.00930	0.00765	0.00829	0.00842	0.01054	0.00699	0.00628	0.01272	0.07645	0.02026	0.10143	0.17044	0.47999	0.01744	0.00829	0.00245	0.00387	0.03620	0.00661	0.00638
55	0.12773	0.06995	0.02103	0.03743	0.14625	0.30650	0.01399	0.10876	0.06290	0.02418	0.01293	0.01472	0.01033	0.00713	0.00618	0.00196	0.00936	0.00515	0.00427	0.00927
56	0.04519	0.02088	0.13293	0.06676	0.35017	0.10001	0.01884	0.02449	0.09501	0.05655	0.01507	0.01751	0.01174	0.00694	0.00673	0.00212	0.00864	0.00600	0.00408	0.01033
57	0.04035	0.09804	0.61277	0.01960	0.05118	0.01720	0.02383	0.02192	0.01463	0.02193	0.01220	0.01440	0.00888	0.00655	0.00637	0.00214	0.00984	0.00502	0.00301	0.01013

[dist]
# distance from previous block
# <min> <max>
3	12

[block]
# block no. 3 follows, 30 sequences, length 45
# corresponding to MSA columns:
# 760-804
name=unknown_D
#
# <colnr> <probs for GDERKNQSTAVLIFYWHMCP>
#	G	D	E	R	K	N	Q	S	T	A	V	L	I	F	Y	W	H	M	C	P
0	0.02177	0.10569	0.02311	0.10938	0.13758	0.31245	0.01517	0.11121	0.05858	0.02223	0.01304	0.01526	0.01045	0.00715	0.00641	0.00195	0.00986	0.00533	0.00409	0.00929
1	0.04236	0.08761	0.01944	0.09771	0.02198	0.35405	0.03051	0.02160	0.01631	0.01763	0.01589	0.03559	0.04747	0.01526	0.12223	0.00345	0.03341	0.00611	0.00373	0.00767
2	0.00961	0.00738	0.00880	0.00951	0.01082	0.00711	0.00672	0.01298	0.08472	0.01970	0.08287	0.41832	0.19658	0.05705	0.00993	0.00285	0.00426	0.03802	0.00649	0.00628
3	0.00873	0.00621	0.00822	0.00967	0.01014	0.00584	0.00652	0.01004	0.01356	0.01813	0.06633	0.66336	0.04576	0.05874	0.01025	0.00302	0.00423	0.03918	0.00641	0.00566
4	0.01212	0.00606	0.00909	0.00909	0.00909	0.00606	0.00606	0.00909	0.00909	0.01212	0.01212	0.02121	0.01212	0.02424	0.02727	0.79697	0.00606	0.00606	0.00303	0.00303
5	0.01447	0.01240	0.01447	0.01034	0.01654	0.00930	0.00827	0.01757	0.01447	0.02274	0.01240	0.01447	0.01034	0.00517	0.00517	0.00103	0.00517	0.00413	0.00413	0.79742
6	0.00850	0.00627	0.00796	0.00924	0.01001	0.00573	0.00628	0.00987	0.01398	0.01829	0.06368	0.61399	0.15880	0.02093	0.00878	0.00273	0.00394	0.01876	0.00651	0.00573
7	0.01190	0.00771	0.00910	0.00845	0.01091	0.00671	0.00644	0.01431	0.01771	0.11528	0.28381	0.07461	0.37628	0.01540	0.00809	0.00229	0.00379	0.01311	0.00718	0.00693
8	0.00849	0.00613	0.00804	0.00956	0.01008	0.00568	0.00641	0.00973	0.01351	0.01787	0.04032	0.71088	0.08428	0.02162	0.00887	0.00281	0.00402	0.01954	0.00648	0.00568
9	0.01583	0.01620	0.02129	0.01830	0.01849	0.05791	0.01517	0.01737	0.01116	0.01681	0.00924	0.01513	0.00915	0.01195	0.02204	0.00299	0.70421	0.00602	0.00308	0.00766
10	0.01260	0.00958	0.01074	0.01017	0.01290	0.00957	0.00791	0.01970	0.20348	0.06350	0.15994	0.07031	0.29858	0.01458	0.00799	0.00241	0.00443	0.06684	0.00697	0.00780
11	0.01695	0.01625	0.02775	0.09726	0.65930	0.01650	0.02126	0.02114	0.01574	0.02241	0.01307	0.01738	0.01092	0.00628	0.00691	0.00209	0.00837	0.00622	0.00343	0.01080
12	0.55274	0.05259	0.01372	0.01057	0.01529	0.01598	0.00883	0.09125	0.01551	0.14771	0.01345	0.01399	0.00972	0.00701	0.00506	0.00212	0.00583	0.00458	0.00525	0.00880
13	0.01409	0.01326	0.01817	0.01505	0.01806	0.04564	0.09559	0.03540	0.01419	0.02012	0.01893	0.20929	0.01970	0.01290	0.03171	0.00252	0.18408	0.00944	0.00446	0.21739
14	0.00999	0.00740	0.01085	0.01085	0.01196	0.00852	0.00826	0.01222	0.01111	0.01593	0.01903	0.02928	0.01826	0.12422	0.65633	0.01076	0.01747	0.00775	0.00379	0.00603
15	0.01732	0.01151	0.01264	0.01079	0.01357	0.01262	0.00854	0.24334	0.02037	0.03057	0.04369	0.02415	0.01735	0.04525	0.04489	0.00261	0.04823	0.00684	0.37745	0.00827
16	0.00846	0.00708	0.00737	0.00730	0.00956	0.00598	0.00547	0.01043	0.01642	0.02006	0.15500	0.06517	0.62333	0.01722	0.00825	0.00234	0.00350	0.01445	0.00664	0.00598
17	0.00849	0.00612	0.00805	0.00959	0.01009	0.00568	0.00642	0.00973	0.01348	0.01786	0.03994	0.71879	0.07661	0.02167	0.00888	0.00281	0.00402	0.01960	0.00648	0.00568
18	0.01066	0.00735	0.00930	0.00868	0.01062	0.00665	0.00656	0.01368	0.01914	0.06013	0.57118	0.05317	0.16753	0.01454	0.00817	0.00222	0.00346	0.01269	0.00753	0.00673
19	0.00856	0.00610	0.00808	0.00964	0.01003	0.00571	0.00640	0.00973	0.01325	0.01766	0.03788	0.72552	0.04543	0.04753	0.00984	0.00297	0.00414	0.01950	0.00640	0.00562
20	0.01447	0.01240	0.01447	0.01034	0.01654	0.00930	0.00827	0.01757	0.01447	0.02274	0.01240	0.01447	0.01034	0.00517	0.00517	0.00103	0.00517	0.00413	0.00413	0.79742
21	0.00882	0.00651	0.00917	0.01039	0.01103	0.00609	0.02672	0.01023	0.01353	0.01804	0.03770	0.70815	0.04492	0.02131	0.00891	0.00283	0.00435	0.03909	0.00639	0.00580
22	0.00980	0.00713	0.00922	0.00870	0.01038	0.00655	0.00652	0.01301	0.01957	0.02754	0.67642	0.05286	0.09724	0.01443	0.00823	0.00220	0.00330	0.01272	0.00762	0.00655
23	0.04795	0.03512	0.68815	0.01943	0.02948	0.01618	0.02500	0.02203	0.01461	0.02250	0.01240	0.01459	0.00878	0.00662	0.00653	0.00221	0.01010	0.00510	0.00301	0.01019
24	0.01417	0.01208	0.01415	0.01030	0.01621	0.00912	0.00818	0.01717	0.01441	0.02249	0.01373	0.05180	0.01215	0.00602	0.00536	0.00112	0.00511	0.00493	0.00425	0.75724
25	0.05512	0.06325	0.02380	0.44684	0.09523	0.01731	0.07463	0.05287	0.01497	0.02048	0.01229	0.01732	0.00957	0.00717	0.00791	0.00228	0.06103	0.00609	0.00341	0.00844
26	0.01481	0.01843	0.13889	0.01826	0.02006	0.01992	0.01675	0.01749	0.01140	0.01766	0.01017	0.01574	0.00949	0.01311	0.05254	0.00329	0.58490	0.00601	0.00307	0.00802
27	0.00923	0.00667	0.00883	0.00992	0.01088	0.00626	0.00725	0.01123	0.01524	0.02044	0.17498	0.46024	0.08342	0.01967	0.00886	0.00274	0.00427	0.12717	0.00671	0.00599
28	0.01701	0.05467	0.05142	0.07893	0.61661	0.01707	0.02097	0.02121	0.01566	0.02218	0.01289	0.01695	0.01078	0.00626	0.00678	0.00206	0.00837	0.00606	0.00339	0.01074
29	0.02340	0.11159	0.04518	0.01302	0.01777	0.01470	0.01122	0.08067	0.10606	0.33732	0.10540	0.02450	0.02142	0.00916	0.00765	0.00215	0.04419	0.00720	0.00695	0.01046
30	0.00999	0.00741	0.01087	0.01087	0.01200	0.00854	0.00829	0.01224	0.01111	0.01594	0.01901	0.02915	0.01820	0.11933	0.66115	0.01079	0.01755	0.00773	0.00379	0.00604
31	0.04181	0.03981	0.06160	0.01447	0.05262	0.04936	0.01161	0.07780	0.13117	0.23312	0.16239	0.02877	0.02629	0.00974	0.00713	0.00218	0.00625	0.02711	0.00681	0.00995
32	0.04249	0.01648	0.05706	0.35396	0.19493	0.05727	0.01819	0.05644	0.09299	0.02225	0.01443	0.01825	0.01110	0.00713	0.00683	0.00222	0.00866	0.00617	0.00390	0.00925
33	0.00906	0.00654	0.00869	0.01015	0.01093	0.00616	0.00734	0.01076	0.01422	0.01880	0.06215	0.56300	0.07935	0.02090	0.00899	0.00286	0.00445	0.14328	0.00651	0.00586
34	0.01370	0.00784	0.00885	0.07586	0.01280	0.00829	0.00685	0.05495	0.01550	0.02595	0.02131	0.02483	0.01672	0.00951	0.02935	0.00204	0.00459	0.00650	0.64762	0.00692
35	0.03935	0.01642	0.02362	0.16385	0.38653	0.08138	0.03723	0.02168	0.05282	0.02201	0.01491	0.02019	0.01241	0.00721	0.00684	0.00214	0.00843	0.03102	0.04234	0.00962
36	0.01357	0.01274	0.02117	0.67040	0.08550	0.01564	0.01919	0.01876	0.03976	0.01854	0.01305	0.01881	0.00985	0.00703	0.00698	0.00231	0.00910	0.00627	0.00327	0.00807
37	0.02527	0.01880	0.02027	0.01546	0.02111	0.02036	0.01274	0.61816	0.03090	0.04177	0.01630	0.01652	0.01171	0.00804	0.00679	0.00198	0.00742	0.00606	0.00668	0.09366
38	0.01866	0.75896	0.03657	0.01194	0.01791	0.02761	0.01194	0.02090	0.01418	0.01642	0.00970	0.01119	0.00896	0.00597	0.00448	0.00149	0.00746	0.00373	0.00299	0.00896
39	0.01301	0.00650	0.00650	0.00650	0.00813	0.00650	0.00488	0.01626	0.01463	0.02602	0.02276	0.02602	0.01789	0.00813	0.00488	0.00163	0.00325	0.00650	0.79350	0.00650
40	0.80405	0.01350	0.01026	0.00918	0.01350	0.01565	0.00756	0.02051	0.01188	0.03131	0.00972	0.01134	0.00756	0.00648	0.00432	0.00216	0.00540	0.00378	0.00432	0.00756
41	0.02382	0.05741	0.01984	0.01610	0.02058	0.39375	0.01258	0.17967	0.07935	0.02492	0.01379	0.01484	0.01084	0.00738	0.00632	0.00182	0.00981	0.00512	0.00471	0.09738
42	0.07030	0.01247	0.01621	0.01249	0.01785	0.01129	0.01032	0.07669	0.02041	0.63665	0.02591	0.02266	0.01642	0.00851	0.00688	0.00215	0.00603	0.00680	0.00831	0.01166
43	0.00950	0.00700	0.00889	0.00866	0.01026	0.00639	0.00640	0.01235	0.01850	0.02559	0.54543	0.13608	0.14782	0.01561	0.00831	0.00229	0.00341	0.01374	0.00738	0.00639
44	0.75669	0.01339	0.01046	0.00944	0.01367	0.01549	0.00777	0.02086	0.03347	0.03094	0.01108	0.01373	0.00892	0.00694	0.00456	0.00220	0.00543	0.02287	0.00447	0.00763

[dist]
# distance from previous block
# <min> <max>
0	1

[block]
# block no. 4 follows, 30 sequences, length 59
# corresponding to MSA columns:
# 806-864
name=unknown_E
#
# <colnr> <probs for GDERKNQSTAVLIFYWHMCP>
#	G	D	E	R	K	N	Q	S	T	A	V	L	I	F	Y	W	H	M	C	P
0	0.01751	0.01475	0.15705	0.01277	0.01731	0.01006	0.01220	0.02193	0.03741	0.23553	0.22924	0.08539	0.03430	0.01184	0.00768	0.00233	0.00595	0.07096	0.00679	0.00901
1	0.01796	0.63954	0.09852	0.01284	0.01902	0.02569	0.01321	0.02075	0.01412	0.01718	0.01004	0.01178	0.00900	0.00622	0.00534	0.00160	0.03313	0.00396	0.00302	0.03709
2	0.11383	0.19109	0.31099	0.01465	0.02134	0.01703	0.01621	0.04514	0.01472	0.02216	0.01575	0.12885	0.01472	0.00886	0.00617	0.00209	0.00778	0.00697	0.00388	0.03777
3	0.07072	0.02211	0.02008	0.01615	0.02106	0.17721	0.01304	0.48451	0.02809	0.03653	0.01481	0.01548	0.01091	0.00812	0.00713	0.00206	0.02962	0.00574	0.00597	0.01066
4	0.00847	0.00618	0.00798	0.00942	0.01004	0.00569	0.00635	0.00975	0.01364	0.01793	0.04206	0.67384	0.12019	0.02139	0.00883	0.00278	0.00399	0.01927	0.00648	0.00569
5	0.02653	0.01955	0.02094	0.01606	0.02164	0.02164	0.01326	0.68796	0.03281	0.04398	0.01675	0.01675	0.01187	0.00838	0.00698	0.00209	0.00768	0.00628	0.00698	0.01187
6	0.02526	0.01823	0.01983	0.01523	0.02078	0.01965	0.01253	0.55757	0.06247	0.08012	0.01754	0.01740	0.01249	0.00815	0.00682	0.00201	0.00724	0.00621	0.00682	0.08364
7	0.00855	0.00615	0.00802	0.00949	0.00999	0.00572	0.00633	0.00975	0.01338	0.01771	0.03960	0.68699	0.08134	0.04882	0.00986	0.00295	0.00412	0.01920	0.00639	0.00563
8	0.00850	0.00607	0.00810	0.00972	0.01012	0.00567	0.00648	0.00972	0.01336	0.01781	0.03846	0.75020	0.04615	0.02186	0.00891	0.00283	0.00405	0.01984	0.00648	0.00567
9	0.00861	0.00614	0.00813	0.00961	0.01004	0.00574	0.00640	0.00986	0.01348	0.01804	0.06269	0.69925	0.04614	0.04765	0.00983	0.00295	0.00412	0.01923	0.00644	0.00565
10	0.02058	0.46059	0.06455	0.01515	0.02067	0.24035	0.05093	0.02317	0.01605	0.01723	0.01042	0.01222	0.00905	0.00637	0.00535	0.00167	0.00941	0.00429	0.00320	0.00878
11	0.00858	0.00627	0.00810	0.00952	0.01020	0.00578	0.00652	0.00993	0.01377	0.01805	0.04222	0.64358	0.12441	0.02127	0.00886	0.00279	0.00408	0.04387	0.00648	0.00572
12	0.01636	0.01352	0.01548	0.01123	0.01734	0.01124	0.00905	0.12265	0.01734	0.02607	0.01309	0.01483	0.01058	0.00567	0.00545	0.00120	0.00556	0.00447	0.00458	0.67429
13	0.02685	0.01902	0.02062	0.01581	0.02138	0.02086	0.01306	0.64315	0.03193	0.09003	0.01749	0.01723	0.01224	0.00839	0.00698	0.00210	0.00756	0.00633	0.00709	0.01187
14	0.00860	0.00712	0.00756	0.00757	0.00980	0.00608	0.00575	0.01063	0.01640	0.02011	0.15023	0.06580	0.59431	0.01732	0.00831	0.00238	0.00364	0.04575	0.00663	0.00601
15	0.01736	0.01499	0.01578	0.01420	0.01815	0.01736	0.01105	0.03708	0.69862	0.02919	0.02840	0.02604	0.02130	0.00947	0.00710	0.00237	0.00552	0.00789	0.00710	0.01105
16	0.80405	0.01350	0.01026	0.00918	0.01350	0.01565	0.00756	0.02051	0.01188	0.03131	0.00972	0.01134	0.00756	0.00648	0.00432	0.00216	0.00540	0.00378	0.00432	0.00756
17	0.07507	0.01197	0.01586	0.01223	0.01757	0.01056	0.01010	0.03324	0.01951	0.67728	0.02652	0.02305	0.01672	0.00851	0.00686	0.00216	0.00591	0.00683	0.00839	0.01163
18	0.01037	0.00675	0.00753	0.00753	0.00765	0.00675	0.00428	0.01062	0.01049	0.01449	0.02205	0.04416	0.02480	0.69752	0.03317	0.00637	0.00650	0.00987	0.06473	0.00440
19	0.01108	0.00798	0.01101	0.01252	0.01417	0.00791	0.01091	0.01421	0.01606	0.02077	0.03886	0.07806	0.07801	0.01919	0.00956	0.00316	0.00626	0.62747	0.00643	0.00640
20	0.00982	0.00713	0.00925	0.00872	0.01039	0.00656	0.00654	0.01305	0.01961	0.02765	0.68420	0.05268	0.08940	0.01439	0.00823	0.00220	0.00330	0.01270	0.00764	0.00656
21	0.14655	0.01212	0.01531	0.01193	0.01717	0.01106	0.00985	0.03200	0.01877	0.61394	0.02487	0.02190	0.01582	0.00831	0.00662	0.00216	0.00586	0.00653	0.00799	0.01123
22	0.01469	0.01459	0.02122	0.01812	0.01856	0.01966	0.05240	0.01643	0.01127	0.01721	0.01225	0.08600	0.01279	0.01278	0.02073	0.00299	0.62981	0.00755	0.00341	0.00755
23	0.02615	0.01116	0.01500	0.01228	0.01677	0.01002	0.01018	0.05416	0.01986	0.52289	0.09158	0.03431	0.02498	0.01074	0.00752	0.00232	0.00583	0.10553	0.00816	0.01057
24	0.00862	0.00697	0.00729	0.00736	0.00921	0.00604	0.00524	0.01013	0.01499	0.01828	0.08334	0.10163	0.54185	0.13332	0.01256	0.00307	0.00406	0.01422	0.00617	0.00564
25	0.80405	0.01350	0.01026	0.00918	0.01350	0.01565	0.00756	0.02051	0.01188	0.03131	0.00972	0.01134	0.00756	0.00648	0.00432	0.00216	0.00540	0.00378	0.00432	0.00756
26	0.01850	0.73456	0.05958	0.01221	0.01833	0.02723	0.01241	0.02094	0.01420	0.01661	0.00980	0.01131	0.00895	0.00599	0.00455	0.00152	0.00756	0.00378	0.00298	0.00900
27	0.00854	0.00705	0.00749	0.00745	0.00962	0.00600	0.00556	0.01055	0.01649	0.02039	0.17907	0.08602	0.57723	0.01722	0.00827	0.00234	0.00351	0.01453	0.00669	0.00600
28	0.00847	0.00708	0.00738	0.00730	0.00956	0.00599	0.00548	0.01045	0.01644	0.02011	0.15846	0.06509	0.61984	0.01720	0.00825	0.00233	0.00350	0.01444	0.00665	0.00599
29	0.01888	0.01535	0.01645	0.01435	0.01841	0.01741	0.01134	0.19439	0.47150	0.03187	0.02643	0.06670	0.02108	0.01026	0.00727	0.00236	0.00600	0.03217	0.00701	0.01077
30	0.73999	0.01379	0.01101	0.00965	0.01407	0.01585	0.00795	0.05835	0.01327	0.05009	0.01058	0.01197	0.00806	0.00664	0.00454	0.00216	0.00554	0.00400	0.00458	0.00791
31	0.01863	0.64643	0.10224	0.01307	0.01932	0.06685	0.01338	0.02142	0.01456	0.01701	0.01004	0.01162	0.00895	0.00611	0.00479	0.00158	0.00804	0.00391	0.00302	0.00904
32	0.01176	0.00918	0.01075	0.01028	0.01243	0.00942	0.00784	0.01875	0.19080	0.02515	0.32828	0.04933	0.12054	0.08402	0.01067	0.00280	0.00454	0.07911	0.00694	0.00740
33	0.03611	0.01009	0.01320	0.01160	0.01441	0.01012	0.04626	0.03865	0.13868	0.07755	0.42329	0.04299	0.04680	0.01245	0.00788	0.00229	0.00471	0.04762	0.00723	0.00807
34	0.01426	0.07766	0.67938	0.01943	0.02950	0.01686	0.02499	0.02203	0.01470	0.02177	0.01236	0.01453	0.00885	0.00659	0.00651	0.00217	0.01015	0.00507	0.00295	0.01023
35	0.01447	0.01240	0.01447	0.01034	0.01654	0.00930	0.00827	0.01757	0.01447	0.02274	0.01240	0.01447	0.01034	0.00517	0.00517	0.00103	0.00517	0.00413	0.00413	0.79742
36	0.01418	0.06390	0.69236	0.01958	0.02973	0.01665	0.02525	0.02205	0.01471	0.02188	0.01241	0.01460	0.00884	0.00660	0.00655	0.00218	0.01020	0.00510	0.00295	0.01026
37	0.00957	0.00712	0.00891	0.00846	0.01024	0.00646	0.00635	0.01258	0.01904	0.02629	0.58928	0.05492	0.18517	0.01490	0.00823	0.00222	0.00334	0.01301	0.00746	0.00646
38	0.01018	0.00719	0.00897	0.00863	0.01045	0.00648	0.00643	0.01292	0.01832	0.05020	0.48161	0.12072	0.20087	0.01552	0.00825	0.00229	0.00351	0.01356	0.00734	0.00654
39	0.05412	0.00748	0.00889	0.00843	0.01038	0.00694	0.00636	0.01289	0.01847	0.02618	0.52974	0.05311	0.20243	0.01457	0.00801	0.00223	0.00346	0.01258	0.00723	0.00649
40	0.02659	0.02155	0.02008	0.01605	0.02115	0.16810	0.01295	0.46694	0.05008	0.10163	0.01690	0.01684	0.01208	0.00819	0.00684	0.00205	0.00847	0.00603	0.00643	0.01105
41	0.02666	0.01163	0.01603	0.01255	0.01734	0.01043	0.03319	0.04901	0.03945	0.53761	0.14097	0.02821	0.02516	0.00950	0.00726	0.00218	0.00573	0.00800	0.00821	0.01088
42	0.06448	0.01767	0.01935	0.01499	0.02041	0.01910	0.01235	0.51000	0.05682	0.16512	0.01886	0.01815	0.01303	0.00838	0.00686	0.00212	0.00716	0.00636	0.00716	0.01163
43	0.01515	0.01280	0.01483	0.01066	0.01682	0.01000	0.00855	0.05522	0.01550	0.02393	0.01265	0.01460	0.01042	0.00535	0.00527	0.00109	0.00531	0.00426	0.00429	0.75330
44	0.02653	0.01955	0.02094	0.01606	0.02164	0.02164	0.01326	0.68796	0.03281	0.04398	0.01675	0.01675	0.01187	0.00838	0.00698	0.00209	0.00768	0.00628	0.00698	0.01187
45	0.00988	0.00713	0.00933	0.00878	0.01043	0.00658	0.00658	0.01317	0.01975	0.02798	0.70754	0.05213	0.06584	0.01427	0.00823	0.00219	0.00329	0.01262	0.00768	0.00658
46	0.80405	0.01350	0.01026	0.00918	0.01350	0.01565	0.00756	0.02051	0.01188	0.03131	0.00972	0.01134	0.00756	0.00648	0.00432	0.00216	0.00540	0.00378	0.00432	0.00756
47	0.80405	0.01350	0.01026	0.00918	0.01350	0.01565	0.00756	0.02051	0.01188	0.03131	0.00972	0.01134	0.00756	0.00648	0.00432	0.00216	0.00540	0.00378	0.00432	0.00756
48	0.00850	0.00607	0.00810	0.00972	0.01012	0.00567	0.00648	0.00972	0.01336	0.01781	0.03846	0.75020	0.04615	0.02186	0.00891	0.00283	0.00405	0.01984	0.00648	0.00567
49	0.00897	0.00627	0.00796	0.00912	0.00941	0.00598	0.00584	0.00984	0.01245	0.01660	0.03381	0.55107	0.04028	0.22901	0.01643	0.00395	0.00482	0.01710	0.00584	0.00526
50	0.01866	0.75896	0.03657	0.01194	0.01791	0.02761	0.01194	0.02090	0.01418	0.01642	0.00970	0.01119	0.00896	0.00597	0.00448	0.00149	0.00746	0.00373	0.00299	0.00896
51	0.02609	0.01933	0.02069	0.01597	0.02147	0.02143	0.01316	0.65660	0.06489	0.04327	0.01732	0.01720	0.01232	0.00843	0.00699	0.00211	0.00758	0.00636	0.00699	0.01183
52	0.00849	0.00611	0.00806	0.00962	0.01010	0.00568	0.00644	0.00973	0.01345	0.01785	0.03963	0.72540	0.07020	0.02171	0.00888	0.00282	0.00403	0.01965	0.00648	0.00568
53	0.01736	0.01499	0.01578	0.01420	0.01815	0.01736	0.01105	0.03708	0.69862	0.02919	0.02840	0.02604	0.02130	0.00947	0.00710	0.00237	0.00552	0.00789	0.00710	0.01105
54	0.80405	0.01350	0.01026	0.00918	0.01350	0.01565	0.00756	0.02051	0.01188	0.03131	0.00972	0.01134	0.00756	0.00648	0.00432	0.00216	0.00540	0.00378	0.00432	0.00756
55	0.02653	0.01955	0.02094	0.01606	0.02164	0.02164	0.01326	0.68796	0.03281	0.04398	0.01675	0.01675	0.01187	0.00838	0.00698	0.00209	0.00768	0.00628	0.00698	0.01187
56	0.00837	0.00711	0.00724	0.00731	0.00963	0.00598	0.00555	0.01020	0.01591	0.01893	0.06931	0.06763	0.68094	0.01774	0.00830	0.00239	0.00365	0.04141	0.00648	0.00591
57	0.80405	0.01350	0.01026	0.00918	0.01350	0.01565	0.00756	0.02051	0.01188	0.03131	0.00972	0.01134	0.00756	0.00648	0.00432	0.00216	0.00540	0.00378	0.00432	0.00756
58	0.00825	0.00707	0.00707	0.00707	0.00943	0.00589	0.00530	0.01001	0.01591	0.01885	0.07069	0.06716	0.70839	0.01767	0.00825	0.00236	0.00353	0.01473	0.00648	0.00589

[dist]
# distance from previous block
# <min> <max>
0	3

[block]
# block no. 5 follows, 30 sequences, length 19
# corresponding to MSA columns:
# 868-886
name=unknown_F
#
# <colnr> <probs for GDERKNQSTAVLIFYWHMCP>
#	G	D	E	R	K	N	Q	S	T	A	V	L	I	F	Y	W	H	M	C	P
0	0.02653	0.01955	0.02094	0.01606	0.02164	0.02164	0.01326	0.68796	0.03281	0.04398	0.01675	0.01675	0.01187	0.00838	0.00698	0.00209	0.00768	0.00628	0.00698	0.01187
1	0.02683	0.01615	0.01849	0.01449	0.01976	0.01697	0.01187	0.35866	0.12881	0.27917	0.02232	0.02063	0.01520	0.00863	0.00701	0.00216	0.00674	0.00678	0.00758	0.01175
2	0.01318	0.01240	0.02093	0.73798	0.04806	0.01550	0.01938	0.01783	0.01395	0.01783	0.01240	0.01860	0.00930	0.00698	0.00698	0.00233	0.00930	0.00620	0.00310	0.00775
3	0.13382	0.01235	0.01501	0.01163	0.01698	0.01113	0.00952	0.02898	0.04879	0.45091	0.02207	0.02028	0.01472	0.00768	0.00628	0.00194	0.00569	0.00603	0.00707	0.16910
4	0.01684	0.01614	0.02755	0.11601	0.64142	0.01647	0.02120	0.02104	0.01569	0.02227	0.01305	0.01741	0.01087	0.00630	0.00692	0.00210	0.00840	0.00622	0.00342	0.01071
5	0.01447	0.01240	0.01447	0.01034	0.01654	0.00930	0.00827	0.01757	0.01447	0.02274	0.01240	0.01447	0.01034	0.00517	0.00517	0.00103	0.00517	0.00413	0.00413	0.79742
6	0.01163	0.00753	0.00983	0.00903	0.01101	0.00687	0.00685	0.01482	0.01965	0.08554	0.62973	0.05023	0.08258	0.01390	0.00813	0.00220	0.00352	0.01222	0.00772	0.00701
7	0.02904	0.01245	0.01628	0.01251	0.01792	0.01108	0.01028	0.06678	0.04949	0.59313	0.02574	0.02271	0.01658	0.00837	0.00686	0.00207	0.00595	0.00677	0.00811	0.07789
8	0.02705	0.01270	0.01624	0.01228	0.01787	0.01108	0.01008	0.08998	0.01989	0.49713	0.02311	0.02100	0.01520	0.00782	0.00659	0.00190	0.00592	0.00630	0.00746	0.19039
9	0.01665	0.01310	0.01699	0.01247	0.01847	0.01078	0.06529	0.02134	0.07274	0.09623	0.01548	0.01678	0.01201	0.00595	0.00578	0.00137	0.00583	0.00510	0.00481	0.58281
10	0.01169	0.00871	0.01076	0.00954	0.01199	0.00811	0.00729	0.07097	0.02002	0.02824	0.53805	0.06534	0.07350	0.01312	0.00782	0.00209	0.00389	0.01145	0.00718	0.09023
11	0.02709	0.01221	0.01579	0.01228	0.01725	0.01110	0.01004	0.10909	0.02120	0.51027	0.11331	0.02609	0.02254	0.00915	0.00707	0.00210	0.00577	0.00750	0.00808	0.05206
12	0.11028	0.01649	0.01814	0.01420	0.01948	0.01759	0.01168	0.39214	0.07434	0.22479	0.01977	0.01874	0.01355	0.00832	0.00671	0.00214	0.00681	0.00633	0.00716	0.01135
13	0.02671	0.01752	0.01953	0.01500	0.02053	0.01863	0.01236	0.50474	0.04944	0.18099	0.01914	0.01838	0.01320	0.00832	0.00691	0.00207	0.00715	0.00639	0.00720	0.04577
14	0.02246	0.01810	0.01801	0.01475	0.01954	0.09271	0.01178	0.29388	0.23771	0.08069	0.03887	0.02048	0.01623	0.00850	0.00683	0.00207	0.00707	0.00664	0.00655	0.07712
15	0.01925	0.01369	0.01541	0.01176	0.01721	0.04114	0.00941	0.09224	0.04914	0.15750	0.04316	0.03698	0.01526	0.00721	0.00606	0.00154	0.00581	0.00581	0.00560	0.44582
16	0.02384	0.01732	0.01882	0.01495	0.01973	0.01898	0.01209	0.55329	0.05266	0.05675	0.02002	0.10054	0.01657	0.03118	0.00801	0.00232	0.00713	0.00799	0.00689	0.01092
17	0.35928	0.01670	0.01765	0.01403	0.01911	0.04995	0.08110	0.21592	0.04793	0.03259	0.01329	0.01464	0.01001	0.00702	0.00579	0.00206	0.00705	0.00521	0.00508	0.07559
18	0.04430	0.01541	0.01673	0.01387	0.01858	0.05342	0.01110	0.12602	0.29838	0.28691	0.02503	0.02279	0.01747	0.00881	0.00694	0.00222	0.00636	0.00705	0.00740	0.01122

[dist]
# distance from previous block
# <min> <max>
0	1

[block]
# block no. 6 follows, 30 sequences, length 10
# corresponding to MSA columns:
# 888-897
name=unknown_G
#
# <colnr> <probs for GDERKNQSTAVLIFYWHMCP>
#	G	D	E	R	K	N	Q	S	T	A	V	L	I	F	Y	W	H	M	C	P
0	0.08358	0.01200	0.01361	0.01186	0.01538	0.01251	0.00941	0.13891	0.14611	0.13905	0.17875	0.08830	0.06417	0.01181	0.00741	0.00231	0.00530	0.04329	0.00711	0.00914
1	0.06313	0.01448	0.01508	0.01257	0.01695	0.05004	0.00997	0.13734	0.21578	0.11682	0.08084	0.02703	0.08379	0.00946	0.00681	0.00206	0.00588	0.00761	0.00653	0.11786
2	0.80405	0.01350	0.01026	0.00918	0.01350	0.01565	0.00756	0.02051	0.01188	0.03131	0.00972	0.01134	0.00756	0.00648	0.00432	0.00216	0.00540	0.00378	0.00432	0.00756
3	0.02832	0.01439	0.01747	0.01364	0.01892	0.01428	0.01119	0.21700	0.10388	0.44707	0.02462	0.02207	0.01624	0.00866	0.00702	0.00217	0.00637	0.00692	0.00799	0.01178
4	0.05745	0.00877	0.01080	0.01026	0.01259	0.00858	0.00793	0.01802	0.08330	0.11238	0.33383	0.14731	0.06897	0.01436	0.00799	0.00240	0.00438	0.07590	0.00722	0.00756
5	0.02402	0.01411	0.01607	0.01360	0.01803	0.05006	0.01104	0.08908	0.22299	0.33203	0.02714	0.02994	0.02037	0.01008	0.00732	0.00233	0.00637	0.08716	0.00751	0.01077
6	0.02634	0.01713	0.01907	0.01474	0.01990	0.01834	0.01204	0.51063	0.02868	0.17550	0.01926	0.02016	0.01388	0.06051	0.00898	0.00243	0.00727	0.00670	0.00712	0.01134
7	0.01866	0.75896	0.03657	0.01194	0.01791	0.02761	0.01194	0.02090	0.01418	0.01642	0.00970	0.01119	0.00896	0.00597	0.00448	0.00149	0.00746	0.00373	0.00299	0.00896
8	0.02693	0.05057	0.01716	0.01266	0.01764	0.01282	0.01045	0.11376	0.07777	0.47553	0.08808	0.02504	0.02099	0.00906	0.00700	0.00214	0.00596	0.00735	0.00793	0.01117
9	0.01506	0.01364	0.01628	0.01227	0.01783	0.04161	0.04432	0.01877	0.03891	0.02235	0.01405	0.01820	0.01209	0.00644	0.00643	0.00138	0.03788	0.03691	0.00425	0.62134

[dist]
# distance from previous block
# <min> <max>
1	5

[block]
# block no. 7 follows, 30 sequences, length 17
# corresponding to MSA columns:
# 903-919
name=unknown_H
#
# <colnr> <probs for GDERKNQSTAVLIFYWHMCP>
#	G	D	E	R	K	N	Q	S	T	A	V	L	I	F	Y	W	H	M	C	P
0	0.01499	0.01259	0.01346	0.01119	0.01543	0.06534	0.00854	0.04214	0.03743	0.05251	0.02092	0.22149	0.02099	0.01042	0.00651	0.00173	0.00557	0.00889	0.00515	0.42473
1	0.00897	0.00657	0.00860	0.00977	0.01062	0.00595	0.00662	0.01033	0.01345	0.01820	0.03642	0.69246	0.04334	0.02055	0.00861	0.00269	0.00414	0.01861	0.00629	0.06780
2	0.01800	0.65744	0.13235	0.01306	0.01964	0.02601	0.01388	0.02106	0.01426	0.01722	0.01010	0.01169	0.00894	0.00606	0.00478	0.00159	0.00786	0.00393	0.00298	0.00915
3	0.01611	0.01540	0.02624	0.23924	0.52385	0.01628	0.02084	0.02040	0.01534	0.02139	0.01292	0.01765	0.01056	0.00643	0.00693	0.00214	0.00858	0.00621	0.00335	0.01012
