[name]
unknown

[dist]
# distance from previous block
# <min> <max>
29	136

[block]
# block no. 0 follows, 28 sequences, length 56
# corresponding to MSA columns:
# 160-215
name=unknown_A
#
# <colnr> <probs for GDERKNQSTAVLIFYWHMCP>
#	G	D	E	R	K	N	Q	S	T	A	V	L	I	F	Y	W	H	M	C	P
0	0.02283	0.01758	0.01864	0.01526	0.01991	0.03845	0.01219	0.43826	0.12299	0.03773	0.02256	0.13622	0.01945	0.01104	0.00754	0.00231	0.00713	0.00896	0.00702	0.03395
1	0.01958	0.01560	0.03785	0.03890	0.02011	0.01567	0.01194	0.25128	0.10996	0.05688	0.01859	0.02065	0.01447	0.01696	0.14480	0.00384	0.00943	0.00651	0.00578	0.18119
2	0.01305	0.00910	0.01064	0.01015	0.01128	0.00948	0.00684	0.11878	0.01514	0.02033	0.02487	0.17955	0.02740	0.40245	0.07982	0.03056	0.00759	0.01159	0.00526	0.00613
3	0.01998	0.02105	0.02757	0.03899	0.55200	0.16912	0.02051	0.02377	0.01743	0.02245	0.01314	0.01693	0.01105	0.00670	0.00706	0.00210	0.00961	0.00609	0.00363	0.01084
4	0.01204	0.00911	0.01336	0.12956	0.02076	0.00963	0.01309	0.01563	0.01638	0.02124	0.03433	0.07180	0.03660	0.01799	0.00959	0.00320	0.00718	0.54547	0.00613	0.00692
5	0.02715	0.03464	0.02060	0.01873	0.02247	0.71536	0.01404	0.02903	0.02060	0.01779	0.01124	0.01311	0.00936	0.00749	0.00655	0.00187	0.01311	0.00468	0.00375	0.00843
6	0.01183	0.01094	0.01041	0.01152	0.01248	0.12138	0.00794	0.01320	0.01500	0.01843	0.03537	0.62151	0.04178	0.02029	0.00883	0.00278	0.00566	0.01806	0.00626	0.00631
7	0.02553	0.03220	0.02423	0.02067	0.02500	0.60191	0.12127	0.02809	0.02004	0.01868	0.01180	0.01417	0.00963	0.00727	0.00688	0.00197	0.01297	0.00532	0.00373	0.00865
8	0.14176	0.03377	0.59355	0.01890	0.02863	0.01679	0.02377	0.02275	0.01486	0.02458	0.01257	0.01477	0.00899	0.00688	0.00651	0.00229	0.00991	0.00514	0.00330	0.01028
9	0.01038	0.00779	0.01168	0.01168	0.01298	0.00909	0.00909	0.01298	0.01168	0.01687	0.01947	0.02856	0.01817	0.05452	0.71573	0.01168	0.01947	0.00779	0.00389	0.00649
10	0.01102	0.00787	0.01092	0.01260	0.01397	0.00777	0.01051	0.01387	0.01605	0.02098	0.03887	0.24086	0.04334	0.02073	0.00986	0.00325	0.00610	0.49821	0.00671	0.00650
11	0.01029	0.00743	0.00972	0.00914	0.01086	0.00686	0.00686	0.01372	0.02058	0.02915	0.69536	0.05430	0.06859	0.01486	0.00857	0.00229	0.00343	0.01315	0.00800	0.00686
12	0.01737	0.01518	0.01731	0.13073	0.02397	0.01777	0.01292	0.03536	0.57676	0.02848	0.02687	0.02586	0.02015	0.00944	0.00738	0.00246	0.00639	0.00793	0.00672	0.01095
13	0.01191	0.00861	0.01061	0.01120	0.01250	0.00861	0.00790	0.11834	0.01721	0.02299	0.03638	0.62222	0.04226	0.02049	0.00895	0.00283	0.00483	0.01837	0.00683	0.00696
14	0.01705	0.10662	0.44739	0.01954	0.02798	0.13133	0.06273	0.02338	0.01654	0.02192	0.04991	0.01701	0.01261	0.00732	0.00682	0.00216	0.01052	0.00574	0.00349	0.00995
15	0.01674	0.01567	0.02628	0.03884	0.58715	0.01558	0.01979	0.02091	0.01721	0.02463	0.12463	0.02390	0.02080	0.00784	0.00742	0.00218	0.00779	0.00756	0.00431	0.01076
16	0.14217	0.01311	0.01436	0.01057	0.01671	0.01077	0.00849	0.01880	0.01463	0.02514	0.01246	0.01454	0.01030	0.00561	0.00524	0.00127	0.00542	0.00425	0.00434	0.66183
17	0.01042	0.00787	0.00972	0.01080	0.01180	0.00793	0.00743	0.01478	0.12319	0.02031	0.03769	0.59672	0.04302	0.04889	0.01006	0.00303	0.00458	0.01824	0.00676	0.00676
18	0.66778	0.01280	0.01032	0.00965	0.01349	0.01461	0.00769	0.01954	0.01262	0.03033	0.01500	0.13031	0.01442	0.00936	0.00528	0.00236	0.00539	0.00666	0.00486	0.00755
19	0.01161	0.01180	0.00952	0.00921	0.01188	0.12158	0.00691	0.01346	0.01722	0.01934	0.06348	0.06070	0.58444	0.01663	0.00826	0.00236	0.00522	0.01361	0.00626	0.00651
20	0.01280	0.01167	0.01926	0.59082	0.04255	0.01420	0.01763	0.01697	0.01442	0.01857	0.01808	0.15629	0.01698	0.01021	0.00765	0.00252	0.00865	0.00916	0.00390	0.00766
21	0.01108	0.00800	0.01019	0.12498	0.01479	0.00853	0.00697	0.01187	0.01122	0.01482	0.02128	0.04298	0.02370	0.62453	0.03216	0.00629	0.00748	0.00990	0.00421	0.00500
22	0.07686	0.01167	0.01532	0.01210	0.01702	0.01041	0.00988	0.03101	0.02024	0.55222	0.13603	0.02874	0.02559	0.00981	0.00734	0.00226	0.00570	0.00805	0.00855	0.01119
23	0.00911	0.00652	0.00827	0.00955	0.01006	0.00611	0.00627	0.01022	0.01358	0.01791	0.03988	0.57503	0.09495	0.13992	0.01374	0.00358	0.00464	0.01861	0.00637	0.00568
24	0.02502	0.01906	0.02034	0.01620	0.02155	0.02132	0.01318	0.50097	0.21242	0.04160	0.02077	0.02010	0.01505	0.00904	0.00731	0.00226	0.00738	0.00700	0.00731	0.01213
25	0.01953	0.00981	0.01281	0.01097	0.01430	0.00891	0.00859	0.05080	0.02044	0.29137	0.31515	0.10912	0.07101	0.01323	0.00809	0.00234	0.00479	0.01141	0.00818	0.00912
26	0.01928	0.71656	0.03739	0.01273	0.01868	0.02848	0.01259	0.02158	0.01461	0.01712	0.01008	0.01185	0.00934	0.00651	0.00551	0.00163	0.03971	0.00400	0.00311	0.00927
27	0.79588	0.01406	0.01068	0.00956	0.01406	0.01631	0.00787	0.02137	0.01237	0.03261	0.01012	0.01181	0.00787	0.00675	0.00450	0.00225	0.00562	0.00394	0.00450	0.00787
28	0.01833	0.01765	0.02758	0.11209	0.55355	0.04820	0.02104	0.04776	0.03946	0.02402	0.01416	0.01820	0.01162	0.00680	0.00718	0.00218	0.00882	0.00646	0.00383	0.01105
29	0.00909	0.00738	0.00806	0.00789	0.01013	0.00635	0.00592	0.01140	0.01775	0.02244	0.25702	0.06534	0.51112	0.01736	0.00859	0.00240	0.00361	0.01469	0.00712	0.00635
30	0.00997	0.00707	0.00783	0.00795	0.00858	0.00674	0.00485	0.01050	0.01227	0.01576	0.03643	0.10416	0.18979	0.51581	0.02809	0.00564	0.00603	0.01247	0.00514	0.00493
31	0.01029	0.00743	0.00972	0.00914	0.01086	0.00686	0.00686	0.01372	0.02058	0.02915	0.69536	0.05430	0.06859	0.01486	0.00857	0.00229	0.00343	0.01315	0.00800	0.00686
32	0.01590	0.01590	0.02226	0.01908	0.01908	0.02226	0.01590	0.01749	0.01113	0.01749	0.00954	0.01590	0.00954	0.01272	0.02385	0.00318	0.73123	0.00636	0.00318	0.00795
33	0.03042	0.01589	0.01904	0.01460	0.02031	0.01590	0.01206	0.31677	0.02669	0.41458	0.02374	0.02153	0.01552	0.00888	0.00729	0.00222	0.00698	0.00697	0.00824	0.01237
34	0.00892	0.00654	0.00840	0.00986	0.01060	0.00602	0.00675	0.01034	0.01438	0.01882	0.04461	0.62502	0.13675	0.02208	0.00921	0.00290	0.00423	0.04187	0.00675	0.00596
35	0.01756	0.01641	0.02553	0.10963	0.46621	0.01735	0.01948	0.02585	0.17803	0.02481	0.01744	0.02034	0.01390	0.00738	0.00725	0.00226	0.00805	0.00690	0.00448	0.01115
36	0.01744	0.01685	0.02915	0.12601	0.59317	0.01718	0.04964	0.02190	0.01633	0.02311	0.01363	0.01823	0.01127	0.00656	0.00726	0.00220	0.00892	0.00656	0.00356	0.01103
37	0.79588	0.01406	0.01068	0.00956	0.01406	0.01631	0.00787	0.02137	0.01237	0.03261	0.01012	0.01181	0.00787	0.00675	0.00450	0.00225	0.00562	0.00394	0.00450	0.00787
38	0.59805	0.01568	0.01355	0.01140	0.01624	0.01791	0.00940	0.18967	0.01799	0.03601	0.01201	0.01326	0.00903	0.00726	0.00521	0.00223	0.00623	0.00461	0.00521	0.00903
39	0.02715	0.03464	0.02060	0.01873	0.02247	0.71536	0.01404	0.02903	0.02060	0.01779	0.01124	0.01311	0.00936	0.00749	0.00655	0.00187	0.01311	0.00468	0.00375	0.00843
40	0.03261	0.01237	0.01687	0.01293	0.01856	0.01068	0.01068	0.03543	0.02081	0.70423	0.02868	0.02474	0.01799	0.00900	0.00731	0.00225	0.00619	0.00731	0.00900	0.01237
41	0.01479	0.06893	0.67742	0.02035	0.03090	0.01740	0.02622	0.02297	0.01532	0.02276	0.01292	0.01518	0.00921	0.00688	0.00681	0.00227	0.01061	0.00531	0.00307	0.01068
42	0.01685	0.01610	0.02744	0.22784	0.52491	0.01697	0.02174	0.02131	0.01601	0.02236	0.01347	0.01836	0.01102	0.00669	0.00722	0.00223	0.00892	0.00647	0.00350	0.01059
43	0.02832	0.01926	0.02114	0.01620	0.02200	0.02092	0.01339	0.58725	0.03234	0.13610	0.01899	0.01845	0.01313	0.00876	0.00728	0.00219	0.00775	0.00665	0.00751	0.01236
44	0.01373	0.01292	0.02180	0.72707	0.05006	0.01615	0.02019	0.01857	0.01453	0.01857	0.01292	0.01938	0.00969	0.00727	0.00727	0.00242	0.00969	0.00646	0.00323	0.00807
45	0.00859	0.00736	0.00736	0.00736	0.00982	0.00614	0.00552	0.01043	0.01657	0.01964	0.07364	0.06996	0.69624	0.01841	0.00859	0.00245	0.00368	0.01534	0.00675	0.00614
46	0.00881	0.00737	0.00767	0.00759	0.00995	0.00623	0.00569	0.01086	0.01708	0.02086	0.15372	0.06794	0.61540	0.01795	0.00859	0.00243	0.00365	0.01506	0.00691	0.00623
47	0.01171	0.00837	0.01171	0.01339	0.01506	0.00837	0.01171	0.01506	0.01673	0.02175	0.03849	0.08199	0.04183	0.02008	0.01004	0.00335	0.00669	0.65027	0.00669	0.00669
48	0.01029	0.00743	0.00972	0.00914	0.01086	0.00686	0.00686	0.01372	0.02058	0.02915	0.69536	0.05430	0.06859	0.01486	0.00857	0.00229	0.00343	0.01315	0.00800	0.00686
49	0.79588	0.01406	0.01068	0.00956	0.01406	0.01631	0.00787	0.02137	0.01237	0.03261	0.01012	0.01181	0.00787	0.00675	0.00450	0.00225	0.00562	0.00394	0.00450	0.00787
50	0.01943	0.74891	0.03809	0.01244	0.01866	0.02876	0.01244	0.02177	0.01477	0.01710	0.01011	0.01166	0.00933	0.00622	0.00466	0.00155	0.00777	0.00389	0.00311	0.00933
51	0.01882	0.01598	0.01685	0.01494	0.01918	0.01843	0.01168	0.08788	0.63561	0.03160	0.02865	0.02637	0.02143	0.00977	0.00739	0.00244	0.00593	0.00809	0.00739	0.01157
52	0.00891	0.00637	0.00848	0.01008	0.01056	0.00594	0.00675	0.01026	0.01417	0.01896	0.06516	0.71354	0.04886	0.02247	0.00925	0.00293	0.00419	0.02038	0.00680	0.00594
53	0.01799	0.01727	0.02950	0.04462	0.69919	0.01727	0.02231	0.02231	0.01655	0.02375	0.01367	0.01799	0.01151	0.00648	0.00720	0.00216	0.00864	0.00648	0.00360	0.01151
54	0.01781	0.01709	0.02918	0.07355	0.67167	0.01722	0.02222	0.02215	0.01647	0.02353	0.01364	0.01805	0.01144	0.00651	0.00720	0.00217	0.00868	0.00648	0.00358	0.01137
55	0.03070	0.01263	0.01672	0.01302	0.01840	0.01136	0.01068	0.05503	0.06147	0.61621	0.05444	0.02581	0.02005	0.00927	0.00736	0.00226	0.00611	0.00757	0.00881	0.01210

[dist]
# distance from previous block
# <min> <max>
0	2

[block]
# block no. 1 follows, 28 sequences, length 16
# corresponding to MSA columns:
# 218-233
name=unknown_B
#
# <colnr> <probs for GDERKNQSTAVLIFYWHMCP>
#	G	D	E	R	K	N	Q	S	T	A	V	L	I	F	Y	W	H	M	C	P
0	0.02533	0.01873	0.02027	0.01584	0.02119	0.02042	0.01293	0.58377	0.03144	0.04229	0.01933	0.08402	0.01559	0.00987	0.00737	0.00220	0.00753	0.00775	0.00709	0.04703
1	0.02656	0.01973	0.02124	0.01622	0.02209	0.02145	0.01337	0.61892	0.03255	0.04392	0.01707	0.01725	0.01223	0.00844	0.00711	0.00209	0.00778	0.00635	0.00702	0.07864
2	0.48009	0.11878	0.01879	0.01291	0.01769	0.01922	0.05662	0.08240	0.04418	0.02998	0.01193	0.01377	0.00944	0.00731	0.00635	0.00222	0.05015	0.00483	0.00455	0.00879
3	0.51307	0.01712	0.03874	0.01172	0.01645	0.10634	0.00982	0.02454	0.01524	0.14308	0.03555	0.01565	0.01177	0.00749	0.00546	0.00220	0.00681	0.00495	0.00522	0.00877
4	0.11695	0.01658	0.02107	0.23077	0.09153	0.04047	0.04580	0.17361	0.12026	0.02917	0.01621	0.01872	0.01220	0.00776	0.00692	0.00228	0.00822	0.00641	0.00504	0.03000
5	0.00912	0.00644	0.00836	0.00978	0.01014	0.00608	0.00638	0.01019	0.01340	0.01786	0.03739	0.63190	0.04470	0.13527	0.01360	0.00359	0.00466	0.01909	0.00638	0.00567
6	0.01128	0.00879	0.01023	0.00978	0.01203	0.00852	0.00739	0.03993	0.09874	0.02610	0.34071	0.11633	0.23625	0.01587	0.00849	0.00244	0.00409	0.02830	0.00741	0.00732
7	0.01385	0.03002	0.51761	0.01869	0.02709	0.01485	0.06103	0.02066	0.01536	0.02252	0.07733	0.02312	0.01689	0.09738	0.01082	0.00289	0.00971	0.00691	0.00372	0.00956
8	0.00959	0.00736	0.00792	0.00799	0.01003	0.00636	0.00577	0.01128	0.01597	0.03977	0.08716	0.14748	0.51143	0.08555	0.01126	0.00293	0.00412	0.01523	0.00665	0.00616
9	0.01876	0.01780	0.02571	0.06581	0.44235	0.05948	0.01888	0.08201	0.01783	0.02480	0.01350	0.01723	0.01117	0.00702	0.00795	0.00209	0.05185	0.00610	0.00399	0.10567
10	0.01917	0.58042	0.03272	0.01273	0.01813	0.10130	0.01193	0.02158	0.01612	0.01864	0.09364	0.01701	0.01655	0.00741	0.00535	0.00168	0.00783	0.00510	0.00377	0.00893
11	0.01032	0.00713	0.00848	0.00862	0.00911	0.00701	0.00546	0.01120	0.01274	0.01713	0.11508	0.11392	0.06521	0.49371	0.05570	0.00588	0.00664	0.03626	0.00527	0.00511
12	0.72256	0.01466	0.01175	0.01024	0.01487	0.01690	0.00844	0.08375	0.01445	0.03387	0.01082	0.01235	0.00830	0.00694	0.00476	0.00224	0.00585	0.00419	0.00476	0.00830
13	0.01869	0.60812	0.03325	0.01260	0.01794	0.07442	0.01186	0.02086	0.01508	0.01733	0.01383	0.10040	0.01405	0.00832	0.00536	0.00175	0.00772	0.00599	0.00360	0.00885
14	0.02184	0.01353	0.01554	0.01336	0.01745	0.01436	0.01038	0.03418	0.38974	0.24527	0.02848	0.02884	0.02135	0.09901	0.01097	0.00295	0.00605	0.00821	0.00755	0.01092
15	0.03826	0.02224	0.18728	0.14827	0.06798	0.01755	0.36645	0.02231	0.01613	0.02270	0.01385	0.01831	0.01032	0.00653	0.00780	0.00239	0.01112	0.00726	0.00348	0.00974

[dist]
# distance from previous block
# <min> <max>
0	3

[block]
# block no. 2 follows, 28 sequences, length 27
# corresponding to MSA columns:
# 237-263
name=unknown_C
#
# <colnr> <probs for GDERKNQSTAVLIFYWHMCP>
#	G	D	E	R	K	N	Q	S	T	A	V	L	I	F	Y	W	H	M	C	P
0	0.01797	0.01867	0.07088	0.03738	0.52346	0.04674	0.02069	0.04159	0.04877	0.02424	0.01627	0.02287	0.01410	0.00780	0.00738	0.00226	0.00866	0.05518	0.00409	0.01099
1	0.01134	0.00809	0.01112	0.01242	0.01396	0.00800	0.01050	0.01446	0.01684	0.02225	0.12646	0.10488	0.04499	0.05368	0.01108	0.00336	0.00616	0.50706	0.00676	0.00657
2	0.01052	0.00785	0.01035	0.03369	0.01360	0.00790	0.00877	0.01412	0.07519	0.02038	0.03790	0.49753	0.04307	0.02049	0.00923	0.00299	0.00511	0.16797	0.00668	0.00666
3	0.01840	0.01752	0.04397	0.02653	0.30057	0.11401	0.01580	0.02343	0.07628	0.07735	0.09938	0.05136	0.05900	0.00982	0.00754	0.00226	0.00781	0.03380	0.00526	0.00991
4	0.01580	0.09213	0.60311	0.02007	0.03013	0.01761	0.04674	0.02345	0.01559	0.05084	0.01352	0.01559	0.00964	0.00691	0.00680	0.00225	0.01037	0.00544	0.00334	0.01067
5	0.01928	0.02137	0.05190	0.07873	0.41647	0.15273	0.10851	0.02354	0.01725	0.02219	0.01327	0.01726	0.01084	0.00669	0.00725	0.00216	0.01013	0.00637	0.00360	0.01045
6	0.02243	0.01711	0.01803	0.01528	0.01991	0.04602	0.01223	0.22901	0.36222	0.10057	0.02556	0.02625	0.01931	0.00987	0.00745	0.00238	0.00682	0.04073	0.00733	0.01148
7	0.69219	0.01576	0.01211	0.01065	0.01520	0.05849	0.00869	0.07102	0.01450	0.03272	0.01074	0.01231	0.00830	0.00694	0.00483	0.00222	0.00625	0.00418	0.00466	0.00824
8	0.02495	0.01772	0.01957	0.01511	0.02067	0.01861	0.01234	0.48306	0.02895	0.09275	0.01905	0.06252	0.01478	0.00911	0.00711	0.00207	0.00722	0.00714	0.00692	0.13035
9	0.01138	0.00700	0.00774	0.00774	0.00825	0.00704	0.00475	0.01240	0.01189	0.01777	0.02301	0.04128	0.02400	0.51826	0.05185	0.00574	0.00647	0.00943	0.21886	0.00513
10	0.02763	0.02036	0.02182	0.01672	0.02254	0.02254	0.01382	0.67496	0.03418	0.04581	0.01745	0.01745	0.01236	0.00873	0.00727	0.00218	0.00800	0.00654	0.00727	0.01236
11	0.00886	0.00633	0.00843	0.01012	0.01054	0.00590	0.00675	0.01012	0.01392	0.01856	0.04006	0.73979	0.04808	0.02277	0.00928	0.00295	0.00422	0.02066	0.00675	0.00590
12	0.01004	0.00742	0.00937	0.00888	0.01071	0.00675	0.00666	0.01323	0.01998	0.02775	0.60362	0.05661	0.16120	0.01538	0.00858	0.00231	0.00347	0.01347	0.00782	0.00675
13	0.00886	0.00633	0.00843	0.01012	0.01054	0.00590	0.00675	0.01012	0.01392	0.01856	0.04006	0.73979	0.04808	0.02277	0.00928	0.00295	0.00422	0.02066	0.00675	0.00590
14	0.01458	0.03760	0.70688	0.02072	0.03146	0.01688	0.02686	0.02302	0.01535	0.02302	0.01304	0.01535	0.00921	0.00691	0.00691	0.00230	0.01074	0.00537	0.00307	0.01074
15	0.01373	0.01292	0.02180	0.72707	0.05006	0.01615	0.02019	0.01857	0.01453	0.01857	0.01292	0.01938	0.00969	0.00727	0.00727	0.00242	0.00969	0.00646	0.00323	0.00807
16	0.01507	0.01292	0.01507	0.01077	0.01723	0.00969	0.00861	0.01830	0.01507	0.02369	0.01292	0.01507	0.01077	0.00538	0.00538	0.00108	0.00538	0.00431	0.00431	0.78898
17	0.01402	0.01016	0.01128	0.01037	0.01184	0.01086	0.00701	0.11182	0.10533	0.02120	0.02340	0.06116	0.02413	0.48644	0.05596	0.00578	0.00744	0.00986	0.00528	0.00666
18	0.02542	0.01770	0.01931	0.01508	0.02000	0.01924	0.01213	0.52317	0.02952	0.09298	0.01917	0.02262	0.01495	0.12092	0.01181	0.00293	0.00771	0.00722	0.00697	0.01115
19	0.01525	0.01308	0.01515	0.01101	0.01733	0.01019	0.00879	0.01952	0.05511	0.02409	0.01391	0.01579	0.01145	0.00565	0.00550	0.00116	0.00541	0.00454	0.00449	0.74259
20	0.01057	0.00705	0.00793	0.00793	0.00793	0.00705	0.00440	0.01057	0.01057	0.01409	0.02290	0.04757	0.02643	0.74454	0.03700	0.00705	0.00705	0.01057	0.00440	0.00440
21	0.01507	0.01292	0.01507	0.01077	0.01723	0.00969	0.00861	0.01830	0.01507	0.02369	0.01292	0.01507	0.01077	0.00538	0.00538	0.00108	0.00538	0.00431	0.00431	0.78898
22	0.00868	0.00737	0.00749	0.00746	0.00987	0.00617	0.00559	0.01060	0.01678	0.02013	0.10584	0.06914	0.66374	0.01823	0.00859	0.00245	0.00367	0.01523	0.00681	0.00617
23	0.01669	0.01824	0.03526	0.02636	0.03100	0.01982	0.42980	0.02114	0.01493	0.02114	0.01280	0.01824	0.01048	0.00857	0.01423	0.00272	0.27822	0.00776	0.00349	0.00912
24	0.01460	0.01695	0.09153	0.02138	0.02641	0.01507	0.30253	0.01914	0.01519	0.02151	0.04343	0.09014	0.01745	0.01554	0.10791	0.00373	0.09418	0.00891	0.00411	0.07027
25	0.00908	0.00649	0.00869	0.01038	0.01090	0.00610	0.00714	0.01051	0.01414	0.01881	0.03994	0.68784	0.04758	0.02256	0.00934	0.00298	0.00441	0.07039	0.00674	0.00597
26	0.01316	0.01216	0.01835	0.01615	0.01718	0.01501	0.07221	0.01523	0.01267	0.01838	0.04059	0.18422	0.02234	0.05536	0.12478	0.00451	0.33571	0.01042	0.00435	0.00723

[dist]
# distance from previous block
# <min> <max>
0	1

[block]
# block no. 3 follows, 28 sequences, length 29
# corresponding to MSA columns:
# 265-293
name=unknown_D
#
# <colnr> <probs for GDERKNQSTAVLIFYWHMCP>
#	G	D	E	R	K	N	Q	S	T	A	V	L	I	F	Y	W	H	M	C	P
0	0.05785	0.00887	0.01147	0.01314	0.04351	0.00893	0.00963	0.05641	0.01621	0.02247	0.03513	0.39744	0.03966	0.01929	0.00903	0.00296	0.00557	0.22900	0.00649	0.00695
1	0.06198	0.06570	0.02149	0.01687	0.02175	0.29591	0.01346	0.32669	0.05452	0.03190	0.01477	0.01557	0.01122	0.00806	0.00672	0.00204	0.00980	0.00561	0.00553	0.01040
2	0.01917	0.70952	0.07512	0.01290	0.01937	0.02810	0.01324	0.02184	0.01480	0.01743	0.01027	0.01186	0.00932	0.00626	0.00479	0.00160	0.00794	0.00397	0.00311	0.00941
3	0.00935	0.00706	0.00871	0.00990	0.01091	0.00666	0.00681	0.01186	0.05403	0.01945	0.04550	0.57696	0.16345	0.02122	0.00904	0.00283	0.00421	0.01897	0.00679	0.00628
4	0.01881	0.65676	0.12474	0.01351	0.02032	0.02722	0.01431	0.02193	0.01484	0.01787	0.01049	0.01214	0.00931	0.00631	0.00495	0.00165	0.00816	0.00408	0.00310	0.00951
5	0.01026	0.00897	0.00904	0.00937	0.01133	0.05149	0.00699	0.01226	0.01666	0.02040	0.12042	0.21135	0.39449	0.01846	0.00873	0.00258	0.00463	0.06955	0.00668	0.00635
6	0.01003	0.00794	0.01238	0.01246	0.01379	0.00746	0.07732	0.01209	0.01488	0.01994	0.07783	0.57346	0.04499	0.02033	0.00922	0.00289	0.00520	0.06488	0.00650	0.00643
7	0.01050	0.00732	0.00931	0.00931	0.00978	0.00780	0.00612	0.01146	0.01098	0.01511	0.02164	0.04059	0.02340	0.49126	0.28614	0.00875	0.01161	0.00955	0.00422	0.00517
8	0.02715	0.03464	0.02060	0.01873	0.02247	0.71536	0.01404	0.02903	0.02060	0.01779	0.01124	0.01311	0.00936	0.00749	0.00655	0.00187	0.01311	0.00468	0.00375	0.00843
9	0.01422	0.01342	0.02269	0.64809	0.12519	0.01628	0.02043	0.01900	0.01477	0.01917	0.01301	0.01922	0.00990	0.00718	0.00726	0.00239	0.00957	0.00646	0.00327	0.00847
10	0.79588	0.01406	0.01068	0.00956	0.01406	0.01631	0.00787	0.02137	0.01237	0.03261	0.01012	0.01181	0.00787	0.00675	0.00450	0.00225	0.00562	0.00394	0.00450	0.00787
11	0.01386	0.01310	0.02183	0.68434	0.04819	0.01652	0.01993	0.01851	0.01433	0.01851	0.01272	0.01917	0.00968	0.00760	0.00827	0.00247	0.05324	0.00645	0.00323	0.00807
12	0.01069	0.00792	0.01005	0.00957	0.01145	0.00750	0.00729	0.01495	0.05605	0.02831	0.59089	0.05514	0.09945	0.01506	0.00859	0.00236	0.00374	0.04611	0.00783	0.00706
13	0.01809	0.01412	0.01628	0.01187	0.01818	0.01187	0.00958	0.12768	0.01854	0.06404	0.01452	0.01599	0.01142	0.00613	0.00580	0.00132	0.00586	0.00484	0.00505	0.61883
14	0.00984	0.00733	0.00864	0.00836	0.00994	0.00668	0.00595	0.01208	0.01730	0.02317	0.36919	0.05760	0.24824	0.16736	0.01448	0.00332	0.00426	0.01327	0.00688	0.00613
15	0.02506	0.01168	0.01511	0.01225	0.01670	0.01084	0.00987	0.05382	0.08729	0.43353	0.20537	0.03255	0.03163	0.01063	0.00765	0.00228	0.00548	0.00892	0.00851	0.01082
16	0.01852	0.01583	0.01668	0.01488	0.01907	0.01829	0.01161	0.06795	0.65602	0.03112	0.02903	0.02667	0.02174	0.00981	0.00739	0.00245	0.00586	0.00814	0.00739	0.01155
17	0.01263	0.00631	0.00947	0.00947	0.00947	0.00631	0.00631	0.00947	0.00947	0.01263	0.01263	0.02210	0.01263	0.02525	0.02841	0.78851	0.00631	0.00631	0.00316	0.00316
18	0.02649	0.03259	0.02133	0.02056	0.07316	0.62666	0.01465	0.06248	0.02101	0.01971	0.01175	0.01370	0.00968	0.00748	0.00664	0.00191	0.01251	0.00491	0.00392	0.00887
19	0.01841	0.01834	0.02911	0.06600	0.61035	0.06291	0.04354	0.02265	0.01677	0.02316	0.01352	0.01777	0.01129	0.00656	0.00720	0.00216	0.00909	0.00643	0.00360	0.01114
20	0.02381	0.02142	0.04537	0.01864	0.08238	0.19247	0.01385	0.11177	0.24220	0.14031	0.02127	0.02075	0.01561	0.00856	0.00712	0.00221	0.00840	0.00671	0.00622	0.01095
21	0.00893	0.00685	0.00819	0.00898	0.01031	0.00611	0.00631	0.01068	0.01572	0.02026	0.13289	0.40681	0.29147	0.02018	0.00894	0.00269	0.00392	0.01776	0.00690	0.00611
22	0.00929	0.00676	0.00922	0.03818	0.01237	0.00650	0.00758	0.01094	0.01446	0.01931	0.07336	0.63601	0.04728	0.02159	0.00921	0.00292	0.00454	0.05772	0.00667	0.00609
23	0.02893	0.01311	0.01678	0.01322	0.01835	0.01229	0.01078	0.12522	0.05185	0.51067	0.06690	0.05601	0.02163	0.00993	0.00747	0.00228	0.00618	0.00815	0.00852	0.01173
24	0.02763	0.02036	0.02182	0.01672	0.02254	0.02254	0.01382	0.67496	0.03418	0.04581	0.01745	0.01745	0.01236	0.00873	0.00727	0.00218	0.00800	0.00654	0.00727	0.01236
25	0.02577	0.03102	0.01987	0.01784	0.02166	0.58478	0.01350	0.07747	0.06086	0.02124	0.04875	0.01643	0.01346	0.00811	0.00676	0.00195	0.01178	0.00548	0.00445	0.00882
26	0.00886	0.00633	0.00843	0.01012	0.01054	0.00590	0.00675	0.01012	0.01392	0.01856	0.04006	0.73979	0.04808	0.02277	0.00928	0.00295	0.00422	0.02066	0.00675	0.00590
27	0.04598	0.01731	0.06723	0.32332	0.10894	0.01717	0.27179	0.02112	0.01571	0.02170	0.01358	0.01881	0.01029	0.00671	0.00764	0.00239	0.01047	0.00712	0.00348	0.00923
28	0.06395	0.01489	0.01677	0.01410	0.01884	0.01586	0.01136	0.13062	0.31427	0.21662	0.02647	0.02681	0.01953	0.00971	0.00728	0.00236	0.00624	0.04200	0.00753	0.03480

[dist]
# distance from previous block
# <min> <max>
0	2

[block]
# block no. 4 follows, 28 sequences, length 29
# corresponding to MSA columns:
# 296-324
name=unknown_E
#
# <colnr> <probs for GDERKNQSTAVLIFYWHMCP>
#	G	D	E	R	K	N	Q	S	T	A	V	L	I	F	Y	W	H	M	C	P
0	0.02426	0.03579	0.01773	0.01360	0.01838	0.01641	0.01103	0.31846	0.08391	0.17427	0.02161	0.02264	0.01592	0.05329	0.00867	0.00239	0.00667	0.00697	0.10842	0.03958
1	0.06161	0.11085	0.53605	0.02004	0.02963	0.01825	0.08054	0.02281	0.01527	0.02298	0.01270	0.01511	0.00930	0.00676	0.00667	0.00223	0.01025	0.00541	0.00321	0.01034
2	0.49292	0.01634	0.01476	0.04787	0.01859	0.03810	0.01042	0.19630	0.05076	0.03489	0.01318	0.01446	0.00989	0.00747	0.00557	0.00224	0.00668	0.00498	0.00529	0.00927
3	0.10109	0.02131	0.01974	0.01588	0.02101	0.13167	0.01284	0.45858	0.05313	0.03874	0.01645	0.01696	0.01206	0.00837	0.00680	0.00213	0.00832	0.00607	0.03782	0.01104
4	0.71003	0.01442	0.01172	0.01020	0.01484	0.01649	0.00840	0.06696	0.01424	0.06254	0.01143	0.01276	0.00862	0.00698	0.00481	0.00224	0.00581	0.00426	0.00488	0.00838
5	0.02718	0.03380	0.02067	0.01861	0.02248	0.67431	0.01403	0.06730	0.02140	0.01945	0.01160	0.01337	0.00954	0.00756	0.00660	0.00189	0.01281	0.00479	0.00395	0.00866
6	0.02400	0.01756	0.01877	0.01481	0.01989	0.01919	0.01207	0.48175	0.09896	0.04043	0.01939	0.01972	0.01421	0.00864	0.00688	0.00209	0.00698	0.00664	0.11770	0.05033
7	0.79588	0.01406	0.01068	0.00956	0.01406	0.01631	0.00787	0.02137	0.01237	0.03261	0.01012	0.01181	0.00787	0.00675	0.00450	0.00225	0.00562	0.00394	0.00450	0.00787
8	0.01054	0.00716	0.00849	0.00849	0.00869	0.00735	0.00511	0.01093	0.01074	0.01451	0.02239	0.04470	0.02518	0.64046	0.13937	0.00775	0.00892	0.01015	0.00433	0.00472
9	0.01629	0.00872	0.01125	0.01006	0.01287	0.00773	0.00773	0.01903	0.01921	0.22136	0.32407	0.12767	0.15546	0.01467	0.00829	0.00238	0.00436	0.01269	0.00794	0.00822
10	0.01599	0.00965	0.01235	0.01170	0.01447	0.00936	0.00943	0.02124	0.10237	0.16256	0.24001	0.08268	0.07861	0.01498	0.00859	0.00262	0.00520	0.18209	0.00766	0.00843
11	0.01057	0.00705	0.00793	0.00793	0.00793	0.00705	0.00440	0.01057	0.01057	0.01409	0.02290	0.04757	0.02643	0.74454	0.03700	0.00705	0.00705	0.01057	0.00440	0.00440
12	0.02639	0.02185	0.02067	0.01652	0.02173	0.13493	0.01335	0.50354	0.07071	0.03952	0.01743	0.01773	0.01273	0.00858	0.00707	0.00213	0.00851	0.00635	0.03881	0.01144
13	0.02349	0.01797	0.01958	0.01494	0.02082	0.01867	0.01222	0.44920	0.07375	0.03862	0.01703	0.01746	0.01260	0.00788	0.00676	0.00189	0.00712	0.00604	0.00646	0.22750
14	0.01773	0.01701	0.02904	0.08601	0.65982	0.01720	0.02218	0.02208	0.01643	0.02343	0.01363	0.01808	0.01140	0.00652	0.00720	0.00217	0.00870	0.00648	0.00358	0.01131
15	0.01042	0.00704	0.00823	0.00836	0.00849	0.00710	0.00491	0.01070	0.01092	0.01464	0.02404	0.10170	0.02759	0.63924	0.08149	0.00704	0.00768	0.01119	0.00456	0.00467
16	0.01032	0.00736	0.00911	0.00999	0.01074	0.00714	0.00668	0.05055	0.01460	0.01938	0.03661	0.53687	0.06582	0.16168	0.01450	0.00368	0.00498	0.01765	0.00633	0.00601
17	0.02098	0.01698	0.01943	0.02075	0.15746	0.07864	0.01368	0.06012	0.33357	0.12524	0.05736	0.02461	0.02017	0.00904	0.00732	0.00230	0.00704	0.00759	0.00655	0.01116
18	0.01887	0.01456	0.01642	0.01305	0.01798	0.01411	0.01033	0.28302	0.02258	0.03159	0.02044	0.16774	0.01922	0.01038	0.00696	0.00192	0.00620	0.00864	0.00602	0.30996
19	0.01905	0.05393	0.06754	0.07498	0.14220	0.17092	0.24403	0.02340	0.01693	0.02115	0.01293	0.01692	0.01037	0.00707	0.00857	0.00224	0.06364	0.00656	0.00357	0.03402
20	0.70019	0.01385	0.01146	0.00998	0.01462	0.01560	0.00822	0.02313	0.01343	0.11682	0.01245	0.01343	0.00914	0.00703	0.00485	0.00225	0.00569	0.00436	0.00506	0.00844
21	0.01418	0.00947	0.01159	0.05989	0.01384	0.06105	0.00818	0.03846	0.01192	0.01512	0.01437	0.06390	0.01428	0.02186	0.02331	0.59648	0.00700	0.00707	0.00359	0.00443
22	0.02006	0.02359	0.08348	0.06482	0.42816	0.21023	0.02031	0.02407	0.01748	0.02182	0.01291	0.01648	0.01065	0.00683	0.00700	0.00210	0.01009	0.00589	0.00358	0.01045
23	0.01069	0.00752	0.00947	0.01002	0.01106	0.00735	0.00698	0.05067	0.01602	0.02207	0.15861	0.43758	0.04507	0.09103	0.04068	0.00348	0.00516	0.01624	0.04390	0.00639
24	0.00886	0.00633	0.00843	0.01012	0.01054	0.00590	0.00675	0.01012	0.01392	0.01856	0.04006	0.73979	0.04808	0.02277	0.00928	0.00295	0.00422	0.02066	0.00675	0.00590
25	0.11040	0.07000	0.01791	0.03411	0.01927	0.19338	0.01157	0.13943	0.13783	0.02705	0.02551	0.02712	0.11337	0.01001	0.00691	0.00221	0.00797	0.03111	0.00559	0.00925
26	0.17324	0.21153	0.02238	0.09621	0.04608	0.18031	0.01256	0.02261	0.01583	0.05369	0.01492	0.01728	0.03791	0.01070	0.05469	0.00265	0.00940	0.00536	0.00404	0.00859
27	0.07983	0.02114	0.09287	0.06636	0.03199	0.08435	0.36806	0.02261	0.01614	0.02270	0.01320	0.01741	0.01023	0.00700	0.00904	0.00236	0.07573	0.00701	0.00366	0.04831
28	0.07076	0.10585	0.02171	0.01673	0.02104	0.39622	0.01324	0.15160	0.05345	0.02455	0.01333	0.01490	0.01073	0.00918	0.02787	0.00227	0.02746	0.00521	0.00456	0.00933

[dist]
# distance from previous block
# <min> <max>
6	8

[block]
# block no. 5 follows, 28 sequences, length 23
# corresponding to MSA columns:
# 333-355
name=unknown_F
#
# <colnr> <probs for GDERKNQSTAVLIFYWHMCP>
#	G	D	E	R	K	N	Q	S	T	A	V	L	I	F	Y	W	H	M	C	P
0	0.01762	0.01849	0.12302	0.07043	0.04571	0.01505	0.28529	0.05375	0.01741	0.10547	0.01994	0.12891	0.01723	0.00930	0.00800	0.00241	0.00937	0.00937	0.00487	0.03837
1	0.01869	0.02166	0.07748	0.19488	0.31989	0.16802	0.05188	0.02300	0.01690	0.02118	0.01297	0.01714	0.01043	0.00689	0.00712	0.00218	0.01018	0.00610	0.00351	0.00991
2	0.14349	0.02929	0.01984	0.01915	0.07218	0.51197	0.01371	0.06875	0.01991	0.02229	0.01165	0.01356	0.00949	0.00738	0.00634	0.00197	0.01130	0.00482	0.00407	0.00883
3	0.01467	0.01198	0.01266	0.01147	0.01456	0.01279	0.00868	0.08573	0.29433	0.02616	0.06495	0.04356	0.23695	0.11478	0.01192	0.00307	0.00541	0.01082	0.00679	0.00874
4	0.01182	0.00938	0.01150	0.01087	0.01296	0.00904	0.00783	0.01507	0.06952	0.02051	0.05925	0.33631	0.03273	0.11985	0.01309	0.00305	0.05158	0.01315	0.00573	0.18674
5	0.02312	0.07313	0.02120	0.01524	0.02031	0.01733	0.06129	0.27309	0.09322	0.14617	0.06266	0.02200	0.01754	0.01002	0.00883	0.06381	0.00721	0.00708	0.00655	0.05021
6	0.01568	0.01912	0.18263	0.01730	0.02350	0.01340	0.13616	0.04474	0.06683	0.05831	0.02086	0.16059	0.01910	0.00996	0.00742	0.00219	0.00785	0.00911	0.00496	0.18028
7	0.01534	0.01357	0.01707	0.01278	0.01816	0.01202	0.03780	0.03811	0.01527	0.02328	0.01572	0.01821	0.04511	0.00719	0.00831	0.00153	0.10658	0.00540	0.00434	0.58422
8	0.01109	0.00853	0.00982	0.00996	0.01171	0.00844	0.00739	0.01547	0.10846	0.02104	0.10602	0.11396	0.22307	0.18482	0.01527	0.00369	0.00528	0.12295	0.00641	0.00663
9	0.05825	0.02026	0.02019	0.01589	0.02140	0.08038	0.01292	0.48035	0.08233	0.03957	0.01716	0.01739	0.01255	0.00832	0.00693	0.00208	0.00792	0.00620	0.00659	0.08333
10	0.01770	0.01904	0.05062	0.02271	0.05414	0.06846	0.31634	0.05468	0.01733	0.02393	0.01376	0.01728	0.01080	0.00640	0.00781	0.00198	0.03517	0.00660	0.00402	0.25123
11	0.00899	0.00671	0.00818	0.00918	0.01017	0.00610	0.00625	0.01042	0.01470	0.01904	0.08054	0.47689	0.21807	0.07561	0.01115	0.00310	0.00425	0.01813	0.00663	0.00590
12	0.01311	0.00811	0.01031	0.00937	0.01175	0.00727	0.00717	0.01618	0.01993	0.12140	0.49804	0.05282	0.16718	0.01464	0.00840	0.00231	0.00386	0.01270	0.00793	0.00750
13	0.05069	0.01263	0.01108	0.01012	0.01288	0.09962	0.00779	0.06473	0.08236	0.05837	0.02193	0.02393	0.01690	0.00845	0.00571	0.00187	0.00538	0.00654	0.49092	0.00811
14	0.00941	0.00745	0.00849	0.00839	0.01053	0.00654	0.00640	0.01192	0.01803	0.02322	0.29643	0.06506	0.42711	0.01723	0.00868	0.00245	0.00378	0.05524	0.00720	0.00643
15	0.01114	0.00751	0.00846	0.00832	0.00855	0.00758	0.00483	0.03501	0.01155	0.01541	0.02326	0.06901	0.02661	0.69394	0.03500	0.00673	0.00699	0.01075	0.00459	0.00475
16	0.02430	0.01839	0.01959	0.01571	0.02085	0.02054	0.01275	0.46648	0.21418	0.04063	0.02112	0.02060	0.01539	0.00903	0.00720	0.00224	0.00715	0.00702	0.04497	0.01185
17	0.01542	0.08046	0.59728	0.01930	0.02899	0.01680	0.02418	0.02285	0.01548	0.05327	0.01494	0.05233	0.01159	0.00776	0.00690	0.00228	0.01001	0.00614	0.00353	0.01048
18	0.07474	0.11429	0.42315	0.02357	0.14369	0.01837	0.05891	0.02264	0.01536	0.02319	0.01268	0.01534	0.00962	0.00670	0.00661	0.00219	0.00973	0.00546	0.00331	0.01044
19	0.04174	0.22246	0.30218	0.01597	0.02312	0.01793	0.04896	0.02141	0.01645	0.05486	0.14539	0.02243	0.02122	0.00832	0.00664	0.00210	0.00821	0.00668	0.00439	0.00954
20	0.02004	0.01494	0.01631	0.01292	0.01784	0.01510	0.01049	0.31573	0.04842	0.03405	0.02263	0.02512	0.06487	0.00907	0.00670	0.00191	0.00623	0.03370	0.11457	0.20935
21	0.57072	0.01766	0.12178	0.01170	0.01707	0.01613	0.01111	0.02268	0.07182	0.03035	0.01495	0.01615	0.03819	0.00753	0.00531	0.00229	0.00637	0.00502	0.00462	0.00857
22	0.02001	0.68109	0.03634	0.01272	0.01867	0.02754	0.01248	0.02234	0.01496	0.05412	0.01108	0.01253	0.00980	0.00662	0.00554	0.00165	0.03548	0.00417	0.00343	0.00944

[dist]
# distance from previous block
# <min> <max>
0	1

[block]
# block no. 6 follows, 28 sequences, length 57
# corresponding to MSA columns:
# 357-413
name=unknown_G
#
# <colnr> <probs for GDERKNQSTAVLIFYWHMCP>
#	G	D	E	R	K	N	Q	S	T	A	V	L	I	F	Y	W	H	M	C	P
0	0.01559	0.18616	0.56720	0.01899	0.02879	0.01936	0.02385	0.02276	0.01523	0.02178	0.01243	0.01458	0.00923	0.00676	0.00644	0.00215	0.01012	0.00506	0.00308	0.01045
1	0.01263	0.00631	0.00947	0.00947	0.00947	0.00631	0.00631	0.00947	0.00947	0.01263	0.01263	0.02210	0.01263	0.02525	0.02841	0.78851	0.00631	0.00631	0.00316	0.00316
2	0.18882	0.01335	0.01583	0.01256	0.01786	0.01294	0.01032	0.06677	0.06173	0.48821	0.02431	0.02184	0.01587	0.00857	0.00673	0.00226	0.00614	0.00663	0.00788	0.01139
3	0.01463	0.01403	0.01982	0.01738	0.01767	0.01922	0.01433	0.01645	0.01126	0.01735	0.01183	0.01882	0.01153	0.02237	0.18360	0.00514	0.56690	0.00669	0.00335	0.00761
4	0.79588	0.01406	0.01068	0.00956	0.01406	0.01631	0.00787	0.02137	0.01237	0.03261	0.01012	0.01181	0.00787	0.00675	0.00450	0.00225	0.00562	0.00394	0.00450	0.00787
5	0.06833	0.02572	0.02074	0.01714	0.02206	0.29849	0.01359	0.38259	0.02760	0.03393	0.01458	0.01542	0.01093	0.00813	0.00684	0.00206	0.00991	0.00566	0.00572	0.01055
6	0.01057	0.00705	0.00793	0.00793	0.00793	0.00705	0.00440	0.01057	0.01057	0.01409	0.02290	0.04757	0.02643	0.74454	0.03700	0.00705	0.00705	0.01057	0.00440	0.00440
7	0.01482	0.01265	0.01480	0.01074	0.01696	0.00954	0.00854	0.01797	0.01503	0.02348	0.01402	0.04449	0.01228	0.00609	0.00554	0.00115	0.00534	0.00497	0.00441	0.75719
8	0.00884	0.00638	0.00838	0.00997	0.01050	0.00592	0.00668	0.01014	0.01406	0.01861	0.04185	0.70417	0.08255	0.02254	0.00924	0.00293	0.00419	0.02038	0.00675	0.00592
9	0.06445	0.12465	0.57973	0.01898	0.02877	0.01832	0.02387	0.02276	0.01509	0.02289	0.01249	0.01466	0.00914	0.00681	0.00648	0.00221	0.01005	0.00510	0.00316	0.01039
10	0.01458	0.03760	0.70688	0.02072	0.03146	0.01688	0.02686	0.02302	0.01535	0.02302	0.01304	0.01535	0.00921	0.00691	0.00691	0.00230	0.01074	0.00537	0.00307	0.01074
11	0.01038	0.00779	0.01168	0.01168	0.01298	0.00909	0.00909	0.01298	0.01168	0.01687	0.01947	0.02856	0.01817	0.05452	0.71573	0.01168	0.01947	0.00779	0.00389	0.00649
12	0.01110	0.00821	0.00899	0.00857	0.01117	0.00731	0.00650	0.01443	0.05964	0.06843	0.16576	0.07959	0.49041	0.01678	0.00844	0.00243	0.00396	0.01414	0.00714	0.00701
13	0.01834	0.01951	0.05999	0.04049	0.55909	0.06183	0.08862	0.02287	0.01682	0.02329	0.01360	0.01773	0.01123	0.00652	0.00728	0.00218	0.00938	0.00653	0.00359	0.01111
14	0.03261	0.01237	0.01687	0.01293	0.01856	0.01068	0.01068	0.03543	0.02081	0.70423	0.02868	0.02474	0.01799	0.00900	0.00731	0.00225	0.00619	0.00731	0.00900	0.01237
15	0.00884	0.00639	0.00837	0.00995	0.01050	0.00592	0.00667	0.01014	0.01408	0.01862	0.04218	0.69755	0.08895	0.02250	0.00923	0.00292	0.00418	0.02033	0.00675	0.00592
16	0.01863	0.54983	0.15507	0.01456	0.02110	0.05145	0.01528	0.02198	0.01485	0.01820	0.01063	0.01264	0.00932	0.00680	0.00635	0.00180	0.05458	0.00434	0.00313	0.00946
17	0.01373	0.01292	0.02180	0.72707	0.05006	0.01615	0.02019	0.01857	0.01453	0.01857	0.01292	0.01938	0.00969	0.00727	0.00727	0.00242	0.00969	0.00646	0.00323	0.00807
18	0.02763	0.02036	0.02182	0.01672	0.02254	0.02254	0.01382	0.67496	0.03418	0.04581	0.01745	0.01745	0.01236	0.00873	0.00727	0.00218	0.00800	0.00654	0.00727	0.01236
19	0.01781	0.01835	0.06553	0.04335	0.66369	0.01725	0.02255	0.02235	0.01649	0.02371	0.01364	0.01785	0.01139	0.00650	0.00718	0.00217	0.00875	0.00642	0.00357	0.01147
20	0.68783	0.11632	0.01450	0.00996	0.01470	0.01804	0.00851	0.02142	0.01270	0.03045	0.01012	0.01179	0.00807	0.00667	0.00452	0.00215	0.00592	0.00393	0.00431	0.00807
21	0.01479	0.06877	0.67757	0.02036	0.03090	0.01740	0.02623	0.02297	0.01532	0.02276	0.01292	0.01519	0.00921	0.00688	0.00681	0.00227	0.01061	0.00531	0.00307	0.01068
22	0.00913	0.00660	0.00870	0.01028	0.01096	0.00617	0.00718	0.01065	0.01437	0.01895	0.04202	0.63016	0.08831	0.02222	0.00931	0.00296	0.00444	0.08483	0.00674	0.00600
23	0.01213	0.00929	0.01311	0.01251	0.01412	0.01094	0.00986	0.06862	0.01353	0.01933	0.01876	0.02693	0.01721	0.04839	0.61848	0.01042	0.05758	0.00761	0.00414	0.00706
24	0.01038	0.00779	0.01168	0.01168	0.01298	0.00909	0.00909	0.01298	0.01168	0.01687	0.01947	0.02856	0.01817	0.05452	0.71573	0.01168	0.01947	0.00779	0.00389	0.00649
25	0.02595	0.14577	0.02332	0.01775	0.02188	0.60854	0.01379	0.02790	0.01969	0.01768	0.01106	0.01288	0.00936	0.00729	0.00626	0.00182	0.01228	0.00456	0.00365	0.00857
26	0.01598	0.01614	0.02358	0.01982	0.02029	0.02202	0.05774	0.01786	0.01152	0.01786	0.00987	0.01614	0.00964	0.01230	0.02288	0.00313	0.68544	0.00650	0.00321	0.00807
27	0.02671	0.12826	0.02278	0.01507	0.02071	0.02047	0.01271	0.42256	0.02780	0.17364	0.01944	0.04457	0.01435	0.00892	0.00696	0.00213	0.00746	0.00682	0.00697	0.01167
28	0.00902	0.00660	0.00888	0.03602	0.01195	0.00628	0.00719	0.01044	0.01404	0.01860	0.04032	0.68887	0.07069	0.02205	0.00918	0.00291	0.00440	0.01995	0.00662	0.00599
29	0.79588	0.01406	0.01068	0.00956	0.01406	0.01631	0.00787	0.02137	0.01237	0.03261	0.01012	0.01181	0.00787	0.00675	0.00450	0.00225	0.00562	0.00394	0.00450	0.00787
30	0.01191	0.00876	0.01172	0.01307	0.01495	0.00883	0.01128	0.01625	0.05936	0.02216	0.04031	0.07768	0.08516	0.01932	0.00977	0.00323	0.00643	0.56612	0.00674	0.00696
31	0.01538	0.01491	0.02259	0.56082	0.04397	0.06100	0.06006	0.04324	0.01569	0.02004	0.01331	0.01904	0.01013	0.00752	0.00789	0.00239	0.03844	0.00649	0.02878	0.00831
32	0.01059	0.00809	0.01207	0.01196	0.01321	0.00957	0.00934	0.01315	0.01166	0.01690	0.01910	0.02809	0.01785	0.05297	0.69011	0.01137	0.04583	0.00774	0.00387	0.00654
33	0.02723	0.02064	0.02156	0.01671	0.02239	0.04523	0.01373	0.62780	0.06019	0.04426	0.01774	0.01770	0.01266	0.00873	0.00725	0.00218	0.00808	0.00655	0.00716	0.01220
34	0.01799	0.01727	0.02950	0.04462	0.69919	0.01727	0.02231	0.02231	0.01655	0.02375	0.01367	0.01799	0.01151	0.00648	0.00720	0.00216	0.00864	0.00648	0.00360	0.01151
35	0.00865	0.00737	0.00745	0.00743	0.00986	0.00616	0.00557	0.01055	0.01671	0.01997	0.09565	0.06940	0.67402	0.01828	0.00859	0.00245	0.00367	0.01526	0.00679	0.00616
36	0.01808	0.01561	0.01644	0.01479	0.01890	0.01808	0.01151	0.03863	0.68606	0.03041	0.02959	0.02712	0.02219	0.00986	0.00740	0.00247	0.00575	0.00822	0.00740	0.01151
37	0.01484	0.07546	0.67128	0.02028	0.03078	0.01751	0.02609	0.02295	0.01532	0.02271	0.01289	0.01515	0.00921	0.00687	0.00679	0.00226	0.01058	0.00529	0.00307	0.01067
38	0.01716	0.01961	0.04289	0.03064	0.03799	0.01838	0.67279	0.02328	0.01716	0.02328	0.01471	0.01961	0.01103	0.00613	0.00858	0.00245	0.01225	0.00858	0.00368	0.00980
39	0.00897	0.00739	0.00793	0.00815	0.01037	0.00635	0.00620	0.01099	0.01663	0.02026	0.10155	0.11240	0.56556	0.01864	0.00876	0.00255	0.00396	0.07031	0.00681	0.00621
40	0.01059	0.00809	0.01208	0.01196	0.01321	0.00958	0.00934	0.01315	0.01166	0.01690	0.01910	0.02808	0.01785	0.05295	0.68982	0.01136	0.04613	0.00773	0.00387	0.00654
41	0.01029	0.00743	0.00972	0.00914	0.01086	0.00686	0.00686	0.01372	0.02058	0.02915	0.69536	0.05430	0.06859	0.01486	0.00857	0.00229	0.00343	0.01315	0.00800	0.00686
42	0.79588	0.01406	0.01068	0.00956	0.01406	0.01631	0.00787	0.02137	0.01237	0.03261	0.01012	0.01181	0.00787	0.00675	0.00450	0.00225	0.00562	0.00394	0.00450	0.00787
43	0.02763	0.02036	0.02182	0.01672	0.02254	0.02254	0.01382	0.67496	0.03418	0.04581	0.01745	0.01745	0.01236	0.00873	0.00727	0.00218	0.00800	0.00654	0.00727	0.01236
44	0.01355	0.00678	0.00678	0.00678	0.00847	0.00678	0.00508	0.01694	0.01524	0.02710	0.02371	0.02710	0.01863	0.00847	0.00508	0.00169	0.00339	0.00678	0.78489	0.00678
45	0.00870	0.00737	0.00751	0.00748	0.00988	0.00618	0.00561	0.01064	0.01682	0.02024	0.11324	0.06896	0.65627	0.01818	0.00859	0.00244	0.00367	0.01520	0.00683	0.00618
46	0.01716	0.01961	0.04289	0.03064	0.03799	0.01838	0.67279	0.02328	0.01716	0.02328	0.01471	0.01961	0.01103	0.00613	0.00858	0.00245	0.01225	0.00858	0.00368	0.00980
47	0.01909	0.01706	0.01930	0.02039	0.14022	0.04879	0.01369	0.07725	0.49493	0.02969	0.02515	0.02425	0.01908	0.00908	0.00732	0.00237	0.00674	0.00764	0.00655	0.01143
48	0.01500	0.12017	0.60398	0.01934	0.02924	0.01793	0.02447	0.02255	0.01546	0.02254	0.03645	0.01627	0.01129	0.00710	0.00670	0.00221	0.01014	0.00547	0.00325	0.01044
49	0.02501	0.18216	0.10603	0.01477	0.02093	0.04886	0.01373	0.12481	0.08971	0.27191	0.02032	0.01935	0.01423	0.00811	0.00664	0.00210	0.00762	0.00618	0.00632	0.01123
50	0.01974	0.72057	0.03740	0.01269	0.01881	0.05601	0.01250	0.02205	0.01500	0.01713	0.01015	0.01172	0.00933	0.00627	0.00474	0.00157	0.00799	0.00392	0.00313	0.00929
51	0.03780	0.00766	0.00954	0.00900	0.01088	0.00713	0.00678	0.01370	0.01993	0.02843	0.61613	0.05419	0.12208	0.01489	0.00843	0.00230	0.00353	0.01302	0.00777	0.00683
52	0.01503	0.07428	0.63317	0.02162	0.06838	0.01754	0.02583	0.02291	0.01538	0.02275	0.01292	0.01530	0.00934	0.00685	0.00680	0.00225	0.01047	0.00535	0.00310	0.01071
53	0.02089	0.01625	0.01674	0.01617	0.06156	0.11113	0.01198	0.03083	0.28850	0.16476	0.03000	0.03360	0.06869	0.01095	0.00765	0.00242	0.00701	0.08370	0.00685	0.01031
