[name]
unknown

[dist]
# distance from previous block
# <min> <max>
0	49

[block]
# block no. 0 follows, 30 sequences, length 58
# corresponding to MSA columns:
# 49-106
name=unknown_A
#
# <colnr> <probs for GDERKNQSTAVLIFYWHMCP>
#	G	D	E	R	K	N	Q	S	T	A	V	L	I	F	Y	W	H	M	C	P
0	0.01124	0.00803	0.01124	0.01285	0.01446	0.00803	0.01124	0.01446	0.01606	0.02088	0.03695	0.07871	0.04016	0.01928	0.00964	0.00321	0.00643	0.66426	0.00643	0.00643
1	0.47088	0.18262	0.01699	0.01022	0.01489	0.01708	0.00886	0.02196	0.01399	0.12026	0.05596	0.01554	0.01285	0.00714	0.00497	0.00201	0.00581	0.00476	0.00481	0.00840
2	0.01036	0.00819	0.01089	0.01181	0.04835	0.00802	0.00791	0.01210	0.01393	0.01929	0.10445	0.41882	0.06603	0.07752	0.01158	0.00286	0.06151	0.01469	0.00576	0.08592
3	0.01776	0.01430	0.01651	0.05056	0.01950	0.01315	0.01027	0.21505	0.01982	0.02858	0.01455	0.03979	0.01192	0.00676	0.00592	0.00147	0.00609	0.00540	0.00500	0.49758
4	0.03931	0.06286	0.56716	0.02257	0.12855	0.01672	0.02400	0.02190	0.01479	0.02225	0.01241	0.01485	0.00913	0.00654	0.00651	0.00216	0.00974	0.00521	0.00307	0.01028
5	0.01202	0.00907	0.01039	0.00979	0.01234	0.00892	0.00757	0.01828	0.16350	0.05712	0.27197	0.05198	0.27010	0.01445	0.00803	0.00235	0.00417	0.05328	0.00712	0.00754
6	0.01217	0.00759	0.00985	0.00903	0.01088	0.00699	0.00670	0.01502	0.01867	0.09892	0.55679	0.04839	0.05605	0.09901	0.01125	0.00272	0.00397	0.01174	0.00738	0.00687
7	0.01989	0.41803	0.12778	0.01526	0.04114	0.07529	0.01450	0.14447	0.04414	0.02299	0.01228	0.01356	0.01001	0.00673	0.00554	0.00178	0.00823	0.00469	0.00393	0.00976
8	0.01098	0.00770	0.00912	0.00872	0.00932	0.00798	0.00568	0.03456	0.01315	0.01822	0.16158	0.06164	0.03259	0.49516	0.02660	0.00520	0.04486	0.01043	0.03123	0.00526
9	0.02967	0.01343	0.01705	0.01312	0.01845	0.01266	0.01082	0.17740	0.02279	0.54913	0.04390	0.02299	0.01742	0.00873	0.00704	0.00215	0.00625	0.00701	0.00825	0.01173
10	0.01318	0.01240	0.02093	0.73798	0.04806	0.01550	0.01938	0.01783	0.01395	0.01783	0.01240	0.01860	0.00930	0.00698	0.00698	0.00233	0.00930	0.00620	0.00310	0.00775
11	0.02536	0.03191	0.02047	0.01999	0.07740	0.66925	0.01413	0.02734	0.01946	0.01754	0.01098	0.01296	0.00916	0.00711	0.00634	0.00182	0.01224	0.00463	0.00358	0.00833
12	0.00994	0.00684	0.00816	0.00826	0.00856	0.00695	0.00508	0.01046	0.01073	0.01440	0.02442	0.08780	0.05200	0.57589	0.13566	0.00701	0.00824	0.01053	0.00438	0.00468
13	0.05452	0.01364	0.01696	0.01314	0.01848	0.01307	0.01082	0.16837	0.05096	0.52675	0.02478	0.02201	0.01602	0.00855	0.00693	0.00215	0.00626	0.00680	0.00809	0.01170
14	0.00979	0.00713	0.00921	0.00869	0.01037	0.00655	0.00652	0.01300	0.01955	0.02750	0.67380	0.05292	0.09989	0.01445	0.00823	0.00220	0.00331	0.01273	0.00762	0.00655
15	0.01025	0.00737	0.01007	0.01162	0.01288	0.00719	0.00949	0.01277	0.01520	0.01983	0.03885	0.29040	0.07019	0.02003	0.00935	0.00306	0.00555	0.43329	0.00644	0.00616
16	0.00977	0.00710	0.00919	0.00874	0.01037	0.00653	0.00653	0.01293	0.01939	0.02729	0.66016	0.07422	0.09229	0.01464	0.00825	0.00222	0.00333	0.01293	0.00759	0.00653
17	0.01410	0.01335	0.02260	0.58109	0.19774	0.01575	0.01984	0.01864	0.01439	0.01895	0.01257	0.01830	0.00970	0.00681	0.00696	0.00227	0.00907	0.00621	0.00318	0.00850
18	0.01042	0.00727	0.00921	0.00870	0.01055	0.00659	0.00653	0.01338	0.01895	0.05320	0.56076	0.07978	0.15876	0.01484	0.00821	0.00224	0.00346	0.01299	0.00749	0.00665
19	0.01575	0.01953	0.11002	0.12808	0.07762	0.01725	0.45864	0.02145	0.01570	0.02153	0.01348	0.01814	0.01020	0.00635	0.00830	0.00234	0.03548	0.00742	0.00339	0.00932
20	0.80405	0.01350	0.01026	0.00918	0.01350	0.01565	0.00756	0.02051	0.01188	0.03131	0.00972	0.01134	0.00756	0.00648	0.00432	0.00216	0.00540	0.00378	0.00432	0.00756
21	0.01447	0.01240	0.01447	0.01034	0.01654	0.00930	0.00827	0.01757	0.01447	0.02274	0.01240	0.01447	0.01034	0.00517	0.00517	0.00103	0.00517	0.00413	0.00413	0.79742
22	0.01866	0.75896	0.03657	0.01194	0.01791	0.02761	0.01194	0.02090	0.01418	0.01642	0.00970	0.01119	0.00896	0.00597	0.00448	0.00149	0.00746	0.00373	0.00299	0.00896
23	0.01447	0.01240	0.01447	0.01034	0.01654	0.00930	0.00827	0.01757	0.01447	0.02274	0.01240	0.01447	0.01034	0.00517	0.00517	0.00103	0.00517	0.00413	0.00413	0.79742
24	0.01727	0.01658	0.02832	0.04283	0.71123	0.01658	0.02142	0.02142	0.01589	0.02280	0.01313	0.01727	0.01105	0.00622	0.00691	0.00207	0.00829	0.00622	0.00345	0.01105
25	0.80405	0.01350	0.01026	0.00918	0.01350	0.01565	0.00756	0.02051	0.01188	0.03131	0.00972	0.01134	0.00756	0.00648	0.00432	0.00216	0.00540	0.00378	0.00432	0.00756
26	0.00871	0.00622	0.00834	0.00996	0.01046	0.00585	0.00685	0.01008	0.01357	0.01805	0.03834	0.69833	0.04569	0.02166	0.00896	0.00286	0.00423	0.06962	0.00647	0.00573
27	0.01727	0.01658	0.02832	0.04283	0.71123	0.01658	0.02142	0.02142	0.01589	0.02280	0.01313	0.01727	0.01105	0.00622	0.00691	0.00207	0.00829	0.00622	0.00345	0.01105
28	0.01124	0.00803	0.01124	0.01285	0.01446	0.00803	0.01124	0.01446	0.01606	0.02088	0.03695	0.07871	0.04016	0.01928	0.00964	0.00321	0.00643	0.66426	0.00643	0.00643
29	0.01335	0.01274	0.02200	0.70044	0.04745	0.01562	0.05470	0.01807	0.01409	0.01807	0.01249	0.01862	0.00937	0.00692	0.00704	0.00233	0.00943	0.00631	0.00312	0.00784
30	0.01862	0.01972	0.02446	0.16123	0.40039	0.18500	0.01875	0.02292	0.04352	0.02080	0.01305	0.01675	0.01065	0.00671	0.00678	0.00206	0.00938	0.00587	0.00357	0.00975
31	0.01527	0.01527	0.02137	0.01832	0.01832	0.02137	0.01527	0.01679	0.01069	0.01679	0.00916	0.01527	0.00916	0.01221	0.02290	0.00305	0.74198	0.00611	0.00305	0.00763
32	0.03131	0.01188	0.01619	0.01242	0.01781	0.01026	0.01026	0.03401	0.01997	0.71606	0.02753	0.02375	0.01727	0.00864	0.00702	0.00216	0.00594	0.00702	0.00864	0.01188
33	0.01015	0.00677	0.00761	0.00761	0.00761	0.00677	0.00423	0.01015	0.01015	0.01353	0.02199	0.04567	0.02537	0.75476	0.03552	0.00677	0.00677	0.01015	0.00423	0.00423
34	0.01527	0.01527	0.02137	0.01832	0.01832	0.02137	0.01527	0.01679	0.01069	0.01679	0.00916	0.01527	0.00916	0.01221	0.02290	0.00305	0.74198	0.00611	0.00305	0.00763
35	0.01470	0.01557	0.02996	0.02292	0.02691	0.01644	0.38630	0.01859	0.01439	0.02007	0.01725	0.15114	0.01669	0.01045	0.01220	0.00262	0.20179	0.00979	0.00394	0.00826
36	0.00997	0.00748	0.01121	0.01121	0.01246	0.00872	0.00872	0.01246	0.01121	0.01620	0.01869	0.02741	0.01745	0.05234	0.72710	0.01121	0.01869	0.00748	0.00374	0.00623
37	0.01962	0.05291	0.02132	0.11848	0.02405	0.29484	0.04045	0.02194	0.01559	0.04073	0.01367	0.01712	0.03887	0.00912	0.01170	0.00231	0.23977	0.00587	0.00362	0.00802
38	0.02600	0.01904	0.02038	0.01568	0.02111	0.02105	0.01294	0.66164	0.03210	0.04328	0.01699	0.01712	0.01210	0.00837	0.00690	0.00208	0.00751	0.00629	0.03779	0.01166
39	0.80405	0.01350	0.01026	0.00918	0.01350	0.01565	0.00756	0.02051	0.01188	0.03131	0.00972	0.01134	0.00756	0.00648	0.00432	0.00216	0.00540	0.00378	0.00432	0.00756
40	0.01705	0.02086	0.11948	0.08745	0.30421	0.14877	0.01780	0.02200	0.05759	0.02112	0.02037	0.02266	0.09446	0.00809	0.00693	0.00211	0.00873	0.00687	0.00396	0.00949
41	0.01838	0.01476	0.01581	0.01407	0.01812	0.01683	0.01099	0.03685	0.64865	0.07976	0.02834	0.02587	0.02101	0.00941	0.00709	0.00235	0.00555	0.00783	0.00721	0.01111
42	0.01707	0.01466	0.01557	0.01414	0.01797	0.01692	0.01105	0.03601	0.66646	0.02880	0.02881	0.02852	0.02219	0.00993	0.00722	0.00241	0.00557	0.03882	0.00707	0.01083
43	0.00849	0.00613	0.00803	0.00956	0.01008	0.00568	0.00641	0.00973	0.01351	0.01788	0.04041	0.70889	0.08621	0.02161	0.00887	0.00281	0.00402	0.01953	0.00648	0.00568
44	0.02653	0.01955	0.02094	0.01606	0.02164	0.02164	0.01326	0.68796	0.03281	0.04398	0.01675	0.01675	0.01187	0.00838	0.00698	0.00209	0.00768	0.00628	0.00698	0.01187
45	0.03131	0.01188	0.01619	0.01242	0.01781	0.01026	0.01026	0.03401	0.01997	0.71606	0.02753	0.02375	0.01727	0.00864	0.00702	0.00216	0.00594	0.00702	0.00864	0.01188
46	0.02653	0.01955	0.02094	0.01606	0.02164	0.02164	0.01326	0.68796	0.03281	0.04398	0.01675	0.01675	0.01187	0.00838	0.00698	0.00209	0.00768	0.00628	0.00698	0.01187
47	0.80405	0.01350	0.01026	0.00918	0.01350	0.01565	0.00756	0.02051	0.01188	0.03131	0.00972	0.01134	0.00756	0.00648	0.00432	0.00216	0.00540	0.00378	0.00432	0.00756
48	0.01095	0.00806	0.01058	0.01162	0.01332	0.00798	0.00974	0.01459	0.04818	0.02125	0.09601	0.09670	0.11320	0.04746	0.01025	0.00312	0.00573	0.45829	0.00648	0.00648
49	0.00847	0.00621	0.00796	0.00936	0.01003	0.00570	0.00632	0.00976	0.01370	0.01795	0.04277	0.65897	0.13461	0.02130	0.00882	0.00277	0.00398	0.01916	0.00648	0.00570
50	0.00907	0.00640	0.00822	0.00913	0.00968	0.00605	0.00605	0.01042	0.01387	0.01879	0.15489	0.48598	0.04557	0.16546	0.01405	0.00350	0.00445	0.01663	0.00625	0.00555
51	0.01498	0.01270	0.01474	0.01058	0.01675	0.00982	0.00848	0.04569	0.01524	0.02363	0.01259	0.01457	0.01040	0.00530	0.00524	0.00108	0.00527	0.00422	0.00425	0.76447
52	0.06650	0.28826	0.06236	0.12048	0.05246	0.06028	0.01390	0.12668	0.04641	0.05601	0.01411	0.03860	0.01157	0.00742	0.00592	0.00194	0.00785	0.00557	0.00431	0.00939
53	0.05270	0.04581	0.01864	0.01485	0.01954	0.07459	0.01195	0.28329	0.31069	0.06230	0.02112	0.02022	0.01557	0.00859	0.00678	0.00217	0.00698	0.00666	0.00658	0.01095
54	0.01049	0.00868	0.00893	0.00962	0.01044	0.06482	0.00647	0.01155	0.01336	0.01677	0.03502	0.38358	0.11084	0.23024	0.01628	0.00384	0.00557	0.04240	0.00560	0.00551
55	0.01099	0.00837	0.00992	0.00988	0.01094	0.03788	0.00702	0.02936	0.01355	0.01858	0.12479	0.14398	0.03063	0.22764	0.24900	0.00642	0.00985	0.01064	0.03466	0.00589
56	0.05027	0.33330	0.04244	0.01428	0.03630	0.17557	0.01210	0.06900	0.04280	0.02089	0.04236	0.04292	0.01385	0.00784	0.00622	0.00183	0.03261	0.00553	0.04120	0.00870
57	0.19990	0.03796	0.01595	0.01258	0.01728	0.04889	0.01023	0.15770	0.13092	0.19085	0.04707	0.02086	0.03307	0.00839	0.00631	0.00211	0.00626	0.00636	0.00641	0.04091

[dist]
# distance from previous block
# <min> <max>
4	18

[block]
# block no. 1 follows, 30 sequences, length 20
# corresponding to MSA columns:
# 125-144
name=unknown_B
#
# <colnr> <probs for GDERKNQSTAVLIFYWHMCP>
#	G	D	E	R	K	N	Q	S	T	A	V	L	I	F	Y	W	H	M	C	P
0	0.05595	0.01031	0.01272	0.01143	0.01450	0.01018	0.00911	0.06836	0.07757	0.20997	0.19331	0.08976	0.03477	0.05058	0.00920	0.00264	0.00535	0.11849	0.00721	0.00859
1	0.00870	0.00618	0.00811	0.00950	0.00992	0.00580	0.00629	0.00991	0.01337	0.01790	0.06690	0.65936	0.04527	0.08365	0.01113	0.00314	0.00425	0.01869	0.00634	0.00559
2	0.01089	0.00737	0.00957	0.00888	0.01075	0.00674	0.00671	0.01408	0.01958	0.06271	0.64199	0.05140	0.09444	0.01414	0.00817	0.00220	0.00344	0.01244	0.00767	0.00682
3	0.00914	0.00662	0.00867	0.00943	0.01045	0.00615	0.00674	0.01125	0.01594	0.02169	0.27934	0.42580	0.08669	0.01878	0.00867	0.00260	0.00389	0.05520	0.00691	0.00605
4	0.01787	0.01524	0.01607	0.01430	0.01834	0.01760	0.01117	0.07338	0.66148	0.03002	0.02775	0.02552	0.02078	0.00941	0.00709	0.00235	0.00564	0.00780	0.00709	0.01109
5	0.01095	0.00737	0.00967	0.00896	0.01080	0.00677	0.00677	0.01421	0.01976	0.06247	0.67347	0.05070	0.06341	0.01398	0.00817	0.00219	0.00342	0.01234	0.00773	0.00685
6	0.03090	0.01254	0.01661	0.01273	0.01815	0.01124	0.01052	0.09062	0.02108	0.65788	0.02660	0.02315	0.01681	0.00861	0.00701	0.00215	0.00609	0.00695	0.00849	0.01188
7	0.02653	0.01955	0.02094	0.01606	0.02164	0.02164	0.01326	0.68796	0.03281	0.04398	0.01675	0.01675	0.01187	0.00838	0.00698	0.00209	0.00768	0.00628	0.00698	0.01187
8	0.00933	0.00702	0.00863	0.00842	0.01014	0.00632	0.00624	0.01204	0.01818	0.02470	0.48209	0.11764	0.23202	0.01583	0.00829	0.00229	0.00342	0.01381	0.00726	0.00632
9	0.00929	0.00702	0.00837	0.00817	0.00983	0.00632	0.00595	0.01167	0.01730	0.02315	0.40083	0.09546	0.27317	0.07991	0.01064	0.00268	0.00371	0.01350	0.00692	0.00610
10	0.01400	0.03610	0.71860	0.01989	0.03020	0.01621	0.02578	0.02210	0.01473	0.02210	0.01252	0.01473	0.00884	0.00663	0.00663	0.00221	0.01031	0.00516	0.00295	0.01031
11	0.01536	0.01293	0.01495	0.01076	0.01691	0.01021	0.00864	0.06678	0.01582	0.02430	0.01272	0.01464	0.01045	0.00540	0.00530	0.00111	0.00535	0.00429	0.00434	0.73975
12	0.01015	0.00677	0.00761	0.00761	0.00761	0.00677	0.00423	0.01015	0.01015	0.01353	0.02199	0.04567	0.02537	0.75476	0.03552	0.00677	0.00677	0.01015	0.00423	0.00423
13	0.00899	0.00644	0.00859	0.00982	0.01055	0.00604	0.00691	0.01075	0.01476	0.01993	0.15996	0.56518	0.04921	0.02026	0.00885	0.00275	0.00412	0.07431	0.00669	0.00590
14	0.01908	0.01455	0.01610	0.01329	0.01741	0.01551	0.01056	0.32669	0.14333	0.03407	0.14612	0.09684	0.02657	0.01069	0.00726	0.00214	0.00593	0.00886	0.00683	0.07815
15	0.01310	0.01231	0.01799	0.01497	0.01842	0.05250	0.16494	0.04125	0.01555	0.02074	0.02777	0.34171	0.06748	0.01365	0.00784	0.00229	0.00665	0.01271	0.00524	0.14287
16	0.10732	0.01767	0.03307	0.10015	0.05960	0.04697	0.46297	0.02148	0.01570	0.02257	0.01400	0.04022	0.01115	0.00663	0.00754	0.00231	0.01044	0.00763	0.00367	0.00892
17	0.04033	0.17055	0.02504	0.04912	0.02053	0.02065	0.07649	0.01791	0.01219	0.01768	0.01084	0.01597	0.01002	0.01385	0.08572	0.00340	0.39271	0.00587	0.00319	0.00794
18	0.01412	0.01375	0.02064	0.66407	0.04520	0.05780	0.01867	0.01925	0.04378	0.01827	0.01300	0.01857	0.00980	0.00710	0.00694	0.00230	0.00933	0.00617	0.00330	0.00791
19	0.10093	0.18282	0.28365	0.01485	0.02151	0.01781	0.01605	0.07177	0.07336	0.04610	0.05080	0.06056	0.01539	0.00820	0.00621	0.00209	0.00770	0.00633	0.00438	0.00948

[dist]
# distance from previous block
# <min> <max>
4	7

[block]
# block no. 2 follows, 30 sequences, length 17
# corresponding to MSA columns:
# 153-169
name=unknown_C
#
# <colnr> <probs for GDERKNQSTAVLIFYWHMCP>
#	G	D	E	R	K	N	Q	S	T	A	V	L	I	F	Y	W	H	M	C	P
0	0.01510	0.01452	0.02447	0.20511	0.24870	0.01475	0.11635	0.01918	0.01488	0.02100	0.01394	0.05071	0.01193	0.00712	0.00755	0.00205	0.03919	0.00673	0.00363	0.16308
1	0.01424	0.01262	0.01404	0.01077	0.01569	0.04823	0.00851	0.01724	0.01564	0.02321	0.14786	0.02175	0.02105	0.00734	0.00655	0.00138	0.03527	0.00589	0.00475	0.56796
2	0.01584	0.11050	0.30690	0.07135	0.25716	0.01772	0.04091	0.02229	0.05220	0.02180	0.01330	0.01615	0.01035	0.00657	0.00657	0.00210	0.00902	0.00565	0.00337	0.01026
3	0.00875	0.00626	0.00819	0.00963	0.01015	0.00587	0.00652	0.01000	0.01338	0.01772	0.03852	0.64014	0.07048	0.07198	0.01075	0.00311	0.00434	0.05228	0.00632	0.00562
4	0.00835	0.00707	0.00721	0.00718	0.00949	0.00593	0.00538	0.01021	0.01615	0.01942	0.11037	0.06622	0.66836	0.01746	0.00825	0.00235	0.00352	0.01460	0.00655	0.00593
5	0.01915	0.01433	0.01652	0.01252	0.01804	0.01343	0.01014	0.17370	0.07986	0.09534	0.01615	0.01696	0.01229	0.00692	0.00668	0.00159	0.03691	0.00532	0.00544	0.43872
6	0.80405	0.01350	0.01026	0.00918	0.01350	0.01565	0.00756	0.02051	0.01188	0.03131	0.00972	0.01134	0.00756	0.00648	0.00432	0.00216	0.00540	0.00378	0.00432	0.00756
7	0.02357	0.01106	0.01436	0.01156	0.01571	0.01018	0.00932	0.09400	0.02121	0.41439	0.25646	0.03263	0.03315	0.01051	0.00742	0.00216	0.00522	0.00884	0.00814	0.01008
8	0.01512	0.01718	0.06453	0.25009	0.03895	0.01653	0.42069	0.02062	0.01559	0.02087	0.01441	0.02092	0.01127	0.00679	0.00782	0.00237	0.01072	0.03325	0.00348	0.00882
9	0.00836	0.00707	0.00722	0.00719	0.00949	0.00594	0.00539	0.01023	0.01617	0.01948	0.11451	0.06612	0.66419	0.01744	0.00825	0.00235	0.00352	0.01458	0.00656	0.00594
10	0.01775	0.61787	0.16969	0.01349	0.02031	0.02539	0.01464	0.02113	0.01429	0.01753	0.01025	0.01188	0.00893	0.00610	0.00490	0.00163	0.00802	0.00401	0.00298	0.00922
11	0.00874	0.00707	0.00765	0.00751	0.00958	0.00610	0.00556	0.01079	0.01657	0.02082	0.22358	0.06246	0.51884	0.05238	0.00956	0.00253	0.00363	0.01399	0.00666	0.00598
12	0.01035	0.00737	0.01013	0.01168	0.01285	0.00725	0.00949	0.01281	0.01500	0.01965	0.03687	0.28767	0.04149	0.04724	0.01036	0.00323	0.00569	0.43841	0.00636	0.00611
13	0.01262	0.00884	0.01176	0.08342	0.01589	0.00901	0.00902	0.01747	0.09679	0.07171	0.36354	0.10845	0.04541	0.01414	0.00885	0.03480	0.00480	0.06934	0.00681	0.00734
14	0.01400	0.03610	0.71860	0.01989	0.03020	0.01621	0.02578	0.02210	0.01473	0.02210	0.01252	0.01473	0.00884	0.00663	0.00663	0.00221	0.01031	0.00516	0.00295	0.01031
15	0.41566	0.14671	0.14378	0.01546	0.09146	0.04414	0.01326	0.02123	0.01350	0.02568	0.01062	0.01259	0.00845	0.00642	0.00511	0.00203	0.00720	0.00430	0.00373	0.00868
16	0.05131	0.02205	0.14568	0.06211	0.17980	0.12105	0.14813	0.02441	0.11362	0.02268	0.01625	0.01871	0.02828	0.00716	0.00698	0.00218	0.00937	0.00651	0.00401	0.00972

[dist]
# distance from previous block
# <min> <max>
0	11

[block]
# block no. 3 follows, 30 sequences, length 30
# corresponding to MSA columns:
# 181-210
name=unknown_D
#
# <colnr> <probs for GDERKNQSTAVLIFYWHMCP>
#	G	D	E	R	K	N	Q	S	T	A	V	L	I	F	Y	W	H	M	C	P
0	0.03871	0.36780	0.09042	0.01355	0.01894	0.14034	0.01272	0.05906	0.01723	0.07781	0.08816	0.01757	0.01597	0.00751	0.00573	0.00179	0.00797	0.00537	0.00431	0.00904
1	0.04580	0.01760	0.04360	0.05033	0.42762	0.04929	0.10435	0.06267	0.01674	0.02360	0.01417	0.01983	0.01204	0.00730	0.00784	0.00221	0.04317	0.03784	0.00382	0.01016
2	0.39810	0.02073	0.21737	0.01790	0.12745	0.03325	0.01529	0.02102	0.01371	0.02650	0.01233	0.01636	0.01000	0.00708	0.00568	0.00220	0.00749	0.03481	0.00387	0.00886
3	0.15205	0.06861	0.01701	0.01284	0.01764	0.08636	0.01043	0.05630	0.17950	0.24762	0.02043	0.01934	0.01453	0.00790	0.00622	0.00205	0.00655	0.00599	0.00629	0.06234
4	0.01543	0.01181	0.01383	0.01079	0.01570	0.00991	0.00845	0.08776	0.01648	0.05674	0.01853	0.14518	0.01740	0.00872	0.00609	0.00154	0.00520	0.00735	0.03337	0.50972
5	0.01628	0.01510	0.04177	0.01219	0.01455	0.13678	0.00979	0.06622	0.01553	0.02205	0.01684	0.02254	0.01458	0.09502	0.04641	0.00296	0.12631	0.00636	0.27356	0.04516
6	0.01193	0.00606	0.00904	0.00912	0.00915	0.00604	0.00608	0.00912	0.00932	0.01243	0.01353	0.06018	0.01394	0.02412	0.02629	0.75452	0.00595	0.00680	0.00321	0.00317
7	0.00974	0.00755	0.00965	0.00984	0.01068	0.00778	0.00703	0.01139	0.01446	0.01963	0.19162	0.32984	0.12919	0.11254	0.01362	0.00315	0.08550	0.01476	0.00609	0.00594
8	0.01875	0.01454	0.05297	0.01246	0.01791	0.01265	0.01050	0.10322	0.15215	0.13743	0.05431	0.02169	0.03394	0.00779	0.00636	0.00175	0.00580	0.00633	0.00594	0.32351
9	0.12770	0.01186	0.01512	0.01184	0.01692	0.01076	0.00974	0.03133	0.01894	0.59745	0.05721	0.02352	0.01833	0.00863	0.00673	0.00216	0.00575	0.00687	0.00805	0.01108
10	0.01525	0.02221	0.22640	0.14148	0.10315	0.01702	0.28401	0.02111	0.01516	0.02125	0.01298	0.01726	0.00985	0.00670	0.00836	0.00232	0.05606	0.00670	0.00326	0.00945
11	0.00858	0.00613	0.00817	0.00966	0.01014	0.00572	0.00648	0.00991	0.01372	0.01839	0.07632	0.71071	0.04727	0.02143	0.00887	0.00280	0.00401	0.01943	0.00655	0.00572
12	0.00857	0.00632	0.00805	0.00939	0.01018	0.00580	0.00647	0.00996	0.01391	0.01812	0.04397	0.60507	0.16033	0.02103	0.00882	0.00277	0.00406	0.04498	0.00648	0.00574
13	0.01978	0.01497	0.01980	0.16553	0.13632	0.01642	0.01487	0.18556	0.16491	0.10381	0.02043	0.02453	0.01590	0.00881	0.00719	0.00229	0.00737	0.05540	0.00579	0.01033
14	0.00899	0.00643	0.00862	0.00996	0.01066	0.00606	0.00704	0.01071	0.01449	0.01947	0.12408	0.58334	0.04799	0.02059	0.00890	0.00280	0.00423	0.09315	0.00663	0.00587
15	0.01099	0.00742	0.00968	0.00902	0.01090	0.00688	0.00684	0.01410	0.01898	0.06558	0.58407	0.04998	0.10258	0.01654	0.05291	0.00276	0.00442	0.01212	0.00741	0.00682
16	0.01901	0.72415	0.03576	0.01223	0.01809	0.06114	0.01201	0.02123	0.01445	0.01645	0.00975	0.01126	0.00896	0.00603	0.00456	0.00151	0.00771	0.00377	0.00301	0.00891
17	0.00891	0.00710	0.00798	0.00776	0.00983	0.00617	0.00582	0.01129	0.01746	0.02255	0.32867	0.06107	0.44811	0.01629	0.00824	0.00229	0.00344	0.01387	0.00697	0.00617
18	0.01528	0.01238	0.01455	0.01044	0.01660	0.00935	0.00836	0.01836	0.01473	0.05601	0.01313	0.01492	0.01067	0.00533	0.00526	0.00109	0.00520	0.00427	0.00435	0.75972
19	0.07751	0.01184	0.04777	0.03476	0.01682	0.01067	0.04198	0.02275	0.09296	0.21129	0.26859	0.05299	0.05885	0.01096	0.00739	0.00224	0.00537	0.00942	0.00697	0.00887
20	0.02598	0.01859	0.02009	0.01549	0.02080	0.02041	0.01270	0.62548	0.03114	0.07406	0.01750	0.01844	0.01275	0.04342	0.00832	0.00232	0.00755	0.00650	0.00693	0.01151
21	0.02780	0.01751	0.01968	0.01509	0.02063	0.01862	0.01247	0.51452	0.02941	0.22223	0.01961	0.01861	0.01330	0.00845	0.00699	0.00211	0.00722	0.00648	0.00742	0.01187
22	0.01694	0.08042	0.01486	0.03424	0.01526	0.01123	0.00928	0.02062	0.07548	0.20450	0.10910	0.27991	0.03204	0.01390	0.00844	0.00241	0.04452	0.01186	0.00663	0.00837
23	0.02828	0.01105	0.01468	0.01150	0.01633	0.00965	0.00942	0.03103	0.01917	0.60708	0.02820	0.02533	0.03786	0.00884	0.00678	0.00210	0.00552	0.00718	0.10900	0.01101
24	0.00911	0.00660	0.00861	0.00917	0.01023	0.00609	0.00647	0.01130	0.01638	0.02248	0.34391	0.40178	0.08542	0.01822	0.00857	0.00252	0.00368	0.01632	0.00702	0.00609
25	0.01634	0.01973	0.07687	0.02891	0.03614	0.01757	0.65110	0.02234	0.01638	0.02234	0.01403	0.01861	0.01050	0.00592	0.00815	0.00235	0.01169	0.00807	0.00350	0.00946
26	0.02595	0.01909	0.02047	0.01576	0.02114	0.02111	0.01294	0.66389	0.03200	0.04290	0.01694	0.01778	0.01235	0.03488	0.00799	0.00226	0.00765	0.00642	0.00688	0.01160
27	0.00861	0.00628	0.00811	0.00935	0.01008	0.00578	0.00637	0.01008	0.01424	0.01890	0.10596	0.61255	0.11660	0.02070	0.00877	0.00272	0.00392	0.01862	0.00659	0.00578
28	0.00965	0.00764	0.00879	0.00867	0.01079	0.00700	0.00669	0.01312	0.05591	0.02287	0.29006	0.06070	0.37370	0.01617	0.00832	0.00239	0.00386	0.08026	0.00693	0.00648
29	0.05607	0.10339	0.61666	0.01857	0.02816	0.01726	0.02351	0.02190	0.01453	0.02205	0.01211	0.01422	0.00878	0.00656	0.00630	0.00214	0.00978	0.00495	0.00302	0.01004

[dist]
# distance from previous block
# <min> <max>
0	3

[block]
# block no. 4 follows, 30 sequences, length 12
# corresponding to MSA columns:
# 214-225
name=unknown_E
#
# <colnr> <probs for GDERKNQSTAVLIFYWHMCP>
#	G	D	E	R	K	N	Q	S	T	A	V	L	I	F	Y	W	H	M	C	P
0	0.63831	0.07789	0.01386	0.01029	0.01491	0.01744	0.00866	0.10528	0.01473	0.03165	0.01061	0.01201	0.00822	0.00668	0.00467	0.00209	0.00586	0.00409	0.00454	0.00822
1	0.02136	0.01537	0.01702	0.01410	0.01818	0.01664	0.01119	0.45307	0.05053	0.05998	0.02359	0.22136	0.02193	0.01218	0.00752	0.00231	0.00653	0.01014	0.00690	0.01011
2	0.01396	0.01144	0.01581	0.03952	0.10383	0.01118	0.04809	0.12201	0.01806	0.02466	0.09841	0.24193	0.09044	0.01322	0.00770	0.00227	0.00583	0.02708	0.00576	0.09880
3	0.04708	0.22016	0.45440	0.01727	0.02534	0.01957	0.02058	0.02127	0.01413	0.02055	0.01139	0.01373	0.00885	0.00693	0.00737	0.00209	0.07183	0.00481	0.00302	0.00962
4	0.01726	0.01700	0.02337	0.01905	0.02103	0.06513	0.11364	0.10253	0.01488	0.02088	0.01169	0.01754	0.01063	0.05278	0.01838	0.00296	0.45271	0.00657	0.00372	0.00827
5	0.51593	0.01903	0.18018	0.07422	0.02076	0.01602	0.01314	0.04865	0.01361	0.02850	0.01091	0.01299	0.00819	0.00664	0.00521	0.00218	0.00700	0.00442	0.00400	0.00841
6	0.01212	0.00606	0.00909	0.00909	0.00909	0.00606	0.00606	0.00909	0.00909	0.01212	0.01212	0.02121	0.01212	0.02424	0.02727	0.79697	0.00606	0.00606	0.00303	0.00303
7	0.01474	0.15071	0.61046	0.01863	0.02825	0.01801	0.02359	0.02191	0.01465	0.02120	0.01208	0.01417	0.00886	0.00653	0.00629	0.00210	0.00986	0.00493	0.00295	0.01010
8	0.10505	0.00783	0.00904	0.00860	0.01051	0.00757	0.00642	0.01339	0.01758	0.02613	0.48638	0.07634	0.12882	0.05544	0.00932	0.00249	0.00380	0.01195	0.00690	0.00645
9	0.62828	0.10538	0.08642	0.01061	0.01575	0.01715	0.00996	0.02072	0.01245	0.02857	0.01000	0.01167	0.00786	0.00643	0.00458	0.00208	0.00615	0.00391	0.00402	0.00801
10	0.01320	0.00845	0.01320	0.01180	0.01300	0.00861	0.07672	0.01382	0.09268	0.01523	0.01428	0.02155	0.01307	0.02058	0.02289	0.61962	0.00658	0.00650	0.00357	0.00465
11	0.02282	0.01682	0.01858	0.01472	0.01938	0.01854	0.01203	0.53727	0.02887	0.03899	0.08818	0.02168	0.01810	0.01426	0.09362	0.00320	0.00855	0.00708	0.00666	0.01065

[dist]
# distance from previous block
# <min> <max>
5	32

[block]
# block no. 5 follows, 30 sequences, length 9
# corresponding to MSA columns:
# 259-267
name=unknown_F
#
# <colnr> <probs for GDERKNQSTAVLIFYWHMCP>
#	G	D	E	R	K	N	Q	S	T	A	V	L	I	F	Y	W	H	M	C	P
0	0.01154	0.00862	0.01095	0.04003	0.01407	0.00895	0.00899	0.04668	0.09055	0.02073	0.03290	0.32136	0.03607	0.10458	0.01189	0.00330	0.00563	0.21030	0.00616	0.00670
1	0.06373	0.05466	0.01715	0.01401	0.04142	0.01127	0.08193	0.02055	0.03241	0.18016	0.18217	0.08301	0.03043	0.01420	0.05971	0.00291	0.00690	0.06546	0.00623	0.03169
2	0.01199	0.01382	0.15827	0.06039	0.01807	0.00964	0.01233	0.01632	0.03861	0.05377	0.19565	0.23110	0.03789	0.01448	0.00809	0.00252	0.00596	0.09763	0.00593	0.00756
3	0.26496	0.12343	0.12415	0.07055	0.02173	0.01650	0.06173	0.05015	0.01550	0.10523	0.04894	0.01895	0.01365	0.00758	0.00598	0.00213	0.00729	0.02802	0.00462	0.00891
4	0.15297	0.06017	0.31811	0.01943	0.04600	0.05500	0.15284	0.02178	0.01485	0.02328	0.01214	0.01474	0.00915	0.00633	0.00633	0.00208	0.00931	0.00539	0.00344	0.06665
5	0.02072	0.01562	0.01727	0.01368	0.01851	0.01612	0.01098	0.42118	0.02536	0.03472	0.01955	0.14351	0.01748	0.01000	0.00691	0.00199	0.00649	0.00816	0.00626	0.18551
6	0.17577	0.04185	0.01758	0.01415	0.01839	0.13368	0.01139	0.28657	0.05118	0.04944	0.01770	0.06218	0.03590	0.00912	0.00723	0.00215	0.04402	0.00661	0.00559	0.00949
7	0.02002	0.12087	0.01986	0.01617	0.05846	0.30858	0.01190	0.09466	0.01819	0.02020	0.01851	0.10081	0.05271	0.06383	0.00946	0.00237	0.04347	0.00744	0.00438	0.00811
8	0.01967	0.01345	0.01501	0.01193	0.01685	0.05270	0.00942	0.08055	0.05662	0.19186	0.02062	0.11231	0.01731	0.00880	0.00643	0.00175	0.00588	0.00728	0.00591	0.34563

[dist]
# distance from previous block
# <min> <max>
3	21

[block]
# block no. 6 follows, 30 sequences, length 7
# corresponding to MSA columns:
# 289-295
name=unknown_G
#
# <colnr> <probs for GDERKNQSTAVLIFYWHMCP>
#	G	D	E	R	K	N	Q	S	T	A	V	L	I	F	Y	W	H	M	C	P
0	0.13176	0.39578	0.07905	0.01182	0.01690	0.08290	0.01133	0.02058	0.01470	0.02089	0.04372	0.01546	0.01254	0.00687	0.00501	0.00172	0.00708	0.00469	0.10885	0.00835
1	0.01051	0.00862	0.01356	0.01234	0.01428	0.00797	0.10534	0.01287	0.01493	0.02045	0.16384	0.37649	0.04075	0.08576	0.01099	0.00292	0.00542	0.03737	0.00595	0.04963
2	0.01268	0.01045	0.01253	0.01001	0.01446	0.00822	0.00769	0.01543	0.01496	0.02247	0.11024	0.16481	0.02481	0.00968	0.00631	0.00154	0.00470	0.00837	0.00507	0.53559
3	0.01948	0.12090	0.02111	0.01932	0.14010	0.27824	0.01301	0.05196	0.04463	0.02024	0.01764	0.11408	0.03622	0.00913	0.00655	0.00194	0.00869	0.00724	0.00429	0.06523
4	0.01106	0.00850	0.01014	0.01044	0.01241	0.00839	0.00814	0.06540	0.05529	0.02145	0.04498	0.22938	0.25207	0.02006	0.05365	0.00321	0.00572	0.16659	0.00637	0.00674
5	0.04872	0.01784	0.05344	0.02526	0.27923	0.10872	0.05808	0.05788	0.06265	0.06894	0.01774	0.01993	0.03183	0.00741	0.00659	0.00204	0.00789	0.00642	0.10967	0.00974
6	0.01144	0.10832	0.01367	0.01132	0.05539	0.01047	0.00805	0.01470	0.05932	0.02079	0.18256	0.12886	0.22384	0.08901	0.01045	0.00272	0.00490	0.03139	0.00589	0.00692

[dist]
# distance from previous block
# <min> <max>
0	1

[block]
# block no. 7 follows, 30 sequences, length 61
# corresponding to MSA columns:
# 297-357
name=unknown_H
#
# <colnr> <probs for GDERKNQSTAVLIFYWHMCP>
#	G	D	E	R	K	N	Q	S	T	A	V	L	I	F	Y	W	H	M	C	P
0	0.05500	0.01536	0.01690	0.01299	0.01854	0.01518	0.01053	0.26397	0.11316	0.07033	0.01685	0.01723	0.01263	0.00716	0.00615	0.00171	0.00618	0.00556	0.00582	0.32874
1	0.01795	0.01310	0.01533	0.01370	0.03909	0.01368	0.01039	0.28960	0.05131	0.02891	0.02252	0.11189	0.04840	0.01382	0.01095	0.14405	0.00638	0.06407	0.00578	0.07908
2	0.02068	0.01938	0.01685	0.04468	0.01944	0.20604	0.01141	0.26405	0.04737	0.02816	0.02574	0.02614	0.14481	0.01088	0.02670	0.00228	0.00827	0.00742	0.02690	0.04279
3	0.01779	0.01638	0.02424	0.17943	0.34488	0.04789	0.04626	0.13712	0.01857	0.02490	0.01641	0.04330	0.03635	0.00770	0.00708	0.00216	0.00842	0.00698	0.00421	0.00995
4	0.01404	0.01329	0.02249	0.59104	0.18825	0.01573	0.01981	0.01859	0.01436	0.01888	0.01256	0.01832	0.00967	0.00682	0.00696	0.00227	0.00909	0.00620	0.00318	0.00845
5	0.80405	0.01350	0.01026	0.00918	0.01350	0.01565	0.00756	0.02051	0.01188	0.03131	0.00972	0.01134	0.00756	0.00648	0.00432	0.00216	0.00540	0.00378	0.00432	0.00756
6	0.05029	0.63261	0.07351	0.01237	0.01837	0.02557	0.01246	0.04893	0.01508	0.01887	0.03150	0.01289	0.01075	0.00638	0.00482	0.00161	0.00743	0.00420	0.00335	0.00903
7	0.01188	0.00879	0.01010	0.01011	0.01131	0.00919	0.00685	0.05922	0.13359	0.01987	0.02890	0.30266	0.03151	0.30212	0.01875	0.00422	0.00560	0.01311	0.00575	0.00646
8	0.00850	0.00607	0.00810	0.00972	0.01012	0.00567	0.00648	0.00972	0.01336	0.01781	0.03846	0.75020	0.04615	0.02186	0.00891	0.00283	0.00405	0.01984	0.00648	0.00567
9	0.00873	0.00629	0.00827	0.00946	0.01015	0.00583	0.00645	0.01031	0.01454	0.01958	0.15302	0.60693	0.07371	0.02042	0.00877	0.00271	0.00390	0.01843	0.00668	0.00583
10	0.07376	0.01257	0.01596	0.01255	0.01773	0.01173	0.01029	0.05500	0.09580	0.57811	0.02626	0.02307	0.01699	0.00860	0.00687	0.00218	0.00592	0.00691	0.00816	0.01154
11	0.01084	0.00744	0.00993	0.01043	0.01202	0.00704	0.00829	0.01364	0.01715	0.04884	0.29648	0.18365	0.08322	0.01733	0.00880	0.00267	0.00464	0.24406	0.00700	0.00653
12	0.80405	0.01350	0.01026	0.00918	0.01350	0.01565	0.00756	0.02051	0.01188	0.03131	0.00972	0.01134	0.00756	0.00648	0.00432	0.00216	0.00540	0.00378	0.00432	0.00756
13	0.02676	0.01917	0.02071	0.01588	0.02145	0.02108	0.01312	0.65568	0.03218	0.07715	0.01729	0.01710	0.01213	0.00839	0.00698	0.00210	0.00759	0.00632	0.00706	0.01187
14	0.01447	0.01240	0.01447	0.01034	0.01654	0.00930	0.00827	0.01757	0.01447	0.02274	0.01240	0.01447	0.01034	0.00517	0.00517	0.00103	0.00517	0.00413	0.00413	0.79742
15	0.01015	0.00677	0.00761	0.00761	0.00761	0.00677	0.00423	0.01015	0.01015	0.01353	0.02199	0.04567	0.02537	0.75476	0.03552	0.00677	0.00677	0.01015	0.00423	0.00423
16	0.80405	0.01350	0.01026	0.00918	0.01350	0.01565	0.00756	0.02051	0.01188	0.03131	0.00972	0.01134	0.00756	0.00648	0.00432	0.00216	0.00540	0.00378	0.00432	0.00756
17	0.00902	0.00710	0.00814	0.00788	0.00990	0.00622	0.00591	0.01151	0.01773	0.02318	0.37225	0.06004	0.40414	0.01606	0.00824	0.00228	0.00342	0.01373	0.00705	0.00622
18	0.00850	0.00607	0.00810	0.00972	0.01012	0.00567	0.00648	0.00972	0.01336	0.01781	0.03846	0.75020	0.04615	0.02186	0.00891	0.00283	0.00405	0.01984	0.00648	0.00567
19	0.02653	0.01955	0.02094	0.01606	0.02164	0.02164	0.01326	0.68796	0.03281	0.04398	0.01675	0.01675	0.01187	0.00838	0.00698	0.00209	0.00768	0.00628	0.00698	0.01187
20	0.01447	0.01240	0.01447	0.01034	0.01654	0.00930	0.00827	0.01757	0.01447	0.02274	0.01240	0.01447	0.01034	0.00517	0.00517	0.00103	0.00517	0.00413	0.00413	0.79742
21	0.01410	0.01041	0.01243	0.01138	0.01389	0.01073	0.00891	0.16804	0.06375	0.02944	0.33554	0.14406	0.04501	0.01428	0.00813	0.00239	0.00490	0.08752	0.00717	0.00792
22	0.01633	0.01704	0.02122	0.01829	0.01864	0.09099	0.01509	0.01789	0.01158	0.01682	0.00932	0.01500	0.00914	0.01172	0.02126	0.00293	0.66999	0.00595	0.00311	0.00768
23	0.01015	0.00677	0.00761	0.00761	0.00761	0.00677	0.00423	0.01015	0.01015	0.01353	0.02199	0.04567	0.02537	0.75476	0.03552	0.00677	0.00677	0.01015	0.00423	0.00423
24	0.01214	0.00841	0.00935	0.00878	0.00961	0.00862	0.00554	0.09831	0.01345	0.01787	0.02382	0.07250	0.04990	0.59923	0.02967	0.00583	0.00665	0.01023	0.00477	0.00534
25	0.02607	0.03326	0.01978	0.01798	0.02157	0.72674	0.01348	0.02787	0.01978	0.01708	0.01079	0.01258	0.00899	0.00719	0.00629	0.00180	0.01258	0.00449	0.00360	0.00809
26	0.02651	0.02013	0.02089	0.01614	0.02164	0.05179	0.01327	0.65974	0.03225	0.04283	0.01650	0.01658	0.01174	0.00833	0.00695	0.00208	0.00789	0.00621	0.00684	0.01171
27	0.00875	0.00699	0.00785	0.00798	0.00990	0.00609	0.00593	0.01084	0.01647	0.02089	0.21227	0.15152	0.45497	0.01747	0.00837	0.00241	0.00363	0.03488	0.00676	0.00604
28	0.02653	0.01955	0.02094	0.01606	0.02164	0.02164	0.01326	0.68796	0.03281	0.04398	0.01675	0.01675	0.01187	0.00838	0.00698	0.00209	0.00768	0.00628	0.00698	0.01187
29	0.01140	0.00865	0.01075	0.01035	0.01240	0.00870	0.00808	0.01756	0.13826	0.02711	0.48565	0.05162	0.05409	0.01419	0.00825	0.00238	0.00416	0.11165	0.00739	0.00734
30	0.80405	0.01350	0.01026	0.00918	0.01350	0.01565	0.00756	0.02051	0.01188	0.03131	0.00972	0.01134	0.00756	0.00648	0.00432	0.00216	0.00540	0.00378	0.00432	0.00756
31	0.02353	0.01712	0.01843	0.01457	0.01937	0.01894	0.01191	0.53370	0.07210	0.03954	0.01830	0.01897	0.01346	0.01059	0.04228	0.00251	0.00756	0.00647	0.09976	0.01090
32	0.00871	0.00709	0.00771	0.00756	0.00971	0.00609	0.00567	0.01091	0.01700	0.02145	0.25172	0.06288	0.52574	0.01670	0.00824	0.00231	0.00347	0.01413	0.00682	0.00609
33	0.06354	0.01323	0.01674	0.01289	0.01827	0.01240	0.01065	0.14315	0.02178	0.57402	0.02496	0.02205	0.01595	0.00850	0.00690	0.00215	0.00621	0.00676	0.00817	0.01169
34	0.02607	0.03326	0.01978	0.01798	0.02157	0.72674	0.01348	0.02787	0.01978	0.01708	0.01079	0.01258	0.00899	0.00719	0.00629	0.00180	0.01258	0.00449	0.00360	0.00809
35	0.01662	0.01070	0.01132	0.00989	0.01276	0.01146	0.00779	0.19670	0.07151	0.03030	0.02317	0.02515	0.04221	0.01083	0.04138	0.00231	0.00538	0.00690	0.45536	0.00825
36	0.00997	0.00748	0.01121	0.01121	0.01246	0.00872	0.00872	0.01246	0.01121	0.01620	0.01869	0.02741	0.01745	0.05234	0.72710	0.01121	0.01869	0.00748	0.00374	0.00623
37	0.01504	0.01277	0.01477	0.01068	0.01679	0.01004	0.00855	0.04507	0.03583	0.02379	0.01306	0.01491	0.01073	0.00543	0.00530	0.00112	0.00528	0.00433	0.00434	0.74218
38	0.01911	0.01400	0.01616	0.01189	0.01786	0.01226	0.00964	0.17435	0.01931	0.10377	0.01507	0.01602	0.01145	0.00629	0.00579	0.00140	0.00583	0.00495	0.00529	0.52958
39	0.18201	0.01883	0.01882	0.11016	0.06298	0.13148	0.01338	0.25480	0.02124	0.06062	0.01365	0.01548	0.01024	0.00772	0.00721	0.00215	0.04911	0.00550	0.00504	0.00957
40	0.02388	0.01801	0.01981	0.04432	0.02182	0.01923	0.01264	0.54354	0.02884	0.03920	0.01582	0.01643	0.01150	0.00776	0.00666	0.00192	0.00731	0.00590	0.00633	0.14909
41	0.01846	0.01422	0.01727	0.01506	0.03825	0.01504	0.04778	0.33181	0.06632	0.03142	0.02456	0.27022	0.02413	0.01278	0.00765	0.00234	0.00644	0.01108	0.00642	0.03874
42	0.02022	0.15202	0.02344	0.04198	0.14146	0.25379	0.01428	0.06959	0.06541	0.02071	0.01495	0.01721	0.03506	0.00942	0.03349	0.00232	0.06595	0.00566	0.00399	0.00904
43	0.08732	0.01485	0.02081	0.18941	0.28962	0.04372	0.01619	0.07338	0.04070	0.02441	0.08119	0.02284	0.05022	0.00806	0.00687	0.00216	0.00759	0.00701	0.00441	0.00926
44	0.02683	0.01728	0.01937	0.01491	0.02040	0.01833	0.01228	0.48136	0.05851	0.20144	0.01966	0.01874	0.01351	0.00837	0.00693	0.00208	0.00708	0.00645	0.00728	0.03915
45	0.00856	0.00612	0.00815	0.00968	0.01013	0.00571	0.00648	0.00986	0.01362	0.01823	0.06559	0.72190	0.04695	0.02155	0.00888	0.00281	0.00402	0.01955	0.00653	0.00571
46	0.00910	0.00651	0.00875	0.01019	0.01091	0.00616	0.00732	0.01084	0.01437	0.01921	0.09470	0.57347	0.04677	0.02077	0.00898	0.00285	0.00440	0.13226	0.00657	0.00588
47	0.01018	0.00769	0.00977	0.01081	0.01268	0.00727	0.00914	0.01289	0.01601	0.02016	0.04889	0.07463	0.27662	0.01871	0.00915	0.00291	0.00540	0.43442	0.00644	0.00624
48	0.03131	0.01188	0.01619	0.01242	0.01781	0.01026	0.01026	0.03401	0.01997	0.71606	0.02753	0.02375	0.01727	0.00864	0.00702	0.00216	0.00594	0.00702	0.00864	0.01188
49	0.01866	0.75896	0.03657	0.01194	0.01791	0.02761	0.01194	0.02090	0.01418	0.01642	0.00970	0.01119	0.00896	0.00597	0.00448	0.00149	0.00746	0.00373	0.00299	0.00896
50	0.00861	0.00712	0.00757	0.00756	0.00978	0.00608	0.00574	0.01065	0.01646	0.02023	0.15964	0.06551	0.58894	0.01726	0.00830	0.00237	0.00362	0.04190	0.00665	0.00601
51	0.01318	0.01240	0.02093	0.73798	0.04806	0.01550	0.01938	0.01783	0.01395	0.01783	0.01240	0.01860	0.00930	0.00698	0.00698	0.00233	0.00930	0.00620	0.00310	0.00775
52	0.03977	0.00755	0.00753	0.00719	0.00915	0.00775	0.00549	0.05831	0.01568	0.02731	0.02196	0.02496	0.01717	0.00809	0.00499	0.00167	0.00360	0.00640	0.71857	0.00687
53	0.00850	0.00607	0.00810	0.00972	0.01012	0.00567	0.00648	0.00972	0.01336	0.01781	0.03846	0.75020	0.04615	0.02186	0.00891	0.00283	0.00405	0.01984	0.00648	0.00567
54	0.01447	0.01240	0.01447	0.01034	0.01654	0.00930	0.00827	0.01757	0.01447	0.02274	0.01240	0.01447	0.01034	0.00517	0.00517	0.00103	0.00517	0.00413	0.00413	0.79742
55	0.80405	0.01350	0.01026	0.00918	0.01350	0.01565	0.00756	0.02051	0.01188	0.03131	0.00972	0.01134	0.00756	0.00648	0.00432	0.00216	0.00540	0.00378	0.00432	0.00756
56	0.04074	0.00867	0.01158	0.01276	0.01470	0.00880	0.01107	0.01635	0.04616	0.04580	0.03526	0.07205	0.03736	0.01801	0.00924	0.00310	0.00633	0.58868	0.00646	0.00686
57	0.01400	0.03610	0.71860	0.01989	0.03020	0.01621	0.02578	0.02210	0.01473	0.02210	0.01252	0.01473	0.00884	0.00663	0.00663	0.00221	0.01031	0.00516	0.00295	0.01031
58	0.80405	0.01350	0.01026	0.00918	0.01350	0.01565	0.00756	0.02051	0.01188	0.03131	0.00972	0.01134	0.00756	0.00648	0.00432	0.00216	0.00540	0.00378	0.00432	0.00756
59	0.27080	0.01490	0.01534	0.01230	0.01711	0.01605	0.01011	0.28243	0.02196	0.17992	0.01733	0.01732	0.01217	0.00781	0.00597	0.00209	0.00621	0.00567	0.07446	0.01005
60	0.01447	0.01240	0.01447	0.01034	0.01654	0.00930	0.00827	0.01757	0.01447	0.02274	0.01240	0.01447	0.01034	0.00517	0.00517	0.00103	0.00517	0.00413	0.00413	0.79742

[dist]
# distance from previous block
# <min> <max>
0	27

[block]
# block no. 8 follows, 30 sequences, length 17
# corresponding to MSA columns:
# 385-401
name=unknown_I
#
# <colnr> <probs for GDERKNQSTAVLIFYWHMCP>
#	G	D	E	R	K	N	Q	S	T	A	V	L	I	F	Y	W	H	M	C	P
0	0.00904	0.00646	0.00871	0.01033	0.01097	0.00613	0.00741	0.01064	0.01389	0.01841	0.03817	0.61909	0.04498	0.02136	0.00905	0.00291	0.00451	0.14566	0.00647	0.00582
1	0.00959	0.00691	0.00907	0.00897	0.01036	0.00640	0.00656	0.01246	0.01844	0.02589	0.56966	0.19598	0.06179	0.01583	0.00837	0.00233	0.00345	0.01411	0.00743	0.00640
2	0.00863	0.00708	0.00761	0.00748	0.00966	0.00606	0.00561	0.01076	0.01682	0.02102	0.22210	0.06358	0.55564	0.01686	0.00824	0.00232	0.00348	0.01423	0.00677	0.00606
3	0.01523	0.01285	0.01488	0.01069	0.01686	0.01008	0.00858	0.05965	0.01562	0.02407	0.01268	0.01461	0.01043	0.00537	0.00528	0.00110	0.00533	0.00427	0.00431	0.74811
4	0.01212	0.00606	0.00909	0.00909	0.00909	0.00606	0.00606	0.00909	0.00909	0.01212	0.01212	0.02121	0.01212	0.02424	0.02727	0.79697	0.00606	0.00606	0.00303	0.00303
5	0.15338	0.05840	0.56898	0.01771	0.02681	0.01652	0.02207	0.02178	0.01421	0.02352	0.01193	0.01401	0.00862	0.00658	0.00614	0.00217	0.00934	0.00486	0.00319	0.00978
6	0.02902	0.01137	0.01546	0.01203	0.01702	0.00986	0.00986	0.03178	0.01995	0.64252	0.10021	0.02678	0.02246	0.00924	0.00715	0.00216	0.00566	0.00762	0.00853	0.01131
7	0.00841	0.00708	0.00729	0.00724	0.00952	0.00596	0.00543	0.01033	0.01628	0.01975	0.13340	0.06568	0.64513	0.01734	0.00825	0.00234	0.00351	0.01452	0.00660	0.00596
8	0.02272	0.01185	0.01467	0.01221	0.01641	0.01165	0.00975	0.03068	0.22495	0.36817	0.16653	0.03023	0.02840	0.01004	0.00729	0.00223	0.00527	0.00842	0.00798	0.01055
9	0.02337	0.01915	0.01854	0.01537	0.02007	0.11354	0.01226	0.31213	0.27855	0.08089	0.02104	0.02014	0.01537	0.00864	0.00694	0.00216	0.00741	0.00669	0.00669	0.01106
10	0.03049	0.01319	0.01701	0.01304	0.01847	0.01220	0.01077	0.14584	0.02217	0.60112	0.02569	0.02255	0.01635	0.00859	0.00701	0.00215	0.00624	0.00689	0.00835	0.01187
11	0.01571	0.00824	0.00869	0.00792	0.01022	0.00834	0.00613	0.08721	0.01690	0.07700	0.02248	0.02489	0.01722	0.00819	0.00525	0.00171	0.00390	0.00652	0.65603	0.00744
12	0.13436	0.01775	0.01819	0.01441	0.01951	0.04425	0.01179	0.44303	0.07030	0.11007	0.01760	0.01743	0.01250	0.00816	0.00654	0.00210	0.00710	0.00606	0.02792	0.01093
13	0.17523	0.20483	0.04923	0.06077	0.02064	0.14190	0.01300	0.11349	0.01677	0.02364	0.01107	0.01341	0.00913	0.00758	0.00795	0.00206	0.11187	0.00477	0.00392	0.00872
14	0.00887	0.00631	0.00830	0.00947	0.00999	0.00600	0.00635	0.01022	0.01359	0.01833	0.10317	0.57882	0.04485	0.09732	0.04056	0.00351	0.00484	0.01762	0.00626	0.00564
15	0.01043	0.00751	0.00947	0.01039	0.01135	0.00738	0.00720	0.08220	0.01544	0.02061	0.03614	0.67182	0.04249	0.02042	0.00870	0.00275	0.00444	0.01839	0.00653	0.00633
16	0.01396	0.01540	0.09728	0.06895	0.06035	0.01295	0.21703	0.06002	0.01578	0.02168	0.02110	0.23865	0.02119	0.01170	0.00857	0.03328	0.00802	0.01069	0.00456	0.05881

[dist]
# distance from previous block
# <min> <max>
13	50

[block]
