[name]
unknown

[dist]
# distance from previous block
# <min> <max>
34	615

[block]
# block no. 0 follows, 28 sequences, length 53
# corresponding to MSA columns:
# 644-696
name=unknown_A
#
# <colnr> <probs for GDERKNQSTAVLIFYWHMCP>
#	G	D	E	R	K	N	Q	S	T	A	V	L	I	F	Y	W	H	M	C	P
0	0.06303	0.07373	0.33462	0.04025	0.07682	0.01634	0.01890	0.05373	0.07451	0.04497	0.06864	0.06804	0.01798	0.00890	0.00700	0.00229	0.00835	0.00728	0.00457	0.01002
1	0.07367	0.01146	0.06438	0.04908	0.04940	0.00955	0.01029	0.01615	0.01625	0.08066	0.07250	0.09726	0.28511	0.03670	0.00898	0.00267	0.00567	0.09652	0.00613	0.00756
2	0.12748	0.02498	0.27130	0.05060	0.04799	0.06952	0.19162	0.02214	0.01596	0.02397	0.04357	0.04949	0.01386	0.00776	0.00718	0.00233	0.00989	0.00704	0.00388	0.00944
3	0.08567	0.09989	0.01852	0.10378	0.02132	0.07685	0.01170	0.18995	0.06207	0.02760	0.02897	0.05951	0.16380	0.01078	0.00706	0.00223	0.00717	0.00849	0.00561	0.00904
4	0.01184	0.00763	0.00955	0.00976	0.01118	0.00700	0.00685	0.01341	0.01478	0.07816	0.08804	0.32343	0.10660	0.18352	0.01516	0.00366	0.00513	0.05783	0.00640	0.04007
5	0.01676	0.02016	0.11182	0.16641	0.22158	0.10643	0.07856	0.02133	0.01687	0.02224	0.09975	0.02197	0.01771	0.00811	0.00808	0.00228	0.03933	0.00713	0.00403	0.00944
6	0.02161	0.40214	0.11700	0.01559	0.02165	0.21975	0.01483	0.07377	0.01796	0.02024	0.01136	0.01298	0.00955	0.00685	0.00568	0.00179	0.00967	0.00450	0.00360	0.00949
7	0.02038	0.66155	0.03595	0.01321	0.01912	0.11274	0.01263	0.02265	0.01548	0.01719	0.01024	0.01184	0.00933	0.00637	0.00490	0.00159	0.00843	0.00398	0.00319	0.00922
8	0.08259	0.01290	0.01658	0.05721	0.02000	0.01175	0.05689	0.06787	0.01652	0.02510	0.01880	0.08810	0.01784	0.00933	0.00673	0.00190	0.00642	0.08849	0.00496	0.39003
9	0.09639	0.07732	0.19538	0.01953	0.11243	0.01765	0.01677	0.12964	0.08454	0.15412	0.01783	0.01830	0.01279	0.00774	0.00672	0.00221	0.00798	0.00609	0.00547	0.01109
10	0.01649	0.04186	0.08927	0.08876	0.25151	0.01617	0.01667	0.07292	0.14431	0.02553	0.04794	0.02782	0.11093	0.00935	0.00737	0.00228	0.00745	0.00808	0.00508	0.01021
11	0.01069	0.00846	0.00927	0.00876	0.01122	0.00773	0.00664	0.06870	0.01902	0.02433	0.22932	0.09071	0.44517	0.01684	0.00850	0.00241	0.00401	0.01424	0.00712	0.00685
12	0.01721	0.17382	0.49210	0.01928	0.05183	0.01868	0.02248	0.02382	0.01575	0.08075	0.01384	0.01553	0.01007	0.00694	0.00651	0.00215	0.00969	0.00529	0.00361	0.01063
13	0.09106	0.01442	0.03548	0.07440	0.17217	0.01387	0.01409	0.02928	0.09118	0.32853	0.04619	0.02281	0.01711	0.00837	0.00708	0.00227	0.00691	0.00703	0.00662	0.01113
14	0.01150	0.00821	0.01146	0.01314	0.01472	0.00818	0.01133	0.01468	0.01652	0.02151	0.03861	0.13215	0.04231	0.02029	0.00998	0.00332	0.00650	0.60226	0.00670	0.00663
15	0.01881	0.01598	0.01685	0.01494	0.01918	0.01842	0.01168	0.08714	0.63636	0.03158	0.02866	0.02638	0.02144	0.00978	0.00739	0.00244	0.00592	0.00809	0.00739	0.01157
16	0.01016	0.00735	0.00948	0.00907	0.01068	0.00679	0.00670	0.01327	0.01965	0.02759	0.60864	0.08997	0.08984	0.04689	0.00984	0.00253	0.00364	0.01351	0.00773	0.00668
17	0.01603	0.01777	0.05383	0.02492	0.03163	0.01574	0.47816	0.02148	0.01713	0.02395	0.08547	0.02238	0.01695	0.00694	0.00802	0.00221	0.01019	0.00828	0.00421	0.13471
18	0.01562	0.03050	0.44787	0.02517	0.06188	0.01742	0.25085	0.02308	0.01603	0.02314	0.01365	0.01694	0.00994	0.00662	0.00750	0.00235	0.01118	0.00653	0.00330	0.01045
19	0.00884	0.00638	0.00838	0.00998	0.01051	0.00592	0.00668	0.01014	0.01405	0.01861	0.04180	0.70524	0.08151	0.02255	0.00924	0.00293	0.00419	0.02039	0.00675	0.00592
20	0.01447	0.01362	0.02267	0.60730	0.13853	0.01637	0.02017	0.01981	0.03893	0.01971	0.01362	0.01947	0.01039	0.00725	0.00726	0.00239	0.00940	0.00653	0.00343	0.00867
21	0.01917	0.01439	0.01889	0.01791	0.08553	0.01522	0.06234	0.04914	0.33990	0.12909	0.11148	0.03080	0.02613	0.01015	0.00771	0.00241	0.00640	0.03559	0.00702	0.01074
22	0.01905	0.01529	0.02036	0.02429	0.25056	0.01622	0.01472	0.03089	0.34087	0.10207	0.02688	0.02649	0.06129	0.00916	0.00740	0.00234	0.00665	0.00798	0.00624	0.01126
23	0.00886	0.00633	0.00843	0.01012	0.01054	0.00590	0.00675	0.01012	0.01392	0.01856	0.04006	0.73979	0.04808	0.02277	0.00928	0.00295	0.00422	0.02066	0.00675	0.00590
24	0.01414	0.01334	0.02255	0.66055	0.11333	0.01626	0.02039	0.01894	0.01473	0.01908	0.01299	0.01924	0.00987	0.00719	0.00726	0.00240	0.00959	0.00646	0.00327	0.00841
25	0.02418	0.02023	0.02273	0.09745	0.13441	0.08611	0.01580	0.41411	0.05301	0.03610	0.01624	0.01771	0.01203	0.00813	0.00720	0.00219	0.00868	0.00641	0.00592	0.01136
26	0.01165	0.00756	0.00947	0.00933	0.01109	0.00683	0.00677	0.01394	0.01745	0.08546	0.30118	0.23237	0.17677	0.06376	0.01046	0.00279	0.00417	0.01482	0.00730	0.00682
27	0.68725	0.01492	0.04064	0.07996	0.01829	0.01632	0.00986	0.02116	0.01271	0.03085	0.01052	0.01269	0.00810	0.00680	0.00487	0.00227	0.00623	0.00424	0.00432	0.00801
28	0.01121	0.00758	0.00940	0.00913	0.01109	0.00678	0.00677	0.01381	0.01839	0.07363	0.37211	0.17615	0.22327	0.01674	0.00861	0.00244	0.00383	0.01461	0.00753	0.00690
29	0.01671	0.01376	0.01581	0.01164	0.01775	0.01147	0.00932	0.11702	0.01791	0.02681	0.01475	0.04599	0.01258	0.00662	0.00583	0.00132	0.00573	0.00533	0.00486	0.63881
30	0.02517	0.01301	0.01611	0.01287	0.01761	0.01251	0.01041	0.13989	0.08031	0.36613	0.16557	0.02951	0.02769	0.01011	0.00750	0.00222	0.00585	0.00836	0.00818	0.04099
31	0.01871	0.01629	0.02743	0.12868	0.55782	0.01656	0.02103	0.02297	0.01666	0.08189	0.01487	0.01875	0.01184	0.00680	0.00722	0.00220	0.00856	0.00655	0.00402	0.01115
32	0.79588	0.01406	0.01068	0.00956	0.01406	0.01631	0.00787	0.02137	0.01237	0.03261	0.01012	0.01181	0.00787	0.00675	0.00450	0.00225	0.00562	0.00394	0.00450	0.00787
33	0.01694	0.01330	0.01877	0.36794	0.05388	0.01535	0.01546	0.11963	0.08293	0.06015	0.01926	0.07886	0.01572	0.00917	0.00724	0.00235	0.00781	0.00786	0.07832	0.00908
34	0.01799	0.01727	0.02950	0.04462	0.69919	0.01727	0.02231	0.02231	0.01655	0.02375	0.01367	0.01799	0.01151	0.00648	0.00720	0.00216	0.00864	0.00648	0.00360	0.01151
35	0.01629	0.15006	0.02893	0.18852	0.03113	0.01801	0.21392	0.03696	0.06698	0.02180	0.01605	0.05025	0.01345	0.02575	0.00781	0.00228	0.00896	0.00732	0.02624	0.06927
36	0.01676	0.33921	0.39972	0.01801	0.04863	0.02194	0.02058	0.02246	0.01514	0.02053	0.01182	0.01387	0.00934	0.00660	0.00596	0.00198	0.00941	0.00478	0.00310	0.01017
37	0.00886	0.00633	0.00843	0.01012	0.01054	0.00590	0.00675	0.01012	0.01392	0.01856	0.04006	0.73979	0.04808	0.02277	0.00928	0.00295	0.00422	0.02066	0.00675	0.00590
38	0.00981	0.00728	0.00914	0.00896	0.01064	0.00661	0.00661	0.01268	0.01902	0.02613	0.50254	0.14435	0.17639	0.01649	0.00867	0.00240	0.00357	0.01449	0.00762	0.00661
39	0.02607	0.07311	0.02028	0.01462	0.01982	0.03945	0.01210	0.40099	0.02733	0.16798	0.02024	0.04508	0.01496	0.00903	0.00694	0.00212	0.00725	0.00696	0.07436	0.01130
40	0.02807	0.01440	0.01752	0.01389	0.01913	0.01430	0.01132	0.16773	0.14179	0.41994	0.05416	0.02488	0.01967	0.00934	0.00737	0.00228	0.00637	0.00755	0.00831	0.01199
41	0.00918	0.00632	0.00852	0.01007	0.01045	0.00594	0.00671	0.01007	0.01353	0.01804	0.03769	0.67778	0.04501	0.02299	0.01093	0.07084	0.00440	0.01942	0.00644	0.00567
42	0.01780	0.01812	0.02859	0.18349	0.43293	0.07748	0.09210	0.02221	0.01655	0.02210	0.01342	0.01804	0.01089	0.00669	0.00731	0.00222	0.00964	0.00655	0.00354	0.01034
43	0.02055	0.01458	0.01659	0.01574	0.07577	0.03285	0.01131	0.25929	0.08777	0.08426	0.04748	0.11787	0.02150	0.01067	0.00717	0.00222	0.00632	0.00887	0.14916	0.01003
44	0.01260	0.00896	0.01145	0.01072	0.01129	0.01023	0.00758	0.01364	0.01156	0.04613	0.02023	0.03654	0.02121	0.42203	0.15326	0.00671	0.13644	0.00899	0.04456	0.00587
45	0.01055	0.00726	0.00937	0.01018	0.01132	0.00685	0.00745	0.01249	0.01550	0.04083	0.14192	0.33577	0.10147	0.11375	0.01279	0.00339	0.00496	0.14121	0.00670	0.00623
46	0.07563	0.31030	0.13780	0.01650	0.05649	0.06975	0.01520	0.14637	0.01924	0.07090	0.01347	0.01466	0.01047	0.00712	0.00594	0.00194	0.00845	0.00505	0.00445	0.01028
47	0.05677	0.04475	0.08351	0.02437	0.19124	0.11733	0.04515	0.27174	0.04239	0.03159	0.01494	0.01674	0.01139	0.00759	0.00698	0.00215	0.00912	0.00611	0.00510	0.01104
48	0.05210	0.02442	0.15890	0.02787	0.26190	0.15767	0.05285	0.06482	0.01758	0.02344	0.01341	0.01747	0.01106	0.03958	0.00910	0.00241	0.04545	0.00608	0.00382	0.01007
49	0.01211	0.04125	0.01208	0.01141	0.02992	0.00915	0.00849	0.01593	0.07319	0.04622	0.09802	0.26399	0.17316	0.01678	0.00840	0.00255	0.00493	0.09901	0.00656	0.06684
50	0.07787	0.36992	0.05044	0.01241	0.01775	0.08883	0.01133	0.04447	0.01605	0.02151	0.04115	0.01661	0.01319	0.03221	0.00641	0.00185	0.00744	0.00497	0.05323	0.11236
51	0.31436	0.24674	0.12731	0.01367	0.04788	0.01932	0.01275	0.02097	0.01464	0.02553	0.08428	0.01714	0.01521	0.00747	0.00548	0.00204	0.00698	0.00524	0.00418	0.00882
52	0.08932	0.11017	0.23704	0.01816	0.04442	0.03837	0.09800	0.07120	0.01713	0.11612	0.01589	0.01934	0.01231	0.07088	0.00931	0.00260	0.00899	0.00627	0.00454	0.00994

[dist]
# distance from previous block
# <min> <max>
68	112

[block]
# block no. 1 follows, 28 sequences, length 37
# corresponding to MSA columns:
# 835-871
name=unknown_B
#
# <colnr> <probs for GDERKNQSTAVLIFYWHMCP>
#	G	D	E	R	K	N	Q	S	T	A	V	L	I	F	Y	W	H	M	C	P
0	0.10509	0.07467	0.29291	0.11910	0.04952	0.01617	0.01863	0.04455	0.01650	0.10701	0.04890	0.02108	0.01456	0.00810	0.00680	0.00229	0.00858	0.03117	0.00452	0.00987
1	0.09773	0.08505	0.01314	0.01007	0.01300	0.06008	0.00807	0.01626	0.01780	0.04405	0.27777	0.04749	0.21870	0.01369	0.00765	0.00229	0.00513	0.04831	0.00644	0.00728
2	0.06240	0.23812	0.02184	0.01378	0.04906	0.05741	0.01094	0.08327	0.08959	0.05767	0.09389	0.07709	0.09605	0.01050	0.00671	0.00210	0.00657	0.00834	0.00555	0.00912
3	0.01521	0.01236	0.04444	0.01377	0.04868	0.01173	0.01040	0.10398	0.13604	0.06530	0.14024	0.22370	0.09853	0.01467	0.00821	0.00252	0.00548	0.02904	0.00694	0.00877
4	0.02105	0.11785	0.05965	0.01408	0.01969	0.01824	0.01230	0.27535	0.09481	0.06819	0.05471	0.02328	0.06579	0.00897	0.00681	0.00201	0.00689	0.00699	0.00616	0.11718
5	0.06020	0.07438	0.08863	0.01305	0.01717	0.04749	0.01159	0.05477	0.10339	0.05634	0.18253	0.09330	0.03242	0.01204	0.00754	0.00233	0.00634	0.08153	0.00617	0.04879
6	0.05746	0.02057	0.01697	0.01662	0.07286	0.27802	0.01185	0.07177	0.01890	0.02272	0.04521	0.05052	0.09774	0.01207	0.03868	0.00248	0.00918	0.04386	0.00489	0.10763
7	0.01534	0.01879	0.11094	0.02331	0.02934	0.01600	0.37772	0.02137	0.04925	0.02328	0.07420	0.05638	0.05633	0.00896	0.00929	0.00245	0.05879	0.00918	0.00443	0.03465
8	0.02148	0.11692	0.02005	0.01485	0.04853	0.05669	0.01153	0.16749	0.13581	0.13125	0.08294	0.02612	0.05319	0.03809	0.00816	0.00230	0.00686	0.00755	0.00642	0.04378
9	0.01458	0.03760	0.70688	0.02072	0.03146	0.01688	0.02686	0.02302	0.01535	0.02302	0.01304	0.01535	0.00921	0.00691	0.00691	0.00230	0.01074	0.00537	0.00307	0.01074
10	0.01520	0.01303	0.01513	0.01093	0.01730	0.01003	0.00873	0.01914	0.04258	0.02396	0.01360	0.01557	0.01123	0.00557	0.00547	0.00113	0.00540	0.00447	0.00443	0.75710
11	0.01263	0.00631	0.00947	0.00947	0.00947	0.00631	0.00631	0.00947	0.00947	0.01263	0.01263	0.02210	0.01263	0.02525	0.02841	0.78851	0.00631	0.00631	0.00316	0.00316
12	0.01891	0.01543	0.01646	0.01469	0.01888	0.01766	0.01146	0.03844	0.64818	0.06877	0.02953	0.02698	0.02195	0.00981	0.00739	0.00245	0.00578	0.00817	0.00749	0.01155
13	0.00993	0.00768	0.00954	0.04076	0.01241	0.00708	0.00717	0.01289	0.01885	0.02528	0.43729	0.05884	0.27274	0.01587	0.00857	0.00238	0.00390	0.03480	0.00733	0.00667
14	0.00922	0.00648	0.00833	0.00966	0.00999	0.00615	0.00625	0.01022	0.01321	0.01761	0.03642	0.59293	0.04348	0.17590	0.01516	0.00382	0.00482	0.01852	0.00625	0.00559
15	0.03084	0.01226	0.01648	0.01282	0.01818	0.01080	0.01052	0.03445	0.04936	0.64058	0.06299	0.02636	0.02078	0.00934	0.00738	0.00226	0.00603	0.00765	0.00888	0.01205
16	0.01590	0.01590	0.02226	0.01908	0.01908	0.02226	0.01590	0.01749	0.01113	0.01749	0.00954	0.01590	0.00954	0.01272	0.02385	0.00318	0.73123	0.00636	0.00318	0.00795
17	0.01799	0.01727	0.02950	0.04462	0.69919	0.01727	0.02231	0.02231	0.01655	0.02375	0.01367	0.01799	0.01151	0.00648	0.00720	0.00216	0.00864	0.00648	0.00360	0.01151
18	0.01813	0.01782	0.02844	0.09673	0.61357	0.05308	0.02172	0.02236	0.01660	0.02304	0.01349	0.01785	0.01126	0.00659	0.00717	0.00216	0.00895	0.00638	0.00358	0.01109
19	0.01507	0.01292	0.01507	0.01077	0.01723	0.00969	0.00861	0.01830	0.01507	0.02369	0.01292	0.01507	0.01077	0.00538	0.00538	0.00108	0.00538	0.00431	0.00431	0.78898
20	0.01722	0.01998	0.07387	0.03343	0.19365	0.01804	0.48612	0.02304	0.01692	0.02338	0.01438	0.01901	0.01105	0.00625	0.00817	0.00237	0.01132	0.00792	0.00363	0.01026
21	0.01804	0.11910	0.05978	0.03915	0.57661	0.01884	0.02114	0.02226	0.01625	0.02280	0.01315	0.01700	0.01111	0.00646	0.00683	0.00208	0.00861	0.00607	0.00351	0.01118
22	0.48550	0.22307	0.04281	0.01146	0.01648	0.02035	0.01040	0.04371	0.01384	0.02761	0.01044	0.01228	0.00856	0.00696	0.00567	0.00210	0.04194	0.00418	0.00409	0.00854
23	0.01263	0.00631	0.00947	0.00947	0.00947	0.00631	0.00631	0.00947	0.00947	0.01263	0.01263	0.02210	0.01263	0.02525	0.02841	0.78851	0.00631	0.00631	0.00316	0.00316
24	0.01065	0.00912	0.01115	0.01290	0.09922	0.00838	0.00826	0.01416	0.05521	0.02251	0.17667	0.05799	0.45565	0.01574	0.00834	0.00239	0.00439	0.01340	0.00661	0.00726
25	0.02153	0.01169	0.01485	0.01138	0.01662	0.00959	0.00916	0.02462	0.01847	0.30910	0.14415	0.02628	0.02435	0.00862	0.00677	0.00179	0.00536	0.00718	0.00694	0.32156
26	0.01038	0.00779	0.01168	0.01168	0.01298	0.00909	0.00909	0.01298	0.01168	0.01687	0.01947	0.02856	0.01817	0.05452	0.71573	0.01168	0.01947	0.00779	0.00389	0.00649
27	0.02715	0.03464	0.02060	0.01873	0.02247	0.71536	0.01404	0.02903	0.02060	0.01779	0.01124	0.01311	0.00936	0.00749	0.00655	0.00187	0.01311	0.00468	0.00375	0.00843
28	0.01507	0.01292	0.01507	0.01077	0.01723	0.00969	0.00861	0.01830	0.01507	0.02369	0.01292	0.01507	0.01077	0.00538	0.00538	0.00108	0.00538	0.00431	0.00431	0.78898
29	0.01567	0.01491	0.02532	0.41561	0.34632	0.01666	0.02116	0.02028	0.01546	0.02093	0.01326	0.01875	0.01052	0.00691	0.00723	0.00230	0.00921	0.00647	0.00340	0.00964
30	0.01833	0.01505	0.01597	0.01419	0.01831	0.01703	0.01109	0.07211	0.56710	0.05483	0.03267	0.03019	0.07975	0.01051	0.00749	0.00244	0.00572	0.00871	0.00739	0.01112
31	0.01171	0.00837	0.01171	0.01339	0.01506	0.00837	0.01171	0.01506	0.01673	0.02175	0.03849	0.08199	0.04183	0.02008	0.01004	0.00335	0.00669	0.65027	0.00669	0.00669
32	0.01393	0.01313	0.02217	0.69456	0.08098	0.01620	0.02029	0.01875	0.01463	0.01882	0.01296	0.01931	0.00978	0.00723	0.00726	0.00241	0.00964	0.00646	0.00325	0.00824
33	0.01513	0.01300	0.01620	0.08428	0.04703	0.01084	0.01038	0.03756	0.01559	0.02359	0.01438	0.05021	0.01251	0.00654	0.00589	0.00138	0.00597	0.00545	0.00437	0.61971
34	0.01591	0.01303	0.01580	0.01298	0.05588	0.01046	0.00956	0.04736	0.01609	0.04524	0.01549	0.06485	0.01364	0.00688	0.00589	0.00135	0.00563	0.00573	0.00471	0.63353
35	0.01473	0.01345	0.03791	0.03907	0.01869	0.01001	0.00959	0.01811	0.01501	0.02324	0.01412	0.04710	0.01231	0.00627	0.00568	0.00125	0.00568	0.00514	0.00433	0.69830
36	0.00952	0.00711	0.00910	0.01004	0.01124	0.00633	0.00688	0.01104	0.01419	0.01918	0.03898	0.62229	0.08069	0.02062	0.00881	0.00272	0.00431	0.01857	0.00648	0.09190

[dist]
# distance from previous block
# <min> <max>
0	1

[block]
# block no. 2 follows, 28 sequences, length 21
# corresponding to MSA columns:
# 873-893
name=unknown_C
#
# <colnr> <probs for GDERKNQSTAVLIFYWHMCP>
#	G	D	E	R	K	N	Q	S	T	A	V	L	I	F	Y	W	H	M	C	P
0	0.12307	0.04699	0.19431	0.14215	0.23842	0.01684	0.04214	0.02268	0.01561	0.07166	0.01388	0.01703	0.01051	0.00691	0.00673	0.00224	0.00884	0.00589	0.00389	0.01019
1	0.16930	0.48637	0.05811	0.01304	0.01879	0.11447	0.01236	0.02268	0.01509	0.02041	0.01038	0.01203	0.00905	0.00651	0.00497	0.00176	0.00817	0.00406	0.00346	0.00899
2	0.01953	0.01492	0.01630	0.01421	0.01853	0.01652	0.01115	0.06192	0.52416	0.10432	0.06198	0.02732	0.02319	0.00978	0.00735	0.00236	0.00576	0.00813	0.00746	0.04509
3	0.01818	0.04453	0.02841	0.07328	0.58109	0.05267	0.02087	0.02229	0.01653	0.02295	0.01335	0.01746	0.01121	0.00651	0.00700	0.00209	0.00875	0.00620	0.00360	0.04303
4	0.01536	0.01164	0.01399	0.01228	0.01363	0.01365	0.00923	0.13527	0.01568	0.02251	0.01860	0.03088	0.01838	0.30665	0.05671	0.00477	0.18295	0.00820	0.10248	0.00712
5	0.01133	0.00773	0.01027	0.01002	0.01183	0.00722	0.00779	0.01464	0.01971	0.05376	0.53841	0.08355	0.06152	0.01578	0.00879	0.00248	0.00409	0.11630	0.00778	0.00701
6	0.01799	0.01727	0.02950	0.04462	0.69919	0.01727	0.02231	0.02231	0.01655	0.02375	0.01367	0.01799	0.01151	0.00648	0.00720	0.00216	0.00864	0.00648	0.00360	0.01151
7	0.00912	0.00666	0.00858	0.00962	0.01053	0.00613	0.00664	0.01089	0.01557	0.02085	0.17823	0.52667	0.12233	0.02068	0.00906	0.00276	0.00400	0.01855	0.00701	0.00613
8	0.01063	0.00759	0.01047	0.01215	0.01335	0.00743	0.00983	0.01319	0.01567	0.02054	0.03908	0.33115	0.04420	0.02110	0.00975	0.00320	0.00576	0.41180	0.00671	0.00639
9	0.02609	0.01959	0.02094	0.01641	0.02195	0.02182	0.01344	0.57189	0.13977	0.04332	0.01942	0.01902	0.01395	0.00891	0.00729	0.00223	0.00764	0.00682	0.00729	0.01222
10	0.01263	0.00631	0.00947	0.00947	0.00947	0.00631	0.00631	0.00947	0.00947	0.01263	0.01263	0.02210	0.01263	0.02525	0.02841	0.78851	0.00631	0.00631	0.00316	0.00316
11	0.02715	0.03464	0.02060	0.01873	0.02247	0.71536	0.01404	0.02903	0.02060	0.01779	0.01124	0.01311	0.00936	0.00749	0.00655	0.00187	0.01311	0.00468	0.00375	0.00843
12	0.01029	0.00743	0.00972	0.00914	0.01086	0.00686	0.00686	0.01372	0.02058	0.02915	0.69536	0.05430	0.06859	0.01486	0.00857	0.00229	0.00343	0.01315	0.00800	0.00686
13	0.02715	0.03464	0.02060	0.01873	0.02247	0.71536	0.01404	0.02903	0.02060	0.01779	0.01124	0.01311	0.00936	0.00749	0.00655	0.00187	0.01311	0.00468	0.00375	0.00843
14	0.79588	0.01406	0.01068	0.00956	0.01406	0.01631	0.00787	0.02137	0.01237	0.03261	0.01012	0.01181	0.00787	0.00675	0.00450	0.00225	0.00562	0.00394	0.00450	0.00787
15	0.00886	0.00633	0.00843	0.01012	0.01054	0.00590	0.00675	0.01012	0.01392	0.01856	0.04006	0.73979	0.04808	0.02277	0.00928	0.00295	0.00422	0.02066	0.00675	0.00590
16	0.01373	0.01292	0.02180	0.72707	0.05006	0.01615	0.02019	0.01857	0.01453	0.01857	0.01292	0.01938	0.00969	0.00727	0.00727	0.00242	0.00969	0.00646	0.00323	0.00807
17	0.10198	0.01252	0.01631	0.01263	0.01815	0.01119	0.01043	0.03415	0.02004	0.64319	0.02699	0.02357	0.01707	0.00879	0.00705	0.00225	0.00613	0.00700	0.00859	0.01196
18	0.00886	0.00633	0.00843	0.01012	0.01054	0.00590	0.00675	0.01012	0.01392	0.01856	0.04006	0.73979	0.04808	0.02277	0.00928	0.00295	0.00422	0.02066	0.00675	0.00590
19	0.00886	0.00633	0.00843	0.01012	0.01054	0.00590	0.00675	0.01012	0.01392	0.01856	0.04006	0.73979	0.04808	0.02277	0.00928	0.00295	0.00422	0.02066	0.00675	0.00590
20	0.01799	0.01727	0.02950	0.04462	0.69919	0.01727	0.02231	0.02231	0.01655	0.02375	0.01367	0.01799	0.01151	0.00648	0.00720	0.00216	0.00864	0.00648	0.00360	0.01151

[dist]
# distance from previous block
# <min> <max>
4	7

[block]
# block no. 3 follows, 28 sequences, length 20
# corresponding to MSA columns:
# 901-920
name=unknown_D
#
# <colnr> <probs for GDERKNQSTAVLIFYWHMCP>
#	G	D	E	R	K	N	Q	S	T	A	V	L	I	F	Y	W	H	M	C	P
0	0.01081	0.00905	0.01507	0.01384	0.01574	0.00851	0.12892	0.01329	0.01533	0.02069	0.11493	0.44964	0.04234	0.05518	0.01051	0.00301	0.00588	0.05432	0.00622	0.00671
1	0.01660	0.02372	0.19948	0.02920	0.07976	0.01795	0.47700	0.02316	0.01669	0.02325	0.01424	0.01849	0.01063	0.00633	0.00809	0.00240	0.01166	0.00768	0.00353	0.01014
2	0.00886	0.00633	0.00843	0.01012	0.01054	0.00590	0.00675	0.01012	0.01392	0.01856	0.04006	0.73979	0.04808	0.02277	0.00928	0.00295	0.00422	0.02066	0.00675	0.00590
3	0.03236	0.01277	0.01712	0.01312	0.01876	0.01128	0.01084	0.06761	0.02148	0.67110	0.02811	0.02437	0.01771	0.00898	0.00731	0.00225	0.00628	0.00727	0.00891	0.01237
4	0.01737	0.15491	0.11251	0.02750	0.09350	0.02002	0.42330	0.02289	0.01647	0.02217	0.01359	0.01755	0.01056	0.00626	0.00756	0.00224	0.01094	0.00718	0.00350	0.00997
5	0.01412	0.01351	0.02340	0.65520	0.07845	0.01633	0.05895	0.01902	0.01478	0.01908	0.01306	0.01933	0.00985	0.00716	0.00734	0.00241	0.00979	0.00659	0.00327	0.00833
6	0.01458	0.03760	0.70688	0.02072	0.03146	0.01688	0.02686	0.02302	0.01535	0.02302	0.01304	0.01535	0.00921	0.00691	0.00691	0.00230	0.01074	0.00537	0.00307	0.01074
7	0.02266	0.45238	0.03091	0.01494	0.02024	0.27799	0.01309	0.05752	0.01787	0.01881	0.01089	0.01248	0.00949	0.00681	0.00548	0.00170	0.00972	0.00431	0.00355	0.00915
8	0.01057	0.00705	0.00793	0.00793	0.00793	0.00705	0.00440	0.01057	0.01057	0.01409	0.02290	0.04757	0.02643	0.74454	0.03700	0.00705	0.00705	0.01057	0.00440	0.00440
9	0.01943	0.74891	0.03809	0.01244	0.01866	0.02876	0.01244	0.02177	0.01477	0.01710	0.01011	0.01166	0.00933	0.00622	0.00466	0.00155	0.00777	0.00389	0.00311	0.00933
10	0.01002	0.00742	0.00935	0.00887	0.01070	0.00675	0.00665	0.01320	0.01995	0.02766	0.59777	0.05676	0.16711	0.01542	0.00858	0.00231	0.00347	0.01349	0.00781	0.00675
11	0.00883	0.00641	0.00835	0.00990	0.01048	0.00592	0.00665	0.01015	0.01413	0.01864	0.04277	0.68574	0.10038	0.02242	0.00922	0.00291	0.00417	0.02024	0.00675	0.00592
12	0.01447	0.00767	0.00776	0.00743	0.00939	0.00781	0.00565	0.06004	0.01648	0.02833	0.02330	0.02647	0.01822	0.00849	0.00522	0.00173	0.00369	0.00676	0.73395	0.00714
13	0.00900	0.00639	0.00839	0.00993	0.01032	0.00600	0.00655	0.01016	0.01363	0.01818	0.03860	0.68089	0.04623	0.08419	0.01164	0.00330	0.00446	0.01981	0.00655	0.00578
14	0.01716	0.01961	0.04289	0.03064	0.03799	0.01838	0.67279	0.02328	0.01716	0.02328	0.01471	0.01961	0.01103	0.00613	0.00858	0.00245	0.01225	0.00858	0.00368	0.00980
15	0.01458	0.03760	0.70688	0.02072	0.03146	0.01688	0.02686	0.02302	0.01535	0.02302	0.01304	0.01535	0.00921	0.00691	0.00691	0.00230	0.01074	0.00537	0.00307	0.01074
16	0.01808	0.01561	0.01644	0.01479	0.01890	0.01808	0.01151	0.03863	0.68606	0.03041	0.02959	0.02712	0.02219	0.00986	0.00740	0.00247	0.00575	0.00822	0.00740	0.01151
17	0.01799	0.01727	0.02950	0.04462	0.69919	0.01727	0.02231	0.02231	0.01655	0.02375	0.01367	0.01799	0.01151	0.00648	0.00720	0.00216	0.00864	0.00648	0.00360	0.01151
18	0.00884	0.00641	0.00835	0.00991	0.01049	0.00592	0.00665	0.01015	0.01412	0.01864	0.04267	0.68777	0.09842	0.02243	0.00922	0.00291	0.00418	0.02025	0.00675	0.00592
19	0.01716	0.01961	0.04289	0.03064	0.03799	0.01838	0.67279	0.02328	0.01716	0.02328	0.01471	0.01961	0.01103	0.00613	0.00858	0.00245	0.01225	0.00858	0.00368	0.00980

[dist]
# distance from previous block
# <min> <max>
0	25

[block]
# block no. 4 follows, 28 sequences, length 8
# corresponding to MSA columns:
# 946-953
name=unknown_E
#
# <colnr> <probs for GDERKNQSTAVLIFYWHMCP>
#	G	D	E	R	K	N	Q	S	T	A	V	L	I	F	Y	W	H	M	C	P
0	0.01663	0.06453	0.50906	0.01878	0.02780	0.01758	0.02249	0.13016	0.01884	0.02700	0.06670	0.01856	0.01435	0.00779	0.00699	0.00225	0.00959	0.00610	0.00415	0.01064
1	0.02041	0.01646	0.02741	0.03937	0.58652	0.01618	0.02038	0.02448	0.01726	0.13639	0.01616	0.01911	0.01259	0.00689	0.00722	0.00217	0.00823	0.00661	0.00449	0.01166
2	0.01794	0.62623	0.03372	0.01231	0.01772	0.02551	0.01188	0.02031	0.01426	0.01706	0.01166	0.01446	0.01079	0.01421	0.12237	0.00323	0.00971	0.00453	0.00324	0.00886
3	0.00993	0.00742	0.00923	0.00877	0.01064	0.00671	0.00658	0.01303	0.01974	0.02716	0.56550	0.05757	0.19969	0.01560	0.00858	0.00232	0.00348	0.01360	0.00774	0.00671
4	0.01454	0.09060	0.55058	0.02008	0.05919	0.01673	0.02344	0.02157	0.01521	0.02212	0.01559	0.08907	0.01329	0.00845	0.00698	0.00230	0.00974	0.00686	0.00347	0.01017
5	0.02340	0.12069	0.11041	0.01458	0.02037	0.03850	0.01341	0.11832	0.12920	0.24321	0.07564	0.02308	0.01933	0.00886	0.00697	0.00218	0.00718	0.00701	0.00666	0.01102
6	0.00894	0.00743	0.00784	0.00789	0.01022	0.00634	0.00601	0.01102	0.01697	0.02069	0.13221	0.06912	0.59727	0.01816	0.00867	0.00249	0.00383	0.05180	0.00687	0.00624
7	0.01740	0.01649	0.02709	0.13771	0.53837	0.01720	0.02091	0.02345	0.08456	0.02370	0.01519	0.01912	0.01235	0.00693	0.00723	0.00223	0.00849	0.00665	0.00393	0.01103

[dist]
# distance from previous block
# <min> <max>
2	3

[block]
# block no. 5 follows, 28 sequences, length 38
# corresponding to MSA columns:
# 957-994
name=unknown_F
#
# <colnr> <probs for GDERKNQSTAVLIFYWHMCP>
#	G	D	E	R	K	N	Q	S	T	A	V	L	I	F	Y	W	H	M	C	P
0	0.00890	0.00705	0.00805	0.00877	0.01044	0.00620	0.00639	0.01063	0.01561	0.01939	0.05904	0.31467	0.41613	0.02011	0.00894	0.00270	0.00408	0.06007	0.00675	0.00609
1	0.01701	0.34213	0.28813	0.01629	0.02334	0.02243	0.01809	0.04115	0.01522	0.02036	0.01384	0.01600	0.03607	0.00779	0.00800	0.00208	0.09375	0.00527	0.00337	0.00967
2	0.70497	0.07106	0.01319	0.01016	0.01475	0.04598	0.00847	0.02171	0.01289	0.03082	0.01017	0.01185	0.00804	0.00674	0.00460	0.00218	0.00609	0.00396	0.00436	0.00801
3	0.01038	0.00779	0.01168	0.01168	0.01298	0.00909	0.00909	0.01298	0.01168	0.01687	0.01947	0.02856	0.01817	0.05452	0.71573	0.01168	0.01947	0.00779	0.00389	0.00649
4	0.04375	0.17555	0.40025	0.02212	0.12716	0.01968	0.02186	0.02223	0.01502	0.02190	0.01221	0.01491	0.00955	0.00709	0.00756	0.00219	0.05821	0.00525	0.00321	0.01028
5	0.02440	0.05329	0.02076	0.01810	0.02130	0.56089	0.01389	0.02630	0.01865	0.01767	0.01155	0.01445	0.00998	0.01126	0.05641	0.00268	0.10143	0.00507	0.00367	0.00827
6	0.02699	0.02004	0.02145	0.01659	0.02230	0.02224	0.01366	0.63207	0.07811	0.04477	0.01827	0.01810	0.01302	0.00880	0.00728	0.00220	0.00785	0.00666	0.00728	0.01230
7	0.01054	0.00716	0.00852	0.00852	0.00872	0.00737	0.00514	0.01095	0.01075	0.01453	0.02236	0.04458	0.02513	0.63622	0.14354	0.00777	0.00900	0.01013	0.00432	0.00473
8	0.01263	0.00631	0.00947	0.00947	0.00947	0.00631	0.00631	0.00947	0.00947	0.01263	0.01263	0.02210	0.01263	0.02525	0.02841	0.78851	0.00631	0.00631	0.00316	0.00316
9	0.02032	0.01615	0.01727	0.01498	0.01943	0.01834	0.01181	0.13384	0.55132	0.07020	0.02772	0.02554	0.02048	0.00964	0.00737	0.00241	0.00611	0.00792	0.00747	0.01168
10	0.01355	0.00678	0.00678	0.00678	0.00847	0.00678	0.00508	0.01694	0.01524	0.02710	0.02371	0.02710	0.01863	0.00847	0.00508	0.00169	0.00339	0.00678	0.78489	0.00678
11	0.02763	0.02036	0.02182	0.01672	0.02254	0.02254	0.01382	0.67496	0.03418	0.04581	0.01745	0.01745	0.01236	0.00873	0.00727	0.00218	0.00800	0.00654	0.00727	0.01236
12	0.01256	0.01111	0.01200	0.04340	0.01439	0.08120	0.00866	0.01624	0.04062	0.02634	0.49806	0.04700	0.10014	0.01375	0.00895	0.00231	0.03735	0.01167	0.00702	0.00722
13	0.02825	0.01825	0.02037	0.01574	0.02142	0.01955	0.01296	0.49169	0.06735	0.19719	0.02072	0.01968	0.01421	0.00885	0.00729	0.00221	0.00745	0.00681	0.00768	0.01232
14	0.01775	0.01703	0.02908	0.08258	0.66308	0.01721	0.02219	0.02210	0.01644	0.02346	0.01363	0.01807	0.01141	0.00652	0.00720	0.00217	0.00869	0.00648	0.00358	0.01132
15	0.00991	0.00659	0.00881	0.01025	0.01090	0.00612	0.00692	0.01124	0.01422	0.04893	0.03956	0.70812	0.04674	0.02216	0.00919	0.00292	0.00430	0.02007	0.00685	0.00619
16	0.79588	0.01406	0.01068	0.00956	0.01406	0.01631	0.00787	0.02137	0.01237	0.03261	0.01012	0.01181	0.00787	0.00675	0.00450	0.00225	0.00562	0.00394	0.00450	0.00787
17	0.01038	0.00779	0.01168	0.01168	0.01298	0.00909	0.00909	0.01298	0.01168	0.01687	0.01947	0.02856	0.01817	0.05452	0.71573	0.01168	0.01947	0.00779	0.00389	0.00649
18	0.02787	0.01998	0.02158	0.01655	0.02235	0.02198	0.01367	0.64471	0.03354	0.07695	0.01798	0.01780	0.01263	0.00874	0.00727	0.00218	0.00791	0.00658	0.00735	0.01236
19	0.79588	0.01406	0.01068	0.00956	0.01406	0.01631	0.00787	0.02137	0.01237	0.03261	0.01012	0.01181	0.00787	0.00675	0.00450	0.00225	0.00562	0.00394	0.00450	0.00787
20	0.01874	0.01547	0.01646	0.01471	0.01889	0.01774	0.01147	0.03848	0.65570	0.06116	0.02954	0.02701	0.02200	0.00982	0.00739	0.00246	0.00577	0.00818	0.00747	0.01155
21	0.03261	0.01237	0.01687	0.01293	0.01856	0.01068	0.01068	0.03543	0.02081	0.70423	0.02868	0.02474	0.01799	0.00900	0.00731	0.00225	0.00619	0.00731	0.00900	0.01237
22	0.00859	0.00736	0.00736	0.00736	0.00982	0.00614	0.00552	0.01043	0.01657	0.01964	0.07364	0.06996	0.69624	0.01841	0.00859	0.00245	0.00368	0.01534	0.00675	0.00614
23	0.00867	0.00737	0.00747	0.00744	0.00986	0.00617	0.00558	0.01058	0.01675	0.02006	0.10144	0.06926	0.66817	0.01825	0.00859	0.00245	0.00367	0.01524	0.00681	0.00617
24	0.02763	0.02036	0.02182	0.01672	0.02254	0.02254	0.01382	0.67496	0.03418	0.04581	0.01745	0.01745	0.01236	0.00873	0.00727	0.00218	0.00800	0.00654	0.00727	0.01236
25	0.01373	0.01292	0.02180	0.72707	0.05006	0.01615	0.02019	0.01857	0.01453	0.01857	0.01292	0.01938	0.00969	0.00727	0.00727	0.00242	0.00969	0.00646	0.00323	0.00807
26	0.00907	0.00745	0.00803	0.00808	0.01036	0.00641	0.00618	0.01126	0.01716	0.02118	0.16139	0.06858	0.55580	0.01802	0.00870	0.00250	0.00387	0.06274	0.00693	0.00628
27	0.01774	0.01788	0.05520	0.04227	0.64470	0.01694	0.02191	0.02217	0.01644	0.02372	0.01362	0.01777	0.01139	0.00645	0.00711	0.00212	0.00858	0.00634	0.00361	0.04405
28	0.01507	0.01292	0.01507	0.01077	0.01723	0.00969	0.00861	0.01830	0.01507	0.02369	0.01292	0.01507	0.01077	0.00538	0.00538	0.00108	0.00538	0.00431	0.00431	0.78898
29	0.00901	0.00653	0.00851	0.00982	0.01053	0.00603	0.00668	0.01057	0.01488	0.01988	0.11985	0.61355	0.09419	0.02154	0.00915	0.00284	0.00409	0.01942	0.00690	0.00603
30	0.02763	0.02036	0.02182	0.01672	0.02254	0.02254	0.01382	0.67496	0.03418	0.04581	0.01745	0.01745	0.01236	0.00873	0.00727	0.00218	0.00800	0.00654	0.00727	0.01236
31	0.01009	0.00742	0.00944	0.00894	0.01074	0.00677	0.00670	0.01333	0.02011	0.02803	0.62231	0.05614	0.14234	0.01528	0.00858	0.00231	0.00346	0.01340	0.00785	0.00677
32	0.01638	0.01472	0.02281	0.47991	0.15776	0.01722	0.01926	0.09801	0.05921	0.02343	0.01463	0.01939	0.01110	0.00746	0.00726	0.00235	0.00906	0.00658	0.00403	0.00939
33	0.01038	0.00779	0.01168	0.01168	0.01298	0.00909	0.00909	0.01298	0.01168	0.01687	0.01947	0.02856	0.01817	0.05452	0.71573	0.01168	0.01947	0.00779	0.00389	0.00649
34	0.79588	0.01406	0.01068	0.00956	0.01406	0.01631	0.00787	0.02137	0.01237	0.03261	0.01012	0.01181	0.00787	0.00675	0.00450	0.00225	0.00562	0.00394	0.00450	0.00787
35	0.01004	0.00755	0.00943	0.01056	0.01156	0.00745	0.00729	0.01378	0.09672	0.02049	0.06741	0.60002	0.06866	0.02070	0.00899	0.00285	0.00435	0.01864	0.00688	0.00664
36	0.79588	0.01406	0.01068	0.00956	0.01406	0.01631	0.00787	0.02137	0.01237	0.03261	0.01012	0.01181	0.00787	0.00675	0.00450	0.00225	0.00562	0.00394	0.00450	0.00787
37	0.00907	0.00771	0.00854	0.00946	0.04251	0.00663	0.00647	0.01096	0.01624	0.01970	0.06668	0.14964	0.58437	0.01838	0.00861	0.00250	0.00398	0.01557	0.00660	0.00636

[dist]
# distance from previous block
# <min> <max>
1	3

[block]
# block no. 6 follows, 28 sequences, length 169
# corresponding to MSA columns:
# 998-1030,1041-1163,1169-1181
name=unknown_G
#
# <colnr> <probs for GDERKNQSTAVLIFYWHMCP>
#	G	D	E	R	K	N	Q	S	T	A	V	L	I	F	Y	W	H	M	C	P
0	0.04769	0.68975	0.06737	0.01271	0.01907	0.02777	0.01292	0.02181	0.01471	0.01794	0.01024	0.01183	0.00927	0.00627	0.00476	0.00161	0.00783	0.00396	0.00316	0.00934
1	0.01590	0.01590	0.02226	0.01908	0.01908	0.02226	0.01590	0.01749	0.01113	0.01749	0.00954	0.01590	0.00954	0.01272	0.02385	0.00318	0.73123	0.00636	0.00318	0.00795
2	0.01943	0.74891	0.03809	0.01244	0.01866	0.02876	0.01244	0.02177	0.01477	0.01710	0.01011	0.01166	0.00933	0.00622	0.00466	0.00155	0.00777	0.00389	0.00311	0.00933
3	0.05867	0.01840	0.01905	0.01572	0.02059	0.04787	0.01283	0.41061	0.17757	0.03823	0.02169	0.02560	0.01717	0.00997	0.00742	0.00235	0.00746	0.07058	0.00697	0.01124
4	0.01458	0.03760	0.70688	0.02072	0.03146	0.01688	0.02686	0.02302	0.01535	0.02302	0.01304	0.01535	0.00921	0.00691	0.00691	0.00230	0.01074	0.00537	0.00307	0.01074
5	0.79588	0.01406	0.01068	0.00956	0.01406	0.01631	0.00787	0.02137	0.01237	0.03261	0.01012	0.01181	0.00787	0.00675	0.00450	0.00225	0.00562	0.00394	0.00450	0.00787
6	0.01373	0.01292	0.02180	0.72707	0.05006	0.01615	0.02019	0.01857	0.01453	0.01857	0.01292	0.01938	0.00969	0.00727	0.00727	0.00242	0.00969	0.00646	0.00323	0.00807
7	0.00902	0.00675	0.00838	0.00931	0.01042	0.00611	0.00647	0.01076	0.01560	0.02048	0.15140	0.47187	0.20598	0.02048	0.00900	0.00273	0.00397	0.01821	0.00695	0.00611
8	0.01017	0.00738	0.00958	0.00913	0.01081	0.00679	0.00681	0.01345	0.02015	0.02837	0.64613	0.08509	0.08815	0.01533	0.00861	0.00232	0.00347	0.01355	0.00791	0.00679
9	0.01757	0.01503	0.01605	0.01468	0.01859	0.01729	0.01152	0.03672	0.63193	0.02971	0.03031	0.03156	0.02378	0.01069	0.00761	0.00254	0.00583	0.06014	0.00734	0.01112
10	0.02495	0.01094	0.01458	0.01181	0.01613	0.00977	0.00950	0.02867	0.04764	0.46291	0.24012	0.03421	0.03421	0.01089	0.00771	0.00227	0.00529	0.00920	0.00862	0.01059
11	0.01458	0.03760	0.70688	0.02072	0.03146	0.01688	0.02686	0.02302	0.01535	0.02302	0.01304	0.01535	0.00921	0.00691	0.00691	0.00230	0.01074	0.00537	0.00307	0.01074
12	0.01056	0.00708	0.00808	0.00808	0.00813	0.00713	0.00459	0.01067	0.01061	0.01420	0.02277	0.04681	0.02610	0.71718	0.06391	0.00723	0.00754	0.01046	0.00438	0.00449
13	0.01905	0.69326	0.09041	0.01309	0.01966	0.02783	0.01357	0.02186	0.01482	0.01757	0.01034	0.01195	0.00932	0.00627	0.00484	0.00161	0.00801	0.00400	0.00311	0.00944
14	0.02587	0.04296	0.02131	0.01652	0.02178	0.11233	0.01344	0.48840	0.09631	0.03892	0.01769	0.01800	0.01303	0.00994	0.02777	0.00243	0.00877	0.00643	0.00660	0.01150
15	0.01057	0.00705	0.00793	0.00793	0.00793	0.00705	0.00440	0.01057	0.01057	0.01409	0.02290	0.04757	0.02643	0.74454	0.03700	0.00705	0.00705	0.01057	0.00440	0.00440
16	0.01040	0.00773	0.01137	0.01137	0.01256	0.00892	0.00870	0.01278	0.01159	0.01664	0.01976	0.03014	0.01886	0.11202	0.65917	0.01130	0.01844	0.00802	0.00394	0.00632
17	0.00891	0.00637	0.00848	0.01008	0.01056	0.00594	0.00675	0.01026	0.01417	0.01897	0.06539	0.71330	0.04887	0.02247	0.00925	0.00293	0.00419	0.02037	0.00680	0.00594
18	0.00876	0.00672	0.00803	0.00908	0.01027	0.00599	0.00628	0.01024	0.01492	0.01897	0.05279	0.48593	0.29373	0.02112	0.00902	0.00276	0.00401	0.01865	0.00675	0.00599
19	0.02212	0.01858	0.01609	0.01366	0.01751	0.16915	0.01075	0.26752	0.06823	0.03228	0.01902	0.02041	0.01448	0.00844	0.00638	0.00197	0.00741	0.00632	0.27012	0.00955
20	0.44805	0.01311	0.01210	0.01066	0.01470	0.01458	0.00857	0.05284	0.10689	0.07952	0.12297	0.02234	0.02072	0.00876	0.00588	0.00226	0.00536	0.00643	0.03558	0.00868
21	0.01038	0.00779	0.01168	0.01168	0.01298	0.00909	0.00909	0.01298	0.01168	0.01687	0.01947	0.02856	0.01817	0.05452	0.71573	0.01168	0.01947	0.00779	0.00389	0.00649
22	0.01011	0.00742	0.00947	0.00896	0.01075	0.00678	0.00672	0.01338	0.02016	0.02817	0.63134	0.05591	0.13321	0.01523	0.00858	0.00230	0.00346	0.01337	0.00787	0.00678
23	0.01507	0.01292	0.01507	0.01077	0.01723	0.00969	0.00861	0.01830	0.01507	0.02369	0.01292	0.01507	0.01077	0.00538	0.00538	0.00108	0.00538	0.00431	0.00431	0.78898
24	0.02715	0.03464	0.02060	0.01873	0.02247	0.71536	0.01404	0.02903	0.02060	0.01779	0.01124	0.01311	0.00936	0.00749	0.00655	0.00187	0.01311	0.00468	0.00375	0.00843
25	0.02763	0.02036	0.02182	0.01672	0.02254	0.02254	0.01382	0.67496	0.03418	0.04581	0.01745	0.01745	0.01236	0.00873	0.00727	0.00218	0.00800	0.00654	0.00727	0.01236
26	0.79588	0.01406	0.01068	0.00956	0.01406	0.01631	0.00787	0.02137	0.01237	0.03261	0.01012	0.01181	0.00787	0.00675	0.00450	0.00225	0.00562	0.00394	0.00450	0.00787
27	0.01943	0.74891	0.03809	0.01244	0.01866	0.02876	0.01244	0.02177	0.01477	0.01710	0.01011	0.01166	0.00933	0.00622	0.00466	0.00155	0.00777	0.00389	0.00311	0.00933
28	0.79588	0.01406	0.01068	0.00956	0.01406	0.01631	0.00787	0.02137	0.01237	0.03261	0.01012	0.01181	0.00787	0.00675	0.00450	0.00225	0.00562	0.00394	0.00450	0.00787
29	0.00886	0.00633	0.00843	0.01012	0.01054	0.00590	0.00675	0.01012	0.01392	0.01856	0.04006	0.73979	0.04808	0.02277	0.00928	0.00295	0.00422	0.02066	0.00675	0.00590
30	0.01580	0.01503	0.02555	0.39541	0.36553	0.01669	0.02122	0.02039	0.01551	0.02109	0.01329	0.01870	0.01058	0.00688	0.00723	0.00229	0.00918	0.00647	0.00341	0.00975
31	0.01373	0.01292	0.02180	0.72707	0.05006	0.01615	0.02019	0.01857	0.01453	0.01857	0.01292	0.01938	0.00969	0.00727	0.00727	0.00242	0.00969	0.00646	0.00323	0.00807
32	0.00886	0.00633	0.00843	0.01012	0.01054	0.00590	0.00675	0.01012	0.01392	0.01856	0.04006	0.73979	0.04808	0.02277	0.00928	0.00295	0.00422	0.02066	0.00675	0.00590
33	0.02496	0.01867	0.02004	0.01602	0.02132	0.02080	0.01302	0.46330	0.22787	0.06401	0.02145	0.02058	0.01548	0.00907	0.00731	0.00227	0.00727	0.00707	0.00737	0.01211
34	0.01038	0.00779	0.01168	0.01168	0.01298	0.00909	0.00909	0.01298	0.01168	0.01687	0.01947	0.02856	0.01817	0.05452	0.71573	0.01168	0.01947	0.00779	0.00389	0.00649
35	0.01373	0.01292	0.02180	0.72707	0.05006	0.01615	0.02019	0.01857	0.01453	0.01857	0.01292	0.01938	0.00969	0.00727	0.00727	0.00242	0.00969	0.00646	0.00323	0.00807
36	0.00948	0.00772	0.00843	0.00819	0.01049	0.00683	0.00616	0.01254	0.04483	0.02288	0.25549	0.06360	0.48359	0.01702	0.00854	0.00241	0.00369	0.01440	0.00715	0.00657
37	0.01866	0.04454	0.11152	0.01579	0.02099	0.04136	0.01388	0.08323	0.50160	0.02969	0.02517	0.02381	0.01883	0.00917	0.00720	0.00237	0.00691	0.00744	0.00653	0.01129
38	0.01524	0.03296	0.53579	0.02327	0.03314	0.01727	0.19329	0.02309	0.01581	0.02309	0.01347	0.01644	0.00968	0.00671	0.00734	0.00234	0.01113	0.00620	0.00323	0.01050
39	0.01263	0.00631	0.00947	0.00947	0.00947	0.00631	0.00631	0.00947	0.00947	0.01263	0.01263	0.02210	0.01263	0.02525	0.02841	0.78851	0.00631	0.00631	0.00316	0.00316
40	0.01943	0.74891	0.03809	0.01244	0.01866	0.02876	0.01244	0.02177	0.01477	0.01710	0.01011	0.01166	0.00933	0.00622	0.00466	0.00155	0.00777	0.00389	0.00311	0.00933
41	0.01553	0.01312	0.01607	0.10868	0.02167	0.01165	0.01058	0.06918	0.04668	0.02461	0.01605	0.07061	0.01405	0.00740	0.00617	0.00155	0.00610	0.00617	0.00471	0.52942
42	0.02565	0.01787	0.01947	0.01535	0.02064	0.01948	0.01254	0.46806	0.12380	0.11399	0.02257	0.02179	0.03826	0.00924	0.00726	0.00222	0.00717	0.00718	0.03563	0.01182
43	0.00886	0.00633	0.00843	0.01012	0.01054	0.00590	0.00675	0.01012	0.01392	0.01856	0.04006	0.73979	0.04808	0.02277	0.00928	0.00295	0.00422	0.02066	0.00675	0.00590
44	0.20503	0.01891	0.01924	0.01507	0.02058	0.02110	0.01244	0.52404	0.02914	0.04276	0.01576	0.01615	0.01133	0.00827	0.00663	0.00220	0.00745	0.00594	0.00663	0.01133
45	0.02584	0.07872	0.02284	0.04414	0.02383	0.51707	0.03958	0.12150	0.02183	0.02204	0.01226	0.01412	0.00987	0.00752	0.00664	0.00194	0.01186	0.00511	0.00419	0.00910
46	0.01077	0.00835	0.01242	0.01220	0.01340	0.01000	0.00956	0.01329	0.01164	0.01692	0.01878	0.02768	0.01757	0.05162	0.66775	0.01109	0.06883	0.00769	0.00384	0.00659
47	0.01031	0.00780	0.00980	0.01071	0.01257	0.00729	0.00881	0.01299	0.01679	0.02137	0.10256	0.12037	0.27521	0.01926	0.00936	0.00292	0.00521	0.33340	0.00682	0.00646
48	0.01799	0.01727	0.02950	0.04462	0.69919	0.01727	0.02231	0.02231	0.01655	0.02375	0.01367	0.01799	0.01151	0.00648	0.00720	0.00216	0.00864	0.00648	0.00360	0.01151
49	0.01477	0.06581	0.68035	0.02039	0.03095	0.01735	0.02629	0.02297	0.01532	0.02279	0.01293	0.01520	0.00921	0.00688	0.00682	0.00227	0.01063	0.00531	0.00307	0.01069
50	0.00886	0.00633	0.00843	0.01012	0.01054	0.00590	0.00675	0.01012	0.01392	0.01856	0.04006	0.73979	0.04808	0.02277	0.00928	0.00295	0.00422	0.02066	0.00675	0.00590
51	0.01458	0.03760	0.70688	0.02072	0.03146	0.01688	0.02686	0.02302	0.01535	0.02302	0.01304	0.01535	0.00921	0.00691	0.00691	0.00230	0.01074	0.00537	0.00307	0.01074
52	0.01771	0.01778	0.05204	0.07087	0.65094	0.01721	0.02238	0.02218	0.01643	0.02352	0.01362	0.01796	0.01136	0.00652	0.00719	0.00217	0.00875	0.00644	0.00357	0.01135
53	0.02570	0.01907	0.02105	0.01734	0.04741	0.02095	0.01372	0.59023	0.03180	0.04265	0.01928	0.05309	0.01528	0.00979	0.00748	0.00227	0.00779	0.03625	0.00708	0.01178
54	0.01799	0.01727	0.02950	0.04462	0.69919	0.01727	0.02231	0.02231	0.01655	0.02375	0.01367	0.01799	0.01151	0.00648	0.00720	0.00216	0.00864	0.00648	0.00360	0.01151
55	0.01582	0.01290	0.01515	0.01086	0.01728	0.00973	0.00870	0.01903	0.01532	0.05274	0.01359	0.01549	0.01108	0.00554	0.00547	0.00113	0.00542	0.00443	0.00451	0.75582
56	0.01029	0.00743	0.00972	0.00914	0.01086	0.00686	0.00686	0.01372	0.02058	0.02915	0.69536	0.05430	0.06859	0.01486	0.00857	0.00229	0.00343	0.01315	0.00800	0.00686
