[name]
unknown

[dist]
# distance from previous block
# <min> <max>
2	57

[block]
# block no. 0 follows, 26 sequences, length 100
# corresponding to MSA columns:
# 57-156
name=unknown_A
#
# <colnr> <probs for GDERKNQSTAVLIFYWHMCP>
#	G	D	E	R	K	N	Q	S	T	A	V	L	I	F	Y	W	H	M	C	P
0	0.02255	0.01812	0.01895	0.04179	0.02124	0.06812	0.01236	0.36461	0.02796	0.03739	0.13845	0.02631	0.04456	0.00996	0.00755	0.00213	0.00743	0.00790	0.00685	0.11576
1	0.01374	0.01206	0.04233	0.01063	0.01326	0.03967	0.00782	0.04356	0.01487	0.02051	0.07620	0.06217	0.02615	0.38759	0.02349	0.00470	0.00704	0.00946	0.00502	0.17972
2	0.01648	0.02772	0.35109	0.02143	0.05773	0.05674	0.13810	0.02305	0.01671	0.02458	0.01585	0.01901	0.01192	0.00730	0.00711	0.00223	0.00992	0.00644	0.14263	0.04395
3	0.01615	0.01542	0.02354	0.01913	0.02242	0.04572	0.17969	0.07745	0.01765	0.02413	0.07456	0.20748	0.02616	0.01344	0.01222	0.00273	0.16181	0.01156	0.00531	0.04344
4	0.02509	0.09605	0.02330	0.02047	0.07531	0.47333	0.01482	0.05054	0.04599	0.02058	0.01409	0.04710	0.01242	0.00871	0.00769	0.00209	0.04290	0.00600	0.00423	0.00927
5	0.01194	0.00856	0.01194	0.01171	0.01323	0.00975	0.00901	0.04222	0.01349	0.01974	0.02085	0.03036	0.01927	0.09163	0.56772	0.01050	0.01745	0.00815	0.07555	0.00694
6	0.01716	0.01723	0.02298	0.52815	0.07505	0.11008	0.01981	0.04917	0.01686	0.02072	0.01333	0.01902	0.01027	0.00790	0.00826	0.00246	0.04259	0.00649	0.00364	0.00883
7	0.02048	0.08703	0.05160	0.01988	0.05301	0.16548	0.13050	0.02440	0.03623	0.08523	0.01928	0.05298	0.03609	0.01154	0.04040	0.00279	0.08916	0.00763	0.05687	0.00941
8	0.01020	0.00791	0.00836	0.00813	0.01074	0.00668	0.00614	0.01234	0.01793	0.04939	0.14047	0.06927	0.58925	0.01840	0.00891	0.00253	0.00392	0.01541	0.00728	0.00675
9	0.01478	0.00839	0.00772	0.00763	0.00950	0.03858	0.00573	0.01825	0.01616	0.02784	0.02415	0.02762	0.01900	0.00879	0.00537	0.00178	0.00399	0.00697	0.74060	0.00715
10	0.02456	0.21764	0.02681	0.01998	0.08334	0.40719	0.01480	0.02846	0.07214	0.02001	0.01320	0.01493	0.01105	0.00757	0.00645	0.00194	0.01116	0.00514	0.00403	0.00960
11	0.01366	0.01290	0.01291	0.01307	0.01436	0.11768	0.00951	0.01631	0.04591	0.02111	0.11598	0.42044	0.04101	0.01845	0.01071	0.00282	0.08390	0.01572	0.00634	0.00720
12	0.00924	0.00660	0.00880	0.01056	0.01100	0.00616	0.00704	0.01056	0.01452	0.01936	0.04181	0.72848	0.05017	0.02376	0.00968	0.00308	0.00440	0.02156	0.00704	0.00616
13	0.00936	0.00678	0.00885	0.01027	0.01098	0.00627	0.00697	0.01093	0.01535	0.02046	0.10335	0.62200	0.09500	0.02269	0.00956	0.00298	0.00429	0.02046	0.00716	0.00627
14	0.02655	0.02115	0.06678	0.01677	0.02280	0.02160	0.01450	0.55826	0.03251	0.04439	0.01850	0.01899	0.01328	0.00895	0.00735	0.00224	0.00810	0.00677	0.07826	0.01225
15	0.01340	0.01007	0.01284	0.01226	0.01419	0.01006	0.03711	0.12859	0.01854	0.02468	0.06135	0.41971	0.08427	0.10071	0.01249	0.00334	0.00575	0.01645	0.00677	0.00743
16	0.02160	0.01568	0.01723	0.01509	0.01966	0.01748	0.01185	0.03970	0.55514	0.15061	0.03070	0.02785	0.02237	0.01013	0.00770	0.00253	0.00608	0.00840	0.00802	0.01217
17	0.01543	0.01533	0.02615	0.30550	0.03628	0.01870	0.13843	0.01945	0.01430	0.01979	0.01328	0.01992	0.01107	0.01335	0.07220	0.00360	0.23789	0.00724	0.00350	0.00858
18	0.07964	0.01962	0.02100	0.01642	0.02221	0.02160	0.01349	0.50507	0.09507	0.09893	0.01990	0.01943	0.01407	0.00910	0.00741	0.00232	0.00779	0.00688	0.00755	0.01250
19	0.01483	0.01399	0.02366	0.63965	0.12387	0.01698	0.02132	0.01982	0.01540	0.01999	0.01357	0.02006	0.01033	0.00749	0.00758	0.00250	0.00999	0.00674	0.00341	0.00883
20	0.02792	0.02138	0.02141	0.01699	0.02250	0.09442	0.01378	0.49363	0.05659	0.09137	0.01993	0.05011	0.01505	0.00968	0.00761	0.00229	0.00851	0.00740	0.00731	0.01213
21	0.01063	0.00805	0.00998	0.01117	0.01224	0.00802	0.00772	0.01490	0.11037	0.02120	0.04143	0.60384	0.06818	0.02164	0.00937	0.00299	0.00461	0.01948	0.00714	0.00702
22	0.01677	0.01302	0.01537	0.04441	0.01857	0.01159	0.00978	0.09506	0.04445	0.05705	0.06747	0.07328	0.06445	0.03532	0.00802	0.00198	0.00592	0.00796	0.00577	0.40375
23	0.01886	0.01864	0.03048	0.08995	0.58358	0.04860	0.05223	0.02337	0.01735	0.02411	0.01415	0.01872	0.01176	0.00684	0.00755	0.00227	0.00947	0.00678	0.00374	0.01154
24	0.78701	0.01467	0.01115	0.00997	0.01467	0.01702	0.00821	0.02230	0.01291	0.03403	0.01056	0.01232	0.00821	0.00704	0.00469	0.00235	0.00587	0.00411	0.00469	0.00821
25	0.00988	0.00758	0.01128	0.01198	0.01295	0.00708	0.05117	0.01162	0.01500	0.02009	0.06271	0.65672	0.04831	0.02229	0.00961	0.00302	0.00494	0.02043	0.00687	0.00647
26	0.02116	0.01933	0.03902	0.02810	0.03538	0.01822	0.51372	0.06938	0.01970	0.13019	0.01782	0.02115	0.01274	0.00705	0.00865	0.00251	0.01150	0.00860	0.00496	0.01083
27	0.00935	0.00669	0.00873	0.01030	0.01079	0.00625	0.00683	0.01060	0.01438	0.01909	0.04185	0.65908	0.07126	0.07166	0.01161	0.00335	0.00458	0.02065	0.00688	0.00606
28	0.01659	0.01659	0.02323	0.01991	0.01991	0.02323	0.01659	0.01825	0.01162	0.01825	0.00996	0.01659	0.00996	0.01328	0.02489	0.00332	0.71955	0.00664	0.00332	0.00830
29	0.22540	0.01362	0.01612	0.01272	0.01830	0.01303	0.01051	0.05290	0.01991	0.50388	0.02463	0.02214	0.01590	0.00878	0.00688	0.00234	0.00636	0.00671	0.00814	0.01171
30	0.01450	0.01357	0.01919	0.01714	0.01754	0.01827	0.01398	0.01642	0.01198	0.01816	0.01505	0.07087	0.01527	0.02591	0.20879	0.00572	0.47801	0.00811	0.00379	0.00773
31	0.00950	0.00770	0.00843	0.00825	0.01058	0.00663	0.00619	0.01193	0.01856	0.02350	0.26055	0.06804	0.49744	0.01809	0.00896	0.00251	0.00376	0.01531	0.00744	0.00663
32	0.00960	0.00752	0.00861	0.00872	0.01063	0.00662	0.00635	0.01185	0.01786	0.02305	0.24785	0.17530	0.37738	0.04195	0.01004	0.00275	0.00397	0.01609	0.00735	0.00653
33	0.01877	0.01802	0.03079	0.04656	0.68612	0.01802	0.02328	0.02328	0.01727	0.02478	0.01427	0.01877	0.01201	0.00676	0.00751	0.00225	0.00901	0.00676	0.00375	0.01201
34	0.02406	0.01720	0.01895	0.01542	0.02001	0.01864	0.01228	0.47014	0.02953	0.06404	0.02390	0.17010	0.02168	0.04583	0.00947	0.00268	0.00740	0.01017	0.00740	0.01109
35	0.78701	0.01467	0.01115	0.00997	0.01467	0.01702	0.00821	0.02230	0.01291	0.03403	0.01056	0.01232	0.00821	0.00704	0.00469	0.00235	0.00587	0.00411	0.00469	0.00821
36	0.00953	0.00699	0.00845	0.00947	0.01029	0.00645	0.00628	0.01073	0.01444	0.01869	0.04597	0.44967	0.18505	0.16334	0.01525	0.00381	0.00486	0.01825	0.00656	0.00590
37	0.01835	0.02090	0.09788	0.05774	0.03496	0.01852	0.43197	0.10885	0.01957	0.02661	0.01682	0.04638	0.01357	0.04043	0.00991	0.00274	0.01138	0.00880	0.00441	0.01020
38	0.01768	0.01263	0.01411	0.01288	0.01642	0.01332	0.00989	0.05604	0.31089	0.11663	0.04111	0.16241	0.15548	0.01428	0.00830	0.00262	0.00546	0.01216	0.00768	0.01002
39	0.00900	0.00755	0.00783	0.00805	0.01034	0.00637	0.00593	0.01084	0.01694	0.02035	0.07236	0.15681	0.60212	0.01979	0.00906	0.00263	0.00391	0.01672	0.00704	0.00637
40	0.01576	0.01359	0.01600	0.01155	0.01804	0.01058	0.00926	0.01907	0.01558	0.02449	0.01336	0.01576	0.01119	0.00589	0.00631	0.00120	0.03116	0.00457	0.00445	0.75220
41	0.00931	0.00665	0.00886	0.01051	0.01102	0.00621	0.00705	0.01074	0.01484	0.01988	0.07153	0.69730	0.05116	0.02338	0.00965	0.00305	0.00436	0.02120	0.00710	0.00621
42	0.01023	0.00768	0.00947	0.00913	0.01105	0.00693	0.00681	0.01330	0.02012	0.02747	0.50378	0.09104	0.22155	0.01679	0.00898	0.00246	0.00368	0.01464	0.00797	0.00693
43	0.02689	0.01697	0.01876	0.01470	0.01990	0.01807	0.01204	0.42239	0.02928	0.15996	0.02160	0.02155	0.01524	0.00910	0.00715	0.00219	0.00706	0.00702	0.15836	0.01176
44	0.01871	0.02012	0.02292	0.01985	0.02055	0.14574	0.01625	0.02042	0.01340	0.01831	0.01028	0.01607	0.00992	0.01229	0.02164	0.00307	0.59234	0.00632	0.00343	0.00839
45	0.01898	0.02061	0.02242	0.01953	0.02045	0.17340	0.01589	0.02074	0.01383	0.01830	0.01075	0.01645	0.01026	0.01374	0.04692	0.00336	0.53623	0.00631	0.00348	0.00835
46	0.00933	0.00664	0.00878	0.01045	0.01087	0.00622	0.00692	0.01058	0.01435	0.01914	0.04094	0.69577	0.04908	0.05796	0.01108	0.00329	0.00454	0.02106	0.00692	0.00609
47	0.00897	0.00764	0.00773	0.00779	0.01027	0.00639	0.00581	0.01087	0.01719	0.02045	0.07554	0.09723	0.65964	0.01938	0.00899	0.00258	0.00386	0.01621	0.00704	0.00639
48	0.02833	0.03615	0.02149	0.01954	0.02345	0.70298	0.01466	0.03029	0.02149	0.01856	0.01172	0.01368	0.00977	0.00782	0.00684	0.00195	0.01368	0.00489	0.00391	0.00879
49	0.01095	0.00732	0.00830	0.00838	0.00840	0.00730	0.00471	0.01101	0.01119	0.01492	0.02473	0.08114	0.02862	0.70049	0.03726	0.00716	0.00722	0.01152	0.00471	0.00467
50	0.01084	0.00813	0.01219	0.01219	0.01354	0.00948	0.00948	0.01354	0.01219	0.01761	0.02032	0.02980	0.01896	0.05689	0.70337	0.01219	0.02032	0.00813	0.00406	0.00677
51	0.02883	0.02125	0.02276	0.01745	0.02352	0.02352	0.01442	0.66082	0.03566	0.04780	0.01821	0.01821	0.01290	0.00911	0.00759	0.00228	0.00835	0.00683	0.00759	0.01290
52	0.01877	0.01802	0.03079	0.04656	0.68612	0.01802	0.02328	0.02328	0.01727	0.02478	0.01427	0.01877	0.01201	0.00676	0.00751	0.00225	0.00901	0.00676	0.00375	0.01201
53	0.02082	0.01804	0.01751	0.01535	0.01933	0.10080	0.01191	0.21012	0.26405	0.03270	0.07073	0.13503	0.02609	0.01211	0.00796	0.00248	0.00719	0.01001	0.00715	0.01063
54	0.05317	0.02148	0.04013	0.02929	0.03614	0.08246	0.54101	0.02449	0.01773	0.02393	0.01455	0.01930	0.01113	0.00687	0.00929	0.00253	0.04448	0.00825	0.00386	0.00992
55	0.01024	0.00795	0.01153	0.14849	0.01907	0.00825	0.00979	0.01229	0.01465	0.01937	0.03626	0.58984	0.04233	0.02060	0.00927	0.00297	0.00552	0.01866	0.00632	0.00660
56	0.01573	0.01348	0.01573	0.01123	0.01798	0.01011	0.00899	0.01910	0.01573	0.02472	0.01348	0.01573	0.01123	0.00562	0.00562	0.00112	0.00562	0.00449	0.00449	0.77980
57	0.01057	0.00831	0.01080	0.01122	0.01195	0.00892	0.00802	0.01199	0.01380	0.01855	0.03786	0.37178	0.12886	0.12260	0.09379	0.00465	0.09820	0.01590	0.00589	0.00632
58	0.01751	0.26200	0.04444	0.01286	0.01661	0.04691	0.01094	0.10613	0.01727	0.02218	0.01985	0.12915	0.02037	0.15308	0.03832	0.00352	0.03048	0.00883	0.03117	0.00840
59	0.02904	0.02092	0.02256	0.01730	0.02336	0.02303	0.01429	0.63625	0.03511	0.07315	0.01867	0.01851	0.01313	0.00912	0.00759	0.00228	0.00827	0.00686	0.00766	0.01290
60	0.04388	0.01478	0.06510	0.28601	0.03216	0.01526	0.04070	0.02208	0.07813	0.09035	0.02162	0.14925	0.01945	0.01140	0.00950	0.00267	0.07390	0.00960	0.00512	0.00905
61	0.01672	0.01778	0.03592	0.18199	0.12724	0.01774	0.39514	0.02226	0.01702	0.02299	0.01638	0.06259	0.01359	0.00774	0.00850	0.00254	0.01119	0.00893	0.00392	0.00983
62	0.01433	0.00856	0.01072	0.00986	0.01246	0.00759	0.00750	0.01715	0.01978	0.14592	0.34738	0.11745	0.21971	0.01613	0.00878	0.00249	0.00424	0.01394	0.00807	0.00790
63	0.01103	0.00735	0.00827	0.00827	0.00827	0.00735	0.00460	0.01103	0.01103	0.01471	0.02390	0.04964	0.02758	0.73343	0.03861	0.00735	0.00735	0.01103	0.00460	0.00460
64	0.01802	0.25707	0.19490	0.06539	0.02635	0.07899	0.07242	0.02224	0.01550	0.01993	0.01283	0.01755	0.01110	0.05610	0.01091	0.00258	0.09933	0.00590	0.00345	0.00945
65	0.01745	0.16243	0.48474	0.01960	0.02899	0.02064	0.02355	0.08238	0.01753	0.02485	0.01332	0.01555	0.00995	0.00752	0.00760	0.00229	0.04152	0.00548	0.00362	0.01097
66	0.02348	0.01516	0.01712	0.01435	0.01879	0.01624	0.01124	0.15289	0.29865	0.19777	0.02729	0.02868	0.02072	0.10845	0.01188	0.00311	0.00674	0.00834	0.00769	0.01139
67	0.01669	0.01514	0.02026	0.01564	0.02051	0.01501	0.06956	0.04719	0.06108	0.02446	0.01509	0.03910	0.01304	0.00848	0.01074	0.00197	0.17192	0.00629	0.00459	0.42324
68	0.01523	0.01499	0.04455	0.09105	0.05578	0.01543	0.16570	0.05635	0.01652	0.02262	0.07291	0.05887	0.07054	0.12959	0.01617	0.00344	0.12739	0.00974	0.00474	0.00839
69	0.01861	0.01785	0.03049	0.07127	0.66268	0.01798	0.02320	0.02313	0.01719	0.02458	0.01424	0.01883	0.01194	0.00679	0.00751	0.00226	0.00905	0.00676	0.00374	0.01188
70	0.02883	0.02125	0.02276	0.01745	0.02352	0.02352	0.01442	0.66082	0.03566	0.04780	0.01821	0.01821	0.01290	0.00911	0.00759	0.00228	0.00835	0.00683	0.00759	0.01290
71	0.02947	0.01807	0.02063	0.01575	0.02181	0.01866	0.01299	0.41838	0.02982	0.24666	0.02151	0.02040	0.01461	0.00893	0.00745	0.00221	0.00755	0.00690	0.00792	0.07026
72	0.01887	0.01629	0.01715	0.01544	0.01972	0.01887	0.01201	0.04031	0.67241	0.03173	0.03087	0.02830	0.02315	0.01029	0.00772	0.00257	0.00600	0.00858	0.00772	0.01201
73	0.01887	0.01629	0.01715	0.01544	0.01972	0.01887	0.01201	0.04031	0.67241	0.03173	0.03087	0.02830	0.02315	0.01029	0.00772	0.00257	0.00600	0.00858	0.00772	0.01201
74	0.01318	0.00659	0.00988	0.00988	0.00988	0.00659	0.00659	0.00988	0.00988	0.01318	0.01318	0.02306	0.01318	0.02635	0.02964	0.77931	0.00659	0.00659	0.00329	0.00329
75	0.02883	0.02125	0.02276	0.01745	0.02352	0.02352	0.01442	0.66082	0.03566	0.04780	0.01821	0.01821	0.01290	0.00911	0.00759	0.00228	0.00835	0.00683	0.00759	0.01290
76	0.02883	0.02125	0.02276	0.01745	0.02352	0.02352	0.01442	0.66082	0.03566	0.04780	0.01821	0.01821	0.01290	0.00911	0.00759	0.00228	0.00835	0.00683	0.00759	0.01290
77	0.00997	0.00758	0.00917	0.00908	0.01094	0.00678	0.00669	0.01271	0.01920	0.02576	0.40244	0.15178	0.26470	0.01780	0.00905	0.00253	0.00377	0.01550	0.00776	0.00678
78	0.00898	0.00764	0.00773	0.00781	0.01028	0.00639	0.00582	0.01087	0.01717	0.02044	0.07527	0.10228	0.65476	0.01941	0.00900	0.00258	0.00387	0.01626	0.00704	0.00639
79	0.02883	0.02125	0.02276	0.01745	0.02352	0.02352	0.01442	0.66082	0.03566	0.04780	0.01821	0.01821	0.01290	0.00911	0.00759	0.00228	0.00835	0.00683	0.00759	0.01290
80	0.02628	0.01599	0.01779	0.01405	0.01901	0.01686	0.01147	0.37108	0.02785	0.17736	0.02228	0.02230	0.01575	0.00910	0.00703	0.00216	0.00676	0.00706	0.19837	0.01146
81	0.01080	0.00719	0.00833	0.00868	0.00884	0.00710	0.00512	0.01121	0.01193	0.01621	0.02753	0.18522	0.03178	0.56072	0.03141	0.00626	0.00660	0.01298	0.03706	0.00501
82	0.03251	0.01394	0.01807	0.01401	0.01979	0.01285	0.01152	0.09685	0.06711	0.58515	0.02887	0.02526	0.01851	0.00942	0.00763	0.00236	0.00660	0.00762	0.00910	0.01285
83	0.01790	0.02046	0.04476	0.03197	0.03964	0.01918	0.65857	0.02430	0.01790	0.02430	0.01535	0.02046	0.01151	0.00639	0.00895	0.00256	0.01279	0.00895	0.00384	0.01023
84	0.02833	0.03615	0.02149	0.01954	0.02345	0.70298	0.01466	0.03029	0.02149	0.01856	0.01172	0.01368	0.00977	0.00782	0.00684	0.00195	0.01368	0.00489	0.00391	0.00879
85	0.01634	0.19506	0.54820	0.01969	0.02985	0.02038	0.02467	0.02373	0.01588	0.02264	0.01293	0.01516	0.00964	0.00705	0.00668	0.00223	0.01052	0.00526	0.00321	0.01088
86	0.01186	0.00911	0.01480	0.01390	0.01569	0.00850	0.10894	0.01396	0.01516	0.05103	0.03597	0.54182	0.04122	0.06570	0.01132	0.00324	0.00600	0.01827	0.00649	0.00701
87	0.01573	0.01348	0.01573	0.01123	0.01798	0.01011	0.00899	0.01910	0.01573	0.02472	0.01348	0.01573	0.01123	0.00562	0.00562	0.00112	0.00562	0.00449	0.00449	0.77980
88	0.04903	0.01067	0.01259	0.01160	0.01351	0.01151	0.00869	0.10343	0.04659	0.02410	0.07801	0.12271	0.12990	0.06611	0.01639	0.16950	0.07166	0.01083	0.03610	0.00707
89	0.01165	0.00992	0.01231	0.01389	0.04400	0.05469	0.03125	0.01365	0.01573	0.02021	0.03865	0.51353	0.06612	0.02078	0.00945	0.00299	0.00585	0.10192	0.00656	0.00686
90	0.08385	0.01491	0.01833	0.01415	0.01998	0.01433	0.01169	0.17658	0.02426	0.50180	0.02597	0.02319	0.01674	0.00917	0.00742	0.00233	0.00684	0.00721	0.00866	0.01259
91	0.00923	0.00688	0.00860	0.00989	0.01084	0.00625	0.00676	0.01076	0.01538	0.01999	0.07152	0.55963	0.19172	0.02247	0.00950	0.00294	0.00425	0.02006	0.00709	0.00625
92	0.01637	0.11584	0.34043	0.11113	0.03386	0.01985	0.14846	0.02281	0.01581	0.02221	0.01324	0.01701	0.01009	0.00755	0.00889	0.00243	0.07412	0.00631	0.00336	0.01022
93	0.01089	0.00760	0.00971	0.00978	0.01029	0.00807	0.00646	0.01192	0.01159	0.01595	0.02335	0.07063	0.02540	0.45986	0.27730	0.00892	0.01191	0.01042	0.00451	0.00545
94	0.01071	0.00722	0.00837	0.00869	0.00876	0.00714	0.00504	0.01095	0.01166	0.01555	0.02713	0.17198	0.03165	0.60554	0.03339	0.00658	0.00682	0.01293	0.00504	0.00488
95	0.01495	0.01412	0.02388	0.62115	0.14141	0.01702	0.02138	0.01993	0.01546	0.02014	0.01359	0.02002	0.01038	0.00747	0.00757	0.00249	0.00996	0.00674	0.00342	0.00893
96	0.01529	0.01711	0.09130	0.32897	0.16105	0.01632	0.10752	0.02086	0.03542	0.02188	0.01761	0.09976	0.01552	0.00914	0.00796	0.00253	0.00961	0.00866	0.00403	0.00946
97	0.01222	0.00873	0.01222	0.01397	0.01572	0.00873	0.01222	0.01572	0.01746	0.02270	0.04016	0.08556	0.04365	0.02095	0.01048	0.00349	0.00698	0.63506	0.00698	0.00698
98	0.00994	0.00714	0.00945	0.01091	0.01175	0.00675	0.00785	0.01179	0.01554	0.02064	0.08873	0.51376	0.07467	0.04784	0.01078	0.00324	0.00489	0.13096	0.00704	0.00634
99	0.10705	0.06826	0.02015	0.20783	0.02744	0.04833	0.01419	0.04566	0.01767	0.17358	0.09067	0.02323	0.01871	0.00948	0.00928	0.00244	0.09382	0.00713	0.00558	0.00952

[dist]
# distance from previous block
# <min> <max>
1	2

[block]
# block no. 1 follows, 26 sequences, length 101
# corresponding to MSA columns:
# 159-259
name=unknown_B
#
# <colnr> <probs for GDERKNQSTAVLIFYWHMCP>
#	G	D	E	R	K	N	Q	S	T	A	V	L	I	F	Y	W	H	M	C	P
0	0.42206	0.01975	0.01510	0.04960	0.01920	0.18425	0.01079	0.06807	0.01726	0.02975	0.03803	0.01585	0.01196	0.00773	0.00579	0.00219	0.00800	0.00511	0.03043	0.03908
1	0.01033	0.00760	0.00986	0.04665	0.01330	0.00724	0.00783	0.01283	0.01724	0.02342	0.23174	0.32502	0.14574	0.01890	0.00907	0.00273	0.00448	0.05241	0.04690	0.00670
2	0.01386	0.01228	0.01891	0.43197	0.06488	0.01421	0.01625	0.01881	0.05746	0.02019	0.01951	0.11659	0.01828	0.08962	0.01117	0.00304	0.00850	0.00915	0.00435	0.05097
3	0.01667	0.01345	0.01583	0.01135	0.01805	0.01016	0.00910	0.02002	0.01604	0.05913	0.01433	0.01625	0.01162	0.00581	0.00572	0.00119	0.00566	0.00466	0.00475	0.74021
4	0.02028	0.73799	0.03975	0.01298	0.01947	0.03001	0.01298	0.02271	0.01541	0.01785	0.01055	0.01217	0.00973	0.00649	0.00487	0.00162	0.00811	0.00406	0.00324	0.00973
5	0.02028	0.73799	0.03975	0.01298	0.01947	0.03001	0.01298	0.02271	0.01541	0.01785	0.01055	0.01217	0.00973	0.00649	0.00487	0.00162	0.00811	0.00406	0.00324	0.00973
6	0.01608	0.01585	0.02255	0.07639	0.02219	0.02192	0.01655	0.01807	0.01194	0.01831	0.01084	0.01766	0.01049	0.01533	0.06271	0.00377	0.62103	0.00673	0.00337	0.00822
7	0.01080	0.00904	0.00956	0.00920	0.01190	0.00847	0.00696	0.01603	0.12000	0.02388	0.16940	0.06334	0.47953	0.01721	0.00877	0.00253	0.00414	0.01447	0.00736	0.00740
8	0.01041	0.00722	0.00906	0.00964	0.00999	0.00729	0.00616	0.01127	0.01237	0.01670	0.02927	0.27135	0.03372	0.39351	0.13213	0.00669	0.00839	0.01407	0.00532	0.00545
9	0.01573	0.01348	0.01573	0.01123	0.01798	0.01011	0.00899	0.01910	0.01573	0.02472	0.01348	0.01573	0.01123	0.00562	0.00562	0.00112	0.00562	0.00449	0.00449	0.77980
10	0.02436	0.01764	0.01889	0.01519	0.02007	0.01942	0.01229	0.45918	0.09361	0.04145	0.02186	0.06189	0.01711	0.01003	0.00735	0.00227	0.00712	0.00789	0.13090	0.01149
11	0.03127	0.01230	0.01672	0.01303	0.01841	0.01067	0.01067	0.03428	0.02168	0.61289	0.10736	0.02948	0.02504	0.01011	0.00778	0.00235	0.00611	0.00835	0.00926	0.01223
12	0.01938	0.01655	0.01744	0.01554	0.01992	0.01911	0.01213	0.07225	0.63963	0.03256	0.03022	0.02778	0.02263	0.01023	0.00771	0.00256	0.00612	0.00849	0.00771	0.01205
13	0.01877	0.01802	0.03079	0.04656	0.68612	0.01802	0.02328	0.02328	0.01727	0.02478	0.01427	0.01877	0.01201	0.00676	0.00751	0.00225	0.00901	0.00676	0.00375	0.01201
14	0.03114	0.01754	0.02047	0.01570	0.02168	0.01803	0.01297	0.38389	0.02947	0.33349	0.02341	0.02159	0.01551	0.00923	0.00761	0.00231	0.00751	0.00718	0.00839	0.01290
15	0.01467	0.00758	0.00764	0.00745	0.00937	0.00767	0.00563	0.04100	0.01662	0.02899	0.02451	0.02791	0.01920	0.00885	0.00539	0.00179	0.00371	0.00706	0.74768	0.00728
16	0.31364	0.01356	0.01521	0.01219	0.01762	0.01333	0.01006	0.03152	0.01844	0.44727	0.02273	0.02081	0.01485	0.00852	0.00654	0.00235	0.00624	0.00632	0.00764	0.01117
17	0.01228	0.00866	0.00958	0.00929	0.01206	0.00769	0.00721	0.01522	0.04529	0.08665	0.06407	0.06688	0.49261	0.04792	0.01019	0.00284	0.00468	0.08242	0.00719	0.00727
18	0.00931	0.00672	0.00882	0.01035	0.01098	0.00623	0.00698	0.01080	0.01507	0.02006	0.08064	0.65579	0.08407	0.02305	0.00960	0.00301	0.00432	0.02082	0.00712	0.00623
19	0.21320	0.01947	0.01746	0.01437	0.01920	0.10625	0.01160	0.32971	0.02538	0.03784	0.01645	0.01765	0.01230	0.00839	0.00645	0.00218	0.00772	0.00595	0.11805	0.01037
20	0.01849	0.16988	0.02635	0.39320	0.03795	0.04593	0.01783	0.12032	0.01844	0.02339	0.01333	0.01776	0.01044	0.00791	0.00794	0.00232	0.04898	0.00611	0.00402	0.00941
21	0.01352	0.00928	0.01135	0.03824	0.01347	0.01015	0.00819	0.06717	0.01545	0.02291	0.02566	0.10145	0.04953	0.16669	0.15144	0.00527	0.04977	0.00980	0.22368	0.00700
22	0.01877	0.37684	0.05718	0.12609	0.02480	0.08255	0.01400	0.02206	0.01601	0.02007	0.01252	0.01523	0.01058	0.00681	0.00572	0.00176	0.00841	0.00487	0.04817	0.12755
23	0.01138	0.00827	0.00961	0.00928	0.01161	0.00747	0.00695	0.01477	0.04911	0.05938	0.27892	0.12851	0.34193	0.01745	0.00890	0.00254	0.00404	0.01499	0.00765	0.00724
24	0.67143	0.01440	0.01214	0.01052	0.01539	0.01612	0.00866	0.02455	0.01426	0.13493	0.01353	0.01439	0.00984	0.00740	0.00514	0.00235	0.00596	0.00465	0.00541	0.00894
25	0.05726	0.01777	0.05677	0.16900	0.10378	0.01781	0.27101	0.02266	0.01650	0.05798	0.01615	0.02316	0.01305	0.00838	0.00981	0.00262	0.07997	0.04240	0.00417	0.00975
26	0.02883	0.02125	0.02276	0.01745	0.02352	0.02352	0.01442	0.66082	0.03566	0.04780	0.01821	0.01821	0.01290	0.00911	0.00759	0.00228	0.00835	0.00683	0.00759	0.01290
27	0.00989	0.00752	0.00910	0.00914	0.01092	0.00673	0.00669	0.01251	0.01883	0.02517	0.36856	0.18743	0.26346	0.01824	0.00909	0.00257	0.00382	0.01592	0.00769	0.00673
28	0.01659	0.01659	0.02323	0.01991	0.01991	0.02323	0.01659	0.01825	0.01162	0.01825	0.00996	0.01659	0.00996	0.01328	0.02489	0.00332	0.71955	0.00664	0.00332	0.00830
29	0.07331	0.00908	0.00938	0.00856	0.01121	0.00922	0.00666	0.06004	0.01749	0.09484	0.02381	0.02625	0.01815	0.00878	0.00563	0.00190	0.00429	0.00689	0.59644	0.00809
30	0.00968	0.00679	0.00867	0.01000	0.01033	0.00645	0.00644	0.01068	0.01366	0.01822	0.03740	0.56133	0.04460	0.19850	0.01680	0.00413	0.00513	0.01897	0.00644	0.00578
31	0.02903	0.01395	0.01746	0.01367	0.01896	0.01326	0.01118	0.17346	0.02463	0.43970	0.10671	0.02977	0.05192	0.01047	0.00783	0.00234	0.00643	0.00853	0.00876	0.01195
32	0.01099	0.00826	0.01064	0.01169	0.03218	0.00797	0.00827	0.01446	0.05499	0.02355	0.21973	0.29126	0.10735	0.06552	0.01122	0.00312	0.00489	0.09974	0.00718	0.00698
33	0.01854	0.01779	0.03037	0.08107	0.65339	0.01796	0.02316	0.02308	0.01716	0.02450	0.01423	0.01885	0.01192	0.00680	0.00751	0.00227	0.00907	0.00676	0.00373	0.01183
34	0.01713	0.01443	0.01512	0.01353	0.01752	0.01594	0.01055	0.09125	0.43465	0.03021	0.04211	0.03944	0.20078	0.01259	0.00804	0.00254	0.00564	0.01042	0.00752	0.01057
35	0.64631	0.01434	0.01235	0.01063	0.01555	0.01592	0.00876	0.02504	0.01455	0.15686	0.01418	0.01484	0.01019	0.00748	0.00524	0.00235	0.00598	0.00477	0.00557	0.00909
36	0.01262	0.01060	0.01174	0.01155	0.01268	0.07664	0.00829	0.01431	0.01270	0.01669	0.02072	0.03513	0.02106	0.28768	0.40368	0.00950	0.01515	0.00882	0.00423	0.00621
37	0.04661	0.35456	0.17292	0.01605	0.02198	0.02375	0.01648	0.02246	0.01490	0.05459	0.01250	0.01530	0.01055	0.01024	0.03859	0.00262	0.14725	0.00524	0.00365	0.00976
38	0.04704	0.01086	0.01286	0.03447	0.01486	0.01115	0.00867	0.12658	0.01881	0.10346	0.11070	0.07639	0.02914	0.22147	0.01784	0.04395	0.00646	0.03643	0.06098	0.00788
39	0.02074	0.69741	0.03869	0.01336	0.01970	0.06893	0.01308	0.02315	0.01576	0.01789	0.01061	0.01225	0.00974	0.00657	0.00498	0.00164	0.00843	0.00410	0.00328	0.00968
40	0.01065	0.00769	0.01006	0.00960	0.01131	0.00710	0.00715	0.01411	0.02108	0.02980	0.64652	0.09401	0.07038	0.01597	0.00899	0.00242	0.00362	0.01415	0.00828	0.00710
41	0.01101	0.00743	0.00865	0.00865	0.00878	0.00756	0.00507	0.01127	0.01114	0.01499	0.02355	0.04772	0.02675	0.66820	0.10270	0.00782	0.00860	0.01075	0.00454	0.00481
42	0.01074	0.00775	0.01014	0.00954	0.01133	0.00716	0.00716	0.01431	0.02147	0.03042	0.68211	0.05666	0.07157	0.01551	0.00895	0.00239	0.00358	0.01372	0.00835	0.00716
43	0.63255	0.01552	0.01267	0.01101	0.01584	0.05194	0.00900	0.02495	0.01470	0.13348	0.01358	0.01445	0.00991	0.00744	0.00525	0.00233	0.00636	0.00468	0.00537	0.00896
44	0.02835	0.02101	0.02249	0.01735	0.02334	0.02330	0.01430	0.63072	0.06655	0.04702	0.01883	0.01870	0.01340	0.00916	0.00759	0.00229	0.00823	0.00691	0.00759	0.01286
45	0.02883	0.02125	0.02276	0.01745	0.02352	0.02352	0.01442	0.66082	0.03566	0.04780	0.01821	0.01821	0.01290	0.00911	0.00759	0.00228	0.00835	0.00683	0.00759	0.01290
46	0.00983	0.00715	0.00930	0.01024	0.01132	0.00662	0.00729	0.01197	0.01691	0.02279	0.22584	0.44222	0.10991	0.02086	0.00946	0.00287	0.00428	0.05721	0.00741	0.00651
47	0.01066	0.00769	0.01007	0.00960	0.01131	0.00710	0.00715	0.01412	0.02111	0.02984	0.64868	0.09174	0.07045	0.01594	0.00898	0.00242	0.00362	0.01413	0.00828	0.00710
48	0.02028	0.73799	0.03975	0.01298	0.01947	0.03001	0.01298	0.02271	0.01541	0.01785	0.01055	0.01217	0.00973	0.00649	0.00487	0.00162	0.00811	0.00406	0.00324	0.00973
49	0.01222	0.00873	0.01222	0.01397	0.01572	0.00873	0.01222	0.01572	0.01746	0.02270	0.04016	0.08556	0.04365	0.02095	0.01048	0.00349	0.00698	0.63506	0.00698	0.00698
50	0.01084	0.00813	0.01219	0.01219	0.01354	0.00948	0.00948	0.01354	0.01219	0.01761	0.02032	0.02980	0.01896	0.05689	0.70337	0.01219	0.02032	0.00813	0.00406	0.00677
51	0.12748	0.01313	0.01680	0.01306	0.01878	0.01188	0.01078	0.03514	0.02062	0.60979	0.02752	0.02414	0.01747	0.00910	0.00726	0.00235	0.00638	0.00719	0.00881	0.01233
52	0.01877	0.01802	0.03079	0.04656	0.68612	0.01802	0.02328	0.02328	0.01727	0.02478	0.01427	0.01877	0.01201	0.00676	0.00751	0.00225	0.00901	0.00676	0.00375	0.01201
53	0.01414	0.00707	0.00707	0.00707	0.00884	0.00707	0.00530	0.01767	0.01591	0.02828	0.02474	0.02828	0.01944	0.00884	0.00530	0.00177	0.00353	0.00707	0.77554	0.00707
54	0.71831	0.01453	0.01191	0.03467	0.01624	0.01668	0.00882	0.02301	0.01348	0.07006	0.01174	0.01335	0.00887	0.00719	0.00496	0.00235	0.00605	0.00439	0.00491	0.00848
55	0.01799	0.07023	0.30240	0.02615	0.16524	0.06323	0.08135	0.06023	0.01794	0.02487	0.04818	0.01888	0.01371	0.00791	0.00836	0.00235	0.04969	0.00656	0.00395	0.01077
56	0.00914	0.00757	0.00801	0.00815	0.01042	0.00644	0.00602	0.01113	0.01733	0.02118	0.12250	0.14380	0.56337	0.01941	0.00904	0.00260	0.00388	0.01643	0.00715	0.00644
57	0.11779	0.02203	0.15189	0.11476	0.11047	0.12083	0.01696	0.04870	0.01789	0.05746	0.09166	0.02176	0.01779	0.00941	0.00831	0.04242	0.00900	0.00675	0.00468	0.00945
58	0.01677	0.34913	0.02505	0.01245	0.01672	0.07912	0.01086	0.02010	0.05030	0.01964	0.05387	0.06419	0.12459	0.01731	0.10591	0.00347	0.00916	0.00818	0.00468	0.00852
59	0.03403	0.01291	0.01760	0.01350	0.01936	0.01115	0.01115	0.03697	0.02171	0.69137	0.02992	0.02582	0.01878	0.00939	0.00763	0.00235	0.00645	0.00763	0.00939	0.01291
60	0.01432	0.01348	0.02275	0.71520	0.05224	0.01685	0.02107	0.01938	0.01517	0.01938	0.01348	0.02022	0.01011	0.00758	0.00758	0.00253	0.01011	0.00674	0.00337	0.00843
61	0.02037	0.02309	0.06626	0.07198	0.41785	0.17212	0.04236	0.02452	0.01782	0.02277	0.01347	0.01751	0.01117	0.00732	0.00812	0.00226	0.04007	0.00634	0.00372	0.01084
62	0.01118	0.00803	0.01082	0.01128	0.01295	0.00767	0.00905	0.01456	0.01944	0.02669	0.39315	0.11786	0.05949	0.01817	0.00958	0.00285	0.00492	0.24754	0.00774	0.00702
63	0.01103	0.00735	0.00827	0.00827	0.00827	0.00735	0.00460	0.01103	0.01103	0.01471	0.02390	0.04964	0.02758	0.73343	0.03861	0.00735	0.00735	0.01103	0.00460	0.00460
64	0.02028	0.73799	0.03975	0.01298	0.01947	0.03001	0.01298	0.02271	0.01541	0.01785	0.01055	0.01217	0.00973	0.00649	0.00487	0.00162	0.00811	0.00406	0.00324	0.00973
65	0.01632	0.13128	0.50430	0.02205	0.03207	0.01954	0.12395	0.02389	0.01623	0.02322	0.01346	0.01618	0.00992	0.00698	0.00716	0.00232	0.01103	0.00591	0.00331	0.01086
66	0.01209	0.00869	0.01204	0.01372	0.01550	0.00864	0.01197	0.01552	0.01745	0.02261	0.04161	0.08506	0.06890	0.02088	0.01042	0.00346	0.00686	0.61062	0.00699	0.00696
67	0.01573	0.01348	0.01573	0.01123	0.01798	0.01011	0.00899	0.01910	0.01573	0.02472	0.01348	0.01573	0.01123	0.00562	0.00562	0.00112	0.00562	0.00449	0.00449	0.77980
68	0.03879	0.07470	0.31625	0.02021	0.02644	0.01917	0.07835	0.02118	0.01477	0.02198	0.01507	0.06079	0.01347	0.01027	0.01239	0.00270	0.21029	0.02982	0.00370	0.00966
69	0.01507	0.01424	0.02409	0.60335	0.15828	0.01705	0.02144	0.02003	0.01552	0.02028	0.01361	0.01998	0.01043	0.00745	0.00757	0.00248	0.00993	0.00674	0.00343	0.00903
70	0.02833	0.03615	0.02149	0.01954	0.02345	0.70298	0.01466	0.03029	0.02149	0.01856	0.01172	0.01368	0.00977	0.00782	0.00684	0.00195	0.01368	0.00489	0.00391	0.00879
71	0.01074	0.00775	0.01014	0.00954	0.01133	0.00716	0.00716	0.01431	0.02147	0.03042	0.68211	0.05666	0.07157	0.01551	0.00895	0.00239	0.00358	0.01372	0.00835	0.00716
72	0.01074	0.00775	0.01014	0.00954	0.01133	0.00716	0.00716	0.01431	0.02147	0.03042	0.68211	0.05666	0.07157	0.01551	0.00895	0.00239	0.00358	0.01372	0.00835	0.00716
73	0.02719	0.02043	0.02184	0.01712	0.02290	0.02276	0.01402	0.55859	0.14057	0.04516	0.02030	0.01987	0.01459	0.00930	0.00761	0.00233	0.00796	0.00712	0.00761	0.01275
74	0.01318	0.00659	0.00988	0.00988	0.00988	0.00659	0.00659	0.00988	0.00988	0.01318	0.01318	0.02306	0.01318	0.02635	0.02964	0.77931	0.00659	0.00659	0.00329	0.00329
75	0.02789	0.02078	0.02223	0.01726	0.02316	0.02308	0.01419	0.60208	0.09594	0.04628	0.01941	0.01917	0.01387	0.00922	0.00760	0.00230	0.00812	0.00699	0.00760	0.01281
76	0.75048	0.01458	0.01146	0.01015	0.01490	0.01673	0.00836	0.02301	0.01334	0.06592	0.01150	0.01298	0.00873	0.00715	0.00484	0.00235	0.00590	0.00428	0.00492	0.00844
77	0.01177	0.00840	0.01170	0.01345	0.01499	0.00834	0.01143	0.01492	0.01701	0.02219	0.04041	0.18425	0.04465	0.02138	0.01035	0.00343	0.00659	0.54089	0.00699	0.00686
78	0.00934	0.00781	0.00821	0.00841	0.01088	0.00667	0.00651	0.01145	0.01731	0.02075	0.07258	0.07446	0.60872	0.01941	0.00914	0.00267	0.00421	0.08796	0.00704	0.00647
79	0.01157	0.00866	0.01262	0.01240	0.01395	0.01005	0.00968	0.03986	0.01314	0.01884	0.02023	0.02933	0.01872	0.05494	0.67508	0.01179	0.01983	0.00807	0.00421	0.00702
80	0.78701	0.01467	0.01115	0.00997	0.01467	0.01702	0.00821	0.02230	0.01291	0.03403	0.01056	0.01232	0.00821	0.00704	0.00469	0.00235	0.00587	0.00411	0.00469	0.00821
81	0.01084	0.00813	0.01219	0.01219	0.01354	0.00948	0.00948	0.01354	0.01219	0.01761	0.02032	0.02980	0.01896	0.05689	0.70337	0.01219	0.02032	0.00813	0.00406	0.00677
82	0.02975	0.01367	0.01742	0.01372	0.01906	0.01286	0.01120	0.11404	0.07162	0.48992	0.09843	0.02834	0.02401	0.01007	0.00777	0.00236	0.00635	0.00825	0.00892	0.01222
83	0.01790	0.02046	0.04476	0.03197	0.03964	0.01918	0.65857	0.02430	0.01790	0.02430	0.01535	0.02046	0.01151	0.00639	0.00895	0.00256	0.01279	0.00895	0.00384	0.01023
84	0.01270	0.00869	0.01148	0.01248	0.01416	0.00851	0.00995	0.04814	0.01765	0.05019	0.06583	0.31618	0.06676	0.02063	0.00980	0.00315	0.00583	0.30345	0.00719	0.00722
85	0.68419	0.04474	0.01295	0.01043	0.01531	0.01701	0.00869	0.02369	0.01384	0.09513	0.01238	0.01358	0.00927	0.00724	0.00498	0.00232	0.00602	0.00444	0.00507	0.00872
86	0.01499	0.08614	0.58012	0.01992	0.02973	0.01738	0.02489	0.02261	0.01582	0.02312	0.01615	0.08549	0.01359	0.00878	0.00728	0.00241	0.01032	0.00706	0.00358	0.01061
87	0.08444	0.36910	0.02840	0.01439	0.01915	0.13604	0.01261	0.02441	0.05023	0.05471	0.01361	0.01635	0.01178	0.03393	0.03799	0.00261	0.07157	0.00525	0.00411	0.00931
88	0.05556	0.07399	0.55467	0.06014	0.03136	0.01779	0.02488	0.02318	0.01600	0.02420	0.04122	0.01755	0.01216	0.00753	0.00704	0.00236	0.01038	0.00585	0.00351	0.01064
89	0.01521	0.03923	0.69413	0.02162	0.03283	0.01762	0.02802	0.02402	0.01601	0.02402	0.01361	0.01601	0.00961	0.00721	0.00721	0.00240	0.01121	0.00560	0.00320	0.01121
90	0.03403	0.01291	0.01760	0.01350	0.01936	0.01115	0.01115	0.03697	0.02171	0.69137	0.02992	0.02582	0.01878	0.00939	0.00763	0.00235	0.00645	0.00763	0.00939	0.01291
91	0.00924	0.00660	0.00880	0.01056	0.01100	0.00616	0.00704	0.01056	0.01452	0.01936	0.04181	0.72848	0.05017	0.02376	0.00968	0.00308	0.00440	0.02156	0.00704	0.00616
92	0.05617	0.01453	0.01727	0.25764	0.02863	0.08151	0.01393	0.05447	0.10373	0.02319	0.06762	0.06040	0.02024	0.01282	0.01107	0.12098	0.00817	0.03455	0.00498	0.00811
93	0.00975	0.00726	0.00967	0.01110	0.01166	0.00717	0.00773	0.01122	0.01462	0.01951	0.04144	0.63535	0.07220	0.02291	0.01048	0.00309	0.04132	0.05034	0.00685	0.00632
94	0.01103	0.00735	0.00827	0.00827	0.00827	0.00735	0.00460	0.01103	0.01103	0.01471	0.02390	0.04964	0.02758	0.73343	0.03861	0.00735	0.00735	0.01103	0.00460	0.00460
95	0.01877	0.01802	0.03079	0.04656	0.68612	0.01802	0.02328	0.02328	0.01727	0.02478	0.01427	0.01877	0.01201	0.00676	0.00751	0.00225	0.00901	0.00676	0.00375	0.01201
96	0.05999	0.01984	0.16011	0.06147	0.06332	0.01532	0.25922	0.02109	0.01658	0.02458	0.04444	0.10756	0.01870	0.00939	0.00794	0.00248	0.00945	0.00931	0.07985	0.00938
97	0.03275	0.01260	0.01708	0.01320	0.01875	0.01094	0.01078	0.03552	0.02112	0.65375	0.02959	0.02714	0.01927	0.04964	0.00935	0.00263	0.00650	0.00782	0.00912	0.01245
98	0.00924	0.00660	0.00880	0.01056	0.01100	0.00616	0.00704	0.01056	0.01452	0.01936	0.04181	0.72848	0.05017	0.02376	0.00968	0.00308	0.00440	0.02156	0.00704	0.00616
99	0.11220	0.01063	0.04653	0.01134	0.01363	0.00966	0.03820	0.01460	0.01487	0.02248	0.14395	0.15415	0.08029	0.18624	0.10403	0.00492	0.00786	0.01195	0.00568	0.00679
100	0.04164	0.06756	0.48438	0.05227	0.03373	0.01847	0.14944	0.02376	0.01621	0.02391	0.01369	0.01675	0.00996	0.00702	0.00737	0.00240	0.01114	0.00618	0.00339	0.01073

[dist]
# distance from previous block
# <min> <max>
1	3

[block]
# block no. 2 follows, 26 sequences, length 100
# corresponding to MSA columns:
# 263-362
name=unknown_C
#
# <colnr> <probs for GDERKNQSTAVLIFYWHMCP>
#	G	D	E	R	K	N	Q	S	T	A	V	L	I	F	Y	W	H	M	C	P
0	0.00966	0.00846	0.04442	0.01078	0.01198	0.00686	0.00794	0.01145	0.01493	0.01992	0.06691	0.58722	0.09648	0.05158	0.01067	0.00316	0.00480	0.01957	0.00679	0.00642
1	0.06185	0.39385	0.12687	0.06803	0.02364	0.02263	0.01514	0.02557	0.01665	0.15906	0.01522	0.01617	0.01154	0.00731	0.00598	0.00199	0.00825	0.00523	0.00459	0.01042
2	0.01074	0.00775	0.01014	0.00954	0.01133	0.00716	0.00716	0.01431	0.02147	0.03042	0.68211	0.05666	0.07157	0.01551	0.00895	0.00239	0.00358	0.01372	0.00835	0.00716
3	0.02833	0.03615	0.02149	0.01954	0.02345	0.70298	0.01466	0.03029	0.02149	0.01856	0.01172	0.01368	0.00977	0.00782	0.00684	0.00195	0.01368	0.00489	0.00391	0.00879
4	0.02028	0.73799	0.03975	0.01298	0.01947	0.03001	0.01298	0.02271	0.01541	0.01785	0.01055	0.01217	0.00973	0.00649	0.00487	0.00162	0.00811	0.00406	0.00324	0.00973
5	0.01124	0.00788	0.00952	0.00938	0.00958	0.00837	0.00586	0.01173	0.01123	0.01530	0.02275	0.04519	0.02550	0.59963	0.13845	0.00791	0.04054	0.01040	0.00446	0.00509
6	0.02081	0.01726	0.01825	0.01583	0.02046	0.01977	0.01248	0.16127	0.54828	0.03486	0.02840	0.02633	0.02116	0.01006	0.00769	0.00251	0.00646	0.00824	0.00769	0.01218
7	0.01079	0.00729	0.00852	0.00875	0.00887	0.00730	0.00514	0.01109	0.01153	0.01544	0.02604	0.13611	0.03008	0.61044	0.06595	0.00703	0.00758	0.01225	0.00489	0.00490
8	0.02824	0.02095	0.02243	0.01733	0.02330	0.02325	0.01427	0.62408	0.07337	0.04685	0.01896	0.01881	0.01351	0.00918	0.00760	0.00229	0.00821	0.00693	0.00760	0.01285
9	0.02809	0.02088	0.02235	0.01730	0.02324	0.02318	0.01424	0.61467	0.08303	0.04661	0.01915	0.01896	0.01366	0.00919	0.00760	0.00230	0.00817	0.00696	0.00760	0.01283
10	0.01074	0.00775	0.01014	0.00954	0.01133	0.00716	0.00716	0.01431	0.02147	0.03042	0.68211	0.05666	0.07157	0.01551	0.00895	0.00239	0.00358	0.01372	0.00835	0.00716
11	0.00929	0.00744	0.00831	0.00863	0.01058	0.00646	0.00627	0.01133	0.01728	0.02172	0.15972	0.22154	0.44537	0.01970	0.00913	0.00265	0.00393	0.01694	0.00724	0.00646
12	0.01792	0.01633	0.02436	0.50311	0.04467	0.04279	0.06737	0.14518	0.01959	0.02526	0.01448	0.01961	0.01075	0.00780	0.00766	0.00246	0.01010	0.00686	0.00425	0.00945
13	0.01074	0.00775	0.01014	0.00954	0.01133	0.00716	0.00716	0.01431	0.02147	0.03042	0.68211	0.05666	0.07157	0.01551	0.00895	0.00239	0.00358	0.01372	0.00835	0.00716
14	0.01414	0.00707	0.00707	0.00707	0.00884	0.00707	0.00530	0.01767	0.01591	0.02828	0.02474	0.02828	0.01944	0.00884	0.00530	0.00177	0.00353	0.00707	0.77554	0.00707
15	0.38900	0.01540	0.01558	0.01262	0.01797	0.01638	0.01041	0.15417	0.02032	0.25253	0.01844	0.01792	0.01261	0.00822	0.00623	0.00233	0.00655	0.00580	0.00681	0.01069
16	0.06755	0.03085	0.02036	0.01810	0.02226	0.53006	0.01381	0.07998	0.02179	0.07326	0.01395	0.01560	0.01103	0.01012	0.03691	0.00247	0.01258	0.00535	0.00467	0.00932
17	0.02724	0.02017	0.02170	0.01695	0.02260	0.02238	0.01386	0.57504	0.09500	0.04485	0.01920	0.01937	0.01388	0.00993	0.00851	0.03443	0.00805	0.00698	0.00742	0.01242
18	0.01887	0.01629	0.01715	0.01544	0.01972	0.01887	0.01201	0.04031	0.67241	0.03173	0.03087	0.02830	0.02315	0.01029	0.00772	0.00257	0.00600	0.00858	0.00772	0.01201
19	0.00947	0.00671	0.00880	0.01031	0.01075	0.00631	0.00681	0.01074	0.01444	0.01931	0.06293	0.63975	0.04877	0.09119	0.01242	0.00346	0.00465	0.02028	0.00685	0.00605
20	0.00948	0.00670	0.00873	0.01026	0.01064	0.00632	0.00672	0.01062	0.01406	0.01875	0.03943	0.63853	0.04717	0.11779	0.01351	0.00365	0.00479	0.02017	0.00672	0.00595
21	0.06117	0.03604	0.59336	0.02189	0.03239	0.01773	0.08543	0.02394	0.01601	0.02464	0.01359	0.01621	0.00970	0.00712	0.00722	0.00241	0.01104	0.00583	0.00335	0.01094
22	0.00940	0.00671	0.00898	0.01074	0.01125	0.00629	0.00731	0.01083	0.01468	0.01954	0.04172	0.69501	0.04983	0.02362	0.00972	0.00310	0.00454	0.05350	0.00704	0.00620
23	0.78701	0.01467	0.01115	0.00997	0.01467	0.01702	0.00821	0.02230	0.01291	0.03403	0.01056	0.01232	0.00821	0.00704	0.00469	0.00235	0.00587	0.00411	0.00469	0.00821
24	0.01746	0.01688	0.02934	0.23493	0.46843	0.01776	0.06027	0.02224	0.01671	0.02322	0.01411	0.01928	0.01145	0.00697	0.00762	0.00235	0.00955	0.00688	0.00365	0.01089
25	0.01701	0.01995	0.06723	0.02962	0.03678	0.01794	0.57461	0.02304	0.01752	0.02384	0.01767	0.08437	0.01493	0.00800	0.00895	0.00260	0.01197	0.00996	0.00410	0.00990
26	0.00938	0.00769	0.00830	0.00843	0.01073	0.00661	0.00637	0.01155	0.01764	0.02174	0.14567	0.11054	0.53618	0.01913	0.00909	0.00262	0.00402	0.05061	0.00720	0.00651
27	0.01680	0.01720	0.02661	0.02180	0.02300	0.02260	0.11718	0.01920	0.01260	0.01920	0.01080	0.01720	0.01020	0.01220	0.02239	0.00320	0.60881	0.00700	0.00340	0.00860
28	0.74499	0.01457	0.01151	0.01017	0.01493	0.01669	0.00838	0.02312	0.01340	0.07072	0.01164	0.01307	0.00880	0.00717	0.00486	0.00235	0.00590	0.00430	0.00496	0.00848
29	0.00932	0.00663	0.00878	0.01046	0.01088	0.00621	0.00694	0.01058	0.01437	0.01916	0.04103	0.69918	0.04919	0.05439	0.01093	0.00326	0.00453	0.02111	0.00694	0.00609
30	0.01689	0.00972	0.01000	0.00901	0.01158	0.01015	0.00701	0.13792	0.01960	0.03193	0.02352	0.02640	0.01822	0.00889	0.00573	0.00186	0.00443	0.00702	0.63196	0.00816
31	0.01003	0.00716	0.00851	0.00912	0.00981	0.00675	0.00587	0.01108	0.01407	0.01849	0.08756	0.30391	0.14173	0.30700	0.02111	0.00466	0.00544	0.01589	0.00616	0.00565
32	0.01877	0.01802	0.03079	0.04656	0.68612	0.01802	0.02328	0.02328	0.01727	0.02478	0.01427	0.01877	0.01201	0.00676	0.00751	0.00225	0.00901	0.00676	0.00375	0.01201
33	0.01918	0.01555	0.01690	0.01515	0.01915	0.01752	0.01192	0.15593	0.42147	0.03274	0.03039	0.11134	0.02586	0.01244	0.00813	0.00265	0.00635	0.05865	0.00756	0.01112
34	0.02874	0.02418	0.02251	0.01786	0.02351	0.15724	0.01446	0.53673	0.03287	0.04205	0.01693	0.01732	0.01228	0.00885	0.00744	0.00221	0.00940	0.00645	0.00686	0.01209
35	0.01094	0.00772	0.01010	0.01010	0.01074	0.00835	0.00688	0.01221	0.01157	0.01606	0.02222	0.04036	0.02355	0.41719	0.34934	0.00961	0.01341	0.00967	0.00435	0.00561
36	0.02083	0.69000	0.03850	0.01343	0.01974	0.07603	0.01309	0.02323	0.01583	0.01789	0.01063	0.01227	0.00974	0.00658	0.00500	0.00165	0.00849	0.00411	0.00329	0.00967
37	0.02462	0.01972	0.05773	0.01636	0.02181	0.02015	0.01383	0.51094	0.03096	0.04152	0.02353	0.11622	0.04512	0.01139	0.00791	0.00240	0.00779	0.00913	0.00725	0.01163
38	0.02761	0.02047	0.02197	0.01710	0.02288	0.02267	0.01403	0.60397	0.07048	0.04593	0.01972	0.04305	0.01475	0.00967	0.00767	0.00232	0.00808	0.00743	0.00758	0.01262
