[name]
unknown

[dist]
# distance from previous block
# <min> <max>
23	91

[block]
# block no. 0 follows, 26 sequences, length 15
# corresponding to MSA columns:
# 116-130
name=unknown_A
#
# <colnr> <probs for GDERKNQSTAVLIFYWHMCP>
#	G	D	E	R	K	N	Q	S	T	A	V	L	I	F	Y	W	H	M	C	P
0	0.07318	0.13490	0.30037	0.07681	0.03110	0.01980	0.13544	0.06846	0.01759	0.05328	0.01424	0.01688	0.01053	0.00720	0.00706	0.00231	0.01016	0.00613	0.00401	0.01056
1	0.50745	0.07151	0.01362	0.01043	0.01466	0.01550	0.00857	0.02144	0.01513	0.07727	0.11600	0.06303	0.02124	0.00945	0.00586	0.00234	0.00565	0.00686	0.00560	0.00838
2	0.01769	0.01675	0.02748	0.14210	0.50821	0.01741	0.02127	0.02353	0.06995	0.02435	0.01822	0.02212	0.04185	0.00771	0.00760	0.00233	0.00871	0.00731	0.00416	0.01123
3	0.01645	0.01761	0.03585	0.08183	0.03466	0.01764	0.45339	0.02168	0.01657	0.02285	0.01728	0.07788	0.01486	0.01021	0.03219	0.00295	0.07889	0.00949	0.02834	0.00937
4	0.01165	0.08987	0.04617	0.01275	0.04266	0.01099	0.00969	0.01391	0.01580	0.02071	0.09246	0.34414	0.18171	0.01805	0.00964	0.00270	0.04811	0.01550	0.00618	0.00731
5	0.01670	0.01690	0.02494	0.02087	0.02148	0.02291	0.06747	0.01873	0.01211	0.01873	0.01038	0.01690	0.01008	0.01273	0.02363	0.00326	0.66354	0.00682	0.00336	0.00845
6	0.32158	0.01496	0.01578	0.01280	0.01804	0.01561	0.01050	0.15136	0.02076	0.28793	0.02066	0.04616	0.01478	0.00898	0.00657	0.00236	0.00652	0.00665	0.00714	0.01084
7	0.01652	0.01615	0.01905	0.03649	0.01935	0.11294	0.06312	0.04284	0.01648	0.02202	0.11120	0.10385	0.02525	0.07788	0.01590	0.00308	0.22281	0.00956	0.03247	0.03304
8	0.01076	0.00797	0.01029	0.01109	0.01282	0.00749	0.00889	0.01365	0.01803	0.02374	0.21121	0.16701	0.18087	0.01961	0.00967	0.00296	0.00512	0.26466	0.00735	0.00679
9	0.00978	0.00773	0.00885	0.00884	0.01100	0.00680	0.00671	0.01233	0.01858	0.02390	0.27497	0.09601	0.41029	0.01828	0.00909	0.00259	0.00398	0.05612	0.00748	0.00668
10	0.01929	0.01901	0.03028	0.04509	0.65005	0.05530	0.02281	0.02366	0.01750	0.02444	0.01413	0.01850	0.01189	0.00682	0.00747	0.00224	0.00927	0.00666	0.00376	0.01184
11	0.01109	0.01063	0.05472	0.09035	0.01921	0.00930	0.06862	0.01362	0.01470	0.01971	0.03313	0.48792	0.03797	0.07784	0.01162	0.00328	0.00644	0.01697	0.00592	0.00695
12	0.78701	0.01467	0.01115	0.00997	0.01467	0.01702	0.00821	0.02230	0.01291	0.03403	0.01056	0.01232	0.00821	0.00704	0.00469	0.00235	0.00587	0.00411	0.00469	0.00821
13	0.01362	0.06061	0.01341	0.01207	0.01405	0.02967	0.00936	0.01763	0.08345	0.04747	0.03498	0.23202	0.06583	0.12775	0.03612	0.00389	0.00679	0.17752	0.00637	0.00737
14	0.01636	0.01196	0.01315	0.01231	0.01488	0.05778	0.00948	0.02325	0.16064	0.07738	0.02390	0.02850	0.01968	0.05525	0.27740	0.00625	0.01164	0.00786	0.16378	0.00854

[dist]
# distance from previous block
# <min> <max>
0	1

[block]
# block no. 1 follows, 26 sequences, length 44
# corresponding to MSA columns:
# 132-175
name=unknown_B
#
# <colnr> <probs for GDERKNQSTAVLIFYWHMCP>
#	G	D	E	R	K	N	Q	S	T	A	V	L	I	F	Y	W	H	M	C	P
0	0.02627	0.05719	0.05838	0.01973	0.02411	0.53182	0.03671	0.06933	0.02113	0.02088	0.01220	0.01446	0.01003	0.00815	0.00813	0.00210	0.06085	0.00527	0.00404	0.00923
1	0.01559	0.01245	0.04797	0.01331	0.03864	0.01141	0.01038	0.11539	0.06453	0.06628	0.38976	0.10579	0.04965	0.01392	0.00852	0.00244	0.00526	0.01210	0.00771	0.00892
2	0.01007	0.00793	0.01224	0.01261	0.01374	0.00741	0.06930	0.01187	0.01485	0.01983	0.03928	0.66082	0.04647	0.02210	0.00961	0.00303	0.00520	0.02036	0.00673	0.00655
3	0.02391	0.01662	0.01842	0.01471	0.01927	0.01771	0.01163	0.41716	0.02751	0.08300	0.02095	0.06934	0.01785	0.12011	0.01322	0.03486	0.00760	0.00834	0.00689	0.05091
4	0.00953	0.00679	0.00903	0.01062	0.01118	0.00638	0.00724	0.01104	0.01492	0.01995	0.07343	0.63924	0.05018	0.04582	0.01061	0.00320	0.00459	0.05303	0.00703	0.00620
5	0.12661	0.01937	0.03851	0.02802	0.03474	0.01916	0.52202	0.02359	0.01676	0.02525	0.01429	0.01904	0.01094	0.00696	0.00946	0.00258	0.06086	0.00811	0.00392	0.00981
6	0.02599	0.03239	0.01995	0.01819	0.02199	0.60065	0.01367	0.02896	0.05512	0.01944	0.01895	0.02011	0.07481	0.00903	0.00709	0.00204	0.01234	0.00614	0.00441	0.00873
7	0.01801	0.01964	0.04009	0.03445	0.18526	0.01920	0.46958	0.02365	0.01732	0.02399	0.01473	0.01981	0.01152	0.00695	0.00973	0.00254	0.06098	0.00829	0.00378	0.01050
8	0.00968	0.00727	0.00903	0.00993	0.01127	0.00662	0.00718	0.01174	0.01669	0.02183	0.15962	0.38395	0.22101	0.02091	0.00944	0.00286	0.00434	0.07289	0.00726	0.00647
9	0.00924	0.00660	0.00880	0.01056	0.01100	0.00616	0.00704	0.01056	0.01452	0.01936	0.04181	0.72848	0.05017	0.02376	0.00968	0.00308	0.00440	0.02156	0.00704	0.00616
10	0.02115	0.04103	0.02562	0.04505	0.05860	0.22026	0.12821	0.10527	0.01949	0.02359	0.01628	0.02007	0.03614	0.01360	0.07673	0.00334	0.12483	0.00698	0.00436	0.00939
11	0.01605	0.00973	0.01236	0.01112	0.01381	0.00927	0.00850	0.06050	0.04948	0.14355	0.41676	0.13446	0.05389	0.01489	0.00867	0.00247	0.00459	0.01302	0.00828	0.00859
12	0.01108	0.00849	0.01266	0.01252	0.01382	0.01007	0.00979	0.01375	0.01217	0.01764	0.01987	0.02923	0.01858	0.05501	0.67424	0.01181	0.05035	0.00806	0.00403	0.00684
13	0.01145	0.00858	0.01059	0.01039	0.01216	0.00842	0.00764	0.01646	0.09676	0.02700	0.40762	0.16546	0.08336	0.06640	0.01103	0.00291	0.00439	0.03431	0.00770	0.00736
14	0.01846	0.01771	0.03023	0.09296	0.64213	0.01794	0.02312	0.02301	0.01713	0.02441	0.01421	0.01887	0.01188	0.00682	0.00751	0.00227	0.00909	0.00676	0.00373	0.01177
15	0.04008	0.00871	0.00875	0.00820	0.01052	0.00893	0.00630	0.07924	0.01779	0.02988	0.02673	0.02943	0.05754	0.00942	0.00572	0.00188	0.00409	0.00748	0.63169	0.00763
16	0.10768	0.01665	0.02701	0.17425	0.39573	0.01757	0.06456	0.03816	0.01685	0.02525	0.01472	0.02067	0.01224	0.00747	0.00740	0.00238	0.00904	0.02780	0.00400	0.01058
17	0.06387	0.17893	0.36430	0.02092	0.05091	0.02036	0.10216	0.02390	0.01602	0.04638	0.01346	0.01600	0.01020	0.00722	0.00745	0.00228	0.03567	0.00576	0.00362	0.01058
18	0.01272	0.00907	0.01025	0.00994	0.01090	0.00939	0.00640	0.05594	0.08022	0.01981	0.05355	0.13525	0.03096	0.49084	0.02846	0.00578	0.00674	0.01201	0.00558	0.00619
19	0.02184	0.24958	0.04615	0.05573	0.10641	0.11523	0.01492	0.12186	0.04866	0.06030	0.07464	0.02005	0.01711	0.00830	0.00673	0.00206	0.00863	0.00636	0.00504	0.01038
20	0.04409	0.55079	0.03428	0.01379	0.01931	0.05794	0.01297	0.05441	0.01664	0.02058	0.04618	0.01524	0.01311	0.00772	0.00693	0.00187	0.06584	0.00495	0.00381	0.00955
21	0.03108	0.01228	0.01671	0.01314	0.01848	0.01069	0.01081	0.03410	0.02154	0.60599	0.09160	0.03079	0.02460	0.01037	0.00785	0.00239	0.00620	0.03000	0.00921	0.01216
22	0.01655	0.16449	0.10968	0.07613	0.07135	0.01806	0.14130	0.02107	0.01601	0.02287	0.01811	0.02167	0.03994	0.00816	0.00800	0.00221	0.05734	0.00693	0.17087	0.00925
23	0.01885	0.01779	0.02946	0.10109	0.51668	0.01832	0.05519	0.05631	0.06351	0.02592	0.01561	0.01962	0.01264	0.00718	0.00761	0.00232	0.00906	0.00700	0.00419	0.01165
24	0.00976	0.00699	0.00932	0.01060	0.01141	0.00655	0.00744	0.01169	0.01614	0.02184	0.17140	0.54585	0.05403	0.02189	0.00959	0.00297	0.00442	0.06438	0.00730	0.00642
25	0.01103	0.00735	0.00827	0.00827	0.00827	0.00735	0.00460	0.01103	0.01103	0.01471	0.02390	0.04964	0.02758	0.73343	0.03861	0.00735	0.00735	0.01103	0.00460	0.00460
26	0.10779	0.60774	0.08084	0.01322	0.01982	0.02768	0.01345	0.02275	0.01517	0.02012	0.01075	0.01245	0.00955	0.00660	0.00501	0.00176	0.00806	0.00417	0.00341	0.00966
27	0.01535	0.03825	0.66018	0.02216	0.03319	0.01770	0.06099	0.02404	0.01611	0.02404	0.01370	0.01625	0.00971	0.00716	0.00730	0.00241	0.01129	0.00578	0.00324	0.01116
28	0.01178	0.00864	0.01155	0.01301	0.01479	0.00854	0.01101	0.01545	0.03749	0.02241	0.04390	0.14731	0.11107	0.02072	0.01015	0.00332	0.00636	0.48847	0.00702	0.00700
29	0.04886	0.01263	0.01664	0.23546	0.02751	0.01263	0.01258	0.04089	0.03312	0.04579	0.01780	0.07103	0.01509	0.00834	0.00665	0.00195	0.00687	0.00700	0.08998	0.28918
30	0.01274	0.00878	0.01205	0.04707	0.04438	0.00832	0.00881	0.01618	0.02037	0.07440	0.50957	0.09757	0.08034	0.01497	0.00877	0.00244	0.00442	0.01324	0.00783	0.00775
31	0.01451	0.01367	0.02308	0.68742	0.07858	0.01690	0.02116	0.01954	0.01525	0.01960	0.01351	0.02016	0.01019	0.00755	0.00758	0.00252	0.01007	0.00674	0.00339	0.00858
32	0.02833	0.03615	0.02149	0.01954	0.02345	0.70298	0.01466	0.03029	0.02149	0.01856	0.01172	0.01368	0.00977	0.00782	0.00684	0.00195	0.01368	0.00489	0.00391	0.00879
33	0.01110	0.00781	0.00951	0.00929	0.01133	0.00696	0.00688	0.01376	0.01905	0.05879	0.35292	0.16304	0.26622	0.01767	0.00900	0.00255	0.00394	0.01536	0.00777	0.00705
34	0.01083	0.00782	0.01027	0.00983	0.01161	0.00726	0.00748	0.01440	0.02121	0.02992	0.64074	0.05852	0.06977	0.01586	0.00904	0.00246	0.00380	0.05377	0.00826	0.00715
35	0.02345	0.01753	0.01896	0.01589	0.02088	0.01959	0.01268	0.23527	0.40985	0.09982	0.02680	0.02489	0.01951	0.00983	0.00767	0.00246	0.00678	0.00794	0.00784	0.01237
36	0.01318	0.00659	0.00988	0.00988	0.00988	0.00659	0.00659	0.00988	0.00988	0.01318	0.01318	0.02306	0.01318	0.02635	0.02964	0.77931	0.00659	0.00659	0.00329	0.00329
37	0.02833	0.03615	0.02149	0.01954	0.02345	0.70298	0.01466	0.03029	0.02149	0.01856	0.01172	0.01368	0.00977	0.00782	0.00684	0.00195	0.01368	0.00489	0.00391	0.00879
38	0.01673	0.01360	0.01440	0.01307	0.01693	0.01483	0.01013	0.03152	0.44767	0.06166	0.04429	0.04127	0.21629	0.01286	0.00808	0.00256	0.00539	0.01071	0.00760	0.01041
39	0.01025	0.00738	0.00976	0.01083	0.01193	0.00697	0.00800	0.01254	0.01679	0.02260	0.19650	0.39065	0.07645	0.04291	0.01053	0.00311	0.00480	0.14418	0.00727	0.00653
40	0.00896	0.00768	0.00768	0.00768	0.01025	0.00640	0.00576	0.01089	0.01729	0.02049	0.07684	0.07300	0.68304	0.01921	0.00896	0.00256	0.00384	0.01601	0.00704	0.00640
41	0.01733	0.01249	0.01533	0.12830	0.02078	0.01458	0.01153	0.13068	0.05163	0.02885	0.01982	0.02344	0.01552	0.00942	0.00916	0.00226	0.11384	0.00698	0.35931	0.00874
42	0.66981	0.06159	0.01472	0.01340	0.07422	0.01794	0.00985	0.02241	0.01345	0.03217	0.01089	0.01288	0.00865	0.00698	0.00495	0.00229	0.00629	0.00434	0.00452	0.00865
43	0.01426	0.00930	0.01126	0.01077	0.01287	0.00899	0.00788	0.08989	0.01925	0.08214	0.18691	0.28259	0.11121	0.07583	0.01122	0.00301	0.00500	0.01490	0.03503	0.00768

[dist]
# distance from previous block
# <min> <max>
2	28

[block]
# block no. 2 follows, 26 sequences, length 32
# corresponding to MSA columns:
# 204-235
name=unknown_C
#
# <colnr> <probs for GDERKNQSTAVLIFYWHMCP>
#	G	D	E	R	K	N	Q	S	T	A	V	L	I	F	Y	W	H	M	C	P
0	0.62464	0.01315	0.01050	0.00954	0.01366	0.01491	0.00773	0.02081	0.01392	0.03258	0.05370	0.01942	0.04510	0.00829	0.00520	0.00230	0.00540	0.00553	0.08569	0.00795
1	0.01136	0.00782	0.00882	0.00884	0.00911	0.00793	0.00519	0.01268	0.04918	0.01600	0.02551	0.09424	0.02885	0.64406	0.03488	0.00679	0.00708	0.01160	0.00494	0.00513
2	0.01945	0.01352	0.01519	0.03587	0.01712	0.01482	0.01037	0.24615	0.02245	0.03340	0.02089	0.05595	0.01695	0.00981	0.00816	0.00214	0.06947	0.00748	0.32728	0.05355
3	0.01084	0.00813	0.01219	0.01219	0.01354	0.00948	0.00948	0.01354	0.01219	0.01761	0.02032	0.02980	0.01896	0.05689	0.70337	0.01219	0.02032	0.00813	0.00406	0.00677
4	0.01068	0.00721	0.00838	0.00872	0.00880	0.00712	0.00507	0.01094	0.01171	0.01561	0.02738	0.18159	0.03197	0.59549	0.03298	0.00652	0.00678	0.01308	0.00507	0.00490
5	0.01859	0.01673	0.02635	0.30629	0.33155	0.01842	0.02101	0.12181	0.01933	0.02626	0.01458	0.01926	0.01140	0.00745	0.00755	0.00237	0.00934	0.00676	0.00420	0.01074
6	0.01572	0.01545	0.02784	0.48175	0.16439	0.01745	0.12686	0.02090	0.01600	0.02117	0.01393	0.02000	0.01069	0.00724	0.00780	0.00248	0.01036	0.00711	0.00352	0.00937
7	0.01331	0.00926	0.01231	0.01335	0.01552	0.00913	0.01151	0.04144	0.01832	0.04844	0.04322	0.07919	0.11660	0.01985	0.01008	0.00329	0.00665	0.51406	0.00711	0.00737
8	0.00949	0.00678	0.00906	0.01068	0.01127	0.00635	0.00732	0.01105	0.01509	0.02020	0.08020	0.65480	0.05112	0.02312	0.00968	0.00306	0.00449	0.05287	0.00712	0.00626
9	0.01139	0.00823	0.01037	0.01125	0.01251	0.00804	0.00828	0.05575	0.01671	0.02205	0.06629	0.40423	0.09439	0.08993	0.01241	0.00346	0.00541	0.14573	0.00688	0.00669
10	0.05575	0.12061	0.39739	0.01893	0.02760	0.07358	0.02142	0.12036	0.04845	0.02721	0.01440	0.01606	0.01067	0.00758	0.00685	0.00226	0.01010	0.00560	0.00419	0.01098
11	0.10086	0.05126	0.11479	0.08459	0.05294	0.07809	0.01547	0.08125	0.04421	0.04191	0.02207	0.06689	0.02068	0.01155	0.00775	0.00257	0.00843	0.15446	0.00532	0.03493
12	0.04164	0.00807	0.01021	0.00976	0.01157	0.00765	0.00737	0.01454	0.02035	0.02928	0.58279	0.05627	0.06510	0.05269	0.01041	0.00271	0.00407	0.05054	0.00793	0.00706
13	0.20194	0.04974	0.01654	0.05295	0.01902	0.06204	0.01088	0.15817	0.02085	0.07108	0.12410	0.02735	0.06934	0.01273	0.04730	0.00284	0.00764	0.00771	0.00610	0.03168
14	0.01346	0.01091	0.01304	0.01082	0.01506	0.00876	0.00811	0.01594	0.01496	0.02218	0.02265	0.20121	0.02392	0.09198	0.01048	0.00239	0.00555	0.03024	0.00523	0.47310
15	0.02076	0.69581	0.03865	0.01337	0.01971	0.07046	0.01308	0.02317	0.01578	0.01789	0.01062	0.01226	0.00974	0.00657	0.00499	0.00164	0.00845	0.00411	0.00328	0.00968
16	0.10967	0.04944	0.01861	0.06174	0.01958	0.01809	0.01255	0.11466	0.01687	0.02688	0.01486	0.01891	0.01234	0.01131	0.03532	0.00277	0.24202	0.00623	0.14809	0.06005
17	0.01149	0.01000	0.01009	0.00971	0.01235	0.03576	0.00731	0.01648	0.11111	0.02390	0.18424	0.08295	0.42299	0.01693	0.00872	0.00252	0.00450	0.01426	0.00727	0.00743
18	0.02080	0.01726	0.01824	0.01583	0.02046	0.01977	0.01247	0.16092	0.54864	0.03485	0.02841	0.02634	0.02116	0.01006	0.00769	0.00252	0.00646	0.00824	0.00769	0.01218
19	0.01055	0.00720	0.00867	0.00931	0.00955	0.00706	0.00579	0.01116	0.01248	0.01661	0.03038	0.26177	0.03550	0.47255	0.02803	0.00581	0.00642	0.05045	0.00549	0.00522
20	0.02116	0.02347	0.01615	0.01505	0.01825	0.37438	0.01138	0.04567	0.05371	0.02199	0.02763	0.07678	0.11686	0.01149	0.00739	0.00221	0.00942	0.03633	0.10244	0.00826
21	0.57016	0.01639	0.01340	0.01166	0.01637	0.06327	0.00946	0.07637	0.04532	0.07198	0.03586	0.01587	0.01210	0.00783	0.00552	0.00233	0.00656	0.00511	0.00541	0.00904
22	0.00924	0.00660	0.00880	0.01056	0.01100	0.00616	0.00704	0.01056	0.01452	0.01936	0.04181	0.72848	0.05017	0.02376	0.00968	0.00308	0.00440	0.02156	0.00704	0.00616
23	0.00954	0.00716	0.00827	0.00900	0.01012	0.00651	0.00603	0.01078	0.01476	0.01875	0.05069	0.33824	0.27715	0.17888	0.01581	0.00383	0.00485	0.01720	0.00650	0.00590
24	0.07099	0.01445	0.02248	0.50894	0.07722	0.01740	0.03762	0.06313	0.01645	0.02301	0.01390	0.01956	0.01061	0.00786	0.00810	0.00249	0.04088	0.00663	0.02937	0.00890
25	0.04941	0.01038	0.01301	0.01201	0.01489	0.00995	0.00905	0.08753	0.01941	0.21641	0.09581	0.35981	0.03763	0.01665	0.00860	0.00269	0.00538	0.01458	0.00780	0.00898
26	0.01798	0.01167	0.01113	0.00993	0.01270	0.05078	0.00772	0.15069	0.02029	0.03173	0.02265	0.02536	0.01754	0.00883	0.00586	0.00188	0.00511	0.00689	0.57286	0.00837
27	0.01576	0.01135	0.01301	0.01158	0.01474	0.01147	0.00896	0.11533	0.12445	0.07353	0.26895	0.09254	0.17845	0.01466	0.00852	0.00248	0.00497	0.01249	0.00784	0.00893
28	0.01676	0.18254	0.28142	0.02321	0.10159	0.01956	0.14234	0.02268	0.01696	0.02348	0.08386	0.02062	0.01680	0.00772	0.00725	0.00224	0.00979	0.00689	0.00394	0.01036
29	0.01569	0.01072	0.01255	0.01164	0.01395	0.01083	0.00852	0.16479	0.02029	0.06511	0.10683	0.28819	0.08501	0.13365	0.01364	0.00343	0.00579	0.01432	0.00705	0.00800
30	0.07375	0.06532	0.02271	0.05007	0.14719	0.28995	0.01549	0.02692	0.09759	0.02242	0.01692	0.01915	0.03892	0.00873	0.00855	0.00226	0.07373	0.00627	0.00441	0.00965
31	0.11353	0.42495	0.06961	0.01471	0.02057	0.13094	0.01378	0.06681	0.01730	0.02229	0.01140	0.01323	0.00977	0.00725	0.00628	0.00192	0.03762	0.00457	0.00381	0.00965

[dist]
# distance from previous block
# <min> <max>
0	1

[block]
# block no. 3 follows, 26 sequences, length 79
# corresponding to MSA columns:
# 237-315
name=unknown_D
#
# <colnr> <probs for GDERKNQSTAVLIFYWHMCP>
#	G	D	E	R	K	N	Q	S	T	A	V	L	I	F	Y	W	H	M	C	P
0	0.01014	0.00768	0.00929	0.00915	0.01103	0.00692	0.00682	0.01291	0.01916	0.02567	0.39880	0.10814	0.26172	0.04223	0.01008	0.00270	0.00398	0.03917	0.00766	0.00676
1	0.07454	0.08042	0.32904	0.01718	0.04882	0.01512	0.01812	0.02125	0.01590	0.06855	0.09728	0.02234	0.01848	0.01125	0.01055	0.12225	0.00849	0.00671	0.00441	0.00929
2	0.01496	0.00912	0.01102	0.01050	0.01308	0.00836	0.00800	0.04721	0.01826	0.13980	0.09494	0.18592	0.25828	0.07191	0.01119	0.00305	0.00517	0.07405	0.00738	0.00778
3	0.66198	0.01381	0.01128	0.01002	0.01448	0.01563	0.00819	0.02244	0.01408	0.07125	0.05427	0.01656	0.01326	0.00778	0.00515	0.00232	0.00566	0.00504	0.03843	0.00837
4	0.01436	0.01337	0.02026	0.40594	0.13817	0.03629	0.01723	0.01839	0.01607	0.02077	0.07132	0.03047	0.08837	0.06602	0.01022	0.00284	0.00868	0.00853	0.00431	0.00838
5	0.04432	0.02219	0.14446	0.04922	0.03631	0.01802	0.46779	0.02340	0.01731	0.02433	0.01665	0.02420	0.01339	0.00764	0.00859	0.00259	0.01178	0.05381	0.00398	0.01002
6	0.00934	0.00664	0.00877	0.01043	0.01084	0.00623	0.00690	0.01059	0.01432	0.01909	0.04077	0.68937	0.04887	0.06465	0.01135	0.00333	0.00457	0.02096	0.00690	0.00607
7	0.01659	0.01659	0.02323	0.01991	0.01991	0.02323	0.01659	0.01825	0.01162	0.01825	0.00996	0.01659	0.00996	0.01328	0.02489	0.00332	0.71955	0.00664	0.00332	0.00830
8	0.06957	0.01066	0.01075	0.00952	0.01242	0.01131	0.00748	0.15758	0.01999	0.03291	0.02237	0.02501	0.01726	0.00877	0.00576	0.00192	0.00474	0.00682	0.55676	0.00841
9	0.01425	0.00835	0.01070	0.05047	0.01331	0.00814	0.00726	0.01538	0.01393	0.12078	0.02942	0.24101	0.03176	0.37417	0.02365	0.00506	0.00652	0.01331	0.00597	0.00655
10	0.01509	0.00950	0.01114	0.01022	0.01331	0.00871	0.00794	0.01943	0.08170	0.14929	0.17546	0.08129	0.33121	0.01605	0.00868	0.00254	0.00463	0.03769	0.00779	0.00832
11	0.01067	0.00773	0.01016	0.01028	0.01190	0.00722	0.00785	0.01384	0.01969	0.02725	0.46791	0.15919	0.08897	0.01768	0.00928	0.00266	0.00422	0.10865	0.00790	0.00696
12	0.01847	0.01772	0.03024	0.09175	0.64327	0.01794	0.02313	0.02302	0.01713	0.02442	0.01421	0.01887	0.01189	0.00681	0.00751	0.00227	0.00909	0.00676	0.00373	0.01177
13	0.01489	0.01157	0.01750	0.01491	0.01801	0.01125	0.12244	0.10368	0.01976	0.05373	0.15303	0.29508	0.07003	0.01579	0.00884	0.00264	0.00628	0.01448	0.03779	0.00830
14	0.69013	0.01449	0.01237	0.06525	0.01783	0.01672	0.00936	0.02278	0.01351	0.06475	0.01173	0.01359	0.00887	0.00720	0.00506	0.00236	0.00623	0.00448	0.00482	0.00846
15	0.01019	0.00718	0.00907	0.00980	0.01028	0.00716	0.00639	0.01122	0.01286	0.01727	0.03257	0.32581	0.05884	0.31253	0.12830	0.00618	0.00802	0.01508	0.00560	0.00564
16	0.12348	0.34168	0.11959	0.01414	0.01998	0.06755	0.03702	0.02199	0.01564	0.02234	0.01499	0.06900	0.01359	0.00829	0.00586	0.00201	0.00805	0.00614	0.07950	0.00915
17	0.01643	0.01447	0.04687	0.01797	0.05817	0.01385	0.11111	0.17507	0.02011	0.02720	0.02679	0.28854	0.02798	0.07679	0.03915	0.00345	0.00810	0.01305	0.00601	0.00889
18	0.02434	0.34094	0.02996	0.01612	0.02154	0.19607	0.01395	0.19069	0.02202	0.02585	0.01281	0.01433	0.01058	0.00783	0.00704	0.00196	0.04405	0.00511	0.00455	0.01025
19	0.01544	0.00833	0.00846	0.00799	0.01014	0.00853	0.00611	0.07471	0.01766	0.03001	0.02416	0.02739	0.01886	0.00886	0.00550	0.00181	0.00396	0.00705	0.70743	0.00759
20	0.01121	0.00787	0.00913	0.00901	0.00912	0.00819	0.00542	0.01142	0.01142	0.01529	0.02569	0.07352	0.05142	0.63969	0.03567	0.00679	0.04815	0.01135	0.00470	0.00493
21	0.01055	0.00768	0.01002	0.00987	0.01151	0.00702	0.00720	0.01354	0.01947	0.02737	0.49245	0.22664	0.06374	0.01723	0.00900	0.00251	0.00387	0.01536	0.00786	0.03710
22	0.44501	0.01906	0.01567	0.01325	0.01814	0.10700	0.01072	0.20633	0.02065	0.03579	0.01340	0.01474	0.01015	0.00780	0.00582	0.00226	0.00751	0.00509	0.03202	0.00959
23	0.05338	0.01861	0.02016	0.01597	0.02149	0.02037	0.01304	0.43043	0.14419	0.12083	0.02182	0.02107	0.01549	0.00927	0.00743	0.00232	0.00744	0.00715	0.03720	0.01236
24	0.05882	0.01519	0.01735	0.01411	0.01911	0.03829	0.01137	0.13712	0.14579	0.33216	0.10405	0.02770	0.02413	0.01008	0.00764	0.00237	0.00657	0.00815	0.00827	0.01172
25	0.00921	0.00672	0.00868	0.01025	0.01092	0.00619	0.00690	0.01060	0.01482	0.01949	0.04564	0.65679	0.11938	0.02327	0.00960	0.00302	0.00434	0.02096	0.00704	0.00619
26	0.01061	0.00775	0.00996	0.00941	0.01125	0.00710	0.00706	0.01407	0.02117	0.02970	0.63864	0.05783	0.11548	0.01577	0.00895	0.00240	0.00360	0.01388	0.00826	0.00710
27	0.07953	0.54964	0.03474	0.01530	0.05168	0.06666	0.01349	0.02279	0.01536	0.01950	0.01075	0.01294	0.00975	0.00716	0.00668	0.00186	0.06472	0.00444	0.00343	0.00956
28	0.01064	0.00748	0.00930	0.01018	0.01079	0.00728	0.00668	0.03886	0.01469	0.01966	0.05792	0.48389	0.04295	0.22222	0.01769	0.00422	0.00537	0.01770	0.00642	0.00605
29	0.01084	0.00813	0.01219	0.01219	0.01354	0.00948	0.00948	0.01354	0.01219	0.01761	0.02032	0.02980	0.01896	0.05689	0.70337	0.01219	0.02032	0.00813	0.00406	0.00677
30	0.46724	0.01392	0.01389	0.01147	0.01666	0.01452	0.00946	0.02853	0.01665	0.31319	0.01878	0.01805	0.01270	0.00804	0.00594	0.00235	0.00612	0.00560	0.00669	0.01021
31	0.01863	0.01879	0.05680	0.04405	0.62754	0.01805	0.02292	0.02413	0.04898	0.02509	0.01505	0.01912	0.01246	0.00695	0.00751	0.00227	0.00895	0.00680	0.00392	0.01198
32	0.01237	0.00726	0.00783	0.00783	0.00874	0.00726	0.00509	0.01409	0.01344	0.02107	0.02572	0.04012	0.04274	0.36661	0.04195	0.00484	0.00591	0.00931	0.35202	0.00583
33	0.78701	0.01467	0.01115	0.00997	0.01467	0.01702	0.00821	0.02230	0.01291	0.03403	0.01056	0.01232	0.00821	0.00704	0.00469	0.00235	0.00587	0.00411	0.00469	0.00821
34	0.01022	0.00758	0.01005	0.01107	0.01157	0.00776	0.00770	0.01162	0.01420	0.01922	0.06238	0.51499	0.04402	0.11370	0.03894	0.00395	0.05490	0.04353	0.00642	0.00621
35	0.01124	0.00795	0.01001	0.00944	0.01151	0.00726	0.00713	0.01441	0.02019	0.05207	0.50392	0.05755	0.19096	0.01801	0.04212	0.00289	0.00454	0.01369	0.00792	0.00720
36	0.18818	0.05519	0.25688	0.01958	0.09812	0.01800	0.01800	0.08454	0.08616	0.02956	0.06299	0.01974	0.01574	0.00818	0.00680	0.00234	0.00828	0.00634	0.00485	0.01053
37	0.01829	0.25251	0.41568	0.01874	0.02765	0.10127	0.02187	0.02435	0.01647	0.02150	0.01245	0.01457	0.00967	0.00706	0.00645	0.00211	0.01055	0.00505	0.00330	0.01048
38	0.03351	0.01374	0.01812	0.01389	0.01978	0.01239	0.01148	0.09943	0.02311	0.62693	0.02875	0.02506	0.01819	0.00936	0.00762	0.00234	0.00664	0.00755	0.00921	0.01291
39	0.01490	0.01444	0.02552	0.61218	0.07680	0.01716	0.09173	0.02008	0.01556	0.02015	0.01372	0.02019	0.01034	0.00742	0.00773	0.00252	0.01036	0.00699	0.00344	0.00877
40	0.01484	0.01180	0.01665	0.19659	0.05152	0.03573	0.05632	0.04530	0.01636	0.02315	0.02250	0.10387	0.02098	0.06044	0.01048	0.03398	0.00740	0.05786	0.20650	0.00773
41	0.01714	0.00918	0.01213	0.01058	0.01352	0.00824	0.00822	0.02049	0.02139	0.21362	0.48004	0.04866	0.07808	0.01394	0.00858	0.00238	0.00439	0.01211	0.00859	0.00873
42	0.01075	0.00724	0.00835	0.00863	0.00869	0.00717	0.00497	0.01096	0.01157	0.01543	0.02666	0.15442	0.03106	0.62389	0.03414	0.00669	0.00690	0.01266	0.00497	0.00484
43	0.04132	0.44220	0.14954	0.01526	0.02169	0.05837	0.01562	0.05328	0.01643	0.02129	0.01201	0.01417	0.01021	0.00744	0.00708	0.00197	0.06429	0.00482	0.03317	0.00984
44	0.17440	0.08476	0.11411	0.01510	0.04231	0.01507	0.06119	0.02334	0.04065	0.11893	0.09537	0.02531	0.02068	0.05890	0.00891	0.00261	0.00718	0.00729	0.07451	0.00938
45	0.01341	0.00872	0.01126	0.01045	0.01277	0.00819	0.00808	0.01773	0.05224	0.09313	0.52807	0.05475	0.07936	0.01514	0.00886	0.00247	0.00421	0.05495	0.00829	0.00791
46	0.01175	0.00898	0.01188	0.01334	0.05807	0.00837	0.00878	0.04088	0.01613	0.02215	0.07174	0.47721	0.04153	0.04783	0.01012	0.00291	0.00519	0.03959	0.00652	0.09702
47	0.04498	0.11032	0.01814	0.01265	0.01613	0.01318	0.05961	0.04783	0.01693	0.12667	0.06752	0.07550	0.02302	0.08238	0.11356	0.00413	0.00853	0.00872	0.14163	0.00855
48	0.01530	0.01448	0.02451	0.56855	0.19126	0.01711	0.02155	0.02023	0.01563	0.02056	0.01365	0.01990	0.01053	0.00740	0.00757	0.00247	0.00987	0.00674	0.00345	0.00921
49	0.02028	0.73799	0.03975	0.01298	0.01947	0.03001	0.01298	0.02271	0.01541	0.01785	0.01055	0.01217	0.00973	0.00649	0.00487	0.00162	0.00811	0.00406	0.00324	0.00973
50	0.00966	0.00723	0.01036	0.01141	0.01221	0.00675	0.03426	0.01129	0.01494	0.02002	0.06658	0.67175	0.04942	0.02270	0.00962	0.00303	0.00472	0.02072	0.00696	0.00637
51	0.01074	0.00775	0.01014	0.00954	0.01133	0.00716	0.00716	0.01431	0.02147	0.03042	0.68211	0.05666	0.07157	0.01551	0.00895	0.00239	0.00358	0.01372	0.00835	0.00716
52	0.01091	0.00784	0.01014	0.01142	0.01240	0.00763	0.00814	0.05511	0.01629	0.02167	0.04002	0.60556	0.04689	0.02245	0.00963	0.00307	0.00497	0.09206	0.00707	0.00671
53	0.01318	0.00659	0.00988	0.00988	0.00988	0.00659	0.00659	0.00988	0.00988	0.01318	0.01318	0.02306	0.01318	0.02635	0.02964	0.77931	0.00659	0.00659	0.00329	0.00329
54	0.02833	0.03615	0.02149	0.01954	0.02345	0.70298	0.01466	0.03029	0.02149	0.01856	0.01172	0.01368	0.00977	0.00782	0.00684	0.00195	0.01368	0.00489	0.00391	0.00879
55	0.01482	0.00866	0.01145	0.01024	0.01274	0.00786	0.00786	0.01829	0.02151	0.14641	0.56766	0.05125	0.06230	0.01443	0.00871	0.00238	0.00408	0.01265	0.00853	0.00817
56	0.01170	0.00836	0.01162	0.01337	0.01489	0.00828	0.01131	0.01481	0.01695	0.02211	0.04045	0.19839	0.04480	0.02145	0.01034	0.00342	0.00653	0.52740	0.00699	0.00684
57	0.01078	0.00805	0.00987	0.00955	0.01148	0.00743	0.00709	0.03546	0.02014	0.02742	0.44397	0.14821	0.19800	0.01718	0.00900	0.00251	0.00391	0.01501	0.00787	0.00706
58	0.02743	0.02086	0.02190	0.01714	0.02275	0.05083	0.01405	0.58481	0.03327	0.04426	0.01810	0.01891	0.01323	0.01272	0.06095	0.00302	0.00949	0.00685	0.00716	0.01226
59	0.05436	0.01037	0.01067	0.00949	0.01228	0.01090	0.00742	0.14849	0.02016	0.03267	0.06716	0.02738	0.02109	0.00926	0.00598	0.00194	0.00463	0.00733	0.53011	0.00832
60	0.01084	0.00813	0.01219	0.01219	0.01354	0.00948	0.00948	0.01354	0.01219	0.01761	0.02032	0.02980	0.01896	0.05689	0.70337	0.01219	0.02032	0.00813	0.00406	0.00677
61	0.02308	0.01094	0.01439	0.01194	0.01596	0.00997	0.00951	0.02754	0.06559	0.36511	0.30793	0.03913	0.04157	0.01206	0.00820	0.00238	0.00520	0.01029	0.00883	0.01040
62	0.01248	0.00897	0.01096	0.01140	0.01272	0.00898	0.00798	0.11136	0.01773	0.02375	0.05877	0.53679	0.04319	0.08239	0.01183	0.00330	0.00524	0.01810	0.00696	0.00710
63	0.02833	0.03615	0.02149	0.01954	0.02345	0.70298	0.01466	0.03029	0.02149	0.01856	0.01172	0.01368	0.00977	0.00782	0.00684	0.00195	0.01368	0.00489	0.00391	0.00879
64	0.40772	0.01489	0.01444	0.06657	0.01901	0.01678	0.01037	0.16868	0.01928	0.05865	0.03808	0.01818	0.01332	0.00815	0.00591	0.00228	0.00644	0.00574	0.09619	0.00930
65	0.01249	0.00901	0.01135	0.01205	0.01354	0.00901	0.00896	0.09991	0.01821	0.02429	0.06593	0.49026	0.04489	0.02092	0.00951	0.00301	0.00535	0.12689	0.00716	0.00726
66	0.21751	0.01293	0.01487	0.05246	0.01848	0.01314	0.03749	0.05252	0.06752	0.10033	0.12625	0.03168	0.11546	0.01046	0.00708	0.00227	0.00594	0.00848	0.00631	0.09883
67	0.08145	0.17541	0.32224	0.05706	0.15072	0.02022	0.04626	0.02326	0.01590	0.02351	0.01291	0.01580	0.01006	0.00695	0.00666	0.00222	0.00973	0.00556	0.00347	0.01063
68	0.06161	0.06965	0.56502	0.05056	0.06008	0.01817	0.02562	0.02363	0.01582	0.02416	0.01330	0.01590	0.00966	0.00716	0.00697	0.00236	0.01060	0.00554	0.00332	0.01088
69	0.07741	0.01301	0.01723	0.01329	0.01909	0.01149	0.01098	0.03612	0.02120	0.65350	0.02881	0.02504	0.01817	0.00925	0.00746	0.00235	0.00642	0.00742	0.00912	0.01264
70	0.01066	0.00729	0.00829	0.00849	0.00874	0.00714	0.00497	0.01097	0.01192	0.01570	0.03012	0.12945	0.08167	0.59580	0.03296	0.00649	0.00674	0.01263	0.00507	0.00492
71	0.30466	0.01583	0.09824	0.16138	0.02450	0.01479	0.01359	0.02091	0.03831	0.04634	0.01570	0.02224	0.01304	0.01068	0.00922	0.09558	0.00753	0.04817	0.03107	0.00820
72	0.04743	0.00774	0.00986	0.01028	0.01171	0.00738	0.00756	0.01342	0.01819	0.02592	0.36404	0.30419	0.05848	0.01857	0.00913	0.00273	0.00426	0.06470	0.00759	0.00683
73	0.01072	0.00722	0.00837	0.00867	0.00875	0.00714	0.00503	0.01095	0.01164	0.01552	0.02704	0.16877	0.03154	0.60889	0.03353	0.00660	0.00684	0.01288	0.00503	0.00487
74	0.02243	0.07893	0.02499	0.15764	0.17421	0.28740	0.01748	0.06683	0.05730	0.02265	0.01405	0.01707	0.01130	0.00766	0.00708	0.00216	0.01077	0.00593	0.00418	0.00995
75	0.01250	0.00903	0.01127	0.01181	0.01330	0.00902	0.00861	0.10652	0.01843	0.02469	0.08760	0.51275	0.04576	0.02072	0.00939	0.00295	0.00516	0.07598	0.00722	0.00730
76	0.01222	0.00873	0.01222	0.01397	0.01572	0.00873	0.01222	0.01572	0.01746	0.02270	0.04016	0.08556	0.04365	0.02095	0.01048	0.00349	0.00698	0.63506	0.00698	0.00698
77	0.12688	0.01668	0.05324	0.37589	0.09066	0.01767	0.14735	0.04169	0.01624	0.02397	0.01365	0.01879	0.01033	0.00724	0.00742	0.00247	0.00994	0.00676	0.00381	0.00928
78	0.09534	0.01263	0.01471	0.01494	0.06588	0.01333	0.01026	0.20032	0.02048	0.02929	0.04590	0.30534	0.03044	0.09204	0.01147	0.00315	0.00633	0.01306	0.00649	0.00862

[dist]
# distance from previous block
# <min> <max>
0	4

[block]
# block no. 4 follows, 26 sequences, length 17
# corresponding to MSA columns:
# 320-333,336-338
name=unknown_E
#
# <colnr> <probs for GDERKNQSTAVLIFYWHMCP>
#	G	D	E	R	K	N	Q	S	T	A	V	L	I	F	Y	W	H	M	C	P
0	0.05328	0.00911	0.01094	0.01022	0.01224	0.00884	0.00745	0.04755	0.01817	0.09184	0.27364	0.11423	0.07408	0.19262	0.01599	0.00372	0.00537	0.03636	0.00707	0.00730
1	0.01914	0.02304	0.10148	0.08143	0.26026	0.16660	0.05035	0.02501	0.07776	0.02312	0.02117	0.02363	0.07669	0.00861	0.00756	0.00230	0.00978	0.00738	0.00438	0.01032
2	0.78701	0.01467	0.01115	0.00997	0.01467	0.01702	0.00821	0.02230	0.01291	0.03403	0.01056	0.01232	0.00821	0.00704	0.00469	0.00235	0.00587	0.00411	0.00469	0.00821
3	0.02028	0.73799	0.03975	0.01298	0.01947	0.03001	0.01298	0.02271	0.01541	0.01785	0.01055	0.01217	0.00973	0.00649	0.00487	0.00162	0.00811	0.00406	0.00324	0.00973
4	0.17590	0.16749	0.31298	0.01669	0.02405	0.05225	0.01851	0.02270	0.01504	0.02389	0.01258	0.01537	0.01002	0.01079	0.05513	0.00294	0.04514	0.00518	0.00362	0.00974
5	0.01101	0.00744	0.00870	0.00870	0.00885	0.00759	0.00513	0.01131	0.01116	0.01503	0.02350	0.04745	0.02663	0.65892	0.11182	0.00789	0.00878	0.01071	0.00454	0.00484
6	0.01887	0.01629	0.01715	0.01544	0.01972	0.01887	0.01201	0.04031	0.67241	0.03173	0.03087	0.02830	0.02315	0.01029	0.00772	0.00257	0.00600	0.00858	0.00772	0.01201
7	0.01080	0.00736	0.00850	0.00861	0.00884	0.00735	0.00508	0.01113	0.01163	0.01545	0.02743	0.09386	0.06037	0.61481	0.07239	0.00711	0.00771	0.01180	0.00484	0.00491
8	0.02584	0.01775	0.01933	0.01546	0.02068	0.01937	0.01256	0.39582	0.15767	0.11633	0.02278	0.02219	0.01632	0.00934	0.00737	0.00229	0.00714	0.00729	0.09240	0.01208
9	0.02760	0.02040	0.02182	0.01684	0.02270	0.02246	0.01388	0.62036	0.03452	0.04610	0.02186	0.02162	0.05462	0.00973	0.00767	0.00229	0.00807	0.00740	0.00755	0.01249
10	0.00975	0.00697	0.00936	0.01100	0.01170	0.00658	0.00779	0.01149	0.01530	0.02040	0.07409	0.60187	0.05032	0.02294	0.00976	0.00310	0.00473	0.10942	0.00710	0.00633
11	0.00948	0.00690	0.00896	0.01033	0.01116	0.00639	0.00715	0.01116	0.01557	0.02065	0.10545	0.57494	0.11274	0.02243	0.00958	0.00298	0.00438	0.04626	0.00716	0.00631
12	0.02791	0.02832	0.02269	0.02045	0.06841	0.35563	0.01513	0.30905	0.02748	0.03193	0.01477	0.01603	0.01131	0.00832	0.00722	0.00212	0.01100	0.00587	0.00553	0.01083
13	0.02417	0.01580	0.01790	0.01440	0.01904	0.01666	0.01162	0.37309	0.02850	0.13536	0.13945	0.07752	0.02717	0.01131	0.00786	0.00234	0.00668	0.00923	0.05081	0.01108
14	0.01519	0.00808	0.00819	0.00781	0.00989	0.00825	0.00595	0.06371	0.01732	0.02968	0.02428	0.02756	0.01897	0.00886	0.00547	0.00180	0.00388	0.00705	0.72057	0.00749
15	0.17242	0.12442	0.02084	0.10371	0.04478	0.04878	0.01266	0.09918	0.01927	0.20530	0.01811	0.01894	0.01300	0.00804	0.00644	0.00219	0.00749	0.00601	0.05809	0.01034
16	0.01823	0.06539	0.01664	0.01285	0.01688	0.01539	0.01032	0.18895	0.15131	0.05887	0.10087	0.07040	0.19138	0.01459	0.03112	0.00274	0.00641	0.01070	0.00717	0.00979

[dist]
# distance from previous block
# <min> <max>
0	4

[block]
# block no. 5 follows, 26 sequences, length 79
# corresponding to MSA columns:
# 343-421
name=unknown_F
#
# <colnr> <probs for GDERKNQSTAVLIFYWHMCP>
#	G	D	E	R	K	N	Q	S	T	A	V	L	I	F	Y	W	H	M	C	P
0	0.07170	0.20464	0.31279	0.04878	0.10167	0.04287	0.04215	0.02315	0.01621	0.02318	0.03830	0.01691	0.01227	0.00729	0.00661	0.00218	0.00962	0.00569	0.00363	0.01035
1	0.01274	0.01061	0.01649	0.01460	0.01699	0.01020	0.12354	0.05056	0.03628	0.02176	0.03149	0.40763	0.03523	0.12423	0.01349	0.00347	0.00666	0.01575	0.00604	0.04223
2	0.74386	0.01426	0.01099	0.00988	0.01431	0.01648	0.00801	0.02167	0.01280	0.03296	0.01130	0.01440	0.00929	0.04743	0.00658	0.00263	0.00595	0.00449	0.00469	0.00801
3	0.01704	0.01598	0.02670	0.30521	0.31879	0.01742	0.05645	0.04572	0.04225	0.02365	0.01603	0.02294	0.01319	0.00796	0.00777	0.00245	0.00942	0.03668	0.00405	0.01030
4	0.01744	0.01957	0.04215	0.03133	0.06389	0.01839	0.59600	0.02347	0.01768	0.02403	0.01681	0.06074	0.01373	0.00740	0.00894	0.00258	0.01216	0.00958	0.00402	0.01007
5	0.00928	0.00750	0.00825	0.00847	0.01054	0.00647	0.00620	0.01134	0.01742	0.02176	0.16013	0.18685	0.48036	0.01947	0.00909	0.00263	0.00390	0.01665	0.00724	0.00647
6	0.01685	0.01736	0.02747	0.02229	0.02380	0.02244	0.14295	0.01944	0.01285	0.01944	0.01102	0.01736	0.01026	0.01192	0.02175	0.00317	0.58044	0.00709	0.00342	0.00868
7	0.59438	0.01486	0.01319	0.01118	0.01619	0.01647	0.00921	0.07403	0.01623	0.15234	0.01460	0.01518	0.01046	0.00762	0.00544	0.00234	0.00616	0.00494	0.00575	0.00941
8	0.01114	0.00867	0.01081	0.01135	0.01254	0.00890	0.00815	0.04330	0.04202	0.02165	0.06462	0.48982	0.13996	0.02075	0.01057	0.00294	0.06093	0.01807	0.00684	0.00695
9	0.01117	0.00785	0.00949	0.00924	0.01134	0.00697	0.00686	0.01381	0.01904	0.06141	0.34337	0.15402	0.28222	0.01763	0.00898	0.00254	0.00394	0.01529	0.00776	0.00707
10	0.00993	0.00748	0.00836	0.00863	0.01022	0.00675	0.00608	0.01167	0.01599	0.02055	0.11856	0.16072	0.34566	0.16377	0.01498	0.00359	0.00472	0.03892	0.03729	0.00613
11	0.01755	0.01678	0.02858	0.22984	0.51236	0.01770	0.02267	0.02221	0.01669	0.02330	0.01405	0.01917	0.01149	0.00698	0.00753	0.00233	0.00931	0.00675	0.00365	0.01103
12	0.01327	0.01297	0.05162	0.01855	0.04561	0.01135	0.19885	0.01691	0.01657	0.04007	0.09560	0.30215	0.06964	0.01779	0.04925	0.00328	0.00819	0.01439	0.00583	0.00812
13	0.11195	0.01627	0.01704	0.01378	0.01846	0.01773	0.01118	0.38542	0.02702	0.06966	0.02043	0.05373	0.01585	0.00952	0.00685	0.00221	0.00672	0.00730	0.17812	0.01075
14	0.01071	0.00728	0.00865	0.00896	0.00913	0.00730	0.00538	0.01113	0.01172	0.01572	0.02673	0.16534	0.03084	0.56121	0.08249	0.00697	0.00780	0.01263	0.00498	0.00503
15	0.02099	0.48441	0.03614	0.01679	0.02278	0.14760	0.10587	0.02387	0.01682	0.01895	0.01253	0.03843	0.01140	0.00731	0.00597	0.00187	0.00965	0.00551	0.00358	0.00951
16	0.05865	0.01065	0.01331	0.01466	0.07169	0.01101	0.00972	0.11495	0.01753	0.02457	0.03021	0.34768	0.03348	0.12306	0.04593	0.00391	0.00683	0.04825	0.00621	0.00769
17	0.02028	0.73799	0.03975	0.01298	0.01947	0.03001	0.01298	0.02271	0.01541	0.01785	0.01055	0.01217	0.00973	0.00649	0.00487	0.00162	0.00811	0.00406	0.00324	0.00973
18	0.01033	0.00777	0.00962	0.00954	0.01145	0.00706	0.00727	0.01334	0.01961	0.02647	0.42673	0.10106	0.22737	0.01746	0.00914	0.00258	0.00402	0.07449	0.00780	0.00689
19	0.01252	0.01062	0.01597	0.01347	0.01690	0.00926	0.09868	0.01566	0.01709	0.02427	0.19472	0.27243	0.04014	0.01451	0.00834	0.00232	0.00568	0.01336	0.00627	0.20781
20	0.01055	0.00768	0.00992	0.00950	0.01125	0.00706	0.00707	0.01390	0.02083	0.02921	0.61057	0.09646	0.10518	0.01620	0.00899	0.00244	0.00364	0.01430	0.00820	0.00706
21	0.03089	0.01740	0.11362	0.01501	0.02165	0.01321	0.01383	0.09290	0.02220	0.53754	0.02654	0.02373	0.01694	0.00905	0.00756	0.00235	0.00730	0.00727	0.00835	0.01267
22	0.02634	0.02001	0.02136	0.01695	0.02257	0.02236	0.01381	0.50576	0.19478	0.04379	0.02137	0.02073	0.01546	0.00940	0.00762	0.00235	0.00776	0.00727	0.00762	0.01268
23	0.09088	0.01365	0.01719	0.01347	0.01903	0.01276	0.01106	0.08232	0.05287	0.53575	0.05163	0.02544	0.01966	0.00945	0.00745	0.00235	0.00642	0.00756	0.00877	0.01229
24	0.00923	0.00664	0.00876	0.01045	0.01097	0.00617	0.00699	0.01057	0.01463	0.01941	0.04320	0.70237	0.07538	0.02358	0.00965	0.00306	0.00438	0.02134	0.00704	0.00617
25	0.01071	0.00819	0.00988	0.00946	0.01153	0.00761	0.00709	0.01482	0.05783	0.02760	0.46907	0.08521	0.21993	0.01645	0.00891	0.00247	0.00382	0.01429	0.00794	0.00721
26	0.02267	0.53009	0.03434	0.01492	0.02065	0.22936	0.01348	0.02496	0.01721	0.01806	0.01089	0.01262	0.00974	0.00688	0.00545	0.00172	0.00976	0.00430	0.00344	0.00946
27	0.01334	0.00968	0.01291	0.01403	0.01612	0.00988	0.01212	0.05248	0.04406	0.02478	0.06613	0.07835	0.04235	0.01965	0.01014	0.00334	0.00688	0.54914	0.00711	0.00752
28	0.01116	0.00860	0.01280	0.01262	0.01390	0.01025	0.00988	0.01381	0.01216	0.01764	0.01974	0.02906	0.01846	0.05446	0.66564	0.01170	0.05920	0.00804	0.00402	0.00686
29	0.03056	0.01247	0.01664	0.01300	0.01835	0.01098	0.01065	0.05473	0.02196	0.57787	0.09293	0.03054	0.05287	0.01039	0.00781	0.00236	0.00613	0.00854	0.00913	0.01208
30	0.01878	0.01795	0.03019	0.04518	0.65669	0.01806	0.02278	0.02403	0.04620	0.02509	0.01500	0.01919	0.01251	0.00691	0.00752	0.00227	0.00888	0.00684	0.00393	0.01201
31	0.05798	0.03098	0.02111	0.01848	0.02290	0.49135	0.01420	0.16552	0.06128	0.02619	0.01416	0.01543	0.01114	0.00820	0.00696	0.00207	0.01179	0.00548	0.00494	0.00983
32	0.18587	0.11598	0.28394	0.02004	0.08750	0.14128	0.01907	0.02454	0.01636	0.02454	0.01230	0.01459	0.00958	0.00715	0.00634	0.00220	0.00991	0.00507	0.00371	0.01003
33	0.02256	0.05869	0.02138	0.01815	0.02075	0.38856	0.01427	0.02459	0.01740	0.01892	0.01247	0.01638	0.01099	0.01278	0.05995	0.00303	0.21834	0.00570	0.04663	0.00846
34	0.00979	0.00772	0.00884	0.00930	0.01129	0.00687	0.00710	0.01199	0.01713	0.02144	0.12111	0.15529	0.41381	0.04619	0.01041	0.00294	0.00455	0.12069	0.00707	0.00647
35	0.09009	0.09441	0.09441	0.05989	0.02158	0.01774	0.01345	0.15675	0.11870	0.04892	0.02399	0.02521	0.07504	0.01357	0.06759	0.00315	0.00848	0.00739	0.04957	0.01006
36	0.02028	0.73799	0.03975	0.01298	0.01947	0.03001	0.01298	0.02271	0.01541	0.01785	0.01055	0.01217	0.00973	0.00649	0.00487	0.00162	0.00811	0.00406	0.00324	0.00973
37	0.03403	0.01291	0.01760	0.01350	0.01936	0.01115	0.01115	0.03697	0.02171	0.69137	0.02992	0.02582	0.01878	0.00939	0.00763	0.00235	0.00645	0.00763	0.00939	0.01291
38	0.01436	0.01306	0.02175	0.44010	0.03914	0.01571	0.06940	0.01833	0.01474	0.01995	0.01646	0.08313	0.01450	0.01050	0.01069	0.03778	0.08973	0.00823	0.05441	0.00804
39	0.01838	0.01998	0.09856	0.08515	0.51168	0.01842	0.02289	0.04808	0.01740	0.02488	0.01405	0.01843	0.01156	0.00733	0.00849	0.00235	0.05040	0.00663	0.00380	0.01152
40	0.02151	0.01041	0.01328	0.01137	0.01493	0.00965	0.00892	0.04506	0.04580	0.30013	0.21123	0.10181	0.03653	0.01241	0.00785	0.00235	0.00507	0.01058	0.12131	0.00977
41	0.01103	0.00735	0.00827	0.00827	0.00827	0.00735	0.00460	0.01103	0.01103	0.01471	0.02390	0.04964	0.02758	0.73343	0.03861	0.00735	0.00735	0.01103	0.00460	0.00460
42	0.01924	0.57246	0.15676	0.01560	0.02300	0.02718	0.05245	0.02304	0.01566	0.01931	0.01137	0.01333	0.00981	0.00661	0.00552	0.00181	0.00893	0.00461	0.00327	0.01003
43	0.20818	0.01797	0.10722	0.06946	0.02273	0.01585	0.01377	0.13994	0.02021	0.22429	0.01913	0.01972	0.01332	0.01014	0.03340	0.00271	0.00799	0.00630	0.03695	0.01073
44	0.01205	0.00865	0.01198	0.01357	0.01535	0.00858	0.01179	0.01548	0.01761	0.02291	0.06609	0.08399	0.06831	0.02068	0.01036	0.00342	0.00674	0.58844	0.00704	0.00697
45	0.02046	0.01418	0.01546	0.01305	0.01697	0.05229	0.01022	0.13590	0.12319	0.14937	0.23160	0.03612	0.05693	0.04574	0.00943	0.00255	0.00615	0.00969	0.00766	0.04304
46	0.01500	0.00890	0.01086	0.01004	0.01250	0.00816	0.00742	0.01806	0.04617	0.15151	0.21640	0.12963	0.19821	0.11733	0.01292	0.00321	0.00493	0.01340	0.00753	0.00781
47	0.01534	0.01452	0.02459	0.56223	0.19726	0.01712	0.02157	0.02027	0.01565	0.02062	0.01366	0.01989	0.01055	0.00739	0.00757	0.00246	0.00986	0.00674	0.00346	0.00925
48	0.02833	0.03615	0.02149	0.01954	0.02345	0.70298	0.01466	0.03029	0.02149	0.01856	0.01172	0.01368	0.00977	0.00782	0.00684	0.00195	0.01368	0.00489	0.00391	0.00879
