[name]
unknown

[dist]
# distance from previous block
# <min> <max>
10	33

[block]
# block no. 0 follows, 23 sequences, length 35
# corresponding to MSA columns:
# 39-73
name=unknown_A
#
# <colnr> <probs for GDERKNQSTAVLIFYWHMCP>
#	G	D	E	R	K	N	Q	S	T	A	V	L	I	F	Y	W	H	M	C	P
0	0.01495	0.01159	0.01475	0.09304	0.02045	0.01085	0.01049	0.01947	0.07345	0.05087	0.02852	0.27230	0.02956	0.05847	0.01035	0.00275	0.00630	0.01268	0.00619	0.25298
1	0.01885	0.06619	0.10848	0.10789	0.11241	0.02180	0.21205	0.05103	0.01766	0.02463	0.01434	0.01949	0.01154	0.00894	0.01251	0.00278	0.16713	0.00761	0.00397	0.01070
2	0.02644	0.01708	0.01844	0.01577	0.02070	0.06318	0.01242	0.06921	0.29832	0.26070	0.03145	0.08217	0.02383	0.01157	0.00832	0.00265	0.00717	0.00955	0.00854	0.01249
3	0.01168	0.00947	0.01072	0.01202	0.01312	0.04014	0.00828	0.01488	0.06692	0.02179	0.04411	0.59020	0.07952	0.02320	0.01000	0.00317	0.00529	0.02080	0.00743	0.00724
4	0.02757	0.07033	0.01931	0.01433	0.01934	0.01460	0.01161	0.09203	0.08511	0.35789	0.05253	0.14662	0.02694	0.01278	0.00836	0.00260	0.00671	0.01070	0.00867	0.01197
5	0.02824	0.02112	0.02732	0.02070	0.02719	0.02240	0.12339	0.45207	0.03254	0.09492	0.02116	0.05356	0.01595	0.01001	0.00848	0.00254	0.00940	0.00853	0.00754	0.01295
6	0.01915	0.00990	0.01246	0.01142	0.01469	0.00869	0.00873	0.02151	0.01947	0.24453	0.08310	0.20636	0.23023	0.03848	0.01027	0.00297	0.00542	0.03505	0.00839	0.00918
7	0.01393	0.01254	0.02052	0.52046	0.04461	0.01510	0.01870	0.01832	0.01605	0.02073	0.02217	0.19749	0.02177	0.01254	0.00869	0.00286	0.00925	0.01126	0.00461	0.00839
8	0.03085	0.02273	0.02435	0.01867	0.02516	0.02516	0.01542	0.63716	0.03815	0.05114	0.01948	0.01948	0.01380	0.00974	0.00812	0.00244	0.00893	0.00731	0.00812	0.01380
9	0.00989	0.00706	0.00942	0.01130	0.01177	0.00659	0.00753	0.01130	0.01554	0.02071	0.04472	0.70954	0.05367	0.02542	0.01036	0.00330	0.00471	0.02307	0.00753	0.00659
10	0.00989	0.00816	0.00869	0.00872	0.01119	0.00695	0.00648	0.01217	0.01897	0.02343	0.16615	0.11668	0.53392	0.02028	0.00964	0.00275	0.00411	0.01715	0.00774	0.00695
11	0.01434	0.01224	0.01225	0.01125	0.01465	0.03373	0.00866	0.07922	0.12843	0.02768	0.11560	0.06056	0.41653	0.01711	0.00914	0.00267	0.00531	0.01420	0.00772	0.00871
12	0.02983	0.03767	0.02278	0.02070	0.02490	0.65106	0.01554	0.03291	0.05251	0.02052	0.01351	0.01537	0.01113	0.00849	0.00736	0.00212	0.01425	0.00541	0.00437	0.00957
13	0.01969	0.01440	0.01701	0.01244	0.01930	0.01136	0.01000	0.04718	0.01861	0.11364	0.01999	0.02110	0.04197	0.00734	0.00654	0.00150	0.00616	0.00590	0.00576	0.60010
14	0.02670	0.14638	0.02614	0.01726	0.02261	0.06616	0.01441	0.36796	0.02855	0.05714	0.01770	0.02082	0.01417	0.06613	0.01179	0.00282	0.06801	0.00701	0.00645	0.01178
15	0.02018	0.01743	0.01835	0.01651	0.02110	0.02018	0.01284	0.04312	0.64956	0.03394	0.03303	0.03027	0.02477	0.01101	0.00826	0.00275	0.00642	0.00917	0.00826	0.01284
16	0.02519	0.01943	0.02131	0.01612	0.02279	0.01965	0.01316	0.38297	0.05769	0.04125	0.01822	0.01899	0.01363	0.00842	0.00735	0.00199	0.00774	0.00647	0.00690	0.29073
17	0.02223	0.42993	0.03269	0.01637	0.06181	0.10328	0.01352	0.02485	0.01812	0.07457	0.04076	0.02277	0.06037	0.03849	0.00786	0.00224	0.00878	0.00652	0.00467	0.01016
18	0.02594	0.02189	0.07456	0.06201	0.02628	0.02187	0.01591	0.44038	0.06113	0.04290	0.04427	0.02291	0.01689	0.04092	0.00953	0.00267	0.00880	0.00766	0.00719	0.04631
19	0.01831	0.01385	0.01550	0.01409	0.01784	0.01498	0.01085	0.03261	0.37678	0.08654	0.17005	0.08761	0.07891	0.01375	0.00876	0.00273	0.00564	0.01176	0.00846	0.01099
20	0.00996	0.00779	0.00903	0.00967	0.01143	0.00686	0.00689	0.01201	0.01797	0.02290	0.14641	0.31679	0.34966	0.02187	0.00988	0.00293	0.00430	0.01906	0.00772	0.00686
21	0.02924	0.02193	0.02345	0.01834	0.02455	0.02441	0.01503	0.54751	0.13042	0.04854	0.02153	0.02111	0.01545	0.00993	0.00814	0.00248	0.00855	0.00759	0.00814	0.01366
22	0.02947	0.02131	0.02307	0.01802	0.02410	0.02344	0.01475	0.55261	0.06563	0.07340	0.02193	0.05596	0.01663	0.01062	0.00824	0.00250	0.00851	0.00824	0.00817	0.01338
23	0.01028	0.00799	0.00935	0.00956	0.01152	0.00706	0.00696	0.01277	0.01931	0.02514	0.26371	0.21262	0.33401	0.02033	0.00975	0.00280	0.00415	0.01764	0.00799	0.00706
24	0.01467	0.00875	0.01082	0.01092	0.01230	0.00834	0.00735	0.01668	0.03998	0.11041	0.03728	0.32344	0.06638	0.27029	0.02106	0.00478	0.00619	0.01612	0.00697	0.00725
25	0.01883	0.17780	0.33463	0.02644	0.11675	0.04302	0.12235	0.02556	0.01769	0.02428	0.01420	0.01734	0.01098	0.00737	0.00751	0.00238	0.01134	0.00636	0.00365	0.01153
26	0.02153	0.01395	0.01605	0.01415	0.01807	0.01478	0.01082	0.03395	0.32852	0.17893	0.09360	0.06435	0.03061	0.10806	0.01296	0.00340	0.00641	0.01042	0.00825	0.01122
27	0.00989	0.00706	0.00942	0.01130	0.01177	0.00659	0.00753	0.01130	0.01554	0.02071	0.04472	0.70954	0.05367	0.02542	0.01036	0.00330	0.00471	0.02307	0.00753	0.00659
28	0.01875	0.01578	0.01675	0.01500	0.01925	0.01766	0.01167	0.07846	0.46768	0.03336	0.08927	0.03864	0.11726	0.01270	0.00854	0.00271	0.00607	0.01060	0.00820	0.01166
29	0.11943	0.01477	0.02038	0.36681	0.03771	0.01744	0.01707	0.05119	0.07450	0.07747	0.02158	0.04859	0.04657	0.01005	0.00875	0.00272	0.04183	0.00814	0.00526	0.00973
30	0.02445	0.01862	0.02112	0.01725	0.02141	0.02117	0.01383	0.40722	0.02901	0.03930	0.02205	0.11473	0.02000	0.07190	0.01401	0.00318	0.11256	0.00977	0.00708	0.01134
31	0.01034	0.00754	0.00990	0.01135	0.01226	0.00687	0.00767	0.01189	0.01562	0.02109	0.04275	0.66434	0.05095	0.02415	0.01007	0.00316	0.00479	0.02188	0.00735	0.05604
32	0.02177	0.02348	0.08204	0.03213	0.16431	0.05478	0.29449	0.13854	0.02247	0.03042	0.01633	0.02015	0.01244	0.00756	0.00859	0.00250	0.01158	0.00800	0.00481	0.04359
33	0.01455	0.01333	0.01520	0.13546	0.02227	0.08881	0.01213	0.01788	0.04303	0.02148	0.03067	0.36235	0.03352	0.01986	0.04272	0.00344	0.05692	0.01499	0.04352	0.00785
34	0.14481	0.07984	0.02055	0.01495	0.02083	0.07173	0.01218	0.14817	0.16019	0.03340	0.01858	0.01921	0.01438	0.00836	0.00679	0.00211	0.00763	0.00618	0.00609	0.20403

[dist]
# distance from previous block
# <min> <max>
0	11

[block]
# block no. 1 follows, 23 sequences, length 28
# corresponding to MSA columns:
# 85-112
name=unknown_B
#
# <colnr> <probs for GDERKNQSTAVLIFYWHMCP>
#	G	D	E	R	K	N	Q	S	T	A	V	L	I	F	Y	W	H	M	C	P
0	0.01887	0.01673	0.02418	0.04333	0.02285	0.02153	0.04730	0.02122	0.01423	0.07700	0.01505	0.05801	0.01406	0.01348	0.02157	0.00326	0.50730	0.00811	0.00443	0.04748
1	0.01679	0.01646	0.02291	0.07420	0.02308	0.02194	0.01667	0.01899	0.01351	0.02022	0.01741	0.02327	0.06743	0.01380	0.02248	0.00328	0.54430	0.00785	0.00397	0.05142
2	0.01807	0.01407	0.05061	0.01346	0.01758	0.01305	0.01104	0.02821	0.24003	0.12687	0.13857	0.10268	0.16260	0.01472	0.00887	0.00272	0.00579	0.01251	0.00816	0.01039
3	0.01010	0.00724	0.00936	0.01089	0.01149	0.00675	0.00724	0.01151	0.01563	0.02077	0.06736	0.59675	0.08309	0.08495	0.01299	0.00364	0.00492	0.02148	0.00736	0.00650
4	0.02058	0.01912	0.02726	0.17054	0.34499	0.05597	0.02088	0.10906	0.05586	0.02851	0.02029	0.02385	0.04973	0.00878	0.00812	0.00249	0.00957	0.00779	0.00494	0.01167
5	0.00989	0.00706	0.00942	0.01130	0.01177	0.00659	0.00753	0.01130	0.01554	0.02071	0.04472	0.70954	0.05367	0.02542	0.01036	0.00330	0.00471	0.02307	0.00753	0.00659
6	0.01021	0.00720	0.00932	0.01088	0.01127	0.00681	0.00709	0.01138	0.01490	0.01987	0.04148	0.59829	0.04957	0.14226	0.01560	0.00407	0.00524	0.02116	0.00709	0.00631
7	0.02761	0.02011	0.02173	0.01732	0.02296	0.02222	0.01398	0.43593	0.16565	0.07931	0.02346	0.02447	0.01753	0.05717	0.01037	0.00287	0.00821	0.00805	0.00804	0.01300
8	0.06149	0.40339	0.09851	0.01421	0.02020	0.02301	0.01384	0.02312	0.01680	0.07780	0.02021	0.15588	0.01992	0.01107	0.00676	0.00225	0.00794	0.00865	0.00495	0.01001
9	0.01008	0.00732	0.00954	0.01114	0.01194	0.00679	0.00766	0.01177	0.01630	0.02157	0.07867	0.59536	0.10699	0.02443	0.01029	0.00323	0.00473	0.04788	0.00760	0.00671
10	0.02937	0.01590	0.01896	0.01510	0.02045	0.01585	0.01217	0.25376	0.02722	0.31817	0.03099	0.08809	0.05672	0.04615	0.01003	0.00282	0.00735	0.00982	0.00873	0.01236
11	0.02090	0.06394	0.01937	0.01543	0.01882	0.07545	0.01208	0.19812	0.05746	0.04938	0.02628	0.15454	0.04501	0.09669	0.04390	0.00375	0.07176	0.01089	0.00645	0.00979
12	0.04258	0.01596	0.02428	0.34249	0.03808	0.02053	0.03834	0.04305	0.01548	0.02201	0.01352	0.02033	0.01131	0.01296	0.04793	0.00351	0.26747	0.00722	0.00385	0.00911
13	0.01591	0.01441	0.02179	0.34526	0.03615	0.01861	0.01812	0.01967	0.01497	0.02149	0.01593	0.05154	0.01387	0.01116	0.01437	0.00292	0.25002	0.00791	0.09721	0.00868
14	0.01825	0.01629	0.01966	0.06262	0.09264	0.03803	0.01274	0.04461	0.04891	0.02708	0.01554	0.01817	0.01266	0.00675	0.00660	0.00159	0.00717	0.00555	0.00490	0.54024
15	0.06053	0.04522	0.09405	0.10236	0.02628	0.02156	0.01793	0.07525	0.01600	0.02403	0.01369	0.01953	0.01192	0.01715	0.09531	0.00422	0.33436	0.00694	0.00412	0.00953
16	0.01142	0.00925	0.01027	0.01172	0.01240	0.05188	0.00784	0.01275	0.01570	0.02021	0.04087	0.60482	0.04863	0.08547	0.01290	0.00362	0.00565	0.02087	0.00708	0.00663
17	0.02766	0.02051	0.02313	0.11130	0.02811	0.06545	0.01583	0.34063	0.02866	0.13136	0.01914	0.02036	0.01372	0.00968	0.00958	0.00250	0.06935	0.00714	0.00696	0.04895
18	0.10290	0.01831	0.02260	0.11247	0.06356	0.06276	0.04943	0.07444	0.03917	0.02729	0.01443	0.01826	0.01177	0.00880	0.01081	0.00237	0.14163	0.00632	0.00469	0.20799
19	0.01578	0.01531	0.01911	0.12080	0.02458	0.10310	0.08432	0.03923	0.01878	0.02372	0.11592	0.24401	0.06580	0.03866	0.01079	0.00298	0.02894	0.01381	0.00608	0.00827
20	0.01350	0.00884	0.01039	0.00983	0.01258	0.00769	0.00743	0.01614	0.02009	0.10570	0.23618	0.12186	0.36263	0.01854	0.00947	0.00271	0.00443	0.01583	0.00824	0.00792
21	0.01588	0.01147	0.01256	0.01134	0.01344	0.01178	0.00792	0.16368	0.01969	0.02584	0.03554	0.10726	0.13657	0.36299	0.02504	0.00526	0.00720	0.01262	0.00638	0.00756
22	0.02488	0.25719	0.09595	0.05104	0.02612	0.06053	0.04735	0.14102	0.02183	0.12646	0.01677	0.01817	0.01265	0.00865	0.00842	0.00231	0.05741	0.00629	0.00543	0.01152
23	0.02863	0.01824	0.02119	0.05503	0.02425	0.01941	0.01404	0.36480	0.06074	0.19466	0.02548	0.09319	0.01979	0.01140	0.00836	0.00257	0.00799	0.00922	0.00827	0.01274
24	0.01279	0.00841	0.01057	0.01045	0.01252	0.00755	0.00767	0.01550	0.01993	0.08246	0.30650	0.24298	0.19340	0.01936	0.00967	0.00280	0.00440	0.01699	0.00833	0.00772
25	0.01534	0.01430	0.02058	0.40163	0.03861	0.04872	0.01770	0.01917	0.01582	0.02079	0.01988	0.14024	0.01913	0.03314	0.01189	0.00301	0.10413	0.00998	0.03754	0.00841
26	0.02698	0.02512	0.15497	0.05664	0.02829	0.02208	0.01833	0.39691	0.06228	0.09736	0.01998	0.02038	0.01402	0.00933	0.00805	0.00250	0.00935	0.00720	0.00709	0.01312
27	0.01994	0.04182	0.01731	0.05293	0.01900	0.19294	0.01125	0.05107	0.01756	0.05598	0.02257	0.03435	0.05121	0.27553	0.04592	0.00485	0.06388	0.00890	0.00504	0.00795

[dist]
# distance from previous block
# <min> <max>
19	39

[block]
# block no. 2 follows, 23 sequences, length 27
# corresponding to MSA columns:
# 153-179
name=unknown_C
#
# <colnr> <probs for GDERKNQSTAVLIFYWHMCP>
#	G	D	E	R	K	N	Q	S	T	A	V	L	I	F	Y	W	H	M	C	P
0	0.05165	0.10089	0.28780	0.02128	0.10483	0.01752	0.01996	0.02460	0.03955	0.07346	0.11054	0.02666	0.02259	0.05322	0.00978	0.00279	0.00908	0.00779	0.00512	0.01088
1	0.01394	0.01248	0.01356	0.01314	0.01551	0.07725	0.03685	0.05389	0.01917	0.02392	0.08583	0.29485	0.20562	0.02145	0.03928	0.00335	0.00706	0.04810	0.00702	0.00773
2	0.05506	0.55117	0.03571	0.01346	0.01953	0.02778	0.01278	0.05863	0.01800	0.02281	0.07086	0.01948	0.01735	0.03955	0.00737	0.00216	0.00811	0.00578	0.00437	0.01004
3	0.14855	0.38234	0.20369	0.01583	0.02375	0.02515	0.01720	0.02540	0.01656	0.05836	0.01326	0.01491	0.01061	0.00741	0.00600	0.00213	0.00906	0.00499	0.00407	0.01074
4	0.06502	0.02283	0.15287	0.22758	0.03647	0.02003	0.04806	0.21508	0.02378	0.08517	0.01737	0.02009	0.01234	0.00860	0.00793	0.00257	0.01002	0.00703	0.00560	0.01156
5	0.01543	0.01099	0.01425	0.10651	0.02012	0.01160	0.01084	0.03674	0.10988	0.07261	0.14674	0.18274	0.03985	0.13072	0.01451	0.00370	0.00660	0.05054	0.00712	0.00853
6	0.01180	0.00787	0.00885	0.00885	0.00885	0.00787	0.00492	0.01180	0.01180	0.01573	0.02557	0.05310	0.02950	0.71483	0.04130	0.00787	0.00787	0.01180	0.00492	0.00492
7	0.01821	0.00958	0.01257	0.01156	0.01445	0.00855	0.00874	0.02103	0.02066	0.21565	0.25978	0.22509	0.10655	0.01737	0.00937	0.00275	0.00499	0.01521	0.00876	0.00911
8	0.03006	0.02234	0.02391	0.01851	0.02487	0.02480	0.01523	0.59359	0.08299	0.04988	0.02047	0.02027	0.01460	0.00983	0.00813	0.00246	0.00875	0.00744	0.00813	0.01373
9	0.01021	0.00757	0.00959	0.01095	0.01208	0.00695	0.00777	0.01210	0.01684	0.02196	0.08785	0.49078	0.17481	0.02367	0.01024	0.00318	0.00479	0.07427	0.00761	0.00678
10	0.01460	0.00767	0.00804	0.00795	0.00984	0.00758	0.00596	0.01838	0.01788	0.03058	0.11854	0.03466	0.02890	0.01049	0.00624	0.00199	0.00379	0.00860	0.65074	0.00758
11	0.01118	0.00770	0.00894	0.00939	0.00971	0.00748	0.00564	0.01167	0.01319	0.01739	0.03434	0.21332	0.08164	0.49757	0.03151	0.00639	0.00683	0.01491	0.00574	0.00546
12	0.39719	0.11093	0.02058	0.08260	0.02266	0.02011	0.03926	0.09931	0.01778	0.05400	0.01373	0.01639	0.01070	0.00913	0.00771	0.04990	0.00778	0.00555	0.00509	0.00959
13	0.06784	0.01554	0.02007	0.04507	0.02307	0.01379	0.05031	0.08235	0.02055	0.21457	0.01990	0.02050	0.01428	0.00774	0.00708	0.00193	0.00724	0.00638	0.00653	0.35526
14	0.02335	0.06743	0.01923	0.01365	0.01909	0.01702	0.01123	0.25512	0.02535	0.07932	0.02049	0.02184	0.01545	0.00868	0.00680	0.00198	0.00678	0.00668	0.20714	0.17337
15	0.01358	0.00909	0.01132	0.01039	0.01311	0.00801	0.00786	0.01679	0.02112	0.08653	0.39679	0.10634	0.18459	0.01675	0.00927	0.00255	0.00437	0.01455	0.00837	0.05861
16	0.02834	0.02008	0.02258	0.01895	0.06296	0.02151	0.01457	0.46840	0.03281	0.08772	0.02040	0.02088	0.01469	0.00937	0.00778	0.00232	0.00821	0.00724	0.07556	0.05562
17	0.06257	0.01617	0.07505	0.01441	0.01907	0.01464	0.01246	0.13168	0.10492	0.11485	0.24994	0.03681	0.03818	0.01555	0.05440	0.00327	0.00753	0.01009	0.00781	0.01060
18	0.01532	0.01442	0.02434	0.69533	0.05589	0.01803	0.02253	0.02073	0.01622	0.02073	0.01442	0.02163	0.01082	0.00811	0.00811	0.00270	0.01082	0.00721	0.00361	0.00901
19	0.01640	0.01430	0.01893	0.12816	0.02500	0.04366	0.04639	0.08688	0.01925	0.02583	0.06224	0.21350	0.03027	0.01527	0.01084	0.00285	0.07790	0.07545	0.00603	0.08086
20	0.01426	0.00774	0.01165	0.07213	0.01460	0.00806	0.00837	0.01193	0.01142	0.01555	0.01478	0.02469	0.01416	0.02538	0.02820	0.65483	0.00721	0.00709	0.04371	0.00423
21	0.01106	0.00813	0.01042	0.01182	0.01286	0.00790	0.00842	0.01418	0.05572	0.02228	0.06660	0.50883	0.07848	0.05114	0.01151	0.00345	0.00524	0.09737	0.00752	0.00708
22	0.00987	0.00714	0.00934	0.01109	0.01171	0.00661	0.00744	0.01132	0.01573	0.02079	0.04723	0.66728	0.09430	0.02510	0.01031	0.00326	0.00467	0.02267	0.00753	0.00661
23	0.01665	0.01392	0.02233	0.49270	0.08060	0.01637	0.01959	0.04532	0.01754	0.06010	0.02010	0.12179	0.01782	0.01076	0.00844	0.00275	0.00956	0.00958	0.00475	0.00935
24	0.03031	0.03867	0.02299	0.02090	0.02508	0.68226	0.01568	0.03240	0.02299	0.01986	0.01254	0.01463	0.01045	0.00836	0.00732	0.00209	0.01463	0.00523	0.00418	0.00941
25	0.09674	0.01265	0.01629	0.01308	0.01820	0.01147	0.01062	0.03231	0.02231	0.45965	0.18099	0.03424	0.03263	0.01139	0.00822	0.00252	0.00611	0.00939	0.00932	0.01188
26	0.11322	0.10150	0.32812	0.02070	0.06480	0.02102	0.02139	0.15172	0.02089	0.03128	0.01532	0.01832	0.01176	0.03625	0.00857	0.00265	0.01001	0.00620	0.00470	0.01158

[dist]
# distance from previous block
# <min> <max>
0	1

[block]
# block no. 3 follows, 23 sequences, length 38
# corresponding to MSA columns:
# 181-218
name=unknown_D
#
# <colnr> <probs for GDERKNQSTAVLIFYWHMCP>
#	G	D	E	R	K	N	Q	S	T	A	V	L	I	F	Y	W	H	M	C	P
0	0.01667	0.01579	0.02676	0.51325	0.22748	0.01838	0.02320	0.02191	0.01686	0.02236	0.01466	0.02120	0.01139	0.00786	0.00809	0.00262	0.01048	0.00722	0.00372	0.01010
1	0.01145	0.00781	0.00886	0.00904	0.00929	0.00767	0.00526	0.01174	0.01265	0.01667	0.03157	0.11845	0.07806	0.59729	0.03598	0.00705	0.00729	0.01328	0.00536	0.00522
2	0.21674	0.12921	0.04431	0.07879	0.02299	0.15112	0.01349	0.02434	0.01742	0.05260	0.04849	0.06876	0.01705	0.00985	0.00785	0.00240	0.04621	0.00708	0.00493	0.03636
3	0.01083	0.00818	0.00986	0.00959	0.01158	0.00736	0.00705	0.01379	0.02062	0.02777	0.41639	0.10159	0.25191	0.05397	0.01124	0.00292	0.00417	0.01574	0.00822	0.00721
4	0.08279	0.01554	0.02377	0.40848	0.04236	0.01707	0.07215	0.04711	0.01731	0.02501	0.01454	0.01984	0.01114	0.00758	0.00754	0.00237	0.00960	0.00668	0.00421	0.16492
5	0.01908	0.04652	0.05226	0.01389	0.02063	0.01470	0.01181	0.12749	0.04712	0.03075	0.04645	0.04303	0.01705	0.00812	0.00683	0.00170	0.00680	0.00653	0.00567	0.47356
6	0.02715	0.02000	0.02267	0.01824	0.02286	0.04946	0.01498	0.35698	0.02822	0.11817	0.01921	0.02109	0.01441	0.01529	0.07351	0.00362	0.14775	0.00741	0.00694	0.01204
7	0.01110	0.00799	0.01050	0.01047	0.01204	0.00740	0.00763	0.01434	0.02116	0.02966	0.51042	0.21833	0.07100	0.01874	0.00976	0.00273	0.00404	0.01671	0.00859	0.00740
8	0.00999	0.00710	0.00938	0.01117	0.01161	0.00666	0.00739	0.01133	0.01533	0.02044	0.04369	0.67407	0.05236	0.06268	0.01203	0.00354	0.00488	0.02246	0.00739	0.00650
9	0.01195	0.00837	0.01018	0.01066	0.01144	0.00822	0.00699	0.04677	0.01615	0.02174	0.10003	0.35365	0.04463	0.28613	0.02193	0.00491	0.00605	0.01703	0.00671	0.00647
10	0.02229	0.01739	0.01873	0.01644	0.02129	0.01969	0.01290	0.07587	0.55716	0.09414	0.03218	0.02943	0.02372	0.01085	0.00824	0.00271	0.00661	0.00898	0.00842	0.01299
11	0.01126	0.00810	0.01072	0.01093	0.01250	0.00757	0.00815	0.01450	0.02078	0.02892	0.45336	0.21810	0.06820	0.01926	0.00992	0.00284	0.00439	0.07465	0.00846	0.00738
12	0.01154	0.00774	0.00924	0.00976	0.01010	0.00769	0.00609	0.01231	0.01325	0.01807	0.03070	0.21079	0.03515	0.46301	0.05688	0.00653	0.00745	0.03559	0.04247	0.00563
13	0.00999	0.00711	0.00938	0.01116	0.01161	0.00666	0.00739	0.01133	0.01533	0.02044	0.04366	0.67311	0.05233	0.06367	0.01207	0.00355	0.00488	0.02244	0.00739	0.00650
14	0.77215	0.01569	0.01193	0.01067	0.01569	0.01820	0.00879	0.02385	0.01381	0.03641	0.01130	0.01318	0.00879	0.00753	0.00502	0.00251	0.00628	0.00439	0.00502	0.00879
15	0.01160	0.00778	0.00891	0.00910	0.00915	0.00774	0.00519	0.01175	0.01218	0.01625	0.02754	0.12062	0.03199	0.64392	0.03812	0.00740	0.00754	0.01296	0.00519	0.00509
16	0.02183	0.01825	0.01928	0.01685	0.02173	0.02095	0.01324	0.13515	0.55484	0.03661	0.03093	0.02860	0.02307	0.01081	0.00823	0.00270	0.00681	0.00888	0.00823	0.01299
17	0.01923	0.01985	0.06645	0.13545	0.54805	0.01909	0.02486	0.02438	0.01810	0.02569	0.01511	0.02013	0.01244	0.00737	0.00803	0.00246	0.00993	0.00716	0.00393	0.01229
18	0.02169	0.71972	0.04252	0.01388	0.02083	0.03211	0.01388	0.02430	0.01649	0.01909	0.01128	0.01302	0.01041	0.00694	0.00521	0.00174	0.00868	0.00434	0.00347	0.01041
19	0.01683	0.01442	0.01683	0.01202	0.01923	0.01082	0.00961	0.02043	0.01683	0.02644	0.01442	0.01683	0.01202	0.00601	0.00601	0.00120	0.00601	0.00481	0.00481	0.76444
20	0.01159	0.00869	0.01304	0.01304	0.01449	0.01014	0.01014	0.01449	0.01304	0.01884	0.02173	0.03188	0.02029	0.06086	0.68268	0.01304	0.02173	0.00869	0.00435	0.00724
21	0.01683	0.01442	0.01683	0.01202	0.01923	0.01082	0.00961	0.02043	0.01683	0.02644	0.01442	0.01683	0.01202	0.00601	0.00601	0.00120	0.00601	0.00481	0.00481	0.76444
22	0.01338	0.05102	0.06261	0.01326	0.01572	0.01231	0.01132	0.01670	0.01406	0.02102	0.02091	0.02959	0.01893	0.06996	0.43017	0.00921	0.05373	0.00812	0.12017	0.00781
23	0.01060	0.00826	0.00962	0.00928	0.01158	0.00728	0.00696	0.01360	0.02087	0.02757	0.38953	0.06879	0.35007	0.01844	0.00958	0.00264	0.00396	0.01582	0.00828	0.00728
24	0.01532	0.01442	0.02434	0.69533	0.05589	0.01803	0.02253	0.02073	0.01622	0.02073	0.01442	0.02163	0.01082	0.00811	0.00811	0.00270	0.01082	0.00721	0.00361	0.00901
25	0.04302	0.04901	0.17430	0.21642	0.26834	0.06379	0.02387	0.02439	0.01764	0.02435	0.01442	0.01900	0.01133	0.00766	0.00774	0.00248	0.01069	0.00662	0.00379	0.01116
26	0.02006	0.05345	0.10669	0.01358	0.01854	0.01223	0.01245	0.02512	0.04787	0.21126	0.30780	0.04209	0.06922	0.01291	0.00862	0.00251	0.00621	0.01093	0.00810	0.01034
27	0.03612	0.01427	0.01912	0.01466	0.02095	0.01262	0.01211	0.07074	0.02400	0.63754	0.03136	0.02719	0.01976	0.01003	0.00816	0.00251	0.00701	0.00812	0.00994	0.01381
28	0.00989	0.00706	0.00942	0.01130	0.01177	0.00659	0.00753	0.01130	0.01554	0.02071	0.04472	0.70954	0.05367	0.02542	0.01036	0.00330	0.00471	0.02307	0.00753	0.00659
29	0.02294	0.48313	0.06928	0.01584	0.02224	0.14037	0.01493	0.06638	0.01890	0.02171	0.01278	0.01496	0.01118	0.01033	0.04260	0.00250	0.01059	0.00501	0.00395	0.01038
30	0.77215	0.01569	0.01193	0.01067	0.01569	0.01820	0.00879	0.02385	0.01381	0.03641	0.01130	0.01318	0.00879	0.00753	0.00502	0.00251	0.00628	0.00439	0.00502	0.00879
31	0.00989	0.00706	0.00942	0.01130	0.01177	0.00659	0.00753	0.01130	0.01554	0.02071	0.04472	0.70954	0.05367	0.02542	0.01036	0.00330	0.00471	0.02307	0.00753	0.00659
32	0.01647	0.01046	0.01301	0.01150	0.01451	0.00996	0.00890	0.06494	0.04903	0.11910	0.45892	0.05326	0.10693	0.01528	0.00922	0.00256	0.00474	0.01322	0.00889	0.00908
33	0.19119	0.13492	0.02059	0.01662	0.07764	0.11587	0.01226	0.05121	0.01792	0.02752	0.01754	0.02321	0.01510	0.01353	0.06668	0.00320	0.00935	0.03855	0.13777	0.00933
34	0.01031	0.00734	0.00918	0.01050	0.01150	0.00676	0.00720	0.01213	0.01650	0.02225	0.08316	0.52882	0.14388	0.02303	0.00985	0.00307	0.00450	0.02057	0.06269	0.00676
35	0.01936	0.01218	0.01297	0.01130	0.01451	0.01285	0.00886	0.20528	0.02377	0.03627	0.07162	0.06238	0.02437	0.01084	0.00693	0.00217	0.00539	0.00876	0.44079	0.00941
36	0.07565	0.02737	0.18244	0.07079	0.32829	0.12786	0.02330	0.02602	0.01843	0.02563	0.01431	0.01806	0.01143	0.00760	0.00762	0.00242	0.01084	0.00640	0.00395	0.01158
37	0.06417	0.01630	0.01789	0.05111	0.04745	0.07040	0.01233	0.13309	0.02185	0.16203	0.02585	0.02807	0.06339	0.04192	0.04068	0.00310	0.04208	0.00803	0.10830	0.04196

[dist]
# distance from previous block
# <min> <max>
0	6

[block]
# block no. 4 follows, 23 sequences, length 44
# corresponding to MSA columns:
# 225-268
name=unknown_E
#
# <colnr> <probs for GDERKNQSTAVLIFYWHMCP>
#	G	D	E	R	K	N	Q	S	T	A	V	L	I	F	Y	W	H	M	C	P
0	0.01988	0.27915	0.33586	0.02045	0.02955	0.09384	0.06722	0.02593	0.01767	0.02277	0.01333	0.01577	0.01049	0.00744	0.00692	0.00224	0.01123	0.00559	0.00357	0.01108
1	0.02098	0.59308	0.03933	0.01522	0.02091	0.03080	0.01458	0.02344	0.01575	0.01917	0.01117	0.01387	0.01046	0.00825	0.00907	0.00206	0.13339	0.00484	0.00349	0.01014
2	0.07137	0.04030	0.08436	0.16853	0.06145	0.01600	0.01595	0.05333	0.04019	0.12179	0.08719	0.05011	0.02188	0.01023	0.00865	0.00253	0.04139	0.00830	0.06134	0.03512
3	0.14247	0.20719	0.05794	0.04157	0.02371	0.02532	0.01517	0.26052	0.02403	0.03462	0.01466	0.01655	0.01150	0.00896	0.00879	0.00240	0.08178	0.00597	0.00552	0.01133
4	0.01585	0.00915	0.01234	0.01224	0.01452	0.00847	0.00949	0.01886	0.02006	0.14251	0.24872	0.24350	0.05389	0.01907	0.00987	0.00299	0.00537	0.13624	0.00844	0.00843
5	0.01171	0.00859	0.00988	0.00961	0.01221	0.00752	0.00740	0.01447	0.02008	0.05662	0.25022	0.07139	0.40948	0.01899	0.00963	0.00275	0.00441	0.05948	0.00807	0.00747
6	0.01751	0.05378	0.37785	0.07464	0.12051	0.01980	0.14773	0.02506	0.01747	0.02511	0.01478	0.01866	0.01108	0.00769	0.00870	0.00260	0.03490	0.00694	0.00366	0.01154
7	0.73070	0.01525	0.01169	0.01050	0.01535	0.01762	0.00862	0.02358	0.01398	0.03607	0.01213	0.01412	0.00945	0.00764	0.00506	0.00248	0.00614	0.00457	0.04635	0.00872
8	0.01513	0.00756	0.00756	0.00756	0.00945	0.00756	0.00567	0.01891	0.01702	0.03025	0.02647	0.03025	0.02080	0.00945	0.00567	0.00189	0.00378	0.00756	0.75988	0.00756
9	0.01175	0.00859	0.01252	0.01252	0.01388	0.00987	0.00958	0.01447	0.01311	0.01906	0.02220	0.03337	0.02098	0.10686	0.60867	0.01222	0.02000	0.00888	0.03440	0.00709
10	0.01481	0.01229	0.05577	0.07991	0.01840	0.01156	0.01061	0.02036	0.10584	0.04656	0.02685	0.10822	0.02577	0.23044	0.08428	0.00522	0.00861	0.01074	0.11571	0.00805
11	0.01532	0.01442	0.02434	0.69533	0.05589	0.01803	0.02253	0.02073	0.01622	0.02073	0.01442	0.02163	0.01082	0.00811	0.00811	0.00270	0.01082	0.00721	0.00361	0.00901
12	0.20891	0.01474	0.01751	0.01378	0.01978	0.01413	0.01138	0.06858	0.02183	0.48718	0.02646	0.02378	0.01709	0.00944	0.00742	0.00251	0.00687	0.00723	0.00876	0.01263
13	0.06349	0.00865	0.01075	0.01037	0.01233	0.00825	0.00772	0.01542	0.02145	0.03139	0.54183	0.13498	0.06917	0.01702	0.00935	0.00264	0.00410	0.01497	0.00850	0.00761
14	0.01646	0.04066	0.63198	0.02385	0.03560	0.01895	0.06948	0.02572	0.01726	0.02572	0.01468	0.01744	0.01041	0.00765	0.00783	0.00258	0.01210	0.00623	0.00347	0.01192
15	0.01012	0.00723	0.00968	0.01157	0.01214	0.00679	0.00794	0.01170	0.01577	0.02098	0.04459	0.66414	0.05316	0.02520	0.01042	0.00333	0.00491	0.06616	0.00753	0.00666
16	0.00989	0.00706	0.00942	0.01130	0.01177	0.00659	0.00753	0.01130	0.01554	0.02071	0.04472	0.70954	0.05367	0.02542	0.01036	0.00330	0.00471	0.02307	0.00753	0.00659
17	0.13636	0.04281	0.01835	0.07179	0.08213	0.08401	0.01250	0.11235	0.06056	0.02885	0.01998	0.05054	0.01797	0.14148	0.01351	0.00342	0.00830	0.00807	0.07761	0.00940
18	0.02169	0.71972	0.04252	0.01388	0.02083	0.03211	0.01388	0.02430	0.01649	0.01909	0.01128	0.01302	0.01041	0.00694	0.00521	0.00174	0.00868	0.00434	0.00347	0.01041
19	0.02508	0.06736	0.02032	0.01553	0.02022	0.01650	0.01300	0.11034	0.09095	0.24287	0.06221	0.03686	0.02537	0.01248	0.01004	0.00271	0.06744	0.10834	0.00782	0.04454
20	0.01656	0.07739	0.63985	0.02264	0.03437	0.01954	0.02914	0.02562	0.01710	0.02535	0.01439	0.01692	0.01029	0.00767	0.00758	0.00253	0.01182	0.00591	0.00343	0.01191
21	0.02252	0.65450	0.04065	0.01456	0.02123	0.09436	0.01406	0.02507	0.01711	0.01916	0.01140	0.01317	0.01042	0.00708	0.00541	0.00177	0.00925	0.00442	0.00354	0.01032
22	0.07263	0.01435	0.01544	0.01319	0.01700	0.01565	0.01050	0.26768	0.02473	0.03705	0.02325	0.07067	0.01930	0.01688	0.09073	0.00363	0.00831	0.00843	0.26055	0.01006
23	0.01148	0.00829	0.01085	0.01021	0.01212	0.00766	0.00766	0.01531	0.02297	0.03254	0.65994	0.06061	0.07656	0.01659	0.00957	0.00255	0.00383	0.01467	0.00893	0.00766
24	0.01532	0.01442	0.02434	0.69533	0.05589	0.01803	0.02253	0.02073	0.01622	0.02073	0.01442	0.02163	0.01082	0.00811	0.00811	0.00270	0.01082	0.00721	0.00361	0.00901
25	0.02239	0.01420	0.01581	0.04513	0.01871	0.01517	0.01083	0.26131	0.02556	0.08122	0.02474	0.06982	0.01969	0.01059	0.00722	0.00228	0.00640	0.00850	0.33000	0.01043
26	0.03264	0.01836	0.02153	0.01646	0.02290	0.01858	0.01359	0.34132	0.03048	0.32534	0.02481	0.02297	0.01651	0.00969	0.00803	0.00241	0.00789	0.00756	0.00881	0.05012
27	0.03641	0.01381	0.01883	0.01444	0.02071	0.01193	0.01193	0.03954	0.02322	0.66984	0.03201	0.02762	0.02009	0.01004	0.00816	0.00251	0.00690	0.00816	0.01004	0.01381
28	0.01125	0.00829	0.01052	0.00996	0.01198	0.00756	0.00747	0.01486	0.02242	0.03123	0.58891	0.06276	0.14840	0.01708	0.00957	0.00258	0.00386	0.01498	0.00876	0.00756
29	0.04952	0.01574	0.02298	0.53218	0.04696	0.05292	0.02031	0.02128	0.01614	0.02171	0.01439	0.02093	0.01116	0.00875	0.00962	0.00271	0.07732	0.00699	0.03945	0.00894
30	0.02438	0.01173	0.01534	0.01289	0.01710	0.01079	0.01020	0.02941	0.07736	0.34466	0.26508	0.07570	0.04314	0.01335	0.00880	0.00259	0.00561	0.01144	0.00935	0.01107
31	0.01135	0.00829	0.01065	0.01006	0.01204	0.00760	0.00755	0.01504	0.02264	0.03176	0.61749	0.06190	0.11949	0.01688	0.00957	0.00257	0.00385	0.01485	0.00883	0.00760
32	0.05323	0.01884	0.01950	0.01574	0.02084	0.04848	0.01271	0.39776	0.03036	0.08388	0.02267	0.06883	0.01786	0.01065	0.00770	0.00239	0.00775	0.00829	0.14068	0.01183
33	0.06025	0.06039	0.20493	0.01799	0.05185	0.01618	0.01722	0.06910	0.04504	0.23778	0.11301	0.02710	0.02374	0.00992	0.00792	0.00249	0.00821	0.00803	0.00695	0.01191
34	0.01423	0.00712	0.01017	0.01017	0.01042	0.00712	0.00686	0.01168	0.01143	0.01624	0.01574	0.02541	0.01498	0.02570	0.02826	0.66289	0.00661	0.00712	0.10380	0.00406
35	0.77215	0.01569	0.01193	0.01067	0.01569	0.01820	0.00879	0.02385	0.01381	0.03641	0.01130	0.01318	0.00879	0.00753	0.00502	0.00251	0.00628	0.00439	0.00502	0.00879
36	0.01728	0.01744	0.03032	0.05903	0.22377	0.04265	0.20542	0.02160	0.01769	0.02400	0.02272	0.19590	0.02278	0.01220	0.01008	0.00280	0.04735	0.01189	0.00490	0.01017
37	0.01212	0.00896	0.01167	0.01273	0.01442	0.00882	0.01003	0.01640	0.06179	0.02523	0.15624	0.26753	0.08604	0.02139	0.01037	0.00327	0.00573	0.25188	0.00781	0.00757
38	0.01017	0.00751	0.00959	0.01113	0.01216	0.00693	0.00787	0.01194	0.01640	0.02131	0.05132	0.52988	0.16282	0.02422	0.01031	0.00324	0.00489	0.08405	0.00753	0.00673
39	0.01290	0.00996	0.01160	0.01092	0.01359	0.00958	0.00844	0.05691	0.06828	0.02993	0.34702	0.06335	0.25140	0.01738	0.00950	0.00270	0.00469	0.05539	0.00829	0.00817
40	0.03258	0.04718	0.01933	0.01420	0.02009	0.01330	0.01175	0.06005	0.04692	0.53344	0.06301	0.03037	0.04856	0.01067	0.00815	0.00249	0.00679	0.00867	0.00943	0.01303
41	0.02476	0.01621	0.01782	0.01449	0.01890	0.01730	0.01144	0.34704	0.02801	0.10027	0.02418	0.06462	0.02001	0.10724	0.01235	0.00313	0.00742	0.00891	0.14485	0.01105
42	0.02302	0.06923	0.02616	0.02833	0.24411	0.10750	0.01766	0.16993	0.08406	0.03149	0.04060	0.02710	0.04320	0.00994	0.00807	0.00245	0.00925	0.04030	0.00584	0.01177
43	0.02012	0.07625	0.20900	0.02390	0.03218	0.01931	0.24108	0.08750	0.02049	0.07010	0.04204	0.04567	0.01615	0.00857	0.00834	0.00250	0.01082	0.00831	0.00501	0.05265

[dist]
# distance from previous block
# <min> <max>
1	3

[block]
# block no. 5 follows, 23 sequences, length 53
# corresponding to MSA columns:
# 272-324
name=unknown_F
#
# <colnr> <probs for GDERKNQSTAVLIFYWHMCP>
#	G	D	E	R	K	N	Q	S	T	A	V	L	I	F	Y	W	H	M	C	P
0	0.02640	0.08619	0.05952	0.01843	0.02389	0.23474	0.01545	0.19051	0.12693	0.06037	0.02063	0.02428	0.01654	0.01003	0.00782	0.00242	0.01032	0.04786	0.00626	0.01141
1	0.01894	0.01812	0.03088	0.20449	0.51845	0.01898	0.02434	0.02390	0.01794	0.02512	0.01506	0.02045	0.01237	0.00744	0.00805	0.00248	0.00992	0.00723	0.00392	0.01193
2	0.09479	0.01470	0.02202	0.22152	0.09634	0.01533	0.06580	0.02463	0.04255	0.13102	0.05421	0.05647	0.05521	0.01001	0.00804	0.00255	0.00835	0.00880	0.00579	0.06187
3	0.01723	0.34305	0.13994	0.01479	0.02063	0.02157	0.01497	0.02120	0.01594	0.02126	0.04251	0.02174	0.01637	0.02246	0.19258	0.00504	0.01241	0.00641	0.04035	0.00956
4	0.01499	0.00868	0.01242	0.01158	0.01281	0.00867	0.04202	0.04068	0.01422	0.02080	0.02005	0.08447	0.01899	0.02147	0.02138	0.44061	0.00651	0.00870	0.18534	0.00561
5	0.02694	0.01959	0.02135	0.01707	0.02253	0.02167	0.01383	0.44120	0.12330	0.06774	0.02254	0.02386	0.01691	0.04069	0.05550	0.00340	0.00916	0.00789	0.03214	0.01267
6	0.02310	0.60859	0.03933	0.01503	0.02152	0.13820	0.01418	0.02562	0.01755	0.01922	0.01149	0.01328	0.01042	0.00717	0.00555	0.00179	0.00965	0.00448	0.00359	0.01025
7	0.06422	0.01918	0.11613	0.01578	0.02237	0.04269	0.01448	0.03536	0.07526	0.42548	0.06354	0.02693	0.02130	0.00996	0.00800	0.00252	0.00775	0.00799	0.00835	0.01268
8	0.01177	0.00811	0.01055	0.01058	0.01225	0.00744	0.00769	0.01474	0.02047	0.05077	0.41889	0.25751	0.10011	0.01926	0.00976	0.00279	0.00422	0.01713	0.00847	0.00750
9	0.01180	0.00787	0.00885	0.00885	0.00885	0.00787	0.00492	0.01180	0.01180	0.01573	0.02557	0.05310	0.02950	0.71483	0.04130	0.00787	0.00787	0.01180	0.00492	0.00492
10	0.01253	0.00986	0.04081	0.01117	0.01359	0.00801	0.00883	0.01538	0.01912	0.06919	0.22693	0.26438	0.20254	0.01972	0.00971	0.00288	0.00493	0.04476	0.00791	0.00774
11	0.01923	0.02099	0.04344	0.06221	0.19146	0.02013	0.46656	0.02554	0.01888	0.02592	0.01607	0.02145	0.01239	0.00698	0.00915	0.00266	0.01261	0.00893	0.00406	0.01133
12	0.00987	0.00711	0.00936	0.01116	0.01173	0.00660	0.00747	0.01131	0.01567	0.02077	0.04642	0.68088	0.08122	0.02520	0.01032	0.00327	0.00468	0.02280	0.00753	0.00660
13	0.04798	0.00792	0.00775	0.00770	0.00972	0.00802	0.00581	0.01912	0.01688	0.03052	0.02581	0.02951	0.02028	0.00937	0.00564	0.00192	0.00389	0.00743	0.72712	0.00762
14	0.02785	0.02021	0.02176	0.01716	0.02279	0.02221	0.01398	0.53552	0.03458	0.04694	0.02212	0.07709	0.01765	0.01101	0.00810	0.00246	0.00816	0.00862	0.06909	0.01270
15	0.01273	0.00938	0.01243	0.01367	0.01575	0.00924	0.01164	0.01695	0.04178	0.02518	0.11087	0.08446	0.12625	0.02117	0.01073	0.00345	0.00664	0.45241	0.00766	0.00761
16	0.04700	0.00922	0.01162	0.01058	0.01316	0.00854	0.00809	0.01814	0.02235	0.10228	0.52976	0.05593	0.10078	0.01570	0.00922	0.00256	0.00429	0.01365	0.00881	0.00834
17	0.01532	0.01442	0.02434	0.69533	0.05589	0.01803	0.02253	0.02073	0.01622	0.02073	0.01442	0.02163	0.01082	0.00811	0.00811	0.00270	0.01082	0.00721	0.00361	0.00901
18	0.02169	0.71972	0.04252	0.01388	0.02083	0.03211	0.01388	0.02430	0.01649	0.01909	0.01128	0.01302	0.01041	0.00694	0.00521	0.00174	0.00868	0.00434	0.00347	0.01041
19	0.01326	0.00976	0.01400	0.07089	0.02002	0.01005	0.01385	0.01713	0.01848	0.02399	0.04062	0.08578	0.04375	0.02124	0.01095	0.00365	0.00775	0.56007	0.00715	0.00760
20	0.02800	0.02390	0.07682	0.05726	0.02700	0.05505	0.01658	0.49376	0.03346	0.04483	0.01878	0.01968	0.01350	0.00940	0.00793	0.00242	0.00932	0.00710	0.04232	0.01288
21	0.01236	0.00887	0.01207	0.01281	0.01470	0.00858	0.01063	0.01614	0.02061	0.02800	0.32108	0.07759	0.06016	0.01979	0.01047	0.00320	0.00583	0.34142	0.00813	0.00755
22	0.08289	0.18725	0.31621	0.02656	0.18542	0.02189	0.02328	0.02503	0.01703	0.02532	0.01372	0.01659	0.01082	0.00740	0.00699	0.00234	0.01018	0.00579	0.00372	0.01157
23	0.01133	0.00829	0.01063	0.01004	0.01203	0.00759	0.00753	0.01501	0.02260	0.03167	0.61243	0.06205	0.12461	0.01691	0.00957	0.00257	0.00385	0.01488	0.00882	0.00759
24	0.01532	0.01442	0.02434	0.69533	0.05589	0.01803	0.02253	0.02073	0.01622	0.02073	0.01442	0.02163	0.01082	0.00811	0.00811	0.00270	0.01082	0.00721	0.00361	0.00901
25	0.01089	0.00807	0.01016	0.01007	0.01187	0.00734	0.00739	0.01400	0.02092	0.02870	0.45621	0.17723	0.16957	0.01879	0.00971	0.00271	0.00403	0.01655	0.00845	0.00734
26	0.04803	0.03668	0.54075	0.02212	0.03299	0.01807	0.05478	0.02729	0.01782	0.10275	0.01660	0.01844	0.01148	0.00794	0.00774	0.00257	0.01124	0.00636	0.00431	0.01204
27	0.02965	0.01279	0.01701	0.01353	0.01868	0.01143	0.01098	0.06107	0.02385	0.47480	0.19518	0.03584	0.03452	0.01174	0.00853	0.00252	0.00620	0.00982	0.00966	0.01220
28	0.01180	0.00787	0.00885	0.00885	0.00885	0.00787	0.00492	0.01180	0.01180	0.01573	0.02557	0.05310	0.02950	0.71483	0.04130	0.00787	0.00787	0.01180	0.00492	0.00492
29	0.02363	0.21049	0.05785	0.04602	0.13900	0.12541	0.01727	0.14844	0.04842	0.02832	0.01550	0.01785	0.01252	0.00843	0.00794	0.00225	0.04113	0.00620	0.03201	0.01132
30	0.07030	0.01390	0.01851	0.01426	0.02048	0.01222	0.01178	0.03882	0.02279	0.64066	0.03106	0.02695	0.01957	0.00993	0.00802	0.00251	0.00688	0.00799	0.00981	0.01358
31	0.01021	0.00730	0.00922	0.01062	0.01117	0.00684	0.00695	0.01142	0.01508	0.01990	0.04409	0.54154	0.09559	0.15089	0.01595	0.00409	0.00524	0.02056	0.00706	0.00630
32	0.68559	0.01574	0.01341	0.01281	0.04726	0.01783	0.00978	0.02498	0.01468	0.07927	0.01291	0.01450	0.00976	0.00769	0.00538	0.00251	0.00648	0.00479	0.00532	0.00933
33	0.01955	0.01976	0.02724	0.03856	0.46269	0.10245	0.02035	0.02358	0.01923	0.02521	0.04836	0.02933	0.10936	0.00966	0.00822	0.00242	0.00926	0.00869	0.00473	0.01134
34	0.01053	0.00881	0.00927	0.00925	0.01199	0.00781	0.00709	0.01396	0.05385	0.02336	0.10977	0.07535	0.55017	0.01992	0.00963	0.00280	0.00445	0.05708	0.00765	0.00727
35	0.35772	0.02390	0.20331	0.07404	0.02845	0.01879	0.10421	0.02530	0.04488	0.03054	0.01419	0.01699	0.01060	0.00769	0.00682	0.00259	0.00930	0.00602	0.00448	0.01019
36	0.01586	0.01215	0.01405	0.01381	0.01695	0.01278	0.01102	0.02626	0.25488	0.05722	0.06871	0.11223	0.15113	0.01727	0.00954	0.00305	0.00608	0.17949	0.00795	0.00960
37	0.01707	0.00955	0.01252	0.01106	0.01402	0.00859	0.00855	0.02064	0.02277	0.17752	0.48351	0.05407	0.09702	0.01532	0.00925	0.00255	0.00455	0.01333	0.00911	0.00902
38	0.03085	0.02273	0.02435	0.01867	0.02516	0.02516	0.01542	0.63716	0.03815	0.05114	0.01948	0.01948	0.01380	0.00974	0.00812	0.00244	0.00893	0.00731	0.00812	0.01380
39	0.01692	0.03790	0.57928	0.02260	0.03353	0.01794	0.05540	0.02551	0.01740	0.05328	0.01708	0.05630	0.01321	0.00876	0.00796	0.00262	0.01144	0.00720	0.00397	0.01172
40	0.02195	0.33040	0.05357	0.01718	0.05687	0.08223	0.01449	0.14370	0.02133	0.02635	0.02074	0.02260	0.07125	0.01378	0.06801	0.00309	0.01019	0.00678	0.00493	0.01057
41	0.01109	0.00990	0.00936	0.00918	0.01172	0.04455	0.00677	0.01320	0.01876	0.02250	0.13525	0.07101	0.52006	0.06696	0.01163	0.00303	0.00492	0.01584	0.00732	0.00694
42	0.00983	0.00727	0.00920	0.01074	0.01162	0.00664	0.00728	0.01136	0.01608	0.02093	0.05156	0.59428	0.16451	0.02453	0.01022	0.00319	0.00460	0.02198	0.00753	0.00664
43	0.01013	0.00733	0.00963	0.01139	0.01213	0.00683	0.00789	0.01178	0.01600	0.02109	0.04714	0.61552	0.09465	0.02484	0.01037	0.00329	0.00489	0.07089	0.00753	0.00668
44	0.01839	0.02067	0.04472	0.03232	0.03989	0.01937	0.58318	0.02478	0.01885	0.02556	0.01874	0.07843	0.01571	0.00837	0.00964	0.00278	0.01294	0.01069	0.00439	0.01059
45	0.02150	0.01809	0.01909	0.01678	0.02160	0.02080	0.01316	0.11679	0.57373	0.03608	0.03135	0.02894	0.02341	0.01085	0.00824	0.00271	0.00673	0.00894	0.00824	0.01296
46	0.01001	0.00716	0.00953	0.01121	0.01180	0.00668	0.00754	0.01162	0.01613	0.02165	0.09361	0.65797	0.05549	0.02472	0.01029	0.00324	0.00464	0.02240	0.00764	0.00668
47	0.03041	0.02113	0.02294	0.01769	0.02390	0.02307	0.01458	0.55273	0.03572	0.10082	0.02091	0.02077	0.01472	0.00975	0.00798	0.00241	0.00847	0.00739	0.05119	0.01344
48	0.02008	0.01928	0.03294	0.04981	0.66422	0.01928	0.02490	0.02490	0.01848	0.02651	0.01526	0.02008	0.01285	0.00723	0.00803	0.00241	0.00964	0.00723	0.00402	0.01285
49	0.01938	0.01856	0.03166	0.14559	0.57395	0.01909	0.02455	0.02428	0.01814	0.02565	0.01514	0.02031	0.01255	0.00736	0.00804	0.00245	0.00981	0.00723	0.00396	0.01228
50	0.01683	0.00948	0.01256	0.01112	0.01397	0.00857	0.00857	0.02051	0.02302	0.16928	0.52521	0.05353	0.06444	0.01518	0.00927	0.00254	0.00449	0.01328	0.00917	0.00898
51	0.01357	0.00981	0.01204	0.01259	0.01412	0.00985	0.00892	0.12118	0.01951	0.02606	0.04029	0.58839	0.04667	0.02267	0.00996	0.00314	0.00545	0.02030	0.00763	0.00786
52	0.38864	0.01605	0.01558	0.03772	0.01927	0.01745	0.01075	0.15756	0.02090	0.06778	0.07047	0.02270	0.04622	0.00937	0.00662	0.00241	0.00674	0.00677	0.00631	0.07069

[dist]
# distance from previous block
# <min> <max>
1	27

[block]
# block no. 6 follows, 23 sequences, length 74
# corresponding to MSA columns:
# 354-427
name=unknown_G
#
# <colnr> <probs for GDERKNQSTAVLIFYWHMCP>
#	G	D	E	R	K	N	Q	S	T	A	V	L	I	F	Y	W	H	M	C	P
0	0.01831	0.01179	0.01342	0.01193	0.01564	0.01134	0.00925	0.10148	0.07668	0.14548	0.07972	0.13886	0.29994	0.01686	0.00912	0.00272	0.00552	0.01418	0.00819	0.00955
1	0.02170	0.14575	0.02571	0.01642	0.02249	0.01981	0.06575	0.22908	0.02400	0.03263	0.01991	0.11307	0.01810	0.01019	0.00748	0.00214	0.00796	0.00850	0.00600	0.20330
2	0.09059	0.01367	0.01730	0.01378	0.01925	0.01270	0.01123	0.05683	0.05359	0.47350	0.12062	0.03106	0.02734	0.01082	0.00812	0.00253	0.00646	0.00882	0.00932	0.01247
3	0.02969	0.02037	0.05309	0.01865	0.05172	0.02036	0.01513	0.36983	0.07579	0.19790	0.02335	0.02256	0.01617	0.00969	0.00802	0.00246	0.00824	0.00759	0.03600	0.01338
4	0.08644	0.05361	0.02209	0.01632	0.02241	0.04436	0.01351	0.33506	0.02964	0.23449	0.04571	0.02251	0.01737	0.00973	0.00778	0.00242	0.00812	0.00740	0.00813	0.01288
5	0.02851	0.01206	0.01630	0.01310	0.01799	0.01057	0.01057	0.03187	0.02314	0.46805	0.23083	0.03807	0.03797	0.01212	0.00861	0.00252	0.00593	0.01022	0.00969	0.01186
6	0.03082	0.01303	0.01727	0.01364	0.01904	0.01157	0.01111	0.06039	0.02363	0.50772	0.13873	0.03500	0.05739	0.01159	0.00846	0.00252	0.00636	0.00961	0.00966	0.01247
7	0.57805	0.01359	0.01122	0.01055	0.01435	0.01539	0.00817	0.02071	0.01382	0.03183	0.01761	0.11484	0.01744	0.09176	0.00996	0.00324	0.00624	0.00785	0.00536	0.00803
8	0.02812	0.01231	0.01624	0.01312	0.01808	0.01095	0.01058	0.03220	0.05011	0.45102	0.17811	0.03884	0.07914	0.01232	0.00859	0.00255	0.00598	0.01033	0.00953	0.01187
