[name]
unknown

[dist]
# distance from previous block
# <min> <max>
10	37

[block]
# block no. 0 follows, 29 sequences, length 59
# corresponding to MSA columns:
# 51-109
name=unknown_A
#
# <colnr> <probs for GDERKNQSTAVLIFYWHMCP>
#	G	D	E	R	K	N	Q	S	T	A	V	L	I	F	Y	W	H	M	C	P
0	0.12534	0.15156	0.12294	0.01543	0.04554	0.07142	0.03523	0.08305	0.07039	0.05233	0.03468	0.01654	0.01261	0.00710	0.00599	0.00190	0.00764	0.00537	0.00456	0.13038
1	0.04880	0.04620	0.14207	0.04369	0.02162	0.01485	0.04279	0.11845	0.06563	0.10174	0.02191	0.07119	0.06275	0.00925	0.00749	0.00213	0.03534	0.00750	0.00533	0.13127
2	0.01709	0.01769	0.14719	0.06275	0.02164	0.03991	0.01359	0.02453	0.15041	0.11036	0.06148	0.05301	0.01968	0.00906	0.00693	0.00208	0.00692	0.04128	0.00551	0.18888
3	0.02002	0.01939	0.14757	0.01464	0.02105	0.01527	0.01368	0.26467	0.02205	0.07966	0.01728	0.06737	0.01390	0.00820	0.00664	0.00189	0.00718	0.00655	0.00556	0.24744
4	0.04625	0.17854	0.23665	0.01856	0.05023	0.03817	0.09529	0.04943	0.01546	0.02152	0.01577	0.05320	0.03736	0.00976	0.02965	0.00249	0.08208	0.00661	0.00370	0.00925
5	0.01012	0.00693	0.00787	0.00789	0.00822	0.00678	0.00466	0.01056	0.01167	0.01549	0.07718	0.07502	0.08303	0.61048	0.03097	0.00605	0.00628	0.01128	0.00484	0.00468
6	0.01855	0.70048	0.06261	0.01247	0.01857	0.02706	0.01262	0.02107	0.01439	0.01697	0.01033	0.01213	0.00943	0.00775	0.02939	0.00189	0.00812	0.00400	0.00307	0.00910
7	0.01770	0.01448	0.01658	0.01223	0.01817	0.01292	0.00990	0.17433	0.01903	0.02809	0.01358	0.01535	0.01087	0.00631	0.00638	0.00139	0.03304	0.00481	0.00486	0.57998
8	0.01801	0.04696	0.14958	0.03416	0.45807	0.06919	0.02080	0.05126	0.01695	0.02354	0.01347	0.01686	0.01091	0.00664	0.00680	0.00208	0.00893	0.00595	0.02910	0.01073
9	0.01827	0.01535	0.01624	0.01438	0.01845	0.01756	0.01124	0.10887	0.58129	0.03088	0.02911	0.04603	0.04007	0.01011	0.00731	0.00240	0.00579	0.00839	0.00720	0.01107
10	0.01243	0.00928	0.01218	0.01332	0.01533	0.00965	0.01144	0.01828	0.11962	0.02260	0.03637	0.07211	0.03804	0.01814	0.00944	0.00315	0.00642	0.55826	0.00666	0.00728
11	0.01345	0.01266	0.02136	0.73264	0.04904	0.01582	0.01978	0.01819	0.01424	0.01819	0.01266	0.01898	0.00949	0.00712	0.00712	0.00237	0.00949	0.00633	0.00316	0.00791
12	0.01923	0.01961	0.05055	0.05965	0.38951	0.11828	0.01811	0.11213	0.03925	0.02503	0.01831	0.02085	0.06233	0.00780	0.00707	0.00212	0.00868	0.00675	0.00434	0.01040
13	0.01926	0.01607	0.01697	0.01480	0.01911	0.01844	0.01165	0.14447	0.58332	0.03229	0.02701	0.02500	0.02014	0.00948	0.00723	0.00237	0.00600	0.00778	0.00723	0.01141
14	0.01762	0.01692	0.02890	0.04371	0.70533	0.01692	0.02185	0.02185	0.01621	0.02326	0.01339	0.01762	0.01128	0.00634	0.00705	0.00211	0.00846	0.00634	0.00352	0.01128
15	0.01477	0.01266	0.01477	0.01055	0.01687	0.00949	0.00844	0.01793	0.01477	0.02320	0.01266	0.01477	0.01055	0.00527	0.00527	0.00105	0.00527	0.00422	0.00422	0.79328
16	0.80005	0.01377	0.01047	0.00936	0.01377	0.01597	0.00771	0.02093	0.01212	0.03195	0.00991	0.01157	0.00771	0.00661	0.00441	0.00220	0.00551	0.00386	0.00441	0.00771
17	0.00993	0.00678	0.00869	0.00945	0.01050	0.00623	0.00654	0.01162	0.01523	0.04791	0.16431	0.48053	0.11906	0.05575	0.01015	0.00289	0.00415	0.01730	0.00681	0.00616
18	0.01762	0.01692	0.02890	0.04371	0.70533	0.01692	0.02185	0.02185	0.01621	0.02326	0.01339	0.01762	0.01128	0.00634	0.00705	0.00211	0.00846	0.00634	0.00352	0.01128
19	0.01345	0.01266	0.02136	0.73264	0.04904	0.01582	0.01978	0.01819	0.01424	0.01819	0.01266	0.01898	0.00949	0.00712	0.00712	0.00237	0.00949	0.00633	0.00316	0.00791
20	0.00873	0.00627	0.00820	0.00972	0.01020	0.00583	0.00647	0.00994	0.01363	0.01806	0.04007	0.68974	0.07511	0.04882	0.01006	0.00302	0.00421	0.01965	0.00653	0.00574
21	0.01268	0.00847	0.00959	0.00890	0.01067	0.00810	0.00620	0.06767	0.01592	0.07119	0.11485	0.07575	0.22310	0.31357	0.01954	0.00419	0.00547	0.01179	0.00602	0.00635
22	0.00870	0.00657	0.00807	0.00923	0.01028	0.00594	0.00644	0.01019	0.01451	0.01861	0.04896	0.51908	0.24163	0.02094	0.00892	0.00276	0.00407	0.04261	0.00661	0.00588
23	0.01825	0.01530	0.01612	0.01432	0.01838	0.01760	0.01119	0.08603	0.61508	0.03081	0.02785	0.02584	0.02086	0.00952	0.00715	0.00236	0.00571	0.00787	0.03861	0.01115
24	0.01064	0.00814	0.00999	0.01032	0.01169	0.00820	0.00740	0.03007	0.09178	0.02226	0.17943	0.40168	0.10412	0.03789	0.00975	0.00275	0.02442	0.01587	0.00680	0.00678
25	0.02413	0.01848	0.01971	0.01579	0.02096	0.02071	0.01282	0.47930	0.24056	0.04013	0.02083	0.02007	0.01513	0.00890	0.00716	0.00222	0.00714	0.00693	0.00716	0.01185
26	0.01008	0.00728	0.00952	0.00896	0.01064	0.00672	0.00672	0.01344	0.02016	0.02855	0.70158	0.05319	0.06719	0.01456	0.00840	0.00224	0.00336	0.01288	0.00784	0.00672
27	0.00904	0.00635	0.00815	0.00945	0.00977	0.00603	0.00611	0.01001	0.01292	0.01723	0.03559	0.59300	0.04248	0.18072	0.01500	0.00377	0.00473	0.01809	0.00611	0.00546
28	0.01048	0.00741	0.00841	0.00836	0.00916	0.00721	0.00531	0.03689	0.01338	0.01759	0.08606	0.13056	0.14223	0.45792	0.02518	0.00514	0.00580	0.01231	0.00535	0.00526
29	0.02707	0.01995	0.02137	0.01638	0.02208	0.02208	0.01353	0.68159	0.03348	0.04488	0.01710	0.01710	0.01211	0.00855	0.00712	0.00214	0.00784	0.00641	0.00712	0.01211
30	0.01023	0.00685	0.00780	0.00793	0.00796	0.00682	0.00448	0.01032	0.01060	0.01413	0.02368	0.09823	0.02746	0.69598	0.03424	0.00661	0.00670	0.01109	0.00448	0.00442
31	0.00884	0.00649	0.00822	0.00934	0.01017	0.00595	0.00637	0.01035	0.01461	0.01930	0.11423	0.54778	0.14624	0.04447	0.00980	0.00288	0.00406	0.01836	0.00667	0.00587
32	0.01088	0.00816	0.00961	0.01001	0.01160	0.00786	0.00715	0.09297	0.01676	0.02175	0.04502	0.48009	0.21236	0.01950	0.00867	0.00267	0.00445	0.01718	0.00667	0.00662
33	0.69149	0.01354	0.01132	0.00983	0.01439	0.01520	0.00810	0.02288	0.01329	0.12782	0.01248	0.01336	0.00911	0.00692	0.00480	0.00220	0.00559	0.00432	0.00503	0.00833
34	0.01022	0.00718	0.00867	0.00893	0.00966	0.00696	0.00584	0.03257	0.01423	0.01918	0.15533	0.27180	0.06960	0.32443	0.02022	0.00440	0.00525	0.01407	0.00589	0.00556
35	0.01472	0.01266	0.01502	0.03823	0.01811	0.00973	0.00887	0.01794	0.01475	0.02301	0.01266	0.01493	0.01051	0.00534	0.00534	0.00111	0.00544	0.00430	0.00418	0.76318
36	0.01024	0.00680	0.00788	0.00806	0.00811	0.00675	0.00464	0.01027	0.01068	0.01424	0.02394	0.12358	0.02775	0.64168	0.03290	0.03565	0.00657	0.01130	0.00453	0.00443
37	0.00874	0.00630	0.00817	0.00963	0.01016	0.00585	0.00642	0.00996	0.01364	0.01803	0.04057	0.66634	0.08897	0.05791	0.01038	0.00306	0.00423	0.01941	0.00650	0.00573
38	0.01110	0.00628	0.00911	0.00961	0.00982	0.00624	0.00649	0.00970	0.01074	0.01441	0.02098	0.24214	0.02329	0.02588	0.06756	0.50134	0.00640	0.01056	0.00421	0.00412
39	0.01762	0.01692	0.02890	0.04371	0.70533	0.01692	0.02185	0.02185	0.01621	0.02326	0.01339	0.01762	0.01128	0.00634	0.00705	0.00211	0.00846	0.00634	0.00352	0.01128
40	0.02643	0.01963	0.02101	0.01625	0.02184	0.02179	0.01338	0.63784	0.07827	0.04385	0.01790	0.01774	0.01276	0.00862	0.00713	0.00216	0.00769	0.00652	0.00713	0.01205
41	0.00945	0.00725	0.00865	0.00830	0.01025	0.00645	0.00623	0.01223	0.01868	0.02505	0.46454	0.05897	0.30641	0.01587	0.00840	0.00230	0.00345	0.01369	0.00738	0.00645
42	0.01428	0.03683	0.71286	0.02030	0.03082	0.01654	0.02631	0.02255	0.01503	0.02255	0.01278	0.01503	0.00902	0.00677	0.00677	0.00226	0.01052	0.00526	0.00301	0.01052
43	0.00842	0.00721	0.00721	0.00721	0.00962	0.00601	0.00541	0.01022	0.01623	0.01924	0.07213	0.06853	0.70244	0.01803	0.00842	0.00240	0.00361	0.01503	0.00661	0.00601
44	0.01017	0.00763	0.01144	0.01144	0.01272	0.00890	0.00890	0.01272	0.01144	0.01653	0.01907	0.02797	0.01780	0.05340	0.72153	0.01144	0.01907	0.00763	0.00381	0.00636
45	0.01345	0.01266	0.02136	0.73264	0.04904	0.01582	0.01978	0.01819	0.01424	0.01819	0.01266	0.01898	0.00949	0.00712	0.00712	0.00237	0.00949	0.00633	0.00316	0.00791
46	0.02916	0.01659	0.01929	0.01479	0.02041	0.01710	0.01222	0.40419	0.02786	0.33021	0.02181	0.02016	0.01448	0.00866	0.00714	0.00217	0.00707	0.00673	0.00785	0.01211
47	0.01575	0.01344	0.01628	0.01171	0.01802	0.01074	0.03399	0.06717	0.01623	0.02479	0.01305	0.01510	0.01067	0.00554	0.00553	0.00119	0.00572	0.00454	0.00441	0.70614
48	0.00866	0.00625	0.00821	0.00978	0.01029	0.00579	0.00655	0.00993	0.01376	0.01823	0.04087	0.71173	0.07942	0.02210	0.00906	0.00287	0.00411	0.01999	0.00661	0.00579
49	0.01452	0.01240	0.01450	0.01052	0.01661	0.00934	0.00836	0.01761	0.01472	0.02300	0.01373	0.04422	0.01202	0.00596	0.00543	0.00113	0.00523	0.00487	0.00432	0.76152
50	0.01036	0.00690	0.00777	0.00777	0.00777	0.00690	0.00431	0.01036	0.01036	0.01381	0.02244	0.04660	0.02589	0.74975	0.03624	0.00690	0.00690	0.01036	0.00431	0.00431
51	0.07450	0.15951	0.11813	0.17525	0.08369	0.04624	0.01660	0.04656	0.04835	0.02139	0.01334	0.03974	0.01128	0.00819	0.00863	0.00225	0.10761	0.00598	0.00372	0.00902
52	0.01648	0.38799	0.26801	0.07237	0.02549	0.02196	0.04255	0.02118	0.01460	0.01908	0.01168	0.01428	0.00957	0.00848	0.03717	0.00231	0.00943	0.00485	0.00310	0.00941
53	0.00891	0.00737	0.00790	0.00817	0.01045	0.00637	0.00639	0.01095	0.01626	0.01957	0.06656	0.07044	0.59532	0.01830	0.00865	0.00255	0.00408	0.11906	0.00660	0.00610
54	0.01951	0.62791	0.08394	0.01325	0.01956	0.04671	0.01334	0.07042	0.01608	0.01927	0.01067	0.01214	0.00935	0.00636	0.00497	0.00163	0.00799	0.00413	0.00336	0.00943
55	0.02191	0.04503	0.07015	0.01515	0.02016	0.01826	0.01301	0.39493	0.10543	0.06216	0.02202	0.12268	0.01882	0.01070	0.00737	0.00230	0.00714	0.02539	0.00666	0.01075
56	0.00908	0.00643	0.00844	0.00990	0.01036	0.00609	0.00670	0.01032	0.01346	0.01790	0.03718	0.61473	0.04418	0.10671	0.01230	0.00339	0.00463	0.06619	0.00634	0.00567
57	0.02612	0.02119	0.07248	0.01667	0.02273	0.02167	0.01448	0.63287	0.03212	0.04323	0.01678	0.01694	0.01188	0.00842	0.00710	0.00215	0.00803	0.00633	0.00682	0.01199
58	0.02313	0.12163	0.02232	0.01799	0.09452	0.10008	0.01329	0.21631	0.14410	0.11693	0.01862	0.01893	0.01394	0.00982	0.03477	0.00244	0.00826	0.00627	0.00587	0.01078

[dist]
# distance from previous block
# <min> <max>
0	3

[block]
# block no. 1 follows, 29 sequences, length 19
# corresponding to MSA columns:
# 113-131
name=unknown_B
#
# <colnr> <probs for GDERKNQSTAVLIFYWHMCP>
#	G	D	E	R	K	N	Q	S	T	A	V	L	I	F	Y	W	H	M	C	P
0	0.02406	0.01915	0.02139	0.02003	0.12156	0.05332	0.01426	0.47219	0.08027	0.03797	0.01823	0.05226	0.01425	0.00891	0.00718	0.00218	0.00782	0.00710	0.00642	0.01144
1	0.02219	0.05589	0.05922	0.02035	0.10528	0.36020	0.01490	0.06678	0.10533	0.02191	0.01400	0.01576	0.01129	0.00771	0.00754	0.00201	0.05338	0.00544	0.00425	0.04656
2	0.01563	0.01346	0.01584	0.01187	0.01741	0.01183	0.00955	0.05065	0.06186	0.02410	0.01367	0.01576	0.01128	0.00642	0.00722	0.00140	0.07515	0.00478	0.00446	0.62765
3	0.01104	0.00901	0.00968	0.01058	0.01141	0.06186	0.00717	0.03978	0.01457	0.01871	0.03407	0.57211	0.04009	0.10980	0.01213	0.00327	0.00530	0.01724	0.00612	0.00606
4	0.01319	0.01189	0.02024	0.11848	0.02404	0.01195	0.18697	0.07201	0.01676	0.02227	0.05691	0.29971	0.06878	0.01401	0.00841	0.00258	0.00730	0.03137	0.00542	0.00771
5	0.01034	0.00698	0.00813	0.00813	0.00826	0.00710	0.00477	0.01059	0.01046	0.01408	0.02210	0.04474	0.02508	0.68035	0.10455	0.00736	0.00812	0.01008	0.00426	0.00452
6	0.01550	0.01309	0.01516	0.01089	0.01718	0.01024	0.00874	0.05736	0.01588	0.02449	0.01292	0.01490	0.01064	0.00547	0.00538	0.00112	0.00543	0.00435	0.00439	0.74687
7	0.01256	0.00670	0.00718	0.00729	0.00875	0.00677	0.00536	0.01550	0.01433	0.02452	0.02397	0.07710	0.02060	0.05199	0.06225	0.00278	0.00478	0.00785	0.63328	0.00643
8	0.01680	0.01706	0.02525	0.25653	0.07890	0.07660	0.13529	0.05113	0.05605	0.02095	0.01328	0.01798	0.01064	0.00837	0.01115	0.00248	0.18236	0.00664	0.00372	0.00883
9	0.01026	0.00686	0.00779	0.00788	0.00791	0.00684	0.00444	0.01033	0.01054	0.01405	0.02336	0.08496	0.02705	0.70980	0.03475	0.00668	0.00675	0.01090	0.00444	0.00440
10	0.01555	0.01729	0.06238	0.11594	0.08305	0.01815	0.27750	0.01977	0.01439	0.02028	0.01368	0.05292	0.01190	0.00898	0.01267	0.00261	0.23287	0.00774	0.00351	0.00882
11	0.02600	0.01080	0.01462	0.01166	0.01613	0.00945	0.00945	0.02892	0.02032	0.52492	0.21120	0.03211	0.03110	0.01037	0.00750	0.00221	0.00533	0.00872	0.00855	0.01065
12	0.00939	0.00717	0.00861	0.00842	0.01026	0.00640	0.00625	0.01204	0.01827	0.02448	0.42937	0.11282	0.28791	0.01638	0.00846	0.00235	0.00351	0.01421	0.00731	0.00640
13	0.01027	0.00687	0.00779	0.00787	0.00789	0.00685	0.00443	0.01033	0.01051	0.01402	0.02325	0.08044	0.02692	0.71451	0.03493	0.00671	0.00677	0.01083	0.00443	0.00439
14	0.00952	0.00718	0.00852	0.00829	0.00996	0.00648	0.00601	0.01191	0.01752	0.02346	0.39511	0.08141	0.26900	0.10056	0.01163	0.00285	0.00387	0.01354	0.00699	0.00618
15	0.38822	0.12315	0.01777	0.01307	0.01744	0.25693	0.01057	0.02442	0.05119	0.02481	0.01129	0.01277	0.00915	0.00695	0.00526	0.00200	0.00829	0.00432	0.00412	0.00828
16	0.01165	0.00796	0.00895	0.00864	0.00915	0.00811	0.00525	0.06702	0.01253	0.01673	0.02312	0.09143	0.02616	0.63787	0.03194	0.00623	0.00679	0.01069	0.00471	0.00507
17	0.07402	0.47207	0.03020	0.04191	0.02020	0.12943	0.02917	0.02347	0.06758	0.01928	0.01183	0.01339	0.01011	0.00661	0.00526	0.00173	0.00823	0.00448	0.00360	0.02744
18	0.01997	0.09497	0.07355	0.04876	0.02089	0.03462	0.01310	0.27647	0.07354	0.02929	0.01583	0.01927	0.01286	0.06554	0.01112	0.04587	0.05704	0.00622	0.00517	0.07592

[dist]
# distance from previous block
# <min> <max>
2	9

[block]
# block no. 2 follows, 29 sequences, length 16
# corresponding to MSA columns:
# 141-156
name=unknown_C
#
# <colnr> <probs for GDERKNQSTAVLIFYWHMCP>
#	G	D	E	R	K	N	Q	S	T	A	V	L	I	F	Y	W	H	M	C	P
0	0.01971	0.29439	0.09391	0.05396	0.02228	0.13721	0.04837	0.06016	0.01652	0.06127	0.01315	0.01639	0.01103	0.04227	0.03699	0.00254	0.05154	0.00539	0.00386	0.00903
1	0.01706	0.08155	0.28046	0.05570	0.12287	0.06872	0.06646	0.04401	0.07083	0.03898	0.01471	0.01742	0.01136	0.00984	0.04851	0.00273	0.02896	0.00600	0.00384	0.01001
2	0.00889	0.00637	0.00846	0.00977	0.01038	0.00593	0.00663	0.01046	0.01465	0.01979	0.14243	0.63732	0.05023	0.02110	0.00898	0.00279	0.00401	0.01910	0.00680	0.00593
3	0.30381	0.01579	0.06072	0.15797	0.11670	0.01604	0.04731	0.05228	0.01538	0.10602	0.01373	0.01628	0.01018	0.00720	0.00672	0.00227	0.03233	0.00556	0.00451	0.00921
4	0.01978	0.01285	0.01554	0.01291	0.01637	0.01323	0.03224	0.26103	0.02178	0.13556	0.05612	0.13208	0.05060	0.13603	0.03008	0.02146	0.00687	0.00991	0.00657	0.00898
5	0.02229	0.01878	0.10329	0.01637	0.02186	0.01714	0.06211	0.37154	0.02531	0.11004	0.02126	0.13811	0.01804	0.01045	0.00750	0.00230	0.00765	0.00879	0.00647	0.01069
6	0.00861	0.00717	0.00752	0.00755	0.00977	0.00608	0.00562	0.01056	0.01653	0.02021	0.14021	0.10177	0.59818	0.01787	0.00845	0.00241	0.00361	0.01506	0.00675	0.00608
7	0.01665	0.04339	0.05200	0.05064	0.08794	0.05275	0.11123	0.02248	0.11619	0.09878	0.02412	0.20710	0.02264	0.01370	0.04458	0.00287	0.00808	0.01039	0.00544	0.00902
8	0.02155	0.16977	0.09031	0.09590	0.02479	0.14718	0.01530	0.22950	0.04107	0.02681	0.01345	0.01538	0.01049	0.00782	0.00761	0.00208	0.06107	0.00548	0.00457	0.00987
9	0.13286	0.02065	0.13798	0.10384	0.15102	0.07151	0.11212	0.02124	0.01465	0.02229	0.01195	0.01595	0.00961	0.00763	0.00960	0.00237	0.13613	0.00593	0.00348	0.00917
10	0.01047	0.00785	0.01007	0.01110	0.01298	0.00745	0.00939	0.01329	0.01651	0.02100	0.07824	0.07545	0.24658	0.01893	0.00933	0.00296	0.00550	0.42986	0.00663	0.00640
11	0.01918	0.05957	0.02226	0.11970	0.07349	0.10088	0.07665	0.14427	0.20106	0.02673	0.01960	0.07099	0.01611	0.00894	0.00718	0.00225	0.00823	0.00764	0.00534	0.00993
12	0.06108	0.10175	0.13800	0.08143	0.33798	0.01814	0.11807	0.02173	0.01555	0.02249	0.01281	0.01652	0.01029	0.00640	0.00679	0.00214	0.00912	0.00606	0.00343	0.01023
13	0.00897	0.00635	0.00827	0.00959	0.01002	0.00598	0.00632	0.01017	0.01358	0.01820	0.07399	0.61750	0.04551	0.11463	0.01251	0.00337	0.00444	0.01857	0.00639	0.00565
14	0.10599	0.01416	0.01513	0.01321	0.01730	0.01573	0.01042	0.07525	0.41977	0.11017	0.10147	0.02699	0.02417	0.00970	0.00704	0.00233	0.00556	0.00792	0.00717	0.01052
15	0.09946	0.06993	0.05322	0.11858	0.05233	0.01913	0.03458	0.28107	0.02177	0.04750	0.01415	0.01627	0.01068	0.00776	0.00773	0.00213	0.06097	0.00579	0.00508	0.07187

[dist]
# distance from previous block
# <min> <max>
3	11

[block]
# block no. 3 follows, 29 sequences, length 6
# corresponding to MSA columns:
# 169-174
name=unknown_D
#
# <colnr> <probs for GDERKNQSTAVLIFYWHMCP>
#	G	D	E	R	K	N	Q	S	T	A	V	L	I	F	Y	W	H	M	C	P
0	0.02557	0.13397	0.02267	0.01734	0.02149	0.57440	0.01352	0.07373	0.02032	0.01928	0.01128	0.01294	0.00938	0.00725	0.00621	0.00181	0.01175	0.00461	0.00383	0.00865
1	0.01428	0.01339	0.01262	0.01199	0.01346	0.15124	0.00872	0.03987	0.01460	0.01821	0.08020	0.08353	0.02427	0.23144	0.20906	0.00605	0.04702	0.00906	0.00458	0.00643
2	0.02513	0.02124	0.01926	0.01598	0.02076	0.18392	0.01270	0.29913	0.19400	0.10449	0.01980	0.01922	0.01441	0.00857	0.00699	0.00214	0.00827	0.00647	0.00652	0.01100
3	0.00956	0.00686	0.00859	0.00889	0.00989	0.00641	0.00610	0.01146	0.01584	0.02162	0.30847	0.27149	0.10148	0.16405	0.01418	0.00339	0.00433	0.01486	0.00665	0.00589
4	0.02610	0.01758	0.01943	0.01532	0.02065	0.01907	0.01252	0.43413	0.16263	0.16420	0.02149	0.02030	0.01505	0.00882	0.00715	0.00220	0.00707	0.00688	0.00746	0.01194
5	0.01129	0.00739	0.00975	0.00940	0.01109	0.00679	0.00695	0.01418	0.01887	0.07297	0.52342	0.18935	0.05980	0.01571	0.00845	0.00237	0.00370	0.01396	0.00766	0.00690

[dist]
# distance from previous block
# <min> <max>
3	27

[block]
# block no. 4 follows, 29 sequences, length 6
# corresponding to MSA columns:
# 202-207
name=unknown_E
#
# <colnr> <probs for GDERKNQSTAVLIFYWHMCP>
#	G	D	E	R	K	N	Q	S	T	A	V	L	I	F	Y	W	H	M	C	P
0	0.09064	0.02076	0.02275	0.06357	0.21488	0.18063	0.05197	0.14327	0.07174	0.02678	0.01439	0.01664	0.01128	0.00724	0.00672	0.00208	0.00903	0.00590	0.00458	0.03516
1	0.22257	0.04054	0.06913	0.12355	0.07080	0.04033	0.01368	0.08802	0.04540	0.15440	0.01722	0.02069	0.01310	0.00813	0.00644	0.00225	0.00740	0.04145	0.00530	0.00960
2	0.07065	0.04952	0.01238	0.01067	0.01290	0.09259	0.00790	0.03891	0.01592	0.06371	0.11344	0.18618	0.10896	0.13492	0.04713	0.00351	0.00670	0.01136	0.00573	0.00693
3	0.05503	0.39936	0.08171	0.01386	0.01917	0.14083	0.01307	0.05539	0.01682	0.02049	0.05011	0.02048	0.01510	0.00814	0.00584	0.00189	0.00832	0.06158	0.00398	0.00883
4	0.01292	0.01120	0.01296	0.01498	0.11093	0.07140	0.00882	0.01399	0.01261	0.01641	0.02189	0.14804	0.02453	0.41109	0.02423	0.00487	0.05801	0.01055	0.00442	0.00614
5	0.23400	0.19221	0.07570	0.01489	0.07706	0.01766	0.01223	0.07839	0.01649	0.06671	0.06452	0.05720	0.01733	0.00878	0.00605	0.00212	0.00673	0.03807	0.00485	0.00901

[dist]
# distance from previous block
# <min> <max>
1	8

[block]
# block no. 5 follows, 29 sequences, length 12
# corresponding to MSA columns:
# 216-227
name=unknown_F
#
# <colnr> <probs for GDERKNQSTAVLIFYWHMCP>
#	G	D	E	R	K	N	Q	S	T	A	V	L	I	F	Y	W	H	M	C	P
0	0.06582	0.59879	0.08050	0.01222	0.01804	0.02491	0.01227	0.02051	0.01403	0.01785	0.01111	0.01450	0.01038	0.06572	0.00725	0.00205	0.00763	0.00444	0.00323	0.00876
1	0.08181	0.15501	0.42415	0.01780	0.02604	0.01780	0.07296	0.02146	0.01526	0.02287	0.06940	0.01762	0.01391	0.00722	0.00645	0.00213	0.00912	0.00578	0.00358	0.00965
2	0.12355	0.10114	0.09892	0.04975	0.02097	0.05931	0.01316	0.17583	0.06689	0.11918	0.01875	0.08912	0.01541	0.00915	0.00661	0.00219	0.00744	0.00712	0.00562	0.00989
3	0.01453	0.00865	0.01077	0.00959	0.01180	0.00813	0.00709	0.05082	0.01853	0.13849	0.36810	0.04612	0.08897	0.17062	0.01408	0.00324	0.00481	0.01120	0.00713	0.00733
4	0.01904	0.75404	0.03731	0.01218	0.01828	0.02818	0.01218	0.02132	0.01447	0.01675	0.00990	0.01142	0.00914	0.00609	0.00457	0.00152	0.00761	0.00381	0.00305	0.00914
5	0.06713	0.20168	0.47003	0.01902	0.06521	0.01924	0.02154	0.02212	0.01478	0.02185	0.01195	0.01411	0.00909	0.00657	0.00611	0.00207	0.00940	0.00489	0.00314	0.01006
6	0.01770	0.01073	0.01377	0.05274	0.01636	0.01118	0.00955	0.14073	0.01787	0.15730	0.05780	0.10673	0.02288	0.12535	0.16515	0.04174	0.00914	0.00921	0.00592	0.00815
7	0.00892	0.00639	0.00848	0.00975	0.01038	0.00595	0.00663	0.01053	0.01478	0.02000	0.15540	0.62377	0.05062	0.02095	0.00897	0.00278	0.00400	0.01895	0.00683	0.00595
8	0.07582	0.09248	0.25935	0.09225	0.15285	0.08515	0.01919	0.02369	0.01600	0.09867	0.01394	0.01613	0.01038	0.00693	0.00649	0.00212	0.00913	0.00548	0.00394	0.01003
9	0.02155	0.17698	0.06437	0.06442	0.08075	0.02099	0.01455	0.34849	0.02453	0.03265	0.06950	0.01882	0.01546	0.00812	0.00665	0.00203	0.00775	0.00629	0.00550	0.01060
10	0.01422	0.00868	0.01132	0.01020	0.01257	0.00828	0.00784	0.05440	0.01981	0.12906	0.46395	0.08704	0.05126	0.01714	0.06886	0.00305	0.00540	0.01166	0.00752	0.00774
11	0.00953	0.00651	0.00848	0.00931	0.00984	0.00618	0.00619	0.01055	0.01382	0.01872	0.14975	0.43899	0.04390	0.14991	0.01537	0.07069	0.00466	0.01601	0.00612	0.00546

[dist]
# distance from previous block
# <min> <max>
0	12

[block]
# block no. 6 follows, 29 sequences, length 12
# corresponding to MSA columns:
# 240-251
name=unknown_G
#
# <colnr> <probs for GDERKNQSTAVLIFYWHMCP>
#	G	D	E	R	K	N	Q	S	T	A	V	L	I	F	Y	W	H	M	C	P
0	0.21905	0.01969	0.06133	0.06383	0.11749	0.13990	0.01371	0.14880	0.01910	0.04577	0.04009	0.01852	0.03009	0.02519	0.00704	0.00224	0.00814	0.00592	0.00480	0.00930
1	0.36935	0.07835	0.01708	0.13860	0.06978	0.11346	0.01187	0.02083	0.01461	0.02501	0.04422	0.01757	0.03884	0.00755	0.00569	0.00213	0.00742	0.00540	0.00415	0.00808
2	0.01809	0.01969	0.06031	0.11665	0.46046	0.11440	0.02034	0.02209	0.01615	0.02147	0.01270	0.01687	0.01055	0.00696	0.00795	0.00217	0.05343	0.00604	0.00345	0.01023
3	0.01254	0.01228	0.10976	0.01159	0.01483	0.00911	0.01046	0.01747	0.06064	0.06782	0.41984	0.08456	0.04945	0.01373	0.00820	0.00239	0.00504	0.07551	0.00698	0.00780
4	0.01019	0.00758	0.01118	0.01118	0.01236	0.00876	0.00857	0.01255	0.01137	0.01633	0.01931	0.02931	0.01838	0.10330	0.67243	0.01112	0.01820	0.00782	0.00385	0.00621
5	0.02341	0.01810	0.01976	0.05790	0.02258	0.02038	0.01321	0.44584	0.23377	0.03870	0.02047	0.02010	0.01490	0.00880	0.00716	0.00224	0.00726	0.00691	0.00693	0.01161
6	0.01022	0.00737	0.00972	0.00938	0.01106	0.00687	0.00720	0.01357	0.01977	0.02782	0.63422	0.05594	0.06453	0.01508	0.00854	0.00234	0.00368	0.07827	0.00771	0.00670
7	0.01212	0.00770	0.01003	0.00930	0.01133	0.00700	0.00702	0.01521	0.01957	0.09658	0.55898	0.09420	0.09419	0.01464	0.00832	0.00229	0.00369	0.01287	0.00780	0.00717
8	0.01008	0.00728	0.00952	0.00896	0.01064	0.00672	0.00672	0.01344	0.02016	0.02855	0.70158	0.05319	0.06719	0.01456	0.00840	0.00224	0.00336	0.01288	0.00784	0.00672
9	0.01011	0.00735	0.00956	0.00920	0.01091	0.00680	0.00702	0.01339	0.01969	0.02759	0.62288	0.05594	0.09368	0.01510	0.00851	0.00233	0.00361	0.06197	0.00769	0.00667
10	0.02348	0.07996	0.02340	0.06062	0.16903	0.44314	0.01568	0.06437	0.01939	0.02028	0.01188	0.01433	0.00981	0.00710	0.00650	0.00192	0.01106	0.00510	0.00377	0.00917
11	0.18488	0.01791	0.13571	0.27991	0.15692	0.01631	0.01804	0.02156	0.06180	0.02364	0.01336	0.01700	0.01021	0.00699	0.00647	0.00227	0.00834	0.00574	0.00376	0.00916

[dist]
# distance from previous block
# <min> <max>
0	7

[block]
# block no. 7 follows, 29 sequences, length 22
# corresponding to MSA columns:
# 259-280
name=unknown_H
#
# <colnr> <probs for GDERKNQSTAVLIFYWHMCP>
#	G	D	E	R	K	N	Q	S	T	A	V	L	I	F	Y	W	H	M	C	P
0	0.11699	0.16123	0.32576	0.01771	0.05719	0.01760	0.05413	0.02249	0.01548	0.07892	0.05784	0.01749	0.01355	0.00723	0.00630	0.00211	0.00850	0.00568	0.00403	0.00978
1	0.14439	0.08559	0.29215	0.04212	0.05535	0.09883	0.01785	0.06460	0.01641	0.02441	0.04955	0.01642	0.01234	0.00756	0.00711	0.00217	0.04442	0.00546	0.00388	0.00940
2	0.01308	0.05009	0.09149	0.01063	0.01400	0.00927	0.00949	0.01673	0.01893	0.09532	0.45903	0.04520	0.11304	0.01298	0.00789	0.00222	0.00469	0.01116	0.00702	0.00776
3	0.01519	0.01373	0.02200	0.49262	0.16818	0.01596	0.01876	0.07577	0.01666	0.02214	0.05895	0.02084	0.01389	0.00759	0.00719	0.00230	0.00875	0.00677	0.00388	0.00883
4	0.02679	0.01223	0.01564	0.01244	0.01726	0.01136	0.01011	0.08298	0.07699	0.49112	0.10408	0.02925	0.05678	0.00995	0.00736	0.00223	0.00575	0.00820	0.00833	0.01115
5	0.01059	0.00781	0.00996	0.00933	0.01116	0.00745	0.00702	0.01506	0.06482	0.02864	0.65689	0.05142	0.06417	0.01423	0.00832	0.00225	0.00351	0.01256	0.00780	0.00702
6	0.00983	0.00727	0.00918	0.00870	0.01049	0.00661	0.00653	0.01296	0.01958	0.02718	0.60896	0.05545	0.16065	0.01507	0.00840	0.00226	0.00340	0.01319	0.00766	0.00661
7	0.80005	0.01377	0.01047	0.00936	0.01377	0.01597	0.00771	0.02093	0.01212	0.03195	0.00991	0.01157	0.00771	0.00661	0.00441	0.00220	0.00551	0.00386	0.00441	0.00771
8	0.01762	0.01692	0.02890	0.04371	0.70533	0.01692	0.02185	0.02185	0.01621	0.02326	0.01339	0.01762	0.01128	0.00634	0.00705	0.00211	0.00846	0.00634	0.00352	0.01128
9	0.01139	0.00952	0.01332	0.09015	0.01727	0.03687	0.01057	0.01410	0.01205	0.01677	0.01763	0.02587	0.01619	0.04479	0.58537	0.00972	0.05075	0.00731	0.00371	0.00666
10	0.01345	0.01266	0.02136	0.73264	0.04904	0.01582	0.01978	0.01819	0.01424	0.01819	0.01266	0.01898	0.00949	0.00712	0.00712	0.00237	0.00949	0.00633	0.00316	0.00791
11	0.01605	0.01637	0.02174	0.01868	0.01884	0.05202	0.01550	0.01762	0.01131	0.01715	0.00942	0.01546	0.00934	0.01224	0.02264	0.00306	0.70545	0.00616	0.00314	0.00781
12	0.11797	0.01273	0.01611	0.01250	0.01790	0.01172	0.01032	0.06841	0.02017	0.59780	0.02545	0.02242	0.01621	0.00855	0.00685	0.00220	0.00609	0.00675	0.00823	0.01162
13	0.01237	0.00618	0.00928	0.00928	0.00928	0.00618	0.00618	0.00928	0.00928	0.01237	0.01237	0.02165	0.01237	0.02474	0.02783	0.79283	0.00618	0.00618	0.00309	0.00309
14	0.00892	0.00736	0.00792	0.00814	0.01040	0.00636	0.00634	0.01100	0.01640	0.01989	0.09072	0.06967	0.58218	0.01814	0.00862	0.00253	0.00403	0.10861	0.00665	0.00612
15	0.01087	0.00800	0.00993	0.00918	0.01118	0.00752	0.00696	0.05177	0.02046	0.02839	0.58709	0.05292	0.13950	0.01462	0.00833	0.00225	0.00365	0.01276	0.00765	0.00695
16	0.66537	0.01339	0.01099	0.00972	0.01390	0.01527	0.00794	0.05836	0.01427	0.03231	0.08903	0.01662	0.01473	0.00763	0.00502	0.00220	0.00540	0.00503	0.00495	0.00785
17	0.12559	0.01764	0.04043	0.31858	0.13706	0.11569	0.01676	0.07952	0.01689	0.02330	0.01446	0.01819	0.03188	0.00743	0.00667	0.00221	0.00895	0.00600	0.00392	0.00884
18	0.18279	0.17745	0.01687	0.01051	0.01383	0.01490	0.00882	0.01814	0.05153	0.02562	0.29366	0.03215	0.06675	0.01074	0.00743	0.00214	0.04488	0.00839	0.00567	0.00774
19	0.10857	0.01661	0.06548	0.01480	0.01932	0.01633	0.04661	0.34275	0.02347	0.03341	0.02190	0.21552	0.02089	0.01183	0.00739	0.00237	0.00696	0.00993	0.00621	0.00964
20	0.01478	0.02832	0.46815	0.02069	0.09876	0.01524	0.02170	0.06357	0.01709	0.02480	0.10502	0.02367	0.01869	0.00849	0.00718	0.00228	0.00899	0.03843	0.00414	0.01001
21	0.01810	0.07485	0.44401	0.01703	0.02529	0.01499	0.02004	0.02421	0.01646	0.17509	0.04428	0.02203	0.03395	0.00823	0.00692	0.00223	0.00874	0.02846	0.00470	0.01038

[dist]
# distance from previous block
# <min> <max>
1	5

[block]
# block no. 8 follows, 29 sequences, length 19
# corresponding to MSA columns:
# 286-304
name=unknown_I
#
# <colnr> <probs for GDERKNQSTAVLIFYWHMCP>
#	G	D	E	R	K	N	Q	S	T	A	V	L	I	F	Y	W	H	M	C	P
0	0.02316	0.01022	0.01381	0.01183	0.01572	0.00908	0.00964	0.02591	0.01900	0.43290	0.11424	0.09758	0.05878	0.01272	0.00794	0.00244	0.00555	0.11162	0.00807	0.00981
1	0.01253	0.00815	0.01045	0.00954	0.01173	0.00761	0.00727	0.01662	0.05406	0.09427	0.58171	0.04955	0.08096	0.01387	0.00822	0.00225	0.00374	0.01215	0.00786	0.00745
2	0.04533	0.02189	0.28883	0.01661	0.04612	0.01368	0.01683	0.08502	0.01836	0.21870	0.05024	0.08154	0.01872	0.00963	0.00723	0.00232	0.00779	0.03510	0.00574	0.01034
3	0.01573	0.01504	0.02322	0.31844	0.31866	0.05465	0.01917	0.01973	0.01544	0.02038	0.01510	0.02362	0.01312	0.00844	0.00790	0.02547	0.00889	0.06427	0.00364	0.00908
4	0.01256	0.00794	0.01042	0.00988	0.01202	0.00730	0.00777	0.01572	0.01932	0.10096	0.48036	0.05534	0.10329	0.01497	0.00849	0.00241	0.00417	0.11219	0.00766	0.00723
5	0.03010	0.01344	0.01718	0.01324	0.01863	0.01257	0.01091	0.15937	0.02291	0.55319	0.05356	0.02404	0.01859	0.00900	0.00720	0.00219	0.00629	0.00725	0.00845	0.01190
6	0.01428	0.03683	0.71286	0.02030	0.03082	0.01654	0.02631	0.02255	0.01503	0.02255	0.01278	0.01503	0.00902	0.00677	0.00677	0.00226	0.01052	0.00526	0.00301	0.01052
7	0.00949	0.00784	0.00840	0.00816	0.01052	0.00706	0.00615	0.01304	0.06865	0.02211	0.20875	0.06192	0.50935	0.01662	0.00832	0.00237	0.00371	0.01402	0.00693	0.00657
8	0.01021	0.00684	0.00781	0.00795	0.00799	0.00681	0.00451	0.01032	0.01064	0.01418	0.02387	0.10625	0.02770	0.68763	0.03392	0.00656	0.00667	0.01120	0.00451	0.00444
9	0.01045	0.00778	0.00955	0.00892	0.01090	0.00721	0.00674	0.04006	0.01993	0.02739	0.55030	0.05472	0.18944	0.01499	0.00835	0.00227	0.00359	0.01304	0.00757	0.00680
10	0.01859	0.01905	0.02805	0.06585	0.56412	0.10774	0.04862	0.02260	0.01668	0.02230	0.01310	0.01713	0.01092	0.00649	0.00703	0.00210	0.00921	0.00620	0.00353	0.01069
11	0.01028	0.00754	0.00960	0.00931	0.01096	0.00712	0.00698	0.01386	0.04226	0.02638	0.53521	0.08949	0.09542	0.05146	0.00985	0.00258	0.00387	0.05373	0.00743	0.00666
12	0.01036	0.00690	0.00777	0.00777	0.00777	0.00690	0.00431	0.01036	0.01036	0.01381	0.02244	0.04660	0.02589	0.74975	0.03624	0.00690	0.00690	0.01036	0.00431	0.00431
13	0.08404	0.00869	0.01052	0.01014	0.01241	0.00850	0.00810	0.03770	0.01876	0.05436	0.39571	0.05402	0.10357	0.01477	0.00825	0.00247	0.00452	0.14920	0.00717	0.00712
14	0.02611	0.03290	0.01995	0.01813	0.02182	0.68219	0.01362	0.02895	0.05742	0.01811	0.01200	0.01360	0.00987	0.00747	0.00647	0.00187	0.01244	0.00478	0.00387	0.00842
15	0.76503	0.01370	0.01074	0.00951	0.01397	0.01572	0.00784	0.02156	0.01249	0.06288	0.01074	0.01215	0.00816	0.00671	0.00453	0.00220	0.00553	0.00401	0.00461	0.00791
16	0.73065	0.01330	0.01055	0.00951	0.01374	0.01523	0.00775	0.02081	0.01248	0.05451	0.01213	0.05186	0.01019	0.00754	0.00476	0.00224	0.00545	0.00486	0.00468	0.00776
17	0.01647	0.04489	0.02398	0.22260	0.33637	0.01673	0.01831	0.04924	0.10267	0.02349	0.04337	0.02206	0.01515	0.00776	0.00713	0.00224	0.00806	0.02519	0.00429	0.00999
18	0.01467	0.10076	0.61750	0.05460	0.03058	0.01756	0.02470	0.02222	0.01494	0.02181	0.01251	0.01490	0.00905	0.00672	0.00658	0.00219	0.01021	0.00518	0.00302	0.01027

[dist]
# distance from previous block
# <min> <max>
1	3

[block]
# block no. 9 follows, 29 sequences, length 160
# corresponding to MSA columns:
# 308-421,455-500
name=unknown_J
#
# <colnr> <probs for GDERKNQSTAVLIFYWHMCP>
#	G	D	E	R	K	N	Q	S	T	A	V	L	I	F	Y	W	H	M	C	P
0	0.67406	0.10179	0.04418	0.01017	0.01504	0.01743	0.00905	0.02105	0.01252	0.02975	0.01004	0.01170	0.00794	0.00656	0.00453	0.00213	0.00597	0.00391	0.00419	0.00800
1	0.01965	0.01440	0.01610	0.01373	0.01732	0.01550	0.01073	0.40921	0.02565	0.03440	0.04890	0.28861	0.02700	0.01386	0.00790	0.00242	0.00631	0.01177	0.00696	0.00958
2	0.00852	0.00722	0.00736	0.00732	0.00968	0.00606	0.00549	0.01042	0.01648	0.01983	0.11202	0.06756	0.66219	0.01781	0.00841	0.00239	0.00359	0.01489	0.00669	0.00606
3	0.07164	0.01469	0.02257	0.26259	0.03049	0.01843	0.08304	0.01838	0.01289	0.01940	0.01117	0.01678	0.00948	0.00925	0.01416	0.00264	0.33094	0.00622	0.00332	0.04192
4	0.57264	0.01571	0.01411	0.01191	0.01658	0.04053	0.03619	0.12414	0.06021	0.03295	0.01248	0.01375	0.00948	0.00711	0.00524	0.00220	0.00638	0.00473	0.00495	0.00872
5	0.01428	0.03683	0.71286	0.02030	0.03082	0.01654	0.02631	0.02255	0.01503	0.02255	0.01278	0.01503	0.00902	0.00677	0.00677	0.00226	0.01052	0.00526	0.00301	0.01052
6	0.01036	0.00690	0.00777	0.00777	0.00777	0.00690	0.00431	0.01036	0.01036	0.01381	0.02244	0.04660	0.02589	0.74975	0.03624	0.00690	0.00690	0.01036	0.00431	0.00431
7	0.01147	0.00820	0.01147	0.01311	0.01475	0.00820	0.01147	0.01475	0.01639	0.02131	0.03770	0.08032	0.04098	0.01967	0.00984	0.00328	0.00656	0.65741	0.00656	0.00656
8	0.01477	0.01266	0.01477	0.01055	0.01687	0.00949	0.00844	0.01793	0.01477	0.02320	0.01266	0.01477	0.01055	0.00527	0.00527	0.00105	0.00527	0.00422	0.00422	0.79328
9	0.01097	0.00749	0.00974	0.00906	0.01093	0.00686	0.00683	0.01425	0.02002	0.05787	0.64956	0.05248	0.08796	0.01443	0.00835	0.00224	0.00349	0.01271	0.00784	0.00693
10	0.80005	0.01377	0.01047	0.00936	0.01377	0.01597	0.00771	0.02093	0.01212	0.03195	0.00991	0.01157	0.00771	0.00661	0.00441	0.00220	0.00551	0.00386	0.00441	0.00771
11	0.03051	0.01442	0.01795	0.01376	0.01933	0.01389	0.01137	0.22515	0.02424	0.51437	0.02485	0.02213	0.01600	0.00874	0.00715	0.00218	0.00658	0.00694	0.00832	0.01212
12	0.01904	0.75404	0.03731	0.01218	0.01828	0.02818	0.01218	0.02132	0.01447	0.01675	0.00990	0.01142	0.00914	0.00609	0.00457	0.00152	0.00761	0.00381	0.00305	0.00914
13	0.77240	0.01373	0.01085	0.03479	0.01501	0.01597	0.00814	0.02084	0.01219	0.03146	0.01001	0.01183	0.00777	0.00663	0.00450	0.00221	0.00565	0.00394	0.00436	0.00772
14	0.01551	0.01489	0.02342	0.43540	0.26052	0.03798	0.01968	0.02108	0.06246	0.02064	0.01399	0.01888	0.01092	0.00705	0.00708	0.00228	0.00899	0.00640	0.00358	0.00926
15	0.00882	0.00716	0.00782	0.00780	0.00990	0.00616	0.00579	0.01094	0.01696	0.02132	0.21540	0.11004	0.51201	0.01752	0.00846	0.00240	0.00358	0.01488	0.00690	0.00616
16	0.01009	0.00726	0.00944	0.00891	0.01051	0.00673	0.00661	0.01330	0.01973	0.02792	0.67226	0.05291	0.06540	0.04630	0.00960	0.00244	0.00351	0.01277	0.00769	0.00661
17	0.00868	0.00620	0.00826	0.00991	0.01033	0.00578	0.00661	0.00991	0.01363	0.01818	0.03925	0.74510	0.04710	0.02231	0.00909	0.00289	0.00413	0.02024	0.00661	0.00578
18	0.02707	0.01995	0.02137	0.01638	0.02208	0.02208	0.01353	0.68159	0.03348	0.04488	0.01710	0.01710	0.01211	0.00855	0.00712	0.00214	0.00784	0.00641	0.00712	0.01211
19	0.01036	0.00690	0.00777	0.00777	0.00777	0.00690	0.00431	0.01036	0.01036	0.01381	0.02244	0.04660	0.02589	0.74975	0.03624	0.00690	0.00690	0.01036	0.00431	0.00431
20	0.02681	0.02775	0.02071	0.01748	0.02204	0.41204	0.01366	0.31725	0.02606	0.02957	0.01370	0.01472	0.01047	0.00787	0.00673	0.00197	0.01063	0.00539	0.00520	0.00996
21	0.00868	0.00620	0.00826	0.00991	0.01033	0.00578	0.00661	0.00991	0.01363	0.01818	0.03925	0.74510	0.04710	0.02231	0.00909	0.00289	0.00413	0.02024	0.00661	0.00578
22	0.00868	0.00620	0.00826	0.00991	0.01033	0.00578	0.00661	0.00991	0.01363	0.01818	0.03925	0.74510	0.04710	0.02231	0.00909	0.00289	0.00413	0.02024	0.00661	0.00578
23	0.02660	0.03394	0.02018	0.01834	0.02201	0.72116	0.01376	0.02843	0.02018	0.01743	0.01101	0.01284	0.00917	0.00734	0.00642	0.00183	0.01284	0.00459	0.00367	0.00825
24	0.02961	0.01482	0.01807	0.01397	0.01946	0.01461	0.01150	0.24392	0.06062	0.45878	0.02459	0.02205	0.01606	0.00877	0.00715	0.00219	0.00661	0.00697	0.00818	0.01207
25	0.02109	0.51782	0.05604	0.01427	0.01981	0.23082	0.01314	0.02345	0.01616	0.01715	0.01033	0.01197	0.00914	0.00648	0.00519	0.00164	0.00925	0.00409	0.00323	0.00893
26	0.01477	0.01266	0.01477	0.01055	0.01687	0.00949	0.00844	0.01793	0.01477	0.02320	0.01266	0.01477	0.01055	0.00527	0.00527	0.00105	0.00527	0.00422	0.00422	0.79328
27	0.01660	0.04857	0.02358	0.34878	0.03473	0.09402	0.07219	0.04904	0.03617	0.01971	0.01244	0.01739	0.01001	0.00837	0.01078	0.00244	0.17700	0.00624	0.00354	0.00840
28	0.01930	0.72923	0.03672	0.01240	0.01840	0.05205	0.01224	0.02157	0.01467	0.01678	0.00994	0.01147	0.00914	0.00613	0.00463	0.00153	0.00780	0.00383	0.00307	0.00911
29	0.01237	0.00618	0.00928	0.00928	0.00928	0.00618	0.00618	0.00928	0.00928	0.01237	0.01237	0.02165	0.01237	0.02474	0.02783	0.79283	0.00618	0.00618	0.00309	0.00309
30	0.00955	0.00755	0.00864	0.00831	0.01044	0.00679	0.00625	0.01278	0.04366	0.02403	0.36757	0.05970	0.37689	0.01608	0.00836	0.00233	0.00357	0.01375	0.00721	0.00654
31	0.01017	0.00763	0.01144	0.01144	0.01272	0.00890	0.00890	0.01272	0.01144	0.01653	0.01907	0.02797	0.01780	0.05340	0.72153	0.01144	0.01907	0.00763	0.00381	0.00636
32	0.04322	0.73111	0.03648	0.01210	0.01814	0.02780	0.01205	0.02131	0.01440	0.01722	0.00990	0.01143	0.00909	0.00611	0.00456	0.00154	0.00755	0.00381	0.00309	0.00909
33	0.01237	0.00618	0.00928	0.00928	0.00928	0.00618	0.00618	0.00928	0.00928	0.01237	0.01237	0.02165	0.01237	0.02474	0.02783	0.79283	0.00618	0.00618	0.00309	0.00309
34	0.01965	0.65159	0.06107	0.01314	0.01914	0.10022	0.01288	0.02211	0.01509	0.01704	0.01012	0.01171	0.00914	0.00625	0.00485	0.00158	0.00827	0.00394	0.00311	0.00910
35	0.01036	0.00690	0.00777	0.00777	0.00777	0.00690	0.00431	0.01036	0.01036	0.01381	0.02244	0.04660	0.02589	0.74975	0.03624	0.00690	0.00690	0.01036	0.00431	0.00431
36	0.04521	0.01969	0.05905	0.07454	0.11904	0.05528	0.47460	0.02262	0.01652	0.02260	0.01377	0.01824	0.01052	0.00623	0.00785	0.00232	0.01117	0.00754	0.00358	0.00959
37	0.01560	0.02283	0.27671	0.26168	0.10712	0.01684	0.02096	0.06506	0.09951	0.02348	0.01508	0.01819	0.01118	0.00731	0.00700	0.00229	0.00918	0.00615	0.00390	0.00992
38	0.00879	0.00703	0.00786	0.00808	0.00995	0.00610	0.00590	0.01078	0.01647	0.02081	0.18634	0.19869	0.45173	0.01821	0.00854	0.00247	0.00366	0.01564	0.00685	0.00610
39	0.01834	0.67870	0.07222	0.01258	0.01867	0.02660	0.01278	0.02096	0.01435	0.01705	0.01051	0.01243	0.00956	0.00847	0.04015	0.00205	0.00834	0.00407	0.00308	0.00907
40	0.01570	0.13116	0.55036	0.01963	0.04993	0.01809	0.02332	0.02260	0.01504	0.04603	0.01283	0.01498	0.00943	0.00694	0.00709	0.00218	0.03594	0.00520	0.00324	0.01032
41	0.04176	0.01378	0.01501	0.01414	0.04631	0.04091	0.01054	0.02846	0.34440	0.10475	0.06316	0.03350	0.15118	0.01120	0.00824	0.00238	0.04476	0.00906	0.00672	0.00976
42	0.00926	0.00705	0.01000	0.01079	0.01176	0.00657	0.03998	0.01085	0.01405	0.01852	0.04007	0.59698	0.09739	0.04372	0.00989	0.00297	0.00469	0.05306	0.00639	0.00599
43	0.00868	0.00620	0.00826	0.00991	0.01033	0.00578	0.00661	0.00991	0.01363	0.01818	0.03925	0.74510	0.04710	0.02231	0.00909	0.00289	0.00413	0.02024	0.00661	0.00578
44	0.02713	0.01413	0.01992	0.01621	0.05009	0.01337	0.07763	0.09189	0.09957	0.44849	0.02467	0.02275	0.01641	0.00838	0.00722	0.00220	0.00684	0.00718	0.00757	0.03834
45	0.01477	0.01266	0.01477	0.01055	0.01687	0.00949	0.00844	0.01793	0.01477	0.02320	0.01266	0.01477	0.01055	0.00527	0.00527	0.00105	0.00527	0.00422	0.00422	0.79328
46	0.01000	0.00757	0.00930	0.00917	0.01099	0.00705	0.00692	0.01353	0.04767	0.02509	0.42720	0.12408	0.20147	0.01619	0.00851	0.00241	0.00379	0.05506	0.00734	0.00666
47	0.01027	0.00837	0.00922	0.00890	0.01124	0.00792	0.00670	0.01517	0.11615	0.02342	0.24575	0.08740	0.39134	0.01599	0.00827	0.00238	0.00385	0.01361	0.00706	0.00697
48	0.04002	0.11559	0.41753	0.05329	0.17256	0.03842	0.02249	0.02220	0.01524	0.02198	0.01242	0.01515	0.00950	0.00662	0.00650	0.00213	0.00961	0.00530	0.00319	0.01026
49	0.02983	0.01315	0.04632	0.01294	0.01847	0.01089	0.01105	0.03356	0.04786	0.62855	0.05114	0.02495	0.01917	0.00896	0.00719	0.00222	0.00614	0.00732	0.00846	0.01182
50	0.00901	0.00644	0.00865	0.01030	0.01086	0.00607	0.00719	0.01049	0.01396	0.01855	0.03906	0.66577	0.04637	0.02199	0.00918	0.00294	0.00442	0.09628	0.00660	0.00588
51	0.25701	0.01549	0.06363	0.12325	0.09810	0.01475	0.07961	0.02477	0.01584	0.21750	0.01641	0.01784	0.01153	0.00722	0.00641	0.00224	0.00753	0.00595	0.00519	0.00973
52	0.01574	0.01323	0.01529	0.01101	0.01729	0.01049	0.00884	0.07042	0.01625	0.02492	0.01301	0.01495	0.01067	0.00553	0.00542	0.00114	0.00548	0.00439	0.00445	0.73150
53	0.00901	0.00712	0.00812	0.00812	0.01005	0.00623	0.00599	0.01128	0.01728	0.02230	0.28347	0.14009	0.41100	0.01733	0.00849	0.00240	0.00358	0.01489	0.00703	0.00623
54	0.03195	0.01212	0.01652	0.01267	0.01818	0.01047	0.01047	0.03470	0.02038	0.71026	0.02809	0.02424	0.01763	0.00881	0.00716	0.00220	0.00606	0.00716	0.00881	0.01212
55	0.02379	0.21408	0.02386	0.01624	0.02046	0.51116	0.01295	0.02574	0.01854	0.01735	0.01375	0.01524	0.04345	0.00755	0.00605	0.00178	0.01107	0.00491	0.00366	0.00837
56	0.00855	0.00722	0.00740	0.00735	0.00970	0.00607	0.00551	0.01047	0.01654	0.01997	0.12187	0.06732	0.65225	0.01776	0.00841	0.00239	0.00359	0.01486	0.00671	0.00607
57	0.02497	0.01886	0.02074	0.06793	0.02361	0.02111	0.01372	0.55678	0.11077	0.04115	0.01819	0.01836	0.01307	0.00858	0.00714	0.00219	0.00769	0.00660	0.00685	0.01171
58	0.01034	0.00757	0.00974	0.00922	0.01095	0.00714	0.00690	0.01432	0.04764	0.02823	0.64993	0.07707	0.06459	0.01464	0.00838	0.00227	0.00348	0.01294	0.00777	0.00687
