[name]
unknown

[dist]
# distance from previous block
# <min> <max>
22	684

[block]
# block no. 0 follows, 28 sequences, length 59
# corresponding to MSA columns:
# 717-775
name=unknown_A
#
# <colnr> <probs for GDERKNQSTAVLIFYWHMCP>
#	G	D	E	R	K	N	Q	S	T	A	V	L	I	F	Y	W	H	M	C	P
0	0.04438	0.01547	0.05296	0.16219	0.09468	0.01458	0.21170	0.02114	0.03299	0.06410	0.01821	0.09980	0.01570	0.00858	0.00751	0.00229	0.00869	0.00844	0.03006	0.08655
1	0.04869	0.15088	0.05805	0.02349	0.19612	0.18809	0.01609	0.06991	0.05091	0.02254	0.01326	0.01602	0.01107	0.00946	0.03621	0.00247	0.06740	0.00558	0.00398	0.00979
2	0.14789	0.22287	0.07704	0.01378	0.01900	0.04786	0.01252	0.12868	0.05421	0.05368	0.01596	0.07464	0.01389	0.00877	0.00693	0.00209	0.04305	0.00637	0.00487	0.04590
3	0.07834	0.08004	0.05250	0.03578	0.05149	0.06192	0.01229	0.17145	0.06466	0.04886	0.12209	0.04728	0.02238	0.01313	0.06526	0.00291	0.00813	0.00754	0.00570	0.04826
4	0.11991	0.05107	0.08466	0.01240	0.01648	0.04541	0.01089	0.05265	0.07340	0.10302	0.24734	0.06033	0.03332	0.01315	0.04246	0.00273	0.00668	0.00895	0.00637	0.00879
5	0.02206	0.27596	0.02565	0.01440	0.01954	0.05235	0.01237	0.31371	0.04331	0.03057	0.01782	0.10721	0.01599	0.00961	0.00658	0.00205	0.00759	0.00737	0.00559	0.01028
6	0.04640	0.13862	0.17068	0.01294	0.01717	0.01334	0.01248	0.01718	0.04837	0.02144	0.08399	0.31288	0.04813	0.01432	0.00760	0.00245	0.00633	0.01231	0.00536	0.00801
7	0.07802	0.01054	0.01092	0.01022	0.01214	0.05080	0.00719	0.04621	0.01418	0.05353	0.02560	0.13006	0.06514	0.30386	0.09546	0.00515	0.00794	0.01026	0.00514	0.05764
8	0.02377	0.03005	0.07658	0.01869	0.05023	0.48454	0.01462	0.04633	0.05278	0.02066	0.01279	0.01457	0.01034	0.00729	0.00652	0.00186	0.01123	0.00500	0.00404	0.10811
9	0.08006	0.01422	0.02023	0.32899	0.14546	0.01638	0.01659	0.05552	0.15007	0.02432	0.01816	0.06718	0.01500	0.00870	0.00719	0.00240	0.00795	0.00754	0.00466	0.00939
10	0.02029	0.65513	0.06752	0.01286	0.01925	0.02672	0.01297	0.02295	0.01529	0.07393	0.01177	0.01291	0.01004	0.00648	0.00499	0.00165	0.00778	0.00424	0.00359	0.00964
11	0.01489	0.01293	0.01581	0.07023	0.01985	0.01097	0.00995	0.01861	0.03431	0.02298	0.01413	0.03961	0.01217	0.00660	0.00664	0.00139	0.04180	0.00524	0.00433	0.63756
12	0.01964	0.14055	0.05221	0.04743	0.15299	0.08316	0.05820	0.12703	0.14047	0.02662	0.04746	0.02119	0.03520	0.00822	0.00695	0.00214	0.00827	0.00685	0.00504	0.01038
13	0.07372	0.07776	0.02009	0.07305	0.02199	0.01925	0.01258	0.31664	0.13650	0.08665	0.04032	0.02054	0.01572	0.00866	0.00683	0.00219	0.00709	0.00670	0.04284	0.01089
14	0.01629	0.01298	0.01524	0.01105	0.01737	0.01005	0.00885	0.02012	0.03950	0.06704	0.01452	0.01612	0.01163	0.00577	0.00558	0.00120	0.00545	0.00464	0.00471	0.71189
15	0.01507	0.01292	0.01507	0.01077	0.01723	0.00969	0.00861	0.01830	0.01507	0.02369	0.01292	0.01507	0.01077	0.00538	0.00538	0.00108	0.00538	0.00431	0.00431	0.78898
16	0.01600	0.01524	0.02591	0.36350	0.39588	0.01675	0.02132	0.02056	0.01561	0.02133	0.01332	0.01864	0.01066	0.00685	0.00723	0.00228	0.00913	0.00647	0.00343	0.00991
17	0.00884	0.00639	0.00836	0.00994	0.01050	0.00592	0.00667	0.01014	0.01409	0.01863	0.04226	0.69591	0.09054	0.02249	0.00923	0.00292	0.00418	0.02032	0.00675	0.00592
18	0.01016	0.00688	0.00805	0.00845	0.00855	0.00677	0.00496	0.01046	0.01137	0.01516	0.02700	0.21281	0.03159	0.57225	0.03038	0.00607	0.00637	0.01298	0.00496	0.00476
19	0.00997	0.00718	0.00943	0.00936	0.01079	0.00665	0.00683	0.01292	0.01910	0.02679	0.54968	0.20670	0.06403	0.01662	0.00873	0.00243	0.00360	0.01482	0.00772	0.00665
20	0.01029	0.00743	0.00972	0.00914	0.01086	0.00686	0.00686	0.01372	0.02058	0.02915	0.69536	0.05430	0.06859	0.01486	0.00857	0.00229	0.00343	0.01315	0.00800	0.00686
21	0.01716	0.01961	0.04289	0.03064	0.03799	0.01838	0.67279	0.02328	0.01716	0.02328	0.01471	0.01961	0.01103	0.00613	0.00858	0.00245	0.01225	0.00858	0.00368	0.00980
22	0.01507	0.01292	0.01507	0.01077	0.01723	0.00969	0.00861	0.01830	0.01507	0.02369	0.01292	0.01507	0.01077	0.00538	0.00538	0.00108	0.00538	0.00431	0.00431	0.78898
23	0.01393	0.01313	0.02217	0.69448	0.08106	0.01620	0.02029	0.01875	0.01463	0.01882	0.01296	0.01931	0.00978	0.00723	0.00726	0.00241	0.00964	0.00646	0.00325	0.00824
24	0.00934	0.00678	0.00854	0.00949	0.01035	0.00630	0.00651	0.01091	0.01488	0.01974	0.13270	0.44754	0.13267	0.10902	0.01250	0.00331	0.00448	0.04239	0.00663	0.00591
25	0.01561	0.01337	0.02157	0.61657	0.06527	0.01615	0.01918	0.04386	0.03713	0.06062	0.01457	0.01983	0.01073	0.00748	0.00727	0.00240	0.00927	0.00657	0.00386	0.00869
26	0.01570	0.01329	0.01541	0.01106	0.01749	0.01033	0.00887	0.05095	0.01602	0.02479	0.01315	0.01519	0.01085	0.00555	0.00548	0.00113	0.00551	0.00442	0.00445	0.75037
27	0.05098	0.39616	0.12085	0.01359	0.02004	0.06702	0.01351	0.02231	0.01540	0.05685	0.01233	0.01406	0.01024	0.00802	0.02868	0.00200	0.00836	0.00452	0.00373	0.13134
28	0.02150	0.01778	0.02142	0.02308	0.19616	0.04053	0.01497	0.20534	0.28955	0.05958	0.02159	0.02162	0.01621	0.00857	0.00728	0.00228	0.00735	0.00717	0.00633	0.01168
29	0.01009	0.00754	0.00952	0.00975	0.01054	0.00767	0.00676	0.01156	0.01416	0.01917	0.15027	0.27210	0.11257	0.21276	0.06158	0.00442	0.05336	0.01436	0.00594	0.00587
30	0.00886	0.00633	0.00843	0.01012	0.01054	0.00590	0.00675	0.01012	0.01392	0.01856	0.04006	0.73979	0.04808	0.02277	0.00928	0.00295	0.00422	0.02066	0.00675	0.00590
31	0.01727	0.01869	0.03828	0.05989	0.22826	0.01798	0.46239	0.02283	0.01689	0.02325	0.01434	0.01914	0.01112	0.00627	0.00813	0.00237	0.01112	0.00790	0.00364	0.01023
32	0.02727	0.01251	0.01615	0.01267	0.01801	0.01109	0.01027	0.03195	0.08999	0.49644	0.02691	0.05766	0.01877	0.00920	0.00712	0.00213	0.00592	0.00759	0.00801	0.13037
33	0.01844	0.01813	0.02907	0.04334	0.66578	0.05174	0.02190	0.02264	0.01675	0.02345	0.01355	0.01775	0.01141	0.00653	0.00716	0.00214	0.00886	0.00639	0.00361	0.01136
34	0.00886	0.00633	0.00843	0.01012	0.01054	0.00590	0.00675	0.01012	0.01392	0.01856	0.04006	0.73979	0.04808	0.02277	0.00928	0.00295	0.00422	0.02066	0.00675	0.00590
35	0.02446	0.11764	0.12212	0.01818	0.02333	0.49992	0.01570	0.05920	0.01983	0.01985	0.01167	0.01348	0.00948	0.00732	0.00642	0.00191	0.01189	0.00478	0.00375	0.00906
36	0.01458	0.03760	0.70688	0.02072	0.03146	0.01688	0.02686	0.02302	0.01535	0.02302	0.01304	0.01535	0.00921	0.00691	0.00691	0.00230	0.01074	0.00537	0.00307	0.01074
37	0.03261	0.01237	0.01687	0.01293	0.01856	0.01068	0.01068	0.03543	0.02081	0.70423	0.02868	0.02474	0.01799	0.00900	0.00731	0.00225	0.00619	0.00731	0.00900	0.01237
38	0.00885	0.00637	0.00839	0.01001	0.01051	0.00591	0.00670	0.01013	0.01402	0.01860	0.04141	0.71296	0.07405	0.02260	0.00925	0.00293	0.00420	0.02045	0.00675	0.00591
39	0.02009	0.01887	0.01348	0.01231	0.01516	0.28636	0.00934	0.07746	0.01895	0.02503	0.01828	0.02079	0.01446	0.00811	0.00585	0.00181	0.00760	0.00593	0.41223	0.00790
40	0.00886	0.00633	0.00843	0.01012	0.01054	0.00590	0.00675	0.01012	0.01392	0.01856	0.04006	0.73979	0.04808	0.02277	0.00928	0.00295	0.00422	0.02066	0.00675	0.00590
41	0.03261	0.01237	0.01687	0.01293	0.01856	0.01068	0.01068	0.03543	0.02081	0.70423	0.02868	0.02474	0.01799	0.00900	0.00731	0.00225	0.00619	0.00731	0.00900	0.01237
42	0.02670	0.03379	0.02104	0.02000	0.05588	0.68089	0.01445	0.02869	0.02040	0.01808	0.01136	0.01335	0.00947	0.00744	0.00659	0.00189	0.01289	0.00477	0.00374	0.00858
43	0.02763	0.02036	0.02182	0.01672	0.02254	0.02254	0.01382	0.67496	0.03418	0.04581	0.01745	0.01745	0.01236	0.00873	0.00727	0.00218	0.00800	0.00654	0.00727	0.01236
44	0.00886	0.00633	0.00843	0.01012	0.01054	0.00590	0.00675	0.01012	0.01392	0.01856	0.04006	0.73979	0.04808	0.02277	0.00928	0.00295	0.00422	0.02066	0.00675	0.00590
45	0.01490	0.08420	0.66306	0.02018	0.03062	0.01766	0.02591	0.02294	0.01531	0.02263	0.01285	0.01511	0.00922	0.00686	0.00676	0.00225	0.01055	0.00527	0.00307	0.01065
46	0.01552	0.15644	0.56339	0.01979	0.02961	0.01895	0.05454	0.02282	0.01533	0.02204	0.01263	0.01493	0.00931	0.00675	0.00661	0.00218	0.01031	0.00527	0.00310	0.01046
47	0.01716	0.01961	0.04289	0.03064	0.03799	0.01838	0.67279	0.02328	0.01716	0.02328	0.01471	0.01961	0.01103	0.00613	0.00858	0.00245	0.01225	0.00858	0.00368	0.00980
48	0.01373	0.01292	0.02180	0.72707	0.05006	0.01615	0.02019	0.01857	0.01453	0.01857	0.01292	0.01938	0.00969	0.00727	0.00727	0.00242	0.00969	0.00646	0.00323	0.00807
49	0.01826	0.61723	0.05152	0.01300	0.01849	0.02626	0.01271	0.02073	0.01427	0.01725	0.01100	0.01356	0.01014	0.01105	0.07070	0.00260	0.05458	0.00444	0.00318	0.00902
50	0.79588	0.01406	0.01068	0.00956	0.01406	0.01631	0.00787	0.02137	0.01237	0.03261	0.01012	0.01181	0.00787	0.00675	0.00450	0.00225	0.00562	0.00394	0.00450	0.00787
51	0.01112	0.00804	0.01084	0.01070	0.01176	0.00891	0.00777	0.04098	0.01243	0.01737	0.02138	0.06697	0.02181	0.25940	0.44697	0.00946	0.01451	0.00917	0.00433	0.00609
52	0.01051	0.00729	0.00916	0.00916	0.00958	0.00771	0.00594	0.01136	0.01093	0.01500	0.02178	0.04135	0.02373	0.51878	0.25906	0.00856	0.01111	0.00966	0.00424	0.00509
53	0.08369	0.28906	0.13039	0.01525	0.02022	0.02210	0.01484	0.06385	0.01531	0.05415	0.01308	0.04563	0.01152	0.00893	0.01007	0.00225	0.18066	0.00577	0.00395	0.00929
54	0.02019	0.01705	0.01739	0.01500	0.01937	0.04880	0.01182	0.18779	0.45932	0.03313	0.04812	0.02647	0.04287	0.00993	0.00741	0.00237	0.00647	0.00805	0.00721	0.01125
55	0.01850	0.53135	0.21261	0.01488	0.02218	0.05558	0.01629	0.02241	0.01518	0.01868	0.01093	0.01269	0.00930	0.00645	0.00533	0.00176	0.00878	0.00431	0.00313	0.00966
56	0.01030	0.00696	0.00808	0.00831	0.00844	0.00687	0.00486	0.01063	0.01148	0.01538	0.05315	0.15111	0.03139	0.60683	0.03169	0.00624	0.00648	0.01218	0.00490	0.00473
57	0.01384	0.00952	0.01073	0.01010	0.01150	0.00986	0.00688	0.14399	0.01646	0.02256	0.02582	0.19894	0.02794	0.36977	0.02201	0.00468	0.00628	0.01177	0.07081	0.00654
58	0.01815	0.59232	0.10957	0.01450	0.04695	0.02549	0.01405	0.02116	0.01485	0.01812	0.01254	0.06003	0.01194	0.00739	0.00532	0.00175	0.00790	0.00525	0.00336	0.00935

[dist]
# distance from previous block
# <min> <max>
0	1

[block]
# block no. 1 follows, 28 sequences, length 12
# corresponding to MSA columns:
# 777-788
name=unknown_B
#
# <colnr> <probs for GDERKNQSTAVLIFYWHMCP>
#	G	D	E	R	K	N	Q	S	T	A	V	L	I	F	Y	W	H	M	C	P
0	0.04593	0.09046	0.27651	0.01864	0.02649	0.04824	0.13062	0.02437	0.01652	0.12481	0.01521	0.01689	0.01103	0.00683	0.00674	0.00206	0.00923	0.00585	0.00432	0.11923
1	0.01124	0.00825	0.01038	0.01119	0.01257	0.00817	0.00829	0.06340	0.04389	0.02233	0.07607	0.47051	0.07581	0.02005	0.00911	0.00288	0.00493	0.12724	0.00688	0.00683
2	0.01507	0.01292	0.01507	0.01077	0.01723	0.00969	0.00861	0.01830	0.01507	0.02369	0.01292	0.01507	0.01077	0.00538	0.00538	0.00108	0.00538	0.00431	0.00431	0.78898
3	0.01703	0.01428	0.01667	0.01234	0.01818	0.01265	0.00999	0.11712	0.01763	0.02651	0.01333	0.01550	0.01091	0.00649	0.00717	0.00141	0.06497	0.00481	0.00466	0.60833
4	0.01590	0.01590	0.02226	0.01908	0.01908	0.02226	0.01590	0.01749	0.01113	0.01749	0.00954	0.01590	0.00954	0.01272	0.02385	0.00318	0.73123	0.00636	0.00318	0.00795
5	0.01094	0.00736	0.00952	0.00950	0.01110	0.00672	0.00692	0.01355	0.01825	0.06221	0.40885	0.26026	0.11289	0.01722	0.00872	0.00250	0.00384	0.01527	0.00757	0.00681
6	0.00984	0.00721	0.00924	0.00916	0.01070	0.00660	0.00671	0.01270	0.01889	0.02616	0.50747	0.18923	0.12553	0.01675	0.00871	0.00243	0.00361	0.01482	0.00764	0.00660
7	0.01029	0.00743	0.00972	0.00914	0.01086	0.00686	0.00686	0.01372	0.02058	0.02915	0.69536	0.05430	0.06859	0.01486	0.00857	0.00229	0.00343	0.01315	0.00800	0.00686
8	0.01716	0.01961	0.04289	0.03064	0.03799	0.01838	0.67279	0.02328	0.01716	0.02328	0.01471	0.01961	0.01103	0.00613	0.00858	0.00245	0.01225	0.00858	0.00368	0.00980
9	0.02715	0.03464	0.02060	0.01873	0.02247	0.71536	0.01404	0.02903	0.02060	0.01779	0.01124	0.01311	0.00936	0.00749	0.00655	0.00187	0.01311	0.00468	0.00375	0.00843
10	0.01493	0.01292	0.01578	0.08641	0.02069	0.01037	0.00984	0.01833	0.01502	0.02315	0.01292	0.01553	0.01065	0.00558	0.00558	0.00122	0.00584	0.00453	0.00419	0.70651
11	0.01998	0.01102	0.01353	0.01152	0.01511	0.01047	0.00905	0.13001	0.02139	0.24817	0.18306	0.13782	0.13093	0.01357	0.00805	0.00238	0.00523	0.01153	0.00784	0.00933

[dist]
# distance from previous block
# <min> <max>
0	5

[block]
# block no. 2 follows, 28 sequences, length 22
# corresponding to MSA columns:
# 794-815
name=unknown_C
#
# <colnr> <probs for GDERKNQSTAVLIFYWHMCP>
#	G	D	E	R	K	N	Q	S	T	A	V	L	I	F	Y	W	H	M	C	P
0	0.01969	0.01254	0.01459	0.01199	0.01664	0.01195	0.00955	0.06313	0.17816	0.20621	0.03376	0.03216	0.15327	0.01201	0.03310	0.00245	0.00601	0.00851	0.00693	0.16735
1	0.01384	0.01307	0.02183	0.69173	0.04852	0.01646	0.01997	0.01852	0.01437	0.01852	0.01275	0.01921	0.00968	0.00754	0.00810	0.00246	0.04570	0.00646	0.00323	0.00807
2	0.02871	0.01270	0.01648	0.01288	0.01796	0.01169	0.01054	0.11631	0.02253	0.51959	0.12410	0.02808	0.02461	0.00981	0.00749	0.00225	0.00602	0.00806	0.00863	0.01157
3	0.01943	0.74891	0.03809	0.01244	0.01866	0.02876	0.01244	0.02177	0.01477	0.01710	0.01011	0.01166	0.00933	0.00622	0.00466	0.00155	0.00777	0.00389	0.00311	0.00933
4	0.01880	0.01597	0.01684	0.01494	0.01918	0.01842	0.01168	0.08678	0.63673	0.03157	0.02867	0.02639	0.02145	0.00978	0.00739	0.00244	0.00592	0.00809	0.00739	0.01157
5	0.01043	0.00762	0.01081	0.01081	0.01181	0.00861	0.00800	0.01242	0.01143	0.01623	0.02026	0.03295	0.02008	0.21411	0.55875	0.01061	0.01660	0.00843	0.00401	0.00601
6	0.01057	0.00705	0.00793	0.00793	0.00793	0.00705	0.00440	0.01057	0.01057	0.01409	0.02290	0.04757	0.02643	0.74454	0.03700	0.00705	0.00705	0.01057	0.00440	0.00440
7	0.79588	0.01406	0.01068	0.00956	0.01406	0.01631	0.00787	0.02137	0.01237	0.03261	0.01012	0.01181	0.00787	0.00675	0.00450	0.00225	0.00562	0.00394	0.00450	0.00787
8	0.05529	0.01411	0.01775	0.01641	0.10791	0.01291	0.01143	0.07098	0.01667	0.07029	0.01489	0.03918	0.01242	0.00720	0.00738	0.00166	0.06097	0.00562	0.00476	0.45217
9	0.79588	0.01406	0.01068	0.00956	0.01406	0.01631	0.00787	0.02137	0.01237	0.03261	0.01012	0.01181	0.00787	0.00675	0.00450	0.00225	0.00562	0.00394	0.00450	0.00787
10	0.01808	0.01561	0.01644	0.01479	0.01890	0.01808	0.01151	0.03863	0.68606	0.03041	0.02959	0.02712	0.02219	0.00986	0.00740	0.00247	0.00575	0.00822	0.00740	0.01151
11	0.01010	0.00728	0.00955	0.00927	0.01082	0.00673	0.00684	0.01324	0.01969	0.02775	0.60849	0.14518	0.06587	0.01591	0.00867	0.00237	0.00353	0.01414	0.00784	0.00673
12	0.05639	0.42784	0.21368	0.01536	0.02226	0.09263	0.01635	0.02266	0.01526	0.01952	0.01099	0.01294	0.00924	0.00677	0.00608	0.00187	0.03298	0.00445	0.00323	0.00950
13	0.02273	0.02382	0.01796	0.01614	0.02000	0.34605	0.01233	0.03215	0.28366	0.06653	0.06747	0.02226	0.01912	0.00904	0.00708	0.00216	0.00909	0.00684	0.00582	0.00978
14	0.00923	0.00739	0.00824	0.00803	0.01021	0.00641	0.00602	0.01166	0.01807	0.02320	0.30620	0.06410	0.46146	0.01708	0.00858	0.00239	0.00359	0.01452	0.00722	0.00641
15	0.01769	0.01697	0.02897	0.09239	0.65376	0.01719	0.02216	0.02205	0.01641	0.02339	0.01362	0.01809	0.01139	0.00653	0.00720	0.00218	0.00871	0.00648	0.00357	0.01127
16	0.01329	0.00681	0.00681	0.00681	0.00854	0.00674	0.00510	0.01660	0.01531	0.02671	0.02633	0.02934	0.05409	0.00899	0.00526	0.00173	0.00340	0.00722	0.74417	0.00674
17	0.01613	0.01561	0.02158	0.01851	0.01887	0.02145	0.01538	0.04905	0.01228	0.01883	0.01055	0.01677	0.01022	0.01514	0.06635	0.00366	0.65168	0.00646	0.00342	0.00807
18	0.00913	0.00674	0.00855	0.00946	0.01050	0.00615	0.00657	0.01097	0.01583	0.02109	0.19150	0.47812	0.15810	0.02030	0.00901	0.00272	0.00395	0.01812	0.00703	0.00615
19	0.02516	0.03140	0.01997	0.01818	0.02151	0.61881	0.01375	0.02707	0.01934	0.01770	0.01181	0.01452	0.01009	0.01160	0.06505	0.00274	0.05431	0.00503	0.00373	0.00824
20	0.09192	0.01566	0.05314	0.01371	0.01944	0.04672	0.01177	0.09420	0.02111	0.51901	0.02446	0.02196	0.01577	0.00861	0.00702	0.00223	0.00689	0.00674	0.00791	0.01173
21	0.01933	0.01498	0.13649	0.01316	0.01776	0.01062	0.01206	0.06240	0.01842	0.25893	0.07752	0.23336	0.06671	0.01352	0.00796	0.00247	0.00621	0.01163	0.00699	0.00948

[dist]
# distance from previous block
# <min> <max>
2	4

[block]
# block no. 3 follows, 28 sequences, length 78
# corresponding to MSA columns:
# 820-897
name=unknown_D
#
# <colnr> <probs for GDERKNQSTAVLIFYWHMCP>
#	G	D	E	R	K	N	Q	S	T	A	V	L	I	F	Y	W	H	M	C	P
0	0.05191	0.04856	0.03003	0.03907	0.53975	0.05117	0.08913	0.02267	0.01655	0.02352	0.01336	0.01740	0.01111	0.00649	0.00709	0.00215	0.00906	0.00639	0.00363	0.01094
1	0.31130	0.21510	0.24360	0.01426	0.02120	0.04529	0.01544	0.02229	0.01426	0.02490	0.01110	0.01296	0.00874	0.00669	0.00540	0.00207	0.00812	0.00442	0.00364	0.00920
2	0.20527	0.03065	0.50907	0.01753	0.02639	0.01634	0.02142	0.02225	0.01483	0.02561	0.03948	0.01603	0.01124	0.00718	0.00638	0.00229	0.00920	0.00533	0.00361	0.00989
3	0.00993	0.00733	0.00918	0.00888	0.01055	0.00669	0.00654	0.01282	0.01905	0.02627	0.52324	0.10415	0.16384	0.04740	0.00985	0.00256	0.00368	0.01390	0.00756	0.00657
4	0.01943	0.74891	0.03809	0.01244	0.01866	0.02876	0.01244	0.02177	0.01477	0.01710	0.01011	0.01166	0.00933	0.00622	0.00466	0.00155	0.00777	0.00389	0.00311	0.00933
5	0.03261	0.01237	0.01687	0.01293	0.01856	0.01068	0.01068	0.03543	0.02081	0.70423	0.02868	0.02474	0.01799	0.00900	0.00731	0.00225	0.00619	0.00731	0.00900	0.01237
6	0.00975	0.00741	0.00897	0.00858	0.01053	0.00663	0.00644	0.01268	0.01931	0.02615	0.49933	0.05924	0.26649	0.01598	0.00858	0.00234	0.00351	0.01384	0.00761	0.00663
7	0.01056	0.00707	0.00806	0.00806	0.00810	0.00712	0.00456	0.01065	0.01061	0.01419	0.02279	0.04692	0.02615	0.72105	0.06010	0.00720	0.00747	0.01048	0.00439	0.00448
8	0.01023	0.00743	0.00964	0.00909	0.01083	0.00683	0.00681	0.01361	0.02044	0.02884	0.67480	0.05482	0.08934	0.01498	0.00857	0.00229	0.00344	0.01322	0.00796	0.00683
9	0.02715	0.03464	0.02060	0.01873	0.02247	0.71536	0.01404	0.02903	0.02060	0.01779	0.01124	0.01311	0.00936	0.00749	0.00655	0.00187	0.01311	0.00468	0.00375	0.00843
10	0.06498	0.01391	0.01686	0.01355	0.01874	0.01377	0.01101	0.08622	0.19059	0.44869	0.02713	0.02415	0.01813	0.00909	0.00719	0.00230	0.00619	0.00732	0.00824	0.01194
11	0.01046	0.00925	0.00907	0.00886	0.01148	0.03212	0.00674	0.01448	0.09050	0.02126	0.09389	0.06296	0.54774	0.01699	0.00844	0.00246	0.00433	0.03535	0.00677	0.00686
12	0.00886	0.00633	0.00843	0.01012	0.01054	0.00590	0.00675	0.01012	0.01392	0.01856	0.04006	0.73979	0.04808	0.02277	0.00928	0.00295	0.00422	0.02066	0.00675	0.00590
13	0.02443	0.01877	0.02001	0.01608	0.02132	0.02105	0.01304	0.46151	0.25284	0.04064	0.02152	0.02070	0.01566	0.00911	0.00731	0.00228	0.00725	0.00711	0.00731	0.01207
14	0.66322	0.01376	0.01176	0.01015	0.01484	0.01533	0.00836	0.02381	0.01384	0.14935	0.01335	0.01406	0.00963	0.00714	0.00499	0.00225	0.00572	0.00452	0.00528	0.00865
15	0.00979	0.00786	0.00858	0.00823	0.01059	0.00695	0.00622	0.03567	0.01839	0.02339	0.25451	0.06343	0.48659	0.01701	0.00854	0.00240	0.00377	0.01437	0.00714	0.00658
16	0.01716	0.01961	0.04289	0.03064	0.03799	0.01838	0.67279	0.02328	0.01716	0.02328	0.01471	0.01961	0.01103	0.00613	0.00858	0.00245	0.01225	0.00858	0.00368	0.00980
17	0.01647	0.01851	0.04004	0.02894	0.03572	0.01735	0.61775	0.02220	0.01689	0.02289	0.01680	0.07913	0.01409	0.00750	0.00864	0.00249	0.01159	0.00958	0.00393	0.00948
18	0.01373	0.01292	0.02180	0.72707	0.05006	0.01615	0.02019	0.01857	0.01453	0.01857	0.01292	0.01938	0.00969	0.00727	0.00727	0.00242	0.00969	0.00646	0.00323	0.00807
19	0.02715	0.03464	0.02060	0.01873	0.02247	0.71536	0.01404	0.02903	0.02060	0.01779	0.01124	0.01311	0.00936	0.00749	0.00655	0.00187	0.01311	0.00468	0.00375	0.00843
20	0.00899	0.00642	0.00859	0.01028	0.01076	0.00602	0.00699	0.01036	0.01405	0.01871	0.03999	0.70821	0.04778	0.02264	0.00931	0.00297	0.00434	0.05089	0.00675	0.00594
21	0.01458	0.03760	0.70688	0.02072	0.03146	0.01688	0.02686	0.02302	0.01535	0.02302	0.01304	0.01535	0.00921	0.00691	0.00691	0.00230	0.01074	0.00537	0.00307	0.01074
22	0.01406	0.01340	0.02304	0.66750	0.07767	0.01629	0.04839	0.01894	0.01474	0.01900	0.01303	0.01933	0.00983	0.00718	0.00732	0.00241	0.00975	0.00655	0.00327	0.00830
23	0.02222	0.03754	0.01447	0.03588	0.01655	0.01018	0.00933	0.02546	0.04472	0.37953	0.06820	0.06997	0.21026	0.01235	0.00771	0.00233	0.00545	0.01027	0.00775	0.00982
24	0.01218	0.00631	0.00935	0.00955	0.00960	0.00626	0.00636	0.00955	0.01000	0.01333	0.01588	0.10720	0.01683	0.02496	0.02614	0.69536	0.00606	0.00801	0.00358	0.00348
25	0.51556	0.07033	0.06949	0.01321	0.04966	0.04250	0.01107	0.04388	0.01477	0.09423	0.01256	0.01383	0.00942	0.00701	0.00526	0.00218	0.00673	0.00460	0.00473	0.00897
26	0.01780	0.01707	0.02915	0.07583	0.66950	0.01722	0.02221	0.02214	0.01646	0.02351	0.01364	0.01805	0.01143	0.00651	0.00720	0.00217	0.00868	0.00648	0.00358	0.01136
27	0.01591	0.01289	0.01516	0.01087	0.01729	0.00974	0.00871	0.01912	0.01535	0.05619	0.01367	0.01554	0.01111	0.00556	0.00548	0.00113	0.00542	0.00445	0.00453	0.75188
28	0.01029	0.00743	0.00972	0.00914	0.01086	0.00686	0.00686	0.01372	0.02058	0.02915	0.69536	0.05430	0.06859	0.01486	0.00857	0.00229	0.00343	0.01315	0.00800	0.00686
29	0.00904	0.00646	0.00863	0.01020	0.01074	0.00605	0.00695	0.01049	0.01435	0.01919	0.07146	0.68071	0.04881	0.02229	0.00927	0.00294	0.00428	0.04535	0.00681	0.00598
30	0.01943	0.74891	0.03809	0.01244	0.01866	0.02876	0.01244	0.02177	0.01477	0.01710	0.01011	0.01166	0.00933	0.00622	0.00466	0.00155	0.00777	0.00389	0.00311	0.00933
31	0.01373	0.01292	0.02180	0.72707	0.05006	0.01615	0.02019	0.01857	0.01453	0.01857	0.01292	0.01938	0.00969	0.00727	0.00727	0.00242	0.00969	0.00646	0.00323	0.00807
32	0.01022	0.00743	0.00963	0.00908	0.01082	0.00683	0.00681	0.01359	0.02042	0.02878	0.67120	0.05491	0.09298	0.01500	0.00857	0.00229	0.00344	0.01323	0.00795	0.00683
33	0.73294	0.01457	0.01160	0.01015	0.01475	0.01682	0.00836	0.07492	0.01416	0.03369	0.01072	0.01227	0.00824	0.00691	0.00473	0.00224	0.00582	0.00415	0.00473	0.00824
34	0.00886	0.00633	0.00843	0.01012	0.01054	0.00590	0.00675	0.01012	0.01392	0.01856	0.04006	0.73979	0.04808	0.02277	0.00928	0.00295	0.00422	0.02066	0.00675	0.00590
35	0.00859	0.00736	0.00736	0.00736	0.00982	0.00614	0.00552	0.01043	0.01657	0.01964	0.07364	0.06996	0.69624	0.01841	0.00859	0.00245	0.00368	0.01534	0.00675	0.00614
36	0.00859	0.00736	0.00736	0.00736	0.00982	0.00614	0.00552	0.01043	0.01657	0.01964	0.07364	0.06996	0.69624	0.01841	0.00859	0.00245	0.00368	0.01534	0.00675	0.00614
37	0.01458	0.03760	0.70688	0.02072	0.03146	0.01688	0.02686	0.02302	0.01535	0.02302	0.01304	0.01535	0.00921	0.00691	0.00691	0.00230	0.01074	0.00537	0.00307	0.01074
38	0.00859	0.00736	0.00736	0.00736	0.00982	0.00614	0.00552	0.01043	0.01657	0.01964	0.07364	0.06996	0.69624	0.01841	0.00859	0.00245	0.00368	0.01534	0.00675	0.00614
39	0.01057	0.00705	0.00793	0.00793	0.00793	0.00705	0.00440	0.01057	0.01057	0.01409	0.02290	0.04757	0.02643	0.74454	0.03700	0.00705	0.00705	0.01057	0.00440	0.00440
40	0.02613	0.03294	0.02075	0.01876	0.02216	0.65239	0.01421	0.02798	0.01974	0.01776	0.01108	0.01336	0.00938	0.00797	0.00813	0.00199	0.07835	0.00483	0.00369	0.00838
41	0.03261	0.01237	0.01687	0.01293	0.01856	0.01068	0.01068	0.03543	0.02081	0.70423	0.02868	0.02474	0.01799	0.00900	0.00731	0.00225	0.00619	0.00731	0.00900	0.01237
42	0.01590	0.01590	0.02226	0.01908	0.01908	0.02226	0.01590	0.01749	0.01113	0.01749	0.00954	0.01590	0.00954	0.01272	0.02385	0.00318	0.73123	0.00636	0.00318	0.00795
43	0.03261	0.01237	0.01687	0.01293	0.01856	0.01068	0.01068	0.03543	0.02081	0.70423	0.02868	0.02474	0.01799	0.00900	0.00731	0.00225	0.00619	0.00731	0.00900	0.01237
44	0.01475	0.01415	0.02433	0.01927	0.02192	0.01598	0.22685	0.01779	0.01341	0.01959	0.01556	0.02455	0.01442	0.13982	0.07346	0.00414	0.25191	0.00796	0.07242	0.00773
45	0.01808	0.01561	0.01644	0.01479	0.01890	0.01808	0.01151	0.03863	0.68606	0.03041	0.02959	0.02712	0.02219	0.00986	0.00740	0.00247	0.00575	0.00822	0.00740	0.01151
46	0.01799	0.01727	0.02950	0.04462	0.69919	0.01727	0.02231	0.02231	0.01655	0.02375	0.01367	0.01799	0.01151	0.00648	0.00720	0.00216	0.00864	0.00648	0.00360	0.01151
47	0.01458	0.03760	0.70688	0.02072	0.03146	0.01688	0.02686	0.02302	0.01535	0.02302	0.01304	0.01535	0.00921	0.00691	0.00691	0.00230	0.01074	0.00537	0.00307	0.01074
48	0.09980	0.01252	0.01632	0.01264	0.01816	0.01118	0.01044	0.03419	0.02006	0.64511	0.02704	0.02360	0.01710	0.00880	0.00706	0.00225	0.00614	0.00701	0.00860	0.01197
49	0.01799	0.01727	0.02950	0.04462	0.69919	0.01727	0.02231	0.02231	0.01655	0.02375	0.01367	0.01799	0.01151	0.00648	0.00720	0.00216	0.00864	0.00648	0.00360	0.01151
50	0.00886	0.00633	0.00843	0.01012	0.01054	0.00590	0.00675	0.01012	0.01392	0.01856	0.04006	0.73979	0.04808	0.02277	0.00928	0.00295	0.00422	0.02066	0.00675	0.00590
51	0.01716	0.01961	0.04289	0.03064	0.03799	0.01838	0.67279	0.02328	0.01716	0.02328	0.01471	0.01961	0.01103	0.00613	0.00858	0.00245	0.01225	0.00858	0.00368	0.00980
52	0.03222	0.01300	0.01726	0.01323	0.01887	0.01162	0.01093	0.08608	0.02186	0.65208	0.02779	0.02416	0.01755	0.00898	0.00731	0.00224	0.00633	0.00725	0.00886	0.01237
53	0.01458	0.03760	0.70688	0.02072	0.03146	0.01688	0.02686	0.02302	0.01535	0.02302	0.01304	0.01535	0.00921	0.00691	0.00691	0.00230	0.01074	0.00537	0.00307	0.01074
54	0.00892	0.00635	0.00842	0.01004	0.01045	0.00595	0.00666	0.01014	0.01379	0.01839	0.03944	0.71452	0.04729	0.04913	0.01029	0.00310	0.00432	0.02030	0.00666	0.00585
55	0.03261	0.01237	0.01687	0.01293	0.01856	0.01068	0.01068	0.03543	0.02081	0.70423	0.02868	0.02474	0.01799	0.00900	0.00731	0.00225	0.00619	0.00731	0.00900	0.01237
56	0.03261	0.01237	0.01687	0.01293	0.01856	0.01068	0.01068	0.03543	0.02081	0.70423	0.02868	0.02474	0.01799	0.00900	0.00731	0.00225	0.00619	0.00731	0.00900	0.01237
57	0.00885	0.00637	0.00839	0.01001	0.01051	0.00591	0.00670	0.01013	0.01403	0.01860	0.04146	0.71201	0.07496	0.02259	0.00925	0.00293	0.00420	0.02044	0.00675	0.00591
58	0.01348	0.00983	0.01278	0.01358	0.01579	0.01010	0.01172	0.08441	0.04125	0.02448	0.03717	0.07301	0.06000	0.01850	0.00961	0.00317	0.00670	0.54021	0.00678	0.00743
59	0.01038	0.00779	0.01168	0.01168	0.01298	0.00909	0.00909	0.01298	0.01168	0.01687	0.01947	0.02856	0.01817	0.05452	0.71573	0.01168	0.01947	0.00779	0.00389	0.00649
60	0.01856	0.01835	0.02895	0.04301	0.65731	0.06048	0.02180	0.02272	0.01680	0.02338	0.01352	0.01769	0.01138	0.00654	0.00716	0.00214	0.00891	0.00637	0.00361	0.01132
61	0.01714	0.01640	0.02796	0.18158	0.56892	0.01705	0.02188	0.02156	0.01615	0.02271	0.01352	0.01827	0.01115	0.00664	0.00721	0.00221	0.00885	0.00647	0.00352	0.01082
62	0.02525	0.01918	0.02047	0.01624	0.02163	0.02143	0.01324	0.51600	0.19701	0.04196	0.02048	0.01987	0.01482	0.00901	0.00730	0.00225	0.00744	0.00696	0.00730	0.01215
63	0.01373	0.01292	0.02180	0.72707	0.05006	0.01615	0.02019	0.01857	0.01453	0.01857	0.01292	0.01938	0.00969	0.00727	0.00727	0.00242	0.00969	0.00646	0.00323	0.00807
64	0.00886	0.00633	0.00843	0.01012	0.01054	0.00590	0.00675	0.01012	0.01392	0.01856	0.04006	0.73979	0.04808	0.02277	0.00928	0.00295	0.00422	0.02066	0.00675	0.00590
65	0.01021	0.00743	0.00961	0.00907	0.01081	0.00683	0.00680	0.01357	0.02040	0.02872	0.66757	0.05500	0.09664	0.01502	0.00857	0.00229	0.00344	0.01324	0.00795	0.00683
66	0.01373	0.01292	0.02180	0.72707	0.05006	0.01615	0.02019	0.01857	0.01453	0.01857	0.01292	0.01938	0.00969	0.00727	0.00727	0.00242	0.00969	0.00646	0.00323	0.00807
67	0.01266	0.00793	0.01031	0.00973	0.01182	0.00721	0.00740	0.01566	0.01943	0.10524	0.47168	0.12268	0.11073	0.01550	0.00857	0.00241	0.00400	0.04188	0.00783	0.00733
68	0.01349	0.01260	0.02116	0.69265	0.04817	0.01566	0.01954	0.01817	0.01451	0.01857	0.01422	0.05397	0.01153	0.00801	0.00736	0.00245	0.00943	0.00714	0.00340	0.00797
69	0.74101	0.01451	0.01148	0.01007	0.01466	0.01675	0.00830	0.06806	0.01393	0.03356	0.01065	0.01221	0.00819	0.00689	0.00470	0.00224	0.00579	0.00412	0.00470	0.00819
70	0.01720	0.01317	0.01563	0.01356	0.04653	0.01215	0.01005	0.10549	0.10655	0.07052	0.02180	0.15223	0.01991	0.00992	0.00682	0.00187	0.00575	0.00844	0.00582	0.35661
71	0.25190	0.46390	0.02837	0.01206	0.01763	0.05757	0.01121	0.05029	0.01517	0.02301	0.01048	0.01202	0.00903	0.00655	0.00482	0.00180	0.00740	0.00405	0.00373	0.00898
72	0.79588	0.01406	0.01068	0.00956	0.01406	0.01631	0.00787	0.02137	0.01237	0.03261	0.01012	0.01181	0.00787	0.00675	0.00450	0.00225	0.00562	0.00394	0.00450	0.00787
73	0.01388	0.01308	0.02209	0.70185	0.07405	0.01619	0.02027	0.01871	0.01461	0.01876	0.01295	0.01933	0.00976	0.00724	0.00726	0.00241	0.00965	0.00646	0.00324	0.00820
74	0.01354	0.01143	0.01545	0.01406	0.01575	0.03415	0.03502	0.07462	0.01424	0.01991	0.01880	0.07701	0.01811	0.06117	0.41229	0.00795	0.13645	0.00840	0.00429	0.00734
75	0.13612	0.01524	0.01580	0.01390	0.01827	0.01728	0.01096	0.05705	0.50198	0.09350	0.02618	0.02429	0.01933	0.00928	0.00695	0.00240	0.00585	0.00744	0.00711	0.01107
76	0.01348	0.00918	0.01005	0.00993	0.01022	0.00876	0.00576	0.01271	0.01241	0.01684	0.02519	0.04992	0.02833	0.71265	0.03678	0.00733	0.00792	0.01123	0.00533	0.00598
77	0.75996	0.01374	0.01056	0.00948	0.01378	0.01588	0.00771	0.02087	0.01229	0.03177	0.01071	0.01344	0.00872	0.04049	0.00598	0.00247	0.00569	0.00424	0.00449	0.00771

[dist]
# distance from previous block
# <min> <max>
1	3

[block]
# block no. 4 follows, 28 sequences, length 13
# corresponding to MSA columns:
# 901-913
name=unknown_E
#
# <colnr> <probs for GDERKNQSTAVLIFYWHMCP>
#	G	D	E	R	K	N	Q	S	T	A	V	L	I	F	Y	W	H	M	C	P
0	0.01390	0.06293	0.52799	0.01841	0.02693	0.01574	0.02240	0.02081	0.01454	0.02144	0.01429	0.01801	0.01114	0.01708	0.15878	0.00428	0.01248	0.00582	0.00325	0.00977
1	0.02497	0.01102	0.01453	0.01214	0.01630	0.00994	0.00960	0.04876	0.04102	0.45751	0.06660	0.18088	0.04883	0.01257	0.00784	0.00241	0.00559	0.01074	0.00828	0.01047
2	0.02736	0.04105	0.56697	0.02735	0.03715	0.02282	0.02840	0.03039	0.02294	0.03399	0.02590	0.03327	0.02181	0.01558	0.01232	0.00464	0.01406	0.00957	0.00769	0.01675
3	0.01048	0.00763	0.00998	0.00993	0.01169	0.00713	0.00781	0.01378	0.01948	0.02691	0.51154	0.06132	0.10624	0.01623	0.00889	0.00253	0.00415	0.14990	0.00763	0.00677
4	0.01176	0.01004	0.01683	0.01375	0.01668	0.00933	0.14964	0.01577	0.01984	0.02789	0.54942	0.04686	0.05625	0.01299	0.00857	0.00232	0.00532	0.01217	0.00707	0.00749
5	0.02753	0.02342	0.02155	0.01715	0.02253	0.17109	0.01387	0.53646	0.03127	0.03980	0.01612	0.01652	0.01172	0.00846	0.00712	0.00212	0.00909	0.00615	0.00652	0.01152
6	0.03261	0.01237	0.01687	0.01293	0.01856	0.01068	0.01068	0.03543	0.02081	0.70423	0.02868	0.02474	0.01799	0.00900	0.00731	0.00225	0.00619	0.00731	0.00900	0.01237
7	0.01388	0.01180	0.01892	0.54219	0.07010	0.01419	0.01704	0.01839	0.01478	0.02063	0.01527	0.02097	0.01169	0.00749	0.00680	0.00225	0.00829	0.00653	0.17084	0.00795
8	0.62818	0.01381	0.01307	0.16340	0.02178	0.01627	0.01051	0.02077	0.01283	0.02960	0.01072	0.01343	0.00826	0.00686	0.00509	0.00229	0.00650	0.00448	0.00423	0.00792
9	0.01373	0.01292	0.02180	0.72707	0.05006	0.01615	0.02019	0.01857	0.01453	0.01857	0.01292	0.01938	0.00969	0.00727	0.00727	0.00242	0.00969	0.00646	0.00323	0.00807
10	0.65848	0.01375	0.01180	0.01017	0.01487	0.01529	0.00838	0.02390	0.01389	0.15352	0.01346	0.01414	0.00969	0.00715	0.00500	0.00225	0.00572	0.00454	0.00531	0.00868
11	0.09723	0.01907	0.02037	0.01574	0.02142	0.02091	0.01300	0.55856	0.03101	0.10389	0.01780	0.01760	0.01246	0.00857	0.00703	0.00219	0.00762	0.00638	0.00718	0.01196
12	0.60482	0.01508	0.01312	0.01108	0.01590	0.01704	0.00914	0.14000	0.01688	0.08141	0.01272	0.01372	0.00938	0.00726	0.00519	0.00224	0.00609	0.00464	0.00531	0.00899

[dist]
# distance from previous block
# <min> <max>
0	3

[block]
# block no. 5 follows, 28 sequences, length 49
# corresponding to MSA columns:
# 917-965
name=unknown_F
#
# <colnr> <probs for GDERKNQSTAVLIFYWHMCP>
#	G	D	E	R	K	N	Q	S	T	A	V	L	I	F	Y	W	H	M	C	P
0	0.79588	0.01406	0.01068	0.00956	0.01406	0.01631	0.00787	0.02137	0.01237	0.03261	0.01012	0.01181	0.00787	0.00675	0.00450	0.00225	0.00562	0.00394	0.00450	0.00787
1	0.12577	0.01427	0.02223	0.44433	0.03909	0.01684	0.08509	0.04819	0.01539	0.05272	0.01338	0.01826	0.01005	0.00758	0.00812	0.00243	0.05741	0.00636	0.00388	0.00859
2	0.79588	0.01406	0.01068	0.00956	0.01406	0.01631	0.00787	0.02137	0.01237	0.03261	0.01012	0.01181	0.00787	0.00675	0.00450	0.00225	0.00562	0.00394	0.00450	0.00787
3	0.01057	0.00705	0.00793	0.00793	0.00793	0.00705	0.00440	0.01057	0.01057	0.01409	0.02290	0.04757	0.02643	0.74454	0.03700	0.00705	0.00705	0.01057	0.00440	0.00440
4	0.00924	0.00741	0.00832	0.00850	0.01060	0.00648	0.00649	0.01149	0.01714	0.02153	0.18184	0.11313	0.46991	0.01822	0.00878	0.00255	0.00398	0.08108	0.00697	0.00631
5	0.16861	0.01920	0.01977	0.01541	0.02099	0.02140	0.01273	0.55502	0.03018	0.04339	0.01611	0.01642	0.01154	0.00836	0.00676	0.00219	0.00756	0.00607	0.00676	0.01154
6	0.79588	0.01406	0.01068	0.00956	0.01406	0.01631	0.00787	0.02137	0.01237	0.03261	0.01012	0.01181	0.00787	0.00675	0.00450	0.00225	0.00562	0.00394	0.00450	0.00787
7	0.03261	0.01237	0.01687	0.01293	0.01856	0.01068	0.01068	0.03543	0.02081	0.70423	0.02868	0.02474	0.01799	0.00900	0.00731	0.00225	0.00619	0.00731	0.00900	0.01237
8	0.79588	0.01406	0.01068	0.00956	0.01406	0.01631	0.00787	0.02137	0.01237	0.03261	0.01012	0.01181	0.00787	0.00675	0.00450	0.00225	0.00562	0.00394	0.00450	0.00787
9	0.01458	0.03760	0.70688	0.02072	0.03146	0.01688	0.02686	0.02302	0.01535	0.02302	0.01304	0.01535	0.00921	0.00691	0.00691	0.00230	0.01074	0.00537	0.00307	0.01074
10	0.01915	0.01614	0.01704	0.01501	0.01931	0.01858	0.01176	0.10958	0.61337	0.03213	0.02823	0.02604	0.02109	0.00974	0.00738	0.00243	0.00600	0.00803	0.00738	0.01160
11	0.01458	0.03760	0.70688	0.02072	0.03146	0.01688	0.02686	0.02302	0.01535	0.02302	0.01304	0.01535	0.00921	0.00691	0.00691	0.00230	0.01074	0.00537	0.00307	0.01074
12	0.00886	0.00633	0.00843	0.01012	0.01054	0.00590	0.00675	0.01012	0.01392	0.01856	0.04006	0.73979	0.04808	0.02277	0.00928	0.00295	0.00422	0.02066	0.00675	0.00590
13	0.01696	0.02016	0.07112	0.02942	0.03643	0.01858	0.60006	0.02289	0.01667	0.02289	0.01429	0.01917	0.01085	0.00660	0.00953	0.00249	0.06028	0.00829	0.00362	0.00972
14	0.00886	0.00633	0.00843	0.01012	0.01054	0.00590	0.00675	0.01012	0.01392	0.01856	0.04006	0.73979	0.04808	0.02277	0.00928	0.00295	0.00422	0.02066	0.00675	0.00590
15	0.01716	0.01961	0.04289	0.03064	0.03799	0.01838	0.67279	0.02328	0.01716	0.02328	0.01471	0.01961	0.01103	0.00613	0.00858	0.00245	0.01225	0.00858	0.00368	0.00980
16	0.01373	0.01292	0.02180	0.72707	0.05006	0.01615	0.02019	0.01857	0.01453	0.01857	0.01292	0.01938	0.00969	0.00727	0.00727	0.00242	0.00969	0.00646	0.00323	0.00807
17	0.01373	0.01292	0.02180	0.72707	0.05006	0.01615	0.02019	0.01857	0.01453	0.01857	0.01292	0.01938	0.00969	0.00727	0.00727	0.00242	0.00969	0.00646	0.00323	0.00807
18	0.01373	0.01292	0.02180	0.72707	0.05006	0.01615	0.02019	0.01857	0.01453	0.01857	0.01292	0.01938	0.00969	0.00727	0.00727	0.00242	0.00969	0.00646	0.00323	0.00807
19	0.00867	0.00737	0.00747	0.00744	0.00986	0.00617	0.00558	0.01058	0.01674	0.02005	0.10086	0.06927	0.66876	0.01825	0.00859	0.00245	0.00367	0.01525	0.00680	0.00617
20	0.01426	0.00993	0.01182	0.01154	0.01370	0.00995	0.00858	0.15840	0.01917	0.05852	0.03839	0.43718	0.11455	0.01836	0.00869	0.00271	0.00520	0.04436	0.00697	0.00771
21	0.01584	0.22302	0.53254	0.01856	0.02812	0.01998	0.02310	0.02269	0.01520	0.02148	0.01228	0.01439	0.00924	0.00673	0.00632	0.00211	0.00997	0.00498	0.00308	0.01037
22	0.01373	0.01292	0.02180	0.72707	0.05006	0.01615	0.02019	0.01857	0.01453	0.01857	0.01292	0.01938	0.00969	0.00727	0.00727	0.00242	0.00969	0.00646	0.00323	0.00807
23	0.01429	0.01349	0.02282	0.63692	0.13581	0.01630	0.02047	0.01907	0.01480	0.01926	0.01302	0.01920	0.00993	0.00716	0.00726	0.00239	0.00955	0.00646	0.00328	0.00853
24	0.02159	0.02255	0.01910	0.06610	0.08396	0.30594	0.01355	0.16034	0.02138	0.02453	0.02053	0.14110	0.04694	0.01072	0.00737	0.00221	0.00946	0.00855	0.00509	0.00899
25	0.01586	0.01471	0.02416	0.20317	0.06198	0.01680	0.14525	0.09334	0.01680	0.02314	0.05982	0.02219	0.01547	0.01538	0.11181	0.00383	0.13582	0.00751	0.00420	0.00874
26	0.00886	0.00633	0.00843	0.01012	0.01054	0.00590	0.00675	0.01012	0.01392	0.01856	0.04006	0.73979	0.04808	0.02277	0.00928	0.00295	0.00422	0.02066	0.00675	0.00590
27	0.00929	0.00847	0.05526	0.01088	0.01203	0.00675	0.00817	0.01108	0.01393	0.01880	0.03754	0.66657	0.04444	0.02282	0.03372	0.00321	0.00518	0.01919	0.00640	0.00625
28	0.02566	0.01948	0.05092	0.01616	0.02178	0.02028	0.01364	0.50744	0.09744	0.08976	0.02024	0.04906	0.01512	0.00937	0.00735	0.00225	0.00760	0.00731	0.00720	0.01193
29	0.01641	0.02482	0.23509	0.02777	0.03610	0.01795	0.48582	0.02321	0.01663	0.02321	0.01423	0.01837	0.01050	0.00635	0.00809	0.00241	0.01182	0.00765	0.00350	0.01008
30	0.00859	0.00736	0.00736	0.00736	0.00982	0.00614	0.00552	0.01043	0.01657	0.01964	0.07364	0.06996	0.69624	0.01841	0.00859	0.00245	0.00368	0.01534	0.00675	0.00614
31	0.01648	0.05741	0.30242	0.05992	0.34775	0.01762	0.05081	0.02246	0.01594	0.02294	0.01328	0.01677	0.01040	0.00665	0.00703	0.00221	0.00964	0.00601	0.00335	0.01090
32	0.01553	0.11981	0.57480	0.01898	0.02862	0.01765	0.02375	0.02285	0.01568	0.04400	0.04361	0.01694	0.01215	0.00724	0.00673	0.00221	0.00992	0.00560	0.00348	0.01045
33	0.01367	0.00850	0.01101	0.00993	0.01229	0.00792	0.00760	0.01786	0.05329	0.11993	0.57306	0.04899	0.05951	0.01383	0.00835	0.00229	0.00391	0.01212	0.00811	0.00783
34	0.01421	0.01386	0.02477	0.62903	0.04836	0.01646	0.11205	0.01924	0.01490	0.01924	0.01317	0.01941	0.00988	0.00711	0.00745	0.00243	0.01005	0.00676	0.00329	0.00832
35	0.01439	0.01327	0.02180	0.69343	0.04876	0.01645	0.01989	0.04965	0.01546	0.01986	0.01313	0.01929	0.00982	0.00734	0.00727	0.00241	0.00961	0.00646	0.00342	0.00828
36	0.01808	0.01561	0.01644	0.01479	0.01890	0.01808	0.01151	0.03863	0.68606	0.03041	0.02959	0.02712	0.02219	0.00986	0.00740	0.00247	0.00575	0.00822	0.00740	0.01151
37	0.01373	0.01292	0.02180	0.72707	0.05006	0.01615	0.02019	0.01857	0.01453	0.01857	0.01292	0.01938	0.00969	0.00727	0.00727	0.00242	0.00969	0.00646	0.00323	0.00807
38	0.02778	0.01202	0.01579	0.01278	0.01746	0.01093	0.01026	0.09133	0.02081	0.51607	0.02970	0.15527	0.02298	0.01150	0.00767	0.00237	0.00600	0.00969	0.00842	0.01118
39	0.01052	0.00764	0.00966	0.01014	0.01140	0.00731	0.00720	0.05567	0.01737	0.02356	0.23384	0.45714	0.08244	0.01929	0.00890	0.00268	0.00421	0.01725	0.00715	0.00663
40	0.01716	0.01961	0.04289	0.03064	0.03799	0.01838	0.67279	0.02328	0.01716	0.02328	0.01471	0.01961	0.01103	0.00613	0.00858	0.00245	0.01225	0.00858	0.00368	0.00980
41	0.01373	0.01292	0.02180	0.72707	0.05006	0.01615	0.02019	0.01857	0.01453	0.01857	0.01292	0.01938	0.00969	0.00727	0.00727	0.00242	0.00969	0.00646	0.00323	0.00807
42	0.03261	0.01237	0.01687	0.01293	0.01856	0.01068	0.01068	0.03543	0.02081	0.70423	0.02868	0.02474	0.01799	0.00900	0.00731	0.00225	0.00619	0.00731	0.00900	0.01237
43	0.33528	0.01440	0.01525	0.01224	0.01745	0.01494	0.01010	0.13896	0.01973	0.32482	0.01938	0.01835	0.01301	0.00806	0.00619	0.00224	0.00627	0.00584	0.00691	0.01058
44	0.01373	0.01292	0.02180	0.72707	0.05006	0.01615	0.02019	0.01857	0.01453	0.01857	0.01292	0.01938	0.00969	0.00727	0.00727	0.00242	0.00969	0.00646	0.00323	0.00807
45	0.01737	0.01702	0.02717	0.21253	0.50597	0.05035	0.02139	0.02170	0.01625	0.02218	0.01337	0.01810	0.01096	0.00672	0.00718	0.00221	0.00911	0.00639	0.00351	0.01051
46	0.01519	0.01475	0.02339	0.55249	0.18680	0.04562	0.02038	0.01980	0.01522	0.01964	0.01301	0.01882	0.01006	0.00711	0.00722	0.00234	0.00961	0.00639	0.00333	0.00882
47	0.01553	0.04443	0.02610	0.25321	0.03233	0.01988	0.12438	0.01896	0.01338	0.01878	0.01152	0.01748	0.00982	0.00960	0.01516	0.00275	0.34842	0.00666	0.00327	0.00835
48	0.60266	0.04231	0.01289	0.01196	0.05961	0.01553	0.00888	0.02037	0.01390	0.03092	0.10682	0.01820	0.01672	0.00785	0.00526	0.00222	0.00560	0.00540	0.00488	0.00803

[dist]
# distance from previous block
# <min> <max>
1	3

[block]
# block no. 6 follows, 28 sequences, length 133
# corresponding to MSA columns:
# 969-1101
name=unknown_G
#
# <colnr> <probs for GDERKNQSTAVLIFYWHMCP>
#	G	D	E	R	K	N	Q	S	T	A	V	L	I	F	Y	W	H	M	C	P
0	0.64593	0.04903	0.03496	0.01084	0.01562	0.06509	0.00924	0.02265	0.01355	0.06327	0.01119	0.01263	0.00858	0.00689	0.00486	0.00219	0.00643	0.00420	0.00456	0.00829
