[name]
unknown

[dist]
# distance from previous block
# <min> <max>
2	43

[block]
# block no. 0 follows, 29 sequences, length 70
# corresponding to MSA columns:
# 49-118
name=unknown_A
#
# <colnr> <probs for GDERKNQSTAVLIFYWHMCP>
#	G	D	E	R	K	N	Q	S	T	A	V	L	I	F	Y	W	H	M	C	P
0	0.01493	0.06909	0.12271	0.01450	0.01869	0.03520	0.01389	0.09235	0.01797	0.02384	0.02687	0.05127	0.02729	0.01401	0.00824	0.00266	0.00749	0.36833	0.00556	0.06510
1	0.02092	0.51211	0.03274	0.01428	0.01991	0.07578	0.04634	0.09042	0.01716	0.06188	0.01202	0.01346	0.01005	0.00687	0.00614	0.00176	0.04008	0.00467	0.00389	0.00952
2	0.07334	0.06898	0.05024	0.01509	0.02058	0.01481	0.12100	0.12010	0.01765	0.04742	0.01768	0.06215	0.03754	0.03745	0.00807	0.00208	0.02434	0.00694	0.00479	0.24973
3	0.02385	0.01834	0.02096	0.01588	0.02172	0.01929	0.04626	0.49839	0.05024	0.03906	0.01648	0.01706	0.01205	0.00782	0.00683	0.00195	0.00748	0.00614	0.00638	0.16382
4	0.04200	0.05902	0.40371	0.01916	0.02728	0.07524	0.08287	0.04530	0.08815	0.06764	0.01541	0.01686	0.01116	0.00720	0.00682	0.00221	0.00970	0.00585	0.00411	0.01033
5	0.01345	0.01266	0.02136	0.73264	0.04904	0.01582	0.01978	0.01819	0.01424	0.01819	0.01266	0.01898	0.00949	0.00712	0.00712	0.00237	0.00949	0.00633	0.00316	0.00791
6	0.01017	0.00763	0.01144	0.01144	0.01272	0.00890	0.00890	0.01272	0.01144	0.01653	0.01907	0.02797	0.01780	0.05340	0.72153	0.01144	0.01907	0.00763	0.00381	0.00636
7	0.01860	0.01261	0.01428	0.09171	0.01836	0.01394	0.01016	0.26960	0.02180	0.03233	0.01935	0.02182	0.01470	0.00837	0.00652	0.00196	0.02515	0.00651	0.38334	0.00889
8	0.01020	0.00754	0.01098	0.01098	0.01209	0.00865	0.00833	0.01242	0.01131	0.01619	0.01949	0.03031	0.01882	0.14070	0.63562	0.01087	0.01755	0.00797	0.00388	0.00610
9	0.05133	0.12526	0.02279	0.01794	0.05211	0.42094	0.01366	0.16939	0.02187	0.02408	0.01226	0.01375	0.00985	0.00737	0.00629	0.00188	0.01061	0.00494	0.00436	0.00933
10	0.01477	0.01266	0.01477	0.01055	0.01687	0.00949	0.00844	0.01793	0.01477	0.02320	0.01266	0.01477	0.01055	0.00527	0.00527	0.00105	0.00527	0.00422	0.00422	0.79328
11	0.01619	0.01280	0.01522	0.03818	0.06868	0.01373	0.01079	0.10668	0.26550	0.05204	0.19388	0.05716	0.09587	0.01154	0.00766	0.00232	0.00547	0.00985	0.00693	0.00952
12	0.00868	0.00620	0.00826	0.00991	0.01033	0.00578	0.00661	0.00991	0.01363	0.01818	0.03925	0.74510	0.04710	0.02231	0.00909	0.00289	0.00413	0.02024	0.00661	0.00578
13	0.01489	0.01452	0.02435	0.40885	0.15969	0.01742	0.06854	0.01898	0.01410	0.01923	0.01223	0.01805	0.00988	0.00800	0.01056	0.00248	0.15989	0.00647	0.00325	0.00862
14	0.01237	0.00618	0.00928	0.00928	0.00928	0.00618	0.00618	0.00928	0.00928	0.01237	0.01237	0.02165	0.01237	0.02474	0.02783	0.79283	0.00618	0.00618	0.00309	0.00309
15	0.02614	0.07752	0.02122	0.01797	0.02179	0.67922	0.01366	0.02800	0.01983	0.01739	0.01094	0.01276	0.00917	0.00726	0.00631	0.00182	0.01252	0.00454	0.00363	0.00831
16	0.01538	0.01236	0.01447	0.01045	0.01654	0.00940	0.00836	0.01854	0.01500	0.05067	0.01375	0.01567	0.01118	0.00555	0.00534	0.00113	0.00522	0.00444	0.03985	0.72670
17	0.01522	0.02335	0.25678	0.05347	0.03247	0.01628	0.34576	0.02199	0.03409	0.02278	0.03819	0.02397	0.01467	0.00776	0.00790	0.00242	0.01054	0.05895	0.00386	0.00954
18	0.00985	0.00710	0.00931	0.00912	0.01059	0.00656	0.00670	0.01285	0.01907	0.02683	0.59153	0.16815	0.06385	0.01585	0.00851	0.00235	0.00349	0.01410	0.00763	0.00656
19	0.01479	0.06979	0.56305	0.02009	0.02892	0.01786	0.05169	0.02181	0.01456	0.02158	0.01227	0.01509	0.00914	0.00742	0.00882	0.00233	0.10222	0.00544	0.00305	0.01007
20	0.01908	0.24791	0.30327	0.01758	0.02534	0.05103	0.07298	0.08310	0.01735	0.07950	0.01362	0.01514	0.01020	0.00685	0.00629	0.00201	0.00926	0.00531	0.00395	0.01021
21	0.01018	0.00760	0.01128	0.01128	0.01249	0.00881	0.00869	0.01261	0.01139	0.01641	0.01922	0.02881	0.01817	0.08485	0.69059	0.01124	0.01852	0.00775	0.00384	0.00627
22	0.01020	0.00684	0.00781	0.00797	0.00800	0.00680	0.00453	0.01031	0.01066	0.01421	0.02400	0.11139	0.02786	0.68227	0.03372	0.00653	0.00665	0.01127	0.00453	0.00445
23	0.01566	0.01328	0.01281	0.01157	0.01464	0.09067	0.00888	0.10623	0.12526	0.05427	0.16254	0.10019	0.22827	0.01361	0.00784	0.00231	0.00562	0.01134	0.00676	0.00825
24	0.01894	0.02085	0.05459	0.05679	0.45843	0.15664	0.01979	0.02263	0.01640	0.02136	0.01250	0.01642	0.01053	0.00715	0.00842	0.00217	0.07673	0.00594	0.00348	0.01022
25	0.03195	0.01212	0.01652	0.01267	0.01818	0.01047	0.01047	0.03470	0.02038	0.71026	0.02809	0.02424	0.01763	0.00881	0.00716	0.00220	0.00606	0.00716	0.00881	0.01212
26	0.01017	0.00763	0.01144	0.01144	0.01272	0.00890	0.00890	0.01272	0.01144	0.01653	0.01907	0.02797	0.01780	0.05340	0.72153	0.01144	0.01907	0.00763	0.00381	0.00636
27	0.76018	0.01494	0.04610	0.00992	0.01464	0.01600	0.00866	0.02101	0.01227	0.03147	0.01006	0.01174	0.00778	0.00662	0.00453	0.00221	0.00576	0.00393	0.00434	0.00785
28	0.02575	0.01269	0.01615	0.01232	0.01788	0.01107	0.01006	0.06848	0.03967	0.43676	0.02289	0.02139	0.01547	0.00934	0.03050	0.00220	0.00637	0.00635	0.00723	0.22745
29	0.01751	0.53874	0.10969	0.01420	0.01998	0.02460	0.04023	0.02048	0.01428	0.01776	0.01212	0.05676	0.01150	0.00767	0.00679	0.00185	0.06821	0.00534	0.00328	0.00900
30	0.01575	0.01600	0.02071	0.07423	0.02074	0.07086	0.01513	0.01770	0.01225	0.01769	0.03902	0.01774	0.01211	0.01348	0.04953	0.00328	0.56623	0.00646	0.00339	0.00773
31	0.01036	0.00690	0.00777	0.00777	0.00777	0.00690	0.00431	0.01036	0.01036	0.01381	0.02244	0.04660	0.02589	0.74975	0.03624	0.00690	0.00690	0.01036	0.00431	0.00431
32	0.02880	0.01716	0.01965	0.01506	0.02069	0.01795	0.01244	0.45152	0.02882	0.28153	0.02101	0.01964	0.01407	0.00864	0.00714	0.00216	0.00720	0.00668	0.00772	0.01211
33	0.01365	0.01315	0.02298	0.60668	0.04524	0.01578	0.08869	0.01829	0.01439	0.01865	0.01391	0.05071	0.01127	0.00782	0.00780	0.00242	0.03007	0.00715	0.00336	0.00799
34	0.00847	0.00722	0.00729	0.00727	0.00965	0.00604	0.00546	0.01033	0.01637	0.01956	0.09407	0.06799	0.68030	0.01791	0.00842	0.00240	0.00360	0.01495	0.00666	0.00604
35	0.02669	0.01976	0.02116	0.01631	0.02194	0.02190	0.01344	0.65540	0.06029	0.04426	0.01758	0.01748	0.01250	0.00859	0.00713	0.00215	0.00775	0.00648	0.00713	0.01208
36	0.01870	0.04256	0.05643	0.05971	0.36361	0.01710	0.04503	0.02530	0.12322	0.09624	0.01698	0.01938	0.01320	0.00762	0.00827	0.00225	0.06239	0.00664	0.00459	0.01079
37	0.03195	0.01212	0.01652	0.01267	0.01818	0.01047	0.01047	0.03470	0.02038	0.71026	0.02809	0.02424	0.01763	0.00881	0.00716	0.00220	0.00606	0.00716	0.00881	0.01212
38	0.00868	0.00620	0.00826	0.00991	0.01033	0.00578	0.00661	0.00991	0.01363	0.01818	0.03925	0.74510	0.04710	0.02231	0.00909	0.00289	0.00413	0.02024	0.00661	0.00578
39	0.01829	0.01517	0.01612	0.01442	0.01850	0.01742	0.01124	0.03771	0.66513	0.05747	0.02895	0.02647	0.02157	0.00963	0.00724	0.00241	0.00565	0.00801	0.00731	0.01131
40	0.01358	0.01273	0.02173	0.67867	0.04717	0.01560	0.04700	0.01833	0.01437	0.01867	0.01309	0.01925	0.00984	0.00711	0.00710	0.00235	0.00939	0.00643	0.02965	0.00794
41	0.01477	0.01266	0.01477	0.01055	0.01687	0.00949	0.00844	0.01793	0.01477	0.02320	0.01266	0.01477	0.01055	0.00527	0.00527	0.00105	0.00527	0.00422	0.00422	0.79328
42	0.02655	0.01964	0.02109	0.01614	0.02186	0.02155	0.01332	0.65375	0.03269	0.04397	0.01691	0.01700	0.01204	0.00841	0.00705	0.00209	0.00773	0.00632	0.00700	0.04488
43	0.01586	0.01001	0.01139	0.10036	0.01619	0.01086	0.00855	0.13388	0.04026	0.02881	0.02101	0.02394	0.01618	0.00824	0.00570	0.00186	0.00497	0.00660	0.52744	0.00791
44	0.01017	0.00763	0.01144	0.01144	0.01272	0.00890	0.00890	0.01272	0.01144	0.01653	0.01907	0.02797	0.01780	0.05340	0.72153	0.01144	0.01907	0.00763	0.00381	0.00636
45	0.02707	0.01995	0.02137	0.01638	0.02208	0.02208	0.01353	0.68159	0.03348	0.04488	0.01710	0.01710	0.01211	0.00855	0.00712	0.00214	0.00784	0.00641	0.00712	0.01211
46	0.01327	0.00664	0.00664	0.00664	0.00830	0.00664	0.00498	0.01659	0.01493	0.02655	0.02323	0.02655	0.01825	0.00830	0.00498	0.00166	0.00332	0.00664	0.78928	0.00664
47	0.00849	0.00718	0.00735	0.00739	0.00969	0.00603	0.00551	0.01034	0.01629	0.01958	0.09692	0.09387	0.65100	0.01805	0.00844	0.00242	0.00362	0.01514	0.00666	0.00603
48	0.01345	0.01266	0.02136	0.73264	0.04904	0.01582	0.01978	0.01819	0.01424	0.01819	0.01266	0.01898	0.00949	0.00712	0.00712	0.00237	0.00949	0.00633	0.00316	0.00791
49	0.01008	0.00728	0.00952	0.00896	0.01064	0.00672	0.00672	0.01344	0.02016	0.02855	0.70158	0.05319	0.06719	0.01456	0.00840	0.00224	0.00336	0.01288	0.00784	0.00672
50	0.02660	0.03394	0.02018	0.01834	0.02201	0.72116	0.01376	0.02843	0.02018	0.01743	0.01101	0.01284	0.00917	0.00734	0.00642	0.00183	0.01284	0.00459	0.00367	0.00825
51	0.01735	0.01499	0.01576	0.01421	0.01817	0.01726	0.01105	0.03678	0.66651	0.02938	0.03064	0.02818	0.04787	0.00998	0.00729	0.00241	0.00556	0.00832	0.00722	0.01107
52	0.00886	0.00634	0.00843	0.00979	0.01037	0.00591	0.00662	0.01038	0.01450	0.01956	0.12738	0.65303	0.04977	0.02128	0.00900	0.00281	0.00403	0.01926	0.00677	0.00591
53	0.01742	0.01724	0.02844	0.12883	0.55038	0.04623	0.06407	0.02173	0.01617	0.02235	0.01327	0.01770	0.01093	0.00646	0.00712	0.00215	0.00900	0.00640	0.00349	0.01062
54	0.02232	0.01758	0.01869	0.01542	0.02027	0.01986	0.01238	0.35465	0.36815	0.03721	0.02313	0.02191	0.01700	0.00911	0.00719	0.00228	0.00672	0.00724	0.00719	0.01168
55	0.01895	0.04739	0.01707	0.01424	0.01848	0.01757	0.01124	0.03686	0.60726	0.08542	0.02807	0.02571	0.02085	0.00943	0.00712	0.00236	0.00576	0.00779	0.00719	0.01125
56	0.02401	0.01729	0.01895	0.01491	0.02018	0.01857	0.01214	0.42694	0.14596	0.09474	0.04821	0.02065	0.01641	0.00872	0.00703	0.00210	0.00688	0.00683	0.00705	0.08243
57	0.01937	0.69375	0.06465	0.01254	0.01880	0.02696	0.01270	0.02192	0.01473	0.04538	0.01076	0.01210	0.00948	0.00623	0.00477	0.00158	0.00767	0.00401	0.00328	0.00932
58	0.02924	0.06679	0.01824	0.01302	0.01842	0.01312	0.01083	0.06689	0.09258	0.55323	0.02631	0.02319	0.01717	0.00869	0.00698	0.00217	0.00622	0.00697	0.00814	0.01181
59	0.01002	0.00728	0.00944	0.00890	0.01060	0.00670	0.00668	0.01333	0.02003	0.02824	0.68056	0.05370	0.08840	0.01467	0.00840	0.00225	0.00337	0.01295	0.00780	0.00670
60	0.00871	0.00725	0.00762	0.00761	0.00990	0.00616	0.00576	0.01074	0.01669	0.02039	0.14425	0.06712	0.60721	0.01768	0.00846	0.00241	0.00367	0.03549	0.00675	0.00611
61	0.01507	0.09285	0.56057	0.02165	0.06088	0.01765	0.08936	0.02244	0.01522	0.02213	0.01273	0.01527	0.00931	0.00662	0.00676	0.00220	0.01034	0.00550	0.00309	0.01035
62	0.01762	0.01692	0.02890	0.04371	0.70533	0.01692	0.02185	0.02185	0.01621	0.02326	0.01339	0.01762	0.01128	0.00634	0.00705	0.00211	0.00846	0.00634	0.00352	0.01128
63	0.00866	0.00624	0.00822	0.00980	0.01030	0.00579	0.00656	0.00993	0.01374	0.01822	0.04062	0.71688	0.07444	0.02213	0.00906	0.00287	0.00411	0.02003	0.00661	0.00579
64	0.01459	0.01216	0.01685	0.14214	0.04479	0.01343	0.05218	0.09576	0.13390	0.02444	0.04911	0.23446	0.02657	0.01308	0.00855	0.00254	0.03675	0.03835	0.03192	0.00843
65	0.02030	0.05794	0.21595	0.02016	0.14181	0.01491	0.01686	0.05452	0.05937	0.20212	0.04899	0.02019	0.01532	0.00767	0.00680	0.00208	0.00768	0.00635	0.00536	0.07559
66	0.00873	0.00704	0.00770	0.00806	0.00992	0.00612	0.00588	0.01047	0.01564	0.01925	0.08731	0.20010	0.49492	0.04950	0.00977	0.00272	0.00395	0.04043	0.00656	0.00594
67	0.01114	0.00812	0.01182	0.01137	0.01303	0.00762	0.06091	0.01337	0.01554	0.04910	0.16685	0.29105	0.09021	0.11876	0.01262	0.00326	0.00535	0.09708	0.00638	0.00645
68	0.01910	0.02055	0.05598	0.07267	0.28272	0.13549	0.14538	0.07704	0.01799	0.02355	0.01368	0.01735	0.01092	0.00701	0.00774	0.00217	0.03772	0.00641	0.03658	0.00996
69	0.08695	0.18173	0.33476	0.01806	0.06531	0.09847	0.01862	0.02242	0.01529	0.02168	0.01175	0.01385	0.00920	0.00653	0.00596	0.00195	0.00920	0.00474	0.00334	0.07019

[dist]
# distance from previous block
# <min> <max>
0	65

[block]
# block no. 1 follows, 29 sequences, length 29
# corresponding to MSA columns:
# 185-213
name=unknown_B
#
# <colnr> <probs for GDERKNQSTAVLIFYWHMCP>
#	G	D	E	R	K	N	Q	S	T	A	V	L	I	F	Y	W	H	M	C	P
0	0.17605	0.05196	0.06322	0.04339	0.09139	0.05613	0.01334	0.20052	0.02057	0.14087	0.01654	0.04047	0.01255	0.00797	0.00641	0.00212	0.00745	0.00610	0.00558	0.03734
1	0.01906	0.05515	0.01728	0.01280	0.01757	0.01528	0.01027	0.28191	0.05662	0.03090	0.01914	0.10473	0.01702	0.04398	0.00797	0.00210	0.00631	0.00755	0.03643	0.23793
2	0.00878	0.00719	0.00751	0.00745	0.00954	0.00617	0.00544	0.01056	0.01606	0.01967	0.13234	0.06480	0.57079	0.08906	0.01113	0.00283	0.00390	0.01435	0.00651	0.00592
3	0.02399	0.01730	0.01905	0.01517	0.01981	0.01916	0.01225	0.46976	0.09557	0.08150	0.01979	0.04465	0.01554	0.06742	0.01024	0.00261	0.04099	0.00738	0.00682	0.01101
4	0.01731	0.01779	0.06372	0.06632	0.64806	0.01686	0.02201	0.02176	0.01608	0.02305	0.01334	0.01754	0.01110	0.00639	0.00704	0.00213	0.00860	0.00629	0.00349	0.01112
5	0.01398	0.00732	0.00739	0.00714	0.00900	0.00743	0.00542	0.05070	0.01588	0.02749	0.02291	0.02606	0.01794	0.00831	0.00509	0.00168	0.00355	0.00663	0.74917	0.00692
6	0.01656	0.02232	0.16565	0.05331	0.10774	0.04306	0.40428	0.02247	0.01634	0.02246	0.01372	0.01779	0.01040	0.00624	0.00768	0.00226	0.01097	0.00717	0.00350	0.04607
7	0.00898	0.00714	0.00789	0.00791	0.00977	0.00632	0.00573	0.01086	0.01594	0.02008	0.16949	0.10618	0.45598	0.09413	0.03917	0.00322	0.00454	0.01424	0.00648	0.00596
8	0.01567	0.01456	0.07068	0.01144	0.01806	0.01011	0.00998	0.01922	0.01510	0.06090	0.01351	0.01531	0.01081	0.00559	0.00550	0.00121	0.00574	0.00446	0.00437	0.68778
9	0.76369	0.01472	0.01092	0.00979	0.01416	0.04912	0.00800	0.02128	0.01250	0.03127	0.00997	0.01163	0.00778	0.00664	0.00450	0.00219	0.00585	0.00389	0.00437	0.00774
10	0.00878	0.00627	0.00838	0.01004	0.01050	0.00588	0.00679	0.01010	0.01374	0.01830	0.03919	0.71982	0.04686	0.02221	0.00912	0.00291	0.00422	0.04447	0.00661	0.00581
11	0.01744	0.51326	0.26410	0.01491	0.02249	0.02427	0.01693	0.02173	0.01466	0.01870	0.01087	0.01263	0.00910	0.00632	0.00531	0.00177	0.00859	0.00430	0.00303	0.00960
12	0.01202	0.00976	0.01248	0.01210	0.01375	0.04877	0.00943	0.05083	0.01315	0.01816	0.01852	0.02654	0.01701	0.04838	0.64245	0.01040	0.01810	0.00739	0.00399	0.00678
13	0.00997	0.00719	0.00942	0.00903	0.01061	0.00664	0.00671	0.01316	0.01963	0.02772	0.64862	0.10851	0.06558	0.01518	0.00845	0.00229	0.00342	0.01347	0.00774	0.00664
14	0.00985	0.00717	0.00927	0.00895	0.01055	0.00659	0.00664	0.01292	0.01931	0.02703	0.60243	0.12099	0.10063	0.01550	0.00847	0.00231	0.00345	0.01371	0.00765	0.00659
15	0.01019	0.00690	0.00775	0.00781	0.00796	0.00681	0.00446	0.01033	0.01080	0.01426	0.02579	0.07218	0.06431	0.68362	0.03375	0.00651	0.00662	0.01096	0.00452	0.00446
16	0.00995	0.00727	0.00934	0.00883	0.01056	0.00667	0.00662	0.01319	0.01986	0.02785	0.65378	0.05435	0.11543	0.01482	0.00840	0.00225	0.00338	0.01304	0.00775	0.00667
17	0.01727	0.01722	0.02466	0.20014	0.35959	0.10884	0.04967	0.02067	0.01562	0.02020	0.01285	0.01778	0.01066	0.00844	0.00907	0.07929	0.00923	0.00619	0.00342	0.00920
18	0.80005	0.01377	0.01047	0.00936	0.01377	0.01597	0.00771	0.02093	0.01212	0.03195	0.00991	0.01157	0.00771	0.00661	0.00441	0.00220	0.00551	0.00386	0.00441	0.00771
19	0.02632	0.01957	0.02095	0.01623	0.02180	0.02173	0.01335	0.63012	0.08617	0.04367	0.01805	0.01785	0.01288	0.00864	0.00713	0.00216	0.00766	0.00654	0.00713	0.01204
20	0.80005	0.01377	0.01047	0.00936	0.01377	0.01597	0.00771	0.02093	0.01212	0.03195	0.00991	0.01157	0.00771	0.00661	0.00441	0.00220	0.00551	0.00386	0.00441	0.00771
21	0.01477	0.01266	0.01477	0.01055	0.01687	0.00949	0.00844	0.01793	0.01477	0.02320	0.01266	0.01477	0.01055	0.00527	0.00527	0.00105	0.00527	0.00422	0.00422	0.79328
22	0.01558	0.01558	0.02181	0.01869	0.01869	0.02181	0.01558	0.01714	0.01091	0.01714	0.00935	0.01558	0.00935	0.01246	0.02337	0.00312	0.73672	0.00623	0.00312	0.00779
23	0.01970	0.09766	0.03789	0.14343	0.05923	0.01649	0.01363	0.09832	0.17562	0.14587	0.06734	0.02568	0.01950	0.00910	0.00707	0.00225	0.00702	0.03804	0.00601	0.01012
24	0.00861	0.00722	0.00748	0.00741	0.00974	0.00609	0.00556	0.01059	0.01668	0.02031	0.14458	0.06676	0.62933	0.01763	0.00841	0.00239	0.00358	0.01478	0.00675	0.00609
25	0.01834	0.40985	0.15223	0.01609	0.02201	0.06245	0.05419	0.04971	0.01533	0.01942	0.01096	0.01342	0.00937	0.00728	0.00805	0.00197	0.11192	0.00483	0.00329	0.00930
26	0.01017	0.00763	0.01144	0.01144	0.01272	0.00890	0.00890	0.01272	0.01144	0.01653	0.01907	0.02797	0.01780	0.05340	0.72153	0.01144	0.01907	0.00763	0.00381	0.00636
27	0.59866	0.13936	0.01665	0.01088	0.01574	0.01787	0.03738	0.02171	0.01310	0.06033	0.01094	0.01246	0.00854	0.00660	0.00473	0.00210	0.00617	0.00420	0.00435	0.00824
28	0.01372	0.07289	0.05800	0.01230	0.01486	0.03776	0.01038	0.06989	0.01455	0.02029	0.03879	0.02688	0.03432	0.09754	0.32653	0.00668	0.06297	0.00737	0.06696	0.00732

[dist]
# distance from previous block
# <min> <max>
0	7

[block]
# block no. 2 follows, 29 sequences, length 136
# corresponding to MSA columns:
# 221-356
name=unknown_C
#
# <colnr> <probs for GDERKNQSTAVLIFYWHMCP>
#	G	D	E	R	K	N	Q	S	T	A	V	L	I	F	Y	W	H	M	C	P
0	0.01929	0.01754	0.02257	0.18649	0.23691	0.13800	0.04702	0.02295	0.01710	0.10788	0.04358	0.02086	0.03520	0.00763	0.00704	0.00211	0.00881	0.00666	0.00444	0.04792
1	0.01544	0.01264	0.01483	0.01063	0.01693	0.00953	0.00852	0.01859	0.01499	0.05021	0.01326	0.01514	0.01083	0.00541	0.00535	0.00110	0.00530	0.00433	0.00440	0.76257
2	0.01360	0.01120	0.01327	0.01060	0.01531	0.00898	0.00814	0.04115	0.01518	0.02268	0.01998	0.21135	0.02044	0.00998	0.00637	0.00159	0.00506	0.00861	0.00497	0.55154
3	0.01762	0.01692	0.02890	0.04371	0.70533	0.01692	0.02185	0.02185	0.01621	0.02326	0.01339	0.01762	0.01128	0.00634	0.00705	0.00211	0.00846	0.00634	0.00352	0.01128
4	0.01428	0.03683	0.71286	0.02030	0.03082	0.01654	0.02631	0.02255	0.01503	0.02255	0.01278	0.01503	0.00902	0.00677	0.00677	0.00226	0.01052	0.00526	0.00301	0.01052
5	0.00991	0.00727	0.00929	0.00879	0.01054	0.00665	0.00659	0.01312	0.01977	0.02764	0.63952	0.05470	0.12982	0.01490	0.00840	0.00226	0.00338	0.01309	0.00772	0.00665
6	0.00862	0.00695	0.00771	0.00827	0.01005	0.00603	0.00602	0.01032	0.01546	0.01901	0.06083	0.27191	0.47822	0.01938	0.00868	0.00259	0.00389	0.04350	0.00661	0.00597
7	0.01008	0.00728	0.00952	0.00896	0.01064	0.00672	0.00672	0.01344	0.02016	0.02855	0.70158	0.05319	0.06719	0.01456	0.00840	0.00224	0.00336	0.01288	0.00784	0.00672
8	0.02707	0.01995	0.02137	0.01638	0.02208	0.02208	0.01353	0.68159	0.03348	0.04488	0.01710	0.01710	0.01211	0.00855	0.00712	0.00214	0.00784	0.00641	0.00712	0.01211
9	0.01345	0.01266	0.02136	0.73264	0.04904	0.01582	0.01978	0.01819	0.01424	0.01819	0.01266	0.01898	0.00949	0.00712	0.00712	0.00237	0.00949	0.00633	0.00316	0.00791
10	0.01762	0.01692	0.02890	0.04371	0.70533	0.01692	0.02185	0.02185	0.01621	0.02326	0.01339	0.01762	0.01128	0.00634	0.00705	0.00211	0.00846	0.00634	0.00352	0.01128
11	0.01327	0.00664	0.00664	0.00664	0.00830	0.00664	0.00498	0.01659	0.01493	0.02655	0.02323	0.02655	0.01825	0.00830	0.00498	0.00166	0.00332	0.00664	0.78928	0.00664
12	0.06680	0.01219	0.01625	0.01252	0.01798	0.01072	0.01034	0.03408	0.02001	0.67949	0.02727	0.02366	0.01718	0.00871	0.00704	0.00220	0.00603	0.00701	0.00861	0.01192
13	0.01428	0.03683	0.71286	0.02030	0.03082	0.01654	0.02631	0.02255	0.01503	0.02255	0.01278	0.01503	0.00902	0.00677	0.00677	0.00226	0.01052	0.00526	0.00301	0.01052
14	0.03172	0.01248	0.01675	0.01284	0.01836	0.01100	0.01061	0.06447	0.02098	0.67965	0.02759	0.02391	0.01737	0.00880	0.00716	0.00220	0.00614	0.00713	0.00874	0.01212
15	0.01008	0.00728	0.00952	0.00896	0.01064	0.00672	0.00672	0.01344	0.02016	0.02855	0.70158	0.05319	0.06719	0.01456	0.00840	0.00224	0.00336	0.01288	0.00784	0.00672
16	0.00868	0.00620	0.00826	0.00991	0.01033	0.00578	0.00661	0.00991	0.01363	0.01818	0.03925	0.74510	0.04710	0.02231	0.00909	0.00289	0.00413	0.02024	0.00661	0.00578
17	0.01345	0.01266	0.02136	0.73264	0.04904	0.01582	0.01978	0.01819	0.01424	0.01819	0.01266	0.01898	0.00949	0.00712	0.00712	0.00237	0.00949	0.00633	0.00316	0.00791
18	0.80005	0.01377	0.01047	0.00936	0.01377	0.01597	0.00771	0.02093	0.01212	0.03195	0.00991	0.01157	0.00771	0.00661	0.00441	0.00220	0.00551	0.00386	0.00441	0.00771
19	0.03195	0.01212	0.01652	0.01267	0.01818	0.01047	0.01047	0.03470	0.02038	0.71026	0.02809	0.02424	0.01763	0.00881	0.00716	0.00220	0.00606	0.00716	0.00881	0.01212
20	0.01652	0.01975	0.07382	0.06399	0.03748	0.01783	0.61517	0.02257	0.01659	0.02257	0.01424	0.01899	0.01065	0.00609	0.00826	0.00239	0.01181	0.00815	0.00355	0.00957
21	0.01002	0.00728	0.00944	0.00890	0.01060	0.00670	0.00668	0.01333	0.02003	0.02824	0.68065	0.05370	0.08831	0.01467	0.00840	0.00225	0.00337	0.01295	0.00780	0.00670
22	0.01021	0.00749	0.01075	0.01075	0.01178	0.00852	0.00803	0.01227	0.01124	0.01601	0.01971	0.03150	0.01933	0.18514	0.59189	0.01058	0.01677	0.00814	0.00391	0.00597
23	0.01008	0.00728	0.00952	0.00896	0.01064	0.00672	0.00672	0.01344	0.02016	0.02855	0.70158	0.05319	0.06719	0.01456	0.00840	0.00224	0.00336	0.01288	0.00784	0.00672
24	0.01477	0.01266	0.01477	0.01055	0.01687	0.00949	0.00844	0.01793	0.01477	0.02320	0.01266	0.01477	0.01055	0.00527	0.00527	0.00105	0.00527	0.00422	0.00422	0.79328
25	0.80005	0.01377	0.01047	0.00936	0.01377	0.01597	0.00771	0.02093	0.01212	0.03195	0.00991	0.01157	0.00771	0.00661	0.00441	0.00220	0.00551	0.00386	0.00441	0.00771
26	0.01080	0.00747	0.00954	0.00891	0.01083	0.00679	0.00672	0.01395	0.01971	0.05601	0.59965	0.05377	0.13951	0.01472	0.00835	0.00226	0.00350	0.01289	0.00774	0.00686
27	0.00946	0.00676	0.00917	0.01082	0.01157	0.00646	0.00798	0.01128	0.01441	0.01906	0.03881	0.55792	0.04537	0.02157	0.00930	0.00300	0.00481	0.19965	0.00659	0.00600
28	0.03195	0.01212	0.01652	0.01267	0.01818	0.01047	0.01047	0.03470	0.02038	0.71026	0.02809	0.02424	0.01763	0.00881	0.00716	0.00220	0.00606	0.00716	0.00881	0.01212
29	0.01327	0.00664	0.00664	0.00664	0.00830	0.00664	0.00498	0.01659	0.01493	0.02655	0.02323	0.02655	0.01825	0.00830	0.00498	0.00166	0.00332	0.00664	0.78928	0.00664
30	0.02560	0.01921	0.02054	0.01609	0.02152	0.02139	0.01318	0.58028	0.13718	0.04250	0.01897	0.01859	0.01362	0.00872	0.00714	0.00218	0.00749	0.00667	0.00714	0.01198
31	0.06170	0.01289	0.01672	0.01287	0.01836	0.01173	0.01063	0.09252	0.02124	0.62357	0.02639	0.02309	0.01674	0.00870	0.00705	0.00220	0.00620	0.00696	0.00849	0.01194
32	0.01558	0.01558	0.02181	0.01869	0.01869	0.02181	0.01558	0.01714	0.01091	0.01714	0.00935	0.01558	0.00935	0.01246	0.02337	0.00312	0.73672	0.00623	0.00312	0.00779
33	0.01008	0.00728	0.00952	0.00896	0.01064	0.00672	0.00672	0.01344	0.02016	0.02855	0.70158	0.05319	0.06719	0.01456	0.00840	0.00224	0.00336	0.01288	0.00784	0.00672
34	0.01428	0.03683	0.71286	0.02030	0.03082	0.01654	0.02631	0.02255	0.01503	0.02255	0.01278	0.01503	0.00902	0.00677	0.00677	0.00226	0.01052	0.00526	0.00301	0.01052
35	0.01673	0.01815	0.09057	0.13846	0.55116	0.01673	0.02197	0.02140	0.01583	0.02248	0.01323	0.01758	0.01082	0.00649	0.00703	0.00216	0.00879	0.00624	0.00343	0.01074
36	0.80005	0.01377	0.01047	0.00936	0.01377	0.01597	0.00771	0.02093	0.01212	0.03195	0.00991	0.01157	0.00771	0.00661	0.00441	0.00220	0.00551	0.00386	0.00441	0.00771
37	0.01864	0.69352	0.09432	0.01287	0.01933	0.02719	0.01338	0.02143	0.01452	0.01724	0.01014	0.01173	0.00913	0.00615	0.00475	0.00158	0.00786	0.00393	0.00304	0.00925
38	0.02013	0.01305	0.07037	0.04019	0.01809	0.01113	0.01118	0.02503	0.08612	0.29114	0.13771	0.12146	0.02836	0.01138	0.00825	0.00232	0.03939	0.00953	0.00704	0.04813
39	0.01001	0.00728	0.00943	0.00889	0.01060	0.00669	0.00667	0.01331	0.02001	0.02820	0.67751	0.05378	0.09147	0.01469	0.00840	0.00225	0.00337	0.01296	0.00779	0.00669
40	0.03195	0.01212	0.01652	0.01267	0.01818	0.01047	0.01047	0.03470	0.02038	0.71026	0.02809	0.02424	0.01763	0.00881	0.00716	0.00220	0.00606	0.00716	0.00881	0.01212
41	0.01000	0.00728	0.00941	0.00888	0.01059	0.00669	0.00666	0.01329	0.01998	0.02813	0.67302	0.05389	0.09601	0.01471	0.00840	0.00225	0.00337	0.01298	0.00778	0.00669
42	0.02490	0.01785	0.01905	0.01485	0.01991	0.01965	0.01219	0.57694	0.03056	0.04199	0.01806	0.01858	0.01308	0.00851	0.00679	0.00206	0.00712	0.00645	0.13021	0.01125
43	0.01091	0.00746	0.00979	0.00910	0.01093	0.00686	0.00686	0.01425	0.02016	0.05462	0.67583	0.05208	0.06529	0.01434	0.00835	0.00224	0.00346	0.01266	0.00788	0.00693
44	0.10167	0.01324	0.01657	0.01283	0.01826	0.01241	0.01059	0.11338	0.02124	0.56594	0.02507	0.02219	0.01604	0.00858	0.00690	0.00220	0.00623	0.00677	0.00820	0.01171
45	0.01021	0.00764	0.00958	0.00944	0.01122	0.00719	0.00718	0.01394	0.04965	0.02577	0.46557	0.11375	0.14977	0.01594	0.00854	0.00242	0.00386	0.07417	0.00742	0.00674
46	0.01428	0.03683	0.71286	0.02030	0.03082	0.01654	0.02631	0.02255	0.01503	0.02255	0.01278	0.01503	0.00902	0.00677	0.00677	0.00226	0.01052	0.00526	0.00301	0.01052
47	0.01664	0.01889	0.04100	0.06447	0.03779	0.01790	0.64712	0.02258	0.01668	0.02258	0.01432	0.01920	0.01074	0.00606	0.00834	0.00240	0.01188	0.00830	0.00358	0.00952
48	0.01645	0.01413	0.01966	0.01456	0.02024	0.01262	0.10822	0.07579	0.01641	0.04567	0.01393	0.01672	0.01128	0.00898	0.04800	0.00211	0.05435	0.00544	0.00443	0.49102
49	0.58173	0.01470	0.04382	0.01059	0.01516	0.01552	0.00905	0.05525	0.05749	0.06997	0.01348	0.01520	0.01034	0.02800	0.00590	0.00233	0.00586	0.00479	0.03242	0.00841
50	0.01744	0.12895	0.01837	0.04746	0.01821	0.01385	0.01010	0.06910	0.07151	0.10014	0.07376	0.09063	0.02019	0.00888	0.00638	0.00178	0.00589	0.00731	0.00547	0.28461
51	0.01790	0.58209	0.19928	0.01413	0.02128	0.02539	0.01557	0.02162	0.01460	0.01814	0.01059	0.01229	0.00911	0.00625	0.00510	0.00170	0.00831	0.00416	0.00304	0.00947
52	0.72593	0.01445	0.01077	0.00969	0.01393	0.05058	0.00789	0.02111	0.01265	0.03098	0.01057	0.01231	0.00826	0.00672	0.00453	0.00216	0.00577	0.00402	0.03998	0.00769
53	0.58201	0.13047	0.01661	0.04283	0.07092	0.01796	0.01004	0.02095	0.01290	0.02829	0.01030	0.01234	0.00829	0.00653	0.00476	0.00210	0.00624	0.00415	0.00407	0.00823
54	0.01226	0.00626	0.00938	0.00938	0.00945	0.00632	0.00632	0.00945	0.00938	0.01257	0.01270	0.02196	0.01264	0.02614	0.06185	0.75451	0.00682	0.00626	0.00313	0.00325
55	0.50004	0.01465	0.01356	0.01130	0.01599	0.01627	0.00929	0.17068	0.01826	0.11202	0.04744	0.01629	0.01274	0.00769	0.00553	0.00219	0.00599	0.00525	0.00569	0.00915
56	0.01087	0.00791	0.00949	0.00923	0.01123	0.00740	0.00686	0.01477	0.07148	0.05124	0.34355	0.16651	0.23042	0.01614	0.00837	0.00240	0.00384	0.01405	0.00730	0.00695
57	0.48929	0.01749	0.01352	0.01169	0.01623	0.15531	0.00935	0.02418	0.01505	0.12392	0.01286	0.01380	0.00957	0.00698	0.00525	0.00206	0.00703	0.00449	0.00487	0.05707
58	0.01006	0.00769	0.00939	0.01022	0.01212	0.00716	0.00842	0.01252	0.01602	0.02002	0.05229	0.07341	0.33493	0.05474	0.01050	0.00307	0.00526	0.33949	0.00647	0.00620
59	0.01771	0.01530	0.01610	0.01449	0.01852	0.01771	0.01127	0.03784	0.69247	0.02979	0.02898	0.02657	0.02174	0.00966	0.00725	0.00242	0.00564	0.00805	0.00725	0.01127
60	0.01345	0.01266	0.02136	0.73264	0.04904	0.01582	0.01978	0.01819	0.01424	0.01819	0.01266	0.01898	0.00949	0.00712	0.00712	0.00237	0.00949	0.00633	0.00316	0.00791
61	0.80005	0.01377	0.01047	0.00936	0.01377	0.01597	0.00771	0.02093	0.01212	0.03195	0.00991	0.01157	0.00771	0.00661	0.00441	0.00220	0.00551	0.00386	0.00441	0.00771
62	0.01747	0.01485	0.01562	0.01393	0.01791	0.01690	0.01087	0.07989	0.58201	0.02983	0.03229	0.02992	0.08620	0.01038	0.00735	0.00239	0.00559	0.00860	0.00718	0.01083
63	0.01112	0.00853	0.01034	0.00966	0.01178	0.00838	0.00731	0.01697	0.12558	0.02786	0.53598	0.05046	0.12034	0.01412	0.00822	0.00228	0.00374	0.01232	0.00763	0.00737
64	0.00886	0.00637	0.00843	0.00987	0.01048	0.00594	0.00675	0.01034	0.01428	0.01908	0.08886	0.65207	0.06765	0.02152	0.00904	0.00284	0.00414	0.04087	0.00670	0.00589
65	0.01681	0.01921	0.04202	0.03001	0.03721	0.01801	0.67947	0.02281	0.01681	0.02281	0.01441	0.01921	0.01080	0.00600	0.00840	0.00240	0.01200	0.00840	0.00360	0.00960
66	0.80005	0.01377	0.01047	0.00936	0.01377	0.01597	0.00771	0.02093	0.01212	0.03195	0.00991	0.01157	0.00771	0.00661	0.00441	0.00220	0.00551	0.00386	0.00441	0.00771
67	0.01839	0.01309	0.01558	0.01349	0.01672	0.01375	0.03093	0.31268	0.02282	0.06396	0.02729	0.33141	0.02794	0.04543	0.00923	0.00267	0.00625	0.01262	0.00676	0.00899
68	0.01587	0.02315	0.24771	0.02242	0.06263	0.01594	0.24174	0.04209	0.01603	0.02327	0.01331	0.01660	0.01018	0.00648	0.00777	0.00207	0.04264	0.00623	0.00363	0.18023
69	0.01901	0.01646	0.05647	0.01561	0.03997	0.01716	0.01246	0.05763	0.55538	0.08654	0.02712	0.02513	0.02003	0.00929	0.00720	0.00237	0.00611	0.00771	0.00702	0.01133
70	0.01904	0.75404	0.03731	0.01218	0.01828	0.02818	0.01218	0.02132	0.01447	0.01675	0.00990	0.01142	0.00914	0.00609	0.00457	0.00152	0.00761	0.00381	0.00305	0.00914
71	0.01603	0.01271	0.01493	0.01082	0.01702	0.00982	0.00867	0.01971	0.03706	0.07001	0.01423	0.01579	0.01139	0.00566	0.00547	0.00118	0.00534	0.00454	0.00463	0.71503
72	0.01118	0.00926	0.01482	0.01350	0.01512	0.01053	0.07321	0.01376	0.01194	0.01708	0.01892	0.05737	0.01820	0.08844	0.52501	0.00928	0.07358	0.00829	0.00389	0.00663
73	0.01110	0.00900	0.01323	0.01269	0.01374	0.01112	0.01005	0.01348	0.01135	0.01663	0.01740	0.02584	0.01635	0.04637	0.60149	0.01001	0.14246	0.00739	0.00369	0.00660
74	0.01217	0.00925	0.01048	0.07733	0.01385	0.03835	0.00742	0.05089	0.01371	0.01814	0.02577	0.15575	0.04906	0.38806	0.02223	0.00471	0.00665	0.03578	0.05459	0.00580
75	0.01449	0.03540	0.65848	0.02108	0.03134	0.01666	0.07926	0.02257	0.01518	0.02257	0.01291	0.01537	0.00916	0.00670	0.00690	0.00227	0.01064	0.00552	0.00305	0.01045
76	0.01345	0.01266	0.02136	0.73264	0.04904	0.01582	0.01978	0.01819	0.01424	0.01819	0.01266	0.01898	0.00949	0.00712	0.00712	0.00237	0.00949	0.00633	0.00316	0.00791
77	0.02391	0.16433	0.02402	0.01755	0.05234	0.29051	0.01370	0.22553	0.02230	0.02592	0.01293	0.01466	0.01042	0.00901	0.02802	0.00222	0.04314	0.00524	0.00458	0.00966
78	0.77594	0.01372	0.01066	0.00947	0.01391	0.01580	0.00780	0.02136	0.01238	0.05324	0.01049	0.01197	0.00802	0.00668	0.00449	0.00220	0.00553	0.00396	0.00454	0.00785
79	0.00903	0.00638	0.00833	0.00975	0.01015	0.00604	0.00649	0.01018	0.01329	0.01769	0.03682	0.61902	0.04386	0.12451	0.01294	0.00347	0.00462	0.04554	0.00628	0.00561
80	0.01017	0.00763	0.01144	0.01144	0.01272	0.00890	0.00890	0.01272	0.01144	0.01653	0.01907	0.02797	0.01780	0.05340	0.72153	0.01144	0.01907	0.00763	0.00381	0.00636
81	0.00842	0.00721	0.00721	0.00721	0.00962	0.00601	0.00541	0.01022	0.01623	0.01924	0.07213	0.06853	0.70244	0.01803	0.00842	0.00240	0.00361	0.01503	0.00661	0.00601
82	0.80005	0.01377	0.01047	0.00936	0.01377	0.01597	0.00771	0.02093	0.01212	0.03195	0.00991	0.01157	0.00771	0.00661	0.00441	0.00220	0.00551	0.00386	0.00441	0.00771
83	0.01580	0.01715	0.03620	0.06172	0.03426	0.01636	0.54208	0.02132	0.01662	0.02235	0.01799	0.02881	0.01549	0.00821	0.00857	0.00254	0.01102	0.11043	0.00405	0.00904
84	0.73224	0.01362	0.01100	0.00966	0.01416	0.01549	0.00795	0.02215	0.01285	0.09183	0.01152	0.01269	0.00859	0.00680	0.00465	0.00220	0.00556	0.00415	0.00480	0.00810
85	0.01746	0.01643	0.04856	0.06921	0.06791	0.05082	0.01298	0.03208	0.46339	0.04816	0.02814	0.02711	0.06724	0.00957	0.00724	0.00235	0.00656	0.00798	0.00633	0.01050
86	0.02534	0.01359	0.01633	0.01352	0.01833	0.01383	0.01084	0.03616	0.33252	0.39423	0.02851	0.02532	0.01954	0.00921	0.00720	0.00230	0.00586	0.00757	0.00809	0.01172
87	0.01307	0.00951	0.01275	0.01418	0.03557	0.00979	0.01172	0.01861	0.10694	0.04190	0.03555	0.06972	0.03688	0.01764	0.00933	0.00310	0.00648	0.53317	0.00662	0.00748
88	0.01059	0.00756	0.01046	0.01210	0.01335	0.00743	0.00993	0.01322	0.01552	0.02032	0.03819	0.29095	0.04292	0.02051	0.00960	0.00316	0.00579	0.45553	0.00657	0.00631
89	0.02661	0.01972	0.02111	0.01629	0.02191	0.02187	0.01342	0.65010	0.06572	0.04414	0.01768	0.01756	0.01258	0.00860	0.00713	0.00215	0.00773	0.00649	0.00713	0.01207
90	0.01345	0.01266	0.02136	0.73264	0.04904	0.01582	0.01978	0.01819	0.01424	0.01819	0.01266	0.01898	0.00949	0.00712	0.00712	0.00237	0.00949	0.00633	0.00316	0.00791
91	0.03139	0.01301	0.01708	0.01309	0.01862	0.01179	0.01082	0.10834	0.02187	0.63452	0.02684	0.02342	0.01700	0.00878	0.00716	0.00220	0.00626	0.00708	0.00862	0.01212
92	0.75185	0.01446	0.03270	0.03149	0.01536	0.01599	0.00866	0.02090	0.01227	0.03124	0.01009	0.01190	0.00781	0.00663	0.00456	0.00221	0.00578	0.00397	0.00433	0.00781
93	0.00987	0.00761	0.00928	0.01015	0.01207	0.00702	0.00833	0.01233	0.01615	0.02014	0.05393	0.11596	0.35132	0.01907	0.00912	0.00284	0.00502	0.31693	0.00659	0.00625
94	0.01036	0.00690	0.00777	0.00777	0.00777	0.00690	0.00431	0.01036	0.01036	0.01381	0.02244	0.04660	0.02589	0.74975	0.03624	0.00690	0.00690	0.01036	0.00431	0.00431
95	0.01345	0.01266	0.02136	0.73264	0.04904	0.01582	0.01978	0.01819	0.01424	0.01819	0.01266	0.01898	0.00949	0.00712	0.00712	0.00237	0.00949	0.00633	0.00316	0.00791
96	0.05698	0.01070	0.04644	0.01080	0.01435	0.00894	0.00901	0.02150	0.01958	0.26066	0.40401	0.03939	0.04450	0.01182	0.00770	0.00223	0.00474	0.01011	0.00776	0.00879
97	0.02033	0.01556	0.01719	0.01380	0.01860	0.01609	0.01101	0.35898	0.08682	0.03409	0.02089	0.13930	0.01850	0.01021	0.00704	0.00204	0.00643	0.00838	0.00639	0.18834
98	0.06315	0.02803	0.36947	0.02089	0.05782	0.07573	0.09169	0.05463	0.01590	0.02305	0.01325	0.03737	0.01059	0.00796	0.00892	0.00235	0.09981	0.00614	0.00356	0.00970
99	0.80005	0.01377	0.01047	0.00936	0.01377	0.01597	0.00771	0.02093	0.01212	0.03195	0.00991	0.01157	0.00771	0.00661	0.00441	0.00220	0.00551	0.00386	0.00441	0.00771
100	0.00925	0.00716	0.00843	0.00829	0.01018	0.00634	0.00615	0.01176	0.01792	0.02369	0.37619	0.11857	0.33704	0.01670	0.00846	0.00237	0.00353	0.01442	0.00721	0.00634
101	0.14785	0.01237	0.01561	0.01217	0.01751	0.01130	0.01005	0.03262	0.01913	0.60791	0.02535	0.02232	0.01613	0.00848	0.00675	0.00220	0.00598	0.00666	0.00815	0.01145
102	0.00987	0.00722	0.00926	0.00886	0.01054	0.00661	0.00660	0.01299	0.01950	0.02725	0.61539	0.08843	0.12040	0.01523	0.00843	0.00229	0.00342	0.01342	0.00767	0.00661
103	0.01917	0.68509	0.06971	0.01277	0.01907	0.02732	0.01294	0.05176	0.01537	0.01833	0.01037	0.01186	0.00927	0.00624	0.00479	0.00159	0.00777	0.00400	0.00323	0.00934
104	0.01098	0.00782	0.01079	0.01235	0.01371	0.00775	0.01036	0.01378	0.01566	0.02045	0.03720	0.18329	0.04120	0.05580	0.01101	0.00339	0.00619	0.52549	0.00646	0.00633
105	0.02234	0.02198	0.02197	0.02415	0.21485	0.22435	0.01541	0.18842	0.08819	0.02751	0.01548	0.01732	0.01216	0.00779	0.00731	0.00208	0.03143	0.00602	0.04097	0.01028
106	0.02194	0.21906	0.15648	0.01714	0.02262	0.38511	0.01580	0.02510	0.01742	0.01822	0.01100	0.01299	0.00914	0.00708	0.00658	0.00188	0.03561	0.00457	0.00336	0.00890
107	0.01369	0.01313	0.02284	0.68205	0.04819	0.01598	0.06727	0.01853	0.01442	0.01853	0.01278	0.01900	0.00959	0.00704	0.00721	0.00238	0.00967	0.00648	0.00320	0.00803
108	0.00995	0.00727	0.00934	0.00883	0.01056	0.00666	0.00662	0.01319	0.01986	0.02785	0.65370	0.05436	0.11551	0.01482	0.00840	0.00225	0.00338	0.01304	0.00775	0.00666
109	0.01030	0.00711	0.00881	0.00881	0.00916	0.00747	0.00561	0.01102	0.01066	0.01458	0.02149	0.04134	0.02360	0.55298	0.22989	0.00819	0.01034	0.00958	0.00417	0.00489
110	0.01707	0.09791	0.05241	0.32589	0.18432	0.11880	0.03891	0.02108	0.01554	0.01932	0.01223	0.01672	0.00982	0.00701	0.00733	0.00217	0.03536	0.00583	0.00331	0.00898
111	0.00868	0.00620	0.00826	0.00991	0.01033	0.00578	0.00661	0.00991	0.01363	0.01818	0.03925	0.74510	0.04710	0.02231	0.00909	0.00289	0.00413	0.02024	0.00661	0.00578
112	0.01481	0.01288	0.01535	0.01155	0.01694	0.01103	0.00924	0.01859	0.04801	0.02276	0.01395	0.03785	0.01210	0.00674	0.00732	0.00139	0.07929	0.00510	0.00433	0.65075
113	0.02707	0.01995	0.02137	0.01638	0.02208	0.02208	0.01353	0.68159	0.03348	0.04488	0.01710	0.01710	0.01211	0.00855	0.00712	0.00214	0.00784	0.00641	0.00712	0.01211
114	0.01017	0.00682	0.00782	0.00801	0.00805	0.00678	0.00457	0.01031	0.01072	0.01429	0.02431	0.12441	0.02825	0.66872	0.03322	0.00646	0.00659	0.01146	0.00457	0.00448
115	0.01595	0.01652	0.01911	0.11215	0.02195	0.13769	0.01431	0.01820	0.01306	0.01719	0.01229	0.01839	0.01126	0.02019	0.17724	0.00469	0.35261	0.00628	0.00338	0.00756
116	0.05955	0.49849	0.03078	0.01392	0.01919	0.23866	0.01244	0.02347	0.01609	0.01770	0.01024	0.01186	0.00908	0.00650	0.00513	0.00165	0.00910	0.00405	0.00330	0.00880
117	0.00967	0.00700	0.00912	0.00914	0.01053	0.00646	0.00665	0.01244	0.01838	0.02563	0.51359	0.22780	0.08368	0.01663	0.00857	0.00241	0.00356	0.01480	0.00749	0.00646
118	0.00887	0.00632	0.00841	0.01000	0.01047	0.00594	0.00678	0.01017	0.01366	0.01819	0.03863	0.68950	0.04611	0.04569	0.01000	0.00304	0.00434	0.05158	0.00653	0.00577
119	0.01467	0.03441	0.62681	0.02269	0.08824	0.01663	0.05329	0.02250	0.01521	0.02262	0.01290	0.01543	0.00929	0.00670	0.00686	0.00225	0.01041	0.00549	0.00308	0.01055
120	0.80005	0.01377	0.01047	0.00936	0.01377	0.01597	0.00771	0.02093	0.01212	0.03195	0.00991	0.01157	0.00771	0.00661	0.00441	0.00220	0.00551	0.00386	0.00441	0.00771
121	0.01475	0.10763	0.64617	0.01949	0.02958	0.01769	0.02491	0.02243	0.01498	0.02198	0.01249	0.01468	0.00903	0.00670	0.00655	0.00218	0.01024	0.00512	0.00301	0.01039
122	0.00842	0.00721	0.00721	0.00721	0.00962	0.00601	0.00541	0.01022	0.01623	0.01924	0.07213	0.06853	0.70244	0.01803	0.00842	0.00240	0.00361	0.01503	0.00661	0.00601
123	0.01036	0.00690	0.00777	0.00777	0.00777	0.00690	0.00431	0.01036	0.01036	0.01381	0.02244	0.04660	0.02589	0.74975	0.03624	0.00690	0.00690	0.01036	0.00431	0.00431
124	0.00868	0.00620	0.00826	0.00991	0.01033	0.00578	0.00661	0.00991	0.01363	0.01818	0.03925	0.74510	0.04710	0.02231	0.00909	0.00289	0.00413	0.02024	0.00661	0.00578
125	0.01681	0.01921	0.04202	0.03001	0.03721	0.01801	0.67947	0.02281	0.01681	0.02281	0.01441	0.01921	0.01080	0.00600	0.00840	0.00240	0.01200	0.00840	0.00360	0.00960
126	0.02660	0.03394	0.02018	0.01834	0.02201	0.72116	0.01376	0.02843	0.02018	0.01743	0.01101	0.01284	0.00917	0.00734	0.00642	0.00183	0.01284	0.00459	0.00367	0.00825
127	0.00873	0.00622	0.00825	0.00984	0.01024	0.00582	0.00653	0.00993	0.01352	0.01802	0.03866	0.72062	0.04635	0.04781	0.01004	0.00303	0.00423	0.01990	0.00653	0.00573
128	0.01477	0.01266	0.01477	0.01055	0.01687	0.00949	0.00844	0.01793	0.01477	0.02320	0.01266	0.01477	0.01055	0.00527	0.00527	0.00105	0.00527	0.00422	0.00422	0.79328
129	0.02707	0.01995	0.02137	0.01638	0.02208	0.02208	0.01353	0.68159	0.03348	0.04488	0.01710	0.01710	0.01211	0.00855	0.00712	0.00214	0.00784	0.00641	0.00712	0.01211
130	0.00849	0.00722	0.00732	0.00729	0.00966	0.00604	0.00547	0.01037	0.01641	0.01966	0.10069	0.06783	0.67362	0.01788	0.00841	0.00240	0.00360	0.01493	0.00667	0.00604
131	0.00905	0.00724	0.00809	0.00788	0.01001	0.00628	0.00591	0.01144	0.01773	0.02278	0.31185	0.06269	0.46052	0.01671	0.00841	0.00234	0.00351	0.01421	0.00708	0.00628
132	0.02228	0.01336	0.01564	0.01329	0.01765	0.01398	0.01054	0.03438	0.37946	0.28258	0.09190	0.02820	0.02448	0.00981	0.00732	0.00232	0.00558	0.00817	0.00788	0.01116
133	0.03195	0.01212	0.01652	0.01267	0.01818	0.01047	0.01047	0.03470	0.02038	0.71026	0.02809	0.02424	0.01763	0.00881	0.00716	0.00220	0.00606	0.00716	0.00881	0.01212
134	0.01550	0.01548	0.02179	0.04393	0.01977	0.02160	0.01573	0.01717	0.01102	0.01717	0.00946	0.01570	0.00935	0.01227	0.02279	0.00309	0.71102	0.00623	0.00312	0.00779
135	0.03000	0.01169	0.01590	0.01234	0.01751	0.01013	0.01013	0.03281	0.02036	0.64960	0.08802	0.02681	0.02204	0.00932	0.00727	0.00221	0.00582	0.00767	0.00873	0.01164

[dist]
# distance from previous block
# <min> <max>
0	20

[block]
# block no. 3 follows, 29 sequences, length 76
# corresponding to MSA columns:
# 427-502
name=unknown_D
#
# <colnr> <probs for GDERKNQSTAVLIFYWHMCP>
#	G	D	E	R	K	N	Q	S	T	A	V	L	I	F	Y	W	H	M	C	P
0	0.00867	0.00623	0.00822	0.00982	0.01030	0.00579	0.00657	0.00993	0.01373	0.01822	0.04044	0.72048	0.07095	0.02215	0.00906	0.00287	0.00411	0.02005	0.00661	0.00579
1	0.01904	0.75404	0.03731	0.01218	0.01828	0.02818	0.01218	0.02132	0.01447	0.01675	0.00990	0.01142	0.00914	0.00609	0.00457	0.00152	0.00761	0.00381	0.00305	0.00914
2	0.01477	0.01266	0.01477	0.01055	0.01687	0.00949	0.00844	0.01793	0.01477	0.02320	0.01266	0.01477	0.01055	0.00527	0.00527	0.00105	0.00527	0.00422	0.00422	0.79328
