[name]
unknown

[dist]
# distance from previous block
# <min> <max>
0	207

[block]
# block no. 0 follows, 27 sequences, length 19
# corresponding to MSA columns:
# 207-225
name=unknown_A
#
# <colnr> <probs for GDERKNQSTAVLIFYWHMCP>
#	G	D	E	R	K	N	Q	S	T	A	V	L	I	F	Y	W	H	M	C	P
0	0.04975	0.01158	0.01428	0.01357	0.01670	0.01209	0.01131	0.10201	0.09724	0.11251	0.08090	0.05201	0.03222	0.01828	0.06544	0.00358	0.00758	0.28296	0.00707	0.00891
1	0.02643	0.01477	0.01734	0.01392	0.01906	0.01492	0.01130	0.19454	0.15014	0.32912	0.03168	0.02900	0.09276	0.01036	0.00762	0.00235	0.00642	0.00836	0.00817	0.01175
2	0.02568	0.01812	0.01990	0.01568	0.02127	0.01948	0.01277	0.40070	0.17245	0.12139	0.02156	0.02070	0.01539	0.00892	0.00730	0.00221	0.00722	0.00697	0.00743	0.07485
3	0.01402	0.01319	0.02227	0.72126	0.05113	0.01649	0.02062	0.01897	0.01484	0.01897	0.01319	0.01979	0.00990	0.00742	0.00742	0.00247	0.00990	0.00660	0.00330	0.00825
4	0.01463	0.01370	0.02261	0.58654	0.12181	0.01609	0.01991	0.01938	0.01512	0.01999	0.01328	0.01927	0.01020	0.00717	0.00726	0.00233	0.00942	0.00642	0.00343	0.07142
5	0.00979	0.00701	0.00941	0.01077	0.01164	0.00663	0.00781	0.01181	0.01580	0.02124	0.14299	0.51171	0.05128	0.02149	0.00950	0.00298	0.00463	0.13010	0.00708	0.00633
6	0.01373	0.01288	0.02146	0.68205	0.04887	0.01593	0.01979	0.01851	0.01496	0.01903	0.01660	0.02263	0.04724	0.00805	0.00750	0.00248	0.00956	0.00710	0.00350	0.00814
7	0.07313	0.01237	0.01636	0.01274	0.01813	0.01094	0.01047	0.03380	0.02076	0.61356	0.07567	0.02672	0.02153	0.00949	0.00740	0.00230	0.00608	0.00771	0.00886	0.01198
8	0.01080	0.00720	0.00810	0.00810	0.00810	0.00720	0.00450	0.01080	0.01080	0.01439	0.02339	0.04858	0.02699	0.73910	0.03779	0.00720	0.00720	0.01080	0.00450	0.00450
9	0.01887	0.01857	0.02965	0.04417	0.65749	0.05409	0.02234	0.02314	0.01712	0.02393	0.01383	0.01811	0.01164	0.00667	0.00731	0.00219	0.00906	0.00652	0.00368	0.01159
10	0.01547	0.01530	0.02291	0.60485	0.10884	0.06927	0.02034	0.02014	0.01551	0.01940	0.01314	0.01917	0.01004	0.00736	0.00736	0.00241	0.01006	0.00646	0.00337	0.00860
11	0.01289	0.00645	0.00967	0.00967	0.00967	0.00645	0.00645	0.00967	0.00967	0.01289	0.01289	0.02257	0.01289	0.02579	0.02901	0.78401	0.00645	0.00645	0.00322	0.00322
12	0.01196	0.00854	0.01196	0.01367	0.01538	0.00854	0.01196	0.01538	0.01709	0.02222	0.03931	0.08374	0.04272	0.02051	0.01025	0.00342	0.00684	0.64283	0.00684	0.00684
13	0.01901	0.01874	0.02975	0.06992	0.51413	0.05747	0.08182	0.04800	0.04319	0.02474	0.01466	0.01864	0.01196	0.00689	0.00746	0.00224	0.00934	0.00678	0.00396	0.01129
14	0.02376	0.01567	0.01898	0.04452	0.02097	0.01668	0.03623	0.35550	0.02575	0.13599	0.02119	0.07842	0.01690	0.01317	0.03847	0.06213	0.00791	0.00809	0.04914	0.01054
15	0.01964	0.02430	0.08473	0.02641	0.08587	0.18862	0.27458	0.02396	0.01698	0.02127	0.01290	0.01718	0.01045	0.00801	0.01105	0.00247	0.15156	0.00690	0.00362	0.00952
16	0.67342	0.01429	0.01149	0.01011	0.01459	0.01641	0.00829	0.07142	0.01458	0.03392	0.01197	0.01369	0.00923	0.00718	0.00486	0.00225	0.00576	0.00445	0.06378	0.00831
17	0.00965	0.00745	0.00845	0.00833	0.01014	0.00663	0.00599	0.01177	0.01730	0.02243	0.26973	0.09181	0.36304	0.11939	0.01289	0.00313	0.00418	0.01447	0.00698	0.00625
18	0.01807	0.21376	0.31442	0.04409	0.05420	0.07669	0.11351	0.04268	0.01681	0.02214	0.01280	0.01545	0.00992	0.00686	0.00672	0.00214	0.01041	0.00563	0.00344	0.01026

[dist]
# distance from previous block
# <min> <max>
0	1

[block]
# block no. 1 follows, 27 sequences, length 10
# corresponding to MSA columns:
# 227-236
name=unknown_B
#
# <colnr> <probs for GDERKNQSTAVLIFYWHMCP>
#	G	D	E	R	K	N	Q	S	T	A	V	L	I	F	Y	W	H	M	C	P
0	0.01325	0.00779	0.00920	0.00897	0.01046	0.00823	0.00663	0.04391	0.01454	0.02332	0.02192	0.02958	0.01907	0.10369	0.18827	0.06226	0.00845	0.00757	0.40633	0.00656
1	0.02632	0.01950	0.02084	0.01615	0.02175	0.02138	0.01328	0.60376	0.03315	0.04417	0.02343	0.02307	0.07883	0.00988	0.00756	0.00226	0.00774	0.00756	0.00737	0.01200
2	0.06253	0.62910	0.07551	0.01306	0.01956	0.02713	0.01324	0.02291	0.01526	0.04918	0.01135	0.01274	0.00983	0.00655	0.00501	0.00170	0.00792	0.00422	0.00352	0.00967
3	0.03114	0.01292	0.01706	0.01328	0.01874	0.01165	0.01090	0.06663	0.05199	0.59882	0.06447	0.02664	0.02108	0.00954	0.00754	0.00231	0.00624	0.00779	0.00897	0.01229
4	0.00902	0.00654	0.00853	0.01012	0.01071	0.00605	0.00679	0.01036	0.01442	0.01904	0.04357	0.68295	0.09869	0.02291	0.00942	0.00298	0.00426	0.02068	0.00689	0.00605
5	0.05929	0.19910	0.26793	0.11721	0.02797	0.07203	0.03605	0.02193	0.01562	0.02148	0.01433	0.05539	0.01212	0.00792	0.00649	0.00216	0.00933	0.00616	0.03806	0.00941
6	0.01000	0.00693	0.00826	0.00892	0.00924	0.00669	0.00549	0.01061	0.01249	0.01649	0.03332	0.31324	0.07638	0.41982	0.02513	0.00530	0.00588	0.01505	0.00556	0.00520
7	0.01454	0.01115	0.01345	0.03508	0.05196	0.01140	0.00967	0.05689	0.17315	0.06092	0.23580	0.08735	0.18093	0.01392	0.00827	0.00245	0.00504	0.01196	0.00729	0.00878
8	0.01867	0.45819	0.07423	0.01501	0.02083	0.02351	0.07686	0.02185	0.01598	0.05712	0.06360	0.01976	0.04531	0.00815	0.00712	0.00196	0.05226	0.00609	0.00409	0.00942
9	0.02086	0.20295	0.08284	0.01542	0.02090	0.08781	0.04276	0.13575	0.15131	0.04595	0.01836	0.01919	0.01414	0.00807	0.00646	0.00206	0.00797	0.00619	0.10069	0.01031

[dist]
# distance from previous block
# <min> <max>
1	16

[block]
# block no. 2 follows, 27 sequences, length 39
# corresponding to MSA columns:
# 253-291
name=unknown_C
#
# <colnr> <probs for GDERKNQSTAVLIFYWHMCP>
#	G	D	E	R	K	N	Q	S	T	A	V	L	I	F	Y	W	H	M	C	P
0	0.58681	0.01680	0.03283	0.01253	0.01755	0.06312	0.05029	0.04168	0.01492	0.08730	0.01257	0.01400	0.00937	0.00716	0.00538	0.00228	0.00693	0.00477	0.00491	0.00879
1	0.01056	0.00835	0.00924	0.00886	0.01124	0.00757	0.00667	0.05577	0.01902	0.02436	0.23228	0.11352	0.43079	0.01751	0.00873	0.00248	0.00403	0.01488	0.00727	0.00687
2	0.02569	0.01632	0.01853	0.01465	0.01929	0.01735	0.01171	0.41256	0.02714	0.15837	0.01982	0.02257	0.01502	0.07769	0.01284	0.09807	0.00753	0.00717	0.00697	0.01074
3	0.01038	0.00758	0.00974	0.00920	0.01101	0.00695	0.00690	0.01376	0.02071	0.02904	0.64264	0.05666	0.11674	0.01545	0.00876	0.00235	0.00352	0.01359	0.00808	0.00695
4	0.03780	0.01522	0.02393	0.29173	0.30686	0.01682	0.01932	0.05039	0.06654	0.02364	0.01708	0.02145	0.03293	0.00951	0.03380	0.00271	0.00915	0.00700	0.00413	0.01002
5	0.03226	0.01319	0.01743	0.01349	0.01916	0.01188	0.01110	0.06519	0.05786	0.63175	0.02882	0.02506	0.01835	0.00922	0.00747	0.00231	0.00638	0.00748	0.00902	0.01259
6	0.01057	0.00791	0.01084	0.01326	0.06775	0.00762	0.00827	0.03055	0.01518	0.02048	0.07228	0.57128	0.04461	0.06863	0.01108	0.00317	0.00494	0.01838	0.00655	0.00665
7	0.04157	0.00952	0.01169	0.12147	0.01774	0.00987	0.00896	0.03883	0.01688	0.14380	0.02275	0.02526	0.01696	0.00850	0.00598	0.00198	0.00518	0.00687	0.47787	0.00832
8	0.01956	0.53692	0.10782	0.01563	0.02226	0.02598	0.07420	0.02295	0.01549	0.04978	0.01191	0.01385	0.01009	0.00684	0.00636	0.00186	0.04034	0.00484	0.00350	0.00980
9	0.00932	0.00666	0.00891	0.01052	0.01110	0.00625	0.00724	0.01086	0.01474	0.01971	0.07267	0.65641	0.04969	0.02267	0.00949	0.00301	0.00444	0.06323	0.00695	0.00613
10	0.01775	0.06781	0.07052	0.08489	0.36655	0.04562	0.02031	0.02155	0.01534	0.02155	0.01249	0.01716	0.01074	0.00829	0.01133	0.00244	0.18563	0.00627	0.00348	0.01028
11	0.03630	0.08188	0.54924	0.01994	0.02954	0.01735	0.05928	0.02268	0.01605	0.02386	0.06404	0.01856	0.01405	0.00757	0.00705	0.00231	0.01015	0.00612	0.00359	0.01044
12	0.79154	0.01436	0.01091	0.00976	0.01436	0.01665	0.00804	0.02182	0.01263	0.03331	0.01034	0.01206	0.00804	0.00689	0.00459	0.00230	0.00574	0.00402	0.00459	0.00804
13	0.01919	0.65013	0.12659	0.01382	0.02079	0.02777	0.01465	0.02240	0.01516	0.01827	0.01072	0.01241	0.00951	0.00644	0.00507	0.00169	0.00834	0.00417	0.00317	0.00972
14	0.01184	0.00767	0.01013	0.00989	0.01160	0.00704	0.00727	0.01472	0.01926	0.07730	0.47034	0.23005	0.06070	0.01683	0.00885	0.00251	0.00392	0.01498	0.00791	0.00717
15	0.01032	0.00758	0.00966	0.00914	0.01098	0.00693	0.00686	0.01365	0.02057	0.02872	0.62272	0.05718	0.13686	0.01557	0.00876	0.00235	0.00353	0.01367	0.00803	0.00693
16	0.03331	0.01263	0.01723	0.01321	0.01895	0.01091	0.01091	0.03618	0.02125	0.69794	0.02929	0.02527	0.01838	0.00919	0.00747	0.00230	0.00632	0.00747	0.00919	0.01263
17	0.01872	0.01916	0.03986	0.16391	0.10873	0.12998	0.03338	0.05753	0.24488	0.02522	0.02328	0.02456	0.06035	0.00906	0.00746	0.00235	0.00857	0.00756	0.00533	0.01012
18	0.00923	0.00765	0.00816	0.00835	0.01072	0.00658	0.00647	0.01137	0.01711	0.02071	0.09541	0.07231	0.58578	0.01886	0.00895	0.00261	0.00413	0.09231	0.00694	0.00637
19	0.01697	0.01413	0.01624	0.01174	0.01826	0.01151	0.00945	0.09856	0.01779	0.02697	0.01376	0.01569	0.01120	0.00592	0.00574	0.00124	0.00583	0.00468	0.00477	0.68955
20	0.01837	0.01764	0.03013	0.04557	0.69279	0.01764	0.02278	0.02278	0.01690	0.02425	0.01396	0.01837	0.01176	0.00661	0.00735	0.00220	0.00882	0.00661	0.00367	0.01176
21	0.02040	0.06513	0.14961	0.06005	0.02414	0.01515	0.06837	0.04688	0.11736	0.20153	0.02528	0.08356	0.04848	0.00990	0.00750	0.00236	0.00772	0.00847	0.00611	0.03200
22	0.03076	0.01514	0.01859	0.01442	0.02010	0.01484	0.01186	0.21096	0.07575	0.46668	0.02619	0.02340	0.01712	0.00918	0.00746	0.00229	0.00679	0.00732	0.00858	0.01256
23	0.01384	0.00692	0.00692	0.00692	0.00865	0.00692	0.00519	0.01730	0.01557	0.02768	0.02422	0.02768	0.01903	0.00865	0.00519	0.00173	0.00346	0.00692	0.78031	0.00692
24	0.00904	0.00646	0.00861	0.01034	0.01077	0.00603	0.00689	0.01034	0.01421	0.01895	0.04092	0.73426	0.04910	0.02326	0.00948	0.00301	0.00431	0.02110	0.00689	0.00603
25	0.01846	0.01595	0.01679	0.01511	0.01930	0.01846	0.01175	0.03945	0.67938	0.03105	0.03022	0.02770	0.02266	0.01007	0.00755	0.00252	0.00588	0.00839	0.00755	0.01175
26	0.01149	0.00904	0.01032	0.00977	0.01225	0.00865	0.00753	0.04512	0.08447	0.02640	0.31448	0.05890	0.30721	0.01612	0.00867	0.00248	0.00423	0.04793	0.00750	0.00743
27	0.01701	0.01620	0.02772	0.15736	0.51074	0.01668	0.04235	0.02151	0.01688	0.02375	0.06472	0.02146	0.01582	0.00739	0.00751	0.00227	0.00872	0.00720	0.00395	0.01075
28	0.02007	0.01603	0.01716	0.01510	0.01951	0.01824	0.01184	0.07832	0.59501	0.07692	0.02938	0.02692	0.02175	0.00994	0.00754	0.00249	0.00605	0.00822	0.00766	0.01186
29	0.05312	0.01980	0.02101	0.01651	0.02213	0.02207	0.01352	0.54529	0.13703	0.04381	0.01954	0.01920	0.01407	0.00903	0.00735	0.00228	0.00772	0.00686	0.00735	0.01233
30	0.54631	0.01474	0.01353	0.01132	0.01631	0.01620	0.00934	0.09939	0.01699	0.17259	0.01513	0.01546	0.01071	0.00760	0.00552	0.00229	0.00614	0.00504	0.00587	0.00952
31	0.06918	0.01240	0.01646	0.01280	0.01824	0.01095	0.01053	0.03409	0.02081	0.62370	0.06937	0.02650	0.02108	0.00945	0.00740	0.00230	0.00611	0.00767	0.00890	0.01206
32	0.01676	0.01398	0.02057	0.45887	0.06391	0.01661	0.01741	0.13500	0.01852	0.02525	0.01540	0.02033	0.01164	0.00796	0.00756	0.00234	0.02677	0.00665	0.10548	0.00899
33	0.01869	0.26704	0.20855	0.01877	0.02539	0.02308	0.09513	0.09977	0.01731	0.02340	0.01248	0.01528	0.01011	0.00791	0.00935	0.00224	0.12595	0.00568	0.00376	0.01011
34	0.01015	0.00773	0.00941	0.01016	0.01195	0.00713	0.00802	0.01253	0.01670	0.02123	0.10984	0.15573	0.30206	0.05504	0.01079	0.00310	0.00503	0.23014	0.00687	0.00641
35	0.00889	0.00753	0.00768	0.00764	0.01010	0.00632	0.00573	0.01088	0.01720	0.02071	0.11651	0.07037	0.64807	0.01856	0.00877	0.00250	0.00374	0.01552	0.00698	0.00632
36	0.01608	0.08928	0.56992	0.02151	0.04935	0.01850	0.05700	0.05191	0.01660	0.02412	0.01340	0.01577	0.00971	0.00703	0.00699	0.00229	0.01064	0.00562	0.00337	0.01091
37	0.02534	0.08940	0.21196	0.01672	0.02390	0.06499	0.01670	0.18210	0.02238	0.24540	0.01914	0.01878	0.01309	0.00816	0.00704	0.00221	0.00869	0.00622	0.00616	0.01161
38	0.02871	0.01190	0.01591	0.01265	0.01750	0.01068	0.01020	0.03227	0.05029	0.55062	0.07671	0.02918	0.02288	0.05680	0.03588	0.00298	0.00666	0.00817	0.00855	0.01145

[dist]
# distance from previous block
# <min> <max>
0	9

[block]
# block no. 3 follows, 27 sequences, length 34
# corresponding to MSA columns:
# 301-334
name=unknown_D
#
# <colnr> <probs for GDERKNQSTAVLIFYWHMCP>
#	G	D	E	R	K	N	Q	S	T	A	V	L	I	F	Y	W	H	M	C	P
0	0.32238	0.12587	0.14432	0.03687	0.01905	0.01719	0.01258	0.05481	0.01534	0.02829	0.01393	0.01615	0.01084	0.00729	0.00543	0.00210	0.00690	0.00505	0.14676	0.00885
1	0.00942	0.00662	0.00850	0.00986	0.01020	0.00628	0.00638	0.01043	0.01349	0.01799	0.03720	0.58893	0.04441	0.17498	0.01548	0.00390	0.00492	0.01892	0.00638	0.00571
2	0.22998	0.39926	0.13070	0.01331	0.01977	0.02349	0.01362	0.02321	0.04899	0.02342	0.01181	0.01334	0.00978	0.00680	0.00521	0.00195	0.00769	0.00444	0.00378	0.00946
3	0.79154	0.01436	0.01091	0.00976	0.01436	0.01665	0.00804	0.02182	0.01263	0.03331	0.01034	0.01206	0.00804	0.00689	0.00459	0.00230	0.00574	0.00402	0.00459	0.00804
4	0.01613	0.05857	0.01627	0.01294	0.01596	0.01425	0.01040	0.16224	0.01837	0.02581	0.02263	0.10303	0.05065	0.02418	0.20878	0.00500	0.07661	0.00870	0.07236	0.07712
5	0.01077	0.00698	0.00937	0.01072	0.01157	0.00650	0.00746	0.01230	0.01484	0.06257	0.04007	0.64908	0.04674	0.02219	0.00939	0.00299	0.00459	0.05831	0.00703	0.00650
6	0.67435	0.01409	0.01189	0.01030	0.01507	0.01577	0.00848	0.02404	0.01397	0.13603	0.01327	0.01410	0.00964	0.00725	0.00504	0.00230	0.00583	0.00455	0.00530	0.00875
7	0.00904	0.00646	0.00861	0.01034	0.01077	0.00603	0.00689	0.01034	0.01421	0.01895	0.04092	0.73426	0.04910	0.02326	0.00948	0.00301	0.00431	0.02110	0.00689	0.00603
8	0.06690	0.01694	0.01954	0.01505	0.02084	0.01746	0.01243	0.36265	0.02791	0.32904	0.02245	0.02078	0.01490	0.00894	0.00731	0.00226	0.00725	0.00690	0.00806	0.01241
9	0.01050	0.00752	0.00952	0.00906	0.01053	0.00701	0.00652	0.01334	0.01909	0.02676	0.55208	0.05478	0.08314	0.14190	0.01383	0.00319	0.00416	0.01304	0.00749	0.00654
10	0.03331	0.01263	0.01723	0.01321	0.01895	0.01091	0.01091	0.03618	0.02125	0.69794	0.02929	0.02527	0.01838	0.00919	0.00747	0.00230	0.00632	0.00747	0.00919	0.01263
11	0.00907	0.00688	0.00837	0.00937	0.01056	0.00618	0.00650	0.01072	0.01560	0.02013	0.10164	0.47164	0.25409	0.02122	0.00920	0.00280	0.00407	0.01879	0.00699	0.00618
12	0.01196	0.00854	0.01196	0.01367	0.01538	0.00854	0.01196	0.01538	0.01709	0.02222	0.03931	0.08374	0.04272	0.02051	0.01025	0.00342	0.00684	0.64283	0.00684	0.00684
13	0.01090	0.00826	0.01197	0.01182	0.01291	0.00967	0.00902	0.01317	0.01176	0.01691	0.01983	0.03096	0.01919	0.13892	0.59272	0.01092	0.05239	0.00824	0.00401	0.00643
14	0.01489	0.03840	0.70064	0.02116	0.03213	0.01724	0.02743	0.02351	0.01567	0.02351	0.01332	0.01567	0.00940	0.00705	0.00705	0.00235	0.01097	0.00549	0.00313	0.01097
15	0.01450	0.01366	0.02264	0.50126	0.19183	0.01578	0.01968	0.01904	0.01551	0.02026	0.01925	0.02437	0.07484	0.00832	0.00753	0.00242	0.00907	0.00746	0.00372	0.00885
16	0.06298	0.02050	0.02176	0.01675	0.02263	0.02273	0.01383	0.63861	0.03389	0.04617	0.01748	0.01756	0.01242	0.00882	0.00730	0.00223	0.00806	0.00656	0.00730	0.01242
17	0.00904	0.00646	0.00861	0.01034	0.01077	0.00603	0.00689	0.01034	0.01421	0.01895	0.04092	0.73426	0.04910	0.02326	0.00948	0.00301	0.00431	0.02110	0.00689	0.00603
18	0.76205	0.01429	0.01116	0.00990	0.01454	0.01643	0.00815	0.02238	0.01297	0.05916	0.01107	0.01257	0.00844	0.00698	0.00471	0.00230	0.00577	0.00415	0.00477	0.00822
19	0.05693	0.02587	0.31416	0.01916	0.02649	0.04037	0.10002	0.02280	0.05760	0.02371	0.01532	0.05032	0.01254	0.00824	0.00868	0.00229	0.07732	0.00664	0.00397	0.12759
20	0.01861	0.16913	0.12838	0.08341	0.11972	0.10547	0.07370	0.04232	0.01714	0.05046	0.01711	0.10953	0.01563	0.00914	0.00711	0.00222	0.00924	0.00778	0.00426	0.00965
21	0.02822	0.02079	0.02228	0.01708	0.02302	0.02302	0.01411	0.66804	0.03490	0.04679	0.01782	0.01782	0.01262	0.00891	0.00743	0.00223	0.00817	0.00668	0.00743	0.01262
22	0.01562	0.01388	0.01667	0.05883	0.06255	0.03167	0.01053	0.01897	0.01558	0.02347	0.01428	0.04409	0.01243	0.00646	0.00593	0.00136	0.00618	0.00535	0.00436	0.63179
23	0.01289	0.00645	0.00967	0.00967	0.00967	0.00645	0.00645	0.00967	0.00967	0.01289	0.01289	0.02257	0.01289	0.02579	0.02901	0.78401	0.00645	0.00645	0.00322	0.00322
24	0.02530	0.03964	0.01538	0.01185	0.01591	0.01061	0.00940	0.02764	0.01783	0.44127	0.02619	0.02941	0.01960	0.14288	0.09329	0.00421	0.00796	0.00794	0.04358	0.01012
25	0.45861	0.08197	0.01731	0.01221	0.01761	0.01685	0.05092	0.05604	0.01535	0.07652	0.01278	0.01428	0.00979	0.00685	0.00536	0.00206	0.00650	0.00475	0.00484	0.12940
26	0.01061	0.00795	0.01193	0.01193	0.01326	0.00928	0.00928	0.01326	0.01193	0.01723	0.01988	0.02916	0.01856	0.05568	0.70968	0.01193	0.01988	0.00795	0.00398	0.00663
27	0.00916	0.00651	0.00858	0.01019	0.01060	0.00610	0.00674	0.01037	0.01400	0.01866	0.03980	0.69067	0.04769	0.06876	0.01128	0.00328	0.00449	0.02045	0.00674	0.00593
28	0.01802	0.05408	0.08100	0.02706	0.03348	0.01941	0.46141	0.02337	0.01651	0.05511	0.01456	0.01903	0.01117	0.00751	0.01084	0.00256	0.12324	0.00791	0.00387	0.00988
29	0.00964	0.00714	0.00889	0.00998	0.01102	0.00663	0.00689	0.03037	0.01565	0.02051	0.07771	0.56028	0.16464	0.02163	0.00925	0.00287	0.00429	0.01932	0.00697	0.00632
30	0.00932	0.00666	0.00893	0.01066	0.01121	0.00627	0.00738	0.01082	0.01449	0.01926	0.04076	0.67196	0.04849	0.02299	0.00955	0.00305	0.00455	0.08064	0.00689	0.00611
31	0.01618	0.01461	0.01575	0.01152	0.01794	0.05462	0.00915	0.01939	0.01575	0.02381	0.01308	0.01527	0.01090	0.00564	0.00557	0.00115	0.00600	0.00442	0.00436	0.73488
32	0.01602	0.14557	0.07275	0.04603	0.09536	0.04595	0.07409	0.03554	0.01602	0.02164	0.05007	0.02436	0.05200	0.04770	0.10113	0.00356	0.02858	0.00714	0.02819	0.08829
33	0.01779	0.01810	0.09183	0.09688	0.03028	0.01614	0.28755	0.10213	0.01832	0.05720	0.01747	0.02417	0.01421	0.11322	0.01221	0.00307	0.00992	0.00808	0.05204	0.00938

[dist]
# distance from previous block
# <min> <max>
1	2

[block]
# block no. 4 follows, 27 sequences, length 45
# corresponding to MSA columns:
# 337-381
name=unknown_E
#
# <colnr> <probs for GDERKNQSTAVLIFYWHMCP>
#	G	D	E	R	K	N	Q	S	T	A	V	L	I	F	Y	W	H	M	C	P
0	0.01848	0.15538	0.01764	0.01064	0.01509	0.01436	0.00896	0.10768	0.01840	0.06878	0.01870	0.02060	0.01462	0.00763	0.00561	0.00168	0.00557	0.00583	0.31823	0.16613
1	0.00923	0.00694	0.00855	0.00942	0.01063	0.00626	0.00658	0.01107	0.01612	0.02114	0.16370	0.43956	0.22250	0.02066	0.00916	0.00276	0.00402	0.01832	0.00712	0.00626
2	0.01539	0.01319	0.01539	0.01100	0.01759	0.00990	0.00880	0.01869	0.01539	0.02419	0.01319	0.01539	0.01100	0.00550	0.00550	0.00110	0.00550	0.00440	0.00440	0.78449
3	0.00928	0.00657	0.00846	0.00995	0.01055	0.00612	0.00667	0.01064	0.01432	0.01921	0.04178	0.64233	0.08662	0.04684	0.01023	0.00308	0.00434	0.01986	0.03713	0.00603
4	0.01005	0.00724	0.00951	0.00965	0.01099	0.00670	0.00697	0.01286	0.01888	0.02638	0.48588	0.26811	0.06348	0.01771	0.00898	0.00255	0.00375	0.01583	0.00777	0.00670
5	0.01289	0.00645	0.00967	0.00967	0.00967	0.00645	0.00645	0.00967	0.00967	0.01289	0.01289	0.02257	0.01289	0.02579	0.02901	0.78401	0.00645	0.00645	0.00322	0.00322
6	0.02350	0.01839	0.01963	0.01596	0.02120	0.02048	0.01286	0.37187	0.30661	0.03908	0.02285	0.02189	0.01679	0.00924	0.00739	0.00230	0.00707	0.00730	0.00734	0.04824
7	0.01275	0.00770	0.00997	0.01044	0.01200	0.00693	0.00732	0.01433	0.01532	0.11425	0.04023	0.52385	0.09416	0.05125	0.01021	0.00298	0.00472	0.01766	0.00701	0.03692
8	0.04250	0.36571	0.17568	0.01649	0.02376	0.04332	0.07255	0.07177	0.01729	0.05139	0.01292	0.01466	0.01029	0.00682	0.00600	0.00191	0.00891	0.00511	0.00392	0.04899
9	0.01600	0.19642	0.55235	0.01926	0.02920	0.01996	0.02413	0.02322	0.01554	0.02216	0.01265	0.01483	0.00943	0.00690	0.00654	0.00218	0.01029	0.00515	0.00314	0.01065
10	0.01131	0.00765	0.00969	0.00949	0.01133	0.00691	0.00699	0.01403	0.01889	0.06694	0.40764	0.20168	0.16523	0.01714	0.00883	0.00251	0.00389	0.01508	0.00775	0.00702
11	0.01999	0.53133	0.12890	0.01492	0.02138	0.11075	0.01510	0.02316	0.01576	0.01841	0.01086	0.01278	0.00952	0.00685	0.00604	0.00180	0.03526	0.00437	0.00325	0.00957
12	0.02052	0.02024	0.10738	0.06821	0.02658	0.01943	0.10869	0.28881	0.05141	0.03195	0.01743	0.05049	0.01412	0.03073	0.03185	0.00289	0.08564	0.00766	0.00544	0.01053
13	0.00923	0.00654	0.00856	0.01010	0.01048	0.00616	0.00663	0.01039	0.01384	0.01846	0.03902	0.66025	0.04671	0.10052	0.01253	0.00347	0.00462	0.01999	0.00663	0.00586
14	0.00904	0.00646	0.00861	0.01034	0.01077	0.00603	0.00689	0.01034	0.01421	0.01895	0.04092	0.73426	0.04910	0.02326	0.00948	0.00301	0.00431	0.02110	0.00689	0.00603
15	0.02114	0.01385	0.01646	0.10105	0.02128	0.01474	0.01166	0.26293	0.02358	0.11035	0.04761	0.05583	0.01935	0.00991	0.00711	0.00220	0.00660	0.03354	0.18387	0.03696
16	0.79154	0.01436	0.01091	0.00976	0.01436	0.01665	0.00804	0.02182	0.01263	0.03331	0.01034	0.01206	0.00804	0.00689	0.00459	0.00230	0.00574	0.00402	0.00459	0.00804
17	0.01846	0.01595	0.01679	0.01511	0.01930	0.01846	0.01175	0.03945	0.67938	0.03105	0.03022	0.02770	0.02266	0.01007	0.00755	0.00252	0.00588	0.00839	0.00755	0.01175
18	0.01489	0.03840	0.70064	0.02116	0.03213	0.01724	0.02743	0.02351	0.01567	0.02351	0.01332	0.01567	0.00940	0.00705	0.00705	0.00235	0.01097	0.00549	0.00313	0.01097
19	0.00901	0.00658	0.00849	0.01001	0.01068	0.00606	0.00675	0.01037	0.01452	0.01908	0.04486	0.65799	0.12282	0.02274	0.00939	0.00296	0.00424	0.02048	0.00689	0.00606
20	0.01621	0.01822	0.07738	0.02035	0.02167	0.02206	0.05708	0.01867	0.01209	0.01867	0.01035	0.01643	0.00981	0.01211	0.02204	0.00313	0.62542	0.00656	0.00327	0.00846
21	0.07837	0.01986	0.10642	0.08385	0.40017	0.01765	0.14036	0.02271	0.01640	0.02443	0.01375	0.01797	0.01098	0.00668	0.00736	0.00230	0.00958	0.00668	0.00367	0.01081
22	0.01474	0.04595	0.01388	0.01174	0.01520	0.01330	0.00916	0.02582	0.33045	0.04584	0.09884	0.06359	0.25450	0.01364	0.00799	0.00246	0.00502	0.01141	0.00720	0.00925
23	0.01044	0.00855	0.03181	0.00967	0.01175	0.00726	0.00764	0.01384	0.02003	0.02787	0.55661	0.08095	0.13703	0.01576	0.00877	0.00241	0.00389	0.03093	0.00778	0.00701
24	0.01811	0.01777	0.03153	0.06789	0.58979	0.01774	0.10151	0.02277	0.01691	0.02401	0.01407	0.01863	0.01163	0.00660	0.00752	0.00225	0.00931	0.00688	0.00367	0.01142
25	0.01554	0.08961	0.59162	0.02209	0.06224	0.01824	0.05337	0.02339	0.01577	0.02310	0.01320	0.01570	0.00960	0.00695	0.00697	0.00229	0.01071	0.00556	0.00319	0.01086
26	0.01985	0.74357	0.03890	0.01270	0.01905	0.02937	0.01270	0.02223	0.01508	0.01747	0.01032	0.01191	0.00953	0.00635	0.00476	0.00159	0.00794	0.00397	0.00318	0.00953
27	0.01738	0.01687	0.02837	0.13828	0.47029	0.01831	0.04605	0.02150	0.01577	0.02248	0.01324	0.01831	0.01116	0.00771	0.01007	0.00242	0.12095	0.00668	0.00356	0.01062
28	0.17361	0.04622	0.06760	0.01310	0.01848	0.01414	0.01149	0.03057	0.12094	0.33246	0.07709	0.02424	0.02017	0.00908	0.00688	0.00231	0.00633	0.00713	0.00725	0.01090
29	0.00925	0.00662	0.00880	0.01020	0.01081	0.00617	0.00691	0.01085	0.01517	0.02047	0.13177	0.63908	0.05204	0.02212	0.00937	0.00292	0.00419	0.02003	0.00707	0.00617
30	0.00990	0.00774	0.00911	0.00946	0.01155	0.00695	0.00747	0.01245	0.01769	0.02250	0.19010	0.09648	0.38500	0.01864	0.00915	0.00271	0.00446	0.16495	0.00714	0.00654
31	0.01163	0.00876	0.01127	0.01136	0.01258	0.03879	0.00853	0.01361	0.01261	0.01781	0.02155	0.09917	0.02115	0.07113	0.47436	0.07038	0.01521	0.00904	0.06471	0.00633
32	0.01613	0.15409	0.50401	0.02217	0.08226	0.01938	0.05657	0.02325	0.01576	0.02257	0.01295	0.01547	0.00970	0.00686	0.00678	0.00222	0.01037	0.00548	0.00322	0.01074
33	0.01946	0.68808	0.09098	0.01337	0.02008	0.02842	0.01386	0.02233	0.01513	0.01794	0.01056	0.01220	0.00952	0.00641	0.00494	0.00165	0.00818	0.00409	0.00317	0.00964
34	0.01289	0.00645	0.00967	0.00967	0.00967	0.00645	0.00645	0.00967	0.00967	0.01289	0.01289	0.02257	0.01289	0.02579	0.02901	0.78401	0.00645	0.00645	0.00322	0.00322
35	0.01774	0.01952	0.10743	0.03889	0.52173	0.01708	0.04163	0.04216	0.01735	0.02468	0.01603	0.02323	0.01393	0.00782	0.00759	0.00233	0.00901	0.05662	0.00398	0.01125
36	0.01599	0.07195	0.61388	0.02081	0.03120	0.01765	0.05105	0.02397	0.01594	0.05071	0.01389	0.01605	0.00985	0.00707	0.00702	0.00232	0.01069	0.00562	0.00341	0.01093
37	0.02337	0.02353	0.01718	0.01516	0.01877	0.34674	0.01166	0.16063	0.02209	0.02664	0.01655	0.01883	0.01312	0.01058	0.04167	0.00243	0.01003	0.00590	0.20619	0.00892
38	0.00877	0.00752	0.00752	0.00752	0.01003	0.00627	0.00564	0.01065	0.01692	0.02005	0.07520	0.07144	0.68978	0.01880	0.00877	0.00251	0.00376	0.01567	0.00689	0.00627
39	0.01187	0.01472	0.15956	0.01472	0.05026	0.00996	0.01261	0.04289	0.01645	0.02277	0.10770	0.41125	0.03931	0.01728	0.00870	0.00273	0.00613	0.03718	0.00609	0.00781
40	0.01539	0.01319	0.01539	0.01100	0.01759	0.00990	0.00880	0.01869	0.01539	0.02419	0.01319	0.01539	0.01100	0.00550	0.00550	0.00110	0.00550	0.00440	0.00440	0.78449
41	0.00985	0.00728	0.00919	0.01051	0.01130	0.00707	0.00713	0.01266	0.06652	0.01976	0.04067	0.62536	0.07063	0.05123	0.01045	0.00313	0.00453	0.01948	0.00685	0.00643
42	0.01166	0.00893	0.01131	0.05466	0.01489	0.00916	0.00874	0.03449	0.10122	0.02367	0.17792	0.34155	0.06734	0.04913	0.01014	0.00294	0.00504	0.05298	0.00694	0.00728
43	0.01883	0.36856	0.07593	0.01419	0.01947	0.02257	0.01330	0.12246	0.06777	0.02377	0.01722	0.07488	0.01585	0.01246	0.05448	0.00274	0.03301	0.02821	0.00464	0.00967
44	0.02335	0.01701	0.01907	0.01553	0.01989	0.01875	0.01249	0.45663	0.02849	0.06172	0.04286	0.15999	0.02158	0.01219	0.00891	0.00245	0.05133	0.00974	0.00715	0.01088

[dist]
# distance from previous block
# <min> <max>
0	9

[block]
# block no. 5 follows, 27 sequences, length 29
# corresponding to MSA columns:
# 391-419
name=unknown_F
#
# <colnr> <probs for GDERKNQSTAVLIFYWHMCP>
#	G	D	E	R	K	N	Q	S	T	A	V	L	I	F	Y	W	H	M	C	P
0	0.07015	0.01201	0.03783	0.01402	0.01675	0.01164	0.08806	0.08731	0.01743	0.02488	0.11246	0.30699	0.05465	0.06189	0.01117	0.00297	0.04226	0.01373	0.00611	0.00769
1	0.01998	0.05294	0.10711	0.02811	0.24287	0.14178	0.08175	0.04756	0.06632	0.04369	0.01621	0.02105	0.01340	0.00822	0.00824	0.00231	0.04572	0.03793	0.00434	0.01047
2	0.00979	0.00719	0.00975	0.06185	0.01349	0.00705	0.00767	0.01154	0.01491	0.02007	0.13105	0.51566	0.04708	0.09201	0.01203	0.00329	0.00489	0.01791	0.00658	0.00618
3	0.02312	0.21783	0.02518	0.01768	0.06517	0.30531	0.01342	0.11447	0.02036	0.02260	0.04119	0.01826	0.01391	0.06110	0.00868	0.00229	0.01004	0.00575	0.00437	0.00926
4	0.01627	0.01547	0.06578	0.01220	0.01887	0.01145	0.01054	0.07452	0.01730	0.02629	0.03940	0.01715	0.01327	0.00627	0.00590	0.00133	0.00605	0.00502	0.00471	0.63219
5	0.04397	0.22338	0.18306	0.06994	0.06759	0.06247	0.04970	0.10472	0.03605	0.02451	0.01722	0.01908	0.05221	0.00789	0.00662	0.00212	0.00904	0.00615	0.00421	0.01008
6	0.01554	0.06157	0.01485	0.01176	0.01370	0.01348	0.00870	0.15766	0.01675	0.02256	0.02064	0.06388	0.02130	0.35898	0.11424	0.00589	0.05706	0.00920	0.00501	0.00723
7	0.01080	0.00720	0.00810	0.00810	0.00810	0.00720	0.00450	0.01080	0.01080	0.01439	0.02339	0.04858	0.02699	0.73910	0.03779	0.00720	0.00720	0.01080	0.00450	0.00450
8	0.62388	0.03873	0.03492	0.01127	0.01626	0.01788	0.00964	0.09776	0.04163	0.03398	0.01208	0.01345	0.00924	0.00724	0.00512	0.00228	0.00626	0.00455	0.00495	0.00886
9	0.01242	0.00822	0.01002	0.00917	0.01146	0.00733	0.00680	0.01503	0.01856	0.08650	0.37007	0.05401	0.20718	0.10394	0.01207	0.00292	0.00436	0.01272	0.00735	0.03988
10	0.05454	0.05932	0.46029	0.02549	0.17399	0.01805	0.02431	0.02293	0.01555	0.02364	0.01302	0.01596	0.00987	0.00722	0.00777	0.00233	0.04593	0.00565	0.00333	0.01080
11	0.01729	0.18252	0.21472	0.02412	0.03201	0.02083	0.33080	0.02315	0.01627	0.02211	0.01335	0.01697	0.01034	0.00674	0.00803	0.00229	0.03816	0.00677	0.00345	0.01009
12	0.01061	0.00795	0.01193	0.01193	0.01326	0.00928	0.00928	0.01326	0.01193	0.01723	0.01988	0.02916	0.01856	0.05568	0.70968	0.01193	0.01988	0.00795	0.00398	0.00663
13	0.00992	0.00689	0.00830	0.00906	0.00937	0.00664	0.00561	0.01059	0.01260	0.01668	0.03362	0.35365	0.06831	0.38750	0.02386	0.00512	0.00575	0.01560	0.00567	0.00526
14	0.03207	0.01313	0.01743	0.01354	0.01914	0.01179	0.01121	0.08596	0.02218	0.61952	0.02876	0.02695	0.01886	0.00961	0.00757	0.00234	0.00649	0.03211	0.00896	0.01241
15	0.03331	0.01263	0.01723	0.01321	0.01895	0.01091	0.01091	0.03618	0.02125	0.69794	0.02929	0.02527	0.01838	0.00919	0.00747	0.00230	0.00632	0.00747	0.00919	0.01263
16	0.01707	0.01631	0.02778	0.24729	0.50123	0.01730	0.02214	0.02164	0.01629	0.02268	0.01373	0.01880	0.01120	0.00686	0.00737	0.00229	0.00914	0.00661	0.00356	0.01071
17	0.02653	0.01996	0.02133	0.01674	0.02238	0.02223	0.01370	0.55940	0.14629	0.04407	0.01997	0.01953	0.01436	0.00911	0.00745	0.00228	0.00777	0.00698	0.00745	0.01247
18	0.00904	0.00646	0.00861	0.01034	0.01077	0.00603	0.00689	0.01034	0.01421	0.01895	0.04092	0.73426	0.04910	0.02326	0.00948	0.00301	0.00431	0.02110	0.00689	0.00603
19	0.00899	0.00753	0.00783	0.00775	0.01016	0.00636	0.00581	0.01108	0.01744	0.02129	0.15312	0.06941	0.61110	0.01834	0.00877	0.00248	0.00373	0.01538	0.00706	0.00636
20	0.03044	0.01497	0.01848	0.01436	0.01995	0.01467	0.01181	0.21758	0.05300	0.45869	0.02570	0.02336	0.01691	0.01073	0.03132	0.00261	0.00729	0.00730	0.00843	0.01239
21	0.02822	0.02079	0.02228	0.01708	0.02302	0.02302	0.01411	0.66804	0.03490	0.04679	0.01782	0.01782	0.01262	0.00891	0.00743	0.00223	0.00817	0.00668	0.00743	0.01262
22	0.01402	0.01319	0.02227	0.72126	0.05113	0.01649	0.02062	0.01897	0.01484	0.01897	0.01319	0.01979	0.00990	0.00742	0.00742	0.00247	0.00990	0.00660	0.00330	0.00825
23	0.02822	0.02079	0.02228	0.01708	0.02302	0.02302	0.01411	0.66804	0.03490	0.04679	0.01782	0.01782	0.01262	0.00891	0.00743	0.00223	0.00817	0.00668	0.00743	0.01262
24	0.01080	0.00720	0.00810	0.00810	0.00810	0.00720	0.00450	0.01080	0.01080	0.01439	0.02339	0.04858	0.02699	0.73910	0.03779	0.00720	0.00720	0.01080	0.00450	0.00450
25	0.01637	0.06472	0.35954	0.02549	0.03461	0.01856	0.32635	0.02357	0.01651	0.02334	0.01397	0.01753	0.01028	0.00664	0.00774	0.00238	0.01155	0.00695	0.00343	0.01045
26	0.00898	0.00753	0.00781	0.00774	0.01016	0.00636	0.00580	0.01106	0.01741	0.02123	0.14917	0.06952	0.61508	0.01836	0.00877	0.00249	0.00373	0.01540	0.00705	0.00636
27	0.01985	0.74357	0.03890	0.01270	0.01905	0.02937	0.01270	0.02223	0.01508	0.01747	0.01032	0.01191	0.00953	0.00635	0.00476	0.00159	0.00794	0.00397	0.00318	0.00953
28	0.01959	0.59525	0.14819	0.01413	0.02123	0.02657	0.01508	0.02303	0.01544	0.04722	0.01162	0.01310	0.00988	0.00659	0.00526	0.00174	0.00838	0.00437	0.00342	0.00990

[dist]
# distance from previous block
# <min> <max>
0	1

[block]
# block no. 6 follows, 27 sequences, length 28
# corresponding to MSA columns:
# 421-448
name=unknown_G
#
# <colnr> <probs for GDERKNQSTAVLIFYWHMCP>
#	G	D	E	R	K	N	Q	S	T	A	V	L	I	F	Y	W	H	M	C	P
0	0.01127	0.00881	0.01272	0.01235	0.01337	0.01057	0.00952	0.01350	0.01173	0.01698	0.01914	0.02995	0.01853	0.13031	0.55328	0.01039	0.09896	0.00812	0.00395	0.00655
1	0.01566	0.01539	0.02163	0.01871	0.01885	0.02136	0.01553	0.01739	0.01143	0.01780	0.01079	0.01757	0.01065	0.01737	0.09470	0.00414	0.65309	0.00665	0.00332	0.00797
2	0.79154	0.01436	0.01091	0.00976	0.01436	0.01665	0.00804	0.02182	0.01263	0.03331	0.01034	0.01206	0.00804	0.00689	0.00459	0.00230	0.00574	0.00402	0.00459	0.00804
3	0.01607	0.01119	0.01246	0.01086	0.01301	0.01173	0.00779	0.20419	0.01959	0.02674	0.10579	0.03884	0.05052	0.33483	0.02191	0.03816	0.00664	0.00967	0.05267	0.00735
4	0.79154	0.01436	0.01091	0.00976	0.01436	0.01665	0.00804	0.02182	0.01263	0.03331	0.01034	0.01206	0.00804	0.00689	0.00459	0.00230	0.00574	0.00402	0.00459	0.00804
5	0.01196	0.00854	0.01196	0.01367	0.01538	0.00854	0.01196	0.01538	0.01709	0.02222	0.03931	0.08374	0.04272	0.02051	0.01025	0.00342	0.00684	0.64283	0.00684	0.00684
6	0.01051	0.00759	0.00992	0.00934	0.01109	0.00700	0.00700	0.01401	0.02101	0.02977	0.68888	0.05545	0.07005	0.01518	0.00876	0.00233	0.00350	0.01343	0.00817	0.00700
7	0.01539	0.01319	0.01539	0.01100	0.01759	0.00990	0.00880	0.01869	0.01539	0.02419	0.01319	0.01539	0.01100	0.00550	0.00550	0.00110	0.00550	0.00440	0.00440	0.78449
8	0.00904	0.00646	0.00861	0.01034	0.01077	0.00603	0.00689	0.01034	0.01421	0.01895	0.04092	0.73426	0.04910	0.02326	0.00948	0.00301	0.00431	0.02110	0.00689	0.00603
9	0.03331	0.01263	0.01723	0.01321	0.01895	0.01091	0.01091	0.03618	0.02125	0.69794	0.02929	0.02527	0.01838	0.00919	0.00747	0.00230	0.00632	0.00747	0.00919	0.01263
10	0.01985	0.74357	0.03890	0.01270	0.01905	0.02937	0.01270	0.02223	0.01508	0.01747	0.01032	0.01191	0.00953	0.00635	0.00476	0.00159	0.00794	0.00397	0.00318	0.00953
11	0.00903	0.00654	0.00854	0.01013	0.01071	0.00605	0.00680	0.01036	0.01441	0.01903	0.04338	0.68661	0.09515	0.02294	0.00942	0.00298	0.00427	0.02071	0.00689	0.00605
12	0.01080	0.00720	0.00810	0.00810	0.00810	0.00720	0.00450	0.01080	0.01080	0.01439	0.02339	0.04858	0.02699	0.73910	0.03779	0.00720	0.00720	0.01080	0.00450	0.00450
13	0.02773	0.03538	0.02104	0.01913	0.02295	0.70930	0.01434	0.02964	0.02104	0.01817	0.01148	0.01339	0.00956	0.00765	0.00669	0.00191	0.01339	0.00478	0.00383	0.00861
14	0.01624	0.01624	0.02274	0.01949	0.01949	0.02274	0.01624	0.01787	0.01137	0.01787	0.00975	0.01624	0.00975	0.01299	0.02436	0.00325	0.72552	0.00650	0.00325	0.00812
15	0.01837	0.01764	0.03013	0.04557	0.69279	0.01764	0.02278	0.02278	0.01690	0.02425	0.01396	0.01837	0.01176	0.00661	0.00735	0.00220	0.00882	0.00661	0.00367	0.01176
16	0.01890	0.01685	0.01698	0.01530	0.01947	0.05070	0.01187	0.03899	0.64866	0.03045	0.02934	0.02703	0.02205	0.00996	0.00751	0.00249	0.00623	0.00822	0.00738	0.01160
17	0.60806	0.04076	0.01474	0.01194	0.01676	0.07055	0.03375	0.06197	0.01516	0.05323	0.01165	0.01322	0.00893	0.00710	0.00518	0.00225	0.00682	0.00452	0.00477	0.00863
18	0.03151	0.05817	0.04821	0.01367	0.01968	0.01275	0.01185	0.05848	0.02115	0.60336	0.02702	0.02377	0.01724	0.00891	0.00728	0.00225	0.00669	0.00714	0.00850	0.01237
19	0.01489	0.03840	0.70064	0.02116	0.03213	0.01724	0.02743	0.02351	0.01567	0.02351	0.01332	0.01567	0.00940	0.00705	0.00705	0.00235	0.01097	0.00549	0.00313	0.01097
20	0.02022	0.71000	0.03805	0.01301	0.01924	0.06160	0.01278	0.02258	0.01537	0.01750	0.01038	0.01198	0.00953	0.00641	0.00485	0.00160	0.00820	0.00401	0.00321	0.00948
21	0.01043	0.00759	0.00982	0.00926	0.01104	0.00697	0.00694	0.01386	0.02083	0.02934	0.66196	0.05615	0.09723	0.01534	0.00876	0.00234	0.00351	0.01352	0.00812	0.00697
22	0.01624	0.01624	0.02274	0.01949	0.01949	0.02274	0.01624	0.01787	0.01137	0.01787	0.00975	0.01624	0.00975	0.01299	0.02436	0.00325	0.72552	0.00650	0.00325	0.00812
23	0.01050	0.00712	0.00814	0.00835	0.00850	0.00702	0.00484	0.01073	0.01145	0.01517	0.02750	0.13454	0.05450	0.62334	0.03319	0.00650	0.00671	0.01226	0.00488	0.00475
24	0.01879	0.01696	0.01684	0.01532	0.01936	0.06761	0.01195	0.03749	0.59747	0.02967	0.02934	0.02960	0.02277	0.01044	0.00763	0.00252	0.00647	0.04127	0.00725	0.01127
25	0.02480	0.01586	0.01819	0.01480	0.01940	0.01713	0.01197	0.28501	0.13815	0.19278	0.02410	0.06697	0.01830	0.01029	0.00840	0.00237	0.04810	0.00807	0.06390	0.01139
26	0.07293	0.01811	0.16442	0.01447	0.01932	0.01416	0.01385	0.13920	0.05154	0.05092	0.21369	0.07268	0.03276	0.01194	0.00843	0.00247	0.03209	0.05133	0.00634	0.00935
27	0.02385	0.01640	0.01943	0.01520	0.02049	0.01682	0.03490	0.35912	0.02617	0.13111	0.02088	0.08415	0.01681	0.01247	0.04976	0.00274	0.00802	0.00791	0.00684	0.12693

[dist]
# distance from previous block
# <min> <max>
17	75

[block]
# block no. 7 follows, 27 sequences, length 86
# corresponding to MSA columns:
# 530-615
name=unknown_H
#
# <colnr> <probs for GDERKNQSTAVLIFYWHMCP>
#	G	D	E	R	K	N	Q	S	T	A	V	L	I	F	Y	W	H	M	C	P
0	0.01840	0.12207	0.10897	0.01472	0.01917	0.09800	0.01326	0.13599	0.01986	0.05068	0.05524	0.16550	0.02533	0.03810	0.00875	0.00258	0.00790	0.08080	0.00566	0.00900
1	0.12297	0.10476	0.36303	0.01813	0.04848	0.01842	0.01956	0.09542	0.04274	0.02683	0.01563	0.06389	0.01285	0.00836	0.00671	0.00229	0.00890	0.00646	0.00426	0.01033
2	0.04924	0.15621	0.06553	0.01349	0.01786	0.11997	0.01166	0.13860	0.01958	0.05122	0.04336	0.05008	0.01728	0.06345	0.03600	0.00277	0.00829	0.00695	0.11945	0.00901
3	0.05678	0.08036	0.05403	0.01537	0.02120	0.02004	0.01321	0.41997	0.02744	0.06305	0.01826	0.06769	0.01465	0.00921	0.00702	0.00213	0.00757	0.00711	0.00647	0.08846
4	0.02420	0.11185	0.07242	0.01599	0.02214	0.02149	0.01411	0.45402	0.02839	0.03818	0.01728	0.05122	0.01362	0.00886	0.00700	0.00210	0.00793	0.00676	0.00630	0.07613
5	0.08432	0.11668	0.01582	0.01140	0.01457	0.04597	0.00938	0.01969	0.04457	0.08052	0.28662	0.04051	0.03921	0.01454	0.04348	0.00280	0.00635	0.07985	0.03556	0.00814
6	0.01656	0.07179	0.01598	0.01263	0.01600	0.04714	0.00977	0.15756	0.08814	0.02691	0.06029	0.25230	0.07480	0.03828	0.00884	0.00253	0.00615	0.01201	0.00639	0.07591
7	0.22224	0.08088	0.19571	0.04416	0.02614	0.01901	0.12122	0.13234	0.01836	0.02946	0.01333	0.01563	0.00998	0.00710	0.00652	0.00224	0.00890	0.00572	0.00440	0.03666
8	0.04995	0.48511	0.09113	0.01439	0.02069	0.12746	0.01393	0.05063	0.01678	0.02025	0.01120	0.01287	0.00966	0.00669	0.00539	0.00173	0.00883	0.00436	0.00356	0.04538
9	0.01966	0.54815	0.09335	0.01392	0.02010	0.04952	0.01389	0.02346	0.04630	0.04293	0.03452	0.01507	0.01243	0.00725	0.00607	0.00182	0.03321	0.00486	0.00377	0.00970
10	0.04933	0.04164	0.01875	0.04133	0.02040	0.01433	0.07069	0.08011	0.15722	0.02715	0.05449	0.11167	0.02119	0.00974	0.00708	0.00205	0.00648	0.00847	0.00570	0.25219
11	0.02065	0.07627	0.07752	0.01657	0.04576	0.01847	0.01391	0.21500	0.22138	0.06451	0.04601	0.05230	0.02124	0.01057	0.00759	0.00241	0.00722	0.06495	0.00666	0.01101
12	0.07918	0.09608	0.01453	0.01124	0.01418	0.01235	0.00930	0.05006	0.06588	0.02579	0.18900	0.05062	0.12593	0.04319	0.00920	0.00271	0.00559	0.15981	0.02760	0.00777
13	0.00904	0.00646	0.00861	0.01034	0.01077	0.00603	0.00689	0.01034	0.01421	0.01895	0.04092	0.73426	0.04910	0.02326	0.00948	0.00301	0.00431	0.02110	0.00689	0.00603
14	0.01559	0.03388	0.54700	0.02510	0.10667	0.01747	0.10350	0.02346	0.01603	0.02363	0.01360	0.01650	0.00989	0.00691	0.00729	0.00235	0.01092	0.00600	0.00327	0.01094
15	0.01230	0.00892	0.01221	0.01375	0.01558	0.00905	0.01195	0.01661	0.05100	0.02267	0.03884	0.08087	0.04170	0.01997	0.01012	0.00337	0.00679	0.61034	0.00687	0.00709
16	0.00942	0.00789	0.00824	0.00809	0.01057	0.00689	0.00609	0.01233	0.04555	0.02185	0.15741	0.06740	0.57657	0.01793	0.00872	0.00248	0.00381	0.01505	0.00710	0.00660
17	0.01152	0.00844	0.01129	0.01272	0.01444	0.00835	0.01074	0.01511	0.03816	0.02191	0.04276	0.15569	0.10710	0.02032	0.00993	0.00325	0.00621	0.48833	0.00687	0.00685
18	0.01013	0.00757	0.00940	0.00894	0.01086	0.00684	0.00671	0.01328	0.02012	0.02765	0.55526	0.05894	0.20499	0.01597	0.00876	0.00237	0.00356	0.01391	0.00789	0.00684
19	0.01786	0.01711	0.02920	0.12552	0.61687	0.01750	0.02253	0.02233	0.01666	0.02363	0.01387	0.01854	0.01154	0.00671	0.00736	0.00224	0.00895	0.00661	0.00363	0.01134
20	0.02079	0.48752	0.11734	0.01609	0.04509	0.12882	0.01520	0.05659	0.01713	0.02006	0.01138	0.01313	0.00975	0.00677	0.00556	0.00179	0.00917	0.00451	0.00350	0.00981
21	0.01051	0.00759	0.00992	0.00934	0.01109	0.00700	0.00700	0.01401	0.02101	0.02977	0.68888	0.05545	0.07005	0.01518	0.00876	0.00233	0.00350	0.01343	0.00817	0.00700
22	0.01957	0.04416	0.08174	0.05347	0.34858	0.06891	0.01877	0.12157	0.01959	0.02666	0.01613	0.01898	0.03386	0.00739	0.00706	0.00208	0.00873	0.00638	0.00437	0.09200
23	0.02970	0.01428	0.01780	0.01395	0.01932	0.01376	0.01140	0.18607	0.04889	0.46451	0.05015	0.05467	0.02027	0.00996	0.00759	0.00232	0.00656	0.00810	0.00857	0.01212
24	0.79154	0.01436	0.01091	0.00976	0.01436	0.01665	0.00804	0.02182	0.01263	0.03331	0.01034	0.01206	0.00804	0.00689	0.00459	0.00230	0.00574	0.00402	0.00459	0.00804
25	0.02814	0.11499	0.02006	0.01344	0.01880	0.04043	0.01124	0.05807	0.08343	0.44577	0.06840	0.02487	0.02035	0.00920	0.00715	0.00221	0.00665	0.00732	0.00786	0.01160
26	0.01489	0.03840	0.70064	0.02116	0.03213	0.01724	0.02743	0.02351	0.01567	0.02351	0.01332	0.01567	0.00940	0.00705	0.00705	0.00235	0.01097	0.00549	0.00313	0.01097
27	0.01038	0.00758	0.00975	0.00921	0.01101	0.00695	0.00691	0.01377	0.02072	0.02907	0.64439	0.05661	0.11497	0.01544	0.00876	0.00235	0.00352	0.01359	0.00808	0.00695
28	0.01078	0.00727	0.00847	0.00847	0.00860	0.00740	0.00497	0.01104	0.01091	0.01467	0.02305	0.04667	0.02616	0.67184	0.10392	0.00766	0.00845	0.01052	0.00445	0.00471
