[name]
unknown

[dist]
# distance from previous block
# <min> <max>
12	64

[block]
# block no. 0 follows, 27 sequences, length 122
# corresponding to MSA columns:
# 72-193
name=unknown_A
#
# <colnr> <probs for GDERKNQSTAVLIFYWHMCP>
#	G	D	E	R	K	N	Q	S	T	A	V	L	I	F	Y	W	H	M	C	P
0	0.01769	0.01266	0.01474	0.01394	0.04352	0.01333	0.01030	0.10788	0.19875	0.10741	0.03804	0.15547	0.16158	0.01380	0.00863	0.00253	0.03093	0.01156	0.02764	0.00961
1	0.14363	0.01556	0.01689	0.01364	0.01842	0.05364	0.01101	0.15881	0.02103	0.27914	0.02123	0.05804	0.01604	0.03508	0.00889	0.00243	0.04471	0.00719	0.00687	0.06774
2	0.02483	0.01826	0.01986	0.01589	0.02085	0.02001	0.01283	0.55163	0.03124	0.04186	0.02191	0.14463	0.01908	0.01145	0.00779	0.00237	0.00749	0.00924	0.00733	0.01146
3	0.13796	0.01349	0.01543	0.01207	0.01739	0.01250	0.00973	0.05125	0.04263	0.15707	0.01810	0.05707	0.01454	0.00813	0.00712	0.00184	0.04371	0.00622	0.00569	0.36805
4	0.02167	0.04052	0.05025	0.01581	0.02029	0.10289	0.03635	0.25102	0.08500	0.07008	0.02472	0.10010	0.06465	0.04292	0.00961	0.00258	0.03625	0.00893	0.00626	0.01011
5	0.02281	0.42238	0.03082	0.01467	0.02027	0.10313	0.01315	0.14607	0.05467	0.05959	0.01389	0.01489	0.01128	0.00758	0.00654	0.00190	0.03644	0.00509	0.00460	0.01023
6	0.01833	0.01695	0.02125	0.03877	0.02045	0.06100	0.01511	0.05559	0.07711	0.05650	0.01444	0.04312	0.01295	0.01219	0.01894	0.00297	0.49393	0.00715	0.00435	0.00890
7	0.01730	0.01500	0.02216	0.32227	0.03409	0.04725	0.07466	0.05638	0.01634	0.08030	0.01827	0.04864	0.04063	0.03686	0.01174	0.00275	0.13435	0.00783	0.00442	0.00873
8	0.01061	0.00793	0.01181	0.01181	0.01309	0.00921	0.00912	0.01318	0.01189	0.01714	0.02000	0.02980	0.01884	0.07808	0.68766	0.01178	0.01947	0.00805	0.00399	0.00656
9	0.02773	0.03538	0.02104	0.01913	0.02295	0.70930	0.01434	0.02964	0.02104	0.01817	0.01148	0.01339	0.00956	0.00765	0.00669	0.00191	0.01339	0.00478	0.00383	0.00861
10	0.01379	0.00837	0.01053	0.00954	0.01204	0.00748	0.00727	0.01675	0.01990	0.13390	0.43636	0.05376	0.18943	0.03635	0.00941	0.00251	0.00411	0.01286	0.00796	0.00768
11	0.76500	0.01518	0.03448	0.01015	0.01496	0.01667	0.00870	0.02188	0.01274	0.03297	0.01044	0.01218	0.00809	0.00690	0.00468	0.00230	0.00592	0.00407	0.00454	0.00814
12	0.01948	0.69144	0.08782	0.01333	0.02002	0.02848	0.01379	0.02232	0.01513	0.01791	0.01054	0.01219	0.00952	0.00640	0.00493	0.00164	0.00816	0.00408	0.00317	0.00963
13	0.01576	0.04289	0.10283	0.01746	0.02155	0.04466	0.08490	0.02071	0.07305	0.02162	0.01799	0.12658	0.01721	0.01110	0.01214	0.00247	0.20925	0.00849	0.00445	0.14488
14	0.01044	0.00754	0.00987	0.00938	0.01108	0.00696	0.00700	0.01385	0.02071	0.02929	0.66013	0.08557	0.06912	0.01554	0.00879	0.00237	0.00354	0.01377	0.00812	0.00696
15	0.01586	0.01347	0.01564	0.01122	0.01779	0.01037	0.00899	0.04236	0.01611	0.02501	0.01336	0.01548	0.01106	0.00562	0.00557	0.00114	0.00560	0.00448	0.00451	0.75635
16	0.00933	0.00667	0.00862	0.01007	0.01061	0.00626	0.00675	0.01059	0.01409	0.01863	0.04074	0.60051	0.08015	0.10126	0.01257	0.00346	0.00469	0.04248	0.00663	0.00590
17	0.01072	0.00720	0.00827	0.00833	0.00840	0.00723	0.00478	0.01087	0.01097	0.01468	0.02394	0.07482	0.02753	0.68422	0.06292	0.00722	0.00758	0.01109	0.00457	0.00464
18	0.01282	0.00810	0.01066	0.00973	0.01189	0.00740	0.00740	0.01626	0.02104	0.09757	0.62195	0.05239	0.06480	0.01457	0.00862	0.00233	0.00379	0.01282	0.00828	0.00758
19	0.02773	0.03538	0.02104	0.01913	0.02295	0.70930	0.01434	0.02964	0.02104	0.01817	0.01148	0.01339	0.00956	0.00765	0.00669	0.00191	0.01339	0.00478	0.00383	0.00861
20	0.01776	0.01700	0.02879	0.07454	0.63387	0.01709	0.02194	0.02208	0.01681	0.02383	0.01661	0.02076	0.04130	0.00718	0.00741	0.00223	0.00865	0.00701	0.00380	0.01136
21	0.01014	0.00757	0.00942	0.00896	0.01087	0.00685	0.00672	0.01331	0.02016	0.02773	0.56018	0.05881	0.20002	0.01594	0.00876	0.00237	0.00356	0.01390	0.00790	0.00685
22	0.79154	0.01436	0.01091	0.00976	0.01436	0.01665	0.00804	0.02182	0.01263	0.03331	0.01034	0.01206	0.00804	0.00689	0.00459	0.00230	0.00574	0.00402	0.00459	0.00804
23	0.01539	0.01319	0.01539	0.01100	0.01759	0.00990	0.00880	0.01869	0.01539	0.02419	0.01319	0.01539	0.01100	0.00550	0.00550	0.00110	0.00550	0.00440	0.00440	0.78449
24	0.00937	0.00660	0.00852	0.00992	0.01027	0.00625	0.00644	0.01042	0.01357	0.01810	0.03763	0.60556	0.04495	0.15762	0.01479	0.00380	0.00485	0.01917	0.00644	0.00574
25	0.02301	0.02691	0.02145	0.05081	0.02295	0.40570	0.01509	0.04379	0.05155	0.01957	0.01213	0.01544	0.01039	0.00949	0.01240	0.00240	0.23867	0.00564	0.00391	0.00871
26	0.02773	0.03538	0.02104	0.01913	0.02295	0.70930	0.01434	0.02964	0.02104	0.01817	0.01148	0.01339	0.00956	0.00765	0.00669	0.00191	0.01339	0.00478	0.00383	0.00861
27	0.01539	0.01319	0.01539	0.01100	0.01759	0.00990	0.00880	0.01869	0.01539	0.02419	0.01319	0.01539	0.01100	0.00550	0.00550	0.00110	0.00550	0.00440	0.00440	0.78449
28	0.02822	0.02079	0.02228	0.01708	0.02302	0.02302	0.01411	0.66804	0.03490	0.04679	0.01782	0.01782	0.01262	0.00891	0.00743	0.00223	0.00817	0.00668	0.00743	0.01262
29	0.01489	0.03840	0.70064	0.02116	0.03213	0.01724	0.02743	0.02351	0.01567	0.02351	0.01332	0.01567	0.00940	0.00705	0.00705	0.00235	0.01097	0.00549	0.00313	0.01097
30	0.01846	0.01595	0.01679	0.01511	0.01930	0.01846	0.01175	0.03945	0.67938	0.03105	0.03022	0.02770	0.02266	0.01007	0.00755	0.00252	0.00588	0.00839	0.00755	0.01175
31	0.01061	0.00795	0.01193	0.01193	0.01326	0.00928	0.00928	0.01326	0.01193	0.01723	0.01988	0.02916	0.01856	0.05568	0.70968	0.01193	0.01988	0.00795	0.00398	0.00663
32	0.01642	0.02266	0.18247	0.04542	0.06839	0.01808	0.35874	0.02234	0.01607	0.02275	0.01411	0.01878	0.01096	0.00910	0.03721	0.00285	0.08745	0.00746	0.00358	0.03516
33	0.01061	0.00795	0.01193	0.01193	0.01326	0.00928	0.00928	0.01326	0.01193	0.01723	0.01988	0.02916	0.01856	0.05568	0.70968	0.01193	0.01988	0.00795	0.00398	0.00663
34	0.01087	0.00829	0.01221	0.01206	0.01325	0.00977	0.00933	0.01333	0.01184	0.01710	0.01962	0.02967	0.01863	0.09211	0.64090	0.01127	0.05116	0.00805	0.00397	0.00658
35	0.01892	0.58538	0.12473	0.01385	0.02047	0.04865	0.01440	0.02218	0.01569	0.01898	0.04885	0.01490	0.01291	0.00698	0.00536	0.00174	0.00827	0.00473	0.00347	0.00955
36	0.00918	0.00652	0.00857	0.01016	0.01056	0.00612	0.00670	0.01037	0.01395	0.01860	0.03955	0.68085	0.04738	0.07902	0.01168	0.00334	0.00453	0.02030	0.00670	0.00591
37	0.01634	0.01317	0.01549	0.01111	0.01766	0.00995	0.00891	0.01961	0.01570	0.05970	0.01404	0.01591	0.01138	0.00569	0.00560	0.00116	0.00554	0.00456	0.00465	0.74381
38	0.01079	0.00722	0.00823	0.00823	0.00828	0.00727	0.00467	0.01088	0.01084	0.01449	0.02327	0.04790	0.02669	0.71502	0.06146	0.00736	0.00764	0.01070	0.00448	0.00457
39	0.01384	0.00692	0.00692	0.00692	0.00865	0.00692	0.00519	0.01730	0.01557	0.02768	0.02422	0.02768	0.01903	0.00865	0.00519	0.00173	0.00346	0.00692	0.78031	0.00692
40	0.03980	0.01451	0.02430	0.40818	0.06910	0.01644	0.11762	0.04945	0.01654	0.07227	0.01536	0.02020	0.01144	0.00769	0.00810	0.00242	0.03853	0.00694	0.05204	0.00910
41	0.01535	0.01319	0.01561	0.03366	0.01866	0.01011	0.00917	0.01870	0.01538	0.02402	0.01319	0.01553	0.01096	0.00556	0.00556	0.00114	0.00564	0.00447	0.00436	0.75971
42	0.13540	0.42766	0.13755	0.01339	0.01985	0.02289	0.01385	0.02250	0.01557	0.05753	0.06197	0.01646	0.01422	0.00735	0.00554	0.00191	0.00768	0.00510	0.00407	0.00951
43	0.01626	0.02048	0.15574	0.05380	0.02563	0.05428	0.10889	0.02105	0.01606	0.02337	0.01338	0.01623	0.01058	0.00614	0.00645	0.00167	0.00830	0.00539	0.00396	0.43233
44	0.01000	0.00739	0.00935	0.00937	0.01099	0.00675	0.00691	0.01282	0.01896	0.02595	0.44932	0.18832	0.16295	0.01745	0.00894	0.00252	0.00379	0.03383	0.00769	0.00670
45	0.00964	0.00772	0.00924	0.01006	0.03733	0.00685	0.00692	0.01191	0.01739	0.02243	0.21988	0.20239	0.37492	0.01833	0.00886	0.00256	0.00401	0.01587	0.00709	0.00662
46	0.01538	0.01957	0.16470	0.13650	0.08022	0.01479	0.17430	0.02023	0.01546	0.02197	0.01460	0.04153	0.01201	0.00870	0.00918	0.06838	0.00933	0.00692	0.00373	0.16251
47	0.01732	0.02284	0.20297	0.06389	0.49882	0.01749	0.02390	0.02283	0.01651	0.02387	0.01377	0.01773	0.01108	0.00676	0.00728	0.00225	0.00941	0.00632	0.00352	0.01143
48	0.01785	0.01760	0.03152	0.10418	0.53503	0.01771	0.12095	0.02259	0.01681	0.02371	0.01406	0.01875	0.01152	0.00663	0.00757	0.00227	0.00948	0.00694	0.00365	0.01118
49	0.05171	0.03506	0.60971	0.01995	0.03017	0.01666	0.02511	0.02454	0.01602	0.08283	0.01458	0.01635	0.01013	0.00723	0.00698	0.00234	0.01033	0.00559	0.00373	0.01098
50	0.02413	0.01869	0.01999	0.01606	0.02143	0.02071	0.01300	0.41414	0.25675	0.04008	0.02185	0.02110	0.01601	0.00912	0.00736	0.00226	0.00723	0.00715	0.00730	0.05566
51	0.00908	0.00662	0.00846	0.00990	0.01057	0.00610	0.00664	0.01039	0.01441	0.01891	0.04444	0.62619	0.12680	0.05068	0.01050	0.00312	0.00435	0.02003	0.00680	0.00600
52	0.79154	0.01436	0.01091	0.00976	0.01436	0.01665	0.00804	0.02182	0.01263	0.03331	0.01034	0.01206	0.00804	0.00689	0.00459	0.00230	0.00574	0.00402	0.00459	0.00804
53	0.01498	0.03777	0.67827	0.02150	0.03236	0.01729	0.04917	0.02352	0.01574	0.02352	0.01338	0.01582	0.00947	0.00703	0.00711	0.00236	0.01102	0.00560	0.00316	0.01094
54	0.01042	0.00758	0.00980	0.00924	0.01103	0.00697	0.00693	0.01383	0.02080	0.02926	0.65659	0.05629	0.10265	0.01537	0.00876	0.00234	0.00352	0.01354	0.00810	0.00697
55	0.00904	0.00646	0.00861	0.01034	0.01077	0.00603	0.00689	0.01034	0.01421	0.01895	0.04092	0.73426	0.04910	0.02326	0.00948	0.00301	0.00431	0.02110	0.00689	0.00603
56	0.02718	0.03379	0.02050	0.01857	0.02237	0.66047	0.01396	0.04796	0.02122	0.01940	0.01218	0.01410	0.01004	0.00773	0.00665	0.00191	0.01283	0.00492	0.03555	0.00866
57	0.75165	0.01427	0.01124	0.00994	0.01460	0.01635	0.00819	0.02258	0.01309	0.06827	0.01133	0.01275	0.00858	0.00701	0.00475	0.00230	0.00577	0.00420	0.00484	0.00828
58	0.02029	0.70381	0.03790	0.01306	0.01927	0.06755	0.01279	0.02265	0.01542	0.01751	0.01039	0.01199	0.00953	0.00642	0.00487	0.00161	0.00824	0.00402	0.00321	0.00948
59	0.01401	0.01297	0.02171	0.69522	0.04958	0.01614	0.02005	0.01891	0.01487	0.01928	0.01360	0.02008	0.01023	0.00747	0.00734	0.00245	0.00966	0.00661	0.03162	0.00820
60	0.00904	0.00646	0.00861	0.01034	0.01077	0.00603	0.00689	0.01034	0.01421	0.01895	0.04092	0.73426	0.04910	0.02326	0.00948	0.00301	0.00431	0.02110	0.00689	0.00603
61	0.02268	0.01630	0.01756	0.01520	0.01965	0.05177	0.01229	0.17365	0.28771	0.14849	0.02775	0.03294	0.02210	0.01113	0.00788	0.00252	0.00699	0.10471	0.00751	0.01119
62	0.06671	0.03022	0.02087	0.01807	0.02253	0.48134	0.01396	0.20854	0.02450	0.02698	0.01320	0.01457	0.01035	0.00797	0.00679	0.00202	0.01153	0.00528	0.00488	0.00971
63	0.02699	0.01538	0.01807	0.01453	0.01986	0.01576	0.01177	0.16694	0.23163	0.33104	0.02669	0.02418	0.01830	0.00929	0.00742	0.00231	0.00653	0.00750	0.00815	0.03765
64	0.00932	0.00684	0.00938	0.05025	0.01303	0.00662	0.00766	0.01082	0.01425	0.01895	0.03936	0.69415	0.04690	0.02237	0.00936	0.00298	0.00462	0.02029	0.00669	0.00615
65	0.01089	0.00838	0.01248	0.01232	0.01357	0.00996	0.00963	0.01349	0.01190	0.01727	0.01937	0.02851	0.01811	0.05351	0.67484	0.01149	0.05577	0.00788	0.00394	0.00670
66	0.01688	0.12575	0.32698	0.02282	0.07037	0.05016	0.16583	0.02384	0.04560	0.02320	0.04834	0.01875	0.01365	0.00733	0.00724	0.00226	0.01028	0.00658	0.00379	0.01033
67	0.01028	0.00692	0.00909	0.01030	0.01099	0.00652	0.00703	0.01170	0.01455	0.04126	0.07132	0.55902	0.04619	0.10692	0.01277	0.00347	0.00482	0.05395	0.00674	0.00616
68	0.02032	0.02134	0.02824	0.04005	0.55316	0.16182	0.02102	0.02421	0.01777	0.02298	0.01345	0.01733	0.01130	0.00683	0.00721	0.00214	0.00977	0.00623	0.00371	0.01110
69	0.01080	0.00720	0.00810	0.00810	0.00810	0.00720	0.00450	0.01080	0.01080	0.01439	0.02339	0.04858	0.02699	0.73910	0.03779	0.00720	0.00720	0.01080	0.00450	0.00450
70	0.18692	0.01366	0.02038	0.44127	0.05686	0.01598	0.05307	0.02054	0.01488	0.05833	0.01463	0.04647	0.01160	0.00793	0.00695	0.00244	0.00869	0.00677	0.00407	0.00854
71	0.01420	0.02860	0.47188	0.01801	0.02614	0.01424	0.03998	0.02109	0.01708	0.04312	0.17420	0.05470	0.02562	0.00966	0.00761	0.00238	0.00886	0.00814	0.00466	0.00985
72	0.02071	0.36166	0.10004	0.01506	0.02069	0.18355	0.01408	0.02477	0.05418	0.04637	0.04404	0.01695	0.01383	0.01004	0.04299	0.00240	0.00978	0.00534	0.00407	0.00945
73	0.01800	0.01724	0.02925	0.04408	0.66612	0.01719	0.02211	0.02231	0.01690	0.02409	0.01636	0.02045	0.03825	0.00709	0.00741	0.00222	0.00862	0.00697	0.00380	0.01154
74	0.01683	0.16584	0.01939	0.01278	0.01682	0.03730	0.01037	0.05410	0.26903	0.02585	0.10711	0.05938	0.07472	0.04909	0.00874	0.00246	0.00617	0.00888	0.00620	0.04893
75	0.40507	0.10079	0.04517	0.04985	0.01851	0.01809	0.01146	0.02179	0.01356	0.08380	0.01227	0.01490	0.00976	0.00895	0.00937	0.04212	0.11661	0.00501	0.00442	0.00851
76	0.01554	0.02101	0.26805	0.01768	0.07652	0.01325	0.01667	0.03819	0.01760	0.08532	0.18716	0.04991	0.05185	0.05882	0.01062	0.00272	0.04534	0.00895	0.00543	0.00937
77	0.01384	0.01131	0.01296	0.04050	0.01606	0.01202	0.00944	0.04216	0.26388	0.02829	0.26520	0.04647	0.16018	0.01362	0.00827	0.00247	0.00493	0.03213	0.00745	0.00884
78	0.01003	0.00798	0.00927	0.01080	0.01141	0.04309	0.00728	0.01135	0.01457	0.01891	0.03936	0.69627	0.04702	0.02244	0.00933	0.00296	0.00479	0.02024	0.00673	0.00617
79	0.04551	0.00722	0.00708	0.00703	0.00888	0.00732	0.00531	0.01748	0.01545	0.02791	0.02365	0.02704	0.01858	0.00858	0.00517	0.00175	0.00355	0.00680	0.74873	0.00696
80	0.01675	0.02116	0.15784	0.08808	0.06927	0.01866	0.17584	0.04765	0.05306	0.02321	0.01400	0.01815	0.01111	0.00845	0.01167	0.00252	0.18475	0.00683	0.00387	0.06713
81	0.01833	0.01771	0.03040	0.04377	0.63532	0.01773	0.05630	0.02341	0.03957	0.02446	0.01457	0.01878	0.01211	0.00671	0.00743	0.00223	0.00891	0.00679	0.00381	0.01167
82	0.01754	0.01679	0.02862	0.17532	0.56958	0.01742	0.02237	0.02205	0.01651	0.02324	0.01382	0.01865	0.01140	0.00677	0.00736	0.00226	0.00903	0.00661	0.00360	0.01108
83	0.00912	0.00649	0.00859	0.01024	0.01065	0.00608	0.00679	0.01036	0.01406	0.01875	0.04014	0.70384	0.04812	0.05502	0.01073	0.00320	0.00444	0.02065	0.00679	0.00596
84	0.02065	0.05995	0.04381	0.10542	0.22873	0.12312	0.01710	0.06203	0.17548	0.06295	0.01820	0.01991	0.01402	0.00795	0.00717	0.00224	0.00878	0.00663	0.00504	0.01083
85	0.12685	0.01532	0.05603	0.08080	0.08772	0.01453	0.11320	0.09675	0.01902	0.02817	0.14697	0.03113	0.10743	0.01006	0.00755	0.00232	0.00734	0.00886	0.00547	0.03446
86	0.02357	0.29694	0.06693	0.01617	0.02231	0.12913	0.04824	0.17886	0.02141	0.07999	0.01434	0.01539	0.01112	0.00739	0.00628	0.00192	0.00902	0.00538	0.00485	0.04076
87	0.01726	0.34369	0.35953	0.01830	0.02698	0.02264	0.07275	0.02297	0.01557	0.02090	0.01215	0.01439	0.00961	0.00668	0.00620	0.00203	0.00978	0.00509	0.00320	0.01027
88	0.00992	0.00757	0.00910	0.00872	0.01073	0.00675	0.00654	0.01286	0.01962	0.02645	0.47947	0.06091	0.28152	0.01641	0.00876	0.00239	0.00359	0.01419	0.00774	0.00675
89	0.08874	0.01443	0.01755	0.07970	0.02172	0.01484	0.01199	0.19355	0.05180	0.30581	0.06104	0.06542	0.02016	0.00997	0.00741	0.00235	0.00679	0.00808	0.00755	0.01110
90	0.01640	0.01494	0.02434	0.21905	0.38340	0.01590	0.01929	0.04862	0.01657	0.02277	0.01686	0.05959	0.01538	0.06240	0.00983	0.00273	0.00866	0.02933	0.00407	0.00986
91	0.01064	0.00713	0.00814	0.00830	0.00834	0.00709	0.00471	0.01075	0.01110	0.01480	0.02496	0.11009	0.02897	0.67489	0.03525	0.00682	0.00694	0.01172	0.00471	0.00464
92	0.01431	0.01347	0.02255	0.61014	0.12524	0.01618	0.02022	0.01906	0.01518	0.01964	0.01600	0.02188	0.03983	0.00782	0.00747	0.00244	0.00950	0.00700	0.00350	0.00858
93	0.02142	0.41099	0.03173	0.06848	0.04936	0.11649	0.04284	0.02471	0.03508	0.08432	0.01340	0.01523	0.01096	0.00728	0.00669	0.00193	0.04020	0.00516	0.00402	0.00972
94	0.03034	0.01256	0.01659	0.01304	0.01839	0.01127	0.01066	0.03478	0.07835	0.59219	0.05661	0.02813	0.04219	0.00981	0.00757	0.00232	0.00609	0.00804	0.00893	0.01213
95	0.00928	0.00754	0.00822	0.00805	0.01034	0.00648	0.00604	0.01164	0.01812	0.02290	0.25511	0.06676	0.50810	0.01774	0.00877	0.00246	0.00368	0.01501	0.00727	0.00648
96	0.02143	0.04436	0.01786	0.05122	0.05497	0.14075	0.01187	0.15439	0.02201	0.13396	0.07222	0.06087	0.15994	0.01148	0.00764	0.00227	0.00757	0.00924	0.00640	0.00956
97	0.05247	0.07280	0.08426	0.11566	0.13241	0.24517	0.11684	0.05330	0.01849	0.02236	0.01294	0.01624	0.01026	0.00714	0.00706	0.00217	0.01099	0.00597	0.00381	0.00968
98	0.01904	0.62933	0.14610	0.01407	0.02117	0.02741	0.01509	0.02244	0.01518	0.01845	0.01081	0.01252	0.00951	0.00646	0.00513	0.00171	0.00843	0.00422	0.00317	0.00976
99	0.01075	0.00738	0.00904	0.00904	0.00937	0.00771	0.00568	0.01140	0.01108	0.01509	0.02253	0.04380	0.02491	0.57067	0.20338	0.00836	0.01032	0.01010	0.00437	0.00502
100	0.01061	0.00795	0.01193	0.01193	0.01326	0.00928	0.00928	0.01326	0.01193	0.01723	0.01988	0.02916	0.01856	0.05568	0.70968	0.01193	0.01988	0.00795	0.00398	0.00663
101	0.01076	0.00735	0.00889	0.00889	0.00916	0.00763	0.00549	0.01130	0.01103	0.01498	0.02267	0.04457	0.02525	0.59779	0.17671	0.00818	0.00982	0.01021	0.00439	0.00494
102	0.01738	0.01961	0.04151	0.03001	0.03670	0.01920	0.59519	0.02314	0.01685	0.02314	0.01445	0.01961	0.01110	0.00699	0.01046	0.00258	0.09005	0.00851	0.00370	0.00981
103	0.01168	0.00828	0.01134	0.01284	0.01428	0.00826	0.01082	0.01458	0.01620	0.02113	0.03751	0.11266	0.04119	0.10565	0.01347	0.00384	0.00675	0.53645	0.00656	0.00652
104	0.01061	0.00795	0.01193	0.01193	0.01326	0.00928	0.00928	0.01326	0.01193	0.01723	0.01988	0.02916	0.01856	0.05568	0.70968	0.01193	0.01988	0.00795	0.00398	0.00663
105	0.01062	0.00758	0.01054	0.01075	0.01173	0.00837	0.00787	0.01264	0.01217	0.01742	0.02327	0.11625	0.02382	0.18145	0.46126	0.00944	0.01476	0.01001	0.04390	0.00616
106	0.01985	0.74357	0.03890	0.01270	0.01905	0.02937	0.01270	0.02223	0.01508	0.01747	0.01032	0.01191	0.00953	0.00635	0.00476	0.00159	0.00794	0.00397	0.00318	0.00953
107	0.02019	0.71262	0.03812	0.01298	0.01922	0.05909	0.01277	0.02255	0.01534	0.01750	0.01037	0.01197	0.00953	0.00641	0.00485	0.00160	0.00818	0.00400	0.00320	0.00949
108	0.00904	0.00646	0.00861	0.01034	0.01077	0.00603	0.00689	0.01034	0.01421	0.01895	0.04092	0.73426	0.04910	0.02326	0.00948	0.00301	0.00431	0.02110	0.00689	0.00603
109	0.01551	0.01358	0.01699	0.01213	0.01878	0.01039	0.04568	0.01898	0.01551	0.02417	0.01330	0.01565	0.01101	0.00554	0.00568	0.00118	0.00589	0.00464	0.00436	0.74101
110	0.00991	0.00695	0.00864	0.00950	0.01002	0.00665	0.00622	0.01104	0.01377	0.01838	0.08779	0.37887	0.06779	0.27857	0.01956	0.00446	0.00537	0.04477	0.00613	0.00561
111	0.01289	0.00645	0.00967	0.00967	0.00967	0.00645	0.00645	0.00967	0.00967	0.01289	0.01289	0.02257	0.01289	0.02579	0.02901	0.78401	0.00645	0.00645	0.00322	0.00322
112	0.75158	0.01427	0.01124	0.00994	0.01460	0.01635	0.00819	0.02258	0.01309	0.06833	0.01134	0.01276	0.00858	0.00701	0.00475	0.00230	0.00577	0.00420	0.00484	0.00828
113	0.01079	0.00723	0.00825	0.00825	0.00830	0.00728	0.00469	0.01089	0.01084	0.01451	0.02325	0.04782	0.02666	0.71220	0.06424	0.00738	0.00770	0.01068	0.00448	0.00458
114	0.00982	0.00788	0.00881	0.00859	0.01083	0.00705	0.00643	0.01309	0.04722	0.02393	0.28888	0.08646	0.41986	0.01729	0.00874	0.00246	0.00378	0.01474	0.00737	0.00676
115	0.79154	0.01436	0.01091	0.00976	0.01436	0.01665	0.00804	0.02182	0.01263	0.03331	0.01034	0.01206	0.00804	0.00689	0.00459	0.00230	0.00574	0.00402	0.00459	0.00804
116	0.01814	0.01740	0.02972	0.08111	0.65904	0.01758	0.02267	0.02258	0.01680	0.02398	0.01392	0.01845	0.01166	0.00666	0.00735	0.00222	0.00888	0.00661	0.00365	0.01157
117	0.01081	0.00825	0.00983	0.00948	0.01153	0.00773	0.00707	0.03605	0.04833	0.02647	0.39258	0.13764	0.23321	0.01669	0.00875	0.00247	0.00393	0.01450	0.00762	0.00709
118	0.01514	0.07426	0.66699	0.02073	0.03147	0.01786	0.02668	0.02344	0.01564	0.02320	0.01317	0.01548	0.00941	0.00702	0.00694	0.00231	0.01082	0.00541	0.00314	0.01090
119	0.09341	0.26773	0.26550	0.05416	0.02512	0.05184	0.01775	0.02444	0.01604	0.10098	0.01381	0.01531	0.01040	0.00710	0.00610	0.00207	0.00896	0.00510	0.00404	0.01015
120	0.04874	0.27736	0.30687	0.01862	0.02676	0.05824	0.09046	0.05257	0.01671	0.02262	0.01246	0.01469	0.00975	0.00683	0.00635	0.00207	0.00989	0.00528	0.00351	0.01020
121	0.02205	0.04107	0.02049	0.06851	0.02294	0.14912	0.03617	0.29832	0.02423	0.03062	0.01833	0.08275	0.01587	0.01683	0.11485	0.00373	0.01088	0.00779	0.00561	0.00985

[dist]
# distance from previous block
# <min> <max>
1	6

[block]
# block no. 1 follows, 27 sequences, length 40
# corresponding to MSA columns:
# 200-239
name=unknown_B
#
# <colnr> <probs for GDERKNQSTAVLIFYWHMCP>
#	G	D	E	R	K	N	Q	S	T	A	V	L	I	F	Y	W	H	M	C	P
0	0.18305	0.07301	0.30308	0.02229	0.14119	0.01779	0.04807	0.04538	0.01603	0.02611	0.01422	0.01902	0.01150	0.00765	0.00668	0.00232	0.00902	0.03948	0.00392	0.01018
1	0.11382	0.02076	0.09653	0.12241	0.35556	0.08813	0.05288	0.02300	0.01644	0.02396	0.01315	0.01707	0.01056	0.00689	0.00699	0.00225	0.00946	0.00610	0.00370	0.01035
2	0.53914	0.01800	0.04445	0.01372	0.03865	0.08360	0.01115	0.05011	0.01452	0.02998	0.01095	0.01327	0.00876	0.00774	0.00736	0.00236	0.08865	0.00464	0.00440	0.00855
3	0.01820	0.01459	0.01678	0.01331	0.01845	0.04484	0.03869	0.04793	0.15675	0.08723	0.02041	0.05264	0.01700	0.06338	0.00900	0.00219	0.00650	0.00702	0.00567	0.35942
4	0.01905	0.01927	0.02762	0.11670	0.51279	0.10293	0.02108	0.02384	0.04233	0.02317	0.01419	0.01827	0.01169	0.00696	0.00728	0.00221	0.00939	0.00645	0.00380	0.01098
5	0.01062	0.00791	0.01173	0.01173	0.01298	0.00917	0.00902	0.01313	0.01187	0.01708	0.02007	0.03020	0.01901	0.09216	0.67382	0.01168	0.01921	0.00811	0.00400	0.00651
6	0.01065	0.00779	0.01108	0.01108	0.01211	0.00882	0.00822	0.01271	0.01168	0.01661	0.02066	0.03346	0.02042	0.20689	0.56102	0.01088	0.01708	0.00858	0.00409	0.00616
7	0.00913	0.00671	0.00856	0.00985	0.01069	0.00614	0.00672	0.01068	0.01516	0.02000	0.09886	0.58290	0.14346	0.02195	0.00932	0.00289	0.00416	0.01969	0.00700	0.00614
8	0.01080	0.00720	0.00810	0.00810	0.00810	0.00720	0.00450	0.01080	0.01080	0.01439	0.02339	0.04858	0.02699	0.73910	0.03779	0.00720	0.00720	0.01080	0.00450	0.00450
9	0.02057	0.01876	0.02362	0.02852	0.30698	0.06854	0.01690	0.13442	0.21457	0.02952	0.01916	0.02053	0.01491	0.00804	0.00729	0.00223	0.00804	0.00692	0.00547	0.04500
10	0.01678	0.01713	0.02266	0.01947	0.01965	0.05469	0.01615	0.01841	0.01182	0.01788	0.00983	0.01611	0.00974	0.01274	0.02354	0.00319	0.69238	0.00642	0.00328	0.00814
11	0.00990	0.00724	0.00930	0.00948	0.01089	0.00664	0.00684	0.01258	0.01855	0.02556	0.43390	0.26461	0.12093	0.01798	0.00898	0.00256	0.00377	0.01598	0.00766	0.00664
12	0.01797	0.02013	0.03901	0.03178	0.13173	0.06194	0.50561	0.02349	0.01753	0.02331	0.01564	0.04694	0.01269	0.00705	0.00845	0.00244	0.01172	0.00867	0.00387	0.01002
13	0.01080	0.00720	0.00810	0.00810	0.00810	0.00720	0.00450	0.01080	0.01080	0.01439	0.02339	0.04858	0.02699	0.73910	0.03779	0.00720	0.00720	0.01080	0.00450	0.00450
14	0.02174	0.46641	0.06828	0.01533	0.02092	0.22827	0.01412	0.02429	0.01671	0.01801	0.01080	0.01273	0.00954	0.00706	0.00630	0.00180	0.04066	0.00440	0.00337	0.00927
15	0.01686	0.00900	0.01196	0.01042	0.01328	0.00809	0.00809	0.02019	0.02108	0.21606	0.50498	0.04704	0.05564	0.01351	0.00840	0.00232	0.00429	0.01176	0.00846	0.00857
16	0.01018	0.00726	0.00926	0.01047	0.01114	0.00700	0.00703	0.04369	0.01494	0.01993	0.03811	0.63378	0.04518	0.08954	0.01202	0.00337	0.00477	0.01941	0.00669	0.00622
17	0.01097	0.00844	0.01242	0.01222	0.01339	0.01003	0.00948	0.01342	0.01184	0.01713	0.01942	0.02933	0.01843	0.08758	0.63216	0.01114	0.06403	0.00801	0.00396	0.00662
18	0.02713	0.03441	0.02109	0.04979	0.02418	0.67904	0.01462	0.02918	0.02077	0.01820	0.01155	0.01367	0.00958	0.00764	0.00673	0.00194	0.01324	0.00486	0.00380	0.00859
19	0.53129	0.04290	0.01432	0.01138	0.01632	0.04523	0.00940	0.05966	0.01607	0.17154	0.01474	0.01517	0.01056	0.00749	0.00544	0.00225	0.00640	0.00491	0.00562	0.00932
20	0.02429	0.34476	0.02884	0.01632	0.02125	0.41227	0.01363	0.02640	0.01844	0.01786	0.01097	0.01274	0.00955	0.00708	0.00585	0.00177	0.01101	0.00443	0.00354	0.00901
21	0.01647	0.02170	0.14991	0.13460	0.06331	0.01845	0.38050	0.02247	0.01627	0.02253	0.01398	0.01888	0.01063	0.00714	0.00949	0.00252	0.07018	0.00760	0.00353	0.00982
22	0.01012	0.00757	0.00938	0.00893	0.01085	0.00684	0.00670	0.01325	0.02009	0.02758	0.55050	0.05906	0.20980	0.01599	0.00876	0.00237	0.00356	0.01393	0.00788	0.00684
23	0.00921	0.00754	0.00813	0.00798	0.01030	0.00645	0.00599	0.01150	0.01796	0.02252	0.23082	0.06739	0.53263	0.01788	0.00877	0.00246	0.00369	0.01510	0.00722	0.00645
24	0.01593	0.03567	0.61334	0.02170	0.03214	0.01710	0.08245	0.02409	0.01608	0.05308	0.01417	0.01647	0.00996	0.00708	0.00722	0.00236	0.01090	0.00586	0.00345	0.01096
25	0.00937	0.00754	0.00835	0.00815	0.01040	0.00652	0.00611	0.01182	0.01834	0.02342	0.28777	0.06591	0.47512	0.01755	0.00877	0.00245	0.00367	0.01489	0.00734	0.00652
26	0.02026	0.02120	0.02371	0.22035	0.05539	0.19837	0.05819	0.10395	0.01843	0.02252	0.01268	0.01703	0.01027	0.00885	0.01122	0.00247	0.17578	0.00625	0.00399	0.00910
27	0.03159	0.01419	0.01807	0.01391	0.01957	0.01333	0.01147	0.16744	0.02409	0.54276	0.04589	0.02458	0.01866	0.00930	0.00749	0.00228	0.00662	0.00747	0.00879	0.01247
28	0.01045	0.00710	0.00815	0.00840	0.00858	0.00698	0.00490	0.01072	0.01157	0.01531	0.02823	0.15131	0.05887	0.60179	0.03233	0.00637	0.00662	0.01254	0.00496	0.00480
29	0.17473	0.02048	0.02002	0.01581	0.02135	0.06536	0.01296	0.50346	0.02975	0.04238	0.01598	0.01644	0.01155	0.00844	0.00684	0.00222	0.00803	0.00605	0.00665	0.01149
30	0.01985	0.74357	0.03890	0.01270	0.01905	0.02937	0.01270	0.02223	0.01508	0.01747	0.01032	0.01191	0.00953	0.00635	0.00476	0.00159	0.00794	0.00397	0.00318	0.00953
31	0.01539	0.01319	0.01539	0.01100	0.01759	0.00990	0.00880	0.01869	0.01539	0.02419	0.01319	0.01539	0.01100	0.00550	0.00550	0.00110	0.00550	0.00440	0.00440	0.78449
32	0.02735	0.02870	0.03957	0.01806	0.02289	0.39842	0.01436	0.24484	0.05620	0.05695	0.01528	0.01610	0.01157	0.00823	0.00702	0.00207	0.01092	0.00572	0.00541	0.01034
33	0.01597	0.01546	0.02123	0.10493	0.02326	0.05295	0.04317	0.04813	0.01375	0.01949	0.01298	0.01947	0.01179	0.02047	0.16300	0.00482	0.39050	0.00683	0.00365	0.00814
34	0.01654	0.00880	0.01156	0.01065	0.01331	0.00789	0.00815	0.01922	0.01904	0.21571	0.27521	0.19928	0.10870	0.01581	0.00861	0.00253	0.00463	0.03804	0.00800	0.00831
35	0.01134	0.00774	0.01016	0.00952	0.01138	0.00712	0.00715	0.01474	0.02078	0.05519	0.64042	0.07837	0.06731	0.01523	0.00873	0.00236	0.00364	0.01347	0.00817	0.00719
36	0.01924	0.68218	0.06482	0.01301	0.01933	0.02799	0.01315	0.02189	0.01497	0.01770	0.01087	0.01283	0.00992	0.00856	0.03600	0.00208	0.00859	0.00421	0.00321	0.00946
37	0.00877	0.00752	0.00752	0.00752	0.01003	0.00627	0.00564	0.01065	0.01692	0.02005	0.07520	0.07144	0.68978	0.01880	0.00877	0.00251	0.00376	0.01567	0.00689	0.00627
38	0.02081	0.01718	0.01866	0.01683	0.04779	0.01953	0.01277	0.19013	0.49705	0.03456	0.02657	0.02494	0.01980	0.00965	0.00751	0.00244	0.00655	0.00791	0.00736	0.01196
39	0.01700	0.17345	0.41741	0.02306	0.11116	0.04871	0.06393	0.02344	0.01605	0.02221	0.01284	0.01545	0.00984	0.00684	0.00673	0.00217	0.01031	0.00550	0.00328	0.01062

[dist]
# distance from previous block
# <min> <max>
0	1

[block]
# block no. 2 follows, 27 sequences, length 79
# corresponding to MSA columns:
# 241-319
name=unknown_C
#
# <colnr> <probs for GDERKNQSTAVLIFYWHMCP>
#	G	D	E	R	K	N	Q	S	T	A	V	L	I	F	Y	W	H	M	C	P
0	0.02216	0.52543	0.03366	0.01526	0.04219	0.16653	0.01336	0.04637	0.01725	0.04238	0.01159	0.01309	0.01002	0.00681	0.00543	0.00172	0.00903	0.00444	0.00368	0.00963
1	0.01585	0.01036	0.01307	0.01137	0.01468	0.00988	0.03349	0.02180	0.12862	0.15063	0.26983	0.04816	0.21445	0.01384	0.00832	0.00241	0.00483	0.01191	0.00775	0.00875
2	0.05086	0.35673	0.34472	0.01668	0.02509	0.02294	0.01940	0.04765	0.01602	0.02208	0.01201	0.01389	0.00953	0.00680	0.00592	0.00200	0.00926	0.00478	0.00338	0.01025
3	0.01126	0.00980	0.01326	0.01180	0.01465	0.00923	0.08062	0.01613	0.09697	0.02334	0.16550	0.14891	0.33727	0.01633	0.00872	0.00255	0.00502	0.01438	0.00684	0.00744
4	0.02155	0.49158	0.03223	0.01432	0.01999	0.13137	0.01295	0.07673	0.09648	0.02152	0.01346	0.01448	0.01134	0.00719	0.00560	0.00180	0.00854	0.00483	0.00413	0.00990
5	0.01025	0.00758	0.00957	0.00907	0.01093	0.00690	0.00680	0.01351	0.02041	0.02834	0.59836	0.05781	0.16146	0.01571	0.00876	0.00236	0.00354	0.01376	0.00798	0.00690
6	0.01823	0.05579	0.10943	0.02931	0.23816	0.01884	0.17550	0.05194	0.17470	0.02620	0.01797	0.02033	0.01387	0.00748	0.00758	0.00234	0.00920	0.00730	0.00467	0.01117
7	0.01080	0.00720	0.00810	0.00810	0.00810	0.00720	0.00450	0.01080	0.01080	0.01439	0.02339	0.04858	0.02699	0.73910	0.03779	0.00720	0.00720	0.01080	0.00450	0.00450
8	0.01846	0.01595	0.01679	0.01511	0.01930	0.01846	0.01175	0.03945	0.67938	0.03105	0.03022	0.02770	0.02266	0.01007	0.00755	0.00252	0.00588	0.00839	0.00755	0.01175
9	0.01061	0.00795	0.01193	0.01193	0.01326	0.00928	0.00928	0.01326	0.01193	0.01723	0.01988	0.02916	0.01856	0.05568	0.70968	0.01193	0.01988	0.00795	0.00398	0.00663
10	0.02782	0.02222	0.02195	0.01723	0.02288	0.09806	0.01405	0.57562	0.05642	0.04309	0.01757	0.01769	0.01265	0.00881	0.00735	0.00220	0.00866	0.00654	0.00704	0.01215
11	0.01139	0.00784	0.00987	0.00921	0.01131	0.00708	0.00696	0.01456	0.02027	0.06327	0.54132	0.05680	0.18117	0.01553	0.00869	0.00236	0.00370	0.01352	0.00799	0.00717
12	0.01692	0.01391	0.01551	0.09195	0.03953	0.05346	0.01107	0.18722	0.06627	0.02751	0.07875	0.13616	0.10442	0.10960	0.01199	0.00307	0.00696	0.01090	0.00619	0.00861
13	0.01289	0.00645	0.00967	0.00967	0.00967	0.00645	0.00645	0.00967	0.00967	0.01289	0.01289	0.02257	0.01289	0.02579	0.02901	0.78401	0.00645	0.00645	0.00322	0.00322
14	0.02707	0.03290	0.02154	0.01998	0.04859	0.60431	0.01470	0.08317	0.02177	0.02082	0.01206	0.01404	0.00991	0.00787	0.00730	0.00199	0.03373	0.00506	0.00411	0.00905
15	0.01968	0.02308	0.30829	0.01623	0.02332	0.01348	0.01735	0.04654	0.04599	0.21179	0.02319	0.13745	0.01921	0.01043	0.00752	0.00238	0.00798	0.00872	0.00584	0.05155
16	0.01904	0.01623	0.01711	0.01522	0.01952	0.01873	0.01189	0.07652	0.64137	0.03198	0.02948	0.02711	0.02207	0.01000	0.00755	0.00250	0.00601	0.00829	0.00755	0.01180
17	0.02705	0.01981	0.04524	0.01844	0.06841	0.02056	0.01448	0.50823	0.03065	0.11611	0.01887	0.01967	0.01359	0.03375	0.00845	0.00241	0.00807	0.00687	0.00712	0.01223
18	0.01679	0.01588	0.12581	0.01265	0.01733	0.03957	0.01162	0.02275	0.10984	0.15341	0.10070	0.06641	0.25059	0.01318	0.00801	0.00242	0.00613	0.01094	0.00679	0.00918
19	0.05728	0.03840	0.02356	0.20757	0.06975	0.01488	0.13576	0.04234	0.01664	0.05241	0.04387	0.07037	0.01608	0.00825	0.00723	0.00215	0.00824	0.00766	0.00455	0.17299
20	0.01420	0.00999	0.01146	0.01043	0.01180	0.01062	0.00710	0.14074	0.01572	0.02120	0.02178	0.03966	0.02291	0.49443	0.13081	0.00691	0.00926	0.00957	0.00500	0.00641
21	0.06860	0.05785	0.34865	0.05933	0.17284	0.01729	0.06041	0.02413	0.01629	0.08514	0.01468	0.01719	0.01078	0.00708	0.00701	0.00229	0.00965	0.00600	0.00394	0.01085
22	0.02373	0.07940	0.05691	0.01758	0.02207	0.41887	0.01415	0.03173	0.21685	0.02225	0.01709	0.01768	0.01346	0.00825	0.00683	0.00209	0.01064	0.00584	0.00486	0.00973
23	0.01402	0.01319	0.02227	0.72126	0.05113	0.01649	0.02062	0.01897	0.01484	0.01897	0.01319	0.01979	0.00990	0.00742	0.00742	0.00247	0.00990	0.00660	0.00330	0.00825
24	0.01173	0.00847	0.01163	0.01321	0.01498	0.00838	0.01149	0.01503	0.01708	0.02206	0.04197	0.08283	0.09082	0.02038	0.01014	0.00335	0.00661	0.59621	0.00684	0.00679
25	0.05023	0.26108	0.07878	0.05562	0.02257	0.17876	0.01407	0.06021	0.01878	0.14585	0.03800	0.01725	0.01335	0.00774	0.00631	0.00199	0.00903	0.00554	0.00488	0.00995
26	0.01620	0.01542	0.02620	0.38337	0.37201	0.01707	0.02170	0.02088	0.01587	0.02161	0.01358	0.01908	0.01083	0.00702	0.00739	0.00234	0.00936	0.00661	0.00349	0.01000
27	0.01061	0.00795	0.01193	0.01193	0.01326	0.00928	0.00928	0.01326	0.01193	0.01723	0.01988	0.02916	0.01856	0.05568	0.70968	0.01193	0.01988	0.00795	0.00398	0.00663
28	0.02671	0.01981	0.02129	0.01664	0.02220	0.02192	0.01362	0.59889	0.07191	0.04450	0.01968	0.05335	0.01500	0.00968	0.00753	0.00228	0.00785	0.00749	0.00741	0.01225
29	0.01536	0.01381	0.02399	0.55383	0.08474	0.01610	0.08084	0.02015	0.01551	0.05285	0.01528	0.04777	0.01207	0.00797	0.00763	0.00247	0.00969	0.00741	0.00379	0.00875
30	0.03243	0.01283	0.01720	0.01332	0.01897	0.01136	0.01096	0.03637	0.06007	0.65860	0.02934	0.02541	0.01863	0.00924	0.00747	0.00231	0.00629	0.00752	0.00909	0.01258
31	0.02808	0.01937	0.02123	0.01641	0.02213	0.02107	0.01350	0.57451	0.03265	0.11754	0.01993	0.04467	0.01458	0.00946	0.00751	0.00226	0.00782	0.00729	0.00760	0.01239
32	0.09975	0.01044	0.01197	0.01159	0.01386	0.01072	0.00850	0.13359	0.01815	0.07621	0.03151	0.43322	0.03443	0.05794	0.01001	0.00297	0.00548	0.01501	0.00678	0.00786
33	0.01300	0.01174	0.01457	0.04277	0.06426	0.06223	0.01115	0.01499	0.01486	0.01976	0.06727	0.35502	0.03448	0.04520	0.01296	0.00305	0.14252	0.05742	0.00559	0.00717
34	0.01701	0.01415	0.01626	0.01176	0.01828	0.01155	0.00947	0.10061	0.01786	0.02704	0.01378	0.01570	0.01120	0.00593	0.00574	0.00124	0.00583	0.00469	0.00478	0.68711
35	0.01261	0.00912	0.01056	0.00962	0.01248	0.00836	0.00736	0.01724	0.08723	0.07448	0.30014	0.05418	0.29417	0.01504	0.00836	0.00235	0.00417	0.01281	0.00748	0.05226
36	0.01904	0.01841	0.01960	0.05822	0.02130	0.14443	0.03474	0.14665	0.01945	0.02496	0.05786	0.08029	0.05743	0.01317	0.03631	0.00284	0.19644	0.00840	0.00505	0.03538
37	0.01589	0.01660	0.03251	0.17814	0.10634	0.01714	0.34155	0.02086	0.01600	0.02179	0.01622	0.07161	0.01394	0.01014	0.03649	0.00292	0.05997	0.00878	0.00385	0.00927
38	0.01748	0.01874	0.03790	0.09374	0.23526	0.01824	0.41927	0.02308	0.01711	0.02352	0.01455	0.01951	0.01130	0.00646	0.00823	0.00241	0.01119	0.00794	0.00369	0.01039
39	0.00957	0.00788	0.00846	0.00837	0.01071	0.00698	0.00625	0.01263	0.04980	0.02224	0.17941	0.10454	0.51103	0.01799	0.00875	0.00251	0.00385	0.01523	0.00715	0.00665
40	0.01616	0.01612	0.02272	0.04646	0.02071	0.02250	0.01641	0.01791	0.01150	0.01791	0.00988	0.01638	0.00975	0.01278	0.02371	0.00322	0.69802	0.00650	0.00325	0.00813
41	0.01248	0.00657	0.00955	0.00961	0.00967	0.00660	0.00636	0.00992	0.01001	0.01339	0.01510	0.04917	0.01568	0.09715	0.05148	0.65589	0.00689	0.00742	0.00350	0.00355
42	0.01069	0.00715	0.00813	0.00823	0.00825	0.00713	0.00464	0.01077	0.01100	0.01466	0.02442	0.08902	0.02829	0.69688	0.03612	0.00695	0.00703	0.01140	0.00464	0.00459
43	0.02822	0.02079	0.02228	0.01708	0.02302	0.02302	0.01411	0.66804	0.03490	0.04679	0.01782	0.01782	0.01262	0.00891	0.00743	0.00223	0.00817	0.00668	0.00743	0.01262
44	0.01034	0.00724	0.00816	0.00821	0.00878	0.00697	0.00500	0.01098	0.01275	0.01671	0.08177	0.08913	0.14271	0.52722	0.02929	0.00583	0.00620	0.01235	0.00530	0.00506
45	0.00920	0.00735	0.00816	0.00833	0.01028	0.00639	0.00606	0.01122	0.01702	0.02146	0.17933	0.17715	0.45068	0.04159	0.00980	0.00271	0.00391	0.01600	0.00705	0.00631
46	0.02773	0.03538	0.02104	0.01913	0.02295	0.70930	0.01434	0.02964	0.02104	0.01817	0.01148	0.01339	0.00956	0.00765	0.00669	0.00191	0.01339	0.00478	0.00383	0.00861
47	0.02822	0.02079	0.02228	0.01708	0.02302	0.02302	0.01411	0.66804	0.03490	0.04679	0.01782	0.01782	0.01262	0.00891	0.00743	0.00223	0.00817	0.00668	0.00743	0.01262
48	0.00960	0.00796	0.00836	0.00819	0.01059	0.00705	0.00611	0.01264	0.05223	0.02175	0.15514	0.06606	0.54395	0.04552	0.00982	0.00266	0.00397	0.01479	0.00701	0.00659
49	0.01281	0.00929	0.01127	0.01032	0.01265	0.00915	0.00781	0.04299	0.10390	0.05041	0.49188	0.05035	0.10035	0.04228	0.00963	0.00255	0.00423	0.01239	0.00787	0.00785
50	0.00954	0.00788	0.00833	0.00816	0.01054	0.00694	0.00609	0.01244	0.04573	0.02195	0.17285	0.06620	0.53781	0.04088	0.00965	0.00263	0.00392	0.01483	0.00706	0.00657
51	0.01291	0.00976	0.01069	0.00982	0.01272	0.00931	0.00753	0.08708	0.06817	0.05181	0.16926	0.09271	0.39769	0.01630	0.00852	0.00247	0.00449	0.01372	0.00731	0.00774
52	0.00996	0.00734	0.00934	0.00952	0.01104	0.00672	0.00700	0.01267	0.01856	0.02536	0.41193	0.22965	0.15065	0.01795	0.00900	0.00258	0.00388	0.04259	0.00761	0.00665
53	0.00919	0.00656	0.00878	0.01050	0.01099	0.00615	0.00714	0.01058	0.01435	0.01911	0.04084	0.70253	0.04879	0.02312	0.00951	0.00303	0.00443	0.05143	0.00689	0.00607
54	0.01019	0.00732	0.00944	0.01069	0.01148	0.00704	0.00731	0.04822	0.01562	0.02090	0.06078	0.67093	0.04769	0.02217	0.00933	0.00295	0.00450	0.02003	0.00696	0.00644
55	0.01239	0.00925	0.01184	0.01256	0.01465	0.00931	0.01050	0.03638	0.07580	0.02439	0.12798	0.09712	0.11038	0.01847	0.00955	0.00305	0.00594	0.39596	0.00710	0.00737
56	0.65102	0.01428	0.01204	0.01053	0.01523	0.01614	0.00863	0.02470	0.06165	0.10747	0.01389	0.01466	0.01025	0.00738	0.00513	0.00231	0.00582	0.00472	0.00532	0.00882
57	0.00937	0.00660	0.00852	0.00992	0.01028	0.00624	0.00645	0.01042	0.01358	0.01811	0.03769	0.60815	0.04503	0.15491	0.01468	0.00378	0.00484	0.01921	0.00645	0.00575
58	0.00929	0.00660	0.00850	0.00992	0.01036	0.00621	0.00650	0.01041	0.01380	0.01832	0.03945	0.61381	0.06599	0.12715	0.01357	0.00361	0.00471	0.01944	0.00654	0.00581
59	0.02417	0.01358	0.01608	0.01320	0.01779	0.01362	0.01055	0.13468	0.16599	0.30105	0.08675	0.03244	0.08946	0.03521	0.00873	0.00252	0.00607	0.00896	0.00808	0.01107
60	0.05633	0.00782	0.00977	0.01049	0.01172	0.00771	0.00763	0.01349	0.03761	0.02261	0.18710	0.35379	0.04702	0.06614	0.01165	0.03348	0.00486	0.09755	0.00677	0.00646
61	0.01265	0.00926	0.01114	0.01143	0.01311	0.00926	0.00828	0.13150	0.01836	0.02428	0.03974	0.51973	0.10062	0.02012	0.00906	0.00284	0.00505	0.03926	0.00699	0.00729
62	0.01074	0.00755	0.00947	0.00987	0.01063	0.00765	0.00692	0.01209	0.01302	0.01736	0.04957	0.09398	0.07196	0.38914	0.13642	0.00658	0.00868	0.12756	0.00524	0.00554
63	0.01237	0.00892	0.01200	0.01319	0.01497	0.00908	0.01116	0.01681	0.07203	0.02278	0.07736	0.09462	0.04124	0.01970	0.01099	0.04808	0.00645	0.49448	0.00677	0.00702
64	0.01460	0.01406	0.02550	0.55351	0.04648	0.01634	0.13847	0.01932	0.01504	0.01950	0.01351	0.01999	0.01032	0.00826	0.00891	0.04735	0.01018	0.00699	0.00338	0.00828
65	0.01575	0.01576	0.02240	0.38429	0.03614	0.05891	0.01841	0.01911	0.01373	0.01846	0.01164	0.01792	0.00981	0.00979	0.01454	0.00277	0.31261	0.00645	0.00331	0.00821
66	0.00903	0.00652	0.00855	0.01018	0.01073	0.00604	0.00682	0.01036	0.01437	0.01901	0.04288	0.69621	0.08588	0.02300	0.00944	0.00299	0.00428	0.02079	0.00689	0.00604
67	0.01740	0.01665	0.02838	0.19630	0.54965	0.01738	0.02230	0.02193	0.01644	0.02307	0.01379	0.01869	0.01134	0.00679	0.00737	0.00226	0.00906	0.00661	0.00359	0.01098
68	0.02706	0.03248	0.02067	0.01842	0.02246	0.59615	0.01398	0.10901	0.02262	0.02183	0.01472	0.01618	0.03611	0.00824	0.00687	0.00197	0.01236	0.00544	0.00439	0.00902
69	0.01903	0.62725	0.14806	0.01410	0.02121	0.02737	0.01513	0.02244	0.01518	0.01846	0.01082	0.01253	0.00951	0.00647	0.00514	0.00171	0.00844	0.00422	0.00317	0.00977
70	0.00922	0.00658	0.00881	0.01053	0.01104	0.00618	0.00719	0.01063	0.01438	0.01914	0.04082	0.69589	0.04872	0.02310	0.00952	0.00304	0.00446	0.05777	0.00689	0.00608
71	0.01505	0.01418	0.02358	0.56034	0.17512	0.01680	0.02068	0.02055	0.04252	0.02050	0.01404	0.01984	0.01078	0.00737	0.00741	0.00242	0.00952	0.00667	0.00355	0.00908
72	0.01963	0.01788	0.02840	0.08970	0.47066	0.01854	0.05467	0.12970	0.04808	0.02784	0.01529	0.01888	0.01220	0.00718	0.00745	0.00226	0.00886	0.00681	0.00444	0.01154
73	0.01586	0.01014	0.01237	0.01176	0.01340	0.01046	0.00858	0.08024	0.01581	0.02340	0.02119	0.03009	0.01913	0.08797	0.23445	0.18782	0.01083	0.00804	0.19102	0.00743
74	0.02728	0.01928	0.02093	0.01624	0.02182	0.02110	0.01334	0.58302	0.03264	0.08346	0.01962	0.04645	0.01460	0.00948	0.00743	0.00225	0.00775	0.00730	0.03386	0.01217
75	0.12288	0.08619	0.01919	0.01461	0.01915	0.22479	0.01172	0.17767	0.05020	0.06389	0.02192	0.02227	0.08544	0.00917	0.00667	0.00211	0.00853	0.00663	0.03736	0.00959
76	0.66368	0.03557	0.01236	0.01019	0.01486	0.01611	0.00844	0.02305	0.01388	0.10140	0.03543	0.01490	0.01127	0.00740	0.00504	0.00228	0.00579	0.00470	0.00515	0.00852
77	0.02035	0.62544	0.07923	0.01391	0.02029	0.09886	0.01381	0.02308	0.01574	0.01792	0.01063	0.01230	0.00952	0.00653	0.00511	0.00167	0.00870	0.00415	0.00324	0.00952
