[name]
unknown

[dist]
# distance from previous block
# <min> <max>
1	13

[block]
# block no. 0 follows, 26 sequences, length 24
# corresponding to MSA columns:
# 14-37
name=unknown_A
#
# <colnr> <probs for GDERKNQSTAVLIFYWHMCP>
#	G	D	E	R	K	N	Q	S	T	A	V	L	I	F	Y	W	H	M	C	P
0	0.08995	0.05636	0.09978	0.01691	0.02349	0.02220	0.01523	0.48438	0.02993	0.04179	0.01653	0.01710	0.01193	0.00848	0.00711	0.00223	0.00838	0.00626	0.00654	0.03541
1	0.01646	0.07418	0.01771	0.03809	0.01900	0.01282	0.00990	0.07643	0.01766	0.02554	0.02097	0.02243	0.08867	0.00765	0.00619	0.00149	0.00604	0.00608	0.00492	0.52779
2	0.05396	0.10312	0.02380	0.01631	0.02236	0.02326	0.01370	0.51514	0.05113	0.04228	0.01722	0.01750	0.01260	0.00860	0.00708	0.00216	0.00803	0.00636	0.00684	0.04853
3	0.01104	0.00804	0.01139	0.01159	0.01272	0.00896	0.00880	0.01328	0.01256	0.01760	0.02334	0.04028	0.02357	0.19099	0.48765	0.01020	0.01613	0.08100	0.00451	0.00635
4	0.01063	0.00735	0.00835	0.00846	0.00888	0.00714	0.00506	0.01115	0.01259	0.01659	0.06646	0.10759	0.10731	0.55552	0.03127	0.00619	0.00651	0.01260	0.00528	0.00507
5	0.01970	0.65744	0.11519	0.01397	0.02101	0.02858	0.01471	0.02286	0.01548	0.01856	0.01090	0.01261	0.00972	0.00657	0.00514	0.00171	0.00847	0.00423	0.00324	0.00990
6	0.01573	0.01348	0.01573	0.01123	0.01798	0.01011	0.00899	0.01910	0.01573	0.02472	0.01348	0.01573	0.01123	0.00562	0.00562	0.00112	0.00562	0.00449	0.00449	0.77980
7	0.01587	0.03245	0.47578	0.05659	0.03464	0.01824	0.17376	0.02356	0.01618	0.02356	0.01381	0.01728	0.01009	0.00736	0.00857	0.00249	0.04920	0.00649	0.00336	0.01070
8	0.02192	0.44571	0.06010	0.01461	0.02029	0.18092	0.01343	0.02464	0.01769	0.05785	0.06691	0.01709	0.01530	0.00773	0.00591	0.00184	0.00906	0.00531	0.00416	0.00955
9	0.01033	0.06132	0.01156	0.01079	0.01191	0.00866	0.00773	0.01181	0.01479	0.01933	0.04222	0.57067	0.11848	0.02153	0.00987	0.00292	0.03392	0.01901	0.00661	0.00654
10	0.02646	0.01843	0.02016	0.01598	0.02128	0.02013	0.01291	0.43783	0.13786	0.11688	0.02208	0.02309	0.01637	0.06299	0.00991	0.00271	0.00767	0.00752	0.00760	0.01214
11	0.01759	0.01222	0.01386	0.01205	0.01566	0.01241	0.00944	0.13336	0.14274	0.10700	0.20543	0.06772	0.19149	0.01389	0.00836	0.00246	0.00528	0.01168	0.00786	0.00950
12	0.01432	0.01348	0.02275	0.71520	0.05224	0.01685	0.02107	0.01938	0.01517	0.01938	0.01348	0.02022	0.01011	0.00758	0.00758	0.00253	0.01011	0.00674	0.00337	0.00843
13	0.01614	0.13472	0.54886	0.02129	0.03154	0.01947	0.07873	0.02386	0.01609	0.02319	0.01333	0.01585	0.00979	0.00704	0.00703	0.00231	0.01091	0.00567	0.00326	0.01092
14	0.01704	0.01788	0.03524	0.23555	0.18519	0.01824	0.33219	0.02263	0.01696	0.02296	0.01456	0.02002	0.01121	0.00682	0.00823	0.00248	0.01117	0.00782	0.00368	0.01009
15	0.01100	0.00748	0.00890	0.00890	0.00912	0.00769	0.00538	0.01143	0.01122	0.01517	0.02333	0.04646	0.02620	0.62522	0.14494	0.00813	0.00943	0.01057	0.00451	0.00494
16	0.01432	0.01348	0.02275	0.71520	0.05224	0.01685	0.02107	0.01938	0.01517	0.01938	0.01348	0.02022	0.01011	0.00758	0.00758	0.00253	0.01011	0.00674	0.00337	0.00843
17	0.01432	0.01348	0.02275	0.71520	0.05224	0.01685	0.02107	0.01938	0.01517	0.01938	0.01348	0.02022	0.01011	0.00758	0.00758	0.00253	0.01011	0.00674	0.00337	0.00843
18	0.01084	0.00813	0.01219	0.01219	0.01354	0.00948	0.00948	0.01354	0.01219	0.01761	0.02032	0.02980	0.01896	0.05689	0.70337	0.01219	0.02032	0.00813	0.00406	0.00677
19	0.65624	0.01447	0.01311	0.12933	0.02103	0.01699	0.01039	0.02180	0.01329	0.03155	0.01106	0.01366	0.00854	0.00713	0.00518	0.00238	0.00659	0.00455	0.00447	0.00825
20	0.01798	0.01675	0.02822	0.11146	0.57164	0.01709	0.02172	0.02247	0.01696	0.02449	0.01496	0.01962	0.01237	0.00700	0.00735	0.00224	0.00872	0.00678	0.06089	0.01128
21	0.05161	0.01354	0.02219	0.68117	0.05043	0.01686	0.02044	0.01952	0.01506	0.02009	0.01334	0.01984	0.01002	0.00756	0.00744	0.00252	0.00991	0.00661	0.00343	0.00842
22	0.01848	0.01729	0.02392	0.02080	0.07126	0.04205	0.08667	0.11303	0.01738	0.02482	0.01413	0.03932	0.01251	0.01205	0.04279	0.00294	0.28981	0.00703	0.00439	0.13933
23	0.02435	0.01813	0.02034	0.06790	0.02345	0.02000	0.01361	0.49884	0.03064	0.04104	0.04232	0.12221	0.01994	0.01131	0.00793	0.00241	0.00776	0.00917	0.00722	0.01141

[dist]
# distance from previous block
# <min> <max>
8	32

[block]
# block no. 1 follows, 26 sequences, length 19
# corresponding to MSA columns:
# 71-89
name=unknown_B
#
# <colnr> <probs for GDERKNQSTAVLIFYWHMCP>
#	G	D	E	R	K	N	Q	S	T	A	V	L	I	F	Y	W	H	M	C	P
0	0.02033	0.01659	0.01781	0.01524	0.01990	0.01841	0.01200	0.18382	0.42358	0.03415	0.02716	0.07138	0.02153	0.01052	0.00764	0.00242	0.00642	0.00869	0.00738	0.07501
1	0.02833	0.03615	0.02149	0.01954	0.02345	0.70298	0.01466	0.03029	0.02149	0.01856	0.01172	0.01368	0.00977	0.00782	0.00684	0.00195	0.01368	0.00489	0.00391	0.00879
2	0.13305	0.01462	0.01695	0.01380	0.01910	0.01485	0.01120	0.07815	0.19515	0.38135	0.02672	0.02411	0.01810	0.00929	0.00725	0.00240	0.00638	0.00734	0.00818	0.01202
3	0.03403	0.01291	0.01760	0.01350	0.01936	0.01115	0.01115	0.03697	0.02171	0.69137	0.02992	0.02582	0.01878	0.00939	0.00763	0.00235	0.00645	0.00763	0.00939	0.01291
4	0.00924	0.00660	0.00880	0.01056	0.01100	0.00616	0.00704	0.01056	0.01452	0.01936	0.04181	0.72848	0.05017	0.02376	0.00968	0.00308	0.00440	0.02156	0.00704	0.00616
5	0.00984	0.00708	0.00890	0.00976	0.01051	0.00675	0.00653	0.01122	0.01450	0.01931	0.09646	0.40309	0.11318	0.18224	0.06071	0.00450	0.00595	0.01707	0.00642	0.00597
6	0.00963	0.00697	0.00920	0.01083	0.01160	0.00653	0.00767	0.01129	0.01511	0.01990	0.04396	0.59573	0.09219	0.02307	0.00974	0.00310	0.00472	0.10545	0.00703	0.00629
7	0.01558	0.08939	0.64716	0.02100	0.03187	0.01851	0.02694	0.02393	0.01597	0.02358	0.01339	0.01574	0.00962	0.00715	0.00704	0.00235	0.01099	0.00549	0.00321	0.01110
8	0.02576	0.13788	0.02326	0.01764	0.02191	0.52925	0.01376	0.04979	0.02078	0.01962	0.01645	0.01787	0.05820	0.00848	0.00672	0.00196	0.01196	0.00563	0.00416	0.00890
9	0.00917	0.00765	0.00774	0.00774	0.01005	0.00650	0.00565	0.01090	0.01667	0.01992	0.07158	0.07068	0.61797	0.09011	0.01191	0.00304	0.00419	0.01551	0.00680	0.00622
10	0.01869	0.01826	0.03217	0.04511	0.62194	0.01814	0.08635	0.02338	0.01733	0.02473	0.01437	0.01894	0.01196	0.00672	0.00765	0.00228	0.00939	0.00698	0.00376	0.01184
11	0.01682	0.02364	0.18896	0.02869	0.07707	0.01835	0.39956	0.02309	0.01686	0.02363	0.01588	0.05493	0.01297	0.00792	0.00952	0.00258	0.05694	0.00854	0.00382	0.01024
12	0.01521	0.03923	0.69413	0.02162	0.03283	0.01762	0.02802	0.02402	0.01601	0.02402	0.01361	0.01601	0.00961	0.00721	0.00721	0.00240	0.01121	0.00560	0.00320	0.01121
13	0.01846	0.00939	0.01247	0.01088	0.01388	0.00844	0.00838	0.02152	0.02064	0.25077	0.39245	0.09158	0.05057	0.04392	0.00979	0.00263	0.00476	0.01209	0.00845	0.00891
14	0.04892	0.25486	0.34682	0.02061	0.09208	0.02196	0.02105	0.06917	0.01724	0.02426	0.01292	0.01509	0.01007	0.00707	0.00643	0.00213	0.00960	0.00526	0.00364	0.01083
15	0.12330	0.02136	0.02083	0.01675	0.02192	0.09365	0.01364	0.43277	0.07045	0.04006	0.01684	0.01753	0.01244	0.00905	0.00827	0.00234	0.05432	0.00638	0.00657	0.01152
16	0.01184	0.00881	0.00982	0.00965	0.01111	0.00876	0.00655	0.05478	0.05714	0.02029	0.04072	0.15940	0.20321	0.31793	0.04281	0.00492	0.00634	0.01350	0.00601	0.00640
17	0.01831	0.49067	0.06627	0.01386	0.01930	0.02497	0.01337	0.02114	0.01557	0.01990	0.07748	0.01758	0.01599	0.00824	0.00802	0.00192	0.09951	0.00545	0.00384	0.05859
18	0.15160	0.01364	0.01599	0.01320	0.01820	0.01373	0.01068	0.03306	0.16881	0.36227	0.02576	0.02417	0.01784	0.01261	0.05854	0.00309	0.00725	0.00721	0.00769	0.03466

[dist]
# distance from previous block
# <min> <max>
25	43

[block]
# block no. 2 follows, 26 sequences, length 11
# corresponding to MSA columns:
# 133-143
name=unknown_C
#
# <colnr> <probs for GDERKNQSTAVLIFYWHMCP>
#	G	D	E	R	K	N	Q	S	T	A	V	L	I	F	Y	W	H	M	C	P
0	0.01517	0.01632	0.07579	0.01936	0.02230	0.01696	0.13719	0.04672	0.01523	0.02186	0.05047	0.12886	0.02057	0.01840	0.10067	0.00407	0.26723	0.00980	0.00450	0.00853
1	0.02830	0.02011	0.02191	0.01674	0.02284	0.02171	0.01381	0.57192	0.03329	0.09203	0.01872	0.01858	0.01320	0.00888	0.00745	0.00220	0.00802	0.00672	0.00750	0.06605
2	0.00920	0.00675	0.00864	0.01015	0.01089	0.00620	0.00686	0.01061	0.01492	0.01952	0.04679	0.63531	0.14012	0.02312	0.00958	0.00301	0.00432	0.02077	0.00704	0.00620
3	0.01816	0.01728	0.02884	0.13833	0.55722	0.01791	0.02229	0.02376	0.05642	0.02444	0.01516	0.01955	0.01242	0.00709	0.00753	0.00231	0.00898	0.00687	0.00394	0.01151
4	0.02550	0.01267	0.01578	0.01323	0.01778	0.01217	0.01050	0.05789	0.15126	0.39021	0.03458	0.12956	0.06993	0.01229	0.00803	0.00251	0.00597	0.01035	0.00848	0.01131
5	0.01366	0.00702	0.00724	0.00741	0.00905	0.00698	0.00547	0.01698	0.01577	0.02741	0.02641	0.09684	0.02245	0.01030	0.00573	0.00190	0.00362	0.00849	0.70029	0.00698
6	0.01877	0.01802	0.03079	0.04656	0.68612	0.01802	0.02328	0.02328	0.01727	0.02478	0.01427	0.01877	0.01201	0.00676	0.00751	0.00225	0.00901	0.00676	0.00375	0.01201
7	0.01430	0.01854	0.15477	0.01734	0.02239	0.01478	0.12092	0.02165	0.12752	0.02379	0.05827	0.06075	0.20736	0.01253	0.01020	0.00263	0.08704	0.01056	0.00549	0.00918
8	0.01521	0.03923	0.69413	0.02162	0.03283	0.01762	0.02802	0.02402	0.01601	0.02402	0.01361	0.01601	0.00961	0.00721	0.00721	0.00240	0.01121	0.00560	0.00320	0.01121
9	0.08407	0.26110	0.18469	0.01675	0.02248	0.10947	0.01677	0.02271	0.01530	0.02082	0.01182	0.01495	0.01009	0.01063	0.04499	0.00274	0.13251	0.00518	0.00350	0.00943
10	0.01968	0.65587	0.11665	0.01399	0.02104	0.02856	0.01475	0.02287	0.01548	0.01857	0.01091	0.01262	0.00972	0.00657	0.00514	0.00171	0.00848	0.00424	0.00324	0.00991

[dist]
# distance from previous block
# <min> <max>
0	1

[block]
# block no. 3 follows, 26 sequences, length 50
# corresponding to MSA columns:
# 145-194
name=unknown_D
#
# <colnr> <probs for GDERKNQSTAVLIFYWHMCP>
#	G	D	E	R	K	N	Q	S	T	A	V	L	I	F	Y	W	H	M	C	P
0	0.01405	0.01018	0.01223	0.01208	0.01391	0.01046	0.00875	0.16334	0.01955	0.02626	0.06455	0.47267	0.04022	0.05532	0.03555	0.00339	0.00600	0.01675	0.00701	0.00773
1	0.11645	0.01578	0.02158	0.01673	0.02251	0.01570	0.11871	0.08528	0.15015	0.27770	0.02343	0.02258	0.01624	0.00854	0.00739	0.00235	0.00746	0.00737	0.00713	0.05691
2	0.01920	0.53781	0.13526	0.01457	0.02123	0.06245	0.01506	0.02259	0.01557	0.01880	0.01184	0.01421	0.01044	0.01063	0.06024	0.00259	0.00984	0.00465	0.00334	0.00967
3	0.11896	0.06644	0.02190	0.01610	0.02184	0.07708	0.01332	0.43811	0.02929	0.09878	0.01732	0.01743	0.01241	0.00861	0.00701	0.00222	0.00830	0.00624	0.00683	0.01181
4	0.67036	0.01440	0.01215	0.01052	0.01540	0.01611	0.00867	0.02457	0.01427	0.13586	0.01356	0.01441	0.00985	0.00740	0.00515	0.00235	0.00596	0.00465	0.00542	0.00894
5	0.01864	0.51192	0.25147	0.01577	0.02379	0.02600	0.01785	0.02314	0.01561	0.01984	0.01154	0.01341	0.00969	0.00672	0.00562	0.00187	0.00911	0.00456	0.00323	0.01021
6	0.02345	0.01646	0.01817	0.01540	0.02029	0.01815	0.01224	0.14278	0.44083	0.16189	0.02858	0.02614	0.02060	0.00992	0.00768	0.00248	0.00648	0.00810	0.00802	0.01233
7	0.01632	0.01386	0.01488	0.01377	0.01744	0.01544	0.01076	0.03226	0.48056	0.02919	0.07682	0.04144	0.13068	0.01283	0.00820	0.00263	0.00560	0.05929	0.00759	0.01045
8	0.01102	0.00739	0.00848	0.00848	0.00855	0.00747	0.00486	0.01116	0.01109	0.01486	0.02371	0.04858	0.02712	0.69732	0.07409	0.00761	0.00805	0.01088	0.00457	0.00471
9	0.10094	0.04307	0.01858	0.01437	0.01978	0.08518	0.01167	0.10462	0.12235	0.32175	0.02338	0.02173	0.01609	0.00878	0.00706	0.00224	0.00729	0.00676	0.00741	0.05697
10	0.01198	0.00857	0.01051	0.01114	0.01224	0.00853	0.00766	0.09364	0.01676	0.02238	0.03643	0.54820	0.04243	0.11556	0.01323	0.00354	0.00529	0.01829	0.00679	0.00681
11	0.01103	0.00735	0.00827	0.00827	0.00827	0.00735	0.00460	0.01103	0.01103	0.01471	0.02390	0.04964	0.02758	0.73343	0.03861	0.00735	0.00735	0.01103	0.00460	0.00460
12	0.03403	0.01291	0.01760	0.01350	0.01936	0.01115	0.01115	0.03697	0.02171	0.69137	0.02992	0.02582	0.01878	0.00939	0.00763	0.00235	0.00645	0.00763	0.00939	0.01291
13	0.02797	0.02118	0.02449	0.01859	0.02479	0.02318	0.06506	0.61078	0.03427	0.04596	0.01799	0.01839	0.01279	0.00889	0.00770	0.00230	0.00870	0.00700	0.00729	0.01269
14	0.00924	0.00660	0.00880	0.01056	0.01100	0.00616	0.00704	0.01056	0.01452	0.01936	0.04181	0.72848	0.05017	0.02376	0.00968	0.00308	0.00440	0.02156	0.00704	0.00616
15	0.00985	0.00695	0.00881	0.01005	0.01052	0.00661	0.00664	0.01097	0.01388	0.01838	0.03840	0.49475	0.06753	0.20643	0.01716	0.00418	0.00528	0.05139	0.00641	0.00581
16	0.02028	0.73799	0.03975	0.01298	0.01947	0.03001	0.01298	0.02271	0.01541	0.01785	0.01055	0.01217	0.00973	0.00649	0.00487	0.00162	0.00811	0.00406	0.00324	0.00973
17	0.02843	0.02007	0.02170	0.01672	0.02257	0.02200	0.01379	0.59309	0.03389	0.08478	0.01922	0.01914	0.01356	0.00911	0.00748	0.00226	0.00800	0.00689	0.04469	0.01262
18	0.03175	0.01492	0.01865	0.01448	0.02026	0.01435	0.01190	0.16799	0.07579	0.50462	0.02754	0.02442	0.01789	0.00940	0.00763	0.00235	0.00682	0.00753	0.00888	0.01284
19	0.01017	0.00826	0.00912	0.01023	0.01127	0.03883	0.00698	0.01158	0.01525	0.01931	0.04697	0.51574	0.18365	0.06160	0.01101	0.00315	0.00488	0.01900	0.00676	0.00625
20	0.01775	0.02100	0.07322	0.03152	0.06936	0.01928	0.56272	0.02390	0.01743	0.02397	0.01491	0.01996	0.01136	0.00683	0.00969	0.00258	0.05193	0.00856	0.00377	0.01025
21	0.78701	0.01467	0.01115	0.00997	0.01467	0.01702	0.00821	0.02230	0.01291	0.03403	0.01056	0.01232	0.00821	0.00704	0.00469	0.00235	0.00587	0.00411	0.00469	0.00821
22	0.00932	0.00667	0.00888	0.01050	0.01102	0.00622	0.00705	0.01077	0.01491	0.01998	0.07750	0.69103	0.05136	0.02330	0.00964	0.00304	0.00435	0.02113	0.00711	0.00622
23	0.01127	0.00832	0.01096	0.01234	0.01414	0.00801	0.01040	0.01424	0.01716	0.02194	0.04808	0.13972	0.17975	0.02083	0.01009	0.00326	0.00609	0.44962	0.00700	0.00679
24	0.02200	0.01723	0.01909	0.01429	0.02064	0.01670	0.01164	0.32195	0.04562	0.03581	0.01625	0.01729	0.01239	0.00741	0.00661	0.00171	0.00691	0.00572	0.00605	0.39469
25	0.00923	0.00767	0.00791	0.00787	0.01021	0.00652	0.00580	0.01116	0.01722	0.02090	0.12106	0.07023	0.59335	0.06426	0.01085	0.00285	0.00404	0.01551	0.00699	0.00635
26	0.01921	0.01431	0.01674	0.01219	0.01876	0.01176	0.00985	0.09480	0.01867	0.09941	0.01580	0.01710	0.01224	0.00643	0.00606	0.00139	0.00602	0.00510	0.00538	0.60877
27	0.02038	0.68802	0.06258	0.01352	0.02009	0.05345	0.01358	0.02303	0.01565	0.01809	0.01070	0.01236	0.00973	0.00656	0.00502	0.00166	0.00842	0.00414	0.00327	0.00975
28	0.00924	0.00660	0.00880	0.01056	0.01100	0.00616	0.00704	0.01056	0.01452	0.01936	0.04181	0.72848	0.05017	0.02376	0.00968	0.00308	0.00440	0.02156	0.00704	0.00616
29	0.00919	0.00776	0.00799	0.00811	0.01062	0.00656	0.00620	0.01122	0.01730	0.02064	0.07434	0.07385	0.63939	0.01933	0.00907	0.00262	0.00406	0.05827	0.00704	0.00644
30	0.00924	0.00660	0.00880	0.01056	0.01100	0.00616	0.00704	0.01056	0.01452	0.01936	0.04181	0.72848	0.05017	0.02376	0.00968	0.00308	0.00440	0.02156	0.00704	0.00616
31	0.01529	0.01503	0.02665	0.46342	0.09575	0.01749	0.12832	0.02011	0.01548	0.02054	0.01459	0.04537	0.01193	0.00838	0.00933	0.00260	0.06957	0.00764	0.00361	0.00892
32	0.01043	0.00714	0.00858	0.00911	0.00938	0.00695	0.00557	0.01111	0.01290	0.01733	0.07635	0.27051	0.03803	0.45218	0.02711	0.00561	0.00613	0.01464	0.00566	0.00529
33	0.01521	0.03923	0.69413	0.02162	0.03283	0.01762	0.02802	0.02402	0.01601	0.02402	0.01361	0.01601	0.00961	0.00721	0.00721	0.00240	0.01121	0.00560	0.00320	0.01121
34	0.08695	0.04429	0.13179	0.10620	0.17412	0.18194	0.03449	0.07896	0.04627	0.02537	0.01410	0.01695	0.01101	0.00753	0.00705	0.00225	0.01022	0.00596	0.00422	0.01034
35	0.02492	0.01999	0.10450	0.01568	0.02167	0.01825	0.01415	0.38606	0.02798	0.12445	0.02320	0.02318	0.05138	0.00943	0.00735	0.00226	0.00764	0.00732	0.09898	0.01163
36	0.01475	0.00766	0.00772	0.00750	0.00945	0.00776	0.00568	0.04447	0.01673	0.02909	0.02447	0.02786	0.01917	0.00885	0.00540	0.00179	0.00374	0.00706	0.74354	0.00731
37	0.01432	0.01348	0.02275	0.71520	0.05224	0.01685	0.02107	0.01938	0.01517	0.01938	0.01348	0.02022	0.01011	0.00758	0.00758	0.00253	0.01011	0.00674	0.00337	0.00843
38	0.02331	0.25323	0.08273	0.01705	0.02217	0.37626	0.01484	0.02597	0.01859	0.01889	0.01493	0.01666	0.04569	0.00814	0.00696	0.00197	0.03435	0.00534	0.00379	0.00914
39	0.01074	0.00775	0.01014	0.00954	0.01133	0.00716	0.00716	0.01431	0.02147	0.03042	0.68211	0.05666	0.07157	0.01551	0.00895	0.00239	0.00358	0.01372	0.00835	0.00716
40	0.02914	0.02076	0.02246	0.01722	0.02328	0.02280	0.01423	0.62438	0.03485	0.08539	0.01889	0.01866	0.01324	0.00912	0.00759	0.00228	0.00824	0.00688	0.00769	0.01290
41	0.01590	0.03474	0.54408	0.02514	0.08521	0.01788	0.12271	0.02400	0.01640	0.02412	0.01392	0.01690	0.01008	0.00705	0.00749	0.00241	0.01127	0.00620	0.00334	0.01113
42	0.02883	0.02125	0.02276	0.01745	0.02352	0.02352	0.01442	0.66082	0.03566	0.04780	0.01821	0.01821	0.01290	0.00911	0.00759	0.00228	0.00835	0.00683	0.00759	0.01290
43	0.00896	0.00768	0.00768	0.00768	0.01025	0.00640	0.00576	0.01089	0.01729	0.02049	0.07684	0.07300	0.68304	0.01921	0.00896	0.00256	0.00384	0.01601	0.00704	0.00640
44	0.01507	0.01464	0.02229	0.64873	0.04922	0.05698	0.02037	0.01989	0.01562	0.01945	0.01435	0.02221	0.01131	0.00808	0.00764	0.00253	0.01021	0.02947	0.00353	0.00840
45	0.01220	0.01027	0.01338	0.01307	0.01450	0.05114	0.01020	0.01481	0.01270	0.01770	0.01921	0.02808	0.01789	0.05145	0.62270	0.01107	0.06077	0.00785	0.00401	0.00698
46	0.63193	0.01653	0.05064	0.01150	0.01675	0.01729	0.01005	0.08058	0.01564	0.07311	0.01255	0.01384	0.00933	0.00737	0.00527	0.00234	0.00642	0.00464	0.00514	0.00908
47	0.02399	0.01759	0.01903	0.01522	0.02018	0.01899	0.01229	0.48370	0.03017	0.04081	0.02465	0.10646	0.05680	0.01129	0.00771	0.00232	0.00723	0.00905	0.05262	0.03990
48	0.02460	0.13845	0.07729	0.01978	0.06192	0.40708	0.01568	0.05871	0.08604	0.02194	0.01407	0.01561	0.01138	0.00782	0.00673	0.00203	0.01135	0.00539	0.00430	0.00983
49	0.01312	0.03759	0.14747	0.01705	0.10875	0.01223	0.01369	0.01886	0.07975	0.02401	0.12049	0.04682	0.28427	0.01355	0.00823	0.00247	0.00639	0.03048	0.00595	0.00885

[dist]
# distance from previous block
# <min> <max>
0	1

[block]
# block no. 4 follows, 26 sequences, length 6
# corresponding to MSA columns:
# 196-201
name=unknown_E
#
# <colnr> <probs for GDERKNQSTAVLIFYWHMCP>
#	G	D	E	R	K	N	Q	S	T	A	V	L	I	F	Y	W	H	M	C	P
0	0.01657	0.01599	0.02438	0.02863	0.26319	0.01940	0.01797	0.01923	0.01402	0.02077	0.01512	0.09740	0.01523	0.01206	0.01681	0.00290	0.37864	0.00836	0.00390	0.00942
1	0.01236	0.01136	0.01723	0.45578	0.03684	0.01302	0.01545	0.01627	0.01594	0.01979	0.03671	0.03957	0.25685	0.01185	0.00809	0.00254	0.00781	0.01014	0.00472	0.00768
2	0.01101	0.00754	0.00948	0.00971	0.01122	0.00687	0.00692	0.01324	0.01761	0.05501	0.27514	0.30387	0.16175	0.06168	0.01093	0.00296	0.00429	0.01653	0.00747	0.00678
3	0.06586	0.00840	0.01084	0.01074	0.01258	0.00871	0.00832	0.01424	0.01651	0.02409	0.26598	0.07546	0.09864	0.03114	0.26341	0.00610	0.01018	0.05557	0.00625	0.00697
4	0.01357	0.02769	0.44333	0.01719	0.02495	0.01378	0.02037	0.02046	0.01801	0.02637	0.25873	0.03092	0.03233	0.01025	0.00784	0.00240	0.00841	0.00858	0.00509	0.00972
5	0.01623	0.46982	0.02840	0.01209	0.01636	0.02127	0.01080	0.01826	0.01509	0.01840	0.02201	0.27482	0.02456	0.01282	0.00663	0.00216	0.00675	0.01048	0.00464	0.00842

[dist]
# distance from previous block
# <min> <max>
0	1

[block]
# block no. 5 follows, 26 sequences, length 15
# corresponding to MSA columns:
# 203-217
name=unknown_F
#
# <colnr> <probs for GDERKNQSTAVLIFYWHMCP>
#	G	D	E	R	K	N	Q	S	T	A	V	L	I	F	Y	W	H	M	C	P
0	0.01822	0.01866	0.03539	0.07695	0.41937	0.01838	0.25208	0.02344	0.01739	0.02432	0.01461	0.01946	0.01173	0.00667	0.00803	0.00238	0.01043	0.00755	0.00376	0.01118
1	0.01032	0.00737	0.01003	0.01179	0.01270	0.00709	0.00891	0.01242	0.01558	0.02057	0.04121	0.49681	0.04782	0.02275	0.00997	0.00323	0.00533	0.24263	0.00702	0.00646
2	0.01123	0.00815	0.01141	0.04045	0.01546	0.00813	0.01070	0.01400	0.01631	0.02137	0.03970	0.31465	0.04468	0.02144	0.01008	0.00331	0.00618	0.38917	0.00686	0.00674
3	0.01647	0.27455	0.02887	0.46216	0.04043	0.02159	0.01815	0.02058	0.01526	0.01883	0.01242	0.01732	0.00998	0.00719	0.00660	0.00220	0.00939	0.00577	0.00333	0.00890
4	0.01876	0.27902	0.04295	0.02513	0.03237	0.02308	0.42593	0.02373	0.01701	0.02197	0.01362	0.01747	0.01087	0.00643	0.00748	0.00222	0.01110	0.00719	0.00362	0.01005
5	0.01512	0.01496	0.04462	0.03056	0.39586	0.01385	0.01672	0.01946	0.04122	0.02346	0.03740	0.03857	0.25414	0.01139	0.00803	0.00238	0.00711	0.01012	0.00507	0.00996
6	0.02686	0.01080	0.01381	0.01118	0.01557	0.00968	0.00904	0.03001	0.01962	0.45243	0.02806	0.02670	0.01902	0.00919	0.00679	0.00214	0.00540	0.00743	0.28546	0.01080
7	0.02292	0.01629	0.03068	0.11988	0.03312	0.01552	0.31420	0.02771	0.01878	0.26382	0.02124	0.04643	0.01525	0.00823	0.00831	0.00250	0.00985	0.00859	0.00588	0.01081
8	0.01005	0.00738	0.00990	0.01058	0.01154	0.00755	0.00752	0.01185	0.01375	0.01865	0.05638	0.31482	0.09418	0.11898	0.26298	0.00680	0.01041	0.01471	0.00572	0.00625
9	0.00924	0.00660	0.00880	0.01056	0.01100	0.00616	0.00704	0.01056	0.01452	0.01936	0.04181	0.72848	0.05017	0.02376	0.00968	0.00308	0.00440	0.02156	0.00704	0.00616
10	0.00919	0.00710	0.00840	0.00933	0.01070	0.00630	0.00652	0.01086	0.01597	0.02031	0.08391	0.42836	0.31288	0.02152	0.00935	0.00284	0.00413	0.01893	0.00710	0.00630
11	0.10596	0.40180	0.03055	0.01427	0.02041	0.02627	0.01298	0.25261	0.02244	0.03038	0.01331	0.01436	0.01071	0.00749	0.00583	0.00194	0.00795	0.00506	0.00497	0.01071
12	0.02012	0.03275	0.45221	0.02012	0.02948	0.01974	0.02312	0.25349	0.02309	0.03259	0.01527	0.01681	0.01079	0.00789	0.00734	0.00236	0.01018	0.00605	0.00478	0.01182
13	0.02510	0.01064	0.01443	0.01244	0.01635	0.00935	0.00967	0.02745	0.01912	0.44922	0.03421	0.27902	0.03009	0.01457	0.00837	0.00261	0.00571	0.01265	0.00854	0.01048
14	0.02775	0.01424	0.01963	0.01581	0.01956	0.01550	0.01311	0.03022	0.01807	0.44882	0.02273	0.02249	0.01560	0.01079	0.01385	0.00270	0.26341	0.00727	0.00720	0.01125

[dist]
# distance from previous block
# <min> <max>
2	22

[block]
# block no. 6 follows, 26 sequences, length 11
# corresponding to MSA columns:
# 240-250
name=unknown_G
#
# <colnr> <probs for GDERKNQSTAVLIFYWHMCP>
#	G	D	E	R	K	N	Q	S	T	A	V	L	I	F	Y	W	H	M	C	P
0	0.03010	0.01921	0.02150	0.01649	0.02251	0.02050	0.01362	0.50840	0.03225	0.20505	0.02107	0.02007	0.01434	0.00917	0.00760	0.00229	0.00788	0.00702	0.00803	0.01290
1	0.00924	0.00660	0.00880	0.01056	0.01100	0.00616	0.00704	0.01056	0.01452	0.01936	0.04181	0.72848	0.05017	0.02376	0.00968	0.00308	0.00440	0.02156	0.00704	0.00616
2	0.01417	0.01028	0.01237	0.01240	0.01428	0.01052	0.00908	0.16968	0.01982	0.02647	0.03596	0.52502	0.04076	0.02005	0.00921	0.00290	0.00549	0.04651	0.00717	0.00785
3	0.01700	0.01017	0.01303	0.01173	0.01321	0.01073	0.00850	0.16893	0.01618	0.02164	0.01441	0.02187	0.01311	0.02214	0.02426	0.58946	0.00702	0.00665	0.00434	0.00564
4	0.01609	0.01519	0.01768	0.14727	0.02400	0.08776	0.01355	0.02346	0.17490	0.02144	0.01947	0.02513	0.01656	0.05904	0.20319	0.00549	0.10880	0.00758	0.00473	0.00867
5	0.15601	0.00812	0.00924	0.01045	0.01169	0.00821	0.00726	0.01278	0.01422	0.02213	0.03591	0.59334	0.04225	0.02061	0.00874	0.00294	0.00468	0.01827	0.00660	0.00655
6	0.01252	0.01027	0.01468	0.01419	0.01522	0.01258	0.01146	0.01496	0.01298	0.01857	0.02173	0.03820	0.02190	0.07711	0.36985	0.00811	0.18792	0.12623	0.00446	0.00706
7	0.45274	0.01385	0.01512	0.01785	0.14163	0.01518	0.01204	0.02087	0.01484	0.02952	0.01849	0.03143	0.01759	0.01039	0.00664	0.00261	0.00673	0.15877	0.00508	0.00863
8	0.01808	0.19178	0.02903	0.03143	0.39563	0.01879	0.01761	0.02061	0.01542	0.02090	0.01315	0.01797	0.01168	0.01039	0.01104	0.14873	0.00833	0.00607	0.00354	0.00981
9	0.30093	0.01284	0.01296	0.01165	0.01520	0.01384	0.00910	0.13952	0.01931	0.06697	0.11886	0.19560	0.02917	0.01288	0.00723	0.00252	0.00567	0.01048	0.00659	0.00869
10	0.16534	0.01973	0.04098	0.01526	0.01988	0.11335	0.01231	0.05637	0.41242	0.03062	0.02334	0.02247	0.01764	0.00918	0.00700	0.00243	0.00731	0.00706	0.00645	0.01085

[dist]
# distance from previous block
# <min> <max>
1	19

[block]
# block no. 7 follows, 26 sequences, length 178
# corresponding to MSA columns:
# 270-275,280-451
name=unknown_H
#
# <colnr> <probs for GDERKNQSTAVLIFYWHMCP>
#	G	D	E	R	K	N	Q	S	T	A	V	L	I	F	Y	W	H	M	C	P
0	0.04228	0.00787	0.00780	0.00756	0.00959	0.00804	0.00575	0.04187	0.01654	0.02921	0.02399	0.02733	0.01880	0.00878	0.00537	0.00181	0.00380	0.00695	0.71932	0.00733
1	0.01747	0.02231	0.11649	0.05521	0.03933	0.01892	0.56539	0.02409	0.01759	0.02409	0.01509	0.01996	0.01125	0.00653	0.00871	0.00254	0.01252	0.00850	0.00375	0.01028
2	0.01103	0.00735	0.00827	0.00827	0.00827	0.00735	0.00460	0.01103	0.01103	0.01471	0.02390	0.04964	0.02758	0.73343	0.03861	0.00735	0.00735	0.01103	0.00460	0.00460
3	0.01278	0.00821	0.01079	0.00989	0.01204	0.00751	0.00751	0.01630	0.02149	0.08845	0.62485	0.05395	0.06693	0.01497	0.00883	0.00238	0.00383	0.01318	0.00844	0.00766
4	0.01976	0.01057	0.01359	0.01168	0.01504	0.00990	0.00912	0.08355	0.02214	0.24199	0.33771	0.11860	0.04663	0.01386	0.00848	0.00244	0.00505	0.01199	0.00846	0.00944
5	0.02255	0.06535	0.18396	0.02257	0.11529	0.31201	0.01841	0.02754	0.05035	0.05647	0.01473	0.01692	0.01156	0.00985	0.03807	0.00259	0.01172	0.00574	0.00416	0.01014
6	0.02178	0.60764	0.03636	0.01420	0.02021	0.15500	0.01329	0.02412	0.01654	0.01798	0.01076	0.01245	0.00974	0.00674	0.00523	0.00168	0.00915	0.00421	0.00337	0.00956
7	0.01588	0.01562	0.02183	0.01900	0.01905	0.02157	0.01567	0.01751	0.01190	0.01836	0.01306	0.08585	0.01387	0.01430	0.02341	0.00330	0.64998	0.00809	0.00368	0.00809
8	0.01928	0.01727	0.01806	0.01725	0.05474	0.04933	0.01271	0.03897	0.60912	0.03078	0.02915	0.02715	0.02197	0.01000	0.00767	0.00253	0.00650	0.00832	0.00734	0.01186
9	0.03403	0.01291	0.01760	0.01350	0.01936	0.01115	0.01115	0.03697	0.02171	0.69137	0.02992	0.02582	0.01878	0.00939	0.00763	0.00235	0.00645	0.00763	0.00939	0.01291
10	0.01790	0.02046	0.04476	0.03197	0.03964	0.01918	0.65857	0.02430	0.01790	0.02430	0.01535	0.02046	0.01151	0.00639	0.00895	0.00256	0.01279	0.00895	0.00384	0.01023
11	0.00924	0.00660	0.00880	0.01056	0.01100	0.00616	0.00704	0.01056	0.01452	0.01936	0.04181	0.72848	0.05017	0.02376	0.00968	0.00308	0.00440	0.02156	0.00704	0.00616
12	0.01414	0.00707	0.00707	0.00707	0.00884	0.00707	0.00530	0.01767	0.01591	0.02828	0.02474	0.02828	0.01944	0.00884	0.00530	0.00177	0.00353	0.00707	0.77554	0.00707
13	0.00924	0.00660	0.00880	0.01056	0.01100	0.00616	0.00704	0.01056	0.01452	0.01936	0.04181	0.72848	0.05017	0.02376	0.00968	0.00308	0.00440	0.02156	0.00704	0.00616
14	0.01432	0.01348	0.02275	0.71520	0.05224	0.01685	0.02107	0.01938	0.01517	0.01938	0.01348	0.02022	0.01011	0.00758	0.00758	0.00253	0.01011	0.00674	0.00337	0.00843
15	0.00907	0.00763	0.00786	0.00793	0.01034	0.00643	0.00590	0.01104	0.01735	0.02092	0.10505	0.10647	0.61959	0.01926	0.00900	0.00258	0.00386	0.01619	0.00711	0.00643
16	0.01056	0.00775	0.00990	0.00936	0.01123	0.00708	0.00702	0.01398	0.02106	0.02945	0.62289	0.05826	0.13140	0.01587	0.00895	0.00240	0.00360	0.01394	0.00822	0.00708
17	0.01640	0.01904	0.06916	0.02793	0.03457	0.01697	0.51694	0.02212	0.01735	0.02357	0.01976	0.11693	0.01782	0.00931	0.00903	0.00266	0.01137	0.03512	0.00436	0.00961
18	0.01318	0.00659	0.00988	0.00988	0.00988	0.00659	0.00659	0.00988	0.00988	0.01318	0.01318	0.02306	0.01318	0.02635	0.02964	0.77931	0.00659	0.00659	0.00329	0.00329
19	0.00924	0.00660	0.00880	0.01056	0.01100	0.00616	0.00704	0.01056	0.01452	0.01936	0.04181	0.72848	0.05017	0.02376	0.00968	0.00308	0.00440	0.02156	0.00704	0.00616
20	0.01521	0.03923	0.69413	0.02162	0.03283	0.01762	0.02802	0.02402	0.01601	0.02402	0.01361	0.01601	0.00961	0.00721	0.00721	0.00240	0.01121	0.00560	0.00320	0.01121
21	0.59288	0.07756	0.13020	0.01221	0.01816	0.01817	0.01199	0.02263	0.01364	0.03101	0.01108	0.01294	0.00858	0.00702	0.00514	0.00230	0.00696	0.00436	0.00432	0.00885
22	0.00924	0.00660	0.00880	0.01056	0.01100	0.00616	0.00704	0.01056	0.01452	0.01936	0.04181	0.72848	0.05017	0.02376	0.00968	0.00308	0.00440	0.02156	0.00704	0.00616
23	0.03329	0.01307	0.01758	0.01359	0.01938	0.01153	0.01119	0.03713	0.05357	0.65907	0.02997	0.02594	0.01899	0.00943	0.00763	0.00236	0.00643	0.00767	0.00931	0.01286
24	0.02907	0.02087	0.02253	0.01727	0.02333	0.02296	0.01427	0.63241	0.03503	0.07711	0.01874	0.01856	0.01317	0.00912	0.00759	0.00228	0.00826	0.00687	0.00767	0.01290
25	0.01877	0.01802	0.03079	0.04656	0.68612	0.01802	0.02328	0.02328	0.01727	0.02478	0.01427	0.01877	0.01201	0.00676	0.00751	0.00225	0.00901	0.00676	0.00375	0.01201
26	0.03249	0.01539	0.01914	0.01467	0.02060	0.01483	0.01212	0.22247	0.02586	0.50000	0.02644	0.02356	0.01703	0.00930	0.00762	0.00233	0.00702	0.00739	0.00885	0.01291
27	0.00924	0.00660	0.00880	0.01056	0.01100	0.00616	0.00704	0.01056	0.01452	0.01936	0.04181	0.72848	0.05017	0.02376	0.00968	0.00308	0.00440	0.02156	0.00704	0.00616
28	0.01987	0.68110	0.09303	0.01368	0.02056	0.02900	0.01420	0.02282	0.01546	0.01835	0.01079	0.01248	0.00972	0.00655	0.00506	0.00169	0.00836	0.00418	0.00324	0.00985
29	0.00924	0.00660	0.00880	0.01056	0.01100	0.00616	0.00704	0.01056	0.01452	0.01936	0.04181	0.72848	0.05017	0.02376	0.00968	0.00308	0.00440	0.02156	0.00704	0.00616
30	0.01636	0.19778	0.54565	0.01966	0.02980	0.02043	0.02461	0.02372	0.01588	0.02262	0.01292	0.01514	0.00964	0.00704	0.00668	0.00223	0.01051	0.00525	0.00321	0.01087
31	0.02360	0.02031	0.02192	0.29195	0.03434	0.15836	0.01672	0.20994	0.02315	0.10252	0.01633	0.01893	0.01182	0.00827	0.00744	0.00232	0.00992	0.00649	0.00538	0.01030
32	0.01845	0.01993	0.09058	0.04431	0.62723	0.01799	0.02371	0.02335	0.01716	0.02471	0.01421	0.01852	0.01180	0.00680	0.00748	0.00227	0.00921	0.00665	0.00370	0.01194
33	0.01057	0.00775	0.00991	0.00937	0.01123	0.00709	0.00703	0.01400	0.02108	0.02950	0.62615	0.05817	0.12810	0.01585	0.00895	0.00240	0.00360	0.01393	0.00823	0.00709
34	0.01447	0.01376	0.02362	0.68831	0.05175	0.01694	0.04616	0.01957	0.01527	0.01957	0.01355	0.02023	0.01017	0.00754	0.00764	0.00253	0.01022	0.00683	0.00339	0.00850
35	0.78701	0.01467	0.01115	0.00997	0.01467	0.01702	0.00821	0.02230	0.01291	0.03403	0.01056	0.01232	0.00821	0.00704	0.00469	0.00235	0.00587	0.00411	0.00469	0.00821
36	0.02829	0.02072	0.02219	0.01707	0.02298	0.02292	0.01408	0.63712	0.03493	0.04708	0.01845	0.01858	0.01314	0.00910	0.00750	0.00226	0.00817	0.00684	0.03589	0.01268
37	0.01659	0.01659	0.02323	0.01991	0.01991	0.02323	0.01659	0.01825	0.01162	0.01825	0.00996	0.01659	0.00996	0.01328	0.02489	0.00332	0.71955	0.00664	0.00332	0.00830
38	0.01066	0.00775	0.01003	0.00946	0.01128	0.00712	0.00709	0.01416	0.02128	0.02997	0.65512	0.05739	0.09884	0.01567	0.00895	0.00239	0.00359	0.01382	0.00829	0.00712
39	0.78701	0.01467	0.01115	0.00997	0.01467	0.01702	0.00821	0.02230	0.01291	0.03403	0.01056	0.01232	0.00821	0.00704	0.00469	0.00235	0.00587	0.00411	0.00469	0.00821
40	0.02126	0.01656	0.01782	0.01550	0.02012	0.01873	0.01220	0.10932	0.54639	0.08919	0.02938	0.02696	0.02164	0.01008	0.00770	0.00252	0.00630	0.00830	0.00784	0.01218
41	0.01168	0.00887	0.01284	0.01251	0.01377	0.01062	0.00982	0.01435	0.01245	0.01857	0.01968	0.02838	0.01812	0.04857	0.57808	0.01044	0.08732	0.00789	0.06909	0.00695
42	0.00952	0.00697	0.00934	0.01091	0.01133	0.00680	0.00740	0.01085	0.01441	0.01932	0.04062	0.70188	0.04866	0.02337	0.01025	0.00309	0.03112	0.02101	0.00690	0.00624
43	0.01573	0.01348	0.01573	0.01123	0.01798	0.01011	0.00899	0.01910	0.01573	0.02472	0.01348	0.01573	0.01123	0.00562	0.00562	0.00112	0.00562	0.00449	0.00449	0.77980
44	0.02696	0.02646	0.02156	0.01904	0.05215	0.30873	0.01436	0.30392	0.06124	0.03269	0.01627	0.01732	0.01238	0.00851	0.00717	0.00213	0.01028	0.00611	0.04190	0.01081
45	0.02821	0.01856	0.02049	0.01593	0.02157	0.01999	0.01309	0.47865	0.06083	0.15654	0.02128	0.02071	0.01485	0.00919	0.00744	0.00227	0.00757	0.00706	0.06335	0.01244
46	0.78701	0.01467	0.01115	0.00997	0.01467	0.01702	0.00821	0.02230	0.01291	0.03403	0.01056	0.01232	0.00821	0.00704	0.00469	0.00235	0.00587	0.00411	0.00469	0.00821
47	0.00988	0.00772	0.00895	0.00864	0.01081	0.00679	0.00648	0.01265	0.01944	0.02561	0.38884	0.06458	0.36784	0.01730	0.00896	0.00247	0.00371	0.01483	0.00772	0.00679
48	0.01318	0.00659	0.00988	0.00988	0.00988	0.00659	0.00659	0.00988	0.00988	0.01318	0.01318	0.02306	0.01318	0.02635	0.02964	0.77931	0.00659	0.00659	0.00329	0.00329
49	0.01655	0.01660	0.02167	0.01881	0.01910	0.05709	0.01543	0.01821	0.01214	0.01805	0.01142	0.01894	0.01141	0.05117	0.06999	0.00404	0.60099	0.00686	0.00346	0.00804
50	0.01771	0.01846	0.02307	0.01988	0.02025	0.08796	0.01641	0.01940	0.01256	0.01828	0.01013	0.01632	0.00994	0.01276	0.02317	0.00319	0.65233	0.00647	0.00338	0.00834
51	0.01887	0.01629	0.01715	0.01544	0.01972	0.01887	0.01201	0.04031	0.67241	0.03173	0.03087	0.02830	0.02315	0.01029	0.00772	0.00257	0.00600	0.00858	0.00772	0.01201
52	0.01790	0.02046	0.04476	0.03197	0.03964	0.01918	0.65857	0.02430	0.01790	0.02430	0.01535	0.02046	0.01151	0.00639	0.00895	0.00256	0.01279	0.00895	0.00384	0.01023
53	0.01432	0.01325	0.02219	0.69012	0.05070	0.01651	0.02051	0.01932	0.01519	0.01970	0.01388	0.02051	0.01044	0.00763	0.00750	0.00250	0.00988	0.00675	0.03072	0.00838
54	0.01186	0.00863	0.01123	0.01099	0.01188	0.00953	0.00778	0.04281	0.01298	0.01800	0.02306	0.09447	0.02444	0.32884	0.31299	0.00863	0.04071	0.01031	0.00466	0.00617
55	0.00924	0.00660	0.00880	0.01056	0.01100	0.00616	0.00704	0.01056	0.01452	0.01936	0.04181	0.72848	0.05017	0.02376	0.00968	0.00308	0.00440	0.02156	0.00704	0.00616
56	0.01807	0.01731	0.02952	0.15184	0.58631	0.01784	0.02293	0.02266	0.01694	0.02393	0.01414	0.01900	0.01172	0.00689	0.00752	0.00230	0.00918	0.00676	0.00369	0.01145
57	0.01877	0.01802	0.03079	0.04656	0.68612	0.01802	0.02328	0.02328	0.01727	0.02478	0.01427	0.01877	0.01201	0.00676	0.00751	0.00225	0.00901	0.00676	0.00375	0.01201
58	0.58170	0.01796	0.01373	0.04629	0.01819	0.12419	0.01007	0.02445	0.03531	0.05240	0.01216	0.01386	0.00937	0.00737	0.00536	0.00230	0.00732	0.00461	0.00476	0.00859
59	0.15223	0.01502	0.04762	0.04766	0.01894	0.04087	0.01121	0.08170	0.09941	0.14870	0.19179	0.03196	0.06035	0.01083	0.00747	0.00238	0.00631	0.00876	0.00703	0.00975
60	0.02715	0.01968	0.02193	0.01819	0.05446	0.02148	0.01417	0.55677	0.03266	0.07177	0.02022	0.06984	0.01580	0.01006	0.00774	0.00234	0.00801	0.00792	0.00744	0.01237
61	0.08062	0.17143	0.02423	0.01633	0.02150	0.29178	0.01336	0.15474	0.02251	0.11368	0.01509	0.01577	0.01146	0.00796	0.00654	0.00203	0.00999	0.00541	0.00528	0.01030
62	0.02283	0.05193	0.01828	0.04147	0.02027	0.01464	0.01165	0.09760	0.15088	0.22595	0.02550	0.06098	0.02014	0.01016	0.00743	0.00225	0.00659	0.05291	0.00712	0.15144
63	0.02384	0.18677	0.02817	0.02573	0.21005	0.35985	0.01672	0.02662	0.01895	0.02016	0.01218	0.01478	0.01040	0.00722	0.00659	0.00196	0.01112	0.00523	0.00372	0.00991
64	0.01732	0.01407	0.01507	0.01361	0.01751	0.01556	0.01056	0.03332	0.48464	0.06069	0.08558	0.03775	0.13749	0.01213	0.00801	0.00255	0.00549	0.01015	0.00773	0.01076
65	0.01015	0.00769	0.00936	0.00903	0.01100	0.00689	0.00674	0.01315	0.01996	0.02704	0.47769	0.08794	0.25178	0.01693	0.00898	0.00247	0.00369	0.01470	0.00791	0.00689
66	0.01813	0.01927	0.02515	0.11053	0.05838	0.11479	0.07232	0.02080	0.01423	0.01927	0.01132	0.01709	0.01018	0.01090	0.01802	0.00291	0.43789	0.00662	0.00347	0.00873
67	0.01659	0.01659	0.02323	0.01991	0.01991	0.02323	0.01659	0.01825	0.01162	0.01825	0.00996	0.01659	0.00996	0.01328	0.02489	0.00332	0.71955	0.00664	0.00332	0.00830
68	0.00924	0.00660	0.00880	0.01056	0.01100	0.00616	0.00704	0.01056	0.01452	0.01936	0.04181	0.72848	0.05017	0.02376	0.00968	0.00308	0.00440	0.02156	0.00704	0.00616
69	0.02028	0.73799	0.03975	0.01298	0.01947	0.03001	0.01298	0.02271	0.01541	0.01785	0.01055	0.01217	0.00973	0.00649	0.00487	0.00162	0.00811	0.00406	0.00324	0.00973
70	0.01103	0.00735	0.00827	0.00827	0.00827	0.00735	0.00460	0.01103	0.01103	0.01471	0.02390	0.04964	0.02758	0.73343	0.03861	0.00735	0.00735	0.01103	0.00460	0.00460
71	0.02028	0.73799	0.03975	0.01298	0.01947	0.03001	0.01298	0.02271	0.01541	0.01785	0.01055	0.01217	0.00973	0.00649	0.00487	0.00162	0.00811	0.00406	0.00324	0.00973
72	0.03403	0.01291	0.01760	0.01350	0.01936	0.01115	0.01115	0.03697	0.02171	0.69137	0.02992	0.02582	0.01878	0.00939	0.00763	0.00235	0.00645	0.00763	0.00939	0.01291
73	0.01573	0.01348	0.01573	0.01123	0.01798	0.01011	0.00899	0.01910	0.01573	0.02472	0.01348	0.01573	0.01123	0.00562	0.00562	0.00112	0.00562	0.00449	0.00449	0.77980
74	0.01887	0.01629	0.01715	0.01544	0.01972	0.01887	0.01201	0.04031	0.67241	0.03173	0.03087	0.02830	0.02315	0.01029	0.00772	0.00257	0.00600	0.00858	0.00772	0.01201
75	0.01432	0.01348	0.02275	0.71520	0.05224	0.01685	0.02107	0.01938	0.01517	0.01938	0.01348	0.02022	0.01011	0.00758	0.00758	0.00253	0.01011	0.00674	0.00337	0.00843
76	0.01535	0.03825	0.66017	0.02216	0.03319	0.01770	0.06100	0.02404	0.01611	0.02404	0.01370	0.01625	0.00971	0.00716	0.00730	0.00241	0.01129	0.00578	0.00324	0.01116
77	0.01852	0.01985	0.02368	0.02026	0.02115	0.13185	0.03801	0.02038	0.01341	0.01851	0.01042	0.01626	0.00998	0.01217	0.02146	0.00307	0.58270	0.00644	0.00343	0.00844
78	0.03385	0.01321	0.01779	0.01364	0.01951	0.01159	0.01126	0.05921	0.02221	0.66842	0.02951	0.02555	0.01857	0.00938	0.00763	0.00234	0.00652	0.00760	0.00932	0.01291
79	0.01776	0.01925	0.02798	0.12044	0.03016	0.11946	0.20939	0.02145	0.01576	0.02050	0.01445	0.05280	0.01280	0.01181	0.04392	0.00309	0.21506	0.00781	0.00382	0.03230
80	0.01526	0.01442	0.02749	0.02115	0.02610	0.01318	0.32692	0.01937	0.01674	0.05297	0.02682	0.25163	0.05085	0.01258	0.00879	0.00257	0.00871	0.01281	0.00532	0.08631
81	0.00924	0.00660	0.00880	0.01056	0.01100	0.00616	0.00704	0.01056	0.01452	0.01936	0.04181	0.72848	0.05017	0.02376	0.00968	0.00308	0.00440	0.02156	0.00704	0.00616
82	0.01644	0.01399	0.01635	0.01185	0.01833	0.01126	0.00953	0.05263	0.01663	0.02570	0.01361	0.01589	0.01128	0.00606	0.00637	0.00126	0.02997	0.00469	0.00462	0.71353
83	0.02005	0.70683	0.06893	0.01336	0.02006	0.02946	0.01365	0.02277	0.01544	0.01812	0.01068	0.01234	0.00973	0.00652	0.00497	0.00166	0.00825	0.00412	0.00324	0.00980
84	0.02028	0.73799	0.03975	0.01298	0.01947	0.03001	0.01298	0.02271	0.01541	0.01785	0.01055	0.01217	0.00973	0.00649	0.00487	0.00162	0.00811	0.00406	0.00324	0.00973
85	0.01816	0.01777	0.02750	0.13851	0.50137	0.06127	0.02119	0.02235	0.01682	0.02296	0.01457	0.02019	0.01242	0.03483	0.03598	0.00285	0.00986	0.00684	0.00375	0.01082
86	0.01877	0.01802	0.03079	0.04656	0.68612	0.01802	0.02328	0.02328	0.01727	0.02478	0.01427	0.01877	0.01201	0.00676	0.00751	0.00225	0.00901	0.00676	0.00375	0.01201
87	0.01771	0.02001	0.04288	0.05691	0.03915	0.01929	0.60331	0.02382	0.01749	0.02382	0.01501	0.02026	0.01138	0.00678	0.00968	0.00259	0.04730	0.00876	0.00379	0.01007
88	0.02028	0.73799	0.03975	0.01298	0.01947	0.03001	0.01298	0.02271	0.01541	0.01785	0.01055	0.01217	0.00973	0.00649	0.00487	0.00162	0.00811	0.00406	0.00324	0.00973
89	0.01586	0.03908	0.66075	0.02152	0.03236	0.05163	0.02736	0.02433	0.01629	0.02375	0.01352	0.01590	0.00962	0.00724	0.00719	0.00238	0.01133	0.00557	0.00324	0.01109
90	0.02786	0.02052	0.02207	0.01711	0.02290	0.02266	0.01405	0.62855	0.03461	0.04639	0.01938	0.05346	0.01475	0.00983	0.00769	0.00232	0.00815	0.00756	0.00756	0.01256
91	0.00939	0.00677	0.00890	0.01035	0.01101	0.00628	0.00701	0.01098	0.01538	0.02060	0.11233	0.63168	0.07581	0.02270	0.00958	0.00299	0.00429	0.02051	0.00718	0.00628
92	0.00924	0.00660	0.00880	0.01056	0.01100	0.00616	0.00704	0.01056	0.01452	0.01936	0.04181	0.72848	0.05017	0.02376	0.00968	0.00308	0.00440	0.02156	0.00704	0.00616
93	0.01521	0.03923	0.69413	0.02162	0.03283	0.01762	0.02802	0.02402	0.01601	0.02402	0.01361	0.01601	0.00961	0.00721	0.00721	0.00240	0.01121	0.00560	0.00320	0.01121
94	0.02028	0.73799	0.03975	0.01298	0.01947	0.03001	0.01298	0.02271	0.01541	0.01785	0.01055	0.01217	0.00973	0.00649	0.00487	0.00162	0.00811	0.00406	0.00324	0.00973
95	0.01183	0.00800	0.01049	0.00973	0.01171	0.00734	0.00734	0.01538	0.02148	0.06142	0.65152	0.05521	0.06909	0.01522	0.00888	0.00238	0.00371	0.01343	0.00840	0.00743
96	0.01318	0.00659	0.00988	0.00988	0.00988	0.00659	0.00659	0.00988	0.00988	0.01318	0.01318	0.02306	0.01318	0.02635	0.02964	0.77931	0.00659	0.00659	0.00329	0.00329
