[name]
unknown

[dist]
# distance from previous block
# <min> <max>
0	46

[block]
# block no. 0 follows, 28 sequences, length 66
# corresponding to MSA columns:
# 46-93,114-131
name=unknown_A
#
# <colnr> <probs for GDERKNQSTAVLIFYWHMCP>
#	G	D	E	R	K	N	Q	S	T	A	V	L	I	F	Y	W	H	M	C	P
0	0.27415	0.01738	0.02012	0.07619	0.16865	0.09138	0.05736	0.09344	0.01745	0.02782	0.01505	0.02172	0.01291	0.00826	0.00662	0.00231	0.00819	0.06719	0.00459	0.00924
1	0.06575	0.01660	0.02513	0.26086	0.38935	0.05020	0.02002	0.04566	0.01649	0.02316	0.01323	0.01780	0.01063	0.00688	0.00702	0.00224	0.00898	0.00623	0.00368	0.01006
2	0.01695	0.01860	0.06388	0.18621	0.29810	0.04075	0.22441	0.02206	0.01638	0.02225	0.01372	0.01851	0.01079	0.00659	0.00761	0.00230	0.01024	0.00702	0.00352	0.01010
3	0.01734	0.01681	0.02929	0.13890	0.56641	0.01719	0.06358	0.02185	0.01631	0.02300	0.01363	0.01829	0.01123	0.00656	0.00729	0.00221	0.00901	0.00661	0.00355	0.01093
4	0.01725	0.05922	0.03889	0.03014	0.12008	0.01867	0.49688	0.02261	0.01658	0.02274	0.01401	0.01862	0.01092	0.00646	0.00879	0.00235	0.04544	0.00778	0.00363	0.03892
5	0.01768	0.01717	0.02993	0.08388	0.61748	0.01728	0.06497	0.02215	0.01647	0.02341	0.01370	0.01818	0.01137	0.00650	0.00729	0.00219	0.00894	0.00661	0.00358	0.01120
6	0.01113	0.00821	0.00930	0.00877	0.01126	0.00742	0.00666	0.01480	0.06226	0.06148	0.28223	0.05925	0.39834	0.01610	0.00844	0.00239	0.00387	0.01367	0.00735	0.00708
7	0.01001	0.00794	0.00906	0.00868	0.01090	0.00726	0.00654	0.01382	0.06248	0.02479	0.36121	0.05982	0.35866	0.01619	0.00850	0.00238	0.00370	0.01385	0.00738	0.00683
8	0.01020	0.00776	0.00987	0.01026	0.01199	0.00672	0.00715	0.01190	0.01417	0.01967	0.03418	0.58268	0.03999	0.01900	0.00843	0.00255	0.00447	0.01712	0.00622	0.17567
9	0.01507	0.01292	0.01507	0.01077	0.01723	0.00969	0.00861	0.01830	0.01507	0.02369	0.01292	0.01507	0.01077	0.00538	0.00538	0.00108	0.00538	0.00431	0.00431	0.78898
10	0.01507	0.01292	0.01507	0.01077	0.01723	0.00969	0.00861	0.01830	0.01507	0.02369	0.01292	0.01507	0.01077	0.00538	0.00538	0.00108	0.00538	0.00431	0.00431	0.78898
11	0.01588	0.21581	0.34384	0.01966	0.02771	0.01935	0.14973	0.02168	0.01544	0.02117	0.01485	0.07521	0.01282	0.00789	0.00685	0.00219	0.00973	0.00689	0.00350	0.00979
12	0.00886	0.00633	0.00843	0.01012	0.01054	0.00590	0.00675	0.01012	0.01392	0.01856	0.04006	0.73979	0.04808	0.02277	0.00928	0.00295	0.00422	0.02066	0.00675	0.00590
13	0.01507	0.01292	0.01507	0.01077	0.01723	0.00969	0.00861	0.01830	0.01507	0.02369	0.01292	0.01507	0.01077	0.00538	0.00538	0.00108	0.00538	0.00431	0.00431	0.78898
14	0.01507	0.01292	0.01507	0.01077	0.01723	0.00969	0.00861	0.01830	0.01507	0.02369	0.01292	0.01507	0.01077	0.00538	0.00538	0.00108	0.00538	0.00431	0.00431	0.78898
15	0.01611	0.26208	0.49582	0.01811	0.02742	0.02063	0.02231	0.02262	0.01516	0.02115	0.01212	0.01418	0.00925	0.00669	0.00620	0.00207	0.00981	0.00490	0.00308	0.01030
16	0.00961	0.00740	0.00878	0.00844	0.01044	0.00657	0.00633	0.01241	0.01898	0.02536	0.44760	0.06054	0.31871	0.01627	0.00858	0.00235	0.00353	0.01402	0.00750	0.00657
17	0.01967	0.01368	0.01633	0.05208	0.01966	0.01283	0.01057	0.12237	0.10023	0.14252	0.02079	0.08512	0.01698	0.00874	0.00670	0.00186	0.00609	0.00725	0.00609	0.33046
18	0.01635	0.29711	0.46288	0.01770	0.02679	0.02122	0.02160	0.02256	0.01514	0.02086	0.01197	0.01400	0.00925	0.00666	0.00609	0.00203	0.00966	0.00483	0.00308	0.01023
19	0.01641	0.30609	0.45444	0.01759	0.02663	0.02137	0.02141	0.02255	0.01513	0.02079	0.01194	0.01396	0.00925	0.00665	0.00606	0.00202	0.00962	0.00481	0.00308	0.01021
20	0.01960	0.23211	0.37907	0.01681	0.02525	0.01896	0.01953	0.02519	0.01629	0.15968	0.01539	0.01622	0.01103	0.00714	0.00636	0.00208	0.00898	0.00535	0.00428	0.01068
21	0.00904	0.00738	0.00798	0.00783	0.01009	0.00633	0.00587	0.01130	0.01762	0.02214	0.23730	0.06583	0.53102	0.01748	0.00859	0.00241	0.00362	0.01476	0.00708	0.00633
22	0.01458	0.03760	0.70688	0.02072	0.03146	0.01688	0.02686	0.02302	0.01535	0.02302	0.01304	0.01535	0.00921	0.00691	0.00691	0.00230	0.01074	0.00537	0.00307	0.01074
23	0.01035	0.00735	0.00933	0.00888	0.01022	0.00690	0.00633	0.01304	0.01841	0.02589	0.54958	0.05284	0.05945	0.17305	0.01474	0.00332	0.00421	0.01259	0.00722	0.00633
24	0.02718	0.02013	0.02156	0.01663	0.02237	0.02233	0.01371	0.64457	0.06531	0.04508	0.01803	0.01791	0.01283	0.00878	0.00728	0.00220	0.00789	0.00662	0.00728	0.01232
25	0.01984	0.68069	0.06815	0.01285	0.01925	0.02735	0.01302	0.02248	0.01508	0.05019	0.01113	0.01246	0.00974	0.00638	0.00489	0.00162	0.00784	0.00412	0.00339	0.00954
26	0.01512	0.11675	0.63246	0.01980	0.03004	0.01820	0.02525	0.02288	0.01528	0.02236	0.01272	0.01494	0.00922	0.00683	0.00666	0.00222	0.01041	0.00521	0.00307	0.01059
27	0.01943	0.74891	0.03809	0.01244	0.01866	0.02876	0.01244	0.02177	0.01477	0.01710	0.01011	0.01166	0.00933	0.00622	0.00466	0.00155	0.00777	0.00389	0.00311	0.00933
28	0.00980	0.00726	0.01000	0.03254	0.03504	0.00693	0.00786	0.01193	0.01595	0.02175	0.21883	0.48372	0.05115	0.01950	0.00898	0.00274	0.00439	0.03829	0.00688	0.00645
29	0.01842	0.06470	0.09013	0.06911	0.17570	0.03903	0.24833	0.02315	0.01659	0.08853	0.01615	0.05239	0.01309	0.00776	0.00839	0.00234	0.04430	0.00765	0.00419	0.01006
30	0.01054	0.00716	0.00849	0.00849	0.00869	0.00736	0.00511	0.01093	0.01074	0.01451	0.02239	0.04470	0.02518	0.64038	0.13945	0.00775	0.00892	0.01015	0.00433	0.00472
31	0.01009	0.00736	0.00942	0.00901	0.01068	0.00676	0.00668	0.01320	0.01966	0.02747	0.59562	0.08794	0.11724	0.03540	0.00938	0.00246	0.00359	0.01361	0.00774	0.00669
32	0.02147	0.11412	0.13792	0.02388	0.19160	0.16088	0.01763	0.11336	0.07144	0.05763	0.01510	0.01674	0.01168	0.00741	0.00674	0.00208	0.00936	0.00580	0.00453	0.01065
33	0.01513	0.03414	0.58663	0.02393	0.10052	0.01704	0.07570	0.02297	0.01561	0.02312	0.01324	0.01594	0.00958	0.00680	0.00706	0.00230	0.01064	0.00573	0.00317	0.01075
34	0.02715	0.03464	0.02060	0.01873	0.02247	0.71536	0.01404	0.02903	0.02060	0.01779	0.01124	0.01311	0.00936	0.00749	0.00655	0.00187	0.01311	0.00468	0.00375	0.00843
35	0.01431	0.01331	0.02080	0.25924	0.11109	0.01455	0.08899	0.02155	0.14699	0.02217	0.02677	0.11020	0.09776	0.01066	0.00782	0.00247	0.00774	0.00974	0.00496	0.00888
36	0.01959	0.44839	0.21871	0.01524	0.02247	0.07897	0.01640	0.02359	0.01579	0.06411	0.01223	0.01365	0.00987	0.00669	0.00560	0.00183	0.00891	0.00458	0.00354	0.00985
37	0.01061	0.00812	0.01211	0.01198	0.01323	0.00962	0.00936	0.01316	0.01166	0.01690	0.01907	0.02805	0.01782	0.05283	0.68781	0.01134	0.04820	0.00773	0.00387	0.00655
38	0.02918	0.01274	0.01651	0.01310	0.01831	0.01182	0.01067	0.03511	0.13659	0.55970	0.05575	0.02635	0.02077	0.00938	0.00738	0.00229	0.00600	0.00770	0.00868	0.01200
39	0.47203	0.01456	0.01573	0.13007	0.02232	0.01649	0.04508	0.09707	0.01621	0.06311	0.03807	0.01631	0.01160	0.00744	0.00577	0.00228	0.00686	0.00540	0.00491	0.00870
40	0.04050	0.00793	0.00890	0.00874	0.00927	0.00815	0.00536	0.04262	0.01204	0.01673	0.02317	0.09100	0.02615	0.60005	0.06490	0.00658	0.00744	0.01069	0.00468	0.00511
41	0.00983	0.00705	0.00925	0.00959	0.01077	0.00657	0.00689	0.01235	0.01767	0.02452	0.41234	0.30235	0.05874	0.04506	0.00993	0.00274	0.00396	0.03661	0.00737	0.00642
42	0.02617	0.01999	0.02075	0.01626	0.02161	0.04948	0.01323	0.57543	0.07543	0.04216	0.01826	0.01934	0.01356	0.04370	0.00866	0.00242	0.00801	0.00677	0.00700	0.01177
43	0.01757	0.01816	0.02287	0.34971	0.08926	0.13941	0.07144	0.02508	0.14964	0.02159	0.01615	0.01973	0.01238	0.00767	0.00727	0.00232	0.00963	0.00667	0.00422	0.00923
44	0.00881	0.00651	0.00825	0.00964	0.01042	0.00594	0.00654	0.01018	0.01438	0.01874	0.04587	0.62401	0.16012	0.02202	0.00916	0.00287	0.00412	0.01974	0.00675	0.00594
45	0.01943	0.74891	0.03809	0.01244	0.01866	0.02876	0.01244	0.02177	0.01477	0.01710	0.01011	0.01166	0.00933	0.00622	0.00466	0.00155	0.00777	0.00389	0.00311	0.00933
46	0.01808	0.01569	0.01704	0.01618	0.05051	0.01804	0.01201	0.03787	0.65496	0.03010	0.02885	0.02670	0.02169	0.00970	0.00739	0.00245	0.00589	0.00814	0.00722	0.01151
47	0.07040	0.06651	0.02806	0.02550	0.17487	0.04018	0.17369	0.02445	0.07529	0.08809	0.01544	0.01846	0.01214	0.00814	0.01032	0.00241	0.14479	0.00680	0.00442	0.01003
48	0.02813	0.01834	0.02042	0.01579	0.02146	0.01970	0.01300	0.49759	0.07095	0.18761	0.02062	0.01962	0.01418	0.00885	0.00729	0.00221	0.00747	0.00681	0.00765	0.01231
49	0.00859	0.00736	0.00736	0.00736	0.00982	0.00614	0.00552	0.01043	0.01657	0.01964	0.07364	0.06996	0.69624	0.01841	0.00859	0.00245	0.00368	0.01534	0.00675	0.00614
50	0.02155	0.05683	0.01901	0.01616	0.02023	0.28036	0.01250	0.03424	0.40503	0.02505	0.02179	0.02114	0.01678	0.00880	0.00695	0.00220	0.00861	0.00669	0.00583	0.01025
51	0.01661	0.01586	0.02702	0.26519	0.48939	0.01691	0.02162	0.02110	0.01590	0.02208	0.01343	0.01844	0.01092	0.00673	0.00722	0.00224	0.00898	0.00647	0.00348	0.01040
52	0.01630	0.01707	0.02877	0.02273	0.02504	0.02104	0.22300	0.01932	0.01303	0.01932	0.01117	0.01707	0.01001	0.01064	0.01904	0.00295	0.50456	0.00706	0.00334	0.00854
53	0.01094	0.00729	0.00900	0.00857	0.01031	0.00682	0.00643	0.01431	0.01929	0.02840	0.52957	0.04891	0.07814	0.01359	0.00782	0.00216	0.00343	0.01184	0.17638	0.00682
54	0.09484	0.01655	0.01738	0.01584	0.05115	0.04051	0.01193	0.16341	0.37319	0.05932	0.06070	0.02422	0.02031	0.00934	0.00712	0.00234	0.00646	0.00751	0.00689	0.01101
55	0.13147	0.01266	0.01924	0.57156	0.04203	0.01550	0.01744	0.01844	0.01417	0.02069	0.01428	0.06567	0.01194	0.00821	0.00698	0.00243	0.00872	0.00701	0.00365	0.00790
56	0.01136	0.01027	0.05073	0.08079	0.06107	0.00899	0.01026	0.01526	0.01944	0.02744	0.54747	0.04641	0.05591	0.01314	0.00827	0.00229	0.00478	0.01164	0.00698	0.00750
57	0.02814	0.01359	0.06145	0.01294	0.01858	0.01066	0.01125	0.03141	0.02005	0.55005	0.09038	0.02631	0.02178	0.00918	0.00728	0.00218	0.00617	0.00754	0.00820	0.06287
58	0.07092	0.44388	0.03112	0.01847	0.13103	0.11883	0.01395	0.02247	0.01580	0.01955	0.01232	0.01655	0.01128	0.00719	0.00561	0.00184	0.00845	0.03785	0.00355	0.00933
59	0.01351	0.00962	0.01166	0.01096	0.01333	0.00975	0.00825	0.02079	0.18446	0.07368	0.37891	0.15651	0.05032	0.01450	0.00831	0.00244	0.00432	0.01274	0.00772	0.00823
60	0.01718	0.04679	0.07582	0.03085	0.39601	0.07063	0.01797	0.04366	0.01819	0.02490	0.16121	0.02501	0.02349	0.00847	0.00733	0.00215	0.00796	0.00760	0.00463	0.01015
61	0.06748	0.08442	0.61453	0.01940	0.02942	0.01765	0.02460	0.02282	0.01511	0.02326	0.01265	0.01486	0.00913	0.00685	0.00659	0.00225	0.01020	0.00517	0.00317	0.01045
62	0.05632	0.68598	0.06296	0.01262	0.01894	0.02770	0.01278	0.02180	0.01468	0.01807	0.01022	0.01181	0.00925	0.00627	0.00474	0.00162	0.00779	0.00395	0.00317	0.00931
63	0.02428	0.11214	0.13642	0.02109	0.16827	0.01570	0.01613	0.02889	0.04051	0.33338	0.02049	0.02013	0.01417	0.00778	0.00688	0.00216	0.00766	0.00640	0.00604	0.01150
64	0.00930	0.00664	0.00917	0.01044	0.01104	0.00661	0.00724	0.01072	0.01330	0.01801	0.03475	0.56345	0.04050	0.02973	0.16302	0.02909	0.00759	0.01743	0.00602	0.00595
65	0.01475	0.03642	0.66316	0.02137	0.03189	0.01698	0.06938	0.02304	0.01547	0.02304	0.01315	0.01563	0.00933	0.00685	0.00702	0.00231	0.01084	0.00558	0.00311	0.01068

[dist]
# distance from previous block
# <min> <max>
0	3

[block]
# block no. 1 follows, 28 sequences, length 8
# corresponding to MSA columns:
# 135-142
name=unknown_B
#
# <colnr> <probs for GDERKNQSTAVLIFYWHMCP>
#	G	D	E	R	K	N	Q	S	T	A	V	L	I	F	Y	W	H	M	C	P
0	0.01458	0.03760	0.70688	0.02072	0.03146	0.01688	0.02686	0.02302	0.01535	0.02302	0.01304	0.01535	0.00921	0.00691	0.00691	0.00230	0.01074	0.00537	0.00307	0.01074
1	0.01760	0.02156	0.13309	0.10720	0.38524	0.06978	0.11526	0.02268	0.01655	0.02259	0.01346	0.01760	0.01074	0.00665	0.00731	0.00223	0.00992	0.00647	0.00350	0.01057
2	0.01373	0.01292	0.02180	0.72707	0.05006	0.01615	0.02019	0.01857	0.01453	0.01857	0.01292	0.01938	0.00969	0.00727	0.00727	0.00242	0.00969	0.00646	0.00323	0.00807
3	0.01339	0.01030	0.01347	0.13360	0.01999	0.01096	0.01091	0.12970	0.01821	0.02392	0.03375	0.34404	0.08309	0.01694	0.00864	0.00275	0.00613	0.10644	0.00623	0.00755
4	0.01608	0.01568	0.02773	0.33403	0.34799	0.01692	0.09462	0.02083	0.01576	0.02149	0.01347	0.01877	0.01068	0.00677	0.00738	0.00230	0.00949	0.00671	0.00345	0.00986
5	0.01729	0.01656	0.02824	0.15659	0.59268	0.01709	0.02196	0.02170	0.01622	0.02290	0.01355	0.01822	0.01121	0.00661	0.00721	0.00220	0.00881	0.00647	0.00354	0.01095
6	0.02067	0.01934	0.02497	0.10399	0.38630	0.13095	0.01864	0.06017	0.06623	0.07510	0.01567	0.01847	0.01227	0.00728	0.00713	0.00217	0.00905	0.00637	0.00446	0.01077
7	0.02275	0.01491	0.01745	0.01511	0.04357	0.01554	0.01156	0.27106	0.12189	0.17053	0.05891	0.12959	0.02301	0.01114	0.00759	0.00231	0.00643	0.00929	0.00735	0.03998

[dist]
# distance from previous block
# <min> <max>
3	9

[block]
# block no. 2 follows, 28 sequences, length 27
# corresponding to MSA columns:
# 152-178
name=unknown_C
#
# <colnr> <probs for GDERKNQSTAVLIFYWHMCP>
#	G	D	E	R	K	N	Q	S	T	A	V	L	I	F	Y	W	H	M	C	P
0	0.11986	0.10752	0.52371	0.01802	0.02720	0.01775	0.02223	0.02240	0.01504	0.02387	0.03207	0.01561	0.01076	0.00704	0.00640	0.00222	0.00954	0.00525	0.00341	0.01010
1	0.11049	0.07815	0.23599	0.04705	0.14344	0.11120	0.10143	0.04843	0.01679	0.02393	0.01273	0.01557	0.00984	0.00683	0.00670	0.00218	0.00993	0.00568	0.00367	0.00998
2	0.09534	0.02083	0.03926	0.01924	0.07520	0.15110	0.08674	0.16199	0.08304	0.02841	0.01498	0.01679	0.01163	0.00753	0.00736	0.00205	0.03684	0.00593	0.00493	0.13078
3	0.46891	0.01705	0.12727	0.03320	0.01864	0.01483	0.03633	0.02104	0.01421	0.06249	0.06242	0.06491	0.01575	0.00852	0.00588	0.00232	0.00661	0.00635	0.00482	0.00845
4	0.00909	0.00695	0.00838	0.00918	0.01056	0.00624	0.00658	0.01095	0.01586	0.02045	0.13503	0.37761	0.28350	0.02006	0.00898	0.00271	0.00405	0.05077	0.00690	0.00615
5	0.01550	0.02625	0.31940	0.02505	0.03335	0.01689	0.35540	0.02226	0.01617	0.02285	0.01576	0.06765	0.01283	0.00761	0.00792	0.00242	0.01106	0.00807	0.00363	0.00993
6	0.01023	0.00738	0.00966	0.00919	0.01085	0.00682	0.00685	0.01357	0.02029	0.02870	0.66762	0.08332	0.06772	0.01520	0.00860	0.00231	0.00346	0.01346	0.00795	0.00682
7	0.07622	0.69517	0.03609	0.01223	0.01832	0.02785	0.01210	0.02174	0.01459	0.01824	0.01011	0.01167	0.00922	0.00626	0.00465	0.00161	0.00762	0.00389	0.00321	0.00922
8	0.01477	0.01292	0.01658	0.17085	0.02457	0.01113	0.01120	0.01836	0.01495	0.02254	0.01292	0.01604	0.01053	0.00580	0.00580	0.00138	0.00635	0.00479	0.00407	0.61446
9	0.01018	0.00735	0.00962	0.00922	0.01084	0.00679	0.00685	0.01345	0.02009	0.02837	0.64743	0.10443	0.06709	0.01544	0.00862	0.00233	0.00349	0.01370	0.00791	0.00679
10	0.01943	0.74891	0.03809	0.01244	0.01866	0.02876	0.01244	0.02177	0.01477	0.01710	0.01011	0.01166	0.00933	0.00622	0.00466	0.00155	0.00777	0.00389	0.00311	0.00933
11	0.02919	0.03569	0.01660	0.01241	0.01753	0.01076	0.01023	0.03207	0.02058	0.59121	0.11759	0.02828	0.02450	0.00969	0.00739	0.00223	0.00587	0.00798	0.00867	0.01153
12	0.00886	0.00633	0.00843	0.01012	0.01054	0.00590	0.00675	0.01012	0.01392	0.01856	0.04006	0.73979	0.04808	0.02277	0.00928	0.00295	0.00422	0.02066	0.00675	0.00590
13	0.01507	0.01292	0.01507	0.01077	0.01723	0.00969	0.00861	0.01830	0.01507	0.02369	0.01292	0.01507	0.01077	0.00538	0.00538	0.00108	0.00538	0.00431	0.00431	0.78898
14	0.01009	0.00742	0.00944	0.00893	0.01074	0.00677	0.00670	0.01333	0.02010	0.02801	0.62112	0.05617	0.14354	0.01528	0.00858	0.00231	0.00346	0.01341	0.00785	0.00677
15	0.01799	0.01727	0.02950	0.04462	0.69919	0.01727	0.02231	0.02231	0.01655	0.02375	0.01367	0.01799	0.01151	0.00648	0.00720	0.00216	0.00864	0.00648	0.00360	0.01151
16	0.01839	0.07988	0.01874	0.04235	0.02023	0.01911	0.01201	0.06056	0.57642	0.02937	0.02677	0.02510	0.02020	0.00940	0.00715	0.00237	0.00617	0.00771	0.00685	0.01121
17	0.01124	0.00834	0.01039	0.01078	0.01239	0.00781	0.00759	0.06929	0.01583	0.02155	0.03486	0.59049	0.04052	0.01948	0.00864	0.00266	0.00469	0.01749	0.00650	0.09948
18	0.01960	0.64625	0.03511	0.01269	0.01857	0.02702	0.01226	0.07833	0.01642	0.01969	0.01232	0.05030	0.01162	0.00731	0.00513	0.00168	0.00761	0.00500	0.00366	0.00941
19	0.79588	0.01406	0.01068	0.00956	0.01406	0.01631	0.00787	0.02137	0.01237	0.03261	0.01012	0.01181	0.00787	0.00675	0.00450	0.00225	0.00562	0.00394	0.00450	0.00787
20	0.01826	0.02165	0.11901	0.03660	0.45762	0.07847	0.08842	0.02372	0.04283	0.02334	0.01410	0.01773	0.01139	0.00672	0.00725	0.00219	0.00956	0.00646	0.00370	0.01097
21	0.00907	0.00657	0.00857	0.00978	0.01055	0.00607	0.00668	0.01071	0.01515	0.02030	0.14596	0.58686	0.09436	0.02123	0.00912	0.00281	0.00406	0.01912	0.00695	0.00607
22	0.01212	0.01032	0.01489	0.01385	0.01476	0.01309	0.01109	0.01445	0.01210	0.01788	0.06122	0.02628	0.01880	0.03871	0.45064	0.00838	0.24281	0.00769	0.00394	0.00698
23	0.01040	0.00771	0.01129	0.01129	0.01245	0.00887	0.00859	0.01273	0.01157	0.01658	0.01983	0.03055	0.01904	0.12694	0.64450	0.01120	0.01817	0.00808	0.00395	0.00627
24	0.01345	0.01250	0.02091	0.63992	0.06981	0.01529	0.01909	0.01797	0.01455	0.01876	0.01532	0.08239	0.01312	0.00860	0.00744	0.00246	0.00917	0.00770	0.00355	0.00801
25	0.01749	0.01540	0.01842	0.07752	0.10647	0.01720	0.01337	0.03343	0.49735	0.02810	0.02499	0.02445	0.01898	0.00889	0.00721	0.00232	0.00641	0.00757	0.00635	0.06808
26	0.01641	0.01126	0.06051	0.06040	0.01689	0.00944	0.01008	0.03943	0.01852	0.18471	0.27324	0.14782	0.04059	0.06526	0.01016	0.00273	0.00553	0.01156	0.00709	0.00835

[dist]
# distance from previous block
# <min> <max>
9	24

[block]
# block no. 3 follows, 28 sequences, length 33
# corresponding to MSA columns:
# 209-241
name=unknown_D
#
# <colnr> <probs for GDERKNQSTAVLIFYWHMCP>
#	G	D	E	R	K	N	Q	S	T	A	V	L	I	F	Y	W	H	M	C	P
0	0.04687	0.30296	0.29091	0.01611	0.02386	0.03751	0.01784	0.08360	0.01734	0.08119	0.01352	0.01477	0.01025	0.00700	0.00603	0.00199	0.00885	0.00501	0.00404	0.01034
1	0.23679	0.12785	0.06237	0.01767	0.12313	0.07307	0.03013	0.03739	0.01626	0.10037	0.02052	0.02145	0.08854	0.00830	0.00620	0.00213	0.00740	0.00632	0.00480	0.00933
2	0.25854	0.17892	0.07161	0.01402	0.01935	0.05918	0.05503	0.04691	0.06419	0.08397	0.03873	0.01793	0.02878	0.00784	0.00639	0.00214	0.02667	0.00571	0.00482	0.00929
3	0.08572	0.05588	0.03735	0.01418	0.06470	0.01301	0.01074	0.02359	0.11472	0.15841	0.24352	0.03366	0.06215	0.01100	0.00806	0.00229	0.03588	0.00904	0.00679	0.00930
4	0.07349	0.48114	0.02997	0.01303	0.01796	0.05094	0.04993	0.01990	0.01468	0.01871	0.01549	0.12402	0.01589	0.03886	0.00698	0.00211	0.00753	0.00701	0.00387	0.00850
5	0.02055	0.06649	0.15807	0.02685	0.27713	0.09133	0.01855	0.02541	0.03519	0.13277	0.01587	0.01769	0.01198	0.00707	0.00681	0.00206	0.00877	0.00594	0.00451	0.06695
6	0.36260	0.15767	0.02007	0.01276	0.01808	0.02101	0.01095	0.26306	0.02089	0.03451	0.01283	0.01387	0.00981	0.00738	0.00556	0.00209	0.00691	0.00489	0.00526	0.00981
7	0.01075	0.01317	0.14315	0.01132	0.01470	0.00868	0.01062	0.01434	0.01706	0.02324	0.26606	0.11187	0.19004	0.06772	0.01048	0.00281	0.00549	0.06502	0.00630	0.00717
8	0.01244	0.01089	0.01170	0.01120	0.01269	0.08023	0.00842	0.01492	0.01765	0.02352	0.36464	0.10883	0.07476	0.09206	0.01291	0.00297	0.07110	0.05582	0.00650	0.00673
9	0.01593	0.01489	0.02447	0.15668	0.45425	0.01545	0.01910	0.02068	0.04351	0.02293	0.05410	0.06642	0.04278	0.00864	0.00747	0.00228	0.00797	0.00810	0.00423	0.01012
10	0.00924	0.00674	0.00922	0.04215	0.01256	0.00650	0.00764	0.01079	0.01411	0.01875	0.03877	0.66901	0.04600	0.02193	0.00923	0.00295	0.00461	0.05717	0.00659	0.00605
11	0.02106	0.02095	0.01787	0.01595	0.02007	0.20317	0.01232	0.07468	0.47013	0.02800	0.02399	0.02282	0.01819	0.00916	0.00717	0.00229	0.00784	0.00718	0.00642	0.01074
12	0.01799	0.01727	0.02950	0.04462	0.69919	0.01727	0.02231	0.02231	0.01655	0.02375	0.01367	0.01799	0.01151	0.00648	0.00720	0.00216	0.00864	0.00648	0.00360	0.01151
13	0.02983	0.01397	0.01754	0.01366	0.01908	0.01336	0.01121	0.15785	0.07121	0.50549	0.04998	0.02455	0.01899	0.00921	0.00735	0.00225	0.00641	0.00743	0.00852	0.01211
14	0.01508	0.03414	0.57922	0.02263	0.03272	0.01717	0.15105	0.02307	0.01569	0.02307	0.01336	0.01617	0.00956	0.00676	0.00723	0.00233	0.01103	0.00599	0.00319	0.01056
15	0.01551	0.01474	0.02503	0.44133	0.32185	0.01662	0.02108	0.02014	0.01538	0.02074	0.01324	0.01880	0.01045	0.00694	0.00724	0.00231	0.00925	0.00647	0.00338	0.00951
16	0.01380	0.01302	0.02182	0.70276	0.04900	0.01636	0.02004	0.01854	0.01442	0.01854	0.01280	0.01926	0.00968	0.00745	0.00784	0.00245	0.03446	0.00646	0.00323	0.00807
17	0.02885	0.01481	0.09473	0.01362	0.01945	0.01104	0.01224	0.03219	0.01969	0.57745	0.02772	0.07510	0.01916	0.00975	0.00741	0.00231	0.00656	0.00805	0.00816	0.01172
18	0.01861	0.01862	0.02946	0.04213	0.62117	0.06753	0.05060	0.02284	0.01687	0.02330	0.01354	0.01771	0.01134	0.00653	0.00721	0.00215	0.00912	0.00644	0.00361	0.01122
19	0.01467	0.00911	0.01281	0.01211	0.01435	0.00857	0.05134	0.01793	0.06384	0.15146	0.03686	0.44079	0.07549	0.04242	0.00962	0.00286	0.00530	0.01575	0.00695	0.00777
20	0.01799	0.01727	0.02950	0.04462	0.69919	0.01727	0.02231	0.02231	0.01655	0.02375	0.01367	0.01799	0.01151	0.00648	0.00720	0.00216	0.00864	0.00648	0.00360	0.01151
21	0.01730	0.01655	0.02796	0.06363	0.63836	0.01658	0.02125	0.02149	0.01649	0.02334	0.01719	0.02110	0.05184	0.00721	0.00728	0.00218	0.00838	0.00700	0.00377	0.01109
22	0.06598	0.01542	0.01800	0.01596	0.05048	0.01648	0.03513	0.34359	0.04369	0.03451	0.04568	0.07499	0.09459	0.01208	0.00784	0.00244	0.00698	0.09953	0.00667	0.00994
23	0.01630	0.01555	0.02646	0.31447	0.44252	0.01683	0.02147	0.02083	0.01575	0.02170	0.01338	0.01854	0.01079	0.00679	0.00722	0.00226	0.00905	0.00647	0.00345	0.01015
24	0.01751	0.01678	0.02863	0.12223	0.62537	0.01714	0.02207	0.02188	0.01632	0.02316	0.01359	0.01815	0.01131	0.00657	0.00720	0.00219	0.00876	0.00647	0.00356	0.01112
25	0.01441	0.06868	0.62995	0.01946	0.02945	0.01673	0.02479	0.02214	0.01540	0.02252	0.01688	0.01875	0.05424	0.00763	0.00691	0.00228	0.01014	0.00596	0.00331	0.01038
26	0.03256	0.01518	0.05027	0.01458	0.02047	0.01266	0.01227	0.07735	0.02223	0.61251	0.02840	0.02582	0.01856	0.00991	0.00796	0.00254	0.00705	0.00764	0.00903	0.01300
27	0.01799	0.01727	0.02950	0.04462	0.69919	0.01727	0.02231	0.02231	0.01655	0.02375	0.01367	0.01799	0.01151	0.00648	0.00720	0.00216	0.00864	0.00648	0.00360	0.01151
28	0.01799	0.01727	0.02950	0.04462	0.69919	0.01727	0.02231	0.02231	0.01655	0.02375	0.01367	0.01799	0.01151	0.00648	0.00720	0.00216	0.00864	0.00648	0.00360	0.01151
29	0.01673	0.01952	0.06630	0.02817	0.03449	0.01858	0.53781	0.02225	0.01624	0.02244	0.01459	0.02066	0.01161	0.00745	0.01065	0.00257	0.11079	0.02600	0.00367	0.00950
30	0.39613	0.06334	0.15128	0.01298	0.01911	0.01624	0.01276	0.05377	0.01589	0.17513	0.01502	0.01553	0.01060	0.00732	0.00571	0.00221	0.00699	0.00506	0.00523	0.00970
31	0.01809	0.06515	0.02952	0.04126	0.62607	0.01806	0.02121	0.02296	0.04451	0.02359	0.01411	0.01796	0.01182	0.00660	0.00704	0.00213	0.00846	0.00638	0.00373	0.01137
32	0.01513	0.13145	0.51267	0.01938	0.05502	0.01757	0.02262	0.02201	0.01565	0.02267	0.05738	0.01749	0.01328	0.00725	0.00666	0.00214	0.00954	0.00568	0.00347	0.04296

[dist]
# distance from previous block
# <min> <max>
1	10

[block]
# block no. 4 follows, 28 sequences, length 232
# corresponding to MSA columns:
# 252-262,322-542
name=unknown_E
#
# <colnr> <probs for GDERKNQSTAVLIFYWHMCP>
#	G	D	E	R	K	N	Q	S	T	A	V	L	I	F	Y	W	H	M	C	P
0	0.03716	0.18885	0.42604	0.02035	0.02934	0.01972	0.13633	0.02275	0.01546	0.02204	0.01262	0.01519	0.00952	0.00662	0.00665	0.00216	0.01022	0.00557	0.00322	0.01019
1	0.04227	0.01181	0.10263	0.01077	0.01391	0.00857	0.00959	0.01552	0.01871	0.05243	0.44886	0.10050	0.10821	0.01417	0.00820	0.00235	0.00468	0.01229	0.00704	0.00749
2	0.01555	0.02811	0.38243	0.02282	0.06125	0.04624	0.18607	0.02207	0.01596	0.02261	0.01537	0.06903	0.01271	0.00777	0.00740	0.00228	0.01030	0.00724	0.00362	0.06116
3	0.01629	0.05757	0.22800	0.02504	0.06825	0.01721	0.33291	0.02242	0.01622	0.02300	0.01372	0.01732	0.01042	0.00627	0.00741	0.00217	0.01049	0.00676	0.00356	0.11497
4	0.01757	0.01575	0.01504	0.01359	0.01742	0.09307	0.01055	0.03065	0.41419	0.05199	0.03526	0.03472	0.14508	0.01130	0.00753	0.00236	0.00623	0.03037	0.00678	0.04055
5	0.01686	0.01451	0.01861	0.01344	0.01990	0.01215	0.07337	0.10178	0.01769	0.02644	0.01367	0.01581	0.01099	0.00588	0.00593	0.00135	0.00638	0.00500	0.00462	0.61562
6	0.01706	0.01932	0.04128	0.02974	0.03652	0.01868	0.62159	0.02283	0.01669	0.02283	0.01430	0.01932	0.01091	0.00664	0.00977	0.00251	0.06829	0.00841	0.00364	0.00966
7	0.02914	0.01513	0.07893	0.01382	0.01970	0.01222	0.01224	0.07561	0.05206	0.54292	0.05184	0.02465	0.01895	0.00905	0.00732	0.00226	0.00659	0.00735	0.00824	0.01197
8	0.02647	0.12142	0.17811	0.01477	0.02166	0.01503	0.01474	0.05209	0.01916	0.42999	0.02212	0.02052	0.01458	0.00812	0.00685	0.00216	0.00751	0.00636	0.00676	0.01157
9	0.01161	0.00773	0.01009	0.00932	0.01130	0.00707	0.00705	0.01495	0.02047	0.07039	0.63550	0.05295	0.08450	0.01461	0.00850	0.00229	0.00361	0.01285	0.00803	0.00718
10	0.00885	0.00636	0.00840	0.01003	0.01052	0.00591	0.00671	0.01013	0.01401	0.01859	0.04118	0.71744	0.06971	0.02263	0.00926	0.00294	0.00420	0.02049	0.00675	0.00591
11	0.02706	0.19782	0.05159	0.01290	0.01863	0.01523	0.01157	0.03004	0.01904	0.45815	0.06710	0.02299	0.01876	0.00859	0.00671	0.00208	0.00660	0.00675	0.00720	0.01118
12	0.01469	0.03692	0.68419	0.02152	0.05382	0.01689	0.02670	0.02300	0.01539	0.02304	0.01307	0.01544	0.00929	0.00689	0.00692	0.00230	0.01067	0.00541	0.00309	0.01077
13	0.01022	0.00738	0.00966	0.00919	0.01084	0.00681	0.00685	0.01355	0.02027	0.02866	0.66494	0.08611	0.06764	0.01523	0.00861	0.00232	0.00347	0.01349	0.00794	0.00681
14	0.01665	0.01683	0.05577	0.18396	0.50798	0.01660	0.02143	0.02121	0.01625	0.02286	0.04128	0.01965	0.01336	0.00700	0.00725	0.00222	0.00873	0.00670	0.00368	0.01058
15	0.01663	0.05842	0.40899	0.02807	0.23956	0.05732	0.04419	0.02310	0.01606	0.02273	0.01307	0.01603	0.01000	0.00675	0.00694	0.00221	0.01015	0.00572	0.00329	0.01077
16	0.01879	0.65412	0.12721	0.01354	0.02036	0.02718	0.01436	0.02193	0.01485	0.01789	0.01050	0.01215	0.00931	0.00631	0.00496	0.00165	0.00817	0.00408	0.00310	0.00952
17	0.00935	0.00673	0.00896	0.01057	0.01130	0.00635	0.00756	0.01100	0.01453	0.01917	0.04135	0.59329	0.07707	0.02210	0.00938	0.00300	0.00463	0.13088	0.00674	0.00605
18	0.01956	0.01629	0.01775	0.01626	0.04611	0.01854	0.01234	0.14900	0.52504	0.03259	0.02710	0.02673	0.02064	0.00984	0.00745	0.00243	0.00629	0.02732	0.00720	0.01151
19	0.02997	0.01197	0.01614	0.01261	0.01780	0.01052	0.01033	0.03336	0.04015	0.61736	0.09512	0.02776	0.02316	0.00961	0.00744	0.00226	0.00590	0.00792	0.00885	0.01180
20	0.01635	0.03513	0.63930	0.01996	0.03020	0.01627	0.02527	0.02424	0.01588	0.08974	0.01458	0.01627	0.01007	0.00711	0.00695	0.00230	0.01030	0.00556	0.00365	0.01090
21	0.01472	0.03677	0.67926	0.02169	0.05868	0.01690	0.02667	0.02299	0.01540	0.02305	0.01307	0.01545	0.00930	0.00689	0.00692	0.00230	0.01066	0.00542	0.00309	0.01077
22	0.04966	0.05395	0.01771	0.01363	0.01834	0.01537	0.01112	0.15619	0.17743	0.26671	0.06960	0.05370	0.02233	0.01020	0.00734	0.00231	0.00627	0.02950	0.00759	0.01106
23	0.01643	0.01420	0.01248	0.04150	0.01432	0.16255	0.00809	0.04530	0.01475	0.06194	0.02079	0.06470	0.02174	0.44287	0.02473	0.00503	0.00835	0.00914	0.00473	0.00637
24	0.01501	0.06134	0.62324	0.02176	0.05297	0.01740	0.06300	0.02297	0.01547	0.02285	0.01305	0.01554	0.00939	0.00682	0.00693	0.00228	0.01065	0.00554	0.00312	0.01066
25	0.02486	0.02068	0.02232	0.06917	0.15024	0.13531	0.01546	0.31056	0.05628	0.09775	0.01705	0.01811	0.01252	0.00808	0.00715	0.00216	0.00880	0.00637	0.00590	0.01122
26	0.01799	0.01727	0.02950	0.04462	0.69919	0.01727	0.02231	0.02231	0.01655	0.02375	0.01367	0.01799	0.01151	0.00648	0.00720	0.00216	0.00864	0.00648	0.00360	0.01151
27	0.01794	0.01742	0.03038	0.04370	0.65580	0.01734	0.06500	0.02237	0.01659	0.02372	0.01374	0.01810	0.01148	0.00645	0.00729	0.00218	0.00887	0.00661	0.00360	0.01140
28	0.01526	0.01395	0.01527	0.05716	0.01736	0.12520	0.05785	0.04281	0.01538	0.02032	0.04415	0.09879	0.02146	0.17428	0.07550	0.00412	0.06255	0.00903	0.12253	0.00703
29	0.01686	0.01612	0.02747	0.22532	0.52732	0.01697	0.02175	0.02132	0.01602	0.02238	0.01347	0.01836	0.01103	0.00669	0.00722	0.00223	0.00891	0.00647	0.00350	0.01060
30	0.00883	0.00643	0.00833	0.00984	0.01047	0.00593	0.00662	0.01015	0.01418	0.01866	0.04345	0.67225	0.11344	0.02233	0.00921	0.00290	0.00416	0.02013	0.00675	0.00593
31	0.03261	0.01237	0.01687	0.01293	0.01856	0.01068	0.01068	0.03543	0.02081	0.70423	0.02868	0.02474	0.01799	0.00900	0.00731	0.00225	0.00619	0.00731	0.00900	0.01237
32	0.01440	0.03632	0.67739	0.02023	0.03059	0.01646	0.02601	0.02263	0.01557	0.02328	0.04190	0.01699	0.01172	0.00724	0.00698	0.00230	0.01043	0.00570	0.00328	0.01058
33	0.00894	0.00644	0.00850	0.01011	0.01066	0.00600	0.00686	0.01030	0.01413	0.01871	0.04146	0.68877	0.07593	0.02249	0.00927	0.00294	0.00428	0.04152	0.00675	0.00594
34	0.79588	0.01406	0.01068	0.00956	0.01406	0.01631	0.00787	0.02137	0.01237	0.03261	0.01012	0.01181	0.00787	0.00675	0.00450	0.00225	0.00562	0.00394	0.00450	0.00787
35	0.01455	0.01281	0.01318	0.01299	0.01589	0.06507	0.01046	0.02380	0.26397	0.02418	0.04082	0.05389	0.17512	0.01499	0.00848	0.00271	0.00617	0.22567	0.00674	0.00848
36	0.06040	0.01272	0.01698	0.01338	0.01850	0.01167	0.03101	0.08601	0.02078	0.52990	0.02770	0.09650	0.01996	0.01020	0.00743	0.00232	0.00630	0.00851	0.00827	0.01145
37	0.00898	0.00641	0.00857	0.01026	0.01073	0.00601	0.00696	0.01033	0.01404	0.01869	0.04000	0.71195	0.04781	0.02266	0.00931	0.00297	0.00432	0.04732	0.00675	0.00594
38	0.00886	0.00633	0.00843	0.01012	0.01054	0.00590	0.00675	0.01012	0.01392	0.01856	0.04006	0.73979	0.04808	0.02277	0.00928	0.00295	0.00422	0.02066	0.00675	0.00590
39	0.02754	0.01442	0.01740	0.01400	0.01919	0.01451	0.01135	0.12162	0.22451	0.41197	0.02746	0.02449	0.01852	0.00922	0.00733	0.00231	0.00630	0.00748	0.00828	0.01211
40	0.01943	0.74891	0.03809	0.01244	0.01866	0.02876	0.01244	0.02177	0.01477	0.01710	0.01011	0.01166	0.00933	0.00622	0.00466	0.00155	0.00777	0.00389	0.00311	0.00933
41	0.01507	0.01292	0.01507	0.01077	0.01723	0.00969	0.00861	0.01830	0.01507	0.02369	0.01292	0.01507	0.01077	0.00538	0.00538	0.00108	0.00538	0.00431	0.00431	0.78898
42	0.01589	0.06064	0.60818	0.02053	0.03055	0.04565	0.05208	0.02359	0.01577	0.04245	0.01339	0.01558	0.00955	0.00693	0.00689	0.00226	0.01067	0.00548	0.00330	0.01061
43	0.05884	0.01558	0.01784	0.01429	0.01918	0.01620	0.01156	0.35453	0.02618	0.24000	0.02392	0.12767	0.01922	0.01083	0.00747	0.00232	0.00678	0.00878	0.00760	0.01121
44	0.02715	0.03464	0.02060	0.01873	0.02247	0.71536	0.01404	0.02903	0.02060	0.01779	0.01124	0.01311	0.00936	0.00749	0.00655	0.00187	0.01311	0.00468	0.00375	0.00843
45	0.00859	0.00736	0.00736	0.00736	0.00982	0.00614	0.00552	0.01043	0.01657	0.01964	0.07364	0.06996	0.69624	0.01841	0.00859	0.00245	0.00368	0.01534	0.00675	0.00614
46	0.01771	0.01699	0.02900	0.08937	0.65663	0.01720	0.02217	0.02206	0.01642	0.02341	0.01362	0.01808	0.01139	0.00653	0.00720	0.00218	0.00870	0.00648	0.00357	0.01129
47	0.02331	0.01793	0.01866	0.01515	0.01965	0.04840	0.01202	0.45931	0.09447	0.03750	0.02085	0.08135	0.01765	0.08711	0.01054	0.00277	0.00758	0.00823	0.00679	0.01074
48	0.00885	0.00637	0.00839	0.01000	0.01051	0.00591	0.00670	0.01013	0.01403	0.01860	0.04148	0.71146	0.07549	0.02259	0.00925	0.00293	0.00419	0.02044	0.00675	0.00591
49	0.01841	0.01740	0.02917	0.04341	0.66990	0.01750	0.02194	0.05056	0.01731	0.02470	0.01384	0.01797	0.01155	0.00657	0.00720	0.00216	0.00861	0.00648	0.00376	0.01155
50	0.01506	0.10778	0.64089	0.01990	0.03020	0.01805	0.02543	0.02290	0.01529	0.02244	0.01275	0.01498	0.00922	0.00684	0.00668	0.00223	0.01045	0.00522	0.00307	0.01060
51	0.01123	0.00809	0.01111	0.01269	0.01427	0.00798	0.01082	0.01427	0.01643	0.02129	0.04075	0.15025	0.08148	0.02026	0.00987	0.00325	0.00625	0.54642	0.00670	0.00658
52	0.00903	0.00644	0.00851	0.00997	0.01047	0.00602	0.00667	0.01041	0.01430	0.01920	0.08914	0.66308	0.04886	0.04797	0.01022	0.00305	0.00426	0.01973	0.00676	0.00592
53	0.01744	0.09865	0.20624	0.02540	0.03338	0.01934	0.40135	0.06583	0.01758	0.02407	0.01400	0.01759	0.01049	0.00650	0.00768	0.00230	0.01114	0.00717	0.00370	0.01016
54	0.00904	0.00718	0.00784	0.00823	0.00995	0.00632	0.00589	0.01061	0.01530	0.01881	0.05917	0.19213	0.45830	0.11370	0.01248	0.00319	0.00436	0.04518	0.00644	0.00589
55	0.02335	0.01445	0.01581	0.01268	0.01702	0.01532	0.01029	0.35335	0.02562	0.13102	0.02123	0.02188	0.01536	0.00867	0.00650	0.00202	0.00612	0.00673	0.28219	0.01039
56	0.01864	0.01857	0.02796	0.06714	0.59089	0.07853	0.02112	0.02334	0.04075	0.02327	0.01400	0.01794	0.01164	0.00672	0.00715	0.00215	0.00897	0.00638	0.00373	0.01111
57	0.01979	0.71737	0.03739	0.01262	0.01882	0.02849	0.01250	0.05004	0.01561	0.01834	0.01042	0.01191	0.00946	0.00633	0.00478	0.00158	0.00778	0.00400	0.00329	0.00946
58	0.28749	0.09870	0.14620	0.01650	0.04355	0.16777	0.03766	0.05030	0.01607	0.02532	0.01145	0.01362	0.00908	0.00721	0.00664	0.00215	0.04249	0.00482	0.00393	0.00904
59	0.02188	0.54225	0.03290	0.01401	0.01959	0.19739	0.01276	0.02412	0.01646	0.04569	0.01115	0.01256	0.00970	0.00665	0.00524	0.00166	0.00902	0.00422	0.00351	0.00923
60	0.01750	0.03922	0.02334	0.10281	0.06905	0.01834	0.08777	0.07632	0.08194	0.04683	0.01509	0.01892	0.01225	0.01066	0.03575	0.00278	0.23725	0.00667	0.02560	0.07190
61	0.02608	0.12214	0.04395	0.01825	0.11052	0.01737	0.01369	0.16309	0.07239	0.30668	0.02127	0.02034	0.01477	0.00820	0.00690	0.00214	0.00722	0.00656	0.00677	0.01170
62	0.00859	0.00736	0.00736	0.00736	0.00982	0.00614	0.00552	0.01043	0.01657	0.01964	0.07364	0.06996	0.69624	0.01841	0.00859	0.00245	0.00368	0.01534	0.00675	0.00614
63	0.01323	0.01073	0.05685	0.01073	0.01359	0.00899	0.00895	0.06861	0.02134	0.06855	0.55821	0.04710	0.05730	0.01351	0.00829	0.00228	0.00443	0.01177	0.00768	0.00787
64	0.01593	0.01467	0.02370	0.03415	0.49083	0.01461	0.01793	0.02060	0.04612	0.02443	0.11832	0.03015	0.07167	0.00928	0.00763	0.00226	0.00731	0.03540	0.00476	0.01024
65	0.01042	0.00672	0.00899	0.01031	0.01107	0.00622	0.00701	0.01178	0.01437	0.06355	0.03932	0.69287	0.04610	0.02187	0.00915	0.00291	0.00435	0.01979	0.00690	0.00633
66	0.47693	0.01339	0.01305	0.01086	0.01570	0.01416	0.00894	0.04458	0.01607	0.27058	0.01737	0.01708	0.01195	0.00766	0.00559	0.00223	0.00581	0.00530	0.03320	0.00955
67	0.00905	0.00645	0.00856	0.01011	0.01059	0.00605	0.00681	0.01040	0.01409	0.01883	0.06056	0.67145	0.04773	0.04979	0.01033	0.00310	0.00437	0.03913	0.00670	0.00590
68	0.01158	0.00978	0.01559	0.01979	0.18178	0.00942	0.04853	0.01387	0.01475	0.02010	0.03212	0.52092	0.03696	0.01781	0.00873	0.00273	0.00576	0.01648	0.00580	0.00751
69	0.02763	0.02036	0.02182	0.01672	0.02254	0.02254	0.01382	0.67496	0.03418	0.04581	0.01745	0.01745	0.01236	0.00873	0.00727	0.00218	0.00800	0.00654	0.00727	0.01236
70	0.01018	0.00732	0.00940	0.01049	0.01135	0.00706	0.00722	0.05399	0.01568	0.02104	0.08165	0.64733	0.04708	0.02133	0.00910	0.00286	0.00441	0.01924	0.00686	0.00639
71	0.00892	0.00637	0.00849	0.01008	0.01056	0.00594	0.00675	0.01027	0.01420	0.01900	0.06778	0.71080	0.04894	0.02244	0.00925	0.00292	0.00418	0.02035	0.00680	0.00594
72	0.03115	0.01205	0.01640	0.01268	0.01805	0.01043	0.01043	0.03400	0.02079	0.65993	0.07243	0.02668	0.02131	0.00938	0.00739	0.00225	0.00600	0.00769	0.00893	0.01201
73	0.01029	0.00743	0.00972	0.00914	0.01086	0.00686	0.00686	0.01372	0.02058	0.02915	0.69536	0.05430	0.06859	0.01486	0.00857	0.00229	0.00343	0.01315	0.00800	0.00686
74	0.01057	0.00705	0.00793	0.00793	0.00793	0.00705	0.00440	0.01057	0.01057	0.01409	0.02290	0.04757	0.02643	0.74454	0.03700	0.00705	0.00705	0.01057	0.00440	0.00440
75	0.01680	0.01605	0.02735	0.23592	0.51724	0.01696	0.02171	0.02126	0.01599	0.02230	0.01346	0.01838	0.01100	0.00670	0.00722	0.00223	0.00893	0.00647	0.00349	0.01055
76	0.01943	0.74891	0.03809	0.01244	0.01866	0.02876	0.01244	0.02177	0.01477	0.01710	0.01011	0.01166	0.00933	0.00622	0.00466	0.00155	0.00777	0.00389	0.00311	0.00933
77	0.00861	0.00730	0.00743	0.00754	0.00986	0.00612	0.00560	0.01041	0.01640	0.01957	0.07155	0.11156	0.65599	0.01868	0.00863	0.00249	0.00372	0.01567	0.00675	0.00612
78	0.00865	0.00737	0.00745	0.00743	0.00986	0.00616	0.00557	0.01055	0.01672	0.01998	0.09638	0.06938	0.67328	0.01828	0.00859	0.00245	0.00367	0.01526	0.00680	0.00616
79	0.01507	0.01292	0.01507	0.01077	0.01723	0.00969	0.00861	0.01830	0.01507	0.02369	0.01292	0.01507	0.01077	0.00538	0.00538	0.00108	0.00538	0.00431	0.00431	0.78898
80	0.79588	0.01406	0.01068	0.00956	0.01406	0.01631	0.00787	0.02137	0.01237	0.03261	0.01012	0.01181	0.00787	0.00675	0.00450	0.00225	0.00562	0.00394	0.00450	0.00787
81	0.01109	0.00892	0.01206	0.01198	0.01338	0.03898	0.00930	0.01366	0.01206	0.01691	0.01912	0.02790	0.01780	0.05253	0.68571	0.01127	0.01920	0.00766	0.00389	0.00657
82	0.01380	0.01302	0.02182	0.70344	0.04903	0.01635	0.02004	0.01854	0.01442	0.01854	0.01281	0.01926	0.00968	0.00745	0.00782	0.00245	0.03377	0.00646	0.00323	0.00807
83	0.00859	0.00736	0.00736	0.00736	0.00982	0.00614	0.00552	0.01043	0.01657	0.01964	0.07364	0.06996	0.69624	0.01841	0.00859	0.00245	0.00368	0.01534	0.00675	0.00614
84	0.01373	0.01292	0.02180	0.72707	0.05006	0.01615	0.02019	0.01857	0.01453	0.01857	0.01292	0.01938	0.00969	0.00727	0.00727	0.00242	0.00969	0.00646	0.00323	0.00807
85	0.00886	0.00633	0.00843	0.01012	0.01054	0.00590	0.00675	0.01012	0.01392	0.01856	0.04006	0.73979	0.04808	0.02277	0.00928	0.00295	0.00422	0.02066	0.00675	0.00590
86	0.01507	0.01292	0.01507	0.01077	0.01723	0.00969	0.00861	0.01830	0.01507	0.02369	0.01292	0.01507	0.01077	0.00538	0.00538	0.00108	0.00538	0.00431	0.00431	0.78898
87	0.01808	0.01561	0.01644	0.01479	0.01890	0.01808	0.01151	0.03863	0.68606	0.03041	0.02959	0.02712	0.02219	0.00986	0.00740	0.00247	0.00575	0.00822	0.00740	0.01151
88	0.01495	0.09235	0.65540	0.02008	0.03048	0.01780	0.02575	0.02292	0.01530	0.02256	0.01282	0.01506	0.00922	0.00685	0.00673	0.00224	0.01051	0.00526	0.00307	0.01063
89	0.01799	0.01727	0.02950	0.04462	0.69919	0.01727	0.02231	0.02231	0.01655	0.02375	0.01367	0.01799	0.01151	0.00648	0.00720	0.00216	0.00864	0.00648	0.00360	0.01151
90	0.01458	0.03760	0.70688	0.02072	0.03146	0.01688	0.02686	0.02302	0.01535	0.02302	0.01304	0.01535	0.00921	0.00691	0.00691	0.00230	0.01074	0.00537	0.00307	0.01074
91	0.01157	0.01066	0.01969	0.01682	0.01951	0.00998	0.22432	0.01442	0.01498	0.02010	0.03178	0.50454	0.03597	0.01734	0.00905	0.00279	0.00684	0.01672	0.00574	0.00718
92	0.01623	0.03470	0.62034	0.02046	0.03063	0.01641	0.05219	0.02409	0.01589	0.08135	0.01445	0.01633	0.01004	0.00705	0.00701	0.00230	0.01042	0.00567	0.00360	0.01084
93	0.01159	0.00833	0.01154	0.01314	0.01485	0.00828	0.01146	0.01487	0.01673	0.02167	0.03992	0.08150	0.06851	0.02001	0.00998	0.00331	0.00657	0.62438	0.00670	0.00667
94	0.01794	0.01752	0.02682	0.03895	0.57473	0.06222	0.02011	0.02252	0.03795	0.02403	0.07237	0.02106	0.01659	0.00737	0.00728	0.00216	0.00839	0.00698	0.00410	0.01091
95	0.01017	0.00743	0.00956	0.00902	0.01079	0.00681	0.00677	0.01350	0.02031	0.02851	0.65337	0.05536	0.11097	0.01510	0.00857	0.00230	0.00345	0.01329	0.00792	0.00681
96	0.02763	0.02036	0.02182	0.01672	0.02254	0.02254	0.01382	0.67496	0.03418	0.04581	0.01745	0.01745	0.01236	0.00873	0.00727	0.00218	0.00800	0.00654	0.00727	0.01236
97	0.01799	0.01727	0.02950	0.04462	0.69919	0.01727	0.02231	0.02231	0.01655	0.02375	0.01367	0.01799	0.01151	0.00648	0.00720	0.00216	0.00864	0.00648	0.00360	0.01151
98	0.07110	0.27261	0.22996	0.01519	0.02232	0.02026	0.01612	0.04715	0.08801	0.12835	0.01617	0.01663	0.01201	0.00736	0.00611	0.00205	0.00807	0.00541	0.00469	0.01046
99	0.01015	0.00742	0.00952	0.00900	0.01077	0.00680	0.00675	0.01344	0.02024	0.02836	0.64375	0.05560	0.12069	0.01516	0.00857	0.00230	0.00345	0.01333	0.00790	0.00680
100	0.01783	0.01711	0.02922	0.06959	0.67544	0.01723	0.02223	0.02217	0.01648	0.02356	0.01365	0.01804	0.01145	0.00651	0.00720	0.00217	0.00867	0.00648	0.00358	0.01139
101	0.01799	0.01727	0.02950	0.04462	0.69919	0.01727	0.02231	0.02231	0.01655	0.02375	0.01367	0.01799	0.01151	0.00648	0.00720	0.00216	0.00864	0.00648	0.00360	0.01151
102	0.01344	0.01039	0.01341	0.01470	0.03723	0.01099	0.01199	0.02097	0.17818	0.02390	0.03557	0.06677	0.03615	0.01719	0.00931	0.00310	0.00653	0.47541	0.00677	0.00800
