[name]
unknown

[dist]
# distance from previous block
# <min> <max>
0	0

[block]
# block no. 0 follows, 29 sequences, length 79
# corresponding to MSA columns:
# 0-78
name=unknown_A
#
# <colnr> <probs for GDERKNQSTAVLIFYWHMCP>
#	G	D	E	R	K	N	Q	S	T	A	V	L	I	F	Y	W	H	M	C	P
0	0.01147	0.00820	0.01147	0.01311	0.01475	0.00820	0.01147	0.01475	0.01639	0.02131	0.03770	0.08032	0.04098	0.01967	0.00984	0.00328	0.00656	0.65741	0.00656	0.00656
1	0.03195	0.01212	0.01652	0.01267	0.01818	0.01047	0.01047	0.03470	0.02038	0.71026	0.02809	0.02424	0.01763	0.00881	0.00716	0.00220	0.00606	0.00716	0.00881	0.01212
2	0.01904	0.75404	0.03731	0.01218	0.01828	0.02818	0.01218	0.02132	0.01447	0.01675	0.00990	0.01142	0.00914	0.00609	0.00457	0.00152	0.00761	0.00381	0.00305	0.00914
3	0.01029	0.00756	0.00967	0.00909	0.01088	0.00709	0.00683	0.01419	0.04407	0.02826	0.65471	0.05279	0.08857	0.01451	0.00836	0.00225	0.00345	0.01278	0.00777	0.00686
4	0.01008	0.00728	0.00952	0.00896	0.01064	0.00672	0.00672	0.01344	0.02016	0.02855	0.70158	0.05319	0.06719	0.01456	0.00840	0.00224	0.00336	0.01288	0.00784	0.00672
5	0.01681	0.01921	0.04202	0.03001	0.03721	0.01801	0.67947	0.02281	0.01681	0.02281	0.01441	0.01921	0.01080	0.00600	0.00840	0.00240	0.01200	0.00840	0.00360	0.00960
6	0.01048	0.00797	0.01159	0.01142	0.01249	0.00936	0.00875	0.01269	0.01130	0.01627	0.01893	0.02935	0.01824	0.12699	0.61048	0.01051	0.05530	0.00785	0.00383	0.00621
7	0.01488	0.01412	0.02395	0.49557	0.27487	0.01620	0.02049	0.01945	0.01492	0.01994	0.01291	0.01852	0.01011	0.00685	0.00710	0.00228	0.00914	0.00633	0.00329	0.00907
8	0.00885	0.00632	0.00846	0.01011	0.01060	0.00593	0.00691	0.01021	0.01380	0.01837	0.03915	0.70388	0.04672	0.02214	0.00913	0.00292	0.00428	0.05976	0.00661	0.00583
9	0.01428	0.03683	0.71286	0.02030	0.03082	0.01654	0.02631	0.02255	0.01503	0.02255	0.01278	0.01503	0.00902	0.00677	0.00677	0.00226	0.01052	0.00526	0.00301	0.01052
10	0.04296	0.01270	0.02095	0.70550	0.04772	0.01583	0.01932	0.01830	0.01416	0.01871	0.01255	0.01871	0.00943	0.00710	0.00702	0.00237	0.00934	0.00624	0.00321	0.00790
11	0.01147	0.00820	0.01147	0.01311	0.01475	0.00820	0.01147	0.01475	0.01639	0.02131	0.03770	0.08032	0.04098	0.01967	0.00984	0.00328	0.00656	0.65741	0.00656	0.00656
12	0.01008	0.00741	0.00948	0.00934	0.01089	0.00699	0.00685	0.01369	0.04794	0.02624	0.52016	0.19111	0.08089	0.01601	0.00849	0.00238	0.00362	0.01421	0.00753	0.00671
13	0.01888	0.38319	0.08064	0.04343	0.02088	0.14592	0.01307	0.02183	0.01558	0.01874	0.01102	0.01297	0.00945	0.00623	0.00532	0.00157	0.00835	0.00425	0.00341	0.17527
14	0.01450	0.06991	0.68170	0.01992	0.03024	0.01707	0.02566	0.02249	0.01501	0.02228	0.01265	0.01487	0.00903	0.00673	0.00666	0.00222	0.01039	0.00519	0.00301	0.01046
15	0.00881	0.00625	0.00822	0.00975	0.01013	0.00587	0.00643	0.00995	0.01338	0.01784	0.03793	0.69057	0.04544	0.07910	0.01121	0.00321	0.00435	0.01947	0.00643	0.00567
16	0.01885	0.64471	0.11008	0.01333	0.01980	0.05702	0.01379	0.02176	0.01478	0.01741	0.01026	0.01188	0.00913	0.00622	0.00489	0.00162	0.00816	0.00400	0.00307	0.00925
17	0.01904	0.75404	0.03731	0.01218	0.01828	0.02818	0.01218	0.02132	0.01447	0.01675	0.00990	0.01142	0.00914	0.00609	0.00457	0.00152	0.00761	0.00381	0.00305	0.00914
18	0.00868	0.00620	0.00826	0.00991	0.01033	0.00578	0.00661	0.00991	0.01363	0.01818	0.03925	0.74510	0.04710	0.02231	0.00909	0.00289	0.00413	0.02024	0.00661	0.00578
19	0.01448	0.06598	0.68540	0.01997	0.03031	0.01701	0.02573	0.02250	0.01501	0.02231	0.01266	0.01489	0.00902	0.00674	0.00668	0.00223	0.01041	0.00520	0.00301	0.01047
20	0.01525	0.01488	0.02673	0.41632	0.16899	0.01642	0.15515	0.03822	0.01574	0.02094	0.01404	0.02058	0.01113	0.00716	0.00745	0.00235	0.00968	0.02649	0.00354	0.00897
21	0.01345	0.01266	0.02136	0.73264	0.04904	0.01582	0.01978	0.01819	0.01424	0.01819	0.01266	0.01898	0.00949	0.00712	0.00712	0.00237	0.00949	0.00633	0.00316	0.00791
22	0.60201	0.01541	0.03413	0.03732	0.01650	0.04522	0.00951	0.07564	0.01461	0.03112	0.01201	0.01505	0.00959	0.00728	0.00507	0.00221	0.00628	0.02458	0.02832	0.00813
23	0.00875	0.00662	0.00808	0.00905	0.01012	0.00604	0.00625	0.01023	0.01441	0.01857	0.06663	0.46672	0.24551	0.04801	0.03728	0.00320	0.00462	0.01761	0.00646	0.00585
24	0.01036	0.00690	0.00777	0.00777	0.00777	0.00690	0.00431	0.01036	0.01036	0.01381	0.02244	0.04660	0.02589	0.74975	0.03624	0.00690	0.00690	0.01036	0.00431	0.00431
25	0.02177	0.05687	0.01939	0.01531	0.02003	0.06661	0.01231	0.26999	0.37313	0.03376	0.02247	0.02142	0.01675	0.00892	0.00701	0.00223	0.00702	0.00700	0.00674	0.01126
26	0.01463	0.01425	0.02222	0.59221	0.12476	0.04869	0.01959	0.01906	0.01463	0.01872	0.01255	0.01842	0.00968	0.00723	0.00766	0.00234	0.03555	0.00625	0.00323	0.00832
27	0.01794	0.01428	0.02417	0.39122	0.03777	0.01611	0.13238	0.04922	0.01622	0.13772	0.01546	0.01952	0.01120	0.00777	0.00887	0.00241	0.07746	0.00683	0.00436	0.00908
28	0.01428	0.03683	0.71286	0.02030	0.03082	0.01654	0.02631	0.02255	0.01503	0.02255	0.01278	0.01503	0.00902	0.00677	0.00677	0.00226	0.01052	0.00526	0.00301	0.01052
29	0.00842	0.00721	0.00721	0.00721	0.00962	0.00601	0.00541	0.01022	0.01623	0.01924	0.07213	0.06853	0.70244	0.01803	0.00842	0.00240	0.00361	0.01503	0.00661	0.00601
30	0.03001	0.01388	0.01783	0.04670	0.02047	0.01330	0.01158	0.17791	0.02301	0.53026	0.02493	0.02240	0.01602	0.00868	0.00715	0.00220	0.00661	0.00696	0.00818	0.01192
31	0.01428	0.03683	0.71286	0.02030	0.03082	0.01654	0.02631	0.02255	0.01503	0.02255	0.01278	0.01503	0.00902	0.00677	0.00677	0.00226	0.01052	0.00526	0.00301	0.01052
32	0.00848	0.00722	0.00731	0.00728	0.00966	0.00604	0.00546	0.01035	0.01639	0.01962	0.09779	0.06790	0.67655	0.01789	0.00842	0.00240	0.00360	0.01494	0.00666	0.00604
33	0.01008	0.00728	0.00952	0.00896	0.01064	0.00672	0.00672	0.01344	0.02016	0.02855	0.70158	0.05319	0.06719	0.01456	0.00840	0.00224	0.00336	0.01288	0.00784	0.00672
34	0.01762	0.01692	0.02890	0.04371	0.70533	0.01692	0.02185	0.02185	0.01621	0.02326	0.01339	0.01762	0.01128	0.00634	0.00705	0.00211	0.00846	0.00634	0.00352	0.01128
35	0.01688	0.01899	0.04076	0.03132	0.10120	0.01790	0.61649	0.02272	0.01675	0.02285	0.01431	0.01906	0.01085	0.00604	0.00827	0.00237	0.01167	0.00821	0.00359	0.00976
36	0.01345	0.01266	0.02136	0.73264	0.04904	0.01582	0.01978	0.01819	0.01424	0.01819	0.01266	0.01898	0.00949	0.00712	0.00712	0.00237	0.00949	0.00633	0.00316	0.00791
37	0.01363	0.01277	0.02113	0.70144	0.04772	0.01590	0.01941	0.01905	0.04371	0.01870	0.01337	0.01931	0.01002	0.00723	0.00712	0.00237	0.00932	0.00640	0.00334	0.00806
38	0.01762	0.01692	0.02890	0.04371	0.70533	0.01692	0.02185	0.02185	0.01621	0.02326	0.01339	0.01762	0.01128	0.00634	0.00705	0.00211	0.00846	0.00634	0.00352	0.01128
39	0.01034	0.00695	0.00801	0.00801	0.00810	0.00704	0.00462	0.01051	0.01043	0.01399	0.02221	0.04536	0.02535	0.70343	0.08183	0.00721	0.00771	0.01017	0.00428	0.00445
40	0.01428	0.03683	0.71286	0.02030	0.03082	0.01654	0.02631	0.02255	0.01503	0.02255	0.01278	0.01503	0.00902	0.00677	0.00677	0.00226	0.01052	0.00526	0.00301	0.01052
41	0.01017	0.00763	0.01144	0.01144	0.01272	0.00890	0.00890	0.01272	0.01144	0.01653	0.01907	0.02797	0.01780	0.05340	0.72153	0.01144	0.01907	0.00763	0.00381	0.00636
42	0.01345	0.01266	0.02136	0.73264	0.04904	0.01582	0.01978	0.01819	0.01424	0.01819	0.01266	0.01898	0.00949	0.00712	0.00712	0.00237	0.00949	0.00633	0.00316	0.00791
43	0.00868	0.00620	0.00826	0.00991	0.01033	0.00578	0.00661	0.00991	0.01363	0.01818	0.03925	0.74510	0.04710	0.02231	0.00909	0.00289	0.00413	0.02024	0.00661	0.00578
44	0.01758	0.01704	0.02959	0.04299	0.67038	0.01698	0.05626	0.02190	0.01624	0.02324	0.01345	0.01771	0.01125	0.00633	0.00712	0.00213	0.00864	0.00645	0.00353	0.01119
45	0.01345	0.01266	0.02136	0.73264	0.04904	0.01582	0.01978	0.01819	0.01424	0.01819	0.01266	0.01898	0.00949	0.00712	0.00712	0.00237	0.00949	0.00633	0.00316	0.00791
46	0.01477	0.01266	0.01477	0.01055	0.01687	0.00949	0.00844	0.01793	0.01477	0.02320	0.01266	0.01477	0.01055	0.00527	0.00527	0.00105	0.00527	0.00422	0.00422	0.79328
47	0.02519	0.01813	0.01936	0.01505	0.02020	0.01998	0.01237	0.59091	0.03095	0.04238	0.01793	0.01838	0.01295	0.00851	0.00683	0.00207	0.00722	0.00644	0.11378	0.01136
48	0.01477	0.01266	0.01477	0.01055	0.01687	0.00949	0.00844	0.01793	0.01477	0.02320	0.01266	0.01477	0.01055	0.00527	0.00527	0.00105	0.00527	0.00422	0.00422	0.79328
49	0.00868	0.00620	0.00826	0.00991	0.01033	0.00578	0.00661	0.00991	0.01363	0.01818	0.03925	0.74510	0.04710	0.02231	0.00909	0.00289	0.00413	0.02024	0.00661	0.00578
50	0.01762	0.01692	0.02890	0.04371	0.70533	0.01692	0.02185	0.02185	0.01621	0.02326	0.01339	0.01762	0.01128	0.00634	0.00705	0.00211	0.00846	0.00634	0.00352	0.01128
51	0.01609	0.02164	0.15157	0.02767	0.03517	0.01731	0.54682	0.02229	0.01640	0.02260	0.01505	0.04524	0.01185	0.00673	0.00816	0.00239	0.01147	0.00832	0.00361	0.00962
52	0.01904	0.75404	0.03731	0.01218	0.01828	0.02818	0.01218	0.02132	0.01447	0.01675	0.00990	0.01142	0.00914	0.00609	0.00457	0.00152	0.00761	0.00381	0.00305	0.00914
53	0.01029	0.00718	0.00916	0.00916	0.00965	0.00766	0.00606	0.01125	0.01077	0.01484	0.02116	0.03952	0.02282	0.48515	0.29664	0.00863	0.01153	0.00932	0.00412	0.00509
54	0.00913	0.00692	0.00847	0.00934	0.01051	0.00641	0.00652	0.01149	0.04119	0.02015	0.12797	0.47314	0.20287	0.01986	0.00877	0.00268	0.00397	0.01764	0.00679	0.00616
55	0.02908	0.05283	0.01811	0.01338	0.01870	0.04262	0.01103	0.08711	0.09515	0.51578	0.02563	0.02276	0.01683	0.00868	0.00700	0.00217	0.00652	0.00692	0.00799	0.01171
56	0.01017	0.00763	0.01144	0.01144	0.01272	0.00890	0.00890	0.01272	0.01144	0.01653	0.01907	0.02797	0.01780	0.05340	0.72153	0.01144	0.01907	0.00763	0.00381	0.00636
57	0.00847	0.00722	0.00729	0.00727	0.00965	0.00603	0.00545	0.01032	0.01636	0.01954	0.09251	0.06803	0.68188	0.01792	0.00842	0.00240	0.00360	0.01496	0.00665	0.00603
58	0.01724	0.48267	0.29292	0.01525	0.02302	0.02377	0.01753	0.02179	0.01468	0.01895	0.01099	0.01279	0.00909	0.00635	0.00540	0.00180	0.00872	0.00436	0.00303	0.00966
59	0.01017	0.00763	0.01144	0.01144	0.01272	0.00890	0.00890	0.01272	0.01144	0.01653	0.01907	0.02797	0.01780	0.05340	0.72153	0.01144	0.01907	0.00763	0.00381	0.00636
60	0.01428	0.03683	0.71286	0.02030	0.03082	0.01654	0.02631	0.02255	0.01503	0.02255	0.01278	0.01503	0.00902	0.00677	0.00677	0.00226	0.01052	0.00526	0.00301	0.01052
61	0.01797	0.01492	0.02013	0.02420	0.26255	0.01578	0.01462	0.09761	0.23830	0.05600	0.08687	0.02839	0.04732	0.00948	0.00741	0.00229	0.00664	0.03295	0.00597	0.01060
62	0.01893	0.01958	0.03569	0.02810	0.09592	0.04770	0.46130	0.12694	0.04438	0.02635	0.01513	0.01874	0.01139	0.00662	0.00795	0.00231	0.01082	0.00773	0.00428	0.01016
63	0.00868	0.00620	0.00826	0.00991	0.01033	0.00578	0.00661	0.00991	0.01363	0.01818	0.03925	0.74510	0.04710	0.02231	0.00909	0.00289	0.00413	0.02024	0.00661	0.00578
64	0.01888	0.72955	0.06038	0.01246	0.01870	0.02778	0.01267	0.02136	0.01449	0.01695	0.01000	0.01155	0.00913	0.00611	0.00464	0.00155	0.00771	0.00386	0.00304	0.00919
65	0.02500	0.01904	0.13711	0.05413	0.05160	0.01592	0.01507	0.21981	0.06831	0.28875	0.02093	0.02020	0.01415	0.00825	0.00708	0.00221	0.00759	0.00660	0.00671	0.01153
66	0.00868	0.00620	0.00826	0.00991	0.01033	0.00578	0.00661	0.00991	0.01363	0.01818	0.03925	0.74510	0.04710	0.02231	0.00909	0.00289	0.00413	0.02024	0.00661	0.00578
67	0.01345	0.01266	0.02136	0.73264	0.04904	0.01582	0.01978	0.01819	0.01424	0.01819	0.01266	0.01898	0.00949	0.00712	0.00712	0.00237	0.00949	0.00633	0.00316	0.00791
68	0.01274	0.01190	0.03854	0.32453	0.03023	0.01274	0.05498	0.04629	0.01534	0.02030	0.05852	0.18943	0.05103	0.04277	0.00966	0.00272	0.03492	0.03123	0.00469	0.00747
69	0.00868	0.00620	0.00826	0.00991	0.01033	0.00578	0.00661	0.00991	0.01363	0.01818	0.03925	0.74510	0.04710	0.02231	0.00909	0.00289	0.00413	0.02024	0.00661	0.00578
70	0.01345	0.01266	0.02136	0.73264	0.04904	0.01582	0.01978	0.01819	0.01424	0.01819	0.01266	0.01898	0.00949	0.00712	0.00712	0.00237	0.00949	0.00633	0.00316	0.00791
71	0.01641	0.01568	0.02672	0.24331	0.51519	0.01660	0.02125	0.02079	0.01564	0.02179	0.01318	0.01802	0.01076	0.00657	0.00707	0.00219	0.00876	0.00634	0.00342	0.01030
72	0.01799	0.01761	0.02855	0.04267	0.67748	0.04563	0.02152	0.02212	0.01638	0.02303	0.01330	0.01743	0.01119	0.00638	0.00702	0.00210	0.00864	0.00627	0.00353	0.01116
73	0.02923	0.01544	0.01846	0.01426	0.01977	0.01553	0.01175	0.29582	0.06083	0.40625	0.02370	0.02148	0.01562	0.00875	0.00715	0.00219	0.00675	0.00690	0.00805	0.01207
74	0.01267	0.00909	0.01393	0.01197	0.01451	0.00839	0.08971	0.01595	0.01861	0.08408	0.43804	0.10136	0.07206	0.04379	0.00953	0.00254	0.00497	0.03438	0.00708	0.00734
75	0.04802	0.01278	0.01593	0.01424	0.03938	0.01275	0.01125	0.13879	0.08611	0.30431	0.02793	0.08724	0.02322	0.01178	0.00773	0.00247	0.00633	0.13196	0.00747	0.01033
76	0.04423	0.01302	0.02132	0.49984	0.17556	0.01525	0.01851	0.01836	0.01433	0.01955	0.01404	0.04267	0.01173	0.03153	0.02950	0.00274	0.00917	0.00684	0.00345	0.00835
77	0.04582	0.09865	0.37238	0.02237	0.12160	0.01784	0.07571	0.02269	0.05636	0.02285	0.03505	0.01718	0.01206	0.00725	0.00748	0.00222	0.04285	0.00593	0.00360	0.01011
78	0.04602	0.01210	0.03512	0.01238	0.01525	0.01208	0.00961	0.13826	0.14724	0.07351	0.03006	0.35492	0.03057	0.03741	0.00882	0.00269	0.00556	0.01312	0.00671	0.00858

[dist]
# distance from previous block
# <min> <max>
0	12

[block]
# block no. 1 follows, 29 sequences, length 134
# corresponding to MSA columns:
# 91-224
name=unknown_B
#
# <colnr> <probs for GDERKNQSTAVLIFYWHMCP>
#	G	D	E	R	K	N	Q	S	T	A	V	L	I	F	Y	W	H	M	C	P
0	0.02160	0.14981	0.05433	0.04484	0.18781	0.31034	0.01598	0.04547	0.06629	0.02068	0.01299	0.01515	0.01067	0.00706	0.00637	0.00193	0.01003	0.00526	0.00384	0.00955
1	0.01655	0.01588	0.02681	0.13259	0.50085	0.01611	0.05728	0.02128	0.03567	0.02260	0.01583	0.01981	0.03550	0.00689	0.00710	0.00213	0.00839	0.00671	0.00373	0.04828
2	0.01766	0.01753	0.02713	0.14527	0.55646	0.06864	0.02094	0.02179	0.01621	0.02207	0.01311	0.01748	0.01086	0.00653	0.00701	0.00213	0.00894	0.00621	0.00348	0.01055
3	0.01227	0.00982	0.01390	0.01726	0.13383	0.00986	0.01154	0.01680	0.07913	0.02236	0.09593	0.20396	0.06420	0.01644	0.00876	0.00278	0.00587	0.26142	0.00623	0.00765
4	0.01719	0.01647	0.02811	0.11572	0.63673	0.01680	0.02164	0.02147	0.01601	0.02273	0.01332	0.01777	0.01109	0.00643	0.00706	0.00214	0.00857	0.00634	0.00349	0.01093
5	0.01701	0.01644	0.02849	0.04032	0.60752	0.01630	0.06963	0.02125	0.01626	0.02301	0.01655	0.02163	0.03994	0.00718	0.00729	0.00218	0.00847	0.02596	0.00374	0.01080
6	0.02707	0.01995	0.02137	0.01638	0.02208	0.02208	0.01353	0.68159	0.03348	0.04488	0.01710	0.01710	0.01211	0.00855	0.00712	0.00214	0.00784	0.00641	0.00712	0.01211
7	0.01080	0.00854	0.01178	0.01353	0.10591	0.00797	0.00860	0.01393	0.01869	0.02590	0.47901	0.08779	0.15167	0.01436	0.00825	0.00228	0.00414	0.01269	0.00700	0.00719
8	0.02707	0.01995	0.02137	0.01638	0.02208	0.02208	0.01353	0.68159	0.03348	0.04488	0.01710	0.01710	0.01211	0.00855	0.00712	0.00214	0.00784	0.00641	0.00712	0.01211
9	0.01904	0.75404	0.03731	0.01218	0.01828	0.02818	0.01218	0.02132	0.01447	0.01675	0.00990	0.01142	0.00914	0.00609	0.00457	0.00152	0.00761	0.00381	0.00305	0.00914
10	0.01015	0.00716	0.00917	0.00920	0.00985	0.00752	0.00620	0.01136	0.01168	0.01605	0.06691	0.06968	0.04707	0.40644	0.27299	0.00790	0.01073	0.01011	0.00453	0.00530
11	0.03109	0.01349	0.01737	0.01332	0.01886	0.01250	0.01100	0.14794	0.02267	0.59379	0.02617	0.02299	0.01666	0.00877	0.00715	0.00219	0.00637	0.00703	0.00852	0.01212
12	0.74958	0.01370	0.01074	0.00944	0.01397	0.01556	0.00776	0.02074	0.01229	0.03139	0.01009	0.01177	0.00789	0.00652	0.00446	0.00213	0.00549	0.00388	0.00439	0.05820
13	0.00983	0.00719	0.00925	0.00904	0.01065	0.00661	0.00675	0.01283	0.01900	0.02640	0.55474	0.12797	0.12054	0.01584	0.00852	0.00236	0.00357	0.03481	0.00756	0.00655
14	0.02313	0.01507	0.01924	0.07638	0.04968	0.01572	0.04083	0.30194	0.02435	0.19121	0.05102	0.07112	0.04139	0.01018	0.00751	0.00229	0.00715	0.03438	0.00685	0.01057
15	0.01378	0.01300	0.02197	0.67708	0.10197	0.01591	0.01994	0.01849	0.01440	0.01860	0.01272	0.01887	0.00964	0.00706	0.00711	0.00235	0.00941	0.00633	0.00319	0.00818
16	0.00842	0.00721	0.00721	0.00721	0.00962	0.00601	0.00541	0.01022	0.01623	0.01924	0.07213	0.06853	0.70244	0.01803	0.00842	0.00240	0.00361	0.01503	0.00661	0.00601
17	0.00946	0.00716	0.00881	0.00918	0.01082	0.00651	0.00694	0.01189	0.01708	0.02254	0.27971	0.20454	0.25585	0.01793	0.00874	0.00257	0.00403	0.10290	0.00703	0.00628
18	0.01522	0.20256	0.52741	0.01805	0.02717	0.01894	0.02232	0.02187	0.01476	0.02096	0.01236	0.01471	0.00940	0.00849	0.03503	0.00245	0.01019	0.00502	0.00305	0.01003
19	0.00843	0.00717	0.00726	0.00732	0.00965	0.00600	0.00546	0.01021	0.01613	0.01919	0.07082	0.09557	0.67625	0.01820	0.00844	0.00242	0.00363	0.01524	0.00661	0.00600
20	0.01017	0.00763	0.01144	0.01144	0.01272	0.00890	0.00890	0.01272	0.01144	0.01653	0.01907	0.02797	0.01780	0.05340	0.72153	0.01144	0.01907	0.00763	0.00381	0.00636
21	0.01390	0.01641	0.11738	0.57543	0.08336	0.01604	0.03988	0.01913	0.01453	0.01921	0.01277	0.01837	0.00957	0.00699	0.00710	0.00234	0.00965	0.00624	0.00318	0.00851
22	0.00886	0.00639	0.00843	0.00999	0.01060	0.00597	0.00689	0.01027	0.01397	0.01845	0.04091	0.66197	0.08193	0.02189	0.00910	0.00289	0.00427	0.06475	0.00661	0.00585
23	0.03071	0.01184	0.01613	0.01246	0.01775	0.01025	0.01025	0.03350	0.02037	0.67166	0.06623	0.02588	0.02043	0.00914	0.00723	0.00221	0.00591	0.00748	0.00876	0.01181
24	0.01372	0.01116	0.01265	0.01187	0.01456	0.01212	0.00899	0.02522	0.35720	0.02775	0.27251	0.13486	0.04158	0.01316	0.00791	0.00242	0.00461	0.01146	0.00737	0.00888
25	0.01737	0.01525	0.01743	0.04613	0.11344	0.08819	0.01372	0.11875	0.13974	0.02600	0.02604	0.04347	0.02471	0.01266	0.00813	0.00261	0.00761	0.26375	0.00591	0.00909
26	0.01345	0.01266	0.02136	0.73264	0.04904	0.01582	0.01978	0.01819	0.01424	0.01819	0.01266	0.01898	0.00949	0.00712	0.00712	0.00237	0.00949	0.00633	0.00316	0.00791
27	0.01047	0.00750	0.00972	0.00961	0.01012	0.00822	0.00654	0.01153	0.01081	0.01501	0.02064	0.03809	0.02209	0.44642	0.30888	0.00858	0.03733	0.00912	0.00407	0.00525
28	0.01762	0.01692	0.02890	0.04371	0.70533	0.01692	0.02185	0.02185	0.01621	0.02326	0.01339	0.01762	0.01128	0.00634	0.00705	0.00211	0.00846	0.00634	0.00352	0.01128
29	0.80005	0.01377	0.01047	0.00936	0.01377	0.01597	0.00771	0.02093	0.01212	0.03195	0.00991	0.01157	0.00771	0.00661	0.00441	0.00220	0.00551	0.00386	0.00441	0.00771
30	0.01904	0.75404	0.03731	0.01218	0.01828	0.02818	0.01218	0.02132	0.01447	0.01675	0.00990	0.01142	0.00914	0.00609	0.00457	0.00152	0.00761	0.00381	0.00305	0.00914
31	0.00862	0.00711	0.00757	0.00769	0.00980	0.00606	0.00568	0.01052	0.01635	0.02009	0.13412	0.14165	0.56384	0.01814	0.00849	0.00244	0.00364	0.01538	0.00674	0.00606
32	0.01792	0.24471	0.37280	0.01783	0.02584	0.11593	0.04155	0.04823	0.01633	0.02102	0.01192	0.01390	0.00925	0.00669	0.00614	0.00198	0.00993	0.00489	0.00329	0.00984
33	0.00866	0.00625	0.00820	0.00976	0.01029	0.00580	0.00654	0.00993	0.01378	0.01824	0.04111	0.70679	0.08421	0.02207	0.00905	0.00286	0.00410	0.01995	0.00661	0.00580
34	0.01237	0.00618	0.00928	0.00928	0.00928	0.00618	0.00618	0.00928	0.00928	0.01237	0.01237	0.02165	0.01237	0.02474	0.02783	0.79283	0.00618	0.00618	0.00309	0.00309
35	0.01036	0.00690	0.00777	0.00777	0.00777	0.00690	0.00431	0.01036	0.01036	0.01381	0.02244	0.04660	0.02589	0.74975	0.03624	0.00690	0.00690	0.01036	0.00431	0.00431
36	0.01484	0.01510	0.02866	0.45465	0.09010	0.01661	0.23663	0.01996	0.01522	0.02006	0.01328	0.01896	0.01005	0.00670	0.00754	0.00236	0.01025	0.00701	0.00333	0.00870
37	0.01018	0.00759	0.01124	0.01124	0.01244	0.00879	0.00864	0.01258	0.01138	0.01638	0.01926	0.02903	0.01826	0.09284	0.68272	0.01119	0.01838	0.00778	0.00384	0.00624
38	0.00875	0.00630	0.00831	0.00990	0.01043	0.00587	0.00671	0.01007	0.01383	0.01832	0.04059	0.69637	0.07468	0.02205	0.00908	0.00288	0.00418	0.03926	0.00661	0.00582
39	0.01428	0.03683	0.71286	0.02030	0.03082	0.01654	0.02631	0.02255	0.01503	0.02255	0.01278	0.01503	0.00902	0.00677	0.00677	0.00226	0.01052	0.00526	0.00301	0.01052
40	0.01036	0.00690	0.00777	0.00777	0.00777	0.00690	0.00431	0.01036	0.01036	0.01381	0.02244	0.04660	0.02589	0.74975	0.03624	0.00690	0.00690	0.01036	0.00431	0.00431
41	0.01327	0.00664	0.00664	0.00664	0.00830	0.00664	0.00498	0.01659	0.01493	0.02655	0.02323	0.02655	0.01825	0.00830	0.00498	0.00166	0.00332	0.00664	0.78928	0.00664
42	0.01452	0.01375	0.02330	0.55564	0.21766	0.01610	0.02031	0.01913	0.01475	0.01950	0.01285	0.01863	0.00995	0.00692	0.00710	0.00231	0.00923	0.00633	0.00326	0.00878
43	0.01616	0.02127	0.22654	0.02116	0.02818	0.01455	0.29244	0.02179	0.01683	0.09411	0.07120	0.02688	0.09824	0.00857	0.00780	0.00233	0.00933	0.00848	0.00463	0.00949
44	0.01480	0.01404	0.02381	0.50875	0.26232	0.01618	0.02045	0.01938	0.01488	0.01984	0.01290	0.01854	0.01007	0.00687	0.00710	0.00229	0.00916	0.00633	0.00328	0.00900
45	0.04248	0.01599	0.04495	0.42135	0.26100	0.05416	0.01992	0.02017	0.01516	0.02042	0.01272	0.01783	0.00999	0.00685	0.00695	0.00225	0.00923	0.00612	0.00335	0.00911
46	0.02486	0.03103	0.02044	0.01840	0.02149	0.61056	0.01405	0.02665	0.01871	0.01738	0.01074	0.01327	0.00920	0.00815	0.00910	0.00204	0.12733	0.00485	0.00358	0.00818
47	0.80005	0.01377	0.01047	0.00936	0.01377	0.01597	0.00771	0.02093	0.01212	0.03195	0.00991	0.01157	0.00771	0.00661	0.00441	0.00220	0.00551	0.00386	0.00441	0.00771
48	0.01381	0.01310	0.02165	0.63534	0.06721	0.01648	0.01940	0.01820	0.01395	0.01825	0.01233	0.01858	0.00954	0.00765	0.00882	0.00244	0.08574	0.00632	0.00317	0.00801
49	0.01122	0.00805	0.01116	0.01275	0.01434	0.00799	0.01101	0.01434	0.01623	0.02107	0.03886	0.11760	0.06187	0.01977	0.00975	0.00323	0.00633	0.60137	0.00656	0.00650
50	0.01762	0.01692	0.02890	0.04371	0.70533	0.01692	0.02185	0.02185	0.01621	0.02326	0.01339	0.01762	0.01128	0.00634	0.00705	0.00211	0.00846	0.00634	0.00352	0.01128
51	0.01763	0.01682	0.02809	0.04185	0.66158	0.01697	0.02118	0.02287	0.05929	0.02368	0.01439	0.01819	0.01195	0.00656	0.00706	0.00213	0.00828	0.00645	0.00376	0.01128
52	0.02115	0.00994	0.01320	0.01098	0.01463	0.00893	0.00872	0.02476	0.04234	0.36588	0.34628	0.03799	0.04117	0.01155	0.00775	0.00223	0.00477	0.00989	0.00830	0.00954
53	0.00868	0.00620	0.00826	0.00991	0.01033	0.00578	0.00661	0.00991	0.01363	0.01818	0.03925	0.74510	0.04710	0.02231	0.00909	0.00289	0.00413	0.02024	0.00661	0.00578
54	0.07328	0.01221	0.01620	0.01249	0.01794	0.01076	0.01032	0.03396	0.01994	0.67377	0.02711	0.02355	0.01709	0.00869	0.00701	0.00220	0.00603	0.00698	0.00858	0.01188
55	0.01684	0.04839	0.03972	0.05931	0.10143	0.01822	0.56210	0.02247	0.01655	0.02242	0.01405	0.01873	0.01073	0.00608	0.00807	0.00234	0.01138	0.00793	0.00355	0.00968
56	0.01373	0.00795	0.01055	0.00979	0.01193	0.00722	0.00737	0.01661	0.01904	0.14833	0.46384	0.17086	0.05478	0.01491	0.00830	0.00235	0.00398	0.01317	0.00779	0.00752
57	0.00881	0.00726	0.00776	0.00774	0.00999	0.00621	0.00587	0.01093	0.01688	0.02085	0.17433	0.06648	0.57148	0.01753	0.00847	0.00241	0.00368	0.04035	0.00681	0.00615
58	0.01362	0.01283	0.02166	0.70481	0.07555	0.01586	0.01986	0.01834	0.01432	0.01840	0.01269	0.01893	0.00956	0.00709	0.00712	0.00236	0.00945	0.00633	0.00318	0.00805
59	0.01029	0.00687	0.00779	0.00785	0.00787	0.00686	0.00441	0.01034	0.01049	0.01399	0.02312	0.07513	0.02675	0.72004	0.03513	0.00674	0.00679	0.01076	0.00441	0.00437
60	0.01558	0.01558	0.02181	0.01869	0.01869	0.02181	0.01558	0.01714	0.01091	0.01714	0.00935	0.01558	0.00935	0.01246	0.02337	0.00312	0.73672	0.00623	0.00312	0.00779
61	0.01477	0.01266	0.01477	0.01055	0.01687	0.00949	0.00844	0.01793	0.01477	0.02320	0.01266	0.01477	0.01055	0.00527	0.00527	0.00105	0.00527	0.00422	0.00422	0.79328
62	0.01762	0.01692	0.02890	0.04371	0.70533	0.01692	0.02185	0.02185	0.01621	0.02326	0.01339	0.01762	0.01128	0.00634	0.00705	0.00211	0.00846	0.00634	0.00352	0.01128
63	0.01003	0.00724	0.00947	0.00899	0.01063	0.00669	0.00671	0.01331	0.01993	0.02819	0.67836	0.07744	0.06648	0.01483	0.00842	0.00226	0.00339	0.01314	0.00780	0.00669
64	0.01762	0.01257	0.01506	0.01090	0.01709	0.00965	0.00877	0.02071	0.01570	0.13727	0.01522	0.01634	0.01172	0.00586	0.00559	0.00125	0.00540	0.00471	0.00498	0.66359
65	0.69610	0.01449	0.03794	0.01010	0.01485	0.01547	0.00869	0.02232	0.01302	0.09683	0.01177	0.01292	0.00872	0.00683	0.00476	0.00221	0.00575	0.00423	0.00478	0.00824
66	0.01008	0.00728	0.00952	0.00896	0.01064	0.00672	0.00672	0.01344	0.02016	0.02855	0.70158	0.05319	0.06719	0.01456	0.00840	0.00224	0.00336	0.01288	0.00784	0.00672
67	0.01237	0.00618	0.00928	0.00928	0.00928	0.00618	0.00618	0.00928	0.00928	0.01237	0.01237	0.02165	0.01237	0.02474	0.02783	0.79283	0.00618	0.00618	0.00309	0.00309
68	0.00855	0.00726	0.00739	0.00746	0.00984	0.00610	0.00567	0.01041	0.01624	0.01932	0.07068	0.06903	0.67442	0.01810	0.00848	0.00244	0.00373	0.04224	0.00661	0.00603
69	0.01040	0.00797	0.01188	0.01175	0.01297	0.00945	0.00918	0.01290	0.01142	0.01656	0.01866	0.02745	0.01744	0.05167	0.69195	0.01109	0.04948	0.00757	0.00379	0.00642
70	0.03195	0.01212	0.01652	0.01267	0.01818	0.01047	0.01047	0.03470	0.02038	0.71026	0.02809	0.02424	0.01763	0.00881	0.00716	0.00220	0.00606	0.00716	0.00881	0.01212
71	0.03195	0.01212	0.01652	0.01267	0.01818	0.01047	0.01047	0.03470	0.02038	0.71026	0.02809	0.02424	0.01763	0.00881	0.00716	0.00220	0.00606	0.00716	0.00881	0.01212
72	0.03141	0.01298	0.01706	0.01308	0.01861	0.01175	0.01081	0.10631	0.02183	0.63661	0.02687	0.02345	0.01702	0.00878	0.00716	0.00220	0.00626	0.00708	0.00863	0.01212
73	0.01230	0.00621	0.00923	0.00923	0.00923	0.00621	0.00612	0.00931	0.00931	0.01242	0.01270	0.02247	0.01281	0.04867	0.02811	0.76688	0.00621	0.00632	0.00313	0.00313
74	0.01428	0.03683	0.71286	0.02030	0.03082	0.01654	0.02631	0.02255	0.01503	0.02255	0.01278	0.01503	0.00902	0.00677	0.00677	0.00226	0.01052	0.00526	0.00301	0.01052
75	0.01036	0.00690	0.00777	0.00777	0.00777	0.00690	0.00431	0.01036	0.01036	0.01381	0.02244	0.04660	0.02589	0.74975	0.03624	0.00690	0.00690	0.01036	0.00431	0.00431
76	0.01904	0.75404	0.03731	0.01218	0.01828	0.02818	0.01218	0.02132	0.01447	0.01675	0.00990	0.01142	0.00914	0.00609	0.00457	0.00152	0.00761	0.00381	0.00305	0.00914
77	0.01705	0.01796	0.02110	0.19414	0.02672	0.13886	0.01606	0.02049	0.05190	0.01816	0.01156	0.01657	0.01005	0.01012	0.01558	0.00268	0.39338	0.00608	0.00346	0.00810
78	0.02660	0.03394	0.02018	0.01834	0.02201	0.72116	0.01376	0.02843	0.02018	0.01743	0.01101	0.01284	0.00917	0.00734	0.00642	0.00183	0.01284	0.00459	0.00367	0.00825
79	0.00867	0.00624	0.00822	0.00981	0.01030	0.00579	0.00656	0.00993	0.01374	0.01822	0.04057	0.71786	0.07348	0.02214	0.00906	0.00287	0.00411	0.02003	0.00661	0.00579
80	0.02660	0.03394	0.02018	0.01834	0.02201	0.72116	0.01376	0.02843	0.02018	0.01743	0.01101	0.01284	0.00917	0.00734	0.00642	0.00183	0.01284	0.00459	0.00367	0.00825
81	0.01473	0.00832	0.01109	0.00985	0.01233	0.00760	0.00760	0.01793	0.01986	0.17311	0.53101	0.04602	0.05467	0.01489	0.03664	0.00260	0.00456	0.01145	0.00789	0.00785
82	0.02527	0.04393	0.06634	0.05195	0.02024	0.01279	0.01201	0.03135	0.12798	0.43626	0.07521	0.02530	0.02055	0.00903	0.00713	0.00223	0.00636	0.00741	0.00754	0.01112
83	0.03195	0.01212	0.01652	0.01267	0.01818	0.01047	0.01047	0.03470	0.02038	0.71026	0.02809	0.02424	0.01763	0.00881	0.00716	0.00220	0.00606	0.00716	0.00881	0.01212
84	0.03195	0.01212	0.01652	0.01267	0.01818	0.01047	0.01047	0.03470	0.02038	0.71026	0.02809	0.02424	0.01763	0.00881	0.00716	0.00220	0.00606	0.00716	0.00881	0.01212
85	0.01365	0.01293	0.02140	0.66568	0.04620	0.01638	0.01938	0.01809	0.01393	0.01809	0.01235	0.01866	0.00948	0.00762	0.00864	0.00244	0.07769	0.00632	0.00316	0.00790
86	0.03057	0.01217	0.01634	0.01262	0.01793	0.01073	0.01039	0.05960	0.02090	0.64679	0.06389	0.02551	0.02007	0.00911	0.00723	0.00220	0.00599	0.00744	0.00869	0.01183
87	0.00864	0.00632	0.00813	0.00958	0.01024	0.00581	0.00646	0.00995	0.01396	0.01831	0.04334	0.66080	0.12876	0.02178	0.00900	0.00283	0.00407	0.01959	0.00661	0.00581
88	0.01147	0.00820	0.01147	0.01311	0.01475	0.00820	0.01147	0.01475	0.01639	0.02131	0.03770	0.08032	0.04098	0.01967	0.00984	0.00328	0.00656	0.65741	0.00656	0.00656
89	0.01541	0.01665	0.03332	0.02497	0.02982	0.01699	0.45587	0.01988	0.01522	0.02106	0.01698	0.12208	0.01570	0.00957	0.01138	0.00261	0.15017	0.00968	0.00394	0.00871
90	0.02533	0.02449	0.08675	0.01683	0.02213	0.23512	0.01443	0.31774	0.02540	0.09785	0.01698	0.01968	0.01300	0.00863	0.00702	0.00212	0.00940	0.04084	0.00580	0.01047
91	0.80005	0.01377	0.01047	0.00936	0.01377	0.01597	0.00771	0.02093	0.01212	0.03195	0.00991	0.01157	0.00771	0.00661	0.00441	0.00220	0.00551	0.00386	0.00441	0.00771
92	0.00868	0.00620	0.00826	0.00991	0.01033	0.00578	0.00661	0.00991	0.01363	0.01818	0.03925	0.74510	0.04710	0.02231	0.00909	0.00289	0.00413	0.02024	0.00661	0.00578
93	0.01345	0.01266	0.02136	0.73264	0.04904	0.01582	0.01978	0.01819	0.01424	0.01819	0.01266	0.01898	0.00949	0.00712	0.00712	0.00237	0.00949	0.00633	0.00316	0.00791
94	0.01571	0.00920	0.01175	0.01061	0.01328	0.00876	0.00837	0.05449	0.04309	0.15933	0.39026	0.06729	0.04744	0.01343	0.00806	0.00233	0.00455	0.07838	0.04551	0.00815
95	0.01327	0.00664	0.00664	0.00664	0.00830	0.00664	0.00498	0.01659	0.01493	0.02655	0.02323	0.02655	0.01825	0.00830	0.00498	0.00166	0.00332	0.00664	0.78928	0.00664
96	0.01603	0.01344	0.01544	0.01125	0.01743	0.01100	0.00903	0.08079	0.04388	0.02550	0.01373	0.01546	0.01114	0.00576	0.00553	0.00121	0.00553	0.00458	0.00461	0.68866
97	0.02208	0.02060	0.01828	0.01678	0.04784	0.20596	0.01254	0.10014	0.36851	0.07741	0.02225	0.02139	0.01666	0.00873	0.00700	0.00220	0.00794	0.00682	0.00624	0.01061
98	0.02707	0.01995	0.02137	0.01638	0.02208	0.02208	0.01353	0.68159	0.03348	0.04488	0.01710	0.01710	0.01211	0.00855	0.00712	0.00214	0.00784	0.00641	0.00712	0.01211
99	0.01404	0.03516	0.67303	0.01965	0.02968	0.01598	0.02520	0.02203	0.01532	0.02289	0.05179	0.01719	0.01231	0.00721	0.00686	0.00225	0.01012	0.00569	0.00328	0.01031
100	0.01939	0.67802	0.07418	0.01266	0.01897	0.02667	0.01289	0.02204	0.01479	0.05054	0.01094	0.01224	0.00954	0.00626	0.00482	0.00160	0.00770	0.00405	0.00332	0.00936
101	0.00868	0.00620	0.00826	0.00991	0.01033	0.00578	0.00661	0.00991	0.01363	0.01818	0.03925	0.74510	0.04710	0.02231	0.00909	0.00289	0.00413	0.02024	0.00661	0.00578
102	0.01237	0.00618	0.00928	0.00928	0.00928	0.00618	0.00618	0.00928	0.00928	0.01237	0.01237	0.02165	0.01237	0.02474	0.02783	0.79283	0.00618	0.00618	0.00309	0.00309
103	0.00984	0.00727	0.00919	0.00871	0.01049	0.00662	0.00653	0.01299	0.01960	0.02725	0.61319	0.05534	0.15639	0.01505	0.00840	0.00226	0.00339	0.01318	0.00767	0.00662
104	0.01428	0.03683	0.71286	0.02030	0.03082	0.01654	0.02631	0.02255	0.01503	0.02255	0.01278	0.01503	0.00902	0.00677	0.00677	0.00226	0.01052	0.00526	0.00301	0.01052
105	0.01018	0.00759	0.01125	0.01125	0.01245	0.00879	0.00865	0.01259	0.01139	0.01638	0.01925	0.02898	0.01824	0.09087	0.68466	0.01120	0.01842	0.00778	0.00384	0.00625
106	0.00866	0.00625	0.00820	0.00976	0.01029	0.00580	0.00654	0.00993	0.01378	0.01824	0.04111	0.70679	0.08421	0.02207	0.00905	0.00286	0.00410	0.01995	0.00661	0.00580
107	0.01345	0.01266	0.02136	0.73264	0.04904	0.01582	0.01978	0.01819	0.01424	0.01819	0.01266	0.01898	0.00949	0.00712	0.00712	0.00237	0.00949	0.00633	0.00316	0.00791
108	0.01147	0.00820	0.01147	0.01311	0.01475	0.00820	0.01147	0.01475	0.01639	0.02131	0.03770	0.08032	0.04098	0.01967	0.00984	0.00328	0.00656	0.65741	0.00656	0.00656
109	0.01428	0.03683	0.71286	0.02030	0.03082	0.01654	0.02631	0.02255	0.01503	0.02255	0.01278	0.01503	0.00902	0.00677	0.00677	0.00226	0.01052	0.00526	0.00301	0.01052
110	0.00873	0.00622	0.00825	0.00984	0.01024	0.00582	0.00653	0.00993	0.01352	0.01803	0.03867	0.72119	0.04637	0.04721	0.01002	0.00303	0.00423	0.01990	0.00653	0.00573
111	0.01771	0.01530	0.01610	0.01449	0.01852	0.01771	0.01127	0.03784	0.69247	0.02979	0.02898	0.02657	0.02174	0.00966	0.00725	0.00242	0.00564	0.00805	0.00725	0.01127
112	0.01030	0.00744	0.01068	0.01075	0.01188	0.00845	0.00813	0.01257	0.01161	0.01686	0.02046	0.05907	0.01984	0.11993	0.58477	0.01011	0.01639	0.00837	0.04624	0.00614
113	0.00868	0.00620	0.00826	0.00991	0.01033	0.00578	0.00661	0.00991	0.01363	0.01818	0.03925	0.74510	0.04710	0.02231	0.00909	0.00289	0.00413	0.02024	0.00661	0.00578
114	0.02660	0.03394	0.02018	0.01834	0.02201	0.72116	0.01376	0.02843	0.02018	0.01743	0.01101	0.01284	0.00917	0.00734	0.00642	0.00183	0.01284	0.00459	0.00367	0.00825
115	0.01762	0.01692	0.02890	0.04371	0.70533	0.01692	0.02185	0.02185	0.01621	0.02326	0.01339	0.01762	0.01128	0.00634	0.00705	0.00211	0.00846	0.00634	0.00352	0.01128
116	0.00868	0.00620	0.00826	0.00991	0.01033	0.00578	0.00661	0.00991	0.01363	0.01818	0.03925	0.74510	0.04710	0.02231	0.00909	0.00289	0.00413	0.02024	0.00661	0.00578
117	0.01808	0.01706	0.02854	0.04239	0.67236	0.01717	0.02145	0.05369	0.01705	0.02431	0.01357	0.01760	0.01132	0.00645	0.00705	0.00212	0.00843	0.00635	0.00370	0.01132
118	0.03051	0.01207	0.01624	0.01260	0.01790	0.01063	0.01036	0.03402	0.04885	0.65534	0.05391	0.02544	0.01970	0.00907	0.00721	0.00221	0.00594	0.00742	0.00871	0.01188
119	0.01345	0.01266	0.02136	0.73264	0.04904	0.01582	0.01978	0.01819	0.01424	0.01819	0.01266	0.01898	0.00949	0.00712	0.00712	0.00237	0.00949	0.00633	0.00316	0.00791
120	0.01669	0.01597	0.02722	0.19712	0.55919	0.01667	0.02139	0.02104	0.01577	0.02213	0.01323	0.01793	0.01088	0.00652	0.00706	0.00217	0.00869	0.00634	0.00344	0.01053
121	0.01090	0.00789	0.01009	0.00932	0.01119	0.00746	0.00705	0.04568	0.02080	0.02934	0.66855	0.05145	0.06453	0.01427	0.00834	0.00223	0.00358	0.01257	0.00780	0.00698
122	0.02772	0.01120	0.01507	0.01187	0.01669	0.00972	0.00969	0.03050	0.02013	0.58067	0.12176	0.03054	0.06119	0.01009	0.00740	0.00222	0.00556	0.00836	0.00856	0.01106
123	0.00868	0.00620	0.00826	0.00991	0.01033	0.00578	0.00661	0.00991	0.01363	0.01818	0.03925	0.74510	0.04710	0.02231	0.00909	0.00289	0.00413	0.02024	0.00661	0.00578
124	0.80005	0.01377	0.01047	0.00936	0.01377	0.01597	0.00771	0.02093	0.01212	0.03195	0.00991	0.01157	0.00771	0.00661	0.00441	0.00220	0.00551	0.00386	0.00441	0.00771
125	0.01428	0.03683	0.71286	0.02030	0.03082	0.01654	0.02631	0.02255	0.01503	0.02255	0.01278	0.01503	0.00902	0.00677	0.00677	0.00226	0.01052	0.00526	0.00301	0.01052
126	0.04920	0.70191	0.03577	0.01221	0.01823	0.02751	0.01206	0.04270	0.01499	0.01825	0.01013	0.01161	0.00918	0.00619	0.00465	0.00157	0.00754	0.00389	0.00323	0.00918
127	0.01582	0.02808	0.39362	0.05294	0.18422	0.07513	0.02198	0.02244	0.03599	0.02279	0.06743	0.01894	0.01452	0.00743	0.00696	0.00220	0.00949	0.00618	0.00369	0.01012
128	0.76298	0.01369	0.01076	0.00952	0.01398	0.01571	0.00784	0.02160	0.01252	0.06468	0.01079	0.01218	0.00819	0.00672	0.00454	0.00220	0.00553	0.00402	0.00462	0.00792
129	0.01943	0.01605	0.01696	0.01468	0.01901	0.01829	0.01158	0.17503	0.53060	0.03270	0.02775	0.02581	0.04038	0.00968	0.00725	0.00236	0.00605	0.00791	0.00720	0.01129
130	0.00874	0.00623	0.00824	0.00983	0.01022	0.00583	0.00652	0.00993	0.01350	0.01800	0.03857	0.71690	0.04624	0.05169	0.01019	0.00305	0.00424	0.01984	0.00652	0.00572
131	0.01647	0.01078	0.01284	0.01131	0.01445	0.01090	0.00879	0.06066	0.18910	0.14292	0.32482	0.06085	0.08143	0.01246	0.00785	0.00230	0.00467	0.01069	0.00770	0.00900
132	0.01403	0.01340	0.02107	0.67732	0.04679	0.03632	0.01919	0.01944	0.04714	0.01873	0.01340	0.01917	0.01007	0.00725	0.00711	0.00236	0.00940	0.00636	0.00338	0.00808
133	0.01920	0.53697	0.09896	0.01336	0.01969	0.02489	0.01342	0.10879	0.01725	0.02167	0.03491	0.01407	0.01156	0.00675	0.00528	0.00168	0.00770	0.00462	0.00379	0.03547

[dist]
# distance from previous block
# <min> <max>
0	4

[block]
# block no. 2 follows, 29 sequences, length 22
# corresponding to MSA columns:
# 229-250
name=unknown_C
#
# <colnr> <probs for GDERKNQSTAVLIFYWHMCP>
#	G	D	E	R	K	N	Q	S	T	A	V	L	I	F	Y	W	H	M	C	P
0	0.01835	0.38655	0.18598	0.01817	0.10506	0.07072	0.01634	0.02227	0.01571	0.04537	0.04598	0.01564	0.01257	0.00688	0.00579	0.00184	0.00847	0.00508	0.00359	0.00964
1	0.01584	0.25348	0.48457	0.01864	0.05027	0.02008	0.02188	0.02215	0.01490	0.02082	0.01193	0.01403	0.00913	0.00655	0.00611	0.00203	0.00957	0.00486	0.00304	0.01013
2	0.01665	0.02253	0.21643	0.03621	0.46715	0.01690	0.07652	0.02212	0.01594	0.02303	0.01331	0.01705	0.01062	0.00643	0.00708	0.00218	0.00931	0.00622	0.00339	0.01094
3	0.01640	0.01970	0.08544	0.06453	0.06771	0.01805	0.51537	0.02205	0.01605	0.02212	0.01374	0.01854	0.01052	0.00665	0.00938	0.00243	0.07051	0.00781	0.00349	0.00951
4	0.01237	0.00618	0.00928	0.00928	0.00928	0.00618	0.00618	0.00928	0.00928	0.01237	0.01237	0.02165	0.01237	0.02474	0.02783	0.79283	0.00618	0.00618	0.00309	0.00309
5	0.01440	0.01367	0.02281	0.48901	0.17042	0.01575	0.05137	0.01983	0.05316	0.02010	0.01681	0.02166	0.04556	0.00761	0.00724	0.00233	0.00890	0.00697	0.00366	0.00873
6	0.01923	0.55927	0.13722	0.01415	0.02062	0.10967	0.01451	0.02236	0.01524	0.01771	0.01047	0.01214	0.00912	0.00634	0.00512	0.00167	0.00868	0.00412	0.00311	0.00924
7	0.01428	0.03683	0.71286	0.02030	0.03082	0.01654	0.02631	0.02255	0.01503	0.02255	0.01278	0.01503	0.00902	0.00677	0.00677	0.00226	0.01052	0.00526	0.00301	0.01052
8	0.02660	0.03394	0.02018	0.01834	0.02201	0.72116	0.01376	0.02843	0.02018	0.01743	0.01101	0.01284	0.00917	0.00734	0.00642	0.00183	0.01284	0.00459	0.00367	0.00825
9	0.01907	0.02149	0.07492	0.03734	0.53064	0.14851	0.02065	0.02313	0.01687	0.02212	0.01290	0.01655	0.01073	0.00656	0.00691	0.00207	0.00942	0.00594	0.00352	0.01066
10	0.08054	0.39619	0.31552	0.01532	0.02312	0.02235	0.01768	0.02180	0.01451	0.02039	0.01110	0.01293	0.00897	0.00641	0.00547	0.00188	0.00865	0.00442	0.00314	0.00960
11	0.00890	0.00636	0.00852	0.01017	0.01069	0.00598	0.00701	0.01031	0.01386	0.01843	0.03912	0.69107	0.04660	0.02209	0.00915	0.00292	0.00433	0.07203	0.00661	0.00585
12	0.01034	0.00695	0.00798	0.00798	0.00806	0.00702	0.00458	0.01049	0.01042	0.01397	0.02224	0.04550	0.02541	0.70880	0.07654	0.00717	0.00762	0.01019	0.00429	0.00443
13	0.01113	0.00802	0.01103	0.01257	0.01419	0.00793	0.01083	0.01420	0.01623	0.02101	0.03989	0.11716	0.08167	0.01972	0.00971	0.00320	0.00624	0.58223	0.00656	0.00648
14	0.02435	0.01682	0.01876	0.01447	0.01991	0.01750	0.01183	0.42469	0.05913	0.12695	0.06017	0.02032	0.01641	0.00850	0.00693	0.00200	0.00684	0.00665	0.00695	0.13082
15	0.00890	0.00638	0.00835	0.00983	0.01037	0.00598	0.00666	0.01019	0.01369	0.01812	0.03960	0.64191	0.07383	0.06477	0.01069	0.00313	0.00439	0.05098	0.00647	0.00575
16	0.07839	0.47171	0.06424	0.01487	0.04258	0.18742	0.01324	0.02302	0.01571	0.01854	0.01042	0.01215	0.00911	0.00646	0.00518	0.00170	0.00885	0.00415	0.00331	0.00897
17	0.12791	0.25296	0.40591	0.01625	0.02455	0.02002	0.01933	0.02194	0.01444	0.02212	0.01149	0.01343	0.00887	0.00654	0.00576	0.00202	0.00892	0.00462	0.00322	0.00970
18	0.01601	0.02445	0.29383	0.02893	0.31154	0.03897	0.02152	0.02237	0.04944	0.02326	0.06164	0.01930	0.01467	0.00751	0.00763	0.00222	0.03608	0.00640	0.00380	0.01044
19	0.11297	0.03931	0.15667	0.30772	0.10585	0.01595	0.03498	0.02050	0.04410	0.02262	0.06162	0.01966	0.01398	0.00748	0.00676	0.00227	0.00850	0.00633	0.00384	0.00890
20	0.22799	0.09475	0.32937	0.05860	0.09002	0.01714	0.01841	0.02127	0.01430	0.02426	0.01378	0.01602	0.03228	0.00702	0.00602	0.00217	0.00840	0.00523	0.00357	0.00940
21	0.07442	0.13675	0.08573	0.01898	0.08196	0.23593	0.05209	0.04093	0.06436	0.05550	0.03571	0.01659	0.01257	0.00768	0.00737	0.00206	0.05220	0.00562	0.00423	0.00932

[dist]
# distance from previous block
# <min> <max>
7	17

[block]
# block no. 3 follows, 29 sequences, length 6
# corresponding to MSA columns:
# 268-273
name=unknown_D
#
# <colnr> <probs for GDERKNQSTAVLIFYWHMCP>
#	G	D	E	R	K	N	Q	S	T	A	V	L	I	F	Y	W	H	M	C	P
0	0.02243	0.01532	0.01758	0.04102	0.01964	0.01620	0.01155	0.39299	0.02675	0.11667	0.13134	0.08175	0.02436	0.01048	0.00742	0.00219	0.00657	0.00857	0.00714	0.04004
1	0.06433	0.01997	0.15172	0.05374	0.31321	0.01666	0.06521	0.08820	0.05759	0.02573	0.01835	0.02083	0.05763	0.00764	0.00705	0.00221	0.00839	0.00683	0.00426	0.01042
2	0.04402	0.06604	0.21283	0.03143	0.36095	0.04049	0.07372	0.02204	0.01584	0.02270	0.01371	0.01839	0.01129	0.00690	0.00691	0.00217	0.00923	0.02741	0.00350	0.01044
3	0.01879	0.01832	0.02714	0.08399	0.55651	0.07773	0.02044	0.06836	0.01764	0.02395	0.01340	0.01726	0.01104	0.00663	0.00701	0.00211	0.00886	0.00620	0.00377	0.01086
