[name]
unknown

[dist]
# distance from previous block
# <min> <max>
0	0

[block]
# block no. 0 follows, 31 sequences, length 18
# corresponding to MSA columns:
# 0-17
name=unknown_A
#
# <colnr> <probs for GDERKNQSTAVLIFYWHMCP>
#	G	D	E	R	K	N	Q	S	T	A	V	L	I	F	Y	W	H	M	C	P
0	0.01102	0.00787	0.01102	0.01260	0.01417	0.00787	0.01102	0.01417	0.01575	0.02047	0.03622	0.07717	0.03937	0.01890	0.00945	0.00315	0.00630	0.67084	0.00630	0.00630
1	0.03070	0.01164	0.01588	0.01217	0.01746	0.01006	0.01006	0.03334	0.01958	0.72163	0.02699	0.02329	0.01694	0.00847	0.00688	0.00212	0.00582	0.00688	0.00847	0.01164
2	0.02376	0.01805	0.01927	0.01529	0.02036	0.02017	0.01246	0.52969	0.20021	0.03949	0.01928	0.01870	0.01395	0.00848	0.00687	0.00212	0.00700	0.00655	0.00687	0.01143
3	0.00893	0.00658	0.00857	0.00959	0.01056	0.00592	0.00653	0.01031	0.01321	0.01795	0.03511	0.67990	0.04168	0.01977	0.00836	0.00260	0.00408	0.01789	0.00612	0.08633
4	0.01910	0.01547	0.01576	0.01396	0.01796	0.06098	0.01089	0.03545	0.58418	0.10626	0.02667	0.02445	0.01968	0.00905	0.00690	0.00226	0.00589	0.00743	0.00692	0.01074
5	0.04529	0.01337	0.01703	0.01232	0.01836	0.01111	0.07340	0.07280	0.01574	0.02427	0.01257	0.01466	0.01018	0.00544	0.00547	0.00126	0.00589	0.00459	0.00423	0.63203
6	0.80789	0.01323	0.01006	0.00900	0.01323	0.01535	0.00741	0.02011	0.01164	0.03070	0.00953	0.01111	0.00741	0.00635	0.00423	0.00212	0.00529	0.00370	0.00423	0.00741
7	0.00823	0.00689	0.00716	0.00720	0.00936	0.00582	0.00536	0.01005	0.01577	0.01916	0.12002	0.10029	0.62672	0.01727	0.00812	0.00232	0.00347	0.01453	0.00645	0.00582
8	0.00837	0.00608	0.00790	0.00927	0.00988	0.00561	0.00626	0.00969	0.01357	0.01797	0.06877	0.66713	0.10272	0.02077	0.00865	0.00271	0.00390	0.01873	0.00640	0.00561
9	0.00832	0.00603	0.00786	0.00932	0.00987	0.00557	0.00626	0.00955	0.01330	0.01755	0.04028	0.69908	0.09962	0.02110	0.00868	0.00274	0.00393	0.01904	0.00635	0.00557
10	0.01668	0.01600	0.02732	0.08555	0.67528	0.01619	0.02087	0.02078	0.01546	0.02205	0.01282	0.01701	0.01073	0.00614	0.00678	0.00205	0.00819	0.00609	0.00336	0.01064
11	0.00854	0.00610	0.00817	0.00976	0.01025	0.00573	0.00671	0.00988	0.01330	0.01769	0.03759	0.70334	0.04480	0.02124	0.00879	0.00281	0.00415	0.06918	0.00635	0.00561
12	0.00834	0.00595	0.00794	0.00953	0.00992	0.00556	0.00635	0.00953	0.01310	0.01746	0.03771	0.75510	0.04525	0.02143	0.00873	0.00278	0.00397	0.01945	0.00635	0.00556
13	0.01615	0.01845	0.04037	0.02884	0.03576	0.01730	0.69204	0.02191	0.01615	0.02191	0.01384	0.01845	0.01038	0.00577	0.00807	0.00231	0.01153	0.00807	0.00346	0.00923
14	0.02434	0.01557	0.01723	0.01356	0.01832	0.01666	0.01109	0.42992	0.06734	0.16542	0.01996	0.01961	0.01406	0.00829	0.00655	0.00201	0.00643	0.00642	0.12644	0.01079
15	0.01102	0.00787	0.01102	0.01260	0.01417	0.00787	0.01102	0.01417	0.01575	0.02047	0.03622	0.07717	0.03937	0.01890	0.00945	0.00315	0.00630	0.67084	0.00630	0.00630
16	0.02556	0.03261	0.01939	0.01763	0.02115	0.73210	0.01322	0.02732	0.01939	0.01674	0.01058	0.01234	0.00881	0.00705	0.00617	0.00176	0.01234	0.00441	0.00353	0.00793
17	0.02221	0.01727	0.01839	0.01497	0.01977	0.01944	0.01208	0.41595	0.31648	0.03699	0.02125	0.02027	0.01555	0.00866	0.00689	0.00217	0.00663	0.00683	0.00689	0.01129

[dist]
# distance from previous block
# <min> <max>
0	1

[block]
# block no. 1 follows, 31 sequences, length 23
# corresponding to MSA columns:
# 19-41
name=unknown_B
#
# <colnr> <probs for GDERKNQSTAVLIFYWHMCP>
#	G	D	E	R	K	N	Q	S	T	A	V	L	I	F	Y	W	H	M	C	P
0	0.23630	0.06663	0.01621	0.01301	0.01723	0.18773	0.01033	0.02754	0.22503	0.07158	0.01665	0.01675	0.01271	0.00745	0.00576	0.00200	0.00717	0.00533	0.00508	0.04952
1	0.01880	0.01430	0.01552	0.01369	0.01775	0.01611	0.01073	0.03596	0.61535	0.11885	0.02773	0.02523	0.02037	0.00918	0.00695	0.00229	0.00547	0.00762	0.00716	0.01093
2	0.01383	0.01309	0.02216	0.58444	0.19870	0.01544	0.01945	0.01828	0.01411	0.01858	0.01232	0.01794	0.00951	0.00667	0.00682	0.00222	0.00890	0.00608	0.00312	0.00833
3	0.01060	0.00816	0.01015	0.00885	0.01152	0.00702	0.00675	0.01370	0.01797	0.02573	0.51607	0.04365	0.09134	0.01217	0.00739	0.00190	0.00366	0.01062	0.00667	0.18607
4	0.01750	0.01400	0.01499	0.01337	0.01725	0.01582	0.01043	0.03453	0.61218	0.07950	0.03028	0.02778	0.06231	0.00971	0.00702	0.00230	0.00533	0.00807	0.00704	0.01059
5	0.80789	0.01323	0.01006	0.00900	0.01323	0.01535	0.00741	0.02011	0.01164	0.03070	0.00953	0.01111	0.00741	0.00635	0.00423	0.00212	0.00529	0.00370	0.00423	0.00741
6	0.01733	0.61045	0.18066	0.01335	0.02009	0.02472	0.01456	0.02073	0.01402	0.01727	0.01009	0.01170	0.00876	0.00599	0.00483	0.00161	0.00790	0.00395	0.00292	0.00906
7	0.01497	0.01497	0.02095	0.01796	0.01796	0.02095	0.01497	0.01646	0.01048	0.01646	0.00898	0.01497	0.00898	0.01197	0.02245	0.00299	0.74704	0.00599	0.00299	0.00748
8	0.01292	0.01216	0.02052	0.74312	0.04712	0.01520	0.01900	0.01748	0.01368	0.01748	0.01216	0.01824	0.00912	0.00684	0.00684	0.00228	0.00912	0.00608	0.00304	0.00760
9	0.02381	0.01789	0.01913	0.01509	0.02007	0.01990	0.01227	0.55295	0.14746	0.03941	0.01860	0.01914	0.01376	0.03857	0.00799	0.00228	0.00713	0.00658	0.00676	0.01119
10	0.02361	0.01186	0.01515	0.01130	0.01693	0.00965	0.00922	0.02643	0.01727	0.42152	0.02063	0.01938	0.01402	0.00701	0.00610	0.00164	0.00550	0.00567	0.00657	0.35055
11	0.00865	0.00647	0.00809	0.00930	0.01014	0.00606	0.00635	0.01068	0.04199	0.01808	0.04229	0.61624	0.14982	0.02028	0.00856	0.00269	0.00395	0.01818	0.00638	0.00581
12	0.00834	0.00595	0.00794	0.00953	0.00992	0.00556	0.00635	0.00953	0.01310	0.01746	0.03771	0.75510	0.04525	0.02143	0.00873	0.00278	0.00397	0.01945	0.00635	0.00556
13	0.01615	0.01845	0.04037	0.02884	0.03576	0.01730	0.69204	0.02191	0.01615	0.02191	0.01384	0.01845	0.01038	0.00577	0.00807	0.00231	0.01153	0.00807	0.00346	0.00923
14	0.00951	0.00686	0.00899	0.00872	0.01018	0.00634	0.00644	0.01249	0.01858	0.02619	0.62899	0.13894	0.06214	0.01492	0.00815	0.00223	0.00332	0.01326	0.00738	0.00634
15	0.00987	0.00848	0.00863	0.00833	0.01095	0.00802	0.00632	0.01511	0.15303	0.02050	0.06104	0.05780	0.57582	0.01572	0.00786	0.00231	0.00385	0.01310	0.00647	0.00678
16	0.80789	0.01323	0.01006	0.00900	0.01323	0.01535	0.00741	0.02011	0.01164	0.03070	0.00953	0.01111	0.00741	0.00635	0.00423	0.00212	0.00529	0.00370	0.00423	0.00741
17	0.00809	0.00693	0.00693	0.00693	0.00924	0.00578	0.00520	0.00982	0.01559	0.01848	0.06931	0.06584	0.71411	0.01733	0.00809	0.00231	0.00347	0.01444	0.00635	0.00578
18	0.00967	0.00697	0.00916	0.00882	0.01036	0.00647	0.00663	0.01278	0.01889	0.02663	0.65070	0.08896	0.06253	0.01457	0.00816	0.00222	0.00339	0.03926	0.00742	0.00640
19	0.01419	0.01216	0.01419	0.01013	0.01621	0.00912	0.00811	0.01723	0.01419	0.02229	0.01216	0.01419	0.01013	0.00507	0.00507	0.00101	0.00507	0.00405	0.00405	0.80139
20	0.05810	0.01195	0.01563	0.01220	0.01734	0.01082	0.01002	0.03310	0.07563	0.63926	0.02642	0.02302	0.01691	0.00846	0.00679	0.00213	0.00577	0.00683	0.00819	0.01142
21	0.00834	0.00595	0.00794	0.00953	0.00992	0.00556	0.00635	0.00953	0.01310	0.01746	0.03771	0.75510	0.04525	0.02143	0.00873	0.00278	0.00397	0.01945	0.00635	0.00556
22	0.06239	0.01457	0.01730	0.01340	0.01866	0.01462	0.01104	0.27377	0.05026	0.41734	0.02241	0.02034	0.01474	0.00831	0.00675	0.00210	0.00640	0.00651	0.00763	0.01142

[dist]
# distance from previous block
# <min> <max>
3	22

[block]
# block no. 2 follows, 31 sequences, length 18
# corresponding to MSA columns:
# 65-82
name=unknown_C
#
# <colnr> <probs for GDERKNQSTAVLIFYWHMCP>
#	G	D	E	R	K	N	Q	S	T	A	V	L	I	F	Y	W	H	M	C	P
0	0.01559	0.01580	0.02220	0.07516	0.02346	0.07148	0.14803	0.01877	0.01393	0.01980	0.01150	0.01543	0.00968	0.00740	0.01067	0.00198	0.21090	0.00558	0.00352	0.29912
1	0.51744	0.01515	0.02118	0.01627	0.02149	0.01606	0.25857	0.02077	0.01330	0.02747	0.01111	0.01381	0.00850	0.00614	0.00564	0.00219	0.00758	0.00531	0.00395	0.00808
2	0.01150	0.00866	0.00993	0.00844	0.01067	0.00755	0.00560	0.01262	0.01150	0.01658	0.01811	0.03355	0.01947	0.48277	0.02391	0.00457	0.00606	0.00779	0.00411	0.29662
3	0.00912	0.00662	0.00923	0.00997	0.01069	0.00697	0.00710	0.01075	0.01187	0.01636	0.02764	0.36703	0.03093	0.10572	0.32884	0.00676	0.01053	0.01321	0.00496	0.00566
4	0.01051	0.00867	0.01296	0.27818	0.02365	0.00944	0.01098	0.01373	0.01578	0.02125	0.28277	0.18826	0.07120	0.01310	0.00776	0.00234	0.00556	0.01166	0.00558	0.00665
5	0.01462	0.01479	0.02443	0.01939	0.02318	0.06696	0.30456	0.06516	0.01610	0.02110	0.02227	0.28790	0.02307	0.01212	0.00887	0.00246	0.04869	0.01172	0.00474	0.00786
6	0.01046	0.00832	0.01014	0.00952	0.01217	0.00688	0.00689	0.01238	0.01372	0.01932	0.03110	0.42300	0.09088	0.01507	0.00733	0.00209	0.00433	0.01336	0.00551	0.29753
7	0.02239	0.01890	0.02781	0.02054	0.02655	0.01978	0.26211	0.44749	0.02629	0.03534	0.01548	0.01717	0.01117	0.00732	0.00730	0.00215	0.00900	0.00686	0.00560	0.01075
8	0.01464	0.48571	0.02561	0.01091	0.01476	0.01918	0.00974	0.01647	0.01361	0.01660	0.01986	0.28396	0.02216	0.01157	0.00598	0.00195	0.00609	0.00945	0.00418	0.00760
9	0.02196	0.01762	0.02069	0.01656	0.02002	0.02112	0.01372	0.44549	0.02421	0.03334	0.01369	0.01589	0.01066	0.00959	0.01257	0.00240	0.27882	0.00610	0.00543	0.01011
10	0.00874	0.00647	0.00880	0.01080	0.04051	0.00606	0.00694	0.01014	0.01351	0.01804	0.05993	0.67376	0.06997	0.02037	0.00860	0.00271	0.00411	0.01845	0.00626	0.00582
11	0.02034	0.02414	0.01989	0.28379	0.03050	0.43028	0.01544	0.02312	0.01681	0.01700	0.01107	0.01465	0.00893	0.00724	0.00730	0.00202	0.05126	0.00511	0.00332	0.00779
12	0.02167	0.01659	0.01820	0.01368	0.01938	0.01678	0.01121	0.44577	0.02557	0.03548	0.01486	0.01560	0.01108	0.00706	0.00619	0.00167	0.00663	0.00539	0.00582	0.30136
13	0.01598	0.01377	0.01500	0.01253	0.01721	0.01412	0.00983	0.02934	0.45127	0.02630	0.02209	0.02137	0.01694	0.00774	0.00627	0.00184	0.00529	0.00638	0.00589	0.30085
14	0.00925	0.00683	0.00987	0.01046	0.01138	0.00745	0.00774	0.01123	0.01177	0.01646	0.02544	0.29403	0.02743	0.04035	0.46695	0.00798	0.01306	0.01178	0.00465	0.00591
15	0.01123	0.00888	0.01085	0.00906	0.01235	0.00739	0.00698	0.01429	0.01722	0.02495	0.41330	0.03854	0.08773	0.01094	0.00697	0.00174	0.00392	0.00946	0.00618	0.29803
16	0.02035	0.01561	0.01726	0.01322	0.01854	0.01561	0.01071	0.39454	0.02414	0.03356	0.01645	0.07088	0.01360	0.00805	0.00633	0.00173	0.00636	0.00638	0.00578	0.30090
17	0.01002	0.00823	0.01255	0.27865	0.02357	0.00909	0.01099	0.01244	0.01331	0.01747	0.02834	0.48478	0.03199	0.01608	0.00804	0.00260	0.00586	0.01454	0.00514	0.00631

[dist]
# distance from previous block
# <min> <max>
0	8

[block]
# block no. 3 follows, 31 sequences, length 12
# corresponding to MSA columns:
# 91-102
name=unknown_D
#
# <colnr> <probs for GDERKNQSTAVLIFYWHMCP>
#	G	D	E	R	K	N	Q	S	T	A	V	L	I	F	Y	W	H	M	C	P
0	0.01034	0.00957	0.01153	0.01055	0.01210	0.01075	0.00840	0.01200	0.01392	0.01782	0.04953	0.04917	0.48299	0.01557	0.01279	0.00253	0.24719	0.01167	0.00525	0.00634
1	0.00984	0.00799	0.01206	0.24998	0.02212	0.00872	0.01050	0.01213	0.01329	0.01747	0.02933	0.51357	0.03341	0.01665	0.00811	0.00262	0.00566	0.01507	0.00527	0.00623
2	0.01967	0.01569	0.01671	0.01328	0.01840	0.04027	0.01063	0.22586	0.22386	0.06075	0.01866	0.01854	0.01401	0.00747	0.00627	0.00178	0.00619	0.00590	0.00592	0.27013
3	0.02209	0.02682	0.01990	0.01774	0.02010	0.49900	0.01379	0.02376	0.01647	0.01665	0.01005	0.01320	0.00887	0.00866	0.01151	0.00217	0.25316	0.00492	0.00335	0.00778
4	0.01350	0.01233	0.01874	0.47380	0.06475	0.01325	0.01551	0.01754	0.01392	0.01926	0.01219	0.01686	0.00952	0.00623	0.00626	0.00185	0.00775	0.00542	0.00339	0.26792
5	0.00832	0.00601	0.00788	0.00938	0.00988	0.00557	0.00628	0.00954	0.01324	0.01752	0.03951	0.71578	0.08340	0.02120	0.00870	0.00275	0.00394	0.01916	0.00635	0.00557
6	0.01608	0.01826	0.03930	0.02823	0.03477	0.01750	0.65467	0.02161	0.01583	0.02161	0.01357	0.01826	0.01030	0.00611	0.00887	0.00234	0.05213	0.00796	0.00343	0.00913
7	0.01024	0.00803	0.00994	0.00962	0.01196	0.00673	0.00688	0.01206	0.01356	0.01909	0.03064	0.48367	0.06146	0.01590	0.00750	0.00218	0.00431	0.01419	0.00560	0.26642
8	0.54773	0.01288	0.01141	0.00937	0.01421	0.01331	0.00764	0.01917	0.01248	0.02794	0.01039	0.01212	0.00830	0.00593	0.00451	0.00176	0.00522	0.00382	0.00417	0.26766
9	0.01546	0.01625	0.03098	0.02225	0.02861	0.01477	0.43961	0.02015	0.01527	0.02181	0.01309	0.01691	0.01024	0.00580	0.00769	0.00191	0.04011	0.00667	0.00364	0.26881
10	0.01675	0.00827	0.01022	0.00901	0.01074	0.00775	0.00608	0.01762	0.01311	0.24545	0.02334	0.03773	0.02227	0.51337	0.02566	0.00515	0.00637	0.00894	0.00556	0.00660
11	0.01163	0.00887	0.01286	0.24940	0.02257	0.00937	0.01059	0.01491	0.01652	0.06230	0.30373	0.09262	0.13334	0.01234	0.00765	0.00226	0.00540	0.01080	0.00586	0.00697

[dist]
# distance from previous block
# <min> <max>
0	1

[block]
# block no. 4 follows, 31 sequences, length 7
# corresponding to MSA columns:
# 104-110
name=unknown_E
#
# <colnr> <probs for GDERKNQSTAVLIFYWHMCP>
#	G	D	E	R	K	N	Q	S	T	A	V	L	I	F	Y	W	H	M	C	P
0	0.01151	0.00985	0.01402	0.01290	0.01379	0.01235	0.01033	0.01378	0.01239	0.01824	0.14539	0.02739	0.02325	0.03101	0.35657	0.00663	0.26197	0.00782	0.00416	0.00664
1	0.00967	0.00770	0.01057	0.14616	0.01688	0.00775	0.00855	0.01237	0.01608	0.02149	0.29856	0.21920	0.16922	0.01508	0.00800	0.00236	0.00456	0.01330	0.00618	0.00633
2	0.01656	0.47010	0.17615	0.01305	0.01983	0.02136	0.01388	0.02012	0.01407	0.01843	0.01059	0.01230	0.00901	0.00584	0.00496	0.00153	0.00748	0.00403	0.00313	0.15758
3	0.01336	0.01261	0.02131	0.66655	0.12027	0.01532	0.01922	0.01786	0.01389	0.01801	0.01224	0.01810	0.00931	0.00676	0.00683	0.00225	0.00901	0.00608	0.00308	0.00795
4	0.00987	0.00748	0.01002	0.14591	0.01578	0.00784	0.00769	0.01122	0.01203	0.01573	0.02825	0.26023	0.07832	0.33707	0.01959	0.00431	0.00605	0.01248	0.00478	0.00535
5	0.01445	0.06104	0.23918	0.01490	0.02039	0.06584	0.03603	0.01962	0.05789	0.02071	0.01702	0.12594	0.01569	0.00912	0.00769	0.00203	0.06640	0.00729	0.04166	0.15710
6	0.00979	0.00657	0.00751	0.00766	0.00770	0.00653	0.00436	0.00991	0.01025	0.01367	0.02311	0.11304	0.02683	0.68862	0.03231	0.00626	0.00638	0.01086	0.00436	0.00428

[dist]
# distance from previous block
# <min> <max>
0	2

[block]
# block no. 5 follows, 31 sequences, length 30
# corresponding to MSA columns:
# 113-142
name=unknown_F
#
# <colnr> <probs for GDERKNQSTAVLIFYWHMCP>
#	G	D	E	R	K	N	Q	S	T	A	V	L	I	F	Y	W	H	M	C	P
0	0.02177	0.36339	0.02661	0.04770	0.01991	0.08772	0.01211	0.19748	0.01963	0.09770	0.01376	0.01523	0.01091	0.03068	0.00653	0.00192	0.00774	0.00503	0.00463	0.00955
1	0.02134	0.01644	0.01738	0.01381	0.01880	0.04877	0.01110	0.33491	0.14173	0.07305	0.01882	0.05254	0.01467	0.00831	0.00654	0.00190	0.00659	0.00657	0.00619	0.18054
2	0.01419	0.01216	0.01419	0.01013	0.01621	0.00912	0.00811	0.01723	0.01419	0.02229	0.01216	0.01419	0.01013	0.00507	0.00507	0.00101	0.00507	0.00405	0.00405	0.80139
3	0.00942	0.00704	0.00885	0.00860	0.01031	0.00632	0.00633	0.01206	0.01746	0.02413	0.46693	0.17567	0.15357	0.01537	0.00805	0.00223	0.00348	0.01353	0.00699	0.04367
4	0.01419	0.01216	0.01419	0.01013	0.01621	0.00912	0.00811	0.01723	0.01419	0.02229	0.01216	0.01419	0.01013	0.00507	0.00507	0.00101	0.00507	0.00405	0.00405	0.80139
5	0.01368	0.01208	0.01810	0.51038	0.03671	0.01444	0.01573	0.07055	0.07698	0.02030	0.01842	0.06167	0.04627	0.04631	0.00842	0.00251	0.00800	0.00754	0.00408	0.00783
6	0.02074	0.00962	0.01285	0.01052	0.01423	0.00843	0.00839	0.02366	0.01925	0.38589	0.32758	0.03509	0.03754	0.01074	0.00732	0.00208	0.00465	0.00917	0.00786	0.04439
7	0.01937	0.01254	0.01363	0.01153	0.01500	0.04441	0.00908	0.15849	0.12414	0.16343	0.16766	0.02864	0.02646	0.03288	0.00762	0.00218	0.00543	0.00792	0.14047	0.00914
8	0.50731	0.01906	0.01337	0.01189	0.01599	0.23503	0.00940	0.02335	0.01464	0.08006	0.01120	0.01243	0.00858	0.00673	0.00503	0.00201	0.00750	0.00417	0.00434	0.00790
9	0.00819	0.00675	0.00720	0.00748	0.00940	0.00576	0.00546	0.00987	0.01525	0.01859	0.08538	0.19687	0.56418	0.01800	0.00821	0.00239	0.00355	0.01532	0.00639	0.00576
10	0.01292	0.01216	0.02052	0.74312	0.04712	0.01520	0.01900	0.01748	0.01368	0.01748	0.01216	0.01824	0.00912	0.00684	0.00684	0.00228	0.00912	0.00608	0.00304	0.00760
11	0.01488	0.01257	0.01456	0.01046	0.01651	0.00983	0.00839	0.05683	0.01524	0.02351	0.01241	0.01432	0.01022	0.00525	0.00517	0.00107	0.00521	0.00418	0.00422	0.75518
12	0.00842	0.00672	0.00754	0.00781	0.00956	0.00584	0.00568	0.01028	0.01567	0.01979	0.17283	0.22032	0.45006	0.01769	0.00823	0.00239	0.00354	0.01522	0.00656	0.00584
13	0.02710	0.01258	0.01605	0.01229	0.01765	0.01131	0.01008	0.09427	0.05221	0.51813	0.02377	0.02136	0.01558	0.00797	0.00661	0.00195	0.00585	0.00642	0.00757	0.13126
14	0.73478	0.01337	0.01056	0.00945	0.01365	0.01550	0.00773	0.02161	0.07570	0.03050	0.01122	0.01245	0.00865	0.00662	0.00449	0.00214	0.00530	0.00408	0.00449	0.00773
15	0.01292	0.01216	0.02052	0.74312	0.04712	0.01520	0.01900	0.01748	0.01368	0.01748	0.01216	0.01824	0.00912	0.00684	0.00684	0.00228	0.00912	0.00608	0.00304	0.00760
16	0.01505	0.01520	0.02227	0.01870	0.01916	0.02071	0.06071	0.01683	0.01086	0.01683	0.00931	0.01520	0.00908	0.01155	0.02148	0.00295	0.69735	0.00613	0.00303	0.00760
17	0.12945	0.01224	0.01428	0.01077	0.01620	0.01057	0.00875	0.02224	0.01529	0.22453	0.01598	0.01640	0.01168	0.00641	0.00594	0.00154	0.02519	0.00487	0.00532	0.44235
18	0.01103	0.00748	0.00834	0.00802	0.00839	0.00762	0.00474	0.05617	0.01145	0.01528	0.02121	0.04286	0.02398	0.70881	0.03293	0.00632	0.00669	0.00969	0.00433	0.00465
19	0.00903	0.00672	0.00820	0.00832	0.00983	0.00606	0.00605	0.01138	0.01676	0.02268	0.36599	0.21914	0.23086	0.01645	0.00814	0.00233	0.00346	0.01442	0.02811	0.00606
20	0.80789	0.01323	0.01006	0.00900	0.01323	0.01535	0.00741	0.02011	0.01164	0.03070	0.00953	0.01111	0.00741	0.00635	0.00423	0.00212	0.00529	0.00370	0.00423	0.00741
21	0.02094	0.01657	0.01799	0.01547	0.04078	0.01861	0.01202	0.33808	0.35332	0.03507	0.04239	0.02182	0.01760	0.00883	0.00693	0.00218	0.00641	0.00710	0.00681	0.01107
22	0.01419	0.01216	0.01419	0.01013	0.01621	0.00912	0.00811	0.01723	0.01419	0.02229	0.01216	0.01419	0.01013	0.00507	0.00507	0.00101	0.00507	0.00405	0.00405	0.80139
23	0.01419	0.08865	0.63642	0.01942	0.02904	0.01680	0.05987	0.02159	0.01449	0.02127	0.01216	0.01440	0.00877	0.00641	0.00643	0.00212	0.00998	0.00511	0.00292	0.00996
24	0.01395	0.01224	0.01584	0.01158	0.01734	0.00953	0.06229	0.01708	0.01427	0.02194	0.01402	0.06458	0.01253	0.00623	0.00555	0.00124	0.00551	0.00541	0.00416	0.68473
25	0.00834	0.00595	0.00794	0.00953	0.00992	0.00556	0.00635	0.00953	0.01310	0.01746	0.03771	0.75510	0.04525	0.02143	0.00873	0.00278	0.00397	0.01945	0.00635	0.00556
26	0.00970	0.00780	0.00892	0.04108	0.01186	0.00719	0.00660	0.04555	0.01752	0.02247	0.26469	0.05662	0.44464	0.01535	0.00796	0.00225	0.00385	0.01300	0.00660	0.00636
27	0.02735	0.01119	0.01490	0.01171	0.01651	0.00987	0.00957	0.03074	0.04974	0.60267	0.08140	0.02764	0.05581	0.00937	0.00703	0.00214	0.00549	0.00772	0.00822	0.01092
28	0.01350	0.01292	0.02232	0.63291	0.11536	0.01542	0.05514	0.01808	0.01401	0.01822	0.01232	0.01812	0.00936	0.00671	0.00690	0.00226	0.00915	0.00619	0.00310	0.00802
29	0.05279	0.00717	0.00764	0.00768	0.00973	0.00640	0.00570	0.01091	0.01574	0.02065	0.17887	0.14906	0.47062	0.01664	0.00795	0.00233	0.00359	0.01411	0.00645	0.00596

[dist]
# distance from previous block
# <min> <max>
1	4

[block]
# block no. 6 follows, 31 sequences, length 13
# corresponding to MSA columns:
# 147-159
name=unknown_G
#
# <colnr> <probs for GDERKNQSTAVLIFYWHMCP>
#	G	D	E	R	K	N	Q	S	T	A	V	L	I	F	Y	W	H	M	C	P
0	0.06461	0.05270	0.02465	0.09307	0.44339	0.05190	0.01783	0.08268	0.06063	0.02413	0.01361	0.01669	0.01100	0.00660	0.00650	0.00204	0.00798	0.00586	0.00393	0.01019
1	0.10128	0.01561	0.02081	0.40502	0.18139	0.09036	0.01728	0.05213	0.01535	0.02109	0.01207	0.01649	0.00939	0.00672	0.00648	0.00215	0.00876	0.00566	0.00348	0.00849
2	0.22221	0.33033	0.15969	0.01332	0.01881	0.02107	0.01363	0.02009	0.01297	0.02101	0.00998	0.01220	0.00843	0.00691	0.00712	0.00197	0.10424	0.00424	0.00327	0.00851
3	0.00994	0.00667	0.00767	0.00767	0.00774	0.00675	0.00440	0.01008	0.01001	0.01342	0.02137	0.04372	0.02442	0.71806	0.07571	0.00689	0.00732	0.00980	0.00412	0.00426
4	0.00964	0.00728	0.00898	0.00891	0.01052	0.00687	0.00654	0.01329	0.06360	0.02400	0.42354	0.20420	0.15538	0.01579	0.00814	0.00232	0.00357	0.01391	0.00706	0.00645
5	0.00825	0.00694	0.00716	0.00710	0.00934	0.00585	0.00533	0.01014	0.01598	0.01940	0.13539	0.06433	0.64746	0.01698	0.00808	0.00229	0.00344	0.01423	0.00647	0.00585
6	0.01535	0.01717	0.03704	0.02685	0.03310	0.01610	0.62168	0.02064	0.01583	0.02146	0.01629	0.09405	0.01396	0.00737	0.00814	0.00236	0.01076	0.00924	0.00376	0.00885
7	0.01433	0.01229	0.01425	0.01033	0.01629	0.00953	0.00825	0.01821	0.04963	0.02262	0.01297	0.01477	0.01069	0.00528	0.00516	0.00108	0.00508	0.00424	0.00420	0.76080
8	0.01148	0.00729	0.00962	0.00906	0.01086	0.00668	0.00678	0.01439	0.01856	0.09143	0.56021	0.14072	0.05754	0.01444	0.00804	0.00223	0.00357	0.01278	0.00746	0.00683
9	0.02211	0.07209	0.01954	0.01395	0.01921	0.01818	0.01159	0.44256	0.04986	0.05253	0.04811	0.01939	0.01480	0.00812	0.00650	0.00188	0.00676	0.02437	0.00615	0.14231
10	0.01862	0.61318	0.10272	0.01305	0.01914	0.07813	0.01321	0.04250	0.01494	0.01756	0.01009	0.01159	0.00886	0.00608	0.00481	0.00157	0.00797	0.00393	0.00309	0.00894
11	0.02401	0.01790	0.01929	0.01504	0.02019	0.01966	0.01229	0.56895	0.10033	0.03951	0.01725	0.01741	0.01253	0.00871	0.00746	0.02994	0.00713	0.00621	0.00659	0.04960
12	0.01774	0.59366	0.16579	0.01344	0.02000	0.05558	0.01435	0.02101	0.01424	0.01718	0.01008	0.01169	0.00876	0.00603	0.00487	0.00161	0.00807	0.00396	0.00295	0.00900

[dist]
# distance from previous block
# <min> <max>
0	9

[block]
# block no. 7 follows, 31 sequences, length 14
# corresponding to MSA columns:
# 169-182
name=unknown_H
#
# <colnr> <probs for GDERKNQSTAVLIFYWHMCP>
#	G	D	E	R	K	N	Q	S	T	A	V	L	I	F	Y	W	H	M	C	P
0	0.01330	0.01114	0.01306	0.00985	0.01491	0.00859	0.00762	0.01592	0.01373	0.02110	0.01525	0.08340	0.01453	0.07008	0.00790	0.00165	0.00510	0.00593	0.00427	0.66267
1	0.00929	0.07490	0.01005	0.00828	0.01052	0.00783	0.00647	0.01109	0.01503	0.01826	0.05572	0.18020	0.47901	0.01713	0.00798	0.00239	0.00414	0.06961	0.00604	0.00605
2	0.02646	0.01339	0.01641	0.01303	0.01782	0.01317	0.01058	0.21650	0.06305	0.42377	0.02509	0.09072	0.01836	0.00967	0.00705	0.00217	0.00610	0.00792	0.00772	0.01102
3	0.01507	0.00932	0.01128	0.01018	0.01269	0.00906	0.00767	0.08150	0.06987	0.14631	0.22840	0.16293	0.11094	0.08082	0.01018	0.00268	0.00471	0.01170	0.00695	0.00775
4	0.01164	0.00812	0.01165	0.01131	0.01254	0.00927	0.00869	0.01370	0.01181	0.06912	0.02089	0.12286	0.02054	0.08253	0.47699	0.00826	0.08033	0.00893	0.00435	0.00646
5	0.01031	0.00754	0.00926	0.00998	0.01113	0.00735	0.00699	0.08683	0.01549	0.02046	0.03829	0.60651	0.10473	0.01955	0.00846	0.00265	0.00432	0.01747	0.00641	0.00626
6	0.02433	0.01820	0.02074	0.01619	0.02123	0.07661	0.07636	0.43565	0.02648	0.12789	0.01872	0.07281	0.01452	0.00892	0.00705	0.00212	0.00781	0.00729	0.00643	0.01065
7	0.02074	0.02235	0.02243	0.13754	0.17728	0.29510	0.05217	0.10700	0.05912	0.02231	0.01323	0.01587	0.01044	0.00701	0.00664	0.00200	0.00987	0.00565	0.00403	0.00921
8	0.03859	0.01952	0.02290	0.06440	0.31002	0.18092	0.04149	0.08349	0.03966	0.05063	0.01355	0.01611	0.01076	0.00665	0.00650	0.00193	0.00873	0.00565	0.00410	0.07441
9	0.21994	0.05899	0.02082	0.15497	0.27851	0.01654	0.01523	0.05694	0.05524	0.02461	0.01332	0.03274	0.01094	0.00693	0.00605	0.00210	0.00724	0.00574	0.00398	0.00917
10	0.01475	0.01343	0.01817	0.17661	0.14770	0.05134	0.04013	0.05751	0.05583	0.02144	0.01979	0.10406	0.04960	0.04501	0.00813	0.00225	0.00713	0.00795	0.02521	0.13395
11	0.01531	0.13624	0.28700	0.01797	0.05126	0.01715	0.09287	0.02397	0.16524	0.02276	0.05694	0.01904	0.01500	0.00729	0.00650	0.00205	0.00811	0.00620	0.00419	0.04490
12	0.03658	0.21588	0.22845	0.01778	0.02452	0.08635	0.15310	0.06033	0.01617	0.02105	0.01619	0.01807	0.06231	0.00715	0.00633	0.00198	0.00912	0.00598	0.00360	0.00908
13	0.01635	0.16376	0.02037	0.01287	0.01750	0.04300	0.06448	0.10282	0.04192	0.04034	0.12281	0.06675	0.03424	0.00889	0.00639	0.00180	0.00632	0.02465	0.00508	0.19968

[dist]
# distance from previous block
# <min> <max>
11	48

[block]
# block no. 8 follows, 31 sequences, length 11
# corresponding to MSA columns:
# 242-252
name=unknown_I
#
# <colnr> <probs for GDERKNQSTAVLIFYWHMCP>
#	G	D	E	R	K	N	Q	S	T	A	V	L	I	F	Y	W	H	M	C	P
0	0.01693	0.01292	0.01506	0.01095	0.01689	0.01058	0.00883	0.09615	0.01670	0.08341	0.01389	0.01521	0.01088	0.00571	0.00542	0.00123	0.00541	0.00453	0.00474	0.64455
1	0.01767	0.01717	0.03378	0.09207	0.12789	0.01674	0.44518	0.06921	0.01721	0.07179	0.01465	0.01842	0.01088	0.00627	0.00762	0.00224	0.01017	0.00741	0.00400	0.00964
2	0.01292	0.01216	0.02052	0.74312	0.04712	0.01520	0.01900	0.01748	0.01368	0.01748	0.01216	0.01824	0.00912	0.00684	0.00684	0.00228	0.00912	0.00608	0.00304	0.00760
3	0.00994	0.00669	0.00773	0.00773	0.00782	0.00678	0.00448	0.01012	0.01003	0.01346	0.02131	0.04341	0.02428	0.70563	0.08795	0.00696	0.00752	0.00975	0.00411	0.00429
4	0.02452	0.01806	0.01930	0.01505	0.02017	0.02002	0.01235	0.60281	0.08362	0.04095	0.01766	0.01767	0.01270	0.00828	0.00673	0.00205	0.00711	0.00630	0.05338	0.01126
5	0.02601	0.01916	0.02053	0.01574	0.02122	0.02122	0.01300	0.69408	0.03217	0.04312	0.01643	0.01643	0.01163	0.00821	0.00684	0.00205	0.00753	0.00616	0.00684	0.01163
6	0.01419	0.01216	0.01419	0.01013	0.01621	0.00912	0.00811	0.01723	0.01419	0.02229	0.01216	0.01419	0.01013	0.00507	0.00507	0.00101	0.00507	0.00405	0.00405	0.80139
7	0.19174	0.01197	0.01467	0.01151	0.01659	0.01115	0.00951	0.03060	0.01794	0.57846	0.02337	0.02076	0.01496	0.00803	0.00633	0.00212	0.00571	0.00622	0.00759	0.01077
8	0.23873	0.01409	0.01471	0.01261	0.01687	0.01544	0.01037	0.19710	0.15402	0.12463	0.02090	0.02603	0.01681	0.00942	0.00651	0.00228	0.00610	0.09752	0.00629	0.00958
9	0.08222	0.01140	0.01507	0.03984	0.07435	0.01092	0.01033	0.07003	0.01886	0.35828	0.16228	0.07026	0.02635	0.00992	0.00702	0.00216	0.00557	0.00835	0.00711	0.00970
10	0.01687	0.01644	0.02881	0.04091	0.66060	0.01634	0.07645	0.02107	0.01562	0.02231	0.01295	0.01706	0.01080	0.00607	0.00688	0.00205	0.00841	0.00626	0.00339	0.01070

[dist]
# distance from previous block
# <min> <max>
3	48

[block]
# block no. 9 follows, 31 sequences, length 8
# corresponding to MSA columns:
# 305-312
name=unknown_J
#
# <colnr> <probs for GDERKNQSTAVLIFYWHMCP>
#	G	D	E	R	K	N	Q	S	T	A	V	L	I	F	Y	W	H	M	C	P
0	0.05218	0.00876	0.01147	0.01099	0.04147	0.00810	0.00806	0.01823	0.01812	0.19675	0.37593	0.09364	0.08198	0.01283	0.00764	0.00222	0.00433	0.03220	0.00725	0.00785
1	0.25815	0.02719	0.45410	0.01790	0.07436	0.01575	0.01947	0.02114	0.01366	0.02449	0.01147	0.01360	0.00844	0.00642	0.00582	0.00214	0.00849	0.00472	0.00334	0.00933
2	0.25736	0.01249	0.01730	0.51739	0.03670	0.01525	0.01544	0.01829	0.01305	0.02154	0.01135	0.01605	0.00859	0.00669	0.00604	0.00223	0.00794	0.00535	0.00341	0.00754
3	0.26108	0.53293	0.02792	0.01087	0.01623	0.02347	0.01038	0.02037	0.01321	0.02059	0.00952	0.01102	0.00836	0.00601	0.00434	0.00166	0.00669	0.00367	0.00333	0.00836
4	0.25835	0.01284	0.01439	0.01084	0.01639	0.01149	0.04634	0.01838	0.01351	0.02486	0.01144	0.01348	0.00931	0.00550	0.00498	0.00143	0.00550	0.00417	0.00408	0.51272
5	0.02601	0.01916	0.02053	0.01574	0.02122	0.02122	0.01300	0.69408	0.03217	0.04312	0.01643	0.01643	0.01163	0.00821	0.00684	0.00205	0.00753	0.00616	0.00684	0.01163
6	0.25824	0.01249	0.01292	0.00978	0.01530	0.01103	0.00789	0.01811	0.01340	0.02488	0.01135	0.01324	0.00930	0.00546	0.00481	0.00135	0.00514	0.00395	0.00411	0.55725
7	0.26738	0.01202	0.01364	0.01101	0.01562	0.01184	0.00902	0.05767	0.01770	0.40930	0.08899	0.02198	0.01847	0.00835	0.00618	0.00212	0.00548	0.00641	0.00700	0.00983

[dist]
# distance from previous block
# <min> <max>
0	2

[block]
# block no. 10 follows, 31 sequences, length 23
# corresponding to MSA columns:
# 315-337
name=unknown_K
#
# <colnr> <probs for GDERKNQSTAVLIFYWHMCP>
#	G	D	E	R	K	N	Q	S	T	A	V	L	I	F	Y	W	H	M	C	P
0	0.63983	0.01269	0.01135	0.01128	0.06025	0.01424	0.00831	0.01983	0.01303	0.05373	0.08799	0.01634	0.01427	0.00725	0.00492	0.00212	0.00527	0.00493	0.00469	0.00768
1	0.01724	0.01733	0.06402	0.06256	0.61124	0.01653	0.02062	0.06607	0.01657	0.02354	0.01305	0.01681	0.01072	0.00628	0.00677	0.00205	0.00823	0.00604	0.00358	0.01074
2	0.48195	0.01152	0.01095	0.00961	0.01342	0.01237	0.00782	0.02084	0.01475	0.15354	0.15393	0.02355	0.02161	0.00869	0.00565	0.00216	0.00501	0.02897	0.00572	0.00794
3	0.01647	0.01579	0.02694	0.12215	0.64031	0.01613	0.02077	0.02059	0.01536	0.02179	0.01279	0.01708	0.01064	0.00618	0.00678	0.00206	0.00824	0.00609	0.00335	0.01047
4	0.01292	0.01216	0.02052	0.74312	0.04712	0.01520	0.01900	0.01748	0.01368	0.01748	0.01216	0.01824	0.00912	0.00684	0.00684	0.00228	0.00912	0.00608	0.00304	0.00760
5	0.02601	0.01916	0.02053	0.01574	0.02122	0.02122	0.01300	0.69408	0.03217	0.04312	0.01643	0.01643	0.01163	0.00821	0.00684	0.00205	0.00753	0.00616	0.00684	0.01163
6	0.05891	0.01333	0.01645	0.01275	0.01784	0.01286	0.01049	0.19706	0.02241	0.48679	0.06112	0.02261	0.01783	0.00862	0.00683	0.00210	0.00609	0.00687	0.00784	0.01119
7	0.02601	0.01916	0.02053	0.01574	0.02122	0.02122	0.01300	0.69408	0.03217	0.04312	0.01643	0.01643	0.01163	0.00821	0.00684	0.00205	0.00753	0.00616	0.00684	0.01163
8	0.01419	0.01216	0.01419	0.01013	0.01621	0.00912	0.00811	0.01723	0.01419	0.02229	0.01216	0.01419	0.01013	0.00507	0.00507	0.00101	0.00507	0.00405	0.00405	0.80139
9	0.01422	0.00800	0.01060	0.00938	0.01178	0.00723	0.00723	0.01732	0.01941	0.17719	0.56523	0.04510	0.05428	0.01280	0.00781	0.00214	0.00379	0.01119	0.00773	0.00757
10	0.01419	0.01216	0.01419	0.01013	0.01621	0.00912	0.00811	0.01723	0.01419	0.02229	0.01216	0.01419	0.01013	0.00507	0.00507	0.00101	0.00507	0.00405	0.00405	0.80139
11	0.02535	0.01912	0.02186	0.01662	0.02219	0.02095	0.05856	0.64898	0.03109	0.04169	0.01625	0.01656	0.01155	0.00805	0.00693	0.00207	0.00780	0.00629	0.00662	0.01147
12	0.01693	0.01626	0.02777	0.04199	0.71689	0.01626	0.02100	0.02100	0.01558	0.02235	0.01287	0.01693	0.01084	0.00610	0.00677	0.00203	0.00813	0.00610	0.00339	0.01084
13	0.01397	0.00790	0.00805	0.00761	0.00964	0.00822	0.00582	0.06158	0.07280	0.02691	0.02239	0.02492	0.01743	0.00810	0.00510	0.00168	0.00365	0.00648	0.68067	0.00709
14	0.00978	0.00706	0.00928	0.00889	0.01050	0.00656	0.00678	0.01300	0.01911	0.02694	0.66499	0.05296	0.06276	0.01434	0.00817	0.00222	0.00345	0.05934	0.00744	0.00644
15	0.00968	0.00699	0.00914	0.00861	0.01022	0.00646	0.00646	0.01291	0.01937	0.02743	0.71328	0.05110	0.06455	0.01399	0.00807	0.00215	0.00323	0.01237	0.00753	0.00646
16	0.01419	0.01216	0.01419	0.01013	0.01621	0.00912	0.00811	0.01723	0.01419	0.02229	0.01216	0.01419	0.01013	0.00507	0.00507	0.00101	0.00507	0.00405	0.00405	0.80139
17	0.02601	0.01916	0.02053	0.01574	0.02122	0.02122	0.01300	0.69408	0.03217	0.04312	0.01643	0.01643	0.01163	0.00821	0.00684	0.00205	0.00753	0.00616	0.00684	0.01163
18	0.00834	0.00595	0.00794	0.00953	0.00992	0.00556	0.00635	0.00953	0.01310	0.01746	0.03771	0.75510	0.04525	0.02143	0.00873	0.00278	0.00397	0.01945	0.00635	0.00556
19	0.01675	0.00855	0.01146	0.01010	0.01289	0.00771	0.00795	0.01967	0.01888	0.25959	0.40444	0.08079	0.04596	0.01284	0.00779	0.00224	0.00433	0.05223	0.00771	0.00814
20	0.02647	0.01290	0.01614	0.01270	0.01750	0.01241	0.01044	0.19801	0.02261	0.44720	0.10054	0.02658	0.02167	0.00939	0.00710	0.00214	0.00599	0.03148	0.00787	0.01087
21	0.03070	0.01164	0.01588	0.01217	0.01746	0.01006	0.01006	0.03334	0.01958	0.72163	0.02699	0.02329	0.01694	0.00847	0.00688	0.00212	0.00582	0.00688	0.00847	0.01164
22	0.01604	0.01433	0.02415	0.32741	0.40451	0.01548	0.01958	0.02023	0.01502	0.05853	0.01335	0.01781	0.01047	0.00653	0.00681	0.00214	0.00841	0.00613	0.00352	0.00956

[dist]
# distance from previous block
# <min> <max>
1	3

[block]
# block no. 11 follows, 31 sequences, length 23
# corresponding to MSA columns:
# 341-363
name=unknown_L
#
# <colnr> <probs for GDERKNQSTAVLIFYWHMCP>
#	G	D	E	R	K	N	Q	S	T	A	V	L	I	F	Y	W	H	M	C	P
0	0.01435	0.13482	0.63015	0.01844	0.02797	0.01742	0.02342	0.02150	0.01437	0.02091	0.01190	0.01397	0.00868	0.00641	0.00621	0.00207	0.00973	0.00486	0.00289	0.00993
1	0.08182	0.03005	0.01952	0.01731	0.02110	0.62050	0.03713	0.05862	0.01932	0.01920	0.01090	0.01266	0.00890	0.00701	0.00613	0.00182	0.01157	0.00457	0.00373	0.00812
2	0.01321	0.01246	0.02104	0.69242	0.09556	0.01528	0.01914	0.01773	0.01382	0.01783	0.01221	0.01815	0.00924	0.00679	0.00684	0.00226	0.00905	0.00608	0.00307	0.00783
3	0.01656	0.01539	0.02536	0.15626	0.53229	0.01601	0.01958	0.06352	0.01648	0.02308	0.04042	0.01846	0.01271	0.00667	0.00684	0.00208	0.00806	0.00634	0.00371	0.01018
4	0.01469	0.01105	0.01240	0.01120	0.01390	0.03435	0.00858	0.08185	0.19245	0.07064	0.34274	0.11092	0.04202	0.01248	0.00761	0.00223	0.00470	0.01077	0.00713	0.00830
5	0.08386	0.01480	0.01715	0.01332	0.01844	0.01511	0.01097	0.31831	0.02446	0.34370	0.05409	0.02076	0.01623	0.00847	0.00673	0.00209	0.00640	0.00660	0.00741	0.01108
6	0.01426	0.01353	0.02294	0.50918	0.27059	0.01555	0.01967	0.01865	0.01431	0.01911	0.01240	0.01780	0.00969	0.00659	0.00682	0.00220	0.00879	0.00609	0.00316	0.00868
7	0.01372	0.03539	0.72412	0.01950	0.02961	0.01589	0.02528	0.02167	0.01444	0.02167	0.01228	0.01444	0.00867	0.00650	0.00650	0.00217	0.01011	0.00506	0.00289	0.01011
8	0.01851	0.01202	0.01463	0.01067	0.01654	0.00936	0.00862	0.02144	0.01560	0.20531	0.01604	0.01657	0.01191	0.00596	0.00554	0.00130	0.00526	0.00479	0.00521	0.59470
9	0.02964	0.01333	0.01692	0.01297	0.01831	0.01256	0.01072	0.18162	0.02241	0.56936	0.02462	0.02175	0.01575	0.00841	0.00687	0.00210	0.00620	0.00672	0.00810	0.01164
10	0.00809	0.00693	0.00693	0.00693	0.00924	0.00578	0.00520	0.00982	0.01559	0.01848	0.06931	0.06584	0.71411	0.01733	0.00809	0.00231	0.00347	0.01444	0.00635	0.00578
11	0.00862	0.00695	0.00767	0.00749	0.00957	0.00600	0.00562	0.01085	0.01685	0.02146	0.28389	0.06093	0.49767	0.01621	0.00808	0.00226	0.00339	0.01375	0.00675	0.00600
12	0.00968	0.00699	0.00914	0.00861	0.01022	0.00646	0.00646	0.01291	0.01937	0.02743	0.71328	0.05110	0.06455	0.01399	0.00807	0.00215	0.00323	0.01237	0.00753	0.00646
13	0.01419	0.01216	0.01419	0.01013	0.01621	0.00912	0.00811	0.01723	0.01419	0.02229	0.01216	0.01419	0.01013	0.00507	0.00507	0.00101	0.00507	0.00405	0.00405	0.80139
14	0.02601	0.01916	0.02053	0.01574	0.02122	0.02122	0.01300	0.69408	0.03217	0.04312	0.01643	0.01643	0.01163	0.00821	0.00684	0.00205	0.00753	0.00616	0.00684	0.01163
15	0.01292	0.01216	0.02052	0.74312	0.04712	0.01520	0.01900	0.01748	0.01368	0.01748	0.01216	0.01824	0.00912	0.00684	0.00684	0.00228	0.00912	0.00608	0.00304	0.00760
16	0.00977	0.00733	0.01100	0.01100	0.01222	0.00855	0.00855	0.01222	0.01100	0.01588	0.01833	0.02688	0.01710	0.05131	0.73245	0.01100	0.01833	0.00733	0.00367	0.00611
17	0.01311	0.01236	0.02087	0.70966	0.07909	0.01525	0.01910	0.01765	0.01377	0.01771	0.01219	0.01818	0.00920	0.00680	0.00684	0.00227	0.00907	0.00608	0.00306	0.00775
18	0.01615	0.01845	0.04037	0.02884	0.03576	0.01730	0.69204	0.02191	0.01615	0.02191	0.01384	0.01845	0.01038	0.00577	0.00807	0.00231	0.01153	0.00807	0.00346	0.00923
19	0.01548	0.01212	0.01432	0.01029	0.01631	0.00919	0.00826	0.01849	0.01461	0.07723	0.01333	0.01490	0.01067	0.00533	0.00521	0.00110	0.00513	0.00428	0.00440	0.73935
20	0.02601	0.01916	0.02053	0.01574	0.02122	0.02122	0.01300	0.69408	0.03217	0.04312	0.01643	0.01643	0.01163	0.00821	0.00684	0.00205	0.00753	0.00616	0.00684	0.01163
21	0.01419	0.01216	0.01419	0.01013	0.01621	0.00912	0.00811	0.01723	0.01419	0.02229	0.01216	0.01419	0.01013	0.00507	0.00507	0.00101	0.00507	0.00405	0.00405	0.80139
22	0.02167	0.02329	0.01754	0.01560	0.01942	0.35221	0.01198	0.10314	0.28432	0.02427	0.02003	0.01984	0.03986	0.00842	0.00662	0.00203	0.00882	0.00625	0.00532	0.00937

[dist]
# distance from previous block
# <min> <max>
1	10

[block]
# block no. 12 follows, 31 sequences, length 15
# corresponding to MSA columns:
# 374-388
name=unknown_M
#
# <colnr> <probs for GDERKNQSTAVLIFYWHMCP>
#	G	D	E	R	K	N	Q	S	T	A	V	L	I	F	Y	W	H	M	C	P
0	0.01442	0.01186	0.01381	0.01076	0.01572	0.01002	0.00851	0.07547	0.05044	0.02407	0.04878	0.09629	0.01796	0.00814	0.00599	0.00148	0.00514	0.02940	0.00492	0.54682
1	0.12084	0.01901	0.01685	0.01396	0.01819	0.17454	0.01112	0.31822	0.02406	0.06404	0.13182	0.02100	0.01962	0.00871	0.00658	0.00202	0.00751	0.00654	0.00597	0.00942
2	0.17184	0.01236	0.01408	0.01118	0.01604	0.01177	0.00906	0.06164	0.07559	0.28647	0.07405	0.02099	0.01743	0.00781	0.00608	0.00189	0.00541	0.00612	0.00640	0.18378
3	0.01292	0.01216	0.02052	0.74312	0.04712	0.01520	0.01900	0.01748	0.01368	0.01748	0.01216	0.01824	0.00912	0.00684	0.00684	0.00228	0.00912	0.00608	0.00304	0.00760
4	0.01292	0.01216	0.02052	0.74312	0.04712	0.01520	0.01900	0.01748	0.01368	0.01748	0.01216	0.01824	0.00912	0.00684	0.00684	0.00228	0.00912	0.00608	0.00304	0.00760
5	0.04937	0.00987	0.01308	0.01236	0.01559	0.00946	0.01050	0.02290	0.05152	0.29150	0.03123	0.05129	0.02858	0.01392	0.00814	0.00267	0.00603	0.35627	0.00709	0.00863
6	0.02601	0.01916	0.02053	0.01574	0.02122	0.02122	0.01300	0.69408	0.03217	0.04312	0.01643	0.01643	0.01163	0.00821	0.00684	0.00205	0.00753	0.00616	0.00684	0.01163
7	0.00840	0.00636	0.00779	0.00888	0.00994	0.00575	0.00624	0.00987	0.01402	0.01795	0.04754	0.50222	0.25477	0.02001	0.00857	0.00265	0.00394	0.05308	0.00635	0.00567
8	0.02601	0.01916	0.02053	0.01574	0.02122	0.02122	0.01300	0.69408	0.03217	0.04312	0.01643	0.01643	0.01163	0.00821	0.00684	0.00205	0.00753	0.00616	0.00684	0.01163
9	0.01419	0.01216	0.01419	0.01013	0.01621	0.00912	0.00811	0.01723	0.01419	0.02229	0.01216	0.01419	0.01013	0.00507	0.00507	0.00101	0.00507	0.00405	0.00405	0.80139
10	0.70080	0.01275	0.01046	0.00922	0.01339	0.01442	0.00756	0.02074	0.01271	0.08502	0.05127	0.01437	0.01144	0.00696	0.00466	0.00212	0.00522	0.00445	0.00476	0.00769
11	0.01292	0.01216	0.02052	0.74312	0.04712	0.01520	0.01900	0.01748	0.01368	0.01748	0.01216	0.01824	0.00912	0.00684	0.00684	0.00228	0.00912	0.00608	0.00304	0.00760
12	0.01292	0.01216	0.02052	0.74312	0.04712	0.01520	0.01900	0.01748	0.01368	0.01748	0.01216	0.01824	0.00912	0.00684	0.00684	0.00228	0.00912	0.00608	0.00304	0.00760
13	0.00911	0.00688	0.00972	0.01244	0.07327	0.00652	0.00766	0.01055	0.01332	0.01790	0.03548	0.68896	0.04217	0.02006	0.00856	0.00271	0.00434	0.01825	0.00609	0.00603
14	0.02519	0.01890	0.02118	0.01809	0.08355	0.02077	0.01372	0.63377	0.03068	0.04126	0.01611	0.01647	0.01156	0.00802	0.00684	0.00205	0.00758	0.00615	0.00653	0.01156

[dist]
# distance from previous block
# <min> <max>
2	27

[block]
# block no. 13 follows, 31 sequences, length 7
# corresponding to MSA columns:
# 417-423
name=unknown_N
#
# <colnr> <probs for GDERKNQSTAVLIFYWHMCP>
#	G	D	E	R	K	N	Q	S	T	A	V	L	I	F	Y	W	H	M	C	P
0	0.52496	0.01344	0.04365	0.01025	0.01486	0.01348	0.00883	0.02311	0.01427	0.20611	0.05744	0.01683	0.01341	0.00737	0.00525	0.00212	0.00552	0.00511	0.00545	0.00855
1	0.00861	0.00695	0.00765	0.00748	0.00956	0.00600	0.00561	0.01083	0.01682	0.02140	0.27927	0.06104	0.50232	0.01624	0.00808	0.00226	0.00339	0.01377	0.00674	0.00600
2	0.16650	0.01422	0.01445	0.01166	0.01616	0.01494	0.00947	0.32412	0.02226	0.03238	0.02817	0.02779	0.18965	0.00986	0.00649	0.00202	0.00582	0.00759	0.00594	0.09051
3	0.02185	0.01793	0.02280	0.06539	0.37459	0.14854	0.01665	0.02515	0.01721	0.19920	0.01600	0.01776	0.01192	0.00692	0.00669	0.00202	0.00838	0.00598	0.00469	0.01033
4	0.01383	0.01046	0.01247	0.01112	0.01344	0.01102	0.00860	0.18580	0.02050	0.02802	0.30454	0.17264	0.09859	0.01405	0.00891	0.00232	0.05751	0.01183	0.00671	0.00762
5	0.02550	0.01670	0.02070	0.01974	0.15040	0.01744	0.01375	0.39983	0.02586	0.21209	0.01845	0.01827	0.01284	0.00788	0.00684	0.00207	0.00721	0.00633	0.00661	0.01149
6	0.01447	0.13376	0.31037	0.02203	0.19928	0.01588	0.01864	0.01968	0.01557	0.02209	0.14315	0.02142	0.01969	0.00770	0.00655	0.00202	0.00790	0.00648	0.00389	0.00941

[dist]
# distance from previous block
# <min> <max>
1	9

[block]
# block no. 14 follows, 31 sequences, length 12
# corresponding to MSA columns:
# 433-444
name=unknown_O
#
# <colnr> <probs for GDERKNQSTAVLIFYWHMCP>
#	G	D	E	R	K	N	Q	S	T	A	V	L	I	F	Y	W	H	M	C	P
