[name]
unknown

[dist]
# distance from previous block
# <min> <max>
29	238

[block]
# block no. 0 follows, 31 sequences, length 21
# corresponding to MSA columns:
# 242-262
name=unknown_A
#
# <colnr> <probs for GDERKNQSTAVLIFYWHMCP>
#	G	D	E	R	K	N	Q	S	T	A	V	L	I	F	Y	W	H	M	C	P
0	0.01815	0.04662	0.01596	0.06803	0.03483	0.18278	0.01035	0.13416	0.05029	0.04563	0.02033	0.02714	0.06563	0.20927	0.01411	0.00320	0.00802	0.00728	0.00475	0.03347
1	0.02005	0.01576	0.02038	0.14935	0.09237	0.01690	0.03944	0.32279	0.04842	0.05506	0.03243	0.01832	0.01284	0.00865	0.02602	0.00224	0.00779	0.00624	0.00537	0.09958
2	0.01402	0.04314	0.01365	0.12492	0.01802	0.06796	0.00963	0.01731	0.04490	0.08609	0.22856	0.10282	0.03276	0.09319	0.07016	0.00338	0.00707	0.00968	0.00558	0.00717
3	0.06362	0.01453	0.04646	0.25004	0.12469	0.02949	0.13058	0.01950	0.01474	0.05107	0.04387	0.01933	0.01289	0.00727	0.00769	0.00217	0.05568	0.00648	0.07039	0.02951
4	0.05306	0.01248	0.01394	0.04927	0.04421	0.07021	0.00963	0.08501	0.03845	0.21131	0.08122	0.12048	0.07211	0.09542	0.01026	0.00270	0.00623	0.00932	0.00622	0.00845
5	0.04957	0.01379	0.01765	0.19478	0.08562	0.01499	0.01289	0.22032	0.04146	0.05647	0.01611	0.02146	0.01324	0.11846	0.01068	0.00270	0.00732	0.00650	0.01950	0.07649
6	0.04746	0.01175	0.01644	0.26970	0.12272	0.01308	0.01311	0.06280	0.07278	0.02074	0.02308	0.02947	0.10704	0.14751	0.01207	0.00303	0.00719	0.00795	0.00437	0.00771
7	0.01007	0.00858	0.01133	0.14444	0.01728	0.00899	0.00897	0.01280	0.01605	0.02107	0.26491	0.04801	0.31256	0.01385	0.00904	0.00231	0.06590	0.01152	0.00585	0.00648
8	0.01797	0.01440	0.01689	0.04894	0.14222	0.05651	0.01223	0.09872	0.22693	0.08362	0.02603	0.02769	0.08399	0.00934	0.00687	0.00216	0.00638	0.03401	0.07548	0.00962
9	0.02912	0.01652	0.01714	0.01365	0.01864	0.14497	0.01103	0.12003	0.02122	0.50120	0.02255	0.02035	0.01473	0.00817	0.00674	0.00204	0.00725	0.00633	0.00734	0.01096
10	0.01281	0.00730	0.00976	0.01030	0.01184	0.00670	0.00759	0.01454	0.01475	0.14803	0.03690	0.50228	0.06810	0.01853	0.00846	0.00268	0.00459	0.10133	0.00674	0.00679
11	0.00965	0.00651	0.00755	0.00784	0.00792	0.00643	0.00455	0.00987	0.01053	0.01404	0.02454	0.17604	0.02864	0.62316	0.03000	0.00592	0.00614	0.01170	0.00455	0.00441
12	0.01153	0.00607	0.00864	0.00864	0.00864	0.00607	0.00561	0.00910	0.00910	0.01214	0.01367	0.02523	0.01428	0.15974	0.02823	0.65416	0.00607	0.00668	0.00319	0.00319
13	0.63364	0.01437	0.04612	0.08793	0.06575	0.01542	0.01039	0.01997	0.01226	0.02833	0.01016	0.01241	0.00788	0.00639	0.00479	0.00213	0.00611	0.00418	0.00399	0.00779
14	0.02266	0.15403	0.02120	0.01327	0.01884	0.01802	0.01126	0.30843	0.04863	0.13999	0.01640	0.01640	0.01199	0.00724	0.00605	0.00176	0.00666	0.00546	0.00583	0.16590
15	0.01808	0.04417	0.02097	0.13901	0.27294	0.14070	0.01527	0.02033	0.01499	0.07623	0.01321	0.01734	0.01083	0.00984	0.01029	0.14965	0.00840	0.00574	0.00368	0.00835
16	0.16355	0.01674	0.02347	0.07077	0.49830	0.07103	0.01778	0.02113	0.01504	0.02321	0.01204	0.01557	0.00996	0.00626	0.00626	0.00204	0.00798	0.00552	0.00354	0.00981
17	0.01931	0.01604	0.08042	0.07411	0.02103	0.01498	0.01253	0.29332	0.05783	0.08942	0.02071	0.15374	0.01816	0.01015	0.00700	0.00213	0.00674	0.00845	0.00595	0.08798
18	0.16288	0.01234	0.01293	0.01214	0.04928	0.06997	0.00888	0.02061	0.05745	0.13192	0.24902	0.05958	0.03083	0.00995	0.00663	0.00203	0.00534	0.00819	0.00611	0.08392
19	0.01859	0.05067	0.23034	0.02281	0.14018	0.14882	0.11284	0.07875	0.03594	0.05088	0.03627	0.01691	0.01201	0.00695	0.00674	0.00206	0.00956	0.00596	0.00398	0.00975
20	0.01458	0.01362	0.01671	0.18381	0.02399	0.07078	0.03689	0.03200	0.01554	0.02167	0.10298	0.02000	0.01686	0.00704	0.00648	0.00163	0.02233	0.00587	0.00424	0.38295

[dist]
# distance from previous block
# <min> <max>
3	8

[block]
# block no. 1 follows, 31 sequences, length 11
# corresponding to MSA columns:
# 271-281
name=unknown_B
#
# <colnr> <probs for GDERKNQSTAVLIFYWHMCP>
#	G	D	E	R	K	N	Q	S	T	A	V	L	I	F	Y	W	H	M	C	P
0	0.01271	0.00962	0.01103	0.01058	0.01262	0.00994	0.00777	0.13370	0.09926	0.02371	0.07936	0.31686	0.12999	0.07918	0.02841	0.00302	0.00523	0.01344	0.00634	0.00724
1	0.02306	0.01780	0.02000	0.01557	0.02020	0.02002	0.01286	0.51794	0.02688	0.03674	0.01479	0.01597	0.01105	0.00853	0.00925	0.00211	0.12921	0.00593	0.00594	0.08612
2	0.01040	0.00920	0.01627	0.01440	0.01653	0.00860	0.18127	0.01286	0.01421	0.01912	0.06709	0.53023	0.03737	0.01705	0.00853	0.00263	0.00586	0.01618	0.00568	0.00654
3	0.33253	0.01677	0.07756	0.06501	0.02243	0.04619	0.14404	0.02082	0.01379	0.05710	0.01188	0.01448	0.00909	0.00661	0.00674	0.00209	0.05209	0.00518	0.00396	0.09163
4	0.01785	0.33460	0.19391	0.01868	0.06250	0.12170	0.12070	0.02197	0.01524	0.01873	0.01116	0.01346	0.00912	0.00617	0.00583	0.00183	0.00937	0.00491	0.00311	0.00915
5	0.00991	0.00678	0.00819	0.00819	0.00844	0.00703	0.00506	0.01042	0.01017	0.01381	0.02089	0.04107	0.02327	0.61325	0.17894	0.00753	0.00905	0.00941	0.00405	0.00455
6	0.01843	0.01401	0.01542	0.01343	0.01748	0.01532	0.01076	0.14663	0.39467	0.08278	0.02805	0.03071	0.05573	0.01026	0.00717	0.00228	0.00579	0.07723	0.00682	0.04704
7	0.00952	0.00742	0.01124	0.01109	0.01209	0.00703	0.07789	0.01092	0.01271	0.01699	0.03159	0.51873	0.03703	0.18499	0.01450	0.00359	0.00536	0.01613	0.00555	0.00563
8	0.02072	0.01533	0.01661	0.01393	0.01835	0.01698	0.01112	0.23370	0.39373	0.10529	0.02643	0.02461	0.05327	0.00929	0.00698	0.00222	0.00600	0.00751	0.00705	0.01090
9	0.37926	0.01379	0.06758	0.01353	0.04675	0.01290	0.08115	0.01857	0.01367	0.05402	0.06260	0.14555	0.01883	0.00947	0.00609	0.00222	0.00608	0.00783	0.00477	0.03533
10	0.02141	0.01487	0.01700	0.01351	0.01830	0.01545	0.02928	0.30906	0.13911	0.14100	0.02745	0.02624	0.11804	0.00948	0.00695	0.00207	0.00623	0.00766	0.00674	0.07014

[dist]
# distance from previous block
# <min> <max>
0	11

[block]
# block no. 2 follows, 31 sequences, length 30
# corresponding to MSA columns:
# 293-322
name=unknown_C
#
# <colnr> <probs for GDERKNQSTAVLIFYWHMCP>
#	G	D	E	R	K	N	Q	S	T	A	V	L	I	F	Y	W	H	M	C	P
0	0.07134	0.07787	0.05731	0.12152	0.21986	0.03367	0.01502	0.06752	0.10230	0.04586	0.05256	0.04925	0.04085	0.00825	0.00660	0.00211	0.00718	0.00699	0.00461	0.00935
1	0.06765	0.01501	0.04542	0.03602	0.07173	0.01353	0.07556	0.10571	0.08752	0.04128	0.03209	0.01728	0.01274	0.00652	0.00606	0.00168	0.00654	0.00557	0.00472	0.34737
2	0.01763	0.08311	0.12164	0.10020	0.33805	0.11420	0.03884	0.04239	0.04061	0.02133	0.01280	0.01594	0.01029	0.00650	0.00651	0.00201	0.00899	0.00564	0.00350	0.00983
3	0.01505	0.01379	0.02200	0.06055	0.41851	0.01404	0.03649	0.02081	0.09865	0.02407	0.17882	0.02607	0.02454	0.00835	0.00714	0.00211	0.00680	0.00782	0.00477	0.00962
4	0.00839	0.00686	0.00740	0.00744	0.00947	0.00588	0.00551	0.01034	0.01605	0.01998	0.18021	0.12007	0.54447	0.01708	0.00814	0.00232	0.00346	0.01449	0.00656	0.00588
5	0.02409	0.01794	0.01982	0.07598	0.02276	0.02001	0.01312	0.58773	0.05554	0.03978	0.01672	0.01726	0.01199	0.00813	0.00677	0.00207	0.00742	0.00622	0.03558	0.01107
6	0.00914	0.00679	0.00861	0.00885	0.01024	0.00613	0.00634	0.01136	0.01616	0.02212	0.33395	0.33735	0.12965	0.01702	0.00821	0.00238	0.00364	0.01513	0.00677	0.04017
7	0.02554	0.01913	0.02146	0.01636	0.02190	0.02103	0.04486	0.66255	0.03142	0.04212	0.01630	0.01652	0.01158	0.00810	0.00690	0.00207	0.00772	0.00625	0.00669	0.01152
8	0.00960	0.00696	0.00889	0.00842	0.00997	0.00642	0.00622	0.01251	0.01848	0.02589	0.62435	0.05162	0.10365	0.06536	0.00991	0.00247	0.00348	0.01234	0.00722	0.00625
9	0.00936	0.00694	0.00873	0.00838	0.01005	0.00630	0.00625	0.01226	0.01847	0.02554	0.57864	0.08508	0.16892	0.01486	0.00810	0.00221	0.00330	0.01302	0.00729	0.00630
10	0.02560	0.01955	0.02026	0.01574	0.02106	0.05158	0.01292	0.63689	0.06079	0.04135	0.01667	0.01664	0.01191	0.00821	0.00682	0.00205	0.00764	0.00615	0.00671	0.01144
11	0.02601	0.01916	0.02053	0.01574	0.02122	0.02122	0.01300	0.69408	0.03217	0.04312	0.01643	0.01643	0.01163	0.00821	0.00684	0.00205	0.00753	0.00616	0.00684	0.01163
12	0.00809	0.00693	0.00693	0.00693	0.00924	0.00578	0.00520	0.00982	0.01559	0.01848	0.06931	0.06584	0.71411	0.01733	0.00809	0.00231	0.00347	0.01444	0.00635	0.00578
13	0.02075	0.01489	0.01654	0.01374	0.01764	0.01610	0.01093	0.46057	0.02582	0.05474	0.02286	0.20282	0.02150	0.03463	0.00825	0.00241	0.00653	0.03290	0.00667	0.00971
14	0.01568	0.23169	0.48058	0.01669	0.02516	0.01837	0.02027	0.02166	0.01470	0.05484	0.03303	0.01502	0.01076	0.00664	0.00599	0.00197	0.00893	0.00498	0.00331	0.00972
15	0.00931	0.00698	0.00863	0.00821	0.00999	0.00630	0.00616	0.01219	0.01848	0.02534	0.56234	0.05456	0.21680	0.01477	0.00807	0.00219	0.00328	0.01286	0.00726	0.00630
16	0.02187	0.01696	0.01939	0.01463	0.02029	0.01741	0.04098	0.44776	0.04810	0.03570	0.01545	0.01616	0.01145	0.00723	0.00639	0.00177	0.00692	0.00568	0.00589	0.23997
17	0.05154	0.01477	0.01953	0.01447	0.02027	0.01381	0.10093	0.19862	0.02018	0.17279	0.01647	0.01711	0.01186	0.00674	0.00628	0.00173	0.00674	0.00571	0.00563	0.29482
18	0.02053	0.20447	0.06855	0.07002	0.05314	0.12217	0.03520	0.08112	0.06424	0.12651	0.03228	0.01699	0.01264	0.00757	0.00720	0.00199	0.05571	0.00562	0.00462	0.00943
19	0.01578	0.26533	0.47026	0.01694	0.02537	0.05643	0.02037	0.02159	0.01453	0.01965	0.01132	0.01324	0.00871	0.00632	0.00582	0.00192	0.00934	0.00458	0.00293	0.00958
20	0.01188	0.00594	0.00891	0.00891	0.00891	0.00594	0.00594	0.00891	0.00891	0.01188	0.01188	0.02080	0.01188	0.02377	0.02674	0.80095	0.00594	0.00594	0.00297	0.00297
21	0.01867	0.72573	0.03500	0.01201	0.01775	0.06367	0.01178	0.02084	0.01419	0.01613	0.00957	0.01105	0.00878	0.00592	0.00448	0.00148	0.00758	0.00370	0.00296	0.00874
22	0.02826	0.01286	0.01635	0.01269	0.01777	0.01212	0.01042	0.15065	0.04699	0.53869	0.06076	0.02358	0.01860	0.00874	0.00694	0.00211	0.00598	0.00707	0.00807	0.01134
23	0.01275	0.00638	0.00638	0.00638	0.00797	0.00638	0.00478	0.01594	0.01435	0.02551	0.02232	0.02551	0.01754	0.00797	0.00478	0.00159	0.00319	0.00638	0.79755	0.00638
24	0.02749	0.01493	0.01715	0.01353	0.01853	0.05438	0.01104	0.21303	0.06670	0.42635	0.02292	0.02106	0.01529	0.00991	0.03295	0.00241	0.00708	0.00661	0.00747	0.01118
25	0.00872	0.00624	0.00833	0.00959	0.01026	0.00585	0.00668	0.01036	0.01423	0.01919	0.14076	0.60171	0.04780	0.02012	0.00868	0.00271	0.00401	0.06247	0.00653	0.00574
26	0.01829	0.76368	0.03585	0.01171	0.01756	0.02707	0.01171	0.02049	0.01390	0.01610	0.00951	0.01097	0.00878	0.00585	0.00439	0.00146	0.00732	0.00366	0.00293	0.00878
27	0.02823	0.01355	0.01688	0.01318	0.01832	0.01311	0.01088	0.20386	0.04703	0.49410	0.02464	0.02368	0.01657	0.00883	0.00697	0.00215	0.00627	0.03243	0.00791	0.01140
28	0.01992	0.01601	0.01667	0.01437	0.01857	0.04495	0.01144	0.19859	0.44259	0.06386	0.02473	0.02532	0.01889	0.00939	0.00703	0.00227	0.00627	0.04160	0.00684	0.01072
29	0.65376	0.01481	0.03715	0.01218	0.01700	0.01580	0.09984	0.04006	0.01293	0.02959	0.01039	0.01236	0.00797	0.00633	0.00490	0.00214	0.00635	0.00440	0.00416	0.00786

[dist]
# distance from previous block
# <min> <max>
0	1

[block]
# block no. 3 follows, 31 sequences, length 38
# corresponding to MSA columns:
# 324-361
name=unknown_D
#
# <colnr> <probs for GDERKNQSTAVLIFYWHMCP>
#	G	D	E	R	K	N	Q	S	T	A	V	L	I	F	Y	W	H	M	C	P
0	0.01568	0.01220	0.01516	0.05053	0.01789	0.01106	0.00967	0.01941	0.05092	0.09148	0.03715	0.03897	0.01396	0.00725	0.00755	0.00157	0.08655	0.00557	0.00466	0.50277
1	0.01597	0.15750	0.30027	0.02269	0.09765	0.04443	0.19544	0.02145	0.01493	0.02043	0.01206	0.01507	0.00937	0.00639	0.00718	0.00208	0.03872	0.00571	0.00312	0.00954
2	0.01850	0.01836	0.06596	0.03110	0.34664	0.01775	0.16915	0.16926	0.01909	0.02655	0.01368	0.01695	0.01072	0.00675	0.00770	0.00214	0.03860	0.00649	0.00412	0.01048
3	0.00965	0.00677	0.00872	0.00895	0.00942	0.00712	0.00595	0.01065	0.01076	0.01476	0.02283	0.14230	0.02523	0.41410	0.26533	0.00754	0.01017	0.01045	0.00431	0.00501
4	0.02556	0.03261	0.01939	0.01763	0.02115	0.73210	0.01322	0.02732	0.01939	0.01674	0.01058	0.01234	0.00881	0.00705	0.00617	0.00176	0.01234	0.00441	0.00353	0.00793
5	0.01419	0.01216	0.01419	0.01013	0.01621	0.00912	0.00811	0.01723	0.01419	0.02229	0.01216	0.01419	0.01013	0.00507	0.00507	0.00101	0.00507	0.00405	0.00405	0.80139
6	0.00995	0.00663	0.00746	0.00746	0.00746	0.00663	0.00415	0.00995	0.00995	0.01327	0.02156	0.04477	0.02487	0.75957	0.03482	0.00663	0.00663	0.00995	0.00415	0.00415
7	0.00834	0.00595	0.00794	0.00953	0.00992	0.00556	0.00635	0.00953	0.01310	0.01746	0.03771	0.75510	0.04525	0.02143	0.00873	0.00278	0.00397	0.01945	0.00635	0.00556
8	0.02268	0.01677	0.01823	0.01484	0.01959	0.01858	0.01211	0.42863	0.22240	0.07119	0.02152	0.02337	0.01637	0.00924	0.00705	0.00221	0.00676	0.05050	0.00692	0.01105
9	0.01442	0.01417	0.01991	0.01723	0.01736	0.01966	0.01430	0.01602	0.01053	0.01640	0.00996	0.01622	0.00983	0.01609	0.09681	0.00383	0.67073	0.00613	0.00306	0.00734
10	0.49021	0.01482	0.03265	0.01103	0.01569	0.05011	0.00926	0.06032	0.04296	0.19297	0.01487	0.01500	0.01052	0.00711	0.00527	0.00211	0.00603	0.00482	0.00541	0.00887
11	0.00995	0.00663	0.00746	0.00746	0.00746	0.00663	0.00415	0.00995	0.00995	0.01327	0.02156	0.04477	0.02487	0.75957	0.03482	0.00663	0.00663	0.00995	0.00415	0.00415
12	0.00834	0.00595	0.00794	0.00953	0.00992	0.00556	0.00635	0.00953	0.01310	0.01746	0.03771	0.75510	0.04525	0.02143	0.00873	0.00278	0.00397	0.01945	0.00635	0.00556
13	0.02406	0.01771	0.01914	0.01506	0.01997	0.01949	0.01227	0.61862	0.03006	0.04029	0.01877	0.09785	0.01534	0.00967	0.00705	0.00213	0.00714	0.00762	0.00679	0.01096
14	0.02593	0.01838	0.01994	0.01539	0.02077	0.02018	0.01268	0.61310	0.06308	0.09358	0.01776	0.01737	0.01247	0.00828	0.00685	0.00207	0.00730	0.00629	0.00697	0.01160
15	0.00834	0.00595	0.00794	0.00953	0.00992	0.00556	0.00635	0.00953	0.01310	0.01746	0.03771	0.75510	0.04525	0.02143	0.00873	0.00278	0.00397	0.01945	0.00635	0.00556
16	0.01372	0.03539	0.72412	0.01950	0.02961	0.01589	0.02528	0.02167	0.01444	0.02167	0.01228	0.01444	0.00867	0.00650	0.00650	0.00217	0.01011	0.00506	0.00289	0.01011
17	0.01392	0.13377	0.46729	0.01698	0.02438	0.01697	0.02004	0.01960	0.01391	0.01988	0.01616	0.05222	0.05317	0.00840	0.00825	0.00220	0.09423	0.00621	0.00328	0.00914
18	0.02350	0.01792	0.01912	0.01523	0.02026	0.02004	0.01240	0.51059	0.21974	0.03907	0.01961	0.01896	0.01422	0.00851	0.00688	0.00213	0.00694	0.00660	0.00688	0.01141
19	0.55399	0.01374	0.01255	0.04670	0.01640	0.03322	0.00897	0.06347	0.01469	0.16097	0.01340	0.01412	0.00959	0.00691	0.00507	0.00211	0.00590	0.00459	0.00511	0.00849
20	0.02135	0.01467	0.01556	0.01245	0.01657	0.01601	0.01012	0.45598	0.02591	0.03693	0.01849	0.01961	0.01371	0.00813	0.00612	0.00189	0.00600	0.00624	0.28446	0.00979
21	0.03051	0.01194	0.01606	0.01231	0.01761	0.01049	0.01017	0.05927	0.02008	0.69500	0.02658	0.02302	0.01673	0.00846	0.00688	0.00211	0.00589	0.00685	0.00840	0.01164
22	0.01072	0.00744	0.00956	0.00887	0.01073	0.00693	0.00671	0.01442	0.04221	0.05512	0.64178	0.04961	0.08227	0.01372	0.00798	0.00216	0.00341	0.01206	0.00751	0.00679
23	0.01542	0.01909	0.16228	0.19198	0.43508	0.01595	0.02139	0.02035	0.01494	0.02114	0.01260	0.01673	0.01003	0.00634	0.00673	0.00211	0.00873	0.00589	0.00321	0.00998
24	0.16894	0.03106	0.58455	0.01745	0.02641	0.01578	0.02178	0.02136	0.01390	0.02343	0.01174	0.01379	0.00842	0.00647	0.00606	0.00216	0.00917	0.00479	0.00315	0.00958
25	0.01799	0.01681	0.01650	0.01568	0.05130	0.09852	0.01158	0.03460	0.59375	0.02697	0.02517	0.02361	0.01903	0.00888	0.00686	0.00224	0.00633	0.00728	0.00640	0.01050
26	0.80789	0.01323	0.01006	0.00900	0.01323	0.01535	0.00741	0.02011	0.01164	0.03070	0.00953	0.01111	0.00741	0.00635	0.00423	0.00212	0.00529	0.00370	0.00423	0.00741
27	0.01188	0.00594	0.00891	0.00891	0.00891	0.00594	0.00594	0.00891	0.00891	0.01188	0.01188	0.02080	0.01188	0.02377	0.02674	0.80095	0.00594	0.00594	0.00297	0.00297
28	0.01184	0.00867	0.01075	0.01123	0.01337	0.00866	0.00925	0.01695	0.11720	0.04894	0.07514	0.10533	0.17580	0.01666	0.00859	0.00274	0.00527	0.34001	0.00656	0.00703
29	0.01482	0.01253	0.01453	0.01043	0.01648	0.00977	0.00837	0.05342	0.01515	0.02341	0.01239	0.01431	0.01021	0.00523	0.00516	0.00107	0.00520	0.00417	0.00420	0.75915
30	0.01576	0.01452	0.02378	0.15976	0.02759	0.01619	0.19974	0.13331	0.01688	0.02316	0.01679	0.12431	0.01537	0.00987	0.01025	0.00243	0.14386	0.00857	0.02948	0.00838
31	0.01497	0.01497	0.02095	0.01796	0.01796	0.02095	0.01497	0.01646	0.01048	0.01646	0.00898	0.01497	0.00898	0.01197	0.02245	0.00299	0.74704	0.00599	0.00299	0.00748
32	0.00840	0.00701	0.00736	0.00748	0.00970	0.00598	0.00575	0.01031	0.01574	0.01897	0.08926	0.06630	0.63259	0.01734	0.00820	0.00238	0.00370	0.07128	0.00639	0.00585
33	0.00893	0.00696	0.00811	0.00782	0.00976	0.00614	0.00587	0.01146	0.01760	0.02324	0.41140	0.05801	0.36905	0.01555	0.00808	0.00223	0.00334	0.01334	0.00698	0.00614
34	0.02876	0.01121	0.01526	0.01184	0.01680	0.00972	0.00972	0.03146	0.01956	0.65758	0.09031	0.02585	0.02133	0.00898	0.00699	0.00212	0.00558	0.00739	0.00838	0.01116
35	0.01638	0.01730	0.06943	0.11384	0.55540	0.04124	0.02038	0.02061	0.01529	0.02138	0.01285	0.01707	0.01065	0.00767	0.02980	0.00234	0.00883	0.00601	0.00333	0.01019
36	0.01829	0.76368	0.03585	0.01171	0.01756	0.02707	0.01171	0.02049	0.01390	0.01610	0.00951	0.01097	0.00878	0.00585	0.00439	0.00146	0.00732	0.00366	0.00293	0.00878
37	0.01489	0.09704	0.58809	0.01927	0.02860	0.01677	0.07383	0.02198	0.01470	0.04516	0.01266	0.01475	0.00909	0.00646	0.00645	0.00211	0.00983	0.00522	0.00313	0.00998

[dist]
# distance from previous block
# <min> <max>
0	1

[block]
# block no. 4 follows, 31 sequences, length 35
# corresponding to MSA columns:
# 363-397
name=unknown_E
#
# <colnr> <probs for GDERKNQSTAVLIFYWHMCP>
#	G	D	E	R	K	N	Q	S	T	A	V	L	I	F	Y	W	H	M	C	P
0	0.02008	0.04910	0.01677	0.01315	0.01695	0.08216	0.01062	0.32218	0.07192	0.03169	0.06733	0.02120	0.01704	0.01122	0.05171	0.00252	0.02800	0.00655	0.15049	0.00932
1	0.13145	0.12597	0.22003	0.01842	0.09539	0.22425	0.01621	0.02243	0.01537	0.02060	0.01135	0.01371	0.00915	0.00850	0.03812	0.00233	0.00985	0.00470	0.00336	0.00881
2	0.02325	0.02713	0.01963	0.01873	0.07228	0.50095	0.01351	0.09454	0.04819	0.02042	0.01408	0.01576	0.03520	0.00790	0.00750	0.00194	0.06109	0.00532	0.00407	0.00854
3	0.00880	0.00721	0.00779	0.00760	0.00978	0.00634	0.00571	0.01152	0.04030	0.02110	0.23116	0.06071	0.52552	0.01620	0.00804	0.00227	0.00347	0.01368	0.00667	0.00612
4	0.00855	0.00615	0.00813	0.00950	0.01011	0.00574	0.00653	0.01001	0.01379	0.01841	0.09120	0.64664	0.06946	0.02060	0.00869	0.00273	0.00400	0.04766	0.00644	0.00567
5	0.69726	0.01283	0.01057	0.00925	0.01352	0.01448	0.00761	0.02141	0.01259	0.10548	0.01184	0.01291	0.00878	0.00663	0.00454	0.00210	0.00528	0.00414	0.03095	0.00783
6	0.00968	0.00699	0.00914	0.00861	0.01022	0.00646	0.00646	0.01291	0.01937	0.02743	0.71328	0.05110	0.06455	0.01399	0.00807	0.00215	0.00323	0.01237	0.00753	0.00646
7	0.01098	0.00779	0.00978	0.00901	0.01099	0.00736	0.00683	0.03754	0.04170	0.04777	0.59887	0.04936	0.10833	0.01372	0.00796	0.00216	0.00354	0.01200	0.00743	0.00688
8	0.01419	0.01216	0.01419	0.01013	0.01621	0.00912	0.00811	0.01723	0.01419	0.02229	0.01216	0.01419	0.01013	0.00507	0.00507	0.00101	0.00507	0.00405	0.00405	0.80139
9	0.00834	0.00595	0.00794	0.00953	0.00992	0.00556	0.00635	0.00953	0.01310	0.01746	0.03771	0.75510	0.04525	0.02143	0.00873	0.00278	0.00397	0.01945	0.00635	0.00556
10	0.00977	0.00733	0.01100	0.01100	0.01222	0.00855	0.00855	0.01222	0.01100	0.01588	0.01833	0.02688	0.01710	0.05131	0.73245	0.01100	0.01833	0.00733	0.00367	0.00611
11	0.00834	0.00595	0.00794	0.00953	0.00992	0.00556	0.00635	0.00953	0.01310	0.01746	0.03771	0.75510	0.04525	0.02143	0.00873	0.00278	0.00397	0.01945	0.00635	0.00556
12	0.01693	0.01626	0.02777	0.04199	0.71689	0.01626	0.02100	0.02100	0.01558	0.02235	0.01287	0.01693	0.01084	0.00610	0.00677	0.00203	0.00813	0.00610	0.00339	0.01084
13	0.02471	0.01852	0.01980	0.01548	0.02072	0.02061	0.01269	0.59901	0.12935	0.04102	0.01808	0.01774	0.01297	0.00837	0.00686	0.00209	0.00722	0.00639	0.00686	0.01152
14	0.01497	0.01497	0.02095	0.01796	0.01796	0.02095	0.01497	0.01646	0.01048	0.01646	0.00898	0.01497	0.00898	0.01197	0.02245	0.00299	0.74704	0.00599	0.00299	0.00748
15	0.02601	0.01916	0.02053	0.01574	0.02122	0.02122	0.01300	0.69408	0.03217	0.04312	0.01643	0.01643	0.01163	0.00821	0.00684	0.00205	0.00753	0.00616	0.00684	0.01163
16	0.01112	0.00888	0.01175	0.01147	0.01297	0.03920	0.00894	0.04182	0.01224	0.01707	0.01792	0.02583	0.01653	0.04764	0.67140	0.01023	0.01762	0.00716	0.00379	0.00642
17	0.80789	0.01323	0.01006	0.00900	0.01323	0.01535	0.00741	0.02011	0.01164	0.03070	0.00953	0.01111	0.00741	0.00635	0.00423	0.00212	0.00529	0.00370	0.00423	0.00741
18	0.01372	0.03539	0.72412	0.01950	0.02961	0.01589	0.02528	0.02167	0.01444	0.02167	0.01228	0.01444	0.00867	0.00650	0.00650	0.00217	0.01011	0.00506	0.00289	0.01011
19	0.00989	0.00685	0.00858	0.00858	0.00896	0.00724	0.00554	0.01066	0.01028	0.01409	0.02054	0.03913	0.02242	0.53616	0.25488	0.00801	0.01032	0.00912	0.00399	0.00476
20	0.00968	0.00699	0.00914	0.00861	0.01022	0.00646	0.00646	0.01291	0.01937	0.02743	0.71328	0.05110	0.06455	0.01399	0.00807	0.00215	0.00323	0.01237	0.00753	0.00646
21	0.00995	0.00663	0.00746	0.00746	0.00746	0.00663	0.00415	0.00995	0.00995	0.01327	0.02156	0.04477	0.02487	0.75957	0.03482	0.00663	0.00663	0.00995	0.00415	0.00415
22	0.01809	0.73128	0.06647	0.01205	0.01810	0.02657	0.01231	0.02054	0.01393	0.01634	0.00963	0.01113	0.00877	0.00588	0.00448	0.00149	0.00744	0.00372	0.00292	0.00884
23	0.01540	0.01573	0.02043	0.01764	0.01791	0.06434	0.01459	0.01695	0.01105	0.01646	0.00948	0.01531	0.00932	0.01334	0.05161	0.00326	0.67071	0.00595	0.00305	0.00745
24	0.02622	0.01883	0.02032	0.01558	0.02105	0.02072	0.01287	0.66463	0.03161	0.07336	0.01690	0.01673	0.01187	0.00822	0.00685	0.00206	0.00745	0.00619	0.00692	0.01164
25	0.01188	0.00594	0.00891	0.00891	0.00891	0.00594	0.00594	0.00891	0.00891	0.01188	0.01188	0.02080	0.01188	0.02377	0.02674	0.80095	0.00594	0.00594	0.00297	0.00297
26	0.03070	0.01164	0.01588	0.01217	0.01746	0.01006	0.01006	0.03334	0.01958	0.72163	0.02699	0.02329	0.01694	0.00847	0.00688	0.00212	0.00582	0.00688	0.00847	0.01164
27	0.02089	0.50228	0.02996	0.01382	0.01884	0.27916	0.01225	0.02293	0.01586	0.01633	0.00989	0.01146	0.00879	0.00628	0.00503	0.00157	0.00911	0.00393	0.00314	0.00848
28	0.03015	0.01177	0.01586	0.01224	0.01748	0.01033	0.01009	0.03346	0.04709	0.69380	0.02702	0.02338	0.01709	0.00850	0.00688	0.00213	0.00581	0.00691	0.00841	0.01161
29	0.00977	0.00733	0.01100	0.01100	0.01222	0.00855	0.00855	0.01222	0.01100	0.01588	0.01833	0.02688	0.01710	0.05131	0.73245	0.01100	0.01833	0.00733	0.00367	0.00611
30	0.01062	0.00860	0.01313	0.11826	0.01773	0.01045	0.01055	0.01330	0.01135	0.01616	0.01673	0.02473	0.01533	0.04189	0.57362	0.00913	0.07142	0.00705	0.00352	0.00643
31	0.10122	0.02154	0.01924	0.04785	0.02158	0.19283	0.01278	0.43685	0.02625	0.03437	0.01415	0.01500	0.01043	0.00769	0.00643	0.00200	0.00855	0.00549	0.00562	0.01015
32	0.00985	0.00704	0.00954	0.00954	0.01026	0.00776	0.00674	0.01128	0.01056	0.01481	0.01965	0.03424	0.02030	0.34265	0.44548	0.00920	0.01352	0.00841	0.00386	0.00530
33	0.80789	0.01323	0.01006	0.00900	0.01323	0.01535	0.00741	0.02011	0.01164	0.03070	0.00953	0.01111	0.00741	0.00635	0.00423	0.00212	0.00529	0.00370	0.00423	0.00741
34	0.13563	0.01491	0.04687	0.01305	0.01731	0.01510	0.01088	0.31674	0.02195	0.11162	0.02039	0.14912	0.01791	0.01348	0.06099	0.00287	0.00729	0.00830	0.00615	0.00945

[dist]
# distance from previous block
# <min> <max>
0	1

[block]
# block no. 5 follows, 31 sequences, length 57
# corresponding to MSA columns:
# 399-455
name=unknown_F
#
# <colnr> <probs for GDERKNQSTAVLIFYWHMCP>
#	G	D	E	R	K	N	Q	S	T	A	V	L	I	F	Y	W	H	M	C	P
0	0.01709	0.01389	0.02131	0.45529	0.14796	0.01591	0.01764	0.12749	0.01742	0.07933	0.01416	0.01815	0.01043	0.00707	0.00683	0.00219	0.00844	0.00616	0.00414	0.00909
1	0.00977	0.00733	0.01100	0.01100	0.01222	0.00855	0.00855	0.01222	0.01100	0.01588	0.01833	0.02688	0.01710	0.05131	0.73245	0.01100	0.01833	0.00733	0.00367	0.00611
2	0.00977	0.00733	0.01100	0.01100	0.01222	0.00855	0.00855	0.01222	0.01100	0.01588	0.01833	0.02688	0.01710	0.05131	0.73245	0.01100	0.01833	0.00733	0.00367	0.00611
3	0.01419	0.01216	0.01419	0.01013	0.01621	0.00912	0.00811	0.01723	0.01419	0.02229	0.01216	0.01419	0.01013	0.00507	0.00507	0.00101	0.00507	0.00405	0.00405	0.80139
4	0.01693	0.01626	0.02777	0.04199	0.71689	0.01626	0.02100	0.02100	0.01558	0.02235	0.01287	0.01693	0.01084	0.00610	0.00677	0.00203	0.00813	0.00610	0.00339	0.01084
5	0.00874	0.00617	0.00801	0.00919	0.00955	0.00594	0.00602	0.00976	0.01234	0.01652	0.03336	0.57069	0.03956	0.17293	0.05399	0.00401	0.00530	0.01685	0.00575	0.00530
6	0.01615	0.01845	0.04037	0.02884	0.03576	0.01730	0.69204	0.02191	0.01615	0.02191	0.01384	0.01845	0.01038	0.00577	0.00807	0.00231	0.01153	0.00807	0.00346	0.00923
7	0.01697	0.01045	0.01089	0.00936	0.01219	0.01110	0.00740	0.23195	0.02002	0.03112	0.02044	0.02261	0.01566	0.00805	0.00544	0.00174	0.00457	0.00631	0.54567	0.00805
8	0.01487	0.00842	0.00864	0.00787	0.01009	0.00875	0.00610	0.12435	0.01720	0.02832	0.02138	0.02405	0.01659	0.00801	0.00511	0.00167	0.00388	0.00634	0.67114	0.00722
9	0.00958	0.00699	0.00900	0.00850	0.01016	0.00641	0.00637	0.01270	0.01911	0.02684	0.67043	0.05208	0.10777	0.01421	0.00807	0.00216	0.00324	0.01251	0.00745	0.00641
10	0.01419	0.01216	0.01419	0.01013	0.01621	0.00912	0.00811	0.01723	0.01419	0.02229	0.01216	0.01419	0.01013	0.00507	0.00507	0.00101	0.00507	0.00405	0.00405	0.80139
11	0.00995	0.00663	0.00746	0.00746	0.00746	0.00663	0.00415	0.00995	0.00995	0.01327	0.02156	0.04477	0.02487	0.75957	0.03482	0.00663	0.00663	0.00995	0.00415	0.00415
12	0.01702	0.01470	0.01547	0.01392	0.01779	0.01702	0.01083	0.03635	0.70453	0.02862	0.02785	0.02553	0.02088	0.00928	0.00696	0.00232	0.00541	0.00773	0.00696	0.01083
13	0.01419	0.01216	0.01419	0.01013	0.01621	0.00912	0.00811	0.01723	0.01419	0.02229	0.01216	0.01419	0.01013	0.00507	0.00507	0.00101	0.00507	0.00405	0.00405	0.80139
14	0.00968	0.00699	0.00914	0.00861	0.01022	0.00646	0.00646	0.01291	0.01937	0.02743	0.71328	0.05110	0.06455	0.01399	0.00807	0.00215	0.00323	0.01237	0.00753	0.00646
15	0.01721	0.01475	0.01559	0.01385	0.01785	0.01688	0.01081	0.05651	0.66000	0.02886	0.02696	0.02486	0.02023	0.00911	0.00689	0.00227	0.00547	0.00756	0.00686	0.03749
16	0.80789	0.01323	0.01006	0.00900	0.01323	0.01535	0.00741	0.02011	0.01164	0.03070	0.00953	0.01111	0.00741	0.00635	0.00423	0.00212	0.00529	0.00370	0.00423	0.00741
17	0.01620	0.01282	0.01555	0.01124	0.01725	0.01031	0.02928	0.06760	0.01591	0.07032	0.01351	0.01508	0.01070	0.00554	0.00541	0.00120	0.00549	0.00452	0.00453	0.66753
18	0.01292	0.01216	0.02052	0.74312	0.04712	0.01520	0.01900	0.01748	0.01368	0.01748	0.01216	0.01824	0.00912	0.00684	0.00684	0.00228	0.00912	0.00608	0.00304	0.00760
19	0.00809	0.00693	0.00693	0.00693	0.00924	0.00578	0.00520	0.00982	0.01559	0.01848	0.06931	0.06584	0.71411	0.01733	0.00809	0.00231	0.00347	0.01444	0.00635	0.00578
20	0.00834	0.00595	0.00794	0.00953	0.00992	0.00556	0.00635	0.00953	0.01310	0.01746	0.03771	0.75510	0.04525	0.02143	0.00873	0.00278	0.00397	0.01945	0.00635	0.00556
21	0.00926	0.00716	0.00850	0.00871	0.01031	0.00665	0.00632	0.01244	0.06035	0.02175	0.26712	0.26542	0.25693	0.01695	0.00820	0.00240	0.00366	0.01484	0.00678	0.00626
22	0.01336	0.01240	0.02052	0.71869	0.04625	0.01540	0.01880	0.04021	0.01430	0.01834	0.01230	0.01818	0.00920	0.00689	0.00684	0.00227	0.00907	0.00608	0.00317	0.00774
23	0.02342	0.18853	0.02348	0.01798	0.06667	0.53306	0.01341	0.02543	0.01796	0.01698	0.01050	0.01235	0.00894	0.00673	0.00583	0.00172	0.01098	0.00436	0.00339	0.00831
24	0.01871	0.01618	0.01583	0.01399	0.01774	0.09588	0.01092	0.06899	0.47278	0.07337	0.04919	0.02555	0.04780	0.00949	0.00743	0.00225	0.02964	0.00759	0.00654	0.01015
25	0.02146	0.01628	0.01745	0.01372	0.01865	0.04154	0.01105	0.41805	0.02507	0.05756	0.01814	0.10296	0.01534	0.00904	0.00665	0.00190	0.00668	0.00722	0.00611	0.18512
26	0.01149	0.00895	0.01015	0.00977	0.01068	0.04593	0.00704	0.01272	0.01222	0.01692	0.05189	0.05711	0.09334	0.24201	0.14700	0.05824	0.08795	0.00892	0.10211	0.00555
27	0.01635	0.01617	0.02513	0.24180	0.47818	0.06358	0.01991	0.02041	0.01529	0.02058	0.01251	0.01700	0.01021	0.00637	0.00675	0.00209	0.00869	0.00598	0.00330	0.00971
28	0.01830	0.67962	0.05744	0.01246	0.01812	0.05484	0.01235	0.02064	0.01400	0.01632	0.00962	0.01131	0.00879	0.00617	0.00527	0.00156	0.03767	0.00383	0.00295	0.00874
29	0.01581	0.01988	0.10775	0.02701	0.03370	0.01745	0.57002	0.02145	0.01552	0.02145	0.01329	0.01777	0.01009	0.00634	0.00908	0.00235	0.07090	0.00760	0.00336	0.00918
30	0.00952	0.00699	0.00892	0.00844	0.01012	0.00639	0.00633	0.01259	0.01898	0.02652	0.64757	0.05261	0.13084	0.01433	0.00807	0.00217	0.00325	0.01258	0.00741	0.00639
31	0.00989	0.00664	0.00744	0.00744	0.00752	0.00660	0.00418	0.00994	0.01014	0.01344	0.02316	0.04548	0.04797	0.73469	0.03393	0.00649	0.00653	0.01010	0.00422	0.00420
32	0.01862	0.69073	0.05773	0.01236	0.01820	0.07360	0.01226	0.02098	0.01428	0.01633	0.00967	0.01118	0.00878	0.00595	0.00458	0.00151	0.00774	0.00375	0.00297	0.00877
33	0.01411	0.00830	0.00963	0.00860	0.01135	0.00736	0.00657	0.03631	0.01699	0.17435	0.14133	0.04993	0.37161	0.07439	0.00983	0.00256	0.00432	0.01161	0.03363	0.00722
34	0.00826	0.00658	0.00742	0.00796	0.00954	0.00573	0.00568	0.00988	0.01490	0.01861	0.09349	0.31329	0.43733	0.01862	0.00832	0.00247	0.00363	0.01613	0.00642	0.00573
35	0.00946	0.00694	0.00886	0.00846	0.01010	0.00635	0.00631	0.01244	0.01870	0.02606	0.61623	0.08105	0.13423	0.01465	0.00810	0.00219	0.00328	0.01288	0.00736	0.00635
36	0.02533	0.06016	0.02124	0.01547	0.02092	0.02142	0.01287	0.63889	0.04955	0.04123	0.01636	0.01637	0.01173	0.00811	0.00671	0.00203	0.00746	0.00606	0.00663	0.01145
37	0.03051	0.01195	0.01606	0.01232	0.01762	0.01051	0.01017	0.05999	0.02009	0.69426	0.02656	0.02301	0.01672	0.00846	0.00688	0.00211	0.00589	0.00685	0.00840	0.01164
38	0.00979	0.00699	0.00960	0.01118	0.01222	0.00681	0.00887	0.01203	0.01453	0.01909	0.03691	0.38926	0.04208	0.02007	0.00912	0.00298	0.00523	0.37097	0.00632	0.00596
39	0.01663	0.01568	0.02513	0.03642	0.58398	0.01600	0.01887	0.02297	0.12182	0.02318	0.01718	0.01999	0.03733	0.00699	0.00685	0.00209	0.00754	0.00664	0.00404	0.01066
40	0.01903	0.54408	0.11828	0.01371	0.01990	0.08219	0.03441	0.02204	0.01484	0.06090	0.01116	0.01251	0.00933	0.00619	0.00506	0.00164	0.00811	0.00423	0.00333	0.00907
41	0.00850	0.00611	0.00810	0.00963	0.01017	0.00572	0.00661	0.00984	0.01336	0.01770	0.03878	0.68550	0.06972	0.02112	0.00875	0.00279	0.00410	0.06153	0.00635	0.00561
42	0.02205	0.01306	0.01528	0.01293	0.01724	0.01367	0.01028	0.03386	0.39436	0.30409	0.06536	0.02605	0.02173	0.00922	0.00699	0.00223	0.00546	0.00765	0.00759	0.01091
43	0.02290	0.01025	0.01330	0.01076	0.01488	0.00905	0.00868	0.04760	0.01929	0.45421	0.15821	0.03531	0.14342	0.01096	0.00730	0.00215	0.00501	0.00913	0.00789	0.00971
44	0.01731	0.01708	0.02649	0.03907	0.63890	0.06677	0.02004	0.02117	0.01586	0.02188	0.01365	0.01905	0.01185	0.00668	0.00684	0.00206	0.00835	0.03299	0.00351	0.01045
45	0.01629	0.01148	0.01311	0.01153	0.01396	0.01225	0.00857	0.27305	0.01951	0.04488	0.02302	0.18857	0.02341	0.22695	0.07803	0.00428	0.00738	0.01028	0.00574	0.00770
46	0.01711	0.02028	0.05823	0.08717	0.07267	0.11312	0.48474	0.02221	0.01629	0.02087	0.01315	0.01739	0.01003	0.00607	0.00759	0.00221	0.01120	0.00720	0.00341	0.00904
47	0.00932	0.00675	0.00880	0.00877	0.01012	0.00623	0.00640	0.01203	0.01780	0.02485	0.53733	0.21597	0.07834	0.01582	0.00822	0.00230	0.00341	0.01408	0.00722	0.00623
48	0.02601	0.01916	0.02053	0.01574	0.02122	0.02122	0.01300	0.69408	0.03217	0.04312	0.01643	0.01643	0.01163	0.00821	0.00684	0.00205	0.00753	0.00616	0.00684	0.01163
49	0.02601	0.01916	0.02053	0.01574	0.02122	0.02122	0.01300	0.69408	0.03217	0.04312	0.01643	0.01643	0.01163	0.00821	0.00684	0.00205	0.00753	0.00616	0.00684	0.01163
50	0.00857	0.00616	0.00807	0.00950	0.01007	0.00577	0.00651	0.00987	0.01329	0.01755	0.03870	0.64328	0.08097	0.05081	0.00980	0.00293	0.00420	0.06213	0.00626	0.00556
51	0.01497	0.01497	0.02095	0.01796	0.01796	0.02095	0.01497	0.01646	0.01048	0.01646	0.00898	0.01497	0.00898	0.01197	0.02245	0.00299	0.74704	0.00599	0.00299	0.00748
52	0.00848	0.00695	0.00748	0.00735	0.00948	0.00594	0.00551	0.01059	0.01653	0.02071	0.22948	0.06218	0.55255	0.01650	0.00808	0.00227	0.00341	0.01392	0.00665	0.00594
53	0.01702	0.01470	0.01547	0.01392	0.01779	0.01702	0.01083	0.03635	0.70453	0.02862	0.02785	0.02553	0.02088	0.00928	0.00696	0.00232	0.00541	0.00773	0.00696	0.01083
54	0.00995	0.00663	0.00746	0.00746	0.00746	0.00663	0.00415	0.00995	0.00995	0.01327	0.02156	0.04477	0.02487	0.75957	0.03482	0.00663	0.00663	0.00995	0.00415	0.00415
55	0.01612	0.01331	0.01522	0.01105	0.01703	0.01110	0.00891	0.12793	0.01713	0.02570	0.01286	0.01455	0.01038	0.00558	0.00536	0.00118	0.00547	0.00440	0.00451	0.67222
56	0.02370	0.01802	0.01923	0.01527	0.02034	0.02014	0.01245	0.52528	0.20472	0.03940	0.01936	0.01876	0.01401	0.00849	0.00687	0.00212	0.00699	0.00656	0.00687	0.01143

[dist]
# distance from previous block
# <min> <max>
0	1

[block]
# block no. 6 follows, 31 sequences, length 230
# corresponding to MSA columns:
# 457-686
name=unknown_G
#
# <colnr> <probs for GDERKNQSTAVLIFYWHMCP>
#	G	D	E	R	K	N	Q	S	T	A	V	L	I	F	Y	W	H	M	C	P
0	0.02350	0.02423	0.04243	0.01774	0.06336	0.38557	0.03686	0.07445	0.06362	0.12855	0.03746	0.01871	0.03738	0.00793	0.00661	0.00195	0.00962	0.00596	0.00492	0.00913
1	0.01382	0.03468	0.69554	0.01989	0.02987	0.01595	0.05315	0.02168	0.01452	0.02168	0.01234	0.01461	0.00874	0.00647	0.00657	0.00217	0.01017	0.00518	0.00291	0.01007
2	0.01241	0.00642	0.00923	0.00906	0.00931	0.00649	0.00615	0.03328	0.00992	0.01346	0.01241	0.02081	0.01207	0.02267	0.02527	0.74500	0.00590	0.00596	0.03076	0.00339
3	0.04876	0.08893	0.04693	0.01733	0.02035	0.16742	0.10599	0.04320	0.01467	0.01900	0.01365	0.08966	0.01308	0.01125	0.03600	0.00265	0.24250	0.00701	0.00371	0.00793
4	0.05041	0.01616	0.02545	0.06035	0.59462	0.04206	0.01923	0.02118	0.01563	0.04683	0.01478	0.01823	0.03151	0.00658	0.00669	0.00204	0.00798	0.00621	0.00368	0.01036
5	0.00864	0.00614	0.00813	0.00961	0.01006	0.00579	0.00653	0.00989	0.01307	0.01740	0.03651	0.65900	0.04346	0.07102	0.01054	0.00306	0.00431	0.06514	0.00620	0.00551
6	0.04489	0.01921	0.13211	0.05241	0.41166	0.01686	0.01915	0.11061	0.08020	0.02568	0.01447	0.01710	0.01135	0.00676	0.00667	0.00209	0.00804	0.00601	0.00411	0.01061
7	0.09238	0.10372	0.47607	0.01959	0.04949	0.01715	0.10654	0.02141	0.01437	0.02204	0.01195	0.01436	0.00884	0.00631	0.00627	0.00210	0.00947	0.00520	0.00311	0.00962
8	0.04506	0.01658	0.04776	0.06367	0.64859	0.01618	0.02057	0.02087	0.01534	0.02247	0.01271	0.01669	0.01059	0.00614	0.00668	0.00205	0.00812	0.00598	0.00339	0.01058
9	0.80789	0.01323	0.01006	0.00900	0.01323	0.01535	0.00741	0.02011	0.01164	0.03070	0.00953	0.01111	0.00741	0.00635	0.00423	0.00212	0.00529	0.00370	0.00423	0.00741
10	0.00995	0.00663	0.00746	0.00746	0.00746	0.00663	0.00415	0.00995	0.00995	0.01327	0.02156	0.04477	0.02487	0.75957	0.03482	0.00663	0.00663	0.00995	0.00415	0.00415
11	0.01106	0.00799	0.00992	0.01056	0.01176	0.00797	0.00751	0.11167	0.01603	0.02139	0.03448	0.62119	0.04003	0.01937	0.00848	0.00268	0.00458	0.04041	0.00642	0.00649
12	0.01590	0.01766	0.03705	0.02646	0.03328	0.01626	0.60535	0.02132	0.01590	0.02196	0.01363	0.01791	0.01035	0.00568	0.00769	0.00214	0.01071	0.00756	0.00354	0.10964
13	0.01292	0.01216	0.02052	0.74312	0.04712	0.01520	0.01900	0.01748	0.01368	0.01748	0.01216	0.01824	0.00912	0.00684	0.00684	0.00228	0.00912	0.00608	0.00304	0.00760
14	0.00953	0.00813	0.00834	0.00808	0.01060	0.00754	0.00612	0.01403	0.12199	0.02040	0.08858	0.05904	0.58131	0.01595	0.00791	0.00231	0.00376	0.01332	0.00649	0.00658
15	0.80789	0.01323	0.01006	0.00900	0.01323	0.01535	0.00741	0.02011	0.01164	0.03070	0.00953	0.01111	0.00741	0.00635	0.00423	0.00212	0.00529	0.00370	0.00423	0.00741
16	0.01102	0.00787	0.01102	0.01260	0.01417	0.00787	0.01102	0.01417	0.01575	0.02047	0.03622	0.07717	0.03937	0.01890	0.00945	0.00315	0.00630	0.67084	0.00630	0.00630
17	0.01615	0.01845	0.04037	0.02884	0.03576	0.01730	0.69204	0.02191	0.01615	0.02191	0.01384	0.01845	0.01038	0.00577	0.00807	0.00231	0.01153	0.00807	0.00346	0.00923
18	0.00977	0.00733	0.01100	0.01100	0.01222	0.00855	0.00855	0.01222	0.01100	0.01588	0.01833	0.02688	0.01710	0.05131	0.73245	0.01100	0.01833	0.00733	0.00367	0.00611
19	0.01497	0.01497	0.02095	0.01796	0.01796	0.02095	0.01497	0.01646	0.01048	0.01646	0.00898	0.01497	0.00898	0.01197	0.02245	0.00299	0.74704	0.00599	0.00299	0.00748
20	0.01188	0.00594	0.00891	0.00891	0.00891	0.00594	0.00594	0.00891	0.00891	0.01188	0.01188	0.02080	0.01188	0.02377	0.02674	0.80095	0.00594	0.00594	0.00297	0.00297
21	0.01764	0.01735	0.02702	0.06194	0.55781	0.06288	0.05945	0.04671	0.04092	0.02278	0.01342	0.01706	0.01101	0.00636	0.00682	0.00205	0.00852	0.00616	0.00364	0.01047
22	0.02556	0.03261	0.01939	0.01763	0.02115	0.73210	0.01322	0.02732	0.01939	0.01674	0.01058	0.01234	0.00881	0.00705	0.00617	0.00176	0.01234	0.00441	0.00353	0.00793
23	0.01300	0.01227	0.02054	0.71422	0.04596	0.01543	0.01884	0.01744	0.01355	0.01744	0.01203	0.01811	0.00911	0.00704	0.00746	0.00231	0.03853	0.00608	0.00304	0.00760
24	0.04775	0.11939	0.02108	0.01666	0.02049	0.62673	0.01287	0.02629	0.01850	0.01708	0.01042	0.01214	0.00877	0.00689	0.00590	0.00174	0.01153	0.00430	0.00347	0.00802
25	0.00977	0.00733	0.01100	0.01100	0.01222	0.00855	0.00855	0.01222	0.01100	0.01588	0.01833	0.02688	0.01710	0.05131	0.73245	0.01100	0.01833	0.00733	0.00367	0.00611
26	0.01694	0.01620	0.02732	0.04096	0.69110	0.01628	0.02062	0.02156	0.04099	0.02258	0.01342	0.01725	0.01121	0.00621	0.00678	0.00204	0.00803	0.00616	0.00352	0.01084
27	0.02422	0.07997	0.01989	0.01598	0.01997	0.47235	0.01246	0.17374	0.02147	0.02317	0.01263	0.01409	0.01006	0.00729	0.00609	0.00179	0.01026	0.00488	0.06099	0.00870
28	0.00995	0.00663	0.00746	0.00746	0.00746	0.00663	0.00415	0.00995	0.00995	0.01327	0.02156	0.04477	0.02487	0.75957	0.03482	0.00663	0.00663	0.00995	0.00415	0.00415
29	0.01855	0.73747	0.03526	0.01192	0.01769	0.05234	0.01176	0.02073	0.01410	0.01612	0.00955	0.01102	0.00878	0.00590	0.00445	0.00147	0.00750	0.00368	0.00295	0.00875
30	0.01498	0.22769	0.51668	0.01738	0.02600	0.01903	0.02131	0.02117	0.01416	0.02000	0.01143	0.01354	0.00871	0.00652	0.00651	0.00201	0.03559	0.00472	0.00290	0.00966
31	0.00995	0.00663	0.00746	0.00746	0.00746	0.00663	0.00415	0.00995	0.00995	0.01327	0.02156	0.04477	0.02487	0.75957	0.03482	0.00663	0.00663	0.00995	0.00415	0.00415
32	0.00845	0.00603	0.00807	0.00965	0.01010	0.00565	0.00655	0.00972	0.01321	0.01759	0.03765	0.72676	0.04500	0.02133	0.00876	0.00279	0.00407	0.04668	0.00635	0.00559
33	0.01102	0.00787	0.01102	0.01260	0.01417	0.00787	0.01102	0.01417	0.01575	0.02047	0.03622	0.07717	0.03937	0.01890	0.00945	0.00315	0.00630	0.67084	0.00630	0.00630
34	0.01829	0.76368	0.03585	0.01171	0.01756	0.02707	0.01171	0.02049	0.01390	0.01610	0.00951	0.01097	0.00878	0.00585	0.00439	0.00146	0.00732	0.00366	0.00293	0.00878
35	0.01083	0.00774	0.01080	0.01238	0.01387	0.00771	0.01069	0.01384	0.01556	0.02026	0.03633	0.12558	0.03979	0.01908	0.00940	0.00312	0.00613	0.62433	0.00630	0.00625
36	0.01693	0.01626	0.02777	0.04199	0.71689	0.01626	0.02100	0.02100	0.01558	0.02235	0.01287	0.01693	0.01084	0.00610	0.00677	0.00203	0.00813	0.00610	0.00339	0.01084
37	0.01607	0.01822	0.03906	0.02810	0.03456	0.01755	0.64640	0.02155	0.01577	0.02155	0.01351	0.01822	0.01029	0.00619	0.00904	0.00235	0.06112	0.00793	0.00343	0.00911
38	0.05863	0.02078	0.01993	0.01572	0.02087	0.11972	0.01280	0.57328	0.02953	0.03893	0.01532	0.01564	0.01107	0.00797	0.00664	0.00202	0.00810	0.00581	0.00627	0.01094
39	0.01693	0.01626	0.02777	0.04199	0.71689	0.01626	0.02100	0.02100	0.01558	0.02235	0.01287	0.01693	0.01084	0.00610	0.00677	0.00203	0.00813	0.00610	0.00339	0.01084
40	0.01292	0.01216	0.02052	0.74312	0.04712	0.01520	0.01900	0.01748	0.01368	0.01748	0.01216	0.01824	0.00912	0.00684	0.00684	0.00228	0.00912	0.00608	0.00304	0.00760
41	0.01693	0.01626	0.02777	0.04199	0.71689	0.01626	0.02100	0.02100	0.01558	0.02235	0.01287	0.01693	0.01084	0.00610	0.00677	0.00203	0.00813	0.00610	0.00339	0.01084
