[name]
unknown

[dist]
# distance from previous block
# <min> <max>
0	235

[block]
# block no. 0 follows, 30 sequences, length 8
# corresponding to MSA columns:
# 235-242
name=unknown_A
#
# <colnr> <probs for GDERKNQSTAVLIFYWHMCP>
#	G	D	E	R	K	N	Q	S	T	A	V	L	I	F	Y	W	H	M	C	P
0	0.01307	0.01006	0.01431	0.17705	0.02270	0.01095	0.01327	0.07622	0.01710	0.02228	0.02957	0.05952	0.03062	0.01551	0.00880	0.00291	0.00719	0.45592	0.00572	0.00722
1	0.12613	0.01652	0.01762	0.17760	0.02479	0.08849	0.01301	0.23718	0.05767	0.02958	0.07788	0.04455	0.01688	0.00886	0.00727	0.00221	0.03250	0.00686	0.00532	0.00909
2	0.18893	0.00855	0.00890	0.00838	0.01084	0.00844	0.00644	0.01393	0.01688	0.02614	0.36906	0.04717	0.23503	0.01347	0.00735	0.00223	0.00384	0.01122	0.00658	0.00661
3	0.01247	0.01109	0.01762	0.49235	0.07631	0.01308	0.01532	0.01589	0.01331	0.01721	0.01774	0.02724	0.05051	0.17653	0.01349	0.00332	0.00836	0.00755	0.00356	0.00705
4	0.01212	0.00606	0.00909	0.00909	0.00909	0.00606	0.00606	0.00909	0.00909	0.01212	0.01212	0.02121	0.01212	0.02424	0.02727	0.79697	0.00606	0.00606	0.00303	0.00303
5	0.01447	0.01240	0.01447	0.01034	0.01654	0.00930	0.00827	0.01757	0.01447	0.02274	0.01240	0.01447	0.01034	0.00517	0.00517	0.00103	0.00517	0.00413	0.00413	0.79742
6	0.01212	0.01097	0.01803	0.57337	0.03949	0.01328	0.01646	0.01600	0.01382	0.01783	0.01829	0.18398	0.01763	0.01034	0.00741	0.00244	0.00811	0.00928	0.00386	0.00728
7	0.01030	0.00797	0.00965	0.00906	0.01132	0.00685	0.00654	0.01242	0.01526	0.02119	0.20040	0.25172	0.13534	0.08123	0.01018	0.00255	0.00429	0.01292	0.00604	0.18476

[dist]
# distance from previous block
# <min> <max>
0	1

[block]
# block no. 1 follows, 30 sequences, length 9
# corresponding to MSA columns:
# 244-252
name=unknown_B
#
# <colnr> <probs for GDERKNQSTAVLIFYWHMCP>
#	G	D	E	R	K	N	Q	S	T	A	V	L	I	F	Y	W	H	M	C	P
0	0.00938	0.00670	0.00910	0.01072	0.01150	0.00642	0.00800	0.01123	0.01422	0.01879	0.03798	0.53632	0.04424	0.02104	0.00914	0.00295	0.00481	0.22510	0.00646	0.00591
1	0.01571	0.01410	0.01437	0.01322	0.01624	0.08507	0.01026	0.06069	0.32768	0.02388	0.02596	0.02758	0.06754	0.02342	0.23643	0.00511	0.01040	0.00782	0.00563	0.00889
2	0.01432	0.01995	0.23875	0.01338	0.02089	0.01150	0.01385	0.01901	0.01455	0.02254	0.01244	0.01455	0.00986	0.00563	0.00563	0.00141	0.00681	0.00446	0.00376	0.54671
3	0.02260	0.01458	0.01781	0.01710	0.09827	0.01538	0.01219	0.09181	0.34490	0.24854	0.02533	0.02348	0.01800	0.00873	0.00704	0.00224	0.00616	0.00728	0.00716	0.01138
4	0.01546	0.01573	0.02655	0.02752	0.24283	0.05276	0.20827	0.01917	0.01483	0.02035	0.01618	0.09543	0.01507	0.01417	0.09794	0.00346	0.09332	0.00828	0.00379	0.00888
5	0.00894	0.00641	0.00849	0.00942	0.01022	0.00596	0.00651	0.01082	0.01540	0.02105	0.25158	0.52785	0.05243	0.01944	0.00869	0.00263	0.00381	0.01754	0.00686	0.00596
6	0.07245	0.01650	0.01866	0.01438	0.01983	0.01730	0.01188	0.42001	0.02710	0.27960	0.02014	0.01891	0.01352	0.00836	0.00684	0.00212	0.00694	0.00640	0.00741	0.01163
7	0.02120	0.01661	0.03322	0.02400	0.03053	0.01529	0.47068	0.02607	0.01759	0.24331	0.01839	0.02039	0.01272	0.00676	0.00785	0.00229	0.00991	0.00785	0.00516	0.01020
8	0.00856	0.00675	0.00777	0.00852	0.01006	0.00596	0.00619	0.01022	0.01492	0.01859	0.05570	0.33443	0.40222	0.01942	0.00860	0.00260	0.00394	0.06323	0.00648	0.00584

[dist]
# distance from previous block
# <min> <max>
0	36

[block]
# block no. 2 follows, 30 sequences, length 16
# corresponding to MSA columns:
# 289-304
name=unknown_C
#
# <colnr> <probs for GDERKNQSTAVLIFYWHMCP>
#	G	D	E	R	K	N	Q	S	T	A	V	L	I	F	Y	W	H	M	C	P
0	0.00931	0.00679	0.00711	0.00737	0.00926	0.00599	0.00540	0.01131	0.01523	0.02022	0.05527	0.16709	0.45464	0.01629	0.00763	0.00228	0.00356	0.01378	0.17551	0.00599
1	0.01550	0.17396	0.02700	0.29331	0.15729	0.01794	0.09557	0.03808	0.01514	0.01971	0.01435	0.07498	0.01270	0.00772	0.00673	0.00214	0.00855	0.00700	0.00357	0.00876
2	0.02236	0.01683	0.02118	0.02303	0.22169	0.07867	0.03694	0.14363	0.10929	0.17580	0.01966	0.02128	0.01469	0.00803	0.00695	0.00213	0.00757	0.02355	0.03596	0.01076
3	0.18551	0.01840	0.06279	0.02467	0.03127	0.01716	0.51267	0.02195	0.01541	0.02427	0.01311	0.01704	0.00986	0.00604	0.00733	0.00231	0.01034	0.00715	0.00367	0.00905
4	0.01785	0.01768	0.02776	0.04119	0.66565	0.06352	0.02089	0.02184	0.01615	0.02242	0.01297	0.01696	0.01092	0.00628	0.00687	0.00205	0.00857	0.00610	0.00346	0.01086
5	0.02620	0.02922	0.02012	0.01741	0.02159	0.51895	0.01342	0.22240	0.02362	0.02501	0.01255	0.01381	0.00984	0.00754	0.00650	0.00189	0.01114	0.00502	0.00459	0.00920
6	0.01437	0.01749	0.16569	0.01239	0.01947	0.01079	0.01203	0.01854	0.01453	0.02260	0.01243	0.01453	0.01001	0.00548	0.00548	0.00129	0.00627	0.00435	0.00388	0.62837
7	0.00935	0.00673	0.00865	0.00960	0.01043	0.00637	0.00659	0.03188	0.01500	0.02020	0.14755	0.56538	0.07074	0.04465	0.00961	0.00282	0.00411	0.01772	0.00661	0.00597
8	0.02059	0.01437	0.01919	0.02174	0.21744	0.01491	0.01363	0.03082	0.30370	0.20323	0.02527	0.02437	0.04155	0.00861	0.00706	0.00223	0.00636	0.00743	0.00642	0.01108
9	0.02651	0.01118	0.01492	0.01179	0.01639	0.00994	0.00959	0.05688	0.02046	0.54018	0.17313	0.02955	0.02748	0.00984	0.00728	0.00216	0.00544	0.00819	0.00836	0.01074
10	0.17946	0.00776	0.00877	0.00970	0.01100	0.00801	0.00686	0.01222	0.01290	0.02061	0.03098	0.54375	0.03597	0.02057	0.05539	0.00324	0.00531	0.01557	0.00583	0.00611
11	0.01493	0.04548	0.05622	0.07585	0.14223	0.01587	0.30836	0.01949	0.01471	0.02035	0.01441	0.01981	0.01187	0.01624	0.16262	0.00419	0.03782	0.00723	0.00347	0.00884
12	0.00865	0.00663	0.00764	0.00829	0.00969	0.00589	0.00583	0.01028	0.01488	0.01905	0.09469	0.35043	0.35019	0.04049	0.00922	0.00265	0.00382	0.01636	0.02951	0.00581
13	0.01168	0.00887	0.01206	0.01518	0.15873	0.00887	0.00792	0.01257	0.01138	0.01552	0.02008	0.03957	0.02230	0.59399	0.02937	0.00576	0.00709	0.00930	0.00406	0.00569
14	0.01947	0.17582	0.07419	0.07667	0.28597	0.18183	0.01742	0.05186	0.01695	0.02070	0.01195	0.01483	0.00991	0.00657	0.00625	0.00192	0.00928	0.00524	0.00348	0.00969
15	0.01366	0.02828	0.49651	0.01936	0.02747	0.01460	0.09104	0.02048	0.01520	0.02186	0.01793	0.02890	0.01575	0.00927	0.00744	0.00244	0.00963	0.14703	0.00375	0.00938

[dist]
# distance from previous block
# <min> <max>
0	2

[block]
# block no. 3 follows, 30 sequences, length 6
# corresponding to MSA columns:
# 307-312
name=unknown_D
#
# <colnr> <probs for GDERKNQSTAVLIFYWHMCP>
#	G	D	E	R	K	N	Q	S	T	A	V	L	I	F	Y	W	H	M	C	P
0	0.02100	0.03771	0.12340	0.01425	0.01921	0.04338	0.04043	0.13355	0.04271	0.21148	0.05109	0.04430	0.01744	0.03154	0.00828	0.00227	0.03749	0.00714	0.10355	0.00977
1	0.01610	0.01539	0.02621	0.24131	0.52188	0.01627	0.02083	0.02039	0.01534	0.02138	0.01292	0.01765	0.01055	0.00643	0.00693	0.00214	0.00858	0.00621	0.00335	0.01011
2	0.01175	0.01037	0.01851	0.01536	0.01791	0.01072	0.18907	0.01464	0.01241	0.01731	0.01813	0.02881	0.01721	0.18198	0.39479	0.00794	0.01443	0.00822	0.00378	0.00668
3	0.01324	0.01099	0.01309	0.00992	0.01490	0.00857	0.00782	0.01639	0.01588	0.02414	0.19848	0.02455	0.02519	0.00760	0.00599	0.00134	0.00467	0.00641	0.00508	0.58573
4	0.23235	0.05773	0.01819	0.01583	0.05681	0.23862	0.01188	0.14521	0.11274	0.02767	0.01407	0.01504	0.01093	0.00741	0.00594	0.00203	0.00832	0.00515	0.00484	0.00924
5	0.01078	0.00722	0.00995	0.00995	0.01130	0.00813	0.00769	0.01348	0.01213	0.01883	0.01978	0.02704	0.01756	0.04050	0.53378	0.00865	0.01456	0.00722	0.21514	0.00630

[dist]
# distance from previous block
# <min> <max>
0	1

[block]
# block no. 4 follows, 30 sequences, length 19
# corresponding to MSA columns:
# 314-332
name=unknown_E
#
# <colnr> <probs for GDERKNQSTAVLIFYWHMCP>
#	G	D	E	R	K	N	Q	S	T	A	V	L	I	F	Y	W	H	M	C	P
0	0.12747	0.01249	0.01726	0.31001	0.02846	0.01533	0.01408	0.04909	0.01499	0.02275	0.14464	0.02320	0.01997	0.00945	0.01013	0.00242	0.15920	0.00707	0.00433	0.00767
1	0.01834	0.01462	0.02038	0.01719	0.01822	0.01925	0.01431	0.02009	0.01246	0.15067	0.01268	0.01689	0.01071	0.01153	0.01986	0.00288	0.60106	0.00628	0.00412	0.00845
2	0.02607	0.03326	0.01978	0.01798	0.02157	0.72674	0.01348	0.02787	0.01978	0.01708	0.01079	0.01258	0.00899	0.00719	0.00629	0.00180	0.01258	0.00449	0.00360	0.00809
3	0.65341	0.01409	0.01372	0.01562	0.14708	0.01583	0.01021	0.02069	0.01264	0.02968	0.01037	0.01247	0.00823	0.00643	0.00481	0.00214	0.00595	0.00425	0.00415	0.00823
4	0.01564	0.01760	0.14983	0.01286	0.01952	0.01215	0.01220	0.09503	0.03757	0.02545	0.04366	0.01677	0.01297	0.00634	0.00585	0.00147	0.00637	0.00506	0.00447	0.49919
5	0.01131	0.00864	0.01056	0.00982	0.01190	0.00865	0.00744	0.01775	0.14973	0.02821	0.57752	0.04713	0.05732	0.01335	0.00801	0.00223	0.00372	0.01171	0.00757	0.00744
6	0.00997	0.00748	0.01121	0.01121	0.01246	0.00872	0.00872	0.01246	0.01121	0.01620	0.01869	0.02741	0.01745	0.05234	0.72710	0.01121	0.01869	0.00748	0.00374	0.00623
7	0.24774	0.01305	0.01490	0.01185	0.01692	0.01291	0.00977	0.08361	0.03895	0.44833	0.02167	0.01976	0.01422	0.00803	0.00626	0.00216	0.00592	0.00607	0.00724	0.01064
8	0.01719	0.01398	0.01448	0.01291	0.01671	0.03472	0.01006	0.06053	0.47403	0.07321	0.03543	0.03297	0.15182	0.01087	0.00729	0.00232	0.00546	0.00897	0.00698	0.01007
9	0.01077	0.00778	0.01058	0.01163	0.01329	0.00759	0.00988	0.01391	0.01685	0.02230	0.18382	0.07228	0.08547	0.01810	0.00925	0.00294	0.00558	0.48484	0.00670	0.00643
10	0.00856	0.00708	0.00750	0.00740	0.00962	0.00602	0.00555	0.01062	0.01664	0.02060	0.19262	0.06428	0.58537	0.01702	0.00824	0.00233	0.00349	0.01432	0.00671	0.00602
11	0.18366	0.22559	0.05390	0.03057	0.01958	0.22543	0.01228	0.06885	0.08046	0.02302	0.01242	0.01371	0.01002	0.00697	0.00554	0.00189	0.00852	0.00464	0.00409	0.00884
12	0.16128	0.00896	0.00921	0.00998	0.05848	0.00852	0.00688	0.01290	0.01524	0.02177	0.07335	0.05261	0.50782	0.01464	0.00740	0.00229	0.00421	0.01199	0.00589	0.00658
13	0.00850	0.00607	0.00810	0.00972	0.01012	0.00567	0.00648	0.00972	0.01336	0.01781	0.03846	0.75020	0.04615	0.02186	0.00891	0.00283	0.00405	0.01984	0.00648	0.00567
14	0.51714	0.01189	0.01015	0.00902	0.01281	0.01318	0.00731	0.04962	0.01410	0.07075	0.01778	0.01897	0.05849	0.00778	0.00498	0.00207	0.00499	0.00536	0.15594	0.00769
15	0.01888	0.01977	0.05139	0.23780	0.10731	0.17972	0.01596	0.13678	0.06536	0.02375	0.01796	0.02042	0.05873	0.00807	0.00689	0.00214	0.00905	0.00648	0.00442	0.00912
16	0.02401	0.15934	0.02230	0.01425	0.01954	0.02058	0.01209	0.41735	0.07279	0.09640	0.01752	0.01750	0.01280	0.00800	0.00639	0.00198	0.00707	0.00598	0.05318	0.01093
17	0.56944	0.06874	0.01433	0.01133	0.01568	0.15089	0.00922	0.05097	0.01444	0.02815	0.01022	0.01180	0.00811	0.00666	0.00482	0.00204	0.00700	0.00402	0.00421	0.00794
18	0.01323	0.01225	0.02041	0.67204	0.04493	0.01534	0.01859	0.01739	0.01358	0.01752	0.01224	0.01857	0.00942	0.00800	0.00863	0.03847	0.04257	0.00619	0.00310	0.00753

[dist]
# distance from previous block
# <min> <max>
0	1

[block]
# block no. 5 follows, 30 sequences, length 10
# corresponding to MSA columns:
# 334-343
name=unknown_F
#
# <colnr> <probs for GDERKNQSTAVLIFYWHMCP>
#	G	D	E	R	K	N	Q	S	T	A	V	L	I	F	Y	W	H	M	C	P
0	0.01018	0.00810	0.00894	0.00883	0.01072	0.00782	0.00636	0.01455	0.11794	0.02092	0.15166	0.14503	0.32050	0.12268	0.01209	0.00303	0.00433	0.01338	0.00643	0.00650
1	0.01689	0.03877	0.01573	0.01460	0.06534	0.03468	0.01051	0.11202	0.24325	0.06730	0.03043	0.16466	0.09811	0.01192	0.00734	0.00228	0.00579	0.01012	0.00636	0.04390
2	0.01443	0.10354	0.65497	0.01915	0.02906	0.01727	0.02449	0.02199	0.01468	0.02157	0.01226	0.01440	0.00885	0.00657	0.00643	0.00214	0.01005	0.00502	0.00295	0.01019
3	0.01329	0.00840	0.01157	0.01250	0.01456	0.00816	0.01082	0.01637	0.01649	0.09723	0.03769	0.07206	0.07278	0.01802	0.00928	0.00305	0.00622	0.55782	0.00667	0.00700
4	0.01742	0.01847	0.05157	0.15168	0.45057	0.09456	0.04469	0.02218	0.04150	0.02155	0.01334	0.01727	0.01082	0.00657	0.00690	0.00211	0.00903	0.00612	0.00353	0.01010
5	0.04024	0.07333	0.21546	0.20749	0.06796	0.01588	0.11692	0.01933	0.01416	0.02002	0.01343	0.01811	0.01066	0.01374	0.12038	0.00362	0.01111	0.00616	0.00327	0.00872
6	0.01048	0.00750	0.00923	0.00876	0.01072	0.00688	0.00658	0.01386	0.04148	0.05035	0.48637	0.08823	0.20334	0.01503	0.00819	0.00227	0.00355	0.01308	0.00737	0.00673
7	0.01045	0.00845	0.00888	0.00844	0.01103	0.00773	0.00650	0.08485	0.01782	0.02199	0.08485	0.08416	0.55985	0.01673	0.00819	0.00237	0.00412	0.04042	0.00658	0.00659
8	0.01898	0.24052	0.31294	0.01705	0.02409	0.23496	0.01812	0.02351	0.01611	0.01896	0.01120	0.01308	0.00892	0.00661	0.00592	0.00188	0.01019	0.00455	0.00315	0.00925
9	0.01520	0.02018	0.15512	0.14554	0.06579	0.01651	0.40229	0.02101	0.01560	0.02139	0.01449	0.04742	0.01152	0.00685	0.00771	0.00233	0.01064	0.00773	0.00347	0.00922

[dist]
# distance from previous block
# <min> <max>
0	1

[block]
# block no. 6 follows, 30 sequences, length 10
# corresponding to MSA columns:
# 345-354
name=unknown_G
#
# <colnr> <probs for GDERKNQSTAVLIFYWHMCP>
#	G	D	E	R	K	N	Q	S	T	A	V	L	I	F	Y	W	H	M	C	P
0	0.01054	0.00753	0.01043	0.01204	0.01334	0.00742	0.01002	0.01324	0.01537	0.02009	0.03734	0.25181	0.04171	0.01994	0.00945	0.00312	0.00581	0.49814	0.00644	0.00623
1	0.01458	0.01376	0.02219	0.09510	0.47166	0.01373	0.01708	0.01816	0.01572	0.02134	0.02790	0.03025	0.19066	0.00924	0.00726	0.00217	0.00715	0.00841	0.00420	0.00943
2	0.05571	0.13990	0.25454	0.02380	0.20158	0.03924	0.05138	0.04215	0.01574	0.06506	0.01305	0.01544	0.01008	0.00679	0.00698	0.00208	0.03725	0.00545	0.00367	0.01009
3	0.02069	0.56835	0.03254	0.01300	0.01887	0.02607	0.01228	0.19285	0.01898	0.02352	0.01152	0.01263	0.00971	0.00659	0.00512	0.00165	0.00752	0.00439	0.00402	0.00971
4	0.02226	0.01643	0.01843	0.01481	0.01927	0.01831	0.01209	0.51383	0.02724	0.03682	0.01725	0.01950	0.01331	0.01971	0.19261	0.00445	0.01052	0.00659	0.00614	0.01041
5	0.01301	0.00650	0.00650	0.00650	0.00813	0.00650	0.00488	0.01626	0.01463	0.02602	0.02276	0.02602	0.01789	0.00813	0.00488	0.00163	0.00325	0.00650	0.79350	0.00650
6	0.01427	0.02892	0.49519	0.01802	0.02707	0.01452	0.06210	0.02095	0.01477	0.02228	0.01259	0.01492	0.00933	0.00621	0.00635	0.00192	0.00908	0.00508	0.00329	0.21315
7	0.01301	0.00650	0.00650	0.00650	0.00813	0.00650	0.00488	0.01626	0.01463	0.02602	0.02276	0.02602	0.01789	0.00813	0.00488	0.00163	0.00325	0.00650	0.79350	0.00650
8	0.01789	0.20777	0.03006	0.03001	0.38167	0.01980	0.06249	0.02130	0.01505	0.04709	0.01241	0.01583	0.01051	0.00691	0.00819	0.00206	0.09170	0.00573	0.00349	0.01004
9	0.01866	0.75896	0.03657	0.01194	0.01791	0.02761	0.01194	0.02090	0.01418	0.01642	0.00970	0.01119	0.00896	0.00597	0.00448	0.00149	0.00746	0.00373	0.00299	0.00896

[dist]
# distance from previous block
# <min> <max>
0	27

[block]
# block no. 7 follows, 30 sequences, length 194
# corresponding to MSA columns:
# 382-568,570-576
name=unknown_H
#
# <colnr> <probs for GDERKNQSTAVLIFYWHMCP>
#	G	D	E	R	K	N	Q	S	T	A	V	L	I	F	Y	W	H	M	C	P
0	0.06185	0.01731	0.01865	0.01482	0.01979	0.01907	0.01208	0.49020	0.10497	0.05982	0.01875	0.04196	0.01423	0.01081	0.04034	0.00255	0.00760	0.00680	0.00667	0.03172
1	0.01021	0.00775	0.00948	0.00894	0.01088	0.00733	0.00673	0.01457	0.07325	0.02661	0.55105	0.05246	0.16556	0.01443	0.00814	0.00223	0.00351	0.01258	0.00744	0.00683
2	0.01015	0.00677	0.00761	0.00761	0.00761	0.00677	0.00423	0.01015	0.01015	0.01353	0.02199	0.04567	0.02537	0.75476	0.03552	0.00677	0.00677	0.01015	0.00423	0.00423
3	0.02196	0.01104	0.01409	0.01146	0.01537	0.01038	0.00920	0.11821	0.02170	0.34232	0.30127	0.03425	0.03617	0.01088	0.00750	0.00216	0.00511	0.00918	0.00802	0.00973
4	0.11748	0.06508	0.01869	0.01446	0.01900	0.15198	0.01160	0.27288	0.13560	0.06164	0.01701	0.01821	0.01308	0.04374	0.00777	0.00228	0.00783	0.00597	0.00574	0.00996
5	0.02475	0.01058	0.01409	0.01141	0.01568	0.00935	0.00918	0.02793	0.03878	0.50224	0.15648	0.06496	0.06143	0.01076	0.00739	0.00221	0.00523	0.00905	0.00821	0.01029
6	0.00844	0.00709	0.00723	0.00728	0.00950	0.00600	0.00544	0.01016	0.01563	0.01866	0.06723	0.06648	0.65349	0.05364	0.00962	0.00260	0.00379	0.03551	0.00637	0.00583
7	0.01663	0.01686	0.02422	0.32848	0.35259	0.10188	0.01961	0.02071	0.01555	0.02004	0.01254	0.01726	0.01008	0.00665	0.00686	0.00214	0.00923	0.00600	0.00332	0.00932
8	0.01980	0.01547	0.01667	0.01441	0.01869	0.01747	0.01143	0.16189	0.50788	0.07397	0.02636	0.02569	0.01980	0.00950	0.00715	0.00233	0.00599	0.02725	0.00715	0.01112
9	0.01001	0.00732	0.01044	0.01044	0.01142	0.00830	0.00776	0.01196	0.01099	0.01562	0.01940	0.03134	0.01915	0.20355	0.57823	0.01026	0.01612	0.00805	0.00384	0.00580
10	0.05499	0.01314	0.01666	0.01285	0.01816	0.01232	0.01060	0.14651	0.02193	0.56048	0.04169	0.02283	0.01721	0.00866	0.00695	0.00215	0.00616	0.00692	0.00819	0.01161
11	0.01680	0.01669	0.02600	0.30314	0.20162	0.07347	0.14021	0.07590	0.01690	0.02198	0.01380	0.03669	0.01111	0.00711	0.00719	0.00222	0.00950	0.00680	0.00372	0.00917
12	0.02778	0.01303	0.03563	0.01317	0.01799	0.01192	0.01111	0.07099	0.01975	0.55012	0.06554	0.02400	0.01888	0.00923	0.00854	0.00224	0.07397	0.00717	0.00781	0.01112
13	0.75549	0.01343	0.01091	0.05392	0.01562	0.01565	0.00828	0.02035	0.01200	0.03048	0.00988	0.01178	0.00766	0.00651	0.00448	0.00217	0.00564	0.00393	0.00424	0.00757
14	0.01049	0.00855	0.01356	0.11664	0.01876	0.00867	0.07109	0.01298	0.01417	0.01871	0.03173	0.42561	0.03584	0.03866	0.00947	0.00290	0.00605	0.14403	0.00565	0.00642
15	0.01044	0.00800	0.00968	0.01001	0.01151	0.00790	0.00711	0.01507	0.12477	0.02164	0.16772	0.40023	0.08458	0.05167	0.00956	0.00273	0.00427	0.01526	0.00664	0.03120
16	0.02186	0.35440	0.08128	0.01546	0.02062	0.36259	0.01375	0.02434	0.01691	0.01718	0.01044	0.01214	0.00896	0.00661	0.00552	0.00169	0.01014	0.00421	0.00328	0.00864
17	0.01526	0.20889	0.52409	0.01900	0.05750	0.01896	0.02226	0.02178	0.01465	0.02077	0.01187	0.01400	0.00897	0.00645	0.00613	0.00203	0.00954	0.00486	0.00298	0.01002
18	0.06834	0.01195	0.01591	0.01226	0.01761	0.01052	0.01013	0.03336	0.01958	0.68324	0.02668	0.02316	0.01681	0.00853	0.00689	0.00216	0.00591	0.00686	0.00843	0.01167
19	0.00920	0.00714	0.00841	0.00836	0.01029	0.00636	0.00638	0.01171	0.01746	0.02285	0.33581	0.08391	0.35931	0.01650	0.00838	0.00238	0.00369	0.06865	0.00698	0.00622
20	0.08239	0.04395	0.01938	0.01463	0.01960	0.02000	0.01196	0.52889	0.06059	0.03890	0.01696	0.01893	0.01298	0.06844	0.00900	0.00247	0.00732	0.00639	0.00643	0.01079
21	0.00850	0.00607	0.00810	0.00972	0.01012	0.00567	0.00648	0.00972	0.01336	0.01781	0.03846	0.75020	0.04615	0.02186	0.00891	0.00283	0.00405	0.01984	0.00648	0.00567
22	0.01013	0.00683	0.00794	0.00794	0.00805	0.00694	0.00464	0.01036	0.01025	0.01377	0.02169	0.04401	0.02465	0.69086	0.09843	0.00717	0.00785	0.00990	0.00418	0.00441
23	0.01750	0.01764	0.02608	0.13712	0.51474	0.08957	0.02003	0.02136	0.01577	0.02123	0.01260	0.01688	0.01051	0.00670	0.00760	0.00213	0.04297	0.00603	0.00340	0.01012
24	0.02476	0.02276	0.01912	0.01592	0.02050	0.25921	0.01259	0.32868	0.10196	0.06482	0.01896	0.01896	0.04315	0.00852	0.00682	0.00204	0.00883	0.00627	0.00590	0.01023
25	0.00843	0.00635	0.00781	0.00898	0.00993	0.00573	0.00615	0.00980	0.01407	0.01810	0.04739	0.56106	0.22953	0.02070	0.00872	0.00270	0.00391	0.01842	0.00648	0.00573
26	0.05343	0.01360	0.01645	0.06198	0.01932	0.01333	0.01067	0.07325	0.03563	0.02375	0.01256	0.01527	0.01039	0.00694	0.00845	0.00164	0.13020	0.00488	0.00421	0.48405
27	0.01521	0.02488	0.30972	0.08118	0.08524	0.01705	0.27667	0.02149	0.01518	0.02159	0.01296	0.01683	0.00973	0.00668	0.00829	0.00231	0.05556	0.00655	0.00323	0.00966
28	0.01015	0.00677	0.00761	0.00761	0.00761	0.00677	0.00423	0.01015	0.01015	0.01353	0.02199	0.04567	0.02537	0.75476	0.03552	0.00677	0.00677	0.01015	0.00423	0.00423
29	0.02607	0.03326	0.01978	0.01798	0.02157	0.72674	0.01348	0.02787	0.01978	0.01708	0.01079	0.01258	0.00899	0.00719	0.00629	0.00180	0.01258	0.00449	0.00360	0.00809
30	0.01301	0.00650	0.00650	0.00650	0.00813	0.00650	0.00488	0.01626	0.01463	0.02602	0.02276	0.02602	0.01789	0.00813	0.00488	0.00163	0.00325	0.00650	0.79350	0.00650
31	0.00992	0.00750	0.00919	0.00870	0.01060	0.00696	0.00655	0.01370	0.05153	0.02625	0.55017	0.05382	0.18965	0.01470	0.00818	0.00223	0.00345	0.01281	0.00742	0.00666
32	0.02407	0.09605	0.07750	0.01734	0.02173	0.55600	0.01421	0.05858	0.01930	0.01872	0.01131	0.01320	0.00932	0.00820	0.02378	0.00205	0.01186	0.00464	0.00366	0.00848
33	0.01243	0.00762	0.01215	0.08138	0.03574	0.00786	0.03789	0.01098	0.01018	0.01356	0.01298	0.02248	0.01270	0.07356	0.02443	0.60359	0.00675	0.00647	0.00316	0.00410
34	0.01763	0.01512	0.01593	0.01426	0.01825	0.01748	0.01111	0.05626	0.67900	0.02963	0.02806	0.02576	0.02102	0.00944	0.00710	0.00236	0.00559	0.00784	0.00710	0.01107
35	0.04026	0.02060	0.23300	0.13613	0.03103	0.01473	0.22948	0.02024	0.01512	0.05499	0.01737	0.12259	0.01519	0.00873	0.00746	0.00236	0.00934	0.00845	0.00398	0.00894
36	0.02609	0.01933	0.02069	0.01597	0.02147	0.02144	0.01316	0.65677	0.06472	0.04327	0.01731	0.01720	0.01232	0.00843	0.00699	0.00211	0.00758	0.00636	0.00699	0.01183
37	0.00988	0.00665	0.00769	0.00795	0.00801	0.00659	0.00459	0.01008	0.01066	0.01422	0.02463	0.15888	0.02871	0.63698	0.03124	0.00613	0.00633	0.01171	0.00459	0.00446
38	0.02471	0.13645	0.02208	0.01693	0.02093	0.58270	0.01317	0.04461	0.04328	0.01812	0.01141	0.01297	0.00949	0.00713	0.00608	0.00178	0.01147	0.00455	0.00372	0.00842
39	0.01864	0.01488	0.01595	0.01412	0.01822	0.01695	0.01105	0.05453	0.63029	0.08044	0.02802	0.02561	0.02075	0.00938	0.00709	0.00234	0.00561	0.00778	0.00721	0.01113
40	0.00847	0.00620	0.00796	0.00937	0.01003	0.00570	0.00632	0.00976	0.01370	0.01795	0.04270	0.66037	0.13325	0.02131	0.00882	0.00277	0.00398	0.01917	0.00648	0.00570
41	0.00864	0.00617	0.00825	0.00980	0.01029	0.00578	0.00665	0.00999	0.01364	0.01821	0.05750	0.70612	0.04650	0.02155	0.00891	0.00283	0.00411	0.04282	0.00651	0.00572
42	0.10946	0.02466	0.30539	0.04611	0.05038	0.01687	0.27726	0.02166	0.01492	0.02299	0.01269	0.01612	0.00945	0.00652	0.00758	0.00229	0.03653	0.00628	0.00336	0.00948
43	0.00941	0.01211	0.12997	0.00955	0.01322	0.00777	0.00909	0.01240	0.01590	0.01992	0.09061	0.05776	0.53484	0.01566	0.00801	0.00235	0.00478	0.03402	0.00593	0.00670
44	0.01019	0.00728	0.01002	0.01156	0.01273	0.00712	0.00933	0.01268	0.01521	0.02002	0.06189	0.32323	0.04329	0.02004	0.00932	0.00304	0.00544	0.40497	0.00649	0.00615
45	0.01032	0.00718	0.00932	0.00889	0.01057	0.00658	0.00662	0.01335	0.01904	0.04726	0.60037	0.11084	0.09345	0.01490	0.00825	0.00226	0.00345	0.01316	0.00755	0.00663
46	0.01829	0.02304	0.13639	0.09226	0.37622	0.17106	0.03989	0.02265	0.01640	0.02101	0.01249	0.01600	0.01009	0.00655	0.00677	0.00206	0.00974	0.00573	0.00338	0.00996
47	0.01442	0.10179	0.65662	0.01917	0.02909	0.01724	0.02452	0.02199	0.01468	0.02158	0.01227	0.01441	0.00885	0.00657	0.00643	0.00214	0.01005	0.00503	0.00295	0.01019
48	0.02603	0.02139	0.04595	0.01637	0.02194	0.08559	0.01373	0.60394	0.03097	0.04074	0.01606	0.01630	0.01150	0.00821	0.00691	0.00207	0.00822	0.00608	0.00653	0.01147
49	0.01644	0.04471	0.10156	0.14492	0.43309	0.04240	0.05250	0.02099	0.01558	0.02144	0.01347	0.01865	0.01120	0.00676	0.00692	0.00214	0.00891	0.02482	0.00342	0.01007
50	0.00877	0.00619	0.00802	0.00937	0.00971	0.00585	0.00611	0.00979	0.01284	0.01712	0.03578	0.63558	0.04277	0.14110	0.01324	0.00347	0.00449	0.01826	0.00611	0.00543
51	0.01429	0.03370	0.63571	0.02146	0.07845	0.01648	0.02497	0.02180	0.01462	0.02190	0.01241	0.01494	0.00901	0.00687	0.00743	0.00224	0.04523	0.00528	0.00299	0.01024
52	0.02534	0.14754	0.02065	0.01332	0.01846	0.01679	0.01128	0.20526	0.07633	0.31181	0.02168	0.02233	0.01568	0.03082	0.00750	0.00221	0.00668	0.02858	0.00685	0.01087
53	0.02683	0.01086	0.01467	0.01160	0.01613	0.00950	0.00937	0.02950	0.01946	0.57125	0.13654	0.02938	0.02547	0.04590	0.00860	0.00239	0.00555	0.00807	0.00827	0.01065
54	0.01315	0.01079	0.01466	0.01327	0.01404	0.01394	0.01074	0.01540	0.01184	0.01895	0.01537	0.02152	0.01378	0.02287	0.22342	0.00507	0.34491	0.00661	0.20276	0.00694
55	0.04459	0.01560	0.02547	0.21930	0.05611	0.01805	0.17940	0.09874	0.01602	0.02248	0.01411	0.01866	0.03002	0.00850	0.01136	0.00248	0.19977	0.00684	0.00381	0.00868
56	0.00854	0.00627	0.00790	0.00918	0.00989	0.00576	0.00618	0.00979	0.01363	0.01779	0.04305	0.60396	0.15524	0.05522	0.01003	0.00294	0.00409	0.01854	0.00637	0.00564
57	0.01015	0.00677	0.00761	0.00761	0.00761	0.00677	0.00423	0.01015	0.01015	0.01353	0.02199	0.04567	0.02537	0.75476	0.03552	0.00677	0.00677	0.01015	0.00423	0.00423
58	0.01028	0.00833	0.01279	0.11677	0.05116	0.00840	0.04175	0.01275	0.01485	0.02004	0.14333	0.44186	0.04057	0.01687	0.00841	0.00260	0.00531	0.03146	0.00590	0.00658
59	0.01446	0.05855	0.56845	0.07464	0.10434	0.01661	0.02434	0.02167	0.01478	0.02166	0.01248	0.01516	0.00912	0.00659	0.00661	0.00218	0.00992	0.00530	0.00301	0.01016
60	0.02178	0.02300	0.01837	0.01610	0.01920	0.34745	0.01258	0.16171	0.01981	0.02297	0.01353	0.01659	0.01125	0.01464	0.11209	0.00337	0.10936	0.00561	0.04211	0.00848
61	0.02098	0.01438	0.01528	0.01233	0.01624	0.01565	0.00989	0.42083	0.02532	0.03608	0.01909	0.02164	0.01472	0.05412	0.00803	0.00222	0.00614	0.00659	0.27087	0.00960
62	0.01351	0.00929	0.01179	0.01089	0.01239	0.01081	0.00855	0.07570	0.01417	0.02202	0.01807	0.02368	0.01547	0.02456	0.24864	0.06207	0.11943	0.00671	0.28541	0.00682
63	0.65922	0.01355	0.01267	0.10020	0.06055	0.01569	0.00985	0.02024	0.01238	0.02914	0.01025	0.01259	0.00798	0.00652	0.00480	0.00217	0.00605	0.00422	0.00412	0.00780
64	0.01186	0.00606	0.00902	0.00914	0.00916	0.00603	0.00609	0.00914	0.00940	0.01253	0.01401	0.07347	0.01456	0.02407	0.02596	0.74005	0.00592	0.00705	0.00328	0.00322
65	0.01561	0.03384	0.65317	0.01919	0.02905	0.01565	0.02434	0.02321	0.01522	0.08674	0.01392	0.01557	0.00963	0.00682	0.00667	0.00221	0.00991	0.00533	0.00348	0.01046
66	0.00980	0.00713	0.00922	0.00870	0.01038	0.00655	0.00652	0.01302	0.01957	0.02756	0.67795	0.05282	0.09570	0.01442	0.00823	0.00220	0.00330	0.01272	0.00763	0.00655
67	0.01878	0.01837	0.02627	0.08201	0.53320	0.09338	0.01970	0.08143	0.01770	0.02376	0.01315	0.01681	0.01079	0.00656	0.00685	0.00206	0.00876	0.00604	0.00376	0.01060
68	0.02597	0.01914	0.02061	0.01589	0.02133	0.02120	0.01311	0.66515	0.03208	0.04304	0.01682	0.01711	0.01206	0.00986	0.03129	0.00240	0.00805	0.00632	0.00687	0.01168
69	0.01338	0.01261	0.02129	0.70411	0.08038	0.01556	0.01948	0.01800	0.01405	0.01807	0.01244	0.01854	0.00939	0.00694	0.00697	0.00231	0.00925	0.00620	0.00312	0.00791
70	0.01379	0.00906	0.01049	0.00958	0.01242	0.00855	0.00736	0.01887	0.12464	0.13467	0.20896	0.08044	0.30532	0.01430	0.00789	0.00231	0.00420	0.01213	0.00721	0.00782
71	0.07934	0.01480	0.02234	0.27340	0.12081	0.04126	0.10552	0.04001	0.05405	0.02179	0.01424	0.01952	0.01152	0.00963	0.04395	0.00269	0.04644	0.02219	0.00383	0.05268
72	0.02497	0.01567	0.01770	0.01391	0.01856	0.01655	0.01117	0.42563	0.02625	0.19686	0.02062	0.04410	0.01593	0.10647	0.01078	0.00274	0.00704	0.00737	0.00699	0.01068
73	0.00850	0.00607	0.00810	0.00972	0.01012	0.00567	0.00648	0.00972	0.01336	0.01781	0.03846	0.75020	0.04615	0.02186	0.00891	0.00283	0.00405	0.01984	0.00648	0.00567
74	0.02512	0.03126	0.01934	0.01757	0.02120	0.64928	0.01322	0.02887	0.09390	0.01840	0.01271	0.01405	0.01033	0.00744	0.00638	0.00186	0.01181	0.00487	0.00398	0.00841
75	0.00872	0.00607	0.00816	0.00968	0.01006	0.00569	0.00645	0.00968	0.01310	0.01746	0.03684	0.70545	0.04406	0.02201	0.01003	0.05159	0.00417	0.01899	0.00627	0.00551
76	0.00850	0.00607	0.00810	0.00972	0.01012	0.00567	0.00648	0.00972	0.01336	0.01781	0.03846	0.75020	0.04615	0.02186	0.00891	0.00283	0.00405	0.01984	0.00648	0.00567
77	0.01092	0.00793	0.01079	0.01222	0.01391	0.00780	0.01060	0.01397	0.01605	0.02066	0.04063	0.07745	0.11313	0.01910	0.00949	0.00312	0.00611	0.59333	0.00643	0.00637
78	0.01803	0.24767	0.09799	0.02048	0.15261	0.13303	0.04720	0.05194	0.01612	0.01995	0.01371	0.05447	0.01232	0.01145	0.07173	0.00275	0.00979	0.00601	0.00364	0.00909
79	0.07785	0.01045	0.01324	0.01090	0.01472	0.00971	0.00873	0.05600	0.01992	0.35809	0.29917	0.03394	0.03585	0.01073	0.00731	0.00217	0.00492	0.00900	0.00786	0.00944
80	0.00850	0.00607	0.00810	0.00972	0.01012	0.00567	0.00648	0.00972	0.01336	0.01781	0.03846	0.75020	0.04615	0.02186	0.00891	0.00283	0.00405	0.01984	0.00648	0.00567
81	0.01301	0.00650	0.00650	0.00650	0.00813	0.00650	0.00488	0.01626	0.01463	0.02602	0.02276	0.02602	0.01789	0.00813	0.00488	0.00163	0.00325	0.00650	0.79350	0.00650
82	0.01523	0.01780	0.07636	0.21616	0.03832	0.01663	0.44651	0.02084	0.01580	0.02132	0.03603	0.01959	0.01193	0.00649	0.00780	0.00233	0.01075	0.00765	0.00351	0.00894
83	0.01458	0.01238	0.01607	0.10760	0.14019	0.05553	0.01253	0.04899	0.01654	0.04661	0.10016	0.03952	0.11160	0.06505	0.01057	0.00270	0.04974	0.11394	0.02787	0.00783
84	0.16291	0.02061	0.02158	0.09935	0.23910	0.21624	0.03540	0.08335	0.01761	0.02413	0.01213	0.01502	0.00972	0.00680	0.00632	0.00205	0.00912	0.00536	0.00394	0.00927
85	0.01405	0.01369	0.02239	0.63087	0.09418	0.03873	0.05128	0.01863	0.01440	0.01838	0.01248	0.01832	0.00948	0.00688	0.00701	0.00229	0.00945	0.00624	0.00316	0.00808
86	0.02653	0.01955	0.02094	0.01606	0.02164	0.02164	0.01326	0.68796	0.03281	0.04398	0.01675	0.01675	0.01187	0.00838	0.00698	0.00209	0.00768	0.00628	0.00698	0.01187
87	0.01810	0.69992	0.06833	0.01225	0.01825	0.02635	0.01243	0.02059	0.01418	0.01674	0.01077	0.03531	0.01015	0.00652	0.00472	0.00157	0.00749	0.00432	0.00310	0.00891
88	0.00853	0.00616	0.00808	0.00955	0.01009	0.00571	0.00642	0.00984	0.01369	0.01817	0.06020	0.69288	0.08207	0.02141	0.00885	0.00279	0.00400	0.01935	0.00651	0.00571
89	0.03131	0.01188	0.01619	0.01242	0.01781	0.01026	0.01026	0.03401	0.01997	0.71606	0.02753	0.02375	0.01727	0.00864	0.00702	0.00216	0.00594	0.00702	0.00864	0.01188
90	0.01116	0.00806	0.01000	0.01058	0.01179	0.00801	0.00746	0.10727	0.01646	0.02206	0.06733	0.61152	0.04217	0.01956	0.00860	0.00270	0.00453	0.01755	0.00661	0.00660
91	0.01638	0.01846	0.05056	0.05462	0.02730	0.07006	0.27644	0.01996	0.01386	0.01919	0.01145	0.01659	0.00970	0.00899	0.01480	0.00263	0.35050	0.00679	0.00328	0.00845
92	0.00924	0.00704	0.00849	0.00827	0.01007	0.00629	0.00615	0.01188	0.01804	0.02425	0.44987	0.10335	0.27987	0.01591	0.00828	0.00229	0.00342	0.01380	0.00720	0.00629
93	0.01015	0.00677	0.00761	0.00761	0.00761	0.00677	0.00423	0.01015	0.01015	0.01353	0.02199	0.04567	0.02537	0.75476	0.03552	0.00677	0.00677	0.01015	0.00423	0.00423
94	0.01584	0.01782	0.03857	0.02786	0.03439	0.01670	0.63234	0.02136	0.01623	0.02200	0.01604	0.07646	0.01339	0.00714	0.00829	0.00239	0.01116	0.00915	0.00376	0.00912
95	0.01400	0.03610	0.71860	0.01989	0.03020	0.01621	0.02578	0.02210	0.01473	0.02210	0.01252	0.01473	0.00884	0.00663	0.00663	0.00221	0.01031	0.00516	0.00295	0.01031
96	0.01119	0.00797	0.01107	0.01260	0.01413	0.00797	0.01091	0.01425	0.01578	0.02053	0.03623	0.07714	0.03945	0.05443	0.01088	0.00338	0.00644	0.63299	0.00632	0.00632
97	0.02265	0.33188	0.02702	0.03839	0.02092	0.27948	0.01299	0.14954	0.01973	0.02192	0.01152	0.01299	0.00953	0.00690	0.00569	0.00174	0.00942	0.00457	0.00397	0.00915
98	0.01110	0.00846	0.01194	0.01152	0.01277	0.00992	0.00889	0.04478	0.01211	0.01730	0.01834	0.02799	0.01747	0.11835	0.57996	0.00983	0.06137	0.00760	0.00390	0.00638
99	0.01641	0.01865	0.04021	0.02887	0.03559	0.01783	0.65320	0.02208	0.01619	0.02208	0.01388	0.01865	0.01052	0.00619	0.00895	0.00239	0.04735	0.00813	0.00351	0.00933
100	0.37503	0.01616	0.01289	0.01143	0.01505	0.13920	0.00902	0.11036	0.01627	0.02802	0.01320	0.01562	0.01054	0.01071	0.05054	0.03951	0.00754	0.00493	0.10616	0.00781
101	0.01301	0.00650	0.00650	0.00650	0.00813	0.00650	0.00488	0.01626	0.01463	0.02602	0.02276	0.02602	0.01789	0.00813	0.00488	0.00163	0.00325	0.00650	0.79350	0.00650
102	0.01200	0.00962	0.01211	0.01167	0.01315	0.04799	0.00912	0.03579	0.01270	0.01821	0.01805	0.02539	0.01636	0.04144	0.54688	0.00892	0.06046	0.00709	0.08643	0.00663
103	0.01525	0.01238	0.01455	0.01043	0.01660	0.00935	0.00836	0.01833	0.01473	0.05496	0.01311	0.01490	0.01066	0.00533	0.00525	0.00109	0.00520	0.00427	0.00434	0.76091
104	0.05901	0.39464	0.02748	0.01430	0.01914	0.29906	0.01228	0.02459	0.05827	0.01817	0.01127	0.01265	0.00966	0.00669	0.00534	0.00170	0.00924	0.00429	0.00354	0.00868
105	0.01430	0.01354	0.02295	0.54804	0.22927	0.01580	0.01994	0.01881	0.01448	0.01919	0.01260	0.01824	0.00978	0.00677	0.00696	0.00226	0.00903	0.00621	0.00320	0.00865
106	0.01522	0.26482	0.46739	0.01687	0.02533	0.01933	0.02045	0.02112	0.01449	0.02009	0.01287	0.04885	0.01066	0.00715	0.00605	0.00201	0.00911	0.00541	0.00313	0.00966
107	0.02553	0.01905	0.02038	0.01585	0.02126	0.02117	0.01302	0.61689	0.10551	0.04236	0.01803	0.01777	0.01290	0.00850	0.00699	0.00212	0.00744	0.00646	0.00699	0.01178
108	0.01014	0.00770	0.01143	0.01134	0.01251	0.00906	0.00880	0.01253	0.01117	0.01614	0.01849	0.02754	0.01741	0.07054	0.68612	0.01084	0.04079	0.00751	0.00373	0.00622
109	0.04908	0.01283	0.02178	0.46486	0.07006	0.01478	0.09869	0.01833	0.01431	0.04275	0.01568	0.09524	0.01360	0.00856	0.00767	0.00238	0.02981	0.00780	0.00376	0.00802
110	0.00858	0.00731	0.00741	0.00735	0.00972	0.00626	0.00552	0.01094	0.03656	0.01949	0.09234	0.06538	0.66462	0.01730	0.00821	0.00235	0.00359	0.01445	0.00654	0.00607
111	0.00869	0.00622	0.00826	0.00959	0.01016	0.00579	0.00649	0.01018	0.01422	0.01919	0.12882	0.65593	0.04881	0.02084	0.00882	0.00275	0.00395	0.01886	0.00664	0.00579
112	0.01124	0.00803	0.01124	0.01285	0.01446	0.00803	0.01124	0.01446	0.01606	0.02088	0.03695	0.07871	0.04016	0.01928	0.00964	0.00321	0.00643	0.66426	0.00643	0.00643
113	0.01545	0.01454	0.02406	0.32041	0.38050	0.01594	0.01965	0.02072	0.05703	0.02113	0.01449	0.02018	0.01185	0.00711	0.00703	0.00223	0.00847	0.02600	0.00362	0.00958
114	0.80405	0.01350	0.01026	0.00918	0.01350	0.01565	0.00756	0.02051	0.01188	0.03131	0.00972	0.01134	0.00756	0.00648	0.00432	0.00216	0.00540	0.00378	0.00432	0.00756
115	0.00874	0.00617	0.00803	0.00941	0.00976	0.00583	0.00615	0.00978	0.01290	0.01720	0.03610	0.64904	0.04317	0.12710	0.01273	0.00340	0.00444	0.01845	0.00615	0.00546
116	0.01349	0.00696	0.00701	0.00684	0.00861	0.00704	0.00517	0.03998	0.01528	0.02665	0.02255	0.02569	0.01767	0.00814	0.00495	0.00164	0.00341	0.00650	0.76573	0.00669
117	0.01496	0.11396	0.34811	0.04255	0.06787	0.03717	0.14902	0.02067	0.01504	0.02078	0.01527	0.09444	0.01335	0.00805	0.00695	0.00220	0.00950	0.00724	0.00350	0.00938
118	0.01696	0.49595	0.28472	0.01483	0.02238	0.02346	0.01698	0.02133	0.01438	0.01849	0.01073	0.01248	0.00891	0.00621	0.00526	0.00175	0.00850	0.00425	0.00297	0.00945
119	0.45625	0.01417	0.01701	0.13853	0.21210	0.01589	0.01334	0.02032	0.01333	0.02674	0.01110	0.01417	0.00881	0.00649	0.00547	0.00216	0.00684	0.00485	0.00388	0.00856
120	0.01367	0.01290	0.02181	0.65499	0.12724	0.01563	0.01962	0.01826	0.01418	0.01842	0.01249	0.01845	0.00951	0.00689	0.00697	0.00230	0.00918	0.00620	0.00314	0.00815
121	0.00849	0.00613	0.00803	0.00955	0.01008	0.00568	0.00641	0.00973	0.01352	0.01788	0.04044	0.70827	0.08681	0.02161	0.00887	0.00280	0.00402	0.01952	0.00648	0.00568
122	0.02297	0.12902	0.04266	0.01708	0.02077	0.49085	0.01374	0.02581	0.04929	0.01766	0.01131	0.01341	0.00957	0.00773	0.00814	0.00195	0.10132	0.00477	0.00359	0.00835
123	0.01439	0.09666	0.66145	0.01922	0.02917	0.01716	0.02462	0.02200	0.01469	0.02162	0.01229	0.01444	0.00885	0.00657	0.00645	0.00215	0.01007	0.00504	0.00295	0.01020
124	0.03131	0.01188	0.01619	0.01242	0.01781	0.01026	0.01026	0.03401	0.01997	0.71606	0.02753	0.02375	0.01727	0.00864	0.00702	0.00216	0.00594	0.00702	0.00864	0.01188
125	0.01577	0.01361	0.01426	0.01296	0.01663	0.01536	0.01004	0.03237	0.57968	0.02739	0.03577	0.03320	0.14100	0.01090	0.00730	0.00237	0.00518	0.00908	0.00699	0.01015
126	0.01527	0.01527	0.02137	0.01832	0.01832	0.02137	0.01527	0.01679	0.01069	0.01679	0.00916	0.01527	0.00916	0.01221	0.02290	0.00305	0.74198	0.00611	0.00305	0.00763
127	0.00850	0.00607	0.00810	0.00972	0.01012	0.00567	0.00648	0.00972	0.01336	0.01781	0.03846	0.75020	0.04615	0.02186	0.00891	0.00283	0.00405	0.01984	0.00648	0.00567
128	0.00850	0.00607	0.00810	0.00972	0.01012	0.00567	0.00648	0.00972	0.01336	0.01781	0.03846	0.75020	0.04615	0.02186	0.00891	0.00283	0.00405	0.01984	0.00648	0.00567
129	0.00997	0.00748	0.01121	0.01121	0.01246	0.00872	0.00872	0.01246	0.01121	0.01620	0.01869	0.02741	0.01745	0.05234	0.72710	0.01121	0.01869	0.00748	0.00374	0.00623
130	0.02667	0.01932	0.02080	0.01595	0.02153	0.02130	0.01317	0.66841	0.03243	0.06407	0.01708	0.01696	0.01203	0.00838	0.00698	0.00210	0.00763	0.00630	0.00703	0.01187
131	0.01124	0.00803	0.01124	0.01285	0.01446	0.00803	0.01124	0.01446	0.01606	0.02088	0.03695	0.07871	0.04016	0.01928	0.00964	0.00321	0.00643	0.66426	0.00643	0.00643
132	0.01007	0.00673	0.00763	0.00771	0.00773	0.00671	0.00434	0.01013	0.01030	0.01374	0.02279	0.08000	0.02638	0.71904	0.03422	0.00657	0.00663	0.01062	0.00434	0.00430
133	0.01212	0.00606	0.00909	0.00909	0.00909	0.00606	0.00606	0.00909	0.00909	0.01212	0.01212	0.02121	0.01212	0.02424	0.02727	0.79697	0.00606	0.00606	0.00303	0.00303
134	0.01337	0.01260	0.02127	0.70568	0.07888	0.01555	0.01947	0.01800	0.01404	0.01806	0.01244	0.01854	0.00938	0.00694	0.00697	0.00231	0.00926	0.00620	0.00312	0.00791
135	0.00825	0.00707	0.00707	0.00707	0.00943	0.00589	0.00530	0.01001	0.01591	0.01885	0.07069	0.06716	0.70839	0.01767	0.00825	0.00236	0.00353	0.01473	0.00648	0.00589
136	0.02653	0.01955	0.02094	0.01606	0.02164	0.02164	0.01326	0.68796	0.03281	0.04398	0.01675	0.01675	0.01187	0.00838	0.00698	0.00209	0.00768	0.00628	0.00698	0.01187
137	0.01553	0.01699	0.03564	0.09543	0.07673	0.01635	0.52393	0.02079	0.01593	0.02156	0.01598	0.08141	0.01354	0.00738	0.00809	0.00237	0.01066	0.00891	0.00374	0.00903
138	0.01727	0.01658	0.02832	0.04283	0.71123	0.01658	0.02142	0.02142	0.01589	0.02280	0.01313	0.01727	0.01105	0.00622	0.00691	0.00207	0.00829	0.00622	0.00345	0.01105
139	0.80405	0.01350	0.01026	0.00918	0.01350	0.01565	0.00756	0.02051	0.01188	0.03131	0.00972	0.01134	0.00756	0.00648	0.00432	0.00216	0.00540	0.00378	0.00432	0.00756
140	0.04974	0.01887	0.01819	0.01455	0.01926	0.10412	0.01178	0.46964	0.02752	0.05529	0.01698	0.01763	0.01242	0.00814	0.00650	0.00199	0.00749	0.00604	0.12337	0.01047
141	0.75996	0.01340	0.01060	0.00936	0.01374	0.01535	0.00771	0.02128	0.01234	0.07038	0.01073	0.01204	0.00811	0.00660	0.00447	0.00216	0.00543	0.00396	0.00456	0.00780
142	0.05266	0.03389	0.65201	0.01903	0.02883	0.01590	0.02419	0.02258	0.01484	0.05479	0.01309	0.01499	0.00917	0.00672	0.00654	0.00221	0.00987	0.00518	0.00328	0.01025
143	0.01866	0.75896	0.03657	0.01194	0.01791	0.02761	0.01194	0.02090	0.01418	0.01642	0.00970	0.01119	0.00896	0.00597	0.00448	0.00149	0.00746	0.00373	0.00299	0.00896
144	0.00950	0.00723	0.00812	0.00782	0.01002	0.00626	0.00589	0.01182	0.01736	0.04268	0.29075	0.06065	0.46461	0.01622	0.00821	0.00229	0.00352	0.01377	0.00696	0.00631
145	0.01221	0.00801	0.01032	0.00945	0.01149	0.00751	0.00717	0.04591	0.01998	0.08092	0.58217	0.09116	0.05840	0.01403	0.00812	0.00223	0.00375	0.01234	0.00765	0.00718
146	0.00982	0.00726	0.00850	0.00811	0.01020	0.00638	0.00611	0.01238	0.01798	0.04601	0.39076	0.05817	0.36170	0.01566	0.00820	0.00227	0.00349	0.01341	0.00716	0.00643
147	0.00997	0.00748	0.01121	0.01121	0.01246	0.00872	0.00872	0.01246	0.01121	0.01620	0.01869	0.02741	0.01745	0.05234	0.72710	0.01121	0.01869	0.00748	0.00374	0.00623
148	0.01354	0.01278	0.02159	0.67606	0.10714	0.01560	0.01956	0.01815	0.01413	0.01827	0.01247	0.01849	0.00946	0.00691	0.00697	0.00230	0.00921	0.00620	0.00313	0.00805
149	0.01409	0.01131	0.01204	0.01112	0.01440	0.01193	0.00864	0.02494	0.35788	0.05952	0.04611	0.04478	0.30527	0.01316	0.00766	0.00238	0.00476	0.03429	0.00690	0.00879
150	0.00855	0.00609	0.00808	0.00965	0.01005	0.00570	0.00641	0.00973	0.01326	0.01769	0.03797	0.72913	0.04553	0.04379	0.00970	0.00295	0.00413	0.01955	0.00641	0.00562
151	0.00850	0.00607	0.00810	0.00972	0.01012	0.00567	0.00648	0.00972	0.01336	0.01781	0.03846	0.75020	0.04615	0.02186	0.00891	0.00283	0.00405	0.01984	0.00648	0.00567
152	0.01728	0.38454	0.19332	0.01438	0.02029	0.06988	0.01486	0.04997	0.01494	0.01883	0.01199	0.01579	0.01063	0.06570	0.03400	0.00253	0.04396	0.00497	0.00332	0.00883
153	0.03022	0.01244	0.01640	0.01270	0.01802	0.01125	0.01045	0.06606	0.06226	0.64114	0.02706	0.02355	0.01726	0.00868	0.00702	0.00217	0.00600	0.00704	0.00846	0.01182
