[name]
unknown

[dist]
# distance from previous block
# <min> <max>
0	39

[block]
# block no. 0 follows, 29 sequences, length 12
# corresponding to MSA columns:
# 42-53
name=unknown_A
#
# <colnr> <probs for GDERKNQSTAVLIFYWHMCP>
#	G	D	E	R	K	N	Q	S	T	A	V	L	I	F	Y	W	H	M	C	P
0	0.00921	0.00662	0.00821	0.00906	0.00971	0.00629	0.00598	0.01035	0.01329	0.01755	0.06698	0.41760	0.12157	0.21080	0.04951	0.00424	0.00545	0.01613	0.00594	0.00550
1	0.01119	0.02740	0.01213	0.01118	0.01300	0.00964	0.00855	0.01472	0.06083	0.01795	0.02109	0.09146	0.02052	0.09737	0.47762	0.00860	0.01443	0.00862	0.00436	0.06932
2	0.01133	0.00784	0.00920	0.00914	0.00976	0.00802	0.00583	0.06336	0.01291	0.01732	0.02512	0.18195	0.02844	0.49650	0.07778	0.00606	0.00730	0.01182	0.00496	0.00537
3	0.02279	0.01691	0.01929	0.01562	0.01982	0.01927	0.01275	0.35462	0.15599	0.09267	0.06069	0.02149	0.01735	0.00978	0.00984	0.00236	0.12400	0.00716	0.00669	0.01093
4	0.02051	0.01449	0.01673	0.01381	0.01714	0.01605	0.01090	0.32764	0.02265	0.09115	0.02197	0.08300	0.04357	0.14040	0.03779	0.00346	0.09467	0.00861	0.00614	0.00932
5	0.01673	0.07392	0.02370	0.01795	0.02018	0.02037	0.07308	0.08178	0.01422	0.02073	0.01134	0.01628	0.01025	0.01249	0.05257	0.00309	0.45047	0.00616	0.00366	0.07103
6	0.01793	0.01642	0.01855	0.01555	0.01832	0.08349	0.01255	0.15351	0.01735	0.02399	0.01469	0.07444	0.01366	0.01327	0.05854	0.00293	0.28242	0.00695	0.00451	0.15090
7	0.01772	0.14899	0.02386	0.10841	0.06752	0.01960	0.03920	0.16457	0.01779	0.02399	0.01512	0.07492	0.01374	0.01285	0.06171	0.00300	0.16646	0.00715	0.00437	0.00904
8	0.01685	0.07979	0.02010	0.08059	0.02060	0.01821	0.01317	0.15292	0.04264	0.02365	0.01578	0.07530	0.01448	0.01609	0.10245	0.00361	0.24393	0.00731	0.00451	0.04800
9	0.08629	0.01347	0.01679	0.03897	0.06459	0.01496	0.04203	0.18793	0.04280	0.02589	0.01870	0.07587	0.01810	0.23014	0.01738	0.00374	0.08066	0.00844	0.00507	0.00818
10	0.05311	0.03683	0.01933	0.07657	0.04259	0.01573	0.04478	0.18302	0.04528	0.05780	0.01937	0.02094	0.06590	0.00832	0.00794	0.00198	0.06737	0.00648	0.00518	0.22148
11	0.01856	0.01542	0.01832	0.03218	0.01928	0.05543	0.03639	0.19639	0.01941	0.05671	0.01885	0.15429	0.01785	0.01121	0.01055	0.00230	0.15798	0.00861	0.00535	0.14493

[dist]
# distance from previous block
# <min> <max>
16	43

[block]
# block no. 1 follows, 29 sequences, length 18
# corresponding to MSA columns:
# 99-116
name=unknown_B
#
# <colnr> <probs for GDERKNQSTAVLIFYWHMCP>
#	G	D	E	R	K	N	Q	S	T	A	V	L	I	F	Y	W	H	M	C	P
0	0.02044	0.01673	0.01847	0.08194	0.02189	0.06225	0.01254	0.26588	0.10100	0.05148	0.03812	0.02035	0.01487	0.03565	0.03190	0.00257	0.06946	0.00655	0.00566	0.12226
1	0.02094	0.06207	0.02195	0.08568	0.02324	0.08643	0.05256	0.16227	0.04133	0.10974	0.01606	0.04551	0.01294	0.00937	0.01079	0.00234	0.17951	0.00672	0.00507	0.04546
2	0.01511	0.01305	0.01780	0.04883	0.05936	0.03755	0.09152	0.12727	0.04000	0.02303	0.02568	0.08662	0.09982	0.13261	0.12044	0.00445	0.03440	0.00953	0.00501	0.00795
3	0.02163	0.01710	0.02145	0.01697	0.02173	0.04379	0.11365	0.35727	0.06730	0.06523	0.04757	0.13192	0.02018	0.01055	0.00765	0.00231	0.00770	0.00917	0.00649	0.01035
4	0.01762	0.01692	0.02890	0.04371	0.70533	0.01692	0.02185	0.02185	0.01621	0.02326	0.01339	0.01762	0.01128	0.00634	0.00705	0.00211	0.00846	0.00634	0.00352	0.01128
5	0.01643	0.01306	0.01525	0.01101	0.01725	0.01029	0.00885	0.05816	0.01618	0.06178	0.01376	0.01542	0.01102	0.00566	0.00549	0.00118	0.00547	0.00451	0.00464	0.70460
6	0.01237	0.00618	0.00928	0.00928	0.00928	0.00618	0.00618	0.00928	0.00928	0.01237	0.01237	0.02165	0.01237	0.02474	0.02783	0.79283	0.00618	0.00618	0.00309	0.00309
7	0.01477	0.01266	0.01477	0.01055	0.01687	0.00949	0.00844	0.01793	0.01477	0.02320	0.01266	0.01477	0.01055	0.00527	0.00527	0.00105	0.00527	0.00422	0.00422	0.79328
8	0.00842	0.00721	0.00721	0.00721	0.00962	0.00601	0.00541	0.01022	0.01623	0.01924	0.07213	0.06853	0.70244	0.01803	0.00842	0.00240	0.00361	0.01503	0.00661	0.00601
9	0.00864	0.00633	0.00812	0.00956	0.01023	0.00581	0.00645	0.00996	0.01398	0.01832	0.04359	0.65572	0.13367	0.02174	0.00900	0.00283	0.00406	0.01955	0.00661	0.00581
10	0.01477	0.01266	0.01477	0.01055	0.01687	0.00949	0.00844	0.01793	0.01477	0.02320	0.01266	0.01477	0.01055	0.00527	0.00527	0.00105	0.00527	0.00422	0.00422	0.79328
11	0.02707	0.01995	0.02137	0.01638	0.02208	0.02208	0.01353	0.68159	0.03348	0.04488	0.01710	0.01710	0.01211	0.00855	0.00712	0.00214	0.00784	0.00641	0.00712	0.01211
12	0.01017	0.00763	0.01144	0.01144	0.01272	0.00890	0.00890	0.01272	0.01144	0.01653	0.01907	0.02797	0.01780	0.05340	0.72153	0.01144	0.01907	0.00763	0.00381	0.00636
13	0.00868	0.00620	0.00826	0.00991	0.01033	0.00578	0.00661	0.00991	0.01363	0.01818	0.03925	0.74510	0.04710	0.02231	0.00909	0.00289	0.00413	0.02024	0.00661	0.00578
14	0.01477	0.01266	0.01477	0.01055	0.01687	0.00949	0.00844	0.01793	0.01477	0.02320	0.01266	0.01477	0.01055	0.00527	0.00527	0.00105	0.00527	0.00422	0.00422	0.79328
15	0.01237	0.00618	0.00928	0.00928	0.00928	0.00618	0.00618	0.00928	0.00928	0.01237	0.01237	0.02165	0.01237	0.02474	0.02783	0.79283	0.00618	0.00618	0.00309	0.00309
16	0.02393	0.01830	0.01963	0.01551	0.02085	0.02013	0.01262	0.47891	0.19124	0.03969	0.01965	0.01922	0.01432	0.00858	0.00702	0.00213	0.00712	0.00665	0.00695	0.06754
17	0.01495	0.01540	0.02899	0.02164	0.02690	0.01459	0.36901	0.01919	0.01533	0.02163	0.01758	0.13491	0.01647	0.00906	0.00922	0.00226	0.07527	0.00923	0.00417	0.17422

[dist]
# distance from previous block
# <min> <max>
2	4

[block]
# block no. 2 follows, 29 sequences, length 24
# corresponding to MSA columns:
# 121-144
name=unknown_C
#
# <colnr> <probs for GDERKNQSTAVLIFYWHMCP>
#	G	D	E	R	K	N	Q	S	T	A	V	L	I	F	Y	W	H	M	C	P
0	0.01280	0.00850	0.01058	0.00992	0.01196	0.00824	0.00735	0.01749	0.09762	0.08879	0.40513	0.13185	0.06928	0.07561	0.01055	0.00273	0.00427	0.01253	0.00738	0.00742
1	0.09577	0.01493	0.01650	0.01372	0.05312	0.03947	0.01038	0.15478	0.01936	0.08915	0.05028	0.01783	0.01413	0.00699	0.00603	0.00163	0.00623	0.00546	0.00536	0.37887
2	0.01357	0.00949	0.01139	0.01076	0.01265	0.00967	0.00767	0.06039	0.12208	0.04411	0.02527	0.21482	0.02593	0.16843	0.05258	0.11857	0.00639	0.01095	0.00551	0.06977
3	0.17202	0.01399	0.02007	0.44760	0.11711	0.01650	0.01709	0.07431	0.01565	0.02375	0.01257	0.01719	0.00957	0.00704	0.00657	0.00229	0.00844	0.00584	0.00378	0.00862
4	0.02707	0.01995	0.02137	0.01638	0.02208	0.02208	0.01353	0.68159	0.03348	0.04488	0.01710	0.01710	0.01211	0.00855	0.00712	0.00214	0.00784	0.00641	0.00712	0.01211
5	0.01327	0.00664	0.00664	0.00664	0.00830	0.00664	0.00498	0.01659	0.01493	0.02655	0.02323	0.02655	0.01825	0.00830	0.00498	0.00166	0.00332	0.00664	0.78928	0.00664
6	0.01428	0.03683	0.71286	0.02030	0.03082	0.01654	0.02631	0.02255	0.01503	0.02255	0.01278	0.01503	0.00902	0.00677	0.00677	0.00226	0.01052	0.00526	0.00301	0.01052
7	0.29747	0.01334	0.01483	0.01183	0.01698	0.01334	0.00977	0.08370	0.01861	0.42011	0.02088	0.01926	0.01374	0.00803	0.00620	0.00220	0.00602	0.00595	0.00715	0.01059
8	0.01020	0.00753	0.01095	0.01095	0.01205	0.00863	0.00829	0.01240	0.01130	0.01617	0.01952	0.03046	0.01888	0.14648	0.62994	0.01084	0.01745	0.00799	0.00388	0.00608
9	0.01036	0.00690	0.00777	0.00777	0.00777	0.00690	0.00431	0.01036	0.01036	0.01381	0.02244	0.04660	0.02589	0.74975	0.03624	0.00690	0.00690	0.01036	0.00431	0.00431
10	0.80005	0.01377	0.01047	0.00936	0.01377	0.01597	0.00771	0.02093	0.01212	0.03195	0.00991	0.01157	0.00771	0.00661	0.00441	0.00220	0.00551	0.00386	0.00441	0.00771
11	0.02601	0.03271	0.01991	0.01809	0.02178	0.67467	0.01359	0.02906	0.06461	0.01824	0.01219	0.01375	0.01000	0.00749	0.00648	0.00187	0.01236	0.00482	0.00391	0.00845
12	0.80005	0.01377	0.01047	0.00936	0.01377	0.01597	0.00771	0.02093	0.01212	0.03195	0.00991	0.01157	0.00771	0.00661	0.00441	0.00220	0.00551	0.00386	0.00441	0.00771
13	0.01036	0.00690	0.00777	0.00777	0.00777	0.00690	0.00431	0.01036	0.01036	0.01381	0.02244	0.04660	0.02589	0.74975	0.03624	0.00690	0.00690	0.01036	0.00431	0.00431
14	0.04552	0.01644	0.01784	0.01629	0.05476	0.01866	0.01224	0.19051	0.47754	0.03313	0.02471	0.02335	0.01843	0.00912	0.00711	0.00233	0.00630	0.00743	0.00693	0.01136
15	0.01501	0.01445	0.02112	0.30700	0.19914	0.05547	0.01723	0.01944	0.04884	0.01982	0.01648	0.10192	0.01510	0.01083	0.03160	0.00270	0.08338	0.00795	0.00390	0.00863
16	0.01531	0.01385	0.02109	0.41477	0.13485	0.01606	0.01749	0.06389	0.07234	0.02240	0.04990	0.02067	0.01398	0.00787	0.00791	0.00229	0.04513	0.00670	0.00411	0.04940
17	0.01293	0.00808	0.01057	0.05633	0.01385	0.00755	0.00775	0.01541	0.01726	0.12308	0.27728	0.19461	0.15745	0.05338	0.00972	0.00265	0.00454	0.01340	0.00703	0.00715
18	0.04937	0.55306	0.05511	0.01291	0.01851	0.07124	0.01235	0.02275	0.07097	0.01866	0.01213	0.01376	0.01057	0.00895	0.04196	0.00218	0.00840	0.00446	0.00353	0.00911
19	0.01025	0.00683	0.00885	0.00945	0.01033	0.00639	0.00644	0.01191	0.01509	0.04854	0.20783	0.42804	0.04781	0.13245	0.01304	0.00332	0.00444	0.01627	0.00666	0.00606
20	0.00902	0.00661	0.00873	0.03784	0.01164	0.00631	0.00690	0.01043	0.01386	0.01837	0.06626	0.59819	0.08630	0.07062	0.01079	0.00309	0.00446	0.01840	0.00637	0.00582
21	0.01820	0.03666	0.02260	0.09319	0.27086	0.05223	0.01574	0.11532	0.01807	0.02518	0.01329	0.01638	0.01079	0.00668	0.00700	0.00184	0.03196	0.00558	0.00419	0.23424
22	0.05266	0.01383	0.01672	0.07228	0.02069	0.01303	0.01089	0.12330	0.06867	0.22061	0.01876	0.01887	0.01340	0.00729	0.00635	0.00179	0.00626	0.00582	0.00609	0.30269
23	0.02257	0.04558	0.02135	0.11728	0.13957	0.04141	0.01481	0.20637	0.10916	0.15943	0.01958	0.02142	0.01450	0.00835	0.00708	0.00221	0.00767	0.02475	0.00602	0.01089

[dist]
# distance from previous block
# <min> <max>
0	18

[block]
# block no. 3 follows, 29 sequences, length 66
# corresponding to MSA columns:
# 163-228
name=unknown_D
#
# <colnr> <probs for GDERKNQSTAVLIFYWHMCP>
#	G	D	E	R	K	N	Q	S	T	A	V	L	I	F	Y	W	H	M	C	P
0	0.35268	0.12348	0.01885	0.03351	0.04331	0.10343	0.01130	0.12244	0.05808	0.02862	0.01246	0.01401	0.00984	0.00732	0.00612	0.00210	0.03402	0.00482	0.00459	0.00900
1	0.30113	0.06189	0.09575	0.04043	0.03892	0.01645	0.01217	0.15049	0.01797	0.05393	0.05146	0.04320	0.01422	0.00797	0.00595	0.00210	0.00673	0.00591	0.00503	0.06830
2	0.43540	0.05770	0.01539	0.07030	0.01879	0.01677	0.01033	0.12154	0.04130	0.07948	0.01434	0.01713	0.01116	0.00763	0.00558	0.00218	0.00638	0.02931	0.00513	0.03418
3	0.57254	0.01559	0.01368	0.01143	0.01622	0.01777	0.00943	0.21538	0.01841	0.03575	0.01203	0.01319	0.00901	0.00718	0.00521	0.00218	0.00619	0.00461	0.00521	0.00901
4	0.01237	0.00618	0.00928	0.00928	0.00928	0.00618	0.00618	0.00928	0.00928	0.01237	0.01237	0.02165	0.01237	0.02474	0.02783	0.79283	0.00618	0.00618	0.00309	0.00309
5	0.01036	0.00690	0.00777	0.00777	0.00777	0.00690	0.00431	0.01036	0.01036	0.01381	0.02244	0.04660	0.02589	0.74975	0.03624	0.00690	0.00690	0.01036	0.00431	0.00431
6	0.01360	0.01282	0.02164	0.70685	0.07361	0.01586	0.01985	0.01833	0.01431	0.01838	0.01268	0.01893	0.00956	0.00709	0.00712	0.00236	0.00945	0.00633	0.00318	0.00804
7	0.01327	0.00664	0.00664	0.00664	0.00830	0.00664	0.00498	0.01659	0.01493	0.02655	0.02323	0.02655	0.01825	0.00830	0.00498	0.00166	0.00332	0.00664	0.78928	0.00664
8	0.01166	0.00808	0.01057	0.01010	0.01020	0.00912	0.00686	0.01128	0.01024	0.01414	0.01755	0.03391	0.01921	0.39422	0.08431	0.21351	0.11816	0.00843	0.00377	0.00467
9	0.01123	0.00881	0.01254	0.01308	0.05258	0.01018	0.00909	0.01306	0.01136	0.01623	0.01865	0.03124	0.01877	0.24003	0.41521	0.00875	0.09093	0.00816	0.00386	0.00623
10	0.02707	0.01995	0.02137	0.01638	0.02208	0.02208	0.01353	0.68159	0.03348	0.04488	0.01710	0.01710	0.01211	0.00855	0.00712	0.00214	0.00784	0.00641	0.00712	0.01211
11	0.04204	0.10334	0.53317	0.02058	0.06950	0.01741	0.04861	0.02193	0.01484	0.02204	0.01249	0.01509	0.00930	0.00720	0.00721	0.02694	0.00986	0.00529	0.00312	0.01007
12	0.01771	0.01530	0.01610	0.01449	0.01852	0.01771	0.01127	0.03784	0.69247	0.02979	0.02898	0.02657	0.02174	0.00966	0.00725	0.00242	0.00564	0.00805	0.00725	0.01127
13	0.00867	0.00624	0.00822	0.00981	0.01030	0.00579	0.00656	0.00993	0.01373	0.01822	0.04054	0.71859	0.07278	0.02214	0.00906	0.00287	0.00411	0.02004	0.00661	0.00579
14	0.05035	0.01579	0.07339	0.40473	0.03994	0.01603	0.19000	0.01930	0.01473	0.02029	0.01446	0.06090	0.01192	0.00783	0.00789	0.00242	0.03063	0.00749	0.00352	0.00839
15	0.02652	0.01967	0.02106	0.01627	0.02187	0.02183	0.01340	0.64385	0.07212	0.04399	0.01779	0.01765	0.01267	0.00861	0.00713	0.00215	0.00771	0.00651	0.00713	0.01206
16	0.02707	0.01995	0.02137	0.01638	0.02208	0.02208	0.01353	0.68159	0.03348	0.04488	0.01710	0.01710	0.01211	0.00855	0.00712	0.00214	0.00784	0.00641	0.00712	0.01211
17	0.00889	0.00723	0.00787	0.00771	0.00991	0.00621	0.00578	0.01114	0.01735	0.02190	0.25225	0.06414	0.52066	0.01704	0.00841	0.00236	0.00354	0.01441	0.00696	0.00621
18	0.01327	0.00664	0.00664	0.00664	0.00830	0.00664	0.00498	0.01659	0.01493	0.02655	0.02323	0.02655	0.01825	0.00830	0.00498	0.00166	0.00332	0.00664	0.78928	0.00664
19	0.01428	0.03683	0.71286	0.02030	0.03082	0.01654	0.02631	0.02255	0.01503	0.02255	0.01278	0.01503	0.00902	0.00677	0.00677	0.00226	0.01052	0.00526	0.00301	0.01052
20	0.80005	0.01377	0.01047	0.00936	0.01377	0.01597	0.00771	0.02093	0.01212	0.03195	0.00991	0.01157	0.00771	0.00661	0.00441	0.00220	0.00551	0.00386	0.00441	0.00771
21	0.68765	0.01361	0.01202	0.11271	0.01881	0.01595	0.00944	0.02054	0.01242	0.02998	0.01031	0.01263	0.00797	0.00668	0.00479	0.00223	0.00608	0.00421	0.00423	0.00774
22	0.12420	0.01685	0.01906	0.18995	0.13861	0.11623	0.01456	0.09543	0.04424	0.06683	0.05183	0.02188	0.05424	0.00832	0.00679	0.00219	0.00807	0.00671	0.00484	0.00917
23	0.00909	0.00694	0.00838	0.00881	0.01034	0.00622	0.00641	0.01122	0.01652	0.02164	0.24023	0.28323	0.28341	0.01848	0.00868	0.00255	0.00382	0.04090	0.00696	0.00616
24	0.01335	0.01246	0.02091	0.65709	0.07689	0.01526	0.01907	0.01786	0.01429	0.01843	0.01430	0.06297	0.01186	0.00800	0.00724	0.00239	0.00912	0.00717	0.00339	0.00794
25	0.01147	0.00820	0.01147	0.01311	0.01475	0.00820	0.01147	0.01475	0.01639	0.02131	0.03770	0.08032	0.04098	0.01967	0.00984	0.00328	0.00656	0.65741	0.00656	0.00656
26	0.01627	0.16541	0.01827	0.01234	0.01535	0.17905	0.00992	0.01928	0.04129	0.02232	0.30754	0.03219	0.05358	0.01137	0.00841	0.03088	0.03494	0.00849	0.00548	0.00761
27	0.01592	0.01358	0.01500	0.01112	0.01704	0.04250	0.00882	0.03861	0.01569	0.04292	0.01423	0.04455	0.01221	0.00626	0.00559	0.00123	0.00568	0.00503	0.00451	0.67952
28	0.09379	0.22335	0.31863	0.05993	0.02589	0.01903	0.04874	0.02305	0.01518	0.09162	0.01335	0.01509	0.00991	0.00676	0.00608	0.00206	0.00880	0.00514	0.00378	0.00984
29	0.01533	0.01590	0.06646	0.34971	0.34514	0.01608	0.02081	0.02000	0.01526	0.02088	0.01392	0.02037	0.01143	0.00720	0.00717	0.00228	0.00898	0.03010	0.00344	0.00955
30	0.00854	0.00722	0.00739	0.00734	0.00969	0.00606	0.00551	0.01046	0.01653	0.01994	0.11955	0.06737	0.65459	0.01777	0.00841	0.00239	0.00359	0.01487	0.00670	0.00606
31	0.08177	0.01348	0.01897	0.12638	0.12740	0.05408	0.08078	0.02023	0.03543	0.09414	0.11795	0.10370	0.02443	0.05918	0.00931	0.00261	0.00735	0.00909	0.00523	0.00850
32	0.01141	0.00816	0.01139	0.01293	0.01458	0.00813	0.01127	0.01470	0.01655	0.02162	0.06633	0.07915	0.04211	0.01945	0.00977	0.00323	0.00642	0.62961	0.00661	0.00656
33	0.02664	0.01932	0.02082	0.01611	0.02169	0.02132	0.01326	0.61242	0.07698	0.07077	0.01833	0.01802	0.01298	0.00863	0.00713	0.00216	0.00762	0.00655	0.00720	0.01205
34	0.01623	0.05907	0.02346	0.29904	0.24981	0.01663	0.01789	0.04160	0.03769	0.04806	0.04284	0.02132	0.03694	0.00798	0.00800	0.00227	0.05093	0.00682	0.00405	0.00935
35	0.80005	0.01377	0.01047	0.00936	0.01377	0.01597	0.00771	0.02093	0.01212	0.03195	0.00991	0.01157	0.00771	0.00661	0.00441	0.00220	0.00551	0.00386	0.00441	0.00771
36	0.80005	0.01377	0.01047	0.00936	0.01377	0.01597	0.00771	0.02093	0.01212	0.03195	0.00991	0.01157	0.00771	0.00661	0.00441	0.00220	0.00551	0.00386	0.00441	0.00771
37	0.01428	0.03683	0.71286	0.02030	0.03082	0.01654	0.02631	0.02255	0.01503	0.02255	0.01278	0.01503	0.00902	0.00677	0.00677	0.00226	0.01052	0.00526	0.00301	0.01052
38	0.01727	0.04424	0.02315	0.08007	0.38976	0.01505	0.01690	0.06735	0.01765	0.06778	0.07092	0.06779	0.04499	0.00927	0.00736	0.00223	0.00740	0.03600	0.00482	0.01000
39	0.00863	0.00636	0.00809	0.00947	0.01021	0.00582	0.00641	0.00997	0.01406	0.01835	0.04468	0.63335	0.15535	0.02160	0.00898	0.00281	0.00404	0.01938	0.00661	0.00582
40	0.01485	0.10854	0.56464	0.01858	0.02782	0.01743	0.02298	0.02314	0.06347	0.02271	0.04149	0.01702	0.01229	0.00722	0.00664	0.00219	0.00958	0.00562	0.00351	0.01028
41	0.05599	0.14224	0.27491	0.01764	0.04151	0.04301	0.04616	0.13124	0.05837	0.10014	0.01551	0.01647	0.01129	0.00731	0.00650	0.00211	0.00872	0.00566	0.00468	0.01055
42	0.01008	0.00728	0.00952	0.00896	0.01064	0.00672	0.00672	0.01344	0.02016	0.02855	0.70158	0.05319	0.06719	0.01456	0.00840	0.00224	0.00336	0.01288	0.00784	0.00672
43	0.00914	0.00740	0.00822	0.00848	0.01068	0.00649	0.00667	0.01136	0.01661	0.02045	0.12118	0.06940	0.52143	0.01804	0.00868	0.00256	0.00414	0.13618	0.00671	0.00618
44	0.80005	0.01377	0.01047	0.00936	0.01377	0.01597	0.00771	0.02093	0.01212	0.03195	0.00991	0.01157	0.00771	0.00661	0.00441	0.00220	0.00551	0.00386	0.00441	0.00771
45	0.01345	0.01266	0.02136	0.73264	0.04904	0.01582	0.01978	0.01819	0.01424	0.01819	0.01266	0.01898	0.00949	0.00712	0.00712	0.00237	0.00949	0.00633	0.00316	0.00791
46	0.21397	0.03971	0.05972	0.16991	0.12974	0.03981	0.01496	0.08096	0.07870	0.05797	0.01547	0.01927	0.01215	0.00772	0.00642	0.00225	0.00768	0.02954	0.00464	0.00940
47	0.01479	0.11334	0.64079	0.01943	0.02948	0.01778	0.02480	0.02242	0.01497	0.02193	0.01247	0.01465	0.00903	0.00669	0.00653	0.00218	0.01021	0.00511	0.00301	0.01038
48	0.01648	0.25988	0.46200	0.01766	0.02640	0.06147	0.02118	0.02251	0.01516	0.02045	0.01178	0.01378	0.00907	0.00659	0.00606	0.00200	0.00975	0.00477	0.00306	0.00996
49	0.01531	0.15069	0.53480	0.01813	0.02718	0.01763	0.02238	0.02211	0.01531	0.04111	0.03626	0.01834	0.01236	0.00744	0.00658	0.00217	0.00955	0.02912	0.00346	0.01007
50	0.01428	0.03683	0.71286	0.02030	0.03082	0.01654	0.02631	0.02255	0.01503	0.02255	0.01278	0.01503	0.00902	0.00677	0.00677	0.00226	0.01052	0.00526	0.00301	0.01052
51	0.00893	0.00638	0.00855	0.01020	0.01073	0.00600	0.00705	0.01035	0.01388	0.01846	0.03911	0.68527	0.04655	0.02207	0.00916	0.00293	0.00435	0.07759	0.00661	0.00585
52	0.01477	0.01266	0.01477	0.01055	0.01687	0.00949	0.00844	0.01793	0.01477	0.02320	0.01266	0.01477	0.01055	0.00527	0.00527	0.00105	0.00527	0.00422	0.00422	0.79328
53	0.01537	0.02077	0.26180	0.01672	0.07127	0.05301	0.01570	0.02092	0.04831	0.09047	0.18746	0.08469	0.06203	0.01075	0.00748	0.00228	0.00727	0.00911	0.00547	0.00912
54	0.01036	0.00690	0.00777	0.00777	0.00777	0.00690	0.00431	0.01036	0.01036	0.01381	0.02244	0.04660	0.02589	0.74975	0.03624	0.00690	0.00690	0.01036	0.00431	0.00431
55	0.04312	0.02381	0.24229	0.17510	0.07678	0.05803	0.23524	0.02196	0.01571	0.02178	0.01312	0.01713	0.00980	0.00659	0.00729	0.00229	0.01062	0.00648	0.00335	0.00949
56	0.02133	0.13836	0.10757	0.01784	0.04973	0.27828	0.04980	0.06523	0.06476	0.04504	0.01406	0.01643	0.01138	0.03579	0.00752	0.00210	0.00983	0.00546	0.00417	0.05531
57	0.80005	0.01377	0.01047	0.00936	0.01377	0.01597	0.00771	0.02093	0.01212	0.03195	0.00991	0.01157	0.00771	0.00661	0.00441	0.00220	0.00551	0.00386	0.00441	0.00771
58	0.03148	0.01286	0.01699	0.01302	0.01855	0.01157	0.01076	0.09640	0.02163	0.64681	0.02704	0.02356	0.01710	0.00879	0.00716	0.00220	0.00623	0.00709	0.00865	0.01212
59	0.01036	0.00690	0.00777	0.00777	0.00777	0.00690	0.00431	0.01036	0.01036	0.01381	0.02244	0.04660	0.02589	0.74975	0.03624	0.00690	0.00690	0.01036	0.00431	0.00431
60	0.01538	0.12633	0.44196	0.06446	0.03160	0.01834	0.16017	0.02218	0.01528	0.02158	0.01273	0.01567	0.00944	0.00654	0.00684	0.00220	0.01039	0.00579	0.00315	0.00999
61	0.00917	0.00706	0.00838	0.00843	0.01018	0.00627	0.00618	0.01154	0.01745	0.02302	0.33447	0.18035	0.31724	0.01730	0.00853	0.00242	0.00359	0.01502	0.00713	0.00627
62	0.01760	0.25652	0.17688	0.05944	0.06343	0.01750	0.01536	0.02148	0.01555	0.11809	0.01904	0.11230	0.01735	0.00964	0.00664	0.00216	0.00769	0.04942	0.00458	0.00933
63	0.34537	0.01484	0.11155	0.05493	0.01766	0.01279	0.01097	0.01946	0.01545	0.07294	0.20120	0.05153	0.02630	0.00955	0.00635	0.00226	0.00587	0.00748	0.00544	0.00807
64	0.30001	0.10253	0.13487	0.01405	0.01931	0.11694	0.01319	0.06462	0.06208	0.02606	0.01419	0.01568	0.03102	0.00771	0.00671	0.00216	0.05058	0.00512	0.00428	0.00889
65	0.18557	0.11854	0.19172	0.01474	0.04160	0.08301	0.01409	0.02025	0.01587	0.02452	0.17088	0.02253	0.02231	0.00872	0.00699	0.00213	0.03691	0.00654	0.00452	0.00855

[dist]
# distance from previous block
# <min> <max>
1	25

[block]
# block no. 4 follows, 29 sequences, length 38
# corresponding to MSA columns:
# 254-281,287-296
name=unknown_E
#
# <colnr> <probs for GDERKNQSTAVLIFYWHMCP>
#	G	D	E	R	K	N	Q	S	T	A	V	L	I	F	Y	W	H	M	C	P
0	0.12067	0.07643	0.09823	0.24900	0.25306	0.01735	0.04615	0.02066	0.01481	0.02222	0.01239	0.01653	0.00981	0.00663	0.00654	0.00219	0.00869	0.00577	0.00344	0.00943
1	0.03835	0.01735	0.02250	0.19754	0.32292	0.13227	0.01762	0.02077	0.01609	0.02088	0.03961	0.02247	0.01450	0.05228	0.00881	0.00247	0.00900	0.03166	0.00381	0.00911
2	0.00896	0.00651	0.00849	0.00972	0.01051	0.00603	0.00675	0.01062	0.01482	0.01976	0.12831	0.57075	0.10194	0.02084	0.00898	0.00278	0.00410	0.04743	0.00677	0.00596
3	0.01412	0.00820	0.01061	0.00970	0.01199	0.00748	0.00744	0.01693	0.01871	0.15204	0.41521	0.05046	0.10317	0.08171	0.01084	0.00275	0.00444	0.05928	0.00750	0.00743
4	0.07240	0.35560	0.02804	0.01471	0.02003	0.10940	0.05312	0.09110	0.14761	0.02353	0.01470	0.01557	0.01187	0.00721	0.00579	0.00189	0.00803	0.00527	0.00446	0.00967
5	0.01729	0.18965	0.27104	0.10463	0.02836	0.01940	0.06960	0.11457	0.01753	0.02394	0.01284	0.01529	0.00980	0.00673	0.00637	0.00200	0.00906	0.00539	0.00376	0.07274
6	0.03655	0.12785	0.36988	0.02317	0.17259	0.04588	0.02102	0.02164	0.01505	0.02147	0.01287	0.01595	0.01020	0.01034	0.06370	0.00284	0.01032	0.00542	0.00325	0.01000
7	0.01065	0.04048	0.00967	0.00882	0.00945	0.00785	0.00583	0.01152	0.01237	0.01648	0.08752	0.12139	0.03261	0.50179	0.02686	0.00546	0.00629	0.07479	0.00504	0.00512
8	0.00866	0.00627	0.00819	0.00972	0.01028	0.00580	0.00652	0.00994	0.01382	0.01826	0.04167	0.69522	0.09541	0.02199	0.00904	0.00286	0.00409	0.01986	0.00661	0.00580
9	0.02239	0.34906	0.02784	0.01566	0.02010	0.36047	0.01321	0.02440	0.01693	0.01711	0.01039	0.01244	0.00917	0.00720	0.00696	0.00180	0.06853	0.00438	0.00335	0.00861
10	0.01590	0.04900	0.25777	0.21887	0.16500	0.01697	0.03831	0.08156	0.01672	0.02319	0.01423	0.04504	0.01140	0.00750	0.00700	0.00225	0.00928	0.00648	0.00369	0.00984
11	0.01020	0.00747	0.01061	0.01056	0.01163	0.00836	0.00788	0.01234	0.01194	0.01699	0.07436	0.03345	0.02326	0.17948	0.53727	0.00986	0.01556	0.00856	0.00423	0.00601
12	0.00963	0.00708	0.00876	0.00877	0.01018	0.00651	0.00632	0.01200	0.01721	0.02338	0.39036	0.16318	0.17161	0.10191	0.01178	0.00294	0.00402	0.03122	0.00699	0.00616
13	0.01637	0.01486	0.02176	0.01565	0.02212	0.01265	0.16629	0.08006	0.01696	0.02510	0.01347	0.01602	0.01075	0.00575	0.00618	0.00147	0.00709	0.00540	0.00434	0.53770
14	0.01696	0.02311	0.28662	0.11104	0.04885	0.01555	0.17088	0.02282	0.01625	0.11343	0.06093	0.02034	0.01458	0.00765	0.00804	0.00233	0.03958	0.00694	0.00427	0.00985
15	0.69500	0.01358	0.01158	0.05413	0.01627	0.01556	0.00866	0.02178	0.01286	0.08111	0.01142	0.01296	0.00855	0.00680	0.00478	0.00221	0.00579	0.00425	0.00466	0.00805
16	0.11301	0.16316	0.22945	0.01486	0.02105	0.03768	0.03555	0.02215	0.01563	0.12003	0.03605	0.08739	0.01716	0.00933	0.00660	0.00221	0.00781	0.04688	0.00473	0.00926
17	0.00896	0.00723	0.00796	0.00778	0.00995	0.00624	0.00584	0.01127	0.01751	0.02227	0.27675	0.06354	0.49594	0.01690	0.00841	0.00235	0.00353	0.01433	0.00701	0.00624
18	0.07650	0.06648	0.01707	0.01329	0.01696	0.01456	0.04967	0.20232	0.06152	0.02933	0.11729	0.13372	0.08246	0.01273	0.00763	0.00238	0.00618	0.07486	0.00634	0.00872
19	0.01436	0.01377	0.02376	0.52659	0.18173	0.01589	0.06039	0.01899	0.01486	0.01955	0.01468	0.02019	0.03049	0.00722	0.00722	0.00232	0.00926	0.00672	0.00337	0.00865
20	0.01558	0.01558	0.02181	0.01869	0.01869	0.02181	0.01558	0.01714	0.01091	0.01714	0.00935	0.01558	0.00935	0.01246	0.02337	0.00312	0.73672	0.00623	0.00312	0.00779
21	0.01857	0.01572	0.01659	0.01466	0.01884	0.01811	0.01148	0.09699	0.63191	0.03117	0.02789	0.02570	0.02085	0.00956	0.00723	0.00239	0.00584	0.00790	0.00723	0.01135
22	0.01122	0.00809	0.01112	0.01256	0.01425	0.00800	0.01089	0.01441	0.01655	0.02151	0.06958	0.07838	0.08288	0.01934	0.00968	0.00318	0.00623	0.58897	0.00662	0.00653
23	0.01345	0.01266	0.02136	0.73264	0.04904	0.01582	0.01978	0.01819	0.01424	0.01819	0.01266	0.01898	0.00949	0.00712	0.00712	0.00237	0.00949	0.00633	0.00316	0.00791
24	0.09153	0.19338	0.33024	0.06025	0.02561	0.01898	0.01845	0.07577	0.01656	0.08741	0.01361	0.01515	0.01000	0.00695	0.00613	0.00208	0.00870	0.00513	0.00402	0.01006
25	0.00868	0.00620	0.00826	0.00991	0.01033	0.00578	0.00661	0.00991	0.01363	0.01818	0.03925	0.74510	0.04710	0.02231	0.00909	0.00289	0.00413	0.02024	0.00661	0.00578
26	0.00902	0.00701	0.00790	0.00809	0.00970	0.00622	0.00573	0.01079	0.01576	0.02011	0.17850	0.18164	0.38057	0.11237	0.01211	0.00304	0.00408	0.01494	0.00655	0.00589
27	0.30914	0.15930	0.01865	0.06007	0.01879	0.07393	0.01093	0.04879	0.05726	0.09142	0.01593	0.02081	0.01327	0.00828	0.00582	0.00216	0.00702	0.06480	0.00490	0.00875
28	0.02544	0.01930	0.02173	0.01895	0.08940	0.02125	0.01419	0.56887	0.08036	0.04163	0.01761	0.01785	0.01274	0.00841	0.00712	0.00216	0.00774	0.00653	0.00678	0.01197
29	0.00895	0.00730	0.00787	0.00796	0.01013	0.00632	0.00607	0.01099	0.01645	0.02022	0.13447	0.06716	0.54873	0.04482	0.00957	0.00263	0.00397	0.07365	0.00665	0.00607
30	0.01375	0.01535	0.08677	0.47848	0.06361	0.01530	0.10890	0.01877	0.01510	0.02008	0.05964	0.04324	0.01469	0.00787	0.00740	0.00236	0.00932	0.00738	0.00364	0.00835
31	0.01200	0.00756	0.00953	0.00930	0.01125	0.00677	0.00686	0.01437	0.01755	0.10668	0.30278	0.24327	0.19151	0.01673	0.00844	0.00245	0.00395	0.01467	0.00736	0.00697
32	0.01169	0.00764	0.01003	0.00923	0.01119	0.00699	0.00699	0.01501	0.02017	0.07881	0.65192	0.05106	0.06353	0.01413	0.00831	0.00224	0.00356	0.01246	0.00791	0.00712
33	0.29949	0.15821	0.12562	0.01284	0.01895	0.01821	0.01244	0.11179	0.01666	0.06601	0.01263	0.01387	0.00963	0.00678	0.00542	0.00195	0.00700	0.00463	0.00453	0.09334
34	0.06904	0.15249	0.09244	0.01460	0.04582	0.01653	0.01274	0.05999	0.12780	0.23132	0.03379	0.01978	0.01519	0.00783	0.00636	0.00202	0.00677	0.00611	0.00595	0.07343
35	0.08347	0.07026	0.10252	0.04190	0.17228	0.18413	0.03665	0.08369	0.08202	0.05525	0.01472	0.01649	0.01138	0.00726	0.00657	0.00208	0.00915	0.00571	0.00444	0.01002
36	0.01589	0.35398	0.34674	0.01572	0.02334	0.02074	0.01820	0.02084	0.01465	0.01956	0.01393	0.08051	0.01257	0.00789	0.00600	0.00199	0.00864	0.00599	0.00336	0.00947
37	0.01108	0.07553	0.01050	0.00826	0.00884	0.00881	0.00513	0.01134	0.01087	0.01426	0.02198	0.07219	0.02522	0.65140	0.03221	0.00624	0.00685	0.01016	0.00429	0.00482

[dist]
# distance from previous block
# <min> <max>
0	1

[block]
# block no. 5 follows, 29 sequences, length 107
# corresponding to MSA columns:
# 298-404
name=unknown_F
#
# <colnr> <probs for GDERKNQSTAVLIFYWHMCP>
#	G	D	E	R	K	N	Q	S	T	A	V	L	I	F	Y	W	H	M	C	P
0	0.01472	0.05640	0.14057	0.01935	0.04470	0.01672	0.15413	0.01990	0.05532	0.02233	0.14143	0.02554	0.04586	0.01004	0.01171	0.00248	0.19757	0.00804	0.00444	0.00876
1	0.01324	0.00662	0.00672	0.00672	0.00833	0.00662	0.00502	0.01635	0.01474	0.02607	0.02287	0.02638	0.01805	0.00884	0.00574	0.02805	0.00341	0.00662	0.76306	0.00652
2	0.02119	0.26591	0.13310	0.01734	0.02402	0.04595	0.09797	0.26020	0.02189	0.02855	0.01353	0.01503	0.01040	0.00711	0.00636	0.00197	0.00885	0.00556	0.00460	0.01045
3	0.01520	0.03056	0.47663	0.02415	0.05468	0.01702	0.23462	0.02261	0.01564	0.02266	0.01332	0.01645	0.00966	0.00651	0.00730	0.00230	0.01093	0.00630	0.00321	0.01025
4	0.01237	0.00618	0.00928	0.00928	0.00928	0.00618	0.00618	0.00928	0.00928	0.01237	0.01237	0.02165	0.01237	0.02474	0.02783	0.79283	0.00618	0.00618	0.00309	0.00309
5	0.00904	0.00724	0.00808	0.00787	0.01000	0.00628	0.00590	0.01144	0.01771	0.02276	0.31001	0.06273	0.46237	0.01672	0.00841	0.00234	0.00351	0.01422	0.00708	0.00628
6	0.01428	0.03683	0.71286	0.02030	0.03082	0.01654	0.02631	0.02255	0.01503	0.02255	0.01278	0.01503	0.00902	0.00677	0.00677	0.00226	0.01052	0.00526	0.00301	0.01052
7	0.01428	0.03683	0.71286	0.02030	0.03082	0.01654	0.02631	0.02255	0.01503	0.02255	0.01278	0.01503	0.00902	0.00677	0.00677	0.00226	0.01052	0.00526	0.00301	0.01052
8	0.01528	0.01296	0.01504	0.01079	0.01709	0.01002	0.00865	0.04581	0.01555	0.02411	0.01284	0.01486	0.01061	0.00541	0.00535	0.00110	0.00538	0.00431	0.00434	0.76046
9	0.01885	0.01570	0.01666	0.01457	0.01876	0.01796	0.01144	0.13527	0.56625	0.03205	0.05271	0.02613	0.02199	0.00968	0.00727	0.00237	0.00589	0.00798	0.00725	0.01123
10	0.00865	0.00631	0.00815	0.00962	0.01025	0.00581	0.00648	0.00995	0.01392	0.01829	0.04289	0.67018	0.11967	0.02184	0.00901	0.00284	0.00407	0.01967	0.00661	0.00581
11	0.00880	0.00620	0.00830	0.00989	0.01029	0.00580	0.00660	0.00989	0.01348	0.01798	0.03832	0.72021	0.04590	0.02239	0.00973	0.03008	0.00420	0.01976	0.00649	0.00569
12	0.00958	0.00720	0.00887	0.00858	0.01036	0.00649	0.00638	0.01243	0.01880	0.02563	0.50651	0.09610	0.22518	0.01587	0.00844	0.00232	0.00346	0.01383	0.00746	0.00649
13	0.01771	0.01530	0.01610	0.01449	0.01852	0.01771	0.01127	0.03784	0.69247	0.02979	0.02898	0.02657	0.02174	0.00966	0.00725	0.00242	0.00564	0.00805	0.00725	0.01127
14	0.01345	0.01266	0.02136	0.73264	0.04904	0.01582	0.01978	0.01819	0.01424	0.01819	0.01266	0.01898	0.00949	0.00712	0.00712	0.00237	0.00949	0.00633	0.00316	0.00791
15	0.01035	0.00694	0.00796	0.00796	0.00802	0.00701	0.00455	0.01048	0.01041	0.01395	0.02226	0.04563	0.02547	0.71367	0.07176	0.00714	0.00753	0.01021	0.00429	0.00442
16	0.01428	0.03683	0.71286	0.02030	0.03082	0.01654	0.02631	0.02255	0.01503	0.02255	0.01278	0.01503	0.00902	0.00677	0.00677	0.00226	0.01052	0.00526	0.00301	0.01052
17	0.01017	0.00763	0.01144	0.01144	0.01272	0.00890	0.00890	0.01272	0.01144	0.01653	0.01907	0.02797	0.01780	0.05340	0.72153	0.01144	0.01907	0.00763	0.00381	0.00636
18	0.03195	0.01212	0.01652	0.01267	0.01818	0.01047	0.01047	0.03470	0.02038	0.71026	0.02809	0.02424	0.01763	0.00881	0.00716	0.00220	0.00606	0.00716	0.00881	0.01212
19	0.02660	0.03394	0.02018	0.01834	0.02201	0.72116	0.01376	0.02843	0.02018	0.01743	0.01101	0.01284	0.00917	0.00734	0.00642	0.00183	0.01284	0.00459	0.00367	0.00825
20	0.00911	0.00652	0.00873	0.01016	0.01083	0.00613	0.00714	0.01077	0.01456	0.01952	0.10362	0.60672	0.04840	0.02127	0.00910	0.00287	0.00431	0.08754	0.00672	0.00596
21	0.01036	0.00690	0.00777	0.00777	0.00777	0.00690	0.00431	0.01036	0.01036	0.01381	0.02244	0.04660	0.02589	0.74975	0.03624	0.00690	0.00690	0.01036	0.00431	0.00431
22	0.01558	0.01558	0.02181	0.01869	0.01869	0.02181	0.01558	0.01714	0.01091	0.01714	0.00935	0.01558	0.00935	0.01246	0.02337	0.00312	0.73672	0.00623	0.00312	0.00779
23	0.01771	0.01530	0.01610	0.01449	0.01852	0.01771	0.01127	0.03784	0.69247	0.02979	0.02898	0.02657	0.02174	0.00966	0.00725	0.00242	0.00564	0.00805	0.00725	0.01127
24	0.00991	0.00730	0.00916	0.00890	0.01049	0.00682	0.00662	0.01260	0.01778	0.02439	0.45213	0.05502	0.16410	0.09557	0.05170	0.00334	0.00483	0.04607	0.00697	0.00632
25	0.01771	0.01530	0.01610	0.01449	0.01852	0.01771	0.01127	0.03784	0.69247	0.02979	0.02898	0.02657	0.02174	0.00966	0.00725	0.00242	0.00564	0.00805	0.00725	0.01127
26	0.01904	0.75404	0.03731	0.01218	0.01828	0.02818	0.01218	0.02132	0.01447	0.01675	0.00990	0.01142	0.00914	0.00609	0.00457	0.00152	0.00761	0.00381	0.00305	0.00914
27	0.01237	0.00618	0.00928	0.00928	0.00928	0.00618	0.00618	0.00928	0.00928	0.01237	0.01237	0.02165	0.01237	0.02474	0.02783	0.79283	0.00618	0.00618	0.00309	0.00309
28	0.01017	0.00763	0.01144	0.01144	0.01272	0.00890	0.00890	0.01272	0.01144	0.01653	0.01907	0.02797	0.01780	0.05340	0.72153	0.01144	0.01907	0.00763	0.00381	0.00636
29	0.02722	0.02038	0.02113	0.01635	0.02194	0.05788	0.01343	0.62401	0.03231	0.06786	0.01718	0.01714	0.01216	0.00849	0.00709	0.00212	0.00803	0.00634	0.00701	0.01191
30	0.06291	0.01230	0.01626	0.01260	0.01801	0.01095	0.01038	0.03425	0.04417	0.65805	0.02738	0.02380	0.01737	0.00875	0.00705	0.00221	0.00602	0.00706	0.00858	0.01191
31	0.01017	0.00763	0.01144	0.01144	0.01272	0.00890	0.00890	0.01272	0.01144	0.01653	0.01907	0.02797	0.01780	0.05340	0.72153	0.01144	0.01907	0.00763	0.00381	0.00636
32	0.01270	0.00787	0.01027	0.00933	0.01152	0.00715	0.00711	0.01590	0.01998	0.11237	0.58568	0.05040	0.09398	0.01403	0.00825	0.00224	0.00371	0.01228	0.00790	0.00735
33	0.02854	0.01691	0.01941	0.01495	0.02053	0.01766	0.01233	0.42180	0.05135	0.28878	0.02154	0.02004	0.01447	0.00868	0.00714	0.00217	0.00711	0.00674	0.00775	0.01208
34	0.02707	0.01995	0.02137	0.01638	0.02208	0.02208	0.01353	0.68159	0.03348	0.04488	0.01710	0.01710	0.01211	0.00855	0.00712	0.00214	0.00784	0.00641	0.00712	0.01211
35	0.01345	0.01266	0.02136	0.73264	0.04904	0.01582	0.01978	0.01819	0.01424	0.01819	0.01266	0.01898	0.00949	0.00712	0.00712	0.00237	0.00949	0.00633	0.00316	0.00791
36	0.01008	0.00728	0.00952	0.00896	0.01064	0.00672	0.00672	0.01344	0.02016	0.02855	0.70158	0.05319	0.06719	0.01456	0.00840	0.00224	0.00336	0.01288	0.00784	0.00672
37	0.01742	0.01499	0.01585	0.01428	0.01822	0.01729	0.01110	0.03691	0.66694	0.02974	0.05452	0.02758	0.02346	0.00985	0.00729	0.00241	0.00555	0.00823	0.00727	0.01110
38	0.74124	0.01550	0.06304	0.01018	0.01505	0.01602	0.00910	0.02105	0.01234	0.03124	0.01013	0.01183	0.00781	0.00662	0.00458	0.00221	0.00588	0.00396	0.00430	0.00792
39	0.00868	0.00620	0.00826	0.00991	0.01033	0.00578	0.00661	0.00991	0.01363	0.01818	0.03925	0.74510	0.04710	0.02231	0.00909	0.00289	0.00413	0.02024	0.00661	0.00578
40	0.01477	0.01266	0.01477	0.01055	0.01687	0.00949	0.00844	0.01793	0.01477	0.02320	0.01266	0.01477	0.01055	0.00527	0.00527	0.00105	0.00527	0.00422	0.00422	0.79328
41	0.02368	0.02568	0.01888	0.01662	0.02040	0.41401	0.01282	0.17424	0.05981	0.02419	0.01464	0.01690	0.01187	0.01482	0.11642	0.00341	0.01226	0.00566	0.00467	0.00901
42	0.01314	0.01224	0.02050	0.68555	0.04652	0.01517	0.01892	0.01765	0.01420	0.01819	0.01439	0.06629	0.01194	0.00811	0.00725	0.00241	0.00914	0.00723	0.00339	0.00777
43	0.01477	0.01266	0.01477	0.01055	0.01687	0.00949	0.00844	0.01793	0.01477	0.02320	0.01266	0.01477	0.01055	0.00527	0.00527	0.00105	0.00527	0.00422	0.00422	0.79328
44	0.01614	0.01668	0.02320	0.06918	0.02238	0.06060	0.06539	0.01827	0.01210	0.01765	0.01005	0.01593	0.00946	0.01132	0.02016	0.00294	0.59108	0.00631	0.00319	0.00796
45	0.00910	0.00652	0.00864	0.00963	0.01042	0.00606	0.00664	0.01097	0.01559	0.02129	0.23764	0.53785	0.05311	0.01999	0.00888	0.00270	0.00390	0.01804	0.00698	0.00606
46	0.00985	0.00727	0.00920	0.00872	0.01050	0.00662	0.00654	0.01300	0.01962	0.02729	0.61589	0.05528	0.15366	0.01503	0.00840	0.00226	0.00339	0.01317	0.00767	0.00662
47	0.01036	0.00690	0.00777	0.00777	0.00777	0.00690	0.00431	0.01036	0.01036	0.01381	0.02244	0.04660	0.02589	0.74975	0.03624	0.00690	0.00690	0.01036	0.00431	0.00431
48	0.00982	0.00720	0.00921	0.00886	0.01052	0.00659	0.00659	0.01289	0.01934	0.02696	0.59648	0.10231	0.12582	0.01542	0.00845	0.00230	0.00344	0.01359	0.00764	0.00659
49	0.01904	0.75404	0.03731	0.01218	0.01828	0.02818	0.01218	0.02132	0.01447	0.01675	0.00990	0.01142	0.00914	0.00609	0.00457	0.00152	0.00761	0.00381	0.00305	0.00914
50	0.80005	0.01377	0.01047	0.00936	0.01377	0.01597	0.00771	0.02093	0.01212	0.03195	0.00991	0.01157	0.00771	0.00661	0.00441	0.00220	0.00551	0.00386	0.00441	0.00771
51	0.01558	0.01558	0.02181	0.01869	0.01869	0.02181	0.01558	0.01714	0.01091	0.01714	0.00935	0.01558	0.00935	0.01246	0.02337	0.00312	0.73672	0.00623	0.00312	0.00779
52	0.01405	0.00739	0.00747	0.00719	0.00907	0.00751	0.00546	0.05414	0.01598	0.02758	0.02288	0.02601	0.01790	0.00831	0.00510	0.00169	0.00357	0.00662	0.74512	0.00695
53	0.01545	0.01997	0.21310	0.09145	0.14007	0.01518	0.01803	0.05093	0.15283	0.02402	0.02048	0.02948	0.01764	0.01029	0.00834	0.03483	0.00813	0.11541	0.00474	0.00964
54	0.02086	0.01483	0.01637	0.01420	0.01857	0.01642	0.01119	0.05961	0.53608	0.16544	0.02839	0.02577	0.02059	0.00945	0.00722	0.00236	0.00580	0.00782	0.00755	0.01147
55	0.01757	0.01740	0.03322	0.02383	0.03066	0.01591	0.45151	0.06215	0.01748	0.05271	0.01472	0.01823	0.01110	0.00610	0.00753	0.00206	0.00990	0.00723	0.00418	0.19651
56	0.00868	0.00620	0.00826	0.00991	0.01033	0.00578	0.00661	0.00991	0.01363	0.01818	0.03925	0.74510	0.04710	0.02231	0.00909	0.00289	0.00413	0.02024	0.00661	0.00578
57	0.01428	0.03683	0.71286	0.02030	0.03082	0.01654	0.02631	0.02255	0.01503	0.02255	0.01278	0.01503	0.00902	0.00677	0.00677	0.00226	0.01052	0.00526	0.00301	0.01052
58	0.01448	0.06696	0.68448	0.01995	0.03029	0.01703	0.02572	0.02250	0.01501	0.02231	0.01266	0.01488	0.00903	0.00674	0.00667	0.00222	0.01040	0.00520	0.00301	0.01047
59	0.01771	0.01530	0.01610	0.01449	0.01852	0.01771	0.01127	0.03784	0.69247	0.02979	0.02898	0.02657	0.02174	0.00966	0.00725	0.00242	0.00564	0.00805	0.00725	0.01127
60	0.01237	0.00618	0.00928	0.00928	0.00928	0.00618	0.00618	0.00928	0.00928	0.01237	0.01237	0.02165	0.01237	0.02474	0.02783	0.79283	0.00618	0.00618	0.00309	0.00309
61	0.01669	0.05621	0.08606	0.20312	0.34766	0.04038	0.01973	0.02309	0.09513	0.02221	0.01473	0.01830	0.01169	0.00698	0.00692	0.00219	0.00866	0.00626	0.00381	0.01018
62	0.03195	0.01212	0.01652	0.01267	0.01818	0.01047	0.01047	0.03470	0.02038	0.71026	0.02809	0.02424	0.01763	0.00881	0.00716	0.00220	0.00606	0.00716	0.00881	0.01212
63	0.00883	0.00631	0.00843	0.01000	0.01050	0.00591	0.00679	0.01023	0.01398	0.01869	0.06440	0.69438	0.04764	0.02192	0.00909	0.00288	0.00419	0.04334	0.00665	0.00585
64	0.01036	0.00690	0.00777	0.00777	0.00777	0.00690	0.00431	0.01036	0.01036	0.01381	0.02244	0.04660	0.02589	0.74975	0.03624	0.00690	0.00690	0.01036	0.00431	0.00431
65	0.02707	0.01995	0.02137	0.01638	0.02208	0.02208	0.01353	0.68159	0.03348	0.04488	0.01710	0.01710	0.01211	0.00855	0.00712	0.00214	0.00784	0.00641	0.00712	0.01211
66	0.20460	0.01826	0.01856	0.01466	0.01997	0.02043	0.01207	0.49305	0.06577	0.04105	0.01611	0.01636	0.01164	0.00816	0.00650	0.00217	0.00718	0.00591	0.00650	0.01105
67	0.00889	0.00656	0.00810	0.00908	0.00997	0.00601	0.00616	0.01030	0.01438	0.01881	0.09711	0.48470	0.18219	0.08907	0.01144	0.00312	0.00422	0.01765	0.00649	0.00577
68	0.01445	0.01329	0.02009	0.49885	0.08310	0.01590	0.01743	0.02244	0.16436	0.02113	0.01881	0.02265	0.04143	0.00809	0.00720	0.00237	0.00833	0.00708	0.00423	0.00879
69	0.01018	0.00759	0.01124	0.01124	0.01244	0.00879	0.00864	0.01258	0.01138	0.01638	0.01926	0.02903	0.01826	0.09272	0.68284	0.01119	0.01839	0.00778	0.00384	0.00624
70	0.03195	0.01212	0.01652	0.01267	0.01818	0.01047	0.01047	0.03470	0.02038	0.71026	0.02809	0.02424	0.01763	0.00881	0.00716	0.00220	0.00606	0.00716	0.00881	0.01212
71	0.01762	0.01692	0.02890	0.04371	0.70533	0.01692	0.02185	0.02185	0.01621	0.02326	0.01339	0.01762	0.01128	0.00634	0.00705	0.00211	0.00846	0.00634	0.00352	0.01128
72	0.02660	0.03394	0.02018	0.01834	0.02201	0.72116	0.01376	0.02843	0.02018	0.01743	0.01101	0.01284	0.00917	0.00734	0.00642	0.00183	0.01284	0.00459	0.00367	0.00825
73	0.01036	0.00690	0.00777	0.00777	0.00777	0.00690	0.00431	0.01036	0.01036	0.01381	0.02244	0.04660	0.02589	0.74975	0.03624	0.00690	0.00690	0.01036	0.00431	0.00431
74	0.04893	0.01841	0.01951	0.01562	0.02079	0.02063	0.01270	0.47538	0.22240	0.04012	0.02029	0.01965	0.01474	0.00881	0.00707	0.00222	0.00713	0.00680	0.00707	0.01173
75	0.68247	0.01424	0.01324	0.01453	0.11770	0.01612	0.00984	0.02107	0.01273	0.03064	0.01044	0.01248	0.00825	0.00657	0.00480	0.00219	0.00595	0.00423	0.00427	0.00825
76	0.01809	0.01421	0.01624	0.01196	0.01805	0.01238	0.00966	0.15525	0.04119	0.05631	0.01474	0.01602	0.01153	0.00624	0.00580	0.00137	0.00584	0.00492	0.00510	0.57509
77	0.01001	0.00728	0.00942	0.00889	0.01060	0.00669	0.00667	0.01331	0.02000	0.02817	0.67579	0.05382	0.09321	0.01470	0.00840	0.00225	0.00337	0.01297	0.00779	0.00669
