[name]
unknown

[dist]
# distance from previous block
# <min> <max>
0	51

[block]
# block no. 0 follows, 29 sequences, length 71
# corresponding to MSA columns:
# 58-128
name=unknown_A
#
# <colnr> <probs for GDERKNQSTAVLIFYWHMCP>
#	G	D	E	R	K	N	Q	S	T	A	V	L	I	F	Y	W	H	M	C	P
0	0.07609	0.01638	0.01752	0.01423	0.01893	0.06009	0.03184	0.29436	0.05408	0.05746	0.02000	0.11901	0.01765	0.00999	0.00697	0.00210	0.00697	0.02745	0.00609	0.14278
1	0.05617	0.01457	0.03623	0.01301	0.01700	0.03582	0.01052	0.23413	0.06742	0.10694	0.02111	0.11509	0.01809	0.01301	0.03124	0.07888	0.00687	0.00810	0.05407	0.06173
2	0.04154	0.02030	0.22648	0.01497	0.02087	0.01489	0.01488	0.02868	0.29100	0.09359	0.08372	0.02446	0.02070	0.00887	0.00695	0.00225	0.00684	0.00726	0.03965	0.03210
3	0.01480	0.01295	0.01325	0.06324	0.01700	0.12374	0.01028	0.01920	0.07408	0.05534	0.27278	0.09562	0.04096	0.01379	0.00818	0.00245	0.00634	0.14194	0.00648	0.00758
4	0.00870	0.00636	0.00820	0.00957	0.01026	0.00585	0.00648	0.01009	0.01419	0.01872	0.07016	0.64066	0.12154	0.02151	0.00898	0.00281	0.00404	0.01935	0.00666	0.00585
5	0.75981	0.05191	0.01185	0.00951	0.01400	0.01660	0.00794	0.02095	0.01224	0.03117	0.00991	0.01156	0.00779	0.00658	0.00441	0.00217	0.00562	0.00385	0.00434	0.00779
6	0.06278	0.01655	0.01802	0.01406	0.01949	0.01722	0.01143	0.35902	0.10862	0.07877	0.01845	0.03625	0.01395	0.00821	0.00663	0.00195	0.00665	0.00638	0.00643	0.18913
7	0.01753	0.01934	0.09187	0.07069	0.58323	0.04820	0.02182	0.02205	0.01619	0.02271	0.01320	0.01723	0.01090	0.00646	0.00700	0.00213	0.00889	0.00616	0.00347	0.01093
8	0.64468	0.01419	0.01365	0.03923	0.04940	0.01656	0.02975	0.02062	0.01243	0.02952	0.01027	0.01270	0.00818	0.00708	0.00633	0.00229	0.06658	0.00440	0.00419	0.00795
9	0.00891	0.00636	0.00853	0.01018	0.01069	0.00598	0.00701	0.01031	0.01386	0.01844	0.03912	0.69017	0.04659	0.02209	0.00915	0.00292	0.00433	0.07290	0.00661	0.00585
10	0.00853	0.00705	0.00747	0.00771	0.00977	0.00600	0.00565	0.01030	0.01598	0.01945	0.09278	0.17535	0.57225	0.01857	0.00852	0.00248	0.00368	0.01577	0.00666	0.00600
11	0.01678	0.01623	0.02641	0.19511	0.51660	0.03831	0.02082	0.02102	0.01590	0.02189	0.01392	0.01974	0.01174	0.00696	0.00713	0.00220	0.00877	0.02663	0.00354	0.01029
12	0.01688	0.01628	0.02810	0.16025	0.56941	0.01677	0.04554	0.02127	0.01590	0.02239	0.01331	0.01791	0.01096	0.00646	0.00711	0.00217	0.00876	0.00642	0.00347	0.01065
13	0.01561	0.04608	0.02157	0.01767	0.01856	0.05635	0.03561	0.01741	0.01210	0.01743	0.01430	0.01951	0.05669	0.01391	0.05093	0.00328	0.56506	0.00677	0.00342	0.00774
14	0.01428	0.03683	0.71286	0.02030	0.03082	0.01654	0.02631	0.02255	0.01503	0.02255	0.01278	0.01503	0.00902	0.00677	0.00677	0.00226	0.01052	0.00526	0.00301	0.01052
15	0.01028	0.00687	0.00779	0.00787	0.00788	0.00685	0.00442	0.01033	0.01051	0.01401	0.02321	0.07879	0.02687	0.71622	0.03499	0.00672	0.00678	0.01081	0.00442	0.00438
16	0.00979	0.00720	0.00917	0.00881	0.01050	0.00658	0.00656	0.01284	0.01929	0.02680	0.58556	0.09743	0.14208	0.01545	0.00844	0.00230	0.00344	0.01359	0.00762	0.00658
17	0.01345	0.01266	0.02136	0.73264	0.04904	0.01582	0.01978	0.01819	0.01424	0.01819	0.01266	0.01898	0.00949	0.00712	0.00712	0.00237	0.00949	0.00633	0.00316	0.00791
18	0.00906	0.00719	0.00814	0.00802	0.01004	0.00627	0.00597	0.01143	0.01759	0.02273	0.30999	0.09755	0.42692	0.01693	0.00844	0.00237	0.00354	0.01448	0.00708	0.00627
19	0.00855	0.00698	0.00755	0.00791	0.00982	0.00599	0.00574	0.01029	0.01581	0.01940	0.09232	0.22189	0.52530	0.01885	0.00857	0.00251	0.00372	0.01612	0.00667	0.00599
20	0.00894	0.00724	0.00796	0.00797	0.01011	0.00627	0.00603	0.01113	0.01701	0.02133	0.20653	0.08742	0.51060	0.01749	0.00850	0.00243	0.00371	0.04625	0.00688	0.00618
21	0.01681	0.01921	0.04202	0.03001	0.03721	0.01801	0.67947	0.02281	0.01681	0.02281	0.01441	0.01921	0.01080	0.00600	0.00840	0.00240	0.01200	0.00840	0.00360	0.00960
22	0.01422	0.00755	0.00764	0.00730	0.00924	0.00769	0.00556	0.06206	0.01620	0.02780	0.02281	0.02590	0.01783	0.00831	0.00512	0.00169	0.00363	0.00662	0.73580	0.00701
23	0.00868	0.00620	0.00826	0.00991	0.01033	0.00578	0.00661	0.00991	0.01363	0.01818	0.03925	0.74510	0.04710	0.02231	0.00909	0.00289	0.00413	0.02024	0.00661	0.00578
24	0.01076	0.04105	0.01276	0.01160	0.01296	0.01000	0.00910	0.01302	0.01160	0.01651	0.01908	0.06177	0.01837	0.04734	0.60668	0.03514	0.04403	0.00798	0.00387	0.00640
25	0.02707	0.01995	0.02137	0.01638	0.02208	0.02208	0.01353	0.68159	0.03348	0.04488	0.01710	0.01710	0.01211	0.00855	0.00712	0.00214	0.00784	0.00641	0.00712	0.01211
26	0.00872	0.00629	0.00817	0.00965	0.01019	0.00584	0.00644	0.00995	0.01370	0.01810	0.04098	0.67237	0.09273	0.04788	0.01001	0.00300	0.00419	0.01952	0.00653	0.00575
27	0.80005	0.01377	0.01047	0.00936	0.01377	0.01597	0.00771	0.02093	0.01212	0.03195	0.00991	0.01157	0.00771	0.00661	0.00441	0.00220	0.00551	0.00386	0.00441	0.00771
28	0.01026	0.00742	0.01059	0.01067	0.01175	0.00839	0.00801	0.01243	0.01156	0.01668	0.02069	0.06557	0.02033	0.14217	0.56497	0.01000	0.01605	0.00857	0.03782	0.00607
29	0.07480	0.01950	0.10661	0.20099	0.18751	0.06919	0.07077	0.08328	0.03881	0.02430	0.01359	0.01707	0.01048	0.00691	0.00683	0.00216	0.00905	0.00602	0.00394	0.04819
30	0.01924	0.02088	0.06246	0.03743	0.53557	0.13474	0.02048	0.04310	0.01734	0.02291	0.01308	0.01667	0.01084	0.00660	0.00693	0.00208	0.00928	0.00600	0.00363	0.01076
31	0.02707	0.01995	0.02137	0.01638	0.02208	0.02208	0.01353	0.68159	0.03348	0.04488	0.01710	0.01710	0.01211	0.00855	0.00712	0.00214	0.00784	0.00641	0.00712	0.01211
32	0.03195	0.01212	0.01652	0.01267	0.01818	0.01047	0.01047	0.03470	0.02038	0.71026	0.02809	0.02424	0.01763	0.00881	0.00716	0.00220	0.00606	0.00716	0.00881	0.01212
33	0.05553	0.01577	0.01761	0.01404	0.01868	0.01687	0.01141	0.41872	0.02737	0.12510	0.12929	0.04984	0.02293	0.01139	0.03010	0.00249	0.00702	0.00797	0.00722	0.01065
34	0.01420	0.00766	0.00781	0.00743	0.00932	0.00783	0.00560	0.06704	0.01614	0.02738	0.02273	0.02672	0.01812	0.04134	0.00653	0.00193	0.00382	0.00679	0.69466	0.00695
35	0.00868	0.00620	0.00826	0.00991	0.01033	0.00578	0.00661	0.00991	0.01363	0.01818	0.03925	0.74510	0.04710	0.02231	0.00909	0.00289	0.00413	0.02024	0.00661	0.00578
36	0.01428	0.03683	0.71286	0.02030	0.03082	0.01654	0.02631	0.02255	0.01503	0.02255	0.01278	0.01503	0.00902	0.00677	0.00677	0.00226	0.01052	0.00526	0.00301	0.01052
37	0.01788	0.01334	0.01628	0.01375	0.01717	0.01402	0.04961	0.29114	0.02243	0.05410	0.03071	0.23970	0.10935	0.04198	0.00956	0.00262	0.02907	0.01186	0.00653	0.00890
38	0.01428	0.03683	0.71286	0.02030	0.03082	0.01654	0.02631	0.02255	0.01503	0.02255	0.01278	0.01503	0.00902	0.00677	0.00677	0.00226	0.01052	0.00526	0.00301	0.01052
39	0.02732	0.01954	0.02112	0.01619	0.02188	0.02148	0.01338	0.64826	0.03280	0.07916	0.01766	0.01746	0.01239	0.00856	0.00713	0.00214	0.00774	0.00645	0.00721	0.01211
40	0.57696	0.03916	0.01352	0.01212	0.04140	0.11567	0.00929	0.04242	0.01428	0.02926	0.01104	0.01284	0.00872	0.00682	0.00491	0.00210	0.00669	0.00426	0.04049	0.00806
41	0.00874	0.00723	0.00766	0.00755	0.00982	0.00615	0.00566	0.01084	0.01699	0.02105	0.19450	0.06555	0.57895	0.01736	0.00841	0.00237	0.00356	0.01461	0.00685	0.00615
42	0.02569	0.01777	0.02002	0.06074	0.02268	0.01942	0.01318	0.50379	0.06025	0.12453	0.01958	0.04625	0.01441	0.00907	0.00721	0.00220	0.00748	0.00710	0.00707	0.01157
43	0.01200	0.00929	0.03620	0.01106	0.01287	0.00969	0.00896	0.04485	0.01331	0.02023	0.01943	0.02683	0.01727	0.06035	0.45500	0.00804	0.04095	0.00730	0.17954	0.00682
44	0.01733	0.01675	0.02899	0.08627	0.63547	0.01690	0.05002	0.02167	0.01612	0.02293	0.01339	0.01778	0.01115	0.00638	0.00711	0.00214	0.00868	0.00643	0.00351	0.01100
45	0.02647	0.01965	0.02103	0.01626	0.02185	0.02180	0.01339	0.64008	0.07597	0.04390	0.01786	0.01771	0.01273	0.00862	0.00713	0.00215	0.00769	0.00652	0.00713	0.01206
46	0.02000	0.12688	0.02003	0.01619	0.10285	0.07413	0.01156	0.08654	0.01911	0.15443	0.12932	0.05685	0.04406	0.00934	0.00679	0.00196	0.00666	0.00767	0.00582	0.09981
47	0.05025	0.27486	0.42545	0.01672	0.02509	0.02008	0.02001	0.02164	0.01456	0.02076	0.01196	0.01423	0.00938	0.00854	0.03668	0.00240	0.00970	0.00481	0.00312	0.00976
48	0.01121	0.00774	0.00902	0.00903	0.00960	0.00784	0.00569	0.06076	0.01290	0.01726	0.02591	0.20914	0.02963	0.50083	0.04836	0.00573	0.00669	0.01232	0.00505	0.00531
49	0.03777	0.05074	0.40776	0.05762	0.22276	0.01705	0.06283	0.02210	0.01534	0.02267	0.01287	0.01598	0.00976	0.00659	0.00682	0.00220	0.00975	0.00572	0.00324	0.01045
50	0.01404	0.01011	0.01218	0.04320	0.01509	0.01058	0.00893	0.10197	0.11990	0.05706	0.03231	0.35630	0.05184	0.08996	0.01111	0.00307	0.00554	0.04260	0.00650	0.00773
51	0.00866	0.00625	0.00821	0.00978	0.01029	0.00579	0.00655	0.00993	0.01376	0.01823	0.04086	0.71190	0.07926	0.02210	0.00906	0.00287	0.00411	0.01999	0.00661	0.00579
52	0.01443	0.03595	0.68239	0.02134	0.06086	0.01655	0.02611	0.02252	0.01509	0.02258	0.01281	0.01515	0.00912	0.00675	0.00678	0.00225	0.01043	0.00531	0.00303	0.01056
53	0.02405	0.01820	0.02114	0.01932	0.10831	0.01980	0.01416	0.52248	0.02952	0.03979	0.04813	0.02306	0.01640	0.00929	0.00735	0.00222	0.00763	0.05111	0.00666	0.01139
54	0.01606	0.01760	0.06492	0.07160	0.05946	0.01741	0.35761	0.04738	0.01560	0.02181	0.01420	0.02026	0.01172	0.05404	0.02905	0.00296	0.13876	0.00762	0.02302	0.00892
55	0.00972	0.00741	0.00819	0.00790	0.01021	0.00637	0.00596	0.01199	0.01748	0.04657	0.24645	0.06266	0.50042	0.01673	0.00837	0.00235	0.00363	0.01415	0.00703	0.00643
56	0.00993	0.00746	0.00994	0.06655	0.01396	0.00729	0.00794	0.02970	0.01436	0.01910	0.03628	0.56499	0.06781	0.04572	0.00971	0.00290	0.00486	0.04042	0.00618	0.03490
57	0.09542	0.09728	0.06771	0.01560	0.02050	0.25620	0.01322	0.21959	0.04281	0.02796	0.01407	0.01549	0.01095	0.00897	0.02781	0.00226	0.00954	0.00532	0.03976	0.00955
58	0.50362	0.01313	0.01280	0.01064	0.01547	0.01385	0.00877	0.02625	0.01531	0.29372	0.01693	0.01646	0.01154	0.00746	0.00547	0.00220	0.00572	0.00513	0.00611	0.00941
59	0.02354	0.24420	0.02615	0.01881	0.08594	0.40523	0.01405	0.06697	0.01895	0.01952	0.01129	0.01315	0.00955	0.00695	0.00598	0.00179	0.01056	0.00464	0.00369	0.00905
60	0.01237	0.00618	0.00928	0.00928	0.00928	0.00618	0.00618	0.00928	0.00928	0.01237	0.01237	0.02165	0.01237	0.02474	0.02783	0.79283	0.00618	0.00618	0.00309	0.00309
61	0.01919	0.59119	0.08730	0.01348	0.01948	0.10378	0.01335	0.02190	0.01504	0.01727	0.01057	0.01245	0.00944	0.00797	0.03045	0.00197	0.00883	0.00414	0.00314	0.00905
62	0.28023	0.23134	0.07678	0.01233	0.01796	0.01929	0.01154	0.10877	0.01705	0.11604	0.01571	0.01625	0.03549	0.00743	0.00550	0.00201	0.00683	0.00513	0.00491	0.00944
63	0.03922	0.00858	0.00867	0.00798	0.01025	0.00893	0.00617	0.10299	0.01725	0.02909	0.02202	0.02486	0.01713	0.00828	0.00524	0.00174	0.00397	0.00652	0.66372	0.00738
64	0.00930	0.00753	0.00831	0.00819	0.01034	0.00671	0.00611	0.01232	0.04727	0.02221	0.24161	0.10449	0.45634	0.01697	0.00840	0.00239	0.00366	0.01445	0.00698	0.00643
65	0.08562	0.39101	0.10451	0.01565	0.05406	0.06685	0.03916	0.04466	0.01619	0.10389	0.01306	0.01425	0.01030	0.00670	0.00558	0.00184	0.00812	0.00481	0.00407	0.00969
66	0.01610	0.01278	0.01437	0.03517	0.01699	0.01420	0.01022	0.11554	0.32206	0.02904	0.13454	0.03386	0.05304	0.03724	0.05208	0.00304	0.00640	0.03672	0.04721	0.00940
67	0.00871	0.00637	0.00820	0.00955	0.01026	0.00586	0.00647	0.01012	0.01426	0.01881	0.07561	0.63169	0.12505	0.02143	0.00898	0.00280	0.00403	0.01927	0.00667	0.00586
68	0.02308	0.14469	0.02152	0.01624	0.02001	0.51368	0.01269	0.02505	0.01829	0.01732	0.01427	0.01647	0.04045	0.01188	0.07245	0.00270	0.01218	0.00520	0.00371	0.00812
69	0.23916	0.04712	0.04926	0.20098	0.07877	0.01670	0.01405	0.10481	0.05894	0.07666	0.03916	0.01812	0.01283	0.00758	0.00628	0.00222	0.00734	0.00589	0.00485	0.00928
70	0.00865	0.00702	0.00767	0.00793	0.00987	0.00605	0.00579	0.01052	0.01617	0.02007	0.13622	0.19738	0.50489	0.01847	0.00854	0.00248	0.00368	0.01579	0.00675	0.00605

[dist]
# distance from previous block
# <min> <max>
4	8

[block]
# block no. 1 follows, 29 sequences, length 38
# corresponding to MSA columns:
# 137-174
name=unknown_B
#
# <colnr> <probs for GDERKNQSTAVLIFYWHMCP>
#	G	D	E	R	K	N	Q	S	T	A	V	L	I	F	Y	W	H	M	C	P
0	0.06244	0.23442	0.44944	0.01720	0.02589	0.02002	0.02065	0.05447	0.01561	0.02258	0.01202	0.01393	0.00913	0.00666	0.00603	0.00204	0.00929	0.00483	0.00330	0.01005
1	0.01695	0.01462	0.01718	0.07253	0.02111	0.01661	0.04019	0.06238	0.50778	0.02911	0.09758	0.02802	0.02465	0.00977	0.00740	0.00238	0.00608	0.00836	0.00682	0.01049
2	0.01347	0.01259	0.02113	0.67087	0.07471	0.01545	0.01927	0.01813	0.01459	0.01888	0.04409	0.02049	0.01220	0.00743	0.00717	0.00236	0.00917	0.00663	0.00339	0.00800
3	0.04855	0.05073	0.10301	0.01442	0.02002	0.12905	0.01291	0.06973	0.02000	0.38177	0.06183	0.02163	0.01718	0.00847	0.00687	0.00212	0.00772	0.00657	0.00672	0.01071
4	0.02479	0.01804	0.01957	0.01544	0.02079	0.01973	0.01259	0.46439	0.17665	0.08722	0.02028	0.01957	0.01454	0.00866	0.00707	0.00215	0.00711	0.00672	0.00714	0.04754
5	0.02926	0.01190	0.01591	0.01247	0.01756	0.01059	0.01020	0.03310	0.06066	0.61218	0.08474	0.02681	0.02204	0.00935	0.00727	0.00222	0.00581	0.00769	0.00864	0.01161
6	0.00890	0.00636	0.00849	0.00998	0.01054	0.00595	0.00682	0.01038	0.01424	0.01908	0.08863	0.66567	0.04834	0.02162	0.00907	0.00286	0.00417	0.04631	0.00670	0.00589
7	0.01021	0.00697	0.00840	0.00852	0.00876	0.00715	0.00523	0.01071	0.01077	0.01457	0.02309	0.09343	0.02608	0.58372	0.14658	0.00736	0.00870	0.01061	0.00440	0.00475
8	0.00886	0.00644	0.00843	0.00984	0.01051	0.00591	0.00663	0.01018	0.01376	0.01837	0.03954	0.69890	0.06843	0.02163	0.00895	0.00282	0.00415	0.01956	0.00653	0.03059
9	0.01008	0.00728	0.00952	0.00896	0.01064	0.00672	0.00672	0.01344	0.02016	0.02855	0.70158	0.05319	0.06719	0.01456	0.00840	0.00224	0.00336	0.01288	0.00784	0.00672
10	0.01078	0.00766	0.00923	0.00959	0.01043	0.00765	0.00640	0.06260	0.01404	0.01867	0.03230	0.35806	0.07382	0.28126	0.06044	0.00473	0.00625	0.01460	0.00567	0.00580
11	0.01672	0.01759	0.06887	0.14866	0.51686	0.01680	0.06766	0.02139	0.01588	0.02240	0.01331	0.01779	0.01083	0.00647	0.00714	0.00218	0.00899	0.00642	0.00344	0.01059
12	0.01673	0.01899	0.04081	0.02933	0.03610	0.01824	0.63966	0.02247	0.01645	0.02247	0.01410	0.01899	0.01072	0.00639	0.00930	0.00244	0.05546	0.00827	0.00357	0.00950
13	0.01353	0.00731	0.00803	0.00780	0.00945	0.00753	0.00586	0.04649	0.01494	0.02513	0.02154	0.02579	0.01738	0.01417	0.07608	0.07580	0.00531	0.00668	0.60464	0.00654
14	0.00968	0.00694	0.00874	0.00953	0.01037	0.00659	0.00651	0.02830	0.01490	0.01998	0.14122	0.45967	0.08456	0.12819	0.01293	0.00334	0.00454	0.03162	0.00647	0.00591
15	0.01026	0.00749	0.00984	0.03589	0.01282	0.00737	0.00802	0.04407	0.01528	0.02028	0.06576	0.51425	0.06229	0.04444	0.00989	0.00298	0.00490	0.11141	0.00648	0.00628
16	0.01428	0.03683	0.71286	0.02030	0.03082	0.01654	0.02631	0.02255	0.01503	0.02255	0.01278	0.01503	0.00902	0.00677	0.00677	0.00226	0.01052	0.00526	0.00301	0.01052
17	0.01150	0.00847	0.01034	0.01026	0.01170	0.03865	0.00781	0.01400	0.01275	0.01876	0.02228	0.02996	0.04930	0.08073	0.45863	0.00818	0.01388	0.00778	0.17867	0.00637
18	0.01063	0.00766	0.00966	0.01060	0.01158	0.00752	0.00735	0.08145	0.01575	0.02102	0.03689	0.66757	0.04337	0.02084	0.00888	0.00281	0.00453	0.01877	0.00666	0.00646
19	0.05699	0.02504	0.02274	0.02557	0.23676	0.33537	0.01600	0.15116	0.02113	0.02514	0.01288	0.01511	0.01034	0.00723	0.00667	0.00200	0.01019	0.00546	0.00432	0.00992
20	0.03583	0.01119	0.01751	0.32840	0.02976	0.01295	0.07161	0.01752	0.01433	0.02143	0.01760	0.07325	0.01490	0.00884	0.00782	0.00225	0.05946	0.00753	0.24032	0.00751
21	0.80005	0.01377	0.01047	0.00936	0.01377	0.01597	0.00771	0.02093	0.01212	0.03195	0.00991	0.01157	0.00771	0.00661	0.00441	0.00220	0.00551	0.00386	0.00441	0.00771
22	0.01823	0.52229	0.21470	0.01469	0.02181	0.06585	0.01601	0.02206	0.01495	0.01832	0.01072	0.01246	0.00911	0.00634	0.00526	0.00173	0.00869	0.00424	0.00307	0.00945
23	0.01781	0.60525	0.03221	0.01193	0.01736	0.02476	0.01142	0.02164	0.07083	0.01888	0.07009	0.01815	0.04007	0.00751	0.00524	0.00169	0.00696	0.00530	0.00391	0.00900
24	0.02564	0.01880	0.04514	0.01812	0.07851	0.01948	0.01405	0.45665	0.08978	0.13144	0.01922	0.01890	0.01356	0.00844	0.00712	0.00217	0.00754	0.00662	0.00692	0.01191
25	0.01321	0.00966	0.01167	0.01179	0.01358	0.00994	0.00875	0.15422	0.04348	0.02460	0.03400	0.49589	0.03809	0.01864	0.00868	0.00275	0.00522	0.08168	0.00674	0.00741
26	0.03134	0.01225	0.01651	0.01275	0.01819	0.01078	0.01050	0.03484	0.04917	0.68112	0.02813	0.02434	0.01780	0.00885	0.00716	0.00221	0.00604	0.00720	0.00875	0.01208
27	0.00873	0.00624	0.00831	0.00988	0.01034	0.00582	0.00661	0.01004	0.01387	0.01856	0.06366	0.71960	0.04784	0.02202	0.00906	0.00287	0.00410	0.01997	0.00666	0.00582
28	0.10278	0.08231	0.16208	0.01518	0.02137	0.11918	0.01445	0.10398	0.03755	0.24679	0.01787	0.01759	0.01240	0.00772	0.00648	0.00210	0.00824	0.00572	0.00571	0.01051
29	0.00949	0.00727	0.00869	0.00887	0.01066	0.00656	0.00675	0.01191	0.01713	0.02237	0.27513	0.12405	0.31378	0.04479	0.00970	0.00268	0.00410	0.10289	0.00693	0.00624
30	0.00868	0.00620	0.00826	0.00991	0.01033	0.00578	0.00661	0.00991	0.01363	0.01818	0.03925	0.74510	0.04710	0.02231	0.00909	0.00289	0.00413	0.02024	0.00661	0.00578
31	0.01446	0.01464	0.02761	0.51994	0.04546	0.01648	0.21948	0.01959	0.01502	0.01959	0.01319	0.01905	0.00989	0.00678	0.00751	0.00238	0.01025	0.00696	0.00330	0.00842
32	0.01743	0.01672	0.02855	0.07577	0.67479	0.01687	0.02176	0.02168	0.01612	0.02303	0.01336	0.01769	0.01120	0.00638	0.00705	0.00213	0.00851	0.00634	0.00351	0.01112
33	0.01539	0.02074	0.17073	0.17440	0.08554	0.01689	0.32168	0.02126	0.01583	0.02188	0.03708	0.01927	0.01210	0.00688	0.00810	0.00236	0.02967	0.00728	0.00352	0.00941
34	0.01462	0.00838	0.01053	0.00950	0.01216	0.00746	0.00737	0.01732	0.01865	0.17783	0.33144	0.05176	0.21658	0.04110	0.00921	0.00249	0.00431	0.04407	0.00755	0.00765
35	0.02181	0.01696	0.01968	0.01490	0.02063	0.01713	0.04429	0.40715	0.02579	0.03567	0.01656	0.04974	0.01315	0.00801	0.00669	0.00184	0.00705	0.00644	0.00600	0.26051
36	0.12740	0.01256	0.01458	0.01318	0.04543	0.01271	0.00999	0.10596	0.10348	0.21341	0.09549	0.07080	0.08383	0.01086	0.00716	0.00228	0.00565	0.02745	0.00697	0.03080
37	0.01078	0.00771	0.00958	0.01036	0.01128	0.00761	0.00708	0.08016	0.01535	0.02049	0.03510	0.59283	0.04113	0.10021	0.01184	0.00325	0.00482	0.01772	0.00641	0.00628

[dist]
# distance from previous block
# <min> <max>
2	4

[block]
# block no. 2 follows, 29 sequences, length 19
# corresponding to MSA columns:
# 179-197
name=unknown_C
#
# <colnr> <probs for GDERKNQSTAVLIFYWHMCP>
#	G	D	E	R	K	N	Q	S	T	A	V	L	I	F	Y	W	H	M	C	P
0	0.01573	0.01595	0.04738	0.38626	0.29385	0.04048	0.02013	0.02110	0.05062	0.02084	0.01373	0.01852	0.01078	0.00695	0.00706	0.00226	0.00905	0.00633	0.00353	0.00946
1	0.06063	0.21028	0.42279	0.01630	0.02432	0.01836	0.01944	0.02127	0.01454	0.02163	0.01290	0.01534	0.01002	0.00897	0.04091	0.00248	0.00945	0.00503	0.05578	0.00955
2	0.01859	0.01852	0.02627	0.03711	0.54100	0.09224	0.01958	0.02468	0.10659	0.02351	0.01521	0.01830	0.01245	0.00689	0.00701	0.00212	0.00855	0.00638	0.00404	0.01096
3	0.01090	0.00755	0.00924	0.00865	0.01079	0.00673	0.00655	0.01375	0.01897	0.06713	0.46874	0.05611	0.25787	0.01527	0.00833	0.00229	0.00360	0.01319	0.00752	0.00683
4	0.01544	0.01499	0.02162	0.01827	0.01884	0.02023	0.05302	0.01742	0.01161	0.01831	0.01088	0.01677	0.01023	0.01172	0.02086	0.00294	0.62923	0.00639	0.07345	0.00779
5	0.02130	0.02103	0.02283	0.10588	0.24501	0.19995	0.01681	0.17316	0.03780	0.02615	0.01523	0.02002	0.01258	0.00799	0.00707	0.00215	0.00940	0.04102	0.00460	0.01005
6	0.00868	0.00620	0.00826	0.00991	0.01033	0.00578	0.00661	0.00991	0.01363	0.01818	0.03925	0.74510	0.04710	0.02231	0.00909	0.00289	0.00413	0.02024	0.00661	0.00578
7	0.03166	0.01258	0.01681	0.01289	0.01841	0.01114	0.01065	0.07252	0.02115	0.67137	0.02745	0.02382	0.01730	0.00880	0.00716	0.00220	0.00616	0.00712	0.00871	0.01212
8	0.01427	0.01106	0.01392	0.03655	0.01541	0.04533	0.04941	0.08042	0.01511	0.03846	0.02117	0.05767	0.02065	0.22309	0.18024	0.00568	0.03297	0.05190	0.07976	0.00692
9	0.17600	0.12933	0.06070	0.01399	0.01928	0.06847	0.01226	0.29309	0.05541	0.03296	0.01492	0.01584	0.01130	0.00765	0.00600	0.00203	0.00744	0.00542	0.05788	0.01003
10	0.00934	0.00709	0.00864	0.00951	0.01097	0.00649	0.00717	0.01130	0.01541	0.01965	0.08583	0.28858	0.28313	0.04788	0.01002	0.00292	0.00455	0.15889	0.00658	0.00603
11	0.00890	0.00640	0.00830	0.00955	0.01017	0.00595	0.00642	0.01029	0.01420	0.01897	0.10337	0.60060	0.08305	0.06494	0.01061	0.00304	0.00420	0.01866	0.00659	0.00580
12	0.02253	0.01655	0.01700	0.01403	0.01829	0.06861	0.01121	0.32042	0.12922	0.09575	0.02059	0.02182	0.01552	0.03516	0.05895	0.00292	0.00790	0.00684	0.10635	0.01034
13	0.01379	0.01013	0.01220	0.04006	0.01477	0.01063	0.00879	0.16567	0.05327	0.02442	0.03055	0.44085	0.03367	0.06668	0.01091	0.02956	0.00553	0.01475	0.00635	0.00742
14	0.04181	0.01887	0.07828	0.08152	0.56049	0.05123	0.02122	0.02198	0.01607	0.02289	0.01308	0.01709	0.01079	0.00648	0.00692	0.00213	0.00880	0.00610	0.00350	0.01076
15	0.09335	0.22133	0.42916	0.01837	0.06268	0.01955	0.02053	0.02203	0.01466	0.02200	0.01178	0.01389	0.00905	0.00655	0.00597	0.00205	0.00915	0.00480	0.00318	0.00992
16	0.01169	0.00916	0.01289	0.04169	0.08845	0.00923	0.01113	0.01562	0.05701	0.02160	0.08148	0.21239	0.07687	0.01731	0.00893	0.00286	0.00589	0.30234	0.00625	0.00721
17	0.25062	0.09155	0.32698	0.01707	0.06219	0.06587	0.01758	0.02196	0.01474	0.02477	0.03882	0.01518	0.01108	0.00698	0.00592	0.00214	0.00852	0.00503	0.00370	0.00929
18	0.01229	0.00970	0.01335	0.01341	0.04143	0.00953	0.05205	0.07752	0.05121	0.02193	0.03146	0.46279	0.03523	0.06185	0.01014	0.00289	0.00554	0.03209	0.00610	0.04950

[dist]
# distance from previous block
# <min> <max>
4	13

[block]
# block no. 3 follows, 29 sequences, length 71
# corresponding to MSA columns:
# 211-281
name=unknown_D
#
# <colnr> <probs for GDERKNQSTAVLIFYWHMCP>
#	G	D	E	R	K	N	Q	S	T	A	V	L	I	F	Y	W	H	M	C	P
0	0.10355	0.01239	0.05899	0.04975	0.01605	0.03845	0.00974	0.06154	0.01830	0.07428	0.28056	0.13573	0.08711	0.01297	0.00761	0.00232	0.00541	0.01100	0.00647	0.00777
1	0.01059	0.00748	0.00882	0.00836	0.01042	0.00664	0.00621	0.01304	0.01785	0.06025	0.35799	0.05744	0.32196	0.06914	0.01036	0.00264	0.00386	0.01327	0.00713	0.00654
2	0.01553	0.04547	0.02118	0.04242	0.02039	0.01580	0.13039	0.10227	0.01593	0.02271	0.01780	0.10179	0.01667	0.03905	0.09542	0.00367	0.18693	0.00845	0.09003	0.00810
3	0.06704	0.17349	0.42129	0.01879	0.05544	0.10608	0.02063	0.02291	0.01543	0.02142	0.01184	0.01395	0.00908	0.00668	0.00616	0.00205	0.00984	0.00485	0.00321	0.00983
4	0.00946	0.00704	0.00962	0.01033	0.01122	0.00650	0.02768	0.01081	0.01340	0.01807	0.03501	0.59902	0.04144	0.10832	0.01213	0.00326	0.00477	0.01782	0.00611	0.04800
5	0.01345	0.01266	0.02136	0.73264	0.04904	0.01582	0.01978	0.01819	0.01424	0.01819	0.01266	0.01898	0.00949	0.00712	0.00712	0.00237	0.00949	0.00633	0.00316	0.00791
6	0.04603	0.04353	0.02575	0.24195	0.41832	0.06192	0.01985	0.02115	0.01567	0.02149	0.01277	0.01727	0.01041	0.00664	0.00684	0.00215	0.00890	0.00604	0.00344	0.00989
7	0.01705	0.04976	0.05448	0.20156	0.32061	0.09726	0.01831	0.03718	0.01624	0.02114	0.03683	0.02014	0.01330	0.05631	0.00886	0.00245	0.00898	0.00647	0.00370	0.00939
8	0.00990	0.00711	0.00915	0.01029	0.01109	0.00686	0.00705	0.05277	0.01515	0.02029	0.06418	0.67129	0.04567	0.02113	0.00894	0.00282	0.00434	0.01907	0.00669	0.00622
9	0.00877	0.00632	0.00831	0.00974	0.01032	0.00586	0.00657	0.01018	0.01421	0.01898	0.08886	0.66848	0.07387	0.02158	0.00901	0.00283	0.00405	0.01950	0.00670	0.00586
10	0.01582	0.01194	0.01565	0.03855	0.04110	0.03665	0.05399	0.02282	0.16324	0.10179	0.19050	0.07107	0.03562	0.01297	0.00820	0.00253	0.00618	0.15593	0.00676	0.00867
11	0.01543	0.14302	0.51373	0.02159	0.08544	0.01842	0.06239	0.02232	0.01515	0.02174	0.01249	0.01495	0.00933	0.00658	0.00655	0.00214	0.01000	0.00532	0.00309	0.01032
12	0.00868	0.00620	0.00826	0.00991	0.01033	0.00578	0.00661	0.00991	0.01363	0.01818	0.03925	0.74510	0.04710	0.02231	0.00909	0.00289	0.00413	0.02024	0.00661	0.00578
13	0.04362	0.03597	0.68663	0.01989	0.03018	0.01652	0.02561	0.02249	0.01492	0.02290	0.01267	0.01490	0.00897	0.00676	0.00668	0.00225	0.01034	0.00521	0.00306	0.01042
14	0.01835	0.01823	0.02609	0.05628	0.51650	0.09144	0.01950	0.05073	0.01705	0.02295	0.01569	0.01929	0.04178	0.00742	0.00792	0.00216	0.04780	0.00654	0.00380	0.01048
15	0.01078	0.00751	0.01049	0.01067	0.01199	0.00709	0.03207	0.01326	0.03816	0.05114	0.20305	0.46270	0.04742	0.01883	0.00942	0.03118	0.00444	0.01647	0.00680	0.00652
16	0.00864	0.00634	0.00812	0.00954	0.01023	0.00582	0.00644	0.00996	0.01400	0.01833	0.04384	0.65061	0.13863	0.02171	0.00899	0.00282	0.00406	0.01951	0.00661	0.00582
17	0.01454	0.01242	0.01453	0.01052	0.01664	0.00936	0.00837	0.01764	0.01472	0.02302	0.01363	0.04141	0.01188	0.00589	0.00541	0.00112	0.00523	0.00480	0.00431	0.76455
18	0.01541	0.01288	0.01485	0.01119	0.01687	0.01068	0.00886	0.06891	0.05855	0.02487	0.01606	0.07193	0.01418	0.00711	0.00583	0.00136	0.00540	0.00586	0.00481	0.62437
19	0.01477	0.01266	0.01477	0.01055	0.01687	0.00949	0.00844	0.01793	0.01477	0.02320	0.01266	0.01477	0.01055	0.00527	0.00527	0.00105	0.00527	0.00422	0.00422	0.79328
20	0.00940	0.00860	0.02808	0.00840	0.01103	0.00727	0.00666	0.01272	0.06012	0.02052	0.10905	0.06104	0.55729	0.01883	0.04657	0.00287	0.00475	0.01375	0.00649	0.00655
21	0.01654	0.01247	0.01410	0.01262	0.01595	0.01351	0.00996	0.10416	0.30779	0.06078	0.22706	0.03760	0.03531	0.01171	0.00770	0.00237	0.00524	0.06211	0.03350	0.00952
22	0.00893	0.00665	0.00833	0.00915	0.01025	0.00604	0.00639	0.01076	0.01562	0.02070	0.19311	0.45242	0.18620	0.01971	0.00880	0.00265	0.00385	0.01754	0.00688	0.00604
23	0.01472	0.01266	0.01498	0.03374	0.01791	0.00970	0.00880	0.01794	0.01475	0.02304	0.01266	0.01490	0.01051	0.00533	0.00533	0.00110	0.00541	0.00429	0.00418	0.76805
24	0.06206	0.19254	0.48372	0.01918	0.06504	0.01909	0.02184	0.02214	0.01480	0.02187	0.01201	0.01418	0.00910	0.00658	0.00616	0.00208	0.00947	0.00492	0.00313	0.01009
25	0.07228	0.01281	0.02032	0.54993	0.04117	0.01534	0.03719	0.01957	0.01461	0.07567	0.01567	0.02044	0.03360	0.00775	0.00759	0.00238	0.03505	0.00657	0.00384	0.00822
26	0.01345	0.01266	0.02136	0.73264	0.04904	0.01582	0.01978	0.01819	0.01424	0.01819	0.01266	0.01898	0.00949	0.00712	0.00712	0.00237	0.00949	0.00633	0.00316	0.00791
27	0.00868	0.00620	0.00826	0.00991	0.01033	0.00578	0.00661	0.00991	0.01363	0.01818	0.03925	0.74510	0.04710	0.02231	0.00909	0.00289	0.00413	0.02024	0.00661	0.00578
28	0.01449	0.06861	0.68293	0.01994	0.03026	0.01705	0.02568	0.02250	0.01501	0.02229	0.01265	0.01487	0.00903	0.00674	0.00667	0.00222	0.01039	0.00520	0.00301	0.01046
29	0.01497	0.01487	0.02018	0.04896	0.01956	0.05623	0.03639	0.01704	0.01186	0.01726	0.01181	0.01832	0.01118	0.02040	0.16894	0.00475	0.48986	0.00652	0.00331	0.00758
30	0.00868	0.00620	0.00826	0.00991	0.01033	0.00578	0.00661	0.00991	0.01363	0.01818	0.03925	0.74510	0.04710	0.02231	0.00909	0.00289	0.00413	0.02024	0.00661	0.00578
31	0.01008	0.00728	0.00952	0.00896	0.01064	0.00672	0.00672	0.01344	0.02016	0.02855	0.70158	0.05319	0.06719	0.01456	0.00840	0.00224	0.00336	0.01288	0.00784	0.00672
32	0.01428	0.03683	0.71286	0.02030	0.03082	0.01654	0.02631	0.02255	0.01503	0.02255	0.01278	0.01503	0.00902	0.00677	0.00677	0.00226	0.01052	0.00526	0.00301	0.01052
33	0.01777	0.01358	0.01567	0.03985	0.01897	0.01505	0.01190	0.11877	0.34222	0.06548	0.02929	0.04071	0.02543	0.01232	0.00798	0.00262	0.00637	0.19913	0.00696	0.00992
34	0.02856	0.01276	0.01639	0.01292	0.01803	0.01192	0.01055	0.08203	0.09827	0.53914	0.07038	0.02582	0.02085	0.00926	0.00725	0.00222	0.00597	0.00757	0.00845	0.01168
35	0.00981	0.00722	0.00918	0.00878	0.01050	0.00659	0.00655	0.01289	0.01939	0.02695	0.59516	0.08508	0.14473	0.01532	0.00843	0.00229	0.00342	0.01346	0.00763	0.00659
36	0.04381	0.01132	0.01310	0.01235	0.01495	0.01233	0.00956	0.07095	0.26203	0.05191	0.02588	0.09718	0.02339	0.01519	0.01195	0.16973	0.00583	0.10405	0.03636	0.00814
37	0.02799	0.09702	0.02086	0.01435	0.01990	0.03900	0.01202	0.29509	0.04433	0.32444	0.02116	0.01967	0.01433	0.00839	0.00684	0.00210	0.00714	0.00644	0.00730	0.01165
38	0.01628	0.01766	0.03814	0.02756	0.03390	0.01661	0.59970	0.02121	0.01591	0.02157	0.01416	0.01950	0.01099	0.00822	0.01070	0.09605	0.01132	0.00814	0.00354	0.00883
39	0.00880	0.00721	0.00777	0.00782	0.00999	0.00619	0.00589	0.01087	0.01674	0.02073	0.16832	0.09651	0.54994	0.01774	0.00849	0.00243	0.00370	0.03791	0.00680	0.00613
40	0.01847	0.66868	0.11771	0.01315	0.01977	0.02679	0.01387	0.02147	0.01454	0.01744	0.01024	0.01185	0.00912	0.00617	0.00483	0.00161	0.00796	0.00398	0.00304	0.00930
41	0.02398	0.04736	0.02164	0.01969	0.12482	0.06626	0.01400	0.39867	0.08114	0.06293	0.01758	0.01823	0.01300	0.00812	0.00686	0.00209	0.00776	0.00635	0.04825	0.01125
42	0.01327	0.00664	0.00664	0.00664	0.00830	0.00664	0.00498	0.01659	0.01493	0.02655	0.02323	0.02655	0.01825	0.00830	0.00498	0.00166	0.00332	0.00664	0.78928	0.00664
43	0.01019	0.00743	0.00983	0.01075	0.01222	0.00707	0.00858	0.01289	0.01672	0.02222	0.20785	0.21483	0.12080	0.01878	0.00916	0.00284	0.00492	0.28964	0.00689	0.00637
44	0.01036	0.00749	0.01074	0.01074	0.01188	0.00854	0.00814	0.01264	0.01150	0.01674	0.01970	0.03014	0.01880	0.13468	0.60070	0.01037	0.01676	0.00790	0.04604	0.00613
45	0.01558	0.01558	0.02181	0.01869	0.01869	0.02181	0.01558	0.01714	0.01091	0.01714	0.00935	0.01558	0.00935	0.01246	0.02337	0.00312	0.73672	0.00623	0.00312	0.00779
46	0.02616	0.03116	0.01982	0.01766	0.02151	0.60657	0.01340	0.11011	0.02166	0.02122	0.01223	0.01389	0.00988	0.00753	0.00645	0.00187	0.01186	0.00489	0.03346	0.00868
47	0.02385	0.01698	0.01861	0.01487	0.01952	0.01849	0.01199	0.51999	0.02881	0.06905	0.02070	0.09190	0.01756	0.06440	0.00952	0.00259	0.00729	0.02617	0.00693	0.01077
48	0.01719	0.01300	0.01701	0.03188	0.01801	0.01363	0.07841	0.24011	0.04849	0.02996	0.16377	0.07486	0.02764	0.07137	0.01159	0.06800	0.00657	0.00924	0.05077	0.00849
49	0.12074	0.40653	0.11007	0.03923	0.02051	0.10547	0.01352	0.02252	0.01532	0.05083	0.03080	0.01406	0.01097	0.00678	0.00534	0.00182	0.00819	0.00458	0.00369	0.00903
50	0.05849	0.01574	0.10673	0.04106	0.02125	0.01223	0.04207	0.05743	0.01896	0.40292	0.04970	0.02440	0.01760	0.00865	0.00706	0.00218	0.00693	0.03188	0.00690	0.06783
51	0.00945	0.00725	0.00865	0.00830	0.01026	0.00645	0.00623	0.01223	0.01868	0.02506	0.46548	0.05894	0.30546	0.01586	0.00840	0.00230	0.00345	0.01368	0.00738	0.00645
52	0.02501	0.01875	0.02011	0.01586	0.02112	0.02083	0.01294	0.56221	0.12927	0.04167	0.01966	0.04567	0.01483	0.00922	0.00721	0.00221	0.00737	0.00717	0.00712	0.01175
53	0.00863	0.00638	0.00807	0.00943	0.01020	0.00582	0.00639	0.00997	0.01410	0.01837	0.04521	0.62251	0.16584	0.02153	0.00897	0.00280	0.00404	0.01930	0.00661	0.00582
54	0.01033	0.00752	0.01091	0.01091	0.01208	0.00862	0.00832	0.01268	0.01150	0.01674	0.01955	0.02954	0.01853	0.11243	0.62949	0.01061	0.01730	0.00782	0.03891	0.00619
55	0.01543	0.03293	0.58425	0.02356	0.13241	0.01638	0.02506	0.02288	0.01541	0.04749	0.01342	0.01576	0.00967	0.00678	0.00682	0.00223	0.01005	0.00549	0.00329	0.01070
56	0.01904	0.75404	0.03731	0.01218	0.01828	0.02818	0.01218	0.02132	0.01447	0.01675	0.00990	0.01142	0.00914	0.00609	0.00457	0.00152	0.00761	0.00381	0.00305	0.00914
57	0.01558	0.01558	0.02181	0.01869	0.01869	0.02181	0.01558	0.01714	0.01091	0.01714	0.00935	0.01558	0.00935	0.01246	0.02337	0.00312	0.73672	0.00623	0.00312	0.00779
58	0.01528	0.01230	0.01570	0.11635	0.01957	0.04108	0.03299	0.06501	0.01520	0.02311	0.01716	0.04181	0.01443	0.01115	0.03622	0.00260	0.19894	0.00687	0.30659	0.00764
59	0.01327	0.00664	0.00664	0.00664	0.00830	0.00664	0.00498	0.01659	0.01493	0.02655	0.02323	0.02655	0.01825	0.00830	0.00498	0.00166	0.00332	0.00664	0.78928	0.00664
60	0.37551	0.17294	0.01982	0.01328	0.04060	0.05781	0.01083	0.16430	0.03928	0.03038	0.01224	0.01348	0.00960	0.00704	0.00531	0.00203	0.00695	0.00465	0.00472	0.00922
61	0.16283	0.01317	0.01915	0.54123	0.04020	0.01595	0.01692	0.04864	0.01489	0.04449	0.01284	0.01767	0.00954	0.00714	0.00661	0.00233	0.00856	0.00589	0.00376	0.00820
62	0.04857	0.55712	0.05423	0.01305	0.01903	0.02581	0.01262	0.13671	0.01765	0.02241	0.01148	0.01295	0.00982	0.00775	0.02309	0.00193	0.00796	0.00441	0.00383	0.00958
63	0.01666	0.01892	0.04111	0.06095	0.03774	0.01791	0.65042	0.02261	0.01669	0.02261	0.01433	0.01920	0.01075	0.00605	0.00835	0.00240	0.01189	0.00831	0.00358	0.00953
64	0.00893	0.00704	0.00745	0.00760	0.00922	0.00621	0.00525	0.01022	0.01452	0.01778	0.05663	0.12626	0.47196	0.20148	0.01544	0.00358	0.00448	0.01435	0.00604	0.00557
65	0.01477	0.01266	0.01477	0.01055	0.01687	0.00949	0.00844	0.01793	0.01477	0.02320	0.01266	0.01477	0.01055	0.00527	0.00527	0.00105	0.00527	0.00422	0.00422	0.79328
66	0.01903	0.01580	0.01669	0.01452	0.01879	0.01801	0.01143	0.15534	0.54164	0.03211	0.02866	0.02664	0.04947	0.00982	0.00727	0.00236	0.00595	0.00805	0.00720	0.01120
67	0.01514	0.02922	0.46204	0.08337	0.17476	0.01666	0.04766	0.02262	0.04039	0.02262	0.01356	0.01648	0.01007	0.00679	0.00693	0.00225	0.00987	0.00579	0.00331	0.01047
68	0.01771	0.01530	0.01610	0.01449	0.01852	0.01771	0.01127	0.03784	0.69247	0.02979	0.02898	0.02657	0.02174	0.00966	0.00725	0.00242	0.00564	0.00805	0.00725	0.01127
69	0.01088	0.00875	0.00998	0.00945	0.01181	0.00859	0.00718	0.01674	0.14258	0.02484	0.31645	0.05276	0.28908	0.01666	0.04001	0.00274	0.00457	0.01254	0.00710	0.00728
70	0.01681	0.01921	0.04202	0.03001	0.03721	0.01801	0.67947	0.02281	0.01681	0.02281	0.01441	0.01921	0.01080	0.00600	0.00840	0.00240	0.01200	0.00840	0.00360	0.00960

[dist]
# distance from previous block
# <min> <max>
0	15

[block]
# block no. 4 follows, 29 sequences, length 34
# corresponding to MSA columns:
# 297-330
name=unknown_E
#
# <colnr> <probs for GDERKNQSTAVLIFYWHMCP>
#	G	D	E	R	K	N	Q	S	T	A	V	L	I	F	Y	W	H	M	C	P
0	0.00855	0.00722	0.00740	0.00735	0.00970	0.00607	0.00551	0.01047	0.01654	0.01997	0.12200	0.06731	0.65212	0.01776	0.00841	0.00239	0.00359	0.01486	0.00671	0.00607
1	0.00868	0.00620	0.00826	0.00991	0.01033	0.00578	0.00661	0.00991	0.01363	0.01818	0.03925	0.74510	0.04710	0.02231	0.00909	0.00289	0.00413	0.02024	0.00661	0.00578
2	0.01735	0.01434	0.01559	0.01408	0.01783	0.01622	0.01115	0.09759	0.49845	0.03026	0.08274	0.03367	0.02654	0.01104	0.00761	0.00247	0.00577	0.07963	0.00721	0.01047
3	0.08423	0.13152	0.23457	0.01682	0.04978	0.13327	0.01631	0.02538	0.01661	0.16974	0.01544	0.01652	0.01129	0.00922	0.03760	0.00246	0.00941	0.00538	0.00454	0.00991
4	0.01558	0.01558	0.02181	0.01869	0.01869	0.02181	0.01558	0.01714	0.01091	0.01714	0.00935	0.01558	0.00935	0.01246	0.02337	0.00312	0.73672	0.00623	0.00312	0.00779
5	0.01649	0.01678	0.06618	0.10219	0.43261	0.01596	0.04813	0.04875	0.05215	0.02415	0.06433	0.02258	0.04258	0.00772	0.00726	0.00220	0.00812	0.00725	0.00423	0.01034
6	0.02575	0.06200	0.02095	0.01811	0.02170	0.65866	0.01379	0.02759	0.01949	0.01739	0.01088	0.01292	0.00918	0.00754	0.00719	0.00189	0.04847	0.00464	0.00362	0.00827
7	0.01428	0.03683	0.71286	0.02030	0.03082	0.01654	0.02631	0.02255	0.01503	0.02255	0.01278	0.01503	0.00902	0.00677	0.00677	0.00226	0.01052	0.00526	0.00301	0.01052
8	0.01008	0.00728	0.00952	0.00896	0.01064	0.00672	0.00672	0.01344	0.02016	0.02855	0.70158	0.05319	0.06719	0.01456	0.00840	0.00224	0.00336	0.01288	0.00784	0.00672
9	0.01237	0.00618	0.00928	0.00928	0.00928	0.00618	0.00618	0.00928	0.00928	0.01237	0.01237	0.02165	0.01237	0.02474	0.02783	0.79283	0.00618	0.00618	0.00309	0.00309
10	0.01031	0.00709	0.00870	0.00870	0.00902	0.00741	0.00548	0.01095	0.01063	0.01450	0.02158	0.04188	0.02384	0.57353	0.20967	0.00805	0.00998	0.00967	0.00419	0.00483
11	0.01001	0.00728	0.00942	0.00889	0.01060	0.00669	0.00666	0.01330	0.01999	0.02817	0.67546	0.05383	0.09355	0.01470	0.00840	0.00225	0.00337	0.01297	0.00779	0.00669
12	0.01681	0.01921	0.04202	0.03001	0.03721	0.01801	0.67947	0.02281	0.01681	0.02281	0.01441	0.01921	0.01080	0.00600	0.00840	0.00240	0.01200	0.00840	0.00360	0.00960
13	0.01036	0.00690	0.00777	0.00777	0.00777	0.00690	0.00431	0.01036	0.01036	0.01381	0.02244	0.04660	0.02589	0.74975	0.03624	0.00690	0.00690	0.01036	0.00431	0.00431
14	0.02707	0.01995	0.02137	0.01638	0.02208	0.02208	0.01353	0.68159	0.03348	0.04488	0.01710	0.01710	0.01211	0.00855	0.00712	0.00214	0.00784	0.00641	0.00712	0.01211
15	0.02459	0.06488	0.02098	0.01791	0.02130	0.57676	0.01377	0.02727	0.05059	0.01795	0.01162	0.01373	0.00978	0.00796	0.00828	0.00199	0.09362	0.00490	0.00375	0.00839
16	0.02540	0.07571	0.02113	0.01723	0.02147	0.47985	0.01339	0.15303	0.08351	0.02373	0.01373	0.01481	0.01087	0.00770	0.00651	0.00192	0.01090	0.00520	0.00461	0.00932
17	0.80005	0.01377	0.01047	0.00936	0.01377	0.01597	0.00771	0.02093	0.01212	0.03195	0.00991	0.01157	0.00771	0.00661	0.00441	0.00220	0.00551	0.00386	0.00441	0.00771
18	0.01784	0.05056	0.36148	0.02426	0.15681	0.05819	0.05603	0.12068	0.01823	0.02537	0.01332	0.01583	0.01003	0.00712	0.00743	0.00220	0.03447	0.00575	0.00379	0.01059
19	0.01017	0.00763	0.01144	0.01144	0.01272	0.00890	0.00890	0.01272	0.01144	0.01653	0.01907	0.02797	0.01780	0.05340	0.72153	0.01144	0.01907	0.00763	0.00381	0.00636
20	0.00868	0.00620	0.00826	0.00991	0.01033	0.00578	0.00661	0.00991	0.01363	0.01818	0.03925	0.74510	0.04710	0.02231	0.00909	0.00289	0.00413	0.02024	0.00661	0.00578
21	0.03195	0.01212	0.01652	0.01267	0.01818	0.01047	0.01047	0.03470	0.02038	0.71026	0.02809	0.02424	0.01763	0.00881	0.00716	0.00220	0.00606	0.00716	0.00881	0.01212
22	0.02529	0.01906	0.02037	0.01602	0.02140	0.02125	0.01310	0.55919	0.15878	0.04201	0.01936	0.01890	0.01394	0.00876	0.00715	0.00219	0.00742	0.00672	0.00715	0.01195
23	0.02812	0.01825	0.02032	0.01558	0.02124	0.01957	0.01287	0.54162	0.03065	0.18885	0.01948	0.01864	0.01330	0.00861	0.00713	0.00215	0.00745	0.00657	0.00749	0.01211
24	0.02707	0.01995	0.02137	0.01638	0.02208	0.02208	0.01353	0.68159	0.03348	0.04488	0.01710	0.01710	0.01211	0.00855	0.00712	0.00214	0.00784	0.00641	0.00712	0.01211
25	0.02571	0.02009	0.02058	0.05154	0.02276	0.07750	0.01346	0.56463	0.03058	0.04047	0.01667	0.01729	0.01203	0.00837	0.00697	0.00210	0.00811	0.00627	0.04355	0.01133
26	0.01904	0.75404	0.03731	0.01218	0.01828	0.02818	0.01218	0.02132	0.01447	0.01675	0.00990	0.01142	0.00914	0.00609	0.00457	0.00152	0.00761	0.00381	0.00305	0.00914
27	0.01437	0.00893	0.00845	0.00891	0.03665	0.05659	0.00625	0.01762	0.01535	0.02579	0.02199	0.02525	0.01735	0.00815	0.00516	0.00169	0.00418	0.00648	0.70391	0.00693
28	0.01945	0.01550	0.01666	0.01461	0.01884	0.01759	0.01154	0.12383	0.54519	0.06520	0.02765	0.02716	0.02094	0.00984	0.00732	0.00240	0.00599	0.03175	0.00728	0.01125
29	0.03195	0.01212	0.01652	0.01267	0.01818	0.01047	0.01047	0.03470	0.02038	0.71026	0.02809	0.02424	0.01763	0.00881	0.00716	0.00220	0.00606	0.00716	0.00881	0.01212
30	0.00862	0.00726	0.00749	0.00753	0.00988	0.00613	0.00572	0.01055	0.01641	0.01973	0.09828	0.06834	0.64723	0.01795	0.00847	0.00243	0.00372	0.04154	0.00666	0.00606
31	0.00843	0.00716	0.00727	0.00735	0.00965	0.00600	0.00547	0.01020	0.01610	0.01918	0.07042	0.10373	0.66835	0.01826	0.00845	0.00243	0.00363	0.01530	0.00661	0.00600
32	0.01237	0.00618	0.00928	0.00928	0.00928	0.00618	0.00618	0.00928	0.00928	0.01237	0.01237	0.02165	0.01237	0.02474	0.02783	0.79283	0.00618	0.00618	0.00309	0.00309
33	0.01727	0.01882	0.08877	0.04055	0.59147	0.01698	0.07726	0.02199	0.01616	0.02316	0.01343	0.01753	0.01105	0.00635	0.00714	0.00215	0.00893	0.00642	0.00349	0.01107

[dist]
# distance from previous block
# <min> <max>
0	24

[block]
# block no. 5 follows, 29 sequences, length 57
# corresponding to MSA columns:
# 355-411
name=unknown_F
#
# <colnr> <probs for GDERKNQSTAVLIFYWHMCP>
#	G	D	E	R	K	N	Q	S	T	A	V	L	I	F	Y	W	H	M	C	P
0	0.00998	0.00727	0.00938	0.00885	0.01058	0.00668	0.00664	0.01324	0.01991	0.02798	0.66287	0.05413	0.10625	0.01477	0.00840	0.00225	0.00337	0.01301	0.00776	0.00668
1	0.01037	0.00849	0.01359	0.01303	0.01477	0.00791	0.10147	0.01265	0.01472	0.01982	0.06753	0.51813	0.04120	0.01882	0.00891	0.00277	0.00548	0.08229	0.00617	0.03189
2	0.01659	0.36762	0.37714	0.01735	0.04819	0.02193	0.01963	0.02196	0.01481	0.01990	0.01147	0.01345	0.00915	0.00644	0.00576	0.00191	0.00911	0.00463	0.00304	0.00991
