[name]
unknown

[dist]
# distance from previous block
# <min> <max>
0	32

[block]
# block no. 0 follows, 28 sequences, length 13
# corresponding to MSA columns:
# 32-44
name=unknown_A
#
# <colnr> <probs for GDERKNQSTAVLIFYWHMCP>
#	G	D	E	R	K	N	Q	S	T	A	V	L	I	F	Y	W	H	M	C	P
0	0.01109	0.00792	0.01099	0.01267	0.01407	0.00783	0.01062	0.01398	0.01612	0.02105	0.03883	0.22646	0.04321	0.02067	0.00987	0.00326	0.00615	0.51199	0.00671	0.00652
1	0.01906	0.69374	0.08997	0.01308	0.01965	0.02784	0.01356	0.02186	0.01481	0.01756	0.01033	0.01195	0.00932	0.00627	0.00484	0.00161	0.00800	0.00400	0.00311	0.00944
2	0.01004	0.00814	0.00923	0.00858	0.01128	0.00684	0.00644	0.01244	0.01712	0.02257	0.21916	0.11763	0.37414	0.01591	0.00816	0.00225	0.00393	0.01358	0.00669	0.12587
3	0.01263	0.00631	0.00947	0.00947	0.00947	0.00631	0.00631	0.00947	0.00947	0.01263	0.01263	0.02210	0.01263	0.02525	0.02841	0.78851	0.00631	0.00631	0.00316	0.00316
4	0.02763	0.02036	0.02182	0.01672	0.02254	0.02254	0.01382	0.67496	0.03418	0.04581	0.01745	0.01745	0.01236	0.00873	0.00727	0.00218	0.00800	0.00654	0.00727	0.01236
5	0.01263	0.00631	0.00947	0.00947	0.00947	0.00631	0.00631	0.00947	0.00947	0.01263	0.01263	0.02210	0.01263	0.02525	0.02841	0.78851	0.00631	0.00631	0.00316	0.00316
6	0.00859	0.00736	0.00736	0.00736	0.00982	0.00614	0.00552	0.01043	0.01657	0.01964	0.07364	0.06996	0.69624	0.01841	0.00859	0.00245	0.00368	0.01534	0.00675	0.00614
7	0.01690	0.01000	0.01035	0.00914	0.01181	0.01052	0.00716	0.17330	0.01974	0.03155	0.02223	0.02481	0.01714	0.00853	0.00560	0.00181	0.00448	0.00672	0.60011	0.00810
8	0.01634	0.14268	0.56718	0.01903	0.02880	0.01831	0.02377	0.02354	0.01557	0.06117	0.01350	0.01533	0.00973	0.00692	0.00659	0.00219	0.01004	0.00526	0.00342	0.01062
9	0.00886	0.00633	0.00843	0.01012	0.01054	0.00590	0.00675	0.01012	0.01392	0.01856	0.04006	0.73979	0.04808	0.02277	0.00928	0.00295	0.00422	0.02066	0.00675	0.00590
10	0.01487	0.01239	0.01444	0.01109	0.01649	0.01014	0.00870	0.04834	0.04979	0.02474	0.05143	0.09843	0.01848	0.00818	0.00617	0.00147	0.00529	0.00687	0.00506	0.58764
11	0.02166	0.17629	0.20082	0.01756	0.02362	0.32678	0.01680	0.06280	0.01848	0.02059	0.01220	0.01432	0.00987	0.00921	0.03727	0.00237	0.01141	0.00494	0.00365	0.00935
12	0.02212	0.04281	0.01831	0.01438	0.01862	0.04018	0.01145	0.39470	0.06007	0.05963	0.06080	0.12103	0.02208	0.06801	0.00982	0.00265	0.00712	0.00912	0.00682	0.01026

[dist]
# distance from previous block
# <min> <max>
4	13

[block]
# block no. 1 follows, 28 sequences, length 8
# corresponding to MSA columns:
# 58-65
name=unknown_B
#
# <colnr> <probs for GDERKNQSTAVLIFYWHMCP>
#	G	D	E	R	K	N	Q	S	T	A	V	L	I	F	Y	W	H	M	C	P
0	0.01468	0.01071	0.01265	0.01186	0.01409	0.05732	0.02641	0.01651	0.01516	0.11100	0.03095	0.36257	0.05701	0.07764	0.03119	0.00314	0.03648	0.01368	0.00607	0.09087
1	0.01452	0.01093	0.01175	0.01083	0.01362	0.03998	0.00827	0.02112	0.17191	0.08770	0.22323	0.04808	0.20474	0.06432	0.01012	0.00272	0.00507	0.03579	0.00716	0.00815
2	0.01035	0.00708	0.00855	0.00874	0.00898	0.00723	0.00537	0.01088	0.01111	0.01501	0.02428	0.12112	0.02757	0.56099	0.13611	0.00729	0.00860	0.01127	0.00459	0.00488
3	0.01771	0.02489	0.21337	0.02064	0.02714	0.10792	0.16942	0.02656	0.16396	0.02367	0.01657	0.01866	0.01264	0.00778	0.00851	0.00230	0.06334	0.00665	0.00435	0.06391
4	0.00912	0.00651	0.00874	0.01042	0.01096	0.00613	0.00721	0.01058	0.01418	0.01885	0.03992	0.67893	0.04750	0.02252	0.00935	0.00299	0.00445	0.07892	0.00674	0.00598
5	0.08679	0.01196	0.01564	0.01228	0.01739	0.01069	0.01006	0.03205	0.02016	0.58182	0.09902	0.02696	0.02269	0.00946	0.00724	0.00225	0.00585	0.00769	0.00856	0.01144
6	0.09410	0.01841	0.04770	0.06480	0.02283	0.01980	0.01349	0.33020	0.24661	0.03663	0.02031	0.02019	0.01489	0.00874	0.00704	0.00230	0.00726	0.00680	0.00660	0.01130
7	0.02351	0.11752	0.06407	0.01559	0.02124	0.02075	0.01371	0.40410	0.02611	0.06657	0.01624	0.01743	0.01220	0.01139	0.05601	0.00273	0.03885	0.00609	0.00595	0.05993

[dist]
# distance from previous block
# <min> <max>
1	17

[block]
# block no. 2 follows, 28 sequences, length 11
# corresponding to MSA columns:
# 83-93
name=unknown_C
#
# <colnr> <probs for GDERKNQSTAVLIFYWHMCP>
#	G	D	E	R	K	N	Q	S	T	A	V	L	I	F	Y	W	H	M	C	P
0	0.02303	0.01970	0.01711	0.01497	0.01898	0.21332	0.01153	0.05875	0.27307	0.15529	0.05193	0.02472	0.01960	0.05446	0.00901	0.00252	0.00799	0.00733	0.00650	0.01020
1	0.01636	0.01599	0.02842	0.35225	0.16016	0.01761	0.18134	0.06372	0.01668	0.02241	0.01364	0.01890	0.01052	0.00720	0.00836	0.00240	0.04399	0.00699	0.00367	0.00940
2	0.02501	0.01871	0.04032	0.01553	0.02119	0.01943	0.01301	0.47610	0.08718	0.09092	0.02191	0.02141	0.04955	0.00910	0.00723	0.00216	0.00736	0.00704	0.00708	0.05977
3	0.00870	0.00728	0.00757	0.00769	0.00993	0.00615	0.00570	0.01057	0.01654	0.02001	0.10156	0.12743	0.60874	0.01861	0.00865	0.00249	0.00372	0.01570	0.00681	0.00615
4	0.01630	0.01748	0.03508	0.14105	0.10647	0.01783	0.41779	0.02151	0.01594	0.02183	0.01409	0.01948	0.01105	0.00898	0.03997	0.00287	0.07149	0.00780	0.00357	0.00941
5	0.00911	0.00659	0.00820	0.00937	0.00999	0.00613	0.00618	0.01024	0.01371	0.01794	0.04173	0.52894	0.13340	0.14608	0.01394	0.00359	0.00463	0.01820	0.00635	0.00568
6	0.07503	0.01491	0.02303	0.26032	0.32783	0.01633	0.01851	0.02208	0.08503	0.02320	0.01797	0.02167	0.04789	0.00774	0.00711	0.00230	0.00819	0.00693	0.00411	0.00983
7	0.02984	0.01176	0.01598	0.01246	0.01760	0.01021	0.01021	0.03273	0.02078	0.62034	0.11152	0.02841	0.02428	0.00973	0.00747	0.00225	0.00584	0.00804	0.00887	0.01169
8	0.01591	0.11973	0.52254	0.08103	0.03096	0.06437	0.02372	0.02288	0.01555	0.02159	0.01257	0.01511	0.00927	0.00689	0.00665	0.00220	0.01045	0.00524	0.00313	0.01019
9	0.01422	0.01307	0.02203	0.59066	0.13325	0.01566	0.01957	0.01848	0.01448	0.01887	0.01300	0.01937	0.01012	0.00832	0.00862	0.05300	0.00933	0.00645	0.00327	0.00821
10	0.02186	0.06344	0.02207	0.02234	0.19531	0.01804	0.01457	0.12637	0.26785	0.13744	0.02229	0.02196	0.01649	0.00845	0.00714	0.00225	0.00703	0.00710	0.00637	0.01163

[dist]
# distance from previous block
# <min> <max>
0	1

[block]
# block no. 3 follows, 28 sequences, length 6
# corresponding to MSA columns:
# 95-100
name=unknown_D
#
# <colnr> <probs for GDERKNQSTAVLIFYWHMCP>
#	G	D	E	R	K	N	Q	S	T	A	V	L	I	F	Y	W	H	M	C	P
0	0.01878	0.01215	0.01403	0.01228	0.01515	0.01262	0.00922	0.21785	0.05372	0.11785	0.02644	0.17684	0.02581	0.21046	0.01581	0.00372	0.00657	0.03545	0.00661	0.00864
1	0.31239	0.13444	0.09653	0.06490	0.02132	0.06977	0.01319	0.12347	0.01747	0.02849	0.01338	0.01742	0.01099	0.00779	0.00587	0.00218	0.00780	0.03898	0.00452	0.00912
2	0.02248	0.01652	0.01831	0.01437	0.01971	0.01702	0.01160	0.36688	0.09010	0.07511	0.02011	0.07889	0.01626	0.00925	0.00701	0.00202	0.00675	0.00741	0.00665	0.19355
3	0.07866	0.26367	0.09975	0.01614	0.02161	0.32995	0.01445	0.06056	0.01829	0.02072	0.01132	0.01302	0.00939	0.00703	0.00587	0.00186	0.01031	0.00455	0.00371	0.00914
4	0.02218	0.01897	0.01940	0.01580	0.02048	0.11091	0.04486	0.35139	0.07421	0.03367	0.02377	0.10083	0.06721	0.01059	0.00746	0.00222	0.00785	0.00860	0.00637	0.05322
5	0.09213	0.28473	0.31014	0.01591	0.02356	0.02120	0.01786	0.02450	0.10455	0.02283	0.01393	0.01527	0.01086	0.00704	0.00594	0.00205	0.00853	0.00509	0.00380	0.01007

[dist]
# distance from previous block
# <min> <max>
0	4

[block]
# block no. 4 follows, 28 sequences, length 7
# corresponding to MSA columns:
# 105-111
name=unknown_E
#
# <colnr> <probs for GDERKNQSTAVLIFYWHMCP>
#	G	D	E	R	K	N	Q	S	T	A	V	L	I	F	Y	W	H	M	C	P
0	0.01950	0.01304	0.01493	0.01282	0.01626	0.01365	0.01000	0.29906	0.02412	0.09078	0.10689	0.22927	0.03029	0.01347	0.00783	0.00238	0.00585	0.01145	0.06899	0.00942
1	0.01145	0.00737	0.00963	0.00999	0.01149	0.00675	0.00726	0.01368	0.01695	0.08070	0.24856	0.37756	0.10305	0.01862	0.00887	0.00266	0.00421	0.04703	0.00733	0.00681
2	0.01783	0.01375	0.01505	0.01344	0.01727	0.01521	0.01046	0.03338	0.49727	0.09187	0.11931	0.03303	0.06834	0.01095	0.00761	0.00242	0.00536	0.00921	0.00758	0.01065
3	0.01057	0.00705	0.00793	0.00793	0.00793	0.00705	0.00440	0.01057	0.01057	0.01409	0.02290	0.04757	0.02643	0.74454	0.03700	0.00705	0.00705	0.01057	0.00440	0.00440
4	0.02180	0.01752	0.02020	0.02038	0.13381	0.04809	0.01414	0.23882	0.25055	0.06750	0.02285	0.02591	0.01796	0.00956	0.00748	0.00235	0.00737	0.05579	0.00659	0.01133
5	0.00984	0.00743	0.00890	0.00870	0.01049	0.00673	0.00648	0.01243	0.01812	0.02423	0.39288	0.06037	0.26761	0.08375	0.01129	0.00284	0.00403	0.05029	0.00719	0.00639
6	0.03632	0.01037	0.04580	0.03174	0.01358	0.00966	0.00844	0.08371	0.01704	0.02581	0.09548	0.09322	0.08318	0.04915	0.09051	0.00345	0.00663	0.00945	0.27909	0.00737

[dist]
# distance from previous block
# <min> <max>
3	14

[block]
# block no. 5 follows, 28 sequences, length 15
# corresponding to MSA columns:
# 126-140
name=unknown_F
#
# <colnr> <probs for GDERKNQSTAVLIFYWHMCP>
#	G	D	E	R	K	N	Q	S	T	A	V	L	I	F	Y	W	H	M	C	P
0	0.01821	0.01655	0.02386	0.05351	0.40793	0.05093	0.01778	0.10867	0.01950	0.02674	0.09460	0.02624	0.02013	0.00873	0.00748	0.00222	0.00798	0.05144	0.00483	0.03268
1	0.01756	0.01406	0.01540	0.01307	0.01773	0.01454	0.01025	0.03111	0.42079	0.07368	0.02895	0.02743	0.07343	0.00938	0.00699	0.00211	0.00552	0.00776	0.00669	0.20355
2	0.00891	0.00683	0.00820	0.00917	0.01045	0.00612	0.00648	0.01055	0.01525	0.01945	0.07532	0.44004	0.29179	0.02076	0.00902	0.00276	0.00408	0.04197	0.00679	0.00605
3	0.01263	0.00631	0.00947	0.00947	0.00947	0.00631	0.00631	0.00947	0.00947	0.01263	0.01263	0.02210	0.01263	0.02525	0.02841	0.78851	0.00631	0.00631	0.00316	0.00316
4	0.01157	0.00847	0.01054	0.00964	0.01173	0.00808	0.00733	0.06682	0.02141	0.02986	0.59929	0.05237	0.10586	0.01460	0.00847	0.00229	0.00381	0.01276	0.00786	0.00725
5	0.02763	0.02036	0.02182	0.01672	0.02254	0.02254	0.01382	0.67496	0.03418	0.04581	0.01745	0.01745	0.01236	0.00873	0.00727	0.00218	0.00800	0.00654	0.00727	0.01236
6	0.01908	0.57830	0.15394	0.01429	0.02114	0.07109	0.01506	0.02246	0.01525	0.01818	0.01069	0.01240	0.00931	0.00642	0.00518	0.00171	0.00864	0.00420	0.00314	0.00952
7	0.01939	0.01554	0.01920	0.02078	0.16325	0.01684	0.01360	0.03404	0.45112	0.09585	0.02546	0.02447	0.01905	0.00888	0.00727	0.00232	0.00639	0.00760	0.00663	0.04231
8	0.01355	0.00678	0.00678	0.00678	0.00847	0.00678	0.00508	0.01694	0.01524	0.02710	0.02371	0.02710	0.01863	0.00847	0.00508	0.00169	0.00339	0.00678	0.78489	0.00678
9	0.01624	0.01368	0.01755	0.01371	0.01856	0.01294	0.05498	0.05798	0.08910	0.04263	0.01779	0.08044	0.01562	0.00860	0.00834	0.00183	0.08575	0.00694	0.02453	0.41278
10	0.00892	0.00651	0.00840	0.00975	0.01049	0.00599	0.00662	0.01040	0.01466	0.01939	0.08827	0.62014	0.12016	0.02176	0.00916	0.00285	0.00411	0.01957	0.00683	0.00599
11	0.02592	0.05743	0.02124	0.01603	0.02114	0.11149	0.01301	0.48479	0.02925	0.05994	0.01764	0.04210	0.01383	0.04246	0.00847	0.00236	0.00843	0.00684	0.00651	0.01112
12	0.02733	0.01972	0.02133	0.01632	0.02216	0.02152	0.01347	0.62143	0.03284	0.07246	0.01774	0.01766	0.01253	0.00860	0.00720	0.00214	0.00782	0.00649	0.00722	0.04402
13	0.01776	0.26487	0.27892	0.01974	0.06025	0.02112	0.10558	0.07496	0.01696	0.02302	0.01268	0.01499	0.00993	0.00663	0.00637	0.00200	0.00940	0.00541	0.00358	0.04581
14	0.02019	0.08088	0.03029	0.03338	0.36864	0.18795	0.12901	0.02406	0.01749	0.02169	0.01297	0.01657	0.01073	0.00664	0.00707	0.00209	0.01026	0.00619	0.00361	0.01030

[dist]
# distance from previous block
# <min> <max>
1	6

[block]
# block no. 6 follows, 28 sequences, length 19
# corresponding to MSA columns:
# 147-165
name=unknown_G
#
# <colnr> <probs for GDERKNQSTAVLIFYWHMCP>
#	G	D	E	R	K	N	Q	S	T	A	V	L	I	F	Y	W	H	M	C	P
0	0.01055	0.00713	0.00833	0.00833	0.00846	0.00726	0.00490	0.01083	0.01069	0.01439	0.02254	0.04556	0.02555	0.67157	0.10877	0.00754	0.00836	0.01028	0.00435	0.00463
1	0.00897	0.00637	0.00840	0.00998	0.01037	0.00598	0.00659	0.01015	0.01369	0.01826	0.03892	0.69372	0.04664	0.07081	0.01112	0.00322	0.00441	0.01999	0.00659	0.00580
2	0.01513	0.01312	0.01556	0.01133	0.01735	0.01054	0.00910	0.01825	0.01481	0.02327	0.01269	0.01513	0.01068	0.00588	0.00663	0.00122	0.05428	0.00445	0.00423	0.73636
3	0.00886	0.00633	0.00843	0.01012	0.01054	0.00590	0.00675	0.01012	0.01392	0.01856	0.04006	0.73979	0.04808	0.02277	0.00928	0.00295	0.00422	0.02066	0.00675	0.00590
4	0.00951	0.00701	0.00890	0.00925	0.01059	0.00640	0.00663	0.01191	0.01754	0.02386	0.36338	0.31013	0.15143	0.01830	0.00884	0.00256	0.00376	0.01624	0.00736	0.00640
5	0.00886	0.00633	0.00843	0.01012	0.01054	0.00590	0.00675	0.01012	0.01392	0.01856	0.04006	0.73979	0.04808	0.02277	0.00928	0.00295	0.00422	0.02066	0.00675	0.00590
6	0.01716	0.01961	0.04289	0.03064	0.03799	0.01838	0.67279	0.02328	0.01716	0.02328	0.01471	0.01961	0.01103	0.00613	0.00858	0.00245	0.01225	0.00858	0.00368	0.00980
7	0.00886	0.00633	0.00843	0.01012	0.01054	0.00590	0.00675	0.01012	0.01392	0.01856	0.04006	0.73979	0.04808	0.02277	0.00928	0.00295	0.00422	0.02066	0.00675	0.00590
8	0.00892	0.00642	0.00846	0.00996	0.01053	0.00596	0.00671	0.01032	0.01436	0.01914	0.07503	0.67869	0.07418	0.02220	0.00922	0.00290	0.00416	0.02007	0.00681	0.00596
9	0.01659	0.01954	0.07033	0.12204	0.03929	0.01802	0.55732	0.02265	0.01673	0.02265	0.01439	0.01938	0.01077	0.00631	0.00833	0.00244	0.01185	0.00815	0.00359	0.00962
10	0.01458	0.03760	0.70688	0.02072	0.03146	0.01688	0.02686	0.02302	0.01535	0.02302	0.01304	0.01535	0.00921	0.00691	0.00691	0.00230	0.01074	0.00537	0.00307	0.01074
11	0.00913	0.00760	0.00802	0.00824	0.01042	0.00671	0.00605	0.01183	0.05057	0.02000	0.06532	0.18846	0.54472	0.01876	0.00865	0.00254	0.00389	0.01593	0.00678	0.00637
12	0.00876	0.00737	0.00760	0.00754	0.00992	0.00621	0.00566	0.01076	0.01697	0.02058	0.13541	0.06840	0.63388	0.01806	0.00859	0.00244	0.00366	0.01512	0.00687	0.00621
13	0.02401	0.01883	0.01939	0.01563	0.02064	0.05174	0.01263	0.46602	0.14703	0.03914	0.02382	0.04704	0.06070	0.00999	0.00742	0.00226	0.00742	0.00782	0.00708	0.01140
14	0.01522	0.01443	0.02049	0.48497	0.03896	0.06158	0.01763	0.03889	0.01497	0.01968	0.01336	0.01920	0.01058	0.00981	0.03347	0.00276	0.11633	0.00640	0.05318	0.00807
15	0.02821	0.01944	0.02124	0.01629	0.02208	0.02117	0.01345	0.60108	0.03263	0.12187	0.01875	0.01829	0.01301	0.00876	0.00728	0.00219	0.00779	0.00663	0.00747	0.01236
16	0.01507	0.01292	0.01507	0.01077	0.01723	0.00969	0.00861	0.01830	0.01507	0.02369	0.01292	0.01507	0.01077	0.00538	0.00538	0.00108	0.00538	0.00431	0.00431	0.78898
17	0.01982	0.01618	0.01651	0.01485	0.01888	0.06975	0.01175	0.06402	0.46996	0.09048	0.02855	0.03154	0.02258	0.01070	0.00761	0.00249	0.00656	0.07974	0.00718	0.01085
18	0.05755	0.01331	0.01642	0.01327	0.01820	0.01298	0.01086	0.11520	0.10636	0.42290	0.07571	0.02869	0.02232	0.00998	0.00744	0.00233	0.00617	0.04073	0.00820	0.01139

[dist]
# distance from previous block
# <min> <max>
2	5

[block]
# block no. 7 follows, 28 sequences, length 6
# corresponding to MSA columns:
# 172-177
name=unknown_H
#
# <colnr> <probs for GDERKNQSTAVLIFYWHMCP>
#	G	D	E	R	K	N	Q	S	T	A	V	L	I	F	Y	W	H	M	C	P
0	0.24445	0.01790	0.01789	0.01442	0.01962	0.02014	0.01180	0.39912	0.12042	0.03988	0.01709	0.01722	0.01248	0.00833	0.00650	0.00224	0.00701	0.00604	0.00650	0.01097
1	0.02384	0.01314	0.01543	0.01285	0.01737	0.01333	0.01028	0.07729	0.24716	0.31684	0.03074	0.02831	0.06464	0.00985	0.00720	0.00228	0.00572	0.00805	0.08455	0.01111
2	0.01355	0.00678	0.00678	0.00678	0.00847	0.00678	0.00508	0.01694	0.01524	0.02710	0.02371	0.02710	0.01863	0.00847	0.00508	0.00169	0.00339	0.00678	0.78489	0.00678
3	0.01702	0.01437	0.01603	0.01255	0.01818	0.01343	0.00996	0.07474	0.23783	0.02758	0.01876	0.01923	0.01465	0.00711	0.00619	0.00162	0.00570	0.00577	0.00555	0.47372
4	0.01513	0.01436	0.02434	0.50198	0.26417	0.01652	0.02089	0.01980	0.01520	0.02028	0.01317	0.01892	0.01029	0.00701	0.00724	0.00234	0.00934	0.00647	0.00335	0.00921
5	0.02442	0.01786	0.01920	0.01507	0.01979	0.01963	0.01205	0.54999	0.02974	0.03985	0.01848	0.02312	0.01501	0.14713	0.01286	0.00310	0.00782	0.00730	0.00673	0.01087

[dist]
# distance from previous block
# <min> <max>
0	1

[block]
# block no. 8 follows, 28 sequences, length 62
# corresponding to MSA columns:
# 179-240
name=unknown_I
#
# <colnr> <probs for GDERKNQSTAVLIFYWHMCP>
#	G	D	E	R	K	N	Q	S	T	A	V	L	I	F	Y	W	H	M	C	P
0	0.01669	0.05814	0.13786	0.05291	0.03533	0.01884	0.48040	0.02264	0.01630	0.02240	0.01385	0.01835	0.01054	0.00670	0.00905	0.00243	0.05668	0.00766	0.00351	0.00974
1	0.00977	0.00756	0.01106	0.01147	0.01262	0.00697	0.05190	0.01141	0.01407	0.01896	0.03649	0.63321	0.04308	0.04604	0.01002	0.00297	0.00491	0.01873	0.00634	0.04242
2	0.01553	0.01700	0.03613	0.02661	0.03260	0.01593	0.54201	0.02070	0.01652	0.02236	0.01969	0.16102	0.01830	0.00940	0.00872	0.00255	0.01068	0.01095	0.00428	0.00904
3	0.01781	0.02190	0.17970	0.05984	0.46100	0.03532	0.02224	0.02358	0.04232	0.04585	0.01455	0.01789	0.01150	0.00684	0.00713	0.00221	0.00907	0.00628	0.00380	0.01117
4	0.00888	0.00656	0.00831	0.00960	0.01043	0.00599	0.00654	0.01035	0.01471	0.01927	0.07854	0.58987	0.16110	0.02162	0.00912	0.00283	0.00409	0.01937	0.00681	0.00599
5	0.01754	0.01728	0.03092	0.09542	0.54971	0.01735	0.11970	0.02217	0.01649	0.02328	0.01377	0.01834	0.01130	0.00649	0.00741	0.00222	0.00926	0.00679	0.00358	0.01099
6	0.01566	0.01326	0.01539	0.01104	0.01747	0.01029	0.00885	0.04875	0.01596	0.02471	0.01313	0.01518	0.01084	0.00554	0.00547	0.00113	0.00550	0.00441	0.00444	0.75297
7	0.14303	0.36079	0.26256	0.01497	0.02245	0.02246	0.01670	0.04526	0.01527	0.02265	0.01138	0.01315	0.00916	0.00663	0.00550	0.00195	0.00845	0.00450	0.00347	0.00969
8	0.01559	0.01323	0.01535	0.01101	0.01745	0.01022	0.00883	0.04545	0.01586	0.02460	0.01311	0.01517	0.01083	0.00552	0.00546	0.00112	0.00549	0.00440	0.00443	0.75687
9	0.00969	0.00736	0.00882	0.00853	0.01039	0.00659	0.00631	0.01238	0.01863	0.02504	0.44017	0.08178	0.27596	0.04449	0.00970	0.00255	0.00368	0.01403	0.00740	0.00649
10	0.02630	0.01776	0.01913	0.01526	0.02027	0.05268	0.01233	0.43355	0.02835	0.17242	0.02216	0.10736	0.01772	0.01044	0.00749	0.00227	0.00743	0.00834	0.00738	0.01137
11	0.01263	0.00631	0.00947	0.00947	0.00947	0.00631	0.00631	0.00947	0.00947	0.01263	0.01263	0.02210	0.01263	0.02525	0.02841	0.78851	0.00631	0.00631	0.00316	0.00316
12	0.00903	0.00738	0.00797	0.00783	0.01009	0.00632	0.00587	0.01128	0.01761	0.02210	0.23482	0.06590	0.53353	0.01749	0.00859	0.00241	0.00362	0.01477	0.00707	0.00632
13	0.01056	0.00765	0.01023	0.01168	0.01303	0.00741	0.00945	0.01306	0.01572	0.02038	0.04191	0.26376	0.10848	0.04551	0.01061	0.00327	0.00571	0.38859	0.00664	0.00634
14	0.01832	0.58508	0.19212	0.01434	0.02161	0.02603	0.01576	0.02206	0.01490	0.01847	0.01078	0.01251	0.00930	0.00638	0.00518	0.00173	0.00846	0.00423	0.00310	0.00965
15	0.02763	0.02036	0.02182	0.01672	0.02254	0.02254	0.01382	0.67496	0.03418	0.04581	0.01745	0.01745	0.01236	0.00873	0.00727	0.00218	0.00800	0.00654	0.00727	0.01236
16	0.01590	0.01590	0.02226	0.01908	0.01908	0.02226	0.01590	0.01749	0.01113	0.01749	0.00954	0.01590	0.00954	0.01272	0.02385	0.00318	0.73123	0.00636	0.00318	0.00795
17	0.02562	0.01936	0.02068	0.01632	0.02177	0.02160	0.01333	0.54071	0.17170	0.04256	0.02001	0.01949	0.01444	0.00897	0.00730	0.00224	0.00753	0.00690	0.00730	0.01218
18	0.01551	0.01307	0.01519	0.01106	0.01726	0.01023	0.00882	0.05238	0.01603	0.02466	0.01414	0.04138	0.01220	0.00619	0.00562	0.00120	0.00548	0.00501	0.00455	0.72003
19	0.01475	0.06204	0.68390	0.02043	0.03102	0.01729	0.02636	0.02298	0.01533	0.02282	0.01294	0.01522	0.00921	0.00688	0.00683	0.00228	0.01064	0.00532	0.00307	0.01069
20	0.02763	0.02036	0.02182	0.01672	0.02254	0.02254	0.01382	0.67496	0.03418	0.04581	0.01745	0.01745	0.01236	0.00873	0.00727	0.00218	0.00800	0.00654	0.00727	0.01236
21	0.01011	0.00691	0.00801	0.00836	0.00858	0.00676	0.00496	0.01047	0.01159	0.01532	0.02917	0.19449	0.06605	0.55456	0.02967	0.00594	0.00628	0.01295	0.00502	0.00481
22	0.02763	0.02036	0.02182	0.01672	0.02254	0.02254	0.01382	0.67496	0.03418	0.04581	0.01745	0.01745	0.01236	0.00873	0.00727	0.00218	0.00800	0.00654	0.00727	0.01236
23	0.05156	0.01887	0.01887	0.03961	0.02118	0.07940	0.01249	0.39345	0.11911	0.03662	0.02189	0.02195	0.05865	0.00915	0.00707	0.00216	0.00757	0.00701	0.03028	0.04312
24	0.01052	0.00712	0.00828	0.00817	0.00850	0.00701	0.00489	0.01119	0.01254	0.01705	0.15494	0.04889	0.03471	0.60126	0.03142	0.00611	0.00634	0.01108	0.00511	0.00489
25	0.01057	0.00705	0.00793	0.00793	0.00793	0.00705	0.00440	0.01057	0.01057	0.01409	0.02290	0.04757	0.02643	0.74454	0.03700	0.00705	0.00705	0.01057	0.00440	0.00440
26	0.02595	0.14744	0.02342	0.01765	0.02187	0.57829	0.01378	0.05405	0.02022	0.01882	0.01131	0.01305	0.00948	0.00734	0.00628	0.00183	0.01205	0.00463	0.00379	0.00873
27	0.00923	0.00686	0.00975	0.01081	0.01155	0.00640	0.03081	0.01079	0.01438	0.01928	0.07345	0.67789	0.04781	0.02176	0.00922	0.00290	0.00447	0.01983	0.00670	0.00610
28	0.00957	0.00740	0.00875	0.00861	0.01058	0.00658	0.00649	0.01224	0.01845	0.02439	0.37880	0.08953	0.33233	0.01690	0.00867	0.00243	0.00370	0.04072	0.00737	0.00651
29	0.01009	0.00684	0.00807	0.00855	0.00867	0.00672	0.00507	0.01044	0.01152	0.01535	0.02775	0.24307	0.03254	0.54070	0.02917	0.00589	0.00625	0.01342	0.00507	0.00483
30	0.01012	0.00767	0.00948	0.01053	0.01162	0.00758	0.00731	0.01407	0.10376	0.02061	0.06611	0.57610	0.08646	0.02047	0.00896	0.00283	0.00436	0.01838	0.00688	0.00670
31	0.01615	0.01286	0.01437	0.01361	0.01702	0.01417	0.01091	0.02984	0.42627	0.05504	0.03625	0.04483	0.09603	0.01320	0.00816	0.00267	0.00579	0.16580	0.00722	0.00981
32	0.01373	0.01292	0.02180	0.72707	0.05006	0.01615	0.02019	0.01857	0.01453	0.01857	0.01292	0.01938	0.00969	0.00727	0.00727	0.00242	0.00969	0.00646	0.00323	0.00807
33	0.00905	0.00645	0.00857	0.01020	0.01066	0.00606	0.00690	0.01037	0.01393	0.01855	0.03938	0.68385	0.04701	0.04843	0.01030	0.00312	0.00444	0.05019	0.00666	0.00589
34	0.01057	0.00705	0.00793	0.00793	0.00793	0.00705	0.00440	0.01057	0.01057	0.01409	0.02290	0.04757	0.02643	0.74454	0.03700	0.00705	0.00705	0.01057	0.00440	0.00440
35	0.01268	0.00664	0.01008	0.04525	0.01149	0.00680	0.00701	0.00992	0.00972	0.01292	0.01264	0.02196	0.01248	0.02436	0.02735	0.74931	0.00648	0.00632	0.00316	0.00340
36	0.01159	0.00790	0.01023	0.01116	0.01243	0.00770	0.00816	0.03998	0.04296	0.05354	0.06182	0.52443	0.04398	0.02034	0.00912	0.00290	0.00487	0.11311	0.00694	0.00685
37	0.01304	0.00679	0.00697	0.00702	0.00848	0.00678	0.00506	0.01597	0.01466	0.02530	0.02418	0.05390	0.02054	0.09411	0.00892	0.00236	0.00384	0.00769	0.66792	0.00647
38	0.02361	0.01134	0.01466	0.01193	0.01610	0.01052	0.00958	0.07959	0.04504	0.38266	0.26935	0.03494	0.03601	0.01113	0.00777	0.00226	0.00532	0.00939	0.00844	0.01034
39	0.01206	0.00689	0.00743	0.00743	0.00824	0.00689	0.00479	0.01356	0.01275	0.02023	0.02294	0.03698	0.02226	0.37046	0.02154	0.03085	0.00528	0.00862	0.37530	0.00549
40	0.01976	0.62007	0.05464	0.01404	0.02002	0.08602	0.03601	0.02233	0.01525	0.01755	0.01042	0.01230	0.00939	0.00655	0.00564	0.00169	0.03164	0.00424	0.00318	0.00926
41	0.03118	0.01273	0.01690	0.01304	0.01849	0.01139	0.01074	0.08220	0.02179	0.62297	0.05948	0.02560	0.01997	0.00925	0.00737	0.00225	0.00619	0.00753	0.00882	0.01211
42	0.01507	0.01292	0.01507	0.01077	0.01723	0.00969	0.00861	0.01830	0.01507	0.02369	0.01292	0.01507	0.01077	0.00538	0.00538	0.00108	0.00538	0.00431	0.00431	0.78898
43	0.02455	0.01787	0.01966	0.01497	0.02086	0.01851	0.01227	0.45087	0.05389	0.08203	0.01755	0.01772	0.01272	0.00798	0.00682	0.00193	0.00716	0.00612	0.00667	0.19985
44	0.01615	0.03395	0.61214	0.01950	0.02939	0.01588	0.02449	0.02385	0.01608	0.08922	0.04189	0.01782	0.01244	0.00743	0.00701	0.00230	0.01001	0.00587	0.00384	0.01074
45	0.01306	0.00808	0.01039	0.00944	0.01176	0.00728	0.00721	0.01622	0.02014	0.11784	0.53356	0.05221	0.13567	0.01450	0.00841	0.00230	0.00383	0.01263	0.00799	0.00751
46	0.79588	0.01406	0.01068	0.00956	0.01406	0.01631	0.00787	0.02137	0.01237	0.03261	0.01012	0.01181	0.00787	0.00675	0.00450	0.00225	0.00562	0.00394	0.00450	0.00787
47	0.02706	0.01981	0.02121	0.01632	0.02197	0.02190	0.01346	0.64829	0.03341	0.04505	0.01771	0.01784	0.01262	0.00872	0.00718	0.00216	0.00781	0.00655	0.03879	0.01214
48	0.00974	0.00674	0.00839	0.00935	0.00966	0.00652	0.00600	0.01057	0.01263	0.01681	0.03262	0.40847	0.03846	0.33219	0.02121	0.00473	0.00556	0.04929	0.00574	0.00530
49	0.01042	0.00764	0.01095	0.01095	0.01199	0.00869	0.00817	0.01251	0.01146	0.01633	0.02014	0.03229	0.01979	0.19001	0.58246	0.01077	0.01703	0.00833	0.00399	0.00608
50	0.01057	0.00705	0.00793	0.00793	0.00793	0.00705	0.00440	0.01057	0.01057	0.01409	0.02290	0.04757	0.02643	0.74454	0.03700	0.00705	0.00705	0.01057	0.00440	0.00440
51	0.01747	0.04199	0.06869	0.02531	0.09932	0.07682	0.22184	0.02120	0.01472	0.02030	0.01195	0.01690	0.01018	0.00904	0.01435	0.00264	0.30793	0.00680	0.00342	0.00915
52	0.02281	0.01772	0.02025	0.01632	0.02031	0.02057	0.01333	0.43459	0.06108	0.03591	0.01693	0.01986	0.01340	0.04771	0.06163	0.00329	0.15065	0.00687	0.00610	0.01066
53	0.00915	0.00654	0.00875	0.01035	0.01093	0.00614	0.00716	0.01067	0.01441	0.01924	0.06618	0.65848	0.04839	0.02224	0.00931	0.00296	0.00439	0.07191	0.00679	0.00601
54	0.00886	0.00633	0.00843	0.01012	0.01054	0.00590	0.00675	0.01012	0.01392	0.01856	0.04006	0.73979	0.04808	0.02277	0.00928	0.00295	0.00422	0.02066	0.00675	0.00590
55	0.27434	0.01373	0.01486	0.01221	0.01710	0.01423	0.00995	0.07922	0.11048	0.31357	0.05363	0.02176	0.01729	0.00865	0.00648	0.00228	0.00595	0.00657	0.00715	0.01054
56	0.01507	0.01292	0.01507	0.01077	0.01723	0.00969	0.00861	0.01830	0.01507	0.02369	0.01292	0.01507	0.01077	0.00538	0.00538	0.00108	0.00538	0.00431	0.00431	0.78898
57	0.02236	0.02664	0.01988	0.01780	0.02050	0.43965	0.01380	0.02540	0.06227	0.01868	0.01615	0.01855	0.05578	0.00975	0.01129	0.00229	0.20073	0.00607	0.00404	0.00836
58	0.00912	0.00679	0.00850	0.00933	0.01046	0.00617	0.00652	0.01099	0.01596	0.02115	0.19369	0.44761	0.18693	0.02010	0.00898	0.00270	0.00393	0.01788	0.00703	0.00617
59	0.01677	0.05789	0.55216	0.02128	0.06068	0.12203	0.02429	0.02385	0.01617	0.02209	0.01271	0.01502	0.00934	0.00695	0.00680	0.00221	0.01091	0.00527	0.00320	0.01039
60	0.08370	0.01386	0.01622	0.01327	0.01811	0.03112	0.01067	0.09420	0.12767	0.40932	0.02687	0.08210	0.01964	0.01004	0.00726	0.00233	0.00626	0.00817	0.00792	0.01127
61	0.01238	0.00763	0.00957	0.00994	0.01093	0.00731	0.00664	0.03584	0.01425	0.08550	0.03277	0.42689	0.03708	0.24774	0.01773	0.00414	0.00543	0.01569	0.00625	0.00629

[dist]
# distance from previous block
# <min> <max>
1	3

[block]
# block no. 9 follows, 28 sequences, length 39
# corresponding to MSA columns:
# 244-282
name=unknown_J
#
# <colnr> <probs for GDERKNQSTAVLIFYWHMCP>
#	G	D	E	R	K	N	Q	S	T	A	V	L	I	F	Y	W	H	M	C	P
0	0.01971	0.02220	0.07002	0.03462	0.38107	0.14438	0.14508	0.05226	0.01810	0.02350	0.01356	0.01723	0.01093	0.00672	0.00733	0.00217	0.01024	0.00649	0.00377	0.01062
1	0.01497	0.01554	0.04297	0.04434	0.02251	0.01815	0.12874	0.01772	0.01306	0.01924	0.01512	0.11729	0.01523	0.01215	0.01693	0.00284	0.41302	0.00858	0.00383	0.05778
2	0.02975	0.01218	0.01629	0.01290	0.01808	0.01088	0.01061	0.03374	0.06295	0.60041	0.05901	0.02879	0.02160	0.00981	0.00749	0.00231	0.00606	0.03658	0.00875	0.01181
3	0.01685	0.01407	0.01628	0.01191	0.01804	0.01196	0.00961	0.10961	0.01758	0.02653	0.01342	0.01544	0.01094	0.00613	0.00635	0.00131	0.03338	0.00470	0.00468	0.65122
4	0.01162	0.00774	0.01006	0.00930	0.01130	0.00707	0.00704	0.01494	0.02041	0.07135	0.62467	0.05315	0.09425	0.01465	0.00849	0.00229	0.00362	0.01288	0.00801	0.00717
5	0.00886	0.00633	0.00843	0.01012	0.01054	0.00590	0.00675	0.01012	0.01392	0.01856	0.04006	0.73979	0.04808	0.02277	0.00928	0.00295	0.00422	0.02066	0.00675	0.00590
6	0.01409	0.01329	0.02246	0.66905	0.10525	0.01625	0.02037	0.01889	0.01471	0.01901	0.01298	0.01926	0.00984	0.00720	0.00726	0.00240	0.00960	0.00646	0.00326	0.00837
7	0.01947	0.01764	0.01779	0.01674	0.05328	0.07862	0.01241	0.07748	0.55374	0.02997	0.02644	0.02484	0.01992	0.00942	0.00731	0.00238	0.00668	0.00772	0.00688	0.01129
8	0.01057	0.00705	0.00793	0.00793	0.00793	0.00705	0.00440	0.01057	0.01057	0.01409	0.02290	0.04757	0.02643	0.74454	0.03700	0.00705	0.00705	0.01057	0.00440	0.00440
9	0.00964	0.00665	0.00820	0.00912	0.00935	0.00642	0.00568	0.01033	0.01239	0.01653	0.03225	0.42479	0.03822	0.35122	0.02189	0.00482	0.00551	0.01607	0.00568	0.00522
10	0.01063	0.00874	0.03774	0.00909	0.01150	0.00706	0.00725	0.01324	0.01800	0.04869	0.33420	0.08600	0.31633	0.01652	0.00930	0.03427	0.00409	0.01355	0.00708	0.00674
11	0.02416	0.01876	0.01947	0.01589	0.02096	0.04889	0.01279	0.37431	0.28420	0.06836	0.02238	0.02133	0.01628	0.00912	0.00729	0.00228	0.00726	0.00715	0.00725	0.01187
12	0.01173	0.00795	0.01011	0.00964	0.01158	0.00741	0.00719	0.01545	0.04912	0.06994	0.48284	0.14938	0.10844	0.01565	0.00854	0.00240	0.00384	0.01379	0.00776	0.00723
13	0.79588	0.01406	0.01068	0.00956	0.01406	0.01631	0.00787	0.02137	0.01237	0.03261	0.01012	0.01181	0.00787	0.00675	0.00450	0.00225	0.00562	0.00394	0.00450	0.00787
14	0.01299	0.00896	0.01109	0.01021	0.01260	0.00869	0.00783	0.01863	0.11219	0.07972	0.49652	0.05000	0.09760	0.01408	0.00835	0.00235	0.00406	0.02839	0.00788	0.00787
15	0.01943	0.74891	0.03809	0.01244	0.01866	0.02876	0.01244	0.02177	0.01477	0.01710	0.01011	0.01166	0.00933	0.00622	0.00466	0.00155	0.00777	0.00389	0.00311	0.00933
16	0.02160	0.01153	0.01443	0.01202	0.01613	0.01100	0.00955	0.02839	0.16172	0.31399	0.23874	0.03410	0.03451	0.01085	0.00763	0.00225	0.00518	0.00920	0.00811	0.04907
17	0.01458	0.03760	0.70688	0.02072	0.03146	0.01688	0.02686	0.02302	0.01535	0.02302	0.01304	0.01535	0.00921	0.00691	0.00691	0.00230	0.01074	0.00537	0.00307	0.01074
18	0.00959	0.00828	0.03846	0.01162	0.01282	0.00702	0.03777	0.01145	0.01424	0.01909	0.03776	0.64926	0.04456	0.02126	0.00918	0.00292	0.00495	0.04700	0.00646	0.00631
19	0.01503	0.00820	0.00835	0.00782	0.00995	0.00843	0.00600	0.08598	0.01723	0.02906	0.02306	0.02609	0.01797	0.00850	0.00531	0.00174	0.00387	0.00675	0.70330	0.00736
20	0.01007	0.00713	0.00778	0.00778	0.00841	0.00682	0.00469	0.01054	0.01210	0.01551	0.03583	0.05327	0.19713	0.55949	0.02976	0.00588	0.00619	0.01179	0.00500	0.00485
21	0.01162	0.00843	0.01143	0.01245	0.01423	0.00839	0.01057	0.01565	0.04339	0.02382	0.19185	0.07340	0.04734	0.01847	0.00960	0.00306	0.00589	0.47648	0.00703	0.00692
22	0.01373	0.01292	0.02180	0.72707	0.05006	0.01615	0.02019	0.01857	0.01453	0.01857	0.01292	0.01938	0.00969	0.00727	0.00727	0.00242	0.00969	0.00646	0.00323	0.00807
23	0.02165	0.01539	0.01697	0.01460	0.01914	0.01704	0.01154	0.09089	0.50469	0.16052	0.02840	0.02586	0.02057	0.00960	0.00737	0.00240	0.00602	0.00791	0.00769	0.01174
24	0.01396	0.00775	0.01000	0.01000	0.01139	0.00719	0.00687	0.01532	0.01477	0.14915	0.07669	0.37006	0.03782	0.21517	0.01637	0.00388	0.00531	0.01488	0.00663	0.00680
25	0.64899	0.01526	0.01281	0.01093	0.01568	0.01750	0.00901	0.14634	0.01654	0.03514	0.01152	0.01289	0.00873	0.00713	0.00503	0.00224	0.00608	0.00443	0.00503	0.00873
26	0.01038	0.00779	0.01168	0.01168	0.01298	0.00909	0.00909	0.01298	0.01168	0.01687	0.01947	0.02856	0.01817	0.05452	0.71573	0.01168	0.01947	0.00779	0.00389	0.00649
27	0.01500	0.00889	0.01171	0.01188	0.01447	0.00829	0.01004	0.01794	0.01763	0.15209	0.06923	0.06747	0.17500	0.01741	0.00916	0.00291	0.00584	0.37018	0.00720	0.00767
28	0.00958	0.00735	0.00888	0.00990	0.01109	0.00699	0.00688	0.01261	0.07161	0.01980	0.04665	0.53015	0.19016	0.02071	0.00897	0.00280	0.00423	0.01842	0.00680	0.00643
29	0.02736	0.01486	0.01769	0.01421	0.01942	0.01514	0.01153	0.15865	0.22033	0.37884	0.02680	0.02405	0.01816	0.00920	0.00733	0.00230	0.00640	0.00743	0.00819	0.01211
30	0.01799	0.01727	0.02950	0.04462	0.69919	0.01727	0.02231	0.02231	0.01655	0.02375	0.01367	0.01799	0.01151	0.00648	0.00720	0.00216	0.00864	0.00648	0.00360	0.01151
31	0.01215	0.00631	0.00934	0.00955	0.00961	0.00626	0.00637	0.00955	0.01004	0.01338	0.01612	0.11354	0.01714	0.02494	0.02597	0.68842	0.00605	0.00814	0.00361	0.00351
32	0.01053	0.00765	0.00994	0.01090	0.01182	0.00787	0.00818	0.01251	0.01457	0.02017	0.03773	0.41986	0.08766	0.01940	0.01010	0.00286	0.06544	0.13781	0.09865	0.00635
33	0.00923	0.00755	0.00825	0.00853	0.01082	0.00657	0.00671	0.01141	0.01676	0.02041	0.09245	0.07152	0.55149	0.01857	0.00885	0.00261	0.00422	0.13100	0.00679	0.00627
34	0.01242	0.00913	0.01087	0.01107	0.01276	0.00911	0.00796	0.13728	0.01809	0.02389	0.03952	0.52624	0.11425	0.01960	0.00882	0.00275	0.00488	0.01737	0.00685	0.00717
35	0.01608	0.01502	0.02493	0.41791	0.31266	0.01689	0.02076	0.04946	0.01623	0.02189	0.01343	0.01873	0.01055	0.00701	0.00724	0.00230	0.00919	0.00647	0.00356	0.00966
36	0.01488	0.06741	0.65507	0.02071	0.03114	0.01744	0.04880	0.02298	0.01539	0.02278	0.01298	0.01534	0.00928	0.00685	0.00687	0.00228	0.01067	0.00542	0.00309	0.01065
37	0.01088	0.00795	0.00997	0.00977	0.01144	0.00755	0.00718	0.05458	0.01934	0.02664	0.42927	0.23989	0.10420	0.01688	0.00868	0.00247	0.00395	0.01493	0.00752	0.00690
38	0.60127	0.03588	0.04320	0.01148	0.01648	0.03599	0.00990	0.12427	0.01620	0.03348	0.01143	0.01288	0.00871	0.00707	0.00510	0.00221	0.00647	0.00443	0.00482	0.00875

[dist]
# distance from previous block
# <min> <max>
0	3

[block]
# block no. 10 follows, 28 sequences, length 7
# corresponding to MSA columns:
# 286-292
name=unknown_K
#
# <colnr> <probs for GDERKNQSTAVLIFYWHMCP>
#	G	D	E	R	K	N	Q	S	T	A	V	L	I	F	Y	W	H	M	C	P
0	0.01208	0.00838	0.01058	0.01019	0.01211	0.00811	0.00756	0.01692	0.09296	0.06445	0.44500	0.19567	0.05627	0.01567	0.00852	0.00245	0.00401	0.01388	0.00772	0.00748
1	0.79588	0.01406	0.01068	0.00956	0.01406	0.01631	0.00787	0.02137	0.01237	0.03261	0.01012	0.01181	0.00787	0.00675	0.00450	0.00225	0.00562	0.00394	0.00450	0.00787
2	0.00886	0.00633	0.00843	0.01012	0.01054	0.00590	0.00675	0.01012	0.01392	0.01856	0.04006	0.73979	0.04808	0.02277	0.00928	0.00295	0.00422	0.02066	0.00675	0.00590
3	0.11286	0.01759	0.03133	0.03270	0.30759	0.01805	0.25572	0.02207	0.01572	0.02404	0.01320	0.01761	0.01069	0.00701	0.00903	0.00238	0.08172	0.00692	0.00370	0.01009
4	0.01648	0.01413	0.02047	0.01700	0.02098	0.01473	0.15153	0.12937	0.19015	0.02842	0.09356	0.14942	0.02916	0.01258	0.00833	0.00257	0.00712	0.07815	0.00646	0.00939
5	0.01022	0.00790	0.01098	0.01386	0.09470	0.00749	0.00835	0.01195	0.01465	0.01967	0.08760	0.48245	0.09436	0.08648	0.01147	0.00314	0.00492	0.01700	0.00624	0.00654
6	0.01978	0.01429	0.01632	0.04743	0.01966	0.01567	0.01160	0.11283	0.36531	0.12380	0.06805	0.03262	0.05033	0.01088	0.00768	0.00245	0.00614	0.05706	0.00736	0.01073

[dist]
# distance from previous block
# <min> <max>
1	6

[block]
# block no. 11 follows, 28 sequences, length 32
# corresponding to MSA columns:
# 299-330
name=unknown_L
#
# <colnr> <probs for GDERKNQSTAVLIFYWHMCP>
#	G	D	E	R	K	N	Q	S	T	A	V	L	I	F	Y	W	H	M	C	P
0	0.08945	0.05759	0.01864	0.11687	0.06096	0.01535	0.03970	0.13099	0.01762	0.02562	0.06821	0.07097	0.01922	0.06301	0.04890	0.02896	0.05578	0.00792	0.03463	0.02958
1	0.01711	0.01780	0.02977	0.13694	0.06367	0.05542	0.27438	0.04596	0.01611	0.02200	0.01306	0.01783	0.01047	0.00774	0.01086	0.00239	0.15467	0.00695	0.00371	0.09315
2	0.04920	0.02269	0.02262	0.01945	0.05032	0.25542	0.09733	0.17007	0.02078	0.02564	0.01403	0.01718	0.01139	0.01341	0.09180	0.00327	0.06840	0.00613	0.00454	0.03634
3	0.00985	0.00734	0.00947	0.01012	0.01149	0.00652	0.00702	0.01159	0.01470	0.02026	0.09784	0.57563	0.04486	0.01964	0.00868	0.00263	0.00430	0.01771	0.00653	0.11384
4	0.58859	0.01473	0.01492	0.06346	0.12972	0.01667	0.01128	0.04418	0.01397	0.03068	0.01115	0.01353	0.00875	0.00681	0.00522	0.00224	0.00647	0.00461	0.00436	0.00864
5	0.01044	0.00703	0.00792	0.00798	0.00809	0.00698	0.00452	0.01055	0.01090	0.01445	0.02534	0.07152	0.05180	0.69371	0.03503	0.00674	0.00683	0.01108	0.00457	0.00452
6	0.02708	0.02008	0.02150	0.01661	0.02233	0.02228	0.01368	0.63789	0.07215	0.04491	0.01816	0.01802	0.01293	0.00879	0.00728	0.00220	0.00787	0.00664	0.00728	0.01231
7	0.01038	0.00779	0.01168	0.01168	0.01298	0.00909	0.00909	0.01298	0.01168	0.01687	0.01947	0.02856	0.01817	0.05452	0.71573	0.01168	0.01947	0.00779	0.00389	0.00649
8	0.03261	0.01237	0.01687	0.01293	0.01856	0.01068	0.01068	0.03543	0.02081	0.70423	0.02868	0.02474	0.01799	0.00900	0.00731	0.00225	0.00619	0.00731	0.00900	0.01237
9	0.01913	0.01431	0.01549	0.01390	0.01774	0.04092	0.01096	0.03298	0.43153	0.12794	0.10660	0.03391	0.02808	0.01107	0.00771	0.00246	0.00590	0.06130	0.00751	0.01058
10	0.01458	0.03760	0.70688	0.02072	0.03146	0.01688	0.02686	0.02302	0.01535	0.02302	0.01304	0.01535	0.00921	0.00691	0.00691	0.00230	0.01074	0.00537	0.00307	0.01074
11	0.03090	0.01404	0.01777	0.01374	0.01932	0.01330	0.01131	0.15508	0.05905	0.54502	0.02663	0.02351	0.01717	0.00899	0.00731	0.00225	0.00650	0.00722	0.00859	0.01232
12	0.01573	0.01524	0.02114	0.01819	0.01831	0.02114	0.01512	0.01745	0.01143	0.01819	0.01057	0.01672	0.01020	0.01241	0.02249	0.00307	0.67822	0.00639	0.06012	0.00787
13	0.79588	0.01406	0.01068	0.00956	0.01406	0.01631	0.00787	0.02137	0.01237	0.03261	0.01012	0.01181	0.00787	0.00675	0.00450	0.00225	0.00562	0.00394	0.00450	0.00787
14	0.00943	0.00660	0.00842	0.00954	0.00987	0.00638	0.00615	0.01037	0.01283	0.01716	0.03411	0.50449	0.04040	0.23838	0.04710	0.00453	0.00570	0.01713	0.00593	0.00548
15	0.01263	0.00631	0.00947	0.00947	0.00947	0.00631	0.00631	0.00947	0.00947	0.01263	0.01263	0.02210	0.01263	0.02525	0.02841	0.78851	0.00631	0.00631	0.00316	0.00316
16	0.01186	0.00903	0.00981	0.00922	0.01201	0.00844	0.00710	0.03493	0.09797	0.05910	0.15126	0.05903	0.45472	0.01615	0.00838	0.00244	0.00423	0.02979	0.00714	0.00740
17	0.00905	0.00647	0.00866	0.01035	0.01085	0.00607	0.00709	0.01046	0.01411	0.01878	0.03996	0.69465	0.04765	0.02259	0.00933	0.00298	0.00439	0.06388	0.00674	0.00596
18	0.01799	0.01727	0.02950	0.04462	0.69919	0.01727	0.02231	0.02231	0.01655	0.02375	0.01367	0.01799	0.01151	0.00648	0.00720	0.00216	0.00864	0.00648	0.00360	0.01151
19	0.68479	0.01436	0.01192	0.01031	0.01498	0.01630	0.00850	0.06730	0.01451	0.08488	0.01204	0.01318	0.00895	0.00706	0.00490	0.00224	0.00583	0.00437	0.00503	0.00852
20	0.01071	0.00826	0.01230	0.01211	0.01334	0.00985	0.00948	0.01324	0.01165	0.01691	0.01889	0.02782	0.01767	0.05208	0.67543	0.01119	0.06093	0.00771	0.00385	0.00658
21	0.02896	0.01277	0.01647	0.01290	0.01784	0.01188	0.01043	0.11924	0.02128	0.52160	0.02625	0.02617	0.01808	0.08428	0.03479	0.00305	0.00698	0.00755	0.00812	0.01137
22	0.01694	0.01327	0.01555	0.01123	0.01760	0.01043	0.00903	0.05403	0.01647	0.07156	0.01424	0.01586	0.01135	0.00581	0.00561	0.00122	0.00558	0.00463	0.00478	0.69481
23	0.00976	0.00735	0.00902	0.00872	0.01056	0.00661	0.00650	0.01265	0.01915	0.02604	0.49423	0.09531	0.23499	0.01623	0.00862	0.00237	0.00354	0.01414	0.00760	0.00661
24	0.01548	0.01267	0.01560	0.01833	0.12808	0.06627	0.01237	0.08396	0.01810	0.04714	0.03022	0.25026	0.03227	0.01609	0.00870	0.00276	0.00691	0.22052	0.00611	0.00817
25	0.15086	0.01573	0.01725	0.01371	0.01902	0.04178	0.01121	0.19443	0.07008	0.35813	0.02232	0.02059	0.01494	0.00858	0.00683	0.00223	0.00679	0.00655	0.00754	0.01145
26	0.01171	0.00837	0.01171	0.01339	0.01506	0.00837	0.01171	0.01506	0.01673	0.02175	0.03849	0.08199	0.04183	0.02008	0.01004	0.00335	0.00669	0.65027	0.00669	0.00669
27	0.01830	0.05701	0.02602	0.17086	0.31874	0.11161	0.04935	0.02387	0.07996	0.02217	0.01453	0.01810	0.01170	0.00702	0.00700	0.00214	0.00917	0.00627	0.00391	0.04229
28	0.01129	0.00877	0.01122	0.07803	0.01565	0.00868	0.00854	0.01556	0.08283	0.02276	0.16447	0.33030	0.07524	0.01597	0.00817	0.00247	0.00477	0.01417	0.04322	0.07788
29	0.01935	0.01344	0.01533	0.03291	0.01829	0.01470	0.01088	0.03309	0.42737	0.14995	0.05473	0.05996	0.02467	0.01077	0.00750	0.00244	0.00570	0.03893	0.04931	0.01068
30	0.07319	0.01705	0.02216	0.44986	0.06700	0.12369	0.04889	0.02067	0.01524	0.01983	0.01231	0.01755	0.00963	0.00761	0.00832	0.00238	0.06677	0.00610	0.00343	0.00833
31	0.06833	0.01911	0.01897	0.06444	0.02219	0.11251	0.01318	0.38183	0.02610	0.03448	0.01863	0.02581	0.01572	0.04106	0.02775	0.00275	0.00878	0.08217	0.00608	0.01012

[dist]
# distance from previous block
# <min> <max>
2	10

[block]
# block no. 12 follows, 28 sequences, length 6
# corresponding to MSA columns:
# 341-346
name=unknown_M
#
# <colnr> <probs for GDERKNQSTAVLIFYWHMCP>
#	G	D	E	R	K	N	Q	S	T	A	V	L	I	F	Y	W	H	M	C	P
