[name]
unknown

[dist]
# distance from previous block
# <min> <max>
0	0

[block]
# block no. 0 follows, 28 sequences, length 20
# corresponding to MSA columns:
# 0-19
name=unknown_A
#
# <colnr> <probs for GDERKNQSTAVLIFYWHMCP>
#	G	D	E	R	K	N	Q	S	T	A	V	L	I	F	Y	W	H	M	C	P
0	0.01171	0.00837	0.01171	0.01339	0.01506	0.00837	0.01171	0.01506	0.01673	0.02175	0.03849	0.08199	0.04183	0.02008	0.01004	0.00335	0.00669	0.65027	0.00669	0.00669
1	0.02763	0.02036	0.02182	0.01672	0.02254	0.02254	0.01382	0.67496	0.03418	0.04581	0.01745	0.01745	0.01236	0.00873	0.00727	0.00218	0.00800	0.00654	0.00727	0.01236
2	0.28877	0.01257	0.01388	0.01138	0.01600	0.01260	0.00928	0.05982	0.01858	0.33459	0.12775	0.02466	0.02230	0.00915	0.00655	0.00225	0.00565	0.00705	0.00722	0.00996
3	0.01373	0.01292	0.02180	0.72707	0.05006	0.01615	0.02019	0.01857	0.01453	0.01857	0.01292	0.01938	0.00969	0.00727	0.00727	0.00242	0.00969	0.00646	0.00323	0.00807
4	0.01027	0.00674	0.00908	0.01036	0.01112	0.00634	0.00709	0.01169	0.01418	0.05689	0.03833	0.66197	0.04480	0.02369	0.04667	0.00338	0.00514	0.01923	0.00672	0.00630
5	0.00995	0.00706	0.00940	0.01073	0.01156	0.00679	0.00790	0.01183	0.01486	0.01979	0.08839	0.42790	0.04559	0.09882	0.01241	0.00345	0.00516	0.19579	0.00658	0.00604
6	0.01790	0.01753	0.02821	0.12310	0.59366	0.04788	0.02170	0.02217	0.01649	0.02288	0.01348	0.01794	0.01121	0.00661	0.00718	0.00218	0.00896	0.00640	0.00356	0.01098
7	0.01776	0.01703	0.02908	0.08234	0.66332	0.01721	0.02219	0.02210	0.01644	0.02346	0.01363	0.01807	0.01141	0.00652	0.00720	0.00217	0.00869	0.00648	0.00358	0.01132
8	0.01111	0.00769	0.00951	0.00890	0.01102	0.00689	0.00673	0.01409	0.01955	0.06466	0.49730	0.05668	0.22784	0.01545	0.00851	0.00233	0.00365	0.01338	0.00773	0.00698
9	0.00901	0.00644	0.00857	0.01002	0.01058	0.00601	0.00676	0.01051	0.01463	0.01969	0.11035	0.66627	0.05028	0.02192	0.00920	0.00288	0.00413	0.01986	0.00688	0.00601
10	0.01960	0.02216	0.06541	0.03661	0.45766	0.16027	0.08692	0.02382	0.01738	0.02244	0.01325	0.01701	0.01090	0.00667	0.00719	0.00214	0.01003	0.00626	0.00361	0.01067
11	0.01484	0.03603	0.65456	0.02256	0.08303	0.01691	0.02651	0.02297	0.01544	0.02308	0.01309	0.01555	0.00939	0.00687	0.00693	0.00229	0.01058	0.00546	0.00311	0.01080
12	0.01671	0.01957	0.07332	0.05963	0.06668	0.01876	0.47544	0.02211	0.01597	0.02217	0.01368	0.01871	0.01066	0.00727	0.01077	0.00254	0.12501	0.00787	0.00354	0.00957
13	0.01515	0.03270	0.53433	0.02245	0.03179	0.01755	0.14634	0.02267	0.01538	0.02267	0.01310	0.01618	0.00957	0.00718	0.00843	0.00239	0.06251	0.00604	0.00319	0.01037
14	0.01806	0.06528	0.16765	0.02154	0.02811	0.01799	0.24595	0.05912	0.01674	0.07267	0.01429	0.01746	0.01089	0.00754	0.00976	0.00229	0.11714	0.00664	0.00410	0.09676
15	0.02024	0.01604	0.02613	0.02025	0.04133	0.03929	0.26145	0.10261	0.01904	0.15274	0.02047	0.09151	0.01721	0.06562	0.01009	0.00265	0.00883	0.00890	0.00552	0.07008
16	0.01811	0.05921	0.10513	0.06863	0.19456	0.07316	0.18844	0.02274	0.01650	0.05442	0.01463	0.03645	0.01187	0.00725	0.00791	0.00219	0.03782	0.00686	0.00390	0.07022
17	0.01529	0.01760	0.08425	0.09769	0.05155	0.05444	0.21142	0.02043	0.05415	0.02139	0.02059	0.14077	0.04029	0.01045	0.00957	0.00248	0.08306	0.00955	0.00439	0.05065
18	0.01600	0.01886	0.08981	0.06158	0.06720	0.01777	0.34789	0.02083	0.01533	0.02163	0.01468	0.05798	0.01257	0.00850	0.01129	0.00253	0.15737	0.00810	0.00370	0.04639
19	0.01583	0.05873	0.08326	0.05947	0.05874	0.07806	0.17133	0.04145	0.01713	0.02276	0.11201	0.11316	0.02342	0.01127	0.02630	0.00254	0.04052	0.00921	0.00470	0.05010

[dist]
# distance from previous block
# <min> <max>
6	23

[block]
# block no. 1 follows, 28 sequences, length 25
# corresponding to MSA columns:
# 43-67
name=unknown_B
#
# <colnr> <probs for GDERKNQSTAVLIFYWHMCP>
#	G	D	E	R	K	N	Q	S	T	A	V	L	I	F	Y	W	H	M	C	P
0	0.01929	0.22365	0.27718	0.04068	0.02584	0.07622	0.04060	0.14630	0.01936	0.02537	0.03277	0.01598	0.01165	0.00733	0.00646	0.00205	0.00941	0.00551	0.00410	0.01025
1	0.05325	0.09162	0.11109	0.06213	0.02345	0.01958	0.01484	0.32492	0.02380	0.06183	0.01683	0.06090	0.01351	0.00897	0.00768	0.00220	0.04230	0.00680	0.00564	0.04867
2	0.04500	0.08734	0.11263	0.01463	0.02134	0.05592	0.04114	0.14161	0.01893	0.02703	0.01340	0.01520	0.01055	0.00648	0.00604	0.00163	0.00755	0.00502	0.00453	0.36404
3	0.09029	0.19489	0.10060	0.01572	0.02211	0.05382	0.07296	0.14922	0.05747	0.02720	0.01392	0.01546	0.01091	0.00695	0.00613	0.00189	0.00809	0.00535	0.00457	0.14245
4	0.02000	0.04908	0.01836	0.01404	0.01835	0.01647	0.01135	0.29611	0.02303	0.05439	0.04877	0.14246	0.02039	0.01104	0.00875	0.00218	0.07412	0.00872	0.00614	0.15627
5	0.13954	0.01736	0.01741	0.05750	0.02085	0.07965	0.01166	0.23784	0.07287	0.09652	0.01974	0.02013	0.04774	0.00835	0.00659	0.00206	0.00726	0.00630	0.00600	0.12464
6	0.13919	0.01524	0.04797	0.04798	0.01985	0.01470	0.01150	0.13656	0.12155	0.17188	0.04300	0.06197	0.01776	0.00907	0.00677	0.00217	0.00642	0.00724	0.00644	0.11274
7	0.06443	0.06126	0.01994	0.21368	0.08826	0.01404	0.01378	0.02330	0.01627	0.18758	0.01647	0.01847	0.01203	0.00702	0.00644	0.00193	0.00724	0.00578	0.00501	0.21707
8	0.02451	0.01835	0.02063	0.01588	0.02163	0.04188	0.04296	0.39185	0.08935	0.09808	0.01848	0.01856	0.01335	0.00811	0.00700	0.00202	0.00754	0.00641	0.00664	0.14677
9	0.02241	0.01669	0.01943	0.01784	0.09574	0.01782	0.01270	0.39843	0.05471	0.05625	0.03927	0.04659	0.01741	0.10249	0.01106	0.00279	0.00742	0.00770	0.00642	0.04683
10	0.01197	0.01073	0.01551	0.13888	0.18489	0.01064	0.01228	0.01513	0.01673	0.02167	0.12761	0.04671	0.33304	0.01316	0.00802	0.00236	0.00588	0.01139	0.00554	0.00787
11	0.02715	0.03464	0.02060	0.01873	0.02247	0.71536	0.01404	0.02903	0.02060	0.01779	0.01124	0.01311	0.00936	0.00749	0.00655	0.00187	0.01311	0.00468	0.00375	0.00843
12	0.01463	0.01245	0.01460	0.01072	0.01675	0.00942	0.00848	0.01773	0.01499	0.02332	0.01484	0.06622	0.01340	0.00661	0.00566	0.00121	0.00530	0.00546	0.00448	0.73371
13	0.01057	0.00705	0.00793	0.00793	0.00793	0.00705	0.00440	0.01057	0.01057	0.01409	0.02290	0.04757	0.02643	0.74454	0.03700	0.00705	0.00705	0.01057	0.00440	0.00440
14	0.01904	0.66675	0.03632	0.01318	0.01870	0.02803	0.01283	0.02129	0.01436	0.01715	0.01004	0.01214	0.00935	0.00695	0.00682	0.00174	0.08887	0.00416	0.00312	0.00917
15	0.00884	0.00640	0.00836	0.00993	0.01049	0.00592	0.00666	0.01014	0.01410	0.01863	0.04243	0.69252	0.09382	0.02247	0.00923	0.00292	0.00418	0.02029	0.00675	0.00592
16	0.00886	0.00633	0.00843	0.01012	0.01054	0.00590	0.00675	0.01012	0.01392	0.01856	0.04006	0.73979	0.04808	0.02277	0.00928	0.00295	0.00422	0.02066	0.00675	0.00590
17	0.07375	0.16246	0.05146	0.01611	0.02043	0.43801	0.01322	0.02539	0.01814	0.01931	0.01404	0.01581	0.03748	0.00779	0.00653	0.00191	0.02842	0.00508	0.03619	0.00848
18	0.01905	0.57275	0.15877	0.01436	0.02124	0.07139	0.01517	0.02247	0.01526	0.01822	0.01071	0.01243	0.00931	0.00643	0.00520	0.00171	0.00866	0.00421	0.00314	0.00953
19	0.17818	0.28184	0.23355	0.01652	0.02368	0.02129	0.08808	0.02210	0.01460	0.02278	0.01148	0.01379	0.00918	0.00672	0.00630	0.00207	0.03001	0.00493	0.00345	0.00946
20	0.02010	0.60852	0.09588	0.01345	0.02002	0.02648	0.01372	0.06004	0.01622	0.05195	0.01167	0.01294	0.00990	0.00656	0.00514	0.00169	0.00798	0.00433	0.00362	0.00977
21	0.01935	0.32439	0.17381	0.01647	0.02305	0.06798	0.05362	0.11632	0.01795	0.02310	0.01253	0.01473	0.01022	0.00883	0.03287	0.00230	0.04041	0.00517	0.00384	0.03305
22	0.01981	0.45184	0.10163	0.01430	0.02064	0.04390	0.04558	0.02375	0.04072	0.09123	0.04275	0.01638	0.01337	0.00708	0.00572	0.00180	0.00794	0.00522	0.00419	0.04214
23	0.06034	0.22282	0.16971	0.01460	0.02111	0.01750	0.05346	0.04646	0.01589	0.02284	0.03983	0.08046	0.01541	0.00810	0.00619	0.00188	0.00755	0.00653	0.00416	0.18517
24	0.10298	0.28264	0.22341	0.01819	0.05706	0.06164	0.07090	0.06526	0.01656	0.02321	0.01204	0.01415	0.00958	0.00671	0.00601	0.00200	0.00912	0.00505	0.00363	0.00986

[dist]
# distance from previous block
# <min> <max>
16	40

[block]
# block no. 2 follows, 28 sequences, length 19
# corresponding to MSA columns:
# 108-126
name=unknown_C
#
# <colnr> <probs for GDERKNQSTAVLIFYWHMCP>
#	G	D	E	R	K	N	Q	S	T	A	V	L	I	F	Y	W	H	M	C	P
0	0.03972	0.09071	0.01813	0.03108	0.05661	0.10583	0.01110	0.05311	0.05707	0.16446	0.07899	0.15471	0.02435	0.01106	0.00718	0.00218	0.00687	0.00919	0.00610	0.07155
1	0.04018	0.19730	0.14022	0.01507	0.02111	0.11378	0.01433	0.07720	0.06731	0.09427	0.04348	0.01768	0.01398	0.00772	0.00672	0.00196	0.02723	0.00563	0.00481	0.09001
2	0.04009	0.01438	0.05555	0.01372	0.01771	0.04237	0.04089	0.05341	0.17616	0.14119	0.22478	0.06427	0.03455	0.01159	0.00782	0.00238	0.00610	0.03641	0.00712	0.00951
3	0.01298	0.00930	0.01420	0.01204	0.01458	0.00860	0.09106	0.01618	0.01867	0.08383	0.43126	0.07585	0.07291	0.09229	0.01156	0.00285	0.00521	0.01218	0.00706	0.00737
4	0.02142	0.01615	0.01776	0.01409	0.01896	0.01694	0.01136	0.40710	0.05497	0.03727	0.10349	0.06672	0.05060	0.01028	0.00734	0.00211	0.00657	0.00830	0.00689	0.12167
5	0.01858	0.01452	0.01923	0.03290	0.02092	0.01535	0.09813	0.09739	0.30121	0.09544	0.07957	0.10324	0.02510	0.01075	0.00776	0.00241	0.00662	0.00957	0.00683	0.03445
6	0.02616	0.01926	0.02076	0.01621	0.02160	0.02123	0.01326	0.62266	0.03258	0.04367	0.01923	0.07427	0.01517	0.00983	0.00743	0.00224	0.00770	0.00766	0.00723	0.01185
7	0.02429	0.19370	0.02585	0.02035	0.10716	0.39454	0.01470	0.09743	0.02025	0.02146	0.01197	0.01387	0.00996	0.00721	0.00628	0.00187	0.01077	0.00493	0.00397	0.00945
8	0.02130	0.01921	0.02348	0.03984	0.06282	0.15119	0.12904	0.09401	0.01934	0.11416	0.06878	0.02050	0.01608	0.00852	0.00931	0.00220	0.09773	0.00690	0.00511	0.09048
9	0.01799	0.01727	0.02950	0.04462	0.69919	0.01727	0.02231	0.02231	0.01655	0.02375	0.01367	0.01799	0.01151	0.00648	0.00720	0.00216	0.00864	0.00648	0.00360	0.01151
10	0.02229	0.01682	0.01823	0.01475	0.01939	0.01830	0.01174	0.42075	0.13180	0.03701	0.02152	0.08513	0.01811	0.06961	0.00976	0.00262	0.00707	0.00824	0.00683	0.06005
11	0.01772	0.01700	0.02902	0.08771	0.65821	0.01720	0.02217	0.02207	0.01642	0.02342	0.01363	0.01808	0.01140	0.00653	0.00720	0.00218	0.00870	0.00648	0.00357	0.01130
12	0.01675	0.01596	0.02658	0.03970	0.60826	0.01580	0.02009	0.02074	0.01655	0.02321	0.02158	0.02485	0.10184	0.00805	0.00738	0.00220	0.00798	0.00765	0.00401	0.01080
13	0.01920	0.01956	0.02833	0.04120	0.60993	0.10935	0.02122	0.02319	0.01709	0.02296	0.01335	0.01735	0.01123	0.00661	0.00711	0.00212	0.00923	0.00624	0.00362	0.01111
14	0.01920	0.01956	0.02833	0.04120	0.60993	0.10935	0.02122	0.02319	0.01709	0.02296	0.01335	0.01735	0.01123	0.00661	0.00711	0.00212	0.00923	0.00624	0.00362	0.01111
15	0.01837	0.01816	0.02968	0.04284	0.63992	0.04909	0.04994	0.02266	0.01676	0.02346	0.01361	0.01784	0.01140	0.00651	0.00723	0.00216	0.00899	0.00649	0.00361	0.01130
16	0.01871	0.01864	0.02880	0.04258	0.64596	0.07218	0.02166	0.02284	0.01687	0.02328	0.01348	0.01761	0.01134	0.00656	0.00715	0.00214	0.00899	0.00634	0.00361	0.01127
17	0.01857	0.01893	0.02720	0.14121	0.51480	0.10919	0.02091	0.02265	0.01679	0.02220	0.01324	0.01755	0.01096	0.00673	0.00712	0.00216	0.00938	0.00624	0.00356	0.01060
18	0.16127	0.02560	0.17695	0.02111	0.13528	0.19277	0.01683	0.08230	0.05313	0.02587	0.01525	0.01704	0.03115	0.00762	0.00654	0.00216	0.00934	0.00568	0.00430	0.00981

[dist]
# distance from previous block
# <min> <max>
2	8

[block]
# block no. 3 follows, 28 sequences, length 22
# corresponding to MSA columns:
# 135-156
name=unknown_D
#
# <colnr> <probs for GDERKNQSTAVLIFYWHMCP>
#	G	D	E	R	K	N	Q	S	T	A	V	L	I	F	Y	W	H	M	C	P
0	0.09043	0.02091	0.01768	0.05251	0.02084	0.24538	0.01220	0.16480	0.05686	0.11043	0.03618	0.10309	0.01767	0.00997	0.00708	0.00222	0.00866	0.00771	0.00584	0.00951
1	0.02141	0.13974	0.06032	0.01553	0.07196	0.01543	0.01242	0.04738	0.12107	0.23803	0.10530	0.02885	0.05205	0.00978	0.00713	0.00221	0.00648	0.02783	0.00663	0.01045
2	0.04479	0.11891	0.07154	0.07661	0.16038	0.09520	0.01506	0.04355	0.05971	0.05698	0.03571	0.02255	0.05361	0.00823	0.00669	0.00204	0.00801	0.02390	0.00459	0.09192
3	0.11101	0.13276	0.02638	0.04960	0.39748	0.06082	0.01729	0.02213	0.01607	0.04038	0.01607	0.01891	0.04688	0.00725	0.00651	0.00208	0.00812	0.00614	0.00393	0.01019
4	0.08549	0.08669	0.01964	0.04181	0.11662	0.11757	0.01255	0.05827	0.04387	0.10467	0.13066	0.06134	0.02324	0.00962	0.00746	0.00216	0.02996	0.00771	0.00553	0.03512
5	0.05845	0.11707	0.31017	0.01962	0.11688	0.01667	0.01844	0.05839	0.01694	0.02432	0.07549	0.02478	0.09545	0.00886	0.00688	0.00219	0.00820	0.00713	0.00431	0.00975
6	0.01864	0.07088	0.10491	0.02783	0.30651	0.07598	0.01791	0.08743	0.09095	0.02500	0.01873	0.02183	0.04706	0.00864	0.00775	0.02645	0.00846	0.02007	0.00450	0.01047
7	0.02009	0.06062	0.07466	0.01512	0.02092	0.01724	0.04510	0.27902	0.07518	0.03176	0.01757	0.04751	0.01443	0.04808	0.00839	0.00221	0.00739	0.00676	0.00562	0.20231
8	0.07972	0.00842	0.01034	0.01038	0.01198	0.00826	0.00737	0.04292	0.01505	0.10125	0.06622	0.38551	0.03483	0.07912	0.01302	0.09325	0.00516	0.01417	0.00631	0.00672
9	0.02102	0.54244	0.07048	0.01411	0.02025	0.10619	0.01357	0.09964	0.01776	0.02089	0.01126	0.01271	0.00968	0.00670	0.00531	0.00171	0.00857	0.00437	0.00367	0.00966
10	0.01507	0.02118	0.30766	0.01648	0.04819	0.01219	0.01683	0.02022	0.01625	0.10717	0.11662	0.11428	0.02558	0.01622	0.09112	0.00350	0.00917	0.02788	0.00518	0.00921
11	0.01654	0.07561	0.01705	0.01563	0.09592	0.03745	0.01097	0.09582	0.11878	0.06517	0.09273	0.07647	0.19977	0.01266	0.00772	0.00233	0.00602	0.03793	0.00636	0.00907
12	0.00931	0.00666	0.00893	0.01042	0.01110	0.00628	0.00734	0.01101	0.01481	0.01983	0.09533	0.60427	0.04908	0.02179	0.00931	0.00294	0.00444	0.09423	0.00685	0.00608
13	0.01668	0.07822	0.53261	0.02157	0.08084	0.01832	0.02407	0.09972	0.01762	0.02539	0.01343	0.01557	0.00976	0.00704	0.00683	0.00223	0.01007	0.00550	0.00361	0.01090
14	0.02363	0.10891	0.08220	0.01778	0.02342	0.19912	0.08961	0.10396	0.11919	0.13440	0.01790	0.01832	0.01317	0.00787	0.00692	0.00212	0.00939	0.00626	0.00540	0.01043
15	0.00943	0.00669	0.00882	0.01023	0.01081	0.00635	0.00709	0.01089	0.01416	0.01888	0.06404	0.56140	0.04585	0.09898	0.01229	0.00341	0.00478	0.09349	0.00654	0.00588
16	0.06707	0.01803	0.01913	0.01536	0.02027	0.03780	0.01248	0.47811	0.05723	0.06193	0.01928	0.06069	0.01522	0.01334	0.06717	0.00304	0.00860	0.00738	0.00677	0.01110
17	0.01121	0.00734	0.00927	0.01003	0.01149	0.00670	0.00730	0.01293	0.01531	0.07703	0.04589	0.42310	0.19130	0.04784	0.01010	0.00298	0.00466	0.09214	0.00684	0.00654
18	0.10594	0.29955	0.08337	0.01577	0.05919	0.13184	0.01334	0.02133	0.01478	0.01953	0.01221	0.01719	0.01132	0.09411	0.01072	0.00257	0.06981	0.00530	0.00355	0.00857
19	0.13660	0.09705	0.01610	0.01136	0.01554	0.05101	0.00933	0.05288	0.01891	0.22645	0.17663	0.03227	0.10578	0.01067	0.00698	0.00218	0.00583	0.00848	0.00680	0.00917
20	0.02154	0.17180	0.14900	0.01887	0.06230	0.24175	0.01648	0.10797	0.01903	0.02272	0.01219	0.01437	0.00990	0.00761	0.00780	0.00203	0.07122	0.00512	0.00391	0.03439
21	0.07122	0.02390	0.15941	0.01690	0.02354	0.06067	0.01583	0.43076	0.02723	0.03759	0.01551	0.01630	0.01119	0.00799	0.00689	0.00213	0.00857	0.00592	0.00589	0.05254

[dist]
# distance from previous block
# <min> <max>
11	29

[block]
# block no. 4 follows, 28 sequences, length 35
# corresponding to MSA columns:
# 187-221
name=unknown_E
#
# <colnr> <probs for GDERKNQSTAVLIFYWHMCP>
#	G	D	E	R	K	N	Q	S	T	A	V	L	I	F	Y	W	H	M	C	P
0	0.06676	0.01670	0.02735	0.06697	0.59934	0.01681	0.02068	0.02192	0.01614	0.02411	0.01339	0.01752	0.01118	0.00647	0.00694	0.00212	0.00833	0.00621	0.00367	0.04738
1	0.05850	0.01794	0.06435	0.02309	0.05114	0.01654	0.32152	0.05574	0.01791	0.18584	0.01733	0.01962	0.01239	0.00752	0.00901	0.00237	0.06804	0.00739	0.00510	0.03868
2	0.01773	0.01309	0.01699	0.01407	0.01731	0.01432	0.07461	0.21959	0.02037	0.02981	0.02019	0.06760	0.01699	0.01565	0.10168	0.00344	0.06880	0.00786	0.25112	0.00880
3	0.02190	0.04693	0.05097	0.01630	0.06125	0.01667	0.01292	0.21202	0.17370	0.14214	0.06361	0.02726	0.03535	0.00975	0.00735	0.00226	0.00681	0.04211	0.00686	0.04382
4	0.01769	0.01446	0.01774	0.17073	0.02526	0.01512	0.01265	0.18157	0.11743	0.02932	0.07980	0.04102	0.01887	0.00860	0.00695	0.00201	0.00682	0.00714	0.00565	0.22118
5	0.02366	0.01812	0.01891	0.01501	0.01968	0.05233	0.01198	0.48268	0.02805	0.03734	0.01784	0.02207	0.01448	0.11729	0.04841	0.00331	0.00858	0.00700	0.00637	0.04690
6	0.00989	0.00764	0.00905	0.00876	0.01076	0.00696	0.00654	0.01325	0.04294	0.02522	0.41322	0.09591	0.29053	0.01638	0.00858	0.00239	0.00365	0.01416	0.00746	0.00672
7	0.00892	0.00639	0.00857	0.01019	0.01065	0.00604	0.00685	0.01024	0.01382	0.01849	0.03920	0.70987	0.04682	0.02411	0.03901	0.00332	0.00486	0.02012	0.00663	0.00593
8	0.01640	0.02409	0.22307	0.04655	0.09023	0.01793	0.40760	0.02285	0.01638	0.02297	0.01398	0.01820	0.01049	0.00658	0.00838	0.00241	0.03090	0.00741	0.00348	0.01011
9	0.00990	0.00742	0.00918	0.00874	0.01062	0.00669	0.00655	0.01296	0.01966	0.02697	0.55296	0.05788	0.21235	0.01567	0.00858	0.00232	0.00349	0.01365	0.00772	0.00669
10	0.01903	0.59673	0.14663	0.01411	0.02094	0.06124	0.01488	0.02234	0.01516	0.01810	0.01064	0.01234	0.00931	0.00640	0.00513	0.00169	0.00853	0.00417	0.00313	0.00951
11	0.01580	0.01363	0.01680	0.01206	0.01853	0.01077	0.04217	0.05132	0.01613	0.02477	0.01324	0.01542	0.01086	0.00559	0.00564	0.00120	0.00586	0.00463	0.00442	0.71116
12	0.01779	0.01706	0.02913	0.07745	0.66796	0.01722	0.02221	0.02213	0.01645	0.02350	0.01364	0.01806	0.01143	0.00651	0.00720	0.00217	0.00869	0.00648	0.00358	0.01135
13	0.01083	0.00788	0.01089	0.01094	0.01190	0.00887	0.00819	0.01284	0.01202	0.01721	0.02219	0.06863	0.02254	0.19869	0.42265	0.00885	0.04402	0.04941	0.04534	0.00609
14	0.00886	0.00633	0.00843	0.01012	0.01054	0.00590	0.00675	0.01012	0.01392	0.01856	0.04006	0.73979	0.04808	0.02277	0.00928	0.00295	0.00422	0.02066	0.00675	0.00590
15	0.02723	0.03230	0.02080	0.01840	0.02248	0.60167	0.01401	0.13502	0.02283	0.02239	0.01226	0.01382	0.00986	0.00769	0.00667	0.00192	0.01227	0.00499	0.00432	0.00907
16	0.02443	0.01062	0.01427	0.01186	0.01602	0.00923	0.00936	0.02697	0.01896	0.45596	0.09076	0.18472	0.02884	0.01238	0.00776	0.00235	0.00546	0.01063	0.00816	0.05127
17	0.05720	0.10380	0.60588	0.01933	0.02931	0.01798	0.02446	0.02281	0.01513	0.02298	0.01261	0.01481	0.00915	0.00683	0.00656	0.00223	0.01018	0.00515	0.00315	0.01045
18	0.02479	0.03050	0.01935	0.01778	0.02130	0.59307	0.01347	0.02796	0.06184	0.01873	0.01426	0.01838	0.01233	0.01113	0.04982	0.00258	0.01271	0.03746	0.00413	0.00842
19	0.01458	0.03760	0.70688	0.02072	0.03146	0.01688	0.02686	0.02302	0.01535	0.02302	0.01304	0.01535	0.00921	0.00691	0.00691	0.00230	0.01074	0.00537	0.00307	0.01074
20	0.00906	0.00647	0.00866	0.01035	0.01086	0.00608	0.00709	0.01047	0.01411	0.01878	0.03995	0.69379	0.04764	0.02258	0.00933	0.00298	0.00439	0.06470	0.00674	0.00596
21	0.01385	0.01303	0.02180	0.64392	0.09896	0.01582	0.01974	0.01852	0.01478	0.01902	0.01551	0.02138	0.03843	0.00767	0.00732	0.00240	0.00936	0.00683	0.00341	0.00826
22	0.01373	0.01292	0.02180	0.72707	0.05006	0.01615	0.02019	0.01857	0.01453	0.01857	0.01292	0.01938	0.00969	0.00727	0.00727	0.00242	0.00969	0.00646	0.00323	0.00807
23	0.00952	0.00790	0.00846	0.00854	0.01095	0.00703	0.00663	0.01256	0.05020	0.02092	0.09970	0.06843	0.55223	0.01800	0.00870	0.00255	0.00413	0.09020	0.00684	0.00651
24	0.01053	0.00721	0.00876	0.00876	0.00904	0.00750	0.00544	0.01110	0.01082	0.01471	0.02215	0.04337	0.02461	0.59225	0.18680	0.00807	0.00979	0.00996	0.00429	0.00486
25	0.79588	0.01406	0.01068	0.00956	0.01406	0.01631	0.00787	0.02137	0.01237	0.03261	0.01012	0.01181	0.00787	0.00675	0.00450	0.00225	0.00562	0.00394	0.00450	0.00787
26	0.02790	0.01993	0.02155	0.01652	0.02233	0.02190	0.01365	0.64045	0.03346	0.08134	0.01806	0.01785	0.01267	0.00874	0.00727	0.00219	0.00790	0.00659	0.00736	0.01236
27	0.01774	0.01702	0.02905	0.08466	0.66111	0.01721	0.02218	0.02209	0.01643	0.02344	0.01363	0.01807	0.01141	0.00652	0.00720	0.00217	0.00870	0.00648	0.00358	0.01131
28	0.01332	0.00810	0.01069	0.00966	0.01190	0.00738	0.00738	0.01667	0.02061	0.12083	0.60482	0.05028	0.06172	0.01406	0.00840	0.00228	0.00380	0.01235	0.00814	0.00761
29	0.01040	0.00750	0.00991	0.00975	0.01139	0.00701	0.00749	0.01371	0.01972	0.02763	0.57493	0.09370	0.06400	0.01596	0.00880	0.00246	0.00390	0.09719	0.00776	0.00679
30	0.01946	0.01934	0.02522	0.21269	0.34671	0.13212	0.01947	0.09440	0.01864	0.02387	0.01350	0.01749	0.01079	0.00709	0.00712	0.00218	0.00957	0.00619	0.00393	0.01022
31	0.02763	0.02036	0.02182	0.01672	0.02254	0.02254	0.01382	0.67496	0.03418	0.04581	0.01745	0.01745	0.01236	0.00873	0.00727	0.00218	0.00800	0.00654	0.00727	0.01236
32	0.01031	0.00697	0.00818	0.00843	0.00855	0.00697	0.00497	0.01062	0.01112	0.01488	0.02528	0.14911	0.02925	0.60561	0.06450	0.00666	0.00721	0.01193	0.00473	0.00472
33	0.06386	0.03611	0.66296	0.02001	0.03036	0.01685	0.02566	0.02292	0.01516	0.02363	0.01286	0.01512	0.00912	0.00690	0.00675	0.00230	0.01042	0.00528	0.00316	0.01056
34	0.02127	0.01868	0.02480	0.15512	0.29726	0.06235	0.01836	0.25711	0.02279	0.03040	0.01475	0.01774	0.01136	0.00749	0.00720	0.00220	0.00887	0.00639	0.00486	0.01101

[dist]
# distance from previous block
# <min> <max>
15	21

[block]
# block no. 5 follows, 28 sequences, length 116
# corresponding to MSA columns:
# 243-358
name=unknown_F
#
# <colnr> <probs for GDERKNQSTAVLIFYWHMCP>
#	G	D	E	R	K	N	Q	S	T	A	V	L	I	F	Y	W	H	M	C	P
0	0.09908	0.01856	0.01792	0.04710	0.02032	0.13543	0.01221	0.23726	0.04684	0.09244	0.10543	0.02343	0.03927	0.00969	0.00832	0.00226	0.06130	0.00719	0.00615	0.00981
1	0.01462	0.01426	0.02197	0.01847	0.01972	0.01824	0.09622	0.01704	0.01261	0.01883	0.05265	0.04395	0.01579	0.01907	0.13190	0.00440	0.46098	0.00772	0.00375	0.00782
2	0.02036	0.02142	0.01933	0.01692	0.01938	0.25098	0.01338	0.11095	0.04799	0.02284	0.05633	0.05367	0.04751	0.01116	0.01283	0.00248	0.25174	0.00738	0.00472	0.00863
3	0.01447	0.01231	0.01523	0.01345	0.01555	0.01413	0.01069	0.07578	0.05944	0.03775	0.03307	0.14706	0.18730	0.01455	0.01333	0.00264	0.24771	0.01089	0.00551	0.06914
4	0.01492	0.01387	0.02187	0.53291	0.12252	0.01659	0.01907	0.02219	0.12112	0.02106	0.01565	0.02044	0.01189	0.00758	0.00728	0.00240	0.00894	0.00674	0.00393	0.00903
5	0.01799	0.01727	0.02950	0.04462	0.69919	0.01727	0.02231	0.02231	0.01655	0.02375	0.01367	0.01799	0.01151	0.00648	0.00720	0.00216	0.00864	0.00648	0.00360	0.01151
6	0.01881	0.01551	0.01645	0.01447	0.01860	0.01770	0.01134	0.12074	0.54258	0.03225	0.05796	0.02707	0.02285	0.00988	0.00734	0.00239	0.00585	0.00816	0.03882	0.01122
7	0.00951	0.00742	0.00860	0.00844	0.01040	0.00666	0.00631	0.01191	0.01747	0.02274	0.29459	0.06141	0.37537	0.06105	0.04277	0.00311	0.00461	0.03436	0.00694	0.00633
8	0.00891	0.00646	0.00844	0.01000	0.01060	0.00598	0.00678	0.01027	0.01419	0.01872	0.04257	0.67216	0.09710	0.02237	0.00925	0.00292	0.00424	0.03635	0.00675	0.00594
9	0.00990	0.00742	0.00918	0.00874	0.01062	0.00669	0.00656	0.01297	0.01967	0.02699	0.55404	0.05786	0.21126	0.01567	0.00858	0.00232	0.00349	0.01364	0.00772	0.00669
10	0.02307	0.01748	0.01858	0.01514	0.01999	0.01955	0.01222	0.39692	0.25442	0.03882	0.02217	0.02164	0.01629	0.00909	0.00711	0.00223	0.00680	0.00714	0.07980	0.01155
11	0.01538	0.01301	0.01513	0.01099	0.01723	0.01009	0.00876	0.04457	0.01581	0.02442	0.01398	0.03851	0.01203	0.00608	0.00559	0.00118	0.00545	0.00492	0.00451	0.73238
12	0.02103	0.01526	0.01813	0.01715	0.08040	0.01624	0.01247	0.36919	0.02552	0.06497	0.02491	0.21004	0.02381	0.01295	0.00797	0.00246	0.00690	0.05353	0.00684	0.01022
13	0.01709	0.30575	0.39498	0.01791	0.02648	0.05313	0.04787	0.02283	0.01544	0.02056	0.01192	0.01403	0.00934	0.00664	0.00611	0.00201	0.00979	0.00491	0.00314	0.01006
14	0.01843	0.01997	0.02125	0.01855	0.01965	0.18270	0.01504	0.02098	0.04398	0.01813	0.01119	0.01620	0.01037	0.01281	0.04281	0.00314	0.50701	0.00610	0.00353	0.00817
15	0.01263	0.00631	0.00947	0.00947	0.00947	0.00631	0.00631	0.00947	0.00947	0.01263	0.01263	0.02210	0.01263	0.02525	0.02841	0.78851	0.00631	0.00631	0.00316	0.00316
16	0.01707	0.01299	0.01522	0.01156	0.01716	0.01086	0.00916	0.09764	0.01764	0.07344	0.01781	0.10258	0.01592	0.00812	0.00621	0.00152	0.00562	0.00674	0.00528	0.54747
17	0.01405	0.01319	0.02198	0.65215	0.08892	0.01593	0.01979	0.01879	0.01468	0.01913	0.01297	0.01910	0.00985	0.00713	0.00718	0.00235	0.00943	0.00636	0.00330	0.04372
18	0.01274	0.00637	0.00915	0.00915	0.00935	0.00637	0.00617	0.01036	0.01016	0.01435	0.01395	0.02269	0.01334	0.02325	0.02562	0.69455	0.00596	0.00637	0.09651	0.00359
19	0.01943	0.74891	0.03809	0.01244	0.01866	0.02876	0.01244	0.02177	0.01477	0.01710	0.01011	0.01166	0.00933	0.00622	0.00466	0.00155	0.00777	0.00389	0.00311	0.00933
20	0.49193	0.10172	0.01659	0.12404	0.02096	0.01753	0.01080	0.04451	0.01442	0.08268	0.01230	0.01422	0.00930	0.00701	0.00528	0.00219	0.00665	0.00469	0.00459	0.00859
21	0.02792	0.01990	0.02153	0.01650	0.02231	0.02185	0.01363	0.63777	0.03340	0.08410	0.01810	0.01788	0.01269	0.00874	0.00727	0.00219	0.00789	0.00659	0.00737	0.01236
22	0.00947	0.00663	0.00849	0.00974	0.01013	0.00634	0.00643	0.01052	0.01322	0.01759	0.03554	0.52260	0.04212	0.20920	0.01649	0.00403	0.00509	0.05467	0.00614	0.00556
23	0.02781	0.02086	0.02154	0.01668	0.02237	0.06233	0.01370	0.61062	0.03283	0.07175	0.01756	0.01750	0.01242	0.00867	0.00723	0.00217	0.00822	0.00647	0.00714	0.01213
24	0.01171	0.00837	0.01171	0.01339	0.01506	0.00837	0.01171	0.01506	0.01673	0.02175	0.03849	0.08199	0.04183	0.02008	0.01004	0.00335	0.00669	0.65027	0.00669	0.00669
25	0.01461	0.06211	0.61582	0.02011	0.03003	0.01681	0.04965	0.02244	0.01570	0.02316	0.05267	0.01763	0.01273	0.00731	0.00698	0.00228	0.01026	0.00589	0.00338	0.01043
26	0.01001	0.00690	0.00846	0.00895	0.00926	0.00684	0.00561	0.01076	0.01214	0.01636	0.05778	0.26063	0.03435	0.43473	0.08031	0.00593	0.00698	0.01359	0.00525	0.00514
27	0.00902	0.00651	0.00855	0.00989	0.01055	0.00603	0.00671	0.01058	0.01486	0.01993	0.12345	0.62692	0.07683	0.02161	0.00916	0.00285	0.00410	0.01951	0.00690	0.00603
28	0.01472	0.03533	0.63527	0.02055	0.03017	0.01744	0.02571	0.02244	0.01491	0.02244	0.01268	0.01541	0.00924	0.00751	0.00868	0.00239	0.08610	0.00547	0.00308	0.01045
29	0.01939	0.01575	0.01636	0.01439	0.01843	0.04725	0.01132	0.14291	0.40449	0.06109	0.06029	0.05696	0.05419	0.01100	0.00761	0.00242	0.00625	0.03195	0.00723	0.01071
30	0.01712	0.01598	0.02622	0.22597	0.45252	0.01677	0.02054	0.05137	0.01674	0.02337	0.01360	0.01817	0.01102	0.00673	0.00711	0.00217	0.00870	0.00635	0.00371	0.05583
31	0.02126	0.52632	0.06451	0.01449	0.02026	0.21042	0.01353	0.02375	0.01634	0.01756	0.01054	0.01222	0.00933	0.00659	0.00527	0.00167	0.00933	0.00417	0.00328	0.00915
32	0.73957	0.01495	0.01146	0.01024	0.01456	0.04474	0.00838	0.02155	0.01266	0.03153	0.01015	0.01199	0.00799	0.00697	0.00521	0.00226	0.02942	0.00404	0.00443	0.00790
33	0.01228	0.01100	0.01155	0.01152	0.01319	0.10096	0.00868	0.01456	0.01432	0.01855	0.05663	0.13561	0.10835	0.03554	0.37093	0.00714	0.01307	0.01037	0.03910	0.00664
34	0.02201	0.02439	0.02007	0.01768	0.02030	0.34796	0.01390	0.08487	0.04754	0.02111	0.01299	0.01631	0.01107	0.01205	0.05306	0.00289	0.22838	0.00576	0.02905	0.00862
35	0.01216	0.09793	0.01605	0.01257	0.01426	0.01302	0.01018	0.01452	0.01195	0.01689	0.01723	0.02557	0.01631	0.06560	0.52293	0.00926	0.10568	0.00723	0.00373	0.00695
36	0.01048	0.00706	0.00817	0.00824	0.00834	0.00712	0.00478	0.01069	0.01078	0.01445	0.02347	0.07718	0.02691	0.67239	0.07524	0.00714	0.00764	0.01086	0.00448	0.00459
37	0.01391	0.01310	0.02212	0.69849	0.07724	0.01620	0.02028	0.01873	0.01462	0.01879	0.01295	0.01932	0.00977	0.00723	0.00726	0.00241	0.00965	0.00646	0.00325	0.00822
38	0.01039	0.00777	0.01158	0.01158	0.01284	0.00903	0.00895	0.01291	0.01165	0.01680	0.01957	0.02910	0.01841	0.07406	0.69651	0.01155	0.01912	0.00787	0.00391	0.00643
39	0.01349	0.00972	0.01178	0.01075	0.01327	0.00983	0.00822	0.02107	0.18353	0.06845	0.49384	0.04594	0.05430	0.01330	0.00821	0.00233	0.00416	0.01160	0.00791	0.00831
40	0.01563	0.01554	0.02267	0.01903	0.01987	0.02070	0.05761	0.01764	0.01173	0.01810	0.01060	0.01684	0.01019	0.01440	0.06229	0.00354	0.61155	0.00650	0.00330	0.04227
41	0.02464	0.01838	0.01979	0.01572	0.02084	0.02028	0.01277	0.54108	0.09336	0.04136	0.02215	0.07795	0.03739	0.01026	0.00749	0.00228	0.00735	0.00811	0.00723	0.01157
42	0.02363	0.01742	0.01921	0.01468	0.02042	0.01788	0.01198	0.44359	0.02762	0.06527	0.01769	0.04916	0.01375	0.00846	0.00686	0.00192	0.00706	0.00660	0.00652	0.22026
43	0.02704	0.01912	0.02078	0.01617	0.02179	0.02098	0.01328	0.54781	0.10391	0.10374	0.01979	0.01916	0.01394	0.00887	0.00729	0.00222	0.00759	0.00680	0.00744	0.01227
44	0.01038	0.00779	0.01168	0.01168	0.01298	0.00909	0.00909	0.01298	0.01168	0.01687	0.01947	0.02856	0.01817	0.05452	0.71573	0.01168	0.01947	0.00779	0.00389	0.00649
45	0.07608	0.12720	0.13284	0.09263	0.04855	0.04385	0.01672	0.23855	0.02347	0.06085	0.04751	0.02167	0.01601	0.00974	0.00783	0.00264	0.00917	0.00690	0.00607	0.01173
46	0.01660	0.01964	0.07069	0.02861	0.03539	0.01799	0.57568	0.02236	0.01658	0.02273	0.01544	0.05081	0.01249	0.00728	0.00942	0.00251	0.05364	0.00883	0.00375	0.00957
47	0.05709	0.01338	0.01726	0.01327	0.01888	0.01228	0.01097	0.11134	0.02213	0.60354	0.02673	0.02345	0.01699	0.00889	0.00721	0.00224	0.00638	0.00711	0.00864	0.01222
48	0.01716	0.01961	0.04289	0.03064	0.03799	0.01838	0.67279	0.02328	0.01716	0.02328	0.01471	0.01961	0.01103	0.00613	0.00858	0.00245	0.01225	0.00858	0.00368	0.00980
49	0.01619	0.01527	0.04451	0.47127	0.15164	0.01691	0.01940	0.10886	0.01765	0.02333	0.01563	0.02039	0.03257	0.00769	0.00729	0.00234	0.00912	0.00673	0.00395	0.00925
50	0.06165	0.01438	0.05009	0.01415	0.02005	0.01221	0.04057	0.07027	0.02081	0.57796	0.02595	0.02314	0.01655	0.00867	0.00723	0.00226	0.00674	0.00710	0.00821	0.01200
51	0.01057	0.00705	0.00793	0.00793	0.00793	0.00705	0.00440	0.01057	0.01057	0.01409	0.02290	0.04757	0.02643	0.74454	0.03700	0.00705	0.00705	0.01057	0.00440	0.00440
52	0.01488	0.03454	0.60107	0.04411	0.03287	0.01705	0.10870	0.02291	0.01555	0.02291	0.01325	0.01601	0.00945	0.00682	0.00713	0.00232	0.01090	0.00581	0.00315	0.01054
53	0.09037	0.01456	0.01766	0.01365	0.01923	0.01417	0.01127	0.19907	0.02360	0.48269	0.02435	0.02186	0.01576	0.00875	0.00708	0.00223	0.00661	0.00685	0.00820	0.01202
54	0.03261	0.01237	0.01687	0.01293	0.01856	0.01068	0.01068	0.03543	0.02081	0.70423	0.02868	0.02474	0.01799	0.00900	0.00731	0.00225	0.00619	0.00731	0.00900	0.01237
55	0.01756	0.01773	0.03293	0.07203	0.48284	0.01753	0.20572	0.02241	0.01663	0.02338	0.01393	0.01851	0.01129	0.00641	0.00759	0.00225	0.00971	0.00707	0.00360	0.01087
56	0.03165	0.01442	0.01776	0.01373	0.01931	0.03917	0.01128	0.13186	0.02282	0.57870	0.02632	0.02320	0.01682	0.00890	0.00728	0.00222	0.00672	0.00709	0.00854	0.01222
57	0.01051	0.00858	0.00921	0.00892	0.01145	0.00795	0.00682	0.04236	0.06913	0.02285	0.14288	0.08828	0.48397	0.01712	0.00853	0.00248	0.00415	0.04092	0.00698	0.00693
58	0.01725	0.01814	0.02207	0.01904	0.01949	0.10503	0.01568	0.01887	0.01226	0.01753	0.00974	0.01557	0.00952	0.01210	0.02179	0.00302	0.64548	0.00616	0.00325	0.00801
59	0.01943	0.74891	0.03809	0.01244	0.01866	0.02876	0.01244	0.02177	0.01477	0.01710	0.01011	0.01166	0.00933	0.00622	0.00466	0.00155	0.00777	0.00389	0.00311	0.00933
60	0.00910	0.00662	0.00817	0.00929	0.00998	0.00614	0.00615	0.01025	0.01379	0.01798	0.04272	0.51133	0.15191	0.14443	0.01386	0.00356	0.00461	0.01807	0.00635	0.00569
61	0.02715	0.03464	0.02060	0.01873	0.02247	0.71536	0.01404	0.02903	0.02060	0.01779	0.01124	0.01311	0.00936	0.00749	0.00655	0.00187	0.01311	0.00468	0.00375	0.00843
62	0.59713	0.01429	0.01260	0.01077	0.01550	0.01596	0.00884	0.06753	0.04465	0.13344	0.01423	0.01478	0.01031	0.00735	0.00523	0.00225	0.00587	0.00480	0.00548	0.00900
63	0.00916	0.00739	0.00815	0.00796	0.01016	0.00638	0.00597	0.01152	0.01790	0.02280	0.28042	0.06475	0.48749	0.01723	0.00859	0.00240	0.00360	0.01461	0.00717	0.00638
64	0.02982	0.01175	0.01597	0.01246	0.01759	0.01020	0.01020	0.03271	0.02078	0.61972	0.11213	0.02844	0.02433	0.00973	0.00747	0.00225	0.00584	0.00804	0.00887	0.01168
65	0.02753	0.02344	0.02155	0.01716	0.02253	0.17199	0.01387	0.53562	0.03125	0.03977	0.01611	0.01652	0.01172	0.00846	0.00712	0.00211	0.00910	0.00614	0.00651	0.01151
66	0.00932	0.00739	0.00837	0.00813	0.01026	0.00645	0.00610	0.01184	0.01829	0.02372	0.34020	0.06324	0.42713	0.01689	0.00858	0.00238	0.00357	0.01440	0.00729	0.00645
67	0.00886	0.00633	0.00843	0.01012	0.01054	0.00590	0.00675	0.01012	0.01392	0.01856	0.04006	0.73979	0.04808	0.02277	0.00928	0.00295	0.00422	0.02066	0.00675	0.00590
68	0.01097	0.00855	0.01310	0.01267	0.01458	0.00792	0.08689	0.01324	0.01533	0.04224	0.04177	0.43519	0.14446	0.01928	0.00912	0.00284	0.00549	0.10316	0.00645	0.00673
69	0.01504	0.01488	0.01808	0.01624	0.01714	0.09290	0.01312	0.01704	0.01237	0.01729	0.01348	0.02039	0.01279	0.02797	0.28379	0.00626	0.38354	0.00672	0.00351	0.00745
70	0.01593	0.01611	0.02114	0.10294	0.02247	0.06835	0.01567	0.01801	0.01224	0.01759	0.01096	0.01727	0.01033	0.01548	0.08303	0.00377	0.53118	0.00639	0.00329	0.00787
71	0.01507	0.01292	0.01507	0.01077	0.01723	0.00969	0.00861	0.01830	0.01507	0.02369	0.01292	0.01507	0.01077	0.00538	0.00538	0.00108	0.00538	0.00431	0.00431	0.78898
72	0.01038	0.00779	0.01168	0.01168	0.01298	0.00909	0.00909	0.01298	0.01168	0.01687	0.01947	0.02856	0.01817	0.05452	0.71573	0.01168	0.01947	0.00779	0.00389	0.00649
73	0.01590	0.01590	0.02226	0.01908	0.01908	0.02226	0.01590	0.01749	0.01113	0.01749	0.00954	0.01590	0.00954	0.01272	0.02385	0.00318	0.73123	0.00636	0.00318	0.00795
74	0.00911	0.00696	0.00837	0.00891	0.01036	0.00622	0.00634	0.01111	0.01647	0.02151	0.21136	0.33689	0.28153	0.01931	0.00886	0.00261	0.00384	0.01696	0.00705	0.00622
75	0.01884	0.66135	0.12042	0.01346	0.02023	0.02730	0.01421	0.02192	0.01484	0.01783	0.01047	0.01211	0.00931	0.00630	0.00494	0.00165	0.00814	0.00407	0.00310	0.00950
76	0.02763	0.02036	0.02182	0.01672	0.02254	0.02254	0.01382	0.67496	0.03418	0.04581	0.01745	0.01745	0.01236	0.00873	0.00727	0.00218	0.00800	0.00654	0.00727	0.01236
77	0.00886	0.00633	0.00843	0.01012	0.01054	0.00590	0.00675	0.01012	0.01392	0.01856	0.04006	0.73979	0.04808	0.02277	0.00928	0.00295	0.00422	0.02066	0.00675	0.00590
78	0.00907	0.00750	0.00800	0.00830	0.01038	0.00661	0.00606	0.01160	0.04537	0.01987	0.06425	0.21674	0.52280	0.01900	0.00869	0.00257	0.00389	0.01621	0.00678	0.00632
79	0.01808	0.01561	0.01644	0.01479	0.01890	0.01808	0.01151	0.03863	0.68606	0.03041	0.02959	0.02712	0.02219	0.00986	0.00740	0.00247	0.00575	0.00822	0.00740	0.01151
80	0.01070	0.00770	0.01050	0.01200	0.01335	0.00750	0.00980	0.01339	0.01611	0.02110	0.07100	0.26681	0.07388	0.02053	0.00969	0.00315	0.00571	0.41387	0.00677	0.00645
81	0.03244	0.01265	0.01705	0.01307	0.01870	0.01111	0.01080	0.05817	0.02128	0.68081	0.02828	0.02448	0.01779	0.00899	0.00731	0.00225	0.00625	0.00728	0.00894	0.01237
82	0.01676	0.35682	0.40674	0.01700	0.02571	0.02221	0.02039	0.02246	0.01509	0.02036	0.01173	0.01369	0.00926	0.00660	0.00590	0.00197	0.00941	0.00471	0.00309	0.01011
83	0.01038	0.00779	0.01168	0.01168	0.01298	0.00909	0.00909	0.01298	0.01168	0.01687	0.01947	0.02856	0.01817	0.05452	0.71573	0.01168	0.01947	0.00779	0.00389	0.00649
84	0.01042	0.00713	0.00861	0.00872	0.00897	0.00732	0.00537	0.01095	0.01099	0.01487	0.02347	0.09078	0.02646	0.57766	0.15162	0.00757	0.00899	0.01077	0.00447	0.00486
85	0.01835	0.01686	0.02824	0.06992	0.62258	0.01702	0.02139	0.02325	0.04202	0.04837	0.01479	0.01864	0.01208	0.00673	0.00721	0.00218	0.00848	0.00657	0.00392	0.01141
86	0.01038	0.00708	0.00814	0.00814	0.00847	0.00694	0.00485	0.01092	0.01217	0.01633	0.10618	0.07835	0.06209	0.59496	0.03118	0.00610	0.00635	0.01151	0.00504	0.00484
87	0.01738	0.01184	0.01403	0.01209	0.01531	0.01213	0.00952	0.20409	0.05474	0.08950	0.34612	0.09177	0.04384	0.01315	0.00814	0.00235	0.00523	0.03204	0.00771	0.00902
88	0.76873	0.01400	0.01090	0.00968	0.01422	0.01611	0.00797	0.02187	0.01267	0.05650	0.01078	0.01227	0.00823	0.00683	0.00460	0.00225	0.00564	0.00406	0.00466	0.00803
89	0.01499	0.09722	0.65082	0.02002	0.03039	0.01788	0.02565	0.02292	0.01530	0.02252	0.01280	0.01504	0.00922	0.00685	0.00672	0.00224	0.01049	0.00525	0.00307	0.01062
90	0.01602	0.01649	0.02516	0.02131	0.04354	0.04192	0.13498	0.01851	0.01291	0.01884	0.01295	0.07082	0.01276	0.01191	0.01891	0.00296	0.50039	0.00779	0.00357	0.00826
91	0.01694	0.08703	0.09804	0.02627	0.03351	0.01868	0.48572	0.02257	0.01643	0.02254	0.01384	0.01806	0.01065	0.00636	0.00833	0.00228	0.03419	0.00748	0.00360	0.06748
92	0.01193	0.00867	0.01232	0.01446	0.03852	0.00867	0.01208	0.01531	0.01673	0.02182	0.03764	0.07980	0.04079	0.01961	0.00994	0.00331	0.00676	0.62819	0.00659	0.00686
93	0.02883	0.01844	0.02062	0.01581	0.02158	0.01969	0.01306	0.52094	0.03096	0.20438	0.02016	0.01921	0.01372	0.00879	0.00728	0.00220	0.00756	0.00673	0.00769	0.01236
94	0.03238	0.01274	0.01710	0.01311	0.01874	0.01123	0.01083	0.06481	0.02142	0.67398	0.02816	0.02441	0.01773	0.00898	0.00731	0.00225	0.00627	0.00727	0.00892	0.01237
95	0.01921	0.71588	0.06915	0.01282	0.01925	0.02821	0.01311	0.02182	0.01480	0.01738	0.01024	0.01183	0.00932	0.00625	0.00477	0.00159	0.00791	0.00396	0.00311	0.00939
96	0.02815	0.01204	0.01550	0.01235	0.01719	0.01105	0.01003	0.07219	0.05082	0.51575	0.02792	0.05789	0.01931	0.00959	0.00712	0.00222	0.00584	0.00786	0.10584	0.01133
97	0.01167	0.00992	0.01036	0.00981	0.01272	0.00989	0.00748	0.01943	0.22416	0.02375	0.11068	0.05542	0.43640	0.01547	0.00822	0.00244	0.00430	0.01296	0.00705	0.00786
98	0.18630	0.01441	0.01666	0.01305	0.01849	0.01434	0.01078	0.16810	0.02193	0.42854	0.02254	0.02057	0.01475	0.00848	0.00673	0.00223	0.00646	0.00646	0.00772	0.01146
99	0.01695	0.01621	0.02762	0.21155	0.54042	0.01700	0.02179	0.02139	0.01606	0.02248	0.01349	0.01833	0.01107	0.00667	0.00721	0.00222	0.00889	0.00647	0.00351	0.01067
100	0.01621	0.00934	0.00962	0.00866	0.01113	0.00975	0.00673	0.14127	0.01882	0.03064	0.02253	0.02528	0.01745	0.00852	0.00550	0.00179	0.00426	0.00673	0.63796	0.00783
101	0.00886	0.00633	0.00843	0.01012	0.01054	0.00590	0.00675	0.01012	0.01392	0.01856	0.04006	0.73979	0.04808	0.02277	0.00928	0.00295	0.00422	0.02066	0.00675	0.00590
102	0.01038	0.00779	0.01168	0.01168	0.01298	0.00909	0.00909	0.01298	0.01168	0.01687	0.01947	0.02856	0.01817	0.05452	0.71573	0.01168	0.01947	0.00779	0.00389	0.00649
103	0.15349	0.01264	0.01589	0.01240	0.01784	0.01157	0.01024	0.03320	0.01947	0.59787	0.02574	0.02269	0.01639	0.00864	0.00686	0.00225	0.00610	0.00678	0.00828	0.01166
104	0.00903	0.00645	0.00864	0.01032	0.01082	0.00605	0.00705	0.01042	0.01409	0.01875	0.03997	0.69956	0.04770	0.02261	0.00932	0.00298	0.00437	0.05918	0.00674	0.00595
105	0.01458	0.03760	0.70688	0.02072	0.03146	0.01688	0.02686	0.02302	0.01535	0.02302	0.01304	0.01535	0.00921	0.00691	0.00691	0.00230	0.01074	0.00537	0.00307	0.01074
106	0.01358	0.00775	0.00915	0.12084	0.01506	0.00826	0.00747	0.01720	0.01513	0.02575	0.02200	0.02588	0.01722	0.00828	0.00543	0.00181	0.00439	0.00673	0.66111	0.00698
107	0.03261	0.01237	0.01687	0.01293	0.01856	0.01068	0.01068	0.03543	0.02081	0.70423	0.02868	0.02474	0.01799	0.00900	0.00731	0.00225	0.00619	0.00731	0.00900	0.01237
108	0.01263	0.00631	0.00947	0.00947	0.00947	0.00631	0.00631	0.00947	0.00947	0.01263	0.01263	0.02210	0.01263	0.02525	0.02841	0.78851	0.00631	0.00631	0.00316	0.00316
109	0.01784	0.01913	0.02198	0.01902	0.01967	0.14157	0.01558	0.01948	0.01276	0.01754	0.00983	0.01542	0.00951	0.01182	0.02088	0.00296	0.60762	0.00607	0.00328	0.00803
110	0.01507	0.01292	0.01507	0.01077	0.01723	0.00969	0.00861	0.01830	0.01507	0.02369	0.01292	0.01507	0.01077	0.00538	0.00538	0.00108	0.00538	0.00431	0.00431	0.78898
111	0.01134	0.00810	0.01129	0.01296	0.01447	0.00805	0.01107	0.01442	0.01637	0.02134	0.03869	0.16760	0.04265	0.02043	0.00994	0.00330	0.00637	0.56833	0.00670	0.00659
112	0.01057	0.00705	0.00793	0.00793	0.00793	0.00705	0.00440	0.01057	0.01057	0.01409	0.02290	0.04757	0.02643	0.74454	0.03700	0.00705	0.00705	0.01057	0.00440	0.00440
113	0.02002	0.01824	0.01743	0.01528	0.01963	0.10041	0.01192	0.10340	0.50937	0.03024	0.02541	0.02392	0.01914	0.00926	0.00719	0.00230	0.00684	0.00745	0.00682	0.04573
114	0.01485	0.01267	0.01483	0.01069	0.01693	0.00956	0.00853	0.01809	0.01533	0.02394	0.04427	0.01688	0.01342	0.00582	0.00553	0.00113	0.00529	0.00471	0.00448	0.75304
