[name]
unknown

[dist]
# distance from previous block
# <min> <max>
0	11

[block]
# block no. 0 follows, 27 sequences, length 49
# corresponding to MSA columns:
# 37-42,44,45,51-82,99-107
name=unknown_A
#
# <colnr> <probs for GDERKNQSTAVLIFYWHMCP>
#	G	D	E	R	K	N	Q	S	T	A	V	L	I	F	Y	W	H	M	C	P
0	0.01214	0.01037	0.05412	0.01413	0.01641	0.00908	0.01291	0.01588	0.01700	0.02230	0.03772	0.07957	0.04068	0.01968	0.01006	0.00335	0.00709	0.60381	0.00661	0.00709
1	0.01816	0.03382	0.57911	0.01975	0.02979	0.01612	0.02449	0.02576	0.01666	0.14344	0.01616	0.01738	0.01100	0.00743	0.00713	0.00234	0.01014	0.00584	0.00421	0.01127
2	0.01764	0.28586	0.39787	0.01836	0.02709	0.07096	0.04200	0.02351	0.01591	0.02101	0.01219	0.01433	0.00952	0.00682	0.00628	0.00206	0.01013	0.00501	0.00322	0.01026
3	0.00904	0.00646	0.00861	0.01034	0.01077	0.00603	0.00689	0.01034	0.01421	0.01895	0.04092	0.73426	0.04910	0.02326	0.00948	0.00301	0.00431	0.02110	0.00689	0.00603
4	0.01681	0.02258	0.16140	0.07414	0.08497	0.01798	0.43930	0.02319	0.01690	0.02347	0.01445	0.01894	0.01086	0.00648	0.00815	0.00241	0.01157	0.00772	0.00363	0.03507
5	0.02231	0.01702	0.06011	0.20659	0.14289	0.01681	0.04035	0.17102	0.02136	0.17571	0.01883	0.02217	0.01378	0.00838	0.00754	0.00236	0.00859	0.02751	0.00571	0.01096
6	0.02502	0.04208	0.05820	0.01291	0.01760	0.01257	0.01084	0.09225	0.04324	0.37213	0.04860	0.02953	0.02072	0.16439	0.01383	0.00332	0.00692	0.00808	0.00732	0.01045
7	0.00904	0.00646	0.00861	0.01034	0.01077	0.00603	0.00689	0.01034	0.01421	0.01895	0.04092	0.73426	0.04910	0.02326	0.00948	0.00301	0.00431	0.02110	0.00689	0.00603
8	0.11805	0.01803	0.04289	0.16874	0.12129	0.04192	0.17659	0.10571	0.04235	0.07035	0.01555	0.01874	0.01157	0.00736	0.00736	0.00236	0.00942	0.00685	0.00469	0.01017
9	0.02065	0.50209	0.09812	0.01597	0.06178	0.07478	0.01458	0.02379	0.01613	0.06712	0.01237	0.01385	0.01034	0.00670	0.00550	0.00176	0.00848	0.00460	0.00372	0.03770
10	0.01477	0.01344	0.02069	0.39734	0.16508	0.04128	0.01753	0.01839	0.01486	0.01958	0.01592	0.06686	0.01410	0.03482	0.03449	0.05908	0.00929	0.00764	0.02663	0.00822
11	0.44953	0.03714	0.01258	0.01040	0.01447	0.04180	0.00846	0.10057	0.01651	0.03248	0.01477	0.01672	0.01146	0.00759	0.00518	0.00211	0.00583	0.00510	0.19890	0.00839
12	0.00904	0.00646	0.00861	0.01034	0.01077	0.00603	0.00689	0.01034	0.01421	0.01895	0.04092	0.73426	0.04910	0.02326	0.00948	0.00301	0.00431	0.02110	0.00689	0.00603
13	0.04704	0.01643	0.01782	0.04347	0.02097	0.01851	0.01228	0.18290	0.41694	0.07729	0.02735	0.02579	0.04013	0.00981	0.00745	0.00243	0.00653	0.00795	0.00734	0.01157
14	0.01041	0.00753	0.00996	0.00957	0.01120	0.00708	0.00714	0.01371	0.01999	0.02825	0.60308	0.10082	0.06544	0.01822	0.05172	0.00297	0.00456	0.01362	0.00783	0.00691
15	0.02653	0.01825	0.02014	0.01589	0.02119	0.01977	0.01294	0.51017	0.05089	0.11676	0.02186	0.09256	0.01733	0.01045	0.00765	0.00233	0.00749	0.00831	0.00757	0.01192
16	0.04583	0.02274	0.01842	0.01667	0.04150	0.27538	0.01241	0.13194	0.15665	0.02633	0.01959	0.02191	0.03610	0.05695	0.03013	0.00271	0.00956	0.00667	0.00538	0.06313
17	0.01050	0.00812	0.01152	0.01146	0.01295	0.00771	0.04750	0.01354	0.04215	0.02279	0.22418	0.39954	0.07234	0.04478	0.01017	0.00292	0.00482	0.03925	0.00700	0.00675
18	0.01661	0.01327	0.01556	0.01130	0.01775	0.01030	0.00904	0.02060	0.04250	0.06571	0.01487	0.01649	0.01192	0.00591	0.00570	0.00123	0.00556	0.00475	0.00482	0.70610
19	0.07175	0.15148	0.46821	0.01956	0.02861	0.01955	0.06670	0.02296	0.01530	0.02299	0.01258	0.01511	0.00947	0.00712	0.00733	0.00227	0.03998	0.00539	0.00329	0.01034
20	0.01837	0.01764	0.03013	0.04557	0.69279	0.01764	0.02278	0.02278	0.01690	0.02425	0.01396	0.01837	0.01176	0.00661	0.00735	0.00220	0.00882	0.00661	0.00367	0.01176
21	0.79154	0.01436	0.01091	0.00976	0.01436	0.01665	0.00804	0.02182	0.01263	0.03331	0.01034	0.01206	0.00804	0.00689	0.00459	0.00230	0.00574	0.00402	0.00459	0.00804
22	0.01402	0.01319	0.02227	0.72126	0.05113	0.01649	0.02062	0.01897	0.01484	0.01897	0.01319	0.01979	0.00990	0.00742	0.00742	0.00247	0.00990	0.00660	0.00330	0.00825
23	0.02047	0.01332	0.01400	0.01161	0.01528	0.01435	0.00930	0.31740	0.02449	0.03649	0.02127	0.02313	0.01608	0.00877	0.00622	0.00196	0.00563	0.00681	0.42388	0.00955
24	0.00904	0.00646	0.00861	0.01034	0.01077	0.00603	0.00689	0.01034	0.01421	0.01895	0.04092	0.73426	0.04910	0.02326	0.00948	0.00301	0.00431	0.02110	0.00689	0.00603
25	0.01026	0.00710	0.00874	0.00913	0.00958	0.00699	0.00581	0.01127	0.01319	0.01791	0.11778	0.23669	0.03832	0.39948	0.07049	0.00570	0.00674	0.01380	0.00562	0.00540
26	0.02327	0.01580	0.01762	0.01492	0.01971	0.01728	0.01186	0.12164	0.43846	0.19105	0.02836	0.02582	0.02032	0.00971	0.00752	0.00243	0.00628	0.00795	0.00792	0.01208
27	0.02234	0.01517	0.01693	0.01450	0.01913	0.01651	0.01148	0.08242	0.45012	0.19149	0.03085	0.02810	0.04672	0.01011	0.00757	0.00244	0.00606	0.00833	0.00791	0.01181
28	0.01579	0.01512	0.02371	0.48800	0.20090	0.03780	0.02030	0.02168	0.06357	0.02108	0.01456	0.01983	0.01125	0.00743	0.00739	0.00240	0.00945	0.00668	0.00371	0.00935
29	0.02023	0.67227	0.03718	0.01336	0.01932	0.07283	0.01293	0.02255	0.01533	0.01753	0.01037	0.01216	0.00954	0.00667	0.00558	0.00167	0.03374	0.00411	0.00322	0.00942
30	0.01071	0.00721	0.00807	0.00807	0.00818	0.00716	0.00455	0.01079	0.01105	0.01463	0.02555	0.04953	0.05462	0.70908	0.03658	0.00700	0.00705	0.01100	0.00460	0.00457
31	0.01852	0.01509	0.01845	0.14060	0.02412	0.04452	0.01356	0.24595	0.02084	0.02796	0.01700	0.02251	0.01418	0.04599	0.23939	0.00566	0.06436	0.00712	0.00503	0.00915
32	0.01555	0.01369	0.01745	0.01246	0.01913	0.01054	0.05631	0.01906	0.01555	0.02416	0.01333	0.01573	0.01102	0.00555	0.00573	0.00120	0.00601	0.00471	0.00435	0.72848
33	0.79154	0.01436	0.01091	0.00976	0.01436	0.01665	0.00804	0.02182	0.01263	0.03331	0.01034	0.01206	0.00804	0.00689	0.00459	0.00230	0.00574	0.00402	0.00459	0.00804
34	0.01556	0.10523	0.58918	0.02107	0.03135	0.01852	0.07217	0.02341	0.01575	0.02295	0.01315	0.01562	0.00955	0.00693	0.00696	0.00229	0.01079	0.00558	0.00318	0.01076
35	0.01040	0.00758	0.00977	0.00922	0.01102	0.00696	0.00692	0.01379	0.02075	0.02915	0.64945	0.05648	0.10987	0.01541	0.00876	0.00235	0.00352	0.01357	0.00809	0.00696
36	0.00877	0.00752	0.00752	0.00752	0.01003	0.00627	0.00564	0.01065	0.01692	0.02005	0.07520	0.07144	0.68978	0.01880	0.00877	0.00251	0.00376	0.01567	0.00689	0.00627
37	0.00884	0.00726	0.00779	0.00822	0.01021	0.00621	0.00595	0.01057	0.01624	0.01978	0.06663	0.23723	0.52953	0.01992	0.00895	0.00263	0.00390	0.01703	0.00689	0.00621
38	0.07583	0.01911	0.02068	0.04178	0.02257	0.02123	0.01343	0.55730	0.03100	0.04256	0.01683	0.01785	0.01225	0.00989	0.00873	0.05618	0.00796	0.00649	0.00680	0.01152
39	0.01700	0.02365	0.17347	0.02929	0.03748	0.01847	0.53981	0.02373	0.01716	0.02373	0.01468	0.01917	0.01090	0.00641	0.00842	0.00247	0.01221	0.00811	0.00363	0.01020
40	0.01546	0.08077	0.53896	0.02309	0.10181	0.01775	0.04652	0.02291	0.01587	0.02308	0.01541	0.01781	0.03343	0.00734	0.00705	0.00230	0.01034	0.00597	0.00335	0.01077
41	0.01608	0.01317	0.01546	0.01108	0.01764	0.00993	0.00888	0.01936	0.01562	0.04986	0.01381	0.01577	0.01128	0.00564	0.00557	0.00115	0.00553	0.00452	0.00458	0.75508
42	0.01081	0.00789	0.01161	0.01161	0.01296	0.00913	0.00902	0.01352	0.01216	0.01790	0.02016	0.02907	0.01859	0.05266	0.66442	0.01128	0.01883	0.00789	0.05386	0.00665
43	0.01015	0.00757	0.00943	0.00897	0.01087	0.00685	0.00672	0.01332	0.02017	0.02777	0.56270	0.05874	0.19747	0.01592	0.00876	0.00237	0.00356	0.01389	0.00791	0.00685
44	0.01980	0.01277	0.01381	0.01157	0.01482	0.01378	0.00910	0.26711	0.02255	0.05666	0.02139	0.02563	0.01708	0.08540	0.01016	0.00256	0.02902	0.00724	0.35047	0.00909
45	0.01216	0.00795	0.01045	0.00962	0.01166	0.00729	0.00729	0.01561	0.02103	0.07808	0.64118	0.05327	0.06631	0.01474	0.00866	0.00233	0.00371	0.01299	0.00825	0.00741
46	0.01539	0.01319	0.01539	0.01100	0.01759	0.00990	0.00880	0.01869	0.01539	0.02419	0.01319	0.01539	0.01100	0.00550	0.00550	0.00110	0.00550	0.00440	0.00440	0.78449
47	0.02773	0.03538	0.02104	0.01913	0.02295	0.70930	0.01434	0.02964	0.02104	0.01817	0.01148	0.01339	0.00956	0.00765	0.00669	0.00191	0.01339	0.00478	0.00383	0.00861
48	0.02518	0.02837	0.02289	0.06765	0.17560	0.46024	0.01638	0.02791	0.01974	0.06875	0.01343	0.01576	0.01072	0.00751	0.00694	0.00204	0.01163	0.00550	0.00415	0.00959

[dist]
# distance from previous block
# <min> <max>
1	6

[block]
# block no. 1 follows, 27 sequences, length 9
# corresponding to MSA columns:
# 120-128
name=unknown_B
#
# <colnr> <probs for GDERKNQSTAVLIFYWHMCP>
#	G	D	E	R	K	N	Q	S	T	A	V	L	I	F	Y	W	H	M	C	P
0	0.02655	0.01803	0.02217	0.05077	0.12525	0.01894	0.01484	0.38781	0.02773	0.17035	0.01911	0.01936	0.01344	0.00840	0.00734	0.00220	0.00786	0.00672	0.00689	0.04622
1	0.01619	0.01492	0.02439	0.48963	0.22253	0.01726	0.02075	0.06523	0.01680	0.02233	0.01373	0.01927	0.01059	0.00731	0.00740	0.00238	0.00948	0.00661	0.00369	0.00950
2	0.01384	0.00692	0.00692	0.00692	0.00865	0.00692	0.00519	0.01730	0.01557	0.02768	0.02422	0.02768	0.01903	0.00865	0.00519	0.00173	0.00346	0.00692	0.78031	0.00692
3	0.01828	0.52077	0.24798	0.01537	0.02319	0.02554	0.01736	0.02263	0.01527	0.01938	0.01127	0.01310	0.00949	0.00657	0.00549	0.00183	0.00890	0.00445	0.00316	0.00998
4	0.46394	0.01184	0.01153	0.04096	0.01496	0.01315	0.00835	0.01933	0.01304	0.07817	0.04505	0.01816	0.01312	0.01230	0.01136	0.20143	0.00604	0.00546	0.00471	0.00712
5	0.01384	0.00692	0.00692	0.00692	0.00865	0.00692	0.00519	0.01730	0.01557	0.02768	0.02422	0.02768	0.01903	0.00865	0.00519	0.00173	0.00346	0.00692	0.78031	0.00692
6	0.01065	0.00714	0.00814	0.00828	0.00832	0.00710	0.00470	0.01076	0.01108	0.01477	0.02484	0.10518	0.02881	0.68001	0.03545	0.00685	0.00696	0.01165	0.00470	0.00462
7	0.02277	0.01736	0.07150	0.04532	0.10062	0.01650	0.01446	0.16104	0.19273	0.18608	0.04773	0.02552	0.04560	0.00942	0.00753	0.00235	0.00717	0.00780	0.00694	0.01156
8	0.02289	0.01825	0.02070	0.01897	0.09120	0.02002	0.01384	0.33424	0.26494	0.03738	0.02162	0.02131	0.01607	0.00889	0.00735	0.00226	0.00725	0.00716	0.00690	0.05877

[dist]
# distance from previous block
# <min> <max>
1	2

[block]
# block no. 2 follows, 27 sequences, length 64
# corresponding to MSA columns:
# 131-153,162-202
name=unknown_C
#
# <colnr> <probs for GDERKNQSTAVLIFYWHMCP>
#	G	D	E	R	K	N	Q	S	T	A	V	L	I	F	Y	W	H	M	C	P
0	0.05200	0.02909	0.01965	0.04589	0.02235	0.51493	0.01372	0.02744	0.05741	0.02044	0.06933	0.01812	0.01536	0.00872	0.00798	0.00210	0.05664	0.00587	0.00437	0.00859
1	0.00918	0.00656	0.00873	0.01025	0.01080	0.00612	0.00690	0.01067	0.01483	0.01993	0.09930	0.67309	0.05099	0.02253	0.00941	0.00295	0.00423	0.02041	0.00701	0.00612
2	0.01763	0.01648	0.02749	0.14766	0.52702	0.01707	0.02146	0.04411	0.01722	0.02408	0.01558	0.02270	0.01345	0.00770	0.00755	0.00232	0.00884	0.04675	0.00395	0.01093
3	0.01814	0.01625	0.02744	0.21200	0.49458	0.01697	0.02157	0.02260	0.01664	0.06134	0.01465	0.01912	0.01167	0.00696	0.00737	0.00228	0.00894	0.00666	0.00390	0.01093
4	0.01384	0.00692	0.00692	0.00692	0.00865	0.00692	0.00519	0.01730	0.01557	0.02768	0.02422	0.02768	0.01903	0.00865	0.00519	0.00173	0.00346	0.00692	0.78031	0.00692
5	0.02822	0.02079	0.02228	0.01708	0.02302	0.02302	0.01411	0.66804	0.03490	0.04679	0.01782	0.01782	0.01262	0.00891	0.00743	0.00223	0.00817	0.00668	0.00743	0.01262
6	0.12917	0.01333	0.01754	0.14159	0.02438	0.01323	0.01244	0.05982	0.01957	0.45773	0.02335	0.02220	0.01522	0.00855	0.00708	0.00233	0.00698	0.00682	0.00743	0.01123
7	0.01384	0.00692	0.00692	0.00692	0.00865	0.00692	0.00519	0.01730	0.01557	0.02768	0.02422	0.02768	0.01903	0.00865	0.00519	0.00173	0.00346	0.00692	0.78031	0.00692
8	0.01677	0.01811	0.03458	0.08826	0.03318	0.01995	0.38292	0.02130	0.01515	0.02130	0.01302	0.01869	0.01061	0.00870	0.01407	0.00276	0.26013	0.00778	0.00354	0.00920
9	0.01134	0.00773	0.01015	0.00955	0.01139	0.00711	0.00716	0.01470	0.02065	0.05596	0.62736	0.09100	0.06684	0.01537	0.00874	0.00237	0.00366	0.01360	0.00814	0.00718
10	0.01398	0.00836	0.01103	0.00993	0.01229	0.00760	0.00760	0.01738	0.02105	0.13146	0.58850	0.05086	0.06218	0.01427	0.00856	0.00233	0.00393	0.01252	0.00833	0.00786
11	0.01271	0.00774	0.01046	0.01041	0.01091	0.02816	0.00732	0.01146	0.01080	0.01466	0.01533	0.02497	0.01489	0.05495	0.20411	0.51324	0.01007	0.00694	0.02647	0.00441
12	0.01061	0.00795	0.01193	0.01193	0.01326	0.00928	0.00928	0.01326	0.01193	0.01723	0.01988	0.02916	0.01856	0.05568	0.70968	0.01193	0.01988	0.00795	0.00398	0.00663
13	0.01384	0.00692	0.00692	0.00692	0.00865	0.00692	0.00519	0.01730	0.01557	0.02768	0.02422	0.02768	0.01903	0.00865	0.00519	0.00173	0.00346	0.00692	0.78031	0.00692
14	0.63714	0.01534	0.01320	0.03990	0.01725	0.01767	0.00953	0.12563	0.01631	0.03489	0.01166	0.01330	0.00885	0.00724	0.00516	0.00229	0.00630	0.00455	0.00500	0.00879
15	0.02652	0.02225	0.02106	0.05515	0.02383	0.16047	0.01403	0.38906	0.10660	0.07869	0.01848	0.01867	0.01341	0.00873	0.00730	0.00222	0.00893	0.00655	0.00660	0.01147
16	0.02347	0.01812	0.01827	0.01529	0.01999	0.07755	0.01212	0.23791	0.28586	0.11307	0.02633	0.02567	0.04819	0.03348	0.00847	0.00250	0.00726	0.00783	0.00726	0.01138
17	0.01384	0.00692	0.00692	0.00692	0.00865	0.00692	0.00519	0.01730	0.01557	0.02768	0.02422	0.02768	0.01903	0.00865	0.00519	0.00173	0.00346	0.00692	0.78031	0.00692
18	0.01752	0.02003	0.04380	0.03129	0.03880	0.01877	0.66583	0.02378	0.01752	0.02378	0.01502	0.02003	0.01126	0.00626	0.00876	0.00250	0.01252	0.00876	0.00375	0.01001
19	0.01801	0.01727	0.02947	0.10229	0.63893	0.01754	0.02260	0.02246	0.01673	0.02381	0.01390	0.01849	0.01160	0.00668	0.00736	0.00223	0.00891	0.00661	0.00364	0.01146
20	0.02342	0.01655	0.01839	0.01508	0.01955	0.01786	0.01202	0.45958	0.02868	0.07468	0.02456	0.20802	0.02260	0.01273	0.00797	0.00244	0.00705	0.01055	0.00738	0.01088
21	0.01708	0.34954	0.40866	0.01743	0.02636	0.02259	0.02093	0.02294	0.01541	0.02084	0.01200	0.01401	0.00946	0.00674	0.00604	0.00201	0.00963	0.00482	0.00315	0.01033
22	0.01289	0.00645	0.00967	0.00967	0.00967	0.00645	0.00645	0.00967	0.00967	0.01289	0.01289	0.02257	0.01289	0.02579	0.02901	0.78401	0.00645	0.00645	0.00322	0.00322
23	0.01838	0.01755	0.02941	0.04392	0.65632	0.01768	0.02219	0.02369	0.05278	0.02462	0.01484	0.01888	0.01235	0.00680	0.00736	0.00222	0.00866	0.00671	0.00388	0.01176
24	0.00926	0.00659	0.00872	0.01034	0.01080	0.00620	0.00696	0.01057	0.01413	0.01882	0.03985	0.66910	0.04758	0.06396	0.01112	0.00327	0.00457	0.04543	0.00675	0.00597
25	0.01624	0.01624	0.02274	0.01949	0.01949	0.02274	0.01624	0.01787	0.01137	0.01787	0.00975	0.01624	0.00975	0.01299	0.02436	0.00325	0.72552	0.00650	0.00325	0.00812
26	0.01449	0.01382	0.02380	0.64193	0.09619	0.01668	0.05003	0.01946	0.01511	0.01956	0.01333	0.01970	0.01009	0.00731	0.00748	0.00246	0.00994	0.00670	0.00335	0.00858
27	0.01079	0.05202	0.01204	0.01084	0.01205	0.00942	0.00800	0.01266	0.01555	0.02100	0.17838	0.38005	0.10584	0.04930	0.01169	0.00294	0.07833	0.01598	0.00647	0.00662
28	0.01489	0.03840	0.70064	0.02116	0.03213	0.01724	0.02743	0.02351	0.01567	0.02351	0.01332	0.01567	0.00940	0.00705	0.00705	0.00235	0.01097	0.00549	0.00313	0.01097
29	0.01384	0.00692	0.00692	0.00692	0.00865	0.00692	0.00519	0.01730	0.01557	0.02768	0.02422	0.02768	0.01903	0.00865	0.00519	0.00173	0.00346	0.00692	0.78031	0.00692
30	0.01660	0.04189	0.20723	0.06749	0.11892	0.03819	0.29691	0.02266	0.01682	0.02298	0.01713	0.02257	0.03497	0.00762	0.00796	0.00242	0.01088	0.03292	0.00378	0.01008
31	0.02580	0.01165	0.01524	0.01252	0.01699	0.01069	0.01001	0.03068	0.09384	0.45460	0.14730	0.08377	0.03031	0.01140	0.00785	0.00238	0.00562	0.00964	0.00865	0.01104
32	0.00911	0.00651	0.00867	0.01029	0.01078	0.00607	0.00690	0.01050	0.01451	0.01942	0.06893	0.70491	0.05001	0.02291	0.00944	0.00299	0.00427	0.02077	0.00695	0.00607
33	0.02719	0.01862	0.02031	0.01582	0.02134	0.02027	0.01299	0.51238	0.07302	0.11789	0.02034	0.01996	0.01435	0.00900	0.00729	0.00222	0.00749	0.00690	0.06044	0.01218
34	0.01624	0.01546	0.02628	0.37613	0.37888	0.01708	0.02172	0.02092	0.01590	0.02167	0.01359	0.01907	0.01085	0.00701	0.00738	0.00234	0.00935	0.00661	0.00349	0.01004
35	0.00946	0.00678	0.00898	0.01006	0.01086	0.00630	0.00692	0.01137	0.01613	0.02200	0.22368	0.54279	0.05501	0.02098	0.00927	0.00282	0.00408	0.01894	0.00725	0.00630
36	0.06040	0.51312	0.14341	0.01409	0.02086	0.02520	0.01475	0.02202	0.01492	0.01975	0.01097	0.01293	0.00953	0.00671	0.00597	0.00179	0.03739	0.00435	0.00333	0.05851
37	0.01779	0.01769	0.05058	0.04261	0.62653	0.01705	0.02212	0.02224	0.01670	0.02392	0.01495	0.02072	0.01290	0.00877	0.03179	0.00259	0.00921	0.02668	0.00377	0.01140
38	0.01674	0.18589	0.48282	0.02048	0.05158	0.05126	0.04733	0.02350	0.01590	0.02203	0.01269	0.01503	0.00959	0.00689	0.00663	0.00217	0.01042	0.00529	0.00322	0.01055
39	0.01596	0.01517	0.02576	0.42074	0.33652	0.01700	0.02158	0.02066	0.01576	0.02132	0.01354	0.01916	0.01072	0.00706	0.00739	0.00235	0.00942	0.00660	0.00347	0.00981
40	0.01323	0.01240	0.02105	0.45754	0.03908	0.01411	0.08738	0.01767	0.01604	0.02086	0.09965	0.06166	0.08858	0.01008	0.00796	0.00249	0.00856	0.00922	0.00445	0.00799
41	0.01739	0.01635	0.02762	0.08466	0.57733	0.01656	0.02145	0.02172	0.01679	0.02369	0.01672	0.02570	0.01507	0.00820	0.00768	0.00236	0.00867	0.07704	0.00400	0.01099
42	0.02255	0.01527	0.01732	0.01424	0.01830	0.01639	0.01123	0.37795	0.02578	0.10414	0.02283	0.11443	0.02018	0.10606	0.07476	0.00383	0.00842	0.00922	0.00687	0.01023
43	0.00997	0.00729	0.00937	0.00943	0.01091	0.00669	0.00685	0.01276	0.01889	0.02610	0.46625	0.23171	0.12097	0.01759	0.00894	0.00253	0.00373	0.01561	0.00773	0.00669
44	0.01846	0.01595	0.01679	0.01511	0.01930	0.01846	0.01175	0.03945	0.67938	0.03105	0.03022	0.02770	0.02266	0.01007	0.00755	0.00252	0.00588	0.00839	0.00755	0.01175
45	0.01539	0.01319	0.01539	0.01100	0.01759	0.00990	0.00880	0.01869	0.01539	0.02419	0.01319	0.01539	0.01100	0.00550	0.00550	0.00110	0.00550	0.00440	0.00440	0.78449
46	0.02593	0.01965	0.02099	0.01662	0.02215	0.02195	0.01356	0.52026	0.18642	0.04309	0.02074	0.02014	0.01498	0.00918	0.00746	0.00230	0.00763	0.00709	0.00746	0.01242
47	0.00901	0.00746	0.00790	0.00793	0.01021	0.00635	0.00589	0.01106	0.01727	0.02123	0.15166	0.11121	0.56998	0.01862	0.00882	0.00252	0.00376	0.01572	0.00706	0.00635
48	0.01402	0.01319	0.02227	0.72126	0.05113	0.01649	0.02062	0.01897	0.01484	0.01897	0.01319	0.01979	0.00990	0.00742	0.00742	0.00247	0.00990	0.00660	0.00330	0.00825
49	0.00926	0.00661	0.00886	0.01058	0.01110	0.00621	0.00726	0.01070	0.01442	0.01919	0.04080	0.68699	0.04864	0.02306	0.00953	0.00304	0.00449	0.06628	0.00689	0.00609
50	0.01183	0.00850	0.01177	0.01341	0.01515	0.00845	0.01170	0.01518	0.01708	0.02213	0.04082	0.08322	0.07008	0.02044	0.01019	0.00338	0.00671	0.61631	0.00684	0.00681
51	0.01011	0.00747	0.00945	0.00918	0.01091	0.00680	0.00680	0.01317	0.01976	0.02732	0.53731	0.12405	0.15717	0.01649	0.00883	0.00243	0.00362	0.01450	0.00786	0.00680
52	0.01744	0.01669	0.02845	0.19020	0.55545	0.01739	0.02232	0.02197	0.01646	0.02312	0.01380	0.01868	0.01136	0.00679	0.00736	0.00226	0.00905	0.00661	0.00359	0.01101
53	0.00904	0.00646	0.00861	0.01034	0.01077	0.00603	0.00689	0.01034	0.01421	0.01895	0.04092	0.73426	0.04910	0.02326	0.00948	0.00301	0.00431	0.02110	0.00689	0.00603
54	0.01086	0.00777	0.01117	0.01123	0.01250	0.00885	0.00860	0.01342	0.01230	0.01814	0.02120	0.05526	0.02008	0.08113	0.58850	0.01045	0.01722	0.00846	0.07634	0.00654
55	0.00934	0.00691	0.00824	0.00927	0.01052	0.00624	0.00651	0.01103	0.01530	0.01997	0.05137	0.44683	0.26296	0.02075	0.00899	0.00277	0.00414	0.03697	0.05568	0.00619
56	0.01473	0.01392	0.02354	0.61151	0.15535	0.01668	0.02097	0.01959	0.01518	0.01983	0.01332	0.01956	0.01020	0.00729	0.00741	0.00243	0.00972	0.00660	0.00336	0.00882
57	0.01560	0.01430	0.02296	0.56940	0.12278	0.01712	0.02010	0.06119	0.04341	0.02183	0.01427	0.01982	0.01081	0.00753	0.00742	0.00243	0.00950	0.00668	0.00378	0.00907
58	0.01989	0.02052	0.02866	0.04127	0.58399	0.12998	0.02141	0.02390	0.01758	0.02326	0.01356	0.01756	0.01140	0.00678	0.00724	0.00216	0.00956	0.00632	0.00370	0.01125
59	0.00904	0.00646	0.00861	0.01034	0.01077	0.00603	0.00689	0.01034	0.01421	0.01895	0.04092	0.73426	0.04910	0.02326	0.00948	0.00301	0.00431	0.02110	0.00689	0.00603
60	0.01729	0.02165	0.10196	0.03039	0.03821	0.01864	0.60931	0.02376	0.01736	0.02376	0.01487	0.01964	0.01110	0.00633	0.00861	0.00249	0.01238	0.00847	0.00370	0.01010
61	0.02345	0.29464	0.02711	0.01536	0.02062	0.20683	0.01307	0.19306	0.04901	0.02602	0.01710	0.01789	0.04966	0.00823	0.00632	0.00193	0.00913	0.00574	0.00485	0.01000
62	0.04470	0.13995	0.53631	0.02013	0.02997	0.01910	0.06481	0.02328	0.01559	0.02300	0.01288	0.01526	0.00949	0.00689	0.00673	0.00225	0.01043	0.00541	0.00323	0.01059
63	0.01873	0.01859	0.02892	0.09173	0.59940	0.06688	0.02203	0.02300	0.01705	0.02344	0.01373	0.01812	0.01147	0.00675	0.00731	0.00220	0.00922	0.00648	0.00366	0.01128

[dist]
# distance from previous block
# <min> <max>
0	2

[block]
# block no. 3 follows, 27 sequences, length 46
# corresponding to MSA columns:
# 205-250
name=unknown_D
#
# <colnr> <probs for GDERKNQSTAVLIFYWHMCP>
#	G	D	E	R	K	N	Q	S	T	A	V	L	I	F	Y	W	H	M	C	P
0	0.01077	0.00832	0.00992	0.00939	0.01155	0.00784	0.00708	0.01542	0.07858	0.02741	0.47410	0.05705	0.22351	0.01564	0.00865	0.00239	0.00378	0.01355	0.00779	0.00724
1	0.00964	0.00786	0.00848	0.00874	0.01089	0.00704	0.00655	0.01232	0.04502	0.02028	0.06335	0.13504	0.49645	0.06262	0.01069	0.00293	0.00440	0.07450	0.00677	0.00643
2	0.01713	0.01412	0.01621	0.01191	0.01818	0.01177	0.00954	0.11807	0.01835	0.02747	0.01491	0.04178	0.01262	0.00666	0.00594	0.00134	0.00586	0.00535	0.00495	0.63783
3	0.02065	0.01336	0.01508	0.01273	0.01700	0.01369	0.01012	0.14198	0.20140	0.18434	0.08722	0.03820	0.18782	0.01219	0.00790	0.00240	0.00569	0.01004	0.00779	0.01041
4	0.01929	0.01636	0.01725	0.01528	0.01962	0.01885	0.01195	0.09286	0.62462	0.03239	0.02916	0.02686	0.02181	0.00997	0.00754	0.00249	0.00607	0.00825	0.00754	0.01182
5	0.02421	0.01195	0.01527	0.01259	0.01692	0.01141	0.01009	0.05132	0.12161	0.37861	0.19646	0.03322	0.03199	0.01261	0.03455	0.00270	0.00611	0.00912	0.00842	0.01084
6	0.01568	0.01189	0.01462	0.06736	0.01943	0.01293	0.01203	0.02582	0.27248	0.06607	0.03482	0.07480	0.05913	0.01483	0.00874	0.00288	0.00645	0.26392	0.00699	0.00914
7	0.02012	0.71907	0.03828	0.01292	0.01919	0.05290	0.01276	0.02249	0.01529	0.01749	0.01036	0.01196	0.00953	0.00640	0.00483	0.00160	0.00813	0.00400	0.00320	0.00949
8	0.02773	0.03538	0.02104	0.01913	0.02295	0.70930	0.01434	0.02964	0.02104	0.01817	0.01148	0.01339	0.00956	0.00765	0.00669	0.00191	0.01339	0.00478	0.00383	0.00861
9	0.01079	0.00817	0.01203	0.01193	0.01313	0.00957	0.00920	0.01325	0.01184	0.01708	0.01978	0.02996	0.01880	0.09653	0.64682	0.01137	0.04112	0.00808	0.00399	0.00654
10	0.06592	0.05276	0.02309	0.02219	0.13502	0.31312	0.01530	0.23117	0.02410	0.02907	0.01381	0.01552	0.01083	0.00779	0.00686	0.00207	0.01036	0.00563	0.00496	0.01042
11	0.00948	0.00705	0.00947	0.01089	0.01130	0.00704	0.00746	0.01079	0.01404	0.01889	0.03903	0.69080	0.04672	0.02264	0.01038	0.00303	0.04795	0.02022	0.00667	0.00616
12	0.01051	0.00759	0.00992	0.00934	0.01109	0.00700	0.00700	0.01401	0.02101	0.02977	0.68888	0.05545	0.07005	0.01518	0.00876	0.00233	0.00350	0.01343	0.00817	0.00700
13	0.01558	0.13662	0.60847	0.01998	0.03031	0.01893	0.02538	0.02333	0.01559	0.02267	0.01290	0.01515	0.00942	0.00696	0.00673	0.00224	0.01055	0.00527	0.00314	0.01077
14	0.03114	0.01519	0.04431	0.01489	0.02094	0.01340	0.04025	0.13534	0.02305	0.54085	0.02627	0.02351	0.01683	0.00894	0.00750	0.00230	0.00705	0.00732	0.00845	0.01246
15	0.00921	0.00658	0.00880	0.01052	0.01102	0.00617	0.00717	0.01061	0.01437	0.01913	0.04083	0.69842	0.04875	0.02311	0.00952	0.00304	0.00445	0.05535	0.00689	0.00607
16	0.01051	0.00759	0.00992	0.00934	0.01109	0.00700	0.00700	0.01401	0.02101	0.02977	0.68888	0.05545	0.07005	0.01518	0.00876	0.00233	0.00350	0.01343	0.00817	0.00700
17	0.02990	0.01811	0.02062	0.01581	0.02168	0.01903	0.01306	0.45994	0.03041	0.26124	0.02160	0.02028	0.01452	0.00900	0.00744	0.00225	0.00756	0.00694	0.00801	0.01263
18	0.01624	0.01624	0.02274	0.01949	0.01949	0.02274	0.01624	0.01787	0.01137	0.01787	0.00975	0.01624	0.00975	0.01299	0.02436	0.00325	0.72552	0.00650	0.00325	0.00812
19	0.01184	0.00851	0.01179	0.01343	0.01517	0.00846	0.01172	0.01520	0.01708	0.02213	0.04070	0.08326	0.06785	0.02044	0.01020	0.00338	0.00672	0.61847	0.00684	0.00681
20	0.02429	0.01872	0.02094	0.01828	0.07090	0.02053	0.01378	0.44518	0.15918	0.04002	0.02082	0.05060	0.01606	0.00947	0.00747	0.00228	0.00750	0.00756	0.00705	0.03937
21	0.04436	0.42672	0.28556	0.01702	0.04945	0.02395	0.01844	0.02272	0.01529	0.02053	0.01158	0.01357	0.00951	0.00664	0.00571	0.00192	0.00903	0.00464	0.00323	0.01010
22	0.00917	0.00747	0.00813	0.00826	0.01044	0.00644	0.00618	0.01130	0.01731	0.02150	0.16353	0.12696	0.51787	0.01870	0.00888	0.00256	0.00388	0.03795	0.00708	0.00638
23	0.01939	0.61595	0.07637	0.01350	0.01987	0.02737	0.01348	0.02432	0.09267	0.01942	0.01282	0.01398	0.01105	0.00683	0.00523	0.00174	0.00788	0.00458	0.00368	0.00987
24	0.01489	0.03840	0.70064	0.02116	0.03213	0.01724	0.02743	0.02351	0.01567	0.02351	0.01332	0.01567	0.00940	0.00705	0.00705	0.00235	0.01097	0.00549	0.00313	0.01097
25	0.01797	0.02006	0.10840	0.04272	0.61567	0.01759	0.02333	0.02287	0.01676	0.02417	0.01389	0.01806	0.01148	0.00667	0.00731	0.00222	0.00907	0.00648	0.00361	0.01167
26	0.01752	0.02003	0.04380	0.03129	0.03880	0.01877	0.66583	0.02378	0.01752	0.02378	0.01502	0.02003	0.01126	0.00626	0.00876	0.00250	0.01252	0.00876	0.00375	0.01001
27	0.00949	0.00678	0.00912	0.01084	0.01147	0.00641	0.00766	0.01110	0.01465	0.01945	0.04067	0.63577	0.04813	0.02284	0.00959	0.00308	0.00469	0.11523	0.00688	0.00615
28	0.01020	0.00741	0.00966	0.00983	0.01132	0.00687	0.00733	0.01309	0.01888	0.02606	0.44778	0.21352	0.10041	0.01770	0.00905	0.00259	0.00399	0.06991	0.00769	0.00672
29	0.00904	0.00646	0.00861	0.01034	0.01077	0.00603	0.00689	0.01034	0.01421	0.01895	0.04092	0.73426	0.04910	0.02326	0.00948	0.00301	0.00431	0.02110	0.00689	0.00603
30	0.01061	0.00795	0.01193	0.01193	0.01326	0.00928	0.00928	0.01326	0.01193	0.01723	0.01988	0.02916	0.01856	0.05568	0.70968	0.01193	0.01988	0.00795	0.00398	0.00663
31	0.03331	0.01263	0.01723	0.01321	0.01895	0.01091	0.01091	0.03618	0.02125	0.69794	0.02929	0.02527	0.01838	0.00919	0.00747	0.00230	0.00632	0.00747	0.00919	0.01263
32	0.01752	0.02003	0.04380	0.03129	0.03880	0.01877	0.66583	0.02378	0.01752	0.02378	0.01502	0.02003	0.01126	0.00626	0.00876	0.00250	0.01252	0.00876	0.00375	0.01001
33	0.01196	0.00854	0.01196	0.01367	0.01538	0.00854	0.01196	0.01538	0.01709	0.02222	0.03931	0.08374	0.04272	0.02051	0.01025	0.00342	0.00684	0.64283	0.00684	0.00684
34	0.03331	0.01263	0.01723	0.01321	0.01895	0.01091	0.01091	0.03618	0.02125	0.69794	0.02929	0.02527	0.01838	0.00919	0.00747	0.00230	0.00632	0.00747	0.00919	0.01263
35	0.02773	0.03538	0.02104	0.01913	0.02295	0.70930	0.01434	0.02964	0.02104	0.01817	0.01148	0.01339	0.00956	0.00765	0.00669	0.00191	0.01339	0.00478	0.00383	0.00861
36	0.00904	0.00646	0.00861	0.01034	0.01077	0.00603	0.00689	0.01034	0.01421	0.01895	0.04092	0.73426	0.04910	0.02326	0.00948	0.00301	0.00431	0.02110	0.00689	0.00603
37	0.01043	0.00759	0.00982	0.00926	0.01104	0.00697	0.00695	0.01386	0.02084	0.02935	0.66230	0.05615	0.09688	0.01533	0.00876	0.00234	0.00351	0.01352	0.00812	0.00697
38	0.05362	0.03033	0.02013	0.01803	0.02174	0.53721	0.01376	0.08883	0.02098	0.02137	0.01265	0.01513	0.01053	0.01178	0.06351	0.00281	0.03935	0.00525	0.00419	0.00880
39	0.01012	0.00730	0.00935	0.01038	0.01124	0.00703	0.00712	0.03927	0.01546	0.02070	0.08728	0.56308	0.07453	0.06043	0.03638	0.00345	0.00511	0.01866	0.00678	0.00634
40	0.00887	0.00752	0.00765	0.00762	0.01009	0.00631	0.00572	0.01084	0.01715	0.02059	0.10901	0.07056	0.65564	0.01860	0.00877	0.00250	0.00375	0.01554	0.00696	0.00631
41	0.00904	0.00646	0.00861	0.01034	0.01077	0.00603	0.00689	0.01034	0.01421	0.01895	0.04092	0.73426	0.04910	0.02326	0.00948	0.00301	0.00431	0.02110	0.00689	0.00603
42	0.05065	0.02039	0.07531	0.05589	0.06621	0.01847	0.55246	0.02346	0.01709	0.02402	0.01462	0.01937	0.01100	0.00639	0.00838	0.00247	0.01189	0.00821	0.00374	0.00999
43	0.01245	0.00695	0.00973	0.04639	0.01161	0.00709	0.00683	0.01120	0.01113	0.01556	0.01793	0.08715	0.01835	0.11603	0.02473	0.48844	0.00621	0.00833	0.08958	0.00430
44	0.01539	0.01319	0.01539	0.01100	0.01759	0.00990	0.00880	0.01869	0.01539	0.02419	0.01319	0.01539	0.01100	0.00550	0.00550	0.00110	0.00550	0.00440	0.00440	0.78449
45	0.06882	0.27415	0.28171	0.01761	0.04733	0.04306	0.01845	0.10025	0.04130	0.02497	0.01320	0.01486	0.01030	0.00713	0.00617	0.00206	0.00908	0.00514	0.00395	0.01047

[dist]
# distance from previous block
# <min> <max>
0	2

[block]
# block no. 4 follows, 27 sequences, length 11
# corresponding to MSA columns:
# 253-263
name=unknown_E
#
# <colnr> <probs for GDERKNQSTAVLIFYWHMCP>
#	G	D	E	R	K	N	Q	S	T	A	V	L	I	F	Y	W	H	M	C	P
0	0.00953	0.00787	0.00842	0.00835	0.01069	0.00695	0.00623	0.01255	0.04904	0.02207	0.16943	0.10904	0.51755	0.01809	0.00876	0.00251	0.00385	0.01531	0.00713	0.00663
1	0.02501	0.19678	0.02587	0.01876	0.06461	0.34743	0.01435	0.14959	0.04819	0.02436	0.01332	0.01477	0.01080	0.00762	0.00646	0.00194	0.01052	0.00521	0.00450	0.00991
2	0.00931	0.00735	0.00844	0.00896	0.01080	0.00649	0.00666	0.01135	0.01670	0.02102	0.13005	0.23646	0.40555	0.01967	0.00908	0.00270	0.00414	0.07189	0.00703	0.00634
3	0.01779	0.01705	0.02909	0.13553	0.60736	0.01749	0.02249	0.02228	0.01663	0.02355	0.01386	0.01856	0.01151	0.00672	0.00736	0.00224	0.00896	0.00661	0.00362	0.01129
4	0.01512	0.03679	0.64292	0.02205	0.03272	0.01738	0.08353	0.02353	0.01584	0.02353	0.01347	0.01606	0.00957	0.00698	0.00720	0.00236	0.01111	0.00577	0.00319	0.01089
5	0.00889	0.00752	0.00768	0.00764	0.01010	0.00632	0.00573	0.01088	0.01719	0.02070	0.11605	0.07038	0.64853	0.01856	0.00877	0.00250	0.00374	0.01552	0.00698	0.00632
6	0.03331	0.01263	0.01723	0.01321	0.01895	0.01091	0.01091	0.03618	0.02125	0.69794	0.02929	0.02527	0.01838	0.00919	0.00747	0.00230	0.00632	0.00747	0.00919	0.01263
7	0.01489	0.03840	0.70064	0.02116	0.03213	0.01724	0.02743	0.02351	0.01567	0.02351	0.01332	0.01567	0.00940	0.00705	0.00705	0.00235	0.01097	0.00549	0.00313	0.01097
8	0.02688	0.03377	0.02186	0.02153	0.08376	0.64651	0.01511	0.02902	0.02066	0.01872	0.01170	0.01384	0.00976	0.00756	0.00675	0.00194	0.01297	0.00495	0.00381	0.00889
9	0.01080	0.00720	0.00810	0.00810	0.00810	0.00720	0.00450	0.01080	0.01080	0.01439	0.02339	0.04858	0.02699	0.73910	0.03779	0.00720	0.00720	0.01080	0.00450	0.00450
10	0.02858	0.02022	0.02193	0.01681	0.02274	0.02218	0.01389	0.62393	0.03395	0.09224	0.01862	0.01834	0.01303	0.00893	0.00743	0.00223	0.00804	0.00674	0.00755	0.01263

[dist]
# distance from previous block
# <min> <max>
0	3

[block]
# block no. 5 follows, 27 sequences, length 58
# corresponding to MSA columns:
# 267-324
name=unknown_F
#
# <colnr> <probs for GDERKNQSTAVLIFYWHMCP>
#	G	D	E	R	K	N	Q	S	T	A	V	L	I	F	Y	W	H	M	C	P
0	0.01833	0.01776	0.03086	0.04481	0.65821	0.01770	0.05679	0.02284	0.01694	0.02423	0.01402	0.01846	0.01173	0.00660	0.00742	0.00222	0.00901	0.00673	0.00368	0.01167
1	0.01004	0.00692	0.00828	0.00896	0.00921	0.00671	0.00548	0.01061	0.01235	0.01638	0.03205	0.31948	0.05810	0.43275	0.02565	0.00539	0.00594	0.01502	0.00552	0.00516
2	0.03114	0.01611	0.01938	0.01486	0.02068	0.01607	0.01227	0.30512	0.02706	0.42079	0.02441	0.02210	0.01593	0.00907	0.00745	0.00227	0.00711	0.00713	0.00844	0.01263
3	0.01470	0.00717	0.00737	0.00720	0.00910	0.00710	0.00544	0.01813	0.01582	0.05724	0.02444	0.02757	0.01900	0.00867	0.00529	0.00175	0.00359	0.00694	0.74630	0.00717
4	0.02773	0.03538	0.02104	0.01913	0.02295	0.70930	0.01434	0.02964	0.02104	0.01817	0.01148	0.01339	0.00956	0.00765	0.00669	0.00191	0.01339	0.00478	0.00383	0.00861
5	0.03331	0.01263	0.01723	0.01321	0.01895	0.01091	0.01091	0.03618	0.02125	0.69794	0.02929	0.02527	0.01838	0.00919	0.00747	0.00230	0.00632	0.00747	0.00919	0.01263
6	0.01624	0.01624	0.02274	0.01949	0.01949	0.02274	0.01624	0.01787	0.01137	0.01787	0.00975	0.01624	0.00975	0.01299	0.02436	0.00325	0.72552	0.00650	0.00325	0.00812
7	0.02059	0.01700	0.01798	0.01554	0.02012	0.01946	0.01227	0.17660	0.53877	0.03449	0.02751	0.02554	0.02047	0.00982	0.00753	0.00245	0.00638	0.00802	0.00753	0.01194
8	0.00887	0.00752	0.00765	0.00762	0.01008	0.00631	0.00571	0.01083	0.01714	0.02057	0.10765	0.07060	0.65701	0.01861	0.00877	0.00250	0.00375	0.01555	0.00696	0.00631
9	0.01384	0.00692	0.00692	0.00692	0.00865	0.00692	0.00519	0.01730	0.01557	0.02768	0.02422	0.02768	0.01903	0.00865	0.00519	0.00173	0.00346	0.00692	0.78031	0.00692
10	0.02013	0.71793	0.03825	0.01293	0.01919	0.05399	0.01276	0.02250	0.01530	0.01749	0.01036	0.01196	0.00953	0.00640	0.00483	0.00160	0.00814	0.00400	0.00320	0.00949
11	0.07503	0.01909	0.02028	0.01571	0.02149	0.04507	0.01290	0.45915	0.02959	0.15928	0.01893	0.01850	0.01317	0.00861	0.00713	0.00217	0.00775	0.00647	0.00728	0.05239
12	0.01489	0.03840	0.70064	0.02116	0.03213	0.01724	0.02743	0.02351	0.01567	0.02351	0.01332	0.01567	0.00940	0.00705	0.00705	0.00235	0.01097	0.00549	0.00313	0.01097
13	0.00904	0.00646	0.00861	0.01034	0.01077	0.00603	0.00689	0.01034	0.01421	0.01895	0.04092	0.73426	0.04910	0.02326	0.00948	0.00301	0.00431	0.02110	0.00689	0.00603
14	0.01492	0.01412	0.02390	0.58092	0.18440	0.01673	0.02107	0.01976	0.01527	0.02007	0.01335	0.01950	0.01028	0.00725	0.00741	0.00242	0.00967	0.00660	0.00338	0.00898
15	0.01584	0.01346	0.01564	0.01121	0.01778	0.01036	0.00898	0.04143	0.01608	0.02498	0.01336	0.01548	0.01105	0.00562	0.00557	0.00114	0.00559	0.00448	0.00450	0.75746
16	0.01089	0.01032	0.04528	0.01440	0.01663	0.00882	0.12293	0.01353	0.01534	0.02077	0.08158	0.52927	0.04224	0.01900	0.00919	0.00285	0.00598	0.01771	0.00627	0.00701
17	0.79154	0.01436	0.01091	0.00976	0.01436	0.01665	0.00804	0.02182	0.01263	0.03331	0.01034	0.01206	0.00804	0.00689	0.00459	0.00230	0.00574	0.00402	0.00459	0.00804
18	0.01635	0.01410	0.01476	0.01345	0.01728	0.01580	0.01041	0.03315	0.53452	0.02865	0.04005	0.03726	0.16855	0.01198	0.00782	0.00252	0.00541	0.00998	0.00741	0.01055
19	0.79154	0.01436	0.01091	0.00976	0.01436	0.01665	0.00804	0.02182	0.01263	0.03331	0.01034	0.01206	0.00804	0.00689	0.00459	0.00230	0.00574	0.00402	0.00459	0.00804
20	0.00904	0.00646	0.00861	0.01034	0.01077	0.00603	0.00689	0.01034	0.01421	0.01895	0.04092	0.73426	0.04910	0.02326	0.00948	0.00301	0.00431	0.02110	0.00689	0.00603
21	0.01065	0.00779	0.01109	0.01109	0.01213	0.00882	0.00823	0.01272	0.01168	0.01661	0.02065	0.03341	0.02040	0.20513	0.56275	0.01090	0.01711	0.00858	0.00409	0.00616
22	0.01539	0.01319	0.01539	0.01100	0.01759	0.00990	0.00880	0.01869	0.01539	0.02419	0.01319	0.01539	0.01100	0.00550	0.00550	0.00110	0.00550	0.00440	0.00440	0.78449
23	0.01028	0.00738	0.00961	0.00944	0.01088	0.00685	0.00685	0.01323	0.01935	0.02716	0.54626	0.16785	0.06430	0.05457	0.01040	0.00270	0.00383	0.01456	0.00777	0.00671
24	0.00971	0.00756	0.00882	0.00851	0.01060	0.00667	0.00638	0.01247	0.01914	0.02532	0.40752	0.06278	0.35418	0.01684	0.00876	0.00241	0.00362	0.01445	0.00759	0.00667
25	0.02822	0.02079	0.02228	0.01708	0.02302	0.02302	0.01411	0.66804	0.03490	0.04679	0.01782	0.01782	0.01262	0.00891	0.00743	0.00223	0.00817	0.00668	0.00743	0.01262
26	0.00886	0.00752	0.00765	0.00762	0.01008	0.00631	0.00571	0.01083	0.01713	0.02056	0.10716	0.07061	0.65751	0.01861	0.00877	0.00250	0.00375	0.01555	0.00696	0.00631
27	0.00889	0.00753	0.00769	0.00765	0.01010	0.00632	0.00573	0.01089	0.01720	0.02073	0.11771	0.07034	0.64685	0.01855	0.00877	0.00249	0.00374	0.01551	0.00698	0.00632
28	0.02773	0.03538	0.02104	0.01913	0.02295	0.70930	0.01434	0.02964	0.02104	0.01817	0.01148	0.01339	0.00956	0.00765	0.00669	0.00191	0.01339	0.00478	0.00383	0.00861
29	0.01624	0.01624	0.02274	0.01949	0.01949	0.02274	0.01624	0.01787	0.01137	0.01787	0.00975	0.01624	0.00975	0.01299	0.02436	0.00325	0.72552	0.00650	0.00325	0.00812
30	0.02822	0.02079	0.02228	0.01708	0.02302	0.02302	0.01411	0.66804	0.03490	0.04679	0.01782	0.01782	0.01262	0.00891	0.00743	0.00223	0.00817	0.00668	0.00743	0.01262
31	0.01384	0.00692	0.00692	0.00692	0.00865	0.00692	0.00519	0.01730	0.01557	0.02768	0.02422	0.02768	0.01903	0.00865	0.00519	0.00173	0.00346	0.00692	0.78031	0.00692
32	0.01333	0.00963	0.01158	0.01169	0.01331	0.00981	0.00835	0.15419	0.01856	0.02480	0.03495	0.54189	0.03997	0.05739	0.01050	0.00306	0.00530	0.01741	0.00688	0.00739
33	0.01539	0.01319	0.01539	0.01100	0.01759	0.00990	0.00880	0.01869	0.01539	0.02419	0.01319	0.01539	0.01100	0.00550	0.00550	0.00110	0.00550	0.00440	0.00440	0.78449
34	0.02773	0.03538	0.02104	0.01913	0.02295	0.70930	0.01434	0.02964	0.02104	0.01817	0.01148	0.01339	0.00956	0.00765	0.00669	0.00191	0.01339	0.00478	0.00383	0.00861
35	0.03067	0.01686	0.01984	0.01521	0.02106	0.01718	0.01257	0.36345	0.02832	0.36068	0.02335	0.02141	0.01540	0.00905	0.00745	0.00226	0.00728	0.00706	0.00828	0.01263
36	0.01034	0.00758	0.00969	0.00917	0.01099	0.00693	0.00687	0.01369	0.02062	0.02884	0.63001	0.05699	0.12949	0.01552	0.00876	0.00235	0.00353	0.01364	0.00805	0.00693
37	0.00904	0.00646	0.00861	0.01034	0.01077	0.00603	0.00689	0.01034	0.01421	0.01895	0.04092	0.73426	0.04910	0.02326	0.00948	0.00301	0.00431	0.02110	0.00689	0.00603
38	0.01013	0.00752	0.00948	0.00934	0.01109	0.00686	0.00701	0.01313	0.01943	0.02661	0.48396	0.12492	0.17658	0.01687	0.00891	0.00249	0.00380	0.04733	0.00775	0.00677
39	0.01079	0.00722	0.00824	0.00824	0.00828	0.00727	0.00467	0.01089	0.01084	0.01450	0.02326	0.04788	0.02668	0.71426	0.06221	0.00737	0.00766	0.01069	0.00448	0.00458
40	0.01512	0.07123	0.66983	0.02077	0.03152	0.01781	0.02674	0.02345	0.01565	0.02323	0.01318	0.01550	0.00941	0.00702	0.00695	0.00232	0.01083	0.00542	0.00314	0.01090
41	0.57796	0.05804	0.16604	0.01246	0.01856	0.01745	0.01260	0.02222	0.01344	0.03029	0.01100	0.01286	0.00842	0.00690	0.00515	0.00227	0.00702	0.00434	0.00419	0.00877
42	0.01515	0.01491	0.02696	0.52076	0.12490	0.01703	0.13360	0.02026	0.01556	0.02043	0.01360	0.01967	0.01036	0.00712	0.00765	0.00245	0.01023	0.00698	0.00342	0.00897
43	0.01381	0.01042	0.01272	0.01310	0.01524	0.01094	0.01034	0.08817	0.13402	0.02525	0.03597	0.29981	0.03825	0.01841	0.00920	0.00299	0.00591	0.24038	0.00705	0.00803
44	0.03331	0.01263	0.01723	0.01321	0.01895	0.01091	0.01091	0.03618	0.02125	0.69794	0.02929	0.02527	0.01838	0.00919	0.00747	0.00230	0.00632	0.00747	0.00919	0.01263
45	0.01097	0.00793	0.01022	0.00971	0.01147	0.00746	0.00724	0.03639	0.02078	0.02922	0.59722	0.12569	0.06584	0.01581	0.00879	0.00240	0.00375	0.01400	0.00801	0.00710
46	0.01042	0.00758	0.00980	0.00924	0.01103	0.00697	0.00693	0.01383	0.02080	0.02926	0.65643	0.05630	0.10282	0.01537	0.00876	0.00234	0.00352	0.01354	0.00810	0.00697
47	0.01420	0.01345	0.02231	0.66315	0.04851	0.01701	0.02025	0.01888	0.01456	0.01888	0.01291	0.01950	0.00988	0.00788	0.00882	0.00254	0.06915	0.00659	0.00329	0.00824
48	0.03262	0.01279	0.01721	0.01330	0.01897	0.01126	0.01095	0.03633	0.05189	0.66688	0.02933	0.02538	0.01858	0.00923	0.00747	0.00231	0.00630	0.00751	0.00911	0.01259
49	0.01072	0.00771	0.01030	0.01051	0.01212	0.00729	0.00822	0.01398	0.01937	0.02682	0.46362	0.13012	0.06120	0.01730	0.00920	0.00267	0.00441	0.16986	0.00771	0.00687
50	0.01743	0.11707	0.12205	0.02688	0.03419	0.02023	0.46161	0.02317	0.01659	0.02255	0.01387	0.01819	0.01071	0.00679	0.00900	0.00241	0.05615	0.00759	0.00357	0.00995
51	0.01768	0.01836	0.02051	0.01785	0.01899	0.14032	0.01450	0.01960	0.01350	0.01866	0.01169	0.01724	0.01089	0.01460	0.06922	0.00347	0.48050	0.00623	0.04391	0.04228
52	0.00908	0.00756	0.00794	0.00793	0.01033	0.00643	0.00601	0.01120	0.01740	0.02124	0.14466	0.07001	0.59689	0.01844	0.00882	0.00252	0.00383	0.03629	0.00704	0.00637
53	0.01700	0.01390	0.01597	0.01195	0.01793	0.01175	0.00952	0.12586	0.01854	0.02751	0.01627	0.07567	0.01444	0.00754	0.00615	0.00145	0.00584	0.00617	0.00511	0.59143
54	0.01834	0.01706	0.02938	0.07196	0.57503	0.01702	0.06187	0.02275	0.01701	0.04865	0.01669	0.02064	0.03547	0.00715	0.00749	0.00225	0.00883	0.00709	0.00398	0.01134
55	0.56969	0.22400	0.01896	0.01061	0.01571	0.02031	0.00938	0.02194	0.01334	0.02875	0.01033	0.01202	0.00847	0.00674	0.00464	0.00209	0.00637	0.00401	0.00419	0.00847
56	0.02558	0.01699	0.01894	0.01540	0.02061	0.01840	0.01244	0.27370	0.28473	0.19268	0.02537	0.02344	0.01791	0.00943	0.00749	0.00236	0.00684	0.00754	0.00789	0.01228
