[name]
unknown

[dist]
# distance from previous block
# <min> <max>
0	6

[block]
# block no. 0 follows, 23 sequences, length 6
# corresponding to MSA columns:
# 10-15
name=unknown_A
#
# <colnr> <probs for GDERKNQSTAVLIFYWHMCP>
#	G	D	E	R	K	N	Q	S	T	A	V	L	I	F	Y	W	H	M	C	P
0	0.01892	0.09128	0.02618	0.02012	0.02391	0.06546	0.12193	0.08438	0.01970	0.02561	0.02463	0.04505	0.02448	0.01432	0.01250	0.00307	0.13483	0.22865	0.00559	0.00942
1	0.12520	0.01874	0.03149	0.02383	0.02958	0.01961	0.29704	0.11849	0.02005	0.02982	0.01921	0.02353	0.04251	0.01441	0.08121	0.00382	0.07765	0.00851	0.00499	0.01031
2	0.01934	0.01739	0.03030	0.20622	0.03678	0.01910	0.20356	0.02394	0.01699	0.08910	0.01594	0.02098	0.01229	0.00916	0.01271	0.00276	0.17253	0.00778	0.00451	0.07863
3	0.01971	0.11608	0.02979	0.01981	0.02603	0.01925	0.17772	0.05746	0.06805	0.05110	0.01914	0.02171	0.03815	0.00853	0.00953	0.00223	0.08165	0.00733	0.00506	0.22168
4	0.14652	0.01830	0.02432	0.01893	0.02420	0.04700	0.13630	0.13023	0.02150	0.09774	0.08441	0.02343	0.01924	0.00969	0.01008	0.00254	0.09261	0.00780	0.00606	0.07911
5	0.02477	0.06869	0.02809	0.02048	0.02584	0.02241	0.12135	0.31491	0.02696	0.07046	0.02012	0.08228	0.01683	0.01110	0.01093	0.00267	0.10491	0.00894	0.00652	0.01174

[dist]
# distance from previous block
# <min> <max>
34	77

[block]
# block no. 1 follows, 23 sequences, length 65
# corresponding to MSA columns:
# 121-185
name=unknown_B
#
# <colnr> <probs for GDERKNQSTAVLIFYWHMCP>
#	G	D	E	R	K	N	Q	S	T	A	V	L	I	F	Y	W	H	M	C	P
0	0.04806	0.07578	0.01599	0.01237	0.01575	0.03722	0.00965	0.09765	0.08926	0.03015	0.12506	0.14056	0.03252	0.04357	0.00918	0.00263	0.00607	0.01086	0.15059	0.04709
1	0.01920	0.01437	0.01802	0.01435	0.02004	0.01260	0.03629	0.10258	0.02041	0.08150	0.02349	0.09378	0.02174	0.01101	0.00775	0.00209	0.00687	0.09289	0.00628	0.39476
2	0.01099	0.00819	0.01061	0.01156	0.01303	0.00730	0.00806	0.01281	0.01585	0.02167	0.04043	0.58622	0.04756	0.02259	0.00979	0.00302	0.00501	0.04599	0.00715	0.11219
3	0.03031	0.01273	0.01683	0.01319	0.01870	0.01100	0.01074	0.03361	0.02212	0.49361	0.09506	0.03037	0.02533	0.01033	0.00791	0.00235	0.00623	0.00850	0.07630	0.07477
4	0.01532	0.01442	0.02434	0.69533	0.05589	0.01803	0.02253	0.02073	0.01622	0.02073	0.01442	0.02163	0.01082	0.00811	0.00811	0.00270	0.01082	0.00721	0.00361	0.00901
5	0.01122	0.00828	0.01048	0.00993	0.01196	0.00754	0.00745	0.01480	0.02235	0.03107	0.57984	0.06303	0.15757	0.01714	0.00957	0.00258	0.00387	0.01501	0.00874	0.00754
6	0.01572	0.01482	0.02505	0.64219	0.10597	0.01813	0.02273	0.02108	0.01641	0.02121	0.01449	0.02151	0.01098	0.00804	0.00811	0.00268	0.01072	0.00721	0.00364	0.00933
7	0.00986	0.00717	0.00931	0.01102	0.01170	0.00661	0.00741	0.01133	0.01580	0.02082	0.04813	0.65211	0.10890	0.02498	0.01029	0.00324	0.00465	0.02253	0.00753	0.00661
8	0.03018	0.02209	0.02364	0.01820	0.02450	0.02442	0.01501	0.61098	0.03726	0.05025	0.01978	0.01994	0.01410	0.00973	0.00801	0.00241	0.00871	0.00732	0.03995	0.01354
9	0.02149	0.69363	0.06678	0.01424	0.02138	0.03160	0.01450	0.02435	0.01651	0.01934	0.01141	0.01317	0.01041	0.00697	0.00530	0.00177	0.00881	0.00440	0.00347	0.01047
10	0.00977	0.00817	0.00851	0.00855	0.01110	0.00691	0.00637	0.01196	0.01875	0.02281	0.13206	0.10780	0.57853	0.02044	0.00963	0.00275	0.00411	0.01720	0.00766	0.00691
11	0.09780	0.01239	0.01436	0.01281	0.01637	0.01246	0.00989	0.11256	0.05369	0.15492	0.15950	0.20926	0.06990	0.01557	0.00875	0.00273	0.00579	0.01327	0.00816	0.00981
12	0.01827	0.01475	0.01723	0.01241	0.01955	0.01147	0.00996	0.04738	0.01801	0.05552	0.01540	0.01741	0.01245	0.00634	0.00619	0.00131	0.00617	0.00506	0.00518	0.69994
13	0.01192	0.00906	0.01321	0.01303	0.01426	0.01065	0.00999	0.01447	0.01288	0.01855	0.02157	0.03334	0.02074	0.12538	0.58410	0.01203	0.05443	0.00893	0.00437	0.00709
14	0.02059	0.58113	0.17140	0.01577	0.02375	0.02939	0.01718	0.02458	0.01662	0.02044	0.01195	0.01386	0.01039	0.00710	0.00572	0.00191	0.00936	0.00468	0.00346	0.01074
15	0.77215	0.01569	0.01193	0.01067	0.01569	0.01820	0.00879	0.02385	0.01381	0.03641	0.01130	0.01318	0.00879	0.00753	0.00502	0.00251	0.00628	0.00439	0.00502	0.00879
16	0.03466	0.01386	0.01865	0.01422	0.02058	0.01183	0.01172	0.03784	0.02265	0.61251	0.03044	0.02666	0.01937	0.00968	0.00797	0.00239	0.00682	0.00786	0.00958	0.08069
17	0.01683	0.01442	0.01683	0.01202	0.01923	0.01082	0.00961	0.02043	0.01683	0.02644	0.01442	0.01683	0.01202	0.00601	0.00601	0.00120	0.00601	0.00481	0.00481	0.76444
18	0.07355	0.01568	0.01788	0.01488	0.01981	0.01638	0.01213	0.20560	0.11401	0.20305	0.07947	0.03334	0.02529	0.01153	0.00816	0.00259	0.00694	0.06189	0.06601	0.01180
19	0.47378	0.05025	0.01530	0.01162	0.01733	0.01684	0.00958	0.02459	0.04707	0.05821	0.01402	0.01555	0.01095	0.00739	0.00557	0.00215	0.00636	0.00489	0.00525	0.20330
20	0.06169	0.01577	0.01822	0.01392	0.02019	0.01456	0.01128	0.15325	0.04866	0.17367	0.06514	0.02317	0.01903	0.00869	0.00721	0.00197	0.00669	0.00691	0.00708	0.32292
21	0.01159	0.00869	0.01304	0.01304	0.01449	0.01014	0.01014	0.01449	0.01304	0.01884	0.02173	0.03188	0.02029	0.06086	0.68268	0.01304	0.02173	0.00869	0.00435	0.00724
22	0.04313	0.00906	0.01183	0.01189	0.01402	0.00847	0.00891	0.01810	0.01901	0.13357	0.20101	0.33779	0.05162	0.01958	0.00967	0.00299	0.00519	0.07767	0.00822	0.00825
23	0.01673	0.01586	0.02688	0.50442	0.23580	0.01840	0.02324	0.02197	0.01689	0.02244	0.01467	0.02117	0.01142	0.00785	0.00809	0.00262	0.01047	0.00722	0.00373	0.01015
24	0.03641	0.01381	0.01883	0.01444	0.02071	0.01193	0.01193	0.03954	0.02322	0.66984	0.03201	0.02762	0.02009	0.01004	0.00816	0.00251	0.00690	0.00816	0.01004	0.01381
25	0.01133	0.00824	0.01071	0.01046	0.01228	0.00761	0.00786	0.01485	0.02186	0.03052	0.54361	0.12094	0.10188	0.01788	0.00973	0.00269	0.00411	0.04726	0.00866	0.00751
26	0.01710	0.14545	0.57656	0.02172	0.03294	0.02087	0.02752	0.02548	0.01703	0.02469	0.01406	0.01650	0.01030	0.00759	0.00733	0.00244	0.01149	0.00574	0.00343	0.01175
27	0.03494	0.01474	0.01923	0.01490	0.02109	0.01349	0.01226	0.08657	0.06422	0.58095	0.03110	0.02715	0.01989	0.01008	0.00816	0.00252	0.00703	0.00816	0.00978	0.01375
28	0.00996	0.00709	0.00939	0.01120	0.01165	0.00664	0.00743	0.01132	0.01539	0.02051	0.04396	0.68328	0.05270	0.05300	0.01159	0.00348	0.00483	0.02262	0.00743	0.00652
29	0.03044	0.02123	0.02303	0.01775	0.02398	0.02320	0.01463	0.55790	0.03587	0.09796	0.02082	0.02069	0.01466	0.00975	0.00799	0.00241	0.00850	0.00739	0.04835	0.01347
30	0.57839	0.01478	0.01257	0.01125	0.01584	0.01674	0.00909	0.02490	0.07200	0.05552	0.10231	0.02162	0.01980	0.00916	0.00603	0.00254	0.00598	0.00634	0.00600	0.00915
31	0.03085	0.02273	0.02435	0.01867	0.02516	0.02516	0.01542	0.63716	0.03815	0.05114	0.01948	0.01948	0.01380	0.00974	0.00812	0.00244	0.00893	0.00731	0.00812	0.01380
32	0.00989	0.00706	0.00942	0.01130	0.01177	0.00659	0.00753	0.01130	0.01554	0.02071	0.04472	0.70954	0.05367	0.02542	0.01036	0.00330	0.00471	0.02307	0.00753	0.00659
33	0.01464	0.07361	0.01622	0.01487	0.01748	0.01269	0.01282	0.02076	0.10403	0.02494	0.03888	0.10916	0.04086	0.01965	0.01023	0.00340	0.00729	0.44283	0.00723	0.00842
34	0.01532	0.01442	0.02434	0.69533	0.05589	0.01803	0.02253	0.02073	0.01622	0.02073	0.01442	0.02163	0.01082	0.00811	0.00811	0.00270	0.01082	0.00721	0.00361	0.00901
35	0.01700	0.01676	0.02228	0.01955	0.02003	0.05040	0.01606	0.01903	0.01302	0.01940	0.01307	0.02059	0.01267	0.02377	0.16394	0.00549	0.52729	0.00735	0.00375	0.00856
36	0.03031	0.03867	0.02299	0.02090	0.02508	0.68226	0.01568	0.03240	0.02299	0.01986	0.01254	0.01463	0.01045	0.00836	0.00732	0.00209	0.01463	0.00523	0.00418	0.00941
37	0.03641	0.01381	0.01883	0.01444	0.02071	0.01193	0.01193	0.03954	0.02322	0.66984	0.03201	0.02762	0.02009	0.01004	0.00816	0.00251	0.00690	0.00816	0.01004	0.01381
38	0.03451	0.01509	0.01945	0.01498	0.02113	0.01398	0.01235	0.13881	0.02572	0.54146	0.05419	0.02753	0.02122	0.01025	0.00821	0.00250	0.00713	0.00827	0.00968	0.01357
39	0.01123	0.00822	0.01054	0.01009	0.01200	0.00753	0.00752	0.01477	0.02217	0.03096	0.57566	0.09677	0.12741	0.01741	0.00961	0.00261	0.00390	0.01534	0.00873	0.00753
40	0.00960	0.00816	0.00828	0.00837	0.01100	0.00684	0.00623	0.01163	0.01835	0.02186	0.08032	0.10978	0.63045	0.02079	0.00963	0.00277	0.00414	0.01742	0.00753	0.00684
41	0.01627	0.04197	0.67279	0.02313	0.03512	0.01884	0.02998	0.02570	0.01713	0.02570	0.01456	0.01713	0.01028	0.00771	0.00771	0.00257	0.01199	0.00600	0.00343	0.01199
42	0.01013	0.00729	0.00938	0.01081	0.01149	0.00678	0.00723	0.01162	0.01590	0.02113	0.08487	0.56917	0.09565	0.08214	0.01284	0.00359	0.00487	0.02118	0.00740	0.00654
43	0.67366	0.01745	0.04139	0.01192	0.01737	0.01885	0.01029	0.07857	0.01612	0.03726	0.01217	0.01391	0.00930	0.00774	0.00541	0.00251	0.00676	0.00472	0.00523	0.00937
44	0.08965	0.02244	0.02164	0.01713	0.02321	0.10502	0.01387	0.37473	0.06108	0.06700	0.01844	0.01886	0.01353	0.00897	0.00749	0.00225	0.00884	0.00660	0.00701	0.11225
45	0.04608	0.18286	0.46083	0.02154	0.05274	0.05493	0.02491	0.02564	0.01721	0.02443	0.01367	0.01610	0.01035	0.00756	0.00707	0.00236	0.01113	0.00559	0.00355	0.01144
46	0.08411	0.63146	0.03898	0.01364	0.02040	0.03010	0.01338	0.02491	0.01656	0.04844	0.01217	0.01366	0.01069	0.00712	0.00532	0.00183	0.00840	0.00451	0.00388	0.01042
47	0.06800	0.01567	0.01885	0.01519	0.02097	0.01563	0.01233	0.09297	0.19231	0.41254	0.03014	0.02689	0.02022	0.01015	0.00803	0.00257	0.00692	0.00817	0.00914	0.01330
48	0.03605	0.01438	0.01918	0.01471	0.02100	0.01277	0.01215	0.07755	0.02417	0.63049	0.03122	0.02710	0.01969	0.01002	0.00816	0.00251	0.00703	0.00811	0.00992	0.01381
49	0.00999	0.00727	0.00943	0.01093	0.01173	0.00670	0.00742	0.01166	0.01641	0.02180	0.09872	0.59965	0.10985	0.02426	0.01022	0.00318	0.00458	0.02185	0.00765	0.00670
50	0.01213	0.00892	0.01178	0.01332	0.01498	0.00877	0.01081	0.01586	0.04483	0.02344	0.04678	0.26607	0.10620	0.02262	0.01068	0.00347	0.00631	0.35812	0.00753	0.00739
51	0.01563	0.01473	0.02488	0.65428	0.09457	0.01811	0.02269	0.02100	0.01637	0.02110	0.01448	0.02153	0.01095	0.00806	0.00811	0.00269	0.01074	0.00721	0.00363	0.00926
52	0.01513	0.00756	0.00756	0.00756	0.00945	0.00756	0.00567	0.01891	0.01702	0.03025	0.02647	0.03025	0.02080	0.00945	0.00567	0.00189	0.00378	0.00756	0.75988	0.00756
53	0.63038	0.01533	0.01326	0.01140	0.01666	0.01699	0.00939	0.02688	0.01562	0.15846	0.01529	0.01596	0.01096	0.00802	0.00563	0.00251	0.00640	0.00512	0.00599	0.00976
54	0.00986	0.00716	0.00931	0.01102	0.01170	0.00661	0.00741	0.01133	0.01580	0.02082	0.04806	0.65328	0.10777	0.02499	0.01029	0.00325	0.00465	0.02254	0.00753	0.00661
55	0.01703	0.13644	0.58494	0.02184	0.03313	0.02069	0.02774	0.02550	0.01704	0.02478	0.01410	0.01656	0.01030	0.00760	0.00736	0.00245	0.01153	0.00576	0.00343	0.01177
56	0.07354	0.01727	0.02054	0.01583	0.02212	0.01725	0.01308	0.26406	0.02835	0.40276	0.02618	0.02378	0.01711	0.00980	0.00798	0.00248	0.00763	0.00764	0.00905	0.01354
57	0.06120	0.01560	0.01945	0.01505	0.02114	0.01488	0.01240	0.16923	0.02615	0.48319	0.05548	0.02672	0.02072	0.01017	0.00810	0.00250	0.00719	0.00811	0.00939	0.01336
58	0.01578	0.01489	0.02517	0.63289	0.11473	0.01815	0.02276	0.02114	0.01644	0.02129	0.01450	0.02148	0.01101	0.00803	0.00810	0.00268	0.01070	0.00721	0.00365	0.00939
59	0.01025	0.00732	0.00983	0.01146	0.01204	0.00705	0.00783	0.01180	0.01526	0.02045	0.04180	0.59684	0.04943	0.06289	0.06730	0.00434	0.00638	0.04399	0.00714	0.00659
60	0.01165	0.00846	0.01186	0.01186	0.01291	0.00950	0.00868	0.01373	0.01269	0.01797	0.02281	0.03784	0.02287	0.24450	0.50257	0.01159	0.01784	0.00957	0.00451	0.00659
61	0.01172	0.00783	0.00887	0.00896	0.00898	0.00781	0.00503	0.01178	0.01196	0.01595	0.02640	0.08160	0.03055	0.68490	0.03996	0.00767	0.00773	0.01229	0.00503	0.00499
62	0.01612	0.01524	0.02578	0.58715	0.15783	0.01824	0.02293	0.02143	0.01660	0.02170	0.01456	0.02137	0.01116	0.00796	0.00810	0.00265	0.01062	0.00721	0.00367	0.00966
63	0.02440	0.01985	0.02030	0.01726	0.02244	0.05447	0.01368	0.21093	0.41816	0.06504	0.02811	0.02632	0.02074	0.01048	0.00817	0.00262	0.00757	0.00840	0.00809	0.01298
64	0.01551	0.01461	0.02467	0.67001	0.07975	0.01808	0.02263	0.02090	0.01631	0.02096	0.01446	0.02157	0.01090	0.00808	0.00811	0.00269	0.01077	0.00721	0.00362	0.00916

[dist]
# distance from previous block
# <min> <max>
0	16

[block]
# block no. 2 follows, 23 sequences, length 12
# corresponding to MSA columns:
# 202-213
name=unknown_C
#
# <colnr> <probs for GDERKNQSTAVLIFYWHMCP>
#	G	D	E	R	K	N	Q	S	T	A	V	L	I	F	Y	W	H	M	C	P
0	0.16108	0.02177	0.02578	0.03471	0.38502	0.14659	0.01912	0.02544	0.01848	0.02681	0.01761	0.02088	0.04662	0.00822	0.00742	0.00238	0.00968	0.00685	0.00442	0.01111
1	0.48560	0.01624	0.01572	0.01530	0.07410	0.01789	0.01110	0.11140	0.01878	0.03676	0.07570	0.01948	0.01659	0.00862	0.00623	0.00243	0.00671	0.00608	0.00575	0.04954
2	0.21637	0.02256	0.01926	0.01622	0.02156	0.15322	0.01290	0.20410	0.14571	0.03616	0.01829	0.01882	0.01386	0.00890	0.00706	0.00236	0.00872	0.00634	0.00635	0.06125
3	0.01579	0.01471	0.02376	0.62971	0.05252	0.01824	0.02160	0.02290	0.07745	0.02201	0.01622	0.02247	0.01217	0.00839	0.00813	0.00271	0.01039	0.00740	0.00406	0.00938
4	0.70677	0.01631	0.01302	0.01138	0.01653	0.01882	0.00937	0.07794	0.01596	0.03771	0.01202	0.01374	0.00923	0.00773	0.00529	0.00250	0.00651	0.00465	0.00529	0.00923
5	0.01118	0.00803	0.01046	0.01036	0.01188	0.00745	0.00749	0.01433	0.02090	0.02930	0.50393	0.19033	0.06955	0.05432	0.01136	0.00297	0.00421	0.01621	0.00844	0.00730
6	0.01545	0.01151	0.01531	0.01417	0.01663	0.01315	0.01120	0.13933	0.01807	0.02531	0.02128	0.02939	0.01899	0.05061	0.54744	0.01091	0.01917	0.00842	0.00510	0.00856
7	0.01390	0.01078	0.01484	0.01769	0.07898	0.01088	0.01329	0.01915	0.07418	0.02493	0.04258	0.11916	0.08980	0.01999	0.01046	0.00341	0.00714	0.41326	0.00722	0.00836
8	0.01159	0.00869	0.01304	0.01304	0.01449	0.01014	0.01014	0.01449	0.01304	0.01884	0.02173	0.03188	0.02029	0.06086	0.68268	0.01304	0.02173	0.00869	0.00435	0.00724
9	0.01532	0.01442	0.02434	0.69533	0.05589	0.01803	0.02253	0.02073	0.01622	0.02073	0.01442	0.02163	0.01082	0.00811	0.00811	0.00270	0.01082	0.00721	0.00361	0.00901
10	0.03451	0.01387	0.01864	0.01420	0.02057	0.01182	0.01170	0.03770	0.02261	0.60764	0.03031	0.02657	0.01931	0.00965	0.00795	0.00238	0.00682	0.00784	0.00954	0.08637
11	0.77215	0.01569	0.01193	0.01067	0.01569	0.01820	0.00879	0.02385	0.01381	0.03641	0.01130	0.01318	0.00879	0.00753	0.00502	0.00251	0.00628	0.00439	0.00502	0.00879

[dist]
# distance from previous block
# <min> <max>
0	1

[block]
# block no. 3 follows, 23 sequences, length 67
# corresponding to MSA columns:
# 215-281
name=unknown_D
#
# <colnr> <probs for GDERKNQSTAVLIFYWHMCP>
#	G	D	E	R	K	N	Q	S	T	A	V	L	I	F	Y	W	H	M	C	P
0	0.01532	0.01442	0.02434	0.69533	0.05589	0.01803	0.02253	0.02073	0.01622	0.02073	0.01442	0.02163	0.01082	0.00811	0.00811	0.00270	0.01082	0.00721	0.00361	0.00901
1	0.03143	0.01606	0.01978	0.01500	0.02150	0.01489	0.01233	0.17918	0.02561	0.40177	0.02573	0.02366	0.01708	0.00922	0.00775	0.00225	0.00722	0.00733	0.00861	0.15360
2	0.01037	0.00751	0.00980	0.01079	0.01183	0.00694	0.00750	0.01257	0.01801	0.02446	0.23822	0.47305	0.09402	0.02241	0.01007	0.00303	0.00440	0.02013	0.00797	0.00694
3	0.01627	0.04197	0.67279	0.02313	0.03512	0.01884	0.02998	0.02570	0.01713	0.02570	0.01456	0.01713	0.01028	0.00771	0.00771	0.00257	0.01199	0.00600	0.00343	0.01199
4	0.02169	0.71972	0.04252	0.01388	0.02083	0.03211	0.01388	0.02430	0.01649	0.01909	0.01128	0.01302	0.01041	0.00694	0.00521	0.00174	0.00868	0.00434	0.00347	0.01041
5	0.05579	0.00941	0.01210	0.01219	0.01357	0.00969	0.00901	0.07109	0.01622	0.02268	0.05204	0.19793	0.03049	0.02460	0.04293	0.30615	0.00709	0.09488	0.00579	0.00635
6	0.02169	0.71972	0.04252	0.01388	0.02083	0.03211	0.01388	0.02430	0.01649	0.01909	0.01128	0.01302	0.01041	0.00694	0.00521	0.00174	0.00868	0.00434	0.00347	0.01041
7	0.02879	0.02121	0.02302	0.01801	0.02394	0.02345	0.01476	0.57311	0.03569	0.04791	0.02080	0.05280	0.01604	0.01331	0.04554	0.00306	0.00944	0.00813	0.00788	0.01310
8	0.02985	0.02177	0.02329	0.01797	0.02417	0.02405	0.01481	0.59804	0.03681	0.04982	0.01992	0.02016	0.01424	0.00972	0.00796	0.00240	0.00860	0.00732	0.05568	0.01340
9	0.01683	0.01442	0.01683	0.01202	0.01923	0.01082	0.00961	0.02043	0.01683	0.02644	0.01442	0.01683	0.01202	0.00601	0.00601	0.00120	0.00601	0.00481	0.00481	0.76444
10	0.01683	0.01442	0.01683	0.01202	0.01923	0.01082	0.00961	0.02043	0.01683	0.02644	0.01442	0.01683	0.01202	0.00601	0.00601	0.00120	0.00601	0.00481	0.00481	0.76444
11	0.01513	0.00756	0.00756	0.00756	0.00945	0.00756	0.00567	0.01891	0.01702	0.03025	0.02647	0.03025	0.02080	0.00945	0.00567	0.00189	0.00378	0.00756	0.75988	0.00756
12	0.01308	0.00934	0.01308	0.01494	0.01681	0.00934	0.01308	0.01681	0.01868	0.02428	0.04296	0.09153	0.04670	0.02242	0.01121	0.00374	0.00747	0.60960	0.00747	0.00747
13	0.07492	0.01467	0.01867	0.01462	0.02069	0.01366	0.01201	0.06755	0.08058	0.54760	0.03037	0.02668	0.01960	0.00998	0.00799	0.00253	0.00692	0.00801	0.00951	0.01345
14	0.01893	0.37393	0.36409	0.01860	0.02812	0.02534	0.02210	0.02501	0.01682	0.02246	0.01295	0.01512	0.01034	0.00733	0.00648	0.00216	0.01037	0.00518	0.00345	0.01122
15	0.01114	0.00899	0.01000	0.00962	0.01220	0.00822	0.00725	0.01553	0.07084	0.02680	0.29119	0.06781	0.39444	0.01832	0.00948	0.00267	0.00419	0.01558	0.00811	0.00763
16	0.01180	0.00787	0.00885	0.00885	0.00885	0.00787	0.00492	0.01180	0.01180	0.01573	0.02557	0.05310	0.02950	0.71483	0.04130	0.00787	0.00787	0.01180	0.00492	0.00492
17	0.01558	0.01469	0.02481	0.66001	0.08917	0.01810	0.02266	0.02096	0.01635	0.02105	0.01447	0.02155	0.01093	0.00806	0.00811	0.00269	0.01075	0.00721	0.00363	0.00922
18	0.01513	0.00756	0.00756	0.00756	0.00945	0.00756	0.00567	0.01891	0.01702	0.03025	0.02647	0.03025	0.02080	0.00945	0.00567	0.00189	0.00378	0.00756	0.75988	0.00756
19	0.01229	0.00878	0.01217	0.01405	0.01557	0.00866	0.01171	0.01545	0.01791	0.02340	0.04340	0.24363	0.04841	0.02316	0.01100	0.00363	0.00679	0.46525	0.00749	0.00725
20	0.77215	0.01569	0.01193	0.01067	0.01569	0.01820	0.00879	0.02385	0.01381	0.03641	0.01130	0.01318	0.00879	0.00753	0.00502	0.00251	0.00628	0.00439	0.00502	0.00879
21	0.01965	0.01884	0.03215	0.10872	0.60870	0.01917	0.02469	0.02452	0.01827	0.02598	0.01519	0.02022	0.01267	0.00731	0.00804	0.00244	0.00975	0.00723	0.00398	0.01250
22	0.02886	0.01214	0.01641	0.01316	0.01811	0.01063	0.01063	0.03221	0.02315	0.47697	0.22204	0.03760	0.03718	0.01202	0.00859	0.00252	0.00597	0.01013	0.00971	0.01195
23	0.03610	0.01430	0.01914	0.01467	0.02096	0.01266	0.01212	0.07261	0.02405	0.63561	0.03132	0.02717	0.01974	0.01003	0.00816	0.00251	0.00702	0.00811	0.00994	0.01381
24	0.01543	0.01457	0.02436	0.66630	0.05440	0.01832	0.02233	0.02068	0.01606	0.02068	0.01426	0.02147	0.01081	0.00837	0.00891	0.00274	0.04050	0.00721	0.00360	0.00901
25	0.03199	0.01339	0.01782	0.01397	0.01954	0.01196	0.01142	0.06861	0.02401	0.53064	0.13474	0.03260	0.02904	0.01110	0.00839	0.00251	0.00651	0.00919	0.00975	0.01280
26	0.03475	0.01437	0.01897	0.01463	0.02073	0.01294	0.01205	0.09326	0.02458	0.58379	0.05971	0.02839	0.02210	0.01032	0.00822	0.00251	0.00695	0.00838	0.00982	0.01353
27	0.00987	0.00711	0.00936	0.01116	0.01173	0.00660	0.00747	0.01131	0.01567	0.02077	0.04639	0.68142	0.08071	0.02520	0.01032	0.00327	0.00468	0.02280	0.00753	0.00660
28	0.02117	0.01352	0.01419	0.01196	0.01559	0.01448	0.00947	0.26109	0.02512	0.03792	0.02370	0.02684	0.01836	0.03468	0.00790	0.00232	0.00595	0.00761	0.43821	0.00991
29	0.03559	0.01399	0.01881	0.01454	0.02073	0.01234	0.01197	0.03972	0.05486	0.63771	0.03206	0.02775	0.02032	0.01009	0.00816	0.00252	0.00688	0.00821	0.00995	0.01376
30	0.00968	0.00822	0.00835	0.00832	0.01102	0.00689	0.00624	0.01182	0.01871	0.02244	0.11043	0.07724	0.63237	0.02036	0.00959	0.00273	0.00410	0.01701	0.00760	0.00689
31	0.03641	0.01381	0.01883	0.01444	0.02071	0.01193	0.01193	0.03954	0.02322	0.66984	0.03201	0.02762	0.02009	0.01004	0.00816	0.00251	0.00690	0.00816	0.01004	0.01381
32	0.01532	0.01442	0.02434	0.69533	0.05589	0.01803	0.02253	0.02073	0.01622	0.02073	0.01442	0.02163	0.01082	0.00811	0.00811	0.00270	0.01082	0.00721	0.00361	0.00901
33	0.01712	0.01682	0.02364	0.02046	0.02060	0.02334	0.01697	0.01901	0.01249	0.01946	0.01179	0.01920	0.01164	0.01899	0.09395	0.00452	0.63038	0.00726	0.00363	0.00871
34	0.00989	0.00706	0.00942	0.01130	0.01177	0.00659	0.00753	0.01130	0.01554	0.02071	0.04472	0.70954	0.05367	0.02542	0.01036	0.00330	0.00471	0.02307	0.00753	0.00659
35	0.01532	0.01442	0.02434	0.69533	0.05589	0.01803	0.02253	0.02073	0.01622	0.02073	0.01442	0.02163	0.01082	0.00811	0.00811	0.00270	0.01082	0.00721	0.00361	0.00901
36	0.00989	0.00706	0.00942	0.01130	0.01177	0.00659	0.00753	0.01130	0.01554	0.02071	0.04472	0.70954	0.05367	0.02542	0.01036	0.00330	0.00471	0.02307	0.00753	0.00659
37	0.01547	0.01472	0.02527	0.66926	0.05535	0.01813	0.04668	0.02094	0.01634	0.02094	0.01450	0.02164	0.01088	0.00806	0.00817	0.00271	0.01093	0.00730	0.00363	0.00909
38	0.03085	0.02273	0.02435	0.01867	0.02516	0.02516	0.01542	0.63716	0.03815	0.05114	0.01948	0.01948	0.01380	0.00974	0.00812	0.00244	0.00893	0.00731	0.00812	0.01380
39	0.02169	0.71972	0.04252	0.01388	0.02083	0.03211	0.01388	0.02430	0.01649	0.01909	0.01128	0.01302	0.01041	0.00694	0.00521	0.00174	0.00868	0.00434	0.00347	0.01041
40	0.01388	0.00885	0.01144	0.01047	0.01290	0.00802	0.00797	0.01748	0.02261	0.09693	0.54610	0.05873	0.12083	0.01626	0.00943	0.00256	0.00417	0.01422	0.00893	0.00822
41	0.01180	0.00787	0.00885	0.00885	0.00885	0.00787	0.00492	0.01180	0.01180	0.01573	0.02557	0.05310	0.02950	0.71483	0.04130	0.00787	0.00787	0.01180	0.00492	0.00492
42	0.03034	0.03787	0.02306	0.02079	0.02509	0.64906	0.01567	0.06295	0.02376	0.02144	0.01289	0.01488	0.01062	0.00843	0.00736	0.00211	0.01434	0.00533	0.00438	0.00963
43	0.01915	0.02007	0.02526	0.02138	0.02253	0.09614	0.04372	0.02126	0.01408	0.02017	0.01129	0.01754	0.01077	0.01286	0.02280	0.00324	0.56239	0.00689	0.00370	0.04476
44	0.01052	0.00752	0.01015	0.01203	0.01278	0.00714	0.00864	0.01240	0.01616	0.02143	0.04437	0.58583	0.05227	0.02482	0.01053	0.00338	0.00526	0.14048	0.00752	0.00677
45	0.01001	0.00715	0.00956	0.01144	0.01196	0.00670	0.00774	0.01151	0.01566	0.02085	0.04466	0.68583	0.05340	0.02531	0.01039	0.00331	0.00481	0.04557	0.00753	0.00662
46	0.02169	0.71972	0.04252	0.01388	0.02083	0.03211	0.01388	0.02430	0.01649	0.01909	0.01128	0.01302	0.01041	0.00694	0.00521	0.00174	0.00868	0.00434	0.00347	0.01041
47	0.02169	0.71972	0.04252	0.01388	0.02083	0.03211	0.01388	0.02430	0.01649	0.01909	0.01128	0.01302	0.01041	0.00694	0.00521	0.00174	0.00868	0.00434	0.00347	0.01041
48	0.02113	0.01895	0.01702	0.01531	0.01897	0.13919	0.01147	0.05686	0.31222	0.06291	0.02983	0.03399	0.05718	0.15182	0.01476	0.00363	0.00823	0.00927	0.00689	0.01039
49	0.01683	0.01442	0.01683	0.01202	0.01923	0.01082	0.00961	0.02043	0.01683	0.02644	0.01442	0.01683	0.01202	0.00601	0.00601	0.00120	0.00601	0.00481	0.00481	0.76444
50	0.00989	0.00706	0.00942	0.01130	0.01177	0.00659	0.00753	0.01130	0.01554	0.02071	0.04472	0.70954	0.05367	0.02542	0.01036	0.00330	0.00471	0.02307	0.00753	0.00659
51	0.02075	0.01430	0.01723	0.01250	0.01953	0.01104	0.01008	0.02426	0.01811	0.15523	0.01794	0.01899	0.01363	0.00682	0.00644	0.00146	0.00619	0.00548	0.00586	0.61418
52	0.02894	0.01316	0.01720	0.01327	0.01917	0.01107	0.01080	0.03219	0.02170	0.45224	0.08817	0.03086	0.05393	0.01033	0.00793	0.00226	0.00631	0.00851	0.00877	0.16317
53	0.02967	0.03733	0.02270	0.02063	0.02483	0.64037	0.01550	0.03308	0.06264	0.02075	0.01384	0.01562	0.01136	0.00853	0.00738	0.00213	0.01411	0.00548	0.00444	0.00962
54	0.01662	0.08485	0.63291	0.02254	0.03421	0.01968	0.02896	0.02561	0.01709	0.02528	0.01435	0.01687	0.01029	0.00766	0.00755	0.00252	0.01178	0.00589	0.00343	0.01189
55	0.02046	0.01028	0.01372	0.01173	0.01522	0.00919	0.00919	0.02404	0.02306	0.26203	0.43382	0.04873	0.05623	0.01423	0.00906	0.00254	0.00494	0.01233	0.00933	0.00987
56	0.03085	0.02273	0.02435	0.01867	0.02516	0.02516	0.01542	0.63716	0.03815	0.05114	0.01948	0.01948	0.01380	0.00974	0.00812	0.00244	0.00893	0.00731	0.00812	0.01380
57	0.03085	0.02273	0.02435	0.01867	0.02516	0.02516	0.01542	0.63716	0.03815	0.05114	0.01948	0.01948	0.01380	0.00974	0.00812	0.00244	0.00893	0.00731	0.00812	0.01380
58	0.03085	0.02273	0.02435	0.01867	0.02516	0.02516	0.01542	0.63716	0.03815	0.05114	0.01948	0.01948	0.01380	0.00974	0.00812	0.00244	0.00893	0.00731	0.00812	0.01380
59	0.01139	0.00829	0.01072	0.01011	0.01207	0.00762	0.00759	0.01514	0.02276	0.03203	0.63235	0.06145	0.10446	0.01678	0.00957	0.00256	0.00384	0.01479	0.00887	0.00762
60	0.01003	0.00717	0.00955	0.01120	0.01180	0.00669	0.00754	0.01166	0.01621	0.02179	0.10087	0.65031	0.05576	0.02462	0.01029	0.00323	0.00463	0.02230	0.00766	0.00669
61	0.01096	0.00789	0.01038	0.01057	0.01201	0.00731	0.00762	0.01400	0.02054	0.02867	0.45854	0.27304	0.06907	0.01948	0.00983	0.00280	0.00412	0.01742	0.00847	0.00731
62	0.03502	0.01400	0.01874	0.01446	0.02055	0.01238	0.01191	0.06767	0.02394	0.61123	0.05936	0.02869	0.02229	0.01032	0.00822	0.00251	0.00687	0.00841	0.00990	0.01353
63	0.02420	0.01855	0.02009	0.01705	0.02220	0.02078	0.01369	0.24448	0.36886	0.07134	0.02897	0.03032	0.02217	0.01125	0.00839	0.00269	0.00737	0.04647	0.00825	0.01288
64	0.01151	0.00848	0.01226	0.01238	0.01358	0.00962	0.00929	0.01393	0.01304	0.01855	0.02369	0.07754	0.02361	0.14462	0.55579	0.01174	0.01883	0.01001	0.00462	0.00690
65	0.02772	0.01784	0.02018	0.01620	0.02154	0.01878	0.01307	0.39145	0.03074	0.16891	0.02880	0.13114	0.05099	0.01274	0.00854	0.00260	0.00765	0.01038	0.00838	0.01236
66	0.01993	0.02122	0.02246	0.01894	0.02188	0.17104	0.03957	0.02236	0.01633	0.02149	0.01457	0.06598	0.01402	0.01153	0.01575	0.00264	0.31065	0.00739	0.00428	0.17796

[dist]
# distance from previous block
# <min> <max>
0	2

[block]
# block no. 4 follows, 23 sequences, length 8
# corresponding to MSA columns:
# 284-291
name=unknown_E
#
# <colnr> <probs for GDERKNQSTAVLIFYWHMCP>
#	G	D	E	R	K	N	Q	S	T	A	V	L	I	F	Y	W	H	M	C	P
0	0.02776	0.02056	0.02223	0.01756	0.02364	0.02250	0.01430	0.43239	0.17946	0.07479	0.02294	0.02223	0.01656	0.00983	0.00802	0.00244	0.00807	0.00763	0.00804	0.05903
1	0.01169	0.00861	0.01067	0.01170	0.01310	0.00826	0.00841	0.05832	0.01797	0.02349	0.04855	0.50284	0.14508	0.02322	0.01015	0.00319	0.00518	0.07475	0.00757	0.00725
2	0.01890	0.02116	0.04381	0.03192	0.03868	0.02129	0.52569	0.02485	0.01796	0.02485	0.01540	0.02116	0.01202	0.00814	0.01259	0.00288	0.13499	0.00914	0.00401	0.01058
3	0.02867	0.03588	0.02563	0.02420	0.07755	0.58013	0.06229	0.03133	0.02235	0.02085	0.01305	0.01561	0.01078	0.00816	0.00754	0.00216	0.01416	0.00571	0.00416	0.00980
4	0.63834	0.01426	0.01115	0.01012	0.01459	0.01632	0.00824	0.02298	0.01438	0.03532	0.01398	0.01620	0.01091	0.00787	0.00514	0.00240	0.00584	0.00495	0.13844	0.00857
5	0.01971	0.01890	0.03227	0.09978	0.61713	0.01918	0.02472	0.02458	0.01830	0.02606	0.01520	0.02020	0.01270	0.00730	0.00804	0.00243	0.00973	0.00723	0.00398	0.01256
6	0.47703	0.01489	0.01364	0.01188	0.01630	0.01672	0.00966	0.07054	0.01688	0.03388	0.06624	0.02360	0.06717	0.01178	0.03335	0.00291	0.04765	0.00676	0.00564	0.05349
7	0.03412	0.01568	0.01977	0.01535	0.02153	0.01493	0.01262	0.14546	0.07602	0.50956	0.02988	0.02639	0.01935	0.01007	0.00816	0.00252	0.00722	0.00809	0.00956	0.01373

[dist]
# distance from previous block
# <min> <max>
5	12

[block]
# block no. 5 follows, 23 sequences, length 62
# corresponding to MSA columns:
# 304-365
name=unknown_F
#
# <colnr> <probs for GDERKNQSTAVLIFYWHMCP>
#	G	D	E	R	K	N	Q	S	T	A	V	L	I	F	Y	W	H	M	C	P
0	0.43372	0.01318	0.01191	0.01071	0.01469	0.01452	0.00864	0.02136	0.01594	0.07250	0.05520	0.03101	0.14677	0.01125	0.00758	0.00256	0.04336	0.00807	0.06844	0.00857
1	0.01627	0.04197	0.67279	0.02313	0.03512	0.01884	0.02998	0.02570	0.01713	0.02570	0.01456	0.01713	0.01028	0.00771	0.00771	0.00257	0.01199	0.00600	0.00343	0.01199
2	0.01234	0.00903	0.01109	0.01031	0.01241	0.00853	0.00766	0.04844	0.02229	0.03081	0.49996	0.05986	0.14044	0.07674	0.01222	0.00303	0.00449	0.01433	0.00837	0.00766
3	0.01627	0.04197	0.67279	0.02313	0.03512	0.01884	0.02998	0.02570	0.01713	0.02570	0.01456	0.01713	0.01028	0.00771	0.00771	0.00257	0.01199	0.00600	0.00343	0.01199
4	0.02008	0.01928	0.03294	0.04981	0.66422	0.01928	0.02490	0.02490	0.01848	0.02651	0.01526	0.02008	0.01285	0.00723	0.00803	0.00241	0.00964	0.00723	0.00402	0.01285
5	0.77215	0.01569	0.01193	0.01067	0.01569	0.01820	0.00879	0.02385	0.01381	0.03641	0.01130	0.01318	0.00879	0.00753	0.00502	0.00251	0.00628	0.00439	0.00502	0.00879
6	0.00989	0.00706	0.00942	0.01130	0.01177	0.00659	0.00753	0.01130	0.01554	0.02071	0.04472	0.70954	0.05367	0.02542	0.01036	0.00330	0.00471	0.02307	0.00753	0.00659
7	0.00995	0.00711	0.00947	0.01125	0.01178	0.00663	0.00754	0.01146	0.01584	0.02120	0.06986	0.68302	0.05460	0.02506	0.01032	0.00326	0.00467	0.02272	0.00759	0.00663
8	0.01959	0.01676	0.01791	0.01638	0.02074	0.01928	0.01286	0.04094	0.59732	0.03314	0.03385	0.03535	0.02659	0.01195	0.00850	0.00283	0.00651	0.05889	0.00819	0.01240
9	0.01003	0.00716	0.00958	0.01146	0.01200	0.00671	0.00778	0.01155	0.01568	0.02087	0.04464	0.68161	0.05335	0.02529	0.01040	0.00332	0.00483	0.04957	0.00753	0.00663
10	0.01053	0.00815	0.00892	0.00879	0.01068	0.00727	0.00617	0.01245	0.01778	0.02261	0.18874	0.06830	0.38381	0.19045	0.01738	0.00396	0.00497	0.01530	0.00718	0.00654
11	0.02763	0.01963	0.02092	0.01640	0.02195	0.02156	0.01343	0.51073	0.03383	0.04687	0.02091	0.02168	0.01523	0.00968	0.00762	0.00232	0.00788	0.00736	0.16185	0.01252
12	0.03085	0.02273	0.02435	0.01867	0.02516	0.02516	0.01542	0.63716	0.03815	0.05114	0.01948	0.01948	0.01380	0.00974	0.00812	0.00244	0.00893	0.00731	0.00812	0.01380
13	0.02169	0.71972	0.04252	0.01388	0.02083	0.03211	0.01388	0.02430	0.01649	0.01909	0.01128	0.01302	0.01041	0.00694	0.00521	0.00174	0.00868	0.00434	0.00347	0.01041
14	0.23389	0.02166	0.01924	0.01597	0.02144	0.13683	0.01283	0.20824	0.08367	0.14154	0.01934	0.01924	0.01389	0.00906	0.00715	0.00244	0.00864	0.00645	0.00690	0.01156
15	0.01841	0.01548	0.01764	0.01312	0.01995	0.01315	0.01049	0.07516	0.09466	0.02942	0.01708	0.01867	0.01370	0.00692	0.00646	0.00149	0.00630	0.00554	0.00550	0.61082
16	0.73431	0.01532	0.01187	0.01065	0.01551	0.01768	0.00873	0.02343	0.01426	0.03621	0.04356	0.01554	0.01216	0.00798	0.00525	0.00251	0.00616	0.00491	0.00522	0.00873
17	0.01004	0.00757	0.00929	0.01027	0.01159	0.00682	0.00716	0.01199	0.01747	0.02279	0.14576	0.43533	0.22901	0.02274	0.01002	0.00303	0.00441	0.02015	0.00774	0.00682
18	0.01865	0.02085	0.04500	0.03261	0.04029	0.01959	0.58327	0.02523	0.01911	0.02585	0.01861	0.02765	0.01516	0.00813	0.00971	0.00282	0.01317	0.05926	0.00438	0.01066
19	0.01139	0.00829	0.01072	0.01011	0.01207	0.00762	0.00758	0.01513	0.02275	0.03202	0.63184	0.06146	0.10498	0.01678	0.00957	0.00256	0.00384	0.01479	0.00886	0.00762
20	0.01492	0.00796	0.00856	0.04512	0.01194	0.00815	0.00654	0.01855	0.01664	0.02880	0.02576	0.03125	0.02081	0.05465	0.00809	0.00232	0.00443	0.00782	0.67023	0.00747
21	0.02169	0.71972	0.04252	0.01388	0.02083	0.03211	0.01388	0.02430	0.01649	0.01909	0.01128	0.01302	0.01041	0.00694	0.00521	0.00174	0.00868	0.00434	0.00347	0.01041
22	0.01794	0.01643	0.01734	0.01275	0.01971	0.06641	0.01012	0.02142	0.01734	0.02590	0.01427	0.01664	0.01189	0.00620	0.00612	0.00128	0.00672	0.00484	0.00476	0.70192
23	0.03038	0.03658	0.02317	0.02061	0.02510	0.59589	0.01564	0.11189	0.02499	0.02397	0.01345	0.01527	0.01089	0.00854	0.00742	0.00214	0.01388	0.00550	0.00470	0.00998
24	0.77215	0.01569	0.01193	0.01067	0.01569	0.01820	0.00879	0.02385	0.01381	0.03641	0.01130	0.01318	0.00879	0.00753	0.00502	0.00251	0.00628	0.00439	0.00502	0.00879
25	0.01543	0.01457	0.02436	0.66531	0.05435	0.01833	0.02232	0.02068	0.01606	0.02068	0.01425	0.02146	0.01081	0.00838	0.00894	0.00274	0.04152	0.00721	0.00360	0.00901
26	0.01409	0.00705	0.01057	0.01057	0.01057	0.00705	0.00705	0.01057	0.01057	0.01409	0.01409	0.02467	0.01409	0.02819	0.03171	0.76392	0.00705	0.00705	0.00352	0.00352
27	0.01159	0.00869	0.01304	0.01304	0.01449	0.01014	0.01014	0.01449	0.01304	0.01884	0.02173	0.03188	0.02029	0.06086	0.68268	0.01304	0.02173	0.00869	0.00435	0.00724
28	0.01487	0.01105	0.01629	0.01490	0.01766	0.01059	0.08356	0.01989	0.09327	0.07857	0.07101	0.42166	0.04179	0.01882	0.00959	0.00296	0.00618	0.01725	0.00737	0.04273
29	0.03641	0.01381	0.01883	0.01444	0.02071	0.01193	0.01193	0.03954	0.02322	0.66984	0.03201	0.02762	0.02009	0.01004	0.00816	0.00251	0.00690	0.00816	0.01004	0.01381
30	0.05860	0.63171	0.09028	0.01445	0.02169	0.03038	0.01489	0.02438	0.01640	0.02047	0.01154	0.01335	0.01032	0.00703	0.00539	0.00184	0.00882	0.00447	0.00354	0.01046
31	0.17932	0.02052	0.01849	0.01535	0.02038	0.12424	0.01229	0.25737	0.02643	0.08744	0.07908	0.02533	0.05389	0.01029	0.00749	0.00241	0.00824	0.00765	0.03287	0.01093
32	0.63653	0.01431	0.01146	0.01037	0.01483	0.01631	0.00842	0.02262	0.01495	0.03553	0.07475	0.01914	0.01628	0.00856	0.00551	0.00246	0.00584	0.00564	0.06790	0.00858
33	0.01953	0.01361	0.01522	0.01365	0.01700	0.01440	0.01069	0.26175	0.02519	0.03508	0.03224	0.22170	0.05348	0.01550	0.00855	0.00268	0.00640	0.06198	0.16161	0.00973
34	0.28107	0.01679	0.01704	0.01404	0.01959	0.05236	0.01141	0.07265	0.09350	0.30827	0.02330	0.02184	0.01590	0.00920	0.00707	0.00251	0.00719	0.00680	0.00771	0.01177
35	0.01672	0.01357	0.01572	0.01202	0.01765	0.01137	0.00942	0.08010	0.01968	0.02898	0.12157	0.02916	0.05289	0.05421	0.00921	0.00204	0.00599	0.00763	0.00592	0.48613
36	0.77215	0.01569	0.01193	0.01067	0.01569	0.01820	0.00879	0.02385	0.01381	0.03641	0.01130	0.01318	0.00879	0.00753	0.00502	0.00251	0.00628	0.00439	0.00502	0.00879
37	0.02166	0.63214	0.09389	0.01487	0.02221	0.03070	0.01529	0.05207	0.01752	0.02108	0.01192	0.01365	0.01055	0.00713	0.00555	0.00184	0.00896	0.00461	0.00368	0.01070
38	0.01023	0.00738	0.00974	0.01132	0.01211	0.00689	0.00787	0.01204	0.01652	0.02203	0.09892	0.58248	0.08254	0.02424	0.01031	0.00324	0.00480	0.06294	0.00765	0.00675
39	0.00989	0.00706	0.00942	0.01130	0.01177	0.00659	0.00753	0.01130	0.01554	0.02071	0.04472	0.70954	0.05367	0.02542	0.01036	0.00330	0.00471	0.02307	0.00753	0.00659
40	0.00989	0.00706	0.00942	0.01130	0.01177	0.00659	0.00753	0.01130	0.01554	0.02071	0.04472	0.70954	0.05367	0.02542	0.01036	0.00330	0.00471	0.02307	0.00753	0.00659
41	0.00997	0.00784	0.00901	0.00954	0.01140	0.00688	0.00684	0.01207	0.01816	0.02308	0.15459	0.28647	0.37217	0.02160	0.00984	0.00290	0.00427	0.01875	0.00774	0.00688
42	0.02018	0.01743	0.01835	0.01651	0.02110	0.02018	0.01284	0.04312	0.64956	0.03394	0.03303	0.03027	0.02477	0.01101	0.00826	0.00275	0.00642	0.00917	0.00826	0.01284
43	0.77215	0.01569	0.01193	0.01067	0.01569	0.01820	0.00879	0.02385	0.01381	0.03641	0.01130	0.01318	0.00879	0.00753	0.00502	0.00251	0.00628	0.00439	0.00502	0.00879
44	0.02008	0.01928	0.03294	0.04981	0.66422	0.01928	0.02490	0.02490	0.01848	0.02651	0.01526	0.02008	0.01285	0.00723	0.00803	0.00241	0.00964	0.00723	0.00402	0.01285
45	0.03641	0.01381	0.01883	0.01444	0.02071	0.01193	0.01193	0.03954	0.02322	0.66984	0.03201	0.02762	0.02009	0.01004	0.00816	0.00251	0.00690	0.00816	0.01004	0.01381
46	0.00989	0.00706	0.00942	0.01130	0.01177	0.00659	0.00753	0.01130	0.01554	0.02071	0.04472	0.70954	0.05367	0.02542	0.01036	0.00330	0.00471	0.02307	0.00753	0.00659
47	0.03085	0.02273	0.02435	0.01867	0.02516	0.02516	0.01542	0.63716	0.03815	0.05114	0.01948	0.01948	0.01380	0.00974	0.00812	0.00244	0.00893	0.00731	0.00812	0.01380
48	0.01775	0.01775	0.02485	0.02130	0.02130	0.02485	0.01775	0.01953	0.01243	0.01953	0.01065	0.01775	0.01065	0.01420	0.02663	0.00355	0.69998	0.00710	0.00355	0.00888
49	0.03345	0.01318	0.01775	0.01383	0.01966	0.01139	0.01134	0.03655	0.02291	0.59656	0.06647	0.03250	0.06402	0.01104	0.00832	0.00253	0.00657	0.00906	0.00983	0.01306
50	0.02018	0.01743	0.01835	0.01651	0.02110	0.02018	0.01284	0.04312	0.64956	0.03394	0.03303	0.03027	0.02477	0.01101	0.00826	0.00275	0.00642	0.00917	0.00826	0.01284
51	0.03641	0.01381	0.01883	0.01444	0.02071	0.01193	0.01193	0.03954	0.02322	0.66984	0.03201	0.02762	0.02009	0.01004	0.00816	0.00251	0.00690	0.00816	0.01004	0.01381
52	0.77215	0.01569	0.01193	0.01067	0.01569	0.01820	0.00879	0.02385	0.01381	0.03641	0.01130	0.01318	0.00879	0.00753	0.00502	0.00251	0.00628	0.00439	0.00502	0.00879
53	0.00989	0.00706	0.00942	0.01130	0.01177	0.00659	0.00753	0.01130	0.01554	0.02071	0.04472	0.70954	0.05367	0.02542	0.01036	0.00330	0.00471	0.02307	0.00753	0.00659
54	0.01532	0.01442	0.02434	0.69533	0.05589	0.01803	0.02253	0.02073	0.01622	0.02073	0.01442	0.02163	0.01082	0.00811	0.00811	0.00270	0.01082	0.00721	0.00361	0.00901
55	0.01683	0.01442	0.01683	0.01202	0.01923	0.01082	0.00961	0.02043	0.01683	0.02644	0.01442	0.01683	0.01202	0.00601	0.00601	0.00120	0.00601	0.00481	0.00481	0.76444
56	0.03641	0.01381	0.01883	0.01444	0.02071	0.01193	0.01193	0.03954	0.02322	0.66984	0.03201	0.02762	0.02009	0.01004	0.00816	0.00251	0.00690	0.00816	0.01004	0.01381
57	0.03494	0.01507	0.01948	0.01505	0.02127	0.01393	0.01239	0.11208	0.05549	0.56399	0.03054	0.02676	0.01955	0.01005	0.00816	0.00251	0.00713	0.00811	0.00972	0.01376
58	0.02649	0.01966	0.02138	0.01711	0.02252	0.02159	0.01384	0.48412	0.07761	0.04546	0.07501	0.09057	0.02355	0.01191	0.00846	0.00255	0.00793	0.00957	0.00814	0.01253
59	0.01199	0.00928	0.01380	0.01357	0.01493	0.01109	0.01063	0.01481	0.01300	0.01888	0.02102	0.03097	0.01967	0.05786	0.64058	0.01243	0.06526	0.00859	0.00430	0.00735
60	0.01570	0.01480	0.02501	0.64452	0.10377	0.01813	0.02272	0.02106	0.01640	0.02119	0.01449	0.02151	0.01098	0.00804	0.00811	0.00268	0.01072	0.00721	0.00364	0.00932
61	0.09197	0.01447	0.01784	0.01438	0.02003	0.01394	0.01168	0.03799	0.14958	0.46282	0.05653	0.02835	0.02246	0.01031	0.00798	0.00256	0.00663	0.00833	0.00923	0.01295

[dist]
# distance from previous block
# <min> <max>
6	10

[block]
# block no. 6 follows, 23 sequences, length 52
# corresponding to MSA columns:
# 376-427
name=unknown_G
#
# <colnr> <probs for GDERKNQSTAVLIFYWHMCP>
#	G	D	E	R	K	N	Q	S	T	A	V	L	I	F	Y	W	H	M	C	P
0	0.43453	0.01507	0.01578	0.15839	0.02493	0.01724	0.01229	0.06911	0.01762	0.06798	0.08178	0.02123	0.01732	0.00891	0.00656	0.00255	0.00723	0.00650	0.00563	0.00936
1	0.77215	0.01569	0.01193	0.01067	0.01569	0.01820	0.00879	0.02385	0.01381	0.03641	0.01130	0.01318	0.00879	0.00753	0.00502	0.00251	0.00628	0.00439	0.00502	0.00879
2	0.01532	0.01442	0.02434	0.69533	0.05589	0.01803	0.02253	0.02073	0.01622	0.02073	0.01442	0.02163	0.01082	0.00811	0.00811	0.00270	0.01082	0.00721	0.00361	0.00901
3	0.02392	0.01657	0.01853	0.01611	0.02104	0.01818	0.01280	0.07325	0.45313	0.17093	0.03253	0.03193	0.02418	0.01126	0.00836	0.00273	0.00671	0.03639	0.00860	0.01286
4	0.03110	0.02232	0.02410	0.01848	0.02496	0.02456	0.01526	0.60975	0.03747	0.07951	0.02006	0.01985	0.01409	0.00975	0.00812	0.00244	0.00884	0.00734	0.00821	0.01380
5	0.00996	0.00712	0.00949	0.01125	0.01179	0.00664	0.00754	0.01149	0.01590	0.02129	0.07475	0.67786	0.05478	0.02499	0.01032	0.00326	0.00466	0.02266	0.00760	0.00664
6	0.03402	0.01364	0.01816	0.01415	0.02014	0.01200	0.01162	0.03801	0.05193	0.60089	0.03512	0.03082	0.05939	0.01073	0.00825	0.00254	0.00671	0.00875	0.00981	0.01334
7	0.01179	0.00792	0.00912	0.00912	0.00922	0.00802	0.00526	0.01198	0.01188	0.01594	0.02532	0.05171	0.02890	0.67210	0.08321	0.00820	0.00877	0.01160	0.00488	0.00507
8	0.01532	0.01442	0.02434	0.69533	0.05589	0.01803	0.02253	0.02073	0.01622	0.02073	0.01442	0.02163	0.01082	0.00811	0.00811	0.00270	0.01082	0.00721	0.00361	0.00901
9	0.00989	0.00706	0.00942	0.01130	0.01177	0.00659	0.00753	0.01130	0.01554	0.02071	0.04472	0.70954	0.05367	0.02542	0.01036	0.00330	0.00471	0.02307	0.00753	0.00659
10	0.01278	0.00925	0.01267	0.01438	0.01632	0.00913	0.01250	0.01638	0.01866	0.02408	0.04626	0.09040	0.09826	0.02226	0.01107	0.00365	0.00719	0.55986	0.00748	0.00742
11	0.01683	0.01442	0.01683	0.01202	0.01923	0.01082	0.00961	0.02043	0.01683	0.02644	0.01442	0.01683	0.01202	0.00601	0.00601	0.00120	0.00601	0.00481	0.00481	0.76444
12	0.01935	0.02133	0.04467	0.03755	0.17588	0.02025	0.50384	0.02576	0.01901	0.02610	0.01617	0.02150	0.01243	0.00692	0.00924	0.00267	0.01281	0.00907	0.00409	0.01135
13	0.43851	0.01858	0.01720	0.01416	0.01974	0.02108	0.01164	0.26917	0.05590	0.04215	0.01567	0.01656	0.01160	0.00859	0.00642	0.00249	0.00734	0.00580	0.00642	0.01099
