[name]
unknown

[dist]
# distance from previous block
# <min> <max>
7	80

[block]
# block no. 0 follows, 28 sequences, length 6
# corresponding to MSA columns:
# 85-90
name=unknown_A
#
# <colnr> <probs for GDERKNQSTAVLIFYWHMCP>
#	G	D	E	R	K	N	Q	S	T	A	V	L	I	F	Y	W	H	M	C	P
0	0.00995	0.00741	0.00962	0.01042	0.01070	0.00774	0.00703	0.01093	0.01282	0.01734	0.03288	0.49821	0.03902	0.20223	0.01759	0.00400	0.07378	0.01679	0.00582	0.00572
1	0.08321	0.01357	0.02220	0.51258	0.04196	0.01569	0.07865	0.02134	0.01537	0.10510	0.01480	0.01942	0.01069	0.00733	0.00716	0.00239	0.00915	0.00655	0.00409	0.00875
2	0.01095	0.00787	0.00968	0.05275	0.01238	0.00803	0.00685	0.04025	0.01355	0.01811	0.03137	0.22398	0.09674	0.33224	0.07189	0.00518	0.00695	0.01290	0.03254	0.00577
3	0.01276	0.00785	0.01004	0.01025	0.01182	0.00719	0.00730	0.01431	0.01459	0.10325	0.03522	0.37996	0.06934	0.15825	0.01416	0.00355	0.00528	0.07437	0.00642	0.05409
4	0.02501	0.12910	0.02231	0.01683	0.02072	0.43980	0.01333	0.02707	0.01858	0.10261	0.01348	0.01530	0.01085	0.01014	0.04090	0.00244	0.07315	0.00518	0.00427	0.00891
5	0.21301	0.01801	0.02134	0.16734	0.02801	0.08403	0.09749	0.19198	0.02038	0.07082	0.01442	0.01677	0.01057	0.00750	0.00669	0.00226	0.00869	0.00601	0.00504	0.00965

[dist]
# distance from previous block
# <min> <max>
31	54

[block]
# block no. 1 follows, 28 sequences, length 8
# corresponding to MSA columns:
# 145-152
name=unknown_B
#
# <colnr> <probs for GDERKNQSTAVLIFYWHMCP>
#	G	D	E	R	K	N	Q	S	T	A	V	L	I	F	Y	W	H	M	C	P
0	0.04258	0.01672	0.02675	0.19557	0.11003	0.04330	0.17615	0.07279	0.01647	0.02288	0.01341	0.01834	0.01079	0.01003	0.04327	0.00286	0.12761	0.00680	0.00383	0.03984
1	0.01731	0.05878	0.07419	0.01402	0.04815	0.06561	0.01146	0.12712	0.04546	0.02672	0.01874	0.02200	0.01502	0.01499	0.11013	0.00339	0.03221	0.00647	0.27952	0.00871
2	0.04559	0.05785	0.11944	0.12991	0.02793	0.01707	0.15903	0.01888	0.01435	0.02041	0.03786	0.02215	0.05893	0.01042	0.01259	0.06055	0.16769	0.00732	0.00372	0.00832
3	0.01315	0.01134	0.01838	0.05750	0.02034	0.01116	0.15393	0.07772	0.01797	0.02407	0.13065	0.27453	0.08136	0.01521	0.00872	0.00263	0.00668	0.06083	0.00610	0.00772
4	0.12997	0.03328	0.01824	0.15806	0.12257	0.03489	0.01380	0.09018	0.03722	0.07603	0.01818	0.02456	0.01499	0.01217	0.06100	0.00300	0.00837	0.05784	0.07653	0.00911
5	0.02295	0.06492	0.01900	0.09688	0.02240	0.01638	0.01232	0.15670	0.18932	0.22374	0.02720	0.02601	0.07075	0.00952	0.00724	0.00228	0.00675	0.00770	0.00700	0.01094
6	0.07453	0.05470	0.19358	0.09755	0.10712	0.05953	0.19819	0.08463	0.01775	0.02501	0.01353	0.01688	0.01023	0.00685	0.00718	0.00227	0.01019	0.00639	0.00386	0.01004
7	0.08259	0.45210	0.03121	0.01715	0.09389	0.13900	0.01361	0.02275	0.01553	0.01921	0.01065	0.01284	0.00947	0.00685	0.00629	0.00182	0.04799	0.00444	0.00338	0.00923

[dist]
# distance from previous block
# <min> <max>
6	12

[block]
# block no. 2 follows, 28 sequences, length 27
# corresponding to MSA columns:
# 165-191
name=unknown_C
#
# <colnr> <probs for GDERKNQSTAVLIFYWHMCP>
#	G	D	E	R	K	N	Q	S	T	A	V	L	I	F	Y	W	H	M	C	P
0	0.36548	0.03977	0.12492	0.12455	0.07061	0.06033	0.07505	0.02192	0.01445	0.02623	0.01172	0.01470	0.00902	0.00681	0.00597	0.00225	0.00836	0.00518	0.00387	0.00884
1	0.12074	0.42047	0.02807	0.01302	0.01843	0.13954	0.01166	0.02321	0.01571	0.05893	0.01184	0.01343	0.01002	0.00812	0.02750	0.00202	0.00851	0.00437	0.00384	0.06058
2	0.01773	0.01493	0.01899	0.08184	0.02287	0.01359	0.05502	0.15706	0.01919	0.02783	0.01399	0.01629	0.01102	0.00632	0.00617	0.00153	0.00680	0.00527	0.00479	0.49877
3	0.06566	0.02055	0.17871	0.11988	0.06992	0.01790	0.10608	0.02332	0.11782	0.02300	0.01521	0.01878	0.01194	0.00995	0.03402	0.00283	0.14421	0.00663	0.00401	0.00956
4	0.02626	0.01276	0.05751	0.01252	0.01754	0.01017	0.01078	0.02956	0.02042	0.50384	0.18435	0.03111	0.02934	0.01025	0.00758	0.00226	0.00582	0.00856	0.00840	0.01098
5	0.17657	0.01105	0.03365	0.00984	0.01263	0.04077	0.00791	0.01594	0.01820	0.02805	0.42444	0.04402	0.12472	0.01297	0.00757	0.00228	0.00460	0.01082	0.00676	0.00719
6	0.01073	0.00708	0.00809	0.00809	0.00827	0.00716	0.00473	0.01109	0.01091	0.01502	0.02274	0.04522	0.02547	0.65960	0.07678	0.00702	0.00760	0.01018	0.04956	0.00467
7	0.02720	0.03332	0.02071	0.01854	0.02248	0.65118	0.01402	0.08886	0.02186	0.02039	0.01181	0.01351	0.00964	0.00761	0.00662	0.00190	0.01264	0.00485	0.00407	0.00879
8	0.01385	0.00822	0.01086	0.00975	0.01209	0.00747	0.00747	0.01718	0.02061	0.13671	0.58914	0.04959	0.06053	0.01393	0.00837	0.00228	0.00387	0.01222	0.00816	0.00774
9	0.00886	0.00633	0.00843	0.01012	0.01054	0.00590	0.00675	0.01012	0.01392	0.01856	0.04006	0.73979	0.04808	0.02277	0.00928	0.00295	0.00422	0.02066	0.00675	0.00590
10	0.01943	0.74891	0.03809	0.01244	0.01866	0.02876	0.01244	0.02177	0.01477	0.01710	0.01011	0.01166	0.00933	0.00622	0.00466	0.00155	0.00777	0.00389	0.00311	0.00933
11	0.11573	0.03782	0.01665	0.01329	0.01792	0.01511	0.01075	0.11767	0.19176	0.26500	0.02459	0.05745	0.01831	0.01227	0.05011	0.00288	0.00702	0.00761	0.00721	0.01084
12	0.01043	0.00785	0.00999	0.01112	0.01294	0.00741	0.00924	0.01310	0.01642	0.02077	0.05009	0.13842	0.25573	0.01978	0.00950	0.00302	0.00548	0.38553	0.00672	0.00644
13	0.00886	0.00633	0.00843	0.01012	0.01054	0.00590	0.00675	0.01012	0.01392	0.01856	0.04006	0.73979	0.04808	0.02277	0.00928	0.00295	0.00422	0.02066	0.00675	0.00590
14	0.01774	0.01702	0.02906	0.08413	0.66161	0.01721	0.02219	0.02209	0.01643	0.02345	0.01363	0.01807	0.01141	0.00652	0.00720	0.00217	0.00870	0.00648	0.00358	0.01132
15	0.18339	0.21624	0.05670	0.05802	0.02108	0.06405	0.01314	0.17070	0.01877	0.02769	0.01256	0.01463	0.01006	0.00772	0.00731	0.00210	0.07153	0.00510	0.02976	0.00945
16	0.02699	0.02302	0.02126	0.01702	0.02232	0.16423	0.01373	0.50624	0.06867	0.03919	0.01687	0.01712	0.01231	0.00854	0.00713	0.00213	0.00892	0.00626	0.00656	0.01151
17	0.00886	0.00633	0.00843	0.01012	0.01054	0.00590	0.00675	0.01012	0.01392	0.01856	0.04006	0.73979	0.04808	0.02277	0.00928	0.00295	0.00422	0.02066	0.00675	0.00590
18	0.01737	0.44663	0.32230	0.01596	0.02410	0.02371	0.01857	0.02230	0.01502	0.01962	0.01135	0.01323	0.00928	0.00651	0.00562	0.00187	0.00904	0.00452	0.00309	0.00993
19	0.01373	0.01292	0.02180	0.72707	0.05006	0.01615	0.02019	0.01857	0.01453	0.01857	0.01292	0.01938	0.00969	0.00727	0.00727	0.00242	0.00969	0.00646	0.00323	0.00807
20	0.00886	0.00633	0.00843	0.01012	0.01054	0.00590	0.00675	0.01012	0.01392	0.01856	0.04006	0.73979	0.04808	0.02277	0.00928	0.00295	0.00422	0.02066	0.00675	0.00590
21	0.02036	0.01648	0.02746	0.03949	0.58898	0.01620	0.02043	0.02443	0.01724	0.13394	0.01610	0.01908	0.01256	0.00688	0.00721	0.00217	0.00824	0.00661	0.00447	0.01165
22	0.02268	0.01681	0.01854	0.01537	0.02000	0.01865	0.01253	0.34381	0.22402	0.07871	0.02531	0.02818	0.04226	0.01054	0.00814	0.00241	0.03041	0.06317	0.00722	0.01125
23	0.01107	0.00798	0.01093	0.01251	0.01403	0.00784	0.01056	0.01400	0.01627	0.02111	0.04075	0.18782	0.08027	0.02042	0.00983	0.00323	0.00612	0.51201	0.00671	0.00653
24	0.01458	0.01337	0.02180	0.68366	0.04838	0.01654	0.01980	0.05869	0.01574	0.02024	0.01320	0.01926	0.00985	0.00736	0.00727	0.00241	0.00959	0.00647	0.00348	0.00834
25	0.05060	0.07039	0.57902	0.02003	0.02973	0.06017	0.04616	0.02326	0.01557	0.02285	0.01272	0.01502	0.00922	0.00688	0.00672	0.00224	0.01056	0.00530	0.00320	0.01037
26	0.08664	0.01970	0.01922	0.12196	0.02471	0.13121	0.01354	0.31150	0.09511	0.03337	0.01684	0.01819	0.01253	0.00825	0.00681	0.00217	0.00836	0.00621	0.05341	0.01029

[dist]
# distance from previous block
# <min> <max>
0	13

[block]
# block no. 3 follows, 28 sequences, length 121
# corresponding to MSA columns:
# 475-554,689-729
name=unknown_D
#
# <colnr> <probs for GDERKNQSTAVLIFYWHMCP>
#	G	D	E	R	K	N	Q	S	T	A	V	L	I	F	Y	W	H	M	C	P
0	0.01995	0.05609	0.04109	0.05931	0.06576	0.08432	0.01299	0.10012	0.24469	0.09699	0.04695	0.06703	0.05297	0.01009	0.00732	0.00230	0.00719	0.00829	0.00627	0.01030
1	0.01263	0.01054	0.05200	0.01168	0.01363	0.00986	0.00930	0.07353	0.04230	0.02230	0.05041	0.28823	0.03045	0.05306	0.11418	0.04591	0.03386	0.03299	0.08604	0.00709
2	0.05000	0.18071	0.33466	0.02049	0.11867	0.01856	0.01970	0.02342	0.04265	0.06294	0.05155	0.01795	0.01380	0.00737	0.00650	0.00212	0.00873	0.00581	0.00400	0.01034
3	0.01682	0.07495	0.05622	0.01154	0.01533	0.01179	0.00985	0.04695	0.07758	0.15661	0.14085	0.04029	0.16135	0.06558	0.05980	0.00329	0.00670	0.02925	0.00657	0.00867
4	0.07509	0.13670	0.02420	0.01888	0.06822	0.32770	0.05231	0.12501	0.04213	0.02433	0.01324	0.01502	0.01063	0.00739	0.00639	0.00196	0.01016	0.00532	0.02584	0.00947
5	0.01158	0.00955	0.01308	0.01226	0.01373	0.03381	0.04732	0.01377	0.01273	0.01760	0.02410	0.09313	0.06169	0.15017	0.37285	0.00790	0.05317	0.00961	0.03551	0.00644
6	0.02449	0.01928	0.05649	0.07235	0.02295	0.12618	0.01339	0.17546	0.09663	0.21083	0.02089	0.04928	0.01548	0.00889	0.00713	0.00218	0.00805	0.00702	0.00644	0.05659
7	0.09191	0.12759	0.17560	0.04988	0.13590	0.03727	0.08802	0.05290	0.01659	0.02360	0.02048	0.02392	0.08887	0.00849	0.00689	0.00222	0.00859	0.02762	0.00413	0.00954
8	0.01668	0.16774	0.02328	0.01612	0.01787	0.07028	0.01361	0.01860	0.01296	0.01804	0.01247	0.04516	0.01210	0.01360	0.05756	0.00315	0.41408	0.00641	0.05226	0.00803
9	0.01918	0.01503	0.10376	0.01334	0.01798	0.01227	0.01199	0.08070	0.12650	0.20131	0.13467	0.06665	0.09466	0.01207	0.00787	0.00242	0.00614	0.05641	0.00719	0.00987
10	0.06517	0.09235	0.01859	0.01340	0.01776	0.01589	0.01109	0.14326	0.10094	0.22085	0.06081	0.02363	0.01871	0.01631	0.11959	0.00372	0.03400	0.00711	0.00654	0.01028
11	0.01141	0.00911	0.01050	0.01043	0.01273	0.00905	0.00805	0.01763	0.15501	0.02431	0.20513	0.12707	0.25108	0.01648	0.00861	0.00259	0.00452	0.10165	0.00717	0.00747
12	0.00933	0.00739	0.00848	0.00885	0.01083	0.00654	0.00677	0.01155	0.01685	0.02120	0.15516	0.15358	0.42765	0.01868	0.00889	0.00262	0.00415	0.10828	0.00692	0.00629
13	0.01404	0.01324	0.02238	0.67633	0.09833	0.01623	0.02035	0.01885	0.01468	0.01896	0.01298	0.01928	0.00983	0.00721	0.00726	0.00240	0.00961	0.00646	0.00326	0.00833
14	0.05496	0.27075	0.02372	0.01314	0.01797	0.12434	0.01118	0.06974	0.01852	0.19187	0.06572	0.02116	0.01713	0.06019	0.00835	0.00229	0.00775	0.00619	0.00546	0.00957
15	0.00931	0.00665	0.00895	0.01064	0.01126	0.00629	0.00753	0.01090	0.01436	0.01906	0.03981	0.63574	0.04709	0.02235	0.00940	0.00301	0.00461	0.12026	0.00674	0.00603
16	0.01494	0.00811	0.00826	0.00775	0.00985	0.00833	0.00594	0.08172	0.01711	0.02894	0.02310	0.02615	0.01801	0.00849	0.00530	0.00174	0.00384	0.00675	0.70834	0.00733
17	0.01069	0.00774	0.00972	0.01062	0.01167	0.00753	0.00738	0.07344	0.01620	0.02161	0.06582	0.62155	0.06638	0.02097	0.00904	0.00284	0.00453	0.01884	0.00685	0.00656
18	0.04906	0.24343	0.27125	0.01975	0.06552	0.01987	0.11391	0.02295	0.01570	0.06679	0.01431	0.04094	0.01154	0.00725	0.00651	0.00211	0.00921	0.00607	0.00378	0.01005
19	0.65630	0.01466	0.01269	0.06179	0.01756	0.01697	0.00940	0.09220	0.01490	0.03304	0.01112	0.01296	0.00849	0.00700	0.00500	0.00225	0.00617	0.00440	0.00471	0.00837
20	0.01766	0.01711	0.02971	0.08908	0.62103	0.01726	0.05676	0.02211	0.01645	0.02338	0.01368	0.01817	0.01137	0.00651	0.00727	0.00219	0.00890	0.00659	0.00358	0.01120
21	0.00912	0.00657	0.00870	0.01024	0.01088	0.00614	0.00710	0.01065	0.01448	0.01923	0.06430	0.63640	0.07439	0.02211	0.00929	0.00294	0.00437	0.07030	0.00679	0.00601
22	0.54725	0.15080	0.03838	0.03219	0.01634	0.01797	0.00963	0.02087	0.01356	0.02875	0.05881	0.01513	0.01254	0.00724	0.00498	0.00213	0.00615	0.00470	0.00440	0.00817
23	0.02788	0.01263	0.01623	0.01295	0.01794	0.01183	0.01052	0.05972	0.11804	0.50613	0.10063	0.02799	0.02386	0.00975	0.00746	0.00228	0.00590	0.00804	0.00859	0.01165
24	0.03237	0.01276	0.01711	0.01312	0.01875	0.01127	0.01084	0.06682	0.02146	0.67190	0.02813	0.02438	0.01772	0.00898	0.00731	0.00225	0.00627	0.00727	0.00891	0.01237
25	0.00898	0.00638	0.00840	0.00996	0.01035	0.00599	0.00658	0.01015	0.01367	0.01823	0.03881	0.68918	0.04649	0.07555	0.01130	0.00325	0.00442	0.01993	0.00658	0.00579
26	0.01473	0.00897	0.01215	0.05822	0.01432	0.00949	0.00846	0.11540	0.01412	0.01881	0.01591	0.08647	0.01561	0.02122	0.02192	0.54059	0.00661	0.00767	0.00414	0.00519
27	0.00886	0.00633	0.00843	0.01012	0.01054	0.00590	0.00675	0.01012	0.01392	0.01856	0.04006	0.73979	0.04808	0.02277	0.00928	0.00295	0.00422	0.02066	0.00675	0.00590
28	0.01346	0.01134	0.01885	0.55530	0.04035	0.01380	0.01687	0.01639	0.01332	0.01715	0.01285	0.02003	0.01039	0.01157	0.01233	0.19058	0.00888	0.00642	0.00321	0.00690
29	0.01641	0.01684	0.08018	0.36485	0.09392	0.06620	0.01748	0.08877	0.01689	0.02222	0.01444	0.02017	0.01153	0.04313	0.00958	0.04430	0.00909	0.00645	0.04898	0.00858
30	0.01961	0.01986	0.02717	0.08747	0.51297	0.12787	0.02043	0.05515	0.01791	0.02352	0.01342	0.01729	0.01109	0.00680	0.00710	0.00213	0.00939	0.00619	0.00378	0.01082
31	0.01078	0.00770	0.01062	0.01219	0.01349	0.00755	0.00997	0.01350	0.01607	0.02115	0.07121	0.27968	0.04504	0.02064	0.00974	0.00318	0.00578	0.42847	0.00677	0.00646
32	0.00916	0.00730	0.00826	0.00850	0.01048	0.00639	0.00637	0.01133	0.01696	0.02142	0.18372	0.16229	0.44145	0.01847	0.00878	0.00255	0.00392	0.05937	0.00698	0.00628
33	0.01700	0.01789	0.05034	0.04875	0.09064	0.04570	0.32962	0.02144	0.01589	0.04864	0.01652	0.06275	0.01440	0.01030	0.03035	0.00283	0.13185	0.03180	0.00406	0.00923
34	0.04556	0.02180	0.06721	0.06965	0.31340	0.13724	0.09440	0.11676	0.01952	0.02579	0.01372	0.01699	0.01086	0.00701	0.00716	0.00217	0.00981	0.00627	0.00414	0.01056
35	0.51562	0.01373	0.01196	0.01046	0.01451	0.01551	0.00840	0.13093	0.01636	0.03283	0.01473	0.05154	0.01246	0.03916	0.00663	0.00242	0.00579	0.00576	0.08290	0.00828
36	0.01167	0.00840	0.00997	0.04424	0.01278	0.00816	0.00708	0.01483	0.06235	0.05808	0.14968	0.08060	0.25914	0.19460	0.04354	0.00392	0.00569	0.01237	0.00626	0.00665
37	0.01152	0.00804	0.00971	0.00915	0.01124	0.00743	0.00681	0.01505	0.05135	0.06511	0.39879	0.07835	0.21893	0.06378	0.01035	0.00267	0.00404	0.01321	0.00743	0.00703
38	0.01479	0.01260	0.01476	0.01067	0.01685	0.00952	0.00851	0.01803	0.01540	0.02401	0.05303	0.01738	0.01416	0.00594	0.00557	0.00115	0.00527	0.00483	0.00452	0.74301
39	0.13266	0.64175	0.03409	0.01202	0.01799	0.02695	0.01177	0.02171	0.01442	0.01936	0.01011	0.01168	0.00912	0.00630	0.00464	0.00166	0.00746	0.00389	0.00331	0.00912
40	0.00994	0.00720	0.00937	0.00928	0.01076	0.00664	0.00679	0.01287	0.01908	0.02666	0.54002	0.19508	0.08586	0.01660	0.00872	0.00243	0.00360	0.01476	0.00770	0.00664
41	0.00958	0.00707	0.00852	0.00880	0.01006	0.00658	0.00614	0.01112	0.01503	0.01968	0.16303	0.21135	0.24583	0.14457	0.06443	0.03615	0.00555	0.01445	0.00623	0.00582
42	0.01899	0.01551	0.01660	0.01478	0.01896	0.01771	0.01161	0.07278	0.60120	0.05856	0.02917	0.02827	0.02211	0.01010	0.00747	0.00247	0.00592	0.02892	0.00743	0.01143
43	0.01590	0.01590	0.02226	0.01908	0.01908	0.02226	0.01590	0.01749	0.01113	0.01749	0.00954	0.01590	0.00954	0.01272	0.02385	0.00318	0.73123	0.00636	0.00318	0.00795
44	0.02715	0.03464	0.02060	0.01873	0.02247	0.71536	0.01404	0.02903	0.02060	0.01779	0.01124	0.01311	0.00936	0.00749	0.00655	0.00187	0.01311	0.00468	0.00375	0.00843
45	0.01209	0.01004	0.01437	0.01346	0.01436	0.01268	0.01071	0.01435	0.01163	0.01737	0.01693	0.02554	0.01601	0.06431	0.46603	0.00869	0.22144	0.00743	0.03568	0.00685
46	0.00882	0.00647	0.00829	0.00974	0.01044	0.00594	0.00658	0.01016	0.01429	0.01871	0.04475	0.64637	0.13847	0.02216	0.00918	0.00288	0.00414	0.01992	0.00675	0.00594
47	0.00932	0.00707	0.00859	0.00889	0.01044	0.00634	0.00641	0.01159	0.01728	0.02294	0.30082	0.26972	0.25739	0.01839	0.00880	0.00254	0.00375	0.01614	0.00723	0.00634
48	0.06950	0.03351	0.02005	0.01822	0.02201	0.67685	0.01370	0.02860	0.02015	0.01861	0.01117	0.01304	0.00928	0.00745	0.00644	0.00189	0.01270	0.00464	0.00379	0.00840
49	0.62466	0.01470	0.03984	0.01063	0.01558	0.01530	0.00915	0.02401	0.01404	0.15522	0.01364	0.01432	0.00978	0.00717	0.00511	0.00225	0.00593	0.00461	0.00526	0.00881
50	0.00911	0.00643	0.00836	0.00980	0.01016	0.00607	0.00640	0.01019	0.01342	0.01789	0.03752	0.63711	0.04487	0.12983	0.01339	0.00356	0.00464	0.01917	0.00640	0.00568
51	0.01355	0.00678	0.00678	0.00678	0.00847	0.00678	0.00508	0.01694	0.01524	0.02710	0.02371	0.02710	0.01863	0.00847	0.00508	0.00169	0.00339	0.00678	0.78489	0.00678
52	0.01752	0.01704	0.02747	0.07914	0.59977	0.04044	0.02092	0.02163	0.01658	0.02302	0.01707	0.02095	0.05158	0.00726	0.00726	0.00218	0.00856	0.00694	0.00377	0.01090
53	0.01966	0.01658	0.01567	0.01441	0.03627	0.14534	0.01075	0.14081	0.11061	0.09406	0.10049	0.14001	0.09963	0.01249	0.00775	0.00233	0.00696	0.01033	0.00663	0.00922
54	0.66208	0.01465	0.01093	0.00987	0.01402	0.06161	0.00799	0.02141	0.01322	0.03105	0.01164	0.01351	0.00911	0.00698	0.00470	0.00217	0.00588	0.00429	0.08712	0.00779
55	0.01830	0.28595	0.15498	0.01439	0.01981	0.08031	0.01406	0.04021	0.04238	0.06488	0.01593	0.04544	0.01419	0.08665	0.05224	0.00309	0.02767	0.00631	0.00415	0.00905
56	0.00930	0.00679	0.00867	0.01000	0.01085	0.00633	0.00706	0.01084	0.01445	0.01883	0.04362	0.51103	0.14035	0.06960	0.01111	0.00320	0.00465	0.10080	0.00659	0.00594
57	0.04328	0.07733	0.58442	0.01960	0.02920	0.01711	0.04639	0.02223	0.01498	0.02251	0.01280	0.01547	0.00940	0.00773	0.00780	0.04086	0.01021	0.00539	0.00315	0.01015
58	0.01752	0.01836	0.06344	0.09498	0.47219	0.06427	0.02042	0.02254	0.04484	0.02297	0.01627	0.02367	0.01422	0.00798	0.00740	0.00229	0.00885	0.06326	0.00398	0.01054
59	0.03261	0.01237	0.01687	0.01293	0.01856	0.01068	0.01068	0.03543	0.02081	0.70423	0.02868	0.02474	0.01799	0.00900	0.00731	0.00225	0.00619	0.00731	0.00900	0.01237
60	0.06138	0.43077	0.21787	0.01636	0.05088	0.07456	0.01666	0.02264	0.01530	0.01991	0.01114	0.01305	0.00931	0.00654	0.00551	0.00185	0.00889	0.00446	0.00324	0.00966
61	0.12829	0.00983	0.01139	0.03639	0.01301	0.03131	0.00791	0.05218	0.01242	0.01921	0.01378	0.02148	0.01279	0.05827	0.02081	0.44220	0.03564	0.00621	0.06163	0.00525
62	0.00890	0.00665	0.00827	0.00940	0.01039	0.00603	0.00647	0.01046	0.01503	0.01958	0.09542	0.53150	0.20314	0.02117	0.00906	0.00279	0.00403	0.01886	0.00684	0.00603
63	0.00977	0.00735	0.00868	0.00838	0.01008	0.00665	0.00605	0.01217	0.01777	0.02378	0.39089	0.05846	0.26904	0.12423	0.01279	0.00305	0.00405	0.01349	0.00706	0.00626
64	0.04438	0.01421	0.02058	0.50679	0.08220	0.04996	0.01785	0.02133	0.05980	0.05797	0.01731	0.02165	0.03996	0.00795	0.00719	0.00237	0.00894	0.00682	0.00407	0.00868
65	0.13890	0.10125	0.46486	0.01915	0.02812	0.01810	0.08748	0.02266	0.01500	0.02399	0.01246	0.01486	0.00919	0.00674	0.00648	0.00224	0.00980	0.00532	0.00336	0.01006
66	0.01171	0.00837	0.01171	0.01339	0.01506	0.00837	0.01171	0.01506	0.01673	0.02175	0.03849	0.08199	0.04183	0.02008	0.01004	0.00335	0.00669	0.65027	0.00669	0.00669
67	0.01155	0.00842	0.01111	0.07212	0.01515	0.00861	0.00863	0.08174	0.01609	0.02148	0.05669	0.53390	0.03957	0.01982	0.01002	0.05011	0.00519	0.01682	0.00633	0.00665
68	0.01514	0.04480	0.38326	0.01852	0.06128	0.04896	0.01941	0.02157	0.04192	0.04371	0.01733	0.06664	0.01454	0.01573	0.11908	0.00376	0.01096	0.00699	0.03684	0.00956
69	0.01416	0.01216	0.01741	0.19907	0.02577	0.03487	0.07155	0.06350	0.03851	0.02179	0.02957	0.04498	0.11183	0.03734	0.01069	0.05488	0.00782	0.19137	0.00520	0.00756
70	0.76440	0.01401	0.01113	0.03844	0.01551	0.01630	0.00837	0.02126	0.01246	0.03205	0.01023	0.01211	0.00795	0.00677	0.00461	0.00226	0.00579	0.00404	0.00445	0.00788
71	0.01507	0.01292	0.01507	0.01077	0.01723	0.00969	0.00861	0.01830	0.01507	0.02369	0.01292	0.01507	0.01077	0.00538	0.00538	0.00108	0.00538	0.00431	0.00431	0.78898
72	0.05307	0.01845	0.02059	0.08914	0.02431	0.02061	0.01384	0.53829	0.02991	0.04062	0.01768	0.04659	0.01351	0.01036	0.02726	0.00251	0.00826	0.00704	0.00664	0.01133
73	0.01507	0.01292	0.01507	0.01077	0.01723	0.00969	0.00861	0.01830	0.01507	0.02369	0.01292	0.01507	0.01077	0.00538	0.00538	0.00108	0.00538	0.00431	0.00431	0.78898
74	0.02556	0.03031	0.01993	0.01789	0.02184	0.54576	0.01358	0.07247	0.14062	0.02186	0.01492	0.01590	0.01185	0.00799	0.00675	0.00200	0.01146	0.00544	0.00463	0.00923
75	0.01359	0.00752	0.00803	0.03267	0.01066	0.00773	0.00608	0.01798	0.05253	0.02712	0.06815	0.02863	0.02182	0.00893	0.00552	0.00180	0.00374	0.00727	0.66314	0.00709
76	0.02716	0.01117	0.01506	0.01196	0.01666	0.00974	0.00972	0.03007	0.02062	0.54065	0.16981	0.03240	0.05053	0.01053	0.00762	0.00226	0.00553	0.00879	0.00872	0.01101
77	0.02077	0.01640	0.01754	0.01508	0.01961	0.01858	0.01193	0.16630	0.51971	0.06934	0.02710	0.02505	0.01999	0.00959	0.00737	0.00240	0.00623	0.00783	0.00746	0.01172
78	0.01043	0.00760	0.01075	0.01075	0.01173	0.00858	0.00793	0.01238	0.01141	0.01619	0.02032	0.03327	0.02022	0.22554	0.54751	0.01053	0.01639	0.00848	0.00402	0.00597
79	0.02715	0.03464	0.02060	0.01873	0.02247	0.71536	0.01404	0.02903	0.02060	0.01779	0.01124	0.01311	0.00936	0.00749	0.00655	0.00187	0.01311	0.00468	0.00375	0.00843
80	0.02045	0.01616	0.01724	0.01476	0.01925	0.01818	0.01169	0.19297	0.45999	0.06068	0.02916	0.02717	0.05922	0.01005	0.00743	0.00239	0.00620	0.00819	0.00739	0.01143
81	0.00951	0.00674	0.00848	0.00939	0.00987	0.00654	0.00613	0.01052	0.01283	0.01706	0.03488	0.42164	0.07682	0.25431	0.07665	0.00495	0.00635	0.01608	0.00577	0.00549
82	0.00913	0.00752	0.00812	0.00837	0.01067	0.00651	0.00654	0.01126	0.01671	0.02025	0.08651	0.07139	0.57458	0.01857	0.00882	0.00259	0.00415	0.11529	0.00678	0.00625
83	0.01693	0.01629	0.02520	0.17412	0.44328	0.05043	0.01981	0.02179	0.04348	0.02282	0.04416	0.02345	0.01555	0.00792	0.00740	0.00228	0.00862	0.04220	0.00404	0.01022
84	0.79588	0.01406	0.01068	0.00956	0.01406	0.01631	0.00787	0.02137	0.01237	0.03261	0.01012	0.01181	0.00787	0.00675	0.00450	0.00225	0.00562	0.00394	0.00450	0.00787
85	0.01017	0.00753	0.01099	0.01123	0.01233	0.00850	0.00847	0.01242	0.01194	0.01696	0.02268	0.13339	0.02302	0.09044	0.57282	0.01014	0.01652	0.00983	0.00434	0.00628
86	0.01355	0.00678	0.00678	0.00678	0.00847	0.00678	0.00508	0.01694	0.01524	0.02710	0.02371	0.02710	0.01863	0.00847	0.00508	0.00169	0.00339	0.00678	0.78489	0.00678
87	0.01796	0.01169	0.01502	0.10372	0.01996	0.01235	0.01100	0.13477	0.06531	0.14771	0.07275	0.27793	0.03003	0.01416	0.00855	0.00255	0.02651	0.01222	0.00682	0.00898
88	0.01462	0.01084	0.01335	0.05470	0.04310	0.03160	0.00990	0.10275	0.01973	0.05974	0.25824	0.14341	0.06023	0.06289	0.01029	0.00279	0.00575	0.08145	0.00677	0.00783
89	0.10727	0.08524	0.02035	0.01696	0.02085	0.54737	0.01313	0.02684	0.01906	0.01954	0.01263	0.01691	0.01111	0.00805	0.00640	0.00198	0.01153	0.04248	0.00395	0.00833
90	0.04981	0.29322	0.07757	0.01934	0.10410	0.25009	0.01524	0.04660	0.01737	0.02014	0.01136	0.01355	0.00966	0.00708	0.00660	0.00190	0.03864	0.00476	0.00357	0.00940
91	0.01059	0.00792	0.00995	0.00984	0.01163	0.00755	0.00746	0.01473	0.06312	0.02635	0.45116	0.13817	0.12366	0.01630	0.00871	0.00249	0.00400	0.07182	0.00757	0.00697
92	0.01921	0.69781	0.06081	0.01389	0.04385	0.02794	0.01329	0.02183	0.01485	0.01755	0.01034	0.01202	0.00940	0.00625	0.00483	0.00160	0.00791	0.00403	0.00313	0.00946
93	0.06117	0.01786	0.02771	0.06628	0.60172	0.05430	0.02100	0.02248	0.01646	0.02373	0.01332	0.01744	0.01113	0.00657	0.00702	0.00216	0.00875	0.00624	0.00364	0.01102
94	0.03261	0.01237	0.01687	0.01293	0.01856	0.01068	0.01068	0.03543	0.02081	0.70423	0.02868	0.02474	0.01799	0.00900	0.00731	0.00225	0.00619	0.00731	0.00900	0.01237
95	0.00886	0.00633	0.00843	0.01012	0.01054	0.00590	0.00675	0.01012	0.01392	0.01856	0.04006	0.73979	0.04808	0.02277	0.00928	0.00295	0.00422	0.02066	0.00675	0.00590
96	0.01706	0.24268	0.02194	0.01317	0.01661	0.09525	0.01107	0.08371	0.01601	0.02025	0.01595	0.04335	0.01476	0.04774	0.24995	0.00540	0.04123	0.00652	0.02918	0.00816
97	0.01036	0.00787	0.00971	0.01074	0.01185	0.00787	0.00746	0.01477	0.12056	0.02084	0.06250	0.58142	0.06557	0.02031	0.00893	0.00284	0.00442	0.01826	0.00689	0.00683
98	0.01022	0.00697	0.00796	0.00817	0.00839	0.00684	0.00478	0.01050	0.01140	0.01504	0.02849	0.13865	0.07360	0.60301	0.03153	0.00621	0.00646	0.01219	0.00486	0.00471
99	0.02541	0.01921	0.02029	0.01601	0.02124	0.03997	0.01308	0.54789	0.08227	0.04155	0.01854	0.01904	0.01358	0.01146	0.04883	0.00274	0.00849	0.00670	0.03202	0.01166
100	0.01943	0.01523	0.01638	0.01427	0.01852	0.01705	0.01122	0.11806	0.49393	0.07634	0.05400	0.02926	0.06300	0.01035	0.00749	0.00241	0.00586	0.00855	0.00747	0.01119
101	0.01162	0.00830	0.01161	0.01328	0.01491	0.00829	0.01155	0.01490	0.01664	0.02165	0.03854	0.10333	0.04204	0.02017	0.01002	0.00333	0.00661	0.62984	0.00670	0.00667
102	0.04924	0.04159	0.01786	0.01421	0.01867	0.14384	0.01137	0.18533	0.07169	0.19658	0.14821	0.02577	0.02434	0.00967	0.00723	0.00216	0.00738	0.00759	0.00697	0.01029
103	0.02364	0.05232	0.02223	0.02282	0.15347	0.44144	0.01515	0.06239	0.04783	0.02094	0.01333	0.01586	0.01107	0.01053	0.05367	0.00261	0.01188	0.00546	0.00405	0.00928
104	0.07097	0.01411	0.01621	0.04864	0.01842	0.04333	0.01143	0.17211	0.04332	0.09758	0.01835	0.02153	0.01445	0.01853	0.15599	0.00424	0.10260	0.00670	0.11237	0.00911
105	0.65628	0.03996	0.01356	0.03838	0.06111	0.01657	0.00956	0.02193	0.01317	0.05929	0.01124	0.01304	0.00866	0.00682	0.00490	0.00223	0.00607	0.00434	0.00453	0.00836
106	0.00907	0.00738	0.00803	0.00787	0.01011	0.00634	0.00590	0.01137	0.01771	0.02234	0.25048	0.06550	0.51772	0.01740	0.00859	0.00241	0.00361	0.01472	0.00711	0.00634
107	0.03838	0.01343	0.02190	0.24267	0.20405	0.01435	0.07491	0.05035	0.01665	0.02299	0.07490	0.13270	0.04132	0.01032	0.00773	0.00241	0.00792	0.00955	0.00463	0.00884
108	0.01507	0.01292	0.01507	0.01077	0.01723	0.00969	0.00861	0.01830	0.01507	0.02369	0.01292	0.01507	0.01077	0.00538	0.00538	0.00108	0.00538	0.00431	0.00431	0.78898
109	0.02718	0.03380	0.02067	0.01861	0.02248	0.67464	0.01403	0.06699	0.02140	0.01944	0.01160	0.01336	0.00954	0.00756	0.00660	0.00189	0.01281	0.00479	0.00395	0.00866
110	0.01420	0.01299	0.02124	0.62972	0.06604	0.01583	0.01911	0.04524	0.01580	0.02055	0.05834	0.02157	0.01376	0.00781	0.00735	0.00240	0.00917	0.00691	0.00372	0.00827
111	0.01055	0.00756	0.00937	0.00883	0.01084	0.00680	0.00665	0.01358	0.01963	0.04687	0.52762	0.05715	0.21650	0.01553	0.00854	0.00233	0.00357	0.01350	0.00773	0.00685
112	0.01855	0.01585	0.01670	0.01489	0.01908	0.01830	0.01162	0.06987	0.65406	0.03116	0.02899	0.02665	0.02171	0.00981	0.00739	0.00245	0.00586	0.00814	0.00739	0.01155
113	0.01267	0.00771	0.00945	0.04823	0.01228	0.00843	0.00731	0.01570	0.01402	0.02317	0.02210	0.05160	0.01893	0.04339	0.17110	0.00431	0.03689	0.00757	0.47841	0.00672
114	0.02657	0.03286	0.02037	0.01839	0.02224	0.64382	0.01387	0.05329	0.06518	0.01965	0.01268	0.01420	0.01032	0.00769	0.00664	0.00192	0.01243	0.00498	0.00412	0.00877
115	0.00859	0.00736	0.00736	0.00736	0.00982	0.00614	0.00552	0.01043	0.01657	0.01964	0.07364	0.06996	0.69624	0.01841	0.00859	0.00245	0.00368	0.01534	0.00675	0.00614
116	0.00882	0.00648	0.00827	0.00971	0.01043	0.00594	0.00656	0.01017	0.01432	0.01872	0.04510	0.63924	0.14538	0.02212	0.00917	0.00288	0.00414	0.01987	0.00675	0.00594
117	0.01010	0.00732	0.00952	0.00919	0.01080	0.00674	0.00681	0.01326	0.01980	0.02782	0.61183	0.12242	0.08561	0.01575	0.00864	0.00236	0.00351	0.01395	0.00784	0.00674
118	0.01575	0.01570	0.02223	0.06770	0.02121	0.02184	0.01620	0.01757	0.01137	0.01757	0.00977	0.01614	0.00955	0.01235	0.02272	0.00313	0.68169	0.00637	0.00318	0.00796
119	0.03261	0.01237	0.01687	0.01293	0.01856	0.01068	0.01068	0.03543	0.02081	0.70423	0.02868	0.02474	0.01799	0.00900	0.00731	0.00225	0.00619	0.00731	0.00900	0.01237
120	0.00932	0.00696	0.00935	0.01072	0.01111	0.00699	0.00735	0.01061	0.01373	0.01849	0.03804	0.69184	0.04552	0.02211	0.01024	0.00297	0.05238	0.01972	0.00651	0.00604

[dist]
# distance from previous block
# <min> <max>
0	1

[block]
# block no. 4 follows, 28 sequences, length 8
# corresponding to MSA columns:
# 731-738
name=unknown_E
#
# <colnr> <probs for GDERKNQSTAVLIFYWHMCP>
#	G	D	E	R	K	N	Q	S	T	A	V	L	I	F	Y	W	H	M	C	P
0	0.01357	0.00750	0.00855	0.09166	0.01337	0.00788	0.00686	0.01713	0.01516	0.02610	0.02244	0.02619	0.01758	0.00833	0.00534	0.00178	0.00413	0.00674	0.69278	0.00693
1	0.01748	0.02308	0.18165	0.03511	0.37730	0.04992	0.16346	0.02299	0.01660	0.02321	0.01364	0.01753	0.01080	0.00654	0.00740	0.00224	0.01009	0.00660	0.00351	0.01083
2	0.01712	0.01796	0.07322	0.14666	0.55638	0.01708	0.02229	0.02179	0.01617	0.02291	0.01352	0.01803	0.01108	0.00663	0.00719	0.00221	0.00894	0.00640	0.00351	0.01094
3	0.71813	0.01640	0.07997	0.01067	0.01579	0.01636	0.00976	0.02153	0.01267	0.03166	0.01041	0.01216	0.00801	0.00676	0.00474	0.00225	0.00613	0.00408	0.00436	0.00816
4	0.01074	0.00875	0.01223	0.01428	0.08006	0.00909	0.00929	0.01264	0.01483	0.02025	0.11209	0.45140	0.09272	0.01871	0.01065	0.00278	0.09020	0.01628	0.00616	0.00683
5	0.00936	0.00684	0.00888	0.01007	0.01105	0.00636	0.00723	0.01123	0.01544	0.02047	0.13010	0.49210	0.12483	0.02090	0.00920	0.00285	0.00435	0.09568	0.00691	0.00615
6	0.23432	0.02374	0.29376	0.02245	0.18612	0.01603	0.01887	0.02166	0.01521	0.02637	0.06549	0.01802	0.01401	0.00738	0.00643	0.00225	0.00823	0.00584	0.00398	0.00982
7	0.11799	0.17944	0.22391	0.02088	0.13171	0.13436	0.01796	0.05467	0.01681	0.02334	0.01207	0.01428	0.00961	0.00686	0.00614	0.00204	0.00939	0.00500	0.00366	0.00990

[dist]
# distance from previous block
# <min> <max>
0	3

[block]
# block no. 5 follows, 28 sequences, length 8
# corresponding to MSA columns:
# 742-749
name=unknown_F
#
# <colnr> <probs for GDERKNQSTAVLIFYWHMCP>
#	G	D	E	R	K	N	Q	S	T	A	V	L	I	F	Y	W	H	M	C	P
0	0.01970	0.01789	0.02501	0.09894	0.42648	0.09561	0.01896	0.02462	0.05910	0.08528	0.01680	0.02161	0.01371	0.00771	0.00728	0.00223	0.00875	0.03515	0.00445	0.01071
1	0.00961	0.00687	0.00891	0.01026	0.01099	0.00654	0.00728	0.01113	0.01415	0.01861	0.03951	0.47930	0.08447	0.12107	0.01318	0.00356	0.00504	0.13723	0.00642	0.00586
2	0.00952	0.00694	0.00932	0.06190	0.01295	0.00686	0.00730	0.01082	0.01336	0.01775	0.03499	0.56256	0.04138	0.15178	0.01413	0.00365	0.00513	0.01781	0.00607	0.00579
3	0.18952	0.02273	0.27387	0.01758	0.05454	0.01660	0.01733	0.04216	0.01475	0.06018	0.01523	0.08174	0.01321	0.00952	0.00969	0.00249	0.13848	0.00682	0.00422	0.00933
4	0.01575	0.09903	0.40797	0.02514	0.16951	0.01771	0.07762	0.02228	0.01597	0.02295	0.04896	0.01795	0.01298	0.00710	0.00698	0.00221	0.00976	0.00614	0.00349	0.01048
5	0.00883	0.00698	0.00796	0.00854	0.01018	0.00611	0.00609	0.01060	0.01592	0.02004	0.11390	0.31867	0.40099	0.01974	0.00885	0.00263	0.00386	0.01714	0.00686	0.00611
6	0.00982	0.00727	0.00928	0.01047	0.01134	0.00710	0.00719	0.01304	0.07607	0.02053	0.09405	0.61701	0.04742	0.02093	0.00905	0.00285	0.00429	0.01889	0.00691	0.00650
7	0.06408	0.23557	0.10532	0.01696	0.05205	0.18225	0.01479	0.14252	0.02015	0.08259	0.01377	0.01487	0.01063	0.00732	0.00616	0.00195	0.00918	0.00513	0.00460	0.01011

[dist]
# distance from previous block
# <min> <max>
2	6

[block]
# block no. 6 follows, 28 sequences, length 31
# corresponding to MSA columns:
# 756-786
name=unknown_G
#
# <colnr> <probs for GDERKNQSTAVLIFYWHMCP>
#	G	D	E	R	K	N	Q	S	T	A	V	L	I	F	Y	W	H	M	C	P
0	0.10793	0.08246	0.05978	0.03133	0.05131	0.05089	0.01270	0.07159	0.17372	0.20363	0.02102	0.02090	0.01529	0.01125	0.05215	0.00282	0.00794	0.00652	0.00617	0.01060
1	0.01871	0.06115	0.06347	0.04036	0.05679	0.01602	0.01263	0.14816	0.17419	0.06199	0.02436	0.02439	0.08248	0.00881	0.00684	0.00202	0.00665	0.00712	0.00583	0.17803
2	0.02016	0.04482	0.01825	0.01552	0.06239	0.01599	0.01157	0.29227	0.06652	0.06381	0.04839	0.13447	0.06131	0.01115	0.00739	0.00219	0.00649	0.00926	0.00652	0.10154
3	0.06837	0.50838	0.03146	0.01361	0.01918	0.13459	0.01242	0.05621	0.06023	0.02044	0.01192	0.01319	0.01023	0.00681	0.00526	0.00174	0.00836	0.00443	0.00378	0.00939
4	0.00989	0.00693	0.00863	0.00946	0.01072	0.00625	0.00661	0.01157	0.01548	0.04770	0.10963	0.47997	0.20962	0.02039	0.00896	0.00274	0.00409	0.01809	0.00696	0.00631
5	0.00936	0.00739	0.00843	0.00817	0.01029	0.00646	0.00613	0.01192	0.01838	0.02395	0.35539	0.06286	0.41180	0.01680	0.00858	0.00238	0.00357	0.01435	0.00732	0.00646
6	0.01958	0.01430	0.01561	0.01365	0.01787	0.01564	0.01073	0.06870	0.46242	0.13285	0.03451	0.03180	0.10849	0.01078	0.00753	0.00242	0.00567	0.00891	0.00755	0.01099
7	0.02545	0.01825	0.01948	0.01518	0.02036	0.02010	0.01246	0.57283	0.03124	0.04291	0.01842	0.01895	0.01333	0.00869	0.00693	0.00211	0.00728	0.00658	0.12796	0.01149
8	0.01808	0.01561	0.01644	0.01479	0.01890	0.01808	0.01151	0.03863	0.68606	0.03041	0.02959	0.02712	0.02219	0.00986	0.00740	0.00247	0.00575	0.00822	0.00740	0.01151
9	0.00957	0.00821	0.00830	0.00813	0.01075	0.00736	0.00614	0.01333	0.08537	0.02074	0.06911	0.06555	0.62698	0.01753	0.00847	0.00246	0.00389	0.01461	0.00682	0.00669
10	0.00955	0.00673	0.00878	0.01015	0.01066	0.00644	0.00697	0.01086	0.01367	0.01815	0.03667	0.52403	0.04323	0.15649	0.01453	0.00377	0.00507	0.10224	0.00631	0.00573
11	0.01171	0.00837	0.01171	0.01339	0.01506	0.00837	0.01171	0.01506	0.01673	0.02175	0.03849	0.08199	0.04183	0.02008	0.01004	0.00335	0.00669	0.65027	0.00669	0.00669
12	0.01958	0.67100	0.03631	0.01314	0.01886	0.06024	0.01272	0.02184	0.01482	0.01716	0.01012	0.01199	0.00934	0.00668	0.00592	0.00167	0.05219	0.00407	0.00314	0.00920
13	0.43914	0.01846	0.01505	0.01299	0.01753	0.12495	0.01053	0.18514	0.01933	0.03297	0.01382	0.01761	0.01125	0.00815	0.00584	0.00224	0.00743	0.04335	0.00521	0.00901
14	0.01334	0.00889	0.01119	0.01058	0.01223	0.01015	0.00830	0.05819	0.01461	0.02316	0.02026	0.02609	0.01723	0.02827	0.30642	0.00607	0.07486	0.00715	0.33589	0.00712
15	0.01027	0.00702	0.00801	0.00815	0.00842	0.00687	0.00480	0.01065	0.01169	0.01550	0.05582	0.11363	0.07347	0.60011	0.03140	0.00617	0.00642	0.01192	0.00492	0.00476
16	0.01779	0.01707	0.02915	0.07627	0.66909	0.01722	0.02221	0.02214	0.01646	0.02351	0.01364	0.01806	0.01143	0.00651	0.00720	0.00217	0.00868	0.00648	0.00358	0.01135
17	0.02518	0.05453	0.02255	0.02249	0.13132	0.53159	0.01524	0.05424	0.03957	0.02023	0.01237	0.01443	0.01020	0.00740	0.00665	0.00194	0.01179	0.00512	0.00395	0.00920
18	0.74911	0.01399	0.01135	0.05247	0.01621	0.01630	0.00861	0.02120	0.01250	0.03177	0.01029	0.01226	0.00798	0.00678	0.00466	0.00226	0.00587	0.00409	0.00442	0.00788
19	0.02287	0.38537	0.08459	0.01520	0.02093	0.24907	0.01396	0.02559	0.01731	0.08658	0.01257	0.01374	0.01020	0.00697	0.00573	0.00179	0.00959	0.00461	0.00390	0.00945
20	0.01428	0.01135	0.01331	0.01311	0.03485	0.01195	0.01003	0.08009	0.21150	0.02754	0.17452	0.08161	0.13190	0.01453	0.00840	0.00259	0.00538	0.13727	0.00714	0.00864
21	0.01577	0.12483	0.03619	0.01135	0.01473	0.05048	0.00938	0.09042	0.01974	0.06636	0.28343	0.06814	0.10839	0.05822	0.00941	0.00248	0.00579	0.01035	0.00645	0.00811
22	0.01641	0.02089	0.13771	0.08965	0.03559	0.01734	0.44304	0.05221	0.01723	0.02356	0.01608	0.06577	0.01311	0.00755	0.00819	0.00245	0.01108	0.00860	0.00391	0.00965
23	0.03261	0.01237	0.01687	0.01293	0.01856	0.01068	0.01068	0.03543	0.02081	0.70423	0.02868	0.02474	0.01799	0.00900	0.00731	0.00225	0.00619	0.00731	0.00900	0.01237
24	0.00906	0.00652	0.00836	0.00966	0.01025	0.00607	0.00644	0.01034	0.01408	0.01865	0.06811	0.59467	0.09653	0.09038	0.01182	0.00327	0.00441	0.01899	0.00658	0.00582
25	0.16173	0.01675	0.08422	0.03776	0.02024	0.01567	0.01271	0.15310	0.06368	0.23250	0.04110	0.02059	0.01537	0.00873	0.00770	0.00230	0.05013	0.00651	0.03869	0.01054
26	0.01009	0.00765	0.00951	0.00986	0.01078	0.00776	0.00698	0.01169	0.01459	0.01978	0.12026	0.33858	0.16310	0.11503	0.01387	0.00328	0.07102	0.01543	0.04466	0.00610
27	0.01263	0.00631	0.00947	0.00947	0.00947	0.00631	0.00631	0.00947	0.00947	0.01263	0.01263	0.02210	0.01263	0.02525	0.02841	0.78851	0.00631	0.00631	0.00316	0.00316
28	0.01870	0.17062	0.14774	0.02247	0.17103	0.15960	0.01715	0.02360	0.05668	0.02130	0.05496	0.01831	0.01450	0.00937	0.03222	0.00241	0.03977	0.00595	0.00392	0.00970
29	0.05548	0.12122	0.31038	0.11622	0.12566	0.01807	0.06288	0.02290	0.01566	0.06625	0.01370	0.01648	0.01023	0.00688	0.00671	0.00220	0.00946	0.00574	0.00366	0.01022
30	0.01101	0.00806	0.01077	0.01208	0.01381	0.00782	0.01026	0.01402	0.01675	0.02162	0.07636	0.11416	0.14356	0.01971	0.00971	0.00314	0.00594	0.48787	0.00677	0.00657

[dist]
# distance from previous block
# <min> <max>
2	6

[block]
# block no. 7 follows, 28 sequences, length 107
# corresponding to MSA columns:
# 793-899
name=unknown_H
#
# <colnr> <probs for GDERKNQSTAVLIFYWHMCP>
#	G	D	E	R	K	N	Q	S	T	A	V	L	I	F	Y	W	H	M	C	P
0	0.01323	0.00927	0.01193	0.07904	0.01630	0.00901	0.00903	0.01767	0.06720	0.08882	0.32184	0.05010	0.17174	0.01400	0.00826	0.00239	0.00484	0.06345	0.00712	0.03477
1	0.01943	0.74891	0.03809	0.01244	0.01866	0.02876	0.01244	0.02177	0.01477	0.01710	0.01011	0.01166	0.00933	0.00622	0.00466	0.00155	0.00777	0.00389	0.00311	0.00933
2	0.01628	0.01171	0.01546	0.01628	0.12079	0.01163	0.01078	0.13844	0.02230	0.08148	0.38756	0.04031	0.07253	0.01214	0.00803	0.00225	0.00530	0.01055	0.00720	0.00898
3	0.01013	0.00742	0.00950	0.00898	0.01076	0.00679	0.00674	0.01341	0.02021	0.02827	0.63788	0.05575	0.12661	0.01519	0.00858	0.00230	0.00345	0.01335	0.00789	0.00679
4	0.02772	0.01378	0.01709	0.01337	0.01843	0.01333	0.01094	0.20728	0.02443	0.41702	0.13101	0.02742	0.02445	0.00985	0.00750	0.00224	0.00625	0.00802	0.00837	0.01150
5	0.01040	0.00774	0.01145	0.01145	0.01266	0.00896	0.00879	0.01283	0.01161	0.01670	0.01969	0.02975	0.01869	0.09772	0.67323	0.01139	0.01869	0.00796	0.00393	0.00636
6	0.02715	0.03464	0.02060	0.01873	0.02247	0.71536	0.01404	0.02903	0.02060	0.01779	0.01124	0.01311	0.00936	0.00749	0.00655	0.00187	0.01311	0.00468	0.00375	0.00843
7	0.01124	0.00814	0.01038	0.00956	0.01150	0.00772	0.00724	0.05006	0.02132	0.03007	0.65810	0.05227	0.06550	0.01452	0.00850	0.00228	0.00368	0.01278	0.00796	0.00716
8	0.00948	0.00690	0.00875	0.00949	0.01053	0.00640	0.00666	0.01137	0.01583	0.02121	0.21246	0.38607	0.13324	0.08203	0.01143	0.00309	0.00431	0.04780	0.00687	0.00609
9	0.00881	0.00737	0.00767	0.00759	0.00995	0.00623	0.00570	0.01086	0.01709	0.02086	0.15378	0.06794	0.61533	0.01795	0.00859	0.00243	0.00365	0.01506	0.00691	0.00623
10	0.01688	0.01763	0.02200	0.13099	0.02438	0.10265	0.01636	0.01902	0.01278	0.01770	0.01027	0.01612	0.00954	0.01125	0.01920	0.00291	0.53285	0.00618	0.00325	0.00803
11	0.79588	0.01406	0.01068	0.00956	0.01406	0.01631	0.00787	0.02137	0.01237	0.03261	0.01012	0.01181	0.00787	0.00675	0.00450	0.00225	0.00562	0.00394	0.00450	0.00787
12	0.01204	0.00785	0.00947	0.00953	0.01032	0.00782	0.00620	0.04869	0.01349	0.05097	0.02814	0.26243	0.03168	0.40715	0.05744	0.00547	0.00676	0.01324	0.00550	0.00581
13	0.05314	0.00942	0.00856	0.00812	0.01029	0.04706	0.00620	0.05440	0.01645	0.02790	0.02202	0.02505	0.01725	0.00835	0.00526	0.00176	0.00429	0.00651	0.66077	0.00723
14	0.01418	0.01077	0.01400	0.01446	0.05652	0.01098	0.03003	0.17067	0.01904	0.02556	0.03224	0.50003	0.03612	0.01789	0.00865	0.00270	0.00564	0.01603	0.00658	0.00792
15	0.02557	0.02444	0.02064	0.05655	0.02346	0.27138	0.01387	0.34927	0.06493	0.03253	0.01732	0.01811	0.03206	0.00855	0.00706	0.00211	0.00968	0.00623	0.00577	0.01047
16	0.22494	0.01543	0.04382	0.05904	0.07627	0.01628	0.17470	0.01950	0.01402	0.02378	0.01549	0.09637	0.01433	0.01196	0.04902	0.00305	0.12154	0.00789	0.00412	0.00845
17	0.01892	0.35600	0.07627	0.01908	0.04725	0.10541	0.14756	0.02236	0.01560	0.01906	0.01172	0.01481	0.01004	0.00853	0.03014	0.00231	0.07685	0.00546	0.00334	0.00927
18	0.01109	0.00856	0.01151	0.01288	0.04110	0.00852	0.01000	0.01389	0.01663	0.02187	0.13079	0.14153	0.16620	0.01845	0.01005	0.00294	0.04075	0.31989	0.00659	0.00678
19	0.13955	0.07681	0.01981	0.05818	0.14781	0.12277	0.01321	0.08106	0.03825	0.02605	0.12423	0.02463	0.05776	0.00919	0.00730	0.00217	0.02998	0.00720	0.00501	0.00904
20	0.01680	0.03435	0.01394	0.01239	0.01514	0.01193	0.00936	0.13014	0.12295	0.11171	0.03224	0.39359	0.03300	0.01613	0.00825	0.00261	0.00545	0.01413	0.00711	0.00879
21	0.05142	0.01218	0.01637	0.01266	0.01807	0.01065	0.01043	0.03403	0.02057	0.65463	0.05991	0.02581	0.02014	0.00922	0.00730	0.00225	0.00604	0.00750	0.00883	0.01199
22	0.01076	0.00846	0.01119	0.01120	0.01247	0.03046	0.00845	0.01297	0.01220	0.01683	0.02339	0.06134	0.05725	0.12265	0.55444	0.01003	0.01647	0.00893	0.00422	0.00629
