[name]
unknown

[dist]
# distance from previous block
# <min> <max>
5	10

[block]
# block no. 0 follows, 28 sequences, length 10
# corresponding to MSA columns:
# 11-20
name=unknown_A
#
# <colnr> <probs for GDERKNQSTAVLIFYWHMCP>
#	G	D	E	R	K	N	Q	S	T	A	V	L	I	F	Y	W	H	M	C	P
0	0.02245	0.01730	0.01921	0.04991	0.02184	0.01842	0.01251	0.40589	0.11095	0.03702	0.01902	0.05379	0.01492	0.00886	0.00703	0.00206	0.00712	0.00702	0.00650	0.15817
1	0.02567	0.01926	0.02075	0.01596	0.02174	0.02088	0.01311	0.56376	0.07368	0.04245	0.01774	0.01781	0.01282	0.00844	0.00708	0.00208	0.00757	0.00641	0.00696	0.09584
2	0.02827	0.01935	0.02119	0.01624	0.02204	0.02104	0.01342	0.59370	0.03248	0.12947	0.01888	0.01838	0.01308	0.00876	0.00728	0.00219	0.00777	0.00664	0.00749	0.01236
3	0.01667	0.01387	0.01593	0.01152	0.01790	0.01132	0.00927	0.10173	0.01750	0.02650	0.01350	0.01538	0.01097	0.00581	0.00562	0.00122	0.00572	0.00459	0.00468	0.69030
4	0.01029	0.00743	0.00972	0.00914	0.01086	0.00686	0.00686	0.01372	0.02058	0.02915	0.69536	0.05430	0.06859	0.01486	0.00857	0.00229	0.00343	0.01315	0.00800	0.00686
5	0.01781	0.01582	0.01956	0.06170	0.16726	0.01780	0.01433	0.03397	0.50363	0.02830	0.02521	0.02471	0.01918	0.00899	0.00735	0.00240	0.00660	0.00774	0.00634	0.01131
6	0.00859	0.00736	0.00736	0.00736	0.00982	0.00614	0.00552	0.01043	0.01657	0.01964	0.07364	0.06996	0.69624	0.01841	0.00859	0.00245	0.00368	0.01534	0.00675	0.00614
7	0.01808	0.01561	0.01644	0.01479	0.01890	0.01808	0.01151	0.03863	0.68606	0.03041	0.02959	0.02712	0.02219	0.00986	0.00740	0.00247	0.00575	0.00822	0.00740	0.01151
8	0.01029	0.00743	0.00972	0.00914	0.01086	0.00686	0.00686	0.01372	0.02058	0.02915	0.69536	0.05430	0.06859	0.01486	0.00857	0.00229	0.00343	0.01315	0.00800	0.00686
9	0.02347	0.01829	0.01947	0.01588	0.02096	0.02060	0.01281	0.39756	0.31836	0.03910	0.02274	0.02167	0.01665	0.00922	0.00733	0.00231	0.00702	0.00727	0.00733	0.01199

[dist]
# distance from previous block
# <min> <max>
6	11

[block]
# block no. 1 follows, 28 sequences, length 15
# corresponding to MSA columns:
# 32-46
name=unknown_B
#
# <colnr> <probs for GDERKNQSTAVLIFYWHMCP>
#	G	D	E	R	K	N	Q	S	T	A	V	L	I	F	Y	W	H	M	C	P
0	0.02463	0.01966	0.01939	0.05684	0.02201	0.10623	0.01290	0.45670	0.02848	0.03790	0.01736	0.01848	0.01278	0.00845	0.00685	0.00208	0.00804	0.00634	0.12411	0.01078
1	0.01157	0.00944	0.01260	0.01286	0.01415	0.01047	0.01058	0.01399	0.01531	0.02037	0.06823	0.15664	0.15395	0.01838	0.01250	0.00305	0.15736	0.28577	0.00603	0.00675
2	0.79588	0.01406	0.01068	0.00956	0.01406	0.01631	0.00787	0.02137	0.01237	0.03261	0.01012	0.01181	0.00787	0.00675	0.00450	0.00225	0.00562	0.00394	0.00450	0.00787
3	0.00886	0.00633	0.00843	0.01012	0.01054	0.00590	0.00675	0.01012	0.01392	0.01856	0.04006	0.73979	0.04808	0.02277	0.00928	0.00295	0.00422	0.02066	0.00675	0.00590
4	0.01885	0.01600	0.01687	0.01495	0.01919	0.01844	0.01169	0.08963	0.63381	0.03164	0.02861	0.02635	0.02140	0.00977	0.00739	0.00244	0.00593	0.00808	0.00739	0.01157
5	0.02763	0.02036	0.02182	0.01672	0.02254	0.02254	0.01382	0.67496	0.03418	0.04581	0.01745	0.01745	0.01236	0.00873	0.00727	0.00218	0.00800	0.00654	0.00727	0.01236
6	0.01507	0.01292	0.01507	0.01077	0.01723	0.00969	0.00861	0.01830	0.01507	0.02369	0.01292	0.01507	0.01077	0.00538	0.00538	0.00108	0.00538	0.00431	0.00431	0.78898
7	0.01076	0.00886	0.01122	0.01095	0.03714	0.00826	0.03125	0.01505	0.07204	0.02502	0.34252	0.05585	0.31321	0.01527	0.00844	0.00237	0.00422	0.01323	0.00713	0.00722
8	0.01524	0.01361	0.01924	0.25152	0.02964	0.01287	0.05202	0.04472	0.01577	0.02283	0.01321	0.01688	0.01049	0.00619	0.00628	0.00165	0.00733	0.00537	0.00403	0.45112
9	0.01373	0.01292	0.02180	0.72707	0.05006	0.01615	0.02019	0.01857	0.01453	0.01857	0.01292	0.01938	0.00969	0.00727	0.00727	0.00242	0.00969	0.00646	0.00323	0.00807
10	0.02438	0.01394	0.01883	0.01531	0.01862	0.01554	0.01263	0.05980	0.01729	0.35446	0.02053	0.04643	0.01525	0.01077	0.01368	0.00258	0.28545	0.00727	0.00640	0.04082
11	0.02763	0.02036	0.02182	0.01672	0.02254	0.02254	0.01382	0.67496	0.03418	0.04581	0.01745	0.01745	0.01236	0.00873	0.00727	0.00218	0.00800	0.00654	0.00727	0.01236
12	0.00972	0.00741	0.00938	0.01021	0.03455	0.00676	0.00696	0.01201	0.01708	0.02289	0.29672	0.26569	0.21157	0.04344	0.00974	0.00269	0.00404	0.01565	0.00703	0.00647
13	0.02515	0.01815	0.01963	0.01539	0.02062	0.01974	0.01258	0.55552	0.03102	0.06811	0.02413	0.05960	0.07612	0.01033	0.00750	0.00225	0.00734	0.00809	0.00727	0.01147
14	0.02467	0.02768	0.01910	0.01701	0.02111	0.47203	0.01294	0.03097	0.17346	0.06102	0.01658	0.01713	0.01290	0.00800	0.00672	0.00198	0.01055	0.00563	0.00492	0.05559

[dist]
# distance from previous block
# <min> <max>
26	47

[block]
# block no. 2 follows, 28 sequences, length 26
# corresponding to MSA columns:
# 97-122
name=unknown_C
#
# <colnr> <probs for GDERKNQSTAVLIFYWHMCP>
#	G	D	E	R	K	N	Q	S	T	A	V	L	I	F	Y	W	H	M	C	P
0	0.08348	0.07646	0.01998	0.01556	0.02026	0.21633	0.01243	0.16798	0.19165	0.09633	0.01879	0.01854	0.01400	0.00835	0.00670	0.00213	0.00850	0.00612	0.00595	0.01046
1	0.02189	0.33560	0.14600	0.01557	0.02240	0.02424	0.01546	0.28343	0.02264	0.02961	0.01355	0.01461	0.01052	0.00734	0.00609	0.00193	0.00837	0.00520	0.00477	0.01078
2	0.01473	0.07742	0.55892	0.01809	0.02717	0.01609	0.02265	0.02202	0.01530	0.02327	0.01448	0.01690	0.01064	0.00710	0.00649	0.00216	0.00944	0.00549	0.12158	0.01005
3	0.01035	0.00726	0.00929	0.00933	0.00999	0.00751	0.00627	0.01169	0.01265	0.01749	0.12515	0.09506	0.03212	0.38603	0.22132	0.00732	0.00978	0.01093	0.00498	0.00547
4	0.01017	0.00731	0.00953	0.00919	0.01072	0.00678	0.00676	0.01327	0.01959	0.02762	0.60994	0.11760	0.06514	0.04236	0.00968	0.00252	0.00364	0.01375	0.00775	0.00668
5	0.10300	0.01633	0.01798	0.01448	0.01968	0.01753	0.01178	0.27201	0.19514	0.22082	0.02290	0.02136	0.01597	0.00889	0.00704	0.00228	0.00669	0.00692	0.00750	0.01170
6	0.01038	0.00779	0.01168	0.01168	0.01298	0.00909	0.00909	0.01298	0.01168	0.01687	0.01947	0.02856	0.01817	0.05452	0.71573	0.01168	0.01947	0.00779	0.00389	0.00649
7	0.01808	0.01561	0.01644	0.01479	0.01890	0.01808	0.01151	0.03863	0.68606	0.03041	0.02959	0.02712	0.02219	0.00986	0.00740	0.00247	0.00575	0.00822	0.00740	0.01151
8	0.01029	0.00743	0.00972	0.00914	0.01086	0.00686	0.00686	0.01372	0.02058	0.02915	0.69536	0.05430	0.06859	0.01486	0.00857	0.00229	0.00343	0.01315	0.00800	0.00686
9	0.01600	0.01619	0.02384	0.01996	0.02052	0.02197	0.06595	0.01793	0.01159	0.01793	0.00994	0.01619	0.00966	0.01222	0.02269	0.00313	0.67645	0.00653	0.00322	0.00809
10	0.00883	0.00744	0.00770	0.00782	0.01022	0.00631	0.00600	0.01079	0.01658	0.01980	0.07096	0.07087	0.64631	0.01854	0.00870	0.00252	0.00391	0.06379	0.00675	0.00618
11	0.01507	0.01292	0.01507	0.01077	0.01723	0.00969	0.00861	0.01830	0.01507	0.02369	0.01292	0.01507	0.01077	0.00538	0.00538	0.00108	0.00538	0.00431	0.00431	0.78898
12	0.01632	0.01366	0.01574	0.01136	0.01776	0.01097	0.00913	0.08365	0.01697	0.02589	0.01337	0.01531	0.01093	0.00572	0.00557	0.00119	0.00564	0.00453	0.00460	0.71169
13	0.01808	0.01561	0.01644	0.01479	0.01890	0.01808	0.01151	0.03863	0.68606	0.03041	0.02959	0.02712	0.02219	0.00986	0.00740	0.00247	0.00575	0.00822	0.00740	0.01151
14	0.01507	0.01292	0.01507	0.01077	0.01723	0.00969	0.00861	0.01830	0.01507	0.02369	0.01292	0.01507	0.01077	0.00538	0.00538	0.00108	0.00538	0.00431	0.00431	0.78898
15	0.01870	0.64147	0.13911	0.01369	0.02059	0.02697	0.01462	0.02196	0.01486	0.01800	0.01055	0.01222	0.00931	0.00632	0.00500	0.00167	0.00822	0.00411	0.00310	0.00954
16	0.01880	0.02086	0.02167	0.16498	0.02648	0.22692	0.01623	0.02114	0.01465	0.01780	0.01074	0.01579	0.00952	0.01004	0.01529	0.00264	0.36908	0.00588	0.00336	0.00812
17	0.01601	0.01658	0.02939	0.23481	0.08609	0.04231	0.26889	0.02074	0.01582	0.02122	0.01479	0.02210	0.01222	0.00778	0.00902	0.00240	0.06520	0.04353	0.00372	0.06737
18	0.01605	0.01318	0.01489	0.01242	0.01695	0.01277	0.00980	0.07106	0.22424	0.02666	0.04872	0.02966	0.02099	0.06517	0.00914	0.00232	0.00587	0.07079	0.00587	0.32345
19	0.01027	0.00742	0.00932	0.00977	0.01104	0.00703	0.00728	0.01244	0.01611	0.02150	0.22578	0.15158	0.13602	0.17372	0.01510	0.00367	0.00511	0.16421	0.00659	0.00607
20	0.02070	0.01530	0.01684	0.01354	0.01812	0.01597	0.01065	0.27920	0.15675	0.06841	0.04025	0.02500	0.01812	0.12010	0.01151	0.00279	0.00672	0.00733	0.00646	0.14624
21	0.02259	0.18012	0.08996	0.01399	0.01954	0.07045	0.01276	0.11780	0.05654	0.20281	0.07149	0.02463	0.06827	0.00919	0.00681	0.00209	0.00737	0.00712	0.00613	0.01032
22	0.02504	0.01894	0.02078	0.01626	0.02125	0.02129	0.01340	0.55979	0.03057	0.04103	0.02087	0.02123	0.06327	0.00985	0.00902	0.00230	0.07965	0.00718	0.00683	0.01146
23	0.01803	0.01950	0.08359	0.02426	0.03060	0.01788	0.39277	0.13619	0.04572	0.02759	0.06804	0.04222	0.01695	0.00814	0.00870	0.00242	0.03402	0.00859	0.00480	0.00999
24	0.09658	0.15175	0.15167	0.01557	0.02136	0.11108	0.01464	0.05216	0.26282	0.02576	0.01823	0.01845	0.01400	0.00800	0.00642	0.00216	0.00809	0.00596	0.00505	0.01024
25	0.08374	0.04748	0.02108	0.01583	0.02140	0.02187	0.01309	0.53766	0.09667	0.04219	0.01783	0.01777	0.01289	0.00859	0.00698	0.00219	0.00759	0.00641	0.00692	0.01182

[dist]
# distance from previous block
# <min> <max>
0	23

[block]
# block no. 3 follows, 28 sequences, length 26
# corresponding to MSA columns:
# 146-171
name=unknown_D
#
# <colnr> <probs for GDERKNQSTAVLIFYWHMCP>
#	G	D	E	R	K	N	Q	S	T	A	V	L	I	F	Y	W	H	M	C	P
0	0.02213	0.02423	0.05587	0.02841	0.28043	0.24638	0.01792	0.12523	0.02005	0.02462	0.01306	0.01600	0.01066	0.00775	0.00851	0.00217	0.07634	0.00584	0.00415	0.01028
1	0.07922	0.01609	0.01570	0.05746	0.01948	0.11659	0.01001	0.02049	0.03764	0.02297	0.01345	0.01668	0.01135	0.04004	0.00713	0.00170	0.00692	0.00489	0.00428	0.49793
2	0.05944	0.05065	0.15186	0.01863	0.02456	0.30666	0.05318	0.19963	0.02249	0.02724	0.01335	0.01496	0.01016	0.00756	0.00678	0.00208	0.01075	0.00547	0.00457	0.00999
3	0.01725	0.13987	0.17689	0.25738	0.09711	0.05936	0.01912	0.02343	0.06937	0.05222	0.01452	0.01759	0.01106	0.00724	0.00673	0.00219	0.00924	0.00588	0.00384	0.00969
4	0.25712	0.02126	0.01825	0.01497	0.01999	0.15562	0.01208	0.35383	0.02502	0.03641	0.01405	0.01492	0.01044	0.00789	0.00630	0.00214	0.00828	0.00540	0.00576	0.01025
5	0.01072	0.00767	0.01004	0.05709	0.01233	0.00830	0.00693	0.01186	0.01119	0.01527	0.02116	0.03970	0.02271	0.47816	0.24865	0.00820	0.01113	0.00942	0.00417	0.00531
6	0.00866	0.00710	0.00763	0.00805	0.01000	0.00608	0.00583	0.01035	0.01591	0.01937	0.06526	0.23706	0.53455	0.01950	0.00876	0.00258	0.00382	0.01667	0.00675	0.00608
7	0.02352	0.01876	0.02405	0.09196	0.22171	0.02041	0.01689	0.42334	0.02720	0.03683	0.01593	0.01779	0.01186	0.00793	0.00725	0.00220	0.00834	0.00652	0.00582	0.01171
8	0.47983	0.31318	0.02184	0.01073	0.01593	0.02138	0.00973	0.02153	0.01335	0.02630	0.01012	0.01175	0.00846	0.00653	0.00457	0.00197	0.00650	0.00392	0.00393	0.00846
9	0.01808	0.01561	0.01644	0.01479	0.01890	0.01808	0.01151	0.03863	0.68606	0.03041	0.02959	0.02712	0.02219	0.00986	0.00740	0.00247	0.00575	0.00822	0.00740	0.01151
10	0.00887	0.00734	0.00778	0.00775	0.01001	0.00624	0.00578	0.01095	0.01712	0.02113	0.17261	0.09256	0.57074	0.01800	0.00861	0.00245	0.00366	0.01519	0.00695	0.00624
11	0.01055	0.00712	0.00828	0.00828	0.00841	0.00724	0.00485	0.01080	0.01068	0.01436	0.02258	0.04577	0.02565	0.67933	0.10114	0.00749	0.00822	0.01031	0.00436	0.00460
12	0.01864	0.01589	0.01675	0.01491	0.01912	0.01834	0.01164	0.07592	0.64785	0.03131	0.02887	0.02655	0.02161	0.00980	0.00739	0.00245	0.00588	0.00812	0.00739	0.01156
13	0.79588	0.01406	0.01068	0.00956	0.01406	0.01631	0.00787	0.02137	0.01237	0.03261	0.01012	0.01181	0.00787	0.00675	0.00450	0.00225	0.00562	0.00394	0.00450	0.00787
14	0.79588	0.01406	0.01068	0.00956	0.01406	0.01631	0.00787	0.02137	0.01237	0.03261	0.01012	0.01181	0.00787	0.00675	0.00450	0.00225	0.00562	0.00394	0.00450	0.00787
15	0.01054	0.00716	0.00851	0.00851	0.00871	0.00736	0.00513	0.01094	0.01074	0.01453	0.02237	0.04462	0.02515	0.63749	0.14229	0.00777	0.00897	0.01014	0.00433	0.00473
16	0.02573	0.03195	0.02198	0.02274	0.12734	0.60718	0.01533	0.02799	0.01997	0.01871	0.01161	0.01387	0.00970	0.00733	0.00665	0.00192	0.01242	0.00496	0.00372	0.00891
17	0.02654	0.01957	0.02094	0.01624	0.02180	0.02169	0.01335	0.61296	0.07168	0.04421	0.01840	0.01838	0.01317	0.00878	0.00720	0.00218	0.00769	0.00665	0.03647	0.01210
18	0.01275	0.01292	0.12283	0.01147	0.01499	0.00914	0.01051	0.01757	0.04411	0.07317	0.51659	0.04506	0.05395	0.01300	0.00818	0.00229	0.00488	0.01132	0.00725	0.00802
19	0.01808	0.01561	0.01644	0.01479	0.01890	0.01808	0.01151	0.03863	0.68606	0.03041	0.02959	0.02712	0.02219	0.00986	0.00740	0.00247	0.00575	0.00822	0.00740	0.01151
20	0.01508	0.01430	0.02425	0.50986	0.25667	0.01651	0.02086	0.01976	0.01518	0.02022	0.01316	0.01894	0.01027	0.00702	0.00724	0.00234	0.00935	0.00647	0.00335	0.00917
21	0.50203	0.01341	0.01307	0.01086	0.01579	0.01414	0.00895	0.02678	0.01562	0.29118	0.01727	0.01679	0.01177	0.00761	0.00558	0.00225	0.00584	0.00524	0.00623	0.00960
22	0.01590	0.01590	0.02226	0.01908	0.01908	0.02226	0.01590	0.01749	0.01113	0.01749	0.00954	0.01590	0.00954	0.01272	0.02385	0.00318	0.73123	0.00636	0.00318	0.00795
23	0.01370	0.00960	0.01235	0.01094	0.01309	0.00983	0.00853	0.06847	0.02079	0.07442	0.53178	0.04575	0.05513	0.01378	0.00983	0.00236	0.07276	0.01159	0.00755	0.00777
24	0.01178	0.00986	0.01271	0.19146	0.02150	0.01019	0.01046	0.06631	0.01778	0.02246	0.10935	0.07072	0.34898	0.01470	0.00826	0.00248	0.00573	0.05204	0.00601	0.00722
25	0.01624	0.25666	0.17141	0.06889	0.17478	0.01916	0.01769	0.02066	0.01593	0.02134	0.06927	0.02443	0.01763	0.00849	0.00670	0.00213	0.00827	0.06678	0.00395	0.00959

[dist]
# distance from previous block
# <min> <max>
3	8

[block]
# block no. 4 follows, 28 sequences, length 19
# corresponding to MSA columns:
# 180-198
name=unknown_E
#
# <colnr> <probs for GDERKNQSTAVLIFYWHMCP>
#	G	D	E	R	K	N	Q	S	T	A	V	L	I	F	Y	W	H	M	C	P
0	0.01673	0.01862	0.20347	0.01700	0.07048	0.01221	0.03925	0.04136	0.01748	0.12783	0.08703	0.07860	0.06669	0.01072	0.00757	0.00228	0.00727	0.06390	0.00558	0.10594
1	0.09326	0.01506	0.08661	0.01406	0.01872	0.01293	0.05726	0.07040	0.10929	0.10347	0.12125	0.11910	0.02723	0.01116	0.00745	0.00232	0.00638	0.03366	0.00626	0.08412
2	0.06528	0.01080	0.01417	0.04272	0.10672	0.01052	0.01096	0.05174	0.01686	0.02398	0.08488	0.17076	0.10161	0.01427	0.00802	0.00247	0.00586	0.14472	0.00585	0.10780
3	0.01799	0.01727	0.02950	0.04462	0.69919	0.01727	0.02231	0.02231	0.01655	0.02375	0.01367	0.01799	0.01151	0.00648	0.00720	0.00216	0.00864	0.00648	0.00360	0.01151
4	0.02373	0.01688	0.01812	0.01443	0.01912	0.01848	0.01172	0.50759	0.02928	0.04047	0.02018	0.06949	0.01600	0.00966	0.00701	0.00215	0.00689	0.00757	0.15035	0.01088
5	0.32842	0.01525	0.01986	0.07224	0.29601	0.01637	0.01498	0.02354	0.05139	0.07754	0.01418	0.01662	0.01100	0.00701	0.00615	0.00224	0.00717	0.00562	0.00454	0.00990
6	0.01555	0.01550	0.06401	0.01680	0.04402	0.05571	0.09968	0.10372	0.11706	0.02490	0.02868	0.30780	0.04704	0.01414	0.00823	0.00256	0.00712	0.01274	0.00596	0.00877
7	0.06264	0.03341	0.01032	0.00969	0.01179	0.00821	0.00763	0.01342	0.01722	0.02372	0.25549	0.14154	0.22791	0.01691	0.00853	0.00258	0.00449	0.13097	0.00686	0.00667
8	0.01355	0.00678	0.00678	0.00678	0.00847	0.00678	0.00508	0.01694	0.01524	0.02710	0.02371	0.02710	0.01863	0.00847	0.00508	0.00169	0.00339	0.00678	0.78489	0.00678
9	0.42518	0.01391	0.01851	0.01496	0.01939	0.01473	0.16691	0.02032	0.01372	0.05129	0.01412	0.02020	0.01189	0.01004	0.00914	0.10745	0.00739	0.04861	0.00443	0.00779
10	0.01209	0.00947	0.01165	0.01301	0.01463	0.04631	0.01091	0.01508	0.01678	0.02152	0.07330	0.16465	0.04238	0.01947	0.00967	0.00316	0.00653	0.49610	0.00661	0.00669
11	0.01737	0.12571	0.13549	0.08485	0.45096	0.01879	0.02144	0.02207	0.01596	0.02231	0.01301	0.01677	0.01071	0.00656	0.00679	0.00211	0.00891	0.00593	0.00342	0.01083
12	0.79588	0.01406	0.01068	0.00956	0.01406	0.01631	0.00787	0.02137	0.01237	0.03261	0.01012	0.01181	0.00787	0.00675	0.00450	0.00225	0.00562	0.00394	0.00450	0.00787
13	0.01355	0.00678	0.00678	0.00678	0.00847	0.00678	0.00508	0.01694	0.01524	0.02710	0.02371	0.02710	0.01863	0.00847	0.00508	0.00169	0.00339	0.00678	0.78489	0.00678
14	0.02000	0.69617	0.03680	0.01290	0.01894	0.07946	0.01256	0.02230	0.01520	0.01715	0.01019	0.01177	0.00933	0.00631	0.00480	0.00158	0.00817	0.00395	0.00316	0.00926
15	0.01482	0.07267	0.67390	0.02031	0.03083	0.01747	0.02615	0.02296	0.01532	0.02273	0.01290	0.01517	0.00921	0.00687	0.00680	0.00227	0.01060	0.00530	0.00307	0.01067
16	0.01832	0.02102	0.16482	0.03761	0.51758	0.01673	0.02241	0.02336	0.01661	0.07095	0.01459	0.01793	0.01150	0.00674	0.00715	0.00219	0.00889	0.00631	0.00387	0.01142
17	0.07174	0.01237	0.03499	0.01755	0.14128	0.01100	0.01169	0.02300	0.01774	0.24943	0.12933	0.14122	0.02811	0.01119	0.00746	0.00227	0.00592	0.00972	0.00668	0.06731
18	0.01444	0.01056	0.05924	0.01111	0.01430	0.00833	0.00961	0.01752	0.01793	0.14811	0.17267	0.09416	0.22582	0.01578	0.00858	0.00259	0.00526	0.14901	0.00714	0.00785

[dist]
# distance from previous block
# <min> <max>
0	7

[block]
# block no. 5 follows, 28 sequences, length 20
# corresponding to MSA columns:
# 206-225
name=unknown_F
#
# <colnr> <probs for GDERKNQSTAVLIFYWHMCP>
#	G	D	E	R	K	N	Q	S	T	A	V	L	I	F	Y	W	H	M	C	P
0	0.28936	0.06222	0.06294	0.01306	0.01780	0.14650	0.01122	0.06570	0.01731	0.12388	0.04263	0.01771	0.01352	0.00960	0.03361	0.00248	0.00806	0.00550	0.04787	0.00903
1	0.01713	0.01696	0.02500	0.12240	0.24643	0.06716	0.11028	0.02279	0.07821	0.02300	0.01560	0.03871	0.01291	0.00716	0.00707	0.00205	0.00858	0.00677	0.00415	0.16764
2	0.01355	0.00678	0.00678	0.00678	0.00847	0.00678	0.00508	0.01694	0.01524	0.02710	0.02371	0.02710	0.01863	0.00847	0.00508	0.00169	0.00339	0.00678	0.78489	0.00678
3	0.01567	0.19674	0.55725	0.01887	0.02860	0.01954	0.02363	0.02274	0.01522	0.02170	0.01239	0.01452	0.00924	0.00675	0.00640	0.00213	0.01008	0.00504	0.00308	0.01043
4	0.01355	0.00678	0.00678	0.00678	0.00847	0.00678	0.00508	0.01694	0.01524	0.02710	0.02371	0.02710	0.01863	0.00847	0.00508	0.00169	0.00339	0.00678	0.78489	0.00678
5	0.79588	0.01406	0.01068	0.00956	0.01406	0.01631	0.00787	0.02137	0.01237	0.03261	0.01012	0.01181	0.00787	0.00675	0.00450	0.00225	0.00562	0.00394	0.00450	0.00787
6	0.01054	0.00716	0.00851	0.00851	0.00871	0.00736	0.00513	0.01094	0.01074	0.01453	0.02237	0.04462	0.02515	0.63749	0.14230	0.00777	0.00897	0.01014	0.00433	0.00473
7	0.04776	0.01549	0.02328	0.13479	0.40419	0.04373	0.01797	0.02113	0.04579	0.02392	0.10334	0.02485	0.04607	0.00834	0.00731	0.00223	0.00786	0.00758	0.00444	0.00993
8	0.00861	0.00730	0.00743	0.00753	0.00986	0.00612	0.00560	0.01041	0.01641	0.01957	0.07165	0.10956	0.65792	0.01867	0.00863	0.00248	0.00371	0.01566	0.00675	0.00612
9	0.01355	0.00678	0.00678	0.00678	0.00847	0.00678	0.00508	0.01694	0.01524	0.02710	0.02371	0.02710	0.01863	0.00847	0.00508	0.00169	0.00339	0.00678	0.78489	0.00678
10	0.04718	0.01475	0.02157	0.60361	0.07132	0.06094	0.01917	0.04013	0.01553	0.02016	0.01287	0.01856	0.00975	0.00728	0.00711	0.00236	0.00965	0.00625	0.00346	0.00836
11	0.01714	0.41239	0.35449	0.01636	0.02471	0.02314	0.01926	0.02236	0.01504	0.01990	0.01150	0.01340	0.00927	0.00654	0.00572	0.00191	0.00918	0.00459	0.00309	0.01000
12	0.01355	0.00678	0.00678	0.00678	0.00847	0.00678	0.00508	0.01694	0.01524	0.02710	0.02371	0.02710	0.01863	0.00847	0.00508	0.00169	0.00339	0.00678	0.78489	0.00678
13	0.01038	0.00779	0.01168	0.01168	0.01298	0.00909	0.00909	0.01298	0.01168	0.01687	0.01947	0.02856	0.01817	0.05452	0.71573	0.01168	0.01947	0.00779	0.00389	0.00649
14	0.01001	0.00747	0.01029	0.01292	0.07376	0.00716	0.00777	0.01133	0.01356	0.01823	0.03454	0.54860	0.04080	0.15102	0.01407	0.00361	0.00513	0.01754	0.00604	0.00615
15	0.01810	0.55406	0.22130	0.01471	0.02216	0.02551	0.01639	0.02211	0.01493	0.01872	0.01091	0.01267	0.00930	0.00641	0.00528	0.00176	0.00859	0.00429	0.00310	0.00972
16	0.01370	0.00748	0.00779	0.00756	0.00946	0.00759	0.00575	0.04565	0.01593	0.02687	0.02590	0.02911	0.05545	0.01196	0.05064	0.00239	0.00463	0.00730	0.65786	0.00697
17	0.09266	0.00815	0.00907	0.00860	0.01087	0.00778	0.00653	0.01498	0.01780	0.05179	0.33659	0.07179	0.18849	0.01385	0.00759	0.00225	0.00383	0.01172	0.12870	0.00696
18	0.55539	0.04429	0.01371	0.01114	0.01577	0.01727	0.00915	0.06646	0.12595	0.05993	0.01458	0.01523	0.01101	0.00746	0.00528	0.00225	0.00591	0.00495	0.00528	0.00900
19	0.02433	0.02289	0.01846	0.01557	0.01989	0.27921	0.01216	0.27454	0.02486	0.06759	0.02398	0.02493	0.10953	0.03938	0.00839	0.00230	0.00916	0.00730	0.00585	0.00968

[dist]
# distance from previous block
# <min> <max>
0	3

[block]
# block no. 6 follows, 28 sequences, length 18
# corresponding to MSA columns:
# 229-246
name=unknown_G
#
# <colnr> <probs for GDERKNQSTAVLIFYWHMCP>
#	G	D	E	R	K	N	Q	S	T	A	V	L	I	F	Y	W	H	M	C	P
0	0.45979	0.10635	0.01668	0.07741	0.01912	0.07698	0.01045	0.05043	0.01526	0.06139	0.03964	0.01521	0.01151	0.00732	0.00537	0.00215	0.00694	0.00488	0.00463	0.00849
1	0.64864	0.01320	0.01110	0.00988	0.01415	0.01482	0.00803	0.02174	0.01363	0.09378	0.04678	0.05057	0.01373	0.00813	0.00519	0.00229	0.00550	0.00551	0.00519	0.00814
2	0.79588	0.01406	0.01068	0.00956	0.01406	0.01631	0.00787	0.02137	0.01237	0.03261	0.01012	0.01181	0.00787	0.00675	0.00450	0.00225	0.00562	0.00394	0.00450	0.00787
3	0.01672	0.01679	0.01959	0.09783	0.15554	0.14384	0.01463	0.01954	0.01545	0.02031	0.07678	0.02313	0.01754	0.05043	0.07808	0.00347	0.16592	0.00708	0.04905	0.00828
4	0.01355	0.00678	0.00678	0.00678	0.00847	0.00678	0.00508	0.01694	0.01524	0.02710	0.02371	0.02710	0.01863	0.00847	0.00508	0.00169	0.00339	0.00678	0.78489	0.00678
5	0.01507	0.01292	0.01507	0.01077	0.01723	0.00969	0.00861	0.01830	0.01507	0.02369	0.01292	0.01507	0.01077	0.00538	0.00538	0.00108	0.00538	0.00431	0.00431	0.78898
6	0.79588	0.01406	0.01068	0.00956	0.01406	0.01631	0.00787	0.02137	0.01237	0.03261	0.01012	0.01181	0.00787	0.00675	0.00450	0.00225	0.00562	0.00394	0.00450	0.00787
7	0.01355	0.00678	0.00678	0.00678	0.00847	0.00678	0.00508	0.01694	0.01524	0.02710	0.02371	0.02710	0.01863	0.00847	0.00508	0.00169	0.00339	0.00678	0.78489	0.00678
8	0.01799	0.01727	0.02950	0.04462	0.69919	0.01727	0.02231	0.02231	0.01655	0.02375	0.01367	0.01799	0.01151	0.00648	0.00720	0.00216	0.00864	0.00648	0.00360	0.01151
9	0.01434	0.06570	0.62302	0.01953	0.02926	0.01653	0.02465	0.02195	0.01521	0.02241	0.01505	0.07236	0.01228	0.00813	0.00700	0.00232	0.01010	0.00651	0.00336	0.01030
10	0.01843	0.01409	0.01686	0.01288	0.01842	0.01267	0.03043	0.17791	0.01997	0.06768	0.01833	0.10571	0.01618	0.00857	0.00653	0.00169	0.00613	0.00717	0.00558	0.43477
11	0.01041	0.00769	0.01117	0.01117	0.01230	0.00881	0.00845	0.01265	0.01153	0.01650	0.01994	0.03113	0.01929	0.14806	0.62372	0.01105	0.01779	0.00817	0.00396	0.00621
12	0.01791	0.07991	0.02742	0.18343	0.42574	0.07089	0.01997	0.02262	0.04250	0.02189	0.01365	0.01773	0.01120	0.00683	0.00695	0.00215	0.00901	0.00618	0.00364	0.01036
13	0.15342	0.31999	0.11855	0.01596	0.07703	0.04291	0.01403	0.04667	0.01554	0.02283	0.04212	0.01621	0.01268	0.01076	0.06160	0.00269	0.00878	0.00516	0.00385	0.00921
14	0.01594	0.04931	0.07196	0.01113	0.01484	0.04070	0.00966	0.01924	0.01912	0.15892	0.32227	0.04419	0.16798	0.01295	0.00790	0.00226	0.00529	0.01091	0.00711	0.00833
15	0.09656	0.09542	0.08046	0.01641	0.02212	0.17011	0.01429	0.35731	0.02576	0.03386	0.01435	0.01526	0.01074	0.00788	0.00658	0.00207	0.00908	0.00555	0.00550	0.01067
16	0.01891	0.58405	0.09764	0.07428	0.02271	0.02628	0.01450	0.05433	0.01578	0.01921	0.01098	0.01295	0.00950	0.00650	0.00522	0.00173	0.00822	0.00438	0.00332	0.00950
17	0.09103	0.46147	0.18511	0.01417	0.02100	0.05770	0.01513	0.02222	0.01498	0.02023	0.01125	0.01306	0.00945	0.00656	0.00526	0.00181	0.00837	0.00436	0.02746	0.00939

[dist]
# distance from previous block
# <min> <max>
0	13

[block]
# block no. 7 follows, 28 sequences, length 10
# corresponding to MSA columns:
# 260-269
name=unknown_H
#
# <colnr> <probs for GDERKNQSTAVLIFYWHMCP>
#	G	D	E	R	K	N	Q	S	T	A	V	L	I	F	Y	W	H	M	C	P
0	0.01518	0.12612	0.62364	0.01969	0.02987	0.01836	0.02506	0.02286	0.01528	0.02228	0.01268	0.01489	0.00922	0.00682	0.00663	0.00221	0.01037	0.00519	0.00307	0.01057
1	0.09025	0.10366	0.29494	0.01534	0.02275	0.01543	0.01678	0.02659	0.01687	0.25528	0.01842	0.01852	0.01265	0.00762	0.00647	0.00216	0.00797	0.00582	0.05180	0.01065
2	0.05118	0.08724	0.36852	0.02845	0.27848	0.01797	0.02313	0.02258	0.01562	0.02324	0.01291	0.01587	0.01002	0.00668	0.00672	0.00219	0.00949	0.00560	0.00333	0.01079
3	0.01943	0.74891	0.03809	0.01244	0.01866	0.02876	0.01244	0.02177	0.01477	0.01710	0.01011	0.01166	0.00933	0.00622	0.00466	0.00155	0.00777	0.00389	0.00311	0.00933
4	0.01668	0.02329	0.19528	0.02616	0.03387	0.01799	0.43145	0.02530	0.10737	0.02419	0.01633	0.01962	0.01211	0.00682	0.00803	0.00242	0.01102	0.00778	0.00404	0.01026
5	0.02662	0.01179	0.01560	0.01205	0.01729	0.01000	0.00981	0.02958	0.01980	0.49748	0.11635	0.02711	0.02363	0.00918	0.00715	0.00206	0.00568	0.00759	0.00807	0.14316
6	0.01762	0.01911	0.01810	0.05510	0.16661	0.26020	0.01346	0.01999	0.01680	0.01935	0.02198	0.26201	0.02336	0.01436	0.03646	0.00273	0.00921	0.01071	0.00471	0.00815
7	0.01609	0.01352	0.01562	0.01125	0.01766	0.01073	0.00903	0.07148	0.01662	0.02548	0.01329	0.01527	0.01090	0.00565	0.00554	0.00117	0.00560	0.00449	0.00455	0.72608
8	0.00886	0.00633	0.00843	0.01012	0.01054	0.00590	0.00675	0.01012	0.01392	0.01856	0.04006	0.73979	0.04808	0.02277	0.00928	0.00295	0.00422	0.02066	0.00675	0.00590
9	0.01489	0.01292	0.01599	0.10783	0.02168	0.01057	0.01018	0.01834	0.01500	0.02299	0.01292	0.01566	0.01062	0.00564	0.00564	0.00126	0.00597	0.00460	0.00416	0.68316

[dist]
# distance from previous block
# <min> <max>
0	14

[block]
# block no. 8 follows, 28 sequences, length 14
# corresponding to MSA columns:
# 284-297
name=unknown_I
#
# <colnr> <probs for GDERKNQSTAVLIFYWHMCP>
#	G	D	E	R	K	N	Q	S	T	A	V	L	I	F	Y	W	H	M	C	P
0	0.01697	0.01623	0.02766	0.20848	0.54333	0.01700	0.02180	0.02141	0.01607	0.02251	0.01349	0.01832	0.01108	0.00667	0.00721	0.00222	0.00889	0.00647	0.00351	0.01069
1	0.01022	0.00741	0.01008	0.01140	0.01257	0.00713	0.00873	0.01239	0.01482	0.01979	0.03709	0.43189	0.04244	0.02310	0.05395	0.00357	0.00611	0.24232	0.00645	0.03854
2	0.06768	0.45469	0.23175	0.01472	0.02212	0.02353	0.01629	0.02283	0.01511	0.05608	0.01195	0.01344	0.00966	0.00660	0.00545	0.00185	0.00843	0.00451	0.00350	0.00981
3	0.01867	0.01856	0.02884	0.04269	0.64893	0.06912	0.02169	0.02281	0.01685	0.02331	0.01349	0.01763	0.01135	0.00655	0.00715	0.00214	0.00897	0.00634	0.00361	0.01128
4	0.01923	0.02182	0.02131	0.43688	0.03876	0.30259	0.01767	0.02285	0.01702	0.01825	0.01223	0.01681	0.00956	0.00736	0.00698	0.00220	0.01109	0.00573	0.00344	0.00822
5	0.00965	0.00666	0.00820	0.00911	0.00934	0.00643	0.00567	0.01033	0.01237	0.01650	0.03216	0.42076	0.03810	0.35542	0.02205	0.00484	0.00552	0.01601	0.00567	0.00521
6	0.02763	0.02036	0.02182	0.01672	0.02254	0.02254	0.01382	0.67496	0.03418	0.04581	0.01745	0.01745	0.01236	0.00873	0.00727	0.00218	0.00800	0.00654	0.00727	0.01236
7	0.00914	0.00654	0.00869	0.00993	0.01061	0.00609	0.00677	0.01083	0.01523	0.02065	0.16930	0.60461	0.05212	0.02121	0.00914	0.00282	0.00406	0.01918	0.00699	0.00609
8	0.01029	0.00743	0.00972	0.00914	0.01086	0.00686	0.00686	0.01372	0.02058	0.02915	0.69536	0.05430	0.06859	0.01486	0.00857	0.00229	0.00343	0.01315	0.00800	0.00686
9	0.01724	0.01758	0.03315	0.11517	0.40586	0.01752	0.24024	0.02222	0.01653	0.02302	0.01394	0.01869	0.01115	0.00645	0.00767	0.00229	0.00997	0.00718	0.00358	0.01056
10	0.02763	0.02036	0.02182	0.01672	0.02254	0.02254	0.01382	0.67496	0.03418	0.04581	0.01745	0.01745	0.01236	0.00873	0.00727	0.00218	0.00800	0.00654	0.00727	0.01236
11	0.01046	0.00708	0.00799	0.00796	0.00816	0.00699	0.00458	0.01072	0.01135	0.01510	0.05861	0.04896	0.06023	0.67401	0.03424	0.00659	0.00671	0.01092	0.00469	0.00461
12	0.01799	0.01727	0.02950	0.04462	0.69919	0.01727	0.02231	0.02231	0.01655	0.02375	0.01367	0.01799	0.01151	0.00648	0.00720	0.00216	0.00864	0.00648	0.00360	0.01151
13	0.08407	0.02031	0.01775	0.01473	0.01962	0.25839	0.01167	0.03220	0.02014	0.41635	0.02126	0.01975	0.01426	0.00831	0.00685	0.00212	0.00858	0.00615	0.00684	0.01067

[dist]
# distance from previous block
# <min> <max>
0	5

[block]
# block no. 9 follows, 28 sequences, length 31
# corresponding to MSA columns:
# 303-333
name=unknown_J
#
# <colnr> <probs for GDERKNQSTAVLIFYWHMCP>
#	G	D	E	R	K	N	Q	S	T	A	V	L	I	F	Y	W	H	M	C	P
0	0.02287	0.02245	0.01792	0.01476	0.01986	0.31074	0.01146	0.04844	0.04229	0.10440	0.01485	0.01591	0.01150	0.00699	0.00625	0.00164	0.00887	0.00504	0.00485	0.30890
1	0.13748	0.01545	0.02318	0.01746	0.02263	0.01543	0.18715	0.01996	0.01446	0.02379	0.01232	0.01593	0.01015	0.00719	0.00961	0.00203	0.14525	0.00578	0.00395	0.31080
2	0.01841	0.59839	0.17961	0.01419	0.02137	0.02625	0.01549	0.02203	0.01489	0.01835	0.01073	0.01244	0.00930	0.00636	0.00514	0.00171	0.00840	0.00420	0.00310	0.00963
3	0.01057	0.00705	0.00793	0.00793	0.00793	0.00705	0.00440	0.01057	0.01057	0.01409	0.02290	0.04757	0.02643	0.74454	0.03700	0.00705	0.00705	0.01057	0.00440	0.00440
4	0.01943	0.74891	0.03809	0.01244	0.01866	0.02876	0.01244	0.02177	0.01477	0.01710	0.01011	0.01166	0.00933	0.00622	0.00466	0.00155	0.00777	0.00389	0.00311	0.00933
5	0.01590	0.01590	0.02226	0.01908	0.01908	0.02226	0.01590	0.01749	0.01113	0.01749	0.00954	0.01590	0.00954	0.01272	0.02385	0.00318	0.73123	0.00636	0.00318	0.00795
6	0.02037	0.01711	0.01714	0.01509	0.01939	0.06836	0.01180	0.08241	0.54791	0.07536	0.02735	0.02527	0.02029	0.00955	0.00732	0.00239	0.00647	0.00778	0.00723	0.01140
7	0.01373	0.01292	0.02180	0.72707	0.05006	0.01615	0.02019	0.01857	0.01453	0.01857	0.01292	0.01938	0.00969	0.00727	0.00727	0.00242	0.00969	0.00646	0.00323	0.00807
8	0.01263	0.00631	0.00947	0.00947	0.00947	0.00631	0.00631	0.00947	0.00947	0.01263	0.01263	0.02210	0.01263	0.02525	0.02841	0.78851	0.00631	0.00631	0.00316	0.00316
9	0.00886	0.00633	0.00843	0.01012	0.01054	0.00590	0.00675	0.01012	0.01392	0.01856	0.04006	0.73979	0.04808	0.02277	0.00928	0.00295	0.00422	0.02066	0.00675	0.00590
10	0.01056	0.00708	0.00809	0.00809	0.00815	0.00714	0.00461	0.01068	0.01062	0.01422	0.02275	0.04673	0.02606	0.71400	0.06704	0.00725	0.00760	0.01045	0.00438	0.00450
11	0.01458	0.03760	0.70688	0.02072	0.03146	0.01688	0.02686	0.02302	0.01535	0.02302	0.01304	0.01535	0.00921	0.00691	0.00691	0.00230	0.01074	0.00537	0.00307	0.01074
12	0.01808	0.01561	0.01644	0.01479	0.01890	0.01808	0.01151	0.03863	0.68606	0.03041	0.02959	0.02712	0.02219	0.00986	0.00740	0.00247	0.00575	0.00822	0.00740	0.01151
13	0.01915	0.01946	0.02838	0.04135	0.61390	0.10526	0.02127	0.02316	0.01706	0.02300	0.01337	0.01738	0.01124	0.00660	0.00712	0.00212	0.00920	0.00625	0.00362	0.01113
14	0.79588	0.01406	0.01068	0.00956	0.01406	0.01631	0.00787	0.02137	0.01237	0.03261	0.01012	0.01181	0.00787	0.00675	0.00450	0.00225	0.00562	0.00394	0.00450	0.00787
15	0.01808	0.01561	0.01644	0.01479	0.01890	0.01808	0.01151	0.03863	0.68606	0.03041	0.02959	0.02712	0.02219	0.00986	0.00740	0.00247	0.00575	0.00822	0.00740	0.01151
16	0.01038	0.00779	0.01168	0.01168	0.01298	0.00909	0.00909	0.01298	0.01168	0.01687	0.01947	0.02856	0.01817	0.05452	0.71573	0.01168	0.01947	0.00779	0.00389	0.00649
17	0.79588	0.01406	0.01068	0.00956	0.01406	0.01631	0.00787	0.02137	0.01237	0.03261	0.01012	0.01181	0.00787	0.00675	0.00450	0.00225	0.00562	0.00394	0.00450	0.00787
18	0.01041	0.00769	0.01121	0.01121	0.01234	0.00883	0.00850	0.01268	0.01154	0.01652	0.01990	0.03095	0.01921	0.14149	0.63019	0.01110	0.01790	0.00814	0.00396	0.00623
19	0.79588	0.01406	0.01068	0.00956	0.01406	0.01631	0.00787	0.02137	0.01237	0.03261	0.01012	0.01181	0.00787	0.00675	0.00450	0.00225	0.00562	0.00394	0.00450	0.00787
20	0.02715	0.03464	0.02060	0.01873	0.02247	0.71536	0.01404	0.02903	0.02060	0.01779	0.01124	0.01311	0.00936	0.00749	0.00655	0.00187	0.01311	0.00468	0.00375	0.00843
21	0.03261	0.01237	0.01687	0.01293	0.01856	0.01068	0.01068	0.03543	0.02081	0.70423	0.02868	0.02474	0.01799	0.00900	0.00731	0.00225	0.00619	0.00731	0.00900	0.01237
22	0.00980	0.00705	0.00928	0.00948	0.01075	0.00653	0.00682	0.01248	0.01829	0.02551	0.47042	0.28961	0.06155	0.01758	0.00882	0.00251	0.00370	0.01573	0.00757	0.00653
23	0.01263	0.00631	0.00947	0.00947	0.00947	0.00631	0.00631	0.00947	0.00947	0.01263	0.01263	0.02210	0.01263	0.02525	0.02841	0.78851	0.00631	0.00631	0.00316	0.00316
24	0.01507	0.01292	0.01507	0.01077	0.01723	0.00969	0.00861	0.01830	0.01507	0.02369	0.01292	0.01507	0.01077	0.00538	0.00538	0.00108	0.00538	0.00431	0.00431	0.78898
25	0.01935	0.01721	0.02657	0.15229	0.44588	0.01822	0.02013	0.16174	0.02000	0.02762	0.01436	0.01811	0.01139	0.00709	0.00722	0.00221	0.00867	0.00649	0.00433	0.01112
26	0.01863	0.63045	0.14947	0.01382	0.02079	0.02678	0.01484	0.02198	0.01487	0.01809	0.01060	0.01227	0.00931	0.00633	0.00504	0.00168	0.00827	0.00413	0.00310	0.00956
27	0.75896	0.01517	0.04359	0.01009	0.01488	0.01633	0.00877	0.02145	0.01251	0.03216	0.01026	0.01198	0.00794	0.00676	0.00461	0.00225	0.00587	0.00400	0.00443	0.00801
28	0.01129	0.00869	0.01302	0.01230	0.01369	0.01003	0.03610	0.01381	0.01205	0.01772	0.01918	0.02872	0.01798	0.10078	0.53320	0.00962	0.06557	0.00787	0.06180	0.00658
29	0.49820	0.02142	0.22526	0.01369	0.01977	0.01693	0.01430	0.02159	0.01319	0.02855	0.01098	0.01320	0.00841	0.00724	0.00667	0.00233	0.06101	0.00456	0.00396	0.00876
30	0.04198	0.00989	0.01171	0.06290	0.01469	0.01000	0.00787	0.08689	0.01658	0.10366	0.09229	0.04235	0.13032	0.31524	0.01981	0.00428	0.00633	0.01019	0.00588	0.00711

[dist]
# distance from previous block
# <min> <max>
1	8

[block]
# block no. 10 follows, 28 sequences, length 100
# corresponding to MSA columns:
# 342-441
name=unknown_K
#
# <colnr> <probs for GDERKNQSTAVLIFYWHMCP>
#	G	D	E	R	K	N	Q	S	T	A	V	L	I	F	Y	W	H	M	C	P
0	0.47331	0.01671	0.05484	0.15647	0.02344	0.05642	0.01251	0.04752	0.01425	0.02805	0.01118	0.01408	0.00868	0.00733	0.00654	0.00232	0.04909	0.00482	0.00415	0.00830
1	0.01409	0.01166	0.05217	0.01162	0.01381	0.01132	0.00908	0.14238	0.01584	0.02174	0.02014	0.03358	0.01997	0.33176	0.25168	0.00734	0.01151	0.00857	0.00472	0.00701
2	0.04543	0.11554	0.47037	0.01836	0.02707	0.05815	0.02171	0.04345	0.03654	0.05078	0.01467	0.01786	0.01120	0.00756	0.00669	0.00223	0.00979	0.02849	0.00379	0.01033
3	0.02007	0.02100	0.02133	0.01790	0.02105	0.20862	0.05446	0.08731	0.07500	0.02248	0.01360	0.01691	0.01144	0.01115	0.04120	0.00274	0.24974	0.00605	0.00428	0.09366
4	0.01519	0.01330	0.01665	0.01189	0.01840	0.01018	0.04615	0.01858	0.01519	0.02366	0.01302	0.01533	0.01078	0.00543	0.00556	0.00115	0.00577	0.00455	0.00427	0.74494
5	0.01554	0.01307	0.01513	0.01096	0.01712	0.01025	0.00871	0.05243	0.01589	0.02445	0.01357	0.01655	0.01150	0.03640	0.00680	0.00138	0.00559	0.00469	0.00447	0.71550
6	0.01819	0.55945	0.13523	0.01557	0.05958	0.02519	0.01510	0.02160	0.01507	0.01863	0.01235	0.01655	0.01127	0.00712	0.00545	0.00180	0.00820	0.04079	0.00333	0.00952
7	0.01057	0.00705	0.00793	0.00793	0.00793	0.00705	0.00440	0.01057	0.01057	0.01409	0.02290	0.04757	0.02643	0.74454	0.03700	0.00705	0.00705	0.01057	0.00440	0.00440
8	0.48932	0.01892	0.04356	0.01281	0.01780	0.09765	0.01081	0.18072	0.01872	0.03372	0.01215	0.01347	0.00919	0.00732	0.00551	0.00219	0.00727	0.00471	0.00502	0.00914
9	0.01765	0.24098	0.33014	0.04498	0.07713	0.09164	0.05802	0.02308	0.01588	0.02068	0.01214	0.01463	0.00955	0.00670	0.00635	0.00204	0.01001	0.00517	0.00323	0.01001
10	0.01548	0.01432	0.02353	0.53329	0.19384	0.01677	0.02030	0.05725	0.01612	0.02130	0.01335	0.01896	0.01025	0.00717	0.00725	0.00235	0.00936	0.00647	0.00355	0.00909
11	0.06801	0.01529	0.01867	0.22516	0.02797	0.01723	0.01392	0.28660	0.04830	0.08260	0.01775	0.01981	0.01288	0.00821	0.00683	0.00221	0.00755	0.00651	0.10441	0.01008
12	0.01985	0.02216	0.02441	0.25444	0.22141	0.26585	0.04582	0.02354	0.01737	0.01994	0.01260	0.01676	0.01014	0.00708	0.00705	0.00215	0.01072	0.00592	0.00354	0.00924
13	0.01410	0.01330	0.02247	0.66783	0.10641	0.01625	0.02037	0.01890	0.01471	0.01902	0.01299	0.01926	0.00985	0.00720	0.00726	0.00240	0.00960	0.00646	0.00326	0.00837
14	0.01507	0.01292	0.01507	0.01077	0.01723	0.00969	0.00861	0.01830	0.01507	0.02369	0.01292	0.01507	0.01077	0.00538	0.00538	0.00108	0.00538	0.00431	0.00431	0.78898
15	0.00886	0.00633	0.00843	0.01012	0.01054	0.00590	0.00675	0.01012	0.01392	0.01856	0.04006	0.73979	0.04808	0.02277	0.00928	0.00295	0.00422	0.02066	0.00675	0.00590
16	0.01884	0.01544	0.01646	0.01470	0.01888	0.01769	0.01146	0.03846	0.65116	0.06575	0.02954	0.02700	0.02197	0.00982	0.00739	0.00245	0.00578	0.00817	0.00748	0.01155
17	0.01373	0.01292	0.02180	0.72707	0.05006	0.01615	0.02019	0.01857	0.01453	0.01857	0.01292	0.01938	0.00969	0.00727	0.00727	0.00242	0.00969	0.00646	0.00323	0.00807
18	0.01799	0.01727	0.02950	0.04462	0.69919	0.01727	0.02231	0.02231	0.01655	0.02375	0.01367	0.01799	0.01151	0.00648	0.00720	0.00216	0.00864	0.00648	0.00360	0.01151
19	0.01000	0.00738	0.00935	0.00894	0.01071	0.00672	0.00667	0.01313	0.01977	0.02744	0.58516	0.08411	0.15227	0.01566	0.00860	0.00234	0.00350	0.01375	0.00778	0.00672
20	0.54822	0.01582	0.01388	0.01237	0.03594	0.04339	0.00970	0.14234	0.01741	0.06136	0.03297	0.01488	0.01110	0.00747	0.00540	0.00222	0.00639	0.00493	0.00524	0.00898
21	0.00968	0.00741	0.00888	0.00851	0.01049	0.00660	0.00638	0.01255	0.01915	0.02576	0.47369	0.05988	0.29237	0.01613	0.00858	0.00235	0.00352	0.01393	0.00756	0.00660
22	0.02723	0.02016	0.02159	0.01664	0.02239	0.02236	0.01372	0.64841	0.06138	0.04517	0.01796	0.01786	0.01277	0.00877	0.00728	0.00219	0.00791	0.00661	0.00728	0.01233
23	0.03141	0.01264	0.01683	0.01309	0.01858	0.01129	0.01075	0.03569	0.07571	0.64862	0.02875	0.02494	0.01834	0.00907	0.00732	0.00227	0.00615	0.00738	0.00886	0.01230
24	0.03261	0.01237	0.01687	0.01293	0.01856	0.01068	0.01068	0.03543	0.02081	0.70423	0.02868	0.02474	0.01799	0.00900	0.00731	0.00225	0.00619	0.00731	0.00900	0.01237
25	0.00859	0.00736	0.00736	0.00736	0.00982	0.00614	0.00552	0.01043	0.01657	0.01964	0.07364	0.06996	0.69624	0.01841	0.00859	0.00245	0.00368	0.01534	0.00675	0.00614
26	0.00869	0.00698	0.00776	0.00839	0.01009	0.00605	0.00598	0.01032	0.01558	0.01924	0.06117	0.31880	0.45545	0.02003	0.00885	0.00264	0.00388	0.01732	0.00675	0.00605
27	0.02763	0.02036	0.02182	0.01672	0.02254	0.02254	0.01382	0.67496	0.03418	0.04581	0.01745	0.01745	0.01236	0.00873	0.00727	0.00218	0.00800	0.00654	0.00727	0.01236
28	0.01507	0.01292	0.01507	0.01077	0.01723	0.00969	0.00861	0.01830	0.01507	0.02369	0.01292	0.01507	0.01077	0.00538	0.00538	0.00108	0.00538	0.00431	0.00431	0.78898
29	0.01038	0.00779	0.01168	0.01168	0.01298	0.00909	0.00909	0.01298	0.01168	0.01687	0.01947	0.02856	0.01817	0.05452	0.71573	0.01168	0.01947	0.00779	0.00389	0.00649
30	0.01373	0.01292	0.02180	0.72707	0.05006	0.01615	0.02019	0.01857	0.01453	0.01857	0.01292	0.01938	0.00969	0.00727	0.00727	0.00242	0.00969	0.00646	0.00323	0.00807
31	0.00907	0.00648	0.00868	0.01036	0.01088	0.00609	0.00711	0.01049	0.01412	0.01879	0.03995	0.69124	0.04762	0.02257	0.00933	0.00298	0.00440	0.06714	0.00674	0.00596
32	0.00882	0.00647	0.00829	0.00974	0.01044	0.00594	0.00658	0.01016	0.01428	0.01871	0.04469	0.64743	0.13745	0.02217	0.00918	0.00288	0.00414	0.01993	0.00675	0.00594
33	0.00939	0.00760	0.00848	0.00886	0.01110	0.00669	0.00704	0.01165	0.01676	0.02050	0.08882	0.07221	0.51763	0.01867	0.00893	0.00266	0.00439	0.16553	0.00678	0.00630
34	0.01368	0.00804	0.01045	0.00984	0.01202	0.00724	0.00737	0.01638	0.01879	0.14261	0.37960	0.19951	0.11421	0.01590	0.00851	0.00244	0.00410	0.01398	0.00778	0.00754
35	0.00965	0.00717	0.00896	0.01014	0.01112	0.00685	0.00712	0.01211	0.04960	0.01935	0.04308	0.51332	0.13509	0.06205	0.01072	0.00312	0.00460	0.07308	0.00664	0.00621
36	0.01373	0.01292	0.02180	0.72707	0.05006	0.01615	0.02019	0.01857	0.01453	0.01857	0.01292	0.01938	0.00969	0.00727	0.00727	0.00242	0.00969	0.00646	0.00323	0.00807
37	0.00886	0.00633	0.00843	0.01012	0.01054	0.00590	0.00675	0.01012	0.01392	0.01856	0.04006	0.73979	0.04808	0.02277	0.00928	0.00295	0.00422	0.02066	0.00675	0.00590
38	0.18412	0.01038	0.01211	0.01038	0.01385	0.01008	0.00819	0.02206	0.01853	0.24202	0.31467	0.03571	0.03818	0.03859	0.00837	0.00244	0.00490	0.00926	0.00744	0.00872
