[name]
unknown

[dist]
# distance from previous block
# <min> <max>
1	122

[block]
# block no. 0 follows, 26 sequences, length 6
# corresponding to MSA columns:
# 142-147
name=unknown_A
#
# <colnr> <probs for GDERKNQSTAVLIFYWHMCP>
#	G	D	E	R	K	N	Q	S	T	A	V	L	I	F	Y	W	H	M	C	P
0	0.01884	0.01953	0.07531	0.09389	0.49032	0.01840	0.07642	0.06903	0.01840	0.02592	0.01454	0.01880	0.01173	0.00699	0.00762	0.00231	0.00952	0.00687	0.00397	0.01159
1	0.02598	0.02651	0.02211	0.02194	0.11513	0.34000	0.01519	0.14214	0.12357	0.06805	0.01729	0.01818	0.01325	0.00837	0.00725	0.00217	0.01046	0.00623	0.00546	0.01071
2	0.01798	0.01721	0.02936	0.16562	0.57324	0.01781	0.02288	0.02258	0.01690	0.02382	0.01413	0.01903	0.01168	0.00691	0.00752	0.00230	0.00921	0.00676	0.00369	0.01138
3	0.02378	0.01568	0.01722	0.01432	0.01857	0.04522	0.01125	0.26080	0.08369	0.17621	0.07294	0.11853	0.02519	0.06829	0.01037	0.00281	0.00702	0.00982	0.00758	0.01070
4	0.01455	0.01164	0.01390	0.01230	0.01575	0.01123	0.00947	0.06927	0.10170	0.02654	0.12621	0.21541	0.03393	0.01386	0.00860	0.00231	0.03255	0.04353	0.00649	0.23077
5	0.01719	0.01641	0.02793	0.28426	0.46077	0.01761	0.02249	0.02189	0.01652	0.02286	0.01399	0.01929	0.01134	0.00705	0.00754	0.00235	0.00940	0.00675	0.00362	0.01074

[dist]
# distance from previous block
# <min> <max>
7	19

[block]
# block no. 1 follows, 26 sequences, length 10
# corresponding to MSA columns:
# 169-178
name=unknown_B
#
# <colnr> <probs for GDERKNQSTAVLIFYWHMCP>
#	G	D	E	R	K	N	Q	S	T	A	V	L	I	F	Y	W	H	M	C	P
0	0.02958	0.02006	0.02203	0.01689	0.02293	0.02176	0.01395	0.57183	0.03367	0.13960	0.01988	0.01930	0.01374	0.00915	0.00759	0.00229	0.00808	0.00694	0.00784	0.01290
1	0.01777	0.02008	0.04263	0.03078	0.03769	0.01958	0.59511	0.02370	0.01728	0.02370	0.01481	0.02008	0.01136	0.00707	0.01053	0.00263	0.08265	0.00872	0.00379	0.01004
2	0.01509	0.01187	0.01234	0.01070	0.01434	0.01168	0.00843	0.21138	0.02296	0.02892	0.05875	0.05610	0.47631	0.01609	0.00854	0.00247	0.00523	0.01318	0.00721	0.00841
3	0.01767	0.01690	0.02880	0.21160	0.52966	0.01773	0.02273	0.02232	0.01675	0.02345	0.01407	0.01913	0.01154	0.00696	0.00753	0.00232	0.00928	0.00675	0.00366	0.01113
4	0.01740	0.01662	0.02831	0.25282	0.49058	0.01766	0.02260	0.02208	0.01662	0.02311	0.01403	0.01922	0.01143	0.00701	0.00753	0.00234	0.00935	0.00675	0.00364	0.01091
5	0.01977	0.01588	0.01790	0.01315	0.01969	0.01425	0.01066	0.21706	0.02188	0.03184	0.01494	0.01649	0.01175	0.00669	0.00623	0.00148	0.00646	0.00521	0.00545	0.54323
6	0.02249	0.01652	0.01924	0.07957	0.02339	0.01671	0.01263	0.28348	0.06624	0.09172	0.01902	0.04591	0.01470	0.00854	0.00707	0.00200	0.00720	0.00684	0.00638	0.25036
7	0.01665	0.01731	0.02980	0.13107	0.03100	0.02100	0.21532	0.02029	0.01410	0.02029	0.01216	0.01835	0.01046	0.01027	0.01730	0.00296	0.39190	0.00737	0.00349	0.00891
8	0.01432	0.01348	0.02275	0.71520	0.05224	0.01685	0.02107	0.01938	0.01517	0.01938	0.01348	0.02022	0.01011	0.00758	0.00758	0.00253	0.01011	0.00674	0.00337	0.00843
9	0.01941	0.01945	0.02948	0.08106	0.58950	0.08156	0.02236	0.02371	0.01755	0.02390	0.01399	0.01838	0.01170	0.00690	0.00745	0.00224	0.00951	0.00658	0.00375	0.01152

[dist]
# distance from previous block
# <min> <max>
0	1

[block]
# block no. 2 follows, 26 sequences, length 11
# corresponding to MSA columns:
# 180-190
name=unknown_C
#
# <colnr> <probs for GDERKNQSTAVLIFYWHMCP>
#	G	D	E	R	K	N	Q	S	T	A	V	L	I	F	Y	W	H	M	C	P
0	0.02209	0.01982	0.01846	0.01586	0.02023	0.13380	0.01244	0.20707	0.29485	0.03378	0.11545	0.02701	0.02484	0.01028	0.00771	0.00236	0.00761	0.00819	0.00713	0.01103
1	0.02883	0.02125	0.02276	0.01745	0.02352	0.02352	0.01442	0.66082	0.03566	0.04780	0.01821	0.01821	0.01290	0.00911	0.00759	0.00228	0.00835	0.00683	0.00759	0.01290
2	0.01573	0.01348	0.01573	0.01123	0.01798	0.01011	0.00899	0.01910	0.01573	0.02472	0.01348	0.01573	0.01123	0.00562	0.00562	0.00112	0.00562	0.00449	0.00449	0.77980
3	0.00923	0.00704	0.00849	0.00951	0.01076	0.00630	0.00661	0.01088	0.01586	0.02036	0.08930	0.46558	0.26930	0.02174	0.00939	0.00286	0.00416	0.01922	0.00711	0.00630
4	0.19447	0.02839	0.01956	0.01945	0.07971	0.45590	0.01374	0.02706	0.01876	0.02249	0.01212	0.01463	0.01008	0.01000	0.04121	0.00258	0.01187	0.00504	0.00408	0.00885
5	0.01318	0.00659	0.00988	0.00988	0.00988	0.00659	0.00659	0.00988	0.00988	0.01318	0.01318	0.02306	0.01318	0.02635	0.02964	0.77931	0.00659	0.00659	0.00329	0.00329
6	0.01236	0.00839	0.00935	0.00896	0.00941	0.00856	0.00533	0.05943	0.01287	0.01717	0.02348	0.04730	0.02648	0.67948	0.03630	0.00698	0.00743	0.01072	0.00482	0.00521
7	0.01573	0.01348	0.01573	0.01123	0.01798	0.01011	0.00899	0.01910	0.01573	0.02472	0.01348	0.01573	0.01123	0.00562	0.00562	0.00112	0.00562	0.00449	0.00449	0.77980
8	0.01432	0.01348	0.02275	0.71520	0.05224	0.01685	0.02107	0.01938	0.01517	0.01938	0.01348	0.02022	0.01011	0.00758	0.00758	0.00253	0.01011	0.00674	0.00337	0.00843
9	0.01800	0.01706	0.02805	0.16112	0.50998	0.01790	0.02180	0.02425	0.08048	0.02451	0.01574	0.01995	0.01276	0.00725	0.00754	0.00233	0.00891	0.00693	0.00407	0.01138
10	0.01932	0.01932	0.02943	0.08887	0.58503	0.07862	0.02237	0.02364	0.01750	0.02387	0.01399	0.01842	0.01169	0.00691	0.00745	0.00224	0.00950	0.00659	0.00374	0.01149

[dist]
# distance from previous block
# <min> <max>
0	1

[block]
# block no. 3 follows, 26 sequences, length 13
# corresponding to MSA columns:
# 192-204
name=unknown_D
#
# <colnr> <probs for GDERKNQSTAVLIFYWHMCP>
#	G	D	E	R	K	N	Q	S	T	A	V	L	I	F	Y	W	H	M	C	P
0	0.28832	0.01030	0.01050	0.00993	0.01280	0.01076	0.00785	0.01704	0.01779	0.03039	0.34771	0.04429	0.08928	0.01318	0.00755	0.00247	0.00469	0.06084	0.00684	0.00747
1	0.01996	0.69352	0.08139	0.01353	0.02032	0.02922	0.01394	0.02280	0.01545	0.01824	0.01074	0.01241	0.00973	0.00653	0.00502	0.00167	0.00831	0.00415	0.00324	0.00983
2	0.02756	0.02061	0.02205	0.01719	0.02304	0.02293	0.01411	0.58160	0.11696	0.04575	0.01983	0.01950	0.01421	0.00926	0.00760	0.00231	0.00805	0.00705	0.00760	0.01279
3	0.01085	0.00808	0.01194	0.01194	0.01321	0.00935	0.00917	0.01338	0.01212	0.01742	0.02054	0.03106	0.01951	0.09994	0.66107	0.01188	0.01949	0.00831	0.00410	0.00663
4	0.00962	0.00687	0.00924	0.01100	0.01160	0.00649	0.00770	0.01122	0.01490	0.01979	0.04160	0.64640	0.04934	0.02340	0.00978	0.00313	0.00473	0.09989	0.00703	0.00627
5	0.02142	0.02443	0.05662	0.03520	0.41166	0.23959	0.02019	0.02524	0.01859	0.02264	0.01459	0.02003	0.01262	0.00777	0.00741	0.00222	0.01053	0.03463	0.00393	0.01071
6	0.01432	0.01348	0.02275	0.71520	0.05224	0.01685	0.02107	0.01938	0.01517	0.01938	0.01348	0.02022	0.01011	0.00758	0.00758	0.00253	0.01011	0.00674	0.00337	0.00843
7	0.01877	0.01802	0.03079	0.04656	0.68612	0.01802	0.02328	0.02328	0.01727	0.02478	0.01427	0.01877	0.01201	0.00676	0.00751	0.00225	0.00901	0.00676	0.00375	0.01201
8	0.00896	0.00768	0.00768	0.00768	0.01025	0.00640	0.00576	0.01089	0.01729	0.02049	0.07684	0.07300	0.68304	0.01921	0.00896	0.00256	0.00384	0.01601	0.00704	0.00640
9	0.01872	0.01818	0.03172	0.04559	0.64313	0.01810	0.06552	0.02335	0.01731	0.02475	0.01434	0.01889	0.01198	0.00673	0.00761	0.00227	0.00926	0.00690	0.00376	0.01190
10	0.01343	0.01063	0.01608	0.02096	0.16523	0.01059	0.01425	0.01697	0.01717	0.02288	0.03451	0.12564	0.03714	0.01802	0.00975	0.00318	0.00722	0.44206	0.00627	0.00804
11	0.00924	0.00660	0.00880	0.01056	0.01100	0.00616	0.00704	0.01056	0.01452	0.01936	0.04181	0.72848	0.05017	0.02376	0.00968	0.00308	0.00440	0.02156	0.00704	0.00616
12	0.01790	0.02046	0.04476	0.03197	0.03964	0.01918	0.65857	0.02430	0.01790	0.02430	0.01535	0.02046	0.01151	0.00639	0.00895	0.00256	0.01279	0.00895	0.00384	0.01023

[dist]
# distance from previous block
# <min> <max>
0	1

[block]
# block no. 4 follows, 26 sequences, length 56
# corresponding to MSA columns:
# 206-261
name=unknown_E
#
# <colnr> <probs for GDERKNQSTAVLIFYWHMCP>
#	G	D	E	R	K	N	Q	S	T	A	V	L	I	F	Y	W	H	M	C	P
0	0.01545	0.07223	0.66323	0.02121	0.03220	0.01820	0.02731	0.02396	0.01599	0.02373	0.01347	0.01583	0.00961	0.00717	0.00710	0.00237	0.01106	0.00553	0.00320	0.01114
1	0.01276	0.00850	0.01119	0.04719	0.01409	0.00794	0.00809	0.01619	0.02070	0.08635	0.52416	0.05381	0.12996	0.01495	0.00876	0.00241	0.00420	0.01306	0.00803	0.00764
2	0.23007	0.50959	0.03120	0.01235	0.01833	0.02618	0.01174	0.05006	0.01560	0.02356	0.01088	0.01247	0.00946	0.00675	0.00494	0.00185	0.00751	0.00419	0.00383	0.00946
3	0.78701	0.01467	0.01115	0.00997	0.01467	0.01702	0.00821	0.02230	0.01291	0.03403	0.01056	0.01232	0.00821	0.00704	0.00469	0.00235	0.00587	0.00411	0.00469	0.00821
4	0.01178	0.00854	0.01164	0.01322	0.01499	0.00840	0.01138	0.01503	0.01732	0.02234	0.04379	0.11155	0.10594	0.02090	0.01030	0.00338	0.00657	0.54906	0.00699	0.00689
5	0.02769	0.03444	0.02161	0.05230	0.02481	0.64134	0.01495	0.05691	0.02181	0.01986	0.01209	0.01418	0.00992	0.00786	0.00691	0.00200	0.01328	0.00506	0.00404	0.00895
6	0.01569	0.01273	0.01868	0.01609	0.01922	0.01283	0.12436	0.17622	0.02043	0.02738	0.03119	0.42472	0.03396	0.01701	0.00903	0.00279	0.00688	0.01563	0.00661	0.00857
7	0.01940	0.01656	0.01745	0.01554	0.01993	0.01911	0.01213	0.07328	0.63857	0.03258	0.03020	0.02776	0.02261	0.01023	0.00771	0.00256	0.00613	0.00848	0.00771	0.01205
8	0.00924	0.00660	0.00880	0.01056	0.01100	0.00616	0.00704	0.01056	0.01452	0.01936	0.04181	0.72848	0.05017	0.02376	0.00968	0.00308	0.00440	0.02156	0.00704	0.00616
9	0.02028	0.73799	0.03975	0.01298	0.01947	0.03001	0.01298	0.02271	0.01541	0.01785	0.01055	0.01217	0.00973	0.00649	0.00487	0.00162	0.00811	0.00406	0.00324	0.00973
10	0.01572	0.03572	0.57246	0.02356	0.03411	0.01791	0.14616	0.02407	0.01637	0.02407	0.01394	0.01685	0.00996	0.00705	0.00753	0.00243	0.01151	0.00623	0.00332	0.01103
11	0.01887	0.01629	0.01715	0.01544	0.01972	0.01887	0.01201	0.04031	0.67241	0.03173	0.03087	0.02830	0.02315	0.01029	0.00772	0.00257	0.00600	0.00858	0.00772	0.01201
12	0.00924	0.00660	0.00880	0.01056	0.01100	0.00616	0.00704	0.01056	0.01452	0.01936	0.04181	0.72848	0.05017	0.02376	0.00968	0.00308	0.00440	0.02156	0.00704	0.00616
13	0.67686	0.09292	0.03912	0.01072	0.01584	0.01843	0.00945	0.02240	0.01329	0.03194	0.01067	0.01244	0.00843	0.00699	0.00480	0.00227	0.00630	0.00416	0.00448	0.00849
14	0.06216	0.60391	0.03590	0.01350	0.01975	0.05374	0.01293	0.08486	0.01747	0.02164	0.01133	0.01282	0.00996	0.00682	0.00520	0.00174	0.00822	0.00436	0.00377	0.00993
15	0.02936	0.01944	0.02153	0.01661	0.02256	0.02097	0.01369	0.51438	0.06225	0.16875	0.02101	0.02011	0.01448	0.00921	0.00760	0.00230	0.00788	0.00706	0.00793	0.01286
16	0.02698	0.03383	0.02155	0.02064	0.05862	0.63282	0.01487	0.02911	0.02082	0.01885	0.01227	0.01473	0.01033	0.01012	0.04033	0.00246	0.01375	0.00514	0.00391	0.00887
17	0.01573	0.01348	0.01573	0.01123	0.01798	0.01011	0.00899	0.01910	0.01573	0.02472	0.01348	0.01573	0.01123	0.00562	0.00562	0.00112	0.00562	0.00449	0.00449	0.77980
18	0.01659	0.01659	0.02323	0.01991	0.01991	0.02323	0.01659	0.01825	0.01162	0.01825	0.00996	0.01659	0.00996	0.01328	0.02489	0.00332	0.71955	0.00664	0.00332	0.00830
19	0.01084	0.00813	0.01219	0.01219	0.01354	0.00948	0.00948	0.01354	0.01219	0.01761	0.02032	0.02980	0.01896	0.05689	0.70337	0.01219	0.02032	0.00813	0.00406	0.00677
20	0.02184	0.01450	0.01530	0.01251	0.01654	0.01569	0.01008	0.35481	0.02626	0.03851	0.02132	0.02300	0.01601	0.00898	0.00650	0.00203	0.00606	0.00694	0.37298	0.01013
21	0.01523	0.01441	0.02439	0.57916	0.18121	0.01709	0.02152	0.02017	0.01559	0.02048	0.01364	0.01993	0.01050	0.00742	0.00757	0.00247	0.00989	0.00674	0.00345	0.00916
22	0.01042	0.00774	0.00970	0.00921	0.01114	0.00702	0.00691	0.01371	0.02073	0.02866	0.57484	0.05955	0.17994	0.01616	0.00895	0.00242	0.00363	0.01412	0.00812	0.00702
23	0.00983	0.00856	0.04591	0.01098	0.01223	0.00695	0.00819	0.01195	0.01583	0.02157	0.15377	0.57108	0.05178	0.02141	0.00942	0.00292	0.00462	0.01931	0.00707	0.00661
24	0.01451	0.01367	0.02309	0.68691	0.07906	0.01690	0.02116	0.01954	0.01526	0.01961	0.01351	0.02016	0.01019	0.00755	0.00758	0.00252	0.01006	0.00674	0.00339	0.00858
25	0.01521	0.03923	0.69413	0.02162	0.03283	0.01762	0.02802	0.02402	0.01601	0.02402	0.01361	0.01601	0.00961	0.00721	0.00721	0.00240	0.01121	0.00560	0.00320	0.01121
26	0.02057	0.01971	0.03409	0.04415	0.54939	0.01916	0.13625	0.02466	0.01856	0.02644	0.01653	0.02190	0.01390	0.00813	0.00863	0.00269	0.01029	0.00779	0.00451	0.01264
27	0.01092	0.00831	0.01041	0.01146	0.01353	0.00780	0.00965	0.01379	0.01739	0.02182	0.05478	0.08055	0.29849	0.02026	0.00987	0.00312	0.00573	0.38833	0.00701	0.00675
28	0.03403	0.01291	0.01760	0.01350	0.01936	0.01115	0.01115	0.03697	0.02171	0.69137	0.02992	0.02582	0.01878	0.00939	0.00763	0.00235	0.00645	0.00763	0.00939	0.01291
29	0.02412	0.01095	0.01458	0.01197	0.01614	0.00981	0.00957	0.02796	0.04421	0.40229	0.29260	0.03832	0.04019	0.01188	0.00816	0.00237	0.00528	0.01011	0.00891	0.01056
30	0.01497	0.01414	0.02392	0.61767	0.14470	0.01702	0.02139	0.01995	0.01547	0.02017	0.01360	0.02001	0.01039	0.00746	0.00757	0.00249	0.00995	0.00674	0.00343	0.00895
31	0.01568	0.10338	0.63406	0.02083	0.03160	0.01875	0.02664	0.02390	0.01596	0.02345	0.01333	0.01566	0.00962	0.00714	0.00699	0.00233	0.01093	0.00546	0.00321	0.01107
32	0.03403	0.01291	0.01760	0.01350	0.01936	0.01115	0.01115	0.03697	0.02171	0.69137	0.02992	0.02582	0.01878	0.00939	0.00763	0.00235	0.00645	0.00763	0.00939	0.01291
33	0.03403	0.01291	0.01760	0.01350	0.01936	0.01115	0.01115	0.03697	0.02171	0.69137	0.02992	0.02582	0.01878	0.00939	0.00763	0.00235	0.00645	0.00763	0.00939	0.01291
34	0.15396	0.01777	0.02740	0.02256	0.05629	0.04502	0.22022	0.02156	0.01472	0.02384	0.01285	0.01770	0.01075	0.00922	0.01366	0.00272	0.26851	0.00689	0.04531	0.00903
35	0.01821	0.01668	0.02826	0.21518	0.50051	0.01747	0.02227	0.02279	0.01690	0.04799	0.01465	0.01940	0.01178	0.00706	0.00753	0.00233	0.00920	0.00679	0.00386	0.01114
36	0.03196	0.01245	0.01694	0.01314	0.01865	0.01079	0.01079	0.03495	0.02169	0.63251	0.08800	0.02856	0.02348	0.00993	0.00775	0.00235	0.00620	0.00817	0.00930	0.01240
37	0.01171	0.00842	0.01157	0.01301	0.01469	0.00828	0.01105	0.01498	0.01764	0.02316	0.10825	0.13313	0.07039	0.02055	0.01020	0.00331	0.00631	0.49930	0.00713	0.00692
38	0.01581	0.06904	0.59099	0.02350	0.08312	0.01827	0.04799	0.02391	0.01615	0.02381	0.01358	0.01620	0.00986	0.00711	0.00718	0.00236	0.01095	0.00573	0.00327	0.01117
39	0.02698	0.04345	0.01693	0.01322	0.01793	0.01213	0.01062	0.03213	0.10890	0.45333	0.03133	0.15010	0.02455	0.01193	0.00789	0.00248	0.00610	0.01007	0.00848	0.01145
40	0.01445	0.01353	0.02327	0.65269	0.04985	0.01653	0.05108	0.01922	0.01508	0.01935	0.01356	0.02035	0.01031	0.00832	0.00858	0.03523	0.01009	0.00684	0.00339	0.00830
41	0.01818	0.01741	0.02971	0.13630	0.60104	0.01787	0.02298	0.02276	0.01699	0.02406	0.01416	0.01897	0.01176	0.00687	0.00752	0.00229	0.00916	0.00676	0.00370	0.01153
42	0.03403	0.01291	0.01760	0.01350	0.01936	0.01115	0.01115	0.03697	0.02171	0.69137	0.02992	0.02582	0.01878	0.00939	0.00763	0.00235	0.00645	0.00763	0.00939	0.01291
43	0.03334	0.01306	0.01758	0.01358	0.01938	0.01150	0.01119	0.03712	0.05158	0.66109	0.02997	0.02593	0.01898	0.00943	0.00763	0.00236	0.00643	0.00767	0.00931	0.01287
44	0.00953	0.00681	0.00913	0.01089	0.01145	0.00641	0.00754	0.01106	0.01480	0.01968	0.04165	0.66683	0.04954	0.02349	0.00976	0.00312	0.00465	0.08040	0.00704	0.00624
45	0.01067	0.00775	0.01004	0.00947	0.01129	0.00713	0.00710	0.01418	0.02131	0.03003	0.65828	0.05730	0.09565	0.01565	0.00895	0.00239	0.00359	0.01381	0.00830	0.00713
46	0.01521	0.03923	0.69413	0.02162	0.03283	0.01762	0.02802	0.02402	0.01601	0.02402	0.01361	0.01601	0.00961	0.00721	0.00721	0.00240	0.01121	0.00560	0.00320	0.01121
47	0.03403	0.01291	0.01760	0.01350	0.01936	0.01115	0.01115	0.03697	0.02171	0.69137	0.02992	0.02582	0.01878	0.00939	0.00763	0.00235	0.00645	0.00763	0.00939	0.01291
48	0.02883	0.02125	0.02276	0.01745	0.02352	0.02352	0.01442	0.66082	0.03566	0.04780	0.01821	0.01821	0.01290	0.00911	0.00759	0.00228	0.00835	0.00683	0.00759	0.01290
49	0.01318	0.00659	0.00988	0.00988	0.00988	0.00659	0.00659	0.00988	0.00988	0.01318	0.01318	0.02306	0.01318	0.02635	0.02964	0.77931	0.00659	0.00659	0.00329	0.00329
50	0.01545	0.00833	0.00847	0.00799	0.01014	0.00853	0.00611	0.07494	0.01767	0.03002	0.02416	0.02738	0.01886	0.00886	0.00551	0.00181	0.00396	0.00705	0.70717	0.00759
51	0.01468	0.01384	0.02339	0.66189	0.10278	0.01695	0.02124	0.01969	0.01533	0.01981	0.01354	0.02011	0.01026	0.00752	0.00758	0.00251	0.01002	0.00674	0.00340	0.00871
52	0.00896	0.00768	0.00768	0.00768	0.01025	0.00640	0.00576	0.01089	0.01729	0.02049	0.07684	0.07300	0.68304	0.01921	0.00896	0.00256	0.00384	0.01601	0.00704	0.00640
53	0.00924	0.00660	0.00880	0.01056	0.01100	0.00616	0.00704	0.01056	0.01452	0.01936	0.04181	0.72848	0.05017	0.02376	0.00968	0.00308	0.00440	0.02156	0.00704	0.00616
54	0.01662	0.01733	0.03093	0.36778	0.10466	0.04686	0.23706	0.02183	0.01643	0.02148	0.01399	0.01977	0.01074	0.00731	0.00861	0.00252	0.03570	0.00741	0.00359	0.00938
55	0.03378	0.01332	0.01786	0.01369	0.01957	0.01175	0.01131	0.06751	0.02239	0.65986	0.02935	0.02544	0.01849	0.00937	0.00763	0.00234	0.00655	0.00759	0.00930	0.01291

[dist]
# distance from previous block
# <min> <max>
0	1

[block]
# block no. 5 follows, 26 sequences, length 42
# corresponding to MSA columns:
# 263-304
name=unknown_F
#
# <colnr> <probs for GDERKNQSTAVLIFYWHMCP>
#	G	D	E	R	K	N	Q	S	T	A	V	L	I	F	Y	W	H	M	C	P
0	0.03300	0.01457	0.01863	0.01428	0.02019	0.01361	0.01180	0.16100	0.02448	0.56342	0.02760	0.02430	0.01761	0.00933	0.00762	0.00233	0.00683	0.00747	0.00903	0.01291
1	0.05043	0.01354	0.02221	0.68225	0.05049	0.01686	0.02046	0.01952	0.01506	0.02006	0.01335	0.01985	0.01002	0.00756	0.00745	0.00252	0.00991	0.00662	0.00343	0.00842
2	0.00896	0.00768	0.00768	0.00768	0.01025	0.00640	0.00576	0.01089	0.01729	0.02049	0.07684	0.07300	0.68304	0.01921	0.00896	0.00256	0.00384	0.01601	0.00704	0.00640
3	0.01729	0.12334	0.06274	0.04972	0.06519	0.01747	0.25481	0.02204	0.01657	0.02331	0.01380	0.01734	0.01104	0.00625	0.00701	0.00191	0.00929	0.00636	0.00392	0.27058
4	0.02334	0.01750	0.01805	0.05807	0.02104	0.06032	0.01219	0.37377	0.05760	0.03804	0.01992	0.02133	0.01483	0.00891	0.00691	0.00214	0.00734	0.00685	0.22113	0.01070
5	0.01789	0.10786	0.02894	0.03709	0.50086	0.01823	0.01972	0.02240	0.04090	0.02355	0.01752	0.09842	0.01644	0.00877	0.00743	0.00228	0.00827	0.00815	0.00421	0.01106
6	0.01600	0.14756	0.59268	0.02028	0.03076	0.01954	0.02569	0.02382	0.01592	0.02306	0.01314	0.01542	0.00963	0.00710	0.00684	0.00228	0.01073	0.00536	0.00321	0.01098
7	0.03403	0.01291	0.01760	0.01350	0.01936	0.01115	0.01115	0.03697	0.02171	0.69137	0.02992	0.02582	0.01878	0.00939	0.00763	0.00235	0.00645	0.00763	0.00939	0.01291
8	0.04339	0.06488	0.60248	0.02240	0.07204	0.01811	0.02642	0.02386	0.01596	0.02418	0.01342	0.01590	0.00971	0.00714	0.00704	0.00236	0.01076	0.00556	0.00329	0.01109
9	0.02340	0.04781	0.16337	0.01870	0.02556	0.03755	0.10975	0.06685	0.16671	0.22675	0.02272	0.02227	0.01587	0.00853	0.00763	0.00240	0.00865	0.00736	0.00643	0.01172
10	0.01174	0.01159	0.05834	0.04867	0.04247	0.00992	0.10173	0.01484	0.01582	0.02125	0.05421	0.41920	0.06003	0.01825	0.00929	0.00291	0.00665	0.07950	0.00610	0.00748
11	0.00976	0.00697	0.00938	0.01106	0.01175	0.00660	0.00786	0.01150	0.01523	0.02027	0.06411	0.60417	0.04990	0.02303	0.00978	0.00312	0.00478	0.11732	0.00708	0.00632
12	0.01150	0.01314	0.11402	0.01322	0.01635	0.00951	0.04629	0.04037	0.01648	0.02212	0.06867	0.39204	0.14362	0.01977	0.03338	0.00312	0.00648	0.01614	0.00627	0.00752
13	0.02077	0.02105	0.05168	0.06207	0.50607	0.12020	0.02141	0.02498	0.01803	0.06039	0.01470	0.01835	0.01190	0.00710	0.00741	0.00223	0.00968	0.00648	0.00406	0.01143
14	0.03219	0.01321	0.01752	0.01354	0.01917	0.01182	0.01114	0.08201	0.02273	0.60225	0.06969	0.02717	0.02163	0.00975	0.00771	0.00234	0.00642	0.00795	0.00919	0.01255
15	0.01571	0.10766	0.63005	0.02077	0.03152	0.01883	0.02655	0.02389	0.01596	0.02342	0.01331	0.01564	0.00962	0.00714	0.00698	0.00233	0.01091	0.00545	0.00321	0.01107
16	0.01954	0.01947	0.03005	0.04440	0.63316	0.07276	0.02259	0.02384	0.01761	0.02428	0.01406	0.01837	0.01184	0.00684	0.00746	0.00223	0.00938	0.00661	0.00377	0.01176
17	0.02541	0.06135	0.01919	0.01470	0.01943	0.07830	0.01182	0.15288	0.14593	0.24111	0.02383	0.02472	0.01767	0.05900	0.06686	0.00343	0.00869	0.00744	0.00711	0.01113
18	0.03115	0.01554	0.05989	0.01441	0.02047	0.01319	0.01251	0.12634	0.02339	0.52897	0.05400	0.02537	0.01952	0.00946	0.00765	0.00234	0.00691	0.00764	0.00870	0.01257
19	0.02579	0.01443	0.07755	0.01339	0.01872	0.01141	0.01179	0.05095	0.04437	0.42217	0.16777	0.03296	0.05261	0.01085	0.00792	0.00237	0.00623	0.00904	0.00840	0.01127
20	0.01563	0.09699	0.64004	0.02090	0.03172	0.01864	0.02678	0.02391	0.01596	0.02351	0.01336	0.01570	0.00962	0.00715	0.00701	0.00234	0.01095	0.00548	0.00321	0.01109
21	0.03403	0.01291	0.01760	0.01350	0.01936	0.01115	0.01115	0.03697	0.02171	0.69137	0.02992	0.02582	0.01878	0.00939	0.00763	0.00235	0.00645	0.00763	0.00939	0.01291
22	0.01103	0.00735	0.00827	0.00827	0.00827	0.00735	0.00460	0.01103	0.01103	0.01471	0.02390	0.04964	0.02758	0.73343	0.03861	0.00735	0.00735	0.01103	0.00460	0.00460
23	0.04956	0.03814	0.66374	0.02110	0.03202	0.01759	0.02714	0.02394	0.01588	0.02447	0.01348	0.01585	0.00955	0.00720	0.00709	0.00240	0.01097	0.00554	0.00327	0.01108
24	0.03013	0.01447	0.04157	0.01402	0.01969	0.01277	0.01183	0.08268	0.08191	0.51746	0.06918	0.02704	0.02169	0.00975	0.00770	0.00237	0.00655	0.00796	0.00881	0.01241
25	0.03403	0.01291	0.01760	0.01350	0.01936	0.01115	0.01115	0.03697	0.02171	0.69137	0.02992	0.02582	0.01878	0.00939	0.00763	0.00235	0.00645	0.00763	0.00939	0.01291
26	0.04941	0.01814	0.04509	0.01863	0.05344	0.01903	0.07231	0.14532	0.37839	0.07898	0.02505	0.02418	0.01845	0.00927	0.00766	0.00247	0.00738	0.00789	0.00700	0.01190
27	0.03303	0.01358	0.01790	0.01383	0.01964	0.01226	0.01139	0.07599	0.05160	0.62185	0.02924	0.02545	0.01861	0.00941	0.00763	0.00235	0.00655	0.00762	0.00920	0.01287
28	0.01197	0.00938	0.01252	0.01478	0.08230	0.00900	0.01034	0.03737	0.01790	0.02339	0.10919	0.18984	0.20570	0.01861	0.00939	0.00290	0.00563	0.21555	0.00683	0.00743
29	0.78701	0.01467	0.01115	0.00997	0.01467	0.01702	0.00821	0.02230	0.01291	0.03403	0.01056	0.01232	0.00821	0.00704	0.00469	0.00235	0.00587	0.00411	0.00469	0.00821
30	0.01074	0.00775	0.01014	0.00954	0.01133	0.00716	0.00716	0.01431	0.02147	0.03042	0.68211	0.05666	0.07157	0.01551	0.00895	0.00239	0.00358	0.01372	0.00835	0.00716
31	0.00990	0.00844	0.00861	0.00843	0.01111	0.00752	0.00636	0.01359	0.07446	0.02188	0.09770	0.06844	0.60051	0.01828	0.00886	0.00256	0.00402	0.01527	0.00716	0.00692
32	0.01147	0.00825	0.01131	0.01285	0.01439	0.00808	0.01074	0.01452	0.01717	0.02249	0.08151	0.19910	0.07014	0.02106	0.01018	0.00332	0.00619	0.46330	0.00708	0.00683
33	0.01174	0.00924	0.01308	0.01258	0.01347	0.01112	0.00959	0.01376	0.01188	0.01714	0.01947	0.03170	0.01930	0.18276	0.47164	0.00991	0.12253	0.00847	0.00406	0.00657
34	0.02000	0.69947	0.07582	0.01345	0.02020	0.02933	0.01381	0.02278	0.01545	0.01819	0.01071	0.01238	0.00973	0.00653	0.00500	0.00167	0.00828	0.00414	0.00324	0.00982
35	0.01359	0.01187	0.01584	0.01991	0.18547	0.01183	0.01206	0.01984	0.13837	0.02370	0.04507	0.13482	0.26007	0.01508	0.00857	0.00262	0.00588	0.06021	0.00632	0.00889
36	0.01573	0.01348	0.01573	0.01123	0.01798	0.01011	0.00899	0.01910	0.01573	0.02472	0.01348	0.01573	0.01123	0.00562	0.00562	0.00112	0.00562	0.00449	0.00449	0.77980
37	0.02571	0.26477	0.02744	0.01740	0.02215	0.48376	0.01411	0.02782	0.01951	0.01833	0.01134	0.01319	0.00976	0.00738	0.00620	0.00185	0.01187	0.00462	0.00369	0.00910
38	0.01609	0.00965	0.01067	0.05269	0.01392	0.01026	0.00781	0.11371	0.01848	0.02969	0.02283	0.02707	0.01814	0.03573	0.03937	0.00257	0.00557	0.00720	0.55062	0.00793
39	0.02095	0.01663	0.01851	0.01388	0.02021	0.01580	0.01126	0.26645	0.06429	0.03400	0.01638	0.01746	0.01262	0.00725	0.00650	0.00166	0.00669	0.00564	0.00588	0.43793
40	0.01531	0.01624	0.05180	0.41300	0.07044	0.01697	0.21493	0.02065	0.01607	0.02125	0.01584	0.06389	0.01307	0.00818	0.00811	0.00256	0.01057	0.00829	0.00375	0.00907
41	0.01949	0.01834	0.03045	0.04241	0.57599	0.01853	0.05722	0.07228	0.04256	0.02675	0.01523	0.01917	0.01246	0.00704	0.00760	0.00228	0.00906	0.00695	0.00419	0.01198

[dist]
# distance from previous block
# <min> <max>
5	8

[block]
# block no. 6 follows, 26 sequences, length 41
# corresponding to MSA columns:
# 313-315,317-354
name=unknown_G
#
# <colnr> <probs for GDERKNQSTAVLIFYWHMCP>
#	G	D	E	R	K	N	Q	S	T	A	V	L	I	F	Y	W	H	M	C	P
0	0.01864	0.01079	0.01311	0.01133	0.01484	0.01032	0.00889	0.05417	0.10140	0.20593	0.27924	0.04482	0.14452	0.01331	0.00827	0.00240	0.00491	0.01129	0.03241	0.00944
1	0.02142	0.12982	0.02494	0.05010	0.09579	0.22503	0.01556	0.05862	0.04468	0.02169	0.01322	0.01659	0.01126	0.00911	0.01129	0.00235	0.19221	0.00586	0.04104	0.00942
2	0.70026	0.01578	0.04104	0.03668	0.04027	0.01707	0.01003	0.02230	0.01327	0.03277	0.01092	0.01298	0.00847	0.00706	0.00500	0.00235	0.00635	0.00436	0.00455	0.00848
3	0.47070	0.01814	0.12215	0.07719	0.04883	0.01623	0.01330	0.02298	0.01484	0.07681	0.04658	0.01707	0.01269	0.00770	0.00589	0.00237	0.00716	0.00542	0.00481	0.00914
4	0.63528	0.04974	0.03898	0.06321	0.04574	0.01768	0.01071	0.02221	0.01348	0.03146	0.01104	0.01329	0.00863	0.00705	0.00512	0.00232	0.00660	0.00446	0.00444	0.00857
5	0.02683	0.02006	0.02169	0.01650	0.02267	0.02147	0.01359	0.56261	0.03261	0.04427	0.01749	0.01783	0.01264	0.00857	0.00729	0.00210	0.00793	0.00647	0.00711	0.13027
6	0.01835	0.01555	0.01688	0.01469	0.01922	0.01713	0.01150	0.06865	0.49256	0.03052	0.02684	0.02601	0.02053	0.01295	0.05841	0.00305	0.00712	0.00784	0.00697	0.12523
7	0.01865	0.01616	0.01742	0.04846	0.02126	0.01877	0.01243	0.03932	0.64140	0.03115	0.03005	0.02792	0.02254	0.01016	0.00771	0.00257	0.00620	0.00849	0.00751	0.01184
8	0.01627	0.01612	0.02262	0.01948	0.01956	0.02246	0.01620	0.01799	0.01165	0.01822	0.01054	0.01733	0.01046	0.01571	0.06279	0.00381	0.68049	0.00672	0.00336	0.00821
9	0.04800	0.01689	0.01848	0.01850	0.08833	0.03920	0.01308	0.03746	0.53707	0.05476	0.02780	0.02619	0.02089	0.00970	0.00756	0.00250	0.00656	0.00808	0.00714	0.01180
10	0.01052	0.00772	0.00972	0.00923	0.01103	0.00707	0.00684	0.01369	0.02036	0.02828	0.56778	0.05841	0.14886	0.05468	0.01055	0.00268	0.00382	0.01387	0.00798	0.00692
11	0.01834	0.01534	0.01896	0.23343	0.02974	0.01782	0.01472	0.08724	0.35965	0.04950	0.02647	0.02692	0.04921	0.00973	0.00772	0.00252	0.00740	0.00817	0.00637	0.01073
12	0.03027	0.01375	0.01749	0.01398	0.01945	0.01306	0.01136	0.03779	0.18326	0.52760	0.03016	0.02643	0.01986	0.00961	0.00765	0.00240	0.00634	0.00786	0.00897	0.01268
13	0.02830	0.02098	0.02246	0.01734	0.02332	0.02327	0.01429	0.62738	0.06998	0.04694	0.01889	0.01875	0.01345	0.00917	0.00759	0.00229	0.00822	0.00692	0.00759	0.01285
14	0.01103	0.00735	0.00827	0.00827	0.00827	0.00735	0.00460	0.01103	0.01103	0.01471	0.02390	0.04964	0.02758	0.73343	0.03861	0.00735	0.00735	0.01103	0.00460	0.00460
15	0.01567	0.10230	0.63507	0.02084	0.03162	0.01873	0.02667	0.02390	0.01596	0.02346	0.01334	0.01567	0.00962	0.00714	0.00700	0.00233	0.01093	0.00547	0.00321	0.01108
16	0.01887	0.01629	0.01715	0.01544	0.01972	0.01887	0.01201	0.04031	0.67241	0.03173	0.03087	0.02830	0.02315	0.01029	0.00772	0.00257	0.00600	0.00858	0.00772	0.01201
17	0.03313	0.01417	0.05010	0.01389	0.02001	0.01146	0.01196	0.03634	0.02144	0.65931	0.02914	0.02535	0.01834	0.00928	0.00761	0.00235	0.00668	0.00753	0.00909	0.01283
18	0.01103	0.00735	0.00827	0.00827	0.00827	0.00735	0.00460	0.01103	0.01103	0.01471	0.02390	0.04964	0.02758	0.73343	0.03861	0.00735	0.00735	0.01103	0.00460	0.00460
19	0.01679	0.25636	0.49079	0.01893	0.02868	0.02147	0.02335	0.02361	0.01583	0.02210	0.01266	0.01482	0.00965	0.00698	0.00648	0.00216	0.01025	0.00512	0.00322	0.01075
20	0.01074	0.00775	0.01014	0.00954	0.01133	0.00716	0.00716	0.01431	0.02147	0.03042	0.68211	0.05666	0.07157	0.01551	0.00895	0.00239	0.00358	0.01372	0.00835	0.00716
21	0.02028	0.73799	0.03975	0.01298	0.01947	0.03001	0.01298	0.02271	0.01541	0.01785	0.01055	0.01217	0.00973	0.00649	0.00487	0.00162	0.00811	0.00406	0.00324	0.00973
22	0.01810	0.01734	0.02957	0.14747	0.59045	0.01785	0.02294	0.02269	0.01695	0.02397	0.01415	0.01899	0.01173	0.00688	0.00752	0.00229	0.00918	0.00676	0.00370	0.01147
23	0.05916	0.03201	0.45345	0.02420	0.03394	0.01807	0.22357	0.02401	0.01643	0.02467	0.01398	0.01719	0.01012	0.00694	0.00761	0.00245	0.01140	0.00656	0.00348	0.01074
24	0.01074	0.00775	0.01014	0.00954	0.01133	0.00716	0.00716	0.01431	0.02147	0.03042	0.68211	0.05666	0.07157	0.01551	0.00895	0.00239	0.00358	0.01372	0.00835	0.00716
25	0.03316	0.01309	0.01789	0.01382	0.01939	0.01176	0.01142	0.03602	0.02120	0.65754	0.02892	0.02535	0.01833	0.00958	0.00850	0.00240	0.04229	0.00758	0.00908	0.01268
26	0.03085	0.01506	0.05182	0.01425	0.02016	0.01298	0.01222	0.10128	0.05390	0.53128	0.05484	0.02591	0.02008	0.00954	0.00766	0.00235	0.00675	0.00774	0.00876	0.01254
27	0.03311	0.01270	0.01731	0.01334	0.01905	0.01099	0.01099	0.03607	0.02170	0.66523	0.05571	0.02704	0.02086	0.00963	0.00768	0.00235	0.00634	0.00787	0.00935	0.01268
28	0.01066	0.00770	0.01008	0.00959	0.01132	0.00711	0.00715	0.01413	0.02114	0.02989	0.65159	0.08868	0.07055	0.01590	0.00898	0.00242	0.00362	0.01409	0.00829	0.00711
29	0.01877	0.01802	0.03079	0.04656	0.68612	0.01802	0.02328	0.02328	0.01727	0.02478	0.01427	0.01877	0.01201	0.00676	0.00751	0.00225	0.00901	0.00676	0.00375	0.01201
30	0.02133	0.01494	0.01663	0.01429	0.01873	0.01617	0.01129	0.10662	0.38305	0.14983	0.08995	0.03216	0.06899	0.01104	0.00788	0.00248	0.00599	0.00915	0.00801	0.01147
31	0.03403	0.01291	0.01760	0.01350	0.01936	0.01115	0.01115	0.03697	0.02171	0.69137	0.02992	0.02582	0.01878	0.00939	0.00763	0.00235	0.00645	0.00763	0.00939	0.01291
32	0.01043	0.00710	0.00845	0.00904	0.00918	0.00696	0.00541	0.01087	0.01220	0.01626	0.02988	0.27650	0.03513	0.49626	0.02894	0.00593	0.00637	0.01455	0.00541	0.00512
33	0.01480	0.00976	0.01193	0.04037	0.01509	0.00945	0.00864	0.02008	0.10983	0.12375	0.21894	0.14880	0.20728	0.01569	0.00863	0.00256	0.00480	0.01354	0.00768	0.00840
34	0.01584	0.01533	0.02340	0.47731	0.18101	0.04903	0.02009	0.02114	0.04289	0.02104	0.01746	0.02259	0.04485	0.00812	0.00761	0.00245	0.00956	0.00720	0.00384	0.00924
35	0.00924	0.00660	0.00880	0.01056	0.01100	0.00616	0.00704	0.01056	0.01452	0.01936	0.04181	0.72848	0.05017	0.02376	0.00968	0.00308	0.00440	0.02156	0.00704	0.00616
36	0.09198	0.01340	0.01733	0.01339	0.01918	0.01213	0.01106	0.06267	0.02163	0.61290	0.02792	0.02445	0.01771	0.00919	0.00740	0.00234	0.00649	0.00732	0.00895	0.01255
37	0.02487	0.06444	0.02217	0.04920	0.04783	0.42686	0.01473	0.08106	0.07534	0.02264	0.01430	0.01640	0.01160	0.00845	0.00819	0.00214	0.06295	0.00567	0.03171	0.00946
38	0.01639	0.00924	0.00948	0.00866	0.01109	0.00959	0.00670	0.11626	0.01893	0.03127	0.02374	0.02674	0.01844	0.00888	0.00565	0.00185	0.00427	0.00703	0.65783	0.00796
39	0.01961	0.01534	0.01692	0.01284	0.01902	0.04099	0.01026	0.07748	0.09739	0.09596	0.01759	0.01841	0.01353	0.00695	0.00629	0.00155	0.00631	0.00552	0.00562	0.51242
40	0.02783	0.02033	0.02195	0.01692	0.02291	0.02222	0.01392	0.57545	0.06983	0.06686	0.01908	0.01891	0.01359	0.00902	0.00750	0.00224	0.00802	0.00684	0.00751	0.04907

[dist]
# distance from previous block
# <min> <max>
0	2

[block]
# block no. 7 follows, 26 sequences, length 20
# corresponding to MSA columns:
# 357-376
name=unknown_H
#
# <colnr> <probs for GDERKNQSTAVLIFYWHMCP>
#	G	D	E	R	K	N	Q	S	T	A	V	L	I	F	Y	W	H	M	C	P
0	0.01827	0.01946	0.08249	0.07847	0.60268	0.01793	0.02354	0.02314	0.01707	0.02445	0.01418	0.01863	0.01173	0.00684	0.00749	0.00228	0.00924	0.00667	0.00369	0.01177
1	0.07131	0.53150	0.08078	0.01347	0.02009	0.02542	0.01346	0.02495	0.01625	0.12206	0.01372	0.01453	0.01101	0.00702	0.00544	0.00183	0.00793	0.00471	0.00427	0.01022
2	0.01542	0.09279	0.61358	0.02043	0.03086	0.01814	0.02595	0.02350	0.01620	0.02381	0.04185	0.01744	0.01226	0.00750	0.00710	0.00234	0.01064	0.00583	0.00343	0.01092
3	0.01062	0.00748	0.00849	0.00839	0.00913	0.00716	0.00523	0.01156	0.01389	0.01838	0.14466	0.05489	0.14896	0.48760	0.02843	0.00568	0.00610	0.01235	0.00566	0.00534
4	0.01825	0.01749	0.02984	0.12563	0.61115	0.01788	0.02302	0.02282	0.01702	0.02414	0.01417	0.01894	0.01179	0.00686	0.00752	0.00229	0.00914	0.00676	0.00371	0.01159
5	0.01769	0.38128	0.37380	0.01739	0.02629	0.02368	0.02066	0.02338	0.01572	0.02100	0.01211	0.01413	0.00967	0.00686	0.00606	0.00202	0.00969	0.00485	0.00322	0.01049
6	0.00953	0.00681	0.00911	0.01076	0.01135	0.00639	0.00742	0.01111	0.01506	0.02012	0.07194	0.65077	0.05071	0.02317	0.00970	0.00308	0.00455	0.06506	0.00710	0.00627
7	0.00935	0.00668	0.00890	0.01049	0.01102	0.00623	0.00705	0.01083	0.01501	0.02014	0.08706	0.68100	0.05168	0.02318	0.00963	0.00303	0.00434	0.02101	0.00713	0.00623
8	0.01502	0.01367	0.02248	0.40617	0.12054	0.01628	0.04497	0.01898	0.01488	0.02041	0.01520	0.05156	0.01292	0.00982	0.01075	0.03927	0.09674	0.00749	0.05434	0.00850
9	0.01817	0.01727	0.02870	0.13658	0.55102	0.01792	0.02217	0.02396	0.06382	0.02453	0.01535	0.01965	0.01255	0.00712	0.00753	0.00231	0.00895	0.00689	0.00398	0.01152
10	0.00896	0.00768	0.00768	0.00768	0.01025	0.00640	0.00576	0.01089	0.01729	0.02049	0.07684	0.07300	0.68304	0.01921	0.00896	0.00256	0.00384	0.01601	0.00704	0.00640
11	0.02771	0.02137	0.02151	0.01685	0.02243	0.07542	0.01376	0.56409	0.03310	0.04408	0.01819	0.01860	0.01314	0.00898	0.00736	0.00221	0.00841	0.00669	0.06395	0.01215
12	0.01643	0.02978	0.37509	0.02582	0.03475	0.01867	0.29041	0.02372	0.01649	0.02372	0.01407	0.01791	0.01043	0.00730	0.00920	0.00253	0.06252	0.00708	0.00348	0.01059
13	0.02778	0.03523	0.02158	0.01956	0.02328	0.67100	0.01475	0.02972	0.02103	0.01855	0.01164	0.01382	0.00978	0.00807	0.00769	0.00202	0.04688	0.00497	0.00388	0.00877
14	0.01573	0.01348	0.01573	0.01123	0.01798	0.01011	0.00899	0.01910	0.01573	0.02472	0.01348	0.01573	0.01123	0.00562	0.00562	0.00112	0.00562	0.00449	0.00449	0.77980
15	0.01918	0.58670	0.18143	0.01485	0.02236	0.02733	0.01624	0.02300	0.01554	0.01918	0.01121	0.01300	0.00971	0.00664	0.00537	0.00179	0.00878	0.00439	0.00324	0.01005
16	0.01782	0.01379	0.01517	0.01382	0.01745	0.01531	0.01081	0.05847	0.42401	0.05900	0.10448	0.06240	0.03014	0.01191	0.00792	0.00255	0.00565	0.05061	0.06810	0.01058
17	0.24541	0.25920	0.07241	0.12139	0.02552	0.02181	0.05946	0.04046	0.04869	0.02525	0.01279	0.01527	0.01023	0.00713	0.00590	0.00216	0.00820	0.00524	0.00408	0.00942
18	0.01843	0.44136	0.26267	0.01614	0.02408	0.02488	0.01807	0.02454	0.06723	0.02106	0.01320	0.01476	0.01075	0.00703	0.00589	0.00196	0.00901	0.00494	0.00358	0.01042
19	0.02606	0.02797	0.02249	0.06996	0.07270	0.37974	0.01564	0.19483	0.04671	0.02720	0.01434	0.01630	0.01125	0.00834	0.00778	0.00217	0.03555	0.00585	0.00494	0.01017

[dist]
# distance from previous block
# <min> <max>
5	16

[block]
# block no. 8 follows, 26 sequences, length 7
# corresponding to MSA columns:
# 395-401
name=unknown_I
#
# <colnr> <probs for GDERKNQSTAVLIFYWHMCP>
#	G	D	E	R	K	N	Q	S	T	A	V	L	I	F	Y	W	H	M	C	P
0	0.02474	0.02056	0.02039	0.01660	0.02194	0.08526	0.01332	0.36060	0.23777	0.03839	0.02137	0.02087	0.01579	0.00914	0.00743	0.00227	0.00792	0.00706	0.00708	0.06149
1	0.44626	0.12484	0.01673	0.01110	0.01602	0.01692	0.00943	0.02452	0.01585	0.16186	0.07776	0.01916	0.01652	0.00822	0.00570	0.00224	0.00611	0.00571	0.00575	0.00928
2	0.02858	0.02024	0.02197	0.01700	0.02293	0.02221	0.01399	0.56899	0.07725	0.09852	0.02000	0.01950	0.01406	0.00921	0.00760	0.00230	0.00804	0.00701	0.00774	0.01284
3	0.08891	0.07797	0.59071	0.02000	0.03032	0.01829	0.02526	0.02378	0.01568	0.02461	0.01314	0.01544	0.00948	0.00715	0.00683	0.00235	0.01052	0.00537	0.00335	0.01084
4	0.01222	0.00783	0.00982	0.01008	0.01152	0.00712	0.00693	0.01375	0.01534	0.08056	0.08584	0.39105	0.10294	0.15541	0.01468	0.00363	0.00509	0.01640	0.00676	0.04303
5	0.07373	0.16526	0.29719	0.01675	0.02410	0.01926	0.01830	0.04790	0.07653	0.07383	0.06934	0.02020	0.01655	0.00851	0.00761	0.00229	0.04104	0.00636	0.00475	0.01050
6	0.01899	0.07108	0.08311	0.01782	0.05248	0.03425	0.07446	0.15667	0.15175	0.02986	0.05110	0.02851	0.08941	0.00988	0.00757	0.00227	0.00774	0.02330	0.00594	0.08382

[dist]
# distance from previous block
# <min> <max>
18	35

[block]
# block no. 9 follows, 26 sequences, length 38
# corresponding to MSA columns:
# 440-477
name=unknown_J
#
# <colnr> <probs for GDERKNQSTAVLIFYWHMCP>
#	G	D	E	R	K	N	Q	S	T	A	V	L	I	F	Y	W	H	M	C	P
0	0.02622	0.02957	0.02187	0.02029	0.05913	0.44578	0.01493	0.13167	0.08940	0.02493	0.01476	0.01635	0.01177	0.00854	0.00816	0.00217	0.05388	0.00578	0.00485	0.00993
1	0.05053	0.01438	0.05673	0.25760	0.07096	0.01433	0.05101	0.03813	0.03477	0.05098	0.02305	0.04004	0.02141	0.01168	0.00833	0.00273	0.00861	0.20144	0.00511	0.03817
2	0.01975	0.02269	0.25932	0.01595	0.02322	0.01452	0.01661	0.05357	0.12037	0.17018	0.02732	0.02670	0.09199	0.00945	0.00742	0.00229	0.00777	0.00764	0.00601	0.09723
3	0.02058	0.02144	0.02903	0.04146	0.56104	0.14730	0.02165	0.02460	0.01807	0.02361	0.01379	0.01781	0.01159	0.00696	0.00738	0.00220	0.00989	0.00640	0.00378	0.01141
4	0.00920	0.00676	0.00864	0.01015	0.01089	0.00620	0.00686	0.01061	0.01492	0.01952	0.04679	0.63523	0.14020	0.02312	0.00958	0.00301	0.00432	0.02077	0.00704	0.00620
5	0.01185	0.00964	0.04775	0.01035	0.01280	0.00783	0.00842	0.01554	0.02076	0.05734	0.57197	0.08164	0.08445	0.01525	0.00883	0.00242	0.00416	0.01341	0.00802	0.00756
6	0.05491	0.43738	0.22214	0.01594	0.02343	0.09229	0.01719	0.02381	0.01607	0.02041	0.01153	0.01341	0.00963	0.00685	0.00572	0.00191	0.00944	0.00458	0.00336	0.00999
7	0.01157	0.00840	0.01139	0.01295	0.01465	0.00822	0.01100	0.01467	0.01714	0.02212	0.04427	0.14966	0.11299	0.02105	0.01023	0.00335	0.00638	0.50612	0.00700	0.00684
8	0.01208	0.00868	0.01202	0.01369	0.01547	0.00863	0.01193	0.01550	0.01745	0.02260	0.04182	0.08499	0.07249	0.02087	0.01041	0.00345	0.00684	0.60714	0.00699	0.00696
9	0.00976	0.00739	0.00960	0.01064	0.01144	0.00722	0.00743	0.01140	0.01539	0.02056	0.10948	0.54505	0.12343	0.02182	0.01036	0.00296	0.04339	0.01930	0.00697	0.00641
10	0.05031	0.06172	0.64113	0.02080	0.03156	0.01801	0.02662	0.02390	0.01585	0.02427	0.01337	0.01572	0.00955	0.00717	0.00701	0.00237	0.01086	0.00548	0.00327	0.01102
11	0.01432	0.01348	0.02275	0.71520	0.05224	0.01685	0.02107	0.01938	0.01517	0.01938	0.01348	0.02022	0.01011	0.00758	0.00758	0.00253	0.01011	0.00674	0.00337	0.00843
12	0.00921	0.00671	0.00869	0.01027	0.01093	0.00619	0.00691	0.01059	0.01480	0.01948	0.04534	0.66232	0.11404	0.02330	0.00961	0.00303	0.00434	0.02100	0.00704	0.00619
13	0.01697	0.01712	0.03192	0.27700	0.28082	0.01794	0.20226	0.02220	0.01671	0.02275	0.01430	0.01976	0.01120	0.00694	0.00794	0.00244	0.01047	0.00737	0.00364	0.01025
14	0.20748	0.00928	0.00885	0.04226	0.01241	0.01003	0.00680	0.01891	0.01512	0.02928	0.02065	0.02389	0.01618	0.00833	0.00526	0.00195	0.00444	0.00631	0.54514	0.00742
15	0.00940	0.00667	0.00876	0.01036	0.01077	0.00626	0.00683	0.01060	0.01422	0.01896	0.04027	0.67016	0.04823	0.08473	0.01217	0.00345	0.00465	0.02066	0.00683	0.00603
16	0.05919	0.01922	0.03765	0.03472	0.23641	0.01890	0.39803	0.02359	0.01715	0.02468	0.01450	0.01932	0.01142	0.00686	0.00903	0.00249	0.04452	0.00791	0.00383	0.01058
17	0.01552	0.08091	0.65510	0.02110	0.03203	0.01835	0.02713	0.02394	0.01598	0.02365	0.01343	0.01578	0.00962	0.00716	0.00707	0.00236	0.01103	0.00551	0.00321	0.01112
18	0.02003	0.56389	0.16535	0.01468	0.02205	0.02660	0.01580	0.02373	0.01587	0.05502	0.01217	0.01364	0.01019	0.00678	0.00547	0.00181	0.00862	0.00455	0.00356	0.01019
19	0.01574	0.03557	0.56723	0.02364	0.03416	0.01792	0.15125	0.02407	0.01638	0.02407	0.01395	0.01688	0.00998	0.00705	0.00755	0.00243	0.01152	0.00626	0.00333	0.01102
20	0.00924	0.00660	0.00880	0.01056	0.01100	0.00616	0.00704	0.01056	0.01452	0.01936	0.04181	0.72848	0.05017	0.02376	0.00968	0.00308	0.00440	0.02156	0.00704	0.00616
21	0.03004	0.01932	0.02157	0.01654	0.02256	0.02066	0.01366	0.51655	0.03244	0.19663	0.02092	0.01997	0.01426	0.00917	0.00760	0.00229	0.00791	0.00701	0.00800	0.01290
22	0.02883	0.02125	0.02276	0.01745	0.02352	0.02352	0.01442	0.66082	0.03566	0.04780	0.01821	0.01821	0.01290	0.00911	0.00759	0.00228	0.00835	0.00683	0.00759	0.01290
23	0.00924	0.00660	0.00880	0.01056	0.01100	0.00616	0.00704	0.01056	0.01452	0.01936	0.04181	0.72848	0.05017	0.02376	0.00968	0.00308	0.00440	0.02156	0.00704	0.00616
