[name]
unknown

[dist]
# distance from previous block
# <min> <max>
60	132

[block]
# block no. 0 follows, 28 sequences, length 12
# corresponding to MSA columns:
# 178-189
name=unknown_A
#
# <colnr> <probs for GDERKNQSTAVLIFYWHMCP>
#	G	D	E	R	K	N	Q	S	T	A	V	L	I	F	Y	W	H	M	C	P
0	0.06353	0.11625	0.22582	0.01806	0.05655	0.01713	0.07658	0.05551	0.09607	0.02554	0.08907	0.02379	0.01901	0.00851	0.00695	0.00220	0.00811	0.03527	0.00472	0.05132
1	0.01707	0.16665	0.09949	0.01395	0.01867	0.01577	0.04609	0.08952	0.07187	0.08584	0.06742	0.18048	0.07342	0.01211	0.00738	0.00230	0.00673	0.01028	0.00580	0.00916
2	0.06575	0.20395	0.14149	0.05249	0.04928	0.01947	0.09254	0.12487	0.01873	0.04900	0.04488	0.02219	0.04446	0.00833	0.00675	0.00215	0.00838	0.03086	0.00464	0.00980
3	0.12040	0.08395	0.09069	0.01467	0.04509	0.01473	0.04127	0.09016	0.04122	0.10705	0.12279	0.02694	0.04742	0.01032	0.00813	0.04688	0.00674	0.02633	0.00567	0.04955
4	0.16247	0.07546	0.08798	0.01537	0.05771	0.01555	0.04643	0.12382	0.01866	0.07286	0.05082	0.02712	0.09672	0.00940	0.00675	0.00217	0.00695	0.03865	0.00539	0.07973
5	0.08003	0.10606	0.09679	0.01519	0.02019	0.01633	0.09066	0.12639	0.07429	0.06249	0.04885	0.08601	0.05665	0.07672	0.00986	0.00271	0.00748	0.00862	0.00545	0.00924
6	0.10519	0.08296	0.07845	0.05437	0.02344	0.01602	0.14516	0.09855	0.04298	0.09060	0.04842	0.09152	0.07152	0.00992	0.00731	0.00232	0.00776	0.00874	0.00541	0.00937
7	0.01667	0.11283	0.02182	0.06338	0.02143	0.01635	0.09032	0.08308	0.10625	0.05037	0.09231	0.06269	0.06866	0.01111	0.00893	0.00238	0.06756	0.05794	0.00560	0.04032
8	0.09784	0.02228	0.18712	0.05671	0.02338	0.14686	0.07557	0.02025	0.01600	0.02169	0.02322	0.09865	0.09989	0.01191	0.03559	0.00265	0.00931	0.00836	0.00434	0.03838
9	0.13652	0.04419	0.07566	0.08061	0.01999	0.07701	0.04052	0.01884	0.01467	0.05910	0.04718	0.09430	0.01832	0.08044	0.01175	0.08253	0.00750	0.00776	0.00456	0.07854
10	0.23299	0.05603	0.07746	0.01404	0.01897	0.04481	0.07435	0.12668	0.04498	0.02859	0.05703	0.02679	0.11593	0.04203	0.00801	0.00246	0.00718	0.00758	0.00526	0.00882
11	0.21294	0.08404	0.06365	0.05362	0.05828	0.28400	0.07366	0.02503	0.01696	0.04839	0.01216	0.01440	0.00959	0.00704	0.00620	0.00207	0.00995	0.00511	0.00400	0.00892

[dist]
# distance from previous block
# <min> <max>
0	1

[block]
# block no. 1 follows, 28 sequences, length 34
# corresponding to MSA columns:
# 191-224
name=unknown_B
#
# <colnr> <probs for GDERKNQSTAVLIFYWHMCP>
#	G	D	E	R	K	N	Q	S	T	A	V	L	I	F	Y	W	H	M	C	P
0	0.14254	0.01420	0.01544	0.03599	0.01812	0.01555	0.01067	0.22243	0.14238	0.08374	0.02384	0.17214	0.02136	0.01214	0.00801	0.02941	0.00627	0.00948	0.00661	0.00968
1	0.14745	0.01174	0.01333	0.01122	0.01541	0.01152	0.00899	0.04862	0.09438	0.28331	0.11982	0.03474	0.14717	0.01120	0.00726	0.00231	0.00529	0.00906	0.00749	0.00969
2	0.00880	0.00737	0.00765	0.00758	0.00995	0.00622	0.00569	0.01083	0.01706	0.02080	0.14978	0.06804	0.61938	0.01797	0.00859	0.00243	0.00365	0.01507	0.00690	0.00622
3	0.01220	0.00780	0.00931	0.00905	0.01126	0.00685	0.00668	0.01429	0.01713	0.11127	0.17717	0.20436	0.32665	0.04061	0.00947	0.00265	0.00419	0.01486	0.00721	0.00699
4	0.02763	0.02036	0.02182	0.01672	0.02254	0.02254	0.01382	0.67496	0.03418	0.04581	0.01745	0.01745	0.01236	0.00873	0.00727	0.00218	0.00800	0.00654	0.00727	0.01236
5	0.03016	0.01630	0.01930	0.01480	0.02052	0.01652	0.01223	0.35027	0.02739	0.38009	0.02315	0.02115	0.01522	0.00886	0.00729	0.00222	0.00708	0.00693	0.00815	0.01237
6	0.01479	0.00797	0.00810	0.00765	0.00971	0.00816	0.00585	0.07494	0.01691	0.02875	0.02316	0.02625	0.01808	0.00849	0.00527	0.00174	0.00379	0.00675	0.71635	0.00727
7	0.00955	0.00666	0.00839	0.00932	0.00973	0.00636	0.00600	0.01061	0.01347	0.01812	0.09656	0.45117	0.04302	0.25529	0.01817	0.00421	0.00506	0.01669	0.00611	0.00551
8	0.01018	0.00743	0.00957	0.00903	0.01079	0.00681	0.00677	0.01351	0.02032	0.02855	0.65590	0.05529	0.10843	0.01509	0.00857	0.00230	0.00345	0.01329	0.00792	0.00681
9	0.79588	0.01406	0.01068	0.00956	0.01406	0.01631	0.00787	0.02137	0.01237	0.03261	0.01012	0.01181	0.00787	0.00675	0.00450	0.00225	0.00562	0.00394	0.00450	0.00787
10	0.00920	0.00667	0.00869	0.00970	0.01058	0.00616	0.00670	0.01106	0.01578	0.02132	0.20880	0.52299	0.09443	0.02048	0.00906	0.00275	0.00398	0.01842	0.00707	0.00616
11	0.00924	0.00651	0.00840	0.00967	0.01008	0.00616	0.00632	0.01038	0.01362	0.01825	0.06836	0.58005	0.04509	0.15466	0.01432	0.00367	0.00470	0.01845	0.00638	0.00568
12	0.01808	0.01561	0.01644	0.01479	0.01890	0.01808	0.01151	0.03863	0.68606	0.03041	0.02959	0.02712	0.02219	0.00986	0.00740	0.00247	0.00575	0.00822	0.00740	0.01151
13	0.79588	0.01406	0.01068	0.00956	0.01406	0.01631	0.00787	0.02137	0.01237	0.03261	0.01012	0.01181	0.00787	0.00675	0.00450	0.00225	0.00562	0.00394	0.00450	0.00787
14	0.00918	0.00714	0.00815	0.00837	0.01005	0.00632	0.00599	0.01111	0.01645	0.02110	0.20111	0.20291	0.37136	0.07442	0.01092	0.00287	0.00400	0.01558	0.00685	0.00612
15	0.21140	0.01574	0.01699	0.01341	0.01870	0.01658	0.01105	0.28502	0.02390	0.25893	0.01963	0.01886	0.01338	0.00834	0.00655	0.00220	0.00667	0.00618	0.03537	0.01109
16	0.01020	0.00743	0.00960	0.00906	0.01081	0.00682	0.00679	0.01355	0.02038	0.02867	0.66416	0.05508	0.10009	0.01504	0.00857	0.00229	0.00344	0.01326	0.00794	0.00682
17	0.01029	0.00743	0.00972	0.00914	0.01086	0.00686	0.00686	0.01372	0.02058	0.02915	0.69536	0.05430	0.06859	0.01486	0.00857	0.00229	0.00343	0.01315	0.00800	0.00686
18	0.00898	0.00648	0.00851	0.00990	0.01054	0.00601	0.00670	0.01048	0.01468	0.01962	0.10432	0.64212	0.08113	0.02181	0.00918	0.00286	0.00412	0.01969	0.00687	0.00601
19	0.01057	0.00705	0.00793	0.00793	0.00793	0.00705	0.00440	0.01057	0.01057	0.01409	0.02290	0.04757	0.02643	0.74454	0.03700	0.00705	0.00705	0.01057	0.00440	0.00440
20	0.02715	0.03464	0.02060	0.01873	0.02247	0.71536	0.01404	0.02903	0.02060	0.01779	0.01124	0.01311	0.00936	0.00749	0.00655	0.00187	0.01311	0.00468	0.00375	0.00843
21	0.02288	0.02506	0.01822	0.01724	0.04241	0.44507	0.01273	0.02511	0.01813	0.07642	0.01498	0.01835	0.01250	0.02001	0.19396	0.00451	0.01405	0.00579	0.00423	0.00836
22	0.17245	0.01152	0.01312	0.01108	0.01513	0.01142	0.00886	0.05619	0.05019	0.30453	0.06811	0.08056	0.02174	0.00997	0.00665	0.00222	0.00535	0.00801	0.13318	0.00969
23	0.01029	0.00743	0.00972	0.00914	0.01086	0.00686	0.00686	0.01372	0.02058	0.02915	0.69536	0.05430	0.06859	0.01486	0.00857	0.00229	0.00343	0.01315	0.00800	0.00686
24	0.01590	0.01590	0.02226	0.01908	0.01908	0.02226	0.01590	0.01749	0.01113	0.01749	0.00954	0.01590	0.00954	0.01272	0.02385	0.00318	0.73123	0.00636	0.00318	0.00795
25	0.01344	0.03103	0.55896	0.01842	0.02705	0.01460	0.02260	0.02047	0.01538	0.02261	0.05166	0.13443	0.01847	0.00987	0.00737	0.00241	0.00932	0.00823	0.00391	0.00977
26	0.00864	0.00716	0.00757	0.00789	0.00996	0.00609	0.00576	0.01037	0.01606	0.01943	0.06718	0.19880	0.57157	0.01925	0.00872	0.00255	0.00378	0.01637	0.00675	0.00609
27	0.01373	0.01292	0.02180	0.72707	0.05006	0.01615	0.02019	0.01857	0.01453	0.01857	0.01292	0.01938	0.00969	0.00727	0.00727	0.00242	0.00969	0.00646	0.00323	0.00807
28	0.01954	0.69706	0.06182	0.01297	0.01926	0.05327	0.01302	0.02208	0.01500	0.01734	0.01025	0.01185	0.00933	0.00629	0.00481	0.00159	0.00808	0.00397	0.00313	0.00935
29	0.00982	0.00689	0.00819	0.00866	0.00919	0.00659	0.00546	0.01069	0.01309	0.01736	0.09256	0.26517	0.10366	0.38388	0.02306	0.00490	0.00551	0.01441	0.00568	0.00526
30	0.01626	0.01035	0.01129	0.00998	0.01208	0.01081	0.00717	0.17391	0.01808	0.04992	0.02258	0.05648	0.02122	0.30736	0.01876	0.00404	0.00611	0.00873	0.22751	0.00733
31	0.01263	0.00631	0.00947	0.00947	0.00947	0.00631	0.00631	0.00947	0.00947	0.01263	0.01263	0.02210	0.01263	0.02525	0.02841	0.78851	0.00631	0.00631	0.00316	0.00316
32	0.05661	0.71373	0.03678	0.01230	0.01844	0.02817	0.01222	0.02175	0.01466	0.01784	0.01011	0.01167	0.00926	0.00624	0.00466	0.00159	0.00767	0.00389	0.00318	0.00926
33	0.79588	0.01406	0.01068	0.00956	0.01406	0.01631	0.00787	0.02137	0.01237	0.03261	0.01012	0.01181	0.00787	0.00675	0.00450	0.00225	0.00562	0.00394	0.00450	0.00787

[dist]
# distance from previous block
# <min> <max>
0	3

[block]
# block no. 2 follows, 28 sequences, length 11
# corresponding to MSA columns:
# 228-238
name=unknown_C
#
# <colnr> <probs for GDERKNQSTAVLIFYWHMCP>
#	G	D	E	R	K	N	Q	S	T	A	V	L	I	F	Y	W	H	M	C	P
0	0.06464	0.01260	0.02028	0.63723	0.04534	0.01555	0.01858	0.01825	0.01436	0.01949	0.01436	0.06196	0.01187	0.00816	0.00721	0.00244	0.00910	0.00714	0.00352	0.00793
1	0.73683	0.06995	0.01277	0.00978	0.01441	0.01725	0.00822	0.02140	0.01255	0.03143	0.01012	0.01180	0.00798	0.00671	0.00451	0.00220	0.00579	0.00393	0.00439	0.00798
2	0.03261	0.01237	0.01687	0.01293	0.01856	0.01068	0.01068	0.03543	0.02081	0.70423	0.02868	0.02474	0.01799	0.00900	0.00731	0.00225	0.00619	0.00731	0.00900	0.01237
3	0.02763	0.02036	0.02182	0.01672	0.02254	0.02254	0.01382	0.67496	0.03418	0.04581	0.01745	0.01745	0.01236	0.00873	0.00727	0.00218	0.00800	0.00654	0.00727	0.01236
4	0.01263	0.00631	0.00947	0.00947	0.00947	0.00631	0.00631	0.00947	0.00947	0.01263	0.01263	0.02210	0.01263	0.02525	0.02841	0.78851	0.00631	0.00631	0.00316	0.00316
5	0.00886	0.00633	0.00843	0.01012	0.01054	0.00590	0.00675	0.01012	0.01392	0.01856	0.04006	0.73979	0.04808	0.02277	0.00928	0.00295	0.00422	0.02066	0.00675	0.00590
6	0.01373	0.01292	0.02180	0.72707	0.05006	0.01615	0.02019	0.01857	0.01453	0.01857	0.01292	0.01938	0.00969	0.00727	0.00727	0.00242	0.00969	0.00646	0.00323	0.00807
7	0.01507	0.10935	0.63941	0.01988	0.03017	0.01808	0.02540	0.02289	0.01529	0.02242	0.01275	0.01497	0.00922	0.00684	0.00668	0.00223	0.01044	0.00522	0.00307	0.01060
8	0.01949	0.02304	0.28687	0.02027	0.07002	0.01449	0.10742	0.04841	0.01790	0.19174	0.04897	0.05924	0.01759	0.00898	0.00757	0.00237	0.00880	0.03094	0.00533	0.01057
9	0.01507	0.01292	0.01507	0.01077	0.01723	0.00969	0.00861	0.01830	0.01507	0.02369	0.01292	0.01507	0.01077	0.00538	0.00538	0.00108	0.00538	0.00431	0.00431	0.78898
10	0.01013	0.00841	0.00949	0.00958	0.01157	0.00817	0.00719	0.01376	0.08052	0.02081	0.08284	0.20590	0.40634	0.01815	0.00945	0.00263	0.04092	0.04071	0.00668	0.00675

[dist]
# distance from previous block
# <min> <max>
0	2

[block]
# block no. 3 follows, 28 sequences, length 14
# corresponding to MSA columns:
# 241-254
name=unknown_D
#
# <colnr> <probs for GDERKNQSTAVLIFYWHMCP>
#	G	D	E	R	K	N	Q	S	T	A	V	L	I	F	Y	W	H	M	C	P
0	0.01334	0.01215	0.01334	0.04399	0.05918	0.06839	0.01033	0.01873	0.11750	0.02297	0.13738	0.05147	0.24755	0.01459	0.00880	0.00253	0.02788	0.11577	0.00631	0.00780
1	0.01263	0.00631	0.00947	0.00947	0.00947	0.00631	0.00631	0.00947	0.00947	0.01263	0.01263	0.02210	0.01263	0.02525	0.02841	0.78851	0.00631	0.00631	0.00316	0.00316
2	0.06523	0.01400	0.05073	0.02270	0.19586	0.01287	0.10177	0.02016	0.04901	0.07256	0.06682	0.15444	0.07189	0.01198	0.00797	0.00249	0.00714	0.05780	0.00548	0.00910
3	0.01404	0.01352	0.02371	0.66416	0.04897	0.01635	0.07913	0.01900	0.01477	0.01900	0.01308	0.01940	0.00981	0.00716	0.00739	0.00243	0.00992	0.00665	0.00327	0.00823
4	0.01040	0.00779	0.00969	0.00928	0.01114	0.00730	0.00693	0.01440	0.05504	0.02734	0.53936	0.09855	0.14436	0.01555	0.00856	0.00236	0.00364	0.01364	0.00773	0.00695
5	0.00898	0.00738	0.00791	0.00777	0.01006	0.00630	0.00583	0.01119	0.01749	0.02183	0.21713	0.06634	0.55138	0.01759	0.00859	0.00242	0.00362	0.01483	0.00704	0.00630
6	0.00921	0.00648	0.00833	0.00967	0.01000	0.00614	0.00626	0.01021	0.01322	0.01763	0.03650	0.59601	0.04358	0.17269	0.01504	0.00380	0.00481	0.01857	0.00626	0.00559
7	0.01016	0.00743	0.00954	0.00901	0.01078	0.00681	0.00676	0.01347	0.02028	0.02845	0.64936	0.05546	0.11502	0.01512	0.00857	0.00230	0.00345	0.01331	0.00791	0.00681
8	0.01507	0.01292	0.01507	0.01077	0.01723	0.00969	0.00861	0.01830	0.01507	0.02369	0.01292	0.01507	0.01077	0.00538	0.00538	0.00108	0.00538	0.00431	0.00431	0.78898
9	0.02576	0.01222	0.01555	0.01276	0.01736	0.01163	0.01023	0.03243	0.16495	0.44756	0.10846	0.06031	0.02623	0.01049	0.00757	0.00233	0.00568	0.00879	0.00843	0.01124
10	0.01577	0.00925	0.00995	0.00900	0.01136	0.00931	0.00676	0.11409	0.01787	0.07127	0.02895	0.05836	0.09269	0.11248	0.01052	0.00267	0.00483	0.00872	0.39861	0.00754
11	0.79588	0.01406	0.01068	0.00956	0.01406	0.01631	0.00787	0.02137	0.01237	0.03261	0.01012	0.01181	0.00787	0.00675	0.00450	0.00225	0.00562	0.00394	0.00450	0.00787
12	0.79588	0.01406	0.01068	0.00956	0.01406	0.01631	0.00787	0.02137	0.01237	0.03261	0.01012	0.01181	0.00787	0.00675	0.00450	0.00225	0.00562	0.00394	0.00450	0.00787
13	0.01252	0.00798	0.01010	0.01052	0.01197	0.00756	0.00743	0.05628	0.01623	0.08755	0.06678	0.52285	0.08413	0.04917	0.01001	0.00294	0.00470	0.01737	0.00696	0.00695

[dist]
# distance from previous block
# <min> <max>
3	65

[block]
# block no. 4 follows, 28 sequences, length 41
# corresponding to MSA columns:
# 320-360
name=unknown_E
#
# <colnr> <probs for GDERKNQSTAVLIFYWHMCP>
#	G	D	E	R	K	N	Q	S	T	A	V	L	I	F	Y	W	H	M	C	P
0	0.01321	0.00953	0.01145	0.01152	0.01314	0.00973	0.00832	0.15483	0.01817	0.02425	0.03366	0.49543	0.03824	0.07948	0.01118	0.00314	0.00539	0.04547	0.00666	0.00722
1	0.10139	0.01699	0.05723	0.36594	0.11978	0.04633	0.12210	0.04543	0.01599	0.02268	0.01309	0.01789	0.00999	0.00698	0.00712	0.00234	0.00965	0.00640	0.00365	0.00905
2	0.01619	0.01387	0.01709	0.01230	0.01875	0.01118	0.04427	0.07098	0.01671	0.02543	0.01338	0.01550	0.01091	0.00569	0.00570	0.00124	0.00596	0.00471	0.00451	0.68564
3	0.00993	0.00702	0.00810	0.00832	0.00898	0.00669	0.00523	0.01079	0.01314	0.01729	0.10245	0.16767	0.14534	0.42947	0.02477	0.00512	0.00565	0.01331	0.00555	0.00519
4	0.00893	0.00636	0.00841	0.01002	0.01042	0.00596	0.00664	0.01014	0.01377	0.01835	0.03929	0.70844	0.04710	0.05546	0.01053	0.00314	0.00435	0.02021	0.00664	0.00584
5	0.01756	0.01683	0.02873	0.11313	0.63403	0.01716	0.02210	0.02193	0.01635	0.02323	0.01360	0.01813	0.01133	0.00656	0.00720	0.00219	0.00874	0.00648	0.00356	0.01117
6	0.06211	0.01426	0.01689	0.01375	0.01883	0.01449	0.01111	0.09386	0.24413	0.38853	0.02712	0.02429	0.01842	0.00916	0.00721	0.00232	0.00618	0.00739	0.00810	0.01188
7	0.01053	0.00744	0.00935	0.00935	0.01112	0.00676	0.00700	0.01319	0.01824	0.04809	0.37424	0.18534	0.19619	0.01723	0.00876	0.00251	0.00394	0.05656	0.00745	0.00671
8	0.03261	0.01237	0.01687	0.01293	0.01856	0.01068	0.01068	0.03543	0.02081	0.70423	0.02868	0.02474	0.01799	0.00900	0.00731	0.00225	0.00619	0.00731	0.00900	0.01237
9	0.03261	0.01237	0.01687	0.01293	0.01856	0.01068	0.01068	0.03543	0.02081	0.70423	0.02868	0.02474	0.01799	0.00900	0.00731	0.00225	0.00619	0.00731	0.00900	0.01237
10	0.04262	0.00991	0.01029	0.00908	0.01185	0.01033	0.00713	0.14582	0.01908	0.06179	0.02228	0.02462	0.01703	0.00849	0.00559	0.00183	0.00448	0.00666	0.57297	0.00815
11	0.01019	0.00739	0.00940	0.00892	0.01054	0.00682	0.00656	0.01322	0.01946	0.02723	0.59552	0.05485	0.10959	0.07562	0.01093	0.00269	0.00375	0.01309	0.00761	0.00660
12	0.01808	0.01561	0.01644	0.01479	0.01890	0.01808	0.01151	0.03863	0.68606	0.03041	0.02959	0.02712	0.02219	0.00986	0.00740	0.00247	0.00575	0.00822	0.00740	0.01151
13	0.00886	0.00633	0.00843	0.01012	0.01054	0.00590	0.00675	0.01012	0.01392	0.01856	0.04006	0.73979	0.04808	0.02277	0.00928	0.00295	0.00422	0.02066	0.00675	0.00590
14	0.79588	0.01406	0.01068	0.00956	0.01406	0.01631	0.00787	0.02137	0.01237	0.03261	0.01012	0.01181	0.00787	0.00675	0.00450	0.00225	0.00562	0.00394	0.00450	0.00787
15	0.01808	0.01561	0.01644	0.01479	0.01890	0.01808	0.01151	0.03863	0.68606	0.03041	0.02959	0.02712	0.02219	0.00986	0.00740	0.00247	0.00575	0.00822	0.00740	0.01151
16	0.79588	0.01406	0.01068	0.00956	0.01406	0.01631	0.00787	0.02137	0.01237	0.03261	0.01012	0.01181	0.00787	0.00675	0.00450	0.00225	0.00562	0.00394	0.00450	0.00787
17	0.02715	0.03464	0.02060	0.01873	0.02247	0.71536	0.01404	0.02903	0.02060	0.01779	0.01124	0.01311	0.00936	0.00749	0.00655	0.00187	0.01311	0.00468	0.00375	0.00843
18	0.02786	0.01999	0.02159	0.01655	0.02236	0.02200	0.01367	0.64559	0.03356	0.07605	0.01797	0.01779	0.01262	0.00874	0.00727	0.00218	0.00792	0.00658	0.00735	0.01236
19	0.00886	0.00633	0.00843	0.01012	0.01054	0.00590	0.00675	0.01012	0.01392	0.01856	0.04006	0.73979	0.04808	0.02277	0.00928	0.00295	0.00422	0.02066	0.00675	0.00590
20	0.79588	0.01406	0.01068	0.00956	0.01406	0.01631	0.00787	0.02137	0.01237	0.03261	0.01012	0.01181	0.00787	0.00675	0.00450	0.00225	0.00562	0.00394	0.00450	0.00787
21	0.01507	0.01292	0.01507	0.01077	0.01723	0.00969	0.00861	0.01830	0.01507	0.02369	0.01292	0.01507	0.01077	0.00538	0.00538	0.00108	0.00538	0.00431	0.00431	0.78898
22	0.01458	0.03760	0.70688	0.02072	0.03146	0.01688	0.02686	0.02302	0.01535	0.02302	0.01304	0.01535	0.00921	0.00691	0.00691	0.00230	0.01074	0.00537	0.00307	0.01074
23	0.79588	0.01406	0.01068	0.00956	0.01406	0.01631	0.00787	0.02137	0.01237	0.03261	0.01012	0.01181	0.00787	0.00675	0.00450	0.00225	0.00562	0.00394	0.00450	0.00787
24	0.01507	0.01292	0.01507	0.01077	0.01723	0.00969	0.00861	0.01830	0.01507	0.02369	0.01292	0.01507	0.01077	0.00538	0.00538	0.00108	0.00538	0.00431	0.00431	0.78898
25	0.02763	0.02036	0.02182	0.01672	0.02254	0.02254	0.01382	0.67496	0.03418	0.04581	0.01745	0.01745	0.01236	0.00873	0.00727	0.00218	0.00800	0.00654	0.00727	0.01236
26	0.01029	0.00743	0.00972	0.00914	0.01086	0.00686	0.00686	0.01372	0.02058	0.02915	0.69536	0.05430	0.06859	0.01486	0.00857	0.00229	0.00343	0.01315	0.00800	0.00686
27	0.01566	0.19570	0.55823	0.01888	0.02862	0.01952	0.02365	0.02274	0.01522	0.02170	0.01239	0.01453	0.00923	0.00675	0.00641	0.00214	0.01008	0.00504	0.00308	0.01043
28	0.00859	0.00736	0.00736	0.00736	0.00982	0.00614	0.00552	0.01043	0.01657	0.01964	0.07364	0.06996	0.69624	0.01841	0.00859	0.00245	0.00368	0.01534	0.00675	0.00614
29	0.79588	0.01406	0.01068	0.00956	0.01406	0.01631	0.00787	0.02137	0.01237	0.03261	0.01012	0.01181	0.00787	0.00675	0.00450	0.00225	0.00562	0.00394	0.00450	0.00787
30	0.02461	0.01650	0.01887	0.01707	0.07377	0.04510	0.01264	0.20235	0.21967	0.21947	0.05470	0.02387	0.01920	0.00919	0.00734	0.00227	0.00689	0.00747	0.00738	0.01163
31	0.02763	0.02036	0.02182	0.01672	0.02254	0.02254	0.01382	0.67496	0.03418	0.04581	0.01745	0.01745	0.01236	0.00873	0.00727	0.00218	0.00800	0.00654	0.00727	0.01236
32	0.00903	0.00738	0.00797	0.00782	0.01009	0.00632	0.00587	0.01128	0.01760	0.02209	0.23423	0.06591	0.53412	0.01749	0.00859	0.00241	0.00362	0.01477	0.00707	0.00632
33	0.10344	0.01253	0.01630	0.01262	0.01814	0.01121	0.01042	0.03412	0.02002	0.64191	0.02696	0.02354	0.01705	0.00879	0.00705	0.00225	0.00613	0.00700	0.00858	0.01195
34	0.01828	0.01795	0.02882	0.06662	0.64508	0.05027	0.02185	0.02250	0.01667	0.02329	0.01353	0.01781	0.01135	0.00655	0.00717	0.00215	0.00888	0.00639	0.00359	0.01125
35	0.66861	0.01529	0.06615	0.01044	0.01507	0.01552	0.00926	0.02051	0.01237	0.03019	0.01056	0.01294	0.00837	0.00829	0.00667	0.06742	0.00609	0.00425	0.00427	0.00771
36	0.00947	0.00732	0.00863	0.00846	0.01040	0.00648	0.00629	0.01207	0.01840	0.02436	0.38517	0.11012	0.33279	0.01693	0.00863	0.00241	0.00359	0.01461	0.00738	0.00648
37	0.44429	0.01719	0.01479	0.01265	0.01697	0.11315	0.01025	0.06857	0.01633	0.14551	0.01391	0.01492	0.01025	0.00785	0.00700	0.00227	0.06484	0.00499	0.00525	0.00903
38	0.02568	0.01809	0.01985	0.01627	0.04423	0.04466	0.01278	0.40781	0.07306	0.14219	0.05140	0.02066	0.01630	0.00877	0.00718	0.00212	0.00738	0.00686	0.00711	0.06760
39	0.01011	0.00743	0.00918	0.00990	0.01085	0.00726	0.00675	0.01315	0.07029	0.02061	0.14445	0.43428	0.07250	0.13234	0.01328	0.00342	0.00463	0.01662	0.00664	0.00630
40	0.01209	0.00881	0.01013	0.00971	0.01104	0.00875	0.00643	0.04879	0.06924	0.01935	0.04630	0.19274	0.03002	0.40397	0.02345	0.00488	0.00613	0.01192	0.00542	0.07084

[dist]
# distance from previous block
# <min> <max>
2	5

[block]
# block no. 5 follows, 28 sequences, length 41
# corresponding to MSA columns:
# 366-406
name=unknown_F
#
# <colnr> <probs for GDERKNQSTAVLIFYWHMCP>
#	G	D	E	R	K	N	Q	S	T	A	V	L	I	F	Y	W	H	M	C	P
0	0.09064	0.04601	0.02045	0.01588	0.02089	0.10625	0.03166	0.29978	0.12874	0.06512	0.01752	0.01793	0.01304	0.00840	0.00751	0.00216	0.03917	0.00621	0.00609	0.05654
1	0.02347	0.01583	0.01803	0.01386	0.01952	0.01566	0.01128	0.28446	0.08565	0.16132	0.04374	0.02036	0.01589	0.00815	0.00680	0.00191	0.00654	0.00644	0.00679	0.23434
2	0.11388	0.01789	0.03054	0.10673	0.06348	0.03949	0.32558	0.07173	0.01727	0.05742	0.01420	0.01811	0.01076	0.00730	0.00898	0.00243	0.07331	0.00714	0.00420	0.00956
3	0.01626	0.01451	0.02005	0.38608	0.06534	0.01725	0.01660	0.05701	0.27749	0.02468	0.01966	0.02225	0.01477	0.00831	0.00731	0.00242	0.00803	0.00715	0.00506	0.00976
4	0.13563	0.01480	0.02205	0.05152	0.41185	0.01521	0.01689	0.04414	0.01639	0.02505	0.02096	0.06044	0.06657	0.00936	0.00722	0.00233	0.00745	0.05780	0.00449	0.00984
5	0.00913	0.00660	0.00850	0.00965	0.01037	0.00612	0.00653	0.01066	0.01481	0.01979	0.12977	0.55547	0.09830	0.06481	0.01080	0.00307	0.00424	0.01864	0.00678	0.00596
6	0.02553	0.01912	0.02069	0.01573	0.02165	0.02039	0.01295	0.56517	0.03098	0.04211	0.01669	0.01705	0.01210	0.00817	0.00696	0.00200	0.00756	0.00617	0.00678	0.14221
7	0.00886	0.00633	0.00843	0.01012	0.01054	0.00590	0.00675	0.01012	0.01392	0.01856	0.04006	0.73979	0.04808	0.02277	0.00928	0.00295	0.00422	0.02066	0.00675	0.00590
8	0.01095	0.00876	0.01280	0.06882	0.11215	0.00860	0.00998	0.01358	0.01641	0.02248	0.22972	0.35371	0.07041	0.01676	0.00859	0.00258	0.00501	0.01513	0.00640	0.00716
9	0.03261	0.01237	0.01687	0.01293	0.01856	0.01068	0.01068	0.03543	0.02081	0.70423	0.02868	0.02474	0.01799	0.00900	0.00731	0.00225	0.00619	0.00731	0.00900	0.01237
10	0.03239	0.01273	0.01709	0.01310	0.01873	0.01121	0.01082	0.06398	0.02140	0.67483	0.02818	0.02442	0.01774	0.00898	0.00731	0.00225	0.00627	0.00728	0.00892	0.01237
11	0.79588	0.01406	0.01068	0.00956	0.01406	0.01631	0.00787	0.02137	0.01237	0.03261	0.01012	0.01181	0.00787	0.00675	0.00450	0.00225	0.00562	0.00394	0.00450	0.00787
12	0.02763	0.02036	0.02182	0.01672	0.02254	0.02254	0.01382	0.67496	0.03418	0.04581	0.01745	0.01745	0.01236	0.00873	0.00727	0.00218	0.00800	0.00654	0.00727	0.01236
13	0.03261	0.01237	0.01687	0.01293	0.01856	0.01068	0.01068	0.03543	0.02081	0.70423	0.02868	0.02474	0.01799	0.00900	0.00731	0.00225	0.00619	0.00731	0.00900	0.01237
14	0.03215	0.01311	0.01733	0.01329	0.01893	0.01179	0.01097	0.09482	0.02205	0.64308	0.02763	0.02406	0.01747	0.00897	0.00731	0.00224	0.00635	0.00724	0.00884	0.01237
15	0.79588	0.01406	0.01068	0.00956	0.01406	0.01631	0.00787	0.02137	0.01237	0.03261	0.01012	0.01181	0.00787	0.00675	0.00450	0.00225	0.00562	0.00394	0.00450	0.00787
16	0.00865	0.00712	0.00761	0.00800	0.00999	0.00608	0.00581	0.01036	0.01595	0.01939	0.06586	0.22519	0.54604	0.01942	0.00875	0.00257	0.00381	0.01657	0.00675	0.00608
17	0.02877	0.01854	0.02069	0.01586	0.02163	0.01984	0.01310	0.52938	0.03113	0.19568	0.02001	0.01911	0.01364	0.00879	0.00728	0.00220	0.00759	0.00672	0.00766	0.01236
18	0.02863	0.01875	0.02082	0.01596	0.02174	0.02016	0.01319	0.54627	0.03149	0.17829	0.01971	0.01892	0.01350	0.00878	0.00728	0.00220	0.00763	0.00670	0.00762	0.01236
19	0.79588	0.01406	0.01068	0.00956	0.01406	0.01631	0.00787	0.02137	0.01237	0.03261	0.01012	0.01181	0.00787	0.00675	0.00450	0.00225	0.00562	0.00394	0.00450	0.00787
20	0.01057	0.00705	0.00793	0.00793	0.00793	0.00705	0.00440	0.01057	0.01057	0.01409	0.02290	0.04757	0.02643	0.74454	0.03700	0.00705	0.00705	0.01057	0.00440	0.00440
21	0.02715	0.03464	0.02060	0.01873	0.02247	0.71536	0.01404	0.02903	0.02060	0.01779	0.01124	0.01311	0.00936	0.00749	0.00655	0.00187	0.01311	0.00468	0.00375	0.00843
22	0.03261	0.01237	0.01687	0.01293	0.01856	0.01068	0.01068	0.03543	0.02081	0.70423	0.02868	0.02474	0.01799	0.00900	0.00731	0.00225	0.00619	0.00731	0.00900	0.01237
23	0.03261	0.01237	0.01687	0.01293	0.01856	0.01068	0.01068	0.03543	0.02081	0.70423	0.02868	0.02474	0.01799	0.00900	0.00731	0.00225	0.00619	0.00731	0.00900	0.01237
24	0.01030	0.00741	0.00963	0.00909	0.01072	0.00687	0.00674	0.01357	0.02010	0.02844	0.66360	0.05398	0.06660	0.04932	0.00992	0.00251	0.00360	0.01302	0.00783	0.00674
25	0.03226	0.01293	0.01722	0.01320	0.01884	0.01152	0.01090	0.08044	0.02175	0.65788	0.02789	0.02423	0.01760	0.00898	0.00731	0.00224	0.00631	0.00726	0.00888	0.01237
26	0.79588	0.01406	0.01068	0.00956	0.01406	0.01631	0.00787	0.02137	0.01237	0.03261	0.01012	0.01181	0.00787	0.00675	0.00450	0.00225	0.00562	0.00394	0.00450	0.00787
27	0.01461	0.00780	0.00791	0.00752	0.00953	0.00796	0.00574	0.06645	0.01667	0.02851	0.02324	0.02637	0.01816	0.00849	0.00525	0.00173	0.00373	0.00676	0.72638	0.00720
28	0.01057	0.00705	0.00793	0.00793	0.00793	0.00705	0.00440	0.01057	0.01057	0.01409	0.02290	0.04757	0.02643	0.74454	0.03700	0.00705	0.00705	0.01057	0.00440	0.00440
29	0.01057	0.00705	0.00793	0.00793	0.00793	0.00705	0.00440	0.01057	0.01057	0.01409	0.02290	0.04757	0.02643	0.74454	0.03700	0.00705	0.00705	0.01057	0.00440	0.00440
30	0.03261	0.01237	0.01687	0.01293	0.01856	0.01068	0.01068	0.03543	0.02081	0.70423	0.02868	0.02474	0.01799	0.00900	0.00731	0.00225	0.00619	0.00731	0.00900	0.01237
31	0.01015	0.00742	0.00952	0.00900	0.01077	0.00680	0.00675	0.01344	0.02024	0.02835	0.64313	0.05561	0.12132	0.01516	0.00857	0.00230	0.00345	0.01333	0.00790	0.00680
32	0.01458	0.03760	0.70688	0.02072	0.03146	0.01688	0.02686	0.02302	0.01535	0.02302	0.01304	0.01535	0.00921	0.00691	0.00691	0.00230	0.01074	0.00537	0.00307	0.01074
33	0.02763	0.02036	0.02182	0.01672	0.02254	0.02254	0.01382	0.67496	0.03418	0.04581	0.01745	0.01745	0.01236	0.00873	0.00727	0.00218	0.00800	0.00654	0.00727	0.01236
34	0.01016	0.00743	0.00954	0.00901	0.01078	0.00680	0.00676	0.01347	0.02027	0.02843	0.64858	0.05548	0.11581	0.01513	0.00857	0.00230	0.00345	0.01331	0.00791	0.00680
35	0.00884	0.00637	0.00839	0.01000	0.01051	0.00591	0.00669	0.01013	0.01403	0.01860	0.04151	0.71088	0.07605	0.02258	0.00925	0.00293	0.00419	0.02043	0.00675	0.00591
36	0.01263	0.00631	0.00947	0.00947	0.00947	0.00631	0.00631	0.00947	0.00947	0.01263	0.01263	0.02210	0.01263	0.02525	0.02841	0.78851	0.00631	0.00631	0.00316	0.00316
37	0.01507	0.01292	0.01507	0.01077	0.01723	0.00969	0.00861	0.01830	0.01507	0.02369	0.01292	0.01507	0.01077	0.00538	0.00538	0.00108	0.00538	0.00431	0.00431	0.78898
38	0.02763	0.02036	0.02182	0.01672	0.02254	0.02254	0.01382	0.67496	0.03418	0.04581	0.01745	0.01745	0.01236	0.00873	0.00727	0.00218	0.00800	0.00654	0.00727	0.01236
39	0.01981	0.05188	0.01852	0.01329	0.01924	0.06765	0.01078	0.20228	0.05246	0.02938	0.01470	0.01599	0.01157	0.00672	0.00606	0.00153	0.00682	0.00512	0.00518	0.44101
40	0.02864	0.08193	0.02041	0.01408	0.01988	0.01640	0.01181	0.25631	0.02458	0.37189	0.02214	0.02044	0.01482	0.00844	0.00694	0.00209	0.00691	0.00655	0.00758	0.05813

[dist]
# distance from previous block
# <min> <max>
1	5

[block]
# block no. 6 follows, 28 sequences, length 78
# corresponding to MSA columns:
# 412-489
name=unknown_G
#
# <colnr> <probs for GDERKNQSTAVLIFYWHMCP>
#	G	D	E	R	K	N	Q	S	T	A	V	L	I	F	Y	W	H	M	C	P
0	0.02679	0.01994	0.02134	0.01655	0.02222	0.02215	0.01361	0.61879	0.09172	0.04445	0.01852	0.01831	0.01323	0.00883	0.00728	0.00221	0.00780	0.00669	0.00728	0.01229
1	0.01559	0.00923	0.01141	0.01076	0.01323	0.00877	0.00800	0.04162	0.07585	0.16732	0.13518	0.28530	0.12448	0.04655	0.00959	0.00274	0.00483	0.01405	0.00738	0.00809
2	0.02586	0.01936	0.02085	0.01603	0.02181	0.02102	0.01317	0.57460	0.06810	0.04276	0.01767	0.01775	0.01274	0.00846	0.00709	0.00209	0.00761	0.00641	0.00698	0.08965
3	0.00886	0.00633	0.00843	0.01012	0.01054	0.00590	0.00675	0.01012	0.01392	0.01856	0.04006	0.73979	0.04808	0.02277	0.00928	0.00295	0.00422	0.02066	0.00675	0.00590
4	0.01829	0.01511	0.01696	0.01443	0.01905	0.01631	0.03104	0.05969	0.48989	0.05826	0.02770	0.02613	0.04300	0.00931	0.00717	0.00224	0.00593	0.00780	0.00687	0.12480
5	0.02644	0.03350	0.02022	0.01843	0.02207	0.68516	0.01383	0.02834	0.02022	0.01775	0.01159	0.01377	0.00974	0.00950	0.03687	0.00229	0.01338	0.00481	0.00375	0.00834
6	0.01893	0.01690	0.01686	0.01509	0.01923	0.05960	0.01173	0.05850	0.62563	0.03015	0.02811	0.02598	0.02111	0.00968	0.00734	0.00242	0.00626	0.00795	0.00718	0.01135
7	0.01808	0.01561	0.01644	0.01479	0.01890	0.01808	0.01151	0.03863	0.68606	0.03041	0.02959	0.02712	0.02219	0.00986	0.00740	0.00247	0.00575	0.00822	0.00740	0.01151
8	0.02763	0.02036	0.02182	0.01672	0.02254	0.02254	0.01382	0.67496	0.03418	0.04581	0.01745	0.01745	0.01236	0.00873	0.00727	0.00218	0.00800	0.00654	0.00727	0.01236
9	0.01235	0.00917	0.01212	0.01336	0.01534	0.00942	0.01149	0.01764	0.09411	0.02269	0.03856	0.07527	0.06016	0.01885	0.00969	0.00322	0.00649	0.55606	0.00678	0.00723
10	0.01029	0.00743	0.00972	0.00914	0.01086	0.00686	0.00686	0.01372	0.02058	0.02915	0.69536	0.05430	0.06859	0.01486	0.00857	0.00229	0.00343	0.01315	0.00800	0.00686
11	0.00859	0.00736	0.00736	0.00736	0.00982	0.00614	0.00552	0.01043	0.01657	0.01964	0.07364	0.06996	0.69624	0.01841	0.00859	0.00245	0.00368	0.01534	0.00675	0.00614
12	0.00884	0.00637	0.00838	0.00999	0.01051	0.00592	0.00669	0.01014	0.01404	0.01861	0.04163	0.70854	0.07832	0.02257	0.00925	0.00293	0.00419	0.02042	0.00675	0.00592
13	0.02763	0.02036	0.02182	0.01672	0.02254	0.02254	0.01382	0.67496	0.03418	0.04581	0.01745	0.01745	0.01236	0.00873	0.00727	0.00218	0.00800	0.00654	0.00727	0.01236
14	0.03261	0.01237	0.01687	0.01293	0.01856	0.01068	0.01068	0.03543	0.02081	0.70423	0.02868	0.02474	0.01799	0.00900	0.00731	0.00225	0.00619	0.00731	0.00900	0.01237
15	0.01029	0.00743	0.00972	0.00914	0.01086	0.00686	0.00686	0.01372	0.02058	0.02915	0.69536	0.05430	0.06859	0.01486	0.00857	0.00229	0.00343	0.01315	0.00800	0.00686
16	0.00975	0.00831	0.00851	0.00829	0.01090	0.00753	0.00627	0.01379	0.09295	0.02131	0.09764	0.06435	0.59024	0.01727	0.00845	0.00245	0.00391	0.01443	0.00688	0.00678
17	0.06776	0.01245	0.01658	0.01278	0.01835	0.01094	0.01055	0.03478	0.02042	0.67331	0.02782	0.02415	0.01753	0.00889	0.00718	0.00225	0.00616	0.00715	0.00879	0.01216
18	0.02784	0.02003	0.02161	0.01657	0.02237	0.02204	0.01368	0.64812	0.03362	0.07344	0.01792	0.01776	0.01260	0.00874	0.00727	0.00218	0.00792	0.00658	0.00734	0.01236
19	0.01023	0.00743	0.00963	0.00908	0.01082	0.00683	0.00681	0.01360	0.02043	0.02880	0.67283	0.05487	0.09133	0.01499	0.00857	0.00229	0.00344	0.01323	0.00796	0.00683
20	0.00996	0.00736	0.00929	0.00893	0.01069	0.00670	0.00665	0.01303	0.01961	0.02715	0.56650	0.09431	0.16119	0.01583	0.00861	0.00235	0.00351	0.01389	0.00775	0.00670
21	0.02702	0.02006	0.02147	0.01660	0.02231	0.02226	0.01367	0.63436	0.07576	0.04483	0.01823	0.01807	0.01299	0.00880	0.00728	0.00220	0.00786	0.00665	0.00728	0.01231
22	0.01477	0.03625	0.65691	0.02146	0.03195	0.01699	0.07546	0.02304	0.01548	0.02304	0.01317	0.01567	0.00935	0.00685	0.00703	0.00231	0.01086	0.00561	0.00312	0.01067
23	0.00932	0.00739	0.00837	0.00812	0.01026	0.00644	0.00609	0.01183	0.01828	0.02370	0.33904	0.06327	0.42830	0.01689	0.00858	0.00238	0.00357	0.01440	0.00728	0.00644
24	0.79588	0.01406	0.01068	0.00956	0.01406	0.01631	0.00787	0.02137	0.01237	0.03261	0.01012	0.01181	0.00787	0.00675	0.00450	0.00225	0.00562	0.00394	0.00450	0.00787
25	0.00886	0.00633	0.00843	0.01012	0.01054	0.00590	0.00675	0.01012	0.01392	0.01856	0.04006	0.73979	0.04808	0.02277	0.00928	0.00295	0.00422	0.02066	0.00675	0.00590
26	0.79588	0.01406	0.01068	0.00956	0.01406	0.01631	0.00787	0.02137	0.01237	0.03261	0.01012	0.01181	0.00787	0.00675	0.00450	0.00225	0.00562	0.00394	0.00450	0.00787
27	0.02811	0.01959	0.02134	0.01636	0.02216	0.02140	0.01351	0.61321	0.03289	0.10938	0.01854	0.01816	0.01291	0.00875	0.00728	0.00219	0.00782	0.00662	0.00744	0.01236
28	0.01491	0.03532	0.62271	0.02198	0.03229	0.01707	0.10874	0.02305	0.01558	0.02305	0.01326	0.01589	0.00944	0.00681	0.00712	0.00232	0.01093	0.00578	0.00315	0.01062
29	0.01507	0.01292	0.01507	0.01077	0.01723	0.00969	0.00861	0.01830	0.01507	0.02369	0.01292	0.01507	0.01077	0.00538	0.00538	0.00108	0.00538	0.00431	0.00431	0.78898
30	0.03243	0.01267	0.01705	0.01307	0.01870	0.01112	0.01080	0.05915	0.02130	0.67980	0.02826	0.02447	0.01778	0.00899	0.00731	0.00225	0.00625	0.00728	0.00893	0.01237
31	0.01057	0.00705	0.00793	0.00793	0.00793	0.00705	0.00440	0.01057	0.01057	0.01409	0.02290	0.04757	0.02643	0.74454	0.03700	0.00705	0.00705	0.01057	0.00440	0.00440
32	0.02055	0.01637	0.02676	0.03612	0.49941	0.01622	0.04474	0.02595	0.07032	0.14440	0.01762	0.01997	0.01348	0.00718	0.00729	0.00221	0.00812	0.00684	0.00486	0.01160
33	0.01029	0.00743	0.00972	0.00914	0.01086	0.00686	0.00686	0.01372	0.02058	0.02915	0.69536	0.05430	0.06859	0.01486	0.00857	0.00229	0.00343	0.01315	0.00800	0.00686
34	0.01507	0.01292	0.01507	0.01077	0.01723	0.00969	0.00861	0.01830	0.01507	0.02369	0.01292	0.01507	0.01077	0.00538	0.00538	0.00108	0.00538	0.00431	0.00431	0.78898
35	0.12699	0.25524	0.18203	0.01396	0.02004	0.05687	0.01427	0.02235	0.01587	0.08945	0.07411	0.04453	0.01682	0.00961	0.02747	0.00233	0.00814	0.00616	0.00449	0.00928
36	0.01038	0.00779	0.01168	0.01168	0.01298	0.00909	0.00909	0.01298	0.01168	0.01687	0.01947	0.02856	0.01817	0.05452	0.71573	0.01168	0.01947	0.00779	0.00389	0.00649
37	0.01943	0.74891	0.03809	0.01244	0.01866	0.02876	0.01244	0.02177	0.01477	0.01710	0.01011	0.01166	0.00933	0.00622	0.00466	0.00155	0.00777	0.00389	0.00311	0.00933
38	0.01057	0.00705	0.00793	0.00793	0.00793	0.00705	0.00440	0.01057	0.01057	0.01409	0.02290	0.04757	0.02643	0.74454	0.03700	0.00705	0.00705	0.01057	0.00440	0.00440
39	0.01373	0.01292	0.02180	0.72707	0.05006	0.01615	0.02019	0.01857	0.01453	0.01857	0.01292	0.01938	0.00969	0.00727	0.00727	0.00242	0.00969	0.00646	0.00323	0.00807
40	0.02639	0.01974	0.02111	0.01647	0.02207	0.02196	0.01351	0.59190	0.11926	0.04380	0.01904	0.01871	0.01364	0.00887	0.00729	0.00222	0.00771	0.00676	0.00729	0.01225
41	0.01789	0.01256	0.01503	0.01099	0.01712	0.00970	0.00884	0.02098	0.01616	0.14447	0.01855	0.01935	0.04404	0.00663	0.00588	0.00135	0.00545	0.00536	0.00525	0.61440
42	0.38817	0.01569	0.01493	0.01261	0.01739	0.01770	0.01024	0.16914	0.17925	0.08208	0.01769	0.01762	0.01299	0.00808	0.00600	0.00229	0.00621	0.00577	0.00611	0.01004
43	0.01458	0.03760	0.70688	0.02072	0.03146	0.01688	0.02686	0.02302	0.01535	0.02302	0.01304	0.01535	0.00921	0.00691	0.00691	0.00230	0.01074	0.00537	0.00307	0.01074
44	0.00886	0.00633	0.00843	0.01012	0.01054	0.00590	0.00675	0.01012	0.01392	0.01856	0.04006	0.73979	0.04808	0.02277	0.00928	0.00295	0.00422	0.02066	0.00675	0.00590
45	0.01507	0.01292	0.01507	0.01077	0.01723	0.00969	0.00861	0.01830	0.01507	0.02369	0.01292	0.01507	0.01077	0.00538	0.00538	0.00108	0.00538	0.00431	0.00431	0.78898
46	0.00886	0.00633	0.00843	0.01012	0.01054	0.00590	0.00675	0.01012	0.01392	0.01856	0.04006	0.73979	0.04808	0.02277	0.00928	0.00295	0.00422	0.02066	0.00675	0.00590
47	0.01038	0.00779	0.01168	0.01168	0.01298	0.00909	0.00909	0.01298	0.01168	0.01687	0.01947	0.02856	0.01817	0.05452	0.71573	0.01168	0.01947	0.00779	0.00389	0.00649
48	0.00897	0.00641	0.00857	0.01025	0.01072	0.00600	0.00695	0.01032	0.01403	0.01868	0.04000	0.71332	0.04783	0.02266	0.00931	0.00297	0.00432	0.04600	0.00675	0.00594
49	0.00886	0.00633	0.00843	0.01012	0.01054	0.00590	0.00675	0.01012	0.01392	0.01856	0.04006	0.73979	0.04808	0.02277	0.00928	0.00295	0.00422	0.02066	0.00675	0.00590
50	0.00886	0.00633	0.00843	0.01012	0.01054	0.00590	0.00675	0.01012	0.01392	0.01856	0.04006	0.73979	0.04808	0.02277	0.00928	0.00295	0.00422	0.02066	0.00675	0.00590
51	0.79588	0.01406	0.01068	0.00956	0.01406	0.01631	0.00787	0.02137	0.01237	0.03261	0.01012	0.01181	0.00787	0.00675	0.00450	0.00225	0.00562	0.00394	0.00450	0.00787
52	0.01344	0.00830	0.00977	0.00907	0.01186	0.00719	0.00702	0.01581	0.01804	0.14625	0.18398	0.08137	0.40147	0.01622	0.00844	0.00244	0.00423	0.04027	0.00740	0.00743
53	0.00916	0.00645	0.00835	0.00974	0.01008	0.00611	0.00634	0.01020	0.01333	0.01777	0.03704	0.61798	0.04427	0.14978	0.01416	0.00367	0.00472	0.01889	0.00634	0.00564
54	0.01355	0.00678	0.00678	0.00678	0.00847	0.00678	0.00508	0.01694	0.01524	0.02710	0.02371	0.02710	0.01863	0.00847	0.00508	0.00169	0.00339	0.00678	0.78489	0.00678
55	0.79588	0.01406	0.01068	0.00956	0.01406	0.01631	0.00787	0.02137	0.01237	0.03261	0.01012	0.01181	0.00787	0.00675	0.00450	0.00225	0.00562	0.00394	0.00450	0.00787
56	0.00899	0.00641	0.00847	0.00998	0.01045	0.00600	0.00665	0.01031	0.01408	0.01886	0.06952	0.67919	0.04811	0.05269	0.01041	0.00309	0.00430	0.01989	0.00671	0.00589
57	0.01022	0.00743	0.00962	0.00907	0.01082	0.00683	0.00680	0.01358	0.02040	0.02874	0.66878	0.05497	0.09542	0.01501	0.00857	0.00229	0.00344	0.01324	0.00795	0.00683
58	0.02763	0.02036	0.02182	0.01672	0.02254	0.02254	0.01382	0.67496	0.03418	0.04581	0.01745	0.01745	0.01236	0.00873	0.00727	0.00218	0.00800	0.00654	0.00727	0.01236
59	0.00904	0.00647	0.00860	0.00999	0.01058	0.00603	0.00676	0.01059	0.01479	0.01994	0.12559	0.65032	0.05075	0.02174	0.00919	0.00287	0.00411	0.01968	0.00691	0.00603
60	0.06149	0.01365	0.01625	0.01324	0.01808	0.01364	0.01068	0.11842	0.16402	0.36876	0.04914	0.05058	0.04869	0.01008	0.00735	0.00232	0.00605	0.00821	0.00802	0.01133
61	0.00918	0.00646	0.00834	0.00970	0.01004	0.00612	0.00630	0.01021	0.01328	0.01770	0.03679	0.60761	0.04394	0.16059	0.01457	0.00373	0.00476	0.01874	0.00630	0.00562
62	0.02672	0.01991	0.02130	0.01654	0.02220	0.02212	0.01360	0.61438	0.09623	0.04435	0.01861	0.01837	0.01330	0.00883	0.00728	0.00221	0.00779	0.00670	0.00728	0.01228
63	0.01667	0.01457	0.02279	0.41086	0.19889	0.01665	0.01881	0.11331	0.01749	0.02332	0.01373	0.01896	0.01072	0.00855	0.00873	0.05747	0.00896	0.00647	0.00389	0.00917
64	0.01442	0.00790	0.00817	0.00786	0.00981	0.00805	0.00594	0.07239	0.01676	0.02809	0.02433	0.07634	0.02017	0.00950	0.00556	0.00182	0.00384	0.00773	0.66413	0.00719
65	0.01808	0.01561	0.01644	0.01479	0.01890	0.01808	0.01151	0.03863	0.68606	0.03041	0.02959	0.02712	0.02219	0.00986	0.00740	0.00247	0.00575	0.00822	0.00740	0.01151
66	0.02670	0.01990	0.02129	0.01654	0.02219	0.02211	0.01359	0.61279	0.09787	0.04431	0.01864	0.01840	0.01332	0.00884	0.00728	0.00221	0.00778	0.00671	0.00728	0.01228
67	0.01307	0.00930	0.01174	0.01100	0.01244	0.01021	0.00800	0.10858	0.01447	0.01993	0.02007	0.03334	0.01998	0.28948	0.34210	0.04397	0.01282	0.00852	0.00453	0.00646
68	0.01115	0.00796	0.01106	0.01274	0.01416	0.00788	0.01073	0.01408	0.01617	0.02112	0.03880	0.21273	0.04307	0.02062	0.00989	0.00327	0.00620	0.52513	0.00670	0.00654
69	0.01045	0.00784	0.00977	0.01083	0.01188	0.00787	0.00758	0.01464	0.11223	0.02061	0.05988	0.55582	0.04386	0.04862	0.01009	0.00304	0.00464	0.04682	0.00679	0.00673
70	0.07465	0.01427	0.01917	0.01560	0.01980	0.01497	0.09713	0.14965	0.10720	0.14102	0.11624	0.08112	0.02569	0.01106	0.00864	0.00245	0.04657	0.03818	0.00672	0.00986
71	0.01497	0.01151	0.04956	0.01081	0.01429	0.01004	0.00889	0.04226	0.12781	0.12345	0.14002	0.06975	0.28456	0.04774	0.00940	0.00261	0.00506	0.01179	0.00707	0.00841
72	0.01186	0.00801	0.01008	0.00937	0.01118	0.00759	0.00687	0.01547	0.04922	0.06376	0.50875	0.05091	0.07647	0.12380	0.01271	0.00301	0.00424	0.01228	0.00745	0.00698
73	0.01904	0.52134	0.18858	0.01490	0.02192	0.08931	0.01587	0.02272	0.01544	0.01851	0.01088	0.01263	0.00930	0.00649	0.00535	0.00175	0.00894	0.00430	0.00316	0.00957
74	0.06057	0.05351	0.05921	0.02011	0.08126	0.46027	0.01502	0.10135	0.04231	0.02285	0.01276	0.01449	0.01023	0.00751	0.00658	0.00198	0.01125	0.00514	0.00423	0.00937
75	0.00908	0.00678	0.00825	0.00910	0.01017	0.00616	0.00624	0.01064	0.01509	0.01965	0.11984	0.42957	0.22175	0.07888	0.01125	0.00308	0.00422	0.01760	0.00670	0.00595
76	0.01882	0.02114	0.02846	0.02386	0.06283	0.17067	0.21188	0.02198	0.01527	0.01963	0.01168	0.01652	0.01006	0.00928	0.01464	0.00262	0.32172	0.00667	0.00347	0.00880
77	0.01813	0.01813	0.05059	0.12824	0.44076	0.04917	0.02005	0.05166	0.10455	0.02456	0.01567	0.01903	0.01252	0.00718	0.00720	0.00223	0.00865	0.00658	0.00419	0.01092

[dist]
# distance from previous block
# <min> <max>
0	1

[block]
# block no. 7 follows, 28 sequences, length 100
# corresponding to MSA columns:
# 491-590
name=unknown_H
#
# <colnr> <probs for GDERKNQSTAVLIFYWHMCP>
#	G	D	E	R	K	N	Q	S	T	A	V	L	I	F	Y	W	H	M	C	P
0	0.04910	0.01251	0.01327	0.01165	0.01477	0.04396	0.00886	0.09112	0.15470	0.11149	0.18123	0.03802	0.09408	0.12862	0.01232	0.00306	0.00586	0.00976	0.00690	0.00872
1	0.70077	0.01453	0.01205	0.03936	0.01622	0.01681	0.00886	0.07508	0.01425	0.03313	0.01084	0.01258	0.00832	0.00693	0.00484	0.00225	0.00598	0.00425	0.00468	0.00825
