[name]
unknown

[dist]
# distance from previous block
# <min> <max>
9	33

[block]
# block no. 0 follows, 29 sequences, length 22
# corresponding to MSA columns:
# 41-62
name=unknown_A
#
# <colnr> <probs for GDERKNQSTAVLIFYWHMCP>
#	G	D	E	R	K	N	Q	S	T	A	V	L	I	F	Y	W	H	M	C	P
0	0.08056	0.05387	0.01140	0.00931	0.01199	0.00967	0.00726	0.06056	0.01815	0.04155	0.26621	0.11260	0.26163	0.01466	0.00777	0.00230	0.00434	0.01234	0.00670	0.00714
1	0.01050	0.00746	0.00937	0.01026	0.01108	0.00734	0.00708	0.06001	0.01476	0.01966	0.03478	0.53277	0.04065	0.13900	0.01339	0.00351	0.00502	0.06100	0.00627	0.00607
2	0.02459	0.01920	0.02064	0.06834	0.05236	0.05987	0.01381	0.51104	0.05187	0.03898	0.01701	0.01785	0.01238	0.00831	0.00697	0.00212	0.00794	0.00637	0.04913	0.01123
3	0.11939	0.01634	0.01716	0.01379	0.01851	0.01795	0.01122	0.42151	0.06698	0.07200	0.01919	0.05142	0.01472	0.00898	0.00664	0.00214	0.00663	0.00689	0.09792	0.01059
4	0.06337	0.02144	0.01601	0.01431	0.01800	0.30288	0.01098	0.07521	0.17868	0.02460	0.02157	0.02206	0.06298	0.00875	0.00649	0.00201	0.00829	0.00649	0.10167	0.03422
5	0.00957	0.00666	0.00837	0.00919	0.00964	0.00641	0.00602	0.01068	0.01325	0.01782	0.10235	0.38601	0.04117	0.28650	0.01895	0.00430	0.00518	0.04665	0.00590	0.00538
6	0.01155	0.00807	0.00928	0.00900	0.00983	0.00818	0.00580	0.07138	0.01371	0.01833	0.06327	0.12689	0.06256	0.49077	0.05681	0.00572	0.00683	0.01142	0.00512	0.00550
7	0.00881	0.00629	0.00841	0.01006	0.01054	0.00590	0.00684	0.01014	0.01376	0.01832	0.03917	0.71400	0.04681	0.02219	0.00912	0.00291	0.00424	0.05005	0.00661	0.00582
8	0.01922	0.69915	0.05829	0.01272	0.01884	0.05842	0.01271	0.02168	0.01474	0.01697	0.01004	0.01160	0.00914	0.00617	0.00472	0.00156	0.00794	0.00389	0.00307	0.00914
9	0.22419	0.01605	0.01964	0.04907	0.01979	0.05446	0.04465	0.01902	0.01211	0.02139	0.00997	0.01470	0.00898	0.01011	0.01606	0.00274	0.44003	0.00563	0.00351	0.00788
10	0.01358	0.13041	0.01511	0.01036	0.01303	0.05400	0.00825	0.01725	0.04853	0.04741	0.46722	0.04159	0.04890	0.04379	0.00876	0.00230	0.00496	0.01040	0.00666	0.00748
11	0.80005	0.01377	0.01047	0.00936	0.01377	0.01597	0.00771	0.02093	0.01212	0.03195	0.00991	0.01157	0.00771	0.00661	0.00441	0.00220	0.00551	0.00386	0.00441	0.00771
12	0.01506	0.11944	0.57507	0.02019	0.02991	0.01803	0.08164	0.02243	0.01512	0.02189	0.01258	0.01497	0.00919	0.00662	0.00665	0.00218	0.01031	0.00537	0.00306	0.01028
13	0.00998	0.00727	0.00938	0.00885	0.01057	0.00667	0.00664	0.01324	0.01991	0.02798	0.66258	0.05414	0.10655	0.01477	0.00840	0.00225	0.00337	0.01301	0.00776	0.00667
14	0.01393	0.00980	0.01113	0.01029	0.01294	0.00970	0.00779	0.08738	0.10708	0.07695	0.15042	0.16503	0.23066	0.03520	0.00879	0.00252	0.00464	0.01272	0.03519	0.00786
15	0.00897	0.00640	0.00850	0.00988	0.01045	0.00601	0.00674	0.01046	0.01427	0.01917	0.10294	0.62989	0.04815	0.04398	0.00989	0.00297	0.00424	0.04457	0.00666	0.00586
16	0.01991	0.01622	0.01684	0.01462	0.01887	0.04289	0.01150	0.13799	0.50423	0.06539	0.05317	0.02552	0.02137	0.00955	0.00724	0.00233	0.00617	0.00782	0.00720	0.01116
17	0.01234	0.01076	0.01744	0.14662	0.02241	0.01146	0.11855	0.04276	0.01442	0.01931	0.02489	0.30722	0.02713	0.13171	0.01373	0.00334	0.05128	0.01275	0.00493	0.00695
18	0.02274	0.08565	0.02100	0.01768	0.04355	0.40819	0.01341	0.06677	0.11499	0.02092	0.01424	0.01613	0.01169	0.01050	0.04668	0.00254	0.06460	0.00547	0.00430	0.00895
19	0.02331	0.01879	0.04060	0.01700	0.02252	0.01965	0.07998	0.47068	0.02753	0.03774	0.01619	0.01742	0.01190	0.00816	0.00787	0.00210	0.04791	0.00639	0.04397	0.08029
20	0.01928	0.59186	0.05486	0.01284	0.01849	0.06236	0.01247	0.02170	0.01500	0.05060	0.01372	0.01500	0.04096	0.00712	0.00584	0.00170	0.03890	0.00467	0.00352	0.00908
21	0.54323	0.01317	0.01345	0.09323	0.08692	0.01505	0.01047	0.01961	0.01282	0.02788	0.01284	0.05824	0.01120	0.01014	0.04434	0.00276	0.00690	0.00558	0.00428	0.00790

[dist]
# distance from previous block
# <min> <max>
0	1

[block]
# block no. 1 follows, 29 sequences, length 11
# corresponding to MSA columns:
# 64-74
name=unknown_B
#
# <colnr> <probs for GDERKNQSTAVLIFYWHMCP>
#	G	D	E	R	K	N	Q	S	T	A	V	L	I	F	Y	W	H	M	C	P
0	0.00868	0.00620	0.00826	0.00991	0.01033	0.00578	0.00661	0.00991	0.01363	0.01818	0.03925	0.74510	0.04710	0.02231	0.00909	0.00289	0.00413	0.02024	0.00661	0.00578
1	0.02456	0.01834	0.02016	0.01582	0.02060	0.02059	0.01293	0.56743	0.02961	0.03992	0.01697	0.01918	0.01297	0.05317	0.04292	0.00291	0.05760	0.00668	0.00654	0.01111
2	0.01237	0.00618	0.00928	0.00928	0.00928	0.00618	0.00618	0.00928	0.00928	0.01237	0.01237	0.02165	0.01237	0.02474	0.02783	0.79283	0.00618	0.00618	0.00309	0.00309
3	0.01708	0.05090	0.13330	0.07508	0.40001	0.04105	0.01981	0.05603	0.04036	0.02344	0.01778	0.02064	0.05835	0.00751	0.00699	0.00215	0.00850	0.00666	0.00393	0.01044
4	0.01579	0.01116	0.01333	0.06090	0.01666	0.01153	0.00945	0.19936	0.01951	0.04868	0.02698	0.32670	0.02783	0.03722	0.00853	0.00250	0.00567	0.01227	0.08469	0.06128
5	0.01156	0.00769	0.00985	0.00995	0.01161	0.00719	0.00736	0.03700	0.01754	0.07002	0.27797	0.32008	0.10866	0.01758	0.00863	0.00257	0.00422	0.05647	0.00721	0.00684
6	0.07789	0.39924	0.25483	0.01551	0.02281	0.02225	0.05105	0.02148	0.01449	0.02013	0.01138	0.01357	0.00937	0.00794	0.02958	0.00219	0.00901	0.00465	0.00319	0.00941
7	0.02481	0.01861	0.02016	0.01531	0.02113	0.01977	0.01260	0.55969	0.03004	0.04090	0.01628	0.01667	0.01182	0.00795	0.00678	0.00194	0.00736	0.00601	0.00659	0.15559
8	0.01406	0.01081	0.01414	0.01255	0.01524	0.01066	0.05390	0.14906	0.01870	0.02551	0.11312	0.28170	0.03431	0.08422	0.01082	0.00286	0.00585	0.05688	0.00623	0.07939
9	0.01674	0.28116	0.13816	0.05795	0.02073	0.11657	0.01379	0.02029	0.03251	0.01854	0.01619	0.10933	0.01574	0.05971	0.00866	0.00235	0.02721	0.00711	0.02891	0.00835
10	0.02297	0.12569	0.02040	0.01547	0.01936	0.42033	0.01213	0.06682	0.08624	0.02144	0.01462	0.01607	0.01179	0.00760	0.00610	0.00185	0.00986	0.00521	0.10737	0.00870

[dist]
# distance from previous block
# <min> <max>
1	20

[block]
# block no. 2 follows, 29 sequences, length 8
# corresponding to MSA columns:
# 95-102
name=unknown_C
#
# <colnr> <probs for GDERKNQSTAVLIFYWHMCP>
#	G	D	E	R	K	N	Q	S	T	A	V	L	I	F	Y	W	H	M	C	P
0	0.28883	0.06819	0.06486	0.08048	0.12044	0.01495	0.01245	0.01957	0.01436	0.02543	0.05186	0.01858	0.04136	0.00727	0.00575	0.00197	0.00656	0.00556	0.00422	0.14730
1	0.02334	0.01724	0.01870	0.01518	0.01999	0.01906	0.01223	0.43345	0.19610	0.06808	0.02249	0.08323	0.01781	0.01004	0.00733	0.00228	0.00688	0.00806	0.00718	0.01135
2	0.02236	0.08061	0.02010	0.01486	0.01979	0.01989	0.01217	0.33393	0.27360	0.06108	0.05134	0.02195	0.01803	0.00902	0.00701	0.00219	0.00674	0.00710	0.00691	0.01131
3	0.01327	0.00664	0.00664	0.00664	0.00830	0.00664	0.00498	0.01659	0.01493	0.02655	0.02323	0.02655	0.01825	0.00830	0.00498	0.00166	0.00332	0.00664	0.78928	0.00664
4	0.00923	0.00644	0.00798	0.00910	0.00969	0.00605	0.00600	0.01043	0.01336	0.01801	0.03820	0.51778	0.09956	0.14967	0.01358	0.00348	0.00453	0.01720	0.05411	0.00560
5	0.57691	0.01365	0.01282	0.12846	0.01986	0.01590	0.00996	0.06632	0.01410	0.03032	0.01154	0.01393	0.00885	0.00691	0.00507	0.00220	0.00621	0.00458	0.04440	0.00800
6	0.00963	0.00803	0.00939	0.07223	0.01376	0.00755	0.00728	0.01282	0.04821	0.02139	0.18539	0.09894	0.44729	0.01625	0.00828	0.00240	0.00420	0.01382	0.00658	0.00655
7	0.04372	0.02030	0.17068	0.05553	0.37023	0.01618	0.05346	0.06681	0.01699	0.02435	0.01885	0.02166	0.07446	0.00768	0.00710	0.00220	0.00852	0.00694	0.00397	0.01037

[dist]
# distance from previous block
# <min> <max>
2	9

[block]
# block no. 3 follows, 29 sequences, length 19
# corresponding to MSA columns:
# 112-130
name=unknown_D
#
# <colnr> <probs for GDERKNQSTAVLIFYWHMCP>
#	G	D	E	R	K	N	Q	S	T	A	V	L	I	F	Y	W	H	M	C	P
0	0.02029	0.05659	0.23991	0.01634	0.04851	0.04195	0.01589	0.02714	0.10551	0.21484	0.05842	0.02111	0.01664	0.00800	0.00679	0.00210	0.00764	0.00644	0.00561	0.08029
1	0.01968	0.01665	0.01740	0.01690	0.07074	0.08250	0.01233	0.05644	0.46017	0.08459	0.02614	0.02723	0.02022	0.00967	0.00729	0.00236	0.00669	0.04547	0.00671	0.01081
2	0.01680	0.04713	0.40624	0.01953	0.07239	0.01676	0.02034	0.07077	0.14549	0.05841	0.01791	0.04663	0.01372	0.00810	0.00695	0.00227	0.00872	0.00659	0.00456	0.01068
3	0.00944	0.00753	0.00854	0.00883	0.01066	0.00693	0.00641	0.01269	0.06725	0.02109	0.15176	0.26648	0.36023	0.01817	0.00853	0.00253	0.00388	0.01575	0.00684	0.00645
4	0.01746	0.01675	0.05096	0.04954	0.40560	0.04319	0.04476	0.06082	0.06339	0.02484	0.01610	0.01953	0.01295	0.00830	0.02608	0.00234	0.00823	0.00651	0.11243	0.01025
5	0.01014	0.00719	0.00861	0.00881	0.00908	0.00732	0.00553	0.01072	0.01182	0.01588	0.06036	0.20381	0.05835	0.48643	0.02707	0.00542	0.04076	0.01269	0.00504	0.00499
6	0.02623	0.01827	0.01991	0.01540	0.02065	0.01991	0.01257	0.57373	0.03057	0.10117	0.01847	0.01996	0.01364	0.06472	0.00933	0.00250	0.00761	0.00678	0.00706	0.01152
7	0.01861	0.69004	0.09760	0.01291	0.01940	0.02714	0.01344	0.02143	0.01452	0.01727	0.01016	0.01174	0.00913	0.00615	0.00476	0.00159	0.00787	0.00394	0.00304	0.00926
8	0.01029	0.00748	0.00870	0.00826	0.01049	0.00654	0.00624	0.01284	0.01820	0.05636	0.35365	0.05951	0.38358	0.01603	0.00835	0.00232	0.00361	0.01368	0.00727	0.00662
9	0.01017	0.00763	0.01144	0.01144	0.01272	0.00890	0.00890	0.01272	0.01144	0.01653	0.01907	0.02797	0.01780	0.05340	0.72153	0.01144	0.01907	0.00763	0.00381	0.00636
10	0.12267	0.01381	0.01673	0.01298	0.01840	0.01334	0.01072	0.15660	0.02190	0.50225	0.02382	0.02136	0.01539	0.00850	0.00682	0.00219	0.00633	0.00662	0.00796	0.01159
11	0.01512	0.00839	0.01113	0.00981	0.01237	0.00758	0.00758	0.01834	0.02021	0.18557	0.54645	0.04652	0.05577	0.01323	0.00811	0.00223	0.00398	0.01156	0.00806	0.00796
12	0.01525	0.07410	0.63705	0.01976	0.02965	0.05838	0.02484	0.02283	0.01531	0.02195	0.01252	0.01472	0.00904	0.00676	0.00663	0.00219	0.01051	0.00515	0.00305	0.01032
13	0.00949	0.00662	0.00794	0.00866	0.00900	0.00636	0.00538	0.01015	0.01218	0.01607	0.03313	0.35093	0.08149	0.38419	0.02256	0.00486	0.00548	0.01496	0.00547	0.00507
14	0.01316	0.05871	0.01178	0.00961	0.01250	0.07208	0.00755	0.01581	0.03320	0.07476	0.16148	0.05326	0.39878	0.01487	0.00791	0.00228	0.00499	0.03362	0.00651	0.00715
15	0.11551	0.38215	0.06147	0.01599	0.07106	0.11872	0.01342	0.04884	0.04644	0.02119	0.01158	0.01336	0.00982	0.00690	0.00609	0.00186	0.03812	0.00458	0.00369	0.00923
16	0.04616	0.01056	0.01333	0.01322	0.04431	0.03932	0.00946	0.05932	0.01293	0.01845	0.01565	0.04757	0.01498	0.05808	0.19696	0.25990	0.09658	0.00710	0.03000	0.00612
17	0.71503	0.06450	0.01274	0.03847	0.01549	0.01680	0.00850	0.02085	0.01236	0.03036	0.01002	0.01185	0.00788	0.00659	0.00453	0.00216	0.00581	0.00395	0.00426	0.00782
18	0.01253	0.00852	0.01059	0.01071	0.01223	0.00841	0.00772	0.09813	0.01726	0.05421	0.12669	0.44238	0.04220	0.07384	0.01074	0.00299	0.00490	0.04225	0.00677	0.00693

[dist]
# distance from previous block
# <min> <max>
0	24

[block]
# block no. 4 follows, 29 sequences, length 55
# corresponding to MSA columns:
# 155-209
name=unknown_E
#
# <colnr> <probs for GDERKNQSTAVLIFYWHMCP>
#	G	D	E	R	K	N	Q	S	T	A	V	L	I	F	Y	W	H	M	C	P
0	0.01175	0.00854	0.01141	0.01263	0.01450	0.00850	0.01093	0.03951	0.01702	0.02199	0.04047	0.07671	0.10804	0.01908	0.00959	0.00315	0.00630	0.56659	0.00658	0.00671
1	0.01156	0.00976	0.01221	0.01195	0.01325	0.05966	0.00917	0.01383	0.01196	0.01642	0.01836	0.02778	0.01745	0.09973	0.59261	0.01010	0.04644	0.00756	0.00381	0.00640
2	0.01329	0.01227	0.01980	0.53054	0.03942	0.01547	0.01745	0.01699	0.01345	0.01779	0.01422	0.06974	0.01246	0.01098	0.03240	0.02885	0.11660	0.00732	0.00342	0.00754
3	0.01023	0.00685	0.00780	0.00793	0.00796	0.00682	0.00449	0.01032	0.01061	0.01414	0.02373	0.10023	0.02752	0.69389	0.03416	0.00660	0.00669	0.01111	0.00449	0.00443
4	0.01612	0.01365	0.01544	0.04313	0.04088	0.01537	0.01118	0.04727	0.48000	0.02864	0.12795	0.03309	0.04855	0.01080	0.00754	0.00241	0.00558	0.03526	0.00700	0.01014
5	0.00980	0.00727	0.00914	0.00867	0.01047	0.00660	0.00650	0.01290	0.01950	0.02701	0.59696	0.05574	0.17277	0.01514	0.00840	0.00227	0.00340	0.01324	0.00763	0.00660
6	0.01503	0.01480	0.02129	0.12331	0.02289	0.02036	0.01590	0.01710	0.01142	0.01727	0.01026	0.01662	0.00974	0.01347	0.05155	0.00337	0.59842	0.00631	0.00315	0.00774
7	0.55585	0.01400	0.01249	0.01064	0.01520	0.01563	0.00873	0.09435	0.04330	0.11948	0.01431	0.01498	0.01044	0.00729	0.00519	0.00218	0.00575	0.00483	0.03651	0.00885
8	0.01089	0.00734	0.00904	0.00883	0.00992	0.00705	0.00612	0.01265	0.01514	0.04209	0.28087	0.05139	0.08070	0.33576	0.04328	0.00464	0.00572	0.05673	0.00605	0.00578
9	0.01608	0.04857	0.03755	0.02658	0.03289	0.01758	0.55324	0.02129	0.01632	0.02191	0.01909	0.02309	0.07256	0.00745	0.00910	0.00241	0.05263	0.00868	0.00382	0.00916
10	0.01701	0.01520	0.02328	0.28805	0.29664	0.01684	0.01854	0.09481	0.08769	0.02458	0.01547	0.01928	0.01203	0.00728	0.00704	0.00223	0.00831	0.00653	0.02921	0.00999
11	0.02723	0.01968	0.02121	0.01626	0.02195	0.02169	0.01343	0.65982	0.03304	0.06726	0.01747	0.01734	0.01230	0.00856	0.00712	0.00214	0.00778	0.00644	0.00718	0.01211
12	0.01752	0.01622	0.02580	0.03586	0.52737	0.01617	0.01905	0.05877	0.01681	0.02419	0.01408	0.01902	0.01204	0.00697	0.00756	0.00205	0.03707	0.02561	0.00390	0.11394
13	0.01961	0.01712	0.01812	0.01819	0.10879	0.08015	0.01263	0.15411	0.34369	0.03007	0.02409	0.02379	0.04022	0.00898	0.00699	0.00221	0.00682	0.00733	0.06644	0.01063
14	0.01587	0.01994	0.12434	0.04747	0.11869	0.01712	0.39765	0.02127	0.01577	0.02197	0.01522	0.06469	0.01281	0.00772	0.00917	0.00243	0.06643	0.00826	0.00366	0.00951
15	0.01466	0.01435	0.06407	0.05264	0.01970	0.01035	0.01034	0.01827	0.01475	0.02287	0.01266	0.01503	0.01038	0.00548	0.00548	0.00121	0.00588	0.00441	0.00407	0.69338
16	0.02286	0.01583	0.01642	0.01318	0.01751	0.04034	0.01068	0.41892	0.02654	0.06723	0.01933	0.02028	0.01421	0.00844	0.00642	0.00198	0.00649	0.00645	0.25668	0.01023
17	0.01038	0.00863	0.01400	0.06791	0.01694	0.00836	0.09733	0.01292	0.01531	0.02071	0.15630	0.46472	0.04308	0.01754	0.00872	0.00267	0.00545	0.01624	0.00617	0.00663
18	0.01200	0.00677	0.00953	0.02837	0.01073	0.00702	0.00681	0.01091	0.01099	0.01563	0.01842	0.14805	0.01903	0.02116	0.02076	0.49745	0.03316	0.00870	0.11016	0.00435
19	0.01451	0.01231	0.01364	0.01429	0.08794	0.07664	0.00967	0.04569	0.08486	0.05460	0.33668	0.04286	0.15263	0.01261	0.00785	0.00223	0.00536	0.01078	0.00673	0.00812
20	0.01066	0.00830	0.01038	0.01012	0.01246	0.00699	0.00721	0.01253	0.01400	0.01981	0.03059	0.50725	0.03519	0.01676	0.00785	0.00229	0.00450	0.01502	0.00583	0.26225
21	0.02568	0.07028	0.01801	0.01296	0.01793	0.01426	0.01072	0.16304	0.07871	0.36957	0.09124	0.02662	0.04952	0.00956	0.00713	0.00217	0.00614	0.00770	0.00771	0.01104
22	0.01645	0.05706	0.08670	0.01509	0.06958	0.01229	0.03352	0.03532	0.09999	0.13324	0.22940	0.09266	0.03385	0.04232	0.00877	0.00246	0.00602	0.00982	0.00641	0.00903
23	0.01021	0.00748	0.01068	0.01068	0.01168	0.00848	0.00795	0.01222	0.01122	0.01596	0.01977	0.03185	0.01949	0.19847	0.57878	0.01050	0.01654	0.00820	0.00392	0.00593
24	0.01712	0.01475	0.01612	0.01526	0.04589	0.01683	0.01135	0.03531	0.61330	0.02943	0.07999	0.02825	0.02480	0.00990	0.00733	0.00239	0.00558	0.00835	0.00714	0.01092
25	0.01036	0.00690	0.00777	0.00777	0.00777	0.00690	0.00431	0.01036	0.01036	0.01381	0.02244	0.04660	0.02589	0.74975	0.03624	0.00690	0.00690	0.01036	0.00431	0.00431
26	0.74070	0.01424	0.01130	0.00990	0.01441	0.01644	0.00816	0.07166	0.01376	0.03294	0.01047	0.01199	0.00805	0.00676	0.00462	0.00220	0.00569	0.00405	0.00462	0.00805
27	0.01666	0.01738	0.02165	0.01866	0.01902	0.09041	0.01540	0.01824	0.01181	0.01717	0.00951	0.01531	0.00933	0.01196	0.02171	0.00299	0.66572	0.00607	0.00317	0.00784
28	0.01625	0.01628	0.05396	0.11044	0.42133	0.03852	0.01913	0.02141	0.05575	0.02253	0.01833	0.02889	0.01667	0.00898	0.00752	0.00236	0.00831	0.11916	0.00421	0.00996
29	0.04410	0.64287	0.03444	0.01285	0.01849	0.09030	0.01229	0.02182	0.01480	0.01730	0.00998	0.01168	0.00910	0.00642	0.00531	0.00162	0.03054	0.00395	0.00315	0.00897
30	0.01294	0.01027	0.01563	0.06980	0.04687	0.01016	0.08568	0.07442	0.01620	0.04320	0.03006	0.46372	0.03328	0.01639	0.00841	0.00261	0.00605	0.01506	0.00591	0.03333
31	0.01566	0.01912	0.10131	0.05363	0.03294	0.01642	0.46672	0.02111	0.01593	0.02209	0.01560	0.06920	0.01305	0.00745	0.00857	0.00235	0.03812	0.00845	0.00377	0.06853
32	0.01479	0.01247	0.01350	0.01256	0.01586	0.01375	0.00982	0.02859	0.44884	0.02710	0.10472	0.04121	0.14507	0.01248	0.00779	0.00247	0.00514	0.06719	0.00714	0.00949
33	0.01327	0.00664	0.00664	0.00664	0.00830	0.00664	0.00498	0.01659	0.01493	0.02655	0.02323	0.02655	0.01825	0.00830	0.00498	0.00166	0.00332	0.00664	0.78928	0.00664
34	0.01643	0.01888	0.06081	0.09331	0.03651	0.01784	0.54005	0.02308	0.05510	0.02262	0.01489	0.01937	0.01121	0.00652	0.00857	0.00241	0.03111	0.00803	0.00374	0.00952
35	0.01447	0.01105	0.01412	0.01519	0.05633	0.01158	0.01193	0.10551	0.10467	0.02541	0.03367	0.08766	0.05549	0.01620	0.00891	0.00291	0.00652	0.40373	0.00655	0.00812
36	0.01211	0.00619	0.00921	0.00932	0.00935	0.00616	0.00621	0.00932	0.00958	0.01278	0.01425	0.07235	0.01480	0.02457	0.02652	0.73746	0.00604	0.00717	0.00334	0.00328
37	0.01017	0.00733	0.00969	0.00956	0.01115	0.00685	0.00733	0.01338	0.01924	0.02693	0.57206	0.10203	0.06247	0.01573	0.00863	0.00242	0.00382	0.09698	0.00759	0.00664
38	0.02477	0.12594	0.02296	0.01910	0.06914	0.52597	0.01406	0.02686	0.01881	0.04522	0.01164	0.01355	0.00966	0.00736	0.00689	0.00188	0.03896	0.00477	0.00376	0.00872
39	0.01504	0.01543	0.02984	0.29356	0.13368	0.01610	0.28810	0.01996	0.01552	0.02079	0.01552	0.07464	0.01317	0.00772	0.00778	0.00239	0.00996	0.00825	0.00366	0.00891
40	0.00860	0.00695	0.00764	0.00804	0.00987	0.00600	0.00581	0.01036	0.01581	0.01959	0.10600	0.24529	0.48732	0.01892	0.00859	0.00252	0.00373	0.01625	0.00669	0.00600
41	0.02566	0.06369	0.02159	0.01977	0.06974	0.61231	0.01425	0.05490	0.02021	0.01895	0.01138	0.01329	0.00944	0.00726	0.00641	0.00185	0.01210	0.00475	0.00378	0.00867
42	0.09924	0.17430	0.04107	0.01247	0.01720	0.01570	0.01085	0.07522	0.04412	0.25297	0.02064	0.07047	0.01636	0.01477	0.10045	0.00332	0.00818	0.00700	0.00594	0.00975
43	0.01862	0.01397	0.01648	0.08890	0.02025	0.01550	0.01146	0.33374	0.04102	0.03057	0.02106	0.12871	0.01952	0.10158	0.10181	0.00402	0.00873	0.00908	0.00589	0.00909
44	0.00870	0.00629	0.00823	0.00971	0.01029	0.00582	0.00654	0.01003	0.01398	0.01854	0.06000	0.68190	0.09004	0.02181	0.00903	0.00284	0.00408	0.01970	0.00664	0.00582
45	0.02089	0.10475	0.02134	0.02032	0.16301	0.24160	0.01345	0.05078	0.04676	0.08768	0.05230	0.02462	0.10483	0.00900	0.00682	0.00202	0.00853	0.00707	0.00492	0.00929
46	0.01316	0.01133	0.01808	0.05899	0.25697	0.01129	0.03428	0.01652	0.01609	0.02190	0.08779	0.16479	0.05795	0.01391	0.00837	0.00261	0.00671	0.18567	0.00536	0.00823
47	0.01531	0.15653	0.42566	0.02070	0.05540	0.01819	0.12163	0.02162	0.01517	0.02136	0.01407	0.05701	0.01159	0.00741	0.00678	0.00218	0.00979	0.00639	0.00333	0.00990
48	0.01706	0.04294	0.01569	0.01337	0.04310	0.01056	0.05222	0.02132	0.06484	0.19169	0.23224	0.04319	0.10360	0.03455	0.00879	0.00249	0.00560	0.08108	0.00701	0.00866
49	0.38892	0.03933	0.20122	0.01647	0.06032	0.01656	0.06563	0.02223	0.01398	0.06760	0.01227	0.01434	0.00919	0.00695	0.00645	0.00225	0.03808	0.00501	0.00410	0.00911
50	0.01345	0.01266	0.02136	0.73264	0.04904	0.01582	0.01978	0.01819	0.01424	0.01819	0.01266	0.01898	0.00949	0.00712	0.00712	0.00237	0.00949	0.00633	0.00316	0.00791
51	0.01477	0.01266	0.01477	0.01055	0.01687	0.00949	0.00844	0.01793	0.01477	0.02320	0.01266	0.01477	0.01055	0.00527	0.00527	0.00105	0.00527	0.00422	0.00422	0.79328
52	0.01694	0.01622	0.02766	0.15706	0.59735	0.01674	0.02151	0.02125	0.01589	0.02243	0.01327	0.01785	0.01099	0.00647	0.00706	0.00216	0.00863	0.00634	0.00347	0.01072
53	0.02666	0.03202	0.02034	0.01808	0.02202	0.62539	0.01373	0.11792	0.02200	0.02119	0.01184	0.01342	0.00957	0.00750	0.00652	0.00188	0.01216	0.00484	0.00414	0.00878
54	0.00868	0.00620	0.00826	0.00991	0.01033	0.00578	0.00661	0.00991	0.01363	0.01818	0.03925	0.74510	0.04710	0.02231	0.00909	0.00289	0.00413	0.02024	0.00661	0.00578

[dist]
# distance from previous block
# <min> <max>
0	6

[block]
# block no. 5 follows, 29 sequences, length 93
# corresponding to MSA columns:
# 216-308
name=unknown_F
#
# <colnr> <probs for GDERKNQSTAVLIFYWHMCP>
#	G	D	E	R	K	N	Q	S	T	A	V	L	I	F	Y	W	H	M	C	P
0	0.00891	0.00636	0.00853	0.01018	0.01069	0.00598	0.00701	0.01031	0.01386	0.01843	0.03912	0.69046	0.04659	0.02209	0.00915	0.00292	0.00433	0.07261	0.00661	0.00585
1	0.01001	0.00728	0.00942	0.00889	0.01060	0.00669	0.00667	0.01331	0.02000	0.02817	0.67576	0.05382	0.09324	0.01470	0.00840	0.00225	0.00337	0.01297	0.00779	0.00669
2	0.01024	0.00689	0.00798	0.00808	0.00817	0.00693	0.00468	0.01044	0.01061	0.01421	0.02333	0.08977	0.02683	0.67014	0.06771	0.00687	0.00732	0.01085	0.00444	0.00451
3	0.01001	0.00728	0.00942	0.00889	0.01060	0.00669	0.00667	0.01331	0.02000	0.02817	0.67576	0.05382	0.09324	0.01470	0.00840	0.00225	0.00337	0.01297	0.00779	0.00669
4	0.01913	0.02149	0.02128	0.01858	0.01976	0.24709	0.01499	0.02078	0.01389	0.01723	0.00988	0.01470	0.00929	0.01081	0.01791	0.00270	0.50354	0.00570	0.00329	0.00794
5	0.01477	0.01266	0.01477	0.01055	0.01687	0.00949	0.00844	0.01793	0.01477	0.02320	0.01266	0.01477	0.01055	0.00527	0.00527	0.00105	0.00527	0.00422	0.00422	0.79328
6	0.05276	0.01349	0.02182	0.26550	0.31158	0.01464	0.01818	0.01897	0.01530	0.02148	0.01800	0.05408	0.01680	0.00943	0.00749	0.00243	0.00819	0.11681	0.00407	0.00899
7	0.02707	0.01995	0.02137	0.01638	0.02208	0.02208	0.01353	0.68159	0.03348	0.04488	0.01710	0.01710	0.01211	0.00855	0.00712	0.00214	0.00784	0.00641	0.00712	0.01211
8	0.80005	0.01377	0.01047	0.00936	0.01377	0.01597	0.00771	0.02093	0.01212	0.03195	0.00991	0.01157	0.00771	0.00661	0.00441	0.00220	0.00551	0.00386	0.00441	0.00771
9	0.01762	0.01692	0.02890	0.04371	0.70533	0.01692	0.02185	0.02185	0.01621	0.02326	0.01339	0.01762	0.01128	0.00634	0.00705	0.00211	0.00846	0.00634	0.00352	0.01128
10	0.62258	0.01579	0.07246	0.01090	0.01600	0.01561	0.00981	0.04352	0.01396	0.10640	0.01240	0.01344	0.00906	0.00693	0.00500	0.00221	0.00608	0.00442	0.00486	0.00858
11	0.02218	0.02550	0.01769	0.01617	0.01931	0.45313	0.01218	0.08785	0.04419	0.02072	0.01939	0.13825	0.04458	0.01067	0.00768	0.00213	0.03745	0.00799	0.00472	0.00822
12	0.80005	0.01377	0.01047	0.00936	0.01377	0.01597	0.00771	0.02093	0.01212	0.03195	0.00991	0.01157	0.00771	0.00661	0.00441	0.00220	0.00551	0.00386	0.00441	0.00771
13	0.01507	0.01011	0.01311	0.10106	0.01749	0.01076	0.05034	0.10056	0.04146	0.02649	0.02134	0.07036	0.01765	0.00974	0.00712	0.03794	0.00547	0.00759	0.42874	0.00762
14	0.01624	0.01591	0.02417	0.36143	0.32099	0.06035	0.01982	0.02140	0.05110	0.02088	0.01372	0.01843	0.01087	0.00694	0.00705	0.00223	0.00906	0.00632	0.00356	0.00952
15	0.01422	0.01226	0.01280	0.01177	0.01487	0.03490	0.00904	0.02590	0.36726	0.02698	0.20604	0.04120	0.16863	0.01249	0.00774	0.00235	0.00489	0.01055	0.00715	0.00898
16	0.01237	0.00618	0.00928	0.00928	0.00928	0.00618	0.00618	0.00928	0.00928	0.01237	0.01237	0.02165	0.01237	0.02474	0.02783	0.79283	0.00618	0.00618	0.00309	0.00309
17	0.01433	0.07575	0.57189	0.06406	0.03044	0.01671	0.04718	0.02160	0.01495	0.02173	0.01394	0.05056	0.01096	0.00747	0.00683	0.00225	0.01003	0.00608	0.00321	0.01002
18	0.02213	0.01603	0.01694	0.01440	0.01886	0.05349	0.01140	0.13435	0.39556	0.16648	0.05324	0.02501	0.02062	0.00940	0.00721	0.00229	0.00634	0.00764	0.00737	0.01122
19	0.01001	0.00723	0.00946	0.00900	0.01062	0.00667	0.00671	0.01327	0.01984	0.02805	0.66951	0.08669	0.06621	0.01493	0.00843	0.00227	0.00340	0.01323	0.00778	0.00667
20	0.03081	0.01395	0.01766	0.01354	0.01909	0.01318	0.01118	0.18579	0.02344	0.55486	0.02552	0.02257	0.01634	0.00875	0.00715	0.00219	0.00647	0.00699	0.00842	0.01212
21	0.01536	0.01321	0.01649	0.01467	0.09690	0.01069	0.01026	0.03859	0.01557	0.02381	0.01378	0.01754	0.01178	0.00602	0.00570	0.00129	0.00577	0.02816	0.00431	0.65009
22	0.00997	0.00856	0.00870	0.00843	0.01110	0.00796	0.00639	0.01483	0.12901	0.02100	0.06494	0.06153	0.58892	0.01664	0.00822	0.00241	0.00395	0.01386	0.00672	0.00689
23	0.01036	0.00690	0.00777	0.00777	0.00777	0.00690	0.00431	0.01036	0.01036	0.01381	0.02244	0.04660	0.02589	0.74975	0.03624	0.00690	0.00690	0.01036	0.00431	0.00431
24	0.02097	0.01567	0.01723	0.04284	0.01938	0.01696	0.01140	0.44946	0.02717	0.03605	0.05523	0.08227	0.12255	0.03905	0.00861	0.00243	0.00676	0.00917	0.00677	0.01002
25	0.01450	0.01449	0.02696	0.47824	0.04320	0.01638	0.21257	0.01946	0.01490	0.01978	0.01339	0.01917	0.01015	0.00702	0.00800	0.00238	0.03572	0.00694	0.02839	0.00836
26	0.03195	0.01212	0.01652	0.01267	0.01818	0.01047	0.01047	0.03470	0.02038	0.71026	0.02809	0.02424	0.01763	0.00881	0.00716	0.00220	0.00606	0.00716	0.00881	0.01212
27	0.01775	0.01740	0.02799	0.08955	0.62948	0.04887	0.02134	0.02190	0.01626	0.02265	0.01324	0.01750	0.01106	0.00644	0.00703	0.00212	0.00873	0.00626	0.00351	0.01091
28	0.00990	0.00727	0.00927	0.00877	0.01053	0.00664	0.00658	0.01310	0.01974	0.02757	0.63481	0.05482	0.13457	0.01493	0.00840	0.00226	0.00339	0.01311	0.00771	0.00664
29	0.01931	0.02427	0.11710	0.09993	0.28194	0.22790	0.04609	0.02334	0.01679	0.02057	0.01235	0.01594	0.01005	0.00708	0.00774	0.00214	0.04859	0.00575	0.00344	0.00969
30	0.01822	0.01450	0.01575	0.01411	0.01805	0.01638	0.01110	0.05728	0.55978	0.07219	0.05959	0.03030	0.02429	0.01035	0.00743	0.00243	0.00568	0.04434	0.00733	0.01088
31	0.01757	0.01706	0.02972	0.04285	0.66369	0.01699	0.06284	0.02191	0.01625	0.02323	0.01346	0.01772	0.01125	0.00632	0.00713	0.00213	0.00868	0.00647	0.00353	0.01117
32	0.01008	0.00728	0.00952	0.00896	0.01064	0.00672	0.00672	0.01344	0.02016	0.02855	0.70158	0.05319	0.06719	0.01456	0.00840	0.00224	0.00336	0.01288	0.00784	0.00672
33	0.01144	0.00966	0.01011	0.00964	0.01235	0.00967	0.00727	0.01886	0.22407	0.02265	0.08444	0.07542	0.41612	0.04503	0.00920	0.00260	0.00437	0.01276	0.00677	0.00759
34	0.01008	0.00728	0.00952	0.00896	0.01064	0.00672	0.00672	0.01344	0.02016	0.02855	0.70158	0.05319	0.06719	0.01456	0.00840	0.00224	0.00336	0.01288	0.00784	0.00672
35	0.01771	0.01530	0.01610	0.01449	0.01852	0.01771	0.01127	0.03784	0.69247	0.02979	0.02898	0.02657	0.02174	0.00966	0.00725	0.00242	0.00564	0.00805	0.00725	0.01127
36	0.01484	0.03144	0.52570	0.02204	0.03142	0.01648	0.17986	0.02237	0.01545	0.02277	0.01359	0.01649	0.00982	0.00665	0.00708	0.00227	0.01058	0.00606	0.03495	0.01015
37	0.01345	0.01266	0.02136	0.73264	0.04904	0.01582	0.01978	0.01819	0.01424	0.01819	0.01266	0.01898	0.00949	0.00712	0.00712	0.00237	0.00949	0.00633	0.00316	0.00791
38	0.03195	0.01212	0.01652	0.01267	0.01818	0.01047	0.01047	0.03470	0.02038	0.71026	0.02809	0.02424	0.01763	0.00881	0.00716	0.00220	0.00606	0.00716	0.00881	0.01212
39	0.72779	0.01492	0.01144	0.01010	0.01454	0.04512	0.00826	0.05598	0.01357	0.03203	0.01034	0.01191	0.00800	0.00674	0.00463	0.00218	0.00593	0.00402	0.00452	0.00797
40	0.01589	0.01790	0.06711	0.02229	0.02512	0.02033	0.22195	0.01920	0.01297	0.01920	0.01111	0.01667	0.00978	0.01014	0.01779	0.00285	0.47109	0.00685	0.00326	0.00851
41	0.03195	0.01212	0.01652	0.01267	0.01818	0.01047	0.01047	0.03470	0.02038	0.71026	0.02809	0.02424	0.01763	0.00881	0.00716	0.00220	0.00606	0.00716	0.00881	0.01212
42	0.01016	0.00712	0.00860	0.03549	0.01011	0.00723	0.00558	0.01078	0.01128	0.01498	0.02643	0.12284	0.06467	0.54372	0.08627	0.00641	0.00750	0.01134	0.00461	0.00487
43	0.04112	0.67588	0.06878	0.01269	0.01877	0.02707	0.01284	0.02124	0.01432	0.01748	0.01002	0.01173	0.00910	0.00633	0.00524	0.00163	0.02959	0.00395	0.00309	0.00912
44	0.01118	0.00762	0.00996	0.00984	0.01168	0.00706	0.00769	0.01423	0.01871	0.05875	0.44803	0.10138	0.11205	0.01603	0.00866	0.00249	0.00417	0.13618	0.00746	0.00683
45	0.01119	0.00800	0.01112	0.01263	0.01418	0.00793	0.01083	0.01432	0.01643	0.02154	0.07919	0.12635	0.04305	0.01954	0.00969	0.00319	0.00618	0.57149	0.00664	0.00651
46	0.02643	0.01456	0.01773	0.01479	0.04225	0.01467	0.01155	0.23764	0.08880	0.34610	0.05201	0.06105	0.01961	0.00967	0.00730	0.00224	0.00645	0.00790	0.00779	0.01145
47	0.02704	0.01984	0.02093	0.01620	0.02177	0.04349	0.01332	0.60842	0.05127	0.07856	0.01782	0.01761	0.01258	0.00856	0.00711	0.00214	0.00784	0.00644	0.00711	0.01196
48	0.01232	0.00893	0.01012	0.00993	0.01260	0.00847	0.00785	0.01711	0.11467	0.07949	0.05437	0.09161	0.39520	0.01653	0.00843	0.00257	0.00467	0.13084	0.00688	0.00738
49	0.06697	0.01651	0.02130	0.01797	0.04992	0.01787	0.11364	0.15922	0.33713	0.08803	0.02260	0.02215	0.01659	0.00850	0.00721	0.00232	0.00718	0.00739	0.00648	0.01104
50	0.02526	0.06553	0.02120	0.01882	0.05739	0.55081	0.01383	0.09995	0.02105	0.02081	0.01363	0.01520	0.03084	0.00769	0.00650	0.00189	0.01152	0.00516	0.00411	0.00882
51	0.01596	0.01874	0.13161	0.16706	0.42003	0.01619	0.04131	0.02090	0.01569	0.02208	0.01456	0.02107	0.01226	0.00730	0.00722	0.00226	0.00897	0.04301	0.00355	0.01022
52	0.01481	0.09198	0.61806	0.02026	0.03023	0.01754	0.06591	0.02247	0.01510	0.02211	0.01265	0.01501	0.00914	0.00666	0.00670	0.00221	0.01039	0.00534	0.00305	0.01036
53	0.00868	0.00620	0.00826	0.00991	0.01033	0.00578	0.00661	0.00991	0.01363	0.01818	0.03925	0.74510	0.04710	0.02231	0.00909	0.00289	0.00413	0.02024	0.00661	0.00578
54	0.02120	0.02221	0.01927	0.05807	0.04920	0.28801	0.01350	0.16274	0.02037	0.02372	0.01992	0.02194	0.09451	0.01101	0.03093	0.00249	0.12071	0.00676	0.00465	0.00878
55	0.02512	0.01852	0.02125	0.01655	0.02191	0.02017	0.04804	0.55500	0.04845	0.06412	0.01932	0.04763	0.01498	0.00942	0.00738	0.00224	0.00774	0.03371	0.00696	0.01149
56	0.01036	0.00791	0.01181	0.01170	0.01293	0.00936	0.00914	0.01287	0.01142	0.01655	0.01873	0.02754	0.01750	0.05196	0.69687	0.01115	0.04442	0.00758	0.00379	0.00641
57	0.01904	0.75404	0.03731	0.01218	0.01828	0.02818	0.01218	0.02132	0.01447	0.01675	0.00990	0.01142	0.00914	0.00609	0.00457	0.00152	0.00761	0.00381	0.00305	0.00914
58	0.80005	0.01377	0.01047	0.00936	0.01377	0.01597	0.00771	0.02093	0.01212	0.03195	0.00991	0.01157	0.00771	0.00661	0.00441	0.00220	0.00551	0.00386	0.00441	0.00771
59	0.01030	0.00742	0.00905	0.00855	0.01058	0.00663	0.00645	0.01317	0.01897	0.04841	0.48786	0.05689	0.25861	0.01542	0.00836	0.00229	0.00352	0.01334	0.00750	0.00668
60	0.00932	0.00713	0.00854	0.00844	0.01023	0.00636	0.00623	0.01187	0.01800	0.02401	0.39886	0.13718	0.29463	0.01669	0.00848	0.00237	0.00354	0.01449	0.00726	0.00636
61	0.03195	0.01212	0.01652	0.01267	0.01818	0.01047	0.01047	0.03470	0.02038	0.71026	0.02809	0.02424	0.01763	0.00881	0.00716	0.00220	0.00606	0.00716	0.00881	0.01212
62	0.01008	0.00728	0.00952	0.00896	0.01064	0.00672	0.00672	0.01344	0.02016	0.02855	0.70158	0.05319	0.06719	0.01456	0.00840	0.00224	0.00336	0.01288	0.00784	0.00672
63	0.80005	0.01377	0.01047	0.00936	0.01377	0.01597	0.00771	0.02093	0.01212	0.03195	0.00991	0.01157	0.00771	0.00661	0.00441	0.00220	0.00551	0.00386	0.00441	0.00771
64	0.80005	0.01377	0.01047	0.00936	0.01377	0.01597	0.00771	0.02093	0.01212	0.03195	0.00991	0.01157	0.00771	0.00661	0.00441	0.00220	0.00551	0.00386	0.00441	0.00771
65	0.01904	0.75404	0.03731	0.01218	0.01828	0.02818	0.01218	0.02132	0.01447	0.01675	0.00990	0.01142	0.00914	0.00609	0.00457	0.00152	0.00761	0.00381	0.00305	0.00914
66	0.80005	0.01377	0.01047	0.00936	0.01377	0.01597	0.00771	0.02093	0.01212	0.03195	0.00991	0.01157	0.00771	0.00661	0.00441	0.00220	0.00551	0.00386	0.00441	0.00771
67	0.01025	0.00686	0.00780	0.00790	0.00793	0.00683	0.00446	0.01033	0.01056	0.01408	0.02348	0.09014	0.02721	0.70441	0.03455	0.00665	0.00673	0.01097	0.00446	0.00441
68	0.01036	0.00690	0.00777	0.00777	0.00777	0.00690	0.00431	0.01036	0.01036	0.01381	0.02244	0.04660	0.02589	0.74975	0.03624	0.00690	0.00690	0.01036	0.00431	0.00431
69	0.02660	0.03394	0.02018	0.01834	0.02201	0.72116	0.01376	0.02843	0.02018	0.01743	0.01101	0.01284	0.00917	0.00734	0.00642	0.00183	0.01284	0.00459	0.00367	0.00825
70	0.01428	0.03683	0.71286	0.02030	0.03082	0.01654	0.02631	0.02255	0.01503	0.02255	0.01278	0.01503	0.00902	0.00677	0.00677	0.00226	0.01052	0.00526	0.00301	0.01052
71	0.00853	0.00722	0.00737	0.00733	0.00969	0.00606	0.00550	0.01044	0.01650	0.01987	0.11480	0.06749	0.65938	0.01780	0.00841	0.00239	0.00359	0.01488	0.00670	0.00606
72	0.00867	0.00623	0.00823	0.00983	0.01031	0.00579	0.00657	0.00992	0.01371	0.01821	0.04027	0.72402	0.06752	0.02218	0.00907	0.00288	0.00411	0.02008	0.00661	0.00579
73	0.02660	0.03394	0.02018	0.01834	0.02201	0.72116	0.01376	0.02843	0.02018	0.01743	0.01101	0.01284	0.00917	0.00734	0.00642	0.00183	0.01284	0.00459	0.00367	0.00825
74	0.80005	0.01377	0.01047	0.00936	0.01377	0.01597	0.00771	0.02093	0.01212	0.03195	0.00991	0.01157	0.00771	0.00661	0.00441	0.00220	0.00551	0.00386	0.00441	0.00771
75	0.00965	0.00681	0.00859	0.00916	0.00965	0.00685	0.00600	0.01064	0.01196	0.01607	0.02997	0.28339	0.06441	0.33600	0.15277	0.00615	0.00805	0.01346	0.00512	0.00528
76	0.00868	0.00620	0.00826	0.00991	0.01033	0.00578	0.00661	0.00991	0.01363	0.01818	0.03925	0.74510	0.04710	0.02231	0.00909	0.00289	0.00413	0.02024	0.00661	0.00578
77	0.01569	0.01168	0.01367	0.03646	0.01615	0.01243	0.00971	0.24160	0.06275	0.02803	0.03015	0.42722	0.03230	0.01631	0.00824	0.00259	0.00567	0.01429	0.00671	0.00836
78	0.02446	0.01825	0.01980	0.01526	0.02077	0.01954	0.01249	0.55758	0.02993	0.04058	0.01767	0.05507	0.01374	0.00883	0.00698	0.00203	0.00730	0.00685	0.00671	0.11617
79	0.01339	0.01232	0.02072	0.69460	0.04695	0.01531	0.01906	0.01772	0.01398	0.01789	0.01264	0.01912	0.00964	0.00805	0.00821	0.04394	0.00932	0.00632	0.00316	0.00766
80	0.01298	0.01180	0.01627	0.01484	0.01504	0.01541	0.01170	0.01436	0.01148	0.01692	0.01830	0.18032	0.02032	0.10577	0.08215	0.00424	0.42729	0.00991	0.00408	0.00681
81	0.01695	0.01701	0.05246	0.07281	0.62268	0.01640	0.02130	0.02122	0.01598	0.02280	0.01439	0.04733	0.01258	0.00705	0.00713	0.00216	0.00840	0.00687	0.00362	0.01087
82	0.02558	0.01203	0.01516	0.01214	0.01667	0.01138	0.00984	0.10544	0.06330	0.42873	0.12903	0.02816	0.02484	0.00967	0.00717	0.00217	0.00560	0.00796	0.07438	0.01078
83	0.01697	0.01426	0.01734	0.04676	0.06219	0.01285	0.01093	0.12883	0.01780	0.02635	0.01331	0.01556	0.01076	0.00626	0.00652	0.00145	0.03599	0.00490	0.00457	0.54644
84	0.01016	0.00763	0.01085	0.01102	0.01191	0.00865	0.00819	0.01209	0.01169	0.01652	0.02282	0.16355	0.02391	0.13455	0.46950	0.00889	0.04737	0.01027	0.00437	0.00606
85	0.01477	0.01266	0.01477	0.01055	0.01687	0.00949	0.00844	0.01793	0.01477	0.02320	0.01266	0.01477	0.01055	0.00527	0.00527	0.00105	0.00527	0.00422	0.00422	0.79328
86	0.01477	0.01266	0.01477	0.01055	0.01687	0.00949	0.00844	0.01793	0.01477	0.02320	0.01266	0.01477	0.01055	0.00527	0.00527	0.00105	0.00527	0.00422	0.00422	0.79328
87	0.02327	0.01542	0.01740	0.05373	0.02023	0.03451	0.01164	0.26140	0.15067	0.19226	0.06617	0.02578	0.04109	0.04309	0.00858	0.00244	0.00677	0.00770	0.00713	0.01073
88	0.01477	0.01266	0.01477	0.01055	0.01687	0.00949	0.00844	0.01793	0.01477	0.02320	0.01266	0.01477	0.01055	0.00527	0.00527	0.00105	0.00527	0.00422	0.00422	0.79328
89	0.02402	0.01732	0.04506	0.01585	0.04808	0.01712	0.01274	0.32538	0.12058	0.16019	0.01986	0.01936	0.01412	0.00813	0.00687	0.00204	0.00696	0.00642	0.00674	0.12316
90	0.07419	0.58140	0.14805	0.01333	0.02005	0.02536	0.01422	0.02150	0.01439	0.01881	0.01038	0.01204	0.00902	0.00624	0.00492	0.00169	0.00795	0.00405	0.00314	0.00927
91	0.01295	0.04506	0.01138	0.00965	0.01116	0.01006	0.00665	0.11731	0.01537	0.02016	0.02886	0.15894	0.09548	0.40012	0.02272	0.00476	0.00629	0.01154	0.00532	0.00620
92	0.04552	0.01401	0.04542	0.01156	0.01406	0.12754	0.00909	0.04043	0.04229	0.02190	0.15062	0.15379	0.13895	0.09972	0.01117	0.00291	0.00639	0.05174	0.00585	0.00702

[dist]
# distance from previous block
# <min> <max>
0	4

[block]
# block no. 6 follows, 29 sequences, length 11
# corresponding to MSA columns:
# 313-323
name=unknown_G
#
# <colnr> <probs for GDERKNQSTAVLIFYWHMCP>
#	G	D	E	R	K	N	Q	S	T	A	V	L	I	F	Y	W	H	M	C	P
0	0.14256	0.14583	0.02132	0.01710	0.09751	0.15871	0.01246	0.15065	0.07144	0.02729	0.01458	0.01606	0.01153	0.00739	0.00593	0.00196	0.00793	0.00534	0.07490	0.00950
1	0.01995	0.18268	0.14988	0.09267	0.05434	0.28795	0.01638	0.02401	0.03560	0.01885	0.01226	0.01490	0.01003	0.00918	0.04061	0.00239	0.01087	0.00504	0.00346	0.00894
2	0.40678	0.10229	0.09141	0.04373	0.01928	0.01794	0.01181	0.12759	0.01664	0.05557	0.01228	0.01374	0.00929	0.00693	0.00537	0.00208	0.00685	0.00466	0.00464	0.04114
3	0.02239	0.14356	0.06569	0.01536	0.02026	0.23365	0.01314	0.23614	0.02241	0.02700	0.01751	0.01873	0.05333	0.00999	0.03446	0.00231	0.00948	0.00594	0.03912	0.00951
4	0.10806	0.01341	0.01473	0.01227	0.01604	0.01419	0.00959	0.23804	0.06199	0.08733	0.06069	0.05841	0.02004	0.12780	0.06650	0.00359	0.00739	0.00785	0.00608	0.06599
5	0.01703	0.01348	0.01427	0.01247	0.01590	0.04985	0.00956	0.23404	0.04523	0.02845	0.02718	0.27637	0.05631	0.01334	0.00749	0.00224	0.00596	0.01135	0.04050	0.11899
6	0.01217	0.07147	0.01270	0.01002	0.01249	0.06372	0.00787	0.01513	0.01884	0.02510	0.45981	0.04806	0.12575	0.01355	0.00787	0.00217	0.00470	0.04238	0.00677	0.03943
7	0.01580	0.01666	0.07197	0.04743	0.02012	0.07572	0.03465	0.01937	0.04968	0.04536	0.03341	0.12995	0.01767	0.01167	0.01352	0.00254	0.29013	0.00833	0.00437	0.09166
8	0.01884	0.35839	0.12847	0.01546	0.04905	0.09922	0.01425	0.02203	0.01579	0.07219	0.05023	0.06074	0.01527	0.00830	0.00680	0.00194	0.04374	0.00608	0.00405	0.00916
9	0.05659	0.04375	0.04781	0.01468	0.06029	0.01377	0.03222	0.11487	0.08156	0.10048	0.06472	0.02384	0.06934	0.00835	0.00656	0.00187	0.00624	0.00686	0.00566	0.24056
10	0.12551	0.18523	0.06639	0.04458	0.02141	0.29801	0.01338	0.05789	0.06987	0.03776	0.01288	0.01428	0.01028	0.00720	0.00591	0.00193	0.00949	0.00485	0.00413	0.00902

[dist]
# distance from previous block
# <min> <max>
13	41

[block]
# block no. 7 follows, 29 sequences, length 28
# corresponding to MSA columns:
# 368-395
name=unknown_H
#
# <colnr> <probs for GDERKNQSTAVLIFYWHMCP>
#	G	D	E	R	K	N	Q	S	T	A	V	L	I	F	Y	W	H	M	C	P
0	0.06694	0.35186	0.10505	0.01302	0.01863	0.09255	0.01257	0.02247	0.03758	0.08688	0.02135	0.02164	0.10622	0.00836	0.00588	0.00190	0.00759	0.00608	0.00438	0.00905
1	0.01579	0.09339	0.33065	0.05139	0.08695	0.01832	0.22163	0.02202	0.01538	0.02172	0.01288	0.01636	0.00979	0.00674	0.00794	0.00227	0.04735	0.00626	0.00324	0.00994
2	0.06692	0.48372	0.10325	0.01385	0.01988	0.02327	0.04152	0.02207	0.01471	0.07537	0.01226	0.01405	0.01018	0.00867	0.03671	0.00222	0.03370	0.00468	0.00366	0.00929
3	0.01736	0.03225	0.01614	0.03918	0.01803	0.01244	0.03300	0.15822	0.04016	0.09064	0.06247	0.15303	0.07400	0.01106	0.00715	0.00203	0.00592	0.00944	0.00607	0.21143
4	0.01655	0.25614	0.40066	0.01955	0.06267	0.04688	0.06131	0.02237	0.01522	0.02062	0.01195	0.01423	0.00929	0.00651	0.00619	0.00201	0.00969	0.00504	0.00311	0.00999
5	0.01208	0.00955	0.01093	0.01050	0.01091	0.03977	0.00731	0.01297	0.01170	0.01613	0.02139	0.08224	0.02354	0.43879	0.05072	0.00541	0.13157	0.03927	0.05972	0.00550
6	0.01899	0.01476	0.01651	0.01264	0.01791	0.01411	0.01007	0.28186	0.02186	0.03088	0.01675	0.06276	0.01450	0.06018	0.00843	0.00201	0.00634	0.00651	0.00553	0.37741
7	0.01103	0.00731	0.00891	0.03600	0.01077	0.00710	0.00596	0.01204	0.01303	0.05191	0.08622	0.18031	0.10066	0.41109	0.02339	0.00489	0.00581	0.01260	0.00546	0.00550
8	0.01646	0.01343	0.01531	0.01151	0.01709	0.01165	0.00912	0.12731	0.04678	0.02639	0.01560	0.04501	0.01345	0.04443	0.00738	0.00166	0.00575	0.00566	0.00492	0.56109
9	0.13372	0.02638	0.04567	0.01947	0.08880	0.38709	0.01429	0.10204	0.01926	0.02344	0.01173	0.01394	0.00953	0.00767	0.00766	0.00207	0.06915	0.00503	0.00409	0.00898
10	0.07888	0.03160	0.54325	0.01957	0.02882	0.01643	0.07307	0.02368	0.04951	0.04982	0.01407	0.01601	0.01002	0.00692	0.00674	0.00227	0.00981	0.00560	0.00360	0.01032
11	0.06240	0.01427	0.06910	0.32401	0.13302	0.01465	0.04155	0.01775	0.01362	0.01937	0.01330	0.02042	0.01122	0.01053	0.01141	0.13098	0.05241	0.02880	0.00340	0.00781
12	0.01098	0.00783	0.00900	0.00840	0.00951	0.00726	0.00519	0.01161	0.01135	0.01574	0.02204	0.09394	0.02487	0.56785	0.02891	0.00560	0.00642	0.01006	0.00447	0.13895
13	0.01345	0.01266	0.02136	0.73264	0.04904	0.01582	0.01978	0.01819	0.01424	0.01819	0.01266	0.01898	0.00949	0.00712	0.00712	0.00237	0.00949	0.00633	0.00316	0.00791
