[name]
unknown

[dist]
# distance from previous block
# <min> <max>
62	94

[block]
# block no. 0 follows, 27 sequences, length 13
# corresponding to MSA columns:
# 101-113
name=unknown_A
#
# <colnr> <probs for GDERKNQSTAVLIFYWHMCP>
#	G	D	E	R	K	N	Q	S	T	A	V	L	I	F	Y	W	H	M	C	P
0	0.08539	0.01837	0.02110	0.13717	0.08691	0.05306	0.01505	0.30922	0.09439	0.07949	0.01786	0.01906	0.01301	0.00837	0.00717	0.00229	0.00821	0.00659	0.00612	0.01116
1	0.17865	0.01653	0.02015	0.20693	0.02902	0.01863	0.03986	0.25570	0.05490	0.08519	0.01643	0.01834	0.01184	0.00807	0.00691	0.00234	0.00806	0.00635	0.00573	0.01036
2	0.01530	0.01388	0.02227	0.65763	0.04859	0.01708	0.02003	0.07762	0.01666	0.02148	0.01361	0.01961	0.01014	0.00756	0.00742	0.00245	0.00974	0.00661	0.00367	0.00864
3	0.01409	0.01317	0.02210	0.64889	0.08501	0.01610	0.02008	0.01894	0.01526	0.01979	0.04612	0.02145	0.01293	0.00775	0.00748	0.00245	0.00952	0.00693	0.00356	0.00838
4	0.04887	0.00858	0.01067	0.00966	0.01204	0.00795	0.00730	0.01699	0.01955	0.12300	0.46284	0.05000	0.10800	0.06941	0.01060	0.00271	0.00431	0.01214	0.00777	0.00760
5	0.01088	0.00831	0.01225	0.01210	0.01330	0.00981	0.00937	0.01335	0.01185	0.01712	0.01958	0.02951	0.01856	0.08728	0.64449	0.01129	0.05237	0.00803	0.00397	0.00659
6	0.01716	0.01629	0.02436	0.37684	0.21691	0.04870	0.03772	0.05910	0.08516	0.02329	0.01538	0.01983	0.01188	0.00754	0.00742	0.00237	0.00933	0.00677	0.00410	0.00986
7	0.01608	0.06673	0.44875	0.02286	0.03221	0.01832	0.18802	0.02473	0.06668	0.02386	0.01489	0.01751	0.01089	0.00705	0.00741	0.00236	0.01083	0.00647	0.00363	0.01072
8	0.02927	0.01912	0.02124	0.01629	0.02219	0.02053	0.01345	0.53826	0.03210	0.18053	0.02018	0.01935	0.01381	0.00897	0.00743	0.00224	0.00779	0.00684	0.00779	0.01263
9	0.01733	0.02137	0.09185	0.03055	0.03831	0.01866	0.61913	0.02376	0.01739	0.02376	0.01489	0.01971	0.01113	0.00632	0.00864	0.00249	0.01240	0.00852	0.00371	0.01008
10	0.18018	0.01510	0.01678	0.01328	0.01864	0.01538	0.01087	0.19891	0.05510	0.27470	0.05416	0.02152	0.01701	0.00872	0.00680	0.00220	0.00647	0.00668	0.00731	0.07020
11	0.01904	0.10632	0.19249	0.02235	0.05108	0.03885	0.23200	0.02436	0.01731	0.11216	0.06160	0.02072	0.01547	0.00785	0.00839	0.00233	0.04563	0.00726	0.00453	0.01025
12	0.08140	0.01863	0.02045	0.01623	0.02154	0.07863	0.05593	0.30068	0.07225	0.15732	0.02063	0.05929	0.01568	0.00929	0.00730	0.00226	0.00792	0.00745	0.00685	0.04026

[dist]
# distance from previous block
# <min> <max>
5	9

[block]
# block no. 1 follows, 27 sequences, length 18
# corresponding to MSA columns:
# 123-140
name=unknown_B
#
# <colnr> <probs for GDERKNQSTAVLIFYWHMCP>
#	G	D	E	R	K	N	Q	S	T	A	V	L	I	F	Y	W	H	M	C	P
0	0.01821	0.14338	0.03405	0.07421	0.40525	0.01984	0.15431	0.02268	0.01660	0.02269	0.01351	0.01768	0.01117	0.00654	0.00720	0.00217	0.00949	0.00660	0.00358	0.01082
1	0.01667	0.02336	0.18173	0.08730	0.03842	0.01826	0.47563	0.02332	0.01690	0.02332	0.01450	0.01908	0.01075	0.00653	0.00828	0.00247	0.01197	0.00788	0.00358	0.01007
2	0.00903	0.00744	0.00793	0.00800	0.01023	0.00634	0.00593	0.01107	0.01723	0.02125	0.15382	0.12580	0.55285	0.01870	0.00883	0.00253	0.00377	0.01583	0.00706	0.00634
3	0.03115	0.01258	0.01684	0.01306	0.01848	0.01114	0.01073	0.06342	0.02186	0.61162	0.08436	0.02747	0.02247	0.00968	0.00757	0.00230	0.00616	0.00793	0.00902	0.01216
4	0.02741	0.02129	0.02145	0.01693	0.02251	0.08167	0.01378	0.52842	0.09617	0.06630	0.01890	0.01867	0.01355	0.00893	0.00738	0.00223	0.00833	0.00671	0.00719	0.01219
5	0.01596	0.01206	0.01278	0.01135	0.01343	0.03623	0.00804	0.16732	0.07060	0.02541	0.10414	0.06130	0.02866	0.37470	0.02279	0.00476	0.00699	0.01009	0.00592	0.00746
6	0.01112	0.00768	0.00991	0.00936	0.01113	0.00707	0.00694	0.01427	0.02008	0.04930	0.58442	0.07922	0.09183	0.05263	0.01023	0.00262	0.00382	0.01347	0.00791	0.00699
7	0.08088	0.00859	0.01071	0.01026	0.01245	0.00817	0.00774	0.01671	0.01859	0.11259	0.37172	0.20704	0.05222	0.01577	0.00845	0.00252	0.00436	0.03600	0.00765	0.00758
8	0.01539	0.01319	0.01539	0.01100	0.01759	0.00990	0.00880	0.01869	0.01539	0.02419	0.01319	0.01539	0.01100	0.00550	0.00550	0.00110	0.00550	0.00440	0.00440	0.78449
9	0.02353	0.01057	0.01394	0.01151	0.01538	0.00930	0.00892	0.02595	0.01875	0.40298	0.12712	0.09411	0.02966	0.11977	0.01224	0.00303	0.00581	0.00987	0.00789	0.04967
10	0.60063	0.01437	0.01278	0.01084	0.01574	0.01588	0.00894	0.06030	0.01555	0.16447	0.01447	0.01497	0.01032	0.00745	0.00531	0.00229	0.00599	0.00484	0.00565	0.00919
11	0.02063	0.01242	0.01496	0.01270	0.01642	0.01249	0.00998	0.17026	0.08167	0.19567	0.22777	0.12972	0.03726	0.01294	0.00813	0.00241	0.00557	0.01103	0.00802	0.00995
12	0.01064	0.00713	0.00814	0.00829	0.00833	0.00710	0.00471	0.01076	0.01109	0.01479	0.02491	0.10806	0.02891	0.67701	0.03533	0.00683	0.00695	0.01169	0.00471	0.00463
13	0.01220	0.00780	0.00995	0.00953	0.01123	0.00718	0.00688	0.01473	0.01833	0.08324	0.40463	0.15043	0.09546	0.11977	0.01291	0.00314	0.00441	0.01378	0.00747	0.00695
14	0.02125	0.01030	0.01346	0.01121	0.01496	0.00925	0.00890	0.04598	0.02129	0.33054	0.32369	0.04176	0.09059	0.01253	0.00813	0.00233	0.00495	0.01068	0.00851	0.00968
15	0.01217	0.00792	0.01002	0.00949	0.01160	0.00712	0.00711	0.01505	0.01946	0.08999	0.43494	0.13812	0.17631	0.01626	0.00872	0.00245	0.00391	0.01421	0.00788	0.00728
16	0.02015	0.01678	0.01774	0.01545	0.01995	0.01925	0.01216	0.14811	0.56797	0.03377	0.02807	0.02599	0.02093	0.00987	0.00753	0.00247	0.00627	0.00810	0.00753	0.01190
17	0.01069	0.00715	0.00813	0.00824	0.00826	0.00712	0.00465	0.01077	0.01101	0.01468	0.02448	0.09118	0.02836	0.69463	0.03603	0.00694	0.00702	0.01144	0.00465	0.00459

[dist]
# distance from previous block
# <min> <max>
0	1

[block]
# block no. 2 follows, 27 sequences, length 13
# corresponding to MSA columns:
# 142-154
name=unknown_C
#
# <colnr> <probs for GDERKNQSTAVLIFYWHMCP>
#	G	D	E	R	K	N	Q	S	T	A	V	L	I	F	Y	W	H	M	C	P
0	0.00924	0.00674	0.00875	0.01028	0.01104	0.00625	0.00714	0.01076	0.01474	0.01932	0.04464	0.61012	0.12042	0.02255	0.00946	0.00299	0.00444	0.06814	0.00689	0.00612
1	0.01289	0.00645	0.00967	0.00967	0.00967	0.00645	0.00645	0.00967	0.00967	0.01289	0.01289	0.02257	0.01289	0.02579	0.02901	0.78401	0.00645	0.00645	0.00322	0.00322
2	0.01812	0.01738	0.02967	0.08492	0.65543	0.01757	0.02266	0.02256	0.01678	0.02395	0.01392	0.01846	0.01165	0.00666	0.00735	0.00222	0.00888	0.00661	0.00365	0.01155
3	0.00934	0.00668	0.00887	0.01014	0.01083	0.00622	0.00691	0.01107	0.01557	0.02110	0.16976	0.59928	0.05326	0.02165	0.00933	0.00288	0.00415	0.01958	0.00715	0.00622
4	0.01051	0.00759	0.00992	0.00934	0.01109	0.00700	0.00700	0.01401	0.02101	0.02977	0.68888	0.05545	0.07005	0.01518	0.00876	0.00233	0.00350	0.01343	0.00817	0.00700
5	0.08789	0.06938	0.60483	0.01969	0.02985	0.01776	0.02492	0.02329	0.01536	0.02414	0.01290	0.01516	0.00928	0.00700	0.00671	0.00231	0.01034	0.00528	0.00327	0.01063
6	0.01787	0.01700	0.02891	0.07548	0.63086	0.01715	0.02217	0.02226	0.01682	0.02391	0.01513	0.02154	0.01314	0.00731	0.00749	0.00227	0.00878	0.03675	0.00381	0.01136
7	0.00962	0.00710	0.00846	0.00908	0.01016	0.00654	0.00620	0.01109	0.01502	0.01951	0.11609	0.30690	0.21998	0.18017	0.01553	0.00375	0.00480	0.03761	0.00650	0.00589
8	0.01002	0.00726	0.00964	0.01109	0.01217	0.00689	0.00838	0.01214	0.01571	0.02066	0.07881	0.43761	0.10215	0.02158	0.00962	0.00306	0.00501	0.21489	0.00694	0.00636
9	0.01490	0.01134	0.01478	0.07261	0.01871	0.01181	0.02995	0.15950	0.02119	0.02843	0.17882	0.17933	0.06610	0.01568	0.00880	0.00269	0.00620	0.14407	0.00689	0.00819
10	0.01585	0.01376	0.01673	0.01418	0.07451	0.01113	0.01018	0.02046	0.06090	0.02466	0.01442	0.01649	0.01186	0.00590	0.00579	0.00129	0.00580	0.00486	0.00455	0.66667
11	0.01803	0.01729	0.02647	0.05975	0.51207	0.04477	0.01975	0.02335	0.06234	0.02453	0.04440	0.02022	0.01484	0.00720	0.00724	0.00214	0.00833	0.00677	0.00419	0.07631
12	0.01912	0.01586	0.01983	0.05433	0.07341	0.01475	0.03651	0.19594	0.02087	0.03005	0.01458	0.01669	0.01145	0.00664	0.00639	0.00162	0.00698	0.00547	0.00508	0.44443

[dist]
# distance from previous block
# <min> <max>
3	12

[block]
# block no. 3 follows, 27 sequences, length 236
# corresponding to MSA columns:
# 167-252,303-452
name=unknown_D
#
# <colnr> <probs for GDERKNQSTAVLIFYWHMCP>
#	G	D	E	R	K	N	Q	S	T	A	V	L	I	F	Y	W	H	M	C	P
0	0.02274	0.01825	0.02295	0.02220	0.15663	0.01909	0.04175	0.36160	0.06819	0.03627	0.01809	0.04821	0.01435	0.00858	0.00731	0.00214	0.00783	0.00717	0.00612	0.11053
1	0.02207	0.01782	0.04256	0.01518	0.02131	0.01719	0.03177	0.29771	0.11515	0.06380	0.01825	0.01869	0.01356	0.00781	0.00683	0.00191	0.00711	0.00621	0.00626	0.26882
2	0.07867	0.01738	0.01937	0.01566	0.02093	0.01896	0.03426	0.27774	0.26652	0.10478	0.02270	0.02176	0.01644	0.00898	0.00724	0.00231	0.00700	0.00717	0.00720	0.04493
3	0.04277	0.02150	0.15099	0.02773	0.11775	0.01691	0.35797	0.02260	0.01693	0.02444	0.04664	0.02006	0.01369	0.00682	0.00784	0.00229	0.01047	0.00758	0.00394	0.08108
4	0.71208	0.01582	0.04941	0.01210	0.04792	0.01673	0.00980	0.02196	0.01300	0.03234	0.01067	0.01256	0.00829	0.00689	0.00486	0.00230	0.00618	0.00422	0.00447	0.00838
5	0.01170	0.00927	0.01098	0.01160	0.01318	0.04145	0.00896	0.01530	0.04951	0.02400	0.25293	0.25688	0.05106	0.01842	0.00923	0.00283	0.00527	0.19327	0.00718	0.00698
6	0.01993	0.02059	0.02862	0.04116	0.58121	0.13286	0.02138	0.02393	0.01759	0.02324	0.01355	0.01754	0.01139	0.00679	0.00724	0.00216	0.00958	0.00631	0.00370	0.01123
7	0.01286	0.00654	0.00977	0.00984	0.00991	0.00654	0.00668	0.00991	0.00998	0.01329	0.01400	0.02513	0.01414	0.02557	0.02823	0.75134	0.00646	0.03308	0.00337	0.00337
8	0.02691	0.01977	0.02121	0.01641	0.02190	0.02183	0.01339	0.61861	0.03309	0.04435	0.01824	0.02014	0.01371	0.06383	0.00971	0.00260	0.00810	0.00699	0.00721	0.01201
9	0.01017	0.00733	0.00807	0.00802	0.00892	0.00690	0.00504	0.01101	0.01346	0.01734	0.09300	0.05600	0.22924	0.46429	0.02673	0.00540	0.00587	0.01247	0.00552	0.00523
10	0.17173	0.01341	0.01617	0.01273	0.01811	0.01280	0.01048	0.08429	0.02077	0.49418	0.05246	0.02349	0.01816	0.00899	0.00699	0.00229	0.00624	0.00702	0.00815	0.01155
11	0.02854	0.01278	0.01674	0.01262	0.01859	0.01064	0.01035	0.03153	0.01969	0.51870	0.02501	0.02264	0.01641	0.00821	0.00694	0.00198	0.00610	0.00665	0.00791	0.21797
12	0.79154	0.01436	0.01091	0.00976	0.01436	0.01665	0.00804	0.02182	0.01263	0.03331	0.01034	0.01206	0.00804	0.00689	0.00459	0.00230	0.00574	0.00402	0.00459	0.00804
13	0.01907	0.01608	0.01695	0.01496	0.01927	0.01838	0.01172	0.10723	0.57664	0.03226	0.03101	0.02871	0.05361	0.01036	0.00760	0.00249	0.00603	0.00855	0.00751	0.01158
14	0.02773	0.03538	0.02104	0.01913	0.02295	0.70930	0.01434	0.02964	0.02104	0.01817	0.01148	0.01339	0.00956	0.00765	0.00669	0.00191	0.01339	0.00478	0.00383	0.00861
15	0.00904	0.00646	0.00861	0.01034	0.01077	0.00603	0.00689	0.01034	0.01421	0.01895	0.04092	0.73426	0.04910	0.02326	0.00948	0.00301	0.00431	0.02110	0.00689	0.00603
16	0.00946	0.00671	0.00887	0.01043	0.01094	0.00636	0.00713	0.01083	0.01416	0.01883	0.03918	0.61384	0.04653	0.08785	0.01211	0.00343	0.00480	0.07590	0.00667	0.00596
17	0.02171	0.01751	0.02316	0.01845	0.05971	0.01713	0.10709	0.27797	0.04613	0.05827	0.01650	0.01797	0.01239	0.00731	0.00698	0.00190	0.00780	0.00630	0.00575	0.27000
18	0.55928	0.05283	0.01682	0.01323	0.01812	0.10640	0.06518	0.04981	0.01517	0.03036	0.01119	0.01314	0.00877	0.00699	0.00534	0.00223	0.00750	0.00463	0.00447	0.00854
19	0.01026	0.00704	0.00855	0.00919	0.00950	0.00687	0.00580	0.01101	0.01265	0.01690	0.05410	0.28022	0.03680	0.43430	0.02576	0.00542	0.00608	0.04878	0.00556	0.00523
20	0.36478	0.01501	0.01535	0.01380	0.04620	0.01633	0.01060	0.08702	0.14907	0.18382	0.01939	0.01894	0.01385	0.00821	0.00620	0.00233	0.00625	0.00602	0.00644	0.01039
21	0.05995	0.01482	0.06951	0.01449	0.02050	0.01187	0.04755	0.03303	0.02028	0.55542	0.05508	0.02505	0.01914	0.00904	0.00745	0.00231	0.00686	0.00751	0.00821	0.01194
22	0.01837	0.01764	0.03013	0.04557	0.69279	0.01764	0.02278	0.02278	0.01690	0.02425	0.01396	0.01837	0.01176	0.00661	0.00735	0.00220	0.00882	0.00661	0.00367	0.01176
23	0.00932	0.00748	0.00823	0.00814	0.01027	0.00649	0.00601	0.01154	0.01768	0.02239	0.23565	0.09244	0.47466	0.04469	0.00987	0.00265	0.00384	0.01510	0.00715	0.00639
24	0.01685	0.33878	0.39033	0.01703	0.02559	0.02203	0.02023	0.02246	0.01523	0.02057	0.01244	0.01536	0.01015	0.03559	0.00728	0.00222	0.00953	0.00505	0.00321	0.01010
25	0.01463	0.01352	0.02227	0.69082	0.04991	0.01678	0.02034	0.04703	0.01571	0.02017	0.01339	0.01971	0.01001	0.00749	0.00742	0.00246	0.00982	0.00660	0.00348	0.00844
26	0.01566	0.07333	0.53996	0.02262	0.03268	0.01819	0.14775	0.02349	0.01599	0.02323	0.01348	0.01629	0.00976	0.00686	0.00725	0.00234	0.01110	0.00602	0.00325	0.01071
27	0.02919	0.01965	0.02126	0.01639	0.02223	0.04116	0.01350	0.52671	0.03185	0.17194	0.01985	0.01913	0.01365	0.00893	0.00741	0.00223	0.00797	0.00678	0.00766	0.01251
28	0.01837	0.01764	0.03013	0.04557	0.69279	0.01764	0.02278	0.02278	0.01690	0.02425	0.01396	0.01837	0.01176	0.00661	0.00735	0.00220	0.00882	0.00661	0.00367	0.01176
29	0.01347	0.01338	0.02601	0.02077	0.02459	0.01286	0.31995	0.01721	0.01577	0.02131	0.02728	0.34225	0.02929	0.01467	0.00979	0.00280	0.03835	0.03697	0.00525	0.00803
30	0.01688	0.01584	0.02533	0.27434	0.36579	0.01737	0.02031	0.02407	0.11971	0.02349	0.01624	0.02032	0.01282	0.00743	0.00741	0.00235	0.00873	0.00689	0.00415	0.01054
31	0.00903	0.00650	0.00857	0.01024	0.01074	0.00604	0.00685	0.01035	0.01431	0.01899	0.04215	0.71045	0.07211	0.02310	0.00945	0.00300	0.00429	0.02091	0.00689	0.00604
32	0.02696	0.10428	0.02278	0.01850	0.02257	0.64315	0.01418	0.02892	0.02046	0.01810	0.01136	0.01324	0.00956	0.00752	0.00651	0.00188	0.01286	0.00470	0.00376	0.00870
33	0.01656	0.27600	0.47767	0.01831	0.02772	0.02133	0.02247	0.02308	0.01547	0.02147	0.01231	0.01440	0.00945	0.00682	0.00628	0.00209	0.00995	0.00497	0.00315	0.01048
34	0.01080	0.00720	0.00810	0.00810	0.00810	0.00720	0.00450	0.01080	0.01080	0.01439	0.02339	0.04858	0.02699	0.73910	0.03779	0.00720	0.00720	0.01080	0.00450	0.00450
35	0.03290	0.01330	0.01764	0.01352	0.01928	0.01189	0.01117	0.08740	0.02235	0.64515	0.02836	0.02466	0.01791	0.00917	0.00746	0.00229	0.00647	0.00740	0.00905	0.01263
36	0.01800	0.01726	0.02946	0.10294	0.63831	0.01754	0.02260	0.02246	0.01673	0.02380	0.01390	0.01849	0.01160	0.00668	0.00736	0.00223	0.00891	0.00661	0.00364	0.01146
37	0.01510	0.06902	0.67191	0.02079	0.03156	0.01777	0.02679	0.02345	0.01565	0.02325	0.01319	0.01551	0.00941	0.00702	0.00695	0.00232	0.01084	0.00542	0.00314	0.01091
38	0.00903	0.00650	0.00857	0.01023	0.01074	0.00604	0.00684	0.01035	0.01431	0.01899	0.04219	0.70971	0.07283	0.02309	0.00945	0.00300	0.00429	0.02090	0.00689	0.00604
39	0.01402	0.01319	0.02227	0.72126	0.05113	0.01649	0.02062	0.01897	0.01484	0.01897	0.01319	0.01979	0.00990	0.00742	0.00742	0.00247	0.00990	0.00660	0.00330	0.00825
40	0.02813	0.01908	0.02099	0.01630	0.02205	0.02072	0.01340	0.51220	0.09132	0.14710	0.02074	0.01988	0.01444	0.00906	0.00744	0.00227	0.00767	0.00696	0.00771	0.01255
41	0.01080	0.00720	0.00810	0.00810	0.00810	0.00720	0.00450	0.01080	0.01080	0.01439	0.02339	0.04858	0.02699	0.73910	0.03779	0.00720	0.00720	0.01080	0.00450	0.00450
42	0.09303	0.01712	0.02130	0.20286	0.02967	0.01884	0.04170	0.32477	0.02452	0.06654	0.01595	0.01806	0.01156	0.00795	0.00706	0.00222	0.00827	0.00635	0.00575	0.07648
43	0.02168	0.01621	0.01742	0.01396	0.01864	0.01731	0.01132	0.44117	0.02911	0.03854	0.10052	0.03472	0.18318	0.01196	0.00789	0.00231	0.00662	0.00956	0.00737	0.01050
44	0.01043	0.00759	0.00982	0.00926	0.01104	0.00697	0.00695	0.01386	0.02084	0.02935	0.66235	0.05614	0.09684	0.01533	0.00876	0.00234	0.00351	0.01352	0.00812	0.00697
45	0.01985	0.74357	0.03890	0.01270	0.01905	0.02937	0.01270	0.02223	0.01508	0.01747	0.01032	0.01191	0.00953	0.00635	0.00476	0.00159	0.00794	0.00397	0.00318	0.00953
46	0.01177	0.00840	0.01174	0.01345	0.01507	0.00838	0.01162	0.01504	0.01690	0.02200	0.03941	0.12765	0.04315	0.02069	0.01020	0.00339	0.00667	0.60086	0.00684	0.00678
47	0.02775	0.02056	0.02202	0.01699	0.02284	0.02280	0.01400	0.63784	0.06587	0.04603	0.01842	0.01830	0.01311	0.00897	0.00743	0.00224	0.00806	0.00677	0.00743	0.01258
48	0.75511	0.01427	0.01121	0.00993	0.01458	0.01638	0.00818	0.02251	0.01305	0.06524	0.01125	0.01269	0.00854	0.00700	0.00473	0.00230	0.00577	0.00419	0.00481	0.00826
49	0.01398	0.01175	0.01872	0.55631	0.04132	0.01428	0.01705	0.01858	0.01501	0.02098	0.01574	0.02161	0.01200	0.00771	0.00691	0.00230	0.00841	0.00667	0.18273	0.00794
50	0.02773	0.03538	0.02104	0.01913	0.02295	0.70930	0.01434	0.02964	0.02104	0.01817	0.01148	0.01339	0.00956	0.00765	0.00669	0.00191	0.01339	0.00478	0.00383	0.00861
51	0.01080	0.00720	0.00810	0.00810	0.00810	0.00720	0.00450	0.01080	0.01080	0.01439	0.02339	0.04858	0.02699	0.73910	0.03779	0.00720	0.00720	0.01080	0.00450	0.00450
52	0.79154	0.01436	0.01091	0.00976	0.01436	0.01665	0.00804	0.02182	0.01263	0.03331	0.01034	0.01206	0.00804	0.00689	0.00459	0.00230	0.00574	0.00402	0.00459	0.00804
53	0.02011	0.71995	0.03831	0.01292	0.01918	0.05205	0.01276	0.02248	0.01528	0.01749	0.01036	0.01196	0.00953	0.00639	0.00483	0.00160	0.00812	0.00400	0.00320	0.00950
54	0.01526	0.09143	0.65087	0.02052	0.03115	0.01815	0.02632	0.02341	0.01563	0.02306	0.01310	0.01539	0.00941	0.00700	0.00688	0.00229	0.01074	0.00537	0.00314	0.01086
55	0.79154	0.01436	0.01091	0.00976	0.01436	0.01665	0.00804	0.02182	0.01263	0.03331	0.01034	0.01206	0.00804	0.00689	0.00459	0.00230	0.00574	0.00402	0.00459	0.00804
56	0.00904	0.00646	0.00861	0.01034	0.01077	0.00603	0.00689	0.01034	0.01421	0.01895	0.04092	0.73426	0.04910	0.02326	0.00948	0.00301	0.00431	0.02110	0.00689	0.00603
57	0.01049	0.00725	0.00801	0.00801	0.00839	0.00706	0.00467	0.01077	0.01173	0.01526	0.03129	0.05206	0.12798	0.62935	0.03336	0.00648	0.00667	0.01154	0.00486	0.00477
58	0.01080	0.00720	0.00810	0.00810	0.00810	0.00720	0.00450	0.01080	0.01080	0.01439	0.02339	0.04858	0.02699	0.73910	0.03779	0.00720	0.00720	0.01080	0.00450	0.00450
59	0.00904	0.00646	0.00861	0.01034	0.01077	0.00603	0.00689	0.01034	0.01421	0.01895	0.04092	0.73426	0.04910	0.02326	0.00948	0.00301	0.00431	0.02110	0.00689	0.00603
60	0.03154	0.01366	0.01768	0.01363	0.01923	0.01258	0.01123	0.13125	0.02331	0.56996	0.05618	0.02545	0.01975	0.00941	0.00752	0.00229	0.00648	0.00761	0.00888	0.01239
61	0.01489	0.03840	0.70064	0.02116	0.03213	0.01724	0.02743	0.02351	0.01567	0.02351	0.01332	0.01567	0.00940	0.00705	0.00705	0.00235	0.01097	0.00549	0.00313	0.01097
62	0.02822	0.02079	0.02228	0.01708	0.02302	0.02302	0.01411	0.66804	0.03490	0.04679	0.01782	0.01782	0.01262	0.00891	0.00743	0.00223	0.00817	0.00668	0.00743	0.01262
63	0.00903	0.00651	0.00857	0.01022	0.01074	0.00604	0.00684	0.01035	0.01433	0.01900	0.04237	0.70607	0.07635	0.02307	0.00945	0.00299	0.00428	0.02087	0.00689	0.00604
64	0.40534	0.01382	0.01434	0.01168	0.01687	0.01424	0.00964	0.05557	0.01759	0.34439	0.01950	0.01847	0.01306	0.00805	0.00605	0.00229	0.00611	0.00574	0.00686	0.01038
65	0.01086	0.00824	0.01206	0.01192	0.01308	0.00967	0.00916	0.01324	0.01181	0.01702	0.01976	0.03027	0.01891	0.11193	0.62395	0.01117	0.04834	0.00813	0.00399	0.00651
66	0.02773	0.03538	0.02104	0.01913	0.02295	0.70930	0.01434	0.02964	0.02104	0.01817	0.01148	0.01339	0.00956	0.00765	0.00669	0.00191	0.01339	0.00478	0.00383	0.00861
67	0.01759	0.01984	0.04276	0.03238	0.08869	0.01869	0.61677	0.02370	0.01747	0.02382	0.01494	0.01990	0.01130	0.00629	0.00865	0.00248	0.01223	0.00860	0.00375	0.01015
68	0.01691	0.01496	0.01515	0.01379	0.01760	0.04161	0.01066	0.03337	0.52075	0.02871	0.06175	0.03544	0.13419	0.01162	0.00777	0.00249	0.00571	0.00965	0.00733	0.01055
69	0.02317	0.01032	0.01391	0.01160	0.01547	0.00911	0.00919	0.02612	0.02053	0.40388	0.25996	0.09994	0.03914	0.01255	0.00810	0.00238	0.00516	0.01077	0.00863	0.01008
70	0.01489	0.03840	0.70064	0.02116	0.03213	0.01724	0.02743	0.02351	0.01567	0.02351	0.01332	0.01567	0.00940	0.00705	0.00705	0.00235	0.01097	0.00549	0.00313	0.01097
71	0.01489	0.03840	0.70064	0.02116	0.03213	0.01724	0.02743	0.02351	0.01567	0.02351	0.01332	0.01567	0.00940	0.00705	0.00705	0.00235	0.01097	0.00549	0.00313	0.01097
72	0.01051	0.00759	0.00992	0.00934	0.01109	0.00700	0.00700	0.01401	0.02101	0.02977	0.68888	0.05545	0.07005	0.01518	0.00876	0.00233	0.00350	0.01343	0.00817	0.00700
73	0.02762	0.06450	0.02282	0.01745	0.02278	0.22695	0.01410	0.44347	0.02971	0.03670	0.01553	0.01619	0.01155	0.00840	0.00706	0.00210	0.00970	0.00597	0.00613	0.01126
74	0.01071	0.00716	0.00812	0.00820	0.00822	0.00714	0.00461	0.01077	0.01096	0.01461	0.02423	0.08147	0.02805	0.70477	0.03643	0.00700	0.00706	0.01129	0.00461	0.00457
75	0.03180	0.01504	0.01872	0.01435	0.02015	0.01449	0.01186	0.22286	0.02528	0.50555	0.02590	0.02307	0.01668	0.00911	0.00745	0.00228	0.00686	0.00723	0.00867	0.01263
76	0.03309	0.01298	0.01744	0.01337	0.01913	0.01143	0.01105	0.06323	0.02183	0.67006	0.02880	0.02495	0.01813	0.00918	0.00746	0.00229	0.00640	0.00743	0.00911	0.01263
77	0.02773	0.03538	0.02104	0.01913	0.02295	0.70930	0.01434	0.02964	0.02104	0.01817	0.01148	0.01339	0.00956	0.00765	0.00669	0.00191	0.01339	0.00478	0.00383	0.00861
78	0.79154	0.01436	0.01091	0.00976	0.01436	0.01665	0.00804	0.02182	0.01263	0.03331	0.01034	0.01206	0.00804	0.00689	0.00459	0.00230	0.00574	0.00402	0.00459	0.00804
79	0.00877	0.00752	0.00752	0.00752	0.01003	0.00627	0.00564	0.01065	0.01692	0.02005	0.07520	0.07144	0.68978	0.01880	0.00877	0.00251	0.00376	0.01567	0.00689	0.00627
80	0.01846	0.01595	0.01679	0.01511	0.01930	0.01846	0.01175	0.03945	0.67938	0.03105	0.03022	0.02770	0.02266	0.01007	0.00755	0.00252	0.00588	0.00839	0.00755	0.01175
81	0.05779	0.04513	0.01847	0.01347	0.01922	0.01314	0.01122	0.09982	0.02209	0.57938	0.02665	0.02348	0.01706	0.00896	0.00725	0.00226	0.00656	0.00712	0.00859	0.01234
82	0.02572	0.09049	0.13045	0.04160	0.05043	0.04813	0.01471	0.03081	0.06373	0.37111	0.04284	0.02242	0.01690	0.00856	0.00713	0.00224	0.00769	0.00685	0.00677	0.01144
83	0.79154	0.01436	0.01091	0.00976	0.01436	0.01665	0.00804	0.02182	0.01263	0.03331	0.01034	0.01206	0.00804	0.00689	0.00459	0.00230	0.00574	0.00402	0.00459	0.00804
84	0.00957	0.00735	0.00881	0.00923	0.01093	0.00659	0.00684	0.01186	0.01735	0.02259	0.23059	0.23996	0.30357	0.01911	0.00907	0.00266	0.00408	0.06617	0.00724	0.00645
85	0.01819	0.01745	0.02980	0.07373	0.66605	0.01759	0.02269	0.02262	0.01682	0.02403	0.01393	0.01843	0.01168	0.00665	0.00735	0.00222	0.00886	0.00661	0.00366	0.01161
86	0.03216	0.01266	0.01706	0.01316	0.01873	0.01111	0.01084	0.05440	0.02165	0.64916	0.05758	0.02635	0.02045	0.00944	0.00752	0.00230	0.00625	0.00770	0.00909	0.01239
87	0.01068	0.00715	0.00813	0.00825	0.00827	0.00712	0.00466	0.01077	0.01102	0.01470	0.02456	0.09426	0.02846	0.69141	0.03590	0.00692	0.00700	0.01148	0.00466	0.00460
88	0.01985	0.74357	0.03890	0.01270	0.01905	0.02937	0.01270	0.02223	0.01508	0.01747	0.01032	0.01191	0.00953	0.00635	0.00476	0.00159	0.00794	0.00397	0.00318	0.00953
89	0.75847	0.01431	0.01139	0.04003	0.01592	0.01665	0.00857	0.02170	0.01273	0.03270	0.01046	0.01239	0.00812	0.00691	0.00471	0.00230	0.00592	0.00413	0.00454	0.00805
90	0.01006	0.00757	0.00931	0.00888	0.01082	0.00682	0.00666	0.01315	0.01997	0.02729	0.53231	0.05953	0.22816	0.01610	0.00876	0.00238	0.00357	0.01400	0.00785	0.00682
91	0.00904	0.00646	0.00861	0.01034	0.01077	0.00603	0.00689	0.01034	0.01421	0.01895	0.04092	0.73426	0.04910	0.02326	0.00948	0.00301	0.00431	0.02110	0.00689	0.00603
92	0.01743	0.02069	0.06747	0.03092	0.03856	0.01872	0.64284	0.02377	0.01746	0.02377	0.01496	0.01987	0.01120	0.00629	0.00870	0.00250	0.01246	0.00864	0.00373	0.01005
93	0.02891	0.01968	0.02159	0.01655	0.02247	0.02137	0.01367	0.58185	0.03304	0.13560	0.01939	0.01884	0.01341	0.00895	0.00743	0.00224	0.00792	0.00679	0.00767	0.01263
94	0.02773	0.03538	0.02104	0.01913	0.02295	0.70930	0.01434	0.02964	0.02104	0.01817	0.01148	0.01339	0.00956	0.00765	0.00669	0.00191	0.01339	0.00478	0.00383	0.00861
95	0.00948	0.00797	0.00879	0.00946	0.03876	0.00691	0.00661	0.01152	0.01686	0.02057	0.10230	0.06770	0.57255	0.05270	0.01016	0.00274	0.00423	0.03752	0.00671	0.00647
96	0.01782	0.01095	0.01351	0.01227	0.01542	0.01089	0.00984	0.07381	0.10806	0.16337	0.21101	0.04908	0.07037	0.05354	0.01013	0.00285	0.00568	0.14471	0.00769	0.00901
97	0.00904	0.00646	0.00861	0.01034	0.01077	0.00603	0.00689	0.01034	0.01421	0.01895	0.04092	0.73426	0.04910	0.02326	0.00948	0.00301	0.00431	0.02110	0.00689	0.00603
98	0.01860	0.01822	0.02941	0.07244	0.63710	0.04762	0.02233	0.02292	0.01700	0.02377	0.01382	0.01822	0.01159	0.00669	0.00732	0.00220	0.00906	0.00653	0.00367	0.01148
99	0.01695	0.01426	0.01529	0.01376	0.01753	0.01601	0.01068	0.05953	0.50368	0.03072	0.13453	0.03470	0.07731	0.01144	0.00782	0.00248	0.00545	0.00962	0.00760	0.01066
100	0.00904	0.00646	0.00861	0.01034	0.01077	0.00603	0.00689	0.01034	0.01421	0.01895	0.04092	0.73426	0.04910	0.02326	0.00948	0.00301	0.00431	0.02110	0.00689	0.00603
101	0.02511	0.27100	0.02698	0.01699	0.02165	0.48308	0.01380	0.02718	0.01906	0.01793	0.01109	0.01290	0.00955	0.00722	0.00605	0.00180	0.01157	0.00451	0.00361	0.00891
102	0.00904	0.00646	0.00861	0.01034	0.01077	0.00603	0.00689	0.01034	0.01421	0.01895	0.04092	0.73426	0.04910	0.02326	0.00948	0.00301	0.00431	0.02110	0.00689	0.00603
103	0.02822	0.02079	0.02228	0.01708	0.02302	0.02302	0.01411	0.66804	0.03490	0.04679	0.01782	0.01782	0.01262	0.00891	0.00743	0.00223	0.00817	0.00668	0.00743	0.01262
104	0.79154	0.01436	0.01091	0.00976	0.01436	0.01665	0.00804	0.02182	0.01263	0.03331	0.01034	0.01206	0.00804	0.00689	0.00459	0.00230	0.00574	0.00402	0.00459	0.00804
105	0.02773	0.03538	0.02104	0.01913	0.02295	0.70930	0.01434	0.02964	0.02104	0.01817	0.01148	0.01339	0.00956	0.00765	0.00669	0.00191	0.01339	0.00478	0.00383	0.00861
106	0.01943	0.03574	0.01675	0.01209	0.01810	0.01200	0.00977	0.07386	0.05403	0.13804	0.01823	0.04776	0.01453	0.00740	0.00623	0.00156	0.00589	0.00599	0.00567	0.49691
107	0.00885	0.00752	0.00762	0.00760	0.01007	0.00630	0.00570	0.01079	0.01709	0.02046	0.10079	0.07078	0.66395	0.01865	0.00877	0.00250	0.00375	0.01557	0.00695	0.00630
108	0.79154	0.01436	0.01091	0.00976	0.01436	0.01665	0.00804	0.02182	0.01263	0.03331	0.01034	0.01206	0.00804	0.00689	0.00459	0.00230	0.00574	0.00402	0.00459	0.00804
109	0.01985	0.74357	0.03890	0.01270	0.01905	0.02937	0.01270	0.02223	0.01508	0.01747	0.01032	0.01191	0.00953	0.00635	0.00476	0.00159	0.00794	0.00397	0.00318	0.00953
110	0.01551	0.12607	0.61836	0.02011	0.03050	0.01875	0.02560	0.02335	0.01560	0.02276	0.01295	0.01521	0.00942	0.00697	0.00677	0.00226	0.01059	0.00530	0.00314	0.01079
111	0.79154	0.01436	0.01091	0.00976	0.01436	0.01665	0.00804	0.02182	0.01263	0.03331	0.01034	0.01206	0.00804	0.00689	0.00459	0.00230	0.00574	0.00402	0.00459	0.00804
112	0.02329	0.01045	0.01381	0.01134	0.01545	0.00915	0.00908	0.02625	0.02069	0.40908	0.24427	0.04007	0.11040	0.01218	0.00802	0.00233	0.00513	0.01028	0.00861	0.01013
113	0.01837	0.01764	0.03013	0.04557	0.69279	0.01764	0.02278	0.02278	0.01690	0.02425	0.01396	0.01837	0.01176	0.00661	0.00735	0.00220	0.00882	0.00661	0.00367	0.01176
114	0.01586	0.01046	0.01137	0.01045	0.01308	0.01132	0.00808	0.09971	0.14582	0.02936	0.04974	0.05153	0.02184	0.01451	0.07837	0.00305	0.00621	0.00800	0.40274	0.00849
115	0.00904	0.00646	0.00861	0.01034	0.01077	0.00603	0.00689	0.01034	0.01421	0.01895	0.04092	0.73426	0.04910	0.02326	0.00948	0.00301	0.00431	0.02110	0.00689	0.00603
116	0.01514	0.00817	0.00831	0.00784	0.00995	0.00838	0.00600	0.07619	0.01732	0.02941	0.02364	0.02679	0.01845	0.00867	0.00539	0.00177	0.00389	0.00690	0.71037	0.00744
117	0.05468	0.53748	0.09893	0.01347	0.02011	0.02497	0.01367	0.02436	0.01593	0.11738	0.01336	0.01422	0.01073	0.00685	0.00537	0.00180	0.00790	0.00463	0.00410	0.01005
118	0.01039	0.00874	0.00919	0.00908	0.01168	0.00815	0.00691	0.01514	0.11298	0.02204	0.08754	0.09690	0.51233	0.01769	0.00869	0.00257	0.00422	0.04164	0.00703	0.00710
119	0.00904	0.00646	0.00861	0.01034	0.01077	0.00603	0.00689	0.01034	0.01421	0.01895	0.04092	0.73426	0.04910	0.02326	0.00948	0.00301	0.00431	0.02110	0.00689	0.00603
120	0.01789	0.00935	0.01252	0.01131	0.01433	0.00850	0.00912	0.02112	0.02020	0.23828	0.33631	0.05187	0.07160	0.01443	0.00863	0.00253	0.00503	0.13009	0.00819	0.00872
121	0.02396	0.20766	0.12389	0.01786	0.02334	0.44399	0.01584	0.02696	0.01882	0.01877	0.01146	0.01336	0.00953	0.00725	0.00628	0.00190	0.01172	0.00469	0.00357	0.00917
122	0.02773	0.03538	0.02104	0.01913	0.02295	0.70930	0.01434	0.02964	0.02104	0.01817	0.01148	0.01339	0.00956	0.00765	0.00669	0.00191	0.01339	0.00478	0.00383	0.00861
123	0.02755	0.05175	0.02191	0.01778	0.05827	0.09956	0.01376	0.36292	0.07517	0.16660	0.01968	0.01924	0.01393	0.00867	0.00724	0.00220	0.00827	0.00662	0.00697	0.01192
124	0.45569	0.01661	0.01526	0.01256	0.01760	0.01872	0.01034	0.27689	0.02163	0.03806	0.01611	0.01692	0.03945	0.00821	0.00590	0.00228	0.00662	0.00558	0.00581	0.00978
125	0.00885	0.00748	0.00766	0.00771	0.01010	0.00629	0.00575	0.01077	0.01696	0.02039	0.09789	0.09959	0.63755	0.01885	0.00880	0.00252	0.00377	0.01582	0.00694	0.00629
126	0.01667	0.02599	0.25702	0.02800	0.03663	0.01828	0.45860	0.02369	0.01692	0.02369	0.01447	0.01861	0.01066	0.00652	0.00821	0.00245	0.01201	0.00770	0.00355	0.01032
127	0.01681	0.01592	0.02590	0.06521	0.53618	0.01598	0.01968	0.02168	0.04865	0.02376	0.02359	0.02657	0.11050	0.00858	0.00757	0.00227	0.00799	0.00801	0.00431	0.01082
128	0.00910	0.00650	0.00866	0.01030	0.01078	0.00606	0.00690	0.01047	0.01446	0.01934	0.06419	0.70988	0.04985	0.02297	0.00945	0.00299	0.00428	0.02083	0.00694	0.00606
129	0.01652	0.01830	0.03897	0.09588	0.03778	0.01755	0.55202	0.02226	0.01700	0.02294	0.01688	0.07623	0.01411	0.00771	0.00869	0.00254	0.01162	0.00952	0.00396	0.00953
130	0.00904	0.00646	0.00861	0.01034	0.01077	0.00603	0.00689	0.01034	0.01421	0.01895	0.04092	0.73426	0.04910	0.02326	0.00948	0.00301	0.00431	0.02110	0.00689	0.00603
131	0.02777	0.03420	0.02114	0.01896	0.02296	0.65381	0.01432	0.08127	0.02216	0.02048	0.01199	0.01375	0.00981	0.00775	0.00675	0.00194	0.01297	0.00494	0.00412	0.00893
132	0.02822	0.02079	0.02228	0.01708	0.02302	0.02302	0.01411	0.66804	0.03490	0.04679	0.01782	0.01782	0.01262	0.00891	0.00743	0.00223	0.00817	0.00668	0.00743	0.01262
133	0.01982	0.01484	0.01632	0.01433	0.01853	0.01649	0.01123	0.06236	0.50109	0.11290	0.10092	0.03000	0.02685	0.01047	0.00767	0.00246	0.00577	0.00875	0.00781	0.01138
134	0.22534	0.49337	0.03011	0.01235	0.01812	0.05133	0.01158	0.04918	0.01548	0.02291	0.01068	0.01225	0.00926	0.00665	0.00490	0.00181	0.00757	0.00413	0.00375	0.00923
135	0.00926	0.00681	0.00858	0.00965	0.01058	0.00624	0.00660	0.01089	0.01540	0.02035	0.12997	0.50748	0.15748	0.05115	0.01044	0.00302	0.00423	0.01878	0.00696	0.00613
136	0.76091	0.01431	0.01136	0.03779	0.01581	0.01665	0.00854	0.02171	0.01272	0.03274	0.01045	0.01236	0.00811	0.00691	0.00471	0.00230	0.00591	0.00412	0.00454	0.00805
137	0.01985	0.74357	0.03890	0.01270	0.01905	0.02937	0.01270	0.02223	0.01508	0.01747	0.01032	0.01191	0.00953	0.00635	0.00476	0.00159	0.00794	0.00397	0.00318	0.00953
138	0.01489	0.03840	0.70064	0.02116	0.03213	0.01724	0.02743	0.02351	0.01567	0.02351	0.01332	0.01567	0.00940	0.00705	0.00705	0.00235	0.01097	0.00549	0.00313	0.01097
139	0.79154	0.01436	0.01091	0.00976	0.01436	0.01665	0.00804	0.02182	0.01263	0.03331	0.01034	0.01206	0.00804	0.00689	0.00459	0.00230	0.00574	0.00402	0.00459	0.00804
140	0.03331	0.01263	0.01723	0.01321	0.01895	0.01091	0.01091	0.03618	0.02125	0.69794	0.02929	0.02527	0.01838	0.00919	0.00747	0.00230	0.00632	0.00747	0.00919	0.01263
141	0.01823	0.01851	0.05819	0.04455	0.66515	0.01762	0.02298	0.02281	0.01685	0.02422	0.01394	0.01826	0.01166	0.00663	0.00734	0.00221	0.00891	0.00657	0.00365	0.01173
142	0.03064	0.01637	0.11630	0.01436	0.02086	0.01183	0.01331	0.03434	0.02044	0.60017	0.02697	0.02388	0.01708	0.00888	0.00741	0.00230	0.00699	0.00718	0.00831	0.01239
143	0.00886	0.00752	0.00764	0.00761	0.01008	0.00630	0.00571	0.01082	0.01712	0.02052	0.10469	0.07068	0.66001	0.01863	0.00877	0.00250	0.00375	0.01556	0.00696	0.00630
144	0.15666	0.01331	0.01644	0.01283	0.01840	0.01243	0.01060	0.06419	0.02050	0.55831	0.02565	0.02276	0.01642	0.00880	0.00700	0.00229	0.00631	0.00687	0.00835	0.01188
145	0.01532	0.09901	0.64376	0.02043	0.03101	0.01828	0.02616	0.02340	0.01562	0.02299	0.01306	0.01535	0.00941	0.00699	0.00686	0.00229	0.01071	0.00536	0.00314	0.01085
146	0.01053	0.00752	0.01032	0.01204	0.01312	0.00731	0.00948	0.01291	0.01568	0.02062	0.04009	0.40206	0.04584	0.02185	0.00987	0.00322	0.00560	0.33860	0.00686	0.00644
147	0.00917	0.00655	0.00875	0.01048	0.01096	0.00613	0.00710	0.01055	0.01433	0.01909	0.04085	0.70714	0.04883	0.02314	0.00951	0.00303	0.00441	0.04702	0.00689	0.00606
148	0.01837	0.01764	0.03013	0.04557	0.69279	0.01764	0.02278	0.02278	0.01690	0.02425	0.01396	0.01837	0.01176	0.00661	0.00735	0.00220	0.00882	0.00661	0.00367	0.01176
149	0.01915	0.01787	0.02625	0.13671	0.44508	0.06783	0.02008	0.02519	0.08930	0.05609	0.01618	0.01956	0.01283	0.00731	0.00734	0.00226	0.00887	0.00671	0.00432	0.01106
150	0.02724	0.03456	0.02111	0.01914	0.02280	0.67991	0.01443	0.02914	0.02062	0.01816	0.01140	0.01351	0.00957	0.00788	0.00745	0.00197	0.04387	0.00485	0.00380	0.00859
151	0.02721	0.02024	0.02172	0.01673	0.02261	0.02224	0.01377	0.61027	0.06498	0.04507	0.01822	0.01819	0.01304	0.00882	0.00735	0.00219	0.00795	0.00667	0.00730	0.04541
152	0.02218	0.01909	0.01864	0.01585	0.02051	0.08650	0.01254	0.24371	0.37785	0.03454	0.02610	0.02479	0.04438	0.00980	0.00748	0.00236	0.00727	0.00777	0.00712	0.01152
153	0.00904	0.00646	0.00861	0.01034	0.01077	0.00603	0.00689	0.01034	0.01421	0.01895	0.04092	0.73426	0.04910	0.02326	0.00948	0.00301	0.00431	0.02110	0.00689	0.00603
154	0.01477	0.01440	0.02220	0.68301	0.04959	0.05424	0.02028	0.01955	0.01518	0.01892	0.01310	0.01944	0.00988	0.00743	0.00738	0.00244	0.01009	0.00650	0.00333	0.00827
155	0.01266	0.00839	0.01012	0.00935	0.01175	0.00763	0.00706	0.01609	0.04409	0.09532	0.37840	0.05579	0.24816	0.05018	0.00997	0.00262	0.00414	0.01317	0.00769	0.00742
156	0.00912	0.00693	0.00841	0.00932	0.01057	0.00622	0.00650	0.01085	0.01584	0.02052	0.12464	0.44568	0.25674	0.02092	0.00917	0.00278	0.00404	0.01850	0.00704	0.00622
157	0.01489	0.03840	0.70064	0.02116	0.03213	0.01724	0.02743	0.02351	0.01567	0.02351	0.01332	0.01567	0.00940	0.00705	0.00705	0.00235	0.01097	0.00549	0.00313	0.01097
158	0.00904	0.00646	0.00861	0.01034	0.01077	0.00603	0.00689	0.01034	0.01421	0.01895	0.04092	0.73426	0.04910	0.02326	0.00948	0.00301	0.00431	0.02110	0.00689	0.00603
159	0.02773	0.03538	0.02104	0.01913	0.02295	0.70930	0.01434	0.02964	0.02104	0.01817	0.01148	0.01339	0.00956	0.00765	0.00669	0.00191	0.01339	0.00478	0.00383	0.00861
160	0.02773	0.03538	0.02104	0.01913	0.02295	0.70930	0.01434	0.02964	0.02104	0.01817	0.01148	0.01339	0.00956	0.00765	0.00669	0.00191	0.01339	0.00478	0.00383	0.00861
161	0.02773	0.03538	0.02104	0.01913	0.02295	0.70930	0.01434	0.02964	0.02104	0.01817	0.01148	0.01339	0.00956	0.00765	0.00669	0.00191	0.01339	0.00478	0.00383	0.00861
162	0.01162	0.00892	0.01345	0.01402	0.01592	0.00868	0.05978	0.01473	0.01650	0.02154	0.03936	0.21820	0.06943	0.01995	0.00991	0.00322	0.00659	0.43470	0.00662	0.00688
163	0.00877	0.00752	0.00752	0.00752	0.01003	0.00627	0.00564	0.01065	0.01692	0.02005	0.07520	0.07144	0.68978	0.01880	0.00877	0.00251	0.00376	0.01567	0.00689	0.00627
164	0.01943	0.68369	0.09509	0.01342	0.02016	0.02834	0.01395	0.02234	0.01513	0.01798	0.01058	0.01223	0.00952	0.00641	0.00496	0.00165	0.00820	0.00410	0.00317	0.00965
165	0.01061	0.00795	0.01193	0.01193	0.01326	0.00928	0.00928	0.01326	0.01193	0.01723	0.01988	0.02916	0.01856	0.05568	0.70968	0.01193	0.01988	0.00795	0.00398	0.00663
166	0.02822	0.02079	0.02228	0.01708	0.02302	0.02302	0.01411	0.66804	0.03490	0.04679	0.01782	0.01782	0.01262	0.00891	0.00743	0.00223	0.00817	0.00668	0.00743	0.01262
167	0.79154	0.01436	0.01091	0.00976	0.01436	0.01665	0.00804	0.02182	0.01263	0.03331	0.01034	0.01206	0.00804	0.00689	0.00459	0.00230	0.00574	0.00402	0.00459	0.00804
168	0.01080	0.00720	0.00810	0.00810	0.00810	0.00720	0.00450	0.01080	0.01080	0.01439	0.02339	0.04858	0.02699	0.73910	0.03779	0.00720	0.00720	0.01080	0.00450	0.00450
169	0.02251	0.01737	0.01863	0.01566	0.02052	0.01957	0.01249	0.24781	0.42971	0.07261	0.02605	0.02429	0.01910	0.00964	0.00751	0.00241	0.00666	0.00778	0.00760	0.01209
170	0.27240	0.01873	0.01864	0.01474	0.02025	0.02098	0.01217	0.46132	0.02778	0.04247	0.01543	0.01598	0.01116	0.00827	0.00652	0.00225	0.00739	0.00583	0.00652	0.01116
171	0.00902	0.00656	0.00851	0.01006	0.01070	0.00605	0.00677	0.01037	0.01448	0.01906	0.04427	0.66949	0.11170	0.02282	0.00941	0.00297	0.00425	0.02057	0.00689	0.00605
172	0.09782	0.01278	0.01669	0.01291	0.01856	0.01140	0.01067	0.03496	0.02051	0.64139	0.02768	0.02414	0.01750	0.00899	0.00722	0.00230	0.00627	0.00717	0.00880	0.01224
173	0.73171	0.01621	0.06405	0.01064	0.01573	0.01670	0.00953	0.02195	0.01287	0.03255	0.01057	0.01234	0.00814	0.00690	0.00478	0.00230	0.00615	0.00413	0.00448	0.00827
174	0.06494	0.01478	0.01823	0.01404	0.01978	0.01423	0.01160	0.19573	0.02434	0.50401	0.02556	0.02281	0.01647	0.00902	0.00733	0.00228	0.00676	0.00712	0.00854	0.01243
175	0.00915	0.00661	0.00848	0.00993	0.01050	0.00614	0.00660	0.01040	0.01419	0.01870	0.04251	0.62629	0.10182	0.07686	0.01155	0.00329	0.00448	0.01987	0.00671	0.00593
176	0.01027	0.00714	0.00938	0.01037	0.01144	0.00649	0.00713	0.01192	0.01509	0.04046	0.09611	0.61097	0.04779	0.02108	0.00912	0.00282	0.00437	0.01904	0.00693	0.05206
177	0.01489	0.03840	0.70064	0.02116	0.03213	0.01724	0.02743	0.02351	0.01567	0.02351	0.01332	0.01567	0.00940	0.00705	0.00705	0.00235	0.01097	0.00549	0.00313	0.01097
178	0.02773	0.03538	0.02104	0.01913	0.02295	0.70930	0.01434	0.02964	0.02104	0.01817	0.01148	0.01339	0.00956	0.00765	0.00669	0.00191	0.01339	0.00478	0.00383	0.00861
179	0.02496	0.02726	0.02396	0.02730	0.24122	0.38962	0.01693	0.08762	0.02100	0.05175	0.01364	0.01594	0.01094	0.00750	0.00701	0.00205	0.01111	0.00567	0.00434	0.01018
180	0.02093	0.01717	0.01817	0.01561	0.02024	0.01961	0.01235	0.19801	0.51681	0.03502	0.02709	0.02521	0.02013	0.00978	0.00752	0.00244	0.00645	0.00796	0.00752	0.01197
181	0.00891	0.00723	0.00790	0.00836	0.01027	0.00623	0.00603	0.01068	0.01631	0.02007	0.08588	0.25448	0.49198	0.01992	0.00897	0.00264	0.00390	0.01710	0.00694	0.00623
182	0.01575	0.01630	0.02628	0.48161	0.04436	0.07586	0.15984	0.02057	0.01593	0.01995	0.01459	0.04892	0.01179	0.00785	0.00774	0.00245	0.01053	0.00751	0.00359	0.00857
183	0.02820	0.02816	0.02138	0.01798	0.02279	0.38742	0.01408	0.29822	0.02687	0.06280	0.01500	0.01582	0.01127	0.00825	0.00704	0.00206	0.01086	0.00571	0.00560	0.01049
184	0.00929	0.00698	0.00858	0.00974	0.01087	0.00637	0.00690	0.01090	0.01513	0.01940	0.05007	0.45937	0.23334	0.04751	0.01036	0.00305	0.00448	0.07476	0.00680	0.00612
185	0.01521	0.01473	0.02076	0.01811	0.01835	0.02028	0.01497	0.01702	0.01147	0.01775	0.01160	0.01860	0.01135	0.02079	0.14952	0.00483	0.59665	0.00676	0.00338	0.00785
186	0.00904	0.00646	0.00861	0.01034	0.01077	0.00603	0.00689	0.01034	0.01421	0.01895	0.04092	0.73426	0.04910	0.02326	0.00948	0.00301	0.00431	0.02110	0.00689	0.00603
187	0.02678	0.03339	0.02060	0.01871	0.02258	0.63847	0.01408	0.03065	0.08853	0.01949	0.01340	0.01485	0.01091	0.00790	0.00678	0.00197	0.01262	0.00515	0.00421	0.00893
188	0.76411	0.01511	0.01127	0.01010	0.01467	0.04153	0.00827	0.02210	0.01294	0.03276	0.01038	0.01211	0.00809	0.00692	0.00467	0.00228	0.00602	0.00405	0.00457	0.00806
189	0.02773	0.03538	0.02104	0.01913	0.02295	0.70930	0.01434	0.02964	0.02104	0.01817	0.01148	0.01339	0.00956	0.00765	0.00669	0.00191	0.01339	0.00478	0.00383	0.00861
190	0.01061	0.00795	0.01193	0.01193	0.01326	0.00928	0.00928	0.01326	0.01193	0.01723	0.01988	0.02916	0.01856	0.05568	0.70968	0.01193	0.01988	0.00795	0.00398	0.00663
191	0.79154	0.01436	0.01091	0.00976	0.01436	0.01665	0.00804	0.02182	0.01263	0.03331	0.01034	0.01206	0.00804	0.00689	0.00459	0.00230	0.00574	0.00402	0.00459	0.00804
192	0.79154	0.01436	0.01091	0.00976	0.01436	0.01665	0.00804	0.02182	0.01263	0.03331	0.01034	0.01206	0.00804	0.00689	0.00459	0.00230	0.00574	0.00402	0.00459	0.00804
193	0.03256	0.01266	0.01715	0.01312	0.01889	0.01087	0.01082	0.03545	0.02101	0.67000	0.02862	0.02486	0.01807	0.00904	0.00738	0.00225	0.00628	0.00734	0.00899	0.04464
