[name]
unknown

[dist]
# distance from previous block
# <min> <max>
0	110

[block]
# block no. 0 follows, 30 sequences, length 24
# corresponding to MSA columns:
# 116-139
name=unknown_A
#
# <colnr> <probs for GDERKNQSTAVLIFYWHMCP>
#	G	D	E	R	K	N	Q	S	T	A	V	L	I	F	Y	W	H	M	C	P
0	0.01124	0.00803	0.01124	0.01285	0.01446	0.00803	0.01124	0.01446	0.01606	0.02088	0.03695	0.07871	0.04016	0.01928	0.00964	0.00321	0.00643	0.66426	0.00643	0.00643
1	0.01347	0.01253	0.02059	0.57453	0.04177	0.01507	0.05221	0.01936	0.07589	0.01925	0.01607	0.04653	0.01327	0.00827	0.00725	0.00239	0.00877	0.04102	0.00377	0.00800
2	0.01072	0.01250	0.10775	0.09307	0.01762	0.04293	0.01073	0.01359	0.01499	0.01953	0.10095	0.34423	0.15283	0.01592	0.00807	0.00250	0.00575	0.01395	0.00559	0.00679
3	0.02873	0.01481	0.01818	0.01404	0.01921	0.01494	0.01161	0.26775	0.02408	0.43707	0.02267	0.02078	0.01490	0.00874	0.00786	0.00218	0.04636	0.00670	0.00774	0.01164
4	0.65163	0.01596	0.05223	0.03030	0.01611	0.06101	0.00943	0.02162	0.01298	0.06102	0.01084	0.01238	0.00822	0.00665	0.00477	0.00214	0.00627	0.00412	0.00436	0.00795
5	0.00997	0.00751	0.00908	0.00863	0.01041	0.00704	0.00637	0.01357	0.05488	0.02500	0.48483	0.05322	0.18998	0.07650	0.01045	0.00262	0.00375	0.01258	0.00712	0.00649
6	0.01470	0.03414	0.62537	0.05673	0.03033	0.05462	0.02438	0.02260	0.03385	0.02180	0.01286	0.01513	0.00922	0.00676	0.00664	0.00220	0.01025	0.00525	0.00310	0.01008
7	0.01447	0.01240	0.01447	0.01034	0.01654	0.00930	0.00827	0.01757	0.01447	0.02274	0.01240	0.01447	0.01034	0.00517	0.00517	0.00103	0.00517	0.00413	0.00413	0.79742
8	0.02607	0.03326	0.01978	0.01798	0.02157	0.72674	0.01348	0.02787	0.01978	0.01708	0.01079	0.01258	0.00899	0.00719	0.00629	0.00180	0.01258	0.00449	0.00360	0.00809
9	0.01600	0.01756	0.05394	0.01837	0.01912	0.07292	0.01563	0.01786	0.01154	0.01706	0.00944	0.01505	0.00913	0.01158	0.02092	0.00292	0.65413	0.00594	0.00309	0.00779
10	0.00850	0.00708	0.00742	0.00734	0.00958	0.00600	0.00550	0.01051	0.01651	0.02028	0.17015	0.06481	0.60805	0.01714	0.00824	0.00233	0.00350	0.01440	0.00667	0.00600
11	0.01736	0.01499	0.01578	0.01420	0.01815	0.01736	0.01105	0.03708	0.69862	0.02919	0.02840	0.02604	0.02130	0.00947	0.00710	0.00237	0.00552	0.00789	0.00710	0.01105
12	0.00977	0.00666	0.00766	0.00794	0.00813	0.00654	0.00466	0.01007	0.01099	0.01453	0.02728	0.16519	0.06427	0.59337	0.02963	0.00588	0.00614	0.01201	0.00472	0.00456
13	0.01022	0.00749	0.00868	0.00839	0.01052	0.00670	0.00628	0.01312	0.03977	0.05447	0.29329	0.11673	0.36660	0.01612	0.00820	0.00233	0.00367	0.01383	0.00703	0.00657
14	0.01975	0.01446	0.01585	0.01389	0.01809	0.01614	0.01091	0.03655	0.58209	0.14713	0.02825	0.02564	0.02061	0.00932	0.00709	0.00233	0.00559	0.00774	0.00736	0.01119
15	0.00849	0.00612	0.00805	0.00960	0.01009	0.00568	0.00643	0.00973	0.01347	0.01786	0.03983	0.72130	0.07418	0.02169	0.00888	0.00281	0.00403	0.01962	0.00648	0.00568
16	0.00854	0.00617	0.00800	0.00944	0.00998	0.00572	0.00631	0.00975	0.01345	0.01775	0.04037	0.67412	0.09616	0.04628	0.00975	0.00293	0.00410	0.01912	0.00640	0.00564
17	0.02653	0.01955	0.02094	0.01606	0.02164	0.02164	0.01326	0.68796	0.03281	0.04398	0.01675	0.01675	0.01187	0.00838	0.00698	0.00209	0.00768	0.00628	0.00698	0.01187
18	0.57834	0.01254	0.01099	0.00959	0.01363	0.01389	0.00775	0.03832	0.01393	0.11611	0.05778	0.01762	0.01372	0.04178	0.00643	0.00236	0.00539	0.00518	0.02668	0.00796
19	0.01280	0.00653	0.00653	0.00653	0.00819	0.00648	0.00490	0.01599	0.01469	0.02571	0.02482	0.02778	0.04757	0.00854	0.00502	0.00166	0.00326	0.00686	0.75967	0.00648
20	0.16255	0.01215	0.01492	0.01183	0.01684	0.01143	0.00971	0.03115	0.05363	0.53979	0.04745	0.02269	0.01745	0.00850	0.00660	0.00217	0.00573	0.00670	0.00778	0.01091
21	0.05782	0.37453	0.04671	0.01533	0.01902	0.02378	0.04496	0.01936	0.01281	0.01776	0.00977	0.01325	0.00904	0.00847	0.01195	0.00220	0.29681	0.00492	0.00311	0.00842
22	0.01073	0.00777	0.01001	0.00945	0.00990	0.00820	0.03086	0.01143	0.01083	0.01497	0.02141	0.07353	0.02384	0.56028	0.08595	0.00633	0.05476	0.00992	0.03488	0.00495
23	0.01494	0.01365	0.04210	0.01103	0.01729	0.01026	0.00921	0.04006	0.03975	0.02363	0.01313	0.01497	0.01072	0.00548	0.00535	0.00116	0.00546	0.00438	0.00429	0.71313

[dist]
# distance from previous block
# <min> <max>
0	5

[block]
# block no. 1 follows, 30 sequences, length 143
# corresponding to MSA columns:
# 145-287
name=unknown_B
#
# <colnr> <probs for GDERKNQSTAVLIFYWHMCP>
#	G	D	E	R	K	N	Q	S	T	A	V	L	I	F	Y	W	H	M	C	P
0	0.02052	0.06157	0.01780	0.03598	0.01802	0.01595	0.01085	0.26306	0.04834	0.12307	0.04219	0.04864	0.01755	0.12648	0.01259	0.00286	0.06527	0.00743	0.00593	0.05589
1	0.00933	0.00646	0.00781	0.00855	0.00882	0.00623	0.00529	0.00995	0.01181	0.01567	0.03116	0.36808	0.05795	0.39520	0.02245	0.00482	0.00542	0.01473	0.00533	0.00494
2	0.73655	0.01335	0.01078	0.00946	0.01387	0.01518	0.00779	0.02169	0.01258	0.09112	0.01127	0.01242	0.00841	0.00667	0.00455	0.00216	0.00545	0.00406	0.00470	0.00793
3	0.04710	0.09095	0.04247	0.01286	0.01815	0.01528	0.01101	0.19696	0.06489	0.21846	0.06396	0.02245	0.04550	0.00848	0.00654	0.00195	0.00629	0.00667	0.00646	0.11356
4	0.02010	0.01310	0.01504	0.01285	0.01652	0.01371	0.01016	0.28400	0.07346	0.13664	0.04620	0.19763	0.04686	0.01257	0.00754	0.00234	0.00590	0.03604	0.03978	0.00956
5	0.00867	0.00658	0.00801	0.00888	0.01009	0.00593	0.00629	0.01036	0.01497	0.01934	0.11960	0.42858	0.26353	0.01960	0.00865	0.00263	0.00389	0.04194	0.00660	0.00587
6	0.01527	0.01527	0.02137	0.01832	0.01832	0.02137	0.01527	0.01679	0.01069	0.01679	0.00916	0.01527	0.00916	0.01221	0.02290	0.00305	0.74198	0.00611	0.00305	0.00763
7	0.48345	0.01308	0.01288	0.01064	0.01541	0.01379	0.00878	0.04770	0.01566	0.29307	0.01675	0.01625	0.01141	0.00736	0.00544	0.00216	0.00568	0.00510	0.00605	0.00935
8	0.00994	0.00754	0.01112	0.01124	0.01233	0.00872	0.00863	0.01223	0.01149	0.01643	0.02104	0.12381	0.02103	0.04698	0.60851	0.00983	0.03976	0.00909	0.00408	0.00620
9	0.02278	0.00999	0.01346	0.01097	0.01487	0.00880	0.00880	0.02572	0.01989	0.44235	0.29803	0.03504	0.03659	0.01088	0.00750	0.00217	0.00489	0.00925	0.00826	0.00977
10	0.01264	0.00876	0.01237	0.28951	0.02365	0.00994	0.01056	0.01574	0.01366	0.02079	0.01867	0.05189	0.01586	0.06470	0.00944	0.04920	0.00605	0.00714	0.35282	0.00658
11	0.01727	0.01658	0.02832	0.04283	0.71123	0.01658	0.02142	0.02142	0.01589	0.02280	0.01313	0.01727	0.01105	0.00622	0.00691	0.00207	0.00829	0.00622	0.00345	0.01105
12	0.00923	0.00686	0.00918	0.03397	0.01165	0.00692	0.00722	0.01057	0.01303	0.01741	0.03490	0.55920	0.05837	0.09685	0.03688	0.00352	0.03454	0.03809	0.00590	0.00572
13	0.80405	0.01350	0.01026	0.00918	0.01350	0.01565	0.00756	0.02051	0.01188	0.03131	0.00972	0.01134	0.00756	0.00648	0.00432	0.00216	0.00540	0.00378	0.00432	0.00756
14	0.00883	0.00625	0.00819	0.00948	0.00987	0.00599	0.00626	0.00993	0.01277	0.01709	0.03496	0.60691	0.04153	0.13265	0.05098	0.00386	0.00523	0.01774	0.00600	0.00548
15	0.01858	0.58714	0.03159	0.01210	0.01725	0.02400	0.01154	0.02090	0.01489	0.06955	0.07461	0.01612	0.01477	0.00733	0.00619	0.00171	0.05408	0.00494	0.00384	0.00887
16	0.04119	0.01294	0.01732	0.19356	0.10883	0.01445	0.01355	0.02548	0.26321	0.06572	0.12116	0.02815	0.02357	0.00935	0.00720	0.00231	0.00651	0.03039	0.00574	0.00937
17	0.09073	0.08780	0.13319	0.07875	0.02475	0.26470	0.07933	0.02408	0.05838	0.02095	0.01288	0.01516	0.01012	0.00688	0.00622	0.00197	0.00974	0.00524	0.03040	0.03874
18	0.02206	0.20021	0.02413	0.01654	0.02003	0.38361	0.01349	0.05130	0.01708	0.01798	0.01044	0.01300	0.00914	0.00801	0.00940	0.00200	0.16505	0.00473	0.00348	0.00835
19	0.00981	0.00713	0.00924	0.00871	0.01039	0.00656	0.00653	0.01304	0.01960	0.02762	0.68211	0.05273	0.09151	0.01440	0.00823	0.00220	0.00330	0.01270	0.00763	0.00656
20	0.01307	0.01074	0.01658	0.02227	0.23816	0.01070	0.01430	0.01653	0.01600	0.02142	0.03053	0.05855	0.05522	0.01502	0.00871	0.00282	0.00692	0.42909	0.00547	0.00789
21	0.00988	0.00713	0.00933	0.00878	0.01043	0.00658	0.00658	0.01317	0.01975	0.02798	0.70754	0.05213	0.06584	0.01427	0.00823	0.00219	0.00329	0.01262	0.00768	0.00658
22	0.75850	0.01340	0.01061	0.00937	0.01375	0.01534	0.00772	0.02131	0.01235	0.07167	0.01077	0.01207	0.00813	0.00660	0.00448	0.00216	0.00543	0.00397	0.00457	0.00781
23	0.01736	0.01499	0.01578	0.01420	0.01815	0.01736	0.01105	0.03708	0.69862	0.02919	0.02840	0.02604	0.02130	0.00947	0.00710	0.00237	0.00552	0.00789	0.00710	0.01105
24	0.03114	0.01215	0.01636	0.01254	0.01795	0.01066	0.01036	0.05718	0.02043	0.69224	0.02715	0.02350	0.01708	0.00863	0.00702	0.00216	0.00600	0.00699	0.00858	0.01188
25	0.00873	0.00666	0.00803	0.00860	0.00996	0.00596	0.00610	0.01062	0.01571	0.02052	0.20462	0.35688	0.27503	0.01868	0.00853	0.00252	0.00370	0.01643	0.00676	0.00596
26	0.00874	0.00694	0.00785	0.00794	0.00981	0.00605	0.00583	0.01085	0.01660	0.02124	0.24309	0.16446	0.43122	0.01735	0.00834	0.00238	0.00354	0.01490	0.00681	0.00605
27	0.14719	0.49204	0.07732	0.01284	0.01852	0.11684	0.01239	0.02183	0.01458	0.01932	0.01004	0.01165	0.00872	0.00626	0.00484	0.00169	0.00800	0.00394	0.00328	0.00871
28	0.01113	0.00795	0.01111	0.01272	0.01428	0.00793	0.01105	0.01426	0.01595	0.02076	0.03701	0.10661	0.04041	0.01938	0.00961	0.00320	0.00633	0.63749	0.00643	0.00639
29	0.00997	0.00748	0.01121	0.01121	0.01246	0.00872	0.00872	0.01246	0.01121	0.01620	0.01869	0.02741	0.01745	0.05234	0.72710	0.01121	0.01869	0.00748	0.00374	0.00623
30	0.05230	0.01462	0.01721	0.01337	0.01849	0.01476	0.01100	0.29914	0.02467	0.36089	0.04422	0.02153	0.01635	0.00862	0.00684	0.00211	0.00640	0.00677	0.04943	0.01128
31	0.01727	0.01658	0.02832	0.04283	0.71123	0.01658	0.02142	0.02142	0.01589	0.02280	0.01313	0.01727	0.01105	0.00622	0.00691	0.00207	0.00829	0.00622	0.00345	0.01105
32	0.04066	0.00803	0.00939	0.10291	0.01403	0.00856	0.00712	0.03942	0.01405	0.02256	0.02148	0.07120	0.01949	0.17318	0.01219	0.00296	0.00510	0.00795	0.41335	0.00635
33	0.55611	0.08350	0.03973	0.03173	0.01667	0.05513	0.00994	0.07040	0.01418	0.02894	0.01045	0.01225	0.00823	0.00683	0.00543	0.00211	0.03180	0.00420	0.00423	0.00814
34	0.04054	0.01271	0.02149	0.35841	0.05679	0.01476	0.11557	0.01707	0.01381	0.01901	0.01706	0.15457	0.01636	0.01020	0.00940	0.00250	0.09926	0.00896	0.00384	0.00770
35	0.04355	0.00744	0.00935	0.00921	0.01080	0.00704	0.00683	0.01349	0.01727	0.05205	0.42441	0.16487	0.07412	0.07391	0.01038	0.00273	0.00409	0.05499	0.00699	0.00647
36	0.19406	0.24343	0.24161	0.05568	0.07637	0.01953	0.03917	0.02111	0.01403	0.02232	0.01114	0.01345	0.00884	0.00636	0.00556	0.00198	0.00819	0.00466	0.00333	0.00917
37	0.01084	0.00832	0.01140	0.01389	0.10193	0.00815	0.00849	0.03888	0.01453	0.01961	0.07898	0.38430	0.07222	0.13696	0.03752	0.00356	0.00567	0.03250	0.00573	0.00650
38	0.03114	0.01214	0.01636	0.01254	0.01795	0.01065	0.01036	0.05662	0.02042	0.69282	0.02716	0.02351	0.01709	0.00863	0.00702	0.00216	0.00600	0.00699	0.00858	0.01188
39	0.01389	0.01259	0.02065	0.54799	0.13875	0.01496	0.01816	0.01874	0.04103	0.01924	0.01368	0.01918	0.01057	0.00757	0.00750	0.02725	0.00859	0.00628	0.04524	0.00814
40	0.00932	0.00683	0.00930	0.01129	0.04488	0.00645	0.00742	0.01103	0.01427	0.01931	0.09180	0.57763	0.06549	0.01983	0.00867	0.00272	0.00430	0.05605	0.02730	0.00608
41	0.01574	0.01024	0.01222	0.01061	0.01349	0.01024	0.00835	0.14476	0.04741	0.09964	0.38025	0.04064	0.06578	0.01214	0.00758	0.00217	0.00458	0.03071	0.07518	0.00826
42	0.01015	0.00677	0.00761	0.00761	0.00761	0.00677	0.00423	0.01015	0.01015	0.01353	0.02199	0.04567	0.02537	0.75476	0.03552	0.00677	0.00677	0.01015	0.00423	0.00423
43	0.04783	0.62173	0.07014	0.01286	0.01876	0.09559	0.01267	0.02163	0.01468	0.01733	0.00996	0.01152	0.00890	0.00614	0.00477	0.00159	0.00804	0.00388	0.00309	0.00889
44	0.11864	0.04151	0.11597	0.05595	0.05838	0.01556	0.08556	0.02010	0.01396	0.09544	0.03766	0.01920	0.01320	0.01499	0.11893	0.00372	0.15213	0.00636	0.00413	0.00862
45	0.01063	0.00767	0.01049	0.01200	0.01347	0.00753	0.01013	0.01345	0.01565	0.02029	0.03942	0.17914	0.08541	0.01956	0.00944	0.00310	0.00588	0.52404	0.00644	0.00628
46	0.31554	0.07404	0.15609	0.09103	0.06727	0.01577	0.01395	0.01940	0.01338	0.02422	0.03419	0.01881	0.01237	0.03744	0.03232	0.00269	0.03079	0.02859	0.00387	0.00823
47	0.01169	0.10572	0.01334	0.00952	0.01169	0.00997	0.00753	0.01454	0.01805	0.04099	0.51660	0.04487	0.07420	0.05237	0.00972	0.00238	0.03220	0.01102	0.00669	0.00691
48	0.01633	0.01562	0.02663	0.20198	0.55941	0.01633	0.02095	0.02060	0.01545	0.02166	0.01296	0.01758	0.01065	0.00639	0.00692	0.00213	0.00852	0.00621	0.00337	0.01030
49	0.02609	0.03272	0.01982	0.01790	0.02158	0.69903	0.01347	0.05381	0.02029	0.01814	0.01102	0.01275	0.00910	0.00724	0.00632	0.00181	0.01239	0.00456	0.00373	0.00824
50	0.02117	0.01650	0.02052	0.02148	0.18744	0.01766	0.01408	0.40887	0.02534	0.03432	0.01961	0.14331	0.01758	0.01018	0.00730	0.00222	0.00720	0.00860	0.00604	0.01060
51	0.00993	0.00718	0.00933	0.00897	0.01057	0.00667	0.00678	0.01304	0.01899	0.02663	0.61313	0.05423	0.08239	0.04383	0.00940	0.00245	0.00366	0.05892	0.00742	0.00646
52	0.02258	0.01758	0.01872	0.01526	0.02014	0.01980	0.01231	0.40767	0.31952	0.03761	0.02177	0.02075	0.01593	0.00885	0.00703	0.00221	0.00675	0.00697	0.00703	0.01151
53	0.01212	0.00606	0.00909	0.00909	0.00909	0.00606	0.00606	0.00909	0.00909	0.01212	0.01212	0.02121	0.01212	0.02424	0.02727	0.79697	0.00606	0.00606	0.00303	0.00303
54	0.02607	0.03326	0.01978	0.01798	0.02157	0.72674	0.01348	0.02787	0.01978	0.01708	0.01079	0.01258	0.00899	0.00719	0.00629	0.00180	0.01258	0.00449	0.00360	0.00809
55	0.01829	0.01506	0.01601	0.01421	0.01828	0.01726	0.01111	0.06400	0.64429	0.05680	0.02788	0.02556	0.02075	0.00939	0.00709	0.00235	0.00563	0.00779	0.00716	0.01111
56	0.01092	0.00783	0.01086	0.01243	0.01394	0.00777	0.01067	0.01392	0.01582	0.02056	0.03792	0.13858	0.05732	0.01947	0.00954	0.00316	0.00614	0.59037	0.00643	0.00634
57	0.00879	0.00707	0.00786	0.00785	0.00989	0.00614	0.00590	0.01099	0.01681	0.02130	0.23783	0.09720	0.48233	0.01702	0.00832	0.00237	0.00359	0.03587	0.00680	0.00608
58	0.09271	0.59003	0.03182	0.01251	0.01800	0.12245	0.01174	0.02182	0.01473	0.01789	0.00985	0.01140	0.00883	0.00618	0.00471	0.00160	0.00797	0.00384	0.00319	0.00871
59	0.80405	0.01350	0.01026	0.00918	0.01350	0.01565	0.00756	0.02051	0.01188	0.03131	0.00972	0.01134	0.00756	0.00648	0.00432	0.00216	0.00540	0.00378	0.00432	0.00756
60	0.01000	0.00732	0.01064	0.01073	0.01185	0.00835	0.00816	0.01227	0.01136	0.01640	0.02011	0.06704	0.01956	0.10016	0.61624	0.01015	0.01657	0.00830	0.02876	0.00606
61	0.01116	0.00798	0.01113	0.01261	0.01422	0.00795	0.01097	0.01438	0.01628	0.02130	0.07647	0.07715	0.04167	0.01898	0.00956	0.00315	0.00624	0.62585	0.00650	0.00644
62	0.01402	0.01326	0.02244	0.59586	0.18364	0.01572	0.01980	0.01856	0.01435	0.01885	0.01255	0.01833	0.00966	0.00682	0.00696	0.00227	0.00910	0.00620	0.00317	0.00843
63	0.02402	0.02860	0.01983	0.04718	0.06271	0.55095	0.01393	0.07909	0.01995	0.01972	0.01268	0.01633	0.01076	0.00912	0.02976	0.00221	0.01178	0.02900	0.00395	0.00843
64	0.74613	0.04183	0.01164	0.03511	0.01489	0.01610	0.00814	0.02043	0.01204	0.03026	0.00981	0.01159	0.00767	0.00648	0.00442	0.00214	0.00562	0.00386	0.00422	0.00762
65	0.01592	0.18951	0.29523	0.12969	0.08016	0.04481	0.10900	0.02138	0.01499	0.02009	0.01207	0.01518	0.00933	0.00643	0.00643	0.00206	0.00966	0.00546	0.00312	0.00948
66	0.00970	0.00738	0.00868	0.00855	0.01018	0.00698	0.00626	0.01233	0.03873	0.02086	0.24536	0.05510	0.27530	0.15911	0.06327	0.00381	0.00536	0.05077	0.00624	0.00601
67	0.06710	0.17953	0.30421	0.04608	0.12657	0.01806	0.01856	0.02177	0.05075	0.02172	0.01282	0.01519	0.01009	0.00765	0.02424	0.00221	0.00871	0.00511	0.00344	0.05619
68	0.01994	0.26495	0.11760	0.05564	0.07014	0.23169	0.01511	0.07123	0.01735	0.01997	0.01271	0.04972	0.01116	0.00745	0.00601	0.00187	0.00937	0.00543	0.00366	0.00901
69	0.03131	0.01188	0.01619	0.01242	0.01781	0.01026	0.01026	0.03401	0.01997	0.71606	0.02753	0.02375	0.01727	0.00864	0.00702	0.00216	0.00594	0.00702	0.00864	0.01188
70	0.01103	0.00728	0.00925	0.00913	0.01091	0.00659	0.00678	0.01351	0.01746	0.07896	0.35994	0.21783	0.17021	0.01638	0.00834	0.00241	0.00383	0.03627	0.00722	0.00667
71	0.01613	0.06431	0.17116	0.05985	0.34551	0.01702	0.15711	0.02132	0.01572	0.02216	0.03482	0.01786	0.01204	0.00650	0.00702	0.00214	0.00925	0.00647	0.00346	0.01017
72	0.00946	0.00683	0.00906	0.00991	0.01102	0.00642	0.00738	0.01176	0.01605	0.02176	0.25860	0.37089	0.07388	0.01874	0.00880	0.00268	0.00423	0.13953	0.00686	0.00612
73	0.01015	0.00677	0.00761	0.00761	0.00761	0.00677	0.00423	0.01015	0.01015	0.01353	0.02199	0.04567	0.02537	0.75476	0.03552	0.00677	0.00677	0.01015	0.00423	0.00423
74	0.01888	0.69585	0.05927	0.01253	0.01853	0.06394	0.01250	0.02130	0.01449	0.01665	0.00986	0.01139	0.00895	0.00606	0.00465	0.00153	0.00783	0.00382	0.00302	0.00896
75	0.01519	0.03053	0.51496	0.02380	0.10681	0.01633	0.13135	0.02236	0.01527	0.03948	0.01322	0.01590	0.00958	0.00651	0.00693	0.00222	0.01021	0.00582	0.00324	0.01029
76	0.01060	0.00772	0.01042	0.01183	0.01341	0.00753	0.01004	0.01344	0.01578	0.02033	0.04127	0.14349	0.12342	0.01933	0.00939	0.00307	0.00583	0.52036	0.00644	0.00628
77	0.01492	0.01269	0.01471	0.01061	0.01674	0.00989	0.00850	0.03915	0.03214	0.02357	0.01294	0.01483	0.01066	0.00538	0.00527	0.00110	0.00526	0.00430	0.00430	0.75306
78	0.01456	0.08861	0.27064	0.02044	0.09672	0.01591	0.10576	0.02060	0.04928	0.02244	0.10923	0.02564	0.02001	0.00887	0.00810	0.00228	0.05168	0.05578	0.00419	0.00923
79	0.01388	0.01312	0.02220	0.61818	0.16235	0.01569	0.01973	0.01845	0.01429	0.01869	0.01253	0.01837	0.00960	0.00685	0.00696	0.00228	0.00913	0.00620	0.00316	0.00832
80	0.01968	0.65842	0.03424	0.01278	0.01842	0.12447	0.01215	0.02186	0.01495	0.01651	0.00985	0.01139	0.00896	0.00614	0.00473	0.00153	0.00817	0.00384	0.00307	0.00884
81	0.02077	0.00990	0.01336	0.01191	0.03679	0.00897	0.00894	0.02403	0.04075	0.36515	0.24068	0.10972	0.03564	0.03043	0.00831	0.00236	0.00499	0.01020	0.00778	0.00932
82	0.00872	0.00709	0.00773	0.00757	0.00972	0.00609	0.00568	0.01094	0.01703	0.02152	0.25688	0.06276	0.52054	0.01668	0.00824	0.00231	0.00346	0.01411	0.00683	0.00609
83	0.02599	0.01928	0.02064	0.01595	0.02143	0.02139	0.01313	0.64960	0.07205	0.04311	0.01744	0.01730	0.01242	0.00844	0.00699	0.00211	0.00755	0.00638	0.00699	0.01182
84	0.01192	0.00619	0.00929	0.00929	0.00941	0.00631	0.00631	0.00941	0.00929	0.01251	0.01274	0.02180	0.01262	0.02690	0.09347	0.72264	0.00726	0.00619	0.00310	0.00333
85	0.01736	0.01499	0.01578	0.01420	0.01815	0.01736	0.01105	0.03708	0.69862	0.02919	0.02840	0.02604	0.02130	0.00947	0.00710	0.00237	0.00552	0.00789	0.00710	0.01105
86	0.02532	0.01141	0.01480	0.01181	0.01631	0.01043	0.00958	0.07575	0.04547	0.47998	0.16106	0.03067	0.05521	0.01012	0.00731	0.00218	0.00543	0.00841	0.00819	0.01057
87	0.00916	0.00656	0.00866	0.01011	0.01081	0.00623	0.00725	0.01072	0.01380	0.01819	0.03834	0.53913	0.06999	0.07015	0.01081	0.00315	0.00469	0.15019	0.00632	0.00573
88	0.00841	0.00706	0.00732	0.00740	0.00963	0.00597	0.00556	0.01027	0.01600	0.01930	0.09930	0.09357	0.63445	0.01771	0.00831	0.00239	0.00362	0.03126	0.00654	0.00593
89	0.36052	0.14188	0.01838	0.01321	0.01750	0.30710	0.01068	0.02357	0.01546	0.02311	0.01015	0.01182	0.00837	0.00669	0.00515	0.00190	0.00866	0.00406	0.00381	0.00800
90	0.80405	0.01350	0.01026	0.00918	0.01350	0.01565	0.00756	0.02051	0.01188	0.03131	0.00972	0.01134	0.00756	0.00648	0.00432	0.00216	0.00540	0.00378	0.00432	0.00756
91	0.01007	0.00673	0.00763	0.00771	0.00773	0.00671	0.00434	0.01013	0.01031	0.01374	0.02280	0.08039	0.02639	0.71863	0.03421	0.00657	0.00663	0.01063	0.00434	0.00430
92	0.01114	0.00740	0.00953	0.00892	0.01083	0.00673	0.00671	0.01415	0.01910	0.07430	0.56839	0.08596	0.12110	0.01457	0.00818	0.00224	0.00354	0.01278	0.00758	0.00684
93	0.01737	0.01688	0.02785	0.06569	0.67049	0.03539	0.02114	0.02147	0.01593	0.02248	0.01304	0.01719	0.01094	0.00627	0.00689	0.00207	0.00844	0.00617	0.00345	0.01086
94	0.01806	0.01943	0.04604	0.13797	0.39179	0.14519	0.01890	0.02277	0.05625	0.02108	0.01328	0.01696	0.01086	0.00701	0.00760	0.00213	0.04528	0.00596	0.00361	0.00983
95	0.64181	0.11743	0.03630	0.03651	0.01589	0.01732	0.00916	0.02052	0.01236	0.02847	0.00990	0.01169	0.00785	0.00643	0.00451	0.00207	0.00598	0.00390	0.00405	0.00784
96	0.01164	0.00938	0.01337	0.08425	0.01607	0.01097	0.03271	0.01358	0.01212	0.01749	0.02101	0.16888	0.02208	0.17531	0.12836	0.00481	0.15395	0.00998	0.08777	0.00627
97	0.01233	0.00991	0.01318	0.01190	0.01260	0.01171	0.02558	0.04594	0.01177	0.01658	0.01776	0.03256	0.01882	0.37967	0.16697	0.00640	0.18802	0.00840	0.00396	0.00596
98	0.01440	0.07796	0.65213	0.02029	0.05540	0.01689	0.02480	0.02200	0.01474	0.02179	0.01238	0.01462	0.00893	0.00658	0.00651	0.00216	0.01007	0.00511	0.00297	0.01026
99	0.01527	0.05449	0.39304	0.02451	0.09700	0.01735	0.21597	0.02178	0.01511	0.02175	0.01276	0.01607	0.00958	0.00664	0.00791	0.00226	0.04925	0.00615	0.00317	0.00993
100	0.16680	0.01216	0.01515	0.01185	0.01706	0.01120	0.00978	0.03164	0.01855	0.59600	0.02441	0.02157	0.01557	0.00826	0.00654	0.00216	0.00584	0.00645	0.00788	0.01112
101	0.00856	0.00612	0.00815	0.00968	0.01013	0.00570	0.00648	0.00985	0.01362	0.01822	0.06518	0.72232	0.04694	0.02156	0.00888	0.00281	0.00402	0.01955	0.00653	0.00570
102	0.01556	0.07623	0.39754	0.01783	0.05272	0.01452	0.04443	0.02140	0.01603	0.09531	0.10439	0.04252	0.01974	0.00877	0.00701	0.00222	0.00837	0.04135	0.00447	0.00958
103	0.01217	0.00619	0.00826	0.00836	0.00887	0.00617	0.00573	0.01126	0.01099	0.01659	0.01684	0.06561	0.01584	0.01931	0.01953	0.51362	0.00511	0.00700	0.23832	0.00422
104	0.01015	0.00677	0.00761	0.00761	0.00761	0.00677	0.00423	0.01015	0.01015	0.01353	0.02199	0.04567	0.02537	0.75476	0.03552	0.00677	0.00677	0.01015	0.00423	0.00423
105	0.01426	0.01364	0.02385	0.53092	0.04225	0.01601	0.13177	0.04008	0.01485	0.01970	0.01307	0.01870	0.00992	0.00714	0.00790	0.00233	0.04555	0.00656	0.03338	0.00811
106	0.01412	0.03524	0.68521	0.02036	0.03051	0.01628	0.05832	0.02211	0.01482	0.02211	0.01260	0.01493	0.00893	0.00659	0.00671	0.00222	0.01038	0.00531	0.00298	0.01027
107	0.01124	0.00803	0.01124	0.01285	0.01446	0.00803	0.01124	0.01446	0.01606	0.02088	0.03695	0.07871	0.04016	0.01928	0.00964	0.00321	0.00643	0.66426	0.00643	0.00643
108	0.01496	0.01624	0.03434	0.02543	0.03116	0.01526	0.54141	0.01999	0.01600	0.02160	0.01920	0.12819	0.01775	0.00911	0.00843	0.00248	0.01028	0.05535	0.00415	0.00867
109	0.01020	0.00731	0.00943	0.06751	0.01342	0.00689	0.00739	0.01220	0.01533	0.05650	0.13305	0.36654	0.23275	0.01777	0.00837	0.00254	0.00433	0.01566	0.00648	0.00635
110	0.02479	0.10594	0.02128	0.01456	0.01964	0.01984	0.01214	0.45943	0.02679	0.12530	0.01749	0.01897	0.01309	0.05992	0.00906	0.00238	0.02573	0.00634	0.00643	0.01089
111	0.70608	0.01471	0.05142	0.01105	0.03807	0.01547	0.00919	0.02043	0.01231	0.03015	0.01089	0.01396	0.00883	0.00690	0.00471	0.00219	0.00581	0.02575	0.00428	0.00780
112	0.00984	0.00716	0.00927	0.00882	0.01051	0.00660	0.00667	0.01304	0.01943	0.02726	0.65161	0.05380	0.09909	0.01461	0.00828	0.00224	0.00341	0.03425	0.00758	0.00654
113	0.01532	0.02687	0.43531	0.06442	0.12375	0.01504	0.05707	0.02176	0.01574	0.06881	0.07570	0.01947	0.01492	0.00737	0.00694	0.00220	0.00913	0.00632	0.00386	0.00999
114	0.01501	0.01206	0.01435	0.01049	0.01634	0.00931	0.00840	0.01805	0.01453	0.05649	0.01355	0.01576	0.01113	0.00836	0.05156	0.00174	0.00607	0.00449	0.00433	0.70795
115	0.01866	0.75896	0.03657	0.01194	0.01791	0.02761	0.01194	0.02090	0.01418	0.01642	0.00970	0.01119	0.00896	0.00597	0.00448	0.00149	0.00746	0.00373	0.00299	0.00896
116	0.01026	0.00785	0.01154	0.01138	0.01249	0.00928	0.00881	0.01255	0.01112	0.01607	0.01838	0.02785	0.01747	0.09161	0.64898	0.01052	0.05636	0.00756	0.00373	0.00619
117	0.00988	0.00713	0.00933	0.00878	0.01043	0.00658	0.00658	0.01317	0.01975	0.02798	0.70754	0.05213	0.06584	0.01427	0.00823	0.00219	0.00329	0.01262	0.00768	0.00658
118	0.01938	0.01454	0.01587	0.01388	0.01801	0.01628	0.01090	0.06795	0.55420	0.11959	0.05069	0.02616	0.02182	0.00947	0.00712	0.00232	0.00561	0.00786	0.00732	0.01104
119	0.00912	0.00722	0.00831	0.00855	0.01056	0.00641	0.00667	0.01144	0.01661	0.02101	0.19065	0.08987	0.43627	0.01743	0.00852	0.00250	0.00403	0.13201	0.00671	0.00612
120	0.00914	0.00759	0.00783	0.00758	0.01001	0.00660	0.00574	0.03843	0.01692	0.02063	0.11976	0.06385	0.62769	0.01701	0.00819	0.00233	0.00369	0.01421	0.00660	0.00620
121	0.07479	0.01384	0.01674	0.01297	0.01820	0.01353	0.01070	0.21122	0.02278	0.46333	0.02334	0.02120	0.01525	0.00842	0.00676	0.00212	0.00627	0.00660	0.04053	0.01140
122	0.01502	0.00828	0.01092	0.00960	0.01218	0.00745	0.00743	0.01812	0.01967	0.19460	0.52063	0.04576	0.07620	0.01302	0.00794	0.00219	0.00394	0.01133	0.00787	0.00784
123	0.00849	0.00634	0.00789	0.00906	0.00997	0.00575	0.00620	0.00990	0.01417	0.01839	0.06769	0.56626	0.20327	0.02063	0.00873	0.00270	0.00390	0.01840	0.00652	0.00575
124	0.02713	0.01876	0.01917	0.01517	0.02036	0.10028	0.01232	0.38980	0.07396	0.22101	0.01977	0.01880	0.01364	0.00838	0.00692	0.00210	0.00763	0.00638	0.00704	0.01137
125	0.03131	0.01188	0.01619	0.01242	0.01781	0.01026	0.01026	0.03401	0.01997	0.71606	0.02753	0.02375	0.01727	0.00864	0.00702	0.00216	0.00594	0.00702	0.00864	0.01188
126	0.01373	0.00720	0.00727	0.00701	0.00885	0.00731	0.00532	0.05190	0.01560	0.02697	0.02245	0.02552	0.01757	0.00814	0.00499	0.00165	0.00349	0.00649	0.75177	0.00679
127	0.02949	0.01228	0.01614	0.01265	0.01786	0.01118	0.01036	0.03441	0.10861	0.62635	0.02764	0.02405	0.01780	0.00875	0.00703	0.00219	0.00588	0.00713	0.00844	0.01177
128	0.02519	0.12024	0.02183	0.01720	0.02113	0.62261	0.01329	0.04571	0.01947	0.01776	0.01082	0.01253	0.00907	0.00708	0.00609	0.00177	0.01183	0.00445	0.00362	0.00830
129	0.00856	0.00611	0.00815	0.00968	0.01013	0.00570	0.00648	0.00985	0.01361	0.01821	0.06476	0.72276	0.04693	0.02156	0.00888	0.00281	0.00402	0.01955	0.00653	0.00570
130	0.75850	0.01340	0.01061	0.00937	0.01375	0.01534	0.00772	0.02131	0.01235	0.07167	0.01077	0.01207	0.00813	0.00660	0.00448	0.00216	0.00543	0.00397	0.00457	0.00781
131	0.02505	0.01327	0.01601	0.01322	0.01796	0.01344	0.01061	0.03539	0.32449	0.40785	0.02792	0.02478	0.01908	0.00901	0.00705	0.00225	0.00575	0.00741	0.00795	0.01150
132	0.00850	0.00607	0.00810	0.00972	0.01012	0.00567	0.00648	0.00972	0.01336	0.01781	0.03846	0.75020	0.04615	0.02186	0.00891	0.00283	0.00405	0.01984	0.00648	0.00567
133	0.58214	0.01485	0.01288	0.01098	0.01553	0.01701	0.00900	0.15807	0.07133	0.03372	0.01265	0.01362	0.00954	0.00711	0.00509	0.00216	0.00587	0.00462	0.00509	0.00872
134	0.00965	0.00709	0.00856	0.00919	0.01025	0.00670	0.00630	0.04350	0.01482	0.01944	0.08765	0.44525	0.16763	0.11560	0.01212	0.00318	0.00443	0.01644	0.00629	0.00589
135	0.68841	0.01440	0.01185	0.01020	0.01471	0.01654	0.00841	0.11978	0.01499	0.03319	0.01076	0.01214	0.00820	0.00676	0.00471	0.00215	0.00574	0.00415	0.00471	0.00820
136	0.00865	0.00609	0.00805	0.00961	0.01006	0.00569	0.00643	0.00993	0.01340	0.01808	0.03796	0.72687	0.04524	0.02142	0.00878	0.00280	0.00402	0.01941	0.03183	0.00569
137	0.01212	0.00606	0.00909	0.00909	0.00909	0.00606	0.00606	0.00909	0.00909	0.01212	0.01212	0.02121	0.01212	0.02424	0.02727	0.79697	0.00606	0.00606	0.00303	0.00303
138	0.01003	0.00778	0.00913	0.00899	0.01093	0.00731	0.00673	0.02875	0.06218	0.02358	0.30938	0.16106	0.27553	0.01627	0.00828	0.00239	0.00383	0.03421	0.00700	0.00662
139	0.01765	0.01924	0.02102	0.01824	0.01904	0.17724	0.01487	0.01924	0.01270	0.01686	0.00952	0.01467	0.00912	0.01110	0.01923	0.00278	0.58080	0.00575	0.00317	0.00773
140	0.01318	0.01240	0.02093	0.73798	0.04806	0.01550	0.01938	0.01783	0.01395	0.01783	0.01240	0.01860	0.00930	0.00698	0.00698	0.00233	0.00930	0.00620	0.00310	0.00775
141	0.00980	0.00680	0.00855	0.00886	0.00923	0.00702	0.00571	0.01061	0.01100	0.01496	0.02429	0.17317	0.02739	0.45191	0.19371	0.00708	0.00907	0.01133	0.00453	0.00497
142	0.00958	0.00712	0.00891	0.00847	0.01024	0.00646	0.00635	0.01259	0.01905	0.02631	0.59081	0.05488	0.18362	0.01489	0.00823	0.00222	0.00334	0.01301	0.00746	0.00646

[dist]
# distance from previous block
# <min> <max>
0	1

[block]
# block no. 2 follows, 30 sequences, length 158
# corresponding to MSA columns:
# 289-446
name=unknown_C
#
# <colnr> <probs for GDERKNQSTAVLIFYWHMCP>
#	G	D	E	R	K	N	Q	S	T	A	V	L	I	F	Y	W	H	M	C	P
0	0.01039	0.00758	0.00999	0.01126	0.01244	0.00754	0.00876	0.01372	0.06031	0.02003	0.05664	0.36144	0.04164	0.04979	0.01018	0.00311	0.00526	0.29717	0.00644	0.00632
1	0.11486	0.01795	0.07649	0.06865	0.33560	0.01723	0.08219	0.11392	0.05950	0.02678	0.01415	0.01704	0.01106	0.00679	0.00672	0.00216	0.00822	0.00614	0.00422	0.01034
2	0.06615	0.01704	0.03240	0.13598	0.16534	0.01725	0.37116	0.04858	0.01622	0.02307	0.01338	0.01785	0.01031	0.00641	0.00786	0.00229	0.02855	0.00713	0.00363	0.00942
3	0.01796	0.29067	0.25238	0.04661	0.06674	0.01987	0.01714	0.05768	0.01609	0.08335	0.03945	0.01613	0.01214	0.00710	0.00646	0.00196	0.02930	0.00529	0.00391	0.00977
4	0.00998	0.00670	0.00766	0.00782	0.00786	0.00666	0.00445	0.01010	0.01047	0.01396	0.02363	0.11593	0.02744	0.68167	0.03286	0.00637	0.00649	0.01111	0.00445	0.00437
5	0.01611	0.01603	0.02538	0.32541	0.36342	0.06094	0.05224	0.02040	0.01537	0.02038	0.01273	0.01760	0.01018	0.00657	0.00696	0.00217	0.00914	0.00620	0.00332	0.00943
6	0.02153	0.35553	0.05270	0.01517	0.01989	0.34751	0.01316	0.02377	0.01658	0.01693	0.01055	0.01256	0.00922	0.00811	0.02737	0.00199	0.03132	0.00431	0.00329	0.00849
7	0.02539	0.03226	0.01929	0.01756	0.02111	0.69932	0.01317	0.02719	0.01963	0.01715	0.01307	0.01466	0.03559	0.00759	0.00637	0.00182	0.01224	0.00488	0.00371	0.00801
8	0.00939	0.00711	0.00866	0.00827	0.01013	0.00638	0.00620	0.01223	0.01861	0.02527	0.51810	0.05660	0.25699	0.01528	0.00824	0.00224	0.00336	0.01325	0.00732	0.00638
9	0.01367	0.01291	0.02183	0.65376	0.12841	0.01563	0.01963	0.01826	0.01419	0.01843	0.01249	0.01844	0.00951	0.00688	0.00697	0.00229	0.00918	0.00620	0.00314	0.00815
10	0.00935	0.00706	0.00864	0.00835	0.01013	0.00635	0.00622	0.01212	0.01837	0.02494	0.49727	0.09011	0.24438	0.01559	0.00827	0.00227	0.00340	0.01356	0.00729	0.00635
11	0.04881	0.02109	0.01781	0.01502	0.01900	0.23348	0.01185	0.30963	0.04605	0.03066	0.01634	0.04363	0.01306	0.00860	0.00710	0.00202	0.03627	0.00623	0.10384	0.00949
12	0.02607	0.03326	0.01978	0.01798	0.02157	0.72674	0.01348	0.02787	0.01978	0.01708	0.01079	0.01258	0.00899	0.00719	0.00629	0.00180	0.01258	0.00449	0.00360	0.00809
13	0.02527	0.01892	0.02023	0.01580	0.02116	0.02105	0.01296	0.59861	0.12421	0.04195	0.01835	0.01803	0.01316	0.00853	0.00700	0.00213	0.00738	0.00650	0.00700	0.01175
14	0.00863	0.00613	0.00806	0.00955	0.00993	0.00575	0.00630	0.00975	0.01311	0.01748	0.03718	0.69519	0.04453	0.07909	0.01098	0.00314	0.00426	0.01908	0.00630	0.00556
15	0.00846	0.00712	0.00737	0.00742	0.00971	0.00602	0.00564	0.01036	0.01607	0.01933	0.09555	0.06709	0.64935	0.01761	0.00831	0.00239	0.00366	0.04605	0.00653	0.00595
16	0.01838	0.73504	0.03570	0.01184	0.01767	0.02694	0.01177	0.02065	0.01436	0.01679	0.03190	0.01250	0.01076	0.00623	0.00460	0.00151	0.00733	0.00401	0.00313	0.00888
17	0.01065	0.00761	0.01054	0.01206	0.01343	0.00750	0.01011	0.01346	0.01568	0.02057	0.06479	0.21074	0.04240	0.01958	0.00944	0.00310	0.00583	0.50974	0.00649	0.00628
18	0.00997	0.00748	0.01121	0.01121	0.01246	0.00872	0.00872	0.01246	0.01121	0.01620	0.01869	0.02741	0.01745	0.05234	0.72710	0.01121	0.01869	0.00748	0.00374	0.00623
19	0.02282	0.01409	0.01548	0.01236	0.01662	0.01493	0.01005	0.36763	0.02488	0.14060	0.02037	0.02086	0.01467	0.00834	0.00630	0.00195	0.00596	0.00647	0.26552	0.01011
20	0.01318	0.01240	0.02093	0.73798	0.04806	0.01550	0.01938	0.01783	0.01395	0.01783	0.01240	0.01860	0.00930	0.00698	0.00698	0.00233	0.00930	0.00620	0.00310	0.00775
21	0.01301	0.00650	0.00650	0.00650	0.00813	0.00650	0.00488	0.01626	0.01463	0.02602	0.02276	0.02602	0.01789	0.00813	0.00488	0.00163	0.00325	0.00650	0.79350	0.00650
22	0.80405	0.01350	0.01026	0.00918	0.01350	0.01565	0.00756	0.02051	0.01188	0.03131	0.00972	0.01134	0.00756	0.00648	0.00432	0.00216	0.00540	0.00378	0.00432	0.00756
23	0.01302	0.00679	0.00720	0.04190	0.01006	0.00694	0.00558	0.01634	0.01460	0.02562	0.02226	0.02566	0.01747	0.00807	0.00498	0.00166	0.00354	0.00649	0.75525	0.00656
24	0.00946	0.00759	0.00850	0.00819	0.01037	0.00688	0.00616	0.01295	0.06043	0.02307	0.31673	0.05870	0.41416	0.01583	0.00817	0.00229	0.00357	0.01347	0.00699	0.00649
25	0.06472	0.11888	0.53862	0.04074	0.02854	0.01757	0.05471	0.02174	0.01455	0.02189	0.01208	0.01441	0.00887	0.00652	0.00632	0.00213	0.00970	0.00508	0.00307	0.00986
26	0.00946	0.00655	0.00795	0.00856	0.00885	0.00642	0.00533	0.01009	0.01160	0.01545	0.02960	0.31149	0.05456	0.42061	0.05805	0.00536	0.00621	0.01382	0.00513	0.00492
27	0.03131	0.01188	0.01619	0.01242	0.01781	0.01026	0.01026	0.03401	0.01997	0.71606	0.02753	0.02375	0.01727	0.00864	0.00702	0.00216	0.00594	0.00702	0.00864	0.01188
28	0.01304	0.01132	0.01789	0.51494	0.03683	0.01398	0.01593	0.01698	0.01374	0.01903	0.01539	0.06558	0.01296	0.00855	0.00814	0.00231	0.07133	0.00710	0.12754	0.00741
29	0.01557	0.01904	0.09221	0.02682	0.03353	0.01652	0.56756	0.02124	0.01593	0.02182	0.01539	0.05428	0.01250	0.00896	0.04293	0.00279	0.01161	0.00851	0.00364	0.00915
30	0.00967	0.00709	0.00907	0.00864	0.01032	0.00649	0.00646	0.01275	0.01917	0.02677	0.62410	0.07636	0.12737	0.01484	0.00825	0.00223	0.00334	0.01306	0.00753	0.00649
31	0.01015	0.00677	0.00761	0.00761	0.00761	0.00677	0.00423	0.01015	0.01015	0.01353	0.02199	0.04567	0.02537	0.75476	0.03552	0.00677	0.00677	0.01015	0.00423	0.00423
32	0.03893	0.36158	0.18563	0.01618	0.04709	0.02173	0.03442	0.02006	0.01394	0.01900	0.03554	0.01500	0.01131	0.00875	0.02907	0.00227	0.12224	0.00507	0.00325	0.00895
33	0.04661	0.01831	0.06830	0.16213	0.32741	0.07534	0.03893	0.06625	0.05993	0.04888	0.01439	0.01756	0.01120	0.00690	0.00682	0.00214	0.00866	0.00612	0.00405	0.01005
34	0.01124	0.00803	0.01124	0.01285	0.01446	0.00803	0.01124	0.01446	0.01606	0.02088	0.03695	0.07871	0.04016	0.01928	0.00964	0.00321	0.00643	0.66426	0.00643	0.00643
35	0.01624	0.01678	0.11452	0.01566	0.04866	0.01327	0.06840	0.08687	0.07933	0.04915	0.01694	0.06518	0.01436	0.03204	0.00785	0.00198	0.02749	0.00663	0.00473	0.31393
36	0.03895	0.04969	0.08767	0.03178	0.41393	0.08042	0.06727	0.02241	0.04913	0.02274	0.03708	0.01818	0.01300	0.00680	0.00675	0.00206	0.00854	0.00625	0.02720	0.01013
37	0.01331	0.01258	0.02096	0.69263	0.04619	0.01587	0.01912	0.01776	0.01375	0.01776	0.01220	0.01839	0.00929	0.00731	0.00798	0.00237	0.05547	0.00620	0.00310	0.00774
38	0.02130	0.01833	0.01791	0.01520	0.01966	0.08918	0.01203	0.25502	0.40740	0.03296	0.02274	0.02158	0.01691	0.00887	0.00698	0.00222	0.00695	0.00701	0.00671	0.01103
39	0.00878	0.00629	0.00835	0.00952	0.01018	0.00586	0.00650	0.01043	0.01467	0.01990	0.17583	0.60688	0.05020	0.02030	0.00877	0.00270	0.00389	0.01836	0.00672	0.00586
40	0.00981	0.00713	0.00924	0.00871	0.01038	0.00656	0.00653	0.01304	0.01960	0.02761	0.68138	0.05274	0.09224	0.01441	0.00823	0.00220	0.00330	0.01271	0.00763	0.00656
41	0.02590	0.01924	0.02059	0.01593	0.02140	0.02135	0.01311	0.64380	0.07798	0.04298	0.01754	0.01738	0.01251	0.00845	0.00699	0.00211	0.00753	0.00639	0.00699	0.01181
42	0.01212	0.00606	0.00909	0.00909	0.00909	0.00606	0.00606	0.00909	0.00909	0.01212	0.01212	0.02121	0.01212	0.02424	0.02727	0.79697	0.00606	0.00606	0.00303	0.00303
43	0.02607	0.03326	0.01978	0.01798	0.02157	0.72674	0.01348	0.02787	0.01978	0.01708	0.01079	0.01258	0.00899	0.00719	0.00629	0.00180	0.01258	0.00449	0.00360	0.00809
44	0.02608	0.01933	0.02069	0.01597	0.02147	0.02143	0.01316	0.65648	0.06501	0.04326	0.01732	0.01720	0.01232	0.00843	0.00699	0.00211	0.00757	0.00636	0.00699	0.01183
45	0.00889	0.00715	0.00801	0.00825	0.01029	0.00626	0.00635	0.01103	0.01630	0.02032	0.15173	0.10969	0.48810	0.01768	0.00847	0.00248	0.00392	0.10239	0.00664	0.00604
46	0.00838	0.00706	0.00729	0.00744	0.00967	0.00597	0.00561	0.01019	0.01579	0.01889	0.06773	0.10069	0.64855	0.01794	0.00834	0.00242	0.00368	0.04199	0.00648	0.00590
47	0.04929	0.00767	0.00962	0.00891	0.01089	0.00718	0.00676	0.01442	0.01924	0.06109	0.61783	0.04932	0.08393	0.01374	0.00798	0.00220	0.00353	0.01200	0.00752	0.00686
48	0.80405	0.01350	0.01026	0.00918	0.01350	0.01565	0.00756	0.02051	0.01188	0.03131	0.00972	0.01134	0.00756	0.00648	0.00432	0.00216	0.00540	0.00378	0.00432	0.00756
49	0.00983	0.00663	0.00770	0.00801	0.00809	0.00656	0.00466	0.01007	0.01076	0.01435	0.02513	0.18010	0.02934	0.61492	0.03044	0.00602	0.00625	0.01200	0.00466	0.00450
50	0.03131	0.01188	0.01619	0.01242	0.01781	0.01026	0.01026	0.03401	0.01997	0.71606	0.02753	0.02375	0.01727	0.00864	0.00702	0.00216	0.00594	0.00702	0.00864	0.01188
51	0.01656	0.00869	0.01143	0.01016	0.01281	0.00795	0.00776	0.01980	0.04023	0.23860	0.36353	0.13426	0.04540	0.03966	0.00888	0.00244	0.00440	0.01160	0.00768	0.00816
52	0.02607	0.03326	0.01978	0.01798	0.02157	0.72674	0.01348	0.02787	0.01978	0.01708	0.01079	0.01258	0.00899	0.00719	0.00629	0.00180	0.01258	0.00449	0.00360	0.00809
53	0.80405	0.01350	0.01026	0.00918	0.01350	0.01565	0.00756	0.02051	0.01188	0.03131	0.00972	0.01134	0.00756	0.00648	0.00432	0.00216	0.00540	0.00378	0.00432	0.00756
54	0.01557	0.01597	0.01631	0.01473	0.01556	0.16322	0.01130	0.01679	0.01268	0.01612	0.01523	0.08005	0.01624	0.19377	0.04509	0.00395	0.32909	0.00787	0.00374	0.00670
55	0.02740	0.01169	0.01548	0.01200	0.01713	0.01017	0.00981	0.03088	0.04728	0.56520	0.07800	0.02508	0.02045	0.00875	0.00693	0.00206	0.00564	0.00719	0.00805	0.09082
56	0.03704	0.16871	0.35220	0.01587	0.02252	0.01728	0.01790	0.02004	0.01472	0.04347	0.06415	0.02188	0.05664	0.00875	0.00828	0.00220	0.09071	0.02471	0.00383	0.00908
57	0.01551	0.17249	0.51022	0.01791	0.02655	0.06276	0.02166	0.02186	0.01501	0.02064	0.01306	0.01702	0.01039	0.00715	0.00634	0.00210	0.00972	0.03672	0.00316	0.00973
58	0.02960	0.01340	0.01699	0.01316	0.01850	0.01267	0.01083	0.14739	0.06496	0.55645	0.02572	0.02268	0.01659	0.00864	0.00702	0.00216	0.00621	0.00695	0.00825	0.01182
59	0.00850	0.00607	0.00810	0.00972	0.01012	0.00567	0.00648	0.00972	0.01336	0.01781	0.03846	0.75020	0.04615	0.02186	0.00891	0.00283	0.00405	0.01984	0.00648	0.00567
60	0.01594	0.02362	0.26319	0.02268	0.14668	0.08474	0.10158	0.04577	0.05004	0.02357	0.11005	0.04524	0.01924	0.00827	0.00718	0.00218	0.00886	0.00734	0.00429	0.00954
61	0.01002	0.00743	0.01051	0.01058	0.01146	0.00842	0.00782	0.01187	0.01120	0.01585	0.02096	0.10054	0.02152	0.18512	0.50182	0.00929	0.03651	0.00915	0.00408	0.00583
62	0.01015	0.00677	0.00761	0.00761	0.00761	0.00677	0.00423	0.01015	0.01015	0.01353	0.02199	0.04567	0.02537	0.75476	0.03552	0.00677	0.00677	0.01015	0.00423	0.00423
63	0.04430	0.20094	0.04189	0.11402	0.02251	0.20123	0.01331	0.06582	0.01634	0.01966	0.03428	0.01680	0.01213	0.01354	0.10418	0.00320	0.05847	0.00542	0.00373	0.00823
64	0.01560	0.01207	0.01786	0.10887	0.09532	0.01248	0.07353	0.14191	0.01806	0.06825	0.02543	0.32762	0.02617	0.01345	0.00790	0.00246	0.00668	0.01222	0.00569	0.00841
65	0.01124	0.00803	0.01124	0.01285	0.01446	0.00803	0.01124	0.01446	0.01606	0.02088	0.03695	0.07871	0.04016	0.01928	0.00964	0.00321	0.00643	0.66426	0.00643	0.00643
66	0.01598	0.01770	0.03749	0.07826	0.08538	0.01693	0.56374	0.02145	0.01613	0.02189	0.01493	0.04874	0.01199	0.00664	0.00808	0.00235	0.01103	0.00843	0.00362	0.00926
67	0.01721	0.02197	0.16329	0.06703	0.42011	0.10826	0.02044	0.02182	0.01626	0.02193	0.04625	0.01791	0.01291	0.00685	0.00684	0.00208	0.00906	0.00609	0.00356	0.01015
68	0.01494	0.10663	0.57808	0.01915	0.04755	0.01687	0.02306	0.02193	0.01473	0.04322	0.01299	0.01526	0.00954	0.00852	0.03640	0.00251	0.01018	0.00520	0.00318	0.01008
69	0.67784	0.01431	0.04098	0.09564	0.01827	0.01566	0.00971	0.02026	0.01224	0.02933	0.01015	0.01234	0.00782	0.00654	0.00473	0.00218	0.00606	0.00412	0.00412	0.00769
70	0.01008	0.00674	0.00763	0.00770	0.00772	0.00672	0.00432	0.01013	0.01028	0.01371	0.02267	0.07497	0.02623	0.72427	0.03441	0.00660	0.00665	0.01055	0.00432	0.00429
71	0.01690	0.01870	0.10507	0.05801	0.49355	0.01656	0.08887	0.05341	0.01651	0.02341	0.01402	0.03758	0.01172	0.00679	0.00707	0.00215	0.00875	0.00669	0.00365	0.01059
72	0.01447	0.01240	0.01447	0.01034	0.01654	0.00930	0.00827	0.01757	0.01447	0.02274	0.01240	0.01447	0.01034	0.00517	0.00517	0.00103	0.00517	0.00413	0.00413	0.79742
