[name]
unknown

[dist]
# distance from previous block
# <min> <max>
0	136

[block]
# block no. 0 follows, 27 sequences, length 13
# corresponding to MSA columns:
# 149-161
name=unknown_A
#
# <colnr> <probs for GDERKNQSTAVLIFYWHMCP>
#	G	D	E	R	K	N	Q	S	T	A	V	L	I	F	Y	W	H	M	C	P
0	0.01174	0.00840	0.01165	0.01301	0.01473	0.00831	0.01121	0.01517	0.01769	0.02337	0.13829	0.07943	0.04689	0.01970	0.01003	0.00325	0.00633	0.54692	0.00704	0.00686
1	0.37592	0.19990	0.02005	0.01194	0.01718	0.08800	0.01024	0.02421	0.01532	0.10694	0.01292	0.01397	0.01001	0.00701	0.00525	0.00200	0.00711	0.00452	0.00470	0.06281
2	0.01539	0.01319	0.01539	0.01100	0.01759	0.00990	0.00880	0.01869	0.01539	0.02419	0.01319	0.01539	0.01100	0.00550	0.00550	0.00110	0.00550	0.00440	0.00440	0.78449
3	0.01539	0.01319	0.01539	0.01100	0.01759	0.00990	0.00880	0.01869	0.01539	0.02419	0.01319	0.01539	0.01100	0.00550	0.00550	0.00110	0.00550	0.00440	0.00440	0.78449
4	0.01539	0.01319	0.01539	0.01100	0.01759	0.00990	0.00880	0.01869	0.01539	0.02419	0.01319	0.01539	0.01100	0.00550	0.00550	0.00110	0.00550	0.00440	0.00440	0.78449
5	0.01662	0.07287	0.01776	0.01155	0.01808	0.01236	0.00947	0.06300	0.01669	0.02518	0.01328	0.01528	0.01099	0.00580	0.00557	0.00122	0.00588	0.00452	0.00450	0.66938
6	0.01449	0.01332	0.02109	0.35191	0.19645	0.01430	0.01736	0.01857	0.01552	0.02104	0.02006	0.08041	0.06226	0.00906	0.00741	0.00227	0.00815	0.00813	0.00409	0.11414
7	0.02257	0.02479	0.01894	0.01846	0.07578	0.38907	0.01297	0.02617	0.06072	0.05521	0.07085	0.06886	0.01880	0.00924	0.00707	0.00201	0.00986	0.00708	0.00494	0.09659
8	0.01605	0.01508	0.05688	0.01238	0.01859	0.01184	0.01045	0.05362	0.09768	0.02585	0.01698	0.05487	0.01442	0.00726	0.00615	0.00151	0.00595	0.00595	0.00499	0.56352
9	0.02203	0.02164	0.10822	0.01836	0.07766	0.14136	0.01463	0.13596	0.09830	0.11638	0.02059	0.07954	0.01702	0.03818	0.00851	0.00242	0.00850	0.00770	0.00580	0.05719
10	0.01754	0.07679	0.06052	0.06042	0.05656	0.03511	0.01318	0.05066	0.19150	0.04885	0.02064	0.08747	0.01766	0.00948	0.00791	0.00215	0.04746	0.00765	0.00539	0.18304
11	0.04755	0.10340	0.07519	0.01364	0.01869	0.01570	0.01194	0.12489	0.11011	0.13259	0.07395	0.12313	0.02348	0.01076	0.00721	0.00223	0.00653	0.00885	0.00644	0.08373
12	0.02201	0.07146	0.10827	0.01553	0.02142	0.01871	0.01405	0.26255	0.16885	0.09055	0.06267	0.02385	0.04012	0.00934	0.00727	0.00224	0.00733	0.00739	0.00666	0.03972

[dist]
# distance from previous block
# <min> <max>
23	144

[block]
# block no. 1 follows, 27 sequences, length 144
# corresponding to MSA columns:
# 338-414,417-483
name=unknown_B
#
# <colnr> <probs for GDERKNQSTAVLIFYWHMCP>
#	G	D	E	R	K	N	Q	S	T	A	V	L	I	F	Y	W	H	M	C	P
0	0.01788	0.01737	0.10200	0.05178	0.16149	0.01451	0.04371	0.06847	0.08862	0.08014	0.08734	0.05153	0.02045	0.00875	0.00730	0.00213	0.00738	0.00770	0.00544	0.15603
1	0.01971	0.04691	0.02415	0.14989	0.16542	0.01723	0.06924	0.11895	0.04794	0.10611	0.01937	0.09384	0.01642	0.00971	0.00885	0.00244	0.05993	0.00836	0.00528	0.01026
2	0.02066	0.01953	0.09187	0.02245	0.13870	0.04649	0.08546	0.11022	0.06464	0.10494	0.01686	0.01872	0.01271	0.00776	0.00837	0.00214	0.06049	0.00646	0.00514	0.15640
3	0.01846	0.04269	0.07214	0.14805	0.08596	0.04496	0.15095	0.09733	0.01888	0.05977	0.04370	0.04396	0.01499	0.00791	0.00740	0.00218	0.00904	0.00732	0.00469	0.11961
4	0.01947	0.01828	0.02771	0.07327	0.13969	0.06444	0.20471	0.09249	0.08732	0.05462	0.04454	0.02099	0.01514	0.00757	0.00760	0.00221	0.00921	0.00737	0.00497	0.09840
5	0.05287	0.01593	0.01973	0.12432	0.05244	0.04066	0.04132	0.20735	0.04771	0.10249	0.11359	0.02413	0.02085	0.00893	0.00732	0.00218	0.00748	0.00744	0.00619	0.09707
6	0.13183	0.01850	0.05168	0.02846	0.23866	0.01790	0.18937	0.10049	0.04705	0.02841	0.01480	0.01792	0.01152	0.00692	0.00720	0.00224	0.00898	0.00669	0.00448	0.06690
7	0.22425	0.01765	0.02346	0.04198	0.02474	0.04437	0.17434	0.15797	0.04394	0.12116	0.01655	0.01801	0.01194	0.00756	0.00692	0.00228	0.00844	0.00650	0.00561	0.04233
8	0.02501	0.01630	0.01704	0.01387	0.01831	0.09098	0.01101	0.22378	0.02449	0.24320	0.12673	0.02990	0.05346	0.06007	0.00969	0.00258	0.00719	0.00843	0.00748	0.01049
9	0.02559	0.01589	0.04228	0.01399	0.01996	0.01434	0.01177	0.22138	0.02341	0.27917	0.02173	0.05082	0.01580	0.00871	0.00703	0.00201	0.00675	0.00698	0.00714	0.20525
10	0.01068	0.00778	0.01011	0.00940	0.01132	0.00711	0.00707	0.01417	0.02082	0.02958	0.66539	0.05406	0.06799	0.01484	0.00864	0.00229	0.00357	0.01311	0.00804	0.03403
11	0.01539	0.01319	0.01539	0.01100	0.01759	0.00990	0.00880	0.01869	0.01539	0.02419	0.01319	0.01539	0.01100	0.00550	0.00550	0.00110	0.00550	0.00440	0.00440	0.78449
12	0.01061	0.00795	0.01193	0.01193	0.01326	0.00928	0.00928	0.01326	0.01193	0.01723	0.01988	0.02916	0.01856	0.05568	0.70968	0.01193	0.01988	0.00795	0.00398	0.00663
13	0.01878	0.01652	0.02020	0.02254	0.18217	0.01842	0.01450	0.05727	0.49691	0.02996	0.02586	0.02510	0.01968	0.00920	0.00750	0.00243	0.00667	0.00790	0.00661	0.01178
14	0.00877	0.00752	0.00752	0.00752	0.01003	0.00627	0.00564	0.01065	0.01692	0.02005	0.07520	0.07144	0.68978	0.01880	0.00877	0.00251	0.00376	0.01567	0.00689	0.00627
15	0.01539	0.01319	0.01539	0.01100	0.01759	0.00990	0.00880	0.01869	0.01539	0.02419	0.01319	0.01539	0.01100	0.00550	0.00550	0.00110	0.00550	0.00440	0.00440	0.78449
16	0.01640	0.02382	0.28121	0.01662	0.02429	0.01503	0.03961	0.07366	0.10528	0.02636	0.01714	0.04886	0.01373	0.00777	0.00681	0.00199	0.00806	0.00641	0.00465	0.26229
17	0.01289	0.00645	0.00967	0.00967	0.00967	0.00645	0.00645	0.00967	0.00967	0.01289	0.01289	0.02257	0.01289	0.02579	0.02901	0.78401	0.00645	0.00645	0.00322	0.00322
18	0.02820	0.02143	0.02222	0.01717	0.02302	0.05298	0.01412	0.64018	0.03430	0.04554	0.01755	0.01763	0.01249	0.00886	0.00739	0.00221	0.00840	0.00660	0.00727	0.01245
19	0.53172	0.01780	0.11979	0.01217	0.01797	0.01570	0.01159	0.02471	0.01468	0.15319	0.01427	0.01504	0.01014	0.00734	0.00550	0.00231	0.00666	0.00488	0.00521	0.00934
20	0.02012	0.01314	0.01684	0.10614	0.02236	0.01146	0.01106	0.04984	0.01785	0.19663	0.04448	0.02020	0.01516	0.00722	0.00647	0.00168	0.00632	0.00593	0.00575	0.42136
21	0.01539	0.01319	0.01539	0.01100	0.01759	0.00990	0.00880	0.01869	0.01539	0.02419	0.01319	0.01539	0.01100	0.00550	0.00550	0.00110	0.00550	0.00440	0.00440	0.78449
22	0.07320	0.00973	0.01004	0.03592	0.01279	0.01035	0.00729	0.11275	0.01815	0.03055	0.02184	0.02479	0.01693	0.00851	0.00556	0.00187	0.00456	0.00666	0.58061	0.00789
23	0.01624	0.01624	0.02274	0.01949	0.01949	0.02274	0.01624	0.01787	0.01137	0.01787	0.00975	0.01624	0.00975	0.01299	0.02436	0.00325	0.72552	0.00650	0.00325	0.00812
24	0.01850	0.02265	0.10876	0.10216	0.11417	0.10618	0.26604	0.04760	0.01736	0.02279	0.01357	0.01796	0.01063	0.00755	0.00968	0.00244	0.09130	0.00706	0.00372	0.00986
25	0.01078	0.00727	0.00844	0.00844	0.00856	0.00738	0.00493	0.01102	0.01090	0.01465	0.02308	0.04684	0.02623	0.67767	0.09818	0.00762	0.00834	0.01054	0.00445	0.00469
26	0.01303	0.01133	0.01962	0.01628	0.01914	0.01178	0.17190	0.04094	0.01437	0.02003	0.04303	0.03027	0.01960	0.14140	0.38357	0.00817	0.01513	0.00872	0.00428	0.00740
27	0.00903	0.00651	0.00856	0.01019	0.01073	0.00604	0.00683	0.01035	0.01435	0.01901	0.04267	0.70039	0.08184	0.02303	0.00944	0.00299	0.00428	0.02083	0.00689	0.00604
28	0.01489	0.03840	0.70064	0.02116	0.03213	0.01724	0.02743	0.02351	0.01567	0.02351	0.01332	0.01567	0.00940	0.00705	0.00705	0.00235	0.01097	0.00549	0.00313	0.01097
29	0.01039	0.00758	0.00976	0.00921	0.01102	0.00695	0.00691	0.01378	0.02073	0.02909	0.64615	0.05657	0.11319	0.01543	0.00876	0.00235	0.00352	0.01358	0.00808	0.00695
30	0.00904	0.00646	0.00861	0.01034	0.01077	0.00603	0.00689	0.01034	0.01421	0.01895	0.04092	0.73426	0.04910	0.02326	0.00948	0.00301	0.00431	0.02110	0.00689	0.00603
31	0.01837	0.01764	0.03013	0.04557	0.69279	0.01764	0.02278	0.02278	0.01690	0.02425	0.01396	0.01837	0.01176	0.00661	0.00735	0.00220	0.00882	0.00661	0.00367	0.01176
32	0.01876	0.58901	0.18394	0.01456	0.02192	0.02672	0.01593	0.02251	0.01521	0.01879	0.01098	0.01273	0.00950	0.00651	0.00527	0.00176	0.00860	0.00430	0.00317	0.00984
33	0.79154	0.01436	0.01091	0.00976	0.01436	0.01665	0.00804	0.02182	0.01263	0.03331	0.01034	0.01206	0.00804	0.00689	0.00459	0.00230	0.00574	0.00402	0.00459	0.00804
34	0.02788	0.01574	0.01812	0.01414	0.01937	0.01620	0.01160	0.34093	0.02703	0.27919	0.02294	0.02201	0.01568	0.00897	0.00710	0.00218	0.00678	0.00700	0.12538	0.01176
35	0.00886	0.00752	0.00764	0.00761	0.01008	0.00630	0.00571	0.01083	0.01713	0.02055	0.10656	0.07063	0.65811	0.01862	0.00877	0.00250	0.00375	0.01555	0.00696	0.00630
36	0.00980	0.00783	0.00880	0.00858	0.01080	0.00699	0.00642	0.01298	0.04335	0.02406	0.30151	0.08623	0.41154	0.01727	0.00874	0.00246	0.00376	0.01474	0.00740	0.00674
37	0.01985	0.61711	0.11034	0.01408	0.02076	0.07510	0.01443	0.02288	0.01556	0.01818	0.01073	0.01242	0.00952	0.00652	0.00515	0.00169	0.00865	0.00419	0.00322	0.00962
38	0.01756	0.01871	0.03737	0.08314	0.22954	0.01827	0.41036	0.02370	0.04040	0.02384	0.01512	0.01980	0.01171	0.00658	0.00821	0.00241	0.01102	0.00797	0.00383	0.01046
39	0.01011	0.00697	0.00857	0.00923	0.00949	0.00690	0.00576	0.01080	0.01218	0.01634	0.02983	0.30887	0.03482	0.41669	0.07536	0.00594	0.00701	0.01453	0.00537	0.00524
40	0.02051	0.47281	0.06068	0.01673	0.06637	0.15615	0.01429	0.02319	0.01610	0.01832	0.01131	0.01369	0.01008	0.00901	0.03652	0.00223	0.03462	0.00463	0.00337	0.00939
41	0.01045	0.00759	0.00984	0.00928	0.01105	0.00698	0.00696	0.01389	0.02087	0.02944	0.66794	0.05600	0.09119	0.01530	0.00876	0.00234	0.00351	0.01350	0.00813	0.00698
42	0.01376	0.01202	0.01470	0.01366	0.01472	0.06201	0.01071	0.01594	0.01273	0.01839	0.01725	0.02594	0.01624	0.09322	0.33412	0.00727	0.21275	0.00745	0.09009	0.00703
43	0.01637	0.03264	0.49064	0.02770	0.21100	0.04594	0.02563	0.02357	0.01623	0.02349	0.01342	0.01631	0.01005	0.00696	0.00712	0.00229	0.01049	0.00576	0.00331	0.01109
44	0.01837	0.01764	0.03013	0.04557	0.69279	0.01764	0.02278	0.02278	0.01690	0.02425	0.01396	0.01837	0.01176	0.00661	0.00735	0.00220	0.00882	0.00661	0.00367	0.01176
45	0.79154	0.01436	0.01091	0.00976	0.01436	0.01665	0.00804	0.02182	0.01263	0.03331	0.01034	0.01206	0.00804	0.00689	0.00459	0.00230	0.00574	0.00402	0.00459	0.00804
46	0.03331	0.01263	0.01723	0.01321	0.01895	0.01091	0.01091	0.03618	0.02125	0.69794	0.02929	0.02527	0.01838	0.00919	0.00747	0.00230	0.00632	0.00747	0.00919	0.01263
47	0.01061	0.00795	0.01193	0.01193	0.01326	0.00928	0.00928	0.01326	0.01193	0.01723	0.01988	0.02916	0.01856	0.05568	0.70968	0.01193	0.01988	0.00795	0.00398	0.00663
48	0.01142	0.00815	0.01134	0.01305	0.01452	0.00807	0.01101	0.01444	0.01655	0.02160	0.03961	0.20566	0.04392	0.02102	0.01011	0.00334	0.00636	0.52630	0.00685	0.00668
49	0.01080	0.00720	0.00810	0.00810	0.00810	0.00720	0.00450	0.01080	0.01080	0.01439	0.02339	0.04858	0.02699	0.73910	0.03779	0.00720	0.00720	0.01080	0.00450	0.00450
50	0.79154	0.01436	0.01091	0.00976	0.01436	0.01665	0.00804	0.02182	0.01263	0.03331	0.01034	0.01206	0.00804	0.00689	0.00459	0.00230	0.00574	0.00402	0.00459	0.00804
51	0.01402	0.01319	0.02227	0.72126	0.05113	0.01649	0.02062	0.01897	0.01484	0.01897	0.01319	0.01979	0.00990	0.00742	0.00742	0.00247	0.00990	0.00660	0.00330	0.00825
52	0.01182	0.14021	0.01472	0.00984	0.01236	0.01084	0.00786	0.01468	0.01869	0.02517	0.42031	0.12652	0.13011	0.01493	0.00812	0.00230	0.00442	0.01286	0.00697	0.00726
53	0.09910	0.61205	0.03429	0.01246	0.01845	0.02700	0.01208	0.04873	0.01587	0.02076	0.03516	0.01374	0.01169	0.00683	0.00500	0.00171	0.00756	0.00443	0.00368	0.00941
54	0.00900	0.00665	0.00841	0.00982	0.01063	0.00607	0.00666	0.01039	0.01471	0.01915	0.04716	0.61355	0.16578	0.02245	0.00935	0.00292	0.00421	0.02011	0.00689	0.00607
55	0.01384	0.00692	0.00692	0.00692	0.00865	0.00692	0.00519	0.01730	0.01557	0.02768	0.02422	0.02768	0.01903	0.00865	0.00519	0.00173	0.00346	0.00692	0.78031	0.00692
56	0.01985	0.74357	0.03890	0.01270	0.01905	0.02937	0.01270	0.02223	0.01508	0.01747	0.01032	0.01191	0.00953	0.00635	0.00476	0.00159	0.00794	0.00397	0.00318	0.00953
57	0.01080	0.00720	0.00810	0.00810	0.00810	0.00720	0.00450	0.01080	0.01080	0.01439	0.02339	0.04858	0.02699	0.73910	0.03779	0.00720	0.00720	0.01080	0.00450	0.00450
58	0.01425	0.00883	0.01123	0.01003	0.01258	0.00814	0.00772	0.04396	0.02125	0.12233	0.51272	0.05118	0.11775	0.01442	0.00852	0.00234	0.00411	0.01253	0.00816	0.00795
59	0.00904	0.00646	0.00861	0.01034	0.01077	0.00603	0.00689	0.01034	0.01421	0.01895	0.04092	0.73426	0.04910	0.02326	0.00948	0.00301	0.00431	0.02110	0.00689	0.00603
60	0.01489	0.03840	0.70064	0.02116	0.03213	0.01724	0.02743	0.02351	0.01567	0.02351	0.01332	0.01567	0.00940	0.00705	0.00705	0.00235	0.01097	0.00549	0.00313	0.01097
61	0.01624	0.01624	0.02274	0.01949	0.01949	0.02274	0.01624	0.01787	0.01137	0.01787	0.00975	0.01624	0.00975	0.01299	0.02436	0.00325	0.72552	0.00650	0.00325	0.00812
62	0.01592	0.01351	0.01568	0.01125	0.01782	0.01044	0.00902	0.04552	0.01620	0.02512	0.01339	0.01549	0.01106	0.00564	0.00558	0.00115	0.00561	0.00449	0.00452	0.75259
63	0.02022	0.01682	0.01778	0.01546	0.01997	0.01929	0.01218	0.15284	0.56313	0.03389	0.02798	0.02592	0.02085	0.00986	0.00753	0.00247	0.00629	0.00808	0.00753	0.01191
64	0.00890	0.00753	0.00769	0.00765	0.01010	0.00632	0.00574	0.01089	0.01721	0.02075	0.11920	0.07030	0.64535	0.01854	0.00877	0.00249	0.00374	0.01551	0.00699	0.00632
65	0.02822	0.02079	0.02228	0.01708	0.02302	0.02302	0.01411	0.66804	0.03490	0.04679	0.01782	0.01782	0.01262	0.00891	0.00743	0.00223	0.00817	0.00668	0.00743	0.01262
66	0.01402	0.01319	0.02227	0.72126	0.05113	0.01649	0.02062	0.01897	0.01484	0.01897	0.01319	0.01979	0.00990	0.00742	0.00742	0.00247	0.00990	0.00660	0.00330	0.00825
67	0.01080	0.00720	0.00810	0.00810	0.00810	0.00720	0.00450	0.01080	0.01080	0.01439	0.02339	0.04858	0.02699	0.73910	0.03779	0.00720	0.00720	0.01080	0.00450	0.00450
68	0.01624	0.01624	0.02274	0.01949	0.01949	0.02274	0.01624	0.01787	0.01137	0.01787	0.00975	0.01624	0.00975	0.01299	0.02436	0.00325	0.72552	0.00650	0.00325	0.00812
69	0.03283	0.01340	0.01770	0.01357	0.01933	0.01205	0.01121	0.09575	0.02254	0.63655	0.02821	0.02457	0.01783	0.00916	0.00746	0.00229	0.00649	0.00739	0.00902	0.01263
70	0.01051	0.00759	0.00992	0.00934	0.01109	0.00700	0.00700	0.01401	0.02101	0.02977	0.68888	0.05545	0.07005	0.01518	0.00876	0.00233	0.00350	0.01343	0.00817	0.00700
71	0.00894	0.00686	0.00820	0.00927	0.01049	0.00612	0.00642	0.01046	0.01524	0.01937	0.05389	0.48348	0.29150	0.02157	0.00921	0.00282	0.00410	0.01905	0.00689	0.00612
72	0.01752	0.02003	0.04380	0.03129	0.03880	0.01877	0.66583	0.02378	0.01752	0.02378	0.01502	0.02003	0.01126	0.00626	0.00876	0.00250	0.01252	0.00876	0.00375	0.01001
73	0.01076	0.00733	0.00879	0.00879	0.00903	0.00757	0.00536	0.01124	0.01100	0.01491	0.02276	0.04508	0.02547	0.61582	0.15898	0.00805	0.00949	0.01028	0.00440	0.00488
74	0.01901	0.01926	0.02820	0.11583	0.54385	0.09935	0.02155	0.02318	0.01717	0.02296	0.01359	0.01794	0.01130	0.00682	0.00728	0.00220	0.00948	0.00640	0.00365	0.01100
75	0.14962	0.01494	0.02076	0.41920	0.09106	0.01762	0.01739	0.11417	0.04062	0.02628	0.01403	0.01835	0.01057	0.00757	0.00694	0.00239	0.00871	0.00623	0.00429	0.00925
76	0.02757	0.02581	0.04784	0.01785	0.02335	0.22713	0.01469	0.45332	0.03004	0.03738	0.01576	0.01642	0.01159	0.00846	0.00719	0.00214	0.00983	0.00607	0.00619	0.01137
77	0.79154	0.01436	0.01091	0.00976	0.01436	0.01665	0.00804	0.02182	0.01263	0.03331	0.01034	0.01206	0.00804	0.00689	0.00459	0.00230	0.00574	0.00402	0.00459	0.00804
78	0.08167	0.30512	0.12599	0.01511	0.02150	0.08927	0.03693	0.04722	0.01766	0.14522	0.03927	0.01710	0.01336	0.00754	0.00614	0.00200	0.00846	0.00551	0.00478	0.01013
79	0.03314	0.01291	0.01740	0.01334	0.01909	0.01132	0.01102	0.05752	0.02171	0.67595	0.02890	0.02502	0.01818	0.00918	0.00746	0.00229	0.00638	0.00744	0.00913	0.01263
80	0.01061	0.00792	0.01177	0.01177	0.01304	0.00919	0.00908	0.01315	0.01188	0.01712	0.02003	0.02997	0.01891	0.08390	0.68194	0.01174	0.01936	0.00807	0.00400	0.00654
81	0.00919	0.00685	0.00856	0.00958	0.01065	0.00622	0.00664	0.01092	0.01576	0.02071	0.13937	0.49476	0.19140	0.02115	0.00922	0.00281	0.00408	0.01884	0.00707	0.00622
82	0.01064	0.00781	0.01122	0.01122	0.01230	0.00889	0.00839	0.01280	0.01172	0.01671	0.02053	0.03276	0.02012	0.18224	0.58525	0.01105	0.01754	0.00848	0.00407	0.00623
83	0.01985	0.74357	0.03890	0.01270	0.01905	0.02937	0.01270	0.02223	0.01508	0.01747	0.01032	0.01191	0.00953	0.00635	0.00476	0.00159	0.00794	0.00397	0.00318	0.00953
84	0.00909	0.00655	0.00863	0.01019	0.01075	0.00608	0.00685	0.01050	0.01460	0.01944	0.06900	0.68087	0.07446	0.02275	0.00942	0.00297	0.00425	0.02058	0.00694	0.00608
85	0.63202	0.04741	0.01396	0.01117	0.01599	0.04167	0.00925	0.10688	0.01595	0.03388	0.01136	0.01285	0.00876	0.00716	0.00504	0.00224	0.00642	0.00439	0.00488	0.00872
86	0.02822	0.02079	0.02228	0.01708	0.02302	0.02302	0.01411	0.66804	0.03490	0.04679	0.01782	0.01782	0.01262	0.00891	0.00743	0.00223	0.00817	0.00668	0.00743	0.01262
87	0.01846	0.01595	0.01679	0.01511	0.01930	0.01846	0.01175	0.03945	0.67938	0.03105	0.03022	0.02770	0.02266	0.01007	0.00755	0.00252	0.00588	0.00839	0.00755	0.01175
88	0.01624	0.01624	0.02274	0.01949	0.01949	0.02274	0.01624	0.01787	0.01137	0.01787	0.00975	0.01624	0.00975	0.01299	0.02436	0.00325	0.72552	0.00650	0.00325	0.00812
89	0.79154	0.01436	0.01091	0.00976	0.01436	0.01665	0.00804	0.02182	0.01263	0.03331	0.01034	0.01206	0.00804	0.00689	0.00459	0.00230	0.00574	0.00402	0.00459	0.00804
90	0.01885	0.01614	0.01701	0.01519	0.01945	0.01865	0.01184	0.06456	0.65364	0.03168	0.02972	0.02730	0.02226	0.01003	0.00755	0.00251	0.00597	0.00832	0.00755	0.01179
91	0.01145	0.00804	0.00903	0.00899	0.00946	0.00826	0.00543	0.01370	0.07971	0.01646	0.02545	0.09972	0.02826	0.60862	0.03248	0.00639	0.00684	0.01135	0.00500	0.00536
92	0.00944	0.00738	0.00855	0.00860	0.01052	0.00650	0.00632	0.01181	0.01798	0.02338	0.29084	0.16601	0.36981	0.01817	0.00887	0.00252	0.00375	0.01568	0.00735	0.00650
93	0.02773	0.03538	0.02104	0.01913	0.02295	0.70930	0.01434	0.02964	0.02104	0.01817	0.01148	0.01339	0.00956	0.00765	0.00669	0.00191	0.01339	0.00478	0.00383	0.00861
94	0.01837	0.01764	0.03013	0.04557	0.69279	0.01764	0.02278	0.02278	0.01690	0.02425	0.01396	0.01837	0.01176	0.00661	0.00735	0.00220	0.00882	0.00661	0.00367	0.01176
95	0.02722	0.03034	0.02199	0.02040	0.06881	0.48197	0.01486	0.19661	0.02439	0.02609	0.01331	0.01489	0.01052	0.00791	0.00693	0.00202	0.01171	0.00541	0.00476	0.00988
96	0.01731	0.02213	0.13195	0.03247	0.15585	0.01836	0.46177	0.02356	0.01716	0.02383	0.01459	0.01913	0.01110	0.00643	0.00827	0.00243	0.01164	0.00792	0.00365	0.01046
97	0.01042	0.00758	0.00980	0.00925	0.01104	0.00697	0.00693	0.01384	0.02080	0.02927	0.65752	0.05627	0.10171	0.01536	0.00876	0.00234	0.00352	0.01354	0.00811	0.00697
98	0.01821	0.15564	0.24027	0.02708	0.25126	0.04305	0.02074	0.04722	0.08280	0.02405	0.01477	0.01710	0.01166	0.00716	0.00679	0.00216	0.00917	0.00590	0.00394	0.01103
99	0.01882	0.01864	0.03023	0.04363	0.63156	0.05303	0.04891	0.02317	0.01714	0.02392	0.01388	0.01819	0.01163	0.00665	0.00737	0.00220	0.00921	0.00661	0.00369	0.01153
100	0.01780	0.01844	0.02602	0.33807	0.27790	0.11972	0.05344	0.02217	0.01664	0.02100	0.01331	0.01834	0.01059	0.00710	0.00736	0.00230	0.01016	0.00644	0.00354	0.00966
101	0.01199	0.01013	0.03505	0.01079	0.01327	0.00938	0.00853	0.01872	0.14034	0.02904	0.49967	0.07772	0.07745	0.01441	0.00851	0.00240	0.00424	0.01262	0.00779	0.00794
102	0.01065	0.00777	0.01099	0.01099	0.01199	0.00877	0.00811	0.01265	0.01165	0.01654	0.02074	0.03392	0.02062	0.22300	0.54518	0.01077	0.01678	0.00865	0.00410	0.00611
103	0.01085	0.00798	0.01025	0.00983	0.01171	0.00753	0.00753	0.01494	0.04545	0.02878	0.58390	0.05742	0.09306	0.01558	0.00883	0.00244	0.00388	0.06493	0.00798	0.00714
104	0.01852	0.55484	0.21601	0.01497	0.02255	0.02613	0.01664	0.02257	0.01524	0.01908	0.01112	0.01292	0.00949	0.00654	0.00538	0.00179	0.00875	0.00438	0.00316	0.00991
105	0.00904	0.00646	0.00861	0.01034	0.01077	0.00603	0.00689	0.01034	0.01421	0.01895	0.04092	0.73426	0.04910	0.02326	0.00948	0.00301	0.00431	0.02110	0.00689	0.00603
106	0.01719	0.01770	0.02199	0.07339	0.02194	0.09356	0.01601	0.01916	0.01279	0.01831	0.01068	0.01660	0.01005	0.01186	0.02056	0.00300	0.57141	0.00634	0.02932	0.00814
107	0.01051	0.00759	0.00992	0.00934	0.01109	0.00700	0.00700	0.01401	0.02101	0.02977	0.68888	0.05545	0.07005	0.01518	0.00876	0.00233	0.00350	0.01343	0.00817	0.00700
108	0.79154	0.01436	0.01091	0.00976	0.01436	0.01665	0.00804	0.02182	0.01263	0.03331	0.01034	0.01206	0.00804	0.00689	0.00459	0.00230	0.00574	0.00402	0.00459	0.00804
109	0.01985	0.74357	0.03890	0.01270	0.01905	0.02937	0.01270	0.02223	0.01508	0.01747	0.01032	0.01191	0.00953	0.00635	0.00476	0.00159	0.00794	0.00397	0.00318	0.00953
110	0.01051	0.00759	0.00992	0.00934	0.01109	0.00700	0.00700	0.01401	0.02101	0.02977	0.68888	0.05545	0.07005	0.01518	0.00876	0.00233	0.00350	0.01343	0.00817	0.00700
111	0.00906	0.00739	0.00804	0.00840	0.01048	0.00637	0.00624	0.01099	0.01663	0.02039	0.09390	0.18683	0.51836	0.01951	0.00897	0.00263	0.00400	0.04857	0.00695	0.00629
112	0.01402	0.01319	0.02227	0.72126	0.05113	0.01649	0.02062	0.01897	0.01484	0.01897	0.01319	0.01979	0.00990	0.00742	0.00742	0.00247	0.00990	0.00660	0.00330	0.00825
113	0.01080	0.00720	0.00810	0.00810	0.00810	0.00720	0.00450	0.01080	0.01080	0.01439	0.02339	0.04858	0.02699	0.73910	0.03779	0.00720	0.00720	0.01080	0.00450	0.00450
114	0.79154	0.01436	0.01091	0.00976	0.01436	0.01665	0.00804	0.02182	0.01263	0.03331	0.01034	0.01206	0.00804	0.00689	0.00459	0.00230	0.00574	0.00402	0.00459	0.00804
115	0.15597	0.01636	0.02658	0.10070	0.02784	0.01906	0.21743	0.02026	0.01402	0.02266	0.01307	0.04427	0.01142	0.00955	0.01345	0.00275	0.26487	0.00732	0.00379	0.00863
116	0.02822	0.02079	0.02228	0.01708	0.02302	0.02302	0.01411	0.66804	0.03490	0.04679	0.01782	0.01782	0.01262	0.00891	0.00743	0.00223	0.00817	0.00668	0.00743	0.01262
117	0.02536	0.01937	0.02067	0.01650	0.02193	0.02168	0.01342	0.48364	0.22397	0.04217	0.02146	0.02072	0.01557	0.00925	0.00746	0.00231	0.00750	0.00719	0.00746	0.01237
118	0.01402	0.01319	0.02227	0.72126	0.05113	0.01649	0.02062	0.01897	0.01484	0.01897	0.01319	0.01979	0.00990	0.00742	0.00742	0.00247	0.00990	0.00660	0.00330	0.00825
119	0.00938	0.00670	0.00899	0.01072	0.01129	0.00632	0.00747	0.01091	0.01454	0.01932	0.04073	0.66044	0.04838	0.02295	0.00956	0.00306	0.00459	0.09165	0.00688	0.00612
120	0.01063	0.00787	0.01150	0.01150	0.01267	0.00904	0.00874	0.01298	0.01180	0.01691	0.02028	0.03137	0.01952	0.13323	0.63344	0.01139	0.01844	0.00828	0.00404	0.00639
121	0.00893	0.00753	0.00773	0.00768	0.01012	0.00633	0.00576	0.01095	0.01729	0.02092	0.12981	0.07002	0.63464	0.01848	0.00877	0.00249	0.00374	0.01547	0.00701	0.00633
122	0.01066	0.00714	0.00814	0.00827	0.00830	0.00711	0.00468	0.01076	0.01106	0.01474	0.02473	0.10104	0.02868	0.68433	0.03562	0.00688	0.00698	0.01158	0.00468	0.00462
123	0.01742	0.02072	0.06858	0.03091	0.03855	0.01872	0.64175	0.02377	0.01745	0.02377	0.01495	0.01986	0.01119	0.00629	0.00870	0.00250	0.01246	0.00864	0.00373	0.01005
124	0.79154	0.01436	0.01091	0.00976	0.01436	0.01665	0.00804	0.02182	0.01263	0.03331	0.01034	0.01206	0.00804	0.00689	0.00459	0.00230	0.00574	0.00402	0.00459	0.00804
125	0.01539	0.01319	0.01539	0.01100	0.01759	0.00990	0.00880	0.01869	0.01539	0.02419	0.01319	0.01539	0.01100	0.00550	0.00550	0.00110	0.00550	0.00440	0.00440	0.78449
126	0.02460	0.01862	0.01963	0.01566	0.02112	0.04683	0.01266	0.35570	0.20072	0.08974	0.02121	0.02055	0.01541	0.00881	0.00722	0.00217	0.00733	0.00686	0.00712	0.09802
127	0.01743	0.39064	0.34218	0.01686	0.02508	0.02354	0.01961	0.02264	0.01521	0.02026	0.01168	0.01381	0.00948	0.00694	0.00660	0.00200	0.03800	0.00477	0.00316	0.01013
128	0.00904	0.00646	0.00861	0.01034	0.01077	0.00603	0.00689	0.01034	0.01421	0.01895	0.04092	0.73426	0.04910	0.02326	0.00948	0.00301	0.00431	0.02110	0.00689	0.00603
129	0.01184	0.00845	0.01182	0.01353	0.01518	0.00844	0.01174	0.01516	0.01697	0.02208	0.03938	0.11183	0.04300	0.02063	0.01022	0.00340	0.00673	0.61598	0.00684	0.00680
130	0.01463	0.01244	0.01488	0.03631	0.01802	0.00970	0.00900	0.01776	0.01524	0.02341	0.01632	0.09648	0.01525	0.00757	0.00601	0.00136	0.00552	0.00636	0.00464	0.66910
131	0.01539	0.01319	0.01539	0.01100	0.01759	0.00990	0.00880	0.01869	0.01539	0.02419	0.01319	0.01539	0.01100	0.00550	0.00550	0.00110	0.00550	0.00440	0.00440	0.78449
132	0.01489	0.03840	0.70064	0.02116	0.03213	0.01724	0.02743	0.02351	0.01567	0.02351	0.01332	0.01567	0.00940	0.00705	0.00705	0.00235	0.01097	0.00549	0.00313	0.01097
133	0.02213	0.01602	0.02458	0.08095	0.37920	0.01619	0.01812	0.05215	0.09368	0.19177	0.01968	0.02121	0.01453	0.00779	0.00741	0.00228	0.00792	0.00703	0.00559	0.01176
134	0.02074	0.66321	0.03687	0.01343	0.01950	0.10653	0.01289	0.02307	0.01576	0.01755	0.01045	0.01208	0.00953	0.00650	0.00498	0.00162	0.00856	0.00406	0.00325	0.00942
135	0.01102	0.00698	0.00937	0.01043	0.01132	0.00647	0.00716	0.01241	0.01507	0.06699	0.09199	0.59960	0.04716	0.02172	0.01009	0.03537	0.00447	0.01891	0.00700	0.00645
136	0.01858	0.01877	0.03174	0.03891	0.46711	0.04653	0.16411	0.02460	0.06937	0.02443	0.01537	0.01927	0.01242	0.00685	0.00765	0.00228	0.00960	0.00715	0.00400	0.01124
137	0.01196	0.00951	0.01336	0.10787	0.06754	0.00987	0.01071	0.04160	0.04226	0.02262	0.12580	0.34674	0.06226	0.01878	0.03903	0.00312	0.00627	0.04695	0.00628	0.00745
138	0.01173	0.00903	0.01109	0.01189	0.04209	0.00864	0.00862	0.06635	0.01830	0.02382	0.14118	0.18929	0.25542	0.04216	0.00997	0.00286	0.00508	0.12845	0.00689	0.00713
139	0.01496	0.01416	0.02397	0.57490	0.19012	0.01674	0.02109	0.01979	0.01529	0.02011	0.01336	0.01948	0.01030	0.00725	0.00741	0.00242	0.00966	0.00660	0.00338	0.00901
140	0.01608	0.10769	0.41411	0.02392	0.10601	0.01868	0.10900	0.02277	0.01600	0.02296	0.03576	0.01751	0.01198	0.00734	0.00784	0.00231	0.03986	0.00619	0.00346	0.01053
141	0.05660	0.01192	0.01567	0.01269	0.01744	0.01086	0.01035	0.05667	0.02067	0.49532	0.09725	0.05956	0.02546	0.01240	0.03210	0.00271	0.00649	0.03624	0.00846	0.01114
142	0.01837	0.01764	0.03013	0.04557	0.69279	0.01764	0.02278	0.02278	0.01690	0.02425	0.01396	0.01837	0.01176	0.00661	0.00735	0.00220	0.00882	0.00661	0.00367	0.01176
143	0.01044	0.00836	0.01079	0.01093	0.01317	0.00766	0.03543	0.01304	0.01686	0.02114	0.08049	0.09632	0.35718	0.04350	0.01032	0.00301	0.00537	0.24270	0.00671	0.00659

[dist]
# distance from previous block
# <min> <max>
0	1

[block]
# block no. 2 follows, 27 sequences, length 33
# corresponding to MSA columns:
# 485-517
name=unknown_C
#
# <colnr> <probs for GDERKNQSTAVLIFYWHMCP>
#	G	D	E	R	K	N	Q	S	T	A	V	L	I	F	Y	W	H	M	C	P
0	0.01469	0.01446	0.02588	0.57805	0.04780	0.01712	0.12802	0.01973	0.01515	0.01973	0.01336	0.01969	0.01012	0.00745	0.00833	0.00251	0.03906	0.00695	0.00337	0.00854
1	0.01490	0.02978	0.45294	0.04698	0.03178	0.01629	0.15401	0.02215	0.01610	0.02311	0.01714	0.04933	0.01442	0.00878	0.00780	0.00251	0.01061	0.06751	0.00376	0.01011
2	0.02013	0.09128	0.45779	0.01851	0.02758	0.04481	0.02180	0.02662	0.01715	0.18061	0.01673	0.01751	0.01152	0.00752	0.00694	0.00226	0.00973	0.00579	0.00458	0.01114
3	0.01196	0.00900	0.01221	0.01404	0.04396	0.00888	0.01131	0.01581	0.03961	0.02276	0.08029	0.07576	0.12744	0.01902	0.00976	0.00315	0.00629	0.47481	0.00681	0.00715
4	0.01489	0.01263	0.01866	0.04759	0.04661	0.01368	0.09199	0.12391	0.01782	0.02427	0.02725	0.36703	0.02968	0.01598	0.01093	0.00280	0.10631	0.01393	0.00580	0.00824
5	0.01885	0.60186	0.17188	0.01440	0.02168	0.02694	0.01566	0.02249	0.01520	0.01868	0.01092	0.01267	0.00950	0.00649	0.00522	0.00174	0.00855	0.00427	0.00317	0.00982
6	0.01412	0.01305	0.02271	0.41753	0.06589	0.01475	0.10334	0.01881	0.01587	0.02067	0.02032	0.03656	0.01877	0.01067	0.00834	0.00271	0.00939	0.17394	0.00430	0.00825
7	0.01501	0.03754	0.66993	0.02163	0.03244	0.01731	0.05727	0.02352	0.01576	0.02352	0.01340	0.01588	0.00949	0.00702	0.00713	0.00236	0.01104	0.00564	0.00316	0.01093
8	0.03230	0.04822	0.01863	0.01346	0.01925	0.01267	0.01123	0.08102	0.02194	0.61846	0.02755	0.02409	0.01754	0.00903	0.00733	0.00226	0.00653	0.00724	0.00877	0.01248
9	0.02822	0.02079	0.02228	0.01708	0.02302	0.02302	0.01411	0.66804	0.03490	0.04679	0.01782	0.01782	0.01262	0.00891	0.00743	0.00223	0.00817	0.00668	0.00743	0.01262
10	0.00915	0.00654	0.00871	0.01026	0.01079	0.00610	0.00690	0.01061	0.01472	0.01976	0.08918	0.68369	0.05066	0.02266	0.00942	0.00296	0.00425	0.02053	0.00699	0.00610
11	0.01390	0.01278	0.02165	0.45626	0.03959	0.01469	0.08977	0.04465	0.01584	0.02066	0.01976	0.17866	0.01888	0.01088	0.00803	0.00259	0.00888	0.01007	0.00432	0.00813
12	0.01402	0.01319	0.02227	0.72126	0.05113	0.01649	0.02062	0.01897	0.01484	0.01897	0.01319	0.01979	0.00990	0.00742	0.00742	0.00247	0.00990	0.00660	0.00330	0.00825
13	0.03331	0.01263	0.01723	0.01321	0.01895	0.01091	0.01091	0.03618	0.02125	0.69794	0.02929	0.02527	0.01838	0.00919	0.00747	0.00230	0.00632	0.00747	0.00919	0.01263
14	0.01548	0.01468	0.02490	0.49485	0.26614	0.01688	0.02134	0.02025	0.01553	0.02074	0.01345	0.01932	0.01052	0.00715	0.00740	0.00238	0.00954	0.00660	0.00342	0.00942
15	0.01589	0.01383	0.05036	0.09819	0.02560	0.01289	0.19180	0.04271	0.01699	0.09854	0.05267	0.27195	0.02748	0.01337	0.00905	0.00265	0.02906	0.01261	0.00569	0.00867
16	0.01575	0.09467	0.53510	0.02214	0.03215	0.01852	0.13296	0.02345	0.01593	0.02305	0.01335	0.01608	0.00973	0.00686	0.00715	0.00231	0.01097	0.00591	0.00324	0.01069
17	0.03331	0.01263	0.01723	0.01321	0.01895	0.01091	0.01091	0.03618	0.02125	0.69794	0.02929	0.02527	0.01838	0.00919	0.00747	0.00230	0.00632	0.00747	0.00919	0.01263
18	0.02793	0.01957	0.02142	0.01654	0.02227	0.02142	0.01364	0.58724	0.03279	0.10098	0.01888	0.01892	0.01336	0.01087	0.03642	0.00263	0.00850	0.00680	0.00743	0.01238
19	0.01211	0.03792	0.01307	0.13813	0.01921	0.00954	0.01041	0.01457	0.01504	0.04631	0.03247	0.37828	0.03586	0.04788	0.00995	0.00301	0.00604	0.12015	0.04311	0.00694
20	0.03311	0.01295	0.01742	0.01336	0.01911	0.01138	0.01103	0.06043	0.02177	0.67295	0.02885	0.02498	0.01816	0.00918	0.00746	0.00229	0.00639	0.00744	0.00912	0.01263
21	0.01928	0.66272	0.11477	0.01367	0.02055	0.02798	0.01439	0.02238	0.01515	0.01816	0.01066	0.01234	0.00951	0.00643	0.00503	0.00168	0.00829	0.00414	0.00317	0.00969
22	0.79154	0.01436	0.01091	0.00976	0.01436	0.01665	0.00804	0.02182	0.01263	0.03331	0.01034	0.01206	0.00804	0.00689	0.00459	0.00230	0.00574	0.00402	0.00459	0.00804
23	0.00906	0.00753	0.00792	0.00782	0.01021	0.00639	0.00587	0.01122	0.01761	0.02168	0.17784	0.06877	0.58613	0.01819	0.00877	0.00248	0.00372	0.01529	0.00711	0.00639
24	0.02822	0.02079	0.02228	0.01708	0.02302	0.02302	0.01411	0.66804	0.03490	0.04679	0.01782	0.01782	0.01262	0.00891	0.00743	0.00223	0.00817	0.00668	0.00743	0.01262
25	0.01289	0.00645	0.00967	0.00967	0.00967	0.00645	0.00645	0.00967	0.00967	0.01289	0.01289	0.02257	0.01289	0.02579	0.02901	0.78401	0.00645	0.00645	0.00322	0.00322
26	0.79154	0.01436	0.01091	0.00976	0.01436	0.01665	0.00804	0.02182	0.01263	0.03331	0.01034	0.01206	0.00804	0.00689	0.00459	0.00230	0.00574	0.00402	0.00459	0.00804
27	0.01183	0.00850	0.01178	0.01342	0.01516	0.00845	0.01171	0.01519	0.01708	0.02213	0.04076	0.08324	0.06889	0.02044	0.01019	0.00338	0.00671	0.61746	0.00684	0.00681
28	0.55965	0.10297	0.04212	0.06225	0.01936	0.01850	0.03286	0.04629	0.01421	0.03021	0.01109	0.01322	0.00868	0.00693	0.00516	0.00223	0.00682	0.00451	0.00436	0.00858
29	0.01543	0.11539	0.62839	0.02024	0.03070	0.01857	0.02582	0.02337	0.01561	0.02285	0.01299	0.01526	0.00942	0.00698	0.00680	0.00227	0.01064	0.00532	0.00314	0.01081
30	0.01985	0.74357	0.03890	0.01270	0.01905	0.02937	0.01270	0.02223	0.01508	0.01747	0.01032	0.01191	0.00953	0.00635	0.00476	0.00159	0.00794	0.00397	0.00318	0.00953
31	0.03331	0.01263	0.01723	0.01321	0.01895	0.01091	0.01091	0.03618	0.02125	0.69794	0.02929	0.02527	0.01838	0.00919	0.00747	0.00230	0.00632	0.00747	0.00919	0.01263
32	0.00902	0.00753	0.00786	0.00778	0.01018	0.00637	0.00583	0.01113	0.01750	0.02142	0.16156	0.06919	0.60257	0.01829	0.00877	0.00248	0.00372	0.01535	0.00707	0.00637

[dist]
# distance from previous block
# <min> <max>
0	1

[block]
# block no. 3 follows, 27 sequences, length 101
# corresponding to MSA columns:
# 519-619
name=unknown_D
#
# <colnr> <probs for GDERKNQSTAVLIFYWHMCP>
#	G	D	E	R	K	N	Q	S	T	A	V	L	I	F	Y	W	H	M	C	P
0	0.01489	0.03840	0.70064	0.02116	0.03213	0.01724	0.02743	0.02351	0.01567	0.02351	0.01332	0.01567	0.00940	0.00705	0.00705	0.00235	0.01097	0.00549	0.00313	0.01097
1	0.01489	0.03840	0.70064	0.02116	0.03213	0.01724	0.02743	0.02351	0.01567	0.02351	0.01332	0.01567	0.00940	0.00705	0.00705	0.00235	0.01097	0.00549	0.00313	0.01097
2	0.02224	0.10417	0.22771	0.01689	0.02359	0.18140	0.01677	0.02802	0.06959	0.15541	0.04295	0.01907	0.01464	0.00803	0.00685	0.00212	0.00941	0.00603	0.00508	0.04003
3	0.01489	0.03840	0.70064	0.02116	0.03213	0.01724	0.02743	0.02351	0.01567	0.02351	0.01332	0.01567	0.00940	0.00705	0.00705	0.00235	0.01097	0.00549	0.00313	0.01097
4	0.01963	0.71253	0.06803	0.01307	0.01963	0.02884	0.01335	0.02229	0.01511	0.01773	0.01045	0.01207	0.00952	0.00638	0.00486	0.00162	0.00807	0.00404	0.00317	0.00959
5	0.01860	0.54560	0.19744	0.01483	0.02221	0.02603	0.01621	0.02320	0.04089	0.01945	0.01181	0.01343	0.01000	0.00666	0.00542	0.00181	0.00859	0.00451	0.00333	0.00996
6	0.15830	0.07551	0.01441	0.01085	0.01443	0.01225	0.00873	0.02195	0.06605	0.15657	0.27944	0.06681	0.06243	0.01187	0.00734	0.00230	0.00506	0.00980	0.00712	0.00877
7	0.01791	0.39046	0.34142	0.01685	0.02521	0.05255	0.01952	0.02313	0.01561	0.02027	0.01175	0.01370	0.00947	0.00673	0.00589	0.00195	0.00956	0.00470	0.00318	0.01015
8	0.01574	0.03721	0.66900	0.02079	0.03152	0.01695	0.02666	0.02410	0.01593	0.05473	0.01406	0.01612	0.00982	0.00715	0.00707	0.00235	0.01076	0.00558	0.00341	0.01105
9	0.00964	0.00759	0.00872	0.00854	0.01069	0.00667	0.00647	0.01227	0.01868	0.02430	0.33651	0.06508	0.39931	0.01732	0.00882	0.00247	0.00377	0.03910	0.00744	0.00660
10	0.01846	0.01595	0.01679	0.01511	0.01930	0.01846	0.01175	0.03945	0.67938	0.03105	0.03022	0.02770	0.02266	0.01007	0.00755	0.00252	0.00588	0.00839	0.00755	0.01175
11	0.01289	0.00645	0.00967	0.00967	0.00967	0.00645	0.00645	0.00967	0.00967	0.01289	0.01289	0.02257	0.01289	0.02579	0.02901	0.78401	0.00645	0.00645	0.00322	0.00322
12	0.01752	0.02003	0.04380	0.03129	0.03880	0.01877	0.66583	0.02378	0.01752	0.02378	0.01502	0.02003	0.01126	0.00626	0.00876	0.00250	0.01252	0.00876	0.00375	0.01001
13	0.01960	0.01651	0.01742	0.01534	0.01974	0.01899	0.01202	0.11250	0.60448	0.03288	0.02878	0.02655	0.02150	0.00994	0.00754	0.00248	0.00614	0.00819	0.00754	0.01185
14	0.01061	0.00792	0.01176	0.01176	0.01303	0.00919	0.00907	0.01315	0.01188	0.01711	0.02004	0.03003	0.01894	0.08618	0.67969	0.01172	0.01932	0.00808	0.00400	0.00653
15	0.01894	0.01743	0.02718	0.06736	0.51316	0.01812	0.02036	0.07336	0.11897	0.02675	0.01669	0.01981	0.01340	0.00735	0.00739	0.00227	0.00837	0.00689	0.00453	0.01167
16	0.79154	0.01436	0.01091	0.00976	0.01436	0.01665	0.00804	0.02182	0.01263	0.03331	0.01034	0.01206	0.00804	0.00689	0.00459	0.00230	0.00574	0.00402	0.00459	0.00804
17	0.01679	0.02296	0.16572	0.02921	0.05953	0.01804	0.50224	0.02326	0.01705	0.02359	0.01549	0.04195	0.01214	0.00696	0.00841	0.00248	0.01183	0.00846	0.00374	0.01013
18	0.00904	0.00646	0.00861	0.01034	0.01077	0.00603	0.00689	0.01034	0.01421	0.01895	0.04092	0.73426	0.04910	0.02326	0.00948	0.00301	0.00431	0.02110	0.00689	0.00603
19	0.01846	0.01595	0.01679	0.01511	0.01930	0.01846	0.01175	0.03945	0.67938	0.03105	0.03022	0.02770	0.02266	0.01007	0.00755	0.00252	0.00588	0.00839	0.00755	0.01175
20	0.01498	0.03366	0.57178	0.01925	0.02940	0.01586	0.02392	0.02260	0.01562	0.02364	0.01330	0.01562	0.00970	0.00676	0.00676	0.00212	0.00994	0.00528	0.00337	0.15643
21	0.01837	0.01764	0.03013	0.04557	0.69279	0.01764	0.02278	0.02278	0.01690	0.02425	0.01396	0.01837	0.01176	0.00661	0.00735	0.00220	0.00882	0.00661	0.00367	0.01176
22	0.01752	0.02003	0.04380	0.03129	0.03880	0.01877	0.66583	0.02378	0.01752	0.02378	0.01502	0.02003	0.01126	0.00626	0.00876	0.00250	0.01252	0.00876	0.00375	0.01001
23	0.01476	0.03650	0.64853	0.02103	0.03154	0.01688	0.05137	0.02303	0.01579	0.02339	0.01576	0.01798	0.03560	0.00747	0.00719	0.00236	0.01075	0.00600	0.00330	0.01075
24	0.01837	0.01764	0.03013	0.04557	0.69279	0.01764	0.02278	0.02278	0.01690	0.02425	0.01396	0.01837	0.01176	0.00661	0.00735	0.00220	0.00882	0.00661	0.00367	0.01176
25	0.01846	0.01595	0.01679	0.01511	0.01930	0.01846	0.01175	0.03945	0.67938	0.03105	0.03022	0.02770	0.02266	0.01007	0.00755	0.00252	0.00588	0.00839	0.00755	0.01175
26	0.01484	0.01403	0.02375	0.59420	0.17179	0.01671	0.02102	0.01969	0.01523	0.01996	0.01334	0.01953	0.01025	0.00727	0.00741	0.00242	0.00969	0.00660	0.00337	0.00891
27	0.04618	0.21963	0.50305	0.01853	0.02807	0.02035	0.02288	0.02311	0.01540	0.02233	0.01243	0.01456	0.00938	0.00687	0.00637	0.00215	0.00999	0.00504	0.00320	0.01048
28	0.01837	0.01764	0.03013	0.04557	0.69279	0.01764	0.02278	0.02278	0.01690	0.02425	0.01396	0.01837	0.01176	0.00661	0.00735	0.00220	0.00882	0.00661	0.00367	0.01176
29	0.00978	0.00756	0.00892	0.00858	0.01065	0.00670	0.00643	0.01261	0.01930	0.02571	0.43244	0.06214	0.32902	0.01669	0.00876	0.00241	0.00361	0.01436	0.00764	0.00670
30	0.00944	0.00734	0.00863	0.00935	0.01084	0.00669	0.00661	0.01192	0.04143	0.02085	0.11428	0.39016	0.29499	0.02029	0.00907	0.00274	0.00408	0.01782	0.00704	0.00643
31	0.01837	0.01764	0.03013	0.04557	0.69279	0.01764	0.02278	0.02278	0.01690	0.02425	0.01396	0.01837	0.01176	0.00661	0.00735	0.00220	0.00882	0.00661	0.00367	0.01176
32	0.01402	0.01319	0.02227	0.72126	0.05113	0.01649	0.02062	0.01897	0.01484	0.01897	0.01319	0.01979	0.00990	0.00742	0.00742	0.00247	0.00990	0.00660	0.00330	0.00825
33	0.01312	0.01043	0.01228	0.01269	0.01476	0.01120	0.00954	0.02231	0.27053	0.02411	0.03655	0.36188	0.03794	0.01776	0.00886	0.00289	0.00530	0.11234	0.00714	0.00835
34	0.01511	0.03688	0.64639	0.02200	0.03268	0.01737	0.08016	0.02353	0.01583	0.02353	0.01346	0.01603	0.00956	0.00699	0.00719	0.00236	0.01110	0.00576	0.00319	0.01089
35	0.01837	0.01764	0.03013	0.04557	0.69279	0.01764	0.02278	0.02278	0.01690	0.02425	0.01396	0.01837	0.01176	0.00661	0.00735	0.00220	0.00882	0.00661	0.00367	0.01176
36	0.00897	0.00753	0.00779	0.00773	0.01015	0.00635	0.00579	0.01103	0.01738	0.02115	0.14424	0.06965	0.62007	0.01839	0.00877	0.00249	0.00373	0.01542	0.00704	0.00635
37	0.26186	0.01378	0.01571	0.01246	0.01787	0.01357	0.01029	0.08011	0.01969	0.44752	0.02269	0.02071	0.01482	0.00847	0.00660	0.00229	0.00629	0.00637	0.00767	0.01125
38	0.01896	0.02077	0.02234	0.01940	0.02031	0.18518	0.01579	0.02065	0.01366	0.01794	0.01015	0.01557	0.00970	0.01173	0.02018	0.00293	0.55702	0.00609	0.00338	0.00824
39	0.01196	0.00854	0.01196	0.01367	0.01538	0.00854	0.01196	0.01538	0.01709	0.02222	0.03931	0.08374	0.04272	0.02051	0.01025	0.00342	0.00684	0.64283	0.00684	0.00684
40	0.01819	0.01745	0.02980	0.07412	0.66568	0.01759	0.02269	0.02262	0.01682	0.02403	0.01393	0.01843	0.01168	0.00665	0.00735	0.00222	0.00886	0.00661	0.00366	0.01161
41	0.01817	0.01743	0.02977	0.07685	0.66309	0.01759	0.02268	0.02261	0.01681	0.02401	0.01393	0.01844	0.01167	0.00665	0.00735	0.00222	0.00887	0.00661	0.00366	0.01160
42	0.01489	0.03840	0.70064	0.02116	0.03213	0.01724	0.02743	0.02351	0.01567	0.02351	0.01332	0.01567	0.00940	0.00705	0.00705	0.00235	0.01097	0.00549	0.00313	0.01097
43	0.00896	0.00753	0.00778	0.00772	0.01014	0.00635	0.00579	0.01102	0.01737	0.02112	0.14225	0.06970	0.62207	0.01841	0.00877	0.00249	0.00373	0.01542	0.00703	0.00635
44	0.02329	0.52382	0.03275	0.01354	0.01949	0.10492	0.01256	0.02571	0.01694	0.14551	0.01402	0.01459	0.01120	0.00704	0.00550	0.00176	0.00827	0.00472	0.00438	0.01000
45	0.03178	0.01300	0.01723	0.01338	0.01890	0.01165	0.01098	0.08521	0.02201	0.61475	0.02891	0.05750	0.01934	0.00982	0.00756	0.00232	0.00637	0.00803	0.00894	0.01233
46	0.00877	0.00752	0.00752	0.00752	0.01003	0.00627	0.00564	0.01065	0.01692	0.02005	0.07520	0.07144	0.68978	0.01880	0.00877	0.00251	0.00376	0.01567	0.00689	0.00627
47	0.01402	0.01319	0.02227	0.72126	0.05113	0.01649	0.02062	0.01897	0.01484	0.01897	0.01319	0.01979	0.00990	0.00742	0.00742	0.00247	0.00990	0.00660	0.00330	0.00825
