[name]
unknown

[dist]
# distance from previous block
# <min> <max>
25	143

[block]
# block no. 0 follows, 27 sequences, length 15
# corresponding to MSA columns:
# 158-172
name=unknown_A
#
# <colnr> <probs for GDERKNQSTAVLIFYWHMCP>
#	G	D	E	R	K	N	Q	S	T	A	V	L	I	F	Y	W	H	M	C	P
0	0.02012	0.01596	0.04066	0.10282	0.10376	0.01544	0.04785	0.15670	0.06974	0.10646	0.06777	0.03748	0.01813	0.00851	0.00726	0.00211	0.00744	0.00732	0.00585	0.15864
1	0.02483	0.20006	0.02526	0.04330	0.02275	0.36944	0.01397	0.14519	0.02164	0.02330	0.01273	0.01464	0.01045	0.00923	0.03081	0.00226	0.01121	0.00512	0.00432	0.00949
2	0.01713	0.06137	0.01806	0.07223	0.02108	0.08274	0.01086	0.03871	0.05829	0.02360	0.01497	0.04015	0.01272	0.00690	0.00605	0.00151	0.00687	0.00547	0.00454	0.49677
3	0.01610	0.01971	0.09799	0.12921	0.03281	0.08524	0.30377	0.02102	0.01649	0.02139	0.01842	0.12860	0.01686	0.01176	0.04387	0.00298	0.01117	0.00955	0.00412	0.00892
4	0.01025	0.00780	0.01041	0.01074	0.01216	0.00706	0.02735	0.01192	0.01449	0.01958	0.05332	0.48985	0.07980	0.09624	0.01202	0.00322	0.00502	0.03816	0.00632	0.08429
5	0.48891	0.01402	0.01247	0.01077	0.01513	0.01571	0.00876	0.10986	0.04541	0.06892	0.03594	0.01760	0.01319	0.00791	0.00546	0.00222	0.00574	0.00542	0.10767	0.00888
6	0.01032	0.00700	0.00824	0.00870	0.00882	0.00688	0.00514	0.01067	0.01172	0.01562	0.02811	0.23313	0.03294	0.54643	0.03017	0.00607	0.00642	0.01357	0.00514	0.00491
7	0.01402	0.01319	0.02227	0.72126	0.05113	0.01649	0.02062	0.01897	0.01484	0.01897	0.01319	0.01979	0.00990	0.00742	0.00742	0.00247	0.00990	0.00660	0.00330	0.00825
8	0.01048	0.00709	0.00828	0.00854	0.00870	0.00699	0.00503	0.01089	0.01191	0.01597	0.06113	0.16487	0.03298	0.58024	0.03148	0.00624	0.00652	0.01268	0.00509	0.00489
9	0.01160	0.00717	0.00801	0.00801	0.00855	0.00725	0.00497	0.01269	0.01215	0.01814	0.02341	0.04181	0.02435	0.50223	0.06860	0.00600	0.00694	0.00958	0.21328	0.00528
10	0.00889	0.00742	0.00775	0.00790	0.01016	0.00628	0.00584	0.01079	0.01686	0.02044	0.10291	0.13725	0.59393	0.01907	0.00884	0.00255	0.00380	0.01610	0.00696	0.00628
11	0.01249	0.00645	0.00956	0.00974	0.00979	0.00640	0.00649	0.00974	0.01015	0.01354	0.01586	0.09797	0.01673	0.02552	0.02694	0.70126	0.00622	0.00800	0.00361	0.00352
12	0.02545	0.01190	0.01517	0.01247	0.01698	0.01099	0.00997	0.06960	0.06845	0.42671	0.07583	0.10663	0.09230	0.01207	0.00789	0.00241	0.00576	0.01013	0.00842	0.01088
13	0.02694	0.01390	0.01692	0.01378	0.01868	0.01380	0.01115	0.14600	0.13463	0.37900	0.02820	0.07079	0.02071	0.01046	0.00758	0.00237	0.00634	0.02554	0.04155	0.01166
14	0.01456	0.01669	0.10654	0.14993	0.23183	0.01441	0.10138	0.01898	0.01575	0.02175	0.02114	0.21119	0.02113	0.01124	0.00808	0.00253	0.00853	0.01065	0.00442	0.00928

[dist]
# distance from previous block
# <min> <max>
0	1

[block]
# block no. 1 follows, 27 sequences, length 10
# corresponding to MSA columns:
# 174-183
name=unknown_B
#
# <colnr> <probs for GDERKNQSTAVLIFYWHMCP>
#	G	D	E	R	K	N	Q	S	T	A	V	L	I	F	Y	W	H	M	C	P
0	0.01470	0.01260	0.01916	0.44280	0.06811	0.01485	0.01618	0.07662	0.01579	0.02070	0.01613	0.02621	0.01430	0.17017	0.03894	0.00381	0.00945	0.00758	0.00398	0.00793
1	0.01992	0.16627	0.10528	0.10674	0.22896	0.04853	0.01856	0.12207	0.01925	0.04753	0.01501	0.01930	0.01224	0.00770	0.00690	0.00217	0.00895	0.02961	0.00435	0.01066
2	0.05550	0.01579	0.02321	0.30221	0.09558	0.01818	0.06066	0.12616	0.06737	0.06956	0.01596	0.01960	0.01198	0.00832	0.00899	0.00247	0.07696	0.00681	0.00477	0.00991
3	0.00990	0.00687	0.00852	0.00933	0.00970	0.00660	0.00592	0.01086	0.01344	0.01808	0.09326	0.39134	0.04198	0.31543	0.02099	0.00466	0.00542	0.01618	0.00603	0.00549
4	0.01573	0.01374	0.02193	0.34181	0.07794	0.01537	0.09946	0.06158	0.06576	0.02409	0.01945	0.02365	0.04081	0.00819	0.00728	0.00232	0.00841	0.00744	0.13610	0.00893
5	0.02430	0.07222	0.02146	0.07219	0.02331	0.06475	0.01349	0.34835	0.12827	0.07809	0.01884	0.01956	0.01392	0.00977	0.00854	0.05074	0.00805	0.00665	0.00642	0.01107
6	0.05399	0.01431	0.10979	0.21810	0.04222	0.01247	0.01424	0.04894	0.01437	0.02002	0.01906	0.06616	0.05640	0.03367	0.01464	0.23483	0.00790	0.00782	0.00401	0.00707
7	0.03880	0.03068	0.06601	0.01686	0.10355	0.04068	0.01248	0.02387	0.07920	0.15132	0.16908	0.03204	0.05398	0.01020	0.00743	0.00217	0.00643	0.03189	0.00637	0.11697
8	0.01998	0.01461	0.01665	0.01402	0.01801	0.01580	0.01132	0.33153	0.04578	0.03381	0.02175	0.06989	0.01884	0.01975	0.14870	0.00420	0.00952	0.04887	0.07747	0.05951
9	0.01633	0.07344	0.06576	0.09006	0.10801	0.08039	0.06163	0.01947	0.01430	0.01914	0.01409	0.02130	0.01289	0.08348	0.11124	0.00425	0.18523	0.00687	0.00360	0.00851

[dist]
# distance from previous block
# <min> <max>
0	1

[block]
# block no. 2 follows, 27 sequences, length 7
# corresponding to MSA columns:
# 185-191
name=unknown_C
#
# <colnr> <probs for GDERKNQSTAVLIFYWHMCP>
#	G	D	E	R	K	N	Q	S	T	A	V	L	I	F	Y	W	H	M	C	P
0	0.01274	0.00840	0.01068	0.01119	0.01259	0.00818	0.00803	0.07177	0.01682	0.06581	0.06479	0.50129	0.04283	0.06666	0.01101	0.00317	0.00513	0.06487	0.00698	0.00705
1	0.01005	0.00758	0.00932	0.00918	0.01108	0.00686	0.00697	0.01298	0.01924	0.02594	0.43622	0.09419	0.24378	0.01698	0.00890	0.00249	0.00386	0.05998	0.00765	0.00674
2	0.01394	0.01138	0.04254	0.01078	0.01408	0.01012	0.00882	0.09803	0.06380	0.06245	0.24750	0.07408	0.28362	0.01499	0.00840	0.00242	0.00485	0.01267	0.00735	0.00819
3	0.07196	0.39311	0.02937	0.08732	0.02299	0.18907	0.01347	0.02475	0.01682	0.07268	0.01240	0.01415	0.01018	0.00703	0.00570	0.00186	0.00918	0.00472	0.00391	0.00932
4	0.01333	0.01144	0.01277	0.01415	0.04121	0.08482	0.01097	0.01627	0.01757	0.02226	0.12992	0.11438	0.06683	0.05129	0.01070	0.00316	0.00686	0.35853	0.00647	0.00706
5	0.00902	0.00658	0.00849	0.01003	0.01069	0.00606	0.00675	0.01037	0.01451	0.01907	0.04466	0.66192	0.11902	0.02277	0.00940	0.00296	0.00425	0.02051	0.00689	0.00606
6	0.01628	0.01065	0.01251	0.01129	0.01409	0.01060	0.00863	0.16091	0.02149	0.09180	0.18905	0.21870	0.11280	0.01519	0.00824	0.00245	0.00504	0.01308	0.06876	0.00844

[dist]
# distance from previous block
# <min> <max>
2	8

[block]
# block no. 3 follows, 27 sequences, length 73
# corresponding to MSA columns:
# 200-272
name=unknown_D
#
# <colnr> <probs for GDERKNQSTAVLIFYWHMCP>
#	G	D	E	R	K	N	Q	S	T	A	V	L	I	F	Y	W	H	M	C	P
0	0.12963	0.13293	0.02265	0.01801	0.05185	0.40634	0.01368	0.02666	0.04259	0.02088	0.01183	0.01396	0.00995	0.00780	0.00750	0.00205	0.06398	0.00491	0.00392	0.00889
1	0.40269	0.01257	0.01256	0.04360	0.01631	0.01364	0.00905	0.05770	0.01571	0.14518	0.01880	0.10127	0.01594	0.01032	0.00709	0.03764	0.00588	0.00719	0.05829	0.00857
2	0.01190	0.00845	0.01005	0.00959	0.00978	0.00938	0.00624	0.01251	0.01139	0.01633	0.02154	0.04172	0.02368	0.55670	0.03234	0.00604	0.10890	0.00976	0.08842	0.00528
3	0.04205	0.47977	0.13656	0.01474	0.02167	0.02597	0.01510	0.14337	0.01882	0.02432	0.01219	0.01360	0.01005	0.00695	0.00561	0.00184	0.00839	0.00471	0.00400	0.01029
4	0.01074	0.00740	0.00938	0.01041	0.01153	0.00699	0.00735	0.01294	0.03759	0.04863	0.04286	0.49810	0.12216	0.06997	0.01122	0.00322	0.00479	0.07137	0.00685	0.00650
5	0.01074	0.00787	0.01154	0.01154	0.01280	0.00908	0.00887	0.01327	0.01200	0.01747	0.02024	0.03016	0.01903	0.09107	0.64697	0.01129	0.01858	0.00807	0.03287	0.00652
6	0.01289	0.00645	0.00967	0.00967	0.00967	0.00645	0.00645	0.00967	0.00967	0.01289	0.01289	0.02257	0.01289	0.02579	0.02901	0.78401	0.00645	0.00645	0.00322	0.00322
7	0.06201	0.09868	0.11216	0.08079	0.12969	0.09345	0.21908	0.07279	0.01818	0.02446	0.01360	0.01707	0.01057	0.00689	0.00727	0.00225	0.01048	0.00653	0.00391	0.01014
8	0.01875	0.01195	0.01415	0.01238	0.01601	0.01227	0.00968	0.02875	0.27340	0.18378	0.26345	0.03841	0.06116	0.01196	0.00800	0.00240	0.00507	0.01020	0.00813	0.01010
9	0.00917	0.00660	0.00872	0.01037	0.01095	0.00616	0.00707	0.01058	0.01447	0.01915	0.04237	0.67467	0.07727	0.02293	0.00948	0.00301	0.00440	0.04967	0.00689	0.00608
10	0.01676	0.19617	0.34611	0.02210	0.07935	0.02085	0.09831	0.02260	0.01540	0.02160	0.01250	0.01558	0.00987	0.00739	0.00856	0.00227	0.08530	0.00572	0.00327	0.01028
11	0.01462	0.08359	0.44329	0.02090	0.08111	0.01629	0.04485	0.02103	0.01542	0.02219	0.01743	0.11852	0.01573	0.01143	0.03903	0.00281	0.01008	0.00791	0.00378	0.00999
12	0.00908	0.00668	0.00852	0.00986	0.01067	0.00612	0.00671	0.01058	0.01499	0.01970	0.08128	0.59784	0.14644	0.02215	0.00933	0.00290	0.00418	0.01987	0.00696	0.00612
13	0.01886	0.01909	0.02800	0.13514	0.52703	0.09779	0.02151	0.02306	0.01710	0.02282	0.01357	0.01799	0.01125	0.00685	0.00728	0.00221	0.00950	0.00640	0.00364	0.01091
14	0.02058	0.16845	0.05400	0.04468	0.15902	0.09587	0.03950	0.17235	0.02092	0.02687	0.05283	0.04149	0.01624	0.04567	0.00851	0.00236	0.00873	0.00695	0.00482	0.01014
15	0.15927	0.01497	0.01588	0.01643	0.11161	0.05367	0.01118	0.18605	0.02033	0.03212	0.01772	0.02028	0.01382	0.01007	0.03631	0.00248	0.00710	0.00622	0.25515	0.00935
16	0.56997	0.01671	0.01385	0.07308	0.01896	0.09702	0.01034	0.02290	0.01410	0.05693	0.01147	0.01361	0.00888	0.00739	0.00608	0.00231	0.03899	0.00458	0.00452	0.00832
17	0.01036	0.00755	0.00901	0.00887	0.01079	0.00672	0.00652	0.01283	0.01825	0.04444	0.33088	0.15108	0.29629	0.04093	0.00976	0.00265	0.00391	0.01503	0.00743	0.00669
18	0.05308	0.03748	0.07105	0.08371	0.02205	0.01485	0.03486	0.19970	0.02078	0.02913	0.05826	0.20507	0.02414	0.01202	0.00761	0.00233	0.00702	0.01028	0.00584	0.10071
19	0.00915	0.00746	0.00809	0.00810	0.01030	0.00640	0.00601	0.01131	0.01755	0.02195	0.19769	0.11746	0.51588	0.01839	0.00882	0.00251	0.00375	0.01561	0.00715	0.00640
20	0.08296	0.13426	0.02014	0.01352	0.01827	0.01828	0.01123	0.13785	0.18448	0.06435	0.10247	0.02357	0.02139	0.00919	0.00745	0.00213	0.03635	0.00706	0.00619	0.09887
21	0.02669	0.01816	0.02007	0.01537	0.02117	0.01910	0.01264	0.47652	0.02986	0.12926	0.01908	0.01897	0.01349	0.00853	0.00710	0.00208	0.00739	0.00652	0.04311	0.10490
22	0.10812	0.31421	0.05128	0.03528	0.02001	0.11600	0.01287	0.04928	0.01614	0.04524	0.01277	0.01546	0.01085	0.01254	0.08291	0.00302	0.04945	0.00505	0.00395	0.03558
23	0.02721	0.01363	0.01650	0.01307	0.01803	0.01327	0.01065	0.18525	0.04619	0.38092	0.05490	0.02752	0.05576	0.00986	0.00734	0.00224	0.00619	0.00793	0.09214	0.01141
24	0.01062	0.00727	0.00828	0.00821	0.00859	0.00711	0.00488	0.01117	0.01243	0.01662	0.10642	0.05095	0.07708	0.60376	0.03235	0.00630	0.00652	0.01144	0.00510	0.00492
25	0.08670	0.01344	0.01681	0.11586	0.07846	0.01441	0.01232	0.10365	0.11804	0.15231	0.02262	0.06624	0.01795	0.03863	0.00825	0.00250	0.00669	0.00790	0.10728	0.00994
26	0.01628	0.00905	0.01177	0.01041	0.01323	0.00825	0.00804	0.01998	0.04038	0.19535	0.44730	0.07321	0.08865	0.01403	0.00843	0.00237	0.00432	0.01220	0.00829	0.00847
27	0.00904	0.00646	0.00861	0.01034	0.01077	0.00603	0.00689	0.01034	0.01421	0.01895	0.04092	0.73426	0.04910	0.02326	0.00948	0.00301	0.00431	0.02110	0.00689	0.00603
28	0.00890	0.00753	0.00770	0.00766	0.01011	0.00632	0.00574	0.01090	0.01723	0.02078	0.12083	0.07026	0.64371	0.01853	0.00877	0.00249	0.00374	0.01550	0.00699	0.00632
29	0.02157	0.04724	0.04961	0.14919	0.02686	0.04151	0.06420	0.23155	0.02160	0.10105	0.01636	0.01954	0.01231	0.01130	0.01131	0.14471	0.00860	0.00664	0.00531	0.00955
30	0.45006	0.01382	0.01350	0.01125	0.01598	0.01473	0.00913	0.07351	0.01680	0.23621	0.01757	0.01900	0.01283	0.05739	0.00793	0.00262	0.00620	0.00573	0.00620	0.00954
31	0.01061	0.00795	0.01193	0.01193	0.01326	0.00928	0.00928	0.01326	0.01193	0.01723	0.01988	0.02916	0.01856	0.05568	0.70968	0.01193	0.01988	0.00795	0.00398	0.00663
32	0.02285	0.01360	0.04732	0.01329	0.01709	0.01278	0.01086	0.19442	0.02011	0.21878	0.01921	0.02201	0.01446	0.01684	0.04330	0.28362	0.00762	0.00682	0.00608	0.00893
33	0.01738	0.01878	0.08471	0.10162	0.48286	0.01823	0.02205	0.02180	0.01583	0.02280	0.01324	0.01797	0.01110	0.00763	0.00975	0.00239	0.11098	0.00650	0.00353	0.01085
34	0.01448	0.00968	0.01229	0.01209	0.01436	0.00962	0.00956	0.08302	0.04802	0.07919	0.20782	0.21984	0.04564	0.01725	0.00905	0.00279	0.00540	0.18448	0.00748	0.00794
35	0.55823	0.06686	0.01565	0.05213	0.04703	0.11248	0.01055	0.02281	0.01426	0.02897	0.01081	0.01293	0.00861	0.00698	0.00517	0.00220	0.00730	0.00437	0.00428	0.00839
36	0.01612	0.07118	0.02194	0.02283	0.17643	0.07653	0.06295	0.03404	0.01687	0.02186	0.02459	0.14386	0.02564	0.01359	0.00949	0.00269	0.05677	0.18882	0.00509	0.00869
37	0.02534	0.03687	0.08155	0.01336	0.01881	0.01245	0.01185	0.03129	0.11351	0.40901	0.05998	0.02931	0.07229	0.01001	0.00742	0.00231	0.00631	0.00818	0.03885	0.01128
38	0.01605	0.06763	0.62247	0.02065	0.03090	0.06920	0.02584	0.02391	0.01605	0.02286	0.01306	0.01535	0.00942	0.00707	0.00693	0.00229	0.01102	0.00537	0.00319	0.01074
39	0.01839	0.01796	0.02775	0.04068	0.58162	0.06365	0.02116	0.02253	0.01720	0.02364	0.01626	0.02438	0.01462	0.00803	0.00759	0.00230	0.00894	0.06825	0.00399	0.01107
40	0.03331	0.01263	0.01723	0.01321	0.01895	0.01091	0.01091	0.03618	0.02125	0.69794	0.02929	0.02527	0.01838	0.00919	0.00747	0.00230	0.00632	0.00747	0.00919	0.01263
41	0.01008	0.00753	0.00936	0.00899	0.01085	0.00681	0.00671	0.01314	0.01987	0.02726	0.53164	0.08606	0.20180	0.01628	0.00879	0.00240	0.00359	0.01421	0.00785	0.00681
42	0.01678	0.03677	0.61677	0.02058	0.03078	0.06382	0.02563	0.02463	0.01635	0.06044	0.01408	0.01605	0.00991	0.00721	0.00705	0.00232	0.01088	0.00555	0.00352	0.01090
43	0.02809	0.01563	0.01823	0.01436	0.01967	0.01602	0.01174	0.27597	0.09826	0.31956	0.02459	0.02290	0.01671	0.00913	0.00727	0.00225	0.00673	0.00722	0.07363	0.01205
44	0.01080	0.00720	0.00810	0.00810	0.00810	0.00720	0.00450	0.01080	0.01080	0.01439	0.02339	0.04858	0.02699	0.73910	0.03779	0.00720	0.00720	0.01080	0.00450	0.00450
45	0.57796	0.01596	0.06496	0.01127	0.01629	0.01596	0.01000	0.05983	0.01537	0.07814	0.06283	0.01680	0.01373	0.00779	0.00545	0.00230	0.00616	0.00522	0.00522	0.00877
46	0.01558	0.01446	0.02396	0.33911	0.30819	0.01598	0.02000	0.02054	0.03668	0.02176	0.01719	0.05373	0.01519	0.00883	0.00770	0.00246	0.00886	0.05617	0.00401	0.00959
47	0.01196	0.00854	0.01196	0.01367	0.01538	0.00854	0.01196	0.01538	0.01709	0.02222	0.03931	0.08374	0.04272	0.02051	0.01025	0.00342	0.00684	0.64283	0.00684	0.00684
48	0.05287	0.01879	0.05802	0.18346	0.44808	0.06701	0.02127	0.02246	0.01652	0.02308	0.01343	0.01790	0.01093	0.00689	0.00718	0.00225	0.00934	0.00631	0.00362	0.01059
49	0.01795	0.47413	0.29174	0.01593	0.02405	0.02474	0.01833	0.02272	0.01531	0.01978	0.01147	0.01335	0.00948	0.00662	0.00564	0.00188	0.00910	0.00455	0.00316	0.01008
50	0.01055	0.00723	0.00879	0.00897	0.00928	0.00735	0.00558	0.01123	0.01182	0.01603	0.05455	0.12805	0.03034	0.52399	0.12888	0.00716	0.00850	0.01174	0.00487	0.00510
51	0.24057	0.43122	0.10382	0.01303	0.01930	0.04851	0.01306	0.02252	0.01466	0.02270	0.01070	0.01242	0.00909	0.00663	0.00504	0.00189	0.00784	0.00418	0.00360	0.00923
52	0.01310	0.00704	0.00729	0.00723	0.00902	0.00688	0.00542	0.01644	0.01627	0.02734	0.10084	0.03397	0.07448	0.01012	0.00585	0.00185	0.00349	0.00828	0.63821	0.00688
53	0.01680	0.01712	0.05788	0.11241	0.45834	0.01639	0.07447	0.02150	0.01699	0.02393	0.06526	0.02425	0.01714	0.00796	0.00770	0.00233	0.00885	0.03597	0.00409	0.01062
54	0.01539	0.01319	0.01539	0.01100	0.01759	0.00990	0.00880	0.01869	0.01539	0.02419	0.01319	0.01539	0.01100	0.00550	0.00550	0.00110	0.00550	0.00440	0.00440	0.78449
55	0.02173	0.54243	0.05296	0.01458	0.02042	0.20309	0.01354	0.02416	0.01662	0.01782	0.01070	0.01239	0.00953	0.00670	0.00532	0.00169	0.00942	0.00422	0.00334	0.00933
56	0.01524	0.00872	0.01167	0.04967	0.01488	0.00808	0.00848	0.01795	0.01855	0.17429	0.27797	0.22879	0.10437	0.01588	0.00859	0.00253	0.00472	0.01396	0.00768	0.00800
57	0.01293	0.00919	0.01199	0.04287	0.01316	0.01040	0.00809	0.01400	0.01184	0.05339	0.02070	0.03800	0.02182	0.44310	0.15020	0.00698	0.11159	0.00931	0.00443	0.00600
58	0.01885	0.01416	0.01558	0.01394	0.01796	0.01561	0.01094	0.03454	0.48710	0.11098	0.07023	0.03443	0.07516	0.01131	0.00781	0.00252	0.00568	0.03450	0.00771	0.01099
59	0.01062	0.00788	0.01156	0.01156	0.01276	0.00908	0.00882	0.01302	0.01182	0.01696	0.02022	0.03102	0.01936	0.12090	0.64556	0.01148	0.01867	0.00823	0.00403	0.00642
60	0.02773	0.03538	0.02104	0.01913	0.02295	0.70930	0.01434	0.02964	0.02104	0.01817	0.01148	0.01339	0.00956	0.00765	0.00669	0.00191	0.01339	0.00478	0.00383	0.00861
61	0.01901	0.01169	0.01418	0.01306	0.01642	0.01199	0.01038	0.04893	0.21361	0.18584	0.08867	0.13762	0.03250	0.01392	0.00831	0.00265	0.00573	0.12372	0.03200	0.00976
62	0.00903	0.00749	0.00791	0.00790	0.01021	0.00636	0.00589	0.01112	0.01739	0.02139	0.16089	0.09686	0.57504	0.01847	0.00880	0.00250	0.00375	0.01558	0.00708	0.00636
63	0.00903	0.00652	0.00855	0.01018	0.01073	0.00604	0.00682	0.01035	0.01436	0.01901	0.04278	0.69823	0.08392	0.02302	0.00944	0.00299	0.00428	0.02081	0.00689	0.00604
64	0.01614	0.04908	0.02140	0.20667	0.02759	0.10552	0.03028	0.01905	0.01395	0.01819	0.01310	0.01936	0.01158	0.01906	0.15591	0.00455	0.25053	0.00654	0.00349	0.00802
65	0.01116	0.11216	0.01301	0.00905	0.01168	0.00990	0.00717	0.01372	0.01813	0.02354	0.32176	0.05532	0.30539	0.04510	0.00939	0.00250	0.00439	0.01286	0.00680	0.00697
66	0.01243	0.00854	0.01124	0.01187	0.01374	0.00833	0.00957	0.01640	0.05592	0.05831	0.18783	0.18835	0.07643	0.01854	0.00941	0.00295	0.00540	0.29014	0.00731	0.00728
67	0.01039	0.00749	0.00967	0.00975	0.01120	0.00701	0.00724	0.01318	0.01853	0.02558	0.43630	0.15529	0.09412	0.07877	0.01149	0.00297	0.00431	0.08265	0.00746	0.00659
68	0.01713	0.01668	0.02724	0.41956	0.10699	0.04746	0.14746	0.08486	0.01782	0.02315	0.01401	0.01923	0.01060	0.00727	0.00765	0.00241	0.01029	0.00696	0.00386	0.00938
69	0.01824	0.01941	0.08722	0.09145	0.50711	0.01789	0.06614	0.05831	0.01768	0.02501	0.01414	0.01833	0.01143	0.00682	0.00743	0.00226	0.00930	0.00667	0.00381	0.01136
70	0.07481	0.21055	0.27878	0.02341	0.12922	0.02059	0.11828	0.02299	0.01576	0.02285	0.01269	0.01552	0.00997	0.00667	0.00659	0.00215	0.00972	0.00566	0.00343	0.01036
71	0.01404	0.00855	0.01114	0.01069	0.01282	0.00803	0.00804	0.01783	0.05550	0.12688	0.35533	0.22901	0.05300	0.01635	0.00875	0.00256	0.00441	0.04131	0.00790	0.00785
72	0.01007	0.00725	0.00811	0.00821	0.00907	0.00683	0.00519	0.01094	0.01349	0.01742	0.08558	0.11345	0.21550	0.42850	0.02533	0.00520	0.00574	0.01320	0.00562	0.00529

[dist]
# distance from previous block
# <min> <max>
0	1

[block]
# block no. 4 follows, 27 sequences, length 83
# corresponding to MSA columns:
# 274-356
name=unknown_E
#
# <colnr> <probs for GDERKNQSTAVLIFYWHMCP>
#	G	D	E	R	K	N	Q	S	T	A	V	L	I	F	Y	W	H	M	C	P
0	0.01005	0.00908	0.05630	0.01141	0.01291	0.00728	0.00902	0.01244	0.01564	0.02119	0.12693	0.50132	0.04835	0.02067	0.00932	0.00293	0.00501	0.10672	0.00680	0.00661
1	0.00904	0.00646	0.00861	0.01034	0.01077	0.00603	0.00689	0.01034	0.01421	0.01895	0.04092	0.73426	0.04910	0.02326	0.00948	0.00301	0.00431	0.02110	0.00689	0.00603
2	0.11749	0.01337	0.01686	0.01308	0.01871	0.01237	0.01081	0.07709	0.02121	0.58004	0.02640	0.02329	0.01684	0.00891	0.00714	0.00229	0.00638	0.00703	0.00856	0.01212
3	0.00953	0.00667	0.00847	0.00971	0.01003	0.00635	0.00623	0.01046	0.01326	0.01769	0.03605	0.54379	0.04296	0.22210	0.01734	0.00418	0.00511	0.01824	0.00623	0.00560
4	0.08983	0.01276	0.01676	0.01295	0.01861	0.01134	0.01070	0.03511	0.02061	0.64839	0.02787	0.02428	0.01761	0.00902	0.00725	0.00230	0.00627	0.00721	0.00885	0.01229
5	0.01010	0.00743	0.00946	0.00926	0.01092	0.00679	0.00683	0.01312	0.01961	0.02716	0.52889	0.14915	0.14028	0.01670	0.00886	0.00245	0.00364	0.01473	0.00785	0.00679
6	0.01061	0.00795	0.01193	0.01193	0.01326	0.00928	0.00928	0.01326	0.01193	0.01723	0.01988	0.02916	0.01856	0.05568	0.70968	0.01193	0.01988	0.00795	0.00398	0.00663
7	0.02695	0.03413	0.02062	0.01880	0.02251	0.67741	0.01411	0.02890	0.02062	0.01813	0.01186	0.01411	0.00997	0.00984	0.03871	0.00237	0.01368	0.00493	0.00383	0.00852
8	0.01517	0.01921	0.14978	0.07189	0.02700	0.04464	0.17946	0.02249	0.10663	0.02409	0.09278	0.10422	0.02552	0.01118	0.00831	0.00257	0.00881	0.07185	0.00522	0.00919
9	0.01179	0.00849	0.01172	0.01333	0.01508	0.00842	0.01161	0.01512	0.01708	0.02210	0.04130	0.08306	0.07863	0.02041	0.01017	0.00337	0.00667	0.60802	0.00684	0.00680
10	0.00921	0.00659	0.00876	0.01022	0.01080	0.00614	0.00690	0.01075	0.01499	0.02018	0.11447	0.65720	0.05148	0.02234	0.00939	0.00294	0.00422	0.02023	0.00704	0.00614
11	0.01837	0.01764	0.03013	0.04557	0.69279	0.01764	0.02278	0.02278	0.01690	0.02425	0.01396	0.01837	0.01176	0.00661	0.00735	0.00220	0.00882	0.00661	0.00367	0.01176
12	0.01765	0.01246	0.01335	0.01202	0.01486	0.03302	0.00922	0.24011	0.02185	0.03096	0.02642	0.23431	0.02547	0.01504	0.03695	0.00272	0.00632	0.01104	0.22757	0.00866
13	0.02773	0.03538	0.02104	0.01913	0.02295	0.70930	0.01434	0.02964	0.02104	0.01817	0.01148	0.01339	0.00956	0.00765	0.00669	0.00191	0.01339	0.00478	0.00383	0.00861
14	0.01432	0.00887	0.00997	0.00939	0.01140	0.00934	0.00721	0.08467	0.01743	0.02747	0.07122	0.08403	0.05241	0.01539	0.07518	0.00300	0.03224	0.00888	0.45011	0.00745
15	0.06214	0.04718	0.01888	0.04622	0.06013	0.08485	0.03977	0.16543	0.04977	0.04940	0.11047	0.10942	0.02480	0.01100	0.00801	0.00232	0.03257	0.00906	0.05922	0.00935
16	0.01531	0.01242	0.01474	0.01144	0.01704	0.00991	0.00914	0.01924	0.04443	0.04382	0.01866	0.07129	0.01719	0.00837	0.00635	0.00154	0.00558	0.06374	0.00507	0.60473
17	0.06915	0.09391	0.02191	0.01784	0.02202	0.56384	0.01376	0.05243	0.04275	0.02044	0.01218	0.01383	0.01003	0.00762	0.00647	0.00194	0.01205	0.00486	0.00407	0.00891
18	0.01621	0.06507	0.11030	0.19308	0.02626	0.01446	0.01441	0.10208	0.01871	0.06264	0.08179	0.06750	0.10040	0.01059	0.00736	0.00230	0.00727	0.00881	0.08182	0.00892
19	0.02163	0.08584	0.01955	0.06267	0.02031	0.04162	0.01219	0.16285	0.02017	0.17538	0.04973	0.02393	0.01746	0.04456	0.15623	0.00446	0.05851	0.00722	0.00591	0.00978
20	0.01846	0.01595	0.01679	0.01511	0.01930	0.01846	0.01175	0.03945	0.67938	0.03105	0.03022	0.02770	0.02266	0.01007	0.00755	0.00252	0.00588	0.00839	0.00755	0.01175
21	0.01071	0.00756	0.00991	0.00991	0.01054	0.00818	0.00676	0.01196	0.01133	0.01574	0.02173	0.03940	0.02300	0.41585	0.35559	0.00944	0.01320	0.00945	0.00425	0.00551
22	0.23124	0.04745	0.01854	0.01471	0.01957	0.15126	0.01189	0.28504	0.04724	0.03493	0.03956	0.01721	0.01333	0.00830	0.00642	0.00216	0.00812	0.00582	0.02708	0.01012
23	0.00984	0.00804	0.00955	0.05789	0.01389	0.00741	0.00792	0.01230	0.01703	0.02113	0.11584	0.09881	0.45054	0.01820	0.00896	0.00267	0.00471	0.12195	0.00675	0.00655
24	0.00904	0.00646	0.00861	0.01034	0.01077	0.00603	0.00689	0.01034	0.01421	0.01895	0.04092	0.73426	0.04910	0.02326	0.00948	0.00301	0.00431	0.02110	0.00689	0.00603
25	0.00963	0.00772	0.00876	0.00933	0.01149	0.00685	0.00739	0.01188	0.01678	0.02055	0.06343	0.11942	0.47608	0.01955	0.00921	0.00278	0.00461	0.18124	0.00688	0.00640
26	0.07394	0.50430	0.06092	0.01431	0.02001	0.15105	0.01345	0.02341	0.01586	0.01895	0.01063	0.01253	0.00944	0.00694	0.00603	0.00180	0.03948	0.00429	0.00339	0.00926
27	0.73135	0.01381	0.01071	0.00963	0.01400	0.01590	0.00788	0.02136	0.01305	0.03295	0.03476	0.01424	0.01068	0.00726	0.00477	0.00227	0.00557	0.00447	0.03739	0.00796
28	0.00971	0.00678	0.00858	0.00976	0.01010	0.00650	0.00633	0.01068	0.01324	0.01763	0.03530	0.49118	0.04184	0.25015	0.01848	0.00436	0.00532	0.04234	0.00613	0.00558
29	0.01374	0.00772	0.00844	0.00821	0.00990	0.00801	0.00610	0.04573	0.01546	0.02576	0.02323	0.02950	0.01946	0.08751	0.10791	0.00373	0.00636	0.00744	0.55888	0.00690
30	0.01804	0.01743	0.03017	0.09139	0.62084	0.01761	0.05004	0.02256	0.01679	0.02387	0.01396	0.01854	0.01161	0.00665	0.00741	0.00224	0.00905	0.00670	0.00365	0.01144
31	0.02526	0.02100	0.02241	0.02099	0.11693	0.08811	0.01499	0.41670	0.13189	0.03837	0.01860	0.01902	0.01378	0.00865	0.00736	0.00224	0.00841	0.00676	0.00657	0.01198
32	0.58021	0.09112	0.05273	0.06077	0.01818	0.01758	0.01037	0.02156	0.01334	0.02987	0.01129	0.01346	0.00887	0.00696	0.00497	0.00221	0.00646	0.00440	0.03733	0.00832
33	0.01903	0.09442	0.02753	0.15922	0.32389	0.11196	0.04292	0.05018	0.01770	0.02259	0.01472	0.02095	0.01262	0.00773	0.00722	0.00223	0.00954	0.04148	0.00391	0.01015
34	0.01506	0.01264	0.01377	0.01300	0.01626	0.01388	0.01011	0.02869	0.41700	0.02749	0.08400	0.09065	0.13960	0.01375	0.00822	0.00262	0.00535	0.07086	0.00737	0.00967
35	0.01956	0.05039	0.13772	0.05641	0.14742	0.11648	0.15381	0.09869	0.01902	0.02495	0.03337	0.01824	0.01244	0.00784	0.00891	0.00233	0.07134	0.00672	0.00412	0.01024
36	0.17719	0.47837	0.05884	0.01279	0.01858	0.07593	0.01224	0.02238	0.01532	0.02157	0.04145	0.01419	0.01198	0.00699	0.00515	0.00182	0.00782	0.00454	0.00374	0.00910
37	0.03331	0.01263	0.01723	0.01321	0.01895	0.01091	0.01091	0.03618	0.02125	0.69794	0.02929	0.02527	0.01838	0.00919	0.00747	0.00230	0.00632	0.00747	0.00919	0.01263
38	0.01056	0.00888	0.01445	0.06099	0.01740	0.00854	0.10073	0.01283	0.01485	0.01968	0.03696	0.55523	0.07031	0.01959	0.00920	0.00288	0.00582	0.01814	0.00621	0.00675
39	0.01938	0.02384	0.16604	0.03121	0.29661	0.10038	0.11447	0.05127	0.01836	0.05322	0.04326	0.01931	0.01375	0.00735	0.00748	0.00225	0.00998	0.00680	0.00418	0.01084
40	0.01079	0.00771	0.01060	0.01216	0.01340	0.00752	0.00977	0.01344	0.01630	0.02153	0.08360	0.32079	0.04690	0.02116	0.00987	0.00320	0.00568	0.37211	0.00695	0.00655
41	0.01047	0.00714	0.00852	0.00878	0.00904	0.00710	0.00534	0.01107	0.01214	0.01638	0.07143	0.16530	0.03323	0.52948	0.06825	0.00641	0.00716	0.01258	0.00513	0.00505
42	0.02067	0.66993	0.03704	0.01337	0.01946	0.10007	0.01287	0.02300	0.01570	0.01754	0.01044	0.01206	0.00953	0.00649	0.00496	0.00162	0.00851	0.00405	0.00324	0.00943
43	0.01559	0.13790	0.60727	0.01997	0.03029	0.01895	0.02535	0.02333	0.01559	0.02266	0.01290	0.01514	0.00942	0.00695	0.00673	0.00224	0.01054	0.00527	0.00314	0.01077
44	0.01196	0.00854	0.01196	0.01367	0.01538	0.00854	0.01196	0.01538	0.01709	0.02222	0.03931	0.08374	0.04272	0.02051	0.01025	0.00342	0.00684	0.64283	0.00684	0.00684
45	0.01907	0.01631	0.02097	0.06562	0.02408	0.01804	0.10076	0.09636	0.42995	0.05277	0.02769	0.02696	0.04804	0.00961	0.00775	0.00248	0.00720	0.00844	0.00676	0.01115
46	0.13703	0.02092	0.13254	0.02722	0.12104	0.01744	0.34301	0.02325	0.01642	0.04482	0.01512	0.04008	0.01193	0.00713	0.00766	0.00242	0.01031	0.00759	0.00404	0.01004
47	0.01370	0.01260	0.02089	0.60018	0.06926	0.01525	0.01886	0.01844	0.01575	0.02062	0.10461	0.02456	0.01810	0.00844	0.00760	0.00245	0.00899	0.00752	0.00397	0.00821
48	0.61280	0.06578	0.01460	0.07813	0.01875	0.06459	0.00998	0.02211	0.01358	0.02983	0.01068	0.01287	0.00842	0.00696	0.00502	0.00224	0.00681	0.00431	0.00432	0.00820
49	0.00913	0.00736	0.00796	0.00814	0.01011	0.00638	0.00588	0.01097	0.01657	0.02055	0.13190	0.15881	0.49211	0.06749	0.01082	0.00287	0.00404	0.01585	0.00687	0.00619
50	0.01426	0.01312	0.10052	0.01240	0.01567	0.01010	0.01062	0.08792	0.01854	0.07283	0.17042	0.31205	0.03990	0.04636	0.00969	0.00275	0.00573	0.01384	0.00671	0.03657
51	0.01539	0.01319	0.01539	0.01100	0.01759	0.00990	0.00880	0.01869	0.01539	0.02419	0.01319	0.01539	0.01100	0.00550	0.00550	0.00110	0.00550	0.00440	0.00440	0.78449
52	0.02540	0.20285	0.02536	0.01696	0.02182	0.37674	0.01376	0.14909	0.05875	0.02412	0.01344	0.01466	0.01086	0.00771	0.00641	0.00193	0.01067	0.00515	0.00456	0.00976
53	0.01923	0.01683	0.05228	0.16935	0.29691	0.04497	0.01832	0.02533	0.08852	0.11512	0.06387	0.02281	0.01726	0.00815	0.00746	0.00231	0.00830	0.00726	0.00505	0.01068
54	0.01012	0.00777	0.00920	0.03968	0.01248	0.00717	0.00725	0.01260	0.01716	0.02240	0.18978	0.10852	0.34783	0.05023	0.01002	0.00277	0.00447	0.08053	0.05352	0.00651
55	0.01867	0.01548	0.01638	0.01443	0.01860	0.01744	0.01130	0.13880	0.47690	0.03201	0.03350	0.05571	0.09540	0.01131	0.00773	0.00249	0.00597	0.00936	0.00744	0.01109
56	0.01307	0.01101	0.01341	0.01279	0.01462	0.05816	0.01000	0.05844	0.01441	0.01951	0.02254	0.02968	0.06329	0.04491	0.53718	0.00958	0.04773	0.00812	0.00437	0.00721
57	0.01844	0.01660	0.01651	0.01505	0.01896	0.06409	0.01159	0.03679	0.58939	0.02936	0.02969	0.07528	0.02360	0.01081	0.00763	0.00251	0.00627	0.00902	0.00726	0.01115
58	0.01350	0.00968	0.01076	0.00964	0.01265	0.00903	0.00747	0.10212	0.02063	0.07257	0.21110	0.05719	0.40380	0.01594	0.00850	0.00241	0.00447	0.01335	0.00743	0.00774
59	0.01016	0.00792	0.00904	0.00897	0.01103	0.00716	0.00662	0.04005	0.01837	0.02377	0.24057	0.18602	0.36719	0.01816	0.00884	0.00254	0.00398	0.01564	0.00728	0.00671
60	0.00919	0.00708	0.00824	0.00886	0.01030	0.00631	0.00620	0.01087	0.01583	0.02020	0.11939	0.33184	0.32749	0.06970	0.01104	0.00301	0.00419	0.01727	0.00686	0.00612
61	0.02584	0.01906	0.02088	0.01638	0.02170	0.02116	0.01346	0.57948	0.03180	0.04279	0.01810	0.01936	0.01343	0.01524	0.10241	0.00354	0.00975	0.00686	0.00696	0.01181
62	0.79154	0.01436	0.01091	0.00976	0.01436	0.01665	0.00804	0.02182	0.01263	0.03331	0.01034	0.01206	0.00804	0.00689	0.00459	0.00230	0.00574	0.00402	0.00459	0.00804
63	0.00921	0.00658	0.00880	0.01052	0.01102	0.00617	0.00717	0.01062	0.01437	0.01913	0.04083	0.69816	0.04875	0.02311	0.00952	0.00304	0.00445	0.05561	0.00689	0.00607
64	0.01384	0.00692	0.00692	0.00692	0.00865	0.00692	0.00519	0.01730	0.01557	0.02768	0.02422	0.02768	0.01903	0.00865	0.00519	0.00173	0.00346	0.00692	0.78031	0.00692
65	0.01624	0.01766	0.03667	0.21061	0.04082	0.01763	0.46912	0.02195	0.01668	0.02232	0.01565	0.05051	0.01253	0.00729	0.00844	0.00252	0.01148	0.00872	0.00377	0.00938
66	0.06002	0.01282	0.01754	0.16148	0.02512	0.01263	0.01264	0.03100	0.06361	0.45093	0.02724	0.02581	0.04702	0.00922	0.00740	0.00236	0.00690	0.00757	0.00754	0.01116
67	0.21429	0.06337	0.05602	0.02914	0.30070	0.07887	0.10911	0.02328	0.01611	0.02550	0.01273	0.01607	0.01032	0.00673	0.00663	0.00221	0.00901	0.00589	0.00388	0.01013
68	0.01823	0.01763	0.02275	0.47152	0.09599	0.11121	0.01903	0.11231	0.01868	0.02322	0.01368	0.01853	0.01039	0.00760	0.00732	0.00234	0.01004	0.00637	0.00398	0.00920
69	0.02027	0.01219	0.01463	0.01259	0.01672	0.01203	0.01004	0.02889	0.22551	0.23302	0.14231	0.03792	0.08173	0.01172	0.00786	0.00238	0.00549	0.05236	0.00784	0.06449
70	0.01810	0.42819	0.10749	0.01488	0.01998	0.02450	0.01453	0.04854	0.01507	0.01943	0.01273	0.04576	0.01211	0.03942	0.01055	0.00232	0.14785	0.00577	0.00358	0.00919
71	0.01750	0.43343	0.30158	0.01594	0.02395	0.02366	0.01835	0.02242	0.01555	0.02036	0.03826	0.01513	0.01186	0.00698	0.00583	0.00192	0.00897	0.00495	0.00336	0.01000
72	0.06490	0.01252	0.01669	0.01292	0.01847	0.01101	0.01064	0.03475	0.02087	0.64499	0.05268	0.02581	0.01983	0.00931	0.00739	0.00230	0.00619	0.00754	0.00895	0.01223
73	0.01402	0.01285	0.01990	0.11626	0.02283	0.01612	0.06890	0.01689	0.01291	0.01898	0.01570	0.05205	0.01458	0.02365	0.20890	0.00538	0.29408	0.00776	0.05051	0.00772
74	0.01590	0.01461	0.02372	0.47201	0.16136	0.01689	0.04243	0.06404	0.04141	0.02286	0.04279	0.02121	0.01347	0.00776	0.00752	0.00241	0.00926	0.00704	0.00402	0.00931
75	0.00967	0.00672	0.00910	0.01071	0.01127	0.00637	0.00749	0.01092	0.01426	0.01894	0.03881	0.60508	0.04585	0.02309	0.01090	0.05615	0.00477	0.09733	0.00664	0.00594
76	0.01029	0.00702	0.00837	0.00881	0.00906	0.00686	0.00534	0.01089	0.01247	0.01675	0.07524	0.24101	0.03622	0.48765	0.02781	0.00568	0.00613	0.01387	0.00543	0.00510
77	0.04574	0.05158	0.10645	0.01723	0.02167	0.34361	0.01475	0.09486	0.01963	0.02245	0.01677	0.05066	0.03919	0.01304	0.06539	0.00298	0.05412	0.00656	0.00437	0.00896
78	0.01538	0.01631	0.11283	0.04061	0.12083	0.03743	0.01456	0.02261	0.13834	0.05163	0.14147	0.12222	0.03210	0.01271	0.00819	0.00256	0.00696	0.08786	0.00609	0.00932
79	0.01196	0.00854	0.01196	0.01367	0.01538	0.00854	0.01196	0.01538	0.01709	0.02222	0.03931	0.08374	0.04272	0.02051	0.01025	0.00342	0.00684	0.64283	0.00684	0.00684
80	0.05067	0.01685	0.02798	0.14085	0.52388	0.01750	0.03918	0.02292	0.04434	0.02414	0.01441	0.01875	0.01177	0.00688	0.00729	0.00227	0.00882	0.00664	0.00382	0.01104
81	0.02026	0.13270	0.25320	0.01625	0.02332	0.01803	0.01697	0.09497	0.12587	0.13648	0.07234	0.02199	0.01818	0.00862	0.00703	0.00224	0.00805	0.00680	0.00569	0.01101
82	0.06753	0.02009	0.02095	0.16030	0.02773	0.11346	0.01495	0.32474	0.07078	0.05391	0.01648	0.01814	0.01215	0.00857	0.00784	0.00230	0.03715	0.00639	0.00583	0.01069

[dist]
# distance from previous block
# <min> <max>
1	3

[block]
# block no. 5 follows, 27 sequences, length 136
# corresponding to MSA columns:
# 360-473,476-485,494-505
name=unknown_F
#
# <colnr> <probs for GDERKNQSTAVLIFYWHMCP>
#	G	D	E	R	K	N	Q	S	T	A	V	L	I	F	Y	W	H	M	C	P
0	0.01533	0.01319	0.01571	0.04374	0.01914	0.01020	0.00934	0.01871	0.01537	0.02395	0.01319	0.01560	0.01094	0.00559	0.00559	0.00116	0.00570	0.00450	0.00435	0.74870
1	0.02005	0.63616	0.03560	0.01311	0.01897	0.09132	0.01253	0.02245	0.01597	0.01823	0.04876	0.01451	0.01295	0.00697	0.00517	0.00166	0.00819	0.00458	0.00352	0.00930
2	0.01742	0.03532	0.01469	0.01213	0.01487	0.01376	0.00903	0.26502	0.02152	0.02870	0.05695	0.15420	0.05006	0.25219	0.01779	0.00399	0.00681	0.01106	0.00625	0.00824
3	0.01343	0.00858	0.01098	0.04246	0.01399	0.00787	0.00810	0.01648	0.01946	0.11822	0.36753	0.05551	0.22211	0.01526	0.00861	0.00244	0.00444	0.04923	0.00767	0.00763
4	0.02435	0.01537	0.01751	0.01469	0.01958	0.01647	0.01172	0.10410	0.39647	0.25109	0.02862	0.02587	0.02021	0.00966	0.00751	0.00242	0.00626	0.00791	0.00808	0.01213
5	0.01179	0.00835	0.01155	0.01133	0.01261	0.00974	0.00882	0.01450	0.01281	0.01979	0.02069	0.04871	0.01885	0.04012	0.46650	0.00855	0.07392	0.00798	0.18658	0.00680
6	0.02652	0.03306	0.02028	0.01843	0.02200	0.64456	0.01388	0.02852	0.02038	0.01871	0.01215	0.01431	0.01012	0.00790	0.00723	0.00195	0.03790	0.00497	0.04864	0.00849
7	0.02818	0.01225	0.01608	0.01284	0.01781	0.01118	0.01042	0.03321	0.09626	0.52109	0.12890	0.03010	0.02666	0.01019	0.00767	0.00233	0.00584	0.00847	0.00885	0.01168
8	0.00923	0.00659	0.00882	0.01055	0.01106	0.00619	0.00721	0.01065	0.01439	0.01916	0.04082	0.69347	0.04870	0.02309	0.00952	0.00304	0.00447	0.06008	0.00689	0.00608
9	0.00915	0.00650	0.00858	0.01021	0.01061	0.00610	0.00675	0.01036	0.01402	0.01869	0.03990	0.69466	0.04782	0.06459	0.01111	0.00326	0.00447	0.02051	0.00675	0.00594
10	0.02438	0.27030	0.02696	0.01663	0.02107	0.37426	0.01375	0.02649	0.01817	0.06052	0.01205	0.01390	0.01012	0.00780	0.00771	0.00195	0.07611	0.00483	0.00389	0.00912
11	0.79154	0.01436	0.01091	0.00976	0.01436	0.01665	0.00804	0.02182	0.01263	0.03331	0.01034	0.01206	0.00804	0.00689	0.00459	0.00230	0.00574	0.00402	0.00459	0.00804
12	0.01062	0.00737	0.00881	0.00878	0.00925	0.00749	0.00551	0.01136	0.01185	0.01595	0.05674	0.04698	0.06908	0.54266	0.15051	0.00750	0.00900	0.01073	0.00473	0.00509
13	0.01384	0.00692	0.00692	0.00692	0.00865	0.00692	0.00519	0.01730	0.01557	0.02768	0.02422	0.02768	0.01903	0.00865	0.00519	0.00173	0.00346	0.00692	0.78031	0.00692
14	0.01821	0.01841	0.05047	0.04383	0.62640	0.01771	0.06945	0.02288	0.01691	0.02420	0.01402	0.01842	0.01166	0.00660	0.00744	0.00223	0.00915	0.00674	0.00366	0.01161
15	0.01217	0.00788	0.01011	0.01095	0.01220	0.00758	0.00780	0.05353	0.01618	0.06389	0.03780	0.57136	0.04299	0.02057	0.00905	0.00288	0.00478	0.05452	0.04680	0.00695
16	0.73436	0.01427	0.01175	0.06209	0.01706	0.01664	0.00896	0.02161	0.01280	0.03225	0.01055	0.01263	0.00818	0.00693	0.00480	0.00231	0.00605	0.00421	0.00450	0.00805
17	0.04460	0.01403	0.02355	0.54849	0.07562	0.01663	0.07445	0.04049	0.01560	0.02099	0.01373	0.01982	0.01052	0.00954	0.03980	0.00289	0.01031	0.00675	0.00357	0.00862
18	0.00984	0.00745	0.00920	0.00987	0.01150	0.00680	0.00750	0.01220	0.01709	0.02225	0.19012	0.25102	0.25700	0.01957	0.00925	0.00279	0.00445	0.13848	0.00716	0.00647
19	0.04394	0.57449	0.03278	0.01244	0.01792	0.06060	0.01179	0.02138	0.01619	0.01984	0.11086	0.01844	0.01844	0.00774	0.00545	0.00174	0.00749	0.00541	0.00399	0.00906
20	0.01517	0.07898	0.66256	0.02067	0.03138	0.01794	0.02658	0.02344	0.01564	0.02316	0.01315	0.01546	0.00941	0.00701	0.00692	0.00231	0.01080	0.00540	0.00314	0.01089
21	0.03291	0.01272	0.01722	0.01326	0.01896	0.01112	0.01093	0.03627	0.03905	0.67990	0.02931	0.02533	0.01849	0.00921	0.00747	0.00230	0.00630	0.00749	0.00914	0.01261
22	0.01115	0.00843	0.01164	0.01089	0.01187	0.00870	0.04053	0.01280	0.01392	0.01927	0.16929	0.11800	0.03600	0.34092	0.11225	0.00584	0.04538	0.01178	0.00539	0.00596
23	0.04963	0.05071	0.09725	0.01680	0.05541	0.01530	0.03606	0.13198	0.07077	0.25634	0.04067	0.06603	0.01996	0.01018	0.00756	0.00239	0.00736	0.04766	0.00689	0.01107
24	0.00921	0.00660	0.00850	0.00994	0.01045	0.00617	0.00657	0.01040	0.01401	0.01854	0.04106	0.62429	0.08378	0.09785	0.01240	0.00342	0.00458	0.01971	0.00664	0.00588
25	0.00925	0.00659	0.00870	0.01014	0.01066	0.00617	0.00678	0.01066	0.01460	0.01961	0.09330	0.64320	0.04969	0.05937	0.01087	0.00317	0.00439	0.01994	0.00687	0.00603
26	0.01596	0.01718	0.06693	0.35974	0.22775	0.01729	0.14539	0.02122	0.01598	0.02163	0.01377	0.01921	0.01065	0.00695	0.00764	0.00240	0.01016	0.00695	0.00348	0.00972
27	0.06303	0.01487	0.01768	0.01498	0.01852	0.01635	0.04134	0.30096	0.04372	0.03226	0.02383	0.19468	0.02327	0.05641	0.03442	0.00316	0.05250	0.03213	0.00641	0.00948
28	0.01055	0.00720	0.00830	0.00856	0.00883	0.00709	0.00516	0.01096	0.01180	0.01556	0.02894	0.12275	0.06817	0.58953	0.03188	0.00632	0.00668	0.04186	0.00499	0.00487
29	0.01538	0.02726	0.37010	0.06184	0.15460	0.01644	0.12103	0.02187	0.01592	0.02278	0.01711	0.02148	0.04251	0.04877	0.00920	0.00263	0.01021	0.00702	0.00359	0.01025
30	0.01899	0.05767	0.05097	0.14102	0.33380	0.13267	0.05663	0.04163	0.01769	0.02247	0.01627	0.01991	0.04278	0.00753	0.00726	0.00220	0.00973	0.00668	0.00386	0.01021
31	0.01821	0.51509	0.18562	0.01557	0.02289	0.02519	0.05668	0.02220	0.01543	0.01930	0.01357	0.01535	0.03357	0.00694	0.00567	0.00185	0.00875	0.00502	0.00333	0.00976
32	0.72042	0.01425	0.01195	0.07484	0.01772	0.01664	0.00919	0.02156	0.01284	0.03200	0.01060	0.01277	0.00821	0.00694	0.00485	0.00231	0.00612	0.00426	0.00448	0.00806
33	0.01085	0.00795	0.01074	0.01069	0.01138	0.00890	0.00759	0.01234	0.01159	0.01625	0.02200	0.07688	0.02321	0.31925	0.37475	0.00916	0.04655	0.00976	0.00432	0.00583
34	0.01576	0.04653	0.01440	0.01189	0.01493	0.07906	0.00920	0.08638	0.06233	0.04904	0.33519	0.11113	0.06362	0.01326	0.00800	0.00226	0.00560	0.01128	0.00704	0.05311
35	0.01030	0.00712	0.00943	0.01052	0.01154	0.00655	0.00736	0.01205	0.01531	0.04023	0.10604	0.58241	0.04857	0.02119	0.00923	0.00287	0.00446	0.05165	0.00699	0.03618
36	0.37255	0.25650	0.05362	0.03475	0.01906	0.11781	0.01173	0.02304	0.01482	0.02512	0.01072	0.01260	0.00886	0.00685	0.00514	0.00202	0.00790	0.00426	0.00392	0.00875
37	0.01014	0.00820	0.01161	0.01303	0.05899	0.00756	0.03869	0.01220	0.01573	0.02068	0.09839	0.44425	0.19322	0.01963	0.00908	0.00276	0.00481	0.01765	0.00663	0.00675
38	0.04785	0.05432	0.07178	0.24641	0.18195	0.16469	0.04030	0.02236	0.01682	0.02101	0.01640	0.02014	0.04929	0.00781	0.00712	0.00224	0.00996	0.00651	0.00375	0.00930
39	0.72708	0.01490	0.01187	0.01038	0.01509	0.01719	0.00855	0.07639	0.01451	0.03445	0.01097	0.01255	0.00843	0.00706	0.00483	0.00229	0.00595	0.00424	0.00483	0.00843
40	0.01074	0.00781	0.01121	0.01121	0.01236	0.00890	0.00846	0.01304	0.01189	0.01718	0.02053	0.03189	0.01978	0.15196	0.58940	0.01090	0.01751	0.00833	0.03054	0.00633
41	0.09951	0.01792	0.01866	0.01498	0.02006	0.01996	0.01220	0.43321	0.13713	0.04088	0.01981	0.01992	0.01450	0.00888	0.00694	0.00223	0.00706	0.00673	0.08799	0.01144
42	0.02049	0.01375	0.01479	0.01225	0.01579	0.01513	0.00987	0.31224	0.02409	0.03577	0.02048	0.02255	0.01559	0.00902	0.00731	0.00204	0.04729	0.00679	0.38518	0.00957
43	0.00914	0.00650	0.00859	0.01022	0.01062	0.00609	0.00676	0.01036	0.01403	0.01870	0.03997	0.69709	0.04790	0.06206	0.01101	0.00324	0.00446	0.02055	0.00676	0.00595
44	0.00897	0.00753	0.00779	0.00773	0.01015	0.00635	0.00579	0.01103	0.01738	0.02115	0.14471	0.06963	0.61959	0.01839	0.00877	0.00249	0.00373	0.01541	0.00704	0.00635
45	0.02114	0.50561	0.03248	0.01413	0.01928	0.12710	0.01287	0.02333	0.01583	0.05679	0.01199	0.01458	0.01068	0.03311	0.00813	0.00202	0.07323	0.00476	0.00367	0.00927
46	0.64135	0.01498	0.01275	0.01090	0.01574	0.01694	0.00898	0.09896	0.01594	0.08787	0.01273	0.01379	0.00940	0.00731	0.00516	0.00229	0.00607	0.00461	0.00529	0.00895
47	0.00956	0.00668	0.00846	0.00968	0.00998	0.00637	0.00619	0.01047	0.01321	0.01761	0.03575	0.53202	0.04258	0.23439	0.01783	0.00425	0.00516	0.01806	0.00619	0.00558
