[name]
unknown

[dist]
# distance from previous block
# <min> <max>
0	33

[block]
# block no. 0 follows, 26 sequences, length 20
# corresponding to MSA columns:
# 34-53
name=unknown_A
#
# <colnr> <probs for GDERKNQSTAVLIFYWHMCP>
#	G	D	E	R	K	N	Q	S	T	A	V	L	I	F	Y	W	H	M	C	P
0	0.06915	0.21108	0.26975	0.05367	0.04937	0.01883	0.01832	0.02232	0.01630	0.05634	0.04007	0.02575	0.04190	0.00917	0.00692	0.00230	0.00872	0.06582	0.00433	0.00987
1	0.02038	0.06954	0.16253	0.01729	0.03820	0.04280	0.06556	0.07387	0.05217	0.13718	0.06848	0.02374	0.01834	0.00855	0.00725	0.00213	0.00817	0.02710	0.00563	0.15109
2	0.05528	0.02887	0.39311	0.10877	0.11739	0.01751	0.06692	0.02453	0.04963	0.04574	0.01504	0.01793	0.01102	0.00736	0.00732	0.00241	0.01022	0.00626	0.00384	0.01085
3	0.01956	0.02168	0.14195	0.08944	0.10641	0.05141	0.17810	0.09535	0.01907	0.07289	0.01587	0.01934	0.01197	0.00954	0.02971	0.03322	0.01043	0.00696	0.00453	0.06259
4	0.01569	0.07350	0.62030	0.02270	0.07207	0.01827	0.02697	0.02391	0.01606	0.02375	0.01350	0.01599	0.00976	0.00714	0.00711	0.00235	0.01092	0.00560	0.00324	0.01118
5	0.03328	0.01412	0.01835	0.01407	0.01997	0.01294	0.01162	0.12740	0.02373	0.59808	0.02823	0.02471	0.01792	0.00935	0.00762	0.00234	0.00673	0.00751	0.00913	0.01291
6	0.01271	0.00970	0.01316	0.09412	0.01830	0.00964	0.03582	0.03703	0.05052	0.05598	0.08321	0.28741	0.20333	0.01748	0.00894	0.00275	0.00564	0.03992	0.00673	0.00761
7	0.05599	0.01381	0.02102	0.47725	0.04041	0.01739	0.01824	0.02009	0.05458	0.02073	0.01552	0.06262	0.01321	0.00964	0.01042	0.00268	0.12639	0.00759	0.00392	0.00847
8	0.01046	0.00825	0.01118	0.01211	0.01247	0.00898	0.00862	0.01183	0.01404	0.01918	0.03655	0.61098	0.04353	0.02203	0.01219	0.00312	0.12244	0.01910	0.00643	0.00651
9	0.01844	0.01788	0.03112	0.08842	0.60642	0.01802	0.06164	0.02309	0.01717	0.02441	0.01428	0.01897	0.01186	0.00679	0.00760	0.00229	0.00931	0.00689	0.00373	0.01168
10	0.05030	0.01655	0.06052	0.01468	0.02003	0.01573	0.01243	0.12710	0.23038	0.26950	0.02830	0.02709	0.04325	0.03834	0.00880	0.00262	0.00681	0.00801	0.00776	0.01179
11	0.00983	0.00737	0.00919	0.01023	0.01142	0.00688	0.00723	0.01232	0.03834	0.02143	0.12142	0.47122	0.17221	0.02135	0.00943	0.00290	0.00438	0.04907	0.00721	0.00656
12	0.03403	0.01291	0.01760	0.01350	0.01936	0.01115	0.01115	0.03697	0.02171	0.69137	0.02992	0.02582	0.01878	0.00939	0.00763	0.00235	0.00645	0.00763	0.00939	0.01291
13	0.01521	0.03923	0.69413	0.02162	0.03283	0.01762	0.02802	0.02402	0.01601	0.02402	0.01361	0.01601	0.00961	0.00721	0.00721	0.00240	0.01121	0.00560	0.00320	0.01121
14	0.02244	0.02255	0.12301	0.02290	0.10198	0.06076	0.10380	0.18581	0.13435	0.08777	0.01915	0.02030	0.01408	0.00851	0.00837	0.00241	0.03726	0.00717	0.00579	0.01161
15	0.02064	0.01905	0.02789	0.11603	0.45551	0.05471	0.02092	0.14216	0.02068	0.02813	0.01478	0.01857	0.01185	0.00735	0.00750	0.00227	0.00926	0.00667	0.00443	0.01160
16	0.01140	0.00819	0.01084	0.01067	0.01140	0.00917	0.00757	0.01295	0.01187	0.01699	0.02153	0.03740	0.02216	0.33775	0.34984	0.00913	0.05049	0.00922	0.04551	0.00595
17	0.02331	0.02149	0.02451	0.07307	0.27768	0.16581	0.01774	0.12034	0.09249	0.08329	0.01737	0.01932	0.01332	0.00799	0.00741	0.00225	0.00945	0.00664	0.00523	0.01129
18	0.02534	0.10536	0.02298	0.01636	0.02149	0.15872	0.05201	0.23207	0.05715	0.11065	0.01867	0.01939	0.01384	0.00843	0.00692	0.00211	0.00873	0.00645	0.10258	0.01075
19	0.29551	0.01868	0.01839	0.01472	0.02021	0.02100	0.01211	0.40464	0.05963	0.04214	0.01615	0.01664	0.01176	0.00844	0.00657	0.00232	0.00736	0.00596	0.00657	0.01120

[dist]
# distance from previous block
# <min> <max>
0	1

[block]
# block no. 1 follows, 26 sequences, length 33
# corresponding to MSA columns:
# 55-87
name=unknown_B
#
# <colnr> <probs for GDERKNQSTAVLIFYWHMCP>
#	G	D	E	R	K	N	Q	S	T	A	V	L	I	F	Y	W	H	M	C	P
0	0.02555	0.22906	0.02715	0.01926	0.06182	0.45346	0.01470	0.04842	0.02002	0.01969	0.01176	0.01371	0.01000	0.00743	0.00636	0.00189	0.01168	0.00483	0.00384	0.00938
1	0.01198	0.00778	0.00994	0.01082	0.01197	0.00742	0.00744	0.01453	0.05354	0.07506	0.03985	0.55670	0.06343	0.07704	0.01163	0.00331	0.00488	0.01866	0.00708	0.00694
2	0.01790	0.01731	0.02657	0.03743	0.48639	0.06051	0.03779	0.02202	0.01760	0.02385	0.02083	0.03184	0.04189	0.00969	0.00806	0.00246	0.00888	0.11386	0.00444	0.01069
3	0.02801	0.02063	0.02217	0.01716	0.02299	0.02279	0.01411	0.63340	0.03477	0.04660	0.01921	0.04816	0.01447	0.00972	0.00768	0.00231	0.00818	0.00745	0.00756	0.01262
4	0.03403	0.01291	0.01760	0.01350	0.01936	0.01115	0.01115	0.03697	0.02171	0.69137	0.02992	0.02582	0.01878	0.00939	0.00763	0.00235	0.00645	0.00763	0.00939	0.01291
5	0.00929	0.00677	0.00875	0.01021	0.01094	0.00624	0.00691	0.01079	0.01516	0.02004	0.07796	0.62602	0.11725	0.02287	0.00957	0.00299	0.00430	0.02059	0.00711	0.00624
6	0.01960	0.01943	0.02884	0.04162	0.57314	0.07683	0.02159	0.02531	0.07284	0.02483	0.01545	0.01914	0.01276	0.00715	0.00747	0.00225	0.00916	0.00675	0.00410	0.01174
7	0.01276	0.01101	0.01586	0.01481	0.01563	0.01411	0.01183	0.01501	0.01214	0.01795	0.01806	0.07049	0.01781	0.03936	0.41910	0.00847	0.26585	0.00847	0.00399	0.00727
8	0.03403	0.01291	0.01760	0.01350	0.01936	0.01115	0.01115	0.03697	0.02171	0.69137	0.02992	0.02582	0.01878	0.00939	0.00763	0.00235	0.00645	0.00763	0.00939	0.01291
9	0.01776	0.01714	0.02968	0.19166	0.51807	0.01782	0.05213	0.02248	0.01684	0.02358	0.01415	0.01917	0.01158	0.00692	0.00759	0.00233	0.00943	0.00686	0.00367	0.01115
10	0.01630	0.01550	0.02632	0.41821	0.33379	0.01737	0.02205	0.02111	0.01610	0.02178	0.01383	0.01958	0.01096	0.00722	0.00755	0.00241	0.00962	0.00675	0.00354	0.01002
11	0.03369	0.01345	0.01794	0.01375	0.01963	0.01195	0.01136	0.07746	0.02262	0.64960	0.02916	0.02532	0.01839	0.00937	0.00763	0.00234	0.00658	0.00758	0.00927	0.01291
12	0.01428	0.01452	0.04198	0.01894	0.02096	0.01631	0.13700	0.01703	0.01428	0.02045	0.05001	0.23946	0.02536	0.01512	0.01591	0.00303	0.31056	0.01198	0.00478	0.00804
13	0.01903	0.01682	0.02331	0.45378	0.09132	0.04832	0.01923	0.18651	0.02091	0.02712	0.01469	0.01931	0.01096	0.00793	0.00755	0.00242	0.00972	0.00668	0.00452	0.00987
14	0.01038	0.00750	0.00958	0.01086	0.01171	0.00719	0.00743	0.04874	0.01586	0.02107	0.04171	0.66271	0.07123	0.02274	0.00953	0.00301	0.00461	0.02049	0.00707	0.00657
15	0.02021	0.04949	0.01600	0.01249	0.01564	0.01486	0.01016	0.16918	0.02026	0.10311	0.02083	0.02381	0.01622	0.02975	0.03229	0.00264	0.10645	0.00700	0.32031	0.00930
16	0.01573	0.01348	0.01573	0.01123	0.01798	0.01011	0.00899	0.01910	0.01573	0.02472	0.01348	0.01573	0.01123	0.00562	0.00562	0.00112	0.00562	0.00449	0.00449	0.77980
17	0.02464	0.06784	0.02251	0.01823	0.02194	0.31122	0.01450	0.13294	0.09529	0.04658	0.01513	0.01699	0.01213	0.00941	0.01069	0.00235	0.15669	0.00603	0.00497	0.00992
18	0.01353	0.00868	0.01103	0.01139	0.01310	0.00844	0.00815	0.01780	0.09768	0.10115	0.11661	0.47788	0.04573	0.01941	0.00911	0.00285	0.00474	0.01737	0.00756	0.00780
19	0.01990	0.43779	0.22144	0.01656	0.02439	0.02428	0.05493	0.02440	0.01627	0.07788	0.01335	0.01491	0.01058	0.00693	0.00600	0.00196	0.00911	0.00508	0.00380	0.01045
20	0.78701	0.01467	0.01115	0.00997	0.01467	0.01702	0.00821	0.02230	0.01291	0.03403	0.01056	0.01232	0.00821	0.00704	0.00469	0.00235	0.00587	0.00411	0.00469	0.00821
21	0.01170	0.00815	0.01008	0.01015	0.01187	0.00768	0.00731	0.01523	0.06027	0.05812	0.27120	0.28372	0.14286	0.05320	0.01050	0.00290	0.00438	0.01594	0.00755	0.00719
22	0.02816	0.06476	0.02310	0.01659	0.02270	0.02235	0.01383	0.54337	0.03243	0.09702	0.01848	0.01834	0.01311	0.00882	0.00734	0.00219	0.00806	0.00662	0.00733	0.04539
23	0.06971	0.11550	0.29699	0.01755	0.02560	0.01973	0.01889	0.18099	0.04107	0.11868	0.01685	0.01752	0.01197	0.00795	0.00693	0.00227	0.00901	0.00598	0.00533	0.01150
24	0.01311	0.00860	0.01152	0.01255	0.01454	0.00822	0.01045	0.01601	0.01733	0.07691	0.04458	0.17789	0.12995	0.02020	0.00991	0.00321	0.00611	0.40443	0.00720	0.00727
25	0.00994	0.00726	0.00934	0.00979	0.01109	0.00667	0.00697	0.01241	0.01815	0.02482	0.35500	0.33987	0.12189	0.01933	0.00926	0.00269	0.00395	0.01723	0.00767	0.00667
26	0.02045	0.01594	0.01720	0.01523	0.01969	0.01806	0.01192	0.03996	0.60426	0.10082	0.03077	0.02804	0.02270	0.01020	0.00771	0.00255	0.00605	0.00848	0.00789	0.01210
27	0.03289	0.01474	0.01873	0.01436	0.02027	0.01386	0.01186	0.17374	0.02477	0.55028	0.02736	0.02415	0.01749	0.00933	0.00762	0.00233	0.00687	0.00745	0.00899	0.01291
28	0.01042	0.00710	0.00845	0.00905	0.00920	0.00695	0.00542	0.01087	0.01221	0.01629	0.02997	0.27972	0.03523	0.49290	0.02880	0.00591	0.00635	0.01460	0.00542	0.00513
29	0.01953	0.02300	0.16178	0.03463	0.38740	0.05784	0.05429	0.02614	0.07149	0.06621	0.01638	0.01923	0.01271	0.00735	0.00751	0.00231	0.00951	0.00673	0.00433	0.01163
30	0.00922	0.00769	0.00804	0.00795	0.01040	0.00651	0.00596	0.01138	0.01789	0.02192	0.16424	0.07064	0.59474	0.01868	0.00896	0.00254	0.00380	0.01568	0.00723	0.00651
31	0.00919	0.00679	0.00861	0.01007	0.01087	0.00620	0.00682	0.01062	0.01499	0.01955	0.04776	0.61704	0.15776	0.02299	0.00956	0.00299	0.00431	0.02062	0.00704	0.00620
32	0.01990	0.06083	0.02266	0.33377	0.03496	0.03807	0.01689	0.16328	0.02019	0.08081	0.01838	0.02176	0.04421	0.00916	0.00924	0.00247	0.08161	0.00706	0.00498	0.00977

[dist]
# distance from previous block
# <min> <max>
0	29

[block]
# block no. 2 follows, 26 sequences, length 37
# corresponding to MSA columns:
# 117-153
name=unknown_C
#
# <colnr> <probs for GDERKNQSTAVLIFYWHMCP>
#	G	D	E	R	K	N	Q	S	T	A	V	L	I	F	Y	W	H	M	C	P
0	0.02171	0.04720	0.01760	0.01409	0.01838	0.05313	0.01111	0.19458	0.13496	0.12926	0.02865	0.15352	0.05652	0.03322	0.00871	0.00254	0.00682	0.01017	0.00711	0.05073
1	0.01703	0.03537	0.01777	0.01374	0.05458	0.01229	0.01034	0.06497	0.03492	0.02633	0.01424	0.01630	0.01167	0.00607	0.00589	0.00132	0.00607	0.00488	0.00472	0.64149
2	0.02010	0.53475	0.16353	0.01528	0.02242	0.09393	0.01603	0.02371	0.01613	0.01910	0.01125	0.01305	0.00971	0.00676	0.00551	0.00180	0.00925	0.00443	0.00330	0.00992
3	0.01239	0.00702	0.01014	0.01014	0.01043	0.00730	0.00692	0.01081	0.01052	0.01431	0.01614	0.02811	0.01636	0.12974	0.17199	0.51274	0.00957	0.00752	0.00363	0.00420
4	0.01084	0.00813	0.01219	0.01219	0.01354	0.00948	0.00948	0.01354	0.01219	0.01761	0.02032	0.02980	0.01896	0.05689	0.70337	0.01219	0.02032	0.00813	0.00406	0.00677
5	0.02204	0.01760	0.02777	0.07629	0.44240	0.01784	0.03931	0.11724	0.02044	0.11922	0.01697	0.01979	0.01294	0.00750	0.00758	0.00229	0.00874	0.00695	0.00506	0.01200
6	0.01236	0.00833	0.00941	0.00879	0.01158	0.00714	0.00671	0.01477	0.01874	0.10314	0.20398	0.06375	0.46923	0.01722	0.00880	0.00250	0.00410	0.01450	0.00761	0.00735
7	0.00934	0.00664	0.00877	0.01043	0.01085	0.00623	0.00690	0.01059	0.01433	0.01910	0.04081	0.69058	0.04891	0.06339	0.01130	0.00332	0.00457	0.02098	0.00690	0.00607
8	0.11043	0.11897	0.07477	0.02775	0.10428	0.02019	0.38724	0.02371	0.01679	0.02462	0.01390	0.01791	0.01082	0.00657	0.00763	0.00236	0.01081	0.00727	0.00381	0.01017
9	0.01333	0.00836	0.01076	0.00981	0.01217	0.00755	0.00748	0.01664	0.02103	0.10858	0.53543	0.05481	0.13439	0.01519	0.00879	0.00240	0.00395	0.01325	0.00833	0.00776
10	0.01521	0.03923	0.69413	0.02162	0.03283	0.01762	0.02802	0.02402	0.01601	0.02402	0.01361	0.01601	0.00961	0.00721	0.00721	0.00240	0.01121	0.00560	0.00320	0.01121
11	0.01551	0.01348	0.01683	0.12184	0.02336	0.01117	0.01089	0.01914	0.01564	0.02388	0.01348	0.01643	0.01106	0.00593	0.00593	0.00134	0.00632	0.00485	0.00432	0.65861
12	0.01211	0.00858	0.00949	0.00926	0.00984	0.00893	0.00561	0.01505	0.10175	0.01704	0.02486	0.04671	0.02697	0.63424	0.03437	0.00670	0.00717	0.01069	0.00502	0.00561
13	0.03043	0.01754	0.02033	0.01571	0.02160	0.01817	0.01294	0.36970	0.06475	0.31223	0.02373	0.02190	0.01588	0.00929	0.00761	0.00232	0.00744	0.00725	0.00834	0.01285
14	0.01880	0.05966	0.02304	0.04576	0.02165	0.12533	0.01564	0.02339	0.10410	0.02017	0.01326	0.01765	0.01173	0.01144	0.01802	0.00289	0.44799	0.00650	0.00401	0.00897
15	0.01232	0.01002	0.01042	0.00961	0.01262	0.00955	0.00736	0.09146	0.07358	0.02505	0.09616	0.06120	0.49718	0.03780	0.00956	0.00266	0.00465	0.01403	0.00716	0.00763
16	0.06438	0.07763	0.02168	0.01792	0.02224	0.48290	0.01384	0.07494	0.11095	0.02314	0.01467	0.01583	0.01175	0.00812	0.00678	0.00206	0.01150	0.00543	0.00468	0.00955
17	0.01937	0.01482	0.01631	0.01445	0.01849	0.01646	0.01126	0.08233	0.45510	0.08703	0.10856	0.06982	0.02933	0.01150	0.00796	0.00254	0.00584	0.00971	0.00789	0.01124
18	0.00903	0.00765	0.00780	0.00783	0.01031	0.00642	0.00585	0.01099	0.01735	0.02080	0.09659	0.09207	0.64307	0.01922	0.00899	0.00257	0.00385	0.01610	0.00709	0.00642
19	0.01770	0.01703	0.02835	0.15969	0.48402	0.01853	0.02198	0.02191	0.01613	0.02294	0.01354	0.01873	0.01140	0.00780	0.00991	0.00245	0.10667	0.00674	0.00363	0.01088
20	0.01837	0.01781	0.03048	0.08890	0.50868	0.01815	0.09163	0.02471	0.07839	0.02500	0.01588	0.01995	0.01287	0.00711	0.00769	0.00234	0.00922	0.00717	0.00411	0.01157
21	0.01841	0.02101	0.04297	0.03222	0.07430	0.04907	0.59560	0.02450	0.01803	0.02407	0.01513	0.02007	0.01146	0.00648	0.00878	0.00251	0.01262	0.00865	0.00383	0.01026
22	0.01084	0.00813	0.01219	0.01219	0.01354	0.00948	0.00948	0.01354	0.01219	0.01761	0.02032	0.02980	0.01896	0.05689	0.70337	0.01219	0.02032	0.00813	0.00406	0.00677
23	0.01780	0.01703	0.02903	0.19318	0.54712	0.01777	0.02279	0.02242	0.01681	0.02360	0.01410	0.01909	0.01160	0.00694	0.00753	0.00231	0.00925	0.00675	0.00367	0.01123
24	0.01854	0.01778	0.03037	0.08156	0.65294	0.01796	0.02316	0.02307	0.01716	0.02450	0.01423	0.01885	0.01192	0.00680	0.00751	0.00227	0.00907	0.00676	0.00373	0.01183
25	0.00920	0.00675	0.00865	0.01017	0.01090	0.00619	0.00687	0.01061	0.01490	0.01952	0.04661	0.63857	0.13698	0.02314	0.00958	0.00301	0.00432	0.02080	0.00704	0.00619
26	0.03332	0.01405	0.01831	0.01404	0.01993	0.01285	0.01160	0.12254	0.02362	0.60309	0.02832	0.02477	0.01797	0.00935	0.00762	0.00234	0.00671	0.00752	0.00914	0.01291
27	0.01211	0.00868	0.01066	0.01128	0.01245	0.00866	0.00781	0.09981	0.01708	0.02281	0.03681	0.56417	0.04283	0.09167	0.01224	0.00339	0.00523	0.01850	0.00688	0.00693
28	0.01313	0.00897	0.01088	0.01082	0.01294	0.00866	0.00793	0.01803	0.11002	0.08487	0.18359	0.31099	0.15364	0.01801	0.00894	0.00271	0.00454	0.01584	0.00763	0.00786
29	0.00924	0.00660	0.00880	0.01056	0.01100	0.00616	0.00704	0.01056	0.01452	0.01936	0.04181	0.72848	0.05017	0.02376	0.00968	0.00308	0.00440	0.02156	0.00704	0.00616
30	0.01659	0.01659	0.02323	0.01991	0.01991	0.02323	0.01659	0.01825	0.01162	0.01825	0.00996	0.01659	0.00996	0.01328	0.02489	0.00332	0.71955	0.00664	0.00332	0.00830
31	0.01573	0.01348	0.01573	0.01123	0.01798	0.01011	0.00899	0.01910	0.01573	0.02472	0.01348	0.01573	0.01123	0.00562	0.00562	0.00112	0.00562	0.00449	0.00449	0.77980
32	0.02138	0.64172	0.03724	0.01388	0.02001	0.12233	0.01321	0.02375	0.01625	0.01794	0.01071	0.01237	0.00974	0.00667	0.00514	0.00167	0.00888	0.00417	0.00334	0.00960
33	0.02009	0.02039	0.02856	0.04067	0.54852	0.11204	0.02131	0.02543	0.06375	0.02441	0.01508	0.01874	0.01249	0.00715	0.00743	0.00223	0.00944	0.00663	0.00405	0.01157
34	0.02833	0.03615	0.02149	0.01954	0.02345	0.70298	0.01466	0.03029	0.02149	0.01856	0.01172	0.01368	0.00977	0.00782	0.00684	0.00195	0.01368	0.00489	0.00391	0.00879
35	0.01642	0.01440	0.01782	0.01459	0.05572	0.01277	0.01100	0.03907	0.01587	0.02455	0.01319	0.01609	0.01115	0.00684	0.00843	0.00152	0.10382	0.00499	0.00439	0.60738
36	0.05565	0.01426	0.01551	0.01418	0.01546	0.09658	0.01085	0.03481	0.01356	0.01888	0.01685	0.02804	0.01687	0.20346	0.21831	0.00661	0.20105	0.00782	0.00411	0.00713

[dist]
# distance from previous block
# <min> <max>
0	2

[block]
# block no. 3 follows, 26 sequences, length 36
# corresponding to MSA columns:
# 156-191
name=unknown_D
#
# <colnr> <probs for GDERKNQSTAVLIFYWHMCP>
#	G	D	E	R	K	N	Q	S	T	A	V	L	I	F	Y	W	H	M	C	P
0	0.02143	0.01089	0.01406	0.01210	0.01565	0.01015	0.00943	0.08663	0.02154	0.29107	0.22622	0.17944	0.04046	0.01416	0.00844	0.00250	0.00536	0.01225	0.00841	0.00979
1	0.38040	0.01446	0.01490	0.01219	0.01727	0.01518	0.00999	0.10595	0.01882	0.27680	0.01876	0.01851	0.01291	0.00905	0.00728	0.03825	0.00642	0.00585	0.00671	0.01029
2	0.02483	0.01658	0.01784	0.01416	0.01896	0.01794	0.01154	0.43424	0.02902	0.08080	0.02084	0.02163	0.01518	0.00904	0.00692	0.00213	0.00682	0.00695	0.23340	0.01119
3	0.01581	0.07298	0.58018	0.02245	0.03298	0.01845	0.10509	0.02399	0.01622	0.02374	0.01367	0.01636	0.00985	0.00707	0.00730	0.00238	0.01124	0.00594	0.00328	0.01101
4	0.01543	0.06862	0.66662	0.02126	0.03227	0.01814	0.02739	0.02397	0.01599	0.02376	0.01348	0.01585	0.00961	0.00718	0.00711	0.00237	0.01108	0.00554	0.00320	0.01115
5	0.13866	0.01315	0.01671	0.01301	0.01871	0.01196	0.01074	0.03493	0.02049	0.60003	0.02723	0.02394	0.01731	0.00906	0.00722	0.00235	0.00637	0.00714	0.00874	0.01226
6	0.01081	0.00726	0.00834	0.00856	0.00861	0.00721	0.00490	0.01097	0.01146	0.01528	0.02611	0.13344	0.03037	0.64582	0.03504	0.00683	0.00699	0.01233	0.00490	0.00479
7	0.01877	0.01802	0.03079	0.04656	0.68612	0.01802	0.02328	0.02328	0.01727	0.02478	0.01427	0.01877	0.01201	0.00676	0.00751	0.00225	0.00901	0.00676	0.00375	0.01201
8	0.00981	0.00729	0.00977	0.01101	0.01155	0.00725	0.00761	0.01138	0.01503	0.02038	0.10251	0.62146	0.04992	0.02235	0.01049	0.00303	0.04590	0.01993	0.00695	0.00638
9	0.01052	0.00763	0.00992	0.00958	0.01126	0.00703	0.00710	0.01381	0.02062	0.02895	0.59609	0.12513	0.09094	0.01647	0.00902	0.00246	0.00367	0.01459	0.00817	0.00703
10	0.47546	0.01857	0.01433	0.01272	0.01717	0.13326	0.01011	0.06608	0.09767	0.03182	0.04842	0.01719	0.01389	0.00814	0.00583	0.00231	0.00725	0.00546	0.00531	0.00902
11	0.01599	0.14579	0.59434	0.02030	0.03079	0.01951	0.02573	0.02382	0.01592	0.02308	0.01314	0.01543	0.00963	0.00710	0.00685	0.00228	0.01074	0.00537	0.00321	0.01098
12	0.15071	0.01318	0.01660	0.01295	0.01864	0.01206	0.01069	0.03469	0.02035	0.58951	0.02692	0.02373	0.01714	0.00902	0.00717	0.00235	0.00636	0.00708	0.00866	0.01218
13	0.01109	0.00745	0.00857	0.00866	0.00882	0.00743	0.00514	0.01142	0.01175	0.01568	0.04568	0.05202	0.02993	0.66786	0.03598	0.00696	0.00721	0.04868	0.00486	0.00482
14	0.15731	0.01485	0.02201	0.41340	0.06352	0.01810	0.04744	0.03959	0.01510	0.02321	0.01273	0.01817	0.00996	0.00822	0.00946	0.00259	0.10550	0.00635	0.00377	0.00872
15	0.01065	0.00758	0.00906	0.00893	0.01041	0.00705	0.00635	0.01301	0.01756	0.02416	0.32936	0.09006	0.17404	0.17400	0.01531	0.00354	0.00460	0.03183	0.05612	0.00639
16	0.00959	0.00675	0.00870	0.01012	0.01047	0.00639	0.00656	0.01065	0.01384	0.01846	0.03832	0.59627	0.04577	0.16198	0.01532	0.00391	0.00498	0.01951	0.00656	0.00586
17	0.02883	0.02125	0.02276	0.01745	0.02352	0.02352	0.01442	0.66082	0.03566	0.04780	0.01821	0.01821	0.01290	0.00911	0.00759	0.00228	0.00835	0.00683	0.00759	0.01290
18	0.02028	0.73799	0.03975	0.01298	0.01947	0.03001	0.01298	0.02271	0.01541	0.01785	0.01055	0.01217	0.00973	0.00649	0.00487	0.00162	0.00811	0.00406	0.00324	0.00973
19	0.01685	0.01606	0.02731	0.33589	0.41182	0.01752	0.02232	0.02159	0.01636	0.02244	0.01393	0.01940	0.01119	0.00712	0.00754	0.00237	0.00949	0.00675	0.00359	0.01046
20	0.01273	0.01038	0.01278	0.01408	0.09539	0.00984	0.00923	0.08271	0.02014	0.02626	0.20563	0.08213	0.35822	0.01589	0.00866	0.00247	0.00492	0.01356	0.00701	0.00796
21	0.01357	0.01241	0.02053	0.56115	0.06949	0.01496	0.01860	0.01793	0.01513	0.01959	0.01866	0.14878	0.01746	0.01049	0.00796	0.00262	0.00903	0.00943	0.00405	0.00815
22	0.01432	0.01348	0.02275	0.71520	0.05224	0.01685	0.02107	0.01938	0.01517	0.01938	0.01348	0.02022	0.01011	0.00758	0.00758	0.00253	0.01011	0.00674	0.00337	0.00843
23	0.01845	0.01979	0.10994	0.11057	0.44508	0.01767	0.02203	0.02519	0.08327	0.05006	0.01637	0.01982	0.01290	0.00736	0.00751	0.00234	0.00900	0.00683	0.00426	0.01156
24	0.01603	0.15203	0.58850	0.02022	0.03067	0.01962	0.02560	0.02381	0.01592	0.02302	0.01312	0.01539	0.00963	0.00709	0.00683	0.00228	0.01071	0.00535	0.00321	0.01097
25	0.01085	0.00809	0.01199	0.01199	0.01327	0.00937	0.00923	0.01341	0.01213	0.01746	0.02050	0.03082	0.01941	0.09181	0.66906	0.01194	0.01965	0.00828	0.00409	0.00666
26	0.02028	0.73799	0.03975	0.01298	0.01947	0.03001	0.01298	0.02271	0.01541	0.01785	0.01055	0.01217	0.00973	0.00649	0.00487	0.00162	0.00811	0.00406	0.00324	0.00973
27	0.10979	0.00963	0.01213	0.01253	0.01501	0.00961	0.01051	0.01826	0.01778	0.09656	0.13356	0.10674	0.04130	0.01735	0.00917	0.00303	0.00610	0.35604	0.00717	0.00774
28	0.05317	0.01940	0.09950	0.15090	0.48219	0.01774	0.02273	0.02268	0.01659	0.02425	0.01390	0.01842	0.01127	0.00695	0.00736	0.00232	0.00928	0.00651	0.00368	0.01117
29	0.00922	0.00667	0.00873	0.01039	0.01096	0.00618	0.00696	0.01058	0.01469	0.01943	0.04391	0.68902	0.08826	0.02349	0.00964	0.00305	0.00437	0.02123	0.00704	0.00618
30	0.01506	0.10293	0.02485	0.62851	0.04820	0.01848	0.02007	0.01979	0.01520	0.01919	0.01312	0.01923	0.01006	0.00745	0.00725	0.00242	0.00986	0.00641	0.00335	0.00859
31	0.01011	0.00852	0.01102	0.05074	0.01444	0.00776	0.03894	0.01271	0.01772	0.02253	0.19146	0.14490	0.40612	0.01770	0.00897	0.00259	0.00466	0.01534	0.00694	0.00683
32	0.02031	0.01818	0.10696	0.28553	0.17400	0.01652	0.03937	0.06307	0.01835	0.15807	0.01731	0.02041	0.01240	0.00778	0.00757	0.00240	0.00926	0.00686	0.00491	0.01075
33	0.01021	0.00793	0.00951	0.01039	0.01237	0.00724	0.00833	0.01264	0.01700	0.02117	0.05872	0.16168	0.36433	0.02044	0.00962	0.00297	0.00508	0.24675	0.00702	0.00659
34	0.01755	0.01934	0.04055	0.11788	0.11032	0.01877	0.51194	0.02358	0.01750	0.02374	0.01500	0.02025	0.01139	0.00658	0.00863	0.00252	0.01205	0.00844	0.00377	0.01020
35	0.12858	0.15792	0.24899	0.01626	0.02386	0.01963	0.01724	0.11644	0.03911	0.13939	0.01652	0.01711	0.01185	0.00778	0.00656	0.00223	0.00853	0.00571	0.00521	0.01107

[dist]
# distance from previous block
# <min> <max>
0	17

[block]
# block no. 4 follows, 26 sequences, length 47
# corresponding to MSA columns:
# 209-255
name=unknown_E
#
# <colnr> <probs for GDERKNQSTAVLIFYWHMCP>
#	G	D	E	R	K	N	Q	S	T	A	V	L	I	F	Y	W	H	M	C	P
0	0.11944	0.06010	0.31592	0.01796	0.06295	0.01557	0.01831	0.02344	0.03791	0.09169	0.09656	0.06892	0.02096	0.00952	0.00720	0.00239	0.00822	0.00771	0.00506	0.01016
1	0.08802	0.04995	0.01742	0.04235	0.05347	0.01603	0.01158	0.10138	0.23121	0.07250	0.17854	0.05314	0.03084	0.01099	0.00762	0.00241	0.00609	0.00915	0.00706	0.01024
2	0.01850	0.07783	0.39005	0.06037	0.02904	0.01873	0.02151	0.12116	0.08073	0.05565	0.04297	0.01951	0.01426	0.00818	0.00726	0.00235	0.00952	0.00644	0.00476	0.01118
3	0.01895	0.01615	0.01710	0.01528	0.01954	0.01858	0.01191	0.06505	0.61915	0.03234	0.05712	0.02905	0.02472	0.01046	0.00776	0.00255	0.00600	0.00871	0.00774	0.01184
4	0.01103	0.00735	0.00827	0.00827	0.00827	0.00735	0.00460	0.01103	0.01103	0.01471	0.02390	0.04964	0.02758	0.73343	0.03861	0.00735	0.00735	0.01103	0.00460	0.00460
5	0.01631	0.00952	0.01246	0.01140	0.01261	0.00998	0.00815	0.14011	0.01504	0.02010	0.01418	0.02209	0.01312	0.02290	0.02523	0.62386	0.00694	0.00664	0.00415	0.00522
6	0.01959	0.01613	0.01717	0.01534	0.01971	0.01850	0.01197	0.04015	0.64144	0.06312	0.03083	0.02818	0.02295	0.01025	0.00771	0.00256	0.00602	0.00853	0.00780	0.01205
7	0.02834	0.01240	0.01632	0.01291	0.01787	0.01122	0.01050	0.08101	0.02276	0.49063	0.17700	0.03222	0.03029	0.01075	0.00792	0.00235	0.00595	0.00895	0.00901	0.01160
8	0.01414	0.00707	0.00707	0.00707	0.00884	0.00707	0.00530	0.01767	0.01591	0.02828	0.02474	0.02828	0.01944	0.00884	0.00530	0.00177	0.00353	0.00707	0.77554	0.00707
9	0.02832	0.06399	0.02378	0.01719	0.02328	0.02391	0.01433	0.62277	0.03446	0.04602	0.01775	0.01785	0.01271	0.00895	0.00743	0.00224	0.00833	0.00666	0.00733	0.01271
10	0.16549	0.01446	0.01665	0.17738	0.02566	0.01679	0.01304	0.02983	0.31043	0.05503	0.02289	0.02528	0.01761	0.00930	0.00708	0.00250	0.00687	0.02943	0.04423	0.01005
11	0.01414	0.00707	0.00707	0.00707	0.00884	0.00707	0.00530	0.01767	0.01591	0.02828	0.02474	0.02828	0.01944	0.00884	0.00530	0.00177	0.00353	0.00707	0.77554	0.00707
12	0.05350	0.01410	0.02251	0.61951	0.07540	0.01722	0.02021	0.04994	0.01611	0.02167	0.01359	0.01968	0.01023	0.00759	0.00744	0.00250	0.00977	0.00662	0.00365	0.00878
13	0.01325	0.00960	0.01167	0.01188	0.01353	0.00969	0.00852	0.14088	0.01917	0.02571	0.07527	0.54632	0.04399	0.02034	0.00922	0.00288	0.00514	0.01815	0.00723	0.00757
14	0.00961	0.00686	0.00905	0.01027	0.01096	0.00641	0.00697	0.01133	0.01578	0.02139	0.16921	0.56755	0.05357	0.04984	0.01066	0.00311	0.00435	0.01958	0.00721	0.00630
15	0.01659	0.01659	0.02323	0.01991	0.01991	0.02323	0.01659	0.01825	0.01162	0.01825	0.00996	0.01659	0.00996	0.01328	0.02489	0.00332	0.71955	0.00664	0.00332	0.00830
16	0.01818	0.01967	0.04025	0.03667	0.24802	0.01881	0.45379	0.02397	0.01770	0.02445	0.01500	0.01992	0.01167	0.00651	0.00849	0.00246	0.01157	0.00824	0.00381	0.01081
17	0.01103	0.00735	0.00827	0.00827	0.00827	0.00735	0.00460	0.01103	0.01103	0.01471	0.02390	0.04964	0.02758	0.73343	0.03861	0.00735	0.00735	0.01103	0.00460	0.00460
18	0.05241	0.15068	0.46726	0.01973	0.02907	0.01917	0.07019	0.02320	0.01621	0.02385	0.05034	0.01780	0.01316	0.00748	0.00693	0.00228	0.01014	0.00598	0.00361	0.01053
19	0.01515	0.01432	0.02424	0.59151	0.16950	0.01707	0.02147	0.02010	0.01556	0.02038	0.01363	0.01995	0.01046	0.00743	0.00757	0.00248	0.00991	0.00674	0.00344	0.00909
20	0.01763	0.01677	0.02849	0.18404	0.53199	0.01746	0.02244	0.02221	0.01684	0.02359	0.01498	0.02134	0.01269	0.00741	0.00763	0.00235	0.00917	0.02807	0.00378	0.01110
21	0.01181	0.00969	0.01271	0.01260	0.01410	0.04813	0.00977	0.01448	0.01271	0.01766	0.01984	0.02890	0.01845	0.05415	0.66456	0.01162	0.01995	0.00795	0.00405	0.00688
22	0.00952	0.00685	0.00907	0.01066	0.01134	0.00640	0.00738	0.01112	0.01514	0.02012	0.07037	0.62800	0.07384	0.02303	0.00968	0.00306	0.00454	0.06651	0.00709	0.00627
23	0.71397	0.05347	0.04186	0.01063	0.01570	0.01772	0.00931	0.02239	0.01317	0.03276	0.01069	0.01247	0.00835	0.00702	0.00481	0.00231	0.00621	0.00417	0.00455	0.00842
24	0.01704	0.01792	0.03063	0.02406	0.02670	0.02184	0.23728	0.02033	0.01378	0.02033	0.01181	0.01792	0.01049	0.01091	0.01941	0.00306	0.47659	0.00743	0.00350	0.00896
25	0.02583	0.03236	0.07133	0.02048	0.06298	0.50857	0.01567	0.09001	0.02200	0.02230	0.01605	0.01769	0.04533	0.00843	0.00709	0.00207	0.01218	0.00582	0.00437	0.00944
26	0.00924	0.00660	0.00880	0.01056	0.01100	0.00616	0.00704	0.01056	0.01452	0.01936	0.04181	0.72848	0.05017	0.02376	0.00968	0.00308	0.00440	0.02156	0.00704	0.00616
27	0.01134	0.00818	0.01102	0.01166	0.01341	0.00786	0.00956	0.01474	0.01913	0.02593	0.32639	0.09556	0.07864	0.01858	0.00972	0.00295	0.00527	0.31546	0.00759	0.00701
28	0.01414	0.00707	0.00707	0.00707	0.00884	0.00707	0.00530	0.01767	0.01591	0.02828	0.02474	0.02828	0.01944	0.00884	0.00530	0.00177	0.00353	0.00707	0.77554	0.00707
29	0.01646	0.01391	0.01612	0.01158	0.01828	0.01086	0.00929	0.05486	0.01684	0.02600	0.01375	0.01587	0.01133	0.00581	0.00573	0.00119	0.00577	0.00462	0.00467	0.73706
30	0.11279	0.02010	0.02091	0.04416	0.02330	0.04586	0.01373	0.48255	0.06145	0.07368	0.01809	0.01831	0.01292	0.00884	0.00725	0.00230	0.00813	0.00657	0.00706	0.01201
31	0.01414	0.00707	0.00707	0.00707	0.00884	0.00707	0.00530	0.01767	0.01591	0.02828	0.02474	0.02828	0.01944	0.00884	0.00530	0.00177	0.00353	0.00707	0.77554	0.00707
32	0.01798	0.06190	0.07939	0.13529	0.51016	0.01854	0.02271	0.02276	0.01678	0.02356	0.01389	0.01838	0.01144	0.00689	0.00734	0.00226	0.00927	0.00651	0.00363	0.01132
33	0.01867	0.02084	0.09022	0.03870	0.50361	0.08199	0.02176	0.02317	0.01747	0.02382	0.01628	0.04634	0.01456	0.00824	0.00765	0.00233	0.00939	0.03978	0.00400	0.01117
34	0.02814	0.02165	0.02233	0.01742	0.02327	0.05690	0.01427	0.58819	0.07741	0.04528	0.01873	0.01866	0.01343	0.00912	0.00756	0.00228	0.00845	0.00685	0.00741	0.01264
35	0.01103	0.00735	0.00827	0.00827	0.00827	0.00735	0.00460	0.01103	0.01103	0.01471	0.02390	0.04964	0.02758	0.73343	0.03861	0.00735	0.00735	0.01103	0.00460	0.00460
36	0.01574	0.02733	0.36674	0.02775	0.23583	0.01630	0.02311	0.02277	0.04226	0.02434	0.04143	0.08791	0.01708	0.00909	0.00763	0.00243	0.00937	0.00793	0.00411	0.01086
37	0.03403	0.01291	0.01760	0.01350	0.01936	0.01115	0.01115	0.03697	0.02171	0.69137	0.02992	0.02582	0.01878	0.00939	0.00763	0.00235	0.00645	0.00763	0.00939	0.01291
38	0.01238	0.01004	0.01424	0.01721	0.14665	0.00963	0.01059	0.01640	0.04122	0.02718	0.39111	0.10186	0.11756	0.01480	0.00874	0.00248	0.00497	0.03770	0.00712	0.00813
39	0.01521	0.03923	0.69413	0.02162	0.03283	0.01762	0.02802	0.02402	0.01601	0.02402	0.01361	0.01601	0.00961	0.00721	0.00721	0.00240	0.01121	0.00560	0.00320	0.01121
40	0.01505	0.00919	0.01177	0.01056	0.01311	0.00867	0.00805	0.01971	0.06934	0.13495	0.50307	0.04936	0.05778	0.04367	0.00987	0.00260	0.00437	0.01226	0.00831	0.00833
41	0.01647	0.09449	0.38760	0.01922	0.06045	0.01728	0.02069	0.08651	0.01897	0.02705	0.13186	0.02319	0.02107	0.00872	0.00730	0.00226	0.00898	0.00704	0.00463	0.03619
42	0.11290	0.07720	0.21824	0.02494	0.15895	0.04401	0.10509	0.06800	0.04081	0.02643	0.01452	0.01752	0.01130	0.00932	0.03684	0.00273	0.01019	0.00626	0.00411	0.01063
43	0.16612	0.08120	0.21520	0.04225	0.02581	0.15127	0.04098	0.14307	0.02013	0.02867	0.01336	0.01530	0.01009	0.00758	0.00664	0.00223	0.00993	0.00546	0.00447	0.01025
44	0.12303	0.25489	0.23319	0.01711	0.04479	0.08226	0.01731	0.02567	0.06603	0.05097	0.01406	0.01551	0.01096	0.00732	0.00616	0.00211	0.00906	0.00519	0.00409	0.01028
45	0.20992	0.12490	0.18358	0.01799	0.08183	0.11871	0.01592	0.02306	0.01629	0.02511	0.04811	0.04236	0.01429	0.00808	0.00634	0.00217	0.00872	0.00597	0.00420	0.04247
46	0.29631	0.09481	0.11263	0.01714	0.07526	0.14040	0.01423	0.06218	0.01755	0.04792	0.04758	0.01666	0.01305	0.00776	0.00616	0.00220	0.00853	0.00544	0.00463	0.00956

[dist]
# distance from previous block
# <min> <max>
48	242

[block]
# block no. 5 follows, 26 sequences, length 15
# corresponding to MSA columns:
# 546-560
name=unknown_F
#
# <colnr> <probs for GDERKNQSTAVLIFYWHMCP>
#	G	D	E	R	K	N	Q	S	T	A	V	L	I	F	Y	W	H	M	C	P
0	0.01639	0.10541	0.56366	0.06156	0.03214	0.01854	0.02548	0.02412	0.01613	0.04910	0.01394	0.01627	0.01001	0.00724	0.00701	0.00233	0.01066	0.00560	0.00346	0.01097
1	0.10576	0.12854	0.48702	0.06021	0.03007	0.01916	0.02329	0.02337	0.01552	0.02408	0.01284	0.01532	0.00949	0.00711	0.00662	0.00230	0.01011	0.00529	0.00339	0.01050
2	0.01541	0.01585	0.10641	0.01539	0.01945	0.01387	0.01409	0.04657	0.24622	0.02726	0.06678	0.05245	0.03238	0.01470	0.00890	0.00293	0.00708	0.27795	0.00682	0.00951
3	0.01222	0.00873	0.01222	0.01397	0.01572	0.00873	0.01222	0.01572	0.01746	0.02270	0.04016	0.08556	0.04365	0.02095	0.01048	0.00349	0.00698	0.63506	0.00698	0.00698
4	0.01887	0.01629	0.01715	0.01544	0.01972	0.01887	0.01201	0.04031	0.67241	0.03173	0.03087	0.02830	0.02315	0.01029	0.00772	0.00257	0.00600	0.00858	0.00772	0.01201
5	0.00922	0.00668	0.00872	0.01036	0.01095	0.00618	0.00695	0.01058	0.01471	0.01944	0.04423	0.68315	0.09393	0.02345	0.00963	0.00304	0.00436	0.02118	0.00704	0.00618
6	0.03364	0.01354	0.01799	0.01379	0.01968	0.01208	0.01139	0.08389	0.02276	0.64297	0.02904	0.02524	0.01833	0.00937	0.00762	0.00234	0.00660	0.00757	0.00925	0.01291
7	0.01585	0.03480	0.54072	0.02406	0.03444	0.01799	0.17699	0.02409	0.01646	0.02409	0.01402	0.01706	0.01006	0.00701	0.00762	0.00244	0.01158	0.00640	0.00335	0.01098
8	0.01181	0.00836	0.01135	0.01283	0.01421	0.00832	0.01065	0.01460	0.01625	0.02121	0.03778	0.12888	0.04167	0.13091	0.01475	0.00406	0.00684	0.49232	0.00662	0.00655
9	0.01805	0.02004	0.04234	0.03449	0.15133	0.01898	0.54881	0.02412	0.01779	0.02438	0.01516	0.02017	0.01160	0.00646	0.00870	0.00250	0.01214	0.00857	0.00382	0.01054
10	0.01704	0.01331	0.01716	0.01610	0.04386	0.03474	0.06298	0.15887	0.04150	0.04917	0.03285	0.22361	0.07905	0.01633	0.00979	0.03551	0.00706	0.12572	0.00661	0.00874
11	0.01426	0.02104	0.26463	0.01950	0.08259	0.01276	0.06589	0.01933	0.01671	0.05414	0.10106	0.23947	0.03000	0.01323	0.00834	0.00260	0.00794	0.01188	0.00536	0.00927
12	0.01764	0.00934	0.01224	0.01100	0.01403	0.00837	0.00868	0.02070	0.02031	0.22797	0.31939	0.08772	0.12305	0.01504	0.00873	0.00254	0.00485	0.07135	0.00831	0.00874
13	0.01747	0.01705	0.02680	0.19217	0.46224	0.04839	0.02105	0.02179	0.01700	0.02296	0.01873	0.02298	0.06248	0.00794	0.00761	0.00232	0.00908	0.00737	0.00393	0.01064
14	0.01693	0.01786	0.06579	0.27031	0.28970	0.01783	0.11389	0.02338	0.06481	0.02333	0.01534	0.02006	0.01198	0.00727	0.00774	0.00242	0.00984	0.00714	0.00390	0.01048

[dist]
# distance from previous block
# <min> <max>
29	368

[block]
# block no. 6 follows, 26 sequences, length 8
# corresponding to MSA columns:
# 989-996
name=unknown_G
#
# <colnr> <probs for GDERKNQSTAVLIFYWHMCP>
#	G	D	E	R	K	N	Q	S	T	A	V	L	I	F	Y	W	H	M	C	P
0	0.01783	0.01766	0.05780	0.29639	0.23473	0.01828	0.07816	0.08728	0.06945	0.02548	0.01572	0.02004	0.01208	0.00758	0.00768	0.00242	0.00958	0.00704	0.00428	0.01052
1	0.14668	0.07016	0.02266	0.10650	0.14973	0.01951	0.01564	0.10118	0.01698	0.02625	0.01443	0.05933	0.01289	0.00964	0.01086	0.00251	0.16871	0.00691	0.00443	0.03500
2	0.15588	0.01453	0.02071	0.28388	0.20064	0.01637	0.01697	0.02222	0.07472	0.02494	0.01895	0.02261	0.05218	0.00826	0.00705	0.00240	0.00807	0.00700	0.03317	0.00946
3	0.13219	0.18124	0.07533	0.08074	0.02309	0.04807	0.01386	0.12787	0.11114	0.05452	0.03756	0.01898	0.01442	0.00899	0.00749	0.03519	0.00791	0.00611	0.00523	0.01007
4	0.02072	0.01708	0.07136	0.06714	0.06208	0.01641	0.01406	0.23214	0.05277	0.07718	0.01983	0.06238	0.01605	0.01200	0.03508	0.03343	0.03679	0.00760	0.07535	0.07055
5	0.10537	0.07033	0.07333	0.22837	0.21907	0.10382	0.01908	0.05260	0.01733	0.02401	0.01318	0.01715	0.01046	0.00729	0.00693	0.00227	0.00962	0.00595	0.00387	0.00997
6	0.14287	0.02171	0.07739	0.02330	0.15316	0.09043	0.06622	0.21461	0.05271	0.03247	0.01648	0.04532	0.01323	0.00845	0.00720	0.00233	0.00896	0.00691	0.00534	0.01091
7	0.28711	0.12636	0.10046	0.05056	0.05178	0.01716	0.06318	0.02058	0.01532	0.02649	0.07569	0.09860	0.01957	0.00958	0.00657	0.00235	0.00737	0.00774	0.00471	0.00882

[dist]
# distance from previous block
# <min> <max>
1	5

[block]
# block no. 7 follows, 26 sequences, length 15
# corresponding to MSA columns:
# 1002-1016
name=unknown_H
#
# <colnr> <probs for GDERKNQSTAVLIFYWHMCP>
#	G	D	E	R	K	N	Q	S	T	A	V	L	I	F	Y	W	H	M	C	P
0	0.01221	0.00942	0.01355	0.04373	0.08344	0.00935	0.01208	0.01549	0.01736	0.02295	0.10162	0.15385	0.08868	0.01869	0.00970	0.00310	0.00643	0.36428	0.00666	0.00742
1	0.02456	0.02066	0.19236	0.01613	0.02284	0.01496	0.01580	0.07668	0.14519	0.30818	0.04639	0.02587	0.01922	0.00949	0.00765	0.00243	0.00765	0.02473	0.00724	0.01195
2	0.11333	0.10878	0.08410	0.01172	0.01592	0.01294	0.01063	0.02002	0.01906	0.10461	0.36598	0.03753	0.04306	0.01170	0.00754	0.00228	0.00557	0.00971	0.00681	0.00870
3	0.01719	0.03189	0.50316	0.02237	0.09612	0.01617	0.02416	0.02454	0.01716	0.09407	0.06732	0.02047	0.01562	0.00803	0.00742	0.00238	0.00990	0.00656	0.00430	0.01115
4	0.02210	0.58402	0.03600	0.01407	0.02034	0.06795	0.01330	0.12406	0.01897	0.02262	0.01183	0.01321	0.01024	0.00698	0.00541	0.00174	0.00847	0.00454	0.00397	0.01018
5	0.02224	0.01457	0.01631	0.01339	0.01701	0.01539	0.01019	0.32070	0.02419	0.11616	0.02294	0.06842	0.02076	0.26201	0.01850	0.00410	0.00755	0.00919	0.00674	0.00965
6	0.01931	0.55500	0.12675	0.01652	0.02378	0.02701	0.09663	0.02309	0.01581	0.01948	0.01156	0.01372	0.00994	0.00657	0.00569	0.00184	0.00911	0.00488	0.00331	0.00999
7	0.01041	0.00709	0.00846	0.00907	0.00922	0.00694	0.00545	0.01087	0.01225	0.01633	0.03013	0.28589	0.03544	0.48645	0.02854	0.00587	0.00633	0.01470	0.00545	0.00514
8	0.01186	0.06638	0.01491	0.01262	0.01432	0.01177	0.01010	0.01450	0.01242	0.01766	0.01904	0.02777	0.01780	0.05080	0.61538	0.01093	0.05297	0.00773	0.00396	0.00708
9	0.02229	0.56239	0.03518	0.01462	0.02046	0.19839	0.01340	0.02461	0.01693	0.01803	0.01084	0.01255	0.00974	0.00682	0.00536	0.00171	0.00950	0.00426	0.00341	0.00950
10	0.01103	0.00735	0.00827	0.00827	0.00827	0.00735	0.00460	0.01103	0.01103	0.01471	0.02390	0.04964	0.02758	0.73343	0.03861	0.00735	0.00735	0.01103	0.00460	0.00460
11	0.02039	0.55446	0.08782	0.01445	0.02071	0.11305	0.01419	0.02328	0.01606	0.01841	0.01146	0.01361	0.01023	0.00943	0.04298	0.00230	0.00972	0.00450	0.00337	0.00957
12	0.01902	0.01874	0.02824	0.10891	0.52231	0.06727	0.02154	0.02474	0.06929	0.02434	0.01532	0.01931	0.01255	0.00720	0.00748	0.00228	0.00922	0.00677	0.00404	0.01142
13	0.05915	0.70133	0.03830	0.01283	0.01922	0.02935	0.01274	0.02269	0.01529	0.01867	0.01055	0.01218	0.00966	0.00652	0.00486	0.00166	0.00800	0.00406	0.00332	0.00966
14	0.01489	0.01406	0.02377	0.63062	0.13243	0.01700	0.02135	0.01987	0.01543	0.02006	0.01358	0.02004	0.01035	0.00748	0.00757	0.00249	0.00997	0.00674	0.00342	0.00888

[dist]
# distance from previous block
# <min> <max>
0	3

[block]
# block no. 8 follows, 26 sequences, length 14
# corresponding to MSA columns:
# 1020-1033
name=unknown_I
#
# <colnr> <probs for GDERKNQSTAVLIFYWHMCP>
#	G	D	E	R	K	N	Q	S	T	A	V	L	I	F	Y	W	H	M	C	P
0	0.01522	0.01440	0.02437	0.58044	0.18000	0.01709	0.02151	0.02017	0.01559	0.02047	0.01364	0.01993	0.01049	0.00742	0.00757	0.00247	0.00989	0.00674	0.00345	0.00915
1	0.02749	0.02177	0.02198	0.04984	0.02424	0.08981	0.01437	0.54148	0.03247	0.04276	0.01762	0.01828	0.01273	0.00890	0.00742	0.00223	0.00876	0.00664	0.03917	0.01204
2	0.01103	0.00735	0.00827	0.00827	0.00827	0.00735	0.00460	0.01103	0.01103	0.01471	0.02390	0.04964	0.02758	0.73343	0.03861	0.00735	0.00735	0.01103	0.00460	0.00460
3	0.01870	0.01822	0.03192	0.04537	0.63352	0.01812	0.07496	0.02336	0.01732	0.02474	0.01436	0.01891	0.01197	0.00673	0.00763	0.00228	0.00932	0.00694	0.00376	0.01187
4	0.01944	0.01824	0.03025	0.04462	0.64195	0.01839	0.02269	0.06578	0.01850	0.02632	0.01453	0.01874	0.01207	0.00691	0.00751	0.00225	0.00897	0.00676	0.00401	0.01207
5	0.78701	0.01467	0.01115	0.00997	0.01467	0.01702	0.00821	0.02230	0.01291	0.03403	0.01056	0.01232	0.00821	0.00704	0.00469	0.00235	0.00587	0.00411	0.00469	0.00821
6	0.01779	0.02012	0.04287	0.03091	0.03791	0.01954	0.60221	0.02377	0.01735	0.02377	0.01487	0.02012	0.01137	0.00700	0.01035	0.00262	0.07483	0.00875	0.00379	0.01006
7	0.01032	0.00774	0.00957	0.00911	0.01108	0.00698	0.00683	0.01351	0.02050	0.02810	0.54090	0.06047	0.21423	0.01637	0.00895	0.00243	0.00364	0.01425	0.00805	0.00698
8	0.01318	0.00659	0.00988	0.00988	0.00988	0.00659	0.00659	0.00988	0.00988	0.01318	0.01318	0.02306	0.01318	0.02635	0.02964	0.77931	0.00659	0.00659	0.00329	0.00329
9	0.08096	0.01273	0.01677	0.01305	0.01861	0.01130	0.01074	0.03476	0.02113	0.61219	0.06526	0.02668	0.02106	0.00958	0.00751	0.00235	0.00626	0.00774	0.00903	0.01229
10	0.00964	0.00757	0.00871	0.00871	0.01073	0.00664	0.00642	0.01208	0.01845	0.02392	0.29000	0.14892	0.38431	0.01845	0.00905	0.00256	0.00382	0.01588	0.00751	0.00664
11	0.01106	0.00800	0.01154	0.01154	0.01281	0.00915	0.00881	0.01361	0.01234	0.01806	0.02089	0.03131	0.01969	0.10883	0.60420	0.01112	0.01818	0.00829	0.05393	0.00661
12	0.02028	0.73799	0.03975	0.01298	0.01947	0.03001	0.01298	0.02271	0.01541	0.01785	0.01055	0.01217	0.00973	0.00649	0.00487	0.00162	0.00811	0.00406	0.00324	0.00973
13	0.13632	0.55353	0.06099	0.01292	0.01929	0.02633	0.01276	0.02362	0.01547	0.06404	0.01193	0.01323	0.01008	0.00679	0.00512	0.00181	0.00779	0.00436	0.00386	0.00977

[dist]
# distance from previous block
# <min> <max>
0	2

[block]
# block no. 9 follows, 26 sequences, length 12
# corresponding to MSA columns:
# 1036-1047
name=unknown_J
#
# <colnr> <probs for GDERKNQSTAVLIFYWHMCP>
#	G	D	E	R	K	N	Q	S	T	A	V	L	I	F	Y	W	H	M	C	P
0	0.01979	0.66985	0.10356	0.01382	0.02077	0.02880	0.01445	0.02284	0.01547	0.01845	0.01084	0.01254	0.00972	0.00656	0.00510	0.00170	0.00841	0.00421	0.00324	0.00988
1	0.51618	0.01711	0.01628	0.09511	0.11617	0.08404	0.01244	0.02289	0.01463	0.02955	0.01153	0.01427	0.00912	0.00714	0.00563	0.00232	0.00756	0.00486	0.00433	0.00884
2	0.01273	0.00984	0.01479	0.01650	0.05607	0.00970	0.04657	0.01635	0.01746	0.02279	0.03928	0.07754	0.07411	0.01926	0.01014	0.00332	0.00724	0.53225	0.00663	0.00742
3	0.01573	0.01348	0.01573	0.01123	0.01798	0.01011	0.00899	0.01910	0.01573	0.02472	0.01348	0.01573	0.01123	0.00562	0.00562	0.00112	0.00562	0.00449	0.00449	0.77980
4	0.01432	0.01348	0.02275	0.71520	0.05224	0.01685	0.02107	0.01938	0.01517	0.01938	0.01348	0.02022	0.01011	0.00758	0.00758	0.00253	0.01011	0.00674	0.00337	0.00843
