[name]
unknown

[dist]
# distance from previous block
# <min> <max>
4	22

[block]
# block no. 0 follows, 29 sequences, length 28
# corresponding to MSA columns:
# 59-86
name=unknown_A
#
# <colnr> <probs for GDERKNQSTAVLIFYWHMCP>
#	G	D	E	R	K	N	Q	S	T	A	V	L	I	F	Y	W	H	M	C	P
0	0.02049	0.01886	0.01710	0.01463	0.01826	0.17800	0.01155	0.20484	0.10763	0.05011	0.07518	0.02858	0.13173	0.01081	0.00885	0.00225	0.07773	0.00811	0.00598	0.00930
1	0.01435	0.01371	0.01971	0.01689	0.01778	0.01792	0.04023	0.01631	0.01145	0.01747	0.01210	0.01921	0.01171	0.04709	0.15634	0.00471	0.50069	0.00663	0.00338	0.05233
2	0.01531	0.01313	0.01596	0.01769	0.11991	0.01443	0.01163	0.02804	0.41084	0.02573	0.02935	0.21539	0.02687	0.01251	0.00770	0.00250	0.00566	0.01102	0.00652	0.00982
3	0.01777	0.01529	0.01660	0.05806	0.02049	0.01775	0.01186	0.05855	0.62896	0.02960	0.02759	0.02579	0.02067	0.00947	0.00723	0.00240	0.00594	0.00789	0.00699	0.01110
4	0.01508	0.13509	0.59076	0.01893	0.02858	0.01819	0.02374	0.02301	0.04287	0.02205	0.01305	0.01501	0.00956	0.00679	0.00648	0.00216	0.00992	0.00518	0.00319	0.01036
5	0.00884	0.00633	0.00841	0.00980	0.01036	0.00589	0.00662	0.01033	0.01441	0.01941	0.11783	0.66301	0.04948	0.02139	0.00901	0.00281	0.00404	0.01937	0.00676	0.00589
6	0.76501	0.01370	0.01074	0.00951	0.01397	0.01572	0.00784	0.02156	0.01250	0.06289	0.01074	0.01215	0.00816	0.00671	0.00453	0.00220	0.00553	0.00401	0.00461	0.00791
7	0.01494	0.00824	0.00841	0.00781	0.00996	0.00850	0.00601	0.09676	0.01717	0.02876	0.02249	0.02541	0.01751	0.00833	0.00524	0.00172	0.00386	0.00661	0.69499	0.00730
8	0.00842	0.00721	0.00721	0.00721	0.00962	0.00601	0.00541	0.01022	0.01623	0.01924	0.07213	0.06853	0.70244	0.01803	0.00842	0.00240	0.00361	0.01503	0.00661	0.00601
9	0.03195	0.01212	0.01652	0.01267	0.01818	0.01047	0.01047	0.03470	0.02038	0.71026	0.02809	0.02424	0.01763	0.00881	0.00716	0.00220	0.00606	0.00716	0.00881	0.01212
10	0.09069	0.00734	0.00701	0.00691	0.00883	0.00756	0.00525	0.01702	0.01466	0.02708	0.02192	0.02507	0.01721	0.00813	0.00492	0.00171	0.00353	0.00636	0.71206	0.00674
11	0.01644	0.26149	0.44089	0.01741	0.02596	0.04937	0.02068	0.02308	0.04494	0.02083	0.01251	0.01432	0.00962	0.00670	0.00608	0.00201	0.00949	0.00490	0.00323	0.01003
12	0.01620	0.32600	0.44049	0.01702	0.02576	0.02123	0.02061	0.02206	0.01481	0.02021	0.01162	0.01358	0.00907	0.00649	0.00588	0.00196	0.00935	0.00468	0.00302	0.00996
13	0.00868	0.00620	0.00826	0.00991	0.01033	0.00578	0.00661	0.00991	0.01363	0.01818	0.03925	0.74510	0.04710	0.02231	0.00909	0.00289	0.00413	0.02024	0.00661	0.00578
14	0.17890	0.04955	0.01852	0.01416	0.01928	0.01942	0.01165	0.34769	0.15585	0.08755	0.01848	0.01812	0.01339	0.00829	0.00650	0.00218	0.00680	0.00616	0.00655	0.01094
15	0.01579	0.23854	0.46581	0.01832	0.02702	0.02011	0.04820	0.02199	0.01477	0.02069	0.01189	0.01420	0.00914	0.00678	0.00689	0.00209	0.03972	0.00502	0.00305	0.00998
16	0.00916	0.00650	0.00843	0.00945	0.01004	0.00611	0.00632	0.01064	0.01443	0.01955	0.16192	0.52143	0.04806	0.11788	0.01258	0.00330	0.00436	0.01753	0.00654	0.00576
17	0.80005	0.01377	0.01047	0.00936	0.01377	0.01597	0.00771	0.02093	0.01212	0.03195	0.00991	0.01157	0.00771	0.00661	0.00441	0.00220	0.00551	0.00386	0.00441	0.00771
18	0.03195	0.01212	0.01652	0.01267	0.01818	0.01047	0.01047	0.03470	0.02038	0.71026	0.02809	0.02424	0.01763	0.00881	0.00716	0.00220	0.00606	0.00716	0.00881	0.01212
19	0.80005	0.01377	0.01047	0.00936	0.01377	0.01597	0.00771	0.02093	0.01212	0.03195	0.00991	0.01157	0.00771	0.00661	0.00441	0.00220	0.00551	0.00386	0.00441	0.00771
20	0.01762	0.01692	0.02890	0.04371	0.70533	0.01692	0.02185	0.02185	0.01621	0.02326	0.01339	0.01762	0.01128	0.00634	0.00705	0.00211	0.00846	0.00634	0.00352	0.01128
21	0.01435	0.03319	0.60759	0.01883	0.02872	0.01547	0.02361	0.02185	0.01499	0.02265	0.01276	0.01499	0.00925	0.00654	0.00654	0.00207	0.00973	0.00510	0.00319	0.12855
22	0.66619	0.01495	0.01212	0.01062	0.01489	0.04807	0.00869	0.04889	0.01365	0.05919	0.01099	0.01256	0.00844	0.00708	0.00558	0.00223	0.03894	0.00424	0.00461	0.00810
23	0.01237	0.00618	0.00928	0.00928	0.00928	0.00618	0.00618	0.00928	0.00928	0.01237	0.01237	0.02165	0.01237	0.02474	0.02783	0.79283	0.00618	0.00618	0.00309	0.00309
24	0.00876	0.00626	0.00834	0.00986	0.01035	0.00584	0.00662	0.01013	0.01403	0.01881	0.07937	0.70319	0.04831	0.02184	0.00905	0.00285	0.00408	0.01980	0.00668	0.00584
25	0.01299	0.00792	0.01045	0.00945	0.01164	0.00722	0.00722	0.01627	0.02019	0.11940	0.61182	0.04933	0.06058	0.01379	0.00823	0.00223	0.00372	0.01212	0.00797	0.00744
26	0.02006	0.31369	0.16417	0.01558	0.02181	0.24187	0.01513	0.02348	0.01640	0.01874	0.01109	0.01291	0.00926	0.00654	0.00566	0.00172	0.00961	0.00438	0.00335	0.08456
27	0.02410	0.19472	0.02372	0.01654	0.02085	0.47915	0.01317	0.04803	0.07995	0.01925	0.01257	0.01389	0.01039	0.00730	0.00610	0.00183	0.01085	0.00478	0.00396	0.00885

[dist]
# distance from previous block
# <min> <max>
0	2

[block]
# block no. 1 follows, 29 sequences, length 28
# corresponding to MSA columns:
# 89-116
name=unknown_B
#
# <colnr> <probs for GDERKNQSTAVLIFYWHMCP>
#	G	D	E	R	K	N	Q	S	T	A	V	L	I	F	Y	W	H	M	C	P
0	0.01492	0.01279	0.01483	0.01075	0.01696	0.00992	0.00858	0.01896	0.04994	0.02354	0.01350	0.01538	0.01113	0.00550	0.00538	0.00113	0.00529	0.00442	0.00438	0.75269
1	0.02412	0.02838	0.01950	0.01742	0.02078	0.51146	0.01327	0.07509	0.08246	0.02040	0.01346	0.01612	0.01129	0.03990	0.00935	0.00224	0.07648	0.00544	0.00423	0.00861
2	0.00909	0.00675	0.00890	0.01003	0.01067	0.00655	0.00693	0.01060	0.01435	0.01929	0.10981	0.60595	0.08249	0.02086	0.00957	0.00281	0.03417	0.01861	0.00660	0.00598
3	0.00945	0.00724	0.01002	0.01270	0.07223	0.00680	0.00787	0.01100	0.01408	0.01872	0.03968	0.62397	0.09842	0.02053	0.00885	0.00278	0.00447	0.01857	0.00634	0.00629
4	0.01646	0.00983	0.01046	0.00939	0.01209	0.01032	0.00730	0.10139	0.11523	0.06650	0.05547	0.02653	0.02027	0.00885	0.00584	0.00188	0.00435	0.00713	0.50242	0.00827
5	0.03172	0.01249	0.01675	0.01284	0.01836	0.01101	0.01061	0.06512	0.02100	0.67898	0.02758	0.02390	0.01737	0.00880	0.00716	0.00220	0.00614	0.00713	0.00873	0.01212
6	0.00863	0.00637	0.00808	0.00945	0.01021	0.00582	0.00640	0.00997	0.01408	0.01836	0.04489	0.62896	0.15960	0.02157	0.00897	0.00281	0.00404	0.01935	0.00661	0.00582
7	0.01904	0.75404	0.03731	0.01218	0.01828	0.02818	0.01218	0.02132	0.01447	0.01675	0.00990	0.01142	0.00914	0.00609	0.00457	0.00152	0.00761	0.00381	0.00305	0.00914
8	0.02051	0.01626	0.01685	0.01472	0.01897	0.05500	0.01167	0.12904	0.45872	0.09414	0.02672	0.02737	0.02040	0.00988	0.00733	0.00237	0.00644	0.04542	0.00714	0.01103
9	0.01574	0.05047	0.02254	0.01839	0.01867	0.02211	0.01542	0.01733	0.01107	0.01712	0.00937	0.01538	0.00934	0.01216	0.02248	0.00304	0.70227	0.00612	0.00311	0.00785
10	0.02630	0.01880	0.02030	0.01574	0.02119	0.02068	0.01294	0.58680	0.07059	0.07854	0.01858	0.01835	0.01318	0.00862	0.00706	0.00214	0.00746	0.00655	0.03431	0.01187
11	0.00856	0.00664	0.00780	0.00873	0.01002	0.00588	0.00608	0.01005	0.01477	0.01864	0.05370	0.44776	0.33511	0.02043	0.00879	0.00268	0.00390	0.01795	0.00661	0.00588
12	0.02876	0.01131	0.01539	0.01229	0.01710	0.00982	0.00994	0.03131	0.01946	0.61543	0.02962	0.12302	0.02166	0.01066	0.00742	0.00230	0.00579	0.00895	0.00851	0.01125
13	0.00864	0.00634	0.00812	0.00954	0.01023	0.00581	0.00644	0.00996	0.01399	0.01832	0.04377	0.65201	0.13727	0.02172	0.00900	0.00282	0.00406	0.01953	0.00661	0.00581
14	0.03152	0.01280	0.01695	0.01299	0.01852	0.01148	0.01073	0.09122	0.02152	0.65213	0.02713	0.02361	0.01714	0.00879	0.00716	0.00220	0.00621	0.00710	0.00867	0.01212
15	0.02598	0.05567	0.02084	0.01807	0.02178	0.64075	0.01376	0.05872	0.02029	0.01869	0.01120	0.01310	0.00932	0.00754	0.00700	0.00188	0.03845	0.00471	0.00379	0.00845
16	0.03762	0.01306	0.02169	0.65050	0.10537	0.01592	0.01959	0.01860	0.01435	0.01905	0.01264	0.01864	0.00959	0.00704	0.00703	0.00235	0.00928	0.00625	0.00323	0.00820
17	0.02234	0.01661	0.01815	0.01462	0.01900	0.01842	0.01169	0.46617	0.09357	0.03663	0.01914	0.02280	0.01535	0.10482	0.08422	0.00371	0.00866	0.00719	0.00645	0.01047
18	0.01068	0.00858	0.01128	0.01098	0.01275	0.00839	0.04615	0.01508	0.10795	0.02137	0.13585	0.34279	0.14791	0.07326	0.01066	0.00293	0.00481	0.01523	0.00652	0.00682
19	0.00951	0.00771	0.00849	0.00821	0.01047	0.00693	0.00618	0.01289	0.05697	0.02292	0.27697	0.06103	0.45347	0.01640	0.00834	0.00235	0.00364	0.01391	0.00705	0.00655
20	0.00883	0.00637	0.00836	0.00968	0.01033	0.00590	0.00657	0.01035	0.01452	0.01945	0.11924	0.63289	0.07872	0.02120	0.00898	0.00279	0.00402	0.01914	0.00676	0.00590
21	0.00888	0.00709	0.00795	0.00803	0.00998	0.00616	0.00591	0.01100	0.01688	0.02147	0.22840	0.15732	0.45039	0.01773	0.00850	0.00243	0.00362	0.01519	0.00693	0.00616
22	0.00954	0.00722	0.00877	0.00953	0.01071	0.00687	0.00663	0.01248	0.06467	0.02030	0.12565	0.44733	0.16917	0.05406	0.01003	0.00288	0.00418	0.01699	0.00670	0.00628
23	0.36165	0.01979	0.01753	0.01485	0.01878	0.17916	0.04753	0.11274	0.01697	0.02777	0.01131	0.01361	0.00905	0.00785	0.00819	0.00225	0.11309	0.00496	0.00438	0.00855
24	0.01215	0.00622	0.00916	0.00921	0.00923	0.00621	0.00610	0.00935	0.00947	0.01262	0.01373	0.04491	0.01415	0.06407	0.02772	0.72619	0.00616	0.00684	0.00327	0.00324
25	0.09428	0.07250	0.02037	0.01477	0.02011	0.05773	0.01225	0.40931	0.04188	0.14226	0.03402	0.01815	0.01374	0.00834	0.00670	0.00210	0.00746	0.00620	0.00668	0.01115
26	0.07746	0.45240	0.19609	0.01497	0.02203	0.02366	0.04667	0.05721	0.01556	0.02109	0.01119	0.01297	0.00924	0.00642	0.00540	0.00182	0.00837	0.00452	0.00339	0.00954
27	0.19041	0.04945	0.01720	0.01301	0.01830	0.11255	0.01052	0.18223	0.04736	0.02957	0.01347	0.01472	0.01052	0.00686	0.00574	0.00175	0.00710	0.00486	0.00496	0.25942

[dist]
# distance from previous block
# <min> <max>
0	10

[block]
# block no. 2 follows, 29 sequences, length 7
# corresponding to MSA columns:
# 127-133
name=unknown_C
#
# <colnr> <probs for GDERKNQSTAVLIFYWHMCP>
#	G	D	E	R	K	N	Q	S	T	A	V	L	I	F	Y	W	H	M	C	P
0	0.01564	0.01475	0.01492	0.06444	0.01843	0.11242	0.01016	0.05594	0.06172	0.02179	0.02319	0.09802	0.08760	0.04665	0.03296	0.00247	0.04246	0.00807	0.00486	0.26348
1	0.01404	0.01287	0.02024	0.48733	0.10906	0.01479	0.01733	0.01960	0.06408	0.02082	0.06786	0.02169	0.01518	0.00764	0.00705	0.00222	0.00825	0.00678	0.00396	0.07920
2	0.01157	0.00775	0.01033	0.05208	0.01335	0.00730	0.00766	0.01441	0.01818	0.07847	0.42280	0.19161	0.10612	0.01553	0.00837	0.00239	0.00411	0.01372	0.00729	0.00696
3	0.01682	0.01630	0.02839	0.16625	0.54509	0.01679	0.06348	0.02126	0.01590	0.02233	0.01333	0.01797	0.01093	0.00646	0.00715	0.00218	0.00887	0.00647	0.00347	0.01057
4	0.00842	0.00721	0.00721	0.00721	0.00962	0.00601	0.00541	0.01022	0.01623	0.01924	0.07213	0.06853	0.70244	0.01803	0.00842	0.00240	0.00361	0.01503	0.00661	0.00601
5	0.01303	0.01193	0.01914	0.52030	0.03856	0.01470	0.01685	0.01718	0.01502	0.02006	0.14389	0.02516	0.02050	0.00909	0.00905	0.00242	0.08382	0.00757	0.00405	0.00767
6	0.01477	0.01266	0.01477	0.01055	0.01687	0.00949	0.00844	0.01793	0.01477	0.02320	0.01266	0.01477	0.01055	0.00527	0.00527	0.00105	0.00527	0.00422	0.00422	0.79328

[dist]
# distance from previous block
# <min> <max>
0	1

[block]
# block no. 3 follows, 29 sequences, length 19
# corresponding to MSA columns:
# 135-153
name=unknown_D
#
# <colnr> <probs for GDERKNQSTAVLIFYWHMCP>
#	G	D	E	R	K	N	Q	S	T	A	V	L	I	F	Y	W	H	M	C	P
0	0.01688	0.38152	0.32479	0.01586	0.02367	0.02227	0.01815	0.02331	0.07466	0.02039	0.01282	0.01431	0.01020	0.00670	0.00575	0.00192	0.00869	0.00481	0.00340	0.00992
1	0.00868	0.00620	0.00826	0.00991	0.01033	0.00578	0.00661	0.00991	0.01363	0.01818	0.03925	0.74510	0.04710	0.02231	0.00909	0.00289	0.00413	0.02024	0.00661	0.00578
2	0.02707	0.01995	0.02137	0.01638	0.02208	0.02208	0.01353	0.68159	0.03348	0.04488	0.01710	0.01710	0.01211	0.00855	0.00712	0.00214	0.00784	0.00641	0.00712	0.01211
3	0.01495	0.01324	0.01718	0.01227	0.01867	0.01025	0.06777	0.01836	0.01495	0.02317	0.01281	0.01516	0.01057	0.00534	0.00555	0.00117	0.00587	0.00459	0.00416	0.72399
4	0.00842	0.00721	0.00721	0.00721	0.00962	0.00601	0.00541	0.01022	0.01623	0.01924	0.07213	0.06853	0.70244	0.01803	0.00842	0.00240	0.00361	0.01503	0.00661	0.00601
5	0.01640	0.13063	0.53127	0.01859	0.02766	0.01823	0.02266	0.05028	0.01584	0.05753	0.01322	0.01512	0.00962	0.00707	0.00714	0.00218	0.03745	0.00525	0.00348	0.01038
6	0.03013	0.01329	0.01704	0.01325	0.01865	0.01243	0.01089	0.10870	0.08130	0.57427	0.02692	0.02363	0.01736	0.00886	0.00716	0.00221	0.00622	0.00715	0.00848	0.01204
7	0.01428	0.03683	0.71286	0.02030	0.03082	0.01654	0.02631	0.02255	0.01503	0.02255	0.01278	0.01503	0.00902	0.00677	0.00677	0.00226	0.01052	0.00526	0.00301	0.01052
8	0.01598	0.01291	0.01585	0.09591	0.01930	0.03657	0.01137	0.18314	0.01735	0.02348	0.01712	0.02580	0.01570	0.16093	0.22936	0.00596	0.09343	0.00743	0.00459	0.00783
9	0.00859	0.00722	0.00746	0.00740	0.00973	0.00609	0.00555	0.01056	0.01665	0.02022	0.13874	0.06691	0.63522	0.01767	0.00841	0.00239	0.00358	0.01480	0.00674	0.00609
10	0.02122	0.01704	0.01808	0.01520	0.01985	0.01935	0.01212	0.27935	0.44524	0.03545	0.02452	0.02301	0.01812	0.00924	0.00720	0.00231	0.00646	0.00744	0.00720	0.01159
11	0.03170	0.01252	0.01678	0.01286	0.01838	0.01107	0.01062	0.06814	0.02106	0.67587	0.02752	0.02387	0.01734	0.00880	0.00716	0.00220	0.00615	0.00712	0.00873	0.01212
12	0.00879	0.00698	0.00790	0.00819	0.00998	0.00609	0.00594	0.01075	0.01634	0.02072	0.18174	0.22882	0.42579	0.01842	0.00857	0.00249	0.00369	0.01588	0.00684	0.00609
13	0.01555	0.03506	0.66284	0.01975	0.02991	0.01610	0.02517	0.02342	0.01542	0.07195	0.01388	0.01569	0.00964	0.00691	0.00679	0.00225	0.01020	0.00540	0.00342	0.01064
14	0.01237	0.00618	0.00928	0.00928	0.00928	0.00618	0.00618	0.00928	0.00928	0.01237	0.01237	0.02165	0.01237	0.02474	0.02783	0.79283	0.00618	0.00618	0.00309	0.00309
15	0.00868	0.00620	0.00826	0.00991	0.01033	0.00578	0.00661	0.00991	0.01363	0.01818	0.03925	0.74510	0.04710	0.02231	0.00909	0.00289	0.00413	0.02024	0.00661	0.00578
16	0.01242	0.00780	0.01027	0.00936	0.01145	0.00712	0.00712	0.01571	0.02018	0.10156	0.62945	0.05009	0.06188	0.01394	0.00827	0.00224	0.00365	0.01227	0.00794	0.00730
17	0.01027	0.00687	0.00779	0.00788	0.00790	0.00685	0.00443	0.01033	0.01052	0.01403	0.02330	0.08261	0.02698	0.71225	0.03484	0.00670	0.00676	0.01086	0.00443	0.00439
18	0.06031	0.63816	0.06944	0.05102	0.02032	0.02627	0.01307	0.02120	0.01436	0.01794	0.01019	0.01202	0.00907	0.00621	0.00481	0.00164	0.00775	0.00402	0.00312	0.00907

[dist]
# distance from previous block
# <min> <max>
0	1

[block]
# block no. 4 follows, 29 sequences, length 50
# corresponding to MSA columns:
# 155-204
name=unknown_E
#
# <colnr> <probs for GDERKNQSTAVLIFYWHMCP>
#	G	D	E	R	K	N	Q	S	T	A	V	L	I	F	Y	W	H	M	C	P
0	0.01663	0.39132	0.37896	0.01629	0.02462	0.02229	0.01933	0.02194	0.01475	0.01968	0.01136	0.01325	0.00908	0.00643	0.00568	0.00189	0.00909	0.00454	0.00303	0.00984
1	0.00988	0.00839	0.00902	0.00890	0.01102	0.02859	0.00689	0.01219	0.01712	0.02150	0.21202	0.06283	0.44546	0.01689	0.00895	0.00246	0.02639	0.07845	0.00670	0.00635
2	0.01470	0.01393	0.02361	0.52679	0.24513	0.01615	0.02040	0.01929	0.01483	0.01971	0.01288	0.01858	0.01003	0.00689	0.00710	0.00230	0.00918	0.00633	0.00327	0.00892
3	0.01145	0.00758	0.00996	0.00919	0.01111	0.00695	0.00695	0.01477	0.02017	0.07130	0.65935	0.05137	0.06408	0.01420	0.00832	0.00224	0.00353	0.01252	0.00790	0.00706
4	0.01012	0.00708	0.00877	0.00903	0.01060	0.00636	0.00651	0.01226	0.01673	0.05320	0.26163	0.31202	0.22324	0.01807	0.00860	0.00252	0.00383	0.01591	0.00711	0.00643
5	0.06774	0.01008	0.01310	0.01099	0.01470	0.00913	0.00871	0.02460	0.01925	0.38110	0.25631	0.09387	0.03632	0.01176	0.00758	0.00227	0.00495	0.01000	0.00804	0.00950
6	0.01678	0.00862	0.01142	0.01027	0.01296	0.00771	0.00785	0.01944	0.01873	0.24610	0.32176	0.18423	0.07609	0.01443	0.00814	0.00237	0.00440	0.01262	0.00785	0.00824
7	0.76277	0.01369	0.01076	0.00952	0.01398	0.01571	0.00785	0.02160	0.01252	0.06487	0.01080	0.01218	0.00819	0.00672	0.00454	0.00220	0.00554	0.00402	0.00462	0.00793
8	0.01771	0.01530	0.01610	0.01449	0.01852	0.01771	0.01127	0.03784	0.69247	0.02979	0.02898	0.02657	0.02174	0.00966	0.00725	0.00242	0.00564	0.00805	0.00725	0.01127
9	0.02707	0.01995	0.02137	0.01638	0.02208	0.02208	0.01353	0.68159	0.03348	0.04488	0.01710	0.01710	0.01211	0.00855	0.00712	0.00214	0.00784	0.00641	0.00712	0.01211
10	0.01786	0.01204	0.01570	0.25900	0.02611	0.01345	0.01237	0.16227	0.01915	0.08443	0.01867	0.02171	0.01386	0.00799	0.00636	0.00205	0.00665	0.00653	0.28508	0.00871
11	0.80005	0.01377	0.01047	0.00936	0.01377	0.01597	0.00771	0.02093	0.01212	0.03195	0.00991	0.01157	0.00771	0.00661	0.00441	0.00220	0.00551	0.00386	0.00441	0.00771
12	0.01111	0.00827	0.01169	0.01140	0.01269	0.00960	0.00878	0.03671	0.01225	0.01771	0.01908	0.02864	0.01798	0.10740	0.58496	0.01005	0.04392	0.00773	0.03358	0.00645
13	0.00904	0.00639	0.00811	0.00933	0.00973	0.00604	0.00605	0.01002	0.01301	0.01725	0.03679	0.56360	0.06787	0.18376	0.01510	0.00376	0.00473	0.01784	0.00610	0.00547
14	0.00905	0.00642	0.00850	0.01002	0.01051	0.00608	0.00685	0.01037	0.01362	0.01811	0.03781	0.63367	0.04493	0.07834	0.01125	0.00324	0.00456	0.07450	0.00643	0.00574
15	0.00973	0.00760	0.00873	0.00864	0.01054	0.00698	0.00641	0.01287	0.05045	0.02253	0.27487	0.10130	0.33507	0.07051	0.01050	0.00275	0.00403	0.04322	0.00689	0.00640
16	0.01020	0.00754	0.01098	0.01098	0.01209	0.00865	0.00832	0.01242	0.01131	0.01619	0.01950	0.03032	0.01882	0.14107	0.63526	0.01087	0.01754	0.00797	0.00388	0.00610
17	0.02656	0.06597	0.02237	0.01612	0.02184	0.02246	0.01345	0.64019	0.03229	0.04311	0.01664	0.01674	0.01192	0.00839	0.00696	0.00210	0.00782	0.00625	0.00687	0.01192
18	0.00883	0.00638	0.00835	0.00965	0.01033	0.00591	0.00656	0.01035	0.01455	0.01946	0.11923	0.62634	0.08540	0.02116	0.00897	0.00279	0.00401	0.01909	0.00676	0.00591
19	0.07134	0.09257	0.02084	0.23531	0.07073	0.07286	0.01447	0.06090	0.08731	0.14464	0.01707	0.01915	0.01266	0.00967	0.03867	0.00258	0.00857	0.00615	0.00497	0.00952
20	0.73591	0.01363	0.01097	0.00964	0.01414	0.01551	0.00794	0.02208	0.01281	0.08859	0.01143	0.01263	0.00854	0.00679	0.00464	0.00220	0.00555	0.00413	0.00477	0.00808
21	0.05593	0.51128	0.05384	0.04677	0.02126	0.02509	0.06208	0.02075	0.01406	0.01822	0.01037	0.01300	0.00923	0.00702	0.00752	0.00189	0.10497	0.00463	0.00317	0.00891
22	0.00868	0.00620	0.00826	0.00991	0.01033	0.00578	0.00661	0.00991	0.01363	0.01818	0.03925	0.74510	0.04710	0.02231	0.00909	0.00289	0.00413	0.02024	0.00661	0.00578
23	0.00858	0.00718	0.00747	0.00749	0.00974	0.00607	0.00558	0.01051	0.01649	0.02006	0.12958	0.09585	0.61520	0.01789	0.00844	0.00241	0.00361	0.01505	0.00673	0.00607
24	0.01520	0.01506	0.02107	0.01821	0.01824	0.02093	0.01509	0.01674	0.01105	0.01719	0.01099	0.05564	0.01142	0.01300	0.02258	0.00310	0.69649	0.00700	0.00331	0.00768
25	0.01583	0.01509	0.02566	0.34008	0.42301	0.01645	0.02096	0.02028	0.01536	0.02108	0.01308	0.01821	0.01051	0.00668	0.00708	0.00223	0.00890	0.00634	0.00337	0.00983
26	0.01681	0.01921	0.04202	0.03001	0.03721	0.01801	0.67947	0.02281	0.01681	0.02281	0.01441	0.01921	0.01080	0.00600	0.00840	0.00240	0.01200	0.00840	0.00360	0.00960
27	0.01028	0.00786	0.01021	0.04352	0.01418	0.00757	0.00938	0.01292	0.01592	0.02015	0.04756	0.15127	0.24802	0.01889	0.00918	0.00292	0.00548	0.35190	0.00643	0.00636
28	0.00948	0.00726	0.00869	0.00833	0.01027	0.00646	0.00625	0.01228	0.01874	0.02520	0.47497	0.05871	0.29588	0.01581	0.00840	0.00230	0.00345	0.01365	0.00740	0.00646
29	0.01608	0.01451	0.01724	0.01525	0.01701	0.07647	0.01229	0.12216	0.01553	0.02133	0.01481	0.02080	0.01333	0.02861	0.31281	0.00635	0.25671	0.00671	0.00410	0.00792
30	0.01497	0.01308	0.01595	0.01165	0.01763	0.01062	0.02893	0.01878	0.04003	0.02316	0.01317	0.01538	0.01092	0.00579	0.00627	0.00124	0.03883	0.00458	0.00426	0.70476
31	0.57404	0.01433	0.01289	0.01083	0.01559	0.01591	0.00893	0.11164	0.01630	0.14181	0.01377	0.01433	0.00988	0.00722	0.00521	0.00219	0.00591	0.00472	0.00547	0.00900
32	0.01445	0.01383	0.02384	0.55990	0.18254	0.01614	0.05027	0.01915	0.01476	0.01944	0.01289	0.01872	0.00992	0.00691	0.00716	0.00232	0.00940	0.00643	0.00326	0.00868
33	0.00857	0.00722	0.00742	0.00737	0.00971	0.00608	0.00553	0.01051	0.01659	0.02008	0.12924	0.06714	0.64481	0.01772	0.00841	0.00239	0.00358	0.01483	0.00672	0.00608
34	0.00870	0.00636	0.00819	0.00956	0.01026	0.00585	0.00647	0.01009	0.01420	0.01871	0.06892	0.63767	0.12587	0.02150	0.00898	0.00281	0.00404	0.01934	0.00666	0.00585
35	0.01644	0.01571	0.02676	0.23934	0.51897	0.01661	0.02126	0.02081	0.01565	0.02182	0.01318	0.01801	0.01077	0.00656	0.00707	0.00219	0.00875	0.00634	0.00342	0.01032
36	0.00868	0.00649	0.00797	0.00913	0.01004	0.00589	0.00620	0.01001	0.01417	0.01827	0.04710	0.54081	0.21636	0.05103	0.01003	0.00293	0.00411	0.01848	0.00652	0.00578
37	0.01345	0.01266	0.02136	0.73264	0.04904	0.01582	0.01978	0.01819	0.01424	0.01819	0.01266	0.01898	0.00949	0.00712	0.00712	0.00237	0.00949	0.00633	0.00316	0.00791
38	0.01008	0.00728	0.00952	0.00896	0.01064	0.00672	0.00672	0.01344	0.02016	0.02855	0.70158	0.05319	0.06719	0.01456	0.00840	0.00224	0.00336	0.01288	0.00784	0.00672
39	0.01356	0.01282	0.02138	0.69343	0.04738	0.01615	0.01954	0.01814	0.01406	0.01814	0.01247	0.01880	0.00948	0.00741	0.00801	0.00241	0.04942	0.00632	0.00316	0.00790
40	0.75486	0.05660	0.01202	0.00953	0.01403	0.01668	0.00797	0.02095	0.01225	0.03107	0.00991	0.01156	0.00779	0.00658	0.00442	0.00216	0.00563	0.00385	0.00433	0.00779
41	0.01839	0.01548	0.01632	0.01439	0.01854	0.01770	0.01127	0.11231	0.58464	0.03109	0.02952	0.02733	0.05113	0.00991	0.00728	0.00238	0.00580	0.00817	0.00720	0.01113
42	0.01736	0.01665	0.02843	0.08690	0.66418	0.01685	0.02172	0.02162	0.01609	0.02295	0.01335	0.01771	0.01117	0.00639	0.00705	0.00213	0.00852	0.00634	0.00350	0.01107
43	0.01547	0.01486	0.02566	0.39249	0.34253	0.01641	0.05029	0.02004	0.01524	0.02067	0.01307	0.01838	0.01035	0.00672	0.00715	0.00226	0.00914	0.00643	0.00335	0.00950
44	0.01904	0.75404	0.03731	0.01218	0.01828	0.02818	0.01218	0.02132	0.01447	0.01675	0.00990	0.01142	0.00914	0.00609	0.00457	0.00152	0.00761	0.00381	0.00305	0.00914
45	0.00865	0.00629	0.00816	0.00966	0.01026	0.00581	0.00650	0.00994	0.01388	0.01828	0.04233	0.68158	0.10863	0.02191	0.00903	0.00285	0.00408	0.01975	0.00661	0.00581
46	0.01754	0.01430	0.01555	0.01491	0.04653	0.04144	0.01134	0.08822	0.36328	0.06091	0.03285	0.03787	0.10129	0.01181	0.00773	0.00248	0.00616	0.10902	0.00684	0.00994
47	0.01654	0.01923	0.06634	0.02722	0.03330	0.01854	0.52105	0.02246	0.04109	0.02216	0.01408	0.01873	0.01091	0.00720	0.01067	0.00251	0.12703	0.00791	0.00364	0.00942
48	0.12844	0.48660	0.14841	0.01416	0.02083	0.02391	0.05133	0.02156	0.01436	0.02022	0.01064	0.01249	0.00901	0.00627	0.00513	0.00179	0.00806	0.00432	0.00326	0.00920
49	0.02027	0.01422	0.01566	0.01343	0.01772	0.01537	0.01063	0.11464	0.39582	0.15554	0.03306	0.03053	0.11032	0.01048	0.00737	0.00234	0.00572	0.00861	0.00743	0.01083

[dist]
# distance from previous block
# <min> <max>
0	1

[block]
# block no. 5 follows, 29 sequences, length 41
# corresponding to MSA columns:
# 206-246
name=unknown_F
#
# <colnr> <probs for GDERKNQSTAVLIFYWHMCP>
#	G	D	E	R	K	N	Q	S	T	A	V	L	I	F	Y	W	H	M	C	P
0	0.02662	0.01889	0.02039	0.01571	0.02120	0.02073	0.01295	0.61606	0.03190	0.07710	0.01795	0.01792	0.01269	0.00855	0.00702	0.00212	0.00752	0.00646	0.04639	0.01184
1	0.02556	0.02040	0.05472	0.01612	0.02162	0.06119	0.01362	0.53822	0.02995	0.07390	0.01839	0.06034	0.01414	0.00922	0.00718	0.00217	0.00795	0.00711	0.00677	0.01143
2	0.01440	0.03603	0.68214	0.02074	0.03111	0.01660	0.05622	0.02256	0.01511	0.02256	0.01285	0.01522	0.00910	0.00673	0.00684	0.00226	0.01059	0.00541	0.00303	0.01048
3	0.01446	0.06327	0.68796	0.02000	0.03036	0.01697	0.02579	0.02251	0.01501	0.02234	0.01267	0.01490	0.00902	0.00674	0.00668	0.00223	0.01042	0.00521	0.00301	0.01047
4	0.00978	0.00722	0.00886	0.00847	0.01010	0.00660	0.00618	0.01244	0.01825	0.02501	0.49844	0.05547	0.18849	0.09993	0.01161	0.00281	0.00382	0.01301	0.00719	0.00630
5	0.01528	0.00857	0.00878	0.00805	0.01030	0.00888	0.00622	0.11331	0.01763	0.02921	0.02234	0.02517	0.01736	0.00833	0.00529	0.00173	0.00398	0.00660	0.67552	0.00743
6	0.01071	0.00734	0.00919	0.00891	0.01063	0.00666	0.00652	0.01328	0.01801	0.05878	0.42705	0.15050	0.16913	0.05900	0.01007	0.00263	0.00385	0.01384	0.00730	0.00660
7	0.01110	0.00756	0.00955	0.00889	0.01092	0.00682	0.00672	0.01417	0.01952	0.06750	0.55754	0.05401	0.16924	0.01479	0.00833	0.00226	0.00356	0.01289	0.00769	0.00692
8	0.01070	0.00770	0.01054	0.01209	0.01350	0.00755	0.01008	0.01345	0.01578	0.02051	0.03991	0.22533	0.07827	0.02016	0.00959	0.00315	0.00587	0.48290	0.00657	0.00636
9	0.01740	0.05705	0.01725	0.03344	0.01870	0.01264	0.00982	0.10497	0.03386	0.05635	0.01415	0.01571	0.01122	0.00606	0.00566	0.00135	0.00591	0.00477	0.00477	0.56893
10	0.75424	0.01396	0.01155	0.01137	0.05426	0.01603	0.00854	0.02099	0.01236	0.03144	0.01012	0.01192	0.00792	0.00659	0.00456	0.00220	0.00568	0.00400	0.00435	0.00792
11	0.00979	0.00727	0.00912	0.00866	0.01046	0.00660	0.00649	0.01288	0.01948	0.02695	0.59345	0.05582	0.17631	0.01515	0.00840	0.00227	0.00340	0.01325	0.00763	0.00660
12	0.00860	0.00714	0.00753	0.00761	0.00978	0.00606	0.00564	0.01051	0.01640	0.02007	0.13154	0.12337	0.58514	0.01805	0.00847	0.00243	0.00363	0.01525	0.00673	0.00606
13	0.06081	0.01218	0.01630	0.01254	0.01801	0.01067	0.01036	0.03418	0.02007	0.68478	0.02741	0.02376	0.01725	0.00873	0.00706	0.00220	0.00604	0.00704	0.00865	0.01195
14	0.01345	0.01266	0.02136	0.73264	0.04904	0.01582	0.01978	0.01819	0.01424	0.01819	0.01266	0.01898	0.00949	0.00712	0.00712	0.00237	0.00949	0.00633	0.00316	0.00791
15	0.01023	0.00694	0.00785	0.00785	0.00803	0.00691	0.00452	0.01042	0.01074	0.01421	0.02529	0.04733	0.06582	0.68515	0.05540	0.00677	0.00708	0.01055	0.00444	0.00448
16	0.01847	0.66842	0.11796	0.01315	0.01977	0.02679	0.01387	0.02147	0.01454	0.01745	0.01024	0.01185	0.00912	0.00617	0.00483	0.00161	0.00796	0.00398	0.00304	0.00930
17	0.80005	0.01377	0.01047	0.00936	0.01377	0.01597	0.00771	0.02093	0.01212	0.03195	0.00991	0.01157	0.00771	0.00661	0.00441	0.00220	0.00551	0.00386	0.00441	0.00771
18	0.02721	0.02017	0.02118	0.01633	0.02196	0.04512	0.01344	0.63929	0.03262	0.06498	0.01724	0.01718	0.01219	0.00852	0.00710	0.00213	0.00795	0.00637	0.00706	0.01198
19	0.01891	0.54219	0.06574	0.01310	0.01862	0.12059	0.01254	0.02155	0.01587	0.01835	0.08169	0.01611	0.01514	0.00717	0.00533	0.00168	0.00804	0.00492	0.00362	0.00884
20	0.00878	0.00708	0.00765	0.00778	0.00968	0.00613	0.00563	0.01056	0.01594	0.01978	0.13700	0.14696	0.50019	0.07204	0.01054	0.00278	0.00388	0.01507	0.00658	0.00594
21	0.01673	0.01884	0.04052	0.05668	0.07511	0.01787	0.61829	0.02259	0.01668	0.02266	0.01428	0.01911	0.01078	0.00606	0.00828	0.00238	0.01171	0.00821	0.00358	0.00964
22	0.02519	0.06021	0.02130	0.01826	0.05545	0.38594	0.01371	0.24077	0.04278	0.02705	0.01532	0.01638	0.03042	0.00800	0.00668	0.00197	0.01028	0.00563	0.00495	0.00972
23	0.01207	0.00894	0.01238	0.01431	0.04012	0.00908	0.01184	0.01638	0.05654	0.02188	0.03630	0.07485	0.03876	0.01859	0.00958	0.00318	0.00657	0.59514	0.00649	0.00701
24	0.00873	0.00624	0.00831	0.00988	0.01034	0.00582	0.00661	0.01004	0.01386	0.01855	0.06276	0.72054	0.04781	0.02203	0.00906	0.00287	0.00410	0.01998	0.00665	0.00582
25	0.01671	0.01808	0.03675	0.02689	0.03282	0.01792	0.53265	0.05442	0.01680	0.02301	0.01543	0.06127	0.01284	0.00781	0.01005	0.00250	0.09212	0.00876	0.00390	0.00930
26	0.01501	0.01599	0.06774	0.42473	0.23273	0.01639	0.08574	0.01995	0.01510	0.02035	0.01305	0.01838	0.01010	0.00677	0.00720	0.00230	0.00951	0.00647	0.00330	0.00919
27	0.01242	0.00647	0.00982	0.04162	0.01105	0.00662	0.00679	0.00968	0.00950	0.01263	0.01238	0.02153	0.01224	0.02395	0.02690	0.75748	0.00633	0.00619	0.00310	0.00331
28	0.01188	0.00819	0.00916	0.00865	0.00937	0.00832	0.00538	0.07490	0.01335	0.01786	0.06511	0.04485	0.04793	0.61106	0.03089	0.00602	0.00667	0.01028	0.00487	0.00526
29	0.01646	0.06264	0.07759	0.09936	0.03694	0.01830	0.53680	0.02224	0.01631	0.02197	0.01387	0.01849	0.01047	0.00616	0.00796	0.00234	0.01141	0.00775	0.00349	0.00946
30	0.01467	0.09521	0.65787	0.01964	0.02980	0.01748	0.02516	0.02245	0.01499	0.02208	0.01254	0.01474	0.00903	0.00671	0.00659	0.00220	0.01029	0.00514	0.00301	0.01041
31	0.01968	0.01537	0.02006	0.12908	0.11994	0.01696	0.03332	0.10211	0.32542	0.10693	0.02249	0.02264	0.01656	0.00848	0.00721	0.00231	0.00709	0.00728	0.00616	0.01090
32	0.01895	0.02162	0.02593	0.02111	0.02403	0.22788	0.17869	0.02172	0.01513	0.01860	0.01145	0.01613	0.00997	0.01089	0.04088	0.00287	0.31607	0.00633	0.00343	0.00832
33	0.06185	0.05115	0.02054	0.01527	0.02075	0.02032	0.01264	0.48822	0.08870	0.12023	0.01880	0.01827	0.01328	0.00848	0.00690	0.00215	0.00731	0.00641	0.00703	0.01170
34	0.01846	0.02242	0.07075	0.15102	0.06781	0.19046	0.29753	0.02305	0.01678	0.02042	0.01288	0.01711	0.01002	0.00689	0.00821	0.00227	0.04469	0.00671	0.00348	0.00903
35	0.01026	0.00686	0.00780	0.00789	0.00792	0.00684	0.00445	0.01033	0.01055	0.01406	0.02342	0.08750	0.02713	0.70716	0.03465	0.00667	0.00674	0.01093	0.00445	0.00440
36	0.01237	0.00618	0.00928	0.00928	0.00928	0.00618	0.00618	0.00928	0.00928	0.01237	0.01237	0.02165	0.01237	0.02474	0.02783	0.79283	0.00618	0.00618	0.00309	0.00309
37	0.01948	0.71181	0.03631	0.01255	0.01850	0.06882	0.01228	0.02174	0.01480	0.01679	0.00996	0.01151	0.00914	0.00617	0.00468	0.00154	0.00792	0.00385	0.00308	0.00909
38	0.01573	0.02474	0.27389	0.02475	0.03303	0.01668	0.38688	0.02225	0.01599	0.02276	0.01367	0.01732	0.01016	0.00620	0.00753	0.00222	0.01084	0.00690	0.00345	0.08500
39	0.01740	0.04069	0.02541	0.12670	0.45121	0.08373	0.01927	0.02168	0.03161	0.02180	0.01561	0.02329	0.01383	0.00787	0.00719	0.00222	0.00874	0.06786	0.00385	0.01003
40	0.01828	0.07435	0.11110	0.08177	0.02433	0.09548	0.05321	0.13022	0.01828	0.02462	0.01318	0.01583	0.01045	0.00838	0.02993	0.00214	0.04212	0.00537	0.00420	0.23675

[dist]
# distance from previous block
# <min> <max>
0	4

[block]
# block no. 6 follows, 29 sequences, length 40
# corresponding to MSA columns:
# 251-290
name=unknown_G
#
# <colnr> <probs for GDERKNQSTAVLIFYWHMCP>
#	G	D	E	R	K	N	Q	S	T	A	V	L	I	F	Y	W	H	M	C	P
0	0.02056	0.01571	0.04611	0.01446	0.01903	0.01545	0.03288	0.34395	0.02461	0.08086	0.06750	0.12849	0.02294	0.03101	0.00832	0.00239	0.00685	0.04660	0.00662	0.06566
1	0.04971	0.18289	0.50386	0.01805	0.02700	0.05977	0.02188	0.02257	0.01509	0.02147	0.01196	0.01402	0.00900	0.00665	0.00619	0.00208	0.00985	0.00486	0.00311	0.00999
2	0.04871	0.49260	0.04978	0.01325	0.01867	0.14765	0.01224	0.02312	0.01567	0.06906	0.01207	0.01425	0.01044	0.03848	0.00651	0.00190	0.00840	0.00452	0.00369	0.00899
3	0.01793	0.03734	0.01555	0.01243	0.01602	0.01455	0.00955	0.26755	0.08998	0.02904	0.02306	0.11906	0.03876	0.17241	0.01350	0.00317	0.00652	0.00912	0.00598	0.09850
4	0.36911	0.02069	0.24347	0.05958	0.02158	0.01512	0.01465	0.02128	0.03413	0.04614	0.04402	0.01882	0.04944	0.00780	0.00591	0.00225	0.00725	0.00568	0.00433	0.00875
5	0.02349	0.13449	0.04266	0.03948	0.04373	0.34714	0.01388	0.16660	0.05156	0.02419	0.01531	0.01655	0.03518	0.00784	0.00646	0.00194	0.01003	0.00552	0.00454	0.00942
6	0.02042	0.01544	0.01690	0.01425	0.01851	0.01686	0.01126	0.29975	0.24792	0.05785	0.02504	0.14535	0.02144	0.01114	0.00742	0.00231	0.00629	0.00926	0.00701	0.04557
7	0.01184	0.09414	0.01492	0.01135	0.01293	0.01151	0.03325	0.01364	0.01211	0.01664	0.05790	0.03247	0.02150	0.26790	0.30315	0.00742	0.05870	0.00832	0.00407	0.00625
8	0.32601	0.01884	0.13923	0.01750	0.06615	0.03817	0.12738	0.02163	0.04296	0.02722	0.09541	0.01954	0.01648	0.00762	0.00634	0.00224	0.00767	0.00632	0.00447	0.00880
9	0.01492	0.01423	0.02412	0.48218	0.22894	0.01630	0.04832	0.02021	0.04284	0.02027	0.01361	0.01893	0.01055	0.00696	0.00716	0.00230	0.00916	0.00649	0.00345	0.00905
10	0.00871	0.00632	0.00822	0.00966	0.01028	0.00584	0.00651	0.01007	0.01409	0.01866	0.06701	0.66297	0.10208	0.02166	0.00901	0.00283	0.00406	0.01953	0.00666	0.00584
11	0.01576	0.01263	0.01487	0.01067	0.01695	0.00955	0.00856	0.01890	0.01509	0.06305	0.01355	0.01531	0.01096	0.00548	0.00538	0.00112	0.00532	0.00439	0.00449	0.74798
12	0.01037	0.00787	0.01164	0.01153	0.01270	0.00926	0.00893	0.01276	0.01138	0.01643	0.01889	0.02838	0.01787	0.08304	0.66687	0.01095	0.04332	0.00770	0.00381	0.00632
13	0.01681	0.01921	0.04202	0.03001	0.03721	0.01801	0.67947	0.02281	0.01681	0.02281	0.01441	0.01921	0.01080	0.00600	0.00840	0.00240	0.01200	0.00840	0.00360	0.00960
14	0.00870	0.00647	0.00812	0.00931	0.01020	0.00588	0.00637	0.01018	0.01454	0.01900	0.08437	0.56704	0.18187	0.02099	0.00891	0.00275	0.00398	0.01875	0.00668	0.00588
15	0.01237	0.00618	0.00928	0.00928	0.00928	0.00618	0.00618	0.00928	0.00928	0.01237	0.01237	0.02165	0.01237	0.02474	0.02783	0.79283	0.00618	0.00618	0.00309	0.00309
16	0.02666	0.03205	0.02034	0.01808	0.02202	0.62675	0.01373	0.11665	0.02198	0.02113	0.01183	0.01342	0.00957	0.00750	0.00652	0.00188	0.01217	0.00483	0.00414	0.00878
17	0.00988	0.00727	0.00924	0.00875	0.01052	0.00663	0.00656	0.01305	0.01968	0.02743	0.62588	0.05503	0.14359	0.01498	0.00840	0.00226	0.00339	0.01314	0.00769	0.00663
18	0.14269	0.02506	0.01922	0.01618	0.02081	0.32297	0.01276	0.30062	0.02454	0.03109	0.01339	0.01443	0.01018	0.00774	0.00641	0.00202	0.00965	0.00524	0.00522	0.00979
19	0.01762	0.01692	0.02890	0.04371	0.70533	0.01692	0.02185	0.02185	0.01621	0.02326	0.01339	0.01762	0.01128	0.00634	0.00705	0.00211	0.00846	0.00634	0.00352	0.01128
20	0.01435	0.01432	0.01367	0.01320	0.01508	0.19008	0.01014	0.01671	0.01367	0.01676	0.01702	0.02412	0.01561	0.04169	0.53963	0.00900	0.01749	0.00686	0.00378	0.00684
21	0.80005	0.01377	0.01047	0.00936	0.01377	0.01597	0.00771	0.02093	0.01212	0.03195	0.00991	0.01157	0.00771	0.00661	0.00441	0.00220	0.00551	0.00386	0.00441	0.00771
22	0.01977	0.01356	0.01564	0.01292	0.01714	0.01391	0.01026	0.21081	0.14222	0.12618	0.13933	0.07778	0.02654	0.01198	0.03256	0.00247	0.00625	0.00868	0.00700	0.10500
23	0.01327	0.00664	0.00664	0.00664	0.00830	0.00664	0.00498	0.01659	0.01493	0.02655	0.02323	0.02655	0.01825	0.00830	0.00498	0.00166	0.00332	0.00664	0.78928	0.00664
24	0.02264	0.01079	0.01407	0.01146	0.01543	0.00990	0.00919	0.07956	0.02137	0.37755	0.30150	0.03544	0.03736	0.01113	0.00766	0.00221	0.00511	0.00943	0.00828	0.00992
25	0.01904	0.75404	0.03731	0.01218	0.01828	0.02818	0.01218	0.02132	0.01447	0.01675	0.00990	0.01142	0.00914	0.00609	0.00457	0.00152	0.00761	0.00381	0.00305	0.00914
26	0.03195	0.01212	0.01652	0.01267	0.01818	0.01047	0.01047	0.03470	0.02038	0.71026	0.02809	0.02424	0.01763	0.00881	0.00716	0.00220	0.00606	0.00716	0.00881	0.01212
27	0.02950	0.01266	0.01645	0.01298	0.01824	0.01171	0.01060	0.03524	0.13574	0.59347	0.02824	0.02464	0.01833	0.00896	0.00718	0.00224	0.00599	0.00731	0.00854	0.01197
28	0.00871	0.00722	0.00762	0.00752	0.00980	0.00613	0.00564	0.01078	0.01692	0.02086	0.18207	0.06585	0.59150	0.01743	0.00841	0.00238	0.00356	0.01465	0.00683	0.00613
29	0.01771	0.01530	0.01610	0.01449	0.01852	0.01771	0.01127	0.03784	0.69247	0.02979	0.02898	0.02657	0.02174	0.00966	0.00725	0.00242	0.00564	0.00805	0.00725	0.01127
30	0.80005	0.01377	0.01047	0.00936	0.01377	0.01597	0.00771	0.02093	0.01212	0.03195	0.00991	0.01157	0.00771	0.00661	0.00441	0.00220	0.00551	0.00386	0.00441	0.00771
31	0.00963	0.00759	0.00876	0.00891	0.01074	0.00703	0.00650	0.01309	0.06828	0.02220	0.22458	0.23214	0.31940	0.01757	0.00849	0.00249	0.00383	0.01525	0.00698	0.00654
32	0.01147	0.00820	0.01147	0.01311	0.01475	0.00820	0.01147	0.01475	0.01639	0.02131	0.03770	0.08032	0.04098	0.01967	0.00984	0.00328	0.00656	0.65741	0.00656	0.00656
33	0.01477	0.01266	0.01477	0.01055	0.01687	0.00949	0.00844	0.01793	0.01477	0.02320	0.01266	0.01477	0.01055	0.00527	0.00527	0.00105	0.00527	0.00422	0.00422	0.79328
34	0.01477	0.01266	0.01477	0.01055	0.01687	0.00949	0.00844	0.01793	0.01477	0.02320	0.01266	0.01477	0.01055	0.00527	0.00527	0.00105	0.00527	0.00422	0.00422	0.79328
35	0.01477	0.01266	0.01477	0.01055	0.01687	0.00949	0.00844	0.01793	0.01477	0.02320	0.01266	0.01477	0.01055	0.00527	0.00527	0.00105	0.00527	0.00422	0.00422	0.79328
36	0.00868	0.00620	0.00826	0.00991	0.01033	0.00578	0.00661	0.00991	0.01363	0.01818	0.03925	0.74510	0.04710	0.02231	0.00909	0.00289	0.00413	0.02024	0.00661	0.00578
37	0.01050	0.00750	0.01036	0.01200	0.01321	0.00736	0.00978	0.01307	0.01543	0.02022	0.03824	0.31191	0.04311	0.02059	0.00958	0.00314	0.00571	0.43544	0.00658	0.00629
38	0.01428	0.03683	0.71286	0.02030	0.03082	0.01654	0.02631	0.02255	0.01503	0.02255	0.01278	0.01503	0.00902	0.00677	0.00677	0.00226	0.01052	0.00526	0.00301	0.01052
39	0.01050	0.00907	0.01371	0.01265	0.01435	0.00911	0.08828	0.01269	0.01495	0.02000	0.11417	0.37567	0.16322	0.01763	0.01032	0.00269	0.08286	0.01552	0.00602	0.00660

[dist]
# distance from previous block
# <min> <max>
2	3

[block]
# block no. 7 follows, 29 sequences, length 58
# corresponding to MSA columns:
# 294-313,330-367
name=unknown_H
#
# <colnr> <probs for GDERKNQSTAVLIFYWHMCP>
#	G	D	E	R	K	N	Q	S	T	A	V	L	I	F	Y	W	H	M	C	P
0	0.02704	0.02091	0.02129	0.01652	0.02208	0.07032	0.01355	0.63652	0.03256	0.04298	0.01668	0.01680	0.01191	0.00846	0.00707	0.00212	0.00818	0.00629	0.00688	0.01184
1	0.01619	0.02081	0.12230	0.02773	0.03483	0.01759	0.55120	0.02214	0.01625	0.02240	0.01479	0.04155	0.01168	0.00687	0.00883	0.00243	0.04099	0.00831	0.00360	0.00952
2	0.01385	0.01328	0.02225	0.61543	0.04479	0.01665	0.04585	0.01825	0.01393	0.01825	0.01231	0.01857	0.00953	0.00774	0.00919	0.00247	0.10012	0.00640	0.00318	0.00796
3	0.01017	0.00763	0.01144	0.01144	0.01272	0.00890	0.00890	0.01272	0.01144	0.01653	0.01907	0.02797	0.01780	0.05340	0.72153	0.01144	0.01907	0.00763	0.00381	0.00636
4	0.01020	0.00751	0.01082	0.01082	0.01188	0.00856	0.00813	0.01232	0.01126	0.01607	0.01964	0.03112	0.01917	0.17093	0.60587	0.01068	0.01702	0.00809	0.00390	0.00601
5	0.01329	0.00708	0.00771	0.05960	0.01127	0.00731	0.00606	0.01671	0.01488	0.02594	0.02246	0.02600	0.01761	0.00821	0.00513	0.00171	0.00377	0.00661	0.73193	0.00673
6	0.10302	0.01227	0.01596	0.01236	0.01777	0.01098	0.01021	0.03343	0.01962	0.64750	0.02641	0.02306	0.01671	0.00861	0.00691	0.00220	0.00601	0.00685	0.00841	0.01171
7	0.00952	0.00726	0.00875	0.00837	0.01030	0.00648	0.00628	0.01236	0.01884	0.02543	0.49066	0.05833	0.28005	0.01572	0.00840	0.00229	0.00344	0.01360	0.00743	0.00648
8	0.01988	0.01481	0.01617	0.01421	0.01846	0.01661	0.01115	0.03736	0.58988	0.13365	0.02885	0.02621	0.02111	0.00953	0.00723	0.00238	0.00570	0.00791	0.00748	0.01140
9	0.00911	0.00724	0.00818	0.00794	0.01004	0.00631	0.00596	0.01156	0.01787	0.02313	0.33532	0.06211	0.43682	0.01658	0.00841	0.00234	0.00350	0.01413	0.00713	0.00631
10	0.80005	0.01377	0.01047	0.00936	0.01377	0.01597	0.00771	0.02093	0.01212	0.03195	0.00991	0.01157	0.00771	0.00661	0.00441	0.00220	0.00551	0.00386	0.00441	0.00771
11	0.01847	0.24485	0.38529	0.01702	0.02514	0.08486	0.01952	0.02387	0.01584	0.08442	0.01319	0.01463	0.00987	0.00681	0.00613	0.00200	0.00947	0.00495	0.00362	0.01005
12	0.01904	0.75404	0.03731	0.01218	0.01828	0.02818	0.01218	0.02132	0.01447	0.01675	0.00990	0.01142	0.00914	0.00609	0.00457	0.00152	0.00761	0.00381	0.00305	0.00914
13	0.03147	0.01288	0.01700	0.01303	0.01856	0.01160	0.01077	0.09785	0.02166	0.64531	0.02702	0.02354	0.01709	0.00879	0.00716	0.00220	0.00623	0.00709	0.00865	0.01212
14	0.01008	0.00728	0.00952	0.00896	0.01064	0.00672	0.00672	0.01344	0.02016	0.02855	0.70158	0.05319	0.06719	0.01456	0.00840	0.00224	0.00336	0.01288	0.00784	0.00672
15	0.00842	0.00721	0.00721	0.00721	0.00962	0.00601	0.00541	0.01022	0.01623	0.01924	0.07213	0.06853	0.70244	0.01803	0.00842	0.00240	0.00361	0.01503	0.00661	0.00601
16	0.02707	0.01995	0.02137	0.01638	0.02208	0.02208	0.01353	0.68159	0.03348	0.04488	0.01710	0.01710	0.01211	0.00855	0.00712	0.00214	0.00784	0.00641	0.00712	0.01211
17	0.03195	0.01212	0.01652	0.01267	0.01818	0.01047	0.01047	0.03470	0.02038	0.71026	0.02809	0.02424	0.01763	0.00881	0.00716	0.00220	0.00606	0.00716	0.00881	0.01212
18	0.01025	0.00732	0.00986	0.00986	0.01058	0.00804	0.00692	0.01170	0.01097	0.01536	0.02052	0.03600	0.02129	0.35357	0.42613	0.00949	0.01383	0.00880	0.00403	0.00548
19	0.01345	0.01266	0.02136	0.73264	0.04904	0.01582	0.01978	0.01819	0.01424	0.01819	0.01266	0.01898	0.00949	0.00712	0.00712	0.00237	0.00949	0.00633	0.00316	0.00791
