[name]
unknown

[dist]
# distance from previous block
# <min> <max>
0	43

[block]
# block no. 0 follows, 29 sequences, length 20
# corresponding to MSA columns:
# 43-62
name=unknown_A
#
# <colnr> <probs for GDERKNQSTAVLIFYWHMCP>
#	G	D	E	R	K	N	Q	S	T	A	V	L	I	F	Y	W	H	M	C	P
0	0.01841	0.03989	0.12728	0.01543	0.04197	0.04099	0.04430	0.15540	0.03430	0.07656	0.01945	0.02502	0.03501	0.08796	0.00993	0.00252	0.00758	0.03860	0.03322	0.14617
1	0.02170	0.01587	0.01845	0.03440	0.06604	0.01647	0.01212	0.37678	0.02513	0.06823	0.01922	0.09492	0.01603	0.00930	0.00692	0.00203	0.00680	0.00757	0.04536	0.13667
2	0.01238	0.00959	0.01019	0.01019	0.01214	0.05553	0.00749	0.04641	0.01717	0.06241	0.13822	0.31482	0.22285	0.01748	0.00844	0.00253	0.00484	0.03374	0.00674	0.00686
3	0.00902	0.00646	0.00815	0.00925	0.00983	0.00605	0.00610	0.01020	0.01359	0.01800	0.07207	0.52825	0.09992	0.15166	0.01385	0.00354	0.00454	0.01766	0.00626	0.00559
4	0.01839	0.03669	0.05036	0.01469	0.06048	0.01492	0.01126	0.27492	0.05322	0.03075	0.02157	0.12140	0.01932	0.06166	0.03444	0.00281	0.00691	0.00860	0.14836	0.00926
5	0.01451	0.01180	0.01215	0.01137	0.01354	0.08568	0.00850	0.09288	0.01899	0.05681	0.23248	0.23268	0.10455	0.03683	0.00946	0.00254	0.02829	0.01290	0.00665	0.00741
6	0.00886	0.00627	0.00821	0.00968	0.01005	0.00590	0.00636	0.00996	0.01328	0.01771	0.03744	0.66998	0.04481	0.10054	0.01201	0.00332	0.00443	0.01918	0.00636	0.00563
7	0.02031	0.01819	0.01749	0.01491	0.01947	0.10300	0.01171	0.16129	0.40831	0.03055	0.02271	0.02177	0.01711	0.00869	0.00691	0.00214	0.00690	0.00690	0.00646	0.09517
8	0.01603	0.30067	0.46434	0.01731	0.02620	0.02082	0.02111	0.02210	0.01483	0.02042	0.01172	0.01371	0.00906	0.00652	0.00596	0.00199	0.00945	0.00473	0.00302	0.01001
9	0.01853	0.67690	0.10997	0.01306	0.01962	0.02692	0.01370	0.02145	0.01453	0.01738	0.01021	0.01181	0.00913	0.00616	0.00481	0.00160	0.00793	0.00396	0.00304	0.00929
10	0.00861	0.00645	0.00800	0.00924	0.01015	0.00584	0.00631	0.00999	0.01428	0.01844	0.04748	0.57567	0.21121	0.02124	0.00892	0.00277	0.00400	0.01894	0.00661	0.00584
11	0.00868	0.00620	0.00826	0.00991	0.01033	0.00578	0.00661	0.00991	0.01363	0.01818	0.03925	0.74510	0.04710	0.02231	0.00909	0.00289	0.00413	0.02024	0.00661	0.00578
12	0.01201	0.00799	0.00945	0.00887	0.01129	0.00713	0.00672	0.01503	0.03966	0.10188	0.28765	0.09989	0.33423	0.01575	0.00827	0.00235	0.00390	0.01347	0.00732	0.00712
13	0.01410	0.01370	0.02097	0.59797	0.09536	0.05046	0.01872	0.01847	0.01481	0.01861	0.01643	0.02174	0.05390	0.00777	0.00716	0.00233	0.00920	0.00680	0.00344	0.00806
14	0.00908	0.00718	0.00817	0.00805	0.01005	0.00627	0.00599	0.01145	0.01761	0.02279	0.31474	0.10116	0.41833	0.01693	0.00845	0.00237	0.00354	0.01449	0.00709	0.00627
15	0.06224	0.01087	0.01332	0.16101	0.02035	0.06431	0.01085	0.01467	0.01357	0.01861	0.02410	0.30792	0.02601	0.02307	0.15798	0.00446	0.04331	0.01183	0.00478	0.00675
16	0.05218	0.20093	0.17594	0.01898	0.05817	0.02121	0.10276	0.21588	0.04030	0.02836	0.01394	0.01563	0.01062	0.00708	0.00648	0.00206	0.00877	0.00573	0.00451	0.01048
17	0.07724	0.01482	0.01747	0.05629	0.22812	0.10924	0.01282	0.01834	0.01452	0.02041	0.01766	0.09143	0.01750	0.16450	0.01368	0.00319	0.04174	0.00807	0.06505	0.00792
18	0.00872	0.00636	0.00821	0.00958	0.01027	0.00585	0.00649	0.01012	0.01423	0.01880	0.07497	0.63905	0.11821	0.02147	0.00898	0.00281	0.00404	0.01933	0.00667	0.00585
19	0.11125	0.10661	0.01798	0.01291	0.01737	0.05113	0.01056	0.15640	0.17799	0.10859	0.02651	0.05849	0.09498	0.00998	0.00673	0.00219	0.00640	0.00781	0.00628	0.00985

[dist]
# distance from previous block
# <min> <max>
0	3

[block]
# block no. 1 follows, 29 sequences, length 63
# corresponding to MSA columns:
# 66-128
name=unknown_B
#
# <colnr> <probs for GDERKNQSTAVLIFYWHMCP>
#	G	D	E	R	K	N	Q	S	T	A	V	L	I	F	Y	W	H	M	C	P
0	0.04986	0.01688	0.01944	0.01720	0.08729	0.01754	0.01263	0.40467	0.02580	0.05739	0.01762	0.06915	0.01428	0.00867	0.00683	0.00200	0.00703	0.00694	0.00616	0.15262
1	0.01901	0.61082	0.03200	0.01147	0.01693	0.02426	0.01112	0.02146	0.01487	0.05832	0.01274	0.01419	0.01085	0.00655	0.00477	0.00158	0.00695	0.00438	0.10874	0.00898
2	0.01489	0.01345	0.02105	0.62828	0.04491	0.01648	0.01874	0.07739	0.05529	0.02120	0.01399	0.01926	0.01043	0.00739	0.00713	0.00235	0.00912	0.00644	0.00375	0.00847
3	0.01762	0.01692	0.02890	0.04371	0.70533	0.01692	0.02185	0.02185	0.01621	0.02326	0.01339	0.01762	0.01128	0.00634	0.00705	0.00211	0.00846	0.00634	0.00352	0.01128
4	0.02393	0.01717	0.01910	0.01586	0.04005	0.01860	0.01247	0.35963	0.22662	0.11683	0.02158	0.02065	0.01552	0.00867	0.00706	0.00217	0.00685	0.00687	0.00710	0.05326
5	0.01172	0.00699	0.00887	0.00875	0.00895	0.00705	0.00548	0.03128	0.01071	0.01428	0.01831	0.05260	0.02010	0.39168	0.03096	0.34907	0.00655	0.00866	0.00393	0.00407
6	0.09105	0.01277	0.02028	0.66128	0.04556	0.01584	0.01859	0.01846	0.01403	0.01955	0.01239	0.01825	0.00932	0.00707	0.00685	0.00236	0.00910	0.00608	0.00329	0.00789
7	0.01254	0.00927	0.01329	0.01252	0.01454	0.00892	0.07382	0.08150	0.01651	0.05675	0.03623	0.51494	0.08390	0.01830	0.00867	0.00270	0.00535	0.01662	0.00648	0.00715
8	0.01279	0.00852	0.01060	0.00967	0.01203	0.00807	0.00739	0.01753	0.08413	0.09495	0.50460	0.04940	0.12470	0.01389	0.00817	0.00227	0.00387	0.01208	0.00775	0.00761
9	0.01512	0.00842	0.00861	0.00794	0.01014	0.00871	0.00612	0.10570	0.01742	0.02900	0.02241	0.02528	0.01743	0.00833	0.00527	0.00172	0.00392	0.00661	0.68447	0.00737
10	0.01602	0.01525	0.02550	0.15545	0.52682	0.01566	0.01988	0.02009	0.01588	0.02202	0.01907	0.02287	0.07917	0.00763	0.00720	0.00219	0.00815	0.00720	0.00377	0.01020
11	0.01879	0.25516	0.21033	0.01409	0.02038	0.01772	0.01467	0.02402	0.06351	0.15247	0.08436	0.02182	0.01819	0.04581	0.00784	0.00226	0.00751	0.00637	0.00497	0.00975
12	0.01036	0.00690	0.00777	0.00777	0.00777	0.00690	0.00431	0.01036	0.01036	0.01381	0.02244	0.04660	0.02589	0.74975	0.03624	0.00690	0.00690	0.01036	0.00431	0.00431
13	0.01362	0.01259	0.01655	0.04057	0.01684	0.03858	0.01218	0.03811	0.01304	0.01844	0.02021	0.25258	0.02230	0.01829	0.07054	0.00358	0.36948	0.01083	0.00446	0.00720
14	0.01378	0.01318	0.02280	0.66928	0.06986	0.01598	0.05813	0.01858	0.01445	0.01863	0.01278	0.01895	0.00963	0.00703	0.00719	0.00237	0.00960	0.00645	0.00320	0.00812
15	0.01096	0.00754	0.00939	0.00877	0.01084	0.00677	0.00663	0.01393	0.01926	0.06597	0.51746	0.05504	0.21067	0.01502	0.00833	0.00228	0.00357	0.01304	0.00761	0.00687
16	0.01783	0.57227	0.20852	0.01424	0.02145	0.02523	0.01576	0.02163	0.01461	0.01822	0.01063	0.01234	0.00911	0.00626	0.00513	0.00171	0.00835	0.00418	0.00304	0.00949
17	0.02488	0.01799	0.01957	0.01547	0.02052	0.01973	0.01258	0.56211	0.05425	0.06475	0.02034	0.09780	0.01650	0.01011	0.00735	0.00223	0.00729	0.00802	0.00713	0.01138
18	0.01239	0.00797	0.01003	0.01017	0.01171	0.00761	0.00724	0.04786	0.03355	0.08703	0.14452	0.42303	0.07801	0.07118	0.01058	0.00293	0.00459	0.01580	0.00689	0.00691
19	0.01937	0.01644	0.01981	0.01651	0.01995	0.01955	0.04267	0.19853	0.28365	0.02991	0.01978	0.02084	0.01530	0.00990	0.01148	0.00250	0.20151	0.00710	0.03488	0.01031
20	0.01345	0.01266	0.02136	0.73264	0.04904	0.01582	0.01978	0.01819	0.01424	0.01819	0.01266	0.01898	0.00949	0.00712	0.00712	0.00237	0.00949	0.00633	0.00316	0.00791
21	0.01774	0.01575	0.02026	0.06930	0.21568	0.01752	0.01491	0.05461	0.43342	0.02771	0.02308	0.02320	0.01764	0.00852	0.00718	0.00232	0.00676	0.00740	0.00592	0.01109
22	0.01971	0.01744	0.01997	0.08731	0.02275	0.05953	0.01413	0.20481	0.20747	0.02834	0.01734	0.01923	0.01355	0.00980	0.01190	0.00251	0.22214	0.00670	0.00539	0.00997
23	0.00860	0.00649	0.00796	0.00913	0.01012	0.00585	0.00626	0.01000	0.01439	0.01848	0.04880	0.54865	0.23738	0.02107	0.00889	0.00275	0.00398	0.01873	0.00661	0.00585
24	0.01442	0.01396	0.02456	0.55707	0.14909	0.01621	0.08518	0.01921	0.01480	0.01943	0.01294	0.01880	0.00990	0.00689	0.00724	0.00234	0.00958	0.00654	0.00326	0.00860
25	0.00976	0.00776	0.00884	0.00822	0.01062	0.00666	0.00614	0.01218	0.01725	0.02281	0.29770	0.05640	0.36355	0.05281	0.00952	0.00244	0.00385	0.01292	0.00671	0.08385
26	0.00892	0.00657	0.00891	0.04779	0.01234	0.00632	0.00726	0.01036	0.01376	0.01822	0.03902	0.68292	0.06840	0.02136	0.00896	0.00285	0.00439	0.01933	0.00643	0.00590
27	0.01366	0.01294	0.02140	0.66220	0.04605	0.01641	0.01936	0.01809	0.01391	0.01809	0.01233	0.01865	0.00948	0.00765	0.00872	0.00245	0.08124	0.00632	0.00316	0.00790
28	0.01158	0.00937	0.01092	0.00932	0.01270	0.00790	0.00705	0.01481	0.04127	0.02313	0.21395	0.08182	0.18273	0.05785	0.00902	0.00219	0.00444	0.01040	0.00598	0.28357
29	0.01554	0.03517	0.64464	0.01991	0.02996	0.01708	0.02505	0.08757	0.01685	0.02475	0.01320	0.01524	0.00932	0.00694	0.00680	0.00224	0.01026	0.00538	0.00341	0.01068
30	0.01010	0.00691	0.00773	0.00780	0.00805	0.00677	0.00452	0.01032	0.01107	0.01452	0.02802	0.07689	0.09349	0.64828	0.03240	0.00630	0.00647	0.01121	0.00463	0.00454
31	0.00858	0.00655	0.00789	0.00896	0.01008	0.00586	0.00619	0.01002	0.01455	0.01855	0.05083	0.50680	0.27792	0.02080	0.00885	0.00272	0.00395	0.01841	0.00661	0.00586
32	0.01428	0.01202	0.01420	0.03711	0.01678	0.02865	0.02843	0.06573	0.10585	0.02358	0.04599	0.19509	0.04638	0.05564	0.00882	0.00229	0.00575	0.00990	0.00553	0.27801
33	0.17673	0.01514	0.01587	0.03400	0.01857	0.01659	0.01077	0.22316	0.19337	0.08911	0.04473	0.02373	0.06441	0.00918	0.00669	0.00222	0.00619	0.00712	0.00653	0.03590
34	0.00868	0.00620	0.00826	0.00991	0.01033	0.00578	0.00661	0.00991	0.01363	0.01818	0.03925	0.74510	0.04710	0.02231	0.00909	0.00289	0.00413	0.02024	0.00661	0.00578
35	0.00873	0.00631	0.00816	0.00960	0.01015	0.00585	0.00641	0.00996	0.01368	0.01806	0.04106	0.65844	0.09811	0.05629	0.01032	0.00304	0.00422	0.01936	0.00650	0.00573
36	0.01785	0.04263	0.05848	0.09818	0.02428	0.05729	0.11683	0.14355	0.05352	0.04815	0.01771	0.06505	0.01576	0.12230	0.01335	0.00306	0.08047	0.00797	0.00478	0.00880
37	0.01872	0.01891	0.02719	0.03912	0.58690	0.10291	0.02033	0.02347	0.05119	0.02288	0.01390	0.01750	0.01156	0.00663	0.00698	0.00210	0.00885	0.00622	0.00373	0.01091
38	0.01045	0.00765	0.01035	0.01039	0.01110	0.00856	0.00747	0.01202	0.01153	0.01637	0.02253	0.13552	0.02390	0.25103	0.34785	0.00801	0.05598	0.01012	0.03338	0.00577
39	0.01537	0.01424	0.05096	0.03816	0.01806	0.03442	0.00997	0.02173	0.13023	0.02438	0.01685	0.01851	0.01335	0.00665	0.00575	0.00151	0.00574	0.00535	0.11331	0.45545
40	0.02154	0.02345	0.02114	0.21746	0.02950	0.32995	0.03424	0.12658	0.01967	0.02205	0.01267	0.01604	0.01005	0.00919	0.03031	0.00243	0.05532	0.00566	0.00404	0.00871
41	0.01044	0.00754	0.00887	0.00907	0.01097	0.00683	0.00669	0.01316	0.04353	0.05613	0.15584	0.26153	0.32341	0.01800	0.00855	0.00254	0.00404	0.03931	0.00694	0.00660
42	0.01770	0.22994	0.12870	0.01720	0.04523	0.05171	0.05743	0.10851	0.01662	0.02204	0.01313	0.01665	0.01110	0.01488	0.12126	0.00358	0.10561	0.00571	0.00380	0.00919
43	0.02224	0.01863	0.05532	0.01574	0.02091	0.01963	0.01326	0.37415	0.28863	0.03705	0.02218	0.02277	0.01665	0.00926	0.00724	0.00229	0.00708	0.02853	0.00694	0.01152
44	0.00866	0.00624	0.00822	0.00979	0.01030	0.00579	0.00656	0.00993	0.01375	0.01822	0.04072	0.71484	0.07641	0.02212	0.00906	0.00287	0.00411	0.02001	0.00661	0.00579
45	0.01904	0.75404	0.03731	0.01218	0.01828	0.02818	0.01218	0.02132	0.01447	0.01675	0.00990	0.01142	0.00914	0.00609	0.00457	0.00152	0.00761	0.00381	0.00305	0.00914
46	0.00888	0.00628	0.00820	0.00965	0.01001	0.00592	0.00632	0.00997	0.01323	0.01763	0.03716	0.65823	0.04446	0.11278	0.01247	0.00339	0.00448	0.01901	0.00632	0.00560
47	0.02707	0.01995	0.02137	0.01638	0.02208	0.02208	0.01353	0.68159	0.03348	0.04488	0.01710	0.01710	0.01211	0.00855	0.00712	0.00214	0.00784	0.00641	0.00712	0.01211
48	0.01222	0.05091	0.01140	0.00959	0.01174	0.00814	0.00738	0.01498	0.01835	0.08588	0.41750	0.15553	0.11756	0.01524	0.00822	0.00234	0.00409	0.03450	0.00730	0.00712
49	0.01327	0.00664	0.00664	0.00664	0.00830	0.00664	0.00498	0.01659	0.01493	0.02655	0.02323	0.02655	0.01825	0.00830	0.00498	0.00166	0.00332	0.00664	0.78928	0.00664
50	0.01541	0.01304	0.01511	0.01085	0.01715	0.01015	0.00871	0.05280	0.01575	0.02434	0.01289	0.01489	0.01063	0.00545	0.00537	0.00111	0.00541	0.00433	0.00437	0.75224
51	0.01490	0.01446	0.02563	0.51021	0.13440	0.01648	0.12400	0.03722	0.01542	0.02032	0.01315	0.01879	0.01001	0.00688	0.00731	0.00234	0.00971	0.00666	0.00339	0.00874
52	0.00860	0.00701	0.00752	0.00782	0.00972	0.00603	0.00564	0.01028	0.01563	0.01914	0.08583	0.19704	0.52713	0.04819	0.00966	0.00267	0.00383	0.01577	0.00656	0.00592
53	0.01932	0.54958	0.08895	0.01373	0.01958	0.12964	0.01341	0.02205	0.01521	0.01732	0.01077	0.01278	0.00958	0.00875	0.04160	0.00214	0.00922	0.00424	0.00317	0.00898
54	0.01904	0.75404	0.03731	0.01218	0.01828	0.02818	0.01218	0.02132	0.01447	0.01675	0.00990	0.01142	0.00914	0.00609	0.00457	0.00152	0.00761	0.00381	0.00305	0.00914
55	0.39005	0.11326	0.01714	0.05702	0.01829	0.01728	0.01026	0.11745	0.01717	0.12701	0.04464	0.01647	0.01272	0.00752	0.00556	0.00211	0.00636	0.00525	0.00532	0.00913
56	0.01980	0.01124	0.01371	0.01182	0.01531	0.01116	0.00929	0.06378	0.15628	0.24939	0.17903	0.03778	0.05069	0.08430	0.01053	0.00279	0.00552	0.05061	0.00753	0.00945
57	0.01195	0.00774	0.00982	0.00903	0.01121	0.00697	0.00687	0.01499	0.01951	0.09422	0.52808	0.05294	0.17034	0.01458	0.00828	0.00226	0.00367	0.01268	0.00773	0.00713
58	0.02369	0.01616	0.01747	0.01417	0.01849	0.04474	0.01123	0.39859	0.02597	0.14047	0.02205	0.11850	0.01890	0.08351	0.01024	0.00271	0.00717	0.00870	0.00690	0.01034
59	0.01512	0.00974	0.01279	0.10745	0.01804	0.00977	0.00983	0.07313	0.01787	0.13059	0.12782	0.15410	0.13227	0.06104	0.00997	0.00279	0.00574	0.08763	0.00656	0.00776
60	0.00892	0.00650	0.00832	0.00967	0.01040	0.00604	0.00666	0.01031	0.01399	0.01830	0.04255	0.57468	0.13111	0.05979	0.01048	0.00307	0.00437	0.06256	0.00649	0.00579
61	0.01239	0.00712	0.00925	0.00982	0.01108	0.00659	0.00687	0.01409	0.01484	0.11207	0.06847	0.51184	0.04036	0.05127	0.00961	0.00282	0.00439	0.01634	0.08408	0.00670
62	0.19010	0.01476	0.01482	0.03605	0.01775	0.05051	0.01016	0.17335	0.08571	0.02946	0.01963	0.13728	0.01808	0.01009	0.00657	0.00213	0.00632	0.02479	0.00562	0.14681

[dist]
# distance from previous block
# <min> <max>
3	27

[block]
# block no. 2 follows, 29 sequences, length 36
# corresponding to MSA columns:
# 156-191
name=unknown_C
#
# <colnr> <probs for GDERKNQSTAVLIFYWHMCP>
#	G	D	E	R	K	N	Q	S	T	A	V	L	I	F	Y	W	H	M	C	P
0	0.01470	0.01297	0.02047	0.43337	0.03638	0.01535	0.05751	0.08969	0.01617	0.02139	0.03927	0.08535	0.01539	0.01011	0.00962	0.04273	0.05954	0.00793	0.00409	0.00799
1	0.25864	0.01393	0.01746	0.28436	0.09007	0.01610	0.01412	0.11438	0.01658	0.02742	0.01339	0.01693	0.01020	0.00719	0.00610	0.00220	0.00742	0.00560	0.06926	0.00865
2	0.00877	0.00654	0.00817	0.00922	0.01021	0.00593	0.00636	0.01036	0.01491	0.01953	0.11794	0.52225	0.19279	0.02054	0.00887	0.00271	0.00393	0.01831	0.00674	0.00593
3	0.01575	0.01489	0.02463	0.35105	0.36344	0.01648	0.02019	0.02131	0.06180	0.02144	0.01413	0.01885	0.01120	0.00692	0.00709	0.00225	0.00873	0.00645	0.00362	0.00977
4	0.01780	0.01500	0.02117	0.39240	0.10292	0.01741	0.01713	0.19571	0.07314	0.02697	0.01557	0.01922	0.01164	0.00766	0.00705	0.00226	0.00843	0.00650	0.03243	0.00958
5	0.00876	0.00626	0.00834	0.00986	0.01035	0.00584	0.00662	0.01013	0.01404	0.01882	0.08045	0.70206	0.04835	0.02183	0.00905	0.00285	0.00408	0.01978	0.00669	0.00584
6	0.01565	0.01474	0.01311	0.01179	0.01455	0.16137	0.00900	0.09638	0.04413	0.02686	0.36236	0.04151	0.13505	0.01262	0.00779	0.00217	0.00603	0.01047	0.00667	0.00774
7	0.00868	0.00620	0.00826	0.00991	0.01033	0.00578	0.00661	0.00991	0.01363	0.01818	0.03925	0.74510	0.04710	0.02231	0.00909	0.00289	0.00413	0.02024	0.00661	0.00578
8	0.02599	0.01937	0.02137	0.07313	0.02422	0.02159	0.01403	0.62903	0.03196	0.04276	0.01674	0.01725	0.01190	0.00843	0.00712	0.00216	0.00797	0.00640	0.00681	0.01178
9	0.01345	0.01266	0.02136	0.73264	0.04904	0.01582	0.01978	0.01819	0.01424	0.01819	0.01266	0.01898	0.00949	0.00712	0.00712	0.00237	0.00949	0.00633	0.00316	0.00791
10	0.02424	0.01362	0.01569	0.01274	0.01724	0.01404	0.01029	0.19841	0.14836	0.27275	0.02444	0.02330	0.01710	0.00880	0.00672	0.00212	0.00588	0.00703	0.16637	0.01085
11	0.01980	0.01528	0.01655	0.01432	0.01858	0.01717	0.01129	0.13217	0.50296	0.08588	0.06519	0.02648	0.02255	0.00970	0.00729	0.00235	0.00587	0.00801	0.00739	0.01121
12	0.63283	0.01390	0.01208	0.01031	0.01497	0.01550	0.00850	0.06417	0.01473	0.13796	0.01318	0.01388	0.00952	0.00707	0.00500	0.00220	0.00574	0.00453	0.00526	0.00867
13	0.00884	0.00633	0.00841	0.00980	0.01037	0.00590	0.00662	0.01034	0.01442	0.01943	0.11903	0.66176	0.04952	0.02137	0.00901	0.00281	0.00404	0.01936	0.00676	0.00590
14	0.14650	0.01440	0.02079	0.38333	0.17023	0.01665	0.01727	0.07289	0.04885	0.02417	0.01349	0.01770	0.01036	0.00712	0.00666	0.00228	0.00830	0.00601	0.00396	0.00904
15	0.01761	0.01148	0.01453	0.01256	0.01473	0.01279	0.00967	0.13897	0.01641	0.12852	0.01915	0.02785	0.01720	0.20326	0.16905	0.05017	0.11531	0.00772	0.00518	0.00783
16	0.02225	0.01472	0.01763	0.14673	0.02388	0.06369	0.01290	0.14298	0.06382	0.23223	0.03864	0.04867	0.01869	0.03215	0.00887	0.00249	0.03456	0.05886	0.00639	0.00986
17	0.80005	0.01377	0.01047	0.00936	0.01377	0.01597	0.00771	0.02093	0.01212	0.03195	0.00991	0.01157	0.00771	0.00661	0.00441	0.00220	0.00551	0.00386	0.00441	0.00771
18	0.00868	0.00620	0.00826	0.00991	0.01033	0.00578	0.00661	0.00991	0.01363	0.01818	0.03925	0.74510	0.04710	0.02231	0.00909	0.00289	0.00413	0.02024	0.00661	0.00578
19	0.01518	0.03565	0.66442	0.02002	0.03021	0.01693	0.02541	0.06871	0.01633	0.02411	0.01308	0.01518	0.00924	0.00689	0.00679	0.00225	0.01034	0.00534	0.00330	0.01063
20	0.01329	0.01149	0.01471	0.01644	0.09070	0.04512	0.03612	0.01884	0.12097	0.02199	0.03522	0.16587	0.09919	0.01582	0.00865	0.00276	0.00644	0.26245	0.00610	0.00782
21	0.00889	0.00638	0.00836	0.00965	0.01025	0.00594	0.00651	0.01035	0.01435	0.01926	0.11671	0.62065	0.06782	0.04647	0.00993	0.00294	0.00412	0.01889	0.00667	0.00585
22	0.01615	0.00955	0.01182	0.01091	0.01385	0.00910	0.00861	0.02115	0.10985	0.18997	0.18482	0.11165	0.16128	0.01451	0.00819	0.00248	0.00485	0.09535	0.00749	0.00841
23	0.06103	0.01414	0.02199	0.44850	0.17797	0.01622	0.01845	0.07268	0.01643	0.06518	0.01396	0.01846	0.01047	0.00715	0.00695	0.00228	0.00871	0.00625	0.00397	0.00919
24	0.02504	0.01570	0.01787	0.07127	0.02144	0.06424	0.01235	0.25684	0.02368	0.26605	0.02340	0.07238	0.01847	0.01034	0.00746	0.00231	0.00735	0.06613	0.00707	0.01060
25	0.01327	0.00664	0.00664	0.00664	0.00830	0.00664	0.00498	0.01659	0.01493	0.02655	0.02323	0.02655	0.01825	0.00830	0.00498	0.00166	0.00332	0.00664	0.78928	0.00664
26	0.01550	0.01415	0.04974	0.03752	0.01872	0.01250	0.01090	0.02108	0.10691	0.04907	0.06331	0.01967	0.01604	0.00765	0.00815	0.00172	0.09373	0.00582	0.00483	0.44299
27	0.15437	0.01202	0.01313	0.07759	0.05009	0.06067	0.00967	0.03645	0.01535	0.10558	0.06088	0.08307	0.02171	0.13313	0.03809	0.00336	0.00701	0.03634	0.07387	0.00763
28	0.00866	0.00627	0.00819	0.00973	0.01028	0.00580	0.00653	0.00994	0.01381	0.01825	0.04155	0.69771	0.09300	0.02201	0.00904	0.00286	0.00409	0.01988	0.00661	0.00580
29	0.01456	0.03503	0.64688	0.02173	0.05512	0.01664	0.06679	0.02254	0.01519	0.02259	0.01290	0.01539	0.00921	0.00670	0.00688	0.00226	0.01054	0.00550	0.00306	0.01049
30	0.02393	0.01496	0.01917	0.18968	0.02694	0.01608	0.01400	0.27887	0.02362	0.23003	0.02084	0.02464	0.01536	0.00916	0.00735	0.00230	0.00762	0.05818	0.00660	0.01065
31	0.00963	0.00712	0.00899	0.00881	0.01044	0.00648	0.00650	0.01246	0.01867	0.02571	0.51432	0.14867	0.16354	0.01614	0.00849	0.00235	0.00350	0.01420	0.00748	0.00648
32	0.01904	0.75404	0.03731	0.01218	0.01828	0.02818	0.01218	0.02132	0.01447	0.01675	0.00990	0.01142	0.00914	0.00609	0.00457	0.00152	0.00761	0.00381	0.00305	0.00914
33	0.01020	0.00732	0.00959	0.00936	0.01090	0.00686	0.00708	0.01330	0.01901	0.02665	0.57340	0.07613	0.06149	0.05691	0.01015	0.00263	0.00392	0.08110	0.00747	0.00654
34	0.02707	0.01995	0.02137	0.01638	0.02208	0.02208	0.01353	0.68159	0.03348	0.04488	0.01710	0.01710	0.01211	0.00855	0.00712	0.00214	0.00784	0.00641	0.00712	0.01211
35	0.01304	0.01110	0.01554	0.01416	0.01519	0.01413	0.01137	0.05203	0.01247	0.01826	0.01564	0.02359	0.01476	0.05854	0.41360	0.00784	0.27070	0.00715	0.00377	0.00712

[dist]
# distance from previous block
# <min> <max>
0	1

[block]
# block no. 3 follows, 29 sequences, length 13
# corresponding to MSA columns:
# 193-205
name=unknown_D
#
# <colnr> <probs for GDERKNQSTAVLIFYWHMCP>
#	G	D	E	R	K	N	Q	S	T	A	V	L	I	F	Y	W	H	M	C	P
0	0.01423	0.00756	0.00765	0.00731	0.00925	0.00770	0.00557	0.06252	0.01621	0.02781	0.02281	0.02589	0.01783	0.00831	0.00513	0.00169	0.00363	0.00662	0.73526	0.00701
1	0.07502	0.00948	0.01149	0.05902	0.01426	0.00986	0.00802	0.09369	0.01444	0.02220	0.01522	0.02069	0.01295	0.01497	0.01522	0.34322	0.00584	0.00599	0.17937	0.06906
2	0.45243	0.05045	0.07258	0.11170	0.02246	0.01679	0.05898	0.04064	0.04717	0.05029	0.01256	0.01470	0.00948	0.00690	0.00556	0.00222	0.00710	0.00501	0.00436	0.00861
3	0.01032	0.00704	0.00844	0.00844	0.00868	0.00727	0.00516	0.01079	0.01056	0.01431	0.02182	0.04317	0.02440	0.62140	0.16256	0.00774	0.00915	0.00985	0.00422	0.00469
4	0.80005	0.01377	0.01047	0.00936	0.01377	0.01597	0.00771	0.02093	0.01212	0.03195	0.00991	0.01157	0.00771	0.00661	0.00441	0.00220	0.00551	0.00386	0.00441	0.00771
5	0.01904	0.75404	0.03731	0.01218	0.01828	0.02818	0.01218	0.02132	0.01447	0.01675	0.00990	0.01142	0.00914	0.00609	0.00457	0.00152	0.00761	0.00381	0.00305	0.00914
6	0.01310	0.01209	0.02015	0.65626	0.04519	0.01489	0.01866	0.01759	0.01433	0.01837	0.01539	0.05816	0.01313	0.00858	0.00737	0.00245	0.00906	0.04398	0.00353	0.00773
7	0.01428	0.03683	0.71286	0.02030	0.03082	0.01654	0.02631	0.02255	0.01503	0.02255	0.01278	0.01503	0.00902	0.00677	0.00677	0.00226	0.01052	0.00526	0.00301	0.01052
8	0.03019	0.01173	0.01596	0.01237	0.01757	0.01017	0.01017	0.03300	0.02036	0.65556	0.08214	0.02656	0.02160	0.00927	0.00726	0.00221	0.00584	0.00762	0.00874	0.01168
9	0.02799	0.04921	0.01755	0.01297	0.01799	0.01306	0.01063	0.15329	0.02172	0.47729	0.02568	0.07232	0.01850	0.03778	0.00827	0.00238	0.00637	0.00787	0.00789	0.01124
10	0.03027	0.01175	0.01599	0.01238	0.01760	0.01018	0.01018	0.03307	0.02036	0.65797	0.07975	0.02646	0.02143	0.00925	0.00726	0.00221	0.00585	0.00760	0.00874	0.01170
11	0.00903	0.00664	0.00851	0.00959	0.01057	0.00612	0.00678	0.01080	0.01516	0.02006	0.14065	0.49681	0.14846	0.02035	0.00894	0.00275	0.00411	0.06187	0.00679	0.00601
12	0.02641	0.01962	0.02100	0.01625	0.02183	0.02177	0.01337	0.63608	0.08006	0.04381	0.01794	0.01777	0.01279	0.00863	0.00713	0.00216	0.00768	0.00653	0.00713	0.01205

[dist]
# distance from previous block
# <min> <max>
0	1

[block]
# block no. 4 follows, 29 sequences, length 131
# corresponding to MSA columns:
# 207-337
name=unknown_E
#
# <colnr> <probs for GDERKNQSTAVLIFYWHMCP>
#	G	D	E	R	K	N	Q	S	T	A	V	L	I	F	Y	W	H	M	C	P
0	0.03682	0.00850	0.00905	0.00850	0.01048	0.00874	0.00634	0.09234	0.01669	0.02643	0.06580	0.07225	0.05245	0.09082	0.03500	0.00278	0.00492	0.00849	0.43663	0.00697
1	0.20191	0.01198	0.01434	0.01146	0.01634	0.01132	0.00940	0.02963	0.01828	0.49022	0.06171	0.02313	0.01822	0.00862	0.00652	0.00218	0.00566	0.00672	0.04176	0.01059
2	0.19029	0.01450	0.07807	0.01396	0.05856	0.01286	0.01130	0.08414	0.03784	0.19190	0.17882	0.05241	0.02655	0.00983	0.00687	0.00224	0.00594	0.00798	0.00649	0.00944
3	0.52449	0.01595	0.04737	0.09138	0.02012	0.01718	0.01107	0.14965	0.01666	0.03250	0.01176	0.01363	0.00883	0.00705	0.00535	0.00221	0.00664	0.00470	0.00473	0.00873
4	0.00884	0.00631	0.00845	0.01010	0.01058	0.00592	0.00689	0.01020	0.01379	0.01836	0.03916	0.70661	0.04674	0.02216	0.00913	0.00291	0.00427	0.05714	0.00661	0.00583
5	0.01473	0.01396	0.02367	0.52174	0.24995	0.01616	0.02041	0.01931	0.01484	0.01975	0.01288	0.01857	0.01004	0.00688	0.00710	0.00229	0.00918	0.00633	0.00327	0.00894
6	0.01548	0.15131	0.58040	0.01893	0.02850	0.04335	0.02361	0.02256	0.01513	0.02144	0.01226	0.01438	0.00904	0.00668	0.00640	0.00212	0.01014	0.00501	0.00304	0.01022
7	0.00916	0.00664	0.00865	0.00942	0.01040	0.00613	0.00658	0.01118	0.01609	0.02192	0.27609	0.46153	0.09111	0.01932	0.00881	0.00263	0.00383	0.01734	0.00705	0.00613
8	0.01718	0.01832	0.06235	0.10769	0.39067	0.09122	0.01839	0.03885	0.05434	0.02253	0.02047	0.02322	0.08769	0.00809	0.00714	0.00217	0.00845	0.00715	0.00411	0.00999
9	0.01031	0.00736	0.01012	0.01169	0.01284	0.00718	0.00936	0.01277	0.01543	0.02032	0.06227	0.34490	0.04437	0.02054	0.00949	0.00309	0.00547	0.37963	0.00662	0.00625
10	0.01904	0.75404	0.03731	0.01218	0.01828	0.02818	0.01218	0.02132	0.01447	0.01675	0.00990	0.01142	0.00914	0.00609	0.00457	0.00152	0.00761	0.00381	0.00305	0.00914
11	0.01657	0.01585	0.02701	0.21694	0.54030	0.01664	0.02133	0.02093	0.01572	0.02199	0.01321	0.01797	0.01083	0.00654	0.00707	0.00218	0.00872	0.00634	0.00343	0.01043
12	0.01327	0.00664	0.00664	0.00664	0.00830	0.00664	0.00498	0.01659	0.01493	0.02655	0.02323	0.02655	0.01825	0.00830	0.00498	0.00166	0.00332	0.00664	0.78928	0.00664
13	0.00893	0.00635	0.00842	0.00998	0.01044	0.00599	0.00676	0.01022	0.01361	0.01811	0.03821	0.66730	0.04555	0.06310	0.01066	0.00314	0.00443	0.05658	0.00648	0.00575
14	0.50647	0.01682	0.01548	0.04834	0.05446	0.08628	0.03029	0.10132	0.01591	0.03028	0.01132	0.01337	0.00880	0.00708	0.00586	0.00219	0.02800	0.00469	0.00450	0.00855
15	0.00955	0.00694	0.00900	0.00915	0.01048	0.00639	0.00661	0.01217	0.01793	0.02483	0.46198	0.26630	0.09781	0.01714	0.00861	0.00245	0.00361	0.01526	0.00739	0.00639
16	0.06303	0.01730	0.01816	0.01507	0.01986	0.01958	0.01210	0.32515	0.36168	0.03666	0.02266	0.02154	0.01669	0.00900	0.00704	0.00228	0.00661	0.00710	0.00704	0.01146
17	0.01904	0.75404	0.03731	0.01218	0.01828	0.02818	0.01218	0.02132	0.01447	0.01675	0.00990	0.01142	0.00914	0.00609	0.00457	0.00152	0.00761	0.00381	0.00305	0.00914
18	0.00992	0.00725	0.00918	0.00871	0.01037	0.00666	0.00645	0.01293	0.01920	0.02676	0.59814	0.05441	0.13068	0.05630	0.00997	0.00252	0.00358	0.01296	0.00751	0.00651
19	0.80005	0.01377	0.01047	0.00936	0.01377	0.01597	0.00771	0.02093	0.01212	0.03195	0.00991	0.01157	0.00771	0.00661	0.00441	0.00220	0.00551	0.00386	0.00441	0.00771
20	0.00868	0.00620	0.00826	0.00991	0.01033	0.00578	0.00661	0.00991	0.01363	0.01818	0.03925	0.74510	0.04710	0.02231	0.00909	0.00289	0.00413	0.02024	0.00661	0.00578
21	0.03195	0.01212	0.01652	0.01267	0.01818	0.01047	0.01047	0.03470	0.02038	0.71026	0.02809	0.02424	0.01763	0.00881	0.00716	0.00220	0.00606	0.00716	0.00881	0.01212
22	0.01672	0.01597	0.02661	0.17262	0.51829	0.01700	0.02073	0.02151	0.04101	0.02222	0.01363	0.01811	0.01123	0.00694	0.00793	0.00223	0.04683	0.00640	0.00357	0.01045
23	0.00847	0.00722	0.00729	0.00727	0.00965	0.00604	0.00545	0.01033	0.01636	0.01955	0.09345	0.06801	0.68093	0.01792	0.00842	0.00240	0.00360	0.01496	0.00665	0.00604
24	0.02655	0.01092	0.01479	0.01175	0.01632	0.00954	0.00954	0.02945	0.02033	0.54195	0.19438	0.03139	0.02986	0.01023	0.00747	0.00221	0.00539	0.00857	0.00857	0.01079
25	0.00966	0.00723	0.00896	0.00860	0.01040	0.00653	0.00642	0.01260	0.01906	0.02612	0.53875	0.08009	0.20815	0.01560	0.00843	0.00230	0.00344	0.01361	0.00752	0.00653
26	0.70049	0.01433	0.03200	0.08017	0.01770	0.01598	0.00943	0.02071	0.01241	0.03033	0.01027	0.01239	0.00792	0.00666	0.00474	0.00222	0.00604	0.00414	0.00424	0.00781
27	0.01327	0.00664	0.00664	0.00664	0.00830	0.00664	0.00498	0.01659	0.01493	0.02655	0.02323	0.02655	0.01825	0.00830	0.00498	0.00166	0.00332	0.00664	0.78928	0.00664
28	0.14966	0.01966	0.12695	0.01664	0.02256	0.04280	0.11962	0.19658	0.02035	0.03042	0.07840	0.04003	0.01655	0.00814	0.00679	0.00213	0.00795	0.00685	0.00512	0.08279
29	0.05930	0.01810	0.01999	0.16161	0.23844	0.18742	0.01543	0.02168	0.01634	0.02195	0.01440	0.01814	0.01159	0.00713	0.00637	0.00201	0.00858	0.00584	0.15690	0.00879
30	0.00868	0.00620	0.00826	0.00991	0.01033	0.00578	0.00661	0.00991	0.01363	0.01818	0.03925	0.74510	0.04710	0.02231	0.00909	0.00289	0.00413	0.02024	0.00661	0.00578
31	0.01635	0.03397	0.55055	0.02077	0.03011	0.07819	0.08337	0.06278	0.01675	0.02347	0.01303	0.01534	0.00938	0.00685	0.00690	0.00222	0.01070	0.00556	0.00337	0.01034
32	0.01678	0.01552	0.02515	0.21249	0.44617	0.01642	0.01972	0.07226	0.01708	0.02346	0.01692	0.02088	0.05109	0.00739	0.00715	0.00220	0.00839	0.00685	0.00390	0.01019
33	0.00874	0.00652	0.00814	0.00923	0.01020	0.00592	0.00635	0.01029	0.01479	0.01932	0.10459	0.53294	0.19570	0.02067	0.00888	0.00273	0.00395	0.01843	0.00672	0.00592
34	0.02662	0.01951	0.02089	0.01606	0.02163	0.02158	0.01325	0.65982	0.03287	0.04428	0.01730	0.01741	0.01231	0.00854	0.00705	0.00212	0.00769	0.00642	0.03273	0.01193
35	0.00868	0.00620	0.00826	0.00991	0.01033	0.00578	0.00661	0.00991	0.01363	0.01818	0.03925	0.74510	0.04710	0.02231	0.00909	0.00289	0.00413	0.02024	0.00661	0.00578
36	0.01694	0.01614	0.02745	0.12134	0.60701	0.01650	0.02126	0.02119	0.01599	0.02262	0.01413	0.01990	0.01208	0.00688	0.00715	0.00218	0.00851	0.02839	0.00359	0.01073
37	0.01237	0.00618	0.00928	0.00928	0.00928	0.00618	0.00618	0.00928	0.00928	0.01237	0.01237	0.02165	0.01237	0.02474	0.02783	0.79283	0.00618	0.00618	0.00309	0.00309
38	0.01327	0.00664	0.00664	0.00664	0.00830	0.00664	0.00498	0.01659	0.01493	0.02655	0.02323	0.02655	0.01825	0.00830	0.00498	0.00166	0.00332	0.00664	0.78928	0.00664
39	0.01079	0.04963	0.01181	0.01216	0.03743	0.00852	0.00920	0.01301	0.01497	0.01941	0.03840	0.29778	0.10655	0.06143	0.01057	0.00313	0.00558	0.27706	0.00614	0.00642
40	0.01480	0.09815	0.62516	0.02002	0.03001	0.01761	0.05353	0.02246	0.01506	0.02206	0.01260	0.01490	0.00911	0.00667	0.00665	0.00220	0.01034	0.00527	0.00304	0.01036
41	0.00863	0.00721	0.00754	0.00761	0.00987	0.00612	0.00573	0.01057	0.01642	0.01992	0.11480	0.09324	0.61302	0.01799	0.00848	0.00244	0.00370	0.03394	0.00670	0.00607
42	0.04989	0.01764	0.01862	0.01529	0.02019	0.01991	0.01231	0.36937	0.32870	0.03765	0.02218	0.02116	0.01628	0.00898	0.00708	0.00226	0.00677	0.00706	0.00708	0.01158
43	0.01904	0.75404	0.03731	0.01218	0.01828	0.02818	0.01218	0.02132	0.01447	0.01675	0.00990	0.01142	0.00914	0.00609	0.00457	0.00152	0.00761	0.00381	0.00305	0.00914
44	0.00891	0.00644	0.00849	0.01005	0.01068	0.00601	0.00698	0.01037	0.01403	0.01852	0.04101	0.64629	0.08449	0.02182	0.00912	0.00290	0.00432	0.07710	0.00661	0.00587
45	0.80005	0.01377	0.01047	0.00936	0.01377	0.01597	0.00771	0.02093	0.01212	0.03195	0.00991	0.01157	0.00771	0.00661	0.00441	0.00220	0.00551	0.00386	0.00441	0.00771
46	0.00880	0.00712	0.00781	0.00786	0.00991	0.00614	0.00581	0.01087	0.01680	0.02111	0.20249	0.13391	0.50103	0.01773	0.00848	0.00242	0.00361	0.01510	0.00687	0.00614
47	0.05961	0.61948	0.08618	0.01367	0.02006	0.02608	0.05163	0.02148	0.01452	0.01833	0.01037	0.01215	0.00915	0.00616	0.00495	0.00166	0.00797	0.00418	0.00315	0.00919
48	0.00879	0.00625	0.00823	0.00977	0.01015	0.00586	0.00645	0.00995	0.01341	0.01788	0.03809	0.69699	0.04563	0.07242	0.01096	0.00317	0.00432	0.01956	0.00645	0.00568
49	0.00868	0.00620	0.00826	0.00991	0.01033	0.00578	0.00661	0.00991	0.01363	0.01818	0.03925	0.74510	0.04710	0.02231	0.00909	0.00289	0.00413	0.02024	0.00661	0.00578
50	0.01981	0.01242	0.01332	0.01105	0.01457	0.01319	0.00885	0.29087	0.02304	0.07010	0.04649	0.02354	0.01753	0.00866	0.00610	0.00191	0.00532	0.00681	0.39722	0.00918
51	0.01849	0.01760	0.02749	0.03970	0.60577	0.04188	0.02053	0.06112	0.05290	0.02465	0.01434	0.01790	0.01180	0.00668	0.00704	0.00212	0.00843	0.00638	0.00393	0.01122
52	0.01691	0.01610	0.02714	0.04070	0.64506	0.01603	0.02060	0.02097	0.01622	0.02297	0.01753	0.02237	0.05278	0.00741	0.00721	0.00216	0.00812	0.02508	0.00379	0.01084
53	0.01327	0.00664	0.00664	0.00664	0.00830	0.00664	0.00498	0.01659	0.01493	0.02655	0.02323	0.02655	0.01825	0.00830	0.00498	0.00166	0.00332	0.00664	0.78928	0.00664
54	0.01415	0.01084	0.01444	0.03948	0.11637	0.01091	0.01059	0.04413	0.12702	0.06373	0.13056	0.26547	0.05791	0.01397	0.00793	0.00241	0.00536	0.01242	0.00636	0.04595
55	0.12675	0.27030	0.08900	0.01654	0.02209	0.09530	0.15250	0.02118	0.01502	0.02065	0.01363	0.05801	0.01242	0.04913	0.00779	0.00228	0.00882	0.00631	0.00369	0.00860
56	0.00868	0.00620	0.00826	0.00991	0.01033	0.00578	0.00661	0.00991	0.01363	0.01818	0.03925	0.74510	0.04710	0.02231	0.00909	0.00289	0.00413	0.02024	0.00661	0.00578
57	0.01726	0.01646	0.02802	0.06749	0.65747	0.01657	0.02141	0.02147	0.01615	0.02301	0.01422	0.01987	0.01225	0.00684	0.00715	0.00216	0.00843	0.02915	0.00362	0.01099
58	0.01667	0.01404	0.04040	0.01488	0.01727	0.01540	0.05705	0.16069	0.01659	0.04770	0.01697	0.02689	0.01606	0.23675	0.08252	0.00466	0.19510	0.00779	0.00465	0.00793
59	0.00868	0.00620	0.00826	0.00991	0.01033	0.00578	0.00661	0.00991	0.01363	0.01818	0.03925	0.74510	0.04710	0.02231	0.00909	0.00289	0.00413	0.02024	0.00661	0.00578
60	0.01876	0.71831	0.03585	0.01192	0.01780	0.02715	0.01184	0.02110	0.01449	0.01722	0.01054	0.01215	0.00957	0.00620	0.00459	0.00153	0.00741	0.00394	0.04063	0.00902
61	0.00934	0.00713	0.00857	0.00846	0.01025	0.00637	0.00625	0.01192	0.01805	0.02413	0.40726	0.13780	0.28532	0.01665	0.00848	0.00237	0.00353	0.01447	0.00727	0.00637
62	0.02707	0.01995	0.02137	0.01638	0.02208	0.02208	0.01353	0.68159	0.03348	0.04488	0.01710	0.01710	0.01211	0.00855	0.00712	0.00214	0.00784	0.00641	0.00712	0.01211
63	0.01106	0.00828	0.01197	0.01170	0.01321	0.00959	0.00914	0.04788	0.01260	0.01802	0.01897	0.02740	0.01750	0.05105	0.68398	0.01095	0.01848	0.00757	0.00399	0.00666
64	0.00917	0.00676	0.00865	0.01004	0.01075	0.00647	0.00681	0.01150	0.05196	0.01888	0.04024	0.67233	0.07699	0.02139	0.00895	0.00284	0.00419	0.01931	0.00665	0.00610
65	0.01759	0.01700	0.02940	0.04319	0.68019	0.01696	0.04660	0.02189	0.01624	0.02325	0.01343	0.01768	0.01126	0.00633	0.00710	0.00213	0.00859	0.00642	0.00353	0.01122
66	0.00948	0.00718	0.00874	0.00850	0.01031	0.00644	0.00632	0.01222	0.01851	0.02501	0.46516	0.10682	0.25702	0.01615	0.00845	0.00234	0.00349	0.01405	0.00738	0.00644
67	0.06273	0.01570	0.01634	0.01440	0.01863	0.01808	0.01131	0.10493	0.58452	0.03150	0.02665	0.02472	0.01993	0.00937	0.00707	0.00237	0.00586	0.00764	0.00707	0.01116
68	0.09035	0.02514	0.01999	0.01661	0.02137	0.30671	0.01315	0.36095	0.02630	0.03262	0.01402	0.01491	0.01055	0.00790	0.00661	0.00202	0.00969	0.00546	0.00549	0.01018
69	0.06148	0.21122	0.34617	0.01789	0.04911	0.04352	0.05357	0.02146	0.01544	0.02187	0.06019	0.01892	0.01421	0.00751	0.00637	0.00209	0.00896	0.02687	0.00362	0.00952
70	0.02707	0.01995	0.02137	0.01638	0.02208	0.02208	0.01353	0.68159	0.03348	0.04488	0.01710	0.01710	0.01211	0.00855	0.00712	0.00214	0.00784	0.00641	0.00712	0.01211
71	0.00869	0.00643	0.00803	0.00928	0.01008	0.00588	0.00627	0.00999	0.01403	0.01822	0.04526	0.57933	0.17950	0.05080	0.01005	0.00295	0.00414	0.01878	0.00652	0.00577
72	0.01378	0.01286	0.02050	0.52389	0.03957	0.01649	0.01788	0.01770	0.01345	0.01824	0.01260	0.01888	0.01011	0.00998	0.03630	0.00283	0.16587	0.00637	0.03491	0.00778
73	0.02622	0.01915	0.02067	0.01597	0.02134	0.02116	0.01311	0.64266	0.03208	0.04299	0.01682	0.01736	0.01212	0.00949	0.00832	0.04792	0.00774	0.00640	0.00689	0.01159
74	0.00861	0.00722	0.00748	0.00742	0.00974	0.00609	0.00556	0.01059	0.01669	0.02032	0.14553	0.06674	0.62837	0.01763	0.00841	0.00239	0.00358	0.01478	0.00676	0.00609
75	0.10161	0.01495	0.01762	0.01364	0.01911	0.01496	0.01126	0.25518	0.02410	0.41917	0.02263	0.02061	0.01481	0.00852	0.00689	0.00218	0.00662	0.00660	0.00782	0.01171
76	0.06540	0.01503	0.01663	0.04795	0.01924	0.01634	0.01123	0.36693	0.06266	0.03473	0.05721	0.15287	0.02173	0.01113	0.00725	0.00225	0.00648	0.00914	0.03431	0.04150
77	0.00963	0.00688	0.00935	0.01100	0.01183	0.00660	0.00826	0.01156	0.01457	0.01924	0.03872	0.51919	0.04502	0.02141	0.00934	0.00302	0.00496	0.23677	0.00659	0.00605
78	0.01550	0.01742	0.13629	0.06013	0.07665	0.01314	0.12906	0.05218	0.01639	0.05099	0.03717	0.11993	0.01742	0.00879	0.00710	0.00204	0.00774	0.00812	0.00456	0.21938
79	0.01697	0.01748	0.06400	0.12114	0.59494	0.01677	0.02185	0.02147	0.01593	0.02265	0.01328	0.01764	0.01096	0.00646	0.00704	0.00215	0.00869	0.00629	0.00346	0.01085
80	0.00868	0.00620	0.00826	0.00991	0.01033	0.00578	0.00661	0.00991	0.01363	0.01818	0.03925	0.74510	0.04710	0.02231	0.00909	0.00289	0.00413	0.02024	0.00661	0.00578
81	0.01440	0.03613	0.68890	0.02112	0.05444	0.01655	0.02615	0.02253	0.01507	0.02258	0.01280	0.01512	0.00910	0.00675	0.00678	0.00225	0.01045	0.00530	0.00302	0.01055
82	0.04338	0.00991	0.01178	0.01056	0.01295	0.01011	0.00808	0.10151	0.04931	0.06094	0.38154	0.09136	0.08460	0.05641	0.01013	0.00259	0.02853	0.01149	0.00712	0.00770
83	0.00890	0.00629	0.00820	0.00963	0.00999	0.00593	0.00631	0.00997	0.01320	0.01760	0.03702	0.65248	0.04428	0.11877	0.01269	0.00342	0.00450	0.01893	0.00631	0.00559
84	0.06648	0.09633	0.04150	0.01260	0.01731	0.01287	0.04868	0.04383	0.04228	0.28877	0.15016	0.03129	0.09738	0.01019	0.00713	0.00217	0.00599	0.00848	0.00689	0.00967
85	0.01113	0.00795	0.01108	0.01272	0.01421	0.00790	0.01088	0.01416	0.01605	0.02093	0.03789	0.16157	0.04173	0.01999	0.00974	0.00323	0.00626	0.57954	0.00656	0.00646
86	0.01225	0.00842	0.01071	0.00990	0.01203	0.00802	0.00767	0.05988	0.02067	0.05853	0.55604	0.05201	0.07778	0.01439	0.00837	0.00232	0.00404	0.06199	0.00770	0.00729
87	0.61914	0.01524	0.01270	0.01086	0.01549	0.04046	0.00891	0.11607	0.01591	0.07266	0.01203	0.01313	0.00896	0.00704	0.00502	0.00218	0.00612	0.00444	0.00502	0.00861
88	0.01327	0.00664	0.00664	0.00664	0.00830	0.00664	0.00498	0.01659	0.01493	0.02655	0.02323	0.02655	0.01825	0.00830	0.00498	0.00166	0.00332	0.00664	0.78928	0.00664
89	0.24160	0.01412	0.01406	0.01145	0.01620	0.03843	0.00916	0.12320	0.03699	0.02881	0.05071	0.04903	0.01522	0.01020	0.04446	0.00233	0.00662	0.00592	0.00507	0.27643
90	0.01143	0.00823	0.00985	0.01016	0.01158	0.00810	0.00720	0.09823	0.01677	0.02252	0.08070	0.46602	0.10798	0.06238	0.01017	0.00289	0.00464	0.01629	0.03821	0.00664
91	0.00966	0.00720	0.00897	0.00865	0.01041	0.00652	0.00644	0.01258	0.01898	0.02605	0.53455	0.09529	0.19700	0.01571	0.00844	0.00231	0.00345	0.01374	0.00752	0.00652
92	0.08576	0.69079	0.03502	0.01194	0.01789	0.02713	0.01180	0.02129	0.01427	0.01805	0.00990	0.01143	0.00902	0.00614	0.00456	0.00158	0.00744	0.00381	0.00316	0.00902
93	0.01904	0.75404	0.03731	0.01218	0.01828	0.02818	0.01218	0.02132	0.01447	0.01675	0.00990	0.01142	0.00914	0.00609	0.00457	0.00152	0.00761	0.00381	0.00305	0.00914
94	0.05768	0.04349	0.18394	0.01373	0.01875	0.05373	0.01329	0.05660	0.06924	0.11271	0.21854	0.07673	0.03069	0.01065	0.00728	0.00224	0.00671	0.00884	0.00604	0.00911
95	0.80005	0.01377	0.01047	0.00936	0.01377	0.01597	0.00771	0.02093	0.01212	0.03195	0.00991	0.01157	0.00771	0.00661	0.00441	0.00220	0.00551	0.00386	0.00441	0.00771
96	0.00877	0.00625	0.00828	0.00982	0.01026	0.00584	0.00655	0.01003	0.01373	0.01835	0.05815	0.70444	0.04706	0.04333	0.00986	0.00299	0.00419	0.01974	0.00658	0.00577
97	0.01551	0.01610	0.02803	0.17252	0.03088	0.01936	0.22410	0.01913	0.01345	0.01913	0.01163	0.01743	0.00983	0.00932	0.01527	0.00274	0.35698	0.00693	0.00328	0.00838
98	0.01159	0.00863	0.01094	0.01039	0.01118	0.00968	0.00735	0.04702	0.01215	0.01679	0.02138	0.03683	0.04163	0.39504	0.25524	0.00764	0.07744	0.00903	0.00426	0.00576
99	0.00865	0.00631	0.00814	0.00960	0.01025	0.00581	0.00647	0.00995	0.01393	0.01830	0.04306	0.66666	0.12308	0.02181	0.00901	0.00284	0.00407	0.01964	0.00661	0.00581
100	0.39467	0.02468	0.33521	0.01555	0.02293	0.01635	0.05407	0.02178	0.01372	0.02711	0.01148	0.01359	0.00849	0.00665	0.00572	0.00224	0.00818	0.00476	0.00372	0.00911
101	0.04938	0.06616	0.02361	0.04619	0.22607	0.34782	0.01617	0.05105	0.01808	0.02075	0.01179	0.01469	0.00989	0.00736	0.00771	0.00203	0.06295	0.00529	0.00370	0.00930
102	0.75359	0.01369	0.01098	0.03150	0.01497	0.01581	0.00816	0.02125	0.01242	0.05139	0.01053	0.01216	0.00806	0.00669	0.00457	0.00221	0.00565	0.00403	0.00450	0.00785
103	0.01483	0.00814	0.00830	0.00774	0.00986	0.00838	0.00595	0.09182	0.01703	0.02862	0.02254	0.02548	0.01756	0.00832	0.00522	0.00171	0.00383	0.00661	0.70080	0.00726
104	0.01480	0.01280	0.01510	0.01094	0.01696	0.01008	0.00878	0.01789	0.01458	0.02291	0.01250	0.01480	0.01049	0.00562	0.00614	0.00115	0.04023	0.00431	0.00417	0.75574
