[name]
unknown

[dist]
# distance from previous block
# <min> <max>
0	65

[block]
# block no. 0 follows, 29 sequences, length 89
# corresponding to MSA columns:
# 78-166
name=unknown_A
#
# <colnr> <probs for GDERKNQSTAVLIFYWHMCP>
#	G	D	E	R	K	N	Q	S	T	A	V	L	I	F	Y	W	H	M	C	P
0	0.00997	0.00682	0.00904	0.04095	0.01224	0.00652	0.00731	0.01164	0.01420	0.04045	0.03868	0.58382	0.08127	0.02004	0.00869	0.00276	0.00443	0.04165	0.05335	0.00617
1	0.00887	0.00728	0.00783	0.00785	0.01002	0.00619	0.00576	0.01073	0.01600	0.01986	0.11538	0.15484	0.52131	0.03600	0.00908	0.00252	0.00380	0.01503	0.00657	0.03508
2	0.04201	0.13957	0.49233	0.02032	0.06755	0.01838	0.05298	0.02285	0.04003	0.02233	0.01296	0.01515	0.00968	0.00671	0.00647	0.00215	0.00969	0.00531	0.00327	0.01025
3	0.01904	0.01472	0.01438	0.01281	0.01650	0.10169	0.00999	0.04602	0.25841	0.15137	0.05889	0.06180	0.16039	0.01183	0.00755	0.00233	0.00617	0.02969	0.00693	0.00950
4	0.01303	0.01116	0.01230	0.01260	0.03809	0.10016	0.00919	0.01554	0.01321	0.01827	0.01861	0.02630	0.01690	0.07121	0.46428	0.00819	0.01495	0.00717	0.12210	0.00673
5	0.21113	0.01374	0.01522	0.01238	0.01729	0.01410	0.01009	0.11122	0.11881	0.33604	0.02443	0.02259	0.04474	0.00878	0.00657	0.00223	0.00598	0.00675	0.00723	0.01068
6	0.01469	0.01434	0.02484	0.50149	0.04231	0.01715	0.12833	0.03876	0.01481	0.01962	0.01265	0.01852	0.00977	0.00767	0.00945	0.00247	0.10481	0.00666	0.00335	0.00830
7	0.02186	0.48687	0.03103	0.01437	0.01966	0.25233	0.01276	0.05417	0.01720	0.01827	0.01059	0.01214	0.00929	0.00661	0.00529	0.00165	0.00932	0.00418	0.00344	0.00899
8	0.12628	0.01299	0.01952	0.55403	0.04073	0.01590	0.01728	0.01851	0.01376	0.02033	0.01207	0.01753	0.00928	0.00727	0.00759	0.00233	0.05113	0.00587	0.00339	0.04420
9	0.02518	0.04182	0.05999	0.01297	0.01787	0.01192	0.01111	0.08927	0.03591	0.43139	0.04397	0.14188	0.02242	0.01094	0.00738	0.00229	0.00617	0.00916	0.00765	0.01071
10	0.00890	0.00622	0.00829	0.00982	0.01020	0.00584	0.00652	0.00990	0.01332	0.01777	0.03746	0.68888	0.04480	0.04612	0.01084	0.03956	0.00432	0.01927	0.00637	0.00561
11	0.01708	0.01797	0.04524	0.05877	0.07575	0.10820	0.17977	0.04434	0.01595	0.02160	0.01514	0.02180	0.01299	0.01022	0.03289	0.00266	0.16092	0.04552	0.08054	0.03265
12	0.06985	0.01462	0.02079	0.09530	0.02406	0.01526	0.13702	0.21909	0.02035	0.02845	0.02042	0.14228	0.01921	0.03891	0.00866	0.00252	0.00775	0.04783	0.00542	0.06221
13	0.75178	0.01367	0.01085	0.00957	0.01405	0.01563	0.00788	0.02180	0.01264	0.07458	0.01106	0.01236	0.00833	0.00675	0.00458	0.00220	0.00554	0.00406	0.00468	0.00799
14	0.01674	0.01648	0.02567	0.22824	0.46485	0.05841	0.02030	0.02090	0.01591	0.02141	0.01485	0.01927	0.03183	0.00697	0.00707	0.00218	0.00885	0.00650	0.00353	0.01002
15	0.01709	0.01216	0.01764	0.04228	0.20709	0.01238	0.01293	0.02190	0.09017	0.14814	0.11008	0.15442	0.05649	0.01187	0.00863	0.00239	0.04860	0.01030	0.00607	0.00936
16	0.00868	0.00620	0.00826	0.00991	0.01033	0.00578	0.00661	0.00991	0.01363	0.01818	0.03925	0.74510	0.04710	0.02231	0.00909	0.00289	0.00413	0.02024	0.00661	0.00578
17	0.01558	0.01558	0.02181	0.01869	0.01869	0.02181	0.01558	0.01714	0.01091	0.01714	0.00935	0.01558	0.00935	0.01246	0.02337	0.00312	0.73672	0.00623	0.00312	0.00779
18	0.05389	0.01263	0.01664	0.01280	0.01828	0.01132	0.01057	0.07300	0.02092	0.65082	0.02691	0.02344	0.01701	0.00873	0.00708	0.00220	0.00615	0.00702	0.00858	0.01199
19	0.01583	0.01527	0.02216	0.13046	0.02420	0.02023	0.04448	0.06021	0.01322	0.01937	0.01151	0.03898	0.01078	0.01140	0.01869	0.00290	0.52191	0.00679	0.00351	0.00810
20	0.00868	0.00620	0.00826	0.00991	0.01033	0.00578	0.00661	0.00991	0.01363	0.01818	0.03925	0.74510	0.04710	0.02231	0.00909	0.00289	0.00413	0.02024	0.00661	0.00578
21	0.00951	0.00775	0.00847	0.00820	0.01050	0.00698	0.00618	0.01296	0.06103	0.02269	0.25653	0.06126	0.46962	0.01646	0.00834	0.00236	0.00366	0.01394	0.00702	0.00656
22	0.01247	0.01034	0.01130	0.01052	0.01333	0.01071	0.00804	0.02177	0.27723	0.02601	0.23920	0.04793	0.25553	0.01380	0.00796	0.00236	0.00431	0.01172	0.00721	0.00824
23	0.02353	0.02450	0.04066	0.01851	0.07129	0.30031	0.01385	0.23178	0.10649	0.02821	0.01903	0.01963	0.05353	0.00856	0.00692	0.00207	0.00944	0.00636	0.00534	0.00999
24	0.80005	0.01377	0.01047	0.00936	0.01377	0.01597	0.00771	0.02093	0.01212	0.03195	0.00991	0.01157	0.00771	0.00661	0.00441	0.00220	0.00551	0.00386	0.00441	0.00771
25	0.01008	0.00743	0.00915	0.00987	0.01099	0.00719	0.00688	0.05540	0.01504	0.01976	0.04078	0.49341	0.14931	0.06964	0.05656	0.00357	0.00544	0.01700	0.00632	0.00619
26	0.02972	0.01239	0.01621	0.01257	0.01775	0.01122	0.01033	0.09347	0.02131	0.58751	0.05119	0.02474	0.01894	0.00897	0.00709	0.00217	0.00598	0.00727	0.04956	0.01163
27	0.01632	0.01428	0.02358	0.50877	0.04202	0.01669	0.09685	0.08893	0.01675	0.05779	0.01401	0.01896	0.01034	0.00743	0.00791	0.00237	0.03768	0.00662	0.00392	0.00877
28	0.01389	0.01035	0.01295	0.07999	0.03078	0.01098	0.00948	0.15690	0.03659	0.02361	0.02799	0.36765	0.03054	0.11119	0.01257	0.03177	0.00600	0.01353	0.00593	0.00733
29	0.02055	0.01878	0.01714	0.01505	0.01929	0.14902	0.01170	0.07350	0.46048	0.06376	0.02410	0.02276	0.01807	0.00891	0.00699	0.00222	0.00712	0.00708	0.00651	0.04697
30	0.01482	0.04115	0.02070	0.16768	0.02460	0.05851	0.04327	0.01752	0.01356	0.01872	0.07987	0.04332	0.01686	0.01391	0.06462	0.00329	0.33877	0.00735	0.00380	0.00770
31	0.00945	0.00703	0.00803	0.00814	0.00931	0.00655	0.00548	0.01077	0.01405	0.01816	0.12548	0.12680	0.27340	0.28603	0.05665	0.00455	0.00565	0.01321	0.00578	0.00548
32	0.05040	0.01263	0.01667	0.01281	0.01830	0.01130	0.01058	0.07306	0.02096	0.65391	0.02699	0.02350	0.01705	0.00874	0.00709	0.00220	0.00615	0.00704	0.00860	0.01201
33	0.02710	0.01756	0.01961	0.01529	0.02074	0.01884	0.01255	0.45362	0.10879	0.19882	0.02108	0.01989	0.01455	0.00874	0.00715	0.00219	0.00716	0.00678	0.00753	0.01201
34	0.01878	0.01912	0.02778	0.04043	0.61714	0.10781	0.02081	0.02270	0.01673	0.02251	0.01309	0.01701	0.01101	0.00647	0.00697	0.00208	0.00902	0.00612	0.00354	0.01089
35	0.00887	0.00631	0.00829	0.00970	0.01015	0.00592	0.00644	0.01013	0.01373	0.01840	0.07274	0.65685	0.04657	0.07601	0.01107	0.00316	0.00430	0.01912	0.00650	0.00572
36	0.00932	0.00761	0.00879	0.00922	0.03516	0.00668	0.00657	0.01171	0.01737	0.02214	0.25087	0.06263	0.47328	0.01666	0.00841	0.00237	0.00380	0.03413	0.00685	0.00642
37	0.09489	0.01444	0.01686	0.01348	0.01863	0.01469	0.01099	0.16121	0.15782	0.38332	0.02453	0.02220	0.01651	0.00874	0.00693	0.00223	0.00627	0.00691	0.00778	0.01156
38	0.01014	0.00690	0.00803	0.00834	0.00858	0.00681	0.00508	0.01056	0.01135	0.01501	0.02733	0.13839	0.05448	0.58640	0.03018	0.00601	0.00641	0.05049	0.00483	0.00470
39	0.01017	0.00763	0.01144	0.01144	0.01272	0.00890	0.00890	0.01272	0.01144	0.01653	0.01907	0.02797	0.01780	0.05340	0.72153	0.01144	0.01907	0.00763	0.00381	0.00636
40	0.01943	0.01233	0.01448	0.01250	0.01628	0.01285	0.00983	0.05177	0.30566	0.20235	0.22266	0.03335	0.03350	0.01082	0.00755	0.00230	0.00516	0.00916	0.00781	0.01020
41	0.01724	0.08602	0.50076	0.01781	0.02662	0.01658	0.02146	0.06821	0.01678	0.09345	0.01504	0.01653	0.01067	0.00714	0.00655	0.00215	0.00923	0.00551	0.05181	0.01045
42	0.01331	0.00734	0.00763	0.02759	0.01010	0.00751	0.00578	0.01758	0.05448	0.02616	0.02553	0.02828	0.04986	0.00879	0.00533	0.00176	0.00364	0.00710	0.68531	0.00691
43	0.47666	0.01486	0.01729	0.10205	0.15047	0.01661	0.04117	0.06281	0.01470	0.02912	0.01155	0.01427	0.00901	0.00672	0.00557	0.00221	0.00696	0.00498	0.00423	0.00877
44	0.01734	0.01997	0.08113	0.02924	0.14880	0.04761	0.41817	0.05687	0.01781	0.02414	0.05522	0.02030	0.01414	0.00682	0.00791	0.00229	0.01059	0.00783	0.00399	0.00986
45	0.00956	0.00727	0.00894	0.00954	0.01092	0.00674	0.00673	0.01231	0.05082	0.02087	0.15251	0.44711	0.16346	0.01899	0.00862	0.00261	0.00403	0.01688	0.00676	0.03536
46	0.02196	0.01650	0.01873	0.05875	0.04722	0.03789	0.01270	0.34695	0.09162	0.07865	0.05543	0.06657	0.01827	0.00972	0.00789	0.00222	0.03855	0.00771	0.03003	0.03263
47	0.01619	0.30787	0.02543	0.01426	0.01746	0.06833	0.03447	0.01819	0.01401	0.01753	0.01967	0.10972	0.08133	0.01113	0.01102	0.00228	0.21139	0.00783	0.00392	0.00800
48	0.03067	0.01184	0.01612	0.01245	0.01774	0.01025	0.01025	0.03346	0.02037	0.67052	0.06736	0.02592	0.02052	0.00915	0.00723	0.00221	0.00590	0.00749	0.00876	0.01180
49	0.01372	0.01293	0.02185	0.68778	0.09178	0.01589	0.01991	0.01843	0.01437	0.01852	0.01270	0.01890	0.00961	0.00707	0.00711	0.00236	0.00942	0.00633	0.00319	0.00813
50	0.01710	0.01666	0.02750	0.07552	0.55139	0.03998	0.05978	0.02131	0.01644	0.02289	0.04076	0.02170	0.01451	0.00729	0.00728	0.00219	0.00860	0.03476	0.00381	0.01052
51	0.00990	0.00673	0.00892	0.00972	0.01069	0.00623	0.00678	0.01183	0.01582	0.04515	0.23776	0.51248	0.05211	0.01952	0.00881	0.00267	0.00397	0.01758	0.00705	0.00628
52	0.01036	0.00690	0.00777	0.00777	0.00777	0.00690	0.00431	0.01036	0.01036	0.01381	0.02244	0.04660	0.02589	0.74975	0.03624	0.00690	0.00690	0.01036	0.00431	0.00431
53	0.01904	0.75404	0.03731	0.01218	0.01828	0.02818	0.01218	0.02132	0.01447	0.01675	0.00990	0.01142	0.00914	0.00609	0.00457	0.00152	0.00761	0.00381	0.00305	0.00914
54	0.09804	0.02289	0.24960	0.07228	0.35634	0.01666	0.04025	0.02180	0.01530	0.02363	0.01282	0.01627	0.01005	0.00654	0.00672	0.00219	0.00898	0.00579	0.00343	0.01042
55	0.00910	0.00743	0.00817	0.00854	0.01077	0.00650	0.00677	0.01124	0.01627	0.01970	0.06441	0.07117	0.55404	0.01840	0.00873	0.00260	0.00427	0.15915	0.00660	0.00613
56	0.01477	0.01266	0.01477	0.01055	0.01687	0.00949	0.00844	0.01793	0.01477	0.02320	0.01266	0.01477	0.01055	0.00527	0.00527	0.00105	0.00527	0.00422	0.00422	0.79328
57	0.01726	0.01910	0.08466	0.03448	0.40787	0.03889	0.15390	0.02365	0.08493	0.02347	0.01567	0.03580	0.01285	0.00706	0.00735	0.00222	0.00909	0.00712	0.00395	0.01065
58	0.01888	0.01568	0.01856	0.18237	0.02644	0.01788	0.01365	0.19257	0.33037	0.03046	0.02126	0.02175	0.01583	0.00853	0.00707	0.00226	0.00706	0.00702	0.00609	0.05629
59	0.02395	0.28606	0.02618	0.01619	0.02070	0.47854	0.01321	0.02594	0.01818	0.01719	0.01062	0.01234	0.00916	0.00690	0.00577	0.00173	0.01101	0.00431	0.00345	0.00856
60	0.01029	0.00818	0.00925	0.00872	0.01103	0.00757	0.00654	0.02966	0.05181	0.02273	0.23863	0.05498	0.36337	0.06067	0.05248	0.00310	0.00493	0.01272	0.00661	0.03673
61	0.01634	0.01420	0.02045	0.41216	0.03570	0.01706	0.01667	0.15079	0.01754	0.02361	0.01350	0.01844	0.01055	0.01068	0.05075	0.00287	0.10274	0.00628	0.00405	0.05563
62	0.14315	0.01334	0.02079	0.54494	0.04137	0.01621	0.05609	0.01887	0.01391	0.02068	0.01218	0.01764	0.00927	0.00718	0.00738	0.00238	0.03723	0.00604	0.00339	0.00797
63	0.01252	0.00661	0.00971	0.05118	0.01149	0.00679	0.00685	0.01055	0.01015	0.01417	0.01351	0.02200	0.01281	0.02201	0.02426	0.66504	0.00608	0.00624	0.08428	0.00374
64	0.01131	0.00850	0.00936	0.00883	0.01130	0.00795	0.00663	0.01572	0.10338	0.05846	0.19386	0.05623	0.40305	0.06173	0.00995	0.00264	0.00415	0.01298	0.00692	0.00705
65	0.01649	0.00936	0.01205	0.01039	0.01327	0.00875	0.00811	0.06848	0.02121	0.19002	0.49200	0.04368	0.05141	0.01276	0.00801	0.00222	0.00433	0.01105	0.00801	0.00839
66	0.00912	0.00660	0.00871	0.01024	0.01100	0.00620	0.00732	0.01073	0.01428	0.01877	0.04146	0.58505	0.09517	0.02155	0.00916	0.00292	0.00449	0.12468	0.00660	0.00593
67	0.00922	0.00776	0.00807	0.00800	0.01038	0.00691	0.00599	0.01245	0.06660	0.02051	0.10434	0.09999	0.57997	0.01743	0.00836	0.00242	0.00377	0.01466	0.00673	0.00643
68	0.74359	0.01393	0.01125	0.03769	0.01542	0.01617	0.00838	0.04297	0.01292	0.03185	0.01026	0.01204	0.00793	0.00669	0.00460	0.00221	0.00574	0.00404	0.00445	0.00787
69	0.02968	0.01262	0.01646	0.01296	0.01823	0.01162	0.01059	0.03520	0.12732	0.60199	0.02823	0.02461	0.01828	0.00895	0.00717	0.00224	0.00599	0.00730	0.00856	0.01198
70	0.01127	0.00722	0.00944	0.00944	0.01073	0.00793	0.00712	0.01386	0.01256	0.01978	0.02082	0.02914	0.01868	0.09990	0.41006	0.00762	0.01248	0.00753	0.27814	0.00627
71	0.02987	0.01340	0.01699	0.01317	0.01851	0.01262	0.01083	0.14643	0.04856	0.54372	0.02604	0.02317	0.01685	0.00878	0.00708	0.00218	0.00625	0.00705	0.03660	0.01189
72	0.01382	0.01315	0.02255	0.66609	0.08788	0.01596	0.04369	0.01858	0.01445	0.01866	0.01276	0.01891	0.00965	0.00703	0.00716	0.00236	0.00952	0.00640	0.00320	0.00817
73	0.01637	0.01453	0.01652	0.22594	0.02503	0.10872	0.01302	0.06569	0.01597	0.02228	0.01559	0.02002	0.01251	0.00991	0.03096	0.00247	0.12913	0.00622	0.24131	0.00780
74	0.76370	0.01484	0.04296	0.00987	0.01456	0.01600	0.00857	0.02101	0.01225	0.03151	0.01005	0.01173	0.00777	0.00662	0.00452	0.00221	0.00574	0.00392	0.00434	0.00784
75	0.01029	0.00717	0.00914	0.00914	0.00961	0.00765	0.00603	0.01124	0.01076	0.01482	0.02118	0.03964	0.02287	0.48976	0.29211	0.00860	0.01145	0.00934	0.00413	0.00508
76	0.01112	0.00882	0.01288	0.01240	0.01349	0.01082	0.00980	0.01353	0.01148	0.01697	0.01771	0.02601	0.01651	0.04551	0.58880	0.00982	0.12949	0.00738	0.03087	0.00659
77	0.01664	0.09158	0.15553	0.06751	0.03371	0.04257	0.41431	0.02235	0.01616	0.02174	0.01341	0.01734	0.01019	0.00623	0.00749	0.00222	0.01095	0.00700	0.00345	0.03961
78	0.01459	0.07314	0.50112	0.02024	0.02877	0.01704	0.10364	0.02135	0.01486	0.02161	0.01430	0.06249	0.01172	0.00800	0.00806	0.00233	0.05698	0.00659	0.00332	0.00985
79	0.02987	0.01312	0.01691	0.01306	0.01838	0.01216	0.01075	0.13989	0.02252	0.56104	0.06555	0.02475	0.01961	0.00910	0.00723	0.00219	0.00619	0.00737	0.00848	0.01180
80	0.00937	0.00682	0.00897	0.01035	0.01131	0.00642	0.00764	0.01124	0.01484	0.01947	0.07088	0.48803	0.11462	0.02091	0.00917	0.00290	0.00462	0.16978	0.00665	0.00603
81	0.16868	0.20189	0.06299	0.01353	0.01858	0.06652	0.01210	0.12445	0.07835	0.09219	0.01527	0.01611	0.01168	0.00770	0.00667	0.00204	0.04550	0.00531	0.04082	0.00963
82	0.01162	0.00757	0.00962	0.00905	0.01093	0.00689	0.00670	0.01436	0.01857	0.08270	0.47504	0.10279	0.13572	0.06437	0.01021	0.00262	0.00391	0.01303	0.00745	0.00686
83	0.01036	0.00690	0.00777	0.00777	0.00777	0.00690	0.00431	0.01036	0.01036	0.01381	0.02244	0.04660	0.02589	0.74975	0.03624	0.00690	0.00690	0.01036	0.00431	0.00431
84	0.07662	0.01494	0.01822	0.15205	0.04874	0.01701	0.01329	0.26668	0.06401	0.05421	0.01766	0.05697	0.01423	0.01068	0.02628	0.02545	0.05455	0.00709	0.05177	0.00957
85	0.01428	0.03683	0.71286	0.02030	0.03082	0.01654	0.02631	0.02255	0.01503	0.02255	0.01278	0.01503	0.00902	0.00677	0.00677	0.00226	0.01052	0.00526	0.00301	0.01052
86	0.01137	0.00812	0.01135	0.01299	0.01458	0.00810	0.01129	0.01457	0.01629	0.02119	0.03776	0.10580	0.04121	0.01977	0.00981	0.00326	0.00646	0.63298	0.00656	0.00653
87	0.01717	0.01950	0.03416	0.06303	0.03262	0.10981	0.46628	0.02196	0.01650	0.02113	0.01529	0.06191	0.01286	0.00904	0.03200	0.00268	0.04302	0.00838	0.00375	0.00892
88	0.04318	0.01637	0.04532	0.23808	0.13112	0.08162	0.01573	0.05484	0.08730	0.13327	0.03941	0.02249	0.04393	0.00828	0.00706	0.00224	0.00811	0.00693	0.00509	0.00964

[dist]
# distance from previous block
# <min> <max>
5	7

[block]
# block no. 1 follows, 29 sequences, length 267
# corresponding to MSA columns:
# 174-440
name=unknown_B
#
# <colnr> <probs for GDERKNQSTAVLIFYWHMCP>
#	G	D	E	R	K	N	Q	S	T	A	V	L	I	F	Y	W	H	M	C	P
0	0.02386	0.20999	0.02399	0.01637	0.02059	0.48387	0.01310	0.05163	0.01882	0.01830	0.01141	0.01347	0.00974	0.00956	0.04451	0.00229	0.01169	0.00463	0.00366	0.00852
1	0.01828	0.01753	0.08434	0.05247	0.28817	0.08046	0.03892	0.02222	0.01757	0.11925	0.11682	0.02661	0.06853	0.00883	0.00732	0.00217	0.00782	0.00780	0.00505	0.00984
2	0.01018	0.00707	0.00848	0.00848	0.00890	0.00725	0.00532	0.01083	0.01098	0.01473	0.02517	0.04432	0.07072	0.55799	0.17358	0.00752	0.00915	0.01012	0.00437	0.00485
3	0.00978	0.00726	0.00913	0.00883	0.01059	0.00661	0.00664	0.01278	0.01909	0.02628	0.54368	0.08336	0.17681	0.01563	0.00848	0.00233	0.00354	0.03509	0.00753	0.00655
4	0.00887	0.00697	0.00781	0.00809	0.00975	0.00614	0.00575	0.01060	0.01566	0.01978	0.14582	0.21303	0.41130	0.08455	0.01107	0.00290	0.00399	0.01546	0.00657	0.00590
5	0.01477	0.01266	0.01477	0.01055	0.01687	0.00949	0.00844	0.01793	0.01477	0.02320	0.01266	0.01477	0.01055	0.00527	0.00527	0.00105	0.00527	0.00422	0.00422	0.79328
6	0.02658	0.01968	0.02137	0.04214	0.02305	0.02186	0.01376	0.65773	0.03279	0.04392	0.01694	0.01716	0.01202	0.00850	0.00712	0.00215	0.00790	0.00641	0.00698	0.01196
7	0.01071	0.00737	0.00926	0.00894	0.01079	0.00665	0.00664	0.01345	0.01852	0.06100	0.45373	0.14707	0.18724	0.01598	0.00843	0.00236	0.00365	0.01399	0.00748	0.00674
8	0.00868	0.00620	0.00826	0.00991	0.01033	0.00578	0.00661	0.00991	0.01363	0.01818	0.03925	0.74510	0.04710	0.02231	0.00909	0.00289	0.00413	0.02024	0.00661	0.00578
9	0.01728	0.01657	0.02828	0.10054	0.65119	0.01683	0.02168	0.02155	0.01605	0.02284	0.01333	0.01774	0.01113	0.00641	0.00706	0.00214	0.00854	0.00634	0.00349	0.01100
10	0.03083	0.01187	0.01617	0.01248	0.01779	0.01027	0.01027	0.03361	0.02037	0.67528	0.06265	0.02572	0.02017	0.00911	0.00722	0.00221	0.00592	0.00745	0.00876	0.01184
11	0.01614	0.00941	0.00970	0.00866	0.01116	0.00985	0.00676	0.15494	0.01879	0.03036	0.02195	0.02458	0.01697	0.00835	0.00542	0.00176	0.00426	0.00659	0.62655	0.00778
12	0.60495	0.01346	0.01293	0.15198	0.02095	0.01566	0.01023	0.02111	0.01297	0.06473	0.01141	0.01369	0.00858	0.00683	0.00508	0.00224	0.00632	0.00452	0.00439	0.00798
13	0.01700	0.01817	0.02246	0.18975	0.02746	0.13845	0.05034	0.01959	0.01357	0.01773	0.01068	0.01612	0.00943	0.00999	0.01585	0.00268	0.40341	0.00609	0.00325	0.00799
14	0.00932	0.00660	0.00852	0.00931	0.01000	0.00621	0.00627	0.01093	0.01484	0.02024	0.21333	0.44712	0.04902	0.13821	0.01331	0.00337	0.00437	0.01667	0.00657	0.00580
15	0.10216	0.01411	0.01416	0.03341	0.01641	0.06971	0.00975	0.23637	0.02071	0.02891	0.05848	0.22893	0.02553	0.07359	0.00974	0.00273	0.00652	0.01061	0.02987	0.00831
16	0.01807	0.63056	0.12516	0.01322	0.01971	0.02589	0.01391	0.02115	0.01442	0.01751	0.01064	0.01254	0.00946	0.00803	0.03285	0.00201	0.00844	0.00415	0.00307	0.00921
17	0.01342	0.01203	0.02006	0.26022	0.08207	0.01312	0.10895	0.03552	0.01464	0.01952	0.04497	0.10832	0.04279	0.10925	0.01321	0.04440	0.03655	0.00929	0.00420	0.00745
18	0.04360	0.02018	0.21598	0.26142	0.05527	0.01554	0.10147	0.04329	0.04257	0.02245	0.03947	0.02294	0.06894	0.00811	0.00723	0.00232	0.00903	0.00718	0.00396	0.00904
19	0.01664	0.01315	0.01464	0.05051	0.01785	0.01481	0.01026	0.04851	0.44079	0.06101	0.02805	0.03088	0.04822	0.13626	0.03389	0.00343	0.00646	0.00852	0.00648	0.00963
20	0.80005	0.01377	0.01047	0.00936	0.01377	0.01597	0.00771	0.02093	0.01212	0.03195	0.00991	0.01157	0.00771	0.00661	0.00441	0.00220	0.00551	0.00386	0.00441	0.00771
21	0.01541	0.02787	0.41189	0.08013	0.24493	0.01668	0.05861	0.02203	0.01544	0.02247	0.01305	0.01636	0.00986	0.00662	0.00697	0.00223	0.00988	0.00584	0.00321	0.01052
22	0.01527	0.01595	0.05645	0.02609	0.30474	0.07339	0.03584	0.01953	0.04339	0.02182	0.02996	0.03852	0.15806	0.01122	0.00778	0.00237	0.00762	0.11814	0.00481	0.00905
23	0.00926	0.00716	0.00852	0.00917	0.01073	0.00654	0.00675	0.01168	0.03395	0.02046	0.13169	0.31277	0.30514	0.01910	0.00876	0.00265	0.00411	0.07858	0.00677	0.00621
24	0.01558	0.01558	0.02181	0.01869	0.01869	0.02181	0.01558	0.01714	0.01091	0.01714	0.00935	0.01558	0.00935	0.01246	0.02337	0.00312	0.73672	0.00623	0.00312	0.00779
25	0.16666	0.01199	0.01255	0.01066	0.01446	0.01265	0.00854	0.12071	0.09444	0.16693	0.02146	0.02190	0.01565	0.00827	0.00588	0.00202	0.00520	0.00635	0.28442	0.00925
26	0.01032	0.00755	0.00998	0.03799	0.01257	0.00731	0.00759	0.03632	0.01773	0.02445	0.36943	0.32144	0.05424	0.01725	0.00862	0.00253	0.00417	0.03682	0.00711	0.00659
27	0.00956	0.00720	0.00826	0.00799	0.01000	0.00639	0.00599	0.01221	0.01798	0.02417	0.36484	0.05818	0.35247	0.01567	0.00815	0.00227	0.00347	0.01339	0.06540	0.00639
28	0.00879	0.00628	0.00836	0.00984	0.01035	0.00586	0.00662	0.01020	0.01416	0.01902	0.09276	0.68920	0.04872	0.02168	0.00903	0.00284	0.00407	0.01965	0.00671	0.00586
29	0.01694	0.01622	0.02767	0.15657	0.59782	0.01674	0.02151	0.02125	0.01589	0.02243	0.01327	0.01785	0.01099	0.00647	0.00706	0.00216	0.00863	0.00634	0.00347	0.01073
30	0.01776	0.01642	0.01688	0.01615	0.06744	0.15939	0.03940	0.08025	0.01680	0.02299	0.01727	0.05802	0.01531	0.05657	0.01134	0.00247	0.14115	0.00711	0.22933	0.00796
31	0.05397	0.02105	0.12659	0.01691	0.03963	0.01938	0.01502	0.46805	0.02760	0.06339	0.01793	0.04959	0.01387	0.00902	0.00711	0.00222	0.00792	0.02316	0.00632	0.01126
32	0.01027	0.00692	0.00799	0.00803	0.00817	0.00691	0.00468	0.01057	0.01102	0.01482	0.05784	0.07393	0.02858	0.66091	0.05577	0.00665	0.00700	0.01079	0.00457	0.00456
33	0.04165	0.03603	0.68839	0.01991	0.03023	0.01652	0.02566	0.02249	0.01493	0.02288	0.01268	0.01491	0.00897	0.00676	0.00668	0.00225	0.01035	0.00521	0.00306	0.01043
34	0.01891	0.05188	0.01630	0.01271	0.01615	0.01575	0.00985	0.31118	0.09613	0.02995	0.02345	0.06713	0.05877	0.18181	0.01499	0.04467	0.00683	0.00861	0.00601	0.00889
35	0.01904	0.75404	0.03731	0.01218	0.01828	0.02818	0.01218	0.02132	0.01447	0.01675	0.00990	0.01142	0.00914	0.00609	0.00457	0.00152	0.00761	0.00381	0.00305	0.00914
36	0.05290	0.04038	0.01668	0.01260	0.01739	0.01304	0.01031	0.16861	0.02208	0.36017	0.11512	0.06226	0.02366	0.00989	0.00714	0.00216	0.00598	0.00807	0.00764	0.04390
37	0.01029	0.00713	0.00890	0.00888	0.00931	0.00747	0.00574	0.01117	0.01109	0.01522	0.05053	0.04151	0.02533	0.51770	0.23246	0.00801	0.01026	0.00968	0.00432	0.00501
38	0.00973	0.00727	0.00904	0.00860	0.01043	0.00657	0.00645	0.01277	0.01934	0.02661	0.57056	0.05638	0.19942	0.01528	0.00840	0.00227	0.00341	0.01333	0.00758	0.00657
39	0.03973	0.01470	0.01380	0.01208	0.01527	0.11570	0.00939	0.16339	0.07218	0.02952	0.28082	0.03693	0.11341	0.01175	0.00750	0.00217	0.00598	0.00963	0.03765	0.00840
40	0.02667	0.01975	0.02114	0.01630	0.02193	0.02190	0.01344	0.65404	0.06168	0.04423	0.01760	0.01750	0.01252	0.00860	0.00713	0.00215	0.00774	0.00648	0.00713	0.01207
41	0.05380	0.01456	0.01782	0.01370	0.01924	0.01418	0.01132	0.23170	0.02413	0.48658	0.02418	0.02167	0.01564	0.00867	0.00707	0.00218	0.00658	0.00683	0.00816	0.01198
42	0.00867	0.00623	0.00822	0.00981	0.01030	0.00579	0.00657	0.00993	0.01373	0.01822	0.04047	0.71995	0.07146	0.02215	0.00906	0.00287	0.00411	0.02005	0.00661	0.00579
43	0.00858	0.00722	0.00744	0.00738	0.00972	0.00608	0.00554	0.01053	0.01661	0.02014	0.13324	0.06704	0.64077	0.01770	0.00841	0.00239	0.00358	0.01482	0.00673	0.00608
44	0.01741	0.61751	0.03223	0.01164	0.01685	0.02433	0.01117	0.01975	0.01486	0.01797	0.08868	0.01796	0.01658	0.03540	0.03057	0.00214	0.00750	0.00520	0.00366	0.00860
45	0.01147	0.00820	0.01147	0.01311	0.01475	0.00820	0.01147	0.01475	0.01639	0.02131	0.03770	0.08032	0.04098	0.01967	0.00984	0.00328	0.00656	0.65741	0.00656	0.00656
46	0.01017	0.00763	0.01144	0.01144	0.01272	0.00890	0.00890	0.01272	0.01144	0.01653	0.01907	0.02797	0.01780	0.05340	0.72153	0.01144	0.01907	0.00763	0.00381	0.00636
47	0.02763	0.01904	0.02081	0.01595	0.02163	0.02074	0.01318	0.60692	0.03197	0.12169	0.01837	0.01792	0.01275	0.00858	0.00713	0.00214	0.00763	0.00650	0.00732	0.01211
48	0.01751	0.01711	0.02772	0.11962	0.60539	0.04429	0.02131	0.02170	0.01615	0.02247	0.01322	0.01759	0.01100	0.00647	0.00703	0.00213	0.00875	0.00627	0.00349	0.01078
49	0.01424	0.00908	0.00834	0.00802	0.00969	0.05638	0.00581	0.04262	0.01525	0.02449	0.02201	0.02862	0.01868	0.13362	0.01045	0.00258	0.00476	0.00712	0.57168	0.00657
50	0.63061	0.01497	0.04876	0.06998	0.01805	0.01587	0.00999	0.04039	0.01350	0.06722	0.01147	0.01320	0.00859	0.00683	0.00498	0.00222	0.00620	0.00438	0.00455	0.00824
51	0.01611	0.02053	0.16938	0.13822	0.21915	0.03600	0.09525	0.04349	0.01545	0.02159	0.01328	0.01858	0.01096	0.04630	0.01076	0.00259	0.10282	0.00650	0.00349	0.00954
52	0.00989	0.00723	0.00928	0.00885	0.01054	0.00662	0.00661	0.01304	0.01958	0.02739	0.62452	0.08145	0.11807	0.01514	0.00843	0.00228	0.00341	0.01334	0.00769	0.00662
53	0.13316	0.05959	0.50595	0.01879	0.05176	0.04650	0.02170	0.02222	0.01498	0.02372	0.03207	0.01548	0.01060	0.00695	0.00637	0.00220	0.00947	0.00522	0.00341	0.00987
54	0.01907	0.10261	0.02773	0.03473	0.48674	0.13695	0.01901	0.02264	0.01669	0.02147	0.01350	0.01843	0.01178	0.00698	0.00677	0.00204	0.00903	0.02985	0.00361	0.01035
55	0.05333	0.01216	0.01636	0.01258	0.01805	0.01062	0.01039	0.03432	0.02015	0.69138	0.02759	0.02388	0.01735	0.00875	0.00708	0.00220	0.00604	0.00707	0.00869	0.01200
56	0.01497	0.01422	0.02461	0.44590	0.25057	0.01600	0.06512	0.01959	0.01505	0.02037	0.01337	0.01883	0.01044	0.00684	0.00711	0.00227	0.00913	0.00649	0.03009	0.00903
57	0.01735	0.01542	0.02577	0.23410	0.41806	0.01627	0.04080	0.04701	0.01657	0.05786	0.01479	0.02012	0.01194	0.00714	0.00720	0.00223	0.00866	0.02457	0.00392	0.01022
58	0.01008	0.00728	0.00952	0.00896	0.01064	0.00672	0.00672	0.01344	0.02016	0.02855	0.70158	0.05319	0.06719	0.01456	0.00840	0.00224	0.00336	0.01288	0.00784	0.00672
59	0.01035	0.00693	0.00790	0.00790	0.00795	0.00698	0.00448	0.01044	0.01040	0.01391	0.02231	0.04591	0.02559	0.72399	0.06159	0.00707	0.00735	0.01025	0.00430	0.00439
60	0.01856	0.53193	0.05859	0.03873	0.01968	0.08317	0.01282	0.04212	0.01524	0.01797	0.01146	0.01398	0.01021	0.01162	0.08497	0.00273	0.00952	0.00453	0.00332	0.00886
61	0.35342	0.14085	0.04208	0.01257	0.01697	0.08109	0.03693	0.04645	0.01514	0.02579	0.04331	0.02266	0.01510	0.00917	0.00658	0.02913	0.00712	0.08314	0.00449	0.00801
62	0.01188	0.00875	0.01163	0.03343	0.01517	0.00895	0.01064	0.03879	0.05055	0.02171	0.03658	0.16059	0.06083	0.04713	0.01041	0.00323	0.00623	0.45024	0.00643	0.00682
63	0.12402	0.03937	0.01314	0.01054	0.01357	0.01035	0.03629	0.04146	0.01808	0.11628	0.33216	0.03873	0.07445	0.06646	0.00945	0.00254	0.00498	0.00983	0.03051	0.00776
64	0.07430	0.15894	0.39531	0.01656	0.02412	0.05555	0.01915	0.02126	0.01544	0.02223	0.05914	0.02210	0.01550	0.00828	0.00655	0.00218	0.00894	0.06131	0.00378	0.00935
65	0.01705	0.01667	0.02874	0.03787	0.52620	0.01683	0.10589	0.02214	0.05147	0.02314	0.01667	0.02038	0.04098	0.00721	0.00793	0.00222	0.03700	0.00707	0.00384	0.01070
66	0.01932	0.72740	0.03668	0.01241	0.01841	0.05381	0.01224	0.02159	0.01468	0.01678	0.00994	0.01147	0.00914	0.00614	0.00464	0.00153	0.00781	0.00384	0.00307	0.00911
67	0.01054	0.00774	0.00960	0.01040	0.01149	0.00764	0.00723	0.05777	0.05189	0.02109	0.07249	0.57636	0.06659	0.04122	0.00958	0.00288	0.00449	0.01778	0.00668	0.00653
68	0.01081	0.00744	0.00975	0.00908	0.01089	0.00684	0.00684	0.01415	0.02016	0.05135	0.67906	0.05222	0.06553	0.01437	0.00836	0.00224	0.00345	0.01269	0.00787	0.00690
69	0.02582	0.01207	0.01546	0.01239	0.01700	0.01132	0.01003	0.08421	0.08208	0.45525	0.16410	0.02974	0.02761	0.01003	0.00742	0.00222	0.00562	0.00834	0.00833	0.01094
70	0.00959	0.00674	0.00878	0.01006	0.01062	0.00650	0.00705	0.01095	0.01344	0.01782	0.03524	0.46237	0.04124	0.18214	0.01522	0.00385	0.00521	0.14149	0.00609	0.00561
71	0.02660	0.03394	0.02018	0.01834	0.02201	0.72116	0.01376	0.02843	0.02018	0.01743	0.01101	0.01284	0.00917	0.00734	0.00642	0.00183	0.01284	0.00459	0.00367	0.00825
72	0.03024	0.01247	0.01649	0.01280	0.01810	0.01123	0.01051	0.06786	0.04954	0.62005	0.05379	0.02509	0.01944	0.00906	0.00721	0.00221	0.00603	0.00738	0.00862	0.01187
73	0.01063	0.00762	0.01041	0.01145	0.01290	0.00740	0.00937	0.01360	0.01699	0.02281	0.22163	0.18062	0.04922	0.01868	0.00932	0.00293	0.00528	0.37576	0.00692	0.00648
74	0.00975	0.00727	0.00907	0.00862	0.01044	0.00658	0.00646	0.01281	0.01939	0.02674	0.57915	0.05617	0.19075	0.01523	0.00840	0.00227	0.00341	0.01330	0.00760	0.00658
75	0.02589	0.01773	0.01956	0.01535	0.02054	0.01921	0.01253	0.53015	0.04803	0.12317	0.02058	0.07828	0.01593	0.00975	0.00729	0.00221	0.00725	0.00769	0.00729	0.01157
76	0.80005	0.01377	0.01047	0.00936	0.01377	0.01597	0.00771	0.02093	0.01212	0.03195	0.00991	0.01157	0.00771	0.00661	0.00441	0.00220	0.00551	0.00386	0.00441	0.00771
77	0.01044	0.00748	0.01070	0.01070	0.01188	0.00853	0.00814	0.01279	0.01162	0.01706	0.01973	0.02968	0.01863	0.11784	0.59744	0.01022	0.01663	0.00782	0.06650	0.00618
78	0.02190	0.00980	0.01312	0.01092	0.01460	0.00868	0.00867	0.02482	0.01973	0.39510	0.27824	0.07357	0.03760	0.01164	0.00764	0.00223	0.00485	0.00996	0.03735	0.00957
79	0.01817	0.02097	0.03489	0.05355	0.03268	0.13733	0.45474	0.02284	0.01651	0.02098	0.01310	0.01765	0.01029	0.00712	0.00998	0.00240	0.10682	0.00739	0.00353	0.00907
80	0.01771	0.01943	0.02275	0.07121	0.04822	0.20218	0.12275	0.02058	0.01538	0.01895	0.01629	0.02201	0.04781	0.01209	0.05016	0.00294	0.22310	0.03172	0.02662	0.00809
81	0.58245	0.01439	0.01337	0.09744	0.01923	0.01659	0.01000	0.10693	0.01539	0.05174	0.01171	0.01355	0.00879	0.00699	0.00517	0.00222	0.00631	0.00458	0.00474	0.00844
82	0.01244	0.00953	0.01471	0.01299	0.01533	0.00899	0.12051	0.03360	0.01517	0.05697	0.03498	0.27860	0.12668	0.13725	0.01309	0.00332	0.00619	0.05648	0.03634	0.00683
83	0.02174	0.01076	0.01394	0.01131	0.01534	0.00974	0.00905	0.07200	0.02091	0.34595	0.29866	0.03487	0.03685	0.01091	0.00755	0.00215	0.00505	0.00924	0.00803	0.05597
84	0.01944	0.19835	0.15937	0.04506	0.16870	0.20220	0.01769	0.02385	0.03992	0.01994	0.01222	0.01471	0.01004	0.00697	0.00681	0.00198	0.03454	0.00514	0.00345	0.00962
85	0.01454	0.07515	0.67677	0.01986	0.03015	0.01716	0.02555	0.02248	0.01500	0.02224	0.01262	0.01484	0.00903	0.00673	0.00665	0.00222	0.01037	0.00518	0.00301	0.01045
86	0.15244	0.01238	0.01557	0.01215	0.01749	0.01133	0.01003	0.03254	0.01908	0.60385	0.02524	0.02225	0.01607	0.00847	0.00673	0.00220	0.00597	0.00664	0.00812	0.01143
87	0.00885	0.00633	0.00815	0.00954	0.01001	0.00592	0.00629	0.00998	0.01340	0.01775	0.03907	0.63283	0.07837	0.10286	0.01207	0.00331	0.00441	0.01888	0.00636	0.00563
88	0.10577	0.07786	0.01801	0.06291	0.03945	0.21125	0.01163	0.14179	0.02001	0.02549	0.08315	0.05554	0.09906	0.00991	0.00678	0.00210	0.00801	0.00761	0.00515	0.00853
89	0.00868	0.00620	0.00826	0.00991	0.01033	0.00578	0.00661	0.00991	0.01363	0.01818	0.03925	0.74510	0.04710	0.02231	0.00909	0.00289	0.00413	0.02024	0.00661	0.00578
90	0.01001	0.00727	0.00945	0.00907	0.01073	0.00671	0.00683	0.01323	0.01963	0.02755	0.62874	0.08048	0.09031	0.01516	0.00848	0.00231	0.00351	0.03619	0.00770	0.00665
91	0.04279	0.03038	0.50263	0.02411	0.14291	0.01629	0.06829	0.02194	0.01520	0.02286	0.01384	0.04188	0.01084	0.00720	0.00692	0.00226	0.00987	0.00614	0.00331	0.01032
92	0.01841	0.15170	0.27723	0.02320	0.13506	0.12349	0.09126	0.05863	0.01707	0.02215	0.01254	0.01507	0.00978	0.00668	0.00658	0.00206	0.01006	0.00549	0.00348	0.01006
93	0.01156	0.00841	0.01142	0.01275	0.01452	0.00845	0.01101	0.01550	0.04524	0.02198	0.07327	0.07621	0.06458	0.01892	0.00960	0.00316	0.00625	0.57378	0.00666	0.00675
94	0.04448	0.01830	0.05711	0.03698	0.42800	0.01725	0.24714	0.02217	0.01623	0.02338	0.01360	0.01786	0.01091	0.00625	0.00741	0.00222	0.00965	0.00693	0.00356	0.01055
95	0.05313	0.00893	0.01179	0.01223	0.04019	0.00879	0.03088	0.04264	0.03971	0.04822	0.15466	0.36149	0.05947	0.05446	0.00980	0.00282	0.00502	0.04221	0.00650	0.00706
96	0.01180	0.00904	0.01363	0.03371	0.01586	0.00866	0.07823	0.01480	0.04147	0.04367	0.05977	0.31926	0.08964	0.01758	0.00972	0.04327	0.00579	0.14383	0.00607	0.03418
97	0.67745	0.07455	0.01302	0.03478	0.01525	0.01661	0.00846	0.02058	0.01270	0.03008	0.03695	0.01343	0.01021	0.00689	0.00467	0.00215	0.00574	0.00429	0.00438	0.00780
98	0.03349	0.00743	0.00885	0.00933	0.01111	0.00686	0.00719	0.01208	0.01649	0.02184	0.19308	0.19371	0.28968	0.01807	0.00870	0.00263	0.00429	0.14210	0.00680	0.00628
99	0.01739	0.01713	0.02680	0.10149	0.57764	0.05786	0.02050	0.02142	0.01627	0.02230	0.01568	0.01962	0.04029	0.00697	0.00708	0.00213	0.00860	0.00661	0.00363	0.01058
100	0.01551	0.01259	0.01477	0.01076	0.01682	0.00973	0.00858	0.03616	0.01544	0.04914	0.01433	0.04220	0.01220	0.00612	0.00553	0.00119	0.00533	0.00498	0.00456	0.71403
101	0.02407	0.27481	0.02591	0.01628	0.02076	0.48936	0.01323	0.02605	0.01827	0.01720	0.01064	0.01237	0.00916	0.00692	0.00580	0.00173	0.01109	0.00433	0.00346	0.00855
102	0.00964	0.00706	0.00904	0.00897	0.01047	0.00647	0.00657	0.01243	0.01850	0.02560	0.50971	0.18854	0.12769	0.01641	0.00853	0.00238	0.00353	0.01452	0.00748	0.00647
103	0.00968	0.00726	0.00897	0.00854	0.01040	0.00655	0.00641	0.01267	0.01922	0.02634	0.55190	0.05684	0.21825	0.01538	0.00840	0.00228	0.00342	0.01339	0.00755	0.00655
104	0.01803	0.01545	0.01628	0.01456	0.01864	0.01786	0.01135	0.05977	0.67001	0.03030	0.02858	0.02624	0.02141	0.00962	0.00724	0.00241	0.00571	0.00799	0.00724	0.01130
105	0.01201	0.00642	0.00963	0.00963	0.00983	0.00662	0.00662	0.00983	0.00963	0.01304	0.01346	0.02267	0.01325	0.02939	0.14032	0.66611	0.00827	0.00642	0.00321	0.00362
106	0.02660	0.03394	0.02018	0.01834	0.02201	0.72116	0.01376	0.02843	0.02018	0.01743	0.01101	0.01284	0.00917	0.00734	0.00642	0.00183	0.01284	0.00459	0.00367	0.00825
107	0.02187	0.01489	0.01657	0.01405	0.01858	0.01620	0.01117	0.12405	0.42279	0.18661	0.02884	0.02638	0.04600	0.00964	0.00726	0.00233	0.00595	0.00790	0.00756	0.01137
108	0.00868	0.00620	0.00826	0.00991	0.01033	0.00578	0.00661	0.00991	0.01363	0.01818	0.03925	0.74510	0.04710	0.02231	0.00909	0.00289	0.00413	0.02024	0.00661	0.00578
109	0.00861	0.00718	0.00750	0.00751	0.00976	0.00608	0.00560	0.01056	0.01655	0.02020	0.13895	0.09328	0.60813	0.01782	0.00844	0.00241	0.00360	0.01500	0.00674	0.00608
110	0.02952	0.01592	0.01828	0.01425	0.01966	0.05102	0.01167	0.24595	0.05120	0.43035	0.02366	0.02141	0.01555	0.00868	0.00711	0.00217	0.00697	0.00682	0.00793	0.01188
111	0.80005	0.01377	0.01047	0.00936	0.01377	0.01597	0.00771	0.02093	0.01212	0.03195	0.00991	0.01157	0.00771	0.00661	0.00441	0.00220	0.00551	0.00386	0.00441	0.00771
112	0.01036	0.00690	0.00777	0.00777	0.00777	0.00690	0.00431	0.01036	0.01036	0.01381	0.02244	0.04660	0.02589	0.74975	0.03624	0.00690	0.00690	0.01036	0.00431	0.00431
113	0.02795	0.01853	0.02050	0.01571	0.02138	0.01999	0.01298	0.56485	0.03112	0.16496	0.01908	0.01838	0.01311	0.00860	0.00713	0.00215	0.00751	0.00655	0.00743	0.01211
114	0.01659	0.01815	0.03657	0.04997	0.10739	0.01847	0.47626	0.02161	0.01567	0.02177	0.01339	0.01841	0.01057	0.00716	0.01075	0.00249	0.13409	0.00775	0.00350	0.00943
115	0.01848	0.01702	0.13288	0.06863	0.21335	0.01356	0.04141	0.02352	0.04338	0.17134	0.04587	0.03055	0.04306	0.00959	0.00756	0.00237	0.00776	0.09423	0.00537	0.01009
116	0.50964	0.16055	0.01617	0.03328	0.01561	0.04735	0.00897	0.02081	0.01327	0.02735	0.01136	0.01331	0.00915	0.00672	0.00467	0.00200	0.00615	0.00423	0.08148	0.00792
117	0.01955	0.58299	0.10559	0.01385	0.02009	0.11947	0.01387	0.02240	0.01529	0.01745	0.01035	0.01199	0.00913	0.00633	0.00505	0.00164	0.00862	0.00406	0.00313	0.00916
118	0.01593	0.05579	0.29808	0.10366	0.08339	0.01759	0.15047	0.05585	0.01600	0.02272	0.01297	0.01648	0.00987	0.00704	0.00823	0.00225	0.06402	0.00610	0.00347	0.05009
119	0.09804	0.01596	0.15835	0.01287	0.01734	0.01179	0.01213	0.09513	0.01825	0.11315	0.17825	0.15582	0.03066	0.01244	0.00816	0.03077	0.00618	0.00996	0.00612	0.00862
120	0.01465	0.01142	0.01579	0.01787	0.10597	0.04047	0.03876	0.04302	0.01742	0.05780	0.04813	0.08188	0.03314	0.01585	0.00897	0.00289	0.00715	0.42489	0.00610	0.00784
121	0.01158	0.00761	0.01000	0.00921	0.01116	0.00698	0.00698	0.01490	0.02017	0.07539	0.65531	0.05120	0.06378	0.01416	0.00831	0.00224	0.00354	0.01248	0.00791	0.00709
122	0.05300	0.05505	0.02020	0.05171	0.02116	0.01869	0.04072	0.39587	0.02534	0.06436	0.01713	0.01861	0.01271	0.00971	0.02982	0.00240	0.03646	0.00635	0.11031	0.01038
123	0.01588	0.06269	0.31599	0.09965	0.32244	0.01723	0.02303	0.02176	0.01544	0.02213	0.01288	0.01635	0.01005	0.00658	0.00681	0.00217	0.00938	0.00576	0.00325	0.01052
124	0.00908	0.00684	0.00843	0.00902	0.01037	0.00619	0.00648	0.01112	0.01622	0.02139	0.22757	0.34623	0.23437	0.01893	0.00874	0.00259	0.00386	0.03949	0.00694	0.00613
125	0.00974	0.00678	0.00799	0.00837	0.00880	0.00653	0.00519	0.01048	0.01246	0.01655	0.08500	0.22801	0.09038	0.44431	0.02477	0.00513	0.00564	0.01348	0.00537	0.00502
126	0.04950	0.02606	0.33326	0.12887	0.11957	0.03912	0.13317	0.04636	0.01609	0.02311	0.01309	0.01651	0.00974	0.00671	0.00703	0.00226	0.01012	0.00605	0.00343	0.00995
127	0.01135	0.00928	0.03793	0.01115	0.01284	0.00837	0.00853	0.08946	0.01681	0.02256	0.08906	0.50425	0.06456	0.01913	0.00875	0.00274	0.00492	0.06484	0.00662	0.00685
128	0.01147	0.00820	0.01147	0.01311	0.01475	0.00820	0.01147	0.01475	0.01639	0.02131	0.03770	0.08032	0.04098	0.01967	0.00984	0.00328	0.00656	0.65741	0.00656	0.00656
129	0.01465	0.01324	0.04453	0.07785	0.04873	0.01386	0.05885	0.07961	0.03909	0.02332	0.02466	0.10774	0.09424	0.01137	0.01037	0.00238	0.15174	0.00902	0.13746	0.03729
130	0.01773	0.19105	0.08995	0.03937	0.01841	0.01500	0.01204	0.07183	0.01772	0.14047	0.10494	0.14951	0.02690	0.01174	0.00719	0.00226	0.00654	0.06262	0.00583	0.00890
131	0.02190	0.32218	0.05391	0.01524	0.02005	0.23813	0.01339	0.07730	0.01771	0.05508	0.01216	0.01404	0.01015	0.00904	0.03282	0.00221	0.06685	0.00481	0.00390	0.00911
132	0.71418	0.03502	0.01212	0.04750	0.01599	0.01649	0.00864	0.03996	0.01292	0.03117	0.01027	0.01211	0.00797	0.00668	0.00463	0.00219	0.00584	0.00406	0.00438	0.00789
133	0.00984	0.00793	0.00986	0.00974	0.01111	0.00806	0.00725	0.01184	0.01551	0.02065	0.20614	0.20181	0.26056	0.05098	0.05487	0.00329	0.08399	0.01403	0.00626	0.00628
134	0.01469	0.03219	0.56711	0.02296	0.12435	0.01605	0.02450	0.02203	0.01523	0.02264	0.01358	0.01727	0.01032	0.00702	0.00683	0.00221	0.00990	0.02420	0.00323	0.04369
135	0.01409	0.01204	0.01462	0.01110	0.01656	0.00950	0.02546	0.01768	0.03903	0.02274	0.01692	0.11505	0.01595	0.00778	0.00595	0.00139	0.00530	0.00665	0.00464	0.63755
136	0.01904	0.75404	0.03731	0.01218	0.01828	0.02818	0.01218	0.02132	0.01447	0.01675	0.00990	0.01142	0.00914	0.00609	0.00457	0.00152	0.00761	0.00381	0.00305	0.00914
137	0.01095	0.00747	0.00980	0.00911	0.01094	0.00687	0.00687	0.01428	0.02017	0.05562	0.67484	0.05204	0.06522	0.01433	0.00835	0.00224	0.00347	0.01265	0.00788	0.00693
138	0.01002	0.00726	0.00935	0.00884	0.01048	0.00670	0.00657	0.01318	0.01960	0.02757	0.64767	0.05358	0.09273	0.04390	0.00950	0.00243	0.00351	0.01287	0.00765	0.00659
139	0.02707	0.01995	0.02137	0.01638	0.02208	0.02208	0.01353	0.68159	0.03348	0.04488	0.01710	0.01710	0.01211	0.00855	0.00712	0.00214	0.00784	0.00641	0.00712	0.01211
140	0.01237	0.00618	0.00928	0.00928	0.00928	0.00618	0.00618	0.00928	0.00928	0.01237	0.01237	0.02165	0.01237	0.02474	0.02783	0.79283	0.00618	0.00618	0.00309	0.00309
141	0.01771	0.01530	0.01610	0.01449	0.01852	0.01771	0.01127	0.03784	0.69247	0.02979	0.02898	0.02657	0.02174	0.00966	0.00725	0.00242	0.00564	0.00805	0.00725	0.01127
142	0.02707	0.01995	0.02137	0.01638	0.02208	0.02208	0.01353	0.68159	0.03348	0.04488	0.01710	0.01710	0.01211	0.00855	0.00712	0.00214	0.00784	0.00641	0.00712	0.01211
143	0.00936	0.00725	0.00852	0.00820	0.01019	0.00641	0.00615	0.01204	0.01845	0.02450	0.42782	0.05986	0.34347	0.01607	0.00841	0.00231	0.00347	0.01381	0.00731	0.00641
144	0.00855	0.00722	0.00740	0.00735	0.00970	0.00607	0.00551	0.01048	0.01654	0.01998	0.12233	0.06730	0.65178	0.01776	0.00841	0.00239	0.00359	0.01486	0.00671	0.00607
145	0.02707	0.01995	0.02137	0.01638	0.02208	0.02208	0.01353	0.68159	0.03348	0.04488	0.01710	0.01710	0.01211	0.00855	0.00712	0.00214	0.00784	0.00641	0.00712	0.01211
146	0.76639	0.01372	0.01093	0.04031	0.01528	0.01597	0.00823	0.02081	0.01221	0.03136	0.01003	0.01188	0.00779	0.00663	0.00452	0.00221	0.00568	0.00396	0.00435	0.00772
147	0.00942	0.00651	0.00804	0.00896	0.00919	0.00628	0.00559	0.01011	0.01218	0.01624	0.03180	0.43571	0.03770	0.34452	0.02112	0.00467	0.00536	0.01586	0.00559	0.00513
148	0.01008	0.00728	0.00952	0.00896	0.01064	0.00672	0.00672	0.01344	0.02016	0.02855	0.70158	0.05319	0.06719	0.01456	0.00840	0.00224	0.00336	0.01288	0.00784	0.00672
149	0.01653	0.01807	0.03612	0.04940	0.09358	0.01862	0.46600	0.02143	0.01548	0.02156	0.01323	0.01832	0.01051	0.00738	0.01130	0.00252	0.15941	0.00772	0.00348	0.00933
150	0.02662	0.03322	0.02024	0.01824	0.02202	0.68529	0.01375	0.06195	0.02086	0.01884	0.01132	0.01306	0.00932	0.00740	0.00646	0.00185	0.01258	0.00468	0.00385	0.00845
151	0.01099	0.00745	0.00844	0.00827	0.00860	0.00750	0.00490	0.03918	0.01187	0.01591	0.04989	0.07520	0.02784	0.65801	0.03274	0.00634	0.00669	0.01071	0.00467	0.00481
