[name]
unknown

[dist]
# distance from previous block
# <min> <max>
14	336

[block]
# block no. 0 follows, 30 sequences, length 42
# corresponding to MSA columns:
# 359-400
name=unknown_A
#
# <colnr> <probs for GDERKNQSTAVLIFYWHMCP>
#	G	D	E	R	K	N	Q	S	T	A	V	L	I	F	Y	W	H	M	C	P
0	0.09385	0.01758	0.11983	0.05141	0.32999	0.01468	0.06299	0.02012	0.01543	0.02363	0.06188	0.02092	0.01514	0.00724	0.00671	0.00207	0.00780	0.03102	0.00394	0.09375
1	0.09544	0.01762	0.05139	0.02216	0.15214	0.05953	0.12916	0.16015	0.01990	0.12947	0.01786	0.02306	0.01418	0.00826	0.00712	0.00224	0.00831	0.06662	0.00530	0.01009
2	0.06127	0.02518	0.27016	0.03886	0.06962	0.13695	0.07774	0.04291	0.01687	0.10059	0.03461	0.03702	0.01285	0.00749	0.00673	0.00211	0.00927	0.00616	0.00426	0.03937
3	0.02950	0.01177	0.01624	0.01335	0.04354	0.01028	0.01046	0.03229	0.01981	0.64888	0.06753	0.02520	0.01993	0.00888	0.00709	0.00216	0.00587	0.00732	0.00838	0.01153
4	0.06338	0.01982	0.15394	0.13718	0.35689	0.04487	0.02001	0.04605	0.01595	0.02291	0.01384	0.01926	0.01145	0.00715	0.00682	0.00218	0.00871	0.03606	0.00363	0.00991
5	0.08361	0.03100	0.54817	0.01811	0.02715	0.01618	0.02204	0.07859	0.01639	0.07579	0.01374	0.01528	0.00960	0.00691	0.00649	0.00219	0.00935	0.00527	0.00382	0.01032
6	0.01527	0.01527	0.02137	0.01832	0.01832	0.02137	0.01527	0.01679	0.01069	0.01679	0.00916	0.01527	0.00916	0.01221	0.02290	0.00305	0.74198	0.00611	0.00305	0.00763
7	0.01684	0.01769	0.15194	0.02762	0.34763	0.01364	0.01790	0.02125	0.01648	0.11038	0.07029	0.02791	0.06764	0.00890	0.00725	0.00222	0.00754	0.05214	0.00474	0.01001
8	0.05100	0.15828	0.39234	0.02026	0.10898	0.03926	0.02025	0.04837	0.01537	0.02205	0.01275	0.03580	0.01030	0.00715	0.00672	0.00209	0.03038	0.00546	0.00337	0.00983
9	0.01634	0.01986	0.08746	0.02807	0.03522	0.01753	0.60976	0.02299	0.04661	0.02264	0.01464	0.01886	0.01094	0.00609	0.00807	0.00234	0.01139	0.00800	0.00365	0.00955
10	0.00850	0.00607	0.00810	0.00972	0.01012	0.00567	0.00648	0.00972	0.01336	0.01781	0.03846	0.75020	0.04615	0.02186	0.00891	0.00283	0.00405	0.01984	0.00648	0.00567
11	0.01609	0.04749	0.23862	0.03102	0.30363	0.01723	0.17966	0.02169	0.01547	0.02210	0.01295	0.01662	0.01015	0.00643	0.00753	0.00219	0.03128	0.00629	0.00329	0.01027
12	0.01454	0.01345	0.02210	0.58950	0.15116	0.01600	0.01937	0.05452	0.01528	0.02002	0.01275	0.01829	0.00972	0.00693	0.00697	0.00227	0.00906	0.00621	0.00337	0.00849
13	0.00850	0.00607	0.00810	0.00972	0.01012	0.00567	0.00648	0.00972	0.01336	0.01781	0.03846	0.75020	0.04615	0.02186	0.00891	0.00283	0.00405	0.01984	0.00648	0.00567
14	0.01767	0.01824	0.03536	0.05000	0.13828	0.01805	0.45558	0.10284	0.01807	0.02470	0.01404	0.01818	0.01072	0.00652	0.00843	0.00231	0.03973	0.00754	0.00391	0.00984
15	0.01481	0.03185	0.58119	0.02146	0.08584	0.01587	0.04511	0.02250	0.03401	0.04271	0.01417	0.03444	0.01063	0.00710	0.00679	0.00222	0.00977	0.00585	0.00338	0.01029
16	0.01778	0.01655	0.02642	0.03795	0.59087	0.01695	0.01973	0.05923	0.09874	0.02471	0.01515	0.01830	0.01233	0.00672	0.00694	0.00211	0.00793	0.00642	0.00408	0.01110
17	0.01828	0.63023	0.03737	0.01498	0.02114	0.02588	0.12915	0.02115	0.01458	0.01745	0.01047	0.01252	0.00924	0.00595	0.00513	0.00164	0.00821	0.00451	0.00308	0.00903
18	0.01704	0.01232	0.01473	0.01065	0.01673	0.00945	0.00857	0.02008	0.01531	0.12842	0.01471	0.01589	0.01139	0.00570	0.00545	0.00121	0.00529	0.00457	0.00482	0.67768
19	0.01465	0.13787	0.62257	0.01877	0.02847	0.01781	0.02383	0.02193	0.01465	0.02130	0.01213	0.01423	0.00886	0.00654	0.00633	0.00211	0.00991	0.00496	0.00295	0.01012
20	0.01015	0.00677	0.00761	0.00761	0.00761	0.00677	0.00423	0.01015	0.01015	0.01353	0.02199	0.04567	0.02537	0.75476	0.03552	0.00677	0.00677	0.01015	0.00423	0.00423
21	0.01001	0.00732	0.01041	0.01041	0.01137	0.00828	0.00772	0.01194	0.01098	0.01560	0.01943	0.03151	0.01922	0.20978	0.57209	0.01022	0.01602	0.00808	0.00385	0.00578
22	0.01547	0.07642	0.36064	0.02413	0.05153	0.01760	0.30989	0.02211	0.01548	0.02185	0.01304	0.01634	0.00967	0.00625	0.00719	0.00222	0.01069	0.00642	0.00322	0.00985
23	0.01007	0.00707	0.00918	0.00918	0.00972	0.00762	0.00618	0.01115	0.01061	0.01469	0.02056	0.03774	0.02193	0.44985	0.33572	0.00870	0.01194	0.00899	0.00402	0.00510
24	0.00902	0.00644	0.00869	0.01030	0.01093	0.00611	0.00737	0.01060	0.01387	0.01839	0.03818	0.62451	0.04503	0.02138	0.00904	0.00290	0.00449	0.14046	0.00647	0.00581
25	0.01700	0.01734	0.03266	0.03831	0.48386	0.01694	0.24532	0.02173	0.01609	0.02265	0.01346	0.01779	0.01090	0.00610	0.00736	0.00217	0.00946	0.00690	0.00348	0.01050
26	0.01430	0.03397	0.63528	0.02106	0.03097	0.01638	0.10697	0.02213	0.01495	0.02213	0.01272	0.01524	0.00905	0.00654	0.00683	0.00223	0.01049	0.00554	0.00302	0.01020
27	0.01471	0.01444	0.02021	0.01745	0.01760	0.01994	0.01447	0.01638	0.01120	0.01737	0.04729	0.01787	0.01263	0.01434	0.05756	0.00342	0.66575	0.00653	0.00334	0.00751
28	0.11525	0.66727	0.03333	0.01160	0.01737	0.02614	0.01140	0.02085	0.01390	0.01825	0.00970	0.01121	0.00878	0.00603	0.00446	0.00157	0.00721	0.00374	0.00315	0.00878
29	0.01840	0.02068	0.15320	0.03254	0.38998	0.04751	0.11537	0.02326	0.01636	0.09386	0.01454	0.01749	0.01114	0.00654	0.00703	0.00213	0.00910	0.00632	0.00391	0.01064
30	0.01498	0.18925	0.57409	0.01821	0.02760	0.01862	0.02285	0.02184	0.01462	0.02090	0.01193	0.01398	0.00886	0.00649	0.00617	0.00206	0.00971	0.00485	0.00295	0.01003
31	0.00850	0.00607	0.00810	0.00972	0.01012	0.00567	0.00648	0.00972	0.01336	0.01781	0.03846	0.75020	0.04615	0.02186	0.00891	0.00283	0.00405	0.01984	0.00648	0.00567
32	0.00850	0.00607	0.00810	0.00972	0.01012	0.00567	0.00648	0.00972	0.01336	0.01781	0.03846	0.75020	0.04615	0.02186	0.00891	0.00283	0.00405	0.01984	0.00648	0.00567
33	0.01676	0.12839	0.24483	0.02463	0.15601	0.01813	0.18143	0.02353	0.07237	0.04652	0.01447	0.01696	0.01103	0.00658	0.00682	0.00213	0.00933	0.00619	0.00373	0.01016
34	0.01015	0.00677	0.00761	0.00761	0.00761	0.00677	0.00423	0.01015	0.01015	0.01353	0.02199	0.04567	0.02537	0.75476	0.03552	0.00677	0.00677	0.01015	0.00423	0.00423
35	0.02089	0.51295	0.03068	0.01336	0.01880	0.13225	0.01217	0.08074	0.05572	0.04746	0.01224	0.01323	0.01024	0.00667	0.00522	0.00167	0.00809	0.00443	0.00388	0.00931
36	0.02119	0.56522	0.06241	0.01240	0.01843	0.02335	0.01219	0.02379	0.01546	0.16808	0.01368	0.01407	0.01075	0.00658	0.00512	0.00167	0.00726	0.00451	0.00421	0.00965
37	0.01633	0.11465	0.50898	0.01776	0.02651	0.01713	0.02137	0.02451	0.08565	0.08050	0.01510	0.01625	0.01085	0.00702	0.00646	0.00214	0.00912	0.00543	0.00386	0.01036
38	0.08760	0.52791	0.18952	0.01350	0.02032	0.02395	0.01470	0.02114	0.01410	0.01904	0.01035	0.01201	0.00880	0.00617	0.00495	0.00172	0.00793	0.00406	0.00310	0.00914
39	0.01100	0.06273	0.04636	0.00943	0.01219	0.04754	0.00765	0.01404	0.05603	0.01911	0.07080	0.12017	0.40266	0.07749	0.01009	0.00267	0.00507	0.01257	0.00579	0.00661
40	0.04913	0.50159	0.21917	0.01474	0.02186	0.02362	0.04527	0.02127	0.01434	0.01881	0.01066	0.01249	0.00894	0.00616	0.00522	0.00175	0.00834	0.00432	0.00305	0.00928
41	0.01680	0.50009	0.24364	0.01415	0.02115	0.02308	0.01578	0.02072	0.01415	0.01801	0.01118	0.01401	0.00975	0.04386	0.00670	0.00198	0.00830	0.00449	0.00304	0.00913

[dist]
# distance from previous block
# <min> <max>
18	56

[block]
# block no. 1 follows, 30 sequences, length 50
# corresponding to MSA columns:
# 457-506
name=unknown_B
#
# <colnr> <probs for GDERKNQSTAVLIFYWHMCP>
#	G	D	E	R	K	N	Q	S	T	A	V	L	I	F	Y	W	H	M	C	P
0	0.01726	0.14531	0.14505	0.01708	0.07421	0.01564	0.06748	0.06911	0.05288	0.09990	0.01992	0.15496	0.01813	0.00969	0.00683	0.00212	0.00731	0.00837	0.00493	0.06383
1	0.12324	0.16345	0.20047	0.01813	0.12857	0.01631	0.03447	0.01986	0.01503	0.04917	0.04569	0.02374	0.11780	0.00842	0.00630	0.00207	0.00736	0.00674	0.00416	0.00902
2	0.01951	0.01736	0.08214	0.03271	0.45517	0.03140	0.04321	0.02354	0.01643	0.15208	0.01613	0.01942	0.01257	0.03808	0.00814	0.00230	0.00818	0.00648	0.00442	0.01073
3	0.06499	0.09551	0.46336	0.02346	0.17519	0.01728	0.02244	0.02174	0.01475	0.02232	0.01222	0.01475	0.00925	0.00647	0.00635	0.00211	0.00931	0.00517	0.00315	0.01018
4	0.01468	0.10602	0.26447	0.02313	0.19944	0.01589	0.05406	0.01976	0.01577	0.02240	0.13413	0.04072	0.02042	0.00831	0.00738	0.00214	0.03068	0.00714	0.00403	0.00945
5	0.01640	0.04669	0.08859	0.03222	0.46514	0.01528	0.01842	0.02120	0.04032	0.04795	0.11957	0.02263	0.01967	0.00767	0.00700	0.00209	0.00750	0.00708	0.00434	0.01025
6	0.02125	0.01788	0.01807	0.01424	0.01938	0.09360	0.01146	0.28462	0.10052	0.04806	0.01600	0.01675	0.01217	0.00752	0.00701	0.00180	0.03797	0.00560	0.00560	0.26049
7	0.02376	0.01910	0.08817	0.01523	0.02094	0.01824	0.01343	0.47601	0.02796	0.10054	0.07829	0.02023	0.01678	0.00862	0.00699	0.00208	0.00729	0.00671	0.00668	0.04296
8	0.01661	0.01616	0.02740	0.12400	0.36806	0.01679	0.14367	0.02411	0.14551	0.02329	0.01612	0.01940	0.01269	0.00687	0.00720	0.00221	0.00854	0.00691	0.00412	0.01032
9	0.01954	0.02278	0.05664	0.02607	0.26013	0.27994	0.03556	0.02336	0.04282	0.02088	0.07556	0.01879	0.01538	0.00790	0.00804	0.00208	0.06514	0.00622	0.00397	0.00920
10	0.01311	0.00903	0.01108	0.01020	0.01261	0.00892	0.00784	0.01931	0.14651	0.08803	0.45469	0.06330	0.07879	0.01337	0.00798	0.00228	0.00408	0.03349	0.00754	0.00783
11	0.00851	0.00704	0.00746	0.00743	0.00961	0.00599	0.00555	0.01050	0.01642	0.02026	0.17034	0.08886	0.58336	0.01728	0.00827	0.00235	0.00351	0.01457	0.00667	0.00599
12	0.01736	0.01499	0.01578	0.01420	0.01815	0.01736	0.01105	0.03708	0.69862	0.02919	0.02840	0.02604	0.02130	0.00947	0.00710	0.00237	0.00552	0.00789	0.00710	0.01105
13	0.02181	0.01480	0.01670	0.01413	0.01847	0.01601	0.01140	0.23719	0.27211	0.15805	0.02584	0.06118	0.02048	0.01044	0.00736	0.00234	0.00629	0.06736	0.00725	0.01079
14	0.02353	0.04820	0.23505	0.03563	0.02364	0.08035	0.01630	0.17254	0.02080	0.24843	0.01800	0.01786	0.01224	0.00769	0.00674	0.00211	0.00842	0.00592	0.00572	0.01084
15	0.01124	0.00803	0.01124	0.01285	0.01446	0.00803	0.01124	0.01446	0.01606	0.02088	0.03695	0.07871	0.04016	0.01928	0.00964	0.00321	0.00643	0.66426	0.00643	0.00643
16	0.00988	0.00713	0.00933	0.00878	0.01043	0.00658	0.00658	0.01317	0.01975	0.02798	0.70754	0.05213	0.06584	0.01427	0.00823	0.00219	0.00329	0.01262	0.00768	0.00658
17	0.01855	0.60756	0.12899	0.01347	0.01986	0.07630	0.01395	0.02156	0.01466	0.01725	0.01017	0.01178	0.00894	0.00615	0.00490	0.00161	0.00822	0.00398	0.00302	0.00908
18	0.02516	0.01763	0.01931	0.01516	0.02025	0.01921	0.01238	0.55213	0.05507	0.10025	0.01987	0.07625	0.01543	0.00952	0.00714	0.00217	0.00716	0.00749	0.00709	0.01134
19	0.01212	0.00606	0.00909	0.00909	0.00909	0.00606	0.00606	0.00909	0.00909	0.01212	0.01212	0.02121	0.01212	0.02424	0.02727	0.79697	0.00606	0.00606	0.00303	0.00303
20	0.01383	0.00783	0.00834	0.04131	0.01112	0.00808	0.00623	0.06881	0.01610	0.02667	0.02436	0.02713	0.05377	0.00860	0.00532	0.00173	0.00390	0.00691	0.65300	0.00695
21	0.03932	0.06676	0.05828	0.02783	0.28803	0.19831	0.07785	0.06778	0.04318	0.02253	0.01298	0.01581	0.01054	0.00692	0.00722	0.00205	0.03518	0.00577	0.00382	0.00984
22	0.02439	0.01935	0.08284	0.01563	0.02129	0.01900	0.01364	0.47497	0.09147	0.10926	0.01934	0.04405	0.01425	0.00882	0.00703	0.00216	0.00741	0.00689	0.00678	0.01143
23	0.00835	0.00707	0.00721	0.00717	0.00949	0.00593	0.00538	0.01021	0.01614	0.01940	0.10926	0.06625	0.66948	0.01747	0.00825	0.00235	0.00352	0.01460	0.00655	0.00593
24	0.01542	0.01751	0.08197	0.18547	0.15722	0.01772	0.21291	0.01989	0.01435	0.02014	0.01230	0.01736	0.00993	0.00769	0.01095	0.00245	0.17776	0.00669	0.00327	0.00901
25	0.01468	0.06385	0.60464	0.02007	0.06031	0.01656	0.02381	0.04768	0.01565	0.02296	0.03805	0.01615	0.01115	0.00693	0.00662	0.00217	0.00974	0.00546	0.00330	0.01021
26	0.05294	0.19869	0.10875	0.01606	0.02133	0.32769	0.01427	0.11320	0.04668	0.02215	0.01221	0.01357	0.00979	0.00706	0.00596	0.00185	0.00990	0.00474	0.00399	0.00916
27	0.36822	0.01603	0.10316	0.14996	0.02335	0.01482	0.01286	0.04794	0.01506	0.16704	0.01446	0.01587	0.01018	0.00710	0.00576	0.00219	0.00695	0.00516	0.00489	0.00898
28	0.01969	0.01836	0.02600	0.07188	0.45909	0.07360	0.03497	0.16308	0.01969	0.02656	0.01370	0.01690	0.01096	0.00678	0.00691	0.00208	0.00864	0.00614	0.00420	0.01078
29	0.01096	0.00820	0.00966	0.00990	0.01154	0.00795	0.00712	0.10274	0.01691	0.02207	0.07138	0.45422	0.20360	0.01868	0.00845	0.00259	0.00439	0.01644	0.00660	0.00661
30	0.49564	0.01519	0.01362	0.01138	0.01598	0.03816	0.00932	0.18185	0.01815	0.09595	0.03746	0.01523	0.01156	0.00742	0.00540	0.00213	0.00614	0.00500	0.00544	0.00897
31	0.09148	0.01264	0.01585	0.01216	0.01759	0.01141	0.01001	0.07883	0.01957	0.52496	0.02341	0.02108	0.01523	0.00801	0.00657	0.00201	0.00593	0.00634	0.00760	0.10933
32	0.00923	0.00702	0.00849	0.00830	0.01008	0.00628	0.00616	0.01186	0.01797	0.02417	0.44491	0.11564	0.27247	0.01601	0.00829	0.00230	0.00343	0.01391	0.00719	0.00628
33	0.01340	0.01270	0.02098	0.66289	0.04496	0.01612	0.01895	0.01772	0.01361	0.01772	0.01206	0.01826	0.00929	0.00752	0.00864	0.00240	0.08575	0.00619	0.00310	0.00774
34	0.02653	0.01955	0.02094	0.01606	0.02164	0.02164	0.01326	0.68796	0.03281	0.04398	0.01675	0.01675	0.01187	0.00838	0.00698	0.00209	0.00768	0.00628	0.00698	0.01187
35	0.00842	0.00639	0.00777	0.00888	0.00990	0.00574	0.00611	0.00981	0.01416	0.01814	0.04861	0.53513	0.25467	0.02054	0.00870	0.00268	0.00389	0.01823	0.00648	0.00574
36	0.01030	0.00736	0.01016	0.01177	0.01297	0.00722	0.00960	0.01283	0.01513	0.01983	0.03747	0.30982	0.04222	0.02017	0.00939	0.00308	0.00561	0.44246	0.00644	0.00616
37	0.01436	0.01361	0.02306	0.53745	0.23937	0.01581	0.01997	0.01886	0.01451	0.01926	0.01261	0.01822	0.00981	0.00676	0.00696	0.00225	0.00901	0.00621	0.00320	0.00870
38	0.03131	0.01188	0.01619	0.01242	0.01781	0.01026	0.01026	0.03401	0.01997	0.71606	0.02753	0.02375	0.01727	0.00864	0.00702	0.00216	0.00594	0.00702	0.00864	0.01188
39	0.01011	0.00692	0.00838	0.00838	0.00865	0.00718	0.00519	0.01064	0.01038	0.01410	0.02128	0.04175	0.02367	0.60417	0.18378	0.00772	0.00932	0.00958	0.00412	0.00466
40	0.01333	0.01256	0.02120	0.71242	0.07245	0.01554	0.01945	0.01796	0.01402	0.01801	0.01243	0.01856	0.00937	0.00695	0.00697	0.00232	0.00927	0.00620	0.00311	0.00787
41	0.01595	0.01322	0.01407	0.01267	0.01621	0.01467	0.00988	0.08978	0.44907	0.02749	0.03547	0.03492	0.15975	0.01195	0.00825	0.03566	0.00537	0.02925	0.00677	0.00960
42	0.03131	0.01188	0.01619	0.01242	0.01781	0.01026	0.01026	0.03401	0.01997	0.71606	0.02753	0.02375	0.01727	0.00864	0.00702	0.00216	0.00594	0.00702	0.00864	0.01188
43	0.01391	0.00737	0.00746	0.00714	0.00903	0.00751	0.00543	0.06083	0.01584	0.02721	0.02237	0.02540	0.01749	0.00815	0.00502	0.00166	0.00355	0.00649	0.74131	0.00686
44	0.01527	0.01527	0.02137	0.01832	0.01832	0.02137	0.01527	0.01679	0.01069	0.01679	0.00916	0.01527	0.00916	0.01221	0.02290	0.00305	0.74198	0.00611	0.00305	0.00763
45	0.01000	0.00730	0.01068	0.01083	0.01202	0.00833	0.00831	0.01241	0.01159	0.01687	0.02070	0.09294	0.02007	0.04722	0.62347	0.00994	0.01654	0.00855	0.04603	0.00619
46	0.73391	0.01335	0.01080	0.00947	0.01389	0.01516	0.00780	0.02174	0.01261	0.09346	0.01133	0.01246	0.00844	0.00667	0.00456	0.00216	0.00545	0.00407	0.00471	0.00795
47	0.01823	0.69335	0.09847	0.01266	0.01903	0.02658	0.01320	0.02100	0.01423	0.01693	0.00996	0.01152	0.00894	0.00603	0.00467	0.00156	0.00772	0.00386	0.00298	0.00908
48	0.01823	0.69335	0.09847	0.01266	0.01903	0.02658	0.01320	0.02100	0.01423	0.01693	0.00996	0.01152	0.00894	0.00603	0.00467	0.00156	0.00772	0.00386	0.00298	0.00908
49	0.13867	0.05750	0.08527	0.01607	0.06712	0.04213	0.01305	0.13696	0.23131	0.11323	0.01940	0.01909	0.01422	0.00798	0.00643	0.00216	0.00691	0.00619	0.00586	0.01047

[dist]
# distance from previous block
# <min> <max>
0	3

[block]
# block no. 2 follows, 30 sequences, length 36
# corresponding to MSA columns:
# 510-545
name=unknown_C
#
# <colnr> <probs for GDERKNQSTAVLIFYWHMCP>
#	G	D	E	R	K	N	Q	S	T	A	V	L	I	F	Y	W	H	M	C	P
0	0.02348	0.05872	0.02258	0.01610	0.02182	0.01800	0.09873	0.37816	0.02531	0.12847	0.01901	0.01927	0.03771	0.00795	0.00686	0.00200	0.00753	0.00657	0.00621	0.09551
1	0.02056	0.01766	0.06703	0.01904	0.11477	0.01762	0.01436	0.35853	0.10656	0.03372	0.02088	0.06603	0.01782	0.01008	0.00737	0.00230	0.00734	0.08160	0.00615	0.01059
2	0.02106	0.01605	0.08492	0.01422	0.01899	0.01479	0.01241	0.20023	0.17838	0.18170	0.04350	0.08794	0.02152	0.01067	0.00739	0.00234	0.00653	0.06004	0.00691	0.01043
3	0.01725	0.07903	0.02876	0.06428	0.62982	0.01747	0.02055	0.02125	0.01568	0.02209	0.01281	0.01680	0.01082	0.00622	0.00671	0.00203	0.00826	0.00601	0.00340	0.01076
4	0.00983	0.00642	0.00799	0.00856	0.00871	0.00628	0.00528	0.00985	0.01115	0.01486	0.02651	0.29347	0.03096	0.39346	0.02490	0.11357	0.00570	0.01304	0.00487	0.00458
5	0.05183	0.01870	0.01961	0.01554	0.02061	0.04163	0.01269	0.50649	0.13387	0.05978	0.01825	0.01805	0.01318	0.00856	0.00732	0.00216	0.02722	0.00641	0.00675	0.01136
6	0.01412	0.01106	0.01237	0.01096	0.01394	0.01153	0.00851	0.13038	0.18351	0.02918	0.30836	0.04289	0.16936	0.01279	0.00776	0.00225	0.00460	0.01084	0.00720	0.00840
7	0.01124	0.00803	0.01124	0.01285	0.01446	0.00803	0.01124	0.01446	0.01606	0.02088	0.03695	0.07871	0.04016	0.01928	0.00964	0.00321	0.00643	0.66426	0.00643	0.00643
8	0.02585	0.01914	0.02058	0.01573	0.02135	0.02095	0.01298	0.65029	0.03178	0.04279	0.01651	0.01663	0.01178	0.00820	0.00688	0.00203	0.00754	0.00616	0.00682	0.05600
9	0.02450	0.01839	0.02076	0.01810	0.08826	0.02013	0.01345	0.57647	0.02961	0.03983	0.01675	0.01877	0.01271	0.05901	0.00892	0.00241	0.00768	0.00654	0.00645	0.01127
10	0.06886	0.01681	0.06380	0.01410	0.01934	0.01627	0.01212	0.25668	0.11430	0.12530	0.03924	0.01913	0.01468	0.00819	0.00745	0.00203	0.04789	0.00620	0.00612	0.14149
11	0.00988	0.00713	0.00933	0.00878	0.01043	0.00658	0.00658	0.01317	0.01975	0.02798	0.70754	0.05213	0.06584	0.01427	0.00823	0.00219	0.00329	0.01262	0.00768	0.00658
12	0.01026	0.00689	0.00797	0.00812	0.00828	0.00689	0.00492	0.01057	0.01073	0.01425	0.02345	0.04890	0.02682	0.68268	0.03298	0.00642	0.00673	0.07425	0.00444	0.00444
13	0.02607	0.03326	0.01978	0.01798	0.02157	0.72674	0.01348	0.02787	0.01978	0.01708	0.01079	0.01258	0.00899	0.00719	0.00629	0.00180	0.01258	0.00449	0.00360	0.00809
14	0.01714	0.01738	0.05672	0.04189	0.68321	0.01656	0.02160	0.02144	0.01584	0.02277	0.01310	0.01717	0.01096	0.00623	0.00690	0.00208	0.00837	0.00617	0.00343	0.01102
15	0.00854	0.00708	0.00748	0.00738	0.00961	0.00602	0.00554	0.01059	0.01661	0.02052	0.18681	0.06442	0.59124	0.01705	0.00824	0.00233	0.00349	0.01434	0.00670	0.00602
16	0.01106	0.00790	0.01103	0.01264	0.01416	0.00787	0.01092	0.01413	0.01588	0.02067	0.03705	0.12445	0.04057	0.01945	0.00959	0.00319	0.00626	0.62036	0.00643	0.00637
17	0.01038	0.00769	0.00934	0.00969	0.01113	0.00736	0.00693	0.07362	0.01674	0.02223	0.16065	0.44159	0.15926	0.01854	0.00849	0.00257	0.00417	0.01642	0.00674	0.00645
18	0.01123	0.01051	0.07834	0.00971	0.01120	0.00887	0.00732	0.01415	0.07922	0.01611	0.02148	0.03947	0.02282	0.56066	0.07571	0.00618	0.00778	0.00926	0.00436	0.00564
19	0.01130	0.00863	0.01055	0.00981	0.01189	0.00863	0.00743	0.01771	0.14873	0.02821	0.57851	0.04717	0.05738	0.01335	0.00802	0.00223	0.00372	0.01172	0.00757	0.00743
20	0.00850	0.00607	0.00810	0.00972	0.01012	0.00567	0.00648	0.00972	0.01336	0.01781	0.03846	0.75020	0.04615	0.02186	0.00891	0.00283	0.00405	0.01984	0.00648	0.00567
21	0.02336	0.02091	0.02102	0.02057	0.13993	0.16062	0.01423	0.35845	0.08600	0.03272	0.01793	0.01867	0.03728	0.00820	0.00689	0.00207	0.00842	0.00636	0.00569	0.01068
22	0.01502	0.03333	0.59161	0.02289	0.12155	0.05080	0.02460	0.02229	0.01513	0.02195	0.01252	0.01497	0.00915	0.00660	0.00665	0.00217	0.01015	0.00527	0.00305	0.01030
23	0.01095	0.00794	0.01084	0.01228	0.01396	0.00782	0.01066	0.01402	0.01605	0.02068	0.04025	0.07758	0.10565	0.01912	0.00950	0.00313	0.00614	0.60060	0.00643	0.00637
24	0.01866	0.75896	0.03657	0.01194	0.01791	0.02761	0.01194	0.02090	0.01418	0.01642	0.00970	0.01119	0.00896	0.00597	0.00448	0.00149	0.00746	0.00373	0.00299	0.00896
25	0.73270	0.01360	0.01122	0.05438	0.01587	0.01582	0.00845	0.03967	0.01261	0.03084	0.01009	0.01194	0.00779	0.00656	0.00456	0.00217	0.00571	0.00400	0.00432	0.00769
26	0.00839	0.00707	0.00727	0.00722	0.00951	0.00595	0.00541	0.01029	0.01624	0.01966	0.12678	0.06583	0.65181	0.01737	0.00825	0.00234	0.00351	0.01454	0.00659	0.00595
27	0.00853	0.00618	0.00800	0.00943	0.00999	0.00572	0.00631	0.00975	0.01348	0.01777	0.04068	0.67122	0.10136	0.04376	0.00966	0.00291	0.00409	0.01911	0.00641	0.00564
28	0.01318	0.01240	0.02093	0.73798	0.04806	0.01550	0.01938	0.01783	0.01395	0.01783	0.01240	0.01860	0.00930	0.00698	0.00698	0.00233	0.00930	0.00620	0.00310	0.00775
29	0.19575	0.01965	0.02127	0.02691	0.33082	0.17742	0.01556	0.04379	0.06288	0.02448	0.01298	0.01546	0.01053	0.00678	0.00620	0.00205	0.00841	0.00540	0.00403	0.00962
30	0.00855	0.00617	0.00801	0.00946	0.00998	0.00572	0.00631	0.00975	0.01342	0.01773	0.04005	0.67779	0.09050	0.04851	0.00984	0.00295	0.00411	0.01913	0.00640	0.00563
31	0.00886	0.00630	0.00838	0.00991	0.01041	0.00596	0.00682	0.01020	0.01345	0.01788	0.03742	0.64599	0.04443	0.06156	0.01043	0.00309	0.00443	0.08246	0.00635	0.00566
32	0.06256	0.01923	0.08314	0.13926	0.40832	0.08622	0.01945	0.05897	0.01660	0.02311	0.01275	0.01643	0.01025	0.00660	0.00669	0.00210	0.00883	0.00582	0.00362	0.01005
33	0.00868	0.00615	0.00804	0.00949	0.00985	0.00579	0.00624	0.00976	0.01302	0.01735	0.03669	0.67451	0.04392	0.10060	0.01177	0.00326	0.00434	0.01880	0.00624	0.00551
34	0.01447	0.01240	0.01447	0.01034	0.01654	0.00930	0.00827	0.01757	0.01447	0.02274	0.01240	0.01447	0.01034	0.00517	0.00517	0.00103	0.00517	0.00413	0.00413	0.79742
35	0.02301	0.01729	0.10741	0.01446	0.01994	0.01512	0.01290	0.20686	0.15351	0.24378	0.02314	0.07034	0.01726	0.00926	0.00705	0.00220	0.00674	0.00753	0.00687	0.03530

[dist]
# distance from previous block
# <min> <max>
0	1

[block]
# block no. 3 follows, 30 sequences, length 168
# corresponding to MSA columns:
# 547-645,648-716
name=unknown_D
#
# <colnr> <probs for GDERKNQSTAVLIFYWHMCP>
#	G	D	E	R	K	N	Q	S	T	A	V	L	I	F	Y	W	H	M	C	P
0	0.02231	0.01681	0.01822	0.01470	0.01922	0.01873	0.01181	0.46338	0.15456	0.03680	0.01949	0.02152	0.01510	0.06948	0.06244	0.00318	0.00802	0.00697	0.00655	0.01071
1	0.73783	0.01340	0.01115	0.07020	0.01639	0.01564	0.00855	0.02029	0.01205	0.03018	0.00994	0.01194	0.00770	0.00652	0.00454	0.00217	0.00573	0.00398	0.00422	0.00757
2	0.80405	0.01350	0.01026	0.00918	0.01350	0.01565	0.00756	0.02051	0.01188	0.03131	0.00972	0.01134	0.00756	0.00648	0.00432	0.00216	0.00540	0.00378	0.00432	0.00756
3	0.01663	0.01579	0.02647	0.06506	0.53775	0.01604	0.05766	0.02213	0.07303	0.02297	0.01616	0.02261	0.01393	0.00745	0.00720	0.00221	0.00816	0.05428	0.00397	0.01049
4	0.01727	0.01658	0.02832	0.04283	0.71123	0.01658	0.02142	0.02142	0.01589	0.02280	0.01313	0.01727	0.01105	0.00622	0.00691	0.00207	0.00829	0.00622	0.00345	0.01105
5	0.01448	0.08763	0.63037	0.01986	0.02967	0.01712	0.06246	0.02203	0.01479	0.02170	0.01241	0.01471	0.00895	0.00654	0.00657	0.00217	0.01019	0.00523	0.00298	0.01016
6	0.01522	0.03515	0.01449	0.01315	0.01641	0.03773	0.01057	0.02789	0.41673	0.02528	0.03394	0.04233	0.10019	0.01255	0.00773	0.00252	0.00582	0.16646	0.00663	0.00921
7	0.00858	0.00711	0.00752	0.00751	0.00975	0.00606	0.00570	0.01060	0.01642	0.02012	0.15277	0.06563	0.59878	0.01729	0.00830	0.00237	0.00361	0.03924	0.00664	0.00600
8	0.01448	0.01390	0.01597	0.01818	0.14697	0.10362	0.03258	0.02005	0.13308	0.02199	0.08820	0.14982	0.13824	0.01287	0.00775	0.00236	0.00648	0.05962	0.00564	0.00821
9	0.04892	0.46527	0.23709	0.01460	0.02164	0.07123	0.01599	0.02171	0.01463	0.01874	0.01061	0.01235	0.00887	0.00627	0.00523	0.00175	0.00858	0.00421	0.00307	0.00924
10	0.00894	0.00650	0.00848	0.00955	0.01044	0.00603	0.00675	0.01074	0.01497	0.02004	0.16708	0.51310	0.10379	0.01990	0.00878	0.00270	0.00404	0.06555	0.00670	0.00591
11	0.01507	0.01162	0.01473	0.01567	0.06758	0.01233	0.01213	0.12372	0.13567	0.02628	0.05226	0.05464	0.03120	0.01477	0.00854	0.00278	0.00650	0.37965	0.00645	0.00841
12	0.05130	0.02479	0.01934	0.01780	0.05412	0.37433	0.01322	0.12675	0.13499	0.04712	0.01517	0.01619	0.01183	0.00804	0.00755	0.00205	0.05561	0.00558	0.00484	0.00937
13	0.01761	0.01512	0.01592	0.01425	0.01824	0.01748	0.01111	0.05519	0.68009	0.02960	0.02808	0.02578	0.02104	0.00944	0.00710	0.00236	0.00558	0.00784	0.00710	0.01107
14	0.01557	0.01485	0.02525	0.33147	0.43587	0.01613	0.02057	0.01993	0.01509	0.02073	0.01283	0.01782	0.01033	0.00653	0.00694	0.00218	0.00871	0.00621	0.00331	0.00968
15	0.01581	0.01490	0.02529	0.18941	0.09935	0.01572	0.18161	0.01977	0.01456	0.05022	0.01298	0.01734	0.01032	0.00727	0.00974	0.00217	0.13816	0.00632	0.00368	0.16540
16	0.01212	0.00606	0.00909	0.00909	0.00909	0.00606	0.00606	0.00909	0.00909	0.01212	0.01212	0.02121	0.01212	0.02424	0.02727	0.79697	0.00606	0.00606	0.00303	0.00303
17	0.01766	0.01746	0.02749	0.06883	0.64153	0.06123	0.02084	0.02168	0.01606	0.02224	0.01295	0.01703	0.01085	0.00631	0.00687	0.00207	0.00860	0.00611	0.00345	0.01074
18	0.02502	0.05337	0.02159	0.01981	0.09329	0.42987	0.01419	0.21244	0.02284	0.02521	0.01267	0.01419	0.01001	0.00738	0.00649	0.00190	0.01058	0.00515	0.00451	0.00949
19	0.01306	0.01229	0.01343	0.01282	0.01422	0.12182	0.00990	0.01519	0.01243	0.01624	0.01663	0.02488	0.01571	0.08267	0.49814	0.00861	0.09472	0.00702	0.00367	0.00655
20	0.10518	0.02966	0.02042	0.01785	0.02185	0.57530	0.06257	0.05112	0.01920	0.01992	0.01114	0.01307	0.00907	0.00706	0.00626	0.00189	0.01161	0.00476	0.00379	0.00827
21	0.01527	0.01527	0.02137	0.01832	0.01832	0.02137	0.01527	0.01679	0.01069	0.01679	0.00916	0.01527	0.00916	0.01221	0.02290	0.00305	0.74198	0.00611	0.00305	0.00763
22	0.00866	0.00627	0.00815	0.00953	0.01015	0.00582	0.00649	0.01002	0.01376	0.01820	0.06154	0.63274	0.09753	0.04161	0.00960	0.00290	0.00414	0.04074	0.00645	0.00570
23	0.00988	0.00713	0.00933	0.00878	0.01043	0.00658	0.00658	0.01317	0.01975	0.02798	0.70754	0.05213	0.06584	0.01427	0.00823	0.00219	0.00329	0.01262	0.00768	0.00658
24	0.01727	0.01658	0.02832	0.04283	0.71123	0.01658	0.02142	0.02142	0.01589	0.02280	0.01313	0.01727	0.01105	0.00622	0.00691	0.00207	0.00829	0.00622	0.00345	0.01105
25	0.02673	0.01922	0.02074	0.01590	0.02148	0.02115	0.01313	0.65989	0.03226	0.07283	0.01722	0.01705	0.01210	0.00839	0.00698	0.00210	0.00760	0.00631	0.00705	0.01187
26	0.00997	0.00748	0.01121	0.01121	0.01246	0.00872	0.00872	0.01246	0.01121	0.01620	0.01869	0.02741	0.01745	0.05234	0.72710	0.01121	0.01869	0.00748	0.00374	0.00623
27	0.00849	0.00611	0.00805	0.00960	0.01009	0.00568	0.00643	0.00973	0.01347	0.01786	0.03982	0.72137	0.07411	0.02169	0.00888	0.00281	0.00403	0.01962	0.00648	0.00568
28	0.80405	0.01350	0.01026	0.00918	0.01350	0.01565	0.00756	0.02051	0.01188	0.03131	0.00972	0.01134	0.00756	0.00648	0.00432	0.00216	0.00540	0.00378	0.00432	0.00756
29	0.02607	0.03326	0.01978	0.01798	0.02157	0.72674	0.01348	0.02787	0.01978	0.01708	0.01079	0.01258	0.00899	0.00719	0.00629	0.00180	0.01258	0.00449	0.00360	0.00809
30	0.03023	0.01360	0.01726	0.01323	0.01867	0.01282	0.01093	0.18100	0.02286	0.56499	0.02511	0.02218	0.01606	0.00858	0.00701	0.00214	0.00633	0.00685	0.00826	0.01187
31	0.00850	0.00607	0.00810	0.00972	0.01012	0.00567	0.00648	0.00972	0.01336	0.01781	0.03846	0.75020	0.04615	0.02186	0.00891	0.00283	0.00405	0.01984	0.00648	0.00567
32	0.01527	0.01527	0.02137	0.01832	0.01832	0.02137	0.01527	0.01679	0.01069	0.01679	0.00916	0.01527	0.00916	0.01221	0.02290	0.00305	0.74198	0.00611	0.00305	0.00763
33	0.01117	0.00747	0.00943	0.00874	0.01079	0.00673	0.00663	0.01415	0.01908	0.07721	0.54356	0.05271	0.17699	0.01446	0.00814	0.00222	0.00353	0.01258	0.00754	0.00685
34	0.00850	0.00607	0.00810	0.00972	0.01012	0.00567	0.00648	0.00972	0.01336	0.01781	0.03846	0.75020	0.04615	0.02186	0.00891	0.00283	0.00405	0.01984	0.00648	0.00567
35	0.02507	0.03165	0.01986	0.07359	0.02362	0.67180	0.01394	0.02709	0.01933	0.01714	0.01091	0.01305	0.00901	0.00717	0.00635	0.00184	0.01233	0.00463	0.00356	0.00806
36	0.01647	0.01882	0.04118	0.02941	0.03647	0.01765	0.68588	0.02235	0.01647	0.02235	0.01412	0.01882	0.01059	0.00588	0.00824	0.00235	0.01176	0.00824	0.00353	0.00941
37	0.01124	0.00803	0.01124	0.01285	0.01446	0.00803	0.01124	0.01446	0.01606	0.02088	0.03695	0.07871	0.04016	0.01928	0.00964	0.00321	0.00643	0.66426	0.00643	0.00643
38	0.01736	0.01499	0.01578	0.01420	0.01815	0.01736	0.01105	0.03708	0.69862	0.02919	0.02840	0.02604	0.02130	0.00947	0.00710	0.00237	0.00552	0.00789	0.00710	0.01105
39	0.01866	0.75896	0.03657	0.01194	0.01791	0.02761	0.01194	0.02090	0.01418	0.01642	0.00970	0.01119	0.00896	0.00597	0.00448	0.00149	0.00746	0.00373	0.00299	0.00896
40	0.01850	0.01578	0.01696	0.01475	0.01895	0.04669	0.03324	0.08270	0.52700	0.05133	0.02602	0.02591	0.01987	0.00934	0.00711	0.00230	0.00622	0.03072	0.00674	0.03988
41	0.09674	0.13723	0.43234	0.02084	0.11150	0.01793	0.04749	0.02168	0.01457	0.02231	0.01196	0.01434	0.00907	0.00644	0.00617	0.00209	0.00919	0.00506	0.00318	0.00988
42	0.01179	0.06354	0.01312	0.01278	0.01471	0.00948	0.01130	0.01493	0.01592	0.02055	0.03493	0.07372	0.03785	0.01829	0.00926	0.00309	0.00650	0.61543	0.00617	0.00661
43	0.00825	0.00707	0.00707	0.00707	0.00943	0.00589	0.00530	0.01001	0.01591	0.01885	0.07069	0.06716	0.70839	0.01767	0.00825	0.00236	0.00353	0.01473	0.00648	0.00589
44	0.02598	0.01804	0.01972	0.01538	0.02074	0.01971	0.01262	0.52686	0.11360	0.12495	0.01952	0.01876	0.01370	0.00854	0.00700	0.00214	0.00720	0.00657	0.00720	0.01177
45	0.01014	0.00681	0.00785	0.00785	0.00793	0.00689	0.00452	0.01030	0.01022	0.01371	0.02177	0.04447	0.02485	0.70881	0.08076	0.00706	0.00755	0.00997	0.00420	0.00436
46	0.01710	0.01470	0.01559	0.01414	0.01799	0.01696	0.01105	0.03613	0.66988	0.02884	0.02876	0.02825	0.02210	0.00988	0.00721	0.00240	0.00556	0.03553	0.00707	0.01085
47	0.00848	0.00614	0.00803	0.00953	0.01007	0.00568	0.00640	0.00974	0.01354	0.01789	0.04070	0.70275	0.09216	0.02157	0.00886	0.00280	0.00401	0.01948	0.00648	0.00568
48	0.01370	0.01296	0.02173	0.63559	0.11734	0.01585	0.01943	0.01817	0.01403	0.01832	0.01235	0.01833	0.00948	0.00710	0.00760	0.00233	0.03825	0.00620	0.00314	0.00810
49	0.01333	0.01261	0.02096	0.68479	0.04586	0.01594	0.01908	0.01775	0.01371	0.01775	0.01216	0.01836	0.00929	0.00736	0.00815	0.00238	0.06346	0.00619	0.00310	0.00774
50	0.00870	0.00625	0.00829	0.00985	0.01042	0.00585	0.00679	0.01008	0.01365	0.01808	0.03954	0.67530	0.07020	0.02152	0.00894	0.00284	0.00421	0.06728	0.00647	0.00573
51	0.01625	0.01583	0.02747	0.19430	0.42094	0.01654	0.10963	0.02190	0.06600	0.02210	0.01423	0.01843	0.01136	0.00658	0.00712	0.00219	0.00878	0.00661	0.00365	0.01009
52	0.01166	0.00948	0.01359	0.01408	0.06418	0.01129	0.00995	0.01365	0.01138	0.01664	0.01721	0.02769	0.01688	0.17041	0.38601	0.00782	0.15364	0.00759	0.03039	0.00649
53	0.02653	0.01955	0.02094	0.01606	0.02164	0.02164	0.01326	0.68796	0.03281	0.04398	0.01675	0.01675	0.01187	0.00838	0.00698	0.00209	0.00768	0.00628	0.00698	0.01187
54	0.02456	0.01796	0.01942	0.01534	0.02041	0.01980	0.01250	0.55357	0.10325	0.06257	0.01973	0.06414	0.01522	0.00935	0.00712	0.00217	0.00716	0.00733	0.00702	0.01139
55	0.00961	0.00723	0.00877	0.00884	0.01045	0.00665	0.00644	0.03416	0.01733	0.02317	0.32240	0.25585	0.22907	0.01716	0.00839	0.00242	0.00372	0.01504	0.00699	0.00632
56	0.01004	0.00672	0.00764	0.00775	0.00778	0.00669	0.00438	0.01012	0.01036	0.01381	0.02308	0.09238	0.02675	0.70616	0.03375	0.00650	0.00659	0.01079	0.00438	0.00432
57	0.00850	0.00607	0.00810	0.00972	0.01012	0.00567	0.00648	0.00972	0.01336	0.01781	0.03846	0.75020	0.04615	0.02186	0.00891	0.00283	0.00405	0.01984	0.00648	0.00567
58	0.02902	0.01255	0.01629	0.01266	0.01781	0.01154	0.01040	0.10458	0.04541	0.57722	0.06673	0.02475	0.01971	0.00897	0.00709	0.00216	0.00596	0.00730	0.00834	0.01153
59	0.05940	0.01205	0.01596	0.01236	0.01767	0.01071	0.01018	0.03362	0.04371	0.66640	0.02690	0.02337	0.01706	0.00859	0.00692	0.00217	0.00590	0.00693	0.00842	0.01169
60	0.01008	0.00677	0.00774	0.00776	0.00787	0.00672	0.00445	0.01032	0.01086	0.01458	0.06568	0.06990	0.02862	0.68337	0.03290	0.00634	0.00645	0.01063	0.00452	0.00443
61	0.01447	0.01240	0.01447	0.01034	0.01654	0.00930	0.00827	0.01757	0.01447	0.02274	0.01240	0.01447	0.01034	0.00517	0.00517	0.00103	0.00517	0.00413	0.00413	0.79742
62	0.02261	0.01706	0.01766	0.01423	0.01875	0.06639	0.01148	0.40962	0.07741	0.08232	0.13946	0.02551	0.04648	0.00974	0.00721	0.00212	0.00684	0.00772	0.00697	0.01042
63	0.00869	0.00615	0.00804	0.00948	0.00984	0.00579	0.00623	0.00976	0.01300	0.01733	0.03662	0.67123	0.04382	0.10401	0.01189	0.00327	0.00435	0.01875	0.00623	0.00551
64	0.00947	0.00701	0.00965	0.01059	0.01141	0.00668	0.02815	0.03723	0.01424	0.01900	0.03683	0.69783	0.04366	0.02082	0.00881	0.00279	0.00444	0.01893	0.00640	0.00603
65	0.01318	0.01240	0.02093	0.73798	0.04806	0.01550	0.01938	0.01783	0.01395	0.01783	0.01240	0.01860	0.00930	0.00698	0.00698	0.00233	0.00930	0.00620	0.00310	0.00775
66	0.01687	0.01617	0.02761	0.11031	0.64685	0.01648	0.02122	0.02107	0.01570	0.02232	0.01306	0.01740	0.01088	0.00629	0.00692	0.00210	0.00839	0.00622	0.00342	0.01073
67	0.00997	0.00748	0.01121	0.01121	0.01246	0.00872	0.00872	0.01246	0.01121	0.01620	0.01869	0.02741	0.01745	0.05234	0.72710	0.01121	0.01869	0.00748	0.00374	0.00623
68	0.00859	0.00713	0.00755	0.00758	0.00982	0.00609	0.00578	0.01061	0.01633	0.01995	0.13714	0.06620	0.60126	0.01740	0.00833	0.00239	0.00367	0.05158	0.00661	0.00600
69	0.01727	0.01658	0.02832	0.04283	0.71123	0.01658	0.02142	0.02142	0.01589	0.02280	0.01313	0.01727	0.01105	0.00622	0.00691	0.00207	0.00829	0.00622	0.00345	0.01105
70	0.01297	0.00853	0.01079	0.00978	0.01209	0.00821	0.00748	0.01810	0.09813	0.09978	0.55834	0.04616	0.05564	0.01313	0.00797	0.00221	0.00383	0.01149	0.00771	0.00765
71	0.04849	0.01030	0.01352	0.01132	0.01519	0.00932	0.00896	0.02624	0.04268	0.44018	0.14792	0.14157	0.03012	0.01164	0.00744	0.00228	0.00515	0.00992	0.00794	0.00981
72	0.00855	0.00615	0.00811	0.00958	0.01011	0.00571	0.00644	0.00987	0.01372	0.01828	0.06783	0.69681	0.07019	0.02139	0.00886	0.00279	0.00400	0.01935	0.00653	0.00571
73	0.01553	0.07271	0.02255	0.01783	0.01829	0.02186	0.01501	0.01711	0.01096	0.01676	0.00920	0.01495	0.00914	0.01173	0.02148	0.00293	0.68525	0.00592	0.00305	0.00774
74	0.01002	0.00671	0.00765	0.00777	0.00780	0.00668	0.00440	0.01011	0.01040	0.01386	0.02326	0.10009	0.02698	0.69815	0.03346	0.00646	0.00656	0.01090	0.00440	0.00434
75	0.01212	0.00606	0.00909	0.00909	0.00909	0.00606	0.00606	0.00909	0.00909	0.01212	0.01212	0.02121	0.01212	0.02424	0.02727	0.79697	0.00606	0.00606	0.00303	0.00303
76	0.80405	0.01350	0.01026	0.00918	0.01350	0.01565	0.00756	0.02051	0.01188	0.03131	0.00972	0.01134	0.00756	0.00648	0.00432	0.00216	0.00540	0.00378	0.00432	0.00756
77	0.01667	0.01430	0.01519	0.01385	0.01753	0.01645	0.01069	0.03497	0.64569	0.02831	0.02918	0.08197	0.02322	0.01042	0.00724	0.00240	0.00541	0.00881	0.00705	0.01063
78	0.80405	0.01350	0.01026	0.00918	0.01350	0.01565	0.00756	0.02051	0.01188	0.03131	0.00972	0.01134	0.00756	0.00648	0.00432	0.00216	0.00540	0.00378	0.00432	0.00756
79	0.59188	0.01496	0.01296	0.01098	0.01557	0.01711	0.00902	0.17631	0.04420	0.03417	0.01210	0.01318	0.00911	0.00704	0.00505	0.00215	0.00593	0.00453	0.00505	0.00870
80	0.66876	0.03316	0.01250	0.06362	0.01676	0.01639	0.00896	0.06882	0.01361	0.03085	0.01043	0.01226	0.00804	0.00664	0.00471	0.00215	0.00591	0.00414	0.00439	0.00792
81	0.02953	0.01447	0.06862	0.01335	0.01913	0.01190	0.01172	0.10208	0.02094	0.59390	0.02528	0.02235	0.01608	0.00846	0.00699	0.00216	0.00644	0.00680	0.00804	0.01176
82	0.00848	0.00615	0.00802	0.00952	0.01007	0.00568	0.00639	0.00974	0.01355	0.01789	0.04080	0.70058	0.09427	0.02156	0.00886	0.00280	0.00401	0.01947	0.00648	0.00568
83	0.01657	0.01364	0.01560	0.01133	0.01742	0.01145	0.00914	0.13409	0.01766	0.02643	0.01316	0.01487	0.01060	0.00573	0.00548	0.00122	0.00560	0.00451	0.00463	0.66088
84	0.01050	0.00723	0.00923	0.00873	0.01040	0.00664	0.00644	0.01332	0.01848	0.05122	0.55383	0.08124	0.11032	0.06938	0.01023	0.00257	0.00370	0.01270	0.00732	0.00651
85	0.01222	0.00816	0.01036	0.00941	0.01157	0.00770	0.00718	0.03899	0.04147	0.07910	0.58813	0.04852	0.08272	0.01362	0.00806	0.00220	0.00372	0.01191	0.00767	0.00728
86	0.02609	0.01784	0.01944	0.01501	0.02030	0.01940	0.01237	0.57319	0.03021	0.11272	0.01829	0.01813	0.01285	0.00839	0.00684	0.00207	0.00719	0.00637	0.06180	0.01150
87	0.00980	0.00659	0.00782	0.00827	0.00849	0.00652	0.00503	0.01035	0.01125	0.01530	0.02646	0.23913	0.03056	0.49912	0.04992	0.00562	0.00627	0.01259	0.03613	0.00478
88	0.00877	0.00607	0.00817	0.00967	0.01005	0.00570	0.00645	0.00967	0.01304	0.01739	0.03651	0.69632	0.04364	0.02204	0.01026	0.06153	0.00420	0.01882	0.00622	0.00547
89	0.01015	0.00677	0.00761	0.00761	0.00761	0.00677	0.00423	0.01015	0.01015	0.01353	0.02199	0.04567	0.02537	0.75476	0.03552	0.00677	0.00677	0.01015	0.00423	0.00423
90	0.00876	0.00635	0.00834	0.00983	0.01051	0.00593	0.00688	0.01023	0.01384	0.01821	0.04081	0.62836	0.09688	0.02127	0.00893	0.00284	0.00425	0.08555	0.00647	0.00576
91	0.01318	0.01240	0.02093	0.73798	0.04806	0.01550	0.01938	0.01783	0.01395	0.01783	0.01240	0.01860	0.00930	0.00698	0.00698	0.00233	0.00930	0.00620	0.00310	0.00775
92	0.01820	0.64856	0.08730	0.01272	0.01887	0.02598	0.01294	0.02218	0.06481	0.01780	0.01130	0.01256	0.00986	0.00628	0.00484	0.00161	0.00754	0.00415	0.00329	0.00921
93	0.00936	0.00676	0.00872	0.01000	0.01075	0.00644	0.00690	0.03848	0.01440	0.01908	0.03887	0.66315	0.07290	0.02101	0.00883	0.00280	0.00427	0.04481	0.00650	0.00597
94	0.01301	0.00650	0.00650	0.00650	0.00813	0.00650	0.00488	0.01626	0.01463	0.02602	0.02276	0.02602	0.01789	0.00813	0.00488	0.00163	0.00325	0.00650	0.79350	0.00650
95	0.00880	0.00714	0.00783	0.00780	0.00995	0.00617	0.00594	0.01100	0.01681	0.02109	0.21687	0.06432	0.52082	0.01697	0.00832	0.00237	0.00364	0.05132	0.00676	0.00608
96	0.01393	0.01364	0.02501	0.54622	0.04382	0.01564	0.17190	0.01881	0.01456	0.01919	0.01321	0.01895	0.00994	0.00677	0.00718	0.00230	0.00963	0.00668	0.03454	0.00808
97	0.00855	0.00636	0.00797	0.00909	0.01000	0.00578	0.00624	0.01003	0.01437	0.01878	0.09474	0.55414	0.18768	0.02041	0.00872	0.00269	0.00388	0.01822	0.00657	0.00578
98	0.80405	0.01350	0.01026	0.00918	0.01350	0.01565	0.00756	0.02051	0.01188	0.03131	0.00972	0.01134	0.00756	0.00648	0.00432	0.00216	0.00540	0.00378	0.00432	0.00756
99	0.02586	0.01922	0.02057	0.01592	0.02139	0.02133	0.01310	0.64067	0.08118	0.04290	0.01760	0.01743	0.01255	0.00846	0.00699	0.00211	0.00752	0.00640	0.00699	0.01181
100	0.09922	0.68248	0.03387	0.01166	0.01746	0.02639	0.01149	0.02086	0.01394	0.01795	0.00970	0.01121	0.00881	0.00602	0.00446	0.00156	0.00725	0.00374	0.00312	0.00881
101	0.01301	0.00650	0.00650	0.00650	0.00813	0.00650	0.00488	0.01626	0.01463	0.02602	0.02276	0.02602	0.01789	0.00813	0.00488	0.00163	0.00325	0.00650	0.79350	0.00650
102	0.00907	0.00696	0.00837	0.00905	0.01037	0.00645	0.00639	0.01168	0.04915	0.02019	0.14664	0.41612	0.23614	0.01892	0.00853	0.00258	0.00386	0.01672	0.00669	0.00614
103	0.01866	0.75896	0.03657	0.01194	0.01791	0.02761	0.01194	0.02090	0.01418	0.01642	0.00970	0.01119	0.00896	0.00597	0.00448	0.00149	0.00746	0.00373	0.00299	0.00896
104	0.01521	0.22480	0.54056	0.01781	0.02699	0.01918	0.02217	0.02179	0.01459	0.02062	0.01179	0.01381	0.00887	0.00646	0.00607	0.00202	0.00957	0.00478	0.00296	0.00996
105	0.01301	0.00650	0.00650	0.00650	0.00813	0.00650	0.00488	0.01626	0.01463	0.02602	0.02276	0.02602	0.01789	0.00813	0.00488	0.00163	0.00325	0.00650	0.79350	0.00650
106	0.00966	0.00689	0.00771	0.00771	0.00838	0.00667	0.00479	0.01027	0.01166	0.01504	0.03399	0.04986	0.19619	0.52398	0.07386	0.00595	0.00673	0.01112	0.00476	0.00478
107	0.01643	0.01572	0.02680	0.18607	0.57458	0.01636	0.02100	0.02068	0.01549	0.02177	0.01298	0.01755	0.01069	0.00637	0.00692	0.00212	0.00850	0.00621	0.00338	0.01037
108	0.80405	0.01350	0.01026	0.00918	0.01350	0.01565	0.00756	0.02051	0.01188	0.03131	0.00972	0.01134	0.00756	0.00648	0.00432	0.00216	0.00540	0.00378	0.00432	0.00756
109	0.00960	0.00742	0.00880	0.00940	0.01127	0.00681	0.00756	0.01185	0.01567	0.01955	0.07561	0.06952	0.37839	0.07266	0.01080	0.00301	0.00488	0.26489	0.00633	0.00600
110	0.00997	0.00748	0.01121	0.01121	0.01246	0.00872	0.00872	0.01246	0.01121	0.01620	0.01869	0.02741	0.01745	0.05234	0.72710	0.01121	0.01869	0.00748	0.00374	0.00623
