[name]
unknown

[dist]
# distance from previous block
# <min> <max>
0	49

[block]
# block no. 0 follows, 29 sequences, length 11
# corresponding to MSA columns:
# 49-59
name=unknown_A
#
# <colnr> <probs for GDERKNQSTAVLIFYWHMCP>
#	G	D	E	R	K	N	Q	S	T	A	V	L	I	F	Y	W	H	M	C	P
0	0.01435	0.00952	0.01327	0.01371	0.01561	0.01005	0.01184	0.01736	0.01622	0.10135	0.03327	0.06621	0.03456	0.01756	0.01110	0.00313	0.09175	0.50537	0.00642	0.00735
1	0.02534	0.01619	0.10612	0.09862	0.02368	0.01390	0.01434	0.06873	0.01868	0.42074	0.02149	0.02101	0.01428	0.00877	0.00900	0.00233	0.09254	0.00667	0.00665	0.01092
2	0.02324	0.02648	0.02123	0.10332	0.07016	0.42543	0.01518	0.10479	0.01975	0.02120	0.01190	0.01471	0.00973	0.00799	0.00861	0.00210	0.09606	0.00532	0.00396	0.00883
3	0.01629	0.01764	0.03436	0.06387	0.06209	0.01857	0.42538	0.02092	0.01507	0.02114	0.01292	0.01806	0.01037	0.00772	0.01203	0.00253	0.19790	0.00752	0.00347	0.03213
4	0.00924	0.00722	0.01035	0.01083	0.01193	0.00666	0.05104	0.01083	0.01405	0.01846	0.04114	0.58575	0.12684	0.04729	0.00995	0.00294	0.00469	0.01844	0.00633	0.00601
5	0.01049	0.00787	0.01115	0.01099	0.01192	0.00911	0.00822	0.01241	0.01117	0.01595	0.01933	0.03150	0.01918	0.20681	0.53285	0.01000	0.05301	0.00817	0.00389	0.00597
6	0.37445	0.01767	0.01571	0.01314	0.01789	0.07299	0.01065	0.25391	0.10382	0.03506	0.01485	0.01544	0.01108	0.00772	0.00586	0.00218	0.00690	0.00532	0.00565	0.00972
7	0.11056	0.01029	0.01286	0.01195	0.01429	0.01181	0.00947	0.11701	0.01493	0.02282	0.01763	0.02426	0.01567	0.04069	0.52245	0.00886	0.01566	0.00697	0.00440	0.00741
8	0.13512	0.01664	0.01630	0.01398	0.01775	0.13142	0.01116	0.10064	0.08021	0.18549	0.01846	0.01990	0.01393	0.01629	0.13135	0.00382	0.06616	0.00626	0.00568	0.00943
9	0.06650	0.01514	0.01763	0.01443	0.01880	0.04717	0.06215	0.22837	0.06598	0.07152	0.02219	0.18756	0.02054	0.01102	0.00724	0.00219	0.00677	0.00941	0.00611	0.11928
10	0.02061	0.01758	0.02265	0.03578	0.02335	0.07116	0.13878	0.22042	0.06296	0.07069	0.05134	0.01993	0.01508	0.00921	0.02770	0.00232	0.04020	0.00679	0.00549	0.13797

[dist]
# distance from previous block
# <min> <max>
44	122

[block]
# block no. 1 follows, 29 sequences, length 11
# corresponding to MSA columns:
# 212-222
name=unknown_B
#
# <colnr> <probs for GDERKNQSTAVLIFYWHMCP>
#	G	D	E	R	K	N	Q	S	T	A	V	L	I	F	Y	W	H	M	C	P
0	0.02328	0.01670	0.01852	0.01431	0.01991	0.01720	0.01166	0.36219	0.12052	0.10730	0.01885	0.01862	0.01367	0.00794	0.00670	0.00192	0.00672	0.00619	0.00661	0.20119
1	0.02628	0.01837	0.02005	0.01568	0.02112	0.02011	0.01285	0.51400	0.12716	0.11943	0.02008	0.01929	0.01414	0.00874	0.00715	0.00218	0.00731	0.00673	0.00734	0.01199
2	0.01617	0.21451	0.47496	0.01873	0.02765	0.05165	0.05910	0.02253	0.01523	0.02089	0.01207	0.01427	0.00916	0.00658	0.00629	0.00206	0.00999	0.00505	0.00308	0.01002
3	0.02531	0.01149	0.01500	0.01197	0.01642	0.01050	0.00970	0.08959	0.02155	0.45515	0.21722	0.03174	0.03110	0.01041	0.00751	0.00221	0.00546	0.00870	0.00838	0.01059
4	0.00868	0.00620	0.00826	0.00991	0.01033	0.00578	0.00661	0.00991	0.01363	0.01818	0.03925	0.74510	0.04710	0.02231	0.00909	0.00289	0.00413	0.02024	0.00661	0.00578
5	0.01017	0.00763	0.01144	0.01144	0.01272	0.00890	0.00890	0.01272	0.01144	0.01653	0.01907	0.02797	0.01780	0.05340	0.72153	0.01144	0.01907	0.00763	0.00381	0.00636
6	0.01554	0.04601	0.02086	0.05935	0.01983	0.06447	0.01463	0.01747	0.01192	0.01712	0.01104	0.01718	0.01053	0.01733	0.11903	0.00410	0.51645	0.00623	0.00325	0.00768
7	0.01573	0.01614	0.02950	0.08269	0.02998	0.01511	0.34762	0.02036	0.01550	0.02219	0.01333	0.01741	0.01051	0.00626	0.00816	0.00198	0.05564	0.00663	0.00375	0.28152
8	0.02179	0.01765	0.01759	0.01506	0.01953	0.08223	0.01188	0.16814	0.43232	0.09664	0.02483	0.02316	0.01823	0.00914	0.00714	0.00229	0.00678	0.00731	0.00704	0.01125
9	0.00923	0.00667	0.00851	0.00921	0.01013	0.00618	0.00633	0.01103	0.01550	0.02097	0.23843	0.41888	0.10500	0.08607	0.01131	0.00302	0.00411	0.01671	0.00677	0.00595
10	0.00912	0.00648	0.00861	0.01003	0.01054	0.00622	0.00687	0.01046	0.01344	0.01793	0.03663	0.59585	0.04330	0.09161	0.04420	0.00369	0.00526	0.06777	0.00626	0.00573

[dist]
# distance from previous block
# <min> <max>
12	17

[block]
# block no. 2 follows, 29 sequences, length 10
# corresponding to MSA columns:
# 240-249
name=unknown_C
#
# <colnr> <probs for GDERKNQSTAVLIFYWHMCP>
#	G	D	E	R	K	N	Q	S	T	A	V	L	I	F	Y	W	H	M	C	P
0	0.00900	0.00633	0.00817	0.00950	0.00983	0.00600	0.00617	0.01000	0.01300	0.01733	0.03600	0.61040	0.04301	0.16259	0.01433	0.00367	0.00467	0.01834	0.00617	0.00550
1	0.02481	0.01266	0.01563	0.01288	0.01748	0.01250	0.01033	0.03346	0.24623	0.40807	0.10101	0.02814	0.02435	0.00972	0.00732	0.00228	0.00563	0.00808	0.00818	0.01125
2	0.01762	0.01692	0.02890	0.04371	0.70533	0.01692	0.02185	0.02185	0.01621	0.02326	0.01339	0.01762	0.01128	0.00634	0.00705	0.00211	0.00846	0.00634	0.00352	0.01128
3	0.01345	0.01266	0.02136	0.73264	0.04904	0.01582	0.01978	0.01819	0.01424	0.01819	0.01266	0.01898	0.00949	0.00712	0.00712	0.00237	0.00949	0.00633	0.00316	0.00791
4	0.01500	0.01249	0.01454	0.01091	0.01654	0.01001	0.00861	0.06564	0.01601	0.02424	0.01588	0.09449	0.01464	0.00737	0.00582	0.00133	0.00534	0.00612	0.00469	0.65032
5	0.01446	0.01369	0.02318	0.56588	0.20790	0.01609	0.02028	0.01908	0.01472	0.01942	0.01283	0.01865	0.00992	0.00693	0.00710	0.00231	0.00924	0.00633	0.00325	0.00873
6	0.00966	0.00684	0.00872	0.00928	0.00980	0.00692	0.00615	0.01072	0.01196	0.01612	0.02955	0.28097	0.06041	0.31860	0.17575	0.00634	0.00848	0.01332	0.00508	0.00533
7	0.01505	0.13174	0.58788	0.01971	0.02947	0.01817	0.05823	0.02240	0.01505	0.02179	0.01248	0.01477	0.00913	0.00664	0.00656	0.00216	0.01021	0.00523	0.00304	0.01029
8	0.02490	0.01891	0.01942	0.01549	0.02050	0.06608	0.01254	0.50493	0.06694	0.07080	0.02130	0.06521	0.04048	0.00976	0.00726	0.00219	0.00757	0.00760	0.00693	0.01118
9	0.11772	0.01350	0.01565	0.01296	0.01778	0.01383	0.01044	0.03424	0.27048	0.37561	0.02627	0.02360	0.01799	0.00887	0.00687	0.00228	0.00584	0.00710	0.00770	0.01128

[dist]
# distance from previous block
# <min> <max>
0	2

[block]
# block no. 3 follows, 29 sequences, length 51
# corresponding to MSA columns:
# 252-302
name=unknown_D
#
# <colnr> <probs for GDERKNQSTAVLIFYWHMCP>
#	G	D	E	R	K	N	Q	S	T	A	V	L	I	F	Y	W	H	M	C	P
0	0.02329	0.02741	0.01997	0.01781	0.02073	0.47565	0.01374	0.06797	0.04407	0.01964	0.01286	0.04348	0.01139	0.00917	0.01012	0.00218	0.16228	0.00580	0.00403	0.00842
1	0.00893	0.00639	0.00860	0.01019	0.01073	0.00607	0.00703	0.01036	0.01374	0.01833	0.03839	0.67210	0.04558	0.02328	0.03568	0.00324	0.00486	0.06414	0.00650	0.00586
2	0.01771	0.01447	0.01633	0.01212	0.01815	0.01287	0.00977	0.16729	0.06613	0.02849	0.01478	0.01611	0.01167	0.00631	0.00582	0.00139	0.00587	0.00497	0.00508	0.56465
3	0.00886	0.00723	0.00783	0.00768	0.00989	0.00620	0.00576	0.01108	0.01728	0.02172	0.24025	0.06443	0.53278	0.01711	0.00841	0.00236	0.00354	0.01445	0.00694	0.00620
4	0.01017	0.00763	0.01144	0.01144	0.01272	0.00890	0.00890	0.01272	0.01144	0.01653	0.01907	0.02797	0.01780	0.05340	0.72153	0.01144	0.01907	0.00763	0.00381	0.00636
5	0.01477	0.01266	0.01477	0.01055	0.01687	0.00949	0.00844	0.01793	0.01477	0.02320	0.01266	0.01477	0.01055	0.00527	0.00527	0.00105	0.00527	0.00422	0.00422	0.79328
6	0.01681	0.01921	0.04202	0.03001	0.03721	0.01801	0.67947	0.02281	0.01681	0.02281	0.01441	0.01921	0.01080	0.00600	0.00840	0.00240	0.01200	0.00840	0.00360	0.00960
7	0.01345	0.01266	0.02136	0.73264	0.04904	0.01582	0.01978	0.01819	0.01424	0.01819	0.01266	0.01898	0.00949	0.00712	0.00712	0.00237	0.00949	0.00633	0.00316	0.00791
8	0.01710	0.01258	0.01500	0.01083	0.01705	0.00962	0.00871	0.02020	0.01553	0.11636	0.01475	0.01605	0.01151	0.00575	0.00553	0.00121	0.00538	0.00462	0.00484	0.68737
9	0.80005	0.01377	0.01047	0.00936	0.01377	0.01597	0.00771	0.02093	0.01212	0.03195	0.00991	0.01157	0.00771	0.00661	0.00441	0.00220	0.00551	0.00386	0.00441	0.00771
10	0.01428	0.03683	0.71286	0.02030	0.03082	0.01654	0.02631	0.02255	0.01503	0.02255	0.01278	0.01503	0.00902	0.00677	0.00677	0.00226	0.01052	0.00526	0.00301	0.01052
11	0.01762	0.01692	0.02890	0.04371	0.70533	0.01692	0.02185	0.02185	0.01621	0.02326	0.01339	0.01762	0.01128	0.00634	0.00705	0.00211	0.00846	0.00634	0.00352	0.01128
12	0.01904	0.75404	0.03731	0.01218	0.01828	0.02818	0.01218	0.02132	0.01447	0.01675	0.00990	0.01142	0.00914	0.00609	0.00457	0.00152	0.00761	0.00381	0.00305	0.00914
13	0.01327	0.00664	0.00664	0.00664	0.00830	0.00664	0.00498	0.01659	0.01493	0.02655	0.02323	0.02655	0.01825	0.00830	0.00498	0.00166	0.00332	0.00664	0.78928	0.00664
14	0.02773	0.01289	0.01631	0.01304	0.01807	0.01231	0.01059	0.05873	0.16649	0.50821	0.05716	0.02573	0.02047	0.00924	0.00723	0.00225	0.00592	0.00757	0.00837	0.01170
15	0.01516	0.01492	0.02083	0.01797	0.01802	0.02070	0.01486	0.01669	0.01090	0.01698	0.01026	0.01733	0.01035	0.04436	0.05070	0.00359	0.67916	0.00645	0.00319	0.00759
16	0.01017	0.00763	0.01144	0.01144	0.01272	0.00890	0.00890	0.01272	0.01144	0.01653	0.01907	0.02797	0.01780	0.05340	0.72153	0.01144	0.01907	0.00763	0.00381	0.00636
17	0.01147	0.00820	0.01147	0.01311	0.01475	0.00820	0.01147	0.01475	0.01639	0.02131	0.03770	0.08032	0.04098	0.01967	0.00984	0.00328	0.00656	0.65741	0.00656	0.00656
18	0.01281	0.01282	0.02544	0.02014	0.02401	0.01200	0.34898	0.01648	0.01525	0.02053	0.02661	0.37575	0.02863	0.01401	0.00874	0.00264	0.00814	0.01422	0.00508	0.00773
19	0.01771	0.01530	0.01610	0.01449	0.01852	0.01771	0.01127	0.03784	0.69247	0.02979	0.02898	0.02657	0.02174	0.00966	0.00725	0.00242	0.00564	0.00805	0.00725	0.01127
20	0.01345	0.01266	0.02136	0.73264	0.04904	0.01582	0.01978	0.01819	0.01424	0.01819	0.01266	0.01898	0.00949	0.00712	0.00712	0.00237	0.00949	0.00633	0.00316	0.00791
21	0.01771	0.01530	0.01610	0.01449	0.01852	0.01771	0.01127	0.03784	0.69247	0.02979	0.02898	0.02657	0.02174	0.00966	0.00725	0.00242	0.00564	0.00805	0.00725	0.01127
22	0.01327	0.00664	0.00664	0.00664	0.00830	0.00664	0.00498	0.01659	0.01493	0.02655	0.02323	0.02655	0.01825	0.00830	0.00498	0.00166	0.00332	0.00664	0.78928	0.00664
23	0.01762	0.01692	0.02890	0.04371	0.70533	0.01692	0.02185	0.02185	0.01621	0.02326	0.01339	0.01762	0.01128	0.00634	0.00705	0.00211	0.00846	0.00634	0.00352	0.01128
24	0.01035	0.00693	0.00790	0.00790	0.00795	0.00698	0.00449	0.01044	0.01040	0.01391	0.02231	0.04590	0.02558	0.72366	0.06192	0.00707	0.00736	0.01025	0.00430	0.00439
25	0.80005	0.01377	0.01047	0.00936	0.01377	0.01597	0.00771	0.02093	0.01212	0.03195	0.00991	0.01157	0.00771	0.00661	0.00441	0.00220	0.00551	0.00386	0.00441	0.00771
26	0.01731	0.49422	0.28203	0.01512	0.02282	0.02396	0.01730	0.02177	0.01467	0.01885	0.01094	0.01273	0.00910	0.00634	0.00536	0.00179	0.00867	0.00433	0.00303	0.00964
27	0.08712	0.01929	0.01968	0.01553	0.02079	0.05554	0.01268	0.52955	0.05537	0.06336	0.01774	0.03976	0.01326	0.00882	0.00694	0.00216	0.00764	0.00664	0.00678	0.01134
28	0.01327	0.00664	0.00664	0.00664	0.00830	0.00664	0.00498	0.01659	0.01493	0.02655	0.02323	0.02655	0.01825	0.00830	0.00498	0.00166	0.00332	0.00664	0.78928	0.00664
29	0.01730	0.01659	0.02832	0.09721	0.65437	0.01683	0.02169	0.02157	0.01606	0.02287	0.01334	0.01773	0.01114	0.00640	0.00705	0.00213	0.00854	0.00634	0.00350	0.01102
30	0.01036	0.00690	0.00777	0.00777	0.00777	0.00690	0.00431	0.01036	0.01036	0.01381	0.02244	0.04660	0.02589	0.74975	0.03624	0.00690	0.00690	0.01036	0.00431	0.00431
31	0.01904	0.75404	0.03731	0.01218	0.01828	0.02818	0.01218	0.02132	0.01447	0.01675	0.00990	0.01142	0.00914	0.00609	0.00457	0.00152	0.00761	0.00381	0.00305	0.00914
32	0.01558	0.01558	0.02181	0.01869	0.01869	0.02181	0.01558	0.01714	0.01091	0.01714	0.00935	0.01558	0.00935	0.01246	0.02337	0.00312	0.73672	0.00623	0.00312	0.00779
33	0.01477	0.01266	0.01477	0.01055	0.01687	0.00949	0.00844	0.01793	0.01477	0.02320	0.01266	0.01477	0.01055	0.00527	0.00527	0.00105	0.00527	0.00422	0.00422	0.79328
34	0.00888	0.00727	0.00786	0.00781	0.01003	0.00624	0.00592	0.01106	0.01704	0.02124	0.20019	0.06585	0.54536	0.01738	0.00847	0.00241	0.00367	0.04027	0.00686	0.00618
35	0.01237	0.00618	0.00928	0.00928	0.00928	0.00618	0.00618	0.00928	0.00928	0.01237	0.01237	0.02165	0.01237	0.02474	0.02783	0.79283	0.00618	0.00618	0.00309	0.00309
36	0.01008	0.00728	0.00952	0.00896	0.01064	0.00672	0.00672	0.01344	0.02016	0.02855	0.70158	0.05319	0.06719	0.01456	0.00840	0.00224	0.00336	0.01288	0.00784	0.00672
37	0.01477	0.01266	0.01477	0.01055	0.01687	0.00949	0.00844	0.01793	0.01477	0.02320	0.01266	0.01477	0.01055	0.00527	0.00527	0.00105	0.00527	0.00422	0.00422	0.79328
38	0.01517	0.03559	0.67799	0.01991	0.03019	0.01623	0.02552	0.02316	0.01530	0.05699	0.01355	0.01549	0.00945	0.00687	0.00678	0.00225	0.01030	0.00536	0.00330	0.01060
39	0.80005	0.01377	0.01047	0.00936	0.01377	0.01597	0.00771	0.02093	0.01212	0.03195	0.00991	0.01157	0.00771	0.00661	0.00441	0.00220	0.00551	0.00386	0.00441	0.00771
40	0.80005	0.01377	0.01047	0.00936	0.01377	0.01597	0.00771	0.02093	0.01212	0.03195	0.00991	0.01157	0.00771	0.00661	0.00441	0.00220	0.00551	0.00386	0.00441	0.00771
41	0.00842	0.00721	0.00721	0.00721	0.00962	0.00601	0.00541	0.01022	0.01623	0.01924	0.07213	0.06853	0.70244	0.01803	0.00842	0.00240	0.00361	0.01503	0.00661	0.00601
42	0.01528	0.01296	0.01504	0.01079	0.01709	0.01001	0.00865	0.04544	0.01554	0.02410	0.01284	0.01486	0.01061	0.00541	0.00535	0.00110	0.00538	0.00431	0.00434	0.76091
43	0.01970	0.63549	0.03421	0.01295	0.01856	0.11663	0.01227	0.02194	0.01510	0.01683	0.01036	0.01218	0.00944	0.00790	0.02971	0.00191	0.00869	0.00404	0.00315	0.00893
44	0.01237	0.00618	0.00928	0.00928	0.00928	0.00618	0.00618	0.00928	0.00928	0.01237	0.01237	0.02165	0.01237	0.02474	0.02783	0.79283	0.00618	0.00618	0.00309	0.00309
45	0.01762	0.01692	0.02890	0.04371	0.70533	0.01692	0.02185	0.02185	0.01621	0.02326	0.01339	0.01762	0.01128	0.00634	0.00705	0.00211	0.00846	0.00634	0.00352	0.01128
46	0.01428	0.03683	0.71286	0.02030	0.03082	0.01654	0.02631	0.02255	0.01503	0.02255	0.01278	0.01503	0.00902	0.00677	0.00677	0.00226	0.01052	0.00526	0.00301	0.01052
47	0.01396	0.00835	0.01095	0.00966	0.01221	0.00748	0.00743	0.01721	0.01992	0.14187	0.55487	0.04644	0.05609	0.01314	0.00804	0.00217	0.00391	0.01149	0.00782	0.04700
48	0.01485	0.01294	0.01595	0.01139	0.01776	0.00986	0.03762	0.01814	0.01485	0.02319	0.01273	0.01496	0.01056	0.00531	0.00541	0.00111	0.00557	0.00440	0.00419	0.75920
49	0.01377	0.01157	0.01261	0.01154	0.01408	0.08469	0.02913	0.01785	0.07284	0.05844	0.30004	0.19488	0.06315	0.01394	0.00795	0.00227	0.00529	0.01221	0.00668	0.06706
50	0.01445	0.00967	0.01185	0.01055	0.01319	0.00963	0.00820	0.04069	0.10521	0.11623	0.39202	0.04539	0.13702	0.01338	0.00867	0.00231	0.03457	0.01133	0.00750	0.00812

[dist]
# distance from previous block
# <min> <max>
0	2

[block]
# block no. 4 follows, 29 sequences, length 35
# corresponding to MSA columns:
# 305-339
name=unknown_E
#
# <colnr> <probs for GDERKNQSTAVLIFYWHMCP>
#	G	D	E	R	K	N	Q	S	T	A	V	L	I	F	Y	W	H	M	C	P
0	0.04661	0.02107	0.01889	0.01572	0.02041	0.17543	0.01246	0.32315	0.17349	0.03321	0.01870	0.04262	0.01456	0.00879	0.00690	0.00211	0.00816	0.00666	0.00616	0.04491
1	0.01468	0.09714	0.65605	0.01961	0.02976	0.01752	0.02512	0.02245	0.01499	0.02206	0.01254	0.01473	0.00903	0.00671	0.00658	0.00219	0.01028	0.00514	0.00301	0.01041
2	0.02155	0.07861	0.11742	0.01459	0.02028	0.01773	0.01338	0.31266	0.06986	0.09478	0.02188	0.02270	0.06151	0.03801	0.00798	0.00229	0.00730	0.00692	0.03659	0.03395
3	0.00969	0.00724	0.00968	0.01031	0.01158	0.00687	0.00730	0.01142	0.01330	0.01840	0.03195	0.51022	0.03674	0.02694	0.15932	0.00449	0.00742	0.01575	0.00575	0.09564
4	0.01477	0.01266	0.01477	0.01055	0.01687	0.00949	0.00844	0.01793	0.01477	0.02320	0.01266	0.01477	0.01055	0.00527	0.00527	0.00105	0.00527	0.00422	0.00422	0.79328
5	0.01449	0.03537	0.65701	0.02110	0.03135	0.01666	0.08068	0.02257	0.01518	0.02257	0.01291	0.01538	0.00917	0.00670	0.00690	0.00227	0.01065	0.00552	0.00306	0.01045
6	0.01345	0.01266	0.02136	0.73264	0.04904	0.01582	0.01978	0.01819	0.01424	0.01819	0.01266	0.01898	0.00949	0.00712	0.00712	0.00237	0.00949	0.00633	0.00316	0.00791
7	0.01512	0.01238	0.01457	0.01059	0.01666	0.00938	0.00844	0.01819	0.01491	0.04661	0.01423	0.04388	0.01223	0.00607	0.00549	0.00117	0.00526	0.00495	0.00447	0.73540
8	0.76404	0.01483	0.04265	0.00987	0.01455	0.01600	0.00856	0.02101	0.01225	0.03152	0.01005	0.01173	0.00777	0.00662	0.00451	0.00221	0.00574	0.00392	0.00434	0.00784
9	0.01598	0.09117	0.60774	0.01909	0.02889	0.01699	0.02401	0.02337	0.01539	0.07364	0.01370	0.01544	0.00967	0.00687	0.00662	0.00219	0.00996	0.00529	0.00345	0.01053
10	0.01477	0.01266	0.01477	0.01055	0.01687	0.00949	0.00844	0.01793	0.01477	0.02320	0.01266	0.01477	0.01055	0.00527	0.00527	0.00105	0.00527	0.00422	0.00422	0.79328
11	0.01885	0.72509	0.06458	0.01251	0.01878	0.02771	0.01275	0.02137	0.01449	0.01699	0.01002	0.01157	0.00913	0.00612	0.00466	0.00155	0.00773	0.00387	0.00304	0.00919
12	0.01327	0.00664	0.00664	0.00664	0.00830	0.00664	0.00498	0.01659	0.01493	0.02655	0.02323	0.02655	0.01825	0.00830	0.00498	0.00166	0.00332	0.00664	0.78928	0.00664
13	0.01477	0.01266	0.01477	0.01055	0.01687	0.00949	0.00844	0.01793	0.01477	0.02320	0.01266	0.01477	0.01055	0.00527	0.00527	0.00105	0.00527	0.00422	0.00422	0.79328
14	0.01017	0.00763	0.01144	0.01144	0.01272	0.00890	0.00890	0.01272	0.01144	0.01653	0.01907	0.02797	0.01780	0.05340	0.72153	0.01144	0.01907	0.00763	0.00381	0.00636
15	0.01032	0.00706	0.00854	0.00854	0.00881	0.00733	0.00528	0.01085	0.01059	0.01438	0.02172	0.04266	0.02418	0.60252	0.18114	0.00786	0.00948	0.00978	0.00421	0.00475
16	0.00922	0.00690	0.00865	0.00963	0.01089	0.00634	0.00710	0.01117	0.01548	0.02012	0.12178	0.38611	0.21698	0.01991	0.00896	0.00276	0.00430	0.12090	0.00674	0.00607
17	0.01762	0.01692	0.02890	0.04371	0.70533	0.01692	0.02185	0.02185	0.01621	0.02326	0.01339	0.01762	0.01128	0.00634	0.00705	0.00211	0.00846	0.00634	0.00352	0.01128
18	0.01771	0.01530	0.01610	0.01449	0.01852	0.01771	0.01127	0.03784	0.69247	0.02979	0.02898	0.02657	0.02174	0.00966	0.00725	0.00242	0.00564	0.00805	0.00725	0.01127
19	0.01687	0.01903	0.04099	0.03108	0.08939	0.01792	0.62812	0.02273	0.01676	0.02284	0.01433	0.01908	0.01084	0.00603	0.00830	0.00238	0.01173	0.00824	0.00360	0.00973
20	0.01508	0.01432	0.02431	0.46332	0.30560	0.01625	0.02059	0.01962	0.01501	0.02018	0.01294	0.01845	0.01019	0.00682	0.00709	0.00227	0.00909	0.00633	0.00331	0.00923
21	0.01327	0.00664	0.00664	0.00664	0.00830	0.00664	0.00498	0.01659	0.01493	0.02655	0.02323	0.02655	0.01825	0.00830	0.00498	0.00166	0.00332	0.00664	0.78928	0.00664
22	0.01762	0.01692	0.02890	0.04371	0.70533	0.01692	0.02185	0.02185	0.01621	0.02326	0.01339	0.01762	0.01128	0.00634	0.00705	0.00211	0.00846	0.00634	0.00352	0.01128
23	0.01031	0.00708	0.00867	0.00867	0.00899	0.00740	0.00545	0.01094	0.01062	0.01448	0.02161	0.04200	0.02389	0.57791	0.20536	0.00802	0.00991	0.00968	0.00419	0.00482
24	0.80005	0.01377	0.01047	0.00936	0.01377	0.01597	0.00771	0.02093	0.01212	0.03195	0.00991	0.01157	0.00771	0.00661	0.00441	0.00220	0.00551	0.00386	0.00441	0.00771
25	0.02025	0.04421	0.01743	0.01415	0.01802	0.12371	0.01120	0.26184	0.02236	0.05179	0.02295	0.17300	0.04654	0.01172	0.00794	0.00221	0.03610	0.02780	0.00593	0.08084
26	0.01479	0.01403	0.02379	0.51078	0.26039	0.01617	0.02044	0.01937	0.01487	0.01983	0.01289	0.01855	0.01007	0.00687	0.00710	0.00229	0.00916	0.00633	0.00328	0.00900
27	0.01327	0.00664	0.00664	0.00664	0.00830	0.00664	0.00498	0.01659	0.01493	0.02655	0.02323	0.02655	0.01825	0.00830	0.00498	0.00166	0.00332	0.00664	0.78928	0.00664
28	0.01715	0.01643	0.02804	0.12256	0.63022	0.01679	0.02162	0.02143	0.01599	0.02268	0.01331	0.01778	0.01107	0.00643	0.00706	0.00214	0.00858	0.00634	0.00348	0.01089
29	0.01035	0.00694	0.00793	0.00793	0.00799	0.00699	0.00452	0.01046	0.01040	0.01393	0.02228	0.04575	0.02552	0.71808	0.06741	0.00711	0.00746	0.01023	0.00429	0.00441
30	0.02660	0.03394	0.02018	0.01834	0.02201	0.72116	0.01376	0.02843	0.02018	0.01743	0.01101	0.01284	0.00917	0.00734	0.00642	0.00183	0.01284	0.00459	0.00367	0.00825
31	0.01558	0.01558	0.02181	0.01869	0.01869	0.02181	0.01558	0.01714	0.01091	0.01714	0.00935	0.01558	0.00935	0.01246	0.02337	0.00312	0.73672	0.00623	0.00312	0.00779
32	0.01477	0.01266	0.01477	0.01055	0.01687	0.00949	0.00844	0.01793	0.01477	0.02320	0.01266	0.01477	0.01055	0.00527	0.00527	0.00105	0.00527	0.00422	0.00422	0.79328
33	0.01699	0.01651	0.02649	0.16849	0.53008	0.04554	0.02074	0.02118	0.01602	0.02201	0.01407	0.02004	0.01198	0.00703	0.00714	0.00219	0.00876	0.03078	0.00358	0.01036
34	0.01810	0.45329	0.15545	0.01345	0.01974	0.02191	0.01400	0.02239	0.04447	0.07201	0.08860	0.01828	0.01667	0.00750	0.00570	0.00183	0.00748	0.00550	0.00418	0.00944

[dist]
# distance from previous block
# <min> <max>
7	15

[block]
# block no. 5 follows, 29 sequences, length 45
# corresponding to MSA columns:
# 356-400
name=unknown_F
#
# <colnr> <probs for GDERKNQSTAVLIFYWHMCP>
#	G	D	E	R	K	N	Q	S	T	A	V	L	I	F	Y	W	H	M	C	P
0	0.02312	0.11068	0.02106	0.01459	0.01953	0.04538	0.01198	0.39507	0.10585	0.05543	0.01812	0.02036	0.01423	0.07994	0.00956	0.00251	0.00751	0.00656	0.00620	0.03231
1	0.13292	0.12401	0.05296	0.01325	0.04593	0.01430	0.01097	0.05900	0.01797	0.23696	0.14828	0.02511	0.02337	0.01172	0.05076	0.00268	0.00693	0.00713	0.00622	0.00954
2	0.00868	0.00620	0.00826	0.00991	0.01033	0.00578	0.00661	0.00991	0.01363	0.01818	0.03925	0.74510	0.04710	0.02231	0.00909	0.00289	0.00413	0.02024	0.00661	0.00578
3	0.01477	0.01266	0.01477	0.01055	0.01687	0.00949	0.00844	0.01793	0.01477	0.02320	0.01266	0.01477	0.01055	0.00527	0.00527	0.00105	0.00527	0.00422	0.00422	0.79328
4	0.01454	0.05929	0.66402	0.02042	0.03067	0.01697	0.05216	0.02252	0.01509	0.02237	0.01275	0.01509	0.00910	0.00671	0.00676	0.00224	0.01049	0.00534	0.00303	0.01044
5	0.01345	0.01266	0.02136	0.73264	0.04904	0.01582	0.01978	0.01819	0.01424	0.01819	0.01266	0.01898	0.00949	0.00712	0.00712	0.00237	0.00949	0.00633	0.00316	0.00791
6	0.01477	0.01266	0.01477	0.01055	0.01687	0.00949	0.00844	0.01793	0.01477	0.02320	0.01266	0.01477	0.01055	0.00527	0.00527	0.00105	0.00527	0.00422	0.00422	0.79328
7	0.02568	0.01902	0.02045	0.01596	0.02131	0.02103	0.01307	0.61746	0.06211	0.04280	0.01879	0.05562	0.01437	0.00932	0.00723	0.00219	0.00754	0.00721	0.00710	0.01174
8	0.01428	0.03683	0.71286	0.02030	0.03082	0.01654	0.02631	0.02255	0.01503	0.02255	0.01278	0.01503	0.00902	0.00677	0.00677	0.00226	0.01052	0.00526	0.00301	0.01052
9	0.01470	0.01288	0.01645	0.01216	0.01807	0.01032	0.05821	0.01884	0.05031	0.02321	0.01528	0.06069	0.01340	0.00661	0.00584	0.00134	0.00572	0.00572	0.00448	0.64579
10	0.01532	0.01285	0.01633	0.01290	0.01788	0.01142	0.05884	0.09500	0.05820	0.02521	0.02160	0.10740	0.04501	0.00954	0.00675	0.00180	0.00599	0.05750	0.00524	0.41520
11	0.01327	0.00664	0.00664	0.00664	0.00830	0.00664	0.00498	0.01659	0.01493	0.02655	0.02323	0.02655	0.01825	0.00830	0.00498	0.00166	0.00332	0.00664	0.78928	0.00664
12	0.02578	0.01371	0.01654	0.01345	0.01831	0.01381	0.01086	0.10213	0.23704	0.38854	0.06113	0.02570	0.02086	0.00935	0.00725	0.00227	0.00597	0.00766	0.00809	0.01157
13	0.01036	0.00690	0.00777	0.00777	0.00777	0.00690	0.00431	0.01036	0.01036	0.01381	0.02244	0.04660	0.02589	0.74975	0.03624	0.00690	0.00690	0.01036	0.00431	0.00431
14	0.01017	0.00763	0.01144	0.01144	0.01272	0.00890	0.00890	0.01272	0.01144	0.01653	0.01907	0.02797	0.01780	0.05340	0.72153	0.01144	0.01907	0.00763	0.00381	0.00636
15	0.01204	0.00846	0.01113	0.01207	0.01386	0.00844	0.00991	0.01628	0.07391	0.04870	0.08006	0.20182	0.06947	0.01852	0.00921	0.00298	0.00566	0.38366	0.00680	0.00701
16	0.01801	0.01766	0.02852	0.04260	0.67554	0.04762	0.02150	0.02214	0.01639	0.02301	0.01329	0.01742	0.01119	0.00639	0.00702	0.00210	0.00865	0.00627	0.00353	0.01115
17	0.01815	0.01622	0.01630	0.01468	0.01869	0.05276	0.01139	0.03737	0.65897	0.02917	0.02809	0.02588	0.02111	0.00954	0.00720	0.00239	0.00599	0.00788	0.00707	0.01112
18	0.80005	0.01377	0.01047	0.00936	0.01377	0.01597	0.00771	0.02093	0.01212	0.03195	0.00991	0.01157	0.00771	0.00661	0.00441	0.00220	0.00551	0.00386	0.00441	0.00771
19	0.01852	0.01802	0.02378	0.05509	0.27584	0.09475	0.07667	0.06709	0.20341	0.02524	0.01906	0.05778	0.01573	0.00834	0.00727	0.00224	0.00827	0.00754	0.00494	0.01042
20	0.01327	0.00664	0.00664	0.00664	0.00830	0.00664	0.00498	0.01659	0.01493	0.02655	0.02323	0.02655	0.01825	0.00830	0.00498	0.00166	0.00332	0.00664	0.78928	0.00664
21	0.01762	0.01692	0.02890	0.04371	0.70533	0.01692	0.02185	0.02185	0.01621	0.02326	0.01339	0.01762	0.01128	0.00634	0.00705	0.00211	0.00846	0.00634	0.00352	0.01128
22	0.01034	0.00697	0.00809	0.00809	0.00820	0.00708	0.00472	0.01056	0.01045	0.01405	0.02214	0.04495	0.02517	0.68819	0.09683	0.00730	0.00798	0.01011	0.00427	0.00450
23	0.80005	0.01377	0.01047	0.00936	0.01377	0.01597	0.00771	0.02093	0.01212	0.03195	0.00991	0.01157	0.00771	0.00661	0.00441	0.00220	0.00551	0.00386	0.00441	0.00771
24	0.02588	0.01170	0.01517	0.01216	0.01684	0.01048	0.00978	0.08300	0.02010	0.47467	0.05001	0.11664	0.05114	0.01084	0.00737	0.00222	0.00573	0.00907	0.00799	0.05920
25	0.02079	0.01614	0.01684	0.01461	0.01897	0.04721	0.01149	0.09911	0.51521	0.11684	0.02696	0.02477	0.01975	0.00935	0.00719	0.00234	0.00621	0.00763	0.00728	0.01133
26	0.01327	0.00664	0.00664	0.00664	0.00830	0.00664	0.00498	0.01659	0.01493	0.02655	0.02323	0.02655	0.01825	0.00830	0.00498	0.00166	0.00332	0.00664	0.78928	0.00664
27	0.01762	0.01692	0.02890	0.04371	0.70533	0.01692	0.02185	0.02185	0.01621	0.02326	0.01339	0.01762	0.01128	0.00634	0.00705	0.00211	0.00846	0.00634	0.00352	0.01128
28	0.01036	0.00690	0.00777	0.00777	0.00777	0.00690	0.00431	0.01036	0.01036	0.01381	0.02244	0.04660	0.02589	0.74975	0.03624	0.00690	0.00690	0.01036	0.00431	0.00431
29	0.01652	0.05365	0.02247	0.01835	0.01890	0.07071	0.01528	0.01813	0.01173	0.01714	0.00949	0.01518	0.00932	0.01179	0.02125	0.00295	0.65011	0.00600	0.00315	0.00789
30	0.01558	0.01558	0.02181	0.01869	0.01869	0.02181	0.01558	0.01714	0.01091	0.01714	0.00935	0.01558	0.00935	0.01246	0.02337	0.00312	0.73672	0.00623	0.00312	0.00779
31	0.01477	0.01266	0.01477	0.01055	0.01687	0.00949	0.00844	0.01793	0.01477	0.02320	0.01266	0.01477	0.01055	0.00527	0.00527	0.00105	0.00527	0.00422	0.00422	0.79328
32	0.01682	0.01610	0.02746	0.17571	0.57958	0.01671	0.02146	0.02115	0.01584	0.02229	0.01325	0.01788	0.01094	0.00649	0.00706	0.00216	0.00866	0.00634	0.00346	0.01063
33	0.06733	0.70826	0.03565	0.01201	0.01800	0.02742	0.01191	0.02130	0.01432	0.01769	0.00990	0.01143	0.00905	0.00612	0.00456	0.00157	0.00748	0.00381	0.00313	0.00905
34	0.00862	0.00720	0.00738	0.00735	0.00959	0.00610	0.00544	0.01042	0.01618	0.01954	0.10858	0.06649	0.62945	0.05428	0.00980	0.00262	0.00376	0.01466	0.00657	0.00597
35	0.01599	0.01772	0.03727	0.02681	0.03350	0.01642	0.57696	0.02150	0.01679	0.02289	0.04488	0.02278	0.04787	0.00691	0.00821	0.00231	0.01082	0.00866	0.00396	0.05776
36	0.00869	0.00693	0.00769	0.00810	0.00980	0.00604	0.00578	0.01037	0.01554	0.01937	0.10555	0.25225	0.44798	0.05086	0.00981	0.00272	0.00388	0.01610	0.00660	0.00592
37	0.01647	0.01343	0.01995	0.01489	0.02061	0.01138	0.14635	0.02084	0.04975	0.09296	0.01808	0.09061	0.01556	0.00772	0.00659	0.00170	0.00664	0.00718	0.00495	0.43434
38	0.02289	0.01602	0.01787	0.01431	0.01898	0.01697	0.01151	0.44666	0.02741	0.09219	0.05704	0.13504	0.02090	0.01087	0.00739	0.00220	0.00671	0.00887	0.00704	0.05913
39	0.10731	0.04879	0.01768	0.01328	0.01846	0.01672	0.01085	0.24913	0.14060	0.09276	0.05229	0.01987	0.01611	0.00811	0.00644	0.00197	0.00631	0.00627	0.00629	0.16076
40	0.24286	0.09998	0.12407	0.03852	0.08109	0.01824	0.05890	0.10607	0.09126	0.02803	0.01501	0.04016	0.01205	0.00763	0.00617	0.00218	0.00756	0.00599	0.00461	0.00961
41	0.01580	0.02344	0.22870	0.02702	0.07361	0.01696	0.42258	0.02221	0.01644	0.02305	0.04847	0.01965	0.01317	0.00667	0.00786	0.00233	0.01094	0.00762	0.00364	0.00982
42	0.01650	0.12431	0.35790	0.01821	0.04525	0.14016	0.03713	0.02166	0.01590	0.02056	0.04232	0.07585	0.01509	0.03003	0.00759	0.00227	0.00962	0.00674	0.00368	0.00922
43	0.07884	0.06133	0.01847	0.01523	0.01924	0.37846	0.01192	0.13302	0.02086	0.05476	0.01929	0.02118	0.07314	0.00881	0.00655	0.00199	0.00956	0.02305	0.03553	0.00876
44	0.47057	0.04939	0.01548	0.01382	0.05827	0.09413	0.01046	0.02203	0.01402	0.07000	0.03442	0.01470	0.01094	0.00770	0.00719	0.00223	0.08703	0.00486	0.00446	0.00831

[dist]
# distance from previous block
# <min> <max>
18	27

[block]
# block no. 6 follows, 29 sequences, length 15
# corresponding to MSA columns:
# 429-443
name=unknown_G
#
# <colnr> <probs for GDERKNQSTAVLIFYWHMCP>
#	G	D	E	R	K	N	Q	S	T	A	V	L	I	F	Y	W	H	M	C	P
0	0.01936	0.01476	0.01553	0.01452	0.05423	0.08089	0.01069	0.07804	0.24014	0.14344	0.12321	0.03312	0.11960	0.01086	0.00745	0.00226	0.00613	0.00898	0.00695	0.00984
1	0.01714	0.01365	0.01667	0.01207	0.01832	0.01121	0.03636	0.08839	0.01713	0.06578	0.01410	0.01575	0.01114	0.00585	0.00570	0.00129	0.00586	0.00479	0.00477	0.63404
2	0.02955	0.01219	0.01628	0.01237	0.01800	0.01033	0.01018	0.03236	0.01960	0.61451	0.02594	0.02292	0.01664	0.00832	0.00690	0.00204	0.00595	0.00675	0.00817	0.12099
3	0.01465	0.01026	0.01307	0.01242	0.01464	0.01037	0.03126	0.16785	0.01887	0.06265	0.03257	0.47471	0.03580	0.01768	0.00855	0.00268	0.00550	0.05196	0.00675	0.00777
4	0.01029	0.00749	0.00975	0.01032	0.01143	0.00753	0.00742	0.04793	0.01500	0.02029	0.10175	0.40260	0.07281	0.06705	0.14708	0.00464	0.00733	0.03691	0.00610	0.00629
5	0.01455	0.01398	0.02116	0.01788	0.01896	0.01816	0.08306	0.01685	0.01183	0.01808	0.01244	0.01890	0.01158	0.01949	0.15575	0.00458	0.48595	0.00675	0.04243	0.00764
6	0.02660	0.03394	0.02018	0.01834	0.02201	0.72116	0.01376	0.02843	0.02018	0.01743	0.01101	0.01284	0.00917	0.00734	0.00642	0.00183	0.01284	0.00459	0.00367	0.00825
7	0.02652	0.01967	0.02106	0.01627	0.02187	0.02183	0.01340	0.64387	0.07209	0.04399	0.01779	0.01765	0.01267	0.00861	0.00713	0.00215	0.00771	0.00651	0.00713	0.01206
8	0.01762	0.01692	0.02890	0.04371	0.70533	0.01692	0.02185	0.02185	0.01621	0.02326	0.01339	0.01762	0.01128	0.00634	0.00705	0.00211	0.00846	0.00634	0.00352	0.01128
9	0.73453	0.01569	0.06903	0.01028	0.01519	0.01602	0.00926	0.02107	0.01236	0.03116	0.01015	0.01186	0.00782	0.00662	0.00460	0.00221	0.00593	0.00397	0.00429	0.00795
10	0.00868	0.00620	0.00826	0.00991	0.01033	0.00578	0.00661	0.00991	0.01363	0.01818	0.03925	0.74510	0.04710	0.02231	0.00909	0.00289	0.00413	0.02024	0.00661	0.00578
11	0.01477	0.01266	0.01477	0.01055	0.01687	0.00949	0.00844	0.01793	0.01477	0.02320	0.01266	0.01477	0.01055	0.00527	0.00527	0.00105	0.00527	0.00422	0.00422	0.79328
12	0.01065	0.00756	0.00903	0.00861	0.01080	0.00669	0.00658	0.01332	0.01838	0.06175	0.37506	0.05912	0.32717	0.01590	0.00840	0.00235	0.00375	0.04084	0.00733	0.00671
13	0.01345	0.01266	0.02136	0.73264	0.04904	0.01582	0.01978	0.01819	0.01424	0.01819	0.01266	0.01898	0.00949	0.00712	0.00712	0.00237	0.00949	0.00633	0.00316	0.00791
14	0.01347	0.01102	0.01315	0.01075	0.01526	0.00894	0.00832	0.04077	0.01527	0.02262	0.02108	0.20733	0.02173	0.01059	0.00658	0.00169	0.00515	0.04435	0.00508	0.51685

[dist]
# distance from previous block
# <min> <max>
0	3

[block]
# block no. 7 follows, 29 sequences, length 28
# corresponding to MSA columns:
# 447-474
name=unknown_H
#
# <colnr> <probs for GDERKNQSTAVLIFYWHMCP>
#	G	D	E	R	K	N	Q	S	T	A	V	L	I	F	Y	W	H	M	C	P
0	0.70926	0.07220	0.01282	0.00971	0.01429	0.01673	0.00817	0.02148	0.01262	0.05644	0.01060	0.01204	0.00820	0.00665	0.00452	0.00215	0.00570	0.00398	0.00447	0.00799
1	0.01428	0.03683	0.71286	0.02030	0.03082	0.01654	0.02631	0.02255	0.01503	0.02255	0.01278	0.01503	0.00902	0.00677	0.00677	0.00226	0.01052	0.00526	0.00301	0.01052
2	0.01178	0.00972	0.05832	0.01008	0.01268	0.00766	0.00835	0.01531	0.01923	0.06915	0.54887	0.08984	0.05699	0.01383	0.00815	0.00224	0.00413	0.01216	0.00737	0.03415
3	0.01956	0.70462	0.03614	0.01261	0.01853	0.07574	0.01229	0.02181	0.01486	0.01680	0.00998	0.01152	0.00914	0.00618	0.00470	0.00154	0.00797	0.00386	0.00309	0.00908
4	0.01327	0.00664	0.00664	0.00664	0.00830	0.00664	0.00498	0.01659	0.01493	0.02655	0.02323	0.02655	0.01825	0.00830	0.00498	0.00166	0.00332	0.00664	0.78928	0.00664
5	0.01477	0.01266	0.01477	0.01055	0.01687	0.00949	0.00844	0.01793	0.01477	0.02320	0.01266	0.01477	0.01055	0.00527	0.00527	0.00105	0.00527	0.00422	0.00422	0.79328
6	0.01036	0.00690	0.00777	0.00777	0.00777	0.00690	0.00431	0.01036	0.01036	0.01381	0.02244	0.04660	0.02589	0.74975	0.03624	0.00690	0.00690	0.01036	0.00431	0.00431
7	0.01017	0.00763	0.01144	0.01144	0.01272	0.00890	0.00890	0.01272	0.01144	0.01653	0.01907	0.02797	0.01780	0.05340	0.72153	0.01144	0.01907	0.00763	0.00381	0.00636
8	0.00910	0.00651	0.00873	0.01026	0.01090	0.00614	0.00722	0.01072	0.01434	0.01915	0.07620	0.62339	0.04746	0.02154	0.00914	0.00290	0.00439	0.09929	0.00667	0.00593
9	0.01762	0.01692	0.02890	0.04371	0.70533	0.01692	0.02185	0.02185	0.01621	0.02326	0.01339	0.01762	0.01128	0.00634	0.00705	0.00211	0.00846	0.00634	0.00352	0.01128
10	0.01771	0.01530	0.01610	0.01449	0.01852	0.01771	0.01127	0.03784	0.69247	0.02979	0.02898	0.02657	0.02174	0.00966	0.00725	0.00242	0.00564	0.00805	0.00725	0.01127
11	0.74697	0.01515	0.01113	0.00998	0.01434	0.06437	0.00813	0.02145	0.01267	0.03095	0.00999	0.01165	0.00781	0.00666	0.00454	0.00218	0.00601	0.00391	0.00436	0.00775
12	0.02707	0.01995	0.02137	0.01638	0.02208	0.02208	0.01353	0.68159	0.03348	0.04488	0.01710	0.01710	0.01211	0.00855	0.00712	0.00214	0.00784	0.00641	0.00712	0.01211
13	0.01327	0.00664	0.00664	0.00664	0.00830	0.00664	0.00498	0.01659	0.01493	0.02655	0.02323	0.02655	0.01825	0.00830	0.00498	0.00166	0.00332	0.00664	0.78928	0.00664
14	0.01762	0.01692	0.02890	0.04371	0.70533	0.01692	0.02185	0.02185	0.01621	0.02326	0.01339	0.01762	0.01128	0.00634	0.00705	0.00211	0.00846	0.00634	0.00352	0.01128
15	0.01018	0.00758	0.01120	0.01120	0.01239	0.00877	0.00860	0.01256	0.01137	0.01635	0.01930	0.02921	0.01834	0.09949	0.67618	0.01114	0.01827	0.00781	0.00385	0.00622
16	0.80005	0.01377	0.01047	0.00936	0.01377	0.01597	0.00771	0.02093	0.01212	0.03195	0.00991	0.01157	0.00771	0.00661	0.00441	0.00220	0.00551	0.00386	0.00441	0.00771
17	0.19087	0.01344	0.01579	0.01246	0.01771	0.01315	0.01026	0.10387	0.04312	0.47173	0.02311	0.02088	0.01509	0.00835	0.00659	0.00220	0.00613	0.00642	0.00765	0.01117
18	0.01847	0.01620	0.01649	0.01472	0.01881	0.04410	0.01147	0.06661	0.63763	0.03001	0.02778	0.02563	0.02083	0.00952	0.00721	0.00238	0.00600	0.00785	0.00711	0.01120
19	0.01327	0.00664	0.00664	0.00664	0.00830	0.00664	0.00498	0.01659	0.01493	0.02655	0.02323	0.02655	0.01825	0.00830	0.00498	0.00166	0.00332	0.00664	0.78928	0.00664
20	0.01345	0.01266	0.02136	0.73264	0.04904	0.01582	0.01978	0.01819	0.01424	0.01819	0.01266	0.01898	0.00949	0.00712	0.00712	0.00237	0.00949	0.00633	0.00316	0.00791
21	0.01017	0.00763	0.01144	0.01144	0.01272	0.00890	0.00890	0.01272	0.01144	0.01653	0.01907	0.02797	0.01780	0.05340	0.72153	0.01144	0.01907	0.00763	0.00381	0.00636
22	0.02663	0.03295	0.02026	0.01821	0.02202	0.67198	0.01374	0.07439	0.02111	0.01936	0.01144	0.01314	0.00938	0.00742	0.00647	0.00186	0.01249	0.00471	0.00391	0.00853
23	0.01558	0.01558	0.02181	0.01869	0.01869	0.02181	0.01558	0.01714	0.01091	0.01714	0.00935	0.01558	0.00935	0.01246	0.02337	0.00312	0.73672	0.00623	0.00312	0.00779
24	0.01546	0.01307	0.01514	0.01087	0.01717	0.01020	0.00872	0.05515	0.01582	0.02442	0.01291	0.01490	0.01063	0.00546	0.00538	0.00112	0.00542	0.00434	0.00438	0.74947
25	0.01792	0.40749	0.31611	0.01558	0.02347	0.02218	0.01793	0.02272	0.01509	0.06505	0.01230	0.01377	0.00965	0.00655	0.00565	0.00187	0.00872	0.00463	0.00341	0.00991
26	0.01310	0.01194	0.01978	0.63409	0.04399	0.01463	0.01824	0.01737	0.01428	0.01824	0.01644	0.02492	0.03658	0.00895	0.00806	0.02959	0.00897	0.04972	0.00351	0.00759
27	0.02076	0.02333	0.01726	0.01586	0.01915	0.37693	0.01207	0.02798	0.21119	0.02079	0.01777	0.01981	0.01450	0.01722	0.14977	0.00392	0.01202	0.00619	0.00472	0.00874

[dist]
# distance from previous block
# <min> <max>
1	17

[block]
# block no. 8 follows, 29 sequences, length 6
# corresponding to MSA columns:
# 492-497
name=unknown_I
#
# <colnr> <probs for GDERKNQSTAVLIFYWHMCP>
#	G	D	E	R	K	N	Q	S	T	A	V	L	I	F	Y	W	H	M	C	P
0	0.06765	0.01293	0.01683	0.01395	0.01688	0.01452	0.01141	0.01954	0.01349	0.12439	0.01461	0.01840	0.01215	0.01623	0.12639	0.00372	0.27788	0.00593	0.00445	0.20867
1	0.02219	0.01449	0.01682	0.01297	0.01833	0.01395	0.01052	0.22764	0.07227	0.18430	0.08110	0.02195	0.01857	0.00824	0.00669	0.00185	0.00609	0.00662	0.00669	0.24869
2	0.01114	0.00721	0.00887	0.00909	0.01048	0.00657	0.00633	0.01274	0.01519	0.07963	0.14161	0.32035	0.18046	0.14111	0.01323	0.00331	0.00454	0.01525	0.00660	0.00628
3	0.08337	0.00839	0.01026	0.01001	0.01222	0.00794	0.00771	0.01523	0.01710	0.07753	0.29171	0.19543	0.08289	0.01545	0.00813	0.00246	0.00445	0.09823	0.00693	0.04456
4	0.02413	0.01372	0.01643	0.01301	0.01808	0.01333	0.01052	0.14494	0.14108	0.31177	0.08283	0.02453	0.02067	0.00890	0.00700	0.00206	0.00595	0.00725	0.00748	0.12632
5	0.02341	0.01715	0.01882	0.01465	0.02017	0.01804	0.01193	0.39392	0.14358	0.08654	0.01911	0.01881	0.01388	0.00813	0.00679	0.00198	0.00683	0.00633	0.00671	0.16322

[dist]
# distance from previous block
# <min> <max>
0	1

[block]
# block no. 9 follows, 29 sequences, length 8
# corresponding to MSA columns:
# 499-506
name=unknown_J
#
# <colnr> <probs for GDERKNQSTAVLIFYWHMCP>
#	G	D	E	R	K	N	Q	S	T	A	V	L	I	F	Y	W	H	M	C	P
0	0.02572	0.01243	0.01566	0.01277	0.01733	0.01192	0.01025	0.09435	0.11600	0.43579	0.07648	0.09321	0.02397	0.01058	0.00744	0.00229	0.00580	0.00884	0.00815	0.01102
1	0.02970	0.01306	0.01679	0.01316	0.01848	0.01221	0.01078	0.07784	0.11196	0.57448	0.02749	0.02408	0.01782	0.00891	0.00717	0.00223	0.00612	0.00723	0.00849	0.01200
2	0.09961	0.02228	0.02007	0.01696	0.02026	0.23203	0.01362	0.22631	0.02080	0.02726	0.01230	0.01483	0.00999	0.00913	0.01138	0.00234	0.22138	0.00556	0.00465	0.00926
3	0.00961	0.00666	0.00895	0.00991	0.01061	0.00642	0.00695	0.01099	0.01414	0.01915	0.13588	0.43718	0.04369	0.07519	0.05660	0.06415	0.00549	0.06656	0.00619	0.00571
4	0.10802	0.02952	0.01905	0.01701	0.02096	0.54436	0.01297	0.08908	0.05588	0.02217	0.01240	0.01382	0.00995	0.00750	0.00632	0.00193	0.01122	0.00486	0.00426	0.00872
5	0.01171	0.00808	0.00939	0.00927	0.01136	0.00756	0.00679	0.01487	0.06848	0.08401	0.06957	0.21131	0.32266	0.07410	0.05465	0.00339	0.00531	0.01407	0.00656	0.00686
6	0.71825	0.01442	0.01162	0.01011	0.01465	0.01662	0.00833	0.09084	0.01438	0.03332	0.01067	0.01215	0.00818	0.00682	0.00469	0.00220	0.00575	0.00413	0.00469	0.00818
7	0.01044	0.03583	0.01060	0.01014	0.01156	0.00768	0.00779	0.01300	0.01685	0.02297	0.32295	0.21304	0.05129	0.07483	0.01092	0.00296	0.00470	0.15926	0.00681	0.00638

[dist]
# distance from previous block
# <min> <max>
0	1

[block]
# block no. 10 follows, 29 sequences, length 10
# corresponding to MSA columns:
# 508-517
name=unknown_K
#
# <colnr> <probs for GDERKNQSTAVLIFYWHMCP>
#	G	D	E	R	K	N	Q	S	T	A	V	L	I	F	Y	W	H	M	C	P
0	0.02583	0.02790	0.01916	0.01691	0.02090	0.50141	0.01293	0.08439	0.07940	0.09357	0.03985	0.01704	0.01349	0.00806	0.00670	0.00196	0.01075	0.00561	0.00496	0.00919
1	0.01564	0.01318	0.01524	0.01096	0.01725	0.01039	0.00880	0.06528	0.01610	0.02475	0.01297	0.01493	0.01066	0.00551	0.00541	0.00113	0.00546	0.00438	0.00443	0.73754
2	0.02609	0.01256	0.01570	0.01254	0.01733	0.01191	0.01018	0.10749	0.09177	0.44571	0.09035	0.02970	0.07563	0.01011	0.00737	0.00224	0.00579	0.00829	0.00819	0.01107
3	0.04962	0.01436	0.01651	0.01331	0.01821	0.05300	0.01076	0.09713	0.12711	0.43379	0.06980	0.02478	0.02021	0.00915	0.00713	0.00221	0.00636	0.00736	0.00792	0.01128
4	0.02616	0.01757	0.01930	0.01497	0.02014	0.01897	0.01222	0.52687	0.02956	0.13229	0.01915	0.02024	0.01394	0.05391	0.00883	0.00242	0.00736	0.00676	0.03791	0.01142
5	0.00964	0.00731	0.00882	0.00944	0.01077	0.00692	0.00674	0.01250	0.05664	0.02051	0.14069	0.35360	0.20344	0.07000	0.01065	0.00295	0.00432	0.05216	0.00666	0.00625
6	0.00977	0.00721	0.01011	0.01070	0.01176	0.00770	0.00801	0.01182	0.01266	0.01737	0.02937	0.23716	0.06663	0.07857	0.38732	0.00764	0.01235	0.06280	0.00500	0.00608
7	0.01777	0.01896	0.03806	0.02758	0.03398	0.01877	0.55077	0.09111	0.01802	0.02461	0.01424	0.01866	0.01081	0.00684	0.00960	0.00244	0.07613	0.00800	0.00393	0.00970
