[name]
unknown

[dist]
# distance from previous block
# <min> <max>
1	16

[block]
# block no. 0 follows, 30 sequences, length 21
# corresponding to MSA columns:
# 17-37
name=unknown_A
#
# <colnr> <probs for GDERKNQSTAVLIFYWHMCP>
#	G	D	E	R	K	N	Q	S	T	A	V	L	I	F	Y	W	H	M	C	P
0	0.05305	0.09894	0.04351	0.01457	0.01957	0.08578	0.03812	0.18163	0.13499	0.17388	0.06950	0.02115	0.01760	0.00844	0.00669	0.00208	0.00724	0.00666	0.00626	0.01035
1	0.05569	0.01515	0.01679	0.01349	0.01804	0.04281	0.01087	0.28650	0.05479	0.21934	0.04116	0.02213	0.01628	0.04928	0.07551	0.00316	0.00797	0.00681	0.00668	0.03754
2	0.11214	0.03472	0.01469	0.04347	0.01698	0.01221	0.00959	0.09239	0.06623	0.23349	0.12832	0.07217	0.05612	0.01011	0.00685	0.00213	0.00553	0.00829	0.00672	0.06786
3	0.07520	0.23427	0.18002	0.01709	0.04254	0.09426	0.05503	0.02175	0.01458	0.04785	0.01150	0.01401	0.00939	0.00738	0.00852	0.00207	0.12715	0.00499	0.00345	0.02896
4	0.01982	0.69054	0.03470	0.01198	0.01790	0.02602	0.01179	0.02210	0.01471	0.08049	0.01133	0.01234	0.00972	0.00621	0.00471	0.00155	0.00732	0.00403	0.00350	0.00922
5	0.01485	0.08077	0.01649	0.01048	0.01666	0.01098	0.00860	0.01788	0.01444	0.02216	0.01216	0.01417	0.01021	0.00524	0.00510	0.00108	0.00538	0.00410	0.00403	0.72522
6	0.00850	0.00607	0.00810	0.00972	0.01012	0.00567	0.00648	0.00972	0.01336	0.01781	0.03846	0.75020	0.04615	0.02186	0.00891	0.00283	0.00405	0.01984	0.00648	0.00567
7	0.00972	0.00687	0.00870	0.00931	0.00999	0.00671	0.00624	0.02999	0.01393	0.01888	0.13058	0.40896	0.04122	0.20717	0.05516	0.00418	0.00554	0.01526	0.00595	0.00565
8	0.01475	0.01246	0.01449	0.01056	0.01650	0.00969	0.00841	0.04638	0.01522	0.02346	0.01364	0.04418	0.01184	0.00598	0.00540	0.00115	0.00523	0.00486	0.00435	0.73143
9	0.01254	0.00723	0.01021	0.00986	0.01021	0.00770	0.00685	0.03930	0.01046	0.01418	0.01359	0.02335	0.01355	0.08700	0.08681	0.59346	0.03980	0.00654	0.00336	0.00399
10	0.00850	0.00607	0.00810	0.00972	0.01012	0.00567	0.00648	0.00972	0.01336	0.01781	0.03846	0.75020	0.04615	0.02186	0.00891	0.00283	0.00405	0.01984	0.00648	0.00567
11	0.04921	0.00975	0.01530	0.18915	0.02215	0.01079	0.06395	0.01426	0.02691	0.01736	0.01851	0.14203	0.01870	0.01611	0.01486	0.26149	0.04317	0.05629	0.00404	0.00596
12	0.02505	0.01943	0.04912	0.01957	0.11300	0.02020	0.01469	0.54144	0.02923	0.07339	0.01664	0.01709	0.01191	0.00804	0.00696	0.00210	0.00778	0.00627	0.00644	0.01170
13	0.00941	0.00727	0.00779	0.00756	0.00991	0.00617	0.00570	0.01146	0.01670	0.04725	0.17419	0.06300	0.57564	0.01676	0.00820	0.00232	0.00359	0.01408	0.00676	0.00624
14	0.01663	0.02057	0.18651	0.10786	0.39081	0.01652	0.02095	0.08187	0.01677	0.02378	0.01347	0.01719	0.01069	0.00847	0.03611	0.00250	0.00923	0.00603	0.00363	0.01041
15	0.03760	0.02300	0.16794	0.03069	0.37009	0.12955	0.04284	0.02361	0.03644	0.05277	0.01367	0.01646	0.01074	0.00665	0.00675	0.00208	0.00926	0.00582	0.00373	0.01032
16	0.02761	0.01501	0.03889	0.01518	0.05322	0.01418	0.01207	0.21968	0.05054	0.42409	0.02359	0.03904	0.01604	0.00874	0.00704	0.00216	0.00662	0.00706	0.00762	0.01160
17	0.00968	0.00717	0.00917	0.01032	0.01125	0.00706	0.00728	0.01302	0.08177	0.01989	0.08552	0.57953	0.04468	0.01990	0.00873	0.00277	0.00431	0.06499	0.00662	0.00632
18	0.01741	0.24573	0.28090	0.02095	0.16257	0.01874	0.01849	0.02220	0.01533	0.08395	0.01552	0.01713	0.03836	0.00698	0.00614	0.00197	0.00837	0.00550	0.00372	0.01002
19	0.03994	0.36870	0.15562	0.01579	0.05129	0.13426	0.01486	0.02395	0.04346	0.07481	0.01273	0.01395	0.01016	0.00667	0.00558	0.00180	0.00858	0.00466	0.00375	0.00944
20	0.04980	0.01056	0.03133	0.06837	0.04971	0.01028	0.03692	0.08644	0.01568	0.02207	0.10382	0.22697	0.02818	0.06611	0.01251	0.12150	0.00602	0.01088	0.00520	0.03766

[dist]
# distance from previous block
# <min> <max>
2	10

[block]
# block no. 1 follows, 30 sequences, length 33
# corresponding to MSA columns:
# 48-80
name=unknown_B
#
# <colnr> <probs for GDERKNQSTAVLIFYWHMCP>
#	G	D	E	R	K	N	Q	S	T	A	V	L	I	F	Y	W	H	M	C	P
0	0.07096	0.01752	0.12693	0.08570	0.03843	0.03301	0.01384	0.16657	0.06729	0.12686	0.05723	0.08329	0.01824	0.01048	0.02678	0.00245	0.00751	0.00759	0.00569	0.03365
1	0.01892	0.51221	0.07654	0.01454	0.02013	0.11159	0.04778	0.02238	0.04451	0.01774	0.01102	0.01285	0.00958	0.00665	0.00616	0.00174	0.04894	0.00446	0.00327	0.00898
2	0.00870	0.00618	0.00812	0.00950	0.00994	0.00580	0.00631	0.00992	0.01342	0.01798	0.07048	0.65977	0.04549	0.07939	0.01098	0.00311	0.00423	0.01871	0.00636	0.00560
3	0.01944	0.22644	0.06990	0.01465	0.01902	0.10324	0.01304	0.11453	0.06936	0.06635	0.01469	0.01696	0.01198	0.01385	0.10369	0.00325	0.10046	0.00559	0.00439	0.00917
4	0.01775	0.06409	0.15260	0.10258	0.21411	0.18127	0.07502	0.02204	0.01633	0.02036	0.03120	0.04486	0.01259	0.00737	0.00681	0.00209	0.00972	0.00635	0.00356	0.00930
5	0.00880	0.00647	0.00867	0.01009	0.01048	0.00635	0.00686	0.01002	0.01324	0.01777	0.03719	0.71833	0.04455	0.02144	0.00951	0.00284	0.03605	0.01924	0.00633	0.00575
6	0.01051	0.00664	0.00857	0.00927	0.01033	0.00619	0.00650	0.01247	0.01515	0.05676	0.17153	0.48179	0.04516	0.01794	0.00817	0.00252	0.00389	0.01607	0.10426	0.00628
7	0.04560	0.01584	0.01791	0.03492	0.01933	0.01770	0.01184	0.43567	0.02514	0.06101	0.01799	0.05445	0.01486	0.06660	0.08383	0.00346	0.05056	0.00726	0.00608	0.00997
8	0.01974	0.49716	0.05581	0.01421	0.01919	0.17854	0.01312	0.02202	0.01505	0.01681	0.00998	0.01205	0.00898	0.00691	0.00688	0.00175	0.08579	0.00420	0.00312	0.00868
9	0.01301	0.00650	0.00650	0.00650	0.00813	0.00650	0.00488	0.01626	0.01463	0.02602	0.02276	0.02602	0.01789	0.00813	0.00488	0.00163	0.00325	0.00650	0.79350	0.00650
10	0.00833	0.00707	0.00719	0.00716	0.00948	0.00593	0.00537	0.01018	0.01610	0.01932	0.10341	0.06639	0.67538	0.01750	0.00825	0.00235	0.00352	0.01462	0.00654	0.00593
11	0.07185	0.01725	0.01884	0.07736	0.08573	0.10092	0.01327	0.17487	0.12830	0.12736	0.04740	0.02000	0.01536	0.00854	0.00795	0.00221	0.06046	0.00652	0.00576	0.01007
12	0.02006	0.01646	0.01598	0.01412	0.01817	0.10284	0.01100	0.03442	0.49036	0.12593	0.02783	0.02572	0.04697	0.00940	0.00704	0.00227	0.00637	0.00762	0.00687	0.01059
13	0.01022	0.00684	0.00797	0.00797	0.00817	0.00697	0.00475	0.01061	0.01042	0.01424	0.02165	0.04298	0.02424	0.65173	0.11136	0.00709	0.00797	0.00973	0.03056	0.00453
14	0.01706	0.01582	0.02607	0.11855	0.55331	0.01631	0.02010	0.06318	0.01676	0.02348	0.01459	0.02078	0.01251	0.00716	0.00707	0.00217	0.00826	0.04253	0.00380	0.01047
15	0.08810	0.16296	0.06577	0.05724	0.04132	0.21175	0.05285	0.04763	0.01566	0.01997	0.01082	0.01389	0.00916	0.00787	0.00954	0.00214	0.16620	0.00510	0.00348	0.00853
16	0.06165	0.31034	0.02588	0.01512	0.01966	0.36105	0.01264	0.06089	0.01766	0.01901	0.01059	0.01230	0.00907	0.00691	0.00606	0.00175	0.03295	0.00431	0.00357	0.00859
17	0.01733	0.11495	0.01740	0.01161	0.01616	0.01343	0.00953	0.09242	0.05017	0.10765	0.06506	0.09780	0.05477	0.00950	0.00705	0.00182	0.03531	0.00764	0.00552	0.26488
18	0.01463	0.01597	0.06238	0.40406	0.10018	0.01649	0.21861	0.01967	0.01479	0.01979	0.01286	0.01824	0.00981	0.00676	0.00791	0.00233	0.03686	0.00675	0.00325	0.00866
19	0.00985	0.00745	0.01092	0.01092	0.01225	0.00852	0.00848	0.01229	0.01155	0.01639	0.02238	0.03023	0.06639	0.04988	0.67618	0.01059	0.01762	0.00799	0.00393	0.00621
20	0.01423	0.01408	0.02568	0.53025	0.10897	0.01603	0.15264	0.01907	0.01464	0.01921	0.01281	0.01852	0.00973	0.00669	0.00722	0.00231	0.00970	0.00661	0.00322	0.00840
21	0.02494	0.14341	0.02232	0.01706	0.02102	0.62062	0.01325	0.02681	0.01893	0.01698	0.01062	0.01237	0.00898	0.00701	0.00602	0.00175	0.01181	0.00438	0.00350	0.00822
22	0.01866	0.75896	0.03657	0.01194	0.01791	0.02761	0.01194	0.02090	0.01418	0.01642	0.00970	0.01119	0.00896	0.00597	0.00448	0.00149	0.00746	0.00373	0.00299	0.00896
23	0.01043	0.00823	0.00981	0.00897	0.01154	0.00719	0.00674	0.01366	0.04196	0.02362	0.32068	0.13625	0.20393	0.01421	0.00772	0.00211	0.00387	0.01232	0.00658	0.15019
24	0.01318	0.01240	0.02093	0.73798	0.04806	0.01550	0.01938	0.01783	0.01395	0.01783	0.01240	0.01860	0.00930	0.00698	0.00698	0.00233	0.00930	0.00620	0.00310	0.00775
25	0.01015	0.00677	0.00761	0.00761	0.00761	0.00677	0.00423	0.01015	0.01015	0.01353	0.02199	0.04567	0.02537	0.75476	0.03552	0.00677	0.00677	0.01015	0.00423	0.00423
26	0.00850	0.00607	0.00810	0.00972	0.01012	0.00567	0.00648	0.00972	0.01336	0.01781	0.03846	0.75020	0.04615	0.02186	0.00891	0.00283	0.00405	0.01984	0.00648	0.00567
27	0.01710	0.01640	0.02801	0.07267	0.68276	0.01653	0.02133	0.02126	0.01581	0.02258	0.01310	0.01733	0.01098	0.00625	0.00691	0.00208	0.00833	0.00622	0.00344	0.01091
28	0.00827	0.00700	0.00714	0.00726	0.00947	0.00588	0.00539	0.00999	0.01573	0.01878	0.06841	0.11554	0.66148	0.01797	0.00829	0.00239	0.00357	0.01509	0.00648	0.00588
29	0.01220	0.00610	0.00886	0.00886	0.00900	0.00610	0.00595	0.00974	0.00960	0.01339	0.01309	0.02165	0.01265	0.02277	0.02523	0.72453	0.00580	0.00610	0.07503	0.00335
30	0.00969	0.00665	0.00767	0.00799	0.00823	0.00649	0.00475	0.01005	0.01119	0.01475	0.02867	0.18524	0.07783	0.55893	0.02837	0.00568	0.00600	0.01237	0.00483	0.00463
31	0.00851	0.00630	0.00787	0.00910	0.00989	0.00575	0.00616	0.00979	0.01376	0.01787	0.04439	0.58656	0.17939	0.04748	0.00973	0.00288	0.00404	0.01845	0.00640	0.00566
32	0.01103	0.00825	0.01184	0.01152	0.01305	0.00955	0.00901	0.05559	0.01259	0.01797	0.01857	0.02673	0.01709	0.04953	0.68113	0.01063	0.01799	0.00740	0.00395	0.00659

[dist]
# distance from previous block
# <min> <max>
0	1

[block]
# block no. 2 follows, 30 sequences, length 57
# corresponding to MSA columns:
# 82-138
name=unknown_C
#
# <colnr> <probs for GDERKNQSTAVLIFYWHMCP>
#	G	D	E	R	K	N	Q	S	T	A	V	L	I	F	Y	W	H	M	C	P
0	0.00977	0.00704	0.00951	0.01104	0.01210	0.00678	0.00863	0.01194	0.01475	0.01930	0.03944	0.40215	0.07788	0.02044	0.00921	0.00299	0.00513	0.31942	0.00645	0.00603
1	0.18539	0.39459	0.20324	0.01355	0.02019	0.04342	0.01456	0.02133	0.01400	0.02106	0.01045	0.01216	0.00863	0.00628	0.00504	0.00183	0.00790	0.00413	0.00328	0.00897
2	0.30292	0.01206	0.01186	0.01052	0.01382	0.01324	0.00828	0.11513	0.08062	0.04812	0.11743	0.02816	0.02256	0.09873	0.00965	0.00275	0.00555	0.04123	0.04941	0.00796
3	0.02090	0.01605	0.01741	0.08877	0.02124	0.04592	0.01201	0.38584	0.07472	0.03402	0.02021	0.02152	0.04395	0.01108	0.04665	0.00258	0.00772	0.00679	0.11271	0.00993
4	0.06101	0.13895	0.30289	0.01974	0.10042	0.01844	0.04789	0.13630	0.01777	0.02550	0.01352	0.03542	0.01073	0.00712	0.00634	0.00204	0.00863	0.00568	0.00395	0.03764
5	0.01953	0.67307	0.03458	0.01265	0.01834	0.11035	0.01212	0.02172	0.01484	0.01650	0.00983	0.01136	0.00896	0.00611	0.00469	0.00153	0.00807	0.00382	0.00306	0.00885
6	0.01162	0.00869	0.01071	0.01011	0.01072	0.00979	0.00697	0.03992	0.03678	0.01624	0.01992	0.03679	0.02130	0.47646	0.16643	0.00686	0.09199	0.00893	0.00422	0.00556
7	0.04772	0.02964	0.53044	0.01894	0.04611	0.01503	0.04305	0.02230	0.01522	0.08244	0.04289	0.01763	0.01234	0.00890	0.03546	0.00256	0.00977	0.00579	0.00376	0.01001
8	0.02169	0.01679	0.01914	0.12188	0.04564	0.03515	0.01333	0.37862	0.12814	0.05793	0.02039	0.02171	0.04185	0.03621	0.00809	0.00235	0.00746	0.00698	0.00617	0.01050
9	0.05098	0.00745	0.00897	0.00849	0.01040	0.00693	0.00640	0.01298	0.01865	0.02651	0.55626	0.05271	0.17875	0.01447	0.00803	0.00222	0.00345	0.01254	0.00729	0.00651
10	0.01007	0.00701	0.00883	0.00877	0.00929	0.00732	0.00576	0.01111	0.01136	0.01566	0.08514	0.04093	0.02684	0.48006	0.23524	0.00764	0.00993	0.00960	0.00441	0.00503
11	0.01555	0.01427	0.02441	0.33733	0.34692	0.01548	0.04677	0.01980	0.01510	0.04244	0.01443	0.05037	0.01203	0.00729	0.00708	0.00223	0.00860	0.00692	0.00360	0.00936
12	0.01413	0.03530	0.69030	0.02083	0.05812	0.01622	0.02560	0.02207	0.01478	0.02213	0.01255	0.01484	0.00893	0.00661	0.00664	0.00220	0.01023	0.00520	0.00297	0.01034
13	0.01010	0.00757	0.00968	0.01064	0.01242	0.00716	0.00886	0.01278	0.01615	0.02063	0.09649	0.10828	0.24392	0.01856	0.00908	0.00286	0.00520	0.38686	0.00654	0.00624
14	0.01350	0.09512	0.43622	0.01673	0.02393	0.01481	0.03776	0.01954	0.03312	0.02093	0.04222	0.12024	0.01781	0.01022	0.00782	0.03486	0.00851	0.03383	0.00388	0.00895
15	0.01569	0.21680	0.40519	0.01982	0.02836	0.01941	0.15824	0.02184	0.01495	0.02070	0.01213	0.01467	0.00923	0.00631	0.00641	0.00206	0.00989	0.00543	0.00308	0.00978
16	0.02217	0.02280	0.01960	0.04840	0.02171	0.31572	0.04775	0.20885	0.03806	0.02543	0.01569	0.06503	0.01338	0.01115	0.04722	0.00257	0.03207	0.00664	0.02681	0.00895
17	0.01721	0.02477	0.23755	0.04903	0.28831	0.14768	0.02027	0.02207	0.01621	0.02119	0.01471	0.02140	0.01266	0.00777	0.00697	0.00218	0.00957	0.06711	0.00359	0.00974
18	0.01015	0.00824	0.00863	0.00811	0.01069	0.00745	0.00620	0.07379	0.01794	0.02227	0.14040	0.06068	0.56783	0.01640	0.00813	0.00231	0.00389	0.01369	0.00667	0.00653
19	0.01293	0.00646	0.00675	0.00675	0.00822	0.00646	0.00499	0.01559	0.01412	0.02472	0.02177	0.02557	0.01735	0.00964	0.00697	0.07601	0.00351	0.00646	0.71957	0.00618
20	0.01396	0.00955	0.01144	0.01075	0.02973	0.00886	0.00791	0.06829	0.05326	0.10486	0.14615	0.18772	0.21801	0.01434	0.00776	0.00226	0.00458	0.01233	0.00670	0.08154
21	0.32337	0.10027	0.01674	0.01422	0.07173	0.14737	0.01028	0.02003	0.01359	0.02245	0.01220	0.01769	0.01122	0.11545	0.03339	0.00301	0.05027	0.00527	0.00386	0.00758
22	0.01959	0.11383	0.02453	0.02086	0.10371	0.26849	0.06248	0.02197	0.01537	0.01794	0.01102	0.01481	0.00974	0.01014	0.04047	0.00258	0.22524	0.00547	0.00335	0.00844
23	0.02610	0.01776	0.01965	0.01499	0.02061	0.01883	0.01236	0.53002	0.02923	0.13987	0.01792	0.01756	0.01251	0.00811	0.00682	0.00200	0.00719	0.00619	0.00696	0.08534
24	0.01098	0.00784	0.00990	0.01052	0.01169	0.00775	0.00751	0.08984	0.01618	0.02172	0.09079	0.54938	0.04243	0.01959	0.00922	0.02685	0.00459	0.05025	0.00653	0.00643
25	0.00866	0.00614	0.00805	0.00952	0.00989	0.00577	0.00627	0.00976	0.01306	0.01741	0.03692	0.68431	0.04421	0.09041	0.01140	0.00320	0.00430	0.01893	0.00627	0.00553
26	0.00997	0.00748	0.01121	0.01121	0.01246	0.00872	0.00872	0.01246	0.01121	0.01620	0.01869	0.02741	0.01745	0.05234	0.72710	0.01121	0.01869	0.00748	0.00374	0.00623
27	0.01276	0.02739	0.49720	0.01690	0.02474	0.01348	0.04112	0.01930	0.01584	0.02291	0.14903	0.02679	0.08479	0.00907	0.00713	0.00223	0.00840	0.00755	0.00419	0.00917
28	0.01451	0.00937	0.01164	0.01102	0.01260	0.00989	0.00798	0.09604	0.13075	0.03979	0.02145	0.17545	0.02098	0.01888	0.01696	0.37627	0.00573	0.00933	0.00508	0.00626
29	0.01196	0.00872	0.01184	0.01140	0.01311	0.00987	0.00886	0.09173	0.01411	0.02014	0.02031	0.08527	0.01917	0.04223	0.54373	0.00893	0.01534	0.00829	0.04812	0.00686
30	0.03131	0.01188	0.01619	0.01242	0.01781	0.01026	0.01026	0.03401	0.01997	0.71606	0.02753	0.02375	0.01727	0.00864	0.00702	0.00216	0.00594	0.00702	0.00864	0.01188
31	0.07589	0.01049	0.01189	0.01115	0.01369	0.01086	0.00842	0.16848	0.03847	0.06165	0.03333	0.34897	0.11137	0.01745	0.04178	0.00290	0.00576	0.01326	0.00643	0.00777
32	0.00984	0.00668	0.00790	0.00819	0.00833	0.00668	0.00488	0.01020	0.01078	0.01444	0.02474	0.17026	0.02864	0.58516	0.06911	0.00631	0.00694	0.01173	0.00460	0.00460
33	0.00870	0.00615	0.00804	0.00947	0.00983	0.00580	0.00621	0.00977	0.01298	0.01731	0.03653	0.66751	0.04371	0.10789	0.01203	0.00330	0.00437	0.01870	0.00621	0.00550
34	0.01400	0.03610	0.71860	0.01989	0.03020	0.01621	0.02578	0.02210	0.01473	0.02210	0.01252	0.01473	0.00884	0.00663	0.00663	0.00221	0.01031	0.00516	0.00295	0.01031
35	0.02194	0.01197	0.03550	0.01200	0.01605	0.01078	0.00981	0.13278	0.02048	0.33433	0.11507	0.15849	0.06572	0.01211	0.00756	0.00229	0.00555	0.01027	0.00757	0.00972
36	0.01717	0.01672	0.02736	0.10706	0.62741	0.03893	0.02098	0.02128	0.01583	0.02215	0.01298	0.01725	0.01082	0.00632	0.00690	0.00209	0.00852	0.00616	0.00343	0.01065
37	0.71764	0.01597	0.08773	0.01035	0.01532	0.01571	0.00955	0.02069	0.01219	0.03030	0.01002	0.01171	0.00770	0.00649	0.00457	0.00216	0.00594	0.00393	0.00417	0.00786
38	0.01492	0.01478	0.02308	0.23398	0.20172	0.06929	0.11626	0.01884	0.01543	0.02003	0.01859	0.11117	0.01778	0.00980	0.00763	0.00239	0.00872	0.08306	0.00407	0.00845
39	0.00971	0.00614	0.00851	0.00963	0.00996	0.00587	0.00652	0.00969	0.01215	0.01618	0.03034	0.50339	0.03552	0.02250	0.01456	0.24615	0.00475	0.03814	0.00542	0.00489
40	0.01394	0.01352	0.01780	0.17881	0.05647	0.07532	0.06481	0.01835	0.07160	0.01954	0.02602	0.07091	0.13556	0.01436	0.07041	0.00312	0.09708	0.00875	0.03593	0.00770
41	0.01653	0.43489	0.17286	0.10070	0.02519	0.02230	0.06782	0.02054	0.01432	0.01819	0.01131	0.01406	0.00945	0.00814	0.03552	0.00221	0.00906	0.00482	0.00306	0.00901
42	0.03131	0.01188	0.01619	0.01242	0.01781	0.01026	0.01026	0.03401	0.01997	0.71606	0.02753	0.02375	0.01727	0.00864	0.00702	0.00216	0.00594	0.00702	0.00864	0.01188
43	0.01516	0.01483	0.01863	0.01586	0.01762	0.10020	0.09243	0.04426	0.01456	0.01959	0.08094	0.10271	0.02124	0.11576	0.01683	0.00315	0.26230	0.00884	0.02783	0.00726
44	0.01381	0.01098	0.01463	0.05610	0.10326	0.01159	0.01156	0.10296	0.06025	0.02315	0.03041	0.16671	0.07979	0.06795	0.01065	0.00294	0.02694	0.19279	0.00574	0.00778
45	0.00950	0.00712	0.00880	0.00838	0.01019	0.00642	0.00629	0.01244	0.01886	0.02586	0.55967	0.05562	0.21504	0.01506	0.00823	0.00223	0.00335	0.01311	0.00740	0.00642
46	0.00997	0.00748	0.01121	0.01121	0.01246	0.00872	0.00872	0.01246	0.01121	0.01620	0.01869	0.02741	0.01745	0.05234	0.72710	0.01121	0.01869	0.00748	0.00374	0.00623
47	0.01560	0.01803	0.06950	0.04212	0.05806	0.01760	0.43062	0.02033	0.01491	0.02083	0.01426	0.05834	0.01216	0.00818	0.01120	0.00251	0.16515	0.00814	0.00355	0.00890
48	0.01181	0.00914	0.01107	0.01187	0.03831	0.00922	0.00848	0.07196	0.09679	0.02198	0.03931	0.33171	0.15546	0.04983	0.00961	0.00283	0.00504	0.10212	0.00638	0.00711
49	0.80405	0.01350	0.01026	0.00918	0.01350	0.01565	0.00756	0.02051	0.01188	0.03131	0.00972	0.01134	0.00756	0.00648	0.00432	0.00216	0.00540	0.00378	0.00432	0.00756
50	0.00839	0.00689	0.00732	0.00758	0.00952	0.00590	0.00551	0.01005	0.01542	0.01878	0.08122	0.18251	0.55955	0.03831	0.00910	0.00255	0.00370	0.01542	0.00645	0.00583
51	0.05181	0.01642	0.01838	0.04468	0.02061	0.01787	0.01228	0.47488	0.02734	0.10158	0.02046	0.09082	0.01687	0.01014	0.00721	0.00224	0.00709	0.04185	0.00680	0.01066
52	0.01377	0.01272	0.02093	0.70621	0.04690	0.01577	0.01911	0.04732	0.01478	0.01898	0.01259	0.01852	0.00942	0.00704	0.00698	0.00232	0.00923	0.00621	0.00327	0.00793
53	0.02203	0.02659	0.04314	0.02562	0.23126	0.42384	0.01643	0.02470	0.01759	0.01894	0.01140	0.01432	0.00963	0.00735	0.00804	0.00201	0.07943	0.00519	0.00348	0.00901
54	0.07415	0.01197	0.01587	0.01224	0.01757	0.01056	0.01011	0.03326	0.01952	0.67810	0.02654	0.02306	0.01674	0.00852	0.00687	0.00216	0.00591	0.00684	0.00840	0.01164
55	0.08894	0.04515	0.43197	0.02511	0.21053	0.01656	0.04206	0.02175	0.01481	0.02302	0.01240	0.01513	0.00937	0.00647	0.00649	0.00216	0.00929	0.00537	0.00323	0.01019
56	0.08831	0.01251	0.01408	0.01023	0.01625	0.00990	0.00820	0.01785	0.01423	0.02354	0.01215	0.01418	0.01008	0.00529	0.00509	0.00114	0.00519	0.00410	0.00415	0.72355

[dist]
# distance from previous block
# <min> <max>
0	1

[block]
# block no. 3 follows, 30 sequences, length 19
# corresponding to MSA columns:
# 140-158
name=unknown_D
#
# <colnr> <probs for GDERKNQSTAVLIFYWHMCP>
#	G	D	E	R	K	N	Q	S	T	A	V	L	I	F	Y	W	H	M	C	P
0	0.11115	0.16476	0.43473	0.01654	0.02465	0.01798	0.01958	0.02238	0.01454	0.07208	0.01264	0.01434	0.00933	0.00681	0.00649	0.00209	0.03173	0.00489	0.00353	0.00976
1	0.01559	0.01297	0.01997	0.33481	0.17641	0.01460	0.01615	0.11216	0.01618	0.02160	0.01406	0.04471	0.01185	0.01056	0.01058	0.14104	0.00810	0.00668	0.00384	0.00814
2	0.00877	0.00627	0.00838	0.00984	0.01041	0.00588	0.00677	0.01026	0.01399	0.01874	0.08740	0.65850	0.04723	0.02115	0.00890	0.00281	0.00414	0.05822	0.00656	0.00578
3	0.01668	0.01734	0.06487	0.10100	0.53577	0.01658	0.06895	0.02192	0.04681	0.02258	0.01380	0.01777	0.01121	0.00643	0.00700	0.00214	0.00861	0.00638	0.00357	0.01060
4	0.12673	0.01926	0.14885	0.03276	0.46556	0.01600	0.01969	0.02096	0.01487	0.02347	0.01250	0.01613	0.01021	0.00699	0.00724	0.03133	0.00817	0.00568	0.00347	0.01014
5	0.03013	0.01191	0.01650	0.05958	0.01978	0.01060	0.01085	0.03296	0.01958	0.67068	0.02655	0.02342	0.01676	0.00853	0.00701	0.00217	0.00616	0.00696	0.00828	0.01161
6	0.01443	0.01467	0.02567	0.02139	0.05380	0.01682	0.23667	0.01753	0.01327	0.01903	0.01593	0.12677	0.01573	0.01370	0.05775	0.00324	0.31287	0.00895	0.00378	0.00800
7	0.02433	0.01386	0.01707	0.04650	0.03883	0.01413	0.01142	0.19744	0.11880	0.31420	0.10559	0.02529	0.02177	0.00922	0.00716	0.00218	0.00622	0.00757	0.00749	0.01091
8	0.01131	0.00734	0.00949	0.01017	0.01123	0.00709	0.00706	0.04812	0.01454	0.06922	0.03431	0.57056	0.03926	0.07512	0.04680	0.00345	0.00532	0.01685	0.00636	0.00637
9	0.01015	0.00677	0.00761	0.00761	0.00761	0.00677	0.00423	0.01015	0.01015	0.01353	0.02199	0.04567	0.02537	0.75476	0.03552	0.00677	0.00677	0.01015	0.00423	0.00423
10	0.00877	0.00641	0.00840	0.00960	0.01039	0.00604	0.00669	0.01034	0.01402	0.01864	0.08761	0.56194	0.11046	0.02280	0.05550	0.00330	0.00498	0.04188	0.00638	0.00582
11	0.01836	0.16630	0.26308	0.02156	0.09712	0.05880	0.13873	0.06324	0.01681	0.07225	0.01357	0.01570	0.01020	0.00661	0.00657	0.00205	0.00947	0.00571	0.00380	0.01005
12	0.01318	0.01240	0.02093	0.73798	0.04806	0.01550	0.01938	0.01783	0.01395	0.01783	0.01240	0.01860	0.00930	0.00698	0.00698	0.00233	0.00930	0.00620	0.00310	0.00775
13	0.01039	0.00762	0.01014	0.01147	0.01305	0.00737	0.00963	0.01310	0.01570	0.02015	0.04290	0.16105	0.15498	0.01933	0.00931	0.00302	0.00563	0.47248	0.00644	0.00624
14	0.02383	0.01799	0.02070	0.01681	0.04651	0.01968	0.04658	0.52954	0.07293	0.03920	0.01774	0.01891	0.01314	0.03220	0.00785	0.00225	0.00750	0.00662	0.04890	0.01113
15	0.04566	0.05193	0.38044	0.02097	0.11161	0.05477	0.02039	0.02296	0.01515	0.10149	0.01364	0.01580	0.01010	0.00749	0.00850	0.00224	0.09763	0.00549	0.00377	0.01000
16	0.01105	0.00992	0.01457	0.28331	0.09689	0.01055	0.01237	0.01407	0.01486	0.01875	0.03893	0.13006	0.29198	0.01303	0.00772	0.00238	0.00624	0.01131	0.00491	0.00709
17	0.01136	0.00908	0.01232	0.01226	0.05026	0.00887	0.04611	0.01640	0.10306	0.02471	0.32150	0.15440	0.12695	0.01399	0.00792	0.00230	0.00447	0.01245	0.05426	0.00731
18	0.02272	0.06085	0.02289	0.02245	0.16486	0.31736	0.05040	0.07580	0.10110	0.07239	0.01516	0.01655	0.01179	0.00732	0.00663	0.00199	0.00970	0.00574	0.00457	0.00973

[dist]
# distance from previous block
# <min> <max>
9	17

[block]
# block no. 4 follows, 30 sequences, length 27
# corresponding to MSA columns:
# 176-202
name=unknown_E
#
# <colnr> <probs for GDERKNQSTAVLIFYWHMCP>
#	G	D	E	R	K	N	Q	S	T	A	V	L	I	F	Y	W	H	M	C	P
0	0.18106	0.02171	0.18071	0.04318	0.13113	0.09457	0.01603	0.05159	0.14105	0.02558	0.01576	0.01867	0.01244	0.00763	0.00637	0.00219	0.00807	0.02821	0.00443	0.00959
1	0.10318	0.02161	0.05123	0.01674	0.06764	0.24059	0.01276	0.17544	0.04897	0.09484	0.01631	0.03944	0.01271	0.00805	0.00640	0.00202	0.00850	0.00598	0.05806	0.00951
2	0.07333	0.00882	0.01061	0.03457	0.01261	0.00985	0.00776	0.03637	0.04560	0.02047	0.02254	0.16223	0.02276	0.16017	0.15367	0.00490	0.05727	0.00967	0.14033	0.00646
3	0.00968	0.00745	0.00849	0.00832	0.01037	0.00681	0.00630	0.01300	0.05010	0.02317	0.29937	0.07712	0.35415	0.01568	0.00808	0.00231	0.00366	0.03960	0.04988	0.00644
4	0.02513	0.03070	0.02000	0.01788	0.02128	0.61509	0.01363	0.07192	0.01985	0.01889	0.01105	0.01311	0.00920	0.00772	0.00783	0.00193	0.07794	0.00476	0.00378	0.00831
5	0.01447	0.01240	0.01447	0.01034	0.01654	0.00930	0.00827	0.01757	0.01447	0.02274	0.01240	0.01447	0.01034	0.00517	0.00517	0.00103	0.00517	0.00413	0.00413	0.79742
6	0.01212	0.00606	0.00909	0.00909	0.00909	0.00606	0.00606	0.00909	0.00909	0.01212	0.01212	0.02121	0.01212	0.02424	0.02727	0.79697	0.00606	0.00606	0.00303	0.00303
7	0.02210	0.10089	0.09656	0.01506	0.02056	0.01936	0.01351	0.43690	0.02613	0.05225	0.04104	0.08911	0.01652	0.00945	0.00690	0.00212	0.00739	0.00744	0.00612	0.01059
8	0.04414	0.01317	0.01391	0.01194	0.01582	0.03893	0.00940	0.10153	0.23939	0.11014	0.11830	0.03369	0.14787	0.01087	0.00718	0.00217	0.00541	0.00893	0.00682	0.06038
9	0.02356	0.01731	0.01881	0.01477	0.01951	0.01904	0.01199	0.56653	0.02944	0.03961	0.06435	0.02163	0.01673	0.06280	0.03886	0.00281	0.00777	0.00704	0.00670	0.01074
10	0.01730	0.01482	0.01487	0.01338	0.01717	0.05547	0.01038	0.03283	0.53752	0.05984	0.03298	0.03062	0.11154	0.01039	0.00720	0.00232	0.00568	0.00856	0.00689	0.01023
11	0.01050	0.00801	0.00996	0.01062	0.01244	0.00781	0.00853	0.01454	0.07574	0.02164	0.13379	0.16397	0.19924	0.01775	0.00880	0.00275	0.00491	0.27570	0.00667	0.00662
12	0.01961	0.12691	0.13768	0.02596	0.26335	0.23375	0.01791	0.02416	0.04921	0.02037	0.01258	0.01502	0.01027	0.00670	0.00635	0.00195	0.00967	0.00526	0.00352	0.00974
13	0.11126	0.20387	0.15606	0.03544	0.06023	0.19423	0.01487	0.04443	0.01651	0.04667	0.03302	0.01578	0.02585	0.00716	0.00588	0.00192	0.00888	0.00510	0.00386	0.00899
14	0.00858	0.00613	0.00816	0.00967	0.01014	0.00572	0.00648	0.00990	0.01371	0.01837	0.07496	0.71212	0.04723	0.02145	0.00887	0.00280	0.00401	0.01944	0.00654	0.00572
15	0.00912	0.00666	0.00844	0.00965	0.01046	0.00626	0.00659	0.03387	0.01433	0.01886	0.04118	0.65005	0.11675	0.02093	0.00877	0.00276	0.00412	0.01880	0.00650	0.00591
16	0.01660	0.01831	0.06039	0.03228	0.30219	0.03842	0.28366	0.02117	0.01558	0.02165	0.01381	0.04035	0.01162	0.00723	0.00910	0.00231	0.08470	0.00734	0.00352	0.00977
17	0.01723	0.01663	0.02845	0.04071	0.64021	0.01668	0.05836	0.02221	0.04843	0.02308	0.01391	0.01778	0.01152	0.00635	0.00699	0.00210	0.00835	0.00641	0.00363	0.01096
18	0.00997	0.00846	0.01064	0.01288	0.10293	0.00767	0.00851	0.01229	0.01585	0.01970	0.05620	0.08346	0.47899	0.01657	0.00833	0.00248	0.00468	0.12766	0.00607	0.00666
19	0.04414	0.02282	0.02045	0.05175	0.15923	0.34044	0.01479	0.02315	0.04137	0.01911	0.01344	0.05531	0.01213	0.00996	0.03076	0.00244	0.12025	0.00618	0.00378	0.00851
20	0.01867	0.01297	0.01537	0.01149	0.01707	0.01120	0.00928	0.08655	0.04003	0.14657	0.01628	0.01713	0.01230	0.00654	0.00623	0.00146	0.02667	0.00511	0.03255	0.50652
21	0.01511	0.01946	0.15728	0.11448	0.05182	0.01627	0.29341	0.05157	0.01574	0.02179	0.01595	0.09817	0.01397	0.00860	0.00903	0.00242	0.07380	0.00835	0.00381	0.00897
22	0.00855	0.00678	0.00770	0.00825	0.00990	0.00594	0.00598	0.01029	0.01534	0.01921	0.10245	0.28997	0.42480	0.01887	0.00851	0.00253	0.00379	0.03871	0.00656	0.00588
23	0.01352	0.01131	0.05070	0.03579	0.01594	0.01052	0.01044	0.07696	0.10985	0.05034	0.16969	0.13121	0.09164	0.01468	0.00823	0.00256	0.00556	0.17658	0.00661	0.00788
24	0.01681	0.01632	0.02846	0.11141	0.59887	0.01655	0.06657	0.02112	0.01574	0.02227	0.01312	0.01751	0.01085	0.00627	0.00701	0.00212	0.00863	0.00635	0.00342	0.01061
25	0.01001	0.00733	0.01048	0.01048	0.01148	0.00833	0.00781	0.01199	0.01100	0.01566	0.01936	0.03112	0.01905	0.19500	0.58664	0.01031	0.01627	0.00802	0.00384	0.00582
26	0.01786	0.58847	0.13436	0.01466	0.05278	0.02501	0.01437	0.02175	0.04205	0.01806	0.01103	0.01260	0.00954	0.00622	0.00501	0.00166	0.00784	0.00423	0.00317	0.00934

[dist]
# distance from previous block
# <min> <max>
0	11

[block]
# block no. 5 follows, 30 sequences, length 19
# corresponding to MSA columns:
# 214-232
name=unknown_F
#
# <colnr> <probs for GDERKNQSTAVLIFYWHMCP>
#	G	D	E	R	K	N	Q	S	T	A	V	L	I	F	Y	W	H	M	C	P
0	0.80405	0.01350	0.01026	0.00918	0.01350	0.01565	0.00756	0.02051	0.01188	0.03131	0.00972	0.01134	0.00756	0.00648	0.00432	0.00216	0.00540	0.00378	0.00432	0.00756
1	0.00997	0.00748	0.01121	0.01121	0.01246	0.00872	0.00872	0.01246	0.01121	0.01620	0.01869	0.02741	0.01745	0.05234	0.72710	0.01121	0.01869	0.00748	0.00374	0.00623
2	0.01435	0.01410	0.02155	0.07970	0.02161	0.01849	0.07714	0.01670	0.01159	0.01731	0.01144	0.01784	0.01064	0.01764	0.13361	0.00424	0.49473	0.00653	0.00321	0.00758
3	0.01951	0.01287	0.01604	0.03185	0.01798	0.01245	0.03822	0.20402	0.02066	0.15725	0.04520	0.14958	0.04747	0.01057	0.00705	0.00205	0.00601	0.00900	0.03294	0.15928
4	0.02317	0.01859	0.01981	0.04722	0.05691	0.06635	0.01326	0.46059	0.10114	0.03642	0.01918	0.01975	0.03659	0.01035	0.03619	0.00249	0.00817	0.00667	0.00628	0.01088
5	0.02216	0.02206	0.02111	0.02245	0.18244	0.27624	0.03060	0.07116	0.13991	0.08244	0.01644	0.01754	0.01266	0.00744	0.00668	0.00199	0.00907	0.00591	0.00486	0.04686
6	0.01727	0.01658	0.02832	0.04283	0.71123	0.01658	0.02142	0.02142	0.01589	0.02280	0.01313	0.01727	0.01105	0.00622	0.00691	0.00207	0.00829	0.00622	0.00345	0.01105
7	0.02442	0.01201	0.01578	0.04112	0.03976	0.01101	0.01039	0.05815	0.05981	0.42409	0.09408	0.02504	0.02095	0.00869	0.00686	0.00203	0.00576	0.00720	0.02832	0.10456
8	0.01001	0.00733	0.01046	0.01046	0.01144	0.00831	0.00778	0.01198	0.01099	0.01564	0.01938	0.03125	0.01911	0.19992	0.58180	0.01028	0.01619	0.00804	0.00384	0.00581
9	0.02062	0.01608	0.01776	0.01337	0.01916	0.01582	0.01089	0.35301	0.05454	0.03363	0.01530	0.01613	0.01160	0.00696	0.00616	0.00162	0.00644	0.00538	0.00569	0.36985
10	0.68372	0.01400	0.01239	0.03446	0.06214	0.01604	0.00917	0.05709	0.01336	0.03101	0.01042	0.01226	0.00808	0.00658	0.00472	0.00215	0.00584	0.00416	0.00437	0.00804
11	0.01719	0.01680	0.02961	0.04149	0.64365	0.01669	0.08796	0.02151	0.01595	0.02275	0.01323	0.01743	0.01101	0.00618	0.00704	0.00210	0.00864	0.00642	0.00346	0.01089
12	0.01439	0.00813	0.01083	0.00987	0.01223	0.00740	0.00766	0.01743	0.01917	0.17147	0.47951	0.08956	0.05273	0.01387	0.00811	0.00229	0.00410	0.05588	0.00773	0.00763
13	0.02730	0.05101	0.01855	0.01452	0.01921	0.24048	0.01161	0.12789	0.02157	0.32881	0.05469	0.02008	0.01597	0.00831	0.00674	0.00201	0.00824	0.00625	0.00650	0.01028
14	0.00850	0.00607	0.00810	0.00972	0.01012	0.00567	0.00648	0.00972	0.01336	0.01781	0.03846	0.75020	0.04615	0.02186	0.00891	0.00283	0.00405	0.01984	0.00648	0.00567
15	0.02484	0.01855	0.02068	0.01749	0.06753	0.02035	0.01341	0.60286	0.03052	0.04100	0.01779	0.06014	0.01384	0.00903	0.00709	0.00214	0.00751	0.00708	0.00671	0.01145
16	0.02314	0.01675	0.01817	0.01470	0.01944	0.01850	0.01181	0.38933	0.24078	0.09506	0.02164	0.02187	0.01605	0.04967	0.00859	0.00244	0.00680	0.00707	0.00701	0.01119
17	0.00880	0.00643	0.00877	0.04375	0.01192	0.00618	0.00709	0.01030	0.01377	0.01842	0.07678	0.67470	0.04559	0.02072	0.00878	0.00277	0.00425	0.01877	0.00639	0.00582
18	0.08227	0.01721	0.02787	0.07601	0.22026	0.06841	0.23292	0.02133	0.01545	0.04552	0.01427	0.05161	0.01204	0.00762	0.00864	0.00230	0.07600	0.00720	0.00382	0.00926

[dist]
# distance from previous block
# <min> <max>
6	8

[block]
# block no. 6 follows, 30 sequences, length 86
# corresponding to MSA columns:
# 241-326
name=unknown_G
#
# <colnr> <probs for GDERKNQSTAVLIFYWHMCP>
#	G	D	E	R	K	N	Q	S	T	A	V	L	I	F	Y	W	H	M	C	P
0	0.00838	0.00707	0.00725	0.00721	0.00951	0.00595	0.00540	0.01027	0.01621	0.01958	0.12144	0.06596	0.65719	0.01740	0.00825	0.00234	0.00352	0.01456	0.00658	0.00595
1	0.01594	0.27130	0.40756	0.02016	0.11180	0.02000	0.02068	0.02162	0.01470	0.02032	0.01167	0.01389	0.00916	0.00636	0.00596	0.00196	0.00912	0.00482	0.00302	0.00996
2	0.00827	0.00700	0.00714	0.00725	0.00947	0.00588	0.00538	0.00999	0.01573	0.01878	0.06845	0.11464	0.66236	0.01796	0.00829	0.00239	0.00357	0.01508	0.00648	0.00588
3	0.80405	0.01350	0.01026	0.00918	0.01350	0.01565	0.00756	0.02051	0.01188	0.03131	0.00972	0.01134	0.00756	0.00648	0.00432	0.00216	0.00540	0.00378	0.00432	0.00756
4	0.70044	0.01335	0.01165	0.10465	0.01802	0.01563	0.00911	0.02016	0.01215	0.02954	0.01007	0.01229	0.00779	0.00654	0.00467	0.00218	0.00591	0.00410	0.00416	0.00758
5	0.01432	0.01383	0.05015	0.16156	0.28974	0.01402	0.01680	0.01965	0.07314	0.02088	0.01774	0.02627	0.01566	0.01710	0.15005	0.00408	0.01021	0.07179	0.00403	0.00898
6	0.01787	0.05147	0.05756	0.06649	0.50767	0.01728	0.01953	0.10534	0.01773	0.02476	0.01426	0.04255	0.01211	0.00708	0.00687	0.00209	0.00816	0.00654	0.00395	0.01069
7	0.00997	0.00748	0.01121	0.01121	0.01246	0.00872	0.00872	0.01246	0.01121	0.01620	0.01869	0.02741	0.01745	0.05234	0.72710	0.01121	0.01869	0.00748	0.00374	0.00623
8	0.01542	0.01811	0.06932	0.02639	0.03262	0.01637	0.55587	0.02075	0.01585	0.02165	0.01658	0.09997	0.01442	0.00791	0.00873	0.00242	0.03552	0.00931	0.00381	0.00898
9	0.00841	0.00712	0.00730	0.00739	0.00970	0.00601	0.00563	0.01026	0.01591	0.01896	0.06884	0.06779	0.67177	0.01776	0.00832	0.00240	0.00369	0.05033	0.00648	0.00592
10	0.01667	0.01581	0.02589	0.03813	0.60834	0.01592	0.01950	0.02191	0.07071	0.02305	0.01823	0.02133	0.05881	0.00725	0.00701	0.00212	0.00775	0.00692	0.00395	0.01071
11	0.80405	0.01350	0.01026	0.00918	0.01350	0.01565	0.00756	0.02051	0.01188	0.03131	0.00972	0.01134	0.00756	0.00648	0.00432	0.00216	0.00540	0.00378	0.00432	0.00756
12	0.01302	0.00676	0.00714	0.03876	0.00989	0.00690	0.00552	0.01633	0.01460	0.02566	0.02231	0.02569	0.01751	0.00808	0.00497	0.00166	0.00352	0.00649	0.75864	0.00656
13	0.03131	0.01188	0.01619	0.01242	0.01781	0.01026	0.01026	0.03401	0.01997	0.71606	0.02753	0.02375	0.01727	0.00864	0.00702	0.00216	0.00594	0.00702	0.00864	0.01188
14	0.80405	0.01350	0.01026	0.00918	0.01350	0.01565	0.00756	0.02051	0.01188	0.03131	0.00972	0.01134	0.00756	0.00648	0.00432	0.00216	0.00540	0.00378	0.00432	0.00756
15	0.01655	0.01901	0.06792	0.03065	0.15568	0.01738	0.50550	0.02288	0.04902	0.02275	0.01455	0.01871	0.01111	0.00615	0.00787	0.00230	0.01078	0.00772	0.00366	0.00982
16	0.80405	0.01350	0.01026	0.00918	0.01350	0.01565	0.00756	0.02051	0.01188	0.03131	0.00972	0.01134	0.00756	0.00648	0.00432	0.00216	0.00540	0.00378	0.00432	0.00756
17	0.76497	0.01341	0.01056	0.00934	0.01371	0.01538	0.00769	0.02120	0.01229	0.06594	0.01062	0.01196	0.00805	0.00659	0.00445	0.00216	0.00543	0.00394	0.00454	0.00778
18	0.01015	0.00677	0.00761	0.00761	0.00761	0.00677	0.00423	0.01015	0.01015	0.01353	0.02199	0.04567	0.02537	0.75476	0.03552	0.00677	0.00677	0.01015	0.00423	0.00423
19	0.03131	0.01188	0.01619	0.01242	0.01781	0.01026	0.01026	0.03401	0.01997	0.71606	0.02753	0.02375	0.01727	0.00864	0.00702	0.00216	0.00594	0.00702	0.00864	0.01188
20	0.01641	0.01909	0.07212	0.02907	0.10583	0.01719	0.53141	0.02274	0.04634	0.02270	0.01451	0.01863	0.01101	0.00609	0.00787	0.00228	0.01084	0.00772	0.00367	0.03448
21	0.00988	0.00713	0.00933	0.00878	0.01043	0.00658	0.00658	0.01317	0.01975	0.02798	0.70754	0.05213	0.06584	0.01427	0.00823	0.00219	0.00329	0.01262	0.00768	0.00658
22	0.01009	0.00700	0.00880	0.00880	0.00921	0.00741	0.00571	0.01091	0.01050	0.01441	0.02090	0.03966	0.02276	0.52351	0.26320	0.00823	0.01069	0.00927	0.00407	0.00489
23	0.01709	0.01639	0.02799	0.07387	0.68161	0.01653	0.02133	0.02126	0.01580	0.02258	0.01309	0.01733	0.01098	0.00625	0.00691	0.00208	0.00834	0.00622	0.00344	0.01091
24	0.03108	0.01224	0.01642	0.01259	0.01800	0.01080	0.01040	0.06538	0.02059	0.68382	0.02701	0.02342	0.01701	0.00862	0.00702	0.00216	0.00602	0.00698	0.00856	0.01188
25	0.01424	0.01131	0.01308	0.01202	0.01383	0.05816	0.00945	0.09493	0.01494	0.02155	0.01773	0.02396	0.01555	0.05022	0.34391	0.00647	0.09996	0.00685	0.16465	0.00719
26	0.00958	0.00692	0.00849	0.00841	0.01002	0.00631	0.00619	0.01226	0.01768	0.02453	0.43288	0.15562	0.18775	0.01562	0.00809	0.00228	0.00345	0.01366	0.06397	0.00631
27	0.02197	0.33266	0.02638	0.01501	0.01947	0.35865	0.01258	0.04725	0.01764	0.01822	0.04122	0.01398	0.01159	0.00719	0.00614	0.00174	0.03155	0.00465	0.00363	0.00850
28	0.24231	0.01684	0.01641	0.01324	0.01795	0.04057	0.01083	0.40427	0.02439	0.03728	0.01517	0.01620	0.01124	0.00900	0.02585	0.00231	0.00712	0.00558	0.07353	0.00993
29	0.02480	0.15727	0.02264	0.01695	0.02095	0.60727	0.01322	0.02667	0.01882	0.01697	0.01060	0.01235	0.00898	0.00698	0.00598	0.00175	0.01171	0.00436	0.00349	0.00824
30	0.01512	0.01250	0.01458	0.01057	0.01665	0.00968	0.00845	0.01892	0.04377	0.04489	0.01356	0.01526	0.01102	0.00546	0.00531	0.00113	0.00521	0.00439	0.00440	0.73915
31	0.01839	0.71719	0.07597	0.01240	0.01862	0.02695	0.01274	0.02097	0.01421	0.01675	0.00986	0.01140	0.00895	0.00601	0.00460	0.00153	0.00763	0.00381	0.00298	0.00903
32	0.01699	0.37737	0.35078	0.01601	0.02383	0.06800	0.01844	0.02191	0.01480	0.01909	0.01108	0.01292	0.00890	0.00635	0.00559	0.00184	0.00911	0.00444	0.00301	0.00953
33	0.01117	0.00746	0.00948	0.00878	0.01081	0.00674	0.00666	0.01419	0.01919	0.07595	0.56375	0.05234	0.15826	0.01437	0.00815	0.00222	0.00352	0.01253	0.00757	0.00686
34	0.00981	0.00713	0.00924	0.00871	0.01038	0.00656	0.00653	0.01304	0.01960	0.02761	0.68174	0.05274	0.09188	0.01440	0.00823	0.00220	0.00330	0.01271	0.00763	0.00656
35	0.03131	0.01188	0.01619	0.01242	0.01781	0.01026	0.01026	0.03401	0.01997	0.71606	0.02753	0.02375	0.01727	0.00864	0.00702	0.00216	0.00594	0.00702	0.00864	0.01188
36	0.00850	0.00607	0.00810	0.00972	0.01012	0.00567	0.00648	0.00972	0.01336	0.01781	0.03846	0.75020	0.04615	0.02186	0.00891	0.00283	0.00405	0.01984	0.00648	0.00567
37	0.01727	0.01658	0.02832	0.04283	0.71123	0.01658	0.02142	0.02142	0.01589	0.02280	0.01313	0.01727	0.01105	0.00622	0.00691	0.00207	0.00829	0.00622	0.00345	0.01105
38	0.00855	0.00708	0.00749	0.00739	0.00961	0.00602	0.00554	0.01060	0.01662	0.02055	0.18885	0.06437	0.58918	0.01704	0.00824	0.00233	0.00349	0.01434	0.00670	0.00602
39	0.01647	0.01882	0.04118	0.02941	0.03647	0.01765	0.68588	0.02235	0.01647	0.02235	0.01412	0.01882	0.01059	0.00588	0.00824	0.00235	0.01176	0.00824	0.00353	0.00941
40	0.01787	0.01693	0.02596	0.05646	0.55386	0.03921	0.01945	0.05416	0.10108	0.02425	0.01509	0.01822	0.01224	0.00677	0.00692	0.00211	0.00808	0.00637	0.00406	0.01091
41	0.01447	0.01240	0.01447	0.01034	0.01654	0.00930	0.00827	0.01757	0.01447	0.02274	0.01240	0.01447	0.01034	0.00517	0.00517	0.00103	0.00517	0.00413	0.00413	0.79742
42	0.06041	0.01213	0.01533	0.01155	0.01718	0.01017	0.00945	0.02771	0.01770	0.44510	0.02149	0.01998	0.01443	0.00734	0.00626	0.00177	0.00565	0.00587	0.00688	0.28361
43	0.01015	0.00677	0.00761	0.00761	0.00761	0.00677	0.00423	0.01015	0.01015	0.01353	0.02199	0.04567	0.02537	0.75476	0.03552	0.00677	0.00677	0.01015	0.00423	0.00423
44	0.01488	0.01264	0.01469	0.01053	0.01671	0.00972	0.00844	0.04024	0.01509	0.02346	0.01255	0.01455	0.01039	0.00528	0.00523	0.00107	0.00525	0.00421	0.00423	0.77086
45	0.01200	0.00606	0.00906	0.00911	0.00912	0.00605	0.00607	0.00911	0.00923	0.01231	0.01298	0.04491	0.01323	0.02417	0.02668	0.77115	0.00600	0.00651	0.00314	0.00312
46	0.01400	0.03610	0.71860	0.01989	0.03020	0.01621	0.02578	0.02210	0.01473	0.02210	0.01252	0.01473	0.00884	0.00663	0.00663	0.00221	0.01031	0.00516	0.00295	0.01031
47	0.01015	0.00677	0.00761	0.00761	0.00761	0.00677	0.00423	0.01015	0.01015	0.01353	0.02199	0.04567	0.02537	0.75476	0.03552	0.00677	0.00677	0.01015	0.00423	0.00423
48	0.01117	0.00930	0.01407	0.01312	0.01432	0.01139	0.03124	0.01359	0.01128	0.01650	0.01675	0.02486	0.01567	0.04332	0.57191	0.00940	0.15467	0.00724	0.00360	0.00659
49	0.01063	0.00781	0.01038	0.01158	0.01332	0.00756	0.00991	0.01358	0.01624	0.02090	0.07968	0.07517	0.16290	0.01871	0.00931	0.00300	0.00573	0.51075	0.00650	0.00634
50	0.00997	0.00748	0.01121	0.01121	0.01246	0.00872	0.00872	0.01246	0.01121	0.01620	0.01869	0.02741	0.01745	0.05234	0.72710	0.01121	0.01869	0.00748	0.00374	0.00623
51	0.01318	0.01240	0.02093	0.73798	0.04806	0.01550	0.01938	0.01783	0.01395	0.01783	0.01240	0.01860	0.00930	0.00698	0.00698	0.00233	0.00930	0.00620	0.00310	0.00775
52	0.01635	0.01970	0.07544	0.02893	0.03615	0.01757	0.65250	0.02234	0.01638	0.02234	0.01404	0.01862	0.01050	0.00592	0.00815	0.00235	0.01169	0.00808	0.00350	0.00946
53	0.00850	0.00607	0.00810	0.00972	0.01012	0.00567	0.00648	0.00972	0.01336	0.01781	0.03846	0.75020	0.04615	0.02186	0.00891	0.00283	0.00405	0.01984	0.00648	0.00567
54	0.01892	0.73339	0.03598	0.01215	0.01804	0.05224	0.01199	0.02114	0.01438	0.01644	0.00974	0.01124	0.00896	0.00601	0.00454	0.00150	0.00764	0.00376	0.00301	0.00892
55	0.01307	0.01462	0.11226	0.06743	0.09449	0.01206	0.13450	0.01720	0.01515	0.02139	0.04400	0.13982	0.05208	0.01168	0.00825	0.00244	0.03315	0.10666	0.09177	0.00798
56	0.01318	0.01240	0.02093	0.73798	0.04806	0.01550	0.01938	0.01783	0.01395	0.01783	0.01240	0.01860	0.00930	0.00698	0.00698	0.00233	0.00930	0.00620	0.00310	0.00775
57	0.00834	0.00703	0.00722	0.00727	0.00951	0.00591	0.00542	0.01015	0.01597	0.01924	0.09976	0.09790	0.64706	0.01770	0.00828	0.00237	0.00355	0.01486	0.00654	0.00591
