[name]
unknown

[dist]
# distance from previous block
# <min> <max>
0	20

[block]
# block no. 0 follows, 26 sequences, length 13
# corresponding to MSA columns:
# 20-32
name=unknown_A
#
# <colnr> <probs for GDERKNQSTAVLIFYWHMCP>
#	G	D	E	R	K	N	Q	S	T	A	V	L	I	F	Y	W	H	M	C	P
0	0.10338	0.22432	0.10036	0.01371	0.01948	0.01774	0.01318	0.04670	0.01808	0.19723	0.04710	0.02919	0.04689	0.01004	0.00691	0.00229	0.00733	0.08003	0.00592	0.01012
1	0.01521	0.03923	0.69413	0.02162	0.03283	0.01762	0.02802	0.02402	0.01601	0.02402	0.01361	0.01601	0.00961	0.00721	0.00721	0.00240	0.01121	0.00560	0.00320	0.01121
2	0.02469	0.01743	0.12681	0.01500	0.02075	0.01362	0.01369	0.06595	0.13842	0.34010	0.02836	0.11641	0.02187	0.01107	0.00784	0.00249	0.00698	0.00925	0.00767	0.01158
3	0.02548	0.14781	0.02648	0.01945	0.02416	0.48899	0.07668	0.02903	0.05640	0.01974	0.01295	0.01490	0.01068	0.00760	0.00677	0.00199	0.01226	0.00535	0.00401	0.00926
4	0.01406	0.01280	0.02027	0.54972	0.04337	0.01557	0.01824	0.02019	0.07881	0.02058	0.01909	0.11912	0.01693	0.01009	0.00789	0.00261	0.00892	0.00897	0.00430	0.00846
5	0.01116	0.00712	0.00936	0.01052	0.01129	0.00664	0.00707	0.01245	0.01465	0.06572	0.03907	0.60724	0.04557	0.09829	0.01262	0.00348	0.00486	0.01947	0.00694	0.00646
6	0.02694	0.01362	0.01732	0.04367	0.02024	0.01333	0.01171	0.11918	0.09235	0.38929	0.10368	0.03173	0.02557	0.01073	0.00794	0.00244	0.00652	0.04368	0.00845	0.01162
7	0.02273	0.01014	0.01356	0.01181	0.01522	0.00902	0.00901	0.02500	0.01869	0.37721	0.09592	0.22668	0.03346	0.08133	0.01121	0.00302	0.00569	0.01242	0.00819	0.00970
8	0.13876	0.01218	0.07648	0.01139	0.01425	0.01013	0.00935	0.03961	0.01548	0.06026	0.03404	0.32998	0.09995	0.09966	0.01171	0.00326	0.00584	0.01405	0.00616	0.00746
9	0.11353	0.02143	0.21431	0.02002	0.11508	0.01465	0.01737	0.02963	0.01843	0.33006	0.02080	0.02045	0.01397	0.00812	0.00715	0.00235	0.00812	0.00652	0.00628	0.01175
10	0.01775	0.01985	0.10637	0.13630	0.52277	0.01781	0.02352	0.02282	0.01683	0.02394	0.01408	0.01865	0.01147	0.00692	0.00748	0.00231	0.00942	0.00662	0.00364	0.01142
11	0.01545	0.01464	0.02479	0.54527	0.21334	0.01715	0.02163	0.02037	0.01570	0.02075	0.01368	0.01985	0.01059	0.00737	0.00756	0.00246	0.00983	0.00675	0.00347	0.00934
12	0.02035	0.01955	0.02719	0.16436	0.40557	0.09146	0.02072	0.11162	0.01988	0.02630	0.01440	0.01842	0.01154	0.00735	0.00746	0.00228	0.00962	0.00657	0.00423	0.01113

[dist]
# distance from previous block
# <min> <max>
6	24

[block]
# block no. 1 follows, 26 sequences, length 13
# corresponding to MSA columns:
# 57-69
name=unknown_B
#
# <colnr> <probs for GDERKNQSTAVLIFYWHMCP>
#	G	D	E	R	K	N	Q	S	T	A	V	L	I	F	Y	W	H	M	C	P
0	0.02069	0.11964	0.02991	0.07915	0.02849	0.16962	0.17912	0.07397	0.01842	0.02276	0.01303	0.01671	0.01063	0.00799	0.00981	0.00227	0.11596	0.00635	0.00401	0.07149
1	0.06219	0.27113	0.03051	0.01813	0.02301	0.18222	0.10311	0.02496	0.01688	0.06689	0.01275	0.01534	0.01058	0.00810	0.00928	0.00219	0.12365	0.00559	0.00400	0.00950
2	0.01965	0.11827	0.01987	0.01327	0.01810	0.04382	0.01101	0.15454	0.01973	0.05409	0.01662	0.01927	0.01344	0.01344	0.08777	0.00299	0.04559	0.00591	0.09926	0.22337
3	0.01278	0.00673	0.00959	0.00959	0.00959	0.00673	0.00622	0.01009	0.01009	0.01346	0.01514	0.02792	0.01581	0.15572	0.03128	0.63808	0.00673	0.00740	0.00353	0.00353
4	0.01777	0.01670	0.05456	0.34004	0.24106	0.01789	0.02077	0.05695	0.01700	0.05777	0.01453	0.01944	0.01127	0.00801	0.00911	0.00249	0.07376	0.00674	0.00402	0.01013
5	0.00974	0.00722	0.00967	0.01099	0.01150	0.00715	0.00756	0.01124	0.01485	0.02008	0.08485	0.64339	0.04951	0.02262	0.01044	0.00304	0.04266	0.02022	0.00693	0.00634
6	0.01899	0.01055	0.01249	0.01087	0.01317	0.01045	0.00760	0.07425	0.05943	0.19347	0.02544	0.03944	0.02378	0.43784	0.02596	0.00532	0.00712	0.00964	0.00629	0.00793
7	0.01877	0.01802	0.03079	0.04656	0.68612	0.01802	0.02328	0.02328	0.01727	0.02478	0.01427	0.01877	0.01201	0.00676	0.00751	0.00225	0.00901	0.00676	0.00375	0.01201
8	0.01529	0.00818	0.00830	0.00788	0.00999	0.00836	0.00602	0.06797	0.01745	0.02981	0.02423	0.02749	0.01893	0.00886	0.00548	0.00181	0.00391	0.00705	0.71548	0.00753
9	0.01506	0.01460	0.02547	0.52413	0.04625	0.01645	0.12193	0.02014	0.01567	0.02079	0.01378	0.01974	0.01047	0.00717	0.00758	0.00237	0.01002	0.00684	0.00358	0.09798
10	0.01877	0.01802	0.03079	0.04656	0.68612	0.01802	0.02328	0.02328	0.01727	0.02478	0.01427	0.01877	0.01201	0.00676	0.00751	0.00225	0.00901	0.00676	0.00375	0.01201
11	0.00973	0.00699	0.00878	0.00974	0.01049	0.00653	0.00650	0.01118	0.01510	0.02012	0.12740	0.45493	0.11078	0.14771	0.01463	0.00369	0.00476	0.01811	0.00678	0.00604
12	0.02548	0.14977	0.02360	0.01507	0.02070	0.02117	0.01265	0.36798	0.04810	0.11251	0.01878	0.02064	0.01440	0.06517	0.00942	0.00251	0.00779	0.00668	0.00661	0.05097

[dist]
# distance from previous block
# <min> <max>
0	34

[block]
# block no. 2 follows, 26 sequences, length 44
# corresponding to MSA columns:
# 104-147
name=unknown_C
#
# <colnr> <probs for GDERKNQSTAVLIFYWHMCP>
#	G	D	E	R	K	N	Q	S	T	A	V	L	I	F	Y	W	H	M	C	P
0	0.05541	0.01811	0.03644	0.01499	0.02068	0.09196	0.05059	0.14778	0.04123	0.09869	0.03632	0.04083	0.01556	0.00818	0.00682	0.00191	0.00758	0.00660	0.03465	0.26569
1	0.01657	0.06045	0.31207	0.02503	0.09216	0.01818	0.20095	0.02493	0.08460	0.02448	0.01928	0.02174	0.04880	0.00788	0.00776	0.00242	0.01036	0.00746	0.00411	0.01076
2	0.01788	0.01732	0.02794	0.19121	0.49595	0.04245	0.02204	0.02238	0.01697	0.02328	0.01503	0.02156	0.01277	0.00754	0.00762	0.00235	0.00934	0.03164	0.00380	0.01091
3	0.01103	0.00735	0.00827	0.00827	0.00827	0.00735	0.00460	0.01103	0.01103	0.01471	0.02390	0.04964	0.02758	0.73343	0.03861	0.00735	0.00735	0.01103	0.00460	0.00460
4	0.01430	0.01335	0.02302	0.42083	0.12032	0.01510	0.07784	0.01874	0.01571	0.02069	0.01965	0.13288	0.01858	0.01064	0.00819	0.00264	0.00917	0.04552	0.00423	0.00860
5	0.01955	0.00970	0.01296	0.01104	0.01437	0.00867	0.00867	0.02288	0.02156	0.28044	0.43540	0.04499	0.05160	0.01319	0.00845	0.00237	0.00467	0.01141	0.00874	0.00933
6	0.01432	0.01348	0.02275	0.71520	0.05224	0.01685	0.02107	0.01938	0.01517	0.01938	0.01348	0.02022	0.01011	0.00758	0.00758	0.00253	0.01011	0.00674	0.00337	0.00843
7	0.00923	0.00665	0.00875	0.01044	0.01097	0.00617	0.00699	0.01058	0.01464	0.01941	0.04331	0.70039	0.07729	0.02357	0.00965	0.00306	0.00438	0.02133	0.00704	0.00617
8	0.01521	0.03923	0.69413	0.02162	0.03283	0.01762	0.02802	0.02402	0.01601	0.02402	0.01361	0.01601	0.00961	0.00721	0.00721	0.00240	0.01121	0.00560	0.00320	0.01121
9	0.01013	0.00793	0.00815	0.00796	0.01067	0.00662	0.00601	0.01210	0.01750	0.05180	0.07465	0.07080	0.65204	0.01875	0.00890	0.00255	0.00396	0.01562	0.00715	0.00671
10	0.01499	0.00789	0.00798	0.00767	0.00969	0.00802	0.00583	0.05482	0.01705	0.02941	0.02437	0.02770	0.01906	0.00885	0.00543	0.00180	0.00381	0.00706	0.73118	0.00741
11	0.02913	0.02077	0.02247	0.01722	0.02328	0.02281	0.01423	0.62489	0.03486	0.08487	0.01889	0.01865	0.01324	0.00912	0.00759	0.00228	0.00824	0.00688	0.00769	0.01290
12	0.01737	0.01411	0.01675	0.01232	0.01849	0.01186	0.00994	0.05515	0.01680	0.05658	0.01425	0.01640	0.01158	0.00654	0.00723	0.00140	0.05796	0.00492	0.00481	0.64554
13	0.02028	0.73799	0.03975	0.01298	0.01947	0.03001	0.01298	0.02271	0.01541	0.01785	0.01055	0.01217	0.00973	0.00649	0.00487	0.00162	0.00811	0.00406	0.00324	0.00973
14	0.02828	0.02097	0.02245	0.01734	0.02331	0.02326	0.01428	0.62648	0.07091	0.04691	0.01891	0.01877	0.01347	0.00917	0.00760	0.00229	0.00822	0.00693	0.00760	0.01285
15	0.01103	0.00735	0.00827	0.00827	0.00827	0.00735	0.00460	0.01103	0.01103	0.01471	0.02390	0.04964	0.02758	0.73343	0.03861	0.00735	0.00735	0.01103	0.00460	0.00460
16	0.02793	0.02037	0.02179	0.01681	0.02261	0.02251	0.01385	0.62109	0.03444	0.04660	0.01861	0.01883	0.01330	0.00909	0.00745	0.00224	0.00805	0.00684	0.05504	0.01254
17	0.01315	0.00834	0.01035	0.00958	0.01204	0.00741	0.00727	0.01609	0.02004	0.11158	0.40272	0.08686	0.23349	0.01612	0.00882	0.00246	0.00406	0.01392	0.00806	0.00764
18	0.01852	0.01610	0.01761	0.01697	0.05789	0.01839	0.01244	0.03831	0.61209	0.03094	0.03149	0.02928	0.04516	0.01039	0.00775	0.00255	0.00610	0.00873	0.00747	0.01181
19	0.01573	0.01348	0.01573	0.01123	0.01798	0.01011	0.00899	0.01910	0.01573	0.02472	0.01348	0.01573	0.01123	0.00562	0.00562	0.00112	0.00562	0.00449	0.00449	0.77980
20	0.04113	0.01390	0.13529	0.01342	0.03637	0.00971	0.01168	0.01621	0.01766	0.04413	0.28673	0.23181	0.04617	0.01747	0.04100	0.00303	0.00631	0.01342	0.00660	0.00795
21	0.05241	0.01456	0.02058	0.05593	0.02320	0.01365	0.10116	0.06356	0.07981	0.21677	0.04071	0.05513	0.01799	0.00874	0.00733	0.00213	0.00720	0.00770	0.00645	0.20499
22	0.01049	0.00722	0.00939	0.01016	0.01132	0.00663	0.00712	0.01253	0.01689	0.04577	0.21985	0.46968	0.10324	0.02065	0.00935	0.00282	0.00420	0.01850	0.00748	0.00669
23	0.01665	0.06302	0.15463	0.05605	0.08667	0.01753	0.28445	0.02221	0.01657	0.02328	0.01570	0.05907	0.01318	0.00774	0.00832	0.00232	0.03214	0.00786	0.00391	0.10868
24	0.68991	0.01660	0.01254	0.01108	0.01580	0.06748	0.00903	0.05799	0.01479	0.03366	0.01107	0.01274	0.00859	0.00721	0.00501	0.00231	0.00657	0.00431	0.00480	0.00851
25	0.01193	0.00781	0.00888	0.00878	0.00930	0.00795	0.00542	0.03448	0.01271	0.01789	0.02443	0.07644	0.02663	0.54814	0.07053	0.00658	0.00754	0.01073	0.09846	0.00538
26	0.01844	0.01201	0.01588	0.15026	0.02325	0.01161	0.01148	0.02343	0.07898	0.17803	0.09738	0.06922	0.07319	0.03128	0.00844	0.00235	0.00636	0.00903	0.00645	0.17293
27	0.01118	0.00770	0.01004	0.01004	0.01082	0.00834	0.00697	0.01274	0.01196	0.01713	0.02226	0.03857	0.02286	0.35621	0.35204	0.00922	0.01322	0.00935	0.06353	0.00582
28	0.01643	0.01352	0.01670	0.01209	0.01865	0.01039	0.03337	0.01984	0.01604	0.05393	0.01507	0.03635	0.01267	0.00632	0.00594	0.00129	0.00589	0.00528	0.00476	0.69546
29	0.62344	0.01821	0.10668	0.01200	0.01757	0.01723	0.01125	0.02385	0.06152	0.03247	0.01247	0.01400	0.00950	0.00730	0.00526	0.00237	0.00662	0.00464	0.00471	0.00891
30	0.01556	0.10848	0.36031	0.02117	0.06829	0.01798	0.07631	0.02160	0.01614	0.02308	0.06890	0.07149	0.01791	0.00942	0.00894	0.00244	0.07022	0.00770	0.00400	0.01007
31	0.02025	0.18979	0.21194	0.02269	0.08801	0.04153	0.14452	0.02538	0.01710	0.11246	0.01528	0.01753	0.01149	0.00744	0.00791	0.00226	0.04309	0.00631	0.00425	0.01077
32	0.01948	0.07407	0.33449	0.01968	0.02734	0.10331	0.06813	0.02655	0.06534	0.09314	0.04472	0.01951	0.01440	0.00832	0.00827	0.00237	0.04918	0.00650	0.00454	0.01064
33	0.01529	0.00741	0.00768	0.00744	0.00944	0.00730	0.00564	0.01879	0.01624	0.06647	0.02504	0.02814	0.01940	0.00887	0.00544	0.00180	0.00370	0.00710	0.73141	0.00741
34	0.01082	0.00763	0.00964	0.01067	0.01139	0.00746	0.00735	0.03712	0.01485	0.01973	0.03621	0.45404	0.04228	0.19956	0.01690	0.00416	0.00560	0.09201	0.00645	0.00614
35	0.01585	0.02082	0.17946	0.41808	0.04438	0.01773	0.11579	0.05643	0.01689	0.02272	0.01404	0.01918	0.01035	0.00741	0.00770	0.00249	0.01066	0.00681	0.00363	0.00957
36	0.01410	0.01330	0.02150	0.28971	0.13010	0.01427	0.08315	0.01922	0.05256	0.02181	0.03262	0.03721	0.19032	0.01113	0.00821	0.00254	0.00821	0.03645	0.00484	0.00875
37	0.00921	0.00673	0.00867	0.01022	0.01091	0.00619	0.00689	0.01060	0.01485	0.01950	0.04600	0.65006	0.12589	0.02322	0.00960	0.00302	0.00433	0.02090	0.00704	0.00619
38	0.09285	0.05649	0.05272	0.18330	0.02908	0.21383	0.01565	0.17297	0.02197	0.02793	0.05220	0.01869	0.01399	0.00834	0.00704	0.00223	0.00991	0.00621	0.00491	0.00968
39	0.01918	0.48300	0.14833	0.01597	0.03959	0.02523	0.03906	0.05759	0.01705	0.02179	0.04173	0.01601	0.01299	0.00722	0.00583	0.00188	0.00853	0.00523	0.02376	0.01006
40	0.01190	0.00733	0.00762	0.00759	0.00950	0.00683	0.00559	0.01444	0.01628	0.02442	0.07959	0.04684	0.26346	0.04555	0.00919	0.03078	0.00393	0.01084	0.39175	0.00659
41	0.00922	0.00668	0.00872	0.01035	0.01095	0.00618	0.00695	0.01059	0.01472	0.01945	0.04437	0.68060	0.09640	0.02343	0.00963	0.00304	0.00436	0.02116	0.00704	0.00618
42	0.02904	0.01860	0.02099	0.01625	0.02201	0.01989	0.01339	0.48114	0.03115	0.19454	0.02103	0.02061	0.01459	0.01182	0.04611	0.00284	0.00857	0.00709	0.00781	0.01256
43	0.06583	0.20656	0.08354	0.01649	0.02182	0.22631	0.06072	0.07081	0.01878	0.02347	0.01414	0.01655	0.01149	0.00899	0.02743	0.00229	0.01009	0.00550	0.09986	0.00934

[dist]
# distance from previous block
# <min> <max>
0	2

[block]
# block no. 3 follows, 26 sequences, length 33
# corresponding to MSA columns:
# 150-182
name=unknown_D
#
# <colnr> <probs for GDERKNQSTAVLIFYWHMCP>
#	G	D	E	R	K	N	Q	S	T	A	V	L	I	F	Y	W	H	M	C	P
0	0.01452	0.00861	0.01121	0.01007	0.01260	0.00777	0.00772	0.01786	0.02119	0.14075	0.52650	0.05272	0.10917	0.01476	0.00873	0.00239	0.00408	0.01287	0.00842	0.00807
1	0.01483	0.05166	0.05369	0.01344	0.01678	0.01193	0.01192	0.06577	0.07226	0.05066	0.10363	0.06117	0.12229	0.01643	0.00909	0.00289	0.00653	0.29977	0.00690	0.00838
2	0.01405	0.01205	0.01561	0.01257	0.01700	0.01046	0.03723	0.01696	0.01563	0.02336	0.06864	0.18173	0.02444	0.01115	0.00852	0.00191	0.06409	0.00944	0.00523	0.44994
3	0.02397	0.01773	0.01937	0.01582	0.02054	0.01942	0.01265	0.48456	0.06324	0.04066	0.02411	0.17688	0.02172	0.01243	0.00806	0.00247	0.00735	0.01020	0.00747	0.01135
4	0.01659	0.01659	0.02323	0.01991	0.01991	0.02323	0.01659	0.01825	0.01162	0.01825	0.00996	0.01659	0.00996	0.01328	0.02489	0.00332	0.71955	0.00664	0.00332	0.00830
5	0.01132	0.00790	0.01105	0.01105	0.01232	0.00891	0.00837	0.01386	0.01259	0.01880	0.02132	0.03170	0.01995	0.12236	0.53420	0.01021	0.01657	0.00829	0.11264	0.00658
6	0.01887	0.01629	0.01715	0.01544	0.01972	0.01887	0.01201	0.04031	0.67241	0.03173	0.03087	0.02830	0.02315	0.01029	0.00772	0.00257	0.00600	0.00858	0.00772	0.01201
7	0.01790	0.02046	0.04476	0.03197	0.03964	0.01918	0.65857	0.02430	0.01790	0.02430	0.01535	0.02046	0.01151	0.00639	0.00895	0.00256	0.01279	0.00895	0.00384	0.01023
8	0.02279	0.05754	0.01918	0.01650	0.02041	0.40200	0.01262	0.02958	0.18167	0.02207	0.02599	0.02596	0.11213	0.01005	0.00728	0.00218	0.01009	0.00740	0.00528	0.00928
9	0.01865	0.06229	0.05135	0.01706	0.02061	0.04104	0.03701	0.11514	0.21079	0.02701	0.02297	0.08197	0.04365	0.01181	0.01236	0.00269	0.19915	0.00867	0.00570	0.01009
10	0.43933	0.13616	0.01745	0.01158	0.01643	0.01868	0.00993	0.10334	0.01700	0.05625	0.01482	0.01862	0.01215	0.00818	0.00556	0.00224	0.00648	0.03914	0.05758	0.00909
11	0.75127	0.01498	0.01170	0.01033	0.01509	0.01732	0.00851	0.05239	0.01398	0.03468	0.01092	0.01260	0.00844	0.00714	0.00483	0.00234	0.00598	0.00424	0.00483	0.00844
12	0.68006	0.01530	0.04061	0.04108	0.01690	0.01652	0.00956	0.02183	0.01359	0.03278	0.04594	0.01514	0.01167	0.00751	0.00515	0.00236	0.00616	0.00479	0.00476	0.00830
13	0.01898	0.02115	0.09516	0.04256	0.58391	0.05756	0.02324	0.02376	0.01739	0.02435	0.01406	0.01821	0.01165	0.00686	0.00744	0.00225	0.00950	0.00654	0.00371	0.01175
14	0.03403	0.01291	0.01760	0.01350	0.01936	0.01115	0.01115	0.03697	0.02171	0.69137	0.02992	0.02582	0.01878	0.00939	0.00763	0.00235	0.00645	0.00763	0.00939	0.01291
15	0.22063	0.00981	0.00895	0.00837	0.01113	0.01055	0.00654	0.05152	0.01611	0.03080	0.02064	0.02352	0.01612	0.00837	0.00526	0.00195	0.00440	0.00627	0.53139	0.00767
16	0.01066	0.00775	0.01003	0.00946	0.01128	0.00712	0.00709	0.01416	0.02128	0.02997	0.65500	0.05739	0.09896	0.01567	0.00895	0.00239	0.00359	0.01382	0.00829	0.00712
17	0.01087	0.00801	0.01159	0.01159	0.01273	0.00915	0.00873	0.01316	0.01201	0.01716	0.02087	0.03285	0.02029	0.16101	0.60106	0.01145	0.01832	0.00857	0.00415	0.00644
18	0.01901	0.01899	0.03154	0.04290	0.56628	0.04743	0.08785	0.02349	0.01730	0.02422	0.01411	0.01865	0.01179	0.00701	0.00829	0.00231	0.03664	0.00690	0.00375	0.01155
19	0.00939	0.00694	0.00857	0.00971	0.01062	0.00635	0.00656	0.01081	0.01508	0.01962	0.07184	0.50395	0.18524	0.08336	0.01198	0.00331	0.00450	0.01917	0.00688	0.00612
20	0.07943	0.01503	0.02133	0.44680	0.07112	0.01792	0.01805	0.08917	0.11835	0.02566	0.01645	0.02055	0.01234	0.00807	0.00737	0.00248	0.00890	0.00682	0.00460	0.00959
21	0.01911	0.57713	0.19040	0.01497	0.02254	0.02716	0.01644	0.02301	0.01555	0.01927	0.01125	0.01305	0.00971	0.00665	0.00541	0.00180	0.00882	0.00441	0.00324	0.01007
22	0.01084	0.00813	0.01219	0.01219	0.01354	0.00948	0.00948	0.01354	0.01219	0.01761	0.02032	0.02980	0.01896	0.05689	0.70337	0.01219	0.02032	0.00813	0.00406	0.00677
23	0.08635	0.24207	0.12224	0.05602	0.05131	0.10331	0.05309	0.09110	0.01818	0.02454	0.01304	0.01558	0.01053	0.00758	0.00726	0.00213	0.04649	0.00546	0.03380	0.00991
24	0.02697	0.01539	0.04131	0.01639	0.04240	0.01422	0.03895	0.14608	0.05845	0.35640	0.02709	0.03160	0.02028	0.01056	0.00799	0.00247	0.00731	0.09258	0.00788	0.03568
25	0.01058	0.00775	0.00993	0.00938	0.01124	0.00709	0.00704	0.01402	0.02111	0.02957	0.63019	0.05806	0.12403	0.01582	0.00895	0.00240	0.00360	0.01391	0.00824	0.00709
26	0.01152	0.00831	0.01026	0.01097	0.01210	0.00815	0.00759	0.08005	0.01688	0.02251	0.06500	0.54741	0.06855	0.07831	0.01171	0.00329	0.00500	0.01863	0.00696	0.00680
27	0.14821	0.01713	0.02267	0.26812	0.20522	0.05056	0.01796	0.11323	0.03896	0.02764	0.01433	0.01817	0.01108	0.00759	0.00705	0.00236	0.00890	0.00628	0.00445	0.01009
28	0.01768	0.01146	0.01355	0.03655	0.01573	0.01205	0.04237	0.17564	0.02076	0.03206	0.02317	0.06324	0.01876	0.00954	0.00637	0.00203	0.00548	0.00789	0.47699	0.00867
29	0.00930	0.00670	0.00871	0.01030	0.01084	0.00623	0.00686	0.01060	0.01453	0.01923	0.04305	0.66115	0.08575	0.05430	0.01090	0.00324	0.00450	0.02079	0.00694	0.00611
30	0.01794	0.01717	0.02928	0.17236	0.56685	0.01780	0.02286	0.02254	0.01688	0.02376	0.01412	0.01905	0.01166	0.00691	0.00752	0.00230	0.00922	0.00675	0.00368	0.01134
31	0.02516	0.02448	0.02191	0.13752	0.08446	0.30506	0.01595	0.13907	0.02241	0.09640	0.01656	0.02043	0.01300	0.00865	0.00740	0.00224	0.01068	0.03334	0.00517	0.01009
32	0.02356	0.02241	0.12325	0.01655	0.02238	0.06474	0.01495	0.38276	0.05813	0.03740	0.01864	0.02057	0.01406	0.03654	0.02482	0.00265	0.00875	0.00681	0.08980	0.01124

[dist]
# distance from previous block
# <min> <max>
0	3

[block]
# block no. 4 follows, 26 sequences, length 19
# corresponding to MSA columns:
# 186-204
name=unknown_E
#
# <colnr> <probs for GDERKNQSTAVLIFYWHMCP>
#	G	D	E	R	K	N	Q	S	T	A	V	L	I	F	Y	W	H	M	C	P
0	0.00930	0.00765	0.00818	0.00815	0.01048	0.00653	0.00608	0.01149	0.01792	0.02224	0.18515	0.10042	0.54263	0.01875	0.00899	0.00255	0.00382	0.01585	0.00728	0.00653
1	0.01631	0.17407	0.47149	0.02048	0.03002	0.01981	0.08837	0.02340	0.01631	0.02309	0.03990	0.01733	0.01230	0.00731	0.00699	0.00226	0.01045	0.00596	0.00348	0.01066
2	0.01120	0.00791	0.00948	0.00922	0.01114	0.00769	0.00694	0.01466	0.03634	0.02521	0.27370	0.04988	0.19509	0.04039	0.12297	0.00406	0.00655	0.01190	0.14871	0.00697
3	0.01633	0.06753	0.47135	0.02568	0.09884	0.01856	0.14777	0.02394	0.01647	0.02385	0.01386	0.01696	0.01022	0.00697	0.00746	0.00238	0.01114	0.00629	0.00338	0.01103
4	0.09460	0.12001	0.44516	0.02185	0.10235	0.01886	0.02297	0.02324	0.01563	0.02414	0.01323	0.01595	0.01008	0.00876	0.03063	0.00262	0.01035	0.00548	0.00345	0.01066
5	0.00920	0.00769	0.00801	0.00793	0.01039	0.00650	0.00595	0.01134	0.01785	0.02181	0.15744	0.07082	0.60161	0.01872	0.00896	0.00254	0.00381	0.01570	0.00722	0.00650
6	0.01573	0.01348	0.01573	0.01123	0.01798	0.01011	0.00899	0.01910	0.01573	0.02472	0.01348	0.01573	0.01123	0.00562	0.00562	0.00112	0.00562	0.00449	0.00449	0.77980
7	0.01298	0.00787	0.01132	0.01099	0.01116	0.00870	0.00772	0.01130	0.01047	0.01441	0.01495	0.02625	0.01520	0.10859	0.11381	0.51938	0.07970	0.00728	0.00354	0.00437
8	0.27520	0.01292	0.01369	0.01423	0.07754	0.01373	0.00991	0.05676	0.09503	0.05986	0.06925	0.10159	0.14795	0.01211	0.00718	0.00248	0.00568	0.00978	0.00624	0.00889
9	0.01887	0.01629	0.01715	0.01544	0.01972	0.01887	0.01201	0.04031	0.67241	0.03173	0.03087	0.02830	0.02315	0.01029	0.00772	0.00257	0.00600	0.00858	0.00772	0.01201
10	0.01065	0.00783	0.01050	0.09722	0.01519	0.00812	0.00795	0.01199	0.01312	0.01746	0.03022	0.34049	0.03481	0.30006	0.05591	0.00514	0.00707	0.01494	0.00548	0.00586
11	0.02547	0.02689	0.02130	0.17465	0.02917	0.42050	0.01568	0.02825	0.01966	0.11405	0.01462	0.01700	0.01113	0.00823	0.00793	0.00220	0.04369	0.00577	0.00454	0.00927
12	0.01363	0.00839	0.01107	0.01003	0.01233	0.00765	0.00765	0.01713	0.02150	0.11246	0.60115	0.05283	0.06502	0.01475	0.00878	0.00238	0.00394	0.01296	0.00848	0.00787
13	0.01044	0.00773	0.00977	0.00949	0.01133	0.00705	0.00715	0.01364	0.02028	0.02794	0.52556	0.09460	0.16686	0.01675	0.00905	0.00250	0.00381	0.04108	0.00802	0.00698
14	0.01726	0.05588	0.44590	0.02181	0.03113	0.01844	0.12649	0.10253	0.01904	0.02716	0.05138	0.01913	0.01376	0.00775	0.00755	0.00238	0.01058	0.00669	0.00414	0.01099
15	0.01584	0.01475	0.02298	0.29664	0.26738	0.01624	0.01874	0.02251	0.10418	0.02309	0.02395	0.02734	0.09607	0.00910	0.00775	0.00244	0.00839	0.00814	0.00454	0.00993
16	0.00951	0.00671	0.00872	0.01022	0.01060	0.00634	0.00668	0.01063	0.01400	0.01867	0.03914	0.62752	0.04681	0.12931	0.01398	0.00372	0.00484	0.02000	0.00668	0.00593
17	0.02919	0.02068	0.02241	0.01718	0.02324	0.02268	0.01420	0.61859	0.03472	0.09137	0.01900	0.01873	0.01330	0.00912	0.00759	0.00228	0.00822	0.00688	0.00771	0.01290
18	0.01735	0.05900	0.06122	0.10747	0.02793	0.06321	0.12285	0.02071	0.01434	0.01999	0.01178	0.01719	0.01025	0.01004	0.01606	0.00276	0.36129	0.00662	0.00349	0.04645

[dist]
# distance from previous block
# <min> <max>
0	2

[block]
# block no. 5 follows, 26 sequences, length 74
# corresponding to MSA columns:
# 207-280
name=unknown_F
#
# <colnr> <probs for GDERKNQSTAVLIFYWHMCP>
#	G	D	E	R	K	N	Q	S	T	A	V	L	I	F	Y	W	H	M	C	P
0	0.01575	0.04667	0.05911	0.01117	0.01488	0.01063	0.00949	0.07177	0.01998	0.12153	0.20675	0.08125	0.24369	0.04186	0.00949	0.00261	0.00539	0.01225	0.00722	0.00848
1	0.02604	0.01827	0.07499	0.01584	0.02157	0.01721	0.01376	0.25601	0.14507	0.23445	0.02544	0.05065	0.01891	0.01027	0.00779	0.00244	0.00739	0.03404	0.00774	0.01211
2	0.72711	0.04574	0.03703	0.01052	0.01553	0.01758	0.00913	0.02238	0.01313	0.03299	0.01067	0.01245	0.00833	0.00702	0.00479	0.00232	0.00615	0.00416	0.00458	0.00839
3	0.01623	0.01609	0.02928	0.40049	0.21891	0.01763	0.14879	0.02140	0.01627	0.02180	0.01406	0.01988	0.01090	0.00713	0.00784	0.00246	0.01035	0.00719	0.00357	0.00974
4	0.01318	0.00659	0.00988	0.00988	0.00988	0.00659	0.00659	0.00988	0.00988	0.01318	0.01318	0.02306	0.01318	0.02635	0.02964	0.77931	0.00659	0.00659	0.00329	0.00329
5	0.01457	0.01866	0.13646	0.04555	0.02229	0.07858	0.08985	0.02044	0.07947	0.02299	0.06273	0.04541	0.23658	0.01321	0.00844	0.00257	0.00795	0.07996	0.00564	0.00864
6	0.01588	0.01361	0.01580	0.01143	0.01806	0.01053	0.00913	0.02010	0.04683	0.02505	0.01431	0.01632	0.01180	0.00584	0.00572	0.00119	0.00564	0.00469	0.00465	0.74344
7	0.01399	0.00764	0.00800	0.00782	0.00972	0.00760	0.00588	0.03952	0.01713	0.02860	0.09029	0.05700	0.04670	0.01036	0.00601	0.00192	0.00375	0.00851	0.62235	0.00723
8	0.01403	0.01309	0.02160	0.58248	0.09379	0.01569	0.01947	0.01865	0.01546	0.01986	0.01965	0.05243	0.06477	0.00908	0.00777	0.00253	0.00931	0.00806	0.00383	0.00844
9	0.01576	0.01360	0.01601	0.01157	0.01805	0.01061	0.00928	0.01907	0.01557	0.02447	0.01335	0.01576	0.01119	0.00591	0.00635	0.00121	0.03285	0.00458	0.00445	0.75037
10	0.01521	0.03923	0.69413	0.02162	0.03283	0.01762	0.02802	0.02402	0.01601	0.02402	0.01361	0.01601	0.00961	0.00721	0.00721	0.00240	0.01121	0.00560	0.00320	0.01121
11	0.01659	0.01659	0.02323	0.01991	0.01991	0.02323	0.01659	0.01825	0.01162	0.01825	0.00996	0.01659	0.00996	0.01328	0.02489	0.00332	0.71955	0.00664	0.00332	0.00830
12	0.00990	0.00699	0.00906	0.01008	0.01061	0.00678	0.00668	0.01122	0.01410	0.01906	0.08843	0.46108	0.04421	0.18891	0.07214	0.00474	0.00629	0.01742	0.00635	0.00593
13	0.02474	0.01859	0.01978	0.01566	0.02134	0.04326	0.01266	0.33184	0.17829	0.09498	0.02113	0.02063	0.01540	0.00877	0.00726	0.00214	0.00737	0.00684	0.00712	0.14219
14	0.01915	0.58168	0.18613	0.01491	0.02246	0.02724	0.01634	0.02301	0.01555	0.01923	0.01123	0.01303	0.00971	0.00665	0.00539	0.00180	0.00880	0.00440	0.00324	0.01006
15	0.01598	0.14490	0.59518	0.02031	0.03081	0.01949	0.02575	0.02382	0.01592	0.02309	0.01315	0.01543	0.00963	0.00710	0.00685	0.00228	0.01074	0.00537	0.00321	0.01099
16	0.01800	0.07375	0.11798	0.03699	0.46283	0.01842	0.04504	0.02375	0.04822	0.02475	0.04673	0.02025	0.01489	0.00737	0.00740	0.00226	0.00897	0.00691	0.00405	0.01144
17	0.01067	0.00775	0.01005	0.00947	0.01129	0.00713	0.00711	0.01419	0.02132	0.03005	0.66001	0.05726	0.09390	0.01564	0.00895	0.00239	0.00359	0.01380	0.00830	0.00713
18	0.01919	0.50452	0.22720	0.01577	0.02350	0.05752	0.01739	0.02344	0.01587	0.01966	0.01148	0.01334	0.00970	0.00676	0.00563	0.00186	0.00926	0.00454	0.00326	0.01012
19	0.08898	0.03403	0.54352	0.05566	0.05895	0.01760	0.05068	0.02361	0.01580	0.02479	0.01341	0.01616	0.00967	0.00716	0.00707	0.00240	0.01062	0.00570	0.00340	0.01078
20	0.00938	0.00670	0.00897	0.01072	0.01123	0.00628	0.00729	0.01081	0.01466	0.01952	0.04173	0.69767	0.04986	0.02363	0.00972	0.00310	0.00452	0.05096	0.00704	0.00620
21	0.00957	0.00780	0.00856	0.00888	0.01118	0.00679	0.00689	0.01178	0.01739	0.02125	0.09820	0.10419	0.52576	0.01951	0.00923	0.00272	0.00434	0.11234	0.00710	0.00652
22	0.39131	0.01952	0.12127	0.01719	0.07779	0.01743	0.04336	0.08559	0.04486	0.09478	0.01499	0.01633	0.01098	0.00757	0.00620	0.00236	0.00757	0.00557	0.00519	0.01014
23	0.01956	0.02030	0.05749	0.06725	0.42964	0.09110	0.02043	0.04807	0.09580	0.02539	0.01697	0.02169	0.01407	0.00794	0.00756	0.00232	0.00921	0.02944	0.00445	0.01132
24	0.00924	0.00660	0.00880	0.01056	0.01100	0.00616	0.00704	0.01056	0.01452	0.01936	0.04181	0.72848	0.05017	0.02376	0.00968	0.00308	0.00440	0.02156	0.00704	0.00616
25	0.01573	0.01348	0.01573	0.01123	0.01798	0.01011	0.00899	0.01910	0.01573	0.02472	0.01348	0.01573	0.01123	0.00562	0.00562	0.00112	0.00562	0.00449	0.00449	0.77980
26	0.01824	0.04675	0.05489	0.29871	0.30086	0.08244	0.02108	0.04659	0.01743	0.02269	0.01370	0.01846	0.01091	0.00727	0.00736	0.00231	0.00991	0.00643	0.00372	0.01024
27	0.01846	0.01688	0.02399	0.20230	0.28391	0.03933	0.01855	0.07838	0.15275	0.02611	0.01817	0.02230	0.01454	0.04120	0.00898	0.00261	0.00868	0.00727	0.00483	0.01075
28	0.00921	0.00672	0.00868	0.01025	0.01092	0.00619	0.00690	0.01060	0.01482	0.01949	0.04564	0.65673	0.11945	0.02326	0.00960	0.00302	0.00434	0.02096	0.00704	0.00619
29	0.00983	0.00721	0.00957	0.03728	0.01253	0.00685	0.00746	0.01179	0.01614	0.02177	0.18793	0.49207	0.08305	0.04643	0.01043	0.00303	0.00451	0.01856	0.00711	0.00643
30	0.02201	0.54833	0.05848	0.01474	0.02087	0.15964	0.01389	0.05025	0.01744	0.01942	0.01119	0.01284	0.00987	0.00688	0.00544	0.00174	0.00931	0.00438	0.00355	0.00973
31	0.02212	0.01382	0.01678	0.06309	0.02042	0.01446	0.01158	0.12545	0.19392	0.21014	0.18855	0.03255	0.03148	0.01097	0.00797	0.00242	0.00617	0.00920	0.00800	0.01093
32	0.00923	0.00665	0.00875	0.01042	0.01097	0.00617	0.00698	0.01058	0.01465	0.01942	0.04348	0.69707	0.08050	0.02355	0.00965	0.00306	0.00437	0.02130	0.00704	0.00617
33	0.01030	0.00796	0.01078	0.01189	0.01233	0.00844	0.00847	0.01176	0.01427	0.01936	0.03768	0.61101	0.04478	0.02231	0.01165	0.00313	0.09556	0.04526	0.00656	0.00647
34	0.01573	0.01348	0.01573	0.01123	0.01798	0.01011	0.00899	0.01910	0.01573	0.02472	0.01348	0.01573	0.01123	0.00562	0.00562	0.00112	0.00562	0.00449	0.00449	0.77980
35	0.01103	0.00735	0.00827	0.00827	0.00827	0.00735	0.00460	0.01103	0.01103	0.01471	0.02390	0.04964	0.02758	0.73343	0.03861	0.00735	0.00735	0.01103	0.00460	0.00460
36	0.01790	0.02046	0.04476	0.03197	0.03964	0.01918	0.65857	0.02430	0.01790	0.02430	0.01535	0.02046	0.01151	0.00639	0.00895	0.00256	0.01279	0.00895	0.00384	0.01023
37	0.01040	0.00784	0.01044	0.01130	0.01188	0.00811	0.00800	0.01201	0.01490	0.02031	0.11116	0.49692	0.04667	0.08019	0.01346	0.00339	0.07219	0.04780	0.00664	0.00639
38	0.01874	0.52575	0.23852	0.01560	0.02353	0.02625	0.01755	0.02311	0.01559	0.01972	0.01148	0.01334	0.00970	0.00671	0.00558	0.00186	0.00905	0.00453	0.00323	0.01018
39	0.78701	0.01467	0.01115	0.00997	0.01467	0.01702	0.00821	0.02230	0.01291	0.03403	0.01056	0.01232	0.00821	0.00704	0.00469	0.00235	0.00587	0.00411	0.00469	0.00821
40	0.00995	0.00724	0.00937	0.00985	0.01111	0.00666	0.00700	0.01241	0.01810	0.02482	0.35549	0.35345	0.10752	0.01941	0.00927	0.00270	0.00396	0.01734	0.00768	0.00666
41	0.01485	0.01402	0.02371	0.63558	0.12772	0.01699	0.02133	0.01984	0.01542	0.02002	0.01358	0.02005	0.01034	0.00749	0.00757	0.00250	0.00998	0.00674	0.00342	0.00885
42	0.01103	0.00735	0.00827	0.00827	0.00827	0.00735	0.00460	0.01103	0.01103	0.01471	0.02390	0.04964	0.02758	0.73343	0.03861	0.00735	0.00735	0.01103	0.00460	0.00460
43	0.71429	0.01450	0.01177	0.01031	0.01512	0.01645	0.00850	0.02371	0.01376	0.09752	0.01243	0.01363	0.00923	0.00727	0.00498	0.00235	0.00592	0.00445	0.00515	0.00867
44	0.00924	0.00660	0.00880	0.01056	0.01100	0.00616	0.00704	0.01056	0.01452	0.01936	0.04181	0.72848	0.05017	0.02376	0.00968	0.00308	0.00440	0.02156	0.00704	0.00616
45	0.01512	0.01503	0.02762	0.56388	0.04945	0.01737	0.16225	0.02047	0.01577	0.02047	0.01389	0.02028	0.01042	0.00732	0.00789	0.00253	0.01070	0.00723	0.00347	0.00883
46	0.01432	0.01348	0.02275	0.71520	0.05224	0.01685	0.02107	0.01938	0.01517	0.01938	0.01348	0.02022	0.01011	0.00758	0.00758	0.00253	0.01011	0.00674	0.00337	0.00843
47	0.78701	0.01467	0.01115	0.00997	0.01467	0.01702	0.00821	0.02230	0.01291	0.03403	0.01056	0.01232	0.00821	0.00704	0.00469	0.00235	0.00587	0.00411	0.00469	0.00821
48	0.71429	0.01450	0.01177	0.01031	0.01512	0.01645	0.00850	0.02371	0.01376	0.09752	0.01243	0.01363	0.00923	0.00727	0.00498	0.00235	0.00592	0.00445	0.00515	0.00867
49	0.01453	0.01369	0.02312	0.68458	0.08127	0.01691	0.02117	0.01956	0.01526	0.01963	0.01352	0.02016	0.01020	0.00755	0.00758	0.00252	0.01006	0.00674	0.00339	0.00859
50	0.01414	0.00707	0.00707	0.00707	0.00884	0.00707	0.00530	0.01767	0.01591	0.02828	0.02474	0.02828	0.01944	0.00884	0.00530	0.00177	0.00353	0.00707	0.77554	0.00707
51	0.00939	0.00666	0.00876	0.01038	0.01078	0.00626	0.00684	0.01060	0.01424	0.01899	0.04036	0.67381	0.04835	0.08092	0.01201	0.00342	0.00464	0.02071	0.00684	0.00603
52	0.00896	0.00768	0.00768	0.00768	0.01025	0.00640	0.00576	0.01089	0.01729	0.02049	0.07684	0.07300	0.68304	0.01921	0.00896	0.00256	0.00384	0.01601	0.00704	0.00640
53	0.03403	0.01291	0.01760	0.01350	0.01936	0.01115	0.01115	0.03697	0.02171	0.69137	0.02992	0.02582	0.01878	0.00939	0.00763	0.00235	0.00645	0.00763	0.00939	0.01291
54	0.02028	0.73799	0.03975	0.01298	0.01947	0.03001	0.01298	0.02271	0.01541	0.01785	0.01055	0.01217	0.00973	0.00649	0.00487	0.00162	0.00811	0.00406	0.00324	0.00973
55	0.01546	0.07321	0.66231	0.02120	0.03218	0.01822	0.02729	0.02396	0.01598	0.02372	0.01346	0.01583	0.00961	0.00717	0.00709	0.00236	0.01106	0.00553	0.00320	0.01114
56	0.01222	0.00873	0.01222	0.01397	0.01572	0.00873	0.01222	0.01572	0.01746	0.02270	0.04016	0.08556	0.04365	0.02095	0.01048	0.00349	0.00698	0.63506	0.00698	0.00698
57	0.78701	0.01467	0.01115	0.00997	0.01467	0.01702	0.00821	0.02230	0.01291	0.03403	0.01056	0.01232	0.00821	0.00704	0.00469	0.00235	0.00587	0.00411	0.00469	0.00821
58	0.00924	0.00660	0.00880	0.01056	0.01100	0.00616	0.00704	0.01056	0.01452	0.01936	0.04181	0.72848	0.05017	0.02376	0.00968	0.00308	0.00440	0.02156	0.00704	0.00616
59	0.78701	0.01467	0.01115	0.00997	0.01467	0.01702	0.00821	0.02230	0.01291	0.03403	0.01056	0.01232	0.00821	0.00704	0.00469	0.00235	0.00587	0.00411	0.00469	0.00821
60	0.01877	0.01802	0.03079	0.04656	0.68612	0.01802	0.02328	0.02328	0.01727	0.02478	0.01427	0.01877	0.01201	0.00676	0.00751	0.00225	0.00901	0.00676	0.00375	0.01201
61	0.01887	0.01629	0.01715	0.01544	0.01972	0.01887	0.01201	0.04031	0.67241	0.03173	0.03087	0.02830	0.02315	0.01029	0.00772	0.00257	0.00600	0.00858	0.00772	0.01201
62	0.00928	0.00673	0.00877	0.01029	0.01096	0.00622	0.00695	0.01075	0.01503	0.01992	0.07161	0.64868	0.10071	0.02306	0.00959	0.00301	0.00432	0.02080	0.00710	0.00622
63	0.01790	0.02046	0.04476	0.03197	0.03964	0.01918	0.65857	0.02430	0.01790	0.02430	0.01535	0.02046	0.01151	0.00639	0.00895	0.00256	0.01279	0.00895	0.00384	0.01023
64	0.03403	0.01291	0.01760	0.01350	0.01936	0.01115	0.01115	0.03697	0.02171	0.69137	0.02992	0.02582	0.01878	0.00939	0.00763	0.00235	0.00645	0.00763	0.00939	0.01291
65	0.00896	0.00768	0.00768	0.00768	0.01025	0.00640	0.00576	0.01089	0.01729	0.02049	0.07684	0.07300	0.68304	0.01921	0.00896	0.00256	0.00384	0.01601	0.00704	0.00640
66	0.03210	0.01334	0.01755	0.01374	0.01941	0.01213	0.01126	0.03739	0.10456	0.60738	0.03004	0.02613	0.01933	0.00950	0.00764	0.00238	0.00640	0.00775	0.00918	0.01279
67	0.00898	0.00763	0.00774	0.00782	0.01028	0.00639	0.00582	0.01087	0.01716	0.02044	0.07522	0.10326	0.65382	0.01942	0.00900	0.00259	0.00387	0.01626	0.00704	0.00639
68	0.03403	0.01291	0.01760	0.01350	0.01936	0.01115	0.01115	0.03697	0.02171	0.69137	0.02992	0.02582	0.01878	0.00939	0.00763	0.00235	0.00645	0.00763	0.00939	0.01291
69	0.45174	0.01622	0.01497	0.01239	0.01739	0.01819	0.01018	0.23098	0.02095	0.06964	0.01494	0.01596	0.01100	0.00795	0.00582	0.00229	0.00655	0.00536	0.05759	0.00989
70	0.01541	0.00841	0.00858	0.00808	0.01019	0.00862	0.00613	0.07762	0.01759	0.02965	0.02410	0.02806	0.01910	0.03333	0.00664	0.00200	0.00411	0.00718	0.67766	0.00753
71	0.01089	0.00730	0.00831	0.00845	0.00848	0.00726	0.00478	0.01099	0.01130	0.01506	0.02527	0.10153	0.02930	0.67918	0.03640	0.00703	0.00713	0.01184	0.00478	0.00472
72	0.01199	0.00839	0.01078	0.01165	0.01370	0.00787	0.00963	0.01481	0.01753	0.05380	0.08090	0.13852	0.22367	0.01992	0.00977	0.00309	0.00567	0.34409	0.00719	0.00703
73	0.02562	0.19032	0.05843	0.01859	0.05361	0.22757	0.01521	0.26683	0.02502	0.03002	0.01412	0.01540	0.01104	0.00792	0.00672	0.00204	0.01005	0.00555	0.00511	0.01083

[dist]
# distance from previous block
# <min> <max>
0	1

[block]
# block no. 6 follows, 26 sequences, length 25
# corresponding to MSA columns:
# 282-306
name=unknown_G
#
# <colnr> <probs for GDERKNQSTAVLIFYWHMCP>
#	G	D	E	R	K	N	Q	S	T	A	V	L	I	F	Y	W	H	M	C	P
0	0.01640	0.03758	0.65161	0.02111	0.03198	0.01721	0.02696	0.02483	0.01637	0.06597	0.01464	0.01663	0.01018	0.00734	0.00723	0.00240	0.01091	0.00573	0.00359	0.01132
1	0.78701	0.01467	0.01115	0.00997	0.01467	0.01702	0.00821	0.02230	0.01291	0.03403	0.01056	0.01232	0.00821	0.00704	0.00469	0.00235	0.00587	0.00411	0.00469	0.00821
2	0.02381	0.01803	0.01972	0.01492	0.02102	0.01832	0.01220	0.41833	0.02814	0.03924	0.01693	0.01783	0.01264	0.00793	0.00683	0.00187	0.00722	0.00606	0.04074	0.26822
3	0.00972	0.00786	0.00874	0.00893	0.01125	0.00687	0.00697	0.01212	0.01790	0.02223	0.15630	0.07266	0.49709	0.01896	0.00920	0.00268	0.00430	0.11239	0.00722	0.00660
4	0.00924	0.00660	0.00880	0.01056	0.01100	0.00616	0.00704	0.01056	0.01452	0.01936	0.04181	0.72848	0.05017	0.02376	0.00968	0.00308	0.00440	0.02156	0.00704	0.00616
5	0.01038	0.00774	0.00964	0.00917	0.01111	0.00700	0.00688	0.01362	0.02063	0.02842	0.56010	0.05995	0.19483	0.01625	0.00895	0.00242	0.00363	0.01418	0.00809	0.00700
6	0.01074	0.00775	0.01014	0.00954	0.01133	0.00716	0.00716	0.01431	0.02147	0.03042	0.68211	0.05666	0.07157	0.01551	0.00895	0.00239	0.00358	0.01372	0.00835	0.00716
7	0.01414	0.00707	0.00707	0.00707	0.00884	0.00707	0.00530	0.01767	0.01591	0.02828	0.02474	0.02828	0.01944	0.00884	0.00530	0.00177	0.00353	0.00707	0.77554	0.00707
8	0.01573	0.01348	0.01573	0.01123	0.01798	0.01011	0.00899	0.01910	0.01573	0.02472	0.01348	0.01573	0.01123	0.00562	0.00562	0.00112	0.00562	0.00449	0.00449	0.77980
9	0.03403	0.01291	0.01760	0.01350	0.01936	0.01115	0.01115	0.03697	0.02171	0.69137	0.02992	0.02582	0.01878	0.00939	0.00763	0.00235	0.00645	0.00763	0.00939	0.01291
10	0.00957	0.00771	0.00852	0.00832	0.01061	0.00666	0.00624	0.01205	0.01871	0.02386	0.28242	0.06745	0.47536	0.01795	0.00896	0.00250	0.00375	0.01523	0.00749	0.00666
11	0.00924	0.00660	0.00880	0.01056	0.01100	0.00616	0.00704	0.01056	0.01452	0.01936	0.04181	0.72848	0.05017	0.02376	0.00968	0.00308	0.00440	0.02156	0.00704	0.00616
12	0.01432	0.01348	0.02275	0.71520	0.05224	0.01685	0.02107	0.01938	0.01517	0.01938	0.01348	0.02022	0.01011	0.00758	0.00758	0.00253	0.01011	0.00674	0.00337	0.00843
13	0.01080	0.00776	0.01060	0.01071	0.01153	0.00853	0.00761	0.01247	0.01193	0.01670	0.02292	0.08068	0.02395	0.29225	0.42646	0.00992	0.01477	0.00999	0.00444	0.00597
14	0.02508	0.01871	0.02145	0.01657	0.02253	0.01975	0.04166	0.39736	0.12967	0.08050	0.02003	0.01996	0.01453	0.00864	0.00736	0.00216	0.00764	0.00688	0.00707	0.13244
15	0.01318	0.00659	0.00988	0.00988	0.00988	0.00659	0.00659	0.00988	0.00988	0.01318	0.01318	0.02306	0.01318	0.02635	0.02964	0.77931	0.00659	0.00659	0.00329	0.00329
16	0.03403	0.01291	0.01760	0.01350	0.01936	0.01115	0.01115	0.03697	0.02171	0.69137	0.02992	0.02582	0.01878	0.00939	0.00763	0.00235	0.00645	0.00763	0.00939	0.01291
17	0.01521	0.03923	0.69413	0.02162	0.03283	0.01762	0.02802	0.02402	0.01601	0.02402	0.01361	0.01601	0.00961	0.00721	0.00721	0.00240	0.01121	0.00560	0.00320	0.01121
18	0.01521	0.03923	0.69413	0.02162	0.03283	0.01762	0.02802	0.02402	0.01601	0.02402	0.01361	0.01601	0.00961	0.00721	0.00721	0.00240	0.01121	0.00560	0.00320	0.01121
19	0.00934	0.00670	0.00872	0.01029	0.01080	0.00625	0.00683	0.01061	0.01443	0.01913	0.04228	0.65675	0.07745	0.06749	0.01144	0.00332	0.00456	0.02066	0.00689	0.00607
20	0.01521	0.03923	0.69413	0.02162	0.03283	0.01762	0.02802	0.02402	0.01601	0.02402	0.01361	0.01601	0.00961	0.00721	0.00721	0.00240	0.01121	0.00560	0.00320	0.01121
21	0.01466	0.01395	0.02282	0.61122	0.04741	0.01781	0.02040	0.01921	0.01464	0.01921	0.01295	0.01968	0.01009	0.00843	0.01017	0.00265	0.11621	0.00673	0.00336	0.00841
22	0.01318	0.00659	0.00988	0.00988	0.00988	0.00659	0.00659	0.00988	0.00988	0.01318	0.01318	0.02306	0.01318	0.02635	0.02964	0.77931	0.00659	0.00659	0.00329	0.00329
23	0.00939	0.00667	0.00876	0.01037	0.01077	0.00626	0.00683	0.01060	0.01422	0.01896	0.04027	0.67027	0.04823	0.08462	0.01216	0.00345	0.00465	0.02066	0.00683	0.00603
24	0.01573	0.01348	0.01573	0.01123	0.01798	0.01011	0.00899	0.01910	0.01573	0.02472	0.01348	0.01573	0.01123	0.00562	0.00562	0.00112	0.00562	0.00449	0.00449	0.77980

[dist]
# distance from previous block
# <min> <max>
0	1

[block]
# block no. 7 follows, 26 sequences, length 62
# corresponding to MSA columns:
# 308-315,340-393
name=unknown_H
#
# <colnr> <probs for GDERKNQSTAVLIFYWHMCP>
#	G	D	E	R	K	N	Q	S	T	A	V	L	I	F	Y	W	H	M	C	P
0	0.01384	0.00717	0.00753	0.00753	0.00926	0.00729	0.00568	0.01730	0.01557	0.02731	0.02434	0.02842	0.01940	0.01318	0.06840	0.00271	0.00505	0.00717	0.70581	0.00704
1	0.00924	0.00660	0.00880	0.01056	0.01100	0.00616	0.00704	0.01056	0.01452	0.01936	0.04181	0.72848	0.05017	0.02376	0.00968	0.00308	0.00440	0.02156	0.00704	0.00616
2	0.01573	0.01348	0.01573	0.01123	0.01798	0.01011	0.00899	0.01910	0.01573	0.02472	0.01348	0.01573	0.01123	0.00562	0.00562	0.00112	0.00562	0.00449	0.00449	0.77980
3	0.02851	0.01733	0.01960	0.01530	0.02083	0.01826	0.01255	0.38997	0.06555	0.23128	0.02287	0.02185	0.01574	0.00923	0.00741	0.00227	0.00725	0.00718	0.07468	0.01235
4	0.02039	0.65142	0.08301	0.01393	0.02059	0.06684	0.01409	0.02323	0.01579	0.01830	0.01082	0.01251	0.00973	0.00661	0.00514	0.00169	0.00863	0.00421	0.00328	0.00978
5	0.00915	0.00768	0.00786	0.00782	0.01024	0.00648	0.00581	0.01110	0.01732	0.02089	0.11227	0.07113	0.62117	0.04525	0.01005	0.00273	0.00395	0.01568	0.00703	0.00638
6	0.01659	0.01659	0.02323	0.01991	0.01991	0.02323	0.01659	0.01825	0.01162	0.01825	0.00996	0.01659	0.00996	0.01328	0.02489	0.00332	0.71955	0.00664	0.00332	0.00830
7	0.00924	0.00660	0.00880	0.01056	0.01100	0.00616	0.00704	0.01056	0.01452	0.01936	0.04181	0.72848	0.05017	0.02376	0.00968	0.00308	0.00440	0.02156	0.00704	0.00616
8	0.01074	0.00775	0.01014	0.00954	0.01133	0.00716	0.00716	0.01431	0.02147	0.03042	0.68211	0.05666	0.07157	0.01551	0.00895	0.00239	0.00358	0.01372	0.00835	0.00716
9	0.01103	0.00735	0.00827	0.00827	0.00827	0.00735	0.00460	0.01103	0.01103	0.01471	0.02390	0.04964	0.02758	0.73343	0.03861	0.00735	0.00735	0.01103	0.00460	0.00460
10	0.78701	0.01467	0.01115	0.00997	0.01467	0.01702	0.00821	0.02230	0.01291	0.03403	0.01056	0.01232	0.00821	0.00704	0.00469	0.00235	0.00587	0.00411	0.00469	0.00821
11	0.01659	0.01659	0.02323	0.01991	0.01991	0.02323	0.01659	0.01825	0.01162	0.01825	0.00996	0.01659	0.00996	0.01328	0.02489	0.00332	0.71955	0.00664	0.00332	0.00830
