[name]
unknown

[dist]
# distance from previous block
# <min> <max>
0	1

[block]
# block no. 0 follows, 28 sequences, length 12
# corresponding to MSA columns:
# 1-12
name=unknown_A
#
# <colnr> <probs for GDERKNQSTAVLIFYWHMCP>
#	G	D	E	R	K	N	Q	S	T	A	V	L	I	F	Y	W	H	M	C	P
0	0.01536	0.00906	0.01261	0.01331	0.01567	0.00877	0.01153	0.01861	0.01744	0.14070	0.03678	0.07202	0.03768	0.01815	0.00956	0.00316	0.00660	0.53821	0.00709	0.00768
1	0.03000	0.01383	0.01820	0.07912	0.02215	0.01328	0.01211	0.14682	0.02259	0.52504	0.02525	0.02296	0.01624	0.00879	0.00730	0.00225	0.00683	0.00710	0.00816	0.01197
2	0.02349	0.01693	0.01847	0.01526	0.02019	0.01875	0.01225	0.27156	0.35977	0.12442	0.02502	0.02326	0.01804	0.00933	0.00734	0.00233	0.00663	0.00749	0.00756	0.01193
3	0.02622	0.02025	0.02084	0.01643	0.02179	0.06006	0.01338	0.57268	0.07009	0.04215	0.01882	0.05002	0.01436	0.00935	0.00733	0.00222	0.00798	0.00717	0.00706	0.01181
4	0.00886	0.00703	0.00799	0.00871	0.01037	0.00617	0.00631	0.01056	0.01559	0.01935	0.05926	0.32015	0.42000	0.02012	0.00892	0.00269	0.00404	0.05105	0.00675	0.00608
5	0.02624	0.01239	0.01586	0.01258	0.01726	0.01160	0.01022	0.13084	0.02286	0.43142	0.19379	0.03099	0.02977	0.01042	0.00762	0.00225	0.00578	0.00865	0.00848	0.01099
6	0.02790	0.01827	0.02032	0.01576	0.02139	0.01965	0.01296	0.48633	0.08514	0.18467	0.02084	0.01980	0.01437	0.00888	0.00729	0.00222	0.00743	0.00685	0.00765	0.01229
7	0.01716	0.01961	0.04289	0.03064	0.03799	0.01838	0.67279	0.02328	0.01716	0.02328	0.01471	0.01961	0.01103	0.00613	0.00858	0.00245	0.01225	0.00858	0.00368	0.00980
8	0.00898	0.00638	0.00840	0.00997	0.01036	0.00598	0.00658	0.01015	0.01368	0.01824	0.03887	0.69150	0.04657	0.07313	0.01121	0.00324	0.00441	0.01996	0.00658	0.00580
9	0.01755	0.02013	0.09805	0.08698	0.07165	0.01758	0.49091	0.02350	0.01695	0.06075	0.01513	0.01941	0.01117	0.00647	0.00818	0.00241	0.01138	0.00794	0.00388	0.00998
10	0.02393	0.01160	0.01564	0.11412	0.02128	0.01101	0.01106	0.02806	0.06258	0.41660	0.06836	0.03297	0.12926	0.01063	0.00758	0.00232	0.00611	0.00885	0.00765	0.01041
11	0.00870	0.00693	0.00781	0.00852	0.01012	0.00604	0.00603	0.01030	0.01546	0.01918	0.05960	0.34997	0.42529	0.02023	0.00888	0.00266	0.00391	0.01757	0.00675	0.00604

[dist]
# distance from previous block
# <min> <max>
7	13

[block]
# block no. 1 follows, 28 sequences, length 38
# corresponding to MSA columns:
# 26-63
name=unknown_B
#
# <colnr> <probs for GDERKNQSTAVLIFYWHMCP>
#	G	D	E	R	K	N	Q	S	T	A	V	L	I	F	Y	W	H	M	C	P
0	0.01560	0.01387	0.02251	0.11346	0.07019	0.01397	0.17010	0.12223	0.01855	0.02521	0.05072	0.22720	0.02415	0.01181	0.00807	0.00242	0.00781	0.01119	0.00530	0.06562
1	0.01771	0.01698	0.02900	0.08963	0.65638	0.01720	0.02217	0.02206	0.01642	0.02341	0.01362	0.01808	0.01139	0.00653	0.00720	0.00218	0.00871	0.00648	0.00357	0.01129
2	0.01373	0.01292	0.02180	0.72707	0.05006	0.01615	0.02019	0.01857	0.01453	0.01857	0.01292	0.01938	0.00969	0.00727	0.00727	0.00242	0.00969	0.00646	0.00323	0.00807
3	0.01507	0.01292	0.01507	0.01077	0.01723	0.00969	0.00861	0.01830	0.01507	0.02369	0.01292	0.01507	0.01077	0.00538	0.00538	0.00108	0.00538	0.00431	0.00431	0.78898
4	0.01009	0.00708	0.00815	0.00832	0.00882	0.00694	0.00513	0.01067	0.01188	0.01556	0.03204	0.11668	0.12978	0.51591	0.07754	0.00628	0.00713	0.01208	0.00495	0.00496
5	0.01768	0.01520	0.01609	0.01450	0.01849	0.01751	0.01127	0.03735	0.65205	0.03034	0.06361	0.02851	0.02456	0.01012	0.00746	0.00246	0.00563	0.00847	0.00743	0.01127
6	0.01373	0.01292	0.02180	0.72707	0.05006	0.01615	0.02019	0.01857	0.01453	0.01857	0.01292	0.01938	0.00969	0.00727	0.00727	0.00242	0.00969	0.00646	0.00323	0.00807
7	0.01481	0.01264	0.01479	0.01074	0.01694	0.00953	0.00853	0.01795	0.01502	0.02347	0.01408	0.04593	0.01236	0.00612	0.00555	0.00116	0.00533	0.00500	0.00441	0.75563
8	0.02763	0.02036	0.02182	0.01672	0.02254	0.02254	0.01382	0.67496	0.03418	0.04581	0.01745	0.01745	0.01236	0.00873	0.00727	0.00218	0.00800	0.00654	0.00727	0.01236
9	0.00871	0.00737	0.00754	0.00749	0.00989	0.00619	0.00562	0.01067	0.01686	0.02033	0.11893	0.06882	0.65052	0.01815	0.00859	0.00244	0.00366	0.01518	0.00684	0.00619
10	0.00885	0.00637	0.00839	0.01001	0.01051	0.00591	0.00670	0.01013	0.01402	0.01860	0.04139	0.71336	0.07366	0.02260	0.00925	0.00293	0.00420	0.02045	0.00675	0.00591
11	0.01056	0.00710	0.00820	0.00820	0.00830	0.00720	0.00475	0.01075	0.01065	0.01430	0.02265	0.04618	0.02583	0.69427	0.08645	0.00738	0.00795	0.01037	0.00437	0.00456
12	0.02105	0.52297	0.06188	0.01404	0.02011	0.08206	0.01336	0.12259	0.04314	0.02228	0.01216	0.01339	0.01027	0.00687	0.00541	0.00174	0.00829	0.00458	0.00395	0.00986
13	0.01753	0.01284	0.01532	0.01107	0.01741	0.00983	0.00890	0.02070	0.01588	0.11906	0.01513	0.01643	0.01178	0.00589	0.00565	0.00124	0.00550	0.00473	0.00496	0.68014
14	0.01768	0.01695	0.02894	0.09434	0.65190	0.01719	0.02215	0.02204	0.01640	0.02337	0.01362	0.01809	0.01138	0.00653	0.00720	0.00218	0.00871	0.00648	0.00357	0.01126
15	0.01577	0.03594	0.66137	0.02020	0.03061	0.01647	0.02579	0.02384	0.01571	0.06795	0.01408	0.01597	0.00979	0.00704	0.00693	0.00230	0.01044	0.00550	0.00346	0.01085
16	0.03261	0.01237	0.01687	0.01293	0.01856	0.01068	0.01068	0.03543	0.02081	0.70423	0.02868	0.02474	0.01799	0.00900	0.00731	0.00225	0.00619	0.00731	0.00900	0.01237
17	0.03261	0.01237	0.01687	0.01293	0.01856	0.01068	0.01068	0.03543	0.02081	0.70423	0.02868	0.02474	0.01799	0.00900	0.00731	0.00225	0.00619	0.00731	0.00900	0.01237
18	0.01943	0.74891	0.03809	0.01244	0.01866	0.02876	0.01244	0.02177	0.01477	0.01710	0.01011	0.01166	0.00933	0.00622	0.00466	0.00155	0.00777	0.00389	0.00311	0.00933
19	0.00893	0.00724	0.00753	0.00765	0.00957	0.00627	0.00543	0.01043	0.01542	0.01867	0.06308	0.11518	0.54194	0.13481	0.01318	0.00323	0.00426	0.01497	0.00637	0.00584
20	0.01891	0.67193	0.11047	0.01333	0.02004	0.02748	0.01400	0.02190	0.01483	0.01774	0.01042	0.01206	0.00932	0.00629	0.00491	0.00164	0.00809	0.00405	0.00311	0.00948
21	0.00875	0.00717	0.00772	0.00801	0.01002	0.00614	0.00584	0.01058	0.01630	0.02002	0.10587	0.19913	0.53119	0.01904	0.00872	0.00254	0.00377	0.01624	0.00683	0.00614
22	0.01783	0.51401	0.25895	0.01517	0.02289	0.02484	0.01720	0.02218	0.01496	0.01906	0.01108	0.01288	0.00929	0.00645	0.00540	0.00180	0.00875	0.00438	0.00310	0.00980
23	0.02138	0.01662	0.01783	0.01517	0.01980	0.01876	0.01204	0.19970	0.48054	0.07515	0.02646	0.02453	0.01944	0.00952	0.00736	0.00238	0.00635	0.00774	0.00746	0.01178
24	0.00865	0.00714	0.00759	0.00795	0.00997	0.00609	0.00578	0.01037	0.01600	0.01941	0.06648	0.21273	0.55809	0.01934	0.00874	0.00256	0.00380	0.01648	0.00675	0.00609
25	0.00997	0.00712	0.00916	0.00978	0.01016	0.00733	0.00647	0.01097	0.01218	0.01652	0.02921	0.33572	0.03375	0.30846	0.13343	0.00595	0.02882	0.01426	0.00528	0.00547
26	0.10909	0.04785	0.12977	0.01657	0.02247	0.20357	0.01493	0.23854	0.02314	0.10428	0.01530	0.01597	0.01110	0.00784	0.00665	0.00211	0.00933	0.00558	0.00542	0.01048
27	0.00900	0.00739	0.00797	0.00834	0.01033	0.00650	0.00605	0.01136	0.03987	0.01974	0.06339	0.24132	0.50480	0.01923	0.00873	0.00258	0.00389	0.01646	0.00677	0.00627
28	0.18048	0.01270	0.01567	0.01228	0.01768	0.01177	0.01014	0.03270	0.01917	0.57412	0.02508	0.02224	0.01603	0.00856	0.00677	0.00225	0.00608	0.00666	0.00813	0.01150
29	0.00954	0.00741	0.01069	0.01132	0.01226	0.00709	0.04333	0.01119	0.01438	0.01920	0.06172	0.62269	0.07879	0.02109	0.00959	0.00288	0.02502	0.01908	0.00652	0.00622
30	0.02336	0.02145	0.09317	0.02350	0.13373	0.02057	0.10765	0.41648	0.02716	0.03693	0.01604	0.01763	0.01173	0.00783	0.00740	0.00223	0.00896	0.00670	0.00577	0.01171
31	0.79588	0.01406	0.01068	0.00956	0.01406	0.01631	0.00787	0.02137	0.01237	0.03261	0.01012	0.01181	0.00787	0.00675	0.00450	0.00225	0.00562	0.00394	0.00450	0.00787
32	0.00939	0.00726	0.01066	0.01134	0.01232	0.00674	0.05082	0.01101	0.01427	0.01892	0.04010	0.65784	0.07875	0.02145	0.00920	0.00289	0.00472	0.01959	0.00654	0.00617
33	0.01565	0.06648	0.63326	0.02010	0.03033	0.01776	0.02538	0.06616	0.01657	0.02428	0.01321	0.01533	0.00942	0.00700	0.00684	0.00226	0.01044	0.00539	0.00335	0.01079
34	0.03773	0.00919	0.01098	0.01003	0.01245	0.00898	0.00767	0.05981	0.06447	0.05573	0.47064	0.07239	0.12327	0.01428	0.00826	0.00233	0.00412	0.01234	0.00767	0.00767
35	0.00941	0.00721	0.01072	0.01148	0.01236	0.00673	0.05088	0.01099	0.01413	0.01887	0.03838	0.69208	0.04562	0.02167	0.00923	0.00292	0.00475	0.01986	0.00654	0.00616
36	0.13557	0.00955	0.02970	0.00893	0.01159	0.00869	0.00705	0.01439	0.03451	0.02485	0.26082	0.05129	0.29796	0.06293	0.00973	0.00267	0.00440	0.01200	0.00655	0.00681
37	0.18303	0.02141	0.01765	0.01488	0.01955	0.21916	0.01180	0.21013	0.06650	0.11018	0.01865	0.01876	0.04075	0.00848	0.00657	0.00214	0.00845	0.00605	0.00588	0.00999

[dist]
# distance from previous block
# <min> <max>
0	5

[block]
# block no. 2 follows, 28 sequences, length 9
# corresponding to MSA columns:
# 69-77
name=unknown_C
#
# <colnr> <probs for GDERKNQSTAVLIFYWHMCP>
#	G	D	E	R	K	N	Q	S	T	A	V	L	I	F	Y	W	H	M	C	P
0	0.06070	0.01774	0.07298	0.27458	0.19788	0.05140	0.03743	0.10544	0.01828	0.02526	0.05755	0.02002	0.01417	0.00768	0.00716	0.00227	0.00890	0.00666	0.00425	0.00965
1	0.02362	0.05200	0.02224	0.02149	0.11185	0.43451	0.01503	0.07303	0.01949	0.02064	0.01386	0.01631	0.03304	0.00845	0.00894	0.00211	0.10478	0.00561	0.00399	0.00902
2	0.01093	0.00799	0.01104	0.01087	0.01179	0.00917	0.00806	0.01287	0.01159	0.01683	0.02003	0.03250	0.01977	0.22104	0.46623	0.00946	0.05482	0.00834	0.05061	0.00607
3	0.01667	0.01533	0.02440	0.07112	0.46662	0.01578	0.01875	0.02297	0.10358	0.02454	0.06579	0.02760	0.01956	0.00878	0.00758	0.00233	0.00778	0.06559	0.00466	0.01057
4	0.02416	0.02873	0.02107	0.06838	0.02379	0.49337	0.01481	0.06780	0.01930	0.01960	0.01144	0.01435	0.00961	0.00852	0.00985	0.00217	0.14543	0.00524	0.00383	0.00857
5	0.02087	0.56136	0.03382	0.01382	0.01946	0.07784	0.01293	0.10678	0.01751	0.02090	0.01111	0.01275	0.00974	0.00700	0.00621	0.00175	0.04845	0.00443	0.00370	0.00958
6	0.00886	0.00633	0.00843	0.01012	0.01054	0.00590	0.00675	0.01012	0.01392	0.01856	0.04006	0.73979	0.04808	0.02277	0.00928	0.00295	0.00422	0.02066	0.00675	0.00590
7	0.01057	0.00705	0.00793	0.00793	0.00793	0.00705	0.00440	0.01057	0.01057	0.01409	0.02290	0.04757	0.02643	0.74454	0.03700	0.00705	0.00705	0.01057	0.00440	0.00440
8	0.02693	0.02276	0.02124	0.01698	0.02229	0.15347	0.01371	0.51155	0.07367	0.03951	0.01706	0.01725	0.01243	0.00857	0.00714	0.00214	0.00882	0.00630	0.00661	0.01156

[dist]
# distance from previous block
# <min> <max>
0	4

[block]
# block no. 3 follows, 28 sequences, length 120
# corresponding to MSA columns:
# 82-201
name=unknown_D
#
# <colnr> <probs for GDERKNQSTAVLIFYWHMCP>
#	G	D	E	R	K	N	Q	S	T	A	V	L	I	F	Y	W	H	M	C	P
0	0.01509	0.09231	0.62096	0.02057	0.03079	0.01789	0.05844	0.02294	0.01539	0.02257	0.01290	0.01527	0.00931	0.00681	0.00682	0.00225	0.01059	0.00542	0.00310	0.01058
1	0.01086	0.00773	0.01073	0.01118	0.01257	0.00724	0.03683	0.01323	0.03603	0.05441	0.06102	0.53977	0.10321	0.02018	0.00904	0.00283	0.00475	0.04495	0.00678	0.00666
2	0.05903	0.68578	0.03607	0.01252	0.01856	0.05305	0.01226	0.02201	0.01486	0.01791	0.01015	0.01172	0.00926	0.00629	0.00472	0.00160	0.00786	0.00392	0.00320	0.00922
3	0.01468	0.01289	0.02155	0.69091	0.04847	0.01587	0.01971	0.01943	0.01485	0.05329	0.01372	0.01965	0.01011	0.00736	0.00727	0.00241	0.00951	0.00650	0.00352	0.00829
4	0.01524	0.10747	0.60518	0.01959	0.02955	0.01813	0.02464	0.02369	0.04925	0.02280	0.01359	0.01558	0.00988	0.00699	0.00671	0.00224	0.01019	0.00537	0.00329	0.01064
5	0.00892	0.00637	0.00849	0.01008	0.01056	0.00595	0.00675	0.01028	0.01421	0.01903	0.06915	0.70937	0.04899	0.02242	0.00925	0.00292	0.00418	0.02033	0.00680	0.00595
6	0.01220	0.00823	0.01144	0.01287	0.01453	0.00809	0.01091	0.01521	0.01648	0.05150	0.03829	0.17979	0.04173	0.02000	0.00980	0.00324	0.00629	0.52576	0.00680	0.00682
7	0.61654	0.01567	0.01279	0.01114	0.01573	0.04324	0.00908	0.09784	0.06953	0.03339	0.01257	0.01374	0.00960	0.00725	0.00513	0.00224	0.00618	0.00461	0.00502	0.00870
8	0.01229	0.04385	0.01767	0.03952	0.12935	0.01101	0.08816	0.01540	0.01681	0.02170	0.10645	0.04815	0.34712	0.01334	0.00807	0.00233	0.00601	0.03084	0.00562	0.03633
9	0.01520	0.12873	0.62120	0.01966	0.02982	0.01840	0.02501	0.02286	0.01527	0.02226	0.01267	0.01487	0.00922	0.00682	0.00662	0.00221	0.01036	0.00518	0.00307	0.01056
10	0.01510	0.11473	0.54090	0.02021	0.02968	0.01787	0.08235	0.02233	0.01538	0.02218	0.01406	0.04747	0.01111	0.00746	0.00691	0.00226	0.01025	0.00617	0.00329	0.01028
11	0.02715	0.03464	0.02060	0.01873	0.02247	0.71536	0.01404	0.02903	0.02060	0.01779	0.01124	0.01311	0.00936	0.00749	0.00655	0.00187	0.01311	0.00468	0.00375	0.00843
12	0.02549	0.02694	0.04713	0.02365	0.17386	0.40078	0.01584	0.05172	0.02002	0.12503	0.01473	0.01622	0.01126	0.00752	0.00685	0.00202	0.01078	0.00558	0.00462	0.00995
13	0.04350	0.01494	0.02591	0.46858	0.08627	0.01715	0.14309	0.04879	0.01583	0.02147	0.01329	0.01885	0.01011	0.00724	0.00800	0.00242	0.03541	0.00677	0.00356	0.00880
14	0.00861	0.00727	0.00746	0.00761	0.00988	0.00612	0.00563	0.01040	0.01633	0.01954	0.07062	0.13011	0.63804	0.01880	0.00865	0.00250	0.00373	0.01582	0.00675	0.00612
15	0.02563	0.17517	0.02404	0.01749	0.02172	0.58027	0.01373	0.02760	0.01945	0.01765	0.01101	0.01282	0.00936	0.00724	0.00618	0.00181	0.01206	0.00453	0.00362	0.00860
16	0.02530	0.03498	0.01568	0.01206	0.01658	0.01095	0.00980	0.07471	0.02103	0.44064	0.15884	0.06200	0.06270	0.01108	0.00761	0.00227	0.00562	0.00924	0.00828	0.01062
17	0.02619	0.01964	0.02100	0.01643	0.02199	0.02187	0.01347	0.57893	0.13255	0.04349	0.01928	0.01891	0.01384	0.00890	0.00729	0.00222	0.00766	0.00680	0.00729	0.01223
18	0.00859	0.00736	0.00736	0.00736	0.00982	0.00614	0.00552	0.01043	0.01657	0.01964	0.07364	0.06996	0.69624	0.01841	0.00859	0.00245	0.00368	0.01534	0.00675	0.00614
19	0.05408	0.01881	0.01977	0.03901	0.02176	0.07173	0.01300	0.43978	0.02798	0.12285	0.01817	0.01891	0.01313	0.01272	0.07166	0.00304	0.00917	0.00652	0.00668	0.01123
20	0.02651	0.01970	0.02166	0.01771	0.05202	0.02169	0.01393	0.62129	0.03264	0.04382	0.01813	0.04442	0.01366	0.00915	0.00734	0.00221	0.00789	0.00707	0.00709	0.01208
21	0.01041	0.00771	0.01126	0.01126	0.01241	0.00886	0.00856	0.01271	0.01156	0.01656	0.01986	0.03069	0.01910	0.13184	0.63967	0.01116	0.01808	0.00810	0.00395	0.00626
22	0.00898	0.00641	0.00857	0.01026	0.01073	0.00601	0.00696	0.01033	0.01404	0.01869	0.04000	0.71201	0.04781	0.02266	0.00931	0.00297	0.00432	0.04726	0.00675	0.00594
23	0.01484	0.01418	0.02443	0.58563	0.04631	0.01691	0.10065	0.04820	0.01562	0.02033	0.01323	0.01921	0.00997	0.00737	0.00798	0.00244	0.03403	0.00672	0.00346	0.00848
24	0.00886	0.00633	0.00843	0.01012	0.01054	0.00590	0.00675	0.01012	0.01392	0.01856	0.04006	0.73979	0.04808	0.02277	0.00928	0.00295	0.00422	0.02066	0.00675	0.00590
25	0.00884	0.00637	0.00839	0.01000	0.01051	0.00591	0.00669	0.01014	0.01403	0.01860	0.04156	0.70999	0.07691	0.02258	0.00925	0.00293	0.00419	0.02043	0.00675	0.00591
26	0.02763	0.02036	0.02182	0.01672	0.02254	0.02254	0.01382	0.67496	0.03418	0.04581	0.01745	0.01745	0.01236	0.00873	0.00727	0.00218	0.00800	0.00654	0.00727	0.01236
27	0.79588	0.01406	0.01068	0.00956	0.01406	0.01631	0.00787	0.02137	0.01237	0.03261	0.01012	0.01181	0.00787	0.00675	0.00450	0.00225	0.00562	0.00394	0.00450	0.00787
28	0.01302	0.01166	0.01673	0.01521	0.01589	0.01538	0.01234	0.01513	0.01142	0.01717	0.01473	0.02252	0.01405	0.03457	0.38552	0.00762	0.35917	0.00711	0.00355	0.00719
29	0.00963	0.00665	0.00821	0.00913	0.00936	0.00642	0.00569	0.01032	0.01241	0.01654	0.03231	0.42717	0.03830	0.34874	0.02180	0.00480	0.00550	0.01611	0.00569	0.00523
30	0.01524	0.02357	0.25299	0.02516	0.05558	0.01618	0.35098	0.02140	0.01611	0.02258	0.01754	0.11489	0.01543	0.00863	0.00808	0.00246	0.01056	0.00909	0.00389	0.00964
31	0.01117	0.00842	0.01137	0.01150	0.01257	0.00845	0.03687	0.06269	0.01504	0.02017	0.03359	0.52293	0.03912	0.13071	0.01378	0.00350	0.02849	0.01703	0.00618	0.00642
32	0.01718	0.01414	0.01827	0.18604	0.02600	0.01433	0.01289	0.12200	0.01798	0.04728	0.03875	0.01831	0.01299	0.00749	0.00797	0.00185	0.07189	0.00578	0.00470	0.35417
33	0.02930	0.01521	0.01843	0.01406	0.01983	0.01473	0.01159	0.25700	0.02496	0.41341	0.02335	0.02133	0.01538	0.00858	0.00712	0.00212	0.00675	0.00677	0.00797	0.08211
34	0.02991	0.01671	0.01956	0.01499	0.02072	0.01713	0.01239	0.38307	0.02807	0.34632	0.02258	0.02078	0.01493	0.00885	0.00729	0.00221	0.00717	0.00689	0.00806	0.01237
35	0.00942	0.00709	0.00940	0.01061	0.01106	0.00715	0.00730	0.01069	0.01370	0.01837	0.03845	0.63926	0.06785	0.04601	0.01125	0.00309	0.05780	0.01908	0.00641	0.00601
36	0.01717	0.02000	0.13176	0.08872	0.52417	0.01716	0.02243	0.02279	0.04245	0.02353	0.01415	0.01804	0.01145	0.00673	0.00716	0.00221	0.00892	0.00638	0.00364	0.01115
37	0.01808	0.01561	0.01644	0.01479	0.01890	0.01808	0.01151	0.03863	0.68606	0.03041	0.02959	0.02712	0.02219	0.00986	0.00740	0.00247	0.00575	0.00822	0.00740	0.01151
38	0.00892	0.00637	0.00849	0.01008	0.01056	0.00595	0.00675	0.01028	0.01421	0.01903	0.06909	0.70943	0.04899	0.02242	0.00925	0.00292	0.00418	0.02033	0.00680	0.00595
39	0.01458	0.03760	0.70688	0.02072	0.03146	0.01688	0.02686	0.02302	0.01535	0.02302	0.01304	0.01535	0.00921	0.00691	0.00691	0.00230	0.01074	0.00537	0.00307	0.01074
40	0.01038	0.00779	0.01168	0.01168	0.01298	0.00909	0.00909	0.01298	0.01168	0.01687	0.01947	0.02856	0.01817	0.05452	0.71573	0.01168	0.01947	0.00779	0.00389	0.00649
41	0.00886	0.00633	0.00843	0.01012	0.01054	0.00590	0.00675	0.01012	0.01392	0.01856	0.04006	0.73979	0.04808	0.02277	0.00928	0.00295	0.00422	0.02066	0.00675	0.00590
42	0.00859	0.00736	0.00736	0.00736	0.00982	0.00614	0.00552	0.01043	0.01657	0.01964	0.07364	0.06996	0.69624	0.01841	0.00859	0.00245	0.00368	0.01534	0.00675	0.00614
43	0.01373	0.01292	0.02180	0.72707	0.05006	0.01615	0.02019	0.01857	0.01453	0.01857	0.01292	0.01938	0.00969	0.00727	0.00727	0.00242	0.00969	0.00646	0.00323	0.00807
44	0.01373	0.01292	0.02180	0.72707	0.05006	0.01615	0.02019	0.01857	0.01453	0.01857	0.01292	0.01938	0.00969	0.00727	0.00727	0.00242	0.00969	0.00646	0.00323	0.00807
45	0.01088	0.00852	0.01263	0.01235	0.01353	0.01027	0.00970	0.01339	0.01163	0.01693	0.01858	0.02742	0.01740	0.05076	0.65360	0.01092	0.08339	0.00766	0.00383	0.00662
46	0.01746	0.01664	0.02828	0.07402	0.63918	0.01676	0.02153	0.02176	0.01664	0.02375	0.04389	0.01967	0.01396	0.00688	0.00726	0.00218	0.00845	0.00677	0.00378	0.01115
47	0.00888	0.00733	0.00780	0.00778	0.01002	0.00625	0.00580	0.01096	0.01712	0.02117	0.17550	0.09565	0.56460	0.01800	0.00862	0.00245	0.00366	0.01520	0.00696	0.00625
48	0.01590	0.01590	0.02226	0.01908	0.01908	0.02226	0.01590	0.01749	0.01113	0.01749	0.00954	0.01590	0.00954	0.01272	0.02385	0.00318	0.73123	0.00636	0.00318	0.00795
49	0.00997	0.00748	0.00928	0.00899	0.01088	0.00678	0.00685	0.01301	0.01935	0.02634	0.50038	0.05995	0.21973	0.01607	0.00867	0.00240	0.00371	0.05589	0.00761	0.00667
50	0.01088	0.00848	0.01246	0.01217	0.01330	0.01017	0.00948	0.01327	0.01158	0.01681	0.01874	0.02828	0.01777	0.08143	0.62418	0.01072	0.08212	0.00778	0.00385	0.00653
51	0.02717	0.03411	0.02064	0.01865	0.02247	0.68951	0.01404	0.05312	0.02111	0.01884	0.01147	0.01327	0.00948	0.00754	0.00658	0.00188	0.01292	0.00475	0.00388	0.00857
52	0.01260	0.00972	0.01067	0.01033	0.01255	0.03605	0.00786	0.04334	0.06187	0.04896	0.20642	0.11698	0.22842	0.07474	0.01084	0.00289	0.00507	0.08664	0.00689	0.00716
53	0.05021	0.06169	0.65162	0.01992	0.03022	0.01728	0.02549	0.02290	0.01519	0.02325	0.01281	0.01506	0.00915	0.00687	0.00672	0.00227	0.01041	0.00525	0.00314	0.01056
54	0.01707	0.40245	0.36384	0.01647	0.02489	0.02298	0.01946	0.02238	0.01505	0.01998	0.01154	0.01346	0.00927	0.00655	0.00576	0.00192	0.00922	0.00461	0.00309	0.01002
55	0.00903	0.00646	0.00859	0.01000	0.01058	0.00602	0.00676	0.01056	0.01473	0.01985	0.11997	0.65620	0.05058	0.02181	0.00919	0.00287	0.00412	0.01975	0.00690	0.00602
56	0.00910	0.00738	0.00807	0.00790	0.01013	0.00635	0.00592	0.01141	0.01777	0.02248	0.25931	0.06528	0.50880	0.01735	0.00859	0.00240	0.00361	0.01469	0.00712	0.00635
57	0.00947	0.00679	0.00887	0.01034	0.01094	0.00645	0.00698	0.03193	0.01458	0.01945	0.03932	0.71609	0.04691	0.02231	0.00921	0.00293	0.00434	0.02020	0.00676	0.00612
58	0.01355	0.00678	0.00678	0.00678	0.00847	0.00678	0.00508	0.01694	0.01524	0.02710	0.02371	0.02710	0.01863	0.00847	0.00508	0.00169	0.00339	0.00678	0.78489	0.00678
59	0.03088	0.01280	0.01690	0.01306	0.01847	0.01153	0.01075	0.09161	0.02199	0.60635	0.06594	0.02578	0.02039	0.00931	0.00738	0.00225	0.00619	0.00758	0.00878	0.01205
60	0.00886	0.00633	0.00843	0.01012	0.01054	0.00590	0.00675	0.01012	0.01392	0.01856	0.04006	0.73979	0.04808	0.02277	0.00928	0.00295	0.00422	0.02066	0.00675	0.00590
61	0.01507	0.01292	0.01507	0.01077	0.01723	0.00969	0.00861	0.01830	0.01507	0.02369	0.01292	0.01507	0.01077	0.00538	0.00538	0.00108	0.00538	0.00431	0.00431	0.78898
62	0.01040	0.00772	0.01134	0.01134	0.01253	0.00890	0.00867	0.01276	0.01158	0.01662	0.01978	0.03027	0.01891	0.11653	0.65473	0.01127	0.01835	0.00804	0.00394	0.00630
63	0.01590	0.01590	0.02226	0.01908	0.01908	0.02226	0.01590	0.01749	0.01113	0.01749	0.00954	0.01590	0.00954	0.01272	0.02385	0.00318	0.73123	0.00636	0.00318	0.00795
64	0.01922	0.71746	0.06766	0.01280	0.01922	0.02824	0.01308	0.02182	0.01480	0.01736	0.01024	0.01182	0.00932	0.00625	0.00476	0.00159	0.00790	0.00395	0.00311	0.00939
65	0.01808	0.01561	0.01644	0.01479	0.01890	0.01808	0.01151	0.03863	0.68606	0.03041	0.02959	0.02712	0.02219	0.00986	0.00740	0.00247	0.00575	0.00822	0.00740	0.01151
66	0.01590	0.01590	0.02226	0.01908	0.01908	0.02226	0.01590	0.01749	0.01113	0.01749	0.00954	0.01590	0.00954	0.01272	0.02385	0.00318	0.73123	0.00636	0.00318	0.00795
67	0.02428	0.01116	0.01469	0.01175	0.01630	0.00979	0.00946	0.02794	0.04417	0.43033	0.21348	0.03221	0.03162	0.01034	0.00749	0.00216	0.00533	0.00870	0.00824	0.08054
68	0.01057	0.00705	0.00793	0.00793	0.00793	0.00705	0.00440	0.01057	0.01057	0.01409	0.02290	0.04757	0.02643	0.74454	0.03700	0.00705	0.00705	0.01057	0.00440	0.00440
69	0.01029	0.00743	0.00972	0.00914	0.01086	0.00686	0.00686	0.01372	0.02058	0.02915	0.69536	0.05430	0.06859	0.01486	0.00857	0.00229	0.00343	0.01315	0.00800	0.00686
70	0.01407	0.01341	0.02308	0.66604	0.07823	0.01630	0.04919	0.01895	0.01474	0.01901	0.01303	0.01933	0.00983	0.00718	0.00732	0.00241	0.00976	0.00655	0.00327	0.00830
71	0.00892	0.00738	0.00782	0.00771	0.01002	0.00628	0.00578	0.01107	0.01735	0.02149	0.19466	0.06691	0.57407	0.01772	0.00859	0.00242	0.00363	0.01491	0.00699	0.00628
72	0.01042	0.00751	0.00990	0.00953	0.01124	0.00699	0.00729	0.01384	0.02023	0.02849	0.63639	0.05678	0.06619	0.01533	0.00871	0.00238	0.00372	0.07034	0.00788	0.00684
73	0.01692	0.01911	0.04151	0.02987	0.03697	0.01794	0.64345	0.02292	0.01714	0.02322	0.01576	0.02238	0.01240	0.00675	0.00864	0.00249	0.01201	0.03706	0.00381	0.00967
74	0.00881	0.00650	0.00825	0.00965	0.01042	0.00594	0.00654	0.01017	0.01437	0.01874	0.04582	0.62492	0.15923	0.02202	0.00916	0.00287	0.00413	0.01975	0.00675	0.00594
75	0.00875	0.00695	0.00787	0.00852	0.01014	0.00607	0.00605	0.01042	0.01565	0.01953	0.08118	0.33503	0.41819	0.02002	0.00886	0.00265	0.00389	0.01738	0.00679	0.00607
76	0.02248	0.40251	0.02945	0.01465	0.01998	0.19586	0.01285	0.14634	0.02012	0.02322	0.04226	0.01501	0.01255	0.00739	0.00580	0.00178	0.00894	0.00500	0.00427	0.00957
77	0.01612	0.01356	0.01458	0.01356	0.01680	0.01540	0.01024	0.03218	0.53292	0.02737	0.03064	0.13547	0.02640	0.06884	0.00998	0.00289	0.00562	0.01027	0.00707	0.01012
78	0.60520	0.01378	0.01339	0.18448	0.02284	0.01627	0.01087	0.02069	0.01290	0.02919	0.01080	0.01365	0.00832	0.00687	0.00517	0.00229	0.00661	0.00455	0.00419	0.00792
79	0.02715	0.03464	0.02060	0.01873	0.02247	0.71536	0.01404	0.02903	0.02060	0.01779	0.01124	0.01311	0.00936	0.00749	0.00655	0.00187	0.01311	0.00468	0.00375	0.00843
80	0.05151	0.01898	0.01953	0.01587	0.02099	0.04352	0.01282	0.41207	0.25687	0.03913	0.02116	0.02043	0.01548	0.00901	0.00719	0.00227	0.00731	0.00697	0.00710	0.01178
81	0.01734	0.01655	0.02818	0.09861	0.62372	0.01680	0.02162	0.02160	0.01630	0.02316	0.01449	0.04223	0.01259	0.00709	0.00727	0.00221	0.00857	0.00695	0.00367	0.01105
82	0.01263	0.00631	0.00947	0.00947	0.00947	0.00631	0.00631	0.00947	0.00947	0.01263	0.01263	0.02210	0.01263	0.02525	0.02841	0.78851	0.00631	0.00631	0.00316	0.00316
83	0.08755	0.01661	0.02679	0.08910	0.56664	0.01713	0.02047	0.02255	0.04033	0.02442	0.01388	0.01787	0.01144	0.00668	0.00697	0.00220	0.00834	0.00631	0.00379	0.01094
84	0.01057	0.00705	0.00793	0.00793	0.00793	0.00705	0.00440	0.01057	0.01057	0.01409	0.02290	0.04757	0.02643	0.74454	0.03700	0.00705	0.00705	0.01057	0.00440	0.00440
85	0.00896	0.00640	0.00855	0.01024	0.01071	0.00599	0.00693	0.01030	0.01402	0.01867	0.04001	0.71611	0.04785	0.02268	0.00931	0.00297	0.00431	0.04333	0.00675	0.00593
86	0.01717	0.41701	0.35015	0.01630	0.02463	0.02322	0.01917	0.02235	0.01504	0.01986	0.01148	0.01338	0.00927	0.00654	0.00571	0.00190	0.00916	0.00458	0.00309	0.00999
87	0.76124	0.01398	0.01096	0.00971	0.01426	0.01605	0.00800	0.02201	0.01275	0.06310	0.01096	0.01240	0.00833	0.00685	0.00463	0.00225	0.00565	0.00409	0.00470	0.00808
88	0.01029	0.00743	0.00972	0.00914	0.01086	0.00686	0.00686	0.01372	0.02058	0.02915	0.69536	0.05430	0.06859	0.01486	0.00857	0.00229	0.00343	0.01315	0.00800	0.00686
89	0.01780	0.01707	0.02916	0.07559	0.66973	0.01722	0.02221	0.02214	0.01646	0.02351	0.01364	0.01805	0.01143	0.00651	0.00720	0.00217	0.00868	0.00648	0.00358	0.01136
90	0.01961	0.01631	0.03770	0.04446	0.01789	0.17247	0.01070	0.02315	0.04195	0.17733	0.24143	0.06587	0.07755	0.01165	0.00770	0.00224	0.00694	0.00963	0.00671	0.00872
91	0.02763	0.02036	0.02182	0.01672	0.02254	0.02254	0.01382	0.67496	0.03418	0.04581	0.01745	0.01745	0.01236	0.00873	0.00727	0.00218	0.00800	0.00654	0.00727	0.01236
92	0.79588	0.01406	0.01068	0.00956	0.01406	0.01631	0.00787	0.02137	0.01237	0.03261	0.01012	0.01181	0.00787	0.00675	0.00450	0.00225	0.00562	0.00394	0.00450	0.00787
93	0.03261	0.01237	0.01687	0.01293	0.01856	0.01068	0.01068	0.03543	0.02081	0.70423	0.02868	0.02474	0.01799	0.00900	0.00731	0.00225	0.00619	0.00731	0.00900	0.01237
94	0.01579	0.01290	0.01545	0.04259	0.01874	0.01002	0.00922	0.01907	0.01530	0.05355	0.01362	0.01569	0.01104	0.00563	0.00555	0.00119	0.00561	0.00453	0.00447	0.72004
95	0.01382	0.01159	0.01373	0.01064	0.01588	0.00893	0.00824	0.01665	0.01484	0.02265	0.01839	0.16121	0.01829	0.00889	0.00617	0.00145	0.00515	0.00761	0.00480	0.63107
96	0.01507	0.01292	0.01507	0.01077	0.01723	0.00969	0.00861	0.01830	0.01507	0.02369	0.01292	0.01507	0.01077	0.00538	0.00538	0.00108	0.00538	0.00431	0.00431	0.78898
97	0.01373	0.01292	0.02180	0.72707	0.05006	0.01615	0.02019	0.01857	0.01453	0.01857	0.01292	0.01938	0.00969	0.00727	0.00727	0.00242	0.00969	0.00646	0.00323	0.00807
98	0.02038	0.02003	0.07781	0.02742	0.25868	0.07442	0.06923	0.16391	0.07312	0.04995	0.01827	0.02408	0.01507	0.00861	0.00752	0.00231	0.00883	0.06440	0.00511	0.01084
99	0.01018	0.00743	0.00957	0.00903	0.01079	0.00681	0.00677	0.01351	0.02032	0.02855	0.65608	0.05529	0.10824	0.01508	0.00857	0.00230	0.00345	0.01328	0.00792	0.00681
100	0.00878	0.00733	0.00765	0.00765	0.00995	0.00620	0.00571	0.01077	0.01689	0.02060	0.13801	0.09276	0.60636	0.01819	0.00861	0.00245	0.00367	0.01530	0.00688	0.00620
101	0.01029	0.00743	0.00972	0.00914	0.01086	0.00686	0.00686	0.01372	0.02058	0.02915	0.69536	0.05430	0.06859	0.01486	0.00857	0.00229	0.00343	0.01315	0.00800	0.00686
102	0.01716	0.01961	0.04289	0.03064	0.03799	0.01838	0.67279	0.02328	0.01716	0.02328	0.01471	0.01961	0.01103	0.00613	0.00858	0.00245	0.01225	0.00858	0.00368	0.00980
103	0.01716	0.01961	0.04289	0.03064	0.03799	0.01838	0.67279	0.02328	0.01716	0.02328	0.01471	0.01961	0.01103	0.00613	0.00858	0.00245	0.01225	0.00858	0.00368	0.00980
104	0.01530	0.00847	0.00865	0.00801	0.01022	0.00874	0.00617	0.09886	0.01760	0.02943	0.02293	0.02590	0.01785	0.00850	0.00535	0.00175	0.00396	0.00675	0.68808	0.00747
105	0.00878	0.00736	0.00765	0.00775	0.01007	0.00623	0.00583	0.01072	0.01666	0.02009	0.09889	0.09412	0.62270	0.01847	0.00866	0.00250	0.00379	0.03673	0.00680	0.00618
106	0.01372	0.01273	0.02135	0.70534	0.04881	0.01587	0.01973	0.01852	0.01456	0.01883	0.01325	0.01961	0.00996	0.00730	0.00720	0.00240	0.00950	0.00647	0.02681	0.00804
107	0.01933	0.72649	0.03761	0.01264	0.01867	0.02856	0.01254	0.02164	0.01466	0.01711	0.01009	0.01179	0.00933	0.00642	0.00525	0.00160	0.02990	0.00396	0.00311	0.00929
108	0.01361	0.01136	0.01511	0.01889	0.15052	0.04162	0.01235	0.03809	0.03785	0.02182	0.03085	0.22147	0.03340	0.05847	0.01051	0.00309	0.00679	0.26059	0.00587	0.00775
109	0.67703	0.01545	0.03588	0.01247	0.01751	0.01658	0.08956	0.02165	0.01305	0.03118	0.01077	0.01287	0.00830	0.00668	0.00507	0.00228	0.00659	0.00455	0.00435	0.00820
110	0.00976	0.00741	0.00898	0.00859	0.01053	0.00663	0.00644	0.01269	0.01932	0.02616	0.50024	0.05921	0.26557	0.01597	0.00858	0.00234	0.00351	0.01383	0.00761	0.00663
111	0.00886	0.00633	0.00843	0.01012	0.01054	0.00590	0.00675	0.01012	0.01392	0.01856	0.04006	0.73979	0.04808	0.02277	0.00928	0.00295	0.00422	0.02066	0.00675	0.00590
112	0.01538	0.15529	0.59623	0.01935	0.02934	0.01885	0.02447	0.02281	0.01525	0.02204	0.01256	0.01474	0.00923	0.00679	0.00654	0.00218	0.01025	0.00513	0.00308	0.01051
113	0.02331	0.01093	0.01405	0.01160	0.01567	0.01007	0.00926	0.04759	0.06434	0.38811	0.19476	0.05530	0.05595	0.01122	0.00760	0.00227	0.00522	0.00945	0.05310	0.01021
114	0.00881	0.00650	0.00826	0.00966	0.01042	0.00594	0.00654	0.01017	0.01436	0.01874	0.04566	0.62820	0.15606	0.02205	0.00916	0.00287	0.00413	0.01978	0.00675	0.00594
115	0.01388	0.00723	0.00732	0.00715	0.00891	0.00731	0.00534	0.03827	0.01566	0.02714	0.02347	0.02769	0.01877	0.04103	0.00656	0.00195	0.00370	0.00694	0.72484	0.00685
116	0.02448	0.17399	0.05275	0.01730	0.02186	0.50279	0.01410	0.02800	0.06502	0.01874	0.01235	0.01388	0.01023	0.00738	0.00626	0.00187	0.01145	0.00480	0.00384	0.00891
117	0.01039	0.00776	0.01152	0.01152	0.01277	0.00900	0.00889	0.01288	0.01164	0.01676	0.01962	0.02936	0.01852	0.08367	0.68706	0.01149	0.01895	0.00791	0.00392	0.00640
118	0.05356	0.01165	0.01555	0.01223	0.01720	0.01026	0.00999	0.03156	0.02050	0.57648	0.13298	0.02898	0.02563	0.00985	0.00742	0.00226	0.00573	0.00812	0.00870	0.01136
119	0.02363	0.01802	0.01928	0.01555	0.02057	0.02001	0.01258	0.46009	0.19359	0.03969	0.02390	0.05269	0.04673	0.01003	0.00745	0.00230	0.00709	0.00795	0.00726	0.01160

[dist]
# distance from previous block
# <min> <max>
0	1

[block]
# block no. 4 follows, 28 sequences, length 26
# corresponding to MSA columns:
# 203-228
name=unknown_E
#
# <colnr> <probs for GDERKNQSTAVLIFYWHMCP>
#	G	D	E	R	K	N	Q	S	T	A	V	L	I	F	Y	W	H	M	C	P
0	0.01725	0.01398	0.01660	0.11148	0.02232	0.03776	0.01084	0.03970	0.03527	0.08040	0.01478	0.01682	0.01154	0.00625	0.00596	0.00146	0.00643	0.00505	0.00470	0.54143
1	0.02158	0.01655	0.01781	0.01488	0.01952	0.01844	0.01188	0.27634	0.35298	0.06525	0.05717	0.02637	0.04814	0.00998	0.00745	0.00234	0.00643	0.00806	0.00742	0.01143
2	0.01799	0.01727	0.02950	0.04462	0.69919	0.01727	0.02231	0.02231	0.01655	0.02375	0.01367	0.01799	0.01151	0.00648	0.00720	0.00216	0.00864	0.00648	0.00360	0.01151
3	0.01855	0.01833	0.02896	0.04304	0.65791	0.05986	0.02180	0.02272	0.01680	0.02338	0.01352	0.01769	0.01138	0.00654	0.00716	0.00214	0.00891	0.00637	0.00361	0.01133
4	0.01204	0.00903	0.01147	0.01101	0.01259	0.00964	0.00833	0.07368	0.01595	0.02174	0.13117	0.09547	0.10256	0.15082	0.21732	0.00597	0.04279	0.05610	0.00560	0.00673
5	0.01618	0.01891	0.07519	0.09783	0.03565	0.01729	0.47291	0.02174	0.01625	0.02236	0.01497	0.04445	0.01201	0.00716	0.00894	0.00241	0.04681	0.00824	0.00372	0.05699
6	0.01633	0.01288	0.01514	0.01105	0.01715	0.01014	0.00885	0.04777	0.01657	0.06368	0.05565	0.01812	0.01478	0.00631	0.00577	0.00127	0.00542	0.00511	0.00493	0.66307
7	0.02754	0.01983	0.02141	0.01649	0.02224	0.02185	0.01359	0.62421	0.05548	0.07551	0.01838	0.01811	0.01295	0.00878	0.00728	0.00219	0.00784	0.00664	0.00736	0.01233
8	0.01577	0.01459	0.02364	0.47470	0.22277	0.01686	0.02005	0.05301	0.04687	0.02186	0.01411	0.01926	0.01089	0.00724	0.00725	0.00234	0.00914	0.00655	0.00372	0.00937
9	0.01419	0.01209	0.01428	0.01081	0.01610	0.00973	0.00849	0.01701	0.01470	0.02245	0.01798	0.06676	0.04778	0.03948	0.00801	0.00162	0.03843	0.00629	0.00454	0.62926
10	0.01135	0.00790	0.01010	0.00953	0.01137	0.00744	0.00717	0.01510	0.04328	0.05033	0.56016	0.05352	0.07811	0.06266	0.01042	0.00265	0.00399	0.04023	0.00769	0.00702
11	0.01168	0.00936	0.01039	0.00984	0.01247	0.00911	0.00763	0.05397	0.11263	0.02528	0.22278	0.05770	0.35322	0.01585	0.00844	0.00246	0.00437	0.05816	0.00719	0.00748
12	0.22805	0.01893	0.01852	0.10425	0.02360	0.08676	0.01297	0.32982	0.05321	0.03553	0.01488	0.01621	0.01098	0.00795	0.00648	0.00221	0.00798	0.00574	0.00570	0.01022
13	0.01057	0.00705	0.00793	0.00793	0.00793	0.00705	0.00440	0.01057	0.01057	0.01409	0.02290	0.04757	0.02643	0.74454	0.03700	0.00705	0.00705	0.01057	0.00440	0.00440
14	0.01521	0.00852	0.00870	0.00810	0.01031	0.00883	0.00623	0.08818	0.03896	0.02921	0.02323	0.02607	0.01807	0.00854	0.00539	0.00177	0.00396	0.00680	0.67640	0.00753
15	0.01741	0.01503	0.01580	0.01427	0.01826	0.01724	0.01108	0.03663	0.63872	0.02965	0.03270	0.03015	0.06985	0.01047	0.00748	0.00246	0.00561	0.00872	0.00735	0.01113
16	0.03261	0.01237	0.01687	0.01293	0.01856	0.01068	0.01068	0.03543	0.02081	0.70423	0.02868	0.02474	0.01799	0.00900	0.00731	0.00225	0.00619	0.00731	0.00900	0.01237
17	0.01029	0.00743	0.00972	0.00914	0.01086	0.00686	0.00686	0.01372	0.02058	0.02915	0.69536	0.05430	0.06859	0.01486	0.00857	0.00229	0.00343	0.01315	0.00800	0.00686
18	0.00996	0.00766	0.00898	0.00861	0.01056	0.00699	0.00637	0.01317	0.04086	0.02479	0.40544	0.05857	0.28982	0.06382	0.01040	0.00266	0.00384	0.01360	0.00730	0.00659
19	0.00977	0.00733	0.00857	0.00830	0.00993	0.00665	0.00592	0.01199	0.01724	0.02296	0.35275	0.05824	0.27158	0.16066	0.01421	0.00329	0.00423	0.01337	0.00687	0.00613
20	0.08103	0.03560	0.64767	0.01977	0.02998	0.01683	0.02524	0.02288	0.01509	0.02384	0.01280	0.01505	0.00909	0.00689	0.00670	0.00230	0.01031	0.00525	0.00319	0.01050
21	0.01467	0.00840	0.01097	0.00978	0.01224	0.00760	0.00747	0.01778	0.02008	0.16243	0.51199	0.04881	0.08276	0.04122	0.00939	0.00246	0.00412	0.01198	0.00801	0.00783
22	0.00897	0.00650	0.00848	0.00984	0.01052	0.00601	0.00667	0.01048	0.01472	0.01962	0.10324	0.62883	0.09581	0.02173	0.00916	0.00286	0.00411	0.01959	0.00686	0.00601
23	0.79588	0.01406	0.01068	0.00956	0.01406	0.01631	0.00787	0.02137	0.01237	0.03261	0.01012	0.01181	0.00787	0.00675	0.00450	0.00225	0.00562	0.00394	0.00450	0.00787
24	0.02391	0.01781	0.01934	0.01551	0.02042	0.01978	0.01259	0.49675	0.11360	0.03999	0.02036	0.05273	0.01584	0.01274	0.05741	0.00291	0.00821	0.00750	0.03125	0.01137
25	0.01014	0.00741	0.00941	0.00961	0.01102	0.00693	0.00692	0.03304	0.01810	0.02478	0.36817	0.31933	0.11184	0.01802	0.00881	0.00255	0.00390	0.01603	0.00739	0.00660

[dist]
# distance from previous block
# <min> <max>
0	1

[block]
# block no. 5 follows, 28 sequences, length 25
# corresponding to MSA columns:
# 230-254
name=unknown_F
#
# <colnr> <probs for GDERKNQSTAVLIFYWHMCP>
#	G	D	E	R	K	N	Q	S	T	A	V	L	I	F	Y	W	H	M	C	P
0	0.02179	0.01631	0.01744	0.01521	0.03757	0.05372	0.01172	0.20345	0.27360	0.12040	0.10206	0.02777	0.04606	0.01008	0.00748	0.00230	0.00655	0.00822	0.00732	0.01097
1	0.00983	0.00736	0.00912	0.00880	0.01061	0.00665	0.00655	0.01279	0.01932	0.02645	0.52063	0.09430	0.20869	0.01608	0.00861	0.00236	0.00353	0.01404	0.00765	0.00665
2	0.01896	0.52049	0.19346	0.01492	0.02199	0.08516	0.01596	0.02269	0.01541	0.01855	0.01089	0.01265	0.00930	0.00649	0.00535	0.00176	0.00893	0.00430	0.00315	0.00958
3	0.10809	0.09427	0.02127	0.01490	0.02049	0.04307	0.01241	0.41272	0.07270	0.03746	0.01613	0.01656	0.01200	0.00799	0.00652	0.00203	0.00749	0.00584	0.00617	0.08189
4	0.01991	0.53115	0.07720	0.01450	0.02007	0.12686	0.01392	0.02250	0.01531	0.01762	0.01041	0.01250	0.00935	0.00705	0.00687	0.00180	0.07627	0.00433	0.00321	0.00916
5	0.01149	0.00818	0.00977	0.00928	0.01151	0.00756	0.00698	0.01541	0.06458	0.06461	0.37164	0.10629	0.25365	0.01585	0.00848	0.00240	0.00388	0.01370	0.00754	0.00720
6	0.01016	0.00733	0.00960	0.00923	0.01083	0.00677	0.00685	0.01339	0.01997	0.02819	0.63586	0.11654	0.06672	0.01558	0.00864	0.00235	0.00350	0.01383	0.00789	0.00677
7	0.01823	0.01840	0.02838	0.13000	0.51978	0.08057	0.05457	0.02248	0.01669	0.02251	0.01341	0.01781	0.01106	0.00665	0.00722	0.00218	0.00936	0.00642	0.00357	0.01070
8	0.01349	0.01239	0.02005	0.56243	0.04218	0.01482	0.03352	0.03151	0.02914	0.01974	0.02086	0.04690	0.07494	0.00936	0.00761	0.00248	0.00880	0.03782	0.00399	0.00798
9	0.00904	0.00738	0.00798	0.00783	0.01009	0.00633	0.00587	0.01129	0.01762	0.02213	0.23662	0.06585	0.53171	0.01748	0.00859	0.00241	0.00362	0.01477	0.00708	0.00633
10	0.00943	0.00711	0.00957	0.01072	0.01128	0.00724	0.00749	0.01087	0.01364	0.01838	0.03763	0.59947	0.07018	0.02492	0.07611	0.00376	0.05151	0.01834	0.00626	0.00610
11	0.01689	0.01296	0.01628	0.01214	0.01799	0.01050	0.03993	0.05299	0.01658	0.08786	0.01717	0.08211	0.01492	0.00751	0.00616	0.00148	0.00581	0.00639	0.00509	0.56924
12	0.01022	0.00698	0.00841	0.00873	0.00895	0.00703	0.00533	0.01073	0.01134	0.01524	0.02590	0.18060	0.02982	0.53429	0.10000	0.00672	0.00775	0.01226	0.00481	0.00491
13	0.00998	0.00738	0.00932	0.00892	0.01069	0.00671	0.00666	0.01309	0.01972	0.02733	0.57782	0.08369	0.16030	0.01570	0.00860	0.00234	0.00350	0.01377	0.00777	0.00671
14	0.01694	0.09704	0.10673	0.01378	0.01772	0.10557	0.01234	0.05081	0.03812	0.06663	0.21892	0.03172	0.06346	0.04994	0.01044	0.00250	0.07471	0.00855	0.00558	0.00851
15	0.02405	0.01795	0.01950	0.01549	0.02015	0.02010	0.01253	0.49579	0.08926	0.03932	0.01887	0.02129	0.01460	0.07337	0.01069	0.00267	0.04662	0.00705	0.03960	0.01111
16	0.66262	0.01331	0.01108	0.00979	0.01411	0.01498	0.00800	0.02176	0.01380	0.08503	0.07554	0.01679	0.01433	0.00768	0.00510	0.00225	0.00546	0.00506	0.00518	0.00813
17	0.00884	0.00638	0.00838	0.00998	0.01051	0.00592	0.00669	0.01014	0.01405	0.01861	0.04176	0.70601	0.08076	0.02255	0.00924	0.00293	0.00419	0.02040	0.00675	0.00592
18	0.01675	0.02210	0.13824	0.02886	0.03648	0.01828	0.55988	0.02307	0.01672	0.02307	0.01431	0.01888	0.01072	0.00644	0.00879	0.00245	0.03345	0.00805	0.00357	0.00988
19	0.01784	0.01373	0.01577	0.01199	0.01752	0.01227	0.00957	0.13650	0.06553	0.06316	0.07965	0.02134	0.01802	0.02675	0.00708	0.00170	0.00578	0.00612	0.00563	0.46407
20	0.55444	0.08165	0.01466	0.01100	0.01545	0.05474	0.00915	0.02295	0.03241	0.07933	0.03518	0.01481	0.01133	0.00746	0.00567	0.00220	0.02958	0.00473	0.00482	0.00843
21	0.05006	0.01397	0.01617	0.01489	0.05356	0.01483	0.01118	0.14675	0.23560	0.10664	0.15223	0.03261	0.04502	0.01080	0.00757	0.00234	0.00591	0.04093	0.00721	0.03173
22	0.01772	0.08617	0.05252	0.21669	0.38088	0.05310	0.02025	0.04742	0.01671	0.02232	0.01315	0.01740	0.01067	0.00681	0.00694	0.00216	0.00911	0.00610	0.00359	0.01026
23	0.68529	0.01342	0.01119	0.04770	0.01569	0.01547	0.00844	0.02055	0.01321	0.03156	0.07043	0.01594	0.01330	0.00749	0.00500	0.00226	0.00565	0.00488	0.00474	0.00779
24	0.31549	0.05287	0.05286	0.01260	0.01671	0.03830	0.04111	0.07838	0.01609	0.02822	0.05259	0.02234	0.07547	0.00911	0.00759	0.00226	0.07398	0.00652	0.08923	0.00829

[dist]
# distance from previous block
# <min> <max>
0	1

[block]
# block no. 6 follows, 28 sequences, length 78
# corresponding to MSA columns:
# 256-333
name=unknown_G
#
# <colnr> <probs for GDERKNQSTAVLIFYWHMCP>
#	G	D	E	R	K	N	Q	S	T	A	V	L	I	F	Y	W	H	M	C	P
0	0.01920	0.60394	0.13297	0.01400	0.02072	0.06834	0.01460	0.02238	0.01520	0.01799	0.01060	0.01228	0.00931	0.00639	0.00510	0.00168	0.00852	0.00415	0.00314	0.00948
1	0.01718	0.01873	0.02985	0.02331	0.02669	0.08548	0.27986	0.02067	0.01448	0.01982	0.01231	0.01781	0.01059	0.01181	0.05308	0.00322	0.33582	0.00717	0.00347	0.00866
2	0.01772	0.01754	0.03155	0.06248	0.56750	0.01743	0.13286	0.02236	0.01659	0.02352	0.01383	0.01831	0.01138	0.00644	0.00743	0.00222	0.00928	0.00683	0.00360	0.01112
3	0.03247	0.01261	0.01701	0.01304	0.01867	0.01103	0.01078	0.05425	0.02120	0.68485	0.02835	0.02453	0.01783	0.00899	0.00731	0.00225	0.00624	0.00729	0.00895	0.01237
