[name]
unknown

[dist]
# distance from previous block
# <min> <max>
3	62

[block]
# block no. 0 follows, 30 sequences, length 6
# corresponding to MSA columns:
# 63-68
name=unknown_A
#
# <colnr> <probs for GDERKNQSTAVLIFYWHMCP>
#	G	D	E	R	K	N	Q	S	T	A	V	L	I	F	Y	W	H	M	C	P
0	0.14071	0.01408	0.07970	0.01954	0.17444	0.01226	0.04735	0.02009	0.01570	0.12356	0.10655	0.07576	0.02281	0.01078	0.00828	0.04963	0.00666	0.05816	0.00524	0.00871
1	0.01723	0.01493	0.05276	0.15901	0.15878	0.05047	0.01459	0.08383	0.01669	0.07009	0.01600	0.01946	0.01246	0.00920	0.03227	0.00239	0.06391	0.00616	0.16675	0.03302
2	0.11887	0.29260	0.06513	0.04870	0.01966	0.13383	0.01228	0.07041	0.07471	0.02264	0.01331	0.01485	0.01076	0.00696	0.00543	0.00184	0.00780	0.00482	0.06654	0.00885
3	0.01302	0.01106	0.01148	0.01053	0.01333	0.05709	0.00790	0.08505	0.05193	0.02333	0.12139	0.23337	0.18822	0.01444	0.00765	0.00221	0.00503	0.01237	0.00617	0.12445
4	0.01650	0.01687	0.02508	0.14567	0.06138	0.10072	0.21565	0.07216	0.01687	0.02184	0.06202	0.07664	0.01708	0.03255	0.01006	0.00249	0.08559	0.00821	0.00421	0.00841
5	0.10584	0.00862	0.00965	0.03858	0.01200	0.00893	0.00675	0.06368	0.01398	0.02037	0.05496	0.24325	0.08056	0.28202	0.01765	0.00403	0.00561	0.01217	0.00536	0.00599

[dist]
# distance from previous block
# <min> <max>
18	35

[block]
# block no. 1 follows, 30 sequences, length 8
# corresponding to MSA columns:
# 105-112
name=unknown_B
#
# <colnr> <probs for GDERKNQSTAVLIFYWHMCP>
#	G	D	E	R	K	N	Q	S	T	A	V	L	I	F	Y	W	H	M	C	P
0	0.02143	0.01537	0.01747	0.03346	0.01917	0.01623	0.01140	0.37687	0.02450	0.09139	0.02208	0.05043	0.06493	0.03878	0.00887	0.00228	0.04233	0.02540	0.00628	0.11134
1	0.01846	0.01749	0.02307	0.27312	0.23934	0.09703	0.01797	0.14441	0.01851	0.02405	0.01307	0.01700	0.01027	0.00732	0.00776	0.00219	0.04940	0.00602	0.00398	0.00955
2	0.12484	0.01728	0.17810	0.06791	0.07948	0.01310	0.01472	0.02228	0.07814	0.12831	0.02176	0.12539	0.01937	0.01044	0.00705	0.00239	0.00706	0.06800	0.00524	0.00912
3	0.01952	0.04919	0.01970	0.14284	0.12330	0.30871	0.01424	0.05727	0.01792	0.02029	0.01831	0.02195	0.07010	0.00834	0.00664	0.00201	0.00938	0.02597	0.05597	0.00835
4	0.01527	0.01461	0.02462	0.24408	0.31956	0.01595	0.07492	0.02021	0.05111	0.02094	0.01545	0.05085	0.01341	0.00810	0.00828	0.00232	0.05679	0.03046	0.00375	0.00931
5	0.06468	0.03904	0.10481	0.12356	0.16087	0.09024	0.07308	0.11075	0.06327	0.02473	0.01736	0.02070	0.04531	0.00783	0.00687	0.00217	0.00868	0.02218	0.00433	0.00954
6	0.01162	0.00808	0.00981	0.00973	0.01079	0.00817	0.00666	0.09212	0.01515	0.02047	0.10927	0.29112	0.03493	0.24653	0.04157	0.05343	0.00584	0.01308	0.00569	0.00594
7	0.02156	0.01614	0.01754	0.01393	0.01864	0.01723	0.01117	0.43912	0.08346	0.03586	0.01928	0.07355	0.01595	0.04995	0.00840	0.00228	0.00672	0.00737	0.03219	0.10967

[dist]
# distance from previous block
# <min> <max>
4	7

[block]
# block no. 2 follows, 30 sequences, length 6
# corresponding to MSA columns:
# 120-125
name=unknown_C
#
# <colnr> <probs for GDERKNQSTAVLIFYWHMCP>
#	G	D	E	R	K	N	Q	S	T	A	V	L	I	F	Y	W	H	M	C	P
0	0.01562	0.01434	0.05036	0.29925	0.09206	0.01413	0.09794	0.06211	0.01627	0.06681	0.01944	0.04502	0.06755	0.00807	0.00706	0.00214	0.00812	0.00734	0.00429	0.10208
1	0.06138	0.06575	0.02103	0.16438	0.02643	0.21552	0.01422	0.29497	0.02319	0.02889	0.01344	0.01538	0.01016	0.00752	0.00651	0.00203	0.00924	0.00550	0.00488	0.00959
2	0.11196	0.36872	0.13170	0.01413	0.02022	0.10632	0.01388	0.11971	0.01739	0.02314	0.01129	0.01272	0.00921	0.00663	0.00536	0.00180	0.00829	0.00442	0.00379	0.00932
3	0.01455	0.01143	0.01471	0.05559	0.01699	0.01275	0.01038	0.15138	0.01602	0.02254	0.01666	0.02385	0.01501	0.09799	0.32515	0.00649	0.07626	0.00689	0.00440	0.10099
4	0.01340	0.00976	0.01188	0.01144	0.01409	0.00972	0.00919	0.04142	0.14116	0.06136	0.17496	0.10845	0.09192	0.01465	0.00818	0.00251	0.00511	0.20306	0.00680	0.06093
5	0.08352	0.03985	0.02085	0.14268	0.10649	0.19090	0.03816	0.17432	0.01981	0.02594	0.01347	0.01619	0.01049	0.00737	0.00686	0.00205	0.02878	0.00563	0.05749	0.00916

[dist]
# distance from previous block
# <min> <max>
19	33

[block]
# block no. 3 follows, 30 sequences, length 9
# corresponding to MSA columns:
# 160-168
name=unknown_D
#
# <colnr> <probs for GDERKNQSTAVLIFYWHMCP>
#	G	D	E	R	K	N	Q	S	T	A	V	L	I	F	Y	W	H	M	C	P
0	0.06932	0.14326	0.05483	0.01680	0.06827	0.27008	0.01313	0.11672	0.01971	0.07445	0.07614	0.01771	0.01521	0.00777	0.00626	0.00191	0.00889	0.00565	0.00471	0.00918
1	0.08942	0.01462	0.01445	0.01376	0.05834	0.10137	0.00968	0.17143	0.01849	0.05865	0.02192	0.10513	0.05382	0.15930	0.02811	0.00324	0.00727	0.00851	0.02732	0.03518
2	0.01482	0.14497	0.11933	0.06651	0.04231	0.03467	0.06265	0.02046	0.09319	0.03676	0.13342	0.05811	0.06468	0.01012	0.00781	0.00221	0.04269	0.03182	0.00490	0.00857
3	0.05228	0.06798	0.01622	0.01350	0.04014	0.01545	0.01030	0.12988	0.28783	0.05602	0.03091	0.11030	0.11743	0.01132	0.00712	0.00228	0.00566	0.00937	0.00644	0.00956
4	0.01353	0.01271	0.04884	0.01376	0.01631	0.06249	0.08580	0.09403	0.01658	0.02167	0.05751	0.36664	0.03145	0.04381	0.01034	0.04813	0.00655	0.03716	0.00559	0.00710
5	0.01620	0.08636	0.12086	0.04941	0.06734	0.06886	0.28138	0.02083	0.01537	0.02062	0.01379	0.04351	0.01153	0.00867	0.03388	0.00245	0.04788	0.00688	0.00353	0.08065
6	0.01835	0.05254	0.01618	0.01205	0.01677	0.08506	0.00959	0.12001	0.03613	0.08909	0.05383	0.04841	0.03985	0.04000	0.02679	0.00211	0.00673	0.00656	0.00529	0.31466
7	0.01537	0.01690	0.08898	0.30383	0.35715	0.01620	0.06090	0.02017	0.01508	0.02082	0.01286	0.01764	0.01016	0.00652	0.00699	0.00220	0.00907	0.00624	0.00328	0.00963
8	0.01582	0.01414	0.01955	0.01623	0.08253	0.01214	0.09567	0.05786	0.05122	0.02424	0.01376	0.01600	0.01109	0.00576	0.00592	0.00142	0.00645	0.00516	0.00431	0.54073

[dist]
# distance from previous block
# <min> <max>
0	1

[block]
# block no. 4 follows, 30 sequences, length 69
# corresponding to MSA columns:
# 170-238
name=unknown_E
#
# <colnr> <probs for GDERKNQSTAVLIFYWHMCP>
#	G	D	E	R	K	N	Q	S	T	A	V	L	I	F	Y	W	H	M	C	P
0	0.01768	0.01330	0.02012	0.08701	0.08912	0.01376	0.10553	0.11644	0.06729	0.10859	0.02320	0.03606	0.02064	0.03449	0.04483	0.00306	0.00829	0.17587	0.00562	0.00910
1	0.01012	0.00688	0.00819	0.00819	0.00840	0.00708	0.00496	0.01052	0.01032	0.01396	0.02145	0.04271	0.02409	0.64112	0.14740	0.00749	0.00869	0.00972	0.00415	0.00455
2	0.01421	0.01474	0.05558	0.52481	0.16517	0.01590	0.07267	0.01902	0.01453	0.01927	0.01267	0.01821	0.00970	0.00674	0.00705	0.00228	0.00936	0.00632	0.00319	0.00859
3	0.02607	0.03326	0.01978	0.01798	0.02157	0.72674	0.01348	0.02787	0.01978	0.01708	0.01079	0.01258	0.00899	0.00719	0.00629	0.00180	0.01258	0.00449	0.00360	0.00809
4	0.01337	0.01259	0.02127	0.70610	0.07848	0.01555	0.01947	0.01799	0.01404	0.01806	0.01244	0.01854	0.00938	0.00694	0.00697	0.00231	0.00926	0.00620	0.00312	0.00790
5	0.01013	0.00683	0.00795	0.00795	0.00806	0.00695	0.00465	0.01036	0.01025	0.01378	0.02168	0.04396	0.02463	0.68919	0.10007	0.00718	0.00788	0.00990	0.00418	0.00442
6	0.00863	0.00616	0.00824	0.00986	0.01032	0.00578	0.00670	0.00994	0.01349	0.01796	0.03839	0.71905	0.04588	0.02174	0.00894	0.00285	0.00416	0.04974	0.00648	0.00570
7	0.02273	0.24967	0.02435	0.01560	0.01983	0.43659	0.01269	0.04952	0.01815	0.01797	0.01336	0.01488	0.04090	0.00749	0.00634	0.00178	0.03129	0.00484	0.00365	0.00838
8	0.00998	0.00669	0.00766	0.00783	0.00787	0.00665	0.00446	0.01010	0.01048	0.01397	0.02369	0.11827	0.02751	0.67923	0.03278	0.00636	0.00649	0.01115	0.00446	0.00438
9	0.01143	0.00751	0.00984	0.00918	0.01111	0.00689	0.00703	0.01463	0.01948	0.07670	0.60902	0.05177	0.08002	0.01420	0.00821	0.00224	0.00363	0.04252	0.00766	0.00694
10	0.01334	0.01257	0.02123	0.70993	0.07482	0.01555	0.01946	0.01797	0.01403	0.01803	0.01243	0.01855	0.00937	0.00695	0.00697	0.00232	0.00926	0.00620	0.00312	0.00789
11	0.00888	0.00655	0.00803	0.00896	0.00989	0.00604	0.00619	0.01027	0.01397	0.01813	0.07407	0.42950	0.19685	0.11708	0.01228	0.00323	0.00439	0.05384	0.00623	0.00561
12	0.44172	0.01655	0.01519	0.03345	0.01805	0.04122	0.01040	0.29021	0.02065	0.03557	0.01267	0.01378	0.00940	0.00728	0.00554	0.00213	0.00667	0.00488	0.00533	0.00932
13	0.02600	0.01929	0.02065	0.01595	0.02144	0.02140	0.01314	0.65081	0.07081	0.04313	0.01742	0.01728	0.01241	0.00844	0.00699	0.00211	0.00756	0.00637	0.00699	0.01182
14	0.00972	0.00707	0.00915	0.00875	0.01036	0.00650	0.00652	0.01283	0.01921	0.02698	0.64014	0.09266	0.09419	0.01486	0.00827	0.00224	0.00335	0.01313	0.00756	0.00650
15	0.00880	0.00658	0.00791	0.00858	0.00967	0.00598	0.00589	0.01031	0.01458	0.01898	0.13534	0.37809	0.23773	0.10432	0.01170	0.00306	0.00411	0.01628	0.00638	0.00569
16	0.02467	0.16982	0.02294	0.01684	0.02088	0.59518	0.01319	0.02655	0.01872	0.01695	0.01058	0.01232	0.00898	0.00696	0.00595	0.00174	0.01162	0.00435	0.00348	0.00825
17	0.09947	0.02931	0.04632	0.01681	0.02088	0.53683	0.01320	0.06352	0.07244	0.02105	0.01245	0.01382	0.00996	0.00734	0.00622	0.00191	0.01099	0.00481	0.00410	0.00856
18	0.03131	0.01188	0.01619	0.01242	0.01781	0.01026	0.01026	0.03401	0.01997	0.71606	0.02753	0.02375	0.01727	0.00864	0.00702	0.00216	0.00594	0.00702	0.00864	0.01188
19	0.03131	0.01188	0.01619	0.01242	0.01781	0.01026	0.01026	0.03401	0.01997	0.71606	0.02753	0.02375	0.01727	0.00864	0.00702	0.00216	0.00594	0.00702	0.00864	0.01188
20	0.01400	0.03610	0.71860	0.01989	0.03020	0.01621	0.02578	0.02210	0.01473	0.02210	0.01252	0.01473	0.00884	0.00663	0.00663	0.00221	0.01031	0.00516	0.00295	0.01031
21	0.02400	0.01805	0.02049	0.11123	0.02471	0.02023	0.01386	0.56826	0.02932	0.03924	0.01627	0.01749	0.01179	0.01022	0.04018	0.00255	0.00840	0.00633	0.00632	0.01106
22	0.01015	0.00677	0.00761	0.00761	0.00761	0.00677	0.00423	0.01015	0.01015	0.01353	0.02199	0.04567	0.02537	0.75476	0.03552	0.00677	0.00677	0.01015	0.00423	0.00423
23	0.01015	0.00677	0.00761	0.00761	0.00761	0.00677	0.00423	0.01015	0.01015	0.01353	0.02199	0.04567	0.02537	0.75476	0.03552	0.00677	0.00677	0.01015	0.00423	0.00423
24	0.01727	0.01658	0.02832	0.04283	0.71123	0.01658	0.02142	0.02142	0.01589	0.02280	0.01313	0.01727	0.01105	0.00622	0.00691	0.00207	0.00829	0.00622	0.00345	0.01105
25	0.02653	0.01955	0.02094	0.01606	0.02164	0.02164	0.01326	0.68796	0.03281	0.04398	0.01675	0.01675	0.01187	0.00838	0.00698	0.00209	0.00768	0.00628	0.00698	0.01187
26	0.01400	0.03610	0.71860	0.01989	0.03020	0.01621	0.02578	0.02210	0.01473	0.02210	0.01252	0.01473	0.00884	0.00663	0.00663	0.00221	0.01031	0.00516	0.00295	0.01031
27	0.00839	0.00711	0.00726	0.00734	0.00966	0.00599	0.00558	0.01022	0.01591	0.01894	0.06914	0.06769	0.67758	0.01775	0.00831	0.00240	0.00367	0.04468	0.00648	0.00592
28	0.01318	0.01240	0.02093	0.73798	0.04806	0.01550	0.01938	0.01783	0.01395	0.01783	0.01240	0.01860	0.00930	0.00698	0.00698	0.00233	0.00930	0.00620	0.00310	0.00775
29	0.01318	0.01240	0.02093	0.73798	0.04806	0.01550	0.01938	0.01783	0.01395	0.01783	0.01240	0.01860	0.00930	0.00698	0.00698	0.00233	0.00930	0.00620	0.00310	0.00775
30	0.01318	0.01240	0.02093	0.73798	0.04806	0.01550	0.01938	0.01783	0.01395	0.01783	0.01240	0.01860	0.00930	0.00698	0.00698	0.00233	0.00930	0.00620	0.00310	0.00775
31	0.00850	0.00607	0.00810	0.00972	0.01012	0.00567	0.00648	0.00972	0.01336	0.01781	0.03846	0.75020	0.04615	0.02186	0.00891	0.00283	0.00405	0.01984	0.00648	0.00567
32	0.01025	0.00676	0.00757	0.00757	0.00763	0.00676	0.00425	0.01037	0.01031	0.01398	0.02202	0.04495	0.02510	0.72768	0.03441	0.00658	0.00664	0.01002	0.03285	0.00431
33	0.00993	0.00717	0.00940	0.00893	0.01057	0.00664	0.00675	0.01322	0.01962	0.02773	0.68336	0.05308	0.06492	0.01445	0.00828	0.00223	0.00341	0.03612	0.00764	0.00658
34	0.01736	0.01499	0.01578	0.01420	0.01815	0.01736	0.01105	0.03708	0.69862	0.02919	0.02840	0.02604	0.02130	0.00947	0.00710	0.00237	0.00552	0.00789	0.00710	0.01105
35	0.03131	0.01188	0.01619	0.01242	0.01781	0.01026	0.01026	0.03401	0.01997	0.71606	0.02753	0.02375	0.01727	0.00864	0.00702	0.00216	0.00594	0.00702	0.00864	0.01188
36	0.01130	0.00747	0.00941	0.00899	0.01100	0.00674	0.00683	0.01403	0.01823	0.08339	0.42458	0.11428	0.19659	0.01540	0.00825	0.00233	0.00378	0.04326	0.00734	0.00680
37	0.00850	0.00607	0.00810	0.00972	0.01012	0.00567	0.00648	0.00972	0.01336	0.01781	0.03846	0.75020	0.04615	0.02186	0.00891	0.00283	0.00405	0.01984	0.00648	0.00567
38	0.00836	0.00664	0.00752	0.00822	0.00973	0.00579	0.00581	0.00989	0.01480	0.01840	0.05669	0.36399	0.42060	0.01949	0.00853	0.00256	0.00376	0.01695	0.00648	0.00579
39	0.00979	0.00713	0.00921	0.00869	0.01037	0.00655	0.00652	0.01300	0.01955	0.02750	0.67371	0.05292	0.09998	0.01445	0.00823	0.00220	0.00331	0.01273	0.00762	0.00655
40	0.00865	0.00703	0.00772	0.00806	0.01005	0.00610	0.00609	0.01056	0.01579	0.01939	0.09707	0.15772	0.52340	0.01820	0.00847	0.00249	0.00386	0.07686	0.00654	0.00595
41	0.02653	0.01955	0.02094	0.01606	0.02164	0.02164	0.01326	0.68796	0.03281	0.04398	0.01675	0.01675	0.01187	0.00838	0.00698	0.00209	0.00768	0.00628	0.00698	0.01187
42	0.01318	0.01240	0.02093	0.73798	0.04806	0.01550	0.01938	0.01783	0.01395	0.01783	0.01240	0.01860	0.00930	0.00698	0.00698	0.00233	0.00930	0.00620	0.00310	0.00775
43	0.00936	0.00707	0.00864	0.00834	0.01013	0.00635	0.00622	0.01214	0.01841	0.02500	0.50108	0.08453	0.24612	0.01553	0.00826	0.00227	0.00339	0.01351	0.00729	0.00635
44	0.80405	0.01350	0.01026	0.00918	0.01350	0.01565	0.00756	0.02051	0.01188	0.03131	0.00972	0.01134	0.00756	0.00648	0.00432	0.00216	0.00540	0.00378	0.00432	0.00756
45	0.00997	0.00748	0.01121	0.01121	0.01246	0.00872	0.00872	0.01246	0.01121	0.01620	0.01869	0.02741	0.01745	0.05234	0.72710	0.01121	0.01869	0.00748	0.00374	0.00623
46	0.01013	0.00684	0.00797	0.00797	0.00810	0.00696	0.00468	0.01038	0.01025	0.01380	0.02166	0.04384	0.02458	0.68440	0.10479	0.00721	0.00796	0.00988	0.00418	0.00443
47	0.00825	0.00707	0.00707	0.00707	0.00943	0.00589	0.00530	0.01001	0.01591	0.01885	0.07069	0.06716	0.70839	0.01767	0.00825	0.00236	0.00353	0.01473	0.00648	0.00589
48	0.01447	0.01240	0.01447	0.01034	0.01654	0.00930	0.00827	0.01757	0.01447	0.02274	0.01240	0.01447	0.01034	0.00517	0.00517	0.00103	0.00517	0.00413	0.00413	0.79742
49	0.00861	0.00615	0.00822	0.00984	0.01029	0.00576	0.00667	0.00990	0.01347	0.01794	0.03840	0.72358	0.04592	0.02176	0.00894	0.00285	0.00414	0.04539	0.00648	0.00570
50	0.01447	0.01240	0.01447	0.01034	0.01654	0.00930	0.00827	0.01757	0.01447	0.02274	0.01240	0.01447	0.01034	0.00517	0.00517	0.00103	0.00517	0.00413	0.00413	0.79742
51	0.80405	0.01350	0.01026	0.00918	0.01350	0.01565	0.00756	0.02051	0.01188	0.03131	0.00972	0.01134	0.00756	0.00648	0.00432	0.00216	0.00540	0.00378	0.00432	0.00756
52	0.01013	0.00682	0.00789	0.00789	0.00799	0.00692	0.00458	0.01033	0.01023	0.01374	0.02173	0.04424	0.02475	0.69993	0.08950	0.00711	0.00770	0.00994	0.00419	0.00438
53	0.01866	0.75896	0.03657	0.01194	0.01791	0.02761	0.01194	0.02090	0.01418	0.01642	0.00970	0.01119	0.00896	0.00597	0.00448	0.00149	0.00746	0.00373	0.00299	0.00896
54	0.01318	0.01240	0.02093	0.73798	0.04806	0.01550	0.01938	0.01783	0.01395	0.01783	0.01240	0.01860	0.00930	0.00698	0.00698	0.00233	0.00930	0.00620	0.00310	0.00775
55	0.01354	0.01278	0.02159	0.67576	0.10742	0.01560	0.01956	0.01815	0.01413	0.01827	0.01247	0.01849	0.00946	0.00691	0.00697	0.00230	0.00921	0.00620	0.00313	0.00805
56	0.00955	0.00634	0.00847	0.00984	0.01048	0.00588	0.00665	0.01084	0.01367	0.05001	0.03796	0.71671	0.04482	0.02125	0.00882	0.00280	0.00414	0.01925	0.00658	0.00595
57	0.00885	0.00724	0.00790	0.00816	0.01035	0.00630	0.00640	0.01094	0.01611	0.01962	0.09374	0.06850	0.56207	0.01780	0.00849	0.00250	0.00403	0.12846	0.00653	0.00602
58	0.01462	0.01254	0.01454	0.01054	0.01662	0.00973	0.00842	0.01861	0.05082	0.02308	0.01325	0.01508	0.01092	0.00540	0.00527	0.00110	0.00519	0.00433	0.00429	0.75563
59	0.01553	0.02411	0.26772	0.06508	0.09722	0.01695	0.36621	0.02194	0.01570	0.02207	0.01340	0.01729	0.00997	0.00622	0.00750	0.00228	0.01082	0.00690	0.00330	0.00978
60	0.01933	0.69267	0.03503	0.01249	0.01824	0.09147	0.01208	0.02153	0.01469	0.01648	0.00980	0.01132	0.00896	0.00608	0.00464	0.00152	0.00793	0.00380	0.00304	0.00888
61	0.00997	0.00748	0.01121	0.01121	0.01246	0.00872	0.00872	0.01246	0.01121	0.01620	0.01869	0.02741	0.01745	0.05234	0.72710	0.01121	0.01869	0.00748	0.00374	0.00623
62	0.00863	0.00616	0.00824	0.00986	0.01032	0.00578	0.00670	0.00994	0.01349	0.01796	0.03839	0.71905	0.04588	0.02174	0.00894	0.00285	0.00416	0.04974	0.00648	0.00570
63	0.02479	0.01848	0.02020	0.05679	0.02250	0.02045	0.01319	0.61369	0.03084	0.04115	0.01937	0.01954	0.04873	0.00879	0.00705	0.00212	0.00755	0.00673	0.00673	0.01131
64	0.01015	0.00677	0.00761	0.00761	0.00761	0.00677	0.00423	0.01015	0.01015	0.01353	0.02199	0.04567	0.02537	0.75476	0.03552	0.00677	0.00677	0.01015	0.00423	0.00423
65	0.05334	0.00777	0.00968	0.00893	0.01100	0.00726	0.00679	0.01469	0.01911	0.07157	0.58723	0.04908	0.09977	0.01371	0.00795	0.00220	0.00359	0.01192	0.00749	0.00693
66	0.02653	0.01955	0.02094	0.01606	0.02164	0.02164	0.01326	0.68796	0.03281	0.04398	0.01675	0.01675	0.01187	0.00838	0.00698	0.00209	0.00768	0.00628	0.00698	0.01187
67	0.75016	0.01371	0.01149	0.01148	0.06128	0.01572	0.00851	0.02057	0.01215	0.03073	0.00995	0.01174	0.00780	0.00646	0.00450	0.00215	0.00560	0.00395	0.00426	0.00780
68	0.02694	0.01889	0.02054	0.01574	0.02131	0.02067	0.01301	0.63204	0.03171	0.10145	0.01768	0.01735	0.01233	0.00840	0.00698	0.00210	0.00753	0.00635	0.00712	0.01187

[dist]
# distance from previous block
# <min> <max>
0	1

[block]
# block no. 5 follows, 30 sequences, length 85
# corresponding to MSA columns:
# 240-324
name=unknown_F
#
# <colnr> <probs for GDERKNQSTAVLIFYWHMCP>
#	G	D	E	R	K	N	Q	S	T	A	V	L	I	F	Y	W	H	M	C	P
0	0.01311	0.00785	0.01037	0.00933	0.01154	0.00714	0.00714	0.01632	0.01979	0.13193	0.60481	0.04784	0.05851	0.01342	0.00805	0.00219	0.00369	0.01177	0.00783	0.00738
1	0.01799	0.53080	0.18244	0.01536	0.05165	0.06236	0.01543	0.02155	0.01468	0.01796	0.01052	0.01230	0.00903	0.00619	0.00515	0.00169	0.00839	0.00419	0.00303	0.00930
2	0.01462	0.08634	0.59121	0.02041	0.03004	0.01720	0.10089	0.02204	0.01489	0.02172	0.01250	0.01495	0.00905	0.00650	0.00666	0.00217	0.01027	0.00541	0.00302	0.01011
3	0.00850	0.00607	0.00810	0.00972	0.01012	0.00567	0.00648	0.00972	0.01336	0.01781	0.03846	0.75020	0.04615	0.02186	0.00891	0.00283	0.00405	0.01984	0.00648	0.00567
4	0.80405	0.01350	0.01026	0.00918	0.01350	0.01565	0.00756	0.02051	0.01188	0.03131	0.00972	0.01134	0.00756	0.00648	0.00432	0.00216	0.00540	0.00378	0.00432	0.00756
5	0.01765	0.60300	0.18371	0.01366	0.02056	0.02515	0.01493	0.02116	0.01430	0.01764	0.01031	0.01196	0.00893	0.00611	0.00494	0.00165	0.00808	0.00404	0.00298	0.00925
6	0.01271	0.00887	0.01007	0.00954	0.01060	0.00916	0.00634	0.12493	0.01467	0.01958	0.02410	0.14793	0.02673	0.49253	0.02578	0.00526	0.00650	0.03376	0.00511	0.00581
7	0.17567	0.01503	0.01573	0.01327	0.01783	0.01664	0.01065	0.15545	0.32539	0.14740	0.02241	0.02103	0.01616	0.00854	0.00652	0.00224	0.00597	0.00664	0.00679	0.01065
8	0.04862	0.01266	0.01560	0.01189	0.01744	0.01110	0.00968	0.05707	0.06555	0.38168	0.02142	0.02006	0.01465	0.00744	0.00631	0.00179	0.00571	0.00596	0.00679	0.27858
9	0.01420	0.06799	0.68851	0.01954	0.02966	0.01671	0.02517	0.02205	0.01471	0.02185	0.01240	0.01458	0.00884	0.00660	0.00653	0.00218	0.01019	0.00509	0.00295	0.01025
10	0.00855	0.00634	0.00800	0.00930	0.01013	0.00579	0.00641	0.00994	0.01396	0.01813	0.04485	0.59052	0.17825	0.02094	0.00880	0.00275	0.00403	0.04110	0.00648	0.00574
11	0.01727	0.01658	0.02832	0.04283	0.71123	0.01658	0.02142	0.02142	0.01589	0.02280	0.01313	0.01727	0.01105	0.00622	0.00691	0.00207	0.00829	0.00622	0.00345	0.01105
12	0.00890	0.00636	0.00856	0.01018	0.01076	0.00601	0.00718	0.01041	0.01376	0.01826	0.03824	0.65196	0.04528	0.02148	0.00901	0.00289	0.00440	0.11412	0.00647	0.00578
13	0.02653	0.01955	0.02094	0.01606	0.02164	0.02164	0.01326	0.68796	0.03281	0.04398	0.01675	0.01675	0.01187	0.00838	0.00698	0.00209	0.00768	0.00628	0.00698	0.01187
14	0.00896	0.00633	0.00790	0.00896	0.00936	0.00600	0.00576	0.00986	0.01257	0.01663	0.03549	0.50816	0.07704	0.23382	0.01657	0.00395	0.00481	0.01675	0.00583	0.00526
15	0.01015	0.00677	0.00761	0.00761	0.00761	0.00677	0.00423	0.01015	0.01015	0.01353	0.02199	0.04567	0.02537	0.75476	0.03552	0.00677	0.00677	0.01015	0.00423	0.00423
16	0.01647	0.01882	0.04118	0.02941	0.03647	0.01765	0.68588	0.02235	0.01647	0.02235	0.01412	0.01882	0.01059	0.00588	0.00824	0.00235	0.01176	0.00824	0.00353	0.00941
17	0.00850	0.00607	0.00810	0.00972	0.01012	0.00567	0.00648	0.00972	0.01336	0.01781	0.03846	0.75020	0.04615	0.02186	0.00891	0.00283	0.00405	0.01984	0.00648	0.00567
18	0.80405	0.01350	0.01026	0.00918	0.01350	0.01565	0.00756	0.02051	0.01188	0.03131	0.00972	0.01134	0.00756	0.00648	0.00432	0.00216	0.00540	0.00378	0.00432	0.00756
19	0.00856	0.00692	0.00762	0.00779	0.00971	0.00597	0.00571	0.01050	0.01614	0.02023	0.17322	0.17576	0.49190	0.01778	0.00835	0.00241	0.00358	0.01520	0.00668	0.00597
20	0.02653	0.01955	0.02094	0.01606	0.02164	0.02164	0.01326	0.68796	0.03281	0.04398	0.01675	0.01675	0.01187	0.00838	0.00698	0.00209	0.00768	0.00628	0.00698	0.01187
21	0.01447	0.01240	0.01447	0.01034	0.01654	0.00930	0.00827	0.01757	0.01447	0.02274	0.01240	0.01447	0.01034	0.00517	0.00517	0.00103	0.00517	0.00413	0.00413	0.79742
22	0.01642	0.01867	0.04029	0.02892	0.03566	0.01781	0.65600	0.02211	0.01621	0.02211	0.01390	0.01867	0.01052	0.00616	0.00889	0.00238	0.04430	0.00814	0.00351	0.00933
23	0.00825	0.00707	0.00707	0.00707	0.00943	0.00589	0.00530	0.01001	0.01591	0.01885	0.07069	0.06716	0.70839	0.01767	0.00825	0.00236	0.00353	0.01473	0.00648	0.00589
24	0.01607	0.00859	0.01053	0.00929	0.01238	0.00743	0.00723	0.01840	0.01782	0.24717	0.17661	0.09009	0.32211	0.01433	0.00788	0.00229	0.00430	0.01212	0.00741	0.00796
25	0.03131	0.01188	0.01619	0.01242	0.01781	0.01026	0.01026	0.03401	0.01997	0.71606	0.02753	0.02375	0.01727	0.00864	0.00702	0.00216	0.00594	0.00702	0.00864	0.01188
26	0.02653	0.01955	0.02094	0.01606	0.02164	0.02164	0.01326	0.68796	0.03281	0.04398	0.01675	0.01675	0.01187	0.00838	0.00698	0.00209	0.00768	0.00628	0.00698	0.01187
27	0.00825	0.00707	0.00707	0.00707	0.00943	0.00589	0.00530	0.01001	0.01591	0.01885	0.07069	0.06716	0.70839	0.01767	0.00825	0.00236	0.00353	0.01473	0.00648	0.00589
28	0.00853	0.00661	0.00777	0.00847	0.00985	0.00586	0.00598	0.01019	0.01510	0.01927	0.11881	0.38294	0.33713	0.01928	0.00855	0.00256	0.00375	0.01689	0.00660	0.00586
29	0.01124	0.00803	0.01124	0.01285	0.01446	0.00803	0.01124	0.01446	0.01606	0.02088	0.03695	0.07871	0.04016	0.01928	0.00964	0.00321	0.00643	0.66426	0.00643	0.00643
30	0.01647	0.01882	0.04118	0.02941	0.03647	0.01765	0.68588	0.02235	0.01647	0.02235	0.01412	0.01882	0.01059	0.00588	0.00824	0.00235	0.01176	0.00824	0.00353	0.00941
31	0.00982	0.00713	0.00924	0.00872	0.01039	0.00656	0.00654	0.01305	0.01961	0.02765	0.68394	0.05268	0.08966	0.01439	0.00823	0.00220	0.00330	0.01270	0.00764	0.00656
32	0.00857	0.00610	0.00808	0.00962	0.01001	0.00572	0.00638	0.00974	0.01322	0.01762	0.03773	0.71912	0.04524	0.05420	0.01008	0.00301	0.00417	0.01941	0.00638	0.00560
33	0.01363	0.00710	0.00717	0.00694	0.00875	0.00720	0.00526	0.04704	0.01547	0.02684	0.02249	0.02559	0.01761	0.00814	0.00497	0.00165	0.00345	0.00649	0.75745	0.00675
34	0.01460	0.01434	0.02064	0.01772	0.01811	0.01957	0.03538	0.01639	0.01094	0.01689	0.01059	0.01700	0.01031	0.01736	0.11629	0.00412	0.62274	0.00636	0.00316	0.00750
35	0.00966	0.00705	0.00908	0.00873	0.01033	0.00647	0.00649	0.01270	0.01901	0.02660	0.61417	0.10543	0.10802	0.01507	0.00828	0.00225	0.00337	0.01330	0.00751	0.00647
36	0.00918	0.00668	0.00865	0.00905	0.01022	0.00615	0.00645	0.01149	0.01679	0.02304	0.37988	0.34611	0.10495	0.01770	0.00852	0.00247	0.00363	0.01580	0.00709	0.00615
37	0.01447	0.01240	0.01447	0.01034	0.01654	0.00930	0.00827	0.01757	0.01447	0.02274	0.01240	0.01447	0.01034	0.00517	0.00517	0.00103	0.00517	0.00413	0.00413	0.79742
38	0.02653	0.01955	0.02094	0.01606	0.02164	0.02164	0.01326	0.68796	0.03281	0.04398	0.01675	0.01675	0.01187	0.00838	0.00698	0.00209	0.00768	0.00628	0.00698	0.01187
39	0.00850	0.00607	0.00810	0.00972	0.01012	0.00567	0.00648	0.00972	0.01336	0.01781	0.03846	0.75020	0.04615	0.02186	0.00891	0.00283	0.00405	0.01984	0.00648	0.00567
40	0.01077	0.00735	0.00952	0.00886	0.01071	0.00672	0.00668	0.01396	0.01956	0.05903	0.64262	0.05162	0.09769	0.01419	0.00818	0.00220	0.00343	0.01248	0.00766	0.00679
41	0.01724	0.01666	0.02875	0.04238	0.68872	0.01662	0.04358	0.02145	0.01591	0.02278	0.01316	0.01732	0.01104	0.00621	0.00695	0.00208	0.00841	0.00628	0.00346	0.01100
42	0.00850	0.00607	0.00810	0.00972	0.01012	0.00567	0.00648	0.00972	0.01336	0.01781	0.03846	0.75020	0.04615	0.02186	0.00891	0.00283	0.00405	0.01984	0.00648	0.00567
43	0.01318	0.01240	0.02093	0.73798	0.04806	0.01550	0.01938	0.01783	0.01395	0.01783	0.01240	0.01860	0.00930	0.00698	0.00698	0.00233	0.00930	0.00620	0.00310	0.00775
44	0.01727	0.01658	0.02832	0.04283	0.71123	0.01658	0.02142	0.02142	0.01589	0.02280	0.01313	0.01727	0.01105	0.00622	0.00691	0.00207	0.00829	0.00622	0.00345	0.01105
45	0.01400	0.03610	0.71860	0.01989	0.03020	0.01621	0.02578	0.02210	0.01473	0.02210	0.01252	0.01473	0.00884	0.00663	0.00663	0.00221	0.01031	0.00516	0.00295	0.01031
46	0.80405	0.01350	0.01026	0.00918	0.01350	0.01565	0.00756	0.02051	0.01188	0.03131	0.00972	0.01134	0.00756	0.00648	0.00432	0.00216	0.00540	0.00378	0.00432	0.00756
47	0.00850	0.00607	0.00810	0.00972	0.01012	0.00567	0.00648	0.00972	0.01336	0.01781	0.03846	0.75020	0.04615	0.02186	0.00891	0.00283	0.00405	0.01984	0.00648	0.00567
48	0.01866	0.75896	0.03657	0.01194	0.01791	0.02761	0.01194	0.02090	0.01418	0.01642	0.00970	0.01119	0.00896	0.00597	0.00448	0.00149	0.00746	0.00373	0.00299	0.00896
49	0.76308	0.01341	0.01057	0.00935	0.01372	0.01537	0.00770	0.02123	0.01231	0.06762	0.01066	0.01199	0.00807	0.00659	0.00446	0.00216	0.00543	0.00395	0.00455	0.00779
50	0.01598	0.01665	0.02367	0.01964	0.02068	0.05832	0.09586	0.01805	0.01186	0.01748	0.00984	0.01555	0.00932	0.01119	0.02026	0.00290	0.61546	0.00628	0.00314	0.00787
51	0.01411	0.03533	0.68842	0.02031	0.03048	0.01627	0.05519	0.02211	0.01481	0.02211	0.01259	0.01492	0.00892	0.00660	0.00670	0.00222	0.01038	0.00529	0.00297	0.01027
52	0.01727	0.01658	0.02832	0.04283	0.71123	0.01658	0.02142	0.02142	0.01589	0.02280	0.01313	0.01727	0.01105	0.00622	0.00691	0.00207	0.00829	0.00622	0.00345	0.01105
53	0.00825	0.00707	0.00707	0.00707	0.00943	0.00589	0.00530	0.01001	0.01591	0.01885	0.07069	0.06716	0.70839	0.01767	0.00825	0.00236	0.00353	0.01473	0.00648	0.00589
54	0.01727	0.01658	0.02832	0.04283	0.71123	0.01658	0.02142	0.02142	0.01589	0.02280	0.01313	0.01727	0.01105	0.00622	0.00691	0.00207	0.00829	0.00622	0.00345	0.01105
55	0.11914	0.01883	0.01967	0.01524	0.02067	0.02093	0.01258	0.60846	0.03032	0.04247	0.01592	0.01611	0.01135	0.00815	0.00666	0.00210	0.00741	0.00598	0.00666	0.01135
56	0.00997	0.00748	0.01121	0.01121	0.01246	0.00872	0.00872	0.01246	0.01121	0.01620	0.01869	0.02741	0.01745	0.05234	0.72710	0.01121	0.01869	0.00748	0.00374	0.00623
57	0.00825	0.00707	0.00707	0.00707	0.00943	0.00589	0.00530	0.01001	0.01591	0.01885	0.07069	0.06716	0.70839	0.01767	0.00825	0.00236	0.00353	0.01473	0.00648	0.00589
58	0.01212	0.00606	0.00909	0.00909	0.00909	0.00606	0.00606	0.00909	0.00909	0.01212	0.01212	0.02121	0.01212	0.02424	0.02727	0.79697	0.00606	0.00606	0.00303	0.00303
59	0.01212	0.00606	0.00909	0.00909	0.00909	0.00606	0.00606	0.00909	0.00909	0.01212	0.01212	0.02121	0.01212	0.02424	0.02727	0.79697	0.00606	0.00606	0.00303	0.00303
60	0.00991	0.00731	0.00878	0.00943	0.01129	0.00661	0.00741	0.01202	0.01559	0.04188	0.05328	0.20111	0.36417	0.01865	0.00874	0.00269	0.00455	0.20383	0.00653	0.00620
61	0.02653	0.01955	0.02094	0.01606	0.02164	0.02164	0.01326	0.68796	0.03281	0.04398	0.01675	0.01675	0.01187	0.00838	0.00698	0.00209	0.00768	0.00628	0.00698	0.01187
62	0.00891	0.00625	0.00798	0.00919	0.00949	0.00594	0.00592	0.00982	0.01256	0.01674	0.03435	0.57425	0.04096	0.20489	0.01555	0.00382	0.00473	0.01742	0.00592	0.00531
63	0.63833	0.01203	0.00968	0.00894	0.01245	0.01372	0.00704	0.01860	0.01193	0.02845	0.01339	0.06347	0.01228	0.08060	0.00769	0.00263	0.00534	0.00557	0.04079	0.00706
64	0.01015	0.00677	0.00761	0.00761	0.00761	0.00677	0.00423	0.01015	0.01015	0.01353	0.02199	0.04567	0.02537	0.75476	0.03552	0.00677	0.00677	0.01015	0.00423	0.00423
65	0.06689	0.01195	0.01592	0.01227	0.01761	0.01050	0.01013	0.03339	0.01960	0.68453	0.02671	0.02318	0.01683	0.00854	0.00689	0.00216	0.00591	0.00687	0.00844	0.01168
66	0.00881	0.00747	0.00768	0.00763	0.01002	0.00651	0.00579	0.01151	0.04748	0.01970	0.08963	0.06510	0.63423	0.01723	0.00824	0.00238	0.00371	0.03418	0.00655	0.00617
67	0.00917	0.00658	0.00873	0.00948	0.01043	0.00614	0.00673	0.01130	0.01603	0.02200	0.30508	0.44234	0.05374	0.01872	0.00867	0.00260	0.00385	0.04539	0.00696	0.00607
68	0.01400	0.03610	0.71860	0.01989	0.03020	0.01621	0.02578	0.02210	0.01473	0.02210	0.01252	0.01473	0.00884	0.00663	0.00663	0.00221	0.01031	0.00516	0.00295	0.01031
69	0.14098	0.01211	0.01535	0.01196	0.01720	0.01102	0.00987	0.03209	0.01882	0.61887	0.02500	0.02199	0.01589	0.00833	0.00663	0.00216	0.00586	0.00656	0.00802	0.01126
70	0.00876	0.00645	0.00820	0.00910	0.01008	0.00590	0.00632	0.01050	0.01513	0.02016	0.18696	0.49449	0.15315	0.01958	0.00866	0.00262	0.00381	0.01750	0.00674	0.00590
71	0.00873	0.00709	0.00774	0.00758	0.00972	0.00610	0.00568	0.01095	0.01705	0.02156	0.25936	0.06270	0.51804	0.01666	0.00824	0.00231	0.00346	0.01410	0.00684	0.00610
72	0.00918	0.00671	0.00863	0.00898	0.01021	0.00616	0.00642	0.01151	0.01688	0.02312	0.38428	0.32603	0.12086	0.01756	0.00850	0.00246	0.00361	0.01564	0.00709	0.00616
73	0.05415	0.01554	0.01824	0.01402	0.01947	0.01579	0.01158	0.34126	0.02575	0.37760	0.02188	0.02006	0.01441	0.00844	0.00691	0.00213	0.00674	0.00657	0.00772	0.01173
74	0.01223	0.00670	0.00744	0.00744	0.00887	0.00693	0.00552	0.01509	0.01366	0.02326	0.02197	0.02781	0.01839	0.07478	0.13819	0.00377	0.00633	0.00697	0.58837	0.00628
75	0.01168	0.00939	0.01272	0.01217	0.01368	0.01121	0.00947	0.01675	0.12296	0.01823	0.01956	0.02702	0.01772	0.07886	0.50752	0.00878	0.08345	0.00756	0.00425	0.00704
76	0.02653	0.01955	0.02094	0.01606	0.02164	0.02164	0.01326	0.68796	0.03281	0.04398	0.01675	0.01675	0.01187	0.00838	0.00698	0.00209	0.00768	0.00628	0.00698	0.01187
77	0.00850	0.00607	0.00810	0.00972	0.01012	0.00567	0.00648	0.00972	0.01336	0.01781	0.03846	0.75020	0.04615	0.02186	0.00891	0.00283	0.00405	0.01984	0.00648	0.00567
78	0.01574	0.01461	0.02212	0.01595	0.02228	0.01248	0.19296	0.05503	0.03742	0.02396	0.01360	0.01614	0.01083	0.00567	0.00616	0.00149	0.00711	0.00548	0.00421	0.51676
79	0.00997	0.00748	0.01121	0.01121	0.01246	0.00872	0.00872	0.01246	0.01121	0.01620	0.01869	0.02741	0.01745	0.05234	0.72710	0.01121	0.01869	0.00748	0.00374	0.00623
80	0.02653	0.01955	0.02094	0.01606	0.02164	0.02164	0.01326	0.68796	0.03281	0.04398	0.01675	0.01675	0.01187	0.00838	0.00698	0.00209	0.00768	0.00628	0.00698	0.01187
81	0.00856	0.00708	0.00751	0.00740	0.00962	0.00603	0.00555	0.01063	0.01665	0.02062	0.19428	0.06424	0.58371	0.01701	0.00824	0.00233	0.00349	0.01432	0.00671	0.00603
82	0.01000	0.00736	0.01063	0.01063	0.01167	0.00840	0.00799	0.01208	0.01104	0.01577	0.01923	0.03038	0.01873	0.16663	0.61457	0.01049	0.01675	0.00791	0.00382	0.00590
83	0.03033	0.01166	0.01588	0.01225	0.01748	0.01009	0.01009	0.03305	0.01996	0.68453	0.05869	0.02505	0.01950	0.00889	0.00707	0.00216	0.00582	0.00727	0.00859	0.01163
84	0.02986	0.01336	0.04869	0.01295	0.01853	0.01117	0.01110	0.05607	0.04384	0.63702	0.02650	0.02318	0.01684	0.00856	0.00700	0.00217	0.00618	0.00694	0.00826	0.01177

[dist]
# distance from previous block
# <min> <max>
0	2

[block]
# block no. 6 follows, 30 sequences, length 64
# corresponding to MSA columns:
# 327-390
name=unknown_G
#
# <colnr> <probs for GDERKNQSTAVLIFYWHMCP>
#	G	D	E	R	K	N	Q	S	T	A	V	L	I	F	Y	W	H	M	C	P
0	0.02365	0.01987	0.01921	0.01573	0.02056	0.10918	0.01261	0.40477	0.23577	0.03605	0.01958	0.01908	0.01440	0.00856	0.00693	0.00214	0.00763	0.00655	0.00659	0.01114
1	0.01750	0.01452	0.02069	0.01705	0.01924	0.01773	0.07522	0.12562	0.01560	0.07851	0.01423	0.01937	0.01219	0.03995	0.12870	0.00416	0.36013	0.00675	0.00433	0.00850
2	0.01407	0.01354	0.02377	0.61518	0.04558	0.01600	0.11276	0.04011	0.01492	0.01931	0.01278	0.01858	0.00957	0.00687	0.00715	0.00232	0.00960	0.00649	0.00329	0.00812
3	0.01129	0.00739	0.00968	0.00906	0.01084	0.00679	0.00676	0.01432	0.01910	0.07489	0.59927	0.09248	0.06007	0.03607	0.00899	0.00237	0.00362	0.01260	0.00757	0.00683
4	0.01727	0.01658	0.02832	0.04283	0.71123	0.01658	0.02142	0.02142	0.01589	0.02280	0.01313	0.01727	0.01105	0.00622	0.00691	0.00207	0.00829	0.00622	0.00345	0.01105
5	0.01527	0.01527	0.02137	0.01832	0.01832	0.02137	0.01527	0.01679	0.01069	0.01679	0.00916	0.01527	0.00916	0.01221	0.02290	0.00305	0.74198	0.00611	0.00305	0.00763
6	0.00978	0.00713	0.00919	0.00867	0.01036	0.00654	0.00651	0.01298	0.01952	0.02743	0.66875	0.05304	0.10498	0.01447	0.00823	0.00220	0.00331	0.01275	0.00761	0.00654
7	0.01082	0.00771	0.01066	0.01221	0.01359	0.00765	0.01031	0.01363	0.01546	0.02017	0.03659	0.17223	0.04045	0.04751	0.01052	0.00329	0.00610	0.54852	0.00635	0.00624
8	0.01002	0.00720	0.00964	0.00998	0.01143	0.00682	0.00778	0.01297	0.01781	0.02458	0.43062	0.16630	0.05615	0.01673	0.00870	0.00256	0.00422	0.18292	0.00717	0.00640
9	0.01736	0.01499	0.01578	0.01420	0.01815	0.01736	0.01105	0.03708	0.69862	0.02919	0.02840	0.02604	0.02130	0.00947	0.00710	0.00237	0.00552	0.00789	0.00710	0.01105
10	0.02396	0.01501	0.01720	0.01415	0.01889	0.01595	0.01151	0.23663	0.24408	0.23814	0.02510	0.02598	0.01843	0.00953	0.00721	0.00228	0.00638	0.05086	0.00748	0.01124
11	0.01346	0.00971	0.01124	0.01067	0.01247	0.00998	0.00775	0.17224	0.01784	0.02375	0.06670	0.27107	0.07360	0.20766	0.01531	0.00364	0.00570	0.05425	0.00608	0.00689
12	0.00862	0.00612	0.00806	0.00956	0.00993	0.00575	0.00631	0.00975	0.01312	0.01750	0.03724	0.69784	0.04461	0.07633	0.01088	0.00313	0.00425	0.01912	0.00631	0.00556
13	0.00863	0.00616	0.00824	0.00986	0.01032	0.00577	0.00669	0.00993	0.01348	0.01795	0.03839	0.71989	0.04588	0.02175	0.00894	0.00285	0.00416	0.04893	0.00648	0.00570
14	0.01013	0.00740	0.00955	0.00896	0.01069	0.00695	0.00674	0.01399	0.04301	0.02802	0.68428	0.05123	0.06432	0.01410	0.00819	0.00220	0.00337	0.01246	0.00766	0.00674
15	0.01639	0.00990	0.01048	0.00921	0.01180	0.01049	0.00721	0.19012	0.01906	0.02992	0.02073	0.02350	0.01613	0.01011	0.02904	0.02760	0.00498	0.00646	0.53908	0.00777
16	0.80405	0.01350	0.01026	0.00918	0.01350	0.01565	0.00756	0.02051	0.01188	0.03131	0.00972	0.01134	0.00756	0.00648	0.00432	0.00216	0.00540	0.00378	0.00432	0.00756
17	0.03087	0.01197	0.01618	0.01247	0.01782	0.01048	0.01028	0.03411	0.04143	0.69434	0.02756	0.02382	0.01740	0.00866	0.00702	0.00217	0.00592	0.00705	0.00859	0.01185
18	0.01124	0.00803	0.01124	0.01285	0.01446	0.00803	0.01124	0.01446	0.01606	0.02088	0.03695	0.07871	0.04016	0.01928	0.00964	0.00321	0.00643	0.66426	0.00643	0.00643
19	0.01790	0.01487	0.01580	0.01413	0.01813	0.01708	0.01101	0.03696	0.67228	0.05585	0.02837	0.02595	0.02115	0.00944	0.00710	0.00236	0.00554	0.00786	0.00716	0.01108
20	0.01145	0.00858	0.01113	0.01215	0.01408	0.00865	0.01035	0.01613	0.08424	0.02171	0.06314	0.07116	0.11982	0.01793	0.00917	0.00299	0.00588	0.49807	0.00654	0.00683
21	0.01976	0.01619	0.01713	0.01469	0.01906	0.01848	0.01163	0.20790	0.52388	0.03307	0.02535	0.02360	0.01883	0.00918	0.00707	0.00230	0.00609	0.00747	0.00707	0.01126
22	0.01212	0.00606	0.00909	0.00909	0.00909	0.00606	0.00606	0.00909	0.00909	0.01212	0.01212	0.02121	0.01212	0.02424	0.02727	0.79697	0.00606	0.00606	0.00303	0.00303
23	0.00828	0.00693	0.00721	0.00744	0.00952	0.00586	0.00547	0.00997	0.01555	0.01871	0.06617	0.16306	0.61541	0.01826	0.00834	0.00242	0.00361	0.01545	0.00648	0.00586
24	0.01301	0.00650	0.00650	0.00650	0.00813	0.00650	0.00488	0.01626	0.01463	0.02602	0.02276	0.02602	0.01789	0.00813	0.00488	0.00163	0.00325	0.00650	0.79350	0.00650
25	0.01842	0.72201	0.07142	0.01235	0.01854	0.02703	0.01265	0.02096	0.01421	0.01671	0.00985	0.01137	0.00895	0.00600	0.00459	0.00153	0.00761	0.00380	0.00298	0.00902
26	0.01733	0.01553	0.02002	0.02387	0.25223	0.01709	0.01455	0.03179	0.46803	0.02703	0.02324	0.02308	0.01784	0.00837	0.00704	0.00227	0.00646	0.00732	0.00587	0.01105
27	0.00825	0.00707	0.00707	0.00707	0.00943	0.00589	0.00530	0.01001	0.01591	0.01885	0.07069	0.06716	0.70839	0.01767	0.00825	0.00236	0.00353	0.01473	0.00648	0.00589
28	0.02337	0.01798	0.01916	0.01542	0.02044	0.02016	0.01250	0.46358	0.26233	0.03888	0.02077	0.01995	0.01512	0.00875	0.00702	0.00219	0.00694	0.00684	0.00702	0.01158
29	0.01477	0.15544	0.60599	0.01858	0.02817	0.01809	0.02350	0.02190	0.01464	0.02116	0.01206	0.01415	0.00886	0.00652	0.00627	0.00209	0.00984	0.00492	0.00295	0.01009
30	0.02678	0.01914	0.02069	0.01586	0.02144	0.02104	0.01310	0.65324	0.03213	0.07966	0.01733	0.01713	0.01215	0.00839	0.00698	0.00210	0.00759	0.00632	0.00707	0.01187
31	0.80405	0.01350	0.01026	0.00918	0.01350	0.01565	0.00756	0.02051	0.01188	0.03131	0.00972	0.01134	0.00756	0.00648	0.00432	0.00216	0.00540	0.00378	0.00432	0.00756
32	0.01015	0.00677	0.00761	0.00761	0.00761	0.00677	0.00423	0.01015	0.01015	0.01353	0.02199	0.04567	0.02537	0.75476	0.03552	0.00677	0.00677	0.01015	0.00423	0.00423
33	0.80405	0.01350	0.01026	0.00918	0.01350	0.01565	0.00756	0.02051	0.01188	0.03131	0.00972	0.01134	0.00756	0.00648	0.00432	0.00216	0.00540	0.00378	0.00432	0.00756
34	0.01623	0.01811	0.03719	0.02718	0.03282	0.01840	0.55088	0.02123	0.01531	0.02123	0.01312	0.01811	0.01030	0.00716	0.01119	0.00249	0.15877	0.00781	0.00343	0.00905
35	0.80405	0.01350	0.01026	0.00918	0.01350	0.01565	0.00756	0.02051	0.01188	0.03131	0.00972	0.01134	0.00756	0.00648	0.00432	0.00216	0.00540	0.00378	0.00432	0.00756
36	0.02653	0.01955	0.02094	0.01606	0.02164	0.02164	0.01326	0.68796	0.03281	0.04398	0.01675	0.01675	0.01187	0.00838	0.00698	0.00209	0.00768	0.00628	0.00698	0.01187
37	0.02489	0.01873	0.02002	0.01572	0.02101	0.02087	0.01287	0.57143	0.15201	0.04133	0.01884	0.01842	0.01356	0.00857	0.00700	0.00214	0.00729	0.00657	0.00700	0.01172
38	0.00850	0.00607	0.00810	0.00972	0.01012	0.00567	0.00648	0.00972	0.01336	0.01781	0.03846	0.75020	0.04615	0.02186	0.00891	0.00283	0.00405	0.01984	0.00648	0.00567
39	0.00840	0.00701	0.00732	0.00737	0.00955	0.00594	0.00548	0.01026	0.01607	0.01955	0.12220	0.10750	0.61411	0.01764	0.00829	0.00237	0.00355	0.01486	0.00658	0.00594
40	0.00825	0.00707	0.00707	0.00707	0.00943	0.00589	0.00530	0.01001	0.01591	0.01885	0.07069	0.06716	0.70839	0.01767	0.00825	0.00236	0.00353	0.01473	0.00648	0.00589
41	0.01301	0.00650	0.00650	0.00650	0.00813	0.00650	0.00488	0.01626	0.01463	0.02602	0.02276	0.02602	0.01789	0.00813	0.00488	0.00163	0.00325	0.00650	0.79350	0.00650
42	0.00976	0.00708	0.00920	0.00878	0.01038	0.00652	0.00654	0.01291	0.01933	0.02722	0.65657	0.08789	0.08208	0.01474	0.00827	0.00223	0.00334	0.01304	0.00759	0.00652
43	0.67162	0.01531	0.01328	0.01131	0.01581	0.05937	0.05118	0.05121	0.01359	0.03045	0.01038	0.01213	0.00803	0.00657	0.00481	0.00215	0.00634	0.00422	0.00434	0.00790
44	0.00825	0.00707	0.00707	0.00707	0.00943	0.00589	0.00530	0.01001	0.01591	0.01885	0.07069	0.06716	0.70839	0.01767	0.00825	0.00236	0.00353	0.01473	0.00648	0.00589
45	0.00850	0.00607	0.00810	0.00972	0.01012	0.00567	0.00648	0.00972	0.01336	0.01781	0.03846	0.75020	0.04615	0.02186	0.00891	0.00283	0.00405	0.01984	0.00648	0.00567
46	0.01801	0.01604	0.01596	0.01426	0.01820	0.06035	0.01109	0.06876	0.59742	0.02882	0.02833	0.02630	0.04606	0.00958	0.00709	0.00232	0.00599	0.00786	0.00686	0.01071
47	0.76277	0.01382	0.01082	0.00954	0.01393	0.01597	0.00786	0.05595	0.01299	0.03198	0.01009	0.01162	0.00779	0.00658	0.00446	0.00216	0.00552	0.00391	0.00446	0.00779
48	0.01011	0.00743	0.01100	0.01100	0.01227	0.00862	0.00855	0.01263	0.01137	0.01664	0.01888	0.02735	0.01747	0.05034	0.69450	0.01078	0.01799	0.00743	0.03939	0.00624
49	0.01629	0.01409	0.01615	0.01657	0.08784	0.01581	0.01177	0.03196	0.53098	0.02722	0.03013	0.03201	0.06367	0.01045	0.00736	0.00241	0.00576	0.06254	0.00664	0.01035
50	0.01679	0.36526	0.37016	0.01606	0.02414	0.02170	0.01880	0.05690	0.01544	0.02067	0.01146	0.01322	0.00905	0.00642	0.00567	0.00188	0.00887	0.00457	0.00318	0.00978
