[name]
unknown

[dist]
# distance from previous block
# <min> <max>
0	7

[block]
# block no. 0 follows, 28 sequences, length 19
# corresponding to MSA columns:
# 7-25
name=unknown_A
#
# <colnr> <probs for GDERKNQSTAVLIFYWHMCP>
#	G	D	E	R	K	N	Q	S	T	A	V	L	I	F	Y	W	H	M	C	P
0	0.05817	0.06061	0.08241	0.22314	0.20659	0.01749	0.10629	0.04489	0.01612	0.02275	0.01474	0.02169	0.01234	0.00785	0.00783	0.00236	0.03366	0.04770	0.00380	0.00954
1	0.01833	0.35147	0.12565	0.03886	0.02069	0.06743	0.01399	0.06293	0.01605	0.04662	0.01394	0.01787	0.01208	0.05623	0.10584	0.00350	0.01016	0.00548	0.00383	0.00906
2	0.19661	0.01531	0.02179	0.16416	0.32042	0.01666	0.01698	0.05661	0.04490	0.02604	0.01474	0.04832	0.01240	0.00766	0.00669	0.00228	0.00780	0.00658	0.00423	0.00981
3	0.18339	0.33022	0.17087	0.01489	0.02163	0.04732	0.05276	0.02315	0.01511	0.06452	0.01218	0.01379	0.00963	0.00669	0.00556	0.00196	0.00830	0.00472	0.00382	0.00950
4	0.01187	0.00655	0.00930	0.00940	0.00952	0.00661	0.00621	0.00995	0.01010	0.01356	0.01665	0.07302	0.01768	0.15106	0.07796	0.54778	0.00725	0.00807	0.00365	0.00379
5	0.02009	0.57055	0.10346	0.01421	0.02052	0.12952	0.01414	0.02297	0.01569	0.01781	0.01057	0.01225	0.00932	0.00648	0.00517	0.00168	0.00887	0.00416	0.00320	0.00934
6	0.01035	0.00716	0.00836	0.00833	0.00886	0.00709	0.00519	0.01094	0.01203	0.01597	0.07181	0.04829	0.11199	0.52150	0.09358	0.03030	0.00751	0.01095	0.00485	0.00493
7	0.01414	0.01331	0.01888	0.01672	0.01713	0.01805	0.01372	0.01605	0.01131	0.01730	0.01272	0.01995	0.01230	0.02609	0.24508	0.00590	0.50365	0.00682	0.00341	0.00748
8	0.00884	0.00639	0.00837	0.00995	0.01050	0.00592	0.00667	0.01014	0.01408	0.01862	0.04214	0.69835	0.08818	0.02250	0.00924	0.00292	0.00418	0.02034	0.00675	0.00592
9	0.01373	0.01292	0.02180	0.72707	0.05006	0.01615	0.02019	0.01857	0.01453	0.01857	0.01292	0.01938	0.00969	0.00727	0.00727	0.00242	0.00969	0.00646	0.00323	0.00807
10	0.01956	0.01645	0.01750	0.01674	0.07700	0.05330	0.01208	0.18607	0.32242	0.03155	0.02861	0.02780	0.08929	0.00999	0.00728	0.00229	0.00656	0.00814	0.05670	0.01068
11	0.00897	0.00641	0.00853	0.01005	0.01057	0.00598	0.00676	0.01040	0.01444	0.01938	0.09107	0.68643	0.04967	0.02216	0.00922	0.00290	0.00416	0.02008	0.00685	0.00598
12	0.02763	0.02036	0.02182	0.01672	0.02254	0.02254	0.01382	0.67496	0.03418	0.04581	0.01745	0.01745	0.01236	0.00873	0.00727	0.00218	0.00800	0.00654	0.00727	0.01236
13	0.02404	0.02235	0.01930	0.01632	0.02020	0.25800	0.01291	0.21995	0.04594	0.08589	0.07617	0.02173	0.04047	0.00969	0.00912	0.00223	0.09326	0.00688	0.00578	0.00977
14	0.02711	0.02193	0.02140	0.01688	0.02236	0.10925	0.01373	0.56344	0.06370	0.04156	0.01725	0.01737	0.01246	0.00863	0.00719	0.00216	0.00853	0.00639	0.00684	0.01183
15	0.09822	0.01286	0.01655	0.01281	0.01834	0.01168	0.01058	0.06185	0.02066	0.61786	0.02659	0.02331	0.01688	0.00879	0.00707	0.00225	0.00622	0.00699	0.00853	0.01198
16	0.01373	0.01292	0.02180	0.72707	0.05006	0.01615	0.02019	0.01857	0.01453	0.01857	0.01292	0.01938	0.00969	0.00727	0.00727	0.00242	0.00969	0.00646	0.00323	0.00807
17	0.01918	0.69633	0.03696	0.01291	0.01869	0.02830	0.01269	0.02146	0.01451	0.01713	0.01007	0.01196	0.00934	0.00669	0.00604	0.00167	0.05967	0.00406	0.00311	0.00923
18	0.02763	0.02036	0.02182	0.01672	0.02254	0.02254	0.01382	0.67496	0.03418	0.04581	0.01745	0.01745	0.01236	0.00873	0.00727	0.00218	0.00800	0.00654	0.00727	0.01236

[dist]
# distance from previous block
# <min> <max>
4	8

[block]
# block no. 1 follows, 28 sequences, length 18
# corresponding to MSA columns:
# 34-51
name=unknown_B
#
# <colnr> <probs for GDERKNQSTAVLIFYWHMCP>
#	G	D	E	R	K	N	Q	S	T	A	V	L	I	F	Y	W	H	M	C	P
0	0.01871	0.68963	0.03598	0.01238	0.01820	0.02719	0.01217	0.02106	0.01452	0.01708	0.01085	0.01301	0.01004	0.01008	0.06154	0.00236	0.00871	0.00420	0.00317	0.00910
1	0.01567	0.01327	0.01539	0.01105	0.01748	0.01030	0.00886	0.04940	0.01598	0.02473	0.01313	0.01519	0.01084	0.00554	0.00547	0.00113	0.00551	0.00441	0.00445	0.75220
2	0.02720	0.01999	0.02048	0.01600	0.02142	0.07102	0.01309	0.53945	0.03105	0.09556	0.01826	0.01827	0.01295	0.00864	0.00710	0.00214	0.00796	0.00648	0.05118	0.01176
3	0.00930	0.00689	0.00873	0.00989	0.01080	0.00647	0.00679	0.01154	0.03950	0.02011	0.10533	0.57249	0.12310	0.02105	0.00906	0.00281	0.00414	0.01889	0.00689	0.00623
4	0.00886	0.00633	0.00843	0.01012	0.01054	0.00590	0.00675	0.01012	0.01392	0.01856	0.04006	0.73979	0.04808	0.02277	0.00928	0.00295	0.00422	0.02066	0.00675	0.00590
5	0.01808	0.02021	0.02787	0.07841	0.02845	0.16408	0.25257	0.02180	0.01624	0.02044	0.01578	0.01974	0.04678	0.00840	0.01079	0.00234	0.15435	0.00710	0.00378	0.08277
6	0.02805	0.01969	0.02140	0.01640	0.02221	0.02154	0.01355	0.62097	0.03305	0.10139	0.01840	0.01807	0.01284	0.00875	0.00727	0.00219	0.00785	0.00661	0.00742	0.01236
7	0.01029	0.00743	0.00972	0.00914	0.01086	0.00686	0.00686	0.01372	0.02058	0.02915	0.69536	0.05430	0.06859	0.01486	0.00857	0.00229	0.00343	0.01315	0.00800	0.00686
8	0.01747	0.01674	0.02857	0.12775	0.62012	0.01713	0.02205	0.02185	0.01631	0.02312	0.01358	0.01816	0.01129	0.00657	0.00720	0.00219	0.00876	0.00647	0.00355	0.01110
9	0.01954	0.01743	0.02702	0.11601	0.48340	0.01825	0.02028	0.15915	0.02003	0.02780	0.01438	0.01803	0.01149	0.00704	0.00722	0.00219	0.00862	0.00649	0.00433	0.01130
10	0.00886	0.00633	0.00843	0.01012	0.01054	0.00590	0.00675	0.01012	0.01392	0.01856	0.04006	0.73979	0.04808	0.02277	0.00928	0.00295	0.00422	0.02066	0.00675	0.00590
11	0.01346	0.01022	0.01320	0.01223	0.01349	0.01250	0.00968	0.01740	0.06657	0.02126	0.01910	0.02521	0.01661	0.04631	0.23154	0.00541	0.20115	0.00721	0.25016	0.00730
12	0.13216	0.20924	0.25195	0.01757	0.02477	0.04574	0.11432	0.02241	0.01532	0.04306	0.01396	0.05334	0.01165	0.00752	0.00636	0.00214	0.00906	0.00611	0.00378	0.00952
13	0.00932	0.00654	0.00838	0.00957	0.00995	0.00621	0.00621	0.01039	0.01345	0.01801	0.06628	0.54767	0.04400	0.18980	0.01567	0.00387	0.00484	0.01798	0.00626	0.00560
14	0.01355	0.00678	0.00678	0.00678	0.00847	0.00678	0.00508	0.01694	0.01524	0.02710	0.02371	0.02710	0.01863	0.00847	0.00508	0.00169	0.00339	0.00678	0.78489	0.00678
15	0.01686	0.01660	0.02682	0.16213	0.46841	0.04515	0.05501	0.02108	0.01639	0.02224	0.01797	0.02200	0.06215	0.00753	0.00736	0.00223	0.00883	0.00717	0.00378	0.01028
16	0.02216	0.01621	0.04525	0.04599	0.04961	0.01631	0.04150	0.23588	0.14681	0.15480	0.02440	0.10692	0.01996	0.01064	0.00766	0.00240	0.00716	0.02856	0.00690	0.01089
17	0.01488	0.03564	0.63799	0.02238	0.06268	0.01698	0.06322	0.02300	0.01550	0.02307	0.01317	0.01571	0.00942	0.00684	0.00701	0.00230	0.01073	0.00560	0.00313	0.01073

[dist]
# distance from previous block
# <min> <max>
0	2

[block]
# block no. 2 follows, 28 sequences, length 26
# corresponding to MSA columns:
# 54-79
name=unknown_C
#
# <colnr> <probs for GDERKNQSTAVLIFYWHMCP>
#	G	D	E	R	K	N	Q	S	T	A	V	L	I	F	Y	W	H	M	C	P
0	0.02263	0.02656	0.05539	0.02810	0.26468	0.34850	0.03989	0.06398	0.01943	0.02217	0.01272	0.01549	0.01040	0.00706	0.00687	0.00201	0.01084	0.00558	0.00389	0.03378
1	0.02761	0.02107	0.02175	0.01682	0.02254	0.05712	0.01383	0.64271	0.03350	0.04441	0.01714	0.01724	0.01221	0.00866	0.00724	0.00217	0.00825	0.00645	0.00710	0.01217
2	0.01617	0.25129	0.47339	0.01870	0.02791	0.02054	0.05341	0.02265	0.01526	0.02125	0.01224	0.01444	0.00933	0.00666	0.00631	0.00208	0.00992	0.00508	0.00311	0.01027
3	0.01984	0.71142	0.03717	0.01277	0.01886	0.06480	0.01252	0.02215	0.01508	0.01714	0.01017	0.01174	0.00933	0.00629	0.00476	0.00157	0.00805	0.00393	0.00314	0.00928
4	0.00886	0.00633	0.00843	0.01012	0.01054	0.00590	0.00675	0.01012	0.01392	0.01856	0.04006	0.73979	0.04808	0.02277	0.00928	0.00295	0.00422	0.02066	0.00675	0.00590
5	0.00972	0.00741	0.00893	0.00855	0.01051	0.00662	0.00641	0.01262	0.01924	0.02597	0.48759	0.05953	0.27834	0.01605	0.00858	0.00234	0.00351	0.01388	0.00758	0.00662
6	0.03261	0.01237	0.01687	0.01293	0.01856	0.01068	0.01068	0.03543	0.02081	0.70423	0.02868	0.02474	0.01799	0.00900	0.00731	0.00225	0.00619	0.00731	0.00900	0.01237
7	0.01373	0.01292	0.02180	0.72707	0.05006	0.01615	0.02019	0.01857	0.01453	0.01857	0.01292	0.01938	0.00969	0.00727	0.00727	0.00242	0.00969	0.00646	0.00323	0.00807
8	0.00987	0.00741	0.00914	0.00871	0.01061	0.00668	0.00653	0.01292	0.01960	0.02683	0.54395	0.05811	0.22145	0.01572	0.00858	0.00233	0.00349	0.01368	0.00770	0.00668
9	0.01038	0.00779	0.01168	0.01168	0.01298	0.00909	0.00909	0.01298	0.01168	0.01687	0.01947	0.02856	0.01817	0.05452	0.71573	0.01168	0.01947	0.00779	0.00389	0.00649
10	0.01524	0.01307	0.01515	0.01099	0.01732	0.01015	0.00877	0.01942	0.05183	0.02405	0.01383	0.01573	0.01139	0.00563	0.00549	0.00115	0.00540	0.00452	0.00448	0.74638
11	0.01803	0.01829	0.03087	0.02358	0.02785	0.04126	0.31474	0.10742	0.01737	0.02396	0.01452	0.05384	0.01251	0.00952	0.01342	0.00266	0.24864	0.00806	0.00415	0.00929
12	0.00906	0.00705	0.00807	0.00865	0.01018	0.00627	0.00617	0.01072	0.01547	0.01946	0.09138	0.28456	0.37209	0.07652	0.01110	0.00300	0.00423	0.04341	0.00663	0.00599
13	0.02719	0.03351	0.02070	0.01857	0.02248	0.66035	0.01403	0.08031	0.02168	0.02002	0.01173	0.01345	0.00960	0.00759	0.00661	0.00190	0.01270	0.00483	0.00403	0.00874
14	0.01665	0.01591	0.02709	0.25860	0.49566	0.01692	0.02164	0.02114	0.01592	0.02213	0.01344	0.01843	0.01094	0.00672	0.00722	0.00224	0.00897	0.00647	0.00348	0.01044
15	0.00897	0.00702	0.00814	0.00862	0.01025	0.00618	0.00617	0.01089	0.01635	0.02090	0.16926	0.29752	0.36525	0.01930	0.00882	0.00260	0.00382	0.01679	0.00697	0.00618
16	0.01057	0.00705	0.00793	0.00793	0.00793	0.00705	0.00440	0.01057	0.01057	0.01409	0.02290	0.04757	0.02643	0.74454	0.03700	0.00705	0.00705	0.01057	0.00440	0.00440
17	0.01706	0.01932	0.04131	0.02975	0.03654	0.01868	0.62228	0.02284	0.01669	0.02284	0.01431	0.01932	0.01092	0.00663	0.00975	0.00251	0.06755	0.00841	0.00364	0.00966
18	0.01373	0.01292	0.02180	0.72707	0.05006	0.01615	0.02019	0.01857	0.01453	0.01857	0.01292	0.01938	0.00969	0.00727	0.00727	0.00242	0.00969	0.00646	0.00323	0.00807
19	0.02490	0.01530	0.01718	0.01367	0.01830	0.01610	0.01104	0.37563	0.02640	0.18132	0.02210	0.05439	0.01677	0.04048	0.00828	0.00236	0.00667	0.00755	0.13071	0.01085
20	0.01186	0.00768	0.01002	0.00971	0.01156	0.00702	0.00728	0.01474	0.01897	0.08304	0.45405	0.18096	0.09650	0.01626	0.00866	0.00246	0.00396	0.04046	0.00773	0.00710
21	0.03165	0.01392	0.01783	0.01367	0.01933	0.01298	0.01129	0.15950	0.02340	0.57649	0.02650	0.02333	0.01690	0.00894	0.00730	0.00224	0.00654	0.00716	0.00866	0.01237
22	0.02763	0.02036	0.02182	0.01672	0.02254	0.02254	0.01382	0.67496	0.03418	0.04581	0.01745	0.01745	0.01236	0.00873	0.00727	0.00218	0.00800	0.00654	0.00727	0.01236
23	0.00921	0.00706	0.00849	0.00943	0.01067	0.00651	0.00657	0.01152	0.04195	0.01983	0.07933	0.47828	0.24347	0.02058	0.00896	0.00275	0.00408	0.01822	0.00683	0.00624
24	0.02702	0.02000	0.02149	0.01643	0.02228	0.02192	0.01356	0.64294	0.03325	0.04473	0.01723	0.01734	0.01228	0.00856	0.00718	0.00213	0.00787	0.00644	0.00713	0.05023
25	0.01694	0.01988	0.06441	0.02913	0.03586	0.01872	0.58394	0.02269	0.01649	0.02269	0.01413	0.01908	0.01082	0.00682	0.01005	0.00252	0.08434	0.00824	0.00361	0.00965

[dist]
# distance from previous block
# <min> <max>
0	2

[block]
# block no. 3 follows, 28 sequences, length 7
# corresponding to MSA columns:
# 82-88
name=unknown_D
#
# <colnr> <probs for GDERKNQSTAVLIFYWHMCP>
#	G	D	E	R	K	N	Q	S	T	A	V	L	I	F	Y	W	H	M	C	P
0	0.02554	0.01924	0.02181	0.12344	0.02668	0.02158	0.01477	0.57635	0.03123	0.04172	0.01677	0.01774	0.01196	0.00851	0.00727	0.00222	0.00825	0.00653	0.00666	0.01172
1	0.11934	0.01680	0.02431	0.27444	0.09396	0.06876	0.14639	0.02399	0.11628	0.02353	0.01535	0.01900	0.01173	0.00731	0.00712	0.00235	0.00923	0.00668	0.00418	0.00924
2	0.02052	0.01591	0.01736	0.01489	0.01925	0.01798	0.01181	0.19239	0.43039	0.06909	0.02566	0.02475	0.01919	0.01351	0.07037	0.00320	0.00755	0.00772	0.00714	0.01132
3	0.02626	0.01955	0.02108	0.01607	0.02196	0.02114	0.01325	0.60330	0.03209	0.04340	0.01696	0.01719	0.01219	0.00836	0.00707	0.00206	0.00771	0.00630	0.00695	0.09711
4	0.02252	0.02475	0.01979	0.02005	0.10907	0.37899	0.01382	0.09530	0.01992	0.02249	0.01644	0.01890	0.04256	0.01042	0.03822	0.00246	0.05565	0.00603	0.07371	0.00890
5	0.63388	0.01490	0.01273	0.01084	0.01561	0.01690	0.00894	0.12042	0.01616	0.07559	0.01236	0.01345	0.00916	0.00718	0.00509	0.00224	0.00601	0.00453	0.00519	0.00882
6	0.00921	0.00684	0.00873	0.00987	0.01087	0.00616	0.00673	0.01065	0.01427	0.01898	0.04194	0.62508	0.11405	0.02125	0.00897	0.00279	0.00423	0.01911	0.00660	0.05367

[dist]
# distance from previous block
# <min> <max>
0	1

[block]
# block no. 4 follows, 28 sequences, length 123
# corresponding to MSA columns:
# 90-212
name=unknown_E
#
# <colnr> <probs for GDERKNQSTAVLIFYWHMCP>
#	G	D	E	R	K	N	Q	S	T	A	V	L	I	F	Y	W	H	M	C	P
0	0.00886	0.00633	0.00843	0.01012	0.01054	0.00590	0.00675	0.01012	0.01392	0.01856	0.04006	0.73979	0.04808	0.02277	0.00928	0.00295	0.00422	0.02066	0.00675	0.00590
1	0.00891	0.00635	0.00842	0.01005	0.01046	0.00594	0.00667	0.01014	0.01381	0.01841	0.03950	0.71711	0.04737	0.04643	0.01019	0.00309	0.00431	0.02033	0.00667	0.00586
2	0.00893	0.00638	0.00850	0.01007	0.01056	0.00595	0.00675	0.01031	0.01427	0.01911	0.07454	0.70373	0.04916	0.02236	0.00924	0.00292	0.00418	0.02027	0.00681	0.00595
3	0.06963	0.04944	0.01759	0.01294	0.01832	0.04881	0.01070	0.03310	0.02007	0.58154	0.04476	0.02367	0.01804	0.00883	0.00703	0.00220	0.00652	0.00700	0.00818	0.01163
4	0.00859	0.00736	0.00736	0.00736	0.00982	0.00614	0.00552	0.01043	0.01657	0.01964	0.07364	0.06996	0.69624	0.01841	0.00859	0.00245	0.00368	0.01534	0.00675	0.00614
5	0.01229	0.00882	0.01085	0.01231	0.01304	0.00794	0.00818	0.01261	0.01586	0.02148	0.04180	0.70608	0.04912	0.02407	0.01048	0.00349	0.00538	0.02089	0.00769	0.00763
6	0.01712	0.01949	0.04225	0.03028	0.03740	0.01850	0.65245	0.02311	0.01697	0.02311	0.01455	0.01949	0.01098	0.00633	0.00905	0.00247	0.03452	0.00851	0.00366	0.00975
7	0.01057	0.00705	0.00793	0.00793	0.00793	0.00705	0.00440	0.01057	0.01057	0.01409	0.02290	0.04757	0.02643	0.74454	0.03700	0.00705	0.00705	0.01057	0.00440	0.00440
8	0.01057	0.00714	0.00854	0.00861	0.00889	0.00734	0.00530	0.01116	0.01103	0.01514	0.02300	0.06970	0.02560	0.57805	0.14907	0.00750	0.00891	0.01036	0.02920	0.00489
9	0.00883	0.00642	0.00833	0.00986	0.01048	0.00593	0.00663	0.01015	0.01416	0.01866	0.04319	0.67750	0.10836	0.02237	0.00921	0.00291	0.00417	0.02017	0.00675	0.00593
10	0.01943	0.74891	0.03809	0.01244	0.01866	0.02876	0.01244	0.02177	0.01477	0.01710	0.01011	0.01166	0.00933	0.00622	0.00466	0.00155	0.00777	0.00389	0.00311	0.00933
11	0.01056	0.00709	0.00813	0.00813	0.00819	0.00715	0.00465	0.01070	0.01063	0.01424	0.02272	0.04657	0.02599	0.70824	0.07271	0.00729	0.00770	0.01042	0.00438	0.00451
12	0.79588	0.01406	0.01068	0.00956	0.01406	0.01631	0.00787	0.02137	0.01237	0.03261	0.01012	0.01181	0.00787	0.00675	0.00450	0.00225	0.00562	0.00394	0.00450	0.00787
13	0.01675	0.35560	0.40788	0.01702	0.02574	0.02219	0.02041	0.02246	0.01509	0.02037	0.01173	0.01370	0.00926	0.00660	0.00590	0.00197	0.00942	0.00471	0.00309	0.01011
14	0.01141	0.00847	0.01061	0.03368	0.01308	0.00824	0.00803	0.05412	0.01899	0.02570	0.36297	0.07848	0.14864	0.07814	0.01112	0.00289	0.00477	0.10671	0.00707	0.00687
15	0.01029	0.00743	0.00972	0.00914	0.01086	0.00686	0.00686	0.01372	0.02058	0.02915	0.69536	0.05430	0.06859	0.01486	0.00857	0.00229	0.00343	0.01315	0.00800	0.00686
16	0.00886	0.00633	0.00843	0.01012	0.01054	0.00590	0.00675	0.01012	0.01392	0.01856	0.04006	0.73979	0.04808	0.02277	0.00928	0.00295	0.00422	0.02066	0.00675	0.00590
17	0.01590	0.01590	0.02226	0.01908	0.01908	0.02226	0.01590	0.01749	0.01113	0.01749	0.00954	0.01590	0.00954	0.01272	0.02385	0.00318	0.73123	0.00636	0.00318	0.00795
18	0.01943	0.74891	0.03809	0.01244	0.01866	0.02876	0.01244	0.02177	0.01477	0.01710	0.01011	0.01166	0.00933	0.00622	0.00466	0.00155	0.00777	0.00389	0.00311	0.00933
19	0.03245	0.01263	0.01703	0.01305	0.01868	0.01106	0.01078	0.05598	0.02123	0.68307	0.02832	0.02451	0.01781	0.00899	0.00731	0.00225	0.00624	0.00729	0.00894	0.01237
20	0.01943	0.74891	0.03809	0.01244	0.01866	0.02876	0.01244	0.02177	0.01477	0.01710	0.01011	0.01166	0.00933	0.00622	0.00466	0.00155	0.00777	0.00389	0.00311	0.00933
21	0.01522	0.01305	0.01514	0.01096	0.01731	0.01009	0.00875	0.01928	0.04727	0.02401	0.01372	0.01565	0.01131	0.00560	0.00548	0.00114	0.00540	0.00449	0.00445	0.75167
22	0.02759	0.02161	0.02171	0.01690	0.02254	0.08334	0.01384	0.61827	0.03299	0.04335	0.01691	0.01707	0.01210	0.00862	0.00721	0.00215	0.00845	0.00638	0.00696	0.01202
23	0.00884	0.00638	0.00838	0.00999	0.01051	0.00592	0.00669	0.01014	0.01405	0.01861	0.04170	0.70710	0.07972	0.02256	0.00924	0.00293	0.00419	0.02040	0.00675	0.00592
24	0.01401	0.01325	0.02214	0.66372	0.07472	0.01650	0.02006	0.01867	0.01444	0.01873	0.01278	0.01915	0.00976	0.00751	0.00810	0.00245	0.04612	0.00646	0.00324	0.00821
25	0.01907	0.01539	0.01647	0.01467	0.01888	0.01757	0.01145	0.03841	0.64061	0.07644	0.02952	0.02696	0.02190	0.00980	0.00739	0.00245	0.00578	0.00816	0.00751	0.01156
26	0.01057	0.00705	0.00793	0.00793	0.00793	0.00705	0.00440	0.01057	0.01057	0.01409	0.02290	0.04757	0.02643	0.74454	0.03700	0.00705	0.00705	0.01057	0.00440	0.00440
27	0.01047	0.00706	0.00790	0.00790	0.00802	0.00700	0.00446	0.01056	0.01087	0.01437	0.02547	0.04870	0.06028	0.70784	0.03556	0.00682	0.00688	0.01081	0.00452	0.00449
28	0.01471	0.01392	0.02307	0.50459	0.17565	0.01669	0.01996	0.01911	0.01470	0.01961	0.01356	0.02073	0.01104	0.00800	0.00884	0.00247	0.07487	0.02639	0.00341	0.00871
29	0.02693	0.01983	0.02131	0.01648	0.02209	0.02192	0.01355	0.65001	0.03342	0.04479	0.01830	0.04456	0.01370	0.00925	0.00735	0.00221	0.00786	0.00707	0.00725	0.01212
30	0.01355	0.00678	0.00678	0.00678	0.00847	0.00678	0.00508	0.01694	0.01524	0.02710	0.02371	0.02710	0.01863	0.00847	0.00508	0.00169	0.00339	0.00678	0.78489	0.00678
31	0.00886	0.00633	0.00843	0.01012	0.01054	0.00590	0.00675	0.01012	0.01392	0.01856	0.04006	0.73979	0.04808	0.02277	0.00928	0.00295	0.00422	0.02066	0.00675	0.00590
32	0.02763	0.02036	0.02182	0.01672	0.02254	0.02254	0.01382	0.67496	0.03418	0.04581	0.01745	0.01745	0.01236	0.00873	0.00727	0.00218	0.00800	0.00654	0.00727	0.01236
33	0.01372	0.01273	0.02134	0.70503	0.04879	0.01586	0.01973	0.01852	0.01456	0.01883	0.01325	0.01962	0.00996	0.00730	0.00720	0.00240	0.00950	0.00647	0.02714	0.00804
34	0.01488	0.08162	0.66549	0.02021	0.03067	0.01762	0.02596	0.02294	0.01531	0.02265	0.01286	0.01512	0.00922	0.00686	0.00677	0.00226	0.01056	0.00528	0.00307	0.01066
35	0.01057	0.00705	0.00793	0.00793	0.00793	0.00705	0.00440	0.01057	0.01057	0.01409	0.02290	0.04757	0.02643	0.74454	0.03700	0.00705	0.00705	0.01057	0.00440	0.00440
36	0.03174	0.01377	0.01773	0.01360	0.01925	0.01276	0.01123	0.14733	0.02315	0.58902	0.02671	0.02347	0.01701	0.00895	0.00730	0.00224	0.00650	0.00718	0.00869	0.01237
37	0.01943	0.74891	0.03809	0.01244	0.01866	0.02876	0.01244	0.02177	0.01477	0.01710	0.01011	0.01166	0.00933	0.00622	0.00466	0.00155	0.00777	0.00389	0.00311	0.00933
38	0.01676	0.01318	0.01547	0.01139	0.01749	0.01071	0.00914	0.05744	0.03576	0.06639	0.01489	0.01670	0.01193	0.00792	0.03455	0.00168	0.00617	0.00487	0.00484	0.64271
39	0.01337	0.00973	0.04685	0.00986	0.01281	0.00777	0.00814	0.01657	0.01932	0.12587	0.40348	0.05187	0.21728	0.01448	0.00830	0.00232	0.00428	0.01243	0.00757	0.00769
40	0.01018	0.00743	0.00957	0.00903	0.01080	0.00681	0.00678	0.01351	0.02033	0.02856	0.65689	0.05527	0.10743	0.01508	0.00857	0.00230	0.00344	0.01328	0.00792	0.00681
41	0.03261	0.01237	0.01687	0.01293	0.01856	0.01068	0.01068	0.03543	0.02081	0.70423	0.02868	0.02474	0.01799	0.00900	0.00731	0.00225	0.00619	0.00731	0.00900	0.01237
42	0.01579	0.06235	0.62470	0.02080	0.05221	0.01703	0.02535	0.02358	0.01564	0.05725	0.01375	0.01577	0.00973	0.00697	0.00685	0.00227	0.01033	0.00545	0.00339	0.01080
43	0.03261	0.01237	0.01687	0.01293	0.01856	0.01068	0.01068	0.03543	0.02081	0.70423	0.02868	0.02474	0.01799	0.00900	0.00731	0.00225	0.00619	0.00731	0.00900	0.01237
44	0.01747	0.01495	0.01594	0.01450	0.01840	0.01717	0.01133	0.03652	0.62794	0.02995	0.05689	0.03078	0.02498	0.01054	0.00757	0.00250	0.00570	0.03839	0.00739	0.01109
45	0.00952	0.00649	0.00809	0.00937	0.01017	0.00605	0.00639	0.01116	0.01436	0.01992	0.04084	0.57115	0.10532	0.02025	0.00859	0.00272	0.00404	0.01811	0.12139	0.00605
46	0.01835	0.46813	0.25635	0.01557	0.02311	0.07044	0.01728	0.02266	0.01535	0.01909	0.01115	0.01297	0.00929	0.00653	0.00553	0.00182	0.00910	0.00443	0.00314	0.00973
47	0.01057	0.00705	0.00793	0.00793	0.00793	0.00705	0.00440	0.01057	0.01057	0.01409	0.02290	0.04757	0.02643	0.74454	0.03700	0.00705	0.00705	0.01057	0.00440	0.00440
48	0.00884	0.00638	0.00838	0.00999	0.01051	0.00592	0.00669	0.01014	0.01405	0.01861	0.04170	0.70710	0.07972	0.02256	0.00924	0.00293	0.00419	0.02040	0.00675	0.00592
49	0.01849	0.02156	0.01504	0.01393	0.01683	0.36644	0.01053	0.02047	0.01839	0.01905	0.07440	0.03590	0.24782	0.01425	0.04392	0.00265	0.03883	0.00906	0.00501	0.00743
50	0.01999	0.01319	0.05348	0.01223	0.01611	0.05264	0.01018	0.02435	0.07599	0.26489	0.17863	0.08044	0.09816	0.01278	0.00854	0.02812	0.00587	0.02777	0.00736	0.00927
51	0.02635	0.03336	0.02017	0.01839	0.02202	0.68146	0.01381	0.02826	0.02017	0.01775	0.01163	0.01385	0.00979	0.00975	0.04059	0.00234	0.01341	0.00483	0.00375	0.00833
52	0.01772	0.01746	0.03121	0.06696	0.57827	0.01740	0.11835	0.02232	0.01657	0.02349	0.01380	0.01828	0.01138	0.00645	0.00740	0.00221	0.00921	0.00679	0.00360	0.01114
53	0.01886	0.01892	0.02731	0.12156	0.52209	0.10051	0.02083	0.04152	0.01730	0.02306	0.01340	0.01756	0.01107	0.00676	0.00713	0.00216	0.00928	0.00626	0.00368	0.01076
54	0.01779	0.01707	0.02915	0.07648	0.66889	0.01722	0.02221	0.02213	0.01646	0.02351	0.01364	0.01806	0.01143	0.00651	0.00720	0.00217	0.00868	0.00648	0.00358	0.01135
55	0.00898	0.00658	0.00820	0.00943	0.01016	0.00606	0.00631	0.01022	0.01405	0.01831	0.04420	0.55626	0.15822	0.09243	0.01186	0.00327	0.00440	0.01876	0.00652	0.00580
56	0.01339	0.01015	0.01343	0.01281	0.01481	0.01024	0.04948	0.15336	0.01846	0.02469	0.03365	0.54049	0.03813	0.01873	0.00880	0.00276	0.00552	0.01689	0.00667	0.00753
57	0.02211	0.01537	0.01731	0.01454	0.01889	0.01686	0.01162	0.19926	0.29542	0.15403	0.02809	0.06330	0.05371	0.01066	0.00830	0.00241	0.04104	0.00855	0.00738	0.01115
58	0.02767	0.01934	0.02107	0.01626	0.02197	0.02115	0.01339	0.58092	0.06413	0.11045	0.01915	0.01864	0.01339	0.00881	0.00728	0.00220	0.00771	0.00670	0.00745	0.01232
59	0.01057	0.00705	0.00793	0.00793	0.00793	0.00705	0.00440	0.01057	0.01057	0.01409	0.02290	0.04757	0.02643	0.74454	0.03700	0.00705	0.00705	0.01057	0.00440	0.00440
60	0.01539	0.01303	0.01516	0.01093	0.01724	0.01007	0.00875	0.04166	0.01591	0.02463	0.03216	0.01626	0.01244	0.00577	0.00554	0.00115	0.00542	0.00463	0.00452	0.73933
61	0.02227	0.02254	0.01848	0.01634	0.02054	0.25118	0.01263	0.11291	0.38474	0.02808	0.02199	0.02127	0.01671	0.00893	0.00710	0.00223	0.00848	0.00683	0.00616	0.01058
62	0.00932	0.00677	0.00884	0.01025	0.01090	0.00646	0.00695	0.01150	0.04166	0.01969	0.08019	0.66839	0.04829	0.02176	0.00916	0.00289	0.00423	0.01969	0.00685	0.00619
63	0.00899	0.00642	0.00859	0.01027	0.01075	0.00602	0.00698	0.01035	0.01405	0.01871	0.03999	0.70909	0.04779	0.02265	0.00931	0.00297	0.00433	0.05006	0.00675	0.00594
64	0.01507	0.01292	0.01507	0.01077	0.01723	0.00969	0.00861	0.01830	0.01507	0.02369	0.01292	0.01507	0.01077	0.00538	0.00538	0.00108	0.00538	0.00431	0.00431	0.78898
65	0.01703	0.02047	0.07475	0.03016	0.03768	0.01831	0.64180	0.02327	0.01707	0.02327	0.01463	0.01940	0.01094	0.00616	0.00850	0.00244	0.01218	0.00842	0.00365	0.00985
66	0.01056	0.00708	0.00808	0.00808	0.00813	0.00713	0.00459	0.01067	0.01062	0.01421	0.02276	0.04680	0.02609	0.71648	0.06460	0.00724	0.00755	0.01046	0.00438	0.00449
67	0.01056	0.00709	0.00813	0.00813	0.00819	0.00715	0.00465	0.01070	0.01063	0.01424	0.02272	0.04657	0.02599	0.70824	0.07271	0.00729	0.00770	0.01042	0.00438	0.00451
68	0.01507	0.01292	0.01507	0.01077	0.01723	0.00969	0.00861	0.01830	0.01507	0.02369	0.01292	0.01507	0.01077	0.00538	0.00538	0.00108	0.00538	0.00431	0.00431	0.78898
69	0.00886	0.00633	0.00843	0.01012	0.01054	0.00590	0.00675	0.01012	0.01392	0.01856	0.04006	0.73979	0.04808	0.02277	0.00928	0.00295	0.00422	0.02066	0.00675	0.00590
70	0.00903	0.00651	0.00859	0.01019	0.01080	0.00608	0.00701	0.01046	0.01423	0.01882	0.04166	0.66325	0.08043	0.02238	0.00929	0.00295	0.00435	0.06125	0.00674	0.00597
71	0.00886	0.00633	0.00843	0.01012	0.01054	0.00590	0.00675	0.01012	0.01392	0.01856	0.04006	0.73979	0.04808	0.02277	0.00928	0.00295	0.00422	0.02066	0.00675	0.00590
72	0.01799	0.01727	0.02950	0.04462	0.69919	0.01727	0.02231	0.02231	0.01655	0.02375	0.01367	0.01799	0.01151	0.00648	0.00720	0.00216	0.00864	0.00648	0.00360	0.01151
73	0.00901	0.00643	0.00861	0.01029	0.01078	0.00603	0.00701	0.01038	0.01407	0.01872	0.03998	0.70519	0.04775	0.02263	0.00932	0.00297	0.00435	0.05379	0.00674	0.00595
74	0.00907	0.00778	0.00782	0.00774	0.01028	0.00674	0.00583	0.01186	0.05041	0.02018	0.07141	0.06779	0.66217	0.01798	0.00853	0.00246	0.00379	0.01498	0.00678	0.00641
75	0.03261	0.01237	0.01687	0.01293	0.01856	0.01068	0.01068	0.03543	0.02081	0.70423	0.02868	0.02474	0.01799	0.00900	0.00731	0.00225	0.00619	0.00731	0.00900	0.01237
76	0.01263	0.00631	0.00947	0.00947	0.00947	0.00631	0.00631	0.00947	0.00947	0.01263	0.01263	0.02210	0.01263	0.02525	0.02841	0.78851	0.00631	0.00631	0.00316	0.00316
77	0.02641	0.03341	0.02071	0.01875	0.02225	0.66975	0.01417	0.02827	0.01998	0.01777	0.01112	0.01329	0.00938	0.00783	0.00769	0.00196	0.06036	0.00479	0.00371	0.00840
78	0.68048	0.01292	0.01050	0.00955	0.01338	0.01483	0.00764	0.01961	0.01194	0.02967	0.01049	0.01332	0.00857	0.00947	0.00802	0.11809	0.00572	0.00429	0.00430	0.00718
79	0.05407	0.03641	0.67169	0.02015	0.03058	0.01685	0.02590	0.02294	0.01520	0.02351	0.01290	0.01517	0.00914	0.00690	0.00678	0.00230	0.01048	0.00530	0.00314	0.01060
80	0.01728	0.01655	0.02822	0.15844	0.59093	0.01708	0.02195	0.02169	0.01622	0.02288	0.01355	0.01822	0.01121	0.00661	0.00721	0.00220	0.00881	0.00647	0.00354	0.01094
81	0.00886	0.00633	0.00843	0.01012	0.01054	0.00590	0.00675	0.01012	0.01392	0.01856	0.04006	0.73979	0.04808	0.02277	0.00928	0.00295	0.00422	0.02066	0.00675	0.00590
82	0.01423	0.03566	0.66366	0.02006	0.03017	0.01620	0.02561	0.02222	0.01526	0.02274	0.01472	0.06018	0.01161	0.00789	0.00705	0.00234	0.01034	0.00632	0.00330	0.01044
83	0.01799	0.01727	0.02950	0.04462	0.69919	0.01727	0.02231	0.02231	0.01655	0.02375	0.01367	0.01799	0.01151	0.00648	0.00720	0.00216	0.00864	0.00648	0.00360	0.01151
84	0.02419	0.01537	0.01777	0.01385	0.01918	0.01520	0.01121	0.31177	0.02478	0.19715	0.02164	0.09627	0.01722	0.00960	0.00710	0.00205	0.00661	0.00778	0.00701	0.17425
85	0.01048	0.00706	0.00790	0.00790	0.00802	0.00700	0.00446	0.01056	0.01085	0.01435	0.02527	0.04861	0.05770	0.71064	0.03567	0.00683	0.00689	0.01079	0.00451	0.00449
86	0.00948	0.00694	0.00920	0.03016	0.01186	0.00682	0.00737	0.01097	0.01401	0.01880	0.03893	0.60079	0.07519	0.04424	0.01039	0.00302	0.02579	0.03970	0.03027	0.00604
87	0.01742	0.01713	0.02617	0.22966	0.44334	0.06262	0.02067	0.02250	0.04839	0.02225	0.01407	0.01849	0.01138	0.00692	0.00718	0.00223	0.00908	0.00644	0.00369	0.01036
88	0.01211	0.00794	0.00969	0.00895	0.01133	0.00703	0.00682	0.01494	0.01925	0.09841	0.41348	0.05642	0.27546	0.01543	0.00844	0.00234	0.00381	0.01326	0.00769	0.00721
89	0.01058	0.00705	0.00814	0.00823	0.00839	0.00711	0.00484	0.01092	0.01098	0.01496	0.02359	0.08065	0.02673	0.63903	0.07646	0.00694	0.00754	0.01077	0.03241	0.00469
90	0.01549	0.01317	0.01530	0.01096	0.01740	0.01012	0.00879	0.04005	0.01571	0.02442	0.01307	0.01515	0.01082	0.00549	0.00545	0.00111	0.00547	0.00438	0.00440	0.76325
91	0.63185	0.01398	0.01219	0.01042	0.01517	0.01552	0.00859	0.04726	0.01466	0.15324	0.01370	0.01432	0.00984	0.00722	0.00510	0.00225	0.00581	0.00463	0.00540	0.00884
92	0.00893	0.00638	0.00850	0.01007	0.01056	0.00595	0.00675	0.01030	0.01424	0.01907	0.07205	0.70633	0.04908	0.02239	0.00924	0.00292	0.00418	0.02030	0.00681	0.00595
93	0.00970	0.00763	0.00890	0.00923	0.01136	0.00684	0.00736	0.01221	0.01732	0.02186	0.17427	0.07030	0.41636	0.01821	0.00896	0.00266	0.00442	0.17904	0.00696	0.00641
94	0.02818	0.01948	0.02127	0.01631	0.02210	0.02124	0.01347	0.60469	0.03271	0.11815	0.01869	0.01825	0.01298	0.00876	0.00728	0.00219	0.00780	0.00663	0.00746	0.01236
95	0.01664	0.01438	0.01960	0.01423	0.02065	0.01202	0.10649	0.05256	0.04867	0.04466	0.01466	0.01671	0.01164	0.00597	0.00610	0.00143	0.00656	0.00532	0.00464	0.57707
96	0.75863	0.01398	0.01099	0.00972	0.01428	0.01603	0.00801	0.02205	0.01278	0.06540	0.01103	0.01244	0.00837	0.00686	0.00464	0.00225	0.00565	0.00410	0.00472	0.00809
97	0.02732	0.02020	0.02164	0.01666	0.02242	0.02240	0.01374	0.65405	0.05560	0.04531	0.01785	0.01777	0.01268	0.00876	0.00728	0.00219	0.00793	0.00660	0.00728	0.01233
98	0.01057	0.00705	0.00793	0.00793	0.00793	0.00705	0.00440	0.01057	0.01057	0.01409	0.02290	0.04757	0.02643	0.74454	0.03700	0.00705	0.00705	0.01057	0.00440	0.00440
99	0.00884	0.00637	0.00838	0.00999	0.01051	0.00592	0.00669	0.01014	0.01404	0.01861	0.04163	0.70852	0.07834	0.02257	0.00925	0.00293	0.00419	0.02042	0.00675	0.00592
100	0.01507	0.01292	0.01507	0.01077	0.01723	0.00969	0.00861	0.01830	0.01507	0.02369	0.01292	0.01507	0.01077	0.00538	0.00538	0.00108	0.00538	0.00431	0.00431	0.78898
101	0.00884	0.00639	0.00837	0.00995	0.01050	0.00592	0.00667	0.01014	0.01408	0.01862	0.04214	0.69834	0.08819	0.02250	0.00924	0.00292	0.00418	0.02034	0.00675	0.00592
102	0.01118	0.00755	0.00852	0.00839	0.00865	0.00762	0.00490	0.03757	0.01169	0.01560	0.02352	0.08013	0.02691	0.67939	0.03444	0.00665	0.00695	0.01090	0.00464	0.00480
103	0.01582	0.01327	0.01525	0.01110	0.01730	0.01061	0.00890	0.07459	0.01680	0.02538	0.01651	0.01817	0.04697	0.00636	0.00572	0.00124	0.00552	0.00508	0.00469	0.68074
104	0.02818	0.01948	0.02127	0.01631	0.02210	0.02123	0.01347	0.60416	0.03270	0.11869	0.01869	0.01826	0.01299	0.00876	0.00728	0.00219	0.00780	0.00663	0.00746	0.01236
105	0.00938	0.00732	0.00858	0.00936	0.01080	0.00677	0.00659	0.01212	0.05671	0.02004	0.07333	0.42509	0.28726	0.02010	0.00888	0.00272	0.00409	0.01768	0.00683	0.00637
106	0.01147	0.00767	0.01001	0.00998	0.01177	0.00708	0.00763	0.01433	0.01855	0.06722	0.39439	0.17746	0.11263	0.01691	0.00882	0.00256	0.00421	0.10280	0.00755	0.00695
107	0.01943	0.74891	0.03809	0.01244	0.01866	0.02876	0.01244	0.02177	0.01477	0.01710	0.01011	0.01166	0.00933	0.00622	0.00466	0.00155	0.00777	0.00389	0.00311	0.00933
108	0.00898	0.00638	0.00840	0.00997	0.01036	0.00598	0.00658	0.01015	0.01368	0.01825	0.03887	0.69155	0.04657	0.07307	0.01121	0.00324	0.00441	0.01996	0.00658	0.00580
109	0.01507	0.01292	0.01507	0.01077	0.01723	0.00969	0.00861	0.01830	0.01507	0.02369	0.01292	0.01507	0.01077	0.00538	0.00538	0.00108	0.00538	0.00431	0.00431	0.78898
110	0.00953	0.00775	0.00854	0.00858	0.01088	0.00689	0.00664	0.01239	0.03851	0.02177	0.16920	0.06744	0.49746	0.01775	0.00872	0.00253	0.00405	0.08790	0.00697	0.00649
111	0.00886	0.00633	0.00843	0.01012	0.01054	0.00590	0.00675	0.01012	0.01392	0.01856	0.04006	0.73979	0.04808	0.02277	0.00928	0.00295	0.00422	0.02066	0.00675	0.00590
112	0.01010	0.00739	0.00947	0.00902	0.01076	0.00677	0.00674	0.01332	0.02003	0.02800	0.62151	0.07546	0.12347	0.01540	0.00860	0.00232	0.00347	0.01356	0.00786	0.00677
113	0.01029	0.00743	0.00972	0.00914	0.01086	0.00686	0.00686	0.01372	0.02058	0.02915	0.69536	0.05430	0.06859	0.01486	0.00857	0.00229	0.00343	0.01315	0.00800	0.00686
114	0.03261	0.01237	0.01687	0.01293	0.01856	0.01068	0.01068	0.03543	0.02081	0.70423	0.02868	0.02474	0.01799	0.00900	0.00731	0.00225	0.00619	0.00731	0.00900	0.01237
115	0.00886	0.00633	0.00843	0.01012	0.01054	0.00590	0.00675	0.01012	0.01392	0.01856	0.04006	0.73979	0.04808	0.02277	0.00928	0.00295	0.00422	0.02066	0.00675	0.00590
116	0.01458	0.03760	0.70688	0.02072	0.03146	0.01688	0.02686	0.02302	0.01535	0.02302	0.01304	0.01535	0.00921	0.00691	0.00691	0.00230	0.01074	0.00537	0.00307	0.01074
117	0.01782	0.01699	0.02839	0.07034	0.63088	0.01728	0.02155	0.02317	0.05790	0.02395	0.01463	0.01861	0.01210	0.00672	0.00721	0.00219	0.00850	0.00658	0.00382	0.01137
118	0.01029	0.00743	0.00972	0.00914	0.01086	0.00686	0.00686	0.01372	0.02058	0.02915	0.69536	0.05430	0.06859	0.01486	0.00857	0.00229	0.00343	0.01315	0.00800	0.00686
119	0.01458	0.03760	0.70688	0.02072	0.03146	0.01688	0.02686	0.02302	0.01535	0.02302	0.01304	0.01535	0.00921	0.00691	0.00691	0.00230	0.01074	0.00537	0.00307	0.01074
120	0.01594	0.01517	0.02579	0.37355	0.38632	0.01673	0.02129	0.02051	0.01558	0.02125	0.01331	0.01866	0.01063	0.00686	0.00723	0.00229	0.00914	0.00647	0.00342	0.00986
121	0.05799	0.01940	0.02058	0.01597	0.02151	0.02151	0.01315	0.60089	0.05394	0.04401	0.01781	0.01793	0.01276	0.00867	0.00707	0.00217	0.00764	0.00650	0.03857	0.01193
122	0.02763	0.02036	0.02182	0.01672	0.02254	0.02254	0.01382	0.67496	0.03418	0.04581	0.01745	0.01745	0.01236	0.00873	0.00727	0.00218	0.00800	0.00654	0.00727	0.01236

[dist]
# distance from previous block
# <min> <max>
0	2

[block]
# block no. 5 follows, 28 sequences, length 31
# corresponding to MSA columns:
# 215-245
name=unknown_F
#
# <colnr> <probs for GDERKNQSTAVLIFYWHMCP>
#	G	D	E	R	K	N	Q	S	T	A	V	L	I	F	Y	W	H	M	C	P
0	0.79588	0.01406	0.01068	0.00956	0.01406	0.01631	0.00787	0.02137	0.01237	0.03261	0.01012	0.01181	0.00787	0.00675	0.00450	0.00225	0.00562	0.00394	0.00450	0.00787
1	0.02529	0.01897	0.02056	0.01561	0.02155	0.02015	0.01285	0.55256	0.03062	0.04169	0.01661	0.01701	0.01206	0.00810	0.00692	0.00198	0.00751	0.00613	0.00672	0.15712
2	0.00991	0.00775	0.01111	0.12464	0.01717	0.00818	0.00925	0.01176	0.01391	0.01852	0.03454	0.59669	0.04045	0.01991	0.00953	0.00288	0.03360	0.01784	0.00605	0.00633
3	0.00963	0.00740	0.00881	0.00846	0.01046	0.00658	0.00634	0.01245	0.01903	0.02547	0.45520	0.06035	0.31104	0.01623	0.00858	0.00235	0.00353	0.01399	0.00752	0.00658
4	0.79588	0.01406	0.01068	0.00956	0.01406	0.01631	0.00787	0.02137	0.01237	0.03261	0.01012	0.01181	0.00787	0.00675	0.00450	0.00225	0.00562	0.00394	0.00450	0.00787
5	0.14950	0.02300	0.01952	0.01605	0.02104	0.20638	0.01285	0.37550	0.05054	0.03567	0.01506	0.01574	0.01120	0.00812	0.00664	0.00212	0.00890	0.00569	0.00589	0.01057
6	0.07929	0.02077	0.02099	0.01636	0.02197	0.06276	0.01343	0.59310	0.03191	0.04328	0.01659	0.01682	0.01188	0.00852	0.00704	0.00217	0.00814	0.00626	0.00688	0.01183
7	0.00859	0.00736	0.00736	0.00736	0.00982	0.00614	0.00552	0.01043	0.01657	0.01964	0.07364	0.06996	0.69624	0.01841	0.00859	0.00245	0.00368	0.01534	0.00675	0.00614
8	0.03261	0.01237	0.01687	0.01293	0.01856	0.01068	0.01068	0.03543	0.02081	0.70423	0.02868	0.02474	0.01799	0.00900	0.00731	0.00225	0.00619	0.00731	0.00900	0.01237
9	0.02761	0.01961	0.02125	0.01638	0.02212	0.02153	0.01350	0.60476	0.05884	0.09174	0.01872	0.01835	0.01315	0.00879	0.00728	0.00220	0.00778	0.00666	0.00740	0.01233
10	0.00883	0.00744	0.00769	0.00782	0.01021	0.00631	0.00599	0.01078	0.01658	0.01980	0.07098	0.07087	0.64676	0.01854	0.00870	0.00252	0.00391	0.06335	0.00675	0.00618
11	0.01722	0.01944	0.04195	0.03163	0.08472	0.01830	0.62682	0.02322	0.01711	0.02332	0.01463	0.01949	0.01106	0.00615	0.00848	0.00243	0.01200	0.00843	0.00367	0.00992
12	0.01867	0.01749	0.02896	0.04265	0.65137	0.01764	0.02171	0.06843	0.01780	0.02531	0.01394	0.01795	0.01157	0.00664	0.00720	0.00216	0.00859	0.00648	0.00386	0.01157
13	0.02757	0.02211	0.02167	0.01697	0.02253	0.10762	0.01384	0.59563	0.03251	0.04237	0.01669	0.01692	0.01199	0.00857	0.00718	0.00214	0.00863	0.00632	0.00684	0.01188
14	0.02224	0.01552	0.01827	0.01730	0.08140	0.01682	0.01254	0.10014	0.41256	0.18023	0.02671	0.02479	0.01930	0.00925	0.00735	0.00236	0.00634	0.00769	0.00739	0.01178
15	0.03261	0.01237	0.01687	0.01293	0.01856	0.01068	0.01068	0.03543	0.02081	0.70423	0.02868	0.02474	0.01799	0.00900	0.00731	0.00225	0.00619	0.00731	0.00900	0.01237
16	0.01507	0.01292	0.01507	0.01077	0.01723	0.00969	0.00861	0.01830	0.01507	0.02369	0.01292	0.01507	0.01077	0.00538	0.00538	0.00108	0.00538	0.00431	0.00431	0.78898
17	0.01500	0.03510	0.62369	0.02365	0.11346	0.01693	0.02630	0.02293	0.01549	0.02311	0.01312	0.01567	0.00949	0.00685	0.00694	0.00228	0.01048	0.00551	0.00313	0.01084
18	0.01171	0.00837	0.01171	0.01339	0.01506	0.00837	0.01171	0.01506	0.01673	0.02175	0.03849	0.08199	0.04183	0.02008	0.01004	0.00335	0.00669	0.65027	0.00669	0.00669
19	0.00886	0.00633	0.00843	0.01012	0.01054	0.00590	0.00675	0.01012	0.01392	0.01856	0.04006	0.73979	0.04808	0.02277	0.00928	0.00295	0.00422	0.02066	0.00675	0.00590
20	0.00886	0.00633	0.00843	0.01012	0.01054	0.00590	0.00675	0.01012	0.01392	0.01856	0.04006	0.73979	0.04808	0.02277	0.00928	0.00295	0.00422	0.02066	0.00675	0.00590
21	0.03261	0.01237	0.01687	0.01293	0.01856	0.01068	0.01068	0.03543	0.02081	0.70423	0.02868	0.02474	0.01799	0.00900	0.00731	0.00225	0.00619	0.00731	0.00900	0.01237
22	0.00886	0.00633	0.00843	0.01012	0.01054	0.00590	0.00675	0.01012	0.01392	0.01856	0.04006	0.73979	0.04808	0.02277	0.00928	0.00295	0.00422	0.02066	0.00675	0.00590
23	0.01171	0.00837	0.01171	0.01339	0.01506	0.00837	0.01171	0.01506	0.01673	0.02175	0.03849	0.08199	0.04183	0.02008	0.01004	0.00335	0.00669	0.65027	0.00669	0.00669
24	0.01943	0.74891	0.03809	0.01244	0.01866	0.02876	0.01244	0.02177	0.01477	0.01710	0.01011	0.01166	0.00933	0.00622	0.00466	0.00155	0.00777	0.00389	0.00311	0.00933
25	0.01458	0.03760	0.70688	0.02072	0.03146	0.01688	0.02686	0.02302	0.01535	0.02302	0.01304	0.01535	0.00921	0.00691	0.00691	0.00230	0.01074	0.00537	0.00307	0.01074
26	0.03261	0.01237	0.01687	0.01293	0.01856	0.01068	0.01068	0.03543	0.02081	0.70423	0.02868	0.02474	0.01799	0.00900	0.00731	0.00225	0.00619	0.00731	0.00900	0.01237
27	0.01038	0.00779	0.01168	0.01168	0.01298	0.00909	0.00909	0.01298	0.01168	0.01687	0.01947	0.02856	0.01817	0.05452	0.71573	0.01168	0.01947	0.00779	0.00389	0.00649
28	0.01808	0.01561	0.01644	0.01479	0.01890	0.01808	0.01151	0.03863	0.68606	0.03041	0.02959	0.02712	0.02219	0.00986	0.00740	0.00247	0.00575	0.00822	0.00740	0.01151
29	0.79588	0.01406	0.01068	0.00956	0.01406	0.01631	0.00787	0.02137	0.01237	0.03261	0.01012	0.01181	0.00787	0.00675	0.00450	0.00225	0.00562	0.00394	0.00450	0.00787
30	0.02707	0.02008	0.02150	0.01661	0.02233	0.02228	0.01368	0.63763	0.07241	0.04491	0.01816	0.01802	0.01294	0.00879	0.00728	0.00220	0.00787	0.00664	0.00728	0.01231

[dist]
# distance from previous block
# <min> <max>
0	1

[block]
# block no. 6 follows, 28 sequences, length 8
# corresponding to MSA columns:
# 247-254
name=unknown_G
#
# <colnr> <probs for GDERKNQSTAVLIFYWHMCP>
#	G	D	E	R	K	N	Q	S	T	A	V	L	I	F	Y	W	H	M	C	P
0	0.00900	0.00738	0.00793	0.00780	0.01007	0.00631	0.00585	0.01123	0.01754	0.02194	0.22434	0.06616	0.54410	0.01755	0.00859	0.00241	0.00362	0.01481	0.00705	0.00631
1	0.59022	0.01678	0.09896	0.01144	0.01688	0.01559	0.01065	0.02356	0.01393	0.12607	0.01310	0.01408	0.00947	0.00708	0.00520	0.00226	0.00635	0.00459	0.00495	0.00887
2	0.02024	0.49782	0.16585	0.01441	0.02133	0.05743	0.01515	0.02380	0.01580	0.09079	0.01269	0.01383	0.01022	0.00671	0.00547	0.00179	0.00844	0.00458	0.00375	0.00988
3	0.64287	0.01384	0.01286	0.14993	0.02110	0.01628	0.01028	0.02082	0.01279	0.02987	0.01067	0.01329	0.00823	0.00685	0.00504	0.00228	0.00642	0.00443	0.00425	0.00791
4	0.65960	0.01609	0.08407	0.01071	0.01567	0.01572	0.00981	0.02102	0.01325	0.03136	0.05741	0.01509	0.01218	0.00732	0.00503	0.00226	0.00601	0.00472	0.00459	0.00811
5	0.47039	0.08767	0.01503	0.01071	0.01551	0.01553	0.00901	0.02464	0.01531	0.20706	0.05561	0.01771	0.01427	0.00777	0.00549	0.00218	0.00586	0.00536	0.00575	0.00914
6	0.01905	0.69336	0.09033	0.01308	0.01966	0.02783	0.01356	0.02186	0.01481	0.01756	0.01034	0.01195	0.00932	0.00627	0.00484	0.00161	0.00801	0.00400	0.00311	0.00944
7	0.02508	0.02373	0.15584	0.01751	0.02429	0.02143	0.01637	0.54742	0.03049	0.04135	0.01659	0.01704	0.01174	0.00837	0.00720	0.00221	0.00854	0.00632	0.00645	0.01205

[dist]
# distance from previous block
# <min> <max>
0	1

[block]
# block no. 7 follows, 28 sequences, length 8
# corresponding to MSA columns:
# 256-263
name=unknown_H
#
# <colnr> <probs for GDERKNQSTAVLIFYWHMCP>
#	G	D	E	R	K	N	Q	S	T	A	V	L	I	F	Y	W	H	M	C	P
0	0.02572	0.01896	0.02069	0.01616	0.02148	0.02105	0.01329	0.60141	0.03168	0.04260	0.01768	0.01869	0.01301	0.01381	0.08599	0.00324	0.00927	0.00668	0.00690	0.01171
