[name]
unknown

[dist]
# distance from previous block
# <min> <max>
0	44

[block]
# block no. 0 follows, 26 sequences, length 48
# corresponding to MSA columns:
# 44-91
name=unknown_A
#
# <colnr> <probs for GDERKNQSTAVLIFYWHMCP>
#	G	D	E	R	K	N	Q	S	T	A	V	L	I	F	Y	W	H	M	C	P
0	0.01299	0.01142	0.01879	0.35186	0.03385	0.01282	0.06066	0.01704	0.01610	0.02097	0.05712	0.15030	0.04765	0.01363	0.00873	0.00282	0.00823	0.14215	0.00510	0.00777
1	0.01531	0.03474	0.56981	0.02312	0.07772	0.01705	0.05865	0.02335	0.01655	0.02450	0.05715	0.01907	0.01390	0.00767	0.00743	0.00240	0.01064	0.00638	0.00361	0.01095
2	0.01506	0.00882	0.01064	0.00963	0.01262	0.00766	0.00742	0.01765	0.01936	0.17236	0.23918	0.08619	0.33198	0.01616	0.00869	0.00249	0.00437	0.01373	0.00794	0.00806
3	0.01521	0.03923	0.69413	0.02162	0.03283	0.01762	0.02802	0.02402	0.01601	0.02402	0.01361	0.01601	0.00961	0.00721	0.00721	0.00240	0.01121	0.00560	0.00320	0.01121
4	0.01453	0.01369	0.02313	0.68381	0.08200	0.01691	0.02117	0.01956	0.01527	0.01963	0.01352	0.02015	0.01020	0.00754	0.00758	0.00251	0.01006	0.00674	0.00339	0.00859
5	0.01719	0.01654	0.02830	0.27412	0.38830	0.01774	0.06661	0.02288	0.05016	0.02324	0.01492	0.01988	0.01189	0.00720	0.00765	0.00239	0.00950	0.00700	0.00383	0.01065
6	0.00942	0.00754	0.00842	0.00854	0.01061	0.00654	0.00628	0.01164	0.01786	0.02264	0.21276	0.16587	0.44717	0.01902	0.00907	0.00260	0.00386	0.01629	0.00735	0.00654
7	0.00924	0.00660	0.00880	0.01056	0.01100	0.00616	0.00704	0.01056	0.01452	0.01936	0.04181	0.72848	0.05017	0.02376	0.00968	0.00308	0.00440	0.02156	0.00704	0.00616
8	0.01642	0.01474	0.02279	0.57335	0.04614	0.01819	0.01986	0.10477	0.01765	0.02309	0.01386	0.01970	0.01047	0.00819	0.00880	0.00255	0.05976	0.00675	0.00393	0.00901
9	0.01008	0.00774	0.01045	0.01163	0.01202	0.00811	0.00813	0.01144	0.01419	0.01924	0.03817	0.64714	0.04557	0.02257	0.01142	0.00311	0.08611	0.01986	0.00662	0.00640
10	0.00924	0.00660	0.00880	0.01056	0.01100	0.00616	0.00704	0.01056	0.01452	0.01936	0.04181	0.72848	0.05017	0.02376	0.00968	0.00308	0.00440	0.02156	0.00704	0.00616
11	0.01659	0.01659	0.02323	0.01991	0.01991	0.02323	0.01659	0.01825	0.01162	0.01825	0.00996	0.01659	0.00996	0.01328	0.02489	0.00332	0.71955	0.00664	0.00332	0.00830
12	0.64259	0.04960	0.01334	0.01084	0.01552	0.06530	0.00892	0.02333	0.01408	0.05883	0.01188	0.01347	0.00918	0.00722	0.00499	0.00227	0.00647	0.00440	0.02929	0.00848
13	0.01778	0.01607	0.02633	0.23009	0.03335	0.01922	0.14054	0.02287	0.06120	0.07696	0.01519	0.02002	0.01197	0.00971	0.01398	0.00280	0.26099	0.00733	0.00425	0.00935
14	0.01956	0.04379	0.06360	0.11436	0.42459	0.08100	0.05640	0.06166	0.01843	0.02469	0.01409	0.01818	0.01142	0.00708	0.00744	0.00226	0.00981	0.00656	0.00391	0.01116
15	0.02090	0.01866	0.01821	0.01604	0.02051	0.08058	0.01253	0.11338	0.53831	0.03247	0.02765	0.02579	0.02074	0.00993	0.00762	0.00248	0.00697	0.00804	0.00736	0.01183
16	0.01432	0.01332	0.02143	0.56892	0.04485	0.01615	0.01897	0.01879	0.01493	0.01975	0.01478	0.05835	0.01239	0.00870	0.00875	0.00250	0.05930	0.00736	0.00366	0.07276
17	0.01828	0.01601	0.01722	0.01730	0.07832	0.04505	0.01218	0.03471	0.49528	0.02929	0.02968	0.02931	0.04642	0.03670	0.00869	0.00264	0.00639	0.00853	0.05691	0.01107
18	0.01727	0.01832	0.03022	0.22028	0.03614	0.06396	0.24124	0.02241	0.04407	0.02128	0.01385	0.01928	0.01110	0.00879	0.01253	0.00271	0.19616	0.00744	0.00374	0.00920
19	0.00923	0.00664	0.00876	0.01045	0.01097	0.00617	0.00699	0.01057	0.01463	0.01941	0.04313	0.70375	0.07404	0.02359	0.00965	0.00306	0.00438	0.02135	0.00704	0.00617
20	0.01603	0.01400	0.01718	0.17166	0.02572	0.01473	0.01267	0.02676	0.27512	0.02583	0.02464	0.05784	0.04885	0.00939	0.00724	0.00217	0.00664	0.00795	0.00575	0.22982
21	0.01704	0.02649	0.25330	0.02865	0.03745	0.01868	0.45608	0.02421	0.01730	0.02421	0.01479	0.01903	0.01090	0.00665	0.00839	0.00251	0.01228	0.00788	0.00363	0.01054
22	0.00896	0.00768	0.00768	0.00768	0.01025	0.00640	0.00576	0.01089	0.01729	0.02049	0.07684	0.07300	0.68304	0.01921	0.00896	0.00256	0.00384	0.01601	0.00704	0.00640
23	0.01659	0.01659	0.02323	0.01991	0.01991	0.02323	0.01659	0.01825	0.01162	0.01825	0.00996	0.01659	0.00996	0.01328	0.02489	0.00332	0.71955	0.00664	0.00332	0.00830
24	0.13951	0.01316	0.01670	0.01300	0.01871	0.01197	0.01074	0.03491	0.02048	0.59929	0.02721	0.02393	0.01730	0.00906	0.00722	0.00235	0.00637	0.00713	0.00873	0.01225
25	0.01630	0.01616	0.02267	0.01952	0.01959	0.02253	0.01623	0.01801	0.01165	0.01822	0.01049	0.01727	0.01042	0.01551	0.05966	0.00377	0.68372	0.00671	0.00336	0.00822
26	0.01021	0.00722	0.00830	0.00874	0.00931	0.00689	0.00542	0.01089	0.01302	0.01690	0.03781	0.22405	0.14986	0.42838	0.02608	0.00543	0.00599	0.01456	0.00564	0.00531
27	0.00922	0.00667	0.00873	0.01037	0.01095	0.00618	0.00696	0.01058	0.01470	0.01944	0.04408	0.68593	0.09125	0.02347	0.00963	0.00305	0.00436	0.02120	0.00704	0.00618
28	0.01431	0.01307	0.02173	0.66923	0.04942	0.01622	0.02004	0.01927	0.01521	0.01996	0.01421	0.02075	0.01072	0.00766	0.00744	0.00248	0.00968	0.00676	0.05350	0.00834
29	0.01674	0.01701	0.02556	0.02122	0.02205	0.02279	0.08607	0.01891	0.01230	0.01891	0.01054	0.01701	0.01012	0.01253	0.02317	0.00324	0.64306	0.00689	0.00337	0.00851
30	0.32835	0.01588	0.04638	0.01407	0.03715	0.04866	0.01130	0.03925	0.01413	0.02676	0.01397	0.01938	0.01222	0.07388	0.03334	0.00321	0.16018	0.00597	0.08775	0.00817
31	0.00924	0.00660	0.00880	0.01056	0.01100	0.00616	0.00704	0.01056	0.01452	0.01936	0.04181	0.72848	0.05017	0.02376	0.00968	0.00308	0.00440	0.02156	0.00704	0.00616
32	0.05455	0.12017	0.02502	0.01843	0.01959	0.02390	0.01567	0.01909	0.01222	0.01896	0.01007	0.01575	0.00984	0.01200	0.02103	0.00303	0.58264	0.00614	0.00338	0.00850
33	0.13090	0.01860	0.03558	0.08459	0.03484	0.01911	0.43848	0.02292	0.01624	0.02465	0.01389	0.01881	0.01073	0.00735	0.00997	0.00261	0.08949	0.00780	0.00387	0.00957
34	0.02626	0.01930	0.02085	0.01641	0.02169	0.02123	0.01330	0.57270	0.03263	0.04372	0.02054	0.08151	0.01685	0.04557	0.00928	0.00259	0.00796	0.00831	0.00739	0.01191
35	0.02833	0.03615	0.02149	0.01954	0.02345	0.70298	0.01466	0.03029	0.02149	0.01856	0.01172	0.01368	0.00977	0.00782	0.00684	0.00195	0.01368	0.00489	0.00391	0.00879
36	0.01579	0.01695	0.03485	0.02613	0.03157	0.01642	0.46147	0.02067	0.01667	0.02272	0.02115	0.18558	0.02043	0.01093	0.01024	0.00273	0.06027	0.01174	0.00455	0.00914
37	0.00939	0.00732	0.00853	0.00903	0.01071	0.00646	0.00647	0.01140	0.01709	0.02192	0.17609	0.29893	0.34936	0.02012	0.00921	0.00271	0.00399	0.01753	0.00728	0.00646
38	0.00920	0.00675	0.00865	0.01016	0.01090	0.00619	0.00686	0.01061	0.01491	0.01952	0.04666	0.63757	0.13794	0.02313	0.00958	0.00301	0.00432	0.02079	0.00704	0.00619
39	0.03030	0.01690	0.01983	0.01542	0.02123	0.01733	0.01267	0.31169	0.09001	0.34528	0.02486	0.02271	0.01661	0.00935	0.00762	0.00234	0.00724	0.00737	0.00844	0.01282
40	0.01659	0.01659	0.02323	0.01991	0.01991	0.02323	0.01659	0.01825	0.01162	0.01825	0.00996	0.01659	0.00996	0.01328	0.02489	0.00332	0.71955	0.00664	0.00332	0.00830
41	0.01103	0.00735	0.00827	0.00827	0.00827	0.00735	0.00460	0.01103	0.01103	0.01471	0.02390	0.04964	0.02758	0.73343	0.03861	0.00735	0.00735	0.01103	0.00460	0.00460
42	0.00995	0.00772	0.00905	0.00872	0.01085	0.00682	0.00654	0.01279	0.01962	0.02602	0.41388	0.06390	0.34254	0.01715	0.00895	0.00246	0.00370	0.01473	0.00777	0.00682
43	0.02841	0.02103	0.02252	0.01737	0.02336	0.02332	0.01431	0.63429	0.06289	0.04712	0.01875	0.01864	0.01334	0.00916	0.00759	0.00229	0.00825	0.00690	0.00759	0.01286
44	0.01132	0.00784	0.00971	0.00944	0.01144	0.00703	0.00700	0.01409	0.01934	0.06233	0.39186	0.16257	0.22301	0.01740	0.00899	0.00254	0.00393	0.01518	0.00787	0.00712
45	0.01517	0.00807	0.00817	0.00780	0.00987	0.00823	0.00594	0.06289	0.01730	0.02965	0.02428	0.02757	0.01898	0.00886	0.00546	0.00180	0.00387	0.00705	0.72154	0.00748
46	0.56973	0.01398	0.01243	0.04333	0.01666	0.01574	0.00909	0.05663	0.01497	0.07356	0.01712	0.01865	0.05691	0.00912	0.00668	0.04011	0.00613	0.00556	0.00518	0.00841
47	0.02671	0.01962	0.02183	0.01722	0.02242	0.02213	0.01416	0.47837	0.10532	0.08567	0.01955	0.01970	0.01415	0.00971	0.00948	0.00243	0.08492	0.00706	0.00726	0.01230

[dist]
# distance from previous block
# <min> <max>
0	4

[block]
# block no. 1 follows, 26 sequences, length 29
# corresponding to MSA columns:
# 96-124
name=unknown_B
#
# <colnr> <probs for GDERKNQSTAVLIFYWHMCP>
#	G	D	E	R	K	N	Q	S	T	A	V	L	I	F	Y	W	H	M	C	P
0	0.07409	0.18499	0.02405	0.08616	0.05882	0.01908	0.01334	0.09383	0.01792	0.09342	0.01532	0.03666	0.01254	0.00817	0.00798	0.00204	0.07239	0.00597	0.00487	0.16837
1	0.01116	0.00861	0.01282	0.01263	0.01391	0.01027	0.00989	0.01381	0.01216	0.01764	0.01973	0.02904	0.01845	0.05440	0.66464	0.01168	0.06024	0.00804	0.00402	0.00686
2	0.03403	0.01291	0.01760	0.01350	0.01936	0.01115	0.01115	0.03697	0.02171	0.69137	0.02992	0.02582	0.01878	0.00939	0.00763	0.00235	0.00645	0.00763	0.00939	0.01291
3	0.02334	0.04977	0.06430	0.01740	0.02193	0.17494	0.01462	0.18436	0.13855	0.06674	0.01820	0.01962	0.01406	0.01251	0.05571	0.00303	0.09801	0.00663	0.00567	0.01061
4	0.01278	0.01087	0.01640	0.31378	0.06599	0.01227	0.01413	0.01733	0.05885	0.02093	0.02798	0.28512	0.05093	0.01419	0.00831	0.00269	0.00714	0.01270	0.03971	0.00789
5	0.00983	0.00756	0.00899	0.00897	0.01086	0.00672	0.00660	0.01244	0.01884	0.02496	0.35424	0.16041	0.30591	0.01814	0.00906	0.00255	0.00380	0.01574	0.00765	0.00672
6	0.01103	0.00735	0.00827	0.00827	0.00827	0.00735	0.00460	0.01103	0.01103	0.01471	0.02390	0.04964	0.02758	0.73343	0.03861	0.00735	0.00735	0.01103	0.00460	0.00460
7	0.02273	0.05070	0.02740	0.06659	0.02774	0.05515	0.20021	0.14575	0.04947	0.15549	0.02095	0.08264	0.01674	0.00956	0.00858	0.00246	0.03245	0.00872	0.00598	0.01068
8	0.01713	0.01834	0.03369	0.05688	0.03096	0.02097	0.32936	0.02125	0.01484	0.02125	0.01274	0.01864	0.01072	0.00967	0.01636	0.00291	0.34371	0.00777	0.00357	0.00924
9	0.02028	0.01380	0.01542	0.01334	0.01726	0.01457	0.01044	0.14131	0.23554	0.13745	0.03493	0.03859	0.12063	0.10350	0.01193	0.00314	0.00640	0.04378	0.00743	0.01026
10	0.01671	0.01755	0.03218	0.06243	0.03061	0.01884	0.32482	0.02100	0.01539	0.02196	0.01443	0.04784	0.01250	0.00927	0.01360	0.00267	0.23533	0.00814	0.00385	0.09089
11	0.02447	0.02989	0.02054	0.01849	0.02179	0.52895	0.03424	0.02650	0.01923	0.01839	0.01340	0.01801	0.01192	0.05968	0.08084	0.00344	0.05213	0.00584	0.00393	0.00834
12	0.01573	0.01348	0.01573	0.01123	0.01798	0.01011	0.00899	0.01910	0.01573	0.02472	0.01348	0.01573	0.01123	0.00562	0.00562	0.00112	0.00562	0.00449	0.00449	0.77980
13	0.02786	0.07988	0.02278	0.01893	0.02320	0.59776	0.01453	0.08733	0.02240	0.02119	0.01224	0.01399	0.01005	0.00785	0.00678	0.00196	0.01283	0.00501	0.00420	0.00923
14	0.00940	0.00760	0.00836	0.00839	0.01057	0.00655	0.00621	0.01165	0.01799	0.02268	0.21383	0.13273	0.47989	0.01879	0.00903	0.00257	0.00383	0.01602	0.00735	0.00655
15	0.00963	0.00691	0.00854	0.00968	0.01027	0.00647	0.00631	0.01071	0.01404	0.01841	0.04186	0.48970	0.12166	0.18969	0.01638	0.00402	0.00503	0.01842	0.00647	0.00582
16	0.00946	0.00677	0.00900	0.01041	0.01105	0.00631	0.00706	0.01112	0.01556	0.02101	0.13723	0.62836	0.05336	0.02253	0.00957	0.00298	0.00428	0.02039	0.00724	0.00631
17	0.01096	0.00735	0.00844	0.00850	0.00857	0.00739	0.00487	0.01111	0.01120	0.01499	0.02443	0.07412	0.02809	0.68166	0.06249	0.00738	0.00773	0.01131	0.00467	0.00474
18	0.02833	0.03615	0.02149	0.01954	0.02345	0.70298	0.01466	0.03029	0.02149	0.01856	0.01172	0.01368	0.00977	0.00782	0.00684	0.00195	0.01368	0.00489	0.00391	0.00879
19	0.03032	0.01886	0.02128	0.01632	0.02233	0.01997	0.01348	0.48196	0.03166	0.23232	0.02157	0.02039	0.01458	0.00919	0.00760	0.00230	0.00780	0.00706	0.00810	0.01290
20	0.01093	0.00825	0.01046	0.01161	0.01356	0.00778	0.00970	0.01376	0.01724	0.02175	0.05297	0.11601	0.26572	0.02050	0.00991	0.00315	0.00575	0.38719	0.00701	0.00674
21	0.00896	0.00768	0.00768	0.00768	0.01025	0.00640	0.00576	0.01089	0.01729	0.02049	0.07684	0.07300	0.68304	0.01921	0.00896	0.00256	0.00384	0.01601	0.00704	0.00640
22	0.01877	0.01802	0.03079	0.04656	0.68612	0.01802	0.02328	0.02328	0.01727	0.02478	0.01427	0.01877	0.01201	0.00676	0.00751	0.00225	0.00901	0.00676	0.00375	0.01201
23	0.38414	0.01345	0.01326	0.01117	0.01583	0.01427	0.00911	0.06110	0.04314	0.22268	0.01945	0.01953	0.01377	0.00822	0.00590	0.00227	0.00583	0.00588	0.12120	0.00980
24	0.01212	0.00984	0.01395	0.01322	0.01406	0.01213	0.01022	0.01415	0.01187	0.01727	0.01865	0.03022	0.01843	0.15979	0.44502	0.00945	0.17059	0.00828	0.00399	0.00674
25	0.02883	0.02125	0.02276	0.01745	0.02352	0.02352	0.01442	0.66082	0.03566	0.04780	0.01821	0.01821	0.01290	0.00911	0.00759	0.00228	0.00835	0.00683	0.00759	0.01290
26	0.01049	0.00738	0.00932	0.01043	0.01138	0.00704	0.00719	0.03920	0.01609	0.02194	0.08239	0.57844	0.07672	0.02140	0.00922	0.00289	0.00443	0.01921	0.05824	0.00659
27	0.01885	0.01573	0.01636	0.01362	0.01727	0.11434	0.06159	0.14370	0.02132	0.02979	0.11798	0.02786	0.02368	0.04042	0.00826	0.00225	0.00702	0.00784	0.25214	0.05998
28	0.50593	0.01587	0.04564	0.01229	0.01799	0.01544	0.05255	0.02170	0.01409	0.03058	0.01176	0.01389	0.00926	0.00665	0.00532	0.00205	0.00651	0.00460	0.00452	0.20336

[dist]
# distance from previous block
# <min> <max>
0	5

[block]
# block no. 2 follows, 26 sequences, length 10
# corresponding to MSA columns:
# 130-139
name=unknown_C
#
# <colnr> <probs for GDERKNQSTAVLIFYWHMCP>
#	G	D	E	R	K	N	Q	S	T	A	V	L	I	F	Y	W	H	M	C	P
0	0.02649	0.01824	0.02009	0.01541	0.02124	0.01913	0.01265	0.45772	0.02995	0.11184	0.01927	0.01940	0.01376	0.00863	0.00715	0.00209	0.00741	0.00660	0.06265	0.12028
1	0.00990	0.00715	0.00884	0.00949	0.01041	0.00666	0.00639	0.01152	0.01566	0.02094	0.18205	0.35613	0.13163	0.16941	0.01546	0.00375	0.00477	0.01694	0.00682	0.00608
2	0.02023	0.06753	0.02018	0.01771	0.07688	0.05970	0.01303	0.12272	0.04901	0.11192	0.07736	0.11957	0.02355	0.01474	0.05117	0.00310	0.12649	0.00932	0.00602	0.00977
3	0.00999	0.00703	0.00876	0.00985	0.01034	0.00671	0.00647	0.01103	0.01370	0.01810	0.03781	0.43185	0.07790	0.25583	0.01916	0.00448	0.00549	0.05355	0.00624	0.00571
4	0.01103	0.00735	0.00827	0.00827	0.00827	0.00735	0.00460	0.01103	0.01103	0.01471	0.02390	0.04964	0.02758	0.73343	0.03861	0.00735	0.00735	0.01103	0.00460	0.00460
5	0.02810	0.01958	0.02134	0.01649	0.02214	0.02135	0.01347	0.56245	0.03279	0.10221	0.01962	0.02098	0.01440	0.05761	0.00967	0.00262	0.00811	0.00718	0.00755	0.01234
6	0.01722	0.01263	0.01561	0.01412	0.01698	0.01351	0.03125	0.14113	0.13851	0.07600	0.06442	0.32054	0.03359	0.01596	0.00958	0.00275	0.04594	0.01379	0.00719	0.00927
7	0.01168	0.00834	0.01159	0.01334	0.01485	0.00826	0.01127	0.01477	0.01692	0.02209	0.04046	0.20360	0.04485	0.02147	0.01033	0.00342	0.00651	0.52242	0.00699	0.00683
8	0.01832	0.01744	0.02910	0.11374	0.57878	0.01795	0.02234	0.02394	0.05815	0.02466	0.01523	0.01952	0.01252	0.00707	0.00753	0.00230	0.00894	0.00687	0.00396	0.01164
9	0.07846	0.06385	0.02256	0.14003	0.04676	0.20516	0.03640	0.12329	0.09554	0.07119	0.01641	0.01827	0.01245	0.00830	0.00757	0.00228	0.02992	0.00624	0.00517	0.01013

[dist]
# distance from previous block
# <min> <max>
0	1

[block]
# block no. 3 follows, 26 sequences, length 132
# corresponding to MSA columns:
# 141-272
name=unknown_D
#
# <colnr> <probs for GDERKNQSTAVLIFYWHMCP>
#	G	D	E	R	K	N	Q	S	T	A	V	L	I	F	Y	W	H	M	C	P
0	0.01526	0.01419	0.02232	0.52168	0.04310	0.01799	0.01936	0.04931	0.01543	0.02051	0.01410	0.04611	0.01172	0.00936	0.01099	0.00269	0.14635	0.00728	0.00370	0.00853
1	0.53167	0.01499	0.01456	0.11242	0.02138	0.01710	0.01095	0.08646	0.01630	0.09367	0.01352	0.01528	0.00992	0.00754	0.00567	0.00237	0.00678	0.00508	0.00522	0.00914
2	0.00905	0.00769	0.00780	0.00777	0.01030	0.00644	0.00583	0.01105	0.01749	0.02096	0.10560	0.07222	0.65398	0.01903	0.00896	0.00255	0.00383	0.01590	0.00711	0.00644
3	0.01524	0.00918	0.01202	0.04068	0.01369	0.00961	0.00824	0.10782	0.01523	0.02096	0.04920	0.05874	0.01862	0.04629	0.02188	0.46738	0.00653	0.00789	0.06519	0.00561
4	0.01838	0.01340	0.01600	0.01156	0.01818	0.01026	0.00930	0.02169	0.01660	0.12138	0.01587	0.01719	0.01233	0.00616	0.00591	0.00130	0.00574	0.00495	0.00520	0.66861
5	0.02106	0.67022	0.03798	0.01361	0.01985	0.09500	0.01314	0.02344	0.01600	0.01791	0.01066	0.01231	0.00974	0.00662	0.00506	0.00165	0.00865	0.00414	0.00331	0.00964
6	0.01673	0.03692	0.56271	0.02183	0.03160	0.08664	0.05687	0.02438	0.01644	0.02321	0.01333	0.01602	0.00973	0.00752	0.00811	0.00241	0.04570	0.00575	0.00331	0.01078
7	0.01145	0.00859	0.01159	0.01128	0.01195	0.00986	0.00812	0.01294	0.01166	0.01647	0.02085	0.03679	0.02170	0.33252	0.36628	0.00938	0.07919	0.00919	0.00422	0.00601
8	0.01887	0.01629	0.01715	0.01544	0.01972	0.01887	0.01201	0.04031	0.67241	0.03173	0.03087	0.02830	0.02315	0.01029	0.00772	0.00257	0.00600	0.00858	0.00772	0.01201
9	0.01091	0.00746	0.00900	0.00909	0.00935	0.00768	0.00559	0.01146	0.01141	0.01545	0.02412	0.07881	0.02712	0.57742	0.15686	0.00802	0.00954	0.01102	0.00462	0.00506
10	0.03110	0.01369	0.01779	0.01352	0.01953	0.01206	0.01113	0.08747	0.02208	0.54587	0.02669	0.02380	0.01725	0.00885	0.00735	0.00217	0.00650	0.00713	0.00857	0.11745
11	0.01573	0.01348	0.01573	0.01123	0.01798	0.01011	0.00899	0.01910	0.01573	0.02472	0.01348	0.01573	0.01123	0.00562	0.00562	0.00112	0.00562	0.00449	0.00449	0.77980
12	0.00923	0.00666	0.00874	0.01041	0.01096	0.00617	0.00698	0.01058	0.01466	0.01942	0.04360	0.69485	0.08263	0.02353	0.00964	0.00305	0.00437	0.02128	0.00704	0.00617
13	0.00930	0.00674	0.00867	0.01017	0.01080	0.00624	0.00680	0.01062	0.01462	0.01924	0.04428	0.63242	0.10966	0.05813	0.01103	0.00324	0.00449	0.02051	0.00692	0.00611
14	0.01877	0.01802	0.03079	0.04656	0.68612	0.01802	0.02328	0.02328	0.01727	0.02478	0.01427	0.01877	0.01201	0.00676	0.00751	0.00225	0.00901	0.00676	0.00375	0.01201
15	0.03079	0.01811	0.02082	0.01596	0.02196	0.01886	0.01319	0.42598	0.03041	0.29006	0.02262	0.02107	0.01511	0.00921	0.00760	0.00230	0.00763	0.00713	0.00827	0.01290
16	0.01709	0.00794	0.00863	0.00802	0.01040	0.00768	0.00617	0.02054	0.01677	0.12671	0.02551	0.02791	0.01934	0.00892	0.00565	0.00185	0.00397	0.00715	0.66180	0.00794
17	0.02813	0.01885	0.02076	0.01614	0.02177	0.02034	0.01325	0.51790	0.03196	0.13644	0.02106	0.04652	0.01544	0.00968	0.00756	0.00229	0.00770	0.00751	0.04431	0.01237
18	0.17224	0.02925	0.01977	0.01733	0.02180	0.44393	0.01339	0.14851	0.02256	0.02705	0.01274	0.01428	0.01007	0.00791	0.00657	0.00209	0.01119	0.00511	0.00476	0.00946
19	0.00939	0.00696	0.00880	0.01013	0.01110	0.00637	0.00705	0.01102	0.01546	0.02016	0.07263	0.54471	0.17321	0.02243	0.00955	0.00297	0.00439	0.05028	0.00709	0.00629
20	0.13361	0.01618	0.08099	0.07687	0.01987	0.05264	0.01178	0.12449	0.01924	0.03014	0.06235	0.05724	0.01897	0.00934	0.00653	0.00217	0.00672	0.00735	0.22938	0.03414
21	0.05270	0.56724	0.06788	0.01428	0.02018	0.06632	0.01394	0.02278	0.01533	0.01891	0.01071	0.01285	0.00969	0.00725	0.00692	0.00187	0.07383	0.00442	0.00335	0.00956
22	0.01452	0.01133	0.01327	0.01256	0.01456	0.03706	0.00944	0.13432	0.01922	0.02597	0.14041	0.26172	0.03685	0.05529	0.14761	0.00475	0.03364	0.01321	0.00643	0.00782
23	0.01786	0.01901	0.11881	0.37811	0.11164	0.05532	0.02015	0.05353	0.01771	0.07668	0.04730	0.02120	0.01403	0.00805	0.00755	0.00241	0.00965	0.00689	0.00435	0.00976
24	0.00996	0.00722	0.00896	0.00982	0.01076	0.00675	0.00679	0.01156	0.01533	0.02022	0.12114	0.36332	0.14454	0.16115	0.01522	0.00379	0.00500	0.06568	0.00672	0.00608
25	0.78701	0.01467	0.01115	0.00997	0.01467	0.01702	0.00821	0.02230	0.01291	0.03403	0.01056	0.01232	0.00821	0.00704	0.00469	0.00235	0.00587	0.00411	0.00469	0.00821
26	0.01706	0.01942	0.07738	0.13558	0.17543	0.01790	0.35377	0.02284	0.01722	0.02355	0.01614	0.02348	0.01311	0.00752	0.00842	0.00253	0.01117	0.04338	0.00389	0.01021
27	0.19009	0.01155	0.01120	0.00992	0.01325	0.01249	0.00786	0.11603	0.05205	0.05619	0.02110	0.02313	0.01613	0.00857	0.00571	0.00203	0.00500	0.00647	0.42258	0.00865
28	0.01054	0.00778	0.00989	0.00987	0.01148	0.00728	0.00720	0.01410	0.04294	0.02708	0.46027	0.21965	0.10826	0.01758	0.00908	0.00257	0.00388	0.01560	0.00792	0.00704
29	0.01627	0.01630	0.02324	0.01975	0.02014	0.02227	0.03887	0.01811	0.01212	0.01858	0.01341	0.01948	0.04282	0.01332	0.02355	0.00325	0.65956	0.00718	0.00352	0.00827
30	0.37393	0.01579	0.01775	0.04926	0.12586	0.01701	0.01267	0.11935	0.01874	0.15941	0.01611	0.01715	0.01161	0.00777	0.00626	0.00233	0.00704	0.00572	0.00581	0.01042
31	0.01668	0.11441	0.34889	0.02054	0.02757	0.04453	0.07663	0.02236	0.01545	0.02197	0.03757	0.01752	0.01221	0.00884	0.01138	0.00253	0.18115	0.00624	0.00351	0.01001
32	0.01079	0.00812	0.01004	0.00955	0.01154	0.00756	0.00716	0.01489	0.05154	0.02857	0.53552	0.07558	0.16860	0.01608	0.00891	0.00244	0.00376	0.01405	0.00807	0.00724
33	0.00995	0.00774	0.00911	0.00963	0.01128	0.00714	0.00689	0.01301	0.05395	0.02239	0.16503	0.33815	0.27817	0.01994	0.00919	0.00275	0.00415	0.01748	0.00731	0.00675
34	0.01934	0.01353	0.02067	0.34500	0.08965	0.01509	0.01672	0.05570	0.01847	0.16810	0.10511	0.02582	0.02036	0.00930	0.00861	0.00247	0.04286	0.00785	0.00557	0.00975
35	0.04809	0.01066	0.01320	0.07270	0.01757	0.01123	0.01002	0.06518	0.11349	0.05674	0.18248	0.26465	0.04151	0.01593	0.00862	0.00270	0.00550	0.04422	0.00716	0.00835
36	0.78701	0.01467	0.01115	0.00997	0.01467	0.01702	0.00821	0.02230	0.01291	0.03403	0.01056	0.01232	0.00821	0.00704	0.00469	0.00235	0.00587	0.00411	0.00469	0.00821
37	0.01082	0.00730	0.00850	0.00870	0.00880	0.00732	0.00508	0.01109	0.01147	0.01535	0.02572	0.12356	0.02969	0.62567	0.06448	0.00709	0.00759	0.01206	0.00484	0.00486
38	0.08764	0.02633	0.31376	0.01834	0.02468	0.03871	0.01945	0.05949	0.07648	0.02566	0.04474	0.01947	0.01422	0.01160	0.04456	0.00305	0.15097	0.00648	0.00432	0.01005
39	0.05776	0.01110	0.01639	0.40980	0.03395	0.01314	0.01454	0.01831	0.01500	0.02257	0.01765	0.04765	0.01433	0.00932	0.00778	0.03627	0.00757	0.00721	0.23193	0.00771
40	0.01174	0.00863	0.01066	0.01042	0.01062	0.00960	0.00695	0.01244	0.01190	0.01666	0.02433	0.14141	0.02753	0.46417	0.05538	0.00605	0.11295	0.01161	0.04138	0.00557
41	0.42420	0.01727	0.01593	0.03603	0.01928	0.05667	0.01097	0.18598	0.02042	0.12605	0.01530	0.01599	0.01099	0.00795	0.00604	0.00231	0.00716	0.00541	0.00598	0.01008
42	0.02699	0.02007	0.02384	0.02001	0.07834	0.02146	0.04626	0.50879	0.03143	0.07646	0.01808	0.01862	0.01297	0.00860	0.00754	0.00223	0.00837	0.00684	0.00701	0.05610
43	0.00942	0.00765	0.00835	0.00828	0.01055	0.00658	0.00617	0.01172	0.01819	0.02290	0.22508	0.10010	0.50152	0.01851	0.00899	0.00254	0.00380	0.01570	0.00737	0.00658
44	0.03961	0.01375	0.02351	0.54768	0.04557	0.01623	0.09363	0.01989	0.01548	0.02124	0.01464	0.02074	0.01107	0.00754	0.00744	0.00246	0.00968	0.00694	0.07440	0.00851
45	0.00942	0.00770	0.00831	0.00816	0.01052	0.00660	0.00612	0.01176	0.01836	0.02303	0.23149	0.06882	0.52681	0.01826	0.00896	0.00252	0.00377	0.01542	0.00738	0.00660
46	0.68091	0.01442	0.01206	0.01047	0.01533	0.01619	0.00863	0.02436	0.01415	0.12665	0.01329	0.01422	0.00970	0.00737	0.00511	0.00235	0.00595	0.00460	0.00536	0.00888
47	0.01064	0.00834	0.00972	0.00959	0.01167	0.00782	0.00710	0.01494	0.07875	0.02540	0.31397	0.16091	0.27801	0.01757	0.00895	0.00257	0.00402	0.01523	0.00764	0.00719
48	0.01035	0.00765	0.00966	0.00934	0.01114	0.00696	0.00694	0.01350	0.02029	0.02804	0.54007	0.11255	0.16192	0.01672	0.00901	0.00247	0.00368	0.01469	0.00805	0.00696
49	0.01620	0.15307	0.54978	0.02078	0.03102	0.01974	0.06123	0.02382	0.01602	0.02302	0.01321	0.01563	0.00974	0.00704	0.00692	0.00228	0.01079	0.00554	0.00325	0.01091
50	0.00979	0.00691	0.00905	0.01055	0.01105	0.00658	0.00717	0.01112	0.01429	0.01900	0.03903	0.56791	0.04624	0.12750	0.01400	0.00375	0.00508	0.07831	0.00668	0.00601
51	0.01084	0.00813	0.01219	0.01219	0.01354	0.00948	0.00948	0.01354	0.01219	0.01761	0.02032	0.02980	0.01896	0.05689	0.70337	0.01219	0.02032	0.00813	0.00406	0.00677
52	0.02291	0.01410	0.01627	0.01360	0.01799	0.01473	0.01084	0.14875	0.21739	0.20679	0.13840	0.03059	0.02801	0.01060	0.00767	0.00236	0.00594	0.00875	0.07316	0.01117
53	0.15560	0.01763	0.01927	0.01796	0.08671	0.01954	0.01310	0.28458	0.18466	0.05743	0.02027	0.02044	0.01501	0.00880	0.00700	0.00234	0.00712	0.00682	0.04423	0.01150
54	0.08056	0.03078	0.01069	0.00907	0.01166	0.01092	0.00699	0.10867	0.01798	0.02993	0.02215	0.02709	0.01807	0.07750	0.00873	0.00241	0.00491	0.00708	0.50700	0.00783
55	0.61755	0.01772	0.10603	0.01164	0.01718	0.01647	0.01099	0.02302	0.01385	0.06194	0.01238	0.01403	0.00930	0.00724	0.00520	0.00233	0.00655	0.00458	0.03321	0.00880
56	0.01489	0.01527	0.05398	0.47363	0.16647	0.01632	0.04453	0.01980	0.01588	0.02088	0.01900	0.02418	0.06669	0.00834	0.00772	0.00247	0.00953	0.00755	0.00376	0.00912
57	0.01194	0.00853	0.01190	0.01365	0.01527	0.00849	0.01173	0.01523	0.01718	0.02238	0.04032	0.14664	0.04427	0.02122	0.01040	0.00345	0.00674	0.57677	0.00699	0.00691
58	0.23358	0.08333	0.29499	0.04691	0.02489	0.05635	0.01815	0.02323	0.03438	0.02593	0.01551	0.02194	0.01301	0.00860	0.00664	0.00242	0.00898	0.06737	0.00418	0.00959
59	0.01977	0.66741	0.10585	0.01385	0.02082	0.02876	0.01450	0.02284	0.01547	0.01847	0.01085	0.01256	0.00972	0.00656	0.00510	0.00170	0.00842	0.00421	0.00324	0.00988
60	0.06240	0.01297	0.01736	0.01336	0.01919	0.01137	0.01104	0.03641	0.02138	0.66660	0.02919	0.02531	0.01838	0.00930	0.00752	0.00235	0.00643	0.00750	0.00921	0.01273
61	0.05228	0.01939	0.07258	0.08695	0.22682	0.05612	0.13997	0.08162	0.04633	0.02592	0.01700	0.02401	0.01428	0.00924	0.00892	0.04032	0.00964	0.05386	0.00449	0.01025
62	0.01969	0.01996	0.03054	0.04313	0.58794	0.08678	0.05357	0.02403	0.01773	0.02413	0.01407	0.01834	0.01176	0.00685	0.00751	0.00224	0.00966	0.00668	0.00377	0.01160
63	0.01187	0.00800	0.01050	0.00974	0.01172	0.00735	0.00735	0.01542	0.02148	0.06264	0.65032	0.05516	0.06900	0.01521	0.00888	0.00238	0.00372	0.01342	0.00840	0.00744
64	0.01103	0.00735	0.00827	0.00827	0.00827	0.00735	0.00460	0.01103	0.01103	0.01471	0.02390	0.04964	0.02758	0.73343	0.03861	0.00735	0.00735	0.01103	0.00460	0.00460
65	0.02021	0.65157	0.09201	0.01396	0.02072	0.05757	0.01427	0.02314	0.01572	0.01838	0.01084	0.01254	0.00973	0.00660	0.00514	0.00170	0.00860	0.00422	0.00327	0.00981
66	0.04447	0.06020	0.56984	0.04525	0.03136	0.01751	0.02522	0.02475	0.01629	0.07568	0.01465	0.01666	0.01029	0.00736	0.00708	0.00237	0.01050	0.00569	0.00374	0.01108
67	0.01227	0.00891	0.01215	0.01372	0.01554	0.00895	0.01185	0.01631	0.04158	0.02285	0.04093	0.10558	0.06153	0.02061	0.01030	0.00342	0.00677	0.57260	0.00702	0.00712
68	0.01897	0.01445	0.01700	0.07786	0.02077	0.01513	0.01153	0.24364	0.02212	0.03118	0.02060	0.11917	0.01873	0.04598	0.00963	0.00242	0.04331	0.00860	0.08691	0.17202
69	0.01771	0.19929	0.13691	0.02052	0.04795	0.04790	0.09393	0.02142	0.01460	0.02001	0.01199	0.01640	0.01048	0.01122	0.04273	0.00295	0.26503	0.00611	0.00341	0.00944
70	0.01509	0.01381	0.02215	0.57235	0.07706	0.01625	0.01955	0.04133	0.01609	0.02120	0.01454	0.02178	0.01148	0.00785	0.00749	0.00241	0.00949	0.02677	0.00375	0.07956
71	0.02122	0.60486	0.06648	0.01432	0.02064	0.12703	0.01390	0.02387	0.01632	0.01823	0.01085	0.01256	0.00973	0.00671	0.00526	0.00171	0.00906	0.00425	0.00334	0.00966
72	0.01074	0.00775	0.01014	0.00954	0.01133	0.00716	0.00716	0.01431	0.02147	0.03042	0.68211	0.05666	0.07157	0.01551	0.00895	0.00239	0.00358	0.01372	0.00835	0.00716
73	0.00970	0.00771	0.00871	0.00846	0.01070	0.00672	0.00634	0.01231	0.01903	0.02463	0.32914	0.06619	0.42815	0.01767	0.00896	0.00249	0.00373	0.01505	0.00759	0.00672
74	0.01044	0.00767	0.00977	0.00939	0.01118	0.00701	0.00699	0.01368	0.02055	0.02857	0.57143	0.10110	0.14107	0.01646	0.00899	0.00245	0.00366	0.01448	0.00812	0.00701
75	0.01321	0.00682	0.01032	0.03397	0.01133	0.00694	0.00708	0.01021	0.01006	0.01339	0.01319	0.02296	0.01307	0.02571	0.02889	0.75278	0.00671	0.00659	0.00330	0.00347
76	0.02833	0.03615	0.02149	0.01954	0.02345	0.70298	0.01466	0.03029	0.02149	0.01856	0.01172	0.01368	0.00977	0.00782	0.00684	0.00195	0.01368	0.00489	0.00391	0.00879
77	0.00935	0.00668	0.00893	0.01069	0.01118	0.00626	0.00724	0.01076	0.01463	0.01949	0.04174	0.70432	0.04992	0.02366	0.00971	0.00310	0.00450	0.04462	0.00704	0.00619
78	0.01210	0.00869	0.01205	0.01374	0.01551	0.00864	0.01198	0.01554	0.01745	0.02262	0.04152	0.08509	0.06730	0.02089	0.01042	0.00346	0.00687	0.61216	0.00699	0.00696
79	0.00946	0.00770	0.00836	0.00820	0.01055	0.00661	0.00615	0.01184	0.01845	0.02324	0.24461	0.06847	0.51355	0.01818	0.00896	0.00251	0.00377	0.01537	0.00741	0.00661
80	0.01613	0.01509	0.02420	0.46523	0.15471	0.01831	0.02047	0.05134	0.01602	0.02154	0.01334	0.01935	0.01055	0.00835	0.01009	0.00258	0.11311	0.00673	0.00364	0.00924
81	0.78701	0.01467	0.01115	0.00997	0.01467	0.01702	0.00821	0.02230	0.01291	0.03403	0.01056	0.01232	0.00821	0.00704	0.00469	0.00235	0.00587	0.00411	0.00469	0.00821
82	0.01099	0.00752	0.00910	0.00910	0.00939	0.00780	0.00563	0.01156	0.01128	0.01532	0.02314	0.04545	0.02576	0.59061	0.17894	0.00837	0.01009	0.01042	0.00448	0.00506
83	0.01567	0.00809	0.00834	0.00789	0.01005	0.00816	0.00603	0.05559	0.01725	0.05206	0.02454	0.02761	0.01904	0.00887	0.00551	0.00182	0.00391	0.00707	0.70488	0.00761
84	0.01828	0.12199	0.03223	0.13541	0.43980	0.01970	0.07997	0.02274	0.01676	0.02296	0.01372	0.01818	0.01137	0.00680	0.00727	0.00223	0.00938	0.00657	0.00363	0.01101
85	0.01968	0.01514	0.01871	0.09106	0.07924	0.01653	0.01388	0.19862	0.17114	0.06147	0.05214	0.07380	0.04773	0.01206	0.00822	0.00260	0.00722	0.09342	0.00683	0.01052
86	0.78701	0.01467	0.01115	0.00997	0.01467	0.01702	0.00821	0.02230	0.01291	0.03403	0.01056	0.01232	0.00821	0.00704	0.00469	0.00235	0.00587	0.00411	0.00469	0.00821
87	0.02245	0.54843	0.03482	0.01475	0.02054	0.21178	0.01343	0.02476	0.01705	0.01804	0.01086	0.01258	0.00974	0.00685	0.00540	0.00171	0.00962	0.00428	0.00342	0.00948
88	0.01037	0.00756	0.00966	0.00949	0.01109	0.00695	0.00693	0.01335	0.01973	0.02739	0.51207	0.15762	0.12132	0.04018	0.01001	0.00266	0.00385	0.01500	0.00792	0.00686
89	0.04560	0.38394	0.32763	0.01720	0.02574	0.02378	0.03712	0.02332	0.01566	0.02133	0.01203	0.01410	0.00967	0.00682	0.00600	0.00202	0.00953	0.00488	0.00329	0.01034
90	0.01477	0.01193	0.01552	0.11662	0.04669	0.01306	0.01297	0.05326	0.17450	0.02496	0.03267	0.10466	0.05393	0.05023	0.01040	0.00315	0.00705	0.23853	0.00643	0.00868
91	0.78701	0.01467	0.01115	0.00997	0.01467	0.01702	0.00821	0.02230	0.01291	0.03403	0.01056	0.01232	0.00821	0.00704	0.00469	0.00235	0.00587	0.00411	0.00469	0.00821
92	0.00945	0.00673	0.00894	0.01048	0.01093	0.00642	0.00699	0.01075	0.01415	0.01893	0.03939	0.64302	0.04692	0.07733	0.04738	0.00386	0.00543	0.02010	0.00671	0.00608
93	0.17323	0.01809	0.04797	0.04404	0.08927	0.10605	0.01345	0.10038	0.01778	0.02672	0.01869	0.05550	0.04556	0.01498	0.08499	0.00348	0.08120	0.00725	0.04233	0.00902
94	0.00943	0.00673	0.00869	0.01017	0.01066	0.00631	0.00671	0.01063	0.01425	0.01889	0.04135	0.62207	0.07602	0.10403	0.01293	0.00354	0.00471	0.02012	0.00676	0.00599
95	0.01103	0.00735	0.00827	0.00827	0.00827	0.00735	0.00460	0.01103	0.01103	0.01471	0.02390	0.04964	0.02758	0.73343	0.03861	0.00735	0.00735	0.01103	0.00460	0.00460
96	0.01625	0.01503	0.02404	0.47611	0.19047	0.01754	0.02049	0.04496	0.07674	0.02274	0.01542	0.02057	0.01184	0.00770	0.00758	0.00246	0.00942	0.00692	0.00401	0.00972
97	0.05528	0.01909	0.03905	0.11490	0.10480	0.01868	0.48592	0.02350	0.01726	0.02423	0.01478	0.01986	0.01123	0.00661	0.00843	0.00251	0.01175	0.00823	0.00381	0.01009
98	0.01250	0.00905	0.01243	0.01403	0.01589	0.00916	0.01221	0.01676	0.04526	0.02308	0.03977	0.08313	0.04278	0.02050	0.01036	0.00345	0.00694	0.60847	0.00702	0.00720
99	0.17944	0.05795	0.02180	0.14896	0.12119	0.01996	0.01527	0.20814	0.09997	0.03277	0.01628	0.01832	0.01234	0.00806	0.00684	0.00233	0.00796	0.00629	0.00543	0.01069
100	0.01519	0.06287	0.60625	0.06010	0.03263	0.01765	0.02629	0.02335	0.01615	0.02376	0.03822	0.01761	0.01193	0.00751	0.00720	0.00238	0.01075	0.00591	0.00340	0.01085
101	0.01432	0.01348	0.02275	0.71520	0.05224	0.01685	0.02107	0.01938	0.01517	0.01938	0.01348	0.02022	0.01011	0.00758	0.00758	0.00253	0.01011	0.00674	0.00337	0.00843
102	0.02607	0.02252	0.02103	0.01728	0.02249	0.14112	0.01381	0.38393	0.20415	0.03837	0.02048	0.02013	0.01511	0.00920	0.00749	0.00230	0.00865	0.00696	0.00698	0.01194
103	0.01021	0.00768	0.00944	0.00912	0.01104	0.00692	0.00679	0.01325	0.02006	0.02733	0.49570	0.09360	0.22732	0.01686	0.00899	0.00246	0.00369	0.01469	0.00795	0.00692
104	0.01172	0.00798	0.01039	0.00965	0.01165	0.00731	0.00729	0.01521	0.02134	0.05975	0.63165	0.05585	0.09060	0.01536	0.00889	0.00239	0.00372	0.01352	0.00835	0.00739
105	0.02883	0.02125	0.02276	0.01745	0.02352	0.02352	0.01442	0.66082	0.03566	0.04780	0.01821	0.01821	0.01290	0.00911	0.00759	0.00228	0.00835	0.00683	0.00759	0.01290
106	0.01318	0.00659	0.00988	0.00988	0.00988	0.00659	0.00659	0.00988	0.00988	0.01318	0.01318	0.02306	0.01318	0.02635	0.02964	0.77931	0.00659	0.00659	0.00329	0.00329
107	0.02833	0.03615	0.02149	0.01954	0.02345	0.70298	0.01466	0.03029	0.02149	0.01856	0.01172	0.01368	0.00977	0.00782	0.00684	0.00195	0.01368	0.00489	0.00391	0.00879
108	0.01978	0.01503	0.01664	0.01460	0.01830	0.01642	0.01130	0.29635	0.16890	0.03431	0.02926	0.26885	0.02820	0.01449	0.00835	0.00262	0.00645	0.01237	0.00743	0.01035
109	0.01181	0.00860	0.01165	0.01318	0.01503	0.00844	0.01141	0.01511	0.01744	0.02242	0.04478	0.08398	0.12412	0.02073	0.01029	0.00338	0.00659	0.55715	0.00699	0.00691
110	0.00937	0.00771	0.00818	0.00844	0.01070	0.00665	0.00637	0.01132	0.01688	0.02038	0.06930	0.10673	0.56241	0.05167	0.01047	0.00289	0.00432	0.07293	0.00693	0.00636
111	0.02950	0.02018	0.02211	0.01695	0.02299	0.02194	0.01400	0.58125	0.03388	0.12989	0.01970	0.01918	0.01365	0.00914	0.00759	0.00229	0.00811	0.00693	0.00782	0.01290
112	0.08616	0.01329	0.01396	0.01194	0.01544	0.01439	0.00941	0.26892	0.02294	0.03472	0.02234	0.08827	0.01902	0.03868	0.03279	0.00272	0.00644	0.00824	0.28108	0.00927
113	0.00934	0.00667	0.00891	0.01067	0.01116	0.00625	0.00721	0.01073	0.01462	0.01947	0.04175	0.70739	0.04995	0.02367	0.00971	0.00309	0.00449	0.04169	0.00704	0.00619
114	0.09395	0.01580	0.04349	0.01435	0.02031	0.01457	0.01221	0.15784	0.04628	0.46260	0.02545	0.02293	0.01656	0.00909	0.00736	0.00234	0.00694	0.00714	0.00836	0.01242
115	0.01806	0.01951	0.03934	0.03524	0.22025	0.01914	0.43532	0.02359	0.01729	0.02401	0.01467	0.01972	0.01154	0.00697	0.00965	0.00252	0.06063	0.00817	0.00378	0.01060
116	0.09430	0.02000	0.01708	0.01435	0.01863	0.16789	0.01138	0.28555	0.02499	0.03470	0.01789	0.01946	0.01359	0.00856	0.00653	0.00207	0.00796	0.00622	0.21889	0.00995
117	0.57013	0.01781	0.01454	0.04792	0.05592	0.11505	0.01072	0.02388	0.01481	0.05426	0.01178	0.01375	0.00913	0.00725	0.00541	0.00229	0.00739	0.00462	0.00463	0.00869
118	0.01517	0.01451	0.02507	0.58089	0.14569	0.01715	0.05410	0.02021	0.01562	0.02043	0.01369	0.02002	0.01047	0.00740	0.00764	0.00249	0.01009	0.00686	0.00345	0.00905
119	0.04122	0.43416	0.21381	0.01583	0.02308	0.02434	0.03986	0.02267	0.01548	0.02084	0.01233	0.01458	0.01028	0.00707	0.00638	0.00196	0.03428	0.00492	0.04701	0.00990
120	0.11521	0.04390	0.05953	0.21885	0.11417	0.04722	0.01654	0.16585	0.02022	0.02881	0.04725	0.02107	0.01458	0.04533	0.00872	0.00259	0.00872	0.00675	0.00486	0.00983
121	0.01557	0.03711	0.62766	0.02412	0.09829	0.01766	0.02755	0.02395	0.01614	0.02410	0.01368	0.01629	0.00985	0.00716	0.00724	0.00239	0.01099	0.00572	0.00326	0.01129
122	0.03136	0.01255	0.01690	0.01320	0.01864	0.01105	0.01081	0.03500	0.04446	0.60757	0.08987	0.02874	0.02378	0.00998	0.00775	0.00236	0.00617	0.00822	0.00923	0.01235
123	0.00961	0.00687	0.00920	0.01086	0.01149	0.00646	0.00757	0.01124	0.01512	0.02018	0.06963	0.63460	0.05045	0.02312	0.00973	0.00309	0.00462	0.08278	0.00709	0.00629
124	0.01862	0.03183	0.49158	0.04892	0.09691	0.01657	0.02452	0.02589	0.01704	0.13311	0.01634	0.01805	0.01137	0.00753	0.00732	0.00238	0.01017	0.00609	0.00428	0.01146
125	0.00931	0.00665	0.00886	0.01052	0.01102	0.00620	0.00705	0.01073	0.01483	0.01985	0.06979	0.69912	0.05110	0.02340	0.00965	0.00305	0.00436	0.02122	0.00710	0.00620
126	0.01103	0.00735	0.00827	0.00827	0.00827	0.00735	0.00460	0.01103	0.01103	0.01471	0.02390	0.04964	0.02758	0.73343	0.03861	0.00735	0.00735	0.01103	0.00460	0.00460
127	0.05102	0.05151	0.05585	0.10926	0.05423	0.11407	0.06994	0.04420	0.01615	0.02268	0.01397	0.01842	0.01155	0.00925	0.01195	0.00249	0.21251	0.00640	0.11564	0.00890
128	0.08637	0.03517	0.56888	0.02155	0.03182	0.01771	0.08691	0.02389	0.01591	0.02497	0.01350	0.01610	0.00966	0.00711	0.00714	0.00241	0.01087	0.00579	0.00340	0.01084
129	0.01222	0.00873	0.01222	0.01397	0.01572	0.00873	0.01222	0.01572	0.01746	0.02270	0.04016	0.08556	0.04365	0.02095	0.01048	0.00349	0.00698	0.63506	0.00698	0.00698
130	0.01303	0.01277	0.05176	0.31946	0.05151	0.01283	0.06638	0.01660	0.01538	0.02011	0.04608	0.15731	0.09717	0.01349	0.01002	0.06478	0.00810	0.01084	0.00465	0.00771
131	0.01958	0.30948	0.16951	0.01980	0.09079	0.14285	0.04434	0.02364	0.01717	0.02072	0.03445	0.01843	0.04380	0.00776	0.00646	0.00201	0.00970	0.00585	0.00376	0.00989

[dist]
# distance from previous block
# <min> <max>
0	1

[block]
# block no. 4 follows, 26 sequences, length 22
# corresponding to MSA columns:
# 274-295
name=unknown_E
#
# <colnr> <probs for GDERKNQSTAVLIFYWHMCP>
#	G	D	E	R	K	N	Q	S	T	A	V	L	I	F	Y	W	H	M	C	P
0	0.10285	0.01877	0.07078	0.02435	0.05931	0.01805	0.31946	0.06596	0.01736	0.02620	0.01644	0.06404	0.01388	0.00878	0.00994	0.00257	0.09428	0.00838	0.04893	0.00966
1	0.50260	0.05066	0.11023	0.04251	0.01892	0.01658	0.01181	0.02241	0.01406	0.05677	0.01311	0.01534	0.01006	0.00922	0.03274	0.00268	0.00737	0.00490	0.04922	0.00879
2	0.01095	0.00732	0.00830	0.00838	0.00840	0.00730	0.00471	0.01101	0.01119	0.01492	0.02471	0.08023	0.02859	0.70145	0.03730	0.00716	0.00722	0.01151	0.00471	0.00467
3	0.01640	0.13676	0.41325	0.02357	0.10463	0.01906	0.09077	0.02321	0.01658	0.02359	0.05208	0.01858	0.01369	0.00744	0.00718	0.00228	0.01023	0.00633	0.00364	0.01074
4	0.01481	0.01259	0.01470	0.01097	0.01696	0.00957	0.00864	0.01793	0.01573	0.02404	0.01953	0.07588	0.05461	0.00788	0.00614	0.00137	0.00541	0.00654	0.00485	0.67187
5	0.02028	0.73799	0.03975	0.01298	0.01947	0.03001	0.01298	0.02271	0.01541	0.01785	0.01055	0.01217	0.00973	0.00649	0.00487	0.00162	0.00811	0.00406	0.00324	0.00973
6	0.01602	0.15046	0.58997	0.02024	0.03070	0.01959	0.02563	0.02381	0.01592	0.02304	0.01312	0.01540	0.00963	0.00709	0.00683	0.00228	0.01072	0.00536	0.00321	0.01097
7	0.03001	0.01241	0.01657	0.01307	0.01830	0.01106	0.01066	0.03410	0.05931	0.56389	0.11812	0.03013	0.02616	0.01027	0.00781	0.00237	0.00604	0.00851	0.00915	0.01208
8	0.01967	0.01669	0.01760	0.01560	0.02003	0.01924	0.01220	0.09010	0.62131	0.03302	0.02986	0.02749	0.02233	0.01020	0.00771	0.00255	0.00619	0.00844	0.00771	0.01208
9	0.01138	0.00778	0.01013	0.00978	0.01156	0.00713	0.00724	0.01451	0.02022	0.05537	0.52862	0.15975	0.09439	0.01670	0.00901	0.00250	0.00384	0.01478	0.00813	0.00720
10	0.01074	0.00775	0.01014	0.00954	0.01133	0.00716	0.00716	0.01431	0.02147	0.03042	0.68211	0.05666	0.07157	0.01551	0.00895	0.00239	0.00358	0.01372	0.00835	0.00716
11	0.01969	0.01507	0.01618	0.01407	0.01841	0.01649	0.01108	0.12632	0.39611	0.08725	0.03785	0.03528	0.14952	0.01177	0.00793	0.00251	0.00597	0.00968	0.00771	0.01113
12	0.01076	0.00786	0.01020	0.01015	0.01194	0.00731	0.00786	0.01408	0.02013	0.02777	0.49388	0.09132	0.12151	0.01709	0.00923	0.00261	0.00420	0.11710	0.00795	0.00702
13	0.00924	0.00660	0.00880	0.01056	0.01100	0.00616	0.00704	0.01056	0.01452	0.01936	0.04181	0.72848	0.05017	0.02376	0.00968	0.00308	0.00440	0.02156	0.00704	0.00616
14	0.01573	0.01348	0.01573	0.01123	0.01798	0.01011	0.00899	0.01910	0.01573	0.02472	0.01348	0.01573	0.01123	0.00562	0.00562	0.00112	0.00562	0.00449	0.00449	0.77980
15	0.01258	0.00826	0.01012	0.00936	0.01181	0.00733	0.00712	0.01556	0.02015	0.09561	0.42052	0.05871	0.26222	0.01606	0.00882	0.00244	0.00396	0.01382	0.00804	0.00751
16	0.01632	0.00917	0.00940	0.00861	0.01102	0.00951	0.00666	0.11316	0.01884	0.03118	0.02377	0.02678	0.01847	0.00888	0.00564	0.00184	0.00425	0.00703	0.66152	0.00794
17	0.12259	0.01350	0.01708	0.01326	0.01900	0.01242	0.01095	0.06432	0.02132	0.58384	0.02709	0.02387	0.01726	0.00910	0.00728	0.00234	0.00647	0.00718	0.00875	0.01235
