[name]
unknown

[dist]
# distance from previous block
# <min> <max>
20	50

[block]
# block no. 0 follows, 29 sequences, length 19
# corresponding to MSA columns:
# 69-87
name=unknown_A
#
# <colnr> <probs for GDERKNQSTAVLIFYWHMCP>
#	G	D	E	R	K	N	Q	S	T	A	V	L	I	F	Y	W	H	M	C	P
0	0.01831	0.03634	0.01921	0.11777	0.11243	0.01630	0.01344	0.14945	0.13613	0.05425	0.01820	0.02146	0.01446	0.05309	0.00968	0.00244	0.05999	0.00670	0.06931	0.07104
1	0.01652	0.10269	0.01786	0.01244	0.01669	0.01434	0.03139	0.15998	0.06789	0.02561	0.02178	0.14859	0.03809	0.08480	0.00971	0.00244	0.00627	0.00878	0.00539	0.20876
2	0.06743	0.03869	0.04921	0.01451	0.01923	0.12239	0.01200	0.22399	0.11342	0.08087	0.04862	0.06684	0.01760	0.01031	0.02463	0.00233	0.00780	0.00720	0.00599	0.06694
3	0.01296	0.01078	0.01149	0.01145	0.01343	0.06049	0.00826	0.08485	0.05751	0.02210	0.03313	0.48932	0.05760	0.01746	0.00824	0.00254	0.00532	0.01542	0.00629	0.07135
4	0.01530	0.06636	0.01624	0.01093	0.01669	0.01130	0.00885	0.05774	0.01597	0.02390	0.03558	0.06106	0.01455	0.00687	0.00567	0.00130	0.00547	0.00558	0.00457	0.61607
5	0.02036	0.01840	0.07444	0.02292	0.15792	0.01706	0.11852	0.19210	0.10287	0.08021	0.01733	0.01876	0.01290	0.00733	0.00707	0.00208	0.00808	0.00660	0.00534	0.10969
6	0.01247	0.00850	0.01058	0.01042	0.01246	0.00774	0.00745	0.05451	0.01545	0.07066	0.03343	0.48593	0.05766	0.05084	0.00947	0.00269	0.00478	0.01545	0.00634	0.12316
7	0.01705	0.02662	0.31257	0.02311	0.07877	0.06029	0.19572	0.07632	0.01739	0.02425	0.01349	0.01633	0.01008	0.00656	0.00707	0.00212	0.01014	0.00612	0.00371	0.09229
8	0.01643	0.01703	0.07330	0.01335	0.01893	0.06522	0.01148	0.04489	0.08645	0.02359	0.01409	0.01605	0.01143	0.00684	0.00754	0.00160	0.07875	0.00501	0.00439	0.48364
9	0.02536	0.01982	0.02481	0.01865	0.02460	0.02140	0.12449	0.57182	0.03070	0.04120	0.01665	0.01745	0.01189	0.00812	0.00734	0.00218	0.00853	0.00674	0.00654	0.01169
10	0.02341	0.02903	0.06340	0.01890	0.06166	0.48851	0.01440	0.06240	0.01934	0.02014	0.01195	0.01420	0.00984	0.00860	0.02772	0.00213	0.03129	0.00493	0.00385	0.08431
11	0.01828	0.63910	0.14557	0.01348	0.02029	0.02631	0.01445	0.02152	0.01456	0.01768	0.01036	0.01200	0.00912	0.00620	0.00492	0.00164	0.00808	0.00404	0.00304	0.00936
12	0.03195	0.01212	0.01652	0.01267	0.01818	0.01047	0.01047	0.03470	0.02038	0.71026	0.02809	0.02424	0.01763	0.00881	0.00716	0.00220	0.00606	0.00716	0.00881	0.01212
13	0.01662	0.37411	0.36779	0.01686	0.02516	0.02208	0.04567	0.02198	0.01484	0.01983	0.01149	0.01350	0.00915	0.00642	0.00580	0.00192	0.00921	0.00470	0.00305	0.00983
14	0.01190	0.00874	0.01058	0.01100	0.01245	0.00880	0.00783	0.11743	0.04080	0.02286	0.03665	0.57801	0.06615	0.01951	0.00869	0.00274	0.00475	0.01742	0.00671	0.00699
15	0.00883	0.00700	0.00795	0.00820	0.01000	0.00611	0.00596	0.01084	0.01649	0.02100	0.20004	0.21759	0.41830	0.01825	0.00856	0.00248	0.00367	0.01574	0.00688	0.00611
16	0.02605	0.01896	0.02028	0.01566	0.02106	0.02094	0.01290	0.63242	0.03211	0.04352	0.01755	0.01779	0.01256	0.00853	0.00696	0.00210	0.00750	0.00643	0.06495	0.01170
17	0.01848	0.02251	0.08541	0.03046	0.18873	0.13777	0.36475	0.02353	0.01711	0.02198	0.01347	0.01744	0.01050	0.00637	0.00763	0.00223	0.01122	0.00704	0.00355	0.00983
18	0.00892	0.00702	0.00811	0.00862	0.01034	0.00620	0.00637	0.01087	0.01599	0.02019	0.13330	0.25233	0.39749	0.01893	0.00871	0.00259	0.00396	0.06724	0.00675	0.00607

[dist]
# distance from previous block
# <min> <max>
0	1

[block]
# block no. 1 follows, 29 sequences, length 50
# corresponding to MSA columns:
# 89-138
name=unknown_B
#
# <colnr> <probs for GDERKNQSTAVLIFYWHMCP>
#	G	D	E	R	K	N	Q	S	T	A	V	L	I	F	Y	W	H	M	C	P
0	0.00878	0.00654	0.00818	0.00922	0.01021	0.00594	0.00636	0.01039	0.01496	0.01963	0.12423	0.51778	0.19084	0.02047	0.00886	0.00271	0.00393	0.01825	0.00675	0.00594
1	0.01835	0.01706	0.02869	0.05318	0.02777	0.03681	0.29234	0.02518	0.13001	0.09362	0.01692	0.01993	0.01291	0.00854	0.01153	0.00254	0.18288	0.00750	0.00463	0.00960
2	0.01685	0.01770	0.02162	0.01865	0.01908	0.10250	0.01537	0.01844	0.01198	0.01717	0.00954	0.01526	0.00933	0.01187	0.02141	0.00297	0.65320	0.00604	0.00318	0.00784
3	0.01505	0.01480	0.02080	0.01799	0.01811	0.02055	0.01493	0.01670	0.01096	0.01708	0.01030	0.01679	0.01017	0.01646	0.09156	0.00393	0.66663	0.00637	0.00318	0.00765
4	0.02660	0.03394	0.02018	0.01834	0.02201	0.72116	0.01376	0.02843	0.02018	0.01743	0.01101	0.01284	0.00917	0.00734	0.00642	0.00183	0.01284	0.00459	0.00367	0.00825
5	0.01477	0.01266	0.01477	0.01055	0.01687	0.00949	0.00844	0.01793	0.01477	0.02320	0.01266	0.01477	0.01055	0.00527	0.00527	0.00105	0.00527	0.00422	0.00422	0.79328
6	0.01033	0.00701	0.00833	0.00833	0.00852	0.00721	0.00502	0.01072	0.01052	0.01422	0.02192	0.04374	0.02465	0.64304	0.14126	0.00760	0.00877	0.00994	0.00424	0.00463
7	0.01558	0.01558	0.02181	0.01869	0.01869	0.02181	0.01558	0.01714	0.01091	0.01714	0.00935	0.01558	0.00935	0.01246	0.02337	0.00312	0.73672	0.00623	0.00312	0.00779
8	0.02525	0.01358	0.01648	0.01315	0.01744	0.01377	0.01050	0.20320	0.05476	0.34082	0.04568	0.02639	0.01887	0.12101	0.01229	0.00295	0.03838	0.00763	0.00732	0.01053
9	0.01329	0.00937	0.01243	0.01336	0.01547	0.00958	0.01154	0.05255	0.05774	0.04356	0.03579	0.07205	0.03759	0.01815	0.00946	0.00313	0.00656	0.56438	0.00670	0.00730
10	0.01428	0.03683	0.71286	0.02030	0.03082	0.01654	0.02631	0.02255	0.01503	0.02255	0.01278	0.01503	0.00902	0.00677	0.00677	0.00226	0.01052	0.00526	0.00301	0.01052
11	0.02707	0.01995	0.02137	0.01638	0.02208	0.02208	0.01353	0.68159	0.03348	0.04488	0.01710	0.01710	0.01211	0.00855	0.00712	0.00214	0.00784	0.00641	0.00712	0.01211
12	0.02625	0.01946	0.02093	0.01599	0.02174	0.02124	0.01319	0.63739	0.03223	0.04343	0.01680	0.01694	0.01201	0.00833	0.00700	0.00206	0.00766	0.00626	0.00693	0.06414
13	0.00866	0.00624	0.00822	0.00980	0.01030	0.00579	0.00656	0.00993	0.01375	0.01822	0.04069	0.71540	0.07587	0.02212	0.00906	0.00287	0.00411	0.02001	0.00661	0.00579
14	0.01681	0.01921	0.04202	0.03001	0.03721	0.01801	0.67947	0.02281	0.01681	0.02281	0.01441	0.01921	0.01080	0.00600	0.00840	0.00240	0.01200	0.00840	0.00360	0.00960
15	0.00867	0.00623	0.00823	0.00982	0.01030	0.00579	0.00657	0.00993	0.01373	0.01822	0.04042	0.72100	0.07044	0.02216	0.00906	0.00287	0.00411	0.02006	0.00661	0.00579
16	0.01774	0.01942	0.02258	0.01914	0.02076	0.17738	0.07896	0.01987	0.01360	0.01770	0.01098	0.01630	0.01012	0.01394	0.07353	0.00342	0.44707	0.00618	0.00334	0.00796
17	0.72057	0.01441	0.01159	0.01009	0.01463	0.01660	0.00831	0.08886	0.01431	0.03328	0.01065	0.01214	0.00816	0.00681	0.00469	0.00220	0.00575	0.00412	0.00469	0.00816
18	0.00866	0.00721	0.00748	0.00742	0.00966	0.00612	0.00551	0.01057	0.01644	0.02004	0.13716	0.06614	0.61166	0.04299	0.00938	0.00254	0.00369	0.01464	0.00666	0.00603
19	0.02410	0.01743	0.01949	0.01670	0.05384	0.01914	0.01287	0.36936	0.24560	0.11153	0.02198	0.02098	0.01580	0.00883	0.00716	0.00223	0.00696	0.00702	0.00717	0.01180
20	0.00887	0.00633	0.00815	0.00952	0.00998	0.00593	0.00627	0.00998	0.01336	0.01770	0.03882	0.62756	0.07651	0.11013	0.01234	0.00335	0.00444	0.01879	0.00633	0.00562
21	0.02293	0.01789	0.01904	0.01555	0.02050	0.02015	0.01253	0.39683	0.32498	0.03820	0.02235	0.02129	0.01637	0.00904	0.00718	0.00226	0.00686	0.00714	0.00718	0.01174
22	0.01680	0.01345	0.01554	0.01136	0.01750	0.01108	0.00913	0.08494	0.04180	0.05393	0.01433	0.01582	0.01141	0.00590	0.00561	0.00126	0.00557	0.00470	0.00481	0.65507
23	0.01689	0.08289	0.01867	0.01423	0.01695	0.11567	0.03119	0.06131	0.08535	0.02027	0.01845	0.02531	0.04827	0.16782	0.01661	0.00324	0.17084	0.00719	0.00440	0.07444
24	0.00868	0.00620	0.00826	0.00991	0.01033	0.00578	0.00661	0.00991	0.01363	0.01818	0.03925	0.74510	0.04710	0.02231	0.00909	0.00289	0.00413	0.02024	0.00661	0.00578
25	0.00894	0.00660	0.00837	0.00928	0.01028	0.00603	0.00644	0.01074	0.01548	0.02063	0.19021	0.48533	0.15567	0.01992	0.00883	0.00267	0.00388	0.01779	0.00688	0.00603
26	0.01744	0.07693	0.02130	0.01697	0.01849	0.12473	0.01385	0.02124	0.09455	0.01848	0.01277	0.01799	0.01177	0.05428	0.01817	0.00294	0.43992	0.00625	0.00376	0.00818
27	0.01656	0.02016	0.08544	0.02866	0.03564	0.01815	0.59469	0.02244	0.01632	0.02244	0.01398	0.01870	0.01059	0.00645	0.00922	0.00244	0.05697	0.00806	0.00353	0.00955
28	0.01730	0.01494	0.01571	0.01417	0.01813	0.01720	0.01101	0.03663	0.66278	0.02932	0.03088	0.02841	0.05162	0.01003	0.00730	0.00241	0.00555	0.00836	0.00722	0.01104
29	0.00868	0.00620	0.00826	0.00991	0.01033	0.00578	0.00661	0.00991	0.01363	0.01818	0.03925	0.74510	0.04710	0.02231	0.00909	0.00289	0.00413	0.02024	0.00661	0.00578
30	0.00973	0.00743	0.00906	0.01009	0.01121	0.00725	0.00700	0.01332	0.09568	0.01972	0.04257	0.56478	0.13496	0.02019	0.00877	0.00277	0.00424	0.01805	0.00669	0.00648
31	0.01333	0.01250	0.02068	0.64625	0.04494	0.01568	0.01879	0.01768	0.01398	0.01812	0.01386	0.05777	0.01150	0.00829	0.00831	0.00245	0.05764	0.00707	0.00335	0.00779
32	0.00868	0.00620	0.00826	0.00991	0.01033	0.00578	0.00661	0.00991	0.01363	0.01818	0.03925	0.74510	0.04710	0.02231	0.00909	0.00289	0.00413	0.02024	0.00661	0.00578
33	0.01669	0.01612	0.02524	0.15702	0.31742	0.04715	0.08667	0.04459	0.04059	0.02235	0.01596	0.02017	0.03263	0.00914	0.03195	0.00257	0.06624	0.00685	0.03101	0.00964
34	0.01824	0.01951	0.02211	0.01890	0.02007	0.16086	0.03616	0.04429	0.01378	0.01841	0.01013	0.01521	0.00946	0.01109	0.01892	0.00280	0.54262	0.00598	0.00339	0.00810
35	0.02104	0.02023	0.01953	0.01639	0.01969	0.19933	0.04152	0.22879	0.02146	0.02691	0.04294	0.04707	0.04841	0.03764	0.01139	0.00247	0.15175	0.00730	0.02716	0.00899
36	0.02707	0.01995	0.02137	0.01638	0.02208	0.02208	0.01353	0.68159	0.03348	0.04488	0.01710	0.01710	0.01211	0.00855	0.00712	0.00214	0.00784	0.00641	0.00712	0.01211
37	0.01762	0.01692	0.02890	0.04371	0.70533	0.01692	0.02185	0.02185	0.01621	0.02326	0.01339	0.01762	0.01128	0.00634	0.00705	0.00211	0.00846	0.00634	0.00352	0.01128
38	0.00871	0.00723	0.00763	0.00753	0.00980	0.00614	0.00564	0.01080	0.01693	0.02091	0.18489	0.06578	0.58864	0.01741	0.00841	0.00237	0.00356	0.01464	0.00683	0.00614
39	0.03195	0.01212	0.01652	0.01267	0.01818	0.01047	0.01047	0.03470	0.02038	0.71026	0.02809	0.02424	0.01763	0.00881	0.00716	0.00220	0.00606	0.00716	0.00881	0.01212
40	0.00885	0.00629	0.00828	0.00973	0.01017	0.00590	0.00646	0.01009	0.01368	0.01831	0.06542	0.66887	0.04648	0.07166	0.01091	0.00314	0.00429	0.01926	0.00650	0.00572
41	0.02878	0.01719	0.01967	0.01508	0.02071	0.01800	0.01246	0.45422	0.02888	0.27875	0.02096	0.01961	0.01405	0.00864	0.00714	0.00216	0.00721	0.00667	0.00772	0.01211
42	0.00982	0.00668	0.00792	0.00845	0.00858	0.00655	0.00504	0.01022	0.01140	0.01520	0.02778	0.26860	0.03263	0.51856	0.02761	0.00563	0.00602	0.01350	0.00504	0.00478
43	0.01064	0.00737	0.00852	0.00835	0.00835	0.00770	0.00492	0.01072	0.01038	0.01399	0.02173	0.04493	0.02500	0.71014	0.03555	0.00670	0.04612	0.01013	0.00425	0.00450
44	0.01927	0.04745	0.04288	0.02048	0.05259	0.17585	0.12966	0.10151	0.01744	0.02204	0.01424	0.07460	0.01301	0.00987	0.01203	0.00244	0.22441	0.00729	0.00411	0.00884
45	0.01047	0.00734	0.01060	0.01060	0.01152	0.00826	0.00785	0.01192	0.01101	0.01559	0.01877	0.03010	0.01840	0.15848	0.52945	0.10671	0.01559	0.00788	0.00380	0.00564
46	0.02575	0.01498	0.01754	0.01400	0.01883	0.01540	0.01134	0.32527	0.05482	0.27751	0.04509	0.10515	0.02022	0.01046	0.00741	0.00226	0.00654	0.00854	0.00769	0.01118
47	0.01649	0.01672	0.02758	0.11439	0.35784	0.06349	0.15361	0.02063	0.01598	0.02149	0.01604	0.08882	0.01451	0.00943	0.02942	0.00255	0.00951	0.00803	0.00382	0.00966
48	0.02243	0.04522	0.05290	0.01486	0.01981	0.01919	0.01248	0.42881	0.13315	0.03651	0.01929	0.02162	0.01500	0.08246	0.00985	0.00262	0.00733	0.00692	0.03877	0.01079
49	0.01166	0.01030	0.01697	0.01504	0.01709	0.01041	0.14736	0.03734	0.01484	0.02004	0.03165	0.47692	0.05747	0.01736	0.01018	0.00277	0.07414	0.01580	0.00568	0.00700

[dist]
# distance from previous block
# <min> <max>
5	12

[block]
# block no. 2 follows, 29 sequences, length 30
# corresponding to MSA columns:
# 151-180
name=unknown_C
#
# <colnr> <probs for GDERKNQSTAVLIFYWHMCP>
#	G	D	E	R	K	N	Q	S	T	A	V	L	I	F	Y	W	H	M	C	P
0	0.02098	0.23713	0.02382	0.01426	0.01931	0.04470	0.01210	0.21793	0.25962	0.02977	0.01912	0.01887	0.01470	0.00816	0.00632	0.00203	0.00703	0.00616	0.02734	0.01065
1	0.01932	0.01449	0.01675	0.01400	0.01791	0.01586	0.01120	0.18959	0.21246	0.08809	0.07825	0.06035	0.02146	0.01201	0.03864	0.00264	0.08060	0.00798	0.00649	0.09189
2	0.01897	0.04478	0.01677	0.01372	0.01743	0.01599	0.01093	0.10381	0.33639	0.11301	0.11468	0.06330	0.02602	0.01076	0.00848	0.00237	0.05662	0.00870	0.00701	0.01026
3	0.02624	0.01740	0.01932	0.01524	0.02057	0.01880	0.01245	0.41994	0.16069	0.18047	0.02173	0.02045	0.01516	0.00882	0.00716	0.00221	0.00703	0.00689	0.00750	0.01195
4	0.01013	0.00728	0.00997	0.01009	0.01086	0.00800	0.00718	0.01171	0.01123	0.01573	0.02167	0.08617	0.02266	0.28728	0.43762	0.00929	0.01387	0.00947	0.00419	0.00562
5	0.02502	0.03102	0.02001	0.01809	0.02148	0.61043	0.01372	0.02819	0.06949	0.01832	0.01221	0.01409	0.01012	0.00794	0.00790	0.00198	0.07268	0.00498	0.00389	0.00844
6	0.00863	0.00639	0.00807	0.00941	0.01020	0.00583	0.00639	0.00997	0.01412	0.01838	0.04539	0.61866	0.16957	0.02151	0.00896	0.00280	0.00403	0.01927	0.00661	0.00583
7	0.00884	0.00676	0.00816	0.00906	0.01036	0.00608	0.00648	0.01055	0.01516	0.01940	0.09199	0.41198	0.28900	0.02009	0.00885	0.00270	0.00404	0.05783	0.00668	0.00597
8	0.00851	0.00716	0.00739	0.00745	0.00971	0.00603	0.00554	0.01036	0.01628	0.01964	0.10181	0.10573	0.63386	0.01810	0.00845	0.00242	0.00362	0.01521	0.00667	0.00603
9	0.01869	0.70215	0.08618	0.01277	0.01918	0.02733	0.01321	0.02141	0.01451	0.01717	0.01011	0.01168	0.00913	0.00614	0.00473	0.00158	0.00783	0.00391	0.00304	0.00924
10	0.00986	0.00812	0.00837	0.00805	0.01060	0.00722	0.00610	0.06031	0.01753	0.02137	0.08478	0.09059	0.60732	0.01739	0.00835	0.00240	0.00394	0.01453	0.00669	0.00648
11	0.00895	0.00641	0.00851	0.00973	0.01039	0.00596	0.00663	0.01060	0.01490	0.02019	0.16759	0.61102	0.05099	0.02081	0.00895	0.00277	0.00398	0.01882	0.00685	0.00596
12	0.23819	0.01289	0.01377	0.01123	0.01571	0.01331	0.00917	0.14363	0.01939	0.26867	0.02016	0.01993	0.01404	0.00806	0.00596	0.00208	0.00568	0.00601	0.16229	0.00982
13	0.01735	0.01664	0.02841	0.08874	0.66243	0.01685	0.02172	0.02161	0.01608	0.02293	0.01335	0.01771	0.01116	0.00640	0.00705	0.00213	0.00853	0.00634	0.00350	0.01106
14	0.01008	0.00728	0.00952	0.00896	0.01064	0.00672	0.00672	0.01344	0.02016	0.02855	0.70158	0.05319	0.06719	0.01456	0.00840	0.00224	0.00336	0.01288	0.00784	0.00672
15	0.01414	0.01351	0.02191	0.54570	0.08327	0.01710	0.01905	0.01820	0.01368	0.01829	0.01203	0.01821	0.00957	0.00815	0.01040	0.00251	0.15667	0.00631	0.00318	0.00809
16	0.01681	0.01921	0.04202	0.03001	0.03721	0.01801	0.67947	0.02281	0.01681	0.02281	0.01441	0.01921	0.01080	0.00600	0.00840	0.00240	0.01200	0.00840	0.00360	0.00960
17	0.01034	0.00696	0.00805	0.00805	0.00815	0.00706	0.00467	0.01054	0.01044	0.01402	0.02217	0.04514	0.02525	0.69511	0.09001	0.00726	0.00786	0.01014	0.00428	0.00447
18	0.01904	0.75404	0.03731	0.01218	0.01828	0.02818	0.01218	0.02132	0.01447	0.01675	0.00990	0.01142	0.00914	0.00609	0.00457	0.00152	0.00761	0.00381	0.00305	0.00914
19	0.01236	0.00770	0.01016	0.00947	0.01144	0.00704	0.00712	0.01543	0.01948	0.10335	0.55535	0.12438	0.05951	0.01475	0.00833	0.00231	0.00374	0.01303	0.00781	0.00722
20	0.02638	0.01151	0.01519	0.01204	0.01665	0.01038	0.00978	0.07494	0.02124	0.50059	0.18841	0.03066	0.02909	0.01017	0.00745	0.00221	0.00554	0.00848	0.00846	0.01083
21	0.01308	0.00748	0.01116	0.09351	0.01440	0.00793	0.00805	0.03696	0.01081	0.01433	0.01259	0.02116	0.01202	0.02205	0.02460	0.66975	0.00663	0.00621	0.00326	0.00401
22	0.01674	0.01900	0.04088	0.02938	0.03618	0.01822	0.64222	0.02249	0.01648	0.02249	0.01412	0.01900	0.01072	0.00636	0.00924	0.00244	0.05267	0.00828	0.00357	0.00950
23	0.00871	0.00629	0.00817	0.00965	0.01019	0.00584	0.00645	0.00995	0.01371	0.01811	0.04107	0.67309	0.09380	0.04603	0.00994	0.00299	0.00418	0.01954	0.00653	0.00575
24	0.00852	0.00722	0.00736	0.00732	0.00968	0.00605	0.00549	0.01042	0.01647	0.01981	0.11086	0.06758	0.66336	0.01782	0.00841	0.00239	0.00359	0.01490	0.00669	0.00605
25	0.00911	0.00697	0.00836	0.00859	0.01019	0.00622	0.00622	0.01135	0.01702	0.02247	0.30069	0.24315	0.28818	0.01786	0.00859	0.00247	0.00365	0.01561	0.00707	0.00622
26	0.01481	0.02809	0.41344	0.02314	0.03171	0.01630	0.26678	0.02173	0.01559	0.02233	0.01530	0.06939	0.01244	0.00761	0.00754	0.00236	0.01061	0.00751	0.00349	0.00984
27	0.01147	0.00820	0.01147	0.01311	0.01475	0.00820	0.01147	0.01475	0.01639	0.02131	0.03770	0.08032	0.04098	0.01967	0.00984	0.00328	0.00656	0.65741	0.00656	0.00656
28	0.01899	0.52404	0.14374	0.01436	0.02119	0.02390	0.04762	0.02249	0.01513	0.06985	0.01203	0.01345	0.00988	0.00637	0.00533	0.00172	0.00811	0.00453	0.00353	0.03372
29	0.01731	0.01892	0.03629	0.02652	0.03271	0.04197	0.51264	0.04395	0.05066	0.02318	0.01457	0.01877	0.01120	0.00686	0.00944	0.00238	0.07651	0.00781	0.00388	0.04443

[dist]
# distance from previous block
# <min> <max>
0	6

[block]
# block no. 3 follows, 29 sequences, length 35
# corresponding to MSA columns:
# 187-221
name=unknown_D
#
# <colnr> <probs for GDERKNQSTAVLIFYWHMCP>
#	G	D	E	R	K	N	Q	S	T	A	V	L	I	F	Y	W	H	M	C	P
0	0.01505	0.01302	0.01547	0.01284	0.05701	0.01079	0.00945	0.02029	0.09752	0.02386	0.01697	0.01843	0.03843	0.00636	0.00574	0.00133	0.00544	0.00522	0.00464	0.62216
1	0.10382	0.18444	0.02271	0.01486	0.01968	0.12012	0.04997	0.11023	0.22738	0.02648	0.01919	0.01938	0.03631	0.00813	0.00631	0.00207	0.00767	0.00620	0.00524	0.00982
2	0.01869	0.01498	0.01601	0.04758	0.01855	0.05448	0.01020	0.20409	0.07933	0.04741	0.01764	0.02317	0.01510	0.15515	0.01234	0.00278	0.00701	0.00660	0.00536	0.24353
3	0.02090	0.06264	0.10657	0.01566	0.02088	0.05268	0.01391	0.15587	0.30725	0.09830	0.02161	0.02097	0.01592	0.00882	0.00777	0.00228	0.04400	0.00679	0.00622	0.01098
4	0.01864	0.01509	0.01613	0.01437	0.01849	0.01724	0.01122	0.03763	0.64865	0.07416	0.02892	0.02641	0.02147	0.00961	0.00724	0.00240	0.00566	0.00799	0.00735	0.01133
5	0.01036	0.00690	0.00777	0.00777	0.00777	0.00690	0.00431	0.01036	0.01036	0.01381	0.02244	0.04660	0.02589	0.74975	0.03624	0.00690	0.00690	0.01036	0.00431	0.00431
6	0.00985	0.00731	0.01022	0.07823	0.01432	0.00763	0.00825	0.01161	0.01299	0.01743	0.03044	0.39376	0.03462	0.13860	0.14018	0.00501	0.00790	0.06031	0.00543	0.00591
7	0.00934	0.00759	0.00835	0.00846	0.01051	0.00688	0.00622	0.01253	0.06273	0.02112	0.15444	0.18758	0.44332	0.01774	0.00846	0.00247	0.00381	0.01519	0.00683	0.00643
8	0.00876	0.00629	0.00818	0.00966	0.01015	0.00586	0.00642	0.00996	0.01357	0.01798	0.03991	0.67146	0.07830	0.06394	0.01062	0.00310	0.00426	0.01942	0.00648	0.00571
9	0.00858	0.00722	0.00744	0.00739	0.00972	0.00608	0.00554	0.01054	0.01662	0.02016	0.13421	0.06702	0.63979	0.01769	0.00841	0.00239	0.00358	0.01482	0.00673	0.00608
10	0.01431	0.01354	0.02292	0.58983	0.18509	0.01605	0.02021	0.01895	0.01465	0.01924	0.01281	0.01870	0.00986	0.00696	0.00710	0.00232	0.00928	0.00633	0.00324	0.00861
11	0.01345	0.01266	0.02136	0.73264	0.04904	0.01582	0.01978	0.01819	0.01424	0.01819	0.01266	0.01898	0.00949	0.00712	0.00712	0.00237	0.00949	0.00633	0.00316	0.00791
12	0.00952	0.00682	0.00886	0.01021	0.01087	0.00653	0.00693	0.04060	0.01454	0.01940	0.03823	0.71184	0.04550	0.02168	0.00900	0.00286	0.00430	0.01961	0.00663	0.00607
13	0.00860	0.00722	0.00747	0.00741	0.00973	0.00609	0.00556	0.01058	0.01667	0.02028	0.14245	0.06681	0.63148	0.01765	0.00841	0.00239	0.00358	0.01479	0.00675	0.00609
14	0.02915	0.01585	0.01875	0.01445	0.01999	0.01610	0.01191	0.33346	0.05198	0.37722	0.02305	0.02103	0.01524	0.00872	0.00715	0.00218	0.00686	0.00685	0.00797	0.01208
15	0.06870	0.01314	0.01681	0.01295	0.01843	0.01212	0.01070	0.11145	0.02155	0.59766	0.02589	0.02277	0.01648	0.00867	0.00702	0.00220	0.00624	0.00691	0.00840	0.01190
16	0.69258	0.01657	0.01182	0.01061	0.01492	0.11396	0.00855	0.02197	0.01324	0.02993	0.01007	0.01174	0.00791	0.00671	0.00469	0.00215	0.00653	0.00396	0.00430	0.00779
17	0.00941	0.00677	0.00889	0.05154	0.01189	0.00668	0.00675	0.01052	0.01277	0.01698	0.03310	0.51186	0.03911	0.22015	0.01639	0.00396	0.00520	0.01673	0.00578	0.00551
18	0.01771	0.01530	0.01610	0.01449	0.01852	0.01771	0.01127	0.03784	0.69247	0.02979	0.02898	0.02657	0.02174	0.00966	0.00725	0.00242	0.00564	0.00805	0.00725	0.01127
19	0.01345	0.01266	0.02136	0.73264	0.04904	0.01582	0.01978	0.01819	0.01424	0.01819	0.01266	0.01898	0.00949	0.00712	0.00712	0.00237	0.00949	0.00633	0.00316	0.00791
20	0.01685	0.01904	0.04090	0.02934	0.03641	0.01799	0.65058	0.02346	0.04602	0.02311	0.01504	0.01953	0.01128	0.00616	0.00835	0.00240	0.01173	0.00839	0.00376	0.00968
21	0.03167	0.01257	0.01680	0.01288	0.01840	0.01113	0.01064	0.07191	0.02113	0.67199	0.02746	0.02383	0.01731	0.00880	0.00716	0.00220	0.00616	0.00712	0.00872	0.01212
22	0.00899	0.00724	0.00801	0.00781	0.00997	0.00625	0.00586	0.01133	0.01758	0.02245	0.28898	0.06324	0.48359	0.01684	0.00841	0.00235	0.00352	0.01429	0.00703	0.00625
23	0.01345	0.01266	0.02136	0.73264	0.04904	0.01582	0.01978	0.01819	0.01424	0.01819	0.01266	0.01898	0.00949	0.00712	0.00712	0.00237	0.00949	0.00633	0.00316	0.00791
24	0.02742	0.01202	0.01569	0.01246	0.01731	0.01104	0.01013	0.05241	0.08767	0.52940	0.11899	0.02816	0.02457	0.00967	0.00734	0.00223	0.00571	0.00800	0.00847	0.01130
25	0.01035	0.00693	0.00791	0.00791	0.00796	0.00698	0.00450	0.01045	0.01040	0.01391	0.02230	0.04586	0.02557	0.72223	0.06333	0.00708	0.00738	0.01025	0.00429	0.00440
26	0.01855	0.44227	0.13999	0.01447	0.02052	0.02394	0.01465	0.09917	0.04236	0.02150	0.01229	0.01425	0.01034	0.00911	0.03761	0.00228	0.05856	0.00484	0.00372	0.00958
27	0.01806	0.60673	0.17606	0.01385	0.02085	0.02579	0.01509	0.02157	0.01458	0.01794	0.01049	0.01216	0.00911	0.00623	0.00502	0.00167	0.00821	0.00411	0.00304	0.00942
28	0.01291	0.00832	0.01051	0.01085	0.01326	0.00766	0.00908	0.01557	0.01683	0.10725	0.04939	0.06884	0.28580	0.01769	0.00897	0.00282	0.00539	0.33495	0.00686	0.00705
29	0.18477	0.07185	0.20791	0.01590	0.04355	0.03496	0.01534	0.05066	0.01469	0.02436	0.01158	0.01420	0.00930	0.00738	0.00844	0.00209	0.12138	0.00489	0.00377	0.15298
30	0.07904	0.01049	0.01109	0.00968	0.01281	0.01076	0.00761	0.12173	0.06011	0.07631	0.09396	0.03019	0.08940	0.00982	0.00625	0.00197	0.00462	0.00788	0.32298	0.03331
31	0.01025	0.00690	0.00798	0.00807	0.00816	0.00694	0.00468	0.01045	0.01060	0.01420	0.02325	0.08648	0.02673	0.67281	0.06856	0.00689	0.00734	0.01080	0.00442	0.00450
32	0.01287	0.00910	0.01112	0.01089	0.01299	0.00917	0.00817	0.01918	0.16503	0.07189	0.25835	0.25085	0.06423	0.01576	0.00835	0.00253	0.00446	0.04999	0.00731	0.00778
33	0.09737	0.15607	0.20351	0.01869	0.07018	0.07524	0.09291	0.02367	0.06398	0.05770	0.06287	0.01850	0.01475	0.00742	0.00648	0.00210	0.00862	0.00607	0.00425	0.00961
34	0.05772	0.02162	0.11993	0.03924	0.05400	0.14292	0.05530	0.04757	0.26532	0.07416	0.03713	0.02087	0.01605	0.00826	0.00697	0.00223	0.00830	0.00673	0.00546	0.01021

[dist]
# distance from previous block
# <min> <max>
1	13

[block]
# block no. 4 follows, 29 sequences, length 29
# corresponding to MSA columns:
# 235-263
name=unknown_E
#
# <colnr> <probs for GDERKNQSTAVLIFYWHMCP>
#	G	D	E	R	K	N	Q	S	T	A	V	L	I	F	Y	W	H	M	C	P
0	0.01769	0.04228	0.03593	0.01676	0.10149	0.05786	0.03342	0.20707	0.02158	0.02885	0.11326	0.05398	0.12856	0.01048	0.00721	0.00209	0.00666	0.00874	0.04410	0.06199
1	0.01733	0.22020	0.09860	0.01679	0.04705	0.04033	0.08965	0.10157	0.05673	0.02316	0.06105	0.05626	0.01764	0.07253	0.01009	0.00253	0.04768	0.00727	0.00449	0.00907
2	0.01621	0.37999	0.11761	0.01360	0.01825	0.02119	0.01339	0.01921	0.01359	0.01831	0.01264	0.01659	0.01132	0.03470	0.08093	0.00305	0.12476	0.00521	0.07096	0.00846
3	0.01040	0.00699	0.00809	0.00817	0.00830	0.00704	0.00484	0.01066	0.01069	0.01428	0.02305	0.04753	0.02631	0.68728	0.06134	0.00690	0.00736	0.04185	0.00440	0.00450
4	0.09119	0.00901	0.00948	0.00897	0.01133	0.00944	0.00686	0.05156	0.06877	0.04839	0.02779	0.07649	0.08819	0.03637	0.07340	0.00304	0.00569	0.00842	0.35824	0.00736
5	0.01041	0.00719	0.00922	0.00922	0.00982	0.00771	0.00622	0.01160	0.01101	0.01550	0.02109	0.03806	0.02223	0.43089	0.31576	0.00853	0.01173	0.00907	0.03947	0.00526
6	0.00877	0.00627	0.00834	0.00985	0.01035	0.00584	0.00662	0.01015	0.01406	0.01886	0.08259	0.69983	0.04841	0.02180	0.00904	0.00285	0.00408	0.01976	0.00669	0.00584
7	0.00882	0.00635	0.00823	0.00957	0.01016	0.00591	0.00641	0.01013	0.01394	0.01852	0.07283	0.62904	0.08981	0.06123	0.01049	0.00305	0.00421	0.01900	0.00655	0.00576
8	0.01904	0.75404	0.03731	0.01218	0.01828	0.02818	0.01218	0.02132	0.01447	0.01675	0.00990	0.01142	0.00914	0.00609	0.00457	0.00152	0.00761	0.00381	0.00305	0.00914
9	0.01743	0.01500	0.01586	0.01428	0.01822	0.01730	0.01110	0.03693	0.66736	0.02974	0.05411	0.02756	0.02343	0.00984	0.00729	0.00241	0.00555	0.00823	0.00727	0.01110
10	0.00868	0.00620	0.00826	0.00991	0.01033	0.00578	0.00661	0.00991	0.01363	0.01818	0.03925	0.74510	0.04710	0.02231	0.00909	0.00289	0.00413	0.02024	0.00661	0.00578
11	0.01456	0.00787	0.00801	0.00754	0.00958	0.00807	0.00577	0.07836	0.01666	0.02825	0.02266	0.02567	0.01768	0.00832	0.00518	0.00170	0.00374	0.00662	0.71663	0.00715
12	0.01762	0.01692	0.02890	0.04371	0.70533	0.01692	0.02185	0.02185	0.01621	0.02326	0.01339	0.01762	0.01128	0.00634	0.00705	0.00211	0.00846	0.00634	0.00352	0.01128
13	0.01017	0.00763	0.01144	0.01144	0.01272	0.00890	0.00890	0.01272	0.01144	0.01653	0.01907	0.02797	0.01780	0.05340	0.72153	0.01144	0.01907	0.00763	0.00381	0.00636
14	0.80005	0.01377	0.01047	0.00936	0.01377	0.01597	0.00771	0.02093	0.01212	0.03195	0.00991	0.01157	0.00771	0.00661	0.00441	0.00220	0.00551	0.00386	0.00441	0.00771
15	0.01116	0.00904	0.01318	0.01262	0.01362	0.01116	0.00994	0.01343	0.01131	0.01654	0.01744	0.02641	0.01657	0.07129	0.57048	0.00977	0.14832	0.00748	0.00371	0.00654
16	0.01128	0.00862	0.01059	0.00972	0.01198	0.00829	0.00737	0.01679	0.10822	0.02812	0.55504	0.04810	0.07884	0.01352	0.00808	0.00220	0.00377	0.01184	0.00752	0.05009
17	0.01707	0.01635	0.02790	0.13516	0.61821	0.01677	0.02158	0.02137	0.01595	0.02259	0.01330	0.01780	0.01104	0.00645	0.00706	0.00215	0.00860	0.00634	0.00348	0.01083
18	0.00974	0.00713	0.00920	0.00938	0.01087	0.00659	0.00702	0.01247	0.01797	0.02463	0.42745	0.20516	0.12841	0.01709	0.00869	0.00250	0.00387	0.07809	0.00732	0.00643
19	0.03195	0.01212	0.01652	0.01267	0.01818	0.01047	0.01047	0.03470	0.02038	0.71026	0.02809	0.02424	0.01763	0.00881	0.00716	0.00220	0.00606	0.00716	0.00881	0.01212
20	0.01483	0.01035	0.01222	0.01112	0.01388	0.01070	0.00869	0.05369	0.19632	0.07879	0.34652	0.04205	0.04345	0.01241	0.00777	0.00230	0.00457	0.05257	0.06923	0.00855
21	0.11807	0.05872	0.54364	0.01931	0.02861	0.01700	0.07399	0.02231	0.01477	0.02359	0.01242	0.01477	0.00899	0.00666	0.00650	0.00223	0.00987	0.00527	0.00324	0.01003
22	0.01006	0.03453	0.01015	0.00920	0.01096	0.00735	0.00698	0.01285	0.01827	0.02497	0.45937	0.15502	0.14672	0.01611	0.00844	0.00239	0.00383	0.04896	0.00725	0.00657
23	0.01036	0.00690	0.00777	0.00777	0.00777	0.00690	0.00431	0.01036	0.01036	0.01381	0.02244	0.04660	0.02589	0.74975	0.03624	0.00690	0.00690	0.01036	0.00431	0.00431
24	0.02660	0.03394	0.02018	0.01834	0.02201	0.72116	0.01376	0.02843	0.02018	0.01743	0.01101	0.01284	0.00917	0.00734	0.00642	0.00183	0.01284	0.00459	0.00367	0.00825
25	0.01642	0.01891	0.11823	0.16015	0.47010	0.01673	0.05354	0.02135	0.01574	0.02226	0.01323	0.01760	0.01065	0.00652	0.00709	0.00219	0.00908	0.00630	0.00340	0.01051
26	0.01638	0.02021	0.12436	0.37154	0.12485	0.14001	0.01922	0.02064	0.01539	0.01905	0.01246	0.01728	0.00975	0.00796	0.00806	0.04523	0.00992	0.00586	0.00327	0.00854
27	0.01703	0.01638	0.02830	0.08831	0.60759	0.01659	0.04868	0.02131	0.01593	0.02265	0.01360	0.01817	0.01138	0.00813	0.03360	0.00249	0.00907	0.00648	0.00351	0.01080
28	0.01798	0.01769	0.08706	0.01408	0.01718	0.13894	0.01183	0.07696	0.06187	0.07040	0.03996	0.02675	0.01757	0.12064	0.03422	0.10003	0.07733	0.03870	0.02296	0.00783

[dist]
# distance from previous block
# <min> <max>
0	2

[block]
# block no. 5 follows, 29 sequences, length 183
# corresponding to MSA columns:
# 266-448
name=unknown_F
#
# <colnr> <probs for GDERKNQSTAVLIFYWHMCP>
#	G	D	E	R	K	N	Q	S	T	A	V	L	I	F	Y	W	H	M	C	P
0	0.16451	0.02079	0.23289	0.27108	0.05706	0.01632	0.01864	0.02234	0.08801	0.02361	0.01398	0.01712	0.01040	0.00716	0.00650	0.00230	0.00859	0.00571	0.00381	0.00917
1	0.00995	0.00681	0.00798	0.00830	0.00852	0.00673	0.00497	0.01036	0.01125	0.01495	0.02739	0.18109	0.05485	0.55608	0.05604	0.00614	0.00671	0.01233	0.00482	0.00474
2	0.16738	0.08352	0.20959	0.07375	0.02176	0.01467	0.01433	0.04239	0.01542	0.05052	0.05968	0.07489	0.04197	0.00887	0.00634	0.00213	0.00712	0.00700	0.03172	0.06696
3	0.01486	0.01017	0.01242	0.01025	0.01416	0.00857	0.00792	0.03717	0.01705	0.09994	0.18304	0.14021	0.03101	0.01081	0.00686	0.00182	0.00469	0.00932	0.05178	0.32795
4	0.02212	0.36555	0.02736	0.01471	0.01949	0.31337	0.01250	0.04759	0.04447	0.01899	0.01200	0.01353	0.01019	0.00694	0.00555	0.00172	0.00950	0.00452	0.04105	0.00884
5	0.01708	0.01421	0.12625	0.01197	0.01623	0.01066	0.01107	0.05947	0.06382	0.16341	0.26571	0.03322	0.03405	0.01050	0.00720	0.00215	0.00546	0.00883	0.12969	0.00901
6	0.01698	0.01626	0.02773	0.15045	0.60365	0.01675	0.02153	0.02129	0.01591	0.02248	0.01328	0.01783	0.01100	0.00646	0.00706	0.00215	0.00862	0.00634	0.00347	0.01076
7	0.01049	0.00786	0.01001	0.01058	0.01243	0.00749	0.00863	0.01388	0.03692	0.02299	0.22886	0.09230	0.19486	0.01770	0.00902	0.00276	0.00490	0.29479	0.00695	0.00659
8	0.01017	0.00763	0.01144	0.01144	0.01272	0.00890	0.00890	0.01272	0.01144	0.01653	0.01907	0.02797	0.01780	0.05340	0.72153	0.01144	0.01907	0.00763	0.00381	0.00636
9	0.01735	0.01491	0.01579	0.01423	0.01814	0.01719	0.01105	0.03668	0.66045	0.02973	0.06101	0.02783	0.02390	0.00989	0.00730	0.00241	0.00553	0.00828	0.00727	0.01105
10	0.00974	0.00771	0.00862	0.00822	0.01047	0.00688	0.00621	0.03644	0.01837	0.02374	0.30965	0.06078	0.43496	0.01636	0.00836	0.00233	0.00367	0.01389	0.00710	0.00651
11	0.00868	0.00620	0.00826	0.00991	0.01033	0.00578	0.00661	0.00991	0.01363	0.01818	0.03925	0.74510	0.04710	0.02231	0.00909	0.00289	0.00413	0.02024	0.00661	0.00578
12	0.00863	0.00725	0.00751	0.00752	0.00986	0.00613	0.00570	0.01058	0.01650	0.01993	0.11296	0.06790	0.63824	0.01786	0.00846	0.00242	0.00369	0.03611	0.00669	0.00608
13	0.01472	0.08027	0.01472	0.01159	0.01409	0.01152	0.00937	0.05461	0.01427	0.09860	0.01942	0.02523	0.01666	0.03790	0.47783	0.00819	0.01469	0.00707	0.06161	0.00764
14	0.80005	0.01377	0.01047	0.00936	0.01377	0.01597	0.00771	0.02093	0.01212	0.03195	0.00991	0.01157	0.00771	0.00661	0.00441	0.00220	0.00551	0.00386	0.00441	0.00771
15	0.01237	0.00618	0.00928	0.00928	0.00928	0.00618	0.00618	0.00928	0.00928	0.01237	0.01237	0.02165	0.01237	0.02474	0.02783	0.79283	0.00618	0.00618	0.00309	0.00309
16	0.01323	0.00662	0.00676	0.00676	0.00834	0.00662	0.00504	0.01624	0.01466	0.02586	0.02271	0.02631	0.01797	0.00909	0.00608	0.03977	0.00346	0.00662	0.75141	0.00647
17	0.01762	0.01692	0.02890	0.04371	0.70533	0.01692	0.02185	0.02185	0.01621	0.02326	0.01339	0.01762	0.01128	0.00634	0.00705	0.00211	0.00846	0.00634	0.00352	0.01128
18	0.00910	0.00709	0.00829	0.00852	0.01030	0.00628	0.00632	0.01131	0.01688	0.02182	0.24560	0.19265	0.36257	0.01792	0.00861	0.00249	0.00378	0.04731	0.00696	0.00620
19	0.36729	0.01835	0.01786	0.08069	0.16036	0.13748	0.01322	0.08443	0.01653	0.02772	0.01173	0.01418	0.00926	0.00691	0.00578	0.00213	0.00793	0.00494	0.00425	0.00897
20	0.01666	0.01755	0.02205	0.50086	0.12483	0.16053	0.01880	0.02075	0.01570	0.01866	0.01241	0.01756	0.00965	0.00707	0.00697	0.00223	0.01005	0.00597	0.00331	0.00840
21	0.00966	0.00771	0.00887	0.04280	0.01180	0.00696	0.00636	0.01172	0.01596	0.02054	0.19674	0.05647	0.38308	0.13692	0.01279	0.00304	0.00446	0.01283	0.00622	0.04509
22	0.01839	0.46054	0.11993	0.02091	0.18451	0.02379	0.01633	0.04546	0.01564	0.02006	0.01136	0.01357	0.00974	0.00633	0.00553	0.00178	0.00819	0.00469	0.00330	0.00993
23	0.01209	0.00913	0.01216	0.01373	0.03558	0.00930	0.01131	0.01706	0.08763	0.02210	0.03866	0.07187	0.08826	0.01809	0.00937	0.00309	0.00629	0.52059	0.00654	0.00715
24	0.11937	0.01231	0.01584	0.01229	0.01768	0.01109	0.01015	0.03313	0.01944	0.63306	0.02602	0.02279	0.01650	0.00856	0.00685	0.00220	0.00600	0.00678	0.00831	0.01162
25	0.01433	0.06399	0.42949	0.15735	0.03313	0.01648	0.09076	0.02099	0.01503	0.02126	0.01451	0.04333	0.01167	0.00768	0.00707	0.00231	0.00998	0.02772	0.00334	0.00956
26	0.01560	0.01428	0.02262	0.47983	0.18904	0.01662	0.01918	0.06515	0.06631	0.02196	0.01433	0.01912	0.01097	0.00723	0.00711	0.00230	0.00887	0.00647	0.00381	0.00918
27	0.01021	0.00684	0.00781	0.00795	0.00798	0.00681	0.00451	0.01032	0.01063	0.01417	0.02384	0.10510	0.02766	0.68882	0.03397	0.00657	0.00667	0.01118	0.00451	0.00444
28	0.00889	0.00634	0.00815	0.00951	0.00995	0.00594	0.00625	0.00999	0.01331	0.01764	0.03849	0.62128	0.07391	0.11919	0.01268	0.00341	0.00448	0.01869	0.00630	0.00560
29	0.24174	0.01837	0.04492	0.13145	0.15699	0.14328	0.01445	0.02349	0.01602	0.10375	0.03366	0.01696	0.01189	0.00726	0.00624	0.00215	0.00823	0.00556	0.00446	0.00913
30	0.01490	0.13027	0.62485	0.01924	0.02918	0.01805	0.02447	0.02239	0.01496	0.02180	0.01240	0.01456	0.00904	0.00668	0.00648	0.00216	0.01014	0.00507	0.00301	0.01034
31	0.01147	0.00820	0.01147	0.01311	0.01475	0.00820	0.01147	0.01475	0.01639	0.02131	0.03770	0.08032	0.04098	0.01967	0.00984	0.00328	0.00656	0.65741	0.00656	0.00656
32	0.01036	0.06746	0.01185	0.01113	0.05777	0.00872	0.00782	0.01259	0.01625	0.02061	0.14626	0.16690	0.36262	0.01658	0.00821	0.00242	0.00449	0.05495	0.00629	0.00672
33	0.06283	0.09917	0.46637	0.01939	0.05917	0.01730	0.04651	0.05444	0.01619	0.02412	0.05904	0.01744	0.01320	0.00726	0.00662	0.00217	0.00929	0.00578	0.00367	0.01005
34	0.01666	0.01536	0.02254	0.34157	0.23733	0.05113	0.01838	0.09563	0.01772	0.02338	0.04762	0.02248	0.01451	0.00799	0.00725	0.00228	0.00873	0.03602	0.00413	0.00930
35	0.80005	0.01377	0.01047	0.00936	0.01377	0.01597	0.00771	0.02093	0.01212	0.03195	0.00991	0.01157	0.00771	0.00661	0.00441	0.00220	0.00551	0.00386	0.00441	0.00771
36	0.00878	0.00728	0.00772	0.00775	0.01003	0.00622	0.00591	0.01085	0.01669	0.02043	0.14269	0.06744	0.59142	0.01773	0.00849	0.00244	0.00375	0.05152	0.00675	0.00612
37	0.07014	0.12520	0.55711	0.01845	0.02767	0.01813	0.02289	0.02212	0.01463	0.02231	0.01211	0.01435	0.00895	0.00684	0.00683	0.00219	0.03190	0.00501	0.00311	0.01007
38	0.01737	0.01257	0.01503	0.01087	0.01707	0.00964	0.00874	0.02047	0.01562	0.12722	0.01499	0.01620	0.01162	0.00581	0.00556	0.00123	0.00539	0.00466	0.00491	0.67502
39	0.02616	0.03320	0.02024	0.01836	0.02188	0.69322	0.01383	0.02798	0.01981	0.01742	0.01094	0.01295	0.00918	0.00754	0.00710	0.00189	0.04176	0.00465	0.00365	0.00824
40	0.01061	0.00737	0.00966	0.00910	0.01083	0.00678	0.00682	0.01387	0.01990	0.04645	0.65702	0.08006	0.06505	0.01471	0.00839	0.00226	0.00346	0.01302	0.00782	0.00683
41	0.01008	0.00728	0.00952	0.00896	0.01064	0.00672	0.00672	0.01344	0.02016	0.02855	0.70158	0.05319	0.06719	0.01456	0.00840	0.00224	0.00336	0.01288	0.00784	0.00672
42	0.01897	0.01561	0.01648	0.01441	0.01859	0.01787	0.01133	0.13776	0.55688	0.03200	0.02684	0.02508	0.02006	0.00942	0.00712	0.00234	0.00587	0.00773	0.04447	0.01118
43	0.01017	0.00763	0.01144	0.01144	0.01272	0.00890	0.00890	0.01272	0.01144	0.01653	0.01907	0.02797	0.01780	0.05340	0.72153	0.01144	0.01907	0.00763	0.00381	0.00636
44	0.02660	0.03394	0.02018	0.01834	0.02201	0.72116	0.01376	0.02843	0.02018	0.01743	0.01101	0.01284	0.00917	0.00734	0.00642	0.00183	0.01284	0.00459	0.00367	0.00825
45	0.01008	0.00728	0.00952	0.00896	0.01064	0.00672	0.00672	0.01344	0.02016	0.02855	0.70158	0.05319	0.06719	0.01456	0.00840	0.00224	0.00336	0.01288	0.00784	0.00672
46	0.00911	0.00651	0.00853	0.00981	0.01041	0.00619	0.00671	0.01051	0.01380	0.01841	0.06981	0.55883	0.06623	0.09348	0.03625	0.00355	0.00500	0.05477	0.00635	0.00576
47	0.00868	0.00620	0.00826	0.00991	0.01033	0.00578	0.00661	0.00991	0.01363	0.01818	0.03925	0.74510	0.04710	0.02231	0.00909	0.00289	0.00413	0.02024	0.00661	0.00578
48	0.02571	0.11886	0.02220	0.01762	0.02157	0.63944	0.01357	0.02760	0.01951	0.01735	0.01088	0.01267	0.00917	0.00719	0.00620	0.00180	0.01222	0.00449	0.00360	0.00836
49	0.80005	0.01377	0.01047	0.00936	0.01377	0.01597	0.00771	0.02093	0.01212	0.03195	0.00991	0.01157	0.00771	0.00661	0.00441	0.00220	0.00551	0.00386	0.00441	0.00771
50	0.00890	0.00730	0.00789	0.00794	0.01018	0.00629	0.00609	0.01105	0.01680	0.02073	0.15906	0.06730	0.55825	0.01767	0.00853	0.00245	0.00381	0.06682	0.00678	0.00616
51	0.01327	0.00664	0.00664	0.00664	0.00830	0.00664	0.00498	0.01659	0.01493	0.02655	0.02323	0.02655	0.01825	0.00830	0.00498	0.00166	0.00332	0.00664	0.78928	0.00664
52	0.01345	0.01266	0.02136	0.73264	0.04904	0.01582	0.01978	0.01819	0.01424	0.01819	0.01266	0.01898	0.00949	0.00712	0.00712	0.00237	0.00949	0.00633	0.00316	0.00791
53	0.01493	0.01398	0.02256	0.48554	0.20233	0.01630	0.01929	0.02132	0.09263	0.02074	0.01471	0.01953	0.01133	0.00723	0.00712	0.00232	0.00880	0.00653	0.00372	0.00910
54	0.02837	0.01242	0.01652	0.04733	0.01928	0.01147	0.01083	0.09470	0.02134	0.54314	0.09449	0.02622	0.02172	0.00929	0.00728	0.00221	0.00612	0.00763	0.00828	0.01137
55	0.02562	0.01926	0.02171	0.07107	0.05500	0.02138	0.01438	0.60224	0.03126	0.04191	0.01660	0.01726	0.01188	0.00834	0.00712	0.00215	0.00799	0.00640	0.00667	0.01176
56	0.00868	0.00620	0.00826	0.00991	0.01033	0.00578	0.00661	0.00991	0.01363	0.01818	0.03925	0.74510	0.04710	0.02231	0.00909	0.00289	0.00413	0.02024	0.00661	0.00578
57	0.01563	0.01574	0.02272	0.01921	0.01953	0.02164	0.04561	0.01739	0.01117	0.01739	0.00958	0.01574	0.00941	0.01217	0.02269	0.00308	0.70394	0.00633	0.00314	0.00787
58	0.01477	0.01266	0.01477	0.01055	0.01687	0.00949	0.00844	0.01793	0.01477	0.02320	0.01266	0.01477	0.01055	0.00527	0.00527	0.00105	0.00527	0.00422	0.00422	0.79328
59	0.01624	0.25966	0.47663	0.01762	0.02659	0.02037	0.02143	0.04671	0.01554	0.02158	0.01204	0.01399	0.00917	0.00662	0.00609	0.00202	0.00952	0.00485	0.00317	0.01015
60	0.22618	0.16943	0.36418	0.01532	0.02298	0.01826	0.01777	0.02151	0.01434	0.02418	0.03897	0.01492	0.01102	0.00690	0.00577	0.00210	0.00832	0.00490	0.00358	0.00935
61	0.01345	0.01266	0.02136	0.73264	0.04904	0.01582	0.01978	0.01819	0.01424	0.01819	0.01266	0.01898	0.00949	0.00712	0.00712	0.00237	0.00949	0.00633	0.00316	0.00791
62	0.01036	0.00690	0.00777	0.00777	0.00777	0.00690	0.00431	0.01036	0.01036	0.01381	0.02244	0.04660	0.02589	0.74975	0.03624	0.00690	0.00690	0.01036	0.00431	0.00431
63	0.01481	0.14390	0.54943	0.01878	0.02810	0.01784	0.04796	0.02176	0.01507	0.02151	0.01535	0.01730	0.04356	0.00719	0.00658	0.00216	0.00979	0.00565	0.00321	0.01005
64	0.01436	0.01369	0.02345	0.57714	0.17645	0.01610	0.04025	0.01905	0.01470	0.01932	0.01285	0.01873	0.00988	0.00693	0.00714	0.00232	0.00937	0.00639	0.00325	0.00862
65	0.01765	0.01581	0.01531	0.01382	0.01739	0.09622	0.01066	0.03198	0.46770	0.04654	0.15629	0.03005	0.02893	0.01031	0.00737	0.00231	0.00604	0.00856	0.00699	0.01007
66	0.00875	0.00719	0.00771	0.00766	0.00985	0.00614	0.00571	0.01084	0.01690	0.02102	0.19419	0.09256	0.55175	0.01752	0.00844	0.00239	0.00358	0.01481	0.00685	0.00614
67	0.01362	0.01294	0.02259	0.60639	0.04515	0.01543	0.08367	0.01837	0.01466	0.01889	0.01483	0.02391	0.01214	0.00801	0.00746	0.00245	0.00950	0.05856	0.00348	0.00797
68	0.02294	0.18614	0.15709	0.01769	0.05328	0.28192	0.01574	0.04897	0.01826	0.11458	0.01377	0.01488	0.01049	0.00716	0.00624	0.00192	0.00996	0.00504	0.00423	0.00968
69	0.03175	0.01243	0.01672	0.01282	0.01833	0.01093	0.01059	0.06042	0.02090	0.68381	0.02765	0.02395	0.01741	0.00880	0.00716	0.00220	0.00613	0.00713	0.00875	0.01212
70	0.01497	0.13025	0.56432	0.05390	0.03027	0.01810	0.04895	0.02219	0.01499	0.02158	0.01245	0.01490	0.00913	0.00666	0.00655	0.00217	0.01014	0.00524	0.00304	0.01018
71	0.01750	0.01975	0.10322	0.07306	0.56569	0.05181	0.02184	0.02208	0.01619	0.02265	0.01317	0.01717	0.01084	0.00648	0.00699	0.00213	0.00895	0.00614	0.00346	0.01088
72	0.00988	0.00713	0.00934	0.00909	0.01060	0.00659	0.00670	0.01295	0.01925	0.02712	0.61005	0.14881	0.06441	0.01563	0.00849	0.00233	0.00347	0.01390	0.00767	0.00659
