[name]
unknown

[dist]
# distance from previous block
# <min> <max>
0	68

[block]
# block no. 0 follows, 29 sequences, length 77
# corresponding to MSA columns:
# 68-144
name=unknown_A
#
# <colnr> <probs for GDERKNQSTAVLIFYWHMCP>
#	G	D	E	R	K	N	Q	S	T	A	V	L	I	F	Y	W	H	M	C	P
0	0.01372	0.00967	0.01228	0.01234	0.01471	0.00982	0.01029	0.06505	0.08498	0.05689	0.18187	0.06159	0.06545	0.01622	0.00890	0.00280	0.00573	0.35294	0.00705	0.00769
1	0.02134	0.01618	0.01771	0.01354	0.01898	0.01638	0.01098	0.37966	0.04812	0.03515	0.01656	0.01810	0.01270	0.02972	0.00726	0.00190	0.00661	0.00587	0.05293	0.27029
2	0.01668	0.01124	0.01310	0.01190	0.01499	0.01156	0.00919	0.09604	0.19107	0.12649	0.13061	0.18212	0.10396	0.01394	0.00798	0.00246	0.00513	0.03522	0.00732	0.00899
3	0.10619	0.01324	0.01468	0.01077	0.01684	0.01102	0.00867	0.05957	0.01562	0.02556	0.01262	0.01454	0.01032	0.00563	0.00529	0.00125	0.00546	0.00431	0.00442	0.65398
4	0.06317	0.00827	0.00920	0.00875	0.01100	0.00783	0.00654	0.01462	0.05689	0.04850	0.29020	0.07609	0.29102	0.06492	0.00994	0.00265	0.00409	0.01266	0.00688	0.00679
5	0.01369	0.01291	0.02180	0.69181	0.08794	0.01589	0.01990	0.01841	0.01436	0.01849	0.01270	0.01890	0.00960	0.00707	0.00711	0.00236	0.00943	0.00633	0.00319	0.00811
6	0.02662	0.01362	0.01626	0.01294	0.01781	0.04217	0.01048	0.10842	0.07286	0.43726	0.11224	0.02646	0.02305	0.00940	0.00722	0.00216	0.00615	0.00766	0.00798	0.03923
7	0.01428	0.01202	0.01399	0.01024	0.01586	0.00920	0.00798	0.01709	0.01428	0.02216	0.01374	0.01831	0.01225	0.08806	0.00872	0.00171	0.00545	0.00490	0.00423	0.70555
8	0.04836	0.01607	0.01739	0.04780	0.02057	0.01828	0.01203	0.18685	0.45446	0.06131	0.02473	0.02337	0.01824	0.00914	0.00711	0.00233	0.00634	0.00740	0.00699	0.01122
9	0.01205	0.00624	0.00911	0.00919	0.00920	0.00622	0.00606	0.00939	0.00955	0.01273	0.01431	0.05461	0.01492	0.08146	0.02769	0.69737	0.00615	0.00711	0.00334	0.00330
10	0.01067	0.00757	0.00944	0.00894	0.01030	0.00724	0.00635	0.03480	0.01798	0.02513	0.49019	0.07291	0.05454	0.19543	0.01523	0.00340	0.00441	0.01228	0.00691	0.00628
11	0.02707	0.01995	0.02137	0.01638	0.02208	0.02208	0.01353	0.68159	0.03348	0.04488	0.01710	0.01710	0.01211	0.00855	0.00712	0.00214	0.00784	0.00641	0.00712	0.01211
12	0.01662	0.01441	0.02062	0.26815	0.11257	0.01601	0.04584	0.13347	0.12549	0.02561	0.01913	0.10027	0.01639	0.00922	0.00732	0.00231	0.00780	0.00816	0.00498	0.04563
13	0.01366	0.01306	0.02264	0.68892	0.04831	0.01596	0.06083	0.01848	0.01440	0.01848	0.01277	0.01900	0.00957	0.00705	0.00720	0.00237	0.00965	0.00646	0.00319	0.00802
14	0.01371	0.01292	0.02183	0.68977	0.08988	0.01589	0.01990	0.01842	0.01436	0.01851	0.01270	0.01890	0.00960	0.00707	0.00711	0.00236	0.00943	0.00633	0.00319	0.00812
15	0.01189	0.00961	0.01338	0.01275	0.01383	0.01084	0.03222	0.01357	0.01361	0.05007	0.03379	0.37293	0.12482	0.01898	0.03745	0.00313	0.20043	0.01433	0.00558	0.00679
16	0.00964	0.00660	0.00798	0.00869	0.00886	0.00642	0.00530	0.01017	0.01176	0.01568	0.02964	0.34601	0.03498	0.43794	0.02460	0.00518	0.00572	0.01459	0.00530	0.00494
17	0.01456	0.06180	0.65987	0.02042	0.03064	0.01702	0.05380	0.02252	0.01509	0.02235	0.01275	0.01508	0.00910	0.00671	0.00676	0.00224	0.01048	0.00534	0.00303	0.01043
18	0.01628	0.10634	0.24754	0.02504	0.03314	0.01869	0.40465	0.02256	0.01600	0.02206	0.01340	0.01706	0.01007	0.00625	0.00747	0.00226	0.01106	0.00693	0.00336	0.00983
19	0.01888	0.01931	0.02747	0.08770	0.50754	0.12062	0.05061	0.04160	0.01718	0.02264	0.01314	0.01708	0.01084	0.00659	0.00703	0.00211	0.00932	0.00618	0.00363	0.01054
20	0.00864	0.00632	0.00813	0.00957	0.01024	0.00581	0.00646	0.00995	0.01396	0.01831	0.04339	0.65988	0.12964	0.02177	0.00900	0.00283	0.00407	0.01959	0.00661	0.00581
21	0.01915	0.01555	0.02281	0.01770	0.02204	0.01638	0.18178	0.25945	0.06313	0.02899	0.01883	0.02189	0.04634	0.01167	0.01208	0.15281	0.03932	0.00740	0.03366	0.00902
22	0.01914	0.54097	0.09515	0.01493	0.02102	0.09868	0.05679	0.02212	0.01514	0.01774	0.01054	0.01254	0.00925	0.00651	0.00589	0.00173	0.03517	0.00440	0.00315	0.00915
23	0.00868	0.00620	0.00826	0.00991	0.01033	0.00578	0.00661	0.00991	0.01363	0.01818	0.03925	0.74510	0.04710	0.02231	0.00909	0.00289	0.00413	0.02024	0.00661	0.00578
24	0.01612	0.15577	0.02378	0.01632	0.01836	0.02130	0.01394	0.01804	0.01212	0.01791	0.00991	0.01467	0.00947	0.01025	0.01726	0.00252	0.49586	0.00549	0.00326	0.11762
25	0.01682	0.01610	0.02746	0.17563	0.57966	0.01671	0.02146	0.02115	0.01584	0.02229	0.01325	0.01788	0.01094	0.00649	0.00706	0.00216	0.00866	0.00634	0.00346	0.01063
26	0.01327	0.00664	0.00664	0.00664	0.00830	0.00664	0.00498	0.01659	0.01493	0.02655	0.02323	0.02655	0.01825	0.00830	0.00498	0.00166	0.00332	0.00664	0.78928	0.00664
27	0.02175	0.01744	0.01953	0.10204	0.11188	0.10169	0.01405	0.10448	0.25647	0.14314	0.02140	0.02140	0.01566	0.00839	0.00708	0.00223	0.00764	0.00687	0.00611	0.01076
28	0.02440	0.24483	0.02526	0.01645	0.02092	0.48785	0.01329	0.05418	0.01907	0.01840	0.01094	0.01261	0.00929	0.00702	0.00591	0.00176	0.01109	0.00444	0.00363	0.00868
29	0.00867	0.00641	0.00805	0.00934	0.01012	0.00586	0.00632	0.00999	0.01403	0.01825	0.04502	0.59609	0.17126	0.04252	0.00975	0.00292	0.00411	0.01896	0.00654	0.00578
30	0.02534	0.04821	0.02112	0.04809	0.04706	0.39779	0.01406	0.16596	0.02188	0.07800	0.01366	0.01520	0.01056	0.00795	0.00768	0.00203	0.05583	0.00539	0.00473	0.00947
31	0.01577	0.01689	0.03294	0.02459	0.02911	0.01776	0.43134	0.01995	0.01455	0.02033	0.01398	0.02131	0.01210	0.09039	0.01540	0.00309	0.20034	0.00805	0.00355	0.00854
32	0.00947	0.00723	0.00874	0.00905	0.01059	0.00667	0.00652	0.01239	0.04528	0.02252	0.27555	0.29486	0.22901	0.01796	0.00859	0.00252	0.00379	0.01579	0.00706	0.00640
33	0.01822	0.01805	0.02832	0.04202	0.65992	0.06373	0.02132	0.02229	0.01648	0.02288	0.01324	0.01731	0.01114	0.00641	0.00701	0.00210	0.00875	0.00623	0.00353	0.01108
34	0.01666	0.02022	0.08072	0.02945	0.03685	0.01792	0.64179	0.02279	0.01670	0.02279	0.01431	0.01897	0.01070	0.00605	0.00831	0.00239	0.01192	0.00822	0.00357	0.00966
35	0.00938	0.00698	0.00882	0.00959	0.01093	0.00643	0.00712	0.01156	0.01617	0.02134	0.20224	0.33039	0.19524	0.01913	0.00889	0.00269	0.00421	0.11581	0.00689	0.00617
36	0.01547	0.01580	0.02575	0.02066	0.02246	0.01969	0.18045	0.01802	0.01234	0.01829	0.01164	0.01892	0.01101	0.06879	0.02064	0.00323	0.49843	0.00710	0.00333	0.00797
37	0.03140	0.01224	0.01651	0.01274	0.01819	0.01074	0.01050	0.03482	0.04619	0.68414	0.02813	0.02433	0.01778	0.00885	0.00716	0.00221	0.00604	0.00719	0.00875	0.01209
38	0.01427	0.01522	0.03148	0.02363	0.02883	0.01422	0.47043	0.01882	0.01596	0.02143	0.02385	0.20904	0.05658	0.01084	0.00858	0.00253	0.00953	0.01181	0.00454	0.00843
39	0.00883	0.00712	0.00787	0.00792	0.00993	0.00615	0.00585	0.01094	0.01686	0.02129	0.21515	0.14019	0.48154	0.01770	0.00849	0.00242	0.00361	0.01511	0.00690	0.00615
40	0.00902	0.00709	0.00878	0.00919	0.01075	0.00685	0.00679	0.01092	0.01411	0.01814	0.04759	0.22176	0.32918	0.03007	0.23006	0.00533	0.00854	0.01401	0.00574	0.00606
41	0.01674	0.01602	0.02731	0.18926	0.56667	0.01669	0.02141	0.02108	0.01580	0.02219	0.01324	0.01791	0.01090	0.00651	0.00706	0.00217	0.00868	0.00634	0.00345	0.01057
42	0.02352	0.01531	0.02013	0.15677	0.02617	0.01631	0.05277	0.29220	0.02374	0.19937	0.01999	0.05059	0.01465	0.00875	0.00719	0.00222	0.00760	0.00729	0.04483	0.01060
43	0.02328	0.10441	0.02173	0.01692	0.02052	0.40297	0.01342	0.12318	0.01977	0.02137	0.01220	0.01479	0.01027	0.01145	0.06175	0.00272	0.10121	0.00521	0.00406	0.00873
44	0.00868	0.00620	0.00826	0.00991	0.01033	0.00578	0.00661	0.00991	0.01363	0.01818	0.03925	0.74510	0.04710	0.02231	0.00909	0.00289	0.00413	0.02024	0.00661	0.00578
45	0.01585	0.04841	0.06974	0.02044	0.02258	0.02110	0.12846	0.01862	0.01231	0.01842	0.01044	0.01598	0.00956	0.01074	0.01900	0.00287	0.53751	0.00644	0.00319	0.00833
46	0.01675	0.01920	0.04965	0.13960	0.03420	0.08625	0.38362	0.02148	0.01587	0.02067	0.01474	0.01938	0.03011	0.00754	0.00997	0.00243	0.10860	0.00752	0.00354	0.00888
47	0.01872	0.69941	0.06560	0.01274	0.01882	0.02747	0.01290	0.02124	0.01438	0.01701	0.01000	0.01171	0.00914	0.00633	0.00528	0.00161	0.03149	0.00395	0.00305	0.00915
48	0.01210	0.00957	0.01163	0.01041	0.01361	0.00809	0.00768	0.04209	0.01526	0.02192	0.05760	0.37316	0.03107	0.01416	0.00736	0.00205	0.00474	0.01253	0.00568	0.33929
49	0.01247	0.04381	0.01334	0.01135	0.01217	0.01195	0.00836	0.04152	0.01189	0.01656	0.01826	0.03329	0.01939	0.37821	0.18733	0.00673	0.15486	0.00844	0.00402	0.00603
50	0.00956	0.00772	0.00856	0.00826	0.01051	0.00696	0.00622	0.01301	0.05812	0.02314	0.29089	0.06062	0.43828	0.01631	0.00834	0.00235	0.00364	0.01385	0.00708	0.00658
51	0.06269	0.01217	0.01585	0.01234	0.01754	0.01091	0.01014	0.06195	0.02045	0.59753	0.05283	0.02626	0.04736	0.00930	0.00714	0.00221	0.00592	0.00752	0.00842	0.01148
52	0.01578	0.01303	0.01607	0.01165	0.01788	0.01028	0.03726	0.01982	0.04615	0.05518	0.01419	0.01593	0.01140	0.00567	0.00558	0.00123	0.00561	0.00471	0.00454	0.68805
53	0.01762	0.01692	0.02890	0.04371	0.70533	0.01692	0.02185	0.02185	0.01621	0.02326	0.01339	0.01762	0.01128	0.00634	0.00705	0.00211	0.00846	0.00634	0.00352	0.01128
54	0.00868	0.00620	0.00826	0.00991	0.01033	0.00578	0.00661	0.00991	0.01363	0.01818	0.03925	0.74510	0.04710	0.02231	0.00909	0.00289	0.00413	0.02024	0.00661	0.00578
55	0.00856	0.00717	0.00744	0.00747	0.00973	0.00606	0.00557	0.01046	0.01642	0.01992	0.12017	0.09830	0.62243	0.01796	0.00845	0.00241	0.00361	0.01510	0.00671	0.00606
56	0.02723	0.01572	0.01827	0.01444	0.01972	0.01633	0.01179	0.28036	0.16073	0.32115	0.02411	0.02200	0.01636	0.00888	0.00716	0.00222	0.00665	0.00706	0.00786	0.01194
57	0.03110	0.01347	0.01736	0.01331	0.01885	0.01247	0.01100	0.14658	0.02265	0.59519	0.02619	0.02300	0.01667	0.00877	0.00715	0.00219	0.00637	0.00703	0.00852	0.01212
58	0.00997	0.00687	0.00845	0.00880	0.00909	0.00698	0.00553	0.01063	0.01123	0.01517	0.02551	0.19341	0.02916	0.48449	0.13801	0.00676	0.00822	0.01205	0.00473	0.00495
59	0.02687	0.01941	0.02094	0.01615	0.02176	0.02140	0.01331	0.62664	0.06117	0.07237	0.01807	0.01780	0.01276	0.00861	0.00713	0.00215	0.00767	0.00651	0.00720	0.01207
60	0.01132	0.01029	0.01002	0.01116	0.01205	0.11142	0.00767	0.01265	0.01460	0.01807	0.03508	0.63698	0.04150	0.02010	0.00869	0.00274	0.00542	0.01793	0.00618	0.00615
61	0.01432	0.00876	0.00794	0.00775	0.00965	0.05164	0.00583	0.01837	0.04844	0.02614	0.02275	0.02570	0.01786	0.00830	0.00518	0.00171	0.00402	0.00658	0.70209	0.00696
62	0.01514	0.01442	0.02134	0.58736	0.04325	0.05131	0.01871	0.05988	0.01542	0.01972	0.01255	0.01825	0.00963	0.00771	0.00858	0.00240	0.07650	0.00624	0.00343	0.00818
63	0.01648	0.01808	0.03574	0.02722	0.05483	0.01907	0.46537	0.02114	0.01508	0.02119	0.01291	0.01811	0.01040	0.00788	0.01267	0.00260	0.22093	0.00771	0.00346	0.00914
64	0.01084	0.00818	0.01039	0.01137	0.01316	0.00802	0.00932	0.01473	0.06436	0.02138	0.07490	0.16765	0.17582	0.01876	0.00919	0.00294	0.00540	0.36024	0.00668	0.00668
65	0.22967	0.01642	0.01472	0.01281	0.01705	0.11981	0.01009	0.02871	0.21775	0.14300	0.07135	0.02164	0.01840	0.00854	0.00635	0.00217	0.00656	0.00647	0.00614	0.04236
66	0.01648	0.01191	0.01362	0.01245	0.01511	0.01256	0.00941	0.28818	0.02190	0.02958	0.02941	0.41377	0.03141	0.01603	0.00810	0.00253	0.00563	0.01395	0.03954	0.00844
67	0.03056	0.01181	0.01608	0.01243	0.01770	0.01023	0.01023	0.03335	0.02037	0.66699	0.07084	0.02607	0.02077	0.00918	0.00724	0.00221	0.00589	0.00752	0.00875	0.01178
68	0.00944	0.00697	0.00876	0.00890	0.01031	0.00636	0.00641	0.01189	0.01751	0.02387	0.40445	0.24102	0.16222	0.03760	0.00936	0.00257	0.00370	0.01513	0.00722	0.00629
69	0.04225	0.02504	0.02257	0.10646	0.21246	0.36521	0.01649	0.08530	0.01943	0.02201	0.01238	0.01521	0.01002	0.00713	0.00669	0.00201	0.01061	0.00542	0.00391	0.00939
70	0.01159	0.00762	0.00994	0.00916	0.01114	0.00696	0.00694	0.01485	0.02004	0.07718	0.63135	0.05164	0.08570	0.01427	0.00831	0.00224	0.00356	0.01254	0.00787	0.00708
71	0.01036	0.00690	0.00777	0.00777	0.00777	0.00690	0.00431	0.01036	0.01036	0.01381	0.02244	0.04660	0.02589	0.74975	0.03624	0.00690	0.00690	0.01036	0.00431	0.00431
72	0.02482	0.16107	0.04993	0.01715	0.02169	0.51064	0.01394	0.08306	0.02011	0.01986	0.01140	0.01304	0.00941	0.00720	0.00616	0.00182	0.01139	0.00463	0.00383	0.00883
73	0.01690	0.05028	0.04182	0.02926	0.03641	0.01844	0.65125	0.02275	0.01671	0.02255	0.01422	0.01888	0.01073	0.00601	0.00824	0.00236	0.01182	0.00821	0.00358	0.00958
74	0.01033	0.00740	0.00902	0.00875	0.01072	0.00662	0.00660	0.01302	0.01832	0.05075	0.40317	0.10403	0.26960	0.01617	0.00845	0.00237	0.00371	0.03698	0.00735	0.00663
75	0.04577	0.01742	0.07360	0.06622	0.02885	0.01533	0.30764	0.02046	0.01525	0.02253	0.01308	0.01696	0.01029	0.00642	0.00825	0.00202	0.06569	0.00641	0.00372	0.25410
76	0.01626	0.32927	0.23418	0.04648	0.02325	0.02130	0.03347	0.02116	0.04520	0.01928	0.01322	0.03977	0.01160	0.03325	0.00872	0.00223	0.08306	0.00568	0.00342	0.00919

[dist]
# distance from previous block
# <min> <max>
0	2

[block]
# block no. 1 follows, 29 sequences, length 16
# corresponding to MSA columns:
# 147-162
name=unknown_B
#
# <colnr> <probs for GDERKNQSTAVLIFYWHMCP>
#	G	D	E	R	K	N	Q	S	T	A	V	L	I	F	Y	W	H	M	C	P
0	0.01577	0.01346	0.01633	0.01361	0.07329	0.01088	0.00985	0.05973	0.01605	0.02456	0.01299	0.01514	0.01070	0.00557	0.00553	0.00121	0.00569	0.00453	0.00434	0.68074
1	0.02548	0.07066	0.02076	0.01770	0.02153	0.62721	0.01347	0.02882	0.07450	0.01840	0.01241	0.01388	0.01019	0.00746	0.00639	0.00187	0.01198	0.00483	0.00393	0.00855
2	0.01270	0.00834	0.01061	0.00972	0.01187	0.00784	0.00737	0.05476	0.02029	0.08373	0.52826	0.10563	0.08210	0.01449	0.00828	0.00229	0.00392	0.01271	0.00773	0.00738
3	0.01517	0.01516	0.02252	0.06367	0.02148	0.02031	0.06317	0.01723	0.01168	0.01767	0.01151	0.05479	0.01147	0.01219	0.02052	0.00301	0.60018	0.00714	0.00334	0.00782
4	0.01037	0.00722	0.00907	0.01011	0.01101	0.00703	0.00698	0.05882	0.01517	0.02078	0.03635	0.63414	0.04223	0.02018	0.00861	0.00274	0.00433	0.01814	0.07042	0.00631
5	0.01064	0.00743	0.01079	0.01079	0.01202	0.00849	0.00831	0.01294	0.01170	0.01738	0.01913	0.02744	0.01753	0.04673	0.60118	0.05715	0.01657	0.00743	0.09017	0.00619
6	0.02660	0.03394	0.02018	0.01834	0.02201	0.72116	0.01376	0.02843	0.02018	0.01743	0.01101	0.01284	0.00917	0.00734	0.00642	0.00183	0.01284	0.00459	0.00367	0.00825
7	0.01954	0.01404	0.01552	0.01331	0.01721	0.03326	0.01055	0.16416	0.24800	0.12418	0.08295	0.02966	0.07734	0.01587	0.09791	0.00344	0.00770	0.00840	0.00690	0.01006
8	0.00886	0.00640	0.00843	0.00998	0.01061	0.00597	0.00689	0.01028	0.01399	0.01847	0.04115	0.65539	0.08678	0.02186	0.00910	0.00289	0.00428	0.06620	0.00661	0.00585
9	0.00842	0.00721	0.00721	0.00721	0.00962	0.00601	0.00541	0.01022	0.01623	0.01924	0.07213	0.06853	0.70244	0.01803	0.00842	0.00240	0.00361	0.01503	0.00661	0.00601
10	0.07050	0.01330	0.02157	0.58983	0.13306	0.01598	0.01918	0.01887	0.01435	0.01985	0.01256	0.01827	0.00960	0.00698	0.00692	0.00233	0.00907	0.00615	0.00330	0.00834
11	0.03038	0.01177	0.01602	0.01240	0.01764	0.01020	0.01020	0.03317	0.02036	0.66130	0.07647	0.02632	0.02119	0.00923	0.00725	0.00221	0.00587	0.00757	0.00874	0.01173
12	0.01345	0.01210	0.01706	0.01528	0.01585	0.01613	0.01247	0.01548	0.01136	0.01751	0.01378	0.02081	0.01300	0.02720	0.27806	0.00608	0.42764	0.00677	0.05278	0.00719
13	0.01676	0.00976	0.01197	0.01037	0.01354	0.00916	0.00812	0.05664	0.06860	0.19988	0.32512	0.04491	0.16988	0.01309	0.00794	0.00227	0.00450	0.01114	0.00777	0.00857
14	0.01426	0.01409	0.02433	0.16683	0.02867	0.03884	0.22966	0.01812	0.01449	0.01985	0.01751	0.11078	0.01614	0.01501	0.09607	0.00357	0.10204	0.00885	0.05296	0.00792
15	0.02550	0.09142	0.02135	0.01763	0.02152	0.62622	0.01349	0.02837	0.05664	0.01805	0.01190	0.01348	0.00986	0.00736	0.00632	0.00184	0.01202	0.00471	0.00381	0.00849

[dist]
# distance from previous block
# <min> <max>
0	7

[block]
# block no. 2 follows, 29 sequences, length 33
# corresponding to MSA columns:
# 170-202
name=unknown_C
#
# <colnr> <probs for GDERKNQSTAVLIFYWHMCP>
#	G	D	E	R	K	N	Q	S	T	A	V	L	I	F	Y	W	H	M	C	P
0	0.02335	0.01759	0.01849	0.01470	0.01921	0.04126	0.01174	0.51436	0.02823	0.03749	0.01939	0.02331	0.03453	0.12147	0.03941	0.00321	0.00817	0.00724	0.00645	0.01042
1	0.01759	0.02080	0.05503	0.06978	0.03272	0.12860	0.43248	0.02238	0.01654	0.02103	0.01450	0.05179	0.01200	0.00755	0.00910	0.00238	0.06510	0.00797	0.00367	0.00900
2	0.01792	0.01483	0.01609	0.01211	0.01800	0.04524	0.00969	0.10976	0.07455	0.05433	0.01517	0.01636	0.01192	0.00632	0.00582	0.00140	0.00603	0.00497	0.00502	0.55446
3	0.01899	0.05935	0.01717	0.01348	0.01699	0.01541	0.01087	0.27358	0.03925	0.07920	0.04793	0.12646	0.02104	0.02144	0.17754	0.00447	0.03264	0.00888	0.00604	0.00928
4	0.01440	0.01641	0.08079	0.06535	0.11387	0.01439	0.32871	0.01904	0.01566	0.02141	0.02074	0.19852	0.02032	0.01051	0.00824	0.00249	0.00924	0.02680	0.00433	0.00877
5	0.09192	0.01229	0.01591	0.01225	0.01773	0.01083	0.01010	0.03237	0.01931	0.60543	0.02550	0.02253	0.01631	0.00838	0.00680	0.00212	0.00596	0.00668	0.00812	0.06947
6	0.01024	0.00692	0.00773	0.00773	0.00787	0.00685	0.00438	0.01035	0.01069	0.01412	0.02530	0.04786	0.06489	0.70757	0.03464	0.00664	0.00671	0.01062	0.00445	0.00441
7	0.02319	0.12185	0.15023	0.04873	0.02243	0.10290	0.01460	0.13219	0.01974	0.21753	0.01779	0.01940	0.01308	0.05523	0.00850	0.00237	0.00844	0.00608	0.00548	0.01024
8	0.01545	0.01126	0.01275	0.01152	0.01448	0.01194	0.00875	0.02575	0.31856	0.09117	0.21815	0.03902	0.08524	0.09112	0.01076	0.00283	0.00503	0.01008	0.00720	0.00895
9	0.01035	0.00693	0.00792	0.00792	0.00798	0.00699	0.00451	0.01046	0.01040	0.01392	0.02229	0.04581	0.02554	0.72022	0.06531	0.00710	0.00742	0.01024	0.00429	0.00440
10	0.01148	0.00785	0.00922	0.00928	0.01007	0.00798	0.00609	0.06938	0.01371	0.01877	0.02693	0.25287	0.03021	0.38414	0.05796	0.00518	0.00654	0.01263	0.05403	0.00569
11	0.01683	0.23617	0.21873	0.05785	0.12240	0.04874	0.10489	0.02156	0.01520	0.02020	0.01269	0.03413	0.01065	0.00714	0.00725	0.00209	0.04468	0.00587	0.00330	0.00963
12	0.01147	0.00820	0.01147	0.01311	0.01475	0.00820	0.01147	0.01475	0.01639	0.02131	0.03770	0.08032	0.04098	0.01967	0.00984	0.00328	0.00656	0.65741	0.00656	0.00656
13	0.01559	0.01719	0.03655	0.07121	0.03462	0.01636	0.55505	0.02092	0.01625	0.02195	0.01738	0.10917	0.01522	0.00809	0.00841	0.00246	0.01087	0.00974	0.00395	0.00903
14	0.04935	0.03701	0.04959	0.14330	0.13757	0.05902	0.01340	0.05064	0.01644	0.04567	0.05711	0.04318	0.01785	0.00929	0.00730	0.02857	0.00702	0.03549	0.18384	0.00835
15	0.02359	0.05908	0.05053	0.01688	0.05211	0.22475	0.01318	0.23232	0.02238	0.09343	0.01719	0.02016	0.02878	0.07919	0.01011	0.00252	0.03248	0.00633	0.00531	0.00969
16	0.76566	0.04637	0.01165	0.00949	0.01397	0.01651	0.00791	0.02095	0.01222	0.03128	0.00991	0.01156	0.00777	0.00659	0.00441	0.00217	0.00560	0.00385	0.00435	0.00777
17	0.00948	0.00703	0.00884	0.00885	0.01039	0.00639	0.00646	0.01211	0.01805	0.02466	0.44706	0.20482	0.17588	0.01684	0.00855	0.00241	0.00357	0.01485	0.00736	0.00639
18	0.01136	0.00770	0.00929	0.00918	0.00984	0.00798	0.00600	0.05255	0.01245	0.01701	0.02311	0.12371	0.02538	0.44728	0.13779	0.04614	0.00840	0.01054	0.02898	0.00531
19	0.04388	0.01269	0.01512	0.01121	0.01717	0.01032	0.00904	0.02301	0.04778	0.18966	0.01706	0.01750	0.01269	0.00638	0.00579	0.00143	0.00549	0.00510	0.00548	0.54323
20	0.01904	0.75404	0.03731	0.01218	0.01828	0.02818	0.01218	0.02132	0.01447	0.01675	0.00990	0.01142	0.00914	0.00609	0.00457	0.00152	0.00761	0.00381	0.00305	0.00914
21	0.02660	0.03394	0.02018	0.01834	0.02201	0.72116	0.01376	0.02843	0.02018	0.01743	0.01101	0.01284	0.00917	0.00734	0.00642	0.00183	0.01284	0.00459	0.00367	0.00825
22	0.01033	0.00699	0.00820	0.00820	0.00835	0.00714	0.00486	0.01064	0.01048	0.01413	0.02204	0.04439	0.02493	0.66710	0.11759	0.00744	0.00835	0.01003	0.00426	0.00456
23	0.01771	0.01530	0.01610	0.01449	0.01852	0.01771	0.01127	0.03784	0.69247	0.02979	0.02898	0.02657	0.02174	0.00966	0.00725	0.00242	0.00564	0.00805	0.00725	0.01127
24	0.01020	0.00750	0.01079	0.01079	0.01184	0.00855	0.00809	0.01230	0.01125	0.01605	0.01967	0.03126	0.01923	0.17634	0.60055	0.01064	0.01692	0.00811	0.00390	0.00600
25	0.01674	0.01368	0.01562	0.01171	0.01748	0.01185	0.00935	0.13990	0.04081	0.02709	0.01567	0.06100	0.01348	0.00708	0.00592	0.00141	0.00568	0.00575	0.00500	0.57479
26	0.01157	0.00793	0.00906	0.00867	0.00924	0.00813	0.00537	0.06022	0.01260	0.01697	0.05479	0.04369	0.02642	0.61998	0.07148	0.00658	0.00749	0.01003	0.00466	0.00512
27	0.00876	0.00626	0.00833	0.00986	0.01035	0.00584	0.00662	0.01012	0.01401	0.01878	0.07743	0.70521	0.04825	0.02186	0.00905	0.00285	0.00409	0.01982	0.00668	0.00584
28	0.00868	0.00620	0.00826	0.00991	0.01033	0.00578	0.00661	0.00991	0.01363	0.01818	0.03925	0.74510	0.04710	0.02231	0.00909	0.00289	0.00413	0.02024	0.00661	0.00578
29	0.01739	0.01668	0.02848	0.08265	0.66824	0.01686	0.02174	0.02165	0.01610	0.02298	0.01335	0.01770	0.01118	0.00639	0.00705	0.00213	0.00852	0.00634	0.00350	0.01109
30	0.24996	0.01235	0.01446	0.01155	0.01655	0.01185	0.00950	0.02974	0.01801	0.48374	0.05558	0.02203	0.01720	0.00846	0.00644	0.00221	0.00577	0.00650	0.00751	0.01060
31	0.01313	0.00665	0.00669	0.00669	0.00827	0.00665	0.00494	0.01628	0.01470	0.02591	0.02319	0.02755	0.01863	0.04553	0.00655	0.00192	0.00350	0.00682	0.74987	0.00652
32	0.02450	0.05226	0.02008	0.01556	0.02041	0.15734	0.01257	0.41808	0.07440	0.03526	0.01884	0.01915	0.03831	0.00863	0.00681	0.00205	0.00824	0.00639	0.05048	0.01063

[dist]
# distance from previous block
# <min> <max>
1	10

[block]
# block no. 3 follows, 29 sequences, length 36
# corresponding to MSA columns:
# 213-248
name=unknown_D
#
# <colnr> <probs for GDERKNQSTAVLIFYWHMCP>
#	G	D	E	R	K	N	Q	S	T	A	V	L	I	F	Y	W	H	M	C	P
0	0.00912	0.00643	0.00829	0.00942	0.00988	0.00608	0.00619	0.01033	0.01364	0.01835	0.09902	0.54961	0.04506	0.15673	0.01407	0.00358	0.00457	0.01771	0.00630	0.00560
1	0.01844	0.01718	0.04899	0.07803	0.09247	0.04223	0.03984	0.17531	0.01912	0.02694	0.01341	0.01616	0.01066	0.00730	0.00835	0.00190	0.09149	0.00558	0.00452	0.28207
2	0.01092	0.00798	0.01010	0.01015	0.01169	0.00778	0.00747	0.05152	0.04663	0.02538	0.35945	0.30738	0.05352	0.01710	0.00860	0.00253	0.00414	0.04353	0.00726	0.00687
3	0.00993	0.00727	0.00931	0.00880	0.01054	0.00665	0.00660	0.01314	0.01980	0.02770	0.64368	0.05460	0.12561	0.01488	0.00840	0.00225	0.00338	0.01308	0.00773	0.00665
4	0.01781	0.01957	0.11322	0.10157	0.26979	0.01745	0.17059	0.12733	0.01869	0.02586	0.01497	0.04300	0.01209	0.00730	0.00741	0.00225	0.00938	0.00717	0.00413	0.01041
5	0.01147	0.00820	0.01147	0.01311	0.01475	0.00820	0.01147	0.01475	0.01639	0.02131	0.03770	0.08032	0.04098	0.01967	0.00984	0.00328	0.00656	0.65741	0.00656	0.00656
6	0.00889	0.00731	0.00787	0.00796	0.01022	0.00630	0.00613	0.01101	0.01669	0.02048	0.13942	0.06792	0.56896	0.01780	0.00855	0.00247	0.00386	0.07529	0.00674	0.00614
7	0.01558	0.01558	0.02181	0.01869	0.01869	0.02181	0.01558	0.01714	0.01091	0.01714	0.00935	0.01558	0.00935	0.01246	0.02337	0.00312	0.73672	0.00623	0.00312	0.00779
8	0.02497	0.01645	0.01687	0.01412	0.01872	0.10157	0.01122	0.09542	0.26089	0.29071	0.02506	0.02308	0.01755	0.00889	0.00700	0.00220	0.00680	0.00707	0.04030	0.01111
9	0.01554	0.01538	0.02320	0.01929	0.02045	0.01993	0.09965	0.04087	0.01270	0.01894	0.01288	0.07977	0.01293	0.01236	0.01963	0.00297	0.55414	0.00774	0.00363	0.00800
10	0.00931	0.00725	0.00845	0.00815	0.01017	0.00639	0.00611	0.01195	0.01834	0.02423	0.40974	0.06030	0.36172	0.01617	0.00841	0.00232	0.00347	0.01387	0.00727	0.00639
11	0.01327	0.02898	0.51710	0.01789	0.02613	0.01425	0.04378	0.02016	0.01580	0.02312	0.12606	0.02399	0.04585	0.01059	0.04024	0.00269	0.00955	0.00708	0.00398	0.00951
12	0.01762	0.01692	0.02890	0.04371	0.70533	0.01692	0.02185	0.02185	0.01621	0.02326	0.01339	0.01762	0.01128	0.00634	0.00705	0.00211	0.00846	0.00634	0.00352	0.01128
13	0.01213	0.00899	0.00936	0.00965	0.01041	0.06751	0.00656	0.01278	0.01270	0.01704	0.02426	0.19168	0.02633	0.24508	0.04971	0.13112	0.00670	0.04242	0.11028	0.00529
14	0.75571	0.01493	0.01102	0.00988	0.01424	0.05640	0.00806	0.02136	0.01258	0.03112	0.00998	0.01164	0.00780	0.00665	0.00452	0.00218	0.00593	0.00390	0.00436	0.00774
15	0.01000	0.00679	0.00804	0.00839	0.00853	0.00676	0.00501	0.01037	0.01109	0.01485	0.02579	0.19167	0.02994	0.56554	0.06230	0.00628	0.00689	0.01229	0.00477	0.00472
16	0.01402	0.01294	0.10369	0.01161	0.01464	0.01083	0.01017	0.11947	0.01640	0.02404	0.04029	0.08809	0.02055	0.10859	0.17104	0.02922	0.00910	0.00841	0.17942	0.00749
17	0.21557	0.13440	0.01966	0.01307	0.01805	0.01905	0.01100	0.29320	0.02221	0.09914	0.01710	0.07704	0.01404	0.00886	0.00621	0.00212	0.00674	0.00660	0.00592	0.01001
18	0.01904	0.75404	0.03731	0.01218	0.01828	0.02818	0.01218	0.02132	0.01447	0.01675	0.00990	0.01142	0.00914	0.00609	0.00457	0.00152	0.00761	0.00381	0.00305	0.00914
19	0.00845	0.00708	0.00735	0.00757	0.00971	0.00598	0.00557	0.01018	0.01589	0.01910	0.06785	0.15671	0.61702	0.01859	0.00850	0.00247	0.00368	0.01571	0.00661	0.00598
20	0.01029	0.00716	0.00905	0.00905	0.00949	0.00760	0.00591	0.01118	0.01073	0.01476	0.02126	0.04010	0.02307	0.50686	0.27528	0.00849	0.01115	0.00940	0.00414	0.00503
21	0.01008	0.00728	0.00952	0.00896	0.01064	0.00672	0.00672	0.01344	0.02016	0.02855	0.70158	0.05319	0.06719	0.01456	0.00840	0.00224	0.00336	0.01288	0.00784	0.00672
22	0.01477	0.01266	0.01477	0.01055	0.01687	0.00949	0.00844	0.01793	0.01477	0.02320	0.01266	0.01477	0.01055	0.00527	0.00527	0.00105	0.00527	0.00422	0.00422	0.79328
23	0.02660	0.03394	0.02018	0.01834	0.02201	0.72116	0.01376	0.02843	0.02018	0.01743	0.01101	0.01284	0.00917	0.00734	0.00642	0.00183	0.01284	0.00459	0.00367	0.00825
24	0.02863	0.01744	0.01982	0.01520	0.02083	0.01837	0.01255	0.47495	0.02930	0.25743	0.02061	0.01938	0.01387	0.00863	0.00714	0.00216	0.00727	0.00665	0.00766	0.01211
25	0.00868	0.00620	0.00826	0.00991	0.01033	0.00578	0.00661	0.00991	0.01363	0.01818	0.03925	0.74510	0.04710	0.02231	0.00909	0.00289	0.00413	0.02024	0.00661	0.00578
26	0.00843	0.00717	0.00726	0.00734	0.00965	0.00600	0.00547	0.01021	0.01611	0.01919	0.07062	0.09967	0.67228	0.01823	0.00845	0.00243	0.00363	0.01527	0.00661	0.00600
27	0.01904	0.75404	0.03731	0.01218	0.01828	0.02818	0.01218	0.02132	0.01447	0.01675	0.00990	0.01142	0.00914	0.00609	0.00457	0.00152	0.00761	0.00381	0.00305	0.00914
28	0.02368	0.01438	0.01603	0.01290	0.01736	0.01518	0.01046	0.30678	0.09180	0.18371	0.02224	0.02201	0.01584	0.00865	0.00660	0.00206	0.00608	0.00680	0.20682	0.01063
29	0.01017	0.00763	0.01144	0.01144	0.01272	0.00890	0.00890	0.01272	0.01144	0.01653	0.01907	0.02797	0.01780	0.05340	0.72153	0.01144	0.01907	0.00763	0.00381	0.00636
30	0.02399	0.01713	0.01829	0.01437	0.01912	0.01881	0.01168	0.53988	0.02931	0.04036	0.01836	0.02009	0.01379	0.04478	0.00820	0.00229	0.00705	0.00664	0.13502	0.01083
31	0.01614	0.01541	0.02622	0.28828	0.47235	0.01653	0.02112	0.02055	0.01551	0.02146	0.01313	0.01811	0.01064	0.00662	0.00707	0.00221	0.00883	0.00634	0.00340	0.01008
32	0.01302	0.00666	0.00673	0.00673	0.00825	0.00666	0.00492	0.01606	0.01454	0.02546	0.02316	0.02826	0.01890	0.07147	0.00764	0.00211	0.00362	0.00695	0.72240	0.00644
33	0.80005	0.01377	0.01047	0.00936	0.01377	0.01597	0.00771	0.02093	0.01212	0.03195	0.00991	0.01157	0.00771	0.00661	0.00441	0.00220	0.00551	0.00386	0.00441	0.00771
34	0.10993	0.04040	0.07266	0.01181	0.01539	0.01180	0.01002	0.11255	0.01831	0.08151	0.15619	0.24473	0.03293	0.01333	0.00745	0.00235	0.00555	0.01135	0.00631	0.03543
35	0.03622	0.04644	0.03657	0.01098	0.01350	0.01018	0.00875	0.07176	0.05681	0.05079	0.24694	0.26195	0.06902	0.01538	0.00808	0.00245	0.00485	0.03494	0.00680	0.00759

[dist]
# distance from previous block
# <min> <max>
0	2

[block]
# block no. 4 follows, 29 sequences, length 104
# corresponding to MSA columns:
# 251-354
name=unknown_E
#
# <colnr> <probs for GDERKNQSTAVLIFYWHMCP>
#	G	D	E	R	K	N	Q	S	T	A	V	L	I	F	Y	W	H	M	C	P
0	0.12021	0.12697	0.09871	0.19741	0.13203	0.06345	0.01682	0.07116	0.01621	0.04077	0.01249	0.01571	0.00981	0.00717	0.00707	0.00215	0.04331	0.00543	0.00382	0.00931
1	0.04818	0.05319	0.10331	0.01322	0.01849	0.01273	0.01208	0.07278	0.05063	0.34435	0.02841	0.05711	0.07913	0.01175	0.03206	0.00259	0.00696	0.03577	0.00690	0.01034
2	0.03165	0.01260	0.01683	0.01290	0.01842	0.01119	0.01066	0.07478	0.02119	0.66904	0.02741	0.02379	0.01728	0.00880	0.00716	0.00220	0.00617	0.00711	0.00871	0.01212
3	0.11653	0.01249	0.04290	0.18190	0.14866	0.01271	0.01502	0.01764	0.01509	0.02221	0.02308	0.08379	0.02321	0.01235	0.00784	0.00266	0.00744	0.24171	0.00482	0.00798
4	0.01780	0.01689	0.02834	0.09706	0.49371	0.01732	0.08873	0.06526	0.05912	0.02459	0.01464	0.01842	0.01178	0.00672	0.00721	0.00219	0.00870	0.00667	0.00397	0.01087
5	0.00910	0.00648	0.00860	0.00993	0.01055	0.00610	0.00685	0.01065	0.01437	0.01931	0.10997	0.59157	0.04785	0.05560	0.01035	0.00304	0.00435	0.06284	0.00663	0.00587
6	0.01036	0.00690	0.00777	0.00777	0.00777	0.00690	0.00431	0.01036	0.01036	0.01381	0.02244	0.04660	0.02589	0.74975	0.03624	0.00690	0.00690	0.01036	0.00431	0.00431
7	0.10039	0.05322	0.08963	0.09510	0.04077	0.01348	0.03788	0.07583	0.03929	0.02433	0.08392	0.11271	0.02519	0.01263	0.00860	0.04361	0.00700	0.12319	0.00520	0.00803
8	0.18677	0.01293	0.03892	0.01551	0.11164	0.01245	0.01081	0.08161	0.01821	0.13336	0.19320	0.05475	0.05070	0.03927	0.00810	0.00241	0.00580	0.00850	0.00618	0.00889
9	0.01147	0.00820	0.01147	0.01311	0.01475	0.00820	0.01147	0.01475	0.01639	0.02131	0.03770	0.08032	0.04098	0.01967	0.00984	0.00328	0.00656	0.65741	0.00656	0.00656
10	0.19728	0.07724	0.25417	0.02011	0.13791	0.01748	0.01758	0.09772	0.01704	0.08094	0.01371	0.01537	0.01014	0.00697	0.00618	0.00215	0.00816	0.00530	0.00434	0.01021
11	0.04847	0.15999	0.49250	0.01747	0.02606	0.01767	0.02129	0.02142	0.01512	0.02215	0.04629	0.01951	0.01344	0.00769	0.00651	0.00218	0.00924	0.03974	0.00349	0.00977
12	0.01417	0.01339	0.02266	0.61386	0.16220	0.01601	0.02013	0.01882	0.01458	0.01907	0.01278	0.01875	0.00980	0.00699	0.00711	0.00233	0.00931	0.00633	0.00323	0.00849
13	0.01904	0.75404	0.03731	0.01218	0.01828	0.02818	0.01218	0.02132	0.01447	0.01675	0.00990	0.01142	0.00914	0.00609	0.00457	0.00152	0.00761	0.00381	0.00305	0.00914
14	0.01192	0.00966	0.01089	0.01035	0.01282	0.00988	0.00781	0.01992	0.22801	0.02569	0.27621	0.11555	0.20424	0.01462	0.00811	0.00240	0.00420	0.01261	0.00724	0.00788
15	0.01008	0.00728	0.00952	0.00896	0.01064	0.00672	0.00672	0.01344	0.02016	0.02855	0.70158	0.05319	0.06719	0.01456	0.00840	0.00224	0.00336	0.01288	0.00784	0.00672
16	0.02528	0.01906	0.02037	0.01602	0.02140	0.02125	0.01310	0.55888	0.15909	0.04200	0.01936	0.01890	0.01394	0.00876	0.00715	0.00219	0.00742	0.00672	0.00715	0.01195
17	0.01223	0.00627	0.00941	0.00941	0.00949	0.00635	0.00635	0.00949	0.00941	0.01263	0.01278	0.02204	0.01271	0.02651	0.07081	0.74441	0.00698	0.00627	0.00314	0.00329
18	0.02660	0.03394	0.02018	0.01834	0.02201	0.72116	0.01376	0.02843	0.02018	0.01743	0.01101	0.01284	0.00917	0.00734	0.00642	0.00183	0.01284	0.00459	0.00367	0.00825
19	0.02531	0.01907	0.02038	0.01603	0.02141	0.02126	0.01311	0.56044	0.15750	0.04204	0.01933	0.01888	0.01392	0.00876	0.00715	0.00219	0.00742	0.00672	0.00715	0.01195
20	0.01140	0.00815	0.01137	0.01289	0.01454	0.00812	0.01122	0.01468	0.01659	0.02169	0.07275	0.07889	0.04236	0.01940	0.00976	0.00322	0.00639	0.62338	0.00662	0.00657
21	0.00866	0.00710	0.00765	0.00788	0.00993	0.00609	0.00584	0.01054	0.01616	0.01984	0.11360	0.16272	0.54501	0.01842	0.00855	0.00248	0.00374	0.03302	0.00670	0.00605
22	0.49145	0.01748	0.01431	0.01215	0.01680	0.10819	0.00984	0.15257	0.01796	0.08262	0.01281	0.01375	0.00950	0.00725	0.00540	0.00214	0.00696	0.00470	0.00517	0.00897
23	0.69919	0.01355	0.01126	0.00980	0.01435	0.01525	0.00807	0.02274	0.01320	0.12102	0.01230	0.01323	0.00901	0.00690	0.00477	0.00220	0.00558	0.00429	0.00499	0.00829
24	0.00868	0.00620	0.00826	0.00991	0.01033	0.00578	0.00661	0.00991	0.01363	0.01818	0.03925	0.74510	0.04710	0.02231	0.00909	0.00289	0.00413	0.02024	0.00661	0.00578
25	0.01240	0.00762	0.01008	0.00963	0.01148	0.00696	0.00715	0.01520	0.01869	0.10872	0.46802	0.20848	0.05658	0.01564	0.00841	0.00238	0.00386	0.01388	0.00767	0.00716
26	0.01710	0.01638	0.02795	0.13085	0.62231	0.01678	0.02159	0.02139	0.01596	0.02262	0.01330	0.01780	0.01105	0.00644	0.00706	0.00215	0.00859	0.00634	0.00348	0.01085
27	0.08314	0.01057	0.01303	0.01101	0.01462	0.01017	0.00871	0.05541	0.04256	0.30767	0.17905	0.06298	0.02965	0.03659	0.04178	0.00279	0.00582	0.00887	0.06629	0.00929
28	0.70738	0.01557	0.03950	0.03446	0.01601	0.04763	0.00914	0.02124	0.01267	0.03046	0.01017	0.01201	0.00789	0.00667	0.00468	0.00219	0.00617	0.00403	0.00428	0.00786
29	0.01583	0.24009	0.43002	0.05076	0.02859	0.01997	0.07835	0.02202	0.01499	0.02071	0.01209	0.01453	0.00923	0.00652	0.00629	0.00206	0.00977	0.00516	0.00308	0.00993
30	0.00889	0.00631	0.00828	0.00968	0.01011	0.00593	0.00641	0.01012	0.01365	0.01828	0.06930	0.64923	0.04614	0.08745	0.01150	0.00322	0.00434	0.01900	0.00646	0.00570
31	0.14536	0.08300	0.06460	0.15974	0.06735	0.01764	0.01409	0.20462	0.01968	0.02872	0.01843	0.02032	0.07031	0.00813	0.00644	0.00211	0.00748	0.00630	0.00483	0.05084
32	0.08617	0.15602	0.44187	0.06514	0.02733	0.01831	0.02066	0.04204	0.01519	0.02292	0.01248	0.01480	0.00935	0.00676	0.00615	0.00211	0.00918	0.00503	0.02870	0.00978
33	0.06855	0.01220	0.01624	0.01251	0.01797	0.01073	0.01033	0.03405	0.01999	0.67794	0.02723	0.02363	0.01715	0.00871	0.00703	0.00220	0.00603	0.00700	0.00860	0.01191
34	0.01301	0.01188	0.01970	0.64408	0.04424	0.01462	0.01811	0.01740	0.01421	0.01846	0.01539	0.08462	0.01316	0.00853	0.00723	0.00240	0.00881	0.00759	0.02889	0.00768
35	0.03974	0.01723	0.02926	0.15251	0.42417	0.04461	0.14511	0.02166	0.01604	0.02236	0.01327	0.01778	0.01071	0.00645	0.00722	0.00220	0.00939	0.00659	0.00351	0.01019
36	0.00890	0.00635	0.00839	0.00972	0.01027	0.00593	0.00654	0.01033	0.01426	0.01920	0.11446	0.63966	0.04860	0.04872	0.01003	0.00297	0.00415	0.01903	0.00666	0.00584
37	0.01036	0.00690	0.00777	0.00777	0.00777	0.00690	0.00431	0.01036	0.01036	0.01381	0.02244	0.04660	0.02589	0.74975	0.03624	0.00690	0.00690	0.01036	0.00431	0.00431
38	0.01904	0.75404	0.03731	0.01218	0.01828	0.02818	0.01218	0.02132	0.01447	0.01675	0.00990	0.01142	0.00914	0.00609	0.00457	0.00152	0.00761	0.00381	0.00305	0.00914
39	0.01455	0.03524	0.65814	0.02217	0.08478	0.01657	0.02595	0.02249	0.01513	0.02261	0.01283	0.01524	0.00920	0.00673	0.00679	0.00224	0.01036	0.00535	0.00305	0.01058
40	0.01147	0.00820	0.01147	0.01311	0.01475	0.00820	0.01147	0.01475	0.01639	0.02131	0.03770	0.08032	0.04098	0.01967	0.00984	0.00328	0.00656	0.65741	0.00656	0.00656
41	0.01536	0.01264	0.01483	0.01062	0.01692	0.00953	0.00851	0.01851	0.01496	0.04712	0.01319	0.01510	0.01079	0.00540	0.00534	0.00109	0.00530	0.00432	0.00438	0.76609
42	0.01466	0.05339	0.40826	0.02165	0.04875	0.01635	0.18043	0.02125	0.01577	0.02258	0.06601	0.02082	0.03984	0.00772	0.00778	0.00229	0.03208	0.00696	0.00366	0.00974
43	0.01359	0.01281	0.02162	0.70832	0.07221	0.01586	0.01985	0.01832	0.01431	0.01837	0.01268	0.01894	0.00956	0.00709	0.00712	0.00236	0.00946	0.00633	0.00318	0.00803
44	0.01904	0.75404	0.03731	0.01218	0.01828	0.02818	0.01218	0.02132	0.01447	0.01675	0.00990	0.01142	0.00914	0.00609	0.00457	0.00152	0.00761	0.00381	0.00305	0.00914
45	0.01595	0.01118	0.01526	0.20944	0.02451	0.01210	0.01255	0.05255	0.11128	0.12090	0.02999	0.13747	0.07400	0.01300	0.00801	0.00258	0.00667	0.12797	0.00609	0.00850
46	0.00976	0.00727	0.00907	0.00862	0.01044	0.00658	0.00647	0.01282	0.01940	0.02675	0.57995	0.05615	0.18994	0.01523	0.00840	0.00227	0.00341	0.01329	0.00760	0.00658
47	0.02707	0.01995	0.02137	0.01638	0.02208	0.02208	0.01353	0.68159	0.03348	0.04488	0.01710	0.01710	0.01211	0.00855	0.00712	0.00214	0.00784	0.00641	0.00712	0.01211
48	0.01237	0.00618	0.00928	0.00928	0.00928	0.00618	0.00618	0.00928	0.00928	0.01237	0.01237	0.02165	0.01237	0.02474	0.02783	0.79283	0.00618	0.00618	0.00309	0.00309
49	0.02660	0.03394	0.02018	0.01834	0.02201	0.72116	0.01376	0.02843	0.02018	0.01743	0.01101	0.01284	0.00917	0.00734	0.00642	0.00183	0.01284	0.00459	0.00367	0.00825
50	0.01770	0.01420	0.01515	0.01350	0.01746	0.01589	0.01054	0.05530	0.54141	0.07108	0.03413	0.03155	0.10942	0.01066	0.00739	0.00239	0.00547	0.00885	0.00726	0.01067
51	0.00993	0.00762	0.00936	0.01018	0.01209	0.00705	0.00835	0.01246	0.01635	0.02058	0.08410	0.10900	0.33067	0.01886	0.00911	0.00283	0.00499	0.31355	0.00664	0.00629
52	0.00866	0.00625	0.00821	0.00979	0.01029	0.00579	0.00655	0.00993	0.01376	0.01823	0.04081	0.71286	0.07833	0.02210	0.00906	0.00287	0.00411	0.01999	0.00661	0.00579
53	0.01904	0.75404	0.03731	0.01218	0.01828	0.02818	0.01218	0.02132	0.01447	0.01675	0.00990	0.01142	0.00914	0.00609	0.00457	0.00152	0.00761	0.00381	0.00305	0.00914
54	0.76711	0.01370	0.01073	0.00951	0.01396	0.01574	0.00783	0.02152	0.01247	0.06104	0.01069	0.01211	0.00814	0.00670	0.00452	0.00220	0.00553	0.00400	0.00460	0.00790
55	0.01019	0.00754	0.01099	0.01099	0.01210	0.00865	0.00833	0.01242	0.01131	0.01619	0.01949	0.03028	0.01880	0.13946	0.63684	0.01088	0.01757	0.00797	0.00388	0.00611
56	0.02243	0.01125	0.01429	0.01188	0.01592	0.01073	0.00947	0.02877	0.15199	0.36719	0.23549	0.03360	0.03368	0.01075	0.00756	0.00226	0.00515	0.00909	0.00821	0.01029
57	0.01704	0.01632	0.02784	0.14046	0.61316	0.01676	0.02156	0.02134	0.01594	0.02255	0.01329	0.01781	0.01103	0.00645	0.00706	0.00215	0.00860	0.00634	0.00347	0.01081
58	0.09476	0.01149	0.01462	0.01154	0.01641	0.01040	0.00946	0.03099	0.01891	0.55646	0.02586	0.02348	0.01687	0.00855	0.00662	0.00213	0.00563	0.00681	0.11805	0.01097
59	0.59613	0.01541	0.06831	0.14025	0.02147	0.01599	0.01136	0.02057	0.01273	0.02873	0.01064	0.01318	0.00814	0.00671	0.00508	0.00224	0.00662	0.00441	0.00407	0.00797
60	0.01545	0.13223	0.49002	0.02150	0.05236	0.01839	0.12854	0.02240	0.01528	0.02182	0.01266	0.01529	0.00940	0.00654	0.00673	0.00217	0.01029	0.00560	0.00312	0.01021
61	0.01135	0.00811	0.01133	0.01297	0.01455	0.00809	0.01126	0.01454	0.01627	0.02117	0.03777	0.11014	0.04125	0.01979	0.00980	0.00326	0.00645	0.62882	0.00656	0.00652
62	0.02151	0.10482	0.11826	0.06072	0.02336	0.26166	0.01490	0.17150	0.04175	0.02517	0.04223	0.01914	0.04826	0.00828	0.00667	0.00202	0.00957	0.00607	0.00467	0.00943
63	0.01750	0.05000	0.13376	0.08246	0.18379	0.01412	0.03915	0.02288	0.05895	0.13721	0.13374	0.05399	0.02322	0.00910	0.00729	0.00223	0.00736	0.00803	0.00535	0.00986
64	0.03195	0.01212	0.01652	0.01267	0.01818	0.01047	0.01047	0.03470	0.02038	0.71026	0.02809	0.02424	0.01763	0.00881	0.00716	0.00220	0.00606	0.00716	0.00881	0.01212
65	0.01034	0.00695	0.00799	0.00799	0.00807	0.00703	0.00460	0.01050	0.01042	0.01398	0.02223	0.04544	0.02539	0.70661	0.07870	0.00718	0.00766	0.01019	0.00428	0.00444
66	0.01598	0.11547	0.52320	0.02006	0.02934	0.04274	0.08416	0.04855	0.01604	0.02262	0.01271	0.01502	0.00933	0.00671	0.00667	0.00217	0.01031	0.00541	0.00325	0.01027
67	0.00873	0.00631	0.00826	0.00970	0.01030	0.00584	0.00654	0.01010	0.01410	0.01873	0.07252	0.67055	0.08865	0.02168	0.00901	0.00283	0.00406	0.01957	0.00667	0.00584
68	0.01036	0.00690	0.00777	0.00777	0.00777	0.00690	0.00431	0.01036	0.01036	0.01381	0.02244	0.04660	0.02589	0.74975	0.03624	0.00690	0.00690	0.01036	0.00431	0.00431
69	0.05707	0.02980	0.44832	0.02439	0.13902	0.04333	0.09144	0.02243	0.01532	0.02283	0.01272	0.01564	0.00952	0.00681	0.00736	0.00226	0.03258	0.00569	0.00325	0.01023
70	0.01645	0.01711	0.06212	0.20297	0.41719	0.03579	0.04041	0.02180	0.05112	0.02234	0.03495	0.01928	0.01291	0.00699	0.00713	0.00220	0.00874	0.00659	0.00374	0.01016
71	0.01117	0.00810	0.01105	0.01253	0.01424	0.00798	0.01087	0.01430	0.01638	0.02110	0.04113	0.07915	0.10687	0.01951	0.00969	0.00319	0.00626	0.59342	0.00656	0.00650
72	0.08662	0.01343	0.01499	0.01098	0.01708	0.01124	0.00884	0.07933	0.01625	0.02599	0.01282	0.01469	0.01044	0.00570	0.00537	0.00126	0.00553	0.00439	0.00450	0.65058
73	0.07081	0.02507	0.33584	0.05785	0.02890	0.01630	0.15765	0.06224	0.01625	0.04164	0.01574	0.05648	0.01292	0.00829	0.00790	0.00239	0.03886	0.03129	0.00397	0.00963
74	0.01345	0.01266	0.02136	0.73264	0.04904	0.01582	0.01978	0.01819	0.01424	0.01819	0.01266	0.01898	0.00949	0.00712	0.00712	0.00237	0.00949	0.00633	0.00316	0.00791
