[name]
unknown

[dist]
# distance from previous block
# <min> <max>
0	0

[block]
# block no. 0 follows, 30 sequences, length 7
# corresponding to MSA columns:
# 0-6
name=unknown_A
#
# <colnr> <probs for GDERKNQSTAVLIFYWHMCP>
#	G	D	E	R	K	N	Q	S	T	A	V	L	I	F	Y	W	H	M	C	P
0	0.01124	0.00803	0.01124	0.01285	0.01446	0.00803	0.01124	0.01446	0.01606	0.02088	0.03695	0.07871	0.04016	0.01928	0.00964	0.00321	0.00643	0.66426	0.00643	0.00643
1	0.80405	0.01350	0.01026	0.00918	0.01350	0.01565	0.00756	0.02051	0.01188	0.03131	0.00972	0.01134	0.00756	0.00648	0.00432	0.00216	0.00540	0.00378	0.00432	0.00756
2	0.02632	0.01421	0.02460	0.01813	0.02409	0.01274	0.23755	0.03009	0.01879	0.48268	0.02302	0.02209	0.01502	0.00771	0.00743	0.00222	0.00790	0.00743	0.00692	0.01105
3	0.02716	0.01852	0.02031	0.01557	0.02113	0.02012	0.01286	0.60084	0.03110	0.13351	0.01819	0.01769	0.01259	0.00841	0.00699	0.00210	0.00745	0.00638	0.00720	0.01187
4	0.02524	0.01992	0.01947	0.01568	0.02069	0.11386	0.01265	0.42975	0.14788	0.09433	0.01893	0.01843	0.01361	0.00843	0.00691	0.00211	0.00780	0.00639	0.00669	0.01122
5	0.02653	0.01955	0.02094	0.01606	0.02164	0.02164	0.01326	0.68796	0.03281	0.04398	0.01675	0.01675	0.01187	0.00838	0.00698	0.00209	0.00768	0.00628	0.00698	0.01187
6	0.02043	0.01484	0.01699	0.01559	0.05309	0.01627	0.01186	0.14770	0.39370	0.12889	0.02620	0.02808	0.02015	0.00982	0.00727	0.00235	0.00617	0.06263	0.00706	0.01092

[dist]
# distance from previous block
# <min> <max>
1	2

[block]
# block no. 1 follows, 30 sequences, length 35
# corresponding to MSA columns:
# 9-43
name=unknown_B
#
# <colnr> <probs for GDERKNQSTAVLIFYWHMCP>
#	G	D	E	R	K	N	Q	S	T	A	V	L	I	F	Y	W	H	M	C	P
0	0.01847	0.01702	0.02701	0.06635	0.32042	0.04809	0.15009	0.05130	0.08855	0.06980	0.01575	0.01861	0.01222	0.00698	0.00764	0.00216	0.03235	0.00670	0.00434	0.03614
1	0.01409	0.01222	0.08975	0.01111	0.01462	0.00960	0.00973	0.08790	0.01985	0.09235	0.39300	0.07673	0.09037	0.01259	0.00774	0.00219	0.00490	0.01083	0.00691	0.03352
2	0.02435	0.01776	0.01940	0.01485	0.02038	0.01883	0.01218	0.53911	0.02892	0.06687	0.01710	0.03652	0.01277	0.00825	0.00675	0.00195	0.00712	0.00634	0.00659	0.13394
3	0.03976	0.05339	0.03485	0.01245	0.01760	0.05964	0.01035	0.17947	0.06022	0.09851	0.02415	0.02399	0.11387	0.00861	0.00641	0.00181	0.00636	0.00673	0.00567	0.23616
4	0.01423	0.07288	0.68390	0.01949	0.02958	0.01679	0.02508	0.02204	0.01470	0.02181	0.01238	0.01455	0.00885	0.00660	0.00652	0.00217	0.01017	0.00508	0.00295	0.01024
5	0.01592	0.01893	0.08275	0.05505	0.11007	0.01682	0.51387	0.02151	0.01606	0.02202	0.01492	0.05089	0.01206	0.00672	0.00797	0.00233	0.01085	0.00825	0.00360	0.00943
6	0.01465	0.01397	0.02282	0.55173	0.07730	0.03340	0.08268	0.05753	0.01552	0.02002	0.01364	0.04122	0.01081	0.00739	0.00714	0.00230	0.00931	0.00679	0.00350	0.00826
7	0.01400	0.03610	0.71860	0.01989	0.03020	0.01621	0.02578	0.02210	0.01473	0.02210	0.01252	0.01473	0.00884	0.00663	0.00663	0.00221	0.01031	0.00516	0.00295	0.01031
8	0.02105	0.00955	0.01262	0.01065	0.01425	0.00837	0.00840	0.02361	0.01869	0.39531	0.19322	0.12051	0.10864	0.01251	0.00766	0.00227	0.00483	0.01069	0.00792	0.00924
9	0.01411	0.03533	0.68848	0.02031	0.03048	0.01627	0.05513	0.02211	0.01481	0.02211	0.01259	0.01491	0.00892	0.00660	0.00670	0.00222	0.01038	0.00529	0.00297	0.01027
10	0.02614	0.02026	0.01995	0.01583	0.02100	0.11117	0.01284	0.49116	0.08451	0.09932	0.01790	0.01760	0.01275	0.00834	0.00691	0.00208	0.00798	0.00625	0.00670	0.01131
11	0.01065	0.00751	0.01095	0.01090	0.01236	0.00691	0.05199	0.01264	0.01518	0.06260	0.15014	0.50353	0.08051	0.01849	0.00860	0.00263	0.00452	0.01680	0.00662	0.00646
12	0.02993	0.01157	0.01575	0.01218	0.01734	0.01002	0.01002	0.03267	0.01996	0.67189	0.07118	0.02557	0.02039	0.00900	0.00710	0.00216	0.00577	0.00738	0.00858	0.01154
13	0.02992	0.01282	0.01662	0.01288	0.01820	0.01183	0.01060	0.09711	0.06649	0.60559	0.02655	0.02323	0.01702	0.00867	0.00702	0.00217	0.00608	0.00701	0.00838	0.01182
14	0.02635	0.01885	0.02039	0.01574	0.02123	0.02073	0.01297	0.61496	0.06576	0.08435	0.01800	0.01765	0.01268	0.00845	0.00699	0.00211	0.00746	0.00641	0.00709	0.01183
15	0.01771	0.01428	0.01537	0.01373	0.01761	0.01620	0.01070	0.03530	0.61180	0.07114	0.07366	0.02764	0.02403	0.00974	0.00717	0.00234	0.00540	0.00815	0.00723	0.01080
16	0.80405	0.01350	0.01026	0.00918	0.01350	0.01565	0.00756	0.02051	0.01188	0.03131	0.00972	0.01134	0.00756	0.00648	0.00432	0.00216	0.00540	0.00378	0.00432	0.00756
17	0.03010	0.01225	0.01621	0.01250	0.01770	0.01098	0.01024	0.08262	0.02055	0.63700	0.02649	0.02410	0.01719	0.03848	0.00816	0.00234	0.00610	0.00709	0.00833	0.01157
18	0.00868	0.00620	0.00830	0.00992	0.01040	0.00582	0.00678	0.01002	0.01353	0.01801	0.03836	0.70710	0.04577	0.02170	0.00895	0.00286	0.00420	0.06121	0.00647	0.00572
19	0.01562	0.01315	0.01507	0.01105	0.01705	0.01083	0.00885	0.07219	0.06214	0.02486	0.01383	0.01543	0.01120	0.00571	0.00544	0.00121	0.00539	0.00456	0.00456	0.68184
20	0.01284	0.01079	0.01291	0.01273	0.01489	0.05735	0.04374	0.06878	0.04505	0.02206	0.06003	0.25799	0.10047	0.01693	0.00863	0.00272	0.00609	0.23272	0.00623	0.00705
21	0.00850	0.00607	0.00810	0.00972	0.01012	0.00567	0.00648	0.00972	0.01336	0.01781	0.03846	0.75020	0.04615	0.02186	0.00891	0.00283	0.00405	0.01984	0.00648	0.00567
22	0.01552	0.01824	0.07747	0.07042	0.06333	0.01697	0.46543	0.02067	0.01542	0.02125	0.01495	0.06509	0.01257	0.00765	0.00947	0.00243	0.08212	0.00837	0.00361	0.00903
23	0.01954	0.02066	0.02531	0.11164	0.40300	0.20091	0.03922	0.05663	0.01756	0.02183	0.01265	0.01623	0.01035	0.00665	0.00680	0.00204	0.00959	0.00583	0.00363	0.00991
24	0.02722	0.01475	0.01746	0.01363	0.01875	0.01495	0.01118	0.29054	0.06837	0.36102	0.04079	0.02197	0.01669	0.00871	0.00695	0.00213	0.00642	0.00691	0.04011	0.01146
25	0.01015	0.00677	0.00761	0.00761	0.00761	0.00677	0.00423	0.01015	0.01015	0.01353	0.02199	0.04567	0.02537	0.75476	0.03552	0.00677	0.00677	0.01015	0.00423	0.00423
26	0.02581	0.01806	0.01982	0.01512	0.02075	0.01926	0.01246	0.55510	0.02969	0.10989	0.01741	0.01724	0.01226	0.00808	0.00680	0.00200	0.00725	0.00614	0.00687	0.08999
27	0.01724	0.06223	0.02427	0.07324	0.42404	0.09398	0.01734	0.04601	0.01681	0.02225	0.06146	0.07749	0.01712	0.00823	0.00695	0.00209	0.00807	0.00740	0.00408	0.00970
28	0.00866	0.00614	0.00805	0.00951	0.00988	0.00577	0.00626	0.00976	0.01305	0.01740	0.03688	0.68244	0.04415	0.09235	0.01147	0.00321	0.00431	0.01891	0.00626	0.00553
29	0.02599	0.01394	0.01753	0.01502	0.06252	0.01374	0.01142	0.23567	0.02371	0.36700	0.11568	0.02500	0.02178	0.00917	0.00716	0.00214	0.00628	0.00750	0.00765	0.01110
30	0.01974	0.57867	0.03261	0.01336	0.01858	0.11748	0.01244	0.05187	0.01550	0.01778	0.01012	0.01192	0.00911	0.00668	0.00613	0.00167	0.06010	0.00411	0.00325	0.00888
31	0.01674	0.01375	0.01569	0.01141	0.01750	0.01163	0.00921	0.14398	0.01793	0.02674	0.01322	0.01490	0.01062	0.00577	0.00551	0.00123	0.00564	0.00454	0.00467	0.64930
32	0.01551	0.04817	0.12177	0.06960	0.03393	0.01692	0.49181	0.02115	0.01580	0.02151	0.01527	0.06681	0.01260	0.00711	0.00786	0.00233	0.01075	0.00833	0.00361	0.00915
33	0.01919	0.01590	0.01681	0.01457	0.01884	0.01821	0.01149	0.16724	0.56547	0.03215	0.02607	0.02418	0.01942	0.00925	0.00708	0.00231	0.00595	0.00757	0.00708	0.01121
34	0.05603	0.02776	0.02072	0.01860	0.04076	0.49128	0.03803	0.08741	0.01922	0.02049	0.01127	0.01364	0.00934	0.00787	0.00859	0.00204	0.10956	0.00503	0.00386	0.00849

[dist]
# distance from previous block
# <min> <max>
0	1

[block]
# block no. 2 follows, 30 sequences, length 24
# corresponding to MSA columns:
# 45-68
name=unknown_C
#
# <colnr> <probs for GDERKNQSTAVLIFYWHMCP>
#	G	D	E	R	K	N	Q	S	T	A	V	L	I	F	Y	W	H	M	C	P
0	0.02586	0.01471	0.01723	0.01386	0.01885	0.01523	0.01124	0.19538	0.23131	0.34047	0.02515	0.02274	0.01718	0.00883	0.00703	0.00221	0.00624	0.00710	0.00776	0.01162
1	0.00880	0.00706	0.00786	0.00773	0.00978	0.00612	0.00577	0.01107	0.01712	0.02189	0.28420	0.08355	0.47116	0.01666	0.00826	0.00232	0.00347	0.01418	0.00688	0.00612
2	0.01803	0.01451	0.01638	0.01202	0.01804	0.01294	0.00974	0.21549	0.01988	0.02901	0.01369	0.01514	0.01079	0.00612	0.00570	0.00135	0.00591	0.00477	0.00497	0.56549
3	0.00970	0.00722	0.00877	0.00922	0.01038	0.00681	0.00629	0.01209	0.05084	0.01917	0.11317	0.39408	0.11306	0.15147	0.01328	0.00331	0.00453	0.01529	0.00613	0.04520
4	0.01809	0.06003	0.13049	0.02114	0.04155	0.04051	0.24997	0.08133	0.06701	0.07346	0.01618	0.04624	0.01282	0.00793	0.00876	0.00227	0.07919	0.00722	0.00443	0.03136
5	0.02635	0.02058	0.02033	0.01601	0.02128	0.10528	0.01303	0.54648	0.05830	0.07644	0.01711	0.01702	0.01221	0.00829	0.00691	0.00207	0.00808	0.00618	0.00667	0.01138
6	0.00872	0.00616	0.00803	0.00944	0.00979	0.00581	0.00618	0.00977	0.01294	0.01725	0.03631	0.65808	0.04344	0.11769	0.01239	0.00335	0.00440	0.01857	0.00618	0.00548
7	0.01657	0.01808	0.03729	0.03164	0.18506	0.01708	0.51229	0.02196	0.01626	0.02247	0.01383	0.01831	0.01068	0.00593	0.00782	0.00224	0.01074	0.00763	0.00354	0.04059
8	0.01618	0.01962	0.10815	0.08283	0.20904	0.01707	0.39827	0.02176	0.01596	0.02211	0.01357	0.01798	0.01043	0.00613	0.00764	0.00226	0.01055	0.00725	0.00342	0.00981
9	0.01463	0.00893	0.00985	0.05123	0.01283	0.00939	0.00722	0.11857	0.01753	0.02770	0.05027	0.02727	0.05266	0.01019	0.02815	0.00210	0.00478	0.00713	0.53220	0.00736
10	0.01003	0.00672	0.00765	0.00776	0.00779	0.00669	0.00439	0.01012	0.01038	0.01384	0.02317	0.09637	0.02687	0.70201	0.03360	0.00648	0.00657	0.01085	0.00439	0.00433
11	0.23261	0.05075	0.04196	0.05138	0.01797	0.03851	0.01080	0.19319	0.04164	0.02964	0.01509	0.01783	0.01194	0.03077	0.04615	0.00270	0.03787	0.00563	0.11489	0.00869
12	0.00894	0.00638	0.00793	0.00892	0.00944	0.00600	0.00581	0.00999	0.01303	0.01723	0.06347	0.48586	0.10064	0.20447	0.01548	0.00375	0.00465	0.01668	0.00596	0.00536
13	0.06793	0.01884	0.01869	0.06786	0.04477	0.14513	0.01280	0.27779	0.04522	0.11331	0.03841	0.01843	0.01368	0.00832	0.00745	0.00211	0.04448	0.00615	0.03863	0.00999
14	0.05700	0.00813	0.01048	0.05403	0.01326	0.00902	0.00793	0.01290	0.01218	0.01785	0.02631	0.03471	0.12343	0.15941	0.33514	0.00705	0.03540	0.00864	0.06106	0.00607
15	0.03879	0.25965	0.28916	0.02059	0.13905	0.07566	0.01871	0.02252	0.03824	0.02052	0.01206	0.01416	0.00965	0.00649	0.00592	0.00193	0.00895	0.00489	0.00327	0.00978
16	0.20441	0.09162	0.01980	0.01836	0.12257	0.24825	0.01272	0.06588	0.08227	0.02400	0.01314	0.01497	0.01064	0.00875	0.03303	0.00232	0.00902	0.00506	0.00424	0.00894
17	0.01511	0.01275	0.04097	0.11865	0.02047	0.01202	0.01083	0.10979	0.08853	0.05119	0.02604	0.12902	0.09673	0.04614	0.00834	0.00228	0.00611	0.00900	0.00542	0.19060
18	0.01692	0.06772	0.05018	0.01405	0.04420	0.05067	0.01120	0.15083	0.22086	0.02813	0.13182	0.03202	0.13092	0.01064	0.00717	0.00218	0.00611	0.00871	0.00626	0.00940
19	0.01749	0.01272	0.01361	0.01168	0.01480	0.04664	0.02751	0.20410	0.09096	0.02931	0.02041	0.02338	0.01614	0.03604	0.08674	0.00308	0.00721	0.00676	0.32291	0.00852
20	0.05873	0.06598	0.51367	0.01808	0.02686	0.01750	0.02160	0.10994	0.05861	0.02562	0.01376	0.01533	0.00993	0.00699	0.00648	0.00217	0.00927	0.00533	0.00380	0.01035
21	0.21613	0.01564	0.08312	0.01348	0.01889	0.01398	0.04355	0.07089	0.09961	0.30143	0.04136	0.02030	0.01539	0.00804	0.00642	0.00220	0.00648	0.00633	0.00647	0.01029
22	0.06273	0.04177	0.07684	0.01439	0.01966	0.01513	0.07161	0.20494	0.06901	0.02906	0.07417	0.04486	0.01786	0.04844	0.00815	0.00219	0.00689	0.00696	0.00533	0.18000
23	0.01856	0.04337	0.06068	0.07099	0.06112	0.12778	0.15937	0.04438	0.08456	0.09683	0.05074	0.05633	0.01709	0.03816	0.03653	0.00271	0.00924	0.00765	0.00484	0.00907

[dist]
# distance from previous block
# <min> <max>
0	1

[block]
# block no. 3 follows, 30 sequences, length 24
# corresponding to MSA columns:
# 70-93
name=unknown_D
#
# <colnr> <probs for GDERKNQSTAVLIFYWHMCP>
#	G	D	E	R	K	N	Q	S	T	A	V	L	I	F	Y	W	H	M	C	P
0	0.01209	0.00843	0.01139	0.01237	0.07603	0.00774	0.00828	0.01479	0.01730	0.07830	0.33324	0.15807	0.12368	0.03820	0.00895	0.00245	0.00443	0.04215	0.00674	0.03537
1	0.01584	0.01322	0.01538	0.01153	0.01685	0.02786	0.00929	0.03676	0.01502	0.05743	0.01452	0.01650	0.02989	0.00657	0.00730	0.00139	0.08321	0.00485	0.00438	0.61222
2	0.01675	0.44253	0.12876	0.01833	0.14618	0.02176	0.01502	0.02020	0.01495	0.01912	0.04978	0.01782	0.04851	0.00714	0.00562	0.00178	0.00760	0.00542	0.00349	0.00925
3	0.06159	0.07705	0.09327	0.01462	0.01973	0.07435	0.01296	0.33972	0.05441	0.03241	0.01703	0.05158	0.01359	0.01004	0.03209	0.00237	0.00798	0.00647	0.06873	0.01000
4	0.01018	0.00673	0.00759	0.00767	0.00798	0.00664	0.00454	0.01070	0.01126	0.01548	0.04937	0.08785	0.05472	0.59685	0.02948	0.00579	0.00608	0.01072	0.06572	0.00464
5	0.01623	0.01302	0.01690	0.03527	0.01906	0.01165	0.06363	0.09491	0.05828	0.06040	0.01841	0.10121	0.01640	0.00836	0.00643	0.00170	0.00608	0.02548	0.00512	0.42146
6	0.23088	0.01186	0.04937	0.09602	0.03722	0.01147	0.03418	0.01754	0.01631	0.05137	0.30757	0.03282	0.03418	0.01033	0.00689	0.00224	0.00557	0.03090	0.00571	0.00759
7	0.00907	0.00648	0.00819	0.00922	0.00984	0.00611	0.00623	0.01033	0.01348	0.01786	0.08018	0.46960	0.09368	0.16966	0.01426	0.00358	0.00466	0.05600	0.00609	0.00550
8	0.00882	0.00626	0.00828	0.00977	0.01023	0.00592	0.00663	0.01008	0.01330	0.01770	0.03708	0.64895	0.04413	0.07846	0.01102	0.00316	0.00442	0.06388	0.00630	0.00561
9	0.01970	0.43019	0.12499	0.01442	0.02049	0.11433	0.01411	0.09406	0.06998	0.02120	0.01243	0.01360	0.01021	0.00674	0.00548	0.00176	0.00838	0.00462	0.00380	0.00950
10	0.01703	0.01848	0.02425	0.01994	0.02174	0.13002	0.13210	0.01932	0.01310	0.01773	0.01060	0.01622	0.00978	0.02869	0.01806	0.00283	0.48258	0.00633	0.00325	0.00793
11	0.00859	0.00629	0.00807	0.00929	0.01006	0.00578	0.00633	0.01005	0.01424	0.01881	0.09947	0.60111	0.13495	0.02067	0.00876	0.00272	0.00392	0.01855	0.00658	0.00578
12	0.58432	0.01499	0.01251	0.01071	0.01518	0.05201	0.00875	0.10784	0.01569	0.08697	0.01240	0.01343	0.00920	0.00697	0.00499	0.00212	0.00605	0.00446	0.02295	0.00846
13	0.02431	0.01722	0.04117	0.01482	0.02005	0.01757	0.01245	0.42490	0.02623	0.15128	0.01869	0.05359	0.01408	0.00891	0.00771	0.00209	0.04446	0.00682	0.00663	0.08703
14	0.02512	0.01773	0.01921	0.01500	0.02020	0.01938	0.01230	0.54113	0.08207	0.09345	0.02045	0.01997	0.03575	0.00877	0.00696	0.00211	0.00709	0.00674	0.03515	0.01142
15	0.00849	0.00684	0.00757	0.00790	0.00971	0.00592	0.00573	0.01030	0.01573	0.01964	0.13515	0.23064	0.47534	0.01830	0.00840	0.00245	0.00363	0.01572	0.00662	0.00592
16	0.01089	0.00781	0.00978	0.00927	0.01117	0.00743	0.00695	0.01519	0.07332	0.04770	0.52545	0.11019	0.10887	0.01462	0.00816	0.00227	0.00364	0.01285	0.00747	0.00697
17	0.01804	0.66356	0.12657	0.01299	0.01953	0.02611	0.01377	0.02105	0.01425	0.01717	0.01007	0.01166	0.00894	0.00606	0.00476	0.00159	0.00784	0.00392	0.00298	0.00913
18	0.01076	0.00905	0.01435	0.01336	0.01529	0.00875	0.11769	0.01448	0.06943	0.02044	0.08788	0.48351	0.03967	0.01752	0.00863	0.00269	0.00548	0.04806	0.00614	0.00682
19	0.00995	0.00672	0.00763	0.00776	0.00787	0.00665	0.00445	0.01011	0.01060	0.01406	0.02498	0.10286	0.05049	0.67071	0.03245	0.00630	0.00644	0.01108	0.00449	0.00440
20	0.01014	0.00680	0.00780	0.00780	0.00786	0.00687	0.00446	0.01027	0.01020	0.01367	0.02182	0.04472	0.02496	0.71834	0.07137	0.00700	0.00738	0.01001	0.00420	0.00433
21	0.01012	0.00758	0.00921	0.00910	0.01087	0.00707	0.00680	0.04615	0.01804	0.02423	0.35370	0.19346	0.21514	0.01653	0.00837	0.00240	0.00387	0.04381	0.00706	0.00650
22	0.02140	0.01480	0.01689	0.01292	0.01850	0.01422	0.01048	0.22481	0.10942	0.15037	0.01841	0.01827	0.01342	0.00729	0.00628	0.00172	0.00610	0.00577	0.00616	0.32277
23	0.01576	0.25987	0.42040	0.01860	0.02715	0.01995	0.10430	0.02175	0.01478	0.02036	0.01184	0.01414	0.00910	0.00633	0.00616	0.00200	0.00960	0.00510	0.00303	0.00978

[dist]
# distance from previous block
# <min> <max>
1	2

[block]
# block no. 4 follows, 30 sequences, length 26
# corresponding to MSA columns:
# 96-121
name=unknown_E
#
# <colnr> <probs for GDERKNQSTAVLIFYWHMCP>
#	G	D	E	R	K	N	Q	S	T	A	V	L	I	F	Y	W	H	M	C	P
0	0.63985	0.04236	0.09805	0.01105	0.01611	0.05400	0.01024	0.02111	0.01272	0.02893	0.01012	0.01181	0.00784	0.00652	0.00471	0.00212	0.00645	0.00398	0.00407	0.00797
1	0.80405	0.01350	0.01026	0.00918	0.01350	0.01565	0.00756	0.02051	0.01188	0.03131	0.00972	0.01134	0.00756	0.00648	0.00432	0.00216	0.00540	0.00378	0.00432	0.00756
2	0.00886	0.00684	0.00809	0.00832	0.00994	0.00607	0.00603	0.01100	0.01656	0.02167	0.27759	0.23590	0.32284	0.01759	0.00841	0.00242	0.00358	0.01532	0.00689	0.00607
3	0.02519	0.05636	0.02086	0.01621	0.02113	0.20918	0.01305	0.42125	0.09060	0.03419	0.01593	0.01626	0.01185	0.00805	0.00669	0.00201	0.00877	0.00584	0.00591	0.01065
4	0.01212	0.00606	0.00909	0.00909	0.00909	0.00606	0.00606	0.00909	0.00909	0.01212	0.01212	0.02121	0.01212	0.02424	0.02727	0.79697	0.00606	0.00606	0.00303	0.00303
5	0.00971	0.00739	0.00890	0.00866	0.01043	0.00686	0.00639	0.01312	0.05116	0.02433	0.42887	0.11933	0.22385	0.03870	0.00909	0.00245	0.00364	0.01352	0.00713	0.00647
6	0.06256	0.03237	0.60727	0.01852	0.02799	0.01559	0.02317	0.02318	0.01508	0.09113	0.01384	0.01542	0.00960	0.00682	0.00653	0.00220	0.00959	0.00526	0.00359	0.01030
7	0.01002	0.00671	0.00765	0.00777	0.00780	0.00668	0.00440	0.01012	0.01039	0.01385	0.02323	0.09874	0.02694	0.69955	0.03351	0.00647	0.00656	0.01088	0.00440	0.00434
8	0.01184	0.00722	0.00960	0.00964	0.01118	0.00661	0.00698	0.01412	0.01689	0.10620	0.32346	0.36405	0.05110	0.01702	0.00839	0.00248	0.00395	0.01521	0.00725	0.00681
9	0.04294	0.01586	0.02348	0.33277	0.30946	0.05436	0.01895	0.07888	0.01663	0.02253	0.01290	0.01734	0.01016	0.00679	0.00682	0.00217	0.00880	0.00604	0.00365	0.00945
10	0.71908	0.01389	0.01126	0.00980	0.01425	0.01591	0.00808	0.07040	0.01371	0.05654	0.01087	0.01218	0.00822	0.00669	0.00461	0.00215	0.00559	0.00408	0.00467	0.00803
11	0.01017	0.00774	0.01147	0.01136	0.01252	0.00912	0.00882	0.01255	0.01116	0.01614	0.01845	0.02755	0.01740	0.07339	0.67912	0.01077	0.04481	0.00751	0.00373	0.00622
12	0.01588	0.01612	0.01346	0.01252	0.01521	0.20805	0.00943	0.02235	0.17774	0.02386	0.26185	0.08216	0.08923	0.01196	0.00748	0.00218	0.00645	0.00991	0.00624	0.00793
13	0.01681	0.01611	0.02749	0.12084	0.63680	0.01646	0.02119	0.02101	0.01567	0.02224	0.01304	0.01742	0.01086	0.00630	0.00692	0.00210	0.00840	0.00622	0.00341	0.01068
14	0.05178	0.00685	0.00669	0.00664	0.00839	0.00695	0.00501	0.01647	0.01450	0.02628	0.02212	0.02530	0.01738	0.00805	0.00485	0.00165	0.00336	0.00637	0.75481	0.00656
15	0.01484	0.00827	0.00846	0.00780	0.00996	0.00856	0.00601	0.10731	0.01710	0.02845	0.02195	0.02476	0.01707	0.00816	0.00516	0.00169	0.00385	0.00647	0.68688	0.00723
16	0.62428	0.01372	0.01200	0.01021	0.01480	0.01529	0.00842	0.07443	0.01475	0.13808	0.01302	0.01367	0.00939	0.00696	0.00494	0.00215	0.00566	0.00447	0.00519	0.00856
17	0.01336	0.01259	0.02126	0.70722	0.07741	0.01555	0.01947	0.01799	0.01404	0.01805	0.01244	0.01855	0.00938	0.00694	0.00697	0.00231	0.00926	0.00620	0.00312	0.00790
18	0.01331	0.00938	0.01271	0.01418	0.06657	0.00930	0.01081	0.01792	0.07749	0.07447	0.12856	0.06073	0.09139	0.01581	0.00871	0.00276	0.00579	0.36595	0.00660	0.00757
19	0.02137	0.01559	0.01735	0.01356	0.01849	0.01617	0.01100	0.39118	0.06226	0.06960	0.13401	0.02318	0.02150	0.00889	0.00689	0.00195	0.00630	0.00710	0.00669	0.14692
20	0.04789	0.01388	0.01617	0.01309	0.01773	0.03333	0.01055	0.17343	0.09841	0.36689	0.05831	0.07792	0.02058	0.00984	0.00712	0.00221	0.00617	0.00803	0.00763	0.01082
21	0.02674	0.01921	0.02073	0.01589	0.02147	0.02114	0.01313	0.65899	0.03224	0.07375	0.01723	0.01706	0.01211	0.00839	0.00698	0.00210	0.00760	0.00632	0.00705	0.01187
22	0.01675	0.05041	0.01412	0.01228	0.01529	0.03066	0.01030	0.07461	0.04269	0.14912	0.10688	0.07203	0.07585	0.01448	0.00822	0.00259	0.00604	0.28274	0.00678	0.00817
23	0.02106	0.01448	0.01610	0.01326	0.01718	0.01550	0.01053	0.41064	0.02553	0.08005	0.05592	0.16004	0.02226	0.03529	0.00817	0.00236	0.00630	0.00936	0.06618	0.00978
24	0.00892	0.00633	0.00827	0.00937	0.00990	0.00600	0.00627	0.01027	0.01369	0.01849	0.11888	0.55458	0.04518	0.11466	0.03173	0.00348	0.00470	0.01738	0.00627	0.00561
25	0.05966	0.02983	0.01900	0.01710	0.02086	0.58757	0.01296	0.06070	0.09017	0.02027	0.01285	0.01412	0.01034	0.00745	0.00632	0.00189	0.01130	0.00490	0.00415	0.00856

[dist]
# distance from previous block
# <min> <max>
0	1

[block]
# block no. 5 follows, 30 sequences, length 25
# corresponding to MSA columns:
# 123-147
name=unknown_F
#
# <colnr> <probs for GDERKNQSTAVLIFYWHMCP>
#	G	D	E	R	K	N	Q	S	T	A	V	L	I	F	Y	W	H	M	C	P
0	0.01877	0.01761	0.01628	0.01577	0.05567	0.17470	0.01168	0.08385	0.25962	0.04991	0.05227	0.05463	0.06406	0.01085	0.00735	0.00230	0.00731	0.08203	0.00604	0.00930
1	0.00859	0.00611	0.00807	0.00960	0.00998	0.00573	0.00635	0.00974	0.01318	0.01758	0.03756	0.71160	0.04502	0.06201	0.01036	0.00305	0.00420	0.01931	0.00635	0.00559
2	0.00883	0.00627	0.00795	0.00916	0.00984	0.00583	0.00617	0.01020	0.01375	0.01846	0.06853	0.58339	0.10756	0.06230	0.01015	0.00293	0.00409	0.01790	0.04099	0.00568
3	0.01361	0.01301	0.02252	0.65696	0.08618	0.01569	0.05748	0.01830	0.01421	0.01838	0.01254	0.01854	0.00948	0.00687	0.00704	0.00231	0.00938	0.00632	0.00315	0.00804
4	0.01081	0.00725	0.00949	0.00921	0.01089	0.00667	0.00690	0.01368	0.01847	0.06303	0.51602	0.16222	0.08308	0.01548	0.00833	0.00234	0.00368	0.03829	0.00745	0.00669
5	0.00998	0.00677	0.00798	0.00813	0.00828	0.00684	0.00484	0.01032	0.01054	0.01417	0.02321	0.10893	0.02657	0.62372	0.09560	0.00681	0.00759	0.01080	0.00439	0.00454
6	0.16326	0.04249	0.01515	0.01184	0.01588	0.01352	0.00971	0.10673	0.04342	0.25008	0.07253	0.02615	0.08502	0.01245	0.05397	0.00279	0.05186	0.00736	0.00643	0.00937
7	0.01586	0.08335	0.01500	0.01200	0.01503	0.01219	0.00983	0.06275	0.14068	0.10810	0.16183	0.12275	0.03491	0.01356	0.00784	0.00245	0.00550	0.16116	0.00676	0.00845
8	0.01837	0.01252	0.01416	0.01231	0.01609	0.01325	0.00968	0.06497	0.34862	0.16160	0.14059	0.03373	0.10186	0.01091	0.00738	0.00228	0.00515	0.00913	0.00742	0.00998
9	0.01948	0.01105	0.01316	0.01141	0.01478	0.01102	0.00907	0.13481	0.07304	0.21468	0.07215	0.07902	0.06751	0.05822	0.00906	0.00254	0.00551	0.07412	0.11037	0.00899
10	0.01705	0.03351	0.11492	0.02406	0.24574	0.04072	0.04732	0.06085	0.10409	0.06507	0.15090	0.02493	0.02296	0.00852	0.00715	0.00215	0.00737	0.00756	0.00517	0.00995
11	0.01834	0.01803	0.02601	0.12301	0.50977	0.09123	0.01976	0.06846	0.01725	0.02308	0.01305	0.01691	0.01068	0.00656	0.00686	0.00208	0.00882	0.00604	0.00367	0.01040
12	0.02761	0.01151	0.01531	0.01220	0.01690	0.01031	0.00988	0.07126	0.02000	0.56885	0.05240	0.10829	0.02201	0.01035	0.00728	0.00223	0.00573	0.00865	0.00825	0.01097
13	0.67351	0.01681	0.01185	0.01065	0.01485	0.13497	0.00855	0.02175	0.01320	0.02892	0.00990	0.01155	0.00780	0.00660	0.00465	0.00210	0.00660	0.00390	0.00420	0.00765
14	0.01123	0.00734	0.00946	0.01000	0.01098	0.00723	0.00705	0.02890	0.01442	0.06279	0.08048	0.47196	0.03956	0.09809	0.01188	0.00311	0.03138	0.03894	0.04896	0.00626
15	0.02004	0.01649	0.01834	0.01394	0.01963	0.04176	0.03535	0.28783	0.08175	0.03157	0.01554	0.01648	0.01186	0.00693	0.00621	0.00165	0.00672	0.00548	0.00549	0.35695
16	0.01429	0.01382	0.09604	0.01231	0.01608	0.01158	0.01073	0.13854	0.08717	0.02654	0.12099	0.19067	0.07788	0.01302	0.00755	0.00229	0.00565	0.04621	0.03527	0.07338
17	0.06844	0.08960	0.02466	0.04815	0.33687	0.19574	0.01680	0.02310	0.04194	0.02098	0.01229	0.01539	0.01033	0.00702	0.00750	0.00204	0.06055	0.00546	0.00360	0.00957
18	0.00850	0.00607	0.00810	0.00972	0.01012	0.00567	0.00648	0.00972	0.01336	0.01781	0.03846	0.75020	0.04615	0.02186	0.00891	0.00283	0.00405	0.01984	0.00648	0.00567
19	0.01504	0.02895	0.44169	0.02436	0.06242	0.01675	0.26585	0.02216	0.01542	0.02222	0.01313	0.01633	0.00957	0.00634	0.00723	0.00226	0.01075	0.00632	0.00318	0.01002
20	0.00995	0.00683	0.00772	0.00767	0.00803	0.00667	0.00454	0.01042	0.01154	0.01534	0.08957	0.04816	0.08953	0.62120	0.03059	0.00595	0.00616	0.01078	0.00475	0.00459
21	0.01419	0.11606	0.52680	0.01742	0.02594	0.01644	0.02130	0.02151	0.04284	0.02242	0.09511	0.01920	0.01610	0.00757	0.00659	0.00213	0.00896	0.00598	0.00368	0.00974
22	0.02399	0.01813	0.02006	0.01683	0.05981	0.01985	0.01294	0.53549	0.09125	0.03929	0.01768	0.01882	0.01322	0.04104	0.00817	0.00228	0.00738	0.00652	0.00656	0.04069
23	0.12136	0.42316	0.05830	0.01179	0.01687	0.02135	0.01112	0.08619	0.01572	0.02181	0.04345	0.01812	0.03546	0.05158	0.03600	0.00242	0.00745	0.00531	0.00398	0.00855
24	0.01638	0.42824	0.32066	0.01514	0.02277	0.02205	0.01752	0.02111	0.01462	0.01923	0.03736	0.01423	0.01107	0.00656	0.00552	0.00182	0.00850	0.00466	0.00315	0.00943

[dist]
# distance from previous block
# <min> <max>
0	1

[block]
# block no. 6 follows, 30 sequences, length 31
# corresponding to MSA columns:
# 149-179
name=unknown_G
#
# <colnr> <probs for GDERKNQSTAVLIFYWHMCP>
#	G	D	E	R	K	N	Q	S	T	A	V	L	I	F	Y	W	H	M	C	P
0	0.05079	0.17190	0.04435	0.01297	0.01810	0.05001	0.01129	0.11348	0.06609	0.28796	0.08568	0.02180	0.01873	0.00843	0.00646	0.00201	0.00665	0.00653	0.00645	0.01031
1	0.01827	0.69967	0.09250	0.01259	0.01892	0.02668	0.01308	0.02099	0.01422	0.01688	0.00993	0.01148	0.00895	0.00602	0.00465	0.00155	0.00770	0.00385	0.00298	0.00907
2	0.01455	0.00826	0.00862	0.00797	0.01003	0.00858	0.00608	0.10414	0.01670	0.02747	0.02180	0.02575	0.01742	0.04397	0.03144	0.00225	0.00453	0.00668	0.62666	0.00710
3	0.01727	0.01658	0.02832	0.04283	0.71123	0.01658	0.02142	0.02142	0.01589	0.02280	0.01313	0.01727	0.01105	0.00622	0.00691	0.00207	0.00829	0.00622	0.00345	0.01105
4	0.00919	0.00758	0.00817	0.00817	0.01046	0.00676	0.00630	0.01220	0.05178	0.02066	0.14132	0.06429	0.53507	0.01699	0.00831	0.00242	0.00387	0.07351	0.00665	0.00629
5	0.07414	0.02504	0.01932	0.01635	0.02082	0.34190	0.01283	0.29266	0.07990	0.02974	0.01455	0.01527	0.01106	0.00781	0.00651	0.00199	0.00959	0.00544	0.00528	0.00981
6	0.80405	0.01350	0.01026	0.00918	0.01350	0.01565	0.00756	0.02051	0.01188	0.03131	0.00972	0.01134	0.00756	0.00648	0.00432	0.00216	0.00540	0.00378	0.00432	0.00756
7	0.01901	0.01440	0.01658	0.01377	0.01670	0.01646	0.01082	0.33127	0.05542	0.02924	0.01732	0.02418	0.01527	0.17040	0.07519	0.04180	0.11079	0.00724	0.00541	0.00874
8	0.00862	0.00633	0.00792	0.00907	0.00983	0.00581	0.00611	0.00991	0.01377	0.01801	0.06391	0.55815	0.16096	0.07376	0.01069	0.00301	0.00413	0.01802	0.00635	0.00563
9	0.01496	0.01137	0.01453	0.04303	0.04145	0.01188	0.03289	0.21587	0.01969	0.02640	0.05331	0.36188	0.03146	0.04489	0.00922	0.00270	0.00597	0.04432	0.00624	0.00796
10	0.01721	0.01222	0.01448	0.01088	0.01648	0.01001	0.00871	0.02173	0.07831	0.13929	0.03889	0.01993	0.03715	0.00682	0.00585	0.00142	0.00522	0.00556	0.00534	0.54449
11	0.05810	0.01402	0.01632	0.10051	0.02077	0.06242	0.04483	0.14825	0.09933	0.06853	0.13413	0.07536	0.07510	0.01101	0.00741	0.00229	0.00666	0.04012	0.00610	0.00875
12	0.01726	0.52440	0.19913	0.01437	0.02090	0.02436	0.01554	0.02085	0.01403	0.01781	0.01033	0.01238	0.00894	0.00664	0.00650	0.00179	0.06834	0.00427	0.00298	0.00917
13	0.00933	0.00677	0.00880	0.00901	0.01027	0.00624	0.00648	0.01184	0.01738	0.02406	0.44781	0.29057	0.09134	0.01702	0.00846	0.00242	0.00356	0.01518	0.00721	0.00624
14	0.05323	0.00947	0.01397	0.03042	0.01534	0.00941	0.09156	0.04463	0.01518	0.05412	0.10089	0.37250	0.03507	0.09160	0.01132	0.00300	0.02164	0.01394	0.00587	0.00685
15	0.01103	0.00808	0.01078	0.01195	0.01350	0.00813	0.00985	0.01510	0.06685	0.02159	0.10142	0.20302	0.04240	0.01856	0.00917	0.00298	0.00559	0.42674	0.00661	0.00664
16	0.00873	0.00627	0.00793	0.00915	0.00967	0.00586	0.00602	0.00981	0.01310	0.01725	0.03890	0.57845	0.10412	0.13450	0.01295	0.00340	0.00442	0.01787	0.00613	0.00547
17	0.00856	0.00615	0.00802	0.00949	0.00998	0.00572	0.00633	0.00975	0.01336	0.01769	0.03947	0.68623	0.07965	0.05134	0.00995	0.00297	0.00413	0.01918	0.00639	0.00562
18	0.01592	0.00890	0.01166	0.01054	0.01198	0.00920	0.00767	0.13093	0.01427	0.06620	0.01455	0.02096	0.01279	0.02082	0.04547	0.55038	0.00668	0.00623	0.02942	0.00541
19	0.01079	0.00792	0.01048	0.01139	0.01305	0.00780	0.00942	0.01450	0.04890	0.02228	0.17495	0.13599	0.09016	0.01794	0.00907	0.00287	0.00532	0.39387	0.00672	0.00657
20	0.01301	0.00650	0.00650	0.00650	0.00813	0.00650	0.00488	0.01626	0.01463	0.02602	0.02276	0.02602	0.01789	0.00813	0.00488	0.00163	0.00325	0.00650	0.79350	0.00650
21	0.01212	0.00606	0.00909	0.00909	0.00909	0.00606	0.00606	0.00909	0.00909	0.01212	0.01212	0.02121	0.01212	0.02424	0.02727	0.79697	0.00606	0.00606	0.00303	0.00303
22	0.05487	0.01113	0.01269	0.01121	0.01471	0.01133	0.00876	0.02573	0.24625	0.18860	0.14078	0.06923	0.15175	0.01192	0.00741	0.00230	0.00484	0.01000	0.00728	0.00921
23	0.01090	0.00783	0.01068	0.01211	0.01364	0.00774	0.01034	0.01378	0.01565	0.02027	0.03830	0.10312	0.08013	0.05614	0.01082	0.00332	0.00617	0.56646	0.00632	0.00625
24	0.01939	0.01415	0.01658	0.01379	0.01728	0.01536	0.03195	0.35797	0.07831	0.03103	0.02003	0.11684	0.01798	0.04857	0.03674	0.13353	0.00723	0.00845	0.00593	0.00890
25	0.01212	0.00606	0.00909	0.00909	0.00909	0.00606	0.00606	0.00909	0.00909	0.01212	0.01212	0.02121	0.01212	0.02424	0.02727	0.79697	0.00606	0.00606	0.00303	0.00303
26	0.07343	0.46626	0.02877	0.01307	0.01803	0.14029	0.01181	0.06920	0.01614	0.01998	0.01098	0.01272	0.00951	0.00676	0.00580	0.00171	0.04141	0.00428	0.04108	0.00875
27	0.14286	0.01512	0.01602	0.01297	0.01716	0.01673	0.01053	0.35264	0.04683	0.07717	0.04919	0.02035	0.01543	0.03243	0.00800	0.00225	0.03976	0.00643	0.10832	0.00980
28	0.05266	0.01451	0.02179	0.50470	0.17148	0.04759	0.01867	0.04987	0.01535	0.02059	0.01254	0.01765	0.00966	0.00688	0.00681	0.00223	0.00899	0.00602	0.00343	0.00858
29	0.02083	0.01985	0.01888	0.01859	0.10508	0.18053	0.01303	0.17790	0.25925	0.02855	0.04657	0.02214	0.04016	0.00875	0.00695	0.00213	0.00782	0.00695	0.00582	0.01021
30	0.01694	0.03581	0.01626	0.07724	0.01896	0.03615	0.01121	0.26145	0.02057	0.02729	0.02405	0.31055	0.02499	0.01387	0.00897	0.00246	0.06728	0.01156	0.00589	0.00847

[dist]
# distance from previous block
# <min> <max>
3	9

[block]
# block no. 7 follows, 30 sequences, length 20
# corresponding to MSA columns:
# 189-208
name=unknown_H
#
# <colnr> <probs for GDERKNQSTAVLIFYWHMCP>
#	G	D	E	R	K	N	Q	S	T	A	V	L	I	F	Y	W	H	M	C	P
0	0.02040	0.19748	0.06726	0.01921	0.12621	0.22429	0.01435	0.06920	0.01747	0.04515	0.01482	0.01675	0.03752	0.00763	0.00714	0.00192	0.05646	0.00544	0.04221	0.00909
1	0.01266	0.00855	0.01062	0.01065	0.01210	0.00864	0.00767	0.09171	0.01612	0.06647	0.05545	0.47305	0.06304	0.06119	0.01054	0.00287	0.03605	0.01542	0.03033	0.00686
2	0.10795	0.07341	0.01311	0.01003	0.01272	0.05817	0.00759	0.10489	0.01597	0.02354	0.04915	0.06160	0.04056	0.21497	0.01406	0.00324	0.00615	0.00781	0.13050	0.04457
3	0.00887	0.00674	0.00935	0.01014	0.01109	0.00621	0.03283	0.01045	0.01414	0.01871	0.08099	0.60664	0.11701	0.02034	0.00877	0.00273	0.00425	0.01841	0.00644	0.00589
4	0.01420	0.01209	0.01417	0.01024	0.01618	0.00914	0.00817	0.01731	0.01478	0.02305	0.05320	0.01668	0.01359	0.00570	0.00535	0.00110	0.00506	0.00463	0.00434	0.75100
5	0.01866	0.75896	0.03657	0.01194	0.01791	0.02761	0.01194	0.02090	0.01418	0.01642	0.00970	0.01119	0.00896	0.00597	0.00448	0.00149	0.00746	0.00373	0.00299	0.00896
6	0.00890	0.00684	0.00804	0.00826	0.00982	0.00609	0.00593	0.01093	0.01622	0.02119	0.25813	0.22556	0.31874	0.05152	0.00965	0.00262	0.00373	0.01509	0.00675	0.00598
7	0.02482	0.02504	0.02015	0.01792	0.05246	0.33793	0.01347	0.28440	0.10449	0.02918	0.01528	0.01599	0.01165	0.00787	0.00668	0.00199	0.00966	0.00566	0.00531	0.01004
8	0.01651	0.01724	0.02160	0.01839	0.01921	0.10341	0.04658	0.01834	0.01217	0.01742	0.01007	0.01550	0.00952	0.01118	0.01962	0.00282	0.59563	0.00603	0.03104	0.00773
9	0.00848	0.00617	0.00800	0.00947	0.01006	0.00569	0.00637	0.00974	0.01360	0.01791	0.04146	0.68676	0.10766	0.02147	0.00885	0.00279	0.00400	0.01936	0.00648	0.00569
10	0.00948	0.00712	0.00878	0.00837	0.01018	0.00642	0.00628	0.01241	0.01883	0.02579	0.55426	0.05574	0.22050	0.01509	0.00823	0.00223	0.00335	0.01313	0.00739	0.00642
11	0.00873	0.00624	0.00834	0.00982	0.01037	0.00585	0.00673	0.01019	0.01392	0.01863	0.08175	0.67001	0.04712	0.02124	0.00890	0.00281	0.00412	0.05291	0.00655	0.00577
12	0.02653	0.01955	0.02094	0.01606	0.02164	0.02164	0.01326	0.68796	0.03281	0.04398	0.01675	0.01675	0.01187	0.00838	0.00698	0.00209	0.00768	0.00628	0.00698	0.01187
13	0.02936	0.01215	0.01608	0.01244	0.01758	0.01091	0.01023	0.08518	0.02099	0.61165	0.07633	0.02526	0.02039	0.00903	0.00710	0.00216	0.00588	0.00737	0.00843	0.01149
14	0.00933	0.00706	0.00860	0.00833	0.01012	0.00633	0.00620	0.01207	0.01829	0.02478	0.48638	0.09285	0.25283	0.01566	0.00827	0.00228	0.00340	0.01361	0.00727	0.00633
15	0.01512	0.06743	0.12525	0.01265	0.01692	0.04741	0.01160	0.07835	0.12227	0.05048	0.28714	0.03452	0.08048	0.01095	0.00731	0.00216	0.00596	0.00912	0.00622	0.00868
16	0.02675	0.01919	0.02072	0.01589	0.02146	0.02112	0.01312	0.65779	0.03222	0.07498	0.01725	0.01708	0.01212	0.00839	0.00698	0.00210	0.00760	0.00632	0.00706	0.01187
17	0.01301	0.00650	0.00650	0.00650	0.00813	0.00650	0.00488	0.01626	0.01463	0.02602	0.02276	0.02602	0.01789	0.00813	0.00488	0.00163	0.00325	0.00650	0.79350	0.00650
18	0.15963	0.04712	0.01465	0.01182	0.01588	0.04325	0.00960	0.02678	0.16436	0.23295	0.09672	0.02968	0.05675	0.00998	0.00677	0.00224	0.00574	0.04994	0.00672	0.00943
19	0.01585	0.28307	0.41557	0.01812	0.02661	0.02028	0.08763	0.02171	0.01472	0.02017	0.01171	0.01393	0.00906	0.00633	0.00605	0.00198	0.00948	0.00498	0.00302	0.00975

[dist]
# distance from previous block
# <min> <max>
5	9

[block]
# block no. 8 follows, 30 sequences, length 44
# corresponding to MSA columns:
# 218-261
name=unknown_I
#
# <colnr> <probs for GDERKNQSTAVLIFYWHMCP>
#	G	D	E	R	K	N	Q	S	T	A	V	L	I	F	Y	W	H	M	C	P
0	0.01225	0.00815	0.05840	0.00984	0.01056	0.00677	0.00743	0.01000	0.00948	0.01281	0.01215	0.02076	0.01189	0.02302	0.02584	0.74173	0.00636	0.00600	0.00302	0.00354
1	0.01797	0.36815	0.21222	0.01850	0.10522	0.11086	0.01684	0.02193	0.01516	0.01876	0.01123	0.01346	0.00940	0.00753	0.02436	0.00204	0.00925	0.00460	0.00313	0.00939
2	0.01651	0.04720	0.01283	0.03114	0.01409	0.09520	0.00832	0.08963	0.11658	0.02519	0.02058	0.02484	0.01692	0.09348	0.00913	0.00240	0.00590	0.00673	0.35553	0.00780
3	0.01991	0.43846	0.08029	0.01442	0.02005	0.15106	0.03497	0.08826	0.01745	0.02049	0.04736	0.01464	0.01226	0.00691	0.00553	0.00172	0.00854	0.00484	0.00375	0.00908
4	0.00884	0.00701	0.00794	0.00788	0.00983	0.00612	0.00584	0.01109	0.01705	0.02196	0.29095	0.11566	0.43148	0.01681	0.00829	0.00234	0.00349	0.01439	0.00690	0.00612
5	0.01653	0.01196	0.01357	0.01221	0.01492	0.01271	0.00936	0.28028	0.04290	0.02908	0.05037	0.26436	0.02874	0.08539	0.01048	0.00285	0.00590	0.05708	0.04303	0.00828
6	0.31358	0.14026	0.12393	0.03597	0.01949	0.01847	0.01277	0.12956	0.01666	0.05902	0.02957	0.01469	0.01070	0.00730	0.00629	0.00209	0.04111	0.00494	0.00451	0.00908
7	0.01106	0.00794	0.00993	0.01066	0.01178	0.00791	0.00764	0.09146	0.01575	0.02097	0.03456	0.54260	0.03997	0.07091	0.01060	0.00306	0.00492	0.08550	0.00638	0.00639
8	0.01719	0.27407	0.41125	0.01677	0.02495	0.06909	0.01962	0.02266	0.01515	0.05246	0.01217	0.01384	0.00928	0.00654	0.00591	0.00194	0.00932	0.00473	0.00327	0.00978
9	0.06626	0.00782	0.00931	0.00901	0.01103	0.00732	0.00679	0.01407	0.01693	0.07541	0.32053	0.13823	0.18514	0.05322	0.00943	0.00259	0.00413	0.04924	0.00687	0.00666
10	0.01587	0.02565	0.29085	0.06226	0.03398	0.05337	0.37122	0.02231	0.01586	0.02175	0.01326	0.01697	0.00979	0.00628	0.00747	0.00227	0.01114	0.00679	0.00329	0.00959
11	0.00855	0.00621	0.00807	0.00945	0.01008	0.00573	0.00638	0.00990	0.01387	0.01838	0.07256	0.66058	0.10218	0.02116	0.00882	0.00276	0.00397	0.01907	0.00653	0.00573
12	0.01503	0.01273	0.01477	0.01060	0.01677	0.00987	0.00850	0.04867	0.01532	0.02372	0.01260	0.01458	0.01041	0.00532	0.00525	0.00108	0.00528	0.00423	0.00427	0.76098
13	0.01677	0.00871	0.01125	0.00971	0.01273	0.00770	0.00760	0.01961	0.01919	0.25660	0.37415	0.04514	0.15650	0.01295	0.00783	0.00221	0.00422	0.01110	0.00780	0.00824
14	0.65187	0.01360	0.01161	0.00993	0.01450	0.01516	0.00817	0.05671	0.01394	0.10645	0.01212	0.01308	0.00894	0.00677	0.00478	0.00212	0.00557	0.00428	0.00492	0.03548
15	0.01727	0.01658	0.02832	0.04283	0.71123	0.01658	0.02142	0.02142	0.01589	0.02280	0.01313	0.01727	0.01105	0.00622	0.00691	0.00207	0.00829	0.00622	0.00345	0.01105
16	0.00942	0.00684	0.00745	0.00752	0.00835	0.00641	0.00470	0.01008	0.01227	0.01556	0.03947	0.08561	0.26086	0.46779	0.02492	0.00507	0.00553	0.01217	0.00511	0.00487
17	0.01050	0.00869	0.01160	0.01137	0.01216	0.00979	0.00857	0.01238	0.01457	0.02029	0.20782	0.33233	0.09615	0.01717	0.01212	0.00268	0.18528	0.01417	0.00595	0.00641
18	0.01735	0.01341	0.01461	0.01343	0.01678	0.03866	0.01062	0.09262	0.34541	0.07989	0.06041	0.11226	0.02736	0.01232	0.00770	0.00248	0.00589	0.11228	0.00694	0.00957
19	0.01212	0.00606	0.00909	0.00909	0.00909	0.00606	0.00606	0.00909	0.00909	0.01212	0.01212	0.02121	0.01212	0.02424	0.02727	0.79697	0.00606	0.00606	0.00303	0.00303
20	0.02534	0.01100	0.01457	0.01170	0.01613	0.00992	0.00946	0.02940	0.06881	0.50718	0.18513	0.03049	0.02882	0.01000	0.00730	0.00218	0.00530	0.00838	0.00831	0.01059
21	0.00901	0.00663	0.00847	0.00960	0.01059	0.00615	0.00692	0.01074	0.01460	0.01913	0.09633	0.46503	0.15657	0.03964	0.00956	0.00286	0.00432	0.11152	0.00651	0.00585
22	0.04052	0.01622	0.02198	0.13337	0.30547	0.05892	0.01672	0.07987	0.13952	0.05586	0.01761	0.02180	0.01415	0.00790	0.00699	0.00221	0.00787	0.03810	0.00476	0.01017
23	0.01781	0.01594	0.01599	0.01440	0.01832	0.05437	0.01117	0.03660	0.66320	0.02856	0.02748	0.02533	0.02066	0.00935	0.00706	0.00234	0.00589	0.00771	0.00692	0.01089
24	0.01120	0.00763	0.00968	0.00902	0.01100	0.00705	0.00681	0.01475	0.04040	0.06858	0.55915	0.07205	0.12730	0.01435	0.00814	0.00223	0.00357	0.01257	0.00756	0.00695
25	0.01497	0.01270	0.01474	0.01057	0.01675	0.00982	0.00848	0.04543	0.01523	0.02362	0.01258	0.01457	0.01040	0.00530	0.00524	0.00108	0.00527	0.00422	0.00425	0.76477
26	0.02149	0.01830	0.01626	0.01366	0.01749	0.16158	0.01070	0.30952	0.07531	0.03106	0.01975	0.02206	0.03824	0.06037	0.00849	0.00230	0.00750	0.00664	0.14995	0.00931
27	0.00849	0.00612	0.00804	0.00958	0.01009	0.00568	0.00642	0.00973	0.01349	0.01787	0.04011	0.71516	0.08012	0.02165	0.00887	0.00281	0.00402	0.01958	0.00648	0.00568
28	0.02111	0.01332	0.01573	0.01228	0.01751	0.01244	0.00988	0.10579	0.14841	0.22790	0.05601	0.02156	0.01746	0.00784	0.00644	0.00180	0.00566	0.00638	0.00653	0.28596
29	0.06881	0.52097	0.21339	0.01384	0.02084	0.02384	0.01528	0.02119	0.01417	0.01888	0.01044	0.01213	0.00883	0.00618	0.00503	0.00172	0.00807	0.00411	0.00306	0.00922
30	0.05109	0.00774	0.00768	0.00729	0.00932	0.00799	0.00559	0.06315	0.01577	0.02751	0.02173	0.02468	0.01698	0.00807	0.00500	0.00168	0.00366	0.00636	0.70177	0.00693
31	0.00952	0.00654	0.00795	0.00856	0.00877	0.00644	0.00527	0.01009	0.01140	0.01525	0.02800	0.30832	0.03279	0.44918	0.05657	0.00549	0.00628	0.01365	0.00505	0.00486
32	0.18622	0.01512	0.01593	0.07196	0.04108	0.03680	0.01132	0.18522	0.20759	0.03160	0.10765	0.02280	0.02025	0.00882	0.00659	0.00221	0.00632	0.00696	0.00602	0.00957
33	0.01597	0.01946	0.09664	0.05923	0.06749	0.05021	0.38676	0.02080	0.01525	0.02079	0.01418	0.05556	0.01194	0.00790	0.01019	0.00243	0.12485	0.00784	0.00353	0.00897
34	0.01012	0.00687	0.00814	0.00814	0.00832	0.00705	0.00489	0.01049	0.01030	0.01392	0.02151	0.04300	0.02421	0.65211	0.13659	0.00742	0.00851	0.00976	0.00416	0.00452
35	0.00991	0.00692	0.00825	0.00809	0.00956	0.00641	0.00582	0.01233	0.01668	0.02343	0.36805	0.09926	0.16977	0.11422	0.01153	0.00281	0.00385	0.01241	0.10462	0.00607
36	0.01692	0.01833	0.01932	0.01697	0.01841	0.20012	0.03430	0.01884	0.01342	0.01697	0.01286	0.01812	0.02540	0.01859	0.15390	0.00427	0.37615	0.00620	0.00341	0.00750
37	0.05202	0.01447	0.04836	0.03851	0.01981	0.01319	0.01168	0.15911	0.04290	0.46542	0.04521	0.02239	0.01692	0.00858	0.00695	0.00216	0.00648	0.00687	0.00765	0.01133
38	0.01360	0.01278	0.02114	0.54571	0.14499	0.01525	0.01852	0.01788	0.01441	0.01900	0.04315	0.02122	0.03462	0.00775	0.00777	0.00232	0.04156	0.00674	0.00345	0.00814
