[name]
unknown

[dist]
# distance from previous block
# <min> <max>
0	50

[block]
# block no. 0 follows, 29 sequences, length 30
# corresponding to MSA columns:
# 53-82
name=unknown_A
#
# <colnr> <probs for GDERKNQSTAVLIFYWHMCP>
#	G	D	E	R	K	N	Q	S	T	A	V	L	I	F	Y	W	H	M	C	P
0	0.01301	0.00936	0.01245	0.01344	0.01548	0.00957	0.01168	0.08056	0.01808	0.02364	0.03567	0.07408	0.03813	0.01857	0.00957	0.00317	0.00668	0.59316	0.00661	0.00710
1	0.01850	0.40689	0.29328	0.01533	0.02306	0.02198	0.01741	0.02311	0.01527	0.08741	0.01279	0.01407	0.00993	0.00662	0.00566	0.00187	0.00857	0.00469	0.00360	0.00996
2	0.01148	0.00794	0.00988	0.00910	0.01123	0.00731	0.00692	0.03645	0.01995	0.06219	0.53734	0.05311	0.17076	0.01465	0.00830	0.00226	0.00369	0.01273	0.00766	0.00705
3	0.01444	0.01222	0.01444	0.01080	0.01667	0.00936	0.00874	0.01762	0.01493	0.02302	0.01513	0.02124	0.01355	0.00669	0.00572	0.00127	0.00540	0.06868	0.00445	0.71564
4	0.01734	0.08923	0.02896	0.11112	0.57035	0.01792	0.02069	0.02143	0.01584	0.02210	0.01297	0.01715	0.01088	0.00640	0.00681	0.00208	0.00848	0.00609	0.00344	0.01072
5	0.01739	0.56568	0.14257	0.01316	0.01953	0.02420	0.01390	0.02074	0.01512	0.01884	0.07862	0.01612	0.01485	0.00704	0.00530	0.00171	0.00766	0.00494	0.00351	0.00912
6	0.01716	0.01802	0.03579	0.02620	0.03218	0.01795	0.50418	0.08652	0.01753	0.02400	0.01466	0.01944	0.01140	0.01075	0.06935	0.00319	0.07033	0.00797	0.00393	0.00943
7	0.00949	0.00747	0.00875	0.00936	0.01137	0.00673	0.00750	0.01179	0.01627	0.02020	0.08337	0.11470	0.42192	0.01870	0.00892	0.00271	0.00459	0.22331	0.00664	0.00620
8	0.02569	0.01595	0.01814	0.01459	0.01970	0.01695	0.01183	0.26954	0.23745	0.25475	0.02440	0.02239	0.01693	0.00899	0.00717	0.00225	0.00657	0.00717	0.00771	0.01185
9	0.01921	0.01471	0.01558	0.01370	0.01774	0.03844	0.01072	0.05792	0.47949	0.11780	0.07288	0.02943	0.06022	0.01020	0.00734	0.00235	0.00575	0.00845	0.00733	0.01074
10	0.00868	0.00620	0.00826	0.00991	0.01033	0.00578	0.00661	0.00991	0.01363	0.01818	0.03925	0.74510	0.04710	0.02231	0.00909	0.00289	0.00413	0.02024	0.00661	0.00578
11	0.00914	0.00674	0.00866	0.01002	0.01101	0.00626	0.00728	0.01085	0.01459	0.01893	0.04476	0.50535	0.16137	0.02108	0.00911	0.00288	0.00448	0.13494	0.00660	0.00596
12	0.01732	0.49479	0.28150	0.01512	0.02281	0.02397	0.01729	0.02177	0.01467	0.01885	0.01094	0.01273	0.00910	0.00634	0.00536	0.00179	0.00867	0.00433	0.00303	0.00964
13	0.01735	0.01788	0.02183	0.01855	0.01976	0.11429	0.05176	0.04845	0.01369	0.01904	0.01156	0.03914	0.01099	0.01143	0.01855	0.00281	0.52199	0.00660	0.02630	0.00805
14	0.70851	0.01468	0.04234	0.01010	0.01486	0.01559	0.00875	0.02201	0.01286	0.08132	0.01138	0.01265	0.00850	0.00678	0.00471	0.00221	0.00577	0.00416	0.00467	0.00816
15	0.00868	0.00620	0.00826	0.00991	0.01033	0.00578	0.00661	0.00991	0.01363	0.01818	0.03925	0.74510	0.04710	0.02231	0.00909	0.00289	0.00413	0.02024	0.00661	0.00578
16	0.01136	0.00865	0.01178	0.01130	0.01223	0.01009	0.00842	0.03586	0.01185	0.01680	0.01899	0.03166	0.01906	0.24648	0.43079	0.00899	0.08734	0.00822	0.00400	0.00612
17	0.02516	0.14879	0.02270	0.01550	0.02057	0.19459	0.01275	0.26093	0.09473	0.11074	0.01690	0.01691	0.01254	0.00797	0.00653	0.00199	0.00860	0.00577	0.00578	0.01055
18	0.02707	0.01995	0.02137	0.01638	0.02208	0.02208	0.01353	0.68159	0.03348	0.04488	0.01710	0.01710	0.01211	0.00855	0.00712	0.00214	0.00784	0.00641	0.00712	0.01211
19	0.03195	0.01212	0.01652	0.01267	0.01818	0.01047	0.01047	0.03470	0.02038	0.71026	0.02809	0.02424	0.01763	0.00881	0.00716	0.00220	0.00606	0.00716	0.00881	0.01212
20	0.01637	0.02228	0.15911	0.02832	0.03610	0.01775	0.56547	0.02276	0.01650	0.02276	0.01412	0.01848	0.01049	0.00614	0.00812	0.00238	0.01175	0.00786	0.00350	0.00976
21	0.01058	0.00777	0.01031	0.01165	0.01328	0.00750	0.00978	0.01333	0.01602	0.02055	0.04410	0.16080	0.16094	0.01970	0.00949	0.00307	0.00572	0.46247	0.00657	0.00636
22	0.00868	0.00620	0.00826	0.00991	0.01033	0.00578	0.00661	0.00991	0.01363	0.01818	0.03925	0.74510	0.04710	0.02231	0.00909	0.00289	0.00413	0.02024	0.00661	0.00578
23	0.80005	0.01377	0.01047	0.00936	0.01377	0.01597	0.00771	0.02093	0.01212	0.03195	0.00991	0.01157	0.00771	0.00661	0.00441	0.00220	0.00551	0.00386	0.00441	0.00771
24	0.01711	0.01067	0.01138	0.00987	0.01254	0.01157	0.00782	0.19568	0.01972	0.03100	0.02087	0.02344	0.01614	0.00858	0.00649	0.00186	0.04183	0.00656	0.53870	0.00817
25	0.01036	0.00690	0.00777	0.00777	0.00777	0.00690	0.00431	0.01036	0.01036	0.01381	0.02244	0.04660	0.02589	0.74975	0.03624	0.00690	0.00690	0.01036	0.00431	0.00431
26	0.01015	0.00657	0.00879	0.01009	0.01083	0.00608	0.00685	0.01149	0.01406	0.06211	0.03854	0.69934	0.04523	0.02145	0.00897	0.00285	0.00425	0.01941	0.00675	0.00619
27	0.01008	0.00728	0.00952	0.00896	0.01064	0.00672	0.00672	0.01344	0.02016	0.02855	0.70158	0.05319	0.06719	0.01456	0.00840	0.00224	0.00336	0.01288	0.00784	0.00672
28	0.02707	0.01995	0.02137	0.01638	0.02208	0.02208	0.01353	0.68159	0.03348	0.04488	0.01710	0.01710	0.01211	0.00855	0.00712	0.00214	0.00784	0.00641	0.00712	0.01211
29	0.02707	0.01995	0.02137	0.01638	0.02208	0.02208	0.01353	0.68159	0.03348	0.04488	0.01710	0.01710	0.01211	0.00855	0.00712	0.00214	0.00784	0.00641	0.00712	0.01211

[dist]
# distance from previous block
# <min> <max>
0	2

[block]
# block no. 1 follows, 29 sequences, length 50
# corresponding to MSA columns:
# 85-134
name=unknown_B
#
# <colnr> <probs for GDERKNQSTAVLIFYWHMCP>
#	G	D	E	R	K	N	Q	S	T	A	V	L	I	F	Y	W	H	M	C	P
0	0.01545	0.00852	0.01095	0.00963	0.01242	0.00757	0.00747	0.01840	0.01958	0.20287	0.42644	0.04819	0.15678	0.01364	0.00808	0.00226	0.00410	0.01175	0.00789	0.00800
1	0.02591	0.02932	0.01990	0.01737	0.02148	0.51772	0.01333	0.18810	0.02327	0.02425	0.01521	0.01635	0.04061	0.00811	0.00668	0.00193	0.01120	0.00550	0.00465	0.00910
2	0.07736	0.01304	0.01522	0.01252	0.01690	0.04457	0.00998	0.08612	0.01906	0.36960	0.02524	0.15063	0.02052	0.01078	0.00753	0.00223	0.02473	0.00882	0.00718	0.07796
3	0.01493	0.13450	0.62086	0.01919	0.02911	0.01812	0.02439	0.02238	0.01496	0.02176	0.01239	0.01454	0.00904	0.00667	0.00647	0.00216	0.01013	0.00506	0.00301	0.01033
4	0.02018	0.01549	0.01680	0.01435	0.01867	0.01733	0.01136	0.18325	0.44147	0.07857	0.08124	0.02642	0.02297	0.00975	0.00731	0.00232	0.00598	0.00801	0.00737	0.01115
5	0.02536	0.02142	0.01986	0.01612	0.02104	0.16094	0.01293	0.42845	0.10207	0.05934	0.04787	0.01912	0.01520	0.00870	0.00705	0.00211	0.00834	0.00654	0.00653	0.01100
6	0.01442	0.01229	0.01440	0.01051	0.01650	0.00928	0.00833	0.01748	0.01470	0.02292	0.01416	0.05606	0.01261	0.00624	0.00549	0.00116	0.00521	0.00512	0.00435	0.74875
7	0.01631	0.01694	0.02354	0.01970	0.02056	0.06101	0.07548	0.01829	0.01196	0.01767	0.00990	0.01575	0.00947	0.01159	0.02106	0.00298	0.63029	0.00633	0.00319	0.00798
8	0.00878	0.00638	0.00829	0.00960	0.01030	0.00589	0.00652	0.01026	0.01445	0.01922	0.10286	0.62533	0.10335	0.02124	0.00897	0.00279	0.00402	0.01913	0.00672	0.00589
9	0.01762	0.01692	0.02890	0.04371	0.70533	0.01692	0.02185	0.02185	0.01621	0.02326	0.01339	0.01762	0.01128	0.00634	0.00705	0.00211	0.00846	0.00634	0.00352	0.01128
10	0.03021	0.01270	0.01661	0.01298	0.01833	0.01161	0.01064	0.05321	0.09640	0.61500	0.02788	0.02430	0.01793	0.00890	0.00717	0.00223	0.00606	0.00724	0.00859	0.01202
11	0.01428	0.03683	0.71286	0.02030	0.03082	0.01654	0.02631	0.02255	0.01503	0.02255	0.01278	0.01503	0.00902	0.00677	0.00677	0.00226	0.01052	0.00526	0.00301	0.01052
12	0.02640	0.02842	0.02042	0.01752	0.02190	0.45458	0.01358	0.25149	0.05172	0.02728	0.01380	0.01484	0.01068	0.00784	0.00669	0.00196	0.01085	0.00535	0.00499	0.00969
13	0.00868	0.00620	0.00826	0.00991	0.01033	0.00578	0.00661	0.00991	0.01363	0.01818	0.03925	0.74510	0.04710	0.02231	0.00909	0.00289	0.00413	0.02024	0.00661	0.00578
14	0.01090	0.00781	0.00941	0.00893	0.01105	0.00716	0.00672	0.01445	0.05074	0.05721	0.41394	0.09423	0.24979	0.01552	0.00833	0.00233	0.00371	0.01343	0.00742	0.00693
15	0.00875	0.00629	0.00817	0.00964	0.01015	0.00585	0.00642	0.00996	0.01362	0.01802	0.04035	0.66880	0.08514	0.05945	0.01044	0.00307	0.00424	0.01942	0.00649	0.00572
16	0.00907	0.00671	0.00905	0.01040	0.01083	0.00668	0.00714	0.01039	0.01340	0.01805	0.03688	0.67655	0.04392	0.02334	0.04390	0.00331	0.03918	0.01898	0.00631	0.00591
17	0.80005	0.01377	0.01047	0.00936	0.01377	0.01597	0.00771	0.02093	0.01212	0.03195	0.00991	0.01157	0.00771	0.00661	0.00441	0.00220	0.00551	0.00386	0.00441	0.00771
18	0.01904	0.75404	0.03731	0.01218	0.01828	0.02818	0.01218	0.02132	0.01447	0.01675	0.00990	0.01142	0.00914	0.00609	0.00457	0.00152	0.00761	0.00381	0.00305	0.00914
19	0.02902	0.01414	0.01735	0.01349	0.01880	0.01380	0.01108	0.20611	0.06163	0.46453	0.02500	0.02257	0.01642	0.00877	0.00706	0.00217	0.00639	0.00699	0.04286	0.01183
20	0.00942	0.00669	0.00860	0.00987	0.01039	0.00640	0.00656	0.03023	0.01386	0.01849	0.03669	0.64452	0.04365	0.10377	0.01209	0.00332	0.00455	0.01871	0.00637	0.00581
21	0.01027	0.00692	0.00800	0.00806	0.00819	0.00693	0.00469	0.01054	0.01089	0.01463	0.04705	0.07619	0.02793	0.66323	0.06275	0.00676	0.00717	0.01076	0.00452	0.00455
22	0.01425	0.01337	0.02143	0.59564	0.04334	0.01698	0.01890	0.04101	0.01438	0.01895	0.01229	0.01838	0.00956	0.00801	0.00967	0.00248	0.12371	0.00632	0.00329	0.00804
23	0.01611	0.25047	0.40361	0.01937	0.02804	0.02028	0.12468	0.02222	0.01514	0.02084	0.01217	0.01460	0.00934	0.00644	0.00636	0.00206	0.00988	0.00532	0.00311	0.00996
24	0.01470	0.01393	0.02362	0.52614	0.24576	0.01615	0.02040	0.01929	0.01483	0.01971	0.01288	0.01858	0.01003	0.00689	0.00710	0.00230	0.00918	0.00633	0.00327	0.00892
25	0.01445	0.06226	0.68891	0.02001	0.03037	0.01695	0.02581	0.02251	0.01501	0.02234	0.01268	0.01491	0.00902	0.00674	0.00669	0.00223	0.01042	0.00521	0.00301	0.01047
26	0.01070	0.00833	0.01216	0.01187	0.01292	0.00998	0.00920	0.01296	0.01131	0.01639	0.01839	0.02814	0.01758	0.09982	0.60581	0.01033	0.08626	0.00769	0.00378	0.00635
27	0.01413	0.01336	0.02260	0.61928	0.15703	0.01600	0.02012	0.01880	0.01456	0.01903	0.01278	0.01876	0.00979	0.00699	0.00711	0.00233	0.00932	0.00633	0.00322	0.00846
28	0.01345	0.01266	0.02136	0.73264	0.04904	0.01582	0.01978	0.01819	0.01424	0.01819	0.01266	0.01898	0.00949	0.00712	0.00712	0.00237	0.00949	0.00633	0.00316	0.00791
29	0.03195	0.01212	0.01652	0.01267	0.01818	0.01047	0.01047	0.03470	0.02038	0.71026	0.02809	0.02424	0.01763	0.00881	0.00716	0.00220	0.00606	0.00716	0.00881	0.01212
30	0.00849	0.00722	0.00731	0.00729	0.00966	0.00604	0.00547	0.01036	0.01640	0.01964	0.09929	0.06787	0.67504	0.01788	0.00841	0.00240	0.00360	0.01494	0.00667	0.00604
31	0.01626	0.01679	0.02269	0.01922	0.01977	0.06118	0.04729	0.01805	0.01171	0.01742	0.00968	0.01560	0.00941	0.01186	0.02169	0.00301	0.66106	0.00624	0.00317	0.00790
32	0.01820	0.01356	0.01494	0.01325	0.01712	0.01485	0.01042	0.06090	0.44940	0.10986	0.08207	0.03350	0.08594	0.01098	0.00751	0.00239	0.00547	0.03183	0.00739	0.01043
33	0.01017	0.00763	0.01144	0.01144	0.01272	0.00890	0.00890	0.01272	0.01144	0.01653	0.01907	0.02797	0.01780	0.05340	0.72153	0.01144	0.01907	0.00763	0.00381	0.00636
34	0.01762	0.01692	0.02890	0.04371	0.70533	0.01692	0.02185	0.02185	0.01621	0.02326	0.01339	0.01762	0.01128	0.00634	0.00705	0.00211	0.00846	0.00634	0.00352	0.01128
35	0.01681	0.01921	0.04202	0.03001	0.03721	0.01801	0.67947	0.02281	0.01681	0.02281	0.01441	0.01921	0.01080	0.00600	0.00840	0.00240	0.01200	0.00840	0.00360	0.00960
36	0.03172	0.01249	0.01676	0.01285	0.01836	0.01102	0.01061	0.06559	0.02101	0.67849	0.02757	0.02390	0.01736	0.00880	0.00716	0.00220	0.00614	0.00712	0.00873	0.01212
37	0.00879	0.00628	0.00840	0.01005	0.01051	0.00588	0.00681	0.01012	0.01375	0.01831	0.03918	0.71730	0.04684	0.02220	0.00912	0.00291	0.00423	0.04689	0.00661	0.00582
38	0.01646	0.01818	0.03627	0.02680	0.03195	0.01909	0.49081	0.02120	0.01513	0.02120	0.01297	0.01818	0.01039	0.00784	0.01266	0.00260	0.21795	0.00779	0.00346	0.00909
39	0.01228	0.00977	0.01346	0.01254	0.01339	0.01221	0.00989	0.01444	0.01174	0.01806	0.01712	0.02560	0.01603	0.09115	0.34566	0.00706	0.22852	0.00728	0.12713	0.00666
40	0.01310	0.01132	0.01468	0.01353	0.01447	0.04280	0.01078	0.01529	0.01202	0.01791	0.01600	0.02347	0.01484	0.05322	0.34310	0.00684	0.26333	0.00698	0.09941	0.00690
41	0.01740	0.01572	0.02546	0.17172	0.47100	0.01654	0.01976	0.02353	0.09510	0.05064	0.01567	0.01920	0.01241	0.00698	0.00709	0.00220	0.00823	0.00657	0.00410	0.01066
42	0.01054	0.00946	0.01072	0.12269	0.01719	0.04202	0.00900	0.01300	0.01605	0.01926	0.05373	0.08122	0.44171	0.01619	0.00835	0.00252	0.00543	0.10853	0.00592	0.00649
43	0.00906	0.00742	0.00791	0.00786	0.01000	0.00652	0.00579	0.01156	0.03778	0.02064	0.16009	0.09630	0.52309	0.05240	0.00974	0.00262	0.00382	0.01452	0.00670	0.00619
44	0.01577	0.01325	0.01531	0.01102	0.01730	0.01052	0.00885	0.07224	0.01630	0.02498	0.01302	0.01496	0.01067	0.00554	0.00542	0.00114	0.00548	0.00440	0.00446	0.72936
45	0.01748	0.01677	0.02864	0.06788	0.68230	0.01688	0.02178	0.02172	0.01614	0.02309	0.01337	0.01767	0.01122	0.00637	0.00705	0.00212	0.00850	0.00634	0.00351	0.01116
46	0.01649	0.01833	0.03827	0.02767	0.03439	0.01742	0.59320	0.02345	0.07207	0.02321	0.01830	0.02212	0.04411	0.00687	0.00831	0.00240	0.01109	0.00868	0.00404	0.00957
47	0.02509	0.02829	0.01946	0.01710	0.02114	0.48745	0.01311	0.16006	0.07867	0.02408	0.01665	0.01750	0.04391	0.00829	0.00673	0.00197	0.01079	0.00574	0.00480	0.00918
48	0.02629	0.01519	0.01878	0.01477	0.02002	0.01524	0.03547	0.29899	0.02497	0.30124	0.02342	0.02698	0.01740	0.00966	0.00740	0.00225	0.00702	0.07995	0.00746	0.04747
49	0.10044	0.01608	0.01712	0.01429	0.01903	0.01787	0.01147	0.22275	0.34603	0.12249	0.02351	0.02202	0.01701	0.00892	0.00692	0.00229	0.00632	0.00704	0.00713	0.01127

[dist]
# distance from previous block
# <min> <max>
9	15

[block]
# block no. 2 follows, 29 sequences, length 40
# corresponding to MSA columns:
# 150-189
name=unknown_C
#
# <colnr> <probs for GDERKNQSTAVLIFYWHMCP>
#	G	D	E	R	K	N	Q	S	T	A	V	L	I	F	Y	W	H	M	C	P
0	0.02707	0.01995	0.02137	0.01638	0.02208	0.02208	0.01353	0.68159	0.03348	0.04488	0.01710	0.01710	0.01211	0.00855	0.00712	0.00214	0.00784	0.00641	0.00712	0.01211
1	0.02707	0.01995	0.02137	0.01638	0.02208	0.02208	0.01353	0.68159	0.03348	0.04488	0.01710	0.01710	0.01211	0.00855	0.00712	0.00214	0.00784	0.00641	0.00712	0.01211
2	0.01399	0.01176	0.01390	0.01028	0.01584	0.00903	0.00815	0.01718	0.01566	0.02409	0.12693	0.02114	0.01994	0.00681	0.00579	0.00125	0.00496	0.00566	0.00482	0.66281
3	0.02663	0.03312	0.02025	0.01823	0.02202	0.68037	0.01375	0.06655	0.02095	0.01903	0.01136	0.01309	0.00934	0.00741	0.00646	0.00185	0.01255	0.00469	0.00387	0.00848
4	0.02518	0.01720	0.01866	0.01456	0.01963	0.04154	0.01180	0.43515	0.02764	0.15029	0.05893	0.02183	0.01686	0.05164	0.00876	0.00236	0.00725	0.00695	0.00700	0.05680
5	0.01310	0.00900	0.01012	0.00948	0.01078	0.00932	0.00641	0.12229	0.01526	0.02093	0.02544	0.12177	0.05226	0.41691	0.05389	0.00520	0.00681	0.01060	0.07429	0.00614
6	0.05435	0.03028	0.01987	0.01751	0.02158	0.56375	0.01338	0.12660	0.02190	0.04866	0.01254	0.01387	0.00989	0.00755	0.00648	0.00191	0.01157	0.00493	0.00441	0.00896
7	0.06092	0.00894	0.00922	0.00893	0.01131	0.03465	0.00687	0.01373	0.01703	0.04995	0.20903	0.05760	0.37391	0.04115	0.00911	0.00255	0.00449	0.06734	0.00666	0.00661
8	0.02503	0.01848	0.01981	0.01530	0.02071	0.02013	0.01258	0.59347	0.03110	0.04189	0.02030	0.02029	0.05251	0.00895	0.00705	0.00209	0.00734	0.00683	0.03090	0.04525
9	0.11359	0.01201	0.01430	0.01175	0.01621	0.01160	0.00943	0.02837	0.13680	0.33122	0.15065	0.02784	0.02589	0.00950	0.00694	0.00216	0.00536	0.00777	0.00749	0.07113
10	0.00868	0.00717	0.00747	0.00747	0.00962	0.00612	0.00549	0.01049	0.01614	0.01967	0.12105	0.08623	0.59005	0.06057	0.01006	0.00267	0.00379	0.01473	0.00658	0.00596
11	0.02660	0.03394	0.02018	0.01834	0.02201	0.72116	0.01376	0.02843	0.02018	0.01743	0.01101	0.01284	0.00917	0.00734	0.00642	0.00183	0.01284	0.00459	0.00367	0.00825
12	0.01456	0.07892	0.67322	0.01982	0.03008	0.01722	0.02548	0.02248	0.01500	0.02221	0.01261	0.01482	0.00903	0.00673	0.00664	0.00221	0.01035	0.00518	0.00301	0.01044
13	0.02660	0.03394	0.02018	0.01834	0.02201	0.72116	0.01376	0.02843	0.02018	0.01743	0.01101	0.01284	0.00917	0.00734	0.00642	0.00183	0.01284	0.00459	0.00367	0.00825
14	0.01428	0.03683	0.71286	0.02030	0.03082	0.01654	0.02631	0.02255	0.01503	0.02255	0.01278	0.01503	0.00902	0.00677	0.00677	0.00226	0.01052	0.00526	0.00301	0.01052
15	0.01008	0.00728	0.00952	0.00896	0.01064	0.00672	0.00672	0.01344	0.02016	0.02855	0.70158	0.05319	0.06719	0.01456	0.00840	0.00224	0.00336	0.01288	0.00784	0.00672
16	0.01681	0.01608	0.02743	0.17862	0.57682	0.01670	0.02145	0.02114	0.01583	0.02227	0.01325	0.01789	0.01093	0.00650	0.00706	0.00217	0.00866	0.00634	0.00345	0.01062
17	0.01035	0.00693	0.00790	0.00790	0.00795	0.00698	0.00448	0.01044	0.01039	0.01391	0.02231	0.04592	0.02559	0.72451	0.06109	0.00707	0.00734	0.01026	0.00430	0.00439
18	0.01747	0.01676	0.02862	0.06968	0.68059	0.01688	0.02177	0.02172	0.01614	0.02307	0.01337	0.01767	0.01121	0.00637	0.00705	0.00212	0.00850	0.00634	0.00351	0.01115
19	0.00853	0.00722	0.00737	0.00734	0.00969	0.00606	0.00550	0.01044	0.01650	0.01989	0.11599	0.06746	0.65819	0.01779	0.00841	0.00239	0.00359	0.01488	0.00670	0.00606
20	0.03195	0.01212	0.01652	0.01267	0.01818	0.01047	0.01047	0.03470	0.02038	0.71026	0.02809	0.02424	0.01763	0.00881	0.00716	0.00220	0.00606	0.00716	0.00881	0.01212
21	0.02608	0.01930	0.02072	0.01609	0.02155	0.02137	0.01321	0.63343	0.05931	0.04338	0.01831	0.04163	0.01366	0.00905	0.00719	0.00217	0.00762	0.00694	0.00711	0.01187
22	0.01763	0.01100	0.01155	0.00998	0.01292	0.01169	0.00786	0.23528	0.02099	0.03225	0.02185	0.05203	0.01738	0.00894	0.00585	0.00187	0.00484	0.00710	0.50060	0.00840
23	0.01473	0.01436	0.02017	0.01757	0.01773	0.01980	0.01451	0.01639	0.01106	0.01710	0.01148	0.04221	0.01161	0.01742	0.10167	0.00405	0.63039	0.00687	0.00332	0.00756
24	0.03721	0.01014	0.01112	0.00971	0.01199	0.01046	0.00706	0.14903	0.01733	0.09474	0.02184	0.03186	0.01967	0.29758	0.01781	0.00387	0.00595	0.00802	0.22719	0.00741
25	0.02848	0.01258	0.01616	0.01262	0.01752	0.01165	0.01021	0.12369	0.02135	0.52715	0.05283	0.02634	0.01954	0.07429	0.00977	0.00261	0.00628	0.00756	0.00814	0.01121
26	0.00865	0.00630	0.00816	0.00965	0.01026	0.00581	0.00649	0.00994	0.01389	0.01828	0.04244	0.67943	0.11071	0.02189	0.00902	0.00284	0.00408	0.01974	0.00661	0.00581
27	0.13040	0.02719	0.01907	0.01654	0.02083	0.43068	0.01282	0.19315	0.04026	0.02666	0.01288	0.01411	0.01005	0.00761	0.00635	0.00198	0.01040	0.00504	0.00474	0.00924
28	0.01463	0.08995	0.66283	0.01969	0.02989	0.01740	0.02526	0.02246	0.01499	0.02212	0.01257	0.01477	0.00903	0.00672	0.00660	0.00220	0.01031	0.00515	0.00301	0.01042
29	0.02280	0.02645	0.01837	0.01671	0.02035	0.45518	0.01268	0.03051	0.23392	0.02131	0.01721	0.01810	0.01368	0.01078	0.04865	0.00258	0.01091	0.00587	0.00482	0.00910
30	0.10694	0.01454	0.02313	0.31697	0.33895	0.01606	0.01892	0.02002	0.01506	0.02238	0.03313	0.01852	0.01180	0.00693	0.00681	0.00223	0.00838	0.00624	0.00361	0.00937
31	0.02901	0.01172	0.01580	0.01222	0.01743	0.01008	0.01001	0.03184	0.02004	0.60984	0.08710	0.02626	0.02162	0.00912	0.00716	0.00214	0.00577	0.00750	0.00846	0.05688
32	0.03195	0.01212	0.01652	0.01267	0.01818	0.01047	0.01047	0.03470	0.02038	0.71026	0.02809	0.02424	0.01763	0.00881	0.00716	0.00220	0.00606	0.00716	0.00881	0.01212
33	0.00862	0.00640	0.00805	0.00937	0.01018	0.00583	0.00637	0.00998	0.01416	0.01839	0.04589	0.60835	0.17956	0.02144	0.00895	0.00279	0.00403	0.01919	0.00661	0.00583
34	0.01949	0.00972	0.01274	0.01106	0.01424	0.00891	0.00858	0.05989	0.01970	0.29893	0.25957	0.17967	0.04019	0.01349	0.00797	0.00235	0.00485	0.01172	0.00794	0.00899
35	0.01428	0.03683	0.71286	0.02030	0.03082	0.01654	0.02631	0.02255	0.01503	0.02255	0.01278	0.01503	0.00902	0.00677	0.00677	0.00226	0.01052	0.00526	0.00301	0.01052
36	0.01135	0.00811	0.01133	0.01297	0.01456	0.00809	0.01126	0.01454	0.01627	0.02117	0.03777	0.10963	0.04125	0.01979	0.00980	0.00326	0.00645	0.62932	0.00656	0.00652
37	0.01484	0.12045	0.63409	0.01935	0.02936	0.01789	0.02466	0.02241	0.01497	0.02187	0.01244	0.01461	0.00903	0.00669	0.00651	0.00217	0.01018	0.00509	0.00301	0.01036
38	0.55542	0.01627	0.01368	0.01157	0.01627	0.05799	0.00946	0.17019	0.01766	0.05720	0.01221	0.01332	0.00912	0.00716	0.00523	0.00217	0.00647	0.00458	0.00512	0.00888
39	0.00877	0.00723	0.00770	0.00758	0.00983	0.00616	0.00569	0.01090	0.01706	0.02120	0.20487	0.06529	0.56848	0.01730	0.00841	0.00237	0.00355	0.01457	0.00687	0.00616

[dist]
# distance from previous block
# <min> <max>
0	2

[block]
# block no. 3 follows, 29 sequences, length 407
# corresponding to MSA columns:
# 192-598
name=unknown_D
#
# <colnr> <probs for GDERKNQSTAVLIFYWHMCP>
#	G	D	E	R	K	N	Q	S	T	A	V	L	I	F	Y	W	H	M	C	P
0	0.01762	0.01692	0.02890	0.04371	0.70533	0.01692	0.02185	0.02185	0.01621	0.02326	0.01339	0.01762	0.01128	0.00634	0.00705	0.00211	0.00846	0.00634	0.00352	0.01128
1	0.02564	0.01301	0.01611	0.01313	0.01780	0.01276	0.01065	0.11915	0.13813	0.40271	0.07872	0.05149	0.02320	0.01021	0.00743	0.00230	0.00598	0.03237	0.00808	0.01115
2	0.01345	0.01266	0.02136	0.73264	0.04904	0.01582	0.01978	0.01819	0.01424	0.01819	0.01266	0.01898	0.00949	0.00712	0.00712	0.00237	0.00949	0.00633	0.00316	0.00791
3	0.02545	0.02894	0.01982	0.01747	0.02154	0.50305	0.01338	0.14283	0.11524	0.02389	0.01454	0.01547	0.01141	0.00787	0.00666	0.00197	0.01098	0.00538	0.00476	0.00934
4	0.00868	0.00620	0.00826	0.00991	0.01033	0.00578	0.00661	0.00991	0.01363	0.01818	0.03925	0.74510	0.04710	0.02231	0.00909	0.00289	0.00413	0.02024	0.00661	0.00578
5	0.01787	0.02203	0.18388	0.02533	0.03304	0.01657	0.44116	0.02391	0.01675	0.09897	0.01551	0.01871	0.01116	0.00646	0.00781	0.00230	0.01080	0.00744	0.00407	0.03624
6	0.01147	0.00820	0.01147	0.01311	0.01475	0.00820	0.01147	0.01475	0.01639	0.02131	0.03770	0.08032	0.04098	0.01967	0.00984	0.00328	0.00656	0.65741	0.00656	0.00656
7	0.02583	0.02996	0.02052	0.01801	0.02177	0.53923	0.01386	0.14706	0.02190	0.02243	0.01199	0.01383	0.00972	0.00796	0.00786	0.00199	0.06785	0.00505	0.00426	0.00892
8	0.00863	0.00637	0.00808	0.00945	0.01021	0.00582	0.00640	0.00997	0.01408	0.01836	0.04494	0.62795	0.16057	0.02157	0.00897	0.00281	0.00404	0.01934	0.00661	0.00582
9	0.00952	0.00691	0.00912	0.01063	0.01139	0.00669	0.00759	0.01191	0.04387	0.01919	0.03855	0.60767	0.04501	0.02133	0.00913	0.00293	0.00458	0.12121	0.00663	0.00615
10	0.01123	0.00814	0.01108	0.01258	0.01410	0.00817	0.01056	0.01487	0.04552	0.02110	0.03761	0.20126	0.04127	0.01972	0.00958	0.00317	0.00607	0.51076	0.00660	0.00662
11	0.49281	0.01311	0.01289	0.01069	0.01553	0.01377	0.00881	0.02644	0.01542	0.30327	0.01719	0.01663	0.01168	0.00749	0.00551	0.00220	0.00573	0.00518	0.00617	0.00947
12	0.01762	0.01692	0.02890	0.04371	0.70533	0.01692	0.02185	0.02185	0.01621	0.02326	0.01339	0.01762	0.01128	0.00634	0.00705	0.00211	0.00846	0.00634	0.00352	0.01128
13	0.00868	0.00620	0.00826	0.00991	0.01033	0.00578	0.00661	0.00991	0.01363	0.01818	0.03925	0.74510	0.04710	0.02231	0.00909	0.00289	0.00413	0.02024	0.00661	0.00578
14	0.01128	0.00926	0.01357	0.01293	0.01394	0.01155	0.01027	0.01362	0.01133	0.01665	0.01708	0.02543	0.01607	0.04500	0.57823	0.00973	0.16638	0.00734	0.00367	0.00665
15	0.01345	0.01266	0.02136	0.73264	0.04904	0.01582	0.01978	0.01819	0.01424	0.01819	0.01266	0.01898	0.00949	0.00712	0.00712	0.00237	0.00949	0.00633	0.00316	0.00791
16	0.02196	0.02609	0.01780	0.01625	0.01929	0.49167	0.01233	0.04397	0.01875	0.01893	0.06067	0.01995	0.03761	0.01544	0.11625	0.00340	0.04152	0.00608	0.00415	0.00789
17	0.02656	0.01930	0.02079	0.01610	0.02167	0.02131	0.01325	0.60897	0.08201	0.06918	0.01840	0.01807	0.01304	0.00864	0.00713	0.00216	0.00760	0.00656	0.00720	0.01205
18	0.15039	0.01360	0.02081	0.48543	0.15913	0.01604	0.01805	0.01932	0.01422	0.02147	0.01231	0.01746	0.00950	0.00689	0.00664	0.00230	0.00862	0.00590	0.00344	0.00847
19	0.01485	0.01482	0.02343	0.01935	0.02079	0.01893	0.12668	0.01733	0.01200	0.01799	0.01189	0.01834	0.01106	0.01846	0.14173	0.00444	0.48992	0.00684	0.00332	0.00785
20	0.02243	0.02461	0.01799	0.01606	0.01994	0.37547	0.01229	0.09545	0.22963	0.02416	0.02210	0.02199	0.06903	0.00904	0.00691	0.00209	0.00936	0.00668	0.00536	0.00940
21	0.01345	0.01266	0.02136	0.73264	0.04904	0.01582	0.01978	0.01819	0.01424	0.01819	0.01266	0.01898	0.00949	0.00712	0.00712	0.00237	0.00949	0.00633	0.00316	0.00791
22	0.25649	0.01266	0.01418	0.01128	0.01624	0.01221	0.00915	0.05132	0.01715	0.36025	0.02010	0.02039	0.01411	0.05158	0.00784	0.00234	0.00592	0.00599	0.00662	0.10418
23	0.03162	0.01265	0.01686	0.01292	0.01844	0.01126	0.01067	0.07880	0.02127	0.66491	0.02734	0.02375	0.01725	0.00880	0.00716	0.00220	0.00618	0.00711	0.00870	0.01212
24	0.00910	0.00724	0.00816	0.00793	0.01004	0.00630	0.00595	0.01154	0.01784	0.02305	0.32975	0.06225	0.44245	0.01661	0.00841	0.00234	0.00351	0.01415	0.00711	0.00630
25	0.06140	0.01406	0.01682	0.01349	0.01860	0.01413	0.01097	0.12347	0.19132	0.41775	0.02601	0.02329	0.01747	0.00889	0.00706	0.00225	0.00617	0.00714	0.00799	0.01171
26	0.01248	0.00717	0.00753	0.00739	0.00889	0.00716	0.00529	0.03383	0.01455	0.02341	0.02764	0.03457	0.08827	0.15979	0.03904	0.00317	0.00480	0.00826	0.50051	0.00626
27	0.01020	0.00753	0.01092	0.01092	0.01201	0.00862	0.00825	0.01238	0.01129	0.01614	0.01955	0.03063	0.01895	0.15261	0.62391	0.01080	0.01734	0.00802	0.00389	0.00607
28	0.01701	0.01629	0.02780	0.14462	0.60920	0.01676	0.02155	0.02132	0.01592	0.02252	0.01329	0.01782	0.01102	0.00646	0.00706	0.00215	0.00861	0.00634	0.00347	0.01079
29	0.01428	0.03683	0.71286	0.02030	0.03082	0.01654	0.02631	0.02255	0.01503	0.02255	0.01278	0.01503	0.00902	0.00677	0.00677	0.00226	0.01052	0.00526	0.00301	0.01052
30	0.01327	0.00664	0.00664	0.00664	0.00830	0.00664	0.00498	0.01659	0.01493	0.02655	0.02323	0.02655	0.01825	0.00830	0.00498	0.00166	0.00332	0.00664	0.78928	0.00664
31	0.00866	0.00626	0.00819	0.00973	0.01028	0.00580	0.00653	0.00994	0.01381	0.01825	0.04145	0.69977	0.09101	0.02202	0.00904	0.00286	0.00410	0.01989	0.00661	0.00580
32	0.01345	0.01266	0.02136	0.73264	0.04904	0.01582	0.01978	0.01819	0.01424	0.01819	0.01266	0.01898	0.00949	0.00712	0.00712	0.00237	0.00949	0.00633	0.00316	0.00791
33	0.01729	0.01824	0.02637	0.02122	0.02345	0.08392	0.17044	0.04430	0.01396	0.01952	0.01097	0.01624	0.00978	0.01035	0.01774	0.00280	0.47498	0.00660	0.00343	0.00842
34	0.01315	0.00668	0.00683	0.00683	0.00847	0.00673	0.00513	0.01644	0.01479	0.02615	0.02306	0.02660	0.01823	0.01009	0.03352	0.00205	0.00395	0.00668	0.75800	0.00663
35	0.01456	0.01239	0.01444	0.01042	0.01645	0.00937	0.00825	0.01758	0.01456	0.02277	0.01311	0.01624	0.01126	0.03965	0.00670	0.00132	0.00535	0.00450	0.00422	0.75685
36	0.01061	0.00740	0.01031	0.01031	0.01146	0.00833	0.00776	0.01291	0.01176	0.01749	0.02008	0.03030	0.01895	0.14150	0.53378	0.00953	0.01534	0.00787	0.10819	0.00612
37	0.00979	0.00751	0.00882	0.00852	0.01038	0.00690	0.00627	0.01296	0.04464	0.02397	0.38663	0.07947	0.27958	0.07060	0.01046	0.00267	0.00382	0.01348	0.00709	0.00645
38	0.00894	0.00689	0.00804	0.00881	0.01021	0.00619	0.00633	0.01052	0.01482	0.01861	0.05282	0.32411	0.34360	0.07510	0.01090	0.00301	0.00432	0.07451	0.00643	0.00585
39	0.01444	0.06080	0.69029	0.02002	0.03040	0.01693	0.02584	0.02251	0.01501	0.02236	0.01268	0.01491	0.00902	0.00674	0.00669	0.00223	0.01043	0.00521	0.00301	0.01048
40	0.03195	0.01212	0.01652	0.01267	0.01818	0.01047	0.01047	0.03470	0.02038	0.71026	0.02809	0.02424	0.01763	0.00881	0.00716	0.00220	0.00606	0.00716	0.00881	0.01212
41	0.00864	0.00722	0.00753	0.00745	0.00976	0.00611	0.00559	0.01066	0.01677	0.02051	0.15843	0.06643	0.61535	0.01756	0.00841	0.00238	0.00357	0.01473	0.00678	0.00611
42	0.01155	0.00975	0.01007	0.00944	0.01237	0.00959	0.00724	0.04649	0.18222	0.02321	0.07800	0.05557	0.48698	0.01547	0.00807	0.00239	0.00428	0.01288	0.00683	0.00758
43	0.16472	0.01277	0.01570	0.01227	0.01760	0.01196	0.01013	0.06264	0.01956	0.56162	0.02443	0.02171	0.01565	0.00842	0.00668	0.00220	0.00605	0.00655	0.00797	0.01135
44	0.00868	0.00620	0.00826	0.00991	0.01033	0.00578	0.00661	0.00991	0.01363	0.01818	0.03925	0.74510	0.04710	0.02231	0.00909	0.00289	0.00413	0.02024	0.00661	0.00578
45	0.03179	0.01238	0.01669	0.01279	0.01831	0.01085	0.01057	0.05629	0.02082	0.68806	0.02773	0.02400	0.01744	0.00880	0.00716	0.00220	0.00612	0.00714	0.00876	0.01212
46	0.01428	0.03683	0.71286	0.02030	0.03082	0.01654	0.02631	0.02255	0.01503	0.02255	0.01278	0.01503	0.00902	0.00677	0.00677	0.00226	0.01052	0.00526	0.00301	0.01052
47	0.00878	0.00627	0.00838	0.01003	0.01049	0.00587	0.00679	0.01009	0.01373	0.01829	0.03919	0.72086	0.04687	0.02221	0.00912	0.00291	0.00422	0.04348	0.00661	0.00581
48	0.80005	0.01377	0.01047	0.00936	0.01377	0.01597	0.00771	0.02093	0.01212	0.03195	0.00991	0.01157	0.00771	0.00661	0.00441	0.00220	0.00551	0.00386	0.00441	0.00771
49	0.01822	0.01051	0.01312	0.01115	0.01445	0.01018	0.00878	0.08820	0.07829	0.21090	0.39768	0.03965	0.04469	0.01202	0.00785	0.00223	0.00472	0.01031	0.00797	0.00907
50	0.02461	0.01637	0.01933	0.01545	0.02060	0.01750	0.04321	0.26972	0.25423	0.20470	0.02377	0.02221	0.01671	0.00887	0.00723	0.00226	0.00684	0.00725	0.00742	0.01171
51	0.03070	0.01196	0.01618	0.01244	0.01779	0.01032	0.01020	0.03337	0.01987	0.66591	0.02743	0.02469	0.01769	0.03346	0.00807	0.00233	0.00606	0.00718	0.00852	0.03583
52	0.01762	0.01692	0.02890	0.04371	0.70533	0.01692	0.02185	0.02185	0.01621	0.02326	0.01339	0.01762	0.01128	0.00634	0.00705	0.00211	0.00846	0.00634	0.00352	0.01128
53	0.01918	0.68934	0.06614	0.01282	0.01900	0.05967	0.01288	0.02170	0.01476	0.01704	0.01008	0.01165	0.00913	0.00618	0.00475	0.00157	0.00798	0.00391	0.00307	0.00916
54	0.00842	0.00721	0.00721	0.00721	0.00962	0.00601	0.00541	0.01022	0.01623	0.01924	0.07213	0.06853	0.70244	0.01803	0.00842	0.00240	0.00361	0.01503	0.00661	0.00601
55	0.00860	0.00714	0.00741	0.00749	0.00962	0.00607	0.00549	0.01035	0.01596	0.01932	0.09530	0.11061	0.60043	0.05246	0.00976	0.00264	0.00378	0.01505	0.00656	0.00595
56	0.02634	0.01940	0.02085	0.01613	0.02161	0.02143	0.01326	0.65484	0.03269	0.04381	0.01798	0.04609	0.01350	0.00910	0.00720	0.00217	0.00769	0.00696	0.00710	0.01186
57	0.01251	0.00829	0.01043	0.01086	0.01231	0.00811	0.00772	0.07955	0.03522	0.07236	0.05668	0.57788	0.04137	0.01935	0.00868	0.00273	0.00466	0.01733	0.00688	0.00706
58	0.00992	0.00688	0.00773	0.00788	0.00827	0.00667	0.00468	0.01030	0.01151	0.01500	0.03122	0.11317	0.12661	0.57690	0.02972	0.00588	0.00617	0.01193	0.00486	0.00470
59	0.01663	0.01361	0.01549	0.01177	0.01756	0.01196	0.00938	0.06182	0.15549	0.04693	0.01675	0.01762	0.01316	0.00648	0.00585	0.00143	0.00552	0.00523	0.00515	0.56216
60	0.01681	0.01921	0.04202	0.03001	0.03721	0.01801	0.67947	0.02281	0.01681	0.02281	0.01441	0.01921	0.01080	0.00600	0.00840	0.00240	0.01200	0.00840	0.00360	0.00960
61	0.01855	0.01511	0.01613	0.01438	0.01850	0.01728	0.01122	0.03765	0.65269	0.07006	0.02893	0.02643	0.02149	0.00961	0.00724	0.00240	0.00566	0.00800	0.00734	0.01132
62	0.01822	0.01429	0.01634	0.01196	0.01811	0.01239	0.00967	0.16955	0.01924	0.05439	0.01426	0.01566	0.01117	0.00615	0.00577	0.00134	0.00589	0.00483	0.00506	0.58572
63	0.02445	0.02642	0.01935	0.01699	0.02110	0.40935	0.01315	0.17020	0.15455	0.02588	0.01673	0.01870	0.01333	0.00846	0.00685	0.00206	0.01014	0.02747	0.00521	0.00962
64	0.01358	0.01279	0.02159	0.71105	0.06960	0.01585	0.01984	0.01831	0.01430	0.01835	0.01268	0.01894	0.00955	0.00709	0.00712	0.00236	0.00946	0.00633	0.00318	0.00802
65	0.22652	0.01814	0.01832	0.01449	0.01978	0.02031	0.01193	0.48251	0.05688	0.04087	0.01576	0.01608	0.01139	0.00810	0.00643	0.00217	0.00714	0.00582	0.00643	0.01094
66	0.51464	0.01416	0.01288	0.01085	0.01558	0.04675	0.00889	0.02575	0.01518	0.25178	0.01587	0.01574	0.01100	0.00736	0.00539	0.00219	0.00603	0.00496	0.00581	0.00917
67	0.01464	0.01387	0.02350	0.53656	0.23583	0.01613	0.02037	0.01923	0.01480	0.01964	0.01287	0.01860	0.01000	0.00690	0.00710	0.00230	0.00920	0.00633	0.00327	0.00887
68	0.05853	0.01249	0.01510	0.01204	0.01672	0.01175	0.00969	0.12496	0.04642	0.29168	0.14021	0.05773	0.02521	0.00971	0.00702	0.00205	0.00561	0.00801	0.00728	0.13776
69	0.01902	0.01551	0.01845	0.01417	0.01974	0.01514	0.05100	0.23422	0.12381	0.03093	0.01784	0.04960	0.01437	0.00778	0.00652	0.00177	0.00651	0.00646	0.00568	0.34147
70	0.01135	0.00786	0.00919	0.00916	0.00979	0.00800	0.00583	0.06652	0.01311	0.01755	0.02576	0.20645	0.02932	0.48563	0.05911	0.00578	0.00690	0.01221	0.00506	0.00540
71	0.01872	0.70579	0.08276	0.01273	0.01912	0.02739	0.01313	0.02140	0.01451	0.01714	0.01009	0.01167	0.00913	0.00614	0.00472	0.00157	0.00781	0.00391	0.00304	0.00923
72	0.01590	0.01654	0.02714	0.02168	0.02358	0.02081	0.19076	0.01863	0.01246	0.01863	0.01068	0.01654	0.00973	0.01076	0.01942	0.00293	0.54549	0.00680	0.00324	0.00827
73	0.03498	0.00829	0.00918	0.00913	0.01051	0.00830	0.00621	0.03358	0.08201	0.01975	0.07630	0.18577	0.17036	0.29255	0.01874	0.00417	0.00532	0.01287	0.00583	0.00613
74	0.01861	0.68897	0.09860	0.01292	0.01941	0.02712	0.01347	0.02143	0.01452	0.01728	0.01016	0.01175	0.00913	0.00615	0.00477	0.00159	0.00788	0.00394	0.00304	0.00926
75	0.02421	0.01814	0.01970	0.01512	0.02071	0.01925	0.01238	0.53992	0.02945	0.04006	0.01721	0.04569	0.01323	0.00853	0.00688	0.00198	0.00724	0.00658	0.00660	0.14712
76	0.05855	0.02035	0.01935	0.01588	0.02075	0.12128	0.01282	0.41613	0.14394	0.03665	0.01891	0.02080	0.01449	0.00899	0.00705	0.00220	0.00802	0.03638	0.00650	0.01096
77	0.01345	0.01266	0.02136	0.73264	0.04904	0.01582	0.01978	0.01819	0.01424	0.01819	0.01266	0.01898	0.00949	0.00712	0.00712	0.00237	0.00949	0.00633	0.00316	0.00791
78	0.01237	0.00618	0.00928	0.00928	0.00928	0.00618	0.00618	0.00928	0.00928	0.01237	0.01237	0.02165	0.01237	0.02474	0.02783	0.79283	0.00618	0.00618	0.00309	0.00309
79	0.00868	0.00620	0.00826	0.00991	0.01033	0.00578	0.00661	0.00991	0.01363	0.01818	0.03925	0.74510	0.04710	0.02231	0.00909	0.00289	0.00413	0.02024	0.00661	0.00578
80	0.01656	0.01845	0.03856	0.02773	0.03442	0.01754	0.58416	0.02206	0.01628	0.02250	0.01396	0.01862	0.01069	0.00633	0.00905	0.00233	0.05535	0.00793	0.00362	0.07384
81	0.01345	0.01266	0.02136	0.73264	0.04904	0.01582	0.01978	0.01819	0.01424	0.01819	0.01266	0.01898	0.00949	0.00712	0.00712	0.00237	0.00949	0.00633	0.00316	0.00791
82	0.01017	0.00763	0.01144	0.01144	0.01272	0.00890	0.00890	0.01272	0.01144	0.01653	0.01907	0.02797	0.01780	0.05340	0.72153	0.01144	0.01907	0.00763	0.00381	0.00636
83	0.01095	0.00747	0.00980	0.00911	0.01094	0.00687	0.00687	0.01428	0.02017	0.05571	0.67475	0.05204	0.06521	0.01433	0.00835	0.00224	0.00347	0.01265	0.00788	0.00693
84	0.01428	0.03683	0.71286	0.02030	0.03082	0.01654	0.02631	0.02255	0.01503	0.02255	0.01278	0.01503	0.00902	0.00677	0.00677	0.00226	0.01052	0.00526	0.00301	0.01052
85	0.03195	0.01212	0.01652	0.01267	0.01818	0.01047	0.01047	0.03470	0.02038	0.71026	0.02809	0.02424	0.01763	0.00881	0.00716	0.00220	0.00606	0.00716	0.00881	0.01212
86	0.01666	0.01892	0.04111	0.06085	0.03773	0.01791	0.65052	0.02261	0.01669	0.02261	0.01433	0.01920	0.01075	0.00605	0.00835	0.00240	0.01189	0.00831	0.00358	0.00953
87	0.01327	0.00664	0.00664	0.00664	0.00830	0.00664	0.00498	0.01659	0.01493	0.02655	0.02323	0.02655	0.01825	0.00830	0.00498	0.00166	0.00332	0.00664	0.78928	0.00664
88	0.01379	0.00713	0.00719	0.00700	0.00881	0.00721	0.00530	0.04144	0.01563	0.02723	0.02300	0.02619	0.01802	0.00831	0.00506	0.00168	0.00349	0.00663	0.76006	0.00684
89	0.00896	0.00729	0.00796	0.00796	0.01017	0.00630	0.00608	0.01117	0.01703	0.02125	0.19665	0.06623	0.53012	0.01744	0.00851	0.00243	0.00375	0.05764	0.00686	0.00619
90	0.03179	0.01238	0.01669	0.01279	0.01831	0.01085	0.01057	0.05629	0.02082	0.68806	0.02773	0.02400	0.01744	0.00880	0.00716	0.00220	0.00612	0.00714	0.00876	0.01212
91	0.02626	0.01934	0.02079	0.01610	0.02157	0.02137	0.01323	0.65211	0.03261	0.04370	0.01807	0.04905	0.01365	0.00915	0.00721	0.00217	0.00767	0.00702	0.00710	0.01183
92	0.02469	0.03076	0.02046	0.01841	0.02144	0.60007	0.01407	0.02648	0.01857	0.01738	0.01072	0.01332	0.00920	0.00823	0.00936	0.00206	0.13818	0.00487	0.00357	0.00817
93	0.02127	0.62557	0.03371	0.01227	0.01826	0.02511	0.01189	0.02364	0.01549	0.13684	0.01305	0.01364	0.01061	0.00656	0.00502	0.00164	0.00735	0.00439	0.00404	0.00965
94	0.01017	0.00763	0.01144	0.01144	0.01272	0.00890	0.00890	0.01272	0.01144	0.01653	0.01907	0.02797	0.01780	0.05340	0.72153	0.01144	0.01907	0.00763	0.00381	0.00636
95	0.01762	0.01692	0.02890	0.04371	0.70533	0.01692	0.02185	0.02185	0.01621	0.02326	0.01339	0.01762	0.01128	0.00634	0.00705	0.00211	0.00846	0.00634	0.00352	0.01128
96	0.77045	0.01353	0.01043	0.00935	0.01365	0.01563	0.00767	0.02065	0.01242	0.03182	0.03583	0.01313	0.00994	0.00691	0.00456	0.00220	0.00543	0.00419	0.00454	0.00767
97	0.66705	0.01348	0.01151	0.00994	0.01453	0.01502	0.00819	0.02332	0.01355	0.14940	0.01306	0.01376	0.00943	0.00699	0.00488	0.00220	0.00560	0.00443	0.00517	0.00847
98	0.00868	0.00620	0.00826	0.00991	0.01033	0.00578	0.00661	0.00991	0.01363	0.01818	0.03925	0.74510	0.04710	0.02231	0.00909	0.00289	0.00413	0.02024	0.00661	0.00578
99	0.01446	0.06343	0.68781	0.01999	0.03035	0.01697	0.02579	0.02250	0.01501	0.02234	0.01267	0.01490	0.00902	0.00674	0.00668	0.00223	0.01042	0.00521	0.00301	0.01047
100	0.00956	0.00749	0.00848	0.00951	0.01028	0.03279	0.00636	0.01072	0.01377	0.01765	0.04056	0.51317	0.13967	0.12962	0.01294	0.00338	0.00479	0.01741	0.00616	0.00569
101	0.01029	0.00695	0.00811	0.00816	0.00829	0.00705	0.00480	0.01055	0.01055	0.01419	0.02265	0.06627	0.02581	0.66484	0.09710	0.00719	0.00791	0.01041	0.00434	0.00454
102	0.07329	0.01384	0.01659	0.01330	0.01833	0.01379	0.01081	0.14216	0.13547	0.41681	0.02575	0.05023	0.01793	0.00930	0.00708	0.00225	0.00618	0.00749	0.00792	0.01147
103	0.01542	0.20842	0.55124	0.01835	0.02782	0.01932	0.02293	0.02226	0.01490	0.02116	0.01209	0.01417	0.00905	0.00660	0.00624	0.00208	0.00983	0.00491	0.00302	0.01019
104	0.00866	0.00627	0.00819	0.00972	0.01028	0.00580	0.00652	0.00994	0.01382	0.01825	0.04164	0.69583	0.09482	0.02200	0.00904	0.00286	0.00409	0.01986	0.00661	0.00580
105	0.00868	0.00620	0.00826	0.00991	0.01033	0.00578	0.00661	0.00991	0.01363	0.01818	0.03925	0.74510	0.04710	0.02231	0.00909	0.00289	0.00413	0.02024	0.00661	0.00578
106	0.01630	0.01821	0.03888	0.13676	0.03901	0.01767	0.57925	0.02211	0.01642	0.02211	0.01414	0.01917	0.01060	0.00617	0.00821	0.00240	0.01162	0.00809	0.00353	0.00935
107	0.01360	0.01296	0.02231	0.70019	0.04850	0.01592	0.05024	0.01841	0.01436	0.01841	0.01274	0.01899	0.00955	0.00707	0.00718	0.00237	0.00961	0.00642	0.00318	0.00799
108	0.01036	0.00690	0.00777	0.00777	0.00777	0.00690	0.00431	0.01036	0.01036	0.01381	0.02244	0.04660	0.02589	0.74975	0.03624	0.00690	0.00690	0.01036	0.00431	0.00431
109	0.01477	0.01266	0.01477	0.01055	0.01687	0.00949	0.00844	0.01793	0.01477	0.02320	0.01266	0.01477	0.01055	0.00527	0.00527	0.00105	0.00527	0.00422	0.00422	0.79328
110	0.02495	0.03097	0.01997	0.01897	0.05278	0.62377	0.01379	0.02695	0.01929	0.01794	0.01167	0.01400	0.00980	0.00879	0.02722	0.00216	0.03613	0.00487	0.02770	0.00828
111	0.02660	0.03394	0.02018	0.01834	0.02201	0.72116	0.01376	0.02843	0.02018	0.01743	0.01101	0.01284	0.00917	0.00734	0.00642	0.00183	0.01284	0.00459	0.00367	0.00825
112	0.00997	0.00790	0.00906	0.00891	0.01095	0.00738	0.00662	0.01406	0.08332	0.02356	0.29550	0.14469	0.31894	0.01648	0.00838	0.00241	0.00378	0.01422	0.00713	0.00676
113	0.01558	0.01558	0.02181	0.01869	0.01869	0.02181	0.01558	0.01714	0.01091	0.01714	0.00935	0.01558	0.00935	0.01246	0.02337	0.00312	0.73672	0.00623	0.00312	0.00779
114	0.00853	0.00676	0.00768	0.00842	0.00993	0.00591	0.00594	0.01008	0.01507	0.01876	0.05750	0.36961	0.41080	0.01994	0.00872	0.00262	0.00384	0.01735	0.00661	0.00591
115	0.00867	0.00623	0.00823	0.00982	0.01030	0.00579	0.00657	0.00993	0.01372	0.01821	0.04034	0.72253	0.06897	0.02217	0.00907	0.00288	0.00411	0.02007	0.00661	0.00579
116	0.01024	0.00777	0.00962	0.01071	0.01175	0.00785	0.00742	0.01475	0.13118	0.02019	0.03747	0.62069	0.04270	0.02012	0.00877	0.00281	0.00439	0.01813	0.00672	0.00673
117	0.01428	0.03683	0.71286	0.02030	0.03082	0.01654	0.02631	0.02255	0.01503	0.02255	0.01278	0.01503	0.00902	0.00677	0.00677	0.00226	0.01052	0.00526	0.00301	0.01052
118	0.01157	0.00906	0.01090	0.01130	0.01357	0.00909	0.00928	0.01736	0.13378	0.02292	0.11131	0.06505	0.22435	0.01698	0.00885	0.00278	0.00526	0.30254	0.00682	0.00724
