[name]
unknown

[dist]
# distance from previous block
# <min> <max>
0	0

[block]
# block no. 0 follows, 31 sequences, length 180
# corresponding to MSA columns:
# 0-179
name=unknown_A
#
# <colnr> <probs for GDERKNQSTAVLIFYWHMCP>
#	G	D	E	R	K	N	Q	S	T	A	V	L	I	F	Y	W	H	M	C	P
0	0.01102	0.00787	0.01102	0.01260	0.01417	0.00787	0.01102	0.01417	0.01575	0.02047	0.03622	0.07717	0.03937	0.01890	0.00945	0.00315	0.00630	0.67084	0.00630	0.00630
1	0.01509	0.01533	0.02298	0.01910	0.01982	0.02057	0.08570	0.01703	0.01107	0.01703	0.00949	0.01533	0.00913	0.01133	0.02095	0.00292	0.67021	0.00621	0.00304	0.00767
2	0.00844	0.00601	0.00796	0.00942	0.00984	0.00563	0.00627	0.00966	0.01319	0.01765	0.05987	0.70521	0.04515	0.04838	0.00967	0.00290	0.00404	0.01886	0.00631	0.00554
3	0.02486	0.01905	0.02012	0.04248	0.02192	0.04550	0.01307	0.59810	0.07987	0.04020	0.01689	0.01701	0.01212	0.00820	0.00683	0.00207	0.00760	0.00621	0.00660	0.01130
4	0.01453	0.03426	0.69057	0.01915	0.02904	0.01561	0.02456	0.02222	0.01469	0.05482	0.01297	0.01486	0.00906	0.00659	0.00652	0.00216	0.00991	0.00514	0.00315	0.01018
5	0.02531	0.03109	0.01934	0.01737	0.02104	0.65951	0.01313	0.07375	0.04269	0.01896	0.01154	0.01305	0.00940	0.00720	0.00624	0.00180	0.01178	0.00464	0.00387	0.00828
6	0.01372	0.03539	0.72412	0.01950	0.02961	0.01589	0.02528	0.02167	0.01444	0.02167	0.01228	0.01444	0.00867	0.00650	0.00650	0.00217	0.01011	0.00506	0.00289	0.01011
7	0.80789	0.01323	0.01006	0.00900	0.01323	0.01535	0.00741	0.02011	0.01164	0.03070	0.00953	0.01111	0.00741	0.00635	0.00423	0.00212	0.00529	0.00370	0.00423	0.00741
8	0.00827	0.00694	0.00718	0.00712	0.00935	0.00585	0.00534	0.01017	0.01602	0.01950	0.14250	0.06417	0.64029	0.01695	0.00808	0.00229	0.00344	0.01420	0.00649	0.00585
9	0.01389	0.06291	0.69811	0.01920	0.02915	0.01631	0.02476	0.02162	0.01442	0.02146	0.01217	0.01431	0.00867	0.00648	0.00642	0.00214	0.01001	0.00500	0.00289	0.01006
10	0.57206	0.06251	0.01441	0.01283	0.06111	0.14050	0.00957	0.02144	0.01338	0.02684	0.00993	0.01170	0.00796	0.00642	0.00475	0.00201	0.00682	0.00398	0.00398	0.00781
11	0.02163	0.02445	0.02215	0.02617	0.27718	0.38192	0.01585	0.06118	0.04433	0.02067	0.01261	0.01517	0.01040	0.00811	0.02718	0.00216	0.01043	0.00533	0.00379	0.00926
12	0.01929	0.01561	0.01620	0.01393	0.01806	0.04176	0.01099	0.17804	0.45467	0.06088	0.05015	0.02536	0.04534	0.00940	0.00698	0.00223	0.00599	0.00765	0.00688	0.01060
13	0.00995	0.00663	0.00746	0.00746	0.00746	0.00663	0.00415	0.00995	0.00995	0.01327	0.02156	0.04477	0.02487	0.75957	0.03482	0.00663	0.00663	0.00995	0.00415	0.00415
14	0.01227	0.00754	0.00995	0.00909	0.01112	0.00688	0.00690	0.01536	0.01918	0.11413	0.60438	0.07144	0.05793	0.01355	0.00794	0.00217	0.00358	0.01192	0.00761	0.00708
15	0.00968	0.00699	0.00914	0.00861	0.01022	0.00646	0.00646	0.01291	0.01937	0.02743	0.71328	0.05110	0.06455	0.01399	0.00807	0.00215	0.00323	0.01237	0.00753	0.00646
16	0.01702	0.01470	0.01547	0.01392	0.01779	0.01702	0.01083	0.03635	0.70453	0.02862	0.02785	0.02553	0.02088	0.00928	0.00696	0.00232	0.00541	0.00773	0.00696	0.01083
17	0.78060	0.01344	0.01042	0.00923	0.01351	0.01555	0.00760	0.04363	0.01236	0.03113	0.00977	0.01130	0.00756	0.00642	0.00432	0.00211	0.00537	0.00379	0.00432	0.00756
18	0.80789	0.01323	0.01006	0.00900	0.01323	0.01535	0.00741	0.02011	0.01164	0.03070	0.00953	0.01111	0.00741	0.00635	0.00423	0.00212	0.00529	0.00370	0.00423	0.00741
19	0.00840	0.00600	0.00799	0.00948	0.00994	0.00560	0.00636	0.00968	0.01339	0.01793	0.06930	0.72218	0.04615	0.02109	0.00870	0.00275	0.00393	0.01912	0.00641	0.00560
20	0.80789	0.01323	0.01006	0.00900	0.01323	0.01535	0.00741	0.02011	0.01164	0.03070	0.00953	0.01111	0.00741	0.00635	0.00423	0.00212	0.00529	0.00370	0.00423	0.00741
21	0.01011	0.00693	0.00802	0.00792	0.00795	0.00717	0.00464	0.01023	0.01000	0.01345	0.02104	0.04326	0.02412	0.71440	0.05397	0.00663	0.03202	0.00974	0.00409	0.00431
22	0.01053	0.00721	0.00925	0.00862	0.01047	0.00656	0.00651	0.01358	0.01902	0.05946	0.61922	0.05120	0.12438	0.01404	0.00801	0.00217	0.00337	0.01231	0.00746	0.00664
23	0.80789	0.01323	0.01006	0.00900	0.01323	0.01535	0.00741	0.02011	0.01164	0.03070	0.00953	0.01111	0.00741	0.00635	0.00423	0.00212	0.00529	0.00370	0.00423	0.00741
24	0.02749	0.01679	0.01906	0.01461	0.02003	0.01769	0.01207	0.48517	0.02819	0.25765	0.01977	0.01859	0.01331	0.00829	0.00686	0.00207	0.00699	0.00639	0.00736	0.01164
25	0.03047	0.01200	0.01610	0.01234	0.01764	0.01058	0.01019	0.06463	0.02018	0.68949	0.02649	0.02296	0.01668	0.00846	0.00688	0.00211	0.00590	0.00685	0.00839	0.01164
26	0.00834	0.00595	0.00794	0.00953	0.00992	0.00556	0.00635	0.00953	0.01310	0.01746	0.03771	0.75510	0.04525	0.02143	0.00873	0.00278	0.00397	0.01945	0.00635	0.00556
27	0.01275	0.00638	0.00638	0.00638	0.00797	0.00638	0.00478	0.01594	0.01435	0.02551	0.02232	0.02551	0.01754	0.00797	0.00478	0.00159	0.00319	0.00638	0.79755	0.00638
28	0.00871	0.00643	0.00866	0.01048	0.03458	0.00600	0.00681	0.01017	0.01372	0.01835	0.08361	0.64992	0.07662	0.02021	0.00859	0.00269	0.00404	0.01827	0.00633	0.00581
29	0.01394	0.06988	0.69152	0.01913	0.02904	0.01642	0.02463	0.02161	0.01442	0.02140	0.01215	0.01428	0.00867	0.00647	0.00640	0.00213	0.00998	0.00499	0.00289	0.01005
30	0.00833	0.00599	0.00790	0.00944	0.00990	0.00556	0.00631	0.00954	0.01318	0.01750	0.03878	0.73178	0.06787	0.02129	0.00871	0.00276	0.00395	0.01928	0.00635	0.00556
31	0.00986	0.00699	0.00872	0.00864	0.01033	0.00632	0.00643	0.01236	0.01728	0.04760	0.39894	0.17692	0.20925	0.01603	0.00819	0.00233	0.00361	0.03683	0.00704	0.00632
32	0.01292	0.01216	0.02052	0.74312	0.04712	0.01520	0.01900	0.01748	0.01368	0.01748	0.01216	0.01824	0.00912	0.00684	0.00684	0.00228	0.00912	0.00608	0.00304	0.00760
33	0.01292	0.01216	0.02052	0.74312	0.04712	0.01520	0.01900	0.01748	0.01368	0.01748	0.01216	0.01824	0.00912	0.00684	0.00684	0.00228	0.00912	0.00608	0.00304	0.00760
34	0.78206	0.03778	0.01090	0.00909	0.01337	0.01573	0.00755	0.02012	0.01172	0.03022	0.00953	0.01111	0.00745	0.00633	0.00424	0.00210	0.00536	0.00370	0.00419	0.00745
35	0.03070	0.01164	0.01588	0.01217	0.01746	0.01006	0.01006	0.03334	0.01958	0.72163	0.02699	0.02329	0.01694	0.00847	0.00688	0.00212	0.00582	0.00688	0.00847	0.01164
36	0.01380	0.01295	0.04062	0.53447	0.03974	0.01479	0.06586	0.01804	0.01384	0.05073	0.01421	0.05338	0.01154	0.00933	0.03250	0.00263	0.05335	0.00690	0.00349	0.00782
37	0.01383	0.01818	0.14551	0.08123	0.03006	0.01441	0.37846	0.01898	0.01541	0.02097	0.04375	0.09990	0.06930	0.00878	0.00778	0.00233	0.00941	0.00924	0.00399	0.00850
38	0.00963	0.00699	0.00908	0.00856	0.01019	0.00643	0.00642	0.01282	0.01925	0.02716	0.69379	0.05155	0.08421	0.01409	0.00807	0.00216	0.00323	0.01244	0.00750	0.00643
39	0.01380	0.01298	0.02153	0.58839	0.16099	0.01547	0.01896	0.01897	0.04631	0.01884	0.01302	0.01836	0.00997	0.00683	0.00683	0.00224	0.00878	0.00616	0.00328	0.00831
40	0.02924	0.01397	0.01732	0.01328	0.01863	0.01352	0.01097	0.23820	0.02348	0.51126	0.02371	0.02116	0.01529	0.00839	0.00687	0.00210	0.00635	0.00666	0.00796	0.01164
41	0.00976	0.00659	0.00748	0.00761	0.00771	0.00652	0.00435	0.00991	0.01037	0.01376	0.02429	0.10216	0.04736	0.67813	0.03193	0.00619	0.00632	0.01084	0.00439	0.00431
42	0.01829	0.76368	0.03585	0.01171	0.01756	0.02707	0.01171	0.02049	0.01390	0.01610	0.00951	0.01097	0.00878	0.00585	0.00439	0.00146	0.00732	0.00366	0.00293	0.00878
43	0.00854	0.00627	0.00841	0.03710	0.01131	0.00596	0.00678	0.00996	0.01346	0.01786	0.06178	0.66996	0.07636	0.02043	0.00861	0.00272	0.00411	0.01846	0.00627	0.00568
44	0.01291	0.01217	0.02054	0.66893	0.04427	0.01501	0.03677	0.01736	0.01392	0.01804	0.04490	0.01969	0.01174	0.00729	0.00737	0.00229	0.02951	0.00643	0.00326	0.00759
45	0.01801	0.03581	0.03874	0.01499	0.01929	0.03660	0.05571	0.19136	0.22225	0.02802	0.02003	0.08930	0.01685	0.00941	0.00814	0.00214	0.06948	0.00759	0.00562	0.11065
46	0.02090	0.05332	0.04245	0.03544	0.02026	0.08763	0.01310	0.28065	0.13300	0.05395	0.04924	0.01887	0.01480	0.00900	0.00940	0.00222	0.13394	0.00638	0.00556	0.00990
47	0.02601	0.01916	0.02053	0.01574	0.02122	0.02122	0.01300	0.69408	0.03217	0.04312	0.01643	0.01643	0.01163	0.00821	0.00684	0.00205	0.00753	0.00616	0.00684	0.01163
48	0.01566	0.01265	0.01471	0.01062	0.01662	0.01003	0.00853	0.06709	0.01569	0.04958	0.01302	0.01468	0.01049	0.00542	0.00526	0.00113	0.00527	0.00431	0.00442	0.71480
49	0.01236	0.00686	0.00970	0.03469	0.01066	0.00706	0.00652	0.04137	0.01028	0.01370	0.01321	0.02324	0.01326	0.10639	0.02604	0.64510	0.00621	0.00641	0.00329	0.00367
50	0.02601	0.01916	0.02053	0.01574	0.02122	0.02122	0.01300	0.69408	0.03217	0.04312	0.01643	0.01643	0.01163	0.00821	0.00684	0.00205	0.00753	0.00616	0.00684	0.01163
51	0.03943	0.26152	0.02467	0.07352	0.02055	0.02022	0.02882	0.11546	0.01589	0.04081	0.01223	0.03366	0.01060	0.00805	0.00935	0.00200	0.17343	0.00539	0.00393	0.10047
52	0.01622	0.19962	0.04662	0.05224	0.06382	0.05724	0.14835	0.01935	0.01456	0.04252	0.03544	0.07096	0.03976	0.00880	0.00912	0.00214	0.12791	0.00715	0.00383	0.03434
53	0.00834	0.00595	0.00794	0.00953	0.00992	0.00556	0.00635	0.00953	0.01310	0.01746	0.03771	0.75510	0.04525	0.02143	0.00873	0.00278	0.00397	0.01945	0.00635	0.00556
54	0.01414	0.01390	0.03886	0.18616	0.12310	0.05846	0.03707	0.03548	0.11345	0.02034	0.02430	0.09834	0.09657	0.07411	0.01006	0.00266	0.03150	0.00885	0.00458	0.00807
55	0.01974	0.12694	0.09018	0.04398	0.05585	0.22082	0.19736	0.04791	0.06769	0.04515	0.01365	0.01587	0.01058	0.00669	0.00662	0.00200	0.01003	0.00587	0.00389	0.00918
56	0.01863	0.01864	0.02128	0.08338	0.13475	0.16407	0.04039	0.11555	0.01701	0.02210	0.01231	0.01602	0.01026	0.00946	0.03132	0.00245	0.19985	0.00575	0.03031	0.04645
57	0.74416	0.01312	0.01068	0.03387	0.01457	0.01509	0.00793	0.02065	0.01209	0.06310	0.01045	0.01193	0.00792	0.00647	0.00445	0.00212	0.00545	0.00394	0.00439	0.00762
58	0.00970	0.00698	0.00906	0.00855	0.01009	0.00646	0.00635	0.01277	0.01892	0.02676	0.68039	0.05080	0.06267	0.04943	0.00934	0.00236	0.00339	0.01226	0.00737	0.00635
59	0.01558	0.01579	0.02184	0.19246	0.09196	0.09028	0.08006	0.04011	0.01446	0.01925	0.04616	0.06154	0.01418	0.00964	0.01222	0.00246	0.25316	0.00716	0.00368	0.00801
60	0.01237	0.00707	0.00748	0.00735	0.00897	0.00710	0.00541	0.04663	0.01471	0.02384	0.02655	0.07538	0.07580	0.07382	0.03930	0.00257	0.00440	0.00817	0.54674	0.00633
61	0.00821	0.00691	0.00711	0.00712	0.00933	0.00582	0.00532	0.01003	0.01579	0.01909	0.11395	0.08288	0.65069	0.01720	0.00810	0.00231	0.00346	0.01442	0.00644	0.00582
62	0.01549	0.01715	0.03633	0.09861	0.06505	0.01649	0.56439	0.02085	0.01574	0.02129	0.01477	0.05339	0.01193	0.00663	0.00793	0.00231	0.01079	0.00833	0.00355	0.00896
63	0.80789	0.01323	0.01006	0.00900	0.01323	0.01535	0.00741	0.02011	0.01164	0.03070	0.00953	0.01111	0.00741	0.00635	0.00423	0.00212	0.00529	0.00370	0.00423	0.00741
64	0.01829	0.76368	0.03585	0.01171	0.01756	0.02707	0.01171	0.02049	0.01390	0.01610	0.00951	0.01097	0.00878	0.00585	0.00439	0.00146	0.00732	0.00366	0.00293	0.00878
65	0.00896	0.00682	0.00824	0.00818	0.00985	0.00610	0.00602	0.01140	0.01722	0.02305	0.40352	0.15587	0.27759	0.01615	0.00817	0.00229	0.00341	0.01406	0.00697	0.00610
66	0.04459	0.01335	0.01476	0.03664	0.01753	0.01484	0.01031	0.08093	0.43089	0.09701	0.10991	0.02704	0.02421	0.00947	0.00690	0.00222	0.00538	0.00786	0.03608	0.01005
67	0.01715	0.05955	0.02168	0.26173	0.11060	0.13760	0.06568	0.06062	0.01645	0.03820	0.03517	0.03837	0.01299	0.00762	0.00703	0.00208	0.02893	0.00641	0.06375	0.00838
68	0.01661	0.01607	0.02785	0.09159	0.63653	0.01623	0.05276	0.02079	0.01547	0.02198	0.01286	0.01710	0.01069	0.00613	0.00684	0.00206	0.00836	0.00619	0.00337	0.01053
69	0.03892	0.01929	0.13986	0.02907	0.29250	0.01596	0.19604	0.06810	0.01683	0.04821	0.03411	0.01952	0.03576	0.00690	0.00709	0.00215	0.00885	0.00686	0.00398	0.01000
70	0.01812	0.71745	0.03558	0.01246	0.01818	0.02657	0.03450	0.02042	0.01388	0.01630	0.00964	0.01134	0.00884	0.00602	0.00503	0.00154	0.02857	0.00387	0.00295	0.00876
71	0.00963	0.00699	0.00907	0.00855	0.01019	0.00643	0.00641	0.01280	0.01923	0.02712	0.69081	0.05162	0.08722	0.01410	0.00807	0.00216	0.00324	0.01244	0.00749	0.00643
72	0.01533	0.19033	0.40350	0.02043	0.06039	0.01873	0.13655	0.02128	0.01456	0.02038	0.01188	0.01451	0.00910	0.00636	0.00676	0.00205	0.02987	0.00534	0.00302	0.00963
73	0.01654	0.01661	0.02363	0.25384	0.38328	0.09929	0.01882	0.02102	0.04083	0.02037	0.01359	0.01881	0.01124	0.00691	0.00681	0.00212	0.00877	0.02465	0.00351	0.00937
74	0.02996	0.01178	0.01586	0.01220	0.01740	0.01035	0.01006	0.05584	0.02001	0.67899	0.04537	0.02381	0.01805	0.00861	0.00691	0.00212	0.00581	0.00700	0.00839	0.01150
75	0.00914	0.00618	0.00825	0.00958	0.01019	0.00574	0.00648	0.01045	0.01354	0.04164	0.06092	0.70576	0.04496	0.02073	0.00865	0.00273	0.00401	0.01878	0.00646	0.00579
76	0.01419	0.11938	0.02501	0.53524	0.07365	0.01714	0.08496	0.01851	0.01405	0.01796	0.01199	0.01717	0.00928	0.00656	0.00661	0.00216	0.00906	0.00594	0.00308	0.00808
77	0.80789	0.01323	0.01006	0.00900	0.01323	0.01535	0.00741	0.02011	0.01164	0.03070	0.00953	0.01111	0.00741	0.00635	0.00423	0.00212	0.00529	0.00370	0.00423	0.00741
78	0.02590	0.01140	0.01493	0.01178	0.01633	0.01038	0.00959	0.09227	0.02074	0.51325	0.16787	0.02838	0.02627	0.00958	0.00712	0.00212	0.00545	0.00795	0.00812	0.01057
79	0.04803	0.66882	0.07916	0.01227	0.01827	0.04440	0.01247	0.02073	0.01399	0.01703	0.00972	0.01124	0.00872	0.00595	0.00457	0.00154	0.00755	0.00377	0.00299	0.00879
80	0.01275	0.00638	0.00638	0.00638	0.00797	0.00638	0.00478	0.01594	0.01435	0.02551	0.02232	0.02551	0.01754	0.00797	0.00478	0.00159	0.00319	0.00638	0.79755	0.00638
81	0.00968	0.00699	0.00914	0.00861	0.01022	0.00646	0.00646	0.01291	0.01937	0.02743	0.71328	0.05110	0.06455	0.01399	0.00807	0.00215	0.00323	0.01237	0.00753	0.00646
82	0.00980	0.00659	0.00762	0.00784	0.00793	0.00655	0.00459	0.01002	0.01047	0.01395	0.02380	0.12605	0.02759	0.65499	0.03115	0.00610	0.00632	0.02983	0.00446	0.00437
83	0.01524	0.01543	0.02091	0.01795	0.01804	0.03946	0.01492	0.01675	0.01071	0.01647	0.00902	0.01490	0.00898	0.01185	0.02203	0.00296	0.72792	0.00595	0.00301	0.00750
84	0.00844	0.00604	0.00804	0.00945	0.00995	0.00563	0.00636	0.00980	0.01361	0.01828	0.09269	0.69781	0.04682	0.02083	0.00868	0.00273	0.00391	0.01887	0.00645	0.00563
85	0.03070	0.01164	0.01588	0.01217	0.01746	0.01006	0.01006	0.03334	0.01958	0.72163	0.02699	0.02329	0.01694	0.00847	0.00688	0.00212	0.00582	0.00688	0.00847	0.01164
86	0.02685	0.01782	0.01970	0.01510	0.02055	0.01922	0.01248	0.57589	0.02992	0.16448	0.01832	0.01765	0.01258	0.00826	0.00685	0.00206	0.00722	0.00629	0.00713	0.01164
87	0.00997	0.00735	0.01028	0.01019	0.01103	0.00836	0.00749	0.01170	0.01069	0.01516	0.01898	0.03160	0.01907	0.25016	0.51568	0.00954	0.03537	0.00803	0.00378	0.00559
88	0.80789	0.01323	0.01006	0.00900	0.01323	0.01535	0.00741	0.02011	0.01164	0.03070	0.00953	0.01111	0.00741	0.00635	0.00423	0.00212	0.00529	0.00370	0.00423	0.00741
89	0.01090	0.00778	0.01088	0.01245	0.01397	0.00776	0.01080	0.01395	0.01562	0.02033	0.03629	0.10928	0.03965	0.01902	0.00942	0.00313	0.00619	0.63999	0.00630	0.00626
90	0.02601	0.01916	0.02053	0.01574	0.02122	0.02122	0.01300	0.69408	0.03217	0.04312	0.01643	0.01643	0.01163	0.00821	0.00684	0.00205	0.00753	0.00616	0.00684	0.01163
91	0.80789	0.01323	0.01006	0.00900	0.01323	0.01535	0.00741	0.02011	0.01164	0.03070	0.00953	0.01111	0.00741	0.00635	0.00423	0.00212	0.00529	0.00370	0.00423	0.00741
92	0.01693	0.01626	0.02777	0.04199	0.71689	0.01626	0.02100	0.02100	0.01558	0.02235	0.01287	0.01693	0.01084	0.00610	0.00677	0.00203	0.00813	0.00610	0.00339	0.01084
93	0.01372	0.03539	0.72412	0.01950	0.02961	0.01589	0.02528	0.02167	0.01444	0.02167	0.01228	0.01444	0.00867	0.00650	0.00650	0.00217	0.01011	0.00506	0.00289	0.01011
94	0.01102	0.00787	0.01102	0.01260	0.01417	0.00787	0.01102	0.01417	0.01575	0.02047	0.03622	0.07717	0.03937	0.01890	0.00945	0.00315	0.00630	0.67084	0.00630	0.00630
95	0.00832	0.00602	0.00787	0.00936	0.00988	0.00557	0.00628	0.00955	0.01326	0.01753	0.03976	0.71023	0.08879	0.02117	0.00869	0.00275	0.00394	0.01912	0.00635	0.00557
96	0.01594	0.01804	0.03907	0.07566	0.03650	0.01716	0.64793	0.02162	0.01599	0.02162	0.01373	0.01844	0.01030	0.00584	0.00799	0.00231	0.01138	0.00794	0.00343	0.00912
97	0.00989	0.00685	0.00854	0.00851	0.00893	0.00716	0.00549	0.01073	0.01069	0.01467	0.05341	0.04003	0.02457	0.52493	0.22989	0.00765	0.00976	0.00933	0.00417	0.00481
98	0.63151	0.01436	0.01229	0.01042	0.01493	0.01637	0.00859	0.15412	0.01593	0.05212	0.01137	0.01250	0.00851	0.00678	0.00482	0.00210	0.00575	0.00428	0.00487	0.00836
99	0.01292	0.01216	0.02052	0.74312	0.04712	0.01520	0.01900	0.01748	0.01368	0.01748	0.01216	0.01824	0.00912	0.00684	0.00684	0.00228	0.00912	0.00608	0.00304	0.00760
100	0.00991	0.00690	0.00847	0.00808	0.00978	0.00636	0.00606	0.01295	0.01818	0.02602	0.53351	0.04936	0.14055	0.01356	0.00761	0.00209	0.00325	0.01179	0.11923	0.00636
101	0.01829	0.76368	0.03585	0.01171	0.01756	0.02707	0.01171	0.02049	0.01390	0.01610	0.00951	0.01097	0.00878	0.00585	0.00439	0.00146	0.00732	0.00366	0.00293	0.00878
102	0.01454	0.06512	0.63191	0.01955	0.02915	0.01630	0.06634	0.02195	0.01467	0.04057	0.01266	0.01479	0.00901	0.00648	0.00652	0.00214	0.00996	0.00524	0.00308	0.01004
103	0.00968	0.00699	0.00914	0.00861	0.01022	0.00646	0.00646	0.01291	0.01937	0.02743	0.71328	0.05110	0.06455	0.01399	0.00807	0.00215	0.00323	0.01237	0.00753	0.00646
104	0.02556	0.03261	0.01939	0.01763	0.02115	0.73210	0.01322	0.02732	0.01939	0.01674	0.01058	0.01234	0.00881	0.00705	0.00617	0.00176	0.01234	0.00441	0.00353	0.00793
105	0.00814	0.00693	0.00701	0.00699	0.00928	0.00580	0.00524	0.00993	0.01573	0.01879	0.09178	0.06533	0.69144	0.01721	0.00809	0.00230	0.00346	0.01437	0.00639	0.00580
106	0.02556	0.03261	0.01939	0.01763	0.02115	0.73210	0.01322	0.02732	0.01939	0.01674	0.01058	0.01234	0.00881	0.00705	0.00617	0.00176	0.01234	0.00441	0.00353	0.00793
107	0.80789	0.01323	0.01006	0.00900	0.01323	0.01535	0.00741	0.02011	0.01164	0.03070	0.00953	0.01111	0.00741	0.00635	0.00423	0.00212	0.00529	0.00370	0.00423	0.00741
108	0.01702	0.01470	0.01547	0.01392	0.01779	0.01702	0.01083	0.03635	0.70453	0.02862	0.02785	0.02553	0.02088	0.00928	0.00696	0.00232	0.00541	0.00773	0.00696	0.01083
109	0.01275	0.00638	0.00638	0.00638	0.00797	0.00638	0.00478	0.01594	0.01435	0.02551	0.02232	0.02551	0.01754	0.00797	0.00478	0.00159	0.00319	0.00638	0.79755	0.00638
110	0.01615	0.01704	0.02011	0.01751	0.01803	0.12090	0.01431	0.01767	0.01186	0.01655	0.01057	0.04978	0.01068	0.01173	0.01949	0.00281	0.60770	0.00640	0.00323	0.00746
111	0.00905	0.00697	0.00826	0.00794	0.00983	0.00619	0.00596	0.01168	0.01787	0.02388	0.45732	0.05696	0.32273	0.01531	0.00808	0.00221	0.00332	0.01319	0.00706	0.00619
112	0.00828	0.00615	0.00773	0.00899	0.00978	0.00560	0.00611	0.00959	0.01361	0.01767	0.04421	0.61318	0.18297	0.02059	0.00860	0.00268	0.00387	0.01842	0.00635	0.00560
113	0.01661	0.49565	0.28915	0.01457	0.02199	0.02296	0.01670	0.02092	0.01410	0.01815	0.01053	0.01225	0.00874	0.00609	0.00517	0.00172	0.00834	0.00417	0.00291	0.00927
114	0.03003	0.01200	0.01601	0.01235	0.01760	0.01068	0.01018	0.05483	0.04587	0.67349	0.02668	0.02315	0.01691	0.00849	0.00688	0.00212	0.00586	0.00689	0.00836	0.01161
115	0.01355	0.00674	0.00716	0.00690	0.00871	0.00660	0.00523	0.01671	0.01507	0.06648	0.07990	0.02750	0.02140	0.00850	0.00518	0.00167	0.00335	0.00690	0.68575	0.00669
116	0.00878	0.00671	0.00815	0.00887	0.00973	0.00644	0.00609	0.00997	0.01324	0.01711	0.04300	0.43017	0.22751	0.12438	0.01284	0.00320	0.03629	0.01612	0.00589	0.00550
117	0.01551	0.21972	0.39194	0.02105	0.12369	0.01907	0.05199	0.02110	0.01441	0.02016	0.01161	0.01410	0.00909	0.00642	0.00660	0.00200	0.03376	0.00501	0.00300	0.00974
118	0.01238	0.01097	0.01366	0.01323	0.03531	0.04330	0.00946	0.01339	0.01128	0.01562	0.01888	0.14950	0.02120	0.29346	0.04061	0.00443	0.27361	0.00968	0.00403	0.00601
119	0.55919	0.01715	0.11572	0.01353	0.01883	0.01588	0.10515	0.02046	0.01263	0.02772	0.01050	0.01273	0.00805	0.00648	0.00570	0.00218	0.03159	0.00458	0.00389	0.00805
120	0.00834	0.00694	0.00729	0.00720	0.00940	0.00588	0.00540	0.01032	0.01620	0.01992	0.17278	0.06347	0.60974	0.01679	0.00808	0.00228	0.00343	0.01411	0.00654	0.00588
121	0.01679	0.01691	0.05011	0.15140	0.31602	0.04994	0.05894	0.04614	0.17742	0.02335	0.01630	0.01894	0.01272	0.00708	0.00687	0.00215	0.00812	0.00648	0.00427	0.01005
122	0.01292	0.01216	0.02052	0.74312	0.04712	0.01520	0.01900	0.01748	0.01368	0.01748	0.01216	0.01824	0.00912	0.00684	0.00684	0.00228	0.00912	0.00608	0.00304	0.00760
123	0.00833	0.00598	0.00791	0.00945	0.00990	0.00556	0.00632	0.00954	0.01318	0.01750	0.03868	0.73393	0.06579	0.02131	0.00871	0.00276	0.00395	0.01930	0.00635	0.00556
124	0.00949	0.00694	0.00891	0.00851	0.01013	0.00636	0.00635	0.01250	0.01876	0.02623	0.62872	0.08524	0.11708	0.01461	0.00810	0.00219	0.00328	0.01287	0.00738	0.00636
125	0.00977	0.00733	0.01100	0.01100	0.01222	0.00855	0.00855	0.01222	0.01100	0.01588	0.01833	0.02688	0.01710	0.05131	0.73245	0.01100	0.01833	0.00733	0.00367	0.00611
126	0.01037	0.00719	0.00906	0.00866	0.01034	0.00683	0.00658	0.01408	0.03927	0.02689	0.56960	0.04820	0.05586	0.01329	0.00767	0.00213	0.00343	0.04263	0.11135	0.00657
127	0.02601	0.01916	0.02053	0.01574	0.02122	0.02122	0.01300	0.69408	0.03217	0.04312	0.01643	0.01643	0.01163	0.00821	0.00684	0.00205	0.00753	0.00616	0.00684	0.01163
128	0.01702	0.01470	0.01547	0.01392	0.01779	0.01702	0.01083	0.03635	0.70453	0.02862	0.02785	0.02553	0.02088	0.00928	0.00696	0.00232	0.00541	0.00773	0.00696	0.01083
129	0.01129	0.00809	0.01148	0.01082	0.01283	0.00863	0.00847	0.01384	0.01184	0.04738	0.01804	0.02513	0.01625	0.04269	0.59353	0.00915	0.01578	0.00688	0.02377	0.10410
130	0.02556	0.03261	0.01939	0.01763	0.02115	0.73210	0.01322	0.02732	0.01939	0.01674	0.01058	0.01234	0.00881	0.00705	0.00617	0.00176	0.01234	0.00441	0.00353	0.00793
131	0.00968	0.00699	0.00914	0.00861	0.01022	0.00646	0.00646	0.01291	0.01937	0.02743	0.71328	0.05110	0.06455	0.01399	0.00807	0.00215	0.00323	0.01237	0.00753	0.00646
132	0.00968	0.00699	0.00914	0.00861	0.01022	0.00646	0.00646	0.01291	0.01937	0.02743	0.71328	0.05110	0.06455	0.01399	0.00807	0.00215	0.00323	0.01237	0.00753	0.00646
133	0.00991	0.00678	0.00819	0.00819	0.00845	0.00703	0.00506	0.01042	0.01017	0.01381	0.02089	0.04107	0.02326	0.61299	0.17920	0.00754	0.00905	0.00941	0.00405	0.00455
134	0.77433	0.01316	0.01031	0.00913	0.01341	0.01512	0.00752	0.02068	0.01199	0.06053	0.01028	0.01164	0.00782	0.00644	0.00435	0.00212	0.00532	0.00384	0.00442	0.00759
135	0.77086	0.01351	0.01055	0.00932	0.01361	0.01563	0.00767	0.05203	0.01261	0.03128	0.00985	0.01137	0.00761	0.00644	0.00436	0.00211	0.00540	0.00382	0.00436	0.00761
136	0.01705	0.01795	0.04918	0.03754	0.52412	0.04737	0.16252	0.02148	0.01583	0.02200	0.01296	0.01699	0.01059	0.00608	0.00701	0.00208	0.00908	0.00641	0.00339	0.01035
137	0.01418	0.03243	0.60956	0.02191	0.07489	0.01606	0.09259	0.02165	0.01469	0.02174	0.01247	0.01501	0.00898	0.00640	0.00668	0.00217	0.01013	0.00543	0.00298	0.01007
138	0.00809	0.00693	0.00693	0.00693	0.00924	0.00578	0.00520	0.00982	0.01559	0.01848	0.06931	0.06584	0.71411	0.01733	0.00809	0.00231	0.00347	0.01444	0.00635	0.00578
139	0.01013	0.00773	0.01001	0.00942	0.01127	0.00727	0.02472	0.03235	0.04035	0.02504	0.46248	0.15632	0.14679	0.01503	0.00810	0.00227	0.00378	0.01328	0.00705	0.00659
140	0.02557	0.03210	0.01943	0.01755	0.02115	0.70523	0.01321	0.05252	0.01987	0.01774	0.01080	0.01249	0.00892	0.00709	0.00619	0.00177	0.01216	0.00447	0.00365	0.00807
141	0.80789	0.01323	0.01006	0.00900	0.01323	0.01535	0.00741	0.02011	0.01164	0.03070	0.00953	0.01111	0.00741	0.00635	0.00423	0.00212	0.00529	0.00370	0.00423	0.00741
142	0.02521	0.06736	0.02017	0.01734	0.02098	0.69858	0.01315	0.02699	0.01913	0.01671	0.01052	0.01227	0.00881	0.00699	0.00608	0.00175	0.01210	0.00437	0.00350	0.00797
143	0.01372	0.03539	0.72412	0.01950	0.02961	0.01589	0.02528	0.02167	0.01444	0.02167	0.01228	0.01444	0.00867	0.00650	0.00650	0.00217	0.01011	0.00506	0.00289	0.01011
144	0.12778	0.01701	0.01659	0.04520	0.01950	0.11482	0.01130	0.15884	0.19392	0.19544	0.01993	0.01918	0.01418	0.00808	0.00644	0.00211	0.00702	0.00616	0.00629	0.01019
145	0.00846	0.00605	0.00809	0.00967	0.01013	0.00567	0.00657	0.00975	0.01322	0.01761	0.03764	0.72287	0.04497	0.02131	0.00877	0.00280	0.00408	0.05042	0.00635	0.00559
146	0.01516	0.01276	0.01490	0.03073	0.01749	0.01032	0.00882	0.07499	0.01571	0.02394	0.01252	0.01449	0.01023	0.00538	0.00527	0.00114	0.00539	0.00429	0.00426	0.71221
147	0.00977	0.00733	0.01100	0.01100	0.01222	0.00855	0.00855	0.01222	0.01100	0.01588	0.01833	0.02688	0.01710	0.05131	0.73245	0.01100	0.01833	0.00733	0.00367	0.00611
148	0.00971	0.00660	0.00758	0.00773	0.00791	0.00655	0.00452	0.00997	0.01052	0.01396	0.02506	0.11259	0.05635	0.63760	0.05076	0.00620	0.00657	0.01097	0.00444	0.00440
149	0.01419	0.01216	0.01419	0.01013	0.01621	0.00912	0.00811	0.01723	0.01419	0.02229	0.01216	0.01419	0.01013	0.00507	0.00507	0.00101	0.00507	0.00405	0.00405	0.80139
150	0.00861	0.00693	0.00774	0.00827	0.00999	0.00619	0.00604	0.01085	0.03880	0.01860	0.05616	0.28652	0.44342	0.01844	0.00832	0.00250	0.00383	0.04651	0.00637	0.00591
151	0.01808	0.72963	0.06803	0.01207	0.01812	0.02655	0.01234	0.02054	0.01393	0.01636	0.00964	0.01114	0.00877	0.00588	0.00449	0.00150	0.00745	0.00372	0.00292	0.00884
152	0.01763	0.55915	0.05491	0.05996	0.01979	0.02421	0.01266	0.06354	0.01494	0.01826	0.01277	0.01455	0.03945	0.00700	0.00614	0.00172	0.05660	0.00465	0.00334	0.00872
153	0.01497	0.01497	0.02095	0.01796	0.01796	0.02095	0.01497	0.01646	0.01048	0.01646	0.00898	0.01497	0.00898	0.01197	0.02245	0.00299	0.74704	0.00599	0.00299	0.00748
154	0.01179	0.00878	0.03699	0.00949	0.01180	0.00754	0.00762	0.03690	0.01961	0.07459	0.61766	0.04671	0.05749	0.01314	0.00789	0.00215	0.00380	0.01152	0.00740	0.00711
155	0.01829	0.76368	0.03585	0.01171	0.01756	0.02707	0.01171	0.02049	0.01390	0.01610	0.00951	0.01097	0.00878	0.00585	0.00439	0.00146	0.00732	0.00366	0.00293	0.00878
156	0.01962	0.01352	0.01597	0.01188	0.01748	0.01205	0.00966	0.15122	0.01856	0.15825	0.01568	0.01637	0.01167	0.00656	0.00636	0.00149	0.03157	0.00506	0.00539	0.47165
157	0.00977	0.00733	0.01100	0.01100	0.01222	0.00855	0.00855	0.01222	0.01100	0.01588	0.01833	0.02688	0.01710	0.05131	0.73245	0.01100	0.01833	0.00733	0.00367	0.00611
158	0.67387	0.01425	0.01185	0.01015	0.01460	0.01635	0.00837	0.13563	0.01516	0.03282	0.01071	0.01202	0.00813	0.00667	0.00468	0.00211	0.00568	0.00413	0.00468	0.00813
159	0.04061	0.01220	0.02016	0.71755	0.04594	0.01521	0.01860	0.01757	0.01361	0.01794	0.01207	0.01799	0.00906	0.00682	0.00675	0.00227	0.00899	0.00600	0.00308	0.00759
160	0.02540	0.01886	0.02019	0.01562	0.02098	0.02093	0.01286	0.64964	0.07760	0.04214	0.01720	0.01704	0.01226	0.00828	0.00685	0.00207	0.00739	0.00627	0.00685	0.01158
161	0.01693	0.01626	0.02777	0.04199	0.71689	0.01626	0.02100	0.02100	0.01558	0.02235	0.01287	0.01693	0.01084	0.00610	0.00677	0.00203	0.00813	0.00610	0.00339	0.01084
162	0.02623	0.01881	0.02031	0.01557	0.02104	0.02069	0.01287	0.66318	0.03158	0.07484	0.01692	0.01675	0.01188	0.00822	0.00685	0.00206	0.00745	0.00619	0.00692	0.01164
163	0.00814	0.00693	0.00701	0.00699	0.00927	0.00580	0.00524	0.00992	0.01572	0.01878	0.09110	0.06534	0.69213	0.01721	0.00809	0.00230	0.00346	0.01437	0.00639	0.00580
164	0.03070	0.01164	0.01588	0.01217	0.01746	0.01006	0.01006	0.03334	0.01958	0.72163	0.02699	0.02329	0.01694	0.00847	0.00688	0.00212	0.00582	0.00688	0.00847	0.01164
165	0.01372	0.03539	0.72412	0.01950	0.02961	0.01589	0.02528	0.02167	0.01444	0.02167	0.01228	0.01444	0.00867	0.00650	0.00650	0.00217	0.01011	0.00506	0.00289	0.01011
166	0.01615	0.01845	0.04037	0.02884	0.03576	0.01730	0.69204	0.02191	0.01615	0.02191	0.01384	0.01845	0.01038	0.00577	0.00807	0.00231	0.01153	0.00807	0.00346	0.00923
167	0.00843	0.00599	0.00791	0.00941	0.00978	0.00562	0.00622	0.00955	0.01292	0.01722	0.03677	0.71404	0.04407	0.06411	0.01024	0.00300	0.00412	0.01890	0.00622	0.00548
168	0.00961	0.00699	0.00904	0.00853	0.01017	0.00642	0.00640	0.01277	0.01919	0.02702	0.68317	0.05179	0.09493	0.01414	0.00807	0.00216	0.00324	0.01247	0.00748	0.00642
169	0.00834	0.00595	0.00794	0.00953	0.00992	0.00556	0.00635	0.00953	0.01310	0.01746	0.03771	0.75510	0.04525	0.02143	0.00873	0.00278	0.00397	0.01945	0.00635	0.00556
170	0.01693	0.01626	0.02777	0.04199	0.71689	0.01626	0.02100	0.02100	0.01558	0.02235	0.01287	0.01693	0.01084	0.00610	0.00677	0.00203	0.00813	0.00610	0.00339	0.01084
171	0.02140	0.01904	0.01765	0.01491	0.01885	0.17482	0.01184	0.33240	0.08541	0.02979	0.01660	0.01872	0.01309	0.01785	0.17165	0.00405	0.01085	0.00618	0.00540	0.00949
172	0.02557	0.03215	0.01943	0.01756	0.02115	0.70816	0.01321	0.04978	0.01982	0.01763	0.01077	0.01248	0.00891	0.00709	0.00619	0.00177	0.01218	0.00447	0.00364	0.00806
173	0.62846	0.01288	0.01155	0.03412	0.01519	0.01430	0.00832	0.02263	0.01327	0.16619	0.01305	0.01375	0.00934	0.00678	0.00484	0.00212	0.00552	0.00441	0.00503	0.00825
174	0.01292	0.01216	0.02052	0.74312	0.04712	0.01520	0.01900	0.01748	0.01368	0.01748	0.01216	0.01824	0.00912	0.00684	0.00684	0.00228	0.00912	0.00608	0.00304	0.00760
175	0.01474	0.01214	0.01424	0.01020	0.01626	0.00915	0.00817	0.01777	0.01437	0.04595	0.01266	0.01449	0.01036	0.00518	0.00513	0.00105	0.00509	0.00415	0.00420	0.77467
176	0.01016	0.00697	0.00817	0.00844	0.00880	0.00694	0.00519	0.03936	0.01186	0.01582	0.02619	0.25726	0.03043	0.50505	0.02576	0.00528	0.00587	0.01264	0.00493	0.00489
177	0.01700	0.01680	0.02530	0.14194	0.52149	0.07089	0.01948	0.02191	0.05824	0.02159	0.01352	0.01731	0.01105	0.00648	0.00675	0.00207	0.00843	0.00607	0.00357	0.01014
178	0.01977	0.02487	0.11373	0.02993	0.36667	0.28605	0.01861	0.02347	0.01687	0.02015	0.01193	0.01488	0.00980	0.00651	0.00651	0.00195	0.00997	0.00533	0.00338	0.00965
179	0.15257	0.06680	0.02256	0.06066	0.32022	0.20043	0.01582	0.02212	0.01552	0.02150	0.01134	0.01439	0.00947	0.00660	0.00657	0.00199	0.03372	0.00510	0.00351	0.00912

[dist]
# distance from previous block
# <min> <max>
0	2

[block]
# block no. 1 follows, 31 sequences, length 72
# corresponding to MSA columns:
# 182-253
name=unknown_B
#
# <colnr> <probs for GDERKNQSTAVLIFYWHMCP>
#	G	D	E	R	K	N	Q	S	T	A	V	L	I	F	Y	W	H	M	C	P
0	0.69864	0.01373	0.01240	0.02955	0.04680	0.01568	0.02800	0.04711	0.01282	0.03024	0.01014	0.01197	0.00786	0.00641	0.00463	0.00212	0.00578	0.00409	0.00425	0.00779
1	0.11868	0.04688	0.08719	0.05286	0.47178	0.06580	0.01869	0.02126	0.01512	0.02260	0.01208	0.01546	0.00994	0.00624	0.00629	0.00202	0.00823	0.00549	0.00343	0.00996
2	0.01392	0.01085	0.01476	0.18885	0.09983	0.03988	0.03461	0.01736	0.01421	0.02179	0.01725	0.02211	0.01394	0.03485	0.00778	0.00210	0.04886	0.00636	0.38337	0.00732
3	0.00858	0.00611	0.00812	0.00958	0.01007	0.00575	0.00652	0.00990	0.01334	0.01781	0.06032	0.66969	0.04487	0.04780	0.00969	0.00292	0.00416	0.05289	0.00631	0.00558
4	0.00993	0.00757	0.01148	0.04796	0.01398	0.00889	0.00908	0.01248	0.01113	0.01596	0.01801	0.02644	0.01670	0.04907	0.69582	0.01056	0.01786	0.00727	0.00363	0.00618
5	0.01742	0.01490	0.01570	0.01400	0.01794	0.01721	0.01093	0.06604	0.67418	0.02927	0.02733	0.02511	0.02047	0.00923	0.00696	0.00231	0.00551	0.00766	0.00696	0.01087
6	0.01333	0.00693	0.00699	0.00678	0.00854	0.00702	0.00514	0.04522	0.01512	0.02627	0.02206	0.02511	0.01728	0.00798	0.00487	0.00161	0.00338	0.00637	0.76341	0.00660
7	0.03010	0.01151	0.01568	0.01207	0.01726	0.00995	0.00995	0.03276	0.01958	0.70182	0.04658	0.02408	0.01829	0.00863	0.00691	0.00212	0.00575	0.00704	0.00844	0.01149
8	0.00857	0.00695	0.00761	0.00744	0.00954	0.00598	0.00558	0.01076	0.01674	0.02121	0.26554	0.06135	0.51617	0.01631	0.00808	0.00226	0.00339	0.01381	0.00671	0.00598
9	0.01292	0.01216	0.02052	0.74312	0.04712	0.01520	0.01900	0.01748	0.01368	0.01748	0.01216	0.01824	0.00912	0.00684	0.00684	0.00228	0.00912	0.00608	0.00304	0.00760
10	0.01478	0.01251	0.01451	0.01042	0.01647	0.00973	0.00835	0.05140	0.01509	0.02334	0.01238	0.01430	0.01021	0.00523	0.00516	0.00107	0.00519	0.00416	0.00419	0.76152
11	0.05529	0.01143	0.01521	0.01178	0.01685	0.01004	0.00970	0.03203	0.01906	0.66381	0.02618	0.02300	0.01665	0.00837	0.00669	0.00209	0.00567	0.00675	0.04817	0.01124
12	0.03070	0.01164	0.01588	0.01217	0.01746	0.01006	0.01006	0.03334	0.01958	0.72163	0.02699	0.02329	0.01694	0.00847	0.00688	0.00212	0.00582	0.00688	0.00847	0.01164
13	0.00809	0.00693	0.00693	0.00693	0.00924	0.00578	0.00520	0.00982	0.01559	0.01848	0.06931	0.06584	0.71411	0.01733	0.00809	0.00231	0.00347	0.01444	0.00635	0.00578
14	0.00977	0.00733	0.01100	0.01100	0.01222	0.00855	0.00855	0.01222	0.01100	0.01588	0.01833	0.02688	0.01710	0.05131	0.73245	0.01100	0.01833	0.00733	0.00367	0.00611
15	0.80789	0.01323	0.01006	0.00900	0.01323	0.01535	0.00741	0.02011	0.01164	0.03070	0.00953	0.01111	0.00741	0.00635	0.00423	0.00212	0.00529	0.00370	0.00423	0.00741
16	0.01419	0.01216	0.01419	0.01013	0.01621	0.00912	0.00811	0.01723	0.01419	0.02229	0.01216	0.01419	0.01013	0.00507	0.00507	0.00101	0.00507	0.00405	0.00405	0.80139
17	0.74261	0.01310	0.01054	0.00926	0.01359	0.01490	0.00763	0.02122	0.01231	0.08873	0.01099	0.01214	0.00821	0.00653	0.00446	0.00212	0.00534	0.00397	0.00459	0.00776
18	0.01372	0.03539	0.72412	0.01950	0.02961	0.01589	0.02528	0.02167	0.01444	0.02167	0.01228	0.01444	0.00867	0.00650	0.00650	0.00217	0.01011	0.00506	0.00289	0.01011
19	0.01559	0.32125	0.43395	0.01670	0.02505	0.02033	0.03901	0.02121	0.01428	0.01948	0.01123	0.01319	0.00876	0.00622	0.00572	0.00189	0.00905	0.00459	0.00292	0.00956
20	0.04788	0.01221	0.02006	0.71084	0.04563	0.01521	0.01849	0.01760	0.01359	0.01806	0.01204	0.01793	0.00904	0.00682	0.00673	0.00227	0.00895	0.00598	0.00309	0.00759
21	0.01497	0.01497	0.02095	0.01796	0.01796	0.02095	0.01497	0.01646	0.01048	0.01646	0.00898	0.01497	0.00898	0.01197	0.02245	0.00299	0.74704	0.00599	0.00299	0.00748
22	0.00867	0.00616	0.00793	0.00922	0.00966	0.00581	0.00613	0.00976	0.01279	0.01696	0.03632	0.59803	0.06616	0.13458	0.01274	0.00337	0.00444	0.03989	0.00601	0.00537
23	0.01419	0.01216	0.01419	0.01013	0.01621	0.00912	0.00811	0.01723	0.01419	0.02229	0.01216	0.01419	0.01013	0.00507	0.00507	0.00101	0.00507	0.00405	0.00405	0.80139
24	0.01292	0.01216	0.02052	0.74312	0.04712	0.01520	0.01900	0.01748	0.01368	0.01748	0.01216	0.01824	0.00912	0.00684	0.00684	0.00228	0.00912	0.00608	0.00304	0.00760
25	0.00811	0.00685	0.00702	0.00716	0.00930	0.00576	0.00530	0.00979	0.01538	0.01839	0.06657	0.12562	0.65610	0.01768	0.00814	0.00235	0.00351	0.01487	0.00635	0.00576
26	0.00901	0.00697	0.00821	0.00790	0.00981	0.00617	0.00592	0.01160	0.01777	0.02365	0.44084	0.05734	0.33935	0.01540	0.00808	0.00222	0.00333	0.01325	0.00703	0.00617
27	0.02274	0.01938	0.01879	0.01647	0.05131	0.13301	0.01255	0.30995	0.25207	0.06243	0.01958	0.01911	0.01445	0.00830	0.00677	0.00210	0.00755	0.00643	0.00627	0.01074
28	0.00902	0.00643	0.00863	0.01007	0.01071	0.00619	0.00724	0.01058	0.01337	0.01777	0.03580	0.55236	0.04192	0.06535	0.03495	0.00336	0.00508	0.14942	0.00612	0.00564
29	0.02880	0.01172	0.01559	0.01218	0.01722	0.01049	0.00998	0.03282	0.07522	0.63939	0.05270	0.02451	0.01903	0.00874	0.00693	0.00213	0.00569	0.00715	0.00831	0.01138
30	0.01661	0.01592	0.02718	0.09880	0.66262	0.01617	0.02083	0.02071	0.01542	0.02196	0.01281	0.01704	0.01070	0.00616	0.00678	0.00205	0.00821	0.00609	0.00336	0.01057
31	0.00843	0.00602	0.00805	0.00964	0.01007	0.00564	0.00652	0.00969	0.01319	0.01757	0.03765	0.73103	0.04504	0.02134	0.00876	0.00279	0.00405	0.04258	0.00635	0.00558
32	0.80789	0.01323	0.01006	0.00900	0.01323	0.01535	0.00741	0.02011	0.01164	0.03070	0.00953	0.01111	0.00741	0.00635	0.00423	0.00212	0.00529	0.00370	0.00423	0.00741
33	0.00840	0.00600	0.00799	0.00949	0.00994	0.00560	0.00636	0.00968	0.01338	0.01791	0.06763	0.72392	0.04610	0.02110	0.00870	0.00275	0.00394	0.01914	0.00640	0.00560
34	0.01059	0.00672	0.00879	0.00950	0.01058	0.00620	0.00666	0.01218	0.01444	0.07959	0.11542	0.51058	0.08090	0.05934	0.00990	0.00285	0.00424	0.03883	0.00655	0.00615
35	0.01181	0.00959	0.01156	0.00978	0.01348	0.00768	0.00729	0.01408	0.01380	0.02039	0.04189	0.28271	0.02484	0.03721	0.00750	0.00187	0.00467	0.01003	0.00498	0.46484
36	0.00995	0.00663	0.00746	0.00746	0.00746	0.00663	0.00415	0.00995	0.00995	0.01327	0.02156	0.04477	0.02487	0.75957	0.03482	0.00663	0.00663	0.00995	0.00415	0.00415
37	0.01548	0.01469	0.02442	0.23533	0.47236	0.01560	0.01940	0.02028	0.04556	0.02112	0.01544	0.01951	0.03707	0.00686	0.00685	0.00212	0.00811	0.00648	0.00356	0.00974
38	0.00858	0.00721	0.00747	0.00736	0.00965	0.00625	0.00553	0.01109	0.04046	0.01981	0.13749	0.06282	0.61924	0.01668	0.00804	0.00229	0.00351	0.01398	0.00650	0.00603
39	0.80789	0.01323	0.01006	0.00900	0.01323	0.01535	0.00741	0.02011	0.01164	0.03070	0.00953	0.01111	0.00741	0.00635	0.00423	0.00212	0.00529	0.00370	0.00423	0.00741
40	0.04504	0.25902	0.31237	0.01717	0.05834	0.04601	0.01782	0.12762	0.01721	0.02348	0.01194	0.01361	0.00924	0.00656	0.00582	0.00191	0.00864	0.00477	0.00362	0.00980
41	0.01993	0.01372	0.02015	0.01571	0.04685	0.01210	0.13102	0.04863	0.06512	0.22114	0.01793	0.01850	0.01293	0.00660	0.00638	0.00172	0.00666	0.00598	0.00548	0.32345
42	0.02277	0.05137	0.01951	0.03472	0.04081	0.32735	0.01282	0.20051	0.15497	0.02607	0.01690	0.01746	0.02877	0.00795	0.00651	0.00197	0.00915	0.00581	0.00508	0.00951
43	0.01169	0.00744	0.00979	0.00895	0.01091	0.00680	0.00680	0.01486	0.01939	0.09382	0.64765	0.04844	0.06000	0.01346	0.00796	0.00215	0.00348	0.01185	0.00762	0.00695
44	0.01693	0.01626	0.02777	0.04199	0.71689	0.01626	0.02100	0.02100	0.01558	0.02235	0.01287	0.01693	0.01084	0.00610	0.00677	0.00203	0.00813	0.00610	0.00339	0.01084
45	0.05670	0.01694	0.01785	0.01464	0.01936	0.01911	0.01180	0.37575	0.32615	0.03621	0.02113	0.02018	0.01550	0.00860	0.00678	0.00217	0.00650	0.00674	0.00678	0.01109
46	0.01829	0.76368	0.03585	0.01171	0.01756	0.02707	0.01171	0.02049	0.01390	0.01610	0.00951	0.01097	0.00878	0.00585	0.00439	0.00146	0.00732	0.00366	0.00293	0.00878
47	0.01188	0.00594	0.00891	0.00891	0.00891	0.00594	0.00594	0.00891	0.00891	0.01188	0.01188	0.02080	0.01188	0.02377	0.02674	0.80095	0.00594	0.00594	0.00297	0.00297
48	0.00891	0.00684	0.00815	0.00808	0.00981	0.00609	0.00596	0.01132	0.01717	0.02281	0.38571	0.14216	0.30993	0.01616	0.00816	0.00229	0.00341	0.01402	0.00694	0.00609
49	0.00981	0.00718	0.01023	0.01023	0.01119	0.00814	0.00760	0.01173	0.01077	0.01531	0.01903	0.03076	0.01879	0.20487	0.58120	0.01005	0.01579	0.00790	0.00377	0.00568
50	0.00968	0.00699	0.00914	0.00861	0.01022	0.00646	0.00646	0.01291	0.01937	0.02743	0.71328	0.05110	0.06455	0.01399	0.00807	0.00215	0.00323	0.01237	0.00753	0.00646
51	0.01758	0.65078	0.14254	0.01291	0.01943	0.02534	0.01381	0.02067	0.01399	0.01696	0.00994	0.01151	0.00876	0.00595	0.00472	0.00157	0.00775	0.00387	0.00292	0.00899
52	0.02534	0.05473	0.01989	0.01745	0.02104	0.71077	0.01317	0.02711	0.01922	0.01672	0.01054	0.01230	0.00881	0.00701	0.00611	0.00175	0.01219	0.00438	0.00351	0.00796
53	0.00834	0.00595	0.00794	0.00953	0.00992	0.00556	0.00635	0.00953	0.01310	0.01746	0.03771	0.75510	0.04525	0.02143	0.00873	0.00278	0.00397	0.01945	0.00635	0.00556
54	0.00957	0.00695	0.00902	0.00858	0.01017	0.00640	0.00640	0.01267	0.01900	0.02674	0.66491	0.07699	0.08812	0.01438	0.00809	0.00218	0.00326	0.01270	0.00744	0.00640
55	0.00889	0.00671	0.00904	0.01024	0.01060	0.00686	0.00708	0.01011	0.01288	0.01738	0.03529	0.69270	0.04219	0.02064	0.00989	0.00280	0.06662	0.01831	0.00607	0.00572
56	0.06578	0.01171	0.01561	0.01203	0.01727	0.01029	0.00994	0.03274	0.01922	0.69044	0.02620	0.02274	0.01651	0.00837	0.00676	0.00212	0.00580	0.00674	0.00828	0.01145
57	0.00864	0.00666	0.00922	0.00998	0.01096	0.00611	0.03654	0.01012	0.01362	0.01782	0.04155	0.61563	0.14739	0.02010	0.00860	0.00268	0.00423	0.01817	0.00622	0.00575
58	0.00835	0.00665	0.00749	0.00790	0.00956	0.00579	0.00569	0.01010	0.01530	0.01925	0.13670	0.26842	0.43840	0.01815	0.00828	0.00243	0.00359	0.01568	0.00649	0.00579
59	0.00848	0.00606	0.00811	0.00969	0.01015	0.00568	0.00661	0.00978	0.01324	0.01763	0.03763	0.71821	0.04493	0.02130	0.00877	0.00280	0.00410	0.05489	0.00635	0.00560
60	0.03070	0.01164	0.01588	0.01217	0.01746	0.01006	0.01006	0.03334	0.01958	0.72163	0.02699	0.02329	0.01694	0.00847	0.00688	0.00212	0.00582	0.00688	0.00847	0.01164
