[name]
unknown

[dist]
# distance from previous block
# <min> <max>
1	56

[block]
# block no. 0 follows, 29 sequences, length 45
# corresponding to MSA columns:
# 73-117
name=unknown_A
#
# <colnr> <probs for GDERKNQSTAVLIFYWHMCP>
#	G	D	E	R	K	N	Q	S	T	A	V	L	I	F	Y	W	H	M	C	P
0	0.08006	0.01460	0.01688	0.05109	0.01971	0.01519	0.03686	0.20933	0.13975	0.02996	0.02097	0.07382	0.03795	0.04782	0.00830	0.00230	0.00652	0.00759	0.00577	0.17552
1	0.01837	0.01447	0.01863	0.04897	0.05586	0.01465	0.06019	0.23941	0.05038	0.02831	0.01689	0.04894	0.01453	0.07365	0.01165	0.08798	0.00720	0.00701	0.00517	0.17775
2	0.07955	0.01490	0.05211	0.08232	0.02052	0.01479	0.01175	0.19438	0.12450	0.04858	0.10210	0.08722	0.05065	0.01034	0.00712	0.00221	0.00633	0.00853	0.00615	0.07594
3	0.08172	0.02080	0.12599	0.06507	0.06880	0.09464	0.01508	0.22985	0.02131	0.06514	0.01800	0.05310	0.03537	0.00887	0.00747	0.00221	0.03686	0.00680	0.03303	0.00990
4	0.01350	0.01705	0.20541	0.01331	0.01864	0.01038	0.03429	0.01754	0.01554	0.06861	0.08206	0.16427	0.09884	0.03391	0.00818	0.00228	0.00648	0.00997	0.00519	0.17455
5	0.05741	0.03407	0.04255	0.01030	0.01306	0.00910	0.00852	0.01693	0.04255	0.08385	0.42468	0.07897	0.08429	0.01368	0.00795	0.00232	0.00449	0.05062	0.00713	0.00755
6	0.03114	0.01194	0.01627	0.01253	0.01790	0.01033	0.01033	0.03391	0.02037	0.68500	0.05305	0.02531	0.01946	0.00903	0.00721	0.00220	0.00596	0.00737	0.00878	0.01192
7	0.01904	0.75404	0.03731	0.01218	0.01828	0.02818	0.01218	0.02132	0.01447	0.01675	0.00990	0.01142	0.00914	0.00609	0.00457	0.00152	0.00761	0.00381	0.00305	0.00914
8	0.00868	0.00620	0.00826	0.00991	0.01033	0.00578	0.00661	0.00991	0.01363	0.01818	0.03925	0.74510	0.04710	0.02231	0.00909	0.00289	0.00413	0.02024	0.00661	0.00578
9	0.00927	0.00692	0.00861	0.00887	0.01031	0.00627	0.00639	0.01161	0.01723	0.02322	0.35328	0.27364	0.20274	0.01776	0.00862	0.00248	0.00366	0.01567	0.00718	0.00627
10	0.01089	0.00739	0.00963	0.00915	0.01092	0.00677	0.00683	0.01395	0.01936	0.05899	0.57876	0.12092	0.08896	0.01520	0.00841	0.00231	0.00357	0.01343	0.00771	0.00685
11	0.01581	0.01411	0.01962	0.18466	0.19983	0.01571	0.01526	0.02600	0.28568	0.02392	0.02356	0.02529	0.06393	0.00953	0.00821	0.03925	0.00712	0.00763	0.00513	0.00975
12	0.02608	0.03311	0.01990	0.01813	0.02172	0.69870	0.01361	0.02794	0.01990	0.01740	0.01126	0.01332	0.00944	0.00879	0.02898	0.00214	0.01304	0.00468	0.00367	0.00820
13	0.63591	0.01342	0.01176	0.01007	0.01471	0.01480	0.00830	0.02387	0.01388	0.17690	0.01380	0.01427	0.00983	0.00708	0.00500	0.00220	0.00563	0.00456	0.00535	0.00865
14	0.01418	0.01176	0.01390	0.01419	0.06691	0.01269	0.00987	0.02529	0.34098	0.02704	0.23106	0.08031	0.05779	0.05066	0.00924	0.00260	0.00508	0.01046	0.00693	0.00904
15	0.00842	0.00721	0.00721	0.00721	0.00962	0.00601	0.00541	0.01022	0.01623	0.01924	0.07213	0.06853	0.70244	0.01803	0.00842	0.00240	0.00361	0.01503	0.00661	0.00601
16	0.01025	0.00732	0.00986	0.00986	0.01058	0.00804	0.00693	0.01170	0.01098	0.01536	0.02052	0.03599	0.02128	0.35326	0.42644	0.00949	0.01383	0.00880	0.00403	0.00548
17	0.01771	0.01530	0.01610	0.01449	0.01852	0.01771	0.01127	0.03784	0.69247	0.02979	0.02898	0.02657	0.02174	0.00966	0.00725	0.00242	0.00564	0.00805	0.00725	0.01127
18	0.06069	0.01908	0.02033	0.01572	0.02118	0.02109	0.01296	0.62095	0.03191	0.04354	0.04876	0.01854	0.01449	0.00874	0.00706	0.00214	0.00752	0.00660	0.00704	0.01166
19	0.01904	0.75404	0.03731	0.01218	0.01828	0.02818	0.01218	0.02132	0.01447	0.01675	0.00990	0.01142	0.00914	0.00609	0.00457	0.00152	0.00761	0.00381	0.00305	0.00914
20	0.02125	0.31205	0.11113	0.01487	0.04373	0.02040	0.01377	0.13877	0.01885	0.12776	0.01470	0.01540	0.01116	0.00692	0.00584	0.00179	0.00752	0.00508	0.00478	0.10423
21	0.02739	0.01876	0.02056	0.01583	0.02145	0.02042	0.01306	0.57527	0.05406	0.13133	0.01894	0.01835	0.01316	0.00862	0.00713	0.00216	0.00753	0.00656	0.00735	0.01208
22	0.00909	0.00641	0.00833	0.00971	0.01011	0.00608	0.00646	0.01022	0.01322	0.01760	0.03638	0.59732	0.04328	0.14305	0.01364	0.00358	0.00471	0.04900	0.00623	0.00558
23	0.01431	0.01215	0.01422	0.01062	0.01633	0.00942	0.00836	0.01784	0.03633	0.02296	0.01560	0.08157	0.01423	0.00696	0.00568	0.00127	0.00518	0.00580	0.00453	0.69665
24	0.01026	0.00689	0.00788	0.00793	0.00804	0.00684	0.00455	0.01050	0.01102	0.01478	0.05878	0.07959	0.02904	0.67726	0.03352	0.00647	0.00659	0.01095	0.00461	0.00451
25	0.03195	0.01212	0.01652	0.01267	0.01818	0.01047	0.01047	0.03470	0.02038	0.71026	0.02809	0.02424	0.01763	0.00881	0.00716	0.00220	0.00606	0.00716	0.00881	0.01212
26	0.01963	0.61262	0.06209	0.01395	0.01998	0.10723	0.04031	0.02225	0.01525	0.01731	0.01033	0.01205	0.00921	0.00626	0.00503	0.00162	0.00851	0.00414	0.00314	0.00911
27	0.02730	0.01958	0.02114	0.01621	0.02190	0.02154	0.01339	0.65138	0.03287	0.07596	0.01761	0.01743	0.01237	0.00856	0.00713	0.00214	0.00775	0.00645	0.00720	0.01211
28	0.01143	0.00815	0.01134	0.01292	0.01450	0.00815	0.01122	0.01460	0.01618	0.02104	0.03716	0.07912	0.04044	0.04571	0.01078	0.00341	0.00657	0.63433	0.00648	0.00648
29	0.03195	0.01212	0.01652	0.01267	0.01818	0.01047	0.01047	0.03470	0.02038	0.71026	0.02809	0.02424	0.01763	0.00881	0.00716	0.00220	0.00606	0.00716	0.00881	0.01212
30	0.00912	0.00724	0.00819	0.00795	0.01005	0.00631	0.00597	0.01159	0.01790	0.02319	0.33944	0.06201	0.43266	0.01656	0.00841	0.00233	0.00350	0.01411	0.00713	0.00631
31	0.03697	0.01349	0.02176	0.39825	0.10204	0.01512	0.07204	0.07135	0.01652	0.07713	0.01719	0.09538	0.01454	0.00878	0.00736	0.00237	0.00853	0.00798	0.00439	0.00882
32	0.06091	0.12854	0.02220	0.05031	0.02239	0.50852	0.01353	0.07619	0.01976	0.02013	0.01134	0.01320	0.00934	0.00722	0.00616	0.00186	0.01126	0.00467	0.00386	0.00863
33	0.80005	0.01377	0.01047	0.00936	0.01377	0.01597	0.00771	0.02093	0.01212	0.03195	0.00991	0.01157	0.00771	0.00661	0.00441	0.00220	0.00551	0.00386	0.00441	0.00771
34	0.01361	0.01282	0.02165	0.70628	0.07415	0.01586	0.01985	0.01833	0.01431	0.01839	0.01268	0.01893	0.00956	0.00709	0.00712	0.00236	0.00945	0.00633	0.00318	0.00804
35	0.00875	0.00723	0.00768	0.00757	0.00982	0.00615	0.00568	0.01087	0.01703	0.02113	0.19986	0.06542	0.57354	0.01733	0.00841	0.00237	0.00356	0.01459	0.00686	0.00615
36	0.00878	0.00637	0.00830	0.00964	0.01031	0.00588	0.00653	0.01026	0.01441	0.01920	0.10182	0.63417	0.09542	0.02130	0.00898	0.00280	0.00402	0.01920	0.00672	0.00588
37	0.05635	0.01377	0.02171	0.48815	0.13754	0.01608	0.03532	0.06935	0.01597	0.02219	0.01351	0.01862	0.01031	0.00712	0.00690	0.00228	0.00878	0.00628	0.04110	0.00869
38	0.00948	0.00713	0.00878	0.00864	0.01034	0.00642	0.00637	0.01218	0.01834	0.02488	0.45835	0.14433	0.22584	0.01642	0.00849	0.00236	0.00352	0.01435	0.00737	0.00642
39	0.76317	0.01407	0.01099	0.00970	0.01417	0.01627	0.00799	0.05246	0.01314	0.03256	0.01026	0.01183	0.00792	0.00670	0.00454	0.00220	0.00562	0.00398	0.00454	0.00792
40	0.02573	0.05258	0.02067	0.01739	0.02162	0.48376	0.01345	0.17578	0.07826	0.02459	0.01382	0.01488	0.01086	0.00776	0.00659	0.00194	0.01095	0.00526	0.00472	0.00940
41	0.01079	0.00837	0.01209	0.04487	0.01401	0.00991	0.00914	0.01291	0.01134	0.01618	0.01858	0.02983	0.01816	0.17033	0.51184	0.00956	0.07415	0.00794	0.00382	0.00619
42	0.02713	0.01918	0.02081	0.01603	0.02166	0.02103	0.01322	0.60909	0.05493	0.09635	0.01836	0.01798	0.01287	0.00861	0.00713	0.00215	0.00762	0.00653	0.00726	0.01208
43	0.02325	0.01642	0.01790	0.01434	0.01881	0.01793	0.01139	0.42221	0.12351	0.09062	0.02060	0.02408	0.01630	0.13549	0.01212	0.00300	0.00722	0.00738	0.00680	0.01066
44	0.00938	0.00708	0.00870	0.00917	0.01055	0.00654	0.00654	0.01206	0.03927	0.02214	0.25927	0.35008	0.19608	0.01845	0.00866	0.00256	0.00382	0.01632	0.00703	0.00632

[dist]
# distance from previous block
# <min> <max>
0	2

[block]
# block no. 1 follows, 29 sequences, length 136
# corresponding to MSA columns:
# 120-197,199-256
name=unknown_B
#
# <colnr> <probs for GDERKNQSTAVLIFYWHMCP>
#	G	D	E	R	K	N	Q	S	T	A	V	L	I	F	Y	W	H	M	C	P
0	0.01705	0.01766	0.03387	0.06584	0.37792	0.01747	0.29707	0.02196	0.01622	0.02268	0.01367	0.01828	0.01095	0.00641	0.00810	0.00227	0.03148	0.00720	0.00353	0.01033
1	0.12931	0.29377	0.22697	0.01671	0.06095	0.04566	0.03582	0.02300	0.01514	0.07536	0.01253	0.01413	0.00974	0.00663	0.00571	0.00196	0.00840	0.00481	0.00374	0.00967
2	0.00927	0.00657	0.00863	0.00991	0.01050	0.00623	0.00684	0.01074	0.01405	0.01882	0.09011	0.54133	0.04562	0.10588	0.01226	0.00334	0.00464	0.08305	0.00644	0.00577
3	0.02116	0.01344	0.07242	0.01218	0.01687	0.01100	0.01061	0.09295	0.04163	0.30168	0.17930	0.03438	0.11258	0.01094	0.00749	0.00220	0.00568	0.00909	0.00745	0.03695
4	0.57484	0.04038	0.01372	0.09392	0.01865	0.01659	0.00991	0.02195	0.05598	0.04906	0.01196	0.01392	0.00923	0.00716	0.00580	0.00225	0.03745	0.00461	0.00447	0.00815
5	0.01829	0.19711	0.02129	0.01349	0.01757	0.06083	0.01133	0.18261	0.07521	0.02493	0.01646	0.01977	0.01384	0.02274	0.24341	0.00504	0.01155	0.00613	0.00473	0.03368
6	0.58577	0.01464	0.03858	0.01210	0.04863	0.01568	0.00950	0.08117	0.01414	0.03051	0.01109	0.01346	0.00879	0.00851	0.00710	0.07734	0.00612	0.00449	0.00444	0.00796
7	0.01743	0.01506	0.01584	0.01427	0.01825	0.01736	0.01110	0.03701	0.67231	0.02947	0.03027	0.02782	0.04202	0.00991	0.00728	0.00241	0.00557	0.00826	0.00723	0.01111
8	0.01621	0.01896	0.12168	0.08544	0.41474	0.03652	0.06802	0.02094	0.01619	0.02250	0.03593	0.02347	0.03624	0.00781	0.00733	0.00224	0.00880	0.04298	0.00383	0.01016
9	0.03606	0.02630	0.42348	0.01953	0.08711	0.01481	0.02024	0.02079	0.04096	0.02365	0.12958	0.02266	0.01989	0.01057	0.04116	0.00271	0.03994	0.00686	0.00411	0.00959
10	0.00892	0.00644	0.00844	0.00961	0.01035	0.00597	0.00657	0.01058	0.01495	0.02013	0.16254	0.58626	0.08145	0.02068	0.00893	0.00275	0.00396	0.01864	0.00684	0.00597
11	0.02454	0.18498	0.02386	0.01706	0.02108	0.54545	0.01350	0.02646	0.01858	0.01727	0.01070	0.01266	0.00917	0.00729	0.00675	0.00182	0.04238	0.00449	0.00351	0.00842
12	0.00868	0.00620	0.00826	0.00991	0.01033	0.00578	0.00661	0.00991	0.01363	0.01818	0.03925	0.74510	0.04710	0.02231	0.00909	0.00289	0.00413	0.02024	0.00661	0.00578
13	0.15066	0.09564	0.33156	0.04121	0.02680	0.03721	0.11394	0.02169	0.01465	0.02303	0.01270	0.01663	0.01000	0.00728	0.00742	0.00227	0.05072	0.02376	0.00347	0.00936
14	0.80005	0.01377	0.01047	0.00936	0.01377	0.01597	0.00771	0.02093	0.01212	0.03195	0.00991	0.01157	0.00771	0.00661	0.00441	0.00220	0.00551	0.00386	0.00441	0.00771
15	0.01727	0.01656	0.02827	0.10175	0.65004	0.01683	0.02168	0.02154	0.01605	0.02284	0.01333	0.01774	0.01113	0.00641	0.00706	0.00214	0.00855	0.00634	0.00349	0.01100
16	0.00917	0.00717	0.00830	0.00818	0.01012	0.00631	0.00607	0.01162	0.01777	0.02327	0.34710	0.11074	0.37510	0.01681	0.00846	0.00237	0.00354	0.01446	0.00715	0.00631
17	0.01008	0.00728	0.00952	0.00896	0.01064	0.00672	0.00672	0.01344	0.02016	0.02855	0.70158	0.05319	0.06719	0.01456	0.00840	0.00224	0.00336	0.01288	0.00784	0.00672
18	0.01002	0.00728	0.00943	0.00889	0.01060	0.00669	0.00667	0.01332	0.02001	0.02821	0.67836	0.05376	0.09062	0.01469	0.00840	0.00225	0.00337	0.01296	0.00779	0.00669
19	0.01529	0.01297	0.01505	0.01080	0.01710	0.01003	0.00866	0.04642	0.01557	0.02413	0.01285	0.01487	0.01061	0.00541	0.00535	0.00110	0.00538	0.00431	0.00434	0.75975
20	0.80005	0.01377	0.01047	0.00936	0.01377	0.01597	0.00771	0.02093	0.01212	0.03195	0.00991	0.01157	0.00771	0.00661	0.00441	0.00220	0.00551	0.00386	0.00441	0.00771
21	0.01010	0.00680	0.00784	0.00810	0.00816	0.00673	0.00467	0.01029	0.01086	0.01448	0.02501	0.15346	0.02913	0.63847	0.03209	0.00629	0.00648	0.01187	0.00467	0.00454
22	0.00849	0.00722	0.00731	0.00729	0.00966	0.00604	0.00547	0.01036	0.01640	0.01963	0.09878	0.06788	0.67555	0.01789	0.00842	0.00240	0.00360	0.01494	0.00666	0.00604
23	0.01904	0.75404	0.03731	0.01218	0.01828	0.02818	0.01218	0.02132	0.01447	0.01675	0.00990	0.01142	0.00914	0.00609	0.00457	0.00152	0.00761	0.00381	0.00305	0.00914
24	0.02732	0.01954	0.02112	0.01619	0.02188	0.02147	0.01337	0.64774	0.03279	0.07970	0.01767	0.01747	0.01240	0.00856	0.00713	0.00214	0.00774	0.00645	0.00721	0.01211
25	0.01558	0.01558	0.02181	0.01869	0.01869	0.02181	0.01558	0.01714	0.01091	0.01714	0.00935	0.01558	0.00935	0.01246	0.02337	0.00312	0.73672	0.00623	0.00312	0.00779
26	0.05135	0.00757	0.00951	0.00903	0.01079	0.00716	0.00677	0.01366	0.01942	0.02822	0.63294	0.08490	0.06309	0.01452	0.00822	0.00227	0.00351	0.01277	0.00760	0.00672
27	0.01558	0.01558	0.02181	0.01869	0.01869	0.02181	0.01558	0.01714	0.01091	0.01714	0.00935	0.01558	0.00935	0.01246	0.02337	0.00312	0.73672	0.00623	0.00312	0.00779
28	0.00945	0.00656	0.00821	0.00921	0.00951	0.00633	0.00592	0.01030	0.01247	0.01660	0.03259	0.44269	0.03852	0.30742	0.01977	0.00448	0.00532	0.04371	0.00571	0.00524
29	0.00845	0.00707	0.00736	0.00758	0.00972	0.00598	0.00557	0.01018	0.01587	0.01909	0.06762	0.16142	0.61247	0.01862	0.00851	0.00247	0.00368	0.01574	0.00661	0.00598
30	0.01741	0.01359	0.01486	0.01215	0.01585	0.03741	0.00931	0.23192	0.01946	0.02674	0.01744	0.02538	0.01592	0.20094	0.11703	0.00441	0.00877	0.00698	0.00511	0.19932
31	0.68654	0.01390	0.01269	0.01076	0.01541	0.01556	0.04312	0.02233	0.01314	0.09552	0.01187	0.01316	0.00881	0.00679	0.00488	0.00221	0.00590	0.00441	0.00478	0.00823
32	0.80005	0.01377	0.01047	0.00936	0.01377	0.01597	0.00771	0.02093	0.01212	0.03195	0.00991	0.01157	0.00771	0.00661	0.00441	0.00220	0.00551	0.00386	0.00441	0.00771
33	0.00877	0.00626	0.00837	0.01002	0.01047	0.00586	0.00677	0.01007	0.01372	0.01828	0.03920	0.72368	0.04690	0.02222	0.00911	0.00290	0.00421	0.04078	0.00661	0.00581
34	0.01644	0.01920	0.05882	0.02901	0.03605	0.01752	0.63717	0.02233	0.01664	0.02263	0.01528	0.04578	0.01209	0.00662	0.00838	0.00242	0.01168	0.00875	0.00370	0.00949
35	0.01134	0.00815	0.01129	0.01286	0.01454	0.00810	0.01122	0.01456	0.01639	0.02122	0.03916	0.07982	0.06898	0.01960	0.00978	0.00324	0.00643	0.63021	0.00656	0.00653
36	0.11021	0.01184	0.01528	0.01393	0.05278	0.01121	0.01083	0.02829	0.05132	0.41988	0.02848	0.03420	0.04179	0.01075	0.00738	0.00241	0.00612	0.12545	0.00750	0.01035
37	0.01458	0.01496	0.02890	0.43307	0.04302	0.01630	0.27561	0.01968	0.01521	0.01999	0.01431	0.04577	0.01138	0.00724	0.00769	0.00240	0.01027	0.00765	0.00346	0.00849
38	0.01008	0.00728	0.00952	0.00896	0.01064	0.00672	0.00672	0.01344	0.02016	0.02855	0.70158	0.05319	0.06719	0.01456	0.00840	0.00224	0.00336	0.01288	0.00784	0.00672
39	0.13599	0.08678	0.40253	0.02042	0.07258	0.05442	0.08700	0.02249	0.01507	0.02334	0.01222	0.01470	0.00917	0.00661	0.00640	0.00217	0.00966	0.00528	0.00335	0.00982
40	0.00873	0.00624	0.00831	0.00988	0.01034	0.00582	0.00661	0.01006	0.01390	0.01861	0.06675	0.71637	0.04793	0.02199	0.00906	0.00286	0.00410	0.01994	0.00666	0.00582
41	0.01386	0.01408	0.04420	0.61644	0.04594	0.01633	0.07333	0.01865	0.01430	0.01865	0.01263	0.01870	0.00958	0.00730	0.00806	0.00241	0.04778	0.00646	0.00319	0.00812
42	0.72992	0.04569	0.01248	0.01109	0.04632	0.01654	0.00857	0.02099	0.01241	0.03089	0.01008	0.01184	0.00794	0.00658	0.00454	0.00217	0.00574	0.00397	0.00431	0.00794
43	0.01094	0.00746	0.00965	0.00905	0.01091	0.00681	0.00680	0.01409	0.01967	0.05946	0.60464	0.07773	0.10615	0.01480	0.00837	0.00227	0.00353	0.01302	0.00776	0.00689
44	0.02637	0.02900	0.02090	0.01881	0.05041	0.48071	0.01403	0.22549	0.02403	0.02596	0.01295	0.01433	0.01015	0.00766	0.00666	0.00194	0.01115	0.00521	0.00471	0.00955
45	0.04538	0.01787	0.05212	0.10067	0.05209	0.04220	0.22488	0.04750	0.23036	0.02489	0.01812	0.02044	0.01382	0.00800	0.00876	0.00241	0.06851	0.00734	0.00478	0.00985
46	0.01744	0.01687	0.02920	0.06689	0.65441	0.01693	0.04962	0.02177	0.01617	0.02307	0.01341	0.01774	0.01120	0.00636	0.00711	0.00214	0.00865	0.00643	0.00352	0.01109
47	0.01778	0.51242	0.16483	0.01625	0.05014	0.02466	0.04814	0.02143	0.01458	0.01844	0.01078	0.01297	0.00930	0.00656	0.00626	0.00181	0.04657	0.00454	0.00309	0.00944
48	0.01383	0.08251	0.47879	0.01887	0.05732	0.01568	0.02112	0.01996	0.01464	0.02117	0.01721	0.14583	0.01597	0.00970	0.00766	0.00234	0.03627	0.00793	0.00368	0.00950
49	0.01033	0.00694	0.00794	0.00789	0.00805	0.00688	0.00456	0.01066	0.01134	0.01529	0.09065	0.04726	0.03004	0.67590	0.03345	0.00643	0.00655	0.01061	0.00467	0.00456
50	0.01035	0.00717	0.00878	0.00838	0.01015	0.00662	0.00628	0.01351	0.01885	0.02705	0.51713	0.05108	0.14111	0.01404	0.00788	0.00217	0.00338	0.01220	0.12723	0.00662
51	0.01564	0.10855	0.12421	0.31423	0.15949	0.04379	0.01910	0.02113	0.05057	0.02032	0.01449	0.02040	0.01188	0.00755	0.00686	0.00223	0.00900	0.03778	0.00359	0.00918
52	0.01483	0.01417	0.02075	0.34842	0.20525	0.05986	0.01756	0.01924	0.03413	0.02016	0.01986	0.05467	0.04772	0.00954	0.00751	0.00240	0.00853	0.08278	0.00408	0.00855
53	0.00937	0.00725	0.00854	0.00822	0.01021	0.00642	0.00616	0.01207	0.01849	0.02460	0.43475	0.05969	0.33648	0.01603	0.00841	0.00231	0.00346	0.01379	0.00732	0.00642
54	0.01712	0.01787	0.08917	0.23408	0.37787	0.03724	0.04352	0.02178	0.01590	0.05752	0.01386	0.01803	0.01082	0.00675	0.00708	0.00221	0.00907	0.00630	0.00366	0.01015
55	0.01709	0.21467	0.35054	0.02178	0.14738	0.01936	0.02042	0.02343	0.04853	0.05372	0.01366	0.01557	0.01048	0.00676	0.00630	0.00205	0.00896	0.00531	0.00359	0.01042
56	0.03195	0.01212	0.01652	0.01267	0.01818	0.01047	0.01047	0.03470	0.02038	0.71026	0.02809	0.02424	0.01763	0.00881	0.00716	0.00220	0.00606	0.00716	0.00881	0.01212
57	0.01622	0.00864	0.01149	0.01000	0.01276	0.00777	0.00777	0.01941	0.02022	0.22006	0.51239	0.04506	0.05327	0.01294	0.00805	0.00223	0.00412	0.01127	0.00811	0.00824
58	0.01899	0.01502	0.02587	0.12029	0.22206	0.01502	0.16553	0.04813	0.04164	0.14634	0.01951	0.06799	0.01599	0.00858	0.00764	0.00234	0.00849	0.03545	0.00503	0.01009
59	0.02586	0.03095	0.02025	0.01862	0.04370	0.59400	0.01376	0.10687	0.02155	0.02099	0.01351	0.01505	0.02875	0.00775	0.00658	0.00190	0.01184	0.00515	0.00416	0.00876
60	0.01980	0.01183	0.01537	0.01497	0.07346	0.01173	0.01092	0.09458	0.10091	0.22426	0.16912	0.08449	0.03231	0.01215	0.00788	0.00240	0.00577	0.09098	0.00737	0.00969
61	0.01769	0.01842	0.06115	0.04138	0.62952	0.03676	0.04647	0.02211	0.01629	0.02305	0.01334	0.01743	0.01110	0.00638	0.00707	0.00212	0.00881	0.00632	0.00351	0.01110
62	0.01527	0.02457	0.30836	0.06807	0.10429	0.01658	0.14282	0.02108	0.01494	0.02186	0.01273	0.01637	0.00985	0.00708	0.00885	0.00223	0.09334	0.00602	0.00334	0.10235
63	0.80005	0.01377	0.01047	0.00936	0.01377	0.01597	0.00771	0.02093	0.01212	0.03195	0.00991	0.01157	0.00771	0.00661	0.00441	0.00220	0.00551	0.00386	0.00441	0.00771
64	0.02621	0.02006	0.02073	0.01612	0.02152	0.05791	0.01321	0.61468	0.03213	0.04264	0.05031	0.01864	0.01465	0.00878	0.00715	0.00213	0.00788	0.00663	0.00698	0.01164
65	0.01237	0.00618	0.00928	0.00928	0.00928	0.00618	0.00618	0.00928	0.00928	0.01237	0.01237	0.02165	0.01237	0.02474	0.02783	0.79283	0.00618	0.00618	0.00309	0.00309
66	0.00879	0.00696	0.00791	0.00823	0.00999	0.00608	0.00596	0.01073	0.01628	0.02067	0.17908	0.24049	0.41665	0.01850	0.00859	0.00250	0.00370	0.01598	0.00684	0.00608
67	0.00868	0.00620	0.00826	0.00991	0.01033	0.00578	0.00661	0.00991	0.01363	0.01818	0.03925	0.74510	0.04710	0.02231	0.00909	0.00289	0.00413	0.02024	0.00661	0.00578
68	0.80005	0.01377	0.01047	0.00936	0.01377	0.01597	0.00771	0.02093	0.01212	0.03195	0.00991	0.01157	0.00771	0.00661	0.00441	0.00220	0.00551	0.00386	0.00441	0.00771
69	0.77197	0.04039	0.01143	0.00947	0.01393	0.01641	0.00787	0.02095	0.01220	0.03140	0.00991	0.01156	0.00776	0.00659	0.00441	0.00218	0.00558	0.00385	0.00436	0.00776
70	0.80005	0.01377	0.01047	0.00936	0.01377	0.01597	0.00771	0.02093	0.01212	0.03195	0.00991	0.01157	0.00771	0.00661	0.00441	0.00220	0.00551	0.00386	0.00441	0.00771
71	0.01237	0.00618	0.00928	0.00928	0.00928	0.00618	0.00618	0.00928	0.00928	0.01237	0.01237	0.02165	0.01237	0.02474	0.02783	0.79283	0.00618	0.00618	0.00309	0.00309
72	0.02660	0.03394	0.02018	0.01834	0.02201	0.72116	0.01376	0.02843	0.02018	0.01743	0.01101	0.01284	0.00917	0.00734	0.00642	0.00183	0.01284	0.00459	0.00367	0.00825
73	0.02632	0.06041	0.02081	0.01812	0.02188	0.69569	0.01370	0.02817	0.01997	0.01740	0.01097	0.01279	0.00917	0.00729	0.00635	0.00182	0.01265	0.00456	0.00365	0.00829
74	0.01871	0.70514	0.08337	0.01274	0.01913	0.02738	0.01315	0.02141	0.01451	0.01715	0.01010	0.01167	0.00913	0.00614	0.00472	0.00157	0.00781	0.00391	0.00304	0.00923
75	0.00926	0.00703	0.00931	0.00980	0.01081	0.00650	0.03135	0.01066	0.01393	0.01821	0.06597	0.45565	0.16200	0.13912	0.01334	0.00341	0.00476	0.01697	0.00617	0.00576
76	0.01237	0.00618	0.00928	0.00928	0.00928	0.00618	0.00618	0.00928	0.00928	0.01237	0.01237	0.02165	0.01237	0.02474	0.02783	0.79283	0.00618	0.00618	0.00309	0.00309
77	0.77302	0.01388	0.01110	0.01055	0.03766	0.01601	0.00820	0.02096	0.01226	0.03165	0.01004	0.01178	0.00783	0.00660	0.00450	0.00220	0.00561	0.00394	0.00438	0.00783
78	0.80005	0.01377	0.01047	0.00936	0.01377	0.01597	0.00771	0.02093	0.01212	0.03195	0.00991	0.01157	0.00771	0.00661	0.00441	0.00220	0.00551	0.00386	0.00441	0.00771
79	0.01587	0.27593	0.48765	0.01759	0.02664	0.02042	0.02160	0.02214	0.01485	0.02062	0.01182	0.01383	0.00906	0.00654	0.00603	0.00201	0.00955	0.00478	0.00302	0.01006
80	0.00890	0.00632	0.00835	0.00988	0.01031	0.00595	0.00662	0.01013	0.01350	0.01798	0.03798	0.67022	0.04534	0.07466	0.01107	0.00320	0.00442	0.04303	0.00644	0.00571
81	0.01477	0.01266	0.01477	0.01055	0.01687	0.00949	0.00844	0.01793	0.01477	0.02320	0.01266	0.01477	0.01055	0.00527	0.00527	0.00105	0.00527	0.00422	0.00422	0.79328
82	0.01580	0.01089	0.01345	0.01285	0.01560	0.01123	0.01060	0.14668	0.06450	0.07253	0.14865	0.10566	0.03762	0.01545	0.00866	0.00272	0.00597	0.28577	0.00709	0.00828
83	0.03195	0.01212	0.01652	0.01267	0.01818	0.01047	0.01047	0.03470	0.02038	0.71026	0.02809	0.02424	0.01763	0.00881	0.00716	0.00220	0.00606	0.00716	0.00881	0.01212
84	0.02597	0.01995	0.02069	0.01621	0.02156	0.05563	0.01326	0.59430	0.06283	0.04176	0.01743	0.01774	0.01263	0.01023	0.03399	0.00249	0.00840	0.00644	0.00684	0.01166
85	0.01237	0.00618	0.00928	0.00928	0.00928	0.00618	0.00618	0.00928	0.00928	0.01237	0.01237	0.02165	0.01237	0.02474	0.02783	0.79283	0.00618	0.00618	0.00309	0.00309
86	0.00860	0.00722	0.00747	0.00741	0.00973	0.00609	0.00556	0.01058	0.01668	0.02029	0.14351	0.06679	0.63041	0.01764	0.00841	0.00239	0.00358	0.01478	0.00675	0.00609
87	0.01904	0.75404	0.03731	0.01218	0.01828	0.02818	0.01218	0.02132	0.01447	0.01675	0.00990	0.01142	0.00914	0.00609	0.00457	0.00152	0.00761	0.00381	0.00305	0.00914
88	0.01925	0.42870	0.18679	0.01505	0.02182	0.02418	0.01577	0.13983	0.01785	0.02313	0.01182	0.01343	0.00965	0.00695	0.00632	0.00187	0.03918	0.00471	0.00377	0.00993
89	0.00883	0.00723	0.00779	0.00765	0.00987	0.00619	0.00574	0.01103	0.01721	0.02157	0.22997	0.06468	0.54315	0.01716	0.00841	0.00236	0.00354	0.01449	0.00692	0.00619
90	0.02004	0.01614	0.01718	0.01482	0.01923	0.01837	0.01170	0.16776	0.53864	0.05383	0.02655	0.02458	0.01967	0.00941	0.00722	0.00235	0.00609	0.00769	0.00727	0.01147
91	0.01514	0.01402	0.04764	0.01119	0.01770	0.01023	0.00944	0.03953	0.01538	0.02387	0.01281	0.01485	0.01053	0.00545	0.00540	0.00115	0.00560	0.00434	0.00426	0.73149
92	0.01791	0.08530	0.02284	0.03891	0.06601	0.10269	0.04687	0.05441	0.01474	0.04897	0.01275	0.01742	0.01117	0.01562	0.11115	0.00374	0.31105	0.00617	0.00378	0.00851
93	0.02614	0.03317	0.02025	0.01836	0.02188	0.69212	0.01383	0.02796	0.01979	0.01742	0.01094	0.01295	0.00918	0.00755	0.00712	0.00189	0.04290	0.00465	0.00365	0.00824
94	0.01477	0.01266	0.01477	0.01055	0.01687	0.00949	0.00844	0.01793	0.01477	0.02320	0.01266	0.01477	0.01055	0.00527	0.00527	0.00105	0.00527	0.00422	0.00422	0.79328
95	0.01008	0.00728	0.00952	0.00896	0.01064	0.00672	0.00672	0.01344	0.02016	0.02855	0.70158	0.05319	0.06719	0.01456	0.00840	0.00224	0.00336	0.01288	0.00784	0.00672
96	0.01211	0.00621	0.00918	0.00926	0.00928	0.00619	0.00615	0.00934	0.00954	0.01272	0.01409	0.06029	0.01461	0.04753	0.02711	0.72664	0.00610	0.00705	0.00331	0.00327
97	0.00874	0.00624	0.00832	0.00987	0.01034	0.00582	0.00661	0.01007	0.01391	0.01862	0.06768	0.71541	0.04796	0.02198	0.00906	0.00286	0.00410	0.01993	0.00666	0.00582
98	0.02138	0.01601	0.01718	0.01414	0.01877	0.01751	0.01136	0.32808	0.24926	0.07369	0.03009	0.02852	0.12123	0.01038	0.00736	0.00227	0.00636	0.00832	0.00718	0.01090
99	0.01345	0.01266	0.02136	0.73264	0.04904	0.01582	0.01978	0.01819	0.01424	0.01819	0.01266	0.01898	0.00949	0.00712	0.00712	0.00237	0.00949	0.00633	0.00316	0.00791
100	0.01148	0.00836	0.01134	0.01271	0.01447	0.00836	0.01099	0.01527	0.03984	0.02174	0.06214	0.07691	0.07583	0.01906	0.00962	0.00317	0.00626	0.57912	0.00663	0.00670
101	0.01904	0.75404	0.03731	0.01218	0.01828	0.02818	0.01218	0.02132	0.01447	0.01675	0.00990	0.01142	0.00914	0.00609	0.00457	0.00152	0.00761	0.00381	0.00305	0.00914
102	0.77154	0.01400	0.01087	0.00962	0.01408	0.01620	0.00793	0.04530	0.01291	0.03242	0.01018	0.01177	0.00787	0.00668	0.00451	0.00220	0.00559	0.00395	0.00451	0.00787
103	0.01558	0.01558	0.02181	0.01869	0.01869	0.02181	0.01558	0.01714	0.01091	0.01714	0.00935	0.01558	0.00935	0.01246	0.02337	0.00312	0.73672	0.00623	0.00312	0.00779
104	0.01138	0.00817	0.01135	0.01294	0.01460	0.00813	0.01129	0.01462	0.01639	0.02125	0.03873	0.07997	0.06067	0.01962	0.00979	0.00325	0.00647	0.63828	0.00656	0.00654
105	0.59004	0.01398	0.01253	0.01058	0.01530	0.01545	0.00872	0.07899	0.01547	0.16119	0.01395	0.01443	0.00995	0.00719	0.00516	0.00220	0.00581	0.00469	0.00547	0.00891
106	0.00881	0.00620	0.00830	0.00989	0.01029	0.00580	0.00659	0.00989	0.01347	0.01796	0.03823	0.71787	0.04579	0.02240	0.00979	0.03263	0.00421	0.01971	0.00648	0.00568
107	0.03195	0.01212	0.01652	0.01267	0.01818	0.01047	0.01047	0.03470	0.02038	0.71026	0.02809	0.02424	0.01763	0.00881	0.00716	0.00220	0.00606	0.00716	0.00881	0.01212
108	0.02660	0.03394	0.02018	0.01834	0.02201	0.72116	0.01376	0.02843	0.02018	0.01743	0.01101	0.01284	0.00917	0.00734	0.00642	0.00183	0.01284	0.00459	0.00367	0.00825
109	0.02537	0.01984	0.02036	0.01615	0.02144	0.05788	0.01314	0.53197	0.15096	0.04073	0.01891	0.01857	0.01368	0.00868	0.00711	0.00217	0.00770	0.00661	0.00696	0.01176
110	0.00957	0.00684	0.00897	0.00942	0.01048	0.00640	0.00669	0.01185	0.01677	0.02317	0.36663	0.33730	0.05558	0.06186	0.01040	0.00282	0.00400	0.03798	0.00708	0.00619
111	0.03034	0.01248	0.01648	0.01287	0.01822	0.01128	0.01056	0.03506	0.09619	0.63351	0.02819	0.02450	0.01809	0.00891	0.00717	0.00223	0.00601	0.00726	0.00864	0.01202
112	0.00868	0.00620	0.00826	0.00991	0.01033	0.00578	0.00661	0.00991	0.01363	0.01818	0.03925	0.74510	0.04710	0.02231	0.00909	0.00289	0.00413	0.02024	0.00661	0.00578
113	0.01723	0.01830	0.08798	0.10091	0.38000	0.01720	0.07146	0.04934	0.13789	0.02466	0.01628	0.01923	0.01277	0.00711	0.00717	0.00223	0.00849	0.00672	0.00425	0.01078
114	0.00905	0.00697	0.00902	0.01092	0.04420	0.00638	0.00707	0.01057	0.01439	0.01868	0.04592	0.54622	0.20347	0.02050	0.00883	0.00274	0.00422	0.01830	0.00646	0.00611
115	0.05538	0.01236	0.01633	0.01261	0.01798	0.01102	0.01040	0.06102	0.02067	0.64053	0.04693	0.02439	0.01854	0.00890	0.00711	0.00220	0.00604	0.00719	0.00857	0.01182
116	0.80005	0.01377	0.01047	0.00936	0.01377	0.01597	0.00771	0.02093	0.01212	0.03195	0.00991	0.01157	0.00771	0.00661	0.00441	0.00220	0.00551	0.00386	0.00441	0.00771
117	0.00887	0.00723	0.00784	0.00769	0.00990	0.00620	0.00577	0.01109	0.01730	0.02177	0.24326	0.06436	0.52974	0.01709	0.00841	0.00236	0.00354	0.01444	0.00695	0.00620
118	0.02138	0.01746	0.01803	0.01514	0.01977	0.04079	0.01207	0.28805	0.39556	0.03500	0.02500	0.02362	0.03666	0.00939	0.00721	0.00229	0.00666	0.00750	0.00707	0.01136
119	0.02172	0.02198	0.02181	0.18468	0.13445	0.24312	0.01618	0.17622	0.06538	0.02565	0.01434	0.01687	0.01107	0.00756	0.00689	0.00211	0.00977	0.00591	0.00456	0.00973
120	0.01447	0.01580	0.04653	0.01285	0.01493	0.20274	0.00977	0.03473	0.01628	0.01927	0.05282	0.41854	0.05411	0.01773	0.03272	0.00281	0.00741	0.01398	0.00559	0.00693
121	0.02063	0.01848	0.01766	0.01586	0.03811	0.12434	0.01215	0.20827	0.31158	0.03064	0.02528	0.04802	0.05034	0.01011	0.00730	0.00229	0.00730	0.03470	0.00649	0.01043
122	0.01555	0.10516	0.48783	0.02200	0.10413	0.04397	0.05030	0.02224	0.01557	0.02209	0.03836	0.01648	0.01154	0.00693	0.00669	0.00216	0.00988	0.00563	0.00330	0.01020
123	0.02068	0.59779	0.03360	0.01352	0.01909	0.17854	0.01253	0.02287	0.01571	0.01690	0.01014	0.01173	0.00915	0.00636	0.00497	0.00159	0.00875	0.00398	0.00318	0.00895
124	0.01477	0.01266	0.01477	0.01055	0.01687	0.00949	0.00844	0.01793	0.01477	0.02320	0.01266	0.01477	0.01055	0.00527	0.00527	0.00105	0.00527	0.00422	0.00422	0.79328
125	0.01793	0.09769	0.08417	0.04252	0.04905	0.26956	0.01293	0.02099	0.01786	0.02055	0.13124	0.02863	0.09853	0.00981	0.00692	0.00202	0.00859	0.02978	0.00465	0.04657
126	0.80005	0.01377	0.01047	0.00936	0.01377	0.01597	0.00771	0.02093	0.01212	0.03195	0.00991	0.01157	0.00771	0.00661	0.00441	0.00220	0.00551	0.00386	0.00441	0.00771
127	0.80005	0.01377	0.01047	0.00936	0.01377	0.01597	0.00771	0.02093	0.01212	0.03195	0.00991	0.01157	0.00771	0.00661	0.00441	0.00220	0.00551	0.00386	0.00441	0.00771
128	0.02023	0.01449	0.01627	0.01463	0.03903	0.01580	0.01116	0.08191	0.45049	0.15191	0.03082	0.02843	0.07271	0.00997	0.00731	0.00235	0.00580	0.00826	0.00735	0.01108
129	0.00857	0.00717	0.00746	0.00749	0.00974	0.00606	0.00558	0.01048	0.01643	0.01997	0.12355	0.10038	0.61682	0.01795	0.00845	0.00241	0.00361	0.01510	0.00672	0.00606
130	0.01234	0.00915	0.01148	0.01156	0.01376	0.00915	0.00955	0.07130	0.05204	0.02561	0.23484	0.06302	0.12076	0.01655	0.00889	0.00273	0.00534	0.30766	0.00702	0.00724
131	0.01404	0.01336	0.02288	0.62955	0.12642	0.01602	0.04019	0.01877	0.01455	0.01893	0.01280	0.01883	0.00974	0.00699	0.00715	0.00234	0.00945	0.00639	0.00322	0.00836
132	0.01993	0.04622	0.01721	0.01491	0.01853	0.20500	0.01164	0.07300	0.29711	0.04857	0.02388	0.07059	0.02055	0.03132	0.00808	0.00244	0.00783	0.06770	0.00599	0.00950
133	0.02460	0.04346	0.01783	0.01375	0.01889	0.09546	0.01108	0.09579	0.16906	0.28363	0.02220	0.02081	0.01562	0.00816	0.00671	0.00200	0.00686	0.00641	0.00679	0.13088
134	0.12277	0.26716	0.05003	0.01415	0.01958	0.12242	0.01253	0.23260	0.02113	0.02809	0.01479	0.01573	0.03588	0.00759	0.00585	0.00191	0.00812	0.00523	0.00474	0.00971
135	0.77537	0.01374	0.01081	0.03206	0.01488	0.01597	0.00809	0.02085	0.01218	0.03152	0.01000	0.01180	0.00777	0.00663	0.00449	0.00221	0.00563	0.00393	0.00437	0.00772

[dist]
# distance from previous block
# <min> <max>
0	43

[block]
# block no. 2 follows, 29 sequences, length 162
# corresponding to MSA columns:
# 300-461
name=unknown_C
#
# <colnr> <probs for GDERKNQSTAVLIFYWHMCP>
#	G	D	E	R	K	N	Q	S	T	A	V	L	I	F	Y	W	H	M	C	P
0	0.01450	0.06935	0.68223	0.01993	0.03025	0.01706	0.02567	0.02249	0.01501	0.02229	0.01265	0.01487	0.00903	0.00673	0.00667	0.00222	0.01039	0.00520	0.00301	0.01046
1	0.01452	0.01240	0.01451	0.01052	0.01661	0.00934	0.00836	0.01761	0.01472	0.02300	0.01372	0.04397	0.01201	0.00595	0.00543	0.00113	0.00523	0.00486	0.00431	0.76179
2	0.01872	0.01564	0.01616	0.01436	0.01845	0.03871	0.01120	0.06282	0.59055	0.06158	0.02936	0.02707	0.04375	0.00979	0.00725	0.00238	0.00590	0.00807	0.00718	0.01107
3	0.80005	0.01377	0.01047	0.00936	0.01377	0.01597	0.00771	0.02093	0.01212	0.03195	0.00991	0.01157	0.00771	0.00661	0.00441	0.00220	0.00551	0.00386	0.00441	0.00771
4	0.00874	0.00625	0.00832	0.00987	0.01034	0.00583	0.00662	0.01008	0.01394	0.01866	0.07018	0.71279	0.04803	0.02195	0.00906	0.00286	0.00410	0.01990	0.00667	0.00583
5	0.00879	0.00632	0.00837	0.00996	0.01050	0.00590	0.00678	0.01014	0.01385	0.01835	0.04035	0.69192	0.07023	0.02204	0.00910	0.00289	0.00422	0.04787	0.00661	0.00583
6	0.00847	0.00722	0.00728	0.00727	0.00965	0.00603	0.00545	0.01031	0.01635	0.01951	0.09088	0.06807	0.68352	0.01793	0.00842	0.00240	0.00360	0.01496	0.00665	0.00603
7	0.01904	0.75404	0.03731	0.01218	0.01828	0.02818	0.01218	0.02132	0.01447	0.01675	0.00990	0.01142	0.00914	0.00609	0.00457	0.00152	0.00761	0.00381	0.00305	0.00914
8	0.02815	0.01619	0.01883	0.01460	0.01998	0.01670	0.01199	0.39278	0.02734	0.30843	0.02251	0.05394	0.01594	0.00930	0.00723	0.00220	0.00696	0.00736	0.00777	0.01182
9	0.03195	0.01212	0.01652	0.01267	0.01818	0.01047	0.01047	0.03470	0.02038	0.71026	0.02809	0.02424	0.01763	0.00881	0.00716	0.00220	0.00606	0.00716	0.00881	0.01212
10	0.04921	0.00957	0.01331	0.08056	0.04420	0.01004	0.01252	0.03695	0.01653	0.02235	0.03252	0.06706	0.03448	0.01704	0.00914	0.00306	0.00689	0.52142	0.00605	0.00709
11	0.01662	0.02266	0.22707	0.03347	0.41235	0.01693	0.05297	0.02363	0.08051	0.02366	0.01475	0.01780	0.01160	0.00677	0.00705	0.00220	0.00896	0.00629	0.00373	0.01098
12	0.00874	0.00624	0.00832	0.00987	0.01034	0.00582	0.00661	0.01007	0.01392	0.01863	0.06816	0.71490	0.04797	0.02197	0.00906	0.00286	0.00410	0.01992	0.00666	0.00582
13	0.00940	0.00712	0.00867	0.00857	0.01029	0.00638	0.00632	0.01201	0.01812	0.02441	0.42643	0.14969	0.25338	0.01662	0.00850	0.00238	0.00354	0.01450	0.00731	0.00638
14	0.01094	0.00827	0.01007	0.01079	0.01203	0.00843	0.00756	0.03706	0.12962	0.02139	0.06856	0.54197	0.04191	0.04371	0.00959	0.00289	0.00456	0.01703	0.00672	0.00692
15	0.02057	0.01528	0.01741	0.01313	0.01881	0.01458	0.01067	0.27236	0.02219	0.08184	0.01621	0.03849	0.01274	0.00749	0.00671	0.00166	0.02552	0.00581	0.00571	0.39282
16	0.01455	0.04091	0.01546	0.03697	0.01540	0.01249	0.04203	0.09170	0.01430	0.02004	0.01758	0.10712	0.01737	0.07228	0.04324	0.22553	0.12349	0.00829	0.07479	0.00647
17	0.00874	0.00719	0.00769	0.00764	0.00984	0.00614	0.00570	0.01083	0.01690	0.02099	0.19217	0.08796	0.55852	0.01751	0.00843	0.00239	0.00358	0.01479	0.00685	0.00614
18	0.01518	0.01340	0.01740	0.01527	0.10215	0.01069	0.03228	0.01857	0.01501	0.02320	0.01280	0.01526	0.01065	0.00543	0.00560	0.00123	0.00589	0.00462	0.00411	0.67127
19	0.01480	0.07454	0.62302	0.02166	0.08228	0.01720	0.02519	0.02243	0.01509	0.02229	0.01267	0.01504	0.00920	0.00670	0.00667	0.00220	0.01020	0.00527	0.00305	0.01051
20	0.01490	0.04358	0.01276	0.04508	0.01451	0.00894	0.00829	0.01801	0.01903	0.15645	0.41617	0.04367	0.10873	0.01259	0.00778	0.00217	0.00449	0.01084	0.00729	0.04474
21	0.02638	0.01960	0.02098	0.01624	0.02182	0.02176	0.01337	0.63446	0.08172	0.04377	0.01797	0.01779	0.01281	0.00863	0.00713	0.00216	0.00767	0.00653	0.00713	0.01205
22	0.01022	0.00763	0.01019	0.01056	0.04267	0.00707	0.00734	0.01336	0.01922	0.02695	0.58148	0.11241	0.09389	0.01502	0.00840	0.00230	0.00367	0.01332	0.00747	0.00681
23	0.01906	0.56812	0.14168	0.01408	0.02063	0.09686	0.01456	0.02224	0.01514	0.01773	0.01046	0.01213	0.00912	0.00632	0.00510	0.00167	0.00860	0.00412	0.00310	0.00927
24	0.01496	0.13851	0.61708	0.01915	0.02904	0.01819	0.02431	0.02238	0.01495	0.02173	0.01237	0.01452	0.00904	0.00667	0.00645	0.00215	0.01011	0.00506	0.00301	0.01033
25	0.01360	0.01281	0.02163	0.70803	0.07248	0.01586	0.01985	0.01832	0.01431	0.01837	0.01268	0.01894	0.00956	0.00709	0.00712	0.00236	0.00946	0.00633	0.00318	0.00803
26	0.01345	0.01266	0.02136	0.73264	0.04904	0.01582	0.01978	0.01819	0.01424	0.01819	0.01266	0.01898	0.00949	0.00712	0.00712	0.00237	0.00949	0.00633	0.00316	0.00791
27	0.01455	0.03514	0.65195	0.02180	0.06228	0.01662	0.05462	0.02253	0.01517	0.02259	0.01288	0.01534	0.00920	0.00671	0.00685	0.00225	0.01049	0.00545	0.00306	0.01052
28	0.03195	0.01212	0.01652	0.01267	0.01818	0.01047	0.01047	0.03470	0.02038	0.71026	0.02809	0.02424	0.01763	0.00881	0.00716	0.00220	0.00606	0.00716	0.00881	0.01212
29	0.00900	0.00645	0.00853	0.01007	0.01066	0.00606	0.00698	0.01042	0.01389	0.01838	0.03966	0.63476	0.06770	0.04516	0.01001	0.00304	0.00444	0.08246	0.00653	0.00582
30	0.01130	0.04226	0.04566	0.06256	0.03393	0.00960	0.04183	0.03328	0.01476	0.01987	0.09626	0.37818	0.03613	0.12615	0.01249	0.00323	0.00590	0.01428	0.00561	0.00669
31	0.01310	0.01228	0.02038	0.68242	0.04631	0.01514	0.01878	0.01764	0.01438	0.01827	0.01677	0.02241	0.05746	0.00787	0.00721	0.00238	0.00908	0.00693	0.00340	0.00778
32	0.03195	0.01212	0.01652	0.01267	0.01818	0.01047	0.01047	0.03470	0.02038	0.71026	0.02809	0.02424	0.01763	0.00881	0.00716	0.00220	0.00606	0.00716	0.00881	0.01212
33	0.05468	0.01972	0.02098	0.01613	0.02179	0.02186	0.01333	0.65799	0.03272	0.04441	0.01684	0.01690	0.01195	0.00848	0.00703	0.00214	0.00775	0.00632	0.00703	0.01195
34	0.02386	0.07301	0.02322	0.05379	0.15686	0.39569	0.01547	0.13165	0.02093	0.02299	0.01246	0.01464	0.01007	0.00725	0.00657	0.00194	0.01070	0.00525	0.00414	0.00951
35	0.01107	0.00917	0.01278	0.01257	0.01309	0.01106	0.00953	0.01269	0.01206	0.01714	0.02434	0.29831	0.02718	0.07578	0.21880	0.00566	0.20542	0.01222	0.00472	0.00639
36	0.03195	0.01212	0.01652	0.01267	0.01818	0.01047	0.01047	0.03470	0.02038	0.71026	0.02809	0.02424	0.01763	0.00881	0.00716	0.00220	0.00606	0.00716	0.00881	0.01212
37	0.00868	0.00620	0.00826	0.00991	0.01033	0.00578	0.00661	0.00991	0.01363	0.01818	0.03925	0.74510	0.04710	0.02231	0.00909	0.00289	0.00413	0.02024	0.00661	0.00578
38	0.01654	0.01333	0.01724	0.01969	0.15502	0.01425	0.01329	0.04744	0.28972	0.05703	0.02937	0.04112	0.04745	0.01206	0.00798	0.00258	0.00649	0.19323	0.00635	0.00982
39	0.01419	0.01341	0.02269	0.61093	0.16498	0.01601	0.02014	0.01884	0.01459	0.01909	0.01279	0.01874	0.00981	0.00698	0.00711	0.00233	0.00931	0.00633	0.00323	0.00851
40	0.80005	0.01377	0.01047	0.00936	0.01377	0.01597	0.00771	0.02093	0.01212	0.03195	0.00991	0.01157	0.00771	0.00661	0.00441	0.00220	0.00551	0.00386	0.00441	0.00771
41	0.01008	0.00728	0.00952	0.00896	0.01064	0.00672	0.00672	0.01344	0.02016	0.02855	0.70158	0.05319	0.06719	0.01456	0.00840	0.00224	0.00336	0.01288	0.00784	0.00672
42	0.01771	0.01530	0.01610	0.01449	0.01852	0.01771	0.01127	0.03784	0.69247	0.02979	0.02898	0.02657	0.02174	0.00966	0.00725	0.00242	0.00564	0.00805	0.00725	0.01127
43	0.01819	0.01519	0.01612	0.01443	0.01850	0.01747	0.01124	0.03773	0.66978	0.05276	0.02895	0.02649	0.02160	0.00963	0.00724	0.00241	0.00565	0.00802	0.00730	0.01130
44	0.01000	0.00728	0.00941	0.00888	0.01059	0.00669	0.00666	0.01329	0.01998	0.02813	0.67304	0.05389	0.09599	0.01471	0.00840	0.00225	0.00337	0.01298	0.00778	0.00669
45	0.00992	0.00727	0.00930	0.00880	0.01054	0.00665	0.00660	0.01314	0.01979	0.02769	0.64293	0.05462	0.12637	0.01488	0.00840	0.00225	0.00338	0.01308	0.00772	0.00665
46	0.01904	0.75404	0.03731	0.01218	0.01828	0.02818	0.01218	0.02132	0.01447	0.01675	0.00990	0.01142	0.00914	0.00609	0.00457	0.00152	0.00761	0.00381	0.00305	0.00914
47	0.01015	0.00700	0.00862	0.00911	0.00964	0.00684	0.00610	0.01130	0.01316	0.01769	0.11797	0.18919	0.03767	0.40568	0.02347	0.00498	0.00584	0.10479	0.00555	0.00524
48	0.80005	0.01377	0.01047	0.00936	0.01377	0.01597	0.00771	0.02093	0.01212	0.03195	0.00991	0.01157	0.00771	0.00661	0.00441	0.00220	0.00551	0.00386	0.00441	0.00771
49	0.01345	0.01266	0.02136	0.73264	0.04904	0.01582	0.01978	0.01819	0.01424	0.01819	0.01266	0.01898	0.00949	0.00712	0.00712	0.00237	0.00949	0.00633	0.00316	0.00791
50	0.01017	0.00763	0.01144	0.01144	0.01272	0.00890	0.00890	0.01272	0.01144	0.01653	0.01907	0.02797	0.01780	0.05340	0.72153	0.01144	0.01907	0.00763	0.00381	0.00636
51	0.01011	0.00702	0.00879	0.00896	0.00938	0.00727	0.00579	0.01099	0.01130	0.01543	0.04429	0.12066	0.02752	0.47195	0.20312	0.00744	0.00952	0.01086	0.00456	0.00506
52	0.01477	0.01266	0.01477	0.01055	0.01687	0.00949	0.00844	0.01793	0.01477	0.02320	0.01266	0.01477	0.01055	0.00527	0.00527	0.00105	0.00527	0.00422	0.00422	0.79328
53	0.80005	0.01377	0.01047	0.00936	0.01377	0.01597	0.00771	0.02093	0.01212	0.03195	0.00991	0.01157	0.00771	0.00661	0.00441	0.00220	0.00551	0.00386	0.00441	0.00771
54	0.02208	0.01577	0.06993	0.01388	0.01871	0.01480	0.01184	0.17463	0.19921	0.21479	0.10643	0.02712	0.02324	0.04412	0.00865	0.00247	0.00640	0.00793	0.00725	0.01075
55	0.02387	0.01812	0.01953	0.01532	0.02069	0.01969	0.01248	0.49573	0.13382	0.03961	0.01906	0.03691	0.01434	0.00874	0.00700	0.00209	0.00713	0.00679	0.00683	0.09224
56	0.01398	0.12625	0.01618	0.01066	0.01452	0.01225	0.00866	0.05000	0.06501	0.02577	0.30779	0.06341	0.03687	0.01056	0.00689	0.00186	0.00492	0.00891	0.00603	0.20948
57	0.01500	0.06883	0.57145	0.02278	0.09622	0.01723	0.06596	0.02244	0.01523	0.02235	0.01280	0.01537	0.00936	0.00664	0.00679	0.00221	0.01027	0.00549	0.00310	0.01047
58	0.01105	0.03699	0.01344	0.01238	0.01318	0.01078	0.02650	0.01259	0.01263	0.01746	0.02724	0.39512	0.03127	0.08224	0.10906	0.00434	0.15832	0.01393	0.00511	0.00638
