[name]
unknown

[dist]
# distance from previous block
# <min> <max>
31	68

[block]
# block no. 0 follows, 29 sequences, length 6
# corresponding to MSA columns:
# 79-84
name=unknown_A
#
# <colnr> <probs for GDERKNQSTAVLIFYWHMCP>
#	G	D	E	R	K	N	Q	S	T	A	V	L	I	F	Y	W	H	M	C	P
0	0.01507	0.01456	0.02109	0.54991	0.08650	0.05836	0.01843	0.02164	0.10419	0.02001	0.01476	0.01953	0.01121	0.00742	0.00709	0.00233	0.00912	0.00645	0.00376	0.00860
1	0.12763	0.01249	0.01589	0.14699	0.02276	0.01233	0.01132	0.02575	0.06188	0.28148	0.05615	0.02152	0.01640	0.00792	0.00651	0.00204	0.00631	0.00639	0.00616	0.15207
2	0.01055	0.00733	0.00885	0.05796	0.01085	0.00751	0.00557	0.01114	0.01140	0.01528	0.07583	0.04521	0.02804	0.63989	0.03201	0.00622	0.00680	0.01028	0.00452	0.00475
3	0.23477	0.01303	0.01392	0.01144	0.01574	0.01358	0.00929	0.16841	0.02045	0.20990	0.12119	0.02378	0.02120	0.00897	0.00637	0.00214	0.00563	0.00690	0.08371	0.00957
4	0.02194	0.01767	0.01781	0.01490	0.01937	0.07647	0.01185	0.27856	0.28824	0.06723	0.08896	0.02434	0.02130	0.00949	0.00724	0.00223	0.00687	0.00757	0.00704	0.01093
5	0.02656	0.01310	0.01634	0.01294	0.01777	0.01265	0.01053	0.15809	0.06935	0.42549	0.13231	0.02757	0.02465	0.00973	0.00735	0.00221	0.00595	0.00798	0.00822	0.01121

[dist]
# distance from previous block
# <min> <max>
2	10

[block]
# block no. 1 follows, 29 sequences, length 84
# corresponding to MSA columns:
# 95-178
name=unknown_B
#
# <colnr> <probs for GDERKNQSTAVLIFYWHMCP>
#	G	D	E	R	K	N	Q	S	T	A	V	L	I	F	Y	W	H	M	C	P
0	0.16055	0.01851	0.05176	0.10039	0.19663	0.09848	0.01539	0.08954	0.10151	0.07702	0.01576	0.01756	0.01194	0.00742	0.00654	0.00218	0.00806	0.00592	0.00484	0.01003
1	0.08552	0.02175	0.04511	0.02389	0.22798	0.22872	0.01524	0.09944	0.04223	0.05486	0.04219	0.01991	0.04660	0.00802	0.00677	0.00208	0.00892	0.00633	0.00470	0.00975
2	0.49510	0.01825	0.07660	0.01294	0.01792	0.08345	0.04319	0.05342	0.07206	0.02960	0.03119	0.01502	0.01112	0.00723	0.00548	0.00220	0.00703	0.00499	0.00463	0.00858
3	0.10149	0.05324	0.01968	0.08681	0.05584	0.23344	0.01333	0.14767	0.09013	0.07945	0.01574	0.01713	0.01197	0.00939	0.03248	0.00242	0.00936	0.00574	0.00507	0.00961
4	0.07695	0.50562	0.16439	0.01401	0.02065	0.07772	0.01470	0.02207	0.01484	0.01906	0.01054	0.01224	0.00901	0.00636	0.00512	0.00174	0.00842	0.00415	0.00319	0.00923
5	0.01771	0.01530	0.01610	0.01449	0.01852	0.01771	0.01127	0.03784	0.69247	0.02979	0.02898	0.02657	0.02174	0.00966	0.00725	0.00242	0.00564	0.00805	0.00725	0.01127
6	0.01036	0.00690	0.00777	0.00777	0.00777	0.00690	0.00431	0.01036	0.01036	0.01381	0.02244	0.04660	0.02589	0.74975	0.03624	0.00690	0.00690	0.01036	0.00431	0.00431
7	0.01026	0.00693	0.00810	0.00817	0.00830	0.00702	0.00480	0.01053	0.01059	0.01423	0.02290	0.07619	0.02615	0.65855	0.09284	0.00711	0.00781	0.01057	0.00437	0.00455
8	0.03145	0.01223	0.01651	0.01273	0.01819	0.01072	0.01049	0.03481	0.04392	0.68643	0.02812	0.02432	0.01777	0.00884	0.00716	0.00221	0.00604	0.00719	0.00876	0.01209
9	0.01808	0.31255	0.35609	0.01662	0.02457	0.08370	0.01896	0.02319	0.01553	0.05323	0.01225	0.01389	0.00950	0.00666	0.00590	0.00193	0.00939	0.00473	0.00336	0.00986
10	0.01651	0.24099	0.34460	0.01970	0.05595	0.04074	0.08342	0.02190	0.01489	0.02032	0.01179	0.01448	0.00936	0.00697	0.00767	0.00211	0.07044	0.00525	0.00313	0.00977
11	0.14485	0.08027	0.01911	0.01458	0.01931	0.19005	0.01175	0.16468	0.13211	0.12947	0.01749	0.01735	0.01287	0.00798	0.00635	0.00208	0.00806	0.00574	0.00580	0.01011
12	0.01008	0.00728	0.00952	0.00896	0.01064	0.00672	0.00672	0.01344	0.02016	0.02855	0.70158	0.05319	0.06719	0.01456	0.00840	0.00224	0.00336	0.01288	0.00784	0.00672
13	0.02683	0.01942	0.02094	0.01615	0.02176	0.02142	0.01331	0.62635	0.06320	0.07062	0.01808	0.01781	0.01277	0.00861	0.00713	0.00215	0.00766	0.00652	0.00720	0.01207
14	0.01237	0.00618	0.00928	0.00928	0.00928	0.00618	0.00618	0.00928	0.00928	0.01237	0.01237	0.02165	0.01237	0.02474	0.02783	0.79283	0.00618	0.00618	0.00309	0.00309
15	0.02112	0.01629	0.02102	0.02247	0.19698	0.03578	0.03674	0.13473	0.24480	0.12776	0.05128	0.02294	0.01817	0.00853	0.00723	0.00224	0.00709	0.00735	0.00629	0.01119
16	0.02707	0.01995	0.02137	0.01638	0.02208	0.02208	0.01353	0.68159	0.03348	0.04488	0.01710	0.01710	0.01211	0.00855	0.00712	0.00214	0.00784	0.00641	0.00712	0.01211
17	0.00873	0.00624	0.00831	0.00988	0.01034	0.00582	0.00661	0.01004	0.01387	0.01855	0.06298	0.72031	0.04782	0.02203	0.00906	0.00287	0.00410	0.01998	0.00665	0.00582
18	0.80005	0.01377	0.01047	0.00936	0.01377	0.01597	0.00771	0.02093	0.01212	0.03195	0.00991	0.01157	0.00771	0.00661	0.00441	0.00220	0.00551	0.00386	0.00441	0.00771
19	0.00917	0.00668	0.00863	0.00933	0.01038	0.00615	0.00655	0.01123	0.01625	0.02208	0.28506	0.43288	0.11103	0.01910	0.00878	0.00261	0.00380	0.01709	0.00706	0.00615
20	0.02629	0.01937	0.02083	0.01604	0.02156	0.02138	0.01322	0.65107	0.03287	0.04413	0.04836	0.01874	0.01462	0.00882	0.00718	0.00214	0.00763	0.00671	0.00716	0.01186
21	0.01813	0.61026	0.15072	0.01375	0.02040	0.02602	0.01467	0.02140	0.01445	0.01774	0.01037	0.01216	0.00912	0.00640	0.00552	0.00170	0.03068	0.00413	0.00304	0.00933
22	0.01816	0.01695	0.02087	0.26057	0.14573	0.09276	0.01630	0.11921	0.15183	0.02511	0.01769	0.05264	0.01428	0.00842	0.00715	0.00227	0.00843	0.00713	0.00481	0.00969
23	0.00907	0.00665	0.00852	0.00929	0.01033	0.00610	0.00650	0.01102	0.01593	0.02146	0.24460	0.45165	0.13374	0.01943	0.00880	0.00263	0.00383	0.01736	0.00698	0.00610
24	0.02391	0.01756	0.01871	0.01470	0.01972	0.01922	0.01203	0.54515	0.05229	0.04052	0.02327	0.02309	0.07951	0.00948	0.00709	0.00214	0.00701	0.00731	0.06623	0.01108
25	0.01370	0.01345	0.02405	0.43694	0.03926	0.01523	0.16211	0.01827	0.01527	0.02013	0.07742	0.02472	0.05443	0.00843	0.00841	0.00241	0.04596	0.00786	0.00387	0.00806
26	0.03170	0.01251	0.01677	0.01286	0.01837	0.01105	0.01062	0.06744	0.02104	0.67659	0.02754	0.02388	0.01735	0.00880	0.00716	0.00220	0.00615	0.00712	0.00873	0.01212
27	0.00866	0.00627	0.00818	0.00971	0.01027	0.00580	0.00652	0.00994	0.01383	0.01826	0.04173	0.69394	0.09666	0.02199	0.00904	0.00285	0.00409	0.01985	0.00661	0.00580
28	0.09432	0.01711	0.05071	0.09930	0.02343	0.01792	0.03206	0.37327	0.02431	0.05434	0.01653	0.01912	0.01250	0.03372	0.06318	0.00303	0.00865	0.00641	0.03995	0.01014
29	0.02460	0.18001	0.02384	0.04855	0.02209	0.26270	0.01332	0.21963	0.04494	0.07399	0.01442	0.01532	0.01105	0.00760	0.00634	0.00193	0.00939	0.00533	0.00501	0.00993
30	0.02113	0.01209	0.01412	0.01152	0.01573	0.01165	0.00928	0.18958	0.02237	0.25613	0.10213	0.03930	0.24009	0.01223	0.00767	0.00225	0.00547	0.01002	0.00759	0.00966
31	0.77104	0.01373	0.01087	0.03604	0.01507	0.01597	0.00816	0.02083	0.01220	0.03144	0.01002	0.01184	0.00778	0.00663	0.00451	0.00221	0.00566	0.00395	0.00436	0.00772
32	0.00935	0.00669	0.00809	0.00893	0.00956	0.00632	0.00588	0.01035	0.01303	0.01699	0.03828	0.37240	0.13689	0.27140	0.01835	0.00422	0.00512	0.04700	0.00582	0.00535
33	0.15312	0.22071	0.12475	0.01664	0.04792	0.09332	0.04677	0.02139	0.01433	0.02123	0.01084	0.01361	0.00915	0.00745	0.00854	0.00209	0.13127	0.00486	0.00346	0.04856
34	0.01399	0.01334	0.02276	0.63343	0.07090	0.01608	0.06237	0.01941	0.04143	0.01914	0.01345	0.01925	0.01013	0.00712	0.00721	0.00237	0.00946	0.00653	0.00337	0.00828
35	0.01477	0.01266	0.01477	0.01055	0.01687	0.00949	0.00844	0.01793	0.01477	0.02320	0.01266	0.01477	0.01055	0.00527	0.00527	0.00105	0.00527	0.00422	0.00422	0.79328
36	0.02707	0.01995	0.02137	0.01638	0.02208	0.02208	0.01353	0.68159	0.03348	0.04488	0.01710	0.01710	0.01211	0.00855	0.00712	0.00214	0.00784	0.00641	0.00712	0.01211
37	0.00865	0.00629	0.00816	0.00965	0.01026	0.00581	0.00649	0.00994	0.01388	0.01828	0.04242	0.67982	0.11033	0.02190	0.00902	0.00284	0.00408	0.01974	0.00661	0.00581
38	0.01069	0.00843	0.00978	0.00924	0.01148	0.00811	0.00699	0.01602	0.11701	0.02591	0.41292	0.05395	0.25289	0.01490	0.00824	0.00232	0.00377	0.01282	0.00738	0.00717
39	0.01681	0.01921	0.04202	0.03001	0.03721	0.01801	0.67947	0.02281	0.01681	0.02281	0.01441	0.01921	0.01080	0.00600	0.00840	0.00240	0.01200	0.00840	0.00360	0.00960
40	0.03195	0.01212	0.01652	0.01267	0.01818	0.01047	0.01047	0.03470	0.02038	0.71026	0.02809	0.02424	0.01763	0.00881	0.00716	0.00220	0.00606	0.00716	0.00881	0.01212
41	0.02603	0.01248	0.01580	0.01259	0.01728	0.01185	0.01022	0.11731	0.07304	0.43921	0.15566	0.02900	0.02669	0.00994	0.00740	0.00222	0.00575	0.00822	0.00828	0.01102
42	0.01740	0.01062	0.01104	0.00955	0.01242	0.01125	0.00754	0.21541	0.02048	0.03203	0.02140	0.02372	0.01642	0.00837	0.00562	0.00180	0.00467	0.00657	0.55544	0.00827
43	0.00904	0.00722	0.00811	0.00807	0.01014	0.00629	0.00607	0.01135	0.01732	0.02211	0.26245	0.09512	0.45536	0.01722	0.00849	0.00241	0.00365	0.03635	0.00699	0.00624
44	0.05080	0.01271	0.01457	0.01049	0.01673	0.00979	0.00840	0.01807	0.01464	0.02360	0.01253	0.01462	0.01042	0.00533	0.00523	0.00111	0.00528	0.00420	0.00423	0.75723
45	0.02508	0.01762	0.01942	0.01498	0.02033	0.01882	0.01224	0.51287	0.02888	0.09868	0.01795	0.01915	0.01324	0.04210	0.03194	0.00256	0.00778	0.00649	0.00677	0.08310
46	0.00865	0.00722	0.00754	0.00746	0.00976	0.00611	0.00560	0.01068	0.01679	0.02058	0.16258	0.06632	0.61116	0.01753	0.00841	0.00238	0.00357	0.01472	0.00679	0.00611
47	0.00928	0.00682	0.00941	0.01164	0.04099	0.00646	0.00765	0.01081	0.01396	0.01864	0.03800	0.66186	0.04506	0.02141	0.00906	0.00289	0.00451	0.06900	0.00647	0.00608
48	0.02676	0.01940	0.02117	0.01632	0.02175	0.02155	0.01349	0.62238	0.03186	0.07329	0.01723	0.01735	0.01223	0.00874	0.00787	0.00218	0.04104	0.00644	0.00702	0.01191
49	0.73238	0.01489	0.04125	0.01133	0.04467	0.01604	0.00912	0.02104	0.01242	0.03117	0.01019	0.01198	0.00792	0.00660	0.00462	0.00220	0.00585	0.00402	0.00431	0.00799
50	0.05524	0.01972	0.02427	0.03253	0.43748	0.17198	0.01784	0.02384	0.01742	0.07469	0.04698	0.01851	0.01383	0.00716	0.00687	0.00207	0.00887	0.00622	0.00420	0.01029
51	0.01904	0.75404	0.03731	0.01218	0.01828	0.02818	0.01218	0.02132	0.01447	0.01675	0.00990	0.01142	0.00914	0.00609	0.00457	0.00152	0.00761	0.00381	0.00305	0.00914
52	0.01046	0.00768	0.00985	0.00924	0.01104	0.00728	0.00695	0.01467	0.05418	0.02862	0.66754	0.05184	0.06489	0.01431	0.00834	0.00225	0.00347	0.01263	0.00781	0.00695
53	0.00963	0.00726	0.00890	0.00849	0.01036	0.00653	0.00637	0.01257	0.01910	0.02605	0.53269	0.05731	0.23764	0.01549	0.00840	0.00228	0.00343	0.01345	0.00751	0.00653
54	0.00949	0.00721	0.00873	0.00845	0.01030	0.00645	0.00630	0.01227	0.01863	0.02515	0.47354	0.08759	0.26794	0.01599	0.00843	0.00232	0.00347	0.01387	0.00740	0.00645
55	0.03195	0.01212	0.01652	0.01267	0.01818	0.01047	0.01047	0.03470	0.02038	0.71026	0.02809	0.02424	0.01763	0.00881	0.00716	0.00220	0.00606	0.00716	0.00881	0.01212
56	0.03195	0.01212	0.01652	0.01267	0.01818	0.01047	0.01047	0.03470	0.02038	0.71026	0.02809	0.02424	0.01763	0.00881	0.00716	0.00220	0.00606	0.00716	0.00881	0.01212
57	0.01428	0.03683	0.71286	0.02030	0.03082	0.01654	0.02631	0.02255	0.01503	0.02255	0.01278	0.01503	0.00902	0.00677	0.00677	0.00226	0.01052	0.00526	0.00301	0.01052
58	0.01771	0.01530	0.01610	0.01449	0.01852	0.01771	0.01127	0.03784	0.69247	0.02979	0.02898	0.02657	0.02174	0.00966	0.00725	0.00242	0.00564	0.00805	0.00725	0.01127
59	0.80005	0.01377	0.01047	0.00936	0.01377	0.01597	0.00771	0.02093	0.01212	0.03195	0.00991	0.01157	0.00771	0.00661	0.00441	0.00220	0.00551	0.00386	0.00441	0.00771
60	0.02707	0.01995	0.02137	0.01638	0.02208	0.02208	0.01353	0.68159	0.03348	0.04488	0.01710	0.01710	0.01211	0.00855	0.00712	0.00214	0.00784	0.00641	0.00712	0.01211
61	0.80005	0.01377	0.01047	0.00936	0.01377	0.01597	0.00771	0.02093	0.01212	0.03195	0.00991	0.01157	0.00771	0.00661	0.00441	0.00220	0.00551	0.00386	0.00441	0.00771
62	0.01762	0.01692	0.02890	0.04371	0.70533	0.01692	0.02185	0.02185	0.01621	0.02326	0.01339	0.01762	0.01128	0.00634	0.00705	0.00211	0.00846	0.00634	0.00352	0.01128
63	0.01771	0.01530	0.01610	0.01449	0.01852	0.01771	0.01127	0.03784	0.69247	0.02979	0.02898	0.02657	0.02174	0.00966	0.00725	0.00242	0.00564	0.00805	0.00725	0.01127
64	0.01464	0.01419	0.02000	0.01743	0.01765	0.01956	0.01441	0.01637	0.01100	0.01703	0.01104	0.01774	0.01082	0.01960	0.14509	0.00457	0.61160	0.00648	0.00324	0.00754
65	0.52382	0.01562	0.01395	0.01172	0.01646	0.01782	0.00962	0.20773	0.06957	0.03542	0.01337	0.01425	0.01001	0.00738	0.00538	0.00220	0.00617	0.00489	0.00538	0.00922
66	0.01018	0.00758	0.01120	0.01120	0.01239	0.00877	0.00860	0.01256	0.01137	0.01635	0.01929	0.02918	0.01833	0.09864	0.67701	0.01115	0.01828	0.00781	0.00385	0.00622
67	0.00868	0.00620	0.00826	0.00991	0.01033	0.00578	0.00661	0.00991	0.01363	0.01818	0.03925	0.74510	0.04710	0.02231	0.00909	0.00289	0.00413	0.02024	0.00661	0.00578
68	0.01354	0.00828	0.01077	0.00977	0.01206	0.00770	0.00746	0.01744	0.04863	0.12761	0.54834	0.07532	0.05722	0.01382	0.00820	0.00227	0.00388	0.01213	0.00791	0.00766
69	0.01524	0.01294	0.01502	0.01077	0.01708	0.00998	0.00863	0.04364	0.01549	0.02404	0.01283	0.01486	0.01061	0.00540	0.00535	0.00110	0.00537	0.00430	0.00433	0.76301
70	0.00863	0.00638	0.00808	0.00944	0.01020	0.00582	0.00640	0.00997	0.01409	0.01836	0.04503	0.62618	0.16229	0.02156	0.00897	0.00281	0.00404	0.01933	0.00661	0.00582
71	0.00890	0.00733	0.00779	0.00800	0.01020	0.00634	0.00615	0.01081	0.01598	0.01926	0.06540	0.06906	0.58581	0.05166	0.00987	0.00272	0.00414	0.09807	0.00650	0.00600
72	0.01930	0.53306	0.09905	0.01428	0.02001	0.11701	0.01402	0.02204	0.01499	0.01743	0.01028	0.01228	0.00915	0.00682	0.00649	0.00176	0.06562	0.00424	0.00313	0.00905
73	0.01659	0.01690	0.05300	0.18459	0.50359	0.01674	0.06235	0.02118	0.01580	0.02216	0.01328	0.01791	0.01080	0.00650	0.00714	0.00219	0.00897	0.00643	0.00344	0.01045
74	0.00866	0.00625	0.00821	0.00978	0.01029	0.00579	0.00655	0.00993	0.01376	0.01823	0.04084	0.71227	0.07890	0.02210	0.00906	0.00287	0.00411	0.01999	0.00661	0.00579
75	0.01434	0.00916	0.01099	0.11058	0.01638	0.00993	0.00857	0.04483	0.09509	0.04468	0.02370	0.09352	0.01991	0.01118	0.03034	0.00233	0.00532	0.00809	0.43342	0.00764
76	0.10089	0.11910	0.02261	0.05267	0.02235	0.21969	0.09472	0.05767	0.13764	0.02339	0.01638	0.04936	0.01359	0.00809	0.00650	0.00209	0.00890	0.00643	0.02889	0.00903
77	0.07318	0.01487	0.07318	0.01303	0.01808	0.01314	0.01124	0.05814	0.19663	0.26054	0.02804	0.06064	0.06956	0.00979	0.00701	0.00222	0.00602	0.00799	0.00693	0.06978
78	0.07357	0.01519	0.02136	0.10683	0.05108	0.03932	0.12121	0.10435	0.07875	0.10217	0.01956	0.11063	0.01676	0.00979	0.00869	0.00238	0.06929	0.00837	0.00531	0.03540
79	0.09140	0.22607	0.14080	0.01455	0.01949	0.13450	0.01377	0.02212	0.06821	0.02093	0.04045	0.09758	0.01636	0.00928	0.00731	0.00212	0.05533	0.00685	0.00418	0.00871
80	0.01873	0.34252	0.08211	0.01519	0.02014	0.10860	0.03998	0.07062	0.01645	0.02040	0.03709	0.04750	0.01327	0.00832	0.00814	0.00198	0.10400	0.00579	0.00383	0.03533
81	0.07571	0.08599	0.02036	0.01430	0.01958	0.01955	0.01184	0.44477	0.02655	0.05980	0.01690	0.04197	0.01335	0.04001	0.00785	0.00222	0.00721	0.00646	0.00623	0.07933
82	0.20587	0.06821	0.15308	0.01577	0.07686	0.06674	0.01341	0.02116	0.01529	0.10156	0.04140	0.15364	0.01899	0.01010	0.00658	0.00226	0.00717	0.00815	0.00494	0.00881
83	0.04829	0.13624	0.07630	0.01561	0.04389	0.19018	0.01299	0.04495	0.01711	0.10594	0.03756	0.05473	0.04922	0.01039	0.02842	0.00234	0.07055	0.00667	0.00468	0.04393

[dist]
# distance from previous block
# <min> <max>
5	11

[block]
# block no. 2 follows, 29 sequences, length 63
# corresponding to MSA columns:
# 191-253
name=unknown_C
#
# <colnr> <probs for GDERKNQSTAVLIFYWHMCP>
#	G	D	E	R	K	N	Q	S	T	A	V	L	I	F	Y	W	H	M	C	P
0	0.08122	0.01287	0.01598	0.04330	0.04505	0.01465	0.01138	0.12208	0.04430	0.02488	0.04841	0.21803	0.02307	0.01293	0.01110	0.00251	0.17540	0.01009	0.00530	0.07746
1	0.01650	0.01650	0.02342	0.17077	0.12201	0.07757	0.08982	0.04891	0.01504	0.02026	0.01348	0.04675	0.01211	0.03840	0.01310	0.00265	0.22221	0.00701	0.00369	0.03981
2	0.01906	0.01804	0.02478	0.16022	0.25416	0.09580	0.06658	0.08492	0.05973	0.05163	0.01458	0.01804	0.01147	0.00770	0.00874	0.00228	0.08167	0.00643	0.00422	0.00995
3	0.00958	0.00733	0.00910	0.00948	0.01081	0.00688	0.00681	0.01143	0.01527	0.02037	0.16633	0.34577	0.18885	0.06266	0.01082	0.00285	0.02948	0.04139	0.00648	0.03831
4	0.02304	0.01674	0.01819	0.01465	0.01919	0.01831	0.01180	0.52416	0.02890	0.03914	0.02128	0.14214	0.01848	0.01088	0.00732	0.00224	0.00691	0.00879	0.05716	0.01068
5	0.00865	0.00629	0.00816	0.00966	0.01026	0.00581	0.00650	0.00994	0.01388	0.01828	0.04233	0.68161	0.10860	0.02191	0.00903	0.00285	0.00408	0.01975	0.00661	0.00581
6	0.00976	0.00727	0.00907	0.00862	0.01044	0.00658	0.00647	0.01282	0.01940	0.02676	0.58038	0.05614	0.18950	0.01523	0.00840	0.00227	0.00341	0.01329	0.00760	0.00658
7	0.00878	0.00624	0.00823	0.00979	0.01017	0.00585	0.00647	0.00994	0.01344	0.01792	0.03824	0.70329	0.04583	0.06585	0.01071	0.00313	0.00430	0.01965	0.00647	0.00570
8	0.01327	0.00664	0.00664	0.00664	0.00830	0.00664	0.00498	0.01659	0.01493	0.02655	0.02323	0.02655	0.01825	0.00830	0.00498	0.00166	0.00332	0.00664	0.78928	0.00664
9	0.01477	0.01266	0.01477	0.01055	0.01687	0.00949	0.00844	0.01793	0.01477	0.02320	0.01266	0.01477	0.01055	0.00527	0.00527	0.00105	0.00527	0.00422	0.00422	0.79328
10	0.02660	0.03394	0.02018	0.01834	0.02201	0.72116	0.01376	0.02843	0.02018	0.01743	0.01101	0.01284	0.00917	0.00734	0.00642	0.00183	0.01284	0.00459	0.00367	0.00825
11	0.01008	0.00728	0.00952	0.00896	0.01064	0.00672	0.00672	0.01344	0.02016	0.02855	0.70158	0.05319	0.06719	0.01456	0.00840	0.00224	0.00336	0.01288	0.00784	0.00672
12	0.01210	0.00979	0.01503	0.01458	0.01689	0.00974	0.09453	0.01681	0.07551	0.02194	0.06152	0.19469	0.03774	0.01737	0.00922	0.00297	0.00656	0.36948	0.00631	0.00721
13	0.00868	0.00620	0.00826	0.00991	0.01033	0.00578	0.00661	0.00991	0.01363	0.01818	0.03925	0.74510	0.04710	0.02231	0.00909	0.00289	0.00413	0.02024	0.00661	0.00578
14	0.01392	0.00727	0.00733	0.00710	0.00895	0.00737	0.00538	0.04799	0.01581	0.02741	0.02294	0.02610	0.01796	0.00831	0.00508	0.00168	0.00353	0.00663	0.75235	0.00690
15	0.01448	0.06603	0.68536	0.01997	0.03031	0.01701	0.02573	0.02250	0.01501	0.02231	0.01266	0.01489	0.00902	0.00674	0.00668	0.00223	0.01041	0.00520	0.00301	0.01047
16	0.01681	0.01921	0.04202	0.03001	0.03721	0.01801	0.67947	0.02281	0.01681	0.02281	0.01441	0.01921	0.01080	0.00600	0.00840	0.00240	0.01200	0.00840	0.00360	0.00960
17	0.01008	0.00728	0.00952	0.00896	0.01064	0.00672	0.00672	0.01344	0.02016	0.02855	0.70158	0.05319	0.06719	0.01456	0.00840	0.00224	0.00336	0.01288	0.00784	0.00672
18	0.01081	0.00744	0.00975	0.00908	0.01089	0.00684	0.00684	0.01415	0.02016	0.05143	0.67897	0.05222	0.06552	0.01436	0.00836	0.00224	0.00345	0.01269	0.00787	0.00690
19	0.01402	0.01345	0.02337	0.62891	0.10168	0.01606	0.06466	0.01880	0.01457	0.01892	0.01283	0.01889	0.00973	0.00698	0.00720	0.00235	0.00958	0.00647	0.00322	0.00830
20	0.01147	0.00820	0.01147	0.01311	0.01475	0.00820	0.01147	0.01475	0.01639	0.02131	0.03770	0.08032	0.04098	0.01967	0.00984	0.00328	0.00656	0.65741	0.00656	0.00656
21	0.02891	0.01145	0.01555	0.01215	0.01713	0.00995	0.00995	0.03175	0.02035	0.61561	0.12161	0.02826	0.02451	0.00961	0.00733	0.00221	0.00568	0.00795	0.00868	0.01137
22	0.02631	0.06577	0.02117	0.01775	0.02185	0.58038	0.01365	0.12907	0.02197	0.02164	0.01190	0.01343	0.00962	0.00747	0.00644	0.00187	0.01182	0.00483	0.00417	0.00889
23	0.24900	0.06493	0.01535	0.01159	0.01582	0.04746	0.00952	0.20134	0.01968	0.08267	0.01645	0.01782	0.01241	0.00904	0.02664	0.00227	0.00658	0.00555	0.17680	0.00909
24	0.00864	0.00633	0.00812	0.00955	0.01023	0.00581	0.00645	0.00996	0.01398	0.01832	0.04366	0.65429	0.13506	0.02173	0.00900	0.00283	0.00406	0.01954	0.00661	0.00581
25	0.01410	0.00872	0.01025	0.09975	0.01513	0.00927	0.00794	0.08334	0.01674	0.02649	0.04300	0.10403	0.02112	0.00989	0.00602	0.00195	0.00465	0.00825	0.50211	0.00726
26	0.32638	0.21228	0.02120	0.10387	0.04463	0.11880	0.01187	0.02235	0.01463	0.05166	0.01128	0.01337	0.00905	0.00672	0.00528	0.00199	0.00773	0.00448	0.00394	0.00849
27	0.01751	0.49098	0.24217	0.01480	0.02212	0.02400	0.01644	0.02269	0.05523	0.01930	0.01192	0.01343	0.00986	0.00651	0.00540	0.00180	0.00838	0.00451	0.00329	0.00969
28	0.02325	0.32379	0.02748	0.01541	0.02039	0.26022	0.01313	0.17000	0.02049	0.02323	0.01185	0.01330	0.00982	0.00727	0.00639	0.00182	0.03383	0.00473	0.00416	0.00945
29	0.73522	0.01398	0.01119	0.00981	0.01432	0.01603	0.00808	0.05095	0.01340	0.05932	0.01095	0.01231	0.00830	0.00678	0.00464	0.00220	0.00563	0.00410	0.00470	0.00808
30	0.01659	0.02701	0.32463	0.04882	0.14703	0.09486	0.08651	0.02363	0.06869	0.02263	0.04122	0.01821	0.01292	0.00738	0.00751	0.00224	0.03002	0.00627	0.00376	0.01005
31	0.01726	0.01330	0.01549	0.01135	0.01746	0.01092	0.00913	0.07218	0.04693	0.08114	0.01499	0.01625	0.01175	0.00601	0.00566	0.00129	0.00555	0.00480	0.00496	0.63357
32	0.00864	0.00632	0.00813	0.00957	0.01024	0.00581	0.00646	0.00995	0.01396	0.01831	0.04339	0.65982	0.12970	0.02177	0.00900	0.00283	0.00407	0.01959	0.00661	0.00581
33	0.00895	0.00641	0.00850	0.00973	0.01039	0.00596	0.00663	0.01059	0.01489	0.02018	0.16689	0.61176	0.05097	0.02081	0.00896	0.00277	0.00398	0.01882	0.00685	0.00596
34	0.05599	0.01537	0.02167	0.45716	0.11946	0.04489	0.01806	0.13903	0.01808	0.02427	0.01335	0.01787	0.01008	0.00727	0.00695	0.00227	0.00900	0.00615	0.00400	0.00907
35	0.01624	0.00866	0.01135	0.00989	0.01273	0.00774	0.00769	0.01930	0.01992	0.22378	0.45908	0.04606	0.10230	0.01318	0.00804	0.00224	0.00415	0.01140	0.00802	0.00822
36	0.02366	0.01543	0.11212	0.01348	0.01884	0.01206	0.01225	0.04917	0.11607	0.38373	0.13834	0.02792	0.02514	0.00960	0.00732	0.00224	0.00622	0.00796	0.00757	0.01087
37	0.03152	0.01281	0.01695	0.01300	0.01852	0.01149	0.01074	0.09158	0.02153	0.65176	0.02713	0.02361	0.01714	0.00879	0.00716	0.00220	0.00622	0.00709	0.00866	0.01212
38	0.00942	0.00708	0.00873	0.00868	0.01033	0.00638	0.00637	0.01204	0.01807	0.02447	0.43183	0.17318	0.22386	0.01673	0.00852	0.00239	0.00355	0.01466	0.00732	0.00638
39	0.04428	0.00692	0.00679	0.00674	0.00851	0.00700	0.00509	0.01676	0.01482	0.02676	0.02270	0.02596	0.01784	0.00823	0.00496	0.00168	0.00340	0.00653	0.75835	0.00668
40	0.80005	0.01377	0.01047	0.00936	0.01377	0.01597	0.00771	0.02093	0.01212	0.03195	0.00991	0.01157	0.00771	0.00661	0.00441	0.00220	0.00551	0.00386	0.00441	0.00771
41	0.04803	0.01346	0.02095	0.57611	0.06957	0.01611	0.01833	0.07534	0.01619	0.05889	0.01379	0.01875	0.01015	0.00728	0.00701	0.00233	0.00896	0.00628	0.00387	0.00862
42	0.01725	0.01987	0.04104	0.02949	0.03653	0.04957	0.64959	0.02306	0.01696	0.02257	0.01425	0.01892	0.01073	0.00606	0.00831	0.00238	0.01204	0.00823	0.00360	0.00954
43	0.65240	0.01432	0.05239	0.00997	0.01439	0.01483	0.00870	0.02007	0.01332	0.03095	0.09818	0.01708	0.01537	0.00763	0.00506	0.00221	0.00553	0.00509	0.00476	0.00775
44	0.01232	0.00630	0.00941	0.00951	0.00960	0.00630	0.00650	0.00960	0.00970	0.01290	0.01389	0.02516	0.01408	0.02443	0.02675	0.74556	0.00621	0.04517	0.00330	0.00330
45	0.01434	0.01227	0.01469	0.04460	0.01800	0.00957	0.00886	0.01746	0.01467	0.02267	0.01425	0.05868	0.01268	0.00638	0.00559	0.00123	0.00540	0.00528	0.00431	0.70906
46	0.01207	0.11160	0.01452	0.01007	0.01284	0.01016	0.03396	0.01510	0.01859	0.04867	0.44998	0.04761	0.16131	0.01343	0.00783	0.00217	0.00443	0.01160	0.00683	0.00724
47	0.05098	0.04261	0.04766	0.17686	0.27018	0.20230	0.01816	0.02247	0.01622	0.02040	0.01207	0.01600	0.00993	0.00720	0.00780	0.00215	0.05857	0.00566	0.00346	0.00931
48	0.01558	0.05513	0.34478	0.05382	0.20394	0.01612	0.07728	0.02147	0.01548	0.04246	0.01563	0.07759	0.01323	0.00794	0.00711	0.00226	0.00929	0.00710	0.00367	0.01013
49	0.01486	0.01295	0.01599	0.01142	0.01779	0.00987	0.03855	0.01815	0.01486	0.02319	0.01273	0.01496	0.01056	0.00531	0.00541	0.00112	0.00558	0.00441	0.00419	0.75811
50	0.01934	0.72535	0.03663	0.01243	0.01842	0.05578	0.01225	0.02161	0.01470	0.01678	0.00994	0.01148	0.00914	0.00614	0.00464	0.00154	0.00782	0.00384	0.00307	0.00910
51	0.00885	0.00723	0.00781	0.00766	0.00988	0.00619	0.00575	0.01105	0.01725	0.02165	0.23498	0.06456	0.53810	0.01713	0.00841	0.00236	0.00354	0.01447	0.00693	0.00619
52	0.00903	0.00735	0.00807	0.00821	0.01041	0.00639	0.00636	0.01124	0.01679	0.02079	0.15466	0.06791	0.53048	0.01776	0.00859	0.00249	0.00395	0.09655	0.00677	0.00618
53	0.01008	0.00728	0.00952	0.00896	0.01064	0.00672	0.00672	0.01344	0.02016	0.02855	0.70158	0.05319	0.06719	0.01456	0.00840	0.00224	0.00336	0.01288	0.00784	0.00672
54	0.02589	0.01936	0.02071	0.01614	0.02163	0.02153	0.01325	0.60044	0.11654	0.04297	0.01859	0.01829	0.01332	0.00869	0.00714	0.00217	0.00756	0.00662	0.00714	0.01200
55	0.01771	0.01530	0.01610	0.01449	0.01852	0.01771	0.01127	0.03784	0.69247	0.02979	0.02898	0.02657	0.02174	0.00966	0.00725	0.00242	0.00564	0.00805	0.00725	0.01127
56	0.01477	0.01266	0.01477	0.01055	0.01687	0.00949	0.00844	0.01793	0.01477	0.02320	0.01266	0.01477	0.01055	0.00527	0.00527	0.00105	0.00527	0.00422	0.00422	0.79328
57	0.02902	0.01147	0.01559	0.01217	0.01717	0.00996	0.00996	0.03185	0.02035	0.61897	0.11829	0.02811	0.02426	0.00958	0.00733	0.00221	0.00570	0.00793	0.00868	0.01140
58	0.03195	0.01212	0.01652	0.01267	0.01818	0.01047	0.01047	0.03470	0.02038	0.71026	0.02809	0.02424	0.01763	0.00881	0.00716	0.00220	0.00606	0.00716	0.00881	0.01212
59	0.00873	0.00622	0.00825	0.00984	0.01024	0.00582	0.00653	0.00993	0.01352	0.01803	0.03867	0.72114	0.04637	0.04727	0.01002	0.00303	0.00423	0.01990	0.00653	0.00573
60	0.00868	0.00620	0.00826	0.00991	0.01033	0.00578	0.00661	0.00991	0.01363	0.01818	0.03925	0.74510	0.04710	0.02231	0.00909	0.00289	0.00413	0.02024	0.00661	0.00578
61	0.02660	0.03394	0.02018	0.01834	0.02201	0.72116	0.01376	0.02843	0.02018	0.01743	0.01101	0.01284	0.00917	0.00734	0.00642	0.00183	0.01284	0.00459	0.00367	0.00825
62	0.01882	0.02089	0.01626	0.01507	0.01753	0.34850	0.01149	0.04341	0.01629	0.01785	0.01487	0.02059	0.01345	0.05587	0.29839	0.00600	0.04726	0.00619	0.00385	0.00744

[dist]
# distance from previous block
# <min> <max>
4	8

[block]
# block no. 3 follows, 29 sequences, length 49
# corresponding to MSA columns:
# 264-312
name=unknown_D
#
# <colnr> <probs for GDERKNQSTAVLIFYWHMCP>
#	G	D	E	R	K	N	Q	S	T	A	V	L	I	F	Y	W	H	M	C	P
0	0.01825	0.01823	0.02116	0.17418	0.02740	0.17138	0.11101	0.05032	0.09432	0.04964	0.01945	0.02362	0.05393	0.06988	0.01023	0.00261	0.03754	0.00726	0.00454	0.03506
1	0.05206	0.01324	0.02091	0.56693	0.04178	0.01692	0.01842	0.01813	0.01353	0.01867	0.01192	0.01800	0.00938	0.00807	0.00996	0.00250	0.14229	0.00619	0.00322	0.00788
2	0.01360	0.01316	0.04712	0.61079	0.06664	0.01499	0.01866	0.01833	0.01440	0.01935	0.01372	0.01952	0.01039	0.00719	0.00689	0.00229	0.00890	0.00632	0.07974	0.00800
3	0.01760	0.01275	0.01475	0.01316	0.01644	0.01340	0.01048	0.25267	0.07774	0.05151	0.06931	0.17930	0.02943	0.04261	0.00918	0.00268	0.00619	0.13255	0.00679	0.04146
4	0.01906	0.22498	0.33224	0.01769	0.02522	0.17447	0.03875	0.02403	0.01629	0.04832	0.01231	0.01410	0.00949	0.00677	0.00617	0.00197	0.01012	0.00490	0.00342	0.00969
5	0.01036	0.00690	0.00777	0.00777	0.00777	0.00690	0.00431	0.01036	0.01036	0.01381	0.02244	0.04660	0.02589	0.74975	0.03624	0.00690	0.00690	0.01036	0.00431	0.00431
6	0.00972	0.00747	0.00906	0.00980	0.01140	0.00701	0.00742	0.01268	0.04899	0.02072	0.11387	0.29279	0.25862	0.01903	0.00886	0.00272	0.00444	0.14228	0.00675	0.00637
7	0.01336	0.01254	0.02082	0.66144	0.04567	0.01572	0.01897	0.01778	0.01403	0.01813	0.01362	0.05019	0.01111	0.00807	0.00811	0.00244	0.04995	0.00692	0.00331	0.00781
8	0.35086	0.03773	0.01526	0.04723	0.01798	0.01662	0.01020	0.22034	0.01966	0.08804	0.01611	0.05629	0.01279	0.00835	0.00588	0.00218	0.00631	0.00609	0.05282	0.00927
9	0.00998	0.00727	0.00938	0.00885	0.01058	0.00668	0.00664	0.01325	0.01992	0.02800	0.66426	0.05410	0.10485	0.01476	0.00840	0.00225	0.00337	0.01301	0.00777	0.00668
10	0.01759	0.01701	0.02945	0.04314	0.67764	0.01696	0.04911	0.02189	0.01624	0.02324	0.01344	0.01769	0.01126	0.00633	0.00711	0.00213	0.00861	0.00643	0.00353	0.01121
11	0.01098	0.00843	0.01217	0.01183	0.01294	0.01013	0.00924	0.01337	0.01157	0.01713	0.01836	0.02713	0.01716	0.06951	0.57561	0.00975	0.09772	0.00750	0.05299	0.00647
12	0.01008	0.00728	0.00952	0.00896	0.01064	0.00672	0.00672	0.01344	0.02016	0.02855	0.70158	0.05319	0.06719	0.01456	0.00840	0.00224	0.00336	0.01288	0.00784	0.00672
13	0.01008	0.00728	0.00952	0.00896	0.01064	0.00672	0.00672	0.01344	0.02016	0.02855	0.70158	0.05319	0.06719	0.01456	0.00840	0.00224	0.00336	0.01288	0.00784	0.00672
14	0.01036	0.00690	0.00777	0.00777	0.00777	0.00690	0.00431	0.01036	0.01036	0.01381	0.02244	0.04660	0.02589	0.74975	0.03624	0.00690	0.00690	0.01036	0.00431	0.00431
15	0.01904	0.75404	0.03731	0.01218	0.01828	0.02818	0.01218	0.02132	0.01447	0.01675	0.00990	0.01142	0.00914	0.00609	0.00457	0.00152	0.00761	0.00381	0.00305	0.00914
16	0.01428	0.03683	0.71286	0.02030	0.03082	0.01654	0.02631	0.02255	0.01503	0.02255	0.01278	0.01503	0.00902	0.00677	0.00677	0.00226	0.01052	0.00526	0.00301	0.01052
17	0.03195	0.01212	0.01652	0.01267	0.01818	0.01047	0.01047	0.03470	0.02038	0.71026	0.02809	0.02424	0.01763	0.00881	0.00716	0.00220	0.00606	0.00716	0.00881	0.01212
18	0.01904	0.75404	0.03731	0.01218	0.01828	0.02818	0.01218	0.02132	0.01447	0.01675	0.00990	0.01142	0.00914	0.00609	0.00457	0.00152	0.00761	0.00381	0.00305	0.00914
19	0.01123	0.00802	0.01119	0.01283	0.01437	0.00798	0.01105	0.01433	0.01615	0.02104	0.03784	0.13852	0.04152	0.01990	0.00977	0.00324	0.00634	0.60162	0.00656	0.00649
20	0.00868	0.00620	0.00826	0.00991	0.01033	0.00578	0.00661	0.00991	0.01363	0.01818	0.03925	0.74510	0.04710	0.02231	0.00909	0.00289	0.00413	0.02024	0.00661	0.00578
21	0.00868	0.00620	0.00826	0.00991	0.01033	0.00578	0.00661	0.00991	0.01363	0.01818	0.03925	0.74510	0.04710	0.02231	0.00909	0.00289	0.00413	0.02024	0.00661	0.00578
22	0.01621	0.01034	0.01000	0.00902	0.01148	0.04444	0.00698	0.13365	0.01866	0.02940	0.04959	0.02532	0.01875	0.00855	0.00557	0.00178	0.00458	0.00675	0.58125	0.00768
23	0.80005	0.01377	0.01047	0.00936	0.01377	0.01597	0.00771	0.02093	0.01212	0.03195	0.00991	0.01157	0.00771	0.00661	0.00441	0.00220	0.00551	0.00386	0.00441	0.00771
24	0.22666	0.01835	0.01855	0.01457	0.01994	0.02050	0.01203	0.51100	0.02796	0.04154	0.01524	0.01567	0.01097	0.00805	0.00642	0.00215	0.00723	0.00575	0.00642	0.01097
25	0.01034	0.00696	0.00807	0.00807	0.00818	0.00707	0.00470	0.01055	0.01045	0.01403	0.02216	0.04505	0.02522	0.69193	0.09314	0.00728	0.00791	0.01013	0.00427	0.00448
26	0.01653	0.02044	0.09592	0.02854	0.03559	0.01811	0.58646	0.02245	0.01631	0.02245	0.01397	0.01865	0.01057	0.00645	0.00916	0.00243	0.05485	0.00802	0.00352	0.00957
27	0.02660	0.03394	0.02018	0.01834	0.02201	0.72116	0.01376	0.02843	0.02018	0.01743	0.01101	0.01284	0.00917	0.00734	0.00642	0.00183	0.01284	0.00459	0.00367	0.00825
28	0.01691	0.01823	0.03646	0.03263	0.21754	0.01808	0.43500	0.02199	0.01607	0.02238	0.01363	0.01842	0.01079	0.00673	0.00950	0.00239	0.08220	0.00763	0.00353	0.00988
29	0.00985	0.00727	0.00920	0.00872	0.01050	0.00662	0.00654	0.01299	0.01961	0.02726	0.61384	0.05533	0.15573	0.01504	0.00840	0.00226	0.00339	0.01318	0.00767	0.00662
30	0.00879	0.00712	0.00770	0.00776	0.00976	0.00614	0.00568	0.01071	0.01637	0.02040	0.16785	0.12557	0.51291	0.04950	0.00968	0.00262	0.00376	0.01495	0.00671	0.00603
31	0.01344	0.01232	0.02053	0.69201	0.04676	0.01531	0.01895	0.01810	0.01428	0.01866	0.01325	0.01941	0.00998	0.00718	0.00700	0.00233	0.00915	0.00635	0.04715	0.00784
32	0.00866	0.00625	0.00820	0.00976	0.01029	0.00580	0.00654	0.00993	0.01378	0.01824	0.04107	0.70750	0.08352	0.02207	0.00905	0.00286	0.00410	0.01995	0.00661	0.00580
33	0.00860	0.00727	0.00747	0.00756	0.00992	0.00614	0.00577	0.01049	0.01624	0.01936	0.07009	0.06923	0.66323	0.01813	0.00850	0.00246	0.00378	0.05311	0.00661	0.00604
34	0.02452	0.09109	0.02181	0.01788	0.02127	0.57144	0.01387	0.02635	0.01848	0.01733	0.01070	0.01309	0.00919	0.00791	0.00851	0.00198	0.10804	0.00474	0.00354	0.00827
35	0.01088	0.00775	0.01068	0.01224	0.01356	0.00767	0.01019	0.01361	0.01557	0.02034	0.03725	0.20611	0.04141	0.05603	0.01099	0.00338	0.00611	0.50347	0.00646	0.00630
36	0.00899	0.00636	0.00831	0.00975	0.01016	0.00601	0.00649	0.01014	0.01331	0.01773	0.03703	0.63157	0.04415	0.11561	0.01260	0.00342	0.00457	0.04183	0.00631	0.00562
37	0.01345	0.01266	0.02136	0.73264	0.04904	0.01582	0.01978	0.01819	0.01424	0.01819	0.01266	0.01898	0.00949	0.00712	0.00712	0.00237	0.00949	0.00633	0.00316	0.00791
38	0.01034	0.00694	0.00797	0.00797	0.00804	0.00702	0.00457	0.01049	0.01042	0.01396	0.02225	0.04556	0.02544	0.71079	0.07459	0.00716	0.00758	0.01020	0.00429	0.00443
39	0.01858	0.68452	0.10279	0.01297	0.01949	0.02705	0.01355	0.02144	0.01452	0.01731	0.01018	0.01177	0.00913	0.00616	0.00478	0.00159	0.00790	0.00395	0.00304	0.00927
40	0.01428	0.03683	0.71286	0.02030	0.03082	0.01654	0.02631	0.02255	0.01503	0.02255	0.01278	0.01503	0.00902	0.00677	0.00677	0.00226	0.01052	0.00526	0.00301	0.01052
41	0.01762	0.01692	0.02890	0.04371	0.70533	0.01692	0.02185	0.02185	0.01621	0.02326	0.01339	0.01762	0.01128	0.00634	0.00705	0.00211	0.00846	0.00634	0.00352	0.01128
42	0.01194	0.01140	0.02154	0.01765	0.02087	0.01064	0.27044	0.01519	0.01535	0.02064	0.06941	0.39683	0.05642	0.01531	0.00876	0.00264	0.00716	0.01499	0.00550	0.00734
43	0.00887	0.00635	0.00844	0.00978	0.01037	0.00591	0.00663	0.01041	0.01454	0.01962	0.13157	0.64866	0.04990	0.02123	0.00899	0.00280	0.00402	0.01922	0.00678	0.00591
44	0.02731	0.01956	0.02113	0.01620	0.02189	0.02152	0.01339	0.65016	0.03284	0.07721	0.01763	0.01744	0.01238	0.00856	0.00713	0.00214	0.00775	0.00645	0.00721	0.01211
45	0.01398	0.01348	0.02363	0.63118	0.08446	0.01608	0.07919	0.01881	0.01458	0.01889	0.01285	0.01893	0.00971	0.00698	0.00723	0.00236	0.00966	0.00652	0.00322	0.00825
46	0.06209	0.01420	0.03391	0.01466	0.04563	0.01449	0.01145	0.29709	0.02299	0.05303	0.05283	0.18976	0.04908	0.01334	0.00784	0.00247	0.00644	0.09284	0.00659	0.00926
47	0.02174	0.02003	0.02387	0.02882	0.32829	0.18488	0.04251	0.04815	0.05574	0.11841	0.01615	0.01839	0.01253	0.00921	0.03787	0.00249	0.00959	0.00627	0.00464	0.01042
48	0.05824	0.06317	0.09149	0.02387	0.21601	0.17779	0.01624	0.07499	0.13421	0.02448	0.01631	0.04323	0.01343	0.00792	0.00672	0.00212	0.00878	0.00637	0.00454	0.01008

[dist]
# distance from previous block
# <min> <max>
37	94

[block]
# block no. 4 follows, 29 sequences, length 87
# corresponding to MSA columns:
# 416-502
name=unknown_E
#
# <colnr> <probs for GDERKNQSTAVLIFYWHMCP>
#	G	D	E	R	K	N	Q	S	T	A	V	L	I	F	Y	W	H	M	C	P
0	0.04663	0.01917	0.10947	0.01447	0.01936	0.13360	0.01269	0.02894	0.16981	0.22879	0.05028	0.07722	0.03846	0.00988	0.00714	0.00225	0.00739	0.00797	0.00640	0.01007
1	0.07377	0.12894	0.35093	0.01982	0.09331	0.01787	0.04329	0.05207	0.05079	0.05343	0.04126	0.01727	0.01269	0.00721	0.00650	0.00214	0.00876	0.00575	0.00402	0.01019
2	0.04357	0.04056	0.13968	0.01432	0.01965	0.04191	0.01323	0.08496	0.23269	0.15439	0.06134	0.02339	0.01896	0.00878	0.00682	0.00220	0.00678	0.00703	0.06929	0.01045
3	0.43916	0.01352	0.01406	0.03249	0.09459	0.01474	0.01015	0.04554	0.06132	0.06512	0.07225	0.01834	0.01517	0.00810	0.00625	0.02397	0.00589	0.00561	0.00504	0.04869
4	0.13082	0.01618	0.01840	0.01660	0.08230	0.01760	0.01230	0.33346	0.02379	0.05640	0.06875	0.02164	0.05065	0.00908	0.00794	0.00217	0.05897	0.00684	0.00602	0.06010
5	0.04531	0.12407	0.01621	0.04276	0.01559	0.01220	0.04359	0.04203	0.04592	0.02347	0.22453	0.16603	0.14414	0.01365	0.00761	0.00229	0.00528	0.01179	0.00606	0.00746
6	0.01728	0.01716	0.05603	0.07311	0.51365	0.01676	0.01986	0.04422	0.09920	0.02432	0.01722	0.02028	0.03444	0.00725	0.00711	0.00218	0.00808	0.00678	0.00415	0.01093
7	0.01552	0.01463	0.02492	0.32433	0.30886	0.01595	0.06474	0.04071	0.01596	0.02177	0.04214	0.02018	0.01313	0.00897	0.03633	0.00263	0.00933	0.00681	0.00369	0.00941
8	0.01578	0.01511	0.02545	0.32782	0.36116	0.01673	0.04010	0.02067	0.03674	0.02109	0.01344	0.01843	0.01077	0.00702	0.00782	0.00228	0.03998	0.00645	0.00348	0.00968
9	0.13894	0.57178	0.06786	0.01244	0.01826	0.02542	0.01238	0.02115	0.01399	0.01941	0.01003	0.01181	0.00892	0.00647	0.00544	0.00173	0.03778	0.00399	0.00326	0.00893
10	0.01237	0.00618	0.00928	0.00928	0.00928	0.00618	0.00618	0.00928	0.00928	0.01237	0.01237	0.02165	0.01237	0.02474	0.02783	0.79283	0.00618	0.00618	0.00309	0.00309
11	0.01384	0.01306	0.02206	0.66804	0.11058	0.01592	0.01997	0.01854	0.01442	0.01867	0.01273	0.01886	0.00966	0.00705	0.00711	0.00235	0.00940	0.00633	0.00320	0.00823
12	0.01345	0.01266	0.02136	0.73264	0.04904	0.01582	0.01978	0.01819	0.01424	0.01819	0.01266	0.01898	0.00949	0.00712	0.00712	0.00237	0.00949	0.00633	0.00316	0.00791
13	0.01116	0.00755	0.00989	0.00921	0.01110	0.00700	0.00697	0.01439	0.01957	0.06322	0.60653	0.05099	0.08725	0.01638	0.04478	0.00271	0.00431	0.01240	0.00764	0.00695
14	0.01345	0.01266	0.02136	0.73264	0.04904	0.01582	0.01978	0.01819	0.01424	0.01819	0.01266	0.01898	0.00949	0.00712	0.00712	0.00237	0.00949	0.00633	0.00316	0.00791
15	0.01731	0.01879	0.09304	0.04151	0.64208	0.01688	0.02227	0.02192	0.01610	0.02320	0.01334	0.01738	0.01107	0.00638	0.00702	0.00213	0.00865	0.00624	0.00348	0.01121
16	0.01401	0.05864	0.01334	0.01103	0.01411	0.09906	0.00861	0.04645	0.13844	0.02221	0.08734	0.04430	0.32877	0.01659	0.06292	0.00296	0.00672	0.01072	0.00602	0.00775
17	0.01018	0.00759	0.01125	0.01125	0.01246	0.00880	0.00866	0.01259	0.01139	0.01639	0.01925	0.02895	0.01822	0.08982	0.68569	0.01121	0.01844	0.00777	0.00384	0.00625
18	0.01741	0.05639	0.40536	0.01875	0.04767	0.01658	0.04188	0.08576	0.08655	0.08302	0.05858	0.01960	0.01505	0.00781	0.00696	0.00223	0.00883	0.00636	0.00464	0.01058
19	0.01345	0.01266	0.02136	0.73264	0.04904	0.01582	0.01978	0.01819	0.01424	0.01819	0.01266	0.01898	0.00949	0.00712	0.00712	0.00237	0.00949	0.00633	0.00316	0.00791
20	0.02707	0.01995	0.02137	0.01638	0.02208	0.02208	0.01353	0.68159	0.03348	0.04488	0.01710	0.01710	0.01211	0.00855	0.00712	0.00214	0.00784	0.00641	0.00712	0.01211
21	0.01762	0.01692	0.02890	0.04371	0.70533	0.01692	0.02185	0.02185	0.01621	0.02326	0.01339	0.01762	0.01128	0.00634	0.00705	0.00211	0.00846	0.00634	0.00352	0.01128
22	0.01681	0.01921	0.04202	0.03001	0.03721	0.01801	0.67947	0.02281	0.01681	0.02281	0.01441	0.01921	0.01080	0.00600	0.00840	0.00240	0.01200	0.00840	0.00360	0.00960
23	0.01017	0.00763	0.01144	0.01144	0.01272	0.00890	0.00890	0.01272	0.01144	0.01653	0.01907	0.02797	0.01780	0.05340	0.72153	0.01144	0.01907	0.00763	0.00381	0.00636
24	0.00868	0.00722	0.00757	0.00749	0.00978	0.00612	0.00562	0.01072	0.01685	0.02070	0.17071	0.06613	0.60296	0.01749	0.00841	0.00238	0.00357	0.01469	0.00680	0.00612
25	0.01036	0.00690	0.00777	0.00777	0.00777	0.00690	0.00431	0.01036	0.01036	0.01381	0.02244	0.04660	0.02589	0.74975	0.03624	0.00690	0.00690	0.01036	0.00431	0.00431
26	0.00982	0.00727	0.00916	0.00869	0.01048	0.00661	0.00652	0.01294	0.01955	0.02712	0.60463	0.05555	0.16503	0.01509	0.00840	0.00226	0.00340	0.01321	0.00765	0.00661
27	0.03195	0.01212	0.01652	0.01267	0.01818	0.01047	0.01047	0.03470	0.02038	0.71026	0.02809	0.02424	0.01763	0.00881	0.00716	0.00220	0.00606	0.00716	0.00881	0.01212
28	0.03195	0.01212	0.01652	0.01267	0.01818	0.01047	0.01047	0.03470	0.02038	0.71026	0.02809	0.02424	0.01763	0.00881	0.00716	0.00220	0.00606	0.00716	0.00881	0.01212
29	0.01771	0.01530	0.01610	0.01449	0.01852	0.01771	0.01127	0.03784	0.69247	0.02979	0.02898	0.02657	0.02174	0.00966	0.00725	0.00242	0.00564	0.00805	0.00725	0.01127
30	0.00868	0.00620	0.00826	0.00991	0.01033	0.00578	0.00661	0.00991	0.01363	0.01818	0.03925	0.74510	0.04710	0.02231	0.00909	0.00289	0.00413	0.02024	0.00661	0.00578
31	0.01477	0.01266	0.01477	0.01055	0.01687	0.00949	0.00844	0.01793	0.01477	0.02320	0.01266	0.01477	0.01055	0.00527	0.00527	0.00105	0.00527	0.00422	0.00422	0.79328
32	0.01240	0.01448	0.16576	0.01185	0.01579	0.00958	0.01139	0.04316	0.01904	0.05391	0.42582	0.07346	0.08920	0.01292	0.00797	0.00228	0.00528	0.01116	0.00665	0.00791
33	0.02660	0.03394	0.02018	0.01834	0.02201	0.72116	0.01376	0.02843	0.02018	0.01743	0.01101	0.01284	0.00917	0.00734	0.00642	0.00183	0.01284	0.00459	0.00367	0.00825
34	0.80005	0.01377	0.01047	0.00936	0.01377	0.01597	0.00771	0.02093	0.01212	0.03195	0.00991	0.01157	0.00771	0.00661	0.00441	0.00220	0.00551	0.00386	0.00441	0.00771
