[name]
unknown

[dist]
# distance from previous block
# <min> <max>
0	0

[block]
# block no. 0 follows, 28 sequences, length 35
# corresponding to MSA columns:
# 0-34
name=unknown_A
#
# <colnr> <probs for GDERKNQSTAVLIFYWHMCP>
#	G	D	E	R	K	N	Q	S	T	A	V	L	I	F	Y	W	H	M	C	P
0	0.01171	0.00837	0.01171	0.01339	0.01506	0.00837	0.01171	0.01506	0.01673	0.02175	0.03849	0.08199	0.04183	0.02008	0.01004	0.00335	0.00669	0.65027	0.00669	0.00669
1	0.03162	0.01397	0.01786	0.01369	0.01935	0.01305	0.01131	0.16330	0.02348	0.57258	0.02643	0.02328	0.01687	0.00894	0.00730	0.00224	0.00655	0.00716	0.00865	0.01237
2	0.13426	0.07978	0.02089	0.01703	0.02013	0.38970	0.01351	0.02449	0.01660	0.01980	0.01057	0.01352	0.00919	0.00861	0.01047	0.00223	0.19233	0.00494	0.00366	0.00829
3	0.01263	0.00631	0.00947	0.00947	0.00947	0.00631	0.00631	0.00947	0.00947	0.01263	0.01263	0.02210	0.01263	0.02525	0.02841	0.78851	0.00631	0.00631	0.00316	0.00316
4	0.00874	0.00734	0.00741	0.00741	0.00968	0.00620	0.00544	0.01044	0.01613	0.01923	0.06989	0.06830	0.64672	0.07210	0.01069	0.00279	0.00393	0.01499	0.00658	0.00601
5	0.02693	0.02001	0.02142	0.01658	0.02227	0.02221	0.01365	0.62791	0.08238	0.04467	0.01835	0.01817	0.01309	0.00881	0.00728	0.00220	0.00783	0.00667	0.00728	0.01230
6	0.02761	0.02104	0.02176	0.01682	0.02254	0.05567	0.01383	0.64407	0.03353	0.04447	0.01715	0.01724	0.01222	0.00867	0.00724	0.00217	0.00824	0.00646	0.00710	0.01217
7	0.01799	0.01727	0.02950	0.04462	0.69919	0.01727	0.02231	0.02231	0.01655	0.02375	0.01367	0.01799	0.01151	0.00648	0.00720	0.00216	0.00864	0.00648	0.00360	0.01151
8	0.00886	0.00633	0.00843	0.01012	0.01054	0.00590	0.00675	0.01012	0.01392	0.01856	0.04006	0.73979	0.04808	0.02277	0.00928	0.00295	0.00422	0.02066	0.00675	0.00590
9	0.01750	0.01677	0.02862	0.12336	0.62430	0.01714	0.02206	0.02188	0.01632	0.02315	0.01359	0.01815	0.01130	0.00657	0.00720	0.00219	0.00876	0.00647	0.00356	0.01112
10	0.02143	0.00990	0.01329	0.01104	0.01470	0.00877	0.00877	0.02455	0.02069	0.36612	0.36258	0.03954	0.04333	0.01193	0.00794	0.00227	0.00481	0.01023	0.00850	0.00961
11	0.03261	0.01237	0.01687	0.01293	0.01856	0.01068	0.01068	0.03543	0.02081	0.70423	0.02868	0.02474	0.01799	0.00900	0.00731	0.00225	0.00619	0.00731	0.00900	0.01237
12	0.01458	0.03760	0.70688	0.02072	0.03146	0.01688	0.02686	0.02302	0.01535	0.02302	0.01304	0.01535	0.00921	0.00691	0.00691	0.00230	0.01074	0.00537	0.00307	0.01074
13	0.02256	0.02081	0.01877	0.01613	0.02063	0.16192	0.01266	0.21152	0.37083	0.03206	0.02250	0.02160	0.01687	0.00906	0.00719	0.00227	0.00787	0.00704	0.00662	0.01111
14	0.00904	0.00693	0.00785	0.00845	0.00974	0.00622	0.00576	0.01035	0.01454	0.01826	0.05251	0.30624	0.34385	0.14993	0.01392	0.00346	0.00448	0.01640	0.00633	0.00574
15	0.00903	0.00640	0.00838	0.00990	0.01028	0.00602	0.00651	0.01017	0.01358	0.01811	0.03834	0.67034	0.04590	0.09520	0.01206	0.00336	0.00450	0.01965	0.00651	0.00575
16	0.01659	0.02050	0.10446	0.02681	0.03270	0.01918	0.44680	0.02184	0.01550	0.02184	0.01327	0.01827	0.01048	0.00782	0.01216	0.00262	0.18852	0.00771	0.00349	0.00944
17	0.01717	0.01930	0.04114	0.03125	0.08618	0.01844	0.60048	0.02300	0.01689	0.02311	0.01444	0.01935	0.01101	0.00640	0.00904	0.00246	0.03849	0.00834	0.00365	0.00986
18	0.00872	0.00719	0.00756	0.00782	0.00985	0.00614	0.00567	0.01039	0.01589	0.01922	0.06614	0.17405	0.56508	0.05106	0.00995	0.00273	0.00391	0.01597	0.00665	0.00602
19	0.01943	0.74891	0.03809	0.01244	0.01866	0.02876	0.01244	0.02177	0.01477	0.01710	0.01011	0.01166	0.00933	0.00622	0.00466	0.00155	0.00777	0.00389	0.00311	0.00933
20	0.01716	0.01961	0.04289	0.03064	0.03799	0.01838	0.67279	0.02328	0.01716	0.02328	0.01471	0.01961	0.01103	0.00613	0.00858	0.00245	0.01225	0.00858	0.00368	0.00980
21	0.01716	0.01961	0.04289	0.03064	0.03799	0.01838	0.67279	0.02328	0.01716	0.02328	0.01471	0.01961	0.01103	0.00613	0.00858	0.00245	0.01225	0.00858	0.00368	0.00980
22	0.03261	0.01237	0.01687	0.01293	0.01856	0.01068	0.01068	0.03543	0.02081	0.70423	0.02868	0.02474	0.01799	0.00900	0.00731	0.00225	0.00619	0.00731	0.00900	0.01237
23	0.03261	0.01237	0.01687	0.01293	0.01856	0.01068	0.01068	0.03543	0.02081	0.70423	0.02868	0.02474	0.01799	0.00900	0.00731	0.00225	0.00619	0.00731	0.00900	0.01237
24	0.01546	0.16689	0.58532	0.01921	0.02913	0.01904	0.02424	0.02279	0.01524	0.02194	0.01251	0.01468	0.00923	0.00678	0.00650	0.00217	0.01020	0.00510	0.00308	0.01049
25	0.02763	0.02036	0.02182	0.01672	0.02254	0.02254	0.01382	0.67496	0.03418	0.04581	0.01745	0.01745	0.01236	0.00873	0.00727	0.00218	0.00800	0.00654	0.00727	0.01236
26	0.00886	0.00633	0.00843	0.01012	0.01054	0.00590	0.00675	0.01012	0.01392	0.01856	0.04006	0.73979	0.04808	0.02277	0.00928	0.00295	0.00422	0.02066	0.00675	0.00590
27	0.21013	0.01403	0.02049	0.41762	0.16473	0.01640	0.01751	0.01998	0.01438	0.02307	0.01236	0.01722	0.00958	0.00699	0.00656	0.00233	0.00847	0.00583	0.00362	0.00868
28	0.01799	0.01727	0.02950	0.04462	0.69919	0.01727	0.02231	0.02231	0.01655	0.02375	0.01367	0.01799	0.01151	0.00648	0.00720	0.00216	0.00864	0.00648	0.00360	0.01151
29	0.11441	0.16783	0.02265	0.01580	0.02036	0.37049	0.01273	0.12451	0.02058	0.02404	0.03587	0.01478	0.01172	0.00760	0.00613	0.00192	0.01009	0.00502	0.00440	0.00908
30	0.01555	0.09521	0.62134	0.01996	0.03001	0.04964	0.02510	0.02319	0.01554	0.02230	0.01272	0.01495	0.00922	0.00688	0.00671	0.00222	0.01061	0.00522	0.00310	0.01052
31	0.06779	0.01780	0.05610	0.20277	0.38447	0.05328	0.01994	0.04671	0.01676	0.04653	0.01376	0.01776	0.01087	0.00693	0.00700	0.00222	0.00892	0.00620	0.00387	0.01032
32	0.01798	0.01478	0.02002	0.04817	0.04715	0.01372	0.09110	0.15674	0.01921	0.04756	0.01642	0.05069	0.01397	0.05436	0.00857	0.00208	0.00716	0.00668	0.00503	0.35862
33	0.01447	0.04191	0.10487	0.20698	0.03037	0.01438	0.13605	0.05240	0.01608	0.02196	0.01939	0.17702	0.01861	0.01025	0.00759	0.00232	0.00840	0.00951	0.00441	0.10303
34	0.06202	0.01738	0.01983	0.10686	0.02461	0.01926	0.01360	0.38119	0.13025	0.12067	0.01979	0.01983	0.01403	0.00865	0.00716	0.00227	0.00753	0.00676	0.00685	0.01146

[dist]
# distance from previous block
# <min> <max>
4	7

[block]
# block no. 1 follows, 28 sequences, length 6
# corresponding to MSA columns:
# 42-47
name=unknown_B
#
# <colnr> <probs for GDERKNQSTAVLIFYWHMCP>
#	G	D	E	R	K	N	Q	S	T	A	V	L	I	F	Y	W	H	M	C	P
0	0.08228	0.20566	0.26128	0.01697	0.06175	0.04410	0.01696	0.02208	0.01582	0.06844	0.05709	0.02047	0.05489	0.00824	0.00700	0.00212	0.03492	0.00615	0.00418	0.00961
1	0.04401	0.01530	0.01536	0.04355	0.01851	0.09540	0.01080	0.10398	0.16130	0.12500	0.08083	0.03509	0.13355	0.01135	0.00755	0.00231	0.00664	0.04674	0.00671	0.03603
2	0.01789	0.01320	0.01520	0.01175	0.01684	0.01189	0.00933	0.16414	0.02011	0.07788	0.08239	0.05268	0.06170	0.03775	0.00783	0.00191	0.00576	0.00740	0.00590	0.37845
3	0.07970	0.01606	0.01972	0.01717	0.06657	0.01681	0.05207	0.17691	0.21930	0.17381	0.02213	0.02144	0.01588	0.00844	0.00706	0.00222	0.00690	0.00698	0.00680	0.06403
4	0.01747	0.01673	0.02856	0.12876	0.61916	0.01713	0.02205	0.02185	0.01630	0.02311	0.01358	0.01816	0.01129	0.00657	0.00721	0.00219	0.00877	0.00647	0.00355	0.01109
5	0.02227	0.01721	0.01788	0.01478	0.01976	0.05942	0.01176	0.19115	0.32372	0.11040	0.02327	0.02209	0.01707	0.00877	0.00705	0.00216	0.00675	0.00699	0.00694	0.11056

[dist]
# distance from previous block
# <min> <max>
5	11

[block]
# block no. 2 follows, 28 sequences, length 9
# corresponding to MSA columns:
# 59-67
name=unknown_C
#
# <colnr> <probs for GDERKNQSTAVLIFYWHMCP>
#	G	D	E	R	K	N	Q	S	T	A	V	L	I	F	Y	W	H	M	C	P
0	0.00902	0.00658	0.00854	0.01003	0.01077	0.00610	0.00695	0.01050	0.01441	0.01890	0.04375	0.61883	0.12087	0.02209	0.00925	0.00292	0.00433	0.06342	0.00674	0.00598
1	0.01765	0.01692	0.02889	0.09912	0.64735	0.01718	0.02214	0.02201	0.01639	0.02333	0.01361	0.01810	0.01137	0.00654	0.00720	0.00218	0.00872	0.00648	0.00357	0.01124
2	0.01886	0.66410	0.11783	0.01343	0.02018	0.02735	0.01416	0.02192	0.01484	0.01781	0.01046	0.01210	0.00931	0.00630	0.00493	0.00164	0.00813	0.00406	0.00310	0.00950
3	0.01716	0.01961	0.04289	0.03064	0.03799	0.01838	0.67279	0.02328	0.01716	0.02328	0.01471	0.01961	0.01103	0.00613	0.00858	0.00245	0.01225	0.00858	0.00368	0.00980
4	0.00906	0.00641	0.00837	0.00986	0.01023	0.00604	0.00647	0.01018	0.01351	0.01802	0.03800	0.65646	0.04547	0.10966	0.01262	0.00345	0.00456	0.01945	0.00647	0.00572
5	0.01704	0.01612	0.02732	0.11934	0.57515	0.01648	0.02128	0.02135	0.01634	0.02302	0.01543	0.02290	0.01356	0.00758	0.00742	0.00228	0.00861	0.05424	0.00379	0.01077
6	0.01799	0.01727	0.02950	0.04462	0.69919	0.01727	0.02231	0.02231	0.01655	0.02375	0.01367	0.01799	0.01151	0.00648	0.00720	0.00216	0.00864	0.00648	0.00360	0.01151
7	0.01767	0.01695	0.02893	0.09517	0.65111	0.01719	0.02215	0.02203	0.01640	0.02336	0.01362	0.01809	0.01138	0.00654	0.00720	0.00218	0.00871	0.00648	0.00357	0.01126
8	0.02068	0.01616	0.01801	0.03984	0.05590	0.04002	0.01232	0.20821	0.26017	0.07816	0.02407	0.09791	0.01970	0.01019	0.00737	0.00229	0.00674	0.00846	0.00672	0.06708

[dist]
# distance from previous block
# <min> <max>
8	69

[block]
# block no. 3 follows, 28 sequences, length 25
# corresponding to MSA columns:
# 138-162
name=unknown_D
#
# <colnr> <probs for GDERKNQSTAVLIFYWHMCP>
#	G	D	E	R	K	N	Q	S	T	A	V	L	I	F	Y	W	H	M	C	P
0	0.05137	0.01468	0.01781	0.04197	0.04286	0.01511	0.03151	0.25394	0.02231	0.06504	0.06496	0.11377	0.04659	0.01059	0.00793	0.00217	0.03610	0.00870	0.00613	0.14647
1	0.06989	0.01946	0.06704	0.01580	0.05190	0.12749	0.01245	0.19114	0.04806	0.02820	0.01797	0.09877	0.01621	0.05015	0.00848	0.00231	0.00784	0.00745	0.00528	0.15411
2	0.04520	0.04281	0.01985	0.01875	0.12825	0.01563	0.03950	0.12289	0.16807	0.04916	0.07885	0.05735	0.02061	0.00895	0.00701	0.00207	0.00656	0.00767	0.00585	0.15498
3	0.02164	0.02060	0.04470	0.02950	0.30795	0.13030	0.07271	0.13028	0.05203	0.07012	0.01565	0.01818	0.01216	0.00791	0.00790	0.02715	0.00925	0.00648	0.00472	0.01078
4	0.01865	0.05898	0.05634	0.03810	0.09190	0.01577	0.01302	0.18777	0.04310	0.04666	0.01787	0.08776	0.01576	0.03448	0.00839	0.00215	0.03182	0.00729	0.00526	0.21894
5	0.09246	0.01809	0.02238	0.06577	0.28246	0.07094	0.01620	0.17287	0.08053	0.02932	0.01766	0.01969	0.03805	0.00786	0.00693	0.00217	0.00805	0.00654	0.00500	0.03702
6	0.04612	0.01828	0.01928	0.01673	0.06396	0.06371	0.01257	0.29214	0.16668	0.03406	0.01819	0.01858	0.01373	0.00796	0.00675	0.00198	0.00726	0.00621	0.00610	0.17971
7	0.05783	0.01643	0.01786	0.01759	0.10041	0.06886	0.01231	0.06978	0.30811	0.11190	0.02513	0.02433	0.04975	0.00896	0.00703	0.00220	0.00671	0.00731	0.00640	0.08109
8	0.00904	0.00652	0.00857	0.00987	0.01056	0.00605	0.00671	0.01063	0.01494	0.02006	0.13163	0.61814	0.07732	0.02151	0.00915	0.00284	0.00409	0.01941	0.00692	0.00605
9	0.01869	0.01607	0.01796	0.01760	0.08036	0.01829	0.01263	0.07817	0.58380	0.03080	0.02737	0.02568	0.02060	0.00948	0.00737	0.00242	0.00616	0.00795	0.00705	0.01156
10	0.01988	0.70747	0.03708	0.01280	0.01888	0.06860	0.01253	0.02219	0.01511	0.01714	0.01017	0.01174	0.00933	0.00629	0.00477	0.00157	0.00808	0.00393	0.00315	0.00928
11	0.12533	0.08931	0.02112	0.01556	0.02070	0.14717	0.01272	0.34811	0.09336	0.03480	0.01593	0.01638	0.01196	0.00813	0.00655	0.00211	0.00837	0.00579	0.00590	0.01070
12	0.01943	0.74891	0.03809	0.01244	0.01866	0.02876	0.01244	0.02177	0.01477	0.01710	0.01011	0.01166	0.00933	0.00622	0.00466	0.00155	0.00777	0.00389	0.00311	0.00933
13	0.01263	0.00631	0.00947	0.00947	0.00947	0.00631	0.00631	0.00947	0.00947	0.01263	0.01263	0.02210	0.01263	0.02525	0.02841	0.78851	0.00631	0.00631	0.00316	0.00316
14	0.01808	0.01561	0.01644	0.01479	0.01890	0.01808	0.01151	0.03863	0.68606	0.03041	0.02959	0.02712	0.02219	0.00986	0.00740	0.00247	0.00575	0.00822	0.00740	0.01151
15	0.01485	0.03570	0.63677	0.02177	0.03215	0.01704	0.09505	0.02305	0.01554	0.02305	0.01322	0.01580	0.00940	0.00682	0.00708	0.00232	0.01090	0.00571	0.00313	0.01064
16	0.00886	0.00633	0.00843	0.01012	0.01054	0.00590	0.00675	0.01012	0.01392	0.01856	0.04006	0.73979	0.04808	0.02277	0.00928	0.00295	0.00422	0.02066	0.00675	0.00590
17	0.00886	0.00633	0.00843	0.01012	0.01054	0.00590	0.00675	0.01012	0.01392	0.01856	0.04006	0.73979	0.04808	0.02277	0.00928	0.00295	0.00422	0.02066	0.00675	0.00590
18	0.11562	0.02165	0.02037	0.01619	0.02156	0.11957	0.01317	0.50891	0.02976	0.04035	0.01573	0.01619	0.01142	0.00832	0.00685	0.00215	0.00845	0.00598	0.00646	0.01129
19	0.02506	0.01479	0.01723	0.01413	0.01902	0.01544	0.01137	0.14818	0.27945	0.29624	0.05914	0.02580	0.02105	0.00956	0.00740	0.00232	0.00621	0.00781	0.00803	0.01177
20	0.01628	0.01347	0.01670	0.01200	0.01845	0.01058	0.04053	0.04161	0.01605	0.05081	0.01377	0.01575	0.01111	0.00567	0.00567	0.00123	0.00583	0.00470	0.00456	0.69523
21	0.02253	0.08255	0.02056	0.01669	0.05285	0.24971	0.01264	0.18551	0.08330	0.02714	0.01870	0.01956	0.05170	0.00830	0.00663	0.00193	0.00882	0.00614	0.03154	0.09320
22	0.01746	0.01690	0.02690	0.04931	0.16109	0.04237	0.20738	0.08027	0.04594	0.02540	0.05508	0.04533	0.01614	0.00783	0.00792	0.00213	0.03014	0.00759	0.00458	0.15026
23	0.13664	0.01906	0.03686	0.03593	0.05270	0.15203	0.01222	0.07967	0.12434	0.13092	0.03369	0.01898	0.01443	0.00790	0.00651	0.00205	0.00771	0.00599	0.00566	0.11673
24	0.05625	0.01409	0.01855	0.01506	0.01981	0.01418	0.09671	0.04760	0.25614	0.13210	0.04405	0.08349	0.04139	0.00988	0.00733	0.00225	0.00643	0.00869	0.00652	0.11946

[dist]
# distance from previous block
# <min> <max>
96	154

[block]
# block no. 4 follows, 28 sequences, length 8
# corresponding to MSA columns:
# 353-360
name=unknown_E
#
# <colnr> <probs for GDERKNQSTAVLIFYWHMCP>
#	G	D	E	R	K	N	Q	S	T	A	V	L	I	F	Y	W	H	M	C	P
0	0.10989	0.01732	0.09385	0.12784	0.18891	0.05287	0.01574	0.02102	0.01575	0.06643	0.01845	0.05690	0.05057	0.00822	0.00673	0.00211	0.00776	0.00689	0.00439	0.12834
1	0.04621	0.01482	0.13377	0.15307	0.05015	0.01148	0.01375	0.01855	0.01683	0.09623	0.18192	0.07842	0.10997	0.03316	0.00856	0.00251	0.00670	0.00988	0.00567	0.00837
2	0.01809	0.05667	0.14557	0.01567	0.02123	0.01619	0.05059	0.23018	0.05726	0.03033	0.07988	0.13759	0.02269	0.01072	0.00743	0.00224	0.00737	0.00908	0.00582	0.07539
3	0.06584	0.35225	0.06705	0.05581	0.05943	0.05111	0.03661	0.02440	0.09847	0.05096	0.01402	0.01579	0.01143	0.00746	0.00714	0.00203	0.06116	0.00532	0.00407	0.00965
4	0.01576	0.01254	0.04568	0.01423	0.05695	0.03128	0.01072	0.07540	0.06748	0.09562	0.11426	0.22706	0.07056	0.01456	0.00818	0.00249	0.00586	0.07264	0.00664	0.05209
5	0.05578	0.02083	0.06534	0.03027	0.36319	0.12465	0.01800	0.09521	0.01868	0.02563	0.01342	0.01637	0.01088	0.00679	0.00674	0.00200	0.00884	0.00575	0.00413	0.10752
6	0.01642	0.01453	0.01599	0.01579	0.07534	0.07224	0.01144	0.13915	0.06923	0.02655	0.11663	0.04085	0.20098	0.01311	0.00977	0.00246	0.08670	0.05802	0.00612	0.00867
7	0.19063	0.01270	0.03888	0.05379	0.10892	0.01211	0.04754	0.01869	0.01697	0.05917	0.24492	0.03277	0.08007	0.01031	0.00714	0.00224	0.00593	0.00880	0.00575	0.04268

[dist]
# distance from previous block
# <min> <max>
9	24

[block]
# block no. 5 follows, 28 sequences, length 9
# corresponding to MSA columns:
# 386-394
name=unknown_F
#
# <colnr> <probs for GDERKNQSTAVLIFYWHMCP>
#	G	D	E	R	K	N	Q	S	T	A	V	L	I	F	Y	W	H	M	C	P
0	0.08756	0.01772	0.01883	0.01563	0.03881	0.04284	0.01225	0.41302	0.04241	0.08118	0.01952	0.09038	0.01596	0.00970	0.00710	0.00219	0.00727	0.00763	0.00668	0.06332
1	0.02104	0.01775	0.02082	0.19571	0.02860	0.08496	0.04806	0.25826	0.09458	0.05743	0.06346	0.04134	0.01736	0.00904	0.00743	0.00229	0.00841	0.00749	0.00585	0.01013
2	0.01465	0.01106	0.01393	0.01467	0.08320	0.01120	0.01015	0.08867	0.10810	0.05397	0.23290	0.10234	0.11876	0.03236	0.00900	0.00258	0.00535	0.07163	0.00697	0.00851
3	0.08717	0.01762	0.01939	0.08212	0.02298	0.01963	0.01303	0.48575	0.02813	0.03893	0.01814	0.06536	0.01471	0.04359	0.00856	0.00249	0.00767	0.00743	0.00650	0.01080
4	0.02050	0.24848	0.04983	0.01466	0.01981	0.16975	0.01260	0.09259	0.13823	0.02355	0.01661	0.05521	0.01419	0.00824	0.00623	0.00191	0.00826	0.00611	0.00476	0.08849
5	0.09607	0.29213	0.06235	0.01395	0.01928	0.08756	0.01251	0.20550	0.02017	0.02677	0.01374	0.01727	0.01177	0.08174	0.00895	0.00242	0.00822	0.00547	0.00461	0.00954
6	0.06590	0.00879	0.01086	0.01072	0.01273	0.00858	0.00801	0.05778	0.01783	0.09367	0.21593	0.34315	0.04530	0.01705	0.00848	0.00262	0.00469	0.05330	0.00720	0.00742
7	0.01683	0.01855	0.09373	0.05718	0.43787	0.04802	0.01941	0.02157	0.03570	0.02292	0.01636	0.08547	0.01481	0.00814	0.00719	0.00216	0.00833	0.00749	0.00400	0.07426
8	0.12986	0.01292	0.01952	0.41226	0.12567	0.01504	0.01725	0.01891	0.01485	0.02187	0.01681	0.02837	0.01495	0.00919	0.00730	0.00251	0.00845	0.11195	0.00404	0.00828

[dist]
# distance from previous block
# <min> <max>
1	5

[block]
# block no. 6 follows, 28 sequences, length 9
# corresponding to MSA columns:
# 400-408
name=unknown_G
#
# <colnr> <probs for GDERKNQSTAVLIFYWHMCP>
#	G	D	E	R	K	N	Q	S	T	A	V	L	I	F	Y	W	H	M	C	P
0	0.07718	0.01680	0.01810	0.01471	0.01933	0.01831	0.01194	0.46219	0.02759	0.03814	0.02056	0.07628	0.01798	0.05887	0.00935	0.00263	0.00731	0.06199	0.00671	0.03402
1	0.04562	0.01248	0.03333	0.01171	0.01595	0.01137	0.00937	0.02387	0.18178	0.11925	0.09801	0.09042	0.07233	0.04233	0.00841	0.00230	0.00540	0.00907	0.00646	0.20053
2	0.02654	0.07241	0.02270	0.01632	0.02207	0.02275	0.01360	0.59465	0.06702	0.04294	0.01756	0.01754	0.01266	0.00861	0.00709	0.00215	0.00786	0.00644	0.00698	0.01210
3	0.02047	0.47472	0.06417	0.01474	0.02013	0.09832	0.01385	0.09253	0.01706	0.02060	0.01109	0.01312	0.00968	0.00743	0.00754	0.00189	0.09495	0.00462	0.00363	0.00946
4	0.47892	0.09693	0.05502	0.03799	0.01790	0.01742	0.01063	0.07636	0.01571	0.09286	0.03351	0.01522	0.01133	0.00733	0.00537	0.00218	0.00648	0.00491	0.00497	0.00896
5	0.19123	0.05571	0.26096	0.04170	0.02436	0.01862	0.01707	0.20403	0.04306	0.05665	0.01464	0.01589	0.01058	0.00754	0.00643	0.00223	0.00835	0.00553	0.00492	0.01049
6	0.02627	0.01858	0.02029	0.01588	0.02120	0.02027	0.01298	0.57320	0.03148	0.08669	0.02022	0.08277	0.01594	0.01000	0.00745	0.00226	0.00754	0.00786	0.00734	0.01178
7	0.04720	0.35791	0.16368	0.01555	0.02196	0.19226	0.01541	0.02473	0.01665	0.06702	0.01226	0.01366	0.00987	0.00688	0.00575	0.00185	0.00948	0.00462	0.00371	0.00955
8	0.02553	0.07935	0.02225	0.01607	0.02155	0.02178	0.01351	0.56187	0.03101	0.04128	0.01873	0.02277	0.01476	0.00954	0.00731	0.00223	0.00786	0.06411	0.00688	0.01160

[dist]
# distance from previous block
# <min> <max>
2	6

[block]
# block no. 7 follows, 28 sequences, length 13
# corresponding to MSA columns:
# 415-427
name=unknown_H
#
# <colnr> <probs for GDERKNQSTAVLIFYWHMCP>
#	G	D	E	R	K	N	Q	S	T	A	V	L	I	F	Y	W	H	M	C	P
0	0.23515	0.21639	0.02057	0.01196	0.01680	0.01875	0.01031	0.09583	0.08294	0.10196	0.10512	0.02088	0.01926	0.00844	0.00597	0.00208	0.00626	0.00621	0.00565	0.00948
1	0.02763	0.02036	0.02182	0.01672	0.02254	0.02254	0.01382	0.67496	0.03418	0.04581	0.01745	0.01745	0.01236	0.00873	0.00727	0.00218	0.00800	0.00654	0.00727	0.01236
2	0.02522	0.01966	0.02006	0.01617	0.02138	0.06599	0.01307	0.43283	0.20951	0.06807	0.02082	0.02010	0.01507	0.00897	0.00726	0.00224	0.00765	0.00691	0.00715	0.01187
3	0.02558	0.01934	0.02066	0.01631	0.02176	0.02158	0.01332	0.53841	0.17406	0.04251	0.02006	0.01953	0.01447	0.00897	0.00730	0.00224	0.00752	0.00690	0.00730	0.01218
4	0.06525	0.63411	0.10320	0.01309	0.01966	0.02683	0.01360	0.02187	0.01468	0.01862	0.01040	0.01204	0.00923	0.00632	0.00488	0.00167	0.00794	0.00404	0.00319	0.00938
5	0.02763	0.02036	0.02182	0.01672	0.02254	0.02254	0.01382	0.67496	0.03418	0.04581	0.01745	0.01745	0.01236	0.00873	0.00727	0.00218	0.00800	0.00654	0.00727	0.01236
6	0.08122	0.07598	0.60978	0.01930	0.02926	0.01751	0.02443	0.02281	0.01506	0.02350	0.01263	0.01484	0.00910	0.00685	0.00657	0.00226	0.01014	0.00517	0.00319	0.01042
7	0.02158	0.06509	0.02082	0.16086	0.02608	0.04812	0.01384	0.36543	0.04664	0.03306	0.02076	0.02318	0.06487	0.04715	0.00872	0.00246	0.00809	0.00721	0.00584	0.01021
8	0.01458	0.03760	0.70688	0.02072	0.03146	0.01688	0.02686	0.02302	0.01535	0.02302	0.01304	0.01535	0.00921	0.00691	0.00691	0.00230	0.01074	0.00537	0.00307	0.01074
9	0.04131	0.01342	0.02262	0.53971	0.04293	0.01622	0.07948	0.01852	0.01440	0.01942	0.01435	0.06182	0.01203	0.00849	0.00869	0.00251	0.06505	0.00741	0.00352	0.00809
10	0.01562	0.03187	0.52452	0.02158	0.03111	0.01640	0.14209	0.02310	0.01598	0.05445	0.01669	0.01891	0.03966	0.00736	0.00730	0.00233	0.01050	0.00647	0.00361	0.01045
11	0.01441	0.01362	0.02304	0.61767	0.15412	0.01633	0.02053	0.01917	0.01486	0.01940	0.01304	0.01916	0.00998	0.00714	0.00726	0.00238	0.00952	0.00646	0.00329	0.00863
12	0.01503	0.10425	0.64421	0.01994	0.03026	0.01799	0.02551	0.02290	0.01529	0.02247	0.01277	0.01500	0.00922	0.00684	0.00670	0.00223	0.01046	0.00523	0.00307	0.01061

[dist]
# distance from previous block
# <min> <max>
0	4

[block]
# block no. 8 follows, 28 sequences, length 51
# corresponding to MSA columns:
# 432-482
name=unknown_I
#
# <colnr> <probs for GDERKNQSTAVLIFYWHMCP>
#	G	D	E	R	K	N	Q	S	T	A	V	L	I	F	Y	W	H	M	C	P
0	0.01383	0.01298	0.02217	0.57745	0.08836	0.01544	0.05101	0.01846	0.01487	0.01930	0.01567	0.05781	0.01337	0.00856	0.00756	0.00248	0.00933	0.03951	0.00362	0.00821
1	0.01401	0.01321	0.02231	0.68225	0.09269	0.01622	0.02033	0.01882	0.01467	0.01891	0.01297	0.01929	0.00981	0.00722	0.00726	0.00241	0.00962	0.00646	0.00325	0.00830
2	0.01529	0.03107	0.48146	0.06326	0.06108	0.01722	0.18196	0.02281	0.01579	0.02287	0.01346	0.01670	0.00977	0.00672	0.00734	0.00234	0.01096	0.00625	0.00325	0.01040
3	0.01659	0.01689	0.03189	0.22071	0.30858	0.01734	0.23692	0.02164	0.01622	0.02222	0.01382	0.01889	0.01087	0.00657	0.00767	0.00233	0.01011	0.00717	0.00353	0.01004
4	0.00879	0.00729	0.00769	0.00777	0.00998	0.00619	0.00576	0.01075	0.01678	0.02055	0.13638	0.12041	0.57985	0.01838	0.00864	0.00248	0.00370	0.01552	0.00688	0.00619
5	0.00928	0.00656	0.00857	0.01001	0.01045	0.00622	0.00672	0.01050	0.01361	0.01812	0.03750	0.59915	0.04458	0.12615	0.01330	0.00356	0.00478	0.05878	0.00641	0.00574
6	0.03261	0.01237	0.01687	0.01293	0.01856	0.01068	0.01068	0.03543	0.02081	0.70423	0.02868	0.02474	0.01799	0.00900	0.00731	0.00225	0.00619	0.00731	0.00900	0.01237
7	0.01577	0.03488	0.61988	0.02101	0.03122	0.01665	0.07336	0.02373	0.01578	0.06083	0.01403	0.01618	0.00983	0.00696	0.00705	0.00231	0.01060	0.00571	0.00344	0.01076
8	0.01738	0.01665	0.02840	0.14219	0.60639	0.01711	0.02201	0.02177	0.01626	0.02301	0.01357	0.01819	0.01125	0.00659	0.00721	0.00220	0.00879	0.00647	0.00355	0.01102
9	0.02803	0.01181	0.01671	0.01312	0.01811	0.01036	0.03696	0.03109	0.02048	0.55522	0.12411	0.03084	0.02583	0.01012	0.00764	0.00230	0.00605	0.03138	0.00856	0.01127
10	0.03261	0.01237	0.01687	0.01293	0.01856	0.01068	0.01068	0.03543	0.02081	0.70423	0.02868	0.02474	0.01799	0.00900	0.00731	0.00225	0.00619	0.00731	0.00900	0.01237
11	0.02910	0.01282	0.01654	0.01315	0.01836	0.01195	0.01071	0.03529	0.14673	0.55350	0.05174	0.02621	0.02053	0.00936	0.00737	0.00229	0.00601	0.00768	0.00866	0.01202
12	0.01784	0.01711	0.02923	0.06923	0.67579	0.01723	0.02223	0.02217	0.01648	0.02356	0.01365	0.01804	0.01145	0.00651	0.00720	0.00217	0.00867	0.00648	0.00358	0.01139
13	0.03239	0.01273	0.01709	0.01311	0.01874	0.01122	0.01083	0.06447	0.02141	0.67432	0.02817	0.02441	0.01774	0.00898	0.00731	0.00225	0.00627	0.00728	0.00892	0.01237
14	0.04971	0.00806	0.00991	0.00990	0.01196	0.00757	0.00776	0.01440	0.01808	0.05605	0.32481	0.11630	0.18050	0.01658	0.00867	0.00258	0.00442	0.13855	0.00727	0.00691
15	0.01846	0.06893	0.51376	0.01909	0.02823	0.08797	0.02273	0.02519	0.01657	0.11125	0.01476	0.01617	0.01038	0.00721	0.00681	0.00221	0.01024	0.00548	0.00392	0.01065
16	0.02738	0.01151	0.01539	0.01224	0.01700	0.01024	0.00994	0.03113	0.05125	0.53536	0.16499	0.03089	0.02853	0.01024	0.00757	0.00227	0.00560	0.00854	0.00872	0.01120
17	0.00859	0.00736	0.00736	0.00736	0.00982	0.00614	0.00552	0.01043	0.01657	0.01964	0.07364	0.06996	0.69624	0.01841	0.00859	0.00245	0.00368	0.01534	0.00675	0.00614
18	0.01780	0.01707	0.02916	0.07561	0.66971	0.01722	0.02221	0.02214	0.01646	0.02351	0.01364	0.01805	0.01143	0.00651	0.00720	0.00217	0.00868	0.00648	0.00358	0.01136
19	0.01550	0.03631	0.67165	0.02032	0.03080	0.01657	0.02603	0.02365	0.01563	0.05780	0.01384	0.01583	0.00966	0.00701	0.00693	0.00230	0.01051	0.00547	0.00337	0.01083
20	0.01427	0.01386	0.02455	0.62201	0.07019	0.01645	0.09747	0.01925	0.01491	0.01930	0.01316	0.01936	0.00991	0.00711	0.00742	0.00242	0.00996	0.00671	0.00330	0.00839
21	0.01458	0.03760	0.70688	0.02072	0.03146	0.01688	0.02686	0.02302	0.01535	0.02302	0.01304	0.01535	0.00921	0.00691	0.00691	0.00230	0.01074	0.00537	0.00307	0.01074
22	0.02667	0.07953	0.02170	0.01833	0.02223	0.67221	0.01394	0.02857	0.02023	0.01775	0.01116	0.01302	0.00936	0.00741	0.00644	0.00185	0.01277	0.00463	0.00371	0.00848
23	0.01250	0.01033	0.01355	0.01674	0.10471	0.04330	0.01181	0.01537	0.01628	0.02101	0.03617	0.21250	0.07390	0.01816	0.00925	0.00298	0.00656	0.36153	0.00616	0.00721
24	0.01022	0.00743	0.00962	0.00907	0.01082	0.00683	0.00681	0.01359	0.02042	0.02877	0.67039	0.05493	0.09379	0.01500	0.00857	0.00229	0.00344	0.01323	0.00795	0.00683
25	0.03261	0.01237	0.01687	0.01293	0.01856	0.01068	0.01068	0.03543	0.02081	0.70423	0.02868	0.02474	0.01799	0.00900	0.00731	0.00225	0.00619	0.00731	0.00900	0.01237
26	0.01506	0.01428	0.02421	0.51416	0.25258	0.01650	0.02085	0.01974	0.01516	0.02019	0.01315	0.01895	0.01026	0.00702	0.00725	0.00234	0.00936	0.00647	0.00334	0.00915
27	0.00896	0.00640	0.00856	0.01024	0.01071	0.00600	0.00693	0.01031	0.01402	0.01868	0.04000	0.71498	0.04784	0.02267	0.00931	0.00297	0.00431	0.04441	0.00675	0.00593
28	0.01458	0.03760	0.70688	0.02072	0.03146	0.01688	0.02686	0.02302	0.01535	0.02302	0.01304	0.01535	0.00921	0.00691	0.00691	0.00230	0.01074	0.00537	0.00307	0.01074
29	0.79588	0.01406	0.01068	0.00956	0.01406	0.01631	0.00787	0.02137	0.01237	0.03261	0.01012	0.01181	0.00787	0.00675	0.00450	0.00225	0.00562	0.00394	0.00450	0.00787
30	0.01458	0.03760	0.70688	0.02072	0.03146	0.01688	0.02686	0.02302	0.01535	0.02302	0.01304	0.01535	0.00921	0.00691	0.00691	0.00230	0.01074	0.00537	0.00307	0.01074
31	0.01799	0.01727	0.02950	0.04462	0.69919	0.01727	0.02231	0.02231	0.01655	0.02375	0.01367	0.01799	0.01151	0.00648	0.00720	0.00216	0.00864	0.00648	0.00360	0.01151
32	0.01644	0.02011	0.09037	0.02859	0.03576	0.01748	0.58209	0.02243	0.01682	0.02296	0.01620	0.06512	0.01325	0.00724	0.00850	0.00247	0.01163	0.00911	0.00383	0.00963
33	0.02730	0.02020	0.02163	0.01666	0.02242	0.02239	0.01374	0.65296	0.05671	0.04528	0.01787	0.01779	0.01270	0.00877	0.00728	0.00219	0.00792	0.00660	0.00728	0.01233
34	0.00883	0.00641	0.00834	0.00989	0.01048	0.00592	0.00664	0.01015	0.01414	0.01865	0.04290	0.68323	0.10281	0.02240	0.00922	0.00291	0.00417	0.02022	0.00675	0.00592
35	0.01458	0.03760	0.70688	0.02072	0.03146	0.01688	0.02686	0.02302	0.01535	0.02302	0.01304	0.01535	0.00921	0.00691	0.00691	0.00230	0.01074	0.00537	0.00307	0.01074
36	0.01799	0.01727	0.02950	0.04462	0.69919	0.01727	0.02231	0.02231	0.01655	0.02375	0.01367	0.01799	0.01151	0.00648	0.00720	0.00216	0.00864	0.00648	0.00360	0.01151
37	0.00997	0.00767	0.00806	0.00794	0.01052	0.00648	0.00609	0.01193	0.01679	0.05469	0.06963	0.06823	0.62976	0.01801	0.00860	0.00249	0.00396	0.04584	0.00686	0.00648
38	0.00904	0.00658	0.00852	0.00972	0.01052	0.00606	0.00665	0.01067	0.01513	0.02018	0.13731	0.57683	0.11355	0.02122	0.00911	0.00281	0.00405	0.01907	0.00693	0.00606
39	0.01513	0.09992	0.61708	0.02044	0.03062	0.01800	0.05518	0.02292	0.01538	0.02251	0.01286	0.01521	0.00930	0.00681	0.00678	0.00224	0.01055	0.00539	0.00310	0.01057
40	0.01490	0.11344	0.60026	0.01925	0.02907	0.01768	0.02432	0.02243	0.01554	0.02268	0.04594	0.01684	0.01211	0.00722	0.00674	0.00222	0.01006	0.00559	0.00331	0.01040
41	0.01411	0.01442	0.04618	0.63166	0.04820	0.01641	0.08837	0.01921	0.01483	0.01921	0.01311	0.01927	0.00981	0.00714	0.00739	0.00242	0.00999	0.00665	0.00327	0.00834
42	0.03007	0.01299	0.04421	0.01294	0.01845	0.01062	0.01103	0.03316	0.02057	0.62194	0.08209	0.02676	0.02174	0.00939	0.00740	0.00225	0.00615	0.00770	0.00868	0.01186
43	0.01823	0.01796	0.02853	0.08607	0.62086	0.05592	0.02172	0.02245	0.01665	0.02309	0.01349	0.01781	0.01128	0.00658	0.00717	0.00216	0.00895	0.00638	0.00358	0.01113
44	0.01691	0.02158	0.12012	0.03035	0.07878	0.01814	0.55596	0.02319	0.01691	0.02328	0.01445	0.01901	0.01085	0.00624	0.00829	0.00242	0.01185	0.00807	0.00360	0.01002
45	0.01797	0.01908	0.04076	0.02927	0.03628	0.01808	0.61413	0.02376	0.01716	0.06086	0.01531	0.01977	0.01137	0.00651	0.00902	0.00246	0.03593	0.00843	0.00396	0.00988
46	0.02742	0.01122	0.01521	0.01205	0.01677	0.00979	0.00979	0.03038	0.02075	0.54727	0.18368	0.03161	0.02976	0.01036	0.00760	0.00226	0.00554	0.00867	0.00877	0.01109
47	0.01698	0.02132	0.11586	0.03140	0.12631	0.01806	0.51244	0.02312	0.01687	0.02332	0.01438	0.01891	0.01089	0.00626	0.00820	0.00239	0.01160	0.00793	0.00360	0.01014
48	0.01458	0.03760	0.70688	0.02072	0.03146	0.01688	0.02686	0.02302	0.01535	0.02302	0.01304	0.01535	0.00921	0.00691	0.00691	0.00230	0.01074	0.00537	0.00307	0.01074
49	0.03152	0.01213	0.01652	0.01275	0.01818	0.01050	0.01050	0.03436	0.02079	0.67108	0.06142	0.02619	0.02048	0.00928	0.00737	0.00225	0.00605	0.00760	0.00895	0.01210
50	0.02696	0.01833	0.02027	0.01590	0.02137	0.01986	0.01312	0.51081	0.07237	0.13812	0.02086	0.02227	0.01523	0.00939	0.00742	0.00227	0.00753	0.03837	0.00750	0.01203

[dist]
# distance from previous block
# <min> <max>
0	1

[block]
# block no. 9 follows, 28 sequences, length 81
# corresponding to MSA columns:
# 484-564
name=unknown_J
#
# <colnr> <probs for GDERKNQSTAVLIFYWHMCP>
#	G	D	E	R	K	N	Q	S	T	A	V	L	I	F	Y	W	H	M	C	P
0	0.00886	0.00633	0.00843	0.01012	0.01054	0.00590	0.00675	0.01012	0.01392	0.01856	0.04006	0.73979	0.04808	0.02277	0.00928	0.00295	0.00422	0.02066	0.00675	0.00590
1	0.01675	0.01895	0.04119	0.02962	0.03663	0.01777	0.63991	0.02263	0.01700	0.02305	0.01596	0.05517	0.01286	0.00695	0.00861	0.00248	0.01186	0.00918	0.00383	0.00961
2	0.01871	0.01543	0.01725	0.01632	0.05134	0.01738	0.01242	0.13663	0.45491	0.03134	0.02814	0.03290	0.02288	0.01096	0.00774	0.00253	0.00638	0.09867	0.00710	0.01096
3	0.02029	0.01922	0.01870	0.01843	0.08415	0.14031	0.01321	0.09725	0.40794	0.02866	0.02410	0.02557	0.01893	0.00952	0.00735	0.00235	0.00759	0.03926	0.00635	0.01081
4	0.01271	0.00879	0.01208	0.01342	0.01533	0.00882	0.01167	0.01669	0.04219	0.04688	0.03779	0.07784	0.04022	0.01929	0.00984	0.00327	0.00664	0.60263	0.00680	0.00708
5	0.01142	0.00827	0.01131	0.01282	0.01457	0.00816	0.01113	0.01463	0.01672	0.02156	0.04178	0.08087	0.10307	0.01992	0.00990	0.00326	0.00641	0.59086	0.00670	0.00664
6	0.01752	0.03839	0.67466	0.02225	0.03277	0.01825	0.02721	0.02472	0.01710	0.02555	0.01600	0.01947	0.01211	0.00890	0.00815	0.00284	0.01151	0.00634	0.00413	0.01213
7	0.01735	0.01486	0.01584	0.01448	0.01837	0.01704	0.01135	0.03612	0.61864	0.02948	0.03147	0.03231	0.04254	0.01084	0.00762	0.00253	0.00576	0.05506	0.00733	0.01101
8	0.01112	0.00794	0.01103	0.01271	0.01412	0.00786	0.01068	0.01403	0.01615	0.02109	0.03881	0.21863	0.04313	0.02064	0.00988	0.00326	0.00618	0.51949	0.00670	0.00653
9	0.01565	0.17628	0.54407	0.01957	0.02926	0.01928	0.05479	0.02279	0.01532	0.02187	0.01255	0.01483	0.00932	0.00673	0.00655	0.00216	0.01023	0.00523	0.00311	0.01042
10	0.03261	0.01237	0.01687	0.01293	0.01856	0.01068	0.01068	0.03543	0.02081	0.70423	0.02868	0.02474	0.01799	0.00900	0.00731	0.00225	0.00619	0.00731	0.00900	0.01237
11	0.01774	0.00908	0.01211	0.01041	0.01343	0.00814	0.00814	0.02097	0.02065	0.25462	0.47269	0.04443	0.05169	0.01290	0.00815	0.00227	0.00435	0.01120	0.00833	0.00870
12	0.01635	0.29631	0.46363	0.01771	0.02680	0.02120	0.02161	0.02256	0.01514	0.02087	0.01198	0.01401	0.00925	0.00666	0.00609	0.00203	0.00966	0.00483	0.00308	0.01023
13	0.00890	0.00639	0.00838	0.00995	0.01043	0.00595	0.00663	0.01015	0.01391	0.01845	0.04075	0.69264	0.07140	0.04589	0.01015	0.00307	0.00429	0.02014	0.00667	0.00586
14	0.01458	0.03760	0.70688	0.02072	0.03146	0.01688	0.02686	0.02302	0.01535	0.02302	0.01304	0.01535	0.00921	0.00691	0.00691	0.00230	0.01074	0.00537	0.00307	0.01074
15	0.01799	0.01727	0.02950	0.04462	0.69919	0.01727	0.02231	0.02231	0.01655	0.02375	0.01367	0.01799	0.01151	0.00648	0.00720	0.00216	0.00864	0.00648	0.00360	0.01151
16	0.01716	0.01961	0.04289	0.03064	0.03799	0.01838	0.67279	0.02328	0.01716	0.02328	0.01471	0.01961	0.01103	0.00613	0.00858	0.00245	0.01225	0.00858	0.00368	0.00980
17	0.01778	0.01706	0.02912	0.07831	0.66714	0.01722	0.02220	0.02212	0.01645	0.02349	0.01364	0.01806	0.01142	0.00652	0.00720	0.00217	0.00869	0.00648	0.00358	0.01134
18	0.01590	0.01590	0.02226	0.01908	0.01908	0.02226	0.01590	0.01749	0.01113	0.01749	0.00954	0.01590	0.00954	0.01272	0.02385	0.00318	0.73123	0.00636	0.00318	0.00795
19	0.02680	0.03397	0.02094	0.01973	0.04869	0.68831	0.01437	0.02877	0.02044	0.01802	0.01133	0.01330	0.00945	0.00745	0.00658	0.00188	0.01294	0.00475	0.00374	0.00855
20	0.02566	0.06854	0.05595	0.01809	0.02256	0.46250	0.01464	0.16516	0.02245	0.02396	0.01250	0.01421	0.01000	0.00792	0.00749	0.00201	0.04741	0.00515	0.00440	0.00940
21	0.01808	0.01561	0.01644	0.01479	0.01890	0.01808	0.01151	0.03863	0.68606	0.03041	0.02959	0.02712	0.02219	0.00986	0.00740	0.00247	0.00575	0.00822	0.00740	0.01151
22	0.01373	0.01292	0.02180	0.72707	0.05006	0.01615	0.02019	0.01857	0.01453	0.01857	0.01292	0.01938	0.00969	0.00727	0.00727	0.00242	0.00969	0.00646	0.00323	0.00807
23	0.01188	0.00874	0.01254	0.07186	0.01793	0.00900	0.01241	0.01535	0.01655	0.02149	0.03639	0.07686	0.03920	0.01903	0.00981	0.00327	0.00694	0.59752	0.00641	0.00681
24	0.01476	0.03653	0.67110	0.02198	0.06673	0.01690	0.02662	0.02298	0.01541	0.02306	0.01308	0.01549	0.00933	0.00688	0.00692	0.00229	0.01063	0.00543	0.00310	0.01078
25	0.02412	0.01108	0.01434	0.01175	0.01589	0.01016	0.00932	0.02850	0.08287	0.42502	0.16746	0.03440	0.05420	0.06517	0.00983	0.00264	0.00555	0.00913	0.00822	0.01033
26	0.00909	0.00648	0.00831	0.00968	0.01013	0.00608	0.00636	0.01020	0.01355	0.01796	0.03906	0.61070	0.07331	0.12664	0.01324	0.00352	0.00460	0.01898	0.00641	0.00570
27	0.04437	0.01400	0.01926	0.01525	0.02042	0.01364	0.08134	0.08245	0.14137	0.38128	0.05126	0.02786	0.02046	0.00958	0.00758	0.00236	0.00681	0.04164	0.00774	0.01133
28	0.01363	0.01288	0.02188	0.58517	0.07980	0.01532	0.05143	0.01818	0.01484	0.01913	0.01741	0.05740	0.04585	0.00849	0.00749	0.00244	0.00919	0.00771	0.00362	0.00814
29	0.00899	0.00647	0.00856	0.01018	0.01074	0.00604	0.00695	0.01038	0.01416	0.01876	0.04127	0.68152	0.07254	0.02247	0.00929	0.00295	0.00432	0.05174	0.00675	0.00595
30	0.03059	0.01294	0.01694	0.01315	0.01855	0.01180	0.01080	0.08977	0.04612	0.59071	0.05949	0.02561	0.02007	0.00928	0.00737	0.00225	0.00620	0.00755	0.00874	0.01208
31	0.15449	0.01671	0.02620	0.03847	0.57897	0.01710	0.01978	0.02214	0.01582	0.02530	0.01305	0.01691	0.01088	0.00652	0.00672	0.00217	0.00811	0.00603	0.00376	0.01088
32	0.00886	0.00633	0.00843	0.01012	0.01054	0.00590	0.00675	0.01012	0.01392	0.01856	0.04006	0.73979	0.04808	0.02277	0.00928	0.00295	0.00422	0.02066	0.00675	0.00590
33	0.01458	0.03760	0.70688	0.02072	0.03146	0.01688	0.02686	0.02302	0.01535	0.02302	0.01304	0.01535	0.00921	0.00691	0.00691	0.00230	0.01074	0.00537	0.00307	0.01074
34	0.02085	0.01484	0.01675	0.04481	0.02016	0.01649	0.01171	0.03712	0.52212	0.16693	0.02869	0.02631	0.02080	0.00958	0.00737	0.00242	0.00601	0.00796	0.00754	0.01154
35	0.02519	0.01615	0.12863	0.03453	0.02065	0.01198	0.01319	0.03049	0.07352	0.43525	0.10825	0.02690	0.02292	0.00940	0.00741	0.00228	0.00665	0.00776	0.00761	0.01123
36	0.02672	0.03374	0.02040	0.01854	0.02230	0.68215	0.01392	0.02948	0.05229	0.01839	0.01211	0.01378	0.00997	0.00760	0.00659	0.00190	0.01276	0.00485	0.00392	0.00857
37	0.03193	0.01252	0.01685	0.01302	0.01857	0.01103	0.01072	0.03558	0.05205	0.67258	0.02872	0.02485	0.01819	0.00904	0.00731	0.00226	0.00617	0.00735	0.00892	0.01233
38	0.01728	0.46169	0.27222	0.01532	0.02288	0.02360	0.01735	0.02177	0.01482	0.01917	0.01161	0.01380	0.00973	0.00886	0.04077	0.00232	0.00940	0.00460	0.00313	0.00969
39	0.00886	0.00633	0.00843	0.01012	0.01054	0.00590	0.00675	0.01012	0.01392	0.01856	0.04006	0.73979	0.04808	0.02277	0.00928	0.00295	0.00422	0.02066	0.00675	0.00590
40	0.02925	0.01338	0.01696	0.01348	0.01878	0.01275	0.01098	0.06031	0.16643	0.53234	0.02845	0.02498	0.01870	0.00918	0.00733	0.00229	0.00616	0.00748	0.00858	0.01218
41	0.01470	0.01392	0.02357	0.57074	0.19876	0.01641	0.02067	0.01943	0.01500	0.01976	0.01309	0.01906	0.01011	0.00709	0.00725	0.00236	0.00945	0.00646	0.00331	0.00886
42	0.02759	0.01943	0.02111	0.01630	0.02201	0.02128	0.01343	0.58733	0.06539	0.10272	0.01904	0.01857	0.01334	0.00881	0.00728	0.00220	0.00773	0.00669	0.00743	0.01232
43	0.00899	0.00638	0.00840	0.00995	0.01034	0.00599	0.00657	0.01016	0.01366	0.01821	0.03875	0.68679	0.04642	0.07804	0.01140	0.00327	0.00443	0.01989	0.00657	0.00579
44	0.03261	0.01237	0.01687	0.01293	0.01856	0.01068	0.01068	0.03543	0.02081	0.70423	0.02868	0.02474	0.01799	0.00900	0.00731	0.00225	0.00619	0.00731	0.00900	0.01237
45	0.02542	0.01637	0.01793	0.01476	0.01973	0.04632	0.01184	0.17543	0.29282	0.25927	0.02586	0.02362	0.01810	0.00922	0.00730	0.00231	0.00670	0.00740	0.00775	0.01185
46	0.15690	0.01124	0.01370	0.01238	0.04465	0.01090	0.00931	0.04825	0.01956	0.26484	0.28763	0.03357	0.03570	0.01080	0.00731	0.00226	0.00517	0.00896	0.00751	0.00937
47	0.01703	0.02046	0.07451	0.03016	0.03768	0.01831	0.64204	0.02327	0.01707	0.02327	0.01463	0.01940	0.01094	0.00616	0.00850	0.00244	0.01218	0.00843	0.00365	0.00985
48	0.01507	0.01129	0.01858	0.02545	0.32302	0.01129	0.01358	0.01531	0.01269	0.01768	0.01310	0.02023	0.01212	0.01672	0.01877	0.43103	0.00737	0.00639	0.00336	0.00696
49	0.02460	0.02899	0.02317	0.02592	0.21319	0.48202	0.01636	0.06125	0.02018	0.02095	0.01225	0.01471	0.01013	0.00727	0.00677	0.00197	0.01158	0.00529	0.00389	0.00950
50	0.00886	0.00633	0.00843	0.01012	0.01054	0.00590	0.00675	0.01012	0.01392	0.01856	0.04006	0.73979	0.04808	0.02277	0.00928	0.00295	0.00422	0.02066	0.00675	0.00590
51	0.01479	0.06795	0.67834	0.02036	0.03091	0.01739	0.02624	0.02297	0.01532	0.02277	0.01292	0.01519	0.00921	0.00688	0.00681	0.00227	0.01062	0.00531	0.00307	0.01068
52	0.01358	0.00980	0.01268	0.01183	0.01449	0.00969	0.03337	0.01975	0.13569	0.07735	0.26926	0.08718	0.12818	0.01503	0.00858	0.00257	0.00505	0.13056	0.00735	0.00803
53	0.01518	0.03215	0.51969	0.05681	0.06277	0.01715	0.14832	0.02283	0.01570	0.02289	0.01338	0.01646	0.00968	0.00676	0.00725	0.00233	0.01089	0.00608	0.00321	0.01047
54	0.04972	0.00919	0.00965	0.00916	0.01148	0.03507	0.00692	0.01470	0.05154	0.02542	0.37137	0.05506	0.29375	0.01524	0.00824	0.00234	0.00412	0.01293	0.00717	0.00693
55	0.02329	0.19259	0.05011	0.02203	0.14827	0.34527	0.01565	0.08141	0.01950	0.02133	0.01203	0.01414	0.01001	0.00710	0.00632	0.00190	0.01054	0.00502	0.00385	0.00963
56	0.03761	0.01757	0.05691	0.23732	0.05363	0.01808	0.33477	0.02104	0.01538	0.02138	0.01329	0.01865	0.01029	0.00738	0.00996	0.00252	0.10432	0.00736	0.00348	0.00907
57	0.01010	0.00737	0.00948	0.00907	0.01077	0.00676	0.00676	0.01330	0.01996	0.02794	0.61820	0.08958	0.11249	0.01551	0.00861	0.00233	0.00349	0.01368	0.00785	0.00676
58	0.03143	0.01264	0.01683	0.01308	0.01858	0.01129	0.01075	0.03569	0.07509	0.64925	0.02875	0.02494	0.01834	0.00907	0.00732	0.00227	0.00615	0.00738	0.00887	0.01230
59	0.05325	0.06955	0.43802	0.01959	0.06674	0.01587	0.05350	0.02120	0.01625	0.02429	0.13258	0.02217	0.01980	0.00819	0.00705	0.00225	0.00898	0.00681	0.00407	0.00984
60	0.00884	0.00640	0.00836	0.00994	0.01049	0.00592	0.00667	0.01014	0.01410	0.01863	0.04232	0.69476	0.09165	0.02248	0.00923	0.00292	0.00418	0.02031	0.00675	0.00592
61	0.01417	0.05193	0.02291	0.66712	0.06953	0.01685	0.01985	0.01886	0.01461	0.01866	0.01280	0.01893	0.00973	0.00719	0.00713	0.00237	0.00955	0.00632	0.00324	0.00825
62	0.01634	0.02063	0.11631	0.12132	0.03789	0.01810	0.47832	0.02234	0.01630	0.02234	0.01402	0.01890	0.01057	0.00670	0.00897	0.00247	0.04757	0.00781	0.00352	0.00959
63	0.01677	0.01886	0.04069	0.03012	0.06075	0.01772	0.61587	0.02259	0.01697	0.02307	0.01593	0.05544	0.01289	0.00697	0.00856	0.00247	0.01172	0.00910	0.00383	0.00967
64	0.00972	0.00773	0.00868	0.00848	0.01058	0.00699	0.00628	0.01292	0.05062	0.02311	0.27760	0.09359	0.39444	0.04513	0.00966	0.00260	0.00385	0.01432	0.00711	0.00657
