[name]
unknown

[dist]
# distance from previous block
# <min> <max>
19	65

[block]
# block no. 0 follows, 27 sequences, length 120
# corresponding to MSA columns:
# 67-186
name=unknown_A
#
# <colnr> <probs for GDERKNQSTAVLIFYWHMCP>
#	G	D	E	R	K	N	Q	S	T	A	V	L	I	F	Y	W	H	M	C	P
0	0.14185	0.01787	0.02093	0.16966	0.23943	0.13654	0.01617	0.02164	0.01654	0.02349	0.07115	0.02159	0.01621	0.04709	0.00856	0.00250	0.00880	0.00668	0.00420	0.00909
1	0.04834	0.06233	0.05539	0.14216	0.23656	0.10233	0.04346	0.04059	0.01694	0.02256	0.05961	0.02253	0.01614	0.06857	0.02969	0.00289	0.00945	0.00699	0.00411	0.00936
2	0.04753	0.01806	0.10140	0.05557	0.15650	0.04652	0.11105	0.05577	0.03806	0.04914	0.06425	0.10151	0.06854	0.01019	0.00774	0.00235	0.00821	0.00924	0.00506	0.04331
3	0.04643	0.06515	0.08862	0.18589	0.13941	0.07495	0.01735	0.13768	0.04643	0.02631	0.01636	0.01935	0.03026	0.00924	0.02814	0.00249	0.00929	0.00637	0.00451	0.04576
4	0.08477	0.01658	0.05490	0.26811	0.20198	0.01709	0.05753	0.09986	0.01781	0.04679	0.01488	0.02007	0.01179	0.04656	0.00885	0.00260	0.00900	0.00672	0.00428	0.00982
5	0.13288	0.01930	0.08748	0.15833	0.05437	0.09434	0.03715	0.08460	0.09724	0.06880	0.05036	0.02248	0.04432	0.00868	0.00707	0.00233	0.00840	0.00697	0.00520	0.00969
6	0.09575	0.01597	0.01797	0.01851	0.12721	0.07322	0.01250	0.07721	0.10059	0.04568	0.05166	0.02401	0.05845	0.01294	0.06781	0.00296	0.04673	0.00708	0.00527	0.13846
7	0.05776	0.01223	0.01711	0.01748	0.10185	0.01369	0.03387	0.07336	0.01576	0.05959	0.03852	0.02537	0.01727	0.06382	0.24302	0.00580	0.10631	0.00749	0.08127	0.00843
8	0.01720	0.01648	0.02820	0.16848	0.48735	0.01717	0.05600	0.02230	0.03880	0.02319	0.01467	0.01948	0.01203	0.00887	0.03613	0.00268	0.00957	0.00684	0.00375	0.01080
9	0.00986	0.00688	0.00874	0.00991	0.01031	0.00662	0.00657	0.01093	0.01337	0.01777	0.03515	0.45737	0.04145	0.25267	0.01863	0.00439	0.00546	0.07219	0.00612	0.00561
10	0.01539	0.01319	0.01539	0.01100	0.01759	0.00990	0.00880	0.01869	0.01539	0.02419	0.01319	0.01539	0.01100	0.00550	0.00550	0.00110	0.00550	0.00440	0.00440	0.78449
11	0.01539	0.01319	0.01539	0.01100	0.01759	0.00990	0.00880	0.01869	0.01539	0.02419	0.01319	0.01539	0.01100	0.00550	0.00550	0.00110	0.00550	0.00440	0.00440	0.78449
12	0.79154	0.01436	0.01091	0.00976	0.01436	0.01665	0.00804	0.02182	0.01263	0.03331	0.01034	0.01206	0.00804	0.00689	0.00459	0.00230	0.00574	0.00402	0.00459	0.00804
13	0.10131	0.01524	0.02077	0.43785	0.03870	0.01789	0.01714	0.18321	0.01970	0.02775	0.01406	0.01828	0.01043	0.00766	0.00704	0.00234	0.00883	0.00625	0.00453	0.04103
14	0.01435	0.01346	0.02233	0.66925	0.07263	0.01661	0.02034	0.01992	0.04131	0.01964	0.01390	0.02006	0.01047	0.00750	0.00742	0.00247	0.00970	0.00667	0.00348	0.00851
15	0.74528	0.01475	0.01160	0.01021	0.01488	0.01704	0.00841	0.06099	0.01398	0.03412	0.01079	0.01241	0.00832	0.00701	0.00477	0.00229	0.00589	0.00418	0.00477	0.00832
16	0.01269	0.00645	0.00961	0.00971	0.00973	0.00643	0.00647	0.00971	0.00991	0.01322	0.01440	0.06073	0.01484	0.02565	0.02797	0.74213	0.00633	0.00723	0.00342	0.00337
17	0.01539	0.01319	0.01539	0.01100	0.01759	0.00990	0.00880	0.01869	0.01539	0.02419	0.01319	0.01539	0.01100	0.00550	0.00550	0.00110	0.00550	0.00440	0.00440	0.78449
18	0.00903	0.00694	0.00813	0.00904	0.01031	0.00619	0.00624	0.01049	0.01516	0.01917	0.05431	0.42026	0.31581	0.05985	0.01070	0.00303	0.00423	0.01828	0.00676	0.00605
19	0.00932	0.00750	0.00831	0.00819	0.01039	0.00649	0.00611	0.01169	0.01810	0.02304	0.26527	0.09040	0.47345	0.01783	0.00879	0.00247	0.00370	0.01517	0.00729	0.00649
20	0.79154	0.01436	0.01091	0.00976	0.01436	0.01665	0.00804	0.02182	0.01263	0.03331	0.01034	0.01206	0.00804	0.00689	0.00459	0.00230	0.00574	0.00402	0.00459	0.00804
21	0.01968	0.70965	0.03815	0.01302	0.01907	0.02906	0.01287	0.02203	0.01491	0.01748	0.01029	0.01211	0.00954	0.00666	0.00568	0.00167	0.04141	0.00409	0.00318	0.00946
22	0.02621	0.01980	0.02115	0.01667	0.02226	0.02208	0.01362	0.53859	0.16763	0.04355	0.02038	0.01986	0.01469	0.00915	0.00745	0.00229	0.00770	0.00704	0.00745	0.01244
23	0.00995	0.00716	0.00803	0.00832	0.00907	0.00675	0.00521	0.01068	0.01303	0.01669	0.04036	0.16957	0.21024	0.42413	0.02519	0.00523	0.00578	0.01384	0.00555	0.00523
24	0.02759	0.06950	0.04679	0.01766	0.02296	0.30243	0.04395	0.18399	0.02371	0.16547	0.01683	0.01720	0.01219	0.00811	0.00702	0.00209	0.01022	0.00595	0.00573	0.01061
25	0.01280	0.00648	0.00960	0.00960	0.00960	0.00648	0.00636	0.00972	0.00972	0.01296	0.01335	0.02370	0.01351	0.05680	0.02939	0.75024	0.00648	0.00664	0.00328	0.00328
26	0.01035	0.00768	0.01123	0.01151	0.01264	0.00866	0.00869	0.01267	0.01227	0.01741	0.02352	0.14714	0.02397	0.07743	0.56661	0.01026	0.01679	0.01025	0.00448	0.00644
27	0.05718	0.03138	0.02166	0.02120	0.08945	0.54714	0.01491	0.08971	0.02162	0.02211	0.01229	0.01426	0.01001	0.00764	0.00675	0.00199	0.01213	0.00512	0.00418	0.00928
28	0.03280	0.01345	0.01774	0.01360	0.01936	0.01213	0.01123	0.09974	0.02262	0.63243	0.02813	0.02452	0.01780	0.00916	0.00746	0.00229	0.00650	0.00739	0.00901	0.01263
29	0.01040	0.00758	0.00978	0.00923	0.01103	0.00696	0.00692	0.01381	0.02077	0.02918	0.65168	0.05642	0.10761	0.01540	0.00876	0.00235	0.00352	0.01356	0.00809	0.00696
30	0.03235	0.01417	0.01818	0.01394	0.01972	0.01319	0.01151	0.15495	0.02381	0.57553	0.02713	0.02387	0.01730	0.00914	0.00746	0.00228	0.00667	0.00732	0.00886	0.01263
31	0.32713	0.01827	0.01783	0.01421	0.01963	0.02053	0.01173	0.41499	0.02618	0.04151	0.01489	0.01557	0.01083	0.00812	0.00632	0.00225	0.00722	0.00564	0.00632	0.01083
32	0.02762	0.02044	0.02196	0.01680	0.02277	0.02241	0.01386	0.63775	0.03399	0.04573	0.01761	0.01771	0.01255	0.00875	0.00734	0.00218	0.00804	0.00658	0.00729	0.04863
33	0.01568	0.01541	0.02166	0.01874	0.01887	0.02140	0.01555	0.01741	0.01143	0.01780	0.01076	0.01753	0.01062	0.01725	0.09274	0.00411	0.65511	0.00664	0.00332	0.00797
34	0.01539	0.01319	0.01539	0.01100	0.01759	0.00990	0.00880	0.01869	0.01539	0.02419	0.01319	0.01539	0.01100	0.00550	0.00550	0.00110	0.00550	0.00440	0.00440	0.78449
35	0.01927	0.01489	0.01705	0.01250	0.01890	0.01293	0.01012	0.16693	0.02014	0.06567	0.01511	0.01648	0.01176	0.00647	0.00604	0.00142	0.00615	0.00508	0.00534	0.56775
36	0.01881	0.01631	0.05370	0.15203	0.06840	0.01655	0.11349	0.16934	0.05604	0.05028	0.01878	0.04674	0.01475	0.00868	0.00784	0.00231	0.03099	0.00760	0.13749	0.00987
37	0.01077	0.00730	0.00862	0.00862	0.00881	0.00748	0.00516	0.01113	0.01095	0.01478	0.02291	0.04591	0.02583	0.64509	0.13022	0.00785	0.00894	0.01040	0.00443	0.00479
38	0.01051	0.00759	0.00992	0.00934	0.01109	0.00700	0.00700	0.01401	0.02101	0.02977	0.68888	0.05545	0.07005	0.01518	0.00876	0.00233	0.00350	0.01343	0.00817	0.00700
39	0.01533	0.05449	0.47763	0.05335	0.10147	0.01783	0.02419	0.02215	0.01515	0.02234	0.01323	0.01670	0.01014	0.00983	0.04112	0.00285	0.08272	0.00582	0.00325	0.01040
40	0.01685	0.02546	0.25361	0.03112	0.17906	0.01803	0.31898	0.02348	0.01679	0.02380	0.01424	0.01826	0.01077	0.00659	0.00790	0.00239	0.01121	0.00723	0.00354	0.01070
41	0.01717	0.01931	0.04181	0.03019	0.03733	0.01813	0.62487	0.02325	0.01749	0.02368	0.01654	0.02402	0.01323	0.00715	0.00885	0.00256	0.01216	0.04848	0.00395	0.00981
42	0.01519	0.00889	0.01139	0.01014	0.01285	0.00812	0.00782	0.01903	0.04401	0.16294	0.47202	0.05000	0.11972	0.01415	0.00846	0.00235	0.00418	0.01227	0.00823	0.00823
43	0.01820	0.01877	0.02983	0.03649	0.42492	0.08571	0.15055	0.02242	0.01717	0.02302	0.01664	0.09023	0.01520	0.00832	0.00778	0.00232	0.00957	0.00832	0.00403	0.01051
44	0.01525	0.01445	0.02449	0.52999	0.23277	0.01682	0.02123	0.02005	0.01543	0.02046	0.01341	0.01939	0.01042	0.00719	0.00740	0.00240	0.00959	0.00660	0.00341	0.00924
45	0.01067	0.00770	0.01063	0.01063	0.01151	0.00857	0.00766	0.01242	0.01155	0.01627	0.02107	0.03574	0.02142	0.28724	0.48203	0.01033	0.01559	0.00892	0.00415	0.00591
46	0.76580	0.03868	0.01184	0.00986	0.01451	0.01708	0.00820	0.02184	0.01272	0.03278	0.01034	0.01205	0.00809	0.00687	0.00460	0.00227	0.00582	0.00402	0.00455	0.00809
47	0.01806	0.01767	0.02843	0.15674	0.55701	0.04752	0.02206	0.02245	0.01674	0.02311	0.01373	0.01839	0.01135	0.00679	0.00733	0.00224	0.00920	0.00653	0.00362	0.01104
48	0.00877	0.00752	0.00752	0.00752	0.01003	0.00627	0.00564	0.01065	0.01692	0.02005	0.07520	0.07144	0.68978	0.01880	0.00877	0.00251	0.00376	0.01567	0.00689	0.00627
49	0.01080	0.00720	0.00810	0.00810	0.00810	0.00720	0.00450	0.01080	0.01080	0.01439	0.02339	0.04858	0.02699	0.73910	0.03779	0.00720	0.00720	0.01080	0.00450	0.00450
50	0.02822	0.02079	0.02228	0.01708	0.02302	0.02302	0.01411	0.66804	0.03490	0.04679	0.01782	0.01782	0.01262	0.00891	0.00743	0.00223	0.00817	0.00668	0.00743	0.01262
51	0.01384	0.00692	0.00692	0.00692	0.00865	0.00692	0.00519	0.01730	0.01557	0.02768	0.02422	0.02768	0.01903	0.00865	0.00519	0.00173	0.00346	0.00692	0.78031	0.00692
52	0.02731	0.02190	0.02214	0.05998	0.02472	0.09646	0.01453	0.56002	0.03220	0.04202	0.01686	0.01747	0.01213	0.00869	0.00735	0.00221	0.00884	0.00647	0.00679	0.01193
53	0.00912	0.00659	0.00863	0.01012	0.01075	0.00610	0.00683	0.01058	0.01477	0.01967	0.08204	0.65735	0.08494	0.02253	0.00939	0.00295	0.00423	0.02035	0.00697	0.00610
54	0.01156	0.00867	0.01064	0.01025	0.01029	0.00974	0.00673	0.01196	0.01121	0.01541	0.02270	0.10706	0.02611	0.54836	0.03285	0.00613	0.12953	0.01102	0.00451	0.00526
55	0.79154	0.01436	0.01091	0.00976	0.01436	0.01665	0.00804	0.02182	0.01263	0.03331	0.01034	0.01206	0.00804	0.00689	0.00459	0.00230	0.00574	0.00402	0.00459	0.00804
56	0.01794	0.01719	0.02935	0.11314	0.62862	0.01752	0.02257	0.02240	0.01670	0.02372	0.01389	0.01852	0.01157	0.00670	0.00736	0.00223	0.00893	0.00661	0.00364	0.01141
57	0.01337	0.00840	0.01345	0.15653	0.01928	0.00903	0.03547	0.01260	0.01140	0.01547	0.01373	0.02221	0.01259	0.02020	0.02233	0.54502	0.00722	0.00660	0.05036	0.00475
58	0.02864	0.01253	0.01625	0.01292	0.01797	0.01155	0.01051	0.05371	0.08996	0.51739	0.09465	0.02838	0.02382	0.00985	0.00752	0.00230	0.00595	0.00811	0.03621	0.01178
59	0.01051	0.00759	0.00992	0.00934	0.01109	0.00700	0.00700	0.01401	0.02101	0.02977	0.68888	0.05545	0.07005	0.01518	0.00876	0.00233	0.00350	0.01343	0.00817	0.00700
60	0.01051	0.00759	0.00992	0.00934	0.01109	0.00700	0.00700	0.01401	0.02101	0.02977	0.68888	0.05545	0.07005	0.01518	0.00876	0.00233	0.00350	0.01343	0.00817	0.00700
61	0.02822	0.02079	0.02228	0.01708	0.02302	0.02302	0.01411	0.66804	0.03490	0.04679	0.01782	0.01782	0.01262	0.00891	0.00743	0.00223	0.00817	0.00668	0.00743	0.01262
62	0.02703	0.01160	0.01545	0.01238	0.01708	0.01038	0.01002	0.03102	0.05655	0.50147	0.18791	0.03266	0.03103	0.01068	0.00778	0.00232	0.00562	0.00895	0.00886	0.01123
63	0.01985	0.74357	0.03890	0.01270	0.01905	0.02937	0.01270	0.02223	0.01508	0.01747	0.01032	0.01191	0.00953	0.00635	0.00476	0.00159	0.00794	0.00397	0.00318	0.00953
64	0.01599	0.01355	0.01572	0.01128	0.01785	0.01051	0.00904	0.04898	0.01630	0.02524	0.01341	0.01551	0.01107	0.00566	0.00559	0.00115	0.00562	0.00450	0.00454	0.74848
65	0.05923	0.04182	0.08314	0.01472	0.02010	0.06653	0.01287	0.17667	0.12617	0.18142	0.06445	0.02666	0.07385	0.00989	0.00734	0.00229	0.00729	0.00780	0.00690	0.01088
66	0.01080	0.00720	0.00810	0.00810	0.00810	0.00720	0.00450	0.01080	0.01080	0.01439	0.02339	0.04858	0.02699	0.73910	0.03779	0.00720	0.00720	0.01080	0.00450	0.00450
67	0.02773	0.03538	0.02104	0.01913	0.02295	0.70930	0.01434	0.02964	0.02104	0.01817	0.01148	0.01339	0.00956	0.00765	0.00669	0.00191	0.01339	0.00478	0.00383	0.00861
68	0.01463	0.01382	0.02337	0.62638	0.14123	0.01665	0.02092	0.01950	0.01513	0.01971	0.01330	0.01959	0.01016	0.00731	0.00741	0.00244	0.00974	0.00660	0.00335	0.00874
69	0.01077	0.00728	0.00854	0.00854	0.00869	0.00744	0.00505	0.01108	0.01093	0.01472	0.02299	0.04636	0.02602	0.66081	0.11476	0.00774	0.00865	0.01047	0.00444	0.00474
70	0.00992	0.00757	0.00911	0.00872	0.01073	0.00675	0.00654	0.01287	0.01963	0.02647	0.48072	0.06088	0.28026	0.01641	0.00876	0.00239	0.00359	0.01419	0.00774	0.00675
71	0.01196	0.00854	0.01196	0.01367	0.01538	0.00854	0.01196	0.01538	0.01709	0.02222	0.03931	0.08374	0.04272	0.02051	0.01025	0.00342	0.00684	0.64283	0.00684	0.00684
72	0.01722	0.01954	0.04253	0.03053	0.03779	0.01831	0.64204	0.02329	0.01740	0.02361	0.01595	0.04582	0.01263	0.00687	0.00879	0.00252	0.01222	0.00921	0.00387	0.00987
73	0.02773	0.03538	0.02104	0.01913	0.02295	0.70930	0.01434	0.02964	0.02104	0.01817	0.01148	0.01339	0.00956	0.00765	0.00669	0.00191	0.01339	0.00478	0.00383	0.00861
74	0.01489	0.03840	0.70064	0.02116	0.03213	0.01724	0.02743	0.02351	0.01567	0.02351	0.01332	0.01567	0.00940	0.00705	0.00705	0.00235	0.01097	0.00549	0.00313	0.01097
75	0.79154	0.01436	0.01091	0.00976	0.01436	0.01665	0.00804	0.02182	0.01263	0.03331	0.01034	0.01206	0.00804	0.00689	0.00459	0.00230	0.00574	0.00402	0.00459	0.00804
76	0.01728	0.01651	0.02784	0.12205	0.57659	0.01682	0.02149	0.02160	0.01666	0.02338	0.01759	0.02176	0.05264	0.00745	0.00744	0.00225	0.00864	0.00716	0.00383	0.01102
77	0.00922	0.00653	0.00856	0.01012	0.01051	0.00614	0.00666	0.01038	0.01388	0.01851	0.03921	0.66745	0.04695	0.09300	0.01223	0.00342	0.00459	0.02010	0.00666	0.00588
78	0.01080	0.00720	0.00810	0.00810	0.00810	0.00720	0.00450	0.01080	0.01080	0.01439	0.02339	0.04858	0.02699	0.73910	0.03779	0.00720	0.00720	0.01080	0.00450	0.00450
79	0.01694	0.01983	0.07031	0.03087	0.10690	0.01780	0.52604	0.02284	0.01733	0.02358	0.01860	0.02287	0.05374	0.00712	0.00853	0.00246	0.01150	0.00881	0.00391	0.01001
80	0.02822	0.02079	0.02228	0.01708	0.02302	0.02302	0.01411	0.66804	0.03490	0.04679	0.01782	0.01782	0.01262	0.00891	0.00743	0.00223	0.00817	0.00668	0.00743	0.01262
81	0.02819	0.02158	0.02221	0.01719	0.02302	0.05989	0.01412	0.63374	0.03416	0.04525	0.01748	0.01759	0.01246	0.00884	0.00739	0.00221	0.00845	0.00658	0.00723	0.01241
82	0.01061	0.00795	0.01193	0.01193	0.01326	0.00928	0.00928	0.01326	0.01193	0.01723	0.01988	0.02916	0.01856	0.05568	0.70968	0.01193	0.01988	0.00795	0.00398	0.00663
83	0.01539	0.01319	0.01539	0.01100	0.01759	0.00990	0.00880	0.01869	0.01539	0.02419	0.01319	0.01539	0.01100	0.00550	0.00550	0.00110	0.00550	0.00440	0.00440	0.78449
84	0.01837	0.01764	0.03013	0.04557	0.69279	0.01764	0.02278	0.02278	0.01690	0.02425	0.01396	0.01837	0.01176	0.00661	0.00735	0.00220	0.00882	0.00661	0.00367	0.01176
85	0.02822	0.02079	0.02228	0.01708	0.02302	0.02302	0.01411	0.66804	0.03490	0.04679	0.01782	0.01782	0.01262	0.00891	0.00743	0.00223	0.00817	0.00668	0.00743	0.01262
86	0.01080	0.00720	0.00810	0.00810	0.00810	0.00720	0.00450	0.01080	0.01080	0.01439	0.02339	0.04858	0.02699	0.73910	0.03779	0.00720	0.00720	0.01080	0.00450	0.00450
87	0.01445	0.01363	0.02304	0.65516	0.11390	0.01661	0.02083	0.01934	0.01505	0.01948	0.01327	0.01965	0.01008	0.00734	0.00741	0.00245	0.00979	0.00660	0.00334	0.00859
88	0.02027	0.70559	0.03794	0.01305	0.01926	0.06583	0.01279	0.02263	0.01540	0.01750	0.01038	0.01199	0.00953	0.00642	0.00487	0.00161	0.00823	0.00401	0.00321	0.00948
89	0.00909	0.00650	0.00866	0.01031	0.01078	0.00606	0.00689	0.01045	0.01443	0.01929	0.06153	0.71267	0.04977	0.02300	0.00945	0.00299	0.00428	0.02086	0.00693	0.00606
90	0.01051	0.00759	0.00992	0.00934	0.01109	0.00700	0.00700	0.01401	0.02101	0.02977	0.68888	0.05545	0.07005	0.01518	0.00876	0.00233	0.00350	0.01343	0.00817	0.00700
91	0.79154	0.01436	0.01091	0.00976	0.01436	0.01665	0.00804	0.02182	0.01263	0.03331	0.01034	0.01206	0.00804	0.00689	0.00459	0.00230	0.00574	0.00402	0.00459	0.00804
92	0.01738	0.01649	0.02770	0.04133	0.61486	0.01638	0.02091	0.02160	0.01715	0.02436	0.05815	0.02347	0.05165	0.00779	0.00751	0.00223	0.00823	0.00751	0.00412	0.01118
93	0.02642	0.15310	0.02401	0.01806	0.02230	0.59628	0.01407	0.02841	0.02005	0.01805	0.01128	0.01314	0.00956	0.00743	0.00637	0.00186	0.01248	0.00465	0.00372	0.00876
94	0.79154	0.01436	0.01091	0.00976	0.01436	0.01665	0.00804	0.02182	0.01263	0.03331	0.01034	0.01206	0.00804	0.00689	0.00459	0.00230	0.00574	0.00402	0.00459	0.00804
95	0.01040	0.00758	0.00977	0.00923	0.01102	0.00696	0.00692	0.01380	0.02076	0.02916	0.65031	0.05646	0.10900	0.01540	0.00876	0.00235	0.00352	0.01357	0.00809	0.00696
96	0.00877	0.00752	0.00752	0.00752	0.01003	0.00627	0.00564	0.01065	0.01692	0.02005	0.07520	0.07144	0.68978	0.01880	0.00877	0.00251	0.00376	0.01567	0.00689	0.00627
97	0.01857	0.01664	0.01664	0.01501	0.01912	0.05501	0.01164	0.03775	0.61702	0.02991	0.03105	0.02872	0.04921	0.01030	0.00756	0.00249	0.00619	0.00850	0.00733	0.01136
98	0.01980	0.00961	0.01286	0.01097	0.01430	0.00856	0.00860	0.02294	0.02080	0.30348	0.38835	0.07433	0.04788	0.01309	0.00826	0.00235	0.00469	0.01133	0.00853	0.00927
99	0.01717	0.01899	0.03803	0.02805	0.03350	0.01986	0.48764	0.02216	0.01583	0.02216	0.01357	0.01899	0.01085	0.00811	0.01304	0.00271	0.20810	0.00814	0.00362	0.00949
100	0.79154	0.01436	0.01091	0.00976	0.01436	0.01665	0.00804	0.02182	0.01263	0.03331	0.01034	0.01206	0.00804	0.00689	0.00459	0.00230	0.00574	0.00402	0.00459	0.00804
101	0.01648	0.20067	0.52446	0.01914	0.02880	0.04428	0.02358	0.02343	0.01573	0.02193	0.01257	0.01473	0.00944	0.00691	0.00651	0.00216	0.01036	0.00511	0.00317	0.01056
102	0.01741	0.01958	0.04208	0.06383	0.07450	0.01861	0.60157	0.02350	0.01737	0.02358	0.01488	0.01993	0.01123	0.00633	0.00862	0.00249	0.01220	0.00855	0.00373	0.01003
103	0.01740	0.01966	0.04175	0.03014	0.03692	0.01916	0.60254	0.02320	0.01692	0.02320	0.01450	0.01966	0.01112	0.00691	0.01028	0.00258	0.08198	0.00854	0.00371	0.00983
104	0.01425	0.01343	0.02269	0.68503	0.08554	0.01655	0.02073	0.01917	0.01495	0.01925	0.01324	0.01972	0.01000	0.00738	0.00742	0.00246	0.00984	0.00660	0.00332	0.00844
105	0.01836	0.01825	0.02814	0.15588	0.53534	0.06990	0.02178	0.02267	0.01687	0.02291	0.01365	0.01823	0.01128	0.00683	0.00731	0.00223	0.00934	0.00647	0.00362	0.01094
106	0.00914	0.00650	0.00859	0.01022	0.01062	0.00609	0.00676	0.01036	0.01403	0.01871	0.03997	0.69742	0.04791	0.06172	0.01100	0.00324	0.00446	0.02055	0.00676	0.00595
107	0.01624	0.01624	0.02274	0.01949	0.01949	0.02274	0.01624	0.01787	0.01137	0.01787	0.00975	0.01624	0.00975	0.01299	0.02436	0.00325	0.72552	0.00650	0.00325	0.00812
108	0.29248	0.01754	0.01772	0.03656	0.02045	0.01960	0.01188	0.34957	0.06045	0.08124	0.01647	0.01689	0.01185	0.00824	0.00645	0.00228	0.00714	0.00590	0.00643	0.01085
109	0.00877	0.00752	0.00752	0.00752	0.01003	0.00627	0.00564	0.01065	0.01692	0.02005	0.07520	0.07144	0.68978	0.01880	0.00877	0.00251	0.00376	0.01567	0.00689	0.00627
110	0.03331	0.01263	0.01723	0.01321	0.01895	0.01091	0.01091	0.03618	0.02125	0.69794	0.02929	0.02527	0.01838	0.00919	0.00747	0.00230	0.00632	0.00747	0.00919	0.01263
111	0.02844	0.02044	0.02206	0.01691	0.02284	0.02250	0.01397	0.64057	0.03431	0.07509	0.01832	0.01815	0.01287	0.00892	0.00743	0.00223	0.00809	0.00672	0.00750	0.01263
112	0.02781	0.03296	0.02124	0.01879	0.02296	0.59522	0.01430	0.13576	0.02334	0.02293	0.01253	0.01412	0.01007	0.00786	0.00682	0.00196	0.01252	0.00510	0.00442	0.00927
113	0.01149	0.00827	0.01121	0.01268	0.01428	0.00815	0.01075	0.01447	0.01654	0.02140	0.04118	0.11561	0.09170	0.06408	0.01177	0.00356	0.00649	0.52305	0.00670	0.00661
114	0.01196	0.00854	0.01196	0.01367	0.01538	0.00854	0.01196	0.01538	0.01709	0.02222	0.03931	0.08374	0.04272	0.02051	0.01025	0.00342	0.00684	0.64283	0.00684	0.00684
115	0.01401	0.01294	0.02164	0.69208	0.04939	0.01610	0.01999	0.01890	0.01487	0.01932	0.01364	0.02011	0.01027	0.00747	0.00733	0.00244	0.00963	0.00661	0.03503	0.00819
116	0.01089	0.00904	0.01281	0.01270	0.01404	0.00931	0.05275	0.01375	0.05044	0.02005	0.03939	0.48136	0.11429	0.01979	0.01073	0.00293	0.07596	0.03654	0.00635	0.00687
117	0.01901	0.51372	0.21323	0.01533	0.02276	0.06737	0.01671	0.02302	0.01560	0.01911	0.01119	0.01300	0.00950	0.00662	0.00549	0.00181	0.00907	0.00442	0.00320	0.00985
118	0.01824	0.01794	0.03169	0.04155	0.54774	0.01787	0.12908	0.02385	0.05275	0.02454	0.01502	0.01915	0.01227	0.00674	0.00760	0.00227	0.00927	0.00707	0.00390	0.01147
119	0.00914	0.00650	0.00859	0.01022	0.01062	0.00609	0.00676	0.01036	0.01403	0.01871	0.03998	0.69749	0.04791	0.06164	0.01099	0.00324	0.00446	0.02055	0.00676	0.00595

[dist]
# distance from previous block
# <min> <max>
0	1

[block]
# block no. 1 follows, 27 sequences, length 16
# corresponding to MSA columns:
# 188-203
name=unknown_B
#
# <colnr> <probs for GDERKNQSTAVLIFYWHMCP>
#	G	D	E	R	K	N	Q	S	T	A	V	L	I	F	Y	W	H	M	C	P
0	0.02022	0.01974	0.02849	0.04028	0.56346	0.08893	0.02113	0.08203	0.01896	0.02567	0.01406	0.01781	0.01161	0.00693	0.00729	0.00218	0.00923	0.00643	0.00403	0.01151
1	0.01338	0.00960	0.01043	0.00974	0.01113	0.01004	0.00647	0.07381	0.10372	0.02070	0.02819	0.04385	0.08023	0.47743	0.02688	0.00545	0.00662	0.01031	0.04555	0.00648
2	0.01915	0.01955	0.02240	0.05808	0.02215	0.13028	0.01597	0.08633	0.01549	0.02093	0.01103	0.01615	0.01002	0.01143	0.01891	0.00289	0.50055	0.00625	0.00377	0.00867
3	0.01065	0.00714	0.00814	0.00828	0.00832	0.00710	0.00470	0.01076	0.01108	0.01478	0.02486	0.10602	0.02884	0.67913	0.03541	0.00685	0.00696	0.01166	0.00470	0.00463
4	0.00931	0.00665	0.00892	0.01064	0.01119	0.00626	0.00735	0.01079	0.01447	0.01925	0.04077	0.67523	0.04852	0.02301	0.00955	0.00305	0.00454	0.07752	0.00689	0.00610
5	0.01809	0.10060	0.21245	0.02728	0.22956	0.11015	0.06411	0.02292	0.01663	0.02188	0.01629	0.01922	0.04802	0.00789	0.00814	0.00224	0.05421	0.00643	0.00365	0.01025
6	0.01916	0.58675	0.10384	0.01369	0.02009	0.06275	0.01393	0.02223	0.01584	0.01891	0.05410	0.01516	0.01339	0.00706	0.00536	0.00173	0.00825	0.00477	0.00353	0.00946
7	0.00901	0.00753	0.00785	0.00777	0.01017	0.00637	0.00583	0.01111	0.01748	0.02138	0.15916	0.06926	0.60500	0.01831	0.00877	0.00248	0.00372	0.01536	0.00707	0.00637
8	0.01724	0.01911	0.03998	0.02856	0.03594	0.01758	0.57738	0.02309	0.01724	0.02384	0.01477	0.01940	0.01123	0.00616	0.00832	0.00231	0.01157	0.00817	0.00384	0.11428
9	0.01384	0.01017	0.01406	0.08887	0.07012	0.01041	0.01163	0.01866	0.08454	0.07026	0.07803	0.20111	0.09288	0.01631	0.00887	0.00282	0.00614	0.18666	0.00656	0.00806
10	0.01022	0.00758	0.00952	0.00903	0.01091	0.00688	0.00677	0.01344	0.02032	0.02813	0.58554	0.05815	0.17441	0.01579	0.00876	0.00236	0.00355	0.01380	0.00796	0.00688
11	0.01030	0.00782	0.00968	0.01062	0.01241	0.00727	0.00855	0.01277	0.01659	0.02100	0.07457	0.16292	0.28533	0.04139	0.01037	0.00310	0.00525	0.28676	0.00684	0.00645
12	0.01310	0.01188	0.01774	0.01689	0.05906	0.01266	0.09837	0.01814	0.10597	0.02186	0.05121	0.27987	0.12479	0.01579	0.01104	0.00277	0.11122	0.01370	0.00586	0.00807
13	0.01690	0.01981	0.07144	0.09338	0.03714	0.01899	0.49130	0.02256	0.01639	0.02256	0.01409	0.01930	0.01085	0.00727	0.01055	0.00259	0.10347	0.00811	0.00362	0.00965
14	0.01937	0.01617	0.01706	0.01494	0.01930	0.01841	0.01174	0.13457	0.53907	0.03280	0.03109	0.02888	0.06237	0.01043	0.00761	0.00247	0.00610	0.00858	0.00749	0.01155
15	0.00928	0.00674	0.00857	0.00975	0.01050	0.00624	0.00657	0.01074	0.01487	0.01970	0.10223	0.54365	0.12207	0.07809	0.01155	0.00322	0.00440	0.01898	0.00682	0.00603

[dist]
# distance from previous block
# <min> <max>
5	7

[block]
# block no. 2 follows, 27 sequences, length 11
# corresponding to MSA columns:
# 211-221
name=unknown_C
#
# <colnr> <probs for GDERKNQSTAVLIFYWHMCP>
#	G	D	E	R	K	N	Q	S	T	A	V	L	I	F	Y	W	H	M	C	P
0	0.01632	0.02645	0.28727	0.07062	0.03708	0.01806	0.38758	0.02338	0.01667	0.02338	0.01427	0.01839	0.01049	0.00663	0.00804	0.00244	0.01178	0.00741	0.00350	0.01026
1	0.01144	0.00880	0.01072	0.00981	0.01225	0.00824	0.00744	0.01643	0.08377	0.02837	0.50523	0.05161	0.13158	0.01438	0.00840	0.00228	0.00391	0.01252	0.00769	0.06511
2	0.00920	0.00746	0.00816	0.00815	0.01033	0.00642	0.00605	0.01141	0.01767	0.02223	0.21543	0.11694	0.49803	0.01829	0.00882	0.00250	0.00374	0.01555	0.00719	0.00642
3	0.01204	0.00872	0.01059	0.01100	0.01235	0.00867	0.00772	0.10730	0.01740	0.02320	0.06442	0.52024	0.07155	0.07394	0.01122	0.00316	0.00503	0.01766	0.00684	0.00694
4	0.00904	0.00646	0.00861	0.01034	0.01077	0.00603	0.00689	0.01034	0.01421	0.01895	0.04092	0.73426	0.04910	0.02326	0.00948	0.00301	0.00431	0.02110	0.00689	0.00603
5	0.01752	0.02003	0.04380	0.03129	0.03880	0.01877	0.66583	0.02378	0.01752	0.02378	0.01502	0.02003	0.01126	0.00626	0.00876	0.00250	0.01252	0.00876	0.00375	0.01001
6	0.02039	0.69520	0.03768	0.01314	0.01932	0.07581	0.01281	0.02274	0.01549	0.01751	0.01040	0.01201	0.00953	0.00644	0.00490	0.00161	0.00831	0.00402	0.00322	0.00946
7	0.01190	0.00794	0.01012	0.00937	0.01151	0.00718	0.00710	0.01514	0.02048	0.07613	0.55954	0.05544	0.14946	0.01524	0.00867	0.00236	0.00374	0.01330	0.00807	0.00731
8	0.01384	0.00692	0.00692	0.00692	0.00865	0.00692	0.00519	0.01730	0.01557	0.02768	0.02422	0.02768	0.01903	0.00865	0.00519	0.00173	0.00346	0.00692	0.78031	0.00692
9	0.01402	0.01319	0.02227	0.72126	0.05113	0.01649	0.02062	0.01897	0.01484	0.01897	0.01319	0.01979	0.00990	0.00742	0.00742	0.00247	0.00990	0.00660	0.00330	0.00825
10	0.01804	0.01730	0.02954	0.09678	0.64416	0.01755	0.02262	0.02249	0.01675	0.02385	0.01391	0.01848	0.01162	0.00668	0.00735	0.00223	0.00890	0.00661	0.00365	0.01149

[dist]
# distance from previous block
# <min> <max>
0	5

[block]
# block no. 3 follows, 27 sequences, length 68
# corresponding to MSA columns:
# 227-294
name=unknown_D
#
# <colnr> <probs for GDERKNQSTAVLIFYWHMCP>
#	G	D	E	R	K	N	Q	S	T	A	V	L	I	F	Y	W	H	M	C	P
0	0.00982	0.00725	0.00918	0.00936	0.01084	0.00661	0.00677	0.01244	0.01843	0.02518	0.40927	0.25453	0.15674	0.01806	0.00897	0.00256	0.00377	0.01599	0.00761	0.00661
1	0.03306	0.01303	0.01747	0.01340	0.01915	0.01150	0.01107	0.06704	0.02191	0.66614	0.02873	0.02490	0.01810	0.00917	0.00746	0.00229	0.00641	0.00743	0.00910	0.01263
2	0.00877	0.00752	0.00752	0.00752	0.01003	0.00627	0.00564	0.01065	0.01692	0.02005	0.07520	0.07144	0.68978	0.01880	0.00877	0.00251	0.00376	0.01567	0.00689	0.00627
3	0.02466	0.03027	0.02149	0.01922	0.02203	0.52582	0.01485	0.02650	0.01845	0.01809	0.01101	0.01415	0.00961	0.00908	0.01142	0.00227	0.20370	0.00524	0.00367	0.00848
4	0.00916	0.00655	0.00872	0.01026	0.01079	0.00611	0.00690	0.01063	0.01475	0.01980	0.09189	0.68086	0.05075	0.02262	0.00942	0.00296	0.00424	0.02050	0.00699	0.00611
5	0.01192	0.00851	0.01190	0.01353	0.01524	0.00850	0.01181	0.01534	0.01721	0.02246	0.05990	0.08284	0.04359	0.02034	0.01021	0.00338	0.00673	0.62287	0.00688	0.00684
6	0.01160	0.00783	0.01027	0.00952	0.01147	0.00719	0.00719	0.01507	0.02103	0.06174	0.65732	0.05401	0.06757	0.01489	0.00869	0.00233	0.00364	0.01314	0.00822	0.00727
7	0.02777	0.03423	0.02114	0.01896	0.02296	0.65531	0.01433	0.07987	0.02213	0.02042	0.01197	0.01374	0.00980	0.00775	0.00675	0.00194	0.01298	0.00493	0.00411	0.00892
8	0.01752	0.02003	0.04380	0.03129	0.03880	0.01877	0.66583	0.02378	0.01752	0.02378	0.01502	0.02003	0.01126	0.00626	0.00876	0.00250	0.01252	0.00876	0.00375	0.01001
9	0.00904	0.00646	0.00861	0.01034	0.01077	0.00603	0.00689	0.01034	0.01421	0.01895	0.04092	0.73426	0.04910	0.02326	0.00948	0.00301	0.00431	0.02110	0.00689	0.00603
10	0.00913	0.00649	0.00859	0.01023	0.01064	0.00608	0.00678	0.01036	0.01405	0.01874	0.04010	0.70238	0.04807	0.05653	0.01079	0.00321	0.00444	0.02063	0.00678	0.00596
11	0.79154	0.01436	0.01091	0.00976	0.01436	0.01665	0.00804	0.02182	0.01263	0.03331	0.01034	0.01206	0.00804	0.00689	0.00459	0.00230	0.00574	0.00402	0.00459	0.00804
12	0.01055	0.00765	0.00998	0.00957	0.01134	0.00708	0.00729	0.01399	0.02062	0.02895	0.62559	0.05785	0.08881	0.01565	0.00886	0.00241	0.00373	0.05508	0.00804	0.00697
13	0.02631	0.01962	0.02107	0.01656	0.02206	0.02175	0.01353	0.57293	0.09910	0.04386	0.02018	0.05317	0.01539	0.00972	0.00754	0.00229	0.00775	0.00755	0.00741	0.01222
14	0.02709	0.02023	0.02164	0.01685	0.02259	0.02249	0.01384	0.59497	0.10982	0.04496	0.01926	0.01897	0.01379	0.00905	0.00744	0.00226	0.00790	0.00688	0.00744	0.01252
15	0.01570	0.15345	0.59268	0.01978	0.03000	0.01922	0.02503	0.02330	0.01558	0.02252	0.01283	0.01506	0.00942	0.00694	0.00668	0.00223	0.01048	0.00524	0.00314	0.01074
16	0.02745	0.01905	0.02088	0.01626	0.02182	0.02072	0.01332	0.56308	0.03221	0.10834	0.02047	0.06588	0.01559	0.00989	0.00757	0.00229	0.00773	0.00771	0.00756	0.01219
17	0.01550	0.08299	0.58559	0.02170	0.03199	0.01821	0.09578	0.02345	0.01584	0.02314	0.01331	0.01590	0.00961	0.00692	0.00709	0.00232	0.01094	0.00574	0.00320	0.01077
18	0.00993	0.00757	0.00913	0.00874	0.01074	0.00676	0.00655	0.01290	0.01966	0.02655	0.48567	0.06075	0.27526	0.01638	0.00876	0.00239	0.00359	0.01417	0.00775	0.00676
19	0.06232	0.25609	0.02573	0.01616	0.02084	0.41235	0.01320	0.04798	0.01907	0.01974	0.01354	0.01507	0.03381	0.00764	0.00608	0.00186	0.01077	0.00494	0.00389	0.00892
20	0.01592	0.03692	0.61006	0.02173	0.03199	0.06307	0.07097	0.02393	0.01616	0.02318	0.01332	0.01583	0.00954	0.00704	0.00715	0.00233	0.01124	0.00567	0.00322	0.01075
21	0.01137	0.00832	0.01116	0.01261	0.01440	0.00811	0.01081	0.01448	0.01697	0.02177	0.04492	0.10398	0.14306	0.02034	0.01000	0.00326	0.00627	0.52461	0.00685	0.00672
22	0.03146	0.01460	0.01832	0.01416	0.01987	0.01395	0.01166	0.17585	0.05640	0.52160	0.02680	0.02374	0.01732	0.00917	0.00746	0.00229	0.00670	0.00734	0.00872	0.01259
23	0.07812	0.01894	0.03875	0.07460	0.03674	0.01865	0.53937	0.02302	0.01666	0.02392	0.01427	0.01920	0.01085	0.00672	0.00912	0.00252	0.04703	0.00813	0.00377	0.00965
24	0.01066	0.00783	0.01013	0.01107	0.01177	0.00802	0.00771	0.04255	0.01494	0.02034	0.03658	0.60481	0.04297	0.04675	0.01122	0.00310	0.05221	0.01861	0.03226	0.00646
25	0.01080	0.00720	0.00810	0.00810	0.00810	0.00720	0.00450	0.01080	0.01080	0.01439	0.02339	0.04858	0.02699	0.73910	0.03779	0.00720	0.00720	0.01080	0.00450	0.00450
26	0.02683	0.01978	0.02147	0.01668	0.02225	0.02194	0.01373	0.61653	0.03310	0.04446	0.01799	0.01872	0.01309	0.01259	0.06267	0.00299	0.00909	0.00678	0.00716	0.01215
27	0.01971	0.67388	0.03740	0.01435	0.05038	0.02829	0.01312	0.02311	0.04798	0.01845	0.01147	0.01299	0.01028	0.00655	0.00502	0.00166	0.00788	0.00431	0.00342	0.00974
28	0.01080	0.00720	0.00810	0.00810	0.00810	0.00720	0.00450	0.01080	0.01080	0.01439	0.02339	0.04858	0.02699	0.73910	0.03779	0.00720	0.00720	0.01080	0.00450	0.00450
29	0.01241	0.00801	0.01053	0.00966	0.01175	0.00733	0.00733	0.01586	0.02103	0.08554	0.63383	0.05293	0.06573	0.01468	0.00865	0.00233	0.00374	0.01293	0.00826	0.00747
30	0.01985	0.74357	0.03890	0.01270	0.01905	0.02937	0.01270	0.02223	0.01508	0.01747	0.01032	0.01191	0.00953	0.00635	0.00476	0.00159	0.00794	0.00397	0.00318	0.00953
31	0.79154	0.01436	0.01091	0.00976	0.01436	0.01665	0.00804	0.02182	0.01263	0.03331	0.01034	0.01206	0.00804	0.00689	0.00459	0.00230	0.00574	0.00402	0.00459	0.00804
32	0.01384	0.00692	0.00692	0.00692	0.00865	0.00692	0.00519	0.01730	0.01557	0.02768	0.02422	0.02768	0.01903	0.00865	0.00519	0.00173	0.00346	0.00692	0.78031	0.00692
33	0.00904	0.00646	0.00861	0.01034	0.01077	0.00603	0.00689	0.01034	0.01421	0.01895	0.04092	0.73426	0.04910	0.02326	0.00948	0.00301	0.00431	0.02110	0.00689	0.00603
34	0.02822	0.02079	0.02228	0.01708	0.02302	0.02302	0.01411	0.66804	0.03490	0.04679	0.01782	0.01782	0.01262	0.00891	0.00743	0.00223	0.00817	0.00668	0.00743	0.01262
35	0.01115	0.00762	0.00962	0.00933	0.01103	0.00696	0.00679	0.01382	0.01870	0.05678	0.43163	0.15429	0.14203	0.07350	0.01109	0.00284	0.00407	0.01435	0.00758	0.00683
36	0.01539	0.01319	0.01539	0.01100	0.01759	0.00990	0.00880	0.01869	0.01539	0.02419	0.01319	0.01539	0.01100	0.00550	0.00550	0.00110	0.00550	0.00440	0.00440	0.78449
37	0.00892	0.00753	0.00772	0.00767	0.01012	0.00633	0.00576	0.01094	0.01727	0.02088	0.12724	0.07009	0.63723	0.01849	0.00877	0.00249	0.00374	0.01548	0.00700	0.00633
38	0.02666	0.09169	0.02299	0.01976	0.05469	0.58673	0.01460	0.06024	0.02104	0.01982	0.01181	0.01372	0.00982	0.00756	0.00660	0.00192	0.01247	0.00490	0.00394	0.00903
39	0.00992	0.00700	0.00902	0.01024	0.01099	0.00664	0.00721	0.01120	0.01422	0.01863	0.04006	0.43370	0.10447	0.12630	0.01457	0.04108	0.00518	0.11738	0.00636	0.00582
40	0.01540	0.01343	0.01673	0.04639	0.01997	0.01053	0.03242	0.01888	0.01544	0.02392	0.01326	0.01577	0.01095	0.00562	0.00571	0.00122	0.00596	0.00466	0.00432	0.71941
41	0.73048	0.01427	0.01126	0.00986	0.01461	0.01612	0.00810	0.02158	0.01285	0.03259	0.01056	0.01232	0.00827	0.00678	0.00467	0.00220	0.00572	0.00405	0.00458	0.06912
42	0.01098	0.00722	0.00825	0.00825	0.00845	0.00731	0.00483	0.01137	0.01118	0.01544	0.02323	0.04603	0.02596	0.64978	0.07640	0.00713	0.00772	0.01037	0.05532	0.00479
43	0.02918	0.01356	0.01711	0.01374	0.01905	0.01301	0.01114	0.03709	0.20431	0.51245	0.02955	0.02594	0.01957	0.00943	0.00749	0.00236	0.00619	0.00772	0.00873	0.01239
44	0.01062	0.00789	0.01161	0.01161	0.01283	0.00911	0.00888	0.01305	0.01184	0.01700	0.02018	0.03079	0.01926	0.11278	0.65355	0.01154	0.01882	0.00819	0.00402	0.00645
45	0.01676	0.01652	0.02142	0.05320	0.02075	0.06094	0.01549	0.04922	0.01329	0.01925	0.01150	0.01773	0.01084	0.01685	0.09611	0.00403	0.53776	0.00657	0.00356	0.00821
46	0.01897	0.01644	0.01952	0.02086	0.14730	0.01836	0.01388	0.08500	0.48600	0.03072	0.02730	0.02626	0.03675	0.00955	0.00754	0.00244	0.00656	0.00811	0.00679	0.01168
47	0.03331	0.01263	0.01723	0.01321	0.01895	0.01091	0.01091	0.03618	0.02125	0.69794	0.02929	0.02527	0.01838	0.00919	0.00747	0.00230	0.00632	0.00747	0.00919	0.01263
48	0.01196	0.00854	0.01196	0.01367	0.01538	0.00854	0.01196	0.01538	0.01709	0.02222	0.03931	0.08374	0.04272	0.02051	0.01025	0.00342	0.00684	0.64283	0.00684	0.00684
49	0.01876	0.01874	0.03097	0.04292	0.59814	0.05191	0.08290	0.02322	0.01717	0.02391	0.01394	0.01828	0.01160	0.00663	0.00745	0.00222	0.00939	0.00673	0.00369	0.01144
50	0.05718	0.01269	0.01703	0.01310	0.01881	0.01109	0.01082	0.03573	0.02098	0.67701	0.02869	0.02485	0.01805	0.00912	0.00738	0.00230	0.00630	0.00736	0.00904	0.01249
51	0.01402	0.01319	0.02227	0.72126	0.05113	0.01649	0.02062	0.01897	0.01484	0.01897	0.01319	0.01979	0.00990	0.00742	0.00742	0.00247	0.00990	0.00660	0.00330	0.00825
52	0.05477	0.03045	0.40973	0.02820	0.23987	0.06306	0.02415	0.02360	0.01627	0.02387	0.01326	0.01620	0.01009	0.00695	0.00700	0.00227	0.01019	0.00573	0.00342	0.01092
53	0.02245	0.02627	0.12222	0.02846	0.24380	0.23573	0.06997	0.07256	0.01966	0.06790	0.01445	0.01696	0.01119	0.00731	0.00722	0.00216	0.01065	0.00611	0.00428	0.01064
54	0.00877	0.00752	0.00752	0.00752	0.01003	0.00627	0.00564	0.01065	0.01692	0.02005	0.07520	0.07144	0.68978	0.01880	0.00877	0.00251	0.00376	0.01567	0.00689	0.00627
55	0.00919	0.00784	0.00839	0.00883	0.03146	0.00667	0.00627	0.01126	0.01719	0.02083	0.11383	0.06873	0.62762	0.01818	0.00873	0.00249	0.00390	0.01524	0.00688	0.00649
56	0.01962	0.05167	0.02043	0.23308	0.02931	0.01835	0.01471	0.27938	0.07773	0.03126	0.02505	0.02787	0.10002	0.01005	0.00756	0.00237	0.00790	0.02772	0.00586	0.01005
57	0.01821	0.01863	0.06228	0.04440	0.66112	0.01762	0.02301	0.02282	0.01684	0.02422	0.01393	0.01824	0.01165	0.00664	0.00734	0.00221	0.00892	0.00656	0.00365	0.01172
58	0.00887	0.00750	0.00755	0.00755	0.00993	0.00631	0.00558	0.01066	0.01662	0.01977	0.07264	0.07031	0.65704	0.05439	0.01021	0.00274	0.00393	0.01543	0.00678	0.00618
59	0.02377	0.06513	0.05694	0.02439	0.17487	0.45053	0.01636	0.02651	0.01905	0.01960	0.01265	0.01625	0.01089	0.04239	0.00826	0.00224	0.01166	0.00548	0.00376	0.00929
60	0.01672	0.01754	0.07161	0.19116	0.47489	0.01681	0.02179	0.02141	0.01637	0.02284	0.01669	0.02105	0.04370	0.00741	0.00741	0.00229	0.00896	0.00697	0.00371	0.01067
61	0.01394	0.01207	0.01358	0.01414	0.06807	0.01263	0.00997	0.02450	0.30842	0.02533	0.04892	0.04859	0.31283	0.01408	0.00819	0.00253	0.00523	0.04091	0.00693	0.00914
62	0.00986	0.00800	0.00888	0.00906	0.01140	0.00717	0.00711	0.01285	0.04062	0.02185	0.13257	0.07037	0.48704	0.01841	0.00899	0.00265	0.00435	0.12515	0.00704	0.00664
63	0.01741	0.03062	0.43531	0.02526	0.13740	0.04179	0.07755	0.02419	0.01637	0.06774	0.01438	0.01705	0.01055	0.00737	0.00811	0.00237	0.04583	0.00610	0.00370	0.01090
64	0.01772	0.04423	0.16959	0.05236	0.32299	0.08377	0.02060	0.02379	0.06322	0.02338	0.01745	0.02519	0.01517	0.00863	0.00749	0.00236	0.00930	0.07802	0.00417	0.01055
65	0.01479	0.01439	0.02195	0.11379	0.02423	0.01801	0.08741	0.01837	0.04617	0.01954	0.01940	0.08561	0.05942	0.01472	0.05061	0.00338	0.36712	0.00883	0.00412	0.00815
66	0.01381	0.01262	0.02088	0.50175	0.12499	0.01481	0.01854	0.01816	0.01531	0.02010	0.03703	0.10466	0.01783	0.00995	0.00782	0.00254	0.00880	0.03802	0.00406	0.00834
67	0.06769	0.02043	0.13607	0.14356	0.07005	0.01802	0.24308	0.07249	0.01747	0.02520	0.04613	0.01991	0.01335	0.00780	0.00903	0.00247	0.06607	0.00733	0.00409	0.00974

[dist]
# distance from previous block
# <min> <max>
2	9

[block]
# block no. 4 follows, 27 sequences, length 14
# corresponding to MSA columns:
# 304-317
name=unknown_E
#
# <colnr> <probs for GDERKNQSTAVLIFYWHMCP>
#	G	D	E	R	K	N	Q	S	T	A	V	L	I	F	Y	W	H	M	C	P
0	0.10604	0.11550	0.15742	0.01671	0.05614	0.04554	0.01504	0.10886	0.09715	0.02691	0.01857	0.06835	0.01617	0.01229	0.05188	0.00289	0.00874	0.03502	0.00497	0.03579
1	0.13693	0.02148	0.12556	0.01455	0.01952	0.15698	0.01312	0.11578	0.02066	0.06687	0.16526	0.02764	0.06550	0.01004	0.00716	0.00224	0.00793	0.00777	0.00580	0.00922
2	0.69051	0.10982	0.01458	0.01015	0.01497	0.01832	0.00865	0.02188	0.01295	0.03123	0.01033	0.01204	0.00823	0.00682	0.00462	0.00220	0.00603	0.00401	0.00441	0.00823
3	0.12632	0.09519	0.02159	0.01713	0.02125	0.44537	0.01347	0.08954	0.02013	0.02286	0.01173	0.01369	0.00967	0.00789	0.00744	0.00205	0.05663	0.00490	0.00418	0.00898
4	0.74206	0.06111	0.01271	0.00995	0.01466	0.01747	0.00834	0.02185	0.01279	0.03229	0.01034	0.01205	0.00814	0.00686	0.00460	0.00225	0.00588	0.00402	0.00450	0.00814
5	0.01016	0.00732	0.00961	0.00958	0.01101	0.00677	0.00698	0.01314	0.01940	0.02720	0.53521	0.21643	0.06508	0.01709	0.00893	0.00250	0.00369	0.01525	0.00787	0.00677
6	0.00920	0.00673	0.00866	0.00988	0.01072	0.00618	0.00676	0.01085	0.01542	0.02049	0.12970	0.56889	0.12579	0.02169	0.00930	0.00287	0.00414	0.01947	0.00706	0.00618
7	0.59760	0.01323	0.01176	0.03866	0.01582	0.01513	0.00878	0.02149	0.01328	0.07293	0.01319	0.01567	0.01033	0.01274	0.08629	0.00340	0.00751	0.00489	0.02916	0.00814
8	0.01402	0.01319	0.02227	0.72126	0.05113	0.01649	0.02062	0.01897	0.01484	0.01897	0.01319	0.01979	0.00990	0.00742	0.00742	0.00247	0.00990	0.00660	0.00330	0.00825
9	0.00903	0.00652	0.00855	0.01017	0.01072	0.00604	0.00682	0.01036	0.01437	0.01902	0.04293	0.69536	0.08670	0.02300	0.00943	0.00299	0.00427	0.02079	0.00689	0.00604
10	0.00937	0.00678	0.00886	0.00996	0.01080	0.00627	0.00685	0.01120	0.01593	0.02151	0.19245	0.54257	0.08761	0.02116	0.00927	0.00283	0.00409	0.01904	0.00719	0.00627
11	0.04062	0.12846	0.48857	0.01904	0.02808	0.10346	0.02264	0.02365	0.01620	0.02226	0.01450	0.01649	0.03015	0.00739	0.00669	0.00220	0.01049	0.00547	0.00338	0.01026
12	0.01576	0.08532	0.62804	0.02051	0.03087	0.04702	0.02590	0.02368	0.01586	0.02288	0.01304	0.01533	0.00942	0.00703	0.00689	0.00228	0.01087	0.00536	0.00317	0.01078
13	0.11692	0.06049	0.54383	0.01999	0.02974	0.01772	0.06491	0.02326	0.01537	0.02458	0.01293	0.01534	0.00935	0.00696	0.00675	0.00233	0.01027	0.00545	0.00337	0.01047

[dist]
# distance from previous block
# <min> <max>
0	1

[block]
# block no. 5 follows, 27 sequences, length 44
# corresponding to MSA columns:
# 319-362
name=unknown_F
#
# <colnr> <probs for GDERKNQSTAVLIFYWHMCP>
#	G	D	E	R	K	N	Q	S	T	A	V	L	I	F	Y	W	H	M	C	P
0	0.02642	0.02149	0.02108	0.01680	0.02180	0.11320	0.01366	0.49796	0.03027	0.03987	0.01692	0.01782	0.01248	0.00898	0.00822	0.00221	0.05285	0.00644	0.06011	0.01142
1	0.00904	0.00646	0.00861	0.01034	0.01077	0.00603	0.00689	0.01034	0.01421	0.01895	0.04092	0.73426	0.04910	0.02326	0.00948	0.00301	0.00431	0.02110	0.00689	0.00603
2	0.08060	0.04746	0.01621	0.05233	0.01894	0.01168	0.00960	0.02084	0.01573	0.09357	0.01516	0.01698	0.01187	0.00634	0.00568	0.00146	0.00585	0.00495	0.05271	0.51205
3	0.02123	0.61913	0.03576	0.01383	0.01974	0.14885	0.01299	0.02353	0.01613	0.01759	0.01052	0.01217	0.00953	0.00658	0.00510	0.00164	0.00890	0.00411	0.00329	0.00937
4	0.01698	0.21704	0.48877	0.01888	0.02822	0.06517	0.02285	0.02358	0.01587	0.02163	0.01244	0.01457	0.00945	0.00691	0.00645	0.00213	0.01036	0.00506	0.00319	0.01045
5	0.03003	0.01624	0.05487	0.01472	0.02068	0.01475	0.01264	0.19065	0.07095	0.45505	0.02569	0.02310	0.01679	0.00907	0.00744	0.00230	0.00699	0.00723	0.00832	0.01248
6	0.01038	0.00771	0.00977	0.00979	0.01164	0.00710	0.00762	0.01347	0.01928	0.02615	0.43110	0.08777	0.18464	0.01712	0.00905	0.00259	0.00417	0.12621	0.00764	0.00680
