[name]
unknown

[dist]
# distance from previous block
# <min> <max>
0	59

[block]
# block no. 0 follows, 29 sequences, length 41
# corresponding to MSA columns:
# 65-105
name=unknown_A
#
# <colnr> <probs for GDERKNQSTAVLIFYWHMCP>
#	G	D	E	R	K	N	Q	S	T	A	V	L	I	F	Y	W	H	M	C	P
0	0.23822	0.02156	0.17821	0.01452	0.02041	0.08893	0.01404	0.11750	0.05023	0.11756	0.01627	0.01819	0.01209	0.00787	0.00622	0.00219	0.00780	0.02424	0.03425	0.00971
1	0.13447	0.21726	0.18212	0.01504	0.04871	0.03792	0.01445	0.05360	0.01654	0.10364	0.07418	0.04170	0.01638	0.00806	0.00611	0.00204	0.00751	0.00611	0.00467	0.00948
2	0.01865	0.16692	0.26309	0.01764	0.04973	0.04759	0.03254	0.07250	0.07572	0.08938	0.01653	0.01962	0.01295	0.00922	0.02695	0.00242	0.03059	0.03335	0.00448	0.01014
3	0.01830	0.20480	0.14439	0.02552	0.23383	0.10353	0.07543	0.02300	0.03559	0.02098	0.01265	0.01536	0.01035	0.00649	0.00636	0.00195	0.00921	0.00546	0.00348	0.04332
4	0.01309	0.01592	0.17415	0.01382	0.01788	0.01133	0.01315	0.06604	0.08491	0.02375	0.06998	0.25226	0.03175	0.01475	0.00816	0.00260	0.00649	0.13346	0.00584	0.04068
5	0.01631	0.01664	0.09535	0.32026	0.15445	0.01555	0.12962	0.02128	0.01575	0.08053	0.01585	0.02232	0.01246	0.00762	0.00744	0.00236	0.00937	0.04354	0.00397	0.00933
6	0.01305	0.00911	0.01185	0.11311	0.01743	0.00926	0.00918	0.05477	0.04801	0.08407	0.03720	0.35995	0.14006	0.04734	0.00946	0.00278	0.00540	0.01440	0.00629	0.00728
7	0.01087	0.00859	0.03058	0.01042	0.01186	0.00781	0.00767	0.06942	0.01669	0.02273	0.18797	0.45537	0.04617	0.06629	0.01046	0.00292	0.00465	0.01626	0.00668	0.00659
8	0.05270	0.03967	0.07624	0.16427	0.04236	0.15666	0.01395	0.05904	0.01625	0.02117	0.01641	0.02029	0.04015	0.01597	0.13773	0.00373	0.01084	0.00613	0.03012	0.07632
9	0.11310	0.28671	0.35432	0.01566	0.02343	0.02024	0.01820	0.02146	0.01431	0.02138	0.01169	0.01392	0.00930	0.00865	0.03854	0.00241	0.00926	0.00468	0.00323	0.00949
10	0.02569	0.07674	0.01762	0.01259	0.01745	0.01315	0.01040	0.06961	0.11022	0.42769	0.11690	0.02692	0.02380	0.00945	0.00711	0.00217	0.00588	0.00772	0.00787	0.01102
11	0.01379	0.00880	0.01212	0.01245	0.07197	0.00811	0.00852	0.01709	0.01972	0.12482	0.52562	0.04648	0.07584	0.01314	0.00811	0.00223	0.00419	0.01157	0.00756	0.00786
12	0.01506	0.03313	0.02459	0.42750	0.03917	0.04567	0.14577	0.04858	0.01568	0.02018	0.01524	0.08139	0.01310	0.00846	0.00804	0.00240	0.03619	0.00780	0.00374	0.00828
13	0.04869	0.04143	0.10578	0.01774	0.05331	0.01782	0.07196	0.31534	0.02399	0.14720	0.01761	0.01895	0.01275	0.03642	0.00809	0.00231	0.00804	0.00648	0.00601	0.04009
14	0.00888	0.00631	0.00828	0.00969	0.01012	0.00592	0.00642	0.01011	0.01364	0.01826	0.06749	0.65346	0.04616	0.08509	0.01141	0.00321	0.00434	0.01905	0.00647	0.00570
15	0.01558	0.04395	0.01671	0.01170	0.01735	0.01207	0.00954	0.04775	0.01520	0.02330	0.01241	0.01481	0.01044	0.00618	0.00715	0.00133	0.07933	0.00450	0.00419	0.64651
16	0.01933	0.01444	0.01656	0.01325	0.01772	0.01493	0.01069	0.27547	0.06800	0.06341	0.11201	0.02498	0.04351	0.01281	0.06444	0.00273	0.03745	0.00735	0.00625	0.17468
17	0.09660	0.14652	0.02208	0.03923	0.01965	0.10113	0.04059	0.05930	0.01506	0.02112	0.01309	0.01901	0.01189	0.01293	0.07266	0.00307	0.20041	0.04077	0.00388	0.06102
18	0.02856	0.01179	0.01580	0.01217	0.01745	0.01007	0.00997	0.03140	0.01982	0.58996	0.08016	0.02563	0.02089	0.00893	0.00708	0.00210	0.00577	0.00733	0.00829	0.08684
19	0.01184	0.00760	0.01001	0.00937	0.01126	0.00695	0.00703	0.01495	0.01955	0.08673	0.57974	0.11689	0.06096	0.01480	0.00836	0.00230	0.00367	0.01309	0.00781	0.00710
20	0.01819	0.01847	0.02646	0.03824	0.57590	0.10535	0.01981	0.02197	0.01672	0.02228	0.01672	0.02016	0.05370	0.00719	0.00705	0.00210	0.00871	0.00666	0.00373	0.01057
21	0.04519	0.55219	0.13899	0.01391	0.02009	0.02539	0.01450	0.02113	0.01416	0.01821	0.01029	0.01235	0.00909	0.00678	0.00657	0.00180	0.07282	0.00425	0.00309	0.00918
22	0.00868	0.00620	0.00826	0.00991	0.01033	0.00578	0.00661	0.00991	0.01363	0.01818	0.03925	0.74510	0.04710	0.02231	0.00909	0.00289	0.00413	0.02024	0.00661	0.00578
23	0.00937	0.00637	0.00846	0.00966	0.01007	0.00605	0.00645	0.01019	0.01321	0.01768	0.06606	0.54587	0.04204	0.09976	0.01391	0.08492	0.00467	0.03378	0.00606	0.00541
24	0.02605	0.01875	0.02060	0.04088	0.02235	0.02065	0.01332	0.60056	0.03137	0.07340	0.01838	0.04806	0.01374	0.00909	0.00721	0.00218	0.00766	0.00702	0.00704	0.01170
25	0.01197	0.01195	0.05317	0.05109	0.04174	0.06335	0.00971	0.01433	0.01566	0.04034	0.06844	0.23886	0.28652	0.01601	0.00888	0.00249	0.03913	0.01355	0.00582	0.00699
26	0.65873	0.01602	0.07162	0.01357	0.08139	0.01611	0.01064	0.02116	0.01276	0.03032	0.01049	0.01244	0.00816	0.00660	0.00486	0.00220	0.00621	0.00421	0.00420	0.00829
27	0.01276	0.00787	0.01011	0.00929	0.01151	0.00709	0.00705	0.01572	0.01933	0.11931	0.49428	0.08872	0.14012	0.01464	0.00827	0.00229	0.00380	0.01277	0.00775	0.00731
28	0.01327	0.00664	0.00664	0.00664	0.00830	0.00664	0.00498	0.01659	0.01493	0.02655	0.02323	0.02655	0.01825	0.00830	0.00498	0.00166	0.00332	0.00664	0.78928	0.00664
29	0.01593	0.01424	0.11223	0.01237	0.01669	0.01103	0.01122	0.06876	0.08890	0.12521	0.20056	0.06647	0.12120	0.01224	0.00772	0.00229	0.00569	0.04913	0.00670	0.05141
30	0.07455	0.01326	0.02158	0.55856	0.04259	0.01546	0.07003	0.01875	0.01432	0.02006	0.01258	0.01806	0.00955	0.00683	0.00685	0.00225	0.00902	0.00612	0.00339	0.07619
31	0.01327	0.00664	0.00664	0.00664	0.00830	0.00664	0.00498	0.01659	0.01493	0.02655	0.02323	0.02655	0.01825	0.00830	0.00498	0.00166	0.00332	0.00664	0.78928	0.00664
32	0.00864	0.00722	0.00752	0.00744	0.00975	0.00610	0.00558	0.01064	0.01675	0.02047	0.15531	0.06650	0.61850	0.01757	0.00841	0.00238	0.00357	0.01474	0.00677	0.00610
33	0.00960	0.00672	0.00786	0.00838	0.00879	0.00645	0.00517	0.01020	0.01207	0.01582	0.03355	0.26897	0.11183	0.43511	0.02444	0.00511	0.00564	0.01401	0.00531	0.00498
34	0.01345	0.01266	0.02136	0.73264	0.04904	0.01582	0.01978	0.01819	0.01424	0.01819	0.01266	0.01898	0.00949	0.00712	0.00712	0.00237	0.00949	0.00633	0.00316	0.00791
35	0.00872	0.00633	0.00823	0.00964	0.01028	0.00585	0.00651	0.01011	0.01416	0.01876	0.07343	0.65549	0.10305	0.02158	0.00900	0.00282	0.00405	0.01946	0.00667	0.00585
36	0.01227	0.00860	0.00976	0.00922	0.01028	0.00873	0.00605	0.09897	0.01497	0.02006	0.09409	0.11624	0.05842	0.47276	0.02565	0.00521	0.00625	0.01130	0.00537	0.00580
37	0.58860	0.01420	0.01164	0.01034	0.01453	0.04741	0.00834	0.04107	0.04202	0.08001	0.01405	0.04438	0.01128	0.00771	0.00511	0.00220	0.00581	0.00517	0.03793	0.00820
38	0.01007	0.00790	0.00998	0.01097	0.04844	0.00737	0.00752	0.01324	0.04569	0.02296	0.27611	0.21963	0.23493	0.01692	0.00850	0.00248	0.00411	0.03955	0.00689	0.00673
39	0.01576	0.02179	0.24032	0.09587	0.02737	0.01758	0.08713	0.03893	0.01435	0.04915	0.01293	0.01720	0.01033	0.01117	0.05103	0.00301	0.24338	0.00622	0.00356	0.03293
40	0.29458	0.05187	0.22044	0.07754	0.05169	0.01616	0.01547	0.04099	0.04308	0.07677	0.04016	0.01678	0.01218	0.00731	0.00600	0.00221	0.00757	0.00542	0.00444	0.00932

[dist]
# distance from previous block
# <min> <max>
14	48

[block]
# block no. 1 follows, 29 sequences, length 20
# corresponding to MSA columns:
# 155-174
name=unknown_B
#
# <colnr> <probs for GDERKNQSTAVLIFYWHMCP>
#	G	D	E	R	K	N	Q	S	T	A	V	L	I	F	Y	W	H	M	C	P
0	0.06295	0.01681	0.06726	0.10381	0.06842	0.09505	0.01305	0.09640	0.08440	0.06084	0.17844	0.02643	0.02528	0.00926	0.00703	0.00214	0.00712	0.00761	0.03100	0.03668
1	0.01521	0.12940	0.39110	0.01848	0.07694	0.01679	0.01937	0.02265	0.08040	0.02277	0.01617	0.04495	0.01293	0.00768	0.00641	0.00211	0.00843	0.00614	0.09223	0.00984
2	0.01684	0.08436	0.07031	0.04579	0.02040	0.01662	0.03874	0.12170	0.10630	0.02466	0.01745	0.04545	0.01539	0.07240	0.01143	0.00256	0.10503	0.02965	0.00482	0.15012
3	0.01796	0.06325	0.07016	0.07443	0.02513	0.16950	0.15948	0.07138	0.04128	0.02310	0.11124	0.02304	0.01931	0.03544	0.03260	0.00259	0.00969	0.00728	0.00455	0.03860
4	0.00984	0.00756	0.00856	0.00863	0.01015	0.00713	0.00603	0.01274	0.06340	0.02028	0.16448	0.17457	0.28084	0.17683	0.01450	0.00344	0.00452	0.01403	0.00637	0.00610
5	0.01327	0.00664	0.00664	0.00664	0.00830	0.00664	0.00498	0.01659	0.01493	0.02655	0.02323	0.02655	0.01825	0.00830	0.00498	0.00166	0.00332	0.00664	0.78928	0.00664
6	0.01930	0.01596	0.01858	0.11688	0.09731	0.04438	0.01339	0.26253	0.12864	0.03078	0.02611	0.02675	0.11542	0.00963	0.00720	0.00222	0.00716	0.00786	0.03987	0.01001
7	0.01003	0.00758	0.00909	0.00895	0.01076	0.00698	0.00660	0.04042	0.01823	0.02437	0.34987	0.19773	0.24930	0.01692	0.00849	0.00242	0.00378	0.01475	0.00719	0.00655
8	0.01327	0.00664	0.00664	0.00664	0.00830	0.00664	0.00498	0.01659	0.01493	0.02655	0.02323	0.02655	0.01825	0.00830	0.00498	0.00166	0.00332	0.00664	0.78928	0.00664
9	0.00893	0.00635	0.00840	0.00980	0.01022	0.00607	0.00652	0.01012	0.01319	0.01766	0.03644	0.63570	0.04333	0.09438	0.05339	0.00378	0.00527	0.01855	0.00622	0.00568
10	0.80005	0.01377	0.01047	0.00936	0.01377	0.01597	0.00771	0.02093	0.01212	0.03195	0.00991	0.01157	0.00771	0.00661	0.00441	0.00220	0.00551	0.00386	0.00441	0.00771
11	0.00874	0.00723	0.00766	0.00755	0.00982	0.00615	0.00566	0.01084	0.01699	0.02104	0.19375	0.06556	0.57970	0.01736	0.00841	0.00237	0.00356	0.01461	0.00685	0.00615
12	0.00868	0.00620	0.00826	0.00991	0.01033	0.00578	0.00661	0.00991	0.01363	0.01818	0.03925	0.74510	0.04710	0.02231	0.00909	0.00289	0.00413	0.02024	0.00661	0.00578
13	0.01681	0.01921	0.04202	0.03001	0.03721	0.01801	0.67947	0.02281	0.01681	0.02281	0.01441	0.01921	0.01080	0.00600	0.00840	0.00240	0.01200	0.00840	0.00360	0.00960
14	0.01026	0.00686	0.00780	0.00789	0.00791	0.00684	0.00445	0.01033	0.01054	0.01406	0.02341	0.08704	0.02712	0.70764	0.03467	0.00667	0.00674	0.01093	0.00445	0.00440
15	0.01455	0.01144	0.01284	0.01166	0.01458	0.01214	0.00897	0.13189	0.20115	0.02815	0.18077	0.13258	0.14465	0.01574	0.04326	0.00284	0.00565	0.01155	0.00700	0.00860
16	0.01117	0.00861	0.01203	0.01157	0.01244	0.01031	0.00882	0.01314	0.01135	0.01666	0.01849	0.02953	0.01808	0.17409	0.45276	0.00884	0.12165	0.00788	0.04638	0.00620
17	0.01727	0.04964	0.01602	0.10929	0.01983	0.06173	0.01102	0.15658	0.01828	0.06441	0.02077	0.05315	0.04542	0.04357	0.16729	0.02985	0.00988	0.00753	0.09027	0.00820
18	0.05313	0.53123	0.11339	0.01373	0.02011	0.05999	0.01387	0.08556	0.01655	0.02084	0.01099	0.01247	0.00935	0.00649	0.00516	0.00171	0.00815	0.00427	0.00352	0.00948
19	0.04682	0.49901	0.05938	0.01505	0.05921	0.02342	0.03570	0.02244	0.01528	0.09253	0.03579	0.01514	0.01215	0.00697	0.00604	0.00180	0.03495	0.00493	0.00392	0.00947

[dist]
# distance from previous block
# <min> <max>
7	12

[block]
# block no. 2 follows, 29 sequences, length 54
# corresponding to MSA columns:
# 188-241
name=unknown_C
#
# <colnr> <probs for GDERKNQSTAVLIFYWHMCP>
#	G	D	E	R	K	N	Q	S	T	A	V	L	I	F	Y	W	H	M	C	P
0	0.05279	0.19120	0.09166	0.04840	0.03866	0.15271	0.04304	0.11558	0.01842	0.02355	0.04202	0.01843	0.03952	0.00813	0.00741	0.00204	0.05760	0.00591	0.03384	0.00908
1	0.08224	0.53683	0.07080	0.01334	0.01924	0.11163	0.01288	0.04817	0.01576	0.01948	0.01048	0.01204	0.00914	0.00642	0.00501	0.00168	0.00826	0.00409	0.00339	0.00911
2	0.00988	0.00705	0.00903	0.00970	0.01011	0.00722	0.00653	0.01091	0.01217	0.01642	0.02936	0.32918	0.03396	0.31142	0.09927	0.00545	0.03016	0.05152	0.00528	0.00538
3	0.02672	0.01143	0.01515	0.01176	0.01679	0.00978	0.00959	0.02961	0.01946	0.52491	0.10073	0.02640	0.02229	0.00900	0.00698	0.00205	0.00556	0.00742	0.03894	0.10543
4	0.01652	0.00869	0.01153	0.01085	0.01327	0.00798	0.00821	0.03797	0.01787	0.22470	0.19115	0.31611	0.04184	0.01599	0.00834	0.00253	0.00475	0.04606	0.00756	0.00809
5	0.01775	0.01189	0.01496	0.09230	0.01931	0.01260	0.01086	0.17478	0.06751	0.11756	0.13788	0.14603	0.02966	0.01490	0.04280	0.02780	0.00672	0.03919	0.00664	0.00885
6	0.00857	0.00722	0.00743	0.00738	0.00971	0.00608	0.00553	0.01052	0.01660	0.02011	0.13086	0.06710	0.64317	0.01771	0.00841	0.00239	0.00358	0.01483	0.00673	0.00608
7	0.02595	0.03345	0.04697	0.01364	0.01887	0.01479	0.01159	0.19650	0.11860	0.33747	0.02390	0.02226	0.01629	0.00867	0.00689	0.00215	0.00643	0.00689	0.07732	0.01137
8	0.01726	0.28739	0.40354	0.01719	0.02550	0.07192	0.02004	0.04384	0.01581	0.02087	0.01178	0.01368	0.00917	0.00663	0.00598	0.00196	0.00959	0.00474	0.00320	0.00992
9	0.01314	0.00908	0.01211	0.01188	0.01391	0.00880	0.03450	0.04910	0.07237	0.08159	0.03408	0.48352	0.03725	0.01784	0.00852	0.00268	0.00512	0.05637	0.00666	0.04149
10	0.01066	0.00743	0.00940	0.00887	0.01077	0.00673	0.00666	0.01368	0.01932	0.05468	0.55133	0.07791	0.16556	0.01514	0.00837	0.00229	0.00354	0.01324	0.00764	0.00680
11	0.01739	0.01691	0.02772	0.12659	0.60505	0.03801	0.02136	0.02161	0.01609	0.02247	0.01323	0.01764	0.01100	0.00647	0.00704	0.00214	0.00872	0.00629	0.00349	0.01078
12	0.01636	0.01958	0.10201	0.11713	0.20411	0.01733	0.37248	0.02199	0.01618	0.02234	0.01378	0.01838	0.01059	0.00630	0.00775	0.00231	0.01068	0.00733	0.00347	0.00991
13	0.01612	0.15433	0.30876	0.02272	0.06312	0.01946	0.21165	0.02192	0.01516	0.02119	0.01249	0.01578	0.00970	0.00688	0.00826	0.00223	0.07111	0.00605	0.00322	0.00982
14	0.52855	0.01326	0.01314	0.07305	0.01760	0.01556	0.00987	0.02084	0.01282	0.08486	0.01230	0.01491	0.00962	0.01096	0.06076	0.00301	0.08152	0.00487	0.00449	0.00800
15	0.01447	0.01400	0.02070	0.01761	0.01834	0.01845	0.06365	0.01638	0.01138	0.01721	0.01219	0.02015	0.01201	0.07720	0.12466	0.00458	0.51930	0.00693	0.00335	0.00744
16	0.01556	0.02437	0.26702	0.02497	0.03265	0.01709	0.38478	0.02234	0.03415	0.02249	0.01518	0.05042	0.01207	0.00733	0.00840	0.00240	0.03765	0.00778	0.00362	0.00972
17	0.01109	0.00816	0.00883	0.00845	0.01047	0.00760	0.00603	0.03745	0.04858	0.04805	0.08069	0.08317	0.39198	0.20030	0.01526	0.00353	0.00480	0.01299	0.00623	0.00634
18	0.01898	0.65597	0.03483	0.01263	0.01837	0.05472	0.01221	0.02125	0.01456	0.01712	0.01006	0.01183	0.00922	0.00638	0.00550	0.00158	0.03953	0.00396	0.00313	0.04818
19	0.09353	0.01923	0.01909	0.01527	0.02035	0.06725	0.01241	0.47468	0.10935	0.03933	0.01774	0.01785	0.01294	0.00842	0.00676	0.00214	0.00752	0.00627	0.03875	0.01114
20	0.01036	0.00690	0.00777	0.00777	0.00777	0.00690	0.00431	0.01036	0.01036	0.01381	0.02244	0.04660	0.02589	0.74975	0.03624	0.00690	0.00690	0.01036	0.00431	0.00431
21	0.11130	0.01804	0.01881	0.01479	0.01996	0.02004	0.01214	0.52689	0.06262	0.04133	0.01735	0.01766	0.01256	0.00837	0.00667	0.00212	0.00713	0.00623	0.06483	0.01117
22	0.00868	0.00620	0.00826	0.00991	0.01033	0.00578	0.00661	0.00991	0.01363	0.01818	0.03925	0.74510	0.04710	0.02231	0.00909	0.00289	0.00413	0.02024	0.00661	0.00578
23	0.01428	0.03683	0.71286	0.02030	0.03082	0.01654	0.02631	0.02255	0.01503	0.02255	0.01278	0.01503	0.00902	0.00677	0.00677	0.00226	0.01052	0.00526	0.00301	0.01052
24	0.01009	0.00726	0.00944	0.00891	0.01051	0.00673	0.00661	0.01330	0.01973	0.02791	0.67210	0.05290	0.06540	0.04646	0.00961	0.00244	0.00351	0.01277	0.00769	0.00661
25	0.02707	0.01995	0.02137	0.01638	0.02208	0.02208	0.01353	0.68159	0.03348	0.04488	0.01710	0.01710	0.01211	0.00855	0.00712	0.00214	0.00784	0.00641	0.00712	0.01211
26	0.00909	0.00698	0.00836	0.00885	0.01041	0.00625	0.00649	0.01118	0.01636	0.02124	0.20855	0.27694	0.30462	0.01865	0.00871	0.00257	0.00390	0.05779	0.00690	0.00614
27	0.01544	0.01264	0.01483	0.01063	0.01693	0.00953	0.00852	0.01859	0.01499	0.05030	0.01327	0.01514	0.01083	0.00541	0.00535	0.00110	0.00530	0.00433	0.00440	0.76247
28	0.01942	0.01567	0.01812	0.01360	0.01953	0.01493	0.03296	0.25298	0.08185	0.03139	0.01573	0.01679	0.01210	0.00684	0.00620	0.00160	0.00643	0.00547	0.00549	0.42289
29	0.01402	0.00951	0.01090	0.01009	0.01284	0.00922	0.00765	0.03542	0.13919	0.11427	0.15196	0.13141	0.27013	0.03955	0.00902	0.00256	0.00453	0.01264	0.00715	0.00794
30	0.00930	0.00754	0.00830	0.00821	0.01036	0.00674	0.00612	0.01235	0.04995	0.02200	0.22487	0.11496	0.45979	0.01709	0.00841	0.00240	0.00368	0.01455	0.00695	0.00643
31	0.01528	0.01098	0.01474	0.01348	0.01626	0.01119	0.06194	0.07115	0.15600	0.09415	0.06040	0.31784	0.03362	0.01542	0.00835	0.00264	0.00574	0.07557	0.00681	0.00845
32	0.01530	0.09202	0.57588	0.01944	0.02851	0.04862	0.02381	0.02229	0.01490	0.02145	0.01221	0.01469	0.00906	0.00717	0.00785	0.00224	0.06620	0.00519	0.00305	0.01010
33	0.02555	0.03188	0.02077	0.02033	0.07901	0.63845	0.01435	0.02820	0.04265	0.01833	0.01182	0.01371	0.00977	0.00733	0.00650	0.00188	0.01223	0.00485	0.00378	0.00861
34	0.01585	0.27356	0.48988	0.01762	0.02668	0.02038	0.02165	0.02214	0.01485	0.02064	0.01183	0.01384	0.00906	0.00654	0.00604	0.00201	0.00956	0.00478	0.00302	0.01007
35	0.01876	0.02061	0.02744	0.22148	0.05164	0.18961	0.21342	0.06059	0.01730	0.02096	0.01273	0.01708	0.00999	0.00742	0.00889	0.00230	0.08079	0.00651	0.00365	0.00882
36	0.02286	0.01233	0.01553	0.03213	0.04324	0.01192	0.01043	0.14254	0.04323	0.32273	0.10835	0.06431	0.11648	0.01117	0.00755	0.00226	0.00582	0.00931	0.00760	0.01022
37	0.00947	0.00698	0.00886	0.00898	0.01041	0.00637	0.00651	0.01204	0.01784	0.02445	0.43468	0.24334	0.14943	0.01714	0.00859	0.00244	0.00360	0.01518	0.00734	0.00637
38	0.01255	0.00904	0.01312	0.18024	0.02021	0.01011	0.01039	0.03861	0.04590	0.01760	0.02069	0.21975	0.02157	0.01810	0.01585	0.29064	0.03513	0.01018	0.00443	0.00589
39	0.01746	0.04835	0.01556	0.01294	0.01600	0.01420	0.01000	0.31294	0.02261	0.03013	0.02786	0.38198	0.02952	0.01533	0.00799	0.00249	0.00597	0.01322	0.00667	0.00879
40	0.03726	0.00867	0.01261	0.01202	0.01353	0.01010	0.02720	0.01363	0.01193	0.01779	0.02048	0.02805	0.04739	0.04414	0.56607	0.00948	0.06923	0.00771	0.03612	0.00659
41	0.01033	0.00749	0.01008	0.01150	0.01285	0.00724	0.00934	0.01289	0.01571	0.02048	0.06621	0.27356	0.10160	0.02011	0.00944	0.00305	0.00547	0.38975	0.00663	0.00629
42	0.01742	0.05446	0.08541	0.04025	0.61655	0.01744	0.02175	0.02188	0.01603	0.02289	0.01317	0.01711	0.01099	0.00637	0.00691	0.00210	0.00859	0.00613	0.00346	0.01111
43	0.12918	0.01866	0.04840	0.20093	0.17731	0.14103	0.01607	0.02368	0.10491	0.02288	0.01648	0.01920	0.03668	0.00764	0.00664	0.00220	0.00861	0.00617	0.00417	0.00916
44	0.01765	0.01666	0.02788	0.10600	0.61521	0.01704	0.02130	0.05015	0.01678	0.02373	0.01349	0.01773	0.01115	0.00651	0.00706	0.00214	0.00853	0.00635	0.00365	0.01100
45	0.01020	0.00752	0.01087	0.01087	0.01194	0.00859	0.00818	0.01235	0.01127	0.01610	0.01960	0.03089	0.01907	0.16229	0.61438	0.01073	0.01717	0.00806	0.00389	0.00604
46	0.19091	0.01904	0.13331	0.13143	0.02526	0.01818	0.01559	0.17012	0.01797	0.06232	0.01326	0.01593	0.00999	0.00830	0.00934	0.00239	0.13698	0.00565	0.00458	0.00944
47	0.02424	0.04223	0.02158	0.01667	0.02116	0.06136	0.01374	0.47105	0.06469	0.03671	0.01582	0.01694	0.01190	0.00916	0.00989	0.00229	0.13719	0.00629	0.00610	0.01099
48	0.01471	0.03385	0.59934	0.02194	0.03190	0.01679	0.13683	0.02259	0.01533	0.02259	0.01305	0.01574	0.00932	0.00664	0.00704	0.00228	0.01077	0.00579	0.00311	0.01037
49	0.03863	0.04157	0.04497	0.01176	0.01506	0.01029	0.02660	0.07341	0.01713	0.08832	0.11649	0.31997	0.03361	0.01426	0.00768	0.00231	0.00536	0.01252	0.00625	0.11382
50	0.01248	0.00685	0.01078	0.01020	0.01055	0.00679	0.03847	0.00998	0.00969	0.01294	0.01296	0.02274	0.01295	0.05915	0.02730	0.71653	0.00650	0.00649	0.00318	0.00346
51	0.01078	0.00741	0.00871	0.00883	0.00926	0.00748	0.00548	0.04306	0.01226	0.01642	0.02579	0.20084	0.02961	0.51941	0.05948	0.00598	0.00687	0.01226	0.00494	0.00512
52	0.01718	0.01985	0.06700	0.02957	0.06153	0.01808	0.60065	0.05081	0.01742	0.02376	0.01442	0.01889	0.01081	0.00615	0.00823	0.00237	0.01164	0.00812	0.00373	0.00981
53	0.06131	0.05808	0.49685	0.08183	0.06088	0.01726	0.04289	0.05914	0.01592	0.02380	0.01281	0.01539	0.00932	0.00682	0.00666	0.00223	0.00983	0.00542	0.00338	0.01018

[dist]
# distance from previous block
# <min> <max>
0	5

[block]
# block no. 3 follows, 29 sequences, length 26
# corresponding to MSA columns:
# 247-272
name=unknown_D
#
# <colnr> <probs for GDERKNQSTAVLIFYWHMCP>
#	G	D	E	R	K	N	Q	S	T	A	V	L	I	F	Y	W	H	M	C	P
0	0.08519	0.10091	0.33173	0.04945	0.12620	0.01751	0.11587	0.02157	0.01516	0.02264	0.01488	0.01758	0.03678	0.00697	0.00669	0.00219	0.00938	0.00602	0.00344	0.00983
1	0.01425	0.00933	0.01268	0.06657	0.12792	0.00961	0.00951	0.01707	0.01450	0.05971	0.02204	0.09222	0.01989	0.11644	0.01101	0.00273	0.02633	0.00836	0.35241	0.00742
2	0.01043	0.00881	0.00907	0.00871	0.01089	0.02758	0.00648	0.04647	0.01679	0.02075	0.11093	0.10185	0.48138	0.07281	0.01091	0.00276	0.02686	0.01381	0.00637	0.00636
3	0.06189	0.01833	0.01940	0.01509	0.02032	0.02026	0.01241	0.58461	0.03064	0.04245	0.01737	0.01778	0.01251	0.00843	0.00678	0.00209	0.00728	0.00631	0.08468	0.01136
4	0.01614	0.01068	0.01282	0.01158	0.01458	0.01095	0.00897	0.02480	0.24170	0.14019	0.30736	0.08480	0.04199	0.01264	0.00790	0.00236	0.00470	0.02911	0.00769	0.00905
5	0.01762	0.01692	0.02890	0.04371	0.70533	0.01692	0.02185	0.02185	0.01621	0.02326	0.01339	0.01762	0.01128	0.00634	0.00705	0.00211	0.00846	0.00634	0.00352	0.01128
6	0.01902	0.63134	0.10827	0.01344	0.01985	0.07140	0.01379	0.02191	0.01490	0.01741	0.01028	0.01190	0.00913	0.00624	0.00492	0.00162	0.00826	0.00401	0.00308	0.00923
7	0.02283	0.01012	0.01326	0.01085	0.01483	0.00885	0.00864	0.02544	0.01926	0.43095	0.17928	0.03792	0.12764	0.04608	0.00897	0.00246	0.00516	0.00968	0.00807	0.00971
8	0.00889	0.00631	0.00829	0.00969	0.01014	0.00592	0.00643	0.01014	0.01372	0.01839	0.07391	0.65111	0.04648	0.08059	0.01124	0.00318	0.00431	0.01904	0.00649	0.00572
9	0.01762	0.01692	0.02890	0.04371	0.70533	0.01692	0.02185	0.02185	0.01621	0.02326	0.01339	0.01762	0.01128	0.00634	0.00705	0.00211	0.00846	0.00634	0.00352	0.01128
10	0.01104	0.00792	0.00951	0.00953	0.01069	0.00782	0.00655	0.06887	0.01565	0.02104	0.15035	0.27629	0.09057	0.23365	0.04449	0.00418	0.00567	0.01397	0.00609	0.00610
11	0.02186	0.01348	0.01568	0.01320	0.01706	0.01393	0.01039	0.30860	0.02379	0.17810	0.02657	0.24505	0.02439	0.01287	0.00766	0.00237	0.00613	0.01088	0.03808	0.00993
12	0.00920	0.00692	0.00855	0.00909	0.01050	0.00627	0.00662	0.01135	0.01647	0.02178	0.24771	0.31336	0.22958	0.01866	0.00874	0.00259	0.00391	0.05554	0.00698	0.00617
13	0.01509	0.01153	0.01357	0.01242	0.01560	0.01211	0.03411	0.02531	0.31799	0.08081	0.03909	0.15602	0.16537	0.01361	0.00787	0.00249	0.00522	0.03574	0.02707	0.00899
14	0.02168	0.14617	0.07778	0.02101	0.13764	0.26783	0.01551	0.05837	0.01781	0.06452	0.01307	0.01548	0.01065	0.00971	0.04311	0.00247	0.05848	0.00533	0.00397	0.00942
15	0.01556	0.01339	0.01689	0.01248	0.01841	0.01111	0.05707	0.06508	0.04337	0.02468	0.01519	0.05544	0.01311	0.00666	0.00591	0.00138	0.00589	0.00570	0.00463	0.60803
16	0.00868	0.00620	0.00826	0.00991	0.01033	0.00578	0.00661	0.00991	0.01363	0.01818	0.03925	0.74510	0.04710	0.02231	0.00909	0.00289	0.00413	0.02024	0.00661	0.00578
17	0.01515	0.03017	0.47697	0.05023	0.12085	0.01683	0.14434	0.02235	0.01548	0.02254	0.01315	0.01627	0.00966	0.00658	0.00711	0.00227	0.01049	0.00601	0.00319	0.01036
18	0.02014	0.01631	0.01984	0.12876	0.15255	0.07745	0.01485	0.08073	0.21516	0.12023	0.02150	0.02491	0.01672	0.00889	0.00726	0.00231	0.00767	0.04858	0.00578	0.01038
19	0.01197	0.00903	0.01227	0.01226	0.01391	0.00897	0.04471	0.10378	0.01685	0.02246	0.03467	0.53027	0.03961	0.01923	0.00886	0.00280	0.00534	0.08955	0.00651	0.00695
20	0.00882	0.00630	0.00843	0.01008	0.01056	0.00591	0.00686	0.01017	0.01378	0.01834	0.03917	0.71068	0.04678	0.02217	0.00913	0.00291	0.00426	0.05324	0.00661	0.00582
21	0.47010	0.23063	0.08001	0.01155	0.01694	0.05203	0.01091	0.02153	0.01342	0.02607	0.01021	0.01189	0.00831	0.00651	0.00475	0.00199	0.00689	0.00400	0.00386	0.00839
22	0.01471	0.00832	0.01040	0.00936	0.01177	0.00783	0.00719	0.01874	0.05009	0.14139	0.42021	0.04171	0.04687	0.01210	0.00744	0.00212	0.00390	0.01043	0.16760	0.00781
23	0.01716	0.01834	0.07870	0.06873	0.58387	0.01692	0.06796	0.02182	0.01609	0.02298	0.01339	0.01760	0.01101	0.00638	0.00713	0.00216	0.00890	0.00641	0.00348	0.01097
24	0.02594	0.01815	0.01991	0.01549	0.02076	0.01988	0.01274	0.56884	0.03050	0.09358	0.01825	0.01863	0.01308	0.01144	0.05290	0.00272	0.00828	0.00655	0.03077	0.01158
25	0.21210	0.18113	0.02179	0.01380	0.01898	0.08058	0.01169	0.27804	0.06673	0.03223	0.01404	0.01477	0.01078	0.00751	0.00585	0.00201	0.00750	0.00517	0.00528	0.01001

[dist]
# distance from previous block
# <min> <max>
0	1

[block]
# block no. 4 follows, 29 sequences, length 15
# corresponding to MSA columns:
# 274-288
name=unknown_E
#
# <colnr> <probs for GDERKNQSTAVLIFYWHMCP>
#	G	D	E	R	K	N	Q	S	T	A	V	L	I	F	Y	W	H	M	C	P
0	0.06597	0.01408	0.01970	0.01580	0.02036	0.01409	0.13243	0.17322	0.05308	0.08821	0.07675	0.07279	0.05075	0.01090	0.00768	0.00233	0.00708	0.09542	0.00616	0.07320
1	0.19236	0.01862	0.01904	0.01488	0.02030	0.02078	0.01229	0.54032	0.02891	0.04211	0.01556	0.01591	0.01117	0.00813	0.00654	0.00215	0.00734	0.00586	0.00654	0.01117
2	0.04923	0.09600	0.02146	0.01508	0.02054	0.04329	0.01254	0.42839	0.10877	0.06795	0.01763	0.01754	0.01290	0.00817	0.00667	0.00205	0.00742	0.00612	0.00644	0.05183
3	0.01037	0.00679	0.00774	0.00796	0.00815	0.00673	0.00467	0.01080	0.01116	0.01543	0.02474	0.13785	0.02809	0.59263	0.03009	0.00594	0.00624	0.01137	0.06855	0.00470
4	0.01391	0.01329	0.02146	0.57698	0.04243	0.01713	0.01886	0.01796	0.01351	0.01796	0.01193	0.01824	0.00946	0.00828	0.01066	0.00253	0.16805	0.00631	0.00315	0.00788
5	0.00866	0.00722	0.00755	0.00747	0.00977	0.00612	0.00560	0.01069	0.01681	0.02060	0.16458	0.06628	0.60914	0.01752	0.00841	0.00238	0.00357	0.01471	0.00679	0.00612
6	0.01344	0.01229	0.02046	0.68847	0.04656	0.01526	0.01888	0.01810	0.01428	0.01870	0.01330	0.01944	0.01003	0.00719	0.00699	0.00233	0.00912	0.00635	0.05099	0.00783
7	0.00868	0.00620	0.00826	0.00991	0.01033	0.00578	0.00661	0.00991	0.01363	0.01818	0.03925	0.74510	0.04710	0.02231	0.00909	0.00289	0.00413	0.02024	0.00661	0.00578
8	0.01858	0.01510	0.01613	0.01438	0.01850	0.01727	0.01122	0.03765	0.65132	0.07145	0.02893	0.02642	0.02148	0.00961	0.00724	0.00240	0.00566	0.00800	0.00734	0.01132
9	0.01019	0.00757	0.01116	0.01116	0.01233	0.00875	0.00854	0.01253	0.01136	0.01632	0.01933	0.02942	0.01843	0.10747	0.66832	0.01109	0.01813	0.00784	0.00385	0.00620
10	0.02188	0.01839	0.07212	0.01548	0.02072	0.01863	0.01319	0.26666	0.35258	0.08685	0.02340	0.02210	0.01699	0.00897	0.00716	0.00229	0.00683	0.00718	0.00699	0.01158
11	0.01637	0.01737	0.07637	0.05061	0.09128	0.04130	0.09156	0.04652	0.01427	0.04010	0.01393	0.06150	0.01274	0.01259	0.04917	0.00312	0.34138	0.00732	0.00380	0.00869
12	0.02056	0.01465	0.01784	0.04866	0.07897	0.01505	0.01205	0.21931	0.12202	0.12196	0.10101	0.04745	0.02153	0.00920	0.00710	0.00208	0.00639	0.00766	0.00654	0.11997
13	0.01750	0.23975	0.08263	0.06175	0.17548	0.01913	0.01539	0.11702	0.01814	0.02393	0.05089	0.04511	0.04749	0.00889	0.00665	0.00208	0.00763	0.04649	0.00447	0.00959
14	0.02631	0.14387	0.02134	0.04425	0.05527	0.01515	0.01187	0.09023	0.01964	0.40553	0.02120	0.01998	0.01437	0.00782	0.00654	0.00199	0.00670	0.00618	0.00676	0.07500

[dist]
# distance from previous block
# <min> <max>
1	4

[block]
# block no. 5 follows, 29 sequences, length 9
# corresponding to MSA columns:
# 293-301
name=unknown_F
#
# <colnr> <probs for GDERKNQSTAVLIFYWHMCP>
#	G	D	E	R	K	N	Q	S	T	A	V	L	I	F	Y	W	H	M	C	P
0	0.06341	0.17618	0.12896	0.02030	0.06372	0.01891	0.20531	0.08334	0.01729	0.06108	0.01371	0.01607	0.01051	0.00650	0.00656	0.00200	0.00892	0.00594	0.00411	0.08718
1	0.12763	0.11478	0.02073	0.01753	0.08998	0.30270	0.01263	0.07878	0.01878	0.02356	0.07539	0.01718	0.01487	0.00764	0.00616	0.00190	0.00903	0.00547	0.00438	0.05087
2	0.08814	0.01481	0.07871	0.06548	0.01904	0.01383	0.01148	0.17916	0.07773	0.05974	0.10976	0.08263	0.07176	0.03478	0.00806	0.00241	0.00625	0.00886	0.05841	0.00897
3	0.01729	0.01300	0.01853	0.11943	0.02297	0.01340	0.08845	0.14003	0.04185	0.10235	0.14730	0.07788	0.08128	0.01084	0.00813	0.00228	0.02842	0.00944	0.00611	0.05103
4	0.04961	0.16009	0.44838	0.01896	0.07238	0.01780	0.02089	0.02153	0.01515	0.02233	0.04964	0.01648	0.01236	0.00697	0.00632	0.00206	0.00904	0.00539	0.00342	0.04119
5	0.12990	0.01634	0.01833	0.18803	0.11530	0.10076	0.01391	0.10134	0.09508	0.02466	0.01548	0.02031	0.01279	0.07675	0.01014	0.03312	0.00818	0.00634	0.00450	0.00874
6	0.14751	0.01974	0.01636	0.01535	0.05515	0.23350	0.01130	0.07323	0.11676	0.11025	0.02208	0.02215	0.07372	0.00876	0.00650	0.00210	0.00793	0.00653	0.04182	0.00925
7	0.17282	0.02089	0.16174	0.02029	0.02590	0.01851	0.21230	0.08205	0.01579	0.02539	0.01235	0.01589	0.00964	0.00790	0.01039	0.00246	0.16635	0.00623	0.00387	0.00925
8	0.32166	0.08510	0.10628	0.01222	0.01736	0.01654	0.01136	0.06822	0.12317	0.06572	0.01623	0.01708	0.01223	0.00750	0.00557	0.00212	0.00632	0.00535	0.09076	0.00919

[dist]
# distance from previous block
# <min> <max>
0	1

[block]
# block no. 6 follows, 29 sequences, length 7
# corresponding to MSA columns:
# 303-309
name=unknown_G
#
# <colnr> <probs for GDERKNQSTAVLIFYWHMCP>
#	G	D	E	R	K	N	Q	S	T	A	V	L	I	F	Y	W	H	M	C	P
0	0.07265	0.01685	0.01387	0.07262	0.01753	0.20686	0.00980	0.10225	0.01778	0.02417	0.01717	0.02279	0.01461	0.11381	0.01025	0.00261	0.00769	0.00636	0.24271	0.00761
1	0.01762	0.01692	0.02890	0.04371	0.70533	0.01692	0.02185	0.02185	0.01621	0.02326	0.01339	0.01762	0.01128	0.00634	0.00705	0.00211	0.00846	0.00634	0.00352	0.01128
2	0.01375	0.01270	0.02121	0.56609	0.12782	0.01511	0.01912	0.01827	0.01473	0.01918	0.01553	0.02562	0.01321	0.00841	0.00741	0.00244	0.00904	0.07859	0.00359	0.00818
3	0.01287	0.01203	0.01973	0.64897	0.04450	0.01469	0.01812	0.01727	0.01447	0.01831	0.01952	0.02470	0.08941	0.00838	0.00727	0.00238	0.00881	0.00733	0.00356	0.00769
4	0.01726	0.01655	0.02824	0.10378	0.64811	0.01682	0.02167	0.02153	0.01604	0.02282	0.01333	0.01774	0.01112	0.00641	0.00706	0.00214	0.00855	0.00634	0.00349	0.01099
5	0.01712	0.01359	0.01453	0.01282	0.01665	0.01488	0.01004	0.10493	0.41029	0.06084	0.06778	0.03553	0.16742	0.01150	0.00753	0.00236	0.00537	0.00953	0.00720	0.01008
6	0.33259	0.33515	0.02210	0.01052	0.01550	0.01989	0.00955	0.02062	0.01402	0.05896	0.01775	0.01848	0.08595	0.00777	0.00506	0.00193	0.00624	0.00525	0.00429	0.00837

[dist]
# distance from previous block
# <min> <max>
11	52

[block]
# block no. 7 follows, 29 sequences, length 41
# corresponding to MSA columns:
# 364-404
name=unknown_H
#
# <colnr> <probs for GDERKNQSTAVLIFYWHMCP>
#	G	D	E	R	K	N	Q	S	T	A	V	L	I	F	Y	W	H	M	C	P
0	0.01594	0.01423	0.02089	0.04448	0.04288	0.01351	0.13078	0.09580	0.01699	0.02443	0.01682	0.09277	0.01543	0.00868	0.00813	0.00193	0.06379	0.02953	0.00462	0.33836
1	0.01010	0.00883	0.03723	0.01249	0.03746	0.00768	0.05282	0.01195	0.01375	0.01835	0.03503	0.47029	0.07785	0.13083	0.01302	0.00341	0.00554	0.04136	0.00581	0.00623
2	0.07880	0.14301	0.44611	0.01959	0.07647	0.05585	0.02121	0.02284	0.01523	0.04148	0.01249	0.01453	0.00935	0.00671	0.00625	0.00210	0.00952	0.00502	0.00336	0.01007
3	0.01758	0.01725	0.02773	0.06686	0.52893	0.04747	0.06941	0.02289	0.06175	0.02314	0.01521	0.02034	0.01280	0.00707	0.00723	0.00219	0.00870	0.02883	0.00388	0.01072
4	0.01217	0.00894	0.01140	0.01097	0.04046	0.00836	0.00790	0.03933	0.04601	0.04910	0.51429	0.04701	0.09854	0.01326	0.00801	0.00217	0.00404	0.01159	0.00732	0.05912
5	0.13158	0.02099	0.01808	0.04594	0.09028	0.26362	0.01285	0.13456	0.01917	0.02473	0.01594	0.01872	0.03949	0.01481	0.11567	0.00348	0.01094	0.00594	0.00447	0.00875
6	0.01639	0.05639	0.41581	0.05267	0.14490	0.05332	0.08747	0.04961	0.01637	0.02297	0.01302	0.01587	0.00973	0.00671	0.00690	0.00220	0.01018	0.00575	0.00336	0.01036
7	0.01469	0.01235	0.01435	0.01035	0.01644	0.00935	0.00826	0.01786	0.01477	0.02337	0.01320	0.01537	0.01094	0.00543	0.00526	0.00109	0.00517	0.00434	0.04427	0.75315
8	0.01327	0.00664	0.00664	0.00664	0.00830	0.00664	0.00498	0.01659	0.01493	0.02655	0.02323	0.02655	0.01825	0.00830	0.00498	0.00166	0.00332	0.00664	0.78928	0.00664
9	0.01624	0.01388	0.01660	0.03875	0.01717	0.04129	0.01179	0.13294	0.01679	0.02384	0.02307	0.02620	0.11746	0.01328	0.04283	0.00288	0.30034	0.00767	0.12892	0.00806
10	0.00929	0.00652	0.00842	0.00970	0.01012	0.00624	0.00650	0.01042	0.01313	0.01746	0.03534	0.53298	0.04183	0.18539	0.01525	0.00382	0.00496	0.07105	0.00609	0.00552
11	0.01980	0.01696	0.11998	0.01407	0.01913	0.01445	0.01270	0.15279	0.18485	0.15825	0.12123	0.05414	0.05924	0.01042	0.00742	0.00229	0.00639	0.00862	0.00691	0.01037
12	0.01059	0.00764	0.00899	0.00890	0.01019	0.00747	0.00618	0.04541	0.01502	0.02014	0.13859	0.15328	0.17580	0.24550	0.08412	0.00465	0.00632	0.01262	0.03265	0.00593
13	0.01462	0.01225	0.01676	0.01481	0.01632	0.01456	0.04503	0.06851	0.06041	0.04488	0.06974	0.22302	0.02626	0.06045	0.01552	0.00304	0.26967	0.01110	0.00529	0.00775
14	0.01327	0.00664	0.00664	0.00664	0.00830	0.00664	0.00498	0.01659	0.01493	0.02655	0.02323	0.02655	0.01825	0.00830	0.00498	0.00166	0.00332	0.00664	0.78928	0.00664
15	0.01581	0.01390	0.01330	0.01238	0.01464	0.14678	0.00953	0.09298	0.01621	0.02159	0.01813	0.02421	0.01585	0.05544	0.35485	0.00668	0.01345	0.00683	0.14008	0.00736
16	0.01421	0.01355	0.02325	0.60150	0.14982	0.01607	0.04349	0.01892	0.01463	0.01914	0.01283	0.01878	0.00981	0.00696	0.00715	0.00233	0.00942	0.00640	0.00324	0.00849
17	0.04183	0.04365	0.01683	0.01417	0.01827	0.01670	0.01149	0.12310	0.40109	0.08020	0.02728	0.03225	0.02212	0.01074	0.00743	0.00245	0.00619	0.10666	0.00699	0.01054
18	0.01752	0.01489	0.01875	0.01389	0.01962	0.01375	0.06015	0.15467	0.01844	0.02712	0.01342	0.01564	0.01079	0.00661	0.00741	0.00155	0.06794	0.00515	0.00468	0.50801
19	0.00934	0.00767	0.00814	0.00811	0.01030	0.00688	0.00603	0.01226	0.05565	0.02031	0.11654	0.08509	0.52251	0.06516	0.01023	0.00273	0.00404	0.03614	0.00660	0.00628
20	0.01022	0.00745	0.01054	0.01054	0.01150	0.00841	0.00777	0.01214	0.01118	0.01586	0.01990	0.03255	0.01979	0.22457	0.55308	0.01033	0.01608	0.00830	0.00394	0.00586
21	0.00957	0.00702	0.00807	0.00836	0.00941	0.00654	0.00566	0.01081	0.01388	0.01788	0.10003	0.15438	0.24175	0.30944	0.01967	0.00431	0.00517	0.05684	0.00580	0.00540
22	0.54817	0.01375	0.01198	0.01031	0.01450	0.01550	0.00833	0.12148	0.01579	0.06201	0.01345	0.01622	0.01067	0.05699	0.00711	0.00248	0.00585	0.00499	0.05213	0.00828
23	0.80005	0.01377	0.01047	0.00936	0.01377	0.01597	0.00771	0.02093	0.01212	0.03195	0.00991	0.01157	0.00771	0.00661	0.00441	0.00220	0.00551	0.00386	0.00441	0.00771
24	0.01345	0.01266	0.02136	0.73264	0.04904	0.01582	0.01978	0.01819	0.01424	0.01819	0.01266	0.01898	0.00949	0.00712	0.00712	0.00237	0.00949	0.00633	0.00316	0.00791
25	0.01017	0.00763	0.01144	0.01144	0.01272	0.00890	0.00890	0.01272	0.01144	0.01653	0.01907	0.02797	0.01780	0.05340	0.72153	0.01144	0.01907	0.00763	0.00381	0.00636
26	0.00891	0.00637	0.00812	0.00941	0.00989	0.00597	0.00618	0.01000	0.01331	0.01758	0.03889	0.59298	0.08785	0.13314	0.01319	0.00347	0.00452	0.01838	0.00626	0.00557
27	0.01762	0.01692	0.02890	0.04371	0.70533	0.01692	0.02185	0.02185	0.01621	0.02326	0.01339	0.01762	0.01128	0.00634	0.00705	0.00211	0.00846	0.00634	0.00352	0.01128
28	0.01019	0.00755	0.01103	0.01103	0.01216	0.00868	0.00839	0.01245	0.01132	0.01622	0.01945	0.03006	0.01871	0.13149	0.64469	0.01093	0.01771	0.00793	0.00387	0.00613
29	0.02707	0.01995	0.02137	0.01638	0.02208	0.02208	0.01353	0.68159	0.03348	0.04488	0.01710	0.01710	0.01211	0.00855	0.00712	0.00214	0.00784	0.00641	0.00712	0.01211
30	0.01345	0.01266	0.02136	0.73264	0.04904	0.01582	0.01978	0.01819	0.01424	0.01819	0.01266	0.01898	0.00949	0.00712	0.00712	0.00237	0.00949	0.00633	0.00316	0.00791
31	0.02660	0.03394	0.02018	0.01834	0.02201	0.72116	0.01376	0.02843	0.02018	0.01743	0.01101	0.01284	0.00917	0.00734	0.00642	0.00183	0.01284	0.00459	0.00367	0.00825
32	0.01008	0.00728	0.00952	0.00896	0.01064	0.00672	0.00672	0.01344	0.02016	0.02855	0.70158	0.05319	0.06719	0.01456	0.00840	0.00224	0.00336	0.01288	0.00784	0.00672
33	0.02707	0.01995	0.02137	0.01638	0.02208	0.02208	0.01353	0.68159	0.03348	0.04488	0.01710	0.01710	0.01211	0.00855	0.00712	0.00214	0.00784	0.00641	0.00712	0.01211
34	0.01681	0.01921	0.04202	0.03001	0.03721	0.01801	0.67947	0.02281	0.01681	0.02281	0.01441	0.01921	0.01080	0.00600	0.00840	0.00240	0.01200	0.00840	0.00360	0.00960
35	0.02041	0.01664	0.01762	0.01504	0.01955	0.01897	0.01192	0.22378	0.50212	0.03415	0.02555	0.02383	0.01896	0.00934	0.00721	0.00233	0.00627	0.00758	0.00721	0.01151
36	0.01342	0.01159	0.01876	0.60454	0.04185	0.01420	0.01716	0.01791	0.01436	0.01967	0.01452	0.02032	0.01104	0.00733	0.00674	0.00225	0.00840	0.00638	0.14187	0.00769
37	0.01237	0.00618	0.00928	0.00928	0.00928	0.00618	0.00618	0.00928	0.00928	0.01237	0.01237	0.02165	0.01237	0.02474	0.02783	0.79283	0.00618	0.00618	0.00309	0.00309
38	0.00904	0.00730	0.00808	0.00808	0.01025	0.00634	0.00618	0.01132	0.01717	0.02159	0.21815	0.06580	0.50201	0.01734	0.00852	0.00243	0.00377	0.06348	0.00690	0.00622
39	0.00842	0.00721	0.00721	0.00721	0.00962	0.00601	0.00541	0.01022	0.01623	0.01924	0.07213	0.06853	0.70244	0.01803	0.00842	0.00240	0.00361	0.01503	0.00661	0.00601
40	0.07147	0.70434	0.03551	0.01199	0.01797	0.02736	0.01188	0.02130	0.01431	0.01777	0.00990	0.01143	0.00904	0.00613	0.00456	0.00157	0.00747	0.00381	0.00314	0.00904

[dist]
# distance from previous block
# <min> <max>
0	1

[block]
# block no. 8 follows, 29 sequences, length 70
# corresponding to MSA columns:
# 406-475
name=unknown_I
#
# <colnr> <probs for GDERKNQSTAVLIFYWHMCP>
#	G	D	E	R	K	N	Q	S	T	A	V	L	I	F	Y	W	H	M	C	P
0	0.01428	0.03683	0.71286	0.02030	0.03082	0.01654	0.02631	0.02255	0.01503	0.02255	0.01278	0.01503	0.00902	0.00677	0.00677	0.00226	0.01052	0.00526	0.00301	0.01052
1	0.01345	0.01266	0.02136	0.73264	0.04904	0.01582	0.01978	0.01819	0.01424	0.01819	0.01266	0.01898	0.00949	0.00712	0.00712	0.00237	0.00949	0.00633	0.00316	0.00791
2	0.01201	0.00895	0.01299	0.01577	0.07472	0.00895	0.01238	0.01537	0.01638	0.02148	0.03559	0.07488	0.03840	0.01851	0.00959	0.00318	0.00672	0.60087	0.00629	0.00697
3	0.80005	0.01377	0.01047	0.00936	0.01377	0.01597	0.00771	0.02093	0.01212	0.03195	0.00991	0.01157	0.00771	0.00661	0.00441	0.00220	0.00551	0.00386	0.00441	0.00771
4	0.01450	0.06907	0.68250	0.01993	0.03026	0.01706	0.02567	0.02250	0.01501	0.02229	0.01265	0.01487	0.00903	0.00673	0.00667	0.00222	0.01039	0.00520	0.00301	0.01046
5	0.03195	0.01212	0.01652	0.01267	0.01818	0.01047	0.01047	0.03470	0.02038	0.71026	0.02809	0.02424	0.01763	0.00881	0.00716	0.00220	0.00606	0.00716	0.00881	0.01212
6	0.02707	0.01995	0.02137	0.01638	0.02208	0.02208	0.01353	0.68159	0.03348	0.04488	0.01710	0.01710	0.01211	0.00855	0.00712	0.00214	0.00784	0.00641	0.00712	0.01211
7	0.00996	0.00727	0.00935	0.00883	0.01056	0.00667	0.00662	0.01320	0.01987	0.02787	0.65538	0.05432	0.11381	0.01481	0.00840	0.00225	0.00338	0.01304	0.00775	0.00667
8	0.01428	0.03683	0.71286	0.02030	0.03082	0.01654	0.02631	0.02255	0.01503	0.02255	0.01278	0.01503	0.00902	0.00677	0.00677	0.00226	0.01052	0.00526	0.00301	0.01052
9	0.01428	0.03683	0.71286	0.02030	0.03082	0.01654	0.02631	0.02255	0.01503	0.02255	0.01278	0.01503	0.00902	0.00677	0.00677	0.00226	0.01052	0.00526	0.00301	0.01052
10	0.00881	0.00757	0.00817	0.00886	0.03879	0.00646	0.00615	0.01069	0.01611	0.01936	0.06820	0.09680	0.64404	0.01774	0.00839	0.00241	0.00383	0.01490	0.00648	0.00622
11	0.00872	0.00702	0.00777	0.00802	0.00991	0.00607	0.00585	0.01064	0.01630	0.02043	0.16037	0.20249	0.47471	0.01837	0.00855	0.00248	0.00368	0.01575	0.00680	0.00607
12	0.73244	0.01377	0.01091	0.00966	0.01401	0.01586	0.00793	0.05013	0.01341	0.03238	0.03921	0.01356	0.01040	0.00703	0.00470	0.00220	0.00552	0.00435	0.00467	0.00787
13	0.57517	0.01673	0.01354	0.01157	0.01618	0.07563	0.00942	0.15902	0.01723	0.03344	0.01150	0.01282	0.00875	0.00707	0.00514	0.00216	0.00660	0.00445	0.00491	0.00867
14	0.05841	0.02465	0.01827	0.01579	0.01995	0.39736	0.01224	0.11540	0.02111	0.16192	0.01606	0.01682	0.01193	0.00950	0.03276	0.00231	0.01031	0.00552	0.04029	0.00938
15	0.00848	0.00722	0.00731	0.00729	0.00966	0.00604	0.00546	0.01035	0.01639	0.01962	0.09807	0.06790	0.67627	0.01789	0.00842	0.00240	0.00360	0.01494	0.00666	0.00604
16	0.00874	0.00623	0.00824	0.00983	0.01022	0.00583	0.00652	0.00993	0.01350	0.01800	0.03856	0.71670	0.04623	0.05189	0.01019	0.00305	0.00424	0.01984	0.00652	0.00572
17	0.01471	0.01305	0.01733	0.01256	0.01871	0.01022	0.07865	0.01808	0.01493	0.02294	0.01403	0.04785	0.01221	0.00611	0.00577	0.00128	0.00593	0.00537	0.00426	0.67601
