[name]
unknown

[dist]
# distance from previous block
# <min> <max>
0	8

[block]
# block no. 0 follows, 28 sequences, length 30
# corresponding to MSA columns:
# 8-37
name=unknown_A
#
# <colnr> <probs for GDERKNQSTAVLIFYWHMCP>
#	G	D	E	R	K	N	Q	S	T	A	V	L	I	F	Y	W	H	M	C	P
0	0.08354	0.01501	0.04520	0.01354	0.01866	0.03862	0.01146	0.09274	0.09828	0.38356	0.04355	0.02782	0.04232	0.00981	0.00728	0.00232	0.00658	0.04097	0.00765	0.01108
1	0.02273	0.05066	0.04387	0.01508	0.02027	0.04824	0.01260	0.31673	0.20410	0.07031	0.02298	0.02239	0.04384	0.00910	0.00706	0.00218	0.00716	0.00710	0.03511	0.03849
2	0.01771	0.02185	0.20947	0.01583	0.02252	0.05115	0.03516	0.10559	0.05996	0.05283	0.01695	0.06664	0.01401	0.00818	0.00716	0.00196	0.02692	0.00658	0.00481	0.25472
3	0.01513	0.09022	0.59011	0.01931	0.02920	0.01747	0.02415	0.02333	0.04348	0.02291	0.01351	0.01554	0.00984	0.00690	0.00667	0.00219	0.01002	0.00532	0.00332	0.05138
4	0.07227	0.05496	0.55475	0.02058	0.05380	0.01700	0.04984	0.02339	0.01547	0.05356	0.01352	0.01566	0.00966	0.00692	0.00676	0.00227	0.01006	0.00548	0.00348	0.01055
5	0.03221	0.01356	0.01721	0.01331	0.01886	0.03915	0.01094	0.05948	0.02131	0.65192	0.02756	0.02400	0.01744	0.00893	0.00728	0.00223	0.00653	0.00718	0.00872	0.01221
6	0.01834	0.01806	0.02938	0.04195	0.61809	0.04673	0.05305	0.02313	0.03711	0.02368	0.01410	0.01814	0.01172	0.00661	0.00724	0.00217	0.00891	0.00656	0.00372	0.01130
7	0.00896	0.00641	0.00853	0.01005	0.01057	0.00597	0.00676	0.01038	0.01440	0.01932	0.08747	0.69020	0.04956	0.02220	0.00923	0.00290	0.00416	0.02012	0.00684	0.00597
8	0.01566	0.09243	0.45205	0.02209	0.03089	0.01862	0.16775	0.02256	0.01538	0.02216	0.01290	0.01602	0.00965	0.00711	0.00835	0.00234	0.06458	0.00603	0.00322	0.01021
9	0.01327	0.01192	0.01836	0.21947	0.02666	0.01327	0.08077	0.01860	0.09262	0.02153	0.09541	0.18161	0.02672	0.04007	0.01049	0.00272	0.06988	0.01076	0.00513	0.04072
10	0.01050	0.00702	0.00795	0.00802	0.00804	0.00700	0.00451	0.01055	0.01072	0.01429	0.02365	0.07778	0.02737	0.71304	0.03579	0.00687	0.00692	0.01101	0.00451	0.00447
11	0.00914	0.00654	0.00874	0.01026	0.01085	0.00613	0.00707	0.01069	0.01458	0.01953	0.08737	0.64849	0.04916	0.02203	0.00928	0.00293	0.00432	0.06004	0.00683	0.00602
12	0.01779	0.15149	0.11060	0.02507	0.03214	0.02000	0.42738	0.02313	0.01636	0.04680	0.01395	0.01773	0.01071	0.00668	0.00845	0.00231	0.04868	0.00724	0.00368	0.00982
13	0.01263	0.00631	0.00947	0.00947	0.00947	0.00631	0.00631	0.00947	0.00947	0.01263	0.01263	0.02210	0.01263	0.02525	0.02841	0.78851	0.00631	0.00631	0.00316	0.00316
14	0.00886	0.00633	0.00843	0.01012	0.01054	0.00590	0.00675	0.01012	0.01392	0.01856	0.04006	0.73979	0.04808	0.02277	0.00928	0.00295	0.00422	0.02066	0.00675	0.00590
15	0.01661	0.02115	0.12889	0.03060	0.13595	0.01752	0.46119	0.02258	0.01669	0.02313	0.01533	0.04727	0.01232	0.00694	0.00817	0.00241	0.01119	0.00831	0.00370	0.01003
16	0.01384	0.00808	0.01071	0.00996	0.01211	0.00735	0.00749	0.01679	0.01948	0.14214	0.47012	0.16630	0.05648	0.01521	0.00848	0.00239	0.00403	0.01344	0.00796	0.00763
17	0.02715	0.03464	0.02060	0.01873	0.02247	0.71536	0.01404	0.02903	0.02060	0.01779	0.01124	0.01311	0.00936	0.00749	0.00655	0.00187	0.01311	0.00468	0.00375	0.00843
18	0.53471	0.01428	0.01583	0.16945	0.07563	0.01643	0.03797	0.02091	0.01335	0.02850	0.01119	0.01424	0.00867	0.00682	0.00547	0.00229	0.00700	0.00487	0.00412	0.00827
19	0.04775	0.00997	0.01310	0.01093	0.01457	0.00897	0.00868	0.02415	0.02040	0.34538	0.35963	0.03900	0.04281	0.01184	0.00784	0.00227	0.00480	0.01010	0.00835	0.00947
20	0.01535	0.10256	0.56315	0.02114	0.03104	0.01819	0.10390	0.02293	0.01551	0.02249	0.01297	0.01552	0.00944	0.00675	0.00690	0.00225	0.01065	0.00562	0.00315	0.01050
21	0.00900	0.00639	0.00839	0.00994	0.01032	0.00600	0.00655	0.01016	0.01363	0.01818	0.03861	0.68114	0.04624	0.08393	0.01163	0.00330	0.00446	0.01981	0.00655	0.00578
22	0.04167	0.01269	0.02074	0.66972	0.04695	0.01574	0.01908	0.01860	0.01449	0.01945	0.01330	0.01945	0.01002	0.00730	0.00707	0.00238	0.00927	0.00638	0.03769	0.00801
23	0.79588	0.01406	0.01068	0.00956	0.01406	0.01631	0.00787	0.02137	0.01237	0.03261	0.01012	0.01181	0.00787	0.00675	0.00450	0.00225	0.00562	0.00394	0.00450	0.00787
24	0.01355	0.00678	0.00678	0.00678	0.00847	0.00678	0.00508	0.01694	0.01524	0.02710	0.02371	0.02710	0.01863	0.00847	0.00508	0.00169	0.00339	0.00678	0.78489	0.00678
25	0.01941	0.05084	0.06972	0.16074	0.21654	0.17641	0.04981	0.04881	0.09422	0.02264	0.01480	0.01782	0.01167	0.00733	0.00704	0.00218	0.00978	0.00619	0.00408	0.00997
26	0.00859	0.00736	0.00736	0.00736	0.00982	0.00614	0.00552	0.01043	0.01657	0.01964	0.07364	0.06996	0.69624	0.01841	0.00859	0.00245	0.00368	0.01534	0.00675	0.00614
27	0.01954	0.02020	0.02800	0.04025	0.58504	0.13503	0.02091	0.02344	0.01723	0.02274	0.01326	0.01717	0.01115	0.00665	0.00709	0.00211	0.00939	0.00617	0.00362	0.01099
28	0.01177	0.00860	0.01228	0.01191	0.01345	0.00988	0.00925	0.06065	0.01317	0.01870	0.01889	0.02734	0.01740	0.04935	0.62089	0.06025	0.01781	0.00760	0.00409	0.00670
29	0.02172	0.01465	0.01550	0.01255	0.01663	0.01592	0.01015	0.39858	0.02622	0.03795	0.02008	0.02150	0.01500	0.00862	0.00635	0.00198	0.00606	0.00664	0.33388	0.01002

[dist]
# distance from previous block
# <min> <max>
0	3

[block]
# block no. 1 follows, 28 sequences, length 11
# corresponding to MSA columns:
# 41-51
name=unknown_B
#
# <colnr> <probs for GDERKNQSTAVLIFYWHMCP>
#	G	D	E	R	K	N	Q	S	T	A	V	L	I	F	Y	W	H	M	C	P
0	0.02055	0.04621	0.02170	0.08239	0.10352	0.12163	0.04026	0.16862	0.17109	0.02828	0.01840	0.04386	0.01472	0.00839	0.00704	0.00213	0.00827	0.00690	0.00540	0.08066
1	0.01749	0.01676	0.02860	0.12509	0.62265	0.01714	0.02206	0.02187	0.01631	0.02314	0.01358	0.01815	0.01130	0.00657	0.00720	0.00219	0.00876	0.00647	0.00355	0.01111
2	0.79588	0.01406	0.01068	0.00956	0.01406	0.01631	0.00787	0.02137	0.01237	0.03261	0.01012	0.01181	0.00787	0.00675	0.00450	0.00225	0.00562	0.00394	0.00450	0.00787
3	0.01073	0.00709	0.00814	0.00814	0.00834	0.00718	0.00480	0.01113	0.01093	0.01507	0.02269	0.04493	0.02535	0.64925	0.08609	0.00708	0.00776	0.01014	0.05045	0.00470
4	0.79588	0.01406	0.01068	0.00956	0.01406	0.01631	0.00787	0.02137	0.01237	0.03261	0.01012	0.01181	0.00787	0.00675	0.00450	0.00225	0.00562	0.00394	0.00450	0.00787
5	0.00882	0.00723	0.00777	0.00793	0.01003	0.00619	0.00584	0.01076	0.01666	0.02055	0.13844	0.15765	0.53976	0.01860	0.00868	0.00250	0.00373	0.01581	0.00689	0.00619
6	0.01038	0.00714	0.00818	0.00818	0.00850	0.00713	0.00488	0.01075	0.01120	0.01482	0.02720	0.04806	0.08613	0.62361	0.08901	0.00701	0.00774	0.01078	0.00457	0.00473
7	0.02560	0.01558	0.01788	0.01412	0.01878	0.01634	0.01131	0.36945	0.02591	0.21876	0.02143	0.02457	0.01632	0.12423	0.04303	0.00337	0.00786	0.00743	0.00715	0.01088
8	0.02581	0.06997	0.10214	0.01589	0.02212	0.01927	0.01436	0.35548	0.08472	0.18629	0.01999	0.01928	0.01390	0.00850	0.00707	0.00219	0.00771	0.00654	0.00689	0.01189
9	0.08018	0.11056	0.08454	0.02065	0.12263	0.27156	0.01540	0.06648	0.11654	0.02372	0.01461	0.01609	0.01161	0.00750	0.00647	0.00205	0.00966	0.00549	0.00439	0.00985
10	0.12066	0.29360	0.07154	0.01500	0.02022	0.06443	0.03940	0.06667	0.04725	0.08425	0.01353	0.01514	0.01080	0.00782	0.00805	0.00210	0.10035	0.00522	0.00436	0.00960

[dist]
# distance from previous block
# <min> <max>
0	6

[block]
# block no. 2 follows, 28 sequences, length 121
# corresponding to MSA columns:
# 58-147,150-180
name=unknown_C
#
# <colnr> <probs for GDERKNQSTAVLIFYWHMCP>
#	G	D	E	R	K	N	Q	S	T	A	V	L	I	F	Y	W	H	M	C	P
0	0.02031	0.09259	0.04375	0.01244	0.01692	0.01336	0.01055	0.04513	0.09890	0.23189	0.18807	0.02978	0.02883	0.03048	0.00851	0.00226	0.02902	0.00817	0.00689	0.08214
1	0.02414	0.05512	0.06768	0.05967	0.02383	0.04750	0.01446	0.45994	0.06147	0.03805	0.01693	0.01768	0.01235	0.00828	0.00697	0.00212	0.00813	0.00627	0.03023	0.03918
2	0.01988	0.70791	0.03709	0.01280	0.01888	0.06817	0.01253	0.02218	0.01510	0.01714	0.01017	0.01174	0.00933	0.00629	0.00477	0.00157	0.00808	0.00393	0.00315	0.00928
3	0.65569	0.12422	0.03667	0.01034	0.01529	0.01818	0.00915	0.02148	0.01282	0.03000	0.01021	0.01190	0.00813	0.00667	0.00460	0.00215	0.00610	0.00397	0.00425	0.00818
4	0.00972	0.00741	0.00893	0.00855	0.01051	0.00662	0.00641	0.01261	0.01923	0.02595	0.48651	0.05956	0.27943	0.01605	0.00858	0.00234	0.00351	0.01388	0.00758	0.00662
5	0.01006	0.00733	0.00929	0.01012	0.01118	0.00683	0.00696	0.02946	0.01464	0.01971	0.05898	0.54496	0.06396	0.08798	0.01154	0.00317	0.00469	0.03744	0.00643	0.05528
6	0.00910	0.00650	0.00870	0.01027	0.01083	0.00610	0.00706	0.01059	0.01440	0.01925	0.07093	0.66720	0.04866	0.02223	0.00929	0.00294	0.00433	0.05879	0.00680	0.00600
7	0.01091	0.00758	0.00985	0.00920	0.01106	0.00695	0.00693	0.01427	0.02044	0.04957	0.65261	0.05395	0.08948	0.01481	0.00854	0.00229	0.00352	0.01304	0.00799	0.00700
8	0.01170	0.00769	0.01001	0.00927	0.01121	0.00707	0.00701	0.01509	0.02038	0.06782	0.63067	0.05153	0.06372	0.01427	0.00836	0.00226	0.00359	0.01256	0.03862	0.00717
9	0.01507	0.01292	0.01507	0.01077	0.01723	0.00969	0.00861	0.01830	0.01507	0.02369	0.01292	0.01507	0.01077	0.00538	0.00538	0.00108	0.00538	0.00431	0.00431	0.78898
10	0.00886	0.00633	0.00843	0.01012	0.01054	0.00590	0.00675	0.01012	0.01392	0.01856	0.04006	0.73979	0.04808	0.02277	0.00928	0.00295	0.00422	0.02066	0.00675	0.00590
11	0.04717	0.62475	0.09482	0.01337	0.01980	0.06146	0.01362	0.02222	0.01502	0.01821	0.01042	0.01206	0.00927	0.00636	0.00495	0.00166	0.00822	0.00406	0.00319	0.00936
12	0.00886	0.00633	0.00843	0.01012	0.01054	0.00590	0.00675	0.01012	0.01392	0.01856	0.04006	0.73979	0.04808	0.02277	0.00928	0.00295	0.00422	0.02066	0.00675	0.00590
13	0.03261	0.01237	0.01687	0.01293	0.01856	0.01068	0.01068	0.03543	0.02081	0.70423	0.02868	0.02474	0.01799	0.00900	0.00731	0.00225	0.00619	0.00731	0.00900	0.01237
14	0.00859	0.00736	0.00736	0.00736	0.00982	0.00614	0.00552	0.01043	0.01657	0.01964	0.07364	0.06996	0.69624	0.01841	0.00859	0.00245	0.00368	0.01534	0.00675	0.00614
15	0.01808	0.01561	0.01644	0.01479	0.01890	0.01808	0.01151	0.03863	0.68606	0.03041	0.02959	0.02712	0.02219	0.00986	0.00740	0.00247	0.00575	0.00822	0.00740	0.01151
16	0.01507	0.01292	0.01507	0.01077	0.01723	0.00969	0.00861	0.01830	0.01507	0.02369	0.01292	0.01507	0.01077	0.00538	0.00538	0.00108	0.00538	0.00431	0.00431	0.78898
17	0.01171	0.00837	0.01171	0.01339	0.01506	0.00837	0.01171	0.01506	0.01673	0.02175	0.03849	0.08199	0.04183	0.02008	0.01004	0.00335	0.00669	0.65027	0.00669	0.00669
18	0.03576	0.01316	0.02150	0.68705	0.04829	0.01634	0.01967	0.03729	0.01503	0.01973	0.01297	0.01912	0.00972	0.00729	0.00719	0.00241	0.00953	0.00639	0.00338	0.00819
19	0.01029	0.00743	0.00972	0.00914	0.01086	0.00686	0.00686	0.01372	0.02058	0.02915	0.69536	0.05430	0.06859	0.01486	0.00857	0.00229	0.00343	0.01315	0.00800	0.00686
20	0.00886	0.00633	0.00843	0.01012	0.01054	0.00590	0.00675	0.01012	0.01392	0.01856	0.04006	0.73979	0.04808	0.02277	0.00928	0.00295	0.00422	0.02066	0.00675	0.00590
21	0.01692	0.02128	0.10469	0.02971	0.03738	0.01824	0.61268	0.02326	0.01699	0.02326	0.01455	0.01921	0.01086	0.00620	0.00842	0.00244	0.01211	0.00828	0.00362	0.00989
22	0.01920	0.71530	0.06969	0.01283	0.01926	0.02820	0.01312	0.02183	0.01480	0.01738	0.01024	0.01183	0.00932	0.00625	0.00477	0.00159	0.00791	0.00396	0.00311	0.00940
23	0.01507	0.01292	0.01507	0.01077	0.01723	0.00969	0.00861	0.01830	0.01507	0.02369	0.01292	0.01507	0.01077	0.00538	0.00538	0.00108	0.00538	0.00431	0.00431	0.78898
24	0.00904	0.00646	0.00832	0.00974	0.01021	0.00604	0.00642	0.01019	0.01367	0.01811	0.03980	0.62837	0.07791	0.10396	0.01237	0.00339	0.00451	0.01926	0.00648	0.00575
25	0.00896	0.00662	0.00848	0.00982	0.01066	0.00614	0.00679	0.01044	0.01438	0.01879	0.04501	0.57893	0.15716	0.02305	0.03395	0.00319	0.00474	0.04027	0.00665	0.00599
26	0.79588	0.01406	0.01068	0.00956	0.01406	0.01631	0.00787	0.02137	0.01237	0.03261	0.01012	0.01181	0.00787	0.00675	0.00450	0.00225	0.00562	0.00394	0.00450	0.00787
27	0.01714	0.01341	0.01567	0.01133	0.01769	0.01067	0.00912	0.06597	0.01681	0.07106	0.01430	0.01589	0.01137	0.00586	0.00565	0.00123	0.00562	0.00467	0.00483	0.68169
28	0.01555	0.03306	0.58804	0.01907	0.02879	0.01557	0.02377	0.02308	0.01594	0.06721	0.04802	0.01788	0.01282	0.00735	0.00693	0.00223	0.00978	0.00582	0.00377	0.05533
29	0.01355	0.00678	0.00678	0.00678	0.00847	0.00678	0.00508	0.01694	0.01524	0.02710	0.02371	0.02710	0.01863	0.00847	0.00508	0.00169	0.00339	0.00678	0.78489	0.00678
30	0.01541	0.01447	0.02461	0.57172	0.04603	0.01701	0.10649	0.07709	0.01662	0.02160	0.01356	0.01924	0.01010	0.00724	0.00744	0.00241	0.00988	0.00675	0.00365	0.00868
31	0.03025	0.01369	0.01896	0.01746	0.10948	0.01254	0.01249	0.08671	0.02135	0.55906	0.02575	0.02324	0.01666	0.00864	0.00729	0.00223	0.00666	0.00714	0.00814	0.01226
32	0.01134	0.00810	0.01129	0.01296	0.01448	0.00805	0.01107	0.01442	0.01637	0.02134	0.03869	0.16717	0.04264	0.02043	0.00994	0.00330	0.00637	0.56874	0.00670	0.00659
33	0.01045	0.00710	0.00842	0.00852	0.00870	0.00723	0.00512	0.01084	0.01090	0.01469	0.02347	0.08496	0.02665	0.61807	0.11905	0.00738	0.00842	0.01081	0.00448	0.00475
34	0.04299	0.03547	0.63466	0.02102	0.03130	0.01697	0.07196	0.02298	0.01537	0.02339	0.01306	0.01552	0.00929	0.00685	0.00694	0.00231	0.01067	0.00555	0.00316	0.01057
35	0.01527	0.07976	0.56591	0.02167	0.03163	0.01785	0.12207	0.02298	0.01558	0.02269	0.01311	0.01575	0.00949	0.00675	0.00701	0.00228	0.01078	0.00576	0.00316	0.01051
36	0.79588	0.01406	0.01068	0.00956	0.01406	0.01631	0.00787	0.02137	0.01237	0.03261	0.01012	0.01181	0.00787	0.00675	0.00450	0.00225	0.00562	0.00394	0.00450	0.00787
37	0.01600	0.18362	0.44570	0.02022	0.02905	0.01983	0.10922	0.02253	0.01527	0.02155	0.01248	0.01517	0.00949	0.00693	0.00746	0.00221	0.04436	0.00553	0.00316	0.01019
38	0.01029	0.00743	0.00972	0.00914	0.01086	0.00686	0.00686	0.01372	0.02058	0.02915	0.69536	0.05430	0.06859	0.01486	0.00857	0.00229	0.00343	0.01315	0.00800	0.00686
39	0.01943	0.74891	0.03809	0.01244	0.01866	0.02876	0.01244	0.02177	0.01477	0.01710	0.01011	0.01166	0.00933	0.00622	0.00466	0.00155	0.00777	0.00389	0.00311	0.00933
40	0.01943	0.74891	0.03809	0.01244	0.01866	0.02876	0.01244	0.02177	0.01477	0.01710	0.01011	0.01166	0.00933	0.00622	0.00466	0.00155	0.00777	0.00389	0.00311	0.00933
41	0.01373	0.01292	0.02180	0.72707	0.05006	0.01615	0.02019	0.01857	0.01453	0.01857	0.01292	0.01938	0.00969	0.00727	0.00727	0.00242	0.00969	0.00646	0.00323	0.00807
42	0.01004	0.00682	0.00808	0.00861	0.00874	0.00669	0.00513	0.01043	0.01161	0.01547	0.02821	0.26158	0.03312	0.52140	0.02843	0.00578	0.00617	0.01369	0.00513	0.00487
43	0.00886	0.00633	0.00843	0.01012	0.01054	0.00590	0.00675	0.01012	0.01392	0.01856	0.04006	0.73979	0.04808	0.02277	0.00928	0.00295	0.00422	0.02066	0.00675	0.00590
44	0.01060	0.00801	0.01016	0.01124	0.01319	0.00757	0.00950	0.01341	0.01667	0.02100	0.05104	0.07769	0.27562	0.01948	0.00952	0.00303	0.00562	0.42344	0.00671	0.00649
45	0.01060	0.00881	0.00950	0.00947	0.01199	0.00840	0.00731	0.01577	0.12886	0.02196	0.08320	0.09688	0.45673	0.01725	0.00858	0.00257	0.00438	0.08374	0.00690	0.00711
46	0.00886	0.00633	0.00843	0.01012	0.01054	0.00590	0.00675	0.01012	0.01392	0.01856	0.04006	0.73979	0.04808	0.02277	0.00928	0.00295	0.00422	0.02066	0.00675	0.00590
47	0.01038	0.00702	0.00821	0.00839	0.00851	0.00705	0.00494	0.01067	0.01099	0.01473	0.02449	0.11889	0.02819	0.62679	0.07558	0.00690	0.00751	0.01146	0.00462	0.00469
48	0.00886	0.00633	0.00843	0.01012	0.01054	0.00590	0.00675	0.01012	0.01392	0.01856	0.04006	0.73979	0.04808	0.02277	0.00928	0.00295	0.00422	0.02066	0.00675	0.00590
49	0.01728	0.01479	0.01577	0.01443	0.01830	0.01695	0.01131	0.03590	0.61328	0.02939	0.03179	0.03266	0.04742	0.01091	0.00763	0.00253	0.00575	0.05562	0.00732	0.01096
50	0.01021	0.00728	0.00942	0.00936	0.01067	0.00684	0.00680	0.01289	0.01813	0.02529	0.47941	0.14849	0.05868	0.11268	0.01251	0.00307	0.00420	0.05040	0.00728	0.00639
51	0.01458	0.03760	0.70688	0.02072	0.03146	0.01688	0.02686	0.02302	0.01535	0.02302	0.01304	0.01535	0.00921	0.00691	0.00691	0.00230	0.01074	0.00537	0.00307	0.01074
52	0.01478	0.01379	0.02188	0.57298	0.04350	0.01749	0.01915	0.05108	0.01494	0.01975	0.01258	0.01870	0.00980	0.00825	0.01005	0.00254	0.13059	0.00645	0.00342	0.00827
53	0.00889	0.00641	0.00842	0.00995	0.01052	0.00595	0.00669	0.01025	0.01425	0.01894	0.06196	0.68528	0.08099	0.02231	0.00922	0.00291	0.00417	0.02017	0.00679	0.00595
54	0.01373	0.01292	0.02180	0.72707	0.05006	0.01615	0.02019	0.01857	0.01453	0.01857	0.01292	0.01938	0.00969	0.00727	0.00727	0.00242	0.00969	0.00646	0.00323	0.00807
55	0.01672	0.02044	0.16396	0.03221	0.39619	0.01604	0.04597	0.05855	0.01727	0.02442	0.01990	0.02267	0.08112	0.00785	0.00725	0.00218	0.00851	0.00714	0.00406	0.04752
56	0.02510	0.06046	0.02158	0.02055	0.08658	0.58726	0.01443	0.02720	0.01966	0.01837	0.01279	0.04785	0.01140	0.00806	0.00667	0.00194	0.01204	0.00558	0.00385	0.00864
57	0.02763	0.02036	0.02182	0.01672	0.02254	0.02254	0.01382	0.67496	0.03418	0.04581	0.01745	0.01745	0.01236	0.00873	0.00727	0.00218	0.00800	0.00654	0.00727	0.01236
58	0.02385	0.01792	0.01941	0.01546	0.02056	0.01952	0.01250	0.49531	0.10249	0.03991	0.02088	0.09401	0.01708	0.01012	0.00738	0.00223	0.00720	0.00807	0.00705	0.05906
59	0.01263	0.00631	0.00947	0.00947	0.00947	0.00631	0.00631	0.00947	0.00947	0.01263	0.01263	0.02210	0.01263	0.02525	0.02841	0.78851	0.00631	0.00631	0.00316	0.00316
60	0.01782	0.01710	0.02920	0.07147	0.67366	0.01723	0.02223	0.02216	0.01647	0.02354	0.01364	0.01805	0.01144	0.00651	0.00720	0.00217	0.00868	0.00648	0.00358	0.01138
61	0.01507	0.01292	0.01507	0.01077	0.01723	0.00969	0.00861	0.01830	0.01507	0.02369	0.01292	0.01507	0.01077	0.00538	0.00538	0.00108	0.00538	0.00431	0.00431	0.78898
62	0.01038	0.00779	0.01168	0.01168	0.01298	0.00909	0.00909	0.01298	0.01168	0.01687	0.01947	0.02856	0.01817	0.05452	0.71573	0.01168	0.01947	0.00779	0.00389	0.00649
63	0.00914	0.00645	0.00835	0.00975	0.01010	0.00610	0.00635	0.01020	0.01336	0.01781	0.03719	0.62372	0.04445	0.14380	0.01393	0.00364	0.00469	0.01897	0.00635	0.00565
64	0.01991	0.70525	0.03702	0.01282	0.01889	0.07073	0.01254	0.02221	0.01513	0.01714	0.01017	0.01175	0.00933	0.00630	0.00478	0.00157	0.00810	0.00394	0.00315	0.00927
65	0.01138	0.00819	0.01126	0.01269	0.01437	0.00808	0.01091	0.01460	0.01693	0.02210	0.08852	0.09723	0.07655	0.01969	0.00984	0.00321	0.00624	0.55476	0.00679	0.00666
66	0.00889	0.00641	0.00836	0.00990	0.01042	0.00595	0.00661	0.01015	0.01397	0.01848	0.04147	0.68025	0.08462	0.04452	0.01008	0.00305	0.00427	0.02005	0.00668	0.00587
67	0.01507	0.01292	0.01507	0.01077	0.01723	0.00969	0.00861	0.01830	0.01507	0.02369	0.01292	0.01507	0.01077	0.00538	0.00538	0.00108	0.00538	0.00431	0.00431	0.78898
68	0.01863	0.01696	0.01644	0.01481	0.01877	0.08232	0.01146	0.05858	0.55546	0.02902	0.02937	0.04946	0.04581	0.01032	0.00742	0.00242	0.00639	0.00848	0.00701	0.01088
69	0.01804	0.01643	0.04359	0.17046	0.06803	0.01805	0.01483	0.10096	0.40668	0.02884	0.02313	0.02344	0.01733	0.00887	0.00733	0.00240	0.00720	0.00745	0.00610	0.01083
70	0.01056	0.00709	0.00816	0.00816	0.00824	0.00717	0.00469	0.01072	0.01064	0.01426	0.02269	0.04641	0.02592	0.70236	0.07848	0.00733	0.00781	0.01040	0.00437	0.00453
71	0.74890	0.01532	0.01129	0.01012	0.01457	0.05904	0.00825	0.02184	0.01287	0.03171	0.01019	0.01189	0.00796	0.00679	0.00462	0.00223	0.00608	0.00398	0.00445	0.00791
72	0.02688	0.03225	0.02059	0.01834	0.02235	0.60760	0.01392	0.10594	0.04668	0.02158	0.01265	0.01414	0.01019	0.00772	0.00667	0.00193	0.01223	0.00503	0.00430	0.00901
73	0.01519	0.01303	0.01513	0.01093	0.01729	0.01003	0.00873	0.01912	0.04215	0.02396	0.01359	0.01556	0.01123	0.00556	0.00546	0.00113	0.00540	0.00446	0.00443	0.75761
74	0.00891	0.00636	0.00848	0.01009	0.01055	0.00594	0.00675	0.01025	0.01415	0.01893	0.06319	0.71560	0.04880	0.02249	0.00925	0.00293	0.00419	0.02040	0.00679	0.00594
75	0.01266	0.00633	0.00938	0.00938	0.00944	0.00633	0.00627	0.00970	0.00965	0.01308	0.01298	0.02225	0.01282	0.02472	0.02767	0.76373	0.00622	0.00633	0.02777	0.00327
76	0.01057	0.00705	0.00793	0.00793	0.00793	0.00705	0.00440	0.01057	0.01057	0.01409	0.02290	0.04757	0.02643	0.74454	0.03700	0.00705	0.00705	0.01057	0.00440	0.00440
77	0.02266	0.01877	0.01877	0.01568	0.02041	0.07430	0.01256	0.33019	0.28631	0.03586	0.02444	0.02488	0.04205	0.00979	0.00740	0.00232	0.00732	0.02799	0.00700	0.01131
78	0.01834	0.57553	0.16064	0.01435	0.02104	0.02620	0.01530	0.02175	0.01467	0.01822	0.01062	0.01258	0.00932	0.00672	0.00618	0.00179	0.04985	0.00430	0.00311	0.00951
79	0.01936	0.67350	0.08485	0.01324	0.01970	0.05198	0.01352	0.02211	0.01502	0.01755	0.01035	0.01197	0.00932	0.00631	0.00489	0.00162	0.00817	0.00402	0.00313	0.00940
80	0.01513	0.11857	0.63075	0.01978	0.03000	0.01823	0.02522	0.02288	0.01528	0.02235	0.01271	0.01493	0.00922	0.00683	0.00665	0.00222	0.01040	0.00520	0.00307	0.01058
81	0.00931	0.00666	0.00828	0.00927	0.00988	0.00625	0.00608	0.01045	0.01377	0.01820	0.07487	0.47274	0.11047	0.19029	0.01564	0.00382	0.00478	0.01736	0.00627	0.00563
82	0.01022	0.00844	0.01354	0.01381	0.03699	0.00790	0.09301	0.01223	0.01452	0.01938	0.03715	0.59836	0.06592	0.01993	0.00909	0.00284	0.00538	0.01844	0.00625	0.00660
83	0.01458	0.03760	0.70688	0.02072	0.03146	0.01688	0.02686	0.02302	0.01535	0.02302	0.01304	0.01535	0.00921	0.00691	0.00691	0.00230	0.01074	0.00537	0.00307	0.01074
84	0.00886	0.00633	0.00843	0.01012	0.01054	0.00590	0.00675	0.01012	0.01392	0.01856	0.04006	0.73979	0.04808	0.02277	0.00928	0.00295	0.00422	0.02066	0.00675	0.00590
85	0.01778	0.01765	0.02722	0.18629	0.51222	0.06902	0.02125	0.02202	0.01643	0.02222	0.01333	0.01792	0.01097	0.00672	0.00716	0.00219	0.00919	0.00634	0.00353	0.01056
86	0.79588	0.01406	0.01068	0.00956	0.01406	0.01631	0.00787	0.02137	0.01237	0.03261	0.01012	0.01181	0.00787	0.00675	0.00450	0.00225	0.00562	0.00394	0.00450	0.00787
87	0.01808	0.01561	0.01644	0.01479	0.01890	0.01808	0.01151	0.03863	0.68606	0.03041	0.02959	0.02712	0.02219	0.00986	0.00740	0.00247	0.00575	0.00822	0.00740	0.01151
88	0.02201	0.01879	0.01744	0.01533	0.01963	0.14302	0.01194	0.05987	0.45326	0.11865	0.02571	0.02392	0.01895	0.00928	0.00723	0.00232	0.00722	0.00740	0.00695	0.01110
89	0.00891	0.00637	0.00848	0.01009	0.01055	0.00594	0.00675	0.01025	0.01416	0.01895	0.06416	0.71459	0.04883	0.02248	0.00925	0.00293	0.00419	0.02039	0.00679	0.00594
90	0.01113	0.00884	0.01291	0.01248	0.01354	0.01074	0.00976	0.01346	0.01155	0.01682	0.01832	0.02781	0.01743	0.08329	0.58953	0.01032	0.11392	0.00774	0.00382	0.00658
91	0.01450	0.04831	0.02302	0.56508	0.07678	0.01762	0.01936	0.01877	0.01419	0.01862	0.01237	0.01848	0.00974	0.00790	0.00935	0.00247	0.10559	0.00633	0.00324	0.00829
92	0.03261	0.01237	0.01687	0.01293	0.01856	0.01068	0.01068	0.03543	0.02081	0.70423	0.02868	0.02474	0.01799	0.00900	0.00731	0.00225	0.00619	0.00731	0.00900	0.01237
93	0.02025	0.01573	0.01695	0.01479	0.01919	0.01779	0.01163	0.09425	0.56775	0.09357	0.02844	0.02605	0.02094	0.00968	0.00738	0.00242	0.00599	0.00799	0.00753	0.01166
94	0.01535	0.05213	0.43542	0.02228	0.03110	0.01720	0.19778	0.02334	0.05425	0.02312	0.01563	0.05128	0.01228	0.00760	0.00743	0.00236	0.01046	0.00707	0.00366	0.01026
95	0.00896	0.00640	0.00855	0.01024	0.01071	0.00599	0.00693	0.01030	0.01402	0.01867	0.04001	0.71603	0.04785	0.02268	0.00931	0.00297	0.00431	0.04341	0.00675	0.00593
96	0.01693	0.01916	0.04147	0.07751	0.03880	0.01823	0.62887	0.02297	0.01698	0.02297	0.01459	0.01959	0.01094	0.00620	0.00849	0.00245	0.01208	0.00844	0.00365	0.00969
97	0.01725	0.01652	0.02817	0.16251	0.58706	0.01708	0.02194	0.02166	0.01620	0.02285	0.01354	0.01823	0.01120	0.00661	0.00721	0.00220	0.00882	0.00647	0.00353	0.01092
98	0.01865	0.01863	0.02922	0.04230	0.63039	0.06923	0.03985	0.02284	0.01687	0.02329	0.01352	0.01767	0.01134	0.00654	0.00719	0.00215	0.00907	0.00640	0.00361	0.01124
99	0.04620	0.06870	0.02462	0.02244	0.14687	0.08847	0.07916	0.23035	0.13456	0.03091	0.01801	0.02093	0.01424	0.00834	0.00718	0.00223	0.00852	0.03189	0.00553	0.01086
100	0.00886	0.00633	0.00843	0.01012	0.01054	0.00590	0.00675	0.01012	0.01392	0.01856	0.04006	0.73979	0.04808	0.02277	0.00928	0.00295	0.00422	0.02066	0.00675	0.00590
101	0.01348	0.01329	0.02578	0.06875	0.05037	0.01279	0.30651	0.01751	0.01597	0.02151	0.05229	0.26922	0.02801	0.01320	0.00878	0.00267	0.00848	0.05824	0.00507	0.00809
102	0.02733	0.02019	0.02116	0.01647	0.02209	0.04955	0.01351	0.57404	0.07193	0.08155	0.01857	0.01827	0.01315	0.00876	0.00725	0.00219	0.00797	0.00661	0.00724	0.01215
103	0.00906	0.00653	0.00859	0.00987	0.01056	0.00606	0.00672	0.01068	0.01503	0.02021	0.14088	0.60996	0.07608	0.02140	0.00914	0.00283	0.00408	0.01932	0.00694	0.00606
104	0.01044	0.00757	0.01056	0.01056	0.01146	0.00847	0.00768	0.01226	0.01135	0.01604	0.02050	0.03426	0.02065	0.26159	0.51205	0.01029	0.01574	0.00862	0.00405	0.00586
105	0.01680	0.35664	0.25181	0.01614	0.02256	0.02285	0.01749	0.02097	0.01437	0.01920	0.01340	0.01586	0.03570	0.00808	0.00901	0.00213	0.13907	0.00526	0.00325	0.00942
106	0.04259	0.42902	0.19637	0.01503	0.02191	0.07006	0.01581	0.02431	0.08552	0.02046	0.01294	0.01428	0.01060	0.00687	0.00562	0.00187	0.00857	0.00476	0.00363	0.00980
107	0.01799	0.01727	0.02950	0.04462	0.69919	0.01727	0.02231	0.02231	0.01655	0.02375	0.01367	0.01799	0.01151	0.00648	0.00720	0.00216	0.00864	0.00648	0.00360	0.01151
108	0.01156	0.00766	0.01007	0.00944	0.01131	0.00703	0.00709	0.01480	0.02014	0.06970	0.61071	0.09841	0.06412	0.01503	0.00854	0.00233	0.00365	0.01329	0.00798	0.00713
109	0.01724	0.02172	0.17768	0.03939	0.55312	0.01719	0.02330	0.02246	0.01629	0.02359	0.01354	0.01741	0.01101	0.00657	0.00713	0.00219	0.00910	0.00623	0.00348	0.01135
110	0.09012	0.20482	0.04787	0.13614	0.10530	0.01837	0.01415	0.04820	0.06301	0.07273	0.08092	0.02041	0.01698	0.00785	0.00637	0.00205	0.00732	0.00626	0.00473	0.04638
111	0.00916	0.00667	0.00867	0.01019	0.01080	0.00632	0.00687	0.01108	0.03638	0.01898	0.04076	0.69525	0.06735	0.02221	0.00919	0.00292	0.00425	0.02008	0.00677	0.00610
112	0.01478	0.00839	0.01116	0.01021	0.01261	0.00763	0.00787	0.01790	0.01988	0.16517	0.47245	0.10682	0.05526	0.01459	0.00845	0.00239	0.00422	0.04431	0.00803	0.00789
113	0.01758	0.04850	0.18832	0.03506	0.45289	0.01783	0.02208	0.04631	0.05690	0.02451	0.01448	0.01767	0.01156	0.00685	0.00705	0.00219	0.00891	0.00623	0.00381	0.01128
114	0.01760	0.01716	0.02791	0.15734	0.56734	0.04160	0.02167	0.02192	0.01636	0.02268	0.01346	0.01805	0.01113	0.00664	0.00719	0.00219	0.00897	0.00641	0.00354	0.01083
115	0.00896	0.00637	0.00840	0.00999	0.01038	0.00597	0.00660	0.01015	0.01371	0.01828	0.03902	0.69748	0.04675	0.06689	0.01097	0.00320	0.00439	0.02005	0.00660	0.00581
116	0.00886	0.00633	0.00843	0.01012	0.01054	0.00590	0.00675	0.01012	0.01392	0.01856	0.04006	0.73979	0.04808	0.02277	0.00928	0.00295	0.00422	0.02066	0.00675	0.00590
117	0.01456	0.03972	0.01306	0.01128	0.01442	0.03128	0.00871	0.02319	0.25210	0.06622	0.12680	0.10198	0.23987	0.01398	0.00794	0.00242	0.00499	0.01178	0.00705	0.00866
118	0.00899	0.00643	0.00856	0.01003	0.01057	0.00600	0.00676	0.01047	0.01456	0.01958	0.10346	0.67348	0.05006	0.02201	0.00921	0.00289	0.00414	0.01994	0.00687	0.00600
119	0.01992	0.65656	0.08129	0.01302	0.01950	0.02687	0.01329	0.02268	0.01518	0.05950	0.01144	0.01271	0.00985	0.00643	0.00498	0.00165	0.00787	0.00419	0.00347	0.00961
120	0.72457	0.01544	0.05343	0.01035	0.01526	0.01617	0.00912	0.02190	0.01281	0.05275	0.01087	0.01242	0.00827	0.00683	0.00473	0.00225	0.00595	0.00413	0.00455	0.00819

[dist]
# distance from previous block
# <min> <max>
4	17

[block]
# block no. 3 follows, 28 sequences, length 30
# corresponding to MSA columns:
# 198-227
name=unknown_D
#
# <colnr> <probs for GDERKNQSTAVLIFYWHMCP>
#	G	D	E	R	K	N	Q	S	T	A	V	L	I	F	Y	W	H	M	C	P
0	0.03261	0.01237	0.01687	0.01293	0.01856	0.01068	0.01068	0.03543	0.02081	0.70423	0.02868	0.02474	0.01799	0.00900	0.00731	0.00225	0.00619	0.00731	0.00900	0.01237
1	0.02715	0.03464	0.02060	0.01873	0.02247	0.71536	0.01404	0.02903	0.02060	0.01779	0.01124	0.01311	0.00936	0.00749	0.00655	0.00187	0.01311	0.00468	0.00375	0.00843
2	0.02763	0.02036	0.02182	0.01672	0.02254	0.02254	0.01382	0.67496	0.03418	0.04581	0.01745	0.01745	0.01236	0.00873	0.00727	0.00218	0.00800	0.00654	0.00727	0.01236
3	0.00928	0.00734	0.00835	0.00820	0.01027	0.00642	0.00611	0.01173	0.01805	0.02340	0.32114	0.09385	0.41566	0.01718	0.00861	0.00241	0.00360	0.01470	0.00725	0.00642
4	0.01057	0.00705	0.00793	0.00793	0.00793	0.00705	0.00440	0.01057	0.01057	0.01409	0.02290	0.04757	0.02643	0.74454	0.03700	0.00705	0.00705	0.01057	0.00440	0.00440
5	0.01263	0.00631	0.00947	0.00947	0.00947	0.00631	0.00631	0.00947	0.00947	0.01263	0.01263	0.02210	0.01263	0.02525	0.02841	0.78851	0.00631	0.00631	0.00316	0.00316
6	0.02460	0.01786	0.01937	0.01566	0.02083	0.01978	0.01267	0.38082	0.27193	0.10278	0.02297	0.02169	0.01650	0.00917	0.00732	0.00229	0.00700	0.00723	0.00748	0.01205
7	0.01373	0.01292	0.02180	0.72707	0.05006	0.01615	0.02019	0.01857	0.01453	0.01857	0.01292	0.01938	0.00969	0.00727	0.00727	0.00242	0.00969	0.00646	0.00323	0.00807
8	0.03261	0.01237	0.01687	0.01293	0.01856	0.01068	0.01068	0.03543	0.02081	0.70423	0.02868	0.02474	0.01799	0.00900	0.00731	0.00225	0.00619	0.00731	0.00900	0.01237
9	0.00886	0.00633	0.00843	0.01012	0.01054	0.00590	0.00675	0.01012	0.01392	0.01856	0.04006	0.73979	0.04808	0.02277	0.00928	0.00295	0.00422	0.02066	0.00675	0.00590
10	0.02719	0.03350	0.02070	0.01857	0.02248	0.65965	0.01403	0.08097	0.02169	0.02004	0.01174	0.01346	0.00960	0.00759	0.00661	0.00190	0.01270	0.00483	0.00403	0.00874
11	0.00862	0.00726	0.00747	0.00764	0.00989	0.00611	0.00564	0.01040	0.01631	0.01953	0.07031	0.13637	0.63198	0.01884	0.00866	0.00250	0.00373	0.01587	0.00675	0.00611
12	0.01507	0.01292	0.01507	0.01077	0.01723	0.00969	0.00861	0.01830	0.01507	0.02369	0.01292	0.01507	0.01077	0.00538	0.00538	0.00108	0.00538	0.00431	0.00431	0.78898
13	0.00972	0.00681	0.00876	0.00999	0.01048	0.00656	0.00682	0.01094	0.01341	0.01781	0.03523	0.46124	0.04138	0.21642	0.01684	0.00411	0.00533	0.10646	0.00611	0.00561
14	0.01507	0.01292	0.01507	0.01077	0.01723	0.00969	0.00861	0.01830	0.01507	0.02369	0.01292	0.01507	0.01077	0.00538	0.00538	0.00108	0.00538	0.00431	0.00431	0.78898
15	0.01468	0.01419	0.02148	0.31803	0.03184	0.01895	0.01734	0.01770	0.01260	0.01792	0.01152	0.01808	0.01009	0.01274	0.05537	0.00333	0.38650	0.00648	0.00324	0.00792
16	0.02413	0.04648	0.01978	0.01494	0.01982	0.02001	0.01231	0.48681	0.06406	0.03986	0.01853	0.01923	0.01367	0.00879	0.00741	0.00213	0.03268	0.00656	0.13165	0.01115
17	0.01065	0.00802	0.01156	0.01142	0.01247	0.00934	0.00866	0.01280	0.01149	0.01648	0.01957	0.03093	0.01907	0.15839	0.58219	0.01061	0.04803	0.00815	0.00394	0.00623
18	0.01009	0.00742	0.00944	0.00893	0.01074	0.00677	0.00670	0.01332	0.02010	0.02801	0.62102	0.05617	0.14364	0.01528	0.00858	0.00231	0.00346	0.01341	0.00785	0.00677
19	0.01057	0.00705	0.00793	0.00793	0.00793	0.00705	0.00440	0.01057	0.01057	0.01409	0.02290	0.04757	0.02643	0.74454	0.03700	0.00705	0.00705	0.01057	0.00440	0.00440
20	0.01507	0.01292	0.01507	0.01077	0.01723	0.00969	0.00861	0.01830	0.01507	0.02369	0.01292	0.01507	0.01077	0.00538	0.00538	0.00108	0.00538	0.00431	0.00431	0.78898
21	0.01602	0.02109	0.16622	0.02687	0.10868	0.01654	0.34095	0.02290	0.05755	0.02376	0.03989	0.02654	0.01643	0.00826	0.00817	0.00247	0.01029	0.07327	0.00422	0.00988
22	0.05864	0.06718	0.04165	0.01318	0.01690	0.19708	0.01086	0.08119	0.04489	0.02341	0.07147	0.03978	0.21650	0.01241	0.00749	0.00228	0.00757	0.07381	0.00560	0.00810
23	0.01960	0.02055	0.07324	0.02666	0.05785	0.01946	0.42041	0.18498	0.02101	0.02864	0.01504	0.01862	0.01121	0.00711	0.00876	0.00240	0.04177	0.00772	0.00451	0.01048
24	0.04780	0.20068	0.46208	0.01847	0.02736	0.01932	0.05618	0.02221	0.01513	0.02189	0.01329	0.04032	0.01066	0.00726	0.00646	0.00216	0.00969	0.00568	0.00330	0.01007
25	0.14483	0.27340	0.11885	0.01611	0.08303	0.05106	0.01386	0.04795	0.01644	0.02411	0.09901	0.01869	0.01705	0.00765	0.00591	0.00194	0.00750	0.00569	0.00425	0.04265
26	0.01571	0.06776	0.05122	0.02404	0.11762	0.01655	0.26565	0.02059	0.03724	0.02307	0.10605	0.04715	0.04112	0.00900	0.00942	0.00234	0.08189	0.00859	0.00447	0.05051
27	0.23686	0.26632	0.04851	0.01430	0.01963	0.13043	0.06459	0.04753	0.01581	0.02343	0.01166	0.01450	0.00993	0.03704	0.00676	0.00213	0.00838	0.00484	0.00389	0.03346
28	0.06904	0.05261	0.06234	0.01689	0.06470	0.10085	0.01344	0.25720	0.04480	0.09284	0.01908	0.01990	0.03695	0.00863	0.00741	0.00215	0.03762	0.00642	0.07675	0.01040
29	0.01731	0.19014	0.07138	0.01261	0.01671	0.07841	0.01119	0.05871	0.11194	0.02359	0.02062	0.02312	0.04551	0.03833	0.03021	0.00247	0.03446	0.00654	0.19802	0.00873

[dist]
# distance from previous block
# <min> <max>
7	47

[block]
# block no. 4 follows, 28 sequences, length 50
# corresponding to MSA columns:
# 277-326
name=unknown_E
#
# <colnr> <probs for GDERKNQSTAVLIFYWHMCP>
#	G	D	E	R	K	N	Q	S	T	A	V	L	I	F	Y	W	H	M	C	P
0	0.06238	0.01708	0.01811	0.01471	0.01954	0.04120	0.01190	0.33974	0.15559	0.12152	0.04836	0.02211	0.01739	0.01093	0.03568	0.00261	0.00750	0.00710	0.03536	0.01118
1	0.02047	0.01526	0.01668	0.01358	0.01807	0.01621	0.01091	0.33293	0.12851	0.05776	0.12998	0.03188	0.11675	0.01101	0.00758	0.00223	0.00618	0.00893	0.00724	0.04781
2	0.14022	0.01495	0.04119	0.04891	0.12641	0.01504	0.04968	0.15520	0.04533	0.02936	0.08101	0.06590	0.08743	0.01085	0.00743	0.00239	0.00694	0.05678	0.00569	0.00929
3	0.01792	0.02056	0.10494	0.02581	0.06486	0.01800	0.38878	0.08773	0.09897	0.02634	0.01643	0.01950	0.01232	0.00688	0.00787	0.00231	0.01030	0.00764	0.00444	0.05840
4	0.51862	0.01935	0.14757	0.01555	0.06775	0.01686	0.04561	0.05046	0.01443	0.03026	0.01148	0.01356	0.00874	0.00681	0.00547	0.00226	0.00725	0.00474	0.00424	0.00897
5	0.01571	0.20256	0.55178	0.01880	0.02849	0.01964	0.02351	0.02273	0.01521	0.02165	0.01236	0.01449	0.00924	0.00675	0.00639	0.00213	0.01005	0.00503	0.00308	0.01041
6	0.01620	0.01423	0.01646	0.01543	0.04917	0.01570	0.03981	0.03170	0.49311	0.02795	0.05645	0.03440	0.13551	0.01113	0.00768	0.00244	0.00575	0.00950	0.00697	0.01039
7	0.00979	0.00728	0.00911	0.00893	0.01062	0.00660	0.00659	0.01265	0.01900	0.02604	0.49685	0.14111	0.18558	0.01650	0.00866	0.00240	0.00357	0.01448	0.00761	0.00660
8	0.01263	0.00631	0.00947	0.00947	0.00947	0.00631	0.00631	0.00947	0.00947	0.01263	0.01263	0.02210	0.01263	0.02525	0.02841	0.78851	0.00631	0.00631	0.00316	0.00316
9	0.01022	0.00743	0.00963	0.00908	0.01082	0.00683	0.00681	0.01359	0.02042	0.02879	0.67154	0.05490	0.09263	0.01500	0.00857	0.00229	0.00344	0.01323	0.00795	0.00683
10	0.01458	0.03760	0.70688	0.02072	0.03146	0.01688	0.02686	0.02302	0.01535	0.02302	0.01304	0.01535	0.00921	0.00691	0.00691	0.00230	0.01074	0.00537	0.00307	0.01074
11	0.79588	0.01406	0.01068	0.00956	0.01406	0.01631	0.00787	0.02137	0.01237	0.03261	0.01012	0.01181	0.00787	0.00675	0.00450	0.00225	0.00562	0.00394	0.00450	0.00787
12	0.00886	0.00633	0.00843	0.01012	0.01054	0.00590	0.00675	0.01012	0.01392	0.01856	0.04006	0.73979	0.04808	0.02277	0.00928	0.00295	0.00422	0.02066	0.00675	0.00590
13	0.01017	0.00734	0.00961	0.00922	0.01083	0.00678	0.00685	0.01343	0.02005	0.02831	0.64329	0.10877	0.06696	0.01549	0.00863	0.00234	0.00349	0.01374	0.00790	0.00678
14	0.01507	0.01292	0.01507	0.01077	0.01723	0.00969	0.00861	0.01830	0.01507	0.02369	0.01292	0.01507	0.01077	0.00538	0.00538	0.00108	0.00538	0.00431	0.00431	0.78898
15	0.75925	0.01398	0.01098	0.00972	0.01427	0.01604	0.00801	0.02204	0.01278	0.06485	0.01101	0.01243	0.00836	0.00686	0.00463	0.00225	0.00565	0.00410	0.00471	0.00809
16	0.00867	0.00737	0.00748	0.00745	0.00987	0.00617	0.00559	0.01059	0.01677	0.02011	0.10431	0.06918	0.66528	0.01823	0.00859	0.00245	0.00367	0.01523	0.00681	0.00617
17	0.01943	0.74891	0.03809	0.01244	0.01866	0.02876	0.01244	0.02177	0.01477	0.01710	0.01011	0.01166	0.00933	0.00622	0.00466	0.00155	0.00777	0.00389	0.00311	0.00933
18	0.01057	0.00705	0.00793	0.00793	0.00793	0.00705	0.00440	0.01057	0.01057	0.01409	0.02290	0.04757	0.02643	0.74454	0.03700	0.00705	0.00705	0.01057	0.00440	0.00440
19	0.01424	0.00744	0.00751	0.00726	0.00916	0.00755	0.00551	0.04925	0.01617	0.02802	0.02341	0.02663	0.01832	0.00848	0.00519	0.00172	0.00361	0.00676	0.74671	0.00705
20	0.02715	0.03464	0.02060	0.01873	0.02247	0.71536	0.01404	0.02903	0.02060	0.01779	0.01124	0.01311	0.00936	0.00749	0.00655	0.00187	0.01311	0.00468	0.00375	0.00843
21	0.01590	0.01590	0.02226	0.01908	0.01908	0.02226	0.01590	0.01749	0.01113	0.01749	0.00954	0.01590	0.00954	0.01272	0.02385	0.00318	0.73123	0.00636	0.00318	0.00795
22	0.09477	0.64206	0.03441	0.01219	0.01821	0.02668	0.01191	0.02240	0.01484	0.05234	0.01102	0.01232	0.00961	0.00641	0.00478	0.00166	0.00749	0.00406	0.00353	0.00934
23	0.00920	0.00653	0.00828	0.00953	0.00996	0.00616	0.00620	0.01023	0.01334	0.01767	0.03808	0.56244	0.07465	0.17396	0.01506	0.00379	0.00479	0.01829	0.00626	0.00560
24	0.01804	0.01777	0.02817	0.11721	0.59103	0.05609	0.02162	0.02228	0.01656	0.02285	0.01346	0.01787	0.01120	0.00662	0.00717	0.00217	0.00900	0.00637	0.00357	0.01097
25	0.02542	0.01260	0.01613	0.01204	0.01801	0.01028	0.00983	0.02840	0.01845	0.42510	0.02221	0.02078	0.01503	0.00751	0.00652	0.00177	0.00586	0.00608	0.00707	0.33090
26	0.05819	0.01117	0.01393	0.01158	0.01570	0.01042	0.00933	0.05720	0.05323	0.35492	0.18696	0.03758	0.10449	0.01167	0.00771	0.00232	0.00533	0.03022	0.00808	0.00998
27	0.03261	0.01237	0.01687	0.01293	0.01856	0.01068	0.01068	0.03543	0.02081	0.70423	0.02868	0.02474	0.01799	0.00900	0.00731	0.00225	0.00619	0.00731	0.00900	0.01237
28	0.01808	0.01561	0.01644	0.01479	0.01890	0.01808	0.01151	0.03863	0.68606	0.03041	0.02959	0.02712	0.02219	0.00986	0.00740	0.00247	0.00575	0.00822	0.00740	0.01151
29	0.01263	0.00631	0.00947	0.00947	0.00947	0.00631	0.00631	0.00947	0.00947	0.01263	0.01263	0.02210	0.01263	0.02525	0.02841	0.78851	0.00631	0.00631	0.00316	0.00316
30	0.01458	0.03760	0.70688	0.02072	0.03146	0.01688	0.02686	0.02302	0.01535	0.02302	0.01304	0.01535	0.00921	0.00691	0.00691	0.00230	0.01074	0.00537	0.00307	0.01074
31	0.01029	0.00743	0.00972	0.00914	0.01086	0.00686	0.00686	0.01372	0.02058	0.02915	0.69536	0.05430	0.06859	0.01486	0.00857	0.00229	0.00343	0.01315	0.00800	0.00686
32	0.01943	0.74891	0.03809	0.01244	0.01866	0.02876	0.01244	0.02177	0.01477	0.01710	0.01011	0.01166	0.00933	0.00622	0.00466	0.00155	0.00777	0.00389	0.00311	0.00933
33	0.59698	0.03929	0.05221	0.04027	0.01772	0.04169	0.01035	0.08371	0.01506	0.03177	0.01113	0.01289	0.00854	0.00698	0.00508	0.00222	0.00663	0.00439	0.00456	0.00853
34	0.01838	0.01502	0.01596	0.01419	0.01831	0.01699	0.01109	0.06538	0.57242	0.05974	0.03258	0.03007	0.07654	0.01047	0.00748	0.00244	0.00571	0.00868	0.00741	0.01114
35	0.79588	0.01406	0.01068	0.00956	0.01406	0.01631	0.00787	0.02137	0.01237	0.03261	0.01012	0.01181	0.00787	0.00675	0.00450	0.00225	0.00562	0.00394	0.00450	0.00787
36	0.02350	0.01535	0.01748	0.01436	0.01872	0.01621	0.01144	0.39480	0.02664	0.14653	0.02526	0.20916	0.02270	0.01248	0.00781	0.00240	0.00670	0.01039	0.00742	0.01066
37	0.01639	0.01149	0.01341	0.01272	0.03878	0.01176	0.00941	0.02565	0.26627	0.12922	0.15216	0.08008	0.17639	0.01303	0.00794	0.00242	0.00499	0.01109	0.00743	0.00937
38	0.02059	0.01686	0.01785	0.01530	0.01986	0.01925	0.01211	0.20603	0.51456	0.03446	0.02639	0.02458	0.01960	0.00956	0.00736	0.00239	0.00634	0.00778	0.00736	0.01173
39	0.57524	0.01517	0.04400	0.13463	0.04378	0.01641	0.03579	0.02106	0.01318	0.02918	0.01101	0.01374	0.00847	0.00681	0.00531	0.00229	0.00688	0.00468	0.00416	0.00822
40	0.01046	0.00788	0.00973	0.00919	0.01115	0.00737	0.00691	0.01460	0.05708	0.02776	0.56253	0.05519	0.16261	0.01513	0.00851	0.00232	0.00360	0.01321	0.00778	0.00701
41	0.01507	0.01292	0.01507	0.01077	0.01723	0.00969	0.00861	0.01830	0.01507	0.02369	0.01292	0.01507	0.01077	0.00538	0.00538	0.00108	0.00538	0.00431	0.00431	0.78898
42	0.01101	0.00748	0.00875	0.00888	0.00944	0.00743	0.00559	0.04006	0.01338	0.01826	0.08002	0.21036	0.03398	0.45338	0.02557	0.00527	0.00598	0.01284	0.03692	0.00540
43	0.02763	0.02036	0.02182	0.01672	0.02254	0.02254	0.01382	0.67496	0.03418	0.04581	0.01745	0.01745	0.01236	0.00873	0.00727	0.00218	0.00800	0.00654	0.00727	0.01236
44	0.01171	0.00837	0.01171	0.01339	0.01506	0.00837	0.01171	0.01506	0.01673	0.02175	0.03849	0.08199	0.04183	0.02008	0.01004	0.00335	0.00669	0.65027	0.00669	0.00669
