[name]
unknown

[dist]
# distance from previous block
# <min> <max>
0	4

[block]
# block no. 0 follows, 30 sequences, length 29
# corresponding to MSA columns:
# 4-32
name=unknown_A
#
# <colnr> <probs for GDERKNQSTAVLIFYWHMCP>
#	G	D	E	R	K	N	Q	S	T	A	V	L	I	F	Y	W	H	M	C	P
0	0.01548	0.31184	0.39340	0.01600	0.02387	0.01980	0.01893	0.02089	0.01483	0.02017	0.04808	0.01766	0.01297	0.00724	0.00599	0.00197	0.00871	0.02938	0.00333	0.00945
1	0.01459	0.07875	0.59273	0.02057	0.03021	0.01709	0.10640	0.02206	0.01491	0.02178	0.01255	0.01502	0.00906	0.00650	0.00669	0.00218	0.01032	0.00545	0.00302	0.01012
2	0.01824	0.68540	0.07824	0.01268	0.01869	0.02666	0.01293	0.02081	0.01408	0.01678	0.00986	0.01157	0.00896	0.00625	0.00532	0.00160	0.03605	0.00391	0.00299	0.00899
3	0.05043	0.06123	0.02477	0.39401	0.16854	0.05274	0.08809	0.02032	0.01500	0.04154	0.01283	0.01745	0.00991	0.00669	0.00679	0.00219	0.00914	0.00610	0.00346	0.00877
4	0.01200	0.00767	0.00886	0.00852	0.01065	0.00680	0.00630	0.01373	0.01551	0.11277	0.08986	0.10064	0.37237	0.14725	0.01304	0.00318	0.00463	0.05332	0.00644	0.00647
5	0.00882	0.00621	0.00800	0.00930	0.00963	0.00588	0.00604	0.00980	0.01273	0.01698	0.03524	0.61243	0.04209	0.16518	0.01411	0.00360	0.00458	0.01794	0.00604	0.00539
6	0.00850	0.00607	0.00810	0.00972	0.01012	0.00567	0.00648	0.00972	0.01336	0.01781	0.03846	0.75020	0.04615	0.02186	0.00891	0.00283	0.00405	0.01984	0.00648	0.00567
7	0.02548	0.04619	0.02098	0.01592	0.02123	0.07980	0.01306	0.55816	0.08416	0.03961	0.01694	0.01695	0.01228	0.00828	0.00685	0.00207	0.00790	0.00617	0.00657	0.01139
8	0.02520	0.01841	0.01978	0.01546	0.02073	0.02037	0.01267	0.57300	0.11044	0.06123	0.01861	0.01832	0.01331	0.00851	0.00694	0.00211	0.00725	0.00650	0.02955	0.01162
9	0.00850	0.00607	0.00810	0.00972	0.01012	0.00567	0.00648	0.00972	0.01336	0.01781	0.03846	0.75020	0.04615	0.02186	0.00891	0.00283	0.00405	0.01984	0.00648	0.00567
10	0.80405	0.01350	0.01026	0.00918	0.01350	0.01565	0.00756	0.02051	0.01188	0.03131	0.00972	0.01134	0.00756	0.00648	0.00432	0.00216	0.00540	0.00378	0.00432	0.00756
11	0.00974	0.00713	0.00914	0.00864	0.01034	0.00653	0.00648	0.01291	0.01944	0.02724	0.65574	0.05335	0.11811	0.01454	0.00823	0.00221	0.00331	0.01279	0.00758	0.00653
12	0.01761	0.01472	0.01713	0.01757	0.10698	0.01649	0.01215	0.03389	0.55248	0.05728	0.05608	0.02595	0.02176	0.00922	0.00712	0.00231	0.00580	0.00784	0.00672	0.01089
13	0.02653	0.01955	0.02094	0.01606	0.02164	0.02164	0.01326	0.68796	0.03281	0.04398	0.01675	0.01675	0.01187	0.00838	0.00698	0.00209	0.00768	0.00628	0.00698	0.01187
14	0.03041	0.01168	0.01591	0.01226	0.01750	0.01010	0.01010	0.03313	0.01996	0.68717	0.05608	0.02494	0.01931	0.00887	0.00707	0.00216	0.00583	0.00725	0.00860	0.01165
15	0.02547	0.09219	0.02114	0.01749	0.02128	0.66997	0.01336	0.02730	0.01932	0.01702	0.01070	0.01247	0.00899	0.00709	0.00614	0.00177	0.01217	0.00443	0.00355	0.00816
16	0.01447	0.01240	0.01447	0.01034	0.01654	0.00930	0.00827	0.01757	0.01447	0.02274	0.01240	0.01447	0.01034	0.00517	0.00517	0.00103	0.00517	0.00413	0.00413	0.79742
17	0.01615	0.03308	0.63106	0.01896	0.02866	0.01546	0.02385	0.02358	0.01539	0.10859	0.01439	0.01586	0.00989	0.00688	0.00668	0.00220	0.00977	0.00539	0.00366	0.01051
18	0.01846	0.72852	0.06528	0.01227	0.01843	0.02713	0.01252	0.02095	0.01420	0.01666	0.00982	0.01134	0.00895	0.00600	0.00457	0.00152	0.00758	0.00379	0.00298	0.00901
19	0.00834	0.00693	0.00730	0.00752	0.00956	0.00588	0.00552	0.01008	0.01567	0.01903	0.08889	0.16699	0.58794	0.01817	0.00834	0.00242	0.00360	0.01540	0.00652	0.00588
20	0.01400	0.03610	0.71860	0.01989	0.03020	0.01621	0.02578	0.02210	0.01473	0.02210	0.01252	0.01473	0.00884	0.00663	0.00663	0.00221	0.01031	0.00516	0.00295	0.01031
21	0.01403	0.01396	0.02511	0.53129	0.04314	0.01645	0.15542	0.01867	0.01419	0.01867	0.01248	0.01836	0.00955	0.00720	0.00860	0.00239	0.07262	0.00661	0.00318	0.00808
22	0.01774	0.46079	0.05437	0.01413	0.03841	0.02348	0.01273	0.04703	0.10962	0.02023	0.04823	0.01629	0.01375	0.00768	0.00730	0.00189	0.08792	0.00524	0.00396	0.00920
23	0.00873	0.00704	0.00777	0.00770	0.00975	0.00608	0.00573	0.01091	0.01688	0.02143	0.25264	0.09794	0.48910	0.01691	0.00828	0.00233	0.00349	0.01438	0.00683	0.00608
24	0.00849	0.00612	0.00805	0.00959	0.01009	0.00568	0.00642	0.00973	0.01348	0.01786	0.03994	0.71882	0.07658	0.02167	0.00888	0.00281	0.00402	0.01960	0.00648	0.00568
25	0.02155	0.24338	0.19407	0.01601	0.02282	0.05500	0.07206	0.06331	0.01740	0.20640	0.01597	0.01643	0.01145	0.00703	0.00623	0.00197	0.00838	0.00552	0.00479	0.01022
26	0.07488	0.02475	0.32757	0.02589	0.21320	0.01630	0.09789	0.02232	0.01518	0.06495	0.01343	0.01621	0.01007	0.00679	0.00745	0.00222	0.04127	0.00585	0.00360	0.01018
27	0.06809	0.01212	0.01647	0.01275	0.01785	0.01094	0.03640	0.05585	0.01989	0.57068	0.08292	0.02505	0.02040	0.00888	0.00703	0.00217	0.00598	0.00734	0.00807	0.01111
28	0.01577	0.01504	0.06308	0.22896	0.07855	0.01552	0.03826	0.02649	0.29763	0.05053	0.02236	0.02456	0.04188	0.04104	0.00834	0.00251	0.00735	0.00743	0.00518	0.00952

[dist]
# distance from previous block
# <min> <max>
21	33

[block]
# block no. 1 follows, 30 sequences, length 27
# corresponding to MSA columns:
# 69-95
name=unknown_B
#
# <colnr> <probs for GDERKNQSTAVLIFYWHMCP>
#	G	D	E	R	K	N	Q	S	T	A	V	L	I	F	Y	W	H	M	C	P
0	0.01660	0.01763	0.04831	0.05063	0.24703	0.01741	0.32828	0.04553	0.01609	0.02245	0.01400	0.03864	0.01157	0.00724	0.00924	0.00234	0.08615	0.00751	0.00364	0.00971
1	0.02106	0.01398	0.05702	0.01264	0.01666	0.06413	0.01049	0.05851	0.09230	0.29260	0.13887	0.13935	0.02879	0.01146	0.00744	0.00226	0.00601	0.00968	0.00717	0.00957
2	0.01689	0.20344	0.28289	0.02527	0.24010	0.01893	0.04842	0.02204	0.01523	0.04654	0.01265	0.01518	0.00995	0.00638	0.00628	0.00200	0.00889	0.00534	0.00335	0.01024
3	0.00854	0.00618	0.00808	0.00950	0.01009	0.00572	0.00640	0.00988	0.01380	0.01831	0.06840	0.67461	0.09221	0.02126	0.00883	0.00277	0.00398	0.01919	0.00653	0.00572
4	0.01034	0.00812	0.01138	0.01136	0.01209	0.00941	0.00851	0.01214	0.01201	0.01700	0.05471	0.22455	0.02706	0.10643	0.32977	0.00692	0.11636	0.01113	0.00461	0.00610
5	0.02350	0.02776	0.02440	0.02136	0.06399	0.46543	0.13866	0.08948	0.01992	0.02096	0.01206	0.01449	0.00969	0.00716	0.00725	0.00198	0.03366	0.00551	0.00388	0.00885
6	0.01696	0.01627	0.02777	0.09530	0.66117	0.01650	0.02126	0.02115	0.01574	0.02242	0.01307	0.01737	0.01092	0.00627	0.00691	0.00209	0.00837	0.00622	0.00343	0.01080
7	0.00850	0.00607	0.00810	0.00972	0.01012	0.00567	0.00648	0.00972	0.01336	0.01781	0.03846	0.75020	0.04615	0.02186	0.00891	0.00283	0.00405	0.01984	0.00648	0.00567
8	0.01355	0.01278	0.02159	0.67566	0.10752	0.01560	0.01956	0.01815	0.01413	0.01827	0.01247	0.01849	0.00946	0.00691	0.00697	0.00230	0.00921	0.00620	0.00313	0.00805
9	0.03131	0.01188	0.01619	0.01242	0.01781	0.01026	0.01026	0.03401	0.01997	0.71606	0.02753	0.02375	0.01727	0.00864	0.00702	0.00216	0.00594	0.00702	0.00864	0.01188
10	0.00940	0.00706	0.00870	0.00840	0.01016	0.00637	0.00626	0.01221	0.01847	0.02520	0.51509	0.09074	0.22533	0.01550	0.00827	0.00227	0.00339	0.01351	0.00732	0.00637
11	0.01699	0.07065	0.38029	0.02482	0.18040	0.07505	0.07645	0.02292	0.01576	0.05354	0.01318	0.01567	0.00988	0.00658	0.00669	0.00211	0.00980	0.00559	0.00343	0.01022
12	0.00991	0.00689	0.00829	0.00819	0.00886	0.00671	0.00528	0.01114	0.01349	0.01845	0.23282	0.08015	0.06598	0.43650	0.05415	0.00521	0.00596	0.01142	0.00545	0.00516
13	0.01400	0.03610	0.71860	0.01989	0.03020	0.01621	0.02578	0.02210	0.01473	0.02210	0.01252	0.01473	0.00884	0.00663	0.00663	0.00221	0.01031	0.00516	0.00295	0.01031
14	0.00825	0.00707	0.00707	0.00707	0.00943	0.00589	0.00530	0.01001	0.01591	0.01885	0.07069	0.06716	0.70839	0.01767	0.00825	0.00236	0.00353	0.01473	0.00648	0.00589
15	0.11444	0.66804	0.03336	0.01160	0.01737	0.02615	0.01141	0.02085	0.01390	0.01823	0.00970	0.01121	0.00878	0.00603	0.00446	0.00157	0.00721	0.00374	0.00315	0.00878
16	0.03131	0.01188	0.01619	0.01242	0.01781	0.01026	0.01026	0.03401	0.01997	0.71606	0.02753	0.02375	0.01727	0.00864	0.00702	0.00216	0.00594	0.00702	0.00864	0.01188
17	0.00962	0.00712	0.00898	0.00851	0.01027	0.00648	0.00639	0.01268	0.01916	0.02657	0.60901	0.05445	0.16526	0.01479	0.00823	0.00222	0.00333	0.01295	0.00750	0.00648
18	0.02652	0.01319	0.01862	0.01875	0.15699	0.01243	0.01262	0.06313	0.05852	0.47351	0.02377	0.02240	0.01600	0.01009	0.03835	0.00254	0.00703	0.00689	0.00721	0.01142
19	0.02492	0.09247	0.02201	0.01540	0.02081	0.02159	0.01291	0.58789	0.02988	0.03985	0.01615	0.01673	0.01186	0.01033	0.04270	0.00249	0.00821	0.00609	0.00642	0.01130
20	0.14053	0.01444	0.01497	0.01324	0.01739	0.01636	0.01042	0.03420	0.52201	0.10072	0.02542	0.02352	0.01876	0.00892	0.00666	0.00231	0.00555	0.00716	0.00683	0.01059
21	0.00977	0.00706	0.00880	0.00840	0.00981	0.00655	0.00603	0.01232	0.01763	0.02447	0.52205	0.05234	0.11822	0.15090	0.01326	0.00305	0.00395	0.01236	0.00693	0.00609
22	0.16216	0.07076	0.44969	0.01946	0.06072	0.01691	0.08308	0.02172	0.01439	0.02355	0.01202	0.01440	0.00888	0.00647	0.00624	0.00217	0.00927	0.00516	0.00328	0.00967
23	0.01590	0.08260	0.06280	0.11758	0.02967	0.03627	0.27020	0.01998	0.01430	0.01968	0.01195	0.01656	0.00976	0.00769	0.01119	0.00234	0.19912	0.00650	0.00332	0.06258
24	0.06553	0.01156	0.05654	0.02910	0.01509	0.01034	0.00947	0.07477	0.01710	0.07841	0.20295	0.19855	0.03431	0.04705	0.00944	0.00248	0.03919	0.01091	0.00608	0.08114
25	0.01571	0.10987	0.16736	0.20037	0.20214	0.03874	0.06123	0.02044	0.01486	0.02037	0.01269	0.01662	0.01007	0.00680	0.00719	0.00212	0.03871	0.00578	0.03963	0.00930
26	0.04852	0.13316	0.10887	0.14933	0.05513	0.19636	0.01548	0.08850	0.04938	0.04038	0.04191	0.01686	0.01248	0.00738	0.00635	0.00201	0.00912	0.00556	0.00415	0.00908

[dist]
# distance from previous block
# <min> <max>
2	30

[block]
# block no. 2 follows, 30 sequences, length 37
# corresponding to MSA columns:
# 126-162
name=unknown_C
#
# <colnr> <probs for GDERKNQSTAVLIFYWHMCP>
#	G	D	E	R	K	N	Q	S	T	A	V	L	I	F	Y	W	H	M	C	P
0	0.16261	0.08248	0.01583	0.01161	0.01573	0.07972	0.00945	0.05429	0.01829	0.26117	0.16817	0.04816	0.02517	0.00949	0.00655	0.00209	0.00605	0.00748	0.00652	0.00913
1	0.01949	0.01641	0.06152	0.01401	0.01886	0.01574	0.01192	0.35630	0.02391	0.03296	0.06125	0.10537	0.01957	0.01009	0.00752	0.00206	0.02992	0.03025	0.00604	0.15679
2	0.06691	0.01351	0.03641	0.01321	0.01705	0.01323	0.03660	0.12609	0.01657	0.07456	0.01720	0.10669	0.01581	0.04188	0.01135	0.05386	0.10905	0.00742	0.00494	0.21764
3	0.08030	0.15722	0.02135	0.03744	0.02003	0.22008	0.01212	0.21741	0.04065	0.04662	0.01700	0.03948	0.04499	0.00831	0.00625	0.00196	0.00849	0.00601	0.00498	0.00932
4	0.24364	0.36779	0.04645	0.01245	0.01782	0.08572	0.01142	0.10445	0.01636	0.02432	0.01077	0.01216	0.00892	0.00654	0.00497	0.00181	0.00745	0.00417	0.00392	0.00888
5	0.01920	0.11707	0.01857	0.01316	0.01695	0.01691	0.01066	0.35147	0.02307	0.03051	0.02214	0.19055	0.02179	0.07496	0.00962	0.00263	0.00668	0.03886	0.00605	0.00914
6	0.05468	0.03940	0.03882	0.01418	0.01834	0.21912	0.01137	0.07430	0.21776	0.05717	0.09046	0.02333	0.04290	0.00888	0.00668	0.00203	0.00760	0.00686	0.00564	0.06048
7	0.00849	0.00614	0.00803	0.00954	0.01008	0.00568	0.00640	0.00974	0.01353	0.01788	0.04055	0.70586	0.08915	0.02159	0.00886	0.00280	0.00402	0.01951	0.00648	0.00568
8	0.01638	0.01857	0.03975	0.02861	0.03516	0.01792	0.63747	0.02195	0.01605	0.02195	0.01376	0.01857	0.01049	0.00634	0.00929	0.00240	0.06448	0.00808	0.00350	0.00928
9	0.01539	0.01550	0.02294	0.06473	0.02219	0.04661	0.11499	0.01787	0.01244	0.01829	0.01191	0.03981	0.01107	0.01080	0.01752	0.00276	0.48996	0.00683	0.05062	0.00780
10	0.02987	0.01156	0.01573	0.01217	0.01732	0.01001	0.01001	0.03261	0.01996	0.66979	0.07326	0.02566	0.02054	0.00902	0.00710	0.00216	0.00576	0.00739	0.00857	0.01152
11	0.00850	0.00607	0.00810	0.00972	0.01012	0.00567	0.00648	0.00972	0.01336	0.01781	0.03846	0.75020	0.04615	0.02186	0.00891	0.00283	0.00405	0.01984	0.00648	0.00567
12	0.03068	0.01202	0.01618	0.01250	0.01783	0.01057	0.01029	0.03415	0.05037	0.68529	0.02757	0.02385	0.01745	0.00867	0.00702	0.00217	0.00592	0.00706	0.00857	0.01184
13	0.02364	0.10430	0.01922	0.01430	0.04509	0.01576	0.01129	0.10188	0.22097	0.29871	0.05404	0.02316	0.01878	0.00869	0.00678	0.00213	0.00616	0.00701	0.00707	0.01101
14	0.01866	0.75896	0.03657	0.01194	0.01791	0.02761	0.01194	0.02090	0.01418	0.01642	0.00970	0.01119	0.00896	0.00597	0.00448	0.00149	0.00746	0.00373	0.00299	0.00896
15	0.01318	0.01240	0.02093	0.73798	0.04806	0.01550	0.01938	0.01783	0.01395	0.01783	0.01240	0.01860	0.00930	0.00698	0.00698	0.00233	0.00930	0.00620	0.00310	0.00775
16	0.00850	0.00607	0.00810	0.00972	0.01012	0.00567	0.00648	0.00972	0.01336	0.01781	0.03846	0.75020	0.04615	0.02186	0.00891	0.00283	0.00405	0.01984	0.00648	0.00567
17	0.01431	0.01442	0.05048	0.52219	0.20385	0.01584	0.01987	0.01944	0.03527	0.01953	0.01307	0.01836	0.01006	0.00686	0.00695	0.00226	0.00899	0.00621	0.00330	0.00874
18	0.02588	0.01892	0.02025	0.01560	0.02099	0.02091	0.01286	0.65575	0.03194	0.04312	0.01704	0.01720	0.01216	0.00837	0.00688	0.00207	0.00747	0.00629	0.04470	0.01161
19	0.00850	0.00607	0.00810	0.00972	0.01012	0.00567	0.00648	0.00972	0.01336	0.01781	0.03846	0.75020	0.04615	0.02186	0.00891	0.00283	0.00405	0.01984	0.00648	0.00567
20	0.01565	0.01567	0.04506	0.09207	0.49707	0.03787	0.01858	0.01942	0.01552	0.02140	0.01867	0.10841	0.04678	0.00874	0.00719	0.00219	0.00784	0.00817	0.00392	0.00978
21	0.01711	0.02055	0.12921	0.12388	0.46150	0.08400	0.02106	0.02168	0.01585	0.02153	0.01272	0.01661	0.01031	0.00647	0.00682	0.00210	0.00913	0.00589	0.00335	0.01025
22	0.01674	0.01461	0.01654	0.12164	0.02259	0.01708	0.01228	0.03422	0.59699	0.02750	0.02603	0.02493	0.01952	0.00910	0.00708	0.00236	0.00608	0.00764	0.00651	0.01056
23	0.01688	0.01644	0.02885	0.09708	0.60008	0.01659	0.07865	0.02121	0.01579	0.02236	0.01315	0.01751	0.01087	0.00625	0.00703	0.00212	0.00867	0.00639	0.00343	0.01065
24	0.02501	0.01225	0.01577	0.01258	0.01720	0.03821	0.03949	0.02888	0.06341	0.47284	0.09463	0.03065	0.09705	0.01003	0.00730	0.00219	0.00592	0.00840	0.00779	0.01042
25	0.01626	0.04768	0.10996	0.02766	0.05344	0.01800	0.54325	0.02199	0.01593	0.02187	0.01354	0.01791	0.01029	0.00626	0.00856	0.00233	0.04460	0.00760	0.00343	0.00945
26	0.00848	0.00616	0.00801	0.00949	0.01006	0.00569	0.00638	0.00974	0.01358	0.01790	0.04120	0.69226	0.10233	0.02151	0.00885	0.00279	0.00400	0.01940	0.00648	0.00569
27	0.01401	0.03043	0.54801	0.10213	0.09090	0.01573	0.02382	0.02116	0.01497	0.02194	0.04369	0.01707	0.01164	0.00697	0.00676	0.00221	0.00971	0.00570	0.00322	0.00992
28	0.01732	0.01891	0.08116	0.03836	0.59237	0.06234	0.02077	0.02155	0.01605	0.02226	0.01463	0.01825	0.03140	0.00665	0.00689	0.00207	0.00859	0.00627	0.00351	0.01065
29	0.01461	0.03479	0.64852	0.02081	0.04812	0.04142	0.05168	0.02230	0.01501	0.02195	0.01254	0.01489	0.00897	0.00661	0.00669	0.00220	0.01040	0.00528	0.00301	0.01022
30	0.00846	0.00623	0.00794	0.00931	0.01002	0.00570	0.00630	0.00976	0.01375	0.01797	0.04339	0.64578	0.14740	0.02122	0.00881	0.00276	0.00397	0.01906	0.00648	0.00570
31	0.05333	0.01629	0.01741	0.01396	0.01848	0.01783	0.01126	0.46832	0.07946	0.03748	0.07514	0.04254	0.06326	0.04285	0.00837	0.00237	0.00668	0.00785	0.00677	0.01034
32	0.18945	0.18446	0.05124	0.03923	0.08463	0.12603	0.01304	0.04247	0.01510	0.04300	0.01403	0.01618	0.04290	0.00788	0.00784	0.00208	0.10270	0.00525	0.00389	0.00860
33	0.01048	0.00741	0.00919	0.00972	0.01055	0.00738	0.00659	0.06302	0.01397	0.01864	0.03204	0.44017	0.05849	0.19001	0.06198	0.02772	0.00595	0.01518	0.00572	0.00579
34	0.07285	0.03560	0.01943	0.06606	0.06521	0.04693	0.06442	0.08246	0.04587	0.10949	0.01723	0.06378	0.01425	0.00916	0.00958	0.00225	0.14320	0.00700	0.08096	0.04426
35	0.18584	0.08636	0.13787	0.02431	0.26211	0.12528	0.01669	0.02202	0.01540	0.02323	0.03284	0.01540	0.01111	0.00671	0.00604	0.00202	0.00844	0.00524	0.00366	0.00941
36	0.10963	0.29174	0.13825	0.01944	0.09814	0.05262	0.13120	0.02128	0.01467	0.02067	0.01141	0.01414	0.00939	0.00680	0.00654	0.02789	0.00869	0.00512	0.00331	0.00908

[dist]
# distance from previous block
# <min> <max>
0	8

[block]
# block no. 3 follows, 30 sequences, length 11
# corresponding to MSA columns:
# 171-181
name=unknown_D
#
# <colnr> <probs for GDERKNQSTAVLIFYWHMCP>
#	G	D	E	R	K	N	Q	S	T	A	V	L	I	F	Y	W	H	M	C	P
0	0.01626	0.10316	0.08496	0.18555	0.02808	0.01862	0.08158	0.09791	0.01568	0.02162	0.01224	0.01644	0.00999	0.00967	0.03682	0.00260	0.18425	0.00591	0.00366	0.06501
1	0.09423	0.39159	0.20582	0.01543	0.05925	0.02127	0.01537	0.02164	0.01442	0.05918	0.01194	0.01373	0.00967	0.00798	0.03059	0.00215	0.00834	0.00456	0.00348	0.00935
2	0.01917	0.07414	0.06432	0.13953	0.30896	0.07977	0.07232	0.02321	0.01634	0.11448	0.01454	0.01746	0.01112	0.00673	0.00679	0.00209	0.00884	0.00609	0.00405	0.01006
3	0.01011	0.00708	0.00889	0.00954	0.01064	0.00674	0.00662	0.01271	0.05329	0.04336	0.15060	0.46207	0.09551	0.07579	0.01064	0.00295	0.00424	0.01639	0.00661	0.00624
4	0.00858	0.00667	0.00783	0.00859	0.01001	0.00592	0.00615	0.01025	0.01500	0.01899	0.09061	0.36975	0.34999	0.01941	0.00860	0.00260	0.00387	0.04479	0.00654	0.00585
5	0.01459	0.01219	0.01998	0.31657	0.10112	0.01347	0.07978	0.03869	0.01469	0.06413	0.01819	0.11376	0.01695	0.10885	0.01166	0.00296	0.03159	0.00869	0.00423	0.00791
6	0.02099	0.35370	0.09809	0.01442	0.02012	0.12707	0.01357	0.15041	0.01879	0.06007	0.01296	0.01440	0.01043	0.00939	0.04560	0.00230	0.00909	0.00486	0.00419	0.00953
7	0.00894	0.00651	0.00841	0.00966	0.01049	0.00607	0.00684	0.01053	0.01421	0.01870	0.07812	0.52605	0.12253	0.04776	0.00987	0.00293	0.00433	0.09584	0.00645	0.00578
8	0.00977	0.00713	0.00918	0.00867	0.01036	0.00654	0.00650	0.01297	0.01950	0.02739	0.66645	0.05310	0.10731	0.01449	0.00823	0.00221	0.00331	0.01276	0.00760	0.00654
9	0.01671	0.01601	0.02732	0.13773	0.62069	0.01643	0.02114	0.02093	0.01563	0.02212	0.01303	0.01745	0.01081	0.00632	0.00692	0.00211	0.00843	0.00622	0.00341	0.01060
10	0.07472	0.19297	0.51545	0.01734	0.02624	0.01867	0.02137	0.02172	0.01440	0.02155	0.01169	0.01370	0.00877	0.00647	0.00598	0.00205	0.00932	0.00474	0.00306	0.00981

[dist]
# distance from previous block
# <min> <max>
0	1

[block]
# block no. 4 follows, 30 sequences, length 11
# corresponding to MSA columns:
# 183-193
name=unknown_E
#
# <colnr> <probs for GDERKNQSTAVLIFYWHMCP>
#	G	D	E	R	K	N	Q	S	T	A	V	L	I	F	Y	W	H	M	C	P
0	0.01514	0.09249	0.41661	0.06152	0.13043	0.01711	0.09683	0.02152	0.01500	0.02153	0.01253	0.01545	0.00945	0.00639	0.00662	0.00210	0.00967	0.00555	0.00314	0.04090
1	0.01652	0.01308	0.01644	0.12784	0.02209	0.01210	0.01095	0.08885	0.01667	0.06918	0.03521	0.01718	0.01245	0.00661	0.00664	0.00155	0.03830	0.00523	0.00462	0.47850
2	0.01808	0.01691	0.05972	0.29792	0.25577	0.04834	0.01871	0.11431	0.01788	0.06499	0.01408	0.01775	0.01067	0.00702	0.00691	0.00217	0.00875	0.00614	0.00410	0.00980
3	0.01519	0.01219	0.01526	0.10086	0.01957	0.01204	0.01036	0.09820	0.01597	0.04057	0.01721	0.10960	0.01620	0.06346	0.01004	0.00220	0.07666	0.00736	0.02471	0.33235
4	0.01727	0.01658	0.02832	0.04283	0.71123	0.01658	0.02142	0.02142	0.01589	0.02280	0.01313	0.01727	0.01105	0.00622	0.00691	0.00207	0.00829	0.00622	0.00345	0.01105
5	0.01380	0.01304	0.02206	0.63181	0.14935	0.01567	0.01969	0.01838	0.01425	0.01859	0.01251	0.01840	0.00957	0.00686	0.00697	0.00229	0.00915	0.00620	0.00315	0.00826
6	0.01679	0.01609	0.02746	0.12428	0.63353	0.01645	0.02118	0.02100	0.01566	0.02222	0.01304	0.01743	0.01085	0.00631	0.00692	0.00210	0.00841	0.00622	0.00341	0.01067
7	0.01484	0.07289	0.01474	0.01271	0.04510	0.01183	0.00926	0.16089	0.01923	0.05310	0.15311	0.33792	0.03647	0.01496	0.00783	0.00238	0.00525	0.01308	0.00647	0.00795
8	0.01687	0.01722	0.06223	0.03895	0.61852	0.01595	0.02054	0.02113	0.01571	0.02276	0.01303	0.01691	0.01088	0.00615	0.00675	0.00199	0.00813	0.00599	0.00349	0.07680
9	0.05663	0.08228	0.48450	0.02191	0.11230	0.01693	0.06222	0.02225	0.01496	0.04503	0.01284	0.01516	0.00943	0.00655	0.00650	0.00215	0.00955	0.00536	0.00330	0.01016
10	0.01208	0.12784	0.01373	0.00942	0.01201	0.01028	0.00753	0.01531	0.04051	0.05389	0.38116	0.10436	0.15858	0.01373	0.00760	0.00217	0.00425	0.01175	0.00665	0.00715

[dist]
# distance from previous block
# <min> <max>
0	4

[block]
# block no. 5 follows, 30 sequences, length 65
# corresponding to MSA columns:
# 198-262
name=unknown_F
#
# <colnr> <probs for GDERKNQSTAVLIFYWHMCP>
#	G	D	E	R	K	N	Q	S	T	A	V	L	I	F	Y	W	H	M	C	P
0	0.01854	0.02029	0.05064	0.09071	0.47041	0.16047	0.01959	0.02230	0.01630	0.02101	0.01243	0.01626	0.01035	0.00670	0.00734	0.00208	0.03527	0.00583	0.00342	0.01005
1	0.01920	0.10655	0.05555	0.14661	0.27063	0.16075	0.01756	0.08241	0.03591	0.02212	0.01285	0.01592	0.01035	0.00681	0.00651	0.00201	0.00919	0.00558	0.00376	0.00970
2	0.04828	0.03859	0.09370	0.08974	0.21878	0.01545	0.11745	0.07743	0.03632	0.02412	0.05030	0.09503	0.01707	0.00854	0.00713	0.00219	0.00803	0.00795	0.00436	0.03954
3	0.21868	0.02155	0.17288	0.02007	0.12690	0.06334	0.06393	0.14052	0.01817	0.07149	0.01359	0.01533	0.01005	0.00695	0.00627	0.00214	0.00828	0.00546	0.00452	0.00989
4	0.01709	0.01639	0.02799	0.07413	0.68137	0.01653	0.02132	0.02125	0.01580	0.02257	0.01309	0.01733	0.01097	0.00625	0.00691	0.00208	0.00834	0.00622	0.00344	0.01090
5	0.01521	0.01486	0.02426	0.50237	0.13029	0.04426	0.09878	0.04940	0.01558	0.02016	0.01283	0.01814	0.00979	0.00682	0.00709	0.00226	0.00952	0.00638	0.00339	0.00858
6	0.01314	0.01240	0.02197	0.16312	0.12999	0.01284	0.16645	0.01683	0.01534	0.02100	0.12769	0.15985	0.02621	0.03929	0.00957	0.00257	0.03882	0.01035	0.00464	0.00792
7	0.01711	0.01635	0.02748	0.06903	0.65469	0.01657	0.02088	0.02196	0.04571	0.02288	0.01377	0.01771	0.01143	0.00639	0.00692	0.00210	0.00821	0.00629	0.00360	0.01092
8	0.01578	0.01292	0.01520	0.04053	0.07425	0.01413	0.01090	0.04571	0.39322	0.05219	0.14624	0.03319	0.09444	0.01067	0.00738	0.00230	0.00538	0.00909	0.00675	0.00972
9	0.01230	0.00812	0.01034	0.00944	0.01161	0.00766	0.00720	0.01666	0.06781	0.09003	0.57913	0.04815	0.07719	0.01352	0.00804	0.00221	0.00370	0.01184	0.00769	0.00736
10	0.02337	0.01690	0.01903	0.01619	0.05342	0.01833	0.01244	0.51806	0.02830	0.06727	0.02054	0.13544	0.01759	0.01046	0.00729	0.00222	0.00705	0.00850	0.00680	0.01083
11	0.00980	0.00669	0.00803	0.00832	0.00856	0.00667	0.00508	0.01036	0.01129	0.01521	0.05627	0.18334	0.03077	0.52892	0.07616	0.00609	0.00688	0.01199	0.00480	0.00476
12	0.01773	0.35424	0.08720	0.10682	0.02369	0.08965	0.04358	0.04774	0.04655	0.01978	0.05379	0.01647	0.01318	0.00734	0.00670	0.00191	0.04568	0.00538	0.00371	0.00885
13	0.01737	0.48239	0.27678	0.01476	0.02225	0.02309	0.01678	0.02170	0.01454	0.03842	0.01121	0.01280	0.00915	0.00628	0.00531	0.00176	0.00843	0.00433	0.00313	0.00952
14	0.01866	0.75896	0.03657	0.01194	0.01791	0.02761	0.01194	0.02090	0.01418	0.01642	0.00970	0.01119	0.00896	0.00597	0.00448	0.00149	0.00746	0.00373	0.00299	0.00896
15	0.07977	0.27036	0.02176	0.01226	0.01654	0.06519	0.01040	0.05689	0.18210	0.05025	0.11151	0.02283	0.02085	0.04245	0.00737	0.00217	0.00651	0.00655	0.00524	0.00901
16	0.07926	0.66958	0.06440	0.01207	0.01811	0.02619	0.01221	0.02092	0.01403	0.01782	0.00983	0.01136	0.00884	0.00604	0.00456	0.00158	0.00743	0.00380	0.00309	0.00891
17	0.01015	0.00677	0.00761	0.00761	0.00761	0.00677	0.00423	0.01015	0.01015	0.01353	0.02199	0.04567	0.02537	0.75476	0.03552	0.00677	0.00677	0.01015	0.00423	0.00423
18	0.01866	0.75896	0.03657	0.01194	0.01791	0.02761	0.01194	0.02090	0.01418	0.01642	0.00970	0.01119	0.00896	0.00597	0.00448	0.00149	0.00746	0.00373	0.00299	0.00896
19	0.02979	0.01252	0.01637	0.01275	0.01802	0.01144	0.01047	0.06412	0.08391	0.62129	0.02712	0.02365	0.01740	0.00870	0.00702	0.00218	0.00598	0.00707	0.00842	0.01180
20	0.01205	0.00793	0.01018	0.00942	0.01152	0.00741	0.00723	0.01595	0.05000	0.08701	0.56027	0.05028	0.09010	0.01393	0.00813	0.00225	0.00376	0.03776	0.00763	0.00720
21	0.00872	0.00616	0.00803	0.00944	0.00980	0.00581	0.00619	0.00977	0.01294	0.01726	0.03633	0.65899	0.04346	0.11674	0.01235	0.00334	0.00440	0.01858	0.00619	0.00548
22	0.02088	0.52418	0.03060	0.01310	0.01850	0.13556	0.01197	0.02433	0.06413	0.08071	0.01281	0.01360	0.01059	0.00665	0.00518	0.00166	0.00799	0.00444	0.00388	0.00923
23	0.09163	0.01200	0.01573	0.01216	0.01748	0.01068	0.01005	0.03295	0.01934	0.66261	0.02614	0.02278	0.01652	0.00847	0.00681	0.00216	0.00590	0.00676	0.00830	0.01154
24	0.03034	0.01166	0.01589	0.01225	0.01748	0.01009	0.01009	0.03307	0.01996	0.68508	0.05815	0.02503	0.01946	0.00889	0.00707	0.00216	0.00582	0.00727	0.00859	0.01164
25	0.02615	0.01936	0.02073	0.01598	0.02150	0.02146	0.01317	0.66118	0.06020	0.04337	0.01723	0.01714	0.01226	0.00842	0.00699	0.00211	0.00759	0.00635	0.00699	0.01183
26	0.06284	0.01412	0.01658	0.01303	0.01813	0.04734	0.01065	0.13788	0.04096	0.49568	0.05220	0.02277	0.01768	0.00869	0.00691	0.00214	0.00640	0.00689	0.00785	0.01126
27	0.80405	0.01350	0.01026	0.00918	0.01350	0.01565	0.00756	0.02051	0.01188	0.03131	0.00972	0.01134	0.00756	0.00648	0.00432	0.00216	0.00540	0.00378	0.00432	0.00756
28	0.01015	0.00677	0.00761	0.00761	0.00761	0.00677	0.00423	0.01015	0.01015	0.01353	0.02199	0.04567	0.02537	0.75476	0.03552	0.00677	0.00677	0.01015	0.00423	0.00423
29	0.00980	0.00713	0.00922	0.00870	0.01038	0.00655	0.00652	0.01301	0.01957	0.02754	0.67647	0.05286	0.09720	0.01443	0.00823	0.00220	0.00330	0.01272	0.00762	0.00655
30	0.01400	0.03610	0.71860	0.01989	0.03020	0.01621	0.02578	0.02210	0.01473	0.02210	0.01252	0.01473	0.00884	0.00663	0.00663	0.00221	0.01031	0.00516	0.00295	0.01031
31	0.01736	0.01499	0.01578	0.01420	0.01815	0.01736	0.01105	0.03708	0.69862	0.02919	0.02840	0.02604	0.02130	0.00947	0.00710	0.00237	0.00552	0.00789	0.00710	0.01105
32	0.01415	0.03521	0.68711	0.02094	0.06127	0.01622	0.02558	0.02207	0.01479	0.02213	0.01255	0.01485	0.00894	0.00661	0.00664	0.00220	0.01022	0.00520	0.00297	0.01035
33	0.01318	0.01240	0.02093	0.73798	0.04806	0.01550	0.01938	0.01783	0.01395	0.01783	0.01240	0.01860	0.00930	0.00698	0.00698	0.00233	0.00930	0.00620	0.00310	0.00775
34	0.01866	0.75896	0.03657	0.01194	0.01791	0.02761	0.01194	0.02090	0.01418	0.01642	0.00970	0.01119	0.00896	0.00597	0.00448	0.00149	0.00746	0.00373	0.00299	0.00896
35	0.01822	0.02938	0.51531	0.01907	0.04750	0.01486	0.03980	0.02488	0.01604	0.18487	0.01610	0.01703	0.01093	0.00707	0.00677	0.00220	0.00927	0.00571	0.00431	0.01068
36	0.00858	0.00611	0.00807	0.00961	0.01000	0.00572	0.00637	0.00974	0.01320	0.01760	0.03765	0.71567	0.04514	0.05778	0.01021	0.00303	0.00418	0.01936	0.00637	0.00560
37	0.00980	0.00713	0.00922	0.00870	0.01038	0.00655	0.00652	0.01301	0.01956	0.02754	0.67633	0.05286	0.09734	0.01443	0.00823	0.00220	0.00330	0.01272	0.00762	0.00655
38	0.01318	0.01240	0.02093	0.73798	0.04806	0.01550	0.01938	0.01783	0.01395	0.01783	0.01240	0.01860	0.00930	0.00698	0.00698	0.00233	0.00930	0.00620	0.00310	0.00775
39	0.01727	0.01658	0.02832	0.04283	0.71123	0.01658	0.02142	0.02142	0.01589	0.02280	0.01313	0.01727	0.01105	0.00622	0.00691	0.00207	0.00829	0.00622	0.00345	0.01105
40	0.80405	0.01350	0.01026	0.00918	0.01350	0.01565	0.00756	0.02051	0.01188	0.03131	0.00972	0.01134	0.00756	0.00648	0.00432	0.00216	0.00540	0.00378	0.00432	0.00756
41	0.00872	0.00720	0.00773	0.00791	0.01014	0.00621	0.00615	0.01075	0.01611	0.01956	0.09732	0.06795	0.58901	0.01772	0.00843	0.00246	0.00390	0.10019	0.00653	0.00600
42	0.00862	0.00612	0.00806	0.00956	0.00994	0.00575	0.00631	0.00975	0.01312	0.01750	0.03725	0.69837	0.04462	0.07578	0.01086	0.00312	0.00425	0.01913	0.00631	0.00556
43	0.01736	0.01499	0.01578	0.01420	0.01815	0.01736	0.01105	0.03708	0.69862	0.02919	0.02840	0.02604	0.02130	0.00947	0.00710	0.00237	0.00552	0.00789	0.00710	0.01105
44	0.01447	0.01240	0.01447	0.01034	0.01654	0.00930	0.00827	0.01757	0.01447	0.02274	0.01240	0.01447	0.01034	0.00517	0.00517	0.00103	0.00517	0.00413	0.00413	0.79742
45	0.01015	0.00677	0.00761	0.00761	0.00761	0.00677	0.00423	0.01015	0.01015	0.01353	0.02199	0.04567	0.02537	0.75476	0.03552	0.00677	0.00677	0.01015	0.00423	0.00423
46	0.01527	0.01527	0.02137	0.01832	0.01832	0.02137	0.01527	0.01679	0.01069	0.01679	0.00916	0.01527	0.00916	0.01221	0.02290	0.00305	0.74198	0.00611	0.00305	0.00763
47	0.01734	0.01723	0.02877	0.03921	0.58231	0.04656	0.09408	0.02154	0.01613	0.02244	0.01399	0.01946	0.01196	0.00669	0.00713	0.00213	0.00879	0.03008	0.00358	0.01058
48	0.00850	0.00607	0.00810	0.00972	0.01012	0.00567	0.00648	0.00972	0.01336	0.01781	0.03846	0.75020	0.04615	0.02186	0.00891	0.00283	0.00405	0.01984	0.00648	0.00567
49	0.01744	0.07632	0.06389	0.03860	0.60427	0.03579	0.02069	0.02158	0.01580	0.02211	0.01277	0.01654	0.01072	0.00624	0.00669	0.00203	0.00844	0.00592	0.00340	0.01077
50	0.80405	0.01350	0.01026	0.00918	0.01350	0.01565	0.00756	0.02051	0.01188	0.03131	0.00972	0.01134	0.00756	0.00648	0.00432	0.00216	0.00540	0.00378	0.00432	0.00756
51	0.01013	0.00686	0.00807	0.00807	0.00823	0.00701	0.00480	0.01044	0.01028	0.01387	0.02157	0.04335	0.02437	0.66579	0.12311	0.00733	0.00828	0.00981	0.00417	0.00448
52	0.01400	0.03610	0.71860	0.01989	0.03020	0.01621	0.02578	0.02210	0.01473	0.02210	0.01252	0.01473	0.00884	0.00663	0.00663	0.00221	0.01031	0.00516	0.00295	0.01031
53	0.01318	0.01240	0.02093	0.73798	0.04806	0.01550	0.01938	0.01783	0.01395	0.01783	0.01240	0.01860	0.00930	0.00698	0.00698	0.00233	0.00930	0.00620	0.00310	0.00775
54	0.08195	0.01200	0.01877	0.61234	0.04166	0.01475	0.01712	0.01793	0.01383	0.01970	0.01305	0.01860	0.00988	0.00703	0.00657	0.00225	0.00845	0.00602	0.07047	0.00763
55	0.00858	0.00659	0.00774	0.00845	0.00972	0.00588	0.00588	0.01011	0.01468	0.01873	0.09823	0.38317	0.31749	0.05908	0.01002	0.00280	0.00393	0.01671	0.00644	0.00575
56	0.01643	0.06402	0.06853	0.02731	0.03404	0.01840	0.57849	0.02193	0.01592	0.02166	0.01350	0.01798	0.01033	0.00628	0.00879	0.00234	0.05357	0.00771	0.00344	0.00932
57	0.06449	0.15277	0.13176	0.02378	0.05984	0.01922	0.37580	0.04929	0.01619	0.02271	0.01291	0.01629	0.00994	0.00616	0.00700	0.00214	0.01009	0.00656	0.00354	0.00952
58	0.01624	0.01240	0.01474	0.03738	0.01745	0.01079	0.00922	0.11360	0.01742	0.06694	0.03719	0.11522	0.01732	0.00840	0.00619	0.00157	0.00552	0.00704	0.00519	0.48020
59	0.48897	0.02185	0.26697	0.01381	0.02040	0.01593	0.04003	0.02116	0.01308	0.02764	0.01090	0.01285	0.00814	0.00651	0.00530	0.00218	0.00741	0.00445	0.00379	0.00862
60	0.01935	0.01493	0.01762	0.01336	0.01905	0.01420	0.03803	0.20275	0.11814	0.07568	0.01696	0.01755	0.01280	0.00691	0.00618	0.00164	0.00622	0.00562	0.00561	0.38741
61	0.02537	0.01864	0.02000	0.01546	0.02065	0.02059	0.01262	0.63988	0.03120	0.04182	0.01713	0.01880	0.01283	0.06132	0.00900	0.00243	0.00761	0.00656	0.00679	0.01133
62	0.21105	0.04020	0.01936	0.04217	0.05438	0.19586	0.04882	0.14393	0.08315	0.04540	0.01395	0.01545	0.01074	0.00754	0.00685	0.00211	0.03961	0.00542	0.00477	0.00923
63	0.10526	0.01589	0.06229	0.24488	0.05976	0.01665	0.01492	0.20333	0.09045	0.02817	0.01722	0.07990	0.01424	0.00877	0.00683	0.00227	0.00760	0.00722	0.00501	0.00934
64	0.01526	0.05497	0.02558	0.18493	0.02900	0.01621	0.22069	0.01908	0.01445	0.04540	0.04358	0.02118	0.01385	0.04456	0.01159	0.00258	0.15131	0.00719	0.07047	0.00813

[dist]
# distance from previous block
# <min> <max>
3	16

[block]
# block no. 6 follows, 30 sequences, length 61
# corresponding to MSA columns:
# 279-339
name=unknown_G
#
# <colnr> <probs for GDERKNQSTAVLIFYWHMCP>
#	G	D	E	R	K	N	Q	S	T	A	V	L	I	F	Y	W	H	M	C	P
0	0.07342	0.36733	0.04829	0.01440	0.03808	0.19638	0.01237	0.04606	0.01641	0.01973	0.05291	0.01623	0.03336	0.00746	0.00608	0.00179	0.03229	0.00506	0.00377	0.00858
1	0.02025	0.59420	0.03259	0.01295	0.01851	0.12028	0.01210	0.04171	0.03571	0.04075	0.01118	0.01239	0.00968	0.00639	0.00495	0.00160	0.00805	0.00414	0.00349	0.00908
2	0.01027	0.01197	0.12489	0.08234	0.01694	0.00864	0.01055	0.01288	0.01345	0.01819	0.03111	0.38425	0.08481	0.11532	0.01173	0.00311	0.00595	0.01385	0.00519	0.03456
3	0.02249	0.13189	0.01735	0.01114	0.01547	0.01199	0.00925	0.02509	0.01817	0.37862	0.17760	0.02921	0.02719	0.05684	0.00863	0.00231	0.00561	0.00785	0.00707	0.03622
4	0.02521	0.01749	0.01921	0.01510	0.02019	0.01902	0.01232	0.53454	0.06412	0.11225	0.02012	0.07310	0.01550	0.00947	0.00714	0.00217	0.00711	0.00746	0.00712	0.01136
5	0.04734	0.10179	0.06018	0.01378	0.01918	0.03674	0.01200	0.19057	0.11561	0.24197	0.04565	0.02038	0.01605	0.00823	0.00658	0.00204	0.00678	0.00640	0.00655	0.04217
6	0.02565	0.01900	0.02034	0.01571	0.02114	0.02100	0.01294	0.64517	0.05425	0.04270	0.01883	0.01865	0.03408	0.00871	0.00702	0.00211	0.00748	0.00660	0.00697	0.01165
7	0.00903	0.00710	0.00816	0.00790	0.00991	0.00623	0.00592	0.01154	0.01776	0.02326	0.37845	0.05989	0.39789	0.01603	0.00824	0.00228	0.00342	0.01371	0.00706	0.00623
8	0.02522	0.22870	0.12251	0.01335	0.01961	0.01606	0.01296	0.02856	0.01757	0.41697	0.02029	0.01888	0.01369	0.00759	0.00624	0.00198	0.00700	0.00581	0.00621	0.01082
9	0.01374	0.01298	0.02195	0.64228	0.13936	0.01565	0.01966	0.01832	0.01422	0.01851	0.01250	0.01842	0.00954	0.00687	0.00697	0.00229	0.00916	0.00620	0.00315	0.00821
10	0.02775	0.01112	0.01514	0.01204	0.01679	0.00972	0.00990	0.03054	0.01972	0.59872	0.10400	0.03012	0.02403	0.00989	0.00731	0.00222	0.00567	0.04595	0.00840	0.01097
11	0.01965	0.00997	0.01292	0.01090	0.01426	0.00923	0.00859	0.07749	0.02046	0.30095	0.33143	0.08934	0.04066	0.01211	0.00770	0.00222	0.00476	0.01040	0.00791	0.00905
12	0.01560	0.01631	0.03199	0.25616	0.18678	0.01674	0.33093	0.02072	0.01555	0.02102	0.01336	0.01842	0.01028	0.00630	0.00755	0.00228	0.01023	0.00715	0.00338	0.00924
13	0.02466	0.01772	0.01935	0.01528	0.02028	0.01939	0.01251	0.58276	0.03011	0.06633	0.01969	0.08044	0.01594	0.00990	0.00724	0.00220	0.00727	0.03080	0.00698	0.01116
14	0.00988	0.00746	0.00923	0.01011	0.01181	0.00700	0.00822	0.01220	0.01540	0.01939	0.04853	0.11105	0.28931	0.07411	0.01102	0.00314	0.00523	0.33461	0.00628	0.00602
15	0.02349	0.01740	0.01898	0.01511	0.01990	0.01924	0.01229	0.55659	0.05900	0.03925	0.01922	0.07939	0.01554	0.01254	0.05605	0.00279	0.00803	0.00757	0.00672	0.01093
16	0.01333	0.02535	0.40745	0.01976	0.04573	0.01404	0.14043	0.01944	0.01524	0.02191	0.06976	0.13789	0.01960	0.00954	0.00742	0.00233	0.00897	0.00869	0.00400	0.00913
17	0.02999	0.01181	0.01592	0.01239	0.01754	0.01037	0.01015	0.05268	0.02003	0.65980	0.02776	0.06077	0.01859	0.00931	0.00711	0.00219	0.00589	0.00765	0.00848	0.01156
18	0.02983	0.01241	0.01626	0.01254	0.01782	0.01118	0.01033	0.09689	0.02105	0.61968	0.02838	0.02498	0.04714	0.00901	0.00707	0.00216	0.00600	0.00728	0.00838	0.01161
19	0.01628	0.01806	0.05958	0.10960	0.24931	0.01703	0.38152	0.02156	0.01595	0.02200	0.01356	0.01816	0.01053	0.00613	0.00762	0.00226	0.01036	0.00727	0.00344	0.00978
20	0.03007	0.01249	0.01644	0.01266	0.01794	0.01128	0.01043	0.09975	0.02127	0.62357	0.05033	0.02404	0.01843	0.00881	0.00706	0.00215	0.00602	0.00714	0.00844	0.01169
21	0.01318	0.01240	0.02093	0.73798	0.04806	0.01550	0.01938	0.01783	0.01395	0.01783	0.01240	0.01860	0.00930	0.00698	0.00698	0.00233	0.00930	0.00620	0.00310	0.00775
22	0.01493	0.01267	0.01471	0.01055	0.01673	0.00977	0.00846	0.04286	0.01516	0.02354	0.01257	0.01456	0.01039	0.00529	0.00524	0.00107	0.00526	0.00422	0.00424	0.76778
23	0.01952	0.01553	0.01698	0.04621	0.01999	0.01762	0.01174	0.18212	0.47062	0.05790	0.04718	0.02438	0.01995	0.00924	0.00710	0.00229	0.00612	0.00757	0.00697	0.01097
24	0.01805	0.01533	0.01617	0.01434	0.01841	0.01768	0.01121	0.08600	0.64857	0.03030	0.02753	0.02534	0.02059	0.00939	0.00709	0.00235	0.00568	0.00777	0.00709	0.01111
25	0.01703	0.01634	0.02789	0.08335	0.67257	0.01652	0.02130	0.02121	0.01578	0.02251	0.01308	0.01735	0.01095	0.00626	0.00691	0.00209	0.00835	0.00622	0.00343	0.01086
26	0.00873	0.00624	0.00836	0.00998	0.01048	0.00587	0.00688	0.01011	0.01359	0.01807	0.03834	0.69416	0.04565	0.02165	0.00897	0.00287	0.00425	0.07363	0.00647	0.00573
27	0.00857	0.00613	0.00816	0.00967	0.01014	0.00571	0.00648	0.00989	0.01369	0.01834	0.07275	0.71442	0.04716	0.02147	0.00887	0.00280	0.00401	0.01947	0.00654	0.00571
28	0.01765	0.58731	0.17090	0.01420	0.02107	0.02497	0.04149	0.02119	0.01438	0.01777	0.01043	0.01219	0.00900	0.00610	0.00505	0.00167	0.00819	0.00419	0.00300	0.00924
29	0.02041	0.01412	0.01632	0.01236	0.01794	0.01299	0.00999	0.20825	0.04050	0.14132	0.01769	0.04932	0.01379	0.00749	0.00620	0.00163	0.00596	0.00601	0.00585	0.39186
30	0.01689	0.17746	0.37535	0.02052	0.06740	0.01850	0.12357	0.03628	0.01566	0.06607	0.01328	0.01541	0.00987	0.00652	0.00649	0.00207	0.00950	0.00555	0.00352	0.01007
31	0.02453	0.23172	0.07625	0.01396	0.01991	0.01927	0.01282	0.22150	0.04235	0.24359	0.01812	0.01746	0.01277	0.00767	0.00625	0.00196	0.00721	0.00574	0.00604	0.01089
32	0.01009	0.00654	0.00865	0.00976	0.01063	0.00602	0.00669	0.01149	0.01412	0.06560	0.06080	0.65115	0.07098	0.02055	0.00873	0.00275	0.00413	0.01853	0.00666	0.00613
33	0.01447	0.01240	0.01447	0.01034	0.01654	0.00930	0.00827	0.01757	0.01447	0.02274	0.01240	0.01447	0.01034	0.00517	0.00517	0.00103	0.00517	0.00413	0.00413	0.79742
34	0.01658	0.01588	0.02708	0.15951	0.59992	0.01640	0.02107	0.02081	0.01556	0.02196	0.01300	0.01749	0.01076	0.00635	0.00692	0.00212	0.00846	0.00621	0.00339	0.01050
35	0.00850	0.00607	0.00810	0.00972	0.01012	0.00567	0.00648	0.00972	0.01336	0.01781	0.03846	0.75020	0.04615	0.02186	0.00891	0.00283	0.00405	0.01984	0.00648	0.00567
36	0.01734	0.50442	0.25800	0.01469	0.02201	0.04257	0.01648	0.02147	0.01451	0.01828	0.01065	0.01238	0.00892	0.00622	0.00523	0.00173	0.00853	0.00422	0.00299	0.00937
37	0.09492	0.01195	0.01517	0.01168	0.01699	0.01045	0.00958	0.02949	0.01837	0.52181	0.04597	0.02211	0.01691	0.00807	0.00652	0.00198	0.00568	0.00646	0.00750	0.13838
38	0.01500	0.01327	0.01471	0.01076	0.01678	0.03615	0.00856	0.01865	0.03898	0.02276	0.01291	0.01481	0.01068	0.00540	0.00528	0.00111	0.00546	0.00428	0.00422	0.74025
39	0.01922	0.01538	0.01652	0.01413	0.01857	0.01713	0.01116	0.13854	0.51327	0.06177	0.02536	0.02363	0.01883	0.00895	0.00694	0.00222	0.00586	0.00732	0.00694	0.06827
40	0.01508	0.01154	0.01590	0.14080	0.02045	0.01379	0.01187	0.01818	0.04858	0.10656	0.04714	0.02943	0.09562	0.11187	0.05535	0.00360	0.23375	0.00816	0.00473	0.00760
41	0.01579	0.01257	0.01475	0.01062	0.01676	0.00971	0.00853	0.03739	0.01531	0.06375	0.01341	0.01508	0.01078	0.00546	0.00533	0.00113	0.00528	0.00436	0.00448	0.72953
42	0.01015	0.00677	0.00761	0.00761	0.00761	0.00677	0.00423	0.01015	0.01015	0.01353	0.02199	0.04567	0.02537	0.75476	0.03552	0.00677	0.00677	0.01015	0.00423	0.00423
43	0.01591	0.01726	0.03193	0.21885	0.08025	0.05811	0.37913	0.02085	0.01557	0.02046	0.01342	0.01852	0.01040	0.00824	0.03555	0.00265	0.03344	0.00725	0.00341	0.00882
44	0.01318	0.01240	0.02093	0.73798	0.04806	0.01550	0.01938	0.01783	0.01395	0.01783	0.01240	0.01860	0.00930	0.00698	0.00698	0.00233	0.00930	0.00620	0.00310	0.00775
45	0.00850	0.00607	0.00810	0.00972	0.01012	0.00567	0.00648	0.00972	0.01336	0.01781	0.03846	0.75020	0.04615	0.02186	0.00891	0.00283	0.00405	0.01984	0.00648	0.00567
46	0.01528	0.01465	0.02520	0.37667	0.36956	0.01610	0.04285	0.01972	0.01498	0.02039	0.01281	0.01796	0.01020	0.00657	0.00699	0.00220	0.00889	0.00628	0.00329	0.00941
47	0.01806	0.01550	0.02405	0.09576	0.45094	0.01614	0.01816	0.02541	0.15988	0.07939	0.01744	0.01976	0.01356	0.00716	0.00696	0.00216	0.00761	0.00663	0.00461	0.01083
48	0.01392	0.01163	0.01366	0.01044	0.01567	0.00915	0.00815	0.03985	0.01493	0.02269	0.01679	0.13410	0.01621	0.00799	0.00584	0.00136	0.00507	0.00676	0.00462	0.64116
49	0.01034	0.00716	0.00941	0.00985	0.01104	0.00680	0.00686	0.01183	0.01295	0.04405	0.03045	0.45077	0.03460	0.11832	0.12860	0.00451	0.00694	0.01473	0.00562	0.07516
50	0.01651	0.01636	0.02941	0.08904	0.51441	0.01632	0.14316	0.02093	0.01586	0.02222	0.01529	0.01942	0.03550	0.00662	0.00721	0.00215	0.00884	0.00689	0.00355	0.01033
51	0.01265	0.00935	0.01044	0.00988	0.01225	0.00932	0.00739	0.06202	0.12717	0.05750	0.06947	0.12777	0.28119	0.11255	0.03348	0.00325	0.00530	0.03539	0.00639	0.00726
52	0.01630	0.01400	0.01569	0.01190	0.01721	0.03712	0.00952	0.11027	0.01689	0.02483	0.01407	0.05248	0.01226	0.00701	0.00684	0.00144	0.05514	0.00538	0.00456	0.56710
53	0.01659	0.11472	0.05635	0.11070	0.13998	0.04039	0.23927	0.05452	0.01606	0.02136	0.01449	0.06701	0.01259	0.00779	0.00820	0.00223	0.05747	0.00740	0.00372	0.00916
