[name]
unknown

[dist]
# distance from previous block
# <min> <max>
5	159

[block]
# block no. 0 follows, 28 sequences, length 72
# corresponding to MSA columns:
# 201-272
name=unknown_A
#
# <colnr> <probs for GDERKNQSTAVLIFYWHMCP>
#	G	D	E	R	K	N	Q	S	T	A	V	L	I	F	Y	W	H	M	C	P
0	0.01089	0.00769	0.01001	0.01012	0.01109	0.00810	0.00715	0.03758	0.01357	0.01894	0.08017	0.18600	0.03072	0.23372	0.26649	0.00705	0.01045	0.01164	0.03256	0.00605
1	0.01927	0.00942	0.01259	0.01067	0.01396	0.00840	0.00840	0.02245	0.02067	0.30077	0.42711	0.04241	0.04823	0.01250	0.00807	0.00227	0.00454	0.01080	0.00840	0.00908
2	0.04736	0.01875	0.02001	0.01592	0.02127	0.02088	0.01297	0.47815	0.19458	0.06277	0.02061	0.01992	0.01485	0.00896	0.00722	0.00226	0.00732	0.00691	0.00728	0.01202
3	0.76342	0.01432	0.01115	0.00986	0.01442	0.01657	0.00812	0.04898	0.01329	0.03317	0.01043	0.01205	0.00806	0.00683	0.00462	0.00225	0.00572	0.00405	0.00462	0.00806
4	0.01263	0.00631	0.00947	0.00947	0.00947	0.00631	0.00631	0.00947	0.00947	0.01263	0.01263	0.02210	0.01263	0.02525	0.02841	0.78851	0.00631	0.00631	0.00316	0.00316
5	0.01195	0.00864	0.01189	0.01344	0.01520	0.00873	0.01171	0.01594	0.04170	0.02208	0.03816	0.07995	0.04110	0.01970	0.00994	0.00331	0.00666	0.62632	0.00672	0.00687
6	0.01038	0.00779	0.01168	0.01168	0.01298	0.00909	0.00909	0.01298	0.01168	0.01687	0.01947	0.02856	0.01817	0.05452	0.71573	0.01168	0.01947	0.00779	0.00389	0.00649
7	0.10846	0.00819	0.00955	0.00926	0.01129	0.00794	0.00703	0.01404	0.01835	0.02728	0.45533	0.11414	0.12658	0.01516	0.00819	0.00240	0.00394	0.03881	0.00726	0.00681
8	0.02715	0.03464	0.02060	0.01873	0.02247	0.71536	0.01404	0.02903	0.02060	0.01779	0.01124	0.01311	0.00936	0.00749	0.00655	0.00187	0.01311	0.00468	0.00375	0.00843
9	0.01607	0.05519	0.44148	0.02245	0.03153	0.01708	0.20650	0.02322	0.01626	0.05190	0.03973	0.01828	0.01233	0.00705	0.00738	0.00231	0.01060	0.00660	0.00368	0.01035
10	0.01933	0.02168	0.03462	0.02592	0.03174	0.14692	0.43580	0.06890	0.01845	0.02327	0.01485	0.04487	0.01210	0.00763	0.00918	0.00239	0.06084	0.00802	0.00402	0.00946
11	0.79588	0.01406	0.01068	0.00956	0.01406	0.01631	0.00787	0.02137	0.01237	0.03261	0.01012	0.01181	0.00787	0.00675	0.00450	0.00225	0.00562	0.00394	0.00450	0.00787
12	0.01664	0.02002	0.07846	0.02917	0.03640	0.01774	0.60704	0.02268	0.01691	0.02306	0.01574	0.05144	0.01258	0.00691	0.00852	0.00246	0.01181	0.00894	0.00378	0.00968
13	0.01171	0.00837	0.01171	0.01339	0.01506	0.00837	0.01171	0.01506	0.01673	0.02175	0.03849	0.08199	0.04183	0.02008	0.01004	0.00335	0.00669	0.65027	0.00669	0.00669
14	0.01434	0.00753	0.00762	0.00733	0.00926	0.00766	0.00557	0.05371	0.01630	0.02815	0.02336	0.02656	0.01828	0.00848	0.00520	0.00172	0.00365	0.00676	0.74144	0.00709
15	0.79588	0.01406	0.01068	0.00956	0.01406	0.01631	0.00787	0.02137	0.01237	0.03261	0.01012	0.01181	0.00787	0.00675	0.00450	0.00225	0.00562	0.00394	0.00450	0.00787
16	0.01605	0.01289	0.01517	0.01089	0.01730	0.00975	0.00873	0.01926	0.01539	0.06171	0.01380	0.01561	0.01117	0.00559	0.00549	0.00114	0.00543	0.00447	0.00457	0.74558
17	0.01038	0.00779	0.01168	0.01168	0.01298	0.00909	0.00909	0.01298	0.01168	0.01687	0.01947	0.02856	0.01817	0.05452	0.71573	0.01168	0.01947	0.00779	0.00389	0.00649
18	0.01032	0.00880	0.00906	0.00886	0.01150	0.00829	0.00667	0.01552	0.13772	0.02153	0.06387	0.09791	0.53957	0.01709	0.00841	0.00248	0.00409	0.01433	0.00687	0.00710
19	0.01728	0.01865	0.03747	0.03351	0.21833	0.01840	0.43855	0.02253	0.01648	0.02292	0.01399	0.01885	0.01104	0.00678	0.00948	0.00243	0.07174	0.00781	0.00361	0.01012
20	0.01610	0.02648	0.30095	0.02632	0.03471	0.01795	0.39549	0.02296	0.01622	0.02296	0.01386	0.01780	0.01026	0.00669	0.00852	0.00242	0.03956	0.00724	0.00342	0.01010
21	0.01716	0.01961	0.04289	0.03064	0.03799	0.01838	0.67279	0.02328	0.01716	0.02328	0.01471	0.01961	0.01103	0.00613	0.00858	0.00245	0.01225	0.00858	0.00368	0.00980
22	0.00886	0.00633	0.00843	0.01012	0.01054	0.00590	0.00675	0.01012	0.01392	0.01856	0.04006	0.73979	0.04808	0.02277	0.00928	0.00295	0.00422	0.02066	0.00675	0.00590
23	0.01113	0.00832	0.01168	0.01141	0.01256	0.00958	0.00862	0.03252	0.01213	0.01726	0.01968	0.03123	0.01919	0.17688	0.54705	0.01026	0.04189	0.00821	0.00406	0.00634
24	0.01568	0.19814	0.55593	0.01885	0.02857	0.01956	0.02360	0.02274	0.01522	0.02168	0.01238	0.01451	0.00924	0.00675	0.00640	0.00213	0.01007	0.00504	0.00308	0.01042
25	0.79588	0.01406	0.01068	0.00956	0.01406	0.01631	0.00787	0.02137	0.01237	0.03261	0.01012	0.01181	0.00787	0.00675	0.00450	0.00225	0.00562	0.00394	0.00450	0.00787
26	0.00886	0.00633	0.00843	0.01012	0.01054	0.00590	0.00675	0.01012	0.01392	0.01856	0.04006	0.73979	0.04808	0.02277	0.00928	0.00295	0.00422	0.02066	0.00675	0.00590
27	0.02620	0.01970	0.02130	0.01663	0.02204	0.02209	0.01367	0.58446	0.09772	0.04310	0.01832	0.01834	0.01322	0.00901	0.00798	0.00225	0.03806	0.00670	0.00711	0.01209
28	0.01902	0.01608	0.01696	0.01498	0.01926	0.01852	0.01173	0.10107	0.62209	0.03192	0.02840	0.02617	0.02122	0.00975	0.00738	0.00244	0.00597	0.00805	0.00738	0.01159
29	0.76872	0.01479	0.01103	0.00988	0.01435	0.04101	0.00809	0.02164	0.01266	0.03209	0.01016	0.01185	0.00792	0.00677	0.00457	0.00224	0.00589	0.00396	0.00447	0.00789
30	0.01056	0.00708	0.00810	0.00810	0.00815	0.00714	0.00461	0.01068	0.01062	0.01422	0.02275	0.04672	0.02606	0.71381	0.06722	0.00725	0.00760	0.01045	0.00438	0.00450
31	0.00886	0.00633	0.00843	0.01012	0.01054	0.00590	0.00675	0.01012	0.01392	0.01856	0.04006	0.73979	0.04808	0.02277	0.00928	0.00295	0.00422	0.02066	0.00675	0.00590
32	0.01510	0.01303	0.01534	0.01108	0.01730	0.01016	0.00889	0.01827	0.01493	0.02345	0.01279	0.01510	0.01072	0.00566	0.00608	0.00116	0.03268	0.00438	0.00426	0.75960
33	0.04998	0.33279	0.32887	0.01605	0.02393	0.02182	0.01837	0.06191	0.01595	0.02200	0.01233	0.01500	0.01004	0.03451	0.00702	0.00216	0.00898	0.00496	0.00345	0.00989
34	0.01621	0.27624	0.48250	0.01794	0.02717	0.02087	0.02202	0.02260	0.01515	0.02103	0.01206	0.01411	0.00925	0.00668	0.00615	0.00205	0.00975	0.00487	0.00308	0.01027
35	0.00886	0.00633	0.00843	0.01012	0.01054	0.00590	0.00675	0.01012	0.01392	0.01856	0.04006	0.73979	0.04808	0.02277	0.00928	0.00295	0.00422	0.02066	0.00675	0.00590
36	0.01350	0.01159	0.01440	0.01192	0.01569	0.01066	0.00927	0.01593	0.01413	0.02129	0.01983	0.21407	0.02081	0.01133	0.00941	0.00193	0.12119	0.00912	0.00480	0.44915
37	0.01029	0.00743	0.00972	0.00914	0.01086	0.00686	0.00686	0.01372	0.02058	0.02915	0.69536	0.05430	0.06859	0.01486	0.00857	0.00229	0.00343	0.01315	0.00800	0.00686
38	0.01038	0.00779	0.01168	0.01168	0.01298	0.00909	0.00909	0.01298	0.01168	0.01687	0.01947	0.02856	0.01817	0.05452	0.71573	0.01168	0.01947	0.00779	0.00389	0.00649
39	0.01507	0.01292	0.01507	0.01077	0.01723	0.00969	0.00861	0.01830	0.01507	0.02369	0.01292	0.01507	0.01077	0.00538	0.00538	0.00108	0.00538	0.00431	0.00431	0.78898
40	0.01002	0.00782	0.00914	0.00881	0.01090	0.00717	0.00660	0.01372	0.05598	0.02518	0.39567	0.08435	0.30554	0.01624	0.00854	0.00239	0.00369	0.01399	0.00744	0.00681
41	0.01042	0.00727	0.00898	0.00913	0.01074	0.00656	0.00657	0.01263	0.01715	0.05299	0.28142	0.27103	0.21562	0.04361	0.00974	0.00270	0.00399	0.01570	0.00721	0.00654
42	0.02715	0.03464	0.02060	0.01873	0.02247	0.71536	0.01404	0.02903	0.02060	0.01779	0.01124	0.01311	0.00936	0.00749	0.00655	0.00187	0.01311	0.00468	0.00375	0.00843
43	0.79588	0.01406	0.01068	0.00956	0.01406	0.01631	0.00787	0.02137	0.01237	0.03261	0.01012	0.01181	0.00787	0.00675	0.00450	0.00225	0.00562	0.00394	0.00450	0.00787
44	0.02161	0.04780	0.01743	0.01417	0.01831	0.06459	0.01139	0.10758	0.23784	0.17989	0.02421	0.02573	0.01848	0.01761	0.13559	0.00400	0.00924	0.02747	0.00664	0.01043
45	0.00993	0.00764	0.00926	0.00996	0.01152	0.00714	0.00725	0.01298	0.05838	0.02084	0.09779	0.39482	0.20794	0.01949	0.00888	0.00272	0.00437	0.07256	0.00681	0.02971
46	0.01569	0.01113	0.01296	0.01164	0.01469	0.01123	0.00923	0.13695	0.04321	0.08939	0.06776	0.13424	0.25396	0.01530	0.00917	0.00253	0.04584	0.07529	0.00684	0.03296
47	0.02717	0.03406	0.02065	0.01865	0.02247	0.68720	0.01404	0.05528	0.02115	0.01893	0.01149	0.01329	0.00949	0.00754	0.00658	0.00189	0.01290	0.00476	0.00389	0.00859
48	0.04503	0.01455	0.01665	0.01231	0.01847	0.01289	0.00999	0.16688	0.01992	0.10936	0.01570	0.01664	0.01188	0.00660	0.00600	0.00150	0.00607	0.00515	0.00553	0.49886
49	0.01021	0.00743	0.00961	0.00906	0.01081	0.00683	0.00680	0.01357	0.02039	0.02872	0.66704	0.05501	0.09717	0.01502	0.00857	0.00229	0.00344	0.01325	0.00794	0.00683
50	0.01518	0.01328	0.01656	0.01183	0.01833	0.01015	0.04402	0.01857	0.01518	0.02367	0.01302	0.01531	0.01078	0.00542	0.00555	0.00115	0.00575	0.00453	0.00427	0.74743
51	0.00886	0.00633	0.00843	0.01012	0.01054	0.00590	0.00675	0.01012	0.01392	0.01856	0.04006	0.73979	0.04808	0.02277	0.00928	0.00295	0.00422	0.02066	0.00675	0.00590
52	0.01969	0.01985	0.02793	0.03979	0.57530	0.11607	0.02079	0.05059	0.01786	0.02383	0.01349	0.01728	0.01125	0.00671	0.00711	0.00212	0.00924	0.00623	0.00377	0.01111
53	0.01039	0.00775	0.01148	0.01148	0.01271	0.00898	0.00884	0.01285	0.01162	0.01673	0.01965	0.02957	0.01861	0.09130	0.67955	0.01144	0.01881	0.00794	0.00392	0.00638
54	0.01057	0.00705	0.00793	0.00793	0.00793	0.00705	0.00440	0.01057	0.01057	0.01409	0.02290	0.04757	0.02643	0.74454	0.03700	0.00705	0.00705	0.01057	0.00440	0.00440
55	0.01942	0.02024	0.02731	0.08629	0.52775	0.14840	0.02061	0.02332	0.01717	0.02228	0.01316	0.01717	0.01099	0.00672	0.00708	0.00212	0.00955	0.00614	0.00360	0.01070
56	0.01678	0.01900	0.04132	0.02970	0.03674	0.01781	0.64246	0.02268	0.01701	0.02307	0.01586	0.05241	0.01272	0.00689	0.00861	0.00247	0.01189	0.00913	0.00382	0.00963
57	0.01056	0.00709	0.00813	0.00813	0.00820	0.00716	0.00465	0.01070	0.01063	0.01424	0.02272	0.04656	0.02599	0.70775	0.07318	0.00729	0.00771	0.01042	0.00438	0.00452
58	0.01507	0.01292	0.01507	0.01077	0.01723	0.00969	0.00861	0.01830	0.01507	0.02369	0.01292	0.01507	0.01077	0.00538	0.00538	0.00108	0.00538	0.00431	0.00431	0.78898
59	0.04466	0.57786	0.11416	0.01347	0.01987	0.05733	0.01383	0.02190	0.01526	0.01884	0.03836	0.01390	0.01168	0.00673	0.00517	0.00171	0.00812	0.00448	0.00338	0.00931
60	0.01590	0.01590	0.02226	0.01908	0.01908	0.02226	0.01590	0.01749	0.01113	0.01749	0.00954	0.01590	0.00954	0.01272	0.02385	0.00318	0.73123	0.00636	0.00318	0.00795
61	0.01006	0.00742	0.00941	0.00891	0.01072	0.00676	0.00668	0.01329	0.02005	0.02790	0.61354	0.05636	0.15118	0.01533	0.00858	0.00231	0.00346	0.01343	0.00784	0.00676
62	0.03146	0.01331	0.01734	0.01339	0.01897	0.01219	0.01103	0.09886	0.05243	0.60839	0.02761	0.02413	0.01763	0.00901	0.00731	0.00225	0.00635	0.00728	0.00875	0.01233
63	0.01845	0.01580	0.01665	0.01487	0.01904	0.01825	0.01160	0.06331	0.66077	0.03101	0.02912	0.02675	0.02181	0.00982	0.00739	0.00245	0.00584	0.00815	0.00739	0.01154
64	0.79588	0.01406	0.01068	0.00956	0.01406	0.01631	0.00787	0.02137	0.01237	0.03261	0.01012	0.01181	0.00787	0.00675	0.00450	0.00225	0.00562	0.00394	0.00450	0.00787
65	0.01057	0.00705	0.00793	0.00793	0.00793	0.00705	0.00440	0.01057	0.01057	0.01409	0.02290	0.04757	0.02643	0.74454	0.03700	0.00705	0.00705	0.01057	0.00440	0.00440
66	0.02874	0.01169	0.01573	0.01245	0.01740	0.01031	0.01013	0.03213	0.04144	0.58095	0.10628	0.05322	0.02503	0.01018	0.00753	0.00228	0.00578	0.00848	0.00875	0.01148
67	0.01039	0.00776	0.01154	0.01154	0.01279	0.00901	0.00891	0.01289	0.01164	0.01677	0.01960	0.02927	0.01848	0.08051	0.69017	0.01151	0.01900	0.00789	0.00391	0.00641
68	0.00894	0.00639	0.00851	0.01006	0.01056	0.00596	0.00675	0.01034	0.01432	0.01919	0.07947	0.69858	0.04931	0.02230	0.00924	0.00291	0.00417	0.02021	0.00682	0.00596
69	0.07351	0.01793	0.02057	0.01679	0.02134	0.09761	0.09482	0.21424	0.06311	0.06591	0.02265	0.02884	0.05778	0.01029	0.00844	0.00238	0.04860	0.08660	0.00587	0.04271
70	0.05042	0.01470	0.01449	0.05104	0.01786	0.11692	0.01062	0.09312	0.09374	0.07547	0.13118	0.13558	0.07611	0.01322	0.00791	0.00245	0.00672	0.07343	0.00650	0.00853
71	0.36388	0.11004	0.04878	0.01284	0.01822	0.04735	0.01121	0.17615	0.04113	0.06292	0.01360	0.01454	0.01027	0.00734	0.00562	0.00210	0.00701	0.00494	0.00517	0.03688

[dist]
# distance from previous block
# <min> <max>
20	80

[block]
# block no. 1 follows, 28 sequences, length 49
# corresponding to MSA columns:
# 355-403
name=unknown_B
#
# <colnr> <probs for GDERKNQSTAVLIFYWHMCP>
#	G	D	E	R	K	N	Q	S	T	A	V	L	I	F	Y	W	H	M	C	P
0	0.04199	0.00981	0.01329	0.01293	0.01507	0.00977	0.05210	0.09278	0.01732	0.02377	0.05011	0.39911	0.03804	0.01816	0.00886	0.00282	0.00580	0.15399	0.00648	0.02781
1	0.17600	0.07168	0.01713	0.01277	0.01709	0.01691	0.01041	0.28870	0.02319	0.03446	0.13149	0.10159	0.02454	0.01061	0.00689	0.00222	0.00624	0.00841	0.00637	0.03328
2	0.26386	0.01876	0.01632	0.10166	0.02151	0.17538	0.01179	0.14539	0.01876	0.02790	0.04189	0.01715	0.01252	0.01033	0.02536	0.06409	0.00858	0.00559	0.00473	0.00843
3	0.04660	0.07444	0.55414	0.02070	0.06290	0.01799	0.02405	0.07400	0.01674	0.02489	0.01314	0.01530	0.00953	0.00698	0.00673	0.00224	0.01005	0.00538	0.00348	0.01072
4	0.05078	0.17196	0.34874	0.01761	0.02460	0.01979	0.01962	0.02262	0.01471	0.07782	0.01293	0.01535	0.00997	0.00810	0.00980	0.00232	0.15433	0.00537	0.00365	0.00991
5	0.02518	0.01640	0.04371	0.07019	0.02214	0.01626	0.01273	0.32198	0.02529	0.21519	0.02037	0.02040	0.01414	0.00841	0.00693	0.00211	0.00710	0.00661	0.09232	0.05254
6	0.01411	0.00731	0.00737	0.00717	0.00903	0.00740	0.00543	0.04308	0.01600	0.02784	0.02346	0.02672	0.01838	0.00848	0.00517	0.00171	0.00357	0.00677	0.75400	0.00700
7	0.01263	0.00631	0.00947	0.00947	0.00947	0.00631	0.00631	0.00947	0.00947	0.01263	0.01263	0.02210	0.01263	0.02525	0.02841	0.78851	0.00631	0.00631	0.00316	0.00316
8	0.00972	0.00680	0.00867	0.00968	0.01019	0.00653	0.00650	0.01097	0.01370	0.01835	0.08628	0.42452	0.04276	0.23474	0.01746	0.00414	0.00521	0.07202	0.00615	0.00561
9	0.01000	0.00707	0.00899	0.00941	0.00998	0.00721	0.00625	0.01111	0.01218	0.01650	0.04426	0.21983	0.05958	0.34417	0.19428	0.00683	0.00914	0.01272	0.00506	0.00543
10	0.01417	0.02640	0.44302	0.01681	0.02424	0.01329	0.01969	0.02050	0.01665	0.06255	0.15424	0.08340	0.02609	0.01043	0.00758	0.00239	0.00833	0.03587	0.00484	0.00950
11	0.05855	0.71189	0.03671	0.01229	0.01843	0.02813	0.01221	0.02175	0.01465	0.01788	0.01011	0.01167	0.00926	0.00625	0.00466	0.00159	0.00767	0.00389	0.00318	0.00926
12	0.17259	0.24270	0.13462	0.01593	0.04679	0.02143	0.01483	0.07452	0.01573	0.05931	0.01218	0.01438	0.00984	0.00787	0.00862	0.00219	0.12785	0.00504	0.00405	0.00953
13	0.08145	0.06124	0.41294	0.02213	0.11971	0.01693	0.04809	0.02262	0.04375	0.02351	0.01403	0.01696	0.01075	0.01063	0.06234	0.00299	0.01042	0.00578	0.00354	0.01020
14	0.71498	0.01440	0.01166	0.01016	0.01479	0.01648	0.00837	0.06445	0.01413	0.06069	0.01135	0.01270	0.00857	0.00697	0.00479	0.00224	0.00580	0.00424	0.00486	0.00835
15	0.01439	0.01327	0.02104	0.48189	0.09059	0.01562	0.03794	0.02108	0.10355	0.02093	0.01941	0.02669	0.04063	0.00885	0.00757	0.00248	0.00872	0.05249	0.00420	0.00867
16	0.02077	0.02016	0.02634	0.07121	0.47721	0.15697	0.01963	0.02450	0.01760	0.07568	0.01432	0.01761	0.01150	0.00692	0.00708	0.00212	0.00940	0.00618	0.00403	0.01079
17	0.01603	0.01610	0.02133	0.05428	0.02050	0.05568	0.01570	0.01794	0.01222	0.01790	0.01207	0.02112	0.01207	0.01276	0.02107	0.00309	0.60197	0.05680	0.00349	0.00788
18	0.79588	0.01406	0.01068	0.00956	0.01406	0.01631	0.00787	0.02137	0.01237	0.03261	0.01012	0.01181	0.00787	0.00675	0.00450	0.00225	0.00562	0.00394	0.00450	0.00787
19	0.01507	0.01292	0.01507	0.01077	0.01723	0.00969	0.00861	0.01830	0.01507	0.02369	0.01292	0.01507	0.01077	0.00538	0.00538	0.00108	0.00538	0.00431	0.00431	0.78898
20	0.01510	0.01473	0.02073	0.01801	0.01820	0.02036	0.01492	0.01684	0.01121	0.01740	0.01098	0.01774	0.01079	0.01878	0.12405	0.00441	0.62816	0.00657	0.00328	0.00774
21	0.02640	0.01972	0.02154	0.05429	0.02381	0.02197	0.01403	0.60721	0.06687	0.04357	0.01784	0.01805	0.01273	0.00871	0.00728	0.00221	0.00797	0.00663	0.00706	0.01209
22	0.00883	0.00664	0.00826	0.00945	0.01043	0.00606	0.00650	0.01029	0.01454	0.01878	0.04813	0.54500	0.21490	0.02260	0.03042	0.00309	0.00454	0.01890	0.00666	0.00598
23	0.01559	0.01178	0.01366	0.01265	0.01507	0.03828	0.02591	0.16923	0.03997	0.04689	0.09264	0.32511	0.03544	0.07504	0.01078	0.00297	0.00604	0.04826	0.00669	0.00799
24	0.01524	0.09147	0.58277	0.02114	0.03116	0.01798	0.09541	0.02295	0.01550	0.02258	0.01299	0.01552	0.00941	0.00677	0.00691	0.00226	0.01067	0.00560	0.00314	0.01053
25	0.00886	0.00633	0.00843	0.01012	0.01054	0.00590	0.00675	0.01012	0.01392	0.01856	0.04006	0.73979	0.04808	0.02277	0.00928	0.00295	0.00422	0.02066	0.00675	0.00590
26	0.01187	0.00960	0.01195	0.01158	0.01294	0.04498	0.00893	0.01395	0.01275	0.01778	0.02423	0.03135	0.09130	0.05993	0.43231	0.04874	0.07569	0.00826	0.06539	0.00646
27	0.02646	0.02140	0.02055	0.01647	0.02157	0.13957	0.01332	0.47843	0.02938	0.07365	0.01714	0.01797	0.01260	0.01212	0.06274	0.00288	0.00968	0.00636	0.00649	0.01123
28	0.01266	0.00633	0.00937	0.00937	0.00943	0.00633	0.00627	0.00975	0.00969	0.01317	0.01304	0.02228	0.01285	0.02462	0.02753	0.75901	0.00620	0.00633	0.03247	0.00329
29	0.01473	0.01412	0.02284	0.03675	0.02145	0.01725	0.14563	0.01762	0.01297	0.01944	0.01467	0.04848	0.01353	0.01803	0.12963	0.00425	0.36361	0.00764	0.06945	0.00791
30	0.01657	0.01678	0.03036	0.16025	0.03296	0.01861	0.30191	0.06620	0.01601	0.02204	0.01371	0.01998	0.01131	0.04732	0.01353	0.00285	0.18938	0.00758	0.00376	0.00890
31	0.01329	0.01195	0.01605	0.04201	0.01682	0.04263	0.01202	0.01561	0.01209	0.01758	0.01548	0.02298	0.01441	0.03409	0.38508	0.00751	0.27384	0.00706	0.03236	0.00717
32	0.79588	0.01406	0.01068	0.00956	0.01406	0.01631	0.00787	0.02137	0.01237	0.03261	0.01012	0.01181	0.00787	0.00675	0.00450	0.00225	0.00562	0.00394	0.00450	0.00787
33	0.01067	0.00821	0.01223	0.01207	0.01330	0.00977	0.00944	0.01321	0.01165	0.01691	0.01896	0.02790	0.01773	0.05235	0.67992	0.01124	0.05631	0.00771	0.00386	0.00657
34	0.00910	0.00671	0.00853	0.00950	0.01050	0.00613	0.00658	0.01089	0.01566	0.02085	0.17688	0.49941	0.15152	0.02051	0.00903	0.00274	0.00398	0.01834	0.00700	0.00613
35	0.01889	0.01621	0.04921	0.12549	0.12772	0.01671	0.07042	0.17138	0.01999	0.07150	0.06901	0.05408	0.01762	0.00978	0.00984	0.02229	0.08658	0.00777	0.00518	0.03033
36	0.12201	0.60808	0.03340	0.01245	0.01829	0.06962	0.01194	0.02216	0.01482	0.01918	0.01018	0.01177	0.00914	0.00637	0.00476	0.00167	0.00782	0.00394	0.00333	0.00908
37	0.02815	0.01852	0.02055	0.01587	0.02156	0.01994	0.01307	0.51449	0.06424	0.17734	0.02032	0.01940	0.01399	0.00884	0.00729	0.00221	0.00752	0.00678	0.00762	0.01232
38	0.01713	0.01008	0.01249	0.01114	0.01411	0.00969	0.00857	0.07479	0.07186	0.18512	0.26051	0.17306	0.09269	0.01436	0.00821	0.00242	0.00480	0.01244	0.00779	0.00873
39	0.01113	0.00805	0.01091	0.01215	0.01366	0.00796	0.01000	0.01462	0.03800	0.02247	0.13514	0.20835	0.04640	0.01953	0.00959	0.00308	0.00569	0.40965	0.00692	0.00671
40	0.00874	0.00732	0.00761	0.00765	0.00994	0.00618	0.00569	0.01069	0.01676	0.02036	0.12297	0.10241	0.61208	0.01834	0.00862	0.00247	0.00369	0.01543	0.00685	0.00618
41	0.01365	0.01176	0.01731	0.23112	0.02578	0.01464	0.01383	0.05808	0.01381	0.01919	0.01557	0.02381	0.01404	0.07731	0.26574	0.00619	0.15966	0.00721	0.00380	0.00750
42	0.01661	0.16319	0.02544	0.01775	0.01900	0.02357	0.01521	0.01835	0.01186	0.01741	0.00966	0.01505	0.00950	0.01142	0.02000	0.00285	0.58586	0.00586	0.00317	0.00823
43	0.09498	0.03899	0.01383	0.01130	0.01493	0.01199	0.00910	0.09993	0.06437	0.15814	0.15792	0.04126	0.14951	0.04111	0.00877	0.00255	0.00549	0.05992	0.00707	0.00885
44	0.01826	0.29618	0.33191	0.01866	0.05932	0.05802	0.04029	0.02352	0.01583	0.05753	0.01280	0.01465	0.00991	0.00675	0.00615	0.00200	0.00947	0.00505	0.00349	0.01020
45	0.04797	0.07588	0.02296	0.02028	0.07031	0.54593	0.04051	0.05532	0.02016	0.02002	0.01171	0.01377	0.00966	0.00732	0.00653	0.00192	0.01199	0.00497	0.00387	0.00891
46	0.01832	0.01824	0.02811	0.10426	0.58743	0.07194	0.02147	0.02250	0.01669	0.02281	0.01341	0.01773	0.01118	0.00663	0.00715	0.00216	0.00908	0.00633	0.00358	0.01096
47	0.01086	0.00700	0.00856	0.00888	0.00967	0.00714	0.00603	0.01252	0.01290	0.01907	0.05109	0.17854	0.02897	0.26972	0.15466	0.00572	0.00791	0.01129	0.18372	0.00575
48	0.11705	0.06658	0.02293	0.32366	0.18679	0.01766	0.01741	0.07279	0.03701	0.05118	0.01403	0.01785	0.01077	0.00721	0.00672	0.00225	0.00840	0.00605	0.00414	0.00953

[dist]
# distance from previous block
# <min> <max>
0	1

[block]
# block no. 2 follows, 28 sequences, length 16
# corresponding to MSA columns:
# 405-420
name=unknown_C
#
# <colnr> <probs for GDERKNQSTAVLIFYWHMCP>
#	G	D	E	R	K	N	Q	S	T	A	V	L	I	F	Y	W	H	M	C	P
0	0.01116	0.00778	0.00869	0.00870	0.00986	0.00756	0.00572	0.01346	0.06150	0.03765	0.03788	0.14940	0.18489	0.36781	0.02212	0.00470	0.00559	0.01272	0.03694	0.00586
1	0.01776	0.01485	0.01872	0.06965	0.07223	0.01622	0.04068	0.10778	0.28675	0.04565	0.06848	0.02897	0.05486	0.01007	0.00824	0.00236	0.03863	0.03203	0.00627	0.05979
2	0.00886	0.00633	0.00843	0.01012	0.01054	0.00590	0.00675	0.01012	0.01392	0.01856	0.04006	0.73979	0.04808	0.02277	0.00928	0.00295	0.00422	0.02066	0.00675	0.00590
3	0.01511	0.01286	0.08474	0.01728	0.12364	0.01042	0.01207	0.05246	0.01657	0.11071	0.05356	0.36759	0.03238	0.04403	0.00940	0.00276	0.00612	0.01369	0.00615	0.00845
4	0.02655	0.01955	0.02104	0.01634	0.02185	0.02158	0.01341	0.63663	0.03301	0.04424	0.01876	0.05910	0.01442	0.00954	0.00739	0.00223	0.00778	0.00736	0.00724	0.01199
5	0.01210	0.00769	0.00985	0.00972	0.01161	0.00696	0.00723	0.01461	0.01798	0.09735	0.31956	0.24493	0.15248	0.01718	0.00869	0.00254	0.00412	0.04081	0.00752	0.00707
6	0.00980	0.00779	0.00957	0.01067	0.04744	0.00704	0.00732	0.01205	0.01672	0.02159	0.18918	0.17824	0.34403	0.04635	0.00985	0.00273	0.00434	0.06203	0.00674	0.00651
7	0.16982	0.11910	0.02037	0.01534	0.01966	0.38294	0.01217	0.09626	0.01950	0.02403	0.01223	0.01390	0.00990	0.00738	0.00593	0.00193	0.00994	0.00475	0.04607	0.00878
8	0.02565	0.01325	0.01685	0.01441	0.04785	0.01285	0.01106	0.13490	0.08307	0.37941	0.15144	0.02902	0.02667	0.01002	0.00754	0.00226	0.00603	0.00833	0.00815	0.01122
9	0.01231	0.00635	0.00917	0.00934	0.00950	0.00631	0.00627	0.01009	0.01035	0.01430	0.01624	0.09545	0.01668	0.02376	0.02474	0.65050	0.00588	0.00781	0.06127	0.00370
10	0.01728	0.01669	0.02395	0.32070	0.28118	0.06866	0.01933	0.04766	0.08949	0.02272	0.01505	0.01918	0.01179	0.00733	0.00720	0.00228	0.00906	0.00653	0.00401	0.00989
11	0.13417	0.04115	0.08094	0.01441	0.04083	0.01516	0.01201	0.02780	0.28450	0.08125	0.07000	0.06705	0.04441	0.01066	0.00717	0.00242	0.00616	0.04373	0.00635	0.00984
12	0.11237	0.22055	0.07577	0.01954	0.14723	0.06145	0.01460	0.05421	0.05084	0.15456	0.01593	0.01676	0.01200	0.00728	0.00616	0.00203	0.00783	0.00553	0.00492	0.01044
13	0.22371	0.01362	0.01614	0.04366	0.06136	0.01482	0.06688	0.07423	0.15181	0.02923	0.02277	0.02403	0.06636	0.00870	0.00636	0.00222	0.00619	0.00707	0.15181	0.00902
14	0.13975	0.01410	0.04924	0.01281	0.01697	0.01361	0.01068	0.09833	0.05957	0.05576	0.01904	0.11792	0.01740	0.01521	0.09033	0.00325	0.06404	0.00778	0.00524	0.18897
15	0.29683	0.13766	0.17996	0.01479	0.05331	0.01739	0.01400	0.04347	0.01490	0.02622	0.04182	0.04036	0.01325	0.00966	0.03661	0.00253	0.00786	0.00562	0.00418	0.03957

[dist]
# distance from previous block
# <min> <max>
10	17

[block]
# block no. 3 follows, 28 sequences, length 45
# corresponding to MSA columns:
# 438-482
name=unknown_D
#
# <colnr> <probs for GDERKNQSTAVLIFYWHMCP>
#	G	D	E	R	K	N	Q	S	T	A	V	L	I	F	Y	W	H	M	C	P
0	0.01023	0.00718	0.00838	0.00855	0.00912	0.00692	0.00528	0.01084	0.01193	0.01588	0.02995	0.18385	0.08477	0.49124	0.05151	0.00580	0.00658	0.01262	0.00504	0.03432
1	0.00970	0.00801	0.00861	0.00844	0.01085	0.00721	0.00642	0.01324	0.06584	0.02225	0.18411	0.06438	0.50863	0.01719	0.00855	0.00246	0.00389	0.03651	0.00703	0.00668
2	0.02641	0.01888	0.02048	0.01578	0.02135	0.02052	0.01298	0.57913	0.03182	0.07462	0.03929	0.01916	0.01453	0.00880	0.00718	0.00213	0.00753	0.00671	0.03159	0.04112
3	0.01569	0.10200	0.58414	0.01906	0.02882	0.01729	0.02391	0.02304	0.01561	0.05565	0.01580	0.01751	0.03540	0.00737	0.00678	0.00224	0.00998	0.00570	0.00350	0.01052
4	0.00936	0.00770	0.00827	0.00807	0.01041	0.00677	0.00607	0.01229	0.04319	0.02231	0.21955	0.06460	0.52138	0.01724	0.00854	0.00242	0.00370	0.01455	0.00707	0.00651
5	0.02815	0.01952	0.02130	0.01633	0.02212	0.02130	0.01349	0.60800	0.03278	0.11474	0.01863	0.01822	0.01295	0.00875	0.00728	0.00219	0.00781	0.00662	0.00745	0.01236
6	0.07148	0.03280	0.55394	0.02032	0.02983	0.01687	0.07854	0.02258	0.01514	0.02359	0.01286	0.01545	0.00933	0.00695	0.00734	0.00229	0.03268	0.00553	0.00327	0.03919
7	0.14641	0.11662	0.39489	0.01713	0.02525	0.08632	0.01958	0.02409	0.01570	0.07275	0.01317	0.01478	0.00965	0.00701	0.00624	0.00216	0.00945	0.00503	0.00381	0.00999
8	0.00975	0.00717	0.00895	0.00896	0.01041	0.00656	0.00644	0.01224	0.01787	0.02439	0.41452	0.19369	0.16319	0.06991	0.01078	0.00279	0.00389	0.01482	0.00729	0.00637
9	0.07358	0.01685	0.01767	0.01399	0.01878	0.01854	0.01144	0.48274	0.02845	0.04069	0.01841	0.01930	0.01351	0.00854	0.00659	0.00207	0.00679	0.00643	0.18482	0.01080
10	0.05933	0.01674	0.01801	0.01442	0.01907	0.01830	0.01169	0.48087	0.02895	0.04017	0.09102	0.07411	0.02113	0.01028	0.00727	0.00222	0.00681	0.00816	0.06073	0.01072
11	0.01707	0.05589	0.07244	0.02860	0.03562	0.01905	0.57144	0.02285	0.01660	0.02263	0.01410	0.01880	0.01077	0.00656	0.00921	0.00244	0.05454	0.00807	0.00359	0.00971
12	0.00886	0.00633	0.00843	0.01012	0.01054	0.00590	0.00675	0.01012	0.01392	0.01856	0.04006	0.73979	0.04808	0.02277	0.00928	0.00295	0.00422	0.02066	0.00675	0.00590
13	0.01611	0.01651	0.02562	0.02097	0.02216	0.02163	0.12289	0.01844	0.01211	0.01844	0.01038	0.01651	0.00978	0.01165	0.02137	0.00306	0.61413	0.00672	0.00326	0.00825
14	0.07693	0.06140	0.01818	0.04736	0.01952	0.01663	0.01203	0.24825	0.04678	0.09685	0.03990	0.05299	0.02045	0.04147	0.03438	0.00295	0.04132	0.10667	0.00628	0.00966
15	0.56816	0.01357	0.01210	0.04524	0.01611	0.01543	0.00886	0.07980	0.01572	0.03261	0.11496	0.01915	0.01759	0.00819	0.00551	0.00226	0.00571	0.00570	0.00522	0.00814
16	0.00871	0.00737	0.00753	0.00749	0.00989	0.00619	0.00562	0.01067	0.01686	0.02033	0.11870	0.06882	0.65075	0.01815	0.00859	0.00244	0.00366	0.01518	0.00684	0.00619
17	0.01111	0.00806	0.01093	0.01233	0.01398	0.00788	0.01047	0.01414	0.01667	0.02163	0.07276	0.13345	0.10750	0.01989	0.00977	0.00318	0.00604	0.50687	0.00676	0.00658
18	0.01842	0.01808	0.02909	0.04341	0.66756	0.04991	0.02192	0.02262	0.01674	0.02347	0.01356	0.01776	0.01141	0.00652	0.00717	0.00215	0.00884	0.00639	0.00361	0.01137
19	0.02616	0.01403	0.01671	0.01341	0.01843	0.01394	0.01088	0.16508	0.14353	0.36684	0.03175	0.02892	0.09635	0.01019	0.00747	0.00230	0.00619	0.00825	0.00809	0.01149
20	0.08186	0.01240	0.01611	0.01256	0.01784	0.01120	0.01033	0.05516	0.02069	0.58749	0.07537	0.02577	0.02079	0.00926	0.00721	0.00225	0.00601	0.00748	0.00856	0.01167
21	0.01373	0.01292	0.02180	0.72707	0.05006	0.01615	0.02019	0.01857	0.01453	0.01857	0.01292	0.01938	0.00969	0.00727	0.00727	0.00242	0.00969	0.00646	0.00323	0.00807
22	0.01406	0.01326	0.02240	0.67411	0.10043	0.01624	0.02035	0.01886	0.01469	0.01897	0.01298	0.01927	0.00983	0.00721	0.00726	0.00240	0.00961	0.00646	0.00326	0.00834
23	0.01590	0.00962	0.01204	0.01067	0.01341	0.00933	0.00816	0.02159	0.12101	0.16181	0.41947	0.04390	0.04884	0.05964	0.00996	0.00261	0.00456	0.01108	0.00788	0.00850
24	0.01121	0.00729	0.00970	0.01008	0.01144	0.00674	0.00731	0.01356	0.01723	0.07022	0.30467	0.38069	0.05401	0.01849	0.00889	0.00265	0.00415	0.04748	0.00741	0.00677
25	0.00905	0.00641	0.00838	0.00988	0.01025	0.00603	0.00649	0.01017	0.01355	0.01806	0.03816	0.66318	0.04568	0.10266	0.01235	0.00341	0.00453	0.01955	0.00649	0.00574
26	0.01943	0.74891	0.03809	0.01244	0.01866	0.02876	0.01244	0.02177	0.01477	0.01710	0.01011	0.01166	0.00933	0.00622	0.00466	0.00155	0.00777	0.00389	0.00311	0.00933
27	0.11499	0.06092	0.59280	0.01898	0.02875	0.01725	0.02389	0.02276	0.01494	0.02403	0.01256	0.01476	0.00904	0.00686	0.00651	0.00227	0.00998	0.00513	0.00325	0.01032
28	0.00861	0.00730	0.00743	0.00754	0.00986	0.00612	0.00560	0.01041	0.01640	0.01957	0.07149	0.11282	0.65477	0.01869	0.00864	0.00249	0.00372	0.01568	0.00675	0.00612
29	0.00898	0.00738	0.00790	0.00777	0.01006	0.00630	0.00583	0.01119	0.01749	0.02182	0.21627	0.06636	0.55225	0.01760	0.00859	0.00242	0.00362	0.01484	0.00704	0.00630
30	0.15941	0.01877	0.01959	0.01526	0.02084	0.02072	0.01260	0.52220	0.02959	0.08569	0.01692	0.01695	0.01195	0.00840	0.00680	0.00220	0.00748	0.00615	0.00691	0.01159
31	0.02337	0.09685	0.02208	0.01719	0.02074	0.34202	0.01373	0.13133	0.05278	0.02321	0.01320	0.01544	0.01087	0.00871	0.00974	0.00216	0.14695	0.00548	0.03499	0.00915
32	0.01341	0.00849	0.01031	0.00955	0.01221	0.00765	0.00745	0.01672	0.04040	0.12771	0.30094	0.05656	0.28518	0.01546	0.00845	0.00242	0.00424	0.05768	0.00759	0.00757
33	0.00871	0.00740	0.00753	0.00760	0.01002	0.00622	0.00576	0.01061	0.01657	0.01972	0.07228	0.07042	0.67090	0.01847	0.00865	0.00249	0.00380	0.03993	0.00675	0.00616
34	0.07619	0.01758	0.01891	0.01483	0.02015	0.05020	0.01214	0.38348	0.02758	0.22577	0.06320	0.02128	0.01710	0.00901	0.00716	0.00220	0.00729	0.00693	0.00746	0.01155
35	0.01641	0.30572	0.45479	0.01760	0.02663	0.02136	0.02142	0.02255	0.01513	0.02079	0.01194	0.01396	0.00925	0.00665	0.00606	0.00202	0.00962	0.00481	0.00308	0.01021
36	0.01233	0.00820	0.00920	0.00888	0.00984	0.00858	0.00583	0.04010	0.06144	0.01923	0.02303	0.03937	0.02337	0.46275	0.08699	0.00592	0.00738	0.00928	0.15243	0.00586
37	0.01178	0.00791	0.00965	0.00934	0.01122	0.00727	0.00681	0.03347	0.01789	0.07299	0.29519	0.19259	0.19836	0.07899	0.01102	0.00286	0.00429	0.01432	0.00721	0.00686
38	0.02428	0.04722	0.02024	0.01837	0.09203	0.12865	0.01326	0.13060	0.23471	0.18072	0.02217	0.02132	0.01608	0.00862	0.00710	0.00221	0.00775	0.00684	0.00659	0.01126
39	0.02153	0.04327	0.12271	0.01589	0.04149	0.01512	0.01415	0.11418	0.16052	0.20769	0.05079	0.03112	0.02148	0.01039	0.00759	0.00242	0.00712	0.09493	0.00680	0.01082
40	0.01730	0.01649	0.02754	0.07904	0.60600	0.01669	0.02099	0.02210	0.04007	0.02350	0.01713	0.02093	0.04527	0.00722	0.00728	0.00220	0.00835	0.00697	0.00387	0.01106
41	0.01799	0.01727	0.02950	0.04462	0.69919	0.01727	0.02231	0.02231	0.01655	0.02375	0.01367	0.01799	0.01151	0.00648	0.00720	0.00216	0.00864	0.00648	0.00360	0.01151
42	0.02285	0.12602	0.02026	0.03661	0.01943	0.01736	0.01161	0.20718	0.11324	0.18547	0.04644	0.02400	0.04382	0.01198	0.05155	0.00274	0.00753	0.00720	0.03406	0.01065
43	0.01687	0.11668	0.09522	0.06784	0.07423	0.06664	0.26498	0.02129	0.01576	0.02075	0.01523	0.08153	0.01362	0.00860	0.00930	0.00238	0.08818	0.00796	0.00374	0.00919
44	0.01502	0.01811	0.13529	0.37344	0.24888	0.01627	0.02143	0.02018	0.01537	0.02095	0.01528	0.02004	0.03394	0.00735	0.00723	0.00232	0.00932	0.00660	0.00344	0.00952

[dist]
# distance from previous block
# <min> <max>
12	40

[block]
# block no. 4 follows, 28 sequences, length 6
# corresponding to MSA columns:
# 545-550
name=unknown_E
#
# <colnr> <probs for GDERKNQSTAVLIFYWHMCP>
#	G	D	E	R	K	N	Q	S	T	A	V	L	I	F	Y	W	H	M	C	P
0	0.02094	0.01607	0.01692	0.01401	0.01849	0.05435	0.01135	0.30717	0.08253	0.06753	0.08864	0.03311	0.09227	0.01113	0.00761	0.00225	0.00679	0.06824	0.00689	0.07369
1	0.01973	0.02739	0.31801	0.04912	0.12507	0.08226	0.08019	0.08487	0.01851	0.10326	0.01532	0.01733	0.01104	0.00725	0.00716	0.00224	0.00998	0.00613	0.00434	0.01079
2	0.10699	0.01425	0.01608	0.05505	0.14340	0.08516	0.01167	0.05579	0.01818	0.08346	0.15212	0.03417	0.13497	0.04741	0.00881	0.00248	0.00670	0.00897	0.00574	0.00861
3	0.09081	0.03215	0.01534	0.07898	0.01916	0.07387	0.01052	0.12095	0.08217	0.10812	0.06352	0.03016	0.12447	0.03135	0.00783	0.00233	0.00658	0.00814	0.06628	0.02726
4	0.21186	0.05733	0.01792	0.04606	0.02013	0.14282	0.01177	0.15239	0.08251	0.08757	0.01704	0.02018	0.01346	0.00844	0.00641	0.00217	0.00784	0.04227	0.00555	0.04628
5	0.12665	0.04479	0.24995	0.01598	0.02294	0.01544	0.05087	0.09852	0.01873	0.15671	0.08592	0.02097	0.01728	0.00819	0.00683	0.00221	0.00791	0.00656	0.00545	0.03810

[dist]
# distance from previous block
# <min> <max>
17	49

[block]
# block no. 5 follows, 28 sequences, length 65
# corresponding to MSA columns:
# 601-665
name=unknown_F
#
# <colnr> <probs for GDERKNQSTAVLIFYWHMCP>
#	G	D	E	R	K	N	Q	S	T	A	V	L	I	F	Y	W	H	M	C	P
0	0.07769	0.02490	0.30720	0.10901	0.05434	0.01701	0.10966	0.10966	0.01750	0.02571	0.01437	0.01890	0.01118	0.06104	0.00925	0.00266	0.00970	0.00641	0.00397	0.00984
1	0.01373	0.03016	0.13528	0.01243	0.01689	0.01221	0.01163	0.10051	0.10403	0.02567	0.09785	0.07356	0.28715	0.01377	0.00797	0.00241	0.00593	0.03397	0.00628	0.00855
2	0.02118	0.06168	0.06974	0.01444	0.02010	0.01668	0.01264	0.23055	0.05034	0.10577	0.03628	0.01875	0.01413	0.00919	0.02527	0.00218	0.05586	0.00605	0.00576	0.22341
3	0.01839	0.01346	0.04066	0.10689	0.04977	0.01318	0.01218	0.11020	0.11604	0.14340	0.12360	0.10395	0.06703	0.01140	0.00769	0.00234	0.00630	0.00973	0.00667	0.03713
4	0.01426	0.03516	0.16831	0.09258	0.08095	0.01443	0.11781	0.01889	0.01535	0.02219	0.05913	0.12219	0.01979	0.01009	0.00887	0.00237	0.07171	0.00884	0.07763	0.03946
5	0.02217	0.01789	0.01835	0.01460	0.01966	0.06828	0.01164	0.36910	0.06561	0.03466	0.01869	0.07365	0.01568	0.03872	0.00817	0.00219	0.00734	0.00726	0.00622	0.18012
6	0.01687	0.04250	0.01583	0.01273	0.01632	0.01373	0.00999	0.22024	0.03786	0.02950	0.11345	0.22593	0.02971	0.01305	0.00827	0.00225	0.03537	0.01097	0.00639	0.13902
7	0.12648	0.01620	0.05154	0.11467	0.14489	0.01556	0.10295	0.06438	0.04405	0.18036	0.01742	0.01914	0.01252	0.00737	0.00695	0.00223	0.00805	0.00651	0.00530	0.05344
8	0.04448	0.01909	0.01934	0.01753	0.07253	0.11849	0.01301	0.36272	0.02570	0.03411	0.04886	0.02040	0.01548	0.01501	0.10621	0.00345	0.00992	0.00670	0.03669	0.01030
9	0.01515	0.01218	0.01388	0.01333	0.03453	0.01315	0.01002	0.09377	0.26700	0.02720	0.10081	0.07016	0.12033	0.06339	0.04368	0.00326	0.00633	0.07607	0.00679	0.00898
10	0.01784	0.01712	0.02923	0.06909	0.67591	0.01723	0.02223	0.02217	0.01648	0.02356	0.01365	0.01804	0.01145	0.00651	0.00720	0.00217	0.00867	0.00648	0.00358	0.01139
11	0.02495	0.01771	0.01906	0.01497	0.01994	0.01942	0.01216	0.52080	0.05612	0.06364	0.01928	0.02089	0.01443	0.05335	0.00886	0.00244	0.00732	0.00690	0.08648	0.01128
12	0.04114	0.00768	0.00948	0.00895	0.01087	0.00715	0.00674	0.01364	0.01979	0.02818	0.59617	0.05444	0.13899	0.01495	0.00841	0.00230	0.00355	0.01304	0.00772	0.00681
13	0.79588	0.01406	0.01068	0.00956	0.01406	0.01631	0.00787	0.02137	0.01237	0.03261	0.01012	0.01181	0.00787	0.00675	0.00450	0.00225	0.00562	0.00394	0.00450	0.00787
14	0.09611	0.02024	0.02057	0.01610	0.02165	0.05149	0.01321	0.56608	0.05485	0.04288	0.01696	0.01710	0.01218	0.00854	0.00700	0.00218	0.00792	0.00629	0.00688	0.01176
15	0.01175	0.00799	0.00896	0.00856	0.01058	0.00727	0.00610	0.01403	0.04010	0.08034	0.11716	0.08416	0.35293	0.19983	0.01561	0.00360	0.00482	0.01316	0.00651	0.00651
16	0.01529	0.13434	0.59106	0.01953	0.02927	0.01870	0.02449	0.02265	0.01512	0.02201	0.01252	0.01486	0.00924	0.00702	0.00720	0.00223	0.03574	0.00520	0.00308	0.01045
17	0.02564	0.03213	0.02000	0.01815	0.02171	0.63442	0.01369	0.02816	0.04352	0.01830	0.01428	0.01596	0.03697	0.00822	0.00737	0.00197	0.04182	0.00530	0.00397	0.00843
18	0.01055	0.00711	0.00827	0.00827	0.00838	0.00723	0.00483	0.01079	0.01067	0.01434	0.02260	0.04586	0.02569	0.68254	0.09798	0.00746	0.00816	0.01032	0.00436	0.00459
19	0.01448	0.01154	0.01873	0.05836	0.01971	0.04380	0.17736	0.01585	0.01357	0.01889	0.01673	0.06479	0.01508	0.01529	0.01572	0.31532	0.00771	0.00777	0.14309	0.00621
20	0.21870	0.18401	0.06086	0.01230	0.01675	0.01746	0.01094	0.02327	0.10839	0.08588	0.06507	0.01966	0.01622	0.01007	0.00897	0.08491	0.03689	0.00594	0.00496	0.00873
21	0.02713	0.01762	0.01960	0.01531	0.02075	0.01892	0.01256	0.44697	0.09746	0.18327	0.02134	0.02039	0.01482	0.00889	0.00720	0.00221	0.00719	0.00689	0.03943	0.01205
22	0.01188	0.00836	0.01164	0.06305	0.01476	0.00973	0.00915	0.01481	0.01289	0.02000	0.01962	0.02670	0.01716	0.03520	0.41622	0.00760	0.05724	0.00731	0.22991	0.00678
23	0.02576	0.01541	0.01835	0.01660	0.06903	0.04250	0.01250	0.15306	0.15363	0.31327	0.02580	0.02775	0.01897	0.00981	0.00751	0.00235	0.00694	0.06172	0.00756	0.01150
24	0.01670	0.00926	0.01188	0.01037	0.01335	0.00852	0.00807	0.02086	0.06022	0.21235	0.42387	0.04588	0.10248	0.01325	0.00816	0.00230	0.00434	0.01144	0.00814	0.00858
25	0.00990	0.00741	0.00918	0.00874	0.01062	0.00669	0.00655	0.01296	0.01965	0.02696	0.55228	0.05790	0.21303	0.01568	0.00858	0.00232	0.00349	0.01365	0.00771	0.00669
26	0.01492	0.00897	0.01030	0.08396	0.01466	0.00963	0.00787	0.08897	0.01703	0.02764	0.02164	0.02532	0.01698	0.01113	0.04816	0.00242	0.00552	0.00678	0.57061	0.00751
27	0.13047	0.01487	0.02456	0.38793	0.17683	0.01670	0.10569	0.02038	0.01498	0.02234	0.01290	0.01801	0.00998	0.00688	0.00702	0.00235	0.00921	0.00637	0.00355	0.00898
28	0.01319	0.01010	0.01322	0.01468	0.07060	0.01021	0.01089	0.01929	0.12748	0.04207	0.17085	0.05941	0.10981	0.01577	0.00885	0.00277	0.00571	0.28021	0.00688	0.00800
29	0.00889	0.00640	0.00843	0.00997	0.01052	0.00594	0.00670	0.01025	0.01424	0.01893	0.06211	0.69007	0.07595	0.02234	0.00923	0.00291	0.00417	0.02020	0.00679	0.00594
30	0.01100	0.00794	0.00958	0.00936	0.00944	0.00862	0.00592	0.01135	0.01089	0.01484	0.02253	0.08919	0.02580	0.59611	0.05851	0.00655	0.08230	0.01070	0.00441	0.00495
31	0.02044	0.50813	0.08728	0.01576	0.05265	0.12759	0.01433	0.02328	0.01585	0.04002	0.01126	0.01301	0.00971	0.00674	0.00586	0.00176	0.02903	0.00442	0.00341	0.00947
32	0.01696	0.01350	0.01720	0.01491	0.01731	0.01622	0.01208	0.21875	0.01852	0.02596	0.01661	0.02227	0.01443	0.03094	0.34075	0.00683	0.17626	0.00708	0.00478	0.00864
33	0.01635	0.00947	0.00976	0.00875	0.01126	0.00990	0.00682	0.14755	0.01900	0.03081	0.02247	0.02519	0.01739	0.00852	0.00552	0.00179	0.00430	0.00673	0.63054	0.00788
34	0.01119	0.00804	0.01109	0.01270	0.01423	0.00794	0.01078	0.01419	0.01633	0.02122	0.03997	0.17550	0.06620	0.02040	0.00988	0.00326	0.00623	0.53759	0.00670	0.00656
35	0.01640	0.02296	0.18625	0.02664	0.03444	0.01754	0.46144	0.02268	0.01642	0.02307	0.01405	0.01822	0.01056	0.00645	0.00846	0.00234	0.03406	0.00749	0.00357	0.06696
36	0.01196	0.00966	0.01094	0.02990	0.01306	0.04380	0.00780	0.05182	0.02046	0.02764	0.49970	0.06829	0.14806	0.01462	0.00838	0.00230	0.00441	0.01265	0.00740	0.00716
37	0.01203	0.00841	0.01089	0.01160	0.01361	0.00811	0.00960	0.01563	0.04414	0.05487	0.12325	0.11970	0.16041	0.01841	0.00931	0.00294	0.00552	0.35754	0.00700	0.00702
38	0.01263	0.00631	0.00947	0.00947	0.00947	0.00631	0.00631	0.00947	0.00947	0.01263	0.01263	0.02210	0.01263	0.02525	0.02841	0.78851	0.00631	0.00631	0.00316	0.00316
39	0.02715	0.03464	0.02060	0.01873	0.02247	0.71536	0.01404	0.02903	0.02060	0.01779	0.01124	0.01311	0.00936	0.00749	0.00655	0.00187	0.01311	0.00468	0.00375	0.00843
40	0.06855	0.01254	0.01656	0.01282	0.01835	0.01116	0.01057	0.03484	0.03876	0.65367	0.02782	0.02419	0.01763	0.00891	0.00718	0.00226	0.00615	0.00717	0.00874	0.01213
41	0.01014	0.00742	0.00951	0.00899	0.01077	0.00680	0.00674	0.01343	0.02023	0.02832	0.64128	0.05566	0.12318	0.01517	0.00857	0.00230	0.00345	0.01334	0.00789	0.00680
42	0.01159	0.00788	0.00888	0.00853	0.00899	0.00798	0.00512	0.05103	0.01260	0.01692	0.06289	0.04615	0.02810	0.65619	0.03349	0.00647	0.00689	0.01048	0.00479	0.00503
43	0.04247	0.00902	0.01270	0.05465	0.01546	0.01056	0.00977	0.03968	0.01268	0.01857	0.01858	0.02781	0.01733	0.09227	0.55322	0.00984	0.03695	0.00765	0.00402	0.00677
44	0.01963	0.66593	0.08613	0.01306	0.01959	0.02713	0.01342	0.02243	0.01507	0.04640	0.01110	0.01248	0.00968	0.00639	0.00494	0.00164	0.00792	0.00414	0.00335	0.00956
45	0.01881	0.01538	0.01780	0.04283	0.02010	0.01709	0.01209	0.13156	0.29579	0.05340	0.04853	0.02267	0.01816	0.00936	0.00930	0.00226	0.10457	0.00711	0.00618	0.14702
46	0.00999	0.00745	0.00930	0.00894	0.01081	0.00677	0.00677	0.01308	0.01958	0.02685	0.53781	0.05872	0.19983	0.01582	0.00864	0.00236	0.00361	0.03930	0.00769	0.00670
47	0.02655	0.03941	0.01686	0.01287	0.01769	0.01252	0.01049	0.10023	0.07508	0.43829	0.11283	0.05808	0.02518	0.01028	0.00746	0.00227	0.00597	0.00850	0.00824	0.01121
