[name]
unknown

[dist]
# distance from previous block
# <min> <max>
2	364

[block]
# block no. 0 follows, 27 sequences, length 15
# corresponding to MSA columns:
# 365-379
name=unknown_A
#
# <colnr> <probs for GDERKNQSTAVLIFYWHMCP>
#	G	D	E	R	K	N	Q	S	T	A	V	L	I	F	Y	W	H	M	C	P
0	0.09825	0.01862	0.03273	0.05723	0.33562	0.03998	0.26193	0.02315	0.01676	0.02465	0.01388	0.01823	0.01106	0.00657	0.00757	0.00233	0.01007	0.00709	0.00379	0.01051
1	0.01816	0.01408	0.01721	0.03349	0.01918	0.01316	0.04104	0.16155	0.04282	0.05563	0.01840	0.05737	0.01622	0.11217	0.01109	0.00252	0.00678	0.00718	0.00545	0.34652
2	0.01345	0.01125	0.01446	0.12681	0.02049	0.01079	0.01032	0.01671	0.01569	0.02291	0.09299	0.02996	0.11468	0.01151	0.03571	0.00229	0.05792	0.00782	0.07467	0.30957
3	0.01827	0.02110	0.08899	0.11822	0.21928	0.11563	0.11685	0.02492	0.09499	0.02357	0.04175	0.02025	0.01443	0.00754	0.00745	0.00225	0.00968	0.00695	0.00427	0.04359
4	0.02164	0.01948	0.02024	0.09311	0.09242	0.13997	0.01412	0.26261	0.02298	0.02912	0.01864	0.02391	0.04274	0.11309	0.01260	0.00297	0.04806	0.00729	0.00530	0.00969
5	0.09969	0.37114	0.04798	0.01403	0.01953	0.06391	0.04438	0.10507	0.01873	0.02518	0.10847	0.01950	0.01849	0.00809	0.00604	0.00194	0.00775	0.00600	0.00465	0.00942
6	0.01607	0.01670	0.03251	0.08143	0.15859	0.01649	0.34462	0.02083	0.01633	0.02252	0.01803	0.12121	0.01656	0.00918	0.00923	0.00251	0.04857	0.00969	0.00415	0.03477
7	0.01795	0.01582	0.02409	0.01744	0.02401	0.01393	0.18952	0.08014	0.01790	0.05506	0.01472	0.01733	0.01150	0.00639	0.00718	0.00170	0.02778	0.00599	0.00467	0.44689
8	0.02549	0.01875	0.02033	0.01612	0.02127	0.02060	0.01308	0.57423	0.03195	0.04282	0.02112	0.12001	0.01783	0.01096	0.00772	0.00234	0.00762	0.00874	0.00735	0.01168
9	0.00949	0.00774	0.00845	0.00861	0.01073	0.00689	0.00632	0.01237	0.04843	0.02154	0.14032	0.18812	0.46718	0.01876	0.00884	0.00258	0.00393	0.01604	0.00708	0.00657
10	0.01740	0.01703	0.02386	0.06924	0.36174	0.08325	0.04046	0.02321	0.09902	0.02317	0.01981	0.12171	0.01837	0.01146	0.03501	0.00273	0.00888	0.00885	0.00462	0.01018
11	0.01385	0.01056	0.01411	0.01303	0.01482	0.01242	0.01026	0.10716	0.01524	0.02179	0.01891	0.02720	0.01728	0.07983	0.47267	0.00897	0.08988	0.00773	0.03675	0.00753
12	0.01581	0.01387	0.02203	0.53127	0.10435	0.01650	0.01906	0.08579	0.01671	0.02187	0.01372	0.01967	0.01058	0.00891	0.00907	0.06243	0.00935	0.00660	0.00375	0.00864
13	0.04866	0.01069	0.01405	0.13192	0.01956	0.01203	0.01059	0.10762	0.01619	0.02343	0.05389	0.06763	0.01853	0.01788	0.06234	0.22041	0.04301	0.00786	0.10675	0.00697
14	0.01995	0.02208	0.01829	0.06843	0.08949	0.32296	0.01330	0.06179	0.01898	0.02086	0.02372	0.12466	0.08749	0.01445	0.05802	0.00294	0.01052	0.00891	0.00476	0.00840

[dist]
# distance from previous block
# <min> <max>
16	27

[block]
# block no. 1 follows, 27 sequences, length 7
# corresponding to MSA columns:
# 410-416
name=unknown_B
#
# <colnr> <probs for GDERKNQSTAVLIFYWHMCP>
#	G	D	E	R	K	N	Q	S	T	A	V	L	I	F	Y	W	H	M	C	P
0	0.01928	0.02064	0.02977	0.13809	0.35851	0.14350	0.13652	0.02365	0.01746	0.02228	0.01359	0.01797	0.01100	0.00686	0.00749	0.00225	0.01047	0.00666	0.00366	0.01035
1	0.01671	0.11123	0.10513	0.08679	0.13551	0.01925	0.24486	0.02150	0.01579	0.02165	0.01489	0.06110	0.01293	0.00830	0.00955	0.00244	0.09119	0.00777	0.00370	0.00972
2	0.11882	0.02392	0.09294	0.13167	0.05825	0.23548	0.03986	0.07020	0.05695	0.02466	0.01422	0.01683	0.01102	0.00756	0.00669	0.00216	0.00985	0.00571	0.03942	0.03379
3	0.07400	0.01840	0.02004	0.15122	0.09933	0.13572	0.01469	0.14380	0.02002	0.08417	0.01577	0.01878	0.01219	0.01288	0.08357	0.00320	0.01021	0.00618	0.00496	0.07088
4	0.06726	0.01755	0.05514	0.12271	0.18116	0.06287	0.10620	0.02383	0.08109	0.06740	0.02269	0.02486	0.08530	0.00855	0.00742	0.00230	0.00857	0.00767	0.00479	0.04263
5	0.02009	0.06454	0.02319	0.12714	0.19151	0.08508	0.01614	0.13449	0.02022	0.06699	0.07542	0.02342	0.04706	0.00914	0.00861	0.00229	0.06221	0.00731	0.00509	0.01006
6	0.08201	0.01436	0.01457	0.01266	0.01653	0.06417	0.01010	0.17452	0.04587	0.12143	0.02955	0.08994	0.09437	0.01187	0.00737	0.00233	0.00642	0.06331	0.10629	0.03233

[dist]
# distance from previous block
# <min> <max>
0	2

[block]
# block no. 2 follows, 27 sequences, length 23
# corresponding to MSA columns:
# 419-441
name=unknown_C
#
# <colnr> <probs for GDERKNQSTAVLIFYWHMCP>
#	G	D	E	R	K	N	Q	S	T	A	V	L	I	F	Y	W	H	M	C	P
0	0.04309	0.02015	0.13301	0.07196	0.44390	0.01710	0.04979	0.03989	0.01699	0.02463	0.01548	0.02207	0.01316	0.00767	0.00747	0.00234	0.00912	0.04731	0.00391	0.01096
1	0.02348	0.01966	0.04292	0.01671	0.02191	0.05888	0.03944	0.42341	0.02765	0.03700	0.01907	0.09920	0.01619	0.01020	0.00827	0.00226	0.04087	0.00806	0.00642	0.07840
2	0.02225	0.01670	0.01938	0.04369	0.05322	0.01663	0.01243	0.30593	0.05092	0.07359	0.01710	0.01809	0.01276	0.00759	0.00670	0.00184	0.00703	0.00598	0.02125	0.28692
3	0.07300	0.02777	0.35442	0.02231	0.05017	0.01776	0.16216	0.08718	0.01792	0.05079	0.01527	0.01926	0.01153	0.00773	0.00790	0.00242	0.03036	0.02731	0.00416	0.01058
4	0.00887	0.00746	0.00770	0.00777	0.01012	0.00629	0.00578	0.01079	0.01696	0.02045	0.10227	0.10866	0.62377	0.01888	0.00881	0.00253	0.00378	0.01587	0.00695	0.00629
5	0.00988	0.00707	0.00952	0.01088	0.01178	0.00671	0.00797	0.01197	0.01588	0.02133	0.14247	0.49151	0.05106	0.02141	0.00952	0.00299	0.00471	0.14988	0.00708	0.00635
6	0.05594	0.01922	0.02121	0.08865	0.02514	0.02159	0.01427	0.50520	0.10452	0.04163	0.01845	0.01891	0.01329	0.00881	0.00733	0.00229	0.00799	0.00676	0.00691	0.01190
7	0.01829	0.01641	0.01814	0.09729	0.05220	0.04319	0.01333	0.03603	0.55095	0.02891	0.02689	0.02587	0.02026	0.00953	0.00750	0.00248	0.00673	0.00798	0.00676	0.01124
8	0.02479	0.09943	0.02080	0.01470	0.02008	0.01864	0.01214	0.19941	0.24230	0.20175	0.02378	0.02221	0.01699	0.00893	0.00710	0.00222	0.00680	0.00704	0.00730	0.04358
9	0.01782	0.10783	0.36455	0.02172	0.03041	0.01852	0.17957	0.05623	0.01743	0.06735	0.01560	0.01951	0.01182	0.00750	0.00738	0.00233	0.01043	0.02936	0.00403	0.01062
10	0.00915	0.00654	0.00871	0.01027	0.01079	0.00610	0.00690	0.01060	0.01470	0.01972	0.08722	0.68575	0.05060	0.02268	0.00942	0.00297	0.00425	0.02056	0.00698	0.00610
11	0.00885	0.00752	0.00763	0.00760	0.01007	0.00630	0.00570	0.01080	0.01710	0.02048	0.10220	0.07074	0.66252	0.01864	0.00877	0.00250	0.00375	0.01557	0.00695	0.00630
12	0.02868	0.02005	0.02182	0.01673	0.02265	0.02192	0.01382	0.61037	0.03366	0.10622	0.01887	0.01850	0.01315	0.00894	0.00743	0.00223	0.00800	0.00676	0.00759	0.01263
13	0.06882	0.01262	0.01611	0.01266	0.01787	0.01150	0.01037	0.07795	0.02147	0.52514	0.07313	0.02929	0.06873	0.01012	0.00749	0.00231	0.00606	0.00820	0.00859	0.01158
14	0.01233	0.00794	0.00991	0.00932	0.01132	0.00720	0.00686	0.01495	0.01873	0.09061	0.39546	0.10391	0.17328	0.09109	0.01170	0.00292	0.00427	0.01354	0.00756	0.00709
15	0.52835	0.12991	0.05613	0.01197	0.01723	0.06918	0.01068	0.06028	0.01509	0.03000	0.01102	0.01268	0.00872	0.00699	0.00508	0.00216	0.00708	0.00431	0.00440	0.00875
16	0.01780	0.01772	0.03192	0.02416	0.02910	0.01864	0.35570	0.10940	0.04030	0.02547	0.01786	0.10090	0.01586	0.00998	0.01161	0.00267	0.14722	0.00944	0.00464	0.00961
17	0.01037	0.00761	0.00911	0.00953	0.01144	0.00682	0.00724	0.01263	0.01712	0.04365	0.15659	0.21773	0.33223	0.01917	0.00910	0.00272	0.00438	0.10877	0.00716	0.00662
18	0.01267	0.00647	0.00945	0.00958	0.00970	0.00644	0.00641	0.01011	0.01030	0.01409	0.01548	0.07369	0.01580	0.02472	0.02638	0.68764	0.00614	0.00752	0.04378	0.00362
19	0.02198	0.46449	0.06092	0.01484	0.02055	0.21324	0.01362	0.05369	0.01765	0.01957	0.01153	0.01323	0.00996	0.00692	0.00552	0.00174	0.00943	0.00447	0.02723	0.00940
20	0.01674	0.01238	0.01587	0.20316	0.02458	0.01393	0.01226	0.19046	0.01983	0.02782	0.02107	0.10693	0.01875	0.05190	0.07041	0.00339	0.00819	0.00872	0.16508	0.00855
21	0.02941	0.01324	0.01692	0.01328	0.01858	0.01231	0.01086	0.10617	0.06198	0.51432	0.06792	0.02840	0.05164	0.00999	0.00760	0.00231	0.00622	0.00815	0.00873	0.01197
22	0.02503	0.06492	0.02086	0.01681	0.05874	0.07283	0.01293	0.30388	0.08625	0.14783	0.05665	0.02430	0.05644	0.00956	0.00736	0.00222	0.00759	0.00751	0.00697	0.01133

[dist]
# distance from previous block
# <min> <max>
14	27

[block]
# block no. 3 follows, 27 sequences, length 6
# corresponding to MSA columns:
# 469-474
name=unknown_D
#
# <colnr> <probs for GDERKNQSTAVLIFYWHMCP>
#	G	D	E	R	K	N	Q	S	T	A	V	L	I	F	Y	W	H	M	C	P
0	0.01351	0.01014	0.01190	0.01130	0.01380	0.00993	0.00857	0.14036	0.01990	0.02653	0.12438	0.29995	0.15609	0.01739	0.00868	0.00260	0.00511	0.06015	0.00701	0.05269
1	0.13518	0.10874	0.04659	0.01577	0.07602	0.04199	0.01214	0.02368	0.09243	0.09393	0.09788	0.02497	0.04704	0.00967	0.00853	0.00229	0.08528	0.00723	0.06131	0.00933
2	0.09087	0.05125	0.21062	0.08373	0.04439	0.01460	0.04795	0.04006	0.01660	0.15502	0.03740	0.08229	0.01674	0.01045	0.00878	0.05869	0.00816	0.00766	0.00511	0.00962
3	0.04954	0.14221	0.30041	0.06799	0.06773	0.05233	0.07617	0.02202	0.01656	0.02323	0.09715	0.02059	0.01728	0.00791	0.00697	0.00222	0.00938	0.00657	0.00397	0.00978
4	0.12975	0.15254	0.19058	0.06373	0.12008	0.08332	0.07472	0.02397	0.01623	0.06113	0.01332	0.01582	0.01027	0.00697	0.00650	0.00216	0.00942	0.00556	0.00390	0.01003
5	0.07228	0.02124	0.01599	0.01462	0.01787	0.29691	0.01115	0.05520	0.09519	0.02327	0.07788	0.06863	0.12387	0.01309	0.03397	0.00263	0.03368	0.00869	0.00545	0.00840

[dist]
# distance from previous block
# <min> <max>
2	13

[block]
# block no. 4 follows, 27 sequences, length 7
# corresponding to MSA columns:
# 488-494
name=unknown_E
#
# <colnr> <probs for GDERKNQSTAVLIFYWHMCP>
#	G	D	E	R	K	N	Q	S	T	A	V	L	I	F	Y	W	H	M	C	P
0	0.01297	0.00854	0.01049	0.01018	0.01159	0.00855	0.00713	0.06582	0.01520	0.05665	0.05828	0.18419	0.10414	0.23865	0.11242	0.06296	0.00774	0.01236	0.00574	0.00641
1	0.05437	0.01538	0.01603	0.01262	0.01780	0.03904	0.01012	0.21002	0.07449	0.03214	0.01765	0.01901	0.01363	0.00755	0.00617	0.00174	0.00624	0.00582	0.14107	0.29912
2	0.01348	0.00888	0.01187	0.01253	0.06821	0.00818	0.00837	0.01630	0.01877	0.10355	0.36675	0.10518	0.13867	0.07302	0.01088	0.00279	0.00467	0.01288	0.00734	0.00767
3	0.02189	0.25532	0.06617	0.01770	0.07026	0.24916	0.01424	0.06088	0.07185	0.02209	0.01431	0.01600	0.01171	0.00747	0.00613	0.00191	0.00946	0.00527	0.06855	0.00960
4	0.01736	0.01380	0.04143	0.01427	0.01804	0.06814	0.08584	0.03958	0.01876	0.14516	0.16918	0.19559	0.07368	0.01353	0.00825	0.00241	0.00660	0.01203	0.00670	0.04966
5	0.11207	0.06123	0.03970	0.19240	0.20614	0.03506	0.01689	0.03844	0.05492	0.02370	0.04340	0.01952	0.01372	0.00888	0.00929	0.03691	0.06781	0.00644	0.00413	0.00935
6	0.02298	0.07544	0.01986	0.01472	0.01968	0.04892	0.01199	0.25317	0.19276	0.10852	0.09917	0.02476	0.02204	0.00955	0.00729	0.00221	0.00693	0.00759	0.00711	0.04530

[dist]
# distance from previous block
# <min> <max>
2	8

[block]
# block no. 5 follows, 27 sequences, length 6
# corresponding to MSA columns:
# 503-508
name=unknown_F
#
# <colnr> <probs for GDERKNQSTAVLIFYWHMCP>
#	G	D	E	R	K	N	Q	S	T	A	V	L	I	F	Y	W	H	M	C	P
0	0.01399	0.05551	0.01311	0.01139	0.01396	0.01067	0.00887	0.06671	0.08023	0.06685	0.07556	0.27455	0.17176	0.01730	0.00862	0.00268	0.00525	0.08811	0.00697	0.00791
1	0.04202	0.01040	0.01423	0.09636	0.01909	0.01052	0.03423	0.04546	0.04623	0.05121	0.28631	0.10835	0.04301	0.01395	0.00841	0.00252	0.00576	0.10631	0.00676	0.04888
2	0.01577	0.01670	0.03403	0.08425	0.10884	0.01611	0.41948	0.02080	0.01663	0.02256	0.01954	0.15176	0.01820	0.00953	0.00863	0.00256	0.01037	0.01062	0.00429	0.00933
3	0.01938	0.01645	0.10283	0.01654	0.08705	0.01231	0.01313	0.02480	0.07611	0.17173	0.02026	0.06898	0.01618	0.00826	0.00677	0.00189	0.00665	0.00695	0.00567	0.31807
4	0.02047	0.06740	0.02205	0.17316	0.10898	0.26572	0.01568	0.06420	0.05563	0.02157	0.01737	0.02044	0.04630	0.01152	0.05590	0.00283	0.01094	0.00645	0.00425	0.00914
5	0.00969	0.00700	0.00878	0.00942	0.01037	0.00651	0.00642	0.01147	0.01587	0.02139	0.22263	0.36917	0.11963	0.13045	0.01355	0.00341	0.00447	0.01680	0.00688	0.00609

[dist]
# distance from previous block
# <min> <max>
0	2

[block]
# block no. 6 follows, 27 sequences, length 9
# corresponding to MSA columns:
# 511-519
name=unknown_G
#
# <colnr> <probs for GDERKNQSTAVLIFYWHMCP>
#	G	D	E	R	K	N	Q	S	T	A	V	L	I	F	Y	W	H	M	C	P
0	0.01833	0.37568	0.23784	0.02014	0.08934	0.05017	0.07010	0.02308	0.01586	0.02047	0.01200	0.01437	0.00984	0.00663	0.00610	0.00196	0.00952	0.00509	0.00328	0.01018
1	0.01244	0.00910	0.01137	0.04380	0.01344	0.00927	0.02775	0.05054	0.01466	0.02043	0.03034	0.14776	0.10366	0.29099	0.01981	0.00423	0.03364	0.01154	0.11178	0.03345
2	0.01117	0.00870	0.01171	0.01314	0.06944	0.00784	0.00846	0.01340	0.01576	0.02206	0.15474	0.40749	0.04304	0.04605	0.00967	0.00269	0.00484	0.01543	0.00637	0.12801
3	0.01848	0.01785	0.02537	0.16336	0.20662	0.06260	0.09100	0.06240	0.18308	0.02537	0.01781	0.02070	0.01386	0.00815	0.00851	0.00241	0.04997	0.00718	0.00477	0.01051
4	0.01686	0.00905	0.01160	0.01013	0.01319	0.00801	0.00789	0.01987	0.02030	0.22378	0.37797	0.04967	0.17360	0.01412	0.00838	0.00236	0.00438	0.01211	0.00823	0.00851
5	0.02293	0.01882	0.01836	0.04085	0.02137	0.12381	0.01278	0.14483	0.31943	0.11553	0.02499	0.02652	0.01910	0.00991	0.00754	0.00240	0.00769	0.04507	0.00697	0.01111
6	0.01797	0.06696	0.12575	0.08450	0.12083	0.07506	0.35362	0.02362	0.01712	0.02258	0.01394	0.01818	0.01073	0.00662	0.00783	0.00234	0.01142	0.00726	0.00360	0.01008
7	0.01846	0.01842	0.02810	0.15201	0.53296	0.07592	0.02172	0.02275	0.01692	0.02289	0.01363	0.01818	0.01127	0.00683	0.00731	0.00222	0.00938	0.00646	0.00363	0.01093
8	0.01262	0.01035	0.01181	0.01247	0.01451	0.05135	0.01019	0.01705	0.07156	0.02334	0.14102	0.12050	0.11952	0.01807	0.00935	0.00295	0.00608	0.33308	0.00693	0.00724

[dist]
# distance from previous block
# <min> <max>
18	62

[block]
# block no. 7 follows, 27 sequences, length 6
# corresponding to MSA columns:
# 612-617
name=unknown_H
#
# <colnr> <probs for GDERKNQSTAVLIFYWHMCP>
#	G	D	E	R	K	N	Q	S	T	A	V	L	I	F	Y	W	H	M	C	P
0	0.13819	0.01855	0.01823	0.07638	0.04629	0.13378	0.01335	0.15109	0.08693	0.02864	0.01794	0.02416	0.01514	0.00983	0.00879	0.00243	0.08313	0.06750	0.05025	0.00940
1	0.07451	0.12121	0.23466	0.10946	0.08898	0.01802	0.04584	0.02253	0.01551	0.06794	0.01447	0.01747	0.01106	0.00761	0.00783	0.00226	0.06016	0.00587	0.06476	0.00983
2	0.01762	0.01406	0.01405	0.01406	0.05486	0.11993	0.01011	0.02172	0.07665	0.13263	0.11503	0.11080	0.19861	0.01412	0.00821	0.00245	0.00641	0.05331	0.00680	0.00858
3	0.01800	0.01424	0.06092	0.01307	0.01738	0.01277	0.03851	0.16535	0.06005	0.11473	0.13335	0.04135	0.20952	0.05517	0.00981	0.00266	0.00622	0.01059	0.00700	0.00931
4	0.01442	0.01274	0.01371	0.01183	0.01529	0.06024	0.00909	0.06060	0.01737	0.02367	0.09582	0.17559	0.12803	0.01311	0.00884	0.00213	0.06206	0.01080	0.00574	0.25891
5	0.07515	0.06017	0.09518	0.01786	0.08733	0.01712	0.01424	0.20745	0.07404	0.13969	0.04499	0.09503	0.01925	0.01005	0.00731	0.00233	0.00732	0.00821	0.00640	0.01091

[dist]
# distance from previous block
# <min> <max>
12	30

[block]
# block no. 8 follows, 27 sequences, length 9
# corresponding to MSA columns:
# 654-662
name=unknown_I
#
# <colnr> <probs for GDERKNQSTAVLIFYWHMCP>
#	G	D	E	R	K	N	Q	S	T	A	V	L	I	F	Y	W	H	M	C	P
0	0.30241	0.05032	0.04847	0.12813	0.04495	0.01695	0.06075	0.09088	0.01733	0.10631	0.01612	0.02073	0.01261	0.00821	0.00652	0.00237	0.00771	0.04465	0.00513	0.00946
1	0.24372	0.12531	0.05370	0.01657	0.11255	0.03657	0.01217	0.03802	0.05693	0.05138	0.12884	0.02279	0.02129	0.00861	0.00628	0.00216	0.00660	0.00666	0.04064	0.00923
2	0.08020	0.01132	0.05172	0.00986	0.01284	0.01055	0.00828	0.10422	0.01764	0.02931	0.02256	0.07596	0.01885	0.01173	0.03918	0.00246	0.00557	0.00764	0.47215	0.00794
3	0.01393	0.01002	0.01141	0.01052	0.01367	0.00960	0.00820	0.01965	0.13740	0.09165	0.07806	0.05212	0.32032	0.03962	0.05447	0.00321	0.00587	0.05784	0.00689	0.05554
4	0.02201	0.01946	0.04995	0.01503	0.01991	0.09125	0.01242	0.34086	0.08524	0.03429	0.04467	0.02793	0.10190	0.05724	0.00943	0.00254	0.00778	0.00808	0.00649	0.04350
5	0.14420	0.01875	0.11264	0.10160	0.02268	0.09882	0.01378	0.06100	0.04558	0.05746	0.04216	0.06965	0.06000	0.01040	0.00758	0.00239	0.02958	0.03770	0.05521	0.00881
6	0.01861	0.42912	0.06578	0.01332	0.01883	0.08799	0.01249	0.02137	0.01556	0.01943	0.01365	0.05798	0.01271	0.00783	0.00622	0.00176	0.03488	0.00551	0.05085	0.10613
7	0.02156	0.10246	0.02041	0.05025	0.08496	0.01622	0.01269	0.04936	0.21881	0.20428	0.09770	0.02819	0.02376	0.00975	0.00737	0.00231	0.00655	0.02553	0.00692	0.01091
8	0.07938	0.06382	0.01974	0.01675	0.05396	0.15400	0.01264	0.14085	0.21160	0.09516	0.03793	0.04589	0.01765	0.00927	0.00706	0.00225	0.00794	0.00719	0.00627	0.01064

[dist]
# distance from previous block
# <min> <max>
20	41

[block]
# block no. 9 follows, 27 sequences, length 6
# corresponding to MSA columns:
# 706-711
name=unknown_J
#
# <colnr> <probs for GDERKNQSTAVLIFYWHMCP>
#	G	D	E	R	K	N	Q	S	T	A	V	L	I	F	Y	W	H	M	C	P
0	0.03732	0.01743	0.12008	0.04142	0.02028	0.01488	0.01304	0.18987	0.10619	0.05821	0.05624	0.08524	0.10814	0.01126	0.00749	0.00233	0.00674	0.00924	0.06188	0.03271
1	0.04688	0.01479	0.07795	0.13102	0.02282	0.01409	0.01293	0.05915	0.20770	0.02691	0.13950	0.03691	0.10401	0.03442	0.00877	0.00263	0.00658	0.03761	0.00621	0.00912
2	0.09457	0.01998	0.01876	0.04553	0.04501	0.14042	0.01287	0.23920	0.16675	0.05393	0.02065	0.02097	0.03303	0.00888	0.00699	0.00224	0.00805	0.00675	0.04480	0.01063
3	0.02071	0.01727	0.01802	0.01496	0.01917	0.06697	0.01193	0.27339	0.13735	0.03321	0.08427	0.06469	0.05478	0.01089	0.00887	0.00230	0.06412	0.00848	0.00659	0.08203
4	0.07641	0.08697	0.01462	0.01178	0.01427	0.01228	0.00903	0.10813	0.01725	0.05397	0.02951	0.40193	0.03228	0.02048	0.07260	0.00348	0.00688	0.01406	0.00623	0.00785
5	0.04249	0.00982	0.01162	0.03800	0.01448	0.01009	0.00862	0.07908	0.03792	0.10309	0.07384	0.09755	0.02650	0.03292	0.03920	0.00283	0.00584	0.06727	0.29067	0.00817

[dist]
# distance from previous block
# <min> <max>
0	1

[block]
# block no. 10 follows, 27 sequences, length 8
# corresponding to MSA columns:
# 713-720
name=unknown_K
#
# <colnr> <probs for GDERKNQSTAVLIFYWHMCP>
#	G	D	E	R	K	N	Q	S	T	A	V	L	I	F	Y	W	H	M	C	P
0	0.05047	0.38776	0.03006	0.16653	0.02671	0.13807	0.01460	0.07022	0.01738	0.02068	0.01168	0.01429	0.00978	0.00701	0.00584	0.00191	0.00919	0.00487	0.00368	0.00927
1	0.01253	0.01048	0.01560	0.13505	0.02075	0.01311	0.01239	0.01542	0.01254	0.01830	0.01694	0.02484	0.01531	0.03584	0.40673	0.00792	0.16064	0.00736	0.05103	0.00723
2	0.01080	0.03873	0.01089	0.00991	0.01092	0.00889	0.00697	0.01213	0.01330	0.01775	0.07391	0.17543	0.12006	0.28380	0.13263	0.00579	0.04428	0.01260	0.00530	0.00592
3	0.01471	0.01504	0.01272	0.01307	0.01440	0.20276	0.00925	0.01611	0.01574	0.01837	0.03002	0.45202	0.03468	0.06746	0.01136	0.00301	0.04171	0.01515	0.00570	0.00674
4	0.13546	0.05410	0.13269	0.04373	0.06799	0.01515	0.10309	0.01988	0.03363	0.02404	0.04661	0.10395	0.04490	0.01149	0.00850	0.00259	0.04335	0.09527	0.00483	0.00876
5	0.01933	0.05793	0.01483	0.01145	0.01490	0.01079	0.00896	0.06775	0.01953	0.22986	0.20536	0.15202	0.03670	0.06644	0.01010	0.00268	0.00549	0.01116	0.00743	0.04729
6	0.04216	0.02810	0.01252	0.05534	0.01511	0.00997	0.00867	0.05916	0.01794	0.07400	0.24496	0.12782	0.08743	0.09565	0.08459	0.00393	0.00684	0.01179	0.00655	0.00749
7	0.04540	0.02025	0.10106	0.02515	0.13764	0.04506	0.15222	0.05307	0.01602	0.02340	0.01277	0.01706	0.01056	0.00849	0.01225	0.00247	0.21816	0.00652	0.00380	0.08865

[dist]
# distance from previous block
# <min> <max>
23	81

[block]
# block no. 11 follows, 27 sequences, length 9
# corresponding to MSA columns:
# 834-842
name=unknown_L
#
# <colnr> <probs for GDERKNQSTAVLIFYWHMCP>
#	G	D	E	R	K	N	Q	S	T	A	V	L	I	F	Y	W	H	M	C	P
0	0.02424	0.01640	0.01814	0.01420	0.01950	0.01699	0.01157	0.37157	0.05869	0.13187	0.02568	0.02506	0.08223	0.00961	0.00723	0.00212	0.00678	0.00754	0.05328	0.09731
1	0.02122	0.01414	0.01629	0.01370	0.01780	0.01459	0.01087	0.29172	0.04620	0.12508	0.07742	0.18112	0.05134	0.01320	0.00805	0.00243	0.00633	0.03515	0.00743	0.04593
2	0.07054	0.01517	0.01842	0.01704	0.08612	0.01554	0.01237	0.14269	0.17748	0.25610	0.06218	0.02442	0.01980	0.00916	0.00729	0.00228	0.00656	0.00748	0.00743	0.04193
3	0.01907	0.01634	0.02183	0.05604	0.09777	0.01885	0.04939	0.16279	0.11122	0.02836	0.01685	0.01983	0.01343	0.00948	0.01181	0.00246	0.20359	0.00686	0.07796	0.05609
4	0.01861	0.19545	0.27001	0.01867	0.04472	0.12828	0.05707	0.02349	0.01649	0.04515	0.01427	0.04004	0.01181	0.00981	0.04023	0.00253	0.01048	0.00592	0.00375	0.04322
5	0.01749	0.01668	0.02719	0.14576	0.47592	0.01803	0.02098	0.02292	0.06460	0.02329	0.01461	0.01906	0.01207	0.00764	0.00909	0.00237	0.08086	0.00673	0.00386	0.01085
6	0.01597	0.08654	0.01776	0.01173	0.01725	0.01287	0.00952	0.05127	0.01582	0.02352	0.01486	0.05130	0.01360	0.04921	0.00858	0.00176	0.04445	0.00575	0.00449	0.54374
7	0.05008	0.01563	0.02447	0.05995	0.09119	0.01810	0.14801	0.04360	0.06383	0.02368	0.01584	0.03733	0.01339	0.00976	0.01308	0.00262	0.25083	0.00743	0.10208	0.00910
8	0.01495	0.01232	0.01447	0.01304	0.01552	0.06487	0.01012	0.01818	0.04543	0.05952	0.01935	0.05795	0.01789	0.07978	0.31702	0.00676	0.09007	0.00778	0.00460	0.13036

[dist]
# distance from previous block
# <min> <max>
0	1

[block]
# block no. 12 follows, 27 sequences, length 179
# corresponding to MSA columns:
# 844,846-1023
name=unknown_M
#
# <colnr> <probs for GDERKNQSTAVLIFYWHMCP>
#	G	D	E	R	K	N	Q	S	T	A	V	L	I	F	Y	W	H	M	C	P
0	0.01026	0.00787	0.01115	0.03372	0.03648	0.00755	0.03354	0.01198	0.01461	0.01955	0.09219	0.45391	0.07606	0.13877	0.01389	0.00356	0.00534	0.01703	0.00626	0.00630
1	0.07217	0.01272	0.01690	0.01303	0.01872	0.01121	0.01076	0.03544	0.02081	0.66387	0.02832	0.02459	0.01785	0.00907	0.00732	0.00230	0.00629	0.00729	0.00895	0.01240
2	0.01818	0.01744	0.02978	0.07594	0.66395	0.01759	0.02269	0.02261	0.01681	0.02402	0.01393	0.01844	0.01168	0.00665	0.00735	0.00222	0.00887	0.00661	0.00366	0.01160
3	0.01732	0.02060	0.07301	0.03002	0.03765	0.01835	0.61031	0.02357	0.01735	0.02378	0.01487	0.01964	0.01117	0.00626	0.00855	0.00244	0.01217	0.00844	0.00375	0.04075
4	0.01482	0.03639	0.64658	0.07694	0.03364	0.01718	0.02689	0.02315	0.01561	0.02315	0.01331	0.01600	0.00944	0.00708	0.00708	0.00236	0.01089	0.00557	0.00315	0.01075
5	0.01624	0.01624	0.02274	0.01949	0.01949	0.02274	0.01624	0.01787	0.01137	0.01787	0.00975	0.01624	0.00975	0.01299	0.02436	0.00325	0.72552	0.00650	0.00325	0.00812
6	0.03331	0.01263	0.01723	0.01321	0.01895	0.01091	0.01091	0.03618	0.02125	0.69794	0.02929	0.02527	0.01838	0.00919	0.00747	0.00230	0.00632	0.00747	0.00919	0.01263
7	0.01076	0.00727	0.00847	0.00844	0.00864	0.00733	0.00498	0.01117	0.01152	0.01557	0.06563	0.04771	0.02917	0.64664	0.08141	0.00721	0.00782	0.01077	0.00470	0.00480
8	0.03224	0.01435	0.01829	0.01402	0.01981	0.01346	0.01158	0.16893	0.02412	0.56113	0.02688	0.02370	0.01717	0.00913	0.00746	0.00228	0.00671	0.00730	0.00882	0.01263
9	0.79154	0.01436	0.01091	0.00976	0.01436	0.01665	0.00804	0.02182	0.01263	0.03331	0.01034	0.01206	0.00804	0.00689	0.00459	0.00230	0.00574	0.00402	0.00459	0.00804
10	0.03331	0.01263	0.01723	0.01321	0.01895	0.01091	0.01091	0.03618	0.02125	0.69794	0.02929	0.02527	0.01838	0.00919	0.00747	0.00230	0.00632	0.00747	0.00919	0.01263
11	0.01022	0.00715	0.00918	0.01023	0.01086	0.00692	0.00714	0.01166	0.01417	0.01889	0.07672	0.36229	0.04261	0.23667	0.01806	0.00430	0.00560	0.13531	0.00625	0.00579
12	0.03274	0.01354	0.01779	0.01364	0.01940	0.01226	0.01127	0.10652	0.02277	0.62545	0.02801	0.02444	0.01774	0.00916	0.00746	0.00229	0.00652	0.00738	0.00899	0.01263
13	0.79154	0.01436	0.01091	0.00976	0.01436	0.01665	0.00804	0.02182	0.01263	0.03331	0.01034	0.01206	0.00804	0.00689	0.00459	0.00230	0.00574	0.00402	0.00459	0.00804
14	0.00930	0.00754	0.00826	0.00808	0.01035	0.00649	0.00606	0.01168	0.01818	0.02303	0.26327	0.06654	0.49986	0.01769	0.00877	0.00245	0.00368	0.01498	0.00729	0.00649
15	0.01333	0.00880	0.00968	0.00904	0.01006	0.00905	0.00583	0.09079	0.01470	0.02069	0.04283	0.04203	0.02539	0.52280	0.02850	0.00565	0.00666	0.00981	0.11844	0.00590
16	0.01051	0.00759	0.00992	0.00934	0.01109	0.00700	0.00700	0.01401	0.02101	0.02977	0.68888	0.05545	0.07005	0.01518	0.00876	0.00233	0.00350	0.01343	0.00817	0.00700
17	0.02822	0.02079	0.02228	0.01708	0.02302	0.02302	0.01411	0.66804	0.03490	0.04679	0.01782	0.01782	0.01262	0.00891	0.00743	0.00223	0.00817	0.00668	0.00743	0.01262
18	0.00936	0.00661	0.00858	0.00997	0.01059	0.00617	0.00671	0.01083	0.01465	0.01979	0.08084	0.61923	0.07102	0.04852	0.01030	0.00306	0.00432	0.01957	0.03381	0.00607
19	0.01384	0.00692	0.00692	0.00692	0.00865	0.00692	0.00519	0.01730	0.01557	0.02768	0.02422	0.02768	0.01903	0.00865	0.00519	0.00173	0.00346	0.00692	0.78031	0.00692
20	0.00904	0.00646	0.00861	0.01034	0.01077	0.00603	0.00689	0.01034	0.01421	0.01895	0.04092	0.73426	0.04910	0.02326	0.00948	0.00301	0.00431	0.02110	0.00689	0.00603
21	0.01624	0.01624	0.02274	0.01949	0.01949	0.02274	0.01624	0.01787	0.01137	0.01787	0.00975	0.01624	0.00975	0.01299	0.02436	0.00325	0.72552	0.00650	0.00325	0.00812
22	0.01539	0.01319	0.01539	0.01100	0.01759	0.00990	0.00880	0.01869	0.01539	0.02419	0.01319	0.01539	0.01100	0.00550	0.00550	0.00110	0.00550	0.00440	0.00440	0.78449
23	0.01022	0.00753	0.00959	0.00935	0.01109	0.00689	0.00701	0.01334	0.01979	0.02735	0.53242	0.11272	0.14755	0.01650	0.00887	0.00245	0.00373	0.03891	0.00785	0.00682
24	0.01985	0.74357	0.03890	0.01270	0.01905	0.02937	0.01270	0.02223	0.01508	0.01747	0.01032	0.01191	0.00953	0.00635	0.00476	0.00159	0.00794	0.00397	0.00318	0.00953
25	0.01846	0.01595	0.01679	0.01511	0.01930	0.01846	0.01175	0.03945	0.67938	0.03105	0.03022	0.02770	0.02266	0.01007	0.00755	0.00252	0.00588	0.00839	0.00755	0.01175
26	0.00938	0.00754	0.00837	0.00816	0.01040	0.00653	0.00612	0.01183	0.01836	0.02347	0.29114	0.06582	0.47171	0.01753	0.00877	0.00245	0.00367	0.01488	0.00734	0.00653
27	0.01837	0.01764	0.03013	0.04557	0.69279	0.01764	0.02278	0.02278	0.01690	0.02425	0.01396	0.01837	0.01176	0.00661	0.00735	0.00220	0.00882	0.00661	0.00367	0.01176
28	0.01846	0.01595	0.01679	0.01511	0.01930	0.01846	0.01175	0.03945	0.67938	0.03105	0.03022	0.02770	0.02266	0.01007	0.00755	0.00252	0.00588	0.00839	0.00755	0.01175
29	0.01051	0.00766	0.00993	0.00957	0.01136	0.00708	0.00731	0.01390	0.02044	0.02855	0.59795	0.05873	0.10742	0.01583	0.00888	0.00243	0.00378	0.06372	0.00798	0.00694
30	0.01200	0.00878	0.00977	0.00919	0.01170	0.00819	0.00686	0.01628	0.09216	0.06620	0.19869	0.05792	0.37343	0.08245	0.01121	0.00289	0.00442	0.01338	0.00718	0.00729
31	0.01752	0.02003	0.04380	0.03129	0.03880	0.01877	0.66583	0.02378	0.01752	0.02378	0.01502	0.02003	0.01126	0.00626	0.00876	0.00250	0.01252	0.00876	0.00375	0.01001
32	0.02822	0.02079	0.02228	0.01708	0.02302	0.02302	0.01411	0.66804	0.03490	0.04679	0.01782	0.01782	0.01262	0.00891	0.00743	0.00223	0.00817	0.00668	0.00743	0.01262
33	0.01329	0.00707	0.00762	0.00762	0.00923	0.00724	0.00569	0.01651	0.01490	0.02578	0.02362	0.02872	0.01929	0.04431	0.09819	0.00328	0.00575	0.00721	0.64791	0.00678
34	0.01510	0.01469	0.02386	0.39359	0.03810	0.01770	0.08344	0.01913	0.01425	0.01970	0.01247	0.01843	0.01011	0.00858	0.01184	0.00254	0.19876	0.00656	0.00344	0.08771
35	0.07518	0.01606	0.01708	0.04146	0.02003	0.10078	0.01140	0.08132	0.06419	0.35027	0.02426	0.07815	0.01808	0.00970	0.00722	0.00225	0.00722	0.00777	0.00725	0.06034
36	0.06620	0.28445	0.42429	0.01746	0.02640	0.02146	0.02102	0.02295	0.01527	0.02201	0.01208	0.01412	0.00936	0.00680	0.00609	0.00208	0.00957	0.00486	0.00324	0.01028
37	0.01715	0.02082	0.09286	0.02914	0.05658	0.01851	0.51665	0.02306	0.01680	0.02335	0.01438	0.01914	0.01101	0.00680	0.00960	0.00247	0.06511	0.00807	0.00369	0.04482
38	0.01757	0.01682	0.02867	0.17079	0.57388	0.01743	0.02238	0.02208	0.01652	0.02327	0.01382	0.01864	0.01141	0.00676	0.00736	0.00225	0.00902	0.00661	0.00361	0.01111
39	0.02620	0.01959	0.02119	0.01612	0.02217	0.02095	0.01327	0.56558	0.03183	0.04322	0.01709	0.01744	0.01237	0.00837	0.00712	0.00205	0.00775	0.00632	0.00695	0.13441
40	0.00889	0.00705	0.00800	0.00876	0.01035	0.00616	0.00619	0.01051	0.01573	0.01957	0.06006	0.36410	0.40689	0.02077	0.00908	0.00273	0.00400	0.01807	0.00689	0.00616
41	0.01288	0.00813	0.00956	0.00918	0.01068	0.00833	0.00657	0.04757	0.01455	0.02228	0.04507	0.06487	0.02320	0.20701	0.14832	0.03261	0.00800	0.00884	0.27562	0.03673
42	0.01272	0.09282	0.04341	0.01265	0.01496	0.01281	0.01056	0.03907	0.01319	0.01845	0.01827	0.02699	0.01714	0.08974	0.50253	0.00934	0.04660	0.00748	0.00398	0.00728
43	0.00997	0.00851	0.00869	0.00847	0.01115	0.00772	0.00640	0.01414	0.09431	0.02170	0.09279	0.06575	0.58894	0.01765	0.00863	0.00250	0.00400	0.01474	0.00702	0.00693
44	0.72742	0.01490	0.01187	0.01038	0.01508	0.01719	0.00855	0.07611	0.01450	0.03444	0.01097	0.01254	0.00842	0.00706	0.00483	0.00229	0.00595	0.00424	0.00483	0.00842
45	0.01607	0.01549	0.02694	0.39399	0.31931	0.01712	0.06270	0.02087	0.01588	0.02149	0.01363	0.01921	0.01076	0.00701	0.00748	0.00236	0.00961	0.00674	0.00349	0.00983
46	0.02684	0.01976	0.02129	0.01659	0.02214	0.02180	0.01359	0.62057	0.03341	0.04478	0.01949	0.06954	0.01526	0.00995	0.00757	0.00228	0.00789	0.00772	0.00739	0.01215
47	0.00927	0.00746	0.00778	0.00775	0.00973	0.00649	0.00551	0.01089	0.01602	0.01960	0.10455	0.06609	0.52467	0.15503	0.01427	0.00338	0.00439	0.01460	0.00652	0.00598
48	0.00964	0.00749	0.00876	0.00859	0.01059	0.00661	0.00639	0.01227	0.01875	0.02473	0.37287	0.10593	0.34607	0.01731	0.00881	0.00246	0.00367	0.01492	0.00752	0.00661
49	0.02795	0.02018	0.02177	0.01681	0.02265	0.02224	0.01385	0.60742	0.06732	0.07525	0.01897	0.01866	0.01340	0.00898	0.00743	0.00225	0.00797	0.00681	0.00751	0.01258
50	0.01678	0.27572	0.43101	0.01945	0.04887	0.02142	0.04605	0.02306	0.01558	0.02150	0.01239	0.01465	0.00959	0.00677	0.00635	0.00209	0.00993	0.00513	0.00319	0.01047
51	0.01402	0.01319	0.02227	0.72126	0.05113	0.01649	0.02062	0.01897	0.01484	0.01897	0.01319	0.01979	0.00990	0.00742	0.00742	0.00247	0.00990	0.00660	0.00330	0.00825
52	0.79154	0.01436	0.01091	0.00976	0.01436	0.01665	0.00804	0.02182	0.01263	0.03331	0.01034	0.01206	0.00804	0.00689	0.00459	0.00230	0.00574	0.00402	0.00459	0.00804
53	0.00973	0.00690	0.00892	0.00971	0.01047	0.00649	0.00657	0.01149	0.01571	0.02147	0.22930	0.43314	0.05201	0.12638	0.01344	0.00343	0.00450	0.01732	0.00692	0.00609
54	0.01909	0.01513	0.01646	0.01391	0.01849	0.01609	0.01091	0.13926	0.35484	0.05584	0.02744	0.05457	0.05003	0.03545	0.00837	0.00241	0.00611	0.00831	0.00690	0.14041
55	0.64790	0.01403	0.01211	0.01042	0.01523	0.01557	0.00858	0.02454	0.01427	0.15922	0.01393	0.01456	0.01000	0.00733	0.00514	0.00230	0.00585	0.00467	0.00546	0.00891
56	0.00911	0.00649	0.00859	0.01025	0.01067	0.00607	0.00680	0.01035	0.01409	0.01878	0.04026	0.70875	0.04828	0.04989	0.01053	0.00317	0.00441	0.02072	0.00680	0.00597
57	0.01061	0.00795	0.01193	0.01193	0.01326	0.00928	0.00928	0.01326	0.01193	0.01723	0.01988	0.02916	0.01856	0.05568	0.70968	0.01193	0.01988	0.00795	0.00398	0.00663
58	0.01450	0.01345	0.02227	0.69762	0.05019	0.01671	0.02040	0.04076	0.01552	0.01990	0.01335	0.01973	0.00999	0.00747	0.00742	0.00247	0.00984	0.00660	0.00344	0.00839
59	0.79154	0.01436	0.01091	0.00976	0.01436	0.01665	0.00804	0.02182	0.01263	0.03331	0.01034	0.01206	0.00804	0.00689	0.00459	0.00230	0.00574	0.00402	0.00459	0.00804
60	0.00879	0.00745	0.00760	0.00771	0.01008	0.00625	0.00573	0.01063	0.01673	0.01998	0.07284	0.11717	0.64558	0.01911	0.00882	0.00254	0.00380	0.01604	0.00689	0.00625
61	0.02906	0.01560	0.01859	0.01468	0.02018	0.01580	0.01199	0.21806	0.14864	0.38602	0.02617	0.02359	0.01753	0.00927	0.00747	0.00232	0.00677	0.00742	0.00838	0.01247
62	0.02351	0.01845	0.01963	0.01613	0.02123	0.02082	0.01297	0.36447	0.34615	0.03919	0.02381	0.02259	0.01747	0.00947	0.00749	0.00237	0.00706	0.00751	0.00749	0.01220
63	0.02730	0.03456	0.02146	0.02035	0.05388	0.67736	0.01473	0.02933	0.02085	0.01845	0.01159	0.01362	0.00966	0.00760	0.00672	0.00193	0.01318	0.00487	0.00382	0.00875
64	0.00895	0.00732	0.00790	0.00818	0.01024	0.00627	0.00597	0.01083	0.01669	0.02053	0.11168	0.19589	0.52502	0.01939	0.00891	0.00259	0.00385	0.01654	0.00698	0.00627
65	0.03190	0.01295	0.01719	0.01339	0.01898	0.01163	0.01099	0.03649	0.08355	0.63481	0.02938	0.02550	0.01878	0.00927	0.00747	0.00232	0.00628	0.00755	0.00903	0.01255
66	0.02613	0.01927	0.02058	0.01614	0.02159	0.02137	0.01321	0.55299	0.10362	0.04370	0.01963	0.01960	0.01418	0.00902	0.00728	0.00222	0.00758	0.00689	0.06288	0.01212
67	0.02822	0.02079	0.02228	0.01708	0.02302	0.02302	0.01411	0.66804	0.03490	0.04679	0.01782	0.01782	0.01262	0.00891	0.00743	0.00223	0.00817	0.00668	0.00743	0.01262
68	0.06832	0.01271	0.01694	0.01305	0.01874	0.01118	0.01078	0.03552	0.02085	0.66724	0.02841	0.02466	0.01790	0.00908	0.00733	0.00230	0.00629	0.00731	0.00898	0.01242
69	0.01539	0.01319	0.01539	0.01100	0.01759	0.00990	0.00880	0.01869	0.01539	0.02419	0.01319	0.01539	0.01100	0.00550	0.00550	0.00110	0.00550	0.00440	0.00440	0.78449
70	0.00957	0.00810	0.00834	0.00818	0.01075	0.00716	0.00617	0.01289	0.06266	0.02157	0.12001	0.06720	0.59568	0.01792	0.00869	0.00249	0.00389	0.01499	0.00704	0.00670
71	0.02822	0.02079	0.02228	0.01708	0.02302	0.02302	0.01411	0.66804	0.03490	0.04679	0.01782	0.01782	0.01262	0.00891	0.00743	0.00223	0.00817	0.00668	0.00743	0.01262
72	0.03313	0.01292	0.01741	0.01334	0.01909	0.01134	0.01102	0.05836	0.02173	0.67508	0.02889	0.02501	0.01817	0.00918	0.00746	0.00229	0.00638	0.00744	0.00913	0.01263
73	0.00957	0.00726	0.00881	0.00904	0.01067	0.00651	0.00654	0.01196	0.01789	0.02378	0.32032	0.24400	0.25968	0.01850	0.00896	0.00257	0.00380	0.01621	0.00742	0.00651
74	0.01061	0.00795	0.01193	0.01193	0.01326	0.00928	0.00928	0.01326	0.01193	0.01723	0.01988	0.02916	0.01856	0.05568	0.70968	0.01193	0.01988	0.00795	0.00398	0.00663
75	0.01896	0.01584	0.01680	0.01504	0.01929	0.01821	0.01172	0.03934	0.65731	0.05342	0.03018	0.02762	0.02252	0.01004	0.00755	0.00251	0.00589	0.00836	0.00761	0.01178
76	0.01072	0.00719	0.00824	0.00831	0.00837	0.00721	0.00475	0.01085	0.01097	0.01467	0.02402	0.07684	0.02766	0.68790	0.05731	0.00717	0.00747	0.01114	0.00458	0.00463
77	0.02020	0.01681	0.01776	0.01546	0.01997	0.01928	0.01217	0.15140	0.56460	0.03386	0.02801	0.02594	0.02087	0.00987	0.00753	0.00247	0.00628	0.00809	0.00753	0.01191
78	0.01061	0.00795	0.01193	0.01193	0.01326	0.00928	0.00928	0.01326	0.01193	0.01723	0.01988	0.02916	0.01856	0.05568	0.70968	0.01193	0.01988	0.00795	0.00398	0.00663
79	0.01489	0.03840	0.70064	0.02116	0.03213	0.01724	0.02743	0.02351	0.01567	0.02351	0.01332	0.01567	0.00940	0.00705	0.00705	0.00235	0.01097	0.00549	0.00313	0.01097
80	0.02788	0.02062	0.02209	0.01701	0.02289	0.02286	0.01403	0.64605	0.05745	0.04624	0.01826	0.01817	0.01298	0.00895	0.00743	0.00224	0.00809	0.00674	0.00743	0.01259
81	0.01140	0.00783	0.01031	0.00975	0.01164	0.00724	0.00746	0.01487	0.02077	0.05266	0.62435	0.05620	0.06650	0.01531	0.00881	0.00240	0.00381	0.05339	0.00812	0.00719
82	0.01837	0.01764	0.03013	0.04557	0.69279	0.01764	0.02278	0.02278	0.01690	0.02425	0.01396	0.01837	0.01176	0.00661	0.00735	0.00220	0.00882	0.00661	0.00367	0.01176
83	0.63106	0.01564	0.05586	0.01099	0.01616	0.01585	0.00970	0.02403	0.01409	0.12990	0.01330	0.01422	0.00964	0.00724	0.00517	0.00230	0.00616	0.00462	0.00517	0.00890
84	0.06089	0.01337	0.01691	0.01341	0.01869	0.01259	0.01092	0.09912	0.06651	0.51554	0.02815	0.06938	0.01962	0.01002	0.00748	0.00235	0.00633	0.00818	0.00856	0.01197
85	0.00904	0.00646	0.00861	0.01034	0.01077	0.00603	0.00689	0.01034	0.01421	0.01895	0.04092	0.73426	0.04910	0.02326	0.00948	0.00301	0.00431	0.02110	0.00689	0.00603
86	0.00904	0.00649	0.00858	0.01025	0.01074	0.00604	0.00685	0.01035	0.01430	0.01898	0.04198	0.71373	0.06894	0.02312	0.00945	0.00300	0.00429	0.02094	0.00689	0.00604
87	0.01539	0.01319	0.01539	0.01100	0.01759	0.00990	0.00880	0.01869	0.01539	0.02419	0.01319	0.01539	0.01100	0.00550	0.00550	0.00110	0.00550	0.00440	0.00440	0.78449
88	0.00997	0.00757	0.01020	0.01103	0.01168	0.00797	0.00782	0.01150	0.01349	0.01831	0.03523	0.46857	0.07177	0.07416	0.14624	0.00498	0.06080	0.01657	0.00591	0.00621
89	0.01022	0.00696	0.00827	0.00883	0.00897	0.00681	0.00528	0.01064	0.01192	0.01589	0.02915	0.27380	0.03425	0.50397	0.02849	0.00582	0.00625	0.01418	0.00528	0.00500
90	0.01879	0.01434	0.01781	0.01295	0.01943	0.01193	0.04329	0.09389	0.01830	0.09603	0.01547	0.01692	0.01195	0.00630	0.00608	0.00142	0.00624	0.00519	0.00520	0.57845
91	0.01820	0.01870	0.06450	0.04432	0.65893	0.01762	0.02302	0.02282	0.01684	0.02422	0.01393	0.01824	0.01164	0.00664	0.00733	0.00221	0.00893	0.00656	0.00365	0.01172
92	0.01489	0.03840	0.70064	0.02116	0.03213	0.01724	0.02743	0.02351	0.01567	0.02351	0.01332	0.01567	0.00940	0.00705	0.00705	0.00235	0.01097	0.00549	0.00313	0.01097
93	0.01200	0.00902	0.01165	0.01146	0.01285	0.03369	0.00884	0.01464	0.01283	0.01904	0.02008	0.02850	0.01827	0.06694	0.51128	0.00928	0.04389	0.00770	0.14129	0.00674
94	0.01444	0.01333	0.02047	0.05347	0.02041	0.01686	0.07962	0.01715	0.01267	0.01912	0.01454	0.02146	0.01320	0.02402	0.21860	0.00552	0.35472	0.00719	0.06543	0.00779
95	0.02822	0.02079	0.02228	0.01708	0.02302	0.02302	0.01411	0.66804	0.03490	0.04679	0.01782	0.01782	0.01262	0.00891	0.00743	0.00223	0.00817	0.00668	0.00743	0.01262
96	0.00978	0.00702	0.00837	0.00895	0.00970	0.00659	0.00582	0.01092	0.01408	0.01854	0.10428	0.30664	0.14910	0.28354	0.01964	0.00439	0.00519	0.01567	0.00614	0.00561
97	0.03027	0.01279	0.01680	0.01325	0.01859	0.01166	0.01082	0.03545	0.10407	0.57976	0.06321	0.02712	0.02156	0.00961	0.00754	0.00233	0.00612	0.00789	0.00893	0.01223
98	0.01624	0.01624	0.02274	0.01949	0.01949	0.02274	0.01624	0.01787	0.01137	0.01787	0.00975	0.01624	0.00975	0.01299	0.02436	0.00325	0.72552	0.00650	0.00325	0.00812
99	0.01384	0.00692	0.00692	0.00692	0.00865	0.00692	0.00519	0.01730	0.01557	0.02768	0.02422	0.02768	0.01903	0.00865	0.00519	0.00173	0.00346	0.00692	0.78031	0.00692
100	0.01101	0.00838	0.01017	0.01030	0.01215	0.00812	0.00783	0.01539	0.08218	0.02444	0.27566	0.14583	0.17644	0.06291	0.01081	0.00295	0.00466	0.11650	0.00725	0.00701
101	0.14422	0.01289	0.01630	0.01270	0.01828	0.01175	0.01049	0.03408	0.01999	0.60072	0.02652	0.02334	0.01686	0.00885	0.00705	0.00230	0.00623	0.00696	0.00852	0.01196
102	0.79154	0.01436	0.01091	0.00976	0.01436	0.01665	0.00804	0.02182	0.01263	0.03331	0.01034	0.01206	0.00804	0.00689	0.00459	0.00230	0.00574	0.00402	0.00459	0.00804
103	0.74315	0.01425	0.01131	0.00998	0.01465	0.01629	0.00822	0.02274	0.01318	0.07573	0.01155	0.01290	0.00870	0.00704	0.00478	0.00230	0.00578	0.00424	0.00489	0.00833
104	0.01657	0.00956	0.00984	0.00885	0.01138	0.00998	0.00689	0.14107	0.01925	0.03131	0.02300	0.02580	0.01781	0.00870	0.00561	0.00182	0.00436	0.00687	0.63331	0.00800
105	0.06397	0.01270	0.01697	0.01307	0.01877	0.01114	0.01079	0.03560	0.02090	0.67106	0.02852	0.02473	0.01796	0.00910	0.00735	0.00230	0.00629	0.00733	0.00900	0.01245
106	0.02822	0.02079	0.02228	0.01708	0.02302	0.02302	0.01411	0.66804	0.03490	0.04679	0.01782	0.01782	0.01262	0.00891	0.00743	0.00223	0.00817	0.00668	0.00743	0.01262
107	0.00914	0.00753	0.00803	0.00791	0.01025	0.00642	0.00593	0.01137	0.01779	0.02212	0.20569	0.06804	0.55801	0.01803	0.00877	0.00247	0.00371	0.01519	0.00717	0.00642
108	0.03331	0.01263	0.01723	0.01321	0.01895	0.01091	0.01091	0.03618	0.02125	0.69794	0.02929	0.02527	0.01838	0.00919	0.00747	0.00230	0.00632	0.00747	0.00919	0.01263
109	0.01846	0.01595	0.01679	0.01511	0.01930	0.01846	0.01175	0.03945	0.67938	0.03105	0.03022	0.02770	0.02266	0.01007	0.00755	0.00252	0.00588	0.00839	0.00755	0.01175
110	0.02822	0.02079	0.02228	0.01708	0.02302	0.02302	0.01411	0.66804	0.03490	0.04679	0.01782	0.01782	0.01262	0.00891	0.00743	0.00223	0.00817	0.00668	0.00743	0.01262
111	0.01078	0.00721	0.00818	0.00815	0.00823	0.00719	0.00461	0.01094	0.01126	0.01509	0.05330	0.04889	0.02892	0.70656	0.03648	0.00698	0.00703	0.01091	0.00466	0.00461
112	0.00922	0.00748	0.00817	0.00812	0.01033	0.00644	0.00604	0.01147	0.01780	0.02242	0.22614	0.10144	0.50274	0.01813	0.00881	0.00249	0.00372	0.01539	0.00721	0.00644
113	0.01079	0.00723	0.00827	0.00827	0.00834	0.00729	0.00472	0.01091	0.01085	0.01453	0.02323	0.04768	0.02660	0.70754	0.06881	0.00742	0.00778	0.01066	0.00447	0.00460
