[name]
unknown

[dist]
# distance from previous block
# <min> <max>
0	2

[block]
# block no. 0 follows, 29 sequences, length 48
# corresponding to MSA columns:
# 2-49
name=unknown_A
#
# <colnr> <probs for GDERKNQSTAVLIFYWHMCP>
#	G	D	E	R	K	N	Q	S	T	A	V	L	I	F	Y	W	H	M	C	P
0	0.01519	0.00975	0.01358	0.01494	0.05467	0.00964	0.01203	0.04924	0.01770	0.11105	0.03412	0.06657	0.03493	0.01699	0.00921	0.00302	0.00666	0.50620	0.00670	0.00780
1	0.01428	0.00991	0.01207	0.01060	0.01323	0.00987	0.00821	0.11700	0.06028	0.06857	0.52296	0.04463	0.05356	0.01306	0.00807	0.00223	0.00431	0.01131	0.00775	0.00809
2	0.04699	0.02682	0.02202	0.02350	0.16964	0.43039	0.01552	0.06254	0.01881	0.02066	0.01165	0.01438	0.00977	0.00773	0.00840	0.00206	0.09102	0.00523	0.00379	0.00906
3	0.01747	0.01676	0.02863	0.06896	0.68128	0.01688	0.02178	0.02172	0.01614	0.02308	0.01337	0.01767	0.01121	0.00637	0.00705	0.00212	0.00850	0.00634	0.00351	0.01116
4	0.02599	0.01267	0.01638	0.01241	0.01793	0.01103	0.01018	0.04913	0.01872	0.45585	0.02236	0.02083	0.01500	0.00791	0.00730	0.00190	0.03727	0.00622	0.00715	0.24376
5	0.01237	0.00618	0.00928	0.00928	0.00928	0.00618	0.00618	0.00928	0.00928	0.01237	0.01237	0.02165	0.01237	0.02474	0.02783	0.79283	0.00618	0.00618	0.00309	0.00309
6	0.01522	0.01446	0.02455	0.44095	0.32691	0.01629	0.02066	0.01974	0.01507	0.02034	0.01297	0.01841	0.01025	0.00679	0.00709	0.00226	0.00905	0.00634	0.00332	0.00934
7	0.00842	0.00721	0.00721	0.00721	0.00962	0.00601	0.00541	0.01022	0.01623	0.01924	0.07213	0.06853	0.70244	0.01803	0.00842	0.00240	0.00361	0.01503	0.00661	0.00601
8	0.00858	0.00722	0.00743	0.00738	0.00972	0.00608	0.00554	0.01053	0.01661	0.02013	0.13256	0.06706	0.64146	0.01770	0.00841	0.00239	0.00358	0.01482	0.00673	0.00608
9	0.01477	0.01266	0.01477	0.01055	0.01687	0.00949	0.00844	0.01793	0.01477	0.02320	0.01266	0.01477	0.01055	0.00527	0.00527	0.00105	0.00527	0.00422	0.00422	0.79328
10	0.01363	0.01284	0.02168	0.70304	0.07724	0.01587	0.01986	0.01835	0.01432	0.01841	0.01269	0.01893	0.00957	0.00709	0.00712	0.00236	0.00945	0.00633	0.00318	0.00805
11	0.01520	0.01291	0.01500	0.01075	0.01706	0.00994	0.00862	0.04131	0.01542	0.02397	0.01281	0.01485	0.01060	0.00539	0.00534	0.00109	0.00536	0.00430	0.00432	0.76576
12	0.00872	0.00634	0.00824	0.00963	0.01028	0.00585	0.00651	0.01012	0.01419	0.01880	0.07576	0.65154	0.10467	0.02155	0.00900	0.00282	0.00405	0.01942	0.00667	0.00585
13	0.00886	0.00637	0.00845	0.01005	0.01061	0.00596	0.00691	0.01026	0.01391	0.01843	0.04020	0.67781	0.06770	0.02199	0.00912	0.00290	0.00428	0.06377	0.00661	0.00584
14	0.01428	0.03683	0.71286	0.02030	0.03082	0.01654	0.02631	0.02255	0.01503	0.02255	0.01278	0.01503	0.00902	0.00677	0.00677	0.00226	0.01052	0.00526	0.00301	0.01052
15	0.01771	0.01530	0.01610	0.01449	0.01852	0.01771	0.01127	0.03784	0.69247	0.02979	0.02898	0.02657	0.02174	0.00966	0.00725	0.00242	0.00564	0.00805	0.00725	0.01127
16	0.00960	0.00726	0.00885	0.00845	0.01034	0.00651	0.00634	0.01251	0.01902	0.02586	0.51967	0.05762	0.25077	0.01556	0.00840	0.00229	0.00343	0.01350	0.00748	0.00651
17	0.00868	0.00620	0.00826	0.00991	0.01033	0.00578	0.00661	0.00991	0.01363	0.01818	0.03925	0.74510	0.04710	0.02231	0.00909	0.00289	0.00413	0.02024	0.00661	0.00578
18	0.02604	0.03300	0.02026	0.01836	0.02184	0.68561	0.01385	0.02786	0.01971	0.01741	0.01092	0.01298	0.00918	0.00760	0.00728	0.00190	0.04964	0.00467	0.00364	0.00823
19	0.02660	0.03394	0.02018	0.01834	0.02201	0.72116	0.01376	0.02843	0.02018	0.01743	0.01101	0.01284	0.00917	0.00734	0.00642	0.00183	0.01284	0.00459	0.00367	0.00825
20	0.01558	0.01558	0.02181	0.01869	0.01869	0.02181	0.01558	0.01714	0.01091	0.01714	0.00935	0.01558	0.00935	0.01246	0.02337	0.00312	0.73672	0.00623	0.00312	0.00779
21	0.02711	0.01134	0.01519	0.01200	0.01670	0.01005	0.00977	0.05163	0.02077	0.54255	0.17160	0.03018	0.02803	0.01003	0.00742	0.00221	0.00554	0.00836	0.00855	0.01096
22	0.01705	0.01946	0.03991	0.02885	0.03545	0.04199	0.61211	0.02262	0.01652	0.02224	0.01395	0.01875	0.01065	0.00648	0.00935	0.00243	0.06104	0.00813	0.00357	0.00944
23	0.01505	0.01486	0.02170	0.19491	0.02619	0.02033	0.01661	0.01740	0.01173	0.01740	0.01016	0.01642	0.00938	0.01114	0.01936	0.00293	0.55722	0.00626	0.00313	0.00782
24	0.01558	0.01558	0.02181	0.01869	0.01869	0.02181	0.01558	0.01714	0.01091	0.01714	0.00935	0.01558	0.00935	0.01246	0.02337	0.00312	0.73672	0.00623	0.00312	0.00779
25	0.01345	0.01266	0.02136	0.73264	0.04904	0.01582	0.01978	0.01819	0.01424	0.01819	0.01266	0.01898	0.00949	0.00712	0.00712	0.00237	0.00949	0.00633	0.00316	0.00791
26	0.01008	0.00728	0.00952	0.00896	0.01064	0.00672	0.00672	0.01344	0.02016	0.02855	0.70158	0.05319	0.06719	0.01456	0.00840	0.00224	0.00336	0.01288	0.00784	0.00672
27	0.01549	0.01407	0.01558	0.01157	0.01730	0.05070	0.00925	0.01847	0.01480	0.02244	0.01233	0.01471	0.01038	0.00590	0.00663	0.00125	0.05800	0.00438	0.00411	0.69265
28	0.01681	0.01921	0.04202	0.03001	0.03721	0.01801	0.67947	0.02281	0.01681	0.02281	0.01441	0.01921	0.01080	0.00600	0.00840	0.00240	0.01200	0.00840	0.00360	0.00960
29	0.01477	0.01266	0.01477	0.01055	0.01687	0.00949	0.00844	0.01793	0.01477	0.02320	0.01266	0.01477	0.01055	0.00527	0.00527	0.00105	0.00527	0.00422	0.00422	0.79328
30	0.00877	0.00624	0.00824	0.00980	0.01019	0.00585	0.00648	0.00994	0.01345	0.01794	0.03832	0.70670	0.04593	0.06230	0.01058	0.00311	0.00428	0.01970	0.00648	0.00570
31	0.00853	0.00710	0.00734	0.00750	0.00960	0.00603	0.00547	0.01020	0.01570	0.01888	0.06663	0.13244	0.60754	0.05304	0.00980	0.00266	0.00381	0.01531	0.00650	0.00591
32	0.00874	0.00629	0.00829	0.00977	0.01032	0.00584	0.00657	0.01011	0.01406	0.01874	0.07413	0.68489	0.07237	0.02176	0.00903	0.00284	0.00407	0.01968	0.00667	0.00584
33	0.01558	0.01558	0.02181	0.01869	0.01869	0.02181	0.01558	0.01714	0.01091	0.01714	0.00935	0.01558	0.00935	0.01246	0.02337	0.00312	0.73672	0.00623	0.00312	0.00779
34	0.80005	0.01377	0.01047	0.00936	0.01377	0.01597	0.00771	0.02093	0.01212	0.03195	0.00991	0.01157	0.00771	0.00661	0.00441	0.00220	0.00551	0.00386	0.00441	0.00771
35	0.01477	0.01266	0.01477	0.01055	0.01687	0.00949	0.00844	0.01793	0.01477	0.02320	0.01266	0.01477	0.01055	0.00527	0.00527	0.00105	0.00527	0.00422	0.00422	0.79328
36	0.01345	0.01266	0.02136	0.73264	0.04904	0.01582	0.01978	0.01819	0.01424	0.01819	0.01266	0.01898	0.00949	0.00712	0.00712	0.00237	0.00949	0.00633	0.00316	0.00791
37	0.80005	0.01377	0.01047	0.00936	0.01377	0.01597	0.00771	0.02093	0.01212	0.03195	0.00991	0.01157	0.00771	0.00661	0.00441	0.00220	0.00551	0.00386	0.00441	0.00771
38	0.01069	0.00774	0.00995	0.00923	0.01105	0.00727	0.00697	0.03762	0.02064	0.02915	0.67681	0.05188	0.06519	0.01434	0.00835	0.00224	0.00352	0.01264	0.00781	0.00691
39	0.80005	0.01377	0.01047	0.00936	0.01377	0.01597	0.00771	0.02093	0.01212	0.03195	0.00991	0.01157	0.00771	0.00661	0.00441	0.00220	0.00551	0.00386	0.00441	0.00771
40	0.01762	0.01692	0.02890	0.04371	0.70533	0.01692	0.02185	0.02185	0.01621	0.02326	0.01339	0.01762	0.01128	0.00634	0.00705	0.00211	0.00846	0.00634	0.00352	0.01128
41	0.01771	0.01530	0.01610	0.01449	0.01852	0.01771	0.01127	0.03784	0.69247	0.02979	0.02898	0.02657	0.02174	0.00966	0.00725	0.00242	0.00564	0.00805	0.00725	0.01127
42	0.01771	0.01530	0.01610	0.01449	0.01852	0.01771	0.01127	0.03784	0.69247	0.02979	0.02898	0.02657	0.02174	0.00966	0.00725	0.00242	0.00564	0.00805	0.00725	0.01127
43	0.00876	0.00626	0.00833	0.00986	0.01035	0.00584	0.00662	0.01011	0.01400	0.01877	0.07677	0.70590	0.04823	0.02187	0.00905	0.00285	0.00409	0.01983	0.00668	0.00584
44	0.00874	0.00716	0.00762	0.00761	0.00973	0.00614	0.00562	0.01068	0.01646	0.02034	0.16004	0.09748	0.55428	0.04481	0.00947	0.00257	0.00372	0.01479	0.00671	0.00604
45	0.00868	0.00620	0.00826	0.00991	0.01033	0.00578	0.00661	0.00991	0.01363	0.01818	0.03925	0.74510	0.04710	0.02231	0.00909	0.00289	0.00413	0.02024	0.00661	0.00578
46	0.01666	0.11300	0.48551	0.02085	0.06567	0.10784	0.04972	0.02314	0.01577	0.02131	0.01234	0.01467	0.00925	0.00671	0.00656	0.00212	0.01045	0.00521	0.00315	0.01009
47	0.01345	0.01266	0.02136	0.73264	0.04904	0.01582	0.01978	0.01819	0.01424	0.01819	0.01266	0.01898	0.00949	0.00712	0.00712	0.00237	0.00949	0.00633	0.00316	0.00791

[dist]
# distance from previous block
# <min> <max>
0	13

[block]
# block no. 1 follows, 29 sequences, length 13
# corresponding to MSA columns:
# 63-75
name=unknown_B
#
# <colnr> <probs for GDERKNQSTAVLIFYWHMCP>
#	G	D	E	R	K	N	Q	S	T	A	V	L	I	F	Y	W	H	M	C	P
0	0.01124	0.00934	0.01201	0.01189	0.01332	0.05520	0.00922	0.01374	0.01201	0.01659	0.01855	0.02699	0.01724	0.05041	0.67505	0.01082	0.01867	0.00743	0.00381	0.00648
1	0.00993	0.00727	0.00931	0.00880	0.01055	0.00666	0.00660	0.01315	0.01981	0.02773	0.64601	0.05454	0.12327	0.01486	0.00840	0.00225	0.00338	0.01307	0.00773	0.00666
2	0.01904	0.75404	0.03731	0.01218	0.01828	0.02818	0.01218	0.02132	0.01447	0.01675	0.00990	0.01142	0.00914	0.00609	0.00457	0.00152	0.00761	0.00381	0.00305	0.00914
3	0.01010	0.00680	0.00784	0.00809	0.00816	0.00673	0.00466	0.01029	0.01085	0.01447	0.02499	0.15264	0.02911	0.63932	0.03212	0.00629	0.00648	0.01186	0.00466	0.00454
4	0.03195	0.01212	0.01652	0.01267	0.01818	0.01047	0.01047	0.03470	0.02038	0.71026	0.02809	0.02424	0.01763	0.00881	0.00716	0.00220	0.00606	0.00716	0.00881	0.01212
5	0.01602	0.11245	0.32000	0.02389	0.03234	0.01859	0.33025	0.02253	0.01580	0.02199	0.01320	0.01656	0.00987	0.00633	0.00727	0.00224	0.01088	0.00656	0.00329	0.00993
6	0.02371	0.01849	0.02165	0.01658	0.02228	0.01977	0.06640	0.47548	0.10708	0.03880	0.01775	0.01810	0.01295	0.00809	0.00702	0.00206	0.00761	0.00651	0.00651	0.10315
7	0.00932	0.00742	0.00847	0.00869	0.01081	0.00657	0.00684	0.01169	0.01696	0.02131	0.17745	0.06813	0.45858	0.01774	0.00869	0.00255	0.00415	0.14159	0.00682	0.00625
8	0.01683	0.02046	0.15650	0.05940	0.46539	0.01693	0.04919	0.02337	0.07800	0.02354	0.01473	0.01807	0.01173	0.00674	0.00707	0.00219	0.00877	0.00638	0.00376	0.01095
9	0.01855	0.41454	0.17484	0.01479	0.02145	0.02185	0.04934	0.05322	0.01651	0.07270	0.06825	0.01719	0.01466	0.00723	0.00585	0.00186	0.00800	0.00546	0.00408	0.00962
10	0.01777	0.16407	0.02407	0.01697	0.01884	0.13562	0.01427	0.01956	0.01314	0.01708	0.01023	0.01496	0.00972	0.01250	0.05321	0.00303	0.43813	0.00556	0.00323	0.00806
11	0.01631	0.01662	0.02086	0.01772	0.01873	0.07294	0.01461	0.01808	0.01205	0.01787	0.00986	0.01528	0.00947	0.01124	0.01998	0.00278	0.59677	0.00587	0.00329	0.09967
12	0.22898	0.01296	0.01359	0.01022	0.01603	0.01126	0.00824	0.01875	0.01404	0.02559	0.01191	0.01389	0.00977	0.00564	0.00504	0.00137	0.00534	0.00412	0.00427	0.57899

[dist]
# distance from previous block
# <min> <max>
0	3

[block]
# block no. 2 follows, 29 sequences, length 11
# corresponding to MSA columns:
# 79-89
name=unknown_C
#
# <colnr> <probs for GDERKNQSTAVLIFYWHMCP>
#	G	D	E	R	K	N	Q	S	T	A	V	L	I	F	Y	W	H	M	C	P
0	0.08666	0.01738	0.02751	0.02066	0.02587	0.01835	0.26362	0.17463	0.01930	0.06762	0.01443	0.01739	0.01097	0.00787	0.01004	0.00233	0.13469	0.00679	0.00475	0.06914
1	0.02522	0.01924	0.02144	0.01676	0.02154	0.02204	0.01386	0.57453	0.02984	0.04041	0.01585	0.01685	0.01166	0.00918	0.00974	0.00229	0.12527	0.00638	0.00648	0.01141
2	0.13753	0.00825	0.00941	0.00923	0.01035	0.00902	0.00636	0.01283	0.01100	0.01762	0.01932	0.03485	0.02031	0.40194	0.25557	0.00763	0.01066	0.00842	0.00417	0.00553
3	0.01477	0.01266	0.01477	0.01055	0.01687	0.00949	0.00844	0.01793	0.01477	0.02320	0.01266	0.01477	0.01055	0.00527	0.00527	0.00105	0.00527	0.00422	0.00422	0.79328
4	0.01213	0.00634	0.00951	0.00951	0.00965	0.00648	0.00648	0.00965	0.00951	0.01282	0.01309	0.02233	0.01295	0.02783	0.10270	0.70849	0.00758	0.00634	0.00317	0.00344
5	0.07612	0.07002	0.01786	0.01335	0.01815	0.01573	0.01094	0.11212	0.22611	0.28137	0.02389	0.02247	0.01691	0.01131	0.04889	0.00275	0.00700	0.00689	0.00710	0.01100
6	0.02707	0.01995	0.02137	0.01638	0.02208	0.02208	0.01353	0.68159	0.03348	0.04488	0.01710	0.01710	0.01211	0.00855	0.00712	0.00214	0.00784	0.00641	0.00712	0.01211
7	0.01246	0.00623	0.00901	0.00901	0.00918	0.00623	0.00606	0.01003	0.00986	0.01382	0.01348	0.02215	0.01297	0.02305	0.02549	0.71175	0.00589	0.00623	0.08366	0.00346
8	0.02459	0.02002	0.01985	0.01602	0.02098	0.09610	0.01294	0.47298	0.13244	0.03794	0.01839	0.01873	0.01361	0.01119	0.04850	0.00269	0.00869	0.00654	0.00658	0.01123
9	0.02221	0.02221	0.01789	0.01571	0.01955	0.28194	0.01211	0.19890	0.16531	0.02778	0.04839	0.09759	0.01913	0.01006	0.00715	0.00217	0.00867	0.00783	0.00582	0.00957
10	0.01391	0.00773	0.00812	0.00767	0.00964	0.00782	0.00585	0.06649	0.01701	0.02819	0.11020	0.02927	0.02409	0.00912	0.00558	0.00177	0.00367	0.00742	0.62939	0.00706

[dist]
# distance from previous block
# <min> <max>
0	2

[block]
# block no. 3 follows, 29 sequences, length 54
# corresponding to MSA columns:
# 92-145
name=unknown_D
#
# <colnr> <probs for GDERKNQSTAVLIFYWHMCP>
#	G	D	E	R	K	N	Q	S	T	A	V	L	I	F	Y	W	H	M	C	P
0	0.01685	0.18013	0.09130	0.01643	0.10238	0.01636	0.01310	0.05802	0.05096	0.02328	0.01324	0.01514	0.01084	0.00614	0.00569	0.00154	0.00686	0.00481	0.00407	0.36285
1	0.01626	0.01241	0.01467	0.01095	0.01667	0.00987	0.00870	0.05111	0.01605	0.08033	0.01644	0.07870	0.01436	0.00720	0.00585	0.00136	0.00536	0.00595	0.00495	0.62282
2	0.01477	0.01266	0.01477	0.01055	0.01687	0.00949	0.00844	0.01793	0.01477	0.02320	0.01266	0.01477	0.01055	0.00527	0.00527	0.00105	0.00527	0.00422	0.00422	0.79328
3	0.01876	0.01500	0.01694	0.09365	0.05798	0.07407	0.01207	0.15252	0.11091	0.08672	0.02258	0.16656	0.02042	0.01207	0.02744	0.00249	0.00733	0.00915	0.00588	0.08746
4	0.00868	0.00620	0.00826	0.00991	0.01033	0.00578	0.00661	0.00991	0.01363	0.01818	0.03925	0.74510	0.04710	0.02231	0.00909	0.00289	0.00413	0.02024	0.00661	0.00578
5	0.02271	0.07719	0.02003	0.01382	0.01969	0.01747	0.01148	0.34345	0.04272	0.09439	0.01640	0.01679	0.01212	0.00737	0.00634	0.00176	0.00679	0.00562	0.00603	0.25782
6	0.01975	0.15654	0.02010	0.01425	0.01784	0.26120	0.01127	0.07565	0.10426	0.02136	0.05577	0.05198	0.01797	0.07155	0.06765	0.00314	0.00969	0.00688	0.00471	0.00845
7	0.01105	0.00650	0.00757	0.00822	0.00935	0.00628	0.00582	0.01349	0.01481	0.02315	0.08583	0.33466	0.03456	0.01478	0.00701	0.00223	0.00367	0.01294	0.39180	0.00628
8	0.01661	0.01516	0.02343	0.27229	0.22945	0.01676	0.05934	0.07740	0.13759	0.02464	0.04432	0.02119	0.01484	0.00770	0.00725	0.00228	0.00828	0.00704	0.00454	0.00989
9	0.02007	0.05077	0.01863	0.01711	0.09175	0.04138	0.01227	0.11280	0.35743	0.10297	0.02754	0.02622	0.07047	0.00947	0.00713	0.00226	0.00644	0.00778	0.00663	0.01086
10	0.01648	0.01745	0.03450	0.04861	0.10401	0.01720	0.45077	0.05426	0.01697	0.02309	0.01814	0.04598	0.05105	0.00787	0.00920	0.00242	0.05996	0.00865	0.00400	0.00940
11	0.00864	0.00632	0.00813	0.00958	0.01024	0.00581	0.00646	0.00995	0.01395	0.01831	0.04329	0.66190	0.12769	0.02178	0.00901	0.00283	0.00407	0.01960	0.00661	0.00581
12	0.01511	0.16241	0.59457	0.01888	0.02862	0.01857	0.02384	0.02234	0.01493	0.02154	0.01227	0.01440	0.00904	0.00665	0.00638	0.00213	0.01001	0.00501	0.00301	0.01028
13	0.02109	0.08173	0.02323	0.01850	0.05055	0.21554	0.09556	0.14371	0.08130	0.02513	0.01579	0.03695	0.01292	0.00840	0.00823	0.00213	0.07485	0.00646	0.06856	0.00936
14	0.01368	0.00742	0.00750	0.00735	0.00922	0.00764	0.00555	0.01852	0.07649	0.02684	0.02375	0.02655	0.01857	0.00842	0.00518	0.00173	0.00353	0.00677	0.71824	0.00706
15	0.00868	0.00620	0.00826	0.00991	0.01033	0.00578	0.00661	0.00991	0.01363	0.01818	0.03925	0.74510	0.04710	0.02231	0.00909	0.00289	0.00413	0.02024	0.00661	0.00578
16	0.01428	0.03683	0.71286	0.02030	0.03082	0.01654	0.02631	0.02255	0.01503	0.02255	0.01278	0.01503	0.00902	0.00677	0.00677	0.00226	0.01052	0.00526	0.00301	0.01052
17	0.02472	0.01767	0.01942	0.01551	0.02051	0.01930	0.01275	0.53803	0.04847	0.07455	0.02094	0.06447	0.01702	0.01029	0.00746	0.00228	0.00737	0.06081	0.00714	0.01127
18	0.01131	0.00808	0.01129	0.01293	0.01450	0.00806	0.01120	0.01448	0.01623	0.02113	0.03779	0.11826	0.04133	0.01982	0.00979	0.00326	0.00642	0.62104	0.00656	0.00651
19	0.02766	0.01306	0.01644	0.01307	0.01809	0.01251	0.01064	0.09634	0.13116	0.48833	0.07328	0.02591	0.02116	0.00932	0.00726	0.00223	0.00598	0.00762	0.00833	0.01161
20	0.01445	0.02196	0.25451	0.11952	0.02900	0.01731	0.11417	0.01944	0.01365	0.01984	0.01271	0.01770	0.01036	0.01321	0.08714	0.00350	0.21309	0.00638	0.00323	0.00883
21	0.01719	0.01742	0.04846	0.13975	0.57185	0.03737	0.02146	0.02155	0.01601	0.02235	0.01320	0.01760	0.01090	0.00650	0.00703	0.00215	0.00880	0.00626	0.00346	0.01069
22	0.60493	0.01335	0.01200	0.01020	0.01489	0.01457	0.00841	0.02443	0.01422	0.20426	0.01453	0.01479	0.01023	0.00717	0.00511	0.00220	0.00565	0.00470	0.00553	0.00883
23	0.00899	0.00718	0.00805	0.00794	0.01000	0.00624	0.00591	0.01129	0.01743	0.02233	0.28316	0.09746	0.45475	0.01707	0.00844	0.00237	0.00355	0.01456	0.00703	0.00624
24	0.01645	0.01814	0.08585	0.16564	0.42333	0.01686	0.12664	0.02139	0.01585	0.02220	0.01337	0.01791	0.01069	0.00647	0.00725	0.00222	0.00938	0.00658	0.00343	0.01033
25	0.01074	0.00709	0.00926	0.01033	0.01125	0.00671	0.00711	0.03868	0.01482	0.05833	0.03771	0.67475	0.04401	0.02099	0.00890	0.00282	0.00439	0.01894	0.00676	0.00640
26	0.80005	0.01377	0.01047	0.00936	0.01377	0.01597	0.00771	0.02093	0.01212	0.03195	0.00991	0.01157	0.00771	0.00661	0.00441	0.00220	0.00551	0.00386	0.00441	0.00771
27	0.02191	0.01669	0.01827	0.01521	0.01987	0.05518	0.03990	0.17589	0.35708	0.13161	0.02642	0.02481	0.04562	0.00935	0.00726	0.00229	0.00676	0.00767	0.00708	0.01113
28	0.00843	0.00716	0.00727	0.00735	0.00966	0.00600	0.00547	0.01020	0.01609	0.01918	0.07042	0.10381	0.66827	0.01826	0.00845	0.00243	0.00363	0.01530	0.00661	0.00600
29	0.02471	0.01877	0.02004	0.01591	0.02118	0.02098	0.01296	0.51926	0.19965	0.04107	0.02009	0.01948	0.01454	0.00883	0.00715	0.00221	0.00728	0.00682	0.00715	0.01190
30	0.02707	0.01995	0.02137	0.01638	0.02208	0.02208	0.01353	0.68159	0.03348	0.04488	0.01710	0.01710	0.01211	0.00855	0.00712	0.00214	0.00784	0.00641	0.00712	0.01211
31	0.01744	0.05879	0.02849	0.05758	0.02633	0.11083	0.22115	0.02066	0.01441	0.01914	0.01142	0.01627	0.00981	0.00898	0.01418	0.00255	0.32141	0.00651	0.00337	0.03069
32	0.01737	0.02005	0.04077	0.02935	0.03635	0.05814	0.64148	0.02313	0.01700	0.02250	0.01421	0.01884	0.01071	0.00608	0.00829	0.00237	0.01205	0.00819	0.00361	0.00953
33	0.00849	0.00722	0.00732	0.00730	0.00967	0.00604	0.00547	0.01037	0.01642	0.01968	0.10199	0.06780	0.67231	0.01787	0.00841	0.00240	0.00360	0.01493	0.00667	0.00604
34	0.01045	0.00698	0.00817	0.00817	0.00840	0.00714	0.00490	0.01089	0.01067	0.01464	0.02205	0.04353	0.02460	0.63523	0.11930	0.00726	0.00826	0.00988	0.03483	0.00466
35	0.01965	0.01591	0.01834	0.01817	0.10219	0.01778	0.01280	0.11745	0.49078	0.06745	0.02554	0.02416	0.01903	0.00907	0.00720	0.00233	0.00628	0.00759	0.00686	0.01142
36	0.01707	0.01418	0.01531	0.01361	0.01734	0.01602	0.01061	0.08746	0.51077	0.03083	0.15425	0.03077	0.02946	0.01049	0.00745	0.00236	0.00539	0.00882	0.00735	0.01049
37	0.00942	0.00673	0.00912	0.01077	0.01151	0.00643	0.00791	0.01121	0.01437	0.01902	0.03883	0.56726	0.04546	0.02160	0.00929	0.00300	0.00478	0.19070	0.00660	0.00599
38	0.05609	0.02711	0.02026	0.01804	0.04523	0.40933	0.01360	0.23573	0.06031	0.02758	0.01395	0.01505	0.01080	0.00778	0.00663	0.00199	0.01042	0.00539	0.00498	0.00973
39	0.01762	0.01692	0.02890	0.04371	0.70533	0.01692	0.02185	0.02185	0.01621	0.02326	0.01339	0.01762	0.01128	0.00634	0.00705	0.00211	0.00846	0.00634	0.00352	0.01128
40	0.01237	0.00618	0.00928	0.00928	0.00928	0.00618	0.00618	0.00928	0.00928	0.01237	0.01237	0.02165	0.01237	0.02474	0.02783	0.79283	0.00618	0.00618	0.00309	0.00309
41	0.01475	0.01436	0.02022	0.01758	0.01777	0.01982	0.01455	0.01646	0.01099	0.01704	0.01084	0.01749	0.01065	0.01876	0.13076	0.00440	0.62633	0.00645	0.00322	0.00757
42	0.51437	0.01730	0.01422	0.01220	0.01655	0.10259	0.00990	0.13396	0.01690	0.05162	0.01177	0.01323	0.00901	0.00738	0.00612	0.00219	0.04261	0.00459	0.00484	0.00866
43	0.00898	0.00663	0.00852	0.00971	0.01062	0.00600	0.00660	0.01037	0.01392	0.01854	0.04067	0.64680	0.10208	0.02102	0.00882	0.00275	0.00415	0.01892	0.00648	0.04839
44	0.02388	0.11035	0.02187	0.01656	0.02088	0.32747	0.01321	0.18444	0.13046	0.02587	0.01515	0.01603	0.01190	0.00810	0.00731	0.00202	0.04422	0.00557	0.00497	0.00974
45	0.05869	0.01519	0.01634	0.01435	0.01843	0.01741	0.01132	0.06639	0.54271	0.08603	0.02655	0.02470	0.01971	0.00950	0.00777	0.00240	0.03679	0.00761	0.00705	0.01105
46	0.02877	0.01329	0.01682	0.01318	0.01837	0.01262	0.01079	0.12877	0.08269	0.51458	0.06298	0.02496	0.01987	0.00916	0.00723	0.00221	0.00614	0.00744	0.00837	0.01175
47	0.00879	0.00629	0.00837	0.00984	0.01035	0.00586	0.00662	0.01020	0.01417	0.01903	0.09371	0.68821	0.04875	0.02167	0.00903	0.00284	0.00407	0.01964	0.00671	0.00586
48	0.01545	0.01512	0.02362	0.48118	0.25032	0.05431	0.02009	0.01988	0.01517	0.01972	0.01279	0.01823	0.01003	0.00689	0.00706	0.00226	0.00935	0.00624	0.00330	0.00897
49	0.01475	0.01507	0.02808	0.43435	0.04220	0.01712	0.23271	0.01958	0.01474	0.01958	0.01289	0.01872	0.00990	0.00729	0.00915	0.00246	0.08267	0.00699	0.00330	0.00845
50	0.00916	0.00728	0.00824	0.00812	0.01023	0.00637	0.00617	0.01158	0.01763	0.02264	0.29372	0.06366	0.44472	0.01688	0.00848	0.00239	0.00366	0.04572	0.00704	0.00629
51	0.00870	0.00643	0.00814	0.00939	0.01022	0.00587	0.00640	0.01014	0.01441	0.01887	0.07752	0.59092	0.16461	0.02117	0.00894	0.00277	0.00400	0.01896	0.00667	0.00587
52	0.08319	0.05993	0.11023	0.02222	0.06364	0.11013	0.24329	0.10154	0.01837	0.02518	0.04682	0.01799	0.01291	0.00739	0.00795	0.00223	0.04661	0.00668	0.00418	0.00952
53	0.34257	0.04240	0.05116	0.03201	0.06216	0.05775	0.03069	0.12987	0.11451	0.03069	0.03392	0.01679	0.01266	0.00759	0.00594	0.00219	0.00704	0.00557	0.00508	0.00940

[dist]
# distance from previous block
# <min> <max>
1	12

[block]
# block no. 4 follows, 29 sequences, length 28
# corresponding to MSA columns:
# 158-185
name=unknown_E
#
# <colnr> <probs for GDERKNQSTAVLIFYWHMCP>
#	G	D	E	R	K	N	Q	S	T	A	V	L	I	F	Y	W	H	M	C	P
0	0.01539	0.05169	0.01492	0.11878	0.01904	0.01174	0.01019	0.11474	0.01963	0.09064	0.25927	0.13033	0.06854	0.03291	0.00855	0.00242	0.00564	0.01091	0.00654	0.00811
1	0.01898	0.01453	0.01693	0.01514	0.06659	0.01506	0.01121	0.33134	0.02455	0.03345	0.13378	0.05216	0.08964	0.01289	0.04696	0.00261	0.00697	0.00859	0.00643	0.09221
2	0.10065	0.22106	0.13681	0.15308	0.02677	0.17874	0.01589	0.05332	0.01645	0.02102	0.01148	0.01406	0.00918	0.00685	0.00594	0.00198	0.00942	0.00483	0.00354	0.00892
3	0.01864	0.01939	0.02619	0.14135	0.48335	0.14514	0.02007	0.02251	0.01664	0.02145	0.01285	0.01695	0.01063	0.00664	0.00695	0.00210	0.00941	0.00602	0.00350	0.01023
4	0.04582	0.01183	0.01330	0.01156	0.01483	0.06273	0.00918	0.06968	0.02063	0.21635	0.33888	0.04023	0.04108	0.01212	0.00779	0.00227	0.00546	0.06000	0.00753	0.00874
5	0.02653	0.01968	0.02107	0.01627	0.02188	0.02183	0.01340	0.64449	0.07145	0.04401	0.01778	0.01764	0.01266	0.00861	0.00713	0.00215	0.00771	0.00651	0.00713	0.01206
6	0.24295	0.01230	0.01268	0.01082	0.01482	0.01274	0.00858	0.06377	0.12729	0.06160	0.19872	0.02776	0.04325	0.00950	0.00645	0.00208	0.00506	0.00755	0.00618	0.12592
7	0.02206	0.01448	0.01655	0.01381	0.01783	0.01526	0.01091	0.37525	0.02533	0.13602	0.02565	0.24537	0.02385	0.01288	0.00774	0.00238	0.00641	0.01084	0.00722	0.01014
8	0.05676	0.01657	0.01543	0.01497	0.06927	0.19093	0.01048	0.05640	0.01918	0.14293	0.21628	0.03062	0.02950	0.08772	0.01025	0.00260	0.00734	0.00825	0.00604	0.00847
9	0.00868	0.00620	0.00826	0.00991	0.01033	0.00578	0.00661	0.00991	0.01363	0.01818	0.03925	0.74510	0.04710	0.02231	0.00909	0.00289	0.00413	0.02024	0.00661	0.00578
10	0.01237	0.00618	0.00928	0.00928	0.00928	0.00618	0.00618	0.00928	0.00928	0.01237	0.01237	0.02165	0.01237	0.02474	0.02783	0.79283	0.00618	0.00618	0.00309	0.00309
11	0.01724	0.37125	0.35710	0.01628	0.02445	0.02230	0.01897	0.05995	0.01583	0.02113	0.01168	0.01346	0.00925	0.00655	0.00576	0.00191	0.00901	0.00465	0.00326	0.00997
12	0.01409	0.01330	0.02212	0.61987	0.08059	0.01609	0.04309	0.01996	0.06311	0.01946	0.01393	0.01947	0.01051	0.00722	0.00717	0.00236	0.00925	0.00653	0.00349	0.00839
13	0.03195	0.01212	0.01652	0.01267	0.01818	0.01047	0.01047	0.03470	0.02038	0.71026	0.02809	0.02424	0.01763	0.00881	0.00716	0.00220	0.00606	0.00716	0.00881	0.01212
14	0.01002	0.00724	0.00947	0.00900	0.01063	0.00668	0.00671	0.01330	0.01990	0.02815	0.67571	0.08021	0.06640	0.01486	0.00843	0.00227	0.00339	0.01317	0.00779	0.00668
15	0.01164	0.00788	0.00917	0.00899	0.00974	0.00811	0.00584	0.06318	0.01304	0.01804	0.02394	0.13181	0.02619	0.47167	0.09595	0.00606	0.00755	0.01078	0.06494	0.00549
16	0.02661	0.01256	0.01732	0.07084	0.06947	0.01191	0.01187	0.03156	0.09331	0.49156	0.06642	0.02535	0.01997	0.00894	0.00723	0.00224	0.00629	0.00748	0.00776	0.01131
17	0.01216	0.00904	0.01199	0.01211	0.01376	0.00912	0.03157	0.11059	0.01699	0.02268	0.03394	0.47958	0.03839	0.02077	0.04216	0.00322	0.00601	0.11246	0.00644	0.00699
18	0.02572	0.01868	0.02021	0.01580	0.02112	0.02057	0.01293	0.58967	0.06626	0.06435	0.01930	0.05822	0.01473	0.00938	0.00724	0.00220	0.00746	0.00729	0.00716	0.01172
19	0.09466	0.01103	0.01351	0.01124	0.01510	0.01060	0.00898	0.06131	0.05897	0.30825	0.28477	0.03392	0.03568	0.01085	0.00738	0.00223	0.00504	0.00906	0.00784	0.00958
20	0.07059	0.01409	0.02485	0.53520	0.04406	0.01628	0.15555	0.01935	0.01462	0.02014	0.01282	0.01850	0.00964	0.00685	0.00719	0.00237	0.00973	0.00658	0.00334	0.00825
21	0.07347	0.00878	0.01160	0.02828	0.01343	0.00884	0.06092	0.04048	0.01530	0.02394	0.08656	0.24241	0.02942	0.03387	0.00864	0.03326	0.00497	0.01127	0.25779	0.00675
22	0.02500	0.10691	0.02168	0.01719	0.02130	0.53198	0.01334	0.07544	0.08374	0.02049	0.01302	0.01429	0.01056	0.00751	0.00635	0.00188	0.01125	0.00496	0.00419	0.00891
23	0.06938	0.01375	0.06561	0.01284	0.01828	0.01124	0.01120	0.03159	0.05093	0.53987	0.07841	0.02526	0.02052	0.00903	0.00709	0.00222	0.00612	0.00733	0.00801	0.01131
24	0.01967	0.09899	0.19766	0.02423	0.16846	0.01738	0.13180	0.05572	0.05255	0.13989	0.01652	0.01816	0.01207	0.00706	0.00698	0.00217	0.00891	0.00639	0.00461	0.01076
25	0.07547	0.03424	0.62787	0.01989	0.02978	0.01656	0.05445	0.02244	0.01489	0.02329	0.01263	0.01495	0.00900	0.00672	0.00666	0.00226	0.01020	0.00529	0.00314	0.01026
26	0.01276	0.00982	0.01046	0.00954	0.01237	0.00950	0.00733	0.15481	0.01981	0.02546	0.08821	0.12774	0.41856	0.01583	0.00805	0.00236	0.00455	0.01325	0.04224	0.00736
27	0.17836	0.41919	0.06064	0.01509	0.07184	0.06228	0.01287	0.07006	0.01586	0.02271	0.01090	0.01260	0.00923	0.00650	0.00512	0.00180	0.00769	0.00432	0.00369	0.00925

[dist]
# distance from previous block
# <min> <max>
0	12

[block]
# block no. 5 follows, 29 sequences, length 89
# corresponding to MSA columns:
# 198-286
name=unknown_F
#
# <colnr> <probs for GDERKNQSTAVLIFYWHMCP>
#	G	D	E	R	K	N	Q	S	T	A	V	L	I	F	Y	W	H	M	C	P
0	0.29461	0.01769	0.01674	0.04531	0.01970	0.07421	0.01137	0.31371	0.02300	0.06312	0.04577	0.01686	0.01298	0.00800	0.00618	0.00215	0.00722	0.00570	0.00583	0.00984
1	0.00903	0.00646	0.00862	0.00997	0.01063	0.00605	0.00691	0.01068	0.01469	0.01978	0.12955	0.61161	0.04948	0.02110	0.00904	0.00283	0.00417	0.05668	0.00677	0.00596
2	0.02530	0.01895	0.02040	0.01569	0.02136	0.02057	0.01289	0.57780	0.07034	0.04184	0.01735	0.01742	0.01252	0.00829	0.00695	0.00205	0.00745	0.00629	0.00684	0.08970
3	0.00957	0.00700	0.00887	0.00932	0.01059	0.00649	0.00679	0.01181	0.01656	0.02233	0.29844	0.27002	0.14538	0.06906	0.01069	0.00289	0.00418	0.07694	0.00692	0.00615
4	0.05055	0.10012	0.58587	0.01955	0.02922	0.01764	0.05692	0.02238	0.01494	0.02246	0.01247	0.01476	0.00906	0.00666	0.00654	0.00219	0.01011	0.00522	0.00310	0.01022
5	0.01428	0.03683	0.71286	0.02030	0.03082	0.01654	0.02631	0.02255	0.01503	0.02255	0.01278	0.01503	0.00902	0.00677	0.00677	0.00226	0.01052	0.00526	0.00301	0.01052
6	0.09752	0.01729	0.15684	0.05621	0.02214	0.01251	0.01396	0.03002	0.01818	0.46873	0.02243	0.02091	0.01450	0.00810	0.00683	0.00222	0.00711	0.00643	0.00691	0.01115
7	0.02489	0.01827	0.01972	0.01565	0.02086	0.02022	0.01274	0.50342	0.16538	0.07132	0.02062	0.03970	0.01528	0.00917	0.00720	0.00222	0.00721	0.00716	0.00721	0.01176
8	0.01017	0.00763	0.01144	0.01144	0.01272	0.00890	0.00890	0.01272	0.01144	0.01653	0.01907	0.02797	0.01780	0.05340	0.72153	0.01144	0.01907	0.00763	0.00381	0.00636
9	0.01011	0.00729	0.01009	0.01043	0.01129	0.00793	0.00762	0.01189	0.01181	0.01640	0.02394	0.13326	0.02541	0.22180	0.40352	0.00858	0.01312	0.05522	0.00451	0.00578
10	0.01503	0.01427	0.02421	0.47215	0.29719	0.01624	0.02056	0.01958	0.01499	0.02011	0.01294	0.01847	0.01017	0.00683	0.00709	0.00228	0.00910	0.00633	0.00330	0.00918
11	0.01442	0.05803	0.69290	0.02006	0.03045	0.01688	0.02589	0.02251	0.01502	0.02238	0.01269	0.01493	0.00902	0.00675	0.00670	0.00223	0.01044	0.00522	0.00301	0.01048
12	0.06313	0.01360	0.01675	0.01324	0.01849	0.01320	0.01083	0.10927	0.12774	0.49589	0.02616	0.02322	0.01720	0.00882	0.00705	0.00223	0.00617	0.00707	0.00818	0.01179
13	0.01363	0.00841	0.01057	0.01018	0.01257	0.00777	0.00804	0.01680	0.03918	0.13145	0.22348	0.08747	0.19991	0.04944	0.00978	0.00274	0.00479	0.14923	0.00720	0.00736
14	0.01660	0.00940	0.01173	0.01015	0.01284	0.00885	0.00771	0.07226	0.01952	0.18867	0.34177	0.04324	0.08175	0.12909	0.01240	0.00297	0.00494	0.01072	0.00738	0.00802
15	0.06295	0.01218	0.01628	0.01254	0.01800	0.01069	0.01035	0.03415	0.02005	0.68289	0.02736	0.02373	0.01723	0.00872	0.00705	0.00220	0.00604	0.00703	0.00864	0.01194
16	0.00868	0.00620	0.00826	0.00991	0.01033	0.00578	0.00661	0.00991	0.01363	0.01818	0.03925	0.74510	0.04710	0.02231	0.00909	0.00289	0.00413	0.02024	0.00661	0.00578
17	0.01676	0.03837	0.02430	0.37930	0.27384	0.10731	0.01951	0.02088	0.01570	0.01982	0.01262	0.01750	0.01006	0.00685	0.00693	0.00219	0.00951	0.00604	0.00335	0.00917
18	0.00868	0.00620	0.00826	0.00991	0.01033	0.00578	0.00661	0.00991	0.01363	0.01818	0.03925	0.74510	0.04710	0.02231	0.00909	0.00289	0.00413	0.02024	0.00661	0.00578
19	0.03195	0.01212	0.01652	0.01267	0.01818	0.01047	0.01047	0.03470	0.02038	0.71026	0.02809	0.02424	0.01763	0.00881	0.00716	0.00220	0.00606	0.00716	0.00881	0.01212
20	0.01747	0.01676	0.02862	0.06907	0.68117	0.01688	0.02178	0.02172	0.01614	0.02308	0.01337	0.01767	0.01121	0.00637	0.00705	0.00212	0.00850	0.00634	0.00351	0.01116
21	0.01467	0.03453	0.63389	0.02300	0.10869	0.01658	0.02579	0.02247	0.01517	0.02263	0.01285	0.01533	0.00928	0.00672	0.00680	0.00224	0.01029	0.00539	0.00307	0.01061
22	0.01001	0.00723	0.00946	0.00900	0.01062	0.00668	0.00671	0.01328	0.01986	0.02808	0.67122	0.08490	0.06627	0.01491	0.00843	0.00227	0.00339	0.01322	0.00778	0.00668
23	0.00853	0.00717	0.00740	0.00744	0.00971	0.00604	0.00554	0.01040	0.01636	0.01976	0.10918	0.09753	0.63459	0.01801	0.00844	0.00242	0.00361	0.01513	0.00669	0.00604
24	0.07630	0.01973	0.12389	0.18134	0.31245	0.04827	0.01975	0.09127	0.01732	0.02476	0.01317	0.01682	0.01030	0.00687	0.00681	0.00219	0.00889	0.00593	0.00383	0.01013
25	0.01165	0.00771	0.01005	0.01000	0.01191	0.00713	0.00783	0.01455	0.01825	0.07529	0.36976	0.12900	0.13160	0.01641	0.00868	0.00254	0.00434	0.14904	0.00737	0.00690
26	0.01665	0.01876	0.03951	0.02861	0.03491	0.01848	0.59696	0.02210	0.01607	0.02210	0.01378	0.01876	0.01062	0.00681	0.01026	0.00249	0.10208	0.00813	0.00354	0.00938
27	0.05266	0.01847	0.03787	0.02755	0.03367	0.01842	0.56005	0.02197	0.01580	0.02247	0.01352	0.01837	0.01047	0.00689	0.01022	0.00249	0.10835	0.00790	0.00357	0.00927
28	0.40337	0.01666	0.05019	0.02251	0.23454	0.01696	0.05299	0.08069	0.01573	0.02942	0.01205	0.01457	0.00947	0.00667	0.00582	0.00218	0.00725	0.00520	0.00426	0.00947
29	0.01227	0.00622	0.00920	0.00920	0.00920	0.00622	0.00609	0.00933	0.00933	0.01244	0.01287	0.02290	0.01305	0.06108	0.02825	0.75343	0.00622	0.00639	0.00315	0.00315
30	0.01439	0.01341	0.02228	0.62528	0.12867	0.01615	0.01983	0.03981	0.01509	0.01967	0.01289	0.01876	0.00979	0.00707	0.00711	0.00233	0.00931	0.00633	0.00333	0.00846
31	0.13640	0.01429	0.04829	0.01307	0.01852	0.01287	0.01123	0.09060	0.01993	0.50542	0.02336	0.02118	0.01513	0.00849	0.00720	0.00222	0.02633	0.00652	0.00763	0.01132
32	0.02602	0.03285	0.02074	0.01997	0.06582	0.67601	0.01428	0.02801	0.01992	0.01780	0.01116	0.01315	0.00931	0.00727	0.00646	0.00185	0.01256	0.00470	0.00366	0.00845
33	0.03195	0.01212	0.01652	0.01267	0.01818	0.01047	0.01047	0.03470	0.02038	0.71026	0.02809	0.02424	0.01763	0.00881	0.00716	0.00220	0.00606	0.00716	0.00881	0.01212
34	0.00864	0.00722	0.00753	0.00745	0.00976	0.00611	0.00559	0.01066	0.01676	0.02050	0.15770	0.06644	0.61609	0.01756	0.00841	0.00238	0.00357	0.01474	0.00678	0.00611
35	0.02694	0.01371	0.01988	0.08520	0.16404	0.01310	0.01390	0.07553	0.01986	0.45796	0.02286	0.02189	0.01518	0.00813	0.00713	0.00220	0.00700	0.00686	0.00708	0.01156
36	0.01674	0.17406	0.05643	0.01737	0.01930	0.05387	0.01527	0.01877	0.01226	0.01731	0.00969	0.01455	0.00928	0.01063	0.01787	0.00268	0.51696	0.00560	0.00312	0.00822
37	0.00909	0.00650	0.00874	0.01039	0.01099	0.00614	0.00734	0.01064	0.01404	0.01864	0.03902	0.64592	0.04618	0.02191	0.00920	0.00295	0.00449	0.11531	0.00660	0.00590
38	0.02619	0.03316	0.02058	0.01951	0.05337	0.68885	0.01413	0.02813	0.02000	0.01769	0.01112	0.01306	0.00927	0.00729	0.00645	0.00185	0.01264	0.00467	0.00366	0.00839
39	0.01536	0.01592	0.05692	0.40779	0.07965	0.01713	0.14443	0.05090	0.04953	0.02130	0.01383	0.01882	0.01055	0.00741	0.00848	0.00240	0.06028	0.00676	0.00364	0.00890
40	0.01947	0.01632	0.01827	0.01752	0.08199	0.01847	0.01267	0.15815	0.50598	0.03205	0.02531	0.02396	0.01896	0.00915	0.00720	0.00234	0.00631	0.00758	0.00688	0.01143
41	0.67782	0.01696	0.01200	0.01078	0.01507	0.12742	0.00867	0.02212	0.01339	0.02965	0.01009	0.01177	0.00794	0.00672	0.00472	0.00215	0.00667	0.00397	0.00429	0.00780
42	0.63639	0.01412	0.01171	0.05443	0.01625	0.04750	0.00875	0.02103	0.01344	0.05204	0.05884	0.01539	0.01235	0.00730	0.00503	0.00220	0.00596	0.00478	0.00468	0.00782
43	0.01023	0.00695	0.00788	0.00788	0.00807	0.00693	0.00456	0.01044	0.01074	0.01424	0.02522	0.04713	0.06532	0.67865	0.06227	0.00682	0.00720	0.01052	0.00443	0.00450
44	0.02707	0.01995	0.02137	0.01638	0.02208	0.02208	0.01353	0.68159	0.03348	0.04488	0.01710	0.01710	0.01211	0.00855	0.00712	0.00214	0.00784	0.00641	0.00712	0.01211
45	0.01378	0.01292	0.02137	0.67647	0.06979	0.01594	0.01946	0.01922	0.04539	0.01890	0.01343	0.01929	0.01011	0.00721	0.00712	0.00237	0.00928	0.00641	0.00336	0.00818
46	0.02342	0.01799	0.01956	0.04850	0.02196	0.02019	0.01296	0.45519	0.21502	0.03867	0.02033	0.02057	0.01502	0.02775	0.00790	0.00235	0.00728	0.00696	0.00690	0.01148
47	0.00868	0.00620	0.00826	0.00991	0.01033	0.00578	0.00661	0.00991	0.01363	0.01818	0.03925	0.74510	0.04710	0.02231	0.00909	0.00289	0.00413	0.02024	0.00661	0.00578
48	0.02910	0.01225	0.01618	0.01291	0.01802	0.01117	0.01062	0.03389	0.09774	0.59122	0.02876	0.02780	0.01947	0.00955	0.00733	0.00229	0.00604	0.04547	0.00850	0.01169
49	0.02451	0.02916	0.02060	0.01824	0.02138	0.52451	0.01409	0.08356	0.01955	0.01978	0.01122	0.01374	0.00946	0.00844	0.00976	0.00211	0.15246	0.00506	0.00386	0.00850
50	0.02723	0.01968	0.02121	0.01626	0.02195	0.02169	0.01343	0.65972	0.03304	0.06738	0.01747	0.01734	0.01230	0.00856	0.00712	0.00214	0.00778	0.00644	0.00718	0.01211
51	0.02006	0.00915	0.01084	0.00927	0.01242	0.00865	0.00734	0.05307	0.01794	0.25967	0.06446	0.02689	0.02063	0.00885	0.00602	0.00190	0.00446	0.00717	0.44246	0.00875
52	0.01771	0.01530	0.01610	0.01449	0.01852	0.01771	0.01127	0.03784	0.69247	0.02979	0.02898	0.02657	0.02174	0.00966	0.00725	0.00242	0.00564	0.00805	0.00725	0.01127
53	0.01904	0.75404	0.03731	0.01218	0.01828	0.02818	0.01218	0.02132	0.01447	0.01675	0.00990	0.01142	0.00914	0.00609	0.00457	0.00152	0.00761	0.00381	0.00305	0.00914
54	0.01237	0.00618	0.00928	0.00928	0.00928	0.00618	0.00618	0.00928	0.00928	0.01237	0.01237	0.02165	0.01237	0.02474	0.02783	0.79283	0.00618	0.00618	0.00309	0.00309
55	0.01477	0.01266	0.01477	0.01055	0.01687	0.00949	0.00844	0.01793	0.01477	0.02320	0.01266	0.01477	0.01055	0.00527	0.00527	0.00105	0.00527	0.00422	0.00422	0.79328
56	0.01200	0.00666	0.00749	0.00783	0.00919	0.00671	0.00574	0.01481	0.01429	0.02375	0.02604	0.17323	0.02408	0.01607	0.08384	0.00298	0.00520	0.00952	0.54415	0.00643
57	0.00868	0.00620	0.00826	0.00991	0.01033	0.00578	0.00661	0.00991	0.01363	0.01818	0.03925	0.74510	0.04710	0.02231	0.00909	0.00289	0.00413	0.02024	0.00661	0.00578
58	0.00901	0.00644	0.00865	0.01030	0.01086	0.00608	0.00720	0.01050	0.01397	0.01856	0.03906	0.66452	0.04635	0.02199	0.00918	0.00294	0.00443	0.09748	0.00660	0.00588
59	0.00869	0.00634	0.00812	0.00952	0.01016	0.00584	0.00639	0.00997	0.01386	0.01818	0.04282	0.64075	0.12762	0.04321	0.00981	0.00295	0.00415	0.01931	0.00654	0.00577
60	0.01494	0.12196	0.60737	0.01968	0.02955	0.01798	0.04867	0.02241	0.01503	0.02187	0.01249	0.01476	0.00910	0.00666	0.00656	0.00217	0.01023	0.00520	0.00303	0.01032
61	0.00868	0.00620	0.00826	0.00991	0.01033	0.00578	0.00661	0.00991	0.01363	0.01818	0.03925	0.74510	0.04710	0.02231	0.00909	0.00289	0.00413	0.02024	0.00661	0.00578
62	0.00868	0.00620	0.00826	0.00991	0.01033	0.00578	0.00661	0.00991	0.01363	0.01818	0.03925	0.74510	0.04710	0.02231	0.00909	0.00289	0.00413	0.02024	0.00661	0.00578
63	0.02707	0.01995	0.02137	0.01638	0.02208	0.02208	0.01353	0.68159	0.03348	0.04488	0.01710	0.01710	0.01211	0.00855	0.00712	0.00214	0.00784	0.00641	0.00712	0.01211
64	0.05860	0.01817	0.03326	0.02432	0.03066	0.01788	0.44034	0.16522	0.02020	0.05907	0.01653	0.05198	0.01291	0.00746	0.00790	0.00235	0.01014	0.00823	0.00478	0.00999
65	0.03172	0.01248	0.01675	0.01284	0.01836	0.01100	0.01061	0.06445	0.02098	0.67967	0.02759	0.02391	0.01737	0.00880	0.00716	0.00220	0.00614	0.00713	0.00874	0.01212
66	0.03144	0.01293	0.01703	0.01306	0.01858	0.01168	0.01079	0.10211	0.02175	0.64093	0.02695	0.02349	0.01705	0.00879	0.00716	0.00220	0.00624	0.00708	0.00864	0.01212
67	0.01441	0.03595	0.67923	0.02078	0.03114	0.01661	0.05905	0.02256	0.01512	0.02256	0.01286	0.01524	0.00911	0.00673	0.00685	0.00226	0.01060	0.00542	0.00304	0.01048
68	0.00964	0.00785	0.00838	0.00837	0.01071	0.00698	0.00640	0.04427	0.01701	0.02084	0.08052	0.11897	0.55093	0.01792	0.00851	0.00249	0.00407	0.06310	0.00667	0.00636
69	0.22587	0.52532	0.02943	0.01172	0.01726	0.05671	0.01107	0.02154	0.01411	0.02080	0.00995	0.01153	0.00876	0.00629	0.00461	0.00172	0.00730	0.00386	0.00343	0.00872
70	0.01249	0.01085	0.01525	0.04549	0.01570	0.01391	0.01111	0.01423	0.01114	0.01630	0.01562	0.02638	0.01570	0.17334	0.27834	0.00685	0.29955	0.00756	0.00361	0.00659
71	0.01036	0.00690	0.00777	0.00777	0.00777	0.00690	0.00431	0.01036	0.01036	0.01381	0.02244	0.04660	0.02589	0.74975	0.03624	0.00690	0.00690	0.01036	0.00431	0.00431
72	0.01681	0.01921	0.04202	0.03001	0.03721	0.01801	0.67947	0.02281	0.01681	0.02281	0.01441	0.01921	0.01080	0.00600	0.00840	0.00240	0.01200	0.00840	0.00360	0.00960
73	0.01477	0.01266	0.01477	0.01055	0.01687	0.00949	0.00844	0.01793	0.01477	0.02320	0.01266	0.01477	0.01055	0.00527	0.00527	0.00105	0.00527	0.00422	0.00422	0.79328
74	0.01762	0.01692	0.02890	0.04371	0.70533	0.01692	0.02185	0.02185	0.01621	0.02326	0.01339	0.01762	0.01128	0.00634	0.00705	0.00211	0.00846	0.00634	0.00352	0.01128
75	0.00868	0.00620	0.00826	0.00991	0.01033	0.00578	0.00661	0.00991	0.01363	0.01818	0.03925	0.74510	0.04710	0.02231	0.00909	0.00289	0.00413	0.02024	0.00661	0.00578
76	0.00993	0.00727	0.00932	0.00881	0.01055	0.00666	0.00661	0.01316	0.01982	0.02775	0.64732	0.05451	0.12194	0.01486	0.00840	0.00225	0.00338	0.01306	0.00773	0.00666
77	0.00846	0.00705	0.00738	0.00764	0.00973	0.00598	0.00560	0.01017	0.01582	0.01907	0.06694	0.17545	0.59888	0.01871	0.00852	0.00248	0.00369	0.01585	0.00661	0.00598
78	0.02660	0.03394	0.02018	0.01834	0.02201	0.72116	0.01376	0.02843	0.02018	0.01743	0.01101	0.01284	0.00917	0.00734	0.00642	0.00183	0.01284	0.00459	0.00367	0.00825
79	0.02660	0.03394	0.02018	0.01834	0.02201	0.72116	0.01376	0.02843	0.02018	0.01743	0.01101	0.01284	0.00917	0.00734	0.00642	0.00183	0.01284	0.00459	0.00367	0.00825
80	0.00855	0.00722	0.00739	0.00735	0.00970	0.00607	0.00551	0.01047	0.01654	0.01996	0.12124	0.06733	0.65289	0.01776	0.00841	0.00239	0.00359	0.01486	0.00671	0.00607
81	0.01519	0.17441	0.58327	0.01874	0.02841	0.01877	0.02360	0.02231	0.01493	0.02144	0.01223	0.01434	0.00904	0.00664	0.00634	0.00211	0.00997	0.00498	0.00301	0.01026
