[name]
unknown

[dist]
# distance from previous block
# <min> <max>
0	123

[block]
# block no. 0 follows, 29 sequences, length 55
# corresponding to MSA columns:
# 123-177
name=unknown_A
#
# <colnr> <probs for GDERKNQSTAVLIFYWHMCP>
#	G	D	E	R	K	N	Q	S	T	A	V	L	I	F	Y	W	H	M	C	P
0	0.01147	0.00820	0.01147	0.01311	0.01475	0.00820	0.01147	0.01475	0.01639	0.02131	0.03770	0.08032	0.04098	0.01967	0.00984	0.00328	0.00656	0.65741	0.00656	0.00656
1	0.01904	0.75404	0.03731	0.01218	0.01828	0.02818	0.01218	0.02132	0.01447	0.01675	0.00990	0.01142	0.00914	0.00609	0.00457	0.00152	0.00761	0.00381	0.00305	0.00914
2	0.01034	0.00696	0.00804	0.00804	0.00814	0.00705	0.00466	0.01053	0.01044	0.01401	0.02218	0.04520	0.02528	0.69756	0.08761	0.00724	0.00782	0.01015	0.00428	0.00447
3	0.01428	0.03683	0.71286	0.02030	0.03082	0.01654	0.02631	0.02255	0.01503	0.02255	0.01278	0.01503	0.00902	0.00677	0.00677	0.00226	0.01052	0.00526	0.00301	0.01052
4	0.00868	0.00620	0.00826	0.00991	0.01033	0.00578	0.00661	0.00991	0.01363	0.01818	0.03925	0.74510	0.04710	0.02231	0.00909	0.00289	0.00413	0.02024	0.00661	0.00578
5	0.01366	0.01287	0.02173	0.69831	0.08175	0.01588	0.01988	0.01838	0.01434	0.01845	0.01269	0.01892	0.00958	0.00708	0.00712	0.00236	0.00944	0.00633	0.00318	0.00808
6	0.01563	0.01372	0.02106	0.59262	0.04355	0.01662	0.01849	0.12755	0.01748	0.02269	0.01415	0.02053	0.01088	0.00774	0.00720	0.00236	0.00913	0.02610	0.00392	0.00856
7	0.03195	0.01212	0.01652	0.01267	0.01818	0.01047	0.01047	0.03470	0.02038	0.71026	0.02809	0.02424	0.01763	0.00881	0.00716	0.00220	0.00606	0.00716	0.00881	0.01212
8	0.01487	0.01359	0.02200	0.61813	0.10278	0.01640	0.01947	0.07026	0.01591	0.02071	0.01307	0.01872	0.00985	0.00716	0.00711	0.00233	0.00928	0.00634	0.00350	0.00852
9	0.01428	0.03683	0.71286	0.02030	0.03082	0.01654	0.02631	0.02255	0.01503	0.02255	0.01278	0.01503	0.00902	0.00677	0.00677	0.00226	0.01052	0.00526	0.00301	0.01052
10	0.01762	0.01692	0.02890	0.04371	0.70533	0.01692	0.02185	0.02185	0.01621	0.02326	0.01339	0.01762	0.01128	0.00634	0.00705	0.00211	0.00846	0.00634	0.00352	0.01128
11	0.00866	0.00628	0.00818	0.00970	0.01027	0.00580	0.00652	0.00994	0.01384	0.01826	0.04181	0.69232	0.09823	0.02197	0.00904	0.00285	0.00409	0.01984	0.00661	0.00580
12	0.01706	0.08922	0.52570	0.01935	0.02848	0.06984	0.05112	0.02386	0.01587	0.07539	0.01369	0.01549	0.00979	0.00688	0.00667	0.00217	0.01019	0.00538	0.00354	0.01033
13	0.01684	0.01629	0.02827	0.16443	0.55431	0.01678	0.05626	0.02126	0.01590	0.02235	0.01332	0.01795	0.01094	0.00646	0.00713	0.00218	0.00883	0.00645	0.00347	0.01060
14	0.01428	0.03683	0.71286	0.02030	0.03082	0.01654	0.02631	0.02255	0.01503	0.02255	0.01278	0.01503	0.00902	0.00677	0.00677	0.00226	0.01052	0.00526	0.00301	0.01052
15	0.01681	0.01921	0.04202	0.03001	0.03721	0.01801	0.67947	0.02281	0.01681	0.02281	0.01441	0.01921	0.01080	0.00600	0.00840	0.00240	0.01200	0.00840	0.00360	0.00960
16	0.01679	0.01665	0.02552	0.29064	0.41707	0.06930	0.02050	0.02102	0.01580	0.02099	0.01295	0.01776	0.01048	0.00670	0.00703	0.00219	0.00916	0.00621	0.00341	0.00984
17	0.01509	0.15920	0.59760	0.01891	0.02868	0.01852	0.02390	0.02234	0.01494	0.02156	0.01229	0.01442	0.00904	0.00665	0.00639	0.00213	0.01003	0.00501	0.00301	0.01029
18	0.01345	0.01266	0.02136	0.73264	0.04904	0.01582	0.01978	0.01819	0.01424	0.01819	0.01266	0.01898	0.00949	0.00712	0.00712	0.00237	0.00949	0.00633	0.00316	0.00791
19	0.01709	0.01636	0.02766	0.04161	0.66537	0.01629	0.02091	0.02119	0.01621	0.02303	0.01677	0.02055	0.05098	0.00702	0.00713	0.00213	0.00818	0.00684	0.00370	0.01098
20	0.01521	0.08158	0.46853	0.02024	0.02888	0.01652	0.13392	0.02190	0.01537	0.04607	0.01556	0.07573	0.01276	0.00794	0.00709	0.00228	0.00989	0.00699	0.00361	0.00994
21	0.01501	0.01398	0.02271	0.25868	0.35263	0.01502	0.01843	0.01989	0.04989	0.02140	0.02032	0.05070	0.06559	0.00878	0.00738	0.00231	0.00805	0.03578	0.00407	0.00940
22	0.03195	0.01212	0.01652	0.01267	0.01818	0.01047	0.01047	0.03470	0.02038	0.71026	0.02809	0.02424	0.01763	0.00881	0.00716	0.00220	0.00606	0.00716	0.00881	0.01212
23	0.01548	0.01473	0.02502	0.39780	0.36801	0.01635	0.02079	0.01997	0.01520	0.02066	0.01301	0.01832	0.01036	0.00674	0.00709	0.00225	0.00899	0.00634	0.00334	0.00955
24	0.01160	0.00825	0.01201	0.04564	0.09997	0.00796	0.00936	0.01353	0.01463	0.06513	0.05426	0.55315	0.03961	0.01851	0.00860	0.00271	0.00501	0.01680	0.00626	0.00702
25	0.01672	0.01599	0.02727	0.19315	0.56297	0.01668	0.02140	0.02106	0.01579	0.02216	0.01323	0.01792	0.01089	0.00651	0.00706	0.00217	0.00868	0.00634	0.00345	0.01055
26	0.00885	0.00633	0.00841	0.00980	0.01037	0.00590	0.00662	0.01034	0.01442	0.01943	0.11938	0.66139	0.04953	0.02137	0.00901	0.00281	0.00404	0.01935	0.00676	0.00590
27	0.01575	0.18954	0.36335	0.01770	0.02540	0.01765	0.09062	0.02146	0.01581	0.05131	0.08432	0.04429	0.01688	0.00796	0.00672	0.00213	0.00889	0.00666	0.00395	0.00963
28	0.01429	0.01351	0.02287	0.59425	0.18088	0.01604	0.02019	0.01893	0.01464	0.01921	0.01280	0.01871	0.00985	0.00696	0.00711	0.00232	0.00928	0.00633	0.00324	0.00859
29	0.01446	0.06397	0.68729	0.01999	0.03034	0.01698	0.02577	0.02250	0.01501	0.02233	0.01267	0.01490	0.00902	0.00674	0.00668	0.00223	0.01041	0.00521	0.00301	0.01047
30	0.01542	0.01467	0.02492	0.40720	0.35906	0.01634	0.02076	0.01992	0.01517	0.02059	0.01300	0.01834	0.01034	0.00675	0.00709	0.00225	0.00900	0.00634	0.00333	0.00950
31	0.01762	0.01692	0.02890	0.04371	0.70533	0.01692	0.02185	0.02185	0.01621	0.02326	0.01339	0.01762	0.01128	0.00634	0.00705	0.00211	0.00846	0.00634	0.00352	0.01128
32	0.05406	0.01272	0.01691	0.04943	0.01987	0.01168	0.01106	0.07679	0.02069	0.60983	0.02602	0.02311	0.01654	0.00864	0.00707	0.00221	0.00634	0.00697	0.00828	0.01177
33	0.01762	0.01692	0.02890	0.04371	0.70533	0.01692	0.02185	0.02185	0.01621	0.02326	0.01339	0.01762	0.01128	0.00634	0.00705	0.00211	0.00846	0.00634	0.00352	0.01128
34	0.04374	0.10673	0.38717	0.02189	0.03055	0.01807	0.22868	0.02276	0.01556	0.04013	0.01328	0.01607	0.00977	0.00650	0.00697	0.00222	0.01038	0.00609	0.00340	0.01003
35	0.01734	0.12511	0.53008	0.01820	0.02747	0.01718	0.02231	0.02408	0.01570	0.11702	0.01453	0.01585	0.01023	0.00696	0.00654	0.00215	0.00953	0.00534	0.00382	0.01057
36	0.03195	0.01212	0.01652	0.01267	0.01818	0.01047	0.01047	0.03470	0.02038	0.71026	0.02809	0.02424	0.01763	0.00881	0.00716	0.00220	0.00606	0.00716	0.00881	0.01212
37	0.01486	0.01332	0.01992	0.18738	0.20446	0.03511	0.05782	0.04636	0.01680	0.04767	0.04794	0.06818	0.18919	0.01069	0.00762	0.00230	0.00737	0.00951	0.00485	0.00864
38	0.01518	0.01440	0.02410	0.32521	0.38018	0.01561	0.01971	0.01943	0.01540	0.02086	0.01767	0.02216	0.06447	0.00758	0.00718	0.00224	0.00851	0.00702	0.00362	0.00948
39	0.01688	0.01928	0.03962	0.02864	0.03540	0.04770	0.62170	0.02249	0.01681	0.02238	0.01534	0.05039	0.01231	0.00677	0.00835	0.00240	0.01170	0.00875	0.00373	0.00938
40	0.01504	0.01401	0.02346	0.57702	0.08873	0.01655	0.07096	0.07055	0.01607	0.02097	0.01319	0.01877	0.00992	0.00709	0.00722	0.00234	0.00949	0.00650	0.00353	0.00859
41	0.01485	0.12213	0.63252	0.01933	0.02933	0.01792	0.02463	0.02240	0.01497	0.02186	0.01244	0.01460	0.00903	0.00669	0.00650	0.00217	0.01018	0.00509	0.00301	0.01036
42	0.03195	0.01212	0.01652	0.01267	0.01818	0.01047	0.01047	0.03470	0.02038	0.71026	0.02809	0.02424	0.01763	0.00881	0.00716	0.00220	0.00606	0.00716	0.00881	0.01212
43	0.00846	0.00703	0.00741	0.00771	0.00975	0.00597	0.00563	0.01016	0.01575	0.01904	0.06612	0.19236	0.58250	0.01882	0.00854	0.00249	0.00370	0.01598	0.00661	0.00597
44	0.01488	0.12706	0.62787	0.01927	0.02924	0.01800	0.02453	0.02240	0.01496	0.02182	0.01242	0.01458	0.00904	0.00668	0.00649	0.00216	0.01016	0.00508	0.00301	0.01035
45	0.03195	0.01212	0.01652	0.01267	0.01818	0.01047	0.01047	0.03470	0.02038	0.71026	0.02809	0.02424	0.01763	0.00881	0.00716	0.00220	0.00606	0.00716	0.00881	0.01212
46	0.02053	0.01444	0.10208	0.01271	0.01738	0.01140	0.01143	0.11578	0.02146	0.26504	0.28665	0.03334	0.03505	0.01075	0.00759	0.00221	0.00582	0.00904	0.00747	0.00982
47	0.01638	0.01838	0.03942	0.11841	0.03870	0.01773	0.59648	0.02223	0.01648	0.02223	0.01419	0.01918	0.01064	0.00614	0.00824	0.00240	0.01169	0.00814	0.00355	0.00939
48	0.01501	0.01334	0.02085	0.61117	0.04399	0.01621	0.01842	0.10145	0.01692	0.02200	0.04307	0.02023	0.01232	0.00762	0.00718	0.00234	0.00902	0.00662	0.00386	0.00839
49	0.02724	0.01663	0.02071	0.06945	0.02349	0.01736	0.04612	0.37334	0.02664	0.27394	0.02047	0.01983	0.01377	0.00841	0.00720	0.00219	0.00755	0.00677	0.00724	0.01167
50	0.01345	0.01266	0.02136	0.73264	0.04904	0.01582	0.01978	0.01819	0.01424	0.01819	0.01266	0.01898	0.00949	0.00712	0.00712	0.00237	0.00949	0.00633	0.00316	0.00791
51	0.01258	0.01142	0.01878	0.58525	0.04117	0.01384	0.01710	0.01677	0.01460	0.01897	0.06772	0.11513	0.01866	0.00963	0.00747	0.00243	0.00834	0.00861	0.00396	0.00755
52	0.00963	0.06489	0.01021	0.00915	0.01045	0.00773	0.00646	0.01094	0.01393	0.01778	0.04302	0.43175	0.20442	0.11150	0.01198	0.00317	0.00462	0.01642	0.00604	0.00592
53	0.01918	0.66064	0.03459	0.01250	0.01819	0.08117	0.01203	0.02148	0.01520	0.01739	0.04445	0.01361	0.01203	0.00661	0.00490	0.00158	0.00781	0.00432	0.00333	0.00895
54	0.09188	0.01225	0.01605	0.01241	0.01783	0.01090	0.01025	0.03363	0.01974	0.65734	0.02667	0.02325	0.01685	0.00864	0.00695	0.00220	0.00602	0.00690	0.00847	0.01177

[dist]
# distance from previous block
# <min> <max>
0	22

[block]
# block no. 1 follows, 29 sequences, length 68
# corresponding to MSA columns:
# 200-267
name=unknown_B
#
# <colnr> <probs for GDERKNQSTAVLIFYWHMCP>
#	G	D	E	R	K	N	Q	S	T	A	V	L	I	F	Y	W	H	M	C	P
0	0.01844	0.01055	0.04474	0.01079	0.01454	0.00846	0.00904	0.02103	0.01769	0.29713	0.06138	0.11728	0.26223	0.01427	0.00801	0.00243	0.00519	0.06074	0.00735	0.00871
1	0.01481	0.05525	0.47214	0.02203	0.03096	0.01674	0.19867	0.02188	0.01541	0.02218	0.01457	0.05614	0.01159	0.00739	0.00725	0.00230	0.01047	0.00687	0.00336	0.00997
2	0.03019	0.01196	0.01603	0.01247	0.01762	0.01056	0.01016	0.03349	0.04703	0.64445	0.02782	0.02556	0.01825	0.04956	0.00876	0.00247	0.00609	0.00737	0.00850	0.01166
3	0.01709	0.01961	0.06666	0.06604	0.03675	0.01806	0.58182	0.05876	0.01752	0.02377	0.01440	0.01891	0.01074	0.00623	0.00820	0.00238	0.01158	0.00806	0.00375	0.00969
4	0.01307	0.00909	0.04199	0.00978	0.01232	0.00725	0.00767	0.01508	0.01579	0.14274	0.04803	0.29827	0.29042	0.04301	0.00933	0.00269	0.00467	0.01486	0.00676	0.00718
5	0.01758	0.01704	0.02962	0.04295	0.66862	0.01698	0.05799	0.02191	0.01625	0.02324	0.01345	0.01771	0.01125	0.00633	0.00712	0.00213	0.00865	0.00646	0.00353	0.01119
6	0.02831	0.01242	0.04264	0.01246	0.01765	0.01020	0.01058	0.03136	0.02014	0.59144	0.11848	0.02779	0.02399	0.00951	0.00731	0.00221	0.00587	0.00786	0.00846	0.01133
7	0.01882	0.57667	0.10443	0.01329	0.01960	0.02527	0.01350	0.02365	0.08702	0.04137	0.01283	0.01383	0.01075	0.00663	0.00517	0.00172	0.00765	0.00452	0.00368	0.00961
8	0.01656	0.05637	0.13632	0.02780	0.03542	0.01828	0.55595	0.02270	0.01645	0.02249	0.01396	0.01825	0.01047	0.00611	0.00799	0.00234	0.01159	0.00774	0.00349	0.00971
9	0.01563	0.01865	0.08932	0.02562	0.05398	0.01746	0.41090	0.02045	0.01519	0.02127	0.01556	0.08558	0.01376	0.00885	0.01121	0.00256	0.15249	0.00875	0.00373	0.00903
10	0.01187	0.00822	0.01108	0.01227	0.01417	0.00798	0.01059	0.01492	0.01653	0.04861	0.04211	0.07643	0.13217	0.01901	0.00953	0.00311	0.00613	0.54190	0.00665	0.00670
11	0.06202	0.02457	0.26472	0.02414	0.03216	0.01725	0.35977	0.05369	0.01687	0.05476	0.01433	0.01748	0.01039	0.00654	0.00751	0.00232	0.01067	0.00693	0.00384	0.01003
12	0.01428	0.03683	0.71286	0.02030	0.03082	0.01654	0.02631	0.02255	0.01503	0.02255	0.01278	0.01503	0.00902	0.00677	0.00677	0.00226	0.01052	0.00526	0.00301	0.01052
13	0.05028	0.02567	0.09410	0.01708	0.02253	0.23970	0.01466	0.35143	0.06152	0.03269	0.01513	0.01587	0.01123	0.00797	0.00678	0.00207	0.00950	0.00572	0.00552	0.01055
14	0.00870	0.00629	0.00823	0.00972	0.01029	0.00582	0.00654	0.01003	0.01396	0.01851	0.05846	0.68501	0.08846	0.02184	0.00903	0.00284	0.00408	0.01973	0.00664	0.00582
15	0.00872	0.00639	0.00820	0.00952	0.01026	0.00587	0.00647	0.01016	0.01434	0.01891	0.08196	0.61986	0.13053	0.02132	0.00896	0.00279	0.00402	0.01916	0.00668	0.00587
16	0.02707	0.01249	0.01598	0.01263	0.01746	0.01169	0.01029	0.11507	0.05320	0.48096	0.13702	0.02816	0.02522	0.00976	0.00736	0.00221	0.00583	0.00804	0.00836	0.01119
17	0.80005	0.01377	0.01047	0.00936	0.01377	0.01597	0.00771	0.02093	0.01212	0.03195	0.00991	0.01157	0.00771	0.00661	0.00441	0.00220	0.00551	0.00386	0.00441	0.00771
18	0.13278	0.07652	0.02215	0.48538	0.07036	0.01720	0.04034	0.03846	0.01468	0.02131	0.01223	0.01712	0.00940	0.00692	0.00654	0.00226	0.00873	0.00582	0.00349	0.00832
19	0.80005	0.01377	0.01047	0.00936	0.01377	0.01597	0.00771	0.02093	0.01212	0.03195	0.00991	0.01157	0.00771	0.00661	0.00441	0.00220	0.00551	0.00386	0.00441	0.00771
20	0.00892	0.00723	0.00791	0.00774	0.00993	0.00623	0.00581	0.01119	0.01742	0.02206	0.26285	0.06388	0.50997	0.01698	0.00841	0.00235	0.00353	0.01438	0.00698	0.00623
21	0.01657	0.01039	0.01339	0.01279	0.04211	0.01013	0.00983	0.10863	0.02088	0.14228	0.29968	0.04844	0.07179	0.01369	0.00827	0.00244	0.00531	0.14750	0.00740	0.00847
22	0.01036	0.00690	0.00777	0.00777	0.00777	0.00690	0.00431	0.01036	0.01036	0.01381	0.02244	0.04660	0.02589	0.74975	0.03624	0.00690	0.00690	0.01036	0.00431	0.00431
23	0.01660	0.01750	0.12432	0.01455	0.01846	0.06790	0.01310	0.17967	0.01818	0.02491	0.01686	0.02207	0.01426	0.04823	0.29533	0.00603	0.04523	0.00670	0.04154	0.00858
24	0.01355	0.01233	0.02048	0.65954	0.06462	0.01517	0.01874	0.01818	0.01435	0.01895	0.01346	0.01950	0.01019	0.00718	0.00696	0.00231	0.00901	0.00635	0.06121	0.00791
25	0.01034	0.00791	0.00934	0.00911	0.01105	0.00740	0.00676	0.04230	0.04163	0.02462	0.33728	0.17803	0.25468	0.01656	0.00843	0.00241	0.00385	0.01439	0.00719	0.00673
26	0.00894	0.00631	0.00818	0.00958	0.00993	0.00596	0.00625	0.00998	0.01312	0.01749	0.03662	0.63590	0.04378	0.13603	0.01333	0.00352	0.00456	0.01870	0.00625	0.00555
27	0.01445	0.03251	0.57078	0.02121	0.03075	0.01625	0.12738	0.02211	0.01558	0.02291	0.04947	0.01770	0.01238	0.00706	0.00711	0.00228	0.01038	0.00616	0.00336	0.01018
28	0.03195	0.01212	0.01652	0.01267	0.01818	0.01047	0.01047	0.03470	0.02038	0.71026	0.02809	0.02424	0.01763	0.00881	0.00716	0.00220	0.00606	0.00716	0.00881	0.01212
29	0.01022	0.00758	0.01007	0.01031	0.03506	0.00704	0.00736	0.01339	0.01924	0.02692	0.57479	0.09855	0.09649	0.01516	0.00845	0.00233	0.00373	0.03905	0.00749	0.00677
30	0.01703	0.01315	0.01553	0.01157	0.01726	0.01112	0.00929	0.08290	0.01680	0.07753	0.01531	0.04814	0.01281	0.00691	0.00650	0.00141	0.03513	0.00545	0.00491	0.59124
31	0.01040	0.00725	0.00951	0.00950	0.01023	0.00784	0.00660	0.01186	0.01137	0.01613	0.04059	0.03698	0.02288	0.36206	0.36005	0.00868	0.01242	0.00896	0.04122	0.00547
32	0.01614	0.02163	0.15735	0.02624	0.03368	0.01718	0.48296	0.02214	0.01610	0.02258	0.01378	0.01796	0.01041	0.00632	0.00843	0.00229	0.03893	0.00742	0.00353	0.07490
33	0.80005	0.01377	0.01047	0.00936	0.01377	0.01597	0.00771	0.02093	0.01212	0.03195	0.00991	0.01157	0.00771	0.00661	0.00441	0.00220	0.00551	0.00386	0.00441	0.00771
34	0.06153	0.01754	0.01651	0.01373	0.01805	0.13141	0.01094	0.26145	0.04717	0.12578	0.05725	0.02800	0.12984	0.01189	0.03450	0.00251	0.00775	0.00791	0.00648	0.00975
35	0.80005	0.01377	0.01047	0.00936	0.01377	0.01597	0.00771	0.02093	0.01212	0.03195	0.00991	0.01157	0.00771	0.00661	0.00441	0.00220	0.00551	0.00386	0.00441	0.00771
36	0.01904	0.75404	0.03731	0.01218	0.01828	0.02818	0.01218	0.02132	0.01447	0.01675	0.00990	0.01142	0.00914	0.00609	0.00457	0.00152	0.00761	0.00381	0.00305	0.00914
37	0.01762	0.01692	0.02890	0.04371	0.70533	0.01692	0.02185	0.02185	0.01621	0.02326	0.01339	0.01762	0.01128	0.00634	0.00705	0.00211	0.00846	0.00634	0.00352	0.01128
38	0.00842	0.00721	0.00721	0.00721	0.00962	0.00601	0.00541	0.01022	0.01623	0.01924	0.07213	0.06853	0.70244	0.01803	0.00842	0.00240	0.00361	0.01503	0.00661	0.00601
39	0.01762	0.01692	0.02890	0.04371	0.70533	0.01692	0.02185	0.02185	0.01621	0.02326	0.01339	0.01762	0.01128	0.00634	0.00705	0.00211	0.00846	0.00634	0.00352	0.01128
40	0.00868	0.00620	0.00826	0.00991	0.01033	0.00578	0.00661	0.00991	0.01363	0.01818	0.03925	0.74510	0.04710	0.02231	0.00909	0.00289	0.00413	0.02024	0.00661	0.00578
41	0.01542	0.01304	0.01511	0.01086	0.01715	0.01016	0.00871	0.05304	0.01576	0.02435	0.01289	0.01489	0.01063	0.00545	0.00537	0.00111	0.00541	0.00433	0.00437	0.75196
42	0.01744	0.01373	0.01585	0.01153	0.01772	0.01144	0.00930	0.11908	0.01786	0.05890	0.01406	0.01556	0.01112	0.00594	0.00564	0.00127	0.00570	0.00469	0.00487	0.63829
43	0.02707	0.01995	0.02137	0.01638	0.02208	0.02208	0.01353	0.68159	0.03348	0.04488	0.01710	0.01710	0.01211	0.00855	0.00712	0.00214	0.00784	0.00641	0.00712	0.01211
44	0.01400	0.00734	0.00742	0.00715	0.00903	0.00745	0.00543	0.05177	0.01591	0.02752	0.02290	0.02605	0.01793	0.00831	0.00509	0.00168	0.00356	0.00662	0.74790	0.00693
45	0.01036	0.00690	0.00777	0.00777	0.00777	0.00690	0.00431	0.01036	0.01036	0.01381	0.02244	0.04660	0.02589	0.74975	0.03624	0.00690	0.00690	0.01036	0.00431	0.00431
46	0.01916	0.01790	0.01718	0.01591	0.03936	0.10841	0.01198	0.05716	0.56444	0.02850	0.02582	0.02423	0.01950	0.00923	0.00713	0.00232	0.00672	0.00750	0.00667	0.01091
47	0.01490	0.13038	0.62475	0.01924	0.02918	0.01805	0.02447	0.02239	0.01496	0.02179	0.01240	0.01456	0.00904	0.00668	0.00648	0.00216	0.01014	0.00507	0.00301	0.01034
48	0.00868	0.00620	0.00826	0.00991	0.01033	0.00578	0.00661	0.00991	0.01363	0.01818	0.03925	0.74510	0.04710	0.02231	0.00909	0.00289	0.00413	0.02024	0.00661	0.00578
49	0.02661	0.01991	0.02229	0.01699	0.02275	0.02190	0.04309	0.65235	0.03274	0.04390	0.01698	0.01719	0.01205	0.00843	0.00718	0.00215	0.00802	0.00650	0.00697	0.01200
50	0.04590	0.63546	0.09766	0.01299	0.01941	0.02646	0.01337	0.04598	0.01515	0.01886	0.01043	0.01197	0.00919	0.00626	0.00486	0.00164	0.00782	0.00404	0.00324	0.00933
51	0.05350	0.02011	0.09124	0.02767	0.03460	0.01801	0.56084	0.02239	0.01612	0.02291	0.01379	0.01833	0.01044	0.00645	0.00891	0.00242	0.05141	0.00783	0.00357	0.00949
52	0.80005	0.01377	0.01047	0.00936	0.01377	0.01597	0.00771	0.02093	0.01212	0.03195	0.00991	0.01157	0.00771	0.00661	0.00441	0.00220	0.00551	0.00386	0.00441	0.00771
53	0.03176	0.01242	0.01671	0.01281	0.01833	0.01092	0.01058	0.05984	0.02089	0.68441	0.02766	0.02396	0.01741	0.00880	0.00716	0.00220	0.00613	0.00713	0.00875	0.01212
54	0.01026	0.00686	0.00779	0.00788	0.00791	0.00684	0.00444	0.01033	0.01054	0.01405	0.02336	0.08498	0.02705	0.70978	0.03475	0.00668	0.00675	0.01090	0.00444	0.00440
55	0.01934	0.72489	0.03662	0.01243	0.01843	0.05622	0.01225	0.02161	0.01470	0.01678	0.00994	0.01148	0.00914	0.00614	0.00464	0.00154	0.00783	0.00384	0.00307	0.00910
56	0.01759	0.01702	0.02948	0.04310	0.67568	0.01697	0.05104	0.02190	0.01624	0.02324	0.01344	0.01769	0.01126	0.00633	0.00711	0.00213	0.00862	0.00644	0.00353	0.01120
57	0.80005	0.01377	0.01047	0.00936	0.01377	0.01597	0.00771	0.02093	0.01212	0.03195	0.00991	0.01157	0.00771	0.00661	0.00441	0.00220	0.00551	0.00386	0.00441	0.00771
58	0.01477	0.01266	0.01477	0.01055	0.01687	0.00949	0.00844	0.01793	0.01477	0.02320	0.01266	0.01477	0.01055	0.00527	0.00527	0.00105	0.00527	0.00422	0.00422	0.79328
59	0.00940	0.00683	0.00899	0.01028	0.01127	0.00643	0.00758	0.01135	0.01511	0.01997	0.10631	0.47036	0.10725	0.02059	0.00912	0.00287	0.00454	0.15897	0.00672	0.00607
60	0.01195	0.01024	0.01485	0.01382	0.01468	0.01314	0.01109	0.01417	0.01127	0.01673	0.01588	0.02391	0.01503	0.03997	0.49238	0.00871	0.25463	0.00717	0.00359	0.00683
61	0.01029	0.00688	0.00779	0.00785	0.00786	0.00686	0.00440	0.01034	0.01048	0.01397	0.02308	0.07334	0.02670	0.72190	0.03520	0.00675	0.00680	0.01073	0.00440	0.00437
62	0.03916	0.01948	0.13697	0.19015	0.14019	0.01677	0.25088	0.04765	0.01630	0.02308	0.01391	0.01823	0.01055	0.00664	0.00734	0.00228	0.00995	0.00683	0.03409	0.00955
63	0.00879	0.00629	0.00837	0.00984	0.01035	0.00586	0.00662	0.01021	0.01417	0.01904	0.09401	0.68789	0.04876	0.02167	0.00903	0.00284	0.00407	0.01963	0.00671	0.00586
64	0.02729	0.01958	0.02115	0.01621	0.02190	0.02154	0.01339	0.65160	0.03287	0.07573	0.01761	0.01743	0.01237	0.00856	0.00713	0.00214	0.00775	0.00645	0.00720	0.01211
65	0.01119	0.00776	0.00999	0.00960	0.01130	0.00731	0.00711	0.04298	0.01937	0.04740	0.51056	0.19756	0.05900	0.01576	0.00845	0.00237	0.00380	0.01398	0.00758	0.00692
66	0.01246	0.03103	0.01092	0.00948	0.01173	0.00810	0.00730	0.01507	0.01810	0.10059	0.36266	0.11167	0.21618	0.01513	0.00876	0.00234	0.03120	0.01290	0.00721	0.00718
67	0.07426	0.08616	0.02468	0.01858	0.02044	0.02111	0.09827	0.01840	0.01210	0.01890	0.01038	0.01572	0.00965	0.01187	0.03979	0.00306	0.49911	0.00614	0.00329	0.00810

[dist]
# distance from previous block
# <min> <max>
1	13

[block]
# block no. 2 follows, 29 sequences, length 34
# corresponding to MSA columns:
# 281-314
name=unknown_C
#
# <colnr> <probs for GDERKNQSTAVLIFYWHMCP>
#	G	D	E	R	K	N	Q	S	T	A	V	L	I	F	Y	W	H	M	C	P
0	0.01712	0.16251	0.30585	0.02191	0.06750	0.01956	0.17744	0.07610	0.04288	0.02365	0.01364	0.01611	0.01033	0.00669	0.00681	0.00214	0.00981	0.00600	0.00368	0.01025
1	0.02156	0.02793	0.12656	0.05834	0.18103	0.35631	0.01764	0.04765	0.05719	0.02119	0.01313	0.01549	0.01046	0.00719	0.00672	0.00203	0.01075	0.00543	0.00383	0.00957
2	0.04124	0.02111	0.02483	0.04252	0.14103	0.22180	0.15329	0.04274	0.07309	0.02182	0.01600	0.07728	0.01412	0.00875	0.00858	0.00227	0.06868	0.00748	0.00423	0.00915
3	0.18344	0.01326	0.01958	0.36812	0.14189	0.01517	0.04136	0.01905	0.01433	0.02259	0.01586	0.02013	0.04619	0.00747	0.00654	0.00226	0.00797	0.00635	0.04012	0.00831
4	0.01973	0.01508	0.01590	0.01384	0.01799	0.04057	0.01087	0.09199	0.45046	0.11674	0.05865	0.02886	0.06716	0.01014	0.00732	0.00233	0.00591	0.00834	0.00729	0.01080
5	0.01837	0.01562	0.01647	0.01462	0.01877	0.01802	0.01143	0.08304	0.64620	0.03085	0.02815	0.02590	0.02106	0.00958	0.00724	0.00240	0.00579	0.00794	0.00724	0.01133
6	0.01535	0.01524	0.02137	0.01839	0.01844	0.02126	0.01529	0.01695	0.01093	0.01711	0.00976	0.01611	0.00971	0.01420	0.05306	0.00347	0.70620	0.00629	0.00315	0.00773
7	0.02775	0.01636	0.01870	0.01444	0.01979	0.01707	0.01189	0.41591	0.02774	0.26885	0.02125	0.02018	0.01441	0.00862	0.00699	0.00213	0.00692	0.00668	0.06261	0.01173
8	0.80005	0.01377	0.01047	0.00936	0.01377	0.01597	0.00771	0.02093	0.01212	0.03195	0.00991	0.01157	0.00771	0.00661	0.00441	0.00220	0.00551	0.00386	0.00441	0.00771
9	0.01008	0.00728	0.00952	0.00896	0.01064	0.00672	0.00672	0.01344	0.02016	0.02855	0.70158	0.05319	0.06719	0.01456	0.00840	0.00224	0.00336	0.01288	0.00784	0.00672
10	0.00868	0.00620	0.00826	0.00991	0.01033	0.00578	0.00661	0.00991	0.01363	0.01818	0.03925	0.74510	0.04710	0.02231	0.00909	0.00289	0.00413	0.02024	0.00661	0.00578
11	0.01428	0.03683	0.71286	0.02030	0.03082	0.01654	0.02631	0.02255	0.01503	0.02255	0.01278	0.01503	0.00902	0.00677	0.00677	0.00226	0.01052	0.00526	0.00301	0.01052
12	0.01036	0.00690	0.00777	0.00777	0.00777	0.00690	0.00431	0.01036	0.01036	0.01381	0.02244	0.04660	0.02589	0.74975	0.03624	0.00690	0.00690	0.01036	0.00431	0.00431
13	0.01771	0.01530	0.01610	0.01449	0.01852	0.01771	0.01127	0.03784	0.69247	0.02979	0.02898	0.02657	0.02174	0.00966	0.00725	0.00242	0.00564	0.00805	0.00725	0.01127
14	0.03111	0.01193	0.01626	0.01253	0.01789	0.01032	0.01032	0.03389	0.02037	0.68425	0.05379	0.02534	0.01952	0.00903	0.00721	0.00220	0.00596	0.00738	0.00878	0.01191
15	0.01710	0.46212	0.31227	0.01549	0.02338	0.02344	0.01793	0.02182	0.01470	0.01911	0.01107	0.01289	0.00909	0.00637	0.00546	0.00182	0.00880	0.00440	0.00303	0.00970
16	0.01576	0.25999	0.50267	0.01777	0.02692	0.02016	0.02191	0.02217	0.01486	0.02075	0.01188	0.01391	0.00906	0.00656	0.00608	0.00203	0.00962	0.00481	0.00302	0.01009
17	0.76696	0.01463	0.01088	0.00975	0.01412	0.04614	0.00797	0.02125	0.01246	0.03133	0.00996	0.01162	0.00777	0.00664	0.00449	0.00219	0.00582	0.00389	0.00438	0.00773
18	0.01902	0.01404	0.01558	0.01305	0.01635	0.01544	0.01006	0.27702	0.14622	0.05201	0.09638	0.03032	0.02346	0.19377	0.01515	0.00342	0.03459	0.00842	0.00643	0.00926
19	0.00995	0.00727	0.00935	0.00883	0.01056	0.00667	0.00662	0.01320	0.01986	0.02786	0.65473	0.05433	0.11447	0.01482	0.00840	0.00225	0.00338	0.01304	0.00775	0.00667
20	0.54813	0.01538	0.07345	0.01093	0.01598	0.01482	0.00982	0.04141	0.01448	0.13609	0.01645	0.01698	0.04592	0.00762	0.00533	0.00222	0.00600	0.00515	0.00516	0.00868
21	0.00865	0.00628	0.00818	0.00969	0.01027	0.00580	0.00651	0.00994	0.01385	0.01826	0.04195	0.68947	0.10098	0.02196	0.00903	0.00285	0.00409	0.01981	0.00661	0.00580
22	0.01477	0.01266	0.01477	0.01055	0.01687	0.00949	0.00844	0.01793	0.01477	0.02320	0.01266	0.01477	0.01055	0.00527	0.00527	0.00105	0.00527	0.00422	0.00422	0.79328
23	0.01584	0.01315	0.01519	0.01116	0.01714	0.01071	0.00891	0.09097	0.01678	0.02536	0.01442	0.04997	0.01247	0.00645	0.00566	0.00126	0.00550	0.00523	0.00465	0.66918
24	0.01558	0.01558	0.02181	0.01869	0.01869	0.02181	0.01558	0.01714	0.01091	0.01714	0.00935	0.01558	0.00935	0.01246	0.02337	0.00312	0.73672	0.00623	0.00312	0.00779
25	0.00979	0.00723	0.00878	0.00839	0.01026	0.00653	0.00629	0.01274	0.01888	0.02601	0.50402	0.05594	0.23147	0.01517	0.00824	0.00226	0.00342	0.01314	0.04491	0.00653
26	0.01241	0.00621	0.00915	0.00915	0.00923	0.00621	0.00613	0.00962	0.00954	0.01303	0.01287	0.02187	0.01264	0.02398	0.02677	0.75616	0.00605	0.00621	0.03953	0.00326
27	0.02492	0.02333	0.02341	0.04221	0.02456	0.21437	0.08982	0.38100	0.02648	0.03293	0.01469	0.01617	0.01097	0.00801	0.00764	0.00213	0.03528	0.00613	0.00550	0.01047
28	0.02660	0.03394	0.02018	0.01834	0.02201	0.72116	0.01376	0.02843	0.02018	0.01743	0.01101	0.01284	0.00917	0.00734	0.00642	0.00183	0.01284	0.00459	0.00367	0.00825
29	0.00866	0.00627	0.00819	0.00973	0.01028	0.00580	0.00653	0.00994	0.01382	0.01825	0.04156	0.69760	0.09311	0.02201	0.00904	0.00286	0.00409	0.01988	0.00661	0.00580
30	0.01129	0.00774	0.00898	0.00869	0.00916	0.00801	0.00538	0.04911	0.01181	0.01591	0.02174	0.04273	0.02415	0.62598	0.11456	0.00716	0.00838	0.00981	0.00442	0.00500
31	0.01809	0.01484	0.01820	0.01355	0.01942	0.01349	0.05691	0.20806	0.02021	0.02910	0.01558	0.05761	0.01311	0.00724	0.00624	0.00156	0.00642	0.00606	0.00515	0.46917
32	0.07266	0.05891	0.08872	0.01624	0.07596	0.01545	0.01319	0.15696	0.07491	0.23916	0.09572	0.02320	0.01985	0.00876	0.00692	0.00217	0.00678	0.00706	0.00661	0.01077
33	0.12579	0.27569	0.21141	0.01680	0.05745	0.02092	0.03394	0.04093	0.01484	0.02221	0.03446	0.01496	0.01113	0.00738	0.00754	0.00208	0.08451	0.00510	0.00356	0.00930

[dist]
# distance from previous block
# <min> <max>
1	2

[block]
# block no. 3 follows, 29 sequences, length 93
# corresponding to MSA columns:
# 317-409
name=unknown_D
#
# <colnr> <probs for GDERKNQSTAVLIFYWHMCP>
#	G	D	E	R	K	N	Q	S	T	A	V	L	I	F	Y	W	H	M	C	P
0	0.01387	0.01151	0.01442	0.01161	0.01644	0.00943	0.02919	0.03492	0.01567	0.02314	0.04084	0.09984	0.02103	0.00976	0.00665	0.00171	0.00559	0.11449	0.00502	0.51489
1	0.02005	0.14146	0.12602	0.01795	0.08889	0.11838	0.01500	0.07841	0.06360	0.10778	0.02089	0.02702	0.04097	0.00940	0.00696	0.00220	0.00830	0.09190	0.00510	0.00973
2	0.04812	0.01314	0.01451	0.01310	0.03986	0.04422	0.00987	0.13527	0.12701	0.12337	0.24603	0.03570	0.09713	0.01139	0.00754	0.00224	0.00556	0.00949	0.00717	0.00929
3	0.01656	0.01318	0.01535	0.01109	0.01733	0.01049	0.00892	0.06862	0.01646	0.05972	0.01377	0.01542	0.01102	0.00570	0.00551	0.00119	0.00551	0.00453	0.00467	0.69496
4	0.00967	0.00702	0.00916	0.01057	0.01135	0.00683	0.00754	0.01214	0.04840	0.01908	0.03772	0.56855	0.04386	0.05381	0.01033	0.00311	0.00473	0.12345	0.00653	0.00612
5	0.00978	0.00727	0.00911	0.00865	0.01046	0.00659	0.00649	0.01287	0.01946	0.02690	0.58971	0.05592	0.18009	0.01518	0.00840	0.00227	0.00340	0.01326	0.00762	0.00659
6	0.01445	0.03563	0.66702	0.02096	0.03126	0.01664	0.07093	0.02257	0.01515	0.02257	0.01289	0.01532	0.00914	0.00671	0.00688	0.00227	0.01062	0.00548	0.00305	0.01046
7	0.00948	0.00718	0.00874	0.00850	0.01031	0.00644	0.00632	0.01222	0.01852	0.02502	0.46559	0.10607	0.25733	0.01615	0.00845	0.00233	0.00349	0.01404	0.00738	0.00644
8	0.01373	0.01213	0.02017	0.55637	0.06578	0.01446	0.04777	0.01828	0.01454	0.01996	0.01449	0.02018	0.01105	0.00723	0.00683	0.00225	0.00856	0.00647	0.13185	0.00790
9	0.01017	0.00763	0.01144	0.01144	0.01272	0.00890	0.00890	0.01272	0.01144	0.01653	0.01907	0.02797	0.01780	0.05340	0.72153	0.01144	0.01907	0.00763	0.00381	0.00636
10	0.01059	0.00755	0.00969	0.03067	0.01187	0.00697	0.00702	0.01364	0.01912	0.04913	0.53220	0.07746	0.16741	0.01498	0.00835	0.00229	0.00370	0.01309	0.00749	0.00679
11	0.01257	0.00826	0.01310	0.24072	0.02204	0.00925	0.01055	0.01215	0.01104	0.01446	0.01353	0.04970	0.01284	0.01900	0.02045	0.50838	0.00716	0.00679	0.00326	0.00474
12	0.00868	0.00620	0.00826	0.00991	0.01033	0.00578	0.00661	0.00991	0.01363	0.01818	0.03925	0.74510	0.04710	0.02231	0.00909	0.00289	0.00413	0.02024	0.00661	0.00578
13	0.01643	0.01381	0.01648	0.01192	0.01819	0.01140	0.03010	0.10453	0.01727	0.02601	0.01329	0.01521	0.01076	0.00572	0.00561	0.00124	0.00582	0.00464	0.00458	0.66700
14	0.01762	0.01692	0.02890	0.04371	0.70533	0.01692	0.02185	0.02185	0.01621	0.02326	0.01339	0.01762	0.01128	0.00634	0.00705	0.00211	0.00846	0.00634	0.00352	0.01128
15	0.80005	0.01377	0.01047	0.00936	0.01377	0.01597	0.00771	0.02093	0.01212	0.03195	0.00991	0.01157	0.00771	0.00661	0.00441	0.00220	0.00551	0.00386	0.00441	0.00771
16	0.01980	0.01601	0.01704	0.01476	0.01913	0.01825	0.01164	0.15035	0.55582	0.05406	0.02687	0.02484	0.01992	0.00944	0.00722	0.00236	0.00603	0.00774	0.00727	0.01144
17	0.01017	0.00763	0.01144	0.01144	0.01272	0.00890	0.00890	0.01272	0.01144	0.01653	0.01907	0.02797	0.01780	0.05340	0.72153	0.01144	0.01907	0.00763	0.00381	0.00636
18	0.03178	0.01238	0.01669	0.01279	0.01831	0.01086	0.01057	0.05656	0.02082	0.68778	0.02772	0.02400	0.01744	0.00880	0.00716	0.00220	0.00612	0.00714	0.00876	0.01212
19	0.01762	0.01692	0.02890	0.04371	0.70533	0.01692	0.02185	0.02185	0.01621	0.02326	0.01339	0.01762	0.01128	0.00634	0.00705	0.00211	0.00846	0.00634	0.00352	0.01128
20	0.00868	0.00620	0.00826	0.00991	0.01033	0.00578	0.00661	0.00991	0.01363	0.01818	0.03925	0.74510	0.04710	0.02231	0.00909	0.00289	0.00413	0.02024	0.00661	0.00578
21	0.01681	0.01921	0.04202	0.03001	0.03721	0.01801	0.67947	0.02281	0.01681	0.02281	0.01441	0.01921	0.01080	0.00600	0.00840	0.00240	0.01200	0.00840	0.00360	0.00960
22	0.01643	0.01327	0.01540	0.01113	0.01737	0.01062	0.00895	0.07642	0.01659	0.04868	0.01357	0.01529	0.01093	0.00568	0.00550	0.00119	0.00552	0.00451	0.00463	0.69830
23	0.01467	0.27514	0.20177	0.01472	0.02059	0.01753	0.06907	0.01894	0.01603	0.02145	0.16339	0.07157	0.04827	0.00954	0.00670	0.00206	0.00744	0.00796	0.00446	0.00869
24	0.22267	0.02414	0.24695	0.14535	0.02698	0.13137	0.01700	0.02176	0.01527	0.02375	0.05301	0.01676	0.01227	0.00735	0.00625	0.00219	0.00897	0.00543	0.00380	0.00871
25	0.01431	0.00831	0.01046	0.00986	0.01236	0.00741	0.00747	0.01647	0.01649	0.16991	0.12170	0.21235	0.20981	0.04346	0.04542	0.00306	0.00533	0.04156	0.00692	0.03735
26	0.76447	0.01470	0.01091	0.00978	0.01415	0.04841	0.00799	0.02128	0.01249	0.03128	0.00997	0.01163	0.00778	0.00664	0.00450	0.00219	0.00585	0.00389	0.00437	0.00774
27	0.01036	0.00690	0.00777	0.00777	0.00777	0.00690	0.00431	0.01036	0.01036	0.01381	0.02244	0.04660	0.02589	0.74975	0.03624	0.00690	0.00690	0.01036	0.00431	0.00431
28	0.02579	0.01848	0.02009	0.01569	0.02095	0.02024	0.01283	0.59807	0.03128	0.07250	0.01939	0.07654	0.01520	0.00968	0.00728	0.00220	0.00746	0.00757	0.00716	0.01160
29	0.01837	0.68402	0.06625	0.01251	0.01856	0.02668	0.01265	0.02094	0.01434	0.01700	0.01049	0.01242	0.00957	0.00852	0.04107	0.00206	0.00833	0.00407	0.00308	0.00906
30	0.00857	0.00660	0.00785	0.00885	0.01005	0.00587	0.00614	0.01004	0.01466	0.01860	0.05226	0.47732	0.30648	0.02062	0.00882	0.00270	0.00392	0.01818	0.00661	0.00587
31	0.01477	0.01266	0.01477	0.01055	0.01687	0.00949	0.00844	0.01793	0.01477	0.02320	0.01266	0.01477	0.01055	0.00527	0.00527	0.00105	0.00527	0.00422	0.00422	0.79328
32	0.02660	0.03394	0.02018	0.01834	0.02201	0.72116	0.01376	0.02843	0.02018	0.01743	0.01101	0.01284	0.00917	0.00734	0.00642	0.00183	0.01284	0.00459	0.00367	0.00825
33	0.01563	0.01574	0.02272	0.01920	0.01952	0.02164	0.04531	0.01739	0.01117	0.01739	0.00957	0.01574	0.00941	0.01217	0.02270	0.00308	0.70427	0.00633	0.00314	0.00787
34	0.01762	0.01692	0.02890	0.04371	0.70533	0.01692	0.02185	0.02185	0.01621	0.02326	0.01339	0.01762	0.01128	0.00634	0.00705	0.00211	0.00846	0.00634	0.00352	0.01128
35	0.03195	0.01212	0.01652	0.01267	0.01818	0.01047	0.01047	0.03470	0.02038	0.71026	0.02809	0.02424	0.01763	0.00881	0.00716	0.00220	0.00606	0.00716	0.00881	0.01212
36	0.00916	0.00720	0.00827	0.00809	0.01010	0.00631	0.00603	0.01162	0.01786	0.02330	0.34814	0.08881	0.39638	0.01667	0.00843	0.00235	0.00352	0.01429	0.00715	0.00631
37	0.00868	0.00620	0.00826	0.00991	0.01033	0.00578	0.00661	0.00991	0.01363	0.01818	0.03925	0.74510	0.04710	0.02231	0.00909	0.00289	0.00413	0.02024	0.00661	0.00578
38	0.01428	0.03683	0.71286	0.02030	0.03082	0.01654	0.02631	0.02255	0.01503	0.02255	0.01278	0.01503	0.00902	0.00677	0.00677	0.00226	0.01052	0.00526	0.00301	0.01052
39	0.01771	0.01530	0.01610	0.01449	0.01852	0.01771	0.01127	0.03784	0.69247	0.02979	0.02898	0.02657	0.02174	0.00966	0.00725	0.00242	0.00564	0.00805	0.00725	0.01127
40	0.02260	0.01714	0.01852	0.03927	0.02060	0.01879	0.01219	0.48416	0.09593	0.03824	0.02717	0.02655	0.12634	0.01017	0.00735	0.00222	0.00698	0.00799	0.00692	0.01088
41	0.00868	0.00620	0.00826	0.00991	0.01033	0.00578	0.00661	0.00991	0.01363	0.01818	0.03925	0.74510	0.04710	0.02231	0.00909	0.00289	0.00413	0.02024	0.00661	0.00578
42	0.01345	0.01266	0.02136	0.73264	0.04904	0.01582	0.01978	0.01819	0.01424	0.01819	0.01266	0.01898	0.00949	0.00712	0.00712	0.00237	0.00949	0.00633	0.00316	0.00791
43	0.01681	0.01921	0.04202	0.03001	0.03721	0.01801	0.67947	0.02281	0.01681	0.02281	0.01441	0.01921	0.01080	0.00600	0.00840	0.00240	0.01200	0.00840	0.00360	0.00960
44	0.01558	0.01558	0.02181	0.01869	0.01869	0.02181	0.01558	0.01714	0.01091	0.01714	0.00935	0.01558	0.00935	0.01246	0.02337	0.00312	0.73672	0.00623	0.00312	0.00779
45	0.03195	0.01212	0.01652	0.01267	0.01818	0.01047	0.01047	0.03470	0.02038	0.71026	0.02809	0.02424	0.01763	0.00881	0.00716	0.00220	0.00606	0.00716	0.00881	0.01212
46	0.01771	0.01530	0.01610	0.01449	0.01852	0.01771	0.01127	0.03784	0.69247	0.02979	0.02898	0.02657	0.02174	0.00966	0.00725	0.00242	0.00564	0.00805	0.00725	0.01127
47	0.00868	0.00620	0.00826	0.00991	0.01033	0.00578	0.00661	0.00991	0.01363	0.01818	0.03925	0.74510	0.04710	0.02231	0.00909	0.00289	0.00413	0.02024	0.00661	0.00578
48	0.02707	0.01995	0.02137	0.01638	0.02208	0.02208	0.01353	0.68159	0.03348	0.04488	0.01710	0.01710	0.01211	0.00855	0.00712	0.00214	0.00784	0.00641	0.00712	0.01211
49	0.01494	0.02177	0.21720	0.02503	0.07193	0.01562	0.35246	0.02073	0.01587	0.02212	0.01793	0.11373	0.01609	0.00881	0.00802	0.00244	0.01018	0.03184	0.00393	0.00935
50	0.35237	0.35597	0.02391	0.01169	0.01679	0.10281	0.01046	0.02197	0.01413	0.02330	0.01003	0.01165	0.00853	0.00646	0.00471	0.00185	0.00732	0.00392	0.00370	0.00843
51	0.01912	0.69510	0.06633	0.01277	0.01897	0.05407	0.01286	0.02165	0.01471	0.01703	0.01007	0.01164	0.00913	0.00617	0.00474	0.00157	0.00794	0.00390	0.00307	0.00917
52	0.01004	0.00794	0.00913	0.00871	0.01089	0.00737	0.00657	0.01420	0.07634	0.02478	0.38186	0.05728	0.32758	0.01558	0.00831	0.00232	0.00366	0.01336	0.00728	0.00682
53	0.00887	0.00642	0.00816	0.00938	0.01002	0.00596	0.00626	0.01014	0.01388	0.01832	0.07019	0.57514	0.11535	0.09222	0.01163	0.00320	0.00431	0.01841	0.00644	0.00571
54	0.01769	0.01416	0.01510	0.01333	0.01725	0.01569	0.01043	0.11600	0.44743	0.05684	0.03473	0.05658	0.13120	0.01127	0.00748	0.00239	0.00556	0.00935	0.00717	0.01038
55	0.01008	0.00728	0.00952	0.00896	0.01064	0.00672	0.00672	0.01344	0.02016	0.02855	0.70158	0.05319	0.06719	0.01456	0.00840	0.00224	0.00336	0.01288	0.00784	0.00672
56	0.02473	0.02953	0.02117	0.02162	0.12235	0.54442	0.01469	0.07156	0.02050	0.02055	0.03610	0.01526	0.01173	0.00753	0.00663	0.00191	0.01152	0.00526	0.00403	0.00891
57	0.01248	0.01102	0.01586	0.01453	0.01526	0.01440	0.01175	0.01460	0.01121	0.01679	0.01493	0.02269	0.01420	0.03596	0.42413	0.00790	0.32477	0.00703	0.00352	0.00697
58	0.80005	0.01377	0.01047	0.00936	0.01377	0.01597	0.00771	0.02093	0.01212	0.03195	0.00991	0.01157	0.00771	0.00661	0.00441	0.00220	0.00551	0.00386	0.00441	0.00771
59	0.01462	0.07942	0.30757	0.01743	0.02425	0.01443	0.12581	0.02023	0.01683	0.05827	0.17897	0.02808	0.06500	0.00920	0.00737	0.00223	0.00822	0.00814	0.00475	0.00918
60	0.00897	0.00642	0.00852	0.00972	0.01039	0.00598	0.00663	0.01065	0.01499	0.02034	0.17709	0.60110	0.05128	0.02070	0.00895	0.00276	0.00397	0.01871	0.00687	0.00598
61	0.02063	0.01534	0.03869	0.01400	0.01854	0.01594	0.01144	0.13973	0.37577	0.14618	0.07193	0.02782	0.05190	0.00993	0.00732	0.00232	0.00599	0.00816	0.00736	0.01100
62	0.01018	0.00760	0.01127	0.01127	0.01249	0.00881	0.00869	0.01261	0.01139	0.01640	0.01923	0.02883	0.01817	0.08543	0.69001	0.01123	0.01851	0.00775	0.00384	0.00626
63	0.01671	0.01620	0.02628	0.09112	0.45719	0.01823	0.01990	0.02022	0.01454	0.02111	0.01218	0.01715	0.01059	0.00815	0.01172	0.00242	0.21660	0.00631	0.00338	0.01002
64	0.00868	0.00620	0.00826	0.00991	0.01033	0.00578	0.00661	0.00991	0.01363	0.01818	0.03925	0.74510	0.04710	0.02231	0.00909	0.00289	0.00413	0.02024	0.00661	0.00578
65	0.01529	0.01558	0.02687	0.41990	0.11708	0.04171	0.16862	0.01993	0.01501	0.01970	0.01284	0.01842	0.00997	0.00717	0.00854	0.00238	0.06225	0.00673	0.00332	0.00868
66	0.01008	0.00728	0.00952	0.00896	0.01064	0.00672	0.00672	0.01344	0.02016	0.02855	0.70158	0.05319	0.06719	0.01456	0.00840	0.00224	0.00336	0.01288	0.00784	0.00672
67	0.00868	0.00620	0.00826	0.00991	0.01033	0.00578	0.00661	0.00991	0.01363	0.01818	0.03925	0.74510	0.04710	0.02231	0.00909	0.00289	0.00413	0.02024	0.00661	0.00578
68	0.01449	0.06833	0.68319	0.01994	0.03027	0.01705	0.02569	0.02250	0.01501	0.02230	0.01265	0.01488	0.00903	0.00674	0.00667	0.00222	0.01040	0.00520	0.00301	0.01046
69	0.00868	0.00620	0.00826	0.00991	0.01033	0.00578	0.00661	0.00991	0.01363	0.01818	0.03925	0.74510	0.04710	0.02231	0.00909	0.00289	0.00413	0.02024	0.00661	0.00578
70	0.01722	0.01651	0.02817	0.11028	0.64191	0.01681	0.02165	0.02150	0.01602	0.02277	0.01332	0.01776	0.01111	0.00642	0.00706	0.00214	0.00856	0.00634	0.00349	0.01095
71	0.01477	0.01266	0.01477	0.01055	0.01687	0.00949	0.00844	0.01793	0.01477	0.02320	0.01266	0.01477	0.01055	0.00527	0.00527	0.00105	0.00527	0.00422	0.00422	0.79328
72	0.02808	0.01832	0.02036	0.01561	0.02127	0.01966	0.01290	0.54696	0.03075	0.18336	0.01938	0.01858	0.01326	0.00860	0.00713	0.00215	0.00747	0.00657	0.00747	0.01211
73	0.02431	0.01838	0.01987	0.01526	0.02094	0.01964	0.01251	0.52234	0.07919	0.04012	0.01723	0.01741	0.01256	0.00808	0.00682	0.00198	0.00724	0.00616	0.00664	0.14332
74	0.02671	0.02049	0.02112	0.01642	0.02195	0.05742	0.01347	0.62572	0.05605	0.04295	0.01721	0.01721	0.01230	0.00853	0.00709	0.00213	0.00801	0.00638	0.00695	0.01188
75	0.00938	0.00725	0.00855	0.00823	0.01021	0.00642	0.00617	0.01209	0.01851	0.02465	0.43768	0.05962	0.33352	0.01601	0.00841	0.00231	0.00346	0.01378	0.00732	0.00642
76	0.02707	0.01995	0.02137	0.01638	0.02208	0.02208	0.01353	0.68159	0.03348	0.04488	0.01710	0.01710	0.01211	0.00855	0.00712	0.00214	0.00784	0.00641	0.00712	0.01211
77	0.01008	0.00728	0.00952	0.00896	0.01064	0.00672	0.00672	0.01344	0.02016	0.02855	0.70158	0.05319	0.06719	0.01456	0.00840	0.00224	0.00336	0.01288	0.00784	0.00672
78	0.00868	0.00620	0.00826	0.00991	0.01033	0.00578	0.00661	0.00991	0.01363	0.01818	0.03925	0.74510	0.04710	0.02231	0.00909	0.00289	0.00413	0.02024	0.00661	0.00578
79	0.01445	0.06178	0.68936	0.02001	0.03038	0.01694	0.02582	0.02251	0.01501	0.02235	0.01268	0.01491	0.00902	0.00674	0.00669	0.00223	0.01042	0.00521	0.00301	0.01048
80	0.01771	0.01530	0.01610	0.01449	0.01852	0.01771	0.01127	0.03784	0.69247	0.02979	0.02898	0.02657	0.02174	0.00966	0.00725	0.00242	0.00564	0.00805	0.00725	0.01127
81	0.01904	0.75404	0.03731	0.01218	0.01828	0.02818	0.01218	0.02132	0.01447	0.01675	0.00990	0.01142	0.00914	0.00609	0.00457	0.00152	0.00761	0.00381	0.00305	0.00914
