[name]
unknown

[dist]
# distance from previous block
# <min> <max>
18	52

[block]
# block no. 0 follows, 28 sequences, length 6
# corresponding to MSA columns:
# 67-72
name=unknown_A
#
# <colnr> <probs for GDERKNQSTAVLIFYWHMCP>
#	G	D	E	R	K	N	Q	S	T	A	V	L	I	F	Y	W	H	M	C	P
0	0.01437	0.01107	0.01346	0.06415	0.01621	0.01142	0.00897	0.11741	0.01592	0.02205	0.02091	0.12538	0.02176	0.27451	0.04667	0.00427	0.04818	0.00951	0.00498	0.14880
1	0.01994	0.01605	0.01612	0.01317	0.01742	0.07546	0.01031	0.29575	0.02323	0.03096	0.02351	0.07207	0.08028	0.06489	0.00990	0.02723	0.00698	0.00806	0.04582	0.14286
2	0.01518	0.01195	0.01538	0.04781	0.01738	0.01343	0.03370	0.12304	0.07524	0.02490	0.02354	0.19506	0.02300	0.04085	0.08327	0.00358	0.10750	0.01034	0.10138	0.03347
3	0.01648	0.01574	0.02212	0.43062	0.14706	0.06591	0.01836	0.05430	0.06655	0.02194	0.01440	0.01891	0.01110	0.00730	0.00709	0.00224	0.00910	0.00633	0.00391	0.06054
4	0.01058	0.00760	0.01004	0.09238	0.01436	0.00796	0.00763	0.01222	0.01283	0.01767	0.02868	0.24804	0.05781	0.26126	0.10682	0.00521	0.00761	0.01263	0.07286	0.00582
5	0.01796	0.01373	0.01662	0.11174	0.02161	0.01464	0.01166	0.23829	0.07069	0.02855	0.02087	0.07532	0.04649	0.01485	0.05995	0.09723	0.00783	0.00785	0.00551	0.11860

[dist]
# distance from previous block
# <min> <max>
19	45

[block]
# block no. 1 follows, 28 sequences, length 18
# corresponding to MSA columns:
# 121-138
name=unknown_B
#
# <colnr> <probs for GDERKNQSTAVLIFYWHMCP>
#	G	D	E	R	K	N	Q	S	T	A	V	L	I	F	Y	W	H	M	C	P
0	0.07416	0.18613	0.12052	0.04965	0.11329	0.12512	0.01534	0.05859	0.01740	0.02295	0.05581	0.02160	0.04662	0.00828	0.00648	0.00204	0.00850	0.02716	0.00422	0.03613
1	0.04922	0.05195	0.03397	0.01059	0.01221	0.00907	0.00808	0.03503	0.01414	0.01936	0.03202	0.35144	0.07669	0.09428	0.01394	0.10298	0.00557	0.06767	0.00562	0.00616
2	0.01357	0.04635	0.01292	0.04095	0.01489	0.07438	0.00876	0.08225	0.01907	0.02384	0.17955	0.08926	0.27777	0.03787	0.00904	0.00252	0.00569	0.04761	0.00639	0.00733
3	0.16449	0.04456	0.13058	0.12526	0.20801	0.07626	0.01783	0.08232	0.01733	0.04925	0.01334	0.01618	0.01025	0.00708	0.00653	0.00220	0.00876	0.00562	0.00415	0.00999
4	0.04606	0.01642	0.01800	0.03445	0.01988	0.01824	0.01192	0.39618	0.14297	0.03627	0.01982	0.04955	0.01560	0.01133	0.00969	0.09432	0.00706	0.00732	0.03453	0.01041
5	0.01256	0.00790	0.00956	0.00905	0.01121	0.00704	0.00667	0.01480	0.01754	0.11310	0.26000	0.13229	0.26451	0.08739	0.01127	0.00288	0.00432	0.01370	0.00722	0.00700
6	0.64124	0.01408	0.01205	0.03617	0.01613	0.01616	0.00886	0.02391	0.08422	0.07072	0.01336	0.01445	0.01004	0.00723	0.00507	0.00228	0.00582	0.00468	0.00502	0.00852
7	0.01650	0.01575	0.02682	0.28268	0.47276	0.01688	0.02157	0.02101	0.01585	0.02194	0.01341	0.01848	0.01088	0.00675	0.00722	0.00225	0.00900	0.00647	0.00347	0.01031
8	0.42890	0.01416	0.01542	0.11183	0.04595	0.01604	0.03791	0.10698	0.01589	0.03009	0.01274	0.01570	0.00991	0.00836	0.00712	0.05390	0.00680	0.00523	0.04871	0.00834
9	0.01284	0.00760	0.00974	0.00965	0.01097	0.00709	0.00666	0.01451	0.01558	0.11116	0.19722	0.28417	0.04326	0.21669	0.01643	0.00381	0.00506	0.01425	0.00672	0.00659
10	0.00971	0.00709	0.00843	0.00884	0.00990	0.00660	0.00606	0.01121	0.01482	0.01944	0.15248	0.22293	0.19831	0.23523	0.01730	0.00396	0.00494	0.05078	0.00626	0.00572
11	0.69137	0.01529	0.01177	0.01040	0.01493	0.06184	0.00848	0.02287	0.01351	0.07915	0.01151	0.01281	0.00869	0.00696	0.00483	0.00222	0.00615	0.00422	0.00477	0.00823
12	0.00989	0.00678	0.00820	0.00883	0.00907	0.00659	0.00542	0.01053	0.01230	0.01647	0.05806	0.31742	0.03664	0.43257	0.02500	0.00525	0.00579	0.01461	0.00547	0.00509
13	0.13250	0.01292	0.01600	0.01261	0.01789	0.01216	0.01036	0.06002	0.05157	0.53325	0.04761	0.02379	0.01826	0.00892	0.00698	0.00226	0.00608	0.00706	0.00822	0.01155
14	0.02870	0.01150	0.01562	0.01227	0.01721	0.01001	0.01001	0.03162	0.02077	0.58592	0.14551	0.02992	0.02686	0.01002	0.00753	0.00226	0.00570	0.00833	0.00882	0.01140
15	0.10534	0.01378	0.01690	0.01321	0.01867	0.01323	0.01087	0.11929	0.05942	0.51322	0.02543	0.02265	0.01650	0.00879	0.00704	0.00225	0.00635	0.00693	0.00824	0.01188
16	0.02430	0.01084	0.01437	0.01194	0.01605	0.00980	0.00949	0.02817	0.06193	0.44210	0.16537	0.11705	0.03215	0.01190	0.00781	0.00236	0.00536	0.01016	0.00842	0.01042
17	0.02692	0.01358	0.01672	0.01332	0.01822	0.01330	0.01078	0.15143	0.10538	0.40825	0.09428	0.02741	0.02288	0.03285	0.00838	0.00242	0.00622	0.00798	0.00823	0.01145

[dist]
# distance from previous block
# <min> <max>
2	9

[block]
# block no. 2 follows, 28 sequences, length 47
# corresponding to MSA columns:
# 150-196
name=unknown_C
#
# <colnr> <probs for GDERKNQSTAVLIFYWHMCP>
#	G	D	E	R	K	N	Q	S	T	A	V	L	I	F	Y	W	H	M	C	P
0	0.07550	0.46423	0.05667	0.01376	0.01948	0.06657	0.03283	0.06806	0.01643	0.04897	0.01243	0.01440	0.01053	0.01038	0.06018	0.00253	0.00905	0.00477	0.00386	0.00936
1	0.02623	0.01953	0.02106	0.01606	0.02195	0.02111	0.01324	0.60177	0.03205	0.04335	0.01695	0.01719	0.01218	0.00835	0.00706	0.00206	0.00771	0.00630	0.00694	0.09892
2	0.01688	0.01326	0.01550	0.01130	0.01758	0.01056	0.00906	0.04375	0.04380	0.07257	0.01488	0.01633	0.01180	0.00594	0.00567	0.00126	0.00555	0.00476	0.00487	0.67470
3	0.03261	0.01237	0.01687	0.01293	0.01856	0.01068	0.01068	0.03543	0.02081	0.70423	0.02868	0.02474	0.01799	0.00900	0.00731	0.00225	0.00619	0.00731	0.00900	0.01237
4	0.00962	0.00672	0.00856	0.00966	0.01009	0.00645	0.00640	0.01074	0.01340	0.01789	0.06199	0.46191	0.04210	0.23568	0.01750	0.00416	0.00519	0.06029	0.00610	0.00555
5	0.03261	0.01237	0.01687	0.01293	0.01856	0.01068	0.01068	0.03543	0.02081	0.70423	0.02868	0.02474	0.01799	0.00900	0.00731	0.00225	0.00619	0.00731	0.00900	0.01237
6	0.01493	0.03462	0.60150	0.02181	0.03171	0.01728	0.10163	0.02282	0.01538	0.02282	0.01309	0.01587	0.00943	0.00705	0.00780	0.00236	0.04045	0.00579	0.00314	0.01052
7	0.02703	0.02000	0.02149	0.01644	0.02229	0.02192	0.01357	0.64334	0.03326	0.04475	0.01723	0.01734	0.01229	0.00857	0.00718	0.00213	0.00787	0.00644	0.00713	0.04976
8	0.00896	0.00643	0.00842	0.00990	0.01043	0.00599	0.00661	0.01027	0.01411	0.01878	0.06240	0.66414	0.07365	0.04988	0.01029	0.00307	0.00428	0.01982	0.00670	0.00589
9	0.01808	0.01561	0.01644	0.01479	0.01890	0.01808	0.01151	0.03863	0.68606	0.03041	0.02959	0.02712	0.02219	0.00986	0.00740	0.00247	0.00575	0.00822	0.00740	0.01151
10	0.00993	0.00742	0.00922	0.00877	0.01064	0.00671	0.00658	0.01302	0.01973	0.02713	0.56358	0.05762	0.20162	0.01561	0.00858	0.00232	0.00348	0.01361	0.00774	0.00671
11	0.03197	0.01251	0.01685	0.01301	0.01857	0.01101	0.01072	0.03557	0.05007	0.67459	0.02872	0.02485	0.01818	0.00903	0.00731	0.00226	0.00617	0.00735	0.00893	0.01233
12	0.01057	0.00705	0.00793	0.00793	0.00793	0.00705	0.00440	0.01057	0.01057	0.01409	0.02290	0.04757	0.02643	0.74454	0.03700	0.00705	0.00705	0.01057	0.00440	0.00440
13	0.01507	0.01292	0.01507	0.01077	0.01723	0.00969	0.00861	0.01830	0.01507	0.02369	0.01292	0.01507	0.01077	0.00538	0.00538	0.00108	0.00538	0.00431	0.00431	0.78898
14	0.01274	0.00797	0.01050	0.00956	0.01170	0.00728	0.00728	0.01610	0.02060	0.10324	0.62219	0.05105	0.06303	0.01422	0.00843	0.00228	0.00373	0.01251	0.00811	0.00746
15	0.02763	0.02036	0.02182	0.01672	0.02254	0.02254	0.01382	0.67496	0.03418	0.04581	0.01745	0.01745	0.01236	0.00873	0.00727	0.00218	0.00800	0.00654	0.00727	0.01236
16	0.01448	0.01397	0.02267	0.49257	0.04063	0.01750	0.05011	0.01853	0.01385	0.01874	0.01218	0.01837	0.00976	0.00847	0.01131	0.00256	0.18598	0.00645	0.00328	0.03859
17	0.02664	0.01432	0.01679	0.01374	0.01867	0.03712	0.01105	0.06522	0.23358	0.40757	0.05543	0.02599	0.02087	0.00945	0.00736	0.00230	0.00625	0.00772	0.00819	0.01173
18	0.01505	0.01397	0.02115	0.24131	0.06252	0.01439	0.08207	0.02020	0.06089	0.02227	0.04591	0.01976	0.01388	0.00742	0.00809	0.00201	0.06297	0.00637	0.00417	0.27560
19	0.01458	0.03760	0.70688	0.02072	0.03146	0.01688	0.02686	0.02302	0.01535	0.02302	0.01304	0.01535	0.00921	0.00691	0.00691	0.00230	0.01074	0.00537	0.00307	0.01074
20	0.01029	0.00743	0.00972	0.00914	0.01086	0.00686	0.00686	0.01372	0.02058	0.02915	0.69536	0.05430	0.06859	0.01486	0.00857	0.00229	0.00343	0.01315	0.00800	0.00686
21	0.02557	0.03132	0.01987	0.01804	0.02185	0.59361	0.01360	0.03070	0.13679	0.01999	0.01444	0.01556	0.01160	0.00790	0.00670	0.00198	0.01182	0.00530	0.00438	0.00896
22	0.02087	0.01636	0.04470	0.04824	0.02118	0.01730	0.01263	0.10136	0.46271	0.13140	0.02678	0.02495	0.01947	0.00938	0.00735	0.00240	0.00643	0.00772	0.00726	0.01153
23	0.01029	0.00743	0.00972	0.00914	0.01086	0.00686	0.00686	0.01372	0.02058	0.02915	0.69536	0.05430	0.06859	0.01486	0.00857	0.00229	0.00343	0.01315	0.00800	0.00686
24	0.01716	0.01961	0.04289	0.03064	0.03799	0.01838	0.67279	0.02328	0.01716	0.02328	0.01471	0.01961	0.01103	0.00613	0.00858	0.00245	0.01225	0.00858	0.00368	0.00980
25	0.01373	0.01292	0.02180	0.72707	0.05006	0.01615	0.02019	0.01857	0.01453	0.01857	0.01292	0.01938	0.00969	0.00727	0.00727	0.00242	0.00969	0.00646	0.00323	0.00807
26	0.01808	0.01561	0.01644	0.01479	0.01890	0.01808	0.01151	0.03863	0.68606	0.03041	0.02959	0.02712	0.02219	0.00986	0.00740	0.00247	0.00575	0.00822	0.00740	0.01151
27	0.00886	0.00633	0.00843	0.01012	0.01054	0.00590	0.00675	0.01012	0.01392	0.01856	0.04006	0.73979	0.04808	0.02277	0.00928	0.00295	0.00422	0.02066	0.00675	0.00590
28	0.00992	0.00742	0.00921	0.00876	0.01064	0.00670	0.00657	0.01301	0.01971	0.02710	0.56143	0.05767	0.20379	0.01563	0.00858	0.00232	0.00348	0.01362	0.00773	0.00670
29	0.01458	0.03760	0.70688	0.02072	0.03146	0.01688	0.02686	0.02302	0.01535	0.02302	0.01304	0.01535	0.00921	0.00691	0.00691	0.00230	0.01074	0.00537	0.00307	0.01074
30	0.03107	0.01271	0.01682	0.01313	0.01859	0.01147	0.01077	0.03576	0.09128	0.63285	0.02877	0.02499	0.01844	0.00909	0.00732	0.00227	0.00614	0.00741	0.00883	0.01228
31	0.01263	0.00631	0.00947	0.00947	0.00947	0.00631	0.00631	0.00947	0.00947	0.01263	0.01263	0.02210	0.01263	0.02525	0.02841	0.78851	0.00631	0.00631	0.00316	0.00316
32	0.70658	0.01479	0.01198	0.01039	0.01504	0.01703	0.00856	0.09734	0.01491	0.03415	0.01097	0.01246	0.00839	0.00698	0.00482	0.00224	0.00590	0.00424	0.00482	0.00839
33	0.00886	0.00633	0.00843	0.01012	0.01054	0.00590	0.00675	0.01012	0.01392	0.01856	0.04006	0.73979	0.04808	0.02277	0.00928	0.00295	0.00422	0.02066	0.00675	0.00590
34	0.00859	0.00736	0.00736	0.00736	0.00982	0.00614	0.00552	0.01043	0.01657	0.01964	0.07364	0.06996	0.69624	0.01841	0.00859	0.00245	0.00368	0.01534	0.00675	0.00614
35	0.01373	0.01292	0.02180	0.72707	0.05006	0.01615	0.02019	0.01857	0.01453	0.01857	0.01292	0.01938	0.00969	0.00727	0.00727	0.00242	0.00969	0.00646	0.00323	0.00807
36	0.01458	0.03760	0.70688	0.02072	0.03146	0.01688	0.02686	0.02302	0.01535	0.02302	0.01304	0.01535	0.00921	0.00691	0.00691	0.00230	0.01074	0.00537	0.00307	0.01074
37	0.01808	0.01561	0.01644	0.01479	0.01890	0.01808	0.01151	0.03863	0.68606	0.03041	0.02959	0.02712	0.02219	0.00986	0.00740	0.00247	0.00575	0.00822	0.00740	0.01151
38	0.01057	0.00705	0.00793	0.00793	0.00793	0.00705	0.00440	0.01057	0.01057	0.01409	0.02290	0.04757	0.02643	0.74454	0.03700	0.00705	0.00705	0.01057	0.00440	0.00440
39	0.01002	0.00742	0.00934	0.00886	0.01069	0.00674	0.00665	0.01320	0.01994	0.02764	0.59694	0.05678	0.16795	0.01542	0.00858	0.00231	0.00347	0.01349	0.00780	0.00674
40	0.01943	0.74891	0.03809	0.01244	0.01866	0.02876	0.01244	0.02177	0.01477	0.01710	0.01011	0.01166	0.00933	0.00622	0.00466	0.00155	0.00777	0.00389	0.00311	0.00933
41	0.01507	0.01292	0.01507	0.01077	0.01723	0.00969	0.00861	0.01830	0.01507	0.02369	0.01292	0.01507	0.01077	0.00538	0.00538	0.00108	0.00538	0.00431	0.00431	0.78898
42	0.01808	0.01561	0.01644	0.01479	0.01890	0.01808	0.01151	0.03863	0.68606	0.03041	0.02959	0.02712	0.02219	0.00986	0.00740	0.00247	0.00575	0.00822	0.00740	0.01151
43	0.01055	0.00711	0.00827	0.00827	0.00839	0.00723	0.00483	0.01079	0.01067	0.01435	0.02259	0.04584	0.02568	0.68194	0.09857	0.00747	0.00817	0.01032	0.00436	0.00459
44	0.02715	0.03464	0.02060	0.01873	0.02247	0.71536	0.01404	0.02903	0.02060	0.01779	0.01124	0.01311	0.00936	0.00749	0.00655	0.00187	0.01311	0.00468	0.00375	0.00843
45	0.01590	0.01590	0.02226	0.01908	0.01908	0.02226	0.01590	0.01749	0.01113	0.01749	0.00954	0.01590	0.00954	0.01272	0.02385	0.00318	0.73123	0.00636	0.00318	0.00795
46	0.01716	0.01961	0.04289	0.03064	0.03799	0.01838	0.67279	0.02328	0.01716	0.02328	0.01471	0.01961	0.01103	0.00613	0.00858	0.00245	0.01225	0.00858	0.00368	0.00980

[dist]
# distance from previous block
# <min> <max>
0	12

[block]
# block no. 3 follows, 28 sequences, length 127
# corresponding to MSA columns:
# 209-335
name=unknown_D
#
# <colnr> <probs for GDERKNQSTAVLIFYWHMCP>
#	G	D	E	R	K	N	Q	S	T	A	V	L	I	F	Y	W	H	M	C	P
0	0.01943	0.74891	0.03809	0.01244	0.01866	0.02876	0.01244	0.02177	0.01477	0.01710	0.01011	0.01166	0.00933	0.00622	0.00466	0.00155	0.00777	0.00389	0.00311	0.00933
1	0.01263	0.00631	0.00947	0.00947	0.00947	0.00631	0.00631	0.00947	0.00947	0.01263	0.01263	0.02210	0.01263	0.02525	0.02841	0.78851	0.00631	0.00631	0.00316	0.00316
2	0.01943	0.74891	0.03809	0.01244	0.01866	0.02876	0.01244	0.02177	0.01477	0.01710	0.01011	0.01166	0.00933	0.00622	0.00466	0.00155	0.00777	0.00389	0.00311	0.00933
3	0.01449	0.01050	0.01248	0.01217	0.01420	0.01087	0.00905	0.19957	0.01976	0.02638	0.03283	0.45535	0.03657	0.04743	0.00988	0.00293	0.00560	0.06542	0.00680	0.00774
4	0.01784	0.01712	0.02923	0.06896	0.67604	0.01723	0.02223	0.02218	0.01648	0.02356	0.01365	0.01804	0.01145	0.00650	0.00720	0.00217	0.00867	0.00648	0.00359	0.01139
5	0.00894	0.00636	0.00841	0.01002	0.01042	0.00596	0.00664	0.01014	0.01376	0.01835	0.03927	0.70786	0.04708	0.05607	0.01056	0.00314	0.00435	0.02020	0.00664	0.00583
6	0.01716	0.01961	0.04289	0.03064	0.03799	0.01838	0.67279	0.02328	0.01716	0.02328	0.01471	0.01961	0.01103	0.00613	0.00858	0.00245	0.01225	0.00858	0.00368	0.00980
7	0.01716	0.01961	0.04289	0.03064	0.03799	0.01838	0.67279	0.02328	0.01716	0.02328	0.01471	0.01961	0.01103	0.00613	0.00858	0.00245	0.01225	0.00858	0.00368	0.00980
8	0.01808	0.01561	0.01644	0.01479	0.01890	0.01808	0.01151	0.03863	0.68606	0.03041	0.02959	0.02712	0.02219	0.00986	0.00740	0.00247	0.00575	0.00822	0.00740	0.01151
9	0.01171	0.00837	0.01171	0.01339	0.01506	0.00837	0.01171	0.01506	0.01673	0.02175	0.03849	0.08199	0.04183	0.02008	0.01004	0.00335	0.00669	0.65027	0.00669	0.00669
10	0.01029	0.00743	0.00972	0.00914	0.01086	0.00686	0.00686	0.01372	0.02058	0.02915	0.69536	0.05430	0.06859	0.01486	0.00857	0.00229	0.00343	0.01315	0.00800	0.00686
11	0.01458	0.03760	0.70688	0.02072	0.03146	0.01688	0.02686	0.02302	0.01535	0.02302	0.01304	0.01535	0.00921	0.00691	0.00691	0.00230	0.01074	0.00537	0.00307	0.01074
12	0.01150	0.00830	0.01142	0.01298	0.01470	0.00821	0.01129	0.01474	0.01672	0.02161	0.04088	0.08117	0.08647	0.01997	0.00994	0.00329	0.00649	0.60696	0.00670	0.00666
13	0.01043	0.00699	0.00797	0.00810	0.00814	0.00696	0.00459	0.01054	0.01084	0.01445	0.02427	0.10268	0.02815	0.68708	0.03479	0.00672	0.00682	0.01137	0.00459	0.00452
14	0.01507	0.01292	0.01507	0.01077	0.01723	0.00969	0.00861	0.01830	0.01507	0.02369	0.01292	0.01507	0.01077	0.00538	0.00538	0.00108	0.00538	0.00431	0.00431	0.78898
15	0.00886	0.00633	0.00843	0.01012	0.01054	0.00590	0.00675	0.01012	0.01392	0.01856	0.04006	0.73979	0.04808	0.02277	0.00928	0.00295	0.00422	0.02066	0.00675	0.00590
16	0.01630	0.01659	0.02310	0.50484	0.16946	0.10807	0.01978	0.02065	0.01571	0.01945	0.01284	0.01829	0.00999	0.00715	0.00716	0.00230	0.00994	0.00623	0.00337	0.00877
17	0.02687	0.01998	0.02138	0.01657	0.02225	0.02219	0.01363	0.62406	0.08632	0.04458	0.01842	0.01823	0.01315	0.00882	0.00728	0.00220	0.00782	0.00668	0.00728	0.01229
18	0.06291	0.01736	0.15109	0.01430	0.02087	0.01214	0.01371	0.03238	0.01937	0.54170	0.02481	0.02234	0.01583	0.00849	0.00711	0.00226	0.00705	0.00678	0.00764	0.01185
19	0.01943	0.74891	0.03809	0.01244	0.01866	0.02876	0.01244	0.02177	0.01477	0.01710	0.01011	0.01166	0.00933	0.00622	0.00466	0.00155	0.00777	0.00389	0.00311	0.00933
20	0.03182	0.01219	0.01661	0.01280	0.01828	0.01055	0.01055	0.03465	0.02080	0.68013	0.05248	0.02580	0.01980	0.00921	0.00736	0.00225	0.00609	0.00752	0.00896	0.01217
21	0.03261	0.01237	0.01687	0.01293	0.01856	0.01068	0.01068	0.03543	0.02081	0.70423	0.02868	0.02474	0.01799	0.00900	0.00731	0.00225	0.00619	0.00731	0.00900	0.01237
22	0.01038	0.00779	0.01168	0.01168	0.01298	0.00909	0.00909	0.01298	0.01168	0.01687	0.01947	0.02856	0.01817	0.05452	0.71573	0.01168	0.01947	0.00779	0.00389	0.00649
23	0.23513	0.02080	0.01715	0.04629	0.02052	0.20072	0.01204	0.16131	0.14108	0.03009	0.01649	0.01868	0.01296	0.00837	0.00644	0.00222	0.00831	0.02641	0.00541	0.00957
24	0.01799	0.01727	0.02950	0.04462	0.69919	0.01727	0.02231	0.02231	0.01655	0.02375	0.01367	0.01799	0.01151	0.00648	0.00720	0.00216	0.00864	0.00648	0.00360	0.01151
25	0.00892	0.00723	0.00791	0.00805	0.01010	0.00623	0.00592	0.01095	0.01689	0.02111	0.17522	0.15894	0.50036	0.01840	0.00868	0.00249	0.00371	0.01569	0.00696	0.00623
26	0.05126	0.01717	0.02333	0.23006	0.20212	0.01910	0.01759	0.29268	0.02313	0.03177	0.01489	0.01793	0.01119	0.00765	0.00714	0.00225	0.00856	0.00640	0.00505	0.01072
27	0.57023	0.01356	0.01251	0.01056	0.01539	0.01464	0.00870	0.02552	0.01486	0.23117	0.01561	0.01563	0.01086	0.00741	0.00533	0.00225	0.00579	0.00493	0.00583	0.00920
28	0.01171	0.00837	0.01171	0.01339	0.01506	0.00837	0.01171	0.01506	0.01673	0.02175	0.03849	0.08199	0.04183	0.02008	0.01004	0.00335	0.00669	0.65027	0.00669	0.00669
29	0.00892	0.00638	0.00850	0.01008	0.01056	0.00595	0.00675	0.01029	0.01423	0.01906	0.07100	0.70743	0.04905	0.02240	0.00924	0.00292	0.00418	0.02031	0.00681	0.00595
30	0.02786	0.02000	0.02159	0.01655	0.02236	0.02201	0.01368	0.64626	0.03358	0.07536	0.01796	0.01778	0.01261	0.00874	0.00727	0.00218	0.00792	0.00658	0.00735	0.01236
31	0.01853	0.01584	0.01669	0.01488	0.01907	0.01829	0.01161	0.06867	0.65528	0.03113	0.02901	0.02666	0.02173	0.00981	0.00739	0.00245	0.00586	0.00814	0.00739	0.01155
32	0.00886	0.00633	0.00843	0.01012	0.01054	0.00590	0.00675	0.01012	0.01392	0.01856	0.04006	0.73979	0.04808	0.02277	0.00928	0.00295	0.00422	0.02066	0.00675	0.00590
33	0.79588	0.01406	0.01068	0.00956	0.01406	0.01631	0.00787	0.02137	0.01237	0.03261	0.01012	0.01181	0.00787	0.00675	0.00450	0.00225	0.00562	0.00394	0.00450	0.00787
34	0.01943	0.74891	0.03809	0.01244	0.01866	0.02876	0.01244	0.02177	0.01477	0.01710	0.01011	0.01166	0.00933	0.00622	0.00466	0.00155	0.00777	0.00389	0.00311	0.00933
35	0.01507	0.01292	0.01507	0.01077	0.01723	0.00969	0.00861	0.01830	0.01507	0.02369	0.01292	0.01507	0.01077	0.00538	0.00538	0.00108	0.00538	0.00431	0.00431	0.78898
36	0.01054	0.00717	0.00853	0.00853	0.00874	0.00737	0.00516	0.01096	0.01075	0.01454	0.02235	0.04451	0.02510	0.63370	0.14603	0.00779	0.00904	0.01012	0.00432	0.00474
37	0.01808	0.01561	0.01644	0.01479	0.01890	0.01808	0.01151	0.03863	0.68606	0.03041	0.02959	0.02712	0.02219	0.00986	0.00740	0.00247	0.00575	0.00822	0.00740	0.01151
38	0.01373	0.01292	0.02180	0.72707	0.05006	0.01615	0.02019	0.01857	0.01453	0.01857	0.01292	0.01938	0.00969	0.00727	0.00727	0.00242	0.00969	0.00646	0.00323	0.00807
39	0.00862	0.00725	0.00748	0.00766	0.00990	0.00611	0.00566	0.01040	0.01628	0.01952	0.06998	0.14292	0.62564	0.01888	0.00867	0.00251	0.00374	0.01592	0.00675	0.00611
40	0.00866	0.00737	0.00745	0.00743	0.00986	0.00616	0.00557	0.01056	0.01672	0.02000	0.09761	0.06935	0.67204	0.01827	0.00859	0.00245	0.00367	0.01526	0.00680	0.00616
41	0.02725	0.02017	0.02160	0.01665	0.02240	0.02236	0.01372	0.64951	0.06024	0.04520	0.01794	0.01784	0.01275	0.00877	0.00728	0.00219	0.00791	0.00661	0.00728	0.01233
42	0.01507	0.01292	0.01507	0.01077	0.01723	0.00969	0.00861	0.01830	0.01507	0.02369	0.01292	0.01507	0.01077	0.00538	0.00538	0.00108	0.00538	0.00431	0.00431	0.78898
43	0.01799	0.01727	0.02950	0.04462	0.69919	0.01727	0.02231	0.02231	0.01655	0.02375	0.01367	0.01799	0.01151	0.00648	0.00720	0.00216	0.00864	0.00648	0.00360	0.01151
44	0.01475	0.06189	0.68404	0.02044	0.03102	0.01729	0.02636	0.02298	0.01533	0.02282	0.01294	0.01522	0.00921	0.00688	0.00683	0.00228	0.01064	0.00532	0.00307	0.01069
45	0.01038	0.00779	0.01168	0.01168	0.01298	0.00909	0.00909	0.01298	0.01168	0.01687	0.01947	0.02856	0.01817	0.05452	0.71573	0.01168	0.01947	0.00779	0.00389	0.00649
46	0.01700	0.01929	0.04190	0.06350	0.03856	0.01828	0.64200	0.02306	0.01703	0.02306	0.01462	0.01960	0.01097	0.00618	0.00852	0.00245	0.01213	0.00848	0.00366	0.00972
47	0.09839	0.02130	0.02043	0.01623	0.02161	0.10467	0.01320	0.51286	0.05539	0.04065	0.01649	0.01678	0.01196	0.00844	0.00693	0.00216	0.00830	0.00614	0.00660	0.01144
48	0.01057	0.00705	0.00793	0.00793	0.00793	0.00705	0.00440	0.01057	0.01057	0.01409	0.02290	0.04757	0.02643	0.74454	0.03700	0.00705	0.00705	0.01057	0.00440	0.00440
49	0.01389	0.01324	0.02280	0.69420	0.04949	0.01626	0.05098	0.01879	0.01466	0.01879	0.01300	0.01939	0.00975	0.00721	0.00733	0.00242	0.00981	0.00656	0.00325	0.00816
50	0.00859	0.00736	0.00736	0.00736	0.00982	0.00614	0.00552	0.01043	0.01657	0.01964	0.07364	0.06996	0.69624	0.01841	0.00859	0.00245	0.00368	0.01534	0.00675	0.00614
51	0.79588	0.01406	0.01068	0.00956	0.01406	0.01631	0.00787	0.02137	0.01237	0.03261	0.01012	0.01181	0.00787	0.00675	0.00450	0.00225	0.00562	0.00394	0.00450	0.00787
52	0.02761	0.02099	0.02176	0.01681	0.02254	0.05323	0.01383	0.64634	0.03358	0.04457	0.01718	0.01726	0.01223	0.00867	0.00724	0.00217	0.00823	0.00646	0.00712	0.01219
53	0.01974	0.64696	0.07920	0.01346	0.01977	0.08256	0.01348	0.02242	0.01527	0.01753	0.01038	0.01201	0.00932	0.00636	0.00496	0.00163	0.00839	0.00404	0.00316	0.00935
54	0.79588	0.01406	0.01068	0.00956	0.01406	0.01631	0.00787	0.02137	0.01237	0.03261	0.01012	0.01181	0.00787	0.00675	0.00450	0.00225	0.00562	0.00394	0.00450	0.00787
55	0.02717	0.03413	0.02064	0.01866	0.02247	0.69064	0.01404	0.05207	0.02108	0.01879	0.01146	0.01326	0.00947	0.00753	0.00658	0.00188	0.01293	0.00475	0.00387	0.00857
56	0.00904	0.00643	0.00846	0.00993	0.01038	0.00603	0.00659	0.01032	0.01399	0.01874	0.06911	0.66044	0.04753	0.07217	0.01116	0.00320	0.00438	0.01962	0.00664	0.00584
57	0.01700	0.01931	0.04195	0.06189	0.03853	0.01828	0.64351	0.02307	0.01704	0.02307	0.01463	0.01960	0.01097	0.00618	0.00852	0.00245	0.01214	0.00848	0.00366	0.00973
58	0.79588	0.01406	0.01068	0.00956	0.01406	0.01631	0.00787	0.02137	0.01237	0.03261	0.01012	0.01181	0.00787	0.00675	0.00450	0.00225	0.00562	0.00394	0.00450	0.00787
59	0.01029	0.00743	0.00972	0.00914	0.01086	0.00686	0.00686	0.01372	0.02058	0.02915	0.69536	0.05430	0.06859	0.01486	0.00857	0.00229	0.00343	0.01315	0.00800	0.00686
60	0.79588	0.01406	0.01068	0.00956	0.01406	0.01631	0.00787	0.02137	0.01237	0.03261	0.01012	0.01181	0.00787	0.00675	0.00450	0.00225	0.00562	0.00394	0.00450	0.00787
61	0.00882	0.00647	0.00829	0.00974	0.01044	0.00594	0.00658	0.01016	0.01428	0.01870	0.04467	0.64785	0.13705	0.02217	0.00918	0.00288	0.00414	0.01993	0.00675	0.00594
62	0.01057	0.00705	0.00793	0.00793	0.00793	0.00705	0.00440	0.01057	0.01057	0.01409	0.02290	0.04757	0.02643	0.74454	0.03700	0.00705	0.00705	0.01057	0.00440	0.00440
63	0.00902	0.00738	0.00796	0.00782	0.01008	0.00632	0.00586	0.01127	0.01759	0.02205	0.23155	0.06598	0.53683	0.01751	0.00859	0.00241	0.00362	0.01478	0.00707	0.00632
64	0.06326	0.02933	0.02032	0.01764	0.02198	0.47906	0.01361	0.19764	0.04513	0.02621	0.01340	0.01463	0.01049	0.00785	0.00667	0.00199	0.01118	0.00525	0.00482	0.00953
65	0.01665	0.01124	0.01336	0.01152	0.01470	0.01138	0.00902	0.13391	0.10641	0.10529	0.40030	0.04181	0.06893	0.01265	0.00806	0.00229	0.00482	0.01082	0.00786	0.00897
66	0.01522	0.03692	0.65586	0.02093	0.03126	0.04827	0.04595	0.02330	0.01564	0.02279	0.01301	0.01538	0.00927	0.00691	0.00694	0.00229	0.01089	0.00544	0.00312	0.01061
67	0.01507	0.01292	0.01507	0.01077	0.01723	0.00969	0.00861	0.01830	0.01507	0.02369	0.01292	0.01507	0.01077	0.00538	0.00538	0.00108	0.00538	0.00431	0.00431	0.78898
68	0.01684	0.01850	0.05453	0.35942	0.16656	0.12844	0.04123	0.02193	0.04782	0.02042	0.01634	0.02053	0.04102	0.00771	0.00723	0.00228	0.00972	0.00668	0.00374	0.00905
69	0.01845	0.01580	0.01664	0.01487	0.01904	0.01825	0.01159	0.06312	0.66096	0.03100	0.02912	0.02675	0.02181	0.00982	0.00739	0.00245	0.00584	0.00815	0.00739	0.01154
70	0.79588	0.01406	0.01068	0.00956	0.01406	0.01631	0.00787	0.02137	0.01237	0.03261	0.01012	0.01181	0.00787	0.00675	0.00450	0.00225	0.00562	0.00394	0.00450	0.00787
71	0.01646	0.01689	0.02298	0.01951	0.01996	0.05322	0.04111	0.01823	0.01179	0.01773	0.00982	0.01592	0.00959	0.01223	0.02249	0.00309	0.67133	0.00637	0.00323	0.00804
72	0.00895	0.00640	0.00855	0.01023	0.01070	0.00599	0.00692	0.01029	0.01401	0.01867	0.04001	0.71724	0.04786	0.02268	0.00930	0.00297	0.00430	0.04225	0.00675	0.00593
73	0.01005	0.00742	0.00939	0.00890	0.01072	0.00676	0.00667	0.01327	0.02002	0.02784	0.60983	0.05645	0.15493	0.01535	0.00858	0.00231	0.00346	0.01345	0.00783	0.00676
74	0.01029	0.00743	0.00972	0.00914	0.01086	0.00686	0.00686	0.01372	0.02058	0.02915	0.69536	0.05430	0.06859	0.01486	0.00857	0.00229	0.00343	0.01315	0.00800	0.00686
75	0.00958	0.00685	0.00925	0.01083	0.01160	0.00652	0.00790	0.01143	0.01488	0.01979	0.07064	0.55598	0.04761	0.02178	0.00942	0.00301	0.00475	0.16526	0.00679	0.00613
76	0.02696	0.01984	0.02127	0.01638	0.02197	0.02193	0.01345	0.64891	0.03325	0.04457	0.01767	0.01863	0.01291	0.03757	0.00844	0.00237	0.00796	0.00670	0.00716	0.01205
77	0.01333	0.00680	0.00680	0.00680	0.00853	0.00675	0.00510	0.01665	0.01530	0.02677	0.02592	0.02900	0.04865	0.00891	0.00524	0.00173	0.00340	0.00715	0.75042	0.00675
78	0.00971	0.00741	0.00892	0.00854	0.01051	0.00661	0.00641	0.01260	0.01922	0.02593	0.48476	0.05960	0.28120	0.01606	0.00858	0.00234	0.00351	0.01389	0.00758	0.00661
79	0.01568	0.19822	0.55586	0.01885	0.02857	0.01956	0.02360	0.02274	0.01522	0.02168	0.01238	0.01451	0.00924	0.00675	0.00640	0.00213	0.01007	0.00504	0.00308	0.01042
80	0.53012	0.12778	0.01671	0.01178	0.01638	0.15442	0.00976	0.02292	0.01433	0.02741	0.01034	0.01204	0.00838	0.00681	0.00492	0.00207	0.00740	0.00407	0.00414	0.00820
81	0.08941	0.01985	0.02092	0.01615	0.02186	0.02204	0.01334	0.62240	0.03242	0.04475	0.01686	0.01700	0.01200	0.00857	0.00705	0.00219	0.00781	0.00633	0.00705	0.01200
82	0.01507	0.01292	0.01507	0.01077	0.01723	0.00969	0.00861	0.01830	0.01507	0.02369	0.01292	0.01507	0.01077	0.00538	0.00538	0.00108	0.00538	0.00431	0.00431	0.78898
83	0.03261	0.01237	0.01687	0.01293	0.01856	0.01068	0.01068	0.03543	0.02081	0.70423	0.02868	0.02474	0.01799	0.00900	0.00731	0.00225	0.00619	0.00731	0.00900	0.01237
84	0.02962	0.12275	0.02009	0.01299	0.01856	0.01389	0.01104	0.06278	0.02021	0.54599	0.02504	0.02258	0.01644	0.01018	0.03204	0.00248	0.00698	0.00678	0.00785	0.01171
85	0.01373	0.01292	0.02180	0.72707	0.05006	0.01615	0.02019	0.01857	0.01453	0.01857	0.01292	0.01938	0.00969	0.00727	0.00727	0.00242	0.00969	0.00646	0.00323	0.00807
86	0.03261	0.01237	0.01687	0.01293	0.01856	0.01068	0.01068	0.03543	0.02081	0.70423	0.02868	0.02474	0.01799	0.00900	0.00731	0.00225	0.00619	0.00731	0.00900	0.01237
87	0.79588	0.01406	0.01068	0.00956	0.01406	0.01631	0.00787	0.02137	0.01237	0.03261	0.01012	0.01181	0.00787	0.00675	0.00450	0.00225	0.00562	0.00394	0.00450	0.00787
88	0.00859	0.00736	0.00736	0.00736	0.00982	0.00614	0.00552	0.01043	0.01657	0.01964	0.07364	0.06996	0.69624	0.01841	0.00859	0.00245	0.00368	0.01534	0.00675	0.00614
89	0.01542	0.01532	0.02239	0.08881	0.02248	0.02078	0.04124	0.01749	0.01182	0.01787	0.01144	0.04887	0.01134	0.01238	0.02098	0.00307	0.59987	0.00710	0.00336	0.00794
90	0.04502	0.05532	0.52195	0.02105	0.03046	0.01701	0.12638	0.02253	0.01574	0.02352	0.04458	0.01756	0.01219	0.00712	0.00708	0.00230	0.01035	0.00613	0.00345	0.01026
91	0.79588	0.01406	0.01068	0.00956	0.01406	0.01631	0.00787	0.02137	0.01237	0.03261	0.01012	0.01181	0.00787	0.00675	0.00450	0.00225	0.00562	0.00394	0.00450	0.00787
92	0.01842	0.60001	0.17809	0.01417	0.02134	0.02628	0.01546	0.02203	0.01489	0.01834	0.01072	0.01243	0.00930	0.00636	0.00513	0.00171	0.00840	0.00420	0.00310	0.00962
93	0.01442	0.03645	0.68029	0.02028	0.03068	0.01650	0.02609	0.02267	0.01555	0.02325	0.03907	0.01683	0.01147	0.00721	0.00697	0.00230	0.01046	0.00567	0.00326	0.01059
94	0.00886	0.00633	0.00843	0.01012	0.01054	0.00590	0.00675	0.01012	0.01392	0.01856	0.04006	0.73979	0.04808	0.02277	0.00928	0.00295	0.00422	0.02066	0.00675	0.00590
95	0.00946	0.00730	0.00869	0.00889	0.01071	0.00652	0.00667	0.01187	0.01753	0.02289	0.27832	0.17315	0.32544	0.01803	0.00881	0.00255	0.00392	0.06570	0.00717	0.00639
96	0.01468	0.03691	0.68155	0.02110	0.03171	0.01694	0.05149	0.02303	0.01542	0.02303	0.01311	0.01551	0.00928	0.00688	0.00697	0.00231	0.01080	0.00549	0.00309	0.01071
97	0.00859	0.00736	0.00736	0.00736	0.00982	0.00614	0.00552	0.01043	0.01657	0.01964	0.07364	0.06996	0.69624	0.01841	0.00859	0.00245	0.00368	0.01534	0.00675	0.00614
98	0.02649	0.09635	0.02211	0.01818	0.02214	0.65604	0.01391	0.02840	0.02010	0.01773	0.01114	0.01298	0.00936	0.00738	0.00639	0.00185	0.01265	0.00461	0.00369	0.00850
99	0.79588	0.01406	0.01068	0.00956	0.01406	0.01631	0.00787	0.02137	0.01237	0.03261	0.01012	0.01181	0.00787	0.00675	0.00450	0.00225	0.00562	0.00394	0.00450	0.00787
100	0.01484	0.03581	0.64066	0.02171	0.03211	0.01703	0.09127	0.02305	0.01553	0.02305	0.01321	0.01577	0.00939	0.00683	0.00707	0.00232	0.01089	0.00569	0.00313	0.01065
101	0.04582	0.01551	0.02225	0.44282	0.18732	0.07165	0.01886	0.02062	0.03560	0.02059	0.01572	0.02050	0.03729	0.00761	0.00714	0.00232	0.00922	0.00663	0.00366	0.00888
102	0.00902	0.00645	0.00861	0.01019	0.01072	0.00604	0.00693	0.01046	0.01432	0.01916	0.07024	0.68483	0.04880	0.02231	0.00927	0.00294	0.00427	0.04265	0.00680	0.00598
103	0.01954	0.65357	0.06309	0.01454	0.05074	0.06017	0.01353	0.02218	0.01515	0.01767	0.01044	0.01217	0.00943	0.00632	0.00496	0.00163	0.00818	0.00410	0.00316	0.00944
104	0.76484	0.04344	0.01178	0.00967	0.01424	0.01680	0.00805	0.02138	0.01247	0.03199	0.01012	0.01180	0.00793	0.00673	0.00451	0.00222	0.00571	0.00393	0.00444	0.00793
105	0.00983	0.00760	0.00900	0.00877	0.01073	0.00691	0.00653	0.01311	0.04116	0.02497	0.39994	0.10989	0.29190	0.01656	0.00859	0.00240	0.00366	0.01433	0.00744	0.00668
106	0.07468	0.52344	0.03203	0.01328	0.01914	0.07376	0.01237	0.11300	0.01790	0.04574	0.01184	0.01302	0.00995	0.00678	0.00523	0.00173	0.00797	0.00443	0.00403	0.00969
107	0.06204	0.04435	0.02143	0.01610	0.02173	0.02211	0.01331	0.57213	0.08431	0.04301	0.01783	0.01776	0.01283	0.00864	0.00707	0.00219	0.00770	0.00647	0.00701	0.01198
108	0.01458	0.03760	0.70688	0.02072	0.03146	0.01688	0.02686	0.02302	0.01535	0.02302	0.01304	0.01535	0.00921	0.00691	0.00691	0.00230	0.01074	0.00537	0.00307	0.01074
109	0.10679	0.01303	0.01515	0.01281	0.01726	0.01334	0.01021	0.03228	0.24935	0.31879	0.07519	0.06003	0.02339	0.01012	0.00722	0.00236	0.00569	0.00831	0.00778	0.01089
110	0.03162	0.01215	0.01655	0.01277	0.01822	0.01051	0.01051	0.03446	0.02080	0.67432	0.05821	0.02605	0.02023	0.00926	0.00737	0.00225	0.00606	0.00757	0.00895	0.01213
111	0.03084	0.01198	0.01630	0.01263	0.01794	0.01038	0.01038	0.03370	0.02079	0.65059	0.08165	0.02709	0.02201	0.00946	0.00741	0.00225	0.00597	0.00777	0.00892	0.01193
112	0.01646	0.01844	0.03973	0.05605	0.03658	0.01745	0.60224	0.02221	0.01683	0.02278	0.01637	0.06872	0.01350	0.00731	0.00858	0.00248	0.01161	0.00932	0.00387	0.00947
113	0.01717	0.01643	0.02802	0.17603	0.57420	0.01706	0.02190	0.02159	0.01616	0.02275	0.01353	0.01826	0.01116	0.00663	0.00721	0.00221	0.00884	0.00647	0.00353	0.01085
114	0.00886	0.00633	0.00843	0.01012	0.01054	0.00590	0.00675	0.01012	0.01392	0.01856	0.04006	0.73979	0.04808	0.02277	0.00928	0.00295	0.00422	0.02066	0.00675	0.00590
115	0.01373	0.01292	0.02180	0.72707	0.05006	0.01615	0.02019	0.01857	0.01453	0.01857	0.01292	0.01938	0.00969	0.00727	0.00727	0.00242	0.00969	0.00646	0.00323	0.00807
116	0.79588	0.01406	0.01068	0.00956	0.01406	0.01631	0.00787	0.02137	0.01237	0.03261	0.01012	0.01181	0.00787	0.00675	0.00450	0.00225	0.00562	0.00394	0.00450	0.00787
117	0.01612	0.01596	0.02232	0.45060	0.06937	0.08158	0.03916	0.04315	0.01560	0.02007	0.01261	0.01797	0.00993	0.00779	0.00909	0.00235	0.09554	0.00621	0.00352	0.06105
118	0.02156	0.00992	0.01333	0.01106	0.01474	0.00879	0.00879	0.02467	0.02069	0.36991	0.35883	0.03938	0.04305	0.01190	0.00794	0.00227	0.00482	0.01020	0.00850	0.00964
119	0.79588	0.01406	0.01068	0.00956	0.01406	0.01631	0.00787	0.02137	0.01237	0.03261	0.01012	0.01181	0.00787	0.00675	0.00450	0.00225	0.00562	0.00394	0.00450	0.00787
120	0.01808	0.01561	0.01644	0.01479	0.01890	0.01808	0.01151	0.03863	0.68606	0.03041	0.02959	0.02712	0.02219	0.00986	0.00740	0.00247	0.00575	0.00822	0.00740	0.01151
121	0.01851	0.01423	0.01523	0.01313	0.01688	0.01558	0.01015	0.18912	0.30383	0.05437	0.03202	0.03386	0.11900	0.11704	0.01182	0.00305	0.00621	0.00915	0.00690	0.00994
122	0.01029	0.00743	0.00972	0.00914	0.01086	0.00686	0.00686	0.01372	0.02058	0.02915	0.69536	0.05430	0.06859	0.01486	0.00857	0.00229	0.00343	0.01315	0.00800	0.00686
123	0.01808	0.01569	0.01705	0.01620	0.05102	0.01804	0.01202	0.03786	0.65445	0.03009	0.02883	0.02669	0.02169	0.00970	0.00739	0.00245	0.00589	0.00814	0.00722	0.01151
124	0.01010	0.00742	0.00946	0.00895	0.01075	0.00678	0.00671	0.01336	0.02014	0.02811	0.62763	0.05600	0.13696	0.01525	0.00858	0.00230	0.00346	0.01339	0.00787	0.00678
125	0.01799	0.01727	0.02950	0.04462	0.69919	0.01727	0.02231	0.02231	0.01655	0.02375	0.01367	0.01799	0.01151	0.00648	0.00720	0.00216	0.00864	0.00648	0.00360	0.01151
126	0.00972	0.00705	0.00917	0.00940	0.01070	0.00650	0.00676	0.01233	0.01810	0.02507	0.44118	0.29023	0.09119	0.01774	0.00882	0.00252	0.00371	0.01583	0.00751	0.00650

[dist]
# distance from previous block
# <min> <max>
5	9

[block]
# block no. 4 follows, 28 sequences, length 208
# corresponding to MSA columns:
# 345-366,370-555
name=unknown_E
#
# <colnr> <probs for GDERKNQSTAVLIFYWHMCP>
#	G	D	E	R	K	N	Q	S	T	A	V	L	I	F	Y	W	H	M	C	P
0	0.02750	0.04641	0.02224	0.01644	0.02227	0.02237	0.01366	0.62994	0.03303	0.06683	0.01756	0.01749	0.01244	0.00864	0.00718	0.00216	0.00793	0.00647	0.00718	0.01225
1	0.26107	0.01752	0.01634	0.01381	0.01807	0.08520	0.01114	0.24684	0.07303	0.03315	0.01564	0.01745	0.01215	0.01305	0.08153	0.00322	0.03599	0.00582	0.02941	0.00957
2	0.00930	0.00735	0.00854	0.00872	0.01052	0.00679	0.00646	0.01125	0.01543	0.01954	0.10741	0.12561	0.40204	0.07850	0.12134	0.00431	0.00654	0.03800	0.00623	0.00612
3	0.01488	0.01450	0.02575	0.52427	0.15819	0.01662	0.10257	0.01980	0.01521	0.02004	0.01327	0.01917	0.01017	0.00699	0.00742	0.00238	0.00983	0.00673	0.00335	0.00887
4	0.01468	0.03699	0.68661	0.02143	0.05144	0.01689	0.02672	0.02300	0.01538	0.02304	0.01306	0.01543	0.00928	0.00689	0.00691	0.00230	0.01068	0.00540	0.00309	0.01077
5	0.01029	0.00743	0.00972	0.00914	0.01086	0.00686	0.00686	0.01372	0.02058	0.02915	0.69536	0.05430	0.06859	0.01486	0.00857	0.00229	0.00343	0.01315	0.00800	0.00686
6	0.01913	0.06342	0.02900	0.03970	0.58032	0.09822	0.02076	0.02305	0.01691	0.02266	0.01318	0.01705	0.01113	0.00658	0.00697	0.00209	0.00910	0.00611	0.00359	0.01103
7	0.00888	0.00649	0.00836	0.00977	0.01047	0.00596	0.00661	0.01028	0.01446	0.01905	0.06705	0.63768	0.12425	0.02199	0.00917	0.00287	0.00413	0.01978	0.00679	0.00596
8	0.01554	0.01320	0.01532	0.01099	0.01742	0.01017	0.00881	0.04281	0.01579	0.02451	0.01309	0.01516	0.01083	0.00551	0.00545	0.00112	0.00548	0.00439	0.00442	0.75999
9	0.01373	0.01292	0.02180	0.72707	0.05006	0.01615	0.02019	0.01857	0.01453	0.01857	0.01292	0.01938	0.00969	0.00727	0.00727	0.00242	0.00969	0.00646	0.00323	0.00807
10	0.04681	0.18679	0.53792	0.01852	0.02806	0.01937	0.02306	0.02269	0.01511	0.02215	0.01231	0.01443	0.00918	0.00675	0.00634	0.00214	0.00991	0.00500	0.00313	0.01033
11	0.01025	0.00747	0.01045	0.01050	0.01160	0.00805	0.00775	0.01250	0.01347	0.01903	0.15387	0.10457	0.03207	0.14333	0.41195	0.00834	0.01308	0.01047	0.00504	0.00620
12	0.00859	0.00736	0.00736	0.00736	0.00982	0.00614	0.00552	0.01043	0.01657	0.01964	0.07364	0.06996	0.69624	0.01841	0.00859	0.00245	0.00368	0.01534	0.00675	0.00614
13	0.01752	0.01679	0.02865	0.12047	0.62705	0.01715	0.02207	0.02189	0.01633	0.02317	0.01359	0.01815	0.01131	0.00656	0.00720	0.00219	0.00875	0.00647	0.00356	0.01113
14	0.00886	0.00633	0.00843	0.01012	0.01054	0.00590	0.00675	0.01012	0.01392	0.01856	0.04006	0.73979	0.04808	0.02277	0.00928	0.00295	0.00422	0.02066	0.00675	0.00590
15	0.02763	0.02036	0.02182	0.01672	0.02254	0.02254	0.01382	0.67496	0.03418	0.04581	0.01745	0.01745	0.01236	0.00873	0.00727	0.00218	0.00800	0.00654	0.00727	0.01236
16	0.01507	0.01292	0.01507	0.01077	0.01723	0.00969	0.00861	0.01830	0.01507	0.02369	0.01292	0.01507	0.01077	0.00538	0.00538	0.00108	0.00538	0.00431	0.00431	0.78898
17	0.00896	0.00741	0.00787	0.00785	0.01017	0.00633	0.00595	0.01109	0.01716	0.02111	0.16340	0.06811	0.57970	0.01795	0.00864	0.00246	0.00376	0.03888	0.00693	0.00626
18	0.02723	0.01965	0.02119	0.01630	0.02192	0.02163	0.01340	0.63146	0.03294	0.06670	0.01801	0.01870	0.01302	0.03330	0.00827	0.00235	0.00791	0.00670	0.00723	0.01210
19	0.02600	0.01953	0.02121	0.04488	0.02323	0.02178	0.01381	0.57709	0.10680	0.04299	0.01864	0.01862	0.01336	0.00880	0.00729	0.00222	0.00781	0.00673	0.00712	0.01209
20	0.02928	0.01334	0.01694	0.01346	0.01876	0.01269	0.01097	0.05744	0.16617	0.53550	0.02850	0.02502	0.01872	0.00918	0.00733	0.00229	0.00615	0.00748	0.00859	0.01218
21	0.00947	0.00791	0.00832	0.00813	0.01057	0.00702	0.00612	0.01278	0.06054	0.02183	0.16886	0.06471	0.55361	0.01730	0.00851	0.00243	0.00378	0.01453	0.00699	0.00660
22	0.00859	0.00736	0.00736	0.00736	0.00982	0.00614	0.00552	0.01043	0.01657	0.01964	0.07364	0.06996	0.69624	0.01841	0.00859	0.00245	0.00368	0.01534	0.00675	0.00614
23	0.01507	0.01292	0.01507	0.01077	0.01723	0.00969	0.00861	0.01830	0.01507	0.02369	0.01292	0.01507	0.01077	0.00538	0.00538	0.00108	0.00538	0.00431	0.00431	0.78898
24	0.01590	0.01590	0.02226	0.01908	0.01908	0.02226	0.01590	0.01749	0.01113	0.01749	0.00954	0.01590	0.00954	0.01272	0.02385	0.00318	0.73123	0.00636	0.00318	0.00795
25	0.01644	0.01593	0.02333	0.37830	0.24140	0.05895	0.01926	0.02311	0.10845	0.02174	0.01535	0.01965	0.01195	0.00740	0.00722	0.00232	0.00903	0.00660	0.00395	0.00962
26	0.01787	0.01412	0.01570	0.01445	0.01813	0.01579	0.01156	0.09436	0.43622	0.05375	0.03060	0.06503	0.02610	0.01231	0.00799	0.00263	0.00612	0.13958	0.00727	0.01042
27	0.01578	0.01315	0.01618	0.01159	0.01805	0.01005	0.03363	0.01910	0.01536	0.04799	0.01355	0.01559	0.01103	0.00554	0.00557	0.00117	0.00567	0.00457	0.00445	0.73197
28	0.02004	0.66784	0.06157	0.01300	0.01927	0.05331	0.01297	0.02260	0.01524	0.04332	0.01096	0.01235	0.00965	0.00640	0.00492	0.00162	0.00802	0.00410	0.00335	0.00946
29	0.79588	0.01406	0.01068	0.00956	0.01406	0.01631	0.00787	0.02137	0.01237	0.03261	0.01012	0.01181	0.00787	0.00675	0.00450	0.00225	0.00562	0.00394	0.00450	0.00787
30	0.01566	0.01527	0.02347	0.42344	0.03843	0.03975	0.06735	0.05037	0.01492	0.01991	0.01228	0.01815	0.00987	0.00877	0.01193	0.00261	0.20944	0.00654	0.00346	0.00839
31	0.00999	0.00746	0.01013	0.01073	0.01180	0.00706	0.02908	0.03441	0.01551	0.02077	0.11289	0.56011	0.07824	0.04293	0.00993	0.00294	0.00459	0.01836	0.00673	0.00633
32	0.02118	0.01447	0.01625	0.01394	0.01810	0.01555	0.01097	0.19016	0.27904	0.14904	0.02970	0.13728	0.04820	0.01177	0.00769	0.00243	0.00607	0.00986	0.00752	0.01079
33	0.01773	0.01701	0.02904	0.08580	0.66002	0.01720	0.02218	0.02208	0.01643	0.02344	0.01363	0.01807	0.01140	0.00652	0.00720	0.00217	0.00870	0.00648	0.00358	0.01131
34	0.01774	0.01527	0.01614	0.01462	0.01859	0.01763	0.01133	0.03756	0.66098	0.02997	0.02998	0.05372	0.02316	0.01034	0.00747	0.00248	0.00570	0.00868	0.00737	0.01130
35	0.79588	0.01406	0.01068	0.00956	0.01406	0.01631	0.00787	0.02137	0.01237	0.03261	0.01012	0.01181	0.00787	0.00675	0.00450	0.00225	0.00562	0.00394	0.00450	0.00787
36	0.01038	0.00779	0.01168	0.01168	0.01298	0.00909	0.00909	0.01298	0.01168	0.01687	0.01947	0.02856	0.01817	0.05452	0.71573	0.01168	0.01947	0.00779	0.00389	0.00649
37	0.01020	0.00736	0.00964	0.00920	0.01084	0.00680	0.00685	0.01350	0.02017	0.02851	0.65581	0.09567	0.06735	0.01534	0.00862	0.00233	0.00348	0.01360	0.00793	0.00680
38	0.01784	0.01712	0.02923	0.06900	0.67600	0.01723	0.02223	0.02218	0.01648	0.02356	0.01365	0.01804	0.01145	0.00650	0.00720	0.00217	0.00867	0.00648	0.00359	0.01139
