[name]
unknown

[dist]
# distance from previous block
# <min> <max>
0	51

[block]
# block no. 0 follows, 29 sequences, length 24
# corresponding to MSA columns:
# 51-74
name=unknown_A
#
# <colnr> <probs for GDERKNQSTAVLIFYWHMCP>
#	G	D	E	R	K	N	Q	S	T	A	V	L	I	F	Y	W	H	M	C	P
0	0.01096	0.00791	0.01084	0.01237	0.01393	0.00778	0.01054	0.01392	0.01607	0.02082	0.04010	0.15420	0.08431	0.01986	0.00966	0.00318	0.00609	0.54445	0.00657	0.00643
1	0.01004	0.01367	0.18014	0.01245	0.01533	0.00841	0.01142	0.01300	0.01397	0.01924	0.03279	0.56701	0.03781	0.01852	0.00852	0.00274	0.00569	0.01659	0.00573	0.00694
2	0.01108	0.00967	0.01698	0.01530	0.01755	0.00913	0.17148	0.01378	0.01482	0.01978	0.03296	0.46874	0.03733	0.01794	0.00903	0.00283	0.00641	0.11252	0.00587	0.00683
3	0.00861	0.00644	0.00801	0.00926	0.01015	0.00584	0.00632	0.00999	0.01427	0.01844	0.04727	0.58006	0.20696	0.02127	0.00892	0.00277	0.00400	0.01897	0.00661	0.00584
4	0.00985	0.00743	0.00840	0.00814	0.01039	0.00646	0.00619	0.01223	0.01765	0.04591	0.27341	0.06240	0.45363	0.01664	0.00841	0.00237	0.00370	0.03323	0.00708	0.00647
5	0.10324	0.01831	0.18579	0.01420	0.02083	0.01249	0.01406	0.03038	0.01826	0.47573	0.02257	0.02074	0.01455	0.00810	0.00679	0.00222	0.00709	0.00637	0.00696	0.01130
6	0.01522	0.00845	0.01096	0.00966	0.01236	0.00755	0.00748	0.01825	0.01976	0.19378	0.46461	0.04790	0.12844	0.01356	0.00810	0.00225	0.00405	0.01173	0.00793	0.00795
7	0.01228	0.01108	0.01816	0.55633	0.03960	0.01337	0.01656	0.01617	0.01409	0.01819	0.01914	0.19612	0.01867	0.01082	0.00760	0.00250	0.00818	0.00972	0.00400	0.00739
8	0.02086	0.02020	0.01761	0.01563	0.01970	0.18956	0.01217	0.11591	0.42396	0.02840	0.02338	0.02373	0.01807	0.00927	0.00711	0.00227	0.00770	0.02763	0.00634	0.01049
9	0.01589	0.01566	0.02794	0.29612	0.33646	0.01683	0.12374	0.02050	0.01541	0.02112	0.01315	0.01831	0.01048	0.00677	0.00779	0.00229	0.03184	0.00666	0.00339	0.00966
10	0.01342	0.01735	0.21277	0.01315	0.01787	0.01147	0.01320	0.10023	0.02037	0.02889	0.41776	0.03770	0.04356	0.01156	0.00777	0.00223	0.00598	0.00988	0.00636	0.00849
11	0.01788	0.57908	0.20211	0.01416	0.02134	0.02534	0.01563	0.02162	0.01461	0.01817	0.01060	0.01230	0.00911	0.00626	0.00510	0.00170	0.00832	0.00416	0.00304	0.00948
12	0.01467	0.01276	0.01322	0.01260	0.01553	0.03995	0.00949	0.02719	0.41623	0.02516	0.03624	0.20662	0.11321	0.01371	0.00781	0.00251	0.00529	0.01177	0.00688	0.00916
13	0.01875	0.01710	0.02718	0.18546	0.08686	0.01837	0.20979	0.18473	0.12560	0.02827	0.01686	0.01966	0.01257	0.00748	0.00751	0.00231	0.00914	0.00722	0.00492	0.01022
14	0.01320	0.01030	0.01101	0.00977	0.01282	0.01002	0.00760	0.17442	0.02089	0.02672	0.14309	0.07375	0.42867	0.01537	0.00812	0.00233	0.00462	0.01279	0.00690	0.00759
15	0.01588	0.01646	0.02674	0.02146	0.02321	0.02088	0.17753	0.01852	0.01234	0.01852	0.01058	0.01646	0.00970	0.01089	0.01972	0.00294	0.55993	0.00676	0.00323	0.00823
16	0.01564	0.01268	0.01483	0.01085	0.01686	0.00991	0.00865	0.04686	0.01572	0.04813	0.01453	0.04654	0.01243	0.00627	0.00558	0.00122	0.00536	0.00510	0.00461	0.69821
17	0.02618	0.01867	0.18658	0.01462	0.02142	0.01261	0.01439	0.07110	0.01952	0.45469	0.02263	0.02091	0.01471	0.00806	0.00694	0.00213	0.00721	0.00645	0.00698	0.06421
18	0.01640	0.01835	0.03885	0.10030	0.03742	0.01799	0.57735	0.02204	0.01623	0.02204	0.01396	0.01899	0.01059	0.00646	0.00908	0.00244	0.05056	0.00808	0.00353	0.00934
19	0.02221	0.01406	0.01667	0.01239	0.01835	0.01245	0.01009	0.16410	0.02033	0.22081	0.01794	0.01792	0.01287	0.00697	0.00620	0.00161	0.00604	0.00551	0.00613	0.40735
20	0.01699	0.01847	0.01593	0.01488	0.01691	0.27924	0.01150	0.01916	0.01468	0.01694	0.01491	0.02084	0.01357	0.03131	0.37138	0.00686	0.09918	0.00632	0.00368	0.00724
21	0.01305	0.01029	0.01080	0.00962	0.01273	0.00995	0.00749	0.17412	0.02052	0.02586	0.08474	0.07946	0.48320	0.01572	0.00812	0.00235	0.00465	0.01302	0.00679	0.00752
22	0.01322	0.05409	0.07748	0.33307	0.05104	0.01452	0.11940	0.01758	0.01525	0.01957	0.02732	0.03035	0.17873	0.00950	0.00747	0.00232	0.00840	0.00855	0.00406	0.00807
23	0.01809	0.01812	0.04099	0.03388	0.45060	0.06056	0.04852	0.02622	0.18143	0.02446	0.01708	0.01952	0.01363	0.00721	0.00711	0.00219	0.00825	0.00672	0.00443	0.01100

[dist]
# distance from previous block
# <min> <max>
2	9

[block]
# block no. 1 follows, 29 sequences, length 7
# corresponding to MSA columns:
# 84-90
name=unknown_B
#
# <colnr> <probs for GDERKNQSTAVLIFYWHMCP>
#	G	D	E	R	K	N	Q	S	T	A	V	L	I	F	Y	W	H	M	C	P
0	0.01422	0.01393	0.01148	0.01114	0.01256	0.19215	0.00771	0.01558	0.01517	0.01801	0.13182	0.13463	0.05402	0.28373	0.04979	0.00434	0.00792	0.01066	0.00508	0.00607
1	0.00953	0.00726	0.00875	0.00838	0.01030	0.00648	0.00628	0.01237	0.01885	0.02546	0.49261	0.05828	0.27808	0.01571	0.00840	0.00229	0.00344	0.01359	0.00743	0.00648
2	0.01590	0.05843	0.37454	0.02095	0.06016	0.01757	0.11507	0.02647	0.19113	0.02425	0.01712	0.01859	0.01269	0.00736	0.00704	0.00228	0.00924	0.00642	0.00422	0.01056
3	0.01025	0.00751	0.00976	0.00984	0.01159	0.00702	0.00780	0.01341	0.01873	0.02562	0.45773	0.06197	0.13260	0.01628	0.00877	0.00253	0.00422	0.18039	0.00737	0.00660
4	0.59612	0.01976	0.19275	0.01220	0.01820	0.01612	0.01254	0.02135	0.01287	0.02951	0.01066	0.01247	0.00805	0.00665	0.00502	0.00222	0.00681	0.00422	0.00404	0.00844
5	0.05530	0.04629	0.05724	0.03095	0.40304	0.05109	0.01789	0.02628	0.19159	0.02481	0.01700	0.01907	0.01353	0.00728	0.00684	0.00217	0.00786	0.00644	0.00450	0.01084
6	0.44023	0.04959	0.19560	0.01361	0.01946	0.01756	0.01380	0.07946	0.01477	0.02898	0.01125	0.01324	0.00861	0.00723	0.00664	0.00225	0.06008	0.00462	0.00414	0.00889

[dist]
# distance from previous block
# <min> <max>
0	1

[block]
# block no. 2 follows, 29 sequences, length 69
# corresponding to MSA columns:
# 92-160
name=unknown_C
#
# <colnr> <probs for GDERKNQSTAVLIFYWHMCP>
#	G	D	E	R	K	N	Q	S	T	A	V	L	I	F	Y	W	H	M	C	P
0	0.01381	0.01193	0.01233	0.05470	0.04300	0.07929	0.00919	0.01852	0.10357	0.06397	0.11945	0.04879	0.34016	0.01391	0.00792	0.00234	0.00556	0.03751	0.00634	0.00770
1	0.02704	0.02078	0.02130	0.01650	0.02208	0.06375	0.01355	0.64266	0.03269	0.04324	0.01673	0.01684	0.01193	0.00848	0.00708	0.00212	0.00813	0.00630	0.00692	0.01188
2	0.01515	0.01348	0.01465	0.01081	0.01661	0.04838	0.00848	0.01805	0.01480	0.02233	0.01315	0.01656	0.01139	0.04976	0.00718	0.00145	0.00579	0.00460	0.00419	0.70319
3	0.02338	0.02267	0.01906	0.01550	0.02058	0.25723	0.01222	0.26179	0.05513	0.02936	0.01446	0.01550	0.01117	0.00736	0.00642	0.00177	0.00880	0.00531	0.00522	0.20707
4	0.01130	0.00766	0.00859	0.00835	0.00870	0.00777	0.00493	0.05035	0.01183	0.01579	0.02264	0.06640	0.02572	0.68312	0.03367	0.00650	0.00687	0.01043	0.00455	0.00482
5	0.03556	0.11960	0.06741	0.01946	0.02528	0.15513	0.23948	0.02199	0.01641	0.02100	0.03494	0.01741	0.01227	0.00932	0.04932	0.00248	0.01043	0.00619	0.00377	0.13255
6	0.01604	0.02181	0.16737	0.02640	0.03377	0.01721	0.48715	0.02313	0.05661	0.02299	0.01598	0.04862	0.01260	0.00704	0.00805	0.00239	0.01102	0.00827	0.00383	0.00972
7	0.01046	0.00736	0.00935	0.00890	0.01072	0.00668	0.00665	0.01346	0.01922	0.04846	0.55306	0.09799	0.15030	0.01533	0.00840	0.00230	0.00353	0.01345	0.00763	0.00674
8	0.00866	0.00624	0.00822	0.00980	0.01030	0.00579	0.00656	0.00993	0.01375	0.01822	0.04067	0.71578	0.07550	0.02212	0.00906	0.00287	0.00411	0.02002	0.00661	0.00579
9	0.01630	0.03263	0.54582	0.02402	0.11698	0.01697	0.05181	0.02302	0.01651	0.02440	0.04758	0.01973	0.01383	0.00820	0.00766	0.00255	0.01042	0.00645	0.00394	0.01120
10	0.01237	0.00907	0.01128	0.04499	0.01414	0.00929	0.00835	0.13082	0.01742	0.02334	0.07258	0.50092	0.03909	0.05858	0.01009	0.00291	0.00515	0.01613	0.00649	0.00699
11	0.00877	0.00626	0.00837	0.01002	0.01047	0.00586	0.00677	0.01007	0.01372	0.01828	0.03920	0.72383	0.04690	0.02222	0.00911	0.00290	0.00421	0.04064	0.00661	0.00581
12	0.01001	0.00771	0.01099	0.01142	0.01240	0.00765	0.03946	0.03040	0.01452	0.01963	0.07176	0.59370	0.04278	0.02156	0.03798	0.00316	0.03448	0.01781	0.00630	0.00630
13	0.02923	0.04659	0.04722	0.01563	0.07122	0.03285	0.01227	0.05830	0.02011	0.55328	0.02463	0.02219	0.01596	0.00837	0.00700	0.00216	0.00676	0.00677	0.00771	0.01175
14	0.01836	0.04534	0.15473	0.03419	0.43574	0.12257	0.04289	0.02298	0.01656	0.02205	0.01285	0.01630	0.01047	0.00655	0.00687	0.00209	0.00959	0.00587	0.00344	0.01057
15	0.50261	0.04763	0.10907	0.08974	0.05043	0.05525	0.01263	0.02133	0.01345	0.02743	0.01080	0.01315	0.00837	0.00669	0.00525	0.00218	0.00722	0.00445	0.00395	0.00835
16	0.01445	0.06173	0.68941	0.02001	0.03038	0.01694	0.02582	0.02251	0.01501	0.02235	0.01268	0.01491	0.00902	0.00674	0.00669	0.00223	0.01042	0.00521	0.00301	0.01048
17	0.01049	0.00791	0.01086	0.01072	0.01152	0.00902	0.00786	0.01213	0.01136	0.01597	0.02201	0.07624	0.04053	0.24562	0.41236	0.00877	0.06738	0.00926	0.00415	0.00584
18	0.00866	0.00627	0.00819	0.00973	0.01028	0.00580	0.00653	0.00994	0.01381	0.01825	0.04146	0.69961	0.09117	0.02202	0.00904	0.00286	0.00410	0.01989	0.00661	0.00580
19	0.03195	0.01212	0.01652	0.01267	0.01818	0.01047	0.01047	0.03470	0.02038	0.71026	0.02809	0.02424	0.01763	0.00881	0.00716	0.00220	0.00606	0.00716	0.00881	0.01212
20	0.01036	0.00690	0.00777	0.00777	0.00777	0.00690	0.00431	0.01036	0.01036	0.01381	0.02244	0.04660	0.02589	0.74975	0.03624	0.00690	0.00690	0.01036	0.00431	0.00431
21	0.03030	0.01249	0.01648	0.01288	0.01822	0.01130	0.01056	0.03506	0.09812	0.63155	0.02820	0.02451	0.01810	0.00891	0.00717	0.00223	0.00601	0.00726	0.00863	0.01202
22	0.01477	0.01266	0.01477	0.01055	0.01687	0.00949	0.00844	0.01793	0.01477	0.02320	0.01266	0.01477	0.01055	0.00527	0.00527	0.00105	0.00527	0.00422	0.00422	0.79328
23	0.02124	0.54464	0.03233	0.01398	0.01936	0.22969	0.01264	0.02339	0.01613	0.01695	0.01022	0.01183	0.00915	0.00645	0.00511	0.00161	0.00913	0.00403	0.00323	0.00888
24	0.01860	0.01574	0.01660	0.01467	0.01885	0.01813	0.01149	0.09891	0.62995	0.03122	0.02785	0.02567	0.02082	0.00956	0.00723	0.00239	0.00584	0.00790	0.00723	0.01135
25	0.01829	0.16891	0.22844	0.01824	0.08650	0.04646	0.01676	0.09091	0.09256	0.06108	0.04904	0.04153	0.01548	0.00806	0.00657	0.00207	0.00811	0.00639	0.00466	0.02994
26	0.01475	0.06872	0.61537	0.02087	0.03086	0.01723	0.08973	0.02252	0.01518	0.02230	0.01280	0.01527	0.00920	0.00666	0.00682	0.00224	0.01053	0.00550	0.00307	0.01037
27	0.01771	0.01530	0.01610	0.01449	0.01852	0.01771	0.01127	0.03784	0.69247	0.02979	0.02898	0.02657	0.02174	0.00966	0.00725	0.00242	0.00564	0.00805	0.00725	0.01127
28	0.01537	0.01631	0.05036	0.53158	0.14495	0.08326	0.01978	0.01990	0.01514	0.01906	0.01262	0.01803	0.00971	0.00701	0.00703	0.00228	0.00970	0.00612	0.00326	0.00856
29	0.01624	0.01500	0.01626	0.01541	0.01840	0.12386	0.05663	0.05984	0.15333	0.02371	0.02907	0.07847	0.02869	0.01428	0.00850	0.00274	0.00770	0.31756	0.00608	0.00826
30	0.01122	0.00801	0.01118	0.01282	0.01435	0.00798	0.01103	0.01431	0.01614	0.02103	0.03784	0.14062	0.04153	0.01991	0.00977	0.00324	0.00634	0.59962	0.00656	0.00649
31	0.00849	0.00717	0.00735	0.00740	0.00969	0.00603	0.00551	0.01032	0.01624	0.01951	0.09283	0.10036	0.64861	0.01812	0.00845	0.00242	0.00362	0.01520	0.00666	0.00603
32	0.02312	0.20550	0.02452	0.05945	0.02246	0.45653	0.01388	0.02522	0.01771	0.01729	0.01071	0.01308	0.00920	0.00743	0.00734	0.00189	0.06819	0.00463	0.00344	0.00841
33	0.00912	0.00686	0.00806	0.00845	0.00983	0.00616	0.00593	0.01067	0.01535	0.01981	0.16702	0.26152	0.30805	0.08498	0.01190	0.03449	0.00412	0.01541	0.00648	0.00580
34	0.00935	0.00684	0.00891	0.01017	0.01120	0.00640	0.00749	0.01127	0.01509	0.01985	0.09894	0.46125	0.13010	0.02056	0.00910	0.00286	0.00451	0.15335	0.00670	0.00605
35	0.02707	0.01995	0.02137	0.01638	0.02208	0.02208	0.01353	0.68159	0.03348	0.04488	0.01710	0.01710	0.01211	0.00855	0.00712	0.00214	0.00784	0.00641	0.00712	0.01211
36	0.00899	0.00690	0.00830	0.00902	0.01041	0.00629	0.00652	0.01077	0.01509	0.01931	0.09608	0.32828	0.30326	0.04509	0.04311	0.00321	0.00484	0.06207	0.00649	0.00597
37	0.01739	0.01668	0.02849	0.08150	0.66933	0.01686	0.02174	0.02165	0.01611	0.02299	0.01335	0.01770	0.01118	0.00639	0.00705	0.00213	0.00852	0.00634	0.00350	0.01109
38	0.01035	0.00694	0.00797	0.00797	0.00804	0.00701	0.00457	0.01048	0.01041	0.01396	0.02225	0.04558	0.02544	0.71155	0.07384	0.00715	0.00757	0.01021	0.00429	0.00443
39	0.01477	0.01266	0.01477	0.01055	0.01687	0.00949	0.00844	0.01793	0.01477	0.02320	0.01266	0.01477	0.01055	0.00527	0.00527	0.00105	0.00527	0.00422	0.00422	0.79328
40	0.01038	0.03283	0.08068	0.01344	0.05648	0.00863	0.02929	0.01282	0.01457	0.01961	0.06886	0.49869	0.09009	0.01811	0.00849	0.00266	0.00529	0.01630	0.00593	0.00687
41	0.00879	0.00635	0.00835	0.00990	0.01049	0.00591	0.00676	0.01016	0.01392	0.01839	0.04120	0.67232	0.08712	0.02192	0.00908	0.00288	0.00421	0.04979	0.00661	0.00583
42	0.01581	0.01654	0.06030	0.29847	0.35157	0.01661	0.09634	0.02063	0.01549	0.02128	0.01320	0.01819	0.01045	0.00662	0.00722	0.00225	0.00935	0.00652	0.00337	0.00979
43	0.01065	0.00982	0.03457	0.03632	0.01559	0.02884	0.07552	0.01288	0.01435	0.01915	0.06429	0.52230	0.03868	0.01990	0.03840	0.00310	0.02677	0.01643	0.00585	0.00658
44	0.01226	0.00776	0.01022	0.00933	0.01139	0.00709	0.00709	0.01556	0.02018	0.09646	0.63449	0.05031	0.06225	0.01399	0.00828	0.00224	0.00363	0.01231	0.00794	0.00726
45	0.02293	0.01755	0.01856	0.01537	0.02000	0.04771	0.01234	0.28309	0.32132	0.09912	0.02282	0.02171	0.01665	0.00917	0.00780	0.00229	0.03601	0.00712	0.00704	0.01141
46	0.01521	0.01444	0.02431	0.37522	0.35787	0.01591	0.02014	0.01958	0.01526	0.02064	0.01558	0.02049	0.04037	0.00723	0.00714	0.00225	0.00875	0.00671	0.00348	0.00942
47	0.00964	0.00749	0.00879	0.00842	0.01046	0.00676	0.00633	0.01287	0.03879	0.02484	0.42774	0.05857	0.32177	0.01581	0.00837	0.00231	0.00353	0.01360	0.00733	0.00657
48	0.01020	0.00751	0.01086	0.01086	0.01194	0.00859	0.00818	0.01234	0.01127	0.01610	0.01960	0.03091	0.01908	0.16319	0.61350	0.01073	0.01715	0.00806	0.00389	0.00604
49	0.01695	0.02325	0.22699	0.03609	0.48741	0.03977	0.02288	0.02227	0.01600	0.02287	0.01314	0.01672	0.01056	0.00650	0.00695	0.00215	0.00920	0.00597	0.00338	0.01096
50	0.01904	0.75404	0.03731	0.01218	0.01828	0.02818	0.01218	0.02132	0.01447	0.01675	0.00990	0.01142	0.00914	0.00609	0.00457	0.00152	0.00761	0.00381	0.00305	0.00914
51	0.01503	0.14990	0.60636	0.01902	0.02884	0.01837	0.02408	0.02236	0.01494	0.02164	0.01232	0.01446	0.00904	0.00666	0.00642	0.00214	0.01007	0.00503	0.00301	0.01031
52	0.01209	0.03803	0.17855	0.01389	0.01796	0.01062	0.06315	0.01639	0.03794	0.04132	0.12685	0.30682	0.07819	0.01470	0.00809	0.00250	0.00631	0.01312	0.00568	0.00781
53	0.01531	0.06468	0.65268	0.01961	0.02972	0.01672	0.02499	0.02307	0.01526	0.05476	0.01338	0.01532	0.00943	0.00683	0.00669	0.00222	0.01020	0.00529	0.00328	0.01054
54	0.00866	0.00624	0.00821	0.00979	0.01029	0.00579	0.00655	0.00993	0.01375	0.01823	0.04079	0.71339	0.07782	0.02211	0.00906	0.00287	0.00411	0.02000	0.00661	0.00579
55	0.01471	0.10118	0.65225	0.01957	0.02969	0.01758	0.02504	0.02244	0.01498	0.02203	0.01252	0.01471	0.00903	0.00670	0.00657	0.00219	0.01026	0.00513	0.00301	0.01040
56	0.01940	0.01532	0.01645	0.01446	0.01870	0.01739	0.01134	0.07593	0.59964	0.08493	0.02820	0.02582	0.02084	0.00953	0.00723	0.00238	0.00580	0.00788	0.00736	0.01139
57	0.01017	0.00763	0.01144	0.01144	0.01272	0.00890	0.00890	0.01272	0.01144	0.01653	0.01907	0.02797	0.01780	0.05340	0.72153	0.01144	0.01907	0.00763	0.00381	0.00636
58	0.00852	0.00706	0.00747	0.00770	0.00977	0.00600	0.00565	0.01030	0.01599	0.01945	0.09249	0.17300	0.57495	0.01856	0.00852	0.00247	0.00368	0.01575	0.00666	0.00600
59	0.03710	0.01311	0.01999	0.44741	0.06867	0.01566	0.04002	0.02152	0.12122	0.02153	0.01607	0.02046	0.01229	0.00775	0.00756	0.00233	0.03735	0.00663	0.07481	0.00853
60	0.02707	0.01995	0.02137	0.01638	0.02208	0.02208	0.01353	0.68159	0.03348	0.04488	0.01710	0.01710	0.01211	0.00855	0.00712	0.00214	0.00784	0.00641	0.00712	0.01211
61	0.02021	0.60784	0.03314	0.01245	0.01827	0.05332	0.01194	0.02258	0.01533	0.08324	0.01258	0.01483	0.01093	0.00677	0.00507	0.00164	0.00757	0.02333	0.00376	0.03520
62	0.01234	0.00906	0.01227	0.01221	0.01303	0.01015	0.00911	0.01380	0.01363	0.07634	0.03222	0.47685	0.06144	0.01856	0.01243	0.00287	0.18546	0.01547	0.00593	0.00682
63	0.01018	0.00760	0.01130	0.01130	0.01252	0.00882	0.00872	0.01262	0.01140	0.01642	0.01921	0.02872	0.01812	0.08121	0.69417	0.01126	0.01859	0.00774	0.00383	0.00628
64	0.62084	0.01339	0.01188	0.01014	0.01480	0.01469	0.00835	0.02414	0.01405	0.19021	0.01416	0.01452	0.01002	0.00712	0.00505	0.00220	0.00564	0.00463	0.00543	0.00874
65	0.02214	0.01356	0.01516	0.01290	0.01707	0.04660	0.01019	0.05056	0.25879	0.28377	0.09389	0.05208	0.07020	0.01061	0.00741	0.00230	0.00581	0.00880	0.00765	0.01052
66	0.01236	0.00688	0.00781	0.00781	0.00926	0.00717	0.00582	0.01526	0.01381	0.02334	0.02223	0.02834	0.01871	0.07271	0.16998	0.00426	0.00716	0.00713	0.55356	0.00640
67	0.06982	0.24129	0.02492	0.01540	0.02018	0.25008	0.01288	0.18626	0.04146	0.02521	0.01259	0.01393	0.01019	0.00752	0.00668	0.00191	0.04078	0.00494	0.00446	0.00950
68	0.08644	0.09560	0.15298	0.04376	0.05585	0.01721	0.31046	0.02098	0.01545	0.02252	0.04657	0.02037	0.01373	0.05667	0.00914	0.00255	0.00973	0.00716	0.00375	0.00907

[dist]
# distance from previous block
# <min> <max>
1	4

[block]
# block no. 3 follows, 29 sequences, length 91
# corresponding to MSA columns:
# 165-255
name=unknown_D
#
# <colnr> <probs for GDERKNQSTAVLIFYWHMCP>
#	G	D	E	R	K	N	Q	S	T	A	V	L	I	F	Y	W	H	M	C	P
0	0.02636	0.05761	0.02080	0.01806	0.02189	0.67019	0.01370	0.05403	0.02051	0.01849	0.01121	0.01296	0.00929	0.00734	0.00639	0.00184	0.01247	0.00463	0.00378	0.00844
1	0.01325	0.00754	0.00839	0.03091	0.01071	0.00791	0.00636	0.03707	0.01513	0.02542	0.02366	0.09553	0.02027	0.01119	0.02876	0.00217	0.02864	0.00796	0.61232	0.00680
2	0.02323	0.01758	0.01898	0.01520	0.02015	0.01937	0.01228	0.45896	0.17851	0.03836	0.02012	0.04379	0.01538	0.00976	0.00795	0.03346	0.00704	0.00714	0.00685	0.04591
3	0.02622	0.03313	0.02000	0.01818	0.02186	0.69075	0.01365	0.02884	0.04924	0.01796	0.01178	0.01343	0.00972	0.00744	0.00646	0.00186	0.01253	0.00474	0.00382	0.00839
4	0.01477	0.01266	0.01477	0.01055	0.01687	0.00949	0.00844	0.01793	0.01477	0.02320	0.01266	0.01477	0.01055	0.00527	0.00527	0.00105	0.00527	0.00422	0.00422	0.79328
5	0.01762	0.01692	0.02890	0.04371	0.70533	0.01692	0.02185	0.02185	0.01621	0.02326	0.01339	0.01762	0.01128	0.00634	0.00705	0.00211	0.00846	0.00634	0.00352	0.01128
6	0.00843	0.00717	0.00726	0.00733	0.00965	0.00600	0.00546	0.01021	0.01612	0.01919	0.07078	0.09649	0.67536	0.01821	0.00844	0.00242	0.00363	0.01524	0.00661	0.00600
7	0.01722	0.01651	0.02818	0.10960	0.64256	0.01681	0.02165	0.02150	0.01602	0.02278	0.01332	0.01775	0.01111	0.00642	0.00706	0.00214	0.00856	0.00634	0.00349	0.01096
8	0.80005	0.01377	0.01047	0.00936	0.01377	0.01597	0.00771	0.02093	0.01212	0.03195	0.00991	0.01157	0.00771	0.00661	0.00441	0.00220	0.00551	0.00386	0.00441	0.00771
9	0.03195	0.01212	0.01652	0.01267	0.01818	0.01047	0.01047	0.03470	0.02038	0.71026	0.02809	0.02424	0.01763	0.00881	0.00716	0.00220	0.00606	0.00716	0.00881	0.01212
10	0.00970	0.00726	0.00899	0.00856	0.01040	0.00656	0.00642	0.01270	0.01925	0.02641	0.55702	0.05671	0.21308	0.01536	0.00840	0.00228	0.00342	0.01337	0.00756	0.00656
11	0.00992	0.00727	0.00930	0.00879	0.01054	0.00665	0.00660	0.01313	0.01979	0.02768	0.64235	0.05463	0.12696	0.01488	0.00840	0.00226	0.00338	0.01308	0.00772	0.00665
12	0.01036	0.00690	0.00777	0.00777	0.00777	0.00690	0.00431	0.01036	0.01036	0.01381	0.02244	0.04660	0.02589	0.74975	0.03624	0.00690	0.00690	0.01036	0.00431	0.00431
13	0.01515	0.01495	0.02099	0.01812	0.01822	0.02079	0.01505	0.01679	0.01095	0.01709	0.01012	0.01656	0.01002	0.01570	0.07857	0.00377	0.67998	0.00634	0.00317	0.00768
14	0.09312	0.24569	0.32869	0.01717	0.04566	0.04013	0.01851	0.07214	0.01604	0.02314	0.01184	0.01382	0.00925	0.00686	0.00642	0.00203	0.03133	0.00483	0.00351	0.00984
15	0.01681	0.01921	0.04202	0.03001	0.03721	0.01801	0.67947	0.02281	0.01681	0.02281	0.01441	0.01921	0.01080	0.00600	0.00840	0.00240	0.01200	0.00840	0.00360	0.00960
16	0.80005	0.01377	0.01047	0.00936	0.01377	0.01597	0.00771	0.02093	0.01212	0.03195	0.00991	0.01157	0.00771	0.00661	0.00441	0.00220	0.00551	0.00386	0.00441	0.00771
17	0.01477	0.01266	0.01477	0.01055	0.01687	0.00949	0.00844	0.01793	0.01477	0.02320	0.01266	0.01477	0.01055	0.00527	0.00527	0.00105	0.00527	0.00422	0.00422	0.79328
18	0.01590	0.01886	0.08340	0.02534	0.05970	0.04168	0.39206	0.02063	0.01533	0.02108	0.01528	0.06868	0.01327	0.01071	0.04725	0.00297	0.12679	0.00838	0.00370	0.00898
19	0.01335	0.00989	0.01187	0.03535	0.01440	0.01013	0.00861	0.17095	0.01929	0.02573	0.10507	0.41778	0.09464	0.01734	0.00842	0.00259	0.00507	0.01527	0.00675	0.00748
20	0.01033	0.00700	0.00827	0.00827	0.00845	0.00718	0.00495	0.01068	0.01051	0.01418	0.02197	0.04403	0.02477	0.65366	0.13081	0.00753	0.00858	0.00998	0.00425	0.00460
21	0.01904	0.75404	0.03731	0.01218	0.01828	0.02818	0.01218	0.02132	0.01447	0.01675	0.00990	0.01142	0.00914	0.00609	0.00457	0.00152	0.00761	0.00381	0.00305	0.00914
22	0.01017	0.00763	0.01144	0.01144	0.01272	0.00890	0.00890	0.01272	0.01144	0.01653	0.01907	0.02797	0.01780	0.05340	0.72153	0.01144	0.01907	0.00763	0.00381	0.00636
23	0.02707	0.01995	0.02137	0.01638	0.02208	0.02208	0.01353	0.68159	0.03348	0.04488	0.01710	0.01710	0.01211	0.00855	0.00712	0.00214	0.00784	0.00641	0.00712	0.01211
24	0.00842	0.00721	0.00721	0.00721	0.00962	0.00601	0.00541	0.01022	0.01623	0.01924	0.07213	0.06853	0.70244	0.01803	0.00842	0.00240	0.00361	0.01503	0.00661	0.00601
25	0.01345	0.01266	0.02136	0.73264	0.04904	0.01582	0.01978	0.01819	0.01424	0.01819	0.01266	0.01898	0.00949	0.00712	0.00712	0.00237	0.00949	0.00633	0.00316	0.00791
26	0.00868	0.00620	0.00826	0.00991	0.01033	0.00578	0.00661	0.00991	0.01363	0.01818	0.03925	0.74510	0.04710	0.02231	0.00909	0.00289	0.00413	0.02024	0.00661	0.00578
27	0.02660	0.03394	0.02018	0.01834	0.02201	0.72116	0.01376	0.02843	0.02018	0.01743	0.01101	0.01284	0.00917	0.00734	0.00642	0.00183	0.01284	0.00459	0.00367	0.00825
28	0.01558	0.01558	0.02181	0.01869	0.01869	0.02181	0.01558	0.01714	0.01091	0.01714	0.00935	0.01558	0.00935	0.01246	0.02337	0.00312	0.73672	0.00623	0.00312	0.00779
29	0.01879	0.01583	0.01671	0.01471	0.01893	0.01821	0.01153	0.11200	0.61655	0.03153	0.02761	0.02548	0.02063	0.00953	0.00723	0.00238	0.00589	0.00786	0.00723	0.01137
30	0.01237	0.00618	0.00928	0.00928	0.00928	0.00618	0.00618	0.00928	0.00928	0.01237	0.01237	0.02165	0.01237	0.02474	0.02783	0.79283	0.00618	0.00618	0.00309	0.00309
31	0.03195	0.01212	0.01652	0.01267	0.01818	0.01047	0.01047	0.03470	0.02038	0.71026	0.02809	0.02424	0.01763	0.00881	0.00716	0.00220	0.00606	0.00716	0.00881	0.01212
32	0.01029	0.00687	0.00779	0.00786	0.00787	0.00686	0.00441	0.01034	0.01049	0.01399	0.02313	0.07546	0.02676	0.71969	0.03512	0.00674	0.00679	0.01076	0.00441	0.00438
33	0.02784	0.01870	0.02060	0.01579	0.02146	0.02024	0.01305	0.57875	0.03140	0.15065	0.01884	0.01823	0.01299	0.00859	0.00713	0.00215	0.00755	0.00653	0.00739	0.01211
34	0.80005	0.01377	0.01047	0.00936	0.01377	0.01597	0.00771	0.02093	0.01212	0.03195	0.00991	0.01157	0.00771	0.00661	0.00441	0.00220	0.00551	0.00386	0.00441	0.00771
35	0.01036	0.00690	0.00777	0.00777	0.00777	0.00690	0.00431	0.01036	0.01036	0.01381	0.02244	0.04660	0.02589	0.74975	0.03624	0.00690	0.00690	0.01036	0.00431	0.00431
36	0.01477	0.01266	0.01477	0.01055	0.01687	0.00949	0.00844	0.01793	0.01477	0.02320	0.01266	0.01477	0.01055	0.00527	0.00527	0.00105	0.00527	0.00422	0.00422	0.79328
37	0.02103	0.56439	0.03280	0.01381	0.01926	0.21068	0.01260	0.02319	0.01597	0.01693	0.01019	0.01180	0.00915	0.00642	0.00506	0.00161	0.00899	0.00401	0.00321	0.00891
38	0.01022	0.00763	0.00954	0.00900	0.01087	0.00713	0.00677	0.01416	0.05011	0.02750	0.59586	0.05382	0.14111	0.01475	0.00835	0.00227	0.00349	0.01292	0.00767	0.00684
39	0.01754	0.01700	0.02675	0.11332	0.55509	0.04417	0.02048	0.02298	0.06963	0.02302	0.01446	0.01829	0.01184	0.00673	0.00705	0.00216	0.00852	0.00641	0.00379	0.01080
40	0.02369	0.01882	0.01916	0.01567	0.02061	0.06356	0.01260	0.37837	0.27928	0.05935	0.02153	0.02062	0.01572	0.00890	0.00713	0.00222	0.00726	0.00694	0.00701	0.01156
41	0.00842	0.00721	0.00721	0.00721	0.00962	0.00601	0.00541	0.01022	0.01623	0.01924	0.07213	0.06853	0.70244	0.01803	0.00842	0.00240	0.00361	0.01503	0.00661	0.00601
42	0.01147	0.00820	0.01147	0.01311	0.01475	0.00820	0.01147	0.01475	0.01639	0.02131	0.03770	0.08032	0.04098	0.01967	0.00984	0.00328	0.00656	0.65741	0.00656	0.00656
43	0.01904	0.75404	0.03731	0.01218	0.01828	0.02818	0.01218	0.02132	0.01447	0.01675	0.00990	0.01142	0.00914	0.00609	0.00457	0.00152	0.00761	0.00381	0.00305	0.00914
44	0.01616	0.01373	0.01475	0.01347	0.01706	0.01554	0.01049	0.03286	0.55791	0.02877	0.10388	0.03377	0.06241	0.01102	0.00753	0.00243	0.00532	0.03533	0.00725	0.01032
45	0.02626	0.06579	0.02094	0.01807	0.02185	0.69051	0.01369	0.02812	0.01993	0.01740	0.01096	0.01278	0.00917	0.00728	0.00634	0.00182	0.01261	0.00455	0.00364	0.00829
46	0.80005	0.01377	0.01047	0.00936	0.01377	0.01597	0.00771	0.02093	0.01212	0.03195	0.00991	0.01157	0.00771	0.00661	0.00441	0.00220	0.00551	0.00386	0.00441	0.00771
47	0.01477	0.01266	0.01477	0.01055	0.01687	0.00949	0.00844	0.01793	0.01477	0.02320	0.01266	0.01477	0.01055	0.00527	0.00527	0.00105	0.00527	0.00422	0.00422	0.79328
48	0.01023	0.00740	0.01028	0.01028	0.01115	0.00827	0.00745	0.01197	0.01110	0.01567	0.02014	0.03386	0.02036	0.27364	0.50480	0.01001	0.01522	0.00849	0.00397	0.00571
49	0.00982	0.00671	0.00852	0.00949	0.01050	0.00612	0.00652	0.01128	0.01458	0.05005	0.07746	0.54595	0.15027	0.04500	0.00977	0.00288	0.00419	0.01811	0.00670	0.00611
50	0.02660	0.03394	0.02018	0.01834	0.02201	0.72116	0.01376	0.02843	0.02018	0.01743	0.01101	0.01284	0.00917	0.00734	0.00642	0.00183	0.01284	0.00459	0.00367	0.00825
51	0.01904	0.75404	0.03731	0.01218	0.01828	0.02818	0.01218	0.02132	0.01447	0.01675	0.00990	0.01142	0.00914	0.00609	0.00457	0.00152	0.00761	0.00381	0.00305	0.00914
52	0.00868	0.00620	0.00826	0.00991	0.01033	0.00578	0.00661	0.00991	0.01363	0.01818	0.03925	0.74510	0.04710	0.02231	0.00909	0.00289	0.00413	0.02024	0.00661	0.00578
53	0.01813	0.03063	0.52058	0.01869	0.02758	0.01609	0.02234	0.06537	0.01690	0.14021	0.01549	0.01675	0.01069	0.00748	0.00761	0.00228	0.04246	0.00570	0.00425	0.01077
54	0.00937	0.00678	0.00904	0.01045	0.01130	0.00632	0.00746	0.01101	0.01412	0.01888	0.03792	0.60973	0.04464	0.02120	0.00905	0.00288	0.00456	0.12088	0.00650	0.03792
55	0.80005	0.01377	0.01047	0.00936	0.01377	0.01597	0.00771	0.02093	0.01212	0.03195	0.00991	0.01157	0.00771	0.00661	0.00441	0.00220	0.00551	0.00386	0.00441	0.00771
56	0.01059	0.00741	0.00931	0.00884	0.01074	0.00669	0.00662	0.01353	0.01910	0.05401	0.52370	0.09043	0.18165	0.01537	0.00839	0.00230	0.00355	0.01342	0.00759	0.00676
57	0.02588	0.07408	0.02133	0.01737	0.02166	0.49190	0.01351	0.17624	0.05017	0.02410	0.01305	0.01428	0.01035	0.00763	0.00650	0.00191	0.01110	0.00509	0.00456	0.00930
58	0.01817	0.01452	0.01678	0.01481	0.04123	0.04295	0.04490	0.05193	0.33287	0.10192	0.07289	0.02970	0.09208	0.00990	0.00726	0.00221	0.00608	0.00839	0.00664	0.08478
59	0.00899	0.00720	0.00804	0.00791	0.00999	0.00624	0.00590	0.01130	0.01746	0.02236	0.28495	0.09008	0.46042	0.01702	0.00844	0.00237	0.00354	0.01450	0.00703	0.00624
60	0.01477	0.01266	0.01477	0.01055	0.01687	0.00949	0.00844	0.01793	0.01477	0.02320	0.01266	0.01477	0.01055	0.00527	0.00527	0.00105	0.00527	0.00422	0.00422	0.79328
61	0.01437	0.01239	0.01291	0.01188	0.01532	0.01351	0.00917	0.02792	0.44969	0.02600	0.04447	0.04163	0.26612	0.01267	0.00767	0.00241	0.00491	0.01056	0.00702	0.00938
62	0.01071	0.00765	0.01060	0.01224	0.01354	0.00754	0.01014	0.01343	0.01564	0.02045	0.03812	0.26232	0.04265	0.02039	0.00963	0.00317	0.00589	0.48297	0.00657	0.00635
63	0.01681	0.01921	0.04202	0.03001	0.03721	0.01801	0.67947	0.02281	0.01681	0.02281	0.01441	0.01921	0.01080	0.00600	0.00840	0.00240	0.01200	0.00840	0.00360	0.00960
64	0.01017	0.00763	0.01144	0.01144	0.01272	0.00890	0.00890	0.01272	0.01144	0.01653	0.01907	0.02797	0.01780	0.05340	0.72153	0.01144	0.01907	0.00763	0.00381	0.00636
65	0.24938	0.01817	0.01823	0.01436	0.01969	0.02033	0.01186	0.49158	0.02734	0.04116	0.01503	0.01551	0.01084	0.00799	0.00634	0.00216	0.00717	0.00568	0.00634	0.01084
66	0.00987	0.00679	0.00805	0.00844	0.00871	0.00670	0.00514	0.01037	0.01144	0.01521	0.02838	0.21157	0.05973	0.51050	0.06386	0.00599	0.00673	0.01275	0.00493	0.00484
67	0.02707	0.01995	0.02137	0.01638	0.02208	0.02208	0.01353	0.68159	0.03348	0.04488	0.01710	0.01710	0.01211	0.00855	0.00712	0.00214	0.00784	0.00641	0.00712	0.01211
68	0.80005	0.01377	0.01047	0.00936	0.01377	0.01597	0.00771	0.02093	0.01212	0.03195	0.00991	0.01157	0.00771	0.00661	0.00441	0.00220	0.00551	0.00386	0.00441	0.00771
69	0.01036	0.00690	0.00777	0.00777	0.00777	0.00690	0.00431	0.01036	0.01036	0.01381	0.02244	0.04660	0.02589	0.74975	0.03624	0.00690	0.00690	0.01036	0.00431	0.00431
70	0.00897	0.00639	0.00852	0.00999	0.01047	0.00610	0.00678	0.01028	0.01345	0.01796	0.03720	0.63903	0.04416	0.06965	0.04308	0.00355	0.00509	0.04723	0.00634	0.00575
71	0.01771	0.01530	0.01610	0.01449	0.01852	0.01771	0.01127	0.03784	0.69247	0.02979	0.02898	0.02657	0.02174	0.00966	0.00725	0.00242	0.00564	0.00805	0.00725	0.01127
72	0.00867	0.00624	0.00822	0.00981	0.01030	0.00579	0.00656	0.00993	0.01373	0.01822	0.04052	0.71888	0.07250	0.02214	0.00906	0.00287	0.00411	0.02004	0.00661	0.00579
73	0.01681	0.01921	0.04202	0.03001	0.03721	0.01801	0.67947	0.02281	0.01681	0.02281	0.01441	0.01921	0.01080	0.00600	0.00840	0.00240	0.01200	0.00840	0.00360	0.00960
74	0.01681	0.01921	0.04202	0.03001	0.03721	0.01801	0.67947	0.02281	0.01681	0.02281	0.01441	0.01921	0.01080	0.00600	0.00840	0.00240	0.01200	0.00840	0.00360	0.00960
75	0.01076	0.00743	0.00974	0.00942	0.01116	0.00687	0.00717	0.01389	0.01926	0.04976	0.55734	0.10422	0.08419	0.01544	0.00852	0.00237	0.00377	0.06425	0.00764	0.00680
76	0.01001	0.00725	0.00964	0.01052	0.01184	0.00688	0.00818	0.01260	0.01668	0.02241	0.24039	0.27381	0.09237	0.01883	0.00909	0.00279	0.00467	0.22876	0.00696	0.00634
77	0.01904	0.75404	0.03731	0.01218	0.01828	0.02818	0.01218	0.02132	0.01447	0.01675	0.00990	0.01142	0.00914	0.00609	0.00457	0.00152	0.00761	0.00381	0.00305	0.00914
78	0.02695	0.01949	0.02101	0.01618	0.02181	0.02149	0.01334	0.63539	0.05460	0.07018	0.01791	0.01768	0.01264	0.00859	0.00713	0.00215	0.00769	0.00649	0.00719	0.01208
79	0.01036	0.00690	0.00777	0.00777	0.00777	0.00690	0.00431	0.01036	0.01036	0.01381	0.02244	0.04660	0.02589	0.74975	0.03624	0.00690	0.00690	0.01036	0.00431	0.00431
80	0.00842	0.00721	0.00721	0.00721	0.00962	0.00601	0.00541	0.01022	0.01623	0.01924	0.07213	0.06853	0.70244	0.01803	0.00842	0.00240	0.00361	0.01503	0.00661	0.00601
81	0.00842	0.00721	0.00721	0.00721	0.00962	0.00601	0.00541	0.01022	0.01623	0.01924	0.07213	0.06853	0.70244	0.01803	0.00842	0.00240	0.00361	0.01503	0.00661	0.00601
82	0.01010	0.00698	0.00868	0.00888	0.00923	0.00723	0.00566	0.01085	0.01101	0.01498	0.02375	0.12912	0.02665	0.49811	0.19152	0.00746	0.00938	0.01095	0.00448	0.00497
83	0.02811	0.01254	0.01620	0.01277	0.01778	0.01167	0.01045	0.10234	0.05024	0.52534	0.05062	0.02631	0.04342	0.01164	0.04398	0.00269	0.00672	0.00762	0.00819	0.01138
84	0.03082	0.01392	0.01764	0.01352	0.01908	0.01314	0.01117	0.18376	0.02340	0.55694	0.02556	0.02259	0.01636	0.00875	0.00715	0.00219	0.00647	0.00699	0.00842	0.01212
85	0.01681	0.01921	0.04202	0.03001	0.03721	0.01801	0.67947	0.02281	0.01681	0.02281	0.01441	0.01921	0.01080	0.00600	0.00840	0.00240	0.01200	0.00840	0.00360	0.00960
86	0.01716	0.02141	0.15317	0.06340	0.03554	0.01717	0.49262	0.02328	0.01660	0.06580	0.01490	0.01880	0.01086	0.00637	0.00798	0.00236	0.01125	0.00769	0.00381	0.00983
87	0.02067	0.01971	0.01837	0.01707	0.05489	0.17385	0.01281	0.14384	0.29657	0.02805	0.02157	0.02470	0.01739	0.00947	0.00767	0.00226	0.03110	0.05577	0.00595	0.03830
88	0.04028	0.09468	0.21426	0.01693	0.06201	0.03453	0.04563	0.01856	0.01609	0.02225	0.09882	0.06686	0.04613	0.01189	0.00768	0.00246	0.00776	0.17988	0.00487	0.00843
89	0.01912	0.13163	0.01889	0.01337	0.01766	0.01740	0.01086	0.07844	0.37536	0.10600	0.02770	0.08187	0.05067	0.01028	0.00700	0.00227	0.00595	0.00843	0.00667	0.01042
90	0.06713	0.08615	0.02027	0.01899	0.10415	0.36673	0.01319	0.05297	0.03977	0.02077	0.01643	0.11036	0.01572	0.00949	0.00673	0.00208	0.00966	0.02646	0.00437	0.00857

[dist]
# distance from previous block
# <min> <max>
9	19

[block]
# block no. 4 follows, 29 sequences, length 208
# corresponding to MSA columns:
# 275-482
name=unknown_E
#
# <colnr> <probs for GDERKNQSTAVLIFYWHMCP>
#	G	D	E	R	K	N	Q	S	T	A	V	L	I	F	Y	W	H	M	C	P
0	0.02084	0.18078	0.02092	0.01326	0.01788	0.06126	0.01105	0.09683	0.11892	0.15577	0.02036	0.08384	0.01687	0.01091	0.03502	0.00238	0.02927	0.00716	0.00574	0.09092
1	0.02157	0.01445	0.01594	0.01321	0.01726	0.03847	0.01035	0.28098	0.04941	0.15437	0.02539	0.15642	0.04364	0.06799	0.00964	0.00260	0.00656	0.00955	0.00682	0.05537
2	0.02035	0.01666	0.02333	0.06131	0.02467	0.01752	0.15908	0.35501	0.02438	0.03277	0.01950	0.12406	0.01718	0.03642	0.00868	0.00246	0.00821	0.00892	0.00585	0.03366
3	0.00901	0.00644	0.00822	0.00950	0.01002	0.00605	0.00633	0.01016	0.01338	0.01767	0.03876	0.56818	0.08742	0.13611	0.01333	0.00350	0.00461	0.03944	0.00625	0.00559
4	0.04328	0.07586	0.14963	0.03261	0.42395	0.07673	0.02034	0.02216	0.01608	0.02236	0.01376	0.01880	0.01170	0.00707	0.00680	0.00213	0.00896	0.03380	0.00357	0.01041
5	0.01059	0.00876	0.01127	0.01097	0.01269	0.03097	0.05225	0.01272	0.01554	0.02006	0.13774	0.23097	0.18861	0.11726	0.01251	0.00322	0.00544	0.10605	0.00617	0.00622
6	0.01575	0.01327	0.01529	0.01110	0.01731	0.01068	0.00890	0.06623	0.03974	0.02499	0.01354	0.01534	0.01105	0.00566	0.00547	0.00118	0.00547	0.00451	0.00453	0.70997
7	0.01306	0.00698	0.00994	0.00972	0.01007	0.00709	0.00663	0.04837	0.01087	0.01451	0.01380	0.05257	0.01385	0.02369	0.02582	0.71283	0.00619	0.00680	0.00348	0.00373
8	0.01716	0.01465	0.01703	0.01754	0.09278	0.01646	0.01253	0.05509	0.50272	0.02843	0.02808	0.03270	0.02293	0.01065	0.00758	0.00249	0.00615	0.09764	0.00674	0.01065
9	0.01606	0.01706	0.03287	0.05336	0.08005	0.04040	0.44059	0.04321	0.01687	0.02250	0.01864	0.12806	0.01709	0.00904	0.00829	0.00245	0.01021	0.02996	0.00424	0.00904
10	0.01037	0.00706	0.00848	0.00854	0.00879	0.00726	0.00529	0.01088	0.01074	0.01450	0.02246	0.04489	0.02516	0.61434	0.14275	0.00749	0.00880	0.03317	0.00432	0.00472
11	0.07530	0.01880	0.01854	0.01481	0.01979	0.07295	0.01203	0.47864	0.05152	0.03807	0.02371	0.02341	0.10156	0.00960	0.00706	0.00216	0.00744	0.00728	0.00662	0.01070
12	0.01477	0.01266	0.01477	0.01055	0.01687	0.00949	0.00844	0.01793	0.01477	0.02320	0.01266	0.01477	0.01055	0.00527	0.00527	0.00105	0.00527	0.00422	0.00422	0.79328
13	0.02671	0.01908	0.02066	0.01599	0.02156	0.02098	0.01316	0.59077	0.08083	0.08872	0.01871	0.01827	0.01319	0.00865	0.00713	0.00216	0.00755	0.00658	0.00725	0.01205
14	0.02089	0.08944	0.02180	0.02113	0.14947	0.31971	0.01417	0.02646	0.13314	0.02154	0.07485	0.01958	0.01680	0.00824	0.00725	0.00204	0.03345	0.00622	0.00454	0.00927
15	0.00842	0.00721	0.00721	0.00721	0.00962	0.00601	0.00541	0.01022	0.01623	0.01924	0.07213	0.06853	0.70244	0.01803	0.00842	0.00240	0.00361	0.01503	0.00661	0.00601
16	0.01360	0.01281	0.02164	0.70707	0.07340	0.01586	0.01985	0.01833	0.01431	0.01838	0.01268	0.01893	0.00956	0.00709	0.00712	0.00236	0.00945	0.00633	0.00318	0.00804
17	0.00919	0.00711	0.00848	0.00920	0.01083	0.00640	0.00695	0.01123	0.01587	0.02014	0.11312	0.26173	0.34052	0.01923	0.00886	0.00268	0.00426	0.13136	0.00671	0.00611
18	0.02366	0.01029	0.01382	0.01122	0.01531	0.00903	0.00902	0.02660	0.02018	0.45324	0.26276	0.03560	0.05544	0.01108	0.00763	0.00222	0.00505	0.00938	0.00841	0.01006
19	0.01477	0.01266	0.01477	0.01055	0.01687	0.00949	0.00844	0.01793	0.01477	0.02320	0.01266	0.01477	0.01055	0.00527	0.00527	0.00105	0.00527	0.00422	0.00422	0.79328
20	0.01036	0.00690	0.00777	0.00777	0.00777	0.00690	0.00431	0.01036	0.01036	0.01381	0.02244	0.04660	0.02589	0.74975	0.03624	0.00690	0.00690	0.01036	0.00431	0.00431
21	0.01477	0.01266	0.01477	0.01055	0.01687	0.00949	0.00844	0.01793	0.01477	0.02320	0.01266	0.01477	0.01055	0.00527	0.00527	0.00105	0.00527	0.00422	0.00422	0.79328
22	0.01771	0.01530	0.01610	0.01449	0.01852	0.01771	0.01127	0.03784	0.69247	0.02979	0.02898	0.02657	0.02174	0.00966	0.00725	0.00242	0.00564	0.00805	0.00725	0.01127
23	0.01351	0.01275	0.02137	0.71008	0.04808	0.01601	0.01964	0.01816	0.01413	0.01816	0.01255	0.01888	0.00949	0.00729	0.00763	0.00240	0.03247	0.00633	0.00316	0.00791
24	0.01456	0.07850	0.67361	0.01982	0.03009	0.01721	0.02549	0.02248	0.01500	0.02221	0.01261	0.01482	0.00903	0.00673	0.00664	0.00221	0.01035	0.00518	0.00301	0.01044
25	0.01017	0.00763	0.01144	0.01144	0.01272	0.00890	0.00890	0.01272	0.01144	0.01653	0.01907	0.02797	0.01780	0.05340	0.72153	0.01144	0.01907	0.00763	0.00381	0.00636
26	0.01733	0.01490	0.01577	0.01422	0.01813	0.01717	0.01105	0.03663	0.65915	0.02973	0.06231	0.02789	0.02399	0.00990	0.00730	0.00241	0.00552	0.00829	0.00727	0.01105
27	0.01959	0.72205	0.03642	0.01220	0.01827	0.02741	0.01211	0.02190	0.01472	0.04665	0.01068	0.01197	0.00950	0.00621	0.00468	0.00155	0.00755	0.00395	0.00329	0.00927
28	0.01995	0.66736	0.03525	0.01293	0.01873	0.11159	0.01237	0.02218	0.01516	0.01683	0.01003	0.01159	0.00914	0.00624	0.00479	0.00156	0.00824	0.00390	0.00312	0.00903
29	0.01448	0.03548	0.66151	0.02104	0.03131	0.01665	0.07631	0.02257	0.01517	0.02257	0.01290	0.01535	0.00916	0.00671	0.00689	0.00227	0.01064	0.00550	0.00305	0.01045
30	0.01036	0.00690	0.00777	0.00777	0.00777	0.00690	0.00431	0.01036	0.01036	0.01381	0.02244	0.04660	0.02589	0.74975	0.03624	0.00690	0.00690	0.01036	0.00431	0.00431
31	0.01681	0.01921	0.04202	0.03001	0.03721	0.01801	0.67947	0.02281	0.01681	0.02281	0.01441	0.01921	0.01080	0.00600	0.00840	0.00240	0.01200	0.00840	0.00360	0.00960
32	0.02588	0.01864	0.02021	0.01578	0.02110	0.02047	0.01292	0.59134	0.05543	0.07169	0.01929	0.06005	0.01473	0.00940	0.00724	0.00219	0.00746	0.00731	0.00717	0.01171
33	0.00842	0.00721	0.00721	0.00721	0.00962	0.00601	0.00541	0.01022	0.01623	0.01924	0.07213	0.06853	0.70244	0.01803	0.00842	0.00240	0.00361	0.01503	0.00661	0.00601
34	0.00930	0.00725	0.00844	0.00814	0.01016	0.00639	0.00611	0.01193	0.01832	0.02420	0.40758	0.06035	0.36390	0.01618	0.00841	0.00232	0.00347	0.01388	0.00727	0.00639
35	0.01762	0.01692	0.02890	0.04371	0.70533	0.01692	0.02185	0.02185	0.01621	0.02326	0.01339	0.01762	0.01128	0.00634	0.00705	0.00211	0.00846	0.00634	0.00352	0.01128
36	0.02190	0.04643	0.05364	0.07422	0.22207	0.12608	0.01678	0.25397	0.06427	0.02972	0.01509	0.01703	0.01160	0.00753	0.00690	0.00210	0.00887	0.00607	0.00497	0.01077
37	0.01003	0.00724	0.00948	0.00899	0.01063	0.00669	0.00672	0.01332	0.01994	0.02821	0.67965	0.07610	0.06652	0.01481	0.00842	0.00226	0.00338	0.01312	0.00780	0.00669
38	0.01138	0.00813	0.01137	0.01301	0.01461	0.00812	0.01131	0.01459	0.01630	0.02121	0.03775	0.10212	0.04118	0.01976	0.00981	0.00327	0.00648	0.63652	0.00656	0.00653
39	0.80005	0.01377	0.01047	0.00936	0.01377	0.01597	0.00771	0.02093	0.01212	0.03195	0.00991	0.01157	0.00771	0.00661	0.00441	0.00220	0.00551	0.00386	0.00441	0.00771
40	0.00944	0.00700	0.00881	0.00889	0.01038	0.00636	0.00647	0.01201	0.01786	0.02437	0.42824	0.22783	0.17190	0.01708	0.00857	0.00243	0.00359	0.01508	0.00732	0.00636
41	0.00868	0.00620	0.00826	0.00991	0.01033	0.00578	0.00661	0.00991	0.01363	0.01818	0.03925	0.74510	0.04710	0.02231	0.00909	0.00289	0.00413	0.02024	0.00661	0.00578
42	0.01017	0.00763	0.01144	0.01144	0.01272	0.00890	0.00890	0.01272	0.01144	0.01653	0.01907	0.02797	0.01780	0.05340	0.72153	0.01144	0.01907	0.00763	0.00381	0.00636
43	0.00868	0.00620	0.00826	0.00991	0.01033	0.00578	0.00661	0.00991	0.01363	0.01818	0.03925	0.74510	0.04710	0.02231	0.00909	0.00289	0.00413	0.02024	0.00661	0.00578
44	0.00868	0.00620	0.00826	0.00991	0.01033	0.00578	0.00661	0.00991	0.01363	0.01818	0.03925	0.74510	0.04710	0.02231	0.00909	0.00289	0.00413	0.02024	0.00661	0.00578
45	0.80005	0.01377	0.01047	0.00936	0.01377	0.01597	0.00771	0.02093	0.01212	0.03195	0.00991	0.01157	0.00771	0.00661	0.00441	0.00220	0.00551	0.00386	0.00441	0.00771
