[name]
unknown

[dist]
# distance from previous block
# <min> <max>
0	36

[block]
# block no. 0 follows, 27 sequences, length 17
# corresponding to MSA columns:
# 36-52
name=unknown_A
#
# <colnr> <probs for GDERKNQSTAVLIFYWHMCP>
#	G	D	E	R	K	N	Q	S	T	A	V	L	I	F	Y	W	H	M	C	P
0	0.02114	0.08189	0.04235	0.01562	0.05576	0.04864	0.01220	0.13433	0.09325	0.13349	0.02106	0.04342	0.01740	0.07770	0.01067	0.00266	0.04136	0.02729	0.04680	0.07297
1	0.01873	0.04508	0.05661	0.08117	0.02262	0.01529	0.04507	0.15019	0.01989	0.09331	0.07314	0.11367	0.02137	0.01062	0.00891	0.00227	0.07045	0.00869	0.00575	0.13718
2	0.02085	0.17255	0.04796	0.04788	0.02139	0.10170	0.01290	0.13573	0.14586	0.05978	0.02087	0.04973	0.04241	0.00899	0.00675	0.00207	0.00782	0.00694	0.00553	0.08230
3	0.02138	0.11332	0.05793	0.04588	0.02385	0.10900	0.08451	0.15761	0.07594	0.06704	0.06101	0.02019	0.01615	0.00837	0.00774	0.00213	0.03781	0.00668	0.00536	0.07811
4	0.02049	0.01830	0.08454	0.04517	0.02354	0.01662	0.07259	0.26238	0.02301	0.06818	0.02058	0.08183	0.04052	0.00958	0.00800	0.00218	0.03399	0.00795	0.00584	0.15472
5	0.01458	0.03802	0.01346	0.01106	0.01452	0.01050	0.00857	0.10061	0.01850	0.05660	0.09288	0.20041	0.15520	0.01706	0.05460	0.00287	0.00615	0.01194	0.00634	0.16613
6	0.01679	0.01153	0.01409	0.07824	0.01826	0.01179	0.01013	0.17213	0.02155	0.09725	0.14565	0.19664	0.14608	0.01478	0.00835	0.00250	0.00574	0.01268	0.00713	0.00870
7	0.01429	0.01319	0.01509	0.12040	0.02091	0.07641	0.01108	0.01796	0.05236	0.02143	0.05932	0.24642	0.02654	0.01290	0.00871	0.00228	0.05444	0.01091	0.00527	0.21009
8	0.01544	0.01530	0.02101	0.42086	0.03750	0.08127	0.03584	0.02025	0.05148	0.02007	0.04877	0.06861	0.01617	0.00974	0.00987	0.00256	0.10501	0.00788	0.00407	0.00830
9	0.00937	0.00671	0.00891	0.01011	0.01084	0.00625	0.00692	0.01116	0.01575	0.02139	0.18699	0.58123	0.05382	0.02144	0.00931	0.00286	0.00413	0.01937	0.00718	0.00625
10	0.01595	0.01664	0.03198	0.32697	0.07686	0.01809	0.29779	0.02114	0.01580	0.02122	0.01372	0.01950	0.01057	0.00737	0.00949	0.00254	0.07416	0.00752	0.00351	0.00918
11	0.01607	0.05657	0.32878	0.09014	0.03521	0.01853	0.26443	0.02284	0.01604	0.02264	0.01363	0.01756	0.01017	0.00707	0.00855	0.00244	0.04899	0.00681	0.00339	0.01015
12	0.01361	0.00988	0.01117	0.01076	0.01340	0.00976	0.00805	0.03943	0.15968	0.07841	0.08226	0.23379	0.26715	0.01685	0.00855	0.00261	0.00469	0.01451	0.00730	0.00813
13	0.00904	0.00646	0.00861	0.01034	0.01077	0.00603	0.00689	0.01034	0.01421	0.01895	0.04092	0.73426	0.04910	0.02326	0.00948	0.00301	0.00431	0.02110	0.00689	0.00603
14	0.02535	0.05841	0.08202	0.01457	0.01984	0.09679	0.01267	0.05675	0.10791	0.32189	0.02495	0.07604	0.01869	0.00980	0.00725	0.00227	0.00743	0.00787	0.03852	0.01097
15	0.07551	0.01761	0.01885	0.01535	0.02028	0.01943	0.01237	0.41874	0.14025	0.06663	0.02248	0.09948	0.01834	0.01059	0.00749	0.00237	0.00711	0.00844	0.00727	0.01143
16	0.01401	0.00784	0.00818	0.00799	0.00982	0.00790	0.00592	0.05944	0.01652	0.02715	0.02712	0.09374	0.04626	0.05090	0.00767	0.00221	0.00407	0.00872	0.58748	0.00706

[dist]
# distance from previous block
# <min> <max>
12	20

[block]
# block no. 1 follows, 27 sequences, length 12
# corresponding to MSA columns:
# 74-85
name=unknown_B
#
# <colnr> <probs for GDERKNQSTAVLIFYWHMCP>
#	G	D	E	R	K	N	Q	S	T	A	V	L	I	F	Y	W	H	M	C	P
0	0.07169	0.10712	0.58451	0.01949	0.02954	0.01841	0.02455	0.02326	0.01539	0.02362	0.01281	0.01504	0.00932	0.00697	0.00665	0.00227	0.01029	0.00523	0.00324	0.01061
1	0.00904	0.00646	0.00861	0.01034	0.01077	0.00603	0.00689	0.01034	0.01421	0.01895	0.04092	0.73426	0.04910	0.02326	0.00948	0.00301	0.00431	0.02110	0.00689	0.00603
2	0.01491	0.00935	0.01164	0.01043	0.01319	0.00887	0.00804	0.02014	0.09611	0.13638	0.44355	0.04908	0.12066	0.01400	0.00841	0.00237	0.00425	0.01212	0.00813	0.00838
3	0.02183	0.31098	0.07820	0.02049	0.12301	0.17588	0.01596	0.09921	0.01887	0.02252	0.01219	0.01436	0.01023	0.00732	0.00692	0.00195	0.04105	0.00508	0.00389	0.01006
4	0.01107	0.00721	0.00848	0.00859	0.00903	0.00736	0.00538	0.01197	0.01181	0.01686	0.02416	0.08706	0.02621	0.50357	0.12107	0.00682	0.00820	0.01055	0.10938	0.00521
5	0.00904	0.00646	0.00861	0.01034	0.01077	0.00603	0.00689	0.01034	0.01421	0.01895	0.04092	0.73426	0.04910	0.02326	0.00948	0.00301	0.00431	0.02110	0.00689	0.00603
6	0.07079	0.27546	0.09611	0.01513	0.02112	0.14246	0.01399	0.07904	0.06677	0.12982	0.01587	0.01629	0.01203	0.00761	0.00617	0.00200	0.00869	0.00536	0.00498	0.01032
7	0.02361	0.06222	0.02053	0.01472	0.02055	0.01897	0.01216	0.38210	0.07682	0.06085	0.01786	0.01826	0.01325	0.00804	0.00674	0.00193	0.00712	0.00615	0.03489	0.19323
8	0.00936	0.00731	0.00849	0.00869	0.01051	0.00644	0.00633	0.01161	0.01758	0.02278	0.25507	0.21185	0.36011	0.01867	0.00892	0.00257	0.00380	0.01617	0.00728	0.00644
9	0.02494	0.01762	0.01971	0.01572	0.02068	0.01933	0.01281	0.49649	0.02956	0.08264	0.02009	0.05812	0.01581	0.01656	0.11058	0.00370	0.00956	0.00769	0.00700	0.01139
10	0.05104	0.24716	0.25014	0.01505	0.02203	0.01873	0.01631	0.04364	0.01752	0.10557	0.12385	0.02203	0.02040	0.00846	0.00658	0.00210	0.00795	0.00652	0.00490	0.01001
11	0.02680	0.02058	0.06976	0.01658	0.02214	0.12949	0.05235	0.21273	0.02404	0.25525	0.04570	0.02234	0.01653	0.04082	0.00876	0.00245	0.00865	0.00711	0.00680	0.01112

[dist]
# distance from previous block
# <min> <max>
9	28

[block]
# block no. 2 follows, 27 sequences, length 12
# corresponding to MSA columns:
# 115-126
name=unknown_C
#
# <colnr> <probs for GDERKNQSTAVLIFYWHMCP>
#	G	D	E	R	K	N	Q	S	T	A	V	L	I	F	Y	W	H	M	C	P
0	0.01637	0.06841	0.48301	0.02268	0.07732	0.01725	0.09387	0.02350	0.01615	0.05774	0.01541	0.04766	0.01195	0.00771	0.00727	0.00234	0.01030	0.00662	0.00372	0.01072
1	0.01329	0.00874	0.01044	0.00967	0.01229	0.00800	0.00736	0.01727	0.06583	0.11098	0.31107	0.09204	0.27313	0.01574	0.00855	0.00244	0.00416	0.01350	0.00775	0.00775
2	0.00902	0.00655	0.00852	0.01010	0.01071	0.00605	0.00679	0.01036	0.01444	0.01904	0.04380	0.67849	0.10300	0.02288	0.00942	0.00297	0.00426	0.02065	0.00689	0.00605
3	0.02403	0.08368	0.04686	0.01593	0.02142	0.04132	0.01344	0.30363	0.25112	0.08783	0.02193	0.02104	0.01602	0.00900	0.00720	0.00227	0.00748	0.00699	0.00696	0.01187
4	0.01521	0.03340	0.55133	0.02148	0.03099	0.01714	0.10030	0.02291	0.01566	0.02348	0.01393	0.01686	0.01016	0.00735	0.00804	0.00238	0.04746	0.00600	0.04542	0.01049
5	0.00962	0.00800	0.00849	0.00852	0.01090	0.00713	0.00641	0.01280	0.05744	0.02147	0.11612	0.11484	0.53490	0.01836	0.00880	0.00256	0.00401	0.03595	0.00703	0.00666
6	0.01426	0.09350	0.02075	0.01608	0.01749	0.01755	0.04198	0.01636	0.01264	0.01812	0.01735	0.13369	0.01810	0.02336	0.17582	0.00498	0.33731	0.00899	0.00401	0.00769
7	0.01875	0.02014	0.11979	0.09976	0.15404	0.06723	0.01761	0.10163	0.06062	0.04811	0.01685	0.05074	0.01391	0.00928	0.00985	0.00243	0.11811	0.00712	0.05398	0.01005
8	0.01070	0.00750	0.00959	0.00954	0.01016	0.00790	0.00639	0.01195	0.01215	0.01682	0.08464	0.04251	0.02812	0.43493	0.26731	0.00838	0.01124	0.01006	0.00466	0.00547
9	0.00911	0.00711	0.00827	0.00886	0.01046	0.00627	0.00631	0.01097	0.01640	0.02090	0.14230	0.32952	0.35695	0.02007	0.00905	0.00268	0.00394	0.01751	0.00706	0.00627
10	0.02310	0.01626	0.01705	0.01387	0.01831	0.03660	0.01116	0.38560	0.06090	0.06868	0.02311	0.05473	0.03722	0.00983	0.00702	0.00216	0.00670	0.00773	0.18933	0.01063
11	0.02753	0.02020	0.02278	0.01746	0.02339	0.02212	0.04294	0.58472	0.06201	0.07271	0.01873	0.01867	0.01325	0.00886	0.00749	0.00226	0.00818	0.00689	0.00734	0.01247

[dist]
# distance from previous block
# <min> <max>
0	1

[block]
# block no. 3 follows, 27 sequences, length 24
# corresponding to MSA columns:
# 128-151
name=unknown_D
#
# <colnr> <probs for GDERKNQSTAVLIFYWHMCP>
#	G	D	E	R	K	N	Q	S	T	A	V	L	I	F	Y	W	H	M	C	P
0	0.02459	0.01922	0.02620	0.01967	0.02580	0.02005	0.16742	0.40949	0.04738	0.07922	0.01863	0.03828	0.01386	0.00856	0.00771	0.00227	0.00878	0.00755	0.00651	0.04882
1	0.03275	0.00966	0.01292	0.14787	0.02011	0.01026	0.01053	0.07803	0.01729	0.02336	0.09593	0.37200	0.06921	0.01721	0.00869	0.00275	0.00585	0.05195	0.00631	0.00731
2	0.02193	0.51960	0.03333	0.01474	0.02016	0.21988	0.01329	0.02416	0.01662	0.01768	0.01062	0.01247	0.00954	0.00695	0.00599	0.00174	0.03443	0.00429	0.00336	0.00922
3	0.01737	0.01954	0.04178	0.02984	0.03728	0.01814	0.61892	0.02342	0.01737	0.02381	0.01489	0.01969	0.01124	0.00620	0.00853	0.00240	0.01201	0.00845	0.00380	0.06531
4	0.07041	0.18285	0.30856	0.01708	0.02506	0.01828	0.05309	0.02572	0.01681	0.17251	0.03236	0.01794	0.01289	0.00752	0.00662	0.00218	0.00884	0.00587	0.00473	0.01069
5	0.01051	0.00806	0.00969	0.00929	0.01133	0.00751	0.00696	0.01462	0.06230	0.02684	0.45776	0.09031	0.22489	0.01616	0.00872	0.00242	0.00376	0.01404	0.00774	0.00708
6	0.00999	0.00798	0.00882	0.00883	0.01092	0.00728	0.00657	0.01308	0.05303	0.02178	0.16203	0.09704	0.41951	0.08370	0.01148	0.00299	0.00438	0.05712	0.00691	0.00655
7	0.01949	0.69322	0.08615	0.01331	0.01999	0.02851	0.01375	0.02232	0.01513	0.01790	0.01054	0.01218	0.00952	0.00640	0.00493	0.00164	0.00816	0.00408	0.00317	0.00963
8	0.02986	0.01558	0.05498	0.01526	0.02130	0.01360	0.05073	0.10857	0.06497	0.50408	0.02634	0.02375	0.01710	0.00893	0.00752	0.00232	0.00711	0.00741	0.00824	0.01233
9	0.00903	0.00651	0.00856	0.01020	0.01073	0.00604	0.00683	0.01035	0.01435	0.01901	0.04263	0.70106	0.08119	0.02303	0.00944	0.00299	0.00428	0.02083	0.00689	0.00604
10	0.02806	0.02000	0.02308	0.01756	0.02358	0.02166	0.05216	0.57218	0.03263	0.10516	0.01871	0.01864	0.01307	0.00878	0.00751	0.00225	0.00825	0.00688	0.00737	0.01247
11	0.01080	0.00720	0.00810	0.00810	0.00810	0.00720	0.00450	0.01080	0.01080	0.01439	0.02339	0.04858	0.02699	0.73910	0.03779	0.00720	0.00720	0.01080	0.00450	0.00450
12	0.01518	0.07958	0.53033	0.02029	0.02939	0.01789	0.05766	0.02243	0.01574	0.02310	0.05462	0.01815	0.01327	0.00791	0.00839	0.00238	0.06370	0.00612	0.00349	0.01037
13	0.00904	0.00646	0.00861	0.01034	0.01077	0.00603	0.00689	0.01034	0.01421	0.01895	0.04092	0.73426	0.04910	0.02326	0.00948	0.00301	0.00431	0.02110	0.00689	0.00603
14	0.01539	0.01319	0.01539	0.01100	0.01759	0.00990	0.00880	0.01869	0.01539	0.02419	0.01319	0.01539	0.01100	0.00550	0.00550	0.00110	0.00550	0.00440	0.00440	0.78449
15	0.01747	0.01643	0.02776	0.07131	0.58924	0.01657	0.02148	0.02179	0.01684	0.02380	0.01676	0.02574	0.01514	0.00820	0.00768	0.00235	0.00864	0.07772	0.00401	0.01106
16	0.02388	0.01075	0.01432	0.01192	0.01591	0.00962	0.00944	0.04728	0.02074	0.40950	0.21052	0.12195	0.03615	0.01257	0.00807	0.00239	0.00536	0.01077	0.00857	0.01027
17	0.01346	0.00910	0.01128	0.01029	0.01277	0.00876	0.00786	0.01900	0.10417	0.09003	0.49933	0.05039	0.10582	0.01426	0.00849	0.00237	0.00408	0.01241	0.00809	0.00806
18	0.02570	0.01611	0.01782	0.01409	0.01901	0.01714	0.01150	0.39016	0.04851	0.16126	0.02171	0.02165	0.01540	0.00894	0.00695	0.00214	0.00673	0.00693	0.17689	0.01135
19	0.01821	0.01933	0.06830	0.11152	0.55370	0.05356	0.02240	0.02280	0.01684	0.02335	0.01372	0.01810	0.01132	0.00678	0.00731	0.00223	0.00929	0.00645	0.00361	0.01119
20	0.01079	0.00724	0.00830	0.00830	0.00837	0.00731	0.00475	0.01093	0.01086	0.01455	0.02320	0.04754	0.02654	0.70242	0.07385	0.00745	0.00788	0.01064	0.00447	0.00461
21	0.15939	0.01334	0.01579	0.01254	0.01771	0.01286	0.01028	0.10706	0.02113	0.43090	0.05862	0.02653	0.06185	0.00967	0.00712	0.00230	0.00614	0.00759	0.00800	0.01117
22	0.30653	0.12239	0.01617	0.05644	0.01694	0.01661	0.00953	0.10349	0.01684	0.03014	0.01542	0.01771	0.01209	0.00760	0.00534	0.00203	0.00601	0.00534	0.22483	0.00855
23	0.04672	0.00927	0.01152	0.01064	0.01330	0.00877	0.00807	0.01975	0.06600	0.16672	0.29396	0.18785	0.09747	0.01519	0.00838	0.00249	0.00454	0.01322	0.00783	0.00830

[dist]
# distance from previous block
# <min> <max>
0	1

[block]
# block no. 4 follows, 27 sequences, length 33
# corresponding to MSA columns:
# 153-185
name=unknown_E
#
# <colnr> <probs for GDERKNQSTAVLIFYWHMCP>
#	G	D	E	R	K	N	Q	S	T	A	V	L	I	F	Y	W	H	M	C	P
0	0.09097	0.01923	0.08310	0.09595	0.15194	0.04509	0.01623	0.18714	0.10982	0.05713	0.01967	0.04028	0.03355	0.00876	0.00720	0.00233	0.00810	0.00715	0.00554	0.01079
1	0.06725	0.01459	0.02362	0.51719	0.12386	0.01712	0.05434	0.05509	0.01618	0.02233	0.01345	0.01901	0.01022	0.00731	0.00730	0.00242	0.00954	0.00655	0.00368	0.00899
2	0.01453	0.00802	0.00825	0.00786	0.00968	0.00819	0.00578	0.06627	0.01641	0.02736	0.02362	0.02973	0.01961	0.10680	0.00974	0.00250	0.00432	0.00742	0.61688	0.00703
3	0.01265	0.00902	0.01077	0.01104	0.01256	0.00905	0.00783	0.12276	0.01774	0.02394	0.03674	0.50439	0.07055	0.06100	0.01050	0.00303	0.00506	0.01706	0.04719	0.00712
4	0.01590	0.12638	0.53408	0.02044	0.03022	0.01897	0.06840	0.02422	0.05137	0.02316	0.01396	0.01613	0.01026	0.00707	0.00690	0.00227	0.01041	0.00567	0.00342	0.01076
5	0.01039	0.00898	0.00916	0.00934	0.01135	0.04689	0.00691	0.01254	0.01744	0.02171	0.18193	0.19060	0.38230	0.01838	0.00885	0.00257	0.00450	0.04270	0.00696	0.00652
6	0.02513	0.01138	0.01485	0.01204	0.01641	0.01039	0.00969	0.05407	0.04728	0.42465	0.21568	0.03374	0.03300	0.01088	0.00772	0.00229	0.00544	0.00914	0.04548	0.01073
7	0.07594	0.13076	0.43399	0.01866	0.02738	0.03837	0.04221	0.02530	0.09530	0.02419	0.01471	0.01640	0.01097	0.00730	0.00665	0.00225	0.00966	0.00560	0.00382	0.01054
8	0.04632	0.02132	0.07952	0.13741	0.02690	0.12642	0.01536	0.29168	0.02428	0.04790	0.01826	0.09693	0.01545	0.00983	0.00742	0.00232	0.00898	0.00781	0.00567	0.01022
9	0.00920	0.00754	0.00811	0.00797	0.01029	0.00645	0.00597	0.01147	0.01792	0.02243	0.22529	0.06753	0.53821	0.01791	0.00877	0.00246	0.00370	0.01512	0.00721	0.00645
10	0.00955	0.00753	0.00849	0.00826	0.01035	0.00660	0.00612	0.01197	0.01823	0.02358	0.31240	0.06411	0.41619	0.05168	0.01015	0.00266	0.00382	0.01456	0.00728	0.00647
11	0.10263	0.46604	0.05297	0.05181	0.02146	0.10899	0.01341	0.06985	0.01699	0.02163	0.01126	0.01308	0.00961	0.00683	0.00539	0.00182	0.00859	0.00446	0.00372	0.00946
12	0.04622	0.01649	0.02597	0.17677	0.08079	0.05374	0.17034	0.01995	0.01537	0.02125	0.04402	0.02355	0.06469	0.00970	0.01215	0.00262	0.19585	0.00786	0.00397	0.00871
13	0.01037	0.00704	0.00829	0.00868	0.00885	0.00691	0.00517	0.01081	0.01201	0.01608	0.05350	0.21242	0.03394	0.54013	0.02990	0.00601	0.00636	0.01336	0.00521	0.00496
14	0.01022	0.00794	0.00935	0.00904	0.01112	0.00729	0.00676	0.01394	0.05353	0.02578	0.40031	0.09618	0.28802	0.01664	0.00874	0.00244	0.00376	0.01438	0.00761	0.00694
15	0.02057	0.02100	0.18618	0.01633	0.02251	0.01645	0.03345	0.19561	0.13279	0.11487	0.13676	0.02645	0.02415	0.00970	0.00763	0.00234	0.00756	0.00800	0.00664	0.01102
16	0.01753	0.01331	0.01837	0.07472	0.16657	0.01405	0.01418	0.02623	0.21114	0.10093	0.06546	0.08314	0.02686	0.01204	0.00816	0.00260	0.00680	0.12141	0.00643	0.01006
17	0.01384	0.00692	0.00692	0.00692	0.00865	0.00692	0.00519	0.01730	0.01557	0.02768	0.02422	0.02768	0.01903	0.00865	0.00519	0.00173	0.00346	0.00692	0.78031	0.00692
18	0.12953	0.02361	0.02025	0.01658	0.02172	0.20229	0.01328	0.39322	0.04980	0.03695	0.01557	0.01622	0.01154	0.00835	0.00686	0.00216	0.00914	0.00589	0.00611	0.01093
19	0.01634	0.01317	0.01549	0.01111	0.01766	0.00995	0.00891	0.01961	0.01570	0.05968	0.01404	0.01591	0.01138	0.00569	0.00560	0.00116	0.00554	0.00456	0.00465	0.74383
20	0.01402	0.01319	0.02227	0.72126	0.05113	0.01649	0.02062	0.01897	0.01484	0.01897	0.01319	0.01979	0.00990	0.00742	0.00742	0.00247	0.00990	0.00660	0.00330	0.00825
21	0.01926	0.65981	0.11751	0.01371	0.02061	0.02793	0.01445	0.02238	0.01515	0.01818	0.01068	0.01236	0.00951	0.00643	0.00504	0.00168	0.00830	0.00415	0.00317	0.00970
22	0.01178	0.00841	0.01175	0.01346	0.01509	0.00838	0.01164	0.01506	0.01691	0.02201	0.03941	0.12527	0.04313	0.02068	0.01020	0.00339	0.00667	0.60314	0.00684	0.00678
23	0.00923	0.00670	0.00852	0.00978	0.01050	0.00620	0.00657	0.01062	0.01466	0.01935	0.08081	0.56581	0.12293	0.07711	0.01152	0.00324	0.00442	0.01924	0.00678	0.00600
24	0.02718	0.01915	0.02100	0.01601	0.02201	0.02036	0.01319	0.53349	0.03135	0.10414	0.01834	0.01822	0.01296	0.00854	0.00720	0.00210	0.00768	0.00649	0.00723	0.10335
25	0.00925	0.00754	0.00818	0.00802	0.01032	0.00647	0.00601	0.01157	0.01804	0.02270	0.24254	0.06708	0.52080	0.01781	0.00877	0.00246	0.00369	0.01506	0.00724	0.00647
26	0.00916	0.00651	0.00858	0.01019	0.01060	0.00610	0.00674	0.01037	0.01399	0.01866	0.03980	0.69049	0.04769	0.06896	0.01128	0.00328	0.00449	0.02045	0.00674	0.00593
27	0.05555	0.00803	0.00793	0.00760	0.00970	0.00827	0.00580	0.05148	0.01642	0.02897	0.02315	0.02634	0.01812	0.00857	0.00527	0.00179	0.00383	0.00675	0.69913	0.00728
28	0.04110	0.03605	0.58837	0.02022	0.03014	0.07270	0.02490	0.02462	0.01630	0.05888	0.01392	0.01588	0.00985	0.00721	0.00697	0.00231	0.01076	0.00549	0.00355	0.01078
29	0.03036	0.01251	0.01663	0.01306	0.01838	0.01122	0.01068	0.03474	0.07430	0.59297	0.07989	0.02778	0.02268	0.00972	0.00757	0.00232	0.00607	0.00800	0.00898	0.01213
30	0.00919	0.00666	0.00872	0.01031	0.01098	0.00619	0.00709	0.01065	0.01459	0.01922	0.04345	0.64608	0.09781	0.02276	0.00947	0.00300	0.00441	0.05644	0.00689	0.00609
31	0.12080	0.34821	0.02662	0.01304	0.01842	0.02269	0.01157	0.15421	0.05714	0.07920	0.01547	0.01789	0.01275	0.06351	0.00818	0.00235	0.00740	0.00558	0.00504	0.00995
32	0.02318	0.01576	0.01826	0.01551	0.04540	0.01663	0.01200	0.36512	0.02659	0.11571	0.06482	0.06255	0.03630	0.01390	0.06411	0.00301	0.00798	0.00823	0.04390	0.04104

[dist]
# distance from previous block
# <min> <max>
0	19

[block]
# block no. 5 follows, 27 sequences, length 50
# corresponding to MSA columns:
# 205-214,222-261
name=unknown_F
#
# <colnr> <probs for GDERKNQSTAVLIFYWHMCP>
#	G	D	E	R	K	N	Q	S	T	A	V	L	I	F	Y	W	H	M	C	P
0	0.05892	0.01294	0.01577	0.01727	0.11049	0.01369	0.01184	0.06097	0.21390	0.02669	0.03100	0.08001	0.08387	0.03357	0.02592	0.00290	0.00659	0.12077	0.02925	0.04364
1	0.06620	0.00984	0.01068	0.01013	0.01207	0.01040	0.00736	0.03928	0.10374	0.02286	0.07835	0.10309	0.18061	0.20112	0.01640	0.00371	0.04434	0.01152	0.06125	0.00706
2	0.07245	0.05467	0.02273	0.11511	0.24105	0.12157	0.01638	0.09246	0.01880	0.02519	0.05480	0.04319	0.01682	0.01079	0.03828	0.00268	0.00930	0.02943	0.00458	0.00971
3	0.02123	0.08533	0.04286	0.01295	0.01752	0.05209	0.01082	0.09820	0.04003	0.21227	0.10600	0.12015	0.06488	0.01156	0.00748	0.00222	0.00643	0.00956	0.00689	0.07151
4	0.02125	0.01444	0.01634	0.01278	0.01781	0.01423	0.01034	0.25793	0.02292	0.09872	0.01891	0.02041	0.01428	0.01114	0.05495	0.00249	0.00719	0.00623	0.14502	0.23263
5	0.21444	0.04249	0.01635	0.06303	0.01932	0.04088	0.01084	0.20393	0.06236	0.07527	0.01786	0.02037	0.01378	0.04896	0.00798	0.00246	0.00687	0.00626	0.11697	0.00958
6	0.01169	0.00826	0.01158	0.01140	0.01294	0.00943	0.00887	0.03698	0.01326	0.01977	0.02043	0.02855	0.01842	0.04732	0.58437	0.01013	0.01713	0.00776	0.11483	0.00688
7	0.01383	0.00946	0.01123	0.01028	0.01203	0.00963	0.00731	0.10435	0.01747	0.04956	0.17625	0.06851	0.07369	0.30515	0.09444	0.00529	0.00751	0.01104	0.00609	0.00690
8	0.02282	0.01320	0.01564	0.01301	0.01742	0.01329	0.01039	0.11142	0.18928	0.27177	0.14251	0.03425	0.08941	0.01127	0.00782	0.00237	0.00573	0.00935	0.00817	0.01088
9	0.01653	0.01308	0.01527	0.01117	0.01722	0.01034	0.00883	0.04775	0.01622	0.05834	0.01493	0.01836	0.01258	0.05813	0.00798	0.00164	0.00578	0.00511	0.00478	0.65595
10	0.00997	0.00751	0.00933	0.00993	0.01137	0.00665	0.00682	0.01150	0.01443	0.01943	0.03998	0.51370	0.11654	0.07302	0.01096	0.00301	0.00461	0.01754	0.00639	0.10731
11	0.00920	0.00667	0.00843	0.00976	0.01039	0.00618	0.00649	0.01042	0.01417	0.01860	0.04313	0.58220	0.12301	0.09909	0.01241	0.00340	0.00455	0.01936	0.00664	0.00589
12	0.15846	0.03637	0.02072	0.08263	0.02357	0.04078	0.01393	0.36931	0.02496	0.03625	0.01459	0.01651	0.01100	0.00889	0.00921	0.00238	0.10804	0.00606	0.00575	0.01059
13	0.74923	0.01426	0.01126	0.00995	0.01461	0.01633	0.00820	0.02262	0.01311	0.07040	0.01139	0.01280	0.00862	0.00702	0.00475	0.00230	0.00577	0.00421	0.00485	0.00830
14	0.00920	0.00671	0.00850	0.00976	0.01050	0.00619	0.00657	0.01059	0.01467	0.01932	0.07674	0.56613	0.13243	0.07168	0.01130	0.00320	0.00439	0.01930	0.00679	0.00600
15	0.02677	0.01765	0.02020	0.05685	0.02293	0.01901	0.01330	0.43436	0.06156	0.17126	0.03766	0.04749	0.01685	0.00962	0.00755	0.00230	0.00753	0.00762	0.00754	0.01195
16	0.01813	0.01911	0.07754	0.04384	0.64608	0.01761	0.02311	0.02283	0.01682	0.02420	0.01392	0.01818	0.01159	0.00665	0.00733	0.00222	0.00897	0.00653	0.00364	0.01170
17	0.01051	0.00759	0.00992	0.00934	0.01109	0.00700	0.00700	0.01401	0.02101	0.02977	0.68888	0.05545	0.07005	0.01518	0.00876	0.00233	0.00350	0.01343	0.00817	0.00700
18	0.01001	0.00710	0.00815	0.00852	0.00914	0.00676	0.00532	0.01075	0.01299	0.01689	0.05479	0.20668	0.15797	0.42376	0.02520	0.00525	0.00580	0.01409	0.00558	0.00524
19	0.01030	0.00966	0.04822	0.03764	0.01405	0.00783	0.00847	0.01318	0.03538	0.02091	0.08436	0.35078	0.24027	0.01824	0.00866	0.00261	0.00481	0.01598	0.00646	0.06219
20	0.02149	0.01572	0.01745	0.01467	0.01864	0.01703	0.01164	0.42622	0.02724	0.03644	0.02496	0.18679	0.02403	0.06503	0.01025	0.00284	0.00713	0.05522	0.00705	0.01014
21	0.00931	0.00759	0.00827	0.00857	0.01061	0.00671	0.00624	0.01186	0.04122	0.02082	0.10409	0.22219	0.47781	0.01928	0.00889	0.00261	0.00395	0.01651	0.00700	0.00646
22	0.01726	0.01824	0.03614	0.12004	0.23133	0.01785	0.37464	0.02272	0.01694	0.02334	0.01442	0.01935	0.01123	0.00648	0.00807	0.00236	0.01086	0.00771	0.00370	0.03731
23	0.01428	0.01336	0.02195	0.68007	0.04927	0.01661	0.02010	0.02016	0.05360	0.01967	0.01419	0.02025	0.01064	0.00758	0.00743	0.00248	0.00966	0.00670	0.00355	0.00845
24	0.01432	0.01361	0.02233	0.62673	0.04687	0.01733	0.02003	0.01882	0.01438	0.01882	0.01273	0.01931	0.00988	0.00817	0.00970	0.00258	0.10629	0.00658	0.00329	0.00823
25	0.01652	0.01703	0.02766	0.02200	0.02427	0.02102	0.18030	0.01941	0.01315	0.01972	0.01127	0.01715	0.01020	0.01087	0.01936	0.00294	0.50481	0.00695	0.00344	0.05192
26	0.01076	0.00735	0.00886	0.00886	0.00912	0.00761	0.00544	0.01128	0.01102	0.01496	0.02270	0.04474	0.02532	0.60382	0.17078	0.00813	0.00971	0.01023	0.00440	0.00492
27	0.01509	0.03719	0.66153	0.02258	0.07066	0.01726	0.02716	0.02347	0.01575	0.02355	0.01336	0.01583	0.00954	0.00703	0.00707	0.00234	0.01085	0.00555	0.00317	0.01102
28	0.01734	0.01949	0.04081	0.02961	0.03606	0.01934	0.57360	0.02294	0.01665	0.02294	0.01427	0.01949	0.01105	0.00721	0.01098	0.00261	0.11376	0.00844	0.00368	0.00974
29	0.01088	0.00765	0.00964	0.00946	0.01132	0.00694	0.00709	0.01374	0.01911	0.05093	0.42663	0.15329	0.18379	0.01702	0.00888	0.00251	0.00392	0.04256	0.00773	0.00693
30	0.01807	0.01733	0.02959	0.09221	0.64850	0.01756	0.02263	0.02252	0.01676	0.02389	0.01391	0.01847	0.01163	0.00667	0.00735	0.00222	0.00889	0.00661	0.00365	0.01152
31	0.01506	0.01507	0.12788	0.01391	0.01829	0.01130	0.05684	0.02164	0.09916	0.09849	0.38245	0.03994	0.04486	0.01198	0.00820	0.00237	0.00594	0.01056	0.00707	0.00903
32	0.02988	0.01242	0.01651	0.01294	0.01816	0.01112	0.01058	0.05518	0.04498	0.57211	0.10793	0.02872	0.02452	0.00993	0.00762	0.00231	0.00603	0.00819	0.00895	0.01193
33	0.01074	0.00804	0.01003	0.00967	0.01152	0.00762	0.00719	0.01506	0.06536	0.02780	0.51743	0.12701	0.12239	0.01602	0.00875	0.00244	0.00378	0.01410	0.00787	0.00716
34	0.01530	0.01319	0.01587	0.06003	0.01991	0.01035	0.00961	0.01871	0.01536	0.02383	0.01319	0.01570	0.01092	0.00563	0.00563	0.00119	0.00580	0.00455	0.00432	0.73090
35	0.06717	0.00840	0.00964	0.00898	0.01149	0.00770	0.00686	0.01491	0.01895	0.07373	0.37095	0.05603	0.28710	0.01548	0.00837	0.00239	0.00395	0.01315	0.00752	0.00721
36	0.00937	0.00749	0.00839	0.00828	0.01042	0.00651	0.00617	0.01177	0.01817	0.02329	0.28142	0.09932	0.44760	0.01780	0.00880	0.00247	0.00370	0.01518	0.00733	0.00651
37	0.00930	0.00662	0.00870	0.01009	0.01061	0.00620	0.00674	0.01071	0.01460	0.01963	0.09926	0.62454	0.04950	0.07193	0.01136	0.00324	0.00443	0.01969	0.00684	0.00601
38	0.13392	0.02568	0.02207	0.07421	0.19751	0.35757	0.01606	0.04825	0.01881	0.02297	0.01230	0.01510	0.01004	0.00730	0.00664	0.00209	0.01068	0.00534	0.00398	0.00946
39	0.01303	0.00817	0.01060	0.00966	0.01193	0.00741	0.00736	0.01635	0.02075	0.10673	0.56847	0.05309	0.10822	0.01474	0.00861	0.00234	0.00385	0.01289	0.00820	0.00761
40	0.00944	0.00655	0.00880	0.01021	0.01072	0.00614	0.00687	0.01060	0.01446	0.01943	0.09337	0.62692	0.04830	0.02276	0.01080	0.05818	0.00439	0.01942	0.00674	0.00591
41	0.01895	0.02109	0.11409	0.03956	0.53885	0.04133	0.02247	0.06911	0.01817	0.02556	0.01407	0.01782	0.01145	0.00687	0.00730	0.00222	0.00920	0.00641	0.00388	0.01161
42	0.07693	0.11815	0.06097	0.01634	0.06727	0.01778	0.01319	0.16561	0.09210	0.19970	0.07994	0.02281	0.01928	0.00890	0.00697	0.00221	0.00705	0.00703	0.00665	0.01113
43	0.01260	0.00840	0.01075	0.03022	0.01357	0.00777	0.00842	0.01564	0.01896	0.08846	0.31026	0.06169	0.22197	0.01646	0.00891	0.00261	0.00471	0.14374	0.00751	0.00734
44	0.02498	0.04653	0.02076	0.01584	0.02104	0.02080	0.01303	0.51379	0.07325	0.04137	0.02067	0.06098	0.01654	0.01009	0.00745	0.00229	0.00754	0.03002	0.04142	0.01162
45	0.01700	0.01252	0.01432	0.01315	0.01589	0.01333	0.00999	0.25046	0.06862	0.02969	0.03014	0.31813	0.03163	0.08053	0.01117	0.00310	0.00625	0.05840	0.00691	0.00874
46	0.01607	0.16120	0.52467	0.02181	0.08797	0.01942	0.02442	0.02322	0.01568	0.02251	0.01285	0.01525	0.00963	0.00689	0.00667	0.00220	0.01025	0.00532	0.00319	0.01079
47	0.02092	0.01458	0.04140	0.01384	0.01831	0.01405	0.01123	0.14720	0.18195	0.17316	0.02794	0.18388	0.02430	0.01212	0.00774	0.00239	0.00620	0.01028	0.00728	0.08121
48	0.05216	0.44500	0.17444	0.01445	0.02108	0.02357	0.01527	0.04633	0.01549	0.02056	0.01240	0.01502	0.01064	0.01256	0.09016	0.00305	0.00993	0.00488	0.00349	0.00954
49	0.01605	0.31364	0.25036	0.01534	0.02186	0.02053	0.01672	0.02057	0.01573	0.02115	0.10105	0.02174	0.04163	0.01030	0.03137	0.00244	0.05978	0.00641	0.00397	0.00937

[dist]
# distance from previous block
# <min> <max>
0	5

[block]
# block no. 6 follows, 27 sequences, length 23
# corresponding to MSA columns:
# 267-289
name=unknown_G
#
# <colnr> <probs for GDERKNQSTAVLIFYWHMCP>
#	G	D	E	R	K	N	Q	S	T	A	V	L	I	F	Y	W	H	M	C	P
0	0.07873	0.24724	0.27914	0.01910	0.02696	0.08608	0.12039	0.02361	0.01605	0.02198	0.01227	0.01472	0.00964	0.00676	0.00640	0.00210	0.01011	0.00536	0.00342	0.00993
1	0.01364	0.08915	0.01392	0.01076	0.01319	0.01164	0.00815	0.03615	0.12596	0.02368	0.13283	0.19224	0.04790	0.08925	0.01164	0.03751	0.00528	0.01154	0.08628	0.03926
2	0.01591	0.06451	0.44294	0.02296	0.09786	0.01674	0.08067	0.02273	0.01616	0.04571	0.01682	0.05035	0.01400	0.00855	0.00746	0.00241	0.01003	0.04987	0.00386	0.01047
3	0.08222	0.39082	0.05686	0.01653	0.07204	0.06926	0.01386	0.02347	0.07336	0.02090	0.01460	0.01643	0.03283	0.00793	0.00753	0.00203	0.08061	0.00532	0.00388	0.00952
4	0.00921	0.00663	0.00875	0.01028	0.01091	0.00617	0.00702	0.01071	0.01477	0.01966	0.07506	0.64939	0.07744	0.02256	0.00944	0.00297	0.00433	0.04163	0.00695	0.00612
5	0.01057	0.00722	0.00827	0.00835	0.00860	0.00718	0.00492	0.01088	0.01142	0.01513	0.02755	0.08083	0.07268	0.62406	0.06698	0.00691	0.00744	0.01147	0.00475	0.00479
6	0.02079	0.32232	0.08136	0.01582	0.02060	0.09957	0.01458	0.06721	0.01678	0.07171	0.01351	0.03839	0.01175	0.00894	0.00997	0.00219	0.16509	0.00574	0.00413	0.00956
7	0.07779	0.01826	0.05681	0.27897	0.29354	0.07054	0.05584	0.02197	0.01613	0.02255	0.01324	0.01797	0.01050	0.00700	0.00717	0.00231	0.00962	0.00633	0.00360	0.00984
8	0.08474	0.01289	0.01678	0.01305	0.01865	0.01163	0.01075	0.03533	0.04867	0.62391	0.02803	0.02446	0.01785	0.00907	0.00727	0.00231	0.00626	0.00727	0.00880	0.01228
9	0.00992	0.00784	0.00894	0.00908	0.01110	0.00714	0.00679	0.01298	0.04669	0.02252	0.19979	0.14862	0.37472	0.04189	0.00986	0.00275	0.00420	0.06141	0.00712	0.00663
10	0.36751	0.07959	0.04658	0.04715	0.06519	0.01735	0.01189	0.10706	0.01732	0.10236	0.01594	0.06428	0.01307	0.00848	0.00604	0.00228	0.00684	0.00625	0.00530	0.00952
11	0.00894	0.00740	0.00784	0.00801	0.01020	0.00629	0.00590	0.01087	0.01690	0.02067	0.11814	0.15169	0.56342	0.01907	0.00886	0.00256	0.00381	0.01616	0.00699	0.00629
12	0.12240	0.01284	0.01649	0.01280	0.01841	0.01159	0.01057	0.03449	0.02024	0.61984	0.02706	0.02372	0.01716	0.00892	0.00713	0.00230	0.00625	0.00706	0.00865	0.01209
13	0.02044	0.20562	0.05224	0.01769	0.07234	0.13921	0.01403	0.13998	0.01956	0.02429	0.04376	0.02085	0.04511	0.03471	0.04068	0.00273	0.08626	0.00647	0.00457	0.00947
14	0.02850	0.02034	0.02200	0.01687	0.02280	0.02235	0.01393	0.63324	0.03415	0.08265	0.01845	0.01823	0.01294	0.00893	0.00743	0.00223	0.00807	0.00673	0.00752	0.01263
15	0.00901	0.00752	0.00790	0.00813	0.01045	0.00641	0.00616	0.01096	0.01675	0.02013	0.07041	0.11737	0.60178	0.01922	0.00892	0.00260	0.00401	0.05910	0.00689	0.00629
16	0.01617	0.01673	0.02824	0.24432	0.06267	0.06377	0.24355	0.02066	0.01593	0.02114	0.01613	0.07529	0.01394	0.00884	0.00955	0.00252	0.08037	0.00837	0.04303	0.00878
17	0.08348	0.12954	0.05534	0.01420	0.01970	0.01633	0.04764	0.05998	0.12438	0.25741	0.05192	0.02575	0.06387	0.00932	0.00702	0.00225	0.00684	0.00753	0.00674	0.01076
18	0.01086	0.00823	0.01009	0.00951	0.01157	0.00779	0.00716	0.01548	0.07185	0.02836	0.54229	0.05576	0.16237	0.01534	0.00866	0.00238	0.00373	0.01338	0.00793	0.00726
19	0.01703	0.00995	0.01081	0.00962	0.01205	0.01067	0.00757	0.11926	0.01852	0.05731	0.02244	0.02526	0.01737	0.00901	0.00695	0.00193	0.05389	0.00688	0.57537	0.00812
20	0.03900	0.01600	0.05044	0.02050	0.11928	0.03321	0.10885	0.13592	0.04703	0.05635	0.15330	0.07119	0.07281	0.01115	0.00806	0.00240	0.00747	0.03125	0.00611	0.00969
21	0.05127	0.01714	0.02863	0.04291	0.64206	0.01723	0.02165	0.02235	0.01664	0.02447	0.01466	0.04078	0.01278	0.00715	0.00730	0.00223	0.00854	0.00696	0.00382	0.01142
22	0.00917	0.00653	0.00864	0.01021	0.01067	0.00611	0.00680	0.01048	0.01430	0.01913	0.06198	0.68355	0.04890	0.05211	0.01060	0.00316	0.00440	0.02043	0.00684	0.00600

[dist]
# distance from previous block
# <min> <max>
0	36

[block]
# block no. 7 follows, 27 sequences, length 21
# corresponding to MSA columns:
# 326-346
name=unknown_H
#
# <colnr> <probs for GDERKNQSTAVLIFYWHMCP>
#	G	D	E	R	K	N	Q	S	T	A	V	L	I	F	Y	W	H	M	C	P
0	0.38374	0.05959	0.07188	0.01825	0.07301	0.10938	0.11503	0.02389	0.01550	0.05058	0.01238	0.01469	0.00957	0.00693	0.00603	0.00224	0.00858	0.00529	0.00426	0.00917
1	0.19204	0.08633	0.23590	0.11661	0.12485	0.04317	0.01908	0.02221	0.01496	0.02420	0.01220	0.01543	0.00954	0.00729	0.00732	0.00230	0.04794	0.00537	0.00360	0.00969
2	0.01843	0.20993	0.16511	0.01585	0.05687	0.01744	0.01478	0.07134	0.01839	0.09777	0.10846	0.04480	0.04359	0.00933	0.00685	0.00208	0.00743	0.02080	0.00524	0.06551
3	0.10480	0.06457	0.09308	0.02529	0.20710	0.25262	0.03318	0.02548	0.01757	0.05488	0.01302	0.01565	0.01046	0.00746	0.00754	0.00216	0.04570	0.00554	0.00399	0.00991
4	0.07325	0.04208	0.32967	0.02361	0.16986	0.01681	0.02076	0.02559	0.08730	0.07543	0.01618	0.01790	0.01200	0.00733	0.00689	0.00224	0.00887	0.00599	0.00435	0.05387
5	0.01878	0.01868	0.02887	0.09201	0.59548	0.07052	0.02198	0.02303	0.01707	0.02341	0.01372	0.01809	0.01146	0.00675	0.00730	0.00220	0.00925	0.00647	0.00366	0.01127
6	0.00939	0.00680	0.00879	0.00984	0.01069	0.00629	0.00674	0.01114	0.01572	0.02114	0.17835	0.52015	0.10035	0.04517	0.01022	0.00297	0.00419	0.01875	0.00708	0.00620
7	0.01532	0.01339	0.02142	0.34978	0.03456	0.01553	0.09441	0.06917	0.01628	0.02256	0.01685	0.05644	0.01432	0.04854	0.01055	0.00271	0.07287	0.00783	0.10917	0.00830
8	0.08416	0.01353	0.01636	0.01286	0.01802	0.01307	0.01055	0.15135	0.02244	0.43912	0.02510	0.02324	0.01664	0.00890	0.00695	0.00221	0.00625	0.00700	0.11071	0.01155
9	0.00913	0.00652	0.00869	0.01028	0.01079	0.00608	0.00690	0.01054	0.01459	0.01955	0.07674	0.69673	0.05026	0.02281	0.00944	0.00298	0.00426	0.02068	0.00696	0.00608
10	0.00927	0.00656	0.00855	0.01005	0.01042	0.00618	0.00658	0.01040	0.01377	0.01836	0.03866	0.64609	0.04626	0.11531	0.01312	0.00355	0.00468	0.01978	0.00658	0.00583
11	0.70220	0.01390	0.01118	0.00988	0.01443	0.01580	0.00812	0.02265	0.01338	0.08073	0.01232	0.01371	0.00928	0.00713	0.00483	0.00227	0.00568	0.00440	0.03979	0.00832
12	0.00924	0.00660	0.00883	0.01056	0.01107	0.00620	0.00723	0.01067	0.01440	0.01917	0.04081	0.69141	0.04868	0.02308	0.00953	0.00304	0.00447	0.06206	0.00689	0.00608
13	0.01122	0.00841	0.01158	0.01146	0.01275	0.00958	0.00858	0.01475	0.06132	0.01774	0.02130	0.03265	0.02042	0.17870	0.53322	0.01036	0.01650	0.00851	0.00434	0.00661
14	0.01023	0.00747	0.00961	0.00931	0.01098	0.00685	0.00689	0.01339	0.02002	0.02795	0.57745	0.12559	0.11397	0.01627	0.00883	0.00242	0.00360	0.01437	0.00795	0.00685
15	0.00923	0.00676	0.00873	0.01022	0.01102	0.00625	0.00711	0.01077	0.01479	0.01935	0.04534	0.59662	0.13351	0.02246	0.00944	0.00298	0.00443	0.06799	0.00689	0.00612
16	0.01732	0.02146	0.09504	0.03050	0.03828	0.01865	0.61604	0.02376	0.01738	0.02376	0.01489	0.01969	0.01112	0.00632	0.00863	0.00249	0.01240	0.00851	0.00371	0.01009
17	0.00963	0.00748	0.00808	0.00815	0.01035	0.00653	0.00616	0.01194	0.01730	0.02220	0.15788	0.09453	0.48153	0.01766	0.00856	0.00248	0.00387	0.04506	0.07414	0.00645
18	0.01394	0.01089	0.01331	0.01369	0.01620	0.01168	0.01131	0.02322	0.24095	0.02570	0.08889	0.08509	0.03838	0.01665	0.00919	0.00301	0.00615	0.35606	0.00719	0.00848
19	0.05054	0.03587	0.01712	0.01306	0.01823	0.01253	0.01070	0.05130	0.10012	0.49509	0.09117	0.02744	0.02311	0.00971	0.00743	0.00230	0.00608	0.00792	0.00852	0.01176
20	0.04828	0.00765	0.00927	0.01003	0.01116	0.00752	0.00708	0.01163	0.01496	0.02052	0.09396	0.45487	0.17693	0.04299	0.01065	0.00297	0.03908	0.01753	0.00662	0.00631

[dist]
# distance from previous block
# <min> <max>
3	27

[block]
# block no. 8 follows, 27 sequences, length 40
# corresponding to MSA columns:
# 374-413
name=unknown_I
#
# <colnr> <probs for GDERKNQSTAVLIFYWHMCP>
#	G	D	E	R	K	N	Q	S	T	A	V	L	I	F	Y	W	H	M	C	P
0	0.38702	0.08049	0.01814	0.12581	0.07837	0.09080	0.01246	0.04290	0.01564	0.02754	0.05003	0.01658	0.01261	0.00752	0.00583	0.00221	0.00761	0.00534	0.00440	0.00866
1	0.01694	0.15702	0.09769	0.05648	0.02136	0.05958	0.01509	0.05336	0.01511	0.02057	0.01464	0.02196	0.01342	0.03625	0.07325	0.00346	0.23141	0.04227	0.04152	0.00861
2	0.02169	0.05954	0.10378	0.07841	0.30091	0.18234	0.01929	0.02575	0.01801	0.09929	0.01482	0.01744	0.01148	0.00725	0.00705	0.00215	0.00990	0.00601	0.00423	0.01066
3	0.01747	0.01138	0.01363	0.01235	0.03630	0.01115	0.00929	0.11329	0.08036	0.14315	0.25947	0.04499	0.18993	0.01337	0.00820	0.00236	0.00509	0.01130	0.00774	0.00917
4	0.02629	0.05327	0.02148	0.01589	0.02156	0.02087	0.01313	0.48027	0.09166	0.09727	0.04075	0.02019	0.01566	0.00899	0.00728	0.00219	0.00754	0.00691	0.00729	0.04151
5	0.02466	0.02004	0.02218	0.19207	0.02999	0.07451	0.01574	0.45748	0.02885	0.03766	0.01618	0.01797	0.01171	0.00844	0.00737	0.00226	0.00900	0.00652	0.00612	0.01123
6	0.05215	0.00897	0.00997	0.00939	0.01142	0.00940	0.00715	0.06526	0.01659	0.06039	0.04099	0.11997	0.02251	0.01183	0.00828	0.04308	0.03940	0.00880	0.44704	0.00743
7	0.01210	0.01012	0.01480	0.01346	0.01524	0.01049	0.07790	0.04773	0.01637	0.02223	0.13149	0.33493	0.09876	0.05930	0.01253	0.00304	0.09113	0.01507	0.00621	0.00712
8	0.01768	0.01427	0.01694	0.04773	0.02005	0.01276	0.01055	0.11391	0.03420	0.04750	0.01489	0.01706	0.01190	0.00824	0.03035	0.00184	0.02952	0.00522	0.00496	0.54045
9	0.00966	0.00696	0.00832	0.00903	0.00976	0.00652	0.00588	0.01076	0.01394	0.01824	0.07799	0.34926	0.15660	0.26086	0.01876	0.00428	0.00513	0.01626	0.00617	0.00562
10	0.01171	0.00789	0.01044	0.01000	0.01189	0.00732	0.00769	0.01510	0.02040	0.06110	0.56975	0.07936	0.06408	0.01569	0.00887	0.00246	0.00400	0.07696	0.00804	0.00723
11	0.01456	0.01123	0.01442	0.01325	0.01589	0.01143	0.04833	0.15632	0.05320	0.02738	0.10406	0.32454	0.08837	0.01705	0.00883	0.00271	0.00580	0.06746	0.00698	0.00817
12	0.01653	0.02098	0.12980	0.06237	0.09417	0.01820	0.38355	0.02222	0.01614	0.02258	0.01434	0.01939	0.01125	0.00997	0.05005	0.00307	0.08423	0.00773	0.00360	0.00983
13	0.00904	0.00646	0.00861	0.01034	0.01077	0.00603	0.00689	0.01034	0.01421	0.01895	0.04092	0.73426	0.04910	0.02326	0.00948	0.00301	0.00431	0.02110	0.00689	0.00603
14	0.02549	0.02094	0.08256	0.01897	0.07522	0.02058	0.01527	0.49110	0.02971	0.07269	0.01800	0.01981	0.01338	0.05083	0.00915	0.00253	0.00832	0.00685	0.00666	0.01194
15	0.04782	0.05799	0.02376	0.10361	0.02549	0.03852	0.09857	0.12768	0.01792	0.02569	0.01358	0.01736	0.01102	0.00853	0.01098	0.00228	0.18151	0.00622	0.04201	0.13947
16	0.01037	0.00717	0.00834	0.00857	0.00892	0.00708	0.00520	0.01086	0.01185	0.01566	0.03002	0.14277	0.08633	0.54035	0.07032	0.00650	0.00724	0.01245	0.00500	0.00498
17	0.01104	0.00784	0.00968	0.01047	0.01129	0.00772	0.00703	0.06681	0.01531	0.02043	0.03545	0.53624	0.04157	0.16463	0.01494	0.00378	0.00521	0.01781	0.00646	0.00629
18	0.01764	0.01483	0.01994	0.05004	0.02225	0.01374	0.08587	0.07735	0.07684	0.05797	0.01782	0.01969	0.03336	0.00736	0.00750	0.00177	0.04451	0.00616	0.00506	0.42030
19	0.01217	0.00944	0.01364	0.01262	0.01454	0.01026	0.04608	0.06389	0.01437	0.01987	0.02479	0.07314	0.06584	0.11956	0.45450	0.00898	0.01519	0.00949	0.00465	0.00699
20	0.01384	0.00692	0.00692	0.00692	0.00865	0.00692	0.00519	0.01730	0.01557	0.02768	0.02422	0.02768	0.01903	0.00865	0.00519	0.00173	0.00346	0.00692	0.78031	0.00692
21	0.58672	0.06143	0.05480	0.01269	0.01752	0.01813	0.04821	0.02171	0.01313	0.02986	0.01072	0.01308	0.00855	0.00737	0.00672	0.00235	0.06973	0.00459	0.00426	0.00842
22	0.00923	0.00661	0.00849	0.00991	0.01041	0.00618	0.00654	0.01041	0.01397	0.01848	0.04084	0.61630	0.08321	0.10651	0.01274	0.00347	0.00461	0.01959	0.00661	0.00586
23	0.02506	0.01933	0.02130	0.01826	0.06197	0.02150	0.01400	0.46376	0.20384	0.04129	0.02086	0.02046	0.01522	0.00908	0.00746	0.00230	0.00760	0.00713	0.00724	0.01234
24	0.01156	0.00932	0.01362	0.01307	0.01413	0.01147	0.01029	0.01395	0.01180	0.01724	0.01830	0.02765	0.01736	0.07158	0.57199	0.01031	0.13789	0.00781	0.00387	0.00681
25	0.01258	0.03592	0.09749	0.04626	0.01635	0.00919	0.01056	0.01521	0.01539	0.08217	0.03769	0.44971	0.10643	0.01813	0.00866	0.00274	0.00566	0.01604	0.00634	0.00751
26	0.63591	0.05960	0.01414	0.01111	0.01588	0.05803	0.00920	0.07770	0.01518	0.03264	0.01104	0.01262	0.00861	0.00708	0.00497	0.00223	0.00652	0.00429	0.00471	0.00855
27	0.00911	0.00651	0.00867	0.01029	0.01078	0.00607	0.00690	0.01050	0.01451	0.01942	0.06913	0.70470	0.05001	0.02291	0.00944	0.00299	0.00427	0.02077	0.00695	0.00607
28	0.00906	0.00736	0.00803	0.00822	0.01029	0.00633	0.00603	0.01107	0.01706	0.02123	0.15474	0.17359	0.50313	0.01900	0.00888	0.00256	0.00381	0.01621	0.00707	0.00633
29	0.01969	0.01594	0.01702	0.01507	0.01942	0.01820	0.01179	0.06311	0.61685	0.07024	0.02969	0.02718	0.02203	0.00998	0.00754	0.00249	0.00599	0.00827	0.00764	0.01183
30	0.67926	0.05797	0.01308	0.01040	0.01506	0.01757	0.00864	0.02336	0.06994	0.03217	0.01204	0.01339	0.00938	0.00713	0.00486	0.00227	0.00588	0.00439	0.00476	0.00845
31	0.02126	0.01914	0.01896	0.01581	0.01962	0.17996	0.05064	0.15213	0.02028	0.06501	0.01724	0.03684	0.01429	0.03663	0.06978	0.00312	0.07907	0.00678	0.09410	0.07930
32	0.06536	0.52412	0.13579	0.01370	0.02042	0.02487	0.01433	0.02274	0.01559	0.05376	0.04127	0.01505	0.01250	0.00702	0.00541	0.00181	0.00800	0.00479	0.00377	0.00970
33	0.01154	0.00885	0.01079	0.00995	0.01229	0.00845	0.00754	0.01699	0.09961	0.02879	0.52240	0.05165	0.11720	0.01443	0.00846	0.00231	0.00391	0.01259	0.00780	0.04443
34	0.05903	0.52655	0.20523	0.01469	0.02212	0.02563	0.01619	0.02253	0.01511	0.01983	0.01108	0.01287	0.00942	0.00656	0.00534	0.00182	0.00859	0.00436	0.00324	0.00982
35	0.01700	0.01488	0.02266	0.06343	0.36557	0.01511	0.01741	0.02350	0.11483	0.04391	0.02342	0.03255	0.04788	0.00991	0.00780	0.00241	0.00763	0.10837	0.00508	0.05666
36	0.01169	0.00771	0.00945	0.00977	0.01139	0.00706	0.00712	0.01351	0.01590	0.07500	0.10181	0.25328	0.21710	0.13315	0.01363	0.00347	0.00501	0.09057	0.00680	0.00657
37	0.01971	0.01422	0.01666	0.01572	0.05654	0.01514	0.01182	0.16337	0.23049	0.10533	0.06645	0.07022	0.08150	0.01241	0.00809	0.00254	0.00632	0.08566	0.00735	0.01046
38	0.09299	0.07649	0.05949	0.06797	0.02339	0.10372	0.01399	0.28347	0.10982	0.03309	0.01967	0.02028	0.04625	0.00881	0.00694	0.00222	0.00833	0.00660	0.00585	0.01064
