[name]
unknown

[dist]
# distance from previous block
# <min> <max>
2	24

[block]
# block no. 0 follows, 30 sequences, length 35
# corresponding to MSA columns:
# 31-65
name=unknown_A
#
# <colnr> <probs for GDERKNQSTAVLIFYWHMCP>
#	G	D	E	R	K	N	Q	S	T	A	V	L	I	F	Y	W	H	M	C	P
0	0.04076	0.01723	0.11018	0.07455	0.07278	0.05054	0.03598	0.07193	0.08205	0.19248	0.02051	0.07963	0.01645	0.00921	0.00762	0.00223	0.03513	0.02475	0.00559	0.05039
1	0.08247	0.06066	0.04781	0.01500	0.04487	0.07485	0.03782	0.08136	0.15896	0.13276	0.02448	0.04299	0.08032	0.00944	0.00738	0.00218	0.03457	0.01917	0.00577	0.03714
2	0.09597	0.07730	0.02170	0.01658	0.04283	0.05091	0.10828	0.10844	0.16442	0.09660	0.06366	0.02077	0.01682	0.00823	0.00752	0.00215	0.04498	0.00677	0.00555	0.04052
3	0.01726	0.01637	0.02087	0.01702	0.04176	0.10699	0.15242	0.09429	0.04240	0.04671	0.07708	0.05272	0.09267	0.00926	0.00782	0.00204	0.03887	0.00808	0.00507	0.15032
4	0.02077	0.01643	0.04227	0.01521	0.02051	0.04504	0.08061	0.20663	0.04146	0.13426	0.01944	0.04348	0.03988	0.00831	0.00757	0.00196	0.04491	0.00678	0.00569	0.19879
5	0.01676	0.14118	0.12560	0.02005	0.04784	0.01737	0.23549	0.06043	0.01618	0.04862	0.01537	0.07628	0.01324	0.00783	0.00772	0.00210	0.04651	0.00726	0.00404	0.09013
6	0.04489	0.06509	0.39457	0.01625	0.02342	0.03680	0.01838	0.08869	0.03915	0.02457	0.08835	0.02149	0.04002	0.01112	0.05507	0.00276	0.00922	0.00648	0.00424	0.00944
7	0.01739	0.01833	0.06924	0.04058	0.64619	0.04165	0.02140	0.02168	0.01596	0.02255	0.01301	0.01695	0.01085	0.00628	0.00687	0.00207	0.00856	0.00609	0.00343	0.01090
8	0.04416	0.01282	0.02133	0.47218	0.08172	0.01479	0.08183	0.04600	0.01481	0.02001	0.01514	0.08702	0.01314	0.00887	0.00789	0.03042	0.00865	0.00759	0.00369	0.00793
9	0.01559	0.01551	0.01964	0.01627	0.01839	0.06674	0.03506	0.01772	0.01250	0.01847	0.01075	0.01562	0.00992	0.01193	0.05297	0.00285	0.44298	0.00563	0.00342	0.20804
10	0.01318	0.01240	0.02093	0.73798	0.04806	0.01550	0.01938	0.01783	0.01395	0.01783	0.01240	0.01860	0.00930	0.00698	0.00698	0.00233	0.00930	0.00620	0.00310	0.00775
11	0.02653	0.01955	0.02094	0.01606	0.02164	0.02164	0.01326	0.68796	0.03281	0.04398	0.01675	0.01675	0.01187	0.00838	0.00698	0.00209	0.00768	0.00628	0.00698	0.01187
12	0.00841	0.00708	0.00729	0.00724	0.00953	0.00596	0.00543	0.01033	0.01629	0.01976	0.13416	0.06566	0.64436	0.01733	0.00825	0.00234	0.00351	0.01452	0.00660	0.00596
13	0.01015	0.00677	0.00761	0.00761	0.00761	0.00677	0.00423	0.01015	0.01015	0.01353	0.02199	0.04567	0.02537	0.75476	0.03552	0.00677	0.00677	0.01015	0.00423	0.00423
14	0.01712	0.45499	0.29895	0.01522	0.02278	0.04755	0.01733	0.02160	0.01459	0.01863	0.01083	0.01261	0.00891	0.00627	0.00537	0.00178	0.00874	0.00431	0.00299	0.00945
15	0.00930	0.00679	0.00880	0.00972	0.01061	0.00650	0.00674	0.01198	0.05017	0.02091	0.20318	0.54057	0.04974	0.01935	0.00865	0.00265	0.00394	0.01744	0.00681	0.00617
16	0.01582	0.01539	0.05130	0.01194	0.01788	0.05387	0.00997	0.03799	0.10513	0.02375	0.01452	0.01595	0.01166	0.00601	0.00561	0.00134	0.00599	0.00476	0.00450	0.58661
17	0.02303	0.01446	0.04378	0.01378	0.01902	0.01326	0.04399	0.13897	0.11434	0.29528	0.08733	0.02383	0.02001	0.00859	0.00695	0.00205	0.00627	0.00717	0.00702	0.11088
18	0.05226	0.25445	0.04812	0.01534	0.01997	0.36540	0.01292	0.05908	0.05037	0.01952	0.01188	0.01352	0.00993	0.00842	0.02942	0.00208	0.01026	0.00461	0.00376	0.00869
19	0.01025	0.00679	0.00775	0.00775	0.00787	0.00685	0.00447	0.01049	0.01037	0.01413	0.02185	0.04403	0.02470	0.69215	0.06828	0.00679	0.00722	0.00988	0.03397	0.00441
20	0.01007	0.00673	0.00763	0.00771	0.00773	0.00671	0.00434	0.01013	0.01030	0.01374	0.02277	0.07930	0.02636	0.71977	0.03425	0.00658	0.00664	0.01061	0.00434	0.00430
21	0.01907	0.64348	0.03359	0.01247	0.01805	0.06817	0.01194	0.05363	0.01529	0.01780	0.01054	0.01232	0.00951	0.00837	0.03921	0.00200	0.00832	0.00408	0.00325	0.00892
22	0.06691	0.01857	0.01998	0.01539	0.02089	0.02035	0.01271	0.59728	0.03063	0.10126	0.01732	0.01708	0.01211	0.00830	0.00685	0.00210	0.00741	0.00622	0.00699	0.01165
23	0.01372	0.00719	0.00727	0.00701	0.00885	0.00731	0.00532	0.05181	0.01560	0.02697	0.02245	0.02553	0.01757	0.00814	0.00499	0.00165	0.00349	0.00649	0.75186	0.00679
24	0.04744	0.01260	0.04000	0.52374	0.06234	0.01434	0.01689	0.01838	0.01437	0.04265	0.04036	0.02021	0.01251	0.00748	0.00706	0.00225	0.02487	0.00637	0.07823	0.00791
25	0.00864	0.00617	0.00826	0.00988	0.01034	0.00579	0.00672	0.00996	0.01350	0.01797	0.03838	0.71570	0.04585	0.02173	0.00894	0.00285	0.00417	0.05295	0.00648	0.00571
26	0.01025	0.00738	0.00934	0.01033	0.01124	0.00722	0.00714	0.07558	0.01525	0.02035	0.03635	0.67898	0.04282	0.02055	0.00872	0.00276	0.00440	0.01852	0.00653	0.00627
27	0.01963	0.02068	0.08030	0.04352	0.02511	0.12553	0.16075	0.19354	0.04267	0.02699	0.01442	0.01675	0.01104	0.00855	0.03377	0.00228	0.00948	0.00604	0.00460	0.15433
28	0.02030	0.01576	0.01757	0.01323	0.01891	0.01544	0.01078	0.35228	0.02349	0.03307	0.01484	0.01616	0.01140	0.00877	0.03674	0.00200	0.00700	0.00535	0.00554	0.37135
29	0.02046	0.01534	0.01709	0.01293	0.01848	0.01493	0.01050	0.33306	0.02325	0.05506	0.01608	0.03749	0.01260	0.00738	0.00618	0.00164	0.00627	0.00578	0.03525	0.35026
30	0.04529	0.01582	0.08483	0.01515	0.04063	0.01510	0.01272	0.19535	0.05349	0.14319	0.08455	0.09540	0.02116	0.01226	0.03683	0.00269	0.10157	0.00827	0.00606	0.00963
31	0.02086	0.05306	0.01819	0.08197	0.02117	0.01687	0.01199	0.22421	0.24134	0.12712	0.02332	0.09053	0.01855	0.00980	0.00708	0.00225	0.00653	0.00806	0.00663	0.01048
32	0.02166	0.01640	0.01925	0.01523	0.01977	0.01772	0.05669	0.48053	0.02690	0.03598	0.02170	0.09220	0.05025	0.05607	0.03418	0.00279	0.00773	0.00841	0.00640	0.01016
33	0.08986	0.03685	0.01518	0.01209	0.01589	0.01306	0.03102	0.16867	0.06442	0.02934	0.20884	0.06901	0.02964	0.01250	0.04229	0.00251	0.00619	0.02736	0.00609	0.11920
34	0.01830	0.01400	0.04930	0.01269	0.01680	0.01324	0.01037	0.21524	0.08492	0.09697	0.04278	0.12529	0.02101	0.08708	0.04427	0.00299	0.00686	0.00868	0.00607	0.12314

[dist]
# distance from previous block
# <min> <max>
12	35

[block]
# block no. 1 follows, 30 sequences, length 63
# corresponding to MSA columns:
# 101-118,121-165
name=unknown_B
#
# <colnr> <probs for GDERKNQSTAVLIFYWHMCP>
#	G	D	E	R	K	N	Q	S	T	A	V	L	I	F	Y	W	H	M	C	P
0	0.05189	0.18810	0.26582	0.01830	0.07065	0.07374	0.03640	0.14092	0.01819	0.02466	0.01350	0.04284	0.01101	0.00738	0.00625	0.00202	0.00884	0.00566	0.00397	0.00985
1	0.01940	0.20400	0.06258	0.06642	0.20313	0.03932	0.01537	0.13730	0.04240	0.07078	0.01687	0.04467	0.03284	0.00781	0.00641	0.00200	0.00772	0.00636	0.00458	0.01004
2	0.07627	0.10456	0.07541	0.07754	0.05838	0.01772	0.01336	0.27684	0.02183	0.05225	0.04697	0.04165	0.06284	0.00875	0.00659	0.00206	0.00716	0.00688	0.00541	0.03751
3	0.02202	0.05833	0.02277	0.04560	0.09691	0.08268	0.05706	0.36021	0.04284	0.03186	0.01543	0.01802	0.01206	0.03686	0.03685	0.00263	0.03589	0.00633	0.00535	0.01030
4	0.02133	0.05099	0.04599	0.04555	0.18105	0.23747	0.08100	0.12937	0.01998	0.05348	0.03691	0.01840	0.03220	0.00754	0.00684	0.00202	0.00954	0.00624	0.00446	0.00964
5	0.04519	0.13182	0.04700	0.09954	0.07841	0.17459	0.01383	0.06363	0.07853	0.09590	0.04106	0.01933	0.03521	0.00807	0.00710	0.00205	0.03873	0.00607	0.00470	0.00924
6	0.26388	0.04672	0.04531	0.01429	0.06221	0.14678	0.01098	0.06545	0.01750	0.09669	0.14453	0.02142	0.02045	0.00840	0.00615	0.00206	0.00702	0.00629	0.00526	0.00859
7	0.01801	0.01533	0.01458	0.01372	0.04425	0.16456	0.01003	0.08121	0.07402	0.10203	0.28755	0.08652	0.03612	0.01145	0.00747	0.00215	0.00642	0.00959	0.00653	0.00844
8	0.04403	0.01355	0.04439	0.01208	0.01667	0.01241	0.01013	0.19822	0.02167	0.23102	0.12079	0.03109	0.11882	0.03067	0.00791	0.00223	0.00584	0.00839	0.00697	0.06313
9	0.01591	0.01055	0.01448	0.04639	0.11378	0.01045	0.01089	0.07274	0.04113	0.13792	0.05242	0.24298	0.07690	0.03454	0.00875	0.00261	0.00582	0.08708	0.00630	0.00834
10	0.01732	0.12144	0.06181	0.01740	0.05123	0.04103	0.14002	0.04617	0.05463	0.05179	0.01382	0.01609	0.01099	0.00660	0.00731	0.00178	0.05789	0.00556	0.00414	0.27297
11	0.01326	0.01238	0.02081	0.68036	0.07238	0.01523	0.01912	0.01783	0.01412	0.01815	0.01347	0.02109	0.01067	0.00747	0.00709	0.00235	0.00914	0.03401	0.00325	0.00782
12	0.01117	0.00606	0.00883	0.00925	0.00936	0.00596	0.00617	0.00925	0.01021	0.01361	0.01902	0.21222	0.02104	0.02362	0.02246	0.58889	0.00553	0.00967	0.00393	0.00372
13	0.01979	0.01620	0.01715	0.01469	0.01907	0.01849	0.01163	0.20968	0.52207	0.03311	0.02531	0.02357	0.01880	0.00918	0.00707	0.00229	0.00609	0.00746	0.00707	0.01126
14	0.01301	0.00650	0.00650	0.00650	0.00813	0.00650	0.00488	0.01626	0.01463	0.02602	0.02276	0.02602	0.01789	0.00813	0.00488	0.00163	0.00325	0.00650	0.79350	0.00650
15	0.02607	0.03326	0.01978	0.01798	0.02157	0.72674	0.01348	0.02787	0.01978	0.01708	0.01079	0.01258	0.00899	0.00719	0.00629	0.00180	0.01258	0.00449	0.00360	0.00809
16	0.01702	0.01470	0.01546	0.01394	0.01783	0.01694	0.01084	0.03609	0.67368	0.02881	0.02995	0.02754	0.04640	0.00977	0.00714	0.00237	0.00545	0.00814	0.00708	0.01086
17	0.01301	0.00650	0.00650	0.00650	0.00813	0.00650	0.00488	0.01626	0.01463	0.02602	0.02276	0.02602	0.01789	0.00813	0.00488	0.00163	0.00325	0.00650	0.79350	0.00650
18	0.01698	0.01629	0.02781	0.09145	0.66485	0.01651	0.02127	0.02117	0.01575	0.02245	0.01308	0.01736	0.01093	0.00627	0.00691	0.00209	0.00836	0.00622	0.00343	0.01082
19	0.05186	0.01245	0.01496	0.01210	0.01671	0.01208	0.00980	0.11158	0.11390	0.38766	0.05919	0.03001	0.11604	0.01014	0.00715	0.00221	0.00563	0.00824	0.00772	0.01055
20	0.01467	0.05380	0.52435	0.01934	0.02811	0.01609	0.08933	0.05673	0.01633	0.02367	0.07856	0.01868	0.01457	0.00735	0.00689	0.00219	0.00956	0.00619	0.00367	0.00991
21	0.01015	0.00677	0.00761	0.00761	0.00761	0.00677	0.00423	0.01015	0.01015	0.01353	0.02199	0.04567	0.02537	0.75476	0.03552	0.00677	0.00677	0.01015	0.00423	0.00423
22	0.01509	0.22080	0.44128	0.01653	0.02456	0.01826	0.01968	0.04188	0.01538	0.02143	0.05311	0.05389	0.01416	0.00774	0.00629	0.00205	0.00876	0.00600	0.00354	0.00956
23	0.02653	0.01955	0.02094	0.01606	0.02164	0.02164	0.01326	0.68796	0.03281	0.04398	0.01675	0.01675	0.01187	0.00838	0.00698	0.00209	0.00768	0.00628	0.00698	0.01187
24	0.00877	0.00644	0.00863	0.01006	0.01045	0.00630	0.00683	0.01000	0.01325	0.01777	0.03728	0.72055	0.04466	0.02147	0.00947	0.00284	0.03382	0.01928	0.00634	0.00575
25	0.01508	0.01658	0.05088	0.04681	0.05364	0.01656	0.37658	0.01938	0.01468	0.02056	0.01566	0.10117	0.01426	0.00906	0.01109	0.00248	0.16176	0.00872	0.00376	0.04128
26	0.01831	0.70543	0.08707	0.01253	0.01882	0.02677	0.01297	0.02098	0.01422	0.01684	0.00991	0.01146	0.00895	0.00602	0.00464	0.00155	0.00767	0.00384	0.00298	0.00906
27	0.01647	0.01882	0.04118	0.02941	0.03647	0.01765	0.68588	0.02235	0.01647	0.02235	0.01412	0.01882	0.01059	0.00588	0.00824	0.00235	0.01176	0.00824	0.00353	0.00941
28	0.01318	0.01240	0.02093	0.73798	0.04806	0.01550	0.01938	0.01783	0.01395	0.01783	0.01240	0.01860	0.00930	0.00698	0.00698	0.00233	0.00930	0.00620	0.00310	0.00775
29	0.08108	0.01709	0.01843	0.01448	0.01935	0.01876	0.01179	0.51472	0.02776	0.08364	0.01742	0.01939	0.01314	0.06254	0.04586	0.00290	0.00790	0.00648	0.00654	0.01073
30	0.01527	0.01527	0.02137	0.01832	0.01832	0.02137	0.01527	0.01679	0.01069	0.01679	0.00916	0.01527	0.00916	0.01221	0.02290	0.00305	0.74198	0.00611	0.00305	0.00763
31	0.01015	0.00677	0.00761	0.00761	0.00761	0.00677	0.00423	0.01015	0.01015	0.01353	0.02199	0.04567	0.02537	0.75476	0.03552	0.00677	0.00677	0.01015	0.00423	0.00423
32	0.01727	0.01658	0.02832	0.04283	0.71123	0.01658	0.02142	0.02142	0.01589	0.02280	0.01313	0.01727	0.01105	0.00622	0.00691	0.00207	0.00829	0.00622	0.00345	0.01105
33	0.02653	0.01955	0.02094	0.01606	0.02164	0.02164	0.01326	0.68796	0.03281	0.04398	0.01675	0.01675	0.01187	0.00838	0.00698	0.00209	0.00768	0.00628	0.00698	0.01187
34	0.01866	0.75896	0.03657	0.01194	0.01791	0.02761	0.01194	0.02090	0.01418	0.01642	0.00970	0.01119	0.00896	0.00597	0.00448	0.00149	0.00746	0.00373	0.00299	0.00896
35	0.00862	0.00693	0.00746	0.00759	0.00943	0.00602	0.00546	0.01030	0.01543	0.01911	0.12392	0.14235	0.50445	0.08848	0.01094	0.00282	0.00388	0.01467	0.00638	0.00577
36	0.01527	0.01527	0.02137	0.01832	0.01832	0.02137	0.01527	0.01679	0.01069	0.01679	0.00916	0.01527	0.00916	0.01221	0.02290	0.00305	0.74198	0.00611	0.00305	0.00763
37	0.01318	0.01240	0.02093	0.73798	0.04806	0.01550	0.01938	0.01783	0.01395	0.01783	0.01240	0.01860	0.00930	0.00698	0.00698	0.00233	0.00930	0.00620	0.00310	0.00775
38	0.00941	0.00653	0.00775	0.00835	0.00866	0.00630	0.00513	0.00998	0.01173	0.01548	0.03144	0.30573	0.08084	0.43416	0.02384	0.00501	0.00554	0.01402	0.00521	0.00487
39	0.02607	0.03326	0.01978	0.01798	0.02157	0.72674	0.01348	0.02787	0.01978	0.01708	0.01079	0.01258	0.00899	0.00719	0.00629	0.00180	0.01258	0.00449	0.00360	0.00809
40	0.00914	0.00705	0.00835	0.00814	0.01000	0.00625	0.00606	0.01171	0.01786	0.02375	0.41418	0.09541	0.32481	0.01605	0.00827	0.00229	0.00343	0.01386	0.00713	0.00625
41	0.01727	0.01658	0.02832	0.04283	0.71123	0.01658	0.02142	0.02142	0.01589	0.02280	0.01313	0.01727	0.01105	0.00622	0.00691	0.00207	0.00829	0.00622	0.00345	0.01105
42	0.00850	0.00607	0.00810	0.00972	0.01012	0.00567	0.00648	0.00972	0.01336	0.01781	0.03846	0.75020	0.04615	0.02186	0.00891	0.00283	0.00405	0.01984	0.00648	0.00567
43	0.02520	0.01840	0.02004	0.01570	0.02087	0.02047	0.01289	0.54536	0.11742	0.07693	0.01857	0.01827	0.01328	0.00867	0.00756	0.00217	0.03313	0.00652	0.00695	0.01161
44	0.00880	0.00697	0.00792	0.00793	0.00983	0.00609	0.00585	0.01099	0.01683	0.02165	0.27087	0.14406	0.42331	0.01708	0.00832	0.00236	0.00352	0.01466	0.00686	0.00609
45	0.03089	0.01254	0.01661	0.01273	0.01815	0.01125	0.01052	0.09103	0.02109	0.65745	0.02659	0.02314	0.01680	0.00861	0.00701	0.00215	0.00609	0.00695	0.00849	0.01188
46	0.80405	0.01350	0.01026	0.00918	0.01350	0.01565	0.00756	0.02051	0.01188	0.03131	0.00972	0.01134	0.00756	0.00648	0.00432	0.00216	0.00540	0.00378	0.00432	0.00756
47	0.01652	0.01581	0.02697	0.17053	0.58940	0.01638	0.02104	0.02076	0.01553	0.02189	0.01299	0.01752	0.01073	0.00636	0.00692	0.00212	0.00848	0.00621	0.00339	0.01045
48	0.05117	0.37208	0.05678	0.01485	0.04352	0.17125	0.01286	0.06430	0.01729	0.11769	0.01310	0.01396	0.01032	0.00680	0.00554	0.00176	0.00842	0.00466	0.00421	0.00944
49	0.01004	0.00853	0.00883	0.00850	0.01110	0.00805	0.00645	0.01521	0.14160	0.02141	0.10879	0.05852	0.53590	0.01592	0.00804	0.00235	0.00388	0.01332	0.00668	0.00689
50	0.00933	0.00694	0.00871	0.00880	0.01034	0.00632	0.00651	0.01190	0.01754	0.02381	0.41719	0.19782	0.18800	0.01669	0.00843	0.00240	0.00363	0.04223	0.00715	0.00625
51	0.01734	0.01817	0.05637	0.10876	0.56845	0.06620	0.02085	0.02154	0.01592	0.02188	0.01287	0.01697	0.01064	0.00638	0.00686	0.00208	0.00878	0.00605	0.00341	0.01049
52	0.01400	0.03610	0.71860	0.01989	0.03020	0.01621	0.02578	0.02210	0.01473	0.02210	0.01252	0.01473	0.00884	0.00663	0.00663	0.00221	0.01031	0.00516	0.00295	0.01031
53	0.01472	0.14858	0.61247	0.01865	0.02829	0.01798	0.02363	0.02191	0.01465	0.02122	0.01208	0.01418	0.00886	0.00653	0.00629	0.00210	0.00987	0.00493	0.00295	0.01010
54	0.01866	0.75896	0.03657	0.01194	0.01791	0.02761	0.01194	0.02090	0.01418	0.01642	0.00970	0.01119	0.00896	0.00597	0.00448	0.00149	0.00746	0.00373	0.00299	0.00896
55	0.00999	0.00677	0.00789	0.00792	0.00818	0.00666	0.00472	0.01054	0.01172	0.01586	0.11963	0.09593	0.03252	0.59920	0.02981	0.00585	0.00609	0.01117	0.00487	0.00466
56	0.01805	0.66551	0.12474	0.01297	0.01950	0.02614	0.01373	0.02105	0.01425	0.01715	0.01007	0.01165	0.00894	0.00606	0.00476	0.00159	0.00783	0.00392	0.00298	0.00913
57	0.04662	0.05988	0.56161	0.01899	0.05601	0.01568	0.02236	0.02106	0.01515	0.02288	0.08231	0.01833	0.01463	0.00735	0.00662	0.00217	0.00920	0.00584	0.00350	0.00980
58	0.01103	0.00727	0.00951	0.01037	0.01134	0.00706	0.00749	0.03793	0.01429	0.04751	0.03359	0.44850	0.03832	0.10465	0.01292	0.04562	0.00512	0.13531	0.00613	0.00600
59	0.01769	0.01466	0.01629	0.01562	0.05557	0.01663	0.01158	0.03516	0.60445	0.05773	0.02789	0.02764	0.02136	0.00966	0.00719	0.00238	0.00573	0.03494	0.00694	0.01089
60	0.02485	0.01786	0.01934	0.01507	0.02029	0.01948	0.01241	0.56574	0.05112	0.06595	0.01824	0.01941	0.01340	0.00859	0.00688	0.00207	0.00719	0.02433	0.04885	0.03891
61	0.01800	0.54481	0.17950	0.01448	0.02128	0.06216	0.03605	0.02157	0.01467	0.01784	0.01049	0.01225	0.00898	0.00617	0.00515	0.00169	0.00847	0.00421	0.00303	0.00921
62	0.02416	0.01781	0.01860	0.01469	0.01940	0.04670	0.01183	0.51724	0.05332	0.06467	0.01814	0.02049	0.01391	0.08353	0.00975	0.00255	0.00745	0.00670	0.03837	0.01070

[dist]
# distance from previous block
# <min> <max>
4	6

[block]
# block no. 2 follows, 30 sequences, length 13
# corresponding to MSA columns:
# 173-185
name=unknown_C
#
# <colnr> <probs for GDERKNQSTAVLIFYWHMCP>
#	G	D	E	R	K	N	Q	S	T	A	V	L	I	F	Y	W	H	M	C	P
0	0.01823	0.69238	0.09938	0.01267	0.01904	0.02656	0.01322	0.02101	0.01423	0.01694	0.00996	0.01152	0.00894	0.00603	0.00468	0.00156	0.00773	0.00386	0.00298	0.00908
1	0.00944	0.00698	0.00886	0.00897	0.01049	0.00640	0.00668	0.01208	0.01764	0.02404	0.42782	0.19027	0.16524	0.01663	0.00846	0.00242	0.00370	0.06043	0.00717	0.00628
2	0.02653	0.01955	0.02094	0.01606	0.02164	0.02164	0.01326	0.68796	0.03281	0.04398	0.01675	0.01675	0.01187	0.00838	0.00698	0.00209	0.00768	0.00628	0.00698	0.01187
3	0.02653	0.01955	0.02094	0.01606	0.02164	0.02164	0.01326	0.68796	0.03281	0.04398	0.01675	0.01675	0.01187	0.00838	0.00698	0.00209	0.00768	0.00628	0.00698	0.01187
4	0.00825	0.00707	0.00707	0.00707	0.00943	0.00589	0.00530	0.01001	0.01591	0.01885	0.07069	0.06716	0.70839	0.01767	0.00825	0.00236	0.00353	0.01473	0.00648	0.00589
5	0.02653	0.01955	0.02094	0.01606	0.02164	0.02164	0.01326	0.68796	0.03281	0.04398	0.01675	0.01675	0.01187	0.00838	0.00698	0.00209	0.00768	0.00628	0.00698	0.01187
6	0.80405	0.01350	0.01026	0.00918	0.01350	0.01565	0.00756	0.02051	0.01188	0.03131	0.00972	0.01134	0.00756	0.00648	0.00432	0.00216	0.00540	0.00378	0.00432	0.00756
7	0.02653	0.01955	0.02094	0.01606	0.02164	0.02164	0.01326	0.68796	0.03281	0.04398	0.01675	0.01675	0.01187	0.00838	0.00698	0.00209	0.00768	0.00628	0.00698	0.01187
8	0.01537	0.24982	0.51695	0.01754	0.02657	0.01958	0.02169	0.02174	0.01457	0.02042	0.01169	0.01369	0.00887	0.00643	0.00599	0.00200	0.00947	0.00474	0.00296	0.00991
9	0.01894	0.55743	0.09190	0.01305	0.01914	0.02479	0.01306	0.11397	0.01710	0.02131	0.04409	0.01422	0.01206	0.00676	0.00519	0.00167	0.00754	0.00463	0.00376	0.00937
10	0.01523	0.22703	0.53845	0.01779	0.02696	0.01922	0.02213	0.02178	0.01459	0.02060	0.01178	0.01380	0.00887	0.00646	0.00606	0.00202	0.00956	0.00478	0.00296	0.00995
11	0.05032	0.34826	0.08984	0.01267	0.01839	0.01911	0.01218	0.04761	0.04054	0.21029	0.07252	0.01899	0.01632	0.00766	0.00585	0.00187	0.00684	0.00572	0.00523	0.00980
12	0.01704	0.35989	0.29525	0.01513	0.02277	0.02111	0.01701	0.06822	0.01574	0.02113	0.01153	0.01325	0.00924	0.00632	0.00554	0.00177	0.00836	0.00450	0.00336	0.08283

[dist]
# distance from previous block
# <min> <max>
8	19

[block]
# block no. 3 follows, 30 sequences, length 30
# corresponding to MSA columns:
# 205-234
name=unknown_D
#
# <colnr> <probs for GDERKNQSTAVLIFYWHMCP>
#	G	D	E	R	K	N	Q	S	T	A	V	L	I	F	Y	W	H	M	C	P
0	0.07172	0.13307	0.01860	0.01280	0.01703	0.14160	0.01049	0.21500	0.02142	0.04531	0.08190	0.02801	0.15517	0.01003	0.00665	0.00202	0.00712	0.00764	0.00559	0.00883
1	0.01537	0.10920	0.01576	0.05122	0.01609	0.04494	0.00927	0.11585	0.08356	0.04715	0.12246	0.03811	0.21199	0.07750	0.00968	0.00254	0.00590	0.00954	0.00587	0.00800
2	0.01676	0.01623	0.02820	0.12065	0.59882	0.01652	0.05808	0.02106	0.01570	0.02221	0.01310	0.01751	0.01083	0.00628	0.00699	0.00212	0.00860	0.00633	0.00342	0.01059
3	0.01823	0.01960	0.03011	0.12369	0.15137	0.12805	0.28847	0.06122	0.03950	0.02226	0.01362	0.01753	0.01062	0.00680	0.00799	0.00223	0.03874	0.00682	0.00377	0.00940
4	0.01686	0.01619	0.02746	0.09775	0.63080	0.01668	0.02101	0.02095	0.01553	0.02216	0.01291	0.01730	0.01084	0.00651	0.00754	0.00213	0.03709	0.00621	0.00341	0.01065
5	0.00848	0.00642	0.00784	0.00888	0.00993	0.00577	0.00613	0.00995	0.01439	0.01855	0.07578	0.51630	0.24578	0.02029	0.00868	0.00266	0.00386	0.01801	0.00653	0.00577
6	0.01093	0.00746	0.00864	0.00840	0.00881	0.00770	0.00514	0.04350	0.01137	0.01530	0.02138	0.04233	0.02388	0.64436	0.10693	0.00701	0.00807	0.00968	0.00431	0.00481
7	0.00888	0.00679	0.00789	0.00819	0.00962	0.00608	0.00577	0.01064	0.01544	0.01998	0.19582	0.23880	0.31948	0.10086	0.01148	0.00294	0.00398	0.01508	0.00649	0.00580
8	0.05237	0.01294	0.02128	0.25179	0.12031	0.01479	0.10163	0.01759	0.01379	0.01997	0.01594	0.09909	0.01460	0.01169	0.04937	0.00290	0.11437	0.00792	0.04966	0.00799
9	0.00850	0.00607	0.00810	0.00972	0.01012	0.00567	0.00648	0.00972	0.01336	0.01781	0.03846	0.75020	0.04615	0.02186	0.00891	0.00283	0.00405	0.01984	0.00648	0.00567
10	0.01715	0.01765	0.03112	0.04672	0.02927	0.07178	0.39797	0.02142	0.01561	0.06072	0.01509	0.05391	0.01252	0.00920	0.03032	0.00263	0.12128	0.00790	0.00391	0.03382
11	0.02068	0.08364	0.01924	0.01499	0.01937	0.13828	0.01195	0.15794	0.39834	0.02886	0.02160	0.02072	0.01636	0.00857	0.00671	0.00214	0.00729	0.00665	0.00613	0.01052
12	0.80405	0.01350	0.01026	0.00918	0.01350	0.01565	0.00756	0.02051	0.01188	0.03131	0.00972	0.01134	0.00756	0.00648	0.00432	0.00216	0.00540	0.00378	0.00432	0.00756
13	0.10554	0.14660	0.46758	0.01762	0.02606	0.01771	0.05884	0.02136	0.01437	0.02214	0.01265	0.03688	0.00997	0.00694	0.00618	0.00212	0.00918	0.00540	0.00325	0.00958
14	0.01294	0.01184	0.01817	0.36213	0.15031	0.01320	0.01552	0.01776	0.06013	0.01985	0.02821	0.03334	0.17054	0.01014	0.00741	0.00234	0.00740	0.04633	0.00438	0.00804
15	0.01039	0.00719	0.00912	0.00880	0.01056	0.00652	0.00654	0.01315	0.01832	0.05574	0.49044	0.14602	0.15992	0.01555	0.00827	0.00230	0.00355	0.01366	0.00738	0.00659
16	0.02653	0.01955	0.02094	0.01606	0.02164	0.02164	0.01326	0.68796	0.03281	0.04398	0.01675	0.01675	0.01187	0.00838	0.00698	0.00209	0.00768	0.00628	0.00698	0.01187
17	0.00931	0.00693	0.00830	0.00851	0.00986	0.00635	0.00609	0.01125	0.01569	0.02072	0.25169	0.17433	0.23887	0.14342	0.01310	0.00320	0.00428	0.05580	0.00646	0.00582
18	0.01278	0.00681	0.00971	0.00950	0.00983	0.00691	0.00648	0.04681	0.01057	0.01411	0.01340	0.04914	0.01342	0.02327	0.02544	0.72214	0.00607	0.00661	0.00338	0.00362
19	0.01670	0.01599	0.02729	0.14048	0.61807	0.01643	0.02113	0.02091	0.01562	0.02210	0.01302	0.01746	0.01081	0.00632	0.00692	0.00211	0.00843	0.00622	0.00340	0.01059
20	0.07163	0.01208	0.01131	0.00993	0.01287	0.05865	0.00779	0.17339	0.04363	0.03006	0.01989	0.02198	0.01532	0.00806	0.00550	0.00181	0.00512	0.00618	0.47670	0.00809
21	0.00939	0.00645	0.00849	0.00982	0.01059	0.00598	0.00682	0.01082	0.01391	0.04067	0.04015	0.63997	0.08864	0.02100	0.00885	0.00280	0.00422	0.05897	0.00654	0.00593
22	0.00850	0.00667	0.00772	0.00846	0.00992	0.00588	0.00604	0.01012	0.01491	0.01871	0.07286	0.36512	0.38021	0.01946	0.00858	0.00259	0.00385	0.03807	0.00651	0.00583
23	0.01042	0.00806	0.01090	0.01155	0.01310	0.00792	0.03382	0.01413	0.07559	0.02006	0.03955	0.37806	0.11008	0.01892	0.00888	0.00284	0.00516	0.21802	0.00641	0.00655
24	0.02299	0.22434	0.06513	0.01763	0.05479	0.43918	0.01417	0.05022	0.01830	0.01849	0.01094	0.01273	0.00918	0.00683	0.00589	0.00177	0.01070	0.00448	0.00352	0.00873
25	0.01490	0.23020	0.47020	0.01674	0.02511	0.01846	0.02032	0.02098	0.01503	0.02107	0.07333	0.01708	0.01392	0.00713	0.00619	0.00201	0.00892	0.00543	0.00338	0.00961
26	0.02437	0.01737	0.01821	0.01453	0.01916	0.05873	0.01163	0.43550	0.06930	0.12519	0.01965	0.03988	0.01529	0.08671	0.00998	0.00261	0.00741	0.00713	0.00671	0.01064
27	0.08446	0.06332	0.53945	0.01857	0.02744	0.01620	0.06609	0.02140	0.01486	0.02302	0.05248	0.01671	0.01215	0.00698	0.00653	0.00218	0.00944	0.00561	0.00338	0.00973
28	0.02147	0.02152	0.01984	0.12346	0.06429	0.25495	0.01403	0.19949	0.03958	0.02589	0.03952	0.01697	0.01252	0.00777	0.00729	0.00198	0.03949	0.00575	0.00469	0.07949
29	0.00933	0.00966	0.07113	0.00876	0.01153	0.00705	0.00749	0.01207	0.01681	0.02180	0.26175	0.05711	0.42395	0.03997	0.00900	0.00244	0.00417	0.01307	0.00646	0.00645

[dist]
# distance from previous block
# <min> <max>
4	20

[block]
# block no. 4 follows, 30 sequences, length 13
# corresponding to MSA columns:
# 255-267
name=unknown_E
#
# <colnr> <probs for GDERKNQSTAVLIFYWHMCP>
#	G	D	E	R	K	N	Q	S	T	A	V	L	I	F	Y	W	H	M	C	P
0	0.01577	0.09081	0.40159	0.01888	0.05766	0.01555	0.09019	0.02185	0.01546	0.07073	0.03971	0.01820	0.01278	0.00705	0.00652	0.00209	0.00879	0.00595	0.09074	0.00969
1	0.05796	0.08398	0.04074	0.01882	0.10674	0.30302	0.01355	0.15120	0.04514	0.02409	0.01619	0.01833	0.04556	0.03623	0.00751	0.00213	0.00936	0.00583	0.00449	0.00915
2	0.01495	0.21416	0.45614	0.01703	0.02503	0.01871	0.02034	0.02086	0.01470	0.02077	0.06011	0.01649	0.01287	0.00733	0.00718	0.00208	0.05305	0.00538	0.00329	0.00955
3	0.00963	0.00700	0.00901	0.00890	0.01037	0.00647	0.00657	0.01241	0.01813	0.02517	0.52099	0.15286	0.10561	0.04031	0.00928	0.00249	0.00365	0.03759	0.00727	0.00632
4	0.01098	0.00907	0.00989	0.00950	0.01197	0.00901	0.00716	0.01771	0.19498	0.02332	0.18614	0.10913	0.34438	0.01518	0.00800	0.00237	0.00405	0.01293	0.00689	0.00736
5	0.07986	0.02953	0.49232	0.02152	0.07754	0.01610	0.10769	0.02251	0.01505	0.05521	0.01324	0.01558	0.00951	0.00659	0.00668	0.00221	0.00975	0.00560	0.00343	0.01010
6	0.01448	0.01374	0.02329	0.51626	0.25959	0.01585	0.02003	0.01897	0.01457	0.01941	0.01263	0.01818	0.00986	0.00673	0.00695	0.00224	0.00898	0.00621	0.00321	0.00881
7	0.00857	0.00613	0.00816	0.00967	0.01014	0.00572	0.00648	0.00990	0.01370	0.01835	0.07386	0.71327	0.04720	0.02146	0.00887	0.00280	0.00401	0.01946	0.00654	0.00572
8	0.01838	0.01911	0.02491	0.11502	0.43817	0.15096	0.01888	0.02279	0.05009	0.02119	0.01317	0.01688	0.01088	0.00693	0.00756	0.00211	0.04343	0.00597	0.00360	0.00996
9	0.01926	0.10350	0.01953	0.01626	0.07422	0.13230	0.01206	0.15999	0.09062	0.05071	0.01741	0.02165	0.01462	0.04411	0.17277	0.00429	0.01067	0.02207	0.00490	0.00907
10	0.00949	0.00679	0.00878	0.00967	0.01049	0.00647	0.00665	0.03482	0.01517	0.02056	0.16760	0.55735	0.04787	0.05127	0.00984	0.00285	0.00415	0.01753	0.00663	0.00601
11	0.01089	0.00948	0.00960	0.00921	0.01161	0.04134	0.00693	0.01577	0.12220	0.02252	0.21373	0.08596	0.38433	0.01529	0.00801	0.00231	0.00423	0.01292	0.00673	0.00695
12	0.01608	0.01489	0.02037	0.17564	0.02514	0.06431	0.05196	0.01887	0.01375	0.05929	0.05392	0.01908	0.01351	0.00979	0.01413	0.00251	0.34078	0.00650	0.03229	0.04718

[dist]
# distance from previous block
# <min> <max>
0	2

[block]
# block no. 5 follows, 30 sequences, length 52
# corresponding to MSA columns:
# 270-321
name=unknown_F
#
# <colnr> <probs for GDERKNQSTAVLIFYWHMCP>
#	G	D	E	R	K	N	Q	S	T	A	V	L	I	F	Y	W	H	M	C	P
0	0.01417	0.01315	0.02067	0.56694	0.09452	0.01589	0.01819	0.02123	0.12503	0.02005	0.01505	0.01971	0.01138	0.00732	0.00699	0.00231	0.00861	0.00648	0.00378	0.00854
1	0.01903	0.65559	0.03377	0.01241	0.01796	0.09620	0.01187	0.02127	0.01497	0.01696	0.03882	0.01303	0.01132	0.00644	0.00481	0.00155	0.00780	0.00418	0.00324	0.00877
2	0.07377	0.13545	0.02300	0.01977	0.11499	0.38523	0.01402	0.08190	0.01859	0.02100	0.01132	0.01343	0.00943	0.00717	0.00682	0.00190	0.04472	0.00480	0.00380	0.00889
3	0.05464	0.01497	0.01644	0.09151	0.02138	0.01738	0.01193	0.08071	0.54549	0.02913	0.02498	0.02389	0.01870	0.00898	0.00695	0.00233	0.00608	0.00740	0.00653	0.01059
4	0.01459	0.01340	0.02171	0.30354	0.05733	0.01595	0.10344	0.04705	0.01448	0.02045	0.01451	0.05307	0.01234	0.00890	0.01065	0.00242	0.17705	0.00713	0.09397	0.00801
5	0.00930	0.00657	0.00863	0.00999	0.01056	0.00631	0.00705	0.01071	0.01337	0.01772	0.03551	0.50508	0.04163	0.13967	0.01335	0.00354	0.00495	0.14437	0.00610	0.00558
6	0.01316	0.01169	0.01919	0.64989	0.04325	0.01442	0.01763	0.01764	0.01404	0.01882	0.01365	0.01950	0.01034	0.00712	0.00672	0.00224	0.00857	0.00624	0.09829	0.00760
7	0.00886	0.00709	0.00792	0.00771	0.00980	0.00615	0.00578	0.01120	0.01735	0.02228	0.30956	0.06152	0.46739	0.01640	0.00824	0.00230	0.00344	0.01394	0.00693	0.00615
8	0.00993	0.00721	0.00941	0.00907	0.01074	0.00668	0.00694	0.01316	0.01929	0.02703	0.62626	0.05497	0.08736	0.01482	0.00835	0.00229	0.00357	0.06883	0.00753	0.00655
9	0.00850	0.00607	0.00810	0.00972	0.01012	0.00567	0.00648	0.00972	0.01336	0.01781	0.03846	0.75020	0.04615	0.02186	0.00891	0.00283	0.00405	0.01984	0.00648	0.00567
10	0.00850	0.00607	0.00810	0.00972	0.01012	0.00567	0.00648	0.00972	0.01336	0.01781	0.03846	0.75020	0.04615	0.02186	0.00891	0.00283	0.00405	0.01984	0.00648	0.00567
11	0.03095	0.01245	0.01655	0.01269	0.01810	0.01110	0.01048	0.08259	0.02093	0.66613	0.02673	0.02323	0.01687	0.00862	0.00701	0.00215	0.00607	0.00696	0.00851	0.01188
12	0.02347	0.01792	0.02075	0.16329	0.02690	0.02023	0.01443	0.52732	0.05342	0.03810	0.01629	0.01747	0.01169	0.00813	0.00698	0.00215	0.00793	0.00633	0.00619	0.01100
13	0.80405	0.01350	0.01026	0.00918	0.01350	0.01565	0.00756	0.02051	0.01188	0.03131	0.00972	0.01134	0.00756	0.00648	0.00432	0.00216	0.00540	0.00378	0.00432	0.00756
14	0.80405	0.01350	0.01026	0.00918	0.01350	0.01565	0.00756	0.02051	0.01188	0.03131	0.00972	0.01134	0.00756	0.00648	0.00432	0.00216	0.00540	0.00378	0.00432	0.00756
15	0.01527	0.01527	0.02137	0.01832	0.01832	0.02137	0.01527	0.01679	0.01069	0.01679	0.00916	0.01527	0.00916	0.01221	0.02290	0.00305	0.74198	0.00611	0.00305	0.00763
16	0.01015	0.00677	0.00761	0.00761	0.00761	0.00677	0.00423	0.01015	0.01015	0.01353	0.02199	0.04567	0.02537	0.75476	0.03552	0.00677	0.00677	0.01015	0.00423	0.00423
17	0.03131	0.01188	0.01619	0.01242	0.01781	0.01026	0.01026	0.03401	0.01997	0.71606	0.02753	0.02375	0.01727	0.00864	0.00702	0.00216	0.00594	0.00702	0.00864	0.01188
18	0.80405	0.01350	0.01026	0.00918	0.01350	0.01565	0.00756	0.02051	0.01188	0.03131	0.00972	0.01134	0.00756	0.00648	0.00432	0.00216	0.00540	0.00378	0.00432	0.00756
19	0.01471	0.00881	0.00904	0.00842	0.01071	0.00934	0.00647	0.07095	0.12142	0.02788	0.02317	0.02531	0.01795	0.00836	0.00538	0.00178	0.00394	0.00670	0.61204	0.00761
20	0.00988	0.00713	0.00933	0.00878	0.01043	0.00658	0.00658	0.01317	0.01975	0.02798	0.70754	0.05213	0.06584	0.01427	0.00823	0.00219	0.00329	0.01262	0.00768	0.00658
21	0.01009	0.00674	0.00763	0.00768	0.00770	0.00673	0.00431	0.01013	0.01026	0.01368	0.02256	0.07031	0.02610	0.72912	0.03459	0.00663	0.00667	0.01049	0.00431	0.00428
22	0.01998	0.58381	0.03267	0.01331	0.01865	0.13090	0.01238	0.05319	0.01574	0.01783	0.01017	0.01184	0.00911	0.00654	0.00567	0.00163	0.04034	0.00407	0.00327	0.00891
23	0.80405	0.01350	0.01026	0.00918	0.01350	0.01565	0.00756	0.02051	0.01188	0.03131	0.00972	0.01134	0.00756	0.00648	0.00432	0.00216	0.00540	0.00378	0.00432	0.00756
24	0.02236	0.08509	0.02219	0.02169	0.15567	0.39682	0.01451	0.04689	0.12802	0.02088	0.01416	0.01567	0.01145	0.00730	0.00642	0.00193	0.01005	0.00537	0.00418	0.00933
25	0.02300	0.01646	0.01842	0.01641	0.06749	0.04392	0.01225	0.34006	0.13017	0.13274	0.04170	0.08705	0.01864	0.00979	0.00719	0.00220	0.00687	0.00799	0.00684	0.01082
26	0.01145	0.00747	0.00968	0.00899	0.01094	0.00680	0.00679	0.01451	0.01927	0.08275	0.58363	0.07651	0.10580	0.01433	0.00816	0.00223	0.00355	0.01258	0.00763	0.00693
27	0.00992	0.00716	0.00940	0.00892	0.01057	0.00664	0.00675	0.01321	0.01962	0.02773	0.68383	0.05307	0.06494	0.01444	0.00828	0.00223	0.00340	0.03567	0.00764	0.00658
28	0.02772	0.01135	0.01522	0.01199	0.01680	0.01005	0.00978	0.03124	0.04937	0.59058	0.12214	0.02780	0.02420	0.00946	0.00719	0.00217	0.00555	0.00783	0.00844	0.01110
29	0.01524	0.01530	0.02211	0.04398	0.02005	0.02103	0.04093	0.01704	0.01102	0.01704	0.00946	0.01552	0.00922	0.01179	0.02178	0.00300	0.68851	0.00619	0.00307	0.00771
30	0.01713	0.01643	0.02807	0.06716	0.68802	0.01654	0.02134	0.02129	0.01582	0.02262	0.01310	0.01732	0.01099	0.00624	0.00691	0.00208	0.00833	0.00622	0.00344	0.01094
31	0.01736	0.01499	0.01578	0.01420	0.01815	0.01736	0.01105	0.03708	0.69862	0.02919	0.02840	0.02604	0.02130	0.00947	0.00710	0.00237	0.00552	0.00789	0.00710	0.01105
32	0.01015	0.00677	0.00761	0.00761	0.00761	0.00677	0.00423	0.01015	0.01015	0.01353	0.02199	0.04567	0.02537	0.75476	0.03552	0.00677	0.00677	0.01015	0.00423	0.00423
33	0.01527	0.01527	0.02137	0.01832	0.01832	0.02137	0.01527	0.01679	0.01069	0.01679	0.00916	0.01527	0.00916	0.01221	0.02290	0.00305	0.74198	0.00611	0.00305	0.00763
34	0.01318	0.01240	0.02093	0.73798	0.04806	0.01550	0.01938	0.01783	0.01395	0.01783	0.01240	0.01860	0.00930	0.00698	0.00698	0.00233	0.00930	0.00620	0.00310	0.00775
35	0.00997	0.00748	0.01121	0.01121	0.01246	0.00872	0.00872	0.01246	0.01121	0.01620	0.01869	0.02741	0.01745	0.05234	0.72710	0.01121	0.01869	0.00748	0.00374	0.00623
36	0.00988	0.00713	0.00933	0.00878	0.01043	0.00658	0.00658	0.01317	0.01975	0.02798	0.70754	0.05213	0.06584	0.01427	0.00823	0.00219	0.00329	0.01262	0.00768	0.00658
37	0.00949	0.00712	0.00880	0.00838	0.01019	0.00642	0.00628	0.01242	0.01885	0.02583	0.55736	0.05567	0.21738	0.01507	0.00823	0.00223	0.00335	0.01312	0.00740	0.00642
38	0.01318	0.01240	0.02093	0.73798	0.04806	0.01550	0.01938	0.01783	0.01395	0.01783	0.01240	0.01860	0.00930	0.00698	0.00698	0.00233	0.00930	0.00620	0.00310	0.00775
39	0.03131	0.01188	0.01619	0.01242	0.01781	0.01026	0.01026	0.03401	0.01997	0.71606	0.02753	0.02375	0.01727	0.00864	0.00702	0.00216	0.00594	0.00702	0.00864	0.01188
40	0.05139	0.01645	0.02754	0.04137	0.68097	0.01654	0.02082	0.02138	0.01572	0.02317	0.01298	0.01701	0.01090	0.00623	0.00680	0.00208	0.00816	0.00611	0.00349	0.01090
41	0.03081	0.01267	0.01669	0.01279	0.01821	0.01144	0.01057	0.10213	0.02131	0.64605	0.02641	0.02302	0.01671	0.00861	0.00701	0.00215	0.00612	0.00694	0.00846	0.01187
42	0.80405	0.01350	0.01026	0.00918	0.01350	0.01565	0.00756	0.02051	0.01188	0.03131	0.00972	0.01134	0.00756	0.00648	0.00432	0.00216	0.00540	0.00378	0.00432	0.00756
43	0.01727	0.01658	0.02832	0.04283	0.71123	0.01658	0.02142	0.02142	0.01589	0.02280	0.01313	0.01727	0.01105	0.00622	0.00691	0.00207	0.00829	0.00622	0.00345	0.01105
44	0.01714	0.01644	0.02808	0.06575	0.68936	0.01654	0.02135	0.02130	0.01583	0.02263	0.01310	0.01732	0.01100	0.00624	0.00691	0.00208	0.00832	0.00622	0.00344	0.01094
45	0.01647	0.01882	0.04118	0.02941	0.03647	0.01765	0.68588	0.02235	0.01647	0.02235	0.01412	0.01882	0.01059	0.00588	0.00824	0.00235	0.01176	0.00824	0.00353	0.00941
46	0.02653	0.01955	0.02094	0.01606	0.02164	0.02164	0.01326	0.68796	0.03281	0.04398	0.01675	0.01675	0.01187	0.00838	0.00698	0.00209	0.00768	0.00628	0.00698	0.01187
47	0.02428	0.01790	0.01931	0.01528	0.02039	0.01981	0.01246	0.51077	0.16212	0.06530	0.04572	0.02017	0.01597	0.00882	0.00705	0.00215	0.00703	0.00687	0.00709	0.01151
48	0.01765	0.01729	0.02796	0.04177	0.68187	0.04681	0.02108	0.02169	0.01605	0.02255	0.01303	0.01707	0.01097	0.00626	0.00688	0.00206	0.00847	0.00614	0.00346	0.01093
49	0.01866	0.75896	0.03657	0.01194	0.01791	0.02761	0.01194	0.02090	0.01418	0.01642	0.00970	0.01119	0.00896	0.00597	0.00448	0.00149	0.00746	0.00373	0.00299	0.00896
50	0.24162	0.01232	0.01458	0.01153	0.01664	0.01173	0.00952	0.03034	0.01777	0.52970	0.02268	0.02037	0.01463	0.00805	0.00628	0.00216	0.00579	0.00614	0.00746	0.01070
51	0.10443	0.01860	0.01948	0.01522	0.02056	0.02072	0.01252	0.57215	0.08016	0.04160	0.01691	0.01690	0.01213	0.00827	0.00672	0.00212	0.00729	0.00615	0.00672	0.01137

[dist]
# distance from previous block
# <min> <max>
0	1

[block]
# block no. 6 follows, 30 sequences, length 55
# corresponding to MSA columns:
# 323-377
name=unknown_G
#
# <colnr> <probs for GDERKNQSTAVLIFYWHMCP>
#	G	D	E	R	K	N	Q	S	T	A	V	L	I	F	Y	W	H	M	C	P
0	0.07734	0.01473	0.02406	0.30760	0.40146	0.01609	0.01955	0.01997	0.01483	0.02155	0.01258	0.01732	0.01011	0.00653	0.00673	0.00218	0.00845	0.00602	0.00339	0.00951
1	0.05223	0.01312	0.01511	0.01248	0.01677	0.01329	0.01015	0.22227	0.06707	0.24275	0.03155	0.03413	0.13352	0.03637	0.00831	0.00244	0.00608	0.06529	0.00717	0.00992
2	0.02233	0.01012	0.01284	0.01043	0.01471	0.00864	0.00841	0.02474	0.01843	0.43758	0.06389	0.03901	0.25132	0.01176	0.00741	0.00219	0.00502	0.00971	0.00774	0.03372
3	0.01615	0.01615	0.02129	0.01822	0.01858	0.04932	0.01512	0.04421	0.01194	0.01790	0.00953	0.01522	0.00926	0.01186	0.02160	0.00297	0.68359	0.00605	0.00323	0.00782
4	0.02653	0.01955	0.02094	0.01606	0.02164	0.02164	0.01326	0.68796	0.03281	0.04398	0.01675	0.01675	0.01187	0.00838	0.00698	0.00209	0.00768	0.00628	0.00698	0.01187
5	0.03131	0.01188	0.01619	0.01242	0.01781	0.01026	0.01026	0.03401	0.01997	0.71606	0.02753	0.02375	0.01727	0.00864	0.00702	0.00216	0.00594	0.00702	0.00864	0.01188
6	0.80405	0.01350	0.01026	0.00918	0.01350	0.01565	0.00756	0.02051	0.01188	0.03131	0.00972	0.01134	0.00756	0.00648	0.00432	0.00216	0.00540	0.00378	0.00432	0.00756
7	0.03110	0.01221	0.01640	0.01258	0.01798	0.01076	0.01039	0.06268	0.02054	0.68659	0.02706	0.02344	0.01704	0.00863	0.00702	0.00216	0.00601	0.00699	0.00856	0.01188
8	0.02721	0.01846	0.02027	0.01554	0.02110	0.02003	0.01284	0.59521	0.03099	0.13930	0.01828	0.01775	0.01263	0.00841	0.00699	0.00210	0.00743	0.00639	0.00722	0.01187
9	0.00844	0.00630	0.00786	0.00911	0.00996	0.00572	0.00621	0.00978	0.01394	0.01805	0.04580	0.59472	0.19690	0.02091	0.00876	0.00273	0.00393	0.01867	0.00648	0.00572
10	0.01318	0.01240	0.02093	0.73798	0.04806	0.01550	0.01938	0.01783	0.01395	0.01783	0.01240	0.01860	0.00930	0.00698	0.00698	0.00233	0.00930	0.00620	0.00310	0.00775
11	0.01318	0.01240	0.02093	0.73798	0.04806	0.01550	0.01938	0.01783	0.01395	0.01783	0.01240	0.01860	0.00930	0.00698	0.00698	0.00233	0.00930	0.00620	0.00310	0.00775
12	0.01187	0.01027	0.01486	0.01376	0.01456	0.01326	0.01107	0.01402	0.01103	0.01641	0.01527	0.02306	0.01447	0.03794	0.47449	0.00829	0.27815	0.00699	0.00349	0.00673
13	0.02607	0.03326	0.01978	0.01798	0.02157	0.72674	0.01348	0.02787	0.01978	0.01708	0.01079	0.01258	0.00899	0.00719	0.00629	0.00180	0.01258	0.00449	0.00360	0.00809
14	0.01400	0.03610	0.71860	0.01989	0.03020	0.01621	0.02578	0.02210	0.01473	0.02210	0.01252	0.01473	0.00884	0.00663	0.00663	0.00221	0.01031	0.00516	0.00295	0.01031
15	0.00857	0.00614	0.00804	0.00953	0.00998	0.00573	0.00633	0.00975	0.01328	0.01764	0.03864	0.69480	0.06535	0.05768	0.01019	0.00301	0.00417	0.01921	0.00637	0.00560
16	0.03131	0.01188	0.01619	0.01242	0.01781	0.01026	0.01026	0.03401	0.01997	0.71606	0.02753	0.02375	0.01727	0.00864	0.00702	0.00216	0.00594	0.00702	0.00864	0.01188
17	0.00850	0.00607	0.00810	0.00972	0.01012	0.00567	0.00648	0.00972	0.01336	0.01781	0.03846	0.75020	0.04615	0.02186	0.00891	0.00283	0.00405	0.01984	0.00648	0.00567
18	0.01713	0.01644	0.02808	0.06608	0.68905	0.01654	0.02135	0.02130	0.01582	0.02263	0.01310	0.01732	0.01099	0.00624	0.00691	0.00208	0.00832	0.00622	0.00344	0.01094
19	0.01727	0.01658	0.02832	0.04283	0.71123	0.01658	0.02142	0.02142	0.01589	0.02280	0.01313	0.01727	0.01105	0.00622	0.00691	0.00207	0.00829	0.00622	0.00345	0.01105
20	0.01601	0.34805	0.42426	0.01646	0.02490	0.02113	0.01981	0.02158	0.01449	0.01965	0.01131	0.01321	0.00889	0.00635	0.00570	0.00190	0.00908	0.00454	0.00296	0.00973
21	0.00849	0.00704	0.00743	0.00742	0.00959	0.00598	0.00553	0.01045	0.01635	0.02010	0.15956	0.09208	0.59122	0.01736	0.00827	0.00235	0.00352	0.01463	0.00665	0.00598
22	0.01622	0.01820	0.03828	0.05433	0.03492	0.01797	0.58836	0.02158	0.01575	0.02158	0.01352	0.01843	0.01039	0.00661	0.00978	0.00243	0.09110	0.00793	0.00346	0.00916
23	0.01474	0.15082	0.61035	0.01863	0.02825	0.01802	0.02359	0.02191	0.01465	0.02120	0.01208	0.01417	0.00886	0.00653	0.00629	0.00210	0.00986	0.00493	0.00295	0.01010
24	0.00850	0.00607	0.00810	0.00972	0.01012	0.00567	0.00648	0.00972	0.01336	0.01781	0.03846	0.75020	0.04615	0.02186	0.00891	0.00283	0.00405	0.01984	0.00648	0.00567
25	0.00885	0.00622	0.00799	0.00927	0.00959	0.00590	0.00600	0.00981	0.01268	0.01691	0.03497	0.60103	0.04175	0.17704	0.01454	0.00367	0.00462	0.01779	0.00600	0.00536
26	0.02390	0.01254	0.01532	0.01278	0.01717	0.01251	0.01018	0.05241	0.24863	0.38409	0.05809	0.07728	0.02265	0.01010	0.00723	0.00228	0.00560	0.00845	0.00787	0.01092
27	0.02782	0.01584	0.01840	0.01417	0.01955	0.01624	0.01169	0.38671	0.02676	0.32528	0.02340	0.02167	0.04145	0.00885	0.00705	0.00213	0.00679	0.00692	0.00766	0.01164
