[name]
unknown

[dist]
# distance from previous block
# <min> <max>
4	28

[block]
# block no. 0 follows, 28 sequences, length 19
# corresponding to MSA columns:
# 30-48
name=unknown_A
#
# <colnr> <probs for GDERKNQSTAVLIFYWHMCP>
#	G	D	E	R	K	N	Q	S	T	A	V	L	I	F	Y	W	H	M	C	P
0	0.05508	0.31091	0.39578	0.01667	0.02508	0.02118	0.01981	0.02211	0.01483	0.02094	0.01175	0.01392	0.00928	0.00710	0.00647	0.02209	0.00923	0.00475	0.00316	0.00986
1	0.01704	0.21985	0.43079	0.01790	0.02634	0.09623	0.02092	0.02298	0.01598	0.02116	0.03943	0.01571	0.01164	0.00711	0.00636	0.00206	0.00994	0.00522	0.00335	0.00997
2	0.01217	0.00647	0.00913	0.00913	0.00913	0.00647	0.00589	0.00971	0.00971	0.01295	0.01489	0.02770	0.01566	0.18353	0.03030	0.61655	0.00647	0.00725	0.00343	0.00343
3	0.07989	0.49175	0.07501	0.01356	0.01959	0.12643	0.01299	0.02265	0.01550	0.01923	0.01065	0.01235	0.00931	0.00643	0.00512	0.00167	0.00842	0.00413	0.00339	0.06192
4	0.02134	0.19420	0.17867	0.01496	0.02139	0.03426	0.01500	0.06915	0.03071	0.19444	0.01965	0.01987	0.04605	0.00828	0.00749	0.00208	0.05044	0.00611	0.00523	0.06071
5	0.02085	0.45626	0.11958	0.01360	0.02003	0.02260	0.01376	0.05234	0.01705	0.13578	0.05414	0.01710	0.01438	0.00739	0.00575	0.00184	0.00765	0.00532	0.00457	0.01001
6	0.01115	0.06339	0.01071	0.00899	0.00992	0.00872	0.00612	0.01205	0.01261	0.01648	0.06111	0.07815	0.07513	0.49335	0.02709	0.00551	0.00654	0.08264	0.00499	0.00533
7	0.00983	0.00729	0.00902	0.00985	0.01084	0.00704	0.00676	0.01259	0.06000	0.02014	0.11362	0.46138	0.10978	0.09782	0.02583	0.00340	0.00478	0.01713	0.00663	0.00627
8	0.01646	0.27779	0.21942	0.01788	0.05246	0.05897	0.08741	0.02084	0.01566	0.02007	0.01908	0.08218	0.06500	0.00886	0.00663	0.00210	0.00881	0.00731	0.00381	0.00928
9	0.01788	0.02548	0.33598	0.02374	0.10986	0.01555	0.15578	0.02400	0.01660	0.12656	0.01767	0.06699	0.01383	0.00809	0.00751	0.00235	0.00967	0.00750	0.00441	0.01056
10	0.01560	0.00819	0.01080	0.01059	0.01275	0.00734	0.00775	0.01751	0.01658	0.21151	0.08904	0.42926	0.09804	0.01794	0.00861	0.00266	0.00466	0.01589	0.00747	0.00781
11	0.01153	0.11535	0.01301	0.00928	0.01168	0.03807	0.00714	0.01351	0.01637	0.02049	0.18693	0.11948	0.29120	0.10127	0.01135	0.00285	0.00504	0.01275	0.00610	0.00662
12	0.01907	0.02030	0.08374	0.02884	0.17818	0.05818	0.30976	0.08062	0.01898	0.06158	0.05526	0.02068	0.01478	0.00724	0.00785	0.00230	0.01018	0.00767	0.00447	0.01036
13	0.01448	0.01048	0.05569	0.01077	0.01367	0.00849	0.00878	0.04498	0.01835	0.13916	0.23327	0.21065	0.15031	0.03576	0.00915	0.00259	0.00489	0.01345	0.00722	0.00787
14	0.01544	0.02885	0.46316	0.01890	0.02731	0.01546	0.06361	0.02387	0.08434	0.05968	0.02175	0.02537	0.06506	0.00891	0.00740	0.00240	0.00932	0.04455	0.00436	0.01026
15	0.01675	0.15126	0.41433	0.01879	0.04395	0.01820	0.04691	0.02444	0.07476	0.06316	0.04880	0.01848	0.01396	0.00752	0.00675	0.00219	0.00918	0.00603	0.00409	0.01046
16	0.01852	0.01533	0.06414	0.07552	0.06111	0.05047	0.04456	0.09305	0.07705	0.13877	0.02670	0.22356	0.04112	0.01257	0.00819	0.00248	0.02040	0.01092	0.00614	0.00939
17	0.02350	0.01026	0.01367	0.01148	0.01530	0.00911	0.00900	0.02587	0.01838	0.43401	0.07582	0.12994	0.07733	0.06400	0.04484	0.00316	0.00626	0.01037	0.00789	0.00983
18	0.01430	0.01274	0.06603	0.01480	0.07532	0.01084	0.01091	0.05123	0.09985	0.06352	0.06081	0.28424	0.09026	0.01435	0.00794	0.00241	0.00564	0.01260	0.00621	0.09602

[dist]
# distance from previous block
# <min> <max>
14	59

[block]
# block no. 1 follows, 28 sequences, length 15
# corresponding to MSA columns:
# 113-127
name=unknown_B
#
# <colnr> <probs for GDERKNQSTAVLIFYWHMCP>
#	G	D	E	R	K	N	Q	S	T	A	V	L	I	F	Y	W	H	M	C	P
0	0.06983	0.03115	0.03344	0.01239	0.01622	0.03201	0.01007	0.13625	0.07060	0.12207	0.06574	0.04654	0.04507	0.09119	0.02972	0.00297	0.02764	0.03100	0.06158	0.06452
1	0.04162	0.00906	0.01103	0.00994	0.01273	0.00829	0.03332	0.01564	0.05247	0.06930	0.19903	0.10421	0.30994	0.04405	0.00931	0.00255	0.00457	0.01292	0.00681	0.04320
2	0.02404	0.07425	0.02106	0.01547	0.02071	0.02121	0.01275	0.44019	0.19015	0.03901	0.02013	0.01980	0.01481	0.00880	0.00700	0.00218	0.00722	0.00676	0.04281	0.01166
3	0.01124	0.00886	0.01257	0.01210	0.01297	0.01067	0.00924	0.01321	0.01140	0.01646	0.01862	0.03014	0.01840	0.17390	0.48962	0.00958	0.12274	0.00808	0.00388	0.00633
4	0.02763	0.02036	0.02182	0.01672	0.02254	0.02254	0.01382	0.67496	0.03418	0.04581	0.01745	0.01745	0.01236	0.00873	0.00727	0.00218	0.00800	0.00654	0.00727	0.01236
5	0.01507	0.01292	0.01507	0.01077	0.01723	0.00969	0.00861	0.01830	0.01507	0.02369	0.01292	0.01507	0.01077	0.00538	0.00538	0.00108	0.00538	0.00431	0.00431	0.78898
6	0.01507	0.01292	0.01507	0.01077	0.01723	0.00969	0.00861	0.01830	0.01507	0.02369	0.01292	0.01507	0.01077	0.00538	0.00538	0.00108	0.00538	0.00431	0.00431	0.78898
7	0.01383	0.01292	0.02128	0.67193	0.04754	0.01565	0.01930	0.01855	0.01458	0.01897	0.01292	0.01905	0.00977	0.00712	0.00712	0.00232	0.00936	0.00629	0.00331	0.06819
8	0.01474	0.09439	0.41293	0.01758	0.02468	0.04144	0.02008	0.02056	0.01564	0.02226	0.10596	0.05850	0.01934	0.00943	0.00895	0.00235	0.09058	0.00718	0.00397	0.00944
9	0.00899	0.00638	0.00840	0.00995	0.01034	0.00599	0.00657	0.01016	0.01366	0.01822	0.03875	0.68690	0.04642	0.07792	0.01140	0.00327	0.00443	0.01989	0.00657	0.00579
10	0.02707	0.02008	0.02150	0.01661	0.02233	0.02228	0.01368	0.63763	0.07241	0.04491	0.01816	0.01802	0.01294	0.00879	0.00728	0.00220	0.00787	0.00664	0.00728	0.01231
11	0.01716	0.01961	0.04289	0.03064	0.03799	0.01838	0.67279	0.02328	0.01716	0.02328	0.01471	0.01961	0.01103	0.00613	0.00858	0.00245	0.01225	0.00858	0.00368	0.00980
12	0.01387	0.01305	0.02180	0.62863	0.10804	0.01576	0.01966	0.01852	0.01482	0.01910	0.01598	0.02174	0.04363	0.00774	0.00733	0.00240	0.00930	0.00690	0.00344	0.00830
13	0.01615	0.01314	0.01369	0.01166	0.01527	0.07091	0.00889	0.08123	0.07559	0.05941	0.19299	0.08682	0.05464	0.06932	0.00966	0.00240	0.00585	0.00941	0.00625	0.19674
14	0.03855	0.01550	0.01593	0.03345	0.03796	0.07612	0.01079	0.11100	0.19497	0.06781	0.06997	0.02962	0.11928	0.01003	0.00713	0.00210	0.00640	0.00813	0.00628	0.13896

[dist]
# distance from previous block
# <min> <max>
3	104

[block]
# block no. 2 follows, 28 sequences, length 14
# corresponding to MSA columns:
# 232-245
name=unknown_C
#
# <colnr> <probs for GDERKNQSTAVLIFYWHMCP>
#	G	D	E	R	K	N	Q	S	T	A	V	L	I	F	Y	W	H	M	C	P
0	0.21356	0.01776	0.06043	0.10075	0.02394	0.04877	0.06682	0.20437	0.02035	0.03157	0.03899	0.01788	0.01279	0.00767	0.00643	0.00215	0.00775	0.00600	0.05143	0.06061
1	0.02124	0.06124	0.02029	0.01511	0.01961	0.08049	0.05465	0.18617	0.05579	0.09743	0.01753	0.02063	0.01396	0.06429	0.02559	0.00262	0.06728	0.00651	0.04648	0.12308
2	0.12627	0.16305	0.05017	0.01620	0.05960	0.01920	0.03615	0.10535	0.01664	0.02496	0.05990	0.03669	0.01581	0.05274	0.01143	0.00254	0.14781	0.00656	0.00447	0.04447
3	0.02248	0.12593	0.02111	0.01603	0.04634	0.20224	0.01230	0.17958	0.10188	0.05504	0.01811	0.04826	0.01508	0.04752	0.00824	0.00230	0.00851	0.00670	0.05261	0.00973
4	0.05673	0.07030	0.12217	0.01582	0.02180	0.07914	0.05295	0.06826	0.01922	0.34453	0.02041	0.02036	0.01405	0.02612	0.00827	0.00233	0.03385	0.00648	0.00631	0.01087
5	0.01758	0.06016	0.02859	0.12102	0.55562	0.01786	0.02104	0.02250	0.04328	0.02302	0.01402	0.01815	0.01160	0.00669	0.00706	0.00217	0.00859	0.00639	0.00368	0.01098
6	0.01756	0.42647	0.25956	0.01736	0.02521	0.02359	0.09642	0.02236	0.01525	0.01980	0.01163	0.01383	0.00949	0.00643	0.00587	0.00191	0.00929	0.00494	0.00316	0.00985
7	0.01176	0.01307	0.09144	0.06091	0.02107	0.01057	0.15592	0.01497	0.01451	0.01966	0.02831	0.39510	0.03137	0.08256	0.01128	0.00311	0.00729	0.01455	0.00524	0.00728
8	0.01479	0.03612	0.65243	0.02153	0.03200	0.01700	0.07982	0.02304	0.01550	0.02304	0.01318	0.01570	0.00936	0.00684	0.00704	0.00231	0.01087	0.00563	0.00312	0.01067
9	0.00968	0.00809	0.00852	0.00837	0.01081	0.00731	0.00628	0.01341	0.07830	0.02175	0.14445	0.08935	0.53323	0.01736	0.00851	0.00245	0.00386	0.01462	0.00696	0.00671
10	0.04567	0.27248	0.14443	0.01701	0.02279	0.15441	0.07537	0.02345	0.01605	0.04748	0.01251	0.01485	0.01018	0.00739	0.00764	0.00203	0.07567	0.00521	0.03609	0.00928
11	0.01586	0.04501	0.02162	0.49913	0.06332	0.05073	0.01785	0.07681	0.01653	0.02133	0.01452	0.04754	0.01181	0.00818	0.00765	0.00235	0.03226	0.00685	0.03214	0.00850
12	0.00934	0.00674	0.00874	0.00995	0.01066	0.00621	0.00663	0.01059	0.01367	0.01842	0.03706	0.63809	0.04412	0.08798	0.01161	0.00323	0.00454	0.01888	0.00640	0.04714
13	0.01799	0.01727	0.02950	0.04462	0.69919	0.01727	0.02231	0.02231	0.01655	0.02375	0.01367	0.01799	0.01151	0.00648	0.00720	0.00216	0.00864	0.00648	0.00360	0.01151

[dist]
# distance from previous block
# <min> <max>
0	3

[block]
# block no. 3 follows, 28 sequences, length 13
# corresponding to MSA columns:
# 249-261
name=unknown_D
#
# <colnr> <probs for GDERKNQSTAVLIFYWHMCP>
#	G	D	E	R	K	N	Q	S	T	A	V	L	I	F	Y	W	H	M	C	P
0	0.04976	0.01556	0.05239	0.44426	0.22557	0.01680	0.02022	0.05065	0.01595	0.02208	0.01322	0.01841	0.01022	0.00708	0.00711	0.00233	0.00919	0.00631	0.00357	0.00933
1	0.01458	0.03760	0.70688	0.02072	0.03146	0.01688	0.02686	0.02302	0.01535	0.02302	0.01304	0.01535	0.00921	0.00691	0.00691	0.00230	0.01074	0.00537	0.00307	0.01074
2	0.01037	0.00746	0.00952	0.01066	0.01151	0.00725	0.00732	0.06389	0.01556	0.02076	0.03824	0.68138	0.04519	0.02164	0.00912	0.00289	0.00452	0.01952	0.00679	0.00643
3	0.44751	0.09994	0.14521	0.03851	0.02072	0.03758	0.04182	0.05252	0.01472	0.02845	0.01133	0.01335	0.00873	0.00682	0.00542	0.00218	0.00756	0.00463	0.00411	0.00888
4	0.01436	0.07044	0.02009	0.35912	0.03208	0.01644	0.01551	0.01843	0.03430	0.01961	0.01524	0.04525	0.01296	0.01149	0.04725	0.00291	0.14639	0.00690	0.10331	0.00793
5	0.01480	0.00848	0.01085	0.00965	0.01234	0.00756	0.00745	0.01782	0.01994	0.17260	0.44562	0.05063	0.16519	0.01421	0.00830	0.00231	0.00406	0.01227	0.00800	0.00792
6	0.02487	0.01862	0.02004	0.01594	0.02111	0.02063	0.01295	0.53709	0.11999	0.04159	0.02087	0.07582	0.01650	0.00999	0.00745	0.00228	0.00740	0.00788	0.00725	0.01174
7	0.01751	0.01998	0.11522	0.04066	0.56983	0.01730	0.06792	0.02247	0.01644	0.02362	0.01367	0.01777	0.01119	0.00651	0.00726	0.00220	0.00915	0.00648	0.00354	0.01130
8	0.01616	0.02110	0.14696	0.08362	0.09304	0.01762	0.38905	0.02202	0.01637	0.02280	0.04264	0.01998	0.01300	0.00716	0.00903	0.00244	0.05585	0.00775	0.00369	0.00973
9	0.01126	0.01009	0.01191	0.15306	0.01926	0.06535	0.00982	0.01338	0.01500	0.01867	0.03768	0.43095	0.14056	0.01776	0.00855	0.00268	0.00594	0.01570	0.00581	0.00658
10	0.02029	0.01834	0.06414	0.01538	0.03502	0.12477	0.01230	0.12078	0.18572	0.11079	0.02713	0.16023	0.04994	0.01175	0.00761	0.00238	0.00733	0.00974	0.00646	0.00991
11	0.01964	0.27296	0.07376	0.08365	0.02288	0.20955	0.01426	0.04914	0.01656	0.01893	0.01250	0.01633	0.01093	0.03668	0.07614	0.00304	0.04550	0.00528	0.00359	0.00868
12	0.00952	0.00699	0.00970	0.04812	0.01317	0.00693	0.00802	0.01134	0.01430	0.01917	0.06837	0.56334	0.04421	0.02388	0.06502	0.00361	0.00586	0.06588	0.00639	0.00617

[dist]
# distance from previous block
# <min> <max>
0	13

[block]
# block no. 4 follows, 28 sequences, length 11
# corresponding to MSA columns:
# 275-285
name=unknown_E
#
# <colnr> <probs for GDERKNQSTAVLIFYWHMCP>
#	G	D	E	R	K	N	Q	S	T	A	V	L	I	F	Y	W	H	M	C	P
0	0.01487	0.03588	0.64950	0.02274	0.08802	0.01691	0.02647	0.02296	0.01545	0.02308	0.01310	0.01557	0.00940	0.00687	0.00693	0.00229	0.01056	0.00547	0.00311	0.01081
1	0.01446	0.00902	0.01086	0.11564	0.01613	0.01005	0.00853	0.05096	0.01583	0.02613	0.02080	0.02468	0.01635	0.00860	0.00681	0.00193	0.05470	0.00669	0.57451	0.00734
2	0.01711	0.01180	0.01354	0.01200	0.01495	0.01209	0.00914	0.23847	0.02203	0.07595	0.10047	0.25220	0.10860	0.06448	0.01018	0.00279	0.00569	0.01289	0.00705	0.00857
3	0.01652	0.10750	0.32500	0.02804	0.20756	0.01859	0.14959	0.02274	0.01595	0.02261	0.01321	0.01646	0.01018	0.00657	0.00706	0.00221	0.01015	0.00612	0.00333	0.01061
4	0.00975	0.00724	0.00946	0.01043	0.01074	0.00745	0.00704	0.01081	0.01305	0.01762	0.03432	0.54934	0.04083	0.15929	0.01574	0.00375	0.06375	0.01758	0.00601	0.00578
5	0.01493	0.01412	0.02355	0.40993	0.29290	0.01576	0.01980	0.01933	0.01546	0.02062	0.01813	0.02296	0.06609	0.00787	0.00735	0.00233	0.00880	0.00719	0.00366	0.00922
6	0.01858	0.01860	0.02825	0.08152	0.60039	0.08061	0.02144	0.02270	0.01680	0.02291	0.01341	0.01763	0.01121	0.00661	0.00714	0.00215	0.00910	0.00631	0.00359	0.01104
7	0.18306	0.07846	0.45700	0.01818	0.02687	0.04309	0.05197	0.02281	0.01495	0.02451	0.01224	0.01447	0.00902	0.00681	0.00631	0.00223	0.00961	0.00509	0.00343	0.00990
8	0.01613	0.01617	0.02364	0.48417	0.21191	0.08541	0.02012	0.02055	0.01564	0.01981	0.01294	0.01841	0.01012	0.00709	0.00718	0.00230	0.00976	0.00629	0.00337	0.00898
9	0.09396	0.31441	0.07936	0.01543	0.02088	0.28309	0.01381	0.06497	0.01797	0.02102	0.01121	0.01286	0.00939	0.00695	0.00569	0.00183	0.00981	0.00447	0.00373	0.00915
10	0.01733	0.01825	0.07255	0.10772	0.56575	0.01719	0.05074	0.02204	0.01631	0.02319	0.01361	0.01803	0.01117	0.00656	0.00724	0.00221	0.00903	0.00650	0.00353	0.01106

[dist]
# distance from previous block
# <min> <max>
44	80

[block]
# block no. 5 follows, 28 sequences, length 13
# corresponding to MSA columns:
# 368-380
name=unknown_F
#
# <colnr> <probs for GDERKNQSTAVLIFYWHMCP>
#	G	D	E	R	K	N	Q	S	T	A	V	L	I	F	Y	W	H	M	C	P
0	0.07107	0.01628	0.11225	0.05606	0.14794	0.01409	0.01476	0.05097	0.13119	0.04229	0.16678	0.05763	0.02842	0.01058	0.00756	0.00238	0.00678	0.04771	0.00576	0.00951
1	0.01747	0.01435	0.01648	0.07673	0.04106	0.01524	0.01152	0.17199	0.22663	0.02968	0.04797	0.04879	0.12844	0.01055	0.00736	0.00221	0.00621	0.00873	0.00638	0.11222
2	0.02364	0.01972	0.06927	0.01763	0.05677	0.01990	0.01432	0.39385	0.18920	0.06310	0.02016	0.01987	0.01464	0.00865	0.00721	0.00222	0.00752	0.00682	0.00678	0.03873
3	0.01870	0.01294	0.01603	0.11289	0.06839	0.01401	0.01144	0.21950	0.02048	0.06738	0.01958	0.02564	0.01617	0.12877	0.03749	0.00324	0.00739	0.00732	0.18372	0.00893
4	0.01873	0.01701	0.02766	0.08644	0.47777	0.01746	0.06540	0.11212	0.01882	0.02657	0.01473	0.01860	0.01183	0.00692	0.00720	0.00218	0.00860	0.00665	0.04428	0.01102
5	0.04633	0.14967	0.02277	0.01775	0.11304	0.01719	0.01295	0.09289	0.10767	0.31351	0.02172	0.02066	0.01524	0.00816	0.00674	0.00213	0.00692	0.00652	0.00667	0.01146
6	0.01771	0.11512	0.01822	0.01471	0.07464	0.05415	0.01076	0.06819	0.12555	0.09840	0.16538	0.03572	0.14944	0.01132	0.00739	0.00220	0.00606	0.00934	0.00644	0.00927
7	0.68954	0.01691	0.01206	0.01083	0.01522	0.11301	0.00873	0.02243	0.01351	0.03056	0.01028	0.01199	0.00808	0.00685	0.00478	0.00220	0.00666	0.00404	0.00439	0.00795
8	0.01031	0.01158	0.10536	0.01014	0.01336	0.00800	0.00917	0.01389	0.01849	0.02507	0.39007	0.05422	0.27328	0.01496	0.00835	0.00235	0.00453	0.01282	0.00689	0.00715
9	0.01691	0.02134	0.10697	0.02968	0.03736	0.01824	0.61046	0.02326	0.01698	0.02326	0.01455	0.01920	0.01085	0.00620	0.00842	0.00244	0.01211	0.00827	0.00362	0.00989
10	0.12676	0.01439	0.01510	0.01336	0.01754	0.01607	0.01051	0.03384	0.46277	0.11034	0.05733	0.02731	0.04388	0.00983	0.00708	0.00240	0.00562	0.00797	0.00719	0.01073
11	0.01813	0.42972	0.29021	0.01601	0.02377	0.07208	0.01801	0.02275	0.01539	0.01939	0.01130	0.01316	0.00929	0.00657	0.00565	0.00186	0.00927	0.00450	0.00314	0.00980
12	0.01542	0.04012	0.08932	0.09201	0.21418	0.01323	0.04409	0.01921	0.01591	0.07004	0.04253	0.09617	0.07353	0.06176	0.00967	0.00270	0.00754	0.05021	0.03338	0.00897

[dist]
# distance from previous block
# <min> <max>
0	16

[block]
# block no. 6 follows, 28 sequences, length 7
# corresponding to MSA columns:
# 397-403
name=unknown_G
#
# <colnr> <probs for GDERKNQSTAVLIFYWHMCP>
#	G	D	E	R	K	N	Q	S	T	A	V	L	I	F	Y	W	H	M	C	P
0	0.02222	0.01582	0.01967	0.03876	0.02128	0.03808	0.05956	0.24400	0.02244	0.15185	0.02009	0.08807	0.01639	0.01158	0.03982	0.00259	0.04408	0.00782	0.00622	0.12967
1	0.02469	0.09603	0.02009	0.01470	0.01946	0.14605	0.01192	0.16488	0.13275	0.19318	0.08345	0.02284	0.01972	0.00906	0.00701	0.00213	0.00768	0.00700	0.00669	0.01066
2	0.01650	0.01489	0.01842	0.05030	0.07021	0.06613	0.04076	0.05452	0.13942	0.02317	0.05331	0.02429	0.01784	0.05617	0.06446	0.02742	0.17142	0.00744	0.07473	0.00860
3	0.01633	0.11721	0.04573	0.04354	0.01647	0.01402	0.01001	0.10608	0.08357	0.05654	0.02566	0.14077	0.05317	0.09385	0.01025	0.00274	0.00615	0.00947	0.14004	0.00840
4	0.07731	0.23714	0.05663	0.06719	0.04433	0.13775	0.06258	0.02278	0.04485	0.02163	0.01410	0.01670	0.01149	0.00727	0.00634	0.00195	0.02767	0.00543	0.12806	0.00880
5	0.01044	0.00847	0.01191	0.10606	0.01679	0.00930	0.00958	0.01240	0.01427	0.01925	0.08177	0.47708	0.06984	0.01874	0.01067	0.00284	0.09186	0.01628	0.00595	0.00652
6	0.02344	0.01788	0.02051	0.12925	0.02584	0.02007	0.01418	0.47782	0.07882	0.03848	0.01916	0.06701	0.01508	0.00952	0.00742	0.00229	0.00784	0.00761	0.00660	0.01118

[dist]
# distance from previous block
# <min> <max>
0	1

[block]
# block no. 7 follows, 28 sequences, length 8
# corresponding to MSA columns:
# 405-412
name=unknown_H
#
# <colnr> <probs for GDERKNQSTAVLIFYWHMCP>
#	G	D	E	R	K	N	Q	S	T	A	V	L	I	F	Y	W	H	M	C	P
0	0.01759	0.01686	0.02878	0.10852	0.63842	0.01717	0.02211	0.02196	0.01636	0.02326	0.01360	0.01812	0.01134	0.00655	0.00720	0.00218	0.00873	0.00648	0.00356	0.01119
1	0.00886	0.00633	0.00843	0.01012	0.01054	0.00590	0.00675	0.01012	0.01392	0.01856	0.04006	0.73979	0.04808	0.02277	0.00928	0.00295	0.00422	0.02066	0.00675	0.00590
2	0.01243	0.01084	0.04797	0.08335	0.01993	0.00962	0.10734	0.01534	0.01541	0.06388	0.07615	0.43798	0.03656	0.01666	0.00870	0.00271	0.00631	0.01543	0.00601	0.00739
3	0.16438	0.27586	0.02283	0.01212	0.01716	0.01962	0.01065	0.10895	0.05603	0.12059	0.07679	0.01963	0.01710	0.00811	0.00586	0.00198	0.00649	0.00592	0.04026	0.00966
4	0.01101	0.00768	0.00863	0.00833	0.01057	0.00669	0.00613	0.01297	0.01682	0.07646	0.15950	0.10725	0.43954	0.08251	0.01108	0.00286	0.00419	0.01428	0.00692	0.00659
5	0.01263	0.00631	0.00947	0.00947	0.00947	0.00631	0.00631	0.00947	0.00947	0.01263	0.01263	0.02210	0.01263	0.02525	0.02841	0.78851	0.00631	0.00631	0.00316	0.00316
6	0.26908	0.02014	0.06062	0.07853	0.02183	0.14040	0.01274	0.19230	0.02063	0.03125	0.07413	0.01823	0.01500	0.00818	0.00635	0.00219	0.00806	0.00589	0.00520	0.00925
7	0.02030	0.01571	0.01738	0.01387	0.01891	0.01602	0.01107	0.32034	0.10181	0.03388	0.02077	0.11997	0.01810	0.00989	0.00703	0.00201	0.00646	0.00810	0.00637	0.23200

[dist]
# distance from previous block
# <min> <max>
3	4

[block]
# block no. 8 follows, 28 sequences, length 14
# corresponding to MSA columns:
# 417-430
name=unknown_I
#
# <colnr> <probs for GDERKNQSTAVLIFYWHMCP>
#	G	D	E	R	K	N	Q	S	T	A	V	L	I	F	Y	W	H	M	C	P
0	0.01823	0.09812	0.11335	0.15770	0.14594	0.17472	0.05519	0.02281	0.03643	0.02078	0.05125	0.01953	0.01412	0.03240	0.00793	0.00230	0.00981	0.00634	0.00383	0.00924
1	0.01398	0.00945	0.01152	0.01099	0.01351	0.00879	0.00819	0.06491	0.03928	0.08805	0.03555	0.34537	0.09843	0.05517	0.00981	0.00276	0.00518	0.06069	0.00657	0.11183
2	0.57506	0.01374	0.01382	0.21213	0.02422	0.01626	0.01135	0.02058	0.01298	0.02865	0.01091	0.01395	0.00839	0.00689	0.00528	0.00230	0.00677	0.00465	0.00414	0.00793
3	0.01635	0.01590	0.02364	0.38418	0.19605	0.06368	0.04637	0.05634	0.01661	0.02147	0.01658	0.02123	0.04861	0.00794	0.00792	0.00234	0.03495	0.00693	0.00379	0.00911
4	0.02291	0.06595	0.01970	0.01647	0.02002	0.39681	0.01270	0.11534	0.05801	0.02299	0.05095	0.09635	0.01776	0.01001	0.00779	0.00213	0.04303	0.00735	0.00492	0.00882
5	0.00930	0.00666	0.00887	0.01011	0.01086	0.00623	0.00705	0.01111	0.01540	0.02085	0.17082	0.56632	0.05183	0.02104	0.00918	0.00284	0.00420	0.05419	0.00700	0.00614
6	0.00935	0.00757	0.00834	0.00831	0.01045	0.00671	0.00616	0.01217	0.04109	0.02212	0.21278	0.12953	0.46426	0.01770	0.00861	0.00246	0.00375	0.01509	0.00706	0.00647
7	0.02580	0.01806	0.01978	0.01527	0.02087	0.01927	0.01253	0.48762	0.06665	0.10564	0.01903	0.01886	0.01355	0.00848	0.00701	0.00208	0.00726	0.00650	0.03862	0.08714
8	0.01848	0.02244	0.12751	0.06256	0.45619	0.10775	0.05492	0.02319	0.01686	0.02265	0.01329	0.01711	0.01081	0.00668	0.00714	0.00217	0.00975	0.00619	0.00353	0.01079
9	0.00886	0.00633	0.00843	0.01012	0.01054	0.00590	0.00675	0.01012	0.01392	0.01856	0.04006	0.73979	0.04808	0.02277	0.00928	0.00295	0.00422	0.02066	0.00675	0.00590
10	0.00974	0.00687	0.00894	0.00971	0.01018	0.00694	0.00645	0.01086	0.01234	0.01673	0.03011	0.36289	0.03471	0.26930	0.16426	0.00611	0.00831	0.01465	0.00538	0.00553
11	0.01652	0.01101	0.04536	0.01333	0.03843	0.00944	0.03080	0.03805	0.01921	0.17887	0.28013	0.12513	0.04293	0.01411	0.00842	0.00251	0.00553	0.10432	0.00736	0.00855
12	0.05473	0.08431	0.01860	0.01339	0.01838	0.01507	0.01115	0.11692	0.12827	0.34334	0.06064	0.02717	0.02071	0.00968	0.00718	0.00227	0.00637	0.04308	0.00759	0.01116
13	0.01491	0.00809	0.00823	0.00774	0.00983	0.00830	0.00593	0.08052	0.01707	0.02891	0.02311	0.02617	0.01803	0.00849	0.00529	0.00174	0.00383	0.00675	0.70975	0.00731

[dist]
# distance from previous block
# <min> <max>
0	4

[block]
# block no. 9 follows, 28 sequences, length 13
# corresponding to MSA columns:
# 435-447
name=unknown_J
#
# <colnr> <probs for GDERKNQSTAVLIFYWHMCP>
#	G	D	E	R	K	N	Q	S	T	A	V	L	I	F	Y	W	H	M	C	P
0	0.01602	0.04300	0.02597	0.12799	0.02707	0.04421	0.13836	0.01904	0.01326	0.01870	0.01165	0.01757	0.01031	0.01257	0.05556	0.00330	0.39707	0.00672	0.00334	0.00830
1	0.01466	0.00926	0.01104	0.00979	0.01240	0.00869	0.00740	0.07662	0.01961	0.12187	0.30035	0.04972	0.20525	0.10690	0.01188	0.00292	0.00476	0.01192	0.00731	0.00766
2	0.00884	0.00640	0.00836	0.00993	0.01049	0.00592	0.00666	0.01014	0.01410	0.01863	0.04234	0.69444	0.09197	0.02248	0.00923	0.00292	0.00418	0.02030	0.00675	0.00592
3	0.01425	0.00996	0.01112	0.01002	0.01134	0.01050	0.00667	0.15444	0.01573	0.02110	0.02155	0.04010	0.02297	0.55087	0.06447	0.00623	0.00787	0.00956	0.00500	0.00623
4	0.60016	0.01495	0.01352	0.05394	0.01764	0.01749	0.00988	0.10903	0.01537	0.03267	0.01124	0.01326	0.00868	0.00739	0.00617	0.00230	0.04852	0.00458	0.00472	0.00849
5	0.01299	0.00855	0.01044	0.05542	0.01305	0.00936	0.00751	0.05284	0.01412	0.02156	0.02111	0.03188	0.01955	0.23135	0.15238	0.00530	0.03337	0.00803	0.28472	0.00648
6	0.01015	0.00748	0.00977	0.01113	0.01253	0.00711	0.00885	0.01251	0.01575	0.02027	0.04570	0.30289	0.16830	0.02068	0.00951	0.00304	0.00528	0.31601	0.00672	0.00632
7	0.22765	0.02256	0.04482	0.01914	0.11087	0.21056	0.01379	0.17211	0.06358	0.02982	0.01392	0.01538	0.01075	0.00757	0.00633	0.00213	0.00882	0.00540	0.00493	0.00987
8	0.01314	0.01013	0.01176	0.01159	0.01410	0.01030	0.00927	0.09178	0.10551	0.02491	0.08016	0.11730	0.21727	0.04350	0.00982	0.00290	0.00552	0.20651	0.00686	0.00767
9	0.02509	0.06661	0.02294	0.01982	0.10036	0.19472	0.01444	0.35638	0.02635	0.03310	0.01473	0.01593	0.01123	0.00779	0.00681	0.00199	0.00917	0.00577	0.00552	0.06126
10	0.01708	0.01129	0.01419	0.01394	0.05924	0.01103	0.01008	0.06781	0.10438	0.13809	0.08792	0.12725	0.07112	0.07067	0.01027	0.00279	0.00584	0.09383	0.00675	0.07644
11	0.02002	0.01474	0.01682	0.01286	0.01854	0.01370	0.01034	0.20957	0.05822	0.09085	0.01830	0.06393	0.01491	0.00804	0.00646	0.00170	0.00615	0.00649	0.00591	0.40246
12	0.02056	0.06341	0.01972	0.01590	0.06176	0.01733	0.01203	0.31009	0.08162	0.03298	0.01972	0.11014	0.01721	0.00961	0.00696	0.00203	0.00678	0.00784	0.00608	0.17823

[dist]
# distance from previous block
# <min> <max>
10	24

[block]
# block no. 10 follows, 28 sequences, length 51
# corresponding to MSA columns:
# 472-522
name=unknown_K
#
# <colnr> <probs for GDERKNQSTAVLIFYWHMCP>
#	G	D	E	R	K	N	Q	S	T	A	V	L	I	F	Y	W	H	M	C	P
0	0.01828	0.01466	0.01810	0.09366	0.02174	0.01675	0.01288	0.22941	0.06250	0.02868	0.01810	0.05158	0.01548	0.01548	0.09615	0.00349	0.12843	0.02795	0.03966	0.08704
1	0.01701	0.07475	0.01577	0.01200	0.01505	0.01488	0.00915	0.19996	0.12581	0.02644	0.02605	0.06099	0.07529	0.25197	0.04011	0.00413	0.00719	0.00920	0.00583	0.00842
2	0.01608	0.10991	0.02486	0.02068	0.10011	0.01955	0.07550	0.01989	0.06129	0.02002	0.01545	0.09498	0.01500	0.01110	0.01445	0.00262	0.32431	0.00785	0.00400	0.04235
3	0.02282	0.01759	0.07759	0.01598	0.04836	0.01650	0.01321	0.23439	0.17098	0.16029	0.05074	0.02263	0.01786	0.00882	0.00712	0.00218	0.00688	0.00711	0.03917	0.05978
4	0.09364	0.02985	0.01452	0.01162	0.01570	0.01267	0.00905	0.17002	0.01922	0.05523	0.05676	0.15103	0.04249	0.07423	0.00948	0.00246	0.00589	0.00914	0.00588	0.21111
5	0.01571	0.03611	0.64774	0.02037	0.03069	0.01737	0.02573	0.07929	0.01697	0.02499	0.01343	0.01553	0.00948	0.00706	0.00694	0.00229	0.01051	0.00547	0.00343	0.01088
6	0.02771	0.01407	0.01794	0.07526	0.02167	0.01394	0.01200	0.18587	0.04327	0.41726	0.07381	0.02478	0.01978	0.00924	0.00739	0.00226	0.00671	0.00751	0.00796	0.01157
7	0.02558	0.01481	0.10252	0.01451	0.04694	0.01102	0.01248	0.02927	0.01990	0.46463	0.15058	0.02880	0.02607	0.00973	0.00749	0.00226	0.00634	0.00812	0.00784	0.01110
8	0.01898	0.01795	0.02779	0.03992	0.58588	0.04742	0.02082	0.07866	0.01825	0.02532	0.01483	0.02015	0.01264	0.00723	0.00728	0.00219	0.00870	0.03068	0.00404	0.01127
9	0.01116	0.00862	0.01220	0.01066	0.01318	0.00779	0.06412	0.01439	0.01925	0.04800	0.45363	0.05441	0.22495	0.01484	0.00854	0.00234	0.00435	0.01313	0.00734	0.00710
10	0.02489	0.08176	0.02202	0.01576	0.02108	0.02149	0.01314	0.54037	0.02984	0.03991	0.01706	0.01826	0.01279	0.01392	0.09075	0.00325	0.00933	0.00646	0.00651	0.01141
11	0.01729	0.01770	0.02441	0.07826	0.05064	0.08994	0.11182	0.04589	0.01453	0.02010	0.01208	0.01748	0.01059	0.01204	0.04629	0.00312	0.38508	0.00661	0.02762	0.00850
12	0.00908	0.00642	0.00837	0.00983	0.01020	0.00606	0.00644	0.01018	0.01347	0.01797	0.03779	0.64824	0.04521	0.11824	0.01294	0.00349	0.00459	0.01933	0.00644	0.00571
13	0.01110	0.00869	0.01244	0.01204	0.01298	0.01043	0.00923	0.01318	0.01145	0.01653	0.01875	0.02985	0.01834	0.15384	0.52632	0.00992	0.10664	0.00803	0.00388	0.00636
14	0.02361	0.01766	0.01952	0.01572	0.02034	0.01970	0.01275	0.50639	0.05658	0.03918	0.02023	0.09847	0.01695	0.01324	0.05060	0.00289	0.04003	0.00824	0.00684	0.01107
15	0.01626	0.00936	0.01194	0.01049	0.01339	0.00878	0.00814	0.02105	0.08215	0.18980	0.44637	0.04544	0.08079	0.01316	0.00816	0.00230	0.00431	0.01140	0.00813	0.00857
16	0.00922	0.00657	0.00871	0.01006	0.01068	0.00617	0.00689	0.01078	0.01470	0.01978	0.11675	0.60297	0.04938	0.04973	0.01030	0.00305	0.00434	0.04712	0.00680	0.00599
17	0.01767	0.01526	0.01605	0.01447	0.01851	0.01757	0.01125	0.03742	0.65737	0.02995	0.03147	0.02896	0.05108	0.01023	0.00745	0.00247	0.00566	0.00852	0.00737	0.01128
18	0.01780	0.01825	0.05835	0.04279	0.63200	0.01732	0.06140	0.02240	0.01654	0.02369	0.01371	0.01798	0.01139	0.00647	0.00727	0.00218	0.00894	0.00656	0.00358	0.01138
19	0.01019	0.00777	0.00860	0.00843	0.01074	0.00685	0.00630	0.01299	0.04101	0.04761	0.18986	0.12147	0.46729	0.01743	0.00856	0.00246	0.00385	0.01481	0.00710	0.00668
20	0.14910	0.02031	0.01896	0.01624	0.04580	0.15331	0.01255	0.27491	0.05099	0.16186	0.01756	0.01751	0.01250	0.00819	0.00670	0.00216	0.00820	0.00598	0.00634	0.01082
21	0.02144	0.25081	0.02436	0.01522	0.01940	0.31004	0.01254	0.07081	0.01800	0.01944	0.01298	0.01605	0.01133	0.01655	0.14729	0.00375	0.01234	0.00519	0.00383	0.00861
22	0.57081	0.13993	0.10002	0.01140	0.01695	0.01846	0.01095	0.02164	0.01313	0.02885	0.01047	0.01221	0.00828	0.00668	0.00482	0.00214	0.00661	0.00410	0.00409	0.00847
23	0.02738	0.00885	0.01090	0.01167	0.01350	0.00898	0.00933	0.01658	0.10518	0.02216	0.06867	0.17972	0.12160	0.06385	0.01089	0.00321	0.00563	0.29820	0.00667	0.00702
24	0.08692	0.03378	0.01173	0.01053	0.01283	0.02849	0.00821	0.05705	0.01899	0.02722	0.36149	0.14410	0.07605	0.01500	0.00817	0.00245	0.00479	0.07796	0.00699	0.00725
25	0.01665	0.01800	0.05175	0.24577	0.11365	0.09924	0.11088	0.04059	0.01656	0.02144	0.06313	0.02196	0.03671	0.00867	0.00963	0.00241	0.10289	0.00726	0.00396	0.00885
26	0.00917	0.00662	0.00854	0.00995	0.01061	0.00619	0.00682	0.01054	0.01409	0.01854	0.04154	0.58187	0.10193	0.07721	0.01139	0.00325	0.00456	0.06476	0.00657	0.00587
27	0.01675	0.09942	0.45498	0.02391	0.13535	0.07839	0.04658	0.02332	0.01600	0.02214	0.01277	0.01538	0.00966	0.00680	0.00677	0.00218	0.01039	0.00546	0.00324	0.01050
28	0.02630	0.19044	0.02205	0.01332	0.01878	0.01694	0.01138	0.05392	0.15606	0.37920	0.02403	0.02184	0.01658	0.00850	0.00669	0.00212	0.00654	0.00665	0.00720	0.01146
29	0.00924	0.00656	0.00866	0.01020	0.01069	0.00621	0.00696	0.01057	0.01386	0.01844	0.03845	0.62552	0.04569	0.08485	0.01173	0.00334	0.00467	0.07198	0.00654	0.00584
30	0.00950	0.00693	0.00836	0.00885	0.00985	0.00641	0.00597	0.01102	0.01503	0.01990	0.17682	0.30234	0.17824	0.18906	0.01548	0.00367	0.00461	0.01569	0.00646	0.00580
31	0.09580	0.02896	0.41952	0.02251	0.08729	0.01700	0.11926	0.04963	0.01618	0.02508	0.01322	0.01592	0.00974	0.00675	0.00688	0.00225	0.00991	0.00580	0.00358	0.04472
32	0.01936	0.01255	0.01523	0.01143	0.01706	0.01035	0.00919	0.06167	0.01828	0.18574	0.10312	0.02245	0.01987	0.00763	0.00635	0.00157	0.00548	0.00627	0.00606	0.46034
33	0.00886	0.00633	0.00843	0.01012	0.01054	0.00590	0.00675	0.01012	0.01392	0.01856	0.04006	0.73979	0.04808	0.02277	0.00928	0.00295	0.00422	0.02066	0.00675	0.00590
34	0.00979	0.00715	0.00895	0.00958	0.01059	0.00680	0.00659	0.01227	0.04233	0.02131	0.20968	0.39956	0.09746	0.10838	0.01237	0.00323	0.00438	0.01659	0.00681	0.00621
35	0.14780	0.54149	0.03127	0.01251	0.01817	0.07303	0.01175	0.02306	0.04920	0.02039	0.01118	0.01258	0.00975	0.00658	0.00491	0.00174	0.00768	0.00417	0.00360	0.00914
36	0.00884	0.00637	0.00839	0.01000	0.01051	0.00591	0.00669	0.01014	0.01403	0.01860	0.04154	0.71029	0.07663	0.02258	0.00925	0.00293	0.00419	0.02043	0.00675	0.00591
37	0.01355	0.00678	0.00678	0.00678	0.00847	0.00678	0.00508	0.01694	0.01524	0.02710	0.02371	0.02710	0.01863	0.00847	0.00508	0.00169	0.00339	0.00678	0.78489	0.00678
38	0.12012	0.01834	0.01987	0.20235	0.10724	0.13988	0.01522	0.11432	0.05543	0.02559	0.01438	0.01771	0.01130	0.00928	0.02939	0.00254	0.04623	0.00598	0.03564	0.00920
39	0.01223	0.00746	0.01001	0.01061	0.01202	0.00690	0.00775	0.01430	0.01627	0.10188	0.16137	0.45872	0.04772	0.01938	0.00899	0.00279	0.00456	0.08288	0.00724	0.00693
40	0.04165	0.11794	0.42469	0.02331	0.11651	0.04852	0.08323	0.02301	0.01573	0.02251	0.01275	0.01543	0.00966	0.00672	0.00674	0.00219	0.01019	0.00556	0.00327	0.01039
41	0.02601	0.03249	0.02042	0.01850	0.02207	0.63613	0.01398	0.02904	0.06180	0.01857	0.01230	0.01413	0.01018	0.00791	0.00749	0.00198	0.04947	0.00499	0.00395	0.00860
42	0.01712	0.01111	0.05441	0.01270	0.04952	0.00905	0.00991	0.02072	0.02012	0.21538	0.43504	0.04192	0.04810	0.01233	0.00805	0.00227	0.00490	0.01072	0.00776	0.00886
43	0.01705	0.01198	0.01387	0.05432	0.01690	0.03851	0.00970	0.12573	0.05581	0.11691	0.29825	0.04056	0.12193	0.01377	0.02978	0.00258	0.00593	0.01044	0.00725	0.00874
44	0.01044	0.00837	0.00913	0.00886	0.01122	0.00771	0.00664	0.05187	0.04571	0.02314	0.17065	0.14150	0.44368	0.01739	0.00854	0.00247	0.00405	0.01477	0.00702	0.00683
45	0.01120	0.00759	0.00964	0.00921	0.01113	0.00687	0.00687	0.01411	0.01923	0.06688	0.48677	0.13286	0.15833	0.01595	0.00858	0.00239	0.00372	0.01398	0.00773	0.00697
46	0.01500	0.01382	0.02048	0.07859	0.02131	0.01759	0.06591	0.04525	0.01344	0.01995	0.01476	0.06234	0.01390	0.01734	0.10914	0.00401	0.39034	0.00763	0.06131	0.00790
47	0.01883	0.01523	0.02076	0.43224	0.03777	0.04685	0.01703	0.17256	0.01969	0.07901	0.01554	0.01964	0.01146	0.01058	0.04961	0.00288	0.00975	0.00655	0.00469	0.00933
48	0.02779	0.02011	0.02166	0.01661	0.02242	0.02217	0.01372	0.65484	0.03376	0.06652	0.01781	0.01768	0.01254	0.00873	0.00727	0.00218	0.00794	0.00657	0.00733	0.01236
49	0.00949	0.05074	0.01021	0.01026	0.01103	0.00727	0.00709	0.01082	0.01397	0.01847	0.03827	0.69625	0.04576	0.02178	0.00900	0.00287	0.00443	0.01966	0.00653	0.00611
50	0.01630	0.01291	0.01690	0.13559	0.02126	0.01603	0.01270	0.10526	0.01618	0.02470	0.01596	0.02048	0.01301	0.00982	0.01247	0.00242	0.26563	0.00654	0.26768	0.00816

[dist]
# distance from previous block
# <min> <max>
0	1

[block]
# block no. 11 follows, 28 sequences, length 9
# corresponding to MSA columns:
# 524-532
name=unknown_L
#
# <colnr> <probs for GDERKNQSTAVLIFYWHMCP>
#	G	D	E	R	K	N	Q	S	T	A	V	L	I	F	Y	W	H	M	C	P
0	0.00945	0.00740	0.00855	0.00827	0.01035	0.00650	0.00620	0.01210	0.01860	0.02445	0.38841	0.06203	0.37846	0.01661	0.00858	0.00237	0.00355	0.01423	0.00738	0.00650
1	0.01070	0.00819	0.01004	0.01106	0.01222	0.00834	0.00770	0.01583	0.14852	0.02093	0.03797	0.59707	0.04289	0.02019	0.00890	0.00285	0.00452	0.01817	0.00688	0.00703
2	0.01809	0.01977	0.02461	0.02128	0.04924	0.15951	0.11169	0.02057	0.01416	0.01861	0.01140	0.01673	0.01032	0.01296	0.05894	0.00328	0.41061	0.00644	0.00343	0.00837
3	0.01280	0.01322	0.11424	0.01452	0.06749	0.00990	0.01201	0.01763	0.04354	0.05083	0.39620	0.04793	0.04799	0.01345	0.00836	0.00244	0.00557	0.10699	0.00676	0.00813
4	0.01457	0.00839	0.01061	0.01006	0.01211	0.00783	0.00731	0.01723	0.04137	0.15800	0.18286	0.21865	0.10621	0.13428	0.03389	0.00351	0.00534	0.01332	0.00704	0.00742
5	0.00920	0.00647	0.00833	0.00968	0.01002	0.00613	0.00628	0.01021	0.01325	0.01766	0.03663	0.60117	0.04374	0.16732	0.01483	0.00377	0.00478	0.01864	0.00628	0.00560
6	0.01940	0.02297	0.12476	0.16990	0.27103	0.14840	0.02008	0.09376	0.01864	0.02388	0.01338	0.01691	0.01050	0.00713	0.00706	0.00218	0.00992	0.00598	0.00387	0.01023
7	0.17147	0.01477	0.01706	0.03885	0.01756	0.06970	0.03382	0.01765	0.01260	0.02038	0.01497	0.08938	0.01543	0.11899	0.01811	0.00339	0.30671	0.00782	0.00403	0.00732
8	0.01241	0.00942	0.01142	0.01186	0.01379	0.00965	0.00916	0.06636	0.11523	0.02370	0.06429	0.32201	0.10107	0.01841	0.00896	0.00285	0.00529	0.17972	0.00692	0.00748

[dist]
# distance from previous block
# <min> <max>
0	20

[block]
# block no. 12 follows, 28 sequences, length 8
# corresponding to MSA columns:
# 553-560
name=unknown_M
#
# <colnr> <probs for GDERKNQSTAVLIFYWHMCP>
#	G	D	E	R	K	N	Q	S	T	A	V	L	I	F	Y	W	H	M	C	P
0	0.01266	0.00889	0.01021	0.01031	0.01184	0.00912	0.00728	0.08055	0.08414	0.02318	0.03260	0.35577	0.05437	0.12829	0.01245	0.00324	0.00504	0.01409	0.12894	0.00703
1	0.12815	0.02055	0.06928	0.01485	0.01944	0.13947	0.01242	0.23309	0.10883	0.03116	0.05942	0.02156	0.01678	0.06035	0.00951	0.02505	0.00808	0.00668	0.00570	0.00966
2	0.01261	0.10502	0.04272	0.01148	0.01400	0.01118	0.00956	0.05990	0.01674	0.02194	0.10037	0.24595	0.09829	0.07166	0.01056	0.00297	0.00581	0.14599	0.00610	0.00716
3	0.06967	0.09607	0.41947	0.12962	0.10304	0.01787	0.02269	0.02203	0.01509	0.02254	0.01262	0.01566	0.00945	0.00684	0.00662	0.00223	0.00973	0.00542	0.00325	0.01009
4	0.07764	0.01694	0.02167	0.28403	0.23975	0.11692	0.01750	0.02063	0.01608	0.02126	0.01887	0.02260	0.07995	0.00815	0.00706	0.00225	0.00893	0.00691	0.00388	0.00898
5	0.01619	0.01691	0.05272	0.10985	0.38870	0.06809	0.01826	0.01992	0.01615	0.02157	0.02179	0.08990	0.08408	0.00961	0.00806	0.00231	0.03358	0.00851	0.00414	0.00967
6	0.06398	0.00945	0.01095	0.01011	0.01207	0.00949	0.00723	0.09067	0.01662	0.09372	0.11202	0.15755	0.05054	0.23199	0.01749	0.04385	0.00574	0.01118	0.03833	0.00702
7	0.29679	0.05014	0.21775	0.01822	0.12385	0.01590	0.01569	0.02145	0.01440	0.02667	0.01263	0.01504	0.00982	0.00671	0.00574	0.00208	0.00750	0.00495	0.05288	0.08179

[dist]
# distance from previous block
# <min> <max>
0	74

[block]
# block no. 13 follows, 28 sequences, length 45
# corresponding to MSA columns:
# 646-690
name=unknown_N
#
# <colnr> <probs for GDERKNQSTAVLIFYWHMCP>
#	G	D	E	R	K	N	Q	S	T	A	V	L	I	F	Y	W	H	M	C	P
0	0.01587	0.04897	0.01417	0.01157	0.01478	0.01169	0.00886	0.16464	0.01928	0.06518	0.03251	0.29763	0.10621	0.04769	0.00915	0.00256	0.00558	0.01272	0.00640	0.10455
1	0.01694	0.01302	0.01698	0.01386	0.01717	0.01343	0.08706	0.23661	0.02160	0.02934	0.12837	0.09033	0.06048	0.17478	0.01438	0.00337	0.00689	0.01026	0.03674	0.00840
2	0.02267	0.01665	0.01831	0.01435	0.01934	0.01760	0.01158	0.42481	0.06369	0.03666	0.01711	0.01855	0.01295	0.01009	0.00926	0.09101	0.00704	0.00625	0.04125	0.14084
3	0.05512	0.09883	0.05972	0.07344	0.02136	0.01885	0.04605	0.10571	0.01603	0.02384	0.01404	0.01891	0.01195	0.04287	0.01341	0.00264	0.24683	0.00630	0.11549	0.00862
4	0.01234	0.00849	0.01129	0.00998	0.01226	0.00770	0.03699	0.01499	0.01791	0.07989	0.37055	0.05058	0.15876	0.13683	0.01315	0.00308	0.00477	0.01212	0.00696	0.03137
5	0.02347	0.25385	0.02604	0.01776	0.05557	0.43226	0.01373	0.02565	0.01815	0.01784	0.01141	0.01366	0.00989	0.00934	0.04058	0.00227	0.01154	0.00468	0.00355	0.00877
6	0.01215	0.00649	0.00967	0.00976	0.00994	0.00661	0.00666	0.00992	0.00998	0.01345	0.01495	0.06287	0.01525	0.02853	0.10749	0.65412	0.00773	0.00729	0.00344	0.00370
7	0.01188	0.03738	0.01218	0.01039	0.01215	0.00988	0.00793	0.04826	0.01833	0.02539	0.40517	0.07805	0.10294	0.09205	0.02949	0.00310	0.06980	0.01196	0.00671	0.00697
8	0.02323	0.01829	0.01949	0.01550	0.02038	0.05542	0.01259	0.44555	0.02725	0.03665	0.01731	0.04581	0.01383	0.01341	0.07611	0.00303	0.04141	0.00684	0.00621	0.10170
9	0.00899	0.00654	0.00847	0.00982	0.01047	0.00615	0.00663	0.01032	0.01390	0.01836	0.04146	0.60351	0.10905	0.05949	0.04685	0.00355	0.00509	0.01898	0.00649	0.00588
10	0.01046	0.00712	0.00817	0.00815	0.00840	0.00710	0.00480	0.01083	0.01134	0.01515	0.05457	0.04791	0.05843	0.64392	0.06930	0.00687	0.00737	0.01076	0.00464	0.00470
11	0.01526	0.07002	0.51943	0.02229	0.08899	0.01736	0.05748	0.02321	0.04550	0.02288	0.01403	0.01665	0.01045	0.00879	0.03471	0.00263	0.01060	0.00578	0.00338	0.01056
12	0.01250	0.00879	0.01079	0.04523	0.01372	0.00881	0.00786	0.06486	0.05040	0.05485	0.06452	0.35522	0.11438	0.13772	0.01329	0.00340	0.00532	0.01498	0.00643	0.00693
13	0.01110	0.00803	0.01094	0.01241	0.01401	0.00787	0.01052	0.01409	0.01651	0.02143	0.06023	0.15416	0.09600	0.02010	0.00980	0.00320	0.00608	0.51021	0.00674	0.00656
14	0.01575	0.01464	0.01763	0.05026	0.01832	0.09433	0.04867	0.01829	0.01435	0.02090	0.04274	0.07906	0.01734	0.01130	0.01365	0.00252	0.30099	0.00783	0.20381	0.00761
15	0.01617	0.02056	0.11699	0.02752	0.03450	0.01737	0.52477	0.02205	0.01650	0.02270	0.01630	0.07465	0.01363	0.00772	0.00893	0.00250	0.03470	0.00907	0.00383	0.00955
16	0.00949	0.00802	0.00830	0.00821	0.01067	0.00717	0.00615	0.01296	0.07328	0.02097	0.09897	0.09614	0.57876	0.01771	0.00852	0.00247	0.00387	0.01487	0.00687	0.00662
17	0.02179	0.01152	0.01417	0.01174	0.01577	0.01102	0.00938	0.09165	0.08694	0.30388	0.20453	0.03669	0.10200	0.01154	0.00771	0.00228	0.00526	0.00966	0.03244	0.01003
18	0.01392	0.01096	0.01455	0.01470	0.04948	0.01119	0.04092	0.07704	0.10336	0.02597	0.12652	0.08102	0.10555	0.01540	0.00875	0.00274	0.00611	0.25851	0.02517	0.00813
19	0.03340	0.01450	0.02229	0.31996	0.16684	0.03529	0.07459	0.02095	0.08310	0.02166	0.02341	0.02673	0.10887	0.00885	0.00748	0.00236	0.00846	0.00798	0.00431	0.00898
20	0.01812	0.01886	0.01930	0.13796	0.07022	0.19468	0.01439	0.07513	0.01761	0.02137	0.04967	0.05658	0.09514	0.01091	0.01098	0.00243	0.16581	0.00796	0.00449	0.00836
21	0.01997	0.06471	0.05600	0.01553	0.02008	0.05342	0.01296	0.16346	0.38043	0.03037	0.02275	0.02299	0.01751	0.03620	0.00913	0.00252	0.04746	0.00726	0.00635	0.01089
22	0.01539	0.06179	0.51526	0.01993	0.05608	0.01597	0.04183	0.02247	0.01630	0.05704	0.09333	0.02043	0.01672	0.00787	0.00709	0.00226	0.00950	0.00645	0.00398	0.01031
23	0.03850	0.03167	0.52133	0.02233	0.09510	0.01666	0.04537	0.02289	0.01543	0.04450	0.01342	0.01595	0.00981	0.00706	0.00752	0.00227	0.03786	0.00560	0.00342	0.04330
24	0.04868	0.05708	0.01833	0.16723	0.02351	0.08978	0.04441	0.01936	0.01522	0.02211	0.04987	0.02097	0.01502	0.00862	0.00902	0.00215	0.12259	0.00641	0.20826	0.05138
25	0.01191	0.00808	0.01005	0.00930	0.01153	0.00742	0.00706	0.01562	0.04422	0.07750	0.50470	0.05405	0.18106	0.01491	0.00844	0.00232	0.00377	0.01294	0.00782	0.00730
26	0.01468	0.01424	0.02228	0.60174	0.12139	0.04674	0.01981	0.01926	0.01508	0.01915	0.01436	0.02014	0.02606	0.00745	0.00726	0.00237	0.00958	0.00659	0.00338	0.00843
27	0.01057	0.00809	0.01105	0.04572	0.01403	0.00786	0.02967	0.04020	0.01630	0.02173	0.14601	0.42102	0.10685	0.04016	0.00974	0.00286	0.00494	0.04997	0.00663	0.00659
