[name]
unknown

[dist]
# distance from previous block
# <min> <max>
0	7

[block]
# block no. 0 follows, 29 sequences, length 6
# corresponding to MSA columns:
# 7-12
name=unknown_A
#
# <colnr> <probs for GDERKNQSTAVLIFYWHMCP>
#	G	D	E	R	K	N	Q	S	T	A	V	L	I	F	Y	W	H	M	C	P
0	0.01132	0.00850	0.01181	0.01378	0.05598	0.00829	0.01080	0.01451	0.01687	0.02217	0.12879	0.07154	0.11638	0.01799	0.00931	0.00297	0.00592	0.45973	0.00655	0.00681
1	0.60461	0.01786	0.01301	0.01149	0.01586	0.14406	0.00922	0.06967	0.01511	0.03025	0.01063	0.01219	0.00829	0.00688	0.00497	0.00213	0.00700	0.00417	0.00447	0.00813
2	0.00900	0.00699	0.00829	0.00918	0.01071	0.00628	0.00684	0.01083	0.01527	0.01917	0.05417	0.32644	0.34844	0.01991	0.00890	0.00273	0.00428	0.11996	0.00660	0.00601
3	0.01852	0.02357	0.13798	0.12406	0.27884	0.17752	0.06265	0.02372	0.04552	0.02139	0.01338	0.01677	0.01061	0.00686	0.00696	0.00214	0.01004	0.00597	0.00359	0.00991
4	0.00842	0.00721	0.00721	0.00721	0.00962	0.00601	0.00541	0.01022	0.01623	0.01924	0.07213	0.06853	0.70244	0.01803	0.00842	0.00240	0.00361	0.01503	0.00661	0.00601
5	0.33105	0.01430	0.04317	0.01869	0.19015	0.01436	0.01203	0.06171	0.01610	0.02869	0.10833	0.02347	0.06238	0.00854	0.00616	0.00217	0.00611	0.00675	0.03711	0.00873

[dist]
# distance from previous block
# <min> <max>
0	1

[block]
# block no. 1 follows, 29 sequences, length 34
# corresponding to MSA columns:
# 14-47
name=unknown_B
#
# <colnr> <probs for GDERKNQSTAVLIFYWHMCP>
#	G	D	E	R	K	N	Q	S	T	A	V	L	I	F	Y	W	H	M	C	P
0	0.80005	0.01377	0.01047	0.00936	0.01377	0.01597	0.00771	0.02093	0.01212	0.03195	0.00991	0.01157	0.00771	0.00661	0.00441	0.00220	0.00551	0.00386	0.00441	0.00771
1	0.01566	0.02324	0.24120	0.12668	0.05593	0.01719	0.30734	0.02335	0.07457	0.02269	0.01489	0.01849	0.01104	0.00672	0.00758	0.00234	0.01053	0.00705	0.00367	0.00984
2	0.00872	0.00723	0.00764	0.00753	0.00981	0.00614	0.00565	0.01081	0.01695	0.02095	0.18806	0.06570	0.58545	0.01739	0.00841	0.00237	0.00356	0.01463	0.00684	0.00614
3	0.01492	0.13236	0.62288	0.01922	0.02915	0.01809	0.02443	0.02239	0.01496	0.02178	0.01240	0.01455	0.00904	0.00668	0.00647	0.00216	0.01014	0.00507	0.00301	0.01034
4	0.01647	0.01574	0.02682	0.23342	0.52461	0.01662	0.02128	0.02085	0.01567	0.02187	0.01319	0.01800	0.01079	0.00656	0.00707	0.00219	0.00874	0.00634	0.00343	0.01035
5	0.00990	0.00865	0.04485	0.00940	0.01149	0.00701	0.00752	0.01305	0.01861	0.02577	0.50338	0.13228	0.15036	0.01553	0.00840	0.00234	0.00385	0.01363	0.00728	0.00671
6	0.02662	0.03335	0.02023	0.01826	0.02202	0.69164	0.01375	0.05602	0.02074	0.01859	0.01126	0.01302	0.00930	0.00739	0.00645	0.00185	0.01263	0.00466	0.00381	0.00842
7	0.80005	0.01377	0.01047	0.00936	0.01377	0.01597	0.00771	0.02093	0.01212	0.03195	0.00991	0.01157	0.00771	0.00661	0.00441	0.00220	0.00551	0.00386	0.00441	0.00771
8	0.01769	0.05519	0.02691	0.18378	0.46706	0.08529	0.02014	0.02170	0.01609	0.02131	0.01283	0.01713	0.01059	0.00659	0.00688	0.00211	0.00906	0.00604	0.00344	0.01017
9	0.04177	0.03386	0.62630	0.01985	0.02957	0.01619	0.05080	0.02201	0.01482	0.02259	0.01306	0.01573	0.00949	0.00907	0.04259	0.00272	0.01084	0.00546	0.00312	0.01018
10	0.00874	0.00630	0.00829	0.00976	0.01032	0.00584	0.00657	0.01012	0.01410	0.01880	0.07763	0.68120	0.07252	0.02172	0.00902	0.00284	0.00407	0.01964	0.00668	0.00584
11	0.02478	0.01906	0.01969	0.01561	0.02067	0.05088	0.01265	0.52403	0.11777	0.03996	0.01877	0.01960	0.01396	0.03859	0.00823	0.00234	0.00761	0.00671	0.02773	0.01137
12	0.01017	0.00763	0.01144	0.01144	0.01272	0.00890	0.00890	0.01272	0.01144	0.01653	0.01907	0.02797	0.01780	0.05340	0.72153	0.01144	0.01907	0.00763	0.00381	0.00636
13	0.09403	0.05604	0.05500	0.03525	0.04533	0.10114	0.03742	0.27728	0.05007	0.08692	0.05454	0.02049	0.03834	0.00852	0.00681	0.00213	0.00794	0.00661	0.00586	0.01026
14	0.01733	0.26118	0.40803	0.01762	0.02605	0.05269	0.04435	0.02305	0.01543	0.05498	0.01261	0.01441	0.00956	0.00665	0.00614	0.00201	0.00954	0.00498	0.00336	0.01003
15	0.01036	0.00690	0.00777	0.00777	0.00777	0.00690	0.00431	0.01036	0.01036	0.01381	0.02244	0.04660	0.02589	0.74975	0.03624	0.00690	0.00690	0.01036	0.00431	0.00431
16	0.02052	0.00959	0.01286	0.01073	0.01424	0.00851	0.00851	0.02359	0.02026	0.35410	0.37996	0.03936	0.04352	0.01181	0.00781	0.00222	0.00465	0.01015	0.00830	0.00930
17	0.01466	0.06011	0.64483	0.02155	0.07464	0.01696	0.02553	0.02246	0.01509	0.02240	0.01272	0.01508	0.00917	0.00671	0.00671	0.00222	0.01029	0.00528	0.00304	0.01053
18	0.01603	0.01594	0.02395	0.42796	0.28054	0.07478	0.02002	0.02035	0.01544	0.01994	0.01278	0.01799	0.01010	0.00686	0.00704	0.00224	0.00940	0.00619	0.00333	0.00914
19	0.01017	0.00763	0.01144	0.01144	0.01272	0.00890	0.00890	0.01272	0.01144	0.01653	0.01907	0.02797	0.01780	0.05340	0.72153	0.01144	0.01907	0.00763	0.00381	0.00636
20	0.00984	0.00703	0.00960	0.01124	0.01216	0.00678	0.00863	0.01192	0.01478	0.01948	0.03861	0.46928	0.04456	0.02121	0.00940	0.00305	0.00514	0.28461	0.00659	0.00610
21	0.02492	0.03606	0.13966	0.04217	0.04748	0.01450	0.01463	0.13825	0.04749	0.34951	0.02255	0.02363	0.01581	0.00878	0.00716	0.00225	0.00740	0.03969	0.00680	0.01126
22	0.04894	0.01695	0.02982	0.07020	0.54758	0.01700	0.12086	0.02180	0.01605	0.02332	0.01337	0.01768	0.01099	0.00634	0.00715	0.00217	0.00892	0.00656	0.00356	0.01073
23	0.02662	0.03321	0.02024	0.01824	0.02202	0.68508	0.01375	0.06215	0.02087	0.01884	0.01132	0.01306	0.00932	0.00740	0.00646	0.00185	0.01258	0.00468	0.00385	0.00845
24	0.01663	0.01918	0.06918	0.06751	0.15895	0.01773	0.47746	0.02223	0.01632	0.02249	0.01392	0.01861	0.01070	0.00633	0.00842	0.00236	0.03089	0.00772	0.00352	0.00982
25	0.01477	0.01266	0.01477	0.01055	0.01687	0.00949	0.00844	0.01793	0.01477	0.02320	0.01266	0.01477	0.01055	0.00527	0.00527	0.00105	0.00527	0.00422	0.00422	0.79328
26	0.01000	0.00722	0.00945	0.00901	0.01062	0.00667	0.00671	0.01325	0.01981	0.02800	0.66626	0.09008	0.06612	0.01497	0.00844	0.00227	0.00340	0.01327	0.00777	0.00667
27	0.00978	0.00720	0.00916	0.00882	0.01049	0.00657	0.00656	0.01281	0.01923	0.02672	0.58016	0.10342	0.14156	0.01551	0.00845	0.00230	0.00344	0.01365	0.00761	0.00657
28	0.00860	0.00648	0.00797	0.00916	0.01013	0.00585	0.00628	0.01000	0.01436	0.01847	0.04839	0.55701	0.22929	0.02112	0.00890	0.00276	0.00399	0.01879	0.00661	0.00585
29	0.01966	0.01630	0.01810	0.05264	0.04825	0.01860	0.01265	0.18527	0.47842	0.03243	0.02478	0.02363	0.01847	0.00914	0.00720	0.00234	0.00645	0.00752	0.00686	0.01129
30	0.61920	0.18519	0.01668	0.01002	0.01481	0.01880	0.00875	0.02102	0.01266	0.02843	0.00991	0.01153	0.00804	0.00649	0.00444	0.00205	0.00600	0.00384	0.00409	0.00804
31	0.00868	0.00620	0.00826	0.00991	0.01033	0.00578	0.00661	0.00991	0.01363	0.01818	0.03925	0.74510	0.04710	0.02231	0.00909	0.00289	0.00413	0.02024	0.00661	0.00578
32	0.01319	0.01015	0.01275	0.01349	0.01579	0.01081	0.01142	0.02110	0.20234	0.02364	0.03530	0.06554	0.03569	0.01692	0.00912	0.00304	0.00630	0.47880	0.00675	0.00785
33	0.01800	0.59761	0.18465	0.01395	0.02101	0.02564	0.01526	0.02159	0.01459	0.01802	0.01053	0.01221	0.00911	0.00624	0.00505	0.00168	0.00825	0.00412	0.00304	0.00944

[dist]
# distance from previous block
# <min> <max>
0	2

[block]
# block no. 2 follows, 29 sequences, length 11
# corresponding to MSA columns:
# 50-60
name=unknown_C
#
# <colnr> <probs for GDERKNQSTAVLIFYWHMCP>
#	G	D	E	R	K	N	Q	S	T	A	V	L	I	F	Y	W	H	M	C	P
0	0.05193	0.56488	0.06199	0.01352	0.01888	0.06577	0.01308	0.02127	0.01430	0.01773	0.01002	0.01215	0.00910	0.00696	0.00696	0.00179	0.09342	0.00420	0.00315	0.00893
1	0.01237	0.00618	0.00928	0.00928	0.00928	0.00618	0.00618	0.00928	0.00928	0.01237	0.01237	0.02165	0.01237	0.02474	0.02783	0.79283	0.00618	0.00618	0.00309	0.00309
2	0.04663	0.01284	0.02079	0.55606	0.13015	0.01521	0.01843	0.01817	0.01456	0.01951	0.01725	0.02234	0.06343	0.00784	0.00710	0.00233	0.00873	0.00690	0.00353	0.00819
3	0.03027	0.01175	0.01599	0.01239	0.01760	0.01018	0.01018	0.03307	0.02036	0.65809	0.07964	0.02645	0.02142	0.00925	0.00726	0.00221	0.00585	0.00760	0.00874	0.01170
4	0.01542	0.01016	0.01234	0.14707	0.01858	0.01138	0.00957	0.11331	0.01729	0.02714	0.01963	0.02319	0.01525	0.00832	0.00661	0.00194	0.04174	0.00652	0.48681	0.00773
5	0.01737	0.02174	0.17461	0.11552	0.30362	0.06271	0.02014	0.05137	0.11714	0.02396	0.01548	0.01822	0.01202	0.00718	0.00699	0.00220	0.00888	0.00625	0.00408	0.01054
6	0.01912	0.66347	0.03532	0.01297	0.01848	0.05968	0.01252	0.02133	0.01446	0.01681	0.00991	0.01181	0.00916	0.00664	0.00611	0.00166	0.06444	0.00403	0.00308	0.00899
7	0.01237	0.00618	0.00928	0.00928	0.00928	0.00618	0.00618	0.00928	0.00928	0.01237	0.01237	0.02165	0.01237	0.02474	0.02783	0.79283	0.00618	0.00618	0.00309	0.00309
8	0.01057	0.00790	0.01078	0.01121	0.05573	0.00738	0.00770	0.01398	0.01990	0.02821	0.65691	0.05088	0.06356	0.01402	0.00831	0.00223	0.00369	0.01245	0.00756	0.00701
9	0.02142	0.06665	0.01935	0.01461	0.01927	0.01821	0.03234	0.25699	0.27061	0.08538	0.05060	0.02348	0.01874	0.02929	0.00780	0.00233	0.00661	0.00734	0.03813	0.01086
10	0.04015	0.20226	0.14720	0.04572	0.04876	0.01823	0.01446	0.09937	0.04489	0.02373	0.01517	0.07429	0.01339	0.00817	0.00687	0.00194	0.03831	0.00628	0.00426	0.14655

[dist]
# distance from previous block
# <min> <max>
0	3

[block]
# block no. 3 follows, 29 sequences, length 9
# corresponding to MSA columns:
# 64-72
name=unknown_D
#
# <colnr> <probs for GDERKNQSTAVLIFYWHMCP>
#	G	D	E	R	K	N	Q	S	T	A	V	L	I	F	Y	W	H	M	C	P
0	0.02226	0.16563	0.02281	0.01736	0.04718	0.42216	0.01327	0.02535	0.05722	0.01822	0.01316	0.03801	0.01165	0.01027	0.04291	0.00241	0.05233	0.00546	0.00383	0.00852
1	0.65584	0.01423	0.01208	0.01035	0.01498	0.01609	0.00853	0.08721	0.01495	0.09335	0.01223	0.01323	0.00902	0.00700	0.00492	0.00220	0.00579	0.00440	0.00506	0.00854
2	0.01657	0.01723	0.02937	0.13902	0.22295	0.06375	0.25064	0.02200	0.05297	0.02175	0.01567	0.04918	0.01306	0.00953	0.04220	0.00274	0.01034	0.00768	0.00385	0.00950
3	0.01477	0.01266	0.01477	0.01055	0.01687	0.00949	0.00844	0.01793	0.01477	0.02320	0.01266	0.01477	0.01055	0.00527	0.00527	0.00105	0.00527	0.00422	0.00422	0.79328
4	0.02660	0.03394	0.02018	0.01834	0.02201	0.72116	0.01376	0.02843	0.02018	0.01743	0.01101	0.01284	0.00917	0.00734	0.00642	0.00183	0.01284	0.00459	0.00367	0.00825
5	0.00898	0.00639	0.00810	0.00934	0.00980	0.00601	0.00610	0.01002	0.01318	0.01742	0.03814	0.57136	0.08414	0.15887	0.01415	0.00362	0.00462	0.01806	0.00618	0.00552
6	0.01676	0.05461	0.05200	0.04177	0.02650	0.04710	0.26682	0.07021	0.01632	0.02216	0.01712	0.03988	0.05458	0.00899	0.01129	0.00240	0.18099	0.00765	0.00401	0.05885
7	0.01033	0.00697	0.00808	0.00804	0.00822	0.00700	0.00472	0.01069	0.01107	0.01494	0.06799	0.04605	0.02824	0.66317	0.07085	0.00683	0.00731	0.01038	0.00453	0.00459
8	0.01019	0.00695	0.00782	0.00779	0.00806	0.00683	0.00453	0.01051	0.01133	0.01502	0.06304	0.04863	0.07971	0.65411	0.03261	0.00631	0.00646	0.01085	0.00468	0.00457

[dist]
# distance from previous block
# <min> <max>
0	1

[block]
# block no. 4 follows, 29 sequences, length 39
# corresponding to MSA columns:
# 74-112
name=unknown_E
#
# <colnr> <probs for GDERKNQSTAVLIFYWHMCP>
#	G	D	E	R	K	N	Q	S	T	A	V	L	I	F	Y	W	H	M	C	P
0	0.02680	0.01692	0.01907	0.01472	0.02000	0.01783	0.01201	0.45760	0.02815	0.20683	0.02005	0.02079	0.01436	0.05862	0.00905	0.00245	0.00726	0.00680	0.00727	0.03341
1	0.02101	0.01753	0.01720	0.01496	0.01928	0.09117	0.01173	0.11382	0.48446	0.08967	0.02560	0.02379	0.01891	0.00921	0.00714	0.00230	0.00669	0.00741	0.00699	0.01113
2	0.01624	0.01631	0.02083	0.01781	0.01873	0.05736	0.01468	0.01918	0.05766	0.01844	0.01100	0.01612	0.01026	0.01149	0.02009	0.00285	0.59677	0.00612	0.00350	0.06455
3	0.01036	0.00690	0.00777	0.00777	0.00777	0.00690	0.00431	0.01036	0.01036	0.01381	0.02244	0.04660	0.02589	0.74975	0.03624	0.00690	0.00690	0.01036	0.00431	0.00431
4	0.71035	0.01466	0.04169	0.01008	0.01484	0.01560	0.00873	0.02199	0.01284	0.08033	0.01135	0.01263	0.00848	0.00678	0.00471	0.00221	0.00577	0.00416	0.00466	0.00815
5	0.04548	0.01683	0.02368	0.03080	0.40565	0.04730	0.01722	0.11590	0.06459	0.09579	0.01759	0.05661	0.01441	0.00801	0.00708	0.00218	0.00781	0.00712	0.00501	0.01094
6	0.02707	0.01995	0.02137	0.01638	0.02208	0.02208	0.01353	0.68159	0.03348	0.04488	0.01710	0.01710	0.01211	0.00855	0.00712	0.00214	0.00784	0.00641	0.00712	0.01211
7	0.01586	0.01588	0.04430	0.26387	0.41733	0.01628	0.05701	0.02038	0.01558	0.02146	0.01501	0.01966	0.03202	0.00695	0.00718	0.00223	0.00889	0.00669	0.00349	0.00992
8	0.01008	0.00728	0.00952	0.00896	0.01064	0.00672	0.00672	0.01344	0.02016	0.02855	0.70158	0.05319	0.06719	0.01456	0.00840	0.00224	0.00336	0.01288	0.00784	0.00672
9	0.01681	0.01921	0.04202	0.03001	0.03721	0.01801	0.67947	0.02281	0.01681	0.02281	0.01441	0.01921	0.01080	0.00600	0.00840	0.00240	0.01200	0.00840	0.00360	0.00960
10	0.01008	0.00728	0.00952	0.00896	0.01064	0.00672	0.00672	0.01344	0.02016	0.02855	0.70158	0.05319	0.06719	0.01456	0.00840	0.00224	0.00336	0.01288	0.00784	0.00672
11	0.03195	0.01212	0.01652	0.01267	0.01818	0.01047	0.01047	0.03470	0.02038	0.71026	0.02809	0.02424	0.01763	0.00881	0.00716	0.00220	0.00606	0.00716	0.00881	0.01212
12	0.01904	0.75404	0.03731	0.01218	0.01828	0.02818	0.01218	0.02132	0.01447	0.01675	0.00990	0.01142	0.00914	0.00609	0.00457	0.00152	0.00761	0.00381	0.00305	0.00914
13	0.01327	0.00664	0.00664	0.00664	0.00830	0.00664	0.00498	0.01659	0.01493	0.02655	0.02323	0.02655	0.01825	0.00830	0.00498	0.00166	0.00332	0.00664	0.78928	0.00664
14	0.39828	0.27705	0.02072	0.01083	0.01578	0.01936	0.00966	0.02205	0.01378	0.09629	0.01231	0.01374	0.00981	0.00923	0.04426	0.00247	0.00706	0.00439	0.00435	0.00860
15	0.01836	0.01627	0.01657	0.04053	0.01975	0.05629	0.01167	0.07912	0.56359	0.02935	0.02806	0.02632	0.04298	0.00965	0.00723	0.00236	0.00625	0.00792	0.00687	0.01086
16	0.01375	0.01296	0.02190	0.68308	0.09625	0.01590	0.01992	0.01846	0.01438	0.01856	0.01271	0.01889	0.00962	0.00706	0.00711	0.00235	0.00942	0.00633	0.00319	0.00815
17	0.01478	0.11184	0.64221	0.01945	0.02951	0.01775	0.02483	0.02242	0.01497	0.02194	0.01248	0.01466	0.00903	0.00669	0.00654	0.00218	0.01022	0.00511	0.00301	0.01038
18	0.01034	0.00698	0.00817	0.00817	0.00831	0.00712	0.00481	0.01061	0.01047	0.01410	0.02207	0.04457	0.02501	0.67380	0.11099	0.00740	0.00823	0.01006	0.00426	0.00454
19	0.07126	0.01553	0.01610	0.01428	0.01845	0.01791	0.01119	0.08300	0.59909	0.03102	0.02684	0.02487	0.02010	0.00937	0.00704	0.00238	0.00579	0.00765	0.00704	0.01109
20	0.01872	0.70564	0.08290	0.01273	0.01912	0.02739	0.01314	0.02140	0.01451	0.01714	0.01009	0.01167	0.00913	0.00614	0.00472	0.00157	0.00781	0.00391	0.00304	0.00923
21	0.01681	0.01921	0.04202	0.03001	0.03721	0.01801	0.67947	0.02281	0.01681	0.02281	0.01441	0.01921	0.01080	0.00600	0.00840	0.00240	0.01200	0.00840	0.00360	0.00960
22	0.01717	0.01646	0.02809	0.11782	0.63473	0.01680	0.02163	0.02146	0.01600	0.02272	0.01331	0.01777	0.01109	0.00643	0.00706	0.00214	0.00857	0.00634	0.00349	0.01092
23	0.01345	0.01266	0.02136	0.73264	0.04904	0.01582	0.01978	0.01819	0.01424	0.01819	0.01266	0.01898	0.00949	0.00712	0.00712	0.00237	0.00949	0.00633	0.00316	0.00791
24	0.01020	0.01286	0.14942	0.01119	0.01430	0.00831	0.01031	0.01334	0.01554	0.02100	0.16193	0.25885	0.18177	0.06586	0.01021	0.00282	0.00542	0.03384	0.00596	0.00688
25	0.01521	0.17633	0.58146	0.01872	0.02838	0.01880	0.02356	0.02231	0.01492	0.02142	0.01222	0.01433	0.00904	0.00663	0.00634	0.00211	0.00996	0.00498	0.00301	0.01025
26	0.01129	0.00806	0.01126	0.01290	0.01445	0.00803	0.01115	0.01443	0.01621	0.02110	0.03781	0.12525	0.04139	0.01985	0.00978	0.00325	0.00639	0.61434	0.00656	0.00650
27	0.02104	0.01593	0.01729	0.01443	0.01857	0.01758	0.01139	0.39207	0.17338	0.03544	0.02371	0.14338	0.02084	0.05002	0.00901	0.00258	0.00668	0.00931	0.00692	0.01045
28	0.01008	0.00728	0.00952	0.00896	0.01064	0.00672	0.00672	0.01344	0.02016	0.02855	0.70158	0.05319	0.06719	0.01456	0.00840	0.00224	0.00336	0.01288	0.00784	0.00672
29	0.05071	0.01754	0.01912	0.01523	0.02028	0.01915	0.01247	0.50421	0.06639	0.09285	0.02060	0.06428	0.01629	0.00988	0.00728	0.00225	0.00722	0.03584	0.00712	0.01130
30	0.01551	0.23007	0.47049	0.01817	0.02704	0.01943	0.05606	0.02182	0.01501	0.02088	0.01404	0.01604	0.03208	0.00691	0.00631	0.00207	0.00958	0.00535	0.00317	0.00995
31	0.01036	0.00690	0.00777	0.00777	0.00777	0.00690	0.00431	0.01036	0.01036	0.01381	0.02244	0.04660	0.02589	0.74975	0.03624	0.00690	0.00690	0.01036	0.00431	0.00431
32	0.01011	0.00741	0.00883	0.00839	0.01047	0.00656	0.00632	0.01284	0.01861	0.04651	0.43096	0.05834	0.31715	0.01575	0.00837	0.00230	0.00354	0.01355	0.00738	0.00661
33	0.07320	0.21272	0.25754	0.01695	0.04609	0.14269	0.01703	0.02474	0.01634	0.11119	0.01358	0.01479	0.01020	0.00694	0.00605	0.00198	0.00920	0.00497	0.00401	0.00982
34	0.01552	0.01770	0.07718	0.20439	0.07881	0.04141	0.21213	0.01991	0.01448	0.01985	0.01278	0.01820	0.01038	0.01047	0.05045	0.00300	0.17440	0.00685	0.00335	0.00872
35	0.01242	0.00627	0.00887	0.00887	0.00909	0.00627	0.00596	0.01029	0.01007	0.01431	0.01417	0.02317	0.01363	0.04773	0.02507	0.65971	0.00583	0.00639	0.10828	0.00361
36	0.01152	0.03517	0.01113	0.01026	0.01229	0.00848	0.00751	0.01536	0.08265	0.03884	0.15370	0.39230	0.05910	0.01649	0.00805	0.00242	0.00440	0.01463	0.02621	0.08949
37	0.11740	0.06787	0.08096	0.07129	0.08710	0.07323	0.12305	0.02177	0.03687	0.05983	0.01585	0.06669	0.01387	0.00899	0.00905	0.00237	0.10303	0.02763	0.00422	0.00894
38	0.09829	0.18273	0.09286	0.06460	0.03671	0.05953	0.01184	0.01840	0.01478	0.05023	0.03964	0.12023	0.08974	0.06155	0.02771	0.00272	0.00740	0.00853	0.00457	0.00795

[dist]
# distance from previous block
# <min> <max>
0	19

[block]
# block no. 5 follows, 29 sequences, length 46
# corresponding to MSA columns:
# 132-177
name=unknown_F
#
# <colnr> <probs for GDERKNQSTAVLIFYWHMCP>
#	G	D	E	R	K	N	Q	S	T	A	V	L	I	F	Y	W	H	M	C	P
0	0.07865	0.04021	0.09950	0.06536	0.31005	0.03349	0.07518	0.02023	0.01588	0.02328	0.06705	0.04851	0.04016	0.00801	0.00698	0.00215	0.00804	0.00730	0.00409	0.04588
1	0.02250	0.05187	0.01984	0.04806	0.02128	0.01887	0.01269	0.44946	0.04621	0.03663	0.01846	0.02282	0.01474	0.01073	0.03399	0.00247	0.00782	0.05906	0.02945	0.07305
2	0.01038	0.00739	0.00931	0.00957	0.01091	0.00703	0.00687	0.04496	0.01750	0.02425	0.31411	0.35972	0.07911	0.01757	0.00848	0.00250	0.00393	0.01564	0.04423	0.00654
3	0.00963	0.00719	0.00927	0.00997	0.01130	0.00637	0.00688	0.01124	0.01407	0.01935	0.06305	0.60876	0.04256	0.01948	0.00850	0.00259	0.00427	0.01758	0.00631	0.12162
4	0.01017	0.00763	0.01144	0.01144	0.01272	0.00890	0.00890	0.01272	0.01144	0.01653	0.01907	0.02797	0.01780	0.05340	0.72153	0.01144	0.01907	0.00763	0.00381	0.00636
5	0.00868	0.00620	0.00826	0.00991	0.01033	0.00578	0.00661	0.00991	0.01363	0.01818	0.03925	0.74510	0.04710	0.02231	0.00909	0.00289	0.00413	0.02024	0.00661	0.00578
6	0.01762	0.01692	0.02890	0.04371	0.70533	0.01692	0.02185	0.02185	0.01621	0.02326	0.01339	0.01762	0.01128	0.00634	0.00705	0.00211	0.00846	0.00634	0.00352	0.01128
7	0.01904	0.75404	0.03731	0.01218	0.01828	0.02818	0.01218	0.02132	0.01447	0.01675	0.00990	0.01142	0.00914	0.00609	0.00457	0.00152	0.00761	0.00381	0.00305	0.00914
8	0.01237	0.00618	0.00928	0.00928	0.00928	0.00618	0.00618	0.00928	0.00928	0.01237	0.01237	0.02165	0.01237	0.02474	0.02783	0.79283	0.00618	0.00618	0.00309	0.00309
9	0.01558	0.01558	0.02181	0.01869	0.01869	0.02181	0.01558	0.01714	0.01091	0.01714	0.00935	0.01558	0.00935	0.01246	0.02337	0.00312	0.73672	0.00623	0.00312	0.00779
10	0.01036	0.00690	0.00777	0.00777	0.00777	0.00690	0.00431	0.01036	0.01036	0.01381	0.02244	0.04660	0.02589	0.74975	0.03624	0.00690	0.00690	0.01036	0.00431	0.00431
11	0.01170	0.00799	0.01029	0.00942	0.01142	0.00749	0.00715	0.04109	0.02070	0.05853	0.64522	0.05050	0.06285	0.01407	0.00829	0.00223	0.00365	0.01237	0.00785	0.00717
12	0.01762	0.01692	0.02890	0.04371	0.70533	0.01692	0.02185	0.02185	0.01621	0.02326	0.01339	0.01762	0.01128	0.00634	0.00705	0.00211	0.00846	0.00634	0.00352	0.01128
13	0.01450	0.07001	0.68161	0.01992	0.03024	0.01708	0.02566	0.02249	0.01501	0.02228	0.01265	0.01487	0.00903	0.00673	0.00666	0.00222	0.01039	0.00519	0.00301	0.01046
14	0.01017	0.00763	0.01144	0.01144	0.01272	0.00890	0.00890	0.01272	0.01144	0.01653	0.01907	0.02797	0.01780	0.05340	0.72153	0.01144	0.01907	0.00763	0.00381	0.00636
15	0.01445	0.01232	0.01443	0.01051	0.01653	0.00930	0.00834	0.01751	0.01471	0.02294	0.01404	0.05274	0.01245	0.00616	0.00547	0.00115	0.00521	0.00505	0.00434	0.75233
16	0.01753	0.17082	0.43827	0.01869	0.02715	0.11004	0.05239	0.02352	0.01587	0.04523	0.01262	0.01459	0.00945	0.00675	0.00640	0.00207	0.01018	0.00511	0.00333	0.00998
17	0.01018	0.00759	0.01126	0.01126	0.01247	0.00880	0.00867	0.01260	0.01139	0.01640	0.01924	0.02890	0.01820	0.08787	0.68761	0.01122	0.01847	0.00776	0.00384	0.00626
18	0.01354	0.01272	0.04852	0.01419	0.05940	0.03225	0.03187	0.04523	0.17344	0.02613	0.25786	0.12150	0.10813	0.01307	0.00794	0.00236	0.00541	0.01142	0.00663	0.00841
19	0.03195	0.01212	0.01652	0.01267	0.01818	0.01047	0.01047	0.03470	0.02038	0.71026	0.02809	0.02424	0.01763	0.00881	0.00716	0.00220	0.00606	0.00716	0.00881	0.01212
20	0.01017	0.00763	0.01144	0.01144	0.01272	0.00890	0.00890	0.01272	0.01144	0.01653	0.01907	0.02797	0.01780	0.05340	0.72153	0.01144	0.01907	0.00763	0.00381	0.00636
21	0.01585	0.04043	0.04966	0.21442	0.06902	0.04412	0.09095	0.05765	0.17598	0.02368	0.04657	0.05892	0.06332	0.00930	0.00739	0.00233	0.00797	0.00826	0.00497	0.00920
22	0.01771	0.01530	0.01610	0.01449	0.01852	0.01771	0.01127	0.03784	0.69247	0.02979	0.02898	0.02657	0.02174	0.00966	0.00725	0.00242	0.00564	0.00805	0.00725	0.01127
23	0.01477	0.01266	0.01477	0.01055	0.01687	0.00949	0.00844	0.01793	0.01477	0.02320	0.01266	0.01477	0.01055	0.00527	0.00527	0.00105	0.00527	0.00422	0.00422	0.79328
24	0.01129	0.00926	0.01342	0.06567	0.01684	0.00910	0.04846	0.01399	0.01528	0.02091	0.11356	0.28574	0.06329	0.01600	0.00920	0.00258	0.04356	0.13236	0.00584	0.10364
25	0.03345	0.08645	0.01167	0.00892	0.01025	0.00977	0.00604	0.03315	0.01243	0.01677	0.02476	0.13902	0.05473	0.46799	0.02502	0.00510	0.00638	0.01074	0.00469	0.03267
26	0.01034	0.00692	0.00786	0.00783	0.00792	0.00689	0.00444	0.01052	0.01086	0.01457	0.05775	0.04694	0.02804	0.71152	0.03479	0.00666	0.00672	0.01049	0.00450	0.00444
27	0.01750	0.01239	0.01322	0.04140	0.01544	0.03807	0.00931	0.18629	0.05997	0.02966	0.02075	0.05129	0.01671	0.00923	0.00734	0.00202	0.06005	0.00709	0.39381	0.00846
28	0.01904	0.75404	0.03731	0.01218	0.01828	0.02818	0.01218	0.02132	0.01447	0.01675	0.00990	0.01142	0.00914	0.00609	0.00457	0.00152	0.00761	0.00381	0.00305	0.00914
29	0.01904	0.75404	0.03731	0.01218	0.01828	0.02818	0.01218	0.02132	0.01447	0.01675	0.00990	0.01142	0.00914	0.00609	0.00457	0.00152	0.00761	0.00381	0.00305	0.00914
30	0.01237	0.00618	0.00928	0.00928	0.00928	0.00618	0.00618	0.00928	0.00928	0.01237	0.01237	0.02165	0.01237	0.02474	0.02783	0.79283	0.00618	0.00618	0.00309	0.00309
31	0.00868	0.00620	0.00826	0.00991	0.01033	0.00578	0.00661	0.00991	0.01363	0.01818	0.03925	0.74510	0.04710	0.02231	0.00909	0.00289	0.00413	0.02024	0.00661	0.00578
32	0.02660	0.03394	0.02018	0.01834	0.02201	0.72116	0.01376	0.02843	0.02018	0.01743	0.01101	0.01284	0.00917	0.00734	0.00642	0.00183	0.01284	0.00459	0.00367	0.00825
33	0.00956	0.00695	0.00878	0.00972	0.01069	0.00648	0.00685	0.01107	0.01400	0.01851	0.05870	0.42184	0.11291	0.13742	0.01333	0.00345	0.00487	0.10580	0.00619	0.03289
34	0.01017	0.00763	0.01144	0.01144	0.01272	0.00890	0.00890	0.01272	0.01144	0.01653	0.01907	0.02797	0.01780	0.05340	0.72153	0.01144	0.01907	0.00763	0.00381	0.00636
35	0.00868	0.00620	0.00826	0.00991	0.01033	0.00578	0.00661	0.00991	0.01363	0.01818	0.03925	0.74510	0.04710	0.02231	0.00909	0.00289	0.00413	0.02024	0.00661	0.00578
36	0.01904	0.75404	0.03731	0.01218	0.01828	0.02818	0.01218	0.02132	0.01447	0.01675	0.00990	0.01142	0.00914	0.00609	0.00457	0.00152	0.00761	0.00381	0.00305	0.00914
37	0.02156	0.02352	0.02234	0.02328	0.16530	0.30925	0.03887	0.07889	0.05042	0.02208	0.01328	0.01616	0.01096	0.00817	0.00942	0.00217	0.12896	0.00577	0.04034	0.00925
38	0.01040	0.00765	0.01058	0.01048	0.01131	0.00866	0.00763	0.01209	0.01107	0.01567	0.01985	0.03360	0.02015	0.27716	0.47794	0.00971	0.03787	0.00847	0.00395	0.00574
39	0.01507	0.01451	0.02396	0.41861	0.06591	0.01737	0.09646	0.04642	0.01477	0.02004	0.01241	0.01802	0.00984	0.00803	0.01051	0.00246	0.15771	0.00648	0.00343	0.03800
40	0.01113	0.00804	0.01102	0.01254	0.01418	0.00793	0.01081	0.01421	0.01626	0.02102	0.04033	0.10804	0.09038	0.01966	0.00970	0.00320	0.00623	0.58229	0.00656	0.00648
41	0.01649	0.01722	0.02341	0.01963	0.02051	0.07237	0.07193	0.01844	0.01208	0.01764	0.00990	0.01569	0.00946	0.01154	0.02086	0.00296	0.62239	0.00630	0.00320	0.00798
42	0.01994	0.06939	0.14190	0.08171	0.10375	0.27659	0.01637	0.02498	0.07231	0.04632	0.01832	0.01991	0.06225	0.00807	0.00675	0.00207	0.00980	0.00617	0.00416	0.00925
43	0.04790	0.61696	0.06209	0.01258	0.01836	0.04974	0.01242	0.02098	0.01438	0.01758	0.01073	0.01283	0.00971	0.00963	0.05689	0.00231	0.00867	0.00418	0.00317	0.00891
44	0.01622	0.01366	0.01682	0.11735	0.02222	0.01273	0.01112	0.11526	0.01722	0.02521	0.01402	0.03948	0.01175	0.00692	0.00680	0.00156	0.04089	0.00547	0.00452	0.50079
45	0.01865	0.60306	0.14509	0.01379	0.02048	0.06061	0.01453	0.02187	0.01484	0.01772	0.01042	0.01207	0.00912	0.00626	0.00501	0.00166	0.00834	0.00408	0.00307	0.00932

[dist]
# distance from previous block
# <min> <max>
1	3

[block]
# block no. 6 follows, 29 sequences, length 19
# corresponding to MSA columns:
# 181-199
name=unknown_G
#
# <colnr> <probs for GDERKNQSTAVLIFYWHMCP>
#	G	D	E	R	K	N	Q	S	T	A	V	L	I	F	Y	W	H	M	C	P
0	0.01862	0.01888	0.03606	0.06077	0.03400	0.01887	0.48725	0.15282	0.01973	0.02671	0.01464	0.01862	0.01094	0.00684	0.00873	0.00238	0.04212	0.00782	0.00426	0.00994
1	0.06241	0.04901	0.34016	0.02422	0.17787	0.01607	0.08637	0.02147	0.01551	0.02345	0.04608	0.01752	0.01256	0.00682	0.00674	0.00211	0.00905	0.00597	0.00360	0.07300
2	0.01954	0.06484	0.02017	0.18690	0.04819	0.27639	0.01439	0.07405	0.05824	0.02048	0.01428	0.01801	0.01171	0.01498	0.12408	0.00359	0.01180	0.00586	0.00401	0.00849
3	0.02263	0.23213	0.08063	0.01762	0.04972	0.40236	0.01452	0.02626	0.05714	0.01861	0.01199	0.01362	0.00997	0.00704	0.00601	0.00183	0.01061	0.00470	0.00365	0.00898
4	0.01605	0.23799	0.41045	0.01958	0.02830	0.02009	0.12959	0.02224	0.01516	0.02094	0.01223	0.01469	0.00935	0.00645	0.00641	0.00207	0.00994	0.00536	0.00312	0.00998
5	0.00842	0.00721	0.00721	0.00721	0.00962	0.00601	0.00541	0.01022	0.01623	0.01924	0.07213	0.06853	0.70244	0.01803	0.00842	0.00240	0.00361	0.01503	0.00661	0.00601
6	0.02189	0.01550	0.01643	0.01332	0.01764	0.01705	0.01077	0.40779	0.11093	0.03766	0.02037	0.02103	0.01510	0.00861	0.00652	0.00203	0.00625	0.00668	0.23400	0.01042
7	0.01399	0.00733	0.00740	0.00714	0.00901	0.00744	0.00542	0.05115	0.01590	0.02750	0.02291	0.02606	0.01793	0.00831	0.00509	0.00168	0.00355	0.00663	0.74863	0.00692
8	0.02707	0.01995	0.02137	0.01638	0.02208	0.02208	0.01353	0.68159	0.03348	0.04488	0.01710	0.01710	0.01211	0.00855	0.00712	0.00214	0.00784	0.00641	0.00712	0.01211
9	0.01904	0.75404	0.03731	0.01218	0.01828	0.02818	0.01218	0.02132	0.01447	0.01675	0.00990	0.01142	0.00914	0.00609	0.00457	0.00152	0.00761	0.00381	0.00305	0.00914
10	0.01017	0.00763	0.01144	0.01144	0.01272	0.00890	0.00890	0.01272	0.01144	0.01653	0.01907	0.02797	0.01780	0.05340	0.72153	0.01144	0.01907	0.00763	0.00381	0.00636
11	0.01345	0.01266	0.02136	0.73264	0.04904	0.01582	0.01978	0.01819	0.01424	0.01819	0.01266	0.01898	0.00949	0.00712	0.00712	0.00237	0.00949	0.00633	0.00316	0.00791
12	0.01036	0.00690	0.00777	0.00777	0.00777	0.00690	0.00431	0.01036	0.01036	0.01381	0.02244	0.04660	0.02589	0.74975	0.03624	0.00690	0.00690	0.01036	0.00431	0.00431
13	0.01008	0.00728	0.00952	0.00896	0.01064	0.00672	0.00672	0.01344	0.02016	0.02855	0.70158	0.05319	0.06719	0.01456	0.00840	0.00224	0.00336	0.01288	0.00784	0.00672
14	0.01017	0.00763	0.01144	0.01144	0.01272	0.00890	0.00890	0.01272	0.01144	0.01653	0.01907	0.02797	0.01780	0.05340	0.72153	0.01144	0.01907	0.00763	0.00381	0.00636
15	0.01107	0.00804	0.01092	0.01226	0.01398	0.00788	0.01057	0.01420	0.01659	0.02152	0.07992	0.07751	0.11141	0.01920	0.00960	0.00313	0.00606	0.55298	0.00664	0.00651
16	0.80005	0.01377	0.01047	0.00936	0.01377	0.01597	0.00771	0.02093	0.01212	0.03195	0.00991	0.01157	0.00771	0.00661	0.00441	0.00220	0.00551	0.00386	0.00441	0.00771
17	0.15232	0.01245	0.01463	0.01184	0.01643	0.01217	0.00960	0.08775	0.06033	0.35132	0.14469	0.02653	0.02441	0.00939	0.00687	0.00218	0.00560	0.00753	0.00751	0.03645
18	0.01762	0.01692	0.02890	0.04371	0.70533	0.01692	0.02185	0.02185	0.01621	0.02326	0.01339	0.01762	0.01128	0.00634	0.00705	0.00211	0.00846	0.00634	0.00352	0.01128

[dist]
# distance from previous block
# <min> <max>
0	19

[block]
# block no. 7 follows, 29 sequences, length 26
# corresponding to MSA columns:
# 219-244
name=unknown_H
#
# <colnr> <probs for GDERKNQSTAVLIFYWHMCP>
#	G	D	E	R	K	N	Q	S	T	A	V	L	I	F	Y	W	H	M	C	P
0	0.80005	0.01377	0.01047	0.00936	0.01377	0.01597	0.00771	0.02093	0.01212	0.03195	0.00991	0.01157	0.00771	0.00661	0.00441	0.00220	0.00551	0.00386	0.00441	0.00771
1	0.02294	0.01789	0.01904	0.01555	0.02051	0.02015	0.01253	0.39727	0.32453	0.03821	0.02235	0.02128	0.01636	0.00904	0.00718	0.00226	0.00686	0.00714	0.00718	0.01174
2	0.01237	0.00618	0.00928	0.00928	0.00928	0.00618	0.00618	0.00928	0.00928	0.01237	0.01237	0.02165	0.01237	0.02474	0.02783	0.79283	0.00618	0.00618	0.00309	0.00309
3	0.01771	0.01530	0.01610	0.01449	0.01852	0.01771	0.01127	0.03784	0.69247	0.02979	0.02898	0.02657	0.02174	0.00966	0.00725	0.00242	0.00564	0.00805	0.00725	0.01127
4	0.01477	0.01266	0.01477	0.01055	0.01687	0.00949	0.00844	0.01793	0.01477	0.02320	0.01266	0.01477	0.01055	0.00527	0.00527	0.00105	0.00527	0.00422	0.00422	0.79328
5	0.00881	0.00625	0.00822	0.00975	0.01013	0.00587	0.00643	0.00995	0.01338	0.01784	0.03795	0.69106	0.04546	0.07859	0.01119	0.00320	0.00435	0.01948	0.00643	0.00567
6	0.01558	0.01558	0.02181	0.01869	0.01869	0.02181	0.01558	0.01714	0.01091	0.01714	0.00935	0.01558	0.00935	0.01246	0.02337	0.00312	0.73672	0.00623	0.00312	0.00779
7	0.03126	0.01227	0.01650	0.01276	0.01819	0.01081	0.01050	0.03485	0.05270	0.67755	0.02813	0.02435	0.01782	0.00885	0.00716	0.00221	0.00604	0.00720	0.00874	0.01208
8	0.01904	0.75404	0.03731	0.01218	0.01828	0.02818	0.01218	0.02132	0.01447	0.01675	0.00990	0.01142	0.00914	0.00609	0.00457	0.00152	0.00761	0.00381	0.00305	0.00914
9	0.01008	0.00728	0.00952	0.00896	0.01064	0.00672	0.00672	0.01344	0.02016	0.02855	0.70158	0.05319	0.06719	0.01456	0.00840	0.00224	0.00336	0.01288	0.00784	0.00672
10	0.01036	0.00690	0.00777	0.00777	0.00777	0.00690	0.00431	0.01036	0.01036	0.01381	0.02244	0.04660	0.02589	0.74975	0.03624	0.00690	0.00690	0.01036	0.00431	0.00431
11	0.01345	0.01266	0.02136	0.73264	0.04904	0.01582	0.01978	0.01819	0.01424	0.01819	0.01266	0.01898	0.00949	0.00712	0.00712	0.00237	0.00949	0.00633	0.00316	0.00791
12	0.02707	0.01995	0.02137	0.01638	0.02208	0.02208	0.01353	0.68159	0.03348	0.04488	0.01710	0.01710	0.01211	0.00855	0.00712	0.00214	0.00784	0.00641	0.00712	0.01211
13	0.01019	0.00758	0.01118	0.01118	0.01236	0.00876	0.00858	0.01255	0.01137	0.01634	0.01931	0.02929	0.01837	0.10275	0.67297	0.01112	0.01821	0.00782	0.00385	0.00621
14	0.02707	0.01995	0.02137	0.01638	0.02208	0.02208	0.01353	0.68159	0.03348	0.04488	0.01710	0.01710	0.01211	0.00855	0.00712	0.00214	0.00784	0.00641	0.00712	0.01211
15	0.01237	0.00618	0.00928	0.00928	0.00928	0.00618	0.00618	0.00928	0.00928	0.01237	0.01237	0.02165	0.01237	0.02474	0.02783	0.79283	0.00618	0.00618	0.00309	0.00309
16	0.02707	0.01995	0.02137	0.01638	0.02208	0.02208	0.01353	0.68159	0.03348	0.04488	0.01710	0.01710	0.01211	0.00855	0.00712	0.00214	0.00784	0.00641	0.00712	0.01211
17	0.03171	0.01249	0.01676	0.01285	0.01836	0.01102	0.01061	0.06559	0.02101	0.67849	0.02757	0.02390	0.01736	0.00880	0.00716	0.00220	0.00614	0.00712	0.00873	0.01212
18	0.02660	0.03394	0.02018	0.01834	0.02201	0.72116	0.01376	0.02843	0.02018	0.01743	0.01101	0.01284	0.00917	0.00734	0.00642	0.00183	0.01284	0.00459	0.00367	0.00825
19	0.01000	0.00728	0.00941	0.00887	0.01059	0.00668	0.00666	0.01328	0.01997	0.02811	0.67131	0.05393	0.09773	0.01472	0.00840	0.00225	0.00337	0.01298	0.00778	0.00668
20	0.01305	0.00671	0.00698	0.00698	0.00861	0.00680	0.00526	0.01632	0.01469	0.02584	0.02293	0.02665	0.01822	0.01149	0.05575	0.00235	0.00443	0.00671	0.73362	0.00662
21	0.80005	0.01377	0.01047	0.00936	0.01377	0.01597	0.00771	0.02093	0.01212	0.03195	0.00991	0.01157	0.00771	0.00661	0.00441	0.00220	0.00551	0.00386	0.00441	0.00771
22	0.01705	0.01625	0.02722	0.13693	0.58027	0.01681	0.02103	0.02216	0.05025	0.02290	0.01408	0.01826	0.01156	0.00662	0.00707	0.00217	0.00846	0.00643	0.00366	0.01082
23	0.01762	0.01692	0.02890	0.04371	0.70533	0.01692	0.02185	0.02185	0.01621	0.02326	0.01339	0.01762	0.01128	0.00634	0.00705	0.00211	0.00846	0.00634	0.00352	0.01128
24	0.01546	0.01551	0.02887	0.28167	0.25062	0.01627	0.20488	0.02022	0.01555	0.02109	0.01473	0.05546	0.01233	0.00733	0.00756	0.00233	0.00960	0.00762	0.00358	0.00934
25	0.01237	0.00618	0.00928	0.00928	0.00928	0.00618	0.00618	0.00928	0.00928	0.01237	0.01237	0.02165	0.01237	0.02474	0.02783	0.79283	0.00618	0.00618	0.00309	0.00309

[dist]
# distance from previous block
# <min> <max>
0	14

[block]
# block no. 8 follows, 29 sequences, length 50
# corresponding to MSA columns:
# 259-308
name=unknown_I
#
# <colnr> <probs for GDERKNQSTAVLIFYWHMCP>
#	G	D	E	R	K	N	Q	S	T	A	V	L	I	F	Y	W	H	M	C	P
0	0.02273	0.02771	0.01840	0.01691	0.01993	0.54502	0.01280	0.02470	0.01799	0.01723	0.01264	0.01613	0.01100	0.01723	0.15757	0.00391	0.04131	0.00529	0.00368	0.00784
1	0.03860	0.00820	0.01111	0.01251	0.01417	0.00822	0.01072	0.01458	0.01632	0.02196	0.08084	0.11800	0.04195	0.01904	0.00950	0.00315	0.00616	0.55186	0.00657	0.00656
2	0.01762	0.01692	0.02890	0.04371	0.70533	0.01692	0.02185	0.02185	0.01621	0.02326	0.01339	0.01762	0.01128	0.00634	0.00705	0.00211	0.00846	0.00634	0.00352	0.01128
3	0.05096	0.02615	0.02029	0.01697	0.02166	0.35461	0.01335	0.32723	0.02602	0.05470	0.01436	0.01515	0.01077	0.00792	0.00671	0.00200	0.01009	0.00549	0.00545	0.01014
4	0.01955	0.01339	0.01409	0.01182	0.01549	0.01463	0.00943	0.28847	0.13014	0.03446	0.02167	0.02273	0.01633	0.00861	0.00620	0.00197	0.00551	0.00677	0.34915	0.00958
5	0.01001	0.00728	0.00943	0.00889	0.01060	0.00669	0.00667	0.01331	0.02001	0.02820	0.67742	0.05378	0.09157	0.01469	0.00840	0.00225	0.00337	0.01296	0.00779	0.00669
6	0.01017	0.00763	0.01144	0.01144	0.01272	0.00890	0.00890	0.01272	0.01144	0.01653	0.01907	0.02797	0.01780	0.05340	0.72153	0.01144	0.01907	0.00763	0.00381	0.00636
7	0.02459	0.22734	0.02488	0.01656	0.02101	0.49066	0.01332	0.06720	0.01947	0.01896	0.01109	0.01272	0.00935	0.00708	0.00596	0.00177	0.01112	0.00449	0.00372	0.00873
8	0.00842	0.00721	0.00721	0.00721	0.00962	0.00601	0.00541	0.01022	0.01623	0.01924	0.07213	0.06853	0.70244	0.01803	0.00842	0.00240	0.00361	0.01503	0.00661	0.00601
9	0.01036	0.00684	0.00775	0.00786	0.00796	0.00682	0.00450	0.01058	0.01076	0.01462	0.02360	0.09272	0.02700	0.67042	0.03313	0.00642	0.00657	0.01087	0.03670	0.00451
10	0.04921	0.31119	0.29366	0.01546	0.02310	0.02042	0.01728	0.05208	0.01626	0.11976	0.01392	0.01490	0.01038	0.00687	0.00589	0.00196	0.00845	0.00496	0.00408	0.01017
11	0.01698	0.44424	0.32912	0.01569	0.02369	0.02315	0.01829	0.02185	0.01471	0.01926	0.01114	0.01298	0.00909	0.00638	0.00552	0.00184	0.00887	0.00444	0.00303	0.00974
12	0.01064	0.00744	0.00947	0.00886	0.01078	0.00676	0.00668	0.01378	0.01965	0.05174	0.59563	0.05415	0.14801	0.01480	0.00836	0.00226	0.00349	0.01295	0.00771	0.00682
13	0.02591	0.06913	0.02146	0.01631	0.02130	0.21988	0.01319	0.43006	0.02782	0.03465	0.01516	0.01590	0.01133	0.00804	0.00668	0.00199	0.00907	0.00574	0.03576	0.01062
14	0.01703	0.07872	0.43562	0.02181	0.05558	0.05999	0.14117	0.02360	0.01601	0.06477	0.01375	0.01609	0.00998	0.00673	0.00693	0.00220	0.01038	0.00585	0.00354	0.01026
15	0.02157	0.01722	0.01868	0.01697	0.06248	0.04310	0.01277	0.25775	0.34251	0.06174	0.02361	0.02447	0.01798	0.00938	0.00727	0.00231	0.00688	0.03514	0.00688	0.01129
16	0.01672	0.06493	0.04599	0.07894	0.47874	0.01693	0.04609	0.02196	0.06299	0.02263	0.01705	0.04505	0.03550	0.00755	0.00707	0.00217	0.00816	0.00712	0.00393	0.01047
17	0.01026	0.00699	0.00813	0.00813	0.00835	0.00708	0.00483	0.01060	0.01069	0.01429	0.02394	0.04547	0.05024	0.64976	0.10680	0.00721	0.00805	0.01024	0.00435	0.00459
18	0.01563	0.01317	0.01523	0.01096	0.01724	0.01037	0.00879	0.06440	0.01608	0.02472	0.01297	0.01493	0.01066	0.00550	0.00540	0.00113	0.00545	0.00437	0.00442	0.73858
19	0.64328	0.06628	0.03754	0.01014	0.01459	0.03930	0.00867	0.02060	0.01254	0.02895	0.01083	0.01390	0.00904	0.05290	0.00655	0.00244	0.00616	0.00433	0.00423	0.00772
20	0.01025	0.00686	0.00780	0.00790	0.00793	0.00683	0.00446	0.01033	0.01056	0.01408	0.02348	0.09011	0.02721	0.70444	0.03455	0.00665	0.00673	0.01097	0.00446	0.00441
21	0.01849	0.02066	0.15299	0.03390	0.40873	0.01685	0.10522	0.06305	0.01741	0.07228	0.01466	0.01779	0.01130	0.00668	0.00718	0.00218	0.00908	0.00647	0.00403	0.01104
22	0.01691	0.02004	0.13641	0.06175	0.53675	0.01689	0.06345	0.02190	0.01600	0.02296	0.01334	0.01736	0.01084	0.00641	0.00709	0.00216	0.00904	0.00630	0.00344	0.01095
23	0.02681	0.01351	0.01655	0.01344	0.01843	0.01341	0.01086	0.05887	0.25515	0.44929	0.02801	0.02479	0.01886	0.00910	0.00719	0.00227	0.00597	0.00744	0.00821	0.01182
24	0.01139	0.00966	0.01013	0.00959	0.01241	0.00962	0.00731	0.01889	0.22102	0.02337	0.12273	0.05429	0.43247	0.01515	0.00806	0.00239	0.00419	0.01270	0.00693	0.00767
25	0.01237	0.00618	0.00928	0.00928	0.00928	0.00618	0.00618	0.00928	0.00928	0.01237	0.01237	0.02165	0.01237	0.02474	0.02783	0.79283	0.00618	0.00618	0.00309	0.00309
26	0.00974	0.00668	0.00883	0.01005	0.01059	0.00647	0.00683	0.01120	0.04218	0.01781	0.03436	0.56605	0.04015	0.04609	0.01261	0.11576	0.00466	0.03828	0.00606	0.00561
27	0.01428	0.03683	0.71286	0.02030	0.03082	0.01654	0.02631	0.02255	0.01503	0.02255	0.01278	0.01503	0.00902	0.00677	0.00677	0.00226	0.01052	0.00526	0.00301	0.01052
28	0.01327	0.00664	0.00664	0.00664	0.00830	0.00664	0.00498	0.01659	0.01493	0.02655	0.02323	0.02655	0.01825	0.00830	0.00498	0.00166	0.00332	0.00664	0.78928	0.00664
29	0.01377	0.01187	0.01233	0.01140	0.01474	0.01275	0.00878	0.02612	0.40560	0.02531	0.04729	0.04437	0.31051	0.01321	0.00774	0.00241	0.00477	0.01101	0.00698	0.00904
30	0.01681	0.01921	0.04202	0.03001	0.03721	0.01801	0.67947	0.02281	0.01681	0.02281	0.01441	0.01921	0.01080	0.00600	0.00840	0.00240	0.01200	0.00840	0.00360	0.00960
31	0.01517	0.12548	0.57363	0.01881	0.02812	0.04619	0.02329	0.02216	0.01512	0.02145	0.01334	0.04188	0.01047	0.00729	0.00656	0.00217	0.01001	0.00561	0.00317	0.01008
32	0.01826	0.02070	0.17795	0.02211	0.07507	0.01510	0.24166	0.05156	0.01714	0.11112	0.01548	0.01783	0.01132	0.00651	0.00710	0.00204	0.00914	0.00648	0.00440	0.16901
33	0.25777	0.05747	0.01798	0.01540	0.01939	0.48166	0.01188	0.02590	0.01753	0.02175	0.01063	0.01240	0.00873	0.00707	0.00574	0.00193	0.01043	0.00434	0.00386	0.00813
34	0.01464	0.09099	0.66185	0.01968	0.02987	0.01742	0.02524	0.02246	0.01499	0.02211	0.01256	0.01476	0.00903	0.00671	0.00660	0.00220	0.01030	0.00515	0.00301	0.01042
35	0.00910	0.00757	0.00799	0.00783	0.01018	0.00664	0.00589	0.01196	0.04601	0.02129	0.17839	0.06409	0.56403	0.01708	0.00836	0.00238	0.00365	0.01436	0.00685	0.00636
36	0.00842	0.00721	0.00721	0.00721	0.00962	0.00601	0.00541	0.01022	0.01623	0.01924	0.07213	0.06853	0.70244	0.01803	0.00842	0.00240	0.00361	0.01503	0.00661	0.00601
37	0.01036	0.00690	0.00777	0.00777	0.00777	0.00690	0.00431	0.01036	0.01036	0.01381	0.02244	0.04660	0.02589	0.74975	0.03624	0.00690	0.00690	0.01036	0.00431	0.00431
38	0.01008	0.00728	0.00952	0.00896	0.01064	0.00672	0.00672	0.01344	0.02016	0.02855	0.70158	0.05319	0.06719	0.01456	0.00840	0.00224	0.00336	0.01288	0.00784	0.00672
39	0.01477	0.01266	0.01477	0.01055	0.01687	0.00949	0.00844	0.01793	0.01477	0.02320	0.01266	0.01477	0.01055	0.00527	0.00527	0.00105	0.00527	0.00422	0.00422	0.79328
40	0.02707	0.01995	0.02137	0.01638	0.02208	0.02208	0.01353	0.68159	0.03348	0.04488	0.01710	0.01710	0.01211	0.00855	0.00712	0.00214	0.00784	0.00641	0.00712	0.01211
