[name]
unknown

[dist]
# distance from previous block
# <min> <max>
1	24

[block]
# block no. 0 follows, 25 sequences, length 15
# corresponding to MSA columns:
# 24-38
name=unknown_A
#
# <colnr> <probs for GDERKNQSTAVLIFYWHMCP>
#	G	D	E	R	K	N	Q	S	T	A	V	L	I	F	Y	W	H	M	C	P
0	0.02114	0.02231	0.02309	0.21252	0.08198	0.23252	0.04094	0.08902	0.01963	0.02333	0.01421	0.01851	0.01148	0.01187	0.06079	0.00305	0.04529	0.00634	0.00424	0.05775
1	0.01857	0.05969	0.02343	0.11131	0.23311	0.12564	0.01623	0.02202	0.01717	0.02239	0.01612	0.07058	0.01484	0.03585	0.00837	0.00225	0.00888	0.00720	0.00424	0.18211
2	0.01790	0.04994	0.02382	0.13275	0.13643	0.04642	0.08005	0.07057	0.07227	0.02529	0.04841	0.02468	0.01726	0.08786	0.01100	0.00277	0.00864	0.00754	0.00484	0.13157
3	0.06148	0.01431	0.02000	0.18406	0.16855	0.01549	0.01560	0.10211	0.06233	0.05037	0.02643	0.15274	0.07044	0.01192	0.00808	0.00258	0.00764	0.01040	0.00565	0.00981
4	0.01835	0.01887	0.02482	0.26713	0.16768	0.12737	0.06653	0.02346	0.04762	0.02223	0.01503	0.01977	0.01204	0.01031	0.04661	0.00285	0.01084	0.00669	0.00402	0.08777
5	0.01821	0.01846	0.01847	0.16376	0.02659	0.16718	0.01325	0.02253	0.04818	0.02273	0.04631	0.02031	0.01503	0.01143	0.05999	0.00265	0.00967	0.00611	0.00452	0.30461
6	0.01716	0.01461	0.01609	0.05183	0.01972	0.04243	0.01038	0.12121	0.01996	0.02773	0.04693	0.07067	0.11275	0.01004	0.00711	0.00184	0.00641	0.00824	0.00568	0.38919
7	0.01445	0.00723	0.00723	0.00723	0.00903	0.00723	0.00542	0.01807	0.01626	0.02891	0.02529	0.02891	0.01987	0.00903	0.00542	0.00181	0.00361	0.00723	0.77055	0.00723
8	0.01450	0.00913	0.01126	0.01072	0.01313	0.00844	0.00799	0.05578	0.01984	0.11472	0.23062	0.25568	0.18218	0.01795	0.00911	0.00268	0.00467	0.01566	0.00794	0.00801
9	0.01491	0.00885	0.01132	0.01017	0.01286	0.00792	0.00781	0.01819	0.02131	0.14548	0.46588	0.05497	0.15935	0.01534	0.00891	0.00246	0.00422	0.01329	0.00851	0.00824
10	0.01767	0.02015	0.07532	0.14652	0.17576	0.01905	0.35126	0.02350	0.01731	0.02383	0.01480	0.02008	0.01146	0.00717	0.00921	0.00257	0.04208	0.00800	0.00376	0.01051
11	0.02756	0.02149	0.02359	0.02153	0.11419	0.07358	0.01550	0.44646	0.03075	0.07886	0.01797	0.01865	0.01307	0.00869	0.00757	0.00224	0.00878	0.00673	0.00685	0.05595
12	0.01013	0.00743	0.00876	0.00921	0.01031	0.00686	0.00617	0.01161	0.01566	0.02048	0.14378	0.26221	0.21027	0.22091	0.01796	0.00414	0.00508	0.01629	0.00670	0.00607
13	0.01020	0.00780	0.01018	0.01107	0.01190	0.00779	0.00782	0.01195	0.01588	0.02136	0.12954	0.50952	0.11799	0.02184	0.01090	0.00301	0.05835	0.01919	0.00709	0.00663
14	0.06921	0.14493	0.02622	0.02171	0.11533	0.25962	0.01560	0.17393	0.02274	0.02768	0.01356	0.01561	0.01098	0.00814	0.00768	0.00215	0.04398	0.00563	0.00476	0.01054

[dist]
# distance from previous block
# <min> <max>
0	1

[block]
# block no. 1 follows, 25 sequences, length 54
# corresponding to MSA columns:
# 40-93
name=unknown_B
#
# <colnr> <probs for GDERKNQSTAVLIFYWHMCP>
#	G	D	E	R	K	N	Q	S	T	A	V	L	I	F	Y	W	H	M	C	P
0	0.01069	0.00834	0.01123	0.01211	0.01253	0.00898	0.00858	0.01213	0.01456	0.01991	0.06185	0.56981	0.04526	0.04502	0.01314	0.00330	0.11024	0.01911	0.00660	0.00661
1	0.02278	0.01373	0.01518	0.01270	0.01689	0.01440	0.01014	0.18733	0.13719	0.15770	0.02749	0.02736	0.04080	0.00983	0.00702	0.00222	0.00588	0.00785	0.27277	0.01074
2	0.02747	0.02022	0.02242	0.01849	0.04984	0.02230	0.01454	0.52465	0.08692	0.06571	0.02004	0.02034	0.01453	0.01172	0.04159	0.00285	0.00890	0.00722	0.00749	0.01277
3	0.04783	0.01891	0.03705	0.13987	0.21606	0.01883	0.35764	0.02370	0.01749	0.02459	0.01490	0.02008	0.01155	0.00685	0.00836	0.00252	0.01132	0.00800	0.00386	0.01059
4	0.57027	0.01781	0.05484	0.04136	0.01910	0.04536	0.01113	0.07481	0.01622	0.07025	0.01289	0.01447	0.00962	0.00757	0.00557	0.00239	0.00708	0.00486	0.00512	0.00927
5	0.01651	0.02055	0.12683	0.16850	0.09242	0.04641	0.16692	0.02147	0.01594	0.02186	0.01571	0.05944	0.01358	0.01217	0.05123	0.00326	0.12570	0.00809	0.00383	0.00956
6	0.00955	0.00679	0.00897	0.01066	0.01109	0.00637	0.00706	0.01082	0.01464	0.01952	0.04170	0.68436	0.04997	0.06417	0.01157	0.00340	0.00467	0.02143	0.00706	0.00621
7	0.02430	0.01897	0.02441	0.07488	0.23332	0.04664	0.01713	0.26324	0.02497	0.09898	0.01778	0.02031	0.01350	0.02930	0.00851	0.00241	0.00870	0.00693	0.00595	0.05976
8	0.01760	0.06791	0.24185	0.02832	0.03720	0.01976	0.42361	0.02466	0.01756	0.02437	0.01486	0.01903	0.01107	0.00680	0.00836	0.00251	0.01230	0.00781	0.00369	0.01073
9	0.03479	0.01320	0.01799	0.01380	0.01979	0.01140	0.01140	0.03779	0.02219	0.68451	0.03059	0.02639	0.01919	0.00960	0.00780	0.00240	0.00660	0.00780	0.00960	0.01320
10	0.01079	0.00807	0.00963	0.00945	0.01112	0.00754	0.00675	0.01395	0.04353	0.02513	0.34735	0.12440	0.19825	0.13309	0.01411	0.00338	0.00453	0.01469	0.00745	0.00681
11	0.02585	0.14923	0.02800	0.01874	0.02429	0.11836	0.06556	0.34843	0.02714	0.03468	0.01532	0.01691	0.01179	0.00881	0.00884	0.00228	0.07228	0.00636	0.00575	0.01139
12	0.02376	0.01730	0.02084	0.09731	0.02497	0.01957	0.01447	0.37173	0.02679	0.08224	0.01876	0.02158	0.01428	0.01885	0.14184	0.00439	0.05651	0.00727	0.00641	0.01114
13	0.00945	0.00675	0.00900	0.01080	0.01125	0.00630	0.00720	0.01080	0.01484	0.01979	0.04274	0.72245	0.05128	0.02429	0.00990	0.00315	0.00450	0.02204	0.00720	0.00630
14	0.04221	0.20457	0.28222	0.05798	0.02771	0.13116	0.01959	0.05546	0.01795	0.02337	0.01295	0.01524	0.01015	0.00729	0.00657	0.00209	0.01032	0.00522	0.00377	0.06417
15	0.01503	0.01315	0.01401	0.09590	0.01947	0.07301	0.01048	0.10995	0.01960	0.02459	0.04127	0.26544	0.20298	0.01657	0.00869	0.00263	0.00656	0.01418	0.00643	0.04007
16	0.00943	0.00681	0.00893	0.01063	0.01120	0.00631	0.00712	0.01082	0.01501	0.01986	0.04477	0.68571	0.08671	0.02403	0.00985	0.00312	0.00447	0.02172	0.00720	0.00631
17	0.02508	0.01499	0.01745	0.01451	0.01927	0.01563	0.01151	0.12292	0.26551	0.26212	0.07684	0.02999	0.02456	0.05162	0.00975	0.00277	0.00653	0.00871	0.00833	0.01192
18	0.01607	0.01604	0.04818	0.42382	0.08324	0.01718	0.13809	0.05208	0.01721	0.02296	0.01645	0.06120	0.01350	0.00853	0.00805	0.00256	0.01019	0.00817	0.02715	0.00933
19	0.01994	0.01976	0.03063	0.13261	0.43223	0.08574	0.09539	0.02454	0.01801	0.04524	0.01486	0.01931	0.01195	0.00718	0.00779	0.00235	0.01021	0.00701	0.00400	0.01127
20	0.78228	0.01499	0.01140	0.01020	0.01499	0.01739	0.00840	0.02279	0.01320	0.03479	0.01080	0.01260	0.00840	0.00720	0.00480	0.00240	0.00600	0.00420	0.00480	0.00840
21	0.01004	0.00814	0.00879	0.00898	0.01108	0.00734	0.00648	0.01299	0.05368	0.02156	0.10016	0.18519	0.44696	0.06948	0.01135	0.00305	0.00439	0.01646	0.00714	0.00674
22	0.01428	0.01329	0.02225	0.65982	0.05044	0.01646	0.02053	0.01918	0.01546	0.01981	0.01582	0.06999	0.01321	0.00891	0.00790	0.00262	0.00993	0.00796	0.00371	0.00845
23	0.00945	0.00675	0.00900	0.01080	0.01125	0.00630	0.00720	0.01080	0.01484	0.01979	0.04274	0.72245	0.05128	0.02429	0.00990	0.00315	0.00450	0.02204	0.00720	0.00630
24	0.01890	0.25232	0.02474	0.01292	0.01944	0.08598	0.01111	0.02189	0.01656	0.02232	0.01261	0.01467	0.01083	0.00626	0.00562	0.00140	0.00741	0.00449	0.00411	0.44640
25	0.02378	0.01670	0.01820	0.01488	0.01934	0.01821	0.01168	0.32964	0.15858	0.09091	0.02363	0.02784	0.01893	0.14454	0.01365	0.00335	0.00748	0.00823	0.03927	0.01116
26	0.06349	0.11332	0.15141	0.09085	0.21627	0.05868	0.10835	0.06334	0.01824	0.02538	0.01395	0.01749	0.01099	0.00721	0.00729	0.00231	0.01019	0.00639	0.00395	0.01090
27	0.01822	0.01346	0.01512	0.01373	0.01734	0.01454	0.01055	0.06164	0.35395	0.09523	0.11422	0.14138	0.07003	0.01367	0.00841	0.00265	0.00562	0.01171	0.00799	0.01055
28	0.00963	0.00691	0.00886	0.01033	0.01088	0.00645	0.00683	0.01087	0.01465	0.01934	0.04321	0.60196	0.09261	0.10244	0.01314	0.00360	0.00480	0.02044	0.00692	0.00614
29	0.06360	0.01344	0.01742	0.01365	0.01926	0.01227	0.01119	0.05993	0.05392	0.55964	0.06962	0.02760	0.02210	0.00992	0.00776	0.00241	0.00644	0.00805	0.00917	0.01258
30	0.01957	0.05928	0.01803	0.01405	0.01726	0.01691	0.01095	0.28067	0.02261	0.03040	0.02188	0.10276	0.02125	0.19218	0.09260	0.00482	0.04993	0.00960	0.00602	0.00920
31	0.00951	0.00692	0.00897	0.01047	0.01119	0.00638	0.00708	0.01105	0.01551	0.02055	0.08237	0.62460	0.11007	0.02338	0.00979	0.00306	0.00440	0.02106	0.00727	0.00638
32	0.00951	0.00723	0.00876	0.00973	0.01103	0.00648	0.00678	0.01129	0.01647	0.02129	0.11719	0.44524	0.25715	0.02194	0.00958	0.00291	0.00423	0.01939	0.00733	0.00648
33	0.05483	0.01868	0.03703	0.10968	0.03700	0.01919	0.43626	0.02276	0.01675	0.02372	0.01565	0.04932	0.01288	0.00836	0.01089	0.00272	0.10173	0.00887	0.00398	0.00971
34	0.01690	0.02082	0.10658	0.09896	0.03670	0.01889	0.39753	0.02261	0.01676	0.02317	0.01628	0.06374	0.01368	0.00876	0.01096	0.00273	0.10207	0.00905	0.00394	0.00986
35	0.01445	0.00723	0.00723	0.00723	0.00903	0.00723	0.00542	0.01807	0.01626	0.02891	0.02529	0.02891	0.01987	0.00903	0.00542	0.00181	0.00361	0.00723	0.77055	0.00723
36	0.21467	0.01366	0.01670	0.05287	0.02056	0.01318	0.01125	0.03312	0.01963	0.48895	0.02483	0.02272	0.01607	0.00891	0.00707	0.00241	0.00667	0.00687	0.00808	0.01177
37	0.07704	0.26785	0.05173	0.02250	0.16469	0.18582	0.01598	0.02659	0.01811	0.08338	0.01385	0.01573	0.01121	0.00736	0.00638	0.00203	0.00966	0.00535	0.00428	0.01047
38	0.02522	0.01727	0.01928	0.01592	0.02107	0.01889	0.01280	0.24298	0.30082	0.16146	0.02653	0.02509	0.01911	0.01231	0.04209	0.00297	0.00775	0.00796	0.00798	0.01249
39	0.07723	0.01611	0.02604	0.29222	0.35374	0.01749	0.02104	0.02302	0.01676	0.06208	0.01491	0.01966	0.01165	0.00740	0.00749	0.00242	0.00924	0.00674	0.00410	0.01065
40	0.02796	0.01997	0.02176	0.01693	0.02265	0.02198	0.01392	0.56351	0.03359	0.07213	0.01950	0.02007	0.01408	0.01236	0.05073	0.00294	0.00903	0.00711	0.03724	0.01256
41	0.01016	0.00768	0.01053	0.08053	0.01541	0.00770	0.00854	0.01194	0.01474	0.01947	0.03983	0.52140	0.08764	0.06837	0.05435	0.00391	0.00625	0.01859	0.00648	0.00649
42	0.01703	0.01876	0.09397	0.30674	0.36678	0.01791	0.02339	0.02229	0.01667	0.02307	0.01420	0.01949	0.01127	0.00729	0.00768	0.00243	0.00988	0.00678	0.00363	0.01075
43	0.06337	0.06741	0.32913	0.02011	0.02727	0.01753	0.11422	0.02146	0.01547	0.02313	0.01720	0.09312	0.01570	0.06017	0.01161	0.00295	0.07817	0.00826	0.00399	0.00973
44	0.72096	0.01487	0.01215	0.03956	0.01679	0.01715	0.00906	0.02325	0.01364	0.05955	0.01169	0.01347	0.00890	0.00731	0.00504	0.00241	0.00620	0.00445	0.00493	0.00859
45	0.01845	0.01766	0.03013	0.15578	0.57677	0.01823	0.02343	0.02314	0.01730	0.02443	0.01445	0.01943	0.01196	0.00705	0.00769	0.00235	0.00940	0.00691	0.00377	0.01168
46	0.01491	0.00929	0.01338	0.10439	0.04463	0.00991	0.00975	0.05773	0.01344	0.01836	0.01536	0.02474	0.01433	0.06643	0.02382	0.48793	0.00730	0.00710	0.05174	0.00545
47	0.01024	0.00782	0.00939	0.00915	0.01117	0.00698	0.00680	0.01315	0.01998	0.02678	0.42332	0.10672	0.28490	0.01773	0.00920	0.00255	0.00381	0.01537	0.00798	0.00698
48	0.01696	0.01696	0.02375	0.02036	0.02036	0.02375	0.01696	0.01866	0.01187	0.01866	0.01018	0.01696	0.01018	0.01357	0.02545	0.00339	0.71332	0.00679	0.00339	0.00848
49	0.01043	0.00793	0.01102	0.11449	0.01717	0.00808	0.00899	0.01221	0.01462	0.01927	0.03749	0.51443	0.06446	0.10596	0.01310	0.00357	0.00571	0.01829	0.00634	0.00646
50	0.01663	0.01647	0.02310	0.01990	0.01998	0.02294	0.01655	0.01838	0.01191	0.01862	0.01079	0.01774	0.01071	0.01613	0.06402	0.00391	0.67352	0.00687	0.00344	0.00839
51	0.00975	0.00696	0.00934	0.01114	0.01172	0.00656	0.00772	0.01132	0.01514	0.02013	0.04257	0.65969	0.05062	0.02401	0.00998	0.00319	0.00476	0.08183	0.00719	0.00638
52	0.01925	0.01891	0.03024	0.10756	0.58851	0.05203	0.02315	0.02378	0.01767	0.02450	0.01438	0.01907	0.01199	0.00704	0.00765	0.00231	0.00955	0.00681	0.00381	0.01178
53	0.01167	0.00931	0.01131	0.01163	0.01319	0.00967	0.00845	0.01677	0.12177	0.02340	0.12530	0.38375	0.14016	0.01961	0.01034	0.00291	0.04887	0.01705	0.00724	0.00757

[dist]
# distance from previous block
# <min> <max>
0	1

[block]
# block no. 2 follows, 25 sequences, length 248
# corresponding to MSA columns:
# 95-342
name=unknown_C
#
# <colnr> <probs for GDERKNQSTAVLIFYWHMCP>
#	G	D	E	R	K	N	Q	S	T	A	V	L	I	F	Y	W	H	M	C	P
0	0.04740	0.01659	0.01731	0.01557	0.01997	0.01922	0.01213	0.04052	0.64111	0.03252	0.03079	0.02833	0.02311	0.01040	0.00778	0.00262	0.00613	0.00860	0.00778	0.01213
1	0.71234	0.01504	0.01316	0.01135	0.01614	0.01715	0.04319	0.02248	0.01340	0.03352	0.01156	0.01445	0.00931	0.03370	0.00631	0.00260	0.00644	0.00473	0.00475	0.00837
2	0.01278	0.00910	0.01236	0.09456	0.04058	0.00950	0.00921	0.04328	0.01425	0.01895	0.02622	0.20935	0.02905	0.26071	0.02276	0.12520	0.00707	0.04369	0.00520	0.00616
3	0.01897	0.01968	0.07103	0.04486	0.61542	0.01843	0.02367	0.02448	0.04143	0.02555	0.01517	0.01938	0.01255	0.00707	0.00767	0.00232	0.00924	0.00690	0.00395	0.01223
4	0.01701	0.01637	0.02316	0.36414	0.06342	0.04715	0.01893	0.04292	0.07471	0.02177	0.01445	0.01993	0.01166	0.00976	0.01298	0.00278	0.21867	0.00696	0.00402	0.00922
5	0.01608	0.01378	0.01608	0.01148	0.01837	0.01034	0.00919	0.01952	0.01608	0.02527	0.01378	0.01608	0.01148	0.00574	0.00574	0.00115	0.00574	0.00459	0.00459	0.77491
6	0.17551	0.02399	0.01817	0.01603	0.02064	0.27209	0.01242	0.06509	0.21289	0.02823	0.01809	0.01858	0.01404	0.00850	0.00677	0.00222	0.00915	0.00604	0.00557	0.06599
7	0.02016	0.01588	0.01720	0.01527	0.01973	0.01779	0.01190	0.03899	0.56129	0.08892	0.03126	0.05418	0.02387	0.01078	0.00788	0.00258	0.00610	0.00903	0.00790	0.03928
8	0.01072	0.00734	0.00856	0.00902	0.00925	0.00716	0.00538	0.01115	0.01248	0.01651	0.03160	0.22049	0.06487	0.51724	0.03060	0.00619	0.00659	0.01422	0.00544	0.00519
9	0.00960	0.00686	0.00913	0.01069	0.01128	0.00640	0.00721	0.01117	0.01554	0.02091	0.10505	0.65695	0.05344	0.02346	0.00982	0.00308	0.00442	0.02125	0.00733	0.00640
10	0.03029	0.01787	0.02061	0.01601	0.02184	0.01857	0.01314	0.39869	0.03019	0.27448	0.02419	0.05932	0.01739	0.01022	0.00789	0.00240	0.00762	0.00808	0.00838	0.01282
11	0.02896	0.03695	0.02197	0.01998	0.02397	0.69638	0.01498	0.03096	0.02197	0.01898	0.01199	0.01398	0.00999	0.00799	0.00699	0.00200	0.01398	0.00499	0.00400	0.00899
12	0.01736	0.01773	0.02454	0.06291	0.02334	0.05015	0.04286	0.01947	0.01276	0.01899	0.01069	0.01723	0.01024	0.01271	0.02296	0.00326	0.61395	0.00682	0.00344	0.00859
13	0.00945	0.00675	0.00900	0.01080	0.01125	0.00630	0.00720	0.01080	0.01484	0.01979	0.04274	0.72245	0.05128	0.02429	0.00990	0.00315	0.00450	0.02204	0.00720	0.00630
14	0.00933	0.00791	0.00809	0.00818	0.01076	0.00667	0.00623	0.01138	0.01768	0.02106	0.07664	0.07527	0.64387	0.01973	0.00924	0.00267	0.00409	0.04743	0.00720	0.00658
15	0.21263	0.02660	0.05968	0.01703	0.02136	0.31756	0.01400	0.08538	0.01930	0.02598	0.01284	0.01555	0.01051	0.01161	0.05255	0.00296	0.07539	0.00541	0.00446	0.00921
16	0.01243	0.00888	0.01241	0.01410	0.01588	0.00886	0.01228	0.01601	0.01802	0.02352	0.06675	0.08626	0.04578	0.02119	0.01065	0.00352	0.00700	0.60211	0.00720	0.00715
17	0.01108	0.00831	0.01246	0.01246	0.01385	0.00969	0.00969	0.01385	0.01246	0.01800	0.02077	0.03046	0.01938	0.05815	0.69678	0.01246	0.02077	0.00831	0.00415	0.00692
18	0.09062	0.01236	0.01382	0.01242	0.01531	0.01300	0.00962	0.16972	0.01999	0.08224	0.02568	0.04373	0.02488	0.24682	0.01834	0.00426	0.00725	0.13395	0.04760	0.00841
19	0.06563	0.02208	0.13524	0.08511	0.41446	0.04082	0.02237	0.04967	0.04387	0.02640	0.01494	0.01863	0.01192	0.00734	0.00744	0.00236	0.00947	0.00656	0.00410	0.01158
20	0.01445	0.00723	0.00723	0.00723	0.00903	0.00723	0.00542	0.01807	0.01626	0.02891	0.02529	0.02891	0.01987	0.00903	0.00542	0.00181	0.00361	0.00723	0.77055	0.00723
21	0.72569	0.01486	0.01190	0.01047	0.01536	0.01694	0.00862	0.02393	0.01388	0.08397	0.01229	0.01364	0.00921	0.00738	0.00503	0.00240	0.00604	0.00447	0.00516	0.00876
22	0.02102	0.45063	0.03530	0.05410	0.15187	0.06981	0.01605	0.05776	0.01751	0.02144	0.01216	0.01474	0.01061	0.00720	0.00659	0.00194	0.03202	0.00512	0.00371	0.01041
23	0.01562	0.11488	0.09571	0.01555	0.01916	0.01749	0.01404	0.01843	0.01428	0.02074	0.05460	0.04879	0.01706	0.01712	0.09210	0.05319	0.22688	0.00717	0.00412	0.13308
24	0.01074	0.00820	0.00998	0.00954	0.01180	0.00731	0.00728	0.01388	0.02020	0.02739	0.43428	0.06295	0.24663	0.01690	0.00911	0.00251	0.00403	0.05146	0.00790	0.03791
25	0.10544	0.18013	0.26665	0.01767	0.05492	0.04465	0.01802	0.04938	0.01760	0.06610	0.05040	0.01888	0.01458	0.00797	0.00657	0.00220	0.00880	0.00596	0.05366	0.01041
26	0.03479	0.01320	0.01799	0.01380	0.01979	0.01140	0.01140	0.03779	0.02219	0.68451	0.03059	0.02639	0.01919	0.00960	0.00780	0.00240	0.00660	0.00780	0.00960	0.01320
27	0.01433	0.01252	0.02037	0.56465	0.04464	0.01536	0.01855	0.01911	0.01535	0.02081	0.01579	0.02249	0.01226	0.01196	0.06276	0.00328	0.01033	0.00705	0.10007	0.00830
28	0.01922	0.05286	0.03180	0.08960	0.54897	0.04117	0.05664	0.02379	0.01759	0.02438	0.01432	0.01889	0.01193	0.00697	0.00761	0.00230	0.00961	0.00683	0.00380	0.01171
29	0.01094	0.00789	0.01036	0.00996	0.01171	0.00731	0.00748	0.01447	0.02143	0.03023	0.62068	0.09467	0.07107	0.01648	0.00924	0.00251	0.00381	0.03409	0.00842	0.00726
30	0.01128	0.00752	0.00846	0.00846	0.00846	0.00752	0.00470	0.01128	0.01128	0.01503	0.02443	0.05074	0.02819	0.72751	0.03946	0.00752	0.00752	0.01128	0.00470	0.00470
31	0.02073	0.73217	0.04063	0.01327	0.01990	0.03068	0.01327	0.02322	0.01575	0.01824	0.01078	0.01244	0.00995	0.00663	0.00498	0.00166	0.00829	0.00415	0.00332	0.00995
32	0.01923	0.02106	0.08464	0.04349	0.56038	0.04557	0.06385	0.02421	0.01777	0.02498	0.01450	0.01887	0.01196	0.00696	0.00772	0.00232	0.00983	0.00688	0.00380	0.01197
33	0.01231	0.00887	0.01224	0.01393	0.01576	0.00880	0.01214	0.01580	0.01784	0.02308	0.04309	0.08676	0.07894	0.02132	0.01063	0.00352	0.00697	0.59376	0.00714	0.00711
34	0.07683	0.01706	0.01908	0.01561	0.01996	0.01905	0.01255	0.24287	0.13425	0.03360	0.01936	0.04725	0.01608	0.04661	0.01182	0.00267	0.12199	0.00747	0.00619	0.12970
35	0.04284	0.04967	0.01452	0.01197	0.01519	0.01176	0.00941	0.04138	0.10728	0.14779	0.20459	0.10957	0.08082	0.06195	0.01053	0.00291	0.00561	0.05550	0.00765	0.00909
36	0.01536	0.01452	0.02456	0.60392	0.15271	0.01742	0.02189	0.02044	0.01585	0.02069	0.01391	0.02044	0.01064	0.00762	0.00774	0.00254	0.01016	0.00689	0.00351	0.00920
37	0.02896	0.03695	0.02197	0.01998	0.02397	0.69638	0.01498	0.03096	0.02197	0.01898	0.01199	0.01398	0.00999	0.00799	0.00699	0.00200	0.01398	0.00499	0.00400	0.00899
38	0.00968	0.00693	0.00920	0.01064	0.01130	0.00645	0.00722	0.01138	0.01592	0.02151	0.13889	0.62139	0.05461	0.02301	0.00978	0.00304	0.00437	0.02082	0.00740	0.00645
39	0.01109	0.00826	0.01224	0.01224	0.01355	0.00957	0.00942	0.01371	0.01240	0.01784	0.02097	0.03156	0.01986	0.09453	0.66105	0.01219	0.02005	0.00847	0.00418	0.00680
40	0.02906	0.02151	0.02304	0.01776	0.02389	0.02385	0.01464	0.62848	0.06194	0.04820	0.01914	0.01903	0.01361	0.00936	0.00776	0.00234	0.00843	0.00705	0.00776	0.01315
41	0.01318	0.00688	0.01011	0.01011	0.01018	0.00695	0.00675	0.01039	0.01031	0.01383	0.01466	0.02593	0.01486	0.07974	0.06720	0.67705	0.00755	0.00715	0.00351	0.00366
42	0.02896	0.03695	0.02197	0.01998	0.02397	0.69638	0.01498	0.03096	0.02197	0.01898	0.01199	0.01398	0.00999	0.00799	0.00699	0.00200	0.01398	0.00499	0.00400	0.00899
43	0.05868	0.03419	0.02171	0.01947	0.02344	0.59597	0.01480	0.06807	0.02202	0.02142	0.01226	0.01435	0.01013	0.00830	0.00783	0.00210	0.04667	0.00517	0.00423	0.00920
44	0.01354	0.00908	0.01264	0.01398	0.01598	0.00895	0.01212	0.01708	0.01832	0.05734	0.07925	0.08255	0.04507	0.02048	0.01047	0.00344	0.00690	0.55800	0.00735	0.00746
45	0.00966	0.00700	0.00913	0.01044	0.01125	0.00647	0.00713	0.01139	0.01610	0.02156	0.13989	0.57961	0.09626	0.02272	0.00973	0.00301	0.00433	0.02046	0.00740	0.00647
46	0.02973	0.02131	0.02302	0.01765	0.02384	0.02344	0.01458	0.62395	0.03578	0.07917	0.01919	0.01899	0.01347	0.00932	0.00776	0.00233	0.00844	0.00702	0.00784	0.01319
47	0.78228	0.01499	0.01140	0.01020	0.01499	0.01739	0.00840	0.02279	0.01320	0.03479	0.01080	0.01260	0.00840	0.00720	0.00480	0.00240	0.00600	0.00420	0.00480	0.00840
48	0.01109	0.00826	0.01220	0.01220	0.01350	0.00955	0.00937	0.01368	0.01238	0.01781	0.02101	0.03178	0.01996	0.10169	0.65402	0.01214	0.01991	0.00850	0.00419	0.00678
49	0.02821	0.01237	0.01630	0.01310	0.01805	0.01124	0.01059	0.03308	0.08111	0.48316	0.17028	0.03345	0.03129	0.01104	0.00810	0.00243	0.00592	0.00923	0.00921	0.01184
50	0.01972	0.01943	0.03096	0.04609	0.64353	0.05527	0.02332	0.02419	0.01789	0.02499	0.01444	0.01891	0.01216	0.00697	0.00764	0.00229	0.00947	0.00680	0.00385	0.01210
51	0.01494	0.01084	0.01306	0.01300	0.01508	0.01116	0.00974	0.17653	0.02074	0.02765	0.03634	0.46945	0.04073	0.02011	0.00944	0.00299	0.00584	0.08685	0.00733	0.00816
52	0.67691	0.01483	0.01302	0.10610	0.02027	0.01737	0.01020	0.02238	0.01351	0.03273	0.01121	0.01370	0.00866	0.00727	0.00520	0.00242	0.00659	0.00457	0.00461	0.00843
53	0.01433	0.01338	0.04733	0.05997	0.07268	0.06065	0.01458	0.01809	0.01774	0.02272	0.03395	0.10762	0.03615	0.01794	0.00981	0.00321	0.00805	0.42764	0.00624	0.00793
54	0.01038	0.00775	0.00975	0.01041	0.01203	0.00713	0.00787	0.01295	0.01815	0.02400	0.23693	0.25770	0.20623	0.02018	0.00965	0.00289	0.00459	0.12703	0.00758	0.00681
55	0.05984	0.05423	0.02674	0.03491	0.43006	0.05930	0.01907	0.02339	0.04170	0.02576	0.09759	0.02330	0.01980	0.00855	0.00838	0.00234	0.04204	0.00746	0.00459	0.01095
56	0.02249	0.01633	0.06806	0.12776	0.02617	0.01455	0.01443	0.06421	0.01871	0.22872	0.01891	0.02028	0.01353	0.00839	0.00896	0.00216	0.07953	0.00641	0.00593	0.23446
57	0.03479	0.01320	0.01799	0.01380	0.01979	0.01140	0.01140	0.03779	0.02219	0.68451	0.03059	0.02639	0.01919	0.00960	0.00780	0.00240	0.00660	0.00780	0.00960	0.01320
58	0.01599	0.01538	0.02671	0.50364	0.20566	0.01767	0.06253	0.02111	0.01621	0.02148	0.01410	0.02032	0.01090	0.00747	0.00782	0.00252	0.01024	0.00704	0.00357	0.00963
59	0.01742	0.01623	0.02356	0.27978	0.18768	0.05354	0.04347	0.06833	0.06080	0.02604	0.12306	0.02641	0.02212	0.00913	0.00798	0.00245	0.00889	0.00817	0.00502	0.00993
60	0.00970	0.00694	0.00922	0.01063	0.01130	0.00646	0.00722	0.01142	0.01600	0.02163	0.14564	0.61430	0.05484	0.02292	0.00977	0.00303	0.00436	0.02074	0.00742	0.00646
61	0.01128	0.00752	0.00846	0.00846	0.00846	0.00752	0.00470	0.01128	0.01128	0.01503	0.02443	0.05074	0.02819	0.72751	0.03946	0.00752	0.00752	0.01128	0.00470	0.00470
62	0.02060	0.59889	0.12223	0.01483	0.02191	0.07183	0.01535	0.02389	0.01623	0.01910	0.01126	0.01304	0.00994	0.00681	0.00541	0.00178	0.00906	0.00440	0.00335	0.01008
63	0.04819	0.01954	0.03114	0.14508	0.28761	0.05602	0.16581	0.10299	0.01989	0.02729	0.01493	0.01923	0.01169	0.00733	0.00790	0.00241	0.01034	0.00723	0.00433	0.01106
64	0.01249	0.00892	0.01249	0.01428	0.01606	0.00892	0.01249	0.01606	0.01785	0.02320	0.04105	0.08746	0.04462	0.02142	0.01071	0.00357	0.00714	0.62695	0.00714	0.00714
65	0.01735	0.01423	0.01805	0.01348	0.01992	0.01171	0.05098	0.02261	0.07394	0.06160	0.01769	0.02149	0.01458	0.00717	0.00650	0.00156	0.00636	0.03510	0.00523	0.58046
66	0.01539	0.03776	0.63031	0.02177	0.03260	0.01748	0.04743	0.02403	0.01673	0.02492	0.04959	0.01875	0.01330	0.00780	0.00752	0.00246	0.01109	0.00629	0.00358	0.01120
67	0.01673	0.01591	0.02703	0.40531	0.34065	0.01778	0.02257	0.02164	0.01649	0.02234	0.01415	0.01999	0.01123	0.00736	0.00772	0.00245	0.00982	0.00690	0.00363	0.01030
68	0.02073	0.73217	0.04063	0.01327	0.01990	0.03068	0.01327	0.02322	0.01575	0.01824	0.01078	0.01244	0.00995	0.00663	0.00498	0.00166	0.00829	0.00415	0.00332	0.00995
69	0.01091	0.00790	0.01017	0.00962	0.01139	0.00729	0.00713	0.01433	0.02127	0.02992	0.61987	0.05825	0.09545	0.04992	0.01059	0.00269	0.00385	0.01399	0.00830	0.00716
70	0.01097	0.00793	0.01036	0.00975	0.01158	0.00732	0.00732	0.01463	0.02195	0.03109	0.67505	0.05792	0.07316	0.01585	0.00914	0.00244	0.00366	0.01402	0.00854	0.00732
71	0.02947	0.02172	0.02327	0.01784	0.02404	0.02404	0.01474	0.65329	0.03646	0.04887	0.01862	0.01862	0.01319	0.00931	0.00776	0.00233	0.00853	0.00698	0.00776	0.01319
72	0.01347	0.00673	0.01010	0.01010	0.01010	0.00673	0.00673	0.01010	0.01010	0.01347	0.01347	0.02357	0.01347	0.02694	0.03030	0.77441	0.00673	0.00673	0.00337	0.00337
73	0.02896	0.03695	0.02197	0.01998	0.02397	0.69638	0.01498	0.03096	0.02197	0.01898	0.01199	0.01398	0.00999	0.00799	0.00699	0.00200	0.01398	0.00499	0.00400	0.00899
74	0.01983	0.01693	0.01784	0.01589	0.02037	0.01954	0.01241	0.07418	0.63126	0.03332	0.03086	0.02837	0.02310	0.01045	0.00788	0.00261	0.00627	0.00867	0.00788	0.01232
75	0.01249	0.00892	0.01249	0.01428	0.01606	0.00892	0.01249	0.01606	0.01785	0.02320	0.04105	0.08746	0.04462	0.02142	0.01071	0.00357	0.00714	0.62695	0.00714	0.00714
76	0.01088	0.00792	0.01023	0.00965	0.01152	0.00727	0.00724	0.01444	0.02172	0.03054	0.64263	0.05883	0.10593	0.01606	0.00915	0.00245	0.00367	0.01415	0.00846	0.00727
77	0.00964	0.00792	0.00855	0.00880	0.01118	0.00683	0.00675	0.01184	0.01779	0.02168	0.10490	0.10600	0.54507	0.01985	0.00937	0.00274	0.00429	0.08291	0.00727	0.00664
78	0.49220	0.01430	0.01396	0.01159	0.01686	0.01507	0.00956	0.02861	0.01669	0.28692	0.01848	0.01795	0.01259	0.00813	0.00596	0.00240	0.00623	0.00560	0.00666	0.01026
79	0.01183	0.00937	0.01372	0.01329	0.01445	0.01137	0.01041	0.01435	0.01234	0.01796	0.01958	0.02958	0.01858	0.07967	0.58556	0.01112	0.10748	0.00824	0.00408	0.00703
80	0.03365	0.01294	0.01763	0.01360	0.01940	0.01120	0.01120	0.03668	0.02218	0.65337	0.06130	0.02789	0.02176	0.00989	0.00786	0.00240	0.00646	0.00809	0.00955	0.01292
81	0.01787	0.01916	0.03835	0.13056	0.16627	0.01930	0.39813	0.02352	0.01737	0.02382	0.01485	0.02029	0.01156	0.00723	0.00971	0.00260	0.05692	0.00824	0.00380	0.01043
82	0.06242	0.06379	0.02039	0.01642	0.05116	0.06119	0.01268	0.31321	0.06836	0.05678	0.10225	0.02452	0.02160	0.00972	0.00734	0.00225	0.00746	0.00759	0.07980	0.01106
83	0.78228	0.01499	0.01140	0.01020	0.01499	0.01739	0.00840	0.02279	0.01320	0.03479	0.01080	0.01260	0.00840	0.00720	0.00480	0.00240	0.00600	0.00420	0.00480	0.00840
84	0.01732	0.07901	0.05232	0.01334	0.01614	0.12376	0.01092	0.01971	0.01576	0.05642	0.04286	0.05480	0.01989	0.10123	0.14436	0.04156	0.05580	0.00799	0.11898	0.00783
85	0.01169	0.00745	0.00906	0.00932	0.01010	0.00756	0.00625	0.01320	0.01365	0.02007	0.06201	0.15167	0.03073	0.29215	0.12742	0.03234	0.00801	0.01169	0.16969	0.00594
86	0.10255	0.21089	0.11058	0.01755	0.02275	0.28343	0.01584	0.02575	0.01747	0.02111	0.01157	0.01412	0.00981	0.00818	0.00862	0.00219	0.09940	0.00501	0.00374	0.00942
87	0.01599	0.06651	0.61921	0.02338	0.07449	0.01854	0.02772	0.02445	0.01643	0.02435	0.01383	0.01639	0.00999	0.00731	0.00729	0.00241	0.01119	0.00574	0.00331	0.01145
88	0.07432	0.01297	0.01705	0.01325	0.01895	0.01150	0.01091	0.03591	0.02138	0.61387	0.02923	0.02578	0.01864	0.00944	0.00751	0.00237	0.00640	0.00757	0.05034	0.01261
89	0.01151	0.00774	0.00993	0.01085	0.01210	0.00724	0.00757	0.01405	0.04218	0.06207	0.10407	0.53840	0.09952	0.02168	0.00956	0.00297	0.00457	0.01944	0.00750	0.00707
90	0.05248	0.01415	0.02314	0.35351	0.24167	0.01590	0.01921	0.01963	0.01519	0.02123	0.01384	0.02029	0.01137	0.01058	0.01126	0.12809	0.00919	0.00674	0.00362	0.00890
91	0.01074	0.00732	0.00875	0.00927	0.00945	0.00724	0.00560	0.01123	0.01235	0.01651	0.02958	0.24363	0.03453	0.50098	0.05435	0.00643	0.00712	0.01427	0.00540	0.00524
92	0.01139	0.00860	0.01239	0.01223	0.01334	0.01003	0.00928	0.01369	0.01225	0.01758	0.02082	0.03288	0.02027	0.15710	0.56554	0.01128	0.05177	0.00868	0.00420	0.00666
93	0.01660	0.01541	0.02555	0.42632	0.26427	0.01747	0.02164	0.04269	0.01707	0.02285	0.01552	0.02328	0.01273	0.00817	0.00787	0.00253	0.00974	0.03645	0.00390	0.00995
94	0.01588	0.11582	0.57815	0.02044	0.03084	0.01884	0.02577	0.02387	0.01660	0.02420	0.04950	0.01819	0.01328	0.00775	0.00720	0.00237	0.01068	0.00600	0.00356	0.01106
95	0.01003	0.00699	0.00882	0.01005	0.01035	0.00669	0.00640	0.01095	0.01370	0.01827	0.03687	0.50735	0.04389	0.24948	0.01936	0.00455	0.00547	0.01859	0.00640	0.00579
96	0.01464	0.01378	0.02326	0.70887	0.05340	0.01723	0.02153	0.01981	0.01550	0.01981	0.01378	0.02067	0.01034	0.00775	0.00775	0.00258	0.01034	0.00689	0.00345	0.00861
97	0.04660	0.01569	0.02319	0.52916	0.07872	0.06646	0.04163	0.02088	0.01624	0.02102	0.01539	0.02408	0.01258	0.00854	0.00781	0.00258	0.01026	0.04657	0.00381	0.00879
98	0.01896	0.01426	0.01699	0.01482	0.01820	0.01514	0.03663	0.28729	0.05711	0.03280	0.02978	0.32166	0.03075	0.05469	0.01046	0.00299	0.00682	0.01383	0.00720	0.00962
99	0.30744	0.05342	0.01818	0.01410	0.01923	0.09543	0.01154	0.25030	0.02321	0.06115	0.01553	0.01661	0.01161	0.00824	0.00627	0.00225	0.00776	0.00564	0.06174	0.01035
100	0.01002	0.00843	0.00869	0.00867	0.01126	0.00747	0.00655	0.01321	0.05700	0.02153	0.07186	0.07155	0.58182	0.04564	0.01029	0.00285	0.00435	0.04482	0.00715	0.00685
101	0.49484	0.01758	0.05854	0.06309	0.12804	0.01803	0.03534	0.05721	0.01570	0.03209	0.01239	0.01503	0.00962	0.00729	0.00592	0.00240	0.00751	0.00523	0.00459	0.00956
102	0.01140	0.00762	0.00973	0.01001	0.01082	0.00803	0.00690	0.01310	0.01298	0.01887	0.02615	0.14500	0.02752	0.28144	0.25478	0.00768	0.01100	0.01133	0.11955	0.00609
103	0.02899	0.03602	0.02205	0.01984	0.02397	0.65530	0.01497	0.06898	0.02286	0.02080	0.01239	0.01427	0.01018	0.00807	0.00704	0.00202	0.01365	0.00512	0.00422	0.00925
104	0.04450	0.05837	0.55562	0.02032	0.03068	0.01754	0.02520	0.02618	0.01700	0.11088	0.01588	0.01742	0.01100	0.00763	0.00726	0.00242	0.01053	0.00590	0.00415	0.01153
105	0.01122	0.00774	0.00960	0.00960	0.00999	0.00814	0.00612	0.01201	0.01161	0.01588	0.02339	0.04497	0.02568	0.53716	0.22639	0.00892	0.01129	0.01043	0.00454	0.00533
106	0.02947	0.02172	0.02327	0.01784	0.02404	0.02404	0.01474	0.65329	0.03646	0.04887	0.01862	0.01862	0.01319	0.00931	0.00776	0.00233	0.00853	0.00698	0.00776	0.01319
107	0.01128	0.00752	0.00846	0.00846	0.00846	0.00752	0.00470	0.01128	0.01128	0.01503	0.02443	0.05074	0.02819	0.72751	0.03946	0.00752	0.00752	0.01128	0.00470	0.00470
108	0.03369	0.01495	0.01908	0.01463	0.02067	0.01401	0.01209	0.16479	0.02514	0.55335	0.02812	0.02479	0.01795	0.00954	0.00779	0.00238	0.00700	0.00763	0.00922	0.01319
109	0.78228	0.01499	0.01140	0.01020	0.01499	0.01739	0.00840	0.02279	0.01320	0.03479	0.01080	0.01260	0.00840	0.00720	0.00480	0.00240	0.00600	0.00420	0.00480	0.00840
110	0.01040	0.00763	0.00975	0.00979	0.01137	0.00698	0.00712	0.01330	0.01975	0.02720	0.45411	0.21967	0.13749	0.01832	0.00933	0.00263	0.00389	0.01622	0.00806	0.00698
111	0.00940	0.00692	0.00882	0.01034	0.01113	0.00634	0.00699	0.01085	0.01529	0.01997	0.04834	0.62108	0.14903	0.02356	0.00978	0.00307	0.00441	0.02115	0.00720	0.00634
112	0.01958	0.01787	0.01743	0.01574	0.02001	0.07302	0.01219	0.03895	0.58265	0.03081	0.03223	0.02991	0.05367	0.01075	0.00788	0.00258	0.00666	0.00883	0.00754	0.01174
113	0.01833	0.00954	0.01250	0.01091	0.01408	0.00850	0.00848	0.02151	0.02128	0.23817	0.38281	0.08111	0.11187	0.01461	0.00875	0.00248	0.00466	0.01264	0.00868	0.00907
114	0.01549	0.00753	0.00777	0.00756	0.00958	0.00744	0.00572	0.01907	0.01656	0.06227	0.02556	0.02878	0.01984	0.00906	0.00554	0.00184	0.00377	0.00726	0.73183	0.00753
115	0.01077	0.00792	0.01008	0.00954	0.01146	0.00723	0.00715	0.01423	0.02146	0.02992	0.60637	0.05984	0.14257	0.01629	0.00915	0.00246	0.00369	0.01429	0.00838	0.00723
116	0.01913	0.01858	0.03239	0.04663	0.63810	0.01850	0.06410	0.02386	0.01770	0.02530	0.01466	0.01930	0.01225	0.00688	0.00777	0.00232	0.00946	0.00705	0.00384	0.01216
117	0.05917	0.01327	0.01478	0.01343	0.01654	0.01418	0.01023	0.24461	0.06465	0.03267	0.05633	0.33234	0.03313	0.01615	0.00851	0.00270	0.00606	0.01390	0.03797	0.00935
118	0.01690	0.01747	0.06334	0.35017	0.35643	0.01785	0.02302	0.02201	0.01660	0.02275	0.01418	0.01972	0.01125	0.00732	0.00769	0.00244	0.00985	0.00684	0.00363	0.01055
119	0.04141	0.27185	0.38486	0.01936	0.02837	0.02257	0.06214	0.02388	0.01604	0.02256	0.01275	0.01523	0.00996	0.00726	0.00717	0.00222	0.03291	0.00540	0.00338	0.01069
120	0.01019	0.00700	0.00905	0.01018	0.01061	0.00666	0.00665	0.01114	0.01433	0.01925	0.08411	0.48905	0.04574	0.17175	0.01731	0.05114	0.00521	0.01825	0.00654	0.00586
121	0.14436	0.04863	0.10391	0.02287	0.10348	0.01827	0.17206	0.12216	0.01959	0.06325	0.01606	0.01902	0.01216	0.00850	0.00839	0.03916	0.00917	0.00684	0.05165	0.01047
122	0.00960	0.00683	0.00902	0.01063	0.01111	0.00640	0.00707	0.01097	0.01492	0.01996	0.06540	0.66140	0.05086	0.06187	0.01146	0.00336	0.00463	0.02116	0.00711	0.00625
123	0.02232	0.01998	0.01859	0.01635	0.02084	0.12913	0.01274	0.10036	0.44212	0.06293	0.05108	0.02642	0.02202	0.01014	0.00777	0.00248	0.00759	0.00812	0.00735	0.01169
124	0.11175	0.01647	0.04637	0.36959	0.24450	0.01773	0.04152	0.02175	0.01601	0.02373	0.01373	0.01907	0.01074	0.00737	0.00739	0.00247	0.00957	0.00660	0.00375	0.00989
125	0.01830	0.02092	0.04575	0.03268	0.04052	0.01961	0.65098	0.02484	0.01830	0.02484	0.01569	0.02092	0.01176	0.00654	0.00915	0.00261	0.01307	0.00915	0.00392	0.01046
126	0.01879	0.00962	0.01283	0.01114	0.01429	0.00862	0.00866	0.02212	0.02169	0.24702	0.43142	0.07914	0.05424	0.01418	0.00873	0.00246	0.00467	0.01234	0.00882	0.00922
127	0.01696	0.01696	0.02375	0.02036	0.02036	0.02375	0.01696	0.01866	0.01187	0.01866	0.01018	0.01696	0.01018	0.01357	0.02545	0.00339	0.71332	0.00679	0.00339	0.00848
128	0.46615	0.01345	0.01079	0.00983	0.01362	0.04129	0.00785	0.04214	0.01535	0.03261	0.01603	0.01840	0.01252	0.00792	0.00519	0.00218	0.00559	0.00535	0.26554	0.00818
129	0.01810	0.02053	0.04454	0.06911	0.04122	0.01948	0.61707	0.02457	0.01815	0.02457	0.01558	0.02090	0.01169	0.00660	0.00907	0.00261	0.01292	0.00903	0.00390	0.01036
130	0.01091	0.00792	0.01028	0.00969	0.01155	0.00729	0.00727	0.01451	0.02180	0.03075	0.65462	0.05849	0.09381	0.01598	0.00915	0.00244	0.00367	0.01410	0.00849	0.00729
131	0.00995	0.00696	0.00885	0.01015	0.01048	0.00663	0.00651	0.01093	0.01386	0.01848	0.03769	0.53730	0.04492	0.21812	0.01805	0.00435	0.00533	0.01907	0.00651	0.00586
132	0.01104	0.00844	0.01082	0.01023	0.01198	0.00822	0.00774	0.01424	0.02039	0.02840	0.52268	0.08918	0.14843	0.01661	0.01023	0.00256	0.04933	0.01425	0.00796	0.00724
133	0.02890	0.05238	0.01865	0.01396	0.01918	0.01386	0.01140	0.11595	0.05787	0.43323	0.04940	0.10361	0.02340	0.01129	0.00792	0.00245	0.00660	0.00933	0.00862	0.01201
134	0.78228	0.01499	0.01140	0.01020	0.01499	0.01739	0.00840	0.02279	0.01320	0.03479	0.01080	0.01260	0.00840	0.00720	0.00480	0.00240	0.00600	0.00420	0.00480	0.00840
135	0.01120	0.00754	0.00872	0.00878	0.00888	0.00761	0.00508	0.01142	0.01146	0.01537	0.02480	0.07112	0.02839	0.66398	0.07867	0.00768	0.00823	0.01144	0.00475	0.00489
136	0.01107	0.00806	0.01021	0.01143	0.01239	0.00791	0.00786	0.05128	0.04252	0.02208	0.04081	0.65134	0.04784	0.02282	0.00968	0.00308	0.00481	0.02058	0.00726	0.00696
137	0.02879	0.02131	0.02290	0.01752	0.02376	0.02335	0.01445	0.62104	0.03542	0.04766	0.01837	0.01849	0.01310	0.00913	0.00765	0.00227	0.00839	0.00686	0.00760	0.05195
138	0.02896	0.03695	0.02197	0.01998	0.02397	0.69638	0.01498	0.03096	0.02197	0.01898	0.01199	0.01398	0.00999	0.00799	0.00699	0.00200	0.01398	0.00499	0.00400	0.00899
139	0.01182	0.00794	0.01017	0.01003	0.01186	0.00721	0.00736	0.01464	0.01964	0.06690	0.40202	0.22538	0.13961	0.01807	0.00925	0.00264	0.00408	0.01595	0.00810	0.00732
140	0.01083	0.00792	0.01016	0.00960	0.01149	0.00725	0.00720	0.01434	0.02160	0.03026	0.62618	0.05929	0.12255	0.01616	0.00915	0.00245	0.00368	0.01421	0.00843	0.00725
141	0.00934	0.00715	0.00858	0.00973	0.01097	0.00639	0.00672	0.01092	0.01587	0.02021	0.05574	0.48724	0.27810	0.02260	0.00963	0.00296	0.00429	0.01998	0.00720	0.00639
142	0.02589	0.01873	0.02023	0.01588	0.02116	0.02049	0.01298	0.51826	0.03283	0.04489	0.09474	0.02413	0.02073	0.01003	0.00769	0.00229	0.00749	0.00781	0.08182	0.01193
143	0.02631	0.01867	0.01989	0.01561	0.02089	0.02051	0.01278	0.51963	0.03221	0.04467	0.02002	0.02078	0.01459	0.00925	0.00726	0.00222	0.00750	0.00703	0.16825	0.01193
144	0.02885	0.02141	0.02292	0.01771	0.02381	0.02375	0.01459	0.61589	0.07486	0.04786	0.01941	0.01925	0.01383	0.00938	0.00776	0.00235	0.00839	0.00709	0.00776	0.01313
145	0.00960	0.00779	0.00851	0.00850	0.01078	0.00670	0.00631	0.01190	0.01844	0.02318	0.21193	0.11811	0.49294	0.01911	0.00921	0.00262	0.00391	0.01624	0.00750	0.00670
146	0.01030	0.00777	0.00952	0.00935	0.01124	0.00699	0.00691	0.01323	0.01996	0.02701	0.43853	0.13890	0.23621	0.01786	0.00924	0.00257	0.00383	0.01559	0.00801	0.00699
147	0.02073	0.73217	0.04063	0.01327	0.01990	0.03068	0.01327	0.02322	0.01575	0.01824	0.01078	0.01244	0.00995	0.00663	0.00498	0.00166	0.00829	0.00415	0.00332	0.00995
148	0.05774	0.01389	0.01796	0.01391	0.01969	0.01272	0.01145	0.10042	0.02337	0.56562	0.05940	0.02663	0.02078	0.00979	0.00776	0.00239	0.00664	0.00789	0.00920	0.01276
149	0.01108	0.00831	0.01246	0.01246	0.01385	0.00969	0.00969	0.01385	0.01246	0.01800	0.02077	0.03046	0.01938	0.05815	0.69678	0.01246	0.02077	0.00831	0.00415	0.00692
150	0.03134	0.01330	0.01750	0.01369	0.01920	0.01205	0.01120	0.07498	0.04598	0.55040	0.09894	0.02936	0.02475	0.01028	0.00794	0.00241	0.00639	0.00845	0.00930	0.01253
151	0.02003	0.01814	0.03075	0.04577	0.64361	0.01804	0.02313	0.02455	0.01790	0.06085	0.01545	0.01958	0.01265	0.00705	0.00768	0.00231	0.00907	0.00696	0.00415	0.01233
152	0.01445	0.00723	0.00723	0.00723	0.00903	0.00723	0.00542	0.01807	0.01626	0.02891	0.02529	0.02891	0.01987	0.00903	0.00542	0.00181	0.00361	0.00723	0.77055	0.00723
153	0.72186	0.01553	0.01235	0.01081	0.01572	0.01793	0.00891	0.07340	0.01506	0.03592	0.01142	0.01308	0.00878	0.00737	0.00504	0.00239	0.00620	0.00442	0.00504	0.00878
154	0.01697	0.02771	0.31463	0.02956	0.20367	0.03951	0.12628	0.02352	0.01726	0.02436	0.01728	0.04715	0.01476	0.00874	0.00806	0.00253	0.01065	0.05245	0.00397	0.01094
155	0.01181	0.00852	0.01165	0.01332	0.01495	0.00836	0.01124	0.01493	0.01737	0.02253	0.04372	0.18562	0.08623	0.02175	0.01048	0.00344	0.00652	0.49342	0.00715	0.00697
156	0.25673	0.05964	0.12767	0.01558	0.02151	0.02026	0.01460	0.21386	0.06103	0.03512	0.04654	0.01846	0.01429	0.00886	0.00784	0.00243	0.05312	0.00620	0.00564	0.01062
157	0.02200	0.48684	0.08219	0.01480	0.02131	0.07033	0.01436	0.12610	0.01959	0.02424	0.01305	0.01461	0.01094	0.00732	0.00575	0.00185	0.00870	0.00492	0.04065	0.01040
158	0.06206	0.01435	0.01842	0.01418	0.02016	0.01323	0.01171	0.11563	0.02367	0.57924	0.02832	0.02488	0.01802	0.00947	0.00768	0.00239	0.00682	0.00756	0.00918	0.01301
159	0.01515	0.01432	0.02406	0.62481	0.11248	0.01754	0.02161	0.02016	0.01560	0.02031	0.01375	0.02042	0.01052	0.00784	0.00827	0.00258	0.03124	0.00689	0.00348	0.00896
160	0.01592	0.01557	0.02363	0.55388	0.12811	0.06058	0.02082	0.02066	0.01616	0.02045	0.01493	0.04819	0.01220	0.00832	0.00778	0.00253	0.01020	0.00738	0.00368	0.00900
161	0.01188	0.00751	0.00990	0.03621	0.01306	0.00717	0.00776	0.01385	0.01578	0.06201	0.06436	0.53982	0.04475	0.02052	0.00910	0.00288	0.00470	0.01842	0.10336	0.00696
162	0.01128	0.00752	0.00846	0.00846	0.00846	0.00752	0.00470	0.01128	0.01128	0.01503	0.02443	0.05074	0.02819	0.72751	0.03946	0.00752	0.00752	0.01128	0.00470	0.00470
163	0.02073	0.73217	0.04063	0.01327	0.01990	0.03068	0.01327	0.02322	0.01575	0.01824	0.01078	0.01244	0.00995	0.00663	0.00498	0.00166	0.00829	0.00415	0.00332	0.00995
164	0.06599	0.05975	0.42638	0.01952	0.02859	0.04114	0.05217	0.02620	0.01764	0.12833	0.04986	0.01979	0.01453	0.00809	0.00734	0.00240	0.01001	0.00645	0.00468	0.01114
165	0.01276	0.00931	0.01262	0.01416	0.01611	0.00941	0.01228	0.01728	0.05303	0.02364	0.04170	0.08388	0.06308	0.02077	0.01051	0.00349	0.00699	0.57440	0.00718	0.00740
166	0.04748	0.01772	0.05802	0.17081	0.11197	0.04376	0.04846	0.11884	0.06135	0.04918	0.04456	0.05662	0.04323	0.00939	0.00767	0.00235	0.00847	0.00807	0.00535	0.08669
167	0.01368	0.01057	0.04432	0.01289	0.05599	0.00884	0.00949	0.01724	0.02048	0.08654	0.45479	0.05186	0.11585	0.05089	0.01039	0.00270	0.00487	0.01270	0.00776	0.00815
168	0.01603	0.01519	0.02576	0.50753	0.24392	0.01759	0.02222	0.02102	0.01616	0.02149	0.01403	0.02022	0.01093	0.00750	0.00773	0.00250	0.00999	0.00690	0.00356	0.00973
169	0.02073	0.73217	0.04063	0.01327	0.01990	0.03068	0.01327	0.02322	0.01575	0.01824	0.01078	0.01244	0.00995	0.00663	0.00498	0.00166	0.00829	0.00415	0.00332	0.00995
170	0.03568	0.00920	0.00991	0.00945	0.01174	0.03275	0.00711	0.01421	0.02011	0.02705	0.41125	0.06095	0.28916	0.01667	0.00893	0.00249	0.00421	0.01423	0.00776	0.00713
