[name]
unknown

[dist]
# distance from previous block
# <min> <max>
0	18

[block]
# block no. 0 follows, 29 sequences, length 49
# corresponding to MSA columns:
# 18-66
name=unknown_A
#
# <colnr> <probs for GDERKNQSTAVLIFYWHMCP>
#	G	D	E	R	K	N	Q	S	T	A	V	L	I	F	Y	W	H	M	C	P
0	0.02010	0.01434	0.01648	0.01284	0.01811	0.01367	0.01041	0.23098	0.05426	0.10557	0.05466	0.04639	0.01796	0.00864	0.00667	0.00182	0.00611	0.03695	0.00617	0.31791
1	0.01922	0.01537	0.04890	0.01290	0.01881	0.01344	0.01084	0.12940	0.14257	0.10684	0.01814	0.01840	0.01359	0.00708	0.00622	0.00166	0.00608	0.00566	0.00571	0.39918
2	0.01793	0.01657	0.02647	0.03730	0.56398	0.01630	0.01946	0.06913	0.01727	0.02482	0.01356	0.01720	0.01124	0.00636	0.00682	0.00198	0.00799	0.00607	0.00388	0.11567
3	0.05246	0.01328	0.01704	0.06323	0.11485	0.01129	0.01111	0.01928	0.01503	0.04979	0.01323	0.01566	0.01072	0.00574	0.00568	0.00139	0.00604	0.00475	0.00424	0.56522
4	0.02484	0.01965	0.06612	0.01591	0.02152	0.01993	0.01368	0.55694	0.03037	0.06436	0.05009	0.04857	0.01609	0.00928	0.00724	0.00218	0.00759	0.00723	0.00692	0.01149
5	0.01716	0.01637	0.02784	0.04197	0.66957	0.01635	0.02107	0.02124	0.01608	0.02300	0.01472	0.05506	0.01312	0.00717	0.00715	0.00215	0.00824	0.00706	0.00368	0.01100
6	0.01036	0.00690	0.00777	0.00777	0.00777	0.00690	0.00431	0.01036	0.01036	0.01381	0.02244	0.04660	0.02589	0.74975	0.03624	0.00690	0.00690	0.01036	0.00431	0.00431
7	0.02569	0.01848	0.06706	0.01536	0.02103	0.01815	0.01326	0.41697	0.07945	0.18285	0.05298	0.02094	0.01646	0.00886	0.00718	0.00219	0.00726	0.00693	0.00724	0.01168
8	0.01097	0.00748	0.00980	0.00911	0.01095	0.00687	0.00687	0.01430	0.02017	0.05635	0.67412	0.05201	0.06517	0.01432	0.00835	0.00224	0.00347	0.01264	0.00788	0.00694
9	0.01017	0.00763	0.01144	0.01144	0.01272	0.00890	0.00890	0.01272	0.01144	0.01653	0.01907	0.02797	0.01780	0.05340	0.72153	0.01144	0.01907	0.00763	0.00381	0.00636
10	0.01600	0.01761	0.03706	0.14358	0.05848	0.01718	0.52846	0.02157	0.01626	0.02191	0.01498	0.04513	0.01191	0.00678	0.00818	0.00241	0.01121	0.00843	0.00364	0.00924
11	0.02660	0.03394	0.02018	0.01834	0.02201	0.72116	0.01376	0.02843	0.02018	0.01743	0.01101	0.01284	0.00917	0.00734	0.00642	0.00183	0.01284	0.00459	0.00367	0.00825
12	0.01589	0.01356	0.04207	0.01107	0.01750	0.00983	0.00927	0.01923	0.01515	0.06888	0.01369	0.01541	0.01096	0.00557	0.00546	0.00118	0.00553	0.00446	0.00448	0.71083
13	0.02913	0.01492	0.01722	0.01370	0.01890	0.06412	0.01112	0.10013	0.11316	0.50013	0.02586	0.02301	0.01702	0.00879	0.00711	0.00220	0.00667	0.00702	0.00806	0.01172
14	0.00905	0.00635	0.00815	0.00944	0.00976	0.00603	0.00610	0.01001	0.01290	0.01720	0.03551	0.58965	0.04238	0.18420	0.01513	0.00378	0.00475	0.01804	0.00610	0.00546
15	0.02787	0.01867	0.02058	0.01578	0.02144	0.02018	0.01303	0.57587	0.03134	0.15362	0.01889	0.01826	0.01301	0.00859	0.00713	0.00215	0.00755	0.00653	0.00740	0.01211
16	0.03157	0.01272	0.01690	0.01296	0.01848	0.01137	0.01070	0.08485	0.02140	0.65868	0.02724	0.02368	0.01720	0.00879	0.00716	0.00220	0.00620	0.00710	0.00868	0.01212
17	0.02836	0.01132	0.01537	0.01206	0.01694	0.00985	0.00985	0.03121	0.02034	0.59830	0.13871	0.02899	0.02577	0.00976	0.00736	0.00221	0.00562	0.00810	0.00865	0.01123
18	0.01146	0.00827	0.01024	0.01089	0.01210	0.00825	0.00766	0.11142	0.01663	0.02221	0.03590	0.63508	0.04181	0.02023	0.00879	0.00278	0.00469	0.01815	0.00669	0.00674
19	0.01846	0.04968	0.01711	0.01430	0.01849	0.01785	0.01127	0.03691	0.62843	0.06192	0.02805	0.02575	0.02095	0.00945	0.00712	0.00236	0.00575	0.00781	0.00712	0.01121
20	0.02740	0.01487	0.01767	0.01405	0.01926	0.01513	0.01144	0.20188	0.17931	0.38155	0.02547	0.02294	0.01716	0.00894	0.00717	0.00224	0.00642	0.00717	0.00802	0.01192
21	0.02483	0.02926	0.01994	0.01857	0.04807	0.53037	0.01365	0.07528	0.13046	0.02158	0.01445	0.01556	0.01151	0.00776	0.00663	0.00196	0.01115	0.00535	0.00449	0.00913
22	0.02645	0.01964	0.02102	0.01626	0.02184	0.02179	0.01338	0.63877	0.07732	0.04387	0.01789	0.01773	0.01275	0.00862	0.00713	0.00216	0.00769	0.00652	0.00713	0.01205
23	0.00871	0.00634	0.00821	0.00962	0.01027	0.00584	0.00650	0.01009	0.01415	0.01870	0.06938	0.65260	0.11019	0.02159	0.00900	0.00282	0.00405	0.01945	0.00666	0.00584
24	0.01449	0.01451	0.02707	0.45684	0.08544	0.01607	0.20456	0.01949	0.01537	0.02031	0.04634	0.02061	0.01275	0.00711	0.00754	0.00236	0.00984	0.00723	0.00353	0.00854
25	0.01477	0.01266	0.01477	0.01055	0.01687	0.00949	0.00844	0.01793	0.01477	0.02320	0.01266	0.01477	0.01055	0.00527	0.00527	0.00105	0.00527	0.00422	0.00422	0.79328
26	0.02648	0.01960	0.02105	0.01610	0.02183	0.02148	0.01329	0.64979	0.03258	0.04384	0.01688	0.01698	0.01203	0.00839	0.00703	0.00209	0.00771	0.00631	0.00698	0.04954
27	0.02094	0.02056	0.02587	0.03479	0.47634	0.16965	0.01896	0.06783	0.01844	0.05879	0.01388	0.01689	0.01120	0.00683	0.00692	0.00206	0.00924	0.00601	0.00407	0.01072
28	0.02072	0.01513	0.01827	0.01473	0.01875	0.01641	0.04315	0.36415	0.02375	0.06736	0.01909	0.05737	0.01626	0.09603	0.12391	0.00418	0.03437	0.00776	0.00597	0.03265
29	0.01985	0.01326	0.01508	0.01302	0.01689	0.01422	0.01016	0.07230	0.37053	0.17615	0.11817	0.03039	0.02664	0.05930	0.00930	0.00263	0.00564	0.00856	0.00746	0.01043
30	0.00946	0.00667	0.00788	0.00852	0.00899	0.00636	0.00534	0.01017	0.01238	0.01619	0.03535	0.31710	0.12216	0.37569	0.02221	0.00478	0.00541	0.01475	0.00549	0.00510
31	0.00889	0.00644	0.00824	0.00943	0.01012	0.00596	0.00636	0.01029	0.01426	0.01894	0.10162	0.57179	0.11047	0.06842	0.01072	0.00305	0.00419	0.01843	0.00657	0.00580
32	0.01468	0.01005	0.01112	0.00999	0.01192	0.01051	0.00716	0.17506	0.01774	0.02480	0.05639	0.08324	0.05673	0.30331	0.04593	0.00436	0.00650	0.00968	0.13385	0.00696
33	0.00991	0.00764	0.00808	0.00800	0.01042	0.00662	0.00598	0.01236	0.04040	0.05276	0.06532	0.12971	0.58233	0.01770	0.00838	0.00244	0.00385	0.01490	0.00674	0.00647
34	0.00976	0.00665	0.00794	0.00853	0.00868	0.00651	0.00513	0.01020	0.01152	0.01536	0.02841	0.29498	0.03343	0.49108	0.02659	0.00548	0.00592	0.01387	0.00513	0.00484
35	0.01915	0.01382	0.01518	0.01277	0.01621	0.01485	0.00982	0.31709	0.09407	0.05578	0.05161	0.10299	0.06186	0.16610	0.01356	0.00326	0.00655	0.00959	0.00655	0.00918
36	0.00921	0.00662	0.00803	0.00882	0.00949	0.00620	0.00576	0.01029	0.01344	0.01766	0.07774	0.39805	0.14112	0.23430	0.01690	0.00396	0.00482	0.01613	0.00601	0.00544
37	0.02334	0.01708	0.01847	0.01469	0.01919	0.01872	0.01172	0.53682	0.02874	0.03851	0.01953	0.07675	0.01670	0.11287	0.01133	0.00286	0.00742	0.00802	0.00669	0.01054
38	0.02193	0.01625	0.01747	0.01409	0.01874	0.01765	0.01137	0.41615	0.13359	0.06036	0.04810	0.02866	0.12325	0.02923	0.00812	0.00235	0.00661	0.00833	0.00707	0.01067
39	0.03083	0.01183	0.01613	0.01254	0.01780	0.01024	0.01028	0.03351	0.02006	0.67710	0.02863	0.05878	0.01904	0.00946	0.00725	0.00224	0.00597	0.00779	0.00871	0.01181
40	0.02707	0.01995	0.02137	0.01638	0.02208	0.02208	0.01353	0.68159	0.03348	0.04488	0.01710	0.01710	0.01211	0.00855	0.00712	0.00214	0.00784	0.00641	0.00712	0.01211
41	0.02874	0.01166	0.01566	0.01229	0.01728	0.01030	0.01004	0.03225	0.04669	0.60105	0.10968	0.02783	0.02379	0.00954	0.00731	0.00222	0.00572	0.00789	0.00863	0.01143
42	0.01294	0.00836	0.00975	0.00915	0.01032	0.00833	0.00605	0.06821	0.01432	0.06461	0.08179	0.09109	0.06357	0.46817	0.04903	0.00546	0.00668	0.01084	0.00540	0.00594
43	0.02811	0.01433	0.01746	0.01367	0.01889	0.01416	0.01119	0.21407	0.08521	0.42613	0.06146	0.02402	0.01914	0.00913	0.00722	0.00221	0.00637	0.00734	0.00815	0.01175
44	0.00935	0.00648	0.00806	0.00905	0.00930	0.00623	0.00569	0.01009	0.01232	0.01642	0.03249	0.46440	0.03857	0.31464	0.02000	0.00450	0.00525	0.01627	0.00569	0.00519
45	0.00894	0.00648	0.00826	0.00949	0.01019	0.00603	0.00644	0.01029	0.01398	0.01842	0.06687	0.55767	0.11964	0.08579	0.01141	0.00318	0.00437	0.04035	0.00645	0.00574
46	0.04189	0.01518	0.01840	0.08531	0.02231	0.01611	0.03418	0.25809	0.12695	0.16921	0.02417	0.05756	0.05143	0.00953	0.00722	0.00224	0.00690	0.00784	0.00675	0.03874
47	0.01159	0.00871	0.00976	0.00919	0.01109	0.00836	0.00654	0.07293	0.03278	0.02123	0.10699	0.10960	0.22759	0.25048	0.01711	0.00381	0.00530	0.03428	0.00594	0.04674
48	0.01253	0.00959	0.01070	0.01035	0.01244	0.00974	0.00769	0.09116	0.10164	0.02239	0.04099	0.14868	0.22261	0.17747	0.01449	0.00353	0.00548	0.08526	0.00624	0.00703

[dist]
# distance from previous block
# <min> <max>
0	3

[block]
# block no. 1 follows, 29 sequences, length 51
# corresponding to MSA columns:
# 70-120
name=unknown_B
#
# <colnr> <probs for GDERKNQSTAVLIFYWHMCP>
#	G	D	E	R	K	N	Q	S	T	A	V	L	I	F	Y	W	H	M	C	P
0	0.02093	0.01383	0.01576	0.01304	0.01684	0.01485	0.01029	0.28893	0.08838	0.12649	0.02263	0.02657	0.03567	0.11986	0.11115	0.00413	0.00848	0.00765	0.04483	0.00969
1	0.12393	0.01283	0.01933	0.57283	0.04138	0.01569	0.01727	0.04461	0.01450	0.02094	0.01244	0.01798	0.00947	0.00784	0.00760	0.03530	0.00873	0.00598	0.00349	0.00785
2	0.06854	0.03381	0.63009	0.01911	0.02876	0.01613	0.02417	0.02196	0.01466	0.02291	0.01289	0.01542	0.00936	0.00902	0.04134	0.00270	0.01059	0.00528	0.00314	0.01013
3	0.02360	0.05256	0.02166	0.02108	0.11671	0.45163	0.01461	0.09117	0.01978	0.02090	0.01232	0.01494	0.01029	0.01031	0.05062	0.00254	0.04711	0.00525	0.00396	0.00896
4	0.50012	0.01382	0.04652	0.09967	0.01890	0.01430	0.01012	0.01984	0.01286	0.05562	0.01237	0.03579	0.01010	0.00854	0.00696	0.06268	0.00627	0.00505	0.00432	0.05612
5	0.00931	0.00680	0.00800	0.00847	0.00940	0.00630	0.00562	0.01056	0.01405	0.01835	0.12304	0.27731	0.20379	0.24650	0.01728	0.00394	0.00477	0.01499	0.00605	0.00550
6	0.01388	0.00951	0.01070	0.00982	0.01280	0.00909	0.00755	0.01972	0.15356	0.12092	0.14607	0.07904	0.35020	0.01471	0.00803	0.00237	0.00435	0.01241	0.00723	0.00803
7	0.05226	0.41947	0.10628	0.01532	0.03873	0.15502	0.01418	0.02368	0.05727	0.01915	0.01168	0.01333	0.00991	0.00685	0.00598	0.00181	0.03185	0.00452	0.00349	0.00921
8	0.04991	0.01635	0.01842	0.02016	0.17764	0.10673	0.01296	0.10419	0.08153	0.14298	0.04617	0.02606	0.09095	0.01072	0.03172	0.00247	0.00766	0.00754	0.03593	0.00992
9	0.00931	0.00663	0.00850	0.00975	0.01036	0.00630	0.00672	0.01061	0.01354	0.01783	0.03803	0.49475	0.08293	0.15384	0.01407	0.00364	0.00490	0.09647	0.00619	0.00563
10	0.09042	0.01661	0.02351	0.13489	0.38179	0.04414	0.01795	0.06323	0.11129	0.02531	0.01527	0.01830	0.01212	0.00712	0.00682	0.00219	0.00807	0.00629	0.00429	0.01039
11	0.01040	0.00723	0.00875	0.00905	0.00960	0.00718	0.00581	0.03571	0.01318	0.01778	0.08599	0.27249	0.03548	0.39207	0.05348	0.00521	0.00626	0.01352	0.00545	0.00538
12	0.28975	0.01671	0.05150	0.18463	0.14664	0.07342	0.01460	0.02200	0.06468	0.02494	0.01514	0.01788	0.03599	0.00740	0.00614	0.00222	0.00774	0.00573	0.00413	0.00877
13	0.01787	0.06842	0.01762	0.04046	0.07023	0.27152	0.01159	0.02108	0.05651	0.01855	0.05082	0.02503	0.03706	0.11437	0.14434	0.00439	0.01126	0.00698	0.00422	0.00770
14	0.00949	0.00697	0.00847	0.00859	0.00984	0.00641	0.00599	0.01148	0.01620	0.02179	0.31020	0.20149	0.18424	0.15071	0.01362	0.00326	0.00422	0.01441	0.00669	0.00594
15	0.02457	0.01849	0.02002	0.01528	0.02104	0.01970	0.01255	0.54202	0.05257	0.04052	0.01671	0.01700	0.01216	0.00801	0.00680	0.00195	0.00731	0.00608	0.00661	0.15060
16	0.01597	0.09224	0.08539	0.02350	0.05453	0.01692	0.37643	0.02084	0.01573	0.02176	0.01514	0.06840	0.01299	0.00732	0.00789	0.00216	0.03119	0.00780	0.00378	0.12001
17	0.04437	0.10223	0.47751	0.01713	0.02520	0.04478	0.02038	0.02129	0.01501	0.03602	0.04701	0.01943	0.01356	0.07592	0.00926	0.00259	0.00937	0.00592	0.00357	0.00946
18	0.02191	0.01190	0.01450	0.01221	0.01634	0.01176	0.00970	0.03018	0.23132	0.32554	0.15851	0.03313	0.06974	0.01072	0.00750	0.00229	0.00527	0.00900	0.00800	0.01046
19	0.03195	0.01212	0.01652	0.01267	0.01818	0.01047	0.01047	0.03470	0.02038	0.71026	0.02809	0.02424	0.01763	0.00881	0.00716	0.00220	0.00606	0.00716	0.00881	0.01212
20	0.04112	0.00805	0.01139	0.05524	0.01442	0.00931	0.00902	0.01387	0.01209	0.01852	0.01886	0.02660	0.01696	0.04290	0.55701	0.00926	0.01592	0.00728	0.10562	0.00654
21	0.00944	0.00668	0.00819	0.00871	0.00975	0.00612	0.00598	0.01035	0.01419	0.01839	0.11672	0.29885	0.23560	0.09148	0.01411	0.11459	0.00445	0.01494	0.00603	0.00543
22	0.01160	0.00848	0.00958	0.00954	0.01090	0.00864	0.00654	0.04259	0.10896	0.02057	0.06611	0.22197	0.10846	0.26563	0.01762	0.00399	0.00529	0.01281	0.05429	0.00644
23	0.02081	0.01136	0.01405	0.01159	0.01542	0.01093	0.00925	0.13104	0.04726	0.27273	0.28728	0.03694	0.07733	0.01156	0.00771	0.00223	0.00515	0.00974	0.00797	0.00964
24	0.04689	0.01584	0.02638	0.10952	0.57125	0.01624	0.02047	0.02102	0.01587	0.02297	0.01466	0.02132	0.01276	0.00724	0.00712	0.00221	0.00833	0.04565	0.00371	0.01052
25	0.02012	0.01054	0.01330	0.01153	0.01505	0.01006	0.00900	0.02588	0.13929	0.30549	0.19280	0.13301	0.05800	0.01253	0.00778	0.00235	0.00498	0.01077	0.00792	0.00958
26	0.01162	0.00740	0.00891	0.00874	0.01069	0.00654	0.00640	0.01292	0.01570	0.08984	0.12880	0.17452	0.34478	0.01836	0.01112	0.11297	0.00428	0.01365	0.00649	0.00627
27	0.01661	0.01894	0.05568	0.02884	0.07532	0.01756	0.54913	0.02217	0.01631	0.02258	0.01395	0.01855	0.01070	0.00631	0.00882	0.00233	0.04677	0.00783	0.00360	0.05800
28	0.08374	0.01199	0.01314	0.01154	0.01524	0.01253	0.00899	0.02769	0.28292	0.17639	0.06082	0.03432	0.13885	0.05648	0.00896	0.00260	0.00529	0.00900	0.03000	0.00951
29	0.01208	0.00748	0.00962	0.00971	0.01110	0.00700	0.00699	0.01400	0.01573	0.09222	0.20917	0.24931	0.07085	0.17088	0.01444	0.00351	0.00493	0.07784	0.00667	0.00646
30	0.01497	0.00862	0.01126	0.01025	0.01267	0.00798	0.00786	0.04381	0.01966	0.16399	0.42287	0.14918	0.05136	0.01446	0.00824	0.00235	0.00428	0.03052	0.00779	0.00787
31	0.48090	0.01373	0.01295	0.01101	0.01558	0.01505	0.00898	0.06606	0.08745	0.17289	0.04203	0.01768	0.01375	0.00781	0.00559	0.00222	0.00570	0.00548	0.00592	0.00924
32	0.00984	0.00715	0.00874	0.00939	0.01037	0.00679	0.00640	0.03936	0.01502	0.01988	0.10905	0.44033	0.13520	0.13255	0.01303	0.00334	0.00457	0.01663	0.00641	0.00596
33	0.01068	0.00787	0.00938	0.00897	0.01065	0.00744	0.00649	0.05241	0.01803	0.02440	0.36515	0.11968	0.18307	0.12917	0.01269	0.00305	0.00430	0.01324	0.00689	0.00644
34	0.01032	0.00668	0.00774	0.00818	0.00852	0.00657	0.00502	0.01111	0.01187	0.01675	0.02701	0.22942	0.03046	0.45276	0.02466	0.00510	0.00567	0.01246	0.11469	0.00503
35	0.00929	0.00708	0.00837	0.00878	0.01031	0.00640	0.00642	0.01126	0.01593	0.02059	0.18451	0.20980	0.30486	0.08709	0.01131	0.00298	0.00427	0.07811	0.00664	0.00600
36	0.76249	0.01369	0.01076	0.00953	0.01399	0.01570	0.00785	0.02160	0.01252	0.06511	0.01080	0.01219	0.00820	0.00672	0.00454	0.00220	0.00554	0.00402	0.00462	0.00793
37	0.02279	0.01491	0.01681	0.01419	0.01882	0.01614	0.01129	0.10873	0.42844	0.22439	0.02740	0.02485	0.01950	0.00930	0.00721	0.00232	0.00600	0.00762	0.00768	0.01160
38	0.01098	0.00796	0.00994	0.01039	0.01184	0.00776	0.00790	0.05255	0.01652	0.02190	0.15048	0.23015	0.12018	0.11975	0.01274	0.00334	0.00520	0.18753	0.00652	0.00635
39	0.01312	0.00879	0.01071	0.01066	0.01232	0.00869	0.00783	0.09488	0.01670	0.06348	0.06687	0.29809	0.08158	0.16560	0.01424	0.00356	0.00553	0.10413	0.00640	0.00682
40	0.03154	0.01277	0.01693	0.01298	0.01850	0.01144	0.01072	0.08886	0.02148	0.65455	0.02717	0.02364	0.01716	0.00879	0.00716	0.00220	0.00621	0.00710	0.00867	0.01212
41	0.00892	0.00630	0.00819	0.00961	0.00996	0.00594	0.00628	0.00998	0.01316	0.01755	0.03684	0.64493	0.04405	0.12663	0.01298	0.00347	0.00453	0.01882	0.00628	0.00557
42	0.01389	0.00917	0.01068	0.00979	0.01159	0.00914	0.00692	0.10647	0.01662	0.07388	0.11193	0.11143	0.11274	0.31071	0.05011	0.00457	0.00639	0.01128	0.00596	0.00673
43	0.01730	0.01659	0.02832	0.09659	0.65496	0.01683	0.02169	0.02157	0.01606	0.02287	0.01334	0.01773	0.01114	0.00640	0.00705	0.00213	0.00854	0.00634	0.00350	0.01102
44	0.13350	0.01104	0.01373	0.01116	0.01542	0.01024	0.00898	0.02695	0.01877	0.43205	0.17854	0.02996	0.02785	0.03989	0.00824	0.00240	0.00540	0.00813	0.00779	0.00996
45	0.00871	0.00723	0.00762	0.00752	0.00980	0.00614	0.00564	0.01079	0.01693	0.02090	0.18448	0.06579	0.58906	0.01741	0.00841	0.00238	0.00356	0.01464	0.00683	0.00614
46	0.02203	0.01605	0.01789	0.01443	0.01860	0.01774	0.01156	0.47703	0.02655	0.03577	0.01768	0.02183	0.01433	0.08531	0.12804	0.04254	0.00951	0.00696	0.00612	0.01001
47	0.01017	0.00751	0.01096	0.01141	0.01242	0.00718	0.04847	0.03276	0.01420	0.01895	0.03471	0.59595	0.04064	0.02097	0.01056	0.06836	0.00498	0.03761	0.00615	0.00603
48	0.01454	0.01133	0.01635	0.19534	0.02295	0.01400	0.01281	0.01680	0.01309	0.06029	0.01795	0.05721	0.04174	0.01394	0.04397	0.08116	0.23909	0.00746	0.11274	0.00723
49	0.01491	0.01453	0.02022	0.48509	0.09386	0.06953	0.01743	0.02093	0.09262	0.01995	0.01893	0.02299	0.06310	0.00818	0.00717	0.00232	0.00878	0.00705	0.00396	0.00845
50	0.08047	0.01286	0.01547	0.01367	0.04544	0.01297	0.01041	0.07793	0.17628	0.29769	0.12653	0.02896	0.05003	0.00992	0.00720	0.00226	0.00566	0.00817	0.00755	0.01054

[dist]
# distance from previous block
# <min> <max>
2	17

[block]
# block no. 2 follows, 29 sequences, length 40
# corresponding to MSA columns:
# 138-177
name=unknown_C
#
# <colnr> <probs for GDERKNQSTAVLIFYWHMCP>
#	G	D	E	R	K	N	Q	S	T	A	V	L	I	F	Y	W	H	M	C	P
0	0.41673	0.03654	0.16658	0.01236	0.01771	0.05328	0.01217	0.02089	0.01479	0.04744	0.12256	0.01946	0.01798	0.00801	0.00576	0.00218	0.00673	0.00575	0.00470	0.00836
1	0.06209	0.01863	0.01637	0.01480	0.01863	0.15929	0.01140	0.05783	0.45527	0.02731	0.02445	0.06403	0.01953	0.00971	0.00703	0.00230	0.00708	0.00776	0.00633	0.01018
2	0.01757	0.05894	0.02765	0.07072	0.56084	0.01743	0.02011	0.03862	0.05341	0.02349	0.01481	0.01962	0.01253	0.00699	0.00700	0.00214	0.00823	0.02516	0.00386	0.01088
3	0.01786	0.33012	0.23945	0.01547	0.02218	0.10775	0.01632	0.02371	0.08097	0.02056	0.05287	0.01659	0.01369	0.00729	0.00595	0.00191	0.00872	0.00529	0.00379	0.00952
4	0.01754	0.09219	0.09239	0.02509	0.06649	0.09934	0.37441	0.02241	0.01664	0.02161	0.05066	0.01894	0.01333	0.00707	0.00842	0.00225	0.05092	0.00727	0.00371	0.00931
5	0.01471	0.01201	0.01396	0.01334	0.05270	0.01213	0.00963	0.06091	0.21888	0.02453	0.04947	0.03710	0.08816	0.13008	0.01196	0.00293	0.00589	0.07750	0.00587	0.15823
6	0.03312	0.01279	0.01550	0.14602	0.02143	0.03295	0.01160	0.14512	0.05071	0.02528	0.02115	0.17445	0.02017	0.03135	0.00962	0.00247	0.08457	0.00933	0.10721	0.04518
7	0.00868	0.00620	0.00826	0.00991	0.01033	0.00578	0.00661	0.00991	0.01363	0.01818	0.03925	0.74510	0.04710	0.02231	0.00909	0.00289	0.00413	0.02024	0.00661	0.00578
8	0.02080	0.01683	0.01784	0.01512	0.01969	0.01915	0.01202	0.25044	0.47483	0.03477	0.02506	0.02344	0.01856	0.00929	0.00721	0.00232	0.00636	0.00751	0.00721	0.01155
9	0.02305	0.06750	0.02343	0.02438	0.20975	0.32993	0.01567	0.12178	0.07379	0.02396	0.01390	0.01578	0.01117	0.00735	0.00665	0.00198	0.01004	0.00556	0.00438	0.00994
10	0.01402	0.01351	0.02224	0.55777	0.04229	0.01715	0.04393	0.01815	0.01364	0.01815	0.01204	0.01829	0.00951	0.00819	0.01054	0.00253	0.16055	0.00639	0.00317	0.00795
11	0.01681	0.01921	0.04202	0.03001	0.03721	0.01801	0.67947	0.02281	0.01681	0.02281	0.01441	0.01921	0.01080	0.00600	0.00840	0.00240	0.01200	0.00840	0.00360	0.00960
12	0.00908	0.00685	0.00995	0.01092	0.01167	0.00639	0.04016	0.01056	0.01379	0.01841	0.03801	0.70890	0.04529	0.02150	0.00905	0.00287	0.00452	0.01965	0.00646	0.00597
13	0.54440	0.01886	0.16575	0.01247	0.01802	0.01617	0.01239	0.02174	0.01309	0.06215	0.01140	0.01318	0.00858	0.00709	0.00616	0.00227	0.04904	0.00446	0.00424	0.00855
14	0.00868	0.00620	0.00826	0.00991	0.01033	0.00578	0.00661	0.00991	0.01363	0.01818	0.03925	0.74510	0.04710	0.02231	0.00909	0.00289	0.00413	0.02024	0.00661	0.00578
15	0.00881	0.00629	0.00841	0.01007	0.01054	0.00590	0.00684	0.01014	0.01376	0.01832	0.03917	0.71377	0.04681	0.02218	0.00912	0.00291	0.00425	0.05027	0.00661	0.00582
16	0.80005	0.01377	0.01047	0.00936	0.01377	0.01597	0.00771	0.02093	0.01212	0.03195	0.00991	0.01157	0.00771	0.00661	0.00441	0.00220	0.00551	0.00386	0.00441	0.00771
17	0.00892	0.00702	0.00806	0.00825	0.01004	0.00616	0.00602	0.01103	0.01675	0.02154	0.23593	0.20589	0.39311	0.01799	0.00855	0.00246	0.00365	0.01554	0.00694	0.00616
18	0.01740	0.01639	0.02736	0.15093	0.57026	0.01699	0.02114	0.05191	0.01670	0.02347	0.01345	0.01781	0.01104	0.00657	0.00706	0.00216	0.00859	0.00635	0.00364	0.01079
19	0.01687	0.01452	0.01864	0.01869	0.16859	0.01296	0.01210	0.08942	0.06041	0.02590	0.01433	0.01639	0.01159	0.00613	0.00598	0.00149	0.00626	0.00516	0.00456	0.49002
20	0.01801	0.01805	0.02729	0.11470	0.57184	0.08237	0.02088	0.02208	0.01637	0.02218	0.01309	0.01732	0.01089	0.00652	0.00700	0.00212	0.00898	0.00618	0.00350	0.01064
21	0.01632	0.00994	0.01231	0.01066	0.01359	0.00955	0.00831	0.11475	0.02157	0.15215	0.40808	0.08140	0.08567	0.01327	0.00803	0.00226	0.00456	0.01143	0.00777	0.00839
22	0.01666	0.30493	0.42637	0.01717	0.02570	0.05530	0.02041	0.02238	0.01507	0.02013	0.01162	0.01358	0.00907	0.00654	0.00593	0.00196	0.00955	0.00468	0.00305	0.00989
23	0.01630	0.01715	0.03201	0.02519	0.06874	0.04882	0.42980	0.05947	0.01761	0.02348	0.05574	0.13276	0.01952	0.00922	0.00826	0.00241	0.00990	0.01006	0.00451	0.00904
24	0.10258	0.05214	0.01393	0.01109	0.01445	0.03623	0.00882	0.06409	0.10015	0.12034	0.33109	0.03600	0.05811	0.01133	0.00730	0.00220	0.00508	0.00941	0.00704	0.00861
25	0.05490	0.01212	0.01712	0.01406	0.01790	0.01202	0.11242	0.05845	0.12841	0.12726	0.22033	0.06361	0.09255	0.01160	0.00783	0.00234	0.00594	0.02537	0.00684	0.00893
26	0.02153	0.01572	0.01764	0.01405	0.01915	0.01608	0.01148	0.35406	0.06470	0.07393	0.02043	0.06008	0.01708	0.00959	0.00705	0.00205	0.00669	0.06734	0.00647	0.19488
27	0.01531	0.19234	0.56638	0.01854	0.02810	0.01906	0.02325	0.02228	0.01491	0.02129	0.01215	0.01425	0.00905	0.00662	0.00629	0.00210	0.00989	0.00495	0.00302	0.01022
28	0.02297	0.01726	0.02044	0.01686	0.05277	0.01846	0.05090	0.44339	0.05791	0.05685	0.01812	0.02161	0.01432	0.10445	0.01089	0.00273	0.00771	0.00703	0.00630	0.04902
29	0.02394	0.01661	0.01857	0.01428	0.01973	0.01708	0.01166	0.42611	0.02712	0.11834	0.05003	0.04205	0.01612	0.00867	0.00690	0.00197	0.00681	0.00682	0.00679	0.16040
30	0.01668	0.01591	0.02469	0.13059	0.46984	0.04013	0.01902	0.02222	0.07913	0.02304	0.04808	0.04775	0.01593	0.00779	0.00720	0.00220	0.00808	0.00728	0.00415	0.01029
31	0.01853	0.01677	0.02657	0.14149	0.49768	0.01759	0.02020	0.12781	0.01871	0.02600	0.01388	0.01774	0.01115	0.00682	0.00707	0.00216	0.00851	0.00635	0.00405	0.01091
32	0.01390	0.01196	0.01513	0.12705	0.02136	0.01012	0.01007	0.01711	0.01456	0.02185	0.01551	0.09396	0.01431	0.00740	0.00598	0.00147	0.00583	0.00628	0.00431	0.58184
33	0.01547	0.01308	0.01515	0.01088	0.01718	0.01022	0.00873	0.05618	0.01584	0.02445	0.01291	0.01490	0.01064	0.00546	0.00538	0.00112	0.00542	0.00435	0.00439	0.74826
34	0.01882	0.01544	0.02556	0.03657	0.55389	0.01517	0.01902	0.02278	0.01711	0.11344	0.07646	0.02165	0.01708	0.00740	0.00718	0.00214	0.00769	0.00703	0.00460	0.01098
35	0.02424	0.01797	0.01944	0.01542	0.02039	0.01979	0.01253	0.55924	0.06916	0.04097	0.04304	0.08671	0.01779	0.01010	0.00736	0.00223	0.00721	0.00801	0.00711	0.01129
36	0.01668	0.01596	0.02720	0.19929	0.55712	0.01667	0.02138	0.02103	0.01577	0.02212	0.01323	0.01793	0.01088	0.00652	0.00707	0.00217	0.00869	0.00634	0.00344	0.01052
37	0.08609	0.01386	0.01517	0.01177	0.01726	0.01289	0.00940	0.09324	0.14540	0.02774	0.03888	0.01825	0.01447	0.00689	0.00587	0.00157	0.00558	0.00544	0.00524	0.46499
38	0.01657	0.01393	0.02000	0.05760	0.02125	0.01519	0.11455	0.15784	0.04005	0.04671	0.06628	0.06463	0.09811	0.03522	0.06040	0.00318	0.12318	0.00901	0.00534	0.03097
39	0.01815	0.01405	0.01805	0.03752	0.01968	0.01479	0.07678	0.25060	0.09986	0.04857	0.06002	0.18264	0.02507	0.04885	0.00922	0.00261	0.00679	0.02639	0.00639	0.03398

[dist]
# distance from previous block
# <min> <max>
0	3

[block]
# block no. 3 follows, 29 sequences, length 9
# corresponding to MSA columns:
# 181-189
name=unknown_D
#
# <colnr> <probs for GDERKNQSTAVLIFYWHMCP>
#	G	D	E	R	K	N	Q	S	T	A	V	L	I	F	Y	W	H	M	C	P
0	0.02200	0.01644	0.01824	0.01384	0.01965	0.01638	0.01128	0.35029	0.07173	0.07062	0.01682	0.01725	0.01248	0.00740	0.00643	0.00175	0.00661	0.00573	0.00612	0.30897
1	0.02211	0.01635	0.01797	0.01455	0.01908	0.01758	0.01164	0.48727	0.02779	0.03744	0.02189	0.18336	0.02001	0.01149	0.00746	0.00224	0.00683	0.00944	0.00683	0.05868
2	0.01916	0.46512	0.19563	0.01499	0.02188	0.09163	0.01579	0.06612	0.01641	0.02007	0.01117	0.01280	0.00931	0.00654	0.00544	0.00177	0.00883	0.00440	0.00337	0.00958
3	0.01493	0.00973	0.01217	0.01023	0.01395	0.00814	0.00798	0.01782	0.01741	0.13428	0.24019	0.10765	0.07486	0.01179	0.00731	0.00196	0.00463	0.03479	0.00657	0.26364
4	0.00868	0.00620	0.00826	0.00991	0.01033	0.00578	0.00661	0.00991	0.01363	0.01818	0.03925	0.74510	0.04710	0.02231	0.00909	0.00289	0.00413	0.02024	0.00661	0.00578
5	0.00987	0.00724	0.00908	0.00863	0.01029	0.00664	0.00637	0.01277	0.01891	0.02621	0.56637	0.05480	0.15073	0.06855	0.01043	0.00260	0.00365	0.01299	0.00741	0.00645
6	0.01477	0.01266	0.01477	0.01055	0.01687	0.00949	0.00844	0.01793	0.01477	0.02320	0.01266	0.01477	0.01055	0.00527	0.00527	0.00105	0.00527	0.00422	0.00422	0.79328
7	0.00880	0.00663	0.00814	0.00904	0.01017	0.00598	0.00629	0.01048	0.01525	0.01990	0.13936	0.46278	0.23123	0.02006	0.00881	0.00267	0.00388	0.01779	0.00678	0.00598
8	0.01558	0.01558	0.02181	0.01869	0.01869	0.02181	0.01558	0.01714	0.01091	0.01714	0.00935	0.01558	0.00935	0.01246	0.02337	0.00312	0.73672	0.00623	0.00312	0.00779

[dist]
# distance from previous block
# <min> <max>
0	1

[block]
# block no. 4 follows, 29 sequences, length 8
# corresponding to MSA columns:
# 191-198
name=unknown_E
#
# <colnr> <probs for GDERKNQSTAVLIFYWHMCP>
#	G	D	E	R	K	N	Q	S	T	A	V	L	I	F	Y	W	H	M	C	P
0	0.01553	0.01638	0.03139	0.02326	0.02861	0.01605	0.40765	0.01996	0.01529	0.02159	0.01567	0.08543	0.01392	0.00837	0.01020	0.00233	0.11892	0.00849	0.00391	0.13702
1	0.01864	0.01559	0.01657	0.01303	0.01835	0.04690	0.01036	0.19404	0.12953	0.02935	0.01794	0.06010	0.01485	0.00793	0.00635	0.00170	0.00628	0.00637	0.00558	0.38052
2	0.01080	0.00785	0.00886	0.00882	0.01110	0.00699	0.00670	0.03534	0.01686	0.06119	0.09242	0.17434	0.44927	0.01780	0.00851	0.00252	0.00419	0.06298	0.00682	0.00662
3	0.13768	0.01613	0.01600	0.01340	0.01796	0.05398	0.01069	0.19566	0.23567	0.06754	0.04958	0.02350	0.05474	0.00907	0.00670	0.00216	0.00636	0.00705	0.00644	0.06969
4	0.23461	0.02083	0.01822	0.01485	0.01984	0.14764	0.01201	0.38530	0.02532	0.03641	0.01406	0.01484	0.01039	0.00781	0.00627	0.00210	0.00812	0.00539	0.00577	0.01023
5	0.02277	0.01693	0.01837	0.01424	0.01918	0.01797	0.01141	0.48442	0.02729	0.03706	0.01725	0.02118	0.01395	0.11929	0.01122	0.00269	0.00732	0.00668	0.00628	0.12446
6	0.02554	0.08515	0.02179	0.01803	0.07545	0.22435	0.01347	0.22521	0.07638	0.13980	0.01713	0.01732	0.01259	0.00794	0.00671	0.00203	0.00887	0.00590	0.00576	0.01060
7	0.01362	0.01272	0.01966	0.38803	0.03347	0.01613	0.01639	0.01706	0.01292	0.01791	0.01270	0.01917	0.01075	0.01546	0.11876	0.00387	0.21350	0.00639	0.00330	0.04821

[dist]
# distance from previous block
# <min> <max>
3	7

[block]
# block no. 5 follows, 29 sequences, length 7
# corresponding to MSA columns:
# 206-212
name=unknown_F
#
# <colnr> <probs for GDERKNQSTAVLIFYWHMCP>
#	G	D	E	R	K	N	Q	S	T	A	V	L	I	F	Y	W	H	M	C	P
0	0.19040	0.01495	0.01578	0.01277	0.01752	0.01591	0.01038	0.26688	0.07709	0.13770	0.08127	0.02359	0.05452	0.00916	0.00666	0.00216	0.00616	0.00705	0.00672	0.04333
1	0.06296	0.59008	0.08686	0.01323	0.01935	0.09084	0.01318	0.02206	0.01491	0.01812	0.01023	0.01184	0.00905	0.00629	0.00490	0.00165	0.00821	0.00400	0.00318	0.00908
2	0.10965	0.01707	0.02537	0.11564	0.50995	0.05823	0.01948	0.02172	0.01574	0.02337	0.01276	0.01678	0.01053	0.00652	0.00671	0.00214	0.00849	0.00595	0.00360	0.01030
3	0.02177	0.01495	0.01699	0.01374	0.01810	0.01574	0.01103	0.38678	0.02619	0.10343	0.11261	0.11270	0.02449	0.01254	0.03335	0.00253	0.00688	0.00899	0.00706	0.05013
4	0.02325	0.02650	0.01967	0.13554	0.02565	0.45089	0.01415	0.12344	0.02092	0.02179	0.01635	0.01829	0.05686	0.00821	0.00678	0.00201	0.01091	0.00586	0.00430	0.00862
5	0.02277	0.01555	0.01717	0.01412	0.01885	0.01676	0.01135	0.25884	0.27238	0.16216	0.02876	0.02680	0.08206	0.00991	0.00730	0.00228	0.00629	0.00797	0.00744	0.01122
6	0.23875	0.01852	0.01774	0.08792	0.02219	0.10112	0.01233	0.29230	0.05150	0.07033	0.01504	0.01605	0.01099	0.00779	0.00630	0.00216	0.00776	0.00559	0.00566	0.00998

[dist]
# distance from previous block
# <min> <max>
2	9

[block]
# block no. 6 follows, 29 sequences, length 9
# corresponding to MSA columns:
# 222-230
name=unknown_G
#
# <colnr> <probs for GDERKNQSTAVLIFYWHMCP>
#	G	D	E	R	K	N	Q	S	T	A	V	L	I	F	Y	W	H	M	C	P
0	0.19607	0.01734	0.01701	0.01373	0.01856	0.07476	0.01116	0.32198	0.02446	0.13729	0.08278	0.02008	0.01704	0.00864	0.00660	0.00215	0.00704	0.00644	0.00656	0.01031
1	0.01802	0.01586	0.01600	0.01429	0.01816	0.05731	0.01110	0.07166	0.55132	0.02982	0.09224	0.02781	0.02486	0.00994	0.00730	0.00235	0.00595	0.00822	0.00709	0.01071
2	0.01519	0.01276	0.01482	0.01087	0.01685	0.01006	0.00865	0.05805	0.01585	0.02426	0.01434	0.05373	0.01259	0.00638	0.00559	0.00122	0.00537	0.00520	0.00452	0.70370
3	0.02605	0.01944	0.02080	0.01618	0.02169	0.02161	0.01329	0.61143	0.10530	0.04323	0.01839	0.01813	0.01316	0.00867	0.00714	0.00217	0.00760	0.00659	0.00714	0.01202
4	0.01621	0.01529	0.02551	0.22897	0.46556	0.01626	0.02036	0.02122	0.04474	0.02207	0.01496	0.02122	0.01259	0.00730	0.00720	0.00225	0.00853	0.03588	0.00372	0.01015
5	0.02515	0.01981	0.02523	0.01893	0.02491	0.02132	0.13808	0.55838	0.03036	0.04075	0.01659	0.01749	0.01187	0.00807	0.00736	0.00219	0.00862	0.00678	0.00646	0.01164
6	0.01603	0.01432	0.02164	0.01667	0.02214	0.01309	0.17643	0.08389	0.05926	0.02525	0.01921	0.02908	0.01714	0.00873	0.00720	0.00199	0.00746	0.12787	0.00497	0.32761
7	0.38876	0.01511	0.01309	0.01122	0.01547	0.08244	0.00903	0.10286	0.01741	0.12782	0.03903	0.02087	0.06881	0.00849	0.00580	0.00215	0.00624	0.00604	0.05066	0.00870
8	0.02656	0.01915	0.02068	0.01603	0.02158	0.02111	0.01319	0.59449	0.08674	0.07901	0.01865	0.01825	0.01319	0.00865	0.00714	0.00216	0.00756	0.00659	0.00722	0.01204

[dist]
# distance from previous block
# <min> <max>
10	18

[block]
# block no. 7 follows, 29 sequences, length 9
# corresponding to MSA columns:
# 252-260
name=unknown_H
#
# <colnr> <probs for GDERKNQSTAVLIFYWHMCP>
#	G	D	E	R	K	N	Q	S	T	A	V	L	I	F	Y	W	H	M	C	P
0	0.02340	0.01777	0.01940	0.01464	0.02053	0.01832	0.01201	0.48343	0.02789	0.03841	0.01577	0.01640	0.01164	0.00757	0.00657	0.00181	0.00707	0.00576	0.00626	0.24535
1	0.01799	0.01341	0.01381	0.03385	0.01633	0.10343	0.00944	0.04773	0.05127	0.15471	0.17383	0.08164	0.09108	0.03086	0.00818	0.00225	0.00611	0.02972	0.00649	0.10787
2	0.01621	0.01653	0.02981	0.19438	0.10238	0.01851	0.26051	0.04768	0.01534	0.02124	0.01272	0.01799	0.01023	0.00805	0.01170	0.00254	0.19459	0.00707	0.00351	0.00902
3	0.17394	0.04198	0.01780	0.01426	0.01878	0.09059	0.01152	0.23390	0.14631	0.09894	0.01853	0.04163	0.01421	0.00881	0.00719	0.00222	0.03657	0.00647	0.00612	0.01023
4	0.02640	0.01883	0.02051	0.01566	0.02140	0.02029	0.01292	0.58455	0.03109	0.08752	0.01747	0.01738	0.01235	0.00830	0.00698	0.00205	0.00751	0.00628	0.00700	0.07552
5	0.02020	0.01693	0.01704	0.01298	0.01877	0.10250	0.01038	0.16740	0.01999	0.07557	0.01452	0.01570	0.01122	0.00651	0.00596	0.00147	0.00685	0.00496	0.00512	0.46594
6	0.70035	0.01332	0.01093	0.00982	0.01412	0.01513	0.00813	0.02146	0.01293	0.07628	0.01284	0.01666	0.01043	0.00756	0.00492	0.00227	0.00561	0.04448	0.00483	0.00793
7	0.10298	0.01416	0.01893	0.07896	0.02189	0.05680	0.13360	0.06100	0.06544	0.02622	0.19317	0.03113	0.05997	0.00985	0.00735	0.00221	0.00705	0.03108	0.00551	0.07271
8	0.01826	0.63605	0.14844	0.01352	0.02034	0.02626	0.01451	0.02152	0.01456	0.01771	0.01037	0.01202	0.00912	0.00620	0.00493	0.00164	0.00809	0.00405	0.00304	0.00937

[dist]
# distance from previous block
# <min> <max>
0	1

[block]
# block no. 8 follows, 29 sequences, length 11
# corresponding to MSA columns:
# 262-272
name=unknown_I
#
# <colnr> <probs for GDERKNQSTAVLIFYWHMCP>
#	G	D	E	R	K	N	Q	S	T	A	V	L	I	F	Y	W	H	M	C	P
0	0.01468	0.00839	0.01142	0.06231	0.01498	0.00792	0.00848	0.01712	0.01702	0.17390	0.21376	0.27644	0.06834	0.03864	0.00918	0.00265	0.00488	0.03520	0.00711	0.00758
1	0.01340	0.00804	0.01042	0.00939	0.01174	0.00725	0.00720	0.01652	0.01984	0.13596	0.53811	0.04997	0.11638	0.01396	0.00820	0.00225	0.00381	0.01216	0.00788	0.00751
2	0.06601	0.01667	0.01945	0.01735	0.08050	0.01801	0.01291	0.40224	0.02602	0.12864	0.01986	0.09349	0.01607	0.00988	0.00785	0.00227	0.03734	0.00780	0.00667	0.01096
3	0.02204	0.01745	0.01854	0.01537	0.02017	0.01973	0.01232	0.33567	0.38759	0.03677	0.02348	0.02219	0.01728	0.00915	0.00719	0.00229	0.00665	0.00729	0.00719	0.01166
4	0.01477	0.01266	0.01477	0.01055	0.01687	0.00949	0.00844	0.01793	0.01477	0.02320	0.01266	0.01477	0.01055	0.00527	0.00527	0.00105	0.00527	0.00422	0.00422	0.79328
5	0.01237	0.00618	0.00928	0.00928	0.00928	0.00618	0.00618	0.00928	0.00928	0.01237	0.01237	0.02165	0.01237	0.02474	0.02783	0.79283	0.00618	0.00618	0.00309	0.00309
6	0.02443	0.01797	0.01949	0.01546	0.02040	0.01974	0.01254	0.58522	0.03063	0.04105	0.02027	0.12155	0.01713	0.01052	0.00741	0.00225	0.00730	0.00840	0.00705	0.01120
7	0.16268	0.02320	0.01780	0.01545	0.01938	0.30530	0.01212	0.16443	0.07025	0.02683	0.01665	0.01777	0.04843	0.00859	0.00760	0.00213	0.06162	0.00579	0.00492	0.00904
8	0.01732	0.01717	0.02657	0.19834	0.50753	0.06693	0.02080	0.02149	0.01605	0.02170	0.01306	0.01759	0.01072	0.00659	0.00702	0.00215	0.00901	0.00622	0.00345	0.01030
9	0.09528	0.01277	0.02022	0.65740	0.04537	0.01584	0.01852	0.01848	0.01402	0.01962	0.01237	0.01821	0.00931	0.00707	0.00684	0.00236	0.00908	0.00607	0.00329	0.00789
10	0.10598	0.01293	0.01538	0.01218	0.01708	0.01241	0.00992	0.12843	0.04297	0.35915	0.10126	0.02592	0.04408	0.00925	0.00690	0.00212	0.00581	0.00741	0.00749	0.07332

[dist]
# distance from previous block
# <min> <max>
0	1

[block]
# block no. 9 follows, 29 sequences, length 43
# corresponding to MSA columns:
# 274-316
name=unknown_J
#
# <colnr> <probs for GDERKNQSTAVLIFYWHMCP>
#	G	D	E	R	K	N	Q	S	T	A	V	L	I	F	Y	W	H	M	C	P
0	0.01966	0.01483	0.01641	0.01320	0.01719	0.01572	0.01030	0.33960	0.05781	0.03145	0.01862	0.04246	0.01647	0.18116	0.02898	0.00333	0.03009	0.00744	0.00583	0.12943
1	0.08526	0.01401	0.01701	0.01426	0.01813	0.03224	0.02681	0.05339	0.16059	0.28778	0.02374	0.06115	0.01823	0.01035	0.00963	0.00245	0.11731	0.03066	0.00675	0.01025
2	0.01861	0.01829	0.02683	0.11149	0.53090	0.08512	0.02037	0.06075	0.01740	0.02344	0.01330	0.01727	0.01094	0.00665	0.00700	0.00212	0.00895	0.00618	0.00371	0.01068
3	0.01579	0.18229	0.46684	0.02225	0.13286	0.01901	0.02269	0.02219	0.01510	0.02146	0.01228	0.01469	0.00940	0.00656	0.00635	0.00208	0.00960	0.00513	0.00310	0.01035
4	0.00855	0.00726	0.00741	0.00748	0.00985	0.00611	0.00568	0.01042	0.01624	0.01933	0.07058	0.06906	0.67248	0.01811	0.00848	0.00244	0.00374	0.04412	0.00661	0.00604
5	0.02080	0.01327	0.01651	0.03950	0.01927	0.01389	0.03599	0.06796	0.29178	0.22554	0.02964	0.08190	0.04369	0.01102	0.00761	0.00243	0.00615	0.05528	0.00730	0.01048
6	0.02098	0.01692	0.01794	0.01515	0.01976	0.01924	0.01206	0.26244	0.46255	0.03505	0.02483	0.02326	0.01838	0.00927	0.00720	0.00232	0.00640	0.00748	0.00720	0.01156
7	0.01423	0.03443	0.64584	0.02082	0.06132	0.01607	0.02512	0.02206	0.01534	0.02288	0.04715	0.01706	0.01203	0.00713	0.00686	0.00225	0.01007	0.00569	0.00327	0.01037
8	0.01463	0.08866	0.66404	0.01971	0.02991	0.01738	0.02529	0.02246	0.01499	0.02213	0.01257	0.01477	0.00903	0.00672	0.00661	0.00220	0.01031	0.00516	0.00301	0.01042
9	0.01688	0.10153	0.14360	0.03038	0.22191	0.01858	0.31884	0.02234	0.01611	0.02224	0.01337	0.01725	0.01047	0.00623	0.00735	0.00220	0.01030	0.00683	0.00343	0.01017
10	0.00899	0.00633	0.00817	0.00951	0.00985	0.00599	0.00618	0.01000	0.01302	0.01736	0.03610	0.61427	0.04312	0.15856	0.01417	0.00364	0.00465	0.01839	0.00618	0.00551
11	0.01428	0.03683	0.71286	0.02030	0.03082	0.01654	0.02631	0.02255	0.01503	0.02255	0.01278	0.01503	0.00902	0.00677	0.00677	0.00226	0.01052	0.00526	0.00301	0.01052
12	0.01575	0.01656	0.03233	0.21945	0.13635	0.01726	0.34292	0.02073	0.01553	0.02112	0.01398	0.03489	0.01123	0.00718	0.00896	0.00241	0.06301	0.00765	0.00350	0.00918
13	0.01007	0.00678	0.00785	0.00813	0.00821	0.00671	0.00471	0.01028	0.01092	0.01456	0.02532	0.16646	0.02953	0.62493	0.03158	0.00622	0.00643	0.01205	0.00471	0.00457
14	0.00868	0.00620	0.00826	0.00991	0.01033	0.00578	0.00661	0.00991	0.01363	0.01818	0.03925	0.74510	0.04710	0.02231	0.00909	0.00289	0.00413	0.02024	0.00661	0.00578
15	0.03076	0.01238	0.01649	0.01282	0.01821	0.01107	0.01053	0.03496	0.07633	0.65361	0.02817	0.02443	0.01797	0.00888	0.00717	0.00222	0.00602	0.00723	0.00868	0.01205
16	0.01601	0.29673	0.46806	0.01736	0.02627	0.02075	0.02119	0.02211	0.01483	0.02045	0.01174	0.01373	0.00906	0.00652	0.00597	0.00199	0.00947	0.00473	0.00302	0.01002
17	0.00983	0.00733	0.00917	0.00889	0.01072	0.00668	0.00678	0.01285	0.01905	0.02605	0.51994	0.05841	0.20019	0.01566	0.00851	0.00235	0.00364	0.05991	0.00749	0.00656
18	0.01911	0.70701	0.06021	0.01265	0.01883	0.04910	0.01272	0.02158	0.01466	0.01697	0.01003	0.01159	0.00913	0.00615	0.00470	0.00156	0.00788	0.00388	0.00306	0.00916
19	0.01474	0.06809	0.63263	0.02162	0.07899	0.01710	0.02534	0.02244	0.01509	0.02234	0.01269	0.01506	0.00919	0.00670	0.00669	0.00221	0.01024	0.00527	0.00305	0.01051
20	0.01639	0.01561	0.02638	0.23088	0.50348	0.01638	0.02085	0.02072	0.01563	0.02188	0.01317	0.01790	0.01077	0.00652	0.00701	0.00215	0.00864	0.00627	0.00345	0.03593
21	0.00871	0.00718	0.00751	0.00767	0.00976	0.00617	0.00568	0.01042	0.01568	0.01889	0.06523	0.10262	0.58863	0.07121	0.01053	0.00280	0.00401	0.04497	0.00644	0.00590
22	0.02012	0.01706	0.01721	0.01498	0.01929	0.05944	0.01176	0.14198	0.52872	0.04885	0.02597	0.02416	0.01933	0.00932	0.00718	0.00233	0.00643	0.00756	0.00706	0.01125
23	0.05127	0.06041	0.62568	0.01994	0.02987	0.01699	0.05452	0.02244	0.01496	0.02280	0.01262	0.01493	0.00904	0.00670	0.00665	0.00223	0.01025	0.00529	0.00310	0.01030
24	0.02653	0.01968	0.02107	0.01628	0.02188	0.02183	0.01340	0.64477	0.07118	0.04401	0.01778	0.01764	0.01266	0.00861	0.00713	0.00215	0.00771	0.00650	0.00713	0.01206
25	0.05426	0.01231	0.01632	0.01265	0.01806	0.01096	0.01042	0.03443	0.05078	0.65896	0.02759	0.02396	0.01752	0.00879	0.00708	0.00221	0.00602	0.00710	0.00861	0.01195
26	0.54200	0.01781	0.09558	0.01215	0.01756	0.01735	0.01115	0.16252	0.01703	0.03361	0.01179	0.01316	0.00881	0.00704	0.00527	0.00220	0.00660	0.00457	0.00482	0.00898
27	0.01702	0.01630	0.02781	0.14326	0.61049	0.01676	0.02155	0.02132	0.01593	0.02253	0.01329	0.01782	0.01102	0.00646	0.00706	0.00215	0.00861	0.00634	0.00347	0.01079
28	0.00943	0.00674	0.00912	0.01070	0.01147	0.00643	0.00785	0.01126	0.01455	0.01931	0.06046	0.55319	0.04619	0.02138	0.00926	0.00297	0.00472	0.18232	0.00664	0.00601
29	0.04371	0.01370	0.01752	0.07946	0.04540	0.01381	0.01199	0.15361	0.08116	0.36506	0.04817	0.05598	0.01885	0.00936	0.00722	0.00225	0.00656	0.00772	0.00742	0.01105
30	0.01771	0.01530	0.01610	0.01449	0.01852	0.01771	0.01127	0.03784	0.69247	0.02979	0.02898	0.02657	0.02174	0.00966	0.00725	0.00242	0.00564	0.00805	0.00725	0.01127
31	0.01477	0.01266	0.01477	0.01055	0.01687	0.00949	0.00844	0.01793	0.01477	0.02320	0.01266	0.01477	0.01055	0.00527	0.00527	0.00105	0.00527	0.00422	0.00422	0.79328
32	0.01477	0.01266	0.01477	0.01055	0.01687	0.00949	0.00844	0.01793	0.01477	0.02320	0.01266	0.01477	0.01055	0.00527	0.00527	0.00105	0.00527	0.00422	0.00422	0.79328
33	0.01538	0.01302	0.01509	0.01084	0.01713	0.01012	0.00869	0.05101	0.01570	0.02428	0.01288	0.01488	0.01062	0.00544	0.00537	0.00111	0.00540	0.00433	0.00436	0.75434
34	0.01950	0.01619	0.01711	0.01485	0.01920	0.01855	0.01170	0.16094	0.56645	0.03267	0.02671	0.02476	0.01990	0.00945	0.00722	0.00236	0.00606	0.00774	0.00722	0.01143
35	0.01161	0.00877	0.01068	0.06161	0.01441	0.00852	0.00809	0.04056	0.05685	0.04857	0.27577	0.07965	0.28440	0.01512	0.00825	0.00239	0.00449	0.04619	0.00692	0.00717
36	0.27093	0.01698	0.01701	0.11076	0.04650	0.07865	0.01203	0.19651	0.01935	0.03059	0.01284	0.01486	0.00982	0.00704	0.00590	0.00199	0.00738	0.00508	0.00484	0.13095
