[name]
unknown

[dist]
# distance from previous block
# <min> <max>
13	87

[block]
# block no. 0 follows, 31 sequences, length 84
# corresponding to MSA columns:
# 102-185
name=unknown_A
#
# <colnr> <probs for GDERKNQSTAVLIFYWHMCP>
#	G	D	E	R	K	N	Q	S	T	A	V	L	I	F	Y	W	H	M	C	P
0	0.04497	0.01190	0.01396	0.04012	0.01699	0.03296	0.03700	0.02355	0.26333	0.05083	0.07353	0.04154	0.09364	0.01207	0.00753	0.00242	0.00582	0.16695	0.03084	0.03006
1	0.01639	0.01591	0.07231	0.01403	0.01860	0.04165	0.03834	0.11368	0.26221	0.02658	0.03879	0.09527	0.02030	0.00976	0.00692	0.00210	0.00637	0.04356	0.00575	0.15149
2	0.04961	0.03518	0.04526	0.01626	0.08698	0.05925	0.01219	0.20875	0.18144	0.04975	0.01966	0.02198	0.01535	0.00998	0.03369	0.00241	0.00717	0.03168	0.10363	0.00979
3	0.09161	0.39678	0.09831	0.01262	0.01842	0.04369	0.01224	0.02314	0.10776	0.04738	0.01323	0.01412	0.01072	0.00650	0.00515	0.00171	0.00706	0.00454	0.00393	0.08109
4	0.04114	0.10704	0.24062	0.04317	0.02256	0.01583	0.05414	0.09561	0.04300	0.06885	0.08073	0.02175	0.01686	0.00813	0.00693	0.00208	0.02717	0.03154	0.03386	0.03898
5	0.04594	0.01708	0.01952	0.03873	0.02078	0.06391	0.05739	0.35185	0.04854	0.05861	0.01597	0.01767	0.01206	0.01078	0.05381	0.00264	0.06584	0.00615	0.04443	0.04830
6	0.01550	0.05580	0.04767	0.04499	0.28678	0.06610	0.01528	0.02055	0.08283	0.02238	0.13642	0.02805	0.02304	0.00936	0.00811	0.00220	0.05654	0.06476	0.00463	0.00902
7	0.01486	0.01324	0.01685	0.11431	0.07084	0.07188	0.06258	0.04578	0.13162	0.04520	0.17099	0.06915	0.07228	0.01103	0.00752	0.00228	0.00665	0.05903	0.00567	0.00824
8	0.01602	0.01568	0.02590	0.24222	0.47618	0.03884	0.04579	0.02022	0.01518	0.02076	0.01263	0.01722	0.01026	0.00633	0.00682	0.00211	0.00868	0.00611	0.00329	0.00975
9	0.00987	0.00783	0.00897	0.00861	0.01071	0.00739	0.00647	0.01432	0.09797	0.02370	0.35561	0.07986	0.31331	0.01502	0.00797	0.00226	0.00360	0.01290	0.00696	0.00667
10	0.01538	0.01212	0.01431	0.01028	0.01630	0.00919	0.00825	0.01839	0.01458	0.07279	0.01323	0.01484	0.01062	0.00531	0.00520	0.00109	0.00512	0.00426	0.00437	0.74436
11	0.01517	0.01557	0.02430	0.01984	0.02103	0.02033	0.13166	0.01740	0.01145	0.01740	0.00982	0.01557	0.00922	0.01090	0.01997	0.00288	0.62028	0.00635	0.00307	0.00778
12	0.00968	0.00699	0.00914	0.00861	0.01022	0.00646	0.00646	0.01291	0.01937	0.02743	0.71328	0.05110	0.06455	0.01399	0.00807	0.00215	0.00323	0.01237	0.00753	0.00646
13	0.00834	0.00595	0.00794	0.00953	0.00992	0.00556	0.00635	0.00953	0.01310	0.01746	0.03771	0.75510	0.04525	0.02143	0.00873	0.00278	0.00397	0.01945	0.00635	0.00556
14	0.01770	0.01504	0.01586	0.01406	0.01805	0.01734	0.01100	0.08670	0.65307	0.02973	0.02697	0.02483	0.02018	0.00920	0.00695	0.00230	0.00558	0.00761	0.00695	0.01089
15	0.00962	0.00699	0.00906	0.00854	0.01018	0.00643	0.00641	0.01279	0.01922	0.02710	0.68914	0.05166	0.08890	0.01411	0.00807	0.00216	0.00324	0.01245	0.00749	0.00643
16	0.03070	0.01164	0.01588	0.01217	0.01746	0.01006	0.01006	0.03334	0.01958	0.72163	0.02699	0.02329	0.01694	0.00847	0.00688	0.00212	0.00582	0.00688	0.00847	0.01164
17	0.80789	0.01323	0.01006	0.00900	0.01323	0.01535	0.00741	0.02011	0.01164	0.03070	0.00953	0.01111	0.00741	0.00635	0.00423	0.00212	0.00529	0.00370	0.00423	0.00741
18	0.02601	0.01916	0.02053	0.01574	0.02122	0.02122	0.01300	0.69408	0.03217	0.04312	0.01643	0.01643	0.01163	0.00821	0.00684	0.00205	0.00753	0.00616	0.00684	0.01163
19	0.01829	0.76368	0.03585	0.01171	0.01756	0.02707	0.01171	0.02049	0.01390	0.01610	0.00951	0.01097	0.00878	0.00585	0.00439	0.00146	0.00732	0.00366	0.00293	0.00878
20	0.02601	0.01916	0.02053	0.01574	0.02122	0.02122	0.01300	0.69408	0.03217	0.04312	0.01643	0.01643	0.01163	0.00821	0.00684	0.00205	0.00753	0.00616	0.00684	0.01163
21	0.80789	0.01323	0.01006	0.00900	0.01323	0.01535	0.00741	0.02011	0.01164	0.03070	0.00953	0.01111	0.00741	0.00635	0.00423	0.00212	0.00529	0.00370	0.00423	0.00741
22	0.09367	0.01205	0.01558	0.01205	0.01726	0.01091	0.00995	0.05712	0.01941	0.63996	0.02517	0.02204	0.01596	0.00829	0.00666	0.00211	0.00584	0.00659	0.00806	0.01130
23	0.80789	0.01323	0.01006	0.00900	0.01323	0.01535	0.00741	0.02011	0.01164	0.03070	0.00953	0.01111	0.00741	0.00635	0.00423	0.00212	0.00529	0.00370	0.00423	0.00741
24	0.03070	0.01164	0.01588	0.01217	0.01746	0.01006	0.01006	0.03334	0.01958	0.72163	0.02699	0.02329	0.01694	0.00847	0.00688	0.00212	0.00582	0.00688	0.00847	0.01164
25	0.80789	0.01323	0.01006	0.00900	0.01323	0.01535	0.00741	0.02011	0.01164	0.03070	0.00953	0.01111	0.00741	0.00635	0.00423	0.00212	0.00529	0.00370	0.00423	0.00741
26	0.00814	0.00693	0.00700	0.00699	0.00927	0.00580	0.00524	0.00992	0.01572	0.01878	0.09067	0.06535	0.69256	0.01722	0.00809	0.00230	0.00346	0.01437	0.00639	0.00580
27	0.01615	0.01845	0.04037	0.02884	0.03576	0.01730	0.69204	0.02191	0.01615	0.02191	0.01384	0.01845	0.01038	0.00577	0.00807	0.00231	0.01153	0.00807	0.00346	0.00923
28	0.03070	0.01164	0.01588	0.01217	0.01746	0.01006	0.01006	0.03334	0.01958	0.72163	0.02699	0.02329	0.01694	0.00847	0.00688	0.00212	0.00582	0.00688	0.00847	0.01164
29	0.01829	0.76368	0.03585	0.01171	0.01756	0.02707	0.01171	0.02049	0.01390	0.01610	0.00951	0.01097	0.00878	0.00585	0.00439	0.00146	0.00732	0.00366	0.00293	0.00878
30	0.00829	0.00615	0.00774	0.00901	0.00979	0.00560	0.00612	0.00958	0.01360	0.01767	0.04405	0.61683	0.17943	0.02061	0.00860	0.00268	0.00387	0.01844	0.00635	0.00560
31	0.01693	0.01626	0.02777	0.04199	0.71689	0.01626	0.02100	0.02100	0.01558	0.02235	0.01287	0.01693	0.01084	0.00610	0.00677	0.00203	0.00813	0.00610	0.00339	0.01084
32	0.02545	0.01152	0.01490	0.01191	0.01643	0.01069	0.00966	0.06216	0.09015	0.49827	0.14485	0.02798	0.02529	0.00949	0.00709	0.00214	0.00542	0.00788	0.00807	0.01067
33	0.01275	0.00638	0.00638	0.00638	0.00797	0.00638	0.00478	0.01594	0.01435	0.02551	0.02232	0.02551	0.01754	0.00797	0.00478	0.00159	0.00319	0.00638	0.79755	0.00638
34	0.03021	0.01242	0.01636	0.01254	0.01785	0.01121	0.01036	0.10183	0.02089	0.65130	0.02590	0.02257	0.01639	0.00844	0.00688	0.00211	0.00600	0.00681	0.00830	0.01164
35	0.03047	0.01201	0.01610	0.01235	0.01765	0.01060	0.01020	0.06537	0.02019	0.68873	0.02648	0.02295	0.01668	0.00846	0.00688	0.00211	0.00590	0.00685	0.00839	0.01164
36	0.01270	0.01186	0.01991	0.70756	0.04532	0.01473	0.01839	0.01709	0.01365	0.01748	0.01340	0.05396	0.01087	0.00755	0.00693	0.00230	0.00887	0.00673	0.00320	0.00750
37	0.66421	0.01304	0.01195	0.14168	0.01936	0.01532	0.00950	0.01964	0.01201	0.02831	0.01000	0.01240	0.00772	0.00644	0.00470	0.00215	0.00598	0.00413	0.00402	0.00744
38	0.00968	0.00699	0.00914	0.00861	0.01022	0.00646	0.00646	0.01291	0.01937	0.02743	0.71328	0.05110	0.06455	0.01399	0.00807	0.00215	0.00323	0.01237	0.00753	0.00646
39	0.00977	0.00733	0.01100	0.01100	0.01222	0.00855	0.00855	0.01222	0.01100	0.01588	0.01833	0.02688	0.01710	0.05131	0.73245	0.01100	0.01833	0.00733	0.00367	0.00611
40	0.01275	0.00638	0.00638	0.00638	0.00797	0.00638	0.00478	0.01594	0.01435	0.02551	0.02232	0.02551	0.01754	0.00797	0.00478	0.00159	0.00319	0.00638	0.79755	0.00638
41	0.02681	0.01787	0.01973	0.01513	0.02057	0.01929	0.01250	0.58020	0.03000	0.16006	0.01825	0.01761	0.01255	0.00826	0.00685	0.00206	0.00723	0.00628	0.00712	0.01164
42	0.01857	0.01547	0.01634	0.01424	0.01838	0.01774	0.01120	0.14971	0.58865	0.03112	0.02588	0.02396	0.01929	0.00910	0.00694	0.00227	0.00578	0.00746	0.00694	0.01097
43	0.00968	0.00699	0.00914	0.00861	0.01022	0.00646	0.00646	0.01291	0.01937	0.02743	0.71328	0.05110	0.06455	0.01399	0.00807	0.00215	0.00323	0.01237	0.00753	0.00646
44	0.00814	0.00693	0.00701	0.00699	0.00928	0.00580	0.00524	0.00993	0.01573	0.01881	0.09307	0.06530	0.69014	0.01720	0.00809	0.00230	0.00346	0.01436	0.00640	0.00580
45	0.01702	0.01470	0.01547	0.01392	0.01779	0.01702	0.01083	0.03635	0.70453	0.02862	0.02785	0.02553	0.02088	0.00928	0.00696	0.00232	0.00541	0.00773	0.00696	0.01083
46	0.03055	0.01188	0.01602	0.01229	0.01758	0.01041	0.01015	0.05430	0.01998	0.70010	0.02666	0.02307	0.01677	0.00846	0.00688	0.00211	0.00588	0.00686	0.00842	0.01164
47	0.00940	0.00688	0.00883	0.00856	0.01010	0.00630	0.00634	0.01229	0.01839	0.02562	0.58722	0.12559	0.11883	0.01505	0.00814	0.00223	0.00333	0.01329	0.00731	0.00630
48	0.01702	0.01470	0.01547	0.01392	0.01779	0.01702	0.01083	0.03635	0.70453	0.02862	0.02785	0.02553	0.02088	0.00928	0.00696	0.00232	0.00541	0.00773	0.00696	0.01083
49	0.03070	0.01164	0.01588	0.01217	0.01746	0.01006	0.01006	0.03334	0.01958	0.72163	0.02699	0.02329	0.01694	0.00847	0.00688	0.00212	0.00582	0.00688	0.00847	0.01164
50	0.01615	0.01845	0.04037	0.02884	0.03576	0.01730	0.69204	0.02191	0.01615	0.02191	0.01384	0.01845	0.01038	0.00577	0.00807	0.00231	0.01153	0.00807	0.00346	0.00923
51	0.02556	0.03261	0.01939	0.01763	0.02115	0.73210	0.01322	0.02732	0.01939	0.01674	0.01058	0.01234	0.00881	0.00705	0.00617	0.00176	0.01234	0.00441	0.00353	0.00793
52	0.01702	0.01470	0.01547	0.01392	0.01779	0.01702	0.01083	0.03635	0.70453	0.02862	0.02785	0.02553	0.02088	0.00928	0.00696	0.00232	0.00541	0.00773	0.00696	0.01083
53	0.01281	0.00832	0.01179	0.13584	0.01749	0.00828	0.00908	0.01582	0.01728	0.11670	0.37864	0.16893	0.04515	0.01336	0.00782	0.00228	0.00472	0.01183	0.00667	0.00718
54	0.80789	0.01323	0.01006	0.00900	0.01323	0.01535	0.00741	0.02011	0.01164	0.03070	0.00953	0.01111	0.00741	0.00635	0.00423	0.00212	0.00529	0.00370	0.00423	0.00741
55	0.00968	0.00699	0.00914	0.00861	0.01022	0.00646	0.00646	0.01291	0.01937	0.02743	0.71328	0.05110	0.06455	0.01399	0.00807	0.00215	0.00323	0.01237	0.00753	0.00646
56	0.01615	0.01845	0.04037	0.02884	0.03576	0.01730	0.69204	0.02191	0.01615	0.02191	0.01384	0.01845	0.01038	0.00577	0.00807	0.00231	0.01153	0.00807	0.00346	0.00923
57	0.61667	0.06792	0.01371	0.01035	0.01492	0.01720	0.00868	0.13630	0.01534	0.03179	0.01071	0.01202	0.00824	0.00664	0.00469	0.00206	0.00582	0.00412	0.00459	0.00824
58	0.00968	0.00699	0.00914	0.00861	0.01022	0.00646	0.00646	0.01291	0.01937	0.02743	0.71328	0.05110	0.06455	0.01399	0.00807	0.00215	0.00323	0.01237	0.00753	0.00646
59	0.02247	0.10720	0.02164	0.01688	0.02006	0.43176	0.01342	0.08645	0.01801	0.01907	0.01065	0.01315	0.00911	0.00812	0.00963	0.00203	0.17359	0.00484	0.00365	0.00827
60	0.00996	0.00909	0.00860	0.00881	0.01073	0.07205	0.00649	0.01173	0.01566	0.01880	0.10087	0.21257	0.43121	0.01712	0.00810	0.00238	0.00448	0.03918	0.00618	0.00599
61	0.00934	0.00673	0.00884	0.00884	0.01015	0.00623	0.00643	0.01205	0.01777	0.02490	0.54157	0.23004	0.05965	0.01588	0.00824	0.00231	0.00342	0.01417	0.00723	0.00623
62	0.01547	0.01298	0.01514	0.03899	0.01798	0.01091	0.00914	0.08787	0.04338	0.02451	0.01322	0.01502	0.01068	0.00563	0.00539	0.00122	0.00549	0.00449	0.00442	0.65807
63	0.01427	0.05374	0.52889	0.01720	0.02595	0.04225	0.02079	0.02079	0.01474	0.02160	0.03536	0.01542	0.01078	0.00650	0.00622	0.00193	0.00901	0.00506	0.00327	0.14624
64	0.04727	0.53880	0.16778	0.04074	0.02149	0.02366	0.03949	0.02064	0.01399	0.01800	0.01030	0.01220	0.00878	0.00603	0.00502	0.00169	0.00800	0.00418	0.00299	0.00896
65	0.01091	0.00752	0.00832	0.00799	0.00854	0.00757	0.00483	0.05695	0.01189	0.01570	0.02473	0.04438	0.07492	0.65305	0.03092	0.00600	0.00646	0.01002	0.00449	0.00478
66	0.00962	0.00699	0.00906	0.00855	0.01018	0.00643	0.00641	0.01280	0.01923	0.02711	0.68963	0.05165	0.08841	0.01411	0.00807	0.00216	0.00324	0.01245	0.00749	0.00643
67	0.02883	0.01352	0.01721	0.04202	0.01957	0.01302	0.01114	0.19620	0.02246	0.52584	0.02379	0.02139	0.01531	0.00834	0.00687	0.00211	0.00637	0.00667	0.00785	0.01148
68	0.01524	0.05946	0.56480	0.02052	0.05526	0.01612	0.08710	0.02230	0.01493	0.06247	0.01320	0.01531	0.00940	0.00651	0.00660	0.00215	0.00981	0.00544	0.00329	0.01009
69	0.01615	0.01845	0.04037	0.02884	0.03576	0.01730	0.69204	0.02191	0.01615	0.02191	0.01384	0.01845	0.01038	0.00577	0.00807	0.00231	0.01153	0.00807	0.00346	0.00923
70	0.00855	0.00611	0.00819	0.00977	0.01026	0.00574	0.00673	0.00990	0.01331	0.01771	0.03759	0.70059	0.04478	0.02123	0.00879	0.00281	0.00416	0.07182	0.00635	0.00562
71	0.01645	0.01724	0.04840	0.19355	0.43907	0.06388	0.08113	0.02074	0.01543	0.02084	0.01263	0.01698	0.01021	0.00631	0.00686	0.00210	0.00900	0.00613	0.00331	0.00976
72	0.02601	0.01916	0.02053	0.01574	0.02122	0.02122	0.01300	0.69408	0.03217	0.04312	0.01643	0.01643	0.01163	0.00821	0.00684	0.00205	0.00753	0.00616	0.00684	0.01163
73	0.00963	0.00699	0.00907	0.00855	0.01019	0.00643	0.00641	0.01281	0.01924	0.02715	0.69259	0.05158	0.08542	0.01409	0.00807	0.00216	0.00324	0.01244	0.00749	0.00643
74	0.00833	0.00599	0.00790	0.00943	0.00990	0.00557	0.00631	0.00954	0.01319	0.01750	0.03889	0.72927	0.07032	0.02128	0.00871	0.00276	0.00395	0.01926	0.00635	0.00557
75	0.02601	0.01916	0.02053	0.01574	0.02122	0.02122	0.01300	0.69408	0.03217	0.04312	0.01643	0.01643	0.01163	0.00821	0.00684	0.00205	0.00753	0.00616	0.00684	0.01163
76	0.01829	0.76368	0.03585	0.01171	0.01756	0.02707	0.01171	0.02049	0.01390	0.01610	0.00951	0.01097	0.00878	0.00585	0.00439	0.00146	0.00732	0.00366	0.00293	0.00878
77	0.01084	0.00766	0.01041	0.01171	0.01302	0.00766	0.00984	0.01345	0.01475	0.01923	0.03370	0.07159	0.03687	0.14655	0.01382	0.00375	0.00636	0.55694	0.00593	0.00593
78	0.01557	0.02122	0.18072	0.07329	0.02770	0.06992	0.20750	0.02013	0.01431	0.01997	0.01182	0.01578	0.00945	0.00742	0.01037	0.00223	0.17656	0.00602	0.00328	0.10674
79	0.01044	0.00779	0.00974	0.00875	0.01087	0.00690	0.00642	0.01312	0.01693	0.02421	0.47068	0.07176	0.04895	0.11486	0.01124	0.00259	0.00404	0.01088	0.00642	0.14339
80	0.01883	0.66821	0.03378	0.01249	0.01790	0.09134	0.01197	0.02096	0.01427	0.01617	0.00959	0.01125	0.00879	0.00620	0.00524	0.00155	0.03602	0.00382	0.00298	0.00865
81	0.00968	0.00699	0.00914	0.00861	0.01022	0.00646	0.00646	0.01291	0.01937	0.02743	0.71328	0.05110	0.06455	0.01399	0.00807	0.00215	0.00323	0.01237	0.00753	0.00646
82	0.00968	0.00699	0.00914	0.00861	0.01022	0.00646	0.00646	0.01291	0.01937	0.02743	0.71328	0.05110	0.06455	0.01399	0.00807	0.00215	0.00323	0.01237	0.00753	0.00646
83	0.01721	0.01635	0.02754	0.04118	0.69532	0.01641	0.02075	0.04187	0.01609	0.02299	0.01298	0.01692	0.01086	0.00616	0.00678	0.00203	0.00811	0.00610	0.00349	0.01086

[dist]
# distance from previous block
# <min> <max>
0	1

[block]
# block no. 1 follows, 31 sequences, length 89
# corresponding to MSA columns:
# 187-275
name=unknown_B
#
# <colnr> <probs for GDERKNQSTAVLIFYWHMCP>
#	G	D	E	R	K	N	Q	S	T	A	V	L	I	F	Y	W	H	M	C	P
0	0.01731	0.01484	0.01563	0.01398	0.01790	0.01715	0.01090	0.05749	0.68292	0.02908	0.02748	0.02523	0.02059	0.00925	0.00696	0.00231	0.00548	0.00768	0.00696	0.01085
1	0.78234	0.01301	0.00994	0.00891	0.01306	0.01506	0.00732	0.01998	0.01173	0.03053	0.00994	0.01158	0.00773	0.00640	0.00425	0.00210	0.00522	0.00379	0.02972	0.00738
2	0.01102	0.00787	0.01102	0.01260	0.01417	0.00787	0.01102	0.01417	0.01575	0.02047	0.03622	0.07717	0.03937	0.01890	0.00945	0.00315	0.00630	0.67084	0.00630	0.00630
3	0.00834	0.00595	0.00794	0.00953	0.00992	0.00556	0.00635	0.00953	0.01310	0.01746	0.03771	0.75510	0.04525	0.02143	0.00873	0.00278	0.00397	0.01945	0.00635	0.00556
4	0.01419	0.01216	0.01419	0.01013	0.01621	0.00912	0.00811	0.01723	0.01419	0.02229	0.01216	0.01419	0.01013	0.00507	0.00507	0.00101	0.00507	0.00405	0.00405	0.80139
5	0.02538	0.01885	0.02018	0.01561	0.02098	0.02092	0.01285	0.64817	0.07910	0.04210	0.01722	0.01706	0.01228	0.00829	0.00685	0.00207	0.00738	0.00627	0.00685	0.01158
6	0.01224	0.00951	0.01081	0.00995	0.01282	0.00912	0.00752	0.01845	0.17805	0.05152	0.13471	0.17063	0.21144	0.01364	0.00747	0.00219	0.00430	0.01173	0.00643	0.11745
7	0.52211	0.04743	0.10854	0.01188	0.01697	0.07527	0.01097	0.06838	0.04037	0.02855	0.01115	0.01257	0.00855	0.00665	0.00499	0.00207	0.00676	0.00426	0.00423	0.00829
8	0.00846	0.00698	0.00748	0.00764	0.00976	0.00599	0.00583	0.01040	0.01577	0.01924	0.10998	0.09258	0.58491	0.01739	0.00823	0.00239	0.00371	0.07097	0.00643	0.00586
9	0.00957	0.00695	0.00901	0.00857	0.01017	0.00639	0.00640	0.01266	0.01898	0.02670	0.66197	0.07648	0.09167	0.01439	0.00809	0.00218	0.00326	0.01271	0.00744	0.00639
10	0.01658	0.01883	0.12118	0.06557	0.55038	0.01635	0.04825	0.04060	0.01586	0.02265	0.01290	0.01670	0.01048	0.00623	0.00679	0.00207	0.00855	0.00604	0.00341	0.01057
11	0.01150	0.00855	0.01005	0.00933	0.01165	0.00834	0.00710	0.01725	0.14109	0.05411	0.41769	0.04870	0.20087	0.01367	0.00783	0.00222	0.00378	0.01178	0.00720	0.00730
12	0.00839	0.00600	0.00799	0.00949	0.00994	0.00559	0.00636	0.00967	0.01336	0.01788	0.06562	0.72601	0.04605	0.02113	0.00870	0.00275	0.00394	0.01916	0.00640	0.00559
13	0.01227	0.00844	0.01054	0.03902	0.01237	0.00964	0.00796	0.03405	0.01369	0.02161	0.02319	0.21213	0.02267	0.01391	0.03894	0.00258	0.13696	0.00971	0.36375	0.00655
14	0.01624	0.07775	0.07379	0.02813	0.10860	0.01799	0.51008	0.02153	0.01566	0.02133	0.01317	0.01739	0.01017	0.00603	0.00797	0.00222	0.03192	0.00729	0.00337	0.00937
15	0.02158	0.01840	0.01766	0.04435	0.01961	0.13549	0.01183	0.35565	0.07229	0.03138	0.01839	0.02030	0.03876	0.04245	0.00874	0.00226	0.04911	0.00647	0.07574	0.00955
16	0.00832	0.00600	0.00789	0.00940	0.00989	0.00557	0.00630	0.00954	0.01322	0.01751	0.03923	0.72186	0.07751	0.02124	0.00870	0.00276	0.00394	0.01921	0.00635	0.00557
17	0.01770	0.01617	0.02356	0.23536	0.34615	0.04532	0.01828	0.13738	0.04912	0.02461	0.01387	0.01742	0.01086	0.00686	0.00679	0.00211	0.00835	0.00611	0.00405	0.00993
18	0.01490	0.08944	0.48107	0.02391	0.16072	0.01698	0.07592	0.02146	0.01475	0.02137	0.01229	0.01496	0.00923	0.00631	0.00651	0.00209	0.00962	0.00538	0.00303	0.01007
19	0.00991	0.00678	0.00820	0.00820	0.00846	0.00704	0.00507	0.01043	0.01017	0.01382	0.02088	0.04101	0.02324	0.61070	0.18146	0.00755	0.00909	0.00940	0.00404	0.00456
20	0.01484	0.01277	0.01561	0.01120	0.01729	0.01005	0.03761	0.05007	0.01514	0.02328	0.01244	0.01448	0.01022	0.00525	0.00528	0.00112	0.00546	0.00433	0.00416	0.72940
21	0.00968	0.00699	0.00914	0.00861	0.01022	0.00646	0.00646	0.01291	0.01937	0.02743	0.71328	0.05110	0.06455	0.01399	0.00807	0.00215	0.00323	0.01237	0.00753	0.00646
22	0.01495	0.01536	0.02926	0.32140	0.17022	0.01637	0.26796	0.01976	0.01485	0.02002	0.01281	0.01796	0.00991	0.00647	0.00779	0.00227	0.03376	0.00682	0.00326	0.00882
23	0.03070	0.01164	0.01588	0.01217	0.01746	0.01006	0.01006	0.03334	0.01958	0.72163	0.02699	0.02329	0.01694	0.00847	0.00688	0.00212	0.00582	0.00688	0.00847	0.01164
24	0.00833	0.00599	0.00790	0.00942	0.00989	0.00557	0.00630	0.00954	0.01320	0.01751	0.03901	0.72662	0.07288	0.02126	0.00871	0.00276	0.00395	0.01924	0.00635	0.00557
25	0.00968	0.00699	0.00914	0.00861	0.01022	0.00646	0.00646	0.01291	0.01937	0.02743	0.71328	0.05110	0.06455	0.01399	0.00807	0.00215	0.00323	0.01237	0.00753	0.00646
26	0.00968	0.00699	0.00914	0.00861	0.01022	0.00646	0.00646	0.01291	0.01937	0.02743	0.71328	0.05110	0.06455	0.01399	0.00807	0.00215	0.00323	0.01237	0.00753	0.00646
27	0.01829	0.76368	0.03585	0.01171	0.01756	0.02707	0.01171	0.02049	0.01390	0.01610	0.00951	0.01097	0.00878	0.00585	0.00439	0.00146	0.00732	0.00366	0.00293	0.00878
28	0.01419	0.01216	0.01419	0.01013	0.01621	0.00912	0.00811	0.01723	0.01419	0.02229	0.01216	0.01419	0.01013	0.00507	0.00507	0.00101	0.00507	0.00405	0.00405	0.80139
29	0.00968	0.00699	0.00914	0.00861	0.01022	0.00646	0.00646	0.01291	0.01937	0.02743	0.71328	0.05110	0.06455	0.01399	0.00807	0.00215	0.00323	0.01237	0.00753	0.00646
30	0.01102	0.00787	0.01102	0.01260	0.01417	0.00787	0.01102	0.01417	0.01575	0.02047	0.03622	0.07717	0.03937	0.01890	0.00945	0.00315	0.00630	0.67084	0.00630	0.00630
31	0.01017	0.00775	0.01052	0.01124	0.06825	0.00721	0.00756	0.01336	0.01879	0.02639	0.61094	0.04932	0.10528	0.01357	0.00796	0.00215	0.00365	0.01200	0.00711	0.00677
32	0.02623	0.01880	0.02031	0.01557	0.02104	0.02068	0.01286	0.66221	0.03156	0.07584	0.01693	0.01676	0.01189	0.00823	0.00685	0.00206	0.00745	0.00619	0.00692	0.01164
33	0.01776	0.01506	0.01589	0.01407	0.01807	0.01736	0.01101	0.09043	0.64925	0.02981	0.02691	0.02478	0.02012	0.00919	0.00695	0.00230	0.00559	0.00761	0.00695	0.01090
34	0.02601	0.01916	0.02053	0.01574	0.02122	0.02122	0.01300	0.69408	0.03217	0.04312	0.01643	0.01643	0.01163	0.00821	0.00684	0.00205	0.00753	0.00616	0.00684	0.01163
35	0.80789	0.01323	0.01006	0.00900	0.01323	0.01535	0.00741	0.02011	0.01164	0.03070	0.00953	0.01111	0.00741	0.00635	0.00423	0.00212	0.00529	0.00370	0.00423	0.00741
36	0.01736	0.55360	0.03167	0.01346	0.01767	0.02535	0.01262	0.01936	0.01294	0.01620	0.00936	0.01209	0.00884	0.00757	0.00946	0.00189	0.21487	0.00431	0.00295	0.00842
37	0.01050	0.00795	0.00981	0.00924	0.01117	0.00773	0.00701	0.01557	0.10220	0.02678	0.56835	0.04968	0.10376	0.01377	0.00797	0.00221	0.00359	0.02845	0.00735	0.00694
38	0.00834	0.00595	0.00794	0.00953	0.00992	0.00556	0.00635	0.00953	0.01310	0.01746	0.03771	0.75510	0.04525	0.02143	0.00873	0.00278	0.00397	0.01945	0.00635	0.00556
39	0.03048	0.01198	0.01609	0.01233	0.01763	0.01056	0.01019	0.06314	0.02015	0.69103	0.02651	0.02298	0.01670	0.00846	0.00688	0.00211	0.00590	0.00685	0.00839	0.01164
40	0.80789	0.01323	0.01006	0.00900	0.01323	0.01535	0.00741	0.02011	0.01164	0.03070	0.00953	0.01111	0.00741	0.00635	0.00423	0.00212	0.00529	0.00370	0.00423	0.00741
41	0.01731	0.01401	0.01587	0.01162	0.01754	0.01232	0.00940	0.19631	0.01894	0.02780	0.01329	0.01478	0.01053	0.00590	0.00554	0.00129	0.00572	0.00461	0.00479	0.59244
42	0.02489	0.01842	0.01979	0.01540	0.02060	0.02038	0.01263	0.63833	0.05840	0.04144	0.01780	0.04840	0.01345	0.00882	0.00693	0.00209	0.00729	0.00679	0.00683	0.01134
43	0.00892	0.00725	0.00794	0.00772	0.00987	0.00642	0.00580	0.01180	0.04353	0.02162	0.26522	0.05975	0.48793	0.01599	0.00804	0.00226	0.00347	0.01354	0.00674	0.00618
44	0.00835	0.00609	0.00787	0.00921	0.00986	0.00561	0.00623	0.00966	0.01356	0.01788	0.06208	0.65807	0.11884	0.02075	0.00864	0.00271	0.00389	0.01868	0.00639	0.00561
45	0.02386	0.18401	0.02183	0.01339	0.01874	0.01847	0.01143	0.25426	0.10524	0.21478	0.01886	0.01802	0.01345	0.00773	0.00623	0.00192	0.00665	0.00588	0.00627	0.04899
46	0.21102	0.01270	0.03292	0.01085	0.01456	0.01305	0.00890	0.13370	0.12438	0.04962	0.16862	0.03077	0.11748	0.01029	0.00657	0.00216	0.00511	0.00819	0.03072	0.00840
47	0.00975	0.00655	0.00752	0.00771	0.00776	0.00650	0.00441	0.00990	0.01033	0.01378	0.02352	0.13135	0.02736	0.66960	0.03164	0.00616	0.00631	0.01111	0.00441	0.00432
48	0.01264	0.01182	0.02009	0.61006	0.06172	0.01421	0.04468	0.01685	0.01377	0.01780	0.01518	0.10269	0.01336	0.00845	0.00710	0.00233	0.00860	0.00769	0.00345	0.00752
49	0.04984	0.06354	0.63735	0.01956	0.05437	0.01634	0.02375	0.02152	0.01434	0.02187	0.01206	0.01425	0.00870	0.00645	0.00632	0.00213	0.00970	0.00498	0.00297	0.00996
50	0.01435	0.05901	0.54828	0.11658	0.03143	0.04411	0.05080	0.02129	0.01458	0.02071	0.01216	0.01490	0.00881	0.00651	0.00652	0.00215	0.01002	0.00524	0.00296	0.00960
51	0.00834	0.00595	0.00794	0.00953	0.00992	0.00556	0.00635	0.00953	0.01310	0.01746	0.03771	0.75510	0.04525	0.02143	0.00873	0.00278	0.00397	0.01945	0.00635	0.00556
52	0.00855	0.00605	0.00787	0.00925	0.00959	0.00570	0.00605	0.00958	0.01267	0.01690	0.03553	0.65923	0.04250	0.12106	0.01225	0.00330	0.00433	0.01817	0.00605	0.00537
53	0.01419	0.01216	0.01419	0.01013	0.01621	0.00912	0.00811	0.01723	0.01419	0.02229	0.01216	0.01419	0.01013	0.00507	0.00507	0.00101	0.00507	0.00405	0.00405	0.80139
54	0.01033	0.00753	0.01012	0.01149	0.01303	0.00733	0.00971	0.01307	0.01544	0.01987	0.04092	0.14995	0.13252	0.01896	0.00918	0.00299	0.00566	0.50943	0.00631	0.00615
55	0.02957	0.01189	0.01584	0.01232	0.01749	0.01063	0.01012	0.03359	0.07589	0.66465	0.02706	0.02347	0.01726	0.00853	0.00689	0.00213	0.00579	0.00695	0.00834	0.01158
56	0.01852	0.69193	0.06335	0.01237	0.01826	0.06678	0.01235	0.02092	0.01424	0.01636	0.00969	0.01120	0.00878	0.00595	0.00458	0.00151	0.00772	0.00376	0.00296	0.00879
57	0.00811	0.00684	0.00702	0.00716	0.00930	0.00576	0.00530	0.00979	0.01537	0.01839	0.06651	0.12681	0.65495	0.01769	0.00814	0.00235	0.00351	0.01488	0.00635	0.00576
58	0.01004	0.00712	0.00875	0.00832	0.01023	0.00637	0.00624	0.01274	0.01805	0.05297	0.47562	0.08320	0.24497	0.01501	0.00805	0.00222	0.00343	0.01302	0.00719	0.00644
59	0.01702	0.01470	0.01547	0.01392	0.01779	0.01702	0.01083	0.03635	0.70453	0.02862	0.02785	0.02553	0.02088	0.00928	0.00696	0.00232	0.00541	0.00773	0.00696	0.01083
60	0.01419	0.01216	0.01419	0.01013	0.01621	0.00912	0.00811	0.01723	0.01419	0.02229	0.01216	0.01419	0.01013	0.00507	0.00507	0.00101	0.00507	0.00405	0.00405	0.80139
61	0.02556	0.03261	0.01939	0.01763	0.02115	0.73210	0.01322	0.02732	0.01939	0.01674	0.01058	0.01234	0.00881	0.00705	0.00617	0.00176	0.01234	0.00441	0.00353	0.00793
62	0.00857	0.00638	0.00799	0.00880	0.00985	0.00580	0.00614	0.01032	0.01496	0.01982	0.18996	0.46196	0.18646	0.01899	0.00846	0.00255	0.00371	0.01690	0.00661	0.00580
63	0.01676	0.01608	0.02746	0.07200	0.68823	0.01621	0.02091	0.02085	0.01550	0.02214	0.01284	0.01699	0.01076	0.00613	0.00678	0.00204	0.00817	0.00610	0.00337	0.01070
64	0.01372	0.03539	0.72412	0.01950	0.02961	0.01589	0.02528	0.02167	0.01444	0.02167	0.01228	0.01444	0.00867	0.00650	0.00650	0.00217	0.01011	0.00506	0.00289	0.01011
65	0.03018	0.01176	0.01586	0.01224	0.01748	0.01032	0.01008	0.03346	0.04549	0.69542	0.02702	0.02337	0.01708	0.00850	0.00688	0.00212	0.00581	0.00691	0.00841	0.01161
66	0.02601	0.01916	0.02053	0.01574	0.02122	0.02122	0.01300	0.69408	0.03217	0.04312	0.01643	0.01643	0.01163	0.00821	0.00684	0.00205	0.00753	0.00616	0.00684	0.01163
67	0.02656	0.01076	0.01462	0.01165	0.01621	0.00940	0.00956	0.02932	0.01936	0.58250	0.13155	0.03011	0.02524	0.00981	0.00718	0.00217	0.00545	0.03974	0.00822	0.01060
68	0.00834	0.00595	0.00794	0.00953	0.00992	0.00556	0.00635	0.00953	0.01310	0.01746	0.03771	0.75510	0.04525	0.02143	0.00873	0.00278	0.00397	0.01945	0.00635	0.00556
69	0.00834	0.00595	0.00794	0.00953	0.00992	0.00556	0.00635	0.00953	0.01310	0.01746	0.03771	0.75510	0.04525	0.02143	0.00873	0.00278	0.00397	0.01945	0.00635	0.00556
70	0.68663	0.10499	0.01349	0.00961	0.01401	0.04002	0.00812	0.02039	0.01217	0.02847	0.00956	0.01114	0.00762	0.00631	0.00432	0.00203	0.00577	0.00372	0.00405	0.00759
71	0.66869	0.06584	0.01233	0.00956	0.01385	0.04229	0.00796	0.02083	0.01249	0.05756	0.01066	0.01207	0.00825	0.00648	0.00444	0.00204	0.00565	0.00394	0.02742	0.00767
72	0.01057	0.00775	0.01065	0.03914	0.01318	0.00739	0.02773	0.01342	0.01696	0.04101	0.34881	0.09655	0.12997	0.05415	0.00972	0.00266	0.00468	0.15261	0.00661	0.00643
73	0.01480	0.01449	0.02439	0.12748	0.06628	0.01355	0.22430	0.01890	0.01462	0.02118	0.01257	0.01632	0.01004	0.00594	0.00720	0.00176	0.04365	0.00582	0.00363	0.35307
74	0.00858	0.00636	0.00806	0.00917	0.01011	0.00583	0.00646	0.01018	0.01427	0.01868	0.09878	0.51942	0.17362	0.01987	0.00860	0.00266	0.00397	0.06319	0.00644	0.00572
75	0.01484	0.02688	0.40957	0.02510	0.19271	0.04005	0.09549	0.02102	0.01522	0.02179	0.04054	0.03908	0.01265	0.00708	0.00685	0.00215	0.00942	0.00633	0.00338	0.00983
76	0.01838	0.01537	0.01624	0.01420	0.01831	0.01765	0.01116	0.13614	0.60253	0.03082	0.02611	0.02414	0.01948	0.00912	0.00694	0.00228	0.00574	0.00750	0.00694	0.01095
77	0.00922	0.00694	0.00852	0.00819	0.00995	0.00625	0.00612	0.01199	0.01817	0.02476	0.52217	0.07681	0.23561	0.01510	0.00809	0.00221	0.00331	0.01314	0.00718	0.00625
78	0.02790	0.06774	0.01919	0.01360	0.01900	0.01582	0.01138	0.30255	0.02433	0.39450	0.02144	0.01961	0.01419	0.00818	0.00669	0.00204	0.00662	0.00636	0.00741	0.01144
79	0.01779	0.68414	0.11102	0.01256	0.01888	0.02585	0.01319	0.02061	0.01396	0.01670	0.00981	0.01135	0.00877	0.00592	0.00462	0.00154	0.00762	0.00381	0.00292	0.00893
80	0.01092	0.00780	0.01091	0.01248	0.01401	0.00779	0.01085	0.01400	0.01565	0.02036	0.03628	0.10298	0.03960	0.01900	0.00942	0.00314	0.00621	0.64604	0.00630	0.00627
81	0.01299	0.01188	0.01958	0.66444	0.04331	0.01483	0.01788	0.01734	0.01360	0.01798	0.01272	0.01860	0.00968	0.00712	0.00732	0.00226	0.03807	0.00610	0.05679	0.00751
82	0.02298	0.01694	0.01856	0.01480	0.01940	0.01893	0.01205	0.48459	0.12721	0.06086	0.01851	0.01932	0.01378	0.02924	0.04003	0.00263	0.03726	0.00656	0.02558	0.01079
83	0.03070	0.01164	0.01588	0.01217	0.01746	0.01006	0.01006	0.03334	0.01958	0.72163	0.02699	0.02329	0.01694	0.00847	0.00688	0.00212	0.00582	0.00688	0.00847	0.01164
84	0.02986	0.01146	0.01561	0.01203	0.01718	0.00991	0.00991	0.03253	0.01957	0.69402	0.05429	0.02439	0.01883	0.00869	0.00693	0.00212	0.00572	0.00710	0.00843	0.01144
85	0.01665	0.01590	0.02676	0.09030	0.64155	0.01621	0.02045	0.02137	0.04316	0.02226	0.01342	0.01737	0.01112	0.00628	0.00679	0.00206	0.00809	0.00616	0.00351	0.01061
86	0.01573	0.00962	0.01186	0.01125	0.01351	0.00952	0.00834	0.15379	0.01810	0.14148	0.03154	0.48034	0.03359	0.01654	0.00803	0.00252	0.00501	0.01461	0.00681	0.00783
87	0.00821	0.00644	0.00744	0.00823	0.00958	0.00567	0.00578	0.00967	0.01434	0.01797	0.05348	0.41102	0.37915	0.01938	0.00841	0.00254	0.00372	0.01695	0.00635	0.00567
88	0.01477	0.01468	0.02058	0.01770	0.01774	0.02048	0.01472	0.01630	0.01050	0.01644	0.00934	0.01542	0.00929	0.01347	0.04948	0.00330	0.71930	0.00604	0.00302	0.00743

[dist]
# distance from previous block
# <min> <max>
0	1

[block]
# block no. 2 follows, 31 sequences, length 103
# corresponding to MSA columns:
# 277-379
name=unknown_C
#
# <colnr> <probs for GDERKNQSTAVLIFYWHMCP>
#	G	D	E	R	K	N	Q	S	T	A	V	L	I	F	Y	W	H	M	C	P
0	0.01899	0.42185	0.13346	0.01590	0.02218	0.11532	0.10338	0.02246	0.01531	0.05722	0.01160	0.01333	0.00943	0.00624	0.00555	0.00175	0.00885	0.00472	0.00338	0.00908
1	0.01005	0.00754	0.01002	0.01165	0.03502	0.00722	0.00904	0.01246	0.01502	0.01933	0.04202	0.20896	0.17512	0.03910	0.00964	0.00297	0.00533	0.36721	0.00617	0.00613
2	0.80789	0.01323	0.01006	0.00900	0.01323	0.01535	0.00741	0.02011	0.01164	0.03070	0.00953	0.01111	0.00741	0.00635	0.00423	0.00212	0.00529	0.00370	0.00423	0.00741
3	0.01536	0.01252	0.01458	0.01050	0.01652	0.00980	0.00843	0.05427	0.01533	0.04619	0.01287	0.01460	0.01044	0.00535	0.00522	0.00111	0.00522	0.00426	0.00435	0.73306
4	0.01350	0.01284	0.02198	0.63679	0.12849	0.01539	0.03885	0.01804	0.01398	0.01820	0.01230	0.01809	0.00937	0.00672	0.00687	0.00225	0.00907	0.00614	0.00309	0.00804
5	0.02180	0.02568	0.01727	0.01567	0.01853	0.50338	0.01169	0.04676	0.05943	0.01781	0.01358	0.01856	0.01224	0.11787	0.03413	0.00286	0.04559	0.00564	0.00391	0.00760
6	0.00968	0.00699	0.00914	0.00861	0.01022	0.00646	0.00646	0.01291	0.01937	0.02743	0.71328	0.05110	0.06455	0.01399	0.00807	0.00215	0.00323	0.01237	0.00753	0.00646
7	0.00833	0.00598	0.00791	0.00944	0.00990	0.00556	0.00631	0.00954	0.01318	0.01750	0.03871	0.73329	0.06641	0.02130	0.00871	0.00276	0.00395	0.01929	0.00635	0.00556
8	0.00963	0.00699	0.00907	0.00855	0.01019	0.00643	0.00641	0.01280	0.01923	0.02712	0.69034	0.05163	0.08769	0.01411	0.00807	0.00216	0.00324	0.01245	0.00749	0.00643
9	0.01693	0.01626	0.02777	0.04199	0.71689	0.01626	0.02100	0.02100	0.01558	0.02235	0.01287	0.01693	0.01084	0.00610	0.00677	0.00203	0.00813	0.00610	0.00339	0.01084
10	0.80789	0.01323	0.01006	0.00900	0.01323	0.01535	0.00741	0.02011	0.01164	0.03070	0.00953	0.01111	0.00741	0.00635	0.00423	0.00212	0.00529	0.00370	0.00423	0.00741
11	0.80789	0.01323	0.01006	0.00900	0.01323	0.01535	0.00741	0.02011	0.01164	0.03070	0.00953	0.01111	0.00741	0.00635	0.00423	0.00212	0.00529	0.00370	0.00423	0.00741
12	0.01829	0.76368	0.03585	0.01171	0.01756	0.02707	0.01171	0.02049	0.01390	0.01610	0.00951	0.01097	0.00878	0.00585	0.00439	0.00146	0.00732	0.00366	0.00293	0.00878
13	0.00834	0.00595	0.00794	0.00953	0.00992	0.00556	0.00635	0.00953	0.01310	0.01746	0.03771	0.75510	0.04525	0.02143	0.00873	0.00278	0.00397	0.01945	0.00635	0.00556
14	0.01419	0.01216	0.01419	0.01013	0.01621	0.00912	0.00811	0.01723	0.01419	0.02229	0.01216	0.01419	0.01013	0.00507	0.00507	0.00101	0.00507	0.00405	0.00405	0.80139
15	0.08194	0.35078	0.02521	0.01286	0.01803	0.14095	0.01130	0.06401	0.01716	0.19703	0.01451	0.01464	0.01091	0.00689	0.00545	0.00176	0.00765	0.00475	0.00475	0.00942
16	0.02601	0.01916	0.02053	0.01574	0.02122	0.02122	0.01300	0.69408	0.03217	0.04312	0.01643	0.01643	0.01163	0.00821	0.00684	0.00205	0.00753	0.00616	0.00684	0.01163
17	0.01567	0.01136	0.01312	0.01196	0.01466	0.01183	0.00922	0.26857	0.02077	0.02821	0.04729	0.34226	0.03009	0.01481	0.00774	0.00240	0.00547	0.06380	0.04361	0.03720
18	0.01835	0.71879	0.05801	0.01213	0.01806	0.04690	0.01220	0.02072	0.01408	0.01630	0.00963	0.01113	0.00878	0.00591	0.00451	0.00149	0.00755	0.00373	0.00294	0.00880
19	0.02971	0.01323	0.01686	0.01293	0.01826	0.01241	0.01068	0.17276	0.02224	0.57846	0.02476	0.02184	0.01582	0.00841	0.00687	0.00210	0.00618	0.00673	0.00813	0.01164
20	0.00946	0.00698	0.00884	0.00838	0.01009	0.00636	0.00628	0.01249	0.01885	0.02621	0.62515	0.05312	0.15344	0.01444	0.00807	0.00217	0.00326	0.01266	0.00737	0.00636
21	0.01829	0.76368	0.03585	0.01171	0.01756	0.02707	0.01171	0.02049	0.01390	0.01610	0.00951	0.01097	0.00878	0.00585	0.00439	0.00146	0.00732	0.00366	0.00293	0.00878
22	0.00894	0.00696	0.00812	0.00783	0.00977	0.00614	0.00587	0.01148	0.01762	0.02330	0.41576	0.05791	0.36466	0.01553	0.00808	0.00222	0.00334	0.01333	0.00699	0.00614
23	0.00976	0.00664	0.00791	0.00808	0.00826	0.00673	0.00488	0.01016	0.01041	0.01401	0.02293	0.11931	0.02620	0.60072	0.11013	0.00671	0.00765	0.01068	0.00433	0.00452
24	0.00991	0.00680	0.00829	0.00829	0.00858	0.00708	0.00518	0.01048	0.01019	0.01388	0.02080	0.04057	0.02305	0.59346	0.19844	0.00766	0.00937	0.00933	0.00403	0.00461
25	0.01927	0.66529	0.03363	0.01250	0.01804	0.12195	0.01191	0.02141	0.01464	0.01618	0.00965	0.01116	0.00878	0.00601	0.00463	0.00150	0.00799	0.00376	0.00301	0.00867
26	0.80789	0.01323	0.01006	0.00900	0.01323	0.01535	0.00741	0.02011	0.01164	0.03070	0.00953	0.01111	0.00741	0.00635	0.00423	0.00212	0.00529	0.00370	0.00423	0.00741
27	0.01676	0.09014	0.21923	0.02794	0.31686	0.09531	0.04099	0.02141	0.01550	0.02095	0.03699	0.01640	0.01166	0.00677	0.00706	0.00204	0.03513	0.00569	0.00336	0.00981
28	0.01763	0.34505	0.23165	0.04935	0.02289	0.11330	0.01621	0.04973	0.01557	0.01934	0.03027	0.01397	0.01043	0.00677	0.00614	0.00184	0.03285	0.00470	0.00329	0.00902
29	0.00966	0.00658	0.00756	0.00776	0.00807	0.00648	0.00466	0.01011	0.01095	0.01462	0.02732	0.13691	0.08130	0.56529	0.04888	0.00579	0.00629	0.01135	0.02585	0.00457
30	0.01147	0.00982	0.01424	0.01326	0.01409	0.01259	0.01064	0.01360	0.01083	0.01607	0.01528	0.02300	0.01446	0.03850	0.50116	0.00839	0.25572	0.00689	0.00345	0.00656
31	0.01403	0.06894	0.66671	0.01948	0.02927	0.01647	0.04913	0.02162	0.01448	0.02141	0.01221	0.01443	0.00873	0.00644	0.00646	0.00214	0.01003	0.00510	0.00291	0.01002
32	0.00862	0.00607	0.00785	0.00916	0.00949	0.00575	0.00596	0.00960	0.01254	0.01673	0.03487	0.63012	0.04166	0.15131	0.01332	0.00346	0.00444	0.01778	0.00596	0.00531
33	0.01408	0.01312	0.01957	0.58062	0.04021	0.04562	0.01728	0.04256	0.01440	0.01884	0.01267	0.01815	0.00975	0.00737	0.00789	0.00226	0.06616	0.00602	0.05575	0.00767
34	0.02623	0.01881	0.02031	0.01557	0.02104	0.02069	0.01287	0.66307	0.03158	0.07495	0.01692	0.01675	0.01188	0.00822	0.00685	0.00206	0.00745	0.00619	0.00692	0.01164
35	0.02167	0.01577	0.01785	0.03784	0.01996	0.01571	0.01119	0.37166	0.02399	0.09037	0.01560	0.01624	0.01144	0.00705	0.00620	0.00169	0.00655	0.00545	0.00584	0.29792
36	0.01292	0.01216	0.02052	0.74312	0.04712	0.01520	0.01900	0.01748	0.01368	0.01748	0.01216	0.01824	0.00912	0.00684	0.00684	0.00228	0.00912	0.00608	0.00304	0.00760
37	0.00841	0.00694	0.00739	0.00728	0.00944	0.00592	0.00546	0.01046	0.01637	0.02033	0.20203	0.06280	0.58024	0.01664	0.00808	0.00228	0.00342	0.01401	0.00660	0.00592
38	0.01921	0.04079	0.02250	0.05089	0.26905	0.12970	0.06055	0.05118	0.03631	0.10380	0.01845	0.02690	0.01602	0.00878	0.00714	0.00220	0.00837	0.11399	0.00470	0.00947
39	0.01750	0.01494	0.01574	0.01402	0.01798	0.01724	0.01095	0.07184	0.66825	0.02940	0.02723	0.02503	0.02038	0.00922	0.00696	0.00231	0.00553	0.00765	0.00696	0.01087
40	0.01300	0.01195	0.01904	0.59488	0.04063	0.01386	0.01673	0.01726	0.01399	0.01866	0.04002	0.01889	0.01149	0.00684	0.00660	0.00207	0.00823	0.00600	0.00338	0.13649
41	0.02556	0.03261	0.01939	0.01763	0.02115	0.73210	0.01322	0.02732	0.01939	0.01674	0.01058	0.01234	0.00881	0.00705	0.00617	0.00176	0.01234	0.00441	0.00353	0.00793
42	0.01825	0.01531	0.01616	0.01417	0.01826	0.01759	0.01113	0.12668	0.61219	0.03061	0.02628	0.02428	0.01961	0.00913	0.00695	0.00228	0.00570	0.00752	0.00695	0.01094
43	0.01497	0.01497	0.02095	0.01796	0.01796	0.02095	0.01497	0.01646	0.01048	0.01646	0.00898	0.01497	0.00898	0.01197	0.02245	0.00299	0.74704	0.00599	0.00299	0.00748
44	0.80789	0.01323	0.01006	0.00900	0.01323	0.01535	0.00741	0.02011	0.01164	0.03070	0.00953	0.01111	0.00741	0.00635	0.00423	0.00212	0.00529	0.00370	0.00423	0.00741
45	0.01702	0.01470	0.01547	0.01392	0.01779	0.01702	0.01083	0.03635	0.70453	0.02862	0.02785	0.02553	0.02088	0.00928	0.00696	0.00232	0.00541	0.00773	0.00696	0.01083
46	0.80789	0.01323	0.01006	0.00900	0.01323	0.01535	0.00741	0.02011	0.01164	0.03070	0.00953	0.01111	0.00741	0.00635	0.00423	0.00212	0.00529	0.00370	0.00423	0.00741
47	0.01275	0.00638	0.00638	0.00638	0.00797	0.00638	0.00478	0.01594	0.01435	0.02551	0.02232	0.02551	0.01754	0.00797	0.00478	0.00159	0.00319	0.00638	0.79755	0.00638
48	0.01840	0.01538	0.01625	0.01420	0.01832	0.01766	0.01116	0.13739	0.60124	0.03085	0.02609	0.02413	0.01946	0.00912	0.00694	0.00228	0.00574	0.00749	0.00694	0.01095
49	0.00843	0.00602	0.00804	0.00963	0.01007	0.00563	0.00651	0.00968	0.01319	0.01757	0.03766	0.73233	0.04505	0.02135	0.00876	0.00279	0.00405	0.04133	0.00635	0.00558
50	0.03070	0.01164	0.01588	0.01217	0.01746	0.01006	0.01006	0.03334	0.01958	0.72163	0.02699	0.02329	0.01694	0.00847	0.00688	0.00212	0.00582	0.00688	0.00847	0.01164
51	0.02601	0.01916	0.02053	0.01574	0.02122	0.02122	0.01300	0.69408	0.03217	0.04312	0.01643	0.01643	0.01163	0.00821	0.00684	0.00205	0.00753	0.00616	0.00684	0.01163
52	0.01646	0.01017	0.01057	0.00923	0.01197	0.01083	0.00726	0.19497	0.05562	0.03029	0.02106	0.02312	0.01616	0.00810	0.00544	0.00175	0.00445	0.00639	0.54814	0.00799
53	0.00835	0.00694	0.00729	0.00720	0.00940	0.00589	0.00540	0.01032	0.01621	0.01994	0.17391	0.06345	0.60860	0.01678	0.00808	0.00228	0.00343	0.01410	0.00654	0.00589
54	0.03044	0.01205	0.01613	0.01236	0.01767	0.01066	0.01021	0.06899	0.02026	0.68501	0.02642	0.02292	0.01665	0.00845	0.00688	0.00211	0.00591	0.00684	0.00838	0.01164
55	0.03070	0.01164	0.01588	0.01217	0.01746	0.01006	0.01006	0.03334	0.01958	0.72163	0.02699	0.02329	0.01694	0.00847	0.00688	0.00212	0.00582	0.00688	0.00847	0.01164
56	0.01372	0.03539	0.72412	0.01950	0.02961	0.01589	0.02528	0.02167	0.01444	0.02167	0.01228	0.01444	0.00867	0.00650	0.00650	0.00217	0.01011	0.00506	0.00289	0.01011
57	0.00838	0.00599	0.00798	0.00949	0.00993	0.00559	0.00635	0.00965	0.01332	0.01782	0.06160	0.73020	0.04593	0.02117	0.00871	0.00276	0.00394	0.01920	0.00639	0.00559
58	0.03070	0.01164	0.01588	0.01217	0.01746	0.01006	0.01006	0.03334	0.01958	0.72163	0.02699	0.02329	0.01694	0.00847	0.00688	0.00212	0.00582	0.00688	0.00847	0.01164
59	0.01693	0.01626	0.02777	0.04199	0.71689	0.01626	0.02100	0.02100	0.01558	0.02235	0.01287	0.01693	0.01084	0.00610	0.00677	0.00203	0.00813	0.00610	0.00339	0.01084
60	0.80789	0.01323	0.01006	0.00900	0.01323	0.01535	0.00741	0.02011	0.01164	0.03070	0.00953	0.01111	0.00741	0.00635	0.00423	0.00212	0.00529	0.00370	0.00423	0.00741
61	0.02273	0.01636	0.01807	0.01442	0.01891	0.01796	0.01167	0.53235	0.02753	0.05965	0.01871	0.07337	0.01529	0.04005	0.07733	0.00313	0.00821	0.00741	0.00646	0.01039
62	0.02123	0.01782	0.02350	0.01761	0.02329	0.03970	0.16489	0.38714	0.02455	0.03323	0.01565	0.04050	0.01211	0.00753	0.00687	0.00195	0.00805	0.00662	0.00550	0.14226
63	0.01076	0.00772	0.01068	0.01207	0.01362	0.00764	0.01039	0.01381	0.01589	0.02078	0.08274	0.09923	0.05959	0.01862	0.00929	0.00305	0.00593	0.58553	0.00639	0.00627
64	0.00847	0.00602	0.00795	0.00938	0.00980	0.00564	0.00624	0.00966	0.01313	0.01756	0.05889	0.69378	0.04478	0.06102	0.01012	0.00297	0.00409	0.01871	0.00627	0.00551
65	0.02322	0.01892	0.06460	0.01511	0.02077	0.01892	0.01299	0.54841	0.02827	0.03842	0.01645	0.04317	0.01251	0.00823	0.00669	0.00197	0.00728	0.00634	0.00625	0.10148
66	0.03055	0.01188	0.01602	0.01229	0.01758	0.01041	0.01015	0.05432	0.01998	0.70008	0.02666	0.02307	0.01677	0.00846	0.00688	0.00211	0.00588	0.00686	0.00842	0.01164
