[name]
unknown

[dist]
# distance from previous block
# <min> <max>
46	88

[block]
# block no. 0 follows, 28 sequences, length 17
# corresponding to MSA columns:
# 105-121
name=unknown_A
#
# <colnr> <probs for GDERKNQSTAVLIFYWHMCP>
#	G	D	E	R	K	N	Q	S	T	A	V	L	I	F	Y	W	H	M	C	P
0	0.03763	0.06768	0.01879	0.19018	0.07654	0.01377	0.01330	0.01882	0.01515	0.06184	0.02034	0.02900	0.05446	0.04310	0.00924	0.00236	0.04809	0.08068	0.00454	0.19447
1	0.10495	0.06626	0.17754	0.01355	0.01829	0.01456	0.01326	0.09750	0.01848	0.02769	0.24568	0.03029	0.03077	0.05708	0.01000	0.00258	0.04909	0.00829	0.00552	0.00863
2	0.10879	0.06507	0.20288	0.01706	0.02329	0.05895	0.06728	0.18978	0.02075	0.02991	0.09913	0.02038	0.01749	0.00854	0.00763	0.00224	0.03921	0.00665	0.00503	0.00993
3	0.01875	0.01490	0.01754	0.01415	0.01842	0.04360	0.04919	0.20949	0.05987	0.05468	0.14466	0.07924	0.02585	0.01035	0.00801	0.00211	0.03722	0.00860	0.03464	0.14873
4	0.04436	0.10562	0.04677	0.01134	0.01376	0.05400	0.03094	0.01513	0.01431	0.01900	0.10138	0.10610	0.09533	0.26051	0.01806	0.00391	0.03752	0.01037	0.00494	0.00664
5	0.01942	0.01431	0.01596	0.01379	0.01726	0.01543	0.01066	0.36794	0.05556	0.03354	0.02677	0.29199	0.02687	0.04354	0.00923	0.00268	0.00643	0.01212	0.00696	0.00956
6	0.02101	0.01582	0.05802	0.01380	0.01870	0.01497	0.01170	0.24503	0.10792	0.13127	0.18895	0.02858	0.02810	0.01005	0.00744	0.00217	0.00627	0.00826	0.00722	0.07473
7	0.01701	0.06515	0.21093	0.06844	0.11735	0.01821	0.29622	0.02292	0.01620	0.04640	0.01405	0.01785	0.01062	0.00682	0.00825	0.00235	0.04051	0.00695	0.00362	0.01015
8	0.01627	0.26007	0.41514	0.01791	0.02596	0.02127	0.02101	0.02198	0.01467	0.02050	0.01170	0.01425	0.00929	0.00737	0.00818	0.00217	0.09418	0.00502	0.00310	0.00997
9	0.01007	0.00710	0.00921	0.00958	0.01019	0.00728	0.00645	0.01139	0.01266	0.01739	0.09116	0.21654	0.03375	0.31305	0.20479	0.00677	0.00924	0.01262	0.00520	0.00556
10	0.08526	0.06044	0.07190	0.01426	0.01998	0.01636	0.01258	0.21985	0.06091	0.28982	0.05900	0.02189	0.01744	0.00880	0.00697	0.00221	0.00694	0.00685	0.00719	0.01136
11	0.01292	0.00926	0.01079	0.05076	0.01290	0.00963	0.00703	0.10660	0.01518	0.02014	0.04750	0.10747	0.06704	0.46254	0.02583	0.00527	0.00676	0.01106	0.00522	0.00608
12	0.00880	0.00655	0.00820	0.00953	0.01039	0.00595	0.00648	0.01019	0.01449	0.01879	0.04732	0.59507	0.18812	0.02183	0.00913	0.00284	0.00410	0.01951	0.00675	0.00595
13	0.04750	0.01463	0.06269	0.38799	0.03736	0.01536	0.11976	0.01831	0.01458	0.02010	0.01708	0.13055	0.01575	0.00981	0.00873	0.00254	0.05641	0.00882	0.00389	0.00815
14	0.11041	0.38399	0.09230	0.05687	0.02182	0.13367	0.01385	0.02383	0.01592	0.07117	0.01213	0.01370	0.00983	0.00682	0.00551	0.00186	0.00865	0.00457	0.00382	0.00930
15	0.10274	0.04046	0.01914	0.01455	0.01984	0.01898	0.01200	0.39731	0.08319	0.14542	0.01965	0.01922	0.01389	0.00857	0.00681	0.00218	0.00702	0.00648	0.05111	0.01143
16	0.01242	0.01059	0.05183	0.01111	0.01343	0.00926	0.00877	0.11318	0.01810	0.02452	0.09494	0.39679	0.12792	0.01761	0.00844	0.00260	0.00500	0.01545	0.05071	0.00734

[dist]
# distance from previous block
# <min> <max>
10	23

[block]
# block no. 1 follows, 28 sequences, length 6
# corresponding to MSA columns:
# 146-151
name=unknown_B
#
# <colnr> <probs for GDERKNQSTAVLIFYWHMCP>
#	G	D	E	R	K	N	Q	S	T	A	V	L	I	F	Y	W	H	M	C	P
0	0.02268	0.17623	0.07617	0.01560	0.02059	0.31034	0.01343	0.09656	0.02000	0.06469	0.02062	0.02120	0.09484	0.00876	0.00657	0.00197	0.00966	0.00626	0.00465	0.00920
1	0.01941	0.57420	0.13844	0.01428	0.02096	0.09064	0.01479	0.02263	0.01540	0.01807	0.01066	0.01236	0.00931	0.00644	0.00518	0.00170	0.00872	0.00419	0.00316	0.00946
2	0.02743	0.01122	0.01521	0.01205	0.01677	0.00980	0.00980	0.03038	0.02075	0.54741	0.18355	0.03161	0.02975	0.01036	0.00760	0.00226	0.00555	0.00867	0.00877	0.01109
3	0.01107	0.00869	0.01167	0.09809	0.01568	0.00934	0.00865	0.01348	0.01562	0.02147	0.28583	0.04489	0.10091	0.19451	0.07006	0.00426	0.06266	0.01097	0.00574	0.00640
4	0.01380	0.00862	0.01074	0.01081	0.01256	0.00828	0.00780	0.07636	0.01670	0.10541	0.03753	0.44366	0.08899	0.08359	0.01129	0.00313	0.00513	0.04148	0.00686	0.00723
5	0.00922	0.00737	0.00832	0.00863	0.01066	0.00647	0.00658	0.01139	0.01683	0.02105	0.14984	0.14525	0.46030	0.01862	0.00884	0.00259	0.00406	0.09078	0.00691	0.00627

[dist]
# distance from previous block
# <min> <max>
1	8

[block]
# block no. 2 follows, 28 sequences, length 31
# corresponding to MSA columns:
# 160-190
name=unknown_C
#
# <colnr> <probs for GDERKNQSTAVLIFYWHMCP>
#	G	D	E	R	K	N	Q	S	T	A	V	L	I	F	Y	W	H	M	C	P
0	0.10361	0.40083	0.02687	0.04913	0.01914	0.08725	0.01164	0.02383	0.09765	0.02156	0.01410	0.01564	0.01170	0.00712	0.00533	0.00183	0.00745	0.00492	0.08136	0.00904
1	0.44883	0.05252	0.07123	0.01115	0.01605	0.01468	0.01002	0.02279	0.01535	0.14363	0.11230	0.02040	0.01852	0.00828	0.00577	0.00222	0.00594	0.00595	0.00557	0.00880
2	0.01039	0.00697	0.00798	0.00815	0.00820	0.00693	0.00465	0.01052	0.01092	0.01456	0.02468	0.11904	0.02866	0.67002	0.03414	0.00662	0.00676	0.01161	0.00465	0.00456
3	0.53764	0.06714	0.07023	0.08242	0.01974	0.01741	0.01146	0.02138	0.01313	0.04542	0.01107	0.01339	0.00861	0.00717	0.00616	0.00228	0.04828	0.00452	0.00420	0.00834
4	0.03699	0.28548	0.18256	0.03296	0.02199	0.04932	0.01533	0.13306	0.01857	0.02416	0.02023	0.02126	0.09716	0.00859	0.00667	0.00203	0.02337	0.00629	0.00434	0.00964
5	0.04916	0.02192	0.12362	0.10970	0.35162	0.10305	0.09201	0.02290	0.01656	0.02265	0.01317	0.01710	0.01053	0.00672	0.00713	0.00221	0.00987	0.00623	0.00355	0.01032
6	0.02003	0.09008	0.02047	0.01712	0.06702	0.05552	0.01281	0.12566	0.44612	0.03016	0.02388	0.02286	0.01812	0.00898	0.00705	0.00228	0.00685	0.00725	0.00650	0.01125
7	0.01736	0.09466	0.13281	0.04463	0.03075	0.06848	0.32193	0.02224	0.01566	0.02100	0.01272	0.01703	0.01015	0.00765	0.01071	0.00244	0.15006	0.00689	0.00343	0.00939
8	0.01720	0.01754	0.02702	0.07361	0.42632	0.07799	0.10193	0.02123	0.01688	0.02232	0.02158	0.02480	0.10288	0.00817	0.00751	0.00222	0.00889	0.00777	0.00402	0.01011
9	0.01205	0.00888	0.03447	0.00947	0.01086	0.00788	0.00671	0.03649	0.01459	0.05581	0.13006	0.15727	0.08136	0.37658	0.02258	0.00475	0.00594	0.01240	0.00578	0.00607
10	0.00918	0.00662	0.00838	0.00948	0.01017	0.00616	0.00634	0.01054	0.01437	0.01907	0.10144	0.52234	0.11147	0.11341	0.01267	0.00336	0.00445	0.01816	0.00657	0.00582
11	0.01461	0.01347	0.02211	0.66373	0.07420	0.01652	0.01994	0.05242	0.01562	0.02017	0.01318	0.01923	0.00990	0.00731	0.00726	0.00240	0.00956	0.00646	0.00345	0.00843
12	0.04275	0.01750	0.03383	0.07671	0.09101	0.01791	0.40615	0.03869	0.01613	0.02272	0.01474	0.03893	0.01227	0.03429	0.01116	0.00268	0.10126	0.00815	0.00381	0.00930
13	0.01056	0.00708	0.00808	0.00808	0.00813	0.00713	0.00460	0.01067	0.01062	0.01421	0.02276	0.04679	0.02609	0.71641	0.06466	0.00724	0.00755	0.01046	0.00438	0.00449
14	0.01373	0.01292	0.02180	0.72707	0.05006	0.01615	0.02019	0.01857	0.01453	0.01857	0.01292	0.01938	0.00969	0.00727	0.00727	0.00242	0.00969	0.00646	0.00323	0.00807
15	0.11167	0.10407	0.38229	0.01805	0.02644	0.01755	0.07914	0.02314	0.05359	0.02409	0.01347	0.01556	0.01012	0.00676	0.00640	0.00212	0.00912	0.00539	0.00368	0.08735
16	0.01766	0.03920	0.02809	0.15965	0.54089	0.04481	0.02132	0.02192	0.01631	0.02243	0.01334	0.01785	0.01105	0.00664	0.00711	0.00217	0.00897	0.00633	0.00353	0.01074
17	0.00884	0.00637	0.00839	0.01000	0.01051	0.00591	0.00669	0.01014	0.01403	0.01860	0.04155	0.71013	0.07678	0.02258	0.00925	0.00293	0.00419	0.02043	0.00675	0.00591
18	0.02730	0.03017	0.02098	0.01810	0.02249	0.49820	0.01397	0.23148	0.02485	0.02657	0.01318	0.01447	0.01030	0.00788	0.00678	0.00197	0.01151	0.00527	0.00485	0.00966
19	0.01470	0.03178	0.54385	0.01837	0.02811	0.01519	0.02256	0.02191	0.01528	0.02318	0.01302	0.01528	0.00958	0.00655	0.00655	0.00201	0.00948	0.00512	0.00336	0.19413
20	0.13534	0.14215	0.02230	0.01662	0.07622	0.04364	0.01274	0.26726	0.07407	0.05651	0.01585	0.01690	0.01215	0.00957	0.03463	0.00243	0.00795	0.00576	0.00555	0.04234
21	0.00903	0.00640	0.00838	0.00990	0.01028	0.00602	0.00652	0.01017	0.01359	0.01811	0.03836	0.67117	0.04593	0.09433	0.01203	0.00336	0.00450	0.01966	0.00652	0.00576
22	0.01029	0.00743	0.00972	0.00914	0.01086	0.00686	0.00686	0.01372	0.02058	0.02915	0.69536	0.05430	0.06859	0.01486	0.00857	0.00229	0.00343	0.01315	0.00800	0.00686
23	0.00969	0.00738	0.00893	0.00877	0.01066	0.00662	0.00660	0.01246	0.01870	0.02507	0.42390	0.10000	0.27639	0.01671	0.00868	0.00242	0.00369	0.03931	0.00746	0.00656
24	0.04794	0.20995	0.31657	0.08870	0.02860	0.06211	0.06547	0.02226	0.01520	0.02087	0.01198	0.01488	0.00939	0.00708	0.00735	0.00216	0.05132	0.00529	0.00324	0.00964
25	0.01020	0.00743	0.00960	0.00906	0.01081	0.00682	0.00679	0.01355	0.02037	0.02867	0.66408	0.05509	0.10017	0.01504	0.00857	0.00229	0.00344	0.01326	0.00794	0.00682
26	0.00954	0.00677	0.00898	0.01049	0.01110	0.00646	0.00741	0.01106	0.01409	0.01869	0.03808	0.55248	0.04480	0.09384	0.01216	0.00343	0.00494	0.13327	0.00651	0.00590
27	0.02134	0.11517	0.02477	0.19989	0.14145	0.24106	0.01673	0.11317	0.01953	0.02274	0.01278	0.01591	0.01021	0.00727	0.00670	0.00206	0.01013	0.00558	0.00400	0.00951
28	0.01639	0.01646	0.01342	0.01319	0.01522	0.22476	0.00952	0.08185	0.01791	0.02084	0.02948	0.38418	0.05749	0.05284	0.00961	0.00273	0.00743	0.01365	0.00576	0.00725
29	0.01059	0.00758	0.00927	0.00921	0.01120	0.00682	0.00703	0.01323	0.01818	0.05070	0.32784	0.13084	0.27340	0.01715	0.00875	0.00251	0.00403	0.07758	0.00736	0.00672
30	0.04534	0.01853	0.08579	0.11973	0.33718	0.01752	0.14816	0.02201	0.01584	0.04010	0.01365	0.01804	0.01088	0.00712	0.00871	0.00235	0.06840	0.00671	0.00366	0.01029

[dist]
# distance from previous block
# <min> <max>
0	1

[block]
# block no. 3 follows, 28 sequences, length 35
# corresponding to MSA columns:
# 192-226
name=unknown_D
#
# <colnr> <probs for GDERKNQSTAVLIFYWHMCP>
#	G	D	E	R	K	N	Q	S	T	A	V	L	I	F	Y	W	H	M	C	P
0	0.02338	0.02675	0.02193	0.14502	0.09749	0.41916	0.01604	0.09080	0.02005	0.02134	0.01233	0.01528	0.00995	0.00771	0.00761	0.00209	0.04459	0.00544	0.00397	0.00906
1	0.01748	0.01304	0.01559	0.01161	0.01739	0.01087	0.00934	0.03983	0.04023	0.10662	0.04632	0.01855	0.01466	0.00681	0.00665	0.00144	0.03561	0.00536	0.00519	0.57743
2	0.01750	0.09507	0.45957	0.02040	0.02955	0.01905	0.09419	0.13323	0.01868	0.02639	0.01371	0.01585	0.00995	0.00707	0.00695	0.00223	0.01018	0.00579	0.00385	0.01079
3	0.01288	0.00735	0.00986	0.01060	0.01190	0.00671	0.00741	0.01440	0.01508	0.13456	0.03814	0.61882	0.04299	0.02044	0.00895	0.00283	0.00455	0.01841	0.00713	0.00700
4	0.31776	0.01157	0.01115	0.00978	0.01330	0.01244	0.00782	0.08946	0.01748	0.08357	0.13182	0.02460	0.02222	0.00895	0.00585	0.00210	0.00496	0.00677	0.21016	0.00824
5	0.01000	0.00742	0.00932	0.00884	0.01068	0.00674	0.00663	0.01316	0.01990	0.02754	0.59018	0.05695	0.17477	0.01546	0.00858	0.00231	0.00347	0.01352	0.00779	0.00674
6	0.01908	0.01950	0.08712	0.06786	0.45569	0.01815	0.06252	0.13268	0.01938	0.02715	0.01429	0.01784	0.01135	0.00691	0.00728	0.00221	0.00899	0.00653	0.00416	0.01133
7	0.01057	0.00705	0.00793	0.00793	0.00793	0.00705	0.00440	0.01057	0.01057	0.01409	0.02290	0.04757	0.02643	0.74454	0.03700	0.00705	0.00705	0.01057	0.00440	0.00440
8	0.01057	0.00705	0.00793	0.00793	0.00793	0.00705	0.00440	0.01057	0.01057	0.01409	0.02290	0.04757	0.02643	0.74454	0.03700	0.00705	0.00705	0.01057	0.00440	0.00440
9	0.01000	0.00785	0.01035	0.01236	0.06705	0.00726	0.00817	0.01216	0.01603	0.02101	0.13515	0.34155	0.22528	0.01892	0.00890	0.00270	0.00456	0.07742	0.00665	0.00663
10	0.01263	0.00631	0.00947	0.00947	0.00947	0.00631	0.00631	0.00947	0.00947	0.01263	0.01263	0.02210	0.01263	0.02525	0.02841	0.78851	0.00631	0.00631	0.00316	0.00316
11	0.03139	0.01252	0.01678	0.01294	0.01840	0.01106	0.01066	0.06398	0.02141	0.64367	0.05795	0.02573	0.01999	0.00925	0.00736	0.00225	0.00615	0.00754	0.00887	0.01212
12	0.72963	0.01460	0.01164	0.01018	0.01479	0.01684	0.00838	0.07773	0.01425	0.03375	0.01075	0.01230	0.00826	0.00692	0.00474	0.00224	0.00583	0.00416	0.00474	0.00826
13	0.05002	0.01444	0.02258	0.61639	0.04635	0.04976	0.06083	0.01950	0.01489	0.01947	0.01283	0.01875	0.00968	0.00718	0.00719	0.00239	0.00983	0.00640	0.00334	0.00819
14	0.01716	0.01961	0.04289	0.03064	0.03799	0.01838	0.67279	0.02328	0.01716	0.02328	0.01471	0.01961	0.01103	0.00613	0.00858	0.00245	0.01225	0.00858	0.00368	0.00980
15	0.00870	0.00737	0.00751	0.00748	0.00988	0.00618	0.00561	0.01064	0.01682	0.02024	0.11316	0.06896	0.65634	0.01818	0.00859	0.00244	0.00367	0.01520	0.00683	0.00618
16	0.79588	0.01406	0.01068	0.00956	0.01406	0.01631	0.00787	0.02137	0.01237	0.03261	0.01012	0.01181	0.00787	0.00675	0.00450	0.00225	0.00562	0.00394	0.00450	0.00787
17	0.01038	0.00779	0.01168	0.01168	0.01298	0.00909	0.00909	0.01298	0.01168	0.01687	0.01947	0.02856	0.01817	0.05452	0.71573	0.01168	0.01947	0.00779	0.00389	0.00649
18	0.04489	0.01786	0.01967	0.02061	0.15389	0.09266	0.01370	0.17724	0.20040	0.05282	0.10907	0.02460	0.02197	0.00921	0.00730	0.00224	0.00734	0.00759	0.00626	0.01067
19	0.01590	0.01590	0.02226	0.01908	0.01908	0.02226	0.01590	0.01749	0.01113	0.01749	0.00954	0.01590	0.00954	0.01272	0.02385	0.00318	0.73123	0.00636	0.00318	0.00795
20	0.01974	0.01836	0.01724	0.01541	0.01955	0.11052	0.01195	0.06780	0.56685	0.02948	0.02658	0.02480	0.02002	0.00949	0.00728	0.00237	0.00683	0.00767	0.00691	0.01114
21	0.10853	0.01344	0.01597	0.03841	0.03826	0.01315	0.01059	0.06820	0.09031	0.16299	0.05162	0.05265	0.01760	0.00865	0.00731	0.00199	0.03940	0.00683	0.00598	0.24811
22	0.02117	0.01356	0.01610	0.01244	0.01767	0.01244	0.01001	0.17733	0.02160	0.18497	0.10908	0.05312	0.02200	0.00898	0.00686	0.00185	0.00588	0.00737	0.00667	0.29088
23	0.01029	0.00743	0.00972	0.00914	0.01086	0.00686	0.00686	0.01372	0.02058	0.02915	0.69536	0.05430	0.06859	0.01486	0.00857	0.00229	0.00343	0.01315	0.00800	0.00686
24	0.01043	0.00759	0.01068	0.01068	0.01164	0.00854	0.00784	0.01234	0.01139	0.01614	0.02038	0.03361	0.02037	0.23796	0.53529	0.01045	0.01617	0.00853	0.00403	0.00594
25	0.02143	0.33785	0.05794	0.01535	0.02033	0.28179	0.01343	0.02533	0.07259	0.01884	0.01481	0.01612	0.03802	0.00772	0.00645	0.00187	0.03207	0.00515	0.00385	0.00907
26	0.03067	0.01386	0.01863	0.01621	0.07876	0.01284	0.01212	0.11926	0.02221	0.55707	0.02587	0.02318	0.01668	0.00874	0.00729	0.00223	0.00664	0.00714	0.00829	0.01229
27	0.00886	0.00633	0.00843	0.01012	0.01054	0.00590	0.00675	0.01012	0.01392	0.01856	0.04006	0.73979	0.04808	0.02277	0.00928	0.00295	0.00422	0.02066	0.00675	0.00590
28	0.00908	0.00675	0.00847	0.00937	0.01046	0.00614	0.00652	0.01089	0.01577	0.02086	0.17578	0.46887	0.18379	0.02033	0.00900	0.00272	0.00395	0.01810	0.00699	0.00614
29	0.01746	0.44291	0.29672	0.01641	0.02443	0.02373	0.04621	0.02232	0.01509	0.01965	0.01144	0.01342	0.00935	0.00648	0.00570	0.00188	0.00911	0.00466	0.00312	0.00990
30	0.01053	0.00734	0.00977	0.05375	0.01333	0.00697	0.00764	0.01255	0.01582	0.05346	0.16327	0.45723	0.12257	0.01919	0.00885	0.00271	0.00444	0.01715	0.00687	0.00655
31	0.00908	0.00694	0.00830	0.00926	0.01057	0.00626	0.00663	0.01071	0.01507	0.01909	0.05229	0.39158	0.29868	0.04985	0.01019	0.00296	0.00435	0.07554	0.00665	0.00601
32	0.41523	0.01774	0.17082	0.01182	0.01705	0.01402	0.01184	0.02007	0.01469	0.02934	0.12790	0.02113	0.01938	0.00831	0.00579	0.00222	0.00624	0.00607	0.07206	0.00827
33	0.07323	0.00994	0.01130	0.12541	0.01743	0.01098	0.00885	0.06482	0.06811	0.02768	0.02096	0.02404	0.01622	0.00827	0.00572	0.00195	0.00508	0.00661	0.48559	0.00782
34	0.14952	0.34672	0.02633	0.04222	0.01988	0.17465	0.01216	0.07271	0.01743	0.02271	0.04718	0.01500	0.01247	0.00727	0.00556	0.00186	0.00845	0.00486	0.00406	0.00894

[dist]
# distance from previous block
# <min> <max>
0	12

[block]
# block no. 4 follows, 28 sequences, length 11
# corresponding to MSA columns:
# 239-249
name=unknown_E
#
# <colnr> <probs for GDERKNQSTAVLIFYWHMCP>
#	G	D	E	R	K	N	Q	S	T	A	V	L	I	F	Y	W	H	M	C	P
0	0.04924	0.00765	0.00883	0.00858	0.01045	0.00707	0.00630	0.01263	0.01775	0.02458	0.37772	0.09766	0.25361	0.07346	0.01065	0.00275	0.00395	0.01361	0.00708	0.00644
1	0.01715	0.01434	0.01649	0.01233	0.01821	0.01279	0.00993	0.11421	0.07046	0.02710	0.01472	0.01640	0.01184	0.00656	0.00668	0.00144	0.03995	0.00503	0.00492	0.57943
2	0.01538	0.18279	0.38073	0.02026	0.08738	0.01817	0.05313	0.02119	0.01546	0.02162	0.03773	0.08390	0.01513	0.00843	0.00681	0.00220	0.00914	0.00700	0.00366	0.00988
3	0.01689	0.07689	0.11524	0.02368	0.11662	0.01957	0.13387	0.06062	0.01566	0.02216	0.01442	0.02206	0.01289	0.00981	0.01301	0.00262	0.25050	0.06025	0.00385	0.00940
4	0.01000	0.00681	0.00810	0.00865	0.00879	0.00667	0.00518	0.01042	0.01168	0.01557	0.02859	0.27693	0.03360	0.50539	0.02781	0.00569	0.00611	0.01392	0.00518	0.00490
5	0.00938	0.00648	0.00853	0.00976	0.01020	0.00613	0.00646	0.01038	0.01373	0.01843	0.08243	0.56866	0.04487	0.10441	0.01356	0.05188	0.00461	0.01810	0.00635	0.00563
6	0.01594	0.01577	0.02531	0.17480	0.03078	0.07221	0.23842	0.05890	0.01736	0.02248	0.02101	0.11846	0.01990	0.01077	0.00822	0.00254	0.00943	0.09886	0.03041	0.00844
7	0.01631	0.20733	0.40202	0.02081	0.02973	0.02010	0.16115	0.02277	0.01559	0.02163	0.01268	0.01536	0.00963	0.00657	0.00672	0.00215	0.01034	0.00569	0.00321	0.01020
8	0.00862	0.00727	0.00746	0.00762	0.00988	0.00612	0.00563	0.01040	0.01633	0.01954	0.07057	0.13111	0.63707	0.01881	0.00865	0.00250	0.00373	0.01583	0.00675	0.00612
9	0.17686	0.01509	0.02327	0.32571	0.19473	0.01690	0.07749	0.04602	0.01557	0.02419	0.01286	0.01743	0.00997	0.00693	0.00680	0.00232	0.00877	0.00614	0.00378	0.00918
10	0.06565	0.28909	0.06495	0.02411	0.23921	0.09230	0.03730	0.02228	0.01626	0.02150	0.05399	0.01694	0.01366	0.00703	0.00615	0.00194	0.00850	0.00561	0.00373	0.00979

[dist]
# distance from previous block
# <min> <max>
0	1

[block]
# block no. 5 follows, 28 sequences, length 101
# corresponding to MSA columns:
# 251-351
name=unknown_F
#
# <colnr> <probs for GDERKNQSTAVLIFYWHMCP>
#	G	D	E	R	K	N	Q	S	T	A	V	L	I	F	Y	W	H	M	C	P
0	0.01921	0.58457	0.11698	0.01388	0.02023	0.02612	0.01432	0.02225	0.01488	0.04815	0.01124	0.01295	0.00971	0.00683	0.00625	0.00178	0.05336	0.00437	0.00337	0.00955
1	0.01943	0.74891	0.03809	0.01244	0.01866	0.02876	0.01244	0.02177	0.01477	0.01710	0.01011	0.01166	0.00933	0.00622	0.00466	0.00155	0.00777	0.00389	0.00311	0.00933
2	0.01566	0.01542	0.05050	0.29153	0.31852	0.01586	0.03744	0.02086	0.03997	0.02227	0.03289	0.02212	0.01387	0.00763	0.00728	0.00230	0.00866	0.02653	0.04102	0.00967
3	0.01448	0.03656	0.68221	0.02046	0.03088	0.01658	0.02632	0.02274	0.01540	0.02298	0.01395	0.01771	0.01037	0.00737	0.00702	0.00234	0.01060	0.02825	0.00320	0.01060
4	0.01037	0.00766	0.00976	0.00956	0.01125	0.00721	0.00714	0.01413	0.04691	0.02694	0.51792	0.14468	0.10232	0.01611	0.00867	0.00243	0.00377	0.03861	0.00768	0.00688
5	0.00902	0.00640	0.00839	0.00991	0.01029	0.00602	0.00652	0.01017	0.01359	0.01812	0.03839	0.67224	0.04596	0.09321	0.01198	0.00335	0.00449	0.01968	0.00652	0.00576
6	0.61051	0.01409	0.01386	0.13208	0.06808	0.01635	0.01094	0.02097	0.01303	0.02964	0.01084	0.01351	0.00843	0.00682	0.00515	0.00227	0.00651	0.00454	0.00422	0.00816
7	0.01661	0.02022	0.14891	0.11029	0.46205	0.01679	0.05107	0.02172	0.01615	0.02293	0.01537	0.01934	0.03195	0.00699	0.00726	0.00223	0.00913	0.00664	0.00357	0.01078
8	0.00916	0.00645	0.00834	0.00973	0.01008	0.00611	0.00633	0.01020	0.01332	0.01776	0.03702	0.61685	0.04423	0.15096	0.01420	0.00368	0.00472	0.01887	0.00633	0.00564
9	0.00886	0.00633	0.00843	0.01012	0.01054	0.00590	0.00675	0.01012	0.01392	0.01856	0.04006	0.73979	0.04808	0.02277	0.00928	0.00295	0.00422	0.02066	0.00675	0.00590
10	0.02675	0.03380	0.02042	0.01855	0.02231	0.68459	0.01393	0.02945	0.04996	0.01835	0.01205	0.01373	0.00993	0.00760	0.00659	0.00190	0.01278	0.00484	0.00391	0.00856
11	0.01032	0.00728	0.00921	0.00890	0.01037	0.00678	0.00646	0.01318	0.01865	0.02639	0.52337	0.10082	0.08266	0.09143	0.01142	0.00281	0.00387	0.01316	0.04640	0.00651
12	0.00904	0.00645	0.00864	0.01033	0.01083	0.00606	0.00706	0.01043	0.01409	0.01876	0.03997	0.69861	0.04769	0.02260	0.00933	0.00298	0.00437	0.06008	0.00674	0.00595
13	0.00896	0.00738	0.00787	0.00775	0.01004	0.00629	0.00581	0.01114	0.01744	0.02170	0.20832	0.06656	0.56028	0.01764	0.00859	0.00242	0.00363	0.01487	0.00702	0.00629
14	0.04194	0.01439	0.02318	0.51784	0.04281	0.01713	0.08285	0.06509	0.05799	0.02208	0.01424	0.01938	0.01072	0.00758	0.00786	0.00243	0.03321	0.00670	0.00385	0.00874
15	0.01756	0.01683	0.02872	0.11382	0.63337	0.01716	0.02209	0.02193	0.01635	0.02322	0.01360	0.01813	0.01133	0.00656	0.00720	0.00219	0.00874	0.00647	0.00356	0.01117
16	0.01296	0.00804	0.00990	0.06613	0.01324	0.00893	0.00764	0.01600	0.01400	0.02318	0.02115	0.02732	0.01775	0.06292	0.13486	0.00396	0.05288	0.00714	0.48524	0.00675
17	0.01355	0.00678	0.00678	0.00678	0.00847	0.00678	0.00508	0.01694	0.01524	0.02710	0.02371	0.02710	0.01863	0.00847	0.00508	0.00169	0.00339	0.00678	0.78489	0.00678
18	0.01523	0.01447	0.02488	0.54282	0.12161	0.01681	0.08804	0.05077	0.01597	0.02095	0.01341	0.01915	0.01016	0.00713	0.00740	0.00238	0.00976	0.00669	0.00351	0.00885
19	0.02664	0.03169	0.02049	0.01823	0.02226	0.58603	0.01386	0.10950	0.06394	0.02205	0.01315	0.01452	0.01054	0.00779	0.00670	0.00195	0.01202	0.00513	0.00441	0.00911
20	0.79588	0.01406	0.01068	0.00956	0.01406	0.01631	0.00787	0.02137	0.01237	0.03261	0.01012	0.01181	0.00787	0.00675	0.00450	0.00225	0.00562	0.00394	0.00450	0.00787
21	0.01500	0.01070	0.01328	0.08166	0.01732	0.01141	0.00988	0.17849	0.01869	0.02529	0.02687	0.28566	0.02830	0.06287	0.01198	0.07875	0.00620	0.05541	0.05476	0.00748
22	0.01226	0.00644	0.00920	0.00920	0.00920	0.00644	0.00597	0.00967	0.00967	0.01289	0.01445	0.02662	0.01508	0.15300	0.02993	0.64972	0.00644	0.00707	0.00338	0.00338
23	0.02671	0.08079	0.02201	0.01794	0.02222	0.54551	0.01389	0.14325	0.02261	0.02272	0.01226	0.01378	0.00989	0.00762	0.00655	0.00191	0.01184	0.00496	0.00433	0.00919
24	0.01204	0.00853	0.01055	0.01034	0.01234	0.00818	0.00787	0.05719	0.03758	0.05003	0.31466	0.20356	0.14007	0.01685	0.00872	0.00256	0.00443	0.07989	0.00740	0.00722
25	0.03177	0.01218	0.01660	0.01279	0.01826	0.01054	0.01054	0.03460	0.02080	0.67866	0.05393	0.02586	0.01991	0.00922	0.00736	0.00225	0.00608	0.00753	0.00896	0.01216
26	0.00886	0.00633	0.00843	0.01012	0.01054	0.00590	0.00675	0.01012	0.01392	0.01856	0.04006	0.73979	0.04808	0.02277	0.00928	0.00295	0.00422	0.02066	0.00675	0.00590
27	0.01487	0.03558	0.63232	0.02183	0.03219	0.01705	0.09938	0.02305	0.01555	0.02305	0.01323	0.01583	0.00941	0.00682	0.00709	0.00232	0.01091	0.00573	0.00314	0.01064
28	0.01477	0.06501	0.68110	0.02040	0.03097	0.01734	0.02630	0.02297	0.01532	0.02279	0.01293	0.01520	0.00921	0.00688	0.00682	0.00227	0.01063	0.00531	0.00307	0.01069
29	0.00894	0.00636	0.00841	0.01001	0.01041	0.00596	0.00663	0.01014	0.01375	0.01833	0.03920	0.70513	0.04699	0.05892	0.01067	0.00316	0.00436	0.02016	0.00663	0.00583
30	0.71383	0.01480	0.03657	0.01020	0.01501	0.01593	0.00876	0.02241	0.01307	0.07933	0.01153	0.01284	0.00863	0.00691	0.00478	0.00225	0.00585	0.00423	0.00476	0.00829
31	0.01399	0.01319	0.02228	0.68434	0.09071	0.01622	0.02032	0.01881	0.01466	0.01890	0.01297	0.01929	0.00980	0.00722	0.00726	0.00241	0.00962	0.00646	0.00325	0.00829
32	0.00886	0.00633	0.00843	0.01012	0.01054	0.00590	0.00675	0.01012	0.01392	0.01856	0.04006	0.73979	0.04808	0.02277	0.00928	0.00295	0.00422	0.02066	0.00675	0.00590
33	0.01799	0.01727	0.02950	0.04462	0.69919	0.01727	0.02231	0.02231	0.01655	0.02375	0.01367	0.01799	0.01151	0.00648	0.00720	0.00216	0.00864	0.00648	0.00360	0.01151
34	0.01996	0.70022	0.03690	0.01287	0.01892	0.07556	0.01255	0.02226	0.01517	0.01715	0.01018	0.01176	0.00933	0.00631	0.00479	0.00158	0.00814	0.00394	0.00315	0.00927
35	0.01141	0.00770	0.00886	0.00881	0.00931	0.00781	0.00545	0.04767	0.01258	0.01714	0.02484	0.13853	0.02794	0.54691	0.05588	0.00616	0.00702	0.01145	0.03929	0.00523
36	0.65800	0.01441	0.01266	0.08445	0.01842	0.01675	0.00959	0.06942	0.01421	0.03213	0.01095	0.01301	0.00839	0.00695	0.00499	0.00226	0.00622	0.00439	0.00457	0.00823
37	0.01063	0.00794	0.01131	0.01119	0.01217	0.00916	0.00838	0.01266	0.01143	0.01633	0.01980	0.03198	0.01954	0.19452	0.55046	0.01041	0.04368	0.00831	0.00397	0.00612
38	0.01669	0.01595	0.02716	0.25210	0.50184	0.01693	0.02166	0.02117	0.01594	0.02217	0.01344	0.01841	0.01096	0.00672	0.00722	0.00224	0.00896	0.00647	0.00349	0.01047
39	0.01766	0.01284	0.01534	0.01109	0.01742	0.00984	0.00892	0.02083	0.01592	0.12403	0.01524	0.01650	0.01183	0.00592	0.00567	0.00125	0.00550	0.00475	0.00500	0.67446
40	0.02619	0.01965	0.02100	0.01643	0.02199	0.02187	0.01347	0.57908	0.13240	0.04349	0.01928	0.01891	0.01384	0.00890	0.00729	0.00222	0.00766	0.00680	0.00729	0.01223
41	0.07944	0.01405	0.02334	0.41747	0.03906	0.01542	0.12539	0.02164	0.01561	0.10553	0.01494	0.01918	0.01086	0.00712	0.00714	0.00230	0.00906	0.00657	0.00419	0.06168
42	0.07137	0.01321	0.01544	0.01288	0.01701	0.01354	0.01025	0.16513	0.11378	0.24469	0.09833	0.06562	0.02474	0.04791	0.00959	0.02675	0.00613	0.02600	0.00743	0.01019
43	0.01777	0.01534	0.01614	0.01455	0.01860	0.01769	0.01131	0.03770	0.66401	0.03005	0.03104	0.02853	0.04439	0.01014	0.00744	0.00247	0.00568	0.00845	0.00738	0.01133
44	0.01039	0.00776	0.01156	0.01156	0.01281	0.00902	0.00893	0.01290	0.01164	0.01678	0.01959	0.02920	0.01845	0.07788	0.69275	0.01153	0.01905	0.00788	0.00391	0.00642
45	0.02620	0.03269	0.01963	0.01789	0.02149	0.66571	0.01342	0.02818	0.02022	0.01844	0.01211	0.01409	0.01001	0.00756	0.00645	0.00186	0.01243	0.00483	0.05847	0.00831
46	0.02847	0.01121	0.01483	0.01171	0.01650	0.00986	0.00956	0.03141	0.01981	0.56111	0.05037	0.02616	0.01982	0.00910	0.00696	0.00215	0.00560	0.00741	0.14676	0.01119
47	0.00886	0.00633	0.00843	0.01012	0.01054	0.00590	0.00675	0.01012	0.01392	0.01856	0.04006	0.73979	0.04808	0.02277	0.00928	0.00295	0.00422	0.02066	0.00675	0.00590
48	0.00932	0.00739	0.00838	0.00813	0.01027	0.00645	0.00610	0.01185	0.01830	0.02374	0.34184	0.06320	0.42548	0.01688	0.00858	0.00238	0.00357	0.01439	0.00729	0.00645
49	0.01660	0.01843	0.03893	0.08052	0.03692	0.01797	0.56273	0.02228	0.01664	0.02258	0.01537	0.02216	0.01222	0.00716	0.00931	0.00252	0.04783	0.03662	0.00375	0.00945
50	0.01425	0.00831	0.01099	0.00982	0.01223	0.00754	0.00754	0.01757	0.02062	0.14905	0.57695	0.04905	0.05960	0.01382	0.00835	0.00228	0.00392	0.01211	0.00818	0.00784
51	0.01046	0.00700	0.00796	0.00807	0.00809	0.00698	0.00455	0.01054	0.01078	0.01437	0.02398	0.09091	0.02778	0.69935	0.03526	0.00679	0.00687	0.01120	0.00455	0.00450
52	0.00886	0.00633	0.00843	0.01012	0.01054	0.00590	0.00675	0.01012	0.01392	0.01856	0.04006	0.73979	0.04808	0.02277	0.00928	0.00295	0.00422	0.02066	0.00675	0.00590
53	0.04180	0.02011	0.14029	0.19740	0.21632	0.01724	0.21742	0.02180	0.01592	0.02255	0.01359	0.01818	0.01044	0.00664	0.00749	0.00234	0.01021	0.00684	0.00348	0.00994
54	0.02887	0.01154	0.01567	0.01230	0.01727	0.01004	0.01004	0.03179	0.02077	0.59105	0.14045	0.02970	0.02648	0.00998	0.00752	0.00226	0.00572	0.00829	0.00883	0.01145
55	0.12817	0.54566	0.05631	0.01300	0.01888	0.09922	0.01249	0.02252	0.01507	0.01955	0.01033	0.01197	0.00913	0.00645	0.00492	0.00171	0.00814	0.00403	0.00337	0.00908
56	0.01563	0.01437	0.02368	0.46007	0.24977	0.01644	0.02006	0.04691	0.01600	0.02161	0.01372	0.01913	0.01068	0.00712	0.00717	0.00231	0.00907	0.00648	0.03050	0.00928
57	0.00975	0.00699	0.00907	0.01044	0.01112	0.00670	0.00708	0.04181	0.01488	0.01985	0.03899	0.70537	0.04637	0.02210	0.00918	0.00292	0.00440	0.01999	0.00677	0.00621
58	0.01862	0.62966	0.15021	0.01383	0.02080	0.02677	0.01486	0.02198	0.01487	0.01809	0.01060	0.01228	0.00931	0.00633	0.00504	0.00168	0.00827	0.00414	0.00310	0.00957
59	0.01974	0.01618	0.01730	0.01512	0.01944	0.01843	0.01202	0.17409	0.50387	0.03318	0.02753	0.02848	0.02130	0.01026	0.00754	0.00246	0.00630	0.04806	0.00733	0.01139
60	0.05988	0.01243	0.01665	0.01281	0.01840	0.01088	0.01058	0.03492	0.02050	0.68024	0.02801	0.02428	0.01763	0.00892	0.00721	0.00225	0.00617	0.00719	0.00884	0.01221
61	0.01897	0.01590	0.01750	0.01488	0.01792	0.08589	0.02940	0.24390	0.02052	0.02748	0.01725	0.02308	0.01487	0.08340	0.21407	0.00536	0.08957	0.00710	0.04412	0.00880
62	0.00886	0.00633	0.00843	0.01012	0.01054	0.00590	0.00675	0.01012	0.01392	0.01856	0.04006	0.73979	0.04808	0.02277	0.00928	0.00295	0.00422	0.02066	0.00675	0.00590
63	0.00959	0.00723	0.00886	0.00881	0.01052	0.00651	0.00647	0.01223	0.01840	0.02481	0.41770	0.16856	0.23953	0.01711	0.00869	0.00244	0.00363	0.01496	0.00745	0.00651
64	0.01467	0.01417	0.02202	0.02002	0.06628	0.01793	0.08237	0.01720	0.01228	0.01835	0.01306	0.01987	0.01218	0.02299	0.20944	0.00535	0.41338	0.00699	0.00345	0.00799
65	0.04507	0.01437	0.02307	0.36248	0.28245	0.01599	0.01907	0.04415	0.01624	0.02244	0.03941	0.02223	0.04677	0.00783	0.00725	0.00231	0.00857	0.00704	0.00390	0.00935
66	0.01458	0.03760	0.70688	0.02072	0.03146	0.01688	0.02686	0.02302	0.01535	0.02302	0.01304	0.01535	0.00921	0.00691	0.00691	0.00230	0.01074	0.00537	0.00307	0.01074
67	0.01156	0.00832	0.01150	0.01309	0.01480	0.00826	0.01140	0.01483	0.01673	0.02165	0.04025	0.08139	0.07461	0.02000	0.00997	0.00330	0.00654	0.61847	0.00670	0.00667
68	0.02407	0.01726	0.01897	0.01521	0.01998	0.01877	0.01227	0.51649	0.02983	0.06545	0.04727	0.13796	0.02058	0.01128	0.00765	0.00231	0.00714	0.00915	0.00728	0.01109
69	0.02044	0.26691	0.10664	0.01454	0.01972	0.14899	0.01336	0.06615	0.01774	0.09726	0.01856	0.14355	0.01738	0.00996	0.00658	0.00207	0.00833	0.00775	0.00481	0.00927
70	0.01941	0.01249	0.04085	0.01284	0.01631	0.01171	0.01032	0.17614	0.02064	0.18898	0.06230	0.28530	0.02983	0.01731	0.05692	0.00314	0.00685	0.01225	0.00713	0.00926
71	0.53048	0.02117	0.01411	0.01272	0.01696	0.25765	0.01000	0.02401	0.01521	0.02750	0.01051	0.01226	0.00839	0.00700	0.00521	0.00212	0.00821	0.00419	0.00424	0.00806
72	0.01015	0.00698	0.00851	0.00887	0.00917	0.00700	0.00553	0.01085	0.01186	0.01602	0.05431	0.20223	0.03220	0.47845	0.10113	0.00641	0.00757	0.01266	0.00503	0.00507
73	0.01774	0.01601	0.02200	0.14745	0.25541	0.05802	0.01661	0.12949	0.01876	0.02527	0.06233	0.04513	0.01715	0.03772	0.05376	0.00306	0.05240	0.00751	0.00459	0.00960
74	0.01144	0.00822	0.01137	0.01297	0.01462	0.00815	0.01121	0.01462	0.01659	0.02151	0.04002	0.11444	0.06929	0.02015	0.00994	0.00329	0.00644	0.59240	0.00670	0.00663
75	0.01943	0.74891	0.03809	0.01244	0.01866	0.02876	0.01244	0.02177	0.01477	0.01710	0.01011	0.01166	0.00933	0.00622	0.00466	0.00155	0.00777	0.00389	0.00311	0.00933
76	0.32392	0.01829	0.11015	0.13791	0.13789	0.05090	0.01543	0.02125	0.01456	0.02589	0.01309	0.01812	0.01077	0.00743	0.00614	0.00226	0.00792	0.03583	0.00400	0.03824
77	0.01257	0.00979	0.01314	0.06829	0.01542	0.01157	0.00948	0.04663	0.01273	0.01805	0.01867	0.03175	0.01871	0.27599	0.25301	0.00712	0.12381	0.00831	0.03853	0.00644
78	0.01763	0.01522	0.01600	0.01444	0.01847	0.01751	0.01122	0.03728	0.65416	0.02989	0.03169	0.02916	0.05431	0.01027	0.00745	0.00246	0.00565	0.00856	0.00737	0.01125
79	0.00893	0.00654	0.00842	0.00988	0.01062	0.00603	0.00677	0.01034	0.01437	0.01881	0.04438	0.62834	0.13226	0.02211	0.00922	0.00290	0.00424	0.04315	0.00675	0.00596
80	0.32935	0.01813	0.01698	0.20002	0.02622	0.13438	0.01307	0.11181	0.04160	0.02818	0.01274	0.01533	0.00973	0.00739	0.00605	0.00223	0.00827	0.00523	0.00452	0.00876
81	0.01607	0.00960	0.01001	0.00896	0.01129	0.01005	0.00679	0.15120	0.01855	0.02932	0.02233	0.02768	0.01832	0.10048	0.00952	0.00246	0.00479	0.00720	0.52779	0.00763
82	0.01055	0.00712	0.00832	0.00832	0.00846	0.00726	0.00489	0.01082	0.01069	0.01439	0.02254	0.04558	0.02556	0.67238	0.10798	0.00753	0.00835	0.01028	0.00435	0.00462
83	0.05600	0.01230	0.01557	0.01259	0.01738	0.01161	0.01019	0.03243	0.13198	0.47255	0.12024	0.02873	0.02530	0.00987	0.00739	0.00229	0.00571	0.00814	0.00842	0.01129
84	0.01236	0.01086	0.01745	0.13425	0.02207	0.01313	0.06174	0.01543	0.01248	0.01774	0.01639	0.02427	0.01480	0.03612	0.43050	0.00804	0.13409	0.00739	0.00365	0.00724
85	0.02565	0.01726	0.01914	0.01516	0.02018	0.01859	0.01226	0.46161	0.07046	0.13954	0.02173	0.07115	0.01699	0.04489	0.00884	0.00250	0.00728	0.00794	0.00736	0.01148
86	0.00896	0.00637	0.00840	0.00998	0.01038	0.00598	0.00660	0.01015	0.01371	0.01828	0.03899	0.69645	0.04672	0.06796	0.01101	0.00321	0.00439	0.02003	0.00660	0.00581
87	0.01355	0.00678	0.00678	0.00678	0.00847	0.00678	0.00508	0.01694	0.01524	0.02710	0.02371	0.02710	0.01863	0.00847	0.00508	0.00169	0.00339	0.00678	0.78489	0.00678
88	0.01722	0.01649	0.02812	0.16768	0.58214	0.01707	0.02193	0.02163	0.01619	0.02281	0.01354	0.01824	0.01119	0.00662	0.00721	0.00221	0.00883	0.00647	0.00353	0.01089
89	0.01903	0.01045	0.01405	0.01332	0.05733	0.00979	0.00976	0.06068	0.02052	0.24311	0.32142	0.04244	0.04181	0.03997	0.00920	0.00253	0.00531	0.06240	0.00776	0.00912
90	0.79588	0.01406	0.01068	0.00956	0.01406	0.01631	0.00787	0.02137	0.01237	0.03261	0.01012	0.01181	0.00787	0.00675	0.00450	0.00225	0.00562	0.00394	0.00450	0.00787
91	0.01696	0.01644	0.02868	0.19988	0.50426	0.01709	0.06740	0.02152	0.01613	0.02253	0.01357	0.01842	0.01106	0.00663	0.00731	0.00224	0.00913	0.00662	0.00352	0.01061
92	0.01266	0.00638	0.00914	0.00914	0.00932	0.00638	0.00612	0.01029	0.01011	0.01419	0.01411	0.02344	0.01370	0.04662	0.02625	0.68122	0.00603	0.00650	0.08484	0.00357
93	0.03945	0.01440	0.04675	0.59063	0.13225	0.01633	0.02030	0.01930	0.01476	0.01985	0.01293	0.01881	0.00985	0.00714	0.00716	0.00238	0.00946	0.00634	0.00331	0.00861
94	0.01568	0.19954	0.55462	0.01883	0.02855	0.01959	0.02357	0.02273	0.01522	0.02167	0.01238	0.01451	0.00924	0.00675	0.00640	0.00213	0.01007	0.00503	0.00308	0.01042
95	0.08943	0.01250	0.01641	0.01268	0.01822	0.01110	0.01047	0.03438	0.02018	0.65423	0.02730	0.02378	0.01724	0.00883	0.00710	0.00225	0.00614	0.00706	0.00866	0.01204
96	0.00892	0.00635	0.00842	0.01004	0.01045	0.00595	0.00666	0.01014	0.01379	0.01839	0.03943	0.71431	0.04728	0.04935	0.01030	0.00310	0.00432	0.02029	0.00666	0.00585
97	0.02284	0.27314	0.04798	0.03983	0.02092	0.02102	0.01289	0.14217	0.15847	0.16170	0.01932	0.01888	0.01426	0.00802	0.00638	0.00205	0.00725	0.00607	0.00590	0.01092
98	0.00930	0.00664	0.00894	0.01063	0.01124	0.00628	0.00752	0.01088	0.01435	0.01905	0.03982	0.63814	0.04711	0.02236	0.00940	0.00301	0.00460	0.11797	0.00674	0.00603
99	0.00913	0.00748	0.00811	0.00822	0.01050	0.00646	0.00634	0.01132	0.01708	0.02102	0.14587	0.06931	0.55051	0.01815	0.00874	0.00253	0.00397	0.08208	0.00690	0.00628
100	0.04066	0.17840	0.55141	0.01871	0.02835	0.01923	0.02338	0.02272	0.01514	0.02215	0.01237	0.01450	0.00919	0.00676	0.00638	0.00215	0.00999	0.00503	0.00312	0.01037

[dist]
# distance from previous block
# <min> <max>
0	1

[block]
# block no. 6 follows, 28 sequences, length 128
# corresponding to MSA columns:
# 353-480
name=unknown_G
#
# <colnr> <probs for GDERKNQSTAVLIFYWHMCP>
#	G	D	E	R	K	N	Q	S	T	A	V	L	I	F	Y	W	H	M	C	P
0	0.01877	0.01716	0.02536	0.07253	0.47678	0.06440	0.01904	0.02411	0.07145	0.06460	0.06059	0.02126	0.01628	0.00757	0.00727	0.00219	0.00828	0.00698	0.00451	0.01086
1	0.01458	0.03760	0.70688	0.02072	0.03146	0.01688	0.02686	0.02302	0.01535	0.02302	0.01304	0.01535	0.00921	0.00691	0.00691	0.00230	0.01074	0.00537	0.00307	0.01074
2	0.04645	0.12297	0.45362	0.04401	0.07496	0.09357	0.02242	0.02325	0.01578	0.02199	0.01241	0.01483	0.00936	0.00686	0.00653	0.00215	0.01025	0.00517	0.00324	0.01017
3	0.01058	0.00702	0.00798	0.00803	0.00816	0.00699	0.00462	0.01087	0.01124	0.01525	0.04958	0.07539	0.02870	0.66453	0.03380	0.00653	0.00668	0.01097	0.02846	0.00463
4	0.01281	0.00915	0.01256	0.04054	0.07610	0.00880	0.00916	0.01682	0.04632	0.07383	0.46459	0.08386	0.08920	0.01381	0.00830	0.00233	0.00449	0.01220	0.00732	0.00781
5	0.01487	0.01270	0.01486	0.01075	0.01701	0.00957	0.00855	0.01804	0.01504	0.02352	0.01381	0.03879	0.01199	0.00595	0.00551	0.00114	0.00535	0.00484	0.00439	0.76335
6	0.02021	0.67740	0.03634	0.01307	0.01904	0.09750	0.01260	0.02249	0.01535	0.01717	0.01022	0.01181	0.00933	0.00635	0.00485	0.00159	0.00831	0.00397	0.00317	0.00924
7	0.01808	0.01561	0.01644	0.01479	0.01890	0.01808	0.01151	0.03863	0.68606	0.03041	0.02959	0.02712	0.02219	0.00986	0.00740	0.00247	0.00575	0.00822	0.00740	0.01151
8	0.01244	0.00882	0.01151	0.01157	0.04969	0.00838	0.00815	0.01693	0.06600	0.06817	0.52275	0.04992	0.10931	0.01399	0.00834	0.00230	0.00406	0.01227	0.00768	0.00770
9	0.00950	0.00690	0.00819	0.00890	0.00973	0.00644	0.00592	0.01063	0.01374	0.01779	0.06056	0.32234	0.18767	0.25259	0.01801	0.00415	0.00508	0.04032	0.00603	0.00553
10	0.01038	0.00779	0.01168	0.01168	0.01298	0.00909	0.00909	0.01298	0.01168	0.01687	0.01947	0.02856	0.01817	0.05452	0.71573	0.01168	0.01947	0.00779	0.00389	0.00649
11	0.02017	0.01939	0.01744	0.01561	0.01972	0.14940	0.01208	0.06255	0.53455	0.02866	0.02564	0.02409	0.01938	0.00937	0.00723	0.00234	0.00723	0.00749	0.00670	0.01096
12	0.01920	0.01887	0.02675	0.18673	0.36866	0.12312	0.06753	0.02331	0.01701	0.05915	0.01404	0.01804	0.01111	0.00692	0.00722	0.00220	0.00968	0.00640	0.00384	0.01022
13	0.01131	0.00808	0.01125	0.01293	0.01442	0.00802	0.01101	0.01437	0.01634	0.02130	0.03871	0.17454	0.04271	0.02046	0.00993	0.00329	0.00635	0.56169	0.00670	0.00658
14	0.00873	0.00732	0.00758	0.00762	0.00993	0.00618	0.00567	0.01066	0.01674	0.02028	0.11719	0.09901	0.62153	0.01835	0.00862	0.00246	0.00369	0.01542	0.00684	0.00618
15	0.08095	0.01950	0.02078	0.01603	0.02174	0.02148	0.01324	0.59576	0.03196	0.07997	0.01754	0.01745	0.01235	0.00860	0.00708	0.00219	0.00774	0.00641	0.00717	0.01205
16	0.76481	0.01399	0.01094	0.00970	0.01424	0.01608	0.00799	0.02194	0.01271	0.05996	0.01088	0.01233	0.00828	0.00684	0.00461	0.00225	0.00565	0.00407	0.00468	0.00806
17	0.00886	0.00633	0.00843	0.01012	0.01054	0.00590	0.00675	0.01012	0.01392	0.01856	0.04006	0.73979	0.04808	0.02277	0.00928	0.00295	0.00422	0.02066	0.00675	0.00590
18	0.01355	0.00678	0.00678	0.00678	0.00847	0.00678	0.00508	0.01694	0.01524	0.02710	0.02371	0.02710	0.01863	0.00847	0.00508	0.00169	0.00339	0.00678	0.78489	0.00678
19	0.01458	0.03760	0.70688	0.02072	0.03146	0.01688	0.02686	0.02302	0.01535	0.02302	0.01304	0.01535	0.00921	0.00691	0.00691	0.00230	0.01074	0.00537	0.00307	0.01074
20	0.20163	0.01274	0.01550	0.01219	0.01756	0.01193	0.01006	0.03231	0.01894	0.55551	0.02457	0.02188	0.01575	0.00850	0.00669	0.00225	0.00606	0.00656	0.00800	0.01137
21	0.02763	0.02036	0.02182	0.01672	0.02254	0.02254	0.01382	0.67496	0.03418	0.04581	0.01745	0.01745	0.01236	0.00873	0.00727	0.00218	0.00800	0.00654	0.00727	0.01236
22	0.01089	0.00802	0.01053	0.06999	0.01449	0.00815	0.00824	0.05698	0.01504	0.01998	0.03393	0.51384	0.03934	0.11511	0.01264	0.00341	0.00540	0.04148	0.00618	0.00636
23	0.01057	0.00705	0.00793	0.00793	0.00793	0.00705	0.00440	0.01057	0.01057	0.01409	0.02290	0.04757	0.02643	0.74454	0.03700	0.00705	0.00705	0.01057	0.00440	0.00440
24	0.01511	0.11466	0.63443	0.01982	0.03007	0.01817	0.02529	0.02288	0.01528	0.02238	0.01273	0.01495	0.00922	0.00683	0.00666	0.00222	0.01042	0.00521	0.00307	0.01059
25	0.01449	0.03579	0.65702	0.02057	0.03083	0.01652	0.04693	0.02265	0.01562	0.02328	0.04088	0.01707	0.01168	0.00720	0.00703	0.00231	0.01049	0.00579	0.00329	0.01055
26	0.03261	0.01237	0.01687	0.01293	0.01856	0.01068	0.01068	0.03543	0.02081	0.70423	0.02868	0.02474	0.01799	0.00900	0.00731	0.00225	0.00619	0.00731	0.00900	0.01237
27	0.01171	0.00837	0.01171	0.01339	0.01506	0.00837	0.01171	0.01506	0.01673	0.02175	0.03849	0.08199	0.04183	0.02008	0.01004	0.00335	0.00669	0.65027	0.00669	0.00669
28	0.01981	0.40289	0.18979	0.01648	0.02329	0.16797	0.04588	0.02363	0.01622	0.01890	0.01123	0.01317	0.00938	0.00664	0.00575	0.00183	0.00977	0.00461	0.00326	0.00949
29	0.01019	0.00708	0.00792	0.00796	0.00842	0.00686	0.00475	0.01064	0.01196	0.01563	0.05456	0.07595	0.13247	0.58111	0.03063	0.00603	0.00630	0.01176	0.00498	0.00481
30	0.00886	0.00633	0.00843	0.01012	0.01054	0.00590	0.00675	0.01012	0.01392	0.01856	0.04006	0.73979	0.04808	0.02277	0.00928	0.00295	0.00422	0.02066	0.00675	0.00590
31	0.04993	0.15724	0.02349	0.01729	0.02131	0.50427	0.01368	0.04789	0.01913	0.01905	0.01109	0.01314	0.00942	0.00763	0.00732	0.00193	0.05911	0.00469	0.00374	0.00866
32	0.01292	0.01185	0.01878	0.49927	0.07550	0.01391	0.01672	0.01748	0.03600	0.01938	0.02457	0.09308	0.11078	0.01031	0.00764	0.00246	0.00815	0.00908	0.00420	0.00790
