[name]
unknown

[dist]
# distance from previous block
# <min> <max>
0	41

[block]
# block no. 0 follows, 28 sequences, length 18
# corresponding to MSA columns:
# 49-66
name=unknown_A
#
# <colnr> <probs for GDERKNQSTAVLIFYWHMCP>
#	G	D	E	R	K	N	Q	S	T	A	V	L	I	F	Y	W	H	M	C	P
0	0.01888	0.01566	0.01693	0.01391	0.01841	0.09257	0.04904	0.11441	0.09486	0.07979	0.02444	0.06333	0.06560	0.03970	0.00830	0.00223	0.00703	0.04225	0.03438	0.19828
1	0.01823	0.06627	0.04100	0.01350	0.01879	0.01446	0.03303	0.15015	0.08934	0.06386	0.02032	0.12546	0.01809	0.00944	0.00676	0.00190	0.00638	0.00791	0.00568	0.28943
2	0.07370	0.04247	0.02040	0.04672	0.09816	0.01607	0.05119	0.14968	0.11919	0.06026	0.01835	0.05693	0.01491	0.00817	0.00673	0.00201	0.00697	0.00688	0.00550	0.19571
3	0.01781	0.05465	0.02122	0.01546	0.02086	0.05506	0.12078	0.06966	0.08804	0.06185	0.06539	0.06503	0.01871	0.00832	0.00686	0.00187	0.00718	0.00738	0.00530	0.28857
4	0.01795	0.01596	0.06307	0.01612	0.02192	0.01370	0.13057	0.09506	0.09332	0.08696	0.02129	0.08801	0.03566	0.00881	0.00712	0.00200	0.00720	0.00795	0.00551	0.26183
5	0.01797	0.01569	0.06057	0.01384	0.02024	0.01268	0.05716	0.06908	0.09257	0.08652	0.01665	0.01779	0.01273	0.00659	0.00623	0.00159	0.00649	0.00554	0.00516	0.47489
6	0.02044	0.05917	0.01840	0.01295	0.01863	0.01314	0.03447	0.12771	0.01928	0.16329	0.01907	0.08030	0.01564	0.00824	0.00649	0.00173	0.00627	0.00683	0.00584	0.36213
7	0.01988	0.32320	0.12460	0.01627	0.02268	0.02126	0.09489	0.07037	0.07793	0.09907	0.01695	0.05311	0.01382	0.00795	0.00641	0.00204	0.00821	0.00648	0.00470	0.01016
8	0.02298	0.24110	0.02310	0.01263	0.01832	0.01720	0.01095	0.07581	0.05430	0.24425	0.01951	0.04747	0.01492	0.00802	0.00620	0.00184	0.00656	0.00620	0.00595	0.16272
9	0.05443	0.01351	0.01625	0.01322	0.01812	0.01344	0.01068	0.08667	0.19439	0.39173	0.06432	0.02733	0.04300	0.00974	0.00734	0.00231	0.00597	0.00793	0.00815	0.01148
10	0.06900	0.05265	0.01631	0.01282	0.01716	0.01479	0.01033	0.08599	0.24796	0.19975	0.08939	0.03000	0.07961	0.01162	0.02777	0.00257	0.00617	0.00838	0.00728	0.01044
11	0.00884	0.00701	0.00787	0.00841	0.01005	0.00613	0.00597	0.01052	0.01569	0.01961	0.09529	0.29228	0.42073	0.04542	0.00983	0.00277	0.00397	0.01683	0.00674	0.00604
12	0.02746	0.01345	0.01657	0.01321	0.01821	0.01312	0.01074	0.12668	0.12429	0.43236	0.05765	0.02556	0.02019	0.00933	0.00724	0.00224	0.00608	0.00757	0.05641	0.01164
13	0.06963	0.02383	0.02077	0.02208	0.15816	0.31651	0.01456	0.05246	0.12737	0.09975	0.01680	0.01774	0.01286	0.00784	0.00681	0.00210	0.00962	0.00593	0.00506	0.01010
14	0.01047	0.00803	0.01163	0.01189	0.01308	0.00770	0.05603	0.04460	0.01507	0.02013	0.03651	0.62828	0.04286	0.04392	0.01001	0.00301	0.00509	0.01874	0.00647	0.00647
15	0.00900	0.00734	0.00796	0.00789	0.01009	0.00630	0.00589	0.01120	0.01741	0.02184	0.21924	0.09283	0.52220	0.01774	0.00861	0.00243	0.00364	0.01503	0.00705	0.00630
16	0.00886	0.00633	0.00843	0.01012	0.01054	0.00590	0.00675	0.01012	0.01392	0.01856	0.04006	0.73979	0.04808	0.02277	0.00928	0.00295	0.00422	0.02066	0.00675	0.00590
17	0.02030	0.02319	0.15583	0.02549	0.17744	0.09385	0.12014	0.12367	0.08286	0.06121	0.01653	0.01856	0.01241	0.00745	0.00727	0.00223	0.00946	0.00662	0.02469	0.01081

[dist]
# distance from previous block
# <min> <max>
9	17

[block]
# block no. 1 follows, 28 sequences, length 31
# corresponding to MSA columns:
# 85-115
name=unknown_B
#
# <colnr> <probs for GDERKNQSTAVLIFYWHMCP>
#	G	D	E	R	K	N	Q	S	T	A	V	L	I	F	Y	W	H	M	C	P
0	0.01980	0.01802	0.01756	0.01660	0.06390	0.12767	0.01204	0.17636	0.22233	0.02897	0.02585	0.11799	0.05883	0.01096	0.00743	0.00228	0.00730	0.00900	0.00625	0.05088
1	0.01251	0.01011	0.01086	0.01032	0.01282	0.01031	0.00763	0.05621	0.19170	0.02352	0.07269	0.13321	0.29662	0.10442	0.01174	0.00305	0.00494	0.01295	0.00671	0.00769
2	0.01621	0.04509	0.11507	0.02273	0.04713	0.04198	0.30013	0.02097	0.01579	0.02197	0.01758	0.02123	0.05667	0.00807	0.00986	0.00232	0.11266	0.00748	0.03397	0.08309
3	0.01238	0.00640	0.00929	0.00929	0.00929	0.00640	0.00609	0.00960	0.00960	0.01280	0.01385	0.02514	0.01427	0.11113	0.02943	0.69521	0.00640	0.00682	0.00331	0.00331
4	0.01953	0.01575	0.01682	0.01482	0.01913	0.01797	0.01161	0.08109	0.60519	0.06910	0.02872	0.02634	0.02130	0.00974	0.00738	0.00243	0.00593	0.00806	0.00748	0.01161
5	0.01587	0.01478	0.06247	0.01221	0.01896	0.01052	0.03292	0.01953	0.01541	0.05306	0.01367	0.01567	0.01098	0.00567	0.00568	0.00126	0.00602	0.00466	0.00440	0.67626
6	0.01823	0.25851	0.13711	0.01845	0.02415	0.07454	0.13220	0.06521	0.01649	0.02125	0.01390	0.06372	0.01245	0.00854	0.00886	0.00220	0.10437	0.00665	0.00379	0.00936
7	0.00966	0.00693	0.00901	0.01040	0.01106	0.00661	0.00705	0.03851	0.01478	0.01972	0.03910	0.70895	0.04655	0.02217	0.00919	0.00292	0.00438	0.02006	0.00677	0.00618
8	0.01136	0.00767	0.01006	0.00933	0.01123	0.00704	0.00704	0.01476	0.02059	0.06171	0.66320	0.05287	0.06615	0.01458	0.00851	0.00228	0.00356	0.01286	0.00805	0.00712
9	0.02219	0.26879	0.02896	0.01792	0.02242	0.33075	0.08264	0.02463	0.01716	0.01810	0.01102	0.01364	0.00955	0.00755	0.00821	0.00198	0.09720	0.00503	0.00346	0.00881
10	0.02131	0.01839	0.02583	0.04856	0.24710	0.05632	0.10532	0.15924	0.13683	0.07936	0.01830	0.01996	0.01378	0.00774	0.00741	0.00226	0.00859	0.00704	0.00541	0.01125
11	0.01199	0.00970	0.01093	0.01022	0.01281	0.00979	0.00778	0.01975	0.20512	0.02683	0.33539	0.05110	0.23153	0.01446	0.00825	0.00238	0.00415	0.01239	0.00748	0.00795
12	0.00884	0.00640	0.00836	0.00993	0.01049	0.00592	0.00666	0.01014	0.01410	0.01863	0.04236	0.69407	0.09232	0.02248	0.00923	0.00292	0.00418	0.02030	0.00675	0.00592
13	0.01799	0.01727	0.02950	0.04462	0.69919	0.01727	0.02231	0.02231	0.01655	0.02375	0.01367	0.01799	0.01151	0.00648	0.00720	0.00216	0.00864	0.00648	0.00360	0.01151
14	0.01380	0.01298	0.02150	0.58822	0.04410	0.01596	0.04214	0.01881	0.03775	0.01909	0.01519	0.06773	0.01274	0.00867	0.00842	0.00250	0.05110	0.00754	0.00362	0.00810
15	0.00884	0.00639	0.00837	0.00996	0.01050	0.00592	0.00668	0.01014	0.01407	0.01862	0.04200	0.70119	0.08543	0.02252	0.00924	0.00292	0.00419	0.02036	0.00675	0.00592
16	0.01263	0.00631	0.00947	0.00947	0.00947	0.00631	0.00631	0.00947	0.00947	0.01263	0.01263	0.02210	0.01263	0.02525	0.02841	0.78851	0.00631	0.00631	0.00316	0.00316
17	0.02629	0.03320	0.01994	0.01816	0.02171	0.67826	0.01354	0.02806	0.02007	0.01760	0.01185	0.01491	0.01026	0.04609	0.00815	0.00214	0.01279	0.00499	0.00378	0.00822
18	0.01590	0.01590	0.02226	0.01908	0.01908	0.02226	0.01590	0.01749	0.01113	0.01749	0.00954	0.01590	0.00954	0.01272	0.02385	0.00318	0.73123	0.00636	0.00318	0.00795
19	0.70057	0.01385	0.01146	0.00998	0.01462	0.01560	0.00822	0.02312	0.01342	0.11649	0.01244	0.01342	0.00914	0.00703	0.00485	0.00225	0.00569	0.00436	0.00506	0.00843
20	0.01465	0.01247	0.01462	0.01072	0.01677	0.00943	0.00849	0.01774	0.01499	0.02334	0.01477	0.06454	0.01331	0.00657	0.00565	0.00120	0.00530	0.00542	0.00447	0.73552
21	0.01764	0.01677	0.02850	0.04285	0.66046	0.01677	0.02171	0.02190	0.01656	0.02363	0.01508	0.02161	0.01323	0.00725	0.00736	0.00223	0.00853	0.04293	0.00377	0.01124
22	0.03261	0.01237	0.01687	0.01293	0.01856	0.01068	0.01068	0.03543	0.02081	0.70423	0.02868	0.02474	0.01799	0.00900	0.00731	0.00225	0.00619	0.00731	0.00900	0.01237
23	0.00883	0.00642	0.00834	0.00987	0.01048	0.00593	0.00664	0.01015	0.01416	0.01865	0.04314	0.67851	0.10738	0.02237	0.00922	0.00291	0.00417	0.02018	0.00675	0.00593
24	0.01652	0.01813	0.05897	0.02465	0.02959	0.01824	0.38662	0.05747	0.01628	0.02269	0.01611	0.09069	0.01440	0.00955	0.01216	0.00265	0.18306	0.00902	0.00405	0.00915
25	0.01056	0.00708	0.00807	0.00807	0.00812	0.00712	0.00458	0.01066	0.01061	0.01420	0.02277	0.04685	0.02612	0.71857	0.06254	0.00722	0.00751	0.01047	0.00439	0.00448
26	0.01057	0.00705	0.00793	0.00793	0.00793	0.00705	0.00440	0.01057	0.01057	0.01409	0.02290	0.04757	0.02643	0.74454	0.03700	0.00705	0.00705	0.01057	0.00440	0.00440
27	0.02039	0.08532	0.02414	0.08598	0.20850	0.17694	0.01640	0.02580	0.10800	0.05997	0.01522	0.01780	0.01224	0.00817	0.00904	0.00224	0.10351	0.00611	0.00433	0.00990
28	0.01334	0.01089	0.01294	0.01230	0.01381	0.03570	0.00933	0.01668	0.07569	0.05934	0.06470	0.25874	0.15804	0.05126	0.01326	0.00295	0.16445	0.01324	0.00599	0.00734
29	0.00886	0.00633	0.00843	0.01012	0.01054	0.00590	0.00675	0.01012	0.01392	0.01856	0.04006	0.73979	0.04808	0.02277	0.00928	0.00295	0.00422	0.02066	0.00675	0.00590
30	0.01890	0.41382	0.15542	0.01448	0.02087	0.02314	0.01476	0.13577	0.01820	0.02339	0.01500	0.08770	0.01380	0.00848	0.00601	0.00195	0.00800	0.00634	0.00421	0.00977

[dist]
# distance from previous block
# <min> <max>
1	2

[block]
# block no. 2 follows, 28 sequences, length 99
# corresponding to MSA columns:
# 118-216
name=unknown_C
#
# <colnr> <probs for GDERKNQSTAVLIFYWHMCP>
#	G	D	E	R	K	N	Q	S	T	A	V	L	I	F	Y	W	H	M	C	P
0	0.01580	0.01576	0.02224	0.05229	0.02054	0.02198	0.01610	0.01754	0.01129	0.01754	0.00970	0.01607	0.00955	0.01247	0.02308	0.00315	0.69739	0.00637	0.00318	0.00796
1	0.01445	0.01284	0.01720	0.20523	0.02592	0.01241	0.01232	0.01786	0.01450	0.02145	0.01407	0.05556	0.01238	0.00752	0.00783	0.00174	0.07422	0.00597	0.00404	0.46250
2	0.02307	0.01881	0.06332	0.01615	0.02117	0.01962	0.01378	0.33713	0.19671	0.08881	0.02197	0.02169	0.03388	0.00958	0.00893	0.00237	0.07762	0.00719	0.00676	0.01144
3	0.01040	0.00774	0.01141	0.01141	0.01262	0.00894	0.00875	0.01281	0.01160	0.01668	0.01971	0.02991	0.01876	0.10366	0.66739	0.01135	0.01859	0.00799	0.00393	0.00634
4	0.01810	0.01212	0.01394	0.03880	0.01688	0.01255	0.00972	0.08018	0.22796	0.15012	0.12537	0.03825	0.16842	0.01192	0.00768	0.00234	0.00532	0.00995	0.04074	0.00965
5	0.01583	0.01563	0.02162	0.01834	0.01892	0.02113	0.01525	0.01757	0.01149	0.01805	0.00985	0.01583	0.00965	0.01206	0.02219	0.00299	0.66595	0.00618	0.00328	0.07819
6	0.02439	0.04216	0.02159	0.01628	0.02114	0.02035	0.04118	0.45989	0.02802	0.07001	0.03806	0.01938	0.01437	0.00912	0.00881	0.00224	0.08135	0.00678	0.06374	0.01112
7	0.02594	0.01377	0.01698	0.03240	0.01934	0.01342	0.01109	0.14619	0.10654	0.36884	0.04894	0.06259	0.02012	0.00968	0.00731	0.00222	0.00628	0.00796	0.00781	0.07259
8	0.02619	0.01856	0.02016	0.01582	0.02127	0.02031	0.01295	0.50678	0.12256	0.10431	0.02191	0.02109	0.03532	0.00921	0.00733	0.00224	0.00739	0.00712	0.00743	0.01205
9	0.02914	0.01794	0.02032	0.01558	0.02134	0.01895	0.01287	0.48131	0.03013	0.24517	0.02085	0.01966	0.01407	0.00881	0.00728	0.00220	0.00745	0.00678	0.00779	0.01236
10	0.01056	0.00708	0.00809	0.00809	0.00815	0.00714	0.00461	0.01068	0.01062	0.01422	0.02275	0.04674	0.02607	0.71456	0.06648	0.00725	0.00759	0.01045	0.00438	0.00450
11	0.01918	0.63593	0.08220	0.01358	0.01968	0.05145	0.01366	0.02187	0.01481	0.01755	0.01031	0.01219	0.00933	0.00666	0.00592	0.00170	0.04734	0.00415	0.00313	0.00932
12	0.01479	0.01440	0.02009	0.01767	0.01774	0.01969	0.01446	0.01633	0.01157	0.01766	0.01434	0.12978	0.01560	0.01430	0.02156	0.00314	0.61687	0.00861	0.00374	0.00763
13	0.03261	0.01237	0.01687	0.01293	0.01856	0.01068	0.01068	0.03543	0.02081	0.70423	0.02868	0.02474	0.01799	0.00900	0.00731	0.00225	0.00619	0.00731	0.00900	0.01237
14	0.00881	0.00737	0.00767	0.00760	0.00996	0.00623	0.00570	0.01087	0.01710	0.02089	0.15561	0.06789	0.61349	0.01794	0.00859	0.00243	0.00365	0.01505	0.00692	0.00623
15	0.01943	0.74891	0.03809	0.01244	0.01866	0.02876	0.01244	0.02177	0.01477	0.01710	0.01011	0.01166	0.00933	0.00622	0.00466	0.00155	0.00777	0.00389	0.00311	0.00933
16	0.00868	0.00727	0.00755	0.00768	0.00992	0.00614	0.00569	0.01053	0.01648	0.01991	0.09460	0.13011	0.61322	0.01867	0.00865	0.00249	0.00372	0.01574	0.00680	0.00614
17	0.03107	0.01330	0.01716	0.01322	0.01871	0.01225	0.01090	0.12829	0.02253	0.57883	0.02682	0.02377	0.01720	0.00893	0.00721	0.00222	0.00633	0.00717	0.04195	0.01213
18	0.11358	0.01289	0.01642	0.01274	0.01825	0.01179	0.01052	0.06145	0.02048	0.60446	0.02622	0.02305	0.01667	0.00875	0.00701	0.00225	0.00620	0.00692	0.00844	0.01189
19	0.01373	0.01292	0.02180	0.72707	0.05006	0.01615	0.02019	0.01857	0.01453	0.01857	0.01292	0.01938	0.00969	0.00727	0.00727	0.00242	0.00969	0.00646	0.00323	0.00807
20	0.00972	0.00695	0.00941	0.01099	0.01182	0.00664	0.00814	0.01167	0.01502	0.01995	0.07036	0.52396	0.04730	0.02165	0.00946	0.00303	0.00487	0.19611	0.00679	0.00617
21	0.01430	0.01378	0.02269	0.55745	0.04334	0.01747	0.04391	0.01853	0.01394	0.01853	0.01230	0.01868	0.00971	0.00833	0.01068	0.00258	0.15590	0.00652	0.00324	0.00812
22	0.01777	0.60384	0.05599	0.01256	0.01803	0.02520	0.01226	0.02017	0.01464	0.01754	0.01516	0.08382	0.03574	0.00846	0.00598	0.00180	0.03256	0.00601	0.00358	0.00889
23	0.01095	0.00848	0.01218	0.01187	0.01285	0.01009	0.00908	0.01308	0.01147	0.01654	0.01899	0.03005	0.01851	0.14967	0.54998	0.01018	0.08775	0.00805	0.00390	0.00633
24	0.01950	0.01819	0.02359	0.14329	0.32367	0.11503	0.01778	0.02531	0.09707	0.07280	0.01616	0.01893	0.01262	0.00727	0.00703	0.00214	0.00871	0.00635	0.00445	0.06011
25	0.02159	0.01513	0.01676	0.01448	0.01899	0.01670	0.01143	0.06559	0.51618	0.17446	0.02887	0.02619	0.02087	0.00963	0.00737	0.00241	0.00594	0.00795	0.00773	0.01173
26	0.01500	0.00912	0.01228	0.01130	0.01377	0.00862	0.02683	0.01923	0.07245	0.15342	0.31217	0.21839	0.04772	0.01525	0.00846	0.00250	0.00468	0.03304	0.00766	0.00811
27	0.01248	0.00637	0.00936	0.00936	0.00936	0.00637	0.00617	0.00955	0.00955	0.01273	0.01338	0.02397	0.01364	0.07804	0.02904	0.73115	0.00637	0.00663	0.00325	0.00325
28	0.02411	0.01525	0.01899	0.01844	0.11509	0.01586	0.01286	0.14362	0.23434	0.25017	0.02467	0.02427	0.01781	0.04035	0.00859	0.00250	0.00674	0.00749	0.00723	0.01163
29	0.00893	0.00636	0.00841	0.01003	0.01043	0.00595	0.00665	0.01014	0.01377	0.01836	0.03932	0.70972	0.04714	0.05413	0.01048	0.00313	0.00434	0.02023	0.00665	0.00584
30	0.01005	0.00736	0.00946	0.00931	0.01096	0.00677	0.00699	0.01309	0.01927	0.02670	0.52942	0.12873	0.12674	0.01632	0.00873	0.00243	0.00372	0.04959	0.00768	0.00668
31	0.10741	0.04088	0.01937	0.06136	0.02118	0.01753	0.01278	0.17799	0.05765	0.24897	0.01900	0.01939	0.01346	0.00921	0.00990	0.00240	0.13797	0.00648	0.00639	0.01065
32	0.01401	0.01325	0.02212	0.66301	0.07285	0.01652	0.02004	0.01865	0.01443	0.01871	0.01277	0.01914	0.00975	0.00753	0.00816	0.00245	0.04873	0.00646	0.00324	0.00820
33	0.01156	0.00826	0.01154	0.01321	0.01482	0.00823	0.01144	0.01479	0.01658	0.02158	0.03857	0.11762	0.04217	0.02023	0.01000	0.00333	0.00656	0.61617	0.00670	0.00665
34	0.01464	0.01430	0.02555	0.56079	0.11290	0.01658	0.11263	0.01961	0.01511	0.01975	0.01325	0.01927	0.01006	0.00703	0.00745	0.00240	0.00995	0.00676	0.00333	0.00866
35	0.05279	0.01895	0.02047	0.01663	0.04021	0.03971	0.01323	0.47252	0.08970	0.13187	0.01955	0.01902	0.01376	0.00870	0.00717	0.00221	0.00763	0.00666	0.00722	0.01200
36	0.01118	0.00922	0.01419	0.32255	0.02768	0.01041	0.01254	0.01410	0.01424	0.01893	0.02753	0.39521	0.03008	0.01540	0.00822	0.00267	0.00657	0.01388	0.03852	0.00689
37	0.01492	0.01402	0.02368	0.59454	0.10780	0.01666	0.05641	0.04793	0.01573	0.02050	0.01329	0.01918	0.01005	0.00720	0.00733	0.00239	0.00966	0.00658	0.00347	0.00867
38	0.00940	0.00722	0.00977	0.08624	0.01468	0.00707	0.00802	0.01122	0.01463	0.01916	0.07016	0.54285	0.13221	0.02019	0.00894	0.00280	0.00470	0.01810	0.00643	0.00621
39	0.73864	0.01419	0.01153	0.01026	0.01443	0.01674	0.00846	0.02108	0.01228	0.03150	0.01008	0.01211	0.00799	0.00719	0.00592	0.00232	0.05888	0.00411	0.00440	0.00788
40	0.01507	0.01292	0.01507	0.01077	0.01723	0.00969	0.00861	0.01830	0.01507	0.02369	0.01292	0.01507	0.01077	0.00538	0.00538	0.00108	0.00538	0.00431	0.00431	0.78898
41	0.06615	0.01904	0.01877	0.01558	0.02047	0.08007	0.01246	0.30483	0.28781	0.06519	0.02177	0.02089	0.01597	0.00897	0.00711	0.00227	0.00735	0.00693	0.00694	0.01144
42	0.01565	0.01361	0.01683	0.01220	0.01841	0.01106	0.03819	0.04233	0.01569	0.02422	0.01302	0.01539	0.01079	0.00584	0.00636	0.00126	0.03590	0.00466	0.00434	0.69424
43	0.01655	0.01572	0.02666	0.19359	0.51843	0.01641	0.02100	0.02082	0.01596	0.02232	0.01494	0.05739	0.01309	0.00753	0.00732	0.00226	0.00863	0.00724	0.00369	0.01045
44	0.01808	0.01561	0.01644	0.01479	0.01890	0.01808	0.01151	0.03863	0.68606	0.03041	0.02959	0.02712	0.02219	0.00986	0.00740	0.00247	0.00575	0.00822	0.00740	0.01151
45	0.01057	0.00705	0.00793	0.00793	0.00793	0.00705	0.00440	0.01057	0.01057	0.01409	0.02290	0.04757	0.02643	0.74454	0.03700	0.00705	0.00705	0.01057	0.00440	0.00440
46	0.05426	0.01294	0.01694	0.01309	0.01865	0.01170	0.01079	0.06974	0.03995	0.63002	0.02755	0.02403	0.01751	0.00894	0.00723	0.00225	0.00625	0.00720	0.00873	0.01221
47	0.00859	0.00736	0.00736	0.00736	0.00982	0.00614	0.00552	0.01043	0.01657	0.01964	0.07364	0.06996	0.69624	0.01841	0.00859	0.00245	0.00368	0.01534	0.00675	0.00614
48	0.00894	0.00723	0.00795	0.00808	0.01011	0.00624	0.00594	0.01100	0.01693	0.02124	0.18374	0.16187	0.48855	0.01837	0.00869	0.00249	0.00371	0.01569	0.00698	0.00624
49	0.05746	0.01307	0.01562	0.01283	0.01764	0.01288	0.01034	0.05523	0.20438	0.39201	0.03270	0.02957	0.09300	0.01017	0.00736	0.00233	0.00583	0.00828	0.00806	0.01126
50	0.01458	0.03760	0.70688	0.02072	0.03146	0.01688	0.02686	0.02302	0.01535	0.02302	0.01304	0.01535	0.00921	0.00691	0.00691	0.00230	0.01074	0.00537	0.00307	0.01074
51	0.01373	0.01292	0.02180	0.72707	0.05006	0.01615	0.02019	0.01857	0.01453	0.01857	0.01292	0.01938	0.00969	0.00727	0.00727	0.00242	0.00969	0.00646	0.00323	0.00807
52	0.01032	0.00761	0.01102	0.01111	0.01219	0.00865	0.00835	0.01251	0.01166	0.01661	0.02106	0.07058	0.02091	0.14214	0.58850	0.01060	0.01701	0.00886	0.00412	0.00619
53	0.01888	0.00933	0.01247	0.01060	0.01382	0.00833	0.00833	0.02207	0.02066	0.28887	0.43887	0.04293	0.04912	0.01260	0.00809	0.00227	0.00449	0.01090	0.00838	0.00898
54	0.05616	0.01536	0.01804	0.01422	0.01950	0.01564	0.01161	0.27662	0.07054	0.34676	0.02442	0.06039	0.01740	0.00962	0.00731	0.00228	0.00672	0.00768	0.00795	0.01179
55	0.08236	0.01551	0.01747	0.01389	0.01917	0.06500	0.01140	0.15824	0.02266	0.45007	0.02436	0.02403	0.01659	0.00915	0.00717	0.00226	0.00703	0.03425	0.00787	0.01153
56	0.79588	0.01406	0.01068	0.00956	0.01406	0.01631	0.00787	0.02137	0.01237	0.03261	0.01012	0.01181	0.00787	0.00675	0.00450	0.00225	0.00562	0.00394	0.00450	0.00787
57	0.01799	0.01727	0.02950	0.04462	0.69919	0.01727	0.02231	0.02231	0.01655	0.02375	0.01367	0.01799	0.01151	0.00648	0.00720	0.00216	0.00864	0.00648	0.00360	0.01151
58	0.02016	0.01276	0.01559	0.01139	0.01761	0.00998	0.00921	0.02327	0.01674	0.22101	0.01749	0.01788	0.01286	0.00643	0.00594	0.00142	0.00562	0.00518	0.00567	0.56380
59	0.01868	0.59309	0.03473	0.01385	0.01875	0.02738	0.01317	0.02086	0.01400	0.01719	0.00999	0.01256	0.00937	0.00760	0.00874	0.00190	0.16157	0.00441	0.00312	0.00904
60	0.01570	0.01494	0.02537	0.41075	0.35093	0.01667	0.02117	0.02030	0.01547	0.02097	0.01327	0.01874	0.01054	0.00690	0.00723	0.00230	0.00920	0.00647	0.00340	0.00967
61	0.03201	0.01251	0.01685	0.01301	0.01857	0.01099	0.01072	0.03556	0.04841	0.67627	0.02872	0.02484	0.01817	0.00903	0.00731	0.00226	0.00617	0.00735	0.00893	0.01233
62	0.00997	0.00729	0.00937	0.00913	0.01074	0.00668	0.00674	0.01300	0.01942	0.02705	0.56315	0.14225	0.11579	0.01614	0.00866	0.00238	0.00355	0.01427	0.00774	0.00668
63	0.01852	0.01901	0.02579	0.16119	0.41207	0.12463	0.01985	0.02310	0.04517	0.02184	0.01362	0.01777	0.01120	0.00726	0.00802	0.00223	0.04852	0.00627	0.00369	0.01023
64	0.01023	0.00784	0.00945	0.00929	0.01115	0.00736	0.00687	0.01420	0.06742	0.02532	0.39601	0.16385	0.21077	0.01658	0.00860	0.00244	0.00378	0.01449	0.00746	0.00688
65	0.01057	0.00705	0.00793	0.00793	0.00793	0.00705	0.00440	0.01057	0.01057	0.01409	0.02290	0.04757	0.02643	0.74454	0.03700	0.00705	0.00705	0.01057	0.00440	0.00440
66	0.00906	0.00647	0.00867	0.01035	0.01086	0.00608	0.00710	0.01047	0.01412	0.01878	0.03995	0.69306	0.04763	0.02258	0.00933	0.00298	0.00439	0.06539	0.00674	0.00596
67	0.02755	0.02282	0.02161	0.01707	0.02253	0.14181	0.01386	0.56376	0.03184	0.04099	0.01638	0.01670	0.01185	0.00851	0.00715	0.00213	0.00888	0.00622	0.00666	0.01168
68	0.01171	0.00837	0.01171	0.01339	0.01506	0.00837	0.01171	0.01506	0.01673	0.02175	0.03849	0.08199	0.04183	0.02008	0.01004	0.00335	0.00669	0.65027	0.00669	0.00669
69	0.01582	0.01579	0.02225	0.04479	0.02021	0.02204	0.01606	0.01753	0.01126	0.01753	0.00966	0.01603	0.00955	0.01252	0.02325	0.00315	0.70503	0.00636	0.00318	0.00796
70	0.01542	0.03172	0.51074	0.02568	0.16156	0.01732	0.05030	0.02258	0.01542	0.02287	0.01304	0.01606	0.00975	0.00712	0.00797	0.00233	0.05047	0.00577	0.00320	0.01070
71	0.01557	0.01549	0.02240	0.01906	0.01946	0.02116	0.04368	0.01742	0.01143	0.01770	0.01047	0.01696	0.01022	0.01541	0.07235	0.00375	0.64973	0.00656	0.00325	0.00793
72	0.79588	0.01406	0.01068	0.00956	0.01406	0.01631	0.00787	0.02137	0.01237	0.03261	0.01012	0.01181	0.00787	0.00675	0.00450	0.00225	0.00562	0.00394	0.00450	0.00787
73	0.01337	0.00681	0.00694	0.00691	0.00860	0.00678	0.00518	0.01676	0.01554	0.02721	0.06108	0.02861	0.02141	0.00882	0.00528	0.00173	0.00339	0.00713	0.74167	0.00678
74	0.01430	0.01276	0.01701	0.16070	0.02302	0.03679	0.05423	0.03929	0.01449	0.01984	0.01888	0.02808	0.05277	0.20474	0.01633	0.00337	0.07096	0.00759	0.00419	0.20067
75	0.01716	0.01961	0.04289	0.03064	0.03799	0.01838	0.67279	0.02328	0.01716	0.02328	0.01471	0.01961	0.01103	0.00613	0.00858	0.00245	0.01225	0.00858	0.00368	0.00980
76	0.01979	0.71700	0.03738	0.01263	0.01883	0.02849	0.01250	0.05037	0.01562	0.01836	0.01043	0.01191	0.00946	0.00633	0.00478	0.00158	0.00778	0.00400	0.00329	0.00946
77	0.00886	0.00633	0.00843	0.01012	0.01054	0.00590	0.00675	0.01012	0.01392	0.01856	0.04006	0.73979	0.04808	0.02277	0.00928	0.00295	0.00422	0.02066	0.00675	0.00590
78	0.02619	0.02677	0.02053	0.04507	0.02267	0.41891	0.01402	0.12429	0.02138	0.11059	0.01429	0.01580	0.01096	0.00843	0.00867	0.00213	0.08944	0.00555	0.00487	0.00946
79	0.02685	0.01960	0.02098	0.01617	0.02176	0.02167	0.01333	0.63835	0.03312	0.04477	0.01780	0.01799	0.01271	0.00871	0.00715	0.00215	0.00774	0.00656	0.05053	0.01205
80	0.01057	0.00705	0.00793	0.00793	0.00793	0.00705	0.00440	0.01057	0.01057	0.01409	0.02290	0.04757	0.02643	0.74454	0.03700	0.00705	0.00705	0.01057	0.00440	0.00440
81	0.02715	0.03464	0.02060	0.01873	0.02247	0.71536	0.01404	0.02903	0.02060	0.01779	0.01124	0.01311	0.00936	0.00749	0.00655	0.00187	0.01311	0.00468	0.00375	0.00843
82	0.02019	0.01496	0.01647	0.01453	0.01880	0.01669	0.01150	0.06424	0.52676	0.12582	0.02943	0.02942	0.02227	0.01026	0.00753	0.00247	0.00596	0.04373	0.00758	0.01140
83	0.00927	0.00716	0.00791	0.00807	0.00961	0.00639	0.00559	0.01081	0.01533	0.01936	0.13034	0.15344	0.38494	0.18180	0.01507	0.00353	0.00448	0.01473	0.00637	0.00580
84	0.00886	0.00633	0.00843	0.01012	0.01054	0.00590	0.00675	0.01012	0.01392	0.01856	0.04006	0.73979	0.04808	0.02277	0.00928	0.00295	0.00422	0.02066	0.00675	0.00590
85	0.01943	0.74891	0.03809	0.01244	0.01866	0.02876	0.01244	0.02177	0.01477	0.01710	0.01011	0.01166	0.00933	0.00622	0.00466	0.00155	0.00777	0.00389	0.00311	0.00933
86	0.00987	0.00737	0.00917	0.00882	0.01063	0.00667	0.00658	0.01288	0.01946	0.02672	0.53799	0.08756	0.19759	0.01594	0.00861	0.00235	0.00352	0.01393	0.00769	0.00667
87	0.00886	0.00633	0.00843	0.01012	0.01054	0.00590	0.00675	0.01012	0.01392	0.01856	0.04006	0.73979	0.04808	0.02277	0.00928	0.00295	0.00422	0.02066	0.00675	0.00590
88	0.01355	0.00678	0.00678	0.00678	0.00847	0.00678	0.00508	0.01694	0.01524	0.02710	0.02371	0.02710	0.01863	0.00847	0.00508	0.00169	0.00339	0.00678	0.78489	0.00678
89	0.01799	0.01727	0.02950	0.04462	0.69919	0.01727	0.02231	0.02231	0.01655	0.02375	0.01367	0.01799	0.01151	0.00648	0.00720	0.00216	0.00864	0.00648	0.00360	0.01151
90	0.02656	0.02039	0.08022	0.01640	0.02250	0.02005	0.01434	0.48325	0.07505	0.13723	0.01951	0.01897	0.01357	0.00868	0.00725	0.00222	0.00782	0.00667	0.00716	0.01216
91	0.01755	0.01682	0.02872	0.11459	0.63263	0.01716	0.02209	0.02193	0.01634	0.02322	0.01360	0.01813	0.01133	0.00656	0.00720	0.00219	0.00874	0.00647	0.00356	0.01116
92	0.01402	0.01325	0.02216	0.66397	0.07704	0.01649	0.02008	0.01869	0.01446	0.01875	0.01279	0.01916	0.00976	0.00749	0.00804	0.00245	0.04349	0.00646	0.00324	0.00822
93	0.01559	0.00860	0.01141	0.01004	0.01269	0.00777	0.00777	0.01887	0.02063	0.18943	0.53707	0.04728	0.05657	0.01347	0.00827	0.00228	0.00408	0.01176	0.00824	0.00817
94	0.01458	0.03760	0.70688	0.02072	0.03146	0.01688	0.02686	0.02302	0.01535	0.02302	0.01304	0.01535	0.00921	0.00691	0.00691	0.00230	0.01074	0.00537	0.00307	0.01074
95	0.01431	0.01205	0.01907	0.02630	0.29798	0.01205	0.01610	0.01806	0.01666	0.02258	0.02823	0.05553	0.02930	0.01445	0.00886	0.00286	0.00750	0.38403	0.00541	0.00869
96	0.03261	0.01237	0.01687	0.01293	0.01856	0.01068	0.01068	0.03543	0.02081	0.70423	0.02868	0.02474	0.01799	0.00900	0.00731	0.00225	0.00619	0.00731	0.00900	0.01237
97	0.01207	0.00933	0.01318	0.01260	0.01384	0.01117	0.00987	0.04449	0.01283	0.01861	0.01910	0.06793	0.01827	0.04196	0.49351	0.03919	0.11579	0.00820	0.03126	0.00682
98	0.09842	0.02944	0.10906	0.02106	0.10777	0.41816	0.01595	0.02737	0.06745	0.02158	0.01301	0.01491	0.01041	0.00739	0.00654	0.00204	0.01097	0.00518	0.00398	0.00929

[dist]
# distance from previous block
# <min> <max>
0	1

[block]
# block no. 3 follows, 28 sequences, length 81
# corresponding to MSA columns:
# 218-298
name=unknown_D
#
# <colnr> <probs for GDERKNQSTAVLIFYWHMCP>
#	G	D	E	R	K	N	Q	S	T	A	V	L	I	F	Y	W	H	M	C	P
0	0.00899	0.00638	0.00839	0.00995	0.01034	0.00599	0.00656	0.01016	0.01365	0.01820	0.03871	0.68515	0.04637	0.07975	0.01147	0.00328	0.00444	0.01987	0.00656	0.00579
1	0.01042	0.00698	0.00797	0.00812	0.00816	0.00695	0.00461	0.01053	0.01086	0.01448	0.02440	0.10776	0.02831	0.68177	0.03459	0.00669	0.00680	0.01145	0.00461	0.00453
2	0.01759	0.01686	0.02879	0.10834	0.63858	0.01717	0.02211	0.02196	0.01636	0.02326	0.01360	0.01812	0.01134	0.00655	0.00720	0.00218	0.00873	0.00648	0.00356	0.01119
3	0.01705	0.03525	0.05120	0.01217	0.01577	0.01064	0.01046	0.02256	0.10249	0.18113	0.20568	0.04780	0.09959	0.01359	0.00822	0.00251	0.00559	0.14207	0.00734	0.00890
4	0.00985	0.00674	0.00814	0.00885	0.00903	0.00657	0.00539	0.01038	0.01198	0.01597	0.03011	0.33841	0.03552	0.44129	0.02535	0.00533	0.00586	0.01481	0.00539	0.00503
5	0.04887	0.01424	0.02356	0.49712	0.23764	0.01648	0.02027	0.01978	0.01503	0.02069	0.01302	0.01865	0.01014	0.00701	0.00713	0.00234	0.00921	0.00636	0.00339	0.00907
6	0.58796	0.01538	0.01369	0.04721	0.01773	0.01767	0.00980	0.16466	0.01726	0.03480	0.01187	0.01343	0.00895	0.00721	0.00525	0.00224	0.00635	0.00464	0.00504	0.00887
7	0.01465	0.01386	0.02346	0.58004	0.18991	0.01639	0.02064	0.01938	0.01497	0.01969	0.01308	0.01908	0.01008	0.00710	0.00725	0.00237	0.00946	0.00646	0.00331	0.00882
8	0.01057	0.00705	0.00793	0.00793	0.00793	0.00705	0.00440	0.01057	0.01057	0.01409	0.02290	0.04757	0.02643	0.74454	0.03700	0.00705	0.00705	0.01057	0.00440	0.00440
9	0.08479	0.01642	0.02602	0.18851	0.40707	0.01748	0.04628	0.08274	0.01743	0.02542	0.01360	0.01778	0.01086	0.00687	0.00704	0.00224	0.00870	0.00635	0.00394	0.01045
10	0.02480	0.01061	0.01404	0.01146	0.01563	0.00932	0.00908	0.02745	0.01899	0.45638	0.10203	0.09124	0.02643	0.05065	0.00900	0.00249	0.00552	0.00914	0.06620	0.03955
11	0.01943	0.74891	0.03809	0.01244	0.01866	0.02876	0.01244	0.02177	0.01477	0.01710	0.01011	0.01166	0.00933	0.00622	0.00466	0.00155	0.00777	0.00389	0.00311	0.00933
12	0.01556	0.01134	0.01249	0.01121	0.01414	0.01219	0.00868	0.09870	0.23059	0.03096	0.23898	0.03466	0.03496	0.01098	0.00718	0.00218	0.00468	0.00923	0.20235	0.00894
13	0.00965	0.00741	0.00883	0.00848	0.01047	0.00659	0.00636	0.01248	0.01907	0.02558	0.46186	0.06018	0.30432	0.01619	0.00858	0.00235	0.00352	0.01397	0.00753	0.00659
14	0.02606	0.01958	0.02093	0.01641	0.02194	0.02181	0.01344	0.57022	0.14147	0.04328	0.01945	0.01904	0.01398	0.00891	0.00729	0.00223	0.00763	0.00682	0.00729	0.01222
15	0.01038	0.00779	0.01168	0.01168	0.01298	0.00909	0.00909	0.01298	0.01168	0.01687	0.01947	0.02856	0.01817	0.05452	0.71573	0.01168	0.01947	0.00779	0.00389	0.00649
16	0.02715	0.03464	0.02060	0.01873	0.02247	0.71536	0.01404	0.02903	0.02060	0.01779	0.01124	0.01311	0.00936	0.00749	0.00655	0.00187	0.01311	0.00468	0.00375	0.00843
17	0.01062	0.00881	0.00948	0.00906	0.01163	0.00837	0.00687	0.01607	0.13344	0.02369	0.20883	0.05894	0.43532	0.01611	0.00838	0.00242	0.00398	0.01360	0.00715	0.00723
18	0.00887	0.00726	0.00787	0.00829	0.01033	0.00626	0.00620	0.01072	0.01613	0.01961	0.06525	0.18578	0.53618	0.01928	0.00882	0.00261	0.00400	0.06366	0.00675	0.00614
19	0.02677	0.01147	0.01528	0.01214	0.01679	0.01023	0.00985	0.05740	0.02132	0.50568	0.19637	0.03188	0.03051	0.01046	0.00763	0.00226	0.00557	0.00875	0.00867	0.01098
20	0.02717	0.03411	0.02064	0.01865	0.02247	0.68931	0.01404	0.05331	0.02111	0.01884	0.01147	0.01327	0.00948	0.00754	0.00658	0.00188	0.01292	0.00475	0.00388	0.00857
21	0.79588	0.01406	0.01068	0.00956	0.01406	0.01631	0.00787	0.02137	0.01237	0.03261	0.01012	0.01181	0.00787	0.00675	0.00450	0.00225	0.00562	0.00394	0.00450	0.00787
22	0.01187	0.00664	0.00924	0.00924	0.00935	0.00676	0.00603	0.01008	0.00997	0.01340	0.01605	0.02967	0.01691	0.22581	0.09054	0.50583	0.00766	0.00761	0.00356	0.00379
23	0.01355	0.00678	0.00678	0.00678	0.00847	0.00678	0.00508	0.01694	0.01524	0.02710	0.02371	0.02710	0.01863	0.00847	0.00508	0.00169	0.00339	0.00678	0.78489	0.00678
24	0.00886	0.00633	0.00843	0.01012	0.01054	0.00590	0.00675	0.01012	0.01392	0.01856	0.04006	0.73979	0.04808	0.02277	0.00928	0.00295	0.00422	0.02066	0.00675	0.00590
25	0.00936	0.00794	0.00891	0.00974	0.04695	0.00688	0.00677	0.01152	0.01692	0.02075	0.12200	0.06631	0.58103	0.01753	0.00857	0.00246	0.00404	0.03913	0.00669	0.00651
26	0.01799	0.01727	0.02950	0.04462	0.69919	0.01727	0.02231	0.02231	0.01655	0.02375	0.01367	0.01799	0.01151	0.00648	0.00720	0.00216	0.00864	0.00648	0.00360	0.01151
27	0.01391	0.01328	0.02293	0.68985	0.04942	0.01627	0.05506	0.01882	0.01467	0.01882	0.01302	0.01939	0.00976	0.00721	0.00734	0.00242	0.00983	0.00657	0.00325	0.00817
28	0.01756	0.01517	0.01594	0.01439	0.01841	0.01743	0.01118	0.03709	0.64967	0.02982	0.03198	0.02945	0.05883	0.01033	0.00746	0.00246	0.00564	0.00861	0.00736	0.01121
29	0.01686	0.01614	0.01589	0.01195	0.01800	0.11425	0.00942	0.01989	0.01589	0.02281	0.01267	0.01478	0.01056	0.00570	0.00556	0.00119	0.00653	0.00436	0.00422	0.67332
30	0.01562	0.01425	0.02366	0.17156	0.40484	0.01488	0.01931	0.01981	0.01620	0.02224	0.01956	0.03383	0.01853	0.00994	0.00790	0.00250	0.00837	0.16304	0.00428	0.00966
31	0.06244	0.01244	0.01663	0.01280	0.01838	0.01090	0.01057	0.03488	0.02048	0.67799	0.02795	0.02424	0.01760	0.00891	0.00720	0.00225	0.00616	0.00718	0.00882	0.01219
32	0.01011	0.00819	0.01318	0.01301	0.01442	0.00769	0.09526	0.01213	0.01450	0.01935	0.03662	0.60923	0.04283	0.02042	0.00923	0.00291	0.00541	0.05271	0.00634	0.00646
33	0.01560	0.08263	0.52266	0.02070	0.03003	0.04969	0.09897	0.02284	0.01599	0.02267	0.04253	0.01717	0.01201	0.00714	0.00700	0.00225	0.01051	0.00595	0.00339	0.01026
34	0.01061	0.00806	0.00986	0.00944	0.01143	0.00764	0.00714	0.01505	0.07210	0.02707	0.49645	0.07652	0.17118	0.01547	0.00855	0.00238	0.00378	0.03253	0.00766	0.00707
35	0.00932	0.00663	0.00884	0.01043	0.01099	0.00629	0.00727	0.01079	0.01410	0.01873	0.03892	0.61599	0.04608	0.06165	0.01088	0.00323	0.00470	0.10261	0.00661	0.00593
36	0.04089	0.01641	0.02757	0.16385	0.56394	0.01704	0.02150	0.02162	0.01607	0.02311	0.01343	0.01805	0.01108	0.00662	0.00713	0.00221	0.00873	0.00640	0.00356	0.01080
37	0.01480	0.07046	0.67598	0.02034	0.03087	0.01743	0.02619	0.02296	0.01532	0.02275	0.01291	0.01518	0.00921	0.00687	0.00680	0.00227	0.01061	0.00530	0.00307	0.01068
38	0.01156	0.00826	0.01154	0.01321	0.01482	0.00824	0.01145	0.01480	0.01658	0.02158	0.03857	0.11714	0.04217	0.02022	0.01000	0.00333	0.00656	0.61663	0.00670	0.00665
39	0.01126	0.00764	0.01003	0.00931	0.01119	0.00702	0.00702	0.01466	0.02059	0.05841	0.66646	0.05302	0.06639	0.01461	0.00852	0.00228	0.00355	0.01289	0.00804	0.00710
40	0.01559	0.15107	0.54098	0.02024	0.02996	0.01893	0.08069	0.02284	0.01541	0.02209	0.01271	0.01512	0.00939	0.00673	0.00669	0.00219	0.01039	0.00541	0.00313	0.01043
41	0.01476	0.01364	0.02241	0.63748	0.09992	0.01656	0.02003	0.05187	0.01568	0.02035	0.01321	0.01917	0.00997	0.00728	0.00726	0.00239	0.00952	0.00647	0.00346	0.00856
42	0.79588	0.01406	0.01068	0.00956	0.01406	0.01631	0.00787	0.02137	0.01237	0.03261	0.01012	0.01181	0.00787	0.00675	0.00450	0.00225	0.00562	0.00394	0.00450	0.00787
43	0.00875	0.00675	0.00799	0.00898	0.01024	0.00600	0.00624	0.01025	0.01501	0.01900	0.05392	0.46344	0.31549	0.02097	0.00899	0.00275	0.00400	0.01847	0.00675	0.00600
44	0.02106	0.11209	0.17201	0.01720	0.02303	0.23756	0.01595	0.08006	0.20169	0.02450	0.01700	0.01760	0.01307	0.00796	0.00670	0.00212	0.00956	0.00585	0.00480	0.01019
45	0.01507	0.01292	0.01507	0.01077	0.01723	0.00969	0.00861	0.01830	0.01507	0.02369	0.01292	0.01507	0.01077	0.00538	0.00538	0.00108	0.00538	0.00431	0.00431	0.78898
46	0.02313	0.02288	0.01897	0.01650	0.02086	0.24767	0.01284	0.17342	0.32656	0.02961	0.02094	0.02043	0.01585	0.00884	0.00709	0.00221	0.00865	0.00670	0.00617	0.01068
47	0.01009	0.00743	0.00937	0.01049	0.01168	0.00706	0.00766	0.03979	0.01568	0.02043	0.04431	0.49284	0.15131	0.02102	0.00920	0.00290	0.00469	0.12094	0.00676	0.00635
48	0.01666	0.01391	0.01580	0.04169	0.05246	0.01555	0.01129	0.06580	0.43551	0.02970	0.13181	0.03178	0.05515	0.01060	0.00751	0.00237	0.00563	0.00897	0.03749	0.01030
49	0.01954	0.01594	0.01696	0.01491	0.01923	0.01822	0.01169	0.09899	0.59866	0.05763	0.02840	0.02611	0.02109	0.00972	0.00738	0.00243	0.00598	0.00802	0.00745	0.01162
50	0.01039	0.00776	0.01152	0.01152	0.01276	0.00900	0.00889	0.01288	0.01163	0.01676	0.01962	0.02937	0.01853	0.08413	0.68660	0.01148	0.01894	0.00791	0.00392	0.00640
51	0.02715	0.03464	0.02060	0.01873	0.02247	0.71536	0.01404	0.02903	0.02060	0.01779	0.01124	0.01311	0.00936	0.00749	0.00655	0.00187	0.01311	0.00468	0.00375	0.00843
52	0.01209	0.01041	0.01071	0.01011	0.01317	0.01055	0.00773	0.02084	0.26370	0.02361	0.05738	0.05414	0.44743	0.01525	0.00815	0.00246	0.00445	0.01271	0.00699	0.00812
53	0.01052	0.00769	0.01022	0.01159	0.01307	0.00740	0.00945	0.01314	0.01614	0.02090	0.06468	0.24107	0.13771	0.02034	0.00960	0.00309	0.00555	0.38465	0.00676	0.00643
54	0.00886	0.00633	0.00843	0.01012	0.01054	0.00590	0.00675	0.01012	0.01392	0.01856	0.04006	0.73979	0.04808	0.02277	0.00928	0.00295	0.00422	0.02066	0.00675	0.00590
55	0.02026	0.02170	0.02772	0.03767	0.50769	0.19215	0.04190	0.02402	0.01759	0.02224	0.01310	0.01682	0.01096	0.00672	0.00708	0.00210	0.00988	0.00610	0.00364	0.01068
56	0.79588	0.01406	0.01068	0.00956	0.01406	0.01631	0.00787	0.02137	0.01237	0.03261	0.01012	0.01181	0.00787	0.00675	0.00450	0.00225	0.00562	0.00394	0.00450	0.00787
57	0.01046	0.00750	0.01020	0.01020	0.01099	0.00828	0.00724	0.01203	0.01124	0.01578	0.02082	0.03604	0.02142	0.32629	0.44840	0.00986	0.01458	0.00888	0.00410	0.00567
58	0.01049	0.00705	0.00809	0.00810	0.00825	0.00699	0.00468	0.01081	0.01149	0.01546	0.07762	0.07128	0.03055	0.66163	0.03378	0.00653	0.00666	0.01112	0.00477	0.00465
59	0.01394	0.01314	0.02219	0.69275	0.08271	0.01621	0.02029	0.01876	0.01464	0.01883	0.01296	0.01931	0.00978	0.00723	0.00726	0.00241	0.00964	0.00646	0.00325	0.00825
60	0.03008	0.01403	0.01752	0.01361	0.01905	0.01345	0.01119	0.16990	0.05958	0.50417	0.02618	0.02342	0.01706	0.00897	0.00723	0.00223	0.00644	0.00718	0.03660	0.01212
61	0.65753	0.01524	0.01238	0.01082	0.01523	0.04877	0.00886	0.04898	0.01405	0.06839	0.01146	0.01296	0.00874	0.00721	0.00560	0.00226	0.03404	0.00435	0.00477	0.00833
62	0.01716	0.01961	0.04289	0.03064	0.03799	0.01838	0.67279	0.02328	0.01716	0.02328	0.01471	0.01961	0.01103	0.00613	0.00858	0.00245	0.01225	0.00858	0.00368	0.00980
63	0.00966	0.00799	0.00856	0.00846	0.01079	0.00723	0.00632	0.01328	0.07349	0.02187	0.15945	0.11403	0.49802	0.01749	0.00854	0.00247	0.00386	0.01481	0.00699	0.00668
64	0.01884	0.05379	0.10250	0.10237	0.41663	0.13752	0.02076	0.02315	0.01684	0.02185	0.01296	0.01672	0.01062	0.00676	0.00695	0.00212	0.00970	0.00593	0.00351	0.01047
65	0.01504	0.06094	0.59870	0.02130	0.03122	0.01762	0.08665	0.02283	0.01536	0.02266	0.01298	0.01563	0.00939	0.00699	0.00752	0.00232	0.03355	0.00565	0.00313	0.01052
66	0.15818	0.01265	0.01585	0.01238	0.01782	0.01161	0.01022	0.03311	0.01942	0.59374	0.02562	0.02261	0.01633	0.00863	0.00685	0.00225	0.00609	0.00675	0.00826	0.01163
67	0.01263	0.00631	0.00947	0.00947	0.00947	0.00631	0.00631	0.00947	0.00947	0.01263	0.01263	0.02210	0.01263	0.02525	0.02841	0.78851	0.00631	0.00631	0.00316	0.00316
68	0.03887	0.07735	0.50675	0.04503	0.08404	0.01776	0.08529	0.02272	0.01546	0.02288	0.01297	0.01574	0.00954	0.00676	0.00688	0.00226	0.01034	0.00566	0.00322	0.01046
69	0.01057	0.00705	0.00793	0.00793	0.00793	0.00705	0.00440	0.01057	0.01057	0.01409	0.02290	0.04757	0.02643	0.74454	0.03700	0.00705	0.00705	0.01057	0.00440	0.00440
70	0.01055	0.00711	0.00825	0.00825	0.00837	0.00722	0.00481	0.01078	0.01067	0.01434	0.02260	0.04592	0.02571	0.68454	0.09602	0.00745	0.00813	0.01033	0.00436	0.00459
71	0.00978	0.00733	0.01033	0.03630	0.04971	0.00709	0.00850	0.01152	0.01434	0.01913	0.03758	0.61657	0.04424	0.02112	0.00917	0.00293	0.00487	0.07673	0.00645	0.00635
72	0.01523	0.03303	0.53806	0.02324	0.03312	0.01726	0.19109	0.02309	0.01581	0.02309	0.01347	0.01643	0.00967	0.00671	0.00733	0.00234	0.01113	0.00619	0.00322	0.01050
73	0.01171	0.00837	0.01171	0.01339	0.01506	0.00837	0.01171	0.01506	0.01673	0.02175	0.03849	0.08199	0.04183	0.02008	0.01004	0.00335	0.00669	0.65027	0.00669	0.00669
74	0.01799	0.01727	0.02950	0.04462	0.69919	0.01727	0.02231	0.02231	0.01655	0.02375	0.01367	0.01799	0.01151	0.00648	0.00720	0.00216	0.00864	0.00648	0.00360	0.01151
75	0.01728	0.01655	0.02823	0.15773	0.59160	0.01709	0.02196	0.02169	0.01622	0.02289	0.01355	0.01822	0.01121	0.00661	0.00721	0.00220	0.00881	0.00647	0.00354	0.01094
76	0.01373	0.01292	0.02180	0.72707	0.05006	0.01615	0.02019	0.01857	0.01453	0.01857	0.01292	0.01938	0.00969	0.00727	0.00727	0.00242	0.00969	0.00646	0.00323	0.00807
77	0.01885	0.02008	0.04825	0.10488	0.51573	0.12160	0.02101	0.02298	0.01693	0.02234	0.01322	0.01731	0.01095	0.00672	0.00710	0.00215	0.00947	0.00617	0.00357	0.01070
78	0.01318	0.00683	0.00690	0.00688	0.00861	0.00674	0.00516	0.01649	0.01548	0.02676	0.04702	0.03023	0.05637	0.00920	0.00538	0.00175	0.00340	0.00743	0.71944	0.00674
79	0.07401	0.18079	0.48185	0.01759	0.02648	0.01878	0.02146	0.02217	0.01527	0.02283	0.04653	0.01628	0.01212	0.00715	0.00635	0.00214	0.00938	0.00535	0.00343	0.01004
80	0.00978	0.00763	0.00799	0.00791	0.01046	0.00644	0.00606	0.01174	0.01676	0.04912	0.06994	0.06862	0.63423	0.01809	0.00861	0.00249	0.00394	0.04692	0.00684	0.00643

[dist]
# distance from previous block
# <min> <max>
0	4

[block]
# block no. 4 follows, 28 sequences, length 68
# corresponding to MSA columns:
# 303-370
name=unknown_E
#
# <colnr> <probs for GDERKNQSTAVLIFYWHMCP>
#	G	D	E	R	K	N	Q	S	T	A	V	L	I	F	Y	W	H	M	C	P
0	0.01943	0.74891	0.03809	0.01244	0.01866	0.02876	0.01244	0.02177	0.01477	0.01710	0.01011	0.01166	0.00933	0.00622	0.00466	0.00155	0.00777	0.00389	0.00311	0.00933
1	0.01029	0.00743	0.00972	0.00914	0.01086	0.00686	0.00686	0.01372	0.02058	0.02915	0.69536	0.05430	0.06859	0.01486	0.00857	0.00229	0.00343	0.01315	0.00800	0.00686
2	0.01029	0.00743	0.00972	0.00914	0.01086	0.00686	0.00686	0.01372	0.02058	0.02915	0.69536	0.05430	0.06859	0.01486	0.00857	0.00229	0.00343	0.01315	0.00800	0.00686
3	0.01880	0.01597	0.01684	0.01494	0.01918	0.01842	0.01168	0.08650	0.63702	0.03157	0.02867	0.02639	0.02145	0.00978	0.00739	0.00244	0.00592	0.00809	0.00739	0.01157
4	0.01038	0.00779	0.01168	0.01168	0.01298	0.00909	0.00909	0.01298	0.01168	0.01687	0.01947	0.02856	0.01817	0.05452	0.71573	0.01168	0.01947	0.00779	0.00389	0.00649
5	0.01808	0.01561	0.01644	0.01479	0.01890	0.01808	0.01151	0.03863	0.68606	0.03041	0.02959	0.02712	0.02219	0.00986	0.00740	0.00247	0.00575	0.00822	0.00740	0.01151
6	0.01901	0.01608	0.01696	0.01498	0.01926	0.01851	0.01173	0.10047	0.62271	0.03190	0.02841	0.02618	0.02123	0.00975	0.00738	0.00244	0.00597	0.00806	0.00738	0.01159
7	0.01010	0.00740	0.00959	0.00998	0.01153	0.00690	0.00767	0.01290	0.01802	0.02444	0.35936	0.19328	0.13563	0.01788	0.00901	0.00265	0.00428	0.14545	0.00734	0.00655
