[name]
unknown

[dist]
# distance from previous block
# <min> <max>
7	20

[block]
# block no. 0 follows, 30 sequences, length 149
# corresponding to MSA columns:
# 24-172
name=unknown_A
#
# <colnr> <probs for GDERKNQSTAVLIFYWHMCP>
#	G	D	E	R	K	N	Q	S	T	A	V	L	I	F	Y	W	H	M	C	P
0	0.01113	0.00722	0.00911	0.00912	0.01053	0.00708	0.00669	0.01345	0.01541	0.05553	0.21233	0.22767	0.09744	0.04701	0.07872	0.00335	0.02615	0.01259	0.14304	0.00643
1	0.01026	0.00766	0.00874	0.00876	0.01012	0.00730	0.00597	0.03722	0.04052	0.01887	0.07654	0.23657	0.20367	0.25158	0.01689	0.00382	0.00497	0.01360	0.00580	0.03114
2	0.01300	0.00836	0.01033	0.01027	0.01189	0.00811	0.00733	0.08892	0.01650	0.08843	0.08884	0.43536	0.07105	0.09385	0.01117	0.00302	0.00483	0.01524	0.00661	0.00690
3	0.01001	0.00745	0.00827	0.00817	0.01021	0.00665	0.00597	0.01251	0.04183	0.05088	0.14593	0.14133	0.43395	0.07284	0.01029	0.00272	0.00399	0.01410	0.00659	0.00629
4	0.01730	0.00970	0.01191	0.01051	0.01336	0.00923	0.00803	0.07913	0.04391	0.21606	0.15670	0.12718	0.12050	0.11039	0.01144	0.00291	0.00518	0.03132	0.00707	0.00818
5	0.01135	0.00914	0.01031	0.01001	0.01206	0.00928	0.00745	0.06918	0.09697	0.02188	0.06868	0.24565	0.30861	0.03951	0.00974	0.00263	0.04014	0.01403	0.00640	0.00698
6	0.01589	0.01261	0.01553	0.01352	0.01625	0.04292	0.04226	0.20470	0.01823	0.02499	0.01907	0.07844	0.01732	0.04946	0.31943	0.00623	0.03905	0.00796	0.04811	0.00802
7	0.01701	0.01243	0.01445	0.01238	0.01559	0.01333	0.00972	0.19158	0.14932	0.05949	0.17118	0.05679	0.05349	0.01428	0.04463	0.07283	0.03453	0.00877	0.00641	0.04178
8	0.01470	0.00996	0.01172	0.04515	0.01436	0.00990	0.00813	0.11724	0.04518	0.09497	0.21961	0.04359	0.20861	0.08346	0.01029	0.00264	0.00499	0.01069	0.03707	0.00773
9	0.02149	0.01460	0.01664	0.01367	0.01790	0.01573	0.01102	0.34253	0.09690	0.12821	0.02455	0.05939	0.06390	0.01670	0.11986	0.00361	0.00847	0.00798	0.00666	0.01019
10	0.09162	0.01262	0.01398	0.01184	0.01571	0.03373	0.00931	0.12008	0.09812	0.22129	0.08850	0.11309	0.06210	0.03368	0.00795	0.00235	0.00569	0.00908	0.00689	0.04238
11	0.02486	0.04675	0.01555	0.01162	0.01613	0.01078	0.00952	0.05024	0.04229	0.47176	0.15881	0.03054	0.05964	0.01005	0.00719	0.00215	0.00543	0.00831	0.00797	0.01040
12	0.02240	0.01504	0.01665	0.01347	0.01775	0.01610	0.01072	0.36797	0.10335	0.13173	0.02360	0.05690	0.04606	0.09141	0.01021	0.00268	0.00662	0.00796	0.02913	0.01026
13	0.03003	0.04824	0.01716	0.01248	0.01783	0.01144	0.01038	0.03352	0.05208	0.64936	0.02671	0.02325	0.01706	0.00855	0.00690	0.00214	0.00599	0.00690	0.00829	0.01169
14	0.01951	0.67686	0.03474	0.01252	0.01832	0.07188	0.01210	0.05367	0.01544	0.01780	0.01011	0.01155	0.00910	0.00616	0.00471	0.00154	0.00780	0.00390	0.00322	0.00904
15	0.02676	0.01918	0.02072	0.01588	0.02146	0.02110	0.01312	0.65675	0.03220	0.07606	0.01727	0.01709	0.01213	0.00839	0.00698	0.00210	0.00760	0.00632	0.00706	0.01187
16	0.00835	0.00707	0.00721	0.00718	0.00949	0.00594	0.00538	0.01022	0.01615	0.01943	0.11128	0.06620	0.66744	0.01746	0.00825	0.00235	0.00352	0.01459	0.00656	0.00594
17	0.01554	0.01606	0.02697	0.02452	0.13149	0.04034	0.21853	0.01888	0.01370	0.01942	0.01340	0.04841	0.01216	0.01312	0.07666	0.00335	0.28803	0.00741	0.00348	0.00852
18	0.80405	0.01350	0.01026	0.00918	0.01350	0.01565	0.00756	0.02051	0.01188	0.03131	0.00972	0.01134	0.00756	0.00648	0.00432	0.00216	0.00540	0.00378	0.00432	0.00756
19	0.01301	0.00650	0.00650	0.00650	0.00813	0.00650	0.00488	0.01626	0.01463	0.02602	0.02276	0.02602	0.01789	0.00813	0.00488	0.00163	0.00325	0.00650	0.79350	0.00650
20	0.80405	0.01350	0.01026	0.00918	0.01350	0.01565	0.00756	0.02051	0.01188	0.03131	0.00972	0.01134	0.00756	0.00648	0.00432	0.00216	0.00540	0.00378	0.00432	0.00756
21	0.80405	0.01350	0.01026	0.00918	0.01350	0.01565	0.00756	0.02051	0.01188	0.03131	0.00972	0.01134	0.00756	0.00648	0.00432	0.00216	0.00540	0.00378	0.00432	0.00756
22	0.01015	0.00677	0.00761	0.00761	0.00761	0.00677	0.00423	0.01015	0.01015	0.01353	0.02199	0.04567	0.02537	0.75476	0.03552	0.00677	0.00677	0.01015	0.00423	0.00423
23	0.00981	0.00713	0.00924	0.00871	0.01039	0.00656	0.00653	0.01305	0.01960	0.02763	0.68300	0.05271	0.09060	0.01440	0.00823	0.00220	0.00330	0.01270	0.00764	0.00656
24	0.01408	0.03553	0.69624	0.02020	0.03041	0.01625	0.04757	0.02211	0.01479	0.02211	0.01258	0.01487	0.00890	0.00661	0.00668	0.00221	0.01036	0.00526	0.00297	0.01028
25	0.03131	0.01188	0.01619	0.01242	0.01781	0.01026	0.01026	0.03401	0.01997	0.71606	0.02753	0.02375	0.01727	0.00864	0.00702	0.00216	0.00594	0.00702	0.00864	0.01188
26	0.02589	0.01921	0.02094	0.05051	0.02290	0.02135	0.01356	0.65597	0.03191	0.04273	0.01655	0.01684	0.01174	0.00831	0.00698	0.00211	0.00776	0.00628	0.00680	0.01167
27	0.02575	0.01935	0.02165	0.01658	0.02217	0.02131	0.04302	0.63471	0.05635	0.04248	0.01706	0.01718	0.01215	0.00831	0.00704	0.00212	0.00778	0.00643	0.00683	0.01173
28	0.02494	0.04914	0.13857	0.01592	0.02229	0.01899	0.01481	0.43738	0.02683	0.15508	0.01763	0.01741	0.01218	0.00804	0.00683	0.00210	0.00782	0.00612	0.00643	0.01150
29	0.00855	0.00611	0.00814	0.00969	0.01013	0.00570	0.00648	0.00983	0.01357	0.01815	0.06044	0.72728	0.04680	0.02161	0.00888	0.00281	0.00402	0.01960	0.00652	0.00570
30	0.00875	0.00712	0.00777	0.00770	0.00985	0.00614	0.00583	0.01095	0.01685	0.02116	0.22502	0.06391	0.52709	0.01690	0.00829	0.00235	0.00358	0.03788	0.00677	0.00608
31	0.01754	0.01647	0.02738	0.08896	0.62508	0.01680	0.02080	0.06045	0.01675	0.02371	0.01329	0.01733	0.01098	0.00640	0.00692	0.00209	0.00832	0.00622	0.00364	0.01087
32	0.02687	0.01900	0.02060	0.01580	0.02137	0.02083	0.01305	0.64141	0.03190	0.09181	0.01752	0.01725	0.01225	0.00840	0.00698	0.00210	0.00755	0.00634	0.00710	0.01187
33	0.01318	0.01240	0.02093	0.73798	0.04806	0.01550	0.01938	0.01783	0.01395	0.01783	0.01240	0.01860	0.00930	0.00698	0.00698	0.00233	0.00930	0.00620	0.00310	0.00775
34	0.01746	0.01704	0.02779	0.06343	0.66633	0.04169	0.02107	0.02153	0.01597	0.02244	0.01302	0.01715	0.01093	0.00628	0.00689	0.00207	0.00847	0.00616	0.00345	0.01085
35	0.14340	0.01480	0.03978	0.01302	0.01862	0.01349	0.04716	0.15507	0.01882	0.15582	0.01669	0.04320	0.01276	0.00735	0.00609	0.00181	0.00634	0.00587	0.00557	0.27435
36	0.02264	0.01713	0.01827	0.01506	0.01966	0.04011	0.01211	0.30333	0.31498	0.09951	0.02230	0.02120	0.01623	0.00897	0.00759	0.00224	0.03350	0.00698	0.00694	0.01125
37	0.01866	0.75896	0.03657	0.01194	0.01791	0.02761	0.01194	0.02090	0.01418	0.01642	0.00970	0.01119	0.00896	0.00597	0.00448	0.00149	0.00746	0.00373	0.00299	0.00896
38	0.25851	0.01332	0.01422	0.01156	0.01651	0.01346	0.00937	0.05293	0.14122	0.24114	0.01935	0.01859	0.01370	0.00754	0.00591	0.00200	0.00564	0.00569	0.00623	0.14312
39	0.01713	0.01643	0.02806	0.06734	0.68785	0.01654	0.02134	0.02129	0.01582	0.02262	0.01310	0.01732	0.01099	0.00624	0.00691	0.00208	0.00833	0.00622	0.00344	0.01094
40	0.00850	0.00607	0.00810	0.00972	0.01012	0.00567	0.00648	0.00972	0.01336	0.01781	0.03846	0.75020	0.04615	0.02186	0.00891	0.00283	0.00405	0.01984	0.00648	0.00567
41	0.01866	0.75896	0.03657	0.01194	0.01791	0.02761	0.01194	0.02090	0.01418	0.01642	0.00970	0.01119	0.00896	0.00597	0.00448	0.00149	0.00746	0.00373	0.00299	0.00896
42	0.00999	0.00741	0.01086	0.01086	0.01199	0.00853	0.00828	0.01224	0.01111	0.01594	0.01901	0.02919	0.01822	0.12085	0.65964	0.01078	0.01753	0.00774	0.00379	0.00604
43	0.02653	0.01955	0.02094	0.01606	0.02164	0.02164	0.01326	0.68796	0.03281	0.04398	0.01675	0.01675	0.01187	0.00838	0.00698	0.00209	0.00768	0.00628	0.00698	0.01187
44	0.01732	0.08269	0.05333	0.01779	0.01936	0.14083	0.01515	0.01925	0.01270	0.01705	0.00963	0.01444	0.00910	0.01058	0.01780	0.00267	0.52364	0.00559	0.00313	0.00794
45	0.00853	0.00708	0.00746	0.00736	0.00960	0.00601	0.00552	0.01056	0.01657	0.02042	0.17993	0.06458	0.59818	0.01709	0.00824	0.00233	0.00349	0.01437	0.00669	0.00601
46	0.01710	0.01337	0.01435	0.01283	0.01664	0.01477	0.01000	0.03223	0.52080	0.09070	0.03547	0.03277	0.13700	0.01078	0.00729	0.00235	0.00523	0.00896	0.00714	0.01025
47	0.00976	0.00713	0.00917	0.00866	0.01036	0.00654	0.00650	0.01295	0.01949	0.02735	0.66329	0.05317	0.11049	0.01450	0.00823	0.00221	0.00331	0.01277	0.00760	0.00654
48	0.01400	0.03610	0.71860	0.01989	0.03020	0.01621	0.02578	0.02210	0.01473	0.02210	0.01252	0.01473	0.00884	0.00663	0.00663	0.00221	0.01031	0.00516	0.00295	0.01031
49	0.00850	0.00607	0.00810	0.00972	0.01012	0.00567	0.00648	0.00972	0.01336	0.01781	0.03846	0.75020	0.04615	0.02186	0.00891	0.00283	0.00405	0.01984	0.00648	0.00567
50	0.01401	0.01403	0.02607	0.55809	0.04512	0.01605	0.18859	0.01898	0.01459	0.01898	0.01284	0.01866	0.00963	0.00670	0.00730	0.00233	0.00993	0.00672	0.00321	0.00817
51	0.01736	0.01499	0.01578	0.01420	0.01815	0.01736	0.01105	0.03708	0.69862	0.02919	0.02840	0.02604	0.02130	0.00947	0.00710	0.00237	0.00552	0.00789	0.00710	0.01105
52	0.00930	0.00673	0.00878	0.00907	0.01027	0.00621	0.00650	0.01175	0.01721	0.02382	0.43218	0.31473	0.08289	0.01725	0.00849	0.00244	0.00359	0.01541	0.00718	0.00621
53	0.01866	0.75896	0.03657	0.01194	0.01791	0.02761	0.01194	0.02090	0.01418	0.01642	0.00970	0.01119	0.00896	0.00597	0.00448	0.00149	0.00746	0.00373	0.00299	0.00896
54	0.80405	0.01350	0.01026	0.00918	0.01350	0.01565	0.00756	0.02051	0.01188	0.03131	0.00972	0.01134	0.00756	0.00648	0.00432	0.00216	0.00540	0.00378	0.00432	0.00756
55	0.00850	0.00607	0.00810	0.00972	0.01012	0.00567	0.00648	0.00972	0.01336	0.01781	0.03846	0.75020	0.04615	0.02186	0.00891	0.00283	0.00405	0.01984	0.00648	0.00567
56	0.00984	0.00710	0.00932	0.00902	0.01057	0.00658	0.00677	0.01298	0.01914	0.02696	0.63184	0.10292	0.06337	0.01502	0.00834	0.00228	0.00348	0.04042	0.00754	0.00651
57	0.01727	0.01658	0.02832	0.04283	0.71123	0.01658	0.02142	0.02142	0.01589	0.02280	0.01313	0.01727	0.01105	0.00622	0.00691	0.00207	0.00829	0.00622	0.00345	0.01105
58	0.01709	0.51599	0.26581	0.01461	0.02204	0.02378	0.01659	0.02130	0.01437	0.01833	0.01065	0.01238	0.00892	0.00619	0.00520	0.00173	0.00842	0.00421	0.00297	0.00941
59	0.01669	0.01428	0.02093	0.54819	0.04112	0.01712	0.01777	0.19401	0.01891	0.02470	0.01355	0.01812	0.00998	0.00734	0.00698	0.00226	0.00888	0.00622	0.00412	0.00883
60	0.01736	0.01499	0.01578	0.01420	0.01815	0.01736	0.01105	0.03708	0.69862	0.02919	0.02840	0.02604	0.02130	0.00947	0.00710	0.00237	0.00552	0.00789	0.00710	0.01105
61	0.01627	0.01822	0.03783	0.02754	0.03340	0.01828	0.57260	0.02141	0.01549	0.02141	0.01328	0.01822	0.01035	0.00695	0.01071	0.00247	0.13512	0.00788	0.00345	0.00911
62	0.01301	0.00650	0.00650	0.00650	0.00813	0.00650	0.00488	0.01626	0.01463	0.02602	0.02276	0.02602	0.01789	0.00813	0.00488	0.00163	0.00325	0.00650	0.79350	0.00650
63	0.03131	0.01188	0.01619	0.01242	0.01781	0.01026	0.01026	0.03401	0.01997	0.71606	0.02753	0.02375	0.01727	0.00864	0.00702	0.00216	0.00594	0.00702	0.00864	0.01188
64	0.01447	0.01240	0.01447	0.01034	0.01654	0.00930	0.00827	0.01757	0.01447	0.02274	0.01240	0.01447	0.01034	0.00517	0.00517	0.00103	0.00517	0.00413	0.00413	0.79742
65	0.02607	0.03326	0.01978	0.01798	0.02157	0.72674	0.01348	0.02787	0.01978	0.01708	0.01079	0.01258	0.00899	0.00719	0.00629	0.00180	0.01258	0.00449	0.00360	0.00809
66	0.80405	0.01350	0.01026	0.00918	0.01350	0.01565	0.00756	0.02051	0.01188	0.03131	0.00972	0.01134	0.00756	0.00648	0.00432	0.00216	0.00540	0.00378	0.00432	0.00756
67	0.00997	0.00748	0.01121	0.01121	0.01246	0.00872	0.00872	0.01246	0.01121	0.01620	0.01869	0.02741	0.01745	0.05234	0.72710	0.01121	0.01869	0.00748	0.00374	0.00623
68	0.00997	0.00748	0.01121	0.01121	0.01246	0.00872	0.00872	0.01246	0.01121	0.01620	0.01869	0.02741	0.01745	0.05234	0.72710	0.01121	0.01869	0.00748	0.00374	0.00623
69	0.01015	0.00677	0.00761	0.00761	0.00761	0.00677	0.00423	0.01015	0.01015	0.01353	0.02199	0.04567	0.02537	0.75476	0.03552	0.00677	0.00677	0.01015	0.00423	0.00423
70	0.00825	0.00707	0.00707	0.00707	0.00943	0.00589	0.00530	0.01001	0.01591	0.01885	0.07069	0.06716	0.70839	0.01767	0.00825	0.00236	0.00353	0.01473	0.00648	0.00589
71	0.01447	0.01240	0.01447	0.01034	0.01654	0.00930	0.00827	0.01757	0.01447	0.02274	0.01240	0.01447	0.01034	0.00517	0.00517	0.00103	0.00517	0.00413	0.00413	0.79742
72	0.00988	0.00713	0.00933	0.00878	0.01043	0.00658	0.00658	0.01317	0.01975	0.02798	0.70754	0.05213	0.06584	0.01427	0.00823	0.00219	0.00329	0.01262	0.00768	0.00658
73	0.00997	0.00748	0.01121	0.01121	0.01246	0.00872	0.00872	0.01246	0.01121	0.01620	0.01869	0.02741	0.01745	0.05234	0.72710	0.01121	0.01869	0.00748	0.00374	0.00623
74	0.01843	0.72445	0.06912	0.01232	0.01850	0.02707	0.01260	0.02095	0.01421	0.01669	0.00984	0.01136	0.00895	0.00600	0.00458	0.00153	0.00760	0.00380	0.00298	0.00902
75	0.01727	0.01658	0.02832	0.04283	0.71123	0.01658	0.02142	0.02142	0.01589	0.02280	0.01313	0.01727	0.01105	0.00622	0.00691	0.00207	0.00829	0.00622	0.00345	0.01105
76	0.80405	0.01350	0.01026	0.00918	0.01350	0.01565	0.00756	0.02051	0.01188	0.03131	0.00972	0.01134	0.00756	0.00648	0.00432	0.00216	0.00540	0.00378	0.00432	0.00756
77	0.02653	0.01955	0.02094	0.01606	0.02164	0.02164	0.01326	0.68796	0.03281	0.04398	0.01675	0.01675	0.01187	0.00838	0.00698	0.00209	0.00768	0.00628	0.00698	0.01187
78	0.01013	0.00683	0.00796	0.00796	0.00808	0.00695	0.00466	0.01037	0.01025	0.01379	0.02167	0.04391	0.02461	0.68718	0.10205	0.00719	0.00791	0.00989	0.00418	0.00442
79	0.00973	0.00847	0.04033	0.00926	0.01129	0.00705	0.00730	0.01309	0.03833	0.02425	0.41780	0.17055	0.18500	0.01573	0.00824	0.00234	0.00385	0.01378	0.00701	0.00659
80	0.00836	0.00687	0.00736	0.00767	0.00960	0.00587	0.00559	0.01007	0.01554	0.01899	0.08844	0.20376	0.55096	0.01838	0.00838	0.00245	0.00363	0.01567	0.00653	0.00587
81	0.01701	0.01659	0.02899	0.07137	0.58891	0.01667	0.09180	0.02183	0.03657	0.02272	0.01366	0.01776	0.01124	0.00631	0.00706	0.00212	0.00862	0.00648	0.00356	0.01073
82	0.00890	0.00709	0.00797	0.00775	0.00983	0.00617	0.00581	0.01128	0.01744	0.02250	0.32534	0.06115	0.45146	0.01631	0.00824	0.00229	0.00344	0.01388	0.00696	0.00617
83	0.02378	0.02780	0.02225	0.04569	0.14445	0.48509	0.04096	0.08842	0.02001	0.02085	0.01194	0.01424	0.00970	0.00707	0.00656	0.00191	0.01123	0.00517	0.00387	0.00901
84	0.80405	0.01350	0.01026	0.00918	0.01350	0.01565	0.00756	0.02051	0.01188	0.03131	0.00972	0.01134	0.00756	0.00648	0.00432	0.00216	0.00540	0.00378	0.00432	0.00756
85	0.01447	0.01240	0.01447	0.01034	0.01654	0.00930	0.00827	0.01757	0.01447	0.02274	0.01240	0.01447	0.01034	0.00517	0.00517	0.00103	0.00517	0.00413	0.00413	0.79742
86	0.01453	0.08129	0.58097	0.01960	0.02914	0.01670	0.07641	0.02179	0.01482	0.02178	0.01246	0.01481	0.00907	0.00645	0.00653	0.00211	0.00996	0.00525	0.00306	0.05328
87	0.80405	0.01350	0.01026	0.00918	0.01350	0.01565	0.00756	0.02051	0.01188	0.03131	0.00972	0.01134	0.00756	0.00648	0.00432	0.00216	0.00540	0.00378	0.00432	0.00756
88	0.01212	0.00606	0.00909	0.00909	0.00909	0.00606	0.00606	0.00909	0.00909	0.01212	0.01212	0.02121	0.01212	0.02424	0.02727	0.79697	0.00606	0.00606	0.00303	0.00303
89	0.02591	0.01855	0.02008	0.01561	0.02102	0.02042	0.01283	0.57595	0.10068	0.08849	0.01869	0.01819	0.01321	0.00851	0.00700	0.00213	0.00734	0.00650	0.00711	0.01178
90	0.01189	0.00608	0.00889	0.00901	0.00912	0.00605	0.00603	0.00949	0.00968	0.01323	0.01463	0.07663	0.01498	0.02328	0.02480	0.69830	0.00577	0.00713	0.04161	0.00340
91	0.02013	0.42631	0.05497	0.01383	0.01877	0.18174	0.01251	0.04246	0.01612	0.05165	0.01320	0.06626	0.01216	0.00786	0.00618	0.00180	0.03608	0.00545	0.00377	0.00875
92	0.01447	0.01240	0.01447	0.01034	0.01654	0.00930	0.00827	0.01757	0.01447	0.02274	0.01240	0.01447	0.01034	0.00517	0.00517	0.00103	0.00517	0.00413	0.00413	0.79742
93	0.01602	0.38592	0.35759	0.01549	0.02336	0.02131	0.01820	0.02101	0.01451	0.01920	0.01359	0.01521	0.03819	0.00677	0.00565	0.00187	0.00865	0.00487	0.00311	0.00947
94	0.01756	0.01783	0.03180	0.03719	0.46351	0.03715	0.22493	0.04224	0.01669	0.02315	0.01348	0.01760	0.01088	0.00621	0.00730	0.00215	0.00946	0.00679	0.00359	0.01049
95	0.00988	0.00713	0.00933	0.00878	0.01043	0.00658	0.00658	0.01317	0.01975	0.02798	0.70754	0.05213	0.06584	0.01427	0.00823	0.00219	0.00329	0.01262	0.00768	0.00658
96	0.01654	0.01292	0.01506	0.01098	0.01701	0.01044	0.00883	0.06294	0.03878	0.07332	0.01429	0.01566	0.01129	0.00576	0.00548	0.00123	0.00540	0.00460	0.00474	0.66475
97	0.00972	0.00713	0.00912	0.00862	0.01033	0.00652	0.00646	0.01287	0.01939	0.02712	0.64754	0.05354	0.12638	0.01459	0.00823	0.00221	0.00332	0.01282	0.00757	0.00652
98	0.01329	0.00855	0.01074	0.00975	0.01207	0.00810	0.00744	0.05344	0.04370	0.10551	0.47604	0.10146	0.09445	0.01394	0.00804	0.00225	0.00399	0.01216	0.00756	0.00752
99	0.00943	0.00712	0.00870	0.00831	0.01015	0.00639	0.00623	0.01230	0.01869	0.02545	0.53113	0.05629	0.24384	0.01521	0.00824	0.00224	0.00336	0.01320	0.00735	0.00639
100	0.01866	0.75896	0.03657	0.01194	0.01791	0.02761	0.01194	0.02090	0.01418	0.01642	0.00970	0.01119	0.00896	0.00597	0.00448	0.00149	0.00746	0.00373	0.00299	0.00896
101	0.01803	0.25214	0.07321	0.01620	0.01951	0.13390	0.01448	0.02108	0.04400	0.01763	0.01067	0.01401	0.00959	0.00897	0.01271	0.00228	0.31473	0.00512	0.00329	0.00845
102	0.02270	0.01838	0.01766	0.01502	0.01932	0.13486	0.01188	0.15597	0.32907	0.14068	0.02253	0.02134	0.01644	0.00884	0.00745	0.00221	0.03147	0.00683	0.00661	0.01073
103	0.68239	0.01444	0.01193	0.01025	0.01477	0.01659	0.00845	0.12495	0.01515	0.03329	0.01082	0.01218	0.00823	0.00677	0.00474	0.00215	0.00575	0.00417	0.00474	0.00823
104	0.01301	0.00650	0.00650	0.00650	0.00813	0.00650	0.00488	0.01626	0.01463	0.02602	0.02276	0.02602	0.01789	0.00813	0.00488	0.00163	0.00325	0.00650	0.79350	0.00650
105	0.02607	0.03326	0.01978	0.01798	0.02157	0.72674	0.01348	0.02787	0.01978	0.01708	0.01079	0.01258	0.00899	0.00719	0.00629	0.00180	0.01258	0.00449	0.00360	0.00809
106	0.36056	0.01839	0.01525	0.09028	0.02020	0.20304	0.01108	0.02431	0.01550	0.13995	0.01324	0.01464	0.00979	0.00726	0.00614	0.00211	0.03030	0.00484	0.00468	0.00844
107	0.02610	0.03228	0.01986	0.01784	0.02158	0.67656	0.01347	0.07485	0.02070	0.01899	0.01121	0.01288	0.00919	0.00728	0.00634	0.00182	0.01224	0.00462	0.00384	0.00836
108	0.01524	0.05921	0.64243	0.01930	0.02901	0.04791	0.02428	0.02270	0.01511	0.04393	0.01283	0.01481	0.00912	0.00670	0.00656	0.00217	0.01018	0.00514	0.00316	0.01022
109	0.01866	0.75896	0.03657	0.01194	0.01791	0.02761	0.01194	0.02090	0.01418	0.01642	0.00970	0.01119	0.00896	0.00597	0.00448	0.00149	0.00746	0.00373	0.00299	0.00896
110	0.00825	0.00707	0.00707	0.00707	0.00943	0.00589	0.00530	0.01001	0.01591	0.01885	0.07069	0.06716	0.70839	0.01767	0.00825	0.00236	0.00353	0.01473	0.00648	0.00589
111	0.02607	0.03326	0.01978	0.01798	0.02157	0.72674	0.01348	0.02787	0.01978	0.01708	0.01079	0.01258	0.00899	0.00719	0.00629	0.00180	0.01258	0.00449	0.00360	0.00809
112	0.01015	0.00677	0.00761	0.00761	0.00761	0.00677	0.00423	0.01015	0.01015	0.01353	0.02199	0.04567	0.02537	0.75476	0.03552	0.00677	0.00677	0.01015	0.00423	0.00423
113	0.01361	0.01315	0.02271	0.62750	0.04502	0.01609	0.07657	0.01815	0.01395	0.01815	0.01233	0.01839	0.00940	0.00724	0.00818	0.00238	0.05979	0.00637	0.00313	0.00789
114	0.01015	0.00677	0.00761	0.00761	0.00761	0.00677	0.00423	0.01015	0.01015	0.01353	0.02199	0.04567	0.02537	0.75476	0.03552	0.00677	0.00677	0.01015	0.00423	0.00423
115	0.01736	0.01499	0.01578	0.01420	0.01815	0.01736	0.01105	0.03708	0.69862	0.02919	0.02840	0.02604	0.02130	0.00947	0.00710	0.00237	0.00552	0.00789	0.00710	0.01105
116	0.80405	0.01350	0.01026	0.00918	0.01350	0.01565	0.00756	0.02051	0.01188	0.03131	0.00972	0.01134	0.00756	0.00648	0.00432	0.00216	0.00540	0.00378	0.00432	0.00756
117	0.01015	0.00677	0.00761	0.00761	0.00761	0.00677	0.00423	0.01015	0.01015	0.01353	0.02199	0.04567	0.02537	0.75476	0.03552	0.00677	0.00677	0.01015	0.00423	0.00423
118	0.01919	0.01578	0.01678	0.01457	0.01880	0.01801	0.01154	0.18046	0.52933	0.03220	0.02610	0.02567	0.01982	0.00954	0.00716	0.00233	0.00603	0.02857	0.00705	0.01108
119	0.00875	0.00660	0.00810	0.00877	0.01000	0.00594	0.00618	0.01061	0.01556	0.02048	0.20390	0.39856	0.23333	0.01893	0.00857	0.00255	0.00373	0.01674	0.00676	0.00594
120	0.02589	0.01907	0.02049	0.01583	0.02123	0.02108	0.01302	0.66405	0.03212	0.04306	0.01752	0.04261	0.01308	0.00885	0.00705	0.00212	0.00755	0.00676	0.00696	0.01165
121	0.80405	0.01350	0.01026	0.00918	0.01350	0.01565	0.00756	0.02051	0.01188	0.03131	0.00972	0.01134	0.00756	0.00648	0.00432	0.00216	0.00540	0.00378	0.00432	0.00756
122	0.01413	0.01337	0.02265	0.57637	0.20224	0.01575	0.01985	0.01866	0.01440	0.01898	0.01257	0.01829	0.00971	0.00680	0.00696	0.00227	0.00907	0.00621	0.00318	0.00852
123	0.00960	0.00712	0.00895	0.00849	0.01026	0.00647	0.00637	0.01264	0.01910	0.02644	0.59996	0.05467	0.17439	0.01484	0.00823	0.00222	0.00333	0.01298	0.00748	0.00647
124	0.01041	0.00724	0.00944	0.00945	0.01092	0.00680	0.00694	0.01358	0.03839	0.04612	0.45236	0.25274	0.05653	0.01629	0.00840	0.00241	0.00376	0.03429	0.00731	0.00661
125	0.80405	0.01350	0.01026	0.00918	0.01350	0.01565	0.00756	0.02051	0.01188	0.03131	0.00972	0.01134	0.00756	0.00648	0.00432	0.00216	0.00540	0.00378	0.00432	0.00756
126	0.03019	0.03795	0.01732	0.01317	0.01834	0.10965	0.01075	0.03275	0.01977	0.59796	0.02467	0.02182	0.01587	0.00835	0.00684	0.00209	0.00690	0.00657	0.00777	0.01126
127	0.01070	0.02884	0.01015	0.00885	0.01080	0.00725	0.00675	0.01382	0.01928	0.04960	0.61225	0.05126	0.11593	0.01413	0.00808	0.00219	0.00352	0.01236	0.00748	0.00677
128	0.76636	0.01379	0.01077	0.00951	0.01389	0.01594	0.00783	0.05287	0.01289	0.03192	0.01006	0.01160	0.00777	0.00657	0.00445	0.00216	0.00551	0.00390	0.00445	0.00777
129	0.80405	0.01350	0.01026	0.00918	0.01350	0.01565	0.00756	0.02051	0.01188	0.03131	0.00972	0.01134	0.00756	0.00648	0.00432	0.00216	0.00540	0.00378	0.00432	0.00756
130	0.04095	0.06861	0.59253	0.02012	0.02969	0.01689	0.09201	0.02201	0.01479	0.02216	0.01246	0.01487	0.00898	0.00652	0.00661	0.00219	0.01016	0.00536	0.00305	0.01006
131	0.02653	0.01955	0.02094	0.01606	0.02164	0.02164	0.01326	0.68796	0.03281	0.04398	0.01675	0.01675	0.01187	0.00838	0.00698	0.00209	0.00768	0.00628	0.00698	0.01187
132	0.01301	0.00650	0.00650	0.00650	0.00813	0.00650	0.00488	0.01626	0.01463	0.02602	0.02276	0.02602	0.01789	0.00813	0.00488	0.00163	0.00325	0.00650	0.79350	0.00650
133	0.02262	0.01667	0.03903	0.01523	0.02004	0.01720	0.03819	0.42760	0.05132	0.10011	0.04114	0.09547	0.01937	0.01051	0.00743	0.00227	0.00710	0.05127	0.00682	0.01058
134	0.01089	0.03517	0.01112	0.04218	0.01319	0.03037	0.00786	0.04430	0.01609	0.02081	0.14609	0.31708	0.21398	0.01687	0.00880	0.00248	0.03548	0.01452	0.00619	0.00653
135	0.01698	0.01627	0.02760	0.03996	0.63146	0.01633	0.04550	0.02184	0.04842	0.02294	0.01466	0.03998	0.01259	0.00683	0.00703	0.00212	0.00816	0.00679	0.00372	0.01083
136	0.05100	0.21546	0.02383	0.01663	0.04016	0.45210	0.01300	0.04619	0.04678	0.01891	0.01146	0.01301	0.00959	0.00696	0.00583	0.00177	0.01046	0.00452	0.00371	0.00862
137	0.76900	0.01450	0.04168	0.00965	0.01424	0.01568	0.00837	0.02058	0.01200	0.03090	0.00984	0.01149	0.00761	0.00648	0.00442	0.00216	0.00562	0.00384	0.00426	0.00768
138	0.80405	0.01350	0.01026	0.00918	0.01350	0.01565	0.00756	0.02051	0.01188	0.03131	0.00972	0.01134	0.00756	0.00648	0.00432	0.00216	0.00540	0.00378	0.00432	0.00756
139	0.01447	0.01240	0.01447	0.01034	0.01654	0.00930	0.00827	0.01757	0.01447	0.02274	0.01240	0.01447	0.01034	0.00517	0.00517	0.00103	0.00517	0.00413	0.00413	0.79742
140	0.02758	0.01786	0.01990	0.01526	0.02080	0.01914	0.01260	0.54432	0.02999	0.19160	0.01912	0.01829	0.01305	0.00843	0.00699	0.00211	0.00730	0.00644	0.00734	0.01187
141	0.02486	0.15258	0.02260	0.01690	0.02097	0.58171	0.01322	0.05435	0.01940	0.01810	0.01086	0.01253	0.00910	0.00704	0.00602	0.00176	0.01153	0.00444	0.00364	0.00839
142	0.00976	0.00713	0.00917	0.00866	0.01035	0.00654	0.00649	0.01294	0.01948	0.02733	0.66222	0.05320	0.11158	0.01451	0.00823	0.00221	0.00331	0.01277	0.00760	0.00654
143	0.02286	0.02710	0.04411	0.02240	0.16573	0.46464	0.01497	0.02615	0.04705	0.04597	0.01538	0.01705	0.04128	0.00758	0.00658	0.00193	0.01065	0.00557	0.00401	0.00896
144	0.00981	0.00713	0.00924	0.00871	0.01039	0.00656	0.00654	0.01305	0.01961	0.02764	0.68332	0.05270	0.09028	0.01440	0.00823	0.00220	0.00330	0.01270	0.00764	0.00656
145	0.01473	0.13057	0.60438	0.01966	0.05269	0.01772	0.02381	0.02192	0.01470	0.02138	0.01217	0.01436	0.00893	0.00653	0.00636	0.00211	0.00987	0.00501	0.00297	0.01016
146	0.00849	0.00611	0.00806	0.00962	0.01010	0.00568	0.00643	0.00973	0.01345	0.01785	0.03964	0.72531	0.07029	0.02171	0.00888	0.00282	0.00403	0.01965	0.00648	0.00568
147	0.00863	0.00617	0.00825	0.00987	0.01033	0.00578	0.00671	0.00995	0.01349	0.01796	0.03839	0.71765	0.04586	0.02174	0.00894	0.00285	0.00416	0.05107	0.00648	0.00570
148	0.02568	0.05466	0.02171	0.01595	0.02132	0.02191	0.01328	0.62802	0.03099	0.04153	0.01610	0.01643	0.01162	0.00842	0.00753	0.00211	0.03842	0.00615	0.00663	0.01155

[dist]
# distance from previous block
# <min> <max>
3	5

[block]
# block no. 1 follows, 30 sequences, length 97
# corresponding to MSA columns:
# 178-274
name=unknown_B
#
# <colnr> <probs for GDERKNQSTAVLIFYWHMCP>
#	G	D	E	R	K	N	Q	S	T	A	V	L	I	F	Y	W	H	M	C	P
0	0.04319	0.63862	0.06586	0.01248	0.01848	0.05259	0.01243	0.02184	0.01463	0.05119	0.01074	0.01203	0.00931	0.00619	0.00477	0.00159	0.00765	0.00399	0.00332	0.00908
1	0.01060	0.00796	0.00983	0.00944	0.01141	0.00722	0.00687	0.04145	0.01683	0.02333	0.28773	0.28558	0.09737	0.04167	0.00898	0.00243	0.00412	0.01381	0.00658	0.10680
2	0.01038	0.00726	0.00896	0.00857	0.01049	0.00651	0.00641	0.01307	0.01823	0.05821	0.45185	0.10966	0.23346	0.01550	0.00823	0.00229	0.00355	0.01348	0.00731	0.00658
3	0.02626	0.01758	0.01941	0.01503	0.02029	0.01899	0.01230	0.52903	0.05367	0.15123	0.01915	0.01948	0.01367	0.04081	0.00823	0.00232	0.00728	0.00663	0.00713	0.01151
4	0.02653	0.01955	0.02094	0.01606	0.02164	0.02164	0.01326	0.68796	0.03281	0.04398	0.01675	0.01675	0.01187	0.00838	0.00698	0.00209	0.00768	0.00628	0.00698	0.01187
5	0.01458	0.00988	0.05353	0.01015	0.01314	0.00791	0.00846	0.01797	0.01933	0.17239	0.49521	0.04452	0.07930	0.01276	0.00788	0.00220	0.00428	0.01108	0.00755	0.00790
6	0.01209	0.00858	0.01049	0.01070	0.01232	0.00840	0.00765	0.11578	0.01667	0.04004	0.03499	0.56703	0.06191	0.01867	0.00840	0.00262	0.00468	0.01665	0.00653	0.03579
7	0.01893	0.01577	0.01667	0.01452	0.01875	0.01809	0.01143	0.14887	0.58427	0.03173	0.02640	0.02444	0.01968	0.00928	0.00708	0.00232	0.00589	0.00761	0.00708	0.01119
8	0.02356	0.01782	0.01916	0.01537	0.02033	0.01983	0.01252	0.50784	0.17419	0.03933	0.02051	0.04302	0.01578	0.00935	0.00714	0.00221	0.00707	0.02667	0.00697	0.01134
9	0.02228	0.01650	0.01901	0.01467	0.02006	0.01710	0.03788	0.37360	0.11189	0.08460	0.04445	0.01942	0.01517	0.00803	0.00674	0.00194	0.00677	0.00643	0.00644	0.16700
10	0.07738	0.17168	0.12191	0.13864	0.02495	0.07304	0.01472	0.09530	0.08766	0.08039	0.03987	0.01771	0.01320	0.00750	0.00622	0.00205	0.00798	0.00571	0.00463	0.00945
11	0.80405	0.01350	0.01026	0.00918	0.01350	0.01565	0.00756	0.02051	0.01188	0.03131	0.00972	0.01134	0.00756	0.00648	0.00432	0.00216	0.00540	0.00378	0.00432	0.00756
12	0.02325	0.05103	0.02029	0.03813	0.04134	0.07357	0.01291	0.44721	0.11355	0.03600	0.02035	0.02035	0.05278	0.00875	0.00691	0.00210	0.00760	0.00672	0.00632	0.01086
13	0.00998	0.00745	0.01108	0.01108	0.01228	0.00865	0.00855	0.01237	0.01117	0.01610	0.01882	0.02810	0.01774	0.07878	0.70106	0.01105	0.01824	0.00758	0.00376	0.00616
14	0.01729	0.01227	0.01452	0.01371	0.04196	0.01285	0.01001	0.28956	0.02174	0.06122	0.02808	0.38753	0.02940	0.01512	0.00795	0.00247	0.00579	0.01316	0.00667	0.00871
15	0.01015	0.00677	0.00761	0.00761	0.00761	0.00677	0.00423	0.01015	0.01015	0.01353	0.02199	0.04567	0.02537	0.75476	0.03552	0.00677	0.00677	0.01015	0.00423	0.00423
16	0.01898	0.01745	0.02227	0.02748	0.32887	0.06440	0.01611	0.10640	0.26960	0.02728	0.01903	0.02013	0.01479	0.00773	0.00695	0.00217	0.00748	0.00673	0.00522	0.01095
17	0.02566	0.03248	0.02017	0.01913	0.05365	0.69371	0.01385	0.02757	0.01959	0.01734	0.01090	0.01280	0.00908	0.00715	0.00632	0.00181	0.01238	0.00457	0.00359	0.00823
18	0.01008	0.00757	0.00818	0.00783	0.01030	0.00656	0.00594	0.01262	0.03521	0.06078	0.16501	0.06123	0.55107	0.01641	0.00814	0.00232	0.00369	0.01377	0.00681	0.00648
19	0.00966	0.00755	0.00791	0.00773	0.01018	0.00653	0.00582	0.01219	0.04217	0.04975	0.08856	0.08772	0.60572	0.01700	0.00817	0.00236	0.00372	0.01424	0.00664	0.00636
20	0.01447	0.01240	0.01447	0.01034	0.01654	0.00930	0.00827	0.01757	0.01447	0.02274	0.01240	0.01447	0.01034	0.00517	0.00517	0.00103	0.00517	0.00413	0.00413	0.79742
21	0.80405	0.01350	0.01026	0.00918	0.01350	0.01565	0.00756	0.02051	0.01188	0.03131	0.00972	0.01134	0.00756	0.00648	0.00432	0.00216	0.00540	0.00378	0.00432	0.00756
22	0.01764	0.01779	0.02563	0.09167	0.53551	0.09870	0.01946	0.02185	0.03333	0.02176	0.01538	0.01895	0.03754	0.00691	0.00690	0.00208	0.00862	0.00638	0.00365	0.01026
23	0.00997	0.00748	0.01121	0.01121	0.01246	0.00872	0.00872	0.01246	0.01121	0.01620	0.01869	0.02741	0.01745	0.05234	0.72710	0.01121	0.01869	0.00748	0.00374	0.00623
24	0.04258	0.02409	0.18250	0.04680	0.29031	0.15981	0.01901	0.06537	0.04126	0.02294	0.01339	0.01661	0.01076	0.02617	0.00740	0.00219	0.00938	0.00572	0.00376	0.00996
25	0.00849	0.00644	0.00783	0.00884	0.00992	0.00578	0.00611	0.00998	0.01447	0.01863	0.08113	0.50166	0.25517	0.02018	0.00867	0.00265	0.00385	0.01788	0.00654	0.00578
26	0.04683	0.01284	0.02114	0.63623	0.04422	0.01598	0.03929	0.01801	0.01372	0.01847	0.01212	0.01808	0.00926	0.00728	0.00799	0.00237	0.05907	0.00616	0.00316	0.00779
27	0.03113	0.01216	0.01637	0.01255	0.01795	0.01067	0.01037	0.05796	0.02044	0.69145	0.02714	0.02350	0.01708	0.00863	0.00702	0.00216	0.00600	0.00699	0.00858	0.01188
28	0.02676	0.01917	0.02071	0.01588	0.02145	0.02109	0.01312	0.65615	0.03219	0.07666	0.01728	0.01709	0.01213	0.00839	0.00698	0.00210	0.00759	0.00632	0.00706	0.01187
29	0.01598	0.01659	0.02111	0.17229	0.02504	0.09603	0.01596	0.01821	0.01236	0.01705	0.01003	0.01569	0.00917	0.01055	0.01771	0.00276	0.50670	0.00595	0.00312	0.00771
30	0.01638	0.01422	0.01628	0.01242	0.01737	0.04688	0.01003	0.04975	0.01514	0.04893	0.01255	0.01498	0.01040	0.00676	0.00842	0.00151	0.13222	0.00470	0.00423	0.55682
31	0.04733	0.60944	0.12617	0.01311	0.01952	0.05006	0.01368	0.02129	0.01436	0.01775	0.01012	0.01172	0.00889	0.00612	0.00482	0.00162	0.00795	0.00395	0.00305	0.00905
32	0.00881	0.00634	0.00842	0.00998	0.01060	0.00595	0.00698	0.01028	0.01377	0.01821	0.03955	0.64580	0.07142	0.02140	0.00897	0.00286	0.00430	0.09414	0.00647	0.00576
33	0.01991	0.02460	0.10778	0.02670	0.23512	0.25350	0.10243	0.04734	0.03884	0.02169	0.01297	0.01572	0.01035	0.00667	0.00676	0.00199	0.01015	0.00573	0.00372	0.04804
34	0.00957	0.00712	0.00890	0.00846	0.01024	0.00645	0.00634	0.01257	0.01902	0.02625	0.58686	0.05497	0.18761	0.01491	0.00823	0.00223	0.00334	0.01302	0.00745	0.00645
35	0.01454	0.03233	0.57074	0.02197	0.03157	0.01652	0.16986	0.02215	0.01511	0.02215	0.01287	0.01563	0.00922	0.00647	0.00698	0.00224	0.01063	0.00583	0.00307	0.01012
36	0.01053	0.00731	0.00933	0.00872	0.01060	0.00665	0.00658	0.01362	0.01931	0.05389	0.60669	0.05277	0.13880	0.01444	0.00818	0.00221	0.00342	0.01265	0.00758	0.00671
37	0.01452	0.01377	0.02335	0.51046	0.26512	0.01586	0.02005	0.01900	0.01459	0.01946	0.01264	0.01817	0.00988	0.00673	0.00695	0.00224	0.00897	0.00621	0.00322	0.00883
38	0.80405	0.01350	0.01026	0.00918	0.01350	0.01565	0.00756	0.02051	0.01188	0.03131	0.00972	0.01134	0.00756	0.00648	0.00432	0.00216	0.00540	0.00378	0.00432	0.00756
39	0.02482	0.01839	0.01981	0.01521	0.02059	0.01998	0.01245	0.60368	0.03031	0.04089	0.01666	0.01792	0.01237	0.04284	0.00817	0.00223	0.00744	0.00629	0.00663	0.07332
40	0.01919	0.01391	0.01534	0.01347	0.01752	0.01537	0.01056	0.03480	0.53465	0.14683	0.05810	0.02787	0.04134	0.00975	0.00717	0.00232	0.00545	0.00813	0.00737	0.01086
41	0.01426	0.03424	0.64570	0.02091	0.03088	0.01636	0.09682	0.02213	0.01492	0.02213	0.01269	0.01517	0.00903	0.00655	0.00680	0.00223	0.01047	0.00549	0.00301	0.01022
42	0.00942	0.00712	0.00869	0.00830	0.01014	0.00639	0.00622	0.01228	0.01867	0.02541	0.52784	0.05637	0.24716	0.01523	0.00824	0.00224	0.00336	0.01321	0.00734	0.00639
43	0.01520	0.12600	0.55628	0.01960	0.05285	0.04460	0.02304	0.02195	0.01475	0.02103	0.01200	0.01432	0.00895	0.00675	0.00693	0.00213	0.03561	0.00502	0.00300	0.00999
44	0.00855	0.00611	0.00814	0.00968	0.01013	0.00570	0.00648	0.00985	0.01360	0.01820	0.06365	0.72392	0.04690	0.02158	0.00888	0.00281	0.00402	0.01957	0.00652	0.00570
45	0.80405	0.01350	0.01026	0.00918	0.01350	0.01565	0.00756	0.02051	0.01188	0.03131	0.00972	0.01134	0.00756	0.00648	0.00432	0.00216	0.00540	0.00378	0.00432	0.00756
46	0.01015	0.00677	0.00761	0.00761	0.00761	0.00677	0.00423	0.01015	0.01015	0.01353	0.02199	0.04567	0.02537	0.75476	0.03552	0.00677	0.00677	0.01015	0.00423	0.00423
47	0.31299	0.05256	0.24177	0.01690	0.07385	0.01584	0.05594	0.02293	0.01450	0.11351	0.01340	0.01489	0.00971	0.00672	0.00584	0.00215	0.00773	0.00508	0.00426	0.00942
48	0.02607	0.03326	0.01978	0.01798	0.02157	0.72674	0.01348	0.02787	0.01978	0.01708	0.01079	0.01258	0.00899	0.00719	0.00629	0.00180	0.01258	0.00449	0.00360	0.00809
49	0.53760	0.01395	0.01366	0.13533	0.02062	0.01608	0.01040	0.10057	0.01513	0.06381	0.01189	0.01384	0.00885	0.00690	0.00522	0.00218	0.00637	0.00465	0.00464	0.00832
50	0.00971	0.00858	0.03457	0.00970	0.01204	0.00715	0.03310	0.01260	0.01743	0.02317	0.33952	0.09636	0.28945	0.01571	0.00833	0.00237	0.00423	0.06269	0.00676	0.00651
51	0.00961	0.00703	0.00901	0.00870	0.01031	0.00644	0.00646	0.01258	0.01884	0.02626	0.59075	0.11426	0.12323	0.01524	0.00829	0.00227	0.00338	0.01344	0.00747	0.00644
52	0.05240	0.46856	0.19947	0.01444	0.02112	0.10352	0.01529	0.02196	0.01485	0.01852	0.01051	0.01222	0.00887	0.00629	0.00520	0.00173	0.00865	0.00417	0.00310	0.00913
53	0.01866	0.75896	0.03657	0.01194	0.01791	0.02761	0.01194	0.02090	0.01418	0.01642	0.00970	0.01119	0.00896	0.00597	0.00448	0.00149	0.00746	0.00373	0.00299	0.00896
54	0.00878	0.00696	0.00740	0.00744	0.00915	0.00612	0.00523	0.01027	0.01486	0.01837	0.10680	0.09327	0.48520	0.17310	0.01403	0.00330	0.00422	0.01384	0.00610	0.00558
55	0.01015	0.00677	0.00761	0.00761	0.00761	0.00677	0.00423	0.01015	0.01015	0.01353	0.02199	0.04567	0.02537	0.75476	0.03552	0.00677	0.00677	0.01015	0.00423	0.00423
56	0.01084	0.00741	0.00864	0.00843	0.00882	0.00765	0.00518	0.03981	0.01126	0.01518	0.02135	0.04214	0.02380	0.63499	0.12035	0.00712	0.00829	0.00965	0.00429	0.00481
57	0.01062	0.00730	0.00957	0.00891	0.01068	0.00671	0.00671	0.01390	0.01976	0.05201	0.68380	0.05114	0.06415	0.01407	0.00819	0.00219	0.00338	0.01242	0.00772	0.00677
58	0.01615	0.01283	0.01504	0.03116	0.01757	0.01099	0.00920	0.11786	0.01726	0.04598	0.01610	0.08845	0.01431	0.00746	0.00592	0.00144	0.00557	0.00616	0.00490	0.55564
59	0.80405	0.01350	0.01026	0.00918	0.01350	0.01565	0.00756	0.02051	0.01188	0.03131	0.00972	0.01134	0.00756	0.00648	0.00432	0.00216	0.00540	0.00378	0.00432	0.00756
60	0.00997	0.00748	0.01121	0.01121	0.01246	0.00872	0.00872	0.01246	0.01121	0.01620	0.01869	0.02741	0.01745	0.05234	0.72710	0.01121	0.01869	0.00748	0.00374	0.00623
61	0.01965	0.54261	0.10449	0.01372	0.01990	0.08502	0.01366	0.09340	0.01672	0.02003	0.01085	0.01228	0.00926	0.00640	0.00512	0.00166	0.00822	0.00422	0.00346	0.00934
62	0.00849	0.00689	0.00753	0.00777	0.00967	0.00593	0.00567	0.01033	0.01588	0.01974	0.14009	0.19363	0.50793	0.01806	0.00837	0.00243	0.00360	0.01544	0.00662	0.00593
63	0.01645	0.01524	0.02252	0.39326	0.12282	0.03955	0.03833	0.11593	0.01671	0.02222	0.01264	0.01749	0.00991	0.00784	0.00937	0.00235	0.11862	0.00621	0.00373	0.00881
64	0.80405	0.01350	0.01026	0.00918	0.01350	0.01565	0.00756	0.02051	0.01188	0.03131	0.00972	0.01134	0.00756	0.00648	0.00432	0.00216	0.00540	0.00378	0.00432	0.00756
65	0.01694	0.01225	0.01383	0.01198	0.01460	0.01322	0.00897	0.30357	0.02059	0.02769	0.02210	0.14760	0.02214	0.23847	0.09002	0.00455	0.00794	0.00980	0.00574	0.00798
66	0.00988	0.00713	0.00933	0.00878	0.01043	0.00658	0.00658	0.01317	0.01975	0.02798	0.70754	0.05213	0.06584	0.01427	0.00823	0.00219	0.00329	0.01262	0.00768	0.00658
67	0.01022	0.00750	0.00963	0.00903	0.01078	0.00709	0.00679	0.01428	0.05133	0.02804	0.67595	0.05091	0.06377	0.01404	0.00818	0.00220	0.00340	0.01240	0.00765	0.00679
68	0.03078	0.01272	0.01672	0.01282	0.01824	0.01151	0.01059	0.10608	0.02139	0.64199	0.02634	0.02298	0.01668	0.00861	0.00701	0.00215	0.00613	0.00694	0.00845	0.01187
69	0.01647	0.01882	0.04118	0.02941	0.03647	0.01765	0.68588	0.02235	0.01647	0.02235	0.01412	0.01882	0.01059	0.00588	0.00824	0.00235	0.01176	0.00824	0.00353	0.00941
70	0.80405	0.01350	0.01026	0.00918	0.01350	0.01565	0.00756	0.02051	0.01188	0.03131	0.00972	0.01134	0.00756	0.00648	0.00432	0.00216	0.00540	0.00378	0.00432	0.00756
71	0.02607	0.03326	0.01978	0.01798	0.02157	0.72674	0.01348	0.02787	0.01978	0.01708	0.01079	0.01258	0.00899	0.00719	0.00629	0.00180	0.01258	0.00449	0.00360	0.00809
72	0.01447	0.01240	0.01447	0.01034	0.01654	0.00930	0.00827	0.01757	0.01447	0.02274	0.01240	0.01447	0.01034	0.00517	0.00517	0.00103	0.00517	0.00413	0.00413	0.79742
73	0.00835	0.00705	0.00725	0.00737	0.00961	0.00595	0.00554	0.01014	0.01579	0.01886	0.06810	0.10073	0.65582	0.01793	0.00832	0.00241	0.00365	0.03478	0.00648	0.00590
74	0.00860	0.00615	0.00819	0.00965	0.01014	0.00573	0.00649	0.00997	0.01382	0.01855	0.08682	0.69975	0.04758	0.02131	0.00886	0.00279	0.00399	0.01932	0.00656	0.00573
75	0.80405	0.01350	0.01026	0.00918	0.01350	0.01565	0.00756	0.02051	0.01188	0.03131	0.00972	0.01134	0.00756	0.00648	0.00432	0.00216	0.00540	0.00378	0.00432	0.00756
76	0.00988	0.00713	0.00933	0.00878	0.01043	0.00658	0.00658	0.01317	0.01975	0.02798	0.70754	0.05213	0.06584	0.01427	0.00823	0.00219	0.00329	0.01262	0.00768	0.00658
77	0.01527	0.01527	0.02137	0.01832	0.01832	0.02137	0.01527	0.01679	0.01069	0.01679	0.00916	0.01527	0.00916	0.01221	0.02290	0.00305	0.74198	0.00611	0.00305	0.00763
78	0.00871	0.00704	0.00747	0.00739	0.00936	0.00610	0.00536	0.01049	0.01578	0.01956	0.15842	0.06238	0.53227	0.10537	0.01151	0.00286	0.00389	0.01387	0.00639	0.00579
79	0.00999	0.00738	0.01070	0.01070	0.01177	0.00844	0.00808	0.01213	0.01106	0.01582	0.01916	0.03002	0.01858	0.15255	0.62843	0.01058	0.01699	0.00786	0.00381	0.00594
80	0.00850	0.00607	0.00810	0.00972	0.01012	0.00567	0.00648	0.00972	0.01336	0.01781	0.03846	0.75020	0.04615	0.02186	0.00891	0.00283	0.00405	0.01984	0.00648	0.00567
81	0.01086	0.00870	0.01261	0.01211	0.01305	0.01065	0.00945	0.01300	0.01105	0.01609	0.01738	0.02683	0.01669	0.10006	0.55767	0.00953	0.13686	0.00746	0.00366	0.00631
82	0.02653	0.01955	0.02094	0.01606	0.02164	0.02164	0.01326	0.68796	0.03281	0.04398	0.01675	0.01675	0.01187	0.00838	0.00698	0.00209	0.00768	0.00628	0.00698	0.01187
83	0.01872	0.71109	0.05995	0.01241	0.01846	0.04891	0.01247	0.02115	0.01437	0.01664	0.00983	0.01136	0.00895	0.00603	0.00461	0.00153	0.00772	0.00380	0.00300	0.00898
84	0.01892	0.73288	0.03596	0.01216	0.01804	0.05273	0.01200	0.02115	0.01438	0.01644	0.00974	0.01124	0.00896	0.00601	0.00454	0.00150	0.00765	0.00376	0.00301	0.00892
85	0.00988	0.00713	0.00933	0.00878	0.01043	0.00658	0.00658	0.01317	0.01975	0.02798	0.70754	0.05213	0.06584	0.01427	0.00823	0.00219	0.00329	0.01262	0.00768	0.00658
86	0.04421	0.01304	0.01513	0.01469	0.06944	0.01393	0.01049	0.22505	0.13827	0.03022	0.12634	0.17467	0.07013	0.01248	0.00755	0.00232	0.00565	0.01064	0.00661	0.00913
87	0.01528	0.02936	0.45978	0.02223	0.12886	0.08246	0.02212	0.02157	0.01555	0.02157	0.01555	0.02303	0.01316	0.00823	0.00702	0.00228	0.00973	0.08896	0.00353	0.00972
88	0.00977	0.00709	0.00920	0.00875	0.01038	0.00653	0.00654	0.01294	0.01939	0.02730	0.66158	0.07713	0.08786	0.01465	0.00825	0.00222	0.00333	0.01295	0.00760	0.00653
89	0.01846	0.48956	0.13569	0.01424	0.02007	0.11480	0.01430	0.02151	0.01490	0.01768	0.02818	0.01322	0.01042	0.00684	0.00631	0.00176	0.05553	0.00443	0.00318	0.00890
90	0.01301	0.00650	0.00650	0.00650	0.00813	0.00650	0.00488	0.01626	0.01463	0.02602	0.02276	0.02602	0.01789	0.00813	0.00488	0.00163	0.00325	0.00650	0.79350	0.00650
91	0.01383	0.01172	0.01378	0.01027	0.01585	0.00891	0.00808	0.01673	0.01435	0.02221	0.01521	0.09365	0.01419	0.00696	0.00557	0.00123	0.00505	0.00582	0.00439	0.71221
