[name]
unknown

[dist]
# distance from previous block
# <min> <max>
3	42

[block]
# block no. 0 follows, 29 sequences, length 97
# corresponding to MSA columns:
# 49-145
name=unknown_A
#
# <colnr> <probs for GDERKNQSTAVLIFYWHMCP>
#	G	D	E	R	K	N	Q	S	T	A	V	L	I	F	Y	W	H	M	C	P
0	0.01946	0.01669	0.02263	0.12238	0.10734	0.04153	0.09858	0.17888	0.18428	0.05214	0.04296	0.02357	0.01681	0.00860	0.00742	0.00230	0.00805	0.03035	0.00566	0.01038
1	0.01574	0.01564	0.02515	0.42445	0.25625	0.05496	0.06623	0.02025	0.01537	0.02009	0.01292	0.01823	0.01014	0.00681	0.00715	0.00226	0.00952	0.00638	0.00334	0.00912
2	0.03738	0.01580	0.06228	0.14543	0.13621	0.01498	0.16410	0.05182	0.01689	0.07218	0.07476	0.04289	0.03546	0.00836	0.00809	0.00226	0.03962	0.00778	0.00458	0.05913
3	0.01742	0.01671	0.02854	0.07673	0.67388	0.01687	0.02175	0.02168	0.01612	0.02302	0.01336	0.01769	0.01119	0.00638	0.00705	0.00213	0.00851	0.00634	0.00351	0.01112
4	0.02623	0.01541	0.10336	0.01351	0.01933	0.01173	0.01223	0.08227	0.02006	0.46492	0.05032	0.05752	0.01892	0.00916	0.00712	0.00216	0.00651	0.00751	0.00750	0.06423
5	0.01855	0.68037	0.10670	0.01302	0.01956	0.02698	0.01363	0.02145	0.01453	0.01735	0.01020	0.01179	0.00913	0.00616	0.00479	0.00160	0.00791	0.00396	0.00304	0.00928
6	0.00876	0.00639	0.00825	0.00955	0.01027	0.00588	0.00649	0.01022	0.01443	0.01910	0.09458	0.61734	0.12006	0.02124	0.00896	0.00279	0.00401	0.01910	0.00671	0.00588
7	0.02570	0.01404	0.04969	0.01336	0.01848	0.01260	0.01133	0.06721	0.12741	0.42994	0.07261	0.02507	0.02043	0.00919	0.00767	0.00221	0.02952	0.00740	0.00772	0.04841
8	0.13962	0.01662	0.05456	0.01388	0.01907	0.04226	0.01175	0.13440	0.20039	0.25982	0.02243	0.02093	0.01560	0.00850	0.00672	0.00224	0.00665	0.00659	0.00697	0.01101
9	0.01148	0.00908	0.01030	0.00970	0.01210	0.00892	0.00734	0.04775	0.12747	0.02577	0.30983	0.10050	0.26231	0.01515	0.00821	0.00236	0.00407	0.01301	0.00722	0.00741
10	0.00883	0.00631	0.00844	0.01009	0.01057	0.00592	0.00688	0.01018	0.01379	0.01835	0.03916	0.70826	0.04676	0.02216	0.00913	0.00291	0.00427	0.05555	0.00661	0.00583
11	0.01345	0.01266	0.02136	0.73264	0.04904	0.01582	0.01978	0.01819	0.01424	0.01819	0.01266	0.01898	0.00949	0.00712	0.00712	0.00237	0.00949	0.00633	0.00316	0.00791
12	0.01792	0.01766	0.02806	0.07495	0.63636	0.05590	0.02131	0.02204	0.01634	0.02270	0.01323	0.01742	0.01108	0.00644	0.00702	0.00211	0.00875	0.00625	0.00352	0.01095
13	0.02730	0.01957	0.02114	0.01621	0.02190	0.02153	0.01339	0.65093	0.03286	0.07641	0.01762	0.01743	0.01237	0.00856	0.00713	0.00214	0.00775	0.00645	0.00720	0.01211
14	0.01237	0.00618	0.00928	0.00928	0.00928	0.00618	0.00618	0.00928	0.00928	0.01237	0.01237	0.02165	0.01237	0.02474	0.02783	0.79283	0.00618	0.00618	0.00309	0.00309
15	0.01018	0.00759	0.01124	0.01124	0.01244	0.00879	0.00865	0.01259	0.01138	0.01638	0.01926	0.02899	0.01824	0.09155	0.68399	0.01120	0.01841	0.00778	0.00384	0.00625
16	0.01515	0.01499	0.02172	0.16207	0.02479	0.02061	0.01642	0.01735	0.01157	0.01735	0.01001	0.01626	0.00938	0.01139	0.02011	0.00297	0.59068	0.00625	0.00313	0.00781
17	0.00868	0.00620	0.00826	0.00991	0.01033	0.00578	0.00661	0.00991	0.01363	0.01818	0.03925	0.74510	0.04710	0.02231	0.00909	0.00289	0.00413	0.02024	0.00661	0.00578
18	0.01345	0.01266	0.02136	0.73264	0.04904	0.01582	0.01978	0.01819	0.01424	0.01819	0.01266	0.01898	0.00949	0.00712	0.00712	0.00237	0.00949	0.00633	0.00316	0.00791
19	0.00868	0.00620	0.00826	0.00991	0.01033	0.00578	0.00661	0.00991	0.01363	0.01818	0.03925	0.74510	0.04710	0.02231	0.00909	0.00289	0.00413	0.02024	0.00661	0.00578
20	0.02707	0.01995	0.02137	0.01638	0.02208	0.02208	0.01353	0.68159	0.03348	0.04488	0.01710	0.01710	0.01211	0.00855	0.00712	0.00214	0.00784	0.00641	0.00712	0.01211
21	0.00996	0.00727	0.00936	0.00884	0.01057	0.00667	0.00663	0.01321	0.01988	0.02790	0.65761	0.05426	0.11156	0.01480	0.00840	0.00225	0.00338	0.01303	0.00775	0.00667
22	0.01345	0.01266	0.02136	0.73264	0.04904	0.01582	0.01978	0.01819	0.01424	0.01819	0.01266	0.01898	0.00949	0.00712	0.00712	0.00237	0.00949	0.00633	0.00316	0.00791
23	0.01563	0.05015	0.02182	0.01781	0.01818	0.02138	0.01491	0.01731	0.01127	0.01757	0.01004	0.01591	0.00976	0.01196	0.02160	0.00297	0.66701	0.00614	0.04079	0.00780
24	0.01477	0.01266	0.01477	0.01055	0.01687	0.00949	0.00844	0.01793	0.01477	0.02320	0.01266	0.01477	0.01055	0.00527	0.00527	0.00105	0.00527	0.00422	0.00422	0.79328
25	0.02516	0.04181	0.01916	0.01469	0.01978	0.01817	0.01197	0.34128	0.18378	0.18864	0.02228	0.02167	0.01595	0.03257	0.00801	0.00235	0.00688	0.00700	0.00730	0.01156
26	0.01345	0.01266	0.02136	0.73264	0.04904	0.01582	0.01978	0.01819	0.01424	0.01819	0.01266	0.01898	0.00949	0.00712	0.00712	0.00237	0.00949	0.00633	0.00316	0.00791
27	0.01102	0.00749	0.00982	0.00912	0.01096	0.00688	0.00688	0.01435	0.02017	0.05780	0.67269	0.05195	0.06506	0.01431	0.00835	0.00224	0.00348	0.01263	0.00788	0.00695
28	0.01544	0.01263	0.01515	0.04486	0.01846	0.00983	0.00906	0.01866	0.01498	0.05244	0.01332	0.01537	0.01080	0.00551	0.00544	0.00117	0.00551	0.00444	0.00437	0.72255
29	0.01803	0.01545	0.01628	0.01455	0.01864	0.01786	0.01135	0.05952	0.67028	0.03030	0.02858	0.02625	0.02141	0.00962	0.00724	0.00241	0.00571	0.00800	0.00724	0.01130
30	0.01237	0.00618	0.00928	0.00928	0.00928	0.00618	0.00618	0.00928	0.00928	0.01237	0.01237	0.02165	0.01237	0.02474	0.02783	0.79283	0.00618	0.00618	0.00309	0.00309
31	0.01904	0.75404	0.03731	0.01218	0.01828	0.02818	0.01218	0.02132	0.01447	0.01675	0.00990	0.01142	0.00914	0.00609	0.00457	0.00152	0.00761	0.00381	0.00305	0.00914
32	0.03195	0.01212	0.01652	0.01267	0.01818	0.01047	0.01047	0.03470	0.02038	0.71026	0.02809	0.02424	0.01763	0.00881	0.00716	0.00220	0.00606	0.00716	0.00881	0.01212
33	0.00856	0.00722	0.00741	0.00736	0.00971	0.00607	0.00552	0.01050	0.01657	0.02004	0.12644	0.06720	0.64764	0.01773	0.00841	0.00239	0.00359	0.01484	0.00672	0.00607
34	0.00986	0.00724	0.00923	0.00879	0.01052	0.00661	0.00657	0.01298	0.01954	0.02724	0.61370	0.07422	0.13663	0.01516	0.00842	0.00228	0.00341	0.01332	0.00767	0.00661
35	0.00868	0.00620	0.00826	0.00991	0.01033	0.00578	0.00661	0.00991	0.01363	0.01818	0.03925	0.74510	0.04710	0.02231	0.00909	0.00289	0.00413	0.02024	0.00661	0.00578
36	0.01771	0.01530	0.01610	0.01449	0.01852	0.01771	0.01127	0.03784	0.69247	0.02979	0.02898	0.02657	0.02174	0.00966	0.00725	0.00242	0.00564	0.00805	0.00725	0.01127
37	0.03195	0.01212	0.01652	0.01267	0.01818	0.01047	0.01047	0.03470	0.02038	0.71026	0.02809	0.02424	0.01763	0.00881	0.00716	0.00220	0.00606	0.00716	0.00881	0.01212
38	0.03195	0.01212	0.01652	0.01267	0.01818	0.01047	0.01047	0.03470	0.02038	0.71026	0.02809	0.02424	0.01763	0.00881	0.00716	0.00220	0.00606	0.00716	0.00881	0.01212
39	0.02707	0.01995	0.02137	0.01638	0.02208	0.02208	0.01353	0.68159	0.03348	0.04488	0.01710	0.01710	0.01211	0.00855	0.00712	0.00214	0.00784	0.00641	0.00712	0.01211
40	0.01477	0.01266	0.01477	0.01055	0.01687	0.00949	0.00844	0.01793	0.01477	0.02320	0.01266	0.01477	0.01055	0.00527	0.00527	0.00105	0.00527	0.00422	0.00422	0.79328
41	0.01460	0.03460	0.62777	0.02153	0.03163	0.01672	0.10916	0.02258	0.01526	0.02258	0.01298	0.01556	0.00925	0.00667	0.00697	0.00227	0.01071	0.00566	0.00308	0.01041
42	0.01681	0.01921	0.04202	0.03001	0.03721	0.01801	0.67947	0.02281	0.01681	0.02281	0.01441	0.01921	0.01080	0.00600	0.00840	0.00240	0.01200	0.00840	0.00360	0.00960
43	0.03195	0.01212	0.01652	0.01267	0.01818	0.01047	0.01047	0.03470	0.02038	0.71026	0.02809	0.02424	0.01763	0.00881	0.00716	0.00220	0.00606	0.00716	0.00881	0.01212
44	0.01680	0.05741	0.19957	0.05942	0.03342	0.01788	0.39016	0.02271	0.01599	0.05487	0.01409	0.01787	0.01048	0.00674	0.00854	0.00235	0.05120	0.00715	0.00363	0.00974
45	0.00868	0.00620	0.00826	0.00991	0.01033	0.00578	0.00661	0.00991	0.01363	0.01818	0.03925	0.74510	0.04710	0.02231	0.00909	0.00289	0.00413	0.02024	0.00661	0.00578
46	0.01017	0.00763	0.01144	0.01144	0.01272	0.00890	0.00890	0.01272	0.01144	0.01653	0.01907	0.02797	0.01780	0.05340	0.72153	0.01144	0.01907	0.00763	0.00381	0.00636
47	0.01746	0.14040	0.44764	0.01865	0.02672	0.15745	0.02130	0.02330	0.01579	0.02046	0.01186	0.01410	0.00908	0.00702	0.00709	0.00210	0.04170	0.00496	0.00315	0.00976
48	0.01318	0.00695	0.00995	0.00967	0.00999	0.00707	0.00659	0.04654	0.01062	0.01417	0.01263	0.02139	0.01235	0.02384	0.02668	0.74901	0.00628	0.00620	0.00332	0.00359
49	0.01681	0.01921	0.04202	0.03001	0.03721	0.01801	0.67947	0.02281	0.01681	0.02281	0.01441	0.01921	0.01080	0.00600	0.00840	0.00240	0.01200	0.00840	0.00360	0.00960
50	0.00868	0.00620	0.00826	0.00991	0.01033	0.00578	0.00661	0.00991	0.01363	0.01818	0.03925	0.74510	0.04710	0.02231	0.00909	0.00289	0.00413	0.02024	0.00661	0.00578
51	0.05785	0.02118	0.07059	0.13995	0.24461	0.18169	0.01751	0.04736	0.07020	0.06034	0.01465	0.01729	0.01136	0.00721	0.00679	0.00213	0.00928	0.00591	0.00421	0.00988
52	0.01345	0.01266	0.02136	0.73264	0.04904	0.01582	0.01978	0.01819	0.01424	0.01819	0.01266	0.01898	0.00949	0.00712	0.00712	0.00237	0.00949	0.00633	0.00316	0.00791
53	0.03195	0.01212	0.01652	0.01267	0.01818	0.01047	0.01047	0.03470	0.02038	0.71026	0.02809	0.02424	0.01763	0.00881	0.00716	0.00220	0.00606	0.00716	0.00881	0.01212
54	0.01698	0.01610	0.02725	0.04075	0.64622	0.01605	0.02057	0.02114	0.01655	0.02371	0.07196	0.02065	0.01604	0.00704	0.00716	0.00213	0.00803	0.00690	0.00389	0.01089
55	0.01345	0.01266	0.02136	0.73264	0.04904	0.01582	0.01978	0.01819	0.01424	0.01819	0.01266	0.01898	0.00949	0.00712	0.00712	0.00237	0.00949	0.00633	0.00316	0.00791
56	0.01071	0.00788	0.01042	0.01168	0.01326	0.00770	0.00965	0.01391	0.03500	0.02098	0.06554	0.19498	0.12737	0.01947	0.00940	0.00304	0.00561	0.42029	0.00664	0.00649
57	0.75797	0.01368	0.01080	0.00955	0.01401	0.01567	0.00786	0.02169	0.01257	0.06911	0.01091	0.01226	0.00825	0.00673	0.00456	0.00220	0.00554	0.00404	0.00465	0.00795
58	0.01345	0.01266	0.02136	0.73264	0.04904	0.01582	0.01978	0.01819	0.01424	0.01819	0.01266	0.01898	0.00949	0.00712	0.00712	0.00237	0.00949	0.00633	0.00316	0.00791
59	0.00842	0.00721	0.00721	0.00721	0.00962	0.00601	0.00541	0.01022	0.01623	0.01924	0.07213	0.06853	0.70244	0.01803	0.00842	0.00240	0.00361	0.01503	0.00661	0.00601
60	0.03102	0.01360	0.01744	0.01337	0.01892	0.01266	0.01105	0.15708	0.02286	0.58438	0.02601	0.02289	0.01658	0.00876	0.00715	0.00219	0.00640	0.00702	0.00849	0.01212
61	0.02169	0.15357	0.03995	0.01337	0.01906	0.01715	0.01156	0.16106	0.08441	0.15831	0.01747	0.01760	0.01295	0.00747	0.00670	0.00181	0.03004	0.00562	0.00570	0.21450
62	0.02665	0.01924	0.02077	0.01607	0.02164	0.02121	0.01323	0.60528	0.07887	0.07606	0.01846	0.01810	0.01305	0.00864	0.00713	0.00216	0.00760	0.00656	0.00721	0.01205
63	0.01771	0.01530	0.01610	0.01449	0.01852	0.01771	0.01127	0.03784	0.69247	0.02979	0.02898	0.02657	0.02174	0.00966	0.00725	0.00242	0.00564	0.00805	0.00725	0.01127
64	0.00952	0.00714	0.00882	0.00864	0.01036	0.00645	0.00639	0.01227	0.01849	0.02516	0.47684	0.13314	0.21812	0.01625	0.00848	0.00235	0.00350	0.01421	0.00741	0.00645
65	0.01840	0.01514	0.01612	0.01440	0.01850	0.01736	0.01123	0.03769	0.65990	0.06276	0.02894	0.02645	0.02154	0.00962	0.00724	0.00240	0.00566	0.00801	0.00732	0.01131
66	0.00866	0.00625	0.00821	0.00978	0.01029	0.00579	0.00655	0.00993	0.01376	0.01823	0.04084	0.71232	0.07885	0.02210	0.00906	0.00287	0.00411	0.01999	0.00661	0.00579
67	0.02992	0.01167	0.01588	0.01233	0.01748	0.01012	0.01012	0.03273	0.02036	0.64706	0.09053	0.02692	0.02222	0.00935	0.00728	0.00221	0.00581	0.00769	0.00872	0.01162
68	0.01080	0.00744	0.00975	0.00908	0.01089	0.00684	0.00684	0.01414	0.02016	0.05107	0.67933	0.05223	0.06555	0.01437	0.00836	0.00224	0.00345	0.01269	0.00787	0.00690
69	0.01477	0.01266	0.01477	0.01055	0.01687	0.00949	0.00844	0.01793	0.01477	0.02320	0.01266	0.01477	0.01055	0.00527	0.00527	0.00105	0.00527	0.00422	0.00422	0.79328
70	0.01886	0.72738	0.06242	0.01249	0.01874	0.02774	0.01271	0.02137	0.01449	0.01697	0.01001	0.01156	0.00913	0.00612	0.00465	0.00155	0.00772	0.00386	0.00304	0.00919
71	0.01477	0.01266	0.01477	0.01055	0.01687	0.00949	0.00844	0.01793	0.01477	0.02320	0.01266	0.01477	0.01055	0.00527	0.00527	0.00105	0.00527	0.00422	0.00422	0.79328
72	0.01670	0.28445	0.08154	0.01496	0.01847	0.09336	0.01353	0.01905	0.01395	0.01765	0.01503	0.13643	0.01557	0.01082	0.01106	0.00230	0.21572	0.00746	0.00373	0.00821
73	0.72942	0.01362	0.01102	0.00967	0.01418	0.01547	0.00796	0.02220	0.01288	0.09432	0.01159	0.01273	0.00862	0.00681	0.00466	0.00220	0.00556	0.00416	0.00481	0.00812
74	0.01643	0.01700	0.03131	0.02620	0.11407	0.04328	0.37447	0.02100	0.01565	0.02215	0.01476	0.01954	0.01180	0.00902	0.03667	0.00269	0.10602	0.00746	0.10146	0.00903
75	0.01345	0.01266	0.02136	0.73264	0.04904	0.01582	0.01978	0.01819	0.01424	0.01819	0.01266	0.01898	0.00949	0.00712	0.00712	0.00237	0.00949	0.00633	0.00316	0.00791
76	0.00842	0.00721	0.00721	0.00721	0.00962	0.00601	0.00541	0.01022	0.01623	0.01924	0.07213	0.06853	0.70244	0.01803	0.00842	0.00240	0.00361	0.01503	0.00661	0.00601
77	0.80005	0.01377	0.01047	0.00936	0.01377	0.01597	0.00771	0.02093	0.01212	0.03195	0.00991	0.01157	0.00771	0.00661	0.00441	0.00220	0.00551	0.00386	0.00441	0.00771
78	0.02707	0.01995	0.02137	0.01638	0.02208	0.02208	0.01353	0.68159	0.03348	0.04488	0.01710	0.01710	0.01211	0.00855	0.00712	0.00214	0.00784	0.00641	0.00712	0.01211
79	0.80005	0.01377	0.01047	0.00936	0.01377	0.01597	0.00771	0.02093	0.01212	0.03195	0.00991	0.01157	0.00771	0.00661	0.00441	0.00220	0.00551	0.00386	0.00441	0.00771
80	0.06108	0.01218	0.01629	0.01254	0.01801	0.01067	0.01036	0.03418	0.02007	0.68454	0.02740	0.02376	0.01725	0.00873	0.00706	0.00220	0.00604	0.00704	0.00865	0.01195
81	0.03195	0.01212	0.01652	0.01267	0.01818	0.01047	0.01047	0.03470	0.02038	0.71026	0.02809	0.02424	0.01763	0.00881	0.00716	0.00220	0.00606	0.00716	0.00881	0.01212
82	0.01771	0.01530	0.01610	0.01449	0.01852	0.01771	0.01127	0.03784	0.69247	0.02979	0.02898	0.02657	0.02174	0.00966	0.00725	0.00242	0.00564	0.00805	0.00725	0.01127
83	0.00872	0.00623	0.00831	0.00988	0.01034	0.00582	0.00661	0.01004	0.01386	0.01854	0.06258	0.72073	0.04780	0.02204	0.00906	0.00287	0.00410	0.01998	0.00665	0.00582
84	0.02407	0.02959	0.02012	0.01808	0.02098	0.56456	0.01387	0.02590	0.01822	0.01763	0.01103	0.01376	0.00946	0.00836	0.00969	0.00208	0.15382	0.00496	0.02571	0.00812
85	0.03195	0.01212	0.01652	0.01267	0.01818	0.01047	0.01047	0.03470	0.02038	0.71026	0.02809	0.02424	0.01763	0.00881	0.00716	0.00220	0.00606	0.00716	0.00881	0.01212
86	0.00851	0.00716	0.00738	0.00745	0.00971	0.00603	0.00554	0.01036	0.01628	0.01963	0.10081	0.10528	0.63534	0.01810	0.00845	0.00242	0.00362	0.01521	0.00667	0.00603
87	0.01184	0.01023	0.01441	0.04823	0.01553	0.01278	0.01079	0.01358	0.01191	0.01706	0.02120	0.22396	0.02320	0.08403	0.18668	0.00531	0.26749	0.01080	0.00435	0.00662
88	0.02813	0.01521	0.07472	0.01517	0.02116	0.01246	0.07611	0.05413	0.05729	0.52965	0.02524	0.02291	0.01633	0.00842	0.00725	0.00224	0.00702	0.00715	0.00771	0.01170
89	0.00868	0.00620	0.00826	0.00991	0.01033	0.00578	0.00661	0.00991	0.01363	0.01818	0.03925	0.74510	0.04710	0.02231	0.00909	0.00289	0.00413	0.02024	0.00661	0.00578
90	0.03119	0.01266	0.01678	0.01294	0.01841	0.01136	0.01066	0.07066	0.04392	0.65029	0.02751	0.02392	0.01746	0.00883	0.00716	0.00221	0.00614	0.00715	0.00867	0.01209
91	0.01535	0.01619	0.07586	0.17988	0.20110	0.07353	0.05581	0.01914	0.01560	0.04384	0.02039	0.18989	0.02008	0.01087	0.00764	0.00240	0.00828	0.03101	0.00442	0.00871
92	0.01541	0.01533	0.02149	0.01847	0.01851	0.02141	0.01537	0.01700	0.01092	0.01712	0.00965	0.01596	0.00961	0.01374	0.04507	0.00337	0.71441	0.00627	0.00314	0.00774
93	0.01031	0.00774	0.01117	0.01126	0.01250	0.00885	0.00859	0.01323	0.03470	0.01700	0.02127	0.08991	0.02078	0.07914	0.60710	0.01021	0.01682	0.00884	0.00419	0.00639
94	0.05933	0.02109	0.16526	0.13694	0.03206	0.05111	0.25229	0.02112	0.01501	0.02156	0.01296	0.01734	0.01004	0.00747	0.00964	0.00241	0.11750	0.00663	0.03130	0.00897
95	0.01769	0.01711	0.07574	0.05276	0.22785	0.03822	0.10393	0.05822	0.04057	0.08191	0.01885	0.10900	0.01690	0.00976	0.00912	0.00241	0.07894	0.02658	0.00469	0.00975
96	0.01315	0.01140	0.01158	0.01152	0.01324	0.08719	0.00840	0.09168	0.01750	0.02230	0.09889	0.41586	0.10974	0.01751	0.00891	0.00258	0.03007	0.01516	0.00635	0.00698

[dist]
# distance from previous block
# <min> <max>
0	39

[block]
# block no. 1 follows, 29 sequences, length 67
# corresponding to MSA columns:
# 185-251
name=unknown_B
#
# <colnr> <probs for GDERKNQSTAVLIFYWHMCP>
#	G	D	E	R	K	N	Q	S	T	A	V	L	I	F	Y	W	H	M	C	P
0	0.01443	0.00871	0.01169	0.01168	0.01338	0.00877	0.00926	0.04330	0.01523	0.10434	0.02979	0.11939	0.05356	0.08138	0.03731	0.14178	0.03151	0.25202	0.00587	0.00662
1	0.01080	0.00773	0.00957	0.00898	0.01090	0.00719	0.00671	0.01446	0.04739	0.04659	0.52668	0.05324	0.15836	0.04849	0.00960	0.00249	0.00374	0.01272	0.00749	0.00685
2	0.04891	0.14906	0.05119	0.19158	0.05618	0.07593	0.01534	0.25258	0.02145	0.02807	0.01373	0.01630	0.01057	0.00884	0.02878	0.00236	0.00900	0.00568	0.00465	0.00982
3	0.00984	0.00678	0.00831	0.00872	0.00909	0.00668	0.00549	0.01068	0.01235	0.01671	0.09566	0.24603	0.03564	0.42534	0.06695	0.00556	0.00649	0.01328	0.00530	0.00510
4	0.00930	0.00706	0.00868	0.00949	0.01097	0.00644	0.00714	0.01139	0.01587	0.02047	0.13592	0.30245	0.26853	0.01937	0.00891	0.00272	0.00431	0.13809	0.00676	0.00613
5	0.10331	0.01490	0.03878	0.06829	0.02140	0.01430	0.01211	0.18224	0.02200	0.41590	0.02213	0.02066	0.01450	0.00835	0.00687	0.00220	0.00682	0.00654	0.00738	0.01132
6	0.01798	0.01876	0.10586	0.06164	0.56507	0.01645	0.02160	0.02260	0.01627	0.06495	0.01420	0.01778	0.01135	0.00657	0.00703	0.00214	0.00858	0.00627	0.00378	0.01113
7	0.01713	0.01641	0.02801	0.12559	0.62733	0.01679	0.02161	0.02142	0.01598	0.02266	0.01331	0.01779	0.01107	0.00644	0.00706	0.00215	0.00858	0.00634	0.00348	0.01088
8	0.01558	0.01558	0.02181	0.01869	0.01869	0.02181	0.01558	0.01714	0.01091	0.01714	0.00935	0.01558	0.00935	0.01246	0.02337	0.00312	0.73672	0.00623	0.00312	0.00779
9	0.00892	0.00723	0.00792	0.00775	0.00993	0.00623	0.00581	0.01120	0.01743	0.02208	0.26391	0.06386	0.50890	0.01697	0.00841	0.00235	0.00353	0.01437	0.00699	0.00623
10	0.00868	0.00620	0.00826	0.00991	0.01033	0.00578	0.00661	0.00991	0.01363	0.01818	0.03925	0.74510	0.04710	0.02231	0.00909	0.00289	0.00413	0.02024	0.00661	0.00578
11	0.00926	0.00662	0.00893	0.01058	0.01125	0.00629	0.00763	0.01093	0.01421	0.01883	0.03892	0.60602	0.04582	0.02176	0.00924	0.00297	0.00464	0.15354	0.00660	0.00595
12	0.00873	0.00624	0.00831	0.00988	0.01034	0.00582	0.00661	0.01006	0.01390	0.01861	0.06682	0.71630	0.04793	0.02199	0.00906	0.00286	0.00410	0.01994	0.00666	0.00582
13	0.01558	0.01558	0.02181	0.01869	0.01869	0.02181	0.01558	0.01714	0.01091	0.01714	0.00935	0.01558	0.00935	0.01246	0.02337	0.00312	0.73672	0.00623	0.00312	0.00779
14	0.03195	0.01212	0.01652	0.01267	0.01818	0.01047	0.01047	0.03470	0.02038	0.71026	0.02809	0.02424	0.01763	0.00881	0.00716	0.00220	0.00606	0.00716	0.00881	0.01212
15	0.80005	0.01377	0.01047	0.00936	0.01377	0.01597	0.00771	0.02093	0.01212	0.03195	0.00991	0.01157	0.00771	0.00661	0.00441	0.00220	0.00551	0.00386	0.00441	0.00771
16	0.80005	0.01377	0.01047	0.00936	0.01377	0.01597	0.00771	0.02093	0.01212	0.03195	0.00991	0.01157	0.00771	0.00661	0.00441	0.00220	0.00551	0.00386	0.00441	0.00771
17	0.01904	0.75404	0.03731	0.01218	0.01828	0.02818	0.01218	0.02132	0.01447	0.01675	0.00990	0.01142	0.00914	0.00609	0.00457	0.00152	0.00761	0.00381	0.00305	0.00914
18	0.02707	0.01995	0.02137	0.01638	0.02208	0.02208	0.01353	0.68159	0.03348	0.04488	0.01710	0.01710	0.01211	0.00855	0.00712	0.00214	0.00784	0.00641	0.00712	0.01211
19	0.01762	0.01692	0.02890	0.04371	0.70533	0.01692	0.02185	0.02185	0.01621	0.02326	0.01339	0.01762	0.01128	0.00634	0.00705	0.00211	0.00846	0.00634	0.00352	0.01128
20	0.01345	0.01266	0.02136	0.73264	0.04904	0.01582	0.01978	0.01819	0.01424	0.01819	0.01266	0.01898	0.00949	0.00712	0.00712	0.00237	0.00949	0.00633	0.00316	0.00791
21	0.01008	0.00728	0.00952	0.00896	0.01064	0.00672	0.00672	0.01344	0.02016	0.02855	0.70158	0.05319	0.06719	0.01456	0.00840	0.00224	0.00336	0.01288	0.00784	0.00672
22	0.01477	0.01266	0.01477	0.01055	0.01687	0.00949	0.00844	0.01793	0.01477	0.02320	0.01266	0.01477	0.01055	0.00527	0.00527	0.00105	0.00527	0.00422	0.00422	0.79328
23	0.01237	0.00618	0.00928	0.00928	0.00928	0.00618	0.00618	0.00928	0.00928	0.01237	0.01237	0.02165	0.01237	0.02474	0.02783	0.79283	0.00618	0.00618	0.00309	0.00309
24	0.03195	0.01212	0.01652	0.01267	0.01818	0.01047	0.01047	0.03470	0.02038	0.71026	0.02809	0.02424	0.01763	0.00881	0.00716	0.00220	0.00606	0.00716	0.00881	0.01212
25	0.02660	0.03394	0.02018	0.01834	0.02201	0.72116	0.01376	0.02843	0.02018	0.01743	0.01101	0.01284	0.00917	0.00734	0.00642	0.00183	0.01284	0.00459	0.00367	0.00825
26	0.01477	0.01266	0.01477	0.01055	0.01687	0.00949	0.00844	0.01793	0.01477	0.02320	0.01266	0.01477	0.01055	0.00527	0.00527	0.00105	0.00527	0.00422	0.00422	0.79328
27	0.01147	0.00820	0.01147	0.01311	0.01475	0.00820	0.01147	0.01475	0.01639	0.02131	0.03770	0.08032	0.04098	0.01967	0.00984	0.00328	0.00656	0.65741	0.00656	0.00656
28	0.80005	0.01377	0.01047	0.00936	0.01377	0.01597	0.00771	0.02093	0.01212	0.03195	0.00991	0.01157	0.00771	0.00661	0.00441	0.00220	0.00551	0.00386	0.00441	0.00771
29	0.01762	0.01692	0.02890	0.04371	0.70533	0.01692	0.02185	0.02185	0.01621	0.02326	0.01339	0.01762	0.01128	0.00634	0.00705	0.00211	0.00846	0.00634	0.00352	0.01128
30	0.01101	0.00749	0.00982	0.00912	0.01096	0.00688	0.00688	0.01435	0.02017	0.05771	0.67277	0.05195	0.06507	0.01431	0.00835	0.00224	0.00347	0.01263	0.00788	0.00695
31	0.01036	0.00690	0.00777	0.00777	0.00777	0.00690	0.00431	0.01036	0.01036	0.01381	0.02244	0.04660	0.02589	0.74975	0.03624	0.00690	0.00690	0.01036	0.00431	0.00431
32	0.00868	0.00620	0.00826	0.00991	0.01033	0.00578	0.00661	0.00991	0.01363	0.01818	0.03925	0.74510	0.04710	0.02231	0.00909	0.00289	0.00413	0.02024	0.00661	0.00578
33	0.01477	0.01266	0.01477	0.01055	0.01687	0.00949	0.00844	0.01793	0.01477	0.02320	0.01266	0.01477	0.01055	0.00527	0.00527	0.00105	0.00527	0.00422	0.00422	0.79328
34	0.00868	0.00620	0.00826	0.00991	0.01033	0.00578	0.00661	0.00991	0.01363	0.01818	0.03925	0.74510	0.04710	0.02231	0.00909	0.00289	0.00413	0.02024	0.00661	0.00578
35	0.01477	0.01266	0.01477	0.01055	0.01687	0.00949	0.00844	0.01793	0.01477	0.02320	0.01266	0.01477	0.01055	0.00527	0.00527	0.00105	0.00527	0.00422	0.00422	0.79328
36	0.01020	0.00753	0.01096	0.01096	0.01206	0.00864	0.00830	0.01240	0.01130	0.01617	0.01952	0.03043	0.01887	0.14528	0.63112	0.01084	0.01747	0.00799	0.00388	0.00609
37	0.00894	0.00638	0.00856	0.01021	0.01074	0.00601	0.00706	0.01037	0.01389	0.01847	0.03910	0.68324	0.04653	0.02206	0.00916	0.00293	0.00436	0.07953	0.00660	0.00586
38	0.07289	0.01221	0.01620	0.01249	0.01794	0.01076	0.01032	0.03397	0.01994	0.67411	0.02712	0.02356	0.01710	0.00870	0.00701	0.00220	0.00603	0.00698	0.00858	0.01188
39	0.03026	0.08314	0.01896	0.01298	0.01856	0.01325	0.01092	0.09531	0.02107	0.58093	0.02532	0.02234	0.01629	0.00853	0.00691	0.00213	0.00638	0.00677	0.00811	0.01184
40	0.01870	0.69392	0.06126	0.01278	0.01875	0.02746	0.01286	0.02117	0.01433	0.01698	0.00998	0.01175	0.00914	0.00641	0.00551	0.00162	0.04122	0.00397	0.00305	0.00913
41	0.01911	0.69775	0.06510	0.01275	0.01894	0.05283	0.01284	0.02163	0.01470	0.01702	0.01006	0.01163	0.00913	0.00617	0.00473	0.00157	0.00793	0.00390	0.00307	0.00916
42	0.01554	0.01398	0.01922	0.01387	0.02009	0.01161	0.10665	0.04284	0.01561	0.02373	0.01296	0.01553	0.01060	0.00574	0.00642	0.00136	0.03135	0.00498	0.00420	0.62372
43	0.01882	0.72108	0.06835	0.01256	0.01885	0.02764	0.01283	0.02138	0.01449	0.01702	0.01003	0.01159	0.00913	0.00612	0.00467	0.00156	0.00775	0.00387	0.00304	0.00920
44	0.80005	0.01377	0.01047	0.00936	0.01377	0.01597	0.00771	0.02093	0.01212	0.03195	0.00991	0.01157	0.00771	0.00661	0.00441	0.00220	0.00551	0.00386	0.00441	0.00771
45	0.01529	0.01297	0.01505	0.01080	0.01710	0.01003	0.00866	0.04631	0.01557	0.02413	0.01285	0.01487	0.01061	0.00541	0.00535	0.00110	0.00538	0.00431	0.00434	0.75987
46	0.01008	0.00728	0.00952	0.00896	0.01064	0.00672	0.00672	0.01344	0.02016	0.02855	0.70158	0.05319	0.06719	0.01456	0.00840	0.00224	0.00336	0.01288	0.00784	0.00672
47	0.01477	0.01266	0.01477	0.01055	0.01687	0.00949	0.00844	0.01793	0.01477	0.02320	0.01266	0.01477	0.01055	0.00527	0.00527	0.00105	0.00527	0.00422	0.00422	0.79328
48	0.00868	0.00620	0.00826	0.00991	0.01033	0.00578	0.00661	0.00991	0.01363	0.01818	0.03925	0.74510	0.04710	0.02231	0.00909	0.00289	0.00413	0.02024	0.00661	0.00578
49	0.00868	0.00620	0.00826	0.00991	0.01033	0.00578	0.00661	0.00991	0.01363	0.01818	0.03925	0.74510	0.04710	0.02231	0.00909	0.00289	0.00413	0.02024	0.00661	0.00578
50	0.01036	0.00690	0.00777	0.00777	0.00777	0.00690	0.00431	0.01036	0.01036	0.01381	0.02244	0.04660	0.02589	0.74975	0.03624	0.00690	0.00690	0.01036	0.00431	0.00431
51	0.01878	0.71581	0.07332	0.01262	0.01894	0.02756	0.01294	0.02139	0.01450	0.01706	0.01005	0.01161	0.00913	0.00613	0.00469	0.00156	0.00777	0.00389	0.00304	0.00921
52	0.01558	0.01558	0.02181	0.01869	0.01869	0.02181	0.01558	0.01714	0.01091	0.01714	0.00935	0.01558	0.00935	0.01246	0.02337	0.00312	0.73672	0.00623	0.00312	0.00779
53	0.00850	0.00722	0.00734	0.00731	0.00967	0.00605	0.00548	0.01039	0.01644	0.01973	0.10569	0.06771	0.66858	0.01785	0.00841	0.00240	0.00359	0.01491	0.00668	0.00605
54	0.00868	0.00620	0.00826	0.00991	0.01033	0.00578	0.00661	0.00991	0.01363	0.01818	0.03925	0.74510	0.04710	0.02231	0.00909	0.00289	0.00413	0.02024	0.00661	0.00578
55	0.03195	0.01212	0.01652	0.01267	0.01818	0.01047	0.01047	0.03470	0.02038	0.71026	0.02809	0.02424	0.01763	0.00881	0.00716	0.00220	0.00606	0.00716	0.00881	0.01212
56	0.00843	0.00716	0.00727	0.00736	0.00966	0.00600	0.00547	0.01020	0.01609	0.01918	0.07037	0.10479	0.66732	0.01826	0.00845	0.00243	0.00363	0.01531	0.00661	0.00600
57	0.03119	0.01334	0.01728	0.01325	0.01879	0.01228	0.01094	0.13557	0.02242	0.60651	0.02638	0.02312	0.01677	0.00877	0.00715	0.00219	0.00634	0.00704	0.00855	0.01212
58	0.02655	0.01945	0.02082	0.01602	0.02157	0.02151	0.01321	0.65675	0.03279	0.04419	0.01732	0.01745	0.01234	0.00854	0.00704	0.00212	0.00767	0.00642	0.03634	0.01191
59	0.01401	0.00735	0.00743	0.00716	0.00903	0.00746	0.00544	0.05224	0.01593	0.02753	0.02290	0.02604	0.01792	0.00831	0.00509	0.00168	0.00356	0.00662	0.74736	0.00693
60	0.03195	0.01212	0.01652	0.01267	0.01818	0.01047	0.01047	0.03470	0.02038	0.71026	0.02809	0.02424	0.01763	0.00881	0.00716	0.00220	0.00606	0.00716	0.00881	0.01212
61	0.01345	0.01266	0.02136	0.73264	0.04904	0.01582	0.01978	0.01819	0.01424	0.01819	0.01266	0.01898	0.00949	0.00712	0.00712	0.00237	0.00949	0.00633	0.00316	0.00791
62	0.01661	0.01875	0.04011	0.05733	0.03669	0.01812	0.61766	0.02232	0.01639	0.02232	0.01407	0.01900	0.01067	0.00639	0.00915	0.00244	0.05075	0.00820	0.00356	0.00944
63	0.03195	0.01212	0.01652	0.01267	0.01818	0.01047	0.01047	0.03470	0.02038	0.71026	0.02809	0.02424	0.01763	0.00881	0.00716	0.00220	0.00606	0.00716	0.00881	0.01212
64	0.01028	0.00690	0.00792	0.00799	0.00805	0.00693	0.00458	0.01042	0.01053	0.01409	0.02301	0.07500	0.02648	0.69411	0.06007	0.00690	0.00723	0.01067	0.00439	0.00445
65	0.10510	0.01931	0.10720	0.09645	0.36903	0.04262	0.08633	0.02165	0.01543	0.02319	0.01272	0.01667	0.01025	0.00674	0.00749	0.00222	0.03793	0.00607	0.00353	0.01006
66	0.02403	0.22986	0.02494	0.01668	0.02084	0.49967	0.01341	0.02597	0.01819	0.01723	0.01063	0.01258	0.00917	0.00723	0.00669	0.00181	0.04467	0.00445	0.00347	0.00847

[dist]
# distance from previous block
# <min> <max>
0	3

[block]
# block no. 2 follows, 29 sequences, length 51
# corresponding to MSA columns:
# 255-305
name=unknown_C
#
# <colnr> <probs for GDERKNQSTAVLIFYWHMCP>
#	G	D	E	R	K	N	Q	S	T	A	V	L	I	F	Y	W	H	M	C	P
0	0.01539	0.03092	0.51574	0.02160	0.03083	0.01618	0.16124	0.02268	0.01559	0.05300	0.01478	0.04338	0.01119	0.00727	0.00721	0.00231	0.01040	0.00656	0.00352	0.01023
1	0.80005	0.01377	0.01047	0.00936	0.01377	0.01597	0.00771	0.02093	0.01212	0.03195	0.00991	0.01157	0.00771	0.00661	0.00441	0.00220	0.00551	0.00386	0.00441	0.00771
2	0.80005	0.01377	0.01047	0.00936	0.01377	0.01597	0.00771	0.02093	0.01212	0.03195	0.00991	0.01157	0.00771	0.00661	0.00441	0.00220	0.00551	0.00386	0.00441	0.00771
3	0.00927	0.00702	0.00869	0.00973	0.01112	0.00644	0.00733	0.01123	0.01532	0.01957	0.07050	0.34964	0.26103	0.02006	0.00902	0.00280	0.00449	0.16403	0.00664	0.00606
4	0.00958	0.00658	0.00800	0.00876	0.00895	0.00639	0.00538	0.01015	0.01187	0.01583	0.03021	0.36981	0.03570	0.41315	0.02368	0.00505	0.00562	0.01493	0.00538	0.00499
5	0.01417	0.01222	0.01271	0.01172	0.01512	0.01325	0.00904	0.02731	0.43469	0.02577	0.04543	0.04256	0.28122	0.01285	0.00769	0.00241	0.00486	0.01071	0.00700	0.00927
6	0.01147	0.00820	0.01147	0.01311	0.01475	0.00820	0.01147	0.01475	0.01639	0.02131	0.03770	0.08032	0.04098	0.01967	0.00984	0.00328	0.00656	0.65741	0.00656	0.00656
7	0.01771	0.01530	0.01610	0.01449	0.01852	0.01771	0.01127	0.03784	0.69247	0.02979	0.02898	0.02657	0.02174	0.00966	0.00725	0.00242	0.00564	0.00805	0.00725	0.01127
8	0.80005	0.01377	0.01047	0.00936	0.01377	0.01597	0.00771	0.02093	0.01212	0.03195	0.00991	0.01157	0.00771	0.00661	0.00441	0.00220	0.00551	0.00386	0.00441	0.00771
9	0.01904	0.75404	0.03731	0.01218	0.01828	0.02818	0.01218	0.02132	0.01447	0.01675	0.00990	0.01142	0.00914	0.00609	0.00457	0.00152	0.00761	0.00381	0.00305	0.00914
10	0.01008	0.00728	0.00952	0.00896	0.01064	0.00672	0.00672	0.01344	0.02016	0.02855	0.70158	0.05319	0.06719	0.01456	0.00840	0.00224	0.00336	0.01288	0.00784	0.00672
11	0.00873	0.00624	0.00831	0.00988	0.01034	0.00582	0.00661	0.01004	0.01387	0.01855	0.06303	0.72026	0.04782	0.02203	0.00906	0.00287	0.00410	0.01998	0.00665	0.00582
12	0.01477	0.01266	0.01477	0.01055	0.01687	0.00949	0.00844	0.01793	0.01477	0.02320	0.01266	0.01477	0.01055	0.00527	0.00527	0.00105	0.00527	0.00422	0.00422	0.79328
13	0.01315	0.00666	0.00675	0.00673	0.00839	0.00664	0.00504	0.01647	0.01513	0.02662	0.04911	0.02756	0.02012	0.00853	0.00511	0.00168	0.00332	0.00687	0.75947	0.00664
14	0.01036	0.00690	0.00777	0.00777	0.00777	0.00690	0.00431	0.01036	0.01036	0.01381	0.02244	0.04660	0.02589	0.74975	0.03624	0.00690	0.00690	0.01036	0.00431	0.00431
15	0.01904	0.75404	0.03731	0.01218	0.01828	0.02818	0.01218	0.02132	0.01447	0.01675	0.00990	0.01142	0.00914	0.00609	0.00457	0.00152	0.00761	0.00381	0.00305	0.00914
16	0.03195	0.01212	0.01652	0.01267	0.01818	0.01047	0.01047	0.03470	0.02038	0.71026	0.02809	0.02424	0.01763	0.00881	0.00716	0.00220	0.00606	0.00716	0.00881	0.01212
17	0.02307	0.01683	0.01812	0.01432	0.01866	0.01845	0.01133	0.52100	0.02795	0.03744	0.01837	0.02415	0.01541	0.18587	0.01409	0.00328	0.00761	0.00735	0.00645	0.01024
18	0.01944	0.01492	0.01729	0.04401	0.10782	0.05706	0.01228	0.07563	0.27189	0.13261	0.05127	0.07957	0.06397	0.01041	0.00739	0.00232	0.00649	0.00880	0.00656	0.01027
19	0.01078	0.00775	0.01061	0.01197	0.01345	0.00759	0.01000	0.01369	0.01635	0.02150	0.10847	0.18165	0.06808	0.01949	0.00952	0.00308	0.00574	0.46716	0.00670	0.00643
20	0.01266	0.01049	0.01166	0.03462	0.01418	0.03461	0.00835	0.04394	0.15675	0.02699	0.37611	0.04665	0.16814	0.01347	0.00801	0.00229	0.00457	0.01153	0.00716	0.00782
21	0.00884	0.00640	0.00839	0.00992	0.01056	0.00596	0.00683	0.01025	0.01400	0.01846	0.04160	0.65213	0.09549	0.02182	0.00909	0.00288	0.00425	0.06070	0.00661	0.00585
22	0.01477	0.01266	0.01477	0.01055	0.01687	0.00949	0.00844	0.01793	0.01477	0.02320	0.01266	0.01477	0.01055	0.00527	0.00527	0.00105	0.00527	0.00422	0.00422	0.79328
23	0.01553	0.11038	0.42605	0.02167	0.11354	0.03961	0.04220	0.02175	0.01543	0.02178	0.01435	0.01980	0.01179	0.00751	0.00676	0.00217	0.00954	0.05315	0.00343	0.04354
24	0.01912	0.69404	0.06666	0.01279	0.01898	0.05473	0.01287	0.02165	0.01472	0.01704	0.01007	0.01164	0.00913	0.00617	0.00474	0.00157	0.00795	0.00390	0.00307	0.00917
25	0.02640	0.04692	0.01784	0.01362	0.01871	0.01477	0.01112	0.10494	0.23154	0.39497	0.02637	0.02362	0.01794	0.00893	0.00707	0.00223	0.00619	0.00721	0.00788	0.01172
26	0.02805	0.01837	0.02040	0.01564	0.02130	0.01975	0.01292	0.55150	0.03085	0.17868	0.01931	0.01853	0.01322	0.00860	0.00713	0.00215	0.00748	0.00656	0.00746	0.01211
27	0.01805	0.01143	0.01194	0.01021	0.01331	0.01224	0.00809	0.23851	0.05007	0.03278	0.02144	0.02341	0.01636	0.00844	0.00579	0.00185	0.00492	0.00662	0.49589	0.00865
28	0.00849	0.00720	0.00723	0.00723	0.00955	0.00604	0.00537	0.01022	0.01602	0.01904	0.07034	0.06774	0.67800	0.04447	0.00942	0.00257	0.00373	0.01486	0.00653	0.00595
29	0.00901	0.00724	0.00804	0.00784	0.00998	0.00626	0.00588	0.01137	0.01763	0.02257	0.29714	0.06305	0.47536	0.01679	0.00841	0.00235	0.00352	0.01426	0.00705	0.00626
30	0.01771	0.01530	0.01610	0.01449	0.01852	0.01771	0.01127	0.03784	0.69247	0.02979	0.02898	0.02657	0.02174	0.00966	0.00725	0.00242	0.00564	0.00805	0.00725	0.01127
31	0.01008	0.00728	0.00952	0.00896	0.01064	0.00672	0.00672	0.01344	0.02016	0.02855	0.70158	0.05319	0.06719	0.01456	0.00840	0.00224	0.00336	0.01288	0.00784	0.00672
32	0.01477	0.01266	0.01477	0.01055	0.01687	0.00949	0.00844	0.01793	0.01477	0.02320	0.01266	0.01477	0.01055	0.00527	0.00527	0.00105	0.00527	0.00422	0.00422	0.79328
33	0.00843	0.00718	0.00725	0.00731	0.00964	0.00600	0.00545	0.01021	0.01614	0.01920	0.07096	0.09268	0.67905	0.01819	0.00844	0.00242	0.00363	0.01521	0.00661	0.00600
34	0.01771	0.01530	0.01610	0.01449	0.01852	0.01771	0.01127	0.03784	0.69247	0.02979	0.02898	0.02657	0.02174	0.00966	0.00725	0.00242	0.00564	0.00805	0.00725	0.01127
35	0.00868	0.00620	0.00826	0.00991	0.01033	0.00578	0.00661	0.00991	0.01363	0.01818	0.03925	0.74510	0.04710	0.02231	0.00909	0.00289	0.00413	0.02024	0.00661	0.00578
36	0.01904	0.75404	0.03731	0.01218	0.01828	0.02818	0.01218	0.02132	0.01447	0.01675	0.00990	0.01142	0.00914	0.00609	0.00457	0.00152	0.00761	0.00381	0.00305	0.00914
37	0.00865	0.00722	0.00754	0.00746	0.00976	0.00611	0.00559	0.01067	0.01678	0.02054	0.16053	0.06637	0.61323	0.01755	0.00841	0.00238	0.00357	0.01473	0.00678	0.00611
38	0.03195	0.01212	0.01652	0.01267	0.01818	0.01047	0.01047	0.03470	0.02038	0.71026	0.02809	0.02424	0.01763	0.00881	0.00716	0.00220	0.00606	0.00716	0.00881	0.01212
39	0.02732	0.01803	0.01998	0.01538	0.02083	0.01940	0.01263	0.53892	0.03023	0.16439	0.01929	0.01950	0.01363	0.03658	0.00823	0.00233	0.00748	0.00670	0.00732	0.01182
40	0.02660	0.03394	0.02018	0.01834	0.02201	0.72116	0.01376	0.02843	0.02018	0.01743	0.01101	0.01284	0.00917	0.00734	0.00642	0.00183	0.01284	0.00459	0.00367	0.00825
41	0.01558	0.01558	0.02181	0.01869	0.01869	0.02181	0.01558	0.01714	0.01091	0.01714	0.00935	0.01558	0.00935	0.01246	0.02337	0.00312	0.73672	0.00623	0.00312	0.00779
42	0.80005	0.01377	0.01047	0.00936	0.01377	0.01597	0.00771	0.02093	0.01212	0.03195	0.00991	0.01157	0.00771	0.00661	0.00441	0.00220	0.00551	0.00386	0.00441	0.00771
43	0.01008	0.00728	0.00952	0.00896	0.01064	0.00672	0.00672	0.01344	0.02016	0.02855	0.70158	0.05319	0.06719	0.01456	0.00840	0.00224	0.00336	0.01288	0.00784	0.00672
44	0.00869	0.00722	0.00759	0.00750	0.00979	0.00613	0.00563	0.01075	0.01688	0.02077	0.17575	0.06600	0.59787	0.01746	0.00841	0.00238	0.00357	0.01467	0.00681	0.00613
45	0.01008	0.00728	0.00952	0.00896	0.01064	0.00672	0.00672	0.01344	0.02016	0.02855	0.70158	0.05319	0.06719	0.01456	0.00840	0.00224	0.00336	0.01288	0.00784	0.00672
46	0.02957	0.01265	0.01645	0.01297	0.01823	0.01168	0.01060	0.03523	0.13258	0.59666	0.02824	0.02463	0.01831	0.00895	0.00717	0.00224	0.00599	0.00731	0.00855	0.01198
47	0.02725	0.01767	0.04547	0.01515	0.02075	0.01772	0.01281	0.43572	0.02804	0.24066	0.02115	0.05027	0.01513	0.00915	0.00720	0.00219	0.00725	0.00718	0.00745	0.01178
48	0.01723	0.01916	0.10351	0.04068	0.60849	0.01692	0.04569	0.02196	0.01611	0.02317	0.01336	0.01740	0.01102	0.00638	0.00707	0.00214	0.00881	0.00630	0.00347	0.01114
49	0.05066	0.04044	0.01919	0.01527	0.02003	0.07848	0.01226	0.35384	0.24269	0.03538	0.02014	0.02044	0.01519	0.03398	0.00793	0.00235	0.00742	0.00675	0.00656	0.01101
50	0.35656	0.02378	0.31505	0.03775	0.02269	0.01637	0.01667	0.02119	0.01346	0.02617	0.01130	0.01368	0.00854	0.00703	0.00679	0.00225	0.05604	0.00471	0.00367	0.03630

[dist]
# distance from previous block
# <min> <max>
2	5

[block]
# block no. 3 follows, 29 sequences, length 70
# corresponding to MSA columns:
# 311-378,412,413
name=unknown_D
#
# <colnr> <probs for GDERKNQSTAVLIFYWHMCP>
#	G	D	E	R	K	N	Q	S	T	A	V	L	I	F	Y	W	H	M	C	P
0	0.09547	0.07311	0.04310	0.04133	0.01998	0.11928	0.01206	0.21030	0.13374	0.06134	0.02106	0.02237	0.05856	0.04780	0.00820	0.00239	0.00770	0.00675	0.00569	0.00975
1	0.01351	0.01202	0.04318	0.01252	0.01457	0.05504	0.01018	0.07078	0.01421	0.02005	0.01801	0.02571	0.01634	0.08357	0.41892	0.00780	0.07024	0.00722	0.07901	0.00714
2	0.02283	0.01645	0.01766	0.01448	0.01929	0.04198	0.01162	0.25777	0.25766	0.13978	0.02421	0.02311	0.03708	0.01044	0.02935	0.00247	0.00706	0.00721	0.00704	0.05251
3	0.00956	0.00708	0.00892	0.00884	0.01042	0.00644	0.00649	0.01230	0.01837	0.02522	0.48291	0.17698	0.16717	0.01648	0.00852	0.00238	0.00353	0.01452	0.00742	0.00644
4	0.02518	0.02103	0.01998	0.01604	0.02072	0.14041	0.01290	0.48397	0.02843	0.03681	0.01621	0.01806	0.01237	0.04343	0.00899	0.00233	0.03993	0.00629	0.03624	0.01069
5	0.00979	0.00715	0.00920	0.01021	0.01121	0.00666	0.00700	0.03655	0.01448	0.01954	0.03665	0.66906	0.04335	0.02066	0.00876	0.00274	0.00435	0.01866	0.00647	0.05751
6	0.01008	0.00728	0.00952	0.00896	0.01064	0.00672	0.00672	0.01344	0.02016	0.02855	0.70158	0.05319	0.06719	0.01456	0.00840	0.00224	0.00336	0.01288	0.00784	0.00672
7	0.01915	0.36742	0.23871	0.01525	0.02218	0.10949	0.01630	0.02328	0.01576	0.06432	0.01262	0.01413	0.01002	0.00672	0.00566	0.00184	0.00889	0.00468	0.03405	0.00955
8	0.02497	0.18891	0.02387	0.01702	0.02121	0.57202	0.01342	0.02690	0.01895	0.01728	0.01077	0.01254	0.00916	0.00707	0.00602	0.00177	0.01172	0.00442	0.00353	0.00845
9	0.00868	0.00620	0.00826	0.00991	0.01033	0.00578	0.00661	0.00991	0.01363	0.01818	0.03925	0.74510	0.04710	0.02231	0.00909	0.00289	0.00413	0.02024	0.00661	0.00578
10	0.00868	0.00620	0.00826	0.00991	0.01033	0.00578	0.00661	0.00991	0.01363	0.01818	0.03925	0.74510	0.04710	0.02231	0.00909	0.00289	0.00413	0.02024	0.00661	0.00578
11	0.01681	0.01921	0.04202	0.03001	0.03721	0.01801	0.67947	0.02281	0.01681	0.02281	0.01441	0.01921	0.01080	0.00600	0.00840	0.00240	0.01200	0.00840	0.00360	0.00960
12	0.01762	0.01692	0.02890	0.04371	0.70533	0.01692	0.02185	0.02185	0.01621	0.02326	0.01339	0.01762	0.01128	0.00634	0.00705	0.00211	0.00846	0.00634	0.00352	0.01128
13	0.01477	0.01266	0.01477	0.01055	0.01687	0.00949	0.00844	0.01793	0.01477	0.02320	0.01266	0.01477	0.01055	0.00527	0.00527	0.00105	0.00527	0.00422	0.00422	0.79328
14	0.04709	0.01898	0.01835	0.01499	0.01968	0.09501	0.01204	0.39940	0.15264	0.03673	0.01910	0.01925	0.01412	0.00854	0.00676	0.00211	0.00741	0.00647	0.09052	0.01082
15	0.01027	0.00770	0.01037	0.01123	0.04755	0.00720	0.00787	0.01322	0.01827	0.02527	0.45152	0.16621	0.10210	0.01610	0.00858	0.00245	0.00408	0.07608	0.00721	0.00674
16	0.01601	0.27476	0.45842	0.01861	0.05575	0.02043	0.02141	0.02211	0.01490	0.02065	0.01185	0.01394	0.00916	0.00652	0.00605	0.00201	0.00947	0.00482	0.00304	0.01009
17	0.01467	0.09576	0.65736	0.01963	0.02979	0.01749	0.02515	0.02245	0.01499	0.02207	0.01254	0.01474	0.00903	0.00671	0.00658	0.00219	0.01028	0.00514	0.00301	0.01041
18	0.00868	0.00620	0.00826	0.00991	0.01033	0.00578	0.00661	0.00991	0.01363	0.01818	0.03925	0.74510	0.04710	0.02231	0.00909	0.00289	0.00413	0.02024	0.00661	0.00578
19	0.01262	0.00849	0.01076	0.00983	0.01205	0.00815	0.00749	0.01766	0.08928	0.08356	0.57823	0.04812	0.05853	0.01359	0.00818	0.00225	0.00381	0.01192	0.00786	0.00762
20	0.01729	0.05183	0.02846	0.15702	0.44898	0.04778	0.08103	0.02205	0.03614	0.02199	0.01356	0.01777	0.01105	0.00658	0.00705	0.00215	0.00903	0.00639	0.00356	0.01032
21	0.02204	0.02388	0.02350	0.05648	0.13019	0.29924	0.05911	0.12533	0.01945	0.02291	0.01232	0.01544	0.01011	0.00819	0.00982	0.00222	0.14065	0.00577	0.00405	0.00931
22	0.01803	0.14040	0.06309	0.05857	0.09845	0.10430	0.29300	0.02230	0.01594	0.02038	0.01246	0.01643	0.01009	0.00700	0.00889	0.00223	0.08920	0.00652	0.00341	0.00930
23	0.03195	0.01212	0.01652	0.01267	0.01818	0.01047	0.01047	0.03470	0.02038	0.71026	0.02809	0.02424	0.01763	0.00881	0.00716	0.00220	0.00606	0.00716	0.00881	0.01212
