[name]
unknown

[dist]
# distance from previous block
# <min> <max>
0	23

[block]
# block no. 0 follows, 29 sequences, length 44
# corresponding to MSA columns:
# 23-66
name=unknown_A
#
# <colnr> <probs for GDERKNQSTAVLIFYWHMCP>
#	G	D	E	R	K	N	Q	S	T	A	V	L	I	F	Y	W	H	M	C	P
0	0.01773	0.07724	0.25063	0.01658	0.02341	0.01632	0.05578	0.08208	0.14619	0.08003	0.03688	0.02251	0.01587	0.00827	0.00691	0.00216	0.00796	0.04035	0.00510	0.08801
1	0.13716	0.02029	0.21959	0.01669	0.02275	0.01492	0.08811	0.02509	0.14579	0.08736	0.02110	0.02871	0.01748	0.00952	0.00721	0.00246	0.00792	0.11301	0.00521	0.00963
2	0.04852	0.02457	0.33452	0.01718	0.02510	0.01482	0.06145	0.06725	0.04289	0.16784	0.01684	0.01763	0.01176	0.00716	0.00671	0.00209	0.00845	0.00585	0.00489	0.11448
3	0.01468	0.15912	0.47578	0.01789	0.02636	0.01736	0.04596	0.02094	0.01485	0.02112	0.01495	0.08684	0.01293	0.00811	0.00662	0.00216	0.00926	0.00657	0.00343	0.03506
4	0.01606	0.13087	0.52821	0.01884	0.02807	0.01792	0.04464	0.02379	0.05074	0.05616	0.01405	0.01574	0.01019	0.00690	0.00657	0.00217	0.00970	0.00541	0.00354	0.01042
5	0.01282	0.01442	0.09934	0.14090	0.08939	0.01241	0.12045	0.01745	0.05005	0.02035	0.02408	0.28851	0.02499	0.04063	0.00911	0.00270	0.00763	0.01193	0.00478	0.00805
6	0.01014	0.00735	0.00988	0.01138	0.01262	0.00709	0.00909	0.01252	0.01533	0.01994	0.04137	0.33059	0.10263	0.02052	0.00943	0.00305	0.00538	0.35890	0.00658	0.00622
7	0.01664	0.02037	0.08607	0.02937	0.03679	0.01791	0.63658	0.02279	0.01669	0.02279	0.01430	0.01893	0.01069	0.00605	0.00830	0.00239	0.01191	0.00820	0.00356	0.00966
8	0.04564	0.09990	0.09053	0.02135	0.06160	0.13459	0.22257	0.12703	0.01918	0.02462	0.01656	0.01960	0.04501	0.03109	0.00800	0.00228	0.00990	0.00682	0.00425	0.00949
9	0.00874	0.00625	0.00832	0.00987	0.01034	0.00583	0.00661	0.01008	0.01393	0.01865	0.06939	0.71361	0.04801	0.02196	0.00906	0.00286	0.00410	0.01991	0.00667	0.00583
10	0.01345	0.01266	0.02136	0.73264	0.04904	0.01582	0.01978	0.01819	0.01424	0.01819	0.01266	0.01898	0.00949	0.00712	0.00712	0.00237	0.00949	0.00633	0.00316	0.00791
11	0.02424	0.01780	0.01925	0.01522	0.02005	0.01955	0.01229	0.57448	0.03011	0.04035	0.01958	0.08973	0.01637	0.05603	0.00913	0.00251	0.00742	0.00800	0.00690	0.01101
12	0.01747	0.01676	0.02862	0.06947	0.68079	0.01688	0.02178	0.02172	0.01614	0.02307	0.01337	0.01767	0.01121	0.00637	0.00705	0.00212	0.00850	0.00634	0.00351	0.01115
13	0.03195	0.01212	0.01652	0.01267	0.01818	0.01047	0.01047	0.03470	0.02038	0.71026	0.02809	0.02424	0.01763	0.00881	0.00716	0.00220	0.00606	0.00716	0.00881	0.01212
14	0.01829	0.01661	0.01716	0.01656	0.06150	0.06352	0.01209	0.03623	0.60654	0.02858	0.02684	0.02512	0.02027	0.00930	0.00718	0.00236	0.00628	0.00772	0.00678	0.01107
15	0.06335	0.05830	0.64756	0.01936	0.02936	0.01687	0.02470	0.02241	0.01483	0.02295	0.01251	0.01470	0.00894	0.00673	0.00655	0.00223	0.01012	0.00513	0.00310	0.01030
16	0.00876	0.00623	0.00824	0.00980	0.01019	0.00584	0.00649	0.00994	0.01346	0.01795	0.03837	0.70855	0.04599	0.06038	0.01051	0.00310	0.00428	0.01973	0.00649	0.00571
17	0.00903	0.00638	0.00812	0.00936	0.00974	0.00604	0.00607	0.01002	0.01300	0.01725	0.03662	0.57050	0.06346	0.18142	0.01501	0.00375	0.00472	0.01791	0.00611	0.00547
18	0.00907	0.00690	0.00898	0.01015	0.01077	0.00681	0.00703	0.01040	0.01377	0.01824	0.04123	0.62058	0.12137	0.02120	0.00990	0.00285	0.04968	0.01876	0.00639	0.00594
19	0.01345	0.01266	0.02136	0.73264	0.04904	0.01582	0.01978	0.01819	0.01424	0.01819	0.01266	0.01898	0.00949	0.00712	0.00712	0.00237	0.00949	0.00633	0.00316	0.00791
20	0.01515	0.07808	0.55418	0.02378	0.14505	0.01733	0.02467	0.02236	0.01520	0.02231	0.01270	0.01525	0.00941	0.00665	0.00668	0.00219	0.00999	0.00536	0.00310	0.01057
21	0.01468	0.07334	0.63838	0.02044	0.03054	0.01723	0.06366	0.02250	0.01511	0.02226	0.01272	0.01509	0.00913	0.00669	0.00675	0.00223	0.01046	0.00537	0.00304	0.01040
22	0.01206	0.00634	0.00930	0.00930	0.00938	0.00642	0.00621	0.00959	0.00951	0.01276	0.01362	0.02408	0.01382	0.08521	0.07406	0.67800	0.00709	0.00662	0.00324	0.00341
23	0.02008	0.02568	0.18113	0.04359	0.24405	0.19703	0.08079	0.04126	0.01766	0.06206	0.01367	0.01636	0.01054	0.00688	0.00696	0.00211	0.01024	0.00589	0.00384	0.01017
24	0.01717	0.21913	0.36301	0.01746	0.02549	0.01896	0.06037	0.02267	0.01522	0.07529	0.01318	0.01508	0.00996	0.00685	0.00695	0.00203	0.04087	0.00520	0.00360	0.06151
25	0.02756	0.01915	0.02088	0.01601	0.02169	0.02091	0.01322	0.61621	0.03216	0.11213	0.01821	0.01782	0.01267	0.00857	0.00713	0.00214	0.00766	0.00649	0.00729	0.01211
26	0.00989	0.00797	0.00857	0.00815	0.01058	0.00711	0.00619	0.05011	0.01814	0.02288	0.21419	0.06199	0.51558	0.01668	0.00834	0.00235	0.00380	0.01403	0.00693	0.00653
27	0.06258	0.05203	0.11802	0.02857	0.19838	0.01749	0.30019	0.05431	0.01673	0.02402	0.01483	0.05265	0.01227	0.00714	0.00743	0.00227	0.00978	0.00751	0.00385	0.00994
28	0.01728	0.01014	0.01259	0.01138	0.01434	0.00999	0.00871	0.02382	0.17024	0.20658	0.23604	0.18204	0.03974	0.01354	0.00795	0.00240	0.00474	0.01180	0.00771	0.00898
29	0.01035	0.00757	0.01116	0.01116	0.01246	0.00877	0.00867	0.01294	0.01165	0.01711	0.01932	0.02789	0.01783	0.05077	0.67975	0.01087	0.01815	0.00757	0.04962	0.00637
30	0.02294	0.01759	0.01882	0.01541	0.02034	0.01974	0.01241	0.36839	0.33381	0.05798	0.02285	0.02163	0.01667	0.00906	0.00718	0.00227	0.00678	0.00718	0.00723	0.01173
31	0.01606	0.02286	0.20225	0.02679	0.07078	0.01813	0.38777	0.02188	0.01550	0.02196	0.01323	0.01758	0.01019	0.00713	0.01007	0.00245	0.11511	0.00721	0.00338	0.00966
32	0.00971	0.00677	0.00818	0.00867	0.00905	0.00667	0.00544	0.01041	0.01181	0.01569	0.03044	0.25478	0.07599	0.42856	0.08170	0.00578	0.00684	0.01339	0.00511	0.00503
33	0.00842	0.00721	0.00721	0.00721	0.00962	0.00601	0.00541	0.01022	0.01623	0.01924	0.07213	0.06853	0.70244	0.01803	0.00842	0.00240	0.00361	0.01503	0.00661	0.00601
34	0.04484	0.19579	0.02399	0.01527	0.02048	0.13476	0.01280	0.31945	0.11100	0.03151	0.01575	0.01613	0.01205	0.00786	0.00635	0.00198	0.00824	0.00564	0.00554	0.01056
35	0.00866	0.00625	0.00821	0.00978	0.01029	0.00579	0.00655	0.00993	0.01376	0.01823	0.04087	0.71165	0.07950	0.02210	0.00906	0.00287	0.00411	0.01999	0.00661	0.00579
36	0.01495	0.00843	0.00878	0.00813	0.01030	0.00876	0.00627	0.10376	0.01722	0.02852	0.02224	0.02537	0.01742	0.01030	0.03656	0.00215	0.00460	0.00665	0.65225	0.00734
37	0.01575	0.01635	0.03032	0.19406	0.03453	0.01774	0.33023	0.02237	0.09420	0.02154	0.01510	0.01974	0.01175	0.00892	0.02968	0.00275	0.11453	0.00753	0.00386	0.00905
38	0.04496	0.17095	0.02513	0.05344	0.02267	0.13351	0.10027	0.07306	0.10383	0.06258	0.01826	0.01977	0.05033	0.00845	0.00829	0.00216	0.08190	0.00647	0.00465	0.00930
39	0.01641	0.01754	0.03344	0.07295	0.06148	0.01866	0.40339	0.02236	0.06875	0.02179	0.01425	0.01888	0.01127	0.00785	0.01158	0.00255	0.17618	0.00765	0.00375	0.00928
40	0.00988	0.00805	0.00869	0.00866	0.01088	0.00741	0.00642	0.03383	0.06729	0.02138	0.11039	0.18112	0.46520	0.01758	0.00840	0.00247	0.00397	0.01498	0.00677	0.00661
41	0.02504	0.01793	0.01953	0.01514	0.02047	0.01932	0.01233	0.51600	0.06917	0.08442	0.01847	0.01950	0.01365	0.04718	0.00852	0.00233	0.00735	0.00660	0.00688	0.07018
42	0.02081	0.04609	0.03892	0.06548	0.11679	0.31244	0.01434	0.03964	0.01796	0.06502	0.03614	0.04833	0.07110	0.00931	0.00823	0.00214	0.06717	0.00696	0.00442	0.00874
43	0.01888	0.01459	0.01649	0.01517	0.06285	0.03314	0.01110	0.08075	0.30944	0.10529	0.02554	0.06456	0.04426	0.00939	0.00697	0.00210	0.00600	0.00784	0.00644	0.15922

[dist]
# distance from previous block
# <min> <max>
1	13

[block]
# block no. 1 follows, 29 sequences, length 66
# corresponding to MSA columns:
# 80-145
name=unknown_B
#
# <colnr> <probs for GDERKNQSTAVLIFYWHMCP>
#	G	D	E	R	K	N	Q	S	T	A	V	L	I	F	Y	W	H	M	C	P
0	0.01749	0.01683	0.02845	0.04209	0.66103	0.01723	0.02145	0.02155	0.01587	0.02287	0.01313	0.01749	0.01115	0.00674	0.00810	0.00218	0.05544	0.00634	0.00350	0.01105
1	0.00867	0.00623	0.00822	0.00982	0.01030	0.00579	0.00657	0.00993	0.01373	0.01822	0.04045	0.72029	0.07113	0.02215	0.00906	0.00287	0.00411	0.02005	0.00661	0.00579
2	0.01639	0.01705	0.02844	0.22759	0.20043	0.06273	0.19469	0.02072	0.01532	0.02045	0.01295	0.01812	0.01044	0.00841	0.02665	0.00259	0.09765	0.00679	0.00341	0.00916
3	0.01681	0.01609	0.02743	0.17794	0.57746	0.01670	0.02145	0.02114	0.01583	0.02228	0.01325	0.01789	0.01093	0.00650	0.00706	0.00217	0.00866	0.00634	0.00345	0.01062
4	0.02588	0.01906	0.02052	0.01597	0.02132	0.02103	0.01309	0.63826	0.03220	0.04315	0.01852	0.06406	0.01437	0.00944	0.00725	0.00219	0.00760	0.00730	0.00709	0.01170
5	0.00884	0.00632	0.00845	0.01011	0.01059	0.00593	0.00690	0.01020	0.01380	0.01836	0.03915	0.70542	0.04673	0.02215	0.00913	0.00291	0.00428	0.05828	0.00661	0.00583
6	0.01327	0.00664	0.00664	0.00664	0.00830	0.00664	0.00498	0.01659	0.01493	0.02655	0.02323	0.02655	0.01825	0.00830	0.00498	0.00166	0.00332	0.00664	0.78928	0.00664
7	0.00874	0.00638	0.00823	0.00955	0.01027	0.00587	0.00648	0.01018	0.01436	0.01899	0.08694	0.62377	0.12140	0.02132	0.00897	0.00279	0.00402	0.01917	0.00669	0.00587
8	0.03112	0.01344	0.01735	0.01330	0.01884	0.01243	0.01099	0.14423	0.02260	0.59761	0.02623	0.02303	0.01669	0.00877	0.00715	0.00219	0.00636	0.00703	0.00853	0.01212
9	0.00911	0.00643	0.00835	0.00957	0.00995	0.00620	0.00628	0.01017	0.01283	0.01718	0.03460	0.55907	0.04100	0.17332	0.05719	0.00422	0.00559	0.01746	0.00597	0.00552
10	0.02093	0.01324	0.01419	0.01160	0.01540	0.01414	0.00935	0.33046	0.02400	0.07815	0.02065	0.02196	0.01532	0.00845	0.00612	0.00192	0.00561	0.00656	0.37239	0.00956
11	0.02660	0.03394	0.02018	0.01834	0.02201	0.72116	0.01376	0.02843	0.02018	0.01743	0.01101	0.01284	0.00917	0.00734	0.00642	0.00183	0.01284	0.00459	0.00367	0.00825
12	0.01365	0.01305	0.02259	0.69069	0.04834	0.01595	0.05916	0.01847	0.01439	0.01847	0.01276	0.01900	0.00957	0.00705	0.00720	0.00237	0.00964	0.00645	0.00319	0.00801
13	0.03195	0.01212	0.01652	0.01267	0.01818	0.01047	0.01047	0.03470	0.02038	0.71026	0.02809	0.02424	0.01763	0.00881	0.00716	0.00220	0.00606	0.00716	0.00881	0.01212
14	0.01458	0.08192	0.67039	0.01979	0.03003	0.01727	0.02542	0.02247	0.01500	0.02219	0.01260	0.01481	0.00903	0.00672	0.00663	0.00221	0.01034	0.00517	0.00301	0.01044
15	0.03195	0.01212	0.01652	0.01267	0.01818	0.01047	0.01047	0.03470	0.02038	0.71026	0.02809	0.02424	0.01763	0.00881	0.00716	0.00220	0.00606	0.00716	0.00881	0.01212
16	0.06325	0.01316	0.02098	0.59426	0.06712	0.01644	0.01869	0.01839	0.01385	0.01914	0.01219	0.01814	0.00943	0.00757	0.00851	0.00242	0.07903	0.00616	0.00325	0.00801
17	0.02236	0.01400	0.01615	0.01327	0.01718	0.01465	0.01041	0.32963	0.02377	0.17224	0.02346	0.13111	0.02057	0.11562	0.03911	0.00329	0.00723	0.00921	0.00688	0.00986
18	0.01704	0.01781	0.02315	0.41372	0.21958	0.14899	0.01920	0.02110	0.01589	0.01941	0.01254	0.01746	0.00991	0.00695	0.00697	0.00220	0.00985	0.00600	0.00336	0.00888
19	0.00975	0.00709	0.00908	0.01035	0.01111	0.00689	0.00706	0.03758	0.04067	0.01968	0.03797	0.68850	0.04473	0.02127	0.00894	0.00284	0.00434	0.01922	0.00665	0.00625
20	0.01572	0.01537	0.02749	0.40693	0.11725	0.01710	0.18761	0.06255	0.01625	0.02163	0.01337	0.01866	0.01019	0.00701	0.00796	0.00236	0.03315	0.00686	0.00357	0.00899
21	0.01865	0.58163	0.08933	0.01340	0.01933	0.02585	0.01346	0.06236	0.01552	0.01908	0.01218	0.01384	0.02746	0.00703	0.00624	0.00175	0.05567	0.00454	0.00340	0.00927
22	0.01099	0.00787	0.00960	0.00945	0.00983	0.00843	0.00616	0.03246	0.01168	0.01590	0.02323	0.13285	0.02622	0.50308	0.10995	0.00651	0.05506	0.01094	0.00457	0.00522
23	0.01934	0.13975	0.06574	0.01417	0.01863	0.08363	0.01228	0.04573	0.12572	0.11951	0.03813	0.07766	0.01735	0.00949	0.00850	0.00212	0.09167	0.00713	0.00529	0.09815
24	0.06556	0.04342	0.22454	0.02213	0.07294	0.05605	0.23110	0.04482	0.01633	0.02363	0.01564	0.06416	0.01294	0.00768	0.00711	0.00224	0.00954	0.00729	0.06348	0.00939
25	0.07780	0.01222	0.01616	0.01247	0.01791	0.01079	0.01030	0.03388	0.01989	0.66977	0.02701	0.02348	0.01703	0.00868	0.00700	0.00220	0.00603	0.00696	0.00855	0.01186
26	0.00907	0.00648	0.00872	0.01037	0.01095	0.00612	0.00730	0.01060	0.01402	0.01862	0.03903	0.65137	0.04623	0.02194	0.00919	0.00295	0.00447	0.11008	0.00660	0.00589
27	0.01613	0.01691	0.04870	0.21468	0.24585	0.04161	0.17645	0.02187	0.05951	0.02182	0.01579	0.04178	0.01312	0.00757	0.00751	0.00232	0.00943	0.02554	0.00385	0.00958
28	0.01904	0.75404	0.03731	0.01218	0.01828	0.02818	0.01218	0.02132	0.01447	0.01675	0.00990	0.01142	0.00914	0.00609	0.00457	0.00152	0.00761	0.00381	0.00305	0.00914
29	0.01327	0.00664	0.00664	0.00664	0.00830	0.00664	0.00498	0.01659	0.01493	0.02655	0.02323	0.02655	0.01825	0.00830	0.00498	0.00166	0.00332	0.00664	0.78928	0.00664
30	0.01956	0.48195	0.16259	0.01489	0.02137	0.15651	0.01517	0.02290	0.01565	0.01798	0.01066	0.01238	0.00912	0.00645	0.00534	0.00172	0.00915	0.00423	0.00316	0.00924
31	0.03747	0.02741	0.37921	0.04475	0.03160	0.01756	0.23433	0.02185	0.01504	0.02216	0.01283	0.01646	0.00961	0.00716	0.00908	0.00240	0.09168	0.00637	0.00325	0.00976
32	0.03195	0.01212	0.01652	0.01267	0.01818	0.01047	0.01047	0.03470	0.02038	0.71026	0.02809	0.02424	0.01763	0.00881	0.00716	0.00220	0.00606	0.00716	0.00881	0.01212
33	0.01214	0.00879	0.01073	0.01113	0.01254	0.00885	0.00791	0.13645	0.01737	0.02321	0.03507	0.60796	0.04051	0.01972	0.00872	0.00275	0.00483	0.01764	0.00671	0.00698
34	0.01691	0.06718	0.25375	0.09660	0.14948	0.01724	0.17733	0.02336	0.04298	0.06547	0.01470	0.01769	0.01094	0.00675	0.00715	0.00224	0.00976	0.00645	0.00379	0.01022
35	0.00862	0.00717	0.00744	0.00747	0.00965	0.00609	0.00551	0.01044	0.01617	0.01965	0.11398	0.09334	0.60387	0.04723	0.00955	0.00259	0.00374	0.01489	0.00661	0.00599
36	0.07988	0.18945	0.50960	0.01765	0.02672	0.01900	0.02174	0.02215	0.01467	0.02207	0.01192	0.01397	0.00894	0.00661	0.00610	0.00209	0.00948	0.00483	0.00313	0.00999
37	0.04837	0.07093	0.02137	0.01823	0.07619	0.29163	0.01350	0.19788	0.02275	0.14860	0.01572	0.01623	0.01156	0.00773	0.00661	0.00199	0.00944	0.00559	0.00545	0.01023
38	0.02130	0.01554	0.01698	0.01451	0.01902	0.01731	0.01150	0.13740	0.48950	0.13396	0.02700	0.02475	0.01963	0.00936	0.00721	0.00234	0.00604	0.00766	0.00746	0.01153
39	0.01558	0.01558	0.02181	0.01869	0.01869	0.02181	0.01558	0.01714	0.01091	0.01714	0.00935	0.01558	0.00935	0.01246	0.02337	0.00312	0.73672	0.00623	0.00312	0.00779
40	0.01162	0.00789	0.00880	0.00842	0.00885	0.00806	0.00502	0.06135	0.01211	0.01617	0.02203	0.04436	0.02484	0.69344	0.03403	0.00654	0.00697	0.01006	0.00453	0.00491
41	0.01736	0.01665	0.02843	0.08701	0.66408	0.01685	0.02172	0.02162	0.01609	0.02294	0.01335	0.01771	0.01117	0.00639	0.00705	0.00213	0.00852	0.00634	0.00350	0.01107
42	0.02015	0.01526	0.01655	0.01441	0.01875	0.01716	0.01135	0.08655	0.56062	0.11355	0.02797	0.02556	0.02050	0.00947	0.00723	0.00237	0.00585	0.00782	0.00743	0.01144
43	0.00879	0.00628	0.00839	0.01004	0.01050	0.00588	0.00680	0.01011	0.01374	0.01830	0.03919	0.71879	0.04685	0.02220	0.00912	0.00291	0.00423	0.04546	0.00661	0.00581
44	0.00914	0.00664	0.00864	0.00959	0.01053	0.00614	0.00674	0.01106	0.01566	0.02114	0.21778	0.48625	0.09973	0.01983	0.00889	0.00270	0.00398	0.04255	0.00693	0.00608
45	0.01327	0.00664	0.00664	0.00664	0.00830	0.00664	0.00498	0.01659	0.01493	0.02655	0.02323	0.02655	0.01825	0.00830	0.00498	0.00166	0.00332	0.00664	0.78928	0.00664
46	0.01762	0.01692	0.02890	0.04371	0.70533	0.01692	0.02185	0.02185	0.01621	0.02326	0.01339	0.01762	0.01128	0.00634	0.00705	0.00211	0.00846	0.00634	0.00352	0.01128
47	0.80005	0.01377	0.01047	0.00936	0.01377	0.01597	0.00771	0.02093	0.01212	0.03195	0.00991	0.01157	0.00771	0.00661	0.00441	0.00220	0.00551	0.00386	0.00441	0.00771
48	0.01762	0.01692	0.02890	0.04371	0.70533	0.01692	0.02185	0.02185	0.01621	0.02326	0.01339	0.01762	0.01128	0.00634	0.00705	0.00211	0.00846	0.00634	0.00352	0.01128
49	0.00892	0.00726	0.00791	0.00782	0.01002	0.00625	0.00592	0.01114	0.01719	0.02158	0.22490	0.06514	0.52701	0.01723	0.00845	0.00239	0.00364	0.03411	0.00691	0.00620
50	0.00881	0.00620	0.00830	0.00989	0.01029	0.00580	0.00659	0.00989	0.01348	0.01797	0.03830	0.71955	0.04587	0.02239	0.00975	0.03080	0.00420	0.01975	0.00649	0.00569
51	0.00868	0.00620	0.00826	0.00991	0.01033	0.00578	0.00661	0.00991	0.01363	0.01818	0.03925	0.74510	0.04710	0.02231	0.00909	0.00289	0.00413	0.02024	0.00661	0.00578
52	0.15537	0.01990	0.01660	0.01392	0.01819	0.18738	0.01107	0.29269	0.02332	0.03277	0.01551	0.01682	0.01175	0.00788	0.00611	0.00199	0.00784	0.00558	0.14585	0.00945
53	0.00900	0.00672	0.00961	0.01072	0.01140	0.00627	0.03353	0.01043	0.01376	0.01836	0.03825	0.71606	0.04564	0.02166	0.00906	0.00287	0.00445	0.01977	0.00649	0.00594
54	0.07457	0.10064	0.02150	0.01677	0.02114	0.46520	0.01318	0.16131	0.02184	0.02391	0.01208	0.01349	0.00968	0.00742	0.00626	0.00189	0.01084	0.00484	0.00436	0.00910
55	0.01458	0.01417	0.02506	0.52851	0.16649	0.01627	0.09473	0.01938	0.01489	0.01963	0.01299	0.01876	0.00996	0.00685	0.00725	0.00233	0.00959	0.00657	0.00328	0.00871
56	0.01017	0.00763	0.01144	0.01144	0.01272	0.00890	0.00890	0.01272	0.01144	0.01653	0.01907	0.02797	0.01780	0.05340	0.72153	0.01144	0.01907	0.00763	0.00381	0.00636
57	0.16452	0.01789	0.01805	0.01431	0.01943	0.06021	0.01166	0.39123	0.02584	0.15296	0.01752	0.01813	0.01259	0.03475	0.00765	0.00231	0.00739	0.00612	0.00662	0.01082
58	0.01667	0.01133	0.01340	0.01272	0.01520	0.03619	0.00999	0.14409	0.01927	0.11244	0.05561	0.29967	0.03356	0.01627	0.00894	0.00269	0.02833	0.14868	0.00681	0.00815
59	0.03195	0.01212	0.01652	0.01267	0.01818	0.01047	0.01047	0.03470	0.02038	0.71026	0.02809	0.02424	0.01763	0.00881	0.00716	0.00220	0.00606	0.00716	0.00881	0.01212
60	0.00868	0.00620	0.00826	0.00991	0.01033	0.00578	0.00661	0.00991	0.01363	0.01818	0.03925	0.74510	0.04710	0.02231	0.00909	0.00289	0.00413	0.02024	0.00661	0.00578
61	0.01700	0.29628	0.30792	0.01677	0.02412	0.04786	0.05750	0.04049	0.01550	0.02094	0.01242	0.01469	0.00987	0.00685	0.00652	0.00197	0.03477	0.00504	0.05393	0.00957
62	0.01327	0.00664	0.00664	0.00664	0.00830	0.00664	0.00498	0.01659	0.01493	0.02655	0.02323	0.02655	0.01825	0.00830	0.00498	0.00166	0.00332	0.00664	0.78928	0.00664
63	0.01036	0.00690	0.00777	0.00777	0.00777	0.00690	0.00431	0.01036	0.01036	0.01381	0.02244	0.04660	0.02589	0.74975	0.03624	0.00690	0.00690	0.01036	0.00431	0.00431
64	0.01777	0.01757	0.02755	0.11398	0.59274	0.06224	0.02111	0.02190	0.01626	0.02236	0.01316	0.01746	0.01096	0.00649	0.00702	0.00212	0.00885	0.00623	0.00350	0.01073
65	0.01978	0.01600	0.06297	0.01878	0.11346	0.01531	0.05051	0.07100	0.28520	0.15571	0.02834	0.02730	0.08448	0.00941	0.00734	0.00230	0.00671	0.00808	0.00649	0.01083

[dist]
# distance from previous block
# <min> <max>
7	13

[block]
# block no. 2 follows, 29 sequences, length 85
# corresponding to MSA columns:
# 159-243
name=unknown_C
#
# <colnr> <probs for GDERKNQSTAVLIFYWHMCP>
#	G	D	E	R	K	N	Q	S	T	A	V	L	I	F	Y	W	H	M	C	P
0	0.03983	0.11623	0.54859	0.01798	0.02700	0.01698	0.02231	0.02153	0.01534	0.02273	0.07462	0.01795	0.01425	0.00739	0.00658	0.00217	0.00938	0.00574	0.00349	0.00993
1	0.06110	0.01403	0.01475	0.01305	0.01674	0.03862	0.01037	0.16713	0.21914	0.07846	0.03131	0.06602	0.10814	0.04465	0.00884	0.00262	0.00622	0.08261	0.00674	0.00947
2	0.00922	0.00667	0.00871	0.00942	0.01042	0.00617	0.00660	0.01133	0.01634	0.02235	0.30373	0.44035	0.08411	0.01904	0.00878	0.00261	0.00380	0.01709	0.00710	0.00617
3	0.02410	0.08093	0.04312	0.01714	0.02141	0.47515	0.01359	0.07377	0.14143	0.02163	0.01463	0.01557	0.01162	0.00773	0.00650	0.00195	0.01076	0.00530	0.00448	0.00920
4	0.62489	0.01510	0.07702	0.01038	0.01498	0.01482	0.00935	0.02002	0.01321	0.03029	0.07705	0.03924	0.01476	0.00788	0.00516	0.00223	0.00574	0.00537	0.00467	0.00782
5	0.01029	0.00745	0.01072	0.01072	0.01173	0.00845	0.00800	0.01217	0.01117	0.01590	0.01939	0.03093	0.01898	0.17221	0.57600	0.04163	0.01647	0.00804	0.00387	0.00588
6	0.00917	0.00667	0.00862	0.00986	0.01072	0.00623	0.00700	0.01082	0.01456	0.01919	0.08551	0.50733	0.12062	0.05321	0.01027	0.00302	0.00445	0.10027	0.00658	0.00590
7	0.01485	0.08652	0.60391	0.02059	0.03050	0.01750	0.08435	0.02249	0.01515	0.02216	0.01272	0.01515	0.00919	0.00665	0.00676	0.00222	0.01045	0.00544	0.00306	0.01034
8	0.01721	0.01649	0.02815	0.11273	0.63958	0.01681	0.02165	0.02149	0.01602	0.02276	0.01332	0.01776	0.01110	0.00642	0.00706	0.00214	0.00856	0.00634	0.00349	0.01094
9	0.01391	0.00743	0.00751	0.00728	0.00917	0.00760	0.00552	0.03954	0.04281	0.02729	0.02326	0.02623	0.01819	0.00836	0.00514	0.00171	0.00356	0.00669	0.73183	0.00701
10	0.01750	0.01679	0.02867	0.06474	0.68529	0.01689	0.02179	0.02174	0.01615	0.02311	0.01337	0.01767	0.01122	0.00637	0.00705	0.00212	0.00849	0.00634	0.00351	0.01118
11	0.01783	0.01669	0.02761	0.11276	0.59140	0.01716	0.02107	0.06626	0.01718	0.02421	0.01357	0.01773	0.01115	0.00657	0.00706	0.00214	0.00852	0.00635	0.00373	0.01099
12	0.00901	0.00637	0.00832	0.00976	0.01016	0.00603	0.00650	0.01017	0.01331	0.01772	0.03694	0.62523	0.04402	0.11932	0.01274	0.00344	0.00460	0.04443	0.00630	0.00562
13	0.01526	0.07626	0.64677	0.01953	0.02960	0.01695	0.02488	0.02297	0.01522	0.04990	0.01323	0.01520	0.00937	0.00681	0.00666	0.00221	0.01018	0.00526	0.00324	0.01051
14	0.01103	0.00799	0.00991	0.00981	0.01032	0.00861	0.00658	0.03797	0.01210	0.01651	0.02395	0.17045	0.02692	0.42658	0.13643	0.00642	0.05694	0.01134	0.00470	0.00545
15	0.01206	0.01138	0.02154	0.01794	0.02107	0.01071	0.26597	0.01531	0.01510	0.02024	0.02955	0.40567	0.03258	0.01580	0.00889	0.00274	0.00738	0.07329	0.00545	0.00732
16	0.05893	0.01878	0.02036	0.01567	0.02129	0.02048	0.01294	0.57940	0.03109	0.12195	0.01809	0.01770	0.01257	0.00850	0.00702	0.00215	0.00753	0.00639	0.00721	0.01193
17	0.01476	0.01399	0.02373	0.51645	0.25499	0.01616	0.02043	0.01934	0.01486	0.01978	0.01289	0.01856	0.01005	0.00688	0.00710	0.00229	0.00917	0.00633	0.00328	0.00897
18	0.01839	0.01563	0.01648	0.01463	0.01877	0.01803	0.01143	0.08441	0.64479	0.03088	0.02812	0.02588	0.02104	0.00958	0.00724	0.00240	0.00579	0.00793	0.00724	0.01133
19	0.80005	0.01377	0.01047	0.00936	0.01377	0.01597	0.00771	0.02093	0.01212	0.03195	0.00991	0.01157	0.00771	0.00661	0.00441	0.00220	0.00551	0.00386	0.00441	0.00771
20	0.05852	0.01434	0.01588	0.01276	0.01747	0.07958	0.01031	0.10048	0.02106	0.43967	0.08203	0.02451	0.02012	0.00901	0.00693	0.00213	0.00646	0.00716	0.06086	0.01073
21	0.00999	0.00680	0.00807	0.00842	0.00857	0.00678	0.00504	0.01039	0.01110	0.01487	0.02576	0.19133	0.02987	0.56002	0.06792	0.00631	0.00699	0.01227	0.00477	0.00473
22	0.01904	0.75404	0.03731	0.01218	0.01828	0.02818	0.01218	0.02132	0.01447	0.01675	0.00990	0.01142	0.00914	0.00609	0.00457	0.00152	0.00761	0.00381	0.00305	0.00914
23	0.00889	0.00653	0.00815	0.00918	0.01002	0.00600	0.00622	0.01031	0.01441	0.01893	0.10216	0.50803	0.16336	0.07926	0.01109	0.00307	0.00419	0.01787	0.00653	0.00579
24	0.02707	0.01995	0.02137	0.01638	0.02208	0.02208	0.01353	0.68159	0.03348	0.04488	0.01710	0.01710	0.01211	0.00855	0.00712	0.00214	0.00784	0.00641	0.00712	0.01211
25	0.01914	0.58908	0.12552	0.01386	0.02031	0.09356	0.01421	0.02217	0.01510	0.01759	0.01039	0.01204	0.00913	0.00630	0.00504	0.00165	0.00851	0.00408	0.00310	0.00924
26	0.01237	0.00618	0.00928	0.00928	0.00928	0.00618	0.00618	0.00928	0.00928	0.01237	0.01237	0.02165	0.01237	0.02474	0.02783	0.79283	0.00618	0.00618	0.00309	0.00309
27	0.00970	0.00726	0.00899	0.00856	0.01040	0.00656	0.00642	0.01270	0.01925	0.02641	0.55657	0.05672	0.21353	0.01536	0.00840	0.00228	0.00342	0.01337	0.00756	0.00656
28	0.01168	0.00880	0.01141	0.01132	0.01295	0.00877	0.02874	0.08477	0.05534	0.02379	0.15939	0.47415	0.04452	0.01816	0.00862	0.00265	0.00472	0.01632	0.00684	0.00707
29	0.02698	0.02817	0.02045	0.01743	0.02189	0.44788	0.01355	0.25769	0.02485	0.05451	0.01382	0.01478	0.01054	0.00782	0.00670	0.00196	0.01082	0.00533	0.00508	0.00976
30	0.64683	0.01497	0.03401	0.01540	0.12945	0.01615	0.01061	0.02113	0.01289	0.03023	0.01058	0.01268	0.00834	0.00657	0.00492	0.00219	0.00615	0.00431	0.00422	0.00839
31	0.01028	0.00686	0.00790	0.00805	0.00817	0.00686	0.00469	0.01056	0.01081	0.01463	0.02385	0.10802	0.02732	0.64173	0.05521	0.00655	0.00695	0.01105	0.02594	0.00458
32	0.01547	0.01521	0.04648	0.51548	0.07056	0.01681	0.10829	0.08588	0.01663	0.02184	0.01337	0.01864	0.00999	0.00707	0.00728	0.00234	0.00966	0.00658	0.00363	0.00878
33	0.72416	0.01361	0.01106	0.00969	0.01421	0.01543	0.00798	0.02229	0.01293	0.09897	0.01171	0.01282	0.00869	0.00683	0.00468	0.00220	0.00556	0.00418	0.00484	0.00815
34	0.01656	0.01717	0.05342	0.09794	0.49957	0.04413	0.04626	0.02074	0.01618	0.02215	0.01894	0.02244	0.07786	0.00759	0.00721	0.00217	0.00848	0.00715	0.00378	0.01026
35	0.01701	0.01153	0.01308	0.01098	0.01463	0.01116	0.00849	0.15996	0.04649	0.07996	0.04785	0.12988	0.04884	0.05463	0.00847	0.00225	0.00535	0.00892	0.14591	0.17460
36	0.01435	0.01221	0.01432	0.01050	0.01643	0.00924	0.00831	0.01738	0.01469	0.02286	0.01448	0.06495	0.01306	0.00644	0.00554	0.00118	0.00519	0.00532	0.00438	0.73917
37	0.01445	0.06144	0.68968	0.02002	0.03039	0.01694	0.02582	0.02251	0.01501	0.02235	0.01268	0.01491	0.00902	0.00674	0.00669	0.00223	0.01042	0.00521	0.00301	0.01048
38	0.00923	0.00678	0.00885	0.00997	0.01092	0.00612	0.00678	0.01064	0.01374	0.01863	0.03684	0.67908	0.04379	0.02077	0.00874	0.00273	0.00423	0.01879	0.00639	0.07698
39	0.07448	0.01228	0.01602	0.01240	0.01773	0.01101	0.01023	0.05345	0.02015	0.62941	0.02657	0.02337	0.01692	0.00866	0.00693	0.00218	0.00600	0.00693	0.03358	0.01169
40	0.01428	0.03683	0.71286	0.02030	0.03082	0.01654	0.02631	0.02255	0.01503	0.02255	0.01278	0.01503	0.00902	0.00677	0.00677	0.00226	0.01052	0.00526	0.00301	0.01052
41	0.01059	0.00796	0.01107	0.01086	0.01168	0.00919	0.00801	0.01233	0.01109	0.01578	0.01940	0.03257	0.01959	0.25401	0.47398	0.00955	0.06424	0.00833	0.00391	0.00586
42	0.00888	0.00754	0.00770	0.00760	0.01003	0.00652	0.00572	0.01151	0.04353	0.02018	0.10588	0.06598	0.63939	0.01750	0.00837	0.00240	0.00367	0.01463	0.00671	0.00626
43	0.80005	0.01377	0.01047	0.00936	0.01377	0.01597	0.00771	0.02093	0.01212	0.03195	0.00991	0.01157	0.00771	0.00661	0.00441	0.00220	0.00551	0.00386	0.00441	0.00771
44	0.02467	0.01547	0.01730	0.01333	0.01885	0.05330	0.01080	0.20777	0.02218	0.26985	0.02009	0.04280	0.01460	0.00810	0.00664	0.00186	0.00665	0.00641	0.00668	0.23267
45	0.01014	0.00733	0.00891	0.00860	0.01053	0.00654	0.00642	0.01281	0.01838	0.04687	0.42499	0.11445	0.26559	0.01612	0.00842	0.00234	0.00359	0.01398	0.00738	0.00659
46	0.01488	0.06139	0.48337	0.02207	0.05254	0.01676	0.15482	0.02199	0.01561	0.02253	0.03589	0.01905	0.01232	0.00722	0.00716	0.00228	0.01027	0.02637	0.00341	0.01006
47	0.00852	0.00722	0.00736	0.00732	0.00968	0.00606	0.00549	0.01042	0.01648	0.01983	0.11234	0.06755	0.66186	0.01781	0.00841	0.00239	0.00359	0.01489	0.00669	0.00606
48	0.01694	0.01628	0.02629	0.21659	0.44926	0.03966	0.04107	0.04286	0.01644	0.02242	0.01407	0.01987	0.01173	0.00707	0.00718	0.00222	0.00890	0.02738	0.00366	0.01014
49	0.01635	0.01562	0.02661	0.25330	0.50567	0.01658	0.02122	0.02074	0.01561	0.02172	0.01317	0.01804	0.01074	0.00658	0.00707	0.00219	0.00877	0.00634	0.00341	0.01025
50	0.02707	0.01995	0.02137	0.01638	0.02208	0.02208	0.01353	0.68159	0.03348	0.04488	0.01710	0.01710	0.01211	0.00855	0.00712	0.00214	0.00784	0.00641	0.00712	0.01211
51	0.08522	0.09301	0.53266	0.01972	0.06585	0.01729	0.02271	0.02266	0.01497	0.04527	0.01281	0.01487	0.00932	0.00674	0.00640	0.00218	0.00957	0.00514	0.00335	0.01025
52	0.01006	0.00778	0.00824	0.00813	0.01044	0.00691	0.00600	0.01282	0.05566	0.04742	0.06194	0.12183	0.53670	0.06174	0.01004	0.00271	0.00407	0.01447	0.00660	0.00645
53	0.02584	0.01929	0.02137	0.08114	0.02452	0.02152	0.01410	0.62162	0.03174	0.04246	0.01669	0.01727	0.01187	0.00842	0.00712	0.00216	0.00799	0.00640	0.00677	0.01173
54	0.80005	0.01377	0.01047	0.00936	0.01377	0.01597	0.00771	0.02093	0.01212	0.03195	0.00991	0.01157	0.00771	0.00661	0.00441	0.00220	0.00551	0.00386	0.00441	0.00771
55	0.01345	0.01266	0.02136	0.73264	0.04904	0.01582	0.01978	0.01819	0.01424	0.01819	0.01266	0.01898	0.00949	0.00712	0.00712	0.00237	0.00949	0.00633	0.00316	0.00791
56	0.80005	0.01377	0.01047	0.00936	0.01377	0.01597	0.00771	0.02093	0.01212	0.03195	0.00991	0.01157	0.00771	0.00661	0.00441	0.00220	0.00551	0.00386	0.00441	0.00771
57	0.00866	0.00624	0.00822	0.00980	0.01030	0.00579	0.00656	0.00993	0.01375	0.01822	0.04070	0.71513	0.07613	0.02212	0.00906	0.00287	0.00411	0.02001	0.00661	0.00579
58	0.01036	0.00690	0.00777	0.00777	0.00777	0.00690	0.00431	0.01036	0.01036	0.01381	0.02244	0.04660	0.02589	0.74975	0.03624	0.00690	0.00690	0.01036	0.00431	0.00431
59	0.02901	0.01197	0.01595	0.01243	0.01748	0.01066	0.01018	0.06857	0.02109	0.58983	0.10941	0.02736	0.02335	0.00950	0.00731	0.00220	0.00583	0.00781	0.00860	0.01146
60	0.01771	0.01530	0.01610	0.01449	0.01852	0.01771	0.01127	0.03784	0.69247	0.02979	0.02898	0.02657	0.02174	0.00966	0.00725	0.00242	0.00564	0.00805	0.00725	0.01127
61	0.01762	0.01692	0.02890	0.04371	0.70533	0.01692	0.02185	0.02185	0.01621	0.02326	0.01339	0.01762	0.01128	0.00634	0.00705	0.00211	0.00846	0.00634	0.00352	0.01128
62	0.02660	0.03394	0.02018	0.01834	0.02201	0.72116	0.01376	0.02843	0.02018	0.01743	0.01101	0.01284	0.00917	0.00734	0.00642	0.00183	0.01284	0.00459	0.00367	0.00825
63	0.00891	0.00713	0.00797	0.00797	0.00998	0.00619	0.00590	0.01110	0.01709	0.02178	0.24779	0.13005	0.45812	0.01746	0.00848	0.00241	0.00359	0.01492	0.00696	0.00619
64	0.01701	0.54323	0.12100	0.01273	0.01871	0.02329	0.01317	0.02024	0.01544	0.01936	0.11894	0.01846	0.01824	0.00751	0.00546	0.00173	0.00733	0.00542	0.00379	0.00894
65	0.05022	0.01162	0.01427	0.01154	0.01582	0.01109	0.00933	0.10408	0.04275	0.38034	0.11775	0.02741	0.02369	0.00944	0.00687	0.00212	0.00541	0.00769	0.13828	0.01029
66	0.80005	0.01377	0.01047	0.00936	0.01377	0.01597	0.00771	0.02093	0.01212	0.03195	0.00991	0.01157	0.00771	0.00661	0.00441	0.00220	0.00551	0.00386	0.00441	0.00771
67	0.06554	0.01749	0.01753	0.01489	0.01945	0.05982	0.01182	0.21820	0.40117	0.06100	0.02346	0.02214	0.01732	0.00900	0.00700	0.00228	0.00669	0.00711	0.00690	0.01116
68	0.00938	0.00673	0.00879	0.01006	0.01074	0.00639	0.00685	0.03239	0.01475	0.01979	0.08535	0.67208	0.04736	0.02130	0.00897	0.00282	0.00420	0.01926	0.00671	0.00606
69	0.00925	0.00693	0.00852	0.00891	0.01031	0.00629	0.00642	0.01141	0.01660	0.02209	0.28260	0.28176	0.22113	0.04255	0.00960	0.00268	0.00389	0.03594	0.00697	0.00615
70	0.00880	0.00625	0.00823	0.00975	0.01014	0.00587	0.00644	0.00995	0.01339	0.01785	0.03798	0.69265	0.04550	0.07694	0.01113	0.00319	0.00434	0.01950	0.00644	0.00567
71	0.00999	0.00728	0.00939	0.00886	0.01058	0.00668	0.00665	0.01326	0.01994	0.02805	0.66727	0.05403	0.10181	0.01475	0.00840	0.00225	0.00337	0.01299	0.00777	0.00668
72	0.01910	0.01739	0.01679	0.01498	0.01906	0.08752	0.01164	0.07199	0.59006	0.02939	0.02656	0.02469	0.01997	0.00937	0.00716	0.00234	0.00647	0.00762	0.00689	0.01102
73	0.01731	0.01660	0.02834	0.09465	0.65681	0.01684	0.02170	0.02158	0.01607	0.02289	0.01334	0.01772	0.01115	0.00640	0.00705	0.00213	0.00854	0.00634	0.00350	0.01103
74	0.06305	0.01219	0.01628	0.01254	0.01800	0.01069	0.01035	0.03414	0.02005	0.68280	0.02736	0.02372	0.01723	0.00872	0.00705	0.00220	0.00604	0.00703	0.00863	0.01194
75	0.00932	0.00725	0.00847	0.00816	0.01017	0.00640	0.00612	0.01197	0.01837	0.02431	0.41462	0.06018	0.35679	0.01614	0.00841	0.00231	0.00347	0.01386	0.00728	0.00640
76	0.03195	0.01212	0.01652	0.01267	0.01818	0.01047	0.01047	0.03470	0.02038	0.71026	0.02809	0.02424	0.01763	0.00881	0.00716	0.00220	0.00606	0.00716	0.00881	0.01212
77	0.01257	0.01044	0.01143	0.01092	0.01376	0.01086	0.00853	0.02180	0.27693	0.02483	0.13979	0.05156	0.27745	0.01451	0.00812	0.00248	0.00468	0.08412	0.00702	0.00819
78	0.01448	0.06740	0.68407	0.01995	0.03028	0.01703	0.02571	0.02250	0.01501	0.02230	0.01266	0.01488	0.00903	0.00674	0.00667	0.00222	0.01040	0.00520	0.00301	0.01046
79	0.01345	0.01266	0.02136	0.73264	0.04904	0.01582	0.01978	0.01819	0.01424	0.01819	0.01266	0.01898	0.00949	0.00712	0.00712	0.00237	0.00949	0.00633	0.00316	0.00791
80	0.48291	0.01349	0.01262	0.01060	0.01514	0.01468	0.00870	0.09755	0.01649	0.17481	0.01570	0.01617	0.01121	0.00744	0.00534	0.00215	0.00569	0.00508	0.07521	0.00903
81	0.00842	0.00721	0.00721	0.00721	0.00962	0.00601	0.00541	0.01022	0.01623	0.01924	0.07213	0.06853	0.70244	0.01803	0.00842	0.00240	0.00361	0.01503	0.00661	0.00601
82	0.00907	0.00657	0.00859	0.00967	0.01053	0.00609	0.00676	0.01087	0.01527	0.02052	0.17798	0.52817	0.09547	0.02031	0.00893	0.00274	0.00404	0.04553	0.00686	0.00602
83	0.22105	0.01310	0.01385	0.01092	0.01618	0.01220	0.00890	0.08018	0.01616	0.05790	0.01507	0.01939	0.01258	0.00715	0.00560	0.00167	0.00563	0.04888	0.03011	0.40348
84	0.25615	0.04993	0.20956	0.01796	0.06146	0.08025	0.07068	0.10969	0.03608	0.02794	0.01284	0.01474	0.00968	0.00697	0.00615	0.00217	0.00862	0.00527	0.00423	0.00962

[dist]
# distance from previous block
# <min> <max>
1	6

[block]
# block no. 3 follows, 29 sequences, length 38
# corresponding to MSA columns:
# 250-287
name=unknown_D
#
# <colnr> <probs for GDERKNQSTAVLIFYWHMCP>
#	G	D	E	R	K	N	Q	S	T	A	V	L	I	F	Y	W	H	M	C	P
0	0.37530	0.14843	0.02010	0.01707	0.13944	0.03733	0.01186	0.06236	0.03778	0.07337	0.01284	0.01433	0.01004	0.00685	0.00540	0.00206	0.00679	0.00482	0.00454	0.00930
1	0.01528	0.06445	0.64066	0.01985	0.02975	0.06379	0.02493	0.02289	0.01535	0.02199	0.01255	0.01475	0.00903	0.00678	0.00666	0.00220	0.01056	0.00516	0.00305	0.01032
2	0.02284	0.09361	0.02678	0.02326	0.12555	0.35815	0.13371	0.02587	0.01819	0.06520	0.01295	0.01540	0.01034	0.00709	0.00726	0.00201	0.03294	0.00568	0.00390	0.00927
3	0.08005	0.01381	0.05884	0.01375	0.04024	0.01147	0.01145	0.03179	0.04107	0.55222	0.02721	0.02441	0.04293	0.00885	0.00700	0.00222	0.00626	0.00713	0.00786	0.01144
4	0.01672	0.01896	0.04061	0.02922	0.03593	0.01827	0.63325	0.02241	0.01640	0.02241	0.01405	0.01896	0.01070	0.00645	0.00945	0.00245	0.06246	0.00825	0.00357	0.00948
5	0.00890	0.00636	0.00852	0.01017	0.01068	0.00598	0.00700	0.01030	0.01385	0.01843	0.03912	0.69175	0.04660	0.02210	0.00915	0.00292	0.00433	0.07138	0.00661	0.00585
6	0.05366	0.07666	0.01220	0.00932	0.01192	0.00933	0.00742	0.01530	0.01838	0.06680	0.42299	0.04914	0.17081	0.01382	0.00781	0.00224	0.00418	0.03382	0.00701	0.00718
7	0.01126	0.00813	0.01118	0.01270	0.01440	0.00804	0.01105	0.01444	0.01638	0.02117	0.04010	0.07950	0.08703	0.01956	0.00974	0.00322	0.00635	0.61268	0.00656	0.00652
8	0.01237	0.00618	0.00928	0.00928	0.00928	0.00618	0.00618	0.00928	0.00928	0.01237	0.01237	0.02165	0.01237	0.02474	0.02783	0.79283	0.00618	0.00618	0.00309	0.00309
9	0.01747	0.01677	0.02863	0.06833	0.68188	0.01688	0.02178	0.02172	0.01614	0.02308	0.01337	0.01767	0.01122	0.00637	0.00705	0.00212	0.00850	0.00634	0.00351	0.01116
10	0.02635	0.03160	0.02018	0.01797	0.02190	0.61236	0.01365	0.10770	0.04503	0.02117	0.01236	0.01383	0.00996	0.00756	0.00653	0.00189	0.01199	0.00493	0.00421	0.00883
11	0.01024	0.00686	0.00780	0.00791	0.00794	0.00683	0.00447	0.01033	0.01057	0.01410	0.02355	0.09299	0.02730	0.70144	0.03444	0.00664	0.00672	0.01101	0.00447	0.00441
12	0.00951	0.00771	0.00849	0.00821	0.01048	0.00693	0.00618	0.01290	0.05761	0.02289	0.27416	0.06105	0.45560	0.01641	0.00834	0.00235	0.00365	0.01392	0.00705	0.00655
13	0.04422	0.51905	0.23401	0.01446	0.02179	0.02436	0.01616	0.02167	0.01455	0.01897	0.01074	0.01248	0.00905	0.00631	0.00521	0.00176	0.00839	0.00423	0.00308	0.00949
14	0.01674	0.02122	0.17367	0.10996	0.47268	0.03761	0.02235	0.02181	0.01587	0.02241	0.01311	0.01707	0.01055	0.00654	0.00698	0.00216	0.00914	0.00606	0.00338	0.01068
15	0.00978	0.00727	0.00911	0.00865	0.01046	0.00659	0.00648	0.01286	0.01945	0.02689	0.58900	0.05593	0.18080	0.01518	0.00840	0.00227	0.00340	0.01326	0.00762	0.00659
16	0.01476	0.01163	0.01347	0.01354	0.04936	0.03683	0.00981	0.06697	0.18023	0.04801	0.21023	0.13045	0.03791	0.05800	0.00979	0.00274	0.00558	0.08554	0.00679	0.00836
17	0.09437	0.25117	0.38219	0.01724	0.04881	0.01977	0.01930	0.02253	0.01485	0.05239	0.01232	0.01409	0.00939	0.00662	0.00589	0.00202	0.00887	0.00480	0.00343	0.00992
18	0.02422	0.01609	0.01775	0.01401	0.01862	0.01734	0.01131	0.45490	0.02724	0.11928	0.01959	0.02197	0.01484	0.07870	0.03117	0.00282	0.00742	0.00693	0.08513	0.01067
19	0.01836	0.01077	0.01298	0.01114	0.01466	0.01047	0.00877	0.05963	0.13981	0.22342	0.25398	0.04060	0.14089	0.01226	0.00777	0.00228	0.00482	0.01037	0.00778	0.00926
20	0.17314	0.01566	0.02022	0.13287	0.20810	0.01721	0.01510	0.14161	0.11427	0.06969	0.01634	0.01821	0.01231	0.00753	0.00659	0.00222	0.00739	0.00616	0.00512	0.01025
21	0.01721	0.01685	0.02705	0.17613	0.54765	0.04810	0.02109	0.02144	0.01601	0.02202	0.01314	0.01767	0.01084	0.00654	0.00703	0.00215	0.00885	0.00626	0.00346	0.01049
22	0.01402	0.00736	0.00744	0.00717	0.00904	0.00748	0.00544	0.05269	0.01594	0.02754	0.02290	0.02603	0.01792	0.00831	0.00509	0.00169	0.00356	0.00662	0.74683	0.00693
23	0.09084	0.06766	0.02160	0.04173	0.10142	0.16556	0.06451	0.10757	0.05529	0.02525	0.05318	0.04407	0.01525	0.00816	0.00715	0.00204	0.03207	0.00650	0.00467	0.08547
24	0.06873	0.01326	0.02153	0.59769	0.12717	0.01597	0.01919	0.01883	0.01433	0.01977	0.01256	0.01830	0.00959	0.00699	0.00692	0.00233	0.00909	0.00616	0.00329	0.00831
25	0.01615	0.01373	0.01465	0.01350	0.01694	0.01563	0.01031	0.03287	0.57104	0.02759	0.03135	0.10663	0.04809	0.03795	0.00853	0.00263	0.00545	0.00970	0.00705	0.01024
26	0.01449	0.01345	0.02255	0.33647	0.07089	0.01555	0.12199	0.01986	0.06153	0.02067	0.01531	0.02052	0.01210	0.01082	0.05621	0.00297	0.08360	0.00689	0.08580	0.00835
27	0.09231	0.16865	0.02230	0.12171	0.02272	0.17957	0.01360	0.02052	0.01452	0.01871	0.01233	0.05167	0.01142	0.01097	0.04187	0.00266	0.17697	0.00592	0.00357	0.00802
28	0.00878	0.00636	0.00830	0.00965	0.01031	0.00588	0.00654	0.01024	0.01437	0.01915	0.09889	0.64014	0.09236	0.02135	0.00898	0.00280	0.00403	0.01926	0.00672	0.00588
29	0.00890	0.00716	0.00796	0.00806	0.01008	0.00622	0.00602	0.01104	0.01682	0.02121	0.20337	0.13387	0.47684	0.01777	0.00853	0.00245	0.00371	0.03696	0.00687	0.00616
30	0.06412	0.03682	0.01661	0.01312	0.01722	0.05913	0.01056	0.35939	0.04859	0.03456	0.01770	0.01929	0.01344	0.00941	0.00780	0.05705	0.00673	0.00619	0.19268	0.00959
31	0.01766	0.01487	0.01928	0.08993	0.21957	0.06331	0.01461	0.04751	0.14761	0.08356	0.05083	0.06856	0.05682	0.01035	0.00753	0.00235	0.00724	0.06316	0.00556	0.00970
32	0.00868	0.00620	0.00826	0.00991	0.01033	0.00578	0.00661	0.00991	0.01363	0.01818	0.03925	0.74510	0.04710	0.02231	0.00909	0.00289	0.00413	0.02024	0.00661	0.00578
33	0.02707	0.01995	0.02137	0.01638	0.02208	0.02208	0.01353	0.68159	0.03348	0.04488	0.01710	0.01710	0.01211	0.00855	0.00712	0.00214	0.00784	0.00641	0.00712	0.01211
34	0.02021	0.01763	0.01667	0.01429	0.01841	0.10895	0.01125	0.22464	0.28363	0.03141	0.05741	0.02754	0.09087	0.01008	0.00720	0.00222	0.00684	0.00801	0.03251	0.01022
35	0.77153	0.01400	0.01087	0.00962	0.01408	0.01620	0.00793	0.04530	0.01291	0.03242	0.01018	0.01177	0.00787	0.00668	0.00451	0.00220	0.00559	0.00395	0.00451	0.00787
36	0.01500	0.10158	0.57319	0.02075	0.04999	0.01786	0.06159	0.02229	0.01501	0.02190	0.01253	0.01503	0.00921	0.00680	0.00710	0.00221	0.02926	0.00536	0.00306	0.01029
37	0.04579	0.21219	0.18766	0.01669	0.02270	0.32183	0.01597	0.02538	0.01730	0.05652	0.01204	0.01359	0.00954	0.00695	0.00602	0.00189	0.01040	0.00467	0.00366	0.00920

[dist]
# distance from previous block
# <min> <max>
0	2

[block]
# block no. 4 follows, 29 sequences, length 19
# corresponding to MSA columns:
# 290-308
name=unknown_E
#
# <colnr> <probs for GDERKNQSTAVLIFYWHMCP>
#	G	D	E	R	K	N	Q	S	T	A	V	L	I	F	Y	W	H	M	C	P
0	0.01428	0.03683	0.71286	0.02030	0.03082	0.01654	0.02631	0.02255	0.01503	0.02255	0.01278	0.01503	0.00902	0.00677	0.00677	0.00226	0.01052	0.00526	0.00301	0.01052
1	0.01885	0.44874	0.23217	0.01516	0.02229	0.08995	0.01639	0.02285	0.01539	0.04418	0.01152	0.01309	0.00942	0.00651	0.00548	0.00179	0.00890	0.00443	0.00331	0.00957
2	0.17843	0.24631	0.14975	0.01542	0.04189	0.05983	0.03352	0.09008	0.06062	0.02534	0.03043	0.01524	0.01155	0.00709	0.00576	0.00199	0.00794	0.00511	0.00419	0.00951
3	0.00895	0.00644	0.00845	0.00989	0.01052	0.00602	0.00681	0.01039	0.01410	0.01871	0.06602	0.62239	0.07890	0.04206	0.00984	0.00298	0.00431	0.06077	0.00659	0.00584
