[name]
unknown

[dist]
# distance from previous block
# <min> <max>
51	191

[block]
# block no. 0 follows, 28 sequences, length 112
# corresponding to MSA columns:
# 233-344
name=unknown_A
#
# <colnr> <probs for GDERKNQSTAVLIFYWHMCP>
#	G	D	E	R	K	N	Q	S	T	A	V	L	I	F	Y	W	H	M	C	P
0	0.08907	0.08811	0.03598	0.01553	0.04300	0.22868	0.01214	0.11261	0.01938	0.02482	0.08438	0.02399	0.01883	0.03711	0.05337	0.00288	0.02833	0.03720	0.03600	0.00860
1	0.03846	0.09005	0.38884	0.10842	0.03046	0.01759	0.07001	0.04975	0.04848	0.02393	0.05514	0.01877	0.01373	0.00753	0.00695	0.00226	0.00952	0.00624	0.00386	0.01000
2	0.02274	0.13104	0.02242	0.01649	0.02087	0.32481	0.03941	0.14404	0.04448	0.02395	0.01992	0.02431	0.06512	0.00940	0.00696	0.00209	0.00987	0.05807	0.00489	0.00913
3	0.17124	0.01613	0.07237	0.33864	0.19037	0.01659	0.01830	0.02129	0.04680	0.02348	0.01334	0.01761	0.01031	0.00708	0.00668	0.00232	0.00852	0.00596	0.00376	0.00920
4	0.01008	0.00780	0.00937	0.00931	0.01131	0.00705	0.00691	0.01315	0.04037	0.02347	0.28037	0.20822	0.24030	0.01714	0.00857	0.00246	0.00401	0.04139	0.00707	0.05165
5	0.01481	0.01356	0.02051	0.01743	0.01926	0.01636	0.10350	0.05645	0.01452	0.02092	0.02001	0.10367	0.04051	0.01728	0.08410	0.00374	0.32610	0.05758	0.04179	0.00790
6	0.01057	0.00748	0.00943	0.00945	0.00982	0.00801	0.00619	0.01140	0.01113	0.01526	0.02280	0.09169	0.02526	0.48572	0.21388	0.00785	0.03405	0.01043	0.00440	0.00518
7	0.00886	0.00633	0.00843	0.01012	0.01054	0.00590	0.00675	0.01012	0.01392	0.01856	0.04006	0.73979	0.04808	0.02277	0.00928	0.00295	0.00422	0.02066	0.00675	0.00590
8	0.01458	0.03760	0.70688	0.02072	0.03146	0.01688	0.02686	0.02302	0.01535	0.02302	0.01304	0.01535	0.00921	0.00691	0.00691	0.00230	0.01074	0.00537	0.00307	0.01074
9	0.01458	0.03760	0.70688	0.02072	0.03146	0.01688	0.02686	0.02302	0.01535	0.02302	0.01304	0.01535	0.00921	0.00691	0.00691	0.00230	0.01074	0.00537	0.00307	0.01074
10	0.04340	0.01259	0.01701	0.28409	0.02934	0.01454	0.01438	0.02447	0.21880	0.05088	0.06602	0.03510	0.02322	0.01088	0.00779	0.00258	0.00728	0.12299	0.00569	0.00895
11	0.02222	0.49086	0.03177	0.01471	0.02004	0.27682	0.01302	0.02439	0.01688	0.01735	0.01051	0.01218	0.00934	0.00668	0.00535	0.00167	0.00970	0.00417	0.00334	0.00900
12	0.01547	0.03562	0.64699	0.02154	0.06254	0.01665	0.02599	0.02349	0.01562	0.05053	0.01371	0.01585	0.00967	0.00697	0.00694	0.00229	0.01046	0.00550	0.00333	0.01084
13	0.06513	0.02999	0.45463	0.02165	0.10080	0.05615	0.04440	0.02223	0.01619	0.02405	0.08311	0.01944	0.01556	0.00767	0.00699	0.00226	0.00962	0.00627	0.00379	0.01008
14	0.01425	0.04148	0.10454	0.01317	0.01699	0.05186	0.03419	0.01949	0.07752	0.06216	0.23536	0.07776	0.11427	0.01345	0.00814	0.00244	0.00625	0.09203	0.00641	0.00822
15	0.00886	0.00633	0.00843	0.01012	0.01054	0.00590	0.00675	0.01012	0.01392	0.01856	0.04006	0.73979	0.04808	0.02277	0.00928	0.00295	0.00422	0.02066	0.00675	0.00590
16	0.02763	0.02036	0.02182	0.01672	0.02254	0.02254	0.01382	0.67496	0.03418	0.04581	0.01745	0.01745	0.01236	0.00873	0.00727	0.00218	0.00800	0.00654	0.00727	0.01236
17	0.01785	0.01920	0.05972	0.19875	0.37201	0.11919	0.01989	0.02170	0.01620	0.02096	0.01304	0.01770	0.01071	0.00793	0.00834	0.04793	0.00952	0.00614	0.00348	0.00972
18	0.01388	0.01308	0.02208	0.70218	0.07374	0.01619	0.02026	0.01871	0.01461	0.01876	0.01295	0.01933	0.00976	0.00724	0.00726	0.00241	0.00965	0.00646	0.00324	0.00820
19	0.00896	0.00710	0.00807	0.00856	0.01032	0.00622	0.00623	0.01085	0.01623	0.02040	0.12850	0.26302	0.41925	0.01936	0.00884	0.00261	0.00391	0.03851	0.00688	0.00616
20	0.00899	0.00651	0.00881	0.03045	0.01166	0.00619	0.00713	0.01036	0.01393	0.01856	0.03929	0.71936	0.04699	0.02233	0.00922	0.00294	0.00437	0.02026	0.00665	0.00597
21	0.05844	0.01504	0.05910	0.02613	0.30385	0.04229	0.01599	0.01911	0.01701	0.02401	0.11451	0.04007	0.05852	0.01153	0.00794	0.00248	0.00737	0.16242	0.00511	0.00909
22	0.00886	0.00633	0.00843	0.01012	0.01054	0.00590	0.00675	0.01012	0.01392	0.01856	0.04006	0.73979	0.04808	0.02277	0.00928	0.00295	0.00422	0.02066	0.00675	0.00590
23	0.02763	0.02036	0.02182	0.01672	0.02254	0.02254	0.01382	0.67496	0.03418	0.04581	0.01745	0.01745	0.01236	0.00873	0.00727	0.00218	0.00800	0.00654	0.00727	0.01236
24	0.01373	0.01292	0.02180	0.72707	0.05006	0.01615	0.02019	0.01857	0.01453	0.01857	0.01292	0.01938	0.00969	0.00727	0.00727	0.00242	0.00969	0.00646	0.00323	0.00807
25	0.01992	0.01577	0.01853	0.04525	0.05249	0.05458	0.04561	0.23819	0.12438	0.06970	0.02509	0.21045	0.02326	0.01227	0.00785	0.00244	0.00715	0.01057	0.00654	0.00996
26	0.02573	0.16635	0.02382	0.01757	0.02177	0.58875	0.01375	0.02769	0.01952	0.01766	0.01103	0.01284	0.00936	0.00726	0.00621	0.00181	0.01212	0.00454	0.00363	0.00859
27	0.01799	0.01727	0.02950	0.04462	0.69919	0.01727	0.02231	0.02231	0.01655	0.02375	0.01367	0.01799	0.01151	0.00648	0.00720	0.00216	0.00864	0.00648	0.00360	0.01151
28	0.01151	0.00907	0.01166	0.04989	0.01429	0.00899	0.00832	0.01567	0.05587	0.02658	0.47215	0.04629	0.08976	0.03528	0.00980	0.00240	0.04128	0.01146	0.00697	0.07276
29	0.01455	0.01357	0.02227	0.53377	0.15991	0.01601	0.01944	0.02011	0.05252	0.02064	0.04668	0.02124	0.01353	0.00764	0.00732	0.00237	0.00899	0.00688	0.00375	0.00881
30	0.02763	0.02036	0.02182	0.01672	0.02254	0.02254	0.01382	0.67496	0.03418	0.04581	0.01745	0.01745	0.01236	0.00873	0.00727	0.00218	0.00800	0.00654	0.00727	0.01236
31	0.03185	0.01220	0.01663	0.01280	0.01829	0.01055	0.01055	0.03468	0.02080	0.68119	0.05143	0.02575	0.01972	0.00920	0.00735	0.00225	0.00609	0.00751	0.00896	0.01218
32	0.00991	0.00709	0.00924	0.01059	0.01132	0.00682	0.00738	0.03711	0.01486	0.01977	0.03843	0.62984	0.04536	0.04692	0.01022	0.00310	0.00468	0.07450	0.00668	0.00618
33	0.01764	0.03077	0.49779	0.01947	0.02857	0.01629	0.05883	0.08239	0.01800	0.09962	0.05000	0.01878	0.01358	0.00766	0.00716	0.00229	0.00971	0.00626	0.00438	0.01082
34	0.00890	0.00658	0.00845	0.00977	0.01057	0.00612	0.00669	0.01034	0.01421	0.01863	0.04425	0.59170	0.15001	0.02390	0.04987	0.00338	0.00501	0.01907	0.00658	0.00598
35	0.01075	0.00765	0.00995	0.00984	0.01042	0.00841	0.00676	0.01198	0.01117	0.01571	0.02104	0.03805	0.02221	0.41352	0.31759	0.00870	0.03704	0.00917	0.02457	0.00545
36	0.01698	0.12951	0.05244	0.34754	0.18897	0.01820	0.01865	0.02229	0.05613	0.06031	0.01459	0.01848	0.01127	0.00717	0.00684	0.00222	0.00875	0.00618	0.00388	0.00962
37	0.02669	0.01974	0.02119	0.01644	0.02202	0.02184	0.01350	0.63128	0.05575	0.04439	0.01861	0.04164	0.01388	0.00923	0.00734	0.00222	0.00780	0.00707	0.00726	0.01212
38	0.01171	0.00837	0.01171	0.01339	0.01506	0.00837	0.01171	0.01506	0.01673	0.02175	0.03849	0.08199	0.04183	0.02008	0.01004	0.00335	0.00669	0.65027	0.00669	0.00669
39	0.01484	0.06875	0.37442	0.13058	0.07490	0.01674	0.05229	0.02235	0.06638	0.02232	0.01932	0.02161	0.06821	0.00805	0.00711	0.00230	0.00937	0.00673	0.00380	0.00992
40	0.01049	0.00716	0.00849	0.00902	0.00942	0.00711	0.00572	0.01178	0.03188	0.01679	0.02889	0.24427	0.03302	0.44778	0.02547	0.00533	0.00604	0.05007	0.03601	0.00526
41	0.02387	0.01543	0.01764	0.01446	0.01889	0.01629	0.01168	0.38495	0.02647	0.15558	0.02433	0.11316	0.02107	0.05385	0.00948	0.00267	0.00705	0.06521	0.00730	0.01063
42	0.71788	0.04514	0.01249	0.01010	0.01475	0.01720	0.00842	0.06014	0.01376	0.03275	0.01056	0.01214	0.00820	0.00684	0.00467	0.00222	0.00585	0.00409	0.00460	0.00820
43	0.00892	0.00638	0.00850	0.01008	0.01056	0.00595	0.00675	0.01029	0.01423	0.01906	0.07107	0.70736	0.04905	0.02240	0.00924	0.00292	0.00418	0.02031	0.00681	0.00595
44	0.01543	0.01478	0.02664	0.18961	0.16194	0.01544	0.20768	0.04206	0.01638	0.02265	0.03788	0.10678	0.01740	0.00921	0.00846	0.00242	0.03807	0.00900	0.04917	0.00902
45	0.01726	0.01309	0.01546	0.01117	0.01752	0.01018	0.00898	0.03971	0.01624	0.09480	0.01469	0.01615	0.01156	0.00586	0.00564	0.00123	0.00554	0.00468	0.00488	0.68536
46	0.02455	0.21136	0.06503	0.01703	0.02205	0.42028	0.01436	0.10434	0.02047	0.02128	0.01180	0.01340	0.00971	0.00729	0.00619	0.00186	0.01103	0.00475	0.00397	0.00926
47	0.04567	0.01020	0.01246	0.01134	0.01426	0.00976	0.00859	0.10225	0.01892	0.17752	0.10502	0.31900	0.07335	0.01550	0.00813	0.00249	0.00513	0.01348	0.00727	0.03963
48	0.01575	0.01567	0.02197	0.01888	0.01891	0.02189	0.01571	0.01737	0.01115	0.01748	0.00982	0.01626	0.00979	0.01390	0.04336	0.00342	0.71117	0.00640	0.00320	0.00791
49	0.05874	0.01267	0.01680	0.01293	0.01852	0.01123	0.01068	0.05397	0.02091	0.66152	0.02770	0.02408	0.01748	0.00891	0.00721	0.00225	0.00622	0.00717	0.00879	0.01222
50	0.01305	0.00680	0.00709	0.00717	0.00869	0.00683	0.00526	0.01611	0.01479	0.02559	0.02429	0.06206	0.02046	0.05353	0.03132	0.00240	0.00419	0.00769	0.67609	0.00659
51	0.02715	0.03464	0.02060	0.01873	0.02247	0.71536	0.01404	0.02903	0.02060	0.01779	0.01124	0.01311	0.00936	0.00749	0.00655	0.00187	0.01311	0.00468	0.00375	0.00843
52	0.02792	0.01990	0.02153	0.01650	0.02231	0.02185	0.01363	0.63775	0.03340	0.08412	0.01811	0.01788	0.01269	0.00874	0.00727	0.00219	0.00789	0.00659	0.00737	0.01236
53	0.00913	0.00644	0.00835	0.00977	0.01012	0.00609	0.00637	0.01019	0.01337	0.01783	0.03728	0.62748	0.04456	0.13988	0.01378	0.00362	0.00468	0.01903	0.00637	0.00566
54	0.00884	0.00640	0.00836	0.00992	0.01049	0.00592	0.00666	0.01014	0.01411	0.01863	0.04250	0.69123	0.09507	0.02246	0.00923	0.00292	0.00418	0.02028	0.00675	0.00592
55	0.02815	0.01954	0.02131	0.01633	0.02213	0.02132	0.01349	0.60913	0.03280	0.11358	0.01861	0.01820	0.01294	0.00875	0.00728	0.00219	0.00781	0.00662	0.00745	0.01236
56	0.06144	0.00992	0.01001	0.00893	0.01161	0.01048	0.00699	0.14896	0.01887	0.03116	0.02168	0.02429	0.01676	0.00842	0.00549	0.00182	0.00444	0.00657	0.58421	0.00796
57	0.00895	0.00640	0.00855	0.01023	0.01070	0.00599	0.00692	0.01029	0.01401	0.01866	0.04001	0.71741	0.04786	0.02268	0.00930	0.00297	0.00430	0.04209	0.00675	0.00593
58	0.01011	0.00736	0.00935	0.01042	0.01143	0.00703	0.00734	0.04758	0.01573	0.02085	0.07266	0.57809	0.09586	0.02113	0.00912	0.00286	0.00449	0.05539	0.00683	0.00637
59	0.01373	0.01292	0.02180	0.72707	0.05006	0.01615	0.02019	0.01857	0.01453	0.01857	0.01292	0.01938	0.00969	0.00727	0.00727	0.00242	0.00969	0.00646	0.00323	0.00807
60	0.02613	0.03210	0.02166	0.02159	0.09948	0.60826	0.01498	0.05405	0.02068	0.01959	0.01176	0.01384	0.00973	0.00742	0.00666	0.00192	0.01240	0.00496	0.00387	0.00894
61	0.50339	0.05847	0.10236	0.04533	0.06825	0.01731	0.06810	0.02170	0.01366	0.02857	0.01123	0.01365	0.00872	0.00669	0.00545	0.00223	0.00731	0.00479	0.00406	0.00873
62	0.01267	0.07532	0.05432	0.06675	0.01721	0.05920	0.01098	0.01527	0.01531	0.01955	0.06134	0.27193	0.03439	0.08029	0.01098	0.00310	0.00676	0.17208	0.00559	0.00693
63	0.00991	0.00777	0.00891	0.00986	0.01071	0.03477	0.00669	0.01136	0.01483	0.01933	0.11252	0.49555	0.11125	0.09658	0.01193	0.00322	0.00473	0.01760	0.00652	0.00598
64	0.01905	0.50532	0.12743	0.01640	0.02337	0.02470	0.11701	0.02282	0.01550	0.05137	0.01209	0.01401	0.00999	0.00643	0.00570	0.00183	0.00879	0.00498	0.00347	0.00974
65	0.01930	0.38242	0.06256	0.01889	0.12515	0.14467	0.01459	0.02211	0.01594	0.01867	0.01458	0.01686	0.04498	0.00927	0.03437	0.00224	0.03531	0.00533	0.00351	0.00925
66	0.13750	0.01168	0.01457	0.01190	0.01659	0.01083	0.00975	0.02958	0.01877	0.48439	0.04631	0.05563	0.02060	0.00998	0.00705	0.00231	0.00581	0.04326	0.05281	0.01067
67	0.00934	0.00656	0.00846	0.00979	0.01017	0.00625	0.00645	0.01042	0.01332	0.01773	0.03634	0.56570	0.04321	0.17652	0.01522	0.00384	0.00492	0.04391	0.00625	0.00562
68	0.01538	0.01634	0.07498	0.36408	0.19372	0.01654	0.05762	0.02234	0.10003	0.02191	0.01709	0.02123	0.03188	0.00764	0.00736	0.00236	0.00900	0.00699	0.00396	0.00955
69	0.01090	0.00859	0.01002	0.00951	0.01149	0.02600	0.00713	0.01502	0.05983	0.02718	0.52458	0.07754	0.15448	0.01515	0.00848	0.00233	0.00389	0.01320	0.00763	0.00704
70	0.01057	0.00705	0.00793	0.00793	0.00793	0.00705	0.00440	0.01057	0.01057	0.01409	0.02290	0.04757	0.02643	0.74454	0.03700	0.00705	0.00705	0.01057	0.00440	0.00440
71	0.01924	0.06133	0.41725	0.02114	0.07897	0.14629	0.02179	0.06869	0.01796	0.06130	0.01381	0.01565	0.01012	0.00719	0.00682	0.00217	0.01046	0.00546	0.00385	0.01052
72	0.01467	0.01044	0.01137	0.01009	0.01181	0.01086	0.00689	0.17813	0.01715	0.02267	0.02678	0.04229	0.09222	0.48378	0.02656	0.00534	0.00694	0.01005	0.00537	0.00659
73	0.01194	0.00869	0.01183	0.01331	0.01507	0.00881	0.01146	0.01618	0.05516	0.02210	0.03805	0.11035	0.04100	0.01962	0.00985	0.00328	0.00652	0.58311	0.00674	0.00693
74	0.01667	0.01593	0.02713	0.25529	0.49880	0.01693	0.02165	0.02116	0.01593	0.02215	0.01344	0.01842	0.01095	0.00672	0.00722	0.00224	0.00896	0.00647	0.00348	0.01045
75	0.02171	0.04618	0.05369	0.15281	0.10772	0.04022	0.01527	0.12933	0.11563	0.17630	0.02070	0.05457	0.01572	0.00884	0.00724	0.00229	0.00779	0.00737	0.00595	0.01069
76	0.02260	0.06279	0.02489	0.02754	0.28605	0.19444	0.01681	0.19714	0.02216	0.02760	0.01605	0.01816	0.03605	0.00775	0.00696	0.00207	0.00936	0.00622	0.00470	0.01065
77	0.12120	0.05683	0.39392	0.06327	0.12971	0.01739	0.04435	0.02302	0.04217	0.02424	0.01334	0.01597	0.00999	0.00691	0.00663	0.00226	0.00941	0.00557	0.00355	0.01026
78	0.01289	0.01218	0.01161	0.05283	0.01536	0.11780	0.00904	0.03698	0.01705	0.02041	0.06606	0.25406	0.24513	0.01707	0.00851	0.00259	0.00611	0.08136	0.00613	0.00683
79	0.01758	0.01344	0.01483	0.01327	0.01690	0.01474	0.01029	0.08413	0.40202	0.07862	0.10915	0.09995	0.06948	0.01203	0.00777	0.00245	0.00543	0.01020	0.00747	0.01024
80	0.01892	0.01587	0.01686	0.01496	0.01917	0.01821	0.01178	0.11011	0.58554	0.03182	0.02856	0.02818	0.02184	0.01013	0.00749	0.00247	0.00605	0.03330	0.00735	0.01141
81	0.69238	0.01418	0.01301	0.07654	0.01834	0.01638	0.03583	0.02119	0.01276	0.03094	0.01056	0.01282	0.00817	0.00677	0.00492	0.00227	0.00627	0.00436	0.00435	0.00797
82	0.01590	0.01590	0.02226	0.01908	0.01908	0.02226	0.01590	0.01749	0.01113	0.01749	0.00954	0.01590	0.00954	0.01272	0.02385	0.00318	0.73123	0.00636	0.00318	0.00795
83	0.02039	0.01676	0.01774	0.01526	0.01978	0.01916	0.01207	0.19279	0.52813	0.03414	0.02665	0.02478	0.01981	0.00959	0.00737	0.00240	0.00630	0.00781	0.00737	0.01171
84	0.01076	0.00802	0.01179	0.01168	0.01295	0.00943	0.00911	0.01336	0.01186	0.01747	0.01935	0.02802	0.01789	0.05045	0.65128	0.01082	0.04422	0.00768	0.04730	0.00656
85	0.02686	0.02082	0.02133	0.01669	0.02225	0.06250	0.01365	0.58786	0.08412	0.04298	0.01803	0.01795	0.01295	0.00874	0.00724	0.00219	0.00812	0.00657	0.00708	0.01207
86	0.00884	0.00640	0.00836	0.00993	0.01049	0.00592	0.00666	0.01014	0.01410	0.01863	0.04237	0.69385	0.09254	0.02247	0.00923	0.00292	0.00418	0.02030	0.00675	0.00592
87	0.00940	0.00745	0.00846	0.00862	0.01067	0.00659	0.00660	0.01169	0.01713	0.02166	0.19446	0.09434	0.43853	0.03937	0.00963	0.00269	0.00413	0.09536	0.00693	0.00630
88	0.00886	0.00633	0.00843	0.01012	0.01054	0.00590	0.00675	0.01012	0.01392	0.01856	0.04006	0.73979	0.04808	0.02277	0.00928	0.00295	0.00422	0.02066	0.00675	0.00590
89	0.01758	0.01689	0.02926	0.04200	0.62132	0.01682	0.05954	0.02195	0.01660	0.02361	0.01516	0.02177	0.01323	0.00724	0.00744	0.00224	0.00873	0.04369	0.00378	0.01114
90	0.07702	0.01247	0.01651	0.01274	0.01829	0.01101	0.01052	0.03461	0.02031	0.66516	0.02760	0.02399	0.01740	0.00887	0.00715	0.00225	0.00615	0.00711	0.00874	0.01211
91	0.01009	0.00735	0.00903	0.00868	0.01050	0.00668	0.00648	0.01313	0.01926	0.02678	0.51068	0.07631	0.19280	0.01545	0.00840	0.00231	0.00350	0.01345	0.05247	0.00668
92	0.03140	0.01417	0.04452	0.01362	0.01946	0.01212	0.01164	0.09923	0.02193	0.61123	0.02693	0.02364	0.01708	0.00889	0.00729	0.00224	0.00655	0.00716	0.00859	0.01231
93	0.02030	0.25924	0.13399	0.01948	0.10038	0.13612	0.01637	0.10873	0.01847	0.02309	0.03313	0.01562	0.01181	0.00768	0.00761	0.00203	0.06676	0.00538	0.00397	0.00987
94	0.02306	0.01109	0.01404	0.01170	0.01570	0.01041	0.00928	0.04967	0.08254	0.37268	0.10822	0.06108	0.07323	0.04333	0.03458	0.00283	0.00600	0.00926	0.05120	0.01010
95	0.03516	0.01689	0.05090	0.19990	0.13913	0.01750	0.25647	0.02049	0.01508	0.02114	0.01316	0.01860	0.01052	0.00829	0.01087	0.04015	0.10607	0.00712	0.00347	0.00906
96	0.76378	0.01432	0.01115	0.00986	0.01441	0.01657	0.00812	0.04868	0.01328	0.03317	0.01043	0.01204	0.00806	0.00683	0.00461	0.00225	0.00572	0.00405	0.00461	0.00806
97	0.01388	0.00867	0.00900	0.00865	0.01034	0.03216	0.00638	0.05242	0.01526	0.02438	0.02218	0.02927	0.01903	0.12209	0.11827	0.00403	0.00696	0.00740	0.48289	0.00676
98	0.01899	0.52762	0.13990	0.01422	0.02068	0.07572	0.01459	0.04200	0.01584	0.01903	0.01229	0.04698	0.01124	0.00728	0.00545	0.00178	0.00847	0.00505	0.00345	0.00942
99	0.02726	0.01668	0.01998	0.03511	0.05905	0.01748	0.01314	0.35591	0.06018	0.25797	0.02149	0.02081	0.01480	0.01038	0.03312	0.00257	0.00779	0.00692	0.00741	0.01195
100	0.03205	0.01327	0.01743	0.01336	0.01901	0.01202	0.01104	0.10759	0.02231	0.62994	0.02741	0.02392	0.01736	0.00897	0.00731	0.00224	0.00639	0.00722	0.00880	0.01237
101	0.00946	0.00701	0.00922	0.01094	0.03331	0.00655	0.00725	0.01104	0.01463	0.01936	0.07961	0.52799	0.11878	0.06314	0.01074	0.00309	0.00455	0.05062	0.00658	0.00612
102	0.04508	0.09720	0.16212	0.18853	0.05468	0.18841	0.09276	0.02289	0.01639	0.02026	0.01262	0.01632	0.00994	0.00867	0.03234	0.00250	0.01101	0.00575	0.00344	0.00907
103	0.01166	0.00850	0.01135	0.01267	0.01440	0.00851	0.01081	0.01539	0.04309	0.02150	0.03991	0.07690	0.09004	0.06128	0.01138	0.00346	0.00645	0.53939	0.00659	0.00671
104	0.01056	0.00708	0.00811	0.00811	0.00817	0.00714	0.00463	0.01069	0.01062	0.01423	0.02274	0.04666	0.02603	0.71148	0.06952	0.00727	0.00764	0.01044	0.00438	0.00450
105	0.01812	0.05704	0.08348	0.27597	0.06415	0.03321	0.05492	0.07726	0.01810	0.11227	0.06505	0.02605	0.01763	0.00892	0.00745	0.00236	0.00860	0.05510	0.00496	0.00939
106	0.04740	0.06619	0.50705	0.02233	0.11447	0.01699	0.02358	0.02377	0.01578	0.07636	0.01409	0.01610	0.01014	0.00698	0.00677	0.00224	0.00977	0.00554	0.00366	0.01079
107	0.01092	0.00755	0.00974	0.01067	0.01152	0.00741	0.00745	0.06104	0.01504	0.02004	0.03475	0.54376	0.04048	0.05020	0.01223	0.08394	0.00498	0.05587	0.00632	0.00610
108	0.10127	0.02669	0.41994	0.04078	0.02501	0.01472	0.01923	0.05117	0.01615	0.02429	0.02614	0.02710	0.15906	0.00950	0.00703	0.00233	0.00846	0.00748	0.00424	0.00940
109	0.16843	0.05803	0.04067	0.16201	0.09187	0.01720	0.01423	0.15209	0.01893	0.05589	0.07590	0.04597	0.01702	0.00888	0.00754	0.00230	0.04162	0.00695	0.00510	0.00938
110	0.01926	0.22745	0.21829	0.01758	0.05475	0.12196	0.01685	0.11220	0.01816	0.02302	0.01344	0.01656	0.01110	0.03744	0.05969	0.00287	0.01030	0.00544	0.00389	0.00973
111	0.05057	0.01487	0.01845	0.05442	0.13290	0.01545	0.01277	0.24453	0.02177	0.03158	0.04486	0.02062	0.01522	0.01126	0.05869	0.00266	0.00776	0.00647	0.10387	0.13126

[dist]
# distance from previous block
# <min> <max>
0	1

[block]
# block no. 1 follows, 28 sequences, length 137
# corresponding to MSA columns:
# 346-482
name=unknown_B
#
# <colnr> <probs for GDERKNQSTAVLIFYWHMCP>
#	G	D	E	R	K	N	Q	S	T	A	V	L	I	F	Y	W	H	M	C	P
0	0.05431	0.04154	0.11392	0.03488	0.01891	0.03799	0.05244	0.01856	0.01601	0.08870	0.11437	0.14703	0.07836	0.03404	0.02794	0.00286	0.06924	0.03520	0.00552	0.00816
1	0.06281	0.01582	0.02319	0.27468	0.24722	0.05179	0.04239	0.02233	0.08566	0.02240	0.01579	0.05030	0.01318	0.00809	0.00777	0.00236	0.03358	0.00710	0.00405	0.00950
2	0.01893	0.06275	0.13136	0.02706	0.28395	0.09542	0.01813	0.11404	0.04839	0.02555	0.02061	0.02244	0.08311	0.00836	0.00710	0.00216	0.00868	0.00697	0.00451	0.01048
3	0.06231	0.27589	0.02974	0.02215	0.17466	0.03791	0.09304	0.03840	0.01555	0.02157	0.01300	0.01648	0.01112	0.01008	0.05281	0.00264	0.06102	0.00572	0.04649	0.00944
4	0.01266	0.00770	0.00898	0.00861	0.00963	0.00735	0.00554	0.01341	0.01292	0.08780	0.04912	0.04952	0.11401	0.52694	0.02844	0.00568	0.00641	0.03428	0.00537	0.00561
5	0.01943	0.74891	0.03809	0.01244	0.01866	0.02876	0.01244	0.02177	0.01477	0.01710	0.01011	0.01166	0.00933	0.00622	0.00466	0.00155	0.00777	0.00389	0.00311	0.00933
6	0.01816	0.01071	0.01554	0.01279	0.01653	0.00983	0.07805	0.02244	0.05696	0.23556	0.27876	0.04295	0.12474	0.01249	0.00817	0.00236	0.00548	0.03183	0.00762	0.00903
7	0.00935	0.00739	0.00842	0.00816	0.01028	0.00646	0.00612	0.01190	0.01836	0.02389	0.35156	0.06296	0.41567	0.01682	0.00858	0.00238	0.00357	0.01436	0.00731	0.00646
8	0.01158	0.00752	0.00993	0.00966	0.01135	0.00691	0.00711	0.01443	0.01896	0.07615	0.48593	0.21997	0.05985	0.01637	0.00865	0.00245	0.00382	0.01456	0.00777	0.00703
9	0.01040	0.00771	0.01129	0.01129	0.01245	0.00887	0.00860	0.01273	0.01157	0.01658	0.01983	0.03055	0.01904	0.12680	0.64463	0.01120	0.01817	0.00808	0.00395	0.00627
10	0.02686	0.03403	0.02047	0.01860	0.02236	0.69299	0.01396	0.02933	0.04195	0.01820	0.01182	0.01356	0.00977	0.00757	0.00658	0.00189	0.01287	0.00480	0.00386	0.00853
11	0.01741	0.01486	0.01594	0.01465	0.01850	0.01706	0.01153	0.03616	0.61594	0.02950	0.03052	0.03287	0.02425	0.01093	0.00767	0.00256	0.00585	0.07548	0.00732	0.01100
12	0.01357	0.00863	0.01171	0.01243	0.01460	0.00829	0.01063	0.01674	0.01751	0.09572	0.10132	0.07224	0.09726	0.01826	0.00949	0.00305	0.00608	0.46812	0.00707	0.00727
13	0.00871	0.00715	0.00767	0.00801	0.01001	0.00611	0.00583	0.01048	0.01615	0.01975	0.08854	0.21049	0.53754	0.01920	0.00874	0.00255	0.00379	0.01638	0.00679	0.00611
14	0.02662	0.01911	0.02069	0.01618	0.02174	0.02106	0.01326	0.53842	0.12661	0.09033	0.01999	0.01935	0.01417	0.00891	0.00729	0.00223	0.00755	0.00684	0.00741	0.01224
15	0.00889	0.00712	0.00795	0.00828	0.01014	0.00618	0.00601	0.01081	0.01647	0.02068	0.15091	0.23181	0.45123	0.01899	0.00876	0.00255	0.00378	0.01634	0.00692	0.00618
16	0.01347	0.00731	0.00753	0.00735	0.00886	0.00739	0.00526	0.03897	0.01501	0.02525	0.02333	0.03072	0.01992	0.15091	0.01133	0.00275	0.00426	0.00750	0.60638	0.00651
17	0.46351	0.01346	0.01423	0.08747	0.05946	0.01470	0.01056	0.02416	0.01488	0.18349	0.01538	0.01651	0.01100	0.00736	0.00561	0.00224	0.00627	0.00523	0.03538	0.00909
18	0.01627	0.09342	0.06774	0.30716	0.33384	0.01801	0.02071	0.02083	0.01550	0.02098	0.01297	0.01771	0.01043	0.00679	0.00694	0.00221	0.00908	0.00613	0.00337	0.00989
19	0.01511	0.04634	0.13236	0.01226	0.01648	0.01094	0.01152	0.04072	0.04328	0.11302	0.29890	0.04189	0.10861	0.01290	0.00849	0.02385	0.00574	0.04240	0.00669	0.00851
20	0.02573	0.07538	0.02257	0.02106	0.09314	0.60132	0.01481	0.02789	0.01983	0.01837	0.01142	0.01353	0.00959	0.00731	0.00651	0.00188	0.01232	0.00482	0.00369	0.00880
21	0.02435	0.13543	0.02314	0.04576	0.04722	0.48967	0.01409	0.06115	0.01964	0.01939	0.01197	0.01433	0.01005	0.00969	0.04209	0.00237	0.01208	0.00496	0.00382	0.00877
22	0.01230	0.00647	0.00950	0.00942	0.00966	0.00639	0.00639	0.01006	0.01103	0.01494	0.10827	0.02661	0.02047	0.02380	0.02563	0.67836	0.00591	0.00727	0.00384	0.00368
23	0.04198	0.06627	0.01642	0.05231	0.01728	0.01175	0.06592	0.05520	0.01781	0.04632	0.24829	0.03882	0.12617	0.02004	0.13937	0.00401	0.00832	0.01007	0.00592	0.00774
24	0.01600	0.05509	0.37295	0.02643	0.13581	0.01752	0.19885	0.02276	0.01599	0.02301	0.01348	0.01676	0.01012	0.00655	0.00726	0.00225	0.01052	0.00631	0.00336	0.03897
25	0.02215	0.01353	0.01570	0.01333	0.01776	0.01396	0.01073	0.09900	0.26498	0.23675	0.03043	0.03165	0.06092	0.01053	0.00744	0.00235	0.00594	0.05670	0.04684	0.03933
26	0.01478	0.03363	0.57714	0.02189	0.03172	0.01672	0.12753	0.02259	0.01558	0.02290	0.01429	0.04247	0.01091	0.00736	0.00726	0.00235	0.01074	0.00643	0.00330	0.01042
27	0.04031	0.01325	0.02189	0.47327	0.19208	0.01538	0.01881	0.01856	0.01439	0.01959	0.01297	0.01910	0.01035	0.00895	0.00937	0.08471	0.00896	0.00637	0.00335	0.00833
28	0.00924	0.00749	0.00825	0.00851	0.01049	0.00668	0.00620	0.01192	0.04557	0.02082	0.12702	0.22228	0.45238	0.01869	0.00870	0.00255	0.00387	0.01605	0.00690	0.00639
29	0.01263	0.00631	0.00947	0.00947	0.00947	0.00631	0.00631	0.00947	0.00947	0.01263	0.01263	0.02210	0.01263	0.02525	0.02841	0.78851	0.00631	0.00631	0.00316	0.00316
30	0.01593	0.01566	0.02217	0.45389	0.15904	0.08051	0.01896	0.02145	0.06321	0.02042	0.01537	0.02226	0.01249	0.00798	0.00734	0.00237	0.00939	0.03886	0.00381	0.00889
31	0.01896	0.03653	0.01750	0.05904	0.08984	0.06829	0.01195	0.18254	0.02158	0.07876	0.11506	0.06151	0.11015	0.01102	0.00784	0.00223	0.02592	0.00901	0.06299	0.00928
32	0.01068	0.00777	0.01044	0.01192	0.01339	0.00753	0.00983	0.01336	0.01605	0.02076	0.04295	0.23510	0.11944	0.02052	0.00969	0.00315	0.00576	0.42852	0.00671	0.00644
33	0.01783	0.01889	0.05971	0.03756	0.47326	0.04607	0.13278	0.02333	0.05261	0.02361	0.01530	0.03820	0.01281	0.00711	0.00746	0.00224	0.00926	0.00720	0.00388	0.01091
34	0.07972	0.16420	0.37180	0.01870	0.05512	0.01887	0.04330	0.06164	0.01628	0.05002	0.01352	0.01575	0.01024	0.00916	0.03993	0.00259	0.00981	0.00540	0.00375	0.01021
35	0.02532	0.17466	0.02442	0.01834	0.04594	0.53085	0.01402	0.04960	0.01977	0.01883	0.01131	0.01315	0.00954	0.00725	0.00623	0.00183	0.01172	0.00465	0.00374	0.00885
36	0.68604	0.09127	0.01397	0.01013	0.01485	0.01784	0.00857	0.04566	0.01343	0.03148	0.01039	0.01200	0.00819	0.00677	0.00462	0.00217	0.00594	0.00403	0.00446	0.00819
37	0.01366	0.01198	0.01859	0.04489	0.01947	0.03876	0.16314	0.01696	0.01521	0.02193	0.04750	0.17883	0.04752	0.01466	0.05182	0.00297	0.07692	0.01063	0.19708	0.00749
38	0.01448	0.01066	0.01199	0.01081	0.01383	0.01086	0.00836	0.06267	0.19589	0.06835	0.25924	0.04582	0.20133	0.01343	0.00798	0.00234	0.00456	0.01137	0.03746	0.00858
39	0.64836	0.01416	0.01342	0.01126	0.01608	0.01569	0.04786	0.02334	0.01377	0.12105	0.01285	0.01399	0.00940	0.00701	0.00511	0.00226	0.00609	0.00466	0.00505	0.00858
40	0.01903	0.01761	0.01687	0.01520	0.01928	0.09113	0.01177	0.03762	0.61635	0.02909	0.02766	0.02565	0.02085	0.00961	0.00731	0.00240	0.00652	0.00785	0.00701	0.01118
41	0.01790	0.01841	0.14247	0.13398	0.06137	0.01558	0.07925	0.09155	0.08721	0.10420	0.02386	0.06694	0.07349	0.00979	0.00830	0.00242	0.03971	0.00836	0.00530	0.00989
42	0.00985	0.00737	0.00914	0.00879	0.01061	0.00666	0.00655	0.01283	0.01940	0.02658	0.52882	0.08618	0.20850	0.01598	0.00861	0.00235	0.00352	0.01395	0.00767	0.00666
43	0.01808	0.01561	0.01644	0.01479	0.01890	0.01808	0.01151	0.03863	0.68606	0.03041	0.02959	0.02712	0.02219	0.00986	0.00740	0.00247	0.00575	0.00822	0.00740	0.01151
44	0.01066	0.00770	0.01126	0.01126	0.01259	0.00889	0.00874	0.01332	0.01199	0.01776	0.01984	0.02843	0.01821	0.05055	0.65450	0.01082	0.01808	0.00770	0.07119	0.00651
45	0.01976	0.01558	0.02039	0.34970	0.03415	0.01805	0.01599	0.30418	0.02315	0.03124	0.01591	0.01927	0.01170	0.00802	0.00706	0.00225	0.00836	0.00653	0.07891	0.00982
46	0.00883	0.00642	0.00834	0.00988	0.01048	0.00592	0.00664	0.01015	0.01415	0.01865	0.04306	0.68007	0.10587	0.02238	0.00922	0.00291	0.00417	0.02019	0.00675	0.00592
47	0.00886	0.00633	0.00843	0.01012	0.01054	0.00590	0.00675	0.01012	0.01392	0.01856	0.04006	0.73979	0.04808	0.02277	0.00928	0.00295	0.00422	0.02066	0.00675	0.00590
48	0.00985	0.00741	0.00912	0.00869	0.01059	0.00667	0.00652	0.01288	0.01955	0.02672	0.53667	0.05829	0.22879	0.01577	0.00858	0.00233	0.00349	0.01371	0.00768	0.00667
49	0.02182	0.01522	0.01611	0.01312	0.01735	0.01669	0.01059	0.38341	0.09600	0.03780	0.02086	0.02176	0.01553	0.00876	0.00654	0.00204	0.00619	0.00680	0.27304	0.01036
50	0.01357	0.01156	0.01195	0.01124	0.01422	0.03801	0.00879	0.05933	0.20160	0.02543	0.12611	0.05231	0.30125	0.01482	0.00826	0.00249	0.00515	0.07871	0.00699	0.00821
51	0.01050	0.00702	0.00795	0.00801	0.00803	0.00700	0.00450	0.01055	0.01070	0.01427	0.02357	0.07441	0.02727	0.71655	0.03592	0.00689	0.00694	0.01096	0.00450	0.00446
52	0.01089	0.00748	0.00982	0.00937	0.01109	0.00689	0.00698	0.01407	0.01989	0.05076	0.60428	0.12512	0.06474	0.01549	0.00860	0.00235	0.00360	0.01374	0.00790	0.00694
53	0.09566	0.01304	0.02064	0.65190	0.04629	0.01617	0.01890	0.01887	0.01431	0.02004	0.01263	0.01859	0.00950	0.00721	0.00698	0.00240	0.00926	0.00620	0.00336	0.00805
54	0.01378	0.00733	0.00747	0.00728	0.00895	0.00741	0.00535	0.04160	0.01548	0.02646	0.02339	0.02887	0.01921	0.08559	0.00851	0.00227	0.00395	0.00716	0.67319	0.00674
55	0.48332	0.01705	0.01289	0.01140	0.01552	0.12989	0.00910	0.08836	0.01633	0.03076	0.01294	0.01472	0.01007	0.00731	0.00520	0.00210	0.00678	0.00472	0.11329	0.00827
56	0.01660	0.01920	0.05958	0.12791	0.03949	0.01803	0.56226	0.02262	0.01674	0.02262	0.01441	0.01945	0.01079	0.00631	0.00835	0.00244	0.01185	0.00819	0.00360	0.00959
57	0.02217	0.02324	0.01838	0.01627	0.01963	0.33422	0.01263	0.15383	0.04628	0.02396	0.01529	0.01850	0.01269	0.01839	0.16208	0.00416	0.05314	0.00603	0.03029	0.00883
58	0.09643	0.03513	0.63394	0.01955	0.02964	0.01682	0.02487	0.02285	0.01504	0.02403	0.01274	0.01498	0.00907	0.00689	0.00665	0.00230	0.01021	0.00522	0.00322	0.01044
59	0.00885	0.00637	0.00839	0.01001	0.01052	0.00591	0.00670	0.01013	0.01402	0.01860	0.04137	0.71382	0.07321	0.02260	0.00925	0.00293	0.00420	0.02046	0.00675	0.00591
60	0.03261	0.01237	0.01687	0.01293	0.01856	0.01068	0.01068	0.03543	0.02081	0.70423	0.02868	0.02474	0.01799	0.00900	0.00731	0.00225	0.00619	0.00731	0.00900	0.01237
61	0.00889	0.00689	0.00811	0.00884	0.01027	0.00610	0.00624	0.01063	0.01575	0.02013	0.12307	0.38150	0.32744	0.02008	0.00891	0.00267	0.00391	0.01760	0.00688	0.00610
62	0.01839	0.63024	0.10658	0.01326	0.01966	0.02635	0.01375	0.02137	0.01465	0.01771	0.01097	0.01305	0.00984	0.00917	0.04726	0.00224	0.00878	0.00427	0.00315	0.00931
63	0.03197	0.01223	0.01666	0.01282	0.01833	0.01057	0.01057	0.03479	0.02080	0.68462	0.04804	0.02560	0.01946	0.00917	0.00735	0.00225	0.00611	0.00748	0.00897	0.01221
64	0.01038	0.00779	0.01168	0.01168	0.01298	0.00909	0.00909	0.01298	0.01168	0.01687	0.01947	0.02856	0.01817	0.05452	0.71573	0.01168	0.01947	0.00779	0.00389	0.00649
65	0.02050	0.12360	0.07372	0.04505	0.02129	0.12532	0.01379	0.17591	0.06729	0.05275	0.04741	0.09398	0.01795	0.01020	0.00864	0.00227	0.07770	0.00769	0.00532	0.00963
66	0.01483	0.03602	0.65176	0.02214	0.06084	0.01696	0.05152	0.02300	0.01547	0.02306	0.01314	0.01563	0.00938	0.00686	0.00698	0.00230	0.01071	0.00554	0.00312	0.01074
67	0.01163	0.00831	0.01162	0.01329	0.01493	0.00830	0.01157	0.01492	0.01665	0.02166	0.03853	0.10053	0.04201	0.02016	0.01002	0.00334	0.00662	0.63252	0.00669	0.00667
68	0.00964	0.00763	0.00905	0.00880	0.01068	0.00704	0.00660	0.01215	0.01797	0.02375	0.34793	0.10997	0.34151	0.01692	0.00920	0.00244	0.03060	0.01441	0.00718	0.00651
69	0.01665	0.01892	0.05298	0.15388	0.05922	0.07316	0.37884	0.02166	0.01630	0.02133	0.01517	0.05519	0.01259	0.00881	0.02615	0.00267	0.04547	0.00820	0.00372	0.00910
70	0.02678	0.03248	0.02050	0.01834	0.02224	0.62544	0.01390	0.09577	0.02178	0.02068	0.01209	0.01395	0.00990	0.00881	0.02460	0.00215	0.01274	0.00495	0.00412	0.00879
71	0.47096	0.01872	0.08807	0.04023	0.11075	0.05983	0.01310	0.07761	0.01568	0.03016	0.01169	0.01382	0.00904	0.00696	0.00557	0.00222	0.00736	0.00478	0.00438	0.00909
72	0.00946	0.00696	0.00849	0.00900	0.01005	0.00651	0.00616	0.01104	0.01487	0.01966	0.15627	0.30351	0.18611	0.16480	0.05008	0.00398	0.00529	0.01557	0.00636	0.00585
73	0.01998	0.02594	0.26785	0.02687	0.23595	0.03869	0.02110	0.22182	0.02161	0.03005	0.01453	0.01675	0.01089	0.00734	0.00710	0.00221	0.00932	0.00605	0.00453	0.01141
74	0.01578	0.01270	0.01497	0.01086	0.01710	0.00963	0.00866	0.01893	0.01533	0.05782	0.01450	0.03661	0.01221	0.00607	0.00559	0.00119	0.00539	0.00493	0.00461	0.72711
75	0.20272	0.11694	0.13570	0.20901	0.02836	0.09459	0.01576	0.02233	0.04267	0.02319	0.01280	0.01579	0.00994	0.00712	0.00605	0.00216	0.00863	0.00522	0.03226	0.00877
76	0.08331	0.20015	0.14092	0.01498	0.02096	0.06892	0.01434	0.13586	0.11478	0.06089	0.01791	0.01865	0.03265	0.00979	0.03383	0.00245	0.00849	0.00594	0.00502	0.01017
77	0.01969	0.59328	0.03446	0.08799	0.02237	0.10293	0.01343	0.02223	0.01539	0.01733	0.01052	0.01263	0.00937	0.00647	0.00514	0.00168	0.00856	0.00424	0.00319	0.00910
78	0.02045	0.01301	0.01500	0.01316	0.01727	0.01361	0.01047	0.03213	0.35479	0.21944	0.05720	0.03591	0.09805	0.01144	0.00773	0.00246	0.00564	0.05383	0.00775	0.01067
79	0.01235	0.00894	0.01195	0.01317	0.01497	0.00908	0.01115	0.04844	0.03976	0.02283	0.03734	0.16403	0.04052	0.01952	0.00971	0.00321	0.00640	0.51283	0.00675	0.00704
80	0.01658	0.02015	0.10227	0.02441	0.05025	0.05962	0.31527	0.02118	0.01520	0.02113	0.01364	0.01872	0.01115	0.01179	0.06764	0.00328	0.18762	0.00729	0.02373	0.00908
81	0.03232	0.01285	0.01716	0.01316	0.01879	0.01139	0.01087	0.07352	0.02160	0.66500	0.02801	0.02431	0.01766	0.00898	0.00731	0.00225	0.00629	0.00726	0.00889	0.01237
82	0.01213	0.00807	0.00982	0.00979	0.01215	0.00723	0.00778	0.01465	0.01758	0.09340	0.16541	0.10566	0.32907	0.01746	0.00883	0.00264	0.00462	0.15950	0.00719	0.00703
83	0.00883	0.00733	0.00772	0.00771	0.00999	0.00622	0.00575	0.01086	0.01701	0.02087	0.15591	0.09271	0.58788	0.01809	0.00861	0.00245	0.00367	0.01524	0.00692	0.00622
84	0.38962	0.01567	0.01471	0.01376	0.05083	0.05620	0.01058	0.16258	0.01870	0.05762	0.01642	0.02216	0.01369	0.00879	0.00607	0.00229	0.00672	0.07267	0.05190	0.00904
85	0.02973	0.01299	0.01685	0.01309	0.01835	0.01195	0.01074	0.12181	0.02263	0.54689	0.09250	0.02663	0.02218	0.00953	0.00743	0.00224	0.00617	0.00778	0.00866	0.01183
86	0.01312	0.00760	0.00856	0.00833	0.00989	0.00795	0.00615	0.04397	0.01471	0.02407	0.02249	0.02987	0.01937	0.12192	0.14883	0.00443	0.00726	0.00750	0.48735	0.00663
87	0.02224	0.01613	0.01774	0.01463	0.01925	0.01768	0.01173	0.29440	0.26764	0.09827	0.11620	0.02670	0.02418	0.01001	0.00750	0.00231	0.00639	0.00813	0.00758	0.01129
88	0.01718	0.01644	0.02804	0.17472	0.57545	0.01706	0.02190	0.02160	0.01617	0.02276	0.01353	0.01826	0.01117	0.00663	0.00721	0.00221	0.00884	0.00647	0.00353	0.01086
89	0.01522	0.13096	0.61910	0.01963	0.02978	0.01844	0.02496	0.02286	0.01527	0.02224	0.01266	0.01486	0.00922	0.00682	0.00661	0.00220	0.01035	0.00518	0.00307	0.01056
90	0.60904	0.01969	0.17718	0.01223	0.01822	0.01644	0.01241	0.02176	0.01308	0.03032	0.01082	0.01265	0.00819	0.00679	0.00507	0.00226	0.00685	0.00428	0.00416	0.00856
91	0.01778	0.01880	0.05502	0.18994	0.46650	0.08260	0.02126	0.02215	0.01644	0.02203	0.01325	0.01773	0.01082	0.00676	0.00714	0.00220	0.00937	0.00626	0.00351	0.01044
92	0.01255	0.00696	0.01037	0.03349	0.01139	0.00737	0.00728	0.01056	0.01007	0.01380	0.01356	0.02263	0.01318	0.02679	0.09629	0.64018	0.02758	0.00648	0.02558	0.00389
93	0.01950	0.65096	0.03532	0.01271	0.01861	0.02713	0.01234	0.06948	0.01602	0.01921	0.01121	0.01309	0.01008	0.00928	0.04722	0.00220	0.00849	0.00432	0.00346	0.00938
94	0.01453	0.05417	0.01350	0.01223	0.01396	0.01083	0.00870	0.08242	0.01713	0.02320	0.03337	0.42948	0.03755	0.12738	0.01357	0.00371	0.00617	0.04211	0.02664	0.02935
95	0.06403	0.01272	0.01678	0.01292	0.01851	0.01132	0.01068	0.05687	0.02092	0.65376	0.02752	0.02396	0.01738	0.00889	0.00719	0.00225	0.00622	0.00714	0.00875	0.01218
96	0.00886	0.00633	0.00843	0.01012	0.01054	0.00590	0.00675	0.01012	0.01392	0.01856	0.04006	0.73979	0.04808	0.02277	0.00928	0.00295	0.00422	0.02066	0.00675	0.00590
97	0.08915	0.02617	0.02140	0.02099	0.11661	0.34902	0.01463	0.22430	0.02349	0.02838	0.01338	0.01501	0.01046	0.00766	0.00669	0.00204	0.01031	0.00544	0.00486	0.01001
98	0.00949	0.00736	0.00863	0.00839	0.01039	0.00651	0.00626	0.01214	0.01858	0.02459	0.39834	0.08429	0.34549	0.01670	0.00860	0.00238	0.00357	0.01437	0.00741	0.00651
99	0.01029	0.00697	0.00820	0.00846	0.00859	0.00697	0.00501	0.01062	0.01115	0.01493	0.02542	0.15528	0.02941	0.59647	0.06684	0.00664	0.00723	0.01202	0.00475	0.00475
100	0.01633	0.01872	0.06017	0.16889	0.03940	0.01805	0.49356	0.02209	0.01632	0.02209	0.01408	0.01927	0.01064	0.00665	0.00889	0.00247	0.04144	0.00796	0.00355	0.00941
101	0.02096	0.21285	0.02470	0.04709	0.10164	0.06981	0.01351	0.22330	0.04528	0.02836	0.01560	0.01768	0.01244	0.01011	0.04429	0.00247	0.00850	0.00584	0.08550	0.01007
102	0.01151	0.00830	0.01143	0.01299	0.01471	0.00822	0.01131	0.01476	0.01672	0.02161	0.04080	0.08120	0.08494	0.01997	0.00994	0.00329	0.00650	0.60844	0.00670	0.00666
103	0.00916	0.00654	0.00878	0.01046	0.01102	0.00616	0.00727	0.01064	0.01421	0.01889	0.03990	0.67088	0.04742	0.02249	0.00936	0.00299	0.00448	0.08662	0.00674	0.00599
104	0.02153	0.15834	0.04648	0.02668	0.26719	0.23918	0.01695	0.05819	0.05823	0.02214	0.01337	0.01573	0.01105	0.00708	0.00653	0.00198	0.00974	0.00551	0.00395	0.01016
105	0.12223	0.06264	0.02165	0.12032	0.11903	0.13351	0.04164	0.13168	0.01896	0.02632	0.03554	0.01806	0.01274	0.00958	0.03469	0.00253	0.03501	0.00606	0.03851	0.00930
106	0.43194	0.06257	0.14998	0.05845	0.09184	0.01697	0.01420	0.02235	0.01408	0.06190	0.01216	0.01423	0.00922	0.00686	0.00556	0.00222	0.00733	0.00480	0.00420	0.00913
107	0.01006	0.01009	0.08209	0.01149	0.01335	0.00759	0.00953	0.01242	0.01457	0.01942	0.03835	0.45486	0.08845	0.06330	0.01077	0.00316	0.00548	0.13233	0.00621	0.00648
108	0.01844	0.01991	0.06273	0.08864	0.51964	0.09035	0.04990	0.02282	0.01680	0.02270	0.01338	0.01752	0.01102	0.00665	0.00718	0.00217	0.00944	0.00632	0.00356	0.01083
109	0.01507	0.01292	0.01507	0.01077	0.01723	0.00969	0.00861	0.01830	0.01507	0.02369	0.01292	0.01507	0.01077	0.00538	0.00538	0.00108	0.00538	0.00431	0.00431	0.78898
110	0.02717	0.03412	0.02064	0.01865	0.02247	0.69006	0.01404	0.05261	0.02110	0.01881	0.01146	0.01327	0.00947	0.00754	0.00658	0.00188	0.01292	0.00475	0.00387	0.00857
111	0.01542	0.01083	0.04968	0.01200	0.01511	0.00888	0.03186	0.04592	0.01673	0.15829	0.03620	0.38312	0.10256	0.01637	0.00832	0.00255	0.00543	0.01450	0.00676	0.05949
112	0.01078	0.00886	0.01125	0.12161	0.01722	0.00887	0.00880	0.01510	0.06668	0.02412	0.31324	0.05254	0.28457	0.01460	0.00829	0.00238	0.00467	0.01254	0.00675	0.00713
113	0.02878	0.01324	0.01685	0.01321	0.01838	0.01246	0.01080	0.13089	0.05634	0.49911	0.09685	0.02685	0.02265	0.00961	0.00744	0.00225	0.00615	0.00785	0.00855	0.01175
114	0.01286	0.00680	0.00712	0.00716	0.00846	0.00678	0.00505	0.01537	0.01418	0.02406	0.02362	0.04945	0.02059	0.14042	0.01168	0.02978	0.00416	0.00780	0.59845	0.00621
115	0.02715	0.03464	0.02060	0.01873	0.02247	0.71536	0.01404	0.02903	0.02060	0.01779	0.01124	0.01311	0.00936	0.00749	0.00655	0.00187	0.01311	0.00468	0.00375	0.00843
116	0.02845	0.01245	0.01612	0.01277	0.01786	0.01142	0.01041	0.05531	0.09073	0.53837	0.07023	0.02864	0.05333	0.00987	0.00745	0.00228	0.00592	0.00811	0.00860	0.01166
117	0.00913	0.00654	0.00868	0.00993	0.01060	0.00609	0.00677	0.01081	0.01519	0.02058	0.16551	0.60857	0.05200	0.02126	0.00914	0.00282	0.00407	0.01923	0.00699	0.00609
118	0.00880	0.00743	0.00765	0.00776	0.01016	0.00628	0.00593	0.01074	0.01658	0.01978	0.07133	0.07075	0.65326	0.01852	0.00869	0.00251	0.00388	0.05705	0.00675	0.00617
119	0.02597	0.03268	0.02077	0.01876	0.02212	0.64275	0.01424	0.02782	0.01961	0.01776	0.01106	0.01340	0.00938	0.00804	0.00837	0.00201	0.08834	0.00486	0.00369	0.00838
120	0.02540	0.01796	0.01950	0.01529	0.02042	0.01961	0.01250	0.54740	0.03082	0.07134	0.03816	0.05588	0.01641	0.00960	0.00725	0.00219	0.00727	0.00749	0.06406	0.01148
121	0.00885	0.00636	0.00840	0.01003	0.01052	0.00591	0.00671	0.01013	0.01400	0.01859	0.04114	0.71831	0.06887	0.02263	0.00926	0.00294	0.00420	0.02049	0.00675	0.00591
122	0.76890	0.01400	0.01090	0.00968	0.01422	0.01611	0.00797	0.02186	0.01267	0.05635	0.01078	0.01227	0.00823	0.00683	0.00460	0.00225	0.00564	0.00406	0.00466	0.00803
123	0.01870	0.01883	0.02811	0.08256	0.58963	0.09033	0.02132	0.02279	0.01686	0.02282	0.01337	0.01756	0.01118	0.00663	0.00713	0.00214	0.00917	0.00629	0.00359	0.01099
124	0.05591	0.01652	0.05832	0.01401	0.01971	0.08544	0.01201	0.05407	0.02061	0.54852	0.02495	0.02230	0.01605	0.00863	0.00711	0.00221	0.00722	0.00678	0.00789	0.01171
125	0.67969	0.01494	0.01232	0.01169	0.04459	0.04491	0.00894	0.02265	0.01345	0.07600	0.01155	0.01299	0.00876	0.00692	0.00489	0.00223	0.00610	0.00430	0.00473	0.00835
126	0.01695	0.02548	0.27758	0.03361	0.36478	0.03964	0.09185	0.02289	0.01631	0.02324	0.01347	0.01704	0.01055	0.00663	0.00721	0.00223	0.00993	0.00624	0.00342	0.01095
127	0.01091	0.00746	0.00979	0.00951	0.01117	0.00691	0.00704	0.01386	0.01897	0.05449	0.50911	0.17098	0.08173	0.01757	0.03488	0.00275	0.00428	0.01408	0.00763	0.00688
128	0.12802	0.02267	0.12132	0.04900	0.33809	0.14315	0.01891	0.02410	0.04568	0.02396	0.01332	0.01630	0.01070	0.00693	0.00667	0.00216	0.00923	0.00571	0.00383	0.01024
