[name]
unknown

[dist]
# distance from previous block
# <min> <max>
0	11

[block]
# block no. 0 follows, 28 sequences, length 21
# corresponding to MSA columns:
# 58-78
name=unknown_A
#
# <colnr> <probs for GDERKNQSTAVLIFYWHMCP>
#	G	D	E	R	K	N	Q	S	T	A	V	L	I	F	Y	W	H	M	C	P
0	0.12180	0.01782	0.14853	0.01560	0.04370	0.05054	0.01432	0.08691	0.01841	0.05293	0.09152	0.04192	0.02685	0.01243	0.00785	0.00260	0.00753	0.22429	0.00571	0.00872
1	0.04787	0.11739	0.26824	0.01589	0.02273	0.01769	0.04019	0.15849	0.04178	0.02802	0.01900	0.02044	0.05085	0.00813	0.00653	0.00212	0.00807	0.00634	0.11025	0.00998
2	0.06848	0.10365	0.37945	0.01848	0.06339	0.01730	0.01962	0.08834	0.01728	0.02554	0.05089	0.05597	0.01490	0.00820	0.00672	0.00219	0.00874	0.00650	0.00414	0.04023
3	0.02091	0.04250	0.05733	0.05401	0.02237	0.12203	0.07241	0.25646	0.02237	0.02922	0.01666	0.02162	0.01376	0.10753	0.01095	0.00273	0.00876	0.00678	0.07203	0.03959
4	0.00985	0.00745	0.00915	0.00955	0.01122	0.00649	0.00670	0.01126	0.01442	0.01916	0.04243	0.44890	0.18787	0.01957	0.00969	0.04745	0.00437	0.01642	0.00621	0.11183
5	0.07380	0.01498	0.02537	0.35459	0.08758	0.01691	0.16041	0.02149	0.06808	0.02203	0.01522	0.02144	0.01211	0.00785	0.00826	0.00247	0.04477	0.02984	0.00390	0.00891
6	0.00977	0.00803	0.00838	0.00812	0.01062	0.00707	0.00613	0.04631	0.01777	0.02183	0.12372	0.08971	0.58163	0.01774	0.00854	0.00244	0.00391	0.01487	0.00689	0.00652
7	0.01588	0.01792	0.08922	0.13523	0.13486	0.01692	0.20167	0.02135	0.05088	0.02176	0.01453	0.01999	0.01194	0.04700	0.01122	0.00262	0.10438	0.00709	0.00376	0.07179
8	0.01666	0.01672	0.09748	0.24143	0.02965	0.01621	0.01561	0.07179	0.25918	0.05372	0.02564	0.02656	0.07928	0.00938	0.00740	0.00240	0.00756	0.00785	0.00557	0.00992
9	0.01055	0.00845	0.04064	0.00901	0.00973	0.00747	0.00608	0.01141	0.01182	0.01605	0.06578	0.11858	0.03012	0.55476	0.06459	0.00633	0.00731	0.01142	0.00479	0.00511
10	0.01788	0.21003	0.30285	0.01840	0.02589	0.04932	0.07796	0.04602	0.08817	0.03992	0.01453	0.01631	0.01115	0.00740	0.00738	0.00217	0.04476	0.00570	0.00392	0.01025
11	0.01775	0.05898	0.28111	0.06583	0.10898	0.06686	0.09021	0.07084	0.01754	0.05986	0.01663	0.08213	0.01394	0.00848	0.00728	0.00229	0.00958	0.00737	0.00422	0.01011
12	0.01299	0.00798	0.00995	0.00979	0.01198	0.00700	0.00716	0.01497	0.01645	0.12810	0.11648	0.34675	0.20905	0.01778	0.00853	0.00255	0.00436	0.01559	0.00712	0.04542
13	0.01413	0.01200	0.01402	0.01050	0.01618	0.00914	0.00826	0.01710	0.01506	0.02299	0.01906	0.08180	0.05653	0.00771	0.00592	0.00133	0.00518	0.00642	0.00467	0.67201
14	0.02549	0.01909	0.02055	0.01629	0.02165	0.02121	0.01338	0.55195	0.12578	0.04243	0.02022	0.02203	0.01522	0.00945	0.00743	0.00228	0.00762	0.03872	0.00726	0.01196
15	0.02678	0.01300	0.01640	0.01250	0.01813	0.01140	0.01023	0.09591	0.02066	0.44521	0.02686	0.02468	0.05789	0.00876	0.00696	0.00200	0.00604	0.00707	0.00765	0.18185
16	0.02004	0.02101	0.19484	0.03395	0.07088	0.04921	0.05669	0.07901	0.06817	0.16767	0.02372	0.05292	0.06684	0.00912	0.00731	0.00224	0.00811	0.00769	0.00560	0.05499
17	0.01547	0.29649	0.20555	0.01560	0.02185	0.01939	0.07392	0.01966	0.01550	0.02029	0.05991	0.04662	0.10690	0.00937	0.00744	0.00212	0.04345	0.00742	0.00404	0.00899
18	0.01057	0.00705	0.00793	0.00793	0.00793	0.00705	0.00440	0.01057	0.01057	0.01409	0.02290	0.04757	0.02643	0.74454	0.03700	0.00705	0.00705	0.01057	0.00440	0.00440
19	0.02268	0.07380	0.25881	0.01617	0.02338	0.01613	0.01678	0.07373	0.12927	0.26336	0.02133	0.02046	0.01464	0.00820	0.00700	0.00225	0.00793	0.00649	0.00614	0.01145
20	0.02668	0.01918	0.02068	0.01607	0.02161	0.02113	0.01320	0.57609	0.08078	0.07453	0.01908	0.01883	0.01356	0.00881	0.00721	0.00219	0.00759	0.00671	0.03398	0.01211

[dist]
# distance from previous block
# <min> <max>
0	1

[block]
# block no. 1 follows, 28 sequences, length 34
# corresponding to MSA columns:
# 80-113
name=unknown_B
#
# <colnr> <probs for GDERKNQSTAVLIFYWHMCP>
#	G	D	E	R	K	N	Q	S	T	A	V	L	I	F	Y	W	H	M	C	P
0	0.00931	0.00768	0.00821	0.00803	0.01038	0.00673	0.00604	0.01218	0.04171	0.02213	0.20959	0.06494	0.53296	0.01731	0.00854	0.00242	0.00370	0.01460	0.00705	0.00649
1	0.01458	0.03760	0.70688	0.02072	0.03146	0.01688	0.02686	0.02302	0.01535	0.02302	0.01304	0.01535	0.00921	0.00691	0.00691	0.00230	0.01074	0.00537	0.00307	0.01074
2	0.01900	0.01446	0.01629	0.01325	0.01779	0.01441	0.01043	0.30939	0.02329	0.03218	0.02228	0.21212	0.02157	0.01158	0.00728	0.00208	0.00624	0.00973	0.00629	0.23032
3	0.01717	0.01676	0.06228	0.21369	0.23590	0.01720	0.01804	0.07959	0.18602	0.02567	0.01867	0.04537	0.01492	0.00832	0.00733	0.00234	0.00811	0.00734	0.00484	0.01043
4	0.02715	0.03464	0.02060	0.01873	0.02247	0.71536	0.01404	0.02903	0.02060	0.01779	0.01124	0.01311	0.00936	0.00749	0.00655	0.00187	0.01311	0.00468	0.00375	0.00843
5	0.01155	0.00765	0.00964	0.00902	0.01068	0.00707	0.00653	0.01418	0.01840	0.06572	0.48468	0.05232	0.10026	0.15443	0.01394	0.00321	0.00430	0.01246	0.00729	0.00667
6	0.01507	0.01292	0.01507	0.01077	0.01723	0.00969	0.00861	0.01830	0.01507	0.02369	0.01292	0.01507	0.01077	0.00538	0.00538	0.00108	0.00538	0.00431	0.00431	0.78898
7	0.07056	0.01245	0.01656	0.01277	0.01833	0.01096	0.01054	0.03473	0.02039	0.67084	0.02775	0.02410	0.01749	0.00889	0.00717	0.00225	0.00616	0.00714	0.00877	0.01215
8	0.01148	0.00771	0.00998	0.00925	0.01124	0.00703	0.00699	0.01477	0.02033	0.06788	0.61556	0.05361	0.10697	0.01475	0.00850	0.00230	0.00361	0.01295	0.00798	0.00713
9	0.01032	0.00699	0.00796	0.00813	0.00827	0.00690	0.00469	0.01052	0.01114	0.01476	0.02656	0.11901	0.05381	0.64363	0.03310	0.00646	0.00663	0.01178	0.00473	0.00462
10	0.01633	0.01558	0.01950	0.24395	0.13975	0.09702	0.01543	0.04676	0.08150	0.02354	0.12746	0.02640	0.04160	0.00929	0.00800	0.00229	0.03593	0.00778	0.03304	0.00887
11	0.74453	0.01398	0.01141	0.05667	0.01642	0.01630	0.00868	0.02118	0.01251	0.03169	0.01031	0.01231	0.00799	0.00678	0.00468	0.00226	0.00589	0.00410	0.00442	0.00789
12	0.01388	0.00733	0.00762	0.00743	0.00925	0.00749	0.00564	0.04095	0.01573	0.02719	0.02323	0.02683	0.01837	0.01116	0.04659	0.00229	0.00449	0.00683	0.71072	0.00696
13	0.01532	0.00958	0.01147	0.01024	0.01326	0.00906	0.00793	0.02073	0.11770	0.15808	0.30082	0.04874	0.22017	0.01393	0.00816	0.00235	0.00438	0.01187	0.00777	0.00842
14	0.01981	0.01907	0.05361	0.07713	0.47969	0.04517	0.02042	0.14731	0.01992	0.02741	0.01423	0.01768	0.01140	0.00701	0.00718	0.00217	0.00883	0.00638	0.00427	0.01133
15	0.05131	0.40247	0.07095	0.01532	0.02096	0.14234	0.05181	0.05802	0.04125	0.02099	0.03614	0.01509	0.01210	0.00723	0.00622	0.00187	0.02766	0.00508	0.00386	0.00934
16	0.01263	0.00631	0.00947	0.00947	0.00947	0.00631	0.00631	0.00947	0.00947	0.01263	0.01263	0.02210	0.01263	0.02525	0.02841	0.78851	0.00631	0.00631	0.00316	0.00316
17	0.01782	0.09635	0.15556	0.10052	0.40790	0.01796	0.02135	0.02268	0.01616	0.05626	0.01386	0.01731	0.01100	0.00673	0.00689	0.00215	0.00892	0.00604	0.00368	0.01086
18	0.03261	0.01237	0.01687	0.01293	0.01856	0.01068	0.01068	0.03543	0.02081	0.70423	0.02868	0.02474	0.01799	0.00900	0.00731	0.00225	0.00619	0.00731	0.00900	0.01237
19	0.01131	0.00752	0.00884	0.00882	0.00959	0.00757	0.00577	0.03746	0.01369	0.01937	0.09768	0.14092	0.03197	0.39768	0.07104	0.00542	0.00669	0.01146	0.10158	0.00562
20	0.02583	0.01863	0.02079	0.06837	0.02382	0.02063	0.01377	0.50099	0.11065	0.09209	0.01944	0.01932	0.01378	0.00878	0.00729	0.00224	0.00771	0.00680	0.00712	0.01194
21	0.01722	0.01827	0.07061	0.07901	0.47145	0.05849	0.02008	0.02133	0.01610	0.02248	0.01520	0.06264	0.01353	0.00803	0.00808	0.00225	0.04699	0.00718	0.03069	0.01036
22	0.01263	0.00631	0.00947	0.00947	0.00947	0.00631	0.00631	0.00947	0.00947	0.01263	0.01263	0.02210	0.01263	0.02525	0.02841	0.78851	0.00631	0.00631	0.00316	0.00316
23	0.02715	0.03464	0.02060	0.01873	0.02247	0.71536	0.01404	0.02903	0.02060	0.01779	0.01124	0.01311	0.00936	0.00749	0.00655	0.00187	0.01311	0.00468	0.00375	0.00843
24	0.01479	0.01259	0.01476	0.01067	0.01685	0.00952	0.00851	0.01803	0.01540	0.02401	0.05346	0.01740	0.01420	0.00595	0.00557	0.00115	0.00527	0.00483	0.00453	0.74252
25	0.02056	0.01434	0.01667	0.06709	0.01972	0.01564	0.01123	0.28927	0.09113	0.09523	0.02194	0.06868	0.01890	0.15346	0.05975	0.00384	0.00807	0.00847	0.00634	0.00966
26	0.02382	0.12741	0.06984	0.01708	0.02169	0.44685	0.01413	0.07728	0.04621	0.02148	0.05745	0.01666	0.01398	0.00795	0.00655	0.00193	0.01091	0.00546	0.00431	0.00903
27	0.65319	0.01553	0.01256	0.01085	0.01551	0.04337	0.00889	0.09898	0.01550	0.05399	0.01159	0.01291	0.00876	0.00708	0.00499	0.00223	0.00620	0.00437	0.00493	0.00856
28	0.79588	0.01406	0.01068	0.00956	0.01406	0.01631	0.00787	0.02137	0.01237	0.03261	0.01012	0.01181	0.00787	0.00675	0.00450	0.00225	0.00562	0.00394	0.00450	0.00787
29	0.00886	0.00633	0.00843	0.01012	0.01054	0.00590	0.00675	0.01012	0.01392	0.01856	0.04006	0.73979	0.04808	0.02277	0.00928	0.00295	0.00422	0.02066	0.00675	0.00590
30	0.04152	0.59816	0.05982	0.01200	0.01784	0.02486	0.01194	0.02028	0.01496	0.01815	0.01878	0.01966	0.10179	0.00790	0.00528	0.00173	0.00728	0.00549	0.00364	0.00891
31	0.01149	0.00956	0.01227	0.01215	0.01361	0.05559	0.00941	0.01404	0.01227	0.01693	0.01893	0.02754	0.01759	0.05142	0.66904	0.01104	0.01905	0.00758	0.00388	0.00662
32	0.00886	0.00633	0.00843	0.01012	0.01054	0.00590	0.00675	0.01012	0.01392	0.01856	0.04006	0.73979	0.04808	0.02277	0.00928	0.00295	0.00422	0.02066	0.00675	0.00590
33	0.01616	0.02365	0.21497	0.02701	0.03492	0.01739	0.46433	0.02273	0.01666	0.02312	0.01568	0.02220	0.01238	0.00716	0.00823	0.00247	0.01153	0.04585	0.00370	0.00987

[dist]
# distance from previous block
# <min> <max>
0	2

[block]
# block no. 2 follows, 28 sequences, length 47
# corresponding to MSA columns:
# 116-162
name=unknown_C
#
# <colnr> <probs for GDERKNQSTAVLIFYWHMCP>
#	G	D	E	R	K	N	Q	S	T	A	V	L	I	F	Y	W	H	M	C	P
0	0.10756	0.08433	0.49877	0.01793	0.02704	0.01699	0.02176	0.02414	0.01558	0.10090	0.01426	0.01573	0.01006	0.00707	0.00651	0.00223	0.00941	0.00532	0.00391	0.01049
1	0.01324	0.01168	0.01916	0.58027	0.04203	0.01422	0.01755	0.01739	0.01444	0.01894	0.01654	0.07388	0.01442	0.00966	0.00820	0.03143	0.00871	0.03604	0.04457	0.00761
2	0.01771	0.00904	0.01206	0.01046	0.01342	0.00810	0.00814	0.02083	0.02035	0.25493	0.44258	0.07508	0.05071	0.01325	0.00818	0.00230	0.00439	0.01153	0.00828	0.00866
3	0.75719	0.01433	0.01228	0.01061	0.01525	0.01641	0.04091	0.02146	0.01261	0.03215	0.01035	0.01220	0.00803	0.00672	0.00470	0.00226	0.00595	0.00417	0.00446	0.00797
4	0.02589	0.01833	0.02004	0.01578	0.02103	0.02002	0.01286	0.54201	0.06061	0.08951	0.02080	0.08250	0.01637	0.01004	0.00746	0.00227	0.00743	0.00793	0.00735	0.01175
5	0.01784	0.01165	0.01310	0.01109	0.01421	0.01209	0.00868	0.22827	0.02300	0.06665	0.23064	0.03352	0.03256	0.05333	0.00884	0.00237	0.00524	0.00893	0.20926	0.00874
6	0.01485	0.01442	0.09914	0.01345	0.01749	0.01219	0.03520	0.02403	0.22006	0.07138	0.27221	0.04058	0.07326	0.01217	0.00802	0.00242	0.00573	0.04729	0.00698	0.00915
7	0.01022	0.00743	0.00962	0.00908	0.01082	0.00683	0.00681	0.01359	0.02042	0.02878	0.67101	0.05491	0.09317	0.01500	0.00857	0.00229	0.00344	0.01323	0.00795	0.00683
8	0.04946	0.06845	0.64601	0.01985	0.03011	0.01739	0.02537	0.02289	0.01519	0.02318	0.01278	0.01502	0.00915	0.00687	0.00670	0.00227	0.01038	0.00524	0.00313	0.01055
9	0.02992	0.01177	0.01601	0.01248	0.01763	0.01022	0.01022	0.03280	0.02078	0.62269	0.10920	0.02831	0.02410	0.00971	0.00746	0.00225	0.00585	0.00801	0.00888	0.01170
10	0.01171	0.00837	0.01171	0.01339	0.01506	0.00837	0.01171	0.01506	0.01673	0.02175	0.03849	0.08199	0.04183	0.02008	0.01004	0.00335	0.00669	0.65027	0.00669	0.00669
11	0.00915	0.00670	0.00896	0.03345	0.01184	0.00635	0.00715	0.01078	0.01472	0.01968	0.10743	0.61907	0.07512	0.02128	0.00911	0.00285	0.00429	0.01922	0.00676	0.00608
12	0.02678	0.01994	0.02134	0.01655	0.02222	0.02214	0.01361	0.61818	0.09234	0.04444	0.01853	0.01831	0.01324	0.00883	0.00728	0.00221	0.00780	0.00669	0.00728	0.01229
13	0.01625	0.01514	0.02514	0.44911	0.14908	0.01724	0.09071	0.08182	0.04173	0.02290	0.01427	0.01929	0.01084	0.00725	0.00740	0.00236	0.00950	0.00677	0.00387	0.00934
14	0.02280	0.01765	0.01891	0.01557	0.02039	0.01980	0.01254	0.38250	0.28604	0.03794	0.02310	0.02451	0.01770	0.03334	0.00838	0.00249	0.00705	0.03054	0.00721	0.01157
15	0.06125	0.01243	0.01664	0.01281	0.01839	0.01089	0.01058	0.03490	0.02049	0.67903	0.02798	0.02426	0.01761	0.00891	0.00720	0.00225	0.00616	0.00718	0.00883	0.01220
16	0.01507	0.01292	0.01507	0.01077	0.01723	0.00969	0.00861	0.01830	0.01507	0.02369	0.01292	0.01507	0.01077	0.00538	0.00538	0.00108	0.00538	0.00431	0.00431	0.78898
17	0.00991	0.00740	0.00913	0.00870	0.01054	0.00670	0.00648	0.01288	0.01937	0.02654	0.53417	0.05765	0.20964	0.03760	0.00943	0.00247	0.00360	0.01357	0.00761	0.00662
18	0.01057	0.00705	0.00793	0.00793	0.00793	0.00705	0.00440	0.01057	0.01057	0.01409	0.02290	0.04757	0.02643	0.74454	0.03700	0.00705	0.00705	0.01057	0.00440	0.00440
19	0.01305	0.01206	0.01310	0.01280	0.01449	0.12143	0.00987	0.01553	0.01310	0.01702	0.01816	0.02610	0.01677	0.04704	0.60293	0.01012	0.01846	0.00729	0.00387	0.00680
20	0.79588	0.01406	0.01068	0.00956	0.01406	0.01631	0.00787	0.02137	0.01237	0.03261	0.01012	0.01181	0.00787	0.00675	0.00450	0.00225	0.00562	0.00394	0.00450	0.00787
21	0.01943	0.74891	0.03809	0.01244	0.01866	0.02876	0.01244	0.02177	0.01477	0.01710	0.01011	0.01166	0.00933	0.00622	0.00466	0.00155	0.00777	0.00389	0.00311	0.00933
22	0.00871	0.00691	0.00783	0.00856	0.01013	0.00604	0.00605	0.01030	0.01542	0.01917	0.05905	0.36097	0.41464	0.02031	0.00889	0.00267	0.00391	0.01765	0.00675	0.00604
23	0.10238	0.01305	0.02054	0.64575	0.04598	0.01617	0.01879	0.01889	0.01429	0.02016	0.01260	0.01852	0.00948	0.00721	0.00695	0.00240	0.00923	0.00617	0.00337	0.00805
24	0.02635	0.02071	0.02173	0.08052	0.02500	0.07122	0.01440	0.57022	0.03145	0.04138	0.01660	0.01732	0.01191	0.00851	0.00722	0.00218	0.00851	0.00640	0.00666	0.01170
25	0.01590	0.01590	0.02226	0.01908	0.01908	0.02226	0.01590	0.01749	0.01113	0.01749	0.00954	0.01590	0.00954	0.01272	0.02385	0.00318	0.73123	0.00636	0.00318	0.00795
26	0.01549	0.12585	0.54673	0.02079	0.03058	0.01856	0.09824	0.02289	0.01548	0.02230	0.01286	0.01536	0.00943	0.00673	0.00681	0.00222	0.01054	0.00555	0.00314	0.01046
27	0.01373	0.01292	0.02180	0.72707	0.05006	0.01615	0.02019	0.01857	0.01453	0.01857	0.01292	0.01938	0.00969	0.00727	0.00727	0.00242	0.00969	0.00646	0.00323	0.00807
28	0.01029	0.00743	0.00972	0.00914	0.01086	0.00686	0.00686	0.01372	0.02058	0.02915	0.69536	0.05430	0.06859	0.01486	0.00857	0.00229	0.00343	0.01315	0.00800	0.00686
29	0.01800	0.01455	0.01820	0.01322	0.01961	0.01240	0.05675	0.12387	0.01852	0.05764	0.01447	0.01621	0.01136	0.00613	0.00600	0.00140	0.00632	0.00510	0.00494	0.57529
30	0.00902	0.00649	0.00849	0.01002	0.01058	0.00606	0.00679	0.01035	0.01404	0.01857	0.04109	0.65129	0.08093	0.05071	0.01036	0.00310	0.00440	0.04517	0.00665	0.00589
31	0.01612	0.01322	0.01517	0.01106	0.01717	0.01067	0.00887	0.07759	0.01681	0.02590	0.01399	0.01603	0.01139	0.00587	0.00554	0.00121	0.00550	0.00466	0.05245	0.67079
32	0.01045	0.00700	0.00796	0.00808	0.00811	0.00697	0.00457	0.01054	0.01081	0.01441	0.02412	0.09678	0.02797	0.69323	0.03503	0.00676	0.00685	0.01129	0.00457	0.00451
33	0.02763	0.02036	0.02182	0.01672	0.02254	0.02254	0.01382	0.67496	0.03418	0.04581	0.01745	0.01745	0.01236	0.00873	0.00727	0.00218	0.00800	0.00654	0.00727	0.01236
34	0.02073	0.10494	0.04483	0.01514	0.01998	0.07514	0.01257	0.10273	0.41989	0.06979	0.02387	0.02258	0.01788	0.00896	0.00697	0.00226	0.00703	0.00709	0.00652	0.01112
35	0.01057	0.00705	0.00793	0.00793	0.00793	0.00705	0.00440	0.01057	0.01057	0.01409	0.02290	0.04757	0.02643	0.74454	0.03700	0.00705	0.00705	0.01057	0.00440	0.00440
36	0.00869	0.00724	0.00759	0.00778	0.00995	0.00614	0.00573	0.01052	0.01640	0.01988	0.09432	0.15266	0.59051	0.01881	0.00868	0.00251	0.00374	0.01592	0.00680	0.00614
37	0.26613	0.15679	0.12766	0.21650	0.02907	0.01882	0.04997	0.02100	0.01415	0.02373	0.01160	0.01488	0.00903	0.00679	0.00590	0.00219	0.00832	0.00511	0.00361	0.00875
38	0.01006	0.00717	0.00928	0.00962	0.01027	0.00746	0.00653	0.01129	0.01194	0.01623	0.02784	0.18132	0.06305	0.32684	0.26078	0.00756	0.01053	0.01190	0.00482	0.00551
39	0.01355	0.00678	0.00678	0.00678	0.00847	0.00678	0.00508	0.01694	0.01524	0.02710	0.02371	0.02710	0.01863	0.00847	0.00508	0.00169	0.00339	0.00678	0.78489	0.00678
40	0.01660	0.01561	0.02631	0.03938	0.59470	0.01555	0.01995	0.02046	0.01615	0.02296	0.01768	0.12752	0.01706	0.00895	0.00751	0.00228	0.00797	0.00863	0.00408	0.01066
41	0.06724	0.10216	0.06335	0.06023	0.10606	0.01778	0.34104	0.02168	0.01590	0.02301	0.01432	0.01852	0.01124	0.00707	0.00783	0.02495	0.00976	0.00703	0.07151	0.00932
42	0.05185	0.01191	0.01699	0.23244	0.02559	0.01457	0.01363	0.01602	0.01385	0.01995	0.06834	0.16416	0.05179	0.01284	0.01245	0.00268	0.21821	0.00988	0.00451	0.03835
43	0.01297	0.01035	0.01389	0.05646	0.07202	0.01095	0.01124	0.06274	0.07017	0.02269	0.03444	0.28825	0.07962	0.01709	0.00949	0.00284	0.03846	0.17244	0.00620	0.00770
44	0.05315	0.01926	0.08900	0.10594	0.09018	0.06631	0.20390	0.07385	0.01765	0.06584	0.01823	0.05787	0.04027	0.00867	0.00868	0.00240	0.05693	0.00788	0.00447	0.00955
45	0.04005	0.09086	0.05752	0.02113	0.14994	0.18498	0.01490	0.08828	0.01818	0.02275	0.01775	0.09666	0.01707	0.01225	0.03960	0.00271	0.05299	0.05874	0.00452	0.00910
46	0.05254	0.05255	0.07146	0.13041	0.16655	0.01560	0.10792	0.04100	0.04191	0.10952	0.05931	0.02613	0.04735	0.00871	0.00743	0.00232	0.00823	0.03623	0.00499	0.00983

[dist]
# distance from previous block
# <min> <max>
3	29

[block]
# block no. 3 follows, 28 sequences, length 164
# corresponding to MSA columns:
# 192-355
name=unknown_D
#
# <colnr> <probs for GDERKNQSTAVLIFYWHMCP>
#	G	D	E	R	K	N	Q	S	T	A	V	L	I	F	Y	W	H	M	C	P
0	0.01803	0.30131	0.15968	0.01466	0.02031	0.05430	0.01463	0.02310	0.06935	0.06897	0.07729	0.01990	0.01699	0.01123	0.05314	0.00266	0.05452	0.00607	0.00440	0.00945
1	0.02558	0.08514	0.05322	0.05957	0.02093	0.01437	0.01228	0.09194	0.06235	0.38672	0.04817	0.02465	0.03839	0.01055	0.03081	0.00253	0.00721	0.00728	0.00722	0.01109
2	0.01726	0.01495	0.01799	0.08171	0.02216	0.04827	0.04346	0.07222	0.01713	0.04740	0.01381	0.01613	0.01097	0.00610	0.00600	0.00144	0.00677	0.00502	0.00454	0.54667
3	0.14039	0.09167	0.10092	0.06322	0.18857	0.01855	0.24938	0.02233	0.01570	0.02399	0.01302	0.01676	0.01022	0.00645	0.00698	0.00224	0.00962	0.00645	0.00365	0.00986
4	0.01700	0.01931	0.04195	0.06177	0.03853	0.01828	0.64362	0.02307	0.01704	0.02307	0.01463	0.01960	0.01097	0.00618	0.00852	0.00245	0.01214	0.00848	0.00366	0.00973
5	0.00917	0.00727	0.00791	0.00807	0.00989	0.00640	0.00581	0.01088	0.01580	0.01961	0.11480	0.12332	0.46266	0.12647	0.01293	0.00320	0.00432	0.03905	0.00651	0.00594
6	0.01039	0.00777	0.01157	0.01157	0.01282	0.00902	0.00894	0.01291	0.01165	0.01679	0.01958	0.02915	0.01843	0.07590	0.69470	0.01154	0.01909	0.00787	0.00391	0.00643
7	0.00886	0.00633	0.00843	0.01012	0.01054	0.00590	0.00675	0.01012	0.01392	0.01856	0.04006	0.73979	0.04808	0.02277	0.00928	0.00295	0.00422	0.02066	0.00675	0.00590
8	0.03261	0.01237	0.01687	0.01293	0.01856	0.01068	0.01068	0.03543	0.02081	0.70423	0.02868	0.02474	0.01799	0.00900	0.00731	0.00225	0.00619	0.00731	0.00900	0.01237
9	0.01716	0.01961	0.04289	0.03064	0.03799	0.01838	0.67279	0.02328	0.01716	0.02328	0.01471	0.01961	0.01103	0.00613	0.00858	0.00245	0.01225	0.00858	0.00368	0.00980
10	0.01120	0.00757	0.00965	0.00905	0.01068	0.00702	0.00658	0.01401	0.01887	0.05430	0.54121	0.05252	0.08025	0.13022	0.01302	0.00304	0.00412	0.01257	0.00743	0.00667
11	0.01572	0.01330	0.01542	0.01107	0.01750	0.01035	0.00888	0.05224	0.01606	0.02483	0.01315	0.01520	0.01085	0.00556	0.00548	0.00113	0.00552	0.00442	0.00446	0.74884
12	0.00859	0.00736	0.00736	0.00736	0.00982	0.00614	0.00552	0.01043	0.01657	0.01964	0.07364	0.06996	0.69624	0.01841	0.00859	0.00245	0.00368	0.01534	0.00675	0.00614
13	0.01009	0.00737	0.00973	0.01108	0.01236	0.00701	0.00867	0.01240	0.01576	0.02054	0.07482	0.34266	0.13250	0.02069	0.00947	0.00302	0.00515	0.28359	0.00678	0.00631
14	0.02686	0.06503	0.02151	0.01823	0.02231	0.60989	0.01395	0.09841	0.02180	0.02078	0.01186	0.01351	0.00969	0.00757	0.00655	0.00189	0.01232	0.00485	0.00410	0.00889
15	0.02088	0.12932	0.01899	0.04767	0.01843	0.01582	0.01070	0.09007	0.17023	0.19192	0.07299	0.02784	0.02165	0.11841	0.01141	0.00291	0.00661	0.00778	0.00649	0.00989
16	0.03862	0.12983	0.56586	0.01869	0.02827	0.01796	0.02342	0.02224	0.01523	0.02238	0.01528	0.01719	0.03989	0.00732	0.00661	0.00221	0.00988	0.00558	0.00328	0.01026
17	0.02249	0.07189	0.02454	0.07333	0.22407	0.36173	0.01689	0.04492	0.01855	0.02040	0.01210	0.01516	0.01012	0.00740	0.00759	0.00205	0.04817	0.00542	0.00371	0.00947
18	0.01593	0.08534	0.41275	0.04974	0.16514	0.01804	0.10677	0.02267	0.01575	0.02259	0.01315	0.01627	0.00993	0.00668	0.00702	0.00224	0.01025	0.00592	0.00326	0.01058
19	0.05563	0.12483	0.54382	0.01958	0.04894	0.01816	0.02340	0.02316	0.01534	0.04495	0.01305	0.01509	0.00951	0.00687	0.00652	0.00220	0.00989	0.00521	0.00336	0.01049
20	0.01550	0.01486	0.02242	0.38573	0.16287	0.03966	0.01873	0.02072	0.06282	0.02036	0.01491	0.02191	0.01241	0.00873	0.00984	0.00251	0.11642	0.03693	0.00377	0.00890
21	0.01535	0.00888	0.01206	0.01153	0.03419	0.00816	0.00871	0.01867	0.02005	0.16904	0.45778	0.05027	0.05311	0.01399	0.00844	0.00240	0.00455	0.08677	0.00792	0.00813
22	0.01686	0.01914	0.04167	0.02991	0.03701	0.01794	0.64910	0.02282	0.01704	0.02312	0.01561	0.04523	0.01235	0.00672	0.00860	0.00247	0.01197	0.00901	0.00379	0.00967
23	0.00884	0.00638	0.00838	0.00998	0.01051	0.00592	0.00669	0.01014	0.01405	0.01861	0.04173	0.70655	0.08025	0.02256	0.00924	0.00293	0.00419	0.02040	0.00675	0.00592
24	0.10673	0.02790	0.40710	0.02269	0.13390	0.01619	0.05368	0.02327	0.01561	0.06749	0.01387	0.01615	0.01015	0.00684	0.00670	0.00221	0.00933	0.00561	0.00379	0.05080
25	0.01610	0.01300	0.01295	0.01152	0.01495	0.04738	0.00894	0.09873	0.23362	0.02814	0.06906	0.03569	0.17169	0.01130	0.00712	0.00218	0.00532	0.00923	0.15924	0.04384
26	0.00886	0.00633	0.00843	0.01012	0.01054	0.00590	0.00675	0.01012	0.01392	0.01856	0.04006	0.73979	0.04808	0.02277	0.00928	0.00295	0.00422	0.02066	0.00675	0.00590
27	0.13109	0.01351	0.02145	0.37755	0.10562	0.01522	0.08913	0.01882	0.01484	0.02182	0.01899	0.05880	0.06636	0.00866	0.00720	0.00240	0.00850	0.00775	0.00397	0.00833
28	0.01503	0.03362	0.57082	0.04619	0.06274	0.01706	0.10749	0.02288	0.01560	0.02294	0.01328	0.01613	0.00956	0.00680	0.00714	0.00232	0.01080	0.00586	0.00317	0.01057
29	0.01943	0.74891	0.03809	0.01244	0.01866	0.02876	0.01244	0.02177	0.01477	0.01710	0.01011	0.01166	0.00933	0.00622	0.00466	0.00155	0.00777	0.00389	0.00311	0.00933
30	0.00859	0.00736	0.00736	0.00736	0.00982	0.00614	0.00552	0.01043	0.01657	0.01964	0.07364	0.06996	0.69624	0.01841	0.00859	0.00245	0.00368	0.01534	0.00675	0.00614
31	0.01720	0.01994	0.09383	0.06337	0.07058	0.01739	0.50630	0.02308	0.01690	0.05099	0.01577	0.04126	0.01225	0.00689	0.00827	0.00243	0.01132	0.00842	0.00391	0.00987
32	0.01507	0.01252	0.01390	0.01333	0.01645	0.01388	0.01049	0.02867	0.42707	0.02688	0.05923	0.10177	0.08527	0.01372	0.00818	0.00266	0.00554	0.12865	0.00718	0.00954
33	0.01507	0.01292	0.01507	0.01077	0.01723	0.00969	0.00861	0.01830	0.01507	0.02369	0.01292	0.01507	0.01077	0.00538	0.00538	0.00108	0.00538	0.00431	0.00431	0.78898
34	0.05709	0.01328	0.05035	0.04787	0.01842	0.01224	0.01089	0.06634	0.12519	0.23205	0.16839	0.05256	0.02858	0.01037	0.00732	0.00225	0.00579	0.00866	0.04546	0.03689
35	0.01090	0.00810	0.00918	0.00855	0.01017	0.00727	0.00557	0.01191	0.01270	0.01717	0.03115	0.10767	0.13797	0.42366	0.02400	0.00482	0.00593	0.01114	0.00499	0.14716
36	0.00886	0.00633	0.00843	0.01012	0.01054	0.00590	0.00675	0.01012	0.01392	0.01856	0.04006	0.73979	0.04808	0.02277	0.00928	0.00295	0.00422	0.02066	0.00675	0.00590
37	0.11481	0.09362	0.48394	0.01935	0.06049	0.01771	0.02199	0.02355	0.03684	0.04471	0.01346	0.01538	0.00985	0.00696	0.00645	0.00223	0.00943	0.00527	0.00360	0.01037
38	0.13042	0.08630	0.08871	0.04245	0.08605	0.01831	0.01418	0.12286	0.19836	0.11200	0.01940	0.01951	0.01428	0.00810	0.00663	0.00224	0.00721	0.00635	0.00582	0.01082
39	0.01833	0.01727	0.02884	0.06727	0.64188	0.01750	0.02180	0.05538	0.01738	0.02469	0.01384	0.01801	0.01149	0.00662	0.00720	0.00217	0.00864	0.00648	0.00377	0.01144
40	0.02097	0.02202	0.12989	0.01865	0.07989	0.10110	0.01534	0.27746	0.07733	0.03240	0.09461	0.05833	0.02039	0.00959	0.00738	0.00224	0.00822	0.00773	0.00593	0.01054
41	0.00886	0.00633	0.00843	0.01012	0.01054	0.00590	0.00675	0.01012	0.01392	0.01856	0.04006	0.73979	0.04808	0.02277	0.00928	0.00295	0.00422	0.02066	0.00675	0.00590
42	0.02971	0.01567	0.01871	0.01440	0.02000	0.01566	0.01188	0.31098	0.02645	0.39822	0.02524	0.02301	0.03687	0.00918	0.00733	0.00223	0.00689	0.00723	0.00818	0.01217
43	0.02735	0.01956	0.02109	0.01622	0.02189	0.02151	0.01339	0.62585	0.03297	0.07232	0.01813	0.01809	0.01281	0.00873	0.00720	0.00217	0.00776	0.00658	0.03421	0.01217
44	0.00934	0.00764	0.00828	0.00807	0.01038	0.00670	0.00607	0.01218	0.03827	0.02253	0.23949	0.06443	0.50667	0.01719	0.00855	0.00241	0.00368	0.01453	0.00711	0.00650
45	0.02715	0.03464	0.02060	0.01873	0.02247	0.71536	0.01404	0.02903	0.02060	0.01779	0.01124	0.01311	0.00936	0.00749	0.00655	0.00187	0.01311	0.00468	0.00375	0.00843
46	0.00913	0.00644	0.00835	0.00977	0.01013	0.00609	0.00638	0.01019	0.01339	0.01785	0.03735	0.63024	0.04465	0.13701	0.01367	0.00360	0.00467	0.01907	0.00638	0.00567
47	0.01263	0.00631	0.00947	0.00947	0.00947	0.00631	0.00631	0.00947	0.00947	0.01263	0.01263	0.02210	0.01263	0.02525	0.02841	0.78851	0.00631	0.00631	0.00316	0.00316
48	0.01155	0.00832	0.01149	0.01308	0.01479	0.00825	0.01140	0.01482	0.01673	0.02165	0.04028	0.08138	0.07512	0.02000	0.00997	0.00330	0.00654	0.61797	0.00670	0.00667
49	0.02715	0.03464	0.02060	0.01873	0.02247	0.71536	0.01404	0.02903	0.02060	0.01779	0.01124	0.01311	0.00936	0.00749	0.00655	0.00187	0.01311	0.00468	0.00375	0.00843
50	0.06363	0.05911	0.02048	0.01599	0.02085	0.23422	0.01283	0.35640	0.02650	0.03295	0.01950	0.01993	0.06811	0.00893	0.00690	0.00208	0.00908	0.00645	0.00580	0.01026
51	0.02927	0.01215	0.01634	0.01318	0.01822	0.01090	0.01098	0.06261	0.02083	0.57169	0.02961	0.03291	0.02127	0.01063	0.00771	0.00241	0.00635	0.10284	0.00857	0.01153
52	0.01665	0.02032	0.11020	0.09820	0.17171	0.06316	0.26094	0.02160	0.01615	0.02179	0.01544	0.07180	0.01334	0.00817	0.00889	0.00242	0.05784	0.00805	0.00375	0.00959
53	0.03005	0.01453	0.01797	0.01399	0.01951	0.01414	0.01149	0.18348	0.08834	0.48684	0.02617	0.02329	0.01710	0.00902	0.00731	0.00225	0.00656	0.00722	0.00844	0.01228
54	0.01404	0.01324	0.02237	0.67685	0.09783	0.01623	0.02034	0.01885	0.01468	0.01895	0.01298	0.01928	0.00982	0.00721	0.00726	0.00240	0.00961	0.00646	0.00326	0.00833
55	0.02763	0.02036	0.02182	0.01672	0.02254	0.02254	0.01382	0.67496	0.03418	0.04581	0.01745	0.01745	0.01236	0.00873	0.00727	0.00218	0.00800	0.00654	0.00727	0.01236
56	0.02763	0.02036	0.02182	0.01672	0.02254	0.02254	0.01382	0.67496	0.03418	0.04581	0.01745	0.01745	0.01236	0.00873	0.00727	0.00218	0.00800	0.00654	0.00727	0.01236
57	0.01971	0.01525	0.01648	0.01458	0.01886	0.01725	0.01141	0.03827	0.61168	0.10575	0.02948	0.02685	0.02172	0.00977	0.00739	0.00244	0.00580	0.00812	0.00758	0.01160
58	0.01590	0.01590	0.02226	0.01908	0.01908	0.02226	0.01590	0.01749	0.01113	0.01749	0.00954	0.01590	0.00954	0.01272	0.02385	0.00318	0.73123	0.00636	0.00318	0.00795
59	0.01038	0.00779	0.01168	0.01168	0.01298	0.00909	0.00909	0.01298	0.01168	0.01687	0.01947	0.02856	0.01817	0.05452	0.71573	0.01168	0.01947	0.00779	0.00389	0.00649
60	0.01943	0.74891	0.03809	0.01244	0.01866	0.02876	0.01244	0.02177	0.01477	0.01710	0.01011	0.01166	0.00933	0.00622	0.00466	0.00155	0.00777	0.00389	0.00311	0.00933
61	0.01507	0.01292	0.01507	0.01077	0.01723	0.00969	0.00861	0.01830	0.01507	0.02369	0.01292	0.01507	0.01077	0.00538	0.00538	0.00108	0.00538	0.00431	0.00431	0.78898
62	0.01590	0.01590	0.02226	0.01908	0.01908	0.02226	0.01590	0.01749	0.01113	0.01749	0.00954	0.01590	0.00954	0.01272	0.02385	0.00318	0.73123	0.00636	0.00318	0.00795
63	0.01633	0.01662	0.02220	0.01907	0.01921	0.04863	0.01583	0.01793	0.01149	0.01750	0.00961	0.01580	0.00954	0.01252	0.02320	0.00313	0.70392	0.00630	0.00320	0.00797
64	0.02715	0.03464	0.02060	0.01873	0.02247	0.71536	0.01404	0.02903	0.02060	0.01779	0.01124	0.01311	0.00936	0.00749	0.00655	0.00187	0.01311	0.00468	0.00375	0.00843
65	0.00908	0.00650	0.00864	0.00997	0.01059	0.00606	0.00677	0.01070	0.01498	0.02025	0.14473	0.63031	0.05135	0.02151	0.00917	0.00285	0.00409	0.01946	0.00695	0.00606
66	0.00886	0.00633	0.00843	0.01012	0.01054	0.00590	0.00675	0.01012	0.01392	0.01856	0.04006	0.73979	0.04808	0.02277	0.00928	0.00295	0.00422	0.02066	0.00675	0.00590
67	0.01402	0.00723	0.00728	0.00711	0.00894	0.00730	0.00537	0.03895	0.01588	0.02773	0.02350	0.02678	0.01842	0.00848	0.00515	0.00171	0.00354	0.00677	0.75888	0.00696
68	0.00913	0.00733	0.00814	0.00805	0.01018	0.00635	0.00600	0.01143	0.01767	0.02250	0.26298	0.09922	0.47040	0.01754	0.00862	0.00243	0.00363	0.01494	0.00713	0.00635
69	0.01007	0.00742	0.00942	0.00892	0.01073	0.00677	0.00669	0.01330	0.02007	0.02795	0.61685	0.05628	0.14785	0.01531	0.00858	0.00231	0.00346	0.01342	0.00784	0.00677
70	0.02734	0.01844	0.02033	0.01585	0.02143	0.01999	0.01301	0.49021	0.10991	0.15578	0.02081	0.01985	0.01449	0.00891	0.00729	0.00223	0.00742	0.00687	0.00758	0.01226
71	0.79588	0.01406	0.01068	0.00956	0.01406	0.01631	0.00787	0.02137	0.01237	0.03261	0.01012	0.01181	0.00787	0.00675	0.00450	0.00225	0.00562	0.00394	0.00450	0.00787
72	0.01417	0.01001	0.01315	0.23235	0.02297	0.01156	0.01094	0.01965	0.08225	0.02432	0.02027	0.02417	0.01578	0.00844	0.00688	0.00207	0.03997	0.00680	0.42653	0.00771
73	0.01799	0.01727	0.02950	0.04462	0.69919	0.01727	0.02231	0.02231	0.01655	0.02375	0.01367	0.01799	0.01151	0.00648	0.00720	0.00216	0.00864	0.00648	0.00360	0.01151
74	0.01673	0.02137	0.13746	0.07578	0.17606	0.01779	0.39980	0.02275	0.01660	0.02305	0.01413	0.01862	0.01078	0.00639	0.00796	0.00237	0.01111	0.00753	0.00354	0.01019
75	0.01029	0.00743	0.00972	0.00914	0.01086	0.00686	0.00686	0.01372	0.02058	0.02915	0.69536	0.05430	0.06859	0.01486	0.00857	0.00229	0.00343	0.01315	0.00800	0.00686
76	0.01219	0.04569	0.01201	0.01007	0.01250	0.00993	0.00778	0.01856	0.14087	0.02791	0.45569	0.04708	0.10481	0.01347	0.00799	0.00227	0.00409	0.01164	0.04769	0.00777
77	0.00898	0.00633	0.00847	0.01010	0.01051	0.00592	0.00673	0.01010	0.01377	0.01836	0.03916	0.71627	0.04691	0.02285	0.00991	0.02870	0.00429	0.02019	0.00663	0.00581
78	0.01263	0.00631	0.00947	0.00947	0.00947	0.00631	0.00631	0.00947	0.00947	0.01263	0.01263	0.02210	0.01263	0.02525	0.02841	0.78851	0.00631	0.00631	0.00316	0.00316
79	0.01507	0.01292	0.01507	0.01077	0.01723	0.00969	0.00861	0.01830	0.01507	0.02369	0.01292	0.01507	0.01077	0.00538	0.00538	0.00108	0.00538	0.00431	0.00431	0.78898
80	0.01545	0.01314	0.01527	0.01094	0.01739	0.01007	0.00877	0.03793	0.01564	0.02435	0.01306	0.01514	0.01081	0.00548	0.00544	0.00111	0.00546	0.00437	0.00440	0.76576
81	0.02784	0.02003	0.02161	0.01657	0.02238	0.02205	0.01369	0.64858	0.03363	0.07297	0.01791	0.01775	0.01259	0.00874	0.00727	0.00218	0.00792	0.00658	0.00734	0.01236
82	0.03237	0.01277	0.01711	0.01312	0.01875	0.01127	0.01084	0.06717	0.02147	0.67155	0.02812	0.02438	0.01771	0.00898	0.00731	0.00225	0.00628	0.00727	0.00891	0.01237
83	0.06156	0.01763	0.01855	0.01502	0.01997	0.01971	0.01217	0.41399	0.21041	0.03939	0.02094	0.02062	0.01536	0.00892	0.00699	0.00222	0.00689	0.00689	0.07133	0.01145
84	0.01621	0.01325	0.01545	0.01111	0.01752	0.01033	0.00892	0.04985	0.01615	0.04570	0.01362	0.01548	0.01106	0.00565	0.00553	0.00116	0.00553	0.00450	0.00459	0.72836
85	0.01716	0.01239	0.01450	0.01302	0.01599	0.01332	0.01043	0.26294	0.02187	0.02966	0.04751	0.09475	0.04621	0.08051	0.11572	0.00428	0.00855	0.13610	0.04657	0.00854
86	0.00886	0.00633	0.00843	0.01012	0.01054	0.00590	0.00675	0.01012	0.01392	0.01856	0.04006	0.73979	0.04808	0.02277	0.00928	0.00295	0.00422	0.02066	0.00675	0.00590
87	0.01038	0.00779	0.01168	0.01168	0.01298	0.00909	0.00909	0.01298	0.01168	0.01687	0.01947	0.02856	0.01817	0.05452	0.71573	0.01168	0.01947	0.00779	0.00389	0.00649
88	0.01507	0.01292	0.01507	0.01077	0.01723	0.00969	0.00861	0.01830	0.01507	0.02369	0.01292	0.01507	0.01077	0.00538	0.00538	0.00108	0.00538	0.00431	0.00431	0.78898
89	0.01138	0.00828	0.01170	0.01385	0.03831	0.00820	0.01111	0.01435	0.01618	0.02120	0.03792	0.20858	0.04199	0.02013	0.00979	0.00323	0.00628	0.50424	0.00659	0.00671
90	0.01563	0.01336	0.01567	0.01138	0.01753	0.01078	0.00915	0.04535	0.01568	0.02432	0.01296	0.01521	0.01078	0.00585	0.00629	0.00122	0.03794	0.00449	0.00438	0.72204
91	0.00875	0.00701	0.00783	0.00840	0.01011	0.00609	0.00600	0.01046	0.01581	0.01965	0.08759	0.30245	0.44476	0.01978	0.00883	0.00262	0.00386	0.01710	0.00680	0.00609
92	0.01067	0.00821	0.01223	0.01206	0.01330	0.00977	0.00944	0.01321	0.01165	0.01691	0.01896	0.02790	0.01773	0.05236	0.67998	0.01124	0.05625	0.00771	0.00386	0.00657
93	0.79588	0.01406	0.01068	0.00956	0.01406	0.01631	0.00787	0.02137	0.01237	0.03261	0.01012	0.01181	0.00787	0.00675	0.00450	0.00225	0.00562	0.00394	0.00450	0.00787
94	0.01458	0.03760	0.70688	0.02072	0.03146	0.01688	0.02686	0.02302	0.01535	0.02302	0.01304	0.01535	0.00921	0.00691	0.00691	0.00230	0.01074	0.00537	0.00307	0.01074
95	0.03261	0.01237	0.01687	0.01293	0.01856	0.01068	0.01068	0.03543	0.02081	0.70423	0.02868	0.02474	0.01799	0.00900	0.00731	0.00225	0.00619	0.00731	0.00900	0.01237
96	0.02763	0.02036	0.02182	0.01672	0.02254	0.02254	0.01382	0.67496	0.03418	0.04581	0.01745	0.01745	0.01236	0.00873	0.00727	0.00218	0.00800	0.00654	0.00727	0.01236
97	0.02715	0.03464	0.02060	0.01873	0.02247	0.71536	0.01404	0.02903	0.02060	0.01779	0.01124	0.01311	0.00936	0.00749	0.00655	0.00187	0.01311	0.00468	0.00375	0.00843
98	0.01590	0.01590	0.02226	0.01908	0.01908	0.02226	0.01590	0.01749	0.01113	0.01749	0.00954	0.01590	0.00954	0.01272	0.02385	0.00318	0.73123	0.00636	0.00318	0.00795
99	0.02763	0.02036	0.02182	0.01672	0.02254	0.02254	0.01382	0.67496	0.03418	0.04581	0.01745	0.01745	0.01236	0.00873	0.00727	0.00218	0.00800	0.00654	0.00727	0.01236
100	0.06564	0.01880	0.02033	0.01578	0.02133	0.02051	0.01298	0.55746	0.03111	0.10939	0.01894	0.04157	0.01387	0.00912	0.00720	0.00222	0.00758	0.00695	0.00729	0.01193
101	0.01001	0.00737	0.00937	0.00898	0.01072	0.00672	0.00669	0.01314	0.01976	0.02747	0.58775	0.09104	0.14253	0.01569	0.00861	0.00234	0.00350	0.01379	0.00779	0.00672
102	0.14698	0.01456	0.01625	0.01299	0.01829	0.01465	0.01054	0.12620	0.15327	0.25734	0.02175	0.02055	0.01524	0.00820	0.00657	0.00210	0.00615	0.00637	0.00696	0.13504
103	0.00900	0.00643	0.00860	0.01028	0.01077	0.00603	0.00699	0.01037	0.01406	0.01871	0.03999	0.70714	0.04777	0.02264	0.00932	0.00297	0.00434	0.05192	0.00674	0.00594
104	0.13238	0.14757	0.49588	0.01773	0.02681	0.01869	0.02171	0.02257	0.01481	0.02351	0.01214	0.01423	0.00903	0.00677	0.00619	0.00217	0.00950	0.00492	0.00329	0.01009
105	0.02289	0.05315	0.15817	0.05736	0.09076	0.41945	0.01763	0.05814	0.01935	0.02080	0.01219	0.01451	0.00970	0.00729	0.00670	0.00202	0.01162	0.00515	0.00372	0.00939
106	0.01553	0.01244	0.01458	0.01063	0.01665	0.00949	0.00844	0.01857	0.01530	0.05836	0.01692	0.01919	0.04401	0.02940	0.00663	0.00139	0.00540	0.00518	0.00467	0.68722
107	0.02149	0.55873	0.03343	0.01411	0.01967	0.21157	0.01287	0.02370	0.01632	0.01729	0.01041	0.01205	0.00934	0.00656	0.00517	0.00164	0.00919	0.00410	0.00328	0.00909
108	0.00976	0.00682	0.00869	0.00946	0.00984	0.00681	0.00614	0.01071	0.01226	0.01653	0.03026	0.36142	0.03516	0.31650	0.12070	0.00583	0.00752	0.01479	0.00540	0.00539
109	0.02763	0.02036	0.02182	0.01672	0.02254	0.02254	0.01382	0.67496	0.03418	0.04581	0.01745	0.01745	0.01236	0.00873	0.00727	0.00218	0.00800	0.00654	0.00727	0.01236
110	0.01162	0.10451	0.01304	0.01014	0.01219	0.05333	0.00766	0.01351	0.01588	0.01996	0.13962	0.29687	0.19299	0.04333	0.02973	0.00288	0.00553	0.01441	0.00612	0.00667
111	0.01214	0.01021	0.01473	0.01377	0.01469	0.01300	0.01103	0.01446	0.01162	0.01736	0.01660	0.02470	0.01558	0.04055	0.48607	0.00882	0.23380	0.00733	0.02661	0.00694
112	0.01507	0.01292	0.01507	0.01077	0.01723	0.00969	0.00861	0.01830	0.01507	0.02369	0.01292	0.01507	0.01077	0.00538	0.00538	0.00108	0.00538	0.00431	0.00431	0.78898
113	0.01373	0.01292	0.02180	0.72707	0.05006	0.01615	0.02019	0.01857	0.01453	0.01857	0.01292	0.01938	0.00969	0.00727	0.00727	0.00242	0.00969	0.00646	0.00323	0.00807
114	0.03153	0.01211	0.01643	0.01269	0.01803	0.01051	0.01038	0.03421	0.02030	0.67036	0.02839	0.02586	0.01841	0.04510	0.00877	0.00248	0.00623	0.00747	0.00877	0.01198
115	0.01741	0.02794	0.39484	0.02575	0.17331	0.01661	0.08605	0.02492	0.05444	0.08612	0.01572	0.01786	0.01142	0.00710	0.00720	0.00229	0.00974	0.00626	0.00403	0.01101
116	0.01545	0.01223	0.01419	0.04750	0.01574	0.04913	0.01035	0.04945	0.04944	0.02330	0.01822	0.02323	0.01529	0.03806	0.07059	0.00322	0.20913	0.00681	0.32098	0.00766
117	0.02187	0.01547	0.01735	0.01453	0.01863	0.01663	0.01158	0.42628	0.02702	0.06936	0.02533	0.22308	0.02403	0.01321	0.00797	0.00246	0.00679	0.04094	0.00718	0.01029
118	0.04642	0.01492	0.08271	0.06961	0.05324	0.07574	0.01329	0.05437	0.01679	0.02227	0.02835	0.17770	0.04820	0.01693	0.04312	0.00317	0.00810	0.21180	0.00546	0.00779
119	0.06490	0.12598	0.29985	0.02797	0.27201	0.01868	0.04661	0.02250	0.01559	0.02307	0.01275	0.01575	0.01005	0.00662	0.00662	0.00215	0.00931	0.00560	0.00338	0.01062
120	0.01235	0.01026	0.01625	0.01398	0.01614	0.01090	0.11321	0.04361	0.01352	0.01866	0.02197	0.03308	0.05359	0.21139	0.34796	0.00793	0.03527	0.00889	0.00426	0.00679
121	0.05449	0.01964	0.02112	0.01624	0.02200	0.02158	0.01341	0.61225	0.03258	0.08667	0.01790	0.01771	0.01256	0.00867	0.00718	0.00219	0.00780	0.00650	0.00728	0.01221
122	0.01719	0.01952	0.04238	0.03117	0.06314	0.01834	0.64805	0.02325	0.01713	0.02330	0.01467	0.01955	0.01105	0.00614	0.00853	0.00244	0.01212	0.00850	0.00367	0.00987
123	0.01719	0.01945	0.11579	0.09814	0.52739	0.01716	0.02223	0.02281	0.04615	0.02351	0.01424	0.01818	0.01154	0.00675	0.00717	0.00221	0.00887	0.00641	0.00367	0.01112
124	0.01023	0.00743	0.00963	0.00908	0.01082	0.00683	0.00681	0.01360	0.02043	0.02881	0.67324	0.05486	0.09092	0.01499	0.00857	0.00229	0.00344	0.01322	0.00796	0.00683
125	0.01213	0.01116	0.03483	0.01049	0.01340	0.03118	0.00835	0.01905	0.17208	0.02544	0.27268	0.05111	0.28120	0.01449	0.00819	0.00238	0.00460	0.01228	0.00711	0.00785
126	0.00884	0.00638	0.00838	0.00998	0.01051	0.00592	0.00668	0.01014	0.01405	0.01861	0.04180	0.70518	0.08157	0.02255	0.00924	0.00293	0.00419	0.02039	0.00675	0.00592
127	0.01789	0.02022	0.04928	0.05446	0.07970	0.14320	0.13082	0.02097	0.01463	0.01927	0.01182	0.01696	0.01033	0.01167	0.04812	0.00308	0.32897	0.00650	0.00343	0.00868
128	0.03237	0.01277	0.01711	0.01312	0.01875	0.01127	0.01084	0.06717	0.02147	0.67155	0.02812	0.02438	0.01771	0.00898	0.00731	0.00225	0.00628	0.00727	0.00891	0.01237
129	0.79588	0.01406	0.01068	0.00956	0.01406	0.01631	0.00787	0.02137	0.01237	0.03261	0.01012	0.01181	0.00787	0.00675	0.00450	0.00225	0.00562	0.00394	0.00450	0.00787
130	0.01943	0.74891	0.03809	0.01244	0.01866	0.02876	0.01244	0.02177	0.01477	0.01710	0.01011	0.01166	0.00933	0.00622	0.00466	0.00155	0.00777	0.00389	0.00311	0.00933
131	0.07008	0.01245	0.01657	0.01277	0.01834	0.01096	0.01055	0.03474	0.02039	0.67127	0.02777	0.02411	0.01750	0.00889	0.00717	0.00225	0.00616	0.00714	0.00878	0.01215
132	0.00908	0.00650	0.00864	0.00997	0.01059	0.00606	0.00677	0.01069	0.01497	0.02023	0.14378	0.63130	0.05132	0.02152	0.00917	0.00285	0.00409	0.01947	0.00695	0.00606
133	0.01056	0.00708	0.00811	0.00811	0.00818	0.00715	0.00463	0.01069	0.01063	0.01423	0.02273	0.04664	0.02602	0.71067	0.07031	0.00727	0.00766	0.01043	0.00438	0.00451
134	0.00859	0.00736	0.00736	0.00736	0.00982	0.00614	0.00552	0.01043	0.01657	0.01964	0.07364	0.06996	0.69624	0.01841	0.00859	0.00245	0.00368	0.01534	0.00675	0.00614
135	0.01507	0.01292	0.01507	0.01077	0.01723	0.00969	0.00861	0.01830	0.01507	0.02369	0.01292	0.01507	0.01077	0.00538	0.00538	0.00108	0.00538	0.00431	0.00431	0.78898
136	0.01458	0.03760	0.70688	0.02072	0.03146	0.01688	0.02686	0.02302	0.01535	0.02302	0.01304	0.01535	0.00921	0.00691	0.00691	0.00230	0.01074	0.00537	0.00307	0.01074
