[name]
unknown

[dist]
# distance from previous block
# <min> <max>
16	48

[block]
# block no. 0 follows, 30 sequences, length 7
# corresponding to MSA columns:
# 62-68
name=unknown_A
#
# <colnr> <probs for GDERKNQSTAVLIFYWHMCP>
#	G	D	E	R	K	N	Q	S	T	A	V	L	I	F	Y	W	H	M	C	P
0	0.01721	0.01783	0.02209	0.24398	0.27355	0.15719	0.01744	0.02205	0.06828	0.02032	0.01528	0.06572	0.01321	0.00792	0.00695	0.00217	0.00896	0.00690	0.00385	0.00911
1	0.00962	0.00692	0.00859	0.04407	0.01081	0.00692	0.00602	0.01054	0.01189	0.01567	0.03078	0.24877	0.09617	0.38885	0.06938	0.00528	0.00658	0.01302	0.00501	0.00511
2	0.07841	0.01429	0.02393	0.46527	0.09785	0.01631	0.12472	0.05829	0.01546	0.02159	0.01278	0.01783	0.00967	0.00678	0.00696	0.00228	0.00920	0.00634	0.00352	0.00852
3	0.01759	0.01290	0.01673	0.07541	0.12882	0.01353	0.01179	0.12239	0.07883	0.08114	0.01845	0.02277	0.01499	0.08958	0.01038	0.00251	0.04425	0.00669	0.13635	0.09493
4	0.01804	0.01290	0.01560	0.10170	0.02010	0.01382	0.01105	0.19783	0.08575	0.09269	0.02434	0.13876	0.05449	0.01086	0.00781	0.00221	0.04102	0.00892	0.06643	0.07567
5	0.06892	0.01638	0.01937	0.05775	0.02186	0.01806	0.04699	0.29175	0.18977	0.09188	0.01912	0.01933	0.01396	0.00837	0.00762	0.00219	0.04343	0.00657	0.00625	0.05045
6	0.04140	0.01483	0.01788	0.05056	0.08924	0.01593	0.01225	0.29329	0.08779	0.11596	0.02173	0.05737	0.03957	0.05557	0.05198	0.00300	0.00763	0.00768	0.00619	0.01012

[dist]
# distance from previous block
# <min> <max>
12	51

[block]
# block no. 1 follows, 30 sequences, length 61
# corresponding to MSA columns:
# 129-189
name=unknown_B
#
# <colnr> <probs for GDERKNQSTAVLIFYWHMCP>
#	G	D	E	R	K	N	Q	S	T	A	V	L	I	F	Y	W	H	M	C	P
0	0.02030	0.02058	0.05983	0.01868	0.10477	0.19760	0.03713	0.11825	0.09734	0.06446	0.01865	0.04633	0.03718	0.02845	0.00751	0.00211	0.00838	0.00669	0.00499	0.10078
1	0.02100	0.09253	0.02343	0.04957	0.13104	0.27485	0.05911	0.08474	0.09761	0.02253	0.01403	0.01592	0.01121	0.00705	0.00645	0.00191	0.00943	0.00554	0.00424	0.06781
2	0.09370	0.01976	0.01912	0.01692	0.05838	0.21030	0.06565	0.09544	0.12780	0.07138	0.06044	0.01928	0.01570	0.00780	0.00656	0.00198	0.00818	0.00620	0.00521	0.09021
3	0.01902	0.11768	0.02192	0.01669	0.06885	0.13767	0.06563	0.13042	0.07909	0.02468	0.04324	0.02024	0.04351	0.02957	0.00724	0.00196	0.00784	0.00625	0.00475	0.15374
4	0.01956	0.08364	0.09243	0.01896	0.10966	0.22169	0.01447	0.10774	0.06512	0.02285	0.01782	0.01957	0.06063	0.01038	0.04427	0.00246	0.03548	0.00611	0.00435	0.04283
5	0.02126	0.04337	0.09214	0.04240	0.23605	0.11161	0.01627	0.12615	0.01925	0.12588	0.01521	0.01682	0.01140	0.00698	0.00658	0.00195	0.00833	0.00572	0.00476	0.08787
6	0.01864	0.01732	0.02418	0.10953	0.40681	0.06668	0.01808	0.12578	0.07180	0.02581	0.03731	0.01883	0.01343	0.00722	0.00694	0.00211	0.00823	0.00644	0.00439	0.01047
7	0.04477	0.01656	0.01804	0.01637	0.08357	0.07083	0.01187	0.19863	0.14721	0.12865	0.01880	0.01941	0.01405	0.02796	0.00731	0.00206	0.00692	0.00618	0.00597	0.15482
8	0.07420	0.01872	0.02310	0.02238	0.16037	0.12124	0.11075	0.13697	0.10017	0.13643	0.01738	0.01838	0.01278	0.00745	0.00689	0.00213	0.00843	0.00643	0.00538	0.01041
9	0.02357	0.01649	0.01845	0.01392	0.01966	0.01659	0.01142	0.40932	0.02582	0.12127	0.01681	0.01695	0.01209	0.00746	0.00645	0.00179	0.00672	0.00574	0.00635	0.24312
10	0.00996	0.00724	0.01015	0.01021	0.01109	0.00809	0.00745	0.01175	0.01101	0.01555	0.02029	0.05879	0.02060	0.23712	0.51769	0.00973	0.01500	0.00864	0.00397	0.00568
11	0.01009	0.00701	0.00886	0.00886	0.00929	0.00744	0.00578	0.01095	0.01052	0.01445	0.02085	0.03936	0.02263	0.51191	0.27462	0.00830	0.01089	0.00922	0.00406	0.00492
12	0.01447	0.01240	0.01447	0.01034	0.01654	0.00930	0.00827	0.01757	0.01447	0.02274	0.01240	0.01447	0.01034	0.00517	0.00517	0.00103	0.00517	0.00413	0.00413	0.79742
13	0.01709	0.01639	0.02799	0.07389	0.68160	0.01653	0.02133	0.02126	0.01580	0.02258	0.01309	0.01733	0.01098	0.00625	0.00691	0.00208	0.00834	0.00622	0.00344	0.01091
14	0.01372	0.01296	0.02191	0.64605	0.13576	0.01565	0.01965	0.01830	0.01421	0.01849	0.01250	0.01843	0.00953	0.00688	0.00697	0.00229	0.00917	0.00620	0.00315	0.00819
15	0.67332	0.04254	0.01245	0.01044	0.01472	0.11012	0.00850	0.02150	0.01300	0.02890	0.00986	0.01150	0.00780	0.00655	0.00459	0.00209	0.00642	0.00387	0.00418	0.00768
16	0.01628	0.02015	0.09314	0.02868	0.03599	0.01754	0.63525	0.02233	0.01634	0.02233	0.01400	0.01851	0.01045	0.00594	0.00811	0.00234	0.01165	0.00800	0.00348	0.00948
17	0.01692	0.01521	0.04003	0.01399	0.01802	0.01653	0.01125	0.05837	0.59076	0.02938	0.08689	0.02758	0.02442	0.00975	0.00718	0.00234	0.00557	0.00815	0.00700	0.01066
18	0.00871	0.00627	0.00826	0.00948	0.01015	0.00582	0.00645	0.01027	0.01446	0.01946	0.14543	0.61672	0.07158	0.02052	0.00878	0.00272	0.00391	0.01852	0.00667	0.00582
19	0.01400	0.03610	0.71860	0.01989	0.03020	0.01621	0.02578	0.02210	0.01473	0.02210	0.01252	0.01473	0.00884	0.00663	0.00663	0.00221	0.01031	0.00516	0.00295	0.01031
20	0.00850	0.00607	0.00810	0.00972	0.01012	0.00567	0.00648	0.00972	0.01336	0.01781	0.03846	0.75020	0.04615	0.02186	0.00891	0.00283	0.00405	0.01984	0.00648	0.00567
21	0.01063	0.01301	0.15515	0.01130	0.01460	0.00852	0.01068	0.01469	0.01794	0.02549	0.47359	0.11696	0.05124	0.01364	0.00802	0.00230	0.00492	0.03354	0.00654	0.00725
22	0.01301	0.00650	0.00650	0.00650	0.00813	0.00650	0.00488	0.01626	0.01463	0.02602	0.02276	0.02602	0.01789	0.00813	0.00488	0.00163	0.00325	0.00650	0.79350	0.00650
23	0.01400	0.03610	0.71860	0.01989	0.03020	0.01621	0.02578	0.02210	0.01473	0.02210	0.01252	0.01473	0.00884	0.00663	0.00663	0.00221	0.01031	0.00516	0.00295	0.01031
24	0.02619	0.01938	0.02075	0.01599	0.02151	0.02148	0.01318	0.66390	0.05742	0.04343	0.01718	0.01710	0.01222	0.00842	0.00699	0.00210	0.00760	0.00634	0.00699	0.01184
25	0.00849	0.00611	0.00806	0.00962	0.01010	0.00568	0.00643	0.00973	0.01346	0.01785	0.03969	0.72426	0.07131	0.02170	0.00888	0.00282	0.00403	0.01964	0.00648	0.00568
26	0.15360	0.01213	0.01525	0.01190	0.01713	0.01111	0.00983	0.03187	0.01869	0.60770	0.02471	0.02179	0.01574	0.00830	0.00659	0.00216	0.00585	0.00650	0.00795	0.01119
27	0.01011	0.00693	0.00844	0.00844	0.00872	0.00721	0.00526	0.01068	0.01039	0.01414	0.02123	0.04148	0.02355	0.59379	0.19400	0.00779	0.00950	0.00954	0.00412	0.00469
28	0.01727	0.01658	0.02832	0.04283	0.71123	0.01658	0.02142	0.02142	0.01589	0.02280	0.01313	0.01727	0.01105	0.00622	0.00691	0.00207	0.00829	0.00622	0.00345	0.01105
29	0.80405	0.01350	0.01026	0.00918	0.01350	0.01565	0.00756	0.02051	0.01188	0.03131	0.00972	0.01134	0.00756	0.00648	0.00432	0.00216	0.00540	0.00378	0.00432	0.00756
30	0.01727	0.01658	0.02832	0.04283	0.71123	0.01658	0.02142	0.02142	0.01589	0.02280	0.01313	0.01727	0.01105	0.00622	0.00691	0.00207	0.00829	0.00622	0.00345	0.01105
31	0.80405	0.01350	0.01026	0.00918	0.01350	0.01565	0.00756	0.02051	0.01188	0.03131	0.00972	0.01134	0.00756	0.00648	0.00432	0.00216	0.00540	0.00378	0.00432	0.00756
32	0.00920	0.00680	0.00862	0.00895	0.01029	0.00621	0.00649	0.01156	0.01689	0.02291	0.36187	0.28885	0.16013	0.01750	0.00850	0.00247	0.00368	0.03585	0.00705	0.00616
33	0.01301	0.00650	0.00650	0.00650	0.00813	0.00650	0.00488	0.01626	0.01463	0.02602	0.02276	0.02602	0.01789	0.00813	0.00488	0.00163	0.00325	0.00650	0.79350	0.00650
34	0.01727	0.01658	0.02832	0.04283	0.71123	0.01658	0.02142	0.02142	0.01589	0.02280	0.01313	0.01727	0.01105	0.00622	0.00691	0.00207	0.00829	0.00622	0.00345	0.01105
35	0.00982	0.00713	0.00924	0.00871	0.01039	0.00656	0.00654	0.01305	0.01961	0.02764	0.68352	0.05269	0.09008	0.01439	0.00823	0.00220	0.00330	0.01270	0.00764	0.00656
36	0.02446	0.11046	0.06730	0.01307	0.01861	0.01421	0.01159	0.06805	0.09322	0.38006	0.02213	0.02082	0.01523	0.00992	0.03870	0.00242	0.00701	0.00632	0.00669	0.06971
37	0.18159	0.45097	0.17487	0.01304	0.01958	0.02271	0.01394	0.02107	0.01382	0.02072	0.01030	0.01197	0.00864	0.00622	0.00490	0.00178	0.00763	0.00404	0.00326	0.00895
38	0.01893	0.01577	0.01667	0.01452	0.01875	0.01809	0.01143	0.14891	0.58422	0.03173	0.02640	0.02444	0.01968	0.00928	0.00708	0.00232	0.00589	0.00761	0.00708	0.01119
39	0.80405	0.01350	0.01026	0.00918	0.01350	0.01565	0.00756	0.02051	0.01188	0.03131	0.00972	0.01134	0.00756	0.00648	0.00432	0.00216	0.00540	0.00378	0.00432	0.00756
40	0.01013	0.00682	0.00789	0.00789	0.00798	0.00692	0.00457	0.01033	0.01023	0.01374	0.02173	0.04427	0.02476	0.70088	0.08857	0.00711	0.00768	0.00994	0.00419	0.00438
41	0.00975	0.00713	0.00916	0.00865	0.01035	0.00653	0.00649	0.01293	0.01946	0.02730	0.65980	0.05325	0.11402	0.01452	0.00823	0.00221	0.00331	0.01278	0.00759	0.00653
42	0.00947	0.00682	0.00896	0.00906	0.01034	0.00631	0.00655	0.01214	0.01786	0.02497	0.50900	0.25927	0.06000	0.01652	0.00843	0.00238	0.00352	0.01476	0.00732	0.00631
43	0.01044	0.00746	0.01032	0.01193	0.01319	0.00734	0.00985	0.01307	0.01527	0.01999	0.03739	0.27521	0.04191	0.02003	0.00942	0.00310	0.00573	0.47568	0.00644	0.00620
44	0.01287	0.00653	0.00662	0.00660	0.00823	0.00651	0.00495	0.01613	0.01485	0.02610	0.05195	0.02713	0.01993	0.00839	0.00502	0.00165	0.00325	0.00676	0.76000	0.00651
45	0.01866	0.75896	0.03657	0.01194	0.01791	0.02761	0.01194	0.02090	0.01418	0.01642	0.00970	0.01119	0.00896	0.00597	0.00448	0.00149	0.00746	0.00373	0.00299	0.00896
46	0.01384	0.01347	0.02087	0.70105	0.04670	0.05198	0.01908	0.01834	0.01425	0.01779	0.01232	0.01830	0.00929	0.00699	0.00694	0.00230	0.00947	0.00611	0.00313	0.00777
47	0.02835	0.01122	0.01525	0.01191	0.01680	0.00975	0.00975	0.03114	0.01994	0.62120	0.12128	0.02766	0.02397	0.00941	0.00718	0.00216	0.00557	0.00779	0.00851	0.01115
48	0.00850	0.00607	0.00810	0.00972	0.01012	0.00567	0.00648	0.00972	0.01336	0.01781	0.03846	0.75020	0.04615	0.02186	0.00891	0.00283	0.00405	0.01984	0.00648	0.00567
49	0.01447	0.01240	0.01447	0.01034	0.01654	0.00930	0.00827	0.01757	0.01447	0.02274	0.01240	0.01447	0.01034	0.00517	0.00517	0.00103	0.00517	0.00413	0.00413	0.79742
50	0.80405	0.01350	0.01026	0.00918	0.01350	0.01565	0.00756	0.02051	0.01188	0.03131	0.00972	0.01134	0.00756	0.00648	0.00432	0.00216	0.00540	0.00378	0.00432	0.00756
51	0.01400	0.03610	0.71860	0.01989	0.03020	0.01621	0.02578	0.02210	0.01473	0.02210	0.01252	0.01473	0.00884	0.00663	0.00663	0.00221	0.01031	0.00516	0.00295	0.01031
52	0.01361	0.01290	0.02148	0.63807	0.09250	0.01600	0.01923	0.01801	0.01386	0.01810	0.01222	0.01827	0.00942	0.00730	0.00810	0.00236	0.06128	0.00620	0.00312	0.00798
53	0.01015	0.00677	0.00761	0.00761	0.00761	0.00677	0.00423	0.01015	0.01015	0.01353	0.02199	0.04567	0.02537	0.75476	0.03552	0.00677	0.00677	0.01015	0.00423	0.00423
54	0.00858	0.00689	0.00767	0.00789	0.00974	0.00597	0.00576	0.01051	0.01609	0.02026	0.17660	0.19785	0.46591	0.01789	0.00837	0.00242	0.00359	0.01535	0.00669	0.00597
55	0.80405	0.01350	0.01026	0.00918	0.01350	0.01565	0.00756	0.02051	0.01188	0.03131	0.00972	0.01134	0.00756	0.00648	0.00432	0.00216	0.00540	0.00378	0.00432	0.00756
56	0.01318	0.01240	0.02093	0.73798	0.04806	0.01550	0.01938	0.01783	0.01395	0.01783	0.01240	0.01860	0.00930	0.00698	0.00698	0.00233	0.00930	0.00620	0.00310	0.00775
57	0.00975	0.00713	0.00916	0.00865	0.01035	0.00653	0.00649	0.01293	0.01946	0.02729	0.65889	0.05327	0.11493	0.01453	0.00823	0.00221	0.00331	0.01278	0.00759	0.00653
58	0.01783	0.01522	0.01604	0.01430	0.01833	0.01758	0.01116	0.07046	0.66447	0.02995	0.02780	0.02556	0.02082	0.00941	0.00709	0.00235	0.00563	0.00781	0.00709	0.01109
59	0.01318	0.01240	0.02093	0.73798	0.04806	0.01550	0.01938	0.01783	0.01395	0.01783	0.01240	0.01860	0.00930	0.00698	0.00698	0.00233	0.00930	0.00620	0.00310	0.00775
60	0.04147	0.01496	0.02505	0.29416	0.44764	0.01616	0.02022	0.02008	0.01506	0.02127	0.01275	0.01756	0.01030	0.00650	0.00685	0.00217	0.00856	0.00613	0.00335	0.00974

[dist]
# distance from previous block
# <min> <max>
0	5

[block]
# block no. 2 follows, 30 sequences, length 60
# corresponding to MSA columns:
# 195-254
name=unknown_C
#
# <colnr> <probs for GDERKNQSTAVLIFYWHMCP>
#	G	D	E	R	K	N	Q	S	T	A	V	L	I	F	Y	W	H	M	C	P
0	0.01412	0.03524	0.68487	0.02036	0.03051	0.01628	0.05865	0.02211	0.01482	0.02211	0.01260	0.01494	0.00893	0.00659	0.00671	0.00222	0.01039	0.00531	0.00298	0.01027
1	0.01172	0.00756	0.00997	0.00922	0.01118	0.00694	0.00705	0.01496	0.01965	0.08543	0.62854	0.05062	0.06093	0.01396	0.00817	0.00223	0.00362	0.03353	0.00772	0.00702
2	0.01798	0.01490	0.01856	0.02079	0.18601	0.01630	0.01332	0.03217	0.46412	0.07392	0.02605	0.02512	0.04145	0.00890	0.00709	0.00228	0.00616	0.00765	0.00630	0.01093
3	0.01727	0.01658	0.02832	0.04283	0.71123	0.01658	0.02142	0.02142	0.01589	0.02280	0.01313	0.01727	0.01105	0.00622	0.00691	0.00207	0.00829	0.00622	0.00345	0.01105
4	0.00903	0.00661	0.00851	0.00919	0.01028	0.00608	0.00652	0.01109	0.01595	0.02157	0.27596	0.41190	0.12531	0.01867	0.00862	0.00257	0.00380	0.03539	0.00690	0.00603
5	0.01650	0.02005	0.15636	0.06534	0.55908	0.01647	0.02215	0.02141	0.01560	0.02248	0.01299	0.01685	0.01057	0.00632	0.00686	0.00211	0.00871	0.00602	0.00335	0.01079
6	0.01736	0.01499	0.01578	0.01420	0.01815	0.01736	0.01105	0.03708	0.69862	0.02919	0.02840	0.02604	0.02130	0.00947	0.00710	0.00237	0.00552	0.00789	0.00710	0.01105
7	0.00844	0.00675	0.00757	0.00819	0.00984	0.00588	0.00592	0.01006	0.01502	0.01856	0.05823	0.30757	0.45319	0.01920	0.00853	0.00255	0.00381	0.03839	0.00648	0.00583
8	0.02295	0.01777	0.01893	0.01533	0.02028	0.01997	0.01240	0.43434	0.29225	0.03822	0.02129	0.02037	0.01554	0.00880	0.00703	0.00220	0.00684	0.00691	0.00703	0.01155
9	0.01436	0.01240	0.01503	0.07358	0.01928	0.00984	0.00923	0.01759	0.01443	0.02231	0.01240	0.01483	0.01025	0.00533	0.00533	0.00115	0.00553	0.00431	0.00404	0.72878
10	0.01512	0.01475	0.02014	0.01689	0.01800	0.01921	0.01401	0.01693	0.01136	0.01786	0.00974	0.01512	0.00937	0.01095	0.01972	0.00269	0.60999	0.00575	0.00325	0.14912
11	0.01357	0.01114	0.04025	0.22414	0.07983	0.01153	0.01257	0.05420	0.03999	0.01833	0.01649	0.05242	0.01554	0.09473	0.01636	0.24117	0.00743	0.03989	0.00390	0.00654
12	0.01866	0.75896	0.03657	0.01194	0.01791	0.02761	0.01194	0.02090	0.01418	0.01642	0.00970	0.01119	0.00896	0.00597	0.00448	0.00149	0.00746	0.00373	0.00299	0.00896
13	0.01117	0.00767	0.00953	0.00952	0.01122	0.00744	0.00704	0.03460	0.01476	0.06517	0.06628	0.20542	0.22733	0.09921	0.16086	0.00476	0.00753	0.03821	0.00589	0.00639
14	0.01014	0.00752	0.00949	0.00893	0.01074	0.00707	0.00672	0.01414	0.05329	0.02741	0.62952	0.05187	0.10823	0.01426	0.00818	0.00221	0.00342	0.01253	0.00757	0.00676
15	0.01653	0.42969	0.34724	0.01556	0.02351	0.02242	0.01825	0.02144	0.01443	0.01901	0.01099	0.01281	0.00890	0.00627	0.00546	0.00182	0.00876	0.00438	0.00297	0.00957
16	0.03131	0.01188	0.01619	0.01242	0.01781	0.01026	0.01026	0.03401	0.01997	0.71606	0.02753	0.02375	0.01727	0.00864	0.00702	0.00216	0.00594	0.00702	0.00864	0.01188
17	0.01447	0.01240	0.01447	0.01034	0.01654	0.00930	0.00827	0.01757	0.01447	0.02274	0.01240	0.01447	0.01034	0.00517	0.00517	0.00103	0.00517	0.00413	0.00413	0.79742
18	0.01301	0.00650	0.00650	0.00650	0.00813	0.00650	0.00488	0.01626	0.01463	0.02602	0.02276	0.02602	0.01789	0.00813	0.00488	0.00163	0.00325	0.00650	0.79350	0.00650
19	0.01388	0.03116	0.59469	0.01805	0.02695	0.01463	0.02253	0.02112	0.01562	0.04244	0.11505	0.02048	0.01745	0.00781	0.00688	0.00221	0.00916	0.00631	0.00380	0.00981
20	0.01017	0.00774	0.01144	0.01133	0.01248	0.00911	0.00878	0.01253	0.01115	0.01611	0.01847	0.02772	0.01747	0.08007	0.67219	0.01073	0.04505	0.00754	0.00373	0.00620
21	0.02918	0.01201	0.01595	0.01236	0.01746	0.01074	0.01016	0.07762	0.02084	0.61177	0.08379	0.02564	0.02097	0.00909	0.00712	0.00216	0.00584	0.00744	0.00844	0.01143
22	0.02316	0.01730	0.01885	0.01465	0.01987	0.01841	0.01193	0.52941	0.02839	0.03854	0.01804	0.08137	0.01468	0.00910	0.00689	0.00200	0.00699	0.00717	0.00652	0.12672
23	0.01241	0.01114	0.01520	0.01402	0.01489	0.03607	0.01126	0.01453	0.01129	0.01644	0.01496	0.02251	0.01415	0.03625	0.44708	0.00794	0.28268	0.00688	0.00348	0.00680
24	0.01301	0.00650	0.00650	0.00650	0.00813	0.00650	0.00488	0.01626	0.01463	0.02602	0.02276	0.02602	0.01789	0.00813	0.00488	0.00163	0.00325	0.00650	0.79350	0.00650
25	0.80405	0.01350	0.01026	0.00918	0.01350	0.01565	0.00756	0.02051	0.01188	0.03131	0.00972	0.01134	0.00756	0.00648	0.00432	0.00216	0.00540	0.00378	0.00432	0.00756
26	0.80405	0.01350	0.01026	0.00918	0.01350	0.01565	0.00756	0.02051	0.01188	0.03131	0.00972	0.01134	0.00756	0.00648	0.00432	0.00216	0.00540	0.00378	0.00432	0.00756
27	0.01301	0.00650	0.00650	0.00650	0.00813	0.00650	0.00488	0.01626	0.01463	0.02602	0.02276	0.02602	0.01789	0.00813	0.00488	0.00163	0.00325	0.00650	0.79350	0.00650
28	0.01711	0.01642	0.02804	0.06978	0.68552	0.01654	0.02134	0.02128	0.01581	0.02261	0.01310	0.01732	0.01099	0.00625	0.00691	0.00208	0.00833	0.00622	0.00344	0.01093
29	0.01753	0.01460	0.01560	0.01409	0.01798	0.01675	0.01103	0.03604	0.64920	0.05012	0.02873	0.02816	0.02196	0.00985	0.00720	0.00240	0.00557	0.03517	0.00712	0.01088
30	0.01647	0.01882	0.04118	0.02941	0.03647	0.01765	0.68588	0.02235	0.01647	0.02235	0.01412	0.01882	0.01059	0.00588	0.00824	0.00235	0.01176	0.00824	0.00353	0.00941
31	0.02540	0.06200	0.02060	0.01763	0.02131	0.63137	0.01347	0.06570	0.01998	0.01861	0.01103	0.01287	0.00916	0.00739	0.00685	0.00185	0.03809	0.00462	0.00375	0.00833
32	0.00850	0.00607	0.00810	0.00972	0.01012	0.00567	0.00648	0.00972	0.01336	0.01781	0.03846	0.75020	0.04615	0.02186	0.00891	0.00283	0.00405	0.01984	0.00648	0.00567
33	0.02156	0.01587	0.01738	0.01423	0.01845	0.01726	0.01136	0.50155	0.02754	0.03682	0.02373	0.19704	0.04195	0.01195	0.00749	0.00228	0.00667	0.00985	0.00684	0.01017
34	0.00997	0.00748	0.01121	0.01121	0.01246	0.00872	0.00872	0.01246	0.01121	0.01620	0.01869	0.02741	0.01745	0.05234	0.72710	0.01121	0.01869	0.00748	0.00374	0.00623
35	0.01420	0.03465	0.66181	0.02069	0.03073	0.01633	0.08112	0.02212	0.01488	0.02212	0.01266	0.01508	0.00899	0.00657	0.00676	0.00222	0.01043	0.00541	0.00300	0.01024
36	0.03131	0.01188	0.01619	0.01242	0.01781	0.01026	0.01026	0.03401	0.01997	0.71606	0.02753	0.02375	0.01727	0.00864	0.00702	0.00216	0.00594	0.00702	0.00864	0.01188
37	0.01647	0.01882	0.04118	0.02941	0.03647	0.01765	0.68588	0.02235	0.01647	0.02235	0.01412	0.01882	0.01059	0.00588	0.00824	0.00235	0.01176	0.00824	0.00353	0.00941
38	0.00889	0.00652	0.00835	0.00911	0.01013	0.00598	0.00637	0.01081	0.01563	0.02106	0.24748	0.45288	0.13300	0.01902	0.00862	0.00258	0.00375	0.01700	0.00685	0.00598
39	0.01465	0.01366	0.02250	0.47468	0.24081	0.01562	0.01914	0.04289	0.01530	0.02029	0.01535	0.02029	0.04075	0.00728	0.00701	0.00224	0.00869	0.00659	0.00349	0.00879
40	0.02986	0.01158	0.01586	0.01233	0.01745	0.01015	0.01015	0.03255	0.01938	0.66855	0.02693	0.02400	0.01729	0.01160	0.05590	0.00277	0.00680	0.00705	0.00830	0.01149
41	0.01727	0.01658	0.02832	0.04283	0.71123	0.01658	0.02142	0.02142	0.01589	0.02280	0.01313	0.01727	0.01105	0.00622	0.00691	0.00207	0.00829	0.00622	0.00345	0.01105
42	0.01400	0.03610	0.71860	0.01989	0.03020	0.01621	0.02578	0.02210	0.01473	0.02210	0.01252	0.01473	0.00884	0.00663	0.00663	0.00221	0.01031	0.00516	0.00295	0.01031
43	0.04088	0.02313	0.25596	0.02352	0.03057	0.01660	0.35423	0.02095	0.01512	0.02185	0.01471	0.06573	0.01219	0.00768	0.00873	0.00238	0.06529	0.00771	0.00353	0.00926
44	0.01647	0.01882	0.04118	0.02941	0.03647	0.01765	0.68588	0.02235	0.01647	0.02235	0.01412	0.01882	0.01059	0.00588	0.00824	0.00235	0.01176	0.00824	0.00353	0.00941
45	0.00988	0.00713	0.00933	0.00878	0.01043	0.00658	0.00658	0.01317	0.01975	0.02798	0.70754	0.05213	0.06584	0.01427	0.00823	0.00219	0.00329	0.01262	0.00768	0.00658
46	0.01343	0.01264	0.02034	0.47791	0.03703	0.01596	0.03819	0.01712	0.01326	0.01798	0.01385	0.06928	0.01215	0.00922	0.01073	0.00251	0.17646	0.00721	0.02713	0.00759
47	0.01581	0.31704	0.45352	0.01680	0.02543	0.02064	0.02040	0.02163	0.01452	0.01989	0.01143	0.01336	0.00888	0.00637	0.00579	0.00193	0.00921	0.00460	0.00296	0.00979
48	0.00850	0.00607	0.00810	0.00972	0.01012	0.00567	0.00648	0.00972	0.01336	0.01781	0.03846	0.75020	0.04615	0.02186	0.00891	0.00283	0.00405	0.01984	0.00648	0.00567
49	0.00969	0.00735	0.00903	0.00915	0.01090	0.00681	0.00699	0.01282	0.03843	0.02341	0.34685	0.14351	0.22957	0.01661	0.00847	0.00246	0.00393	0.10058	0.00703	0.00641
50	0.01043	0.00852	0.01018	0.06845	0.01407	0.00838	0.00768	0.01528	0.10263	0.02364	0.31057	0.05214	0.31308	0.01443	0.00799	0.00229	0.00416	0.01235	0.00675	0.00696
51	0.01668	0.01763	0.02116	0.01828	0.01875	0.11385	0.01503	0.01825	0.01188	0.01683	0.00937	0.01492	0.00914	0.01156	0.02072	0.00289	0.64636	0.00590	0.00312	0.00769
52	0.00985	0.00709	0.00907	0.00860	0.01010	0.00658	0.00630	0.01275	0.01863	0.02617	0.61434	0.05200	0.08467	0.09046	0.01103	0.00267	0.00366	0.01244	0.00728	0.00632
53	0.80405	0.01350	0.01026	0.00918	0.01350	0.01565	0.00756	0.02051	0.01188	0.03131	0.00972	0.01134	0.00756	0.00648	0.00432	0.00216	0.00540	0.00378	0.00432	0.00756
54	0.01654	0.01613	0.02556	0.20198	0.49752	0.05138	0.02018	0.02065	0.01564	0.02129	0.01371	0.01958	0.01160	0.00692	0.00699	0.00216	0.00867	0.03004	0.00349	0.00997
55	0.01014	0.00678	0.00768	0.00766	0.00772	0.00676	0.00432	0.01026	0.01051	0.01408	0.04817	0.04591	0.02692	0.72647	0.03448	0.00659	0.00663	0.01024	0.00436	0.00432
56	0.02606	0.01927	0.02069	0.01584	0.02144	0.02117	0.01307	0.66214	0.03210	0.04316	0.01659	0.01667	0.01181	0.00825	0.00691	0.00205	0.00758	0.00620	0.00687	0.04212
57	0.06055	0.37014	0.04694	0.03768	0.01947	0.04268	0.05611	0.04355	0.01476	0.01965	0.04119	0.04057	0.01343	0.01106	0.06173	0.00259	0.06999	0.00568	0.00368	0.03857
58	0.01785	0.02175	0.11782	0.05786	0.37011	0.14180	0.07491	0.02271	0.03916	0.02154	0.01526	0.01836	0.03557	0.00696	0.00693	0.00209	0.00938	0.00630	0.00363	0.00999
59	0.01758	0.32670	0.28015	0.01560	0.02251	0.10147	0.01688	0.05666	0.01595	0.02010	0.01304	0.05955	0.01142	0.00748	0.00588	0.00190	0.00888	0.00549	0.00347	0.00930

[dist]
# distance from previous block
# <min> <max>
2	6

[block]
# block no. 3 follows, 30 sequences, length 24
# corresponding to MSA columns:
# 261-284
name=unknown_D
#
# <colnr> <probs for GDERKNQSTAVLIFYWHMCP>
#	G	D	E	R	K	N	Q	S	T	A	V	L	I	F	Y	W	H	M	C	P
0	0.01079	0.00771	0.01072	0.01233	0.01374	0.00764	0.01045	0.01367	0.01562	0.02037	0.03720	0.19024	0.04116	0.01971	0.00952	0.00315	0.00603	0.55723	0.00643	0.00630
1	0.01727	0.01658	0.02832	0.04283	0.71123	0.01658	0.02142	0.02142	0.01589	0.02280	0.01313	0.01727	0.01105	0.00622	0.00691	0.00207	0.00829	0.00622	0.00345	0.01105
2	0.01544	0.01298	0.01499	0.01080	0.01695	0.01030	0.00867	0.07164	0.01595	0.02445	0.01275	0.01465	0.01046	0.00543	0.00531	0.00112	0.00537	0.00431	0.00436	0.73405
3	0.00825	0.00707	0.00707	0.00707	0.00943	0.00589	0.00530	0.01001	0.01591	0.01885	0.07069	0.06716	0.70839	0.01767	0.00825	0.00236	0.00353	0.01473	0.00648	0.00589
4	0.00988	0.00713	0.00933	0.00878	0.01043	0.00658	0.00658	0.01317	0.01975	0.02798	0.70754	0.05213	0.06584	0.01427	0.00823	0.00219	0.00329	0.01262	0.00768	0.00658
5	0.01713	0.01293	0.01557	0.05529	0.01900	0.01078	0.00956	0.07382	0.01650	0.09635	0.01433	0.01587	0.01112	0.00590	0.00562	0.00132	0.00570	0.00474	0.00477	0.60369
6	0.01301	0.00650	0.00650	0.00650	0.00813	0.00650	0.00488	0.01626	0.01463	0.02602	0.02276	0.02602	0.01789	0.00813	0.00488	0.00163	0.00325	0.00650	0.79350	0.00650
7	0.01798	0.65360	0.13597	0.01310	0.01970	0.02595	0.01396	0.02107	0.01426	0.01725	0.01011	0.01171	0.00894	0.00607	0.00479	0.00160	0.00788	0.00394	0.00298	0.00915
8	0.00999	0.00924	0.00851	0.00836	0.01071	0.06467	0.00633	0.01199	0.01667	0.01983	0.13793	0.06140	0.55372	0.01649	0.00814	0.00232	0.00435	0.03681	0.00638	0.00617
9	0.01654	0.01863	0.04009	0.03054	0.09325	0.01756	0.62997	0.02227	0.01642	0.02239	0.01403	0.01869	0.01063	0.00591	0.00812	0.00233	0.01147	0.00807	0.00352	0.00955
10	0.01015	0.00677	0.00761	0.00761	0.00761	0.00677	0.00423	0.01015	0.01015	0.01353	0.02199	0.04567	0.02537	0.75476	0.03552	0.00677	0.00677	0.01015	0.00423	0.00423
11	0.01632	0.01705	0.02119	0.04660	0.01983	0.09533	0.01524	0.01800	0.01177	0.01686	0.00946	0.01512	0.00915	0.01148	0.02053	0.00289	0.63644	0.00594	0.00311	0.00769
12	0.00997	0.00748	0.01121	0.01121	0.01246	0.00872	0.00872	0.01246	0.01121	0.01620	0.01869	0.02741	0.01745	0.05234	0.72710	0.01121	0.01869	0.00748	0.00374	0.00623
13	0.01318	0.01240	0.02093	0.73798	0.04806	0.01550	0.01938	0.01783	0.01395	0.01783	0.01240	0.01860	0.00930	0.00698	0.00698	0.00233	0.00930	0.00620	0.00310	0.00775
14	0.02607	0.03326	0.01978	0.01798	0.02157	0.72674	0.01348	0.02787	0.01978	0.01708	0.01079	0.01258	0.00899	0.00719	0.00629	0.00180	0.01258	0.00449	0.00360	0.00809
15	0.01727	0.01658	0.02832	0.04283	0.71123	0.01658	0.02142	0.02142	0.01589	0.02280	0.01313	0.01727	0.01105	0.00622	0.00691	0.00207	0.00829	0.00622	0.00345	0.01105
16	0.01124	0.00803	0.01124	0.01285	0.01446	0.00803	0.01124	0.01446	0.01606	0.02088	0.03695	0.07871	0.04016	0.01928	0.00964	0.00321	0.00643	0.66426	0.00643	0.00643
17	0.01400	0.03610	0.71860	0.01989	0.03020	0.01621	0.02578	0.02210	0.01473	0.02210	0.01252	0.01473	0.00884	0.00663	0.00663	0.00221	0.01031	0.00516	0.00295	0.01031
18	0.01015	0.00677	0.00761	0.00761	0.00761	0.00677	0.00423	0.01015	0.01015	0.01353	0.02199	0.04567	0.02537	0.75476	0.03552	0.00677	0.00677	0.01015	0.00423	0.00423
19	0.02653	0.01955	0.02094	0.01606	0.02164	0.02164	0.01326	0.68796	0.03281	0.04398	0.01675	0.01675	0.01187	0.00838	0.00698	0.00209	0.00768	0.00628	0.00698	0.01187
20	0.01015	0.00677	0.00761	0.00761	0.00761	0.00677	0.00423	0.01015	0.01015	0.01353	0.02199	0.04567	0.02537	0.75476	0.03552	0.00677	0.00677	0.01015	0.00423	0.00423
21	0.70614	0.01391	0.01139	0.00988	0.01435	0.01590	0.00814	0.07540	0.01394	0.06307	0.01109	0.01233	0.00834	0.00673	0.00466	0.00215	0.00561	0.00413	0.00473	0.00810
22	0.01966	0.01671	0.01716	0.01323	0.01879	0.07253	0.01062	0.23983	0.09262	0.02991	0.01537	0.01628	0.01188	0.00683	0.00606	0.00158	0.00663	0.00526	0.00533	0.39373
23	0.01626	0.01677	0.03178	0.09037	0.28880	0.01699	0.29966	0.02147	0.03765	0.02186	0.01393	0.01853	0.01114	0.00806	0.03145	0.00257	0.05225	0.00715	0.00356	0.00974

[dist]
# distance from previous block
# <min> <max>
2	20

[block]
# block no. 4 follows, 30 sequences, length 329
# corresponding to MSA columns:
# 305-633
name=unknown_E
#
# <colnr> <probs for GDERKNQSTAVLIFYWHMCP>
#	G	D	E	R	K	N	Q	S	T	A	V	L	I	F	Y	W	H	M	C	P
0	0.01746	0.13160	0.26859	0.01881	0.10259	0.10957	0.01725	0.08481	0.01747	0.02353	0.05690	0.01787	0.01387	0.00735	0.00627	0.00197	0.00859	0.00569	0.08034	0.00946
1	0.07271	0.05152	0.01822	0.06197	0.02080	0.37879	0.01222	0.11401	0.04479	0.02339	0.09201	0.02041	0.04334	0.00852	0.00655	0.00197	0.00941	0.00620	0.00474	0.00843
2	0.01079	0.00856	0.01109	0.01093	0.01197	0.03669	0.00816	0.01270	0.01131	0.01569	0.01879	0.03031	0.01853	0.19696	0.53281	0.00967	0.03740	0.00788	0.00382	0.00592
3	0.03131	0.01188	0.01619	0.01242	0.01781	0.01026	0.01026	0.03401	0.01997	0.71606	0.02753	0.02375	0.01727	0.00864	0.00702	0.00216	0.00594	0.00702	0.00864	0.01188
4	0.00850	0.00607	0.00810	0.00972	0.01012	0.00567	0.00648	0.00972	0.01336	0.01781	0.03846	0.75020	0.04615	0.02186	0.00891	0.00283	0.00405	0.01984	0.00648	0.00567
5	0.80405	0.01350	0.01026	0.00918	0.01350	0.01565	0.00756	0.02051	0.01188	0.03131	0.00972	0.01134	0.00756	0.00648	0.00432	0.00216	0.00540	0.00378	0.00432	0.00756
6	0.00850	0.00607	0.00810	0.00972	0.01012	0.00567	0.00648	0.00972	0.01336	0.01781	0.03846	0.75020	0.04615	0.02186	0.00891	0.00283	0.00405	0.01984	0.00648	0.00567
7	0.01527	0.01527	0.02137	0.01832	0.01832	0.02137	0.01527	0.01679	0.01069	0.01679	0.00916	0.01527	0.00916	0.01221	0.02290	0.00305	0.74198	0.00611	0.00305	0.00763
8	0.02918	0.01141	0.01546	0.01201	0.01706	0.00988	0.00986	0.03188	0.01983	0.64901	0.07293	0.02699	0.04275	0.00929	0.00714	0.00217	0.00569	0.00763	0.00851	0.01134
9	0.01447	0.01240	0.01447	0.01034	0.01654	0.00930	0.00827	0.01757	0.01447	0.02274	0.01240	0.01447	0.01034	0.00517	0.00517	0.00103	0.00517	0.00413	0.00413	0.79742
10	0.80405	0.01350	0.01026	0.00918	0.01350	0.01565	0.00756	0.02051	0.01188	0.03131	0.00972	0.01134	0.00756	0.00648	0.00432	0.00216	0.00540	0.00378	0.00432	0.00756
11	0.01042	0.00676	0.00763	0.00763	0.00783	0.00681	0.00445	0.01082	0.01062	0.01483	0.02195	0.04313	0.02437	0.65790	0.05668	0.00642	0.00684	0.00970	0.08069	0.00452
12	0.01015	0.00677	0.00761	0.00761	0.00761	0.00677	0.00423	0.01015	0.01015	0.01353	0.02199	0.04567	0.02537	0.75476	0.03552	0.00677	0.00677	0.01015	0.00423	0.00423
13	0.01866	0.75896	0.03657	0.01194	0.01791	0.02761	0.01194	0.02090	0.01418	0.01642	0.00970	0.01119	0.00896	0.00597	0.00448	0.00149	0.00746	0.00373	0.00299	0.00896
14	0.01714	0.01645	0.02809	0.06495	0.69013	0.01655	0.02135	0.02130	0.01583	0.02264	0.01310	0.01731	0.01100	0.00624	0.00691	0.00208	0.00832	0.00622	0.00344	0.01095
15	0.00951	0.00712	0.00882	0.00839	0.01020	0.00643	0.00629	0.01246	0.01888	0.02592	0.56364	0.05552	0.21104	0.01504	0.00823	0.00223	0.00335	0.01310	0.00741	0.00643
16	0.00849	0.00610	0.00806	0.00963	0.01010	0.00568	0.00644	0.00973	0.01344	0.01785	0.03948	0.72865	0.06705	0.02173	0.00889	0.00282	0.00403	0.01968	0.00648	0.00568
17	0.02530	0.06557	0.02060	0.01772	0.02128	0.66666	0.01348	0.02710	0.01916	0.01704	0.01067	0.01263	0.00899	0.00734	0.00687	0.00183	0.04157	0.00452	0.00355	0.00811
18	0.00960	0.00712	0.00894	0.00849	0.01025	0.00647	0.00636	0.01263	0.01909	0.02641	0.59810	0.05471	0.17627	0.01485	0.00823	0.00222	0.00333	0.01298	0.00748	0.00647
19	0.02112	0.51823	0.03100	0.01394	0.01913	0.25953	0.01245	0.02321	0.01604	0.01664	0.01006	0.01166	0.00897	0.00638	0.00508	0.00159	0.00916	0.00398	0.00319	0.00867
20	0.01693	0.01622	0.02752	0.04149	0.68478	0.01618	0.02081	0.02099	0.01589	0.02265	0.01529	0.01915	0.03733	0.00665	0.00696	0.00208	0.00811	0.00654	0.00357	0.01086
21	0.01301	0.00650	0.00650	0.00650	0.00813	0.00650	0.00488	0.01626	0.01463	0.02602	0.02276	0.02602	0.01789	0.00813	0.00488	0.00163	0.00325	0.00650	0.79350	0.00650
22	0.00871	0.00616	0.00804	0.00945	0.00981	0.00581	0.00620	0.00977	0.01296	0.01728	0.03640	0.66214	0.04356	0.11347	0.01223	0.00333	0.00439	0.01863	0.00620	0.00549
23	0.00850	0.00607	0.00810	0.00972	0.01012	0.00567	0.00648	0.00972	0.01336	0.01781	0.03846	0.75020	0.04615	0.02186	0.00891	0.00283	0.00405	0.01984	0.00648	0.00567
24	0.01647	0.01882	0.04118	0.02941	0.03647	0.01765	0.68588	0.02235	0.01647	0.02235	0.01412	0.01882	0.01059	0.00588	0.00824	0.00235	0.01176	0.00824	0.00353	0.00941
25	0.02623	0.01940	0.02078	0.01600	0.02153	0.02150	0.01319	0.66693	0.05432	0.04350	0.01713	0.01705	0.01217	0.00841	0.00698	0.00210	0.00761	0.00633	0.00698	0.01184
26	0.04624	0.24442	0.44852	0.01706	0.02522	0.01983	0.02038	0.02135	0.01421	0.02047	0.01138	0.01360	0.00884	0.00678	0.00694	0.00205	0.05529	0.00475	0.00302	0.00964
27	0.01685	0.01382	0.01575	0.01147	0.01755	0.01174	0.00926	0.15011	0.01810	0.02694	0.01326	0.01492	0.01064	0.00580	0.00553	0.00124	0.00566	0.00456	0.00470	0.64211
28	0.15901	0.01214	0.01521	0.01188	0.01710	0.01115	0.00981	0.03178	0.01863	0.60290	0.02459	0.02170	0.01567	0.00828	0.00657	0.00216	0.00585	0.00648	0.00792	0.01116
29	0.02577	0.06233	0.02045	0.01774	0.02143	0.69873	0.01342	0.02759	0.01955	0.01705	0.01074	0.01253	0.00899	0.00714	0.00622	0.00179	0.01238	0.00446	0.00357	0.00812
30	0.01484	0.01620	0.13255	0.05088	0.23427	0.01308	0.04273	0.02012	0.05843	0.05372	0.04346	0.09768	0.02288	0.01119	0.00777	0.00247	0.00756	0.15614	0.00489	0.00912
31	0.01042	0.00727	0.00939	0.00877	0.01058	0.00665	0.00661	0.01359	0.01950	0.04844	0.64366	0.05227	0.10781	0.01432	0.00819	0.00220	0.00339	0.01259	0.00763	0.00670
32	0.00850	0.00607	0.00810	0.00972	0.01012	0.00567	0.00648	0.00972	0.01336	0.01781	0.03846	0.75020	0.04615	0.02186	0.00891	0.00283	0.00405	0.01984	0.00648	0.00567
33	0.02972	0.01238	0.03803	0.01253	0.01786	0.01024	0.01058	0.03253	0.01951	0.66234	0.02755	0.05653	0.01832	0.00918	0.00709	0.00219	0.00599	0.00754	0.00836	0.01154
34	0.02684	0.01246	0.01575	0.01260	0.01748	0.01182	0.01023	0.05857	0.15376	0.50696	0.05325	0.02638	0.04243	0.00929	0.00712	0.00221	0.00575	0.00762	0.00816	0.01132
35	0.00935	0.00711	0.00859	0.00822	0.01010	0.00636	0.00617	0.01215	0.01850	0.02502	0.50086	0.05700	0.27438	0.01537	0.00824	0.00225	0.00337	0.01330	0.00729	0.00636
36	0.01647	0.01882	0.04118	0.02941	0.03647	0.01765	0.68588	0.02235	0.01647	0.02235	0.01412	0.01882	0.01059	0.00588	0.00824	0.00235	0.01176	0.00824	0.00353	0.00941
37	0.07762	0.43610	0.25712	0.01502	0.02232	0.02257	0.04311	0.02132	0.01427	0.01966	0.01080	0.01266	0.00888	0.00622	0.00532	0.00181	0.00841	0.00438	0.00310	0.00931
38	0.01306	0.00781	0.00775	0.00757	0.00917	0.03218	0.00569	0.01601	0.01463	0.02444	0.04616	0.02836	0.04515	0.03711	0.02924	0.00221	0.02838	0.00709	0.63151	0.00649
39	0.01212	0.00606	0.00909	0.00909	0.00909	0.00606	0.00606	0.00909	0.00909	0.01212	0.01212	0.02121	0.01212	0.02424	0.02727	0.79697	0.00606	0.00606	0.00303	0.00303
40	0.01346	0.01269	0.02143	0.69098	0.09291	0.01558	0.01952	0.01807	0.01408	0.01817	0.01245	0.01851	0.00942	0.00693	0.00697	0.00231	0.00923	0.00620	0.00312	0.00798
41	0.01884	0.69626	0.06144	0.01253	0.01855	0.06134	0.01254	0.02128	0.01447	0.01666	0.00986	0.01140	0.00895	0.00605	0.00465	0.00153	0.00782	0.00382	0.00301	0.00896
42	0.01581	0.01355	0.01667	0.01217	0.01804	0.01151	0.03995	0.08508	0.01622	0.02456	0.01276	0.01494	0.01044	0.00587	0.00636	0.00130	0.04172	0.00463	0.00434	0.64407
43	0.01631	0.02463	0.28983	0.02342	0.03151	0.01649	0.34206	0.05257	0.01653	0.04411	0.01393	0.01705	0.01018	0.00631	0.00733	0.00219	0.01040	0.00668	0.00367	0.06479
44	0.00860	0.00612	0.00807	0.00959	0.00996	0.00574	0.00634	0.00974	0.01316	0.01755	0.03743	0.70618	0.04486	0.06766	0.01057	0.00308	0.00422	0.01923	0.00634	0.00558
45	0.68957	0.01480	0.01179	0.01025	0.01469	0.03805	0.00840	0.09863	0.01456	0.03235	0.01057	0.01201	0.00810	0.00672	0.00469	0.00214	0.00588	0.00409	0.00461	0.00808
46	0.00871	0.00616	0.00804	0.00945	0.00980	0.00581	0.00619	0.00977	0.01295	0.01727	0.03637	0.66092	0.04352	0.11474	0.01228	0.00333	0.00439	0.01861	0.00619	0.00549
47	0.02593	0.01925	0.02061	0.01594	0.02141	0.02136	0.01312	0.64555	0.07619	0.04302	0.01751	0.01736	0.01248	0.00845	0.00699	0.00211	0.00754	0.00639	0.00699	0.01181
48	0.01499	0.01239	0.01452	0.01040	0.01658	0.00933	0.00833	0.01808	0.01464	0.04425	0.01287	0.01476	0.01055	0.00528	0.00523	0.00107	0.00519	0.00422	0.00427	0.77304
49	0.01018	0.00731	0.01086	0.01086	0.01194	0.00839	0.00828	0.01204	0.01097	0.01570	0.01819	0.02754	0.01725	0.07775	0.63162	0.08714	0.01699	0.00745	0.00369	0.00584
50	0.02231	0.40102	0.02828	0.01492	0.01972	0.37245	0.01270	0.02433	0.01694	0.01674	0.01024	0.01188	0.00897	0.00657	0.00537	0.00164	0.00999	0.00411	0.00329	0.00853
51	0.01235	0.00745	0.00945	0.00871	0.01069	0.00690	0.00662	0.01558	0.01888	0.08937	0.52693	0.04502	0.05311	0.01269	0.00754	0.00209	0.00352	0.01105	0.14502	0.00705
52	0.01457	0.01422	0.02079	0.15168	0.04627	0.01922	0.01576	0.01683	0.01150	0.01714	0.01058	0.01682	0.00984	0.01393	0.07004	0.00347	0.53030	0.00623	0.00312	0.00767
53	0.02549	0.01890	0.02022	0.01564	0.02104	0.02087	0.01287	0.63949	0.05393	0.04249	0.01930	0.01908	0.04008	0.00879	0.00704	0.00211	0.00744	0.00667	0.00696	0.01160
54	0.01527	0.01527	0.02137	0.01832	0.01832	0.02137	0.01527	0.01679	0.01069	0.01679	0.00916	0.01527	0.00916	0.01221	0.02290	0.00305	0.74198	0.00611	0.00305	0.00763
55	0.01985	0.09529	0.01789	0.01436	0.06522	0.01399	0.01085	0.08880	0.10618	0.21179	0.15619	0.05323	0.04844	0.01051	0.00772	0.00220	0.03232	0.02884	0.00669	0.00965
56	0.80405	0.01350	0.01026	0.00918	0.01350	0.01565	0.00756	0.02051	0.01188	0.03131	0.00972	0.01134	0.00756	0.00648	0.00432	0.00216	0.00540	0.00378	0.00432	0.00756
57	0.01015	0.00677	0.00761	0.00761	0.00761	0.00677	0.00423	0.01015	0.01015	0.01353	0.02199	0.04567	0.02537	0.75476	0.03552	0.00677	0.00677	0.01015	0.00423	0.00423
58	0.00869	0.00619	0.00824	0.00980	0.01025	0.00582	0.00664	0.00996	0.01339	0.01782	0.03785	0.69433	0.04518	0.04573	0.00981	0.00298	0.00425	0.05101	0.00640	0.00566
59	0.01727	0.01658	0.02832	0.04283	0.71123	0.01658	0.02142	0.02142	0.01589	0.02280	0.01313	0.01727	0.01105	0.00622	0.00691	0.00207	0.00829	0.00622	0.00345	0.01105
60	0.01527	0.01527	0.02137	0.01832	0.01832	0.02137	0.01527	0.01679	0.01069	0.01679	0.00916	0.01527	0.00916	0.01221	0.02290	0.00305	0.74198	0.00611	0.00305	0.00763
61	0.00850	0.00607	0.00810	0.00972	0.01012	0.00567	0.00648	0.00972	0.01336	0.01781	0.03846	0.75020	0.04615	0.02186	0.00891	0.00283	0.00405	0.01984	0.00648	0.00567
62	0.01105	0.00790	0.01097	0.01227	0.01388	0.00782	0.01058	0.01427	0.01659	0.02190	0.13317	0.07490	0.04385	0.01856	0.00944	0.00307	0.00598	0.57075	0.00661	0.00645
63	0.00847	0.00620	0.00796	0.00937	0.01003	0.00570	0.00632	0.00976	0.01370	0.01795	0.04272	0.66001	0.13360	0.02131	0.00882	0.00277	0.00398	0.01916	0.00648	0.00570
64	0.01318	0.01240	0.02093	0.73798	0.04806	0.01550	0.01938	0.01783	0.01395	0.01783	0.01240	0.01860	0.00930	0.00698	0.00698	0.00233	0.00930	0.00620	0.00310	0.00775
65	0.01990	0.01625	0.01721	0.01472	0.01912	0.01854	0.01166	0.21760	0.51396	0.03329	0.02517	0.02346	0.01869	0.00917	0.00707	0.00229	0.00612	0.00744	0.00707	0.01127
66	0.80405	0.01350	0.01026	0.00918	0.01350	0.01565	0.00756	0.02051	0.01188	0.03131	0.00972	0.01134	0.00756	0.00648	0.00432	0.00216	0.00540	0.00378	0.00432	0.00756
67	0.01401	0.01285	0.02093	0.69310	0.04642	0.01589	0.01900	0.05950	0.01513	0.01946	0.01267	0.01849	0.00946	0.00706	0.00698	0.00231	0.00920	0.00621	0.00334	0.00801
68	0.02246	0.38698	0.02796	0.01503	0.01979	0.38597	0.01273	0.02447	0.01705	0.01676	0.01026	0.01191	0.00897	0.00660	0.00541	0.00165	0.01009	0.00412	0.00330	0.00851
69	0.01151	0.00780	0.00985	0.00934	0.01144	0.00722	0.00724	0.01504	0.04062	0.07453	0.47187	0.05425	0.15925	0.01474	0.00825	0.00232	0.00390	0.07642	0.00742	0.00698
70	0.01553	0.06029	0.31191	0.02649	0.25542	0.01649	0.05122	0.02271	0.07995	0.02288	0.03692	0.01991	0.01366	0.00734	0.00688	0.00218	0.00876	0.02737	0.00380	0.01028
71	0.01777	0.01520	0.01601	0.01429	0.01831	0.01755	0.01115	0.06670	0.66832	0.02986	0.02787	0.02561	0.02087	0.00942	0.00710	0.00235	0.00562	0.00782	0.00710	0.01108
72	0.70891	0.03988	0.01246	0.01118	0.04805	0.01634	0.00860	0.04572	0.01294	0.03085	0.01015	0.01183	0.00794	0.00652	0.00455	0.00213	0.00570	0.00399	0.00433	0.00794
73	0.01257	0.01021	0.01513	0.01461	0.04709	0.01006	0.09550	0.11174	0.01682	0.02251	0.03201	0.49307	0.05600	0.01698	0.00843	0.00261	0.00575	0.01557	0.00604	0.00731
74	0.01396	0.01232	0.01633	0.01223	0.01762	0.01001	0.06901	0.01704	0.01439	0.02192	0.01556	0.10274	0.01460	0.00746	0.00647	0.00143	0.02995	0.00644	0.00432	0.60619
75	0.01412	0.03525	0.68550	0.02035	0.03051	0.01628	0.05803	0.02211	0.01482	0.02211	0.01260	0.01493	0.00893	0.00659	0.00671	0.00222	0.01038	0.00531	0.00298	0.01027
76	0.00864	0.00632	0.00813	0.00929	0.01008	0.00581	0.00636	0.01018	0.01445	0.01920	0.12520	0.58470	0.12508	0.02044	0.00875	0.00270	0.00390	0.01835	0.00663	0.00581
77	0.01114	0.00795	0.01112	0.01273	0.01428	0.00794	0.01105	0.01427	0.01596	0.02076	0.03701	0.10561	0.04040	0.01938	0.00961	0.00320	0.00633	0.63844	0.00643	0.00640
78	0.00983	0.00713	0.00926	0.00873	0.01039	0.00656	0.00655	0.01307	0.01964	0.02770	0.68811	0.05258	0.08545	0.01437	0.00823	0.00220	0.00330	0.01268	0.00765	0.00656
79	0.02607	0.03326	0.01978	0.01798	0.02157	0.72674	0.01348	0.02787	0.01978	0.01708	0.01079	0.01258	0.00899	0.00719	0.00629	0.00180	0.01258	0.00449	0.00360	0.00809
80	0.01015	0.00677	0.00761	0.00761	0.00761	0.00677	0.00423	0.01015	0.01015	0.01353	0.02199	0.04567	0.02537	0.75476	0.03552	0.00677	0.00677	0.01015	0.00423	0.00423
81	0.00988	0.00713	0.00933	0.00878	0.01043	0.00658	0.00658	0.01317	0.01975	0.02798	0.70754	0.05213	0.06584	0.01427	0.00823	0.00219	0.00329	0.01262	0.00768	0.00658
82	0.01765	0.01513	0.01594	0.01426	0.01826	0.01749	0.01112	0.05770	0.67753	0.02966	0.02803	0.02574	0.02100	0.00943	0.00710	0.00236	0.00559	0.00784	0.00710	0.01107
83	0.02671	0.01926	0.02076	0.01592	0.02150	0.02121	0.01315	0.66332	0.03233	0.06930	0.01716	0.01702	0.01207	0.00839	0.00698	0.00210	0.00761	0.00631	0.00704	0.01187
84	0.02690	0.01895	0.02057	0.01577	0.02134	0.02076	0.01303	0.63718	0.03181	0.09617	0.01759	0.01730	0.01229	0.00840	0.00698	0.00210	0.00754	0.00634	0.00711	0.01187
