[name]
unknown

[dist]
# distance from previous block
# <min> <max>
0	39

[block]
# block no. 0 follows, 30 sequences, length 75
# corresponding to MSA columns:
# 39-113
name=unknown_A
#
# <colnr> <probs for GDERKNQSTAVLIFYWHMCP>
#	G	D	E	R	K	N	Q	S	T	A	V	L	I	F	Y	W	H	M	C	P
0	0.02022	0.04577	0.35674	0.01839	0.05899	0.01657	0.01908	0.18316	0.02005	0.14794	0.01679	0.01863	0.01203	0.00772	0.00682	0.00218	0.00863	0.02441	0.00503	0.01085
1	0.01830	0.02418	0.21945	0.01645	0.02221	0.14027	0.01570	0.03106	0.36379	0.04447	0.02073	0.02037	0.01545	0.00823	0.00682	0.00222	0.00815	0.00648	0.00533	0.01034
2	0.02515	0.01411	0.01667	0.01353	0.01836	0.01450	0.01093	0.14970	0.24724	0.34760	0.04784	0.02419	0.01922	0.00905	0.00708	0.00222	0.00602	0.00736	0.00780	0.01143
3	0.01408	0.01464	0.02925	0.09879	0.05078	0.01411	0.39875	0.01884	0.01660	0.02249	0.14470	0.06405	0.06184	0.00900	0.00809	0.00234	0.00900	0.00970	0.00455	0.00838
4	0.01592	0.01504	0.02449	0.14356	0.40746	0.01472	0.05090	0.01998	0.01527	0.02198	0.01289	0.01689	0.01058	0.00607	0.00657	0.00188	0.00787	0.00582	0.00357	0.19855
5	0.01283	0.00989	0.01418	0.05296	0.18016	0.00940	0.01066	0.01569	0.01677	0.07506	0.19976	0.11694	0.23155	0.01333	0.00783	0.00228	0.00514	0.01171	0.00604	0.00782
6	0.00973	0.00671	0.00782	0.00802	0.00841	0.00651	0.00489	0.01036	0.01198	0.01597	0.09424	0.15985	0.07884	0.51659	0.02680	0.00540	0.00578	0.01224	0.00507	0.00480
7	0.01767	0.01565	0.01592	0.01434	0.01827	0.04310	0.01113	0.03675	0.67398	0.02875	0.02776	0.02555	0.02085	0.00938	0.00707	0.00235	0.00578	0.00777	0.00697	0.01094
8	0.01891	0.01180	0.01574	0.01193	0.01707	0.00986	0.05195	0.03863	0.01756	0.22925	0.12611	0.02565	0.05174	0.00827	0.00656	0.00171	0.00552	0.00707	0.00615	0.33852
9	0.01400	0.03610	0.71860	0.01989	0.03020	0.01621	0.02578	0.02210	0.01473	0.02210	0.01252	0.01473	0.00884	0.00663	0.00663	0.00221	0.01031	0.00516	0.00295	0.01031
10	0.02216	0.01394	0.01589	0.01343	0.01789	0.01483	0.01069	0.08183	0.39827	0.25378	0.02920	0.02649	0.05049	0.00949	0.00712	0.00228	0.00572	0.00780	0.00756	0.01114
11	0.00848	0.00617	0.00800	0.00946	0.01005	0.00569	0.00636	0.00975	0.01361	0.01791	0.04160	0.68362	0.11071	0.02145	0.00884	0.00279	0.00400	0.01934	0.00648	0.00569
12	0.01415	0.01336	0.02258	0.53492	0.22354	0.01555	0.01960	0.01858	0.01445	0.01915	0.01324	0.03647	0.01069	0.00715	0.00701	0.00227	0.00890	0.00655	0.00328	0.00858
13	0.02240	0.01520	0.01716	0.01398	0.01827	0.01645	0.01120	0.37762	0.10038	0.12693	0.02146	0.07106	0.01727	0.05598	0.07842	0.00333	0.00797	0.00781	0.00671	0.01038
14	0.03030	0.01162	0.01584	0.01230	0.01747	0.01005	0.01009	0.03294	0.01968	0.68525	0.02801	0.05580	0.01855	0.00922	0.00710	0.00219	0.00585	0.00758	0.00854	0.01160
15	0.03090	0.01253	0.01660	0.01273	0.01814	0.01123	0.01051	0.09002	0.02107	0.65849	0.02661	0.02315	0.01681	0.00861	0.00701	0.00215	0.00609	0.00695	0.00850	0.01188
16	0.01727	0.01658	0.02832	0.04283	0.71123	0.01658	0.02142	0.02142	0.01589	0.02280	0.01313	0.01727	0.01105	0.00622	0.00691	0.00207	0.00829	0.00622	0.00345	0.01105
17	0.01647	0.01882	0.04118	0.02941	0.03647	0.01765	0.68588	0.02235	0.01647	0.02235	0.01412	0.01882	0.01059	0.00588	0.00824	0.00235	0.01176	0.00824	0.00353	0.00941
18	0.02604	0.01908	0.02042	0.01571	0.02115	0.02109	0.01296	0.66373	0.03215	0.04333	0.01697	0.01709	0.01208	0.00837	0.00690	0.00208	0.00752	0.00629	0.03535	0.01167
19	0.01517	0.02378	0.31687	0.01980	0.02675	0.01539	0.18939	0.08732	0.05051	0.02377	0.01793	0.11345	0.01578	0.04174	0.00867	0.00252	0.00921	0.00832	0.00422	0.00940
20	0.18139	0.01289	0.01891	0.49602	0.08395	0.01531	0.01651	0.01955	0.01399	0.06056	0.01274	0.01727	0.00950	0.00691	0.00641	0.00226	0.00822	0.00574	0.00370	0.00817
21	0.01301	0.00650	0.00650	0.00650	0.00813	0.00650	0.00488	0.01626	0.01463	0.02602	0.02276	0.02602	0.01789	0.00813	0.00488	0.00163	0.00325	0.00650	0.79350	0.00650
22	0.01226	0.01012	0.01232	0.05313	0.01487	0.05796	0.00940	0.01390	0.01362	0.05236	0.02886	0.46808	0.03271	0.01932	0.04640	0.00315	0.12490	0.01456	0.00551	0.00661
23	0.01078	0.02920	0.01051	0.00925	0.01143	0.00840	0.00707	0.01582	0.10347	0.02625	0.49439	0.05030	0.16868	0.01402	0.00799	0.00222	0.00373	0.01214	0.00727	0.00709
24	0.00978	0.00739	0.00906	0.00859	0.01047	0.00680	0.00646	0.01330	0.04213	0.02604	0.54567	0.05451	0.20421	0.01484	0.00820	0.00224	0.00342	0.01292	0.00740	0.00659
25	0.01447	0.01240	0.01447	0.01034	0.01654	0.00930	0.00827	0.01757	0.01447	0.02274	0.01240	0.01447	0.01034	0.00517	0.00517	0.00103	0.00517	0.00413	0.00413	0.79742
26	0.01034	0.05811	0.01105	0.00911	0.01111	0.00793	0.00692	0.01308	0.01772	0.02451	0.46348	0.17087	0.10106	0.01482	0.00794	0.00221	0.00382	0.01301	0.00689	0.04599
27	0.01415	0.01331	0.02173	0.55851	0.06215	0.01595	0.05148	0.03681	0.03383	0.01941	0.01287	0.01831	0.00987	0.00727	0.00801	0.00230	0.05770	0.00625	0.00340	0.04673
28	0.00850	0.00607	0.00810	0.00972	0.01012	0.00567	0.00648	0.00972	0.01336	0.01781	0.03846	0.75020	0.04615	0.02186	0.00891	0.00283	0.00405	0.01984	0.00648	0.00567
29	0.01318	0.01240	0.02093	0.73798	0.04806	0.01550	0.01938	0.01783	0.01395	0.01783	0.01240	0.01860	0.00930	0.00698	0.00698	0.00233	0.00930	0.00620	0.00310	0.00775
30	0.01334	0.01272	0.02194	0.70263	0.04748	0.01561	0.05263	0.01806	0.01408	0.01806	0.01249	0.01862	0.00937	0.00692	0.00704	0.00233	0.00943	0.00630	0.00312	0.00783
31	0.03112	0.01218	0.01638	0.01256	0.01797	0.01071	0.01038	0.06009	0.02048	0.68925	0.02710	0.02347	0.01706	0.00863	0.00702	0.00216	0.00601	0.00699	0.00857	0.01188
32	0.00825	0.00707	0.00707	0.00707	0.00943	0.00589	0.00530	0.01001	0.01591	0.01885	0.07069	0.06716	0.70839	0.01767	0.00825	0.00236	0.00353	0.01473	0.00648	0.00589
33	0.01689	0.01888	0.10950	0.04013	0.63114	0.01654	0.02193	0.02150	0.01575	0.02272	0.01306	0.01697	0.01079	0.00627	0.00688	0.00209	0.00853	0.00609	0.00339	0.01097
34	0.01693	0.01615	0.02708	0.09969	0.62105	0.01653	0.02073	0.02190	0.04979	0.02270	0.01383	0.01782	0.01142	0.00644	0.00692	0.00211	0.00824	0.00630	0.00361	0.01078
35	0.00997	0.00746	0.01111	0.01111	0.01232	0.00867	0.00859	0.01239	0.01118	0.01612	0.01879	0.02794	0.01767	0.07257	0.70719	0.01109	0.01835	0.00755	0.00375	0.00617
36	0.00847	0.00618	0.00799	0.00944	0.01005	0.00569	0.00635	0.00975	0.01363	0.01792	0.04189	0.67765	0.11650	0.02142	0.00884	0.00278	0.00399	0.01930	0.00648	0.00569
37	0.04987	0.01364	0.02359	0.55023	0.11321	0.01587	0.09743	0.01885	0.01435	0.01948	0.01256	0.01816	0.00955	0.00675	0.00700	0.00230	0.00931	0.00633	0.00324	0.00828
38	0.01444	0.10474	0.65384	0.01913	0.02904	0.01729	0.02447	0.02199	0.01468	0.02156	0.01226	0.01440	0.00885	0.00657	0.00643	0.00214	0.01004	0.00502	0.00295	0.01018
39	0.01582	0.02131	0.15736	0.02779	0.06820	0.01696	0.51596	0.02185	0.01604	0.02218	0.01458	0.04161	0.01145	0.00654	0.00791	0.00233	0.01109	0.00797	0.00352	0.00953
40	0.01507	0.20284	0.56128	0.01806	0.02737	0.01884	0.02259	0.02182	0.01461	0.02079	0.01187	0.01392	0.00887	0.00648	0.00613	0.00204	0.00966	0.00483	0.00296	0.01000
41	0.01481	0.25099	0.39101	0.01586	0.02338	0.01814	0.01863	0.02030	0.01517	0.02089	0.08422	0.02180	0.01681	0.00806	0.00634	0.00206	0.00847	0.05011	0.00368	0.00926
42	0.06874	0.01327	0.01588	0.01168	0.01764	0.01116	0.04220	0.04953	0.05398	0.02463	0.01341	0.01523	0.01085	0.00568	0.00545	0.00130	0.00564	0.00462	0.00441	0.62468
43	0.01480	0.01467	0.01909	0.01673	0.01715	0.05868	0.01368	0.01646	0.01128	0.01660	0.01131	0.01819	0.01110	0.04273	0.14372	0.00451	0.55237	0.00638	0.00324	0.00731
44	0.01026	0.00761	0.00992	0.01106	0.01275	0.00728	0.00926	0.01297	0.01596	0.02042	0.07078	0.12702	0.20313	0.01890	0.00919	0.00294	0.00542	0.43240	0.00649	0.00624
45	0.01598	0.01526	0.02599	0.26256	0.50161	0.01624	0.02077	0.02028	0.01528	0.02123	0.01290	0.01769	0.01050	0.00646	0.00693	0.00215	0.00861	0.00621	0.00334	0.01001
46	0.01508	0.01390	0.02272	0.52053	0.20656	0.01618	0.01945	0.06457	0.01571	0.02082	0.01288	0.01816	0.00990	0.00689	0.00696	0.00225	0.00895	0.00621	0.00345	0.00883
47	0.01805	0.01819	0.02712	0.06791	0.61130	0.09219	0.02049	0.02196	0.01623	0.02199	0.01285	0.01683	0.01076	0.00635	0.00685	0.00205	0.00879	0.00603	0.00346	0.01061
48	0.00988	0.00713	0.00933	0.00878	0.01043	0.00658	0.00658	0.01317	0.01975	0.02798	0.70754	0.05213	0.06584	0.01427	0.00823	0.00219	0.00329	0.01262	0.00768	0.00658
49	0.00932	0.00717	0.01033	0.13645	0.01672	0.00738	0.00872	0.01113	0.01346	0.01782	0.03393	0.62289	0.03974	0.01927	0.00857	0.00275	0.00496	0.01746	0.00589	0.00603
50	0.03367	0.01446	0.02521	0.50167	0.04244	0.01650	0.16783	0.07505	0.01605	0.02135	0.01309	0.01833	0.00976	0.00684	0.00720	0.00231	0.00963	0.00661	0.00355	0.00846
51	0.00850	0.00607	0.00810	0.00972	0.01012	0.00567	0.00648	0.00972	0.01336	0.01781	0.03846	0.75020	0.04615	0.02186	0.00891	0.00283	0.00405	0.01984	0.00648	0.00567
52	0.02514	0.01850	0.01978	0.01539	0.02064	0.02049	0.01264	0.60584	0.07686	0.04196	0.01788	0.01791	0.01285	0.00844	0.00687	0.00209	0.00728	0.00640	0.05154	0.01151
53	0.01543	0.03032	0.52345	0.06232	0.06215	0.01601	0.10480	0.02256	0.01526	0.06312	0.01363	0.01610	0.00968	0.00666	0.00688	0.00222	0.01008	0.00575	0.00339	0.01018
54	0.02611	0.01934	0.02071	0.01597	0.02148	0.02145	0.01316	0.65842	0.06302	0.04331	0.01728	0.01718	0.01230	0.00843	0.00699	0.00211	0.00758	0.00636	0.00699	0.01183
55	0.01009	0.00674	0.00763	0.00769	0.00771	0.00672	0.00431	0.01013	0.01027	0.01369	0.02262	0.07252	0.02616	0.72683	0.03450	0.00662	0.00666	0.01052	0.00431	0.00428
56	0.02460	0.02285	0.02284	0.01901	0.05046	0.24647	0.10344	0.29617	0.02436	0.07657	0.01524	0.01645	0.01128	0.00759	0.00687	0.00202	0.00958	0.00602	0.02805	0.01014
57	0.05326	0.08737	0.34875	0.02056	0.04326	0.05275	0.16641	0.05609	0.01647	0.07067	0.01368	0.01586	0.00996	0.00665	0.00673	0.00215	0.00981	0.00583	0.00377	0.00997
58	0.00825	0.00707	0.00707	0.00707	0.00943	0.00589	0.00530	0.01001	0.01591	0.01885	0.07069	0.06716	0.70839	0.01767	0.00825	0.00236	0.00353	0.01473	0.00648	0.00589
59	0.01727	0.01658	0.02832	0.04283	0.71123	0.01658	0.02142	0.02142	0.01589	0.02280	0.01313	0.01727	0.01105	0.00622	0.00691	0.00207	0.00829	0.00622	0.00345	0.01105
60	0.04203	0.56630	0.16003	0.01388	0.02056	0.04471	0.03002	0.02133	0.01442	0.01807	0.01035	0.01206	0.00893	0.00614	0.00500	0.00167	0.00817	0.00412	0.00305	0.00915
61	0.01280	0.00897	0.01107	0.01001	0.01234	0.00886	0.00767	0.04723	0.10853	0.06782	0.55033	0.04557	0.05492	0.01306	0.00796	0.00221	0.00393	0.01141	0.00763	0.00770
62	0.02607	0.03326	0.01978	0.01798	0.02157	0.72674	0.01348	0.02787	0.01978	0.01708	0.01079	0.01258	0.00899	0.00719	0.00629	0.00180	0.01258	0.00449	0.00360	0.00809
63	0.01066	0.00788	0.01028	0.05967	0.01387	0.00796	0.00804	0.07950	0.01539	0.02049	0.03448	0.62580	0.04016	0.01948	0.00858	0.00272	0.00477	0.01753	0.00630	0.00644
64	0.01343	0.01323	0.02547	0.02035	0.02435	0.01280	0.33812	0.01793	0.03638	0.02101	0.02517	0.20545	0.02576	0.01288	0.00908	0.00267	0.02907	0.15400	0.00496	0.00787
65	0.00850	0.00607	0.00810	0.00972	0.01012	0.00567	0.00648	0.00972	0.01336	0.01781	0.03846	0.75020	0.04615	0.02186	0.00891	0.00283	0.00405	0.01984	0.00648	0.00567
66	0.01782	0.01193	0.01424	0.01127	0.01621	0.01047	0.00901	0.02366	0.13297	0.17207	0.08862	0.02563	0.04080	0.00833	0.00642	0.00172	0.00520	0.02676	0.00609	0.37078
67	0.02133	0.01836	0.15987	0.01477	0.02041	0.01478	0.01380	0.11268	0.22913	0.23108	0.02412	0.07092	0.01807	0.00934	0.00709	0.00227	0.00680	0.00768	0.00665	0.01088
68	0.02242	0.01810	0.05570	0.01528	0.02044	0.01891	0.01284	0.34718	0.30236	0.07801	0.02194	0.02086	0.01588	0.00874	0.00701	0.00222	0.00683	0.00692	0.00692	0.01145
69	0.01709	0.01463	0.01539	0.01379	0.01769	0.01674	0.01074	0.06005	0.62702	0.02905	0.03082	0.02847	0.06746	0.00998	0.00717	0.00236	0.00547	0.00829	0.00705	0.01073
70	0.02792	0.01731	0.01956	0.01499	0.02052	0.01832	0.01239	0.49696	0.02906	0.24027	0.01990	0.01880	0.01345	0.00845	0.00699	0.00211	0.00717	0.00650	0.00746	0.01187
71	0.01652	0.01592	0.02746	0.16543	0.57075	0.01643	0.04378	0.02081	0.01557	0.02190	0.01303	0.01756	0.01073	0.00634	0.00697	0.00213	0.00859	0.00628	0.00339	0.01041
72	0.01597	0.03046	0.50660	0.05325	0.07690	0.01700	0.06581	0.10838	0.01724	0.02482	0.01321	0.01560	0.00952	0.00680	0.00681	0.00220	0.00988	0.00562	0.00355	0.01040
73	0.00848	0.00617	0.00800	0.00946	0.01005	0.00569	0.00636	0.00975	0.01361	0.01791	0.04158	0.68411	0.11023	0.02146	0.00884	0.00279	0.00400	0.01934	0.00648	0.00569
74	0.01356	0.00791	0.01021	0.00919	0.01133	0.00721	0.00688	0.01628	0.01847	0.14557	0.47708	0.04717	0.08449	0.10046	0.01123	0.00273	0.00417	0.01146	0.00738	0.00719

[dist]
# distance from previous block
# <min> <max>
0	1

[block]
# block no. 1 follows, 30 sequences, length 8
# corresponding to MSA columns:
# 115-122
name=unknown_B
#
# <colnr> <probs for GDERKNQSTAVLIFYWHMCP>
#	G	D	E	R	K	N	Q	S	T	A	V	L	I	F	Y	W	H	M	C	P
0	0.01839	0.70036	0.03537	0.01244	0.01794	0.02712	0.01220	0.02057	0.01390	0.01645	0.00966	0.01151	0.00897	0.00646	0.00593	0.00162	0.06533	0.00392	0.00299	0.00885
1	0.01736	0.01411	0.01602	0.01171	0.01776	0.01226	0.00947	0.17814	0.01886	0.02783	0.01345	0.01502	0.01070	0.00594	0.00560	0.00129	0.00577	0.00465	0.00482	0.60927
2	0.00919	0.00660	0.00864	0.00992	0.01070	0.00625	0.00711	0.01083	0.01412	0.01868	0.07702	0.49474	0.08271	0.07696	0.01101	0.00314	0.00462	0.13564	0.00636	0.00576
3	0.01929	0.02081	0.02764	0.03545	0.47438	0.18678	0.09010	0.02306	0.01688	0.02138	0.01267	0.01631	0.01051	0.00642	0.00690	0.00204	0.00969	0.00602	0.00350	0.01017
4	0.07831	0.01771	0.01914	0.01499	0.02010	0.01955	0.01233	0.55185	0.02888	0.07331	0.01697	0.01765	0.01232	0.01209	0.06957	0.00290	0.00840	0.00625	0.00660	0.01108
5	0.01164	0.00797	0.01037	0.01031	0.01204	0.00769	0.00806	0.04467	0.01819	0.05023	0.36986	0.13134	0.05065	0.05821	0.01012	0.00278	0.00466	0.17746	0.00704	0.00675
6	0.08375	0.17053	0.52815	0.01746	0.02643	0.01831	0.02158	0.02173	0.01438	0.02183	0.01175	0.01377	0.00875	0.00649	0.00602	0.00207	0.00935	0.00477	0.00307	0.00982
7	0.01926	0.01591	0.02417	0.08716	0.02623	0.01673	0.21457	0.19176	0.14657	0.06679	0.01897	0.02070	0.01396	0.00768	0.00714	0.00219	0.00807	0.00722	0.09492	0.00998

[dist]
# distance from previous block
# <min> <max>
0	2

[block]
# block no. 2 follows, 30 sequences, length 119
# corresponding to MSA columns:
# 125-243
name=unknown_C
#
# <colnr> <probs for GDERKNQSTAVLIFYWHMCP>
#	G	D	E	R	K	N	Q	S	T	A	V	L	I	F	Y	W	H	M	C	P
0	0.01682	0.01729	0.03298	0.06203	0.43005	0.01695	0.27538	0.02165	0.01604	0.02245	0.01348	0.01791	0.01081	0.00612	0.00742	0.00219	0.00965	0.00699	0.00347	0.01031
1	0.01318	0.01240	0.02093	0.73798	0.04806	0.01550	0.01938	0.01783	0.01395	0.01783	0.01240	0.01860	0.00930	0.00698	0.00698	0.00233	0.00930	0.00620	0.00310	0.00775
2	0.01212	0.00606	0.00909	0.00909	0.00909	0.00606	0.00606	0.00909	0.00909	0.01212	0.01212	0.02121	0.01212	0.02424	0.02727	0.79697	0.00606	0.00606	0.00303	0.00303
3	0.01727	0.01658	0.02832	0.04283	0.71123	0.01658	0.02142	0.02142	0.01589	0.02280	0.01313	0.01727	0.01105	0.00622	0.00691	0.00207	0.00829	0.00622	0.00345	0.01105
4	0.00826	0.00700	0.00714	0.00725	0.00947	0.00588	0.00538	0.00999	0.01573	0.01878	0.06847	0.11421	0.66277	0.01796	0.00829	0.00239	0.00357	0.01508	0.00648	0.00588
5	0.01750	0.01683	0.02894	0.08244	0.46153	0.01709	0.13909	0.06813	0.05454	0.02420	0.01435	0.01808	0.01147	0.00653	0.00717	0.00216	0.00878	0.00667	0.00389	0.01060
6	0.02425	0.01842	0.01966	0.01560	0.02077	0.02058	0.01271	0.52661	0.19786	0.04031	0.01964	0.01905	0.01421	0.00865	0.00701	0.00216	0.00714	0.00668	0.00701	0.01166
7	0.02238	0.01338	0.04703	0.01241	0.01680	0.01231	0.01043	0.20062	0.02243	0.27934	0.16867	0.05944	0.02708	0.01021	0.00718	0.00214	0.00576	0.00845	0.06392	0.01002
8	0.00997	0.00748	0.01121	0.01121	0.01246	0.00872	0.00872	0.01246	0.01121	0.01620	0.01869	0.02741	0.01745	0.05234	0.72710	0.01121	0.01869	0.00748	0.00374	0.00623
9	0.74957	0.01342	0.01099	0.05938	0.01588	0.01564	0.00837	0.02033	0.01202	0.03038	0.00990	0.01184	0.00768	0.00651	0.00450	0.00217	0.00567	0.00395	0.00423	0.00757
10	0.01845	0.72735	0.06639	0.01229	0.01845	0.02711	0.01255	0.02095	0.01420	0.01667	0.00982	0.01135	0.00895	0.00600	0.00457	0.00152	0.00759	0.00379	0.00298	0.00901
11	0.01209	0.00966	0.01017	0.00917	0.01210	0.00928	0.00711	0.13288	0.04919	0.02476	0.12610	0.05476	0.48616	0.01529	0.00797	0.00229	0.00434	0.01270	0.00672	0.00726
12	0.80405	0.01350	0.01026	0.00918	0.01350	0.01565	0.00756	0.02051	0.01188	0.03131	0.00972	0.01134	0.00756	0.00648	0.00432	0.00216	0.00540	0.00378	0.00432	0.00756
13	0.00860	0.00612	0.00807	0.00959	0.00997	0.00573	0.00634	0.00974	0.01316	0.01755	0.03746	0.70731	0.04489	0.06649	0.01053	0.00307	0.00421	0.01925	0.00634	0.00558
14	0.01670	0.01688	0.05108	0.03248	0.39567	0.01644	0.13732	0.02424	0.14760	0.02382	0.01754	0.02252	0.01447	0.00752	0.00732	0.00225	0.00834	0.04301	0.00432	0.01048
15	0.00997	0.00748	0.01121	0.01121	0.01246	0.00872	0.00872	0.01246	0.01121	0.01620	0.01869	0.02741	0.01745	0.05234	0.72710	0.01121	0.01869	0.00748	0.00374	0.00623
16	0.01465	0.01440	0.04490	0.51056	0.06497	0.01620	0.06416	0.04465	0.11412	0.02102	0.01502	0.01946	0.01127	0.00727	0.00707	0.00231	0.00886	0.00656	0.00385	0.00869
17	0.01775	0.61769	0.16986	0.01349	0.02031	0.02538	0.01465	0.02113	0.01429	0.01753	0.01025	0.01189	0.00893	0.00610	0.00490	0.00163	0.00802	0.00401	0.00298	0.00922
18	0.15892	0.57572	0.07884	0.01199	0.01797	0.02469	0.01211	0.02091	0.01380	0.01947	0.00990	0.01146	0.00870	0.00611	0.00460	0.00166	0.00729	0.00384	0.00322	0.00880
19	0.01444	0.03302	0.59788	0.02159	0.03132	0.01646	0.14342	0.02214	0.01504	0.02214	0.01281	0.01546	0.00915	0.00650	0.00692	0.00224	0.01057	0.00571	0.00305	0.01015
20	0.01832	0.01478	0.01581	0.01408	0.01812	0.01687	0.01099	0.03687	0.65187	0.07651	0.02834	0.02588	0.02102	0.00941	0.00709	0.00235	0.00555	0.00783	0.00721	0.01110
21	0.01387	0.00804	0.01005	0.00927	0.01179	0.00711	0.00711	0.01636	0.01786	0.17123	0.28257	0.12780	0.24182	0.01504	0.00809	0.00233	0.00410	0.03080	0.00737	0.00741
22	0.03131	0.01188	0.01619	0.01242	0.01781	0.01026	0.01026	0.03401	0.01997	0.71606	0.02753	0.02375	0.01727	0.00864	0.00702	0.00216	0.00594	0.00702	0.00864	0.01188
23	0.00997	0.00748	0.01121	0.01121	0.01246	0.00872	0.00872	0.01246	0.01121	0.01620	0.01869	0.02741	0.01745	0.05234	0.72710	0.01121	0.01869	0.00748	0.00374	0.00623
24	0.00966	0.00712	0.00903	0.00855	0.01029	0.00649	0.00641	0.01275	0.01924	0.02676	0.62243	0.05414	0.15172	0.01472	0.00823	0.00222	0.00332	0.01290	0.00752	0.00649
25	0.03131	0.01188	0.01619	0.01242	0.01781	0.01026	0.01026	0.03401	0.01997	0.71606	0.02753	0.02375	0.01727	0.00864	0.00702	0.00216	0.00594	0.00702	0.00864	0.01188
26	0.02686	0.01902	0.02062	0.01581	0.02138	0.02086	0.01306	0.64291	0.03193	0.09028	0.01750	0.01724	0.01224	0.00839	0.00698	0.00210	0.00756	0.00633	0.00709	0.01187
27	0.01318	0.01240	0.02093	0.73798	0.04806	0.01550	0.01938	0.01783	0.01395	0.01783	0.01240	0.01860	0.00930	0.00698	0.00698	0.00233	0.00930	0.00620	0.00310	0.00775
28	0.01124	0.00803	0.01124	0.01285	0.01446	0.00803	0.01124	0.01446	0.01606	0.02088	0.03695	0.07871	0.04016	0.01928	0.00964	0.00321	0.00643	0.66426	0.00643	0.00643
29	0.01447	0.01240	0.01447	0.01034	0.01654	0.00930	0.00827	0.01757	0.01447	0.02274	0.01240	0.01447	0.01034	0.00517	0.00517	0.00103	0.00517	0.00413	0.00413	0.79742
30	0.03116	0.01212	0.01634	0.01253	0.01793	0.01061	0.01035	0.05447	0.02037	0.69503	0.02719	0.02353	0.01710	0.00863	0.00702	0.00216	0.00599	0.00699	0.00859	0.01188
31	0.01085	0.00735	0.00964	0.00894	0.01076	0.00675	0.00675	0.01411	0.01976	0.05918	0.67671	0.05084	0.06364	0.01401	0.00818	0.00219	0.00341	0.01237	0.00773	0.00682
32	0.01005	0.00717	0.00967	0.00967	0.01039	0.00789	0.00680	0.01147	0.01076	0.01506	0.02010	0.03522	0.02083	0.35260	0.43147	0.00931	0.01359	0.00862	0.00395	0.00537
33	0.02653	0.01955	0.02094	0.01606	0.02164	0.02164	0.01326	0.68796	0.03281	0.04398	0.01675	0.01675	0.01187	0.00838	0.00698	0.00209	0.00768	0.00628	0.00698	0.01187
34	0.02747	0.01103	0.01497	0.01176	0.01649	0.00960	0.00960	0.03028	0.01993	0.59289	0.14925	0.02883	0.02597	0.00964	0.00723	0.00217	0.00546	0.00802	0.00847	0.01093
35	0.01196	0.00640	0.00687	0.00725	0.00859	0.00631	0.00525	0.01474	0.01434	0.02411	0.02641	0.19420	0.02445	0.01132	0.00581	0.00191	0.00344	0.00960	0.61072	0.00631
36	0.01112	0.00911	0.01329	0.04407	0.01477	0.01126	0.01009	0.01334	0.01116	0.01619	0.01686	0.02607	0.01611	0.09375	0.51306	0.00897	0.15340	0.00736	0.00362	0.00642
37	0.01318	0.01240	0.02093	0.73798	0.04806	0.01550	0.01938	0.01783	0.01395	0.01783	0.01240	0.01860	0.00930	0.00698	0.00698	0.00233	0.00930	0.00620	0.00310	0.00775
38	0.00969	0.00713	0.00906	0.00858	0.01031	0.00650	0.00643	0.01280	0.01930	0.02691	0.63279	0.05389	0.14127	0.01467	0.00823	0.00221	0.00332	0.01287	0.00754	0.00650
39	0.00855	0.00609	0.00808	0.00965	0.01005	0.00570	0.00641	0.00973	0.01327	0.01769	0.03798	0.72940	0.04554	0.04350	0.00969	0.00295	0.00413	0.01955	0.00641	0.00563
40	0.04455	0.01637	0.01915	0.07701	0.13639	0.04093	0.01348	0.32093	0.07481	0.03205	0.02364	0.02438	0.10527	0.00912	0.00698	0.00214	0.00716	0.00738	0.02812	0.01013
41	0.01400	0.03610	0.71860	0.01989	0.03020	0.01621	0.02578	0.02210	0.01473	0.02210	0.01252	0.01473	0.00884	0.00663	0.00663	0.00221	0.01031	0.00516	0.00295	0.01031
42	0.00945	0.00712	0.00874	0.00834	0.01017	0.00640	0.00625	0.01235	0.01875	0.02561	0.54217	0.05603	0.23270	0.01515	0.00823	0.00224	0.00336	0.01317	0.00737	0.00640
43	0.01350	0.01255	0.02092	0.64495	0.08971	0.01543	0.01888	0.01798	0.01401	0.01842	0.01272	0.01868	0.00972	0.00712	0.00736	0.00231	0.03040	0.00621	0.03120	0.00792
44	0.01318	0.01240	0.02093	0.73798	0.04806	0.01550	0.01938	0.01783	0.01395	0.01783	0.01240	0.01860	0.00930	0.00698	0.00698	0.00233	0.00930	0.00620	0.00310	0.00775
45	0.01318	0.01240	0.02093	0.73798	0.04806	0.01550	0.01938	0.01783	0.01395	0.01783	0.01240	0.01860	0.00930	0.00698	0.00698	0.00233	0.00930	0.00620	0.00310	0.00775
46	0.00881	0.00631	0.00837	0.00951	0.01019	0.00587	0.00650	0.01049	0.01479	0.02010	0.18859	0.59357	0.05057	0.02016	0.00876	0.00269	0.00388	0.01822	0.00675	0.00587
47	0.01447	0.01240	0.01447	0.01034	0.01654	0.00930	0.00827	0.01757	0.01447	0.02274	0.01240	0.01447	0.01034	0.00517	0.00517	0.00103	0.00517	0.00413	0.00413	0.79742
48	0.58736	0.17706	0.05700	0.01040	0.01542	0.01829	0.00957	0.02069	0.01254	0.02753	0.00988	0.01150	0.00794	0.00638	0.00449	0.00202	0.00613	0.00385	0.00395	0.00802
49	0.01015	0.00677	0.00761	0.00761	0.00761	0.00677	0.00423	0.01015	0.01015	0.01353	0.02199	0.04567	0.02537	0.75476	0.03552	0.00677	0.00677	0.01015	0.00423	0.00423
50	0.02482	0.01749	0.01963	0.01635	0.05161	0.01901	0.01276	0.47185	0.11992	0.11664	0.04392	0.02008	0.01563	0.00866	0.00704	0.00214	0.00706	0.00680	0.00705	0.01153
51	0.01447	0.01240	0.01447	0.01034	0.01654	0.00930	0.00827	0.01757	0.01447	0.02274	0.01240	0.01447	0.01034	0.00517	0.00517	0.00103	0.00517	0.00413	0.00413	0.79742
52	0.02544	0.01373	0.01668	0.01359	0.01827	0.01413	0.01100	0.08953	0.25221	0.39436	0.02611	0.02357	0.01784	0.00905	0.00774	0.00226	0.03813	0.00721	0.00773	0.01141
53	0.04906	0.01515	0.02483	0.27447	0.43576	0.01635	0.01988	0.04255	0.01564	0.02219	0.01286	0.01745	0.01035	0.00656	0.00683	0.00216	0.00849	0.00611	0.00349	0.00982
54	0.00988	0.00713	0.00933	0.00878	0.01043	0.00658	0.00658	0.01317	0.01975	0.02798	0.70754	0.05213	0.06584	0.01427	0.00823	0.00219	0.00329	0.01262	0.00768	0.00658
55	0.00850	0.00607	0.00810	0.00972	0.01012	0.00567	0.00648	0.00972	0.01336	0.01781	0.03846	0.75020	0.04615	0.02186	0.00891	0.00283	0.00405	0.01984	0.00648	0.00567
56	0.01866	0.75896	0.03657	0.01194	0.01791	0.02761	0.01194	0.02090	0.01418	0.01642	0.00970	0.01119	0.00896	0.00597	0.00448	0.00149	0.00746	0.00373	0.00299	0.00896
57	0.01015	0.00677	0.00761	0.00761	0.00761	0.00677	0.00423	0.01015	0.01015	0.01353	0.02199	0.04567	0.02537	0.75476	0.03552	0.00677	0.00677	0.01015	0.00423	0.00423
58	0.80405	0.01350	0.01026	0.00918	0.01350	0.01565	0.00756	0.02051	0.01188	0.03131	0.00972	0.01134	0.00756	0.00648	0.00432	0.00216	0.00540	0.00378	0.00432	0.00756
59	0.03089	0.01255	0.01661	0.01273	0.01815	0.01125	0.01052	0.09119	0.02110	0.65729	0.02659	0.02314	0.01680	0.00861	0.00701	0.00215	0.00609	0.00695	0.00849	0.01188
60	0.80405	0.01350	0.01026	0.00918	0.01350	0.01565	0.00756	0.02051	0.01188	0.03131	0.00972	0.01134	0.00756	0.00648	0.00432	0.00216	0.00540	0.00378	0.00432	0.00756
61	0.01736	0.01499	0.01578	0.01420	0.01815	0.01736	0.01105	0.03708	0.69862	0.02919	0.02840	0.02604	0.02130	0.00947	0.00710	0.00237	0.00552	0.00789	0.00710	0.01105
62	0.75049	0.01391	0.01099	0.00965	0.01406	0.01607	0.00795	0.06649	0.01332	0.03218	0.01020	0.01171	0.00785	0.00661	0.00450	0.00215	0.00556	0.00395	0.00450	0.00785
63	0.02653	0.01955	0.02094	0.01606	0.02164	0.02164	0.01326	0.68796	0.03281	0.04398	0.01675	0.01675	0.01187	0.00838	0.00698	0.00209	0.00768	0.00628	0.00698	0.01187
64	0.19557	0.01222	0.01493	0.01173	0.01690	0.01140	0.00968	0.03114	0.01825	0.57050	0.02374	0.02111	0.01521	0.00818	0.00644	0.00216	0.00582	0.00633	0.00772	0.01096
65	0.01001	0.00674	0.00782	0.00807	0.00819	0.00670	0.00478	0.01029	0.01076	0.01433	0.02446	0.12507	0.02832	0.64150	0.03144	0.00617	0.00645	0.03982	0.00457	0.00448
66	0.01212	0.00606	0.00909	0.00909	0.00909	0.00606	0.00606	0.00909	0.00909	0.01212	0.01212	0.02121	0.01212	0.02424	0.02727	0.79697	0.00606	0.00606	0.00303	0.00303
67	0.03131	0.01188	0.01619	0.01242	0.01781	0.01026	0.01026	0.03401	0.01997	0.71606	0.02753	0.02375	0.01727	0.00864	0.00702	0.00216	0.00594	0.00702	0.00864	0.01188
68	0.00936	0.00678	0.00894	0.00979	0.01089	0.00635	0.00723	0.01158	0.01592	0.02150	0.24510	0.38476	0.09014	0.01886	0.00878	0.00267	0.00418	0.12422	0.00684	0.00609
69	0.01400	0.01349	0.02392	0.50549	0.12721	0.01541	0.10892	0.01866	0.01468	0.01927	0.01442	0.02261	0.01182	0.00758	0.00732	0.00236	0.00931	0.05181	0.00343	0.00830
70	0.01409	0.03547	0.69409	0.02023	0.03043	0.01626	0.04967	0.02211	0.01480	0.02211	0.01258	0.01488	0.00890	0.00660	0.00669	0.00222	0.01037	0.00527	0.00297	0.01028
71	0.00988	0.00713	0.00933	0.00878	0.01043	0.00658	0.00658	0.01317	0.01975	0.02798	0.70754	0.05213	0.06584	0.01427	0.00823	0.00219	0.00329	0.01262	0.00768	0.00658
72	0.01212	0.00606	0.00909	0.00909	0.00909	0.00606	0.00606	0.00909	0.00909	0.01212	0.01212	0.02121	0.01212	0.02424	0.02727	0.79697	0.00606	0.00606	0.00303	0.00303
73	0.01447	0.01240	0.01447	0.01034	0.01654	0.00930	0.00827	0.01757	0.01447	0.02274	0.01240	0.01447	0.01034	0.00517	0.00517	0.00103	0.00517	0.00413	0.00413	0.79742
74	0.09853	0.01672	0.04330	0.22868	0.29751	0.05899	0.07098	0.02051	0.01485	0.02153	0.01225	0.01667	0.00986	0.00687	0.00771	0.00222	0.05419	0.00598	0.00342	0.00923
75	0.02483	0.01841	0.01968	0.01540	0.02061	0.02045	0.01262	0.58035	0.11091	0.04141	0.01841	0.01827	0.01326	0.00850	0.00690	0.00211	0.00722	0.00648	0.04266	0.01153
76	0.01089	0.00705	0.00922	0.00958	0.01099	0.00646	0.00695	0.01304	0.01630	0.07716	0.26129	0.38318	0.09585	0.01788	0.00852	0.00255	0.00402	0.04551	0.00705	0.00652
77	0.01619	0.03352	0.55105	0.02022	0.02929	0.09397	0.07585	0.05902	0.01640	0.02276	0.01269	0.01493	0.00916	0.00673	0.00674	0.00217	0.01053	0.00539	0.00328	0.01008
78	0.01566	0.01494	0.02542	0.31636	0.45028	0.01616	0.02061	0.02000	0.01513	0.02084	0.01284	0.01780	0.01036	0.00652	0.00694	0.00217	0.00869	0.00621	0.00332	0.00975
79	0.00921	0.00701	0.00826	0.00811	0.00979	0.00628	0.00590	0.01151	0.01706	0.02266	0.36787	0.10370	0.29668	0.08223	0.01072	0.00271	0.00374	0.01365	0.00685	0.00606
80	0.02607	0.03326	0.01978	0.01798	0.02157	0.72674	0.01348	0.02787	0.01978	0.01708	0.01079	0.01258	0.00899	0.00719	0.00629	0.00180	0.01258	0.00449	0.00360	0.00809
81	0.00843	0.00635	0.00781	0.00899	0.00993	0.00573	0.00615	0.00980	0.01406	0.01810	0.04732	0.56239	0.22824	0.02071	0.00873	0.00270	0.00391	0.01843	0.00648	0.00573
82	0.00962	0.00712	0.00897	0.00850	0.01026	0.00647	0.00638	0.01266	0.01914	0.02652	0.60533	0.05454	0.16898	0.01481	0.00823	0.00222	0.00333	0.01296	0.00749	0.00647
83	0.01400	0.03610	0.71860	0.01989	0.03020	0.01621	0.02578	0.02210	0.01473	0.02210	0.01252	0.01473	0.00884	0.00663	0.00663	0.00221	0.01031	0.00516	0.00295	0.01031
84	0.01447	0.01240	0.01447	0.01034	0.01654	0.00930	0.00827	0.01757	0.01447	0.02274	0.01240	0.01447	0.01034	0.00517	0.00517	0.00103	0.00517	0.00413	0.00413	0.79742
85	0.02653	0.01955	0.02094	0.01606	0.02164	0.02164	0.01326	0.68796	0.03281	0.04398	0.01675	0.01675	0.01187	0.00838	0.00698	0.00209	0.00768	0.00628	0.00698	0.01187
86	0.01636	0.01828	0.03875	0.02862	0.06324	0.01701	0.61023	0.02198	0.01630	0.02240	0.01396	0.01845	0.01059	0.00585	0.00796	0.00225	0.01115	0.00786	0.00357	0.06519
87	0.02653	0.01955	0.02094	0.01606	0.02164	0.02164	0.01326	0.68796	0.03281	0.04398	0.01675	0.01675	0.01187	0.00838	0.00698	0.00209	0.00768	0.00628	0.00698	0.01187
88	0.01124	0.00803	0.01124	0.01285	0.01446	0.00803	0.01124	0.01446	0.01606	0.02088	0.03695	0.07871	0.04016	0.01928	0.00964	0.00321	0.00643	0.66426	0.00643	0.00643
89	0.01647	0.01882	0.04118	0.02941	0.03647	0.01765	0.68588	0.02235	0.01647	0.02235	0.01412	0.01882	0.01059	0.00588	0.00824	0.00235	0.01176	0.00824	0.00353	0.00941
90	0.01318	0.01240	0.02093	0.73798	0.04806	0.01550	0.01938	0.01783	0.01395	0.01783	0.01240	0.01860	0.00930	0.00698	0.00698	0.00233	0.00930	0.00620	0.00310	0.00775
91	0.03041	0.01168	0.01591	0.01226	0.01751	0.01010	0.01010	0.03314	0.01996	0.68732	0.05593	0.02494	0.01930	0.00887	0.00707	0.00216	0.00583	0.00725	0.00860	0.01165
92	0.77158	0.01375	0.01070	0.00946	0.01384	0.01590	0.00780	0.04839	0.01275	0.03184	0.01001	0.01156	0.00774	0.00656	0.00443	0.00216	0.00549	0.00388	0.00443	0.00774
93	0.01442	0.01495	0.02942	0.35372	0.03982	0.01580	0.32793	0.01947	0.01537	0.02039	0.04574	0.04224	0.01359	0.00725	0.00768	0.00235	0.01001	0.00785	0.00361	0.00841
94	0.04615	0.07856	0.02179	0.01643	0.04045	0.09251	0.01318	0.50941	0.05265	0.03765	0.01572	0.01610	0.01155	0.00800	0.00665	0.00203	0.00803	0.00589	0.00616	0.01109
95	0.00850	0.00607	0.00810	0.00972	0.01012	0.00567	0.00648	0.00972	0.01336	0.01781	0.03846	0.75020	0.04615	0.02186	0.00891	0.00283	0.00405	0.01984	0.00648	0.00567
96	0.00864	0.00704	0.00751	0.00757	0.00958	0.00607	0.00558	0.01046	0.01580	0.01945	0.13127	0.09541	0.54543	0.06833	0.01019	0.00269	0.00384	0.03284	0.00645	0.00585
97	0.01657	0.01784	0.03632	0.06589	0.24350	0.01722	0.45208	0.02186	0.01618	0.02228	0.01374	0.01834	0.01067	0.00603	0.00777	0.00227	0.01059	0.00752	0.00349	0.00984
98	0.54263	0.23510	0.01796	0.00991	0.01462	0.01889	0.00877	0.02048	0.01266	0.02669	0.01017	0.01181	0.00833	0.00638	0.00439	0.00194	0.00594	0.00386	0.03154	0.00794
99	0.00955	0.00764	0.01164	0.01169	0.01305	0.00706	0.07435	0.01138	0.01391	0.01856	0.03672	0.60175	0.07163	0.01951	0.00873	0.00273	0.00491	0.04056	0.00612	0.02852
100	0.01727	0.01658	0.02832	0.04283	0.71123	0.01658	0.02142	0.02142	0.01589	0.02280	0.01313	0.01727	0.01105	0.00622	0.00691	0.00207	0.00829	0.00622	0.00345	0.01105
101	0.02265	0.30786	0.02679	0.01734	0.06769	0.39188	0.01344	0.04340	0.01775	0.01798	0.01070	0.01250	0.00920	0.00669	0.00566	0.00171	0.01020	0.00437	0.00345	0.00873
102	0.00850	0.00607	0.00810	0.00972	0.01012	0.00567	0.00648	0.00972	0.01336	0.01781	0.03846	0.75020	0.04615	0.02186	0.00891	0.00283	0.00405	0.01984	0.00648	0.00567
103	0.01447	0.01240	0.01447	0.01034	0.01654	0.00930	0.00827	0.01757	0.01447	0.02274	0.01240	0.01447	0.01034	0.00517	0.00517	0.00103	0.00517	0.00413	0.00413	0.79742
104	0.00850	0.00607	0.00810	0.00972	0.01012	0.00567	0.00648	0.00972	0.01336	0.01781	0.03846	0.75020	0.04615	0.02186	0.00891	0.00283	0.00405	0.01984	0.00648	0.00567
105	0.00836	0.00707	0.00722	0.00719	0.00949	0.00594	0.00539	0.01023	0.01617	0.01948	0.11456	0.06612	0.66413	0.01744	0.00825	0.00235	0.00352	0.01458	0.00656	0.00594
106	0.01564	0.01636	0.02743	0.02171	0.02388	0.02023	0.22050	0.01850	0.01246	0.01850	0.01068	0.01636	0.00960	0.01028	0.01841	0.00284	0.51851	0.00676	0.00320	0.00818
107	0.26551	0.01769	0.01766	0.01394	0.01914	0.01980	0.01151	0.48281	0.02638	0.04008	0.01459	0.01509	0.01054	0.00779	0.00616	0.00211	0.00698	0.00551	0.00616	0.01054
108	0.00997	0.00748	0.01121	0.01121	0.01246	0.00872	0.00872	0.01246	0.01121	0.01620	0.01869	0.02741	0.01745	0.05234	0.72710	0.01121	0.01869	0.00748	0.00374	0.00623
109	0.19620	0.20234	0.02100	0.01331	0.01803	0.13542	0.01114	0.10909	0.16102	0.04773	0.01525	0.01566	0.01187	0.00740	0.00568	0.00197	0.00741	0.00516	0.00492	0.00940
110	0.02623	0.02004	0.02074	0.01609	0.02153	0.05372	0.01321	0.63848	0.05198	0.04231	0.01683	0.01684	0.01202	0.00836	0.00695	0.00209	0.00784	0.00625	0.00683	0.01167
111	0.00833	0.00676	0.00738	0.00788	0.00964	0.00582	0.00566	0.00992	0.01513	0.01853	0.06081	0.27657	0.50536	0.01896	0.00845	0.00250	0.00369	0.01629	0.00648	0.00582
112	0.01532	0.01698	0.03640	0.02657	0.03266	0.01592	0.58772	0.02053	0.01602	0.02170	0.01763	0.12449	0.01573	0.00819	0.00833	0.00242	0.01065	0.00991	0.00396	0.00887
113	0.02915	0.01474	0.01789	0.01378	0.01920	0.01458	0.01136	0.26964	0.04570	0.45263	0.02368	0.02130	0.01545	0.00857	0.00701	0.00214	0.00655	0.00678	0.00799	0.01185
114	0.00850	0.00607	0.00810	0.00972	0.01012	0.00567	0.00648	0.00972	0.01336	0.01781	0.03846	0.75020	0.04615	0.02186	0.00891	0.00283	0.00405	0.01984	0.00648	0.00567
115	0.02364	0.01990	0.01920	0.01573	0.02055	0.11058	0.01261	0.40280	0.23640	0.03598	0.01958	0.01908	0.01441	0.00856	0.00693	0.00214	0.00764	0.00655	0.00658	0.01113
116	0.01697	0.01741	0.03308	0.03787	0.46161	0.01697	0.26723	0.02176	0.01610	0.02263	0.01349	0.01785	0.01088	0.00609	0.00740	0.00218	0.00958	0.00696	0.00348	0.01045
117	0.01990	0.24832	0.19684	0.01610	0.02225	0.11619	0.01603	0.16478	0.04356	0.02427	0.01268	0.01425	0.01001	0.00737	0.00715	0.00198	0.05942	0.00504	0.00406	0.00978
118	0.00858	0.00704	0.00756	0.00752	0.00965	0.00602	0.00560	0.01062	0.01654	0.02058	0.19319	0.09520	0.55330	0.01720	0.00827	0.00235	0.00351	0.01455	0.00671	0.00602

[dist]
# distance from previous block
# <min> <max>
0	9

[block]
# block no. 3 follows, 30 sequences, length 72
# corresponding to MSA columns:
# 253-324
name=unknown_D
#
# <colnr> <probs for GDERKNQSTAVLIFYWHMCP>
#	G	D	E	R	K	N	Q	S	T	A	V	L	I	F	Y	W	H	M	C	P
0	0.10072	0.05503	0.04449	0.02590	0.27496	0.15268	0.03644	0.17941	0.02010	0.02723	0.01305	0.01535	0.01032	0.00693	0.00647	0.00202	0.00879	0.00557	0.00436	0.01016
1	0.01797	0.01790	0.02765	0.04087	0.65664	0.07279	0.02079	0.02193	0.01620	0.02235	0.01294	0.01690	0.01089	0.00629	0.00686	0.00205	0.00863	0.00608	0.00347	0.01082
2	0.02655	0.01880	0.02085	0.01682	0.04885	0.02050	0.01334	0.60745	0.03108	0.09853	0.01750	0.01735	0.01228	0.00831	0.00698	0.00210	0.00756	0.00634	0.00698	0.01184
3	0.05371	0.22727	0.50269	0.01725	0.02612	0.01921	0.02121	0.02170	0.01445	0.02104	0.01164	0.01363	0.00881	0.00645	0.00594	0.00202	0.00932	0.00471	0.00302	0.00982
4	0.01318	0.01240	0.02093	0.73798	0.04806	0.01550	0.01938	0.01783	0.01395	0.01783	0.01240	0.01860	0.00930	0.00698	0.00698	0.00233	0.00930	0.00620	0.00310	0.00775
5	0.09525	0.02442	0.30836	0.06129	0.19711	0.01650	0.15488	0.02161	0.01504	0.02305	0.01270	0.01602	0.00962	0.00638	0.00680	0.00221	0.00956	0.00594	0.00333	0.00991
6	0.01527	0.01527	0.02137	0.01832	0.01832	0.02137	0.01527	0.01679	0.01069	0.01679	0.00916	0.01527	0.00916	0.01221	0.02290	0.00305	0.74198	0.00611	0.00305	0.00763
7	0.01844	0.72560	0.06804	0.01231	0.01848	0.02709	0.01258	0.02095	0.01420	0.01668	0.00983	0.01136	0.00895	0.00600	0.00458	0.00153	0.00759	0.00380	0.00298	0.00902
8	0.00850	0.00607	0.00810	0.00972	0.01012	0.00567	0.00648	0.00972	0.01336	0.01781	0.03846	0.75020	0.04615	0.02186	0.00891	0.00283	0.00405	0.01984	0.00648	0.00567
9	0.00988	0.00713	0.00933	0.00878	0.01043	0.00658	0.00658	0.01317	0.01975	0.02798	0.70754	0.05213	0.06584	0.01427	0.00823	0.00219	0.00329	0.01262	0.00768	0.00658
10	0.00825	0.00707	0.00707	0.00707	0.00943	0.00589	0.00530	0.01001	0.01591	0.01885	0.07069	0.06716	0.70839	0.01767	0.00825	0.00236	0.00353	0.01473	0.00648	0.00589
11	0.03131	0.01188	0.01619	0.01242	0.01781	0.01026	0.01026	0.03401	0.01997	0.71606	0.02753	0.02375	0.01727	0.00864	0.00702	0.00216	0.00594	0.00702	0.00864	0.01188
12	0.02653	0.01955	0.02094	0.01606	0.02164	0.02164	0.01326	0.68796	0.03281	0.04398	0.01675	0.01675	0.01187	0.00838	0.00698	0.00209	0.00768	0.00628	0.00698	0.01187
13	0.00997	0.00748	0.01121	0.01121	0.01246	0.00872	0.00872	0.01246	0.01121	0.01620	0.01869	0.02741	0.01745	0.05234	0.72710	0.01121	0.01869	0.00748	0.00374	0.00623
14	0.00988	0.00713	0.00933	0.00878	0.01043	0.00658	0.00658	0.01317	0.01975	0.02798	0.70754	0.05213	0.06584	0.01427	0.00823	0.00219	0.00329	0.01262	0.00768	0.00658
15	0.00850	0.00607	0.00810	0.00972	0.01012	0.00567	0.00648	0.00972	0.01336	0.01781	0.03846	0.75020	0.04615	0.02186	0.00891	0.00283	0.00405	0.01984	0.00648	0.00567
16	0.80405	0.01350	0.01026	0.00918	0.01350	0.01565	0.00756	0.02051	0.01188	0.03131	0.00972	0.01134	0.00756	0.00648	0.00432	0.00216	0.00540	0.00378	0.00432	0.00756
17	0.01400	0.03610	0.71860	0.01989	0.03020	0.01621	0.02578	0.02210	0.01473	0.02210	0.01252	0.01473	0.00884	0.00663	0.00663	0.00221	0.01031	0.00516	0.00295	0.01031
18	0.00847	0.00708	0.00738	0.00731	0.00956	0.00599	0.00548	0.01045	0.01644	0.02011	0.15863	0.06508	0.61967	0.01720	0.00825	0.00233	0.00350	0.01444	0.00665	0.00599
19	0.01447	0.01240	0.01447	0.01034	0.01654	0.00930	0.00827	0.01757	0.01447	0.02274	0.01240	0.01447	0.01034	0.00517	0.00517	0.00103	0.00517	0.00413	0.00413	0.79742
20	0.02653	0.01955	0.02094	0.01606	0.02164	0.02164	0.01326	0.68796	0.03281	0.04398	0.01675	0.01675	0.01187	0.00838	0.00698	0.00209	0.00768	0.00628	0.00698	0.01187
21	0.00856	0.00617	0.00800	0.00943	0.00995	0.00574	0.00629	0.00976	0.01339	0.01768	0.03992	0.66972	0.09100	0.05613	0.01012	0.00299	0.00414	0.01903	0.00637	0.00562
22	0.01717	0.01687	0.02996	0.04112	0.62519	0.01672	0.10614	0.02154	0.01596	0.02274	0.01325	0.01747	0.01099	0.00617	0.00708	0.00211	0.00873	0.00647	0.00346	0.01084
23	0.01866	0.75896	0.03657	0.01194	0.01791	0.02761	0.01194	0.02090	0.01418	0.01642	0.00970	0.01119	0.00896	0.00597	0.00448	0.00149	0.00746	0.00373	0.00299	0.00896
24	0.01318	0.01240	0.02093	0.73798	0.04806	0.01550	0.01938	0.01783	0.01395	0.01783	0.01240	0.01860	0.00930	0.00698	0.00698	0.00233	0.00930	0.00620	0.00310	0.00775
25	0.00832	0.00707	0.00718	0.00715	0.00947	0.00592	0.00536	0.01016	0.01609	0.01928	0.10072	0.06645	0.67810	0.01751	0.00825	0.00235	0.00352	0.01463	0.00654	0.00592
26	0.01798	0.01485	0.01580	0.01412	0.01813	0.01704	0.01101	0.03694	0.66829	0.05989	0.02836	0.02593	0.02112	0.00943	0.00710	0.00236	0.00554	0.00785	0.00717	0.01108
27	0.00944	0.00740	0.00862	0.00855	0.01053	0.00672	0.00651	0.01251	0.04140	0.02286	0.31180	0.09402	0.35261	0.01639	0.00834	0.00238	0.00375	0.06285	0.00696	0.00637
28	0.00988	0.00713	0.00933	0.00878	0.01043	0.00658	0.00658	0.01317	0.01975	0.02798	0.70754	0.05213	0.06584	0.01427	0.00823	0.00219	0.00329	0.01262	0.00768	0.00658
29	0.01318	0.01240	0.02093	0.73798	0.04806	0.01550	0.01938	0.01783	0.01395	0.01783	0.01240	0.01860	0.00930	0.00698	0.00698	0.00233	0.00930	0.00620	0.00310	0.00775
30	0.01647	0.01882	0.04118	0.02941	0.03647	0.01765	0.68588	0.02235	0.01647	0.02235	0.01412	0.01882	0.01059	0.00588	0.00824	0.00235	0.01176	0.00824	0.00353	0.00941
31	0.00850	0.00607	0.00810	0.00972	0.01012	0.00567	0.00648	0.00972	0.01336	0.01781	0.03846	0.75020	0.04615	0.02186	0.00891	0.00283	0.00405	0.01984	0.00648	0.00567
32	0.01212	0.00606	0.00909	0.00909	0.00909	0.00606	0.00606	0.00909	0.00909	0.01212	0.01212	0.02121	0.01212	0.02424	0.02727	0.79697	0.00606	0.00606	0.00303	0.00303
33	0.05375	0.52573	0.14964	0.01381	0.02019	0.09926	0.01426	0.02182	0.01476	0.01812	0.01030	0.01195	0.00888	0.00623	0.00503	0.00168	0.00840	0.00406	0.00310	0.00903
34	0.00899	0.00685	0.01011	0.01091	0.01172	0.00640	0.04778	0.01048	0.01355	0.01809	0.03698	0.70574	0.04399	0.02089	0.00887	0.00280	0.00452	0.01913	0.00630	0.00590
35	0.01736	0.01499	0.01578	0.01420	0.01815	0.01736	0.01105	0.03708	0.69862	0.02919	0.02840	0.02604	0.02130	0.00947	0.00710	0.00237	0.00552	0.00789	0.00710	0.01105
36	0.14953	0.17988	0.07714	0.20746	0.08067	0.01903	0.10365	0.06651	0.01549	0.02289	0.01195	0.01527	0.00938	0.00654	0.00611	0.00207	0.00845	0.00545	0.00362	0.00892
