[name]
unknown

[dist]
# distance from previous block
# <min> <max>
0	7

[block]
# block no. 0 follows, 29 sequences, length 7
# corresponding to MSA columns:
# 7-13
name=unknown_A
#
# <colnr> <probs for GDERKNQSTAVLIFYWHMCP>
#	G	D	E	R	K	N	Q	S	T	A	V	L	I	F	Y	W	H	M	C	P
0	0.01002	0.00697	0.00872	0.00959	0.01073	0.00644	0.00685	0.01161	0.01460	0.04321	0.06579	0.40263	0.17728	0.09885	0.01188	0.00323	0.00466	0.09447	0.00648	0.00602
1	0.08720	0.01356	0.01632	0.01291	0.01790	0.01334	0.01055	0.16352	0.06466	0.41127	0.09189	0.02485	0.02095	0.00922	0.00707	0.00221	0.00608	0.00738	0.00793	0.01118
2	0.05102	0.01216	0.01884	0.47265	0.08455	0.01393	0.01633	0.01909	0.01519	0.08947	0.02280	0.02629	0.11115	0.00880	0.00718	0.00233	0.00803	0.00757	0.00432	0.00829
3	0.01525	0.01380	0.02116	0.42172	0.16142	0.01563	0.01762	0.06894	0.05824	0.02218	0.01787	0.02194	0.05441	0.00782	0.00709	0.00224	0.00833	0.00687	0.00405	0.05340
4	0.00925	0.00704	0.00954	0.08748	0.01429	0.00695	0.00778	0.01086	0.01379	0.01805	0.03890	0.55875	0.11018	0.05931	0.01027	0.00300	0.00480	0.01767	0.00612	0.00596
5	0.01492	0.04414	0.02184	0.23324	0.10248	0.01421	0.10335	0.01993	0.06232	0.04805	0.01831	0.09824	0.01613	0.01272	0.07083	0.00304	0.00900	0.00810	0.02329	0.07588
6	0.01420	0.01305	0.01985	0.24837	0.14081	0.03293	0.07276	0.06101	0.01616	0.02103	0.02538	0.11819	0.11125	0.06244	0.00967	0.00269	0.00786	0.00969	0.00453	0.00813

[dist]
# distance from previous block
# <min> <max>
0	3

[block]
# block no. 1 follows, 29 sequences, length 7
# corresponding to MSA columns:
# 17-23
name=unknown_B
#
# <colnr> <probs for GDERKNQSTAVLIFYWHMCP>
#	G	D	E	R	K	N	Q	S	T	A	V	L	I	F	Y	W	H	M	C	P
0	0.01628	0.04273	0.02196	0.17702	0.02687	0.05081	0.06601	0.02338	0.17255	0.02117	0.01539	0.01886	0.01246	0.00917	0.01216	0.00248	0.23930	0.00655	0.00423	0.06065
1	0.01703	0.01406	0.01651	0.03720	0.01868	0.04957	0.04599	0.06966	0.05747	0.05135	0.01600	0.01811	0.01262	0.00693	0.00672	0.00161	0.04131	0.00550	0.12269	0.39097
2	0.01372	0.01292	0.02198	0.01821	0.04195	0.01291	0.20937	0.04285	0.01544	0.02151	0.04715	0.19914	0.05244	0.01555	0.06997	0.00318	0.08864	0.01081	0.00479	0.09747
3	0.01560	0.01167	0.01435	0.01260	0.01507	0.04327	0.04511	0.07877	0.05660	0.08532	0.04398	0.13808	0.09203	0.11459	0.06824	0.06332	0.05550	0.01023	0.00555	0.03010
4	0.01336	0.01023	0.01334	0.03919	0.04873	0.01036	0.04365	0.11711	0.01613	0.02122	0.03028	0.13917	0.13408	0.26663	0.01881	0.04799	0.00652	0.01121	0.00527	0.00672
5	0.01282	0.01034	0.01400	0.05432	0.10359	0.01094	0.01043	0.08816	0.01586	0.02131	0.03080	0.25431	0.11507	0.08904	0.09370	0.00399	0.04624	0.01233	0.00536	0.00738
6	0.01534	0.01298	0.01733	0.08974	0.02029	0.01416	0.04463	0.11351	0.04858	0.02501	0.14225	0.05318	0.02405	0.07267	0.01261	0.00264	0.13920	0.00822	0.00520	0.13843

[dist]
# distance from previous block
# <min> <max>
9	24

[block]
# block no. 2 follows, 29 sequences, length 13
# corresponding to MSA columns:
# 48-60
name=unknown_C
#
# <colnr> <probs for GDERKNQSTAVLIFYWHMCP>
#	G	D	E	R	K	N	Q	S	T	A	V	L	I	F	Y	W	H	M	C	P
0	0.01610	0.01553	0.03784	0.08839	0.09437	0.09520	0.01305	0.08877	0.05599	0.02329	0.05569	0.14372	0.06227	0.01178	0.00924	0.00237	0.08880	0.02723	0.03610	0.03427
1	0.04673	0.03531	0.02046	0.12945	0.07875	0.04086	0.06667	0.12411	0.01721	0.02427	0.03048	0.05995	0.01504	0.05105	0.02924	0.00276	0.11363	0.00731	0.04798	0.05873
2	0.01663	0.01273	0.01498	0.01318	0.01548	0.01456	0.01019	0.21488	0.07107	0.02676	0.02221	0.15823	0.02165	0.11731	0.06464	0.00374	0.12294	0.00972	0.06078	0.00832
3	0.01196	0.00896	0.01086	0.01029	0.01120	0.00952	0.00708	0.05878	0.01342	0.01846	0.04993	0.20159	0.02872	0.37707	0.02368	0.00471	0.08778	0.01167	0.00504	0.04927
4	0.01776	0.01349	0.01540	0.01288	0.01569	0.01498	0.00994	0.27784	0.03839	0.02845	0.06383	0.03048	0.04918	0.22209	0.05158	0.00404	0.08909	0.00833	0.00566	0.03090
5	0.08813	0.04294	0.09793	0.04449	0.02297	0.01605	0.14040	0.12405	0.01781	0.05862	0.05447	0.13799	0.01951	0.01057	0.00920	0.00244	0.08942	0.00896	0.00504	0.00899
6	0.02717	0.01194	0.01554	0.01264	0.01735	0.01105	0.01016	0.03241	0.12234	0.52880	0.02948	0.10527	0.02155	0.01045	0.00739	0.00231	0.00578	0.00876	0.00833	0.01128
7	0.01315	0.00913	0.01019	0.00945	0.01048	0.00948	0.00612	0.12806	0.01468	0.01961	0.02286	0.09784	0.02518	0.56098	0.02894	0.00574	0.00684	0.01046	0.00499	0.00580
8	0.01461	0.01413	0.02069	0.21413	0.02657	0.01876	0.01597	0.01718	0.01204	0.01768	0.01103	0.01726	0.00998	0.01325	0.06237	0.00334	0.45666	0.00625	0.00323	0.04486
9	0.01529	0.01597	0.03106	0.29664	0.03946	0.01622	0.35199	0.02050	0.01560	0.02109	0.01354	0.01863	0.01027	0.00635	0.00756	0.00224	0.01029	0.00714	0.00350	0.09667
10	0.01934	0.01453	0.01600	0.01375	0.01827	0.01568	0.01081	0.03494	0.51490	0.12414	0.02684	0.02479	0.01978	0.00900	0.00699	0.00222	0.00565	0.00745	0.00709	0.10783
11	0.15172	0.01084	0.01215	0.03773	0.01494	0.01055	0.00817	0.06824	0.01563	0.05735	0.07581	0.17620	0.02477	0.10862	0.01057	0.00270	0.00553	0.00943	0.00547	0.19357
12	0.03879	0.01224	0.01292	0.01194	0.01420	0.05661	0.00900	0.15740	0.04274	0.02610	0.09607	0.26075	0.05956	0.05348	0.01019	0.00267	0.05002	0.01199	0.06556	0.00776

[dist]
# distance from previous block
# <min> <max>
6	23

[block]
# block no. 3 follows, 29 sequences, length 11
# corresponding to MSA columns:
# 84-94
name=unknown_D
#
# <colnr> <probs for GDERKNQSTAVLIFYWHMCP>
#	G	D	E	R	K	N	Q	S	T	A	V	L	I	F	Y	W	H	M	C	P
0	0.01827	0.01857	0.03131	0.11560	0.09227	0.06971	0.34285	0.12096	0.01942	0.02558	0.06112	0.02057	0.01460	0.00724	0.00778	0.00228	0.01022	0.00768	0.00436	0.00962
1	0.01663	0.01662	0.04313	0.07288	0.05994	0.09560	0.03719	0.06976	0.23722	0.02512	0.07276	0.03133	0.14154	0.01061	0.00806	0.00232	0.03557	0.00871	0.00576	0.00926
2	0.05666	0.00859	0.01103	0.01053	0.01256	0.00844	0.04064	0.04956	0.01628	0.02298	0.15279	0.26797	0.16509	0.01989	0.07703	0.00334	0.00597	0.01369	0.05020	0.00674
3	0.10700	0.01508	0.01608	0.04528	0.05203	0.10334	0.01161	0.10839	0.04794	0.02320	0.01589	0.02158	0.01392	0.06436	0.24736	0.00558	0.08230	0.00656	0.00439	0.00810
4	0.01794	0.23642	0.27735	0.01628	0.02311	0.04536	0.04303	0.02260	0.01523	0.10286	0.01438	0.01666	0.01117	0.01228	0.08756	0.00310	0.03572	0.00547	0.00386	0.00963
5	0.01361	0.01310	0.05333	0.01217	0.01728	0.01037	0.04775	0.01872	0.08282	0.02342	0.07233	0.03196	0.12316	0.00950	0.00677	0.00179	0.00570	0.05635	0.00520	0.39469
6	0.01226	0.00803	0.00933	0.00902	0.01033	0.00775	0.00613	0.04945	0.01451	0.06562	0.07297	0.12861	0.14502	0.37810	0.02212	0.00468	0.00580	0.03859	0.00573	0.00597
7	0.09400	0.34514	0.13962	0.01468	0.02072	0.09895	0.05186	0.02232	0.01587	0.05327	0.07076	0.01680	0.01445	0.00724	0.00579	0.00189	0.00828	0.00533	0.00395	0.00909
8	0.00975	0.00689	0.00780	0.00799	0.00859	0.00658	0.00493	0.01042	0.01238	0.01611	0.06586	0.13969	0.16304	0.48008	0.02606	0.00530	0.00574	0.01264	0.00522	0.00494
9	0.02029	0.18864	0.02138	0.01412	0.01830	0.24415	0.01136	0.08251	0.11825	0.02210	0.04608	0.02136	0.03917	0.06749	0.00866	0.00227	0.00851	0.00623	0.00472	0.05439
10	0.01750	0.04601	0.09832	0.04572	0.11159	0.05745	0.13677	0.02234	0.05450	0.08770	0.03736	0.04488	0.01562	0.06315	0.01039	0.00254	0.05820	0.00733	0.00450	0.07812

[dist]
# distance from previous block
# <min> <max>
0	8

[block]
# block no. 4 follows, 29 sequences, length 14
# corresponding to MSA columns:
# 103-116
name=unknown_E
#
# <colnr> <probs for GDERKNQSTAVLIFYWHMCP>
#	G	D	E	R	K	N	Q	S	T	A	V	L	I	F	Y	W	H	M	C	P
0	0.04151	0.04553	0.12640	0.04830	0.13146	0.06001	0.05658	0.02510	0.13721	0.09401	0.04302	0.05742	0.01718	0.00850	0.00691	0.00218	0.00766	0.00730	0.05203	0.03170
1	0.01633	0.05200	0.01746	0.08158	0.01963	0.03552	0.01179	0.14592	0.06927	0.02475	0.03942	0.07571	0.07303	0.01534	0.08372	0.00326	0.13390	0.00816	0.03234	0.06089
2	0.04790	0.33059	0.07345	0.07642	0.06795	0.05609	0.08684	0.02266	0.01535	0.08616	0.01280	0.01515	0.01027	0.00705	0.00725	0.00200	0.06358	0.00532	0.00379	0.00940
3	0.01690	0.08719	0.01653	0.01170	0.01612	0.01295	0.00933	0.13319	0.04239	0.06831	0.04427	0.17134	0.02172	0.03969	0.00785	0.00207	0.00578	0.00877	0.00563	0.27828
4	0.24565	0.13281	0.01913	0.06794	0.01935	0.05804	0.07483	0.05236	0.01515	0.02426	0.01768	0.16060	0.01721	0.00989	0.00626	0.00220	0.00693	0.00810	0.05367	0.00794
5	0.01264	0.01785	0.21318	0.01422	0.04040	0.05484	0.01325	0.01732	0.03991	0.02316	0.25443	0.14546	0.03684	0.07286	0.01011	0.00270	0.00668	0.01073	0.00554	0.00788
6	0.04952	0.01754	0.07769	0.01780	0.05263	0.06730	0.13444	0.07800	0.06986	0.09892	0.02090	0.06621	0.04091	0.03060	0.00800	0.00227	0.00795	0.02734	0.00522	0.12689
7	0.19673	0.02097	0.21774	0.08494	0.08604	0.01613	0.09207	0.02261	0.04574	0.07026	0.01577	0.01811	0.03165	0.00753	0.00738	0.00231	0.04429	0.00609	0.00415	0.00947
8	0.00942	0.00663	0.00803	0.00875	0.00921	0.00631	0.00555	0.01029	0.01277	0.01691	0.06516	0.36535	0.09281	0.32644	0.02038	0.00450	0.00521	0.01534	0.00570	0.00523
9	0.01070	0.00827	0.01046	0.06872	0.01437	0.00801	0.00795	0.05209	0.01718	0.02293	0.21758	0.29394	0.18048	0.01671	0.00836	0.00247	0.00452	0.01469	0.00660	0.03399
10	0.17304	0.14496	0.33071	0.01773	0.04892	0.06090	0.03851	0.02200	0.01449	0.02286	0.01148	0.01389	0.00895	0.00700	0.00709	0.00216	0.05762	0.00491	0.00338	0.00942
11	0.01065	0.00819	0.01041	0.06931	0.01456	0.00820	0.00824	0.05501	0.03911	0.02093	0.06436	0.45909	0.14888	0.01869	0.00862	0.00269	0.00482	0.03517	0.00643	0.00665
12	0.00999	0.00690	0.00864	0.00919	0.01042	0.00629	0.00642	0.01176	0.01557	0.04884	0.18351	0.39946	0.17116	0.06484	0.01044	0.00289	0.00412	0.01656	0.00682	0.00619
13	0.01641	0.01647	0.03017	0.20213	0.32734	0.01700	0.20608	0.02204	0.04922	0.02225	0.01427	0.01883	0.01124	0.00660	0.00746	0.00227	0.00956	0.00700	0.00364	0.01001

[dist]
# distance from previous block
# <min> <max>
0	1

[block]
# block no. 5 follows, 29 sequences, length 7
# corresponding to MSA columns:
# 118-124
name=unknown_F
#
# <colnr> <probs for GDERKNQSTAVLIFYWHMCP>
#	G	D	E	R	K	N	Q	S	T	A	V	L	I	F	Y	W	H	M	C	P
0	0.01905	0.01095	0.01339	0.01142	0.01483	0.01070	0.00893	0.10354	0.08861	0.22494	0.25712	0.08191	0.07178	0.03909	0.00883	0.00245	0.00510	0.01044	0.00770	0.00921
1	0.02689	0.01937	0.06386	0.01901	0.11098	0.10917	0.01425	0.21054	0.02310	0.30040	0.01988	0.01930	0.01360	0.00809	0.00701	0.00213	0.00805	0.00638	0.00660	0.01139
2	0.11219	0.21888	0.08314	0.01420	0.01785	0.04179	0.03513	0.01840	0.01310	0.01930	0.01400	0.06743	0.01369	0.06885	0.07519	0.00343	0.16523	0.00660	0.00367	0.00794
3	0.01363	0.01055	0.01091	0.01051	0.01191	0.06254	0.00733	0.10180	0.01547	0.02065	0.02469	0.20658	0.02649	0.28442	0.08987	0.00492	0.00772	0.01121	0.07240	0.00641
4	0.13372	0.03986	0.06650	0.01337	0.01911	0.01594	0.01161	0.18378	0.12495	0.10475	0.01746	0.01764	0.01287	0.00745	0.00619	0.00192	0.00651	0.00567	0.00579	0.20490
5	0.11010	0.01783	0.01884	0.01480	0.01993	0.01965	0.01207	0.50267	0.06067	0.07736	0.01781	0.01912	0.01323	0.05318	0.00859	0.00245	0.00732	0.00649	0.00676	0.01112
6	0.14362	0.02803	0.42383	0.05256	0.09748	0.01662	0.09587	0.02206	0.01484	0.02400	0.01255	0.01536	0.00925	0.00663	0.00661	0.00225	0.00962	0.00554	0.00336	0.00992

[dist]
# distance from previous block
# <min> <max>
3	7

[block]
# block no. 6 follows, 29 sequences, length 38
# corresponding to MSA columns:
# 132-169
name=unknown_G
#
# <colnr> <probs for GDERKNQSTAVLIFYWHMCP>
#	G	D	E	R	K	N	Q	S	T	A	V	L	I	F	Y	W	H	M	C	P
0	0.00870	0.00633	0.00820	0.00962	0.01027	0.00584	0.00650	0.01006	0.01410	0.01863	0.06449	0.65622	0.11156	0.02163	0.00900	0.00282	0.00405	0.01949	0.00665	0.00584
1	0.01874	0.51388	0.11306	0.05771	0.02166	0.02432	0.01446	0.02186	0.01464	0.06513	0.01161	0.01352	0.00975	0.00694	0.00668	0.00184	0.06688	0.00456	0.00345	0.00932
2	0.12741	0.15159	0.30976	0.06295	0.04448	0.01807	0.01791	0.04797	0.05672	0.04661	0.01467	0.04623	0.01174	0.00761	0.00624	0.00215	0.00836	0.00582	0.00400	0.00970
3	0.02419	0.06158	0.01914	0.01398	0.01884	0.01851	0.01151	0.45861	0.02745	0.09426	0.01872	0.01999	0.01389	0.03872	0.00783	0.00223	0.00695	0.00651	0.12631	0.01077
4	0.48272	0.13021	0.01646	0.01099	0.01572	0.01846	0.00935	0.13159	0.03755	0.03138	0.01241	0.01373	0.00967	0.00704	0.00500	0.00206	0.00611	0.00455	0.04626	0.00872
5	0.01044	0.00740	0.00886	0.00862	0.01029	0.00677	0.00631	0.01266	0.01682	0.04423	0.31601	0.05730	0.24108	0.16155	0.01398	0.00328	0.00444	0.05704	0.00672	0.00620
6	0.01688	0.10870	0.18391	0.06408	0.26823	0.06593	0.10019	0.02182	0.01623	0.02195	0.05481	0.01842	0.01364	0.00698	0.00690	0.00211	0.00930	0.00633	0.00362	0.01000
7	0.02034	0.01114	0.01406	0.01107	0.01581	0.00918	0.00868	0.02291	0.01668	0.29115	0.04235	0.10760	0.02030	0.06001	0.00868	0.00216	0.00550	0.00792	0.00641	0.31805
8	0.02371	0.23769	0.02524	0.01698	0.04170	0.40299	0.01340	0.08214	0.05639	0.02042	0.01226	0.01369	0.01016	0.00718	0.00601	0.00181	0.01039	0.00476	0.00398	0.00909
9	0.08778	0.06463	0.06664	0.13909	0.11687	0.03897	0.12687	0.04810	0.01611	0.06986	0.03806	0.03657	0.03302	0.00829	0.00855	0.00231	0.07783	0.00701	0.00427	0.00918
10	0.08547	0.40106	0.10499	0.01390	0.01964	0.13696	0.01337	0.06236	0.01679	0.02127	0.05563	0.01512	0.01295	0.00711	0.00551	0.00180	0.00835	0.00485	0.00382	0.00905
11	0.01205	0.00935	0.01257	0.01211	0.01390	0.00934	0.05372	0.09155	0.05667	0.02247	0.05564	0.48979	0.05762	0.05529	0.01003	0.00291	0.00530	0.01619	0.00642	0.00708
12	0.00966	0.00718	0.00884	0.00856	0.01022	0.00652	0.00628	0.01235	0.01834	0.02505	0.48653	0.09468	0.20094	0.06116	0.01016	0.00260	0.00367	0.01360	0.00729	0.00637
13	0.04563	0.01006	0.01147	0.01109	0.01241	0.05564	0.00826	0.03036	0.01277	0.01842	0.01978	0.07158	0.01959	0.18049	0.33808	0.00738	0.05687	0.00837	0.07542	0.00634
14	0.02013	0.01464	0.01636	0.01386	0.01750	0.01581	0.01084	0.42233	0.02563	0.03432	0.02446	0.26610	0.02408	0.01397	0.00871	0.03733	0.00650	0.01113	0.00677	0.00955
15	0.01697	0.00869	0.01166	0.01059	0.01327	0.00784	0.00820	0.01972	0.01877	0.24641	0.31876	0.17578	0.04579	0.01447	0.00822	0.00241	0.00457	0.05174	0.00784	0.00828
16	0.00852	0.00722	0.00735	0.00732	0.00968	0.00605	0.00549	0.01042	0.01647	0.01981	0.11059	0.06759	0.66363	0.01782	0.00841	0.00239	0.00359	0.01490	0.00669	0.00605
17	0.03728	0.00642	0.00931	0.00928	0.00942	0.00649	0.00623	0.00965	0.00937	0.01299	0.01229	0.02133	0.01222	0.02416	0.02709	0.76782	0.00616	0.00611	0.00313	0.00324
18	0.07758	0.06286	0.37639	0.01840	0.07122	0.01559	0.01918	0.02514	0.05324	0.15726	0.04452	0.01875	0.01383	0.00757	0.00667	0.00220	0.00843	0.00599	0.00471	0.01049
19	0.00949	0.00662	0.00854	0.00990	0.01055	0.00631	0.00671	0.02986	0.01429	0.01946	0.03762	0.68008	0.04432	0.02105	0.00878	0.00279	0.00419	0.01901	0.05438	0.00602
20	0.01372	0.01293	0.02185	0.68802	0.09154	0.01589	0.01991	0.01843	0.01437	0.01852	0.01270	0.01890	0.00961	0.00707	0.00711	0.00236	0.00943	0.00633	0.00319	0.00813
21	0.04049	0.30987	0.34770	0.01805	0.04484	0.02128	0.05967	0.02184	0.01473	0.02046	0.01159	0.01388	0.00921	0.00663	0.00651	0.00201	0.03344	0.00491	0.00312	0.00978
22	0.01591	0.22208	0.43341	0.01965	0.02851	0.01981	0.12233	0.02227	0.01516	0.02107	0.01227	0.01472	0.00932	0.00647	0.00644	0.00209	0.00999	0.00536	0.00311	0.01002
23	0.01237	0.00618	0.00928	0.00928	0.00928	0.00618	0.00618	0.00928	0.00928	0.01237	0.01237	0.02165	0.01237	0.02474	0.02783	0.79283	0.00618	0.00618	0.00309	0.00309
24	0.01598	0.01525	0.02594	0.31402	0.44783	0.01649	0.02104	0.02042	0.01544	0.02127	0.01310	0.01816	0.01058	0.00665	0.00708	0.00222	0.00886	0.00634	0.00338	0.00996
25	0.01011	0.00756	0.00948	0.01009	0.01151	0.00689	0.00703	0.03834	0.01473	0.01991	0.03731	0.59071	0.08148	0.01954	0.00853	0.00262	0.00438	0.01753	0.00636	0.09589
26	0.03145	0.01292	0.01702	0.01305	0.01858	0.01165	0.01078	0.10065	0.02172	0.64243	0.02697	0.02351	0.01706	0.00879	0.00716	0.00220	0.00624	0.00708	0.00864	0.01212
27	0.00995	0.00696	0.00853	0.00878	0.00924	0.00707	0.00563	0.01075	0.01142	0.01533	0.02732	0.14863	0.06874	0.45934	0.16539	0.00692	0.00868	0.01158	0.00470	0.00504
28	0.00895	0.00624	0.00828	0.00975	0.01012	0.00587	0.00644	0.00992	0.01323	0.01764	0.03697	0.66790	0.04419	0.06952	0.01168	0.03806	0.00440	0.01898	0.00631	0.00557
29	0.06909	0.01021	0.01325	0.01122	0.01502	0.00920	0.00885	0.02520	0.01848	0.41333	0.13780	0.16322	0.04957	0.01236	0.00759	0.00234	0.00517	0.01053	0.00793	0.00965
30	0.01035	0.00694	0.00795	0.00795	0.00802	0.00700	0.00455	0.01047	0.01041	0.01394	0.02227	0.04565	0.02548	0.71448	0.07095	0.00713	0.00752	0.01022	0.00429	0.00442
31	0.01765	0.01889	0.07519	0.06393	0.60699	0.04797	0.02173	0.02207	0.01624	0.02279	0.01322	0.01728	0.01097	0.00644	0.00700	0.00212	0.00883	0.00619	0.00348	0.01098
32	0.01200	0.00619	0.00917	0.00934	0.00938	0.00614	0.00623	0.00934	0.00972	0.01295	0.01508	0.09462	0.01587	0.02449	0.02594	0.71314	0.00598	0.00760	0.00345	0.00336
33	0.65827	0.01655	0.01179	0.01061	0.01482	0.12102	0.00852	0.02191	0.01342	0.02960	0.01052	0.01226	0.00828	0.00677	0.00473	0.00213	0.00653	0.00406	0.03045	0.00776
34	0.01465	0.07707	0.57108	0.01933	0.02865	0.01654	0.06602	0.02201	0.01511	0.02254	0.01355	0.01601	0.00989	0.00680	0.00659	0.00217	0.00986	0.00549	0.06658	0.01007
35	0.01673	0.01748	0.06903	0.08308	0.54742	0.01692	0.02103	0.02096	0.01559	0.02229	0.01463	0.01881	0.03020	0.00724	0.00839	0.00223	0.06736	0.00651	0.00352	0.01059
36	0.06672	0.00893	0.01295	0.15389	0.01882	0.00994	0.03104	0.01389	0.01199	0.01809	0.01587	0.06973	0.01471	0.01712	0.03875	0.32384	0.03774	0.00719	0.12320	0.00560
37	0.48041	0.05453	0.01672	0.06286	0.12304	0.11673	0.01174	0.02198	0.01414	0.02690	0.01078	0.01315	0.00865	0.00668	0.00528	0.00211	0.00736	0.00450	0.00402	0.00842

[dist]
# distance from previous block
# <min> <max>
1	4

[block]
# block no. 7 follows, 29 sequences, length 28
# corresponding to MSA columns:
# 174-201
name=unknown_H
#
# <colnr> <probs for GDERKNQSTAVLIFYWHMCP>
#	G	D	E	R	K	N	Q	S	T	A	V	L	I	F	Y	W	H	M	C	P
0	0.05111	0.03369	0.60138	0.02093	0.03078	0.01668	0.10219	0.02251	0.01511	0.02302	0.01284	0.01536	0.00917	0.00667	0.00685	0.00227	0.01046	0.00557	0.00314	0.01028
1	0.01922	0.02149	0.08031	0.10847	0.40911	0.15191	0.01992	0.06345	0.01773	0.02288	0.01304	0.01661	0.01056	0.00679	0.00692	0.00210	0.00953	0.00592	0.00369	0.01033
2	0.01913	0.01340	0.01457	0.01258	0.01632	0.04583	0.00987	0.09176	0.24937	0.15884	0.19948	0.03438	0.08136	0.01114	0.00756	0.00228	0.00554	0.00929	0.00747	0.00984
3	0.01310	0.00761	0.00962	0.05197	0.01229	0.00798	0.00713	0.04947	0.01380	0.02124	0.02013	0.08965	0.01821	0.01790	0.06696	0.24129	0.00607	0.00778	0.33194	0.00584
4	0.10150	0.10714	0.13970	0.01352	0.01842	0.14322	0.01269	0.09953	0.01765	0.02498	0.01754	0.01956	0.04385	0.01003	0.03973	0.00239	0.00835	0.00580	0.16575	0.00863
5	0.00868	0.00620	0.00826	0.00991	0.01033	0.00578	0.00661	0.00991	0.01363	0.01818	0.03925	0.74510	0.04710	0.02231	0.00909	0.00289	0.00413	0.02024	0.00661	0.00578
6	0.01096	0.00800	0.01076	0.01204	0.01379	0.00780	0.01034	0.01404	0.01659	0.02145	0.08215	0.07706	0.13488	0.01914	0.00955	0.00309	0.00595	0.52925	0.00664	0.00649
7	0.00934	0.00759	0.00832	0.00807	0.01033	0.00675	0.00607	0.01243	0.04746	0.02257	0.26359	0.06195	0.47706	0.01659	0.00836	0.00235	0.00362	0.01406	0.00702	0.00646
8	0.01327	0.00703	0.01002	0.00971	0.01007	0.00716	0.00664	0.05072	0.01077	0.01437	0.01266	0.02136	0.01235	0.02374	0.02655	0.74408	0.00629	0.00620	0.00334	0.00365
9	0.00943	0.00719	0.00866	0.00844	0.01028	0.00642	0.00627	0.01213	0.01842	0.02476	0.44751	0.10318	0.27898	0.01623	0.00845	0.00234	0.00349	0.01408	0.00735	0.00642
10	0.01037	0.00746	0.00947	0.01051	0.01141	0.00728	0.00725	0.07167	0.01546	0.02063	0.03721	0.67817	0.04388	0.02104	0.00891	0.00282	0.00447	0.01897	0.00666	0.00637
11	0.72943	0.01362	0.01102	0.00967	0.01418	0.01547	0.00796	0.02220	0.01288	0.09431	0.01159	0.01273	0.00862	0.00681	0.00466	0.00220	0.00556	0.00416	0.00481	0.00812
12	0.02544	0.02914	0.01980	0.01750	0.02154	0.51320	0.01338	0.13294	0.11546	0.02348	0.01446	0.01542	0.01138	0.00785	0.00665	0.00196	0.01105	0.00535	0.00471	0.00928
13	0.01521	0.01441	0.02006	0.05401	0.01907	0.01978	0.01459	0.01713	0.01153	0.01826	0.01110	0.01700	0.01037	0.01171	0.02044	0.00291	0.61598	0.00628	0.09249	0.00766
14	0.23010	0.01628	0.02289	0.18485	0.15484	0.05451	0.12410	0.05269	0.01598	0.06038	0.01325	0.01661	0.01008	0.00682	0.00655	0.00224	0.00856	0.00595	0.00414	0.00919
15	0.01762	0.01692	0.02890	0.04371	0.70533	0.01692	0.02185	0.02185	0.01621	0.02326	0.01339	0.01762	0.01128	0.00634	0.00705	0.00211	0.00846	0.00634	0.00352	0.01128
16	0.01036	0.00690	0.00777	0.00777	0.00777	0.00690	0.00431	0.01036	0.01036	0.01381	0.02244	0.04660	0.02589	0.74975	0.03624	0.00690	0.00690	0.01036	0.00431	0.00431
17	0.12273	0.05966	0.02023	0.01619	0.02084	0.33296	0.01285	0.27762	0.02401	0.02973	0.01315	0.01425	0.01012	0.00765	0.00635	0.00198	0.00976	0.00516	0.00506	0.00971
18	0.01473	0.01311	0.01286	0.01185	0.01510	0.06130	0.00920	0.05782	0.29768	0.02545	0.08317	0.04430	0.26797	0.01321	0.00779	0.00239	0.00543	0.04116	0.00677	0.00873
19	0.07341	0.01221	0.01620	0.01249	0.01794	0.01076	0.01032	0.03396	0.01993	0.67365	0.02711	0.02355	0.01709	0.00869	0.00701	0.00220	0.00603	0.00698	0.00858	0.01188
20	0.01237	0.00618	0.00928	0.00928	0.00928	0.00618	0.00618	0.00928	0.00928	0.01237	0.01237	0.02165	0.01237	0.02474	0.02783	0.79283	0.00618	0.00618	0.00309	0.00309
21	0.01620	0.01010	0.01052	0.00933	0.01204	0.01064	0.00729	0.16010	0.06303	0.03040	0.04411	0.02724	0.05034	0.00907	0.00584	0.00186	0.00445	0.00725	0.51210	0.00808
22	0.00872	0.00634	0.00822	0.00962	0.01028	0.00585	0.00650	0.01011	0.01417	0.01876	0.07302	0.65078	0.10828	0.02156	0.00899	0.00282	0.00405	0.01942	0.00667	0.00585
23	0.00857	0.00722	0.00743	0.00738	0.00971	0.00608	0.00553	0.01052	0.01660	0.02012	0.13173	0.06708	0.64230	0.01770	0.00841	0.00239	0.00358	0.01482	0.00673	0.00608
24	0.01384	0.01311	0.02185	0.64389	0.08754	0.01628	0.01963	0.01835	0.01414	0.01844	0.01249	0.01868	0.00959	0.00742	0.00817	0.00241	0.05656	0.00632	0.00318	0.00811
25	0.01819	0.62585	0.15805	0.01363	0.02052	0.02610	0.01471	0.02154	0.01457	0.01779	0.01041	0.01207	0.00912	0.00621	0.00496	0.00165	0.00813	0.00407	0.00304	0.00939
26	0.01101	0.00819	0.01134	0.08227	0.01631	0.00840	0.01004	0.04237	0.01561	0.02054	0.03507	0.39103	0.03955	0.01921	0.00909	0.00295	0.00574	0.25841	0.00627	0.00656
27	0.01350	0.01278	0.01516	0.01397	0.01474	0.07641	0.01085	0.01505	0.01236	0.01679	0.02010	0.10988	0.05346	0.12627	0.16899	0.00524	0.29461	0.00904	0.00407	0.00671

[dist]
# distance from previous block
# <min> <max>
1	17

[block]
# block no. 8 follows, 29 sequences, length 211
# corresponding to MSA columns:
# 220-430
name=unknown_I
#
# <colnr> <probs for GDERKNQSTAVLIFYWHMCP>
#	G	D	E	R	K	N	Q	S	T	A	V	L	I	F	Y	W	H	M	C	P
0	0.01328	0.01248	0.02090	0.70899	0.04776	0.01550	0.01931	0.01793	0.01430	0.01823	0.01460	0.02060	0.03208	0.00747	0.00716	0.00237	0.00930	0.00661	0.00328	0.00785
1	0.01017	0.00763	0.01144	0.01144	0.01272	0.00890	0.00890	0.01272	0.01144	0.01653	0.01907	0.02797	0.01780	0.05340	0.72153	0.01144	0.01907	0.00763	0.00381	0.00636
2	0.03138	0.01225	0.01651	0.01274	0.01819	0.01076	0.01050	0.03483	0.04741	0.68290	0.02813	0.02433	0.01779	0.00885	0.00716	0.00221	0.00604	0.00720	0.00875	0.01208
3	0.03022	0.01333	0.01718	0.01328	0.01865	0.01246	0.01095	0.14856	0.02235	0.56490	0.02579	0.02312	0.01665	0.01052	0.03533	0.00256	0.00689	0.00705	0.00832	0.01189
4	0.02967	0.01162	0.01580	0.01228	0.01739	0.01008	0.01008	0.03249	0.02036	0.63941	0.09810	0.02725	0.02278	0.00941	0.00729	0.00221	0.00578	0.00775	0.00871	0.01156
5	0.02618	0.07572	0.02127	0.01785	0.02180	0.63529	0.01365	0.06987	0.02069	0.01915	0.01133	0.01303	0.00936	0.00734	0.00636	0.00184	0.01221	0.00466	0.00385	0.00855
6	0.02113	0.31753	0.11470	0.01596	0.02125	0.30964	0.01465	0.02397	0.01665	0.01777	0.01097	0.01312	0.00941	0.00835	0.02791	0.00210	0.03821	0.00452	0.00332	0.00882
7	0.01848	0.01310	0.01538	0.01201	0.01740	0.01183	0.00959	0.04430	0.16738	0.14246	0.01941	0.01979	0.01468	0.00950	0.04395	0.00214	0.00629	0.00582	0.00574	0.42076
8	0.19852	0.04802	0.05071	0.01115	0.01545	0.01384	0.00962	0.15124	0.01905	0.12217	0.06617	0.02277	0.03842	0.00858	0.00598	0.00204	0.00567	0.00651	0.19509	0.00900
9	0.01729	0.01943	0.09445	0.03762	0.49629	0.04012	0.12100	0.02206	0.01633	0.02287	0.01418	0.01945	0.01187	0.00679	0.00729	0.00220	0.00927	0.02720	0.00359	0.01070
10	0.03195	0.01212	0.01652	0.01267	0.01818	0.01047	0.01047	0.03470	0.02038	0.71026	0.02809	0.02424	0.01763	0.00881	0.00716	0.00220	0.00606	0.00716	0.00881	0.01212
11	0.00842	0.00721	0.00721	0.00721	0.00962	0.00601	0.00541	0.01022	0.01623	0.01924	0.07213	0.06853	0.70244	0.01803	0.00842	0.00240	0.00361	0.01503	0.00661	0.00601
12	0.01538	0.01797	0.10729	0.24843	0.17308	0.01666	0.20006	0.02025	0.01503	0.02067	0.01309	0.01823	0.01027	0.00767	0.00922	0.03574	0.05170	0.00676	0.00333	0.00914
13	0.01792	0.01491	0.01588	0.01424	0.01823	0.01709	0.01108	0.03688	0.64666	0.05230	0.05249	0.02742	0.02319	0.00980	0.00728	0.00240	0.00557	0.00819	0.00732	0.01114
14	0.01029	0.00689	0.00784	0.00787	0.00794	0.00686	0.00446	0.01043	0.01076	0.01440	0.04344	0.06995	0.02783	0.70350	0.03450	0.00663	0.00670	0.01076	0.00450	0.00444
15	0.01819	0.11144	0.02892	0.02072	0.02432	0.11925	0.20375	0.04715	0.01525	0.01983	0.01172	0.01618	0.01010	0.01031	0.03687	0.00277	0.28468	0.00637	0.00351	0.00866
16	0.00968	0.00771	0.00840	0.00845	0.01037	0.00710	0.00620	0.01257	0.05884	0.01987	0.10637	0.09346	0.42496	0.13330	0.01287	0.00319	0.00447	0.05965	0.00638	0.00616
17	0.01125	0.00803	0.01121	0.01285	0.01439	0.00800	0.01108	0.01436	0.01617	0.02106	0.03783	0.13431	0.04148	0.01988	0.00977	0.00325	0.00636	0.60566	0.00656	0.00649
18	0.01561	0.21889	0.50943	0.01868	0.02792	0.01957	0.05306	0.02225	0.01497	0.02108	0.01212	0.01431	0.00913	0.00656	0.00628	0.00208	0.00985	0.00504	0.00304	0.01013
19	0.01763	0.01680	0.02800	0.04165	0.65706	0.01697	0.02111	0.02298	0.06375	0.02372	0.01449	0.01825	0.01201	0.00658	0.00706	0.00214	0.00826	0.00646	0.00379	0.01128
20	0.01035	0.00686	0.00776	0.00785	0.00792	0.00684	0.00446	0.01051	0.01066	0.01441	0.02335	0.08293	0.02679	0.68970	0.03390	0.00654	0.00665	0.01077	0.02731	0.00446
21	0.01706	0.01519	0.02325	0.38191	0.23138	0.01724	0.01892	0.12691	0.05375	0.02455	0.01444	0.01869	0.01107	0.00726	0.00711	0.00226	0.00873	0.00644	0.00412	0.00973
22	0.01113	0.00874	0.01161	0.01221	0.01316	0.00959	0.00952	0.01381	0.04264	0.01924	0.03381	0.30736	0.06278	0.07496	0.01346	0.00332	0.11582	0.22444	0.00592	0.00647
23	0.02193	0.01623	0.01788	0.03623	0.02019	0.01795	0.01198	0.30802	0.28055	0.08802	0.06481	0.02495	0.03949	0.00958	0.00729	0.00227	0.00652	0.00773	0.00721	0.01117
24	0.01477	0.01266	0.01477	0.01055	0.01687	0.00949	0.00844	0.01793	0.01477	0.02320	0.01266	0.01477	0.01055	0.00527	0.00527	0.00105	0.00527	0.00422	0.00422	0.79328
25	0.01854	0.69770	0.06791	0.01254	0.01869	0.02704	0.01274	0.02111	0.01440	0.01702	0.01032	0.01210	0.00940	0.00758	0.02677	0.00186	0.00810	0.00399	0.00307	0.00912
26	0.01634	0.11552	0.22139	0.04825	0.07190	0.01875	0.36069	0.02235	0.01592	0.02186	0.01329	0.01701	0.01010	0.00627	0.00736	0.00223	0.01077	0.00680	0.00335	0.00984
27	0.04142	0.05552	0.47289	0.11182	0.06258	0.09240	0.02284	0.02250	0.01542	0.02159	0.01241	0.01519	0.00916	0.00682	0.00664	0.00219	0.01028	0.00528	0.00317	0.00984
28	0.05252	0.01264	0.01594	0.01276	0.01778	0.01191	0.01044	0.06805	0.10632	0.51074	0.02941	0.02765	0.05043	0.00962	0.00723	0.00227	0.00599	0.02869	0.00820	0.01140
29	0.00992	0.00679	0.00822	0.00863	0.00885	0.00680	0.00530	0.01045	0.01127	0.01514	0.02635	0.22016	0.03049	0.50551	0.09022	0.00630	0.00729	0.01259	0.00485	0.00486
30	0.01354	0.01240	0.01853	0.03904	0.01878	0.03690	0.11165	0.03679	0.01374	0.01924	0.01981	0.16706	0.02019	0.05591	0.16699	0.00478	0.19009	0.00983	0.03745	0.00730
31	0.13864	0.01404	0.01500	0.01281	0.01704	0.01527	0.01015	0.11031	0.30120	0.15605	0.05712	0.02634	0.04586	0.03890	0.00804	0.00248	0.00583	0.00763	0.00698	0.01030
32	0.00915	0.00644	0.00827	0.00939	0.00982	0.00610	0.00614	0.01032	0.01353	0.01819	0.09419	0.53934	0.04447	0.17235	0.01465	0.00367	0.00464	0.01754	0.00624	0.00556
33	0.00885	0.00639	0.00843	0.00999	0.01059	0.00596	0.00688	0.01026	0.01396	0.01845	0.04088	0.66404	0.08132	0.02190	0.00910	0.00289	0.00427	0.06339	0.00661	0.00585
34	0.02200	0.02278	0.01896	0.01807	0.06541	0.33771	0.01321	0.06016	0.07376	0.07045	0.01535	0.01790	0.01245	0.01378	0.09411	0.00324	0.09724	0.00589	0.02868	0.00886
35	0.02582	0.01181	0.01501	0.01209	0.01681	0.01089	0.00981	0.05588	0.08802	0.48133	0.03451	0.03141	0.12760	0.01184	0.03105	0.00256	0.00612	0.00850	0.00807	0.01086
36	0.00868	0.00620	0.00826	0.00991	0.01033	0.00578	0.00661	0.00991	0.01363	0.01818	0.03925	0.74510	0.04710	0.02231	0.00909	0.00289	0.00413	0.02024	0.00661	0.00578
37	0.01327	0.00664	0.00664	0.00664	0.00830	0.00664	0.00498	0.01659	0.01493	0.02655	0.02323	0.02655	0.01825	0.00830	0.00498	0.00166	0.00332	0.00664	0.78928	0.00664
38	0.01723	0.01670	0.02710	0.20376	0.47809	0.04152	0.04698	0.04257	0.01647	0.02254	0.01330	0.01782	0.01079	0.00662	0.00710	0.00218	0.00898	0.00636	0.00356	0.01034
39	0.01489	0.01481	0.01790	0.01605	0.01692	0.09651	0.01298	0.01683	0.01215	0.01695	0.01303	0.01972	0.01236	0.02658	0.27204	0.00596	0.39701	0.00655	0.00343	0.00733
40	0.80005	0.01377	0.01047	0.00936	0.01377	0.01597	0.00771	0.02093	0.01212	0.03195	0.00991	0.01157	0.00771	0.00661	0.00441	0.00220	0.00551	0.00386	0.00441	0.00771
41	0.02033	0.02362	0.01737	0.01586	0.01809	0.41406	0.01192	0.02191	0.01614	0.01669	0.01357	0.02052	0.01294	0.13305	0.10079	0.00401	0.12198	0.00613	0.00371	0.00732
42	0.00889	0.00727	0.00788	0.00782	0.01004	0.00625	0.00593	0.01109	0.01709	0.02134	0.20782	0.06564	0.53902	0.01734	0.00847	0.00240	0.00367	0.03901	0.00688	0.00619
43	0.01428	0.03683	0.71286	0.02030	0.03082	0.01654	0.02631	0.02255	0.01503	0.02255	0.01278	0.01503	0.00902	0.00677	0.00677	0.00226	0.01052	0.00526	0.00301	0.01052
44	0.01498	0.06267	0.58239	0.02351	0.13219	0.01706	0.02507	0.02240	0.01519	0.02242	0.01276	0.01528	0.00937	0.00667	0.00672	0.00220	0.01009	0.00537	0.00309	0.01058
45	0.03195	0.01212	0.01652	0.01267	0.01818	0.01047	0.01047	0.03470	0.02038	0.71026	0.02809	0.02424	0.01763	0.00881	0.00716	0.00220	0.00606	0.00716	0.00881	0.01212
46	0.01445	0.03566	0.66838	0.02094	0.03124	0.01663	0.06962	0.02257	0.01515	0.02257	0.01289	0.01531	0.00914	0.00671	0.00687	0.00226	0.01062	0.00547	0.00305	0.01046
47	0.01465	0.07392	0.64598	0.02032	0.03045	0.01722	0.05592	0.02250	0.01509	0.02226	0.01270	0.01504	0.00911	0.00669	0.00673	0.00222	0.01044	0.00533	0.00304	0.01041
48	0.01094	0.00750	0.00838	0.00822	0.00865	0.00751	0.00491	0.04152	0.01194	0.01577	0.02605	0.07472	0.06946	0.63916	0.03201	0.00623	0.00662	0.01087	0.00468	0.00484
49	0.01147	0.00820	0.01147	0.01311	0.01475	0.00820	0.01147	0.01475	0.01639	0.02131	0.03770	0.08032	0.04098	0.01967	0.00984	0.00328	0.00656	0.65741	0.00656	0.00656
50	0.00971	0.00719	0.01009	0.01039	0.01113	0.00693	0.04162	0.01098	0.01297	0.01744	0.05528	0.44583	0.03834	0.23441	0.05004	0.00441	0.00602	0.01589	0.00570	0.00562
51	0.01427	0.01008	0.01297	0.01148	0.01412	0.04561	0.05625	0.01707	0.01827	0.12744	0.31278	0.16942	0.13257	0.01453	0.00823	0.00236	0.00507	0.01285	0.00708	0.00757
52	0.02669	0.03129	0.02040	0.01797	0.02203	0.58897	0.01372	0.15194	0.02269	0.02262	0.01216	0.01365	0.00973	0.00757	0.00655	0.00189	0.01189	0.00493	0.00432	0.00898
53	0.01840	0.01666	0.02823	0.04202	0.66796	0.01657	0.02123	0.02255	0.01644	0.06063	0.01419	0.01798	0.01162	0.00648	0.00706	0.00212	0.00833	0.00639	0.00381	0.01132
54	0.01762	0.01692	0.02890	0.04371	0.70533	0.01692	0.02185	0.02185	0.01621	0.02326	0.01339	0.01762	0.01128	0.00634	0.00705	0.00211	0.00846	0.00634	0.00352	0.01128
55	0.00887	0.00630	0.00827	0.00970	0.01012	0.00592	0.00642	0.01009	0.01362	0.01822	0.06418	0.65853	0.04610	0.08349	0.01136	0.00320	0.00433	0.01911	0.00646	0.00570
56	0.01112	0.00755	0.00859	0.00836	0.00869	0.00771	0.00499	0.04167	0.01149	0.01539	0.02201	0.04424	0.02482	0.67850	0.07111	0.00692	0.00759	0.01003	0.00442	0.00478
57	0.01477	0.01266	0.01477	0.01055	0.01687	0.00949	0.00844	0.01793	0.01477	0.02320	0.01266	0.01477	0.01055	0.00527	0.00527	0.00105	0.00527	0.00422	0.00422	0.79328
58	0.00884	0.00632	0.00841	0.00980	0.01036	0.00589	0.00662	0.01033	0.01440	0.01939	0.11693	0.66395	0.04945	0.02140	0.00901	0.00282	0.00404	0.01938	0.00675	0.00589
59	0.03498	0.16642	0.54455	0.01824	0.02761	0.01841	0.02264	0.02277	0.01507	0.04908	0.01279	0.01466	0.00935	0.00672	0.00632	0.00212	0.00969	0.00504	0.00328	0.01027
60	0.01559	0.01199	0.01331	0.01201	0.01534	0.01289	0.00930	0.02785	0.38637	0.07680	0.20367	0.03861	0.12244	0.01193	0.00768	0.00235	0.00483	0.01012	0.00742	0.00950
61	0.01601	0.19516	0.44572	0.04298	0.02717	0.04749	0.02126	0.02263	0.04010	0.02087	0.01247	0.01473	0.00956	0.00707	0.00719	0.00213	0.04924	0.00510	0.00321	0.00991
62	0.58898	0.01520	0.01328	0.01116	0.01591	0.01726	0.00920	0.18003	0.01752	0.05754	0.01224	0.01331	0.00910	0.00715	0.00515	0.00219	0.00609	0.00458	0.00521	0.00891
63	0.01035	0.00693	0.00788	0.00788	0.00792	0.00696	0.00445	0.01043	0.01039	0.01389	0.02233	0.04604	0.02564	0.72879	0.05687	0.00704	0.00727	0.01027	0.00430	0.00438
64	0.02660	0.03394	0.02018	0.01834	0.02201	0.72116	0.01376	0.02843	0.02018	0.01743	0.01101	0.01284	0.00917	0.00734	0.00642	0.00183	0.01284	0.00459	0.00367	0.00825
65	0.00858	0.00722	0.00744	0.00739	0.00972	0.00608	0.00554	0.01054	0.01662	0.02016	0.13481	0.06700	0.63918	0.01769	0.00841	0.00239	0.00358	0.01481	0.00673	0.00608
66	0.00853	0.00722	0.00738	0.00734	0.00969	0.00606	0.00550	0.01045	0.01651	0.01989	0.11642	0.06745	0.65775	0.01779	0.00841	0.00239	0.00359	0.01488	0.00670	0.00606
67	0.00868	0.00620	0.00826	0.00991	0.01033	0.00578	0.00661	0.00991	0.01363	0.01818	0.03925	0.74510	0.04710	0.02231	0.00909	0.00289	0.00413	0.02024	0.00661	0.00578
68	0.02469	0.05992	0.05864	0.01825	0.02206	0.59632	0.01454	0.02687	0.01888	0.01766	0.01092	0.01314	0.00918	0.00770	0.00783	0.00196	0.07478	0.00473	0.00356	0.00837
69	0.77289	0.01371	0.01068	0.00948	0.01393	0.01578	0.00781	0.02142	0.01241	0.05593	0.01056	0.01202	0.00806	0.00669	0.00450	0.00220	0.00553	0.00397	0.00456	0.00787
70	0.01237	0.00618	0.00928	0.00928	0.00928	0.00618	0.00618	0.00928	0.00928	0.01237	0.01237	0.02165	0.01237	0.02474	0.02783	0.79283	0.00618	0.00618	0.00309	0.00309
71	0.01441	0.00773	0.00785	0.00744	0.00943	0.00791	0.00568	0.07142	0.01646	0.02806	0.02272	0.02577	0.01774	0.00832	0.00515	0.00170	0.00369	0.00662	0.72479	0.00709
72	0.02573	0.07050	0.02090	0.01774	0.02163	0.62181	0.01353	0.05143	0.05690	0.01902	0.01214	0.01366	0.00996	0.00744	0.00639	0.00186	0.01200	0.00480	0.00395	0.00860
73	0.00935	0.00767	0.00829	0.00805	0.01036	0.00683	0.00606	0.01254	0.05401	0.02219	0.23054	0.06233	0.50319	0.01669	0.00835	0.00236	0.00365	0.01410	0.00696	0.00648
74	0.01606	0.01047	0.01236	0.01120	0.01362	0.01084	0.00846	0.13588	0.09357	0.07789	0.10326	0.11720	0.05623	0.08414	0.01342	0.12218	0.00563	0.04026	0.05967	0.00768
75	0.01197	0.00953	0.01189	0.03680	0.03956	0.00978	0.00869	0.01891	0.17191	0.02664	0.39254	0.12067	0.08511	0.01391	0.00812	0.00236	0.00438	0.01222	0.00718	0.00783
76	0.01930	0.72883	0.03671	0.01240	0.01841	0.05243	0.01224	0.02157	0.01467	0.01678	0.00994	0.01147	0.00914	0.00614	0.00463	0.00153	0.00780	0.00383	0.00307	0.00911
77	0.00959	0.00722	0.00887	0.00854	0.01036	0.00650	0.00637	0.01247	0.01890	0.02576	0.51394	0.08141	0.23246	0.01574	0.00843	0.00231	0.00345	0.01370	0.00748	0.00650
78	0.01161	0.00866	0.01038	0.01020	0.01152	0.00918	0.00715	0.03702	0.11590	0.01990	0.08479	0.15543	0.05180	0.27587	0.15330	0.00573	0.00819	0.01135	0.00551	0.00651
79	0.01438	0.03616	0.68733	0.02067	0.03106	0.01659	0.05116	0.02256	0.01510	0.02256	0.01284	0.01519	0.00909	0.00674	0.00683	0.00226	0.01058	0.00538	0.00303	0.01049
80	0.05722	0.01248	0.01652	0.01271	0.01819	0.01111	0.01050	0.05998	0.02063	0.66130	0.02705	0.02353	0.01708	0.00873	0.00707	0.00220	0.00611	0.00702	0.00860	0.01197
81	0.01762	0.01692	0.02890	0.04371	0.70533	0.01692	0.02185	0.02185	0.01621	0.02326	0.01339	0.01762	0.01128	0.00634	0.00705	0.00211	0.00846	0.00634	0.00352	0.01128
82	0.01345	0.01266	0.02136	0.73264	0.04904	0.01582	0.01978	0.01819	0.01424	0.01819	0.01266	0.01898	0.00949	0.00712	0.00712	0.00237	0.00949	0.00633	0.00316	0.00791
83	0.00922	0.00725	0.00833	0.00806	0.01011	0.00635	0.00604	0.01178	0.01813	0.02375	0.37705	0.06110	0.39471	0.01635	0.00841	0.00232	0.00349	0.01399	0.00721	0.00635
84	0.01237	0.00618	0.00928	0.00928	0.00928	0.00618	0.00618	0.00928	0.00928	0.01237	0.01237	0.02165	0.01237	0.02474	0.02783	0.79283	0.00618	0.00618	0.00309	0.00309
85	0.01367	0.01289	0.02177	0.69517	0.08473	0.01588	0.01989	0.01839	0.01435	0.01847	0.01270	0.01891	0.00959	0.00708	0.00712	0.00236	0.00944	0.00633	0.00318	0.00809
86	0.01446	0.06355	0.68769	0.01999	0.03035	0.01697	0.02578	0.02250	0.01501	0.02233	0.01267	0.01490	0.00902	0.00674	0.00668	0.00223	0.01042	0.00521	0.00301	0.01047
87	0.01147	0.00820	0.01147	0.01311	0.01475	0.00820	0.01147	0.01475	0.01639	0.02131	0.03770	0.08032	0.04098	0.01967	0.00984	0.00328	0.00656	0.65741	0.00656	0.00656
88	0.14364	0.05852	0.02033	0.01490	0.02041	0.02088	0.01242	0.51171	0.02853	0.07656	0.01620	0.01633	0.01158	0.00814	0.00658	0.00212	0.00738	0.00592	0.00658	0.01128
89	0.01955	0.02078	0.04827	0.06578	0.48966	0.15152	0.01992	0.05785	0.01776	0.02306	0.01308	0.01666	0.01077	0.00670	0.00693	0.00208	0.00937	0.00598	0.00371	0.01058
90	0.01204	0.00703	0.00855	0.00855	0.01006	0.00754	0.00654	0.01505	0.01354	0.02256	0.02157	0.02712	0.01807	0.02626	0.29039	0.00556	0.00959	0.00703	0.47642	0.00653
91	0.01347	0.00732	0.00856	0.00791	0.00987	0.00726	0.04166	0.01693	0.01503	0.02634	0.02275	0.02615	0.01785	0.00817	0.00516	0.00170	0.00379	0.00673	0.74655	0.00680
92	0.00842	0.00721	0.00721	0.00721	0.00962	0.00601	0.00541	0.01022	0.01623	0.01924	0.07213	0.06853	0.70244	0.01803	0.00842	0.00240	0.00361	0.01503	0.00661	0.00601
93	0.01501	0.03434	0.11935	0.01390	0.01830	0.01481	0.01238	0.02821	0.39583	0.02627	0.07980	0.08391	0.08395	0.01146	0.00751	0.00242	0.00600	0.03034	0.00643	0.00977
94	0.01477	0.01266	0.01477	0.01055	0.01687	0.00949	0.00844	0.01793	0.01477	0.02320	0.01266	0.01477	0.01055	0.00527	0.00527	0.00105	0.00527	0.00422	0.00422	0.79328
95	0.02408	0.27390	0.02589	0.01629	0.02077	0.49023	0.01323	0.02606	0.01828	0.01720	0.01064	0.01237	0.00916	0.00692	0.00580	0.00173	0.01110	0.00433	0.00346	0.00855
96	0.23825	0.04408	0.10173	0.01646	0.09925	0.01459	0.01315	0.05295	0.01727	0.30805	0.01841	0.01811	0.01258	0.00756	0.00625	0.00217	0.00686	0.00577	0.00600	0.01051
97	0.01835	0.12727	0.01957	0.01442	0.01844	0.05146	0.01174	0.03246	0.46374	0.04867	0.02463	0.02581	0.01946	0.00967	0.00781	0.00233	0.04609	0.04144	0.00624	0.01040
98	0.02669	0.01976	0.02116	0.01631	0.02194	0.02191	0.01344	0.65570	0.05998	0.04427	0.01757	0.01748	0.01250	0.00859	0.00713	0.00215	0.00775	0.00648	0.00713	0.01208
99	0.01017	0.00763	0.01144	0.01144	0.01272	0.00890	0.00890	0.01272	0.01144	0.01653	0.01907	0.02797	0.01780	0.05340	0.72153	0.01144	0.01907	0.00763	0.00381	0.00636
100	0.02232	0.01634	0.01777	0.01485	0.01957	0.01817	0.01187	0.23512	0.40827	0.11729	0.02522	0.02337	0.01828	0.00922	0.00720	0.00230	0.00636	0.00744	0.00740	0.01163
101	0.01478	0.01428	0.01990	0.01736	0.01749	0.01962	0.01430	0.01641	0.01126	0.01750	0.01243	0.07153	0.01281	0.01459	0.04769	0.00336	0.63031	0.00736	0.02946	0.00755
102	0.01130	0.00807	0.01128	0.01292	0.01448	0.00805	0.01117	0.01445	0.01622	0.02112	0.03780	0.12144	0.04136	0.01983	0.00979	0.00325	0.00641	0.61799	0.00656	0.00651
103	0.00842	0.00721	0.00721	0.00721	0.00962	0.00601	0.00541	0.01022	0.01623	0.01924	0.07213	0.06853	0.70244	0.01803	0.00842	0.00240	0.00361	0.01503	0.00661	0.00601
104	0.02649	0.01938	0.02075	0.01597	0.02150	0.02143	0.01317	0.65350	0.03270	0.04410	0.01735	0.01750	0.01237	0.00854	0.00703	0.00212	0.00764	0.00642	0.04016	0.01188
105	0.01327	0.00664	0.00664	0.00664	0.00830	0.00664	0.00498	0.01659	0.01493	0.02655	0.02323	0.02655	0.01825	0.00830	0.00498	0.00166	0.00332	0.00664	0.78928	0.00664
