[name]
unknown

[dist]
# distance from previous block
# <min> <max>
5	9

[block]
# block no. 0 follows, 28 sequences, length 7
# corresponding to MSA columns:
# 9-15
name=unknown_A
#
# <colnr> <probs for GDERKNQSTAVLIFYWHMCP>
#	G	D	E	R	K	N	Q	S	T	A	V	L	I	F	Y	W	H	M	C	P
0	0.01997	0.01129	0.01395	0.01213	0.01558	0.01103	0.00960	0.13189	0.04595	0.22864	0.16128	0.13567	0.06295	0.03943	0.00917	0.00262	0.00563	0.06621	0.00768	0.00933
1	0.08339	0.01570	0.01792	0.01417	0.01941	0.01633	0.01159	0.28231	0.09970	0.28832	0.05836	0.02280	0.01822	0.00914	0.00717	0.00225	0.00666	0.00718	0.00777	0.01165
2	0.07817	0.01989	0.02147	0.08557	0.20635	0.16409	0.01553	0.09847	0.10565	0.07669	0.01639	0.01813	0.01256	0.00761	0.00683	0.00213	0.00868	0.00611	0.00499	0.04469
3	0.01096	0.00696	0.00914	0.01012	0.01086	0.00658	0.00692	0.01206	0.01377	0.05956	0.03515	0.50072	0.04058	0.14544	0.01478	0.03718	0.00509	0.06183	0.00633	0.00598
4	0.01172	0.00774	0.01033	0.03597	0.01315	0.00768	0.00820	0.01367	0.01487	0.06934	0.05697	0.41162	0.07543	0.05235	0.03630	0.00332	0.02886	0.08860	0.04721	0.00665
5	0.01704	0.01546	0.02408	0.35082	0.27496	0.01737	0.01954	0.08915	0.07473	0.02422	0.01508	0.01935	0.01168	0.00736	0.00725	0.00231	0.00880	0.00663	0.00413	0.01003
6	0.11534	0.01449	0.05526	0.41533	0.08031	0.01546	0.01725	0.02038	0.05584	0.02222	0.01544	0.02272	0.01264	0.00808	0.00697	0.00236	0.00844	0.05138	0.00397	0.05613

[dist]
# distance from previous block
# <min> <max>
26	64

[block]
# block no. 1 follows, 28 sequences, length 8
# corresponding to MSA columns:
# 100-107
name=unknown_B
#
# <colnr> <probs for GDERKNQSTAVLIFYWHMCP>
#	G	D	E	R	K	N	Q	S	T	A	V	L	I	F	Y	W	H	M	C	P
0	0.01756	0.01395	0.01944	0.22505	0.14002	0.03723	0.01514	0.13290	0.01831	0.06924	0.01892	0.11387	0.01690	0.01461	0.07039	0.04505	0.00906	0.00844	0.00491	0.00901
1	0.08697	0.40609	0.10039	0.01546	0.02159	0.08399	0.07615	0.05257	0.01609	0.02103	0.01180	0.01413	0.00998	0.00923	0.04493	0.00239	0.00944	0.00490	0.00357	0.00930
2	0.13823	0.01457	0.04647	0.07981	0.02051	0.01337	0.01106	0.10207	0.05467	0.05924	0.04511	0.04798	0.04188	0.00823	0.00633	0.00189	0.00627	0.00655	0.00527	0.29047
3	0.01447	0.01066	0.01371	0.15233	0.01973	0.01183	0.01006	0.10685	0.01559	0.02199	0.01863	0.02958	0.01745	0.24212	0.08077	0.03531	0.03606	0.00781	0.11495	0.04009
4	0.01404	0.08101	0.01733	0.04187	0.01750	0.01274	0.06148	0.10266	0.01751	0.02335	0.05856	0.30469	0.09640	0.01482	0.00863	0.00244	0.03621	0.01291	0.00580	0.07004
5	0.01421	0.00825	0.01152	0.07253	0.01418	0.00874	0.00815	0.07391	0.01267	0.01733	0.01390	0.02178	0.01277	0.02092	0.02289	0.58919	0.00656	0.00638	0.05940	0.00472
6	0.01282	0.00969	0.01081	0.01010	0.01262	0.00958	0.00770	0.09894	0.08346	0.02379	0.09650	0.07958	0.34269	0.01731	0.01125	0.11595	0.00495	0.03873	0.00645	0.00710
7	0.00999	0.00772	0.00853	0.00861	0.01016	0.00727	0.00595	0.01274	0.06276	0.01962	0.10821	0.15615	0.31726	0.21376	0.01626	0.00375	0.00479	0.01412	0.00628	0.00609

[dist]
# distance from previous block
# <min> <max>
1	7

[block]
# block no. 2 follows, 28 sequences, length 7
# corresponding to MSA columns:
# 115-121
name=unknown_C
#
# <colnr> <probs for GDERKNQSTAVLIFYWHMCP>
#	G	D	E	R	K	N	Q	S	T	A	V	L	I	F	Y	W	H	M	C	P
0	0.01247	0.00777	0.00959	0.00968	0.01166	0.00695	0.00716	0.01443	0.01639	0.11532	0.10882	0.29074	0.25133	0.04734	0.00988	0.00282	0.00453	0.05907	0.00708	0.00696
1	0.01007	0.00805	0.00854	0.00842	0.01034	0.00753	0.00596	0.01335	0.07997	0.01983	0.08860	0.08727	0.41521	0.18725	0.01514	0.00354	0.00468	0.01364	0.00633	0.00628
2	0.00994	0.00719	0.00965	0.01043	0.01094	0.00737	0.00722	0.01112	0.01352	0.01844	0.09072	0.45885	0.04058	0.09985	0.07433	0.05334	0.04864	0.01611	0.00594	0.00583
3	0.64728	0.01407	0.01183	0.01040	0.01496	0.01600	0.00850	0.02441	0.08359	0.09154	0.01379	0.01455	0.01026	0.00727	0.00505	0.00227	0.00569	0.00468	0.00520	0.00865
4	0.01077	0.00853	0.00935	0.00901	0.01125	0.00807	0.00667	0.05412	0.05343	0.02238	0.13680	0.11470	0.40075	0.08158	0.03712	0.00320	0.00495	0.01388	0.00667	0.00675
5	0.02143	0.02136	0.01717	0.01518	0.01832	0.28350	0.01181	0.12688	0.07676	0.02515	0.01671	0.01914	0.01342	0.01141	0.04996	0.00265	0.08513	0.00608	0.16917	0.00880
6	0.16094	0.01515	0.01666	0.01314	0.01826	0.01561	0.01075	0.26984	0.02384	0.20156	0.09744	0.02234	0.01936	0.00887	0.00678	0.00213	0.00638	0.00685	0.00704	0.07706

[dist]
# distance from previous block
# <min> <max>
12	22

[block]
# block no. 3 follows, 28 sequences, length 128
# corresponding to MSA columns:
# 144-271
name=unknown_D
#
# <colnr> <probs for GDERKNQSTAVLIFYWHMCP>
#	G	D	E	R	K	N	Q	S	T	A	V	L	I	F	Y	W	H	M	C	P
0	0.07780	0.03569	0.05362	0.01139	0.01495	0.07070	0.00943	0.05322	0.04605	0.09581	0.08937	0.14200	0.24404	0.01399	0.00771	0.00238	0.00582	0.01157	0.00637	0.00808
1	0.04916	0.01395	0.01475	0.01277	0.01638	0.03523	0.01016	0.23458	0.11615	0.03212	0.16638	0.03976	0.12710	0.03657	0.00881	0.00253	0.00605	0.06133	0.00700	0.00920
2	0.73452	0.01591	0.06536	0.01044	0.01542	0.01635	0.00936	0.02150	0.01260	0.03186	0.01035	0.01209	0.00798	0.00676	0.00469	0.00225	0.00603	0.00405	0.00439	0.00810
3	0.00901	0.00639	0.00839	0.00993	0.01031	0.00601	0.00654	0.01016	0.01362	0.01816	0.03853	0.67792	0.04614	0.08729	0.01176	0.00332	0.00447	0.01976	0.00654	0.00577
4	0.01414	0.01703	0.12305	0.55599	0.04544	0.01662	0.05882	0.01945	0.01467	0.01945	0.01291	0.01867	0.00969	0.00736	0.00794	0.00244	0.03813	0.00642	0.00323	0.00856
5	0.01713	0.01658	0.02881	0.17399	0.53705	0.01712	0.05960	0.02165	0.01620	0.02273	0.01359	0.01835	0.01114	0.00661	0.00729	0.00223	0.00905	0.00660	0.00353	0.01076
6	0.00882	0.00737	0.00768	0.00761	0.00996	0.00623	0.00570	0.01088	0.01711	0.02093	0.15826	0.06782	0.61081	0.01793	0.00859	0.00243	0.00365	0.01504	0.00692	0.00623
7	0.01496	0.09321	0.65459	0.02007	0.03046	0.01781	0.02573	0.02292	0.01530	0.02256	0.01282	0.01506	0.00922	0.00685	0.00673	0.00224	0.01051	0.00526	0.00307	0.01063
8	0.05865	0.71180	0.03671	0.01229	0.01842	0.02813	0.01221	0.02175	0.01465	0.01789	0.01011	0.01167	0.00925	0.00625	0.00466	0.00159	0.00767	0.00389	0.00318	0.00925
9	0.66343	0.05121	0.01297	0.01023	0.01496	0.01661	0.00854	0.04229	0.01392	0.09399	0.01205	0.01316	0.00901	0.00699	0.00485	0.00221	0.00585	0.00432	0.00493	0.00849
10	0.02763	0.02036	0.02182	0.01672	0.02254	0.02254	0.01382	0.67496	0.03418	0.04581	0.01745	0.01745	0.01236	0.00873	0.00727	0.00218	0.00800	0.00654	0.00727	0.01236
11	0.01031	0.00748	0.00975	0.00931	0.01105	0.00692	0.00707	0.01369	0.02025	0.02847	0.64149	0.05625	0.08643	0.01525	0.00865	0.00235	0.00361	0.04696	0.00789	0.00683
12	0.01079	0.00808	0.01000	0.01033	0.04547	0.00722	0.00722	0.01358	0.01872	0.04951	0.37843	0.05789	0.32455	0.01570	0.00847	0.00235	0.00390	0.01351	0.00730	0.00699
13	0.02677	0.01969	0.02111	0.01628	0.02180	0.02176	0.01334	0.64140	0.03298	0.04421	0.01773	0.01897	0.01307	0.04589	0.00877	0.00243	0.00795	0.00675	0.00713	0.01196
14	0.02715	0.03464	0.02060	0.01873	0.02247	0.71536	0.01404	0.02903	0.02060	0.01779	0.01124	0.01311	0.00936	0.00749	0.00655	0.00187	0.01311	0.00468	0.00375	0.00843
15	0.00969	0.01186	0.11257	0.00989	0.01338	0.00785	0.00912	0.01259	0.01630	0.02042	0.07819	0.11378	0.49682	0.01699	0.00845	0.00250	0.00490	0.04160	0.00623	0.00685
16	0.01590	0.01590	0.02226	0.01908	0.01908	0.02226	0.01590	0.01749	0.01113	0.01749	0.00954	0.01590	0.00954	0.01272	0.02385	0.00318	0.73123	0.00636	0.00318	0.00795
17	0.01808	0.01561	0.01644	0.01479	0.01890	0.01808	0.01151	0.03863	0.68606	0.03041	0.02959	0.02712	0.02219	0.00986	0.00740	0.00247	0.00575	0.00822	0.00740	0.01151
18	0.02751	0.01921	0.02094	0.01620	0.02188	0.02100	0.01333	0.56532	0.07658	0.11362	0.01944	0.01886	0.01361	0.00883	0.00728	0.00221	0.00766	0.00674	0.00746	0.01231
19	0.01799	0.01727	0.02950	0.04462	0.69919	0.01727	0.02231	0.02231	0.01655	0.02375	0.01367	0.01799	0.01151	0.00648	0.00720	0.00216	0.00864	0.00648	0.00360	0.01151
20	0.01263	0.00631	0.00947	0.00947	0.00947	0.00631	0.00631	0.00947	0.00947	0.01263	0.01263	0.02210	0.01263	0.02525	0.02841	0.78851	0.00631	0.00631	0.00316	0.00316
21	0.01373	0.01292	0.02180	0.72707	0.05006	0.01615	0.02019	0.01857	0.01453	0.01857	0.01292	0.01938	0.00969	0.00727	0.00727	0.00242	0.00969	0.00646	0.00323	0.00807
22	0.00989	0.00741	0.00916	0.00872	0.01061	0.00669	0.00654	0.01294	0.01963	0.02690	0.54859	0.05799	0.21675	0.01570	0.00858	0.00233	0.00349	0.01366	0.00771	0.00669
23	0.01057	0.00705	0.00793	0.00793	0.00793	0.00705	0.00440	0.01057	0.01057	0.01409	0.02290	0.04757	0.02643	0.74454	0.03700	0.00705	0.00705	0.01057	0.00440	0.00440
24	0.01808	0.01561	0.01644	0.01479	0.01890	0.01808	0.01151	0.03863	0.68606	0.03041	0.02959	0.02712	0.02219	0.00986	0.00740	0.00247	0.00575	0.00822	0.00740	0.01151
25	0.01943	0.74891	0.03809	0.01244	0.01866	0.02876	0.01244	0.02177	0.01477	0.01710	0.01011	0.01166	0.00933	0.00622	0.00466	0.00155	0.00777	0.00389	0.00311	0.00933
26	0.02440	0.02496	0.02322	0.02312	0.14825	0.29267	0.04372	0.21921	0.07958	0.02847	0.01521	0.01675	0.01180	0.00781	0.00704	0.00209	0.01012	0.00603	0.00506	0.01048
27	0.68381	0.01381	0.01159	0.01005	0.01472	0.01548	0.00829	0.02343	0.01361	0.13123	0.01285	0.01371	0.00936	0.00708	0.00491	0.00225	0.00571	0.00443	0.00516	0.00853
28	0.01373	0.01292	0.02180	0.72707	0.05006	0.01615	0.02019	0.01857	0.01453	0.01857	0.01292	0.01938	0.00969	0.00727	0.00727	0.00242	0.00969	0.00646	0.00323	0.00807
29	0.01851	0.52042	0.22782	0.01481	0.02230	0.02474	0.01648	0.02260	0.01515	0.04295	0.01160	0.01317	0.00960	0.00651	0.00540	0.00179	0.00856	0.00443	0.00331	0.00984
30	0.01107	0.00832	0.01117	0.04071	0.01324	0.00917	0.00825	0.03702	0.01305	0.01792	0.02587	0.25584	0.02854	0.20760	0.22923	0.00654	0.05297	0.01234	0.00498	0.00617
31	0.01117	0.00757	0.00864	0.00846	0.00875	0.00772	0.00501	0.03455	0.01148	0.01539	0.02251	0.04539	0.02544	0.67814	0.07527	0.00714	0.00780	0.01027	0.00448	0.00481
32	0.01095	0.00828	0.01174	0.01187	0.01312	0.00805	0.05266	0.04679	0.01500	0.01999	0.03448	0.48587	0.03988	0.12599	0.01325	0.00351	0.00563	0.08035	0.00622	0.00637
33	0.01696	0.01922	0.04167	0.07100	0.03869	0.01825	0.63497	0.02301	0.01700	0.02301	0.01460	0.01959	0.01095	0.00619	0.00850	0.00245	0.01211	0.00846	0.00365	0.00970
34	0.79588	0.01406	0.01068	0.00956	0.01406	0.01631	0.00787	0.02137	0.01237	0.03261	0.01012	0.01181	0.00787	0.00675	0.00450	0.00225	0.00562	0.00394	0.00450	0.00787
35	0.01830	0.01801	0.02871	0.07209	0.63591	0.05420	0.02178	0.02251	0.01668	0.02321	0.01351	0.01779	0.01132	0.00656	0.00717	0.00215	0.00892	0.00638	0.00359	0.01121
36	0.00896	0.00647	0.00851	0.01011	0.01069	0.00602	0.00689	0.01034	0.01417	0.01875	0.04178	0.67690	0.08215	0.02243	0.00927	0.00294	0.00429	0.04662	0.00675	0.00595
37	0.01729	0.15783	0.48461	0.01956	0.04783	0.08464	0.02251	0.02376	0.01596	0.04397	0.01290	0.01489	0.00960	0.00690	0.00651	0.00213	0.01024	0.00515	0.00335	0.01036
38	0.01587	0.14539	0.39211	0.01993	0.04801	0.01795	0.10557	0.02214	0.01548	0.02222	0.01279	0.01535	0.00976	0.00646	0.00655	0.00202	0.00962	0.00543	0.00335	0.12402
39	0.03261	0.01237	0.01687	0.01293	0.01856	0.01068	0.01068	0.03543	0.02081	0.70423	0.02868	0.02474	0.01799	0.00900	0.00731	0.00225	0.00619	0.00731	0.00900	0.01237
40	0.01458	0.03760	0.70688	0.02072	0.03146	0.01688	0.02686	0.02302	0.01535	0.02302	0.01304	0.01535	0.00921	0.00691	0.00691	0.00230	0.01074	0.00537	0.00307	0.01074
41	0.01628	0.01586	0.02504	0.29890	0.38867	0.04638	0.02026	0.02056	0.01597	0.02132	0.01646	0.02106	0.04700	0.00745	0.00727	0.00226	0.00896	0.00686	0.00363	0.00980
42	0.00949	0.00666	0.00854	0.00958	0.00995	0.00650	0.00623	0.01048	0.01273	0.01708	0.03329	0.47580	0.03922	0.24255	0.07284	0.00487	0.00626	0.01662	0.00582	0.00550
43	0.01057	0.00705	0.00793	0.00793	0.00793	0.00705	0.00440	0.01057	0.01057	0.01409	0.02290	0.04757	0.02643	0.74454	0.03700	0.00705	0.00705	0.01057	0.00440	0.00440
44	0.12560	0.00932	0.01175	0.04919	0.01505	0.00960	0.03586	0.05152	0.01514	0.02240	0.03263	0.44378	0.06293	0.04371	0.00932	0.00290	0.00545	0.04097	0.00605	0.00683
45	0.05868	0.01871	0.02036	0.01577	0.02135	0.02034	0.01298	0.55054	0.03105	0.12471	0.01921	0.03994	0.01395	0.00910	0.00723	0.00222	0.00757	0.00696	0.00735	0.01199
46	0.03261	0.01237	0.01687	0.01293	0.01856	0.01068	0.01068	0.03543	0.02081	0.70423	0.02868	0.02474	0.01799	0.00900	0.00731	0.00225	0.00619	0.00731	0.00900	0.01237
47	0.00881	0.00675	0.00809	0.00908	0.01029	0.00602	0.00630	0.01036	0.01512	0.01933	0.07549	0.46994	0.28653	0.02089	0.00900	0.00275	0.00399	0.01845	0.00679	0.00602
48	0.01651	0.01983	0.08465	0.05054	0.05762	0.01751	0.54971	0.02254	0.01713	0.02348	0.05395	0.02127	0.01422	0.00673	0.00838	0.00242	0.01145	0.00849	0.00387	0.00970
49	0.01458	0.03760	0.70688	0.02072	0.03146	0.01688	0.02686	0.02302	0.01535	0.02302	0.01304	0.01535	0.00921	0.00691	0.00691	0.00230	0.01074	0.00537	0.00307	0.01074
50	0.03261	0.01237	0.01687	0.01293	0.01856	0.01068	0.01068	0.03543	0.02081	0.70423	0.02868	0.02474	0.01799	0.00900	0.00731	0.00225	0.00619	0.00731	0.00900	0.01237
51	0.01799	0.01727	0.02950	0.04462	0.69919	0.01727	0.02231	0.02231	0.01655	0.02375	0.01367	0.01799	0.01151	0.00648	0.00720	0.00216	0.00864	0.00648	0.00360	0.01151
52	0.01446	0.03448	0.62068	0.02156	0.07521	0.01629	0.02531	0.02224	0.01550	0.02287	0.01660	0.01869	0.04918	0.00754	0.00702	0.00230	0.01019	0.00602	0.00332	0.01053
53	0.79588	0.01406	0.01068	0.00956	0.01406	0.01631	0.00787	0.02137	0.01237	0.03261	0.01012	0.01181	0.00787	0.00675	0.00450	0.00225	0.00562	0.00394	0.00450	0.00787
54	0.01057	0.00705	0.00793	0.00793	0.00793	0.00705	0.00440	0.01057	0.01057	0.01409	0.02290	0.04757	0.02643	0.74454	0.03700	0.00705	0.00705	0.01057	0.00440	0.00440
55	0.79588	0.01406	0.01068	0.00956	0.01406	0.01631	0.00787	0.02137	0.01237	0.03261	0.01012	0.01181	0.00787	0.00675	0.00450	0.00225	0.00562	0.00394	0.00450	0.00787
56	0.01669	0.14124	0.51923	0.02029	0.06241	0.04296	0.02333	0.02354	0.01574	0.05139	0.01325	0.01526	0.00973	0.00689	0.00659	0.00217	0.01008	0.00527	0.00338	0.01056
57	0.01451	0.01406	0.02478	0.58569	0.11401	0.01650	0.08864	0.01944	0.01501	0.01958	0.01318	0.01926	0.01001	0.00707	0.00740	0.00240	0.00985	0.00668	0.00331	0.00860
58	0.01926	0.72390	0.06161	0.01273	0.01911	0.02834	0.01294	0.02181	0.01479	0.01731	0.01021	0.01179	0.00932	0.00624	0.00474	0.00158	0.00788	0.00394	0.00311	0.00938
59	0.01548	0.01316	0.01529	0.01096	0.01740	0.01010	0.00878	0.03943	0.01569	0.02440	0.01307	0.01515	0.01082	0.00549	0.00544	0.00111	0.00547	0.00438	0.00440	0.76399
60	0.01590	0.01590	0.02226	0.01908	0.01908	0.02226	0.01590	0.01749	0.01113	0.01749	0.00954	0.01590	0.00954	0.01272	0.02385	0.00318	0.73123	0.00636	0.00318	0.00795
61	0.01029	0.00743	0.00972	0.00914	0.01086	0.00686	0.00686	0.01372	0.02058	0.02915	0.69536	0.05430	0.06859	0.01486	0.00857	0.00229	0.00343	0.01315	0.00800	0.00686
62	0.03261	0.01237	0.01687	0.01293	0.01856	0.01068	0.01068	0.03543	0.02081	0.70423	0.02868	0.02474	0.01799	0.00900	0.00731	0.00225	0.00619	0.00731	0.00900	0.01237
63	0.02763	0.02036	0.02182	0.01672	0.02254	0.02254	0.01382	0.67496	0.03418	0.04581	0.01745	0.01745	0.01236	0.00873	0.00727	0.00218	0.00800	0.00654	0.00727	0.01236
64	0.03221	0.01302	0.01727	0.01324	0.01888	0.01164	0.01094	0.08720	0.02189	0.65092	0.02777	0.02415	0.01754	0.00897	0.00731	0.00224	0.00633	0.00725	0.00886	0.01237
65	0.01377	0.00759	0.00816	0.00790	0.00968	0.00785	0.00596	0.04944	0.01559	0.02630	0.02287	0.02765	0.01859	0.04497	0.08939	0.00311	0.00565	0.00704	0.62157	0.00692
66	0.02715	0.03464	0.02060	0.01873	0.02247	0.71536	0.01404	0.02903	0.02060	0.01779	0.01124	0.01311	0.00936	0.00749	0.00655	0.00187	0.01311	0.00468	0.00375	0.00843
67	0.02715	0.03464	0.02060	0.01873	0.02247	0.71536	0.01404	0.02903	0.02060	0.01779	0.01124	0.01311	0.00936	0.00749	0.00655	0.00187	0.01311	0.00468	0.00375	0.00843
68	0.00886	0.00633	0.00843	0.01012	0.01054	0.00590	0.00675	0.01012	0.01392	0.01856	0.04006	0.73979	0.04808	0.02277	0.00928	0.00295	0.00422	0.02066	0.00675	0.00590
69	0.03261	0.01237	0.01687	0.01293	0.01856	0.01068	0.01068	0.03543	0.02081	0.70423	0.02868	0.02474	0.01799	0.00900	0.00731	0.00225	0.00619	0.00731	0.00900	0.01237
70	0.01458	0.03760	0.70688	0.02072	0.03146	0.01688	0.02686	0.02302	0.01535	0.02302	0.01304	0.01535	0.00921	0.00691	0.00691	0.00230	0.01074	0.00537	0.00307	0.01074
71	0.00897	0.00638	0.00840	0.00997	0.01036	0.00598	0.00659	0.01015	0.01369	0.01825	0.03889	0.69262	0.04660	0.07196	0.01117	0.00323	0.00441	0.01998	0.00659	0.00580
72	0.01039	0.00775	0.01148	0.01148	0.01271	0.00898	0.00884	0.01285	0.01162	0.01673	0.01965	0.02956	0.01861	0.09107	0.67978	0.01144	0.01881	0.00794	0.00392	0.00638
73	0.01373	0.01292	0.02180	0.72707	0.05006	0.01615	0.02019	0.01857	0.01453	0.01857	0.01292	0.01938	0.00969	0.00727	0.00727	0.00242	0.00969	0.00646	0.00323	0.00807
74	0.01023	0.00739	0.00967	0.00918	0.01085	0.00682	0.00685	0.01358	0.02032	0.02874	0.66981	0.08103	0.06779	0.01517	0.00860	0.00231	0.00346	0.01344	0.00795	0.00682
75	0.01802	0.01886	0.04830	0.03741	0.47931	0.07305	0.11110	0.02243	0.01694	0.02302	0.01559	0.02287	0.01364	0.00761	0.00756	0.00228	0.00940	0.05815	0.00385	0.01062
76	0.01799	0.01727	0.02950	0.04462	0.69919	0.01727	0.02231	0.02231	0.01655	0.02375	0.01367	0.01799	0.01151	0.00648	0.00720	0.00216	0.00864	0.00648	0.00360	0.01151
77	0.02381	0.05634	0.14383	0.01501	0.02097	0.01384	0.03933	0.08651	0.04802	0.33717	0.05218	0.08978	0.02026	0.00990	0.00738	0.00230	0.00718	0.00829	0.00692	0.01094
78	0.01048	0.00712	0.00847	0.00853	0.00873	0.00729	0.00515	0.01089	0.01086	0.01465	0.02310	0.07192	0.02613	0.62070	0.13004	0.00753	0.00866	0.01058	0.00443	0.00475
79	0.05035	0.57601	0.03306	0.01294	0.01844	0.06620	0.01224	0.02239	0.01536	0.05459	0.03572	0.01419	0.01187	0.00710	0.00602	0.00175	0.04430	0.00457	0.00369	0.00922
80	0.01825	0.01718	0.02865	0.08269	0.62573	0.01749	0.02174	0.05666	0.01737	0.02462	0.01383	0.01804	0.01145	0.00664	0.00720	0.00218	0.00866	0.00648	0.00377	0.01136
81	0.03261	0.01237	0.01687	0.01293	0.01856	0.01068	0.01068	0.03543	0.02081	0.70423	0.02868	0.02474	0.01799	0.00900	0.00731	0.00225	0.00619	0.00731	0.00900	0.01237
82	0.01458	0.03760	0.70688	0.02072	0.03146	0.01688	0.02686	0.02302	0.01535	0.02302	0.01304	0.01535	0.00921	0.00691	0.00691	0.00230	0.01074	0.00537	0.00307	0.01074
83	0.01507	0.01292	0.01507	0.01077	0.01723	0.00969	0.00861	0.01830	0.01507	0.02369	0.01292	0.01507	0.01077	0.00538	0.00538	0.00108	0.00538	0.00431	0.00431	0.78898
84	0.00931	0.00665	0.00896	0.01064	0.01126	0.00630	0.00754	0.01091	0.01436	0.01906	0.03981	0.63530	0.04709	0.02235	0.00940	0.00301	0.00461	0.12068	0.00674	0.00603
85	0.01038	0.00779	0.01168	0.01168	0.01298	0.00909	0.00909	0.01298	0.01168	0.01687	0.01947	0.02856	0.01817	0.05452	0.71573	0.01168	0.01947	0.00779	0.00389	0.00649
86	0.00902	0.00645	0.00861	0.01017	0.01071	0.00603	0.00691	0.01047	0.01436	0.01922	0.07472	0.68228	0.04896	0.02227	0.00927	0.00293	0.00426	0.04056	0.00681	0.00598
87	0.01534	0.14934	0.60181	0.01942	0.02945	0.01875	0.02459	0.02282	0.01526	0.02209	0.01258	0.01477	0.00923	0.00680	0.00655	0.00218	0.01028	0.00514	0.00308	0.01052
88	0.03261	0.01237	0.01687	0.01293	0.01856	0.01068	0.01068	0.03543	0.02081	0.70423	0.02868	0.02474	0.01799	0.00900	0.00731	0.00225	0.00619	0.00731	0.00900	0.01237
89	0.00909	0.00738	0.00805	0.00789	0.01012	0.00635	0.00591	0.01139	0.01774	0.02242	0.25572	0.06537	0.51242	0.01737	0.00859	0.00241	0.00361	0.01470	0.00712	0.00635
90	0.02358	0.02307	0.02249	0.04400	0.19027	0.23603	0.01569	0.25401	0.02398	0.02929	0.01775	0.01938	0.05139	0.00831	0.00711	0.00210	0.00954	0.00646	0.00512	0.01044
91	0.00866	0.00737	0.00746	0.00744	0.00986	0.00617	0.00558	0.01057	0.01674	0.02003	0.09955	0.06930	0.67009	0.01826	0.00859	0.00245	0.00367	0.01525	0.00680	0.00617
92	0.00886	0.00633	0.00843	0.01012	0.01054	0.00590	0.00675	0.01012	0.01392	0.01856	0.04006	0.73979	0.04808	0.02277	0.00928	0.00295	0.00422	0.02066	0.00675	0.00590
93	0.01478	0.03623	0.65635	0.02147	0.03196	0.01700	0.07601	0.02304	0.01548	0.02304	0.01317	0.01567	0.00935	0.00685	0.00703	0.00231	0.01086	0.00562	0.00312	0.01067
94	0.01487	0.07975	0.66725	0.02023	0.03070	0.01759	0.02600	0.02295	0.01531	0.02267	0.01287	0.01513	0.00922	0.00687	0.00677	0.00226	0.01057	0.00528	0.00307	0.01066
95	0.02562	0.01765	0.01975	0.01549	0.02034	0.01938	0.01260	0.48725	0.02866	0.11886	0.01890	0.02117	0.01427	0.07410	0.03148	0.00294	0.04634	0.00701	0.00691	0.01127
96	0.01046	0.00719	0.00881	0.00888	0.00919	0.00747	0.00557	0.01110	0.01096	0.01492	0.02283	0.07207	0.02544	0.55671	0.19101	0.00794	0.00977	0.01036	0.00439	0.00494
97	0.79588	0.01406	0.01068	0.00956	0.01406	0.01631	0.00787	0.02137	0.01237	0.03261	0.01012	0.01181	0.00787	0.00675	0.00450	0.00225	0.00562	0.00394	0.00450	0.00787
98	0.01671	0.01491	0.02072	0.01550	0.02132	0.01360	0.12553	0.08418	0.08098	0.02593	0.01625	0.04748	0.01356	0.00728	0.00722	0.00172	0.03612	0.00641	0.00483	0.43974
99	0.01636	0.28338	0.45004	0.01822	0.02727	0.02105	0.04629	0.02260	0.01522	0.02098	0.01209	0.01423	0.00932	0.00664	0.00619	0.00205	0.00977	0.00498	0.00311	0.01022
100	0.01943	0.74891	0.03809	0.01244	0.01866	0.02876	0.01244	0.02177	0.01477	0.01710	0.01011	0.01166	0.00933	0.00622	0.00466	0.00155	0.00777	0.00389	0.00311	0.00933
101	0.00940	0.00740	0.00849	0.00822	0.01032	0.00648	0.00616	0.01200	0.01848	0.02418	0.37085	0.06247	0.39619	0.01671	0.00858	0.00237	0.00356	0.01429	0.00735	0.00648
102	0.01373	0.01292	0.02180	0.72707	0.05006	0.01615	0.02019	0.01857	0.01453	0.01857	0.01292	0.01938	0.00969	0.00727	0.00727	0.00242	0.00969	0.00646	0.00323	0.00807
103	0.01023	0.00743	0.00964	0.00909	0.01083	0.00683	0.00681	0.01361	0.02044	0.02884	0.67488	0.05481	0.08926	0.01498	0.00857	0.00229	0.00344	0.01322	0.00796	0.00683
104	0.65626	0.01375	0.01182	0.01018	0.01488	0.01528	0.00839	0.02394	0.01391	0.15547	0.01352	0.01417	0.00972	0.00716	0.00501	0.00225	0.00573	0.00455	0.00532	0.00870
105	0.02673	0.01219	0.01579	0.01251	0.01723	0.01124	0.01017	0.10896	0.02240	0.46390	0.18467	0.03082	0.02924	0.01035	0.00760	0.00225	0.00576	0.00859	0.00855	0.01107
106	0.02986	0.01298	0.01679	0.01328	0.01862	0.01208	0.01084	0.03603	0.14662	0.57679	0.02885	0.02519	0.01879	0.00916	0.00733	0.00229	0.00610	0.00748	0.00869	0.01221
107	0.01018	0.00679	0.00867	0.00959	0.01016	0.00642	0.00629	0.01133	0.01377	0.04072	0.08229	0.49079	0.04304	0.20563	0.01622	0.00392	0.00495	0.01711	0.00631	0.00580
108	0.01583	0.01580	0.02225	0.04449	0.02020	0.02205	0.01606	0.01753	0.01125	0.01753	0.00966	0.01603	0.00955	0.01253	0.02326	0.00315	0.70534	0.00636	0.00318	0.00796
109	0.02715	0.03464	0.02060	0.01873	0.02247	0.71536	0.01404	0.02903	0.02060	0.01779	0.01124	0.01311	0.00936	0.00749	0.00655	0.00187	0.01311	0.00468	0.00375	0.00843
110	0.00900	0.00643	0.00860	0.01029	0.01077	0.00603	0.00700	0.01037	0.01406	0.01872	0.03998	0.70657	0.04776	0.02264	0.00932	0.00297	0.00434	0.05246	0.00674	0.00594
111	0.79588	0.01406	0.01068	0.00956	0.01406	0.01631	0.00787	0.02137	0.01237	0.03261	0.01012	0.01181	0.00787	0.00675	0.00450	0.00225	0.00562	0.00394	0.00450	0.00787
112	0.01716	0.01961	0.04289	0.03064	0.03799	0.01838	0.67279	0.02328	0.01716	0.02328	0.01471	0.01961	0.01103	0.00613	0.00858	0.00245	0.01225	0.00858	0.00368	0.00980
113	0.01025	0.00691	0.00802	0.00833	0.00841	0.00684	0.00484	0.01049	0.01119	0.01492	0.02608	0.17561	0.03043	0.61103	0.03187	0.00629	0.00652	0.01244	0.00484	0.00468
114	0.01070	0.00826	0.01230	0.01211	0.01333	0.00985	0.00948	0.01324	0.01165	0.01691	0.01890	0.02782	0.01767	0.05209	0.67563	0.01119	0.06072	0.00771	0.00385	0.00657
115	0.00888	0.00652	0.00834	0.00970	0.01046	0.00598	0.00658	0.01032	0.01457	0.01916	0.07300	0.61732	0.13885	0.02183	0.00915	0.00285	0.00411	0.01960	0.00680	0.00598
116	0.09342	0.00849	0.01029	0.01002	0.01222	0.00823	0.00795	0.01534	0.01866	0.05284	0.42113	0.05538	0.10492	0.01509	0.00839	0.00250	0.00442	0.13631	0.00732	0.00708
117	0.01704	0.01922	0.04144	0.06125	0.06520	0.01824	0.61838	0.02304	0.01702	0.02310	0.01459	0.01953	0.01099	0.00619	0.00847	0.00244	0.01200	0.00840	0.00365	0.00980
118	0.01486	0.01464	0.02396	0.59300	0.09738	0.04463	0.07032	0.01964	0.01513	0.01930	0.01305	0.01904	0.00992	0.00713	0.00733	0.00238	0.00995	0.00655	0.00331	0.00848
119	0.01762	0.01777	0.05620	0.04252	0.64733	0.01693	0.02211	0.02207	0.01651	0.02365	0.01455	0.02021	0.01253	0.00699	0.00729	0.00221	0.00865	0.02988	0.00369	0.01131
120	0.00896	0.00637	0.00841	0.00999	0.01039	0.00597	0.00661	0.01015	0.01372	0.01830	0.03907	0.69968	0.04682	0.06460	0.01088	0.00319	0.00438	0.02008	0.00661	0.00582
121	0.01570	0.17948	0.54404	0.02007	0.05712	0.01928	0.02377	0.02274	0.01528	0.02186	0.01248	0.01472	0.00933	0.00675	0.00647	0.00215	0.01006	0.00512	0.00310	0.01049
122	0.01601	0.12429	0.44268	0.02435	0.12961	0.01865	0.09963	0.02278	0.01566	0.02240	0.01295	0.01576	0.00978	0.00666	0.00685	0.00220	0.01022	0.00572	0.00322	0.01057
123	0.03208	0.01322	0.01740	0.01334	0.01898	0.01195	0.01102	0.10365	0.02223	0.63399	0.02748	0.02396	0.01739	0.00897	0.00731	0.00224	0.00638	0.00723	0.00881	0.01237
124	0.01440	0.01342	0.02284	0.47439	0.04022	0.01607	0.10147	0.01886	0.01456	0.02002	0.01399	0.01989	0.01086	0.00789	0.00910	0.00243	0.09246	0.00676	0.09225	0.00813
125	0.10791	0.01246	0.01365	0.01346	0.06303	0.06499	0.00964	0.03978	0.04124	0.13384	0.29598	0.03911	0.09169	0.01194	0.00762	0.00229	0.00557	0.03034	0.00692	0.00855
126	0.01553	0.01029	0.00990	0.00915	0.01143	0.05690	0.00701	0.08984	0.01818	0.02838	0.10031	0.02831	0.02311	0.01092	0.03270	0.00221	0.00517	0.00739	0.52576	0.00750
127	0.01038	0.00779	0.01168	0.01168	0.01298	0.00909	0.00909	0.01298	0.01168	0.01687	0.01947	0.02856	0.01817	0.05452	0.71573	0.01168	0.01947	0.00779	0.00389	0.00649

[dist]
# distance from previous block
# <min> <max>
0	4

[block]
# block no. 4 follows, 28 sequences, length 151
# corresponding to MSA columns:
# 276-426
name=unknown_E
#
# <colnr> <probs for GDERKNQSTAVLIFYWHMCP>
#	G	D	E	R	K	N	Q	S	T	A	V	L	I	F	Y	W	H	M	C	P
0	0.01799	0.01727	0.02950	0.04462	0.69919	0.01727	0.02231	0.02231	0.01655	0.02375	0.01367	0.01799	0.01151	0.00648	0.00720	0.00216	0.00864	0.00648	0.00360	0.01151
1	0.00891	0.00740	0.00785	0.00811	0.01037	0.00634	0.00619	0.01086	0.01642	0.01977	0.06819	0.11249	0.59341	0.01884	0.00877	0.00257	0.00400	0.07660	0.00674	0.00618
2	0.01796	0.01735	0.02994	0.04416	0.67771	0.01731	0.04345	0.02234	0.01657	0.02373	0.01371	0.01804	0.01150	0.00647	0.00724	0.00217	0.00875	0.00654	0.00360	0.01146
3	0.36918	0.01342	0.01662	0.38092	0.03282	0.01606	0.01433	0.02033	0.01373	0.04470	0.01210	0.01610	0.00910	0.00708	0.00601	0.00234	0.00774	0.00534	0.00397	0.00811
4	0.01379	0.01301	0.02182	0.70541	0.04912	0.01634	0.02006	0.01854	0.01443	0.01854	0.01282	0.01927	0.00969	0.00743	0.00777	0.00245	0.03176	0.00646	0.00323	0.00807
5	0.01029	0.00743	0.00972	0.00914	0.01086	0.00686	0.00686	0.01372	0.02058	0.02915	0.69536	0.05430	0.06859	0.01486	0.00857	0.00229	0.00343	0.01315	0.00800	0.00686
6	0.00886	0.00633	0.00843	0.01012	0.01054	0.00590	0.00675	0.01012	0.01392	0.01856	0.04006	0.73979	0.04808	0.02277	0.00928	0.00295	0.00422	0.02066	0.00675	0.00590
7	0.79588	0.01406	0.01068	0.00956	0.01406	0.01631	0.00787	0.02137	0.01237	0.03261	0.01012	0.01181	0.00787	0.00675	0.00450	0.00225	0.00562	0.00394	0.00450	0.00787
8	0.01360	0.04439	0.17619	0.04276	0.02086	0.01580	0.03452	0.01713	0.01279	0.01863	0.01580	0.06711	0.01515	0.07547	0.17310	0.00505	0.23236	0.00766	0.00365	0.00798
9	0.39248	0.06620	0.05391	0.01313	0.01812	0.17121	0.01119	0.04668	0.01651	0.13079	0.01360	0.01444	0.01006	0.00730	0.00562	0.00212	0.00786	0.00478	0.00494	0.00908
10	0.01722	0.01753	0.02212	0.01897	0.01948	0.07636	0.01568	0.04279	0.01273	0.01857	0.00997	0.01574	0.00963	0.01217	0.02189	0.00304	0.64836	0.00624	0.00338	0.00815
11	0.01982	0.01331	0.01537	0.01250	0.01727	0.01288	0.00993	0.10576	0.18172	0.16585	0.08039	0.04903	0.07437	0.00989	0.00711	0.00204	0.00563	0.00818	0.00692	0.20200
12	0.01884	0.66194	0.11986	0.01345	0.02022	0.02731	0.01420	0.02192	0.01484	0.01783	0.01047	0.01211	0.00931	0.00630	0.00494	0.00165	0.00814	0.00407	0.00310	0.00950
13	0.01078	0.00764	0.01096	0.01096	0.01227	0.00874	0.00845	0.01339	0.01208	0.01804	0.02010	0.02899	0.01849	0.07092	0.60717	0.01031	0.01711	0.00775	0.09940	0.00646
14	0.03184	0.01361	0.01763	0.01352	0.01917	0.01252	0.01117	0.13440	0.02287	0.60233	0.02694	0.02361	0.01712	0.00895	0.00730	0.00224	0.00647	0.00719	0.00873	0.01237
15	0.01801	0.54085	0.23371	0.01486	0.02240	0.02529	0.01666	0.02213	0.01494	0.01883	0.01097	0.01274	0.00929	0.00642	0.00532	0.00177	0.00864	0.00432	0.00310	0.00974
16	0.01808	0.01561	0.01644	0.01479	0.01890	0.01808	0.01151	0.03863	0.68606	0.03041	0.02959	0.02712	0.02219	0.00986	0.00740	0.00247	0.00575	0.00822	0.00740	0.01151
17	0.01160	0.00829	0.01159	0.01326	0.01489	0.00827	0.01152	0.01487	0.01663	0.02163	0.03855	0.10710	0.04207	0.02018	0.01001	0.00333	0.00660	0.62624	0.00670	0.00666
18	0.01040	0.00772	0.01133	0.01133	0.01251	0.00889	0.00865	0.01275	0.01158	0.01661	0.01979	0.03034	0.01895	0.11927	0.65204	0.01125	0.01830	0.00805	0.00394	0.00629
19	0.01597	0.01611	0.02339	0.01971	0.02012	0.02205	0.05176	0.01781	0.01146	0.01781	0.00982	0.01611	0.00962	0.01236	0.02302	0.00314	0.69199	0.00648	0.00321	0.00805
20	0.00884	0.00638	0.00838	0.00997	0.01050	0.00592	0.00668	0.01014	0.01406	0.01861	0.04190	0.70324	0.08345	0.02254	0.00924	0.00292	0.00419	0.02037	0.00675	0.00592
21	0.76126	0.01398	0.01096	0.00971	0.01426	0.01605	0.00800	0.02201	0.01275	0.06308	0.01096	0.01240	0.00833	0.00685	0.00463	0.00225	0.00565	0.00409	0.00470	0.00808
22	0.01646	0.01391	0.01568	0.01527	0.04569	0.01564	0.01151	0.03235	0.50359	0.02888	0.09760	0.03666	0.02902	0.01156	0.00785	0.00255	0.00576	0.09243	0.00721	0.01041
23	0.01029	0.00743	0.00972	0.00914	0.01086	0.00686	0.00686	0.01372	0.02058	0.02915	0.69536	0.05430	0.06859	0.01486	0.00857	0.00229	0.00343	0.01315	0.00800	0.00686
24	0.00886	0.00633	0.00843	0.01012	0.01054	0.00590	0.00675	0.01012	0.01392	0.01856	0.04006	0.73979	0.04808	0.02277	0.00928	0.00295	0.00422	0.02066	0.00675	0.00590
25	0.01364	0.04192	0.01735	0.01467	0.01617	0.01490	0.03053	0.05314	0.01306	0.01882	0.01592	0.02380	0.01493	0.06130	0.38832	0.00768	0.23533	0.00724	0.00385	0.00741
26	0.00903	0.00645	0.00864	0.01032	0.01082	0.00606	0.00705	0.01043	0.01409	0.01875	0.03997	0.69916	0.04769	0.02261	0.00933	0.00298	0.00437	0.05956	0.00674	0.00595
27	0.01613	0.01917	0.07544	0.02790	0.03469	0.01696	0.56611	0.02186	0.01671	0.02276	0.01733	0.09661	0.01490	0.00796	0.00856	0.00250	0.01131	0.00970	0.00397	0.00944
28	0.77036	0.01483	0.03343	0.00992	0.01463	0.01633	0.00849	0.02142	0.01247	0.03230	0.01022	0.01192	0.00792	0.00675	0.00458	0.00225	0.00579	0.00398	0.00445	0.00797
29	0.01894	0.02031	0.05590	0.06543	0.55567	0.11206	0.02129	0.02311	0.01698	0.02272	0.01329	0.01727	0.01106	0.00666	0.00710	0.00214	0.00937	0.00619	0.00358	0.01094
30	0.06429	0.09750	0.38315	0.01608	0.02325	0.03674	0.01843	0.01988	0.01509	0.02193	0.04233	0.04954	0.07948	0.01404	0.08478	0.00328	0.01000	0.00716	0.00393	0.00913
31	0.01836	0.01878	0.04860	0.08219	0.44741	0.07490	0.01958	0.02574	0.14419	0.02415	0.01643	0.01933	0.01317	0.00727	0.00718	0.00222	0.00860	0.00662	0.00429	0.01100
32	0.01924	0.72073	0.06459	0.01277	0.01916	0.02829	0.01301	0.02182	0.01479	0.01734	0.01022	0.01181	0.00932	0.00625	0.00475	0.00158	0.00789	0.00395	0.00311	0.00938
33	0.03004	0.01650	0.01942	0.01489	0.02061	0.01681	0.01230	0.36574	0.02771	0.36416	0.02288	0.02098	0.01508	0.00886	0.00729	0.00221	0.00712	0.00691	0.00811	0.01237
34	0.01493	0.06471	0.64071	0.02098	0.03134	0.01744	0.06488	0.02299	0.01543	0.02280	0.01303	0.01546	0.00932	0.00683	0.00692	0.00228	0.01072	0.00550	0.00311	0.01063
35	0.02858	0.06565	0.01744	0.01238	0.01751	0.01148	0.01029	0.03144	0.02033	0.56109	0.11896	0.02785	0.02431	0.00960	0.00729	0.00220	0.00592	0.00786	0.00843	0.01139
36	0.00896	0.00641	0.00853	0.01005	0.01057	0.00598	0.00676	0.01039	0.01442	0.01935	0.08938	0.68820	0.04962	0.02218	0.00922	0.00290	0.00416	0.02010	0.00684	0.00598
37	0.00879	0.00735	0.00753	0.00750	0.00980	0.00622	0.00555	0.01064	0.01654	0.01997	0.10957	0.06798	0.62726	0.05113	0.00988	0.00265	0.00382	0.01499	0.00672	0.00610
38	0.01529	0.01452	0.02778	0.10311	0.13909	0.01419	0.28294	0.01950	0.01603	0.05060	0.02192	0.21787	0.02146	0.01102	0.00835	0.00253	0.00891	0.01128	0.00469	0.00893
39	0.01993	0.65076	0.06682	0.01339	0.01959	0.09155	0.01324	0.02249	0.01533	0.01743	0.01034	0.01196	0.00933	0.00637	0.00494	0.00162	0.00840	0.00403	0.00317	0.00931
40	0.02763	0.02036	0.02182	0.01672	0.02254	0.02254	0.01382	0.67496	0.03418	0.04581	0.01745	0.01745	0.01236	0.00873	0.00727	0.00218	0.00800	0.00654	0.00727	0.01236
41	0.00869	0.00720	0.00762	0.00786	0.00997	0.00613	0.00576	0.01050	0.01630	0.01981	0.09090	0.17505	0.57123	0.01897	0.00870	0.00253	0.00376	0.01610	0.00680	0.00613
42	0.01564	0.01480	0.02524	0.48955	0.17668	0.01692	0.07921	0.05557	0.01625	0.02151	0.01348	0.01902	0.01032	0.00709	0.00737	0.00236	0.00962	0.00666	0.00356	0.00915
43	0.00904	0.00749	0.00798	0.00817	0.01050	0.00644	0.00633	0.01112	0.01674	0.02025	0.09241	0.07085	0.59295	0.01848	0.00877	0.00256	0.00404	0.09289	0.00679	0.00623
44	0.00886	0.00633	0.00843	0.01012	0.01054	0.00590	0.00675	0.01012	0.01392	0.01856	0.04006	0.73979	0.04808	0.02277	0.00928	0.00295	0.00422	0.02066	0.00675	0.00590
45	0.04195	0.03677	0.68248	0.02033	0.03085	0.01686	0.02619	0.02296	0.01524	0.02336	0.01294	0.01522	0.00916	0.00690	0.00682	0.00230	0.01056	0.00532	0.00312	0.01064
46	0.04099	0.23303	0.40805	0.05621	0.02750	0.04420	0.02075	0.02312	0.01547	0.05031	0.01273	0.01475	0.00961	0.00684	0.00623	0.00208	0.00959	0.00503	0.00341	0.01010
47	0.49518	0.01698	0.01416	0.01203	0.01678	0.09725	0.00976	0.10633	0.01733	0.13399	0.01397	0.01462	0.01014	0.00742	0.00551	0.00220	0.00687	0.00486	0.00544	0.00918
48	0.70833	0.01434	0.01169	0.01017	0.01481	0.01637	0.00838	0.06118	0.01413	0.07006	0.01157	0.01285	0.00869	0.00699	0.00482	0.00225	0.00580	0.00428	0.00491	0.00839
49	0.01608	0.02159	0.15153	0.02739	0.03477	0.01716	0.51292	0.02222	0.01660	0.02287	0.01639	0.07469	0.01359	0.00755	0.00835	0.00246	0.01138	0.00898	0.00381	0.00966
50	0.79588	0.01406	0.01068	0.00956	0.01406	0.01631	0.00787	0.02137	0.01237	0.03261	0.01012	0.01181	0.00787	0.00675	0.00450	0.00225	0.00562	0.00394	0.00450	0.00787
51	0.04707	0.06890	0.64778	0.01988	0.03016	0.01740	0.02542	0.02290	0.01520	0.02315	0.01279	0.01503	0.00916	0.00687	0.00670	0.00227	0.01040	0.00524	0.00313	0.01056
52	0.02763	0.02036	0.02182	0.01672	0.02254	0.02254	0.01382	0.67496	0.03418	0.04581	0.01745	0.01745	0.01236	0.00873	0.00727	0.00218	0.00800	0.00654	0.00727	0.01236
53	0.01144	0.00870	0.01076	0.01126	0.01302	0.00871	0.00903	0.03642	0.04066	0.02143	0.06710	0.12540	0.20185	0.09192	0.01256	0.00335	0.02999	0.28328	0.00645	0.00667
54	0.01468	0.01014	0.01209	0.01154	0.01428	0.01015	0.00912	0.05888	0.13390	0.09356	0.14792	0.13849	0.16367	0.01570	0.00854	0.00262	0.00515	0.13401	0.00731	0.00825
55	0.01281	0.00701	0.00793	0.00793	0.00953	0.00732	0.00602	0.01601	0.01441	0.02469	0.02271	0.02744	0.01852	0.01931	0.17232	0.00404	0.00717	0.00701	0.60110	0.00671
56	0.00987	0.00822	0.00874	0.00880	0.01110	0.00761	0.00651	0.01399	0.09967	0.02107	0.08046	0.17581	0.48614	0.01797	0.00856	0.00253	0.00402	0.01528	0.00687	0.00679
57	0.01492	0.01414	0.02395	0.53637	0.23145	0.01646	0.02078	0.01962	0.01510	0.02002	0.01313	0.01899	0.01020	0.00705	0.00725	0.00235	0.00940	0.00646	0.00333	0.00904
58	0.01398	0.01318	0.02226	0.68630	0.08885	0.01622	0.02031	0.01880	0.01466	0.01888	0.01296	0.01930	0.00980	0.00722	0.00726	0.00241	0.00963	0.00646	0.00325	0.00828
59	0.00940	0.00671	0.00906	0.01074	0.01140	0.00637	0.00769	0.01106	0.01445	0.01916	0.03977	0.61507	0.04689	0.02226	0.00942	0.00303	0.00469	0.14004	0.00674	0.00605
60	0.01394	0.01319	0.02292	0.65347	0.04787	0.01599	0.06685	0.01862	0.01456	0.01872	0.01304	0.01948	0.00988	0.00777	0.00805	0.02797	0.00977	0.00661	0.00326	0.00804
61	0.01185	0.00991	0.01540	0.01397	0.01569	0.01149	0.06565	0.01524	0.03988	0.01789	0.01865	0.02747	0.01729	0.08193	0.51823	0.00939	0.09118	0.00788	0.00397	0.00701
62	0.00886	0.00633	0.00843	0.01012	0.01054	0.00590	0.00675	0.01012	0.01392	0.01856	0.04006	0.73979	0.04808	0.02277	0.00928	0.00295	0.00422	0.02066	0.00675	0.00590
63	0.02820	0.01453	0.01762	0.01371	0.01897	0.01427	0.01125	0.25214	0.02519	0.39847	0.07676	0.02639	0.04881	0.00975	0.00745	0.00224	0.00649	0.00783	0.00823	0.01169
64	0.01713	0.02023	0.07579	0.03200	0.12667	0.01815	0.55146	0.02314	0.01698	0.02333	0.01448	0.01917	0.01100	0.00622	0.00830	0.00240	0.01169	0.00813	0.00363	0.01008
65	0.00956	0.00790	0.00853	0.00870	0.01108	0.00705	0.00680	0.01254	0.04710	0.02077	0.08635	0.06938	0.54308	0.01817	0.00876	0.00259	0.00424	0.11409	0.00681	0.00649
66	0.01061	0.00812	0.01212	0.01199	0.01323	0.00963	0.00937	0.01317	0.01166	0.01690	0.01906	0.02804	0.01782	0.05280	0.68724	0.01133	0.04878	0.00773	0.00386	0.00655
67	0.00969	0.00755	0.00892	0.00953	0.01126	0.00696	0.00714	0.01253	0.04480	0.02107	0.12292	0.26924	0.31605	0.01921	0.00894	0.00271	0.00432	0.10382	0.00690	0.00645
68	0.01712	0.01770	0.06800	0.14912	0.51764	0.01712	0.02162	0.02270	0.05481	0.02327	0.01444	0.01858	0.01170	0.00682	0.00720	0.00223	0.00876	0.00651	0.00373	0.01093
69	0.02647	0.01891	0.02038	0.01585	0.02131	0.02080	0.01302	0.56990	0.07007	0.07367	0.01904	0.01892	0.01356	0.00879	0.00715	0.00217	0.00751	0.00669	0.05381	0.01198
70	0.04969	0.08449	0.02249	0.06088	0.04659	0.35939	0.01461	0.12429	0.01999	0.02273	0.01199	0.01458	0.00989	0.00830	0.00913	0.00215	0.12028	0.00530	0.00414	0.00910
71	0.01502	0.01498	0.02431	0.52833	0.07147	0.04582	0.08746	0.01954	0.01481	0.01914	0.01274	0.01875	0.00988	0.00766	0.00899	0.00247	0.08034	0.00660	0.00331	0.00840
72	0.01123	0.00837	0.00971	0.00996	0.01152	0.02591	0.00695	0.01346	0.03696	0.04426	0.10311	0.39282	0.12008	0.10349	0.01190	0.00311	0.00484	0.01567	0.00645	0.06019
73	0.02391	0.06068	0.23066	0.01549	0.02239	0.01447	0.01579	0.05382	0.07667	0.34554	0.02297	0.05051	0.01620	0.00883	0.00713	0.00227	0.00763	0.00713	0.00655	0.01136
74	0.01597	0.14606	0.57957	0.01917	0.02903	0.01849	0.02407	0.02327	0.01545	0.04628	0.01315	0.01511	0.00954	0.00687	0.00658	0.00219	0.01012	0.00521	0.00329	0.01058
75	0.03186	0.01220	0.01663	0.01281	0.01830	0.01055	0.01055	0.03469	0.02080	0.68147	0.05115	0.02574	0.01970	0.00919	0.00735	0.00225	0.00609	0.00751	0.00896	0.01218
76	0.01423	0.03531	0.65331	0.01991	0.02998	0.01614	0.02544	0.02222	0.01545	0.02284	0.01645	0.01997	0.03875	0.00785	0.00709	0.00235	0.01031	0.02867	0.00335	0.01041
77	0.04887	0.02533	0.01964	0.02018	0.10545	0.39780	0.01409	0.08004	0.05050	0.02252	0.01885	0.02553	0.04370	0.00955	0.00718	0.00218	0.01035	0.08459	0.00470	0.00896
78	0.01098	0.00780	0.00956	0.00932	0.01122	0.00716	0.00689	0.03527	0.01870	0.04974	0.36392	0.19864	0.20975	0.01693	0.00863	0.00246	0.00391	0.01480	0.00745	0.00687
79	0.01571	0.01801	0.06092	0.02638	0.03232	0.01668	0.50427	0.02089	0.01620	0.02217	0.01818	0.12915	0.01652	0.00913	0.00962	0.00257	0.05790	0.01016	0.00409	0.00912
80	0.01373	0.01292	0.02180	0.72707	0.05006	0.01615	0.02019	0.01857	0.01453	0.01857	0.01292	0.01938	0.00969	0.00727	0.00727	0.00242	0.00969	0.00646	0.00323	0.00807
81	0.01799	0.01727	0.02950	0.04462	0.69919	0.01727	0.02231	0.02231	0.01655	0.02375	0.01367	0.01799	0.01151	0.00648	0.00720	0.00216	0.00864	0.00648	0.00360	0.01151
82	0.00879	0.00726	0.00764	0.00777	0.00990	0.00619	0.00570	0.01063	0.01639	0.02000	0.11085	0.13303	0.56962	0.04178	0.00956	0.00264	0.00382	0.01556	0.00676	0.00611
83	0.00886	0.00633	0.00843	0.01012	0.01054	0.00590	0.00675	0.01012	0.01392	0.01856	0.04006	0.73979	0.04808	0.02277	0.00928	0.00295	0.00422	0.02066	0.00675	0.00590
84	0.01654	0.01711	0.02374	0.04382	0.02177	0.05959	0.06639	0.01860	0.01223	0.01799	0.01014	0.01615	0.00965	0.01175	0.02118	0.00303	0.61250	0.00644	0.00325	0.00812
85	0.01117	0.00848	0.01011	0.01067	0.03621	0.00777	0.00799	0.01446	0.04591	0.05026	0.14713	0.06462	0.39889	0.01707	0.00872	0.00259	0.00461	0.13939	0.00692	0.00702
86	0.01126	0.00810	0.01116	0.01269	0.01427	0.00799	0.01083	0.01435	0.01657	0.02160	0.06145	0.14599	0.06830	0.02011	0.00986	0.00324	0.00623	0.54267	0.00674	0.00660
