[name]
unknown

[dist]
# distance from previous block
# <min> <max>
31	81

[block]
# block no. 0 follows, 29 sequences, length 8
# corresponding to MSA columns:
# 98-105
name=unknown_A
#
# <colnr> <probs for GDERKNQSTAVLIFYWHMCP>
#	G	D	E	R	K	N	Q	S	T	A	V	L	I	F	Y	W	H	M	C	P
0	0.06078	0.01901	0.01895	0.17766	0.10827	0.20763	0.01400	0.05446	0.04377	0.02148	0.01389	0.01879	0.01177	0.07344	0.00911	0.00238	0.00897	0.00584	0.00403	0.12577
1	0.01546	0.01430	0.02033	0.33439	0.16906	0.04930	0.01617	0.05054	0.01552	0.02076	0.01399	0.02065	0.01190	0.08706	0.00994	0.00257	0.00844	0.00636	0.00374	0.12951
2	0.01625	0.01611	0.02037	0.34844	0.13582	0.12398	0.01654	0.04702	0.01559	0.01938	0.01396	0.02103	0.01199	0.08797	0.04919	0.00323	0.03477	0.00656	0.00362	0.00818
3	0.01776	0.01596	0.02507	0.27516	0.36735	0.01740	0.01976	0.12989	0.01840	0.02511	0.01375	0.01800	0.01080	0.00697	0.00709	0.00221	0.00871	0.00635	0.00400	0.01026
4	0.01971	0.01560	0.01992	0.18587	0.08626	0.01633	0.01422	0.24488	0.05357	0.05772	0.01563	0.01775	0.01171	0.00726	0.00666	0.00194	0.00746	0.00595	0.00523	0.20633
5	0.02131	0.01814	0.02284	0.13759	0.21302	0.05697	0.01641	0.30676	0.02347	0.03148	0.01469	0.01712	0.01118	0.00739	0.00692	0.00207	0.00834	0.00611	0.00509	0.07310
6	0.01067	0.00829	0.01214	0.01186	0.01294	0.00993	0.00921	0.01296	0.01133	0.01642	0.01841	0.02802	0.01755	0.09264	0.61704	0.01042	0.08234	0.00767	0.00378	0.00636
7	0.71642	0.01595	0.01152	0.01034	0.01466	0.09222	0.00837	0.02174	0.01299	0.03038	0.01003	0.01171	0.00787	0.00669	0.00462	0.00216	0.00630	0.00393	0.00433	0.00777

[dist]
# distance from previous block
# <min> <max>
5	12

[block]
# block no. 1 follows, 29 sequences, length 64
# corresponding to MSA columns:
# 118-181
name=unknown_B
#
# <colnr> <probs for GDERKNQSTAVLIFYWHMCP>
#	G	D	E	R	K	N	Q	S	T	A	V	L	I	F	Y	W	H	M	C	P
0	0.01713	0.01646	0.02834	0.06513	0.63478	0.01651	0.04382	0.02132	0.01607	0.02289	0.01435	0.04447	0.01252	0.00695	0.00717	0.00216	0.00846	0.00693	0.00363	0.01091
1	0.01762	0.01692	0.02890	0.04371	0.70533	0.01692	0.02185	0.02185	0.01621	0.02326	0.01339	0.01762	0.01128	0.00634	0.00705	0.00211	0.00846	0.00634	0.00352	0.01128
2	0.02252	0.01769	0.01881	0.01546	0.02035	0.01996	0.01243	0.36880	0.35368	0.03754	0.02287	0.02170	0.01679	0.00909	0.00718	0.00227	0.00677	0.00721	0.00718	0.01170
3	0.01008	0.00679	0.00785	0.00811	0.00818	0.00672	0.00469	0.01028	0.01089	0.01451	0.02515	0.15956	0.02932	0.63211	0.03185	0.00625	0.00646	0.01195	0.00469	0.00455
4	0.02110	0.01874	0.01941	0.01848	0.09140	0.14805	0.04003	0.22139	0.11811	0.05875	0.02262	0.13047	0.03867	0.01053	0.00739	0.00225	0.00793	0.00877	0.00595	0.00994
5	0.01681	0.01921	0.04202	0.03001	0.03721	0.01801	0.67947	0.02281	0.01681	0.02281	0.01441	0.01921	0.01080	0.00600	0.00840	0.00240	0.01200	0.00840	0.00360	0.00960
6	0.01428	0.03683	0.71286	0.02030	0.03082	0.01654	0.02631	0.02255	0.01503	0.02255	0.01278	0.01503	0.00902	0.00677	0.00677	0.00226	0.01052	0.00526	0.00301	0.01052
7	0.01681	0.01921	0.04202	0.03001	0.03721	0.01801	0.67947	0.02281	0.01681	0.02281	0.01441	0.01921	0.01080	0.00600	0.00840	0.00240	0.01200	0.00840	0.00360	0.00960
8	0.01008	0.00728	0.00952	0.00896	0.01064	0.00672	0.00672	0.01344	0.02016	0.02855	0.70158	0.05319	0.06719	0.01456	0.00840	0.00224	0.00336	0.01288	0.00784	0.00672
9	0.01880	0.06425	0.04369	0.01798	0.08772	0.15766	0.01328	0.03059	0.36162	0.02505	0.04427	0.02582	0.01963	0.00933	0.00708	0.00226	0.00763	0.04756	0.00573	0.01007
10	0.01036	0.00690	0.00777	0.00777	0.00777	0.00690	0.00431	0.01036	0.01036	0.01381	0.02244	0.04660	0.02589	0.74975	0.03624	0.00690	0.00690	0.01036	0.00431	0.00431
11	0.01912	0.01600	0.01689	0.01478	0.01905	0.01837	0.01161	0.13479	0.59322	0.03206	0.02719	0.02514	0.02029	0.00949	0.00723	0.00237	0.00597	0.00780	0.00723	0.01140
12	0.02574	0.01312	0.01743	0.01635	0.09913	0.01260	0.01156	0.08997	0.08917	0.41510	0.05652	0.02603	0.01971	0.06308	0.00934	0.00255	0.00640	0.00759	0.00749	0.01111
13	0.04135	0.01270	0.01574	0.12077	0.02170	0.01106	0.01038	0.04383	0.01558	0.06194	0.01458	0.04278	0.01209	0.00655	0.00584	0.00147	0.00602	0.00537	0.00452	0.54573
14	0.00936	0.00706	0.00846	0.00846	0.01004	0.00637	0.00610	0.01164	0.01714	0.02286	0.34831	0.16227	0.26125	0.07572	0.01074	0.00276	0.00384	0.01447	0.00698	0.00616
15	0.02360	0.01792	0.01950	0.01484	0.02063	0.01873	0.01216	0.48875	0.05488	0.03881	0.01645	0.01688	0.01210	0.00777	0.00666	0.00188	0.00710	0.00592	0.00640	0.20902
16	0.01953	0.50590	0.11823	0.03940	0.02123	0.04584	0.01435	0.05121	0.01578	0.06410	0.01187	0.01344	0.00983	0.00679	0.00602	0.00179	0.03702	0.00453	0.00362	0.00951
17	0.01866	0.69659	0.09142	0.01283	0.01928	0.02724	0.01332	0.02142	0.01451	0.01722	0.01013	0.01171	0.00913	0.00615	0.00474	0.00158	0.00785	0.00392	0.00304	0.00925
18	0.01477	0.01266	0.01477	0.01055	0.01687	0.00949	0.00844	0.01793	0.01477	0.02320	0.01266	0.01477	0.01055	0.00527	0.00527	0.00105	0.00527	0.00422	0.00422	0.79328
19	0.01263	0.01152	0.03795	0.04518	0.01701	0.01226	0.05376	0.01536	0.01551	0.04347	0.22169	0.14918	0.10211	0.01425	0.01253	0.00262	0.20862	0.01142	0.00560	0.00733
20	0.00998	0.00727	0.00939	0.00886	0.01058	0.00668	0.00665	0.01326	0.01994	0.02803	0.66623	0.05405	0.10286	0.01475	0.00840	0.00225	0.00337	0.01300	0.00777	0.00668
21	0.39210	0.01289	0.01368	0.01112	0.01611	0.01305	0.00917	0.02825	0.01651	0.39221	0.01957	0.01830	0.01298	0.00778	0.00587	0.00220	0.00580	0.00561	0.00675	0.01005
22	0.00855	0.00722	0.00740	0.00735	0.00970	0.00607	0.00552	0.01048	0.01655	0.01998	0.12271	0.06730	0.65140	0.01775	0.00841	0.00239	0.00359	0.01486	0.00671	0.00607
23	0.00848	0.00722	0.00730	0.00728	0.00966	0.00604	0.00546	0.01034	0.01638	0.01959	0.09596	0.06795	0.67840	0.01790	0.00842	0.00240	0.00360	0.01495	0.00666	0.00604
24	0.80005	0.01377	0.01047	0.00936	0.01377	0.01597	0.00771	0.02093	0.01212	0.03195	0.00991	0.01157	0.00771	0.00661	0.00441	0.00220	0.00551	0.00386	0.00441	0.00771
25	0.80005	0.01377	0.01047	0.00936	0.01377	0.01597	0.00771	0.02093	0.01212	0.03195	0.00991	0.01157	0.00771	0.00661	0.00441	0.00220	0.00551	0.00386	0.00441	0.00771
26	0.80005	0.01377	0.01047	0.00936	0.01377	0.01597	0.00771	0.02093	0.01212	0.03195	0.00991	0.01157	0.00771	0.00661	0.00441	0.00220	0.00551	0.00386	0.00441	0.00771
27	0.01103	0.00805	0.01086	0.01226	0.01401	0.00788	0.01060	0.01410	0.01637	0.02101	0.04269	0.07861	0.13686	0.01943	0.00963	0.00315	0.00613	0.56429	0.00656	0.00648
28	0.03024	0.01486	0.01822	0.01397	0.01955	0.01454	0.01154	0.26150	0.02497	0.47698	0.02424	0.02173	0.01569	0.00872	0.00715	0.00218	0.00668	0.00690	0.00822	0.01212
29	0.80005	0.01377	0.01047	0.00936	0.01377	0.01597	0.00771	0.02093	0.01212	0.03195	0.00991	0.01157	0.00771	0.00661	0.00441	0.00220	0.00551	0.00386	0.00441	0.00771
30	0.00866	0.00625	0.00820	0.00976	0.01029	0.00580	0.00654	0.00993	0.01378	0.01824	0.04109	0.70712	0.08389	0.02207	0.00905	0.00286	0.00410	0.01995	0.00661	0.00580
31	0.01333	0.00890	0.01068	0.00998	0.01251	0.00844	0.00769	0.03825	0.07964	0.10366	0.27383	0.11803	0.22081	0.01521	0.00826	0.00241	0.00434	0.04904	0.00736	0.00764
32	0.01327	0.00664	0.00664	0.00664	0.00830	0.00664	0.00498	0.01659	0.01493	0.02655	0.02323	0.02655	0.01825	0.00830	0.00498	0.00166	0.00332	0.00664	0.78928	0.00664
33	0.03195	0.01212	0.01652	0.01267	0.01818	0.01047	0.01047	0.03470	0.02038	0.71026	0.02809	0.02424	0.01763	0.00881	0.00716	0.00220	0.00606	0.00716	0.00881	0.01212
34	0.00878	0.00630	0.00824	0.00969	0.01021	0.00587	0.00647	0.01006	0.01383	0.01840	0.06216	0.66684	0.07384	0.05028	0.01010	0.00301	0.00419	0.01940	0.00656	0.00577
35	0.01875	0.04210	0.01786	0.01473	0.01783	0.19756	0.05395	0.15771	0.01856	0.02256	0.01667	0.02458	0.01533	0.17441	0.17105	0.00512	0.01169	0.00708	0.00454	0.00793
36	0.00884	0.00620	0.00831	0.00989	0.01028	0.00580	0.00659	0.00989	0.01344	0.01792	0.03807	0.71342	0.04557	0.02241	0.00991	0.03749	0.00422	0.01963	0.00646	0.00567
37	0.01509	0.15924	0.59756	0.01891	0.02868	0.01852	0.02390	0.02234	0.01494	0.02156	0.01229	0.01442	0.00904	0.00665	0.00639	0.00213	0.01003	0.00501	0.00301	0.01029
38	0.02073	0.01588	0.02622	0.03697	0.55614	0.01552	0.01938	0.02464	0.01712	0.17243	0.01659	0.01906	0.01266	0.00688	0.00707	0.00213	0.00794	0.00652	0.00467	0.01146
39	0.01364	0.01286	0.02171	0.70041	0.07974	0.01587	0.01987	0.01836	0.01433	0.01843	0.01269	0.01892	0.00958	0.00708	0.00712	0.00236	0.00944	0.00633	0.00318	0.00807
40	0.80005	0.01377	0.01047	0.00936	0.01377	0.01597	0.00771	0.02093	0.01212	0.03195	0.00991	0.01157	0.00771	0.00661	0.00441	0.00220	0.00551	0.00386	0.00441	0.00771
41	0.00959	0.00726	0.00883	0.00844	0.01034	0.00651	0.00633	0.01248	0.01899	0.02579	0.51493	0.05774	0.25556	0.01559	0.00840	0.00229	0.00343	0.01352	0.00747	0.00651
42	0.01523	0.01486	0.02634	0.42010	0.26482	0.01645	0.09984	0.01996	0.01520	0.02043	0.01311	0.01856	0.01024	0.00673	0.00725	0.00229	0.00945	0.00658	0.00334	0.00923
43	0.02707	0.01995	0.02137	0.01638	0.02208	0.02208	0.01353	0.68159	0.03348	0.04488	0.01710	0.01710	0.01211	0.00855	0.00712	0.00214	0.00784	0.00641	0.00712	0.01211
44	0.01771	0.01530	0.01610	0.01449	0.01852	0.01771	0.01127	0.03784	0.69247	0.02979	0.02898	0.02657	0.02174	0.00966	0.00725	0.00242	0.00564	0.00805	0.00725	0.01127
45	0.01008	0.00728	0.00952	0.00896	0.01064	0.00672	0.00672	0.01344	0.02016	0.02855	0.70158	0.05319	0.06719	0.01456	0.00840	0.00224	0.00336	0.01288	0.00784	0.00672
46	0.01036	0.00690	0.00777	0.00777	0.00777	0.00690	0.00431	0.01036	0.01036	0.01381	0.02244	0.04660	0.02589	0.74975	0.03624	0.00690	0.00690	0.01036	0.00431	0.00431
47	0.01904	0.75404	0.03731	0.01218	0.01828	0.02818	0.01218	0.02132	0.01447	0.01675	0.00990	0.01142	0.00914	0.00609	0.00457	0.00152	0.00761	0.00381	0.00305	0.00914
48	0.01771	0.01530	0.01610	0.01449	0.01852	0.01771	0.01127	0.03784	0.69247	0.02979	0.02898	0.02657	0.02174	0.00966	0.00725	0.00242	0.00564	0.00805	0.00725	0.01127
49	0.80005	0.01377	0.01047	0.00936	0.01377	0.01597	0.00771	0.02093	0.01212	0.03195	0.00991	0.01157	0.00771	0.00661	0.00441	0.00220	0.00551	0.00386	0.00441	0.00771
50	0.01175	0.01085	0.01002	0.00980	0.01220	0.09055	0.00753	0.03703	0.01772	0.02133	0.14129	0.09102	0.41427	0.01635	0.00831	0.00242	0.00513	0.07935	0.00644	0.00663
51	0.01558	0.01558	0.02181	0.01869	0.01869	0.02181	0.01558	0.01714	0.01091	0.01714	0.00935	0.01558	0.00935	0.01246	0.02337	0.00312	0.73672	0.00623	0.00312	0.00779
52	0.80005	0.01377	0.01047	0.00936	0.01377	0.01597	0.00771	0.02093	0.01212	0.03195	0.00991	0.01157	0.00771	0.00661	0.00441	0.00220	0.00551	0.00386	0.00441	0.00771
53	0.00868	0.00620	0.00826	0.00991	0.01033	0.00578	0.00661	0.00991	0.01363	0.01818	0.03925	0.74510	0.04710	0.02231	0.00909	0.00289	0.00413	0.02024	0.00661	0.00578
54	0.80005	0.01377	0.01047	0.00936	0.01377	0.01597	0.00771	0.02093	0.01212	0.03195	0.00991	0.01157	0.00771	0.00661	0.00441	0.00220	0.00551	0.00386	0.00441	0.00771
55	0.80005	0.01377	0.01047	0.00936	0.01377	0.01597	0.00771	0.02093	0.01212	0.03195	0.00991	0.01157	0.00771	0.00661	0.00441	0.00220	0.00551	0.00386	0.00441	0.00771
56	0.01345	0.01266	0.02136	0.73264	0.04904	0.01582	0.01978	0.01819	0.01424	0.01819	0.01266	0.01898	0.00949	0.00712	0.00712	0.00237	0.00949	0.00633	0.00316	0.00791
57	0.01075	0.00768	0.01065	0.01229	0.01361	0.00757	0.01022	0.01350	0.01568	0.02050	0.03810	0.25195	0.04256	0.02035	0.00964	0.00318	0.00593	0.49291	0.00657	0.00636
58	0.80005	0.01377	0.01047	0.00936	0.01377	0.01597	0.00771	0.02093	0.01212	0.03195	0.00991	0.01157	0.00771	0.00661	0.00441	0.00220	0.00551	0.00386	0.00441	0.00771
59	0.01771	0.01530	0.01610	0.01449	0.01852	0.01771	0.01127	0.03784	0.69247	0.02979	0.02898	0.02657	0.02174	0.00966	0.00725	0.00242	0.00564	0.00805	0.00725	0.01127
60	0.01345	0.01266	0.02136	0.73264	0.04904	0.01582	0.01978	0.01819	0.01424	0.01819	0.01266	0.01898	0.00949	0.00712	0.00712	0.00237	0.00949	0.00633	0.00316	0.00791
61	0.01159	0.00907	0.01097	0.01133	0.03973	0.00880	0.00843	0.05207	0.06482	0.02439	0.23062	0.05805	0.26224	0.03919	0.00937	0.00265	0.00479	0.13791	0.00682	0.00717
62	0.00881	0.00717	0.00780	0.00777	0.00989	0.00616	0.00578	0.01095	0.01699	0.02133	0.21569	0.10297	0.51890	0.01747	0.00845	0.00239	0.00358	0.01482	0.00690	0.00616
63	0.13261	0.49209	0.17780	0.01350	0.02030	0.02390	0.01455	0.02153	0.01424	0.02022	0.01052	0.01222	0.00890	0.00631	0.00501	0.00178	0.00793	0.00413	0.00324	0.00922

[dist]
# distance from previous block
# <min> <max>
1	5

[block]
# block no. 2 follows, 29 sequences, length 42
# corresponding to MSA columns:
# 187-228
name=unknown_C
#
# <colnr> <probs for GDERKNQSTAVLIFYWHMCP>
#	G	D	E	R	K	N	Q	S	T	A	V	L	I	F	Y	W	H	M	C	P
0	0.12384	0.01473	0.01852	0.01384	0.01951	0.01385	0.08237	0.11162	0.01699	0.02699	0.01288	0.01519	0.01033	0.00646	0.00692	0.00164	0.05350	0.00506	0.00451	0.44126
1	0.00902	0.00639	0.00841	0.00990	0.01035	0.00604	0.00669	0.01026	0.01348	0.01794	0.03749	0.63491	0.04463	0.09383	0.01181	0.00331	0.00456	0.05891	0.00638	0.00569
2	0.01082	0.00813	0.00955	0.01013	0.04982	0.00711	0.00711	0.01310	0.01706	0.06537	0.15312	0.06116	0.50096	0.01636	0.00832	0.00239	0.00413	0.04179	0.00675	0.00683
3	0.01036	0.00690	0.00777	0.00777	0.00777	0.00690	0.00431	0.01036	0.01036	0.01381	0.02244	0.04660	0.02589	0.74975	0.03624	0.00690	0.00690	0.01036	0.00431	0.00431
4	0.01904	0.75404	0.03731	0.01218	0.01828	0.02818	0.01218	0.02132	0.01447	0.01675	0.00990	0.01142	0.00914	0.00609	0.00457	0.00152	0.00761	0.00381	0.00305	0.00914
5	0.01558	0.01558	0.02181	0.01869	0.01869	0.02181	0.01558	0.01714	0.01091	0.01714	0.00935	0.01558	0.00935	0.01246	0.02337	0.00312	0.73672	0.00623	0.00312	0.00779
6	0.06831	0.01250	0.01643	0.01266	0.01812	0.01118	0.01046	0.05950	0.02050	0.65180	0.02679	0.02335	0.01694	0.00870	0.00703	0.00220	0.00610	0.00697	0.00854	0.01191
7	0.03195	0.01212	0.01652	0.01267	0.01818	0.01047	0.01047	0.03470	0.02038	0.71026	0.02809	0.02424	0.01763	0.00881	0.00716	0.00220	0.00606	0.00716	0.00881	0.01212
8	0.01681	0.01921	0.04202	0.03001	0.03721	0.01801	0.67947	0.02281	0.01681	0.02281	0.01441	0.01921	0.01080	0.00600	0.00840	0.00240	0.01200	0.00840	0.00360	0.00960
9	0.01036	0.00690	0.00777	0.00777	0.00777	0.00690	0.00431	0.01036	0.01036	0.01381	0.02244	0.04660	0.02589	0.74975	0.03624	0.00690	0.00690	0.01036	0.00431	0.00431
10	0.01036	0.00690	0.00777	0.00777	0.00777	0.00690	0.00431	0.01036	0.01036	0.01381	0.02244	0.04660	0.02589	0.74975	0.03624	0.00690	0.00690	0.01036	0.00431	0.00431
11	0.01722	0.01487	0.01563	0.01410	0.01804	0.01709	0.01096	0.03637	0.65644	0.02922	0.03128	0.02880	0.05800	0.01011	0.00731	0.00241	0.00553	0.00842	0.00721	0.01099
12	0.01605	0.00860	0.01143	0.00997	0.01270	0.00774	0.00774	0.01924	0.02022	0.21461	0.51777	0.04529	0.05366	0.01299	0.00806	0.00223	0.00410	0.01132	0.00810	0.00819
13	0.04879	0.08008	0.02096	0.01598	0.02082	0.20277	0.01287	0.31650	0.15400	0.03226	0.01700	0.01719	0.01282	0.00819	0.00668	0.00207	0.00862	0.00597	0.00585	0.01058
14	0.02057	0.60780	0.03383	0.01344	0.01903	0.16890	0.01250	0.02277	0.01563	0.01689	0.01012	0.01171	0.00914	0.00634	0.00494	0.00159	0.00868	0.00397	0.00317	0.00896
15	0.02057	0.01611	0.01734	0.01330	0.01885	0.04550	0.01071	0.28848	0.02276	0.05860	0.01671	0.06304	0.01376	0.00793	0.00640	0.00169	0.00660	0.00627	0.00571	0.35965
16	0.01383	0.01479	0.08157	0.36690	0.10483	0.01438	0.10442	0.01802	0.01465	0.01967	0.04739	0.06558	0.01514	0.00970	0.00925	0.07155	0.00889	0.00768	0.00368	0.00809
17	0.01036	0.00690	0.00777	0.00777	0.00777	0.00690	0.00431	0.01036	0.01036	0.01381	0.02244	0.04660	0.02589	0.74975	0.03624	0.00690	0.00690	0.01036	0.00431	0.00431
18	0.02660	0.01209	0.01576	0.05053	0.01880	0.01115	0.01045	0.09258	0.02075	0.49339	0.05317	0.03020	0.11158	0.01013	0.00736	0.00223	0.00600	0.00829	0.00802	0.01089
19	0.03975	0.02943	0.44929	0.02576	0.14638	0.01686	0.14690	0.02243	0.01548	0.02301	0.01310	0.01615	0.00970	0.00655	0.00705	0.00226	0.01029	0.00599	0.00325	0.01039
20	0.00898	0.00652	0.00864	0.01008	0.01079	0.00618	0.00707	0.01050	0.01393	0.01843	0.04029	0.60204	0.09044	0.02349	0.04808	0.00336	0.00512	0.07371	0.00645	0.00590
21	0.01008	0.00728	0.00952	0.00896	0.01064	0.00672	0.00672	0.01344	0.02016	0.02855	0.70158	0.05319	0.06719	0.01456	0.00840	0.00224	0.00336	0.01288	0.00784	0.00672
22	0.02073	0.48314	0.03235	0.01523	0.02046	0.21012	0.05427	0.02309	0.01595	0.01733	0.01045	0.01248	0.00926	0.00672	0.00619	0.00174	0.04397	0.00441	0.00325	0.00887
23	0.40714	0.21016	0.01805	0.01053	0.01503	0.03874	0.00913	0.02087	0.01371	0.06572	0.01496	0.01657	0.04187	0.01044	0.05439	0.00264	0.00710	0.00493	0.02988	0.00816
24	0.01237	0.00618	0.00928	0.00928	0.00928	0.00618	0.00618	0.00928	0.00928	0.01237	0.01237	0.02165	0.01237	0.02474	0.02783	0.79283	0.00618	0.00618	0.00309	0.00309
25	0.01152	0.00866	0.01076	0.03942	0.01385	0.00876	0.00841	0.08574	0.04771	0.02203	0.03839	0.47835	0.10464	0.01896	0.00871	0.00275	0.00498	0.07291	0.00656	0.00691
26	0.01595	0.11860	0.42145	0.02183	0.12663	0.01758	0.02161	0.02189	0.01505	0.05143	0.01423	0.05015	0.01158	0.00780	0.00770	0.00223	0.05454	0.00610	0.00352	0.01014
27	0.01745	0.01724	0.05424	0.18535	0.44813	0.03753	0.06176	0.02193	0.01609	0.05197	0.01385	0.01805	0.01100	0.00664	0.00712	0.00219	0.00901	0.00641	0.00367	0.01038
28	0.70090	0.06763	0.01223	0.00943	0.01381	0.01637	0.00789	0.02073	0.01244	0.03055	0.01062	0.01235	0.00838	0.00666	0.00445	0.00212	0.00555	0.00400	0.04612	0.00776
29	0.00875	0.00635	0.00839	0.00984	0.01043	0.00599	0.00668	0.01011	0.01366	0.01814	0.04011	0.65691	0.08748	0.02397	0.05337	0.00339	0.00503	0.01912	0.00644	0.00583
30	0.01063	0.00743	0.00954	0.00892	0.01079	0.00678	0.00672	0.01383	0.01982	0.04933	0.62506	0.05362	0.12132	0.01468	0.00836	0.00225	0.00347	0.01289	0.00776	0.00683
31	0.01425	0.01495	0.05266	0.55078	0.07491	0.01628	0.13617	0.01934	0.01481	0.01940	0.01300	0.01881	0.00978	0.00687	0.00733	0.00236	0.00993	0.00665	0.00325	0.00846
32	0.01487	0.03159	0.52504	0.02196	0.03151	0.01649	0.17202	0.02236	0.01542	0.02264	0.01314	0.01596	0.00950	0.00651	0.00705	0.00222	0.01058	0.00591	0.00320	0.05202
33	0.01328	0.00704	0.01003	0.00972	0.01007	0.00717	0.00664	0.05111	0.01078	0.01439	0.01266	0.02136	0.01235	0.02373	0.02654	0.74363	0.00629	0.00620	0.00334	0.00365
34	0.01921	0.01934	0.04943	0.07594	0.20443	0.05015	0.25888	0.02254	0.01778	0.02432	0.01993	0.08813	0.01826	0.01087	0.01008	0.00300	0.05167	0.04015	0.00503	0.01086
35	0.80005	0.01377	0.01047	0.00936	0.01377	0.01597	0.00771	0.02093	0.01212	0.03195	0.00991	0.01157	0.00771	0.00661	0.00441	0.00220	0.00551	0.00386	0.00441	0.00771
36	0.01625	0.01242	0.01396	0.01261	0.01607	0.01335	0.00978	0.02889	0.40175	0.08124	0.14717	0.08312	0.05328	0.01170	0.00759	0.00236	0.00512	0.03009	0.00725	0.04599
37	0.00914	0.00724	0.00821	0.00797	0.01006	0.00632	0.00598	0.01162	0.01794	0.02328	0.34558	0.06186	0.42647	0.01652	0.00841	0.00233	0.00350	0.01409	0.00715	0.00632
38	0.80005	0.01377	0.01047	0.00936	0.01377	0.01597	0.00771	0.02093	0.01212	0.03195	0.00991	0.01157	0.00771	0.00661	0.00441	0.00220	0.00551	0.00386	0.00441	0.00771
39	0.01497	0.03537	0.66567	0.02037	0.03061	0.01638	0.04849	0.02298	0.01528	0.04611	0.01336	0.01549	0.00938	0.00681	0.00684	0.00226	0.01042	0.00544	0.00323	0.01055
40	0.00877	0.00627	0.00834	0.00985	0.01035	0.00584	0.00662	0.01014	0.01405	0.01885	0.08191	0.70054	0.04839	0.02181	0.00904	0.00285	0.00408	0.01977	0.00669	0.00584
41	0.01473	0.09076	0.57980	0.04384	0.02947	0.01786	0.02410	0.02186	0.01463	0.02150	0.01227	0.01493	0.00907	0.00719	0.00796	0.00227	0.06938	0.00526	0.00302	0.01010

[dist]
# distance from previous block
# <min> <max>
0	1

[block]
# block no. 3 follows, 29 sequences, length 8
# corresponding to MSA columns:
# 230-237
name=unknown_D
#
# <colnr> <probs for GDERKNQSTAVLIFYWHMCP>
#	G	D	E	R	K	N	Q	S	T	A	V	L	I	F	Y	W	H	M	C	P
0	0.72510	0.01437	0.01152	0.01004	0.01458	0.01657	0.00828	0.08499	0.01419	0.03320	0.01061	0.01210	0.00814	0.00680	0.00467	0.00220	0.00573	0.00410	0.00467	0.00814
1	0.80005	0.01377	0.01047	0.00936	0.01377	0.01597	0.00771	0.02093	0.01212	0.03195	0.00991	0.01157	0.00771	0.00661	0.00441	0.00220	0.00551	0.00386	0.00441	0.00771
2	0.07244	0.04375	0.08036	0.11966	0.02794	0.03927	0.17950	0.11083	0.01703	0.02445	0.01413	0.04034	0.01158	0.00845	0.00999	0.00240	0.14021	0.00689	0.04176	0.00900
3	0.01036	0.00690	0.00777	0.00777	0.00777	0.00690	0.00431	0.01036	0.01036	0.01381	0.02244	0.04660	0.02589	0.74975	0.03624	0.00690	0.00690	0.01036	0.00431	0.00431
4	0.01620	0.01167	0.01298	0.01151	0.01440	0.04473	0.00887	0.12577	0.08209	0.09531	0.33102	0.12011	0.06952	0.01327	0.00795	0.00230	0.00510	0.01137	0.00737	0.00846
5	0.01517	0.01398	0.01986	0.01444	0.02039	0.01192	0.12005	0.01867	0.01478	0.02264	0.01267	0.01557	0.01049	0.00599	0.00729	0.00145	0.06696	0.00508	0.00403	0.59858
6	0.00993	0.00679	0.00818	0.00880	0.00904	0.00666	0.00552	0.01054	0.01177	0.01566	0.02858	0.25829	0.03333	0.47900	0.02620	0.00544	0.00605	0.06013	0.00516	0.00492
7	0.01517	0.01206	0.01392	0.01070	0.01577	0.01014	0.00844	0.08914	0.01711	0.02582	0.06467	0.07698	0.01826	0.00789	0.00597	0.00145	0.00516	0.00655	0.06999	0.52481

[dist]
# distance from previous block
# <min> <max>
0	2

[block]
# block no. 4 follows, 29 sequences, length 8
# corresponding to MSA columns:
# 240-247
name=unknown_E
#
# <colnr> <probs for GDERKNQSTAVLIFYWHMCP>
#	G	D	E	R	K	N	Q	S	T	A	V	L	I	F	Y	W	H	M	C	P
0	0.02349	0.01796	0.02014	0.01770	0.07316	0.01979	0.01330	0.47832	0.13624	0.03883	0.02035	0.07226	0.01616	0.00957	0.00728	0.00224	0.00726	0.00769	0.00683	0.01145
1	0.01523	0.01259	0.01451	0.01085	0.01653	0.01025	0.00861	0.05855	0.04240	0.02464	0.01549	0.05647	0.01344	0.00672	0.00566	0.00130	0.00530	0.00550	0.03804	0.63792
2	0.01591	0.01351	0.01632	0.10582	0.02167	0.01207	0.01059	0.07850	0.06845	0.02498	0.01431	0.01643	0.01141	0.00614	0.00583	0.00143	0.00608	0.00498	0.00457	0.56100
3	0.01365	0.01261	0.02101	0.45742	0.19474	0.01447	0.01815	0.01771	0.01460	0.01936	0.01709	0.13497	0.01593	0.00937	0.00742	0.00240	0.00839	0.00856	0.00380	0.00835
4	0.02044	0.01494	0.01801	0.01757	0.01954	0.01444	0.01254	0.01967	0.01765	0.02553	0.02800	0.04093	0.02653	0.11189	0.55260	0.01134	0.01918	0.01063	0.00719	0.01137
5	0.00988	0.00857	0.00999	0.00939	0.01127	0.00868	0.00729	0.01194	0.01613	0.02069	0.18267	0.05711	0.46972	0.01648	0.01081	0.00249	0.12098	0.01321	0.00629	0.00643
6	0.44870	0.01311	0.01293	0.01052	0.01556	0.01332	0.00864	0.02449	0.01497	0.22975	0.01569	0.01580	0.01108	0.00704	0.00535	0.00202	0.00563	0.00488	0.00567	0.13483
7	0.01246	0.00884	0.01081	0.00993	0.01227	0.00865	0.00757	0.01836	0.12786	0.06793	0.50717	0.04837	0.10441	0.01369	0.00814	0.00228	0.00390	0.01193	0.00771	0.00771

[dist]
# distance from previous block
# <min> <max>
0	1

[block]
# block no. 5 follows, 29 sequences, length 94
# corresponding to MSA columns:
# 249-342
name=unknown_F
#
# <colnr> <probs for GDERKNQSTAVLIFYWHMCP>
#	G	D	E	R	K	N	Q	S	T	A	V	L	I	F	Y	W	H	M	C	P
0	0.80005	0.01377	0.01047	0.00936	0.01377	0.01597	0.00771	0.02093	0.01212	0.03195	0.00991	0.01157	0.00771	0.00661	0.00441	0.00220	0.00551	0.00386	0.00441	0.00771
1	0.01173	0.00865	0.01211	0.01346	0.01500	0.00904	0.01173	0.01490	0.01605	0.02105	0.03595	0.07631	0.03902	0.01922	0.01067	0.00327	0.05177	0.61709	0.00634	0.00663
2	0.01413	0.01289	0.02093	0.66445	0.04610	0.01588	0.01895	0.05900	0.01541	0.01984	0.01381	0.04282	0.01089	0.00771	0.00718	0.00238	0.00921	0.00679	0.00352	0.00810
3	0.01633	0.01307	0.01485	0.01145	0.01645	0.01168	0.00892	0.14456	0.04354	0.02618	0.01694	0.06467	0.01536	0.09583	0.00963	0.00212	0.00590	0.00651	0.00505	0.47096
4	0.00922	0.00683	0.00867	0.01001	0.01079	0.00654	0.00681	0.01166	0.05584	0.01897	0.04091	0.65339	0.09127	0.02123	0.00893	0.00283	0.00419	0.01912	0.00665	0.00614
5	0.03034	0.01226	0.01647	0.01279	0.01805	0.01099	0.01053	0.06809	0.02053	0.63157	0.02694	0.02408	0.01734	0.01156	0.05139	0.00277	0.00696	0.00715	0.00841	0.01176
6	0.01928	0.67006	0.07261	0.01288	0.01919	0.02717	0.01303	0.06227	0.01568	0.01881	0.01050	0.01197	0.00932	0.00628	0.00485	0.00160	0.00778	0.00405	0.00330	0.00940
7	0.07508	0.01932	0.02054	0.01583	0.02144	0.02134	0.01308	0.62025	0.03174	0.06509	0.01700	0.01698	0.01201	0.00844	0.00696	0.00214	0.00764	0.00628	0.00701	0.01184
8	0.00891	0.00642	0.00796	0.00918	0.01006	0.00588	0.00627	0.01039	0.01422	0.01890	0.04472	0.56756	0.17419	0.02060	0.00870	0.00272	0.00398	0.01837	0.05507	0.00588
9	0.00868	0.00620	0.00826	0.00991	0.01033	0.00578	0.00661	0.00991	0.01363	0.01818	0.03925	0.74510	0.04710	0.02231	0.00909	0.00289	0.00413	0.02024	0.00661	0.00578
10	0.02274	0.01603	0.01780	0.01454	0.01890	0.01731	0.01162	0.47483	0.02773	0.07759	0.02330	0.20009	0.02121	0.01201	0.00762	0.00233	0.00680	0.00992	0.00709	0.01052
11	0.01589	0.05028	0.30461	0.02562	0.03409	0.01777	0.40170	0.02266	0.01604	0.02251	0.01362	0.01732	0.01005	0.00630	0.00764	0.00231	0.01128	0.00702	0.00335	0.00995
12	0.02038	0.01630	0.01736	0.01488	0.01935	0.01852	0.01178	0.19049	0.51491	0.05482	0.02613	0.02425	0.01932	0.00937	0.00721	0.00234	0.00617	0.00763	0.00727	0.01150
13	0.02127	0.01784	0.02363	0.17581	0.05544	0.03923	0.09931	0.34189	0.05389	0.03260	0.01591	0.01829	0.01175	0.00796	0.00773	0.00224	0.03196	0.00666	0.02617	0.01041
14	0.01032	0.00737	0.01015	0.01180	0.01293	0.00720	0.00948	0.01277	0.01526	0.02002	0.03834	0.35346	0.04349	0.02075	0.00953	0.00312	0.00556	0.39562	0.00658	0.00624
15	0.01068	0.00742	0.00942	0.00884	0.01062	0.00679	0.00657	0.01366	0.01919	0.05014	0.57461	0.05336	0.12725	0.05825	0.01001	0.00253	0.00369	0.01275	0.00754	0.00669
16	0.02518	0.05553	0.09029	0.01810	0.02278	0.54340	0.01494	0.10704	0.02110	0.02126	0.01189	0.01353	0.00951	0.00739	0.00648	0.00190	0.01183	0.00485	0.00400	0.00898
17	0.00976	0.00710	0.00918	0.00901	0.01053	0.00653	0.00662	0.01269	0.01890	0.02637	0.56002	0.16304	0.10165	0.01598	0.00851	0.00235	0.00350	0.01416	0.00757	0.00653
18	0.01057	0.01113	0.10114	0.01038	0.01324	0.00798	0.00923	0.01452	0.01937	0.02748	0.59209	0.04870	0.07948	0.01365	0.00819	0.00225	0.00430	0.01195	0.00717	0.00719
19	0.01345	0.01266	0.02136	0.73264	0.04904	0.01582	0.01978	0.01819	0.01424	0.01819	0.01266	0.01898	0.00949	0.00712	0.00712	0.00237	0.00949	0.00633	0.00316	0.00791
20	0.01477	0.01266	0.01477	0.01055	0.01687	0.00949	0.00844	0.01793	0.01477	0.02320	0.01266	0.01477	0.01055	0.00527	0.00527	0.00105	0.00527	0.00422	0.00422	0.79328
21	0.01389	0.00758	0.00792	0.02942	0.01037	0.00783	0.00594	0.03869	0.04142	0.02700	0.02293	0.02602	0.01792	0.00832	0.00520	0.00173	0.00374	0.00667	0.71037	0.00703
22	0.01237	0.00618	0.00928	0.00928	0.00928	0.00618	0.00618	0.00928	0.00928	0.01237	0.01237	0.02165	0.01237	0.02474	0.02783	0.79283	0.00618	0.00618	0.00309	0.00309
23	0.00861	0.00722	0.00748	0.00742	0.00974	0.00609	0.00556	0.01059	0.01669	0.02032	0.14556	0.06674	0.62834	0.01763	0.00841	0.00239	0.00358	0.01478	0.00676	0.00609
24	0.02707	0.01995	0.02137	0.01638	0.02208	0.02208	0.01353	0.68159	0.03348	0.04488	0.01710	0.01710	0.01211	0.00855	0.00712	0.00214	0.00784	0.00641	0.00712	0.01211
25	0.01898	0.01720	0.02544	0.10095	0.47106	0.05841	0.01918	0.04929	0.08201	0.06447	0.01569	0.01870	0.01240	0.00702	0.00705	0.00216	0.00838	0.00645	0.00431	0.01087
26	0.00867	0.00624	0.00822	0.00981	0.01030	0.00579	0.00656	0.00993	0.01373	0.01822	0.04050	0.71936	0.07203	0.02215	0.00906	0.00287	0.00411	0.02004	0.00661	0.00579
27	0.01449	0.06838	0.68314	0.01994	0.03027	0.01705	0.02569	0.02250	0.01501	0.02230	0.01265	0.01487	0.00903	0.00674	0.00667	0.00222	0.01040	0.00520	0.00301	0.01046
28	0.01477	0.01266	0.01477	0.01055	0.01687	0.00949	0.00844	0.01793	0.01477	0.02320	0.01266	0.01477	0.01055	0.00527	0.00527	0.00105	0.00527	0.00422	0.00422	0.79328
29	0.01007	0.00683	0.00804	0.00831	0.00844	0.00683	0.00493	0.01041	0.01094	0.01466	0.02496	0.15805	0.02887	0.59524	0.06868	0.00650	0.00711	0.01180	0.00466	0.00466
30	0.02662	0.03340	0.02022	0.01827	0.02202	0.69439	0.01375	0.05345	0.02069	0.01848	0.01124	0.01300	0.00928	0.00738	0.00645	0.00185	0.01265	0.00466	0.00380	0.00840
31	0.80005	0.01377	0.01047	0.00936	0.01377	0.01597	0.00771	0.02093	0.01212	0.03195	0.00991	0.01157	0.00771	0.00661	0.00441	0.00220	0.00551	0.00386	0.00441	0.00771
32	0.01294	0.00975	0.01245	0.01328	0.01548	0.01019	0.01133	0.03957	0.13210	0.02344	0.03655	0.06883	0.05577	0.01757	0.00927	0.00307	0.00636	0.50783	0.00669	0.00752
33	0.01237	0.00618	0.00928	0.00928	0.00928	0.00618	0.00618	0.00928	0.00928	0.01237	0.01237	0.02165	0.01237	0.02474	0.02783	0.79283	0.00618	0.00618	0.00309	0.00309
34	0.01508	0.01485	0.02086	0.01803	0.01814	0.02062	0.01496	0.01673	0.01095	0.01708	0.01024	0.01672	0.01012	0.01623	0.08758	0.00388	0.67072	0.00636	0.00318	0.00766
35	0.00868	0.00620	0.00826	0.00991	0.01033	0.00578	0.00661	0.00991	0.01363	0.01818	0.03925	0.74510	0.04710	0.02231	0.00909	0.00289	0.00413	0.02024	0.00661	0.00578
36	0.02707	0.01995	0.02137	0.01638	0.02208	0.02208	0.01353	0.68159	0.03348	0.04488	0.01710	0.01710	0.01211	0.00855	0.00712	0.00214	0.00784	0.00641	0.00712	0.01211
37	0.01428	0.03683	0.71286	0.02030	0.03082	0.01654	0.02631	0.02255	0.01503	0.02255	0.01278	0.01503	0.00902	0.00677	0.00677	0.00226	0.01052	0.00526	0.00301	0.01052
38	0.02555	0.03195	0.02120	0.02130	0.10172	0.63902	0.01470	0.02767	0.01972	0.01811	0.01129	0.01340	0.00942	0.00722	0.00649	0.00187	0.01233	0.00479	0.00365	0.00861
39	0.72880	0.01356	0.01140	0.00999	0.01432	0.01549	0.02864	0.02055	0.01274	0.03146	0.05102	0.01427	0.01133	0.00706	0.00477	0.00221	0.00558	0.00453	0.00458	0.00771
40	0.01735	0.01636	0.02617	0.03788	0.57334	0.01671	0.01964	0.02407	0.12508	0.02419	0.01771	0.02063	0.03424	0.00724	0.00712	0.00217	0.00786	0.00689	0.00422	0.01112
41	0.01446	0.01247	0.01484	0.01105	0.01661	0.01008	0.00880	0.01740	0.01444	0.02251	0.01401	0.05807	0.01263	0.00676	0.00669	0.00130	0.05343	0.00530	0.00429	0.69486
42	0.01352	0.00972	0.01367	0.29848	0.02540	0.01145	0.01170	0.01727	0.01435	0.02250	0.01795	0.02270	0.01408	0.00814	0.00721	0.00205	0.06064	0.00648	0.41545	0.00723
43	0.80005	0.01377	0.01047	0.00936	0.01377	0.01597	0.00771	0.02093	0.01212	0.03195	0.00991	0.01157	0.00771	0.00661	0.00441	0.00220	0.00551	0.00386	0.00441	0.00771
44	0.01667	0.02040	0.10500	0.03129	0.16228	0.01778	0.47006	0.02243	0.01634	0.02269	0.01390	0.01838	0.01067	0.00634	0.00845	0.00235	0.03386	0.00764	0.00351	0.00995
45	0.01035	0.00694	0.00793	0.00793	0.00798	0.00699	0.00452	0.01046	0.01040	0.01393	0.02229	0.04578	0.02553	0.71912	0.06639	0.00710	0.00744	0.01024	0.00429	0.00440
46	0.01904	0.75404	0.03731	0.01218	0.01828	0.02818	0.01218	0.02132	0.01447	0.01675	0.00990	0.01142	0.00914	0.00609	0.00457	0.00152	0.00761	0.00381	0.00305	0.00914
47	0.02454	0.01072	0.01431	0.01157	0.01583	0.00957	0.00932	0.02815	0.04606	0.47034	0.23940	0.03341	0.03333	0.01065	0.00755	0.00222	0.00520	0.00899	0.00845	0.01039
48	0.00851	0.00722	0.00735	0.00732	0.00968	0.00605	0.00549	0.01041	0.01646	0.01979	0.10941	0.06762	0.66482	0.01783	0.00841	0.00239	0.00359	0.01490	0.00668	0.00605
49	0.01008	0.00728	0.00952	0.00896	0.01064	0.00672	0.00672	0.01344	0.02016	0.02855	0.70158	0.05319	0.06719	0.01456	0.00840	0.00224	0.00336	0.01288	0.00784	0.00672
50	0.00858	0.00722	0.00744	0.00738	0.00972	0.00608	0.00554	0.01053	0.01661	0.02014	0.13334	0.06704	0.64067	0.01770	0.00841	0.00239	0.00358	0.01482	0.00673	0.00608
51	0.03195	0.01212	0.01652	0.01267	0.01818	0.01047	0.01047	0.03470	0.02038	0.71026	0.02809	0.02424	0.01763	0.00881	0.00716	0.00220	0.00606	0.00716	0.00881	0.01212
52	0.01558	0.01558	0.02181	0.01869	0.01869	0.02181	0.01558	0.01714	0.01091	0.01714	0.00935	0.01558	0.00935	0.01246	0.02337	0.00312	0.73672	0.00623	0.00312	0.00779
53	0.02607	0.03293	0.02070	0.01985	0.06248	0.67946	0.01424	0.02804	0.01994	0.01777	0.01115	0.01312	0.00930	0.00728	0.00646	0.00185	0.01258	0.00469	0.00366	0.00843
54	0.80005	0.01377	0.01047	0.00936	0.01377	0.01597	0.00771	0.02093	0.01212	0.03195	0.00991	0.01157	0.00771	0.00661	0.00441	0.00220	0.00551	0.00386	0.00441	0.00771
55	0.01762	0.01692	0.02890	0.04371	0.70533	0.01692	0.02185	0.02185	0.01621	0.02326	0.01339	0.01762	0.01128	0.00634	0.00705	0.00211	0.00846	0.00634	0.00352	0.01128
56	0.01327	0.00664	0.00664	0.00664	0.00830	0.00664	0.00498	0.01659	0.01493	0.02655	0.02323	0.02655	0.01825	0.00830	0.00498	0.00166	0.00332	0.00664	0.78928	0.00664
57	0.03195	0.01212	0.01652	0.01267	0.01818	0.01047	0.01047	0.03470	0.02038	0.71026	0.02809	0.02424	0.01763	0.00881	0.00716	0.00220	0.00606	0.00716	0.00881	0.01212
58	0.02660	0.03394	0.02018	0.01834	0.02201	0.72116	0.01376	0.02843	0.02018	0.01743	0.01101	0.01284	0.00917	0.00734	0.00642	0.00183	0.01284	0.00459	0.00367	0.00825
59	0.01354	0.01278	0.02138	0.70123	0.04771	0.01608	0.01959	0.01815	0.01409	0.01815	0.01251	0.01883	0.00949	0.00735	0.00783	0.00241	0.04149	0.00632	0.00316	0.00790
60	0.00868	0.00620	0.00826	0.00991	0.01033	0.00578	0.00661	0.00991	0.01363	0.01818	0.03925	0.74510	0.04710	0.02231	0.00909	0.00289	0.00413	0.02024	0.00661	0.00578
61	0.00868	0.00620	0.00826	0.00991	0.01033	0.00578	0.00661	0.00991	0.01363	0.01818	0.03925	0.74510	0.04710	0.02231	0.00909	0.00289	0.00413	0.02024	0.00661	0.00578
62	0.12645	0.01422	0.01652	0.01348	0.01833	0.01451	0.01123	0.23435	0.02286	0.30973	0.02371	0.02871	0.01809	0.01006	0.00719	0.00234	0.00662	0.10350	0.00737	0.01072
63	0.02642	0.01676	0.01888	0.01494	0.02022	0.01790	0.01219	0.36237	0.17148	0.22764	0.02272	0.02113	0.01572	0.00886	0.00716	0.00222	0.00687	0.00697	0.00762	0.01193
64	0.02707	0.01995	0.02137	0.01638	0.02208	0.02208	0.01353	0.68159	0.03348	0.04488	0.01710	0.01710	0.01211	0.00855	0.00712	0.00214	0.00784	0.00641	0.00712	0.01211
65	0.80005	0.01377	0.01047	0.00936	0.01377	0.01597	0.00771	0.02093	0.01212	0.03195	0.00991	0.01157	0.00771	0.00661	0.00441	0.00220	0.00551	0.00386	0.00441	0.00771
66	0.00868	0.00620	0.00826	0.00991	0.01033	0.00578	0.00661	0.00991	0.01363	0.01818	0.03925	0.74510	0.04710	0.02231	0.00909	0.00289	0.00413	0.02024	0.00661	0.00578
67	0.01477	0.01266	0.01477	0.01055	0.01687	0.00949	0.00844	0.01793	0.01477	0.02320	0.01266	0.01477	0.01055	0.00527	0.00527	0.00105	0.00527	0.00422	0.00422	0.79328
68	0.00916	0.00697	0.01026	0.01111	0.01192	0.00651	0.04646	0.01068	0.01382	0.01845	0.03778	0.70212	0.04495	0.02134	0.00905	0.00286	0.00460	0.01954	0.00643	0.00601
69	0.00876	0.00723	0.00769	0.00757	0.00983	0.00616	0.00568	0.01088	0.01704	0.02115	0.20116	0.06538	0.57223	0.01732	0.00841	0.00237	0.00356	0.01459	0.00686	0.00616
70	0.03195	0.01212	0.01652	0.01267	0.01818	0.01047	0.01047	0.03470	0.02038	0.71026	0.02809	0.02424	0.01763	0.00881	0.00716	0.00220	0.00606	0.00716	0.00881	0.01212
71	0.07016	0.01457	0.02386	0.38468	0.32996	0.01631	0.01983	0.01996	0.01494	0.02134	0.01278	0.01788	0.01014	0.00675	0.00690	0.00225	0.00877	0.00616	0.00341	0.00935
72	0.01681	0.01921	0.04202	0.03001	0.03721	0.01801	0.67947	0.02281	0.01681	0.02281	0.01441	0.01921	0.01080	0.00600	0.00840	0.00240	0.01200	0.00840	0.00360	0.00960
73	0.01147	0.00820	0.01147	0.01311	0.01475	0.00820	0.01147	0.01475	0.01639	0.02131	0.03770	0.08032	0.04098	0.01967	0.00984	0.00328	0.00656	0.65741	0.00656	0.00656
74	0.01762	0.01692	0.02890	0.04371	0.70533	0.01692	0.02185	0.02185	0.01621	0.02326	0.01339	0.01762	0.01128	0.00634	0.00705	0.00211	0.00846	0.00634	0.00352	0.01128
75	0.01469	0.01393	0.02361	0.52700	0.24493	0.01615	0.02040	0.01929	0.01483	0.01971	0.01288	0.01858	0.01003	0.00689	0.00710	0.00230	0.00918	0.00633	0.00327	0.00892
76	0.00868	0.00620	0.00826	0.00991	0.01033	0.00578	0.00661	0.00991	0.01363	0.01818	0.03925	0.74510	0.04710	0.02231	0.00909	0.00289	0.00413	0.02024	0.00661	0.00578
77	0.01594	0.28689	0.47733	0.01747	0.02645	0.02059	0.02138	0.02212	0.01484	0.02053	0.01177	0.01377	0.00906	0.00653	0.00600	0.00200	0.00951	0.00475	0.00302	0.01004
78	0.00868	0.00620	0.00826	0.00991	0.01033	0.00578	0.00661	0.00991	0.01363	0.01818	0.03925	0.74510	0.04710	0.02231	0.00909	0.00289	0.00413	0.02024	0.00661	0.00578
79	0.02704	0.02070	0.02131	0.01649	0.02208	0.05963	0.01355	0.64651	0.03276	0.04340	0.01677	0.01687	0.01195	0.00848	0.00709	0.00212	0.00810	0.00631	0.00694	0.01190
80	0.02631	0.01949	0.02096	0.01602	0.02176	0.02130	0.01322	0.64050	0.03232	0.04353	0.01682	0.01695	0.01201	0.00835	0.00701	0.00207	0.00768	0.00628	0.00694	0.06048
81	0.00859	0.00722	0.00746	0.00740	0.00973	0.00609	0.00555	0.01056	0.01665	0.02023	0.13906	0.06690	0.63490	0.01766	0.00841	0.00239	0.00358	0.01480	0.00674	0.00609
82	0.01237	0.00618	0.00928	0.00928	0.00928	0.00618	0.00618	0.00928	0.00928	0.01237	0.01237	0.02165	0.01237	0.02474	0.02783	0.79283	0.00618	0.00618	0.00309	0.00309
83	0.03195	0.01212	0.01652	0.01267	0.01818	0.01047	0.01047	0.03470	0.02038	0.71026	0.02809	0.02424	0.01763	0.00881	0.00716	0.00220	0.00606	0.00716	0.00881	0.01212
84	0.00868	0.00620	0.00826	0.00991	0.01033	0.00578	0.00661	0.00991	0.01363	0.01818	0.03925	0.74510	0.04710	0.02231	0.00909	0.00289	0.00413	0.02024	0.00661	0.00578
85	0.00883	0.00630	0.00843	0.01009	0.01057	0.00591	0.00687	0.01017	0.01378	0.01835	0.03916	0.70940	0.04677	0.02217	0.00913	0.00291	0.00426	0.05447	0.00661	0.00583
86	0.03195	0.01212	0.01652	0.01267	0.01818	0.01047	0.01047	0.03470	0.02038	0.71026	0.02809	0.02424	0.01763	0.00881	0.00716	0.00220	0.00606	0.00716	0.00881	0.01212
87	0.03195	0.01212	0.01652	0.01267	0.01818	0.01047	0.01047	0.03470	0.02038	0.71026	0.02809	0.02424	0.01763	0.00881	0.00716	0.00220	0.00606	0.00716	0.00881	0.01212
88	0.01035	0.00694	0.00796	0.00796	0.00803	0.00701	0.00456	0.01048	0.01041	0.01395	0.02226	0.04560	0.02545	0.71235	0.07305	0.00715	0.00756	0.01021	0.00429	0.00442
89	0.01546	0.15048	0.58194	0.01894	0.02853	0.04258	0.02364	0.02256	0.01512	0.02146	0.01226	0.01439	0.00904	0.00668	0.00641	0.00212	0.01014	0.00501	0.00304	0.01023
90	0.01848	0.66215	0.09969	0.01316	0.01946	0.02688	0.01361	0.02129	0.01440	0.01731	0.01015	0.01190	0.00913	0.00637	0.00541	0.00165	0.03267	0.00403	0.00304	0.00922
91	0.01479	0.01276	0.01501	0.01082	0.01694	0.00991	0.00868	0.01790	0.01463	0.02300	0.01254	0.01479	0.01051	0.00552	0.00589	0.00112	0.03014	0.00429	0.00418	0.76658
92	0.00868	0.00620	0.00826	0.00991	0.01033	0.00578	0.00661	0.00991	0.01363	0.01818	0.03925	0.74510	0.04710	0.02231	0.00909	0.00289	0.00413	0.02024	0.00661	0.00578
93	0.01508	0.01327	0.01675	0.01214	0.01839	0.01058	0.05544	0.01945	0.05521	0.02357	0.01375	0.01578	0.01123	0.00559	0.00561	0.00123	0.00576	0.00474	0.00436	0.69207

[dist]
# distance from previous block
# <min> <max>
1	8

[block]
# block no. 6 follows, 29 sequences, length 24
# corresponding to MSA columns:
# 351-374
name=unknown_G
#
# <colnr> <probs for GDERKNQSTAVLIFYWHMCP>
#	G	D	E	R	K	N	Q	S	T	A	V	L	I	F	Y	W	H	M	C	P
0	0.01772	0.01673	0.01618	0.01257	0.01819	0.12211	0.00990	0.06377	0.09226	0.02441	0.01450	0.01593	0.01168	0.00629	0.00579	0.00140	0.00666	0.00484	0.00465	0.53444
1	0.01036	0.00690	0.00777	0.00777	0.00777	0.00690	0.00431	0.01036	0.01036	0.01381	0.02244	0.04660	0.02589	0.74975	0.03624	0.00690	0.00690	0.01036	0.00431	0.00431
2	0.01442	0.03588	0.67645	0.02082	0.03117	0.01662	0.06176	0.02256	0.01513	0.02256	0.01287	0.01526	0.00912	0.00672	0.00685	0.00226	0.01060	0.00543	0.00304	0.01047
3	0.80005	0.01377	0.01047	0.00936	0.01377	0.01597	0.00771	0.02093	0.01212	0.03195	0.00991	0.01157	0.00771	0.00661	0.00441	0.00220	0.00551	0.00386	0.00441	0.00771
4	0.03130	0.01226	0.01651	0.01275	0.01819	0.01080	0.01050	0.03485	0.05106	0.67920	0.02813	0.02434	0.01781	0.00885	0.00716	0.00221	0.00604	0.00720	0.00874	0.01208
5	0.01036	0.00690	0.00777	0.00777	0.00777	0.00690	0.00431	0.01036	0.01036	0.01381	0.02244	0.04660	0.02589	0.74975	0.03624	0.00690	0.00690	0.01036	0.00431	0.00431
6	0.01008	0.00728	0.00952	0.00896	0.01064	0.00672	0.00672	0.01344	0.02016	0.02855	0.70158	0.05319	0.06719	0.01456	0.00840	0.00224	0.00336	0.01288	0.00784	0.00672
7	0.01697	0.01626	0.02773	0.15081	0.60331	0.01675	0.02153	0.02128	0.01591	0.02248	0.01328	0.01784	0.01100	0.00646	0.00706	0.00215	0.00862	0.00634	0.00347	0.01076
8	0.80005	0.01377	0.01047	0.00936	0.01377	0.01597	0.00771	0.02093	0.01212	0.03195	0.00991	0.01157	0.00771	0.00661	0.00441	0.00220	0.00551	0.00386	0.00441	0.00771
9	0.00952	0.00726	0.00875	0.00838	0.01030	0.00648	0.00628	0.01236	0.01884	0.02544	0.49120	0.05832	0.27951	0.01572	0.00840	0.00229	0.00344	0.01360	0.00743	0.00648
