[name]
unknown

[dist]
# distance from previous block
# <min> <max>
4	28

[block]
# block no. 0 follows, 28 sequences, length 6
# corresponding to MSA columns:
# 29-34
name=unknown_A
#
# <colnr> <probs for GDERKNQSTAVLIFYWHMCP>
#	G	D	E	R	K	N	Q	S	T	A	V	L	I	F	Y	W	H	M	C	P
0	0.01630	0.01382	0.01451	0.01472	0.05540	0.09258	0.01028	0.17948	0.02038	0.02633	0.07581	0.38463	0.03399	0.01598	0.00829	0.00254	0.00639	0.01393	0.00644	0.00821
1	0.06413	0.01798	0.02220	0.02296	0.19028	0.01973	0.01526	0.37607	0.05549	0.03576	0.01650	0.01845	0.01265	0.01150	0.05778	0.00290	0.03671	0.00654	0.00581	0.01129
2	0.01539	0.02293	0.23796	0.02562	0.10701	0.01683	0.25192	0.02096	0.01549	0.02208	0.01634	0.09846	0.01452	0.00901	0.00971	0.00251	0.09139	0.00846	0.00377	0.00964
3	0.01792	0.20011	0.03259	0.08881	0.40162	0.02018	0.09466	0.02199	0.01602	0.02162	0.01284	0.01670	0.01077	0.00643	0.00673	0.00206	0.00892	0.00607	0.00346	0.01050
4	0.01479	0.01401	0.02373	0.55645	0.21235	0.01643	0.02072	0.01951	0.01504	0.01987	0.01311	0.01903	0.01015	0.00707	0.00725	0.00236	0.00943	0.00646	0.00332	0.00893
5	0.01666	0.02186	0.19798	0.11527	0.45937	0.01705	0.02321	0.02207	0.01602	0.02298	0.01343	0.01749	0.01073	0.00667	0.00713	0.00222	0.00928	0.00620	0.00342	0.01094

[dist]
# distance from previous block
# <min> <max>
0	1

[block]
# block no. 1 follows, 28 sequences, length 8
# corresponding to MSA columns:
# 36-43
name=unknown_B
#
# <colnr> <probs for GDERKNQSTAVLIFYWHMCP>
#	G	D	E	R	K	N	Q	S	T	A	V	L	I	F	Y	W	H	M	C	P
0	0.08766	0.02087	0.01938	0.20241	0.06621	0.23732	0.01486	0.02796	0.20493	0.02317	0.01687	0.01884	0.01304	0.00798	0.00683	0.00223	0.00925	0.00617	0.00469	0.00933
1	0.66310	0.01427	0.01236	0.05663	0.01711	0.01639	0.00916	0.06039	0.01420	0.06489	0.01163	0.01326	0.00874	0.00701	0.00498	0.00226	0.00605	0.00442	0.00480	0.00837
2	0.06149	0.01412	0.01857	0.01949	0.19431	0.01205	0.01213	0.01952	0.01530	0.02422	0.01295	0.01564	0.01079	0.00575	0.00580	0.00143	0.00624	0.00485	0.00413	0.54121
3	0.01507	0.01292	0.01507	0.01077	0.01723	0.00969	0.00861	0.01830	0.01507	0.02369	0.01292	0.01507	0.01077	0.00538	0.00538	0.00108	0.00538	0.00431	0.00431	0.78898
4	0.01099	0.00987	0.01729	0.01520	0.01761	0.00917	0.17976	0.01357	0.01500	0.01988	0.03654	0.49132	0.09774	0.01805	0.00903	0.00278	0.00626	0.01704	0.00595	0.00694
5	0.59258	0.01376	0.01357	0.19606	0.02342	0.01627	0.01107	0.02064	0.01293	0.02896	0.01085	0.01378	0.00834	0.00688	0.00522	0.00229	0.00668	0.00459	0.00417	0.00792
6	0.01018	0.00648	0.00797	0.00912	0.00985	0.00620	0.00618	0.01192	0.01407	0.02052	0.03481	0.51414	0.03916	0.06118	0.00980	0.00286	0.00417	0.01647	0.20888	0.00604
7	0.01662	0.20567	0.02859	0.31545	0.25674	0.01980	0.01888	0.02064	0.01526	0.01990	0.01244	0.01691	0.01020	0.00673	0.00657	0.00211	0.00884	0.00580	0.00332	0.00954

[dist]
# distance from previous block
# <min> <max>
0	5

[block]
# block no. 2 follows, 28 sequences, length 9
# corresponding to MSA columns:
# 49-57
name=unknown_C
#
# <colnr> <probs for GDERKNQSTAVLIFYWHMCP>
#	G	D	E	R	K	N	Q	S	T	A	V	L	I	F	Y	W	H	M	C	P
0	0.02930	0.02589	0.01913	0.01645	0.02093	0.43852	0.01272	0.03154	0.02068	0.28746	0.01809	0.01768	0.01275	0.00808	0.00685	0.00202	0.01039	0.00571	0.00581	0.00998
1	0.01160	0.01019	0.01376	0.01338	0.01383	0.01235	0.01023	0.01305	0.01308	0.01824	0.03133	0.39045	0.09579	0.01840	0.01494	0.00299	0.28978	0.01453	0.00535	0.00673
2	0.49032	0.01467	0.01294	0.01162	0.01596	0.01700	0.00930	0.02815	0.27704	0.03175	0.01777	0.01782	0.01350	0.00797	0.00564	0.00233	0.00567	0.00562	0.00564	0.00930
3	0.02188	0.02611	0.02107	0.29700	0.03331	0.44067	0.01646	0.02492	0.01822	0.01810	0.01190	0.01557	0.00949	0.00740	0.00683	0.00209	0.01177	0.00538	0.00354	0.00829
4	0.01947	0.01610	0.02029	0.29524	0.03233	0.01877	0.01567	0.23713	0.21082	0.03075	0.01910	0.02094	0.01409	0.00847	0.00731	0.00236	0.00803	0.00698	0.00572	0.01044
5	0.01355	0.00678	0.00678	0.00678	0.00847	0.00678	0.00508	0.01694	0.01524	0.02710	0.02371	0.02710	0.01863	0.00847	0.00508	0.00169	0.00339	0.00678	0.78489	0.00678
6	0.01127	0.00721	0.01081	0.01081	0.01160	0.00800	0.00800	0.01160	0.01081	0.01521	0.01678	0.02602	0.01599	0.04302	0.44571	0.31686	0.01430	0.00721	0.00360	0.00518
7	0.01030	0.00645	0.00870	0.00951	0.01003	0.00609	0.00642	0.00990	0.01251	0.01636	0.03356	0.37252	0.11671	0.02319	0.01671	0.31150	0.00497	0.01435	0.00534	0.00485
8	0.02188	0.02611	0.02107	0.29700	0.03331	0.44067	0.01646	0.02492	0.01822	0.01810	0.01190	0.01557	0.00949	0.00740	0.00683	0.00209	0.01177	0.00538	0.00354	0.00829

[dist]
# distance from previous block
# <min> <max>
0	21

[block]
# block no. 3 follows, 28 sequences, length 25
# corresponding to MSA columns:
# 79-103
name=unknown_D
#
# <colnr> <probs for GDERKNQSTAVLIFYWHMCP>
#	G	D	E	R	K	N	Q	S	T	A	V	L	I	F	Y	W	H	M	C	P
0	0.02763	0.02036	0.02182	0.01672	0.02254	0.02254	0.01382	0.67496	0.03418	0.04581	0.01745	0.01745	0.01236	0.00873	0.00727	0.00218	0.00800	0.00654	0.00727	0.01236
1	0.01282	0.01067	0.01623	0.02083	0.23753	0.01029	0.01195	0.01655	0.01925	0.02737	0.47087	0.04234	0.04979	0.01210	0.00812	0.00224	0.00514	0.01095	0.00655	0.00839
2	0.01189	0.00938	0.01107	0.01166	0.01330	0.00991	0.00831	0.01951	0.23526	0.02246	0.03661	0.50510	0.03955	0.01852	0.00866	0.00279	0.00472	0.01657	0.00696	0.00775
3	0.01631	0.02553	0.26155	0.02737	0.03584	0.01789	0.46008	0.02320	0.01656	0.02320	0.01416	0.01820	0.01043	0.00638	0.00803	0.00240	0.01176	0.00752	0.00348	0.01011
4	0.01983	0.00862	0.01010	0.00880	0.01179	0.00806	0.00693	0.02303	0.01708	0.25008	0.02535	0.02632	0.01842	0.00864	0.00582	0.00188	0.00431	0.00695	0.52938	0.00862
5	0.00877	0.00667	0.00808	0.00921	0.01030	0.00598	0.00634	0.01022	0.01479	0.01891	0.05112	0.51921	0.26152	0.02134	0.00905	0.00279	0.00404	0.01891	0.00675	0.00598
6	0.01665	0.01473	0.01820	0.24935	0.02916	0.01744	0.01436	0.03202	0.46492	0.02651	0.02410	0.02457	0.01807	0.00901	0.00735	0.00245	0.00705	0.00764	0.00602	0.01038
7	0.01772	0.00924	0.01311	0.01182	0.01444	0.00946	0.00927	0.02019	0.01460	0.24302	0.02276	0.02870	0.01872	0.09034	0.43246	0.00823	0.01418	0.00784	0.00561	0.00827
8	0.01805	0.01616	0.02074	0.02461	0.24293	0.01781	0.01506	0.03325	0.46559	0.02821	0.02435	0.02411	0.01867	0.00875	0.00733	0.00236	0.00670	0.00764	0.00615	0.01151
9	0.01603	0.01435	0.01983	0.02191	0.24180	0.01219	0.01312	0.01962	0.01556	0.02371	0.01317	0.01603	0.01101	0.00574	0.00598	0.00143	0.00645	0.00502	0.00407	0.53295
10	0.01507	0.01292	0.01507	0.01077	0.01723	0.00969	0.00861	0.01830	0.01507	0.02369	0.01292	0.01507	0.01077	0.00538	0.00538	0.00108	0.00538	0.00431	0.00431	0.78898
11	0.26803	0.00887	0.00918	0.00994	0.01170	0.00933	0.00712	0.01382	0.01341	0.02319	0.03020	0.50006	0.03484	0.01750	0.00770	0.00272	0.00468	0.01516	0.00601	0.00655
12	0.02667	0.02068	0.24409	0.01550	0.02281	0.01272	0.01601	0.03134	0.01901	0.47990	0.02353	0.02165	0.01510	0.00831	0.00718	0.00227	0.00769	0.00667	0.00704	0.01183
13	0.01961	0.02250	0.01637	0.01534	0.01791	0.39700	0.01155	0.02166	0.01652	0.01722	0.01514	0.02113	0.01379	0.06708	0.28834	0.00603	0.01528	0.00624	0.00384	0.00744
14	0.01094	0.00751	0.00930	0.00986	0.01045	0.00755	0.00697	0.01213	0.01264	0.01671	0.02792	0.05825	0.03121	0.48204	0.05166	0.00599	0.00736	0.22113	0.00514	0.00523
15	0.01200	0.00663	0.00732	0.00788	0.00915	0.00649	0.00563	0.01469	0.01481	0.02429	0.02910	0.26180	0.02833	0.01318	0.00646	0.00211	0.00366	0.01135	0.52864	0.00649
16	0.01503	0.01100	0.01279	0.01217	0.01446	0.01139	0.00902	0.22907	0.02071	0.02758	0.03418	0.47072	0.06651	0.01794	0.00859	0.00268	0.00544	0.01577	0.00692	0.00804
17	0.01764	0.01703	0.02601	0.20926	0.36036	0.05039	0.05596	0.04544	0.10012	0.02370	0.01553	0.01932	0.01228	0.00720	0.00729	0.00227	0.00893	0.00672	0.00411	0.01044
18	0.01620	0.01403	0.01484	0.01377	0.01564	0.08956	0.01042	0.15451	0.01835	0.02407	0.02584	0.33714	0.02813	0.04972	0.01218	0.00287	0.12732	0.01274	0.02484	0.00784
19	0.01570	0.01644	0.03060	0.25925	0.11171	0.03952	0.30378	0.02062	0.01605	0.02117	0.01620	0.08473	0.01396	0.00810	0.00799	0.00244	0.01031	0.00862	0.00380	0.00902
20	0.01662	0.01581	0.02035	0.01767	0.01902	0.02089	0.01446	0.02445	0.23339	0.02175	0.01614	0.01960	0.01371	0.01178	0.01844	0.00295	0.49233	0.00697	0.00457	0.00912
21	0.02710	0.02010	0.02151	0.01662	0.02234	0.02229	0.01369	0.63945	0.07056	0.04495	0.01813	0.01799	0.01291	0.00879	0.00728	0.00220	0.00787	0.00664	0.00728	0.01231
22	0.02182	0.03975	0.01820	0.01396	0.01844	0.01719	0.01138	0.41478	0.02862	0.06099	0.24082	0.02963	0.03096	0.01067	0.00762	0.00220	0.00643	0.00866	0.00743	0.01045
23	0.01987	0.01460	0.01707	0.01454	0.01766	0.01633	0.01146	0.32459	0.02321	0.06294	0.02378	0.23298	0.02343	0.04600	0.01156	0.00277	0.11035	0.01092	0.00648	0.00946
24	0.01433	0.00978	0.01188	0.01083	0.01196	0.01188	0.00865	0.01712	0.01389	0.02394	0.01905	0.02341	0.01564	0.00987	0.01126	0.00218	0.24307	0.00664	0.52747	0.00716

[dist]
# distance from previous block
# <min> <max>
3	14

[block]
# block no. 4 follows, 28 sequences, length 6
# corresponding to MSA columns:
# 118-123
name=unknown_E
#
# <colnr> <probs for GDERKNQSTAVLIFYWHMCP>
#	G	D	E	R	K	N	Q	S	T	A	V	L	I	F	Y	W	H	M	C	P
0	0.07020	0.01622	0.02068	0.30733	0.03295	0.01849	0.01579	0.30903	0.02359	0.09144	0.01612	0.01853	0.01148	0.00803	0.00710	0.00229	0.00839	0.00641	0.00559	0.01032
1	0.01875	0.22365	0.22977	0.01505	0.02249	0.01857	0.01586	0.07203	0.05126	0.08322	0.01475	0.01585	0.01124	0.00686	0.00605	0.00183	0.00793	0.00514	0.00439	0.17530
2	0.01355	0.00678	0.00678	0.00678	0.00847	0.00678	0.00508	0.01694	0.01524	0.02710	0.02371	0.02710	0.01863	0.00847	0.00508	0.00169	0.00339	0.00678	0.78489	0.00678
3	0.01376	0.01152	0.01367	0.01063	0.01581	0.00889	0.00822	0.01657	0.01483	0.02260	0.01866	0.16839	0.01866	0.00906	0.00621	0.00147	0.00514	0.00777	0.00482	0.62331
4	0.01057	0.00705	0.00793	0.00793	0.00793	0.00705	0.00440	0.01057	0.01057	0.01409	0.02290	0.04757	0.02643	0.74454	0.03700	0.00705	0.00705	0.01057	0.00440	0.00440
5	0.01256	0.00668	0.00713	0.00748	0.00891	0.00659	0.00543	0.01550	0.01496	0.02529	0.02717	0.17788	0.02486	0.01150	0.00597	0.00196	0.00356	0.00971	0.62027	0.00659

[dist]
# distance from previous block
# <min> <max>
0	1

[block]
# block no. 5 follows, 28 sequences, length 68
# corresponding to MSA columns:
# 125-192
name=unknown_F
#
# <colnr> <probs for GDERKNQSTAVLIFYWHMCP>
#	G	D	E	R	K	N	Q	S	T	A	V	L	I	F	Y	W	H	M	C	P
0	0.00946	0.00815	0.01011	0.00964	0.01217	0.00711	0.04821	0.01167	0.01641	0.01999	0.06383	0.12037	0.53773	0.01814	0.00879	0.00258	0.00456	0.07812	0.00655	0.00640
1	0.00906	0.00660	0.00854	0.00970	0.01053	0.00608	0.00665	0.01072	0.01523	0.02035	0.14783	0.56700	0.11269	0.02110	0.00910	0.00280	0.00404	0.01896	0.00695	0.00608
2	0.01540	0.03652	0.66378	0.02047	0.03090	0.01724	0.02604	0.06404	0.01653	0.02445	0.01332	0.01548	0.00941	0.00702	0.00693	0.00229	0.01057	0.00545	0.00333	0.01084
3	0.01757	0.04049	0.02693	0.18704	0.47388	0.01727	0.02049	0.02291	0.05831	0.04346	0.01485	0.01886	0.01192	0.00693	0.00714	0.00222	0.00858	0.00652	0.00391	0.01073
4	0.01377	0.01252	0.02179	0.52684	0.04156	0.01471	0.08712	0.01755	0.01399	0.01812	0.01371	0.02148	0.01122	0.05556	0.01166	0.09126	0.00942	0.00693	0.00334	0.00747
5	0.00861	0.00730	0.00743	0.00754	0.00986	0.00612	0.00560	0.01041	0.01640	0.01957	0.07153	0.11210	0.65547	0.01868	0.00863	0.00249	0.00372	0.01568	0.00675	0.00612
6	0.01934	0.00984	0.01288	0.01102	0.01425	0.00918	0.00859	0.02336	0.06188	0.28558	0.31677	0.03936	0.04073	0.06050	0.05071	0.00313	0.00579	0.01013	0.00788	0.00909
7	0.01342	0.01251	0.02096	0.68196	0.04758	0.01551	0.01934	0.01804	0.01450	0.01857	0.01463	0.06470	0.01211	0.00824	0.00739	0.00246	0.00935	0.00735	0.00345	0.00794
8	0.02676	0.01971	0.02120	0.01642	0.02199	0.02177	0.01349	0.64420	0.03324	0.04455	0.01850	0.05087	0.01401	0.00938	0.00736	0.00222	0.00782	0.00720	0.00725	0.01206
9	0.00918	0.00677	0.00907	0.01054	0.01094	0.00666	0.00717	0.01046	0.01379	0.01851	0.03865	0.70631	0.04629	0.02231	0.00995	0.00296	0.03785	0.02000	0.00658	0.00600
10	0.02421	0.01847	0.02116	0.08550	0.06502	0.02057	0.01437	0.48208	0.09945	0.03958	0.01830	0.01904	0.01332	0.00856	0.00720	0.00222	0.00779	0.00672	0.03482	0.01161
11	0.01278	0.00934	0.01127	0.01102	0.01294	0.00933	0.00815	0.13504	0.01963	0.02649	0.20490	0.37017	0.08773	0.01779	0.00870	0.00262	0.00475	0.03279	0.00716	0.00739
12	0.01841	0.59928	0.17878	0.01418	0.02135	0.02626	0.01547	0.02203	0.01489	0.01835	0.01072	0.01244	0.00930	0.00636	0.00514	0.00171	0.00840	0.00420	0.00310	0.00963
13	0.01538	0.01149	0.01618	0.01434	0.01699	0.01167	0.08580	0.15360	0.01887	0.06449	0.03070	0.43904	0.03326	0.01676	0.00914	0.00270	0.02987	0.01505	0.00652	0.00816
14	0.02407	0.01571	0.01839	0.01505	0.01990	0.04491	0.04378	0.12117	0.27853	0.25437	0.06466	0.02564	0.02107	0.00943	0.00744	0.00232	0.00669	0.00785	0.00761	0.01143
15	0.01322	0.01079	0.01446	0.01343	0.01563	0.01124	0.05928	0.08466	0.10148	0.02338	0.03289	0.43183	0.05603	0.01713	0.00951	0.00271	0.04921	0.01516	0.00636	0.03159
16	0.01943	0.74891	0.03809	0.01244	0.01866	0.02876	0.01244	0.02177	0.01477	0.01710	0.01011	0.01166	0.00933	0.00622	0.00466	0.00155	0.00777	0.00389	0.00311	0.00933
17	0.02929	0.01346	0.01703	0.01352	0.01883	0.01285	0.01102	0.06858	0.16182	0.52864	0.02830	0.02487	0.01859	0.00917	0.00733	0.00229	0.00619	0.00746	0.00857	0.01219
18	0.01507	0.01292	0.01507	0.01077	0.01723	0.00969	0.00861	0.01830	0.01507	0.02369	0.01292	0.01507	0.01077	0.00538	0.00538	0.00108	0.00538	0.00431	0.00431	0.78898
19	0.02394	0.01626	0.01758	0.01441	0.01881	0.10024	0.03364	0.20944	0.02328	0.23089	0.08283	0.08446	0.06109	0.01250	0.03411	0.00262	0.00772	0.00888	0.00709	0.01022
20	0.01846	0.01815	0.02905	0.04330	0.66482	0.05273	0.02189	0.02265	0.01676	0.02345	0.01355	0.01774	0.01140	0.00653	0.00716	0.00214	0.00886	0.00639	0.00361	0.01136
21	0.00869	0.00733	0.00752	0.00756	0.00990	0.00616	0.00564	0.01059	0.01667	0.02008	0.10396	0.09423	0.64011	0.01839	0.00862	0.00246	0.00369	0.01543	0.00681	0.00616
22	0.02121	0.02319	0.03149	0.05304	0.03090	0.20977	0.33888	0.12837	0.02082	0.02537	0.03585	0.01858	0.01257	0.00724	0.00776	0.00224	0.01142	0.00724	0.00439	0.00967
23	0.02750	0.02427	0.02148	0.01727	0.02252	0.21225	0.01388	0.49808	0.03046	0.03814	0.01575	0.01626	0.01154	0.00839	0.00708	0.00210	0.00940	0.00603	0.00631	0.01128
24	0.01355	0.00678	0.00678	0.00678	0.00847	0.00678	0.00508	0.01694	0.01524	0.02710	0.02371	0.02710	0.01863	0.00847	0.00508	0.00169	0.00339	0.00678	0.78489	0.00678
25	0.00881	0.00650	0.00825	0.00965	0.01042	0.00594	0.00654	0.01017	0.01437	0.01874	0.04578	0.62583	0.15835	0.02203	0.00916	0.00287	0.00413	0.01976	0.00675	0.00594
26	0.01695	0.01614	0.02512	0.35870	0.33099	0.04570	0.02049	0.05861	0.01680	0.02238	0.01344	0.01840	0.01063	0.00702	0.00721	0.00227	0.00927	0.00640	0.00365	0.00984
27	0.00861	0.00727	0.00746	0.00760	0.00988	0.00612	0.00563	0.01041	0.01634	0.01954	0.07074	0.12784	0.64023	0.01879	0.00865	0.00250	0.00373	0.01580	0.00675	0.00612
28	0.01055	0.00713	0.00833	0.00833	0.00847	0.00727	0.00490	0.01083	0.01069	0.01439	0.02254	0.04554	0.02555	0.67082	0.10951	0.00754	0.00837	0.01027	0.00435	0.00463
29	0.03220	0.01304	0.01728	0.01325	0.01889	0.01167	0.01094	0.08863	0.02192	0.64945	0.02774	0.02413	0.01753	0.00897	0.00731	0.00224	0.00634	0.00725	0.00885	0.01237
30	0.01524	0.06357	0.56056	0.02215	0.03210	0.01764	0.14190	0.02302	0.01565	0.02282	0.01322	0.01596	0.00954	0.00674	0.00711	0.00230	0.01089	0.00588	0.00318	0.01052
31	0.01683	0.01745	0.02213	0.01905	0.01936	0.07933	0.01575	0.01844	0.01191	0.01752	0.00968	0.01567	0.00953	0.01229	0.02243	0.00307	0.67211	0.00622	0.00323	0.00799
32	0.01057	0.00705	0.00793	0.00793	0.00793	0.00705	0.00440	0.01057	0.01057	0.01409	0.02290	0.04757	0.02643	0.74454	0.03700	0.00705	0.00705	0.01057	0.00440	0.00440
33	0.01479	0.01401	0.02373	0.55654	0.21227	0.01643	0.02072	0.01951	0.01504	0.01987	0.01311	0.01903	0.01015	0.00707	0.00725	0.00236	0.00943	0.00646	0.00332	0.00893
34	0.03931	0.00822	0.00956	0.00940	0.01075	0.00861	0.00668	0.01511	0.05191	0.02095	0.02428	0.15323	0.02427	0.18134	0.07650	0.04262	0.03605	0.00996	0.23214	0.03912
35	0.79588	0.01406	0.01068	0.00956	0.01406	0.01631	0.00787	0.02137	0.01237	0.03261	0.01012	0.01181	0.00787	0.00675	0.00450	0.00225	0.00562	0.00394	0.00450	0.00787
36	0.01369	0.01295	0.02212	0.68059	0.04842	0.01591	0.04240	0.01847	0.01461	0.01874	0.01383	0.04181	0.01093	0.00771	0.00738	0.00244	0.00961	0.00698	0.00335	0.00807
37	0.01716	0.01961	0.04289	0.03064	0.03799	0.01838	0.67279	0.02328	0.01716	0.02328	0.01471	0.01961	0.01103	0.00613	0.00858	0.00245	0.01225	0.00858	0.00368	0.00980
38	0.01458	0.03760	0.70688	0.02072	0.03146	0.01688	0.02686	0.02302	0.01535	0.02302	0.01304	0.01535	0.00921	0.00691	0.00691	0.00230	0.01074	0.00537	0.00307	0.01074
39	0.01943	0.74891	0.03809	0.01244	0.01866	0.02876	0.01244	0.02177	0.01477	0.01710	0.01011	0.01166	0.00933	0.00622	0.00466	0.00155	0.00777	0.00389	0.00311	0.00933
40	0.03261	0.01237	0.01687	0.01293	0.01856	0.01068	0.01068	0.03543	0.02081	0.70423	0.02868	0.02474	0.01799	0.00900	0.00731	0.00225	0.00619	0.00731	0.00900	0.01237
41	0.01590	0.01590	0.02226	0.01908	0.01908	0.02226	0.01590	0.01749	0.01113	0.01749	0.00954	0.01590	0.00954	0.01272	0.02385	0.00318	0.73123	0.00636	0.00318	0.00795
42	0.01458	0.03760	0.70688	0.02072	0.03146	0.01688	0.02686	0.02302	0.01535	0.02302	0.01304	0.01535	0.00921	0.00691	0.00691	0.00230	0.01074	0.00537	0.00307	0.01074
43	0.01057	0.00705	0.00793	0.00793	0.00793	0.00705	0.00440	0.01057	0.01057	0.01409	0.02290	0.04757	0.02643	0.74454	0.03700	0.00705	0.00705	0.01057	0.00440	0.00440
44	0.00886	0.00633	0.00843	0.01012	0.01054	0.00590	0.00675	0.01012	0.01392	0.01856	0.04006	0.73979	0.04808	0.02277	0.00928	0.00295	0.00422	0.02066	0.00675	0.00590
45	0.01373	0.01292	0.02180	0.72707	0.05006	0.01615	0.02019	0.01857	0.01453	0.01857	0.01292	0.01938	0.00969	0.00727	0.00727	0.00242	0.00969	0.00646	0.00323	0.00807
46	0.01039	0.00776	0.01152	0.01152	0.01277	0.00900	0.00889	0.01288	0.01164	0.01676	0.01961	0.02936	0.01852	0.08352	0.68721	0.01149	0.01895	0.00791	0.00392	0.00640
47	0.01029	0.00743	0.00972	0.00914	0.01086	0.00686	0.00686	0.01372	0.02058	0.02915	0.69536	0.05430	0.06859	0.01486	0.00857	0.00229	0.00343	0.01315	0.00800	0.00686
48	0.00859	0.00736	0.00736	0.00736	0.00982	0.00614	0.00552	0.01043	0.01657	0.01964	0.07364	0.06996	0.69624	0.01841	0.00859	0.00245	0.00368	0.01534	0.00675	0.00614
49	0.01943	0.74891	0.03809	0.01244	0.01866	0.02876	0.01244	0.02177	0.01477	0.01710	0.01011	0.01166	0.00933	0.00622	0.00466	0.00155	0.00777	0.00389	0.00311	0.00933
50	0.03157	0.01383	0.05679	0.01338	0.01930	0.01104	0.01162	0.03471	0.02049	0.66482	0.02777	0.02420	0.01749	0.00888	0.00729	0.00225	0.00645	0.00720	0.00865	0.01228
51	0.01355	0.00678	0.00678	0.00678	0.00847	0.00678	0.00508	0.01694	0.01524	0.02710	0.02371	0.02710	0.01863	0.00847	0.00508	0.00169	0.00339	0.00678	0.78489	0.00678
52	0.01590	0.01590	0.02226	0.01908	0.01908	0.02226	0.01590	0.01749	0.01113	0.01749	0.00954	0.01590	0.00954	0.01272	0.02385	0.00318	0.73123	0.00636	0.00318	0.00795
53	0.02715	0.03464	0.02060	0.01873	0.02247	0.71536	0.01404	0.02903	0.02060	0.01779	0.01124	0.01311	0.00936	0.00749	0.00655	0.00187	0.01311	0.00468	0.00375	0.00843
54	0.01913	0.01570	0.01670	0.01480	0.01906	0.01798	0.01158	0.06793	0.62795	0.05944	0.02899	0.02657	0.02156	0.00977	0.00739	0.00244	0.00587	0.00810	0.00746	0.01158
55	0.01580	0.00894	0.00918	0.00836	0.01071	0.00929	0.00648	0.12196	0.01827	0.03009	0.02271	0.02556	0.01763	0.00851	0.00543	0.00177	0.00412	0.00674	0.66078	0.00767
56	0.00889	0.00642	0.00842	0.00993	0.01051	0.00595	0.00668	0.01026	0.01429	0.01897	0.06371	0.67834	0.08625	0.02226	0.00921	0.00290	0.00416	0.02011	0.00679	0.00595
57	0.01373	0.01292	0.02180	0.72707	0.05006	0.01615	0.02019	0.01857	0.01453	0.01857	0.01292	0.01938	0.00969	0.00727	0.00727	0.00242	0.00969	0.00646	0.00323	0.00807
58	0.00886	0.00633	0.00843	0.01012	0.01054	0.00590	0.00675	0.01012	0.01392	0.01856	0.04006	0.73979	0.04808	0.02277	0.00928	0.00295	0.00422	0.02066	0.00675	0.00590
59	0.01758	0.01669	0.02833	0.04256	0.65417	0.01669	0.02161	0.02183	0.01656	0.02362	0.01531	0.02220	0.01351	0.00737	0.00738	0.00224	0.00851	0.04885	0.00380	0.01120
60	0.01799	0.01727	0.02950	0.04462	0.69919	0.01727	0.02231	0.02231	0.01655	0.02375	0.01367	0.01799	0.01151	0.00648	0.00720	0.00216	0.00864	0.00648	0.00360	0.01151
61	0.00928	0.00700	0.01018	0.01116	0.01194	0.00654	0.04058	0.01079	0.01408	0.01880	0.03878	0.70322	0.04620	0.02193	0.00924	0.00293	0.00463	0.02005	0.00659	0.00610
62	0.01495	0.01527	0.02892	0.46961	0.04499	0.01710	0.23980	0.02012	0.01531	0.02012	0.01341	0.01934	0.01014	0.00706	0.00825	0.00246	0.03395	0.00717	0.00338	0.00865
63	0.01456	0.01413	0.02544	0.34243	0.03730	0.01534	0.20800	0.04301	0.03813	0.02165	0.04120	0.08978	0.03591	0.01046	0.02853	0.00274	0.00964	0.00898	0.00425	0.00850
64	0.01860	0.01994	0.03214	0.05545	0.31869	0.10224	0.24707	0.02372	0.03990	0.02270	0.01410	0.01824	0.01132	0.00685	0.00823	0.00228	0.03742	0.00705	0.00375	0.01031
65	0.43641	0.01422	0.01739	0.16920	0.04630	0.01597	0.08216	0.02154	0.03389	0.05066	0.01515	0.01777	0.03774	0.00743	0.00597	0.00232	0.00726	0.00577	0.00444	0.00843
66	0.17455	0.01793	0.01957	0.21401	0.04841	0.12094	0.04639	0.11865	0.07411	0.04852	0.01688	0.01920	0.03490	0.00799	0.00673	0.00226	0.00859	0.00629	0.00483	0.00925
67	0.17494	0.14267	0.13098	0.07864	0.16978	0.08296	0.01657	0.04431	0.01579	0.02375	0.01240	0.01545	0.01007	0.00923	0.04212	0.00258	0.00924	0.00526	0.00374	0.00951

[dist]
# distance from previous block
# <min> <max>
2	22

[block]
# block no. 6 follows, 28 sequences, length 68
# corresponding to MSA columns:
# 215-282
name=unknown_G
#
# <colnr> <probs for GDERKNQSTAVLIFYWHMCP>
#	G	D	E	R	K	N	Q	S	T	A	V	L	I	F	Y	W	H	M	C	P
0	0.21650	0.02155	0.01658	0.01429	0.01873	0.25341	0.01120	0.11917	0.08536	0.05742	0.01521	0.01619	0.01166	0.00768	0.00610	0.00202	0.00840	0.00531	0.04734	0.06589
1	0.52092	0.01602	0.01376	0.01187	0.01650	0.04045	0.00963	0.13262	0.12243	0.03397	0.01444	0.01520	0.01092	0.00759	0.00548	0.00226	0.00628	0.00507	0.00539	0.00921
2	0.02555	0.06612	0.04176	0.01719	0.02199	0.34477	0.01385	0.21985	0.10657	0.04953	0.01588	0.01648	0.01210	0.00811	0.00680	0.00204	0.01011	0.00573	0.00535	0.01021
3	0.02095	0.01704	0.01805	0.01537	0.02000	0.01942	0.01220	0.22983	0.49018	0.03504	0.02594	0.02422	0.01924	0.00952	0.00736	0.00238	0.00643	0.00772	0.00736	0.01176
4	0.01092	0.00894	0.04080	0.00944	0.01184	0.00730	0.00762	0.01423	0.01954	0.05057	0.51515	0.05469	0.19160	0.01502	0.00846	0.00232	0.00391	0.01304	0.00756	0.00708
5	0.01029	0.00743	0.00972	0.00914	0.01086	0.00686	0.00686	0.01372	0.02058	0.02915	0.69536	0.05430	0.06859	0.01486	0.00857	0.00229	0.00343	0.01315	0.00800	0.00686
6	0.01757	0.01674	0.02849	0.07033	0.64624	0.01687	0.02180	0.02187	0.01648	0.02346	0.01463	0.02060	0.01265	0.00705	0.00731	0.00222	0.00860	0.03218	0.00371	0.01119
7	0.01531	0.11416	0.58275	0.02057	0.03056	0.01830	0.07475	0.02290	0.01542	0.02239	0.01285	0.01527	0.00936	0.00677	0.00679	0.00223	0.01053	0.00545	0.00312	0.01052
8	0.00859	0.00736	0.00736	0.00736	0.00982	0.00614	0.00552	0.01043	0.01657	0.01964	0.07364	0.06996	0.69624	0.01841	0.00859	0.00245	0.00368	0.01534	0.00675	0.00614
9	0.01057	0.00705	0.00793	0.00793	0.00793	0.00705	0.00440	0.01057	0.01057	0.01409	0.02290	0.04757	0.02643	0.74454	0.03700	0.00705	0.00705	0.01057	0.00440	0.00440
10	0.79588	0.01406	0.01068	0.00956	0.01406	0.01631	0.00787	0.02137	0.01237	0.03261	0.01012	0.01181	0.00787	0.00675	0.00450	0.00225	0.00562	0.00394	0.00450	0.00787
11	0.79588	0.01406	0.01068	0.00956	0.01406	0.01631	0.00787	0.02137	0.01237	0.03261	0.01012	0.01181	0.00787	0.00675	0.00450	0.00225	0.00562	0.00394	0.00450	0.00787
12	0.03129	0.01304	0.01711	0.01327	0.01880	0.01187	0.01091	0.07058	0.06958	0.61962	0.02813	0.02452	0.01799	0.00904	0.00731	0.00226	0.00625	0.00733	0.00879	0.01231
13	0.00898	0.00642	0.00858	0.01027	0.01075	0.00601	0.00697	0.01034	0.01404	0.01870	0.03999	0.71025	0.04780	0.02265	0.00931	0.00297	0.00433	0.04894	0.00675	0.00594
14	0.01716	0.01961	0.04289	0.03064	0.03799	0.01838	0.67279	0.02328	0.01716	0.02328	0.01471	0.01961	0.01103	0.00613	0.00858	0.00245	0.01225	0.00858	0.00368	0.00980
15	0.02763	0.02036	0.02182	0.01672	0.02254	0.02254	0.01382	0.67496	0.03418	0.04581	0.01745	0.01745	0.01236	0.00873	0.00727	0.00218	0.00800	0.00654	0.00727	0.01236
16	0.01716	0.01961	0.04289	0.03064	0.03799	0.01838	0.67279	0.02328	0.01716	0.02328	0.01471	0.01961	0.01103	0.00613	0.00858	0.00245	0.01225	0.00858	0.00368	0.00980
17	0.01029	0.00743	0.00972	0.00914	0.01086	0.00686	0.00686	0.01372	0.02058	0.02915	0.69536	0.05430	0.06859	0.01486	0.00857	0.00229	0.00343	0.01315	0.00800	0.00686
18	0.01799	0.01727	0.02950	0.04462	0.69919	0.01727	0.02231	0.02231	0.01655	0.02375	0.01367	0.01799	0.01151	0.00648	0.00720	0.00216	0.00864	0.00648	0.00360	0.01151
19	0.01355	0.00678	0.00678	0.00678	0.00847	0.00678	0.00508	0.01694	0.01524	0.02710	0.02371	0.02710	0.01863	0.00847	0.00508	0.00169	0.00339	0.00678	0.78489	0.00678
20	0.00886	0.00633	0.00843	0.01012	0.01054	0.00590	0.00675	0.01012	0.01392	0.01856	0.04006	0.73979	0.04808	0.02277	0.00928	0.00295	0.00422	0.02066	0.00675	0.00590
21	0.07663	0.01800	0.01913	0.01487	0.02022	0.01961	0.01222	0.51633	0.02957	0.06345	0.01775	0.01816	0.01280	0.00843	0.00679	0.00209	0.00721	0.00632	0.08404	0.04639
22	0.01355	0.00678	0.00678	0.00678	0.00847	0.00678	0.00508	0.01694	0.01524	0.02710	0.02371	0.02710	0.01863	0.00847	0.00508	0.00169	0.00339	0.00678	0.78489	0.00678
23	0.73648	0.01494	0.01151	0.01028	0.01458	0.04414	0.00842	0.02153	0.01265	0.03147	0.01014	0.01201	0.00799	0.00700	0.00530	0.00227	0.03293	0.00406	0.00442	0.00790
24	0.05439	0.01515	0.01749	0.01591	0.06891	0.07421	0.01178	0.09853	0.07791	0.33584	0.05940	0.02415	0.01890	0.01347	0.07737	0.00316	0.00827	0.00725	0.00709	0.01084
25	0.01479	0.06862	0.67771	0.02036	0.03090	0.01740	0.02623	0.02297	0.01532	0.02276	0.01292	0.01519	0.00921	0.00688	0.00681	0.00227	0.01061	0.00531	0.00307	0.01068
26	0.02763	0.02036	0.02182	0.01672	0.02254	0.02254	0.01382	0.67496	0.03418	0.04581	0.01745	0.01745	0.01236	0.00873	0.00727	0.00218	0.00800	0.00654	0.00727	0.01236
27	0.02715	0.03464	0.02060	0.01873	0.02247	0.71536	0.01404	0.02903	0.02060	0.01779	0.01124	0.01311	0.00936	0.00749	0.00655	0.00187	0.01311	0.00468	0.00375	0.00843
28	0.01799	0.01727	0.02950	0.04462	0.69919	0.01727	0.02231	0.02231	0.01655	0.02375	0.01367	0.01799	0.01151	0.00648	0.00720	0.00216	0.00864	0.00648	0.00360	0.01151
29	0.01475	0.04077	0.01236	0.01011	0.01281	0.00892	0.00790	0.01871	0.04904	0.14294	0.50038	0.04684	0.07888	0.01341	0.00814	0.00226	0.00420	0.01162	0.00789	0.00808
30	0.01943	0.74891	0.03809	0.01244	0.01866	0.02876	0.01244	0.02177	0.01477	0.01710	0.01011	0.01166	0.00933	0.00622	0.00466	0.00155	0.00777	0.00389	0.00311	0.00933
31	0.01484	0.07610	0.67068	0.02027	0.03077	0.01752	0.02608	0.02295	0.01532	0.02270	0.01289	0.01515	0.00921	0.00687	0.00678	0.00226	0.01058	0.00529	0.00307	0.01067
32	0.00859	0.00736	0.00736	0.00736	0.00982	0.00614	0.00552	0.01043	0.01657	0.01964	0.07364	0.06996	0.69624	0.01841	0.00859	0.00245	0.00368	0.01534	0.00675	0.00614
33	0.01171	0.00837	0.01171	0.01339	0.01506	0.00837	0.01171	0.01506	0.01673	0.02175	0.03849	0.08199	0.04183	0.02008	0.01004	0.00335	0.00669	0.65027	0.00669	0.00669
34	0.01943	0.74891	0.03809	0.01244	0.01866	0.02876	0.01244	0.02177	0.01477	0.01710	0.01011	0.01166	0.00933	0.00622	0.00466	0.00155	0.00777	0.00389	0.00311	0.00933
35	0.00865	0.00733	0.00747	0.00751	0.00987	0.00615	0.00560	0.01053	0.01661	0.01990	0.09231	0.09013	0.65635	0.01843	0.00861	0.00246	0.00369	0.01544	0.00679	0.00615
36	0.02686	0.01962	0.02099	0.01618	0.02177	0.02168	0.01334	0.63902	0.03314	0.04479	0.01779	0.01798	0.01270	0.00871	0.00715	0.00215	0.00775	0.00656	0.04973	0.01206
37	0.00886	0.00633	0.00843	0.01012	0.01054	0.00590	0.00675	0.01012	0.01392	0.01856	0.04006	0.73979	0.04808	0.02277	0.00928	0.00295	0.00422	0.02066	0.00675	0.00590
38	0.01834	0.58930	0.18816	0.01430	0.02153	0.02610	0.01567	0.02205	0.01490	0.01843	0.01077	0.01249	0.00930	0.00637	0.00517	0.00172	0.00844	0.00422	0.00310	0.00965
39	0.00975	0.00741	0.00897	0.00858	0.01053	0.00663	0.00644	0.01268	0.01931	0.02615	0.49926	0.05924	0.26656	0.01598	0.00858	0.00234	0.00351	0.01384	0.00761	0.00663
40	0.01105	0.00789	0.00981	0.01061	0.01155	0.00779	0.00732	0.07651	0.01559	0.02080	0.03552	0.55485	0.04148	0.11546	0.01272	0.00342	0.00505	0.03970	0.00649	0.00638
41	0.01793	0.01952	0.02311	0.01962	0.02101	0.15850	0.07174	0.01996	0.01365	0.01810	0.01165	0.04705	0.01131	0.01155	0.01848	0.00285	0.49552	0.00684	0.00349	0.00812
42	0.02612	0.01904	0.02039	0.01580	0.02114	0.02101	0.01293	0.61025	0.03212	0.04342	0.01803	0.01928	0.01331	0.04058	0.00844	0.00237	0.00771	0.00673	0.04961	0.01171
43	0.14068	0.02437	0.01901	0.01600	0.02066	0.29634	0.01263	0.27611	0.02444	0.05672	0.01452	0.01548	0.01092	0.00794	0.00651	0.00206	0.00946	0.00545	0.03075	0.00995
44	0.02763	0.02036	0.02182	0.01672	0.02254	0.02254	0.01382	0.67496	0.03418	0.04581	0.01745	0.01745	0.01236	0.00873	0.00727	0.00218	0.00800	0.00654	0.00727	0.01236
45	0.00913	0.00660	0.00863	0.00978	0.01057	0.00611	0.00670	0.01086	0.01540	0.02075	0.17374	0.56561	0.08728	0.02094	0.00910	0.00279	0.00403	0.01886	0.00700	0.00611
46	0.01737	0.01676	0.02896	0.13850	0.58346	0.01716	0.04751	0.02183	0.01630	0.02301	0.01361	0.01825	0.01124	0.00657	0.00726	0.00221	0.00892	0.00656	0.00355	0.01097
47	0.01659	0.30188	0.40667	0.01838	0.02718	0.02143	0.07054	0.02257	0.01527	0.02083	0.01207	0.01429	0.00939	0.00659	0.00620	0.00203	0.00975	0.00506	0.00313	0.01014
48	0.03072	0.01399	0.01761	0.01356	0.01908	0.01325	0.01118	0.18156	0.02366	0.52649	0.02591	0.02316	0.01673	0.00891	0.00721	0.00221	0.00649	0.00711	0.03902	0.01215
49	0.01022	0.00728	0.00989	0.01150	0.01246	0.00706	0.00888	0.01236	0.01504	0.01980	0.03861	0.41364	0.04432	0.05304	0.01083	0.00331	0.00545	0.30350	0.00662	0.00619
50	0.01695	0.01875	0.03807	0.02911	0.07035	0.01909	0.50712	0.02208	0.01593	0.02216	0.01363	0.01879	0.01076	0.00745	0.01153	0.00258	0.15452	0.00802	0.00357	0.00953
51	0.01752	0.01714	0.02756	0.18189	0.53825	0.04728	0.02152	0.02184	0.01632	0.02244	0.01341	0.01806	0.01105	0.00668	0.00718	0.00220	0.00904	0.00640	0.00353	0.01068
52	0.01057	0.00705	0.00793	0.00793	0.00793	0.00705	0.00440	0.01057	0.01057	0.01409	0.02290	0.04757	0.02643	0.74454	0.03700	0.00705	0.00705	0.01057	0.00440	0.00440
53	0.01057	0.00705	0.00793	0.00793	0.00793	0.00705	0.00440	0.01057	0.01057	0.01409	0.02290	0.04757	0.02643	0.74454	0.03700	0.00705	0.00705	0.01057	0.00440	0.00440
54	0.01695	0.01921	0.04164	0.07215	0.03871	0.01825	0.63389	0.02300	0.01700	0.02300	0.01460	0.01959	0.01095	0.00620	0.00850	0.00245	0.01210	0.00845	0.00365	0.00970
55	0.01807	0.01359	0.01586	0.01174	0.01777	0.01136	0.00942	0.10858	0.01813	0.08714	0.01612	0.04787	0.01325	0.00692	0.00598	0.00141	0.00576	0.00559	0.00523	0.58019
56	0.01458	0.03760	0.70688	0.02072	0.03146	0.01688	0.02686	0.02302	0.01535	0.02302	0.01304	0.01535	0.00921	0.00691	0.00691	0.00230	0.01074	0.00537	0.00307	0.01074
57	0.00954	0.00736	0.00870	0.00846	0.01042	0.00653	0.00631	0.01223	0.01867	0.02484	0.41529	0.08806	0.32410	0.01663	0.00861	0.00238	0.00356	0.01434	0.00744	0.00653
58	0.00886	0.00633	0.00843	0.01012	0.01054	0.00590	0.00675	0.01012	0.01392	0.01856	0.04006	0.73979	0.04808	0.02277	0.00928	0.00295	0.00422	0.02066	0.00675	0.00590
59	0.01917	0.71042	0.07428	0.01289	0.01935	0.02812	0.01322	0.02183	0.01480	0.01742	0.01026	0.01186	0.00932	0.00626	0.00479	0.00160	0.00793	0.00397	0.00311	0.00940
60	0.76222	0.04592	0.01187	0.00968	0.01426	0.01685	0.00807	0.02138	0.01247	0.03194	0.01012	0.01180	0.00794	0.00672	0.00451	0.00222	0.00572	0.00393	0.00444	0.00794
61	0.02651	0.03161	0.02236	0.01930	0.02359	0.57054	0.06102	0.11726	0.02222	0.02203	0.01234	0.01417	0.00989	0.00756	0.00680	0.00196	0.01235	0.00522	0.00422	0.00907
62	0.02715	0.03464	0.02060	0.01873	0.02247	0.71536	0.01404	0.02903	0.02060	0.01779	0.01124	0.01311	0.00936	0.00749	0.00655	0.00187	0.01311	0.00468	0.00375	0.00843
63	0.01799	0.01727	0.02950	0.04462	0.69919	0.01727	0.02231	0.02231	0.01655	0.02375	0.01367	0.01799	0.01151	0.00648	0.00720	0.00216	0.00864	0.00648	0.00360	0.01151
64	0.01038	0.00779	0.01168	0.01168	0.01298	0.00909	0.00909	0.01298	0.01168	0.01687	0.01947	0.02856	0.01817	0.05452	0.71573	0.01168	0.01947	0.00779	0.00389	0.00649
65	0.01726	0.01653	0.02819	0.16100	0.58849	0.01708	0.02195	0.02167	0.01621	0.02287	0.01354	0.01823	0.01120	0.00661	0.00721	0.00220	0.00882	0.00647	0.00354	0.01093
66	0.01355	0.00678	0.00678	0.00678	0.00847	0.00678	0.00508	0.01694	0.01524	0.02710	0.02371	0.02710	0.01863	0.00847	0.00508	0.00169	0.00339	0.00678	0.78489	0.00678
67	0.01675	0.35549	0.40799	0.01702	0.02574	0.02219	0.02041	0.02246	0.01509	0.02038	0.01173	0.01370	0.00926	0.00660	0.00590	0.00197	0.00942	0.00471	0.00309	0.01011

[dist]
# distance from previous block
# <min> <max>
0	6

[block]
# block no. 7 follows, 28 sequences, length 86
# corresponding to MSA columns:
# 289-344,347-376
name=unknown_H
#
# <colnr> <probs for GDERKNQSTAVLIFYWHMCP>
#	G	D	E	R	K	N	Q	S	T	A	V	L	I	F	Y	W	H	M	C	P
0	0.05011	0.02681	0.02071	0.07846	0.05144	0.39719	0.01446	0.17545	0.07109	0.02588	0.01419	0.01580	0.01104	0.00786	0.00680	0.00206	0.01070	0.00556	0.00479	0.00962
1	0.01355	0.00678	0.00678	0.00678	0.00847	0.00678	0.00508	0.01694	0.01524	0.02710	0.02371	0.02710	0.01863	0.00847	0.00508	0.00169	0.00339	0.00678	0.78489	0.00678
2	0.01843	0.01993	0.07517	0.04109	0.60413	0.06821	0.02202	0.02285	0.01676	0.02326	0.01345	0.01745	0.01120	0.00658	0.00713	0.00215	0.00911	0.00627	0.00357	0.01124
3	0.01781	0.01836	0.06571	0.04334	0.66350	0.01725	0.02255	0.02235	0.01649	0.02371	0.01364	0.01785	0.01139	0.00650	0.00718	0.00217	0.00875	0.00642	0.00357	0.01147
4	0.00886	0.00633	0.00843	0.01012	0.01054	0.00590	0.00675	0.01012	0.01392	0.01856	0.04006	0.73979	0.04808	0.02277	0.00928	0.00295	0.00422	0.02066	0.00675	0.00590
5	0.01029	0.00743	0.00972	0.00914	0.01086	0.00686	0.00686	0.01372	0.02058	0.02915	0.69536	0.05430	0.06859	0.01486	0.00857	0.00229	0.00343	0.01315	0.00800	0.00686
6	0.02136	0.01302	0.01540	0.01293	0.01720	0.01326	0.01026	0.07339	0.26178	0.23874	0.17320	0.03114	0.02986	0.01041	0.00753	0.00228	0.00551	0.00873	0.00787	0.04614
7	0.03261	0.01237	0.01687	0.01293	0.01856	0.01068	0.01068	0.03543	0.02081	0.70423	0.02868	0.02474	0.01799	0.00900	0.00731	0.00225	0.00619	0.00731	0.00900	0.01237
8	0.01492	0.01414	0.02396	0.53547	0.23230	0.01646	0.02078	0.01962	0.01510	0.02003	0.01313	0.01899	0.01020	0.00705	0.00725	0.00235	0.00939	0.00646	0.00333	0.00904
9	0.01799	0.01727	0.02950	0.04462	0.69919	0.01727	0.02231	0.02231	0.01655	0.02375	0.01367	0.01799	0.01151	0.00648	0.00720	0.00216	0.00864	0.00648	0.00360	0.01151
10	0.01716	0.01961	0.04289	0.03064	0.03799	0.01838	0.67279	0.02328	0.01716	0.02328	0.01471	0.01961	0.01103	0.00613	0.00858	0.00245	0.01225	0.00858	0.00368	0.00980
11	0.01150	0.00822	0.01147	0.01315	0.01473	0.00819	0.01135	0.01470	0.01653	0.02152	0.03860	0.13004	0.04229	0.02028	0.00998	0.00332	0.00651	0.60428	0.00670	0.00664
12	0.02763	0.02036	0.02182	0.01672	0.02254	0.02254	0.01382	0.67496	0.03418	0.04581	0.01745	0.01745	0.01236	0.00873	0.00727	0.00218	0.00800	0.00654	0.00727	0.01236
13	0.00907	0.00733	0.00807	0.00799	0.01014	0.00633	0.00595	0.01133	0.01755	0.02222	0.24431	0.09874	0.49021	0.01764	0.00862	0.00243	0.00364	0.01500	0.00710	0.00633
14	0.00979	0.00747	0.01028	0.06286	0.01383	0.00773	0.00816	0.01139	0.01399	0.01884	0.07044	0.57324	0.04301	0.05631	0.01133	0.00309	0.04796	0.01788	0.00623	0.00616
15	0.01707	0.02021	0.06515	0.03030	0.03777	0.01833	0.65114	0.02328	0.01710	0.02328	0.01465	0.01947	0.01097	0.00615	0.00852	0.00245	0.01220	0.00847	0.00366	0.00984
16	0.03245	0.01263	0.01703	0.01306	0.01868	0.01107	0.01078	0.05603	0.02124	0.68302	0.02832	0.02451	0.01781	0.00899	0.00731	0.00225	0.00624	0.00729	0.00894	0.01237
17	0.01507	0.01292	0.01507	0.01077	0.01723	0.00969	0.00861	0.01830	0.01507	0.02369	0.01292	0.01507	0.01077	0.00538	0.00538	0.00108	0.00538	0.00431	0.00431	0.78898
18	0.02715	0.03464	0.02060	0.01873	0.02247	0.71536	0.01404	0.02903	0.02060	0.01779	0.01124	0.01311	0.00936	0.00749	0.00655	0.00187	0.01311	0.00468	0.00375	0.00843
19	0.00944	0.00740	0.00854	0.00825	0.01034	0.00650	0.00619	0.01207	0.01857	0.02439	0.38419	0.06213	0.38273	0.01664	0.00858	0.00237	0.00356	0.01424	0.00738	0.00650
20	0.00886	0.00633	0.00843	0.01012	0.01054	0.00590	0.00675	0.01012	0.01392	0.01856	0.04006	0.73979	0.04808	0.02277	0.00928	0.00295	0.00422	0.02066	0.00675	0.00590
21	0.01029	0.00743	0.00972	0.00914	0.01086	0.00686	0.00686	0.01372	0.02058	0.02915	0.69536	0.05430	0.06859	0.01486	0.00857	0.00229	0.00343	0.01315	0.00800	0.00686
22	0.00867	0.00737	0.00747	0.00744	0.00987	0.00617	0.00558	0.01058	0.01675	0.02007	0.10189	0.06924	0.66772	0.01825	0.00859	0.00245	0.00367	0.01524	0.00681	0.00617
23	0.01716	0.01961	0.04289	0.03064	0.03799	0.01838	0.67279	0.02328	0.01716	0.02328	0.01471	0.01961	0.01103	0.00613	0.00858	0.00245	0.01225	0.00858	0.00368	0.00980
24	0.00894	0.00636	0.00841	0.01001	0.01041	0.00596	0.00663	0.01014	0.01375	0.01834	0.03922	0.70556	0.04701	0.05847	0.01065	0.00315	0.00436	0.02017	0.00663	0.00583
25	0.01799	0.01727	0.02950	0.04462	0.69919	0.01727	0.02231	0.02231	0.01655	0.02375	0.01367	0.01799	0.01151	0.00648	0.00720	0.00216	0.00864	0.00648	0.00360	0.01151
26	0.01373	0.01292	0.02180	0.72707	0.05006	0.01615	0.02019	0.01857	0.01453	0.01857	0.01292	0.01938	0.00969	0.00727	0.00727	0.00242	0.00969	0.00646	0.00323	0.00807
27	0.01057	0.00705	0.00793	0.00793	0.00793	0.00705	0.00440	0.01057	0.01057	0.01409	0.02290	0.04757	0.02643	0.74454	0.03700	0.00705	0.00705	0.01057	0.00440	0.00440
28	0.06800	0.03599	0.65927	0.01996	0.03027	0.01684	0.02556	0.02291	0.01514	0.02368	0.01284	0.01510	0.00912	0.00690	0.00674	0.00230	0.01039	0.00527	0.00317	0.01055
29	0.79588	0.01406	0.01068	0.00956	0.01406	0.01631	0.00787	0.02137	0.01237	0.03261	0.01012	0.01181	0.00787	0.00675	0.00450	0.00225	0.00562	0.00394	0.00450	0.00787
30	0.00903	0.00758	0.00789	0.00803	0.01030	0.00662	0.00593	0.01160	0.04479	0.01996	0.06752	0.15273	0.58563	0.01860	0.00863	0.00252	0.00384	0.01571	0.00678	0.00634
31	0.01002	0.00706	0.00920	0.00969	0.01020	0.00733	0.00649	0.01116	0.01187	0.01622	0.02685	0.24247	0.03023	0.32866	0.23230	0.00725	0.00995	0.01266	0.00493	0.00546
32	0.79588	0.01406	0.01068	0.00956	0.01406	0.01631	0.00787	0.02137	0.01237	0.03261	0.01012	0.01181	0.00787	0.00675	0.00450	0.00225	0.00562	0.00394	0.00450	0.00787
33	0.73529	0.01392	0.01117	0.00983	0.01441	0.01586	0.00810	0.02248	0.01304	0.08593	0.01159	0.01284	0.00868	0.00693	0.00472	0.00225	0.00567	0.00420	0.00486	0.00823
34	0.01799	0.01727	0.02950	0.04462	0.69919	0.01727	0.02231	0.02231	0.01655	0.02375	0.01367	0.01799	0.01151	0.00648	0.00720	0.00216	0.00864	0.00648	0.00360	0.01151
35	0.00859	0.00736	0.00736	0.00736	0.00982	0.00614	0.00552	0.01043	0.01657	0.01964	0.07364	0.06996	0.69624	0.01841	0.00859	0.00245	0.00368	0.01534	0.00675	0.00614
36	0.01923	0.71857	0.06662	0.01279	0.01920	0.02826	0.01305	0.02182	0.01479	0.01735	0.01023	0.01182	0.00932	0.00625	0.00476	0.00159	0.00790	0.00395	0.00311	0.00939
37	0.01749	0.01676	0.02859	0.12547	0.62229	0.01714	0.02206	0.02187	0.01631	0.02313	0.01358	0.01816	0.01130	0.00657	0.00720	0.00219	0.00876	0.00647	0.00355	0.01111
38	0.02476	0.01276	0.01599	0.01256	0.01765	0.01150	0.01012	0.12037	0.02082	0.36659	0.05536	0.09958	0.02123	0.00996	0.00718	0.00208	0.00595	0.00828	0.00751	0.16975
39	0.00875	0.00737	0.00759	0.00753	0.00992	0.00620	0.00565	0.01074	0.01695	0.02053	0.13229	0.06848	0.63704	0.01807	0.00859	0.00244	0.00366	0.01513	0.00687	0.00620
40	0.05452	0.01488	0.01792	0.01403	0.01950	0.01480	0.01151	0.20335	0.09790	0.43459	0.02523	0.02267	0.01665	0.00895	0.00722	0.00226	0.00660	0.00710	0.00822	0.01213
41	0.01056	0.00708	0.00809	0.00809	0.00814	0.00713	0.00461	0.01067	0.01062	0.01421	0.02276	0.04675	0.02607	0.71493	0.06612	0.00725	0.00758	0.01045	0.00438	0.00449
42	0.15432	0.10176	0.51850	0.01793	0.02713	0.01792	0.02209	0.02261	0.01476	0.02416	0.01224	0.01436	0.00898	0.00681	0.00626	0.00222	0.00954	0.00497	0.00333	0.01010
