[name]
unknown

[dist]
# distance from previous block
# <min> <max>
2	72

[block]
# block no. 0 follows, 28 sequences, length 9
# corresponding to MSA columns:
# 75-83
name=unknown_A
#
# <colnr> <probs for GDERKNQSTAVLIFYWHMCP>
#	G	D	E	R	K	N	Q	S	T	A	V	L	I	F	Y	W	H	M	C	P
0	0.01400	0.01122	0.01469	0.01320	0.01560	0.04466	0.06521	0.01795	0.06622	0.07133	0.19898	0.22195	0.06528	0.03399	0.01024	0.00267	0.05468	0.04366	0.00650	0.02796
1	0.05919	0.08284	0.01823	0.01358	0.01758	0.06551	0.01103	0.19942	0.10121	0.07651	0.02864	0.02947	0.14528	0.04682	0.00999	0.00252	0.06845	0.00817	0.00606	0.00952
2	0.43254	0.04888	0.01231	0.01029	0.01391	0.04152	0.00824	0.04006	0.01434	0.04808	0.01979	0.10363	0.05508	0.01296	0.05613	0.00293	0.00667	0.00725	0.05767	0.00774
3	0.01912	0.01613	0.01601	0.01610	0.10292	0.12604	0.01096	0.13365	0.04544	0.02804	0.01808	0.02037	0.01420	0.00773	0.00610	0.00181	0.00678	0.00608	0.28799	0.11645
4	0.01790	0.01774	0.02758	0.15862	0.54213	0.06548	0.02138	0.02214	0.01649	0.02246	0.01338	0.01789	0.01106	0.00668	0.00716	0.00218	0.00912	0.00635	0.00355	0.01072
5	0.01716	0.01642	0.02800	0.17780	0.57252	0.01705	0.02189	0.02158	0.01616	0.02274	0.01353	0.01826	0.01116	0.00663	0.00721	0.00221	0.00884	0.00647	0.00353	0.01084
6	0.01373	0.01292	0.02180	0.72707	0.05006	0.01615	0.02019	0.01857	0.01453	0.01857	0.01292	0.01938	0.00969	0.00727	0.00727	0.00242	0.00969	0.00646	0.00323	0.00807
7	0.01672	0.01598	0.02721	0.24752	0.50620	0.01694	0.02168	0.02120	0.01595	0.02221	0.01345	0.01840	0.01097	0.00671	0.00722	0.00224	0.00895	0.00647	0.00349	0.01049
8	0.11356	0.01307	0.02038	0.63549	0.04547	0.01617	0.01862	0.01893	0.01426	0.02036	0.01256	0.01841	0.00946	0.00720	0.00691	0.00240	0.00917	0.00614	0.00339	0.00805

[dist]
# distance from previous block
# <min> <max>
2	5

[block]
# block no. 1 follows, 28 sequences, length 18
# corresponding to MSA columns:
# 89-106
name=unknown_B
#
# <colnr> <probs for GDERKNQSTAVLIFYWHMCP>
#	G	D	E	R	K	N	Q	S	T	A	V	L	I	F	Y	W	H	M	C	P
0	0.01402	0.01303	0.02178	0.56083	0.14013	0.01544	0.01924	0.01865	0.01540	0.02032	0.07735	0.02247	0.01550	0.00787	0.00738	0.00237	0.00895	0.00709	0.00373	0.00846
1	0.01195	0.00818	0.01051	0.00970	0.01171	0.00770	0.00733	0.04522	0.02090	0.05723	0.60507	0.08407	0.06291	0.01471	0.00849	0.00231	0.00379	0.01296	0.00795	0.00730
2	0.01056	0.00708	0.00812	0.00812	0.00818	0.00715	0.00464	0.01069	0.01063	0.01423	0.02273	0.04661	0.02601	0.70984	0.07113	0.00728	0.00767	0.01043	0.00438	0.00451
3	0.04944	0.01492	0.02432	0.40673	0.29962	0.01681	0.02026	0.04283	0.01590	0.02213	0.01325	0.01845	0.01041	0.00699	0.00712	0.00230	0.00905	0.00636	0.00357	0.00955
4	0.01031	0.00694	0.00801	0.00826	0.00833	0.00687	0.00476	0.01050	0.01108	0.01478	0.02553	0.15334	0.02974	0.63425	0.03276	0.00642	0.00661	0.01211	0.00476	0.00463
5	0.01777	0.01705	0.02911	0.07971	0.66581	0.01721	0.02220	0.02212	0.01645	0.02348	0.01363	0.01806	0.01142	0.00652	0.00720	0.00217	0.00869	0.00648	0.00358	0.01134
6	0.02256	0.02083	0.01896	0.01745	0.05735	0.19016	0.01294	0.15427	0.30367	0.06389	0.04682	0.02224	0.01811	0.00902	0.00719	0.00223	0.00808	0.00707	0.00637	0.01078
7	0.01057	0.00705	0.00793	0.00793	0.00793	0.00705	0.00440	0.01057	0.01057	0.01409	0.02290	0.04757	0.02643	0.74454	0.03700	0.00705	0.00705	0.01057	0.00440	0.00440
8	0.72042	0.01364	0.01084	0.00961	0.01405	0.01558	0.00790	0.02191	0.01295	0.06791	0.01171	0.01318	0.00889	0.00694	0.00467	0.00222	0.00555	0.00424	0.03972	0.00806
9	0.01484	0.07649	0.67031	0.02027	0.03076	0.01753	0.02607	0.02295	0.01532	0.02270	0.01288	0.01515	0.00921	0.00687	0.00678	0.00226	0.01058	0.00529	0.00307	0.01067
10	0.02013	0.02195	0.02775	0.04883	0.04965	0.20107	0.24100	0.06715	0.07750	0.02352	0.01471	0.01763	0.01152	0.00727	0.00813	0.00214	0.04601	0.00662	0.00429	0.10310
11	0.79588	0.01406	0.01068	0.00956	0.01406	0.01631	0.00787	0.02137	0.01237	0.03261	0.01012	0.01181	0.00787	0.00675	0.00450	0.00225	0.00562	0.00394	0.00450	0.00787
12	0.01190	0.00912	0.01248	0.01186	0.01273	0.01102	0.00910	0.01396	0.01184	0.01783	0.01866	0.02917	0.01796	0.15923	0.37249	0.00794	0.15459	0.00786	0.10383	0.00645
13	0.01507	0.01292	0.01507	0.01077	0.01723	0.00969	0.00861	0.01830	0.01507	0.02369	0.01292	0.01507	0.01077	0.00538	0.00538	0.00108	0.00538	0.00431	0.00431	0.78898
14	0.01883	0.01000	0.01258	0.01078	0.01426	0.00922	0.00848	0.02346	0.08520	0.27126	0.29059	0.04347	0.14583	0.01282	0.00801	0.00232	0.00469	0.01091	0.00810	0.00919
15	0.05601	0.03230	0.55429	0.02005	0.02945	0.01615	0.07982	0.02204	0.01545	0.02334	0.01702	0.02046	0.04666	0.00784	0.00711	0.00235	0.01010	0.02592	0.00350	0.01014
16	0.01144	0.00782	0.00912	0.00919	0.00972	0.00790	0.00593	0.04469	0.01276	0.01695	0.02580	0.10341	0.02921	0.56571	0.03016	0.00605	0.00684	0.08712	0.00500	0.00519
17	0.08812	0.23879	0.02096	0.01310	0.03817	0.18019	0.01047	0.02022	0.01691	0.02104	0.08943	0.02843	0.14893	0.00989	0.00633	0.00196	0.00742	0.00742	0.04414	0.00807

[dist]
# distance from previous block
# <min> <max>
1	7

[block]
# block no. 2 follows, 28 sequences, length 18
# corresponding to MSA columns:
# 114-131
name=unknown_C
#
# <colnr> <probs for GDERKNQSTAVLIFYWHMCP>
#	G	D	E	R	K	N	Q	S	T	A	V	L	I	F	Y	W	H	M	C	P
0	0.02462	0.02012	0.01972	0.05582	0.02253	0.12951	0.01297	0.36328	0.05464	0.07674	0.01707	0.01777	0.01252	0.00808	0.00685	0.00201	0.00821	0.00609	0.03313	0.10832
1	0.01057	0.00705	0.00793	0.00793	0.00793	0.00705	0.00440	0.01057	0.01057	0.01409	0.02290	0.04757	0.02643	0.74454	0.03700	0.00705	0.00705	0.01057	0.00440	0.00440
2	0.01391	0.06062	0.08742	0.47419	0.03925	0.01546	0.03812	0.01831	0.01448	0.01927	0.01512	0.06431	0.01271	0.00898	0.00807	0.03781	0.00890	0.00716	0.04788	0.00803
3	0.01683	0.21478	0.23644	0.02185	0.05803	0.02117	0.18119	0.02191	0.01508	0.02076	0.01220	0.01564	0.00984	0.00737	0.00924	0.00227	0.11638	0.00597	0.00327	0.00976
4	0.02715	0.03464	0.02060	0.01873	0.02247	0.71536	0.01404	0.02903	0.02060	0.01779	0.01124	0.01311	0.00936	0.00749	0.00655	0.00187	0.01311	0.00468	0.00375	0.00843
5	0.01007	0.00726	0.00952	0.00929	0.01081	0.00671	0.00684	0.01317	0.01957	0.02754	0.59598	0.15826	0.06548	0.01606	0.00868	0.00239	0.00355	0.01429	0.00781	0.00671
6	0.08491	0.02246	0.16334	0.10570	0.26728	0.10347	0.04011	0.02401	0.01664	0.08409	0.01424	0.01713	0.01083	0.00702	0.00689	0.00221	0.00938	0.00595	0.00403	0.01031
7	0.02595	0.01230	0.01742	0.01737	0.12052	0.01126	0.01186	0.02955	0.04929	0.46115	0.02826	0.13778	0.02200	0.01085	0.00761	0.00236	0.00622	0.00935	0.00775	0.01117
8	0.00886	0.00633	0.00843	0.01012	0.01054	0.00590	0.00675	0.01012	0.01392	0.01856	0.04006	0.73979	0.04808	0.02277	0.00928	0.00295	0.00422	0.02066	0.00675	0.00590
9	0.00891	0.00643	0.00844	0.00994	0.01052	0.00596	0.00669	0.01030	0.01435	0.01909	0.07109	0.67489	0.08213	0.02220	0.00921	0.00290	0.00415	0.02006	0.00680	0.00596
10	0.05912	0.06391	0.60280	0.02032	0.03033	0.01741	0.06192	0.02289	0.01526	0.02334	0.01286	0.01524	0.00924	0.00683	0.00677	0.00228	0.01042	0.00541	0.00319	0.01047
11	0.01037	0.00721	0.00908	0.00922	0.00964	0.00756	0.00599	0.01125	0.01118	0.01529	0.02332	0.09968	0.02579	0.47993	0.23574	0.00808	0.01049	0.01059	0.00445	0.00515
12	0.59618	0.01362	0.01230	0.01044	0.01523	0.01484	0.00861	0.02505	0.01458	0.20834	0.01498	0.01519	0.01052	0.00734	0.00523	0.00225	0.00577	0.00482	0.00568	0.00905
13	0.01800	0.01975	0.02692	0.02291	0.06257	0.14437	0.18229	0.02101	0.01470	0.01933	0.01204	0.01729	0.01056	0.01249	0.06110	0.00326	0.33261	0.00672	0.00348	0.00861
14	0.01346	0.01043	0.01410	0.01215	0.01470	0.01004	0.07032	0.09455	0.01673	0.02266	0.09520	0.13655	0.08567	0.20402	0.01677	0.04804	0.00640	0.03996	0.00560	0.08266
15	0.01466	0.03625	0.66424	0.02062	0.03069	0.01722	0.02617	0.02268	0.01508	0.02268	0.01283	0.01538	0.00923	0.00727	0.00796	0.00236	0.05561	0.00543	0.00308	0.01057
16	0.04436	0.02058	0.04374	0.09683	0.02447	0.12925	0.01420	0.32692	0.10180	0.03360	0.04820	0.02224	0.01624	0.00913	0.00726	0.00225	0.00851	0.03388	0.00605	0.01049
17	0.16162	0.05548	0.01930	0.01630	0.04254	0.25373	0.01252	0.16395	0.03828	0.05672	0.05901	0.01766	0.01445	0.00844	0.00745	0.00213	0.04999	0.00583	0.00517	0.00943

[dist]
# distance from previous block
# <min> <max>
0	10

[block]
# block no. 3 follows, 28 sequences, length 16
# corresponding to MSA columns:
# 142-157
name=unknown_D
#
# <colnr> <probs for GDERKNQSTAVLIFYWHMCP>
#	G	D	E	R	K	N	Q	S	T	A	V	L	I	F	Y	W	H	M	C	P
0	0.13085	0.01320	0.01603	0.06022	0.07608	0.01262	0.01086	0.06665	0.04235	0.11773	0.04828	0.06406	0.01712	0.02544	0.00712	0.00202	0.00615	0.00683	0.00548	0.27091
1	0.02029	0.01417	0.01537	0.01289	0.01674	0.01523	0.01048	0.36255	0.02531	0.03531	0.02559	0.03229	0.06520	0.03855	0.00828	0.00240	0.00637	0.08395	0.19947	0.00957
2	0.01263	0.00631	0.00947	0.00947	0.00947	0.00631	0.00631	0.00947	0.00947	0.01263	0.01263	0.02210	0.01263	0.02525	0.02841	0.78851	0.00631	0.00631	0.00316	0.00316
3	0.02684	0.02141	0.06332	0.01697	0.02308	0.02220	0.01461	0.63546	0.03304	0.04443	0.01718	0.01732	0.01217	0.00862	0.00725	0.00219	0.00817	0.00647	0.00702	0.01226
4	0.01057	0.00705	0.00793	0.00793	0.00793	0.00705	0.00440	0.01057	0.01057	0.01409	0.02290	0.04757	0.02643	0.74454	0.03700	0.00705	0.00705	0.01057	0.00440	0.00440
5	0.01678	0.02029	0.08274	0.07484	0.03836	0.01815	0.59071	0.02296	0.01688	0.02296	0.01449	0.01933	0.01083	0.00625	0.00839	0.00244	0.01200	0.00824	0.00361	0.00975
6	0.00886	0.00633	0.00843	0.01012	0.01054	0.00590	0.00675	0.01012	0.01392	0.01856	0.04006	0.73979	0.04808	0.02277	0.00928	0.00295	0.00422	0.02066	0.00675	0.00590
7	0.01505	0.03428	0.58442	0.02255	0.03267	0.01716	0.14599	0.02307	0.01568	0.02307	0.01335	0.01613	0.00954	0.00676	0.00721	0.00233	0.01102	0.00596	0.00318	0.01057
8	0.00992	0.00726	0.00913	0.00894	0.01048	0.00666	0.00650	0.01264	0.01857	0.02561	0.48980	0.13710	0.14546	0.06670	0.01062	0.00272	0.00381	0.01415	0.00744	0.00648
9	0.01696	0.01691	0.02425	0.04922	0.02312	0.06287	0.12598	0.05711	0.01444	0.02059	0.01238	0.01787	0.01090	0.01316	0.05960	0.00333	0.41645	0.00675	0.03971	0.00841
10	0.04685	0.01309	0.02050	0.58493	0.04321	0.01623	0.01829	0.04554	0.01510	0.02071	0.01342	0.01923	0.01024	0.00769	0.00799	0.00241	0.05122	0.00637	0.04883	0.00816
11	0.01740	0.01860	0.02467	0.02050	0.02188	0.10435	0.09872	0.01960	0.01302	0.01826	0.01040	0.01604	0.00971	0.01127	0.01986	0.00293	0.55479	0.00644	0.00331	0.00824
12	0.01674	0.01328	0.01637	0.01305	0.04818	0.01098	0.00991	0.01987	0.01535	0.08065	0.01405	0.01608	0.01132	0.00624	0.00690	0.00137	0.05577	0.00480	0.00459	0.63449
13	0.01653	0.01576	0.01557	0.01189	0.01768	0.11162	0.00931	0.01948	0.01582	0.02260	0.01393	0.04828	0.01229	0.00649	0.00573	0.00128	0.00645	0.00512	0.00434	0.63985
14	0.01408	0.00971	0.01221	0.01129	0.01370	0.00934	0.00858	0.06382	0.01716	0.07761	0.14786	0.22979	0.03677	0.08780	0.01178	0.00291	0.03797	0.08077	0.00644	0.12039
15	0.01497	0.01477	0.02169	0.01859	0.01916	0.01963	0.05999	0.01683	0.01195	0.01805	0.01432	0.12090	0.01522	0.01372	0.02069	0.00310	0.57635	0.00858	0.00373	0.00778

[dist]
# distance from previous block
# <min> <max>
0	1

[block]
# block no. 4 follows, 28 sequences, length 12
# corresponding to MSA columns:
# 159-170
name=unknown_E
#
# <colnr> <probs for GDERKNQSTAVLIFYWHMCP>
#	G	D	E	R	K	N	Q	S	T	A	V	L	I	F	Y	W	H	M	C	P
0	0.00995	0.00764	0.00915	0.00890	0.01083	0.00700	0.00662	0.01339	0.04527	0.02537	0.42160	0.11515	0.25957	0.01642	0.00859	0.00240	0.00367	0.01426	0.00749	0.00674
1	0.00960	0.00678	0.00869	0.00941	0.01011	0.00640	0.00631	0.01121	0.01511	0.02062	0.21927	0.41147	0.04950	0.16372	0.01458	0.00358	0.00456	0.01657	0.00663	0.00587
2	0.00886	0.00633	0.00843	0.01012	0.01054	0.00590	0.00675	0.01012	0.01392	0.01856	0.04006	0.73979	0.04808	0.02277	0.00928	0.00295	0.00422	0.02066	0.00675	0.00590
3	0.01056	0.00709	0.00816	0.00816	0.00824	0.00717	0.00470	0.01072	0.01064	0.01427	0.02269	0.04638	0.02591	0.70147	0.07936	0.00734	0.00782	0.01040	0.00437	0.00453
4	0.01014	0.00742	0.00951	0.00899	0.01077	0.00679	0.00674	0.01343	0.02022	0.02831	0.64031	0.05568	0.12416	0.01517	0.00857	0.00230	0.00345	0.01334	0.00789	0.00679
5	0.00964	0.00731	0.00888	0.00868	0.01051	0.00655	0.00644	0.01239	0.01876	0.02530	0.44678	0.11853	0.26044	0.01664	0.00864	0.00240	0.00358	0.01447	0.00751	0.00655
6	0.01458	0.03760	0.70688	0.02072	0.03146	0.01688	0.02686	0.02302	0.01535	0.02302	0.01304	0.01535	0.00921	0.00691	0.00691	0.00230	0.01074	0.00537	0.00307	0.01074
7	0.01458	0.03760	0.70688	0.02072	0.03146	0.01688	0.02686	0.02302	0.01535	0.02302	0.01304	0.01535	0.00921	0.00691	0.00691	0.00230	0.01074	0.00537	0.00307	0.01074
8	0.01795	0.01463	0.02063	0.01490	0.02139	0.01231	0.12541	0.07235	0.01744	0.08433	0.01495	0.01689	0.01156	0.00609	0.00626	0.00151	0.00686	0.00549	0.00484	0.52422
9	0.00976	0.00773	0.00872	0.00853	0.01065	0.00698	0.00641	0.01283	0.04365	0.02308	0.27752	0.06242	0.39877	0.05243	0.00999	0.00266	0.00397	0.04031	0.00708	0.00653
10	0.04728	0.06583	0.59039	0.02078	0.03077	0.01751	0.08264	0.02292	0.01536	0.02318	0.01294	0.01542	0.00932	0.00680	0.00686	0.00228	0.01054	0.00553	0.00318	0.01048
11	0.05778	0.04754	0.01627	0.01250	0.01701	0.01180	0.01008	0.08419	0.01985	0.43978	0.02848	0.17577	0.02310	0.01169	0.00748	0.00236	0.00598	0.00979	0.00790	0.01066

[dist]
# distance from previous block
# <min> <max>
0	4

[block]
# block no. 5 follows, 28 sequences, length 39
# corresponding to MSA columns:
# 175-213
name=unknown_F
#
# <colnr> <probs for GDERKNQSTAVLIFYWHMCP>
#	G	D	E	R	K	N	Q	S	T	A	V	L	I	F	Y	W	H	M	C	P
0	0.02632	0.01895	0.02058	0.01599	0.02141	0.02076	0.01312	0.59588	0.03231	0.06862	0.05113	0.04507	0.01653	0.00953	0.00741	0.00222	0.00758	0.00739	0.00735	0.01187
1	0.01114	0.00796	0.00982	0.01024	0.01202	0.00734	0.00743	0.01410	0.05537	0.05334	0.07566	0.42121	0.15978	0.01888	0.00871	0.00267	0.00450	0.05619	0.00680	0.05685
2	0.02358	0.09202	0.08382	0.01759	0.02210	0.39886	0.01480	0.12231	0.02046	0.02230	0.01270	0.01507	0.01041	0.01108	0.05675	0.00269	0.05492	0.00527	0.00413	0.00914
3	0.01384	0.01220	0.01758	0.31325	0.03006	0.01381	0.01421	0.04290	0.03870	0.02081	0.01923	0.17581	0.01879	0.01110	0.00927	0.00238	0.08940	0.00924	0.00448	0.14293
4	0.01554	0.01570	0.02338	0.15651	0.02671	0.04686	0.08845	0.01837	0.01288	0.01829	0.01178	0.01808	0.01055	0.01471	0.08417	0.00371	0.41623	0.00669	0.00334	0.00806
5	0.01355	0.00678	0.00678	0.00678	0.00847	0.00678	0.00508	0.01694	0.01524	0.02710	0.02371	0.02710	0.01863	0.00847	0.00508	0.00169	0.00339	0.00678	0.78489	0.00678
6	0.02002	0.02138	0.02671	0.08539	0.48252	0.19426	0.02007	0.02375	0.01744	0.02188	0.01300	0.01685	0.01084	0.00679	0.00704	0.00210	0.00984	0.00602	0.00361	0.01049
7	0.01566	0.01570	0.02333	0.01959	0.02029	0.02109	0.07102	0.01769	0.01168	0.01794	0.01061	0.01703	0.01022	0.01484	0.06688	0.00366	0.62484	0.00664	0.00327	0.00801
8	0.01355	0.00678	0.00678	0.00678	0.00847	0.00678	0.00508	0.01694	0.01524	0.02710	0.02371	0.02710	0.01863	0.00847	0.00508	0.00169	0.00339	0.00678	0.78489	0.00678
9	0.01525	0.01612	0.03210	0.11891	0.07309	0.01616	0.39265	0.02001	0.01592	0.02155	0.01945	0.12054	0.03758	0.00941	0.00940	0.00255	0.05637	0.00992	0.00410	0.00890
10	0.01038	0.00779	0.01168	0.01168	0.01298	0.00909	0.00909	0.01298	0.01168	0.01687	0.01947	0.02856	0.01817	0.05452	0.71573	0.01168	0.01947	0.00779	0.00389	0.00649
11	0.00981	0.00741	0.00905	0.00864	0.01057	0.00665	0.00648	0.01279	0.01944	0.02646	0.51963	0.05872	0.24600	0.01586	0.00858	0.00233	0.00350	0.01377	0.00765	0.00665
12	0.79588	0.01406	0.01068	0.00956	0.01406	0.01631	0.00787	0.02137	0.01237	0.03261	0.01012	0.01181	0.00787	0.00675	0.00450	0.00225	0.00562	0.00394	0.00450	0.00787
13	0.01263	0.00631	0.00947	0.00947	0.00947	0.00631	0.00631	0.00947	0.00947	0.01263	0.01263	0.02210	0.01263	0.02525	0.02841	0.78851	0.00631	0.00631	0.00316	0.00316
14	0.76913	0.01402	0.01106	0.03410	0.01529	0.01630	0.00829	0.02127	0.01244	0.03213	0.01022	0.01207	0.00793	0.00677	0.00459	0.00226	0.00576	0.00402	0.00446	0.00788
15	0.02030	0.04706	0.04973	0.02142	0.05023	0.26472	0.11934	0.02399	0.04820	0.01956	0.01222	0.01597	0.01038	0.00905	0.01272	0.00245	0.25403	0.00610	0.00367	0.00886
16	0.01676	0.01749	0.02412	0.02016	0.02110	0.06747	0.07822	0.01880	0.01233	0.01806	0.01014	0.01607	0.00967	0.01175	0.02127	0.00303	0.61567	0.00646	0.00326	0.00816
17	0.01098	0.00802	0.01072	0.01218	0.01359	0.00795	0.00987	0.01442	0.04786	0.02105	0.03982	0.29269	0.06614	0.02041	0.00961	0.00314	0.00574	0.39241	0.00675	0.00665
18	0.00923	0.00750	0.00825	0.00838	0.01063	0.00652	0.00650	0.01148	0.01714	0.02122	0.15501	0.06934	0.52556	0.01813	0.00877	0.00255	0.00403	0.09652	0.00692	0.00631
19	0.01453	0.00772	0.00782	0.00747	0.00945	0.00787	0.00569	0.06258	0.01656	0.02840	0.02328	0.02643	0.01820	0.00849	0.00523	0.00173	0.00371	0.00676	0.73095	0.00716
20	0.02600	0.03294	0.01977	0.01802	0.02168	0.67110	0.01351	0.02787	0.02035	0.01791	0.01513	0.01666	0.05222	0.00817	0.00668	0.00191	0.01252	0.00535	0.00393	0.00828
21	0.01730	0.01639	0.02781	0.08313	0.61305	0.01659	0.02145	0.02158	0.01644	0.02330	0.01535	0.02251	0.01351	0.00747	0.00740	0.00226	0.00856	0.05113	0.00379	0.01097
22	0.01799	0.01727	0.02950	0.04462	0.69919	0.01727	0.02231	0.02231	0.01655	0.02375	0.01367	0.01799	0.01151	0.00648	0.00720	0.00216	0.00864	0.00648	0.00360	0.01151
23	0.01038	0.00779	0.01168	0.01168	0.01298	0.00909	0.00909	0.01298	0.01168	0.01687	0.01947	0.02856	0.01817	0.05452	0.71573	0.01168	0.01947	0.00779	0.00389	0.00649
24	0.01590	0.01590	0.02226	0.01908	0.01908	0.02226	0.01590	0.01749	0.01113	0.01749	0.00954	0.01590	0.00954	0.01272	0.02385	0.00318	0.73123	0.00636	0.00318	0.00795
25	0.01057	0.00705	0.00793	0.00793	0.00793	0.00705	0.00440	0.01057	0.01057	0.01409	0.02290	0.04757	0.02643	0.74454	0.03700	0.00705	0.00705	0.01057	0.00440	0.00440
26	0.00975	0.00705	0.00910	0.00948	0.01070	0.00654	0.00680	0.01213	0.01729	0.02373	0.36341	0.29895	0.09723	0.05598	0.01036	0.00282	0.00404	0.04105	0.00724	0.00634
27	0.00910	0.00668	0.00855	0.00957	0.01051	0.00612	0.00661	0.01087	0.01557	0.02077	0.17289	0.51880	0.13588	0.02066	0.00905	0.00276	0.00399	0.01850	0.00699	0.00612
28	0.01540	0.01256	0.01479	0.01081	0.01693	0.00953	0.00859	0.01851	0.01523	0.04859	0.01491	0.05306	0.01297	0.00642	0.00566	0.00122	0.00535	0.00527	0.00461	0.71960
29	0.02699	0.02004	0.02145	0.01660	0.02230	0.02224	0.01366	0.63228	0.07789	0.04478	0.01827	0.01810	0.01302	0.00880	0.00728	0.00220	0.00785	0.00666	0.00728	0.01230
30	0.01828	0.01677	0.02807	0.08297	0.60896	0.01699	0.02133	0.02320	0.04273	0.04867	0.01480	0.01868	0.01206	0.00675	0.00721	0.00219	0.00850	0.00657	0.00392	0.01134
31	0.01892	0.38768	0.28902	0.01600	0.02374	0.06594	0.01789	0.02357	0.01574	0.06340	0.01248	0.01399	0.00984	0.00674	0.00580	0.00190	0.00913	0.00472	0.00351	0.01000
32	0.01920	0.01563	0.01598	0.01439	0.01839	0.06079	0.01129	0.03476	0.50131	0.09495	0.03116	0.03164	0.05717	0.01071	0.00756	0.00246	0.00622	0.04833	0.00724	0.01081
33	0.01559	0.01139	0.05369	0.01233	0.01550	0.00989	0.01056	0.06093	0.05348	0.13038	0.14997	0.12733	0.10749	0.01554	0.00863	0.00268	0.00575	0.19341	0.00714	0.00831
34	0.15266	0.01210	0.01439	0.01162	0.01633	0.01144	0.00943	0.05172	0.04040	0.37788	0.12469	0.02856	0.05793	0.00980	0.00700	0.00221	0.00557	0.00786	0.00763	0.05079
35	0.07801	0.01231	0.01585	0.01273	0.01772	0.01135	0.01049	0.05459	0.04527	0.52516	0.06755	0.02948	0.02197	0.00999	0.00740	0.00233	0.00607	0.05205	0.00837	0.01133
36	0.01710	0.00955	0.01257	0.01076	0.01330	0.00937	0.04956	0.05299	0.01583	0.15405	0.02317	0.03135	0.01977	0.21245	0.07836	0.00423	0.00717	0.00810	0.26264	0.00767
37	0.06120	0.00962	0.01191	0.03644	0.01453	0.00976	0.00861	0.09257	0.01755	0.10115	0.11558	0.33774	0.03640	0.05433	0.05498	0.00340	0.00617	0.01371	0.00667	0.00767
38	0.02167	0.02263	0.09301	0.03711	0.12387	0.17303	0.01574	0.18238	0.06777	0.05254	0.01888	0.02034	0.04764	0.00871	0.00804	0.00220	0.05204	0.00659	0.03556	0.01023

[dist]
# distance from previous block
# <min> <max>
7	34

[block]
# block no. 6 follows, 28 sequences, length 25
# corresponding to MSA columns:
# 251-275
name=unknown_G
#
# <colnr> <probs for GDERKNQSTAVLIFYWHMCP>
#	G	D	E	R	K	N	Q	S	T	A	V	L	I	F	Y	W	H	M	C	P
0	0.05664	0.09095	0.55607	0.02038	0.03012	0.01793	0.08404	0.02286	0.01531	0.02309	0.01281	0.01526	0.00931	0.00677	0.00675	0.00225	0.01038	0.00547	0.00320	0.01039
1	0.05631	0.00733	0.00896	0.00973	0.01100	0.00691	0.00679	0.01243	0.01500	0.05447	0.10227	0.49326	0.12444	0.04367	0.00966	0.00289	0.00435	0.01734	0.00677	0.00641
2	0.01648	0.02782	0.32737	0.02570	0.05600	0.05041	0.30804	0.02312	0.01621	0.02264	0.01353	0.01722	0.01011	0.00687	0.00847	0.00239	0.04729	0.00683	0.00339	0.01011
3	0.75084	0.01526	0.01126	0.01010	0.01455	0.05727	0.00823	0.02182	0.01285	0.03174	0.01019	0.01188	0.00796	0.00679	0.00462	0.00223	0.00606	0.00398	0.00445	0.00790
4	0.01590	0.01590	0.02226	0.01908	0.01908	0.02226	0.01590	0.01749	0.01113	0.01749	0.00954	0.01590	0.00954	0.01272	0.02385	0.00318	0.73123	0.00636	0.00318	0.00795
5	0.01442	0.01096	0.01197	0.01135	0.01424	0.03818	0.00898	0.02118	0.17107	0.08322	0.16620	0.05313	0.22846	0.01483	0.00837	0.00254	0.00522	0.12026	0.00719	0.00822
6	0.01064	0.00760	0.01048	0.01216	0.01336	0.00744	0.00984	0.01320	0.01567	0.02055	0.03908	0.32981	0.04419	0.02109	0.00975	0.00320	0.00576	0.41308	0.00671	0.00640
7	0.01590	0.01590	0.02226	0.01908	0.01908	0.02226	0.01590	0.01749	0.01113	0.01749	0.00954	0.01590	0.00954	0.01272	0.02385	0.00318	0.73123	0.00636	0.00318	0.00795
8	0.79588	0.01406	0.01068	0.00956	0.01406	0.01631	0.00787	0.02137	0.01237	0.03261	0.01012	0.01181	0.00787	0.00675	0.00450	0.00225	0.00562	0.00394	0.00450	0.00787
9	0.01026	0.00733	0.00941	0.00902	0.01044	0.00684	0.00651	0.01311	0.01888	0.02657	0.57177	0.08558	0.06181	0.11593	0.01253	0.00297	0.00397	0.01314	0.00745	0.00648
10	0.01039	0.00703	0.00792	0.00800	0.00815	0.00695	0.00457	0.01054	0.01105	0.01460	0.02640	0.08106	0.06297	0.67234	0.03420	0.00661	0.00674	0.01129	0.00464	0.00457
11	0.01590	0.01590	0.02226	0.01908	0.01908	0.02226	0.01590	0.01749	0.01113	0.01749	0.00954	0.01590	0.00954	0.01272	0.02385	0.00318	0.73123	0.00636	0.00318	0.00795
12	0.02699	0.01974	0.02113	0.01627	0.02190	0.02182	0.01342	0.64480	0.03331	0.04495	0.01774	0.01789	0.01265	0.00871	0.00717	0.00216	0.00779	0.00656	0.04290	0.01211
13	0.02715	0.03464	0.02060	0.01873	0.02247	0.71536	0.01404	0.02903	0.02060	0.01779	0.01124	0.01311	0.00936	0.00749	0.00655	0.00187	0.01311	0.00468	0.00375	0.00843
14	0.79588	0.01406	0.01068	0.00956	0.01406	0.01631	0.00787	0.02137	0.01237	0.03261	0.01012	0.01181	0.00787	0.00675	0.00450	0.00225	0.00562	0.00394	0.00450	0.00787
15	0.01056	0.00708	0.00811	0.00811	0.00817	0.00714	0.00463	0.01069	0.01062	0.01423	0.02274	0.04666	0.02603	0.71157	0.06942	0.00727	0.00764	0.01044	0.00438	0.00450
16	0.79588	0.01406	0.01068	0.00956	0.01406	0.01631	0.00787	0.02137	0.01237	0.03261	0.01012	0.01181	0.00787	0.00675	0.00450	0.00225	0.00562	0.00394	0.00450	0.00787
17	0.01590	0.01590	0.02226	0.01908	0.01908	0.02226	0.01590	0.01749	0.01113	0.01749	0.00954	0.01590	0.00954	0.01272	0.02385	0.00318	0.73123	0.00636	0.00318	0.00795
18	0.00886	0.00633	0.00843	0.01012	0.01054	0.00590	0.00675	0.01012	0.01392	0.01856	0.04006	0.73979	0.04808	0.02277	0.00928	0.00295	0.00422	0.02066	0.00675	0.00590
19	0.00928	0.00694	0.00978	0.01091	0.01172	0.00648	0.03060	0.01085	0.01427	0.01892	0.04034	0.65642	0.07071	0.02188	0.00927	0.00294	0.00461	0.05136	0.00664	0.00609
20	0.01683	0.00994	0.01028	0.00909	0.01174	0.01044	0.00711	0.17010	0.01965	0.03146	0.02226	0.02485	0.01717	0.00853	0.00559	0.00181	0.00446	0.00672	0.60389	0.00808
21	0.00958	0.00726	0.00883	0.00873	0.01050	0.00651	0.00644	0.01224	0.01847	0.02484	0.41837	0.15040	0.25736	0.01700	0.00867	0.00243	0.00361	0.01482	0.00745	0.00651
22	0.02715	0.03464	0.02060	0.01873	0.02247	0.71536	0.01404	0.02903	0.02060	0.01779	0.01124	0.01311	0.00936	0.00749	0.00655	0.00187	0.01311	0.00468	0.00375	0.00843
23	0.79588	0.01406	0.01068	0.00956	0.01406	0.01631	0.00787	0.02137	0.01237	0.03261	0.01012	0.01181	0.00787	0.00675	0.00450	0.00225	0.00562	0.00394	0.00450	0.00787
24	0.01310	0.00925	0.01111	0.01092	0.01305	0.00905	0.00826	0.11357	0.01895	0.05212	0.13075	0.31927	0.16348	0.01794	0.00875	0.00266	0.00491	0.07837	0.00708	0.00740

[dist]
# distance from previous block
# <min> <max>
5	8

[block]
# block no. 7 follows, 28 sequences, length 63
# corresponding to MSA columns:
# 285-347
name=unknown_H
#
# <colnr> <probs for GDERKNQSTAVLIFYWHMCP>
#	G	D	E	R	K	N	Q	S	T	A	V	L	I	F	Y	W	H	M	C	P
0	0.00885	0.00636	0.00840	0.01002	0.01052	0.00591	0.00670	0.01013	0.01401	0.01859	0.04126	0.71601	0.07110	0.02262	0.00925	0.00293	0.00420	0.02048	0.00675	0.00591
1	0.04947	0.01489	0.01641	0.01316	0.01847	0.05104	0.01053	0.05047	0.19742	0.26082	0.02277	0.02149	0.01619	0.00809	0.00668	0.00197	0.00626	0.00647	0.00682	0.22057
2	0.79588	0.01406	0.01068	0.00956	0.01406	0.01631	0.00787	0.02137	0.01237	0.03261	0.01012	0.01181	0.00787	0.00675	0.00450	0.00225	0.00562	0.00394	0.00450	0.00787
3	0.01518	0.01501	0.01924	0.08453	0.02058	0.07405	0.01425	0.01728	0.01233	0.01737	0.01267	0.01988	0.01203	0.04461	0.17759	0.00505	0.42066	0.00669	0.00343	0.00756
4	0.01740	0.01773	0.03387	0.02516	0.03071	0.01785	0.43830	0.10579	0.01834	0.02504	0.01753	0.10454	0.01545	0.00914	0.01011	0.00255	0.08703	0.00952	0.00446	0.00948
5	0.00915	0.00732	0.00818	0.00810	0.01020	0.00635	0.00603	0.01147	0.01769	0.02262	0.27109	0.10563	0.45547	0.01754	0.00863	0.00243	0.00363	0.01496	0.00715	0.00635
6	0.01152	0.00823	0.01149	0.01316	0.01475	0.00820	0.01137	0.01472	0.01654	0.02154	0.03859	0.12686	0.04226	0.02026	0.00999	0.00332	0.00652	0.60733	0.00670	0.00664
7	0.01727	0.43240	0.33568	0.01612	0.02435	0.02348	0.01885	0.02232	0.01503	0.01974	0.01141	0.01330	0.00927	0.00652	0.00566	0.00189	0.00909	0.00455	0.00309	0.00996
8	0.01031	0.00694	0.00801	0.00826	0.00833	0.00687	0.00476	0.01050	0.01108	0.01478	0.02553	0.15348	0.02974	0.63411	0.03276	0.00642	0.00661	0.01212	0.00476	0.00463
9	0.01263	0.00631	0.00947	0.00947	0.00947	0.00631	0.00631	0.00947	0.00947	0.01263	0.01263	0.02210	0.01263	0.02525	0.02841	0.78851	0.00631	0.00631	0.00316	0.00316
10	0.02050	0.64987	0.03567	0.01331	0.01919	0.12397	0.01266	0.02277	0.01558	0.01720	0.01026	0.01186	0.00933	0.00640	0.00493	0.00160	0.00851	0.00400	0.00320	0.00920
11	0.01373	0.01292	0.02180	0.72707	0.05006	0.01615	0.02019	0.01857	0.01453	0.01857	0.01292	0.01938	0.00969	0.00727	0.00727	0.00242	0.00969	0.00646	0.00323	0.00807
12	0.00884	0.00638	0.00838	0.00997	0.01050	0.00592	0.00668	0.01014	0.01406	0.01861	0.04188	0.70359	0.08311	0.02254	0.00924	0.00293	0.00419	0.02038	0.00675	0.00592
13	0.01355	0.00678	0.00678	0.00678	0.00847	0.00678	0.00508	0.01694	0.01524	0.02710	0.02371	0.02710	0.01863	0.00847	0.00508	0.00169	0.00339	0.00678	0.78489	0.00678
14	0.01963	0.01782	0.01732	0.01604	0.05050	0.10469	0.01195	0.14268	0.37206	0.02977	0.03018	0.02884	0.10598	0.01032	0.00742	0.00233	0.00693	0.00833	0.00666	0.01057
15	0.59906	0.01375	0.01182	0.01029	0.01478	0.01545	0.00842	0.04610	0.05062	0.10552	0.01423	0.01512	0.01052	0.00733	0.00509	0.00223	0.00564	0.00479	0.05059	0.00865
16	0.00886	0.00633	0.00843	0.01012	0.01054	0.00590	0.00675	0.01012	0.01392	0.01856	0.04006	0.73979	0.04808	0.02277	0.00928	0.00295	0.00422	0.02066	0.00675	0.00590
17	0.07504	0.01619	0.02952	0.28498	0.20303	0.01714	0.22603	0.02119	0.01570	0.02240	0.01346	0.01854	0.01042	0.00667	0.00745	0.00235	0.00993	0.00694	0.00356	0.00945
18	0.03261	0.01237	0.01687	0.01293	0.01856	0.01068	0.01068	0.03543	0.02081	0.70423	0.02868	0.02474	0.01799	0.00900	0.00731	0.00225	0.00619	0.00731	0.00900	0.01237
19	0.01373	0.01292	0.02180	0.72707	0.05006	0.01615	0.02019	0.01857	0.01453	0.01857	0.01292	0.01938	0.00969	0.00727	0.00727	0.00242	0.00969	0.00646	0.00323	0.00807
20	0.01830	0.01786	0.02920	0.04373	0.67614	0.04106	0.02203	0.02254	0.01669	0.02354	0.01359	0.01782	0.01144	0.00651	0.00717	0.00215	0.00879	0.00642	0.00360	0.01141
21	0.01003	0.00742	0.00936	0.00887	0.01070	0.00675	0.00665	0.01321	0.01996	0.02769	0.60023	0.05669	0.16462	0.01540	0.00858	0.00231	0.00347	0.01348	0.00781	0.00675
22	0.14518	0.01940	0.02011	0.01563	0.02124	0.02159	0.01291	0.57496	0.03084	0.04379	0.01633	0.01659	0.01167	0.00842	0.00685	0.00219	0.00764	0.00615	0.00685	0.01167
23	0.00891	0.00647	0.00842	0.00984	0.01050	0.00597	0.00665	0.01034	0.01450	0.01922	0.07825	0.64766	0.10249	0.02199	0.00918	0.00288	0.00413	0.01982	0.00682	0.00597
24	0.02103	0.02444	0.02011	0.15499	0.09184	0.38893	0.01506	0.02476	0.05420	0.01925	0.01695	0.01985	0.05082	0.01120	0.05355	0.00272	0.01150	0.00621	0.00401	0.00857
25	0.01943	0.74891	0.03809	0.01244	0.01866	0.02876	0.01244	0.02177	0.01477	0.01710	0.01011	0.01166	0.00933	0.00622	0.00466	0.00155	0.00777	0.00389	0.00311	0.00933
26	0.01509	0.01054	0.01137	0.01031	0.01337	0.03555	0.00793	0.04595	0.09138	0.12817	0.16468	0.09026	0.31725	0.01486	0.00817	0.00239	0.00481	0.01250	0.00729	0.00813
27	0.02817	0.01950	0.02128	0.01632	0.02211	0.02127	0.01348	0.60629	0.03274	0.11651	0.01866	0.01823	0.01297	0.00876	0.00728	0.00219	0.00780	0.00663	0.00746	0.01236
28	0.01674	0.01762	0.03349	0.06967	0.13176	0.01836	0.36557	0.02283	0.06729	0.02254	0.01496	0.01965	0.01188	0.00909	0.03314	0.00281	0.12130	0.00775	0.00386	0.00970
29	0.01787	0.01714	0.02864	0.04213	0.63674	0.01759	0.02157	0.02258	0.03880	0.02361	0.01397	0.01818	0.01176	0.00695	0.00817	0.00223	0.05053	0.00653	0.00370	0.01131
30	0.01614	0.01518	0.02522	0.28831	0.39839	0.01647	0.02050	0.02138	0.04781	0.02210	0.01538	0.02208	0.01286	0.00759	0.00737	0.00233	0.00878	0.03827	0.00380	0.01003
31	0.66731	0.01488	0.01228	0.01066	0.01530	0.01713	0.00875	0.09996	0.04715	0.03408	0.01192	0.01321	0.00909	0.00713	0.00497	0.00225	0.00591	0.00445	0.00497	0.00858
32	0.01171	0.00837	0.01171	0.01339	0.01506	0.00837	0.01171	0.01506	0.01673	0.02175	0.03849	0.08199	0.04183	0.02008	0.01004	0.00335	0.00669	0.65027	0.00669	0.00669
33	0.01628	0.28672	0.47265	0.01782	0.02698	0.02104	0.02181	0.02258	0.01514	0.02095	0.01202	0.01406	0.00925	0.00667	0.00612	0.00204	0.00970	0.00485	0.00308	0.01025
34	0.00902	0.00644	0.00863	0.01031	0.01081	0.00605	0.00704	0.01041	0.01408	0.01874	0.03997	0.70157	0.04771	0.02262	0.00932	0.00298	0.00436	0.05725	0.00674	0.00595
35	0.01373	0.01292	0.02180	0.72707	0.05006	0.01615	0.02019	0.01857	0.01453	0.01857	0.01292	0.01938	0.00969	0.00727	0.00727	0.00242	0.00969	0.00646	0.00323	0.00807
36	0.00886	0.00633	0.00843	0.01012	0.01054	0.00590	0.00675	0.01012	0.01392	0.01856	0.04006	0.73979	0.04808	0.02277	0.00928	0.00295	0.00422	0.02066	0.00675	0.00590
37	0.00895	0.00649	0.00846	0.00985	0.01052	0.00600	0.00667	0.01043	0.01463	0.01948	0.09514	0.63889	0.09394	0.02184	0.00917	0.00286	0.00412	0.01970	0.00685	0.00600
38	0.01778	0.01913	0.02097	0.01835	0.01925	0.16699	0.01491	0.01952	0.01317	0.01750	0.01078	0.01644	0.01027	0.01534	0.08176	0.00366	0.51676	0.00613	0.00336	0.00792
39	0.58497	0.01428	0.01211	0.01071	0.01509	0.01637	0.00869	0.06314	0.11599	0.03261	0.03673	0.01742	0.03143	0.00792	0.00535	0.00228	0.00566	0.00535	0.00528	0.00861
40	0.00961	0.00722	0.00891	0.00887	0.01054	0.00651	0.00651	0.01227	0.01841	0.02493	0.42586	0.17756	0.22191	0.01713	0.00870	0.00244	0.00363	0.01500	0.00747	0.00651
41	0.06128	0.01243	0.01664	0.01281	0.01839	0.01089	0.01058	0.03490	0.02049	0.67900	0.02798	0.02426	0.01761	0.00891	0.00720	0.00225	0.00616	0.00718	0.00883	0.01220
42	0.01319	0.01106	0.01510	0.01707	0.11858	0.04379	0.01129	0.04762	0.01388	0.01923	0.01831	0.02683	0.01696	0.08464	0.49814	0.00902	0.01620	0.00755	0.00404	0.00751
43	0.59438	0.01571	0.01360	0.01144	0.01628	0.01794	0.00943	0.19280	0.01809	0.03608	0.01204	0.01329	0.00905	0.00727	0.00523	0.00223	0.00625	0.00462	0.00523	0.00905
44	0.08416	0.03023	0.46090	0.02316	0.08631	0.01731	0.12135	0.02263	0.01528	0.02374	0.01294	0.01592	0.00957	0.00698	0.00767	0.00234	0.04002	0.00586	0.00334	0.01030
45	0.01797	0.01464	0.01663	0.01214	0.01845	0.01266	0.00981	0.16989	0.01948	0.02879	0.01397	0.01562	0.01113	0.00615	0.00582	0.00133	0.00599	0.00482	0.00499	0.60970
46	0.01263	0.00631	0.00947	0.00947	0.00947	0.00631	0.00631	0.00947	0.00947	0.01263	0.01263	0.02210	0.01263	0.02525	0.02841	0.78851	0.00631	0.00631	0.00316	0.00316
47	0.01057	0.00705	0.00793	0.00793	0.00793	0.00705	0.00440	0.01057	0.01057	0.01409	0.02290	0.04757	0.02643	0.74454	0.03700	0.00705	0.00705	0.01057	0.00440	0.00440
48	0.68209	0.01461	0.01210	0.01044	0.01513	0.01667	0.00860	0.08783	0.01497	0.06602	0.01175	0.01299	0.00881	0.00705	0.00491	0.00224	0.00589	0.00436	0.00499	0.00854
49	0.01454	0.01580	0.06701	0.50729	0.04429	0.01709	0.13003	0.01954	0.01474	0.01954	0.01294	0.01888	0.00987	0.00751	0.00886	0.00248	0.07101	0.00674	0.00329	0.00852
50	0.01263	0.00631	0.00947	0.00947	0.00947	0.00631	0.00631	0.00947	0.00947	0.01263	0.01263	0.02210	0.01263	0.02525	0.02841	0.78851	0.00631	0.00631	0.00316	0.00316
51	0.75391	0.05378	0.01217	0.00971	0.01431	0.01698	0.00812	0.02139	0.01250	0.03178	0.01012	0.01180	0.00795	0.00672	0.00451	0.00221	0.00574	0.00393	0.00442	0.00795
52	0.01038	0.00779	0.01168	0.01168	0.01298	0.00909	0.00909	0.01298	0.01168	0.01687	0.01947	0.02856	0.01817	0.05452	0.71573	0.01168	0.01947	0.00779	0.00389	0.00649
53	0.04428	0.04425	0.05866	0.20041	0.39061	0.01735	0.02021	0.02177	0.01570	0.05569	0.01371	0.01796	0.01097	0.00717	0.00798	0.00227	0.05072	0.00627	0.00374	0.01029
54	0.01056	0.00708	0.00810	0.00810	0.00816	0.00714	0.00462	0.01068	0.01062	0.01422	0.02274	0.04668	0.02604	0.71238	0.06863	0.00726	0.00763	0.01044	0.00438	0.00450
55	0.67664	0.01564	0.05362	0.01058	0.01545	0.01642	0.00930	0.06104	0.01397	0.03266	0.01118	0.01286	0.00857	0.00693	0.00483	0.00223	0.00601	0.00427	0.02952	0.00828
56	0.01651	0.01452	0.02183	0.54869	0.04294	0.01774	0.01871	0.14359	0.01807	0.02370	0.01358	0.01880	0.01019	0.00788	0.00828	0.00242	0.05321	0.00647	0.00400	0.00888
57	0.76702	0.01399	0.01092	0.00969	0.01423	0.01609	0.00798	0.02190	0.01269	0.05801	0.01082	0.01230	0.00826	0.00683	0.00460	0.00225	0.00564	0.00406	0.00467	0.00804
58	0.02236	0.01721	0.01787	0.01455	0.01932	0.03934	0.01169	0.35403	0.20617	0.03691	0.02112	0.02110	0.01568	0.00876	0.00687	0.00212	0.00676	0.00684	0.11288	0.05844
59	0.01079	0.00767	0.00959	0.00944	0.00977	0.00832	0.00617	0.01153	0.01088	0.01497	0.02137	0.04116	0.02349	0.53241	0.20955	0.00804	0.04589	0.00965	0.00421	0.00511
60	0.66588	0.01348	0.01141	0.01139	0.05509	0.01536	0.00845	0.02096	0.01293	0.03149	0.01177	0.01380	0.00923	0.00691	0.00472	0.00218	0.00557	0.00439	0.08698	0.00798
61	0.01022	0.00743	0.00962	0.00907	0.01082	0.00683	0.00680	0.01358	0.02041	0.02876	0.66975	0.05494	0.09444	0.01501	0.00857	0.00229	0.00344	0.01324	0.00795	0.00683
62	0.01915	0.01785	0.01693	0.01525	0.01932	0.09992	0.01180	0.03750	0.60796	0.02893	0.02743	0.02548	0.02068	0.00958	0.00730	0.00240	0.00662	0.00780	0.00697	0.01114

[dist]
# distance from previous block
# <min> <max>
0	1

[block]
# block no. 8 follows, 28 sequences, length 23
# corresponding to MSA columns:
# 349-371
name=unknown_I
#
# <colnr> <probs for GDERKNQSTAVLIFYWHMCP>
#	G	D	E	R	K	N	Q	S	T	A	V	L	I	F	Y	W	H	M	C	P
0	0.01572	0.01940	0.10594	0.08390	0.07719	0.01660	0.43720	0.02137	0.01655	0.02246	0.01957	0.05090	0.06167	0.00786	0.00824	0.00243	0.01073	0.00890	0.00391	0.00945
1	0.01866	0.01963	0.13182	0.02188	0.13252	0.01537	0.11930	0.11892	0.01884	0.06575	0.01492	0.01720	0.01133	0.00662	0.00681	0.00189	0.00826	0.00600	0.00461	0.25968
2	0.01201	0.00978	0.01213	0.01363	0.06310	0.00971	0.01015	0.01758	0.12207	0.02248	0.04831	0.06428	0.27889	0.01687	0.00888	0.00279	0.00557	0.26756	0.00660	0.00759
3	0.01113	0.00889	0.01312	0.01269	0.01381	0.01087	0.01001	0.01359	0.01161	0.01696	0.01812	0.02684	0.01700	0.04884	0.62182	0.01053	0.11608	0.00759	0.00380	0.00669
4	0.01646	0.02145	0.14605	0.02811	0.06085	0.01725	0.49706	0.02223	0.01630	0.02251	0.01425	0.01904	0.01087	0.00762	0.00966	0.05794	0.01145	0.00782	0.00354	0.00955
5	0.01972	0.01782	0.02813	0.03963	0.57811	0.01821	0.02079	0.13910	0.01971	0.02770	0.01435	0.01789	0.01167	0.00688	0.00721	0.00216	0.00852	0.00649	0.00426	0.01167
6	0.03234	0.01280	0.01714	0.01314	0.01877	0.01132	0.01085	0.06996	0.02153	0.66867	0.02807	0.02435	0.01769	0.00898	0.00731	0.00225	0.00628	0.00727	0.00890	0.01237
7	0.00887	0.00722	0.00789	0.00835	0.01034	0.00625	0.00621	0.01070	0.01604	0.01956	0.06428	0.20795	0.51731	0.01942	0.00883	0.00262	0.00400	0.06128	0.00675	0.00613
8	0.09261	0.07820	0.40438	0.02193	0.09907	0.10293	0.05691	0.02345	0.01589	0.02302	0.01251	0.01500	0.00945	0.00683	0.00660	0.00219	0.01020	0.00534	0.00338	0.01012
9	0.02971	0.01444	0.01783	0.01396	0.01942	0.01409	0.01144	0.16776	0.10964	0.48123	0.02648	0.02355	0.01737	0.00905	0.00731	0.00226	0.00650	0.00727	0.00843	0.01226
10	0.00904	0.00713	0.00818	0.00860	0.01036	0.00627	0.00628	0.01103	0.01650	0.02094	0.16268	0.24802	0.39908	0.01907	0.00882	0.00259	0.00389	0.03836	0.00695	0.00621
11	0.01625	0.01783	0.03729	0.21564	0.04120	0.01779	0.49944	0.02203	0.01646	0.02203	0.01423	0.01955	0.01067	0.00643	0.00823	0.00244	0.01157	0.00802	0.00356	0.00934
12	0.27254	0.02303	0.01717	0.01486	0.01935	0.28337	0.01168	0.14321	0.06271	0.06762	0.01416	0.01503	0.01073	0.00771	0.00612	0.00211	0.00894	0.00515	0.00515	0.00938
13	0.01045	0.00783	0.01001	0.01095	0.01277	0.00738	0.00904	0.01322	0.01690	0.02171	0.11956	0.12301	0.23422	0.01923	0.00941	0.00295	0.00529	0.35273	0.00685	0.00649
14	0.01600	0.01358	0.01588	0.01157	0.01769	0.01118	0.00932	0.06465	0.01624	0.02496	0.01308	0.01528	0.01082	0.00596	0.00638	0.00125	0.03938	0.00456	0.00446	0.69774
15	0.00886	0.00633	0.00843	0.01012	0.01054	0.00590	0.00675	0.01012	0.01392	0.01856	0.04006	0.73979	0.04808	0.02277	0.00928	0.00295	0.00422	0.02066	0.00675	0.00590
16	0.01855	0.01077	0.01215	0.01058	0.01361	0.01128	0.00833	0.14476	0.06904	0.11195	0.02273	0.02492	0.01735	0.01370	0.07398	0.03426	0.00641	0.00698	0.37994	0.00870
17	0.00891	0.00655	0.00836	0.00965	0.01046	0.00600	0.00657	0.01040	0.01473	0.01939	0.08671	0.59654	0.14585	0.02162	0.00913	0.00284	0.00409	0.01939	0.00683	0.00600
18	0.00888	0.00649	0.00836	0.00977	0.01047	0.00597	0.00661	0.01030	0.01448	0.01910	0.06972	0.63741	0.12176	0.02197	0.00917	0.00287	0.00413	0.01977	0.00680	0.00597
19	0.01961	0.01446	0.01355	0.01223	0.01538	0.14721	0.00925	0.02301	0.06593	0.20265	0.09835	0.14370	0.13706	0.05270	0.00940	0.00259	0.00658	0.01095	0.00680	0.00857
20	0.01646	0.01704	0.02314	0.01951	0.02051	0.07262	0.07091	0.01852	0.01239	0.01796	0.01081	0.01690	0.01026	0.01473	0.07015	0.00362	0.56659	0.00652	0.00332	0.00804
21	0.01604	0.03639	0.02286	0.01877	0.01972	0.05188	0.06411	0.01796	0.01211	0.01771	0.01125	0.01834	0.01101	0.05563	0.05438	0.00364	0.55029	0.00669	0.00334	0.00788
22	0.01103	0.00769	0.00985	0.01035	0.01141	0.00760	0.00733	0.01248	0.01452	0.06221	0.05975	0.46162	0.14690	0.07230	0.01213	0.00312	0.05988	0.01692	0.00649	0.00643

[dist]
# distance from previous block
# <min> <max>
1	8

[block]
# block no. 9 follows, 28 sequences, length 40
# corresponding to MSA columns:
# 380-419
name=unknown_J
#
# <colnr> <probs for GDERKNQSTAVLIFYWHMCP>
#	G	D	E	R	K	N	Q	S	T	A	V	L	I	F	Y	W	H	M	C	P
0	0.04589	0.04909	0.01907	0.01640	0.01985	0.43135	0.01269	0.06617	0.01920	0.04453	0.01770	0.01980	0.06431	0.01318	0.07398	0.00296	0.06494	0.00609	0.00437	0.00844
1	0.01724	0.01932	0.05762	0.12010	0.02447	0.13953	0.01584	0.01996	0.01411	0.01883	0.01183	0.01796	0.01071	0.01014	0.01504	0.00257	0.35921	0.02683	0.00352	0.09520
2	0.01685	0.30777	0.31427	0.01696	0.02476	0.02053	0.06659	0.02201	0.01541	0.04533	0.01607	0.01794	0.04698	0.00880	0.02886	0.00233	0.00944	0.00572	0.00357	0.00980
3	0.01010	0.00843	0.00895	0.00888	0.01128	0.00788	0.00662	0.01467	0.11305	0.02167	0.10288	0.14319	0.48123	0.01747	0.00850	0.00251	0.00403	0.01481	0.00692	0.00693
4	0.01611	0.01328	0.01645	0.01270	0.01798	0.01158	0.04488	0.12601	0.01814	0.02638	0.01885	0.15141	0.01803	0.00923	0.00660	0.00169	0.00597	0.00797	0.00522	0.47152
5	0.05303	0.01033	0.01053	0.01033	0.01254	0.04684	0.00755	0.03960	0.08368	0.04717	0.08492	0.24854	0.22870	0.07024	0.01035	0.00287	0.00513	0.01391	0.00654	0.00719
6	0.00917	0.00733	0.00827	0.00862	0.01061	0.00643	0.00652	0.01128	0.01670	0.02088	0.14187	0.16589	0.45612	0.01878	0.00884	0.00260	0.00405	0.08291	0.00690	0.00625
