[name]
unknown

[dist]
# distance from previous block
# <min> <max>
0	64

[block]
# block no. 0 follows, 30 sequences, length 8
# corresponding to MSA columns:
# 64-71
name=unknown_A
#
# <colnr> <probs for GDERKNQSTAVLIFYWHMCP>
#	G	D	E	R	K	N	Q	S	T	A	V	L	I	F	Y	W	H	M	C	P
0	0.01440	0.01040	0.01574	0.10424	0.14879	0.01060	0.01336	0.01767	0.01582	0.08718	0.04772	0.05148	0.02849	0.06965	0.01047	0.00303	0.00700	0.33059	0.00556	0.00781
1	0.02521	0.01513	0.01769	0.14958	0.02413	0.09771	0.01278	0.10580	0.02004	0.37035	0.02214	0.02478	0.01588	0.00893	0.00712	0.00222	0.00760	0.05603	0.00664	0.01024
2	0.02343	0.01443	0.01851	0.01852	0.14747	0.01465	0.01244	0.25132	0.02230	0.23301	0.02088	0.05063	0.01599	0.05796	0.00879	0.00241	0.00676	0.00730	0.06261	0.01058
3	0.01197	0.01329	0.14269	0.01193	0.01518	0.00932	0.01079	0.06473	0.01545	0.02206	0.02829	0.38600	0.03051	0.01511	0.00765	0.00242	0.00560	0.04808	0.09939	0.05954
4	0.02247	0.01637	0.01781	0.01439	0.01881	0.01789	0.01157	0.52727	0.02826	0.03818	0.02112	0.15474	0.01860	0.01089	0.00724	0.00221	0.00678	0.00884	0.04614	0.01044
5	0.01171	0.00872	0.01188	0.01485	0.14047	0.00870	0.00840	0.01309	0.01228	0.01696	0.02271	0.06730	0.02475	0.46165	0.02452	0.00505	0.00673	0.08742	0.04686	0.00594
6	0.01763	0.01380	0.01653	0.01643	0.09944	0.01472	0.01145	0.09393	0.33813	0.07564	0.15177	0.02813	0.02658	0.00956	0.00716	0.00218	0.00565	0.00814	0.00669	0.05644
7	0.01386	0.01413	0.02666	0.07080	0.02624	0.01482	0.32306	0.01744	0.01412	0.01941	0.01885	0.17546	0.01889	0.06617	0.01298	0.00291	0.14199	0.01031	0.00409	0.00779

[dist]
# distance from previous block
# <min> <max>
8	18

[block]
# block no. 1 follows, 30 sequences, length 17
# corresponding to MSA columns:
# 90-106
name=unknown_B
#
# <colnr> <probs for GDERKNQSTAVLIFYWHMCP>
#	G	D	E	R	K	N	Q	S	T	A	V	L	I	F	Y	W	H	M	C	P
0	0.01392	0.01089	0.01064	0.01024	0.01188	0.09030	0.00745	0.07454	0.01515	0.02115	0.02225	0.13433	0.02184	0.16026	0.14902	0.00467	0.00843	0.00910	0.21739	0.00656
1	0.01145	0.00858	0.01082	0.01118	0.02885	0.02802	0.00827	0.02759	0.01391	0.01996	0.07138	0.12514	0.06022	0.05475	0.28089	0.00584	0.03909	0.05100	0.13657	0.00649
2	0.01942	0.01514	0.01904	0.01471	0.01987	0.05809	0.09251	0.09266	0.07989	0.13881	0.01831	0.06096	0.01464	0.00794	0.00720	0.00185	0.03581	0.00670	0.00543	0.29102
3	0.02277	0.06803	0.01939	0.01467	0.01931	0.09686	0.01190	0.34896	0.09820	0.07986	0.01886	0.06080	0.01505	0.01167	0.05231	0.00264	0.00825	0.00693	0.00613	0.03741
4	0.01069	0.00860	0.01171	0.01123	0.01309	0.00836	0.04749	0.01396	0.05811	0.02065	0.13153	0.28488	0.12231	0.06957	0.01085	0.00286	0.03053	0.08733	0.00610	0.05015
5	0.12146	0.02670	0.06674	0.02000	0.11122	0.42801	0.03796	0.02445	0.01758	0.02026	0.01473	0.01662	0.05038	0.00751	0.00633	0.00196	0.01039	0.00541	0.00379	0.00848
6	0.00978	0.00718	0.00861	0.00903	0.01000	0.00698	0.00609	0.01240	0.06300	0.01928	0.14770	0.31869	0.11445	0.21611	0.01574	0.00370	0.00470	0.01462	0.00612	0.00584
7	0.01107	0.00869	0.01039	0.01038	0.01211	0.04300	0.00823	0.01426	0.01872	0.02546	0.48540	0.05758	0.05583	0.01531	0.00853	0.00246	0.00463	0.19422	0.00713	0.00662
8	0.01543	0.01642	0.03307	0.05512	0.15249	0.01603	0.42707	0.02017	0.01562	0.02144	0.01673	0.11076	0.01505	0.00829	0.00870	0.00239	0.04310	0.00917	0.00385	0.00909
9	0.01157	0.00872	0.01121	0.05299	0.01393	0.00863	0.00799	0.01338	0.01385	0.05017	0.07629	0.27567	0.10647	0.12475	0.01325	0.00302	0.07085	0.01249	0.00548	0.11929
10	0.12193	0.01603	0.03021	0.11381	0.03163	0.01574	0.40566	0.02161	0.01556	0.06952	0.01503	0.04507	0.01178	0.00684	0.00734	0.00226	0.00959	0.00752	0.00406	0.04879
11	0.16955	0.47318	0.07826	0.01257	0.01830	0.09093	0.01219	0.02196	0.01448	0.04027	0.01053	0.01198	0.00893	0.00631	0.00485	0.00172	0.00772	0.00401	0.00346	0.00879
12	0.01118	0.01246	0.09983	0.05682	0.01525	0.05653	0.00963	0.01352	0.01416	0.01853	0.10350	0.27635	0.08128	0.18273	0.01422	0.00344	0.00625	0.01273	0.00525	0.00634
13	0.07266	0.01286	0.02041	0.55241	0.11966	0.01541	0.01799	0.01891	0.04024	0.01966	0.01289	0.01828	0.00993	0.00750	0.00742	0.02756	0.00865	0.00608	0.00338	0.00810
14	0.01188	0.00851	0.01073	0.01078	0.01197	0.00880	0.00780	0.09927	0.01601	0.02167	0.10646	0.40295	0.03748	0.06429	0.01262	0.07648	0.03979	0.04010	0.00606	0.00637
15	0.07396	0.01857	0.02490	0.13209	0.10518	0.15122	0.18652	0.02129	0.01549	0.02096	0.01260	0.01662	0.01012	0.00713	0.00846	0.00216	0.08810	0.00611	0.04342	0.05511
16	0.12154	0.02192	0.01666	0.06012	0.01998	0.32320	0.01167	0.15144	0.01981	0.02528	0.01390	0.01615	0.01099	0.00970	0.04207	0.00238	0.00958	0.00527	0.10990	0.00843

[dist]
# distance from previous block
# <min> <max>
0	2

[block]
# block no. 2 follows, 30 sequences, length 12
# corresponding to MSA columns:
# 109-120
name=unknown_C
#
# <colnr> <probs for GDERKNQSTAVLIFYWHMCP>
#	G	D	E	R	K	N	Q	S	T	A	V	L	I	F	Y	W	H	M	C	P
0	0.04959	0.01047	0.01214	0.06689	0.01468	0.05381	0.00846	0.10541	0.01387	0.01894	0.01364	0.02081	0.01240	0.05110	0.01973	0.46193	0.00678	0.00612	0.04787	0.00537
1	0.17787	0.01051	0.02932	0.00977	0.01259	0.01034	0.00777	0.05031	0.01634	0.11651	0.21330	0.03185	0.02954	0.11679	0.01104	0.00278	0.02561	0.00820	0.11204	0.00751
2	0.01102	0.00865	0.01085	0.01075	0.01225	0.00876	0.00788	0.05884	0.01520	0.02070	0.07627	0.44881	0.10596	0.01762	0.00975	0.00256	0.07871	0.01519	0.00604	0.07417
3	0.01897	0.01207	0.01451	0.01288	0.01643	0.01251	0.01052	0.13211	0.17173	0.17083	0.14549	0.04111	0.03112	0.01228	0.00786	0.00245	0.00579	0.16453	0.00734	0.00948
4	0.02785	0.01152	0.01537	0.01213	0.01692	0.01026	0.00987	0.06500	0.02022	0.58011	0.08471	0.07052	0.02285	0.00991	0.00723	0.00220	0.00569	0.00824	0.00834	0.01105
5	0.01624	0.01025	0.01396	0.01505	0.10743	0.00984	0.01023	0.02084	0.08441	0.17645	0.22026	0.08221	0.10237	0.01282	0.00788	0.00236	0.00520	0.08663	0.00693	0.00865
6	0.13632	0.01692	0.01939	0.01783	0.11243	0.01793	0.01283	0.38124	0.02472	0.10532	0.01598	0.01656	0.01156	0.00758	0.00644	0.00202	0.00705	0.00581	0.00606	0.07601
7	0.01699	0.01733	0.02453	0.28810	0.38128	0.11173	0.01962	0.02100	0.01572	0.02025	0.01255	0.01712	0.01015	0.00662	0.00685	0.00213	0.00923	0.00598	0.00335	0.00947
8	0.08489	0.01704	0.08750	0.13724	0.40056	0.01586	0.01892	0.02266	0.05121	0.07657	0.01458	0.01769	0.01131	0.00675	0.00669	0.00215	0.00805	0.00606	0.00402	0.01026
9	0.12716	0.07326	0.02334	0.02911	0.41062	0.05562	0.01615	0.02180	0.01577	0.08138	0.01787	0.02007	0.06405	0.00737	0.00644	0.00205	0.00750	0.00631	0.00421	0.00992
10	0.01401	0.01040	0.01082	0.01048	0.01283	0.06291	0.00776	0.03798	0.07645	0.10745	0.06474	0.29681	0.22782	0.01612	0.00804	0.00245	0.00501	0.01388	0.00664	0.00739
11	0.02270	0.01602	0.01738	0.01379	0.01864	0.04368	0.01115	0.33224	0.09691	0.13697	0.11119	0.02309	0.02060	0.00892	0.00694	0.00202	0.00652	0.00710	0.00689	0.09726

[dist]
# distance from previous block
# <min> <max>
49	105

[block]
# block no. 3 follows, 30 sequences, length 7
# corresponding to MSA columns:
# 239-245
name=unknown_D
#
# <colnr> <probs for GDERKNQSTAVLIFYWHMCP>
#	G	D	E	R	K	N	Q	S	T	A	V	L	I	F	Y	W	H	M	C	P
0	0.01844	0.01595	0.02160	0.07302	0.12563	0.01649	0.08405	0.17547	0.18655	0.02874	0.01760	0.01900	0.01343	0.00731	0.00677	0.00199	0.00729	0.00643	0.00527	0.16899
1	0.05555	0.01340	0.02230	0.43143	0.03765	0.01533	0.13381	0.02042	0.09573	0.02069	0.01653	0.07696	0.01378	0.00823	0.00723	0.00237	0.00866	0.00771	0.00398	0.00826
2	0.07371	0.01302	0.02078	0.38140	0.23352	0.01468	0.01754	0.01850	0.01499	0.02136	0.07750	0.02341	0.01625	0.00793	0.00699	0.00227	0.00803	0.03572	0.00386	0.00853
3	0.01891	0.01525	0.01687	0.06902	0.02085	0.01745	0.01193	0.12206	0.52657	0.06247	0.02560	0.02413	0.01895	0.00910	0.00707	0.00232	0.00611	0.00751	0.00685	0.01094
4	0.01385	0.01312	0.02124	0.54878	0.09485	0.01606	0.01842	0.01796	0.01369	0.01833	0.01202	0.01784	0.00947	0.00753	0.00902	0.00234	0.10771	0.00608	0.00318	0.04850
5	0.01773	0.01652	0.02428	0.16208	0.40694	0.04447	0.01859	0.08450	0.10921	0.02448	0.01530	0.01847	0.01211	0.00703	0.00693	0.00215	0.00821	0.00638	0.00421	0.01041
6	0.01647	0.01577	0.02689	0.17815	0.58214	0.01637	0.02102	0.02072	0.01551	0.02183	0.01299	0.01753	0.01071	0.00637	0.00692	0.00212	0.00849	0.00621	0.00339	0.01041

[dist]
# distance from previous block
# <min> <max>
12	56

[block]
# block no. 4 follows, 30 sequences, length 9
# corresponding to MSA columns:
# 306-314
name=unknown_E
#
# <colnr> <probs for GDERKNQSTAVLIFYWHMCP>
#	G	D	E	R	K	N	Q	S	T	A	V	L	I	F	Y	W	H	M	C	P
0	0.01622	0.02833	0.42192	0.01845	0.05270	0.08150	0.01981	0.02464	0.11906	0.04753	0.04526	0.01826	0.01367	0.00741	0.00668	0.00212	0.00895	0.00588	0.00413	0.05748
1	0.01658	0.01624	0.02903	0.03804	0.54641	0.01601	0.13072	0.02095	0.01628	0.02311	0.06550	0.02015	0.01510	0.00677	0.00723	0.00213	0.00849	0.00703	0.00378	0.01044
2	0.01698	0.01628	0.02779	0.09280	0.66356	0.01650	0.02127	0.02116	0.01575	0.02244	0.01307	0.01737	0.01093	0.00627	0.00691	0.00209	0.00836	0.00622	0.00343	0.01082
3	0.01613	0.00993	0.01310	0.01266	0.06557	0.00943	0.00899	0.08058	0.02057	0.16401	0.43201	0.04123	0.07269	0.01214	0.00778	0.00218	0.00461	0.01053	0.00744	0.00843
4	0.01452	0.01320	0.01936	0.43428	0.08859	0.01567	0.01644	0.02346	0.21801	0.02160	0.01846	0.05529	0.01475	0.00836	0.00710	0.00234	0.00785	0.00735	0.00448	0.00889
5	0.08734	0.01298	0.02040	0.57890	0.10339	0.01569	0.01813	0.01916	0.04101	0.01998	0.01285	0.01810	0.00977	0.00696	0.00673	0.00229	0.00870	0.00604	0.00340	0.00816
6	0.15576	0.01339	0.02095	0.49654	0.10601	0.01577	0.05754	0.01893	0.01392	0.02101	0.01209	0.01718	0.00924	0.00675	0.00657	0.00227	0.00865	0.00589	0.00338	0.00814
7	0.01396	0.01293	0.02118	0.52273	0.15848	0.01521	0.01865	0.01923	0.05142	0.01954	0.01529	0.02342	0.01264	0.00793	0.00718	0.00235	0.00870	0.05713	0.00363	0.00840
8	0.01807	0.01588	0.02254	0.16651	0.29390	0.01742	0.01708	0.13812	0.18664	0.02701	0.01737	0.01960	0.01338	0.00753	0.00698	0.00220	0.00770	0.00664	0.00488	0.01055

[dist]
# distance from previous block
# <min> <max>
19	29

[block]
# block no. 5 follows, 30 sequences, length 13
# corresponding to MSA columns:
# 346-358
name=unknown_F
#
# <colnr> <probs for GDERKNQSTAVLIFYWHMCP>
#	G	D	E	R	K	N	Q	S	T	A	V	L	I	F	Y	W	H	M	C	P
0	0.05420	0.01650	0.10998	0.01336	0.01862	0.04407	0.01198	0.10766	0.05935	0.24884	0.06652	0.08938	0.02001	0.00943	0.00686	0.00209	0.00655	0.00771	0.00639	0.10047
1	0.02100	0.11324	0.05612	0.01729	0.05049	0.33376	0.04011	0.05315	0.12973	0.02116	0.01684	0.01786	0.04230	0.00770	0.00638	0.00190	0.00949	0.00572	0.00435	0.05138
2	0.01391	0.19684	0.01701	0.01037	0.01335	0.01281	0.00866	0.04682	0.01788	0.05704	0.33858	0.06945	0.05829	0.04486	0.00851	0.00233	0.00512	0.06448	0.00618	0.00751
3	0.05335	0.28112	0.24774	0.01730	0.08071	0.04811	0.01666	0.02309	0.07289	0.04582	0.04236	0.01632	0.01275	0.00701	0.00591	0.00194	0.00816	0.00527	0.00384	0.00965
4	0.02001	0.38905	0.12975	0.01419	0.02033	0.05872	0.04079	0.02421	0.04973	0.13771	0.04359	0.01668	0.01342	0.00710	0.00576	0.00183	0.00780	0.00530	0.00440	0.00963
5	0.01788	0.20082	0.40280	0.01730	0.02541	0.06394	0.01976	0.13116	0.01788	0.02405	0.01245	0.01411	0.00937	0.00680	0.00617	0.00200	0.00936	0.00497	0.00366	0.01011
6	0.02350	0.02476	0.11663	0.01664	0.02214	0.20708	0.01463	0.36346	0.05535	0.03210	0.01736	0.01789	0.04032	0.00826	0.00681	0.00205	0.00908	0.00608	0.00551	0.01036
7	0.06897	0.31272	0.30144	0.01631	0.05284	0.02021	0.01730	0.02152	0.04257	0.02046	0.01231	0.01450	0.00995	0.00931	0.05049	0.00249	0.00910	0.00481	0.00330	0.00941
8	0.15246	0.11694	0.35441	0.01768	0.08039	0.01682	0.01812	0.02024	0.01419	0.02252	0.01706	0.01887	0.07468	0.00777	0.00685	0.00215	0.04031	0.00577	0.00357	0.00919
9	0.10700	0.34959	0.33880	0.01518	0.02290	0.02113	0.01763	0.02139	0.01416	0.02068	0.01097	0.01279	0.00874	0.00632	0.00542	0.00189	0.00850	0.00437	0.00312	0.00940
10	0.00900	0.00707	0.00957	0.00993	0.01116	0.00646	0.04246	0.01051	0.01392	0.01798	0.04407	0.48063	0.21160	0.07820	0.01082	0.00300	0.00455	0.01714	0.00614	0.00581
11	0.01684	0.31100	0.31453	0.01818	0.02609	0.02064	0.13277	0.02211	0.01500	0.04489	0.01225	0.01439	0.00949	0.00632	0.00609	0.00196	0.00931	0.00520	0.00327	0.00969
12	0.00981	0.00691	0.00860	0.00936	0.00996	0.00671	0.00617	0.03928	0.01372	0.01841	0.07468	0.48407	0.04026	0.21960	0.01600	0.00383	0.00489	0.01618	0.00596	0.00560

[dist]
# distance from previous block
# <min> <max>
4	7

[block]
# block no. 6 follows, 30 sequences, length 120
# corresponding to MSA columns:
# 366-485
name=unknown_G
#
# <colnr> <probs for GDERKNQSTAVLIFYWHMCP>
#	G	D	E	R	K	N	Q	S	T	A	V	L	I	F	Y	W	H	M	C	P
0	0.01866	0.75896	0.03657	0.01194	0.01791	0.02761	0.01194	0.02090	0.01418	0.01642	0.00970	0.01119	0.00896	0.00597	0.00448	0.00149	0.00746	0.00373	0.00299	0.00896
1	0.00836	0.00707	0.00723	0.00719	0.00949	0.00594	0.00539	0.01023	0.01617	0.01948	0.11466	0.06612	0.66403	0.01744	0.00825	0.00235	0.00352	0.01458	0.00656	0.00594
2	0.02653	0.01955	0.02094	0.01606	0.02164	0.02164	0.01326	0.68796	0.03281	0.04398	0.01675	0.01675	0.01187	0.00838	0.00698	0.00209	0.00768	0.00628	0.00698	0.01187
3	0.01262	0.02933	0.01251	0.01109	0.01225	0.03129	0.00823	0.06029	0.01303	0.01804	0.04362	0.03179	0.02024	0.29226	0.25294	0.00682	0.09964	0.00817	0.02964	0.00622
4	0.01825	0.01543	0.01628	0.01438	0.01848	0.01777	0.01126	0.10018	0.63407	0.03062	0.02727	0.02514	0.02039	0.00936	0.00709	0.00234	0.00573	0.00773	0.00709	0.01113
5	0.00997	0.00748	0.01121	0.01121	0.01246	0.00872	0.00872	0.01246	0.01121	0.01620	0.01869	0.02741	0.01745	0.05234	0.72710	0.01121	0.01869	0.00748	0.00374	0.00623
6	0.69647	0.03382	0.01214	0.01002	0.01452	0.01664	0.00831	0.09511	0.01428	0.03233	0.01050	0.01194	0.00808	0.00668	0.00462	0.00213	0.00571	0.00406	0.00458	0.00808
7	0.01212	0.00606	0.00909	0.00909	0.00909	0.00606	0.00606	0.00909	0.00909	0.01212	0.01212	0.02121	0.01212	0.02424	0.02727	0.79697	0.00606	0.00606	0.00303	0.00303
8	0.01447	0.01240	0.01447	0.01034	0.01654	0.00930	0.00827	0.01757	0.01447	0.02274	0.01240	0.01447	0.01034	0.00517	0.00517	0.00103	0.00517	0.00413	0.00413	0.79742
9	0.01447	0.01240	0.01447	0.01034	0.01654	0.00930	0.00827	0.01757	0.01447	0.02274	0.01240	0.01447	0.01034	0.00517	0.00517	0.00103	0.00517	0.00413	0.00413	0.79742
10	0.00850	0.00607	0.00810	0.00972	0.01012	0.00567	0.00648	0.00972	0.01336	0.01781	0.03846	0.75020	0.04615	0.02186	0.00891	0.00283	0.00405	0.01984	0.00648	0.00567
11	0.00975	0.00713	0.00916	0.00865	0.01035	0.00653	0.00649	0.01293	0.01946	0.02730	0.65982	0.05325	0.11399	0.01452	0.00823	0.00221	0.00331	0.01278	0.00759	0.00653
12	0.01301	0.00650	0.00650	0.00650	0.00813	0.00650	0.00488	0.01626	0.01463	0.02602	0.02276	0.02602	0.01789	0.00813	0.00488	0.00163	0.00325	0.00650	0.79350	0.00650
13	0.01301	0.00650	0.00650	0.00650	0.00813	0.00650	0.00488	0.01626	0.01463	0.02602	0.02276	0.02602	0.01789	0.00813	0.00488	0.00163	0.00325	0.00650	0.79350	0.00650
14	0.01015	0.00677	0.00761	0.00761	0.00761	0.00677	0.00423	0.01015	0.01015	0.01353	0.02199	0.04567	0.02537	0.75476	0.03552	0.00677	0.00677	0.01015	0.00423	0.00423
15	0.80405	0.01350	0.01026	0.00918	0.01350	0.01565	0.00756	0.02051	0.01188	0.03131	0.00972	0.01134	0.00756	0.00648	0.00432	0.00216	0.00540	0.00378	0.00432	0.00756
16	0.03003	0.01392	0.01746	0.01339	0.01884	0.01329	0.01106	0.20855	0.02340	0.53668	0.02465	0.02188	0.01583	0.00857	0.00701	0.00214	0.00640	0.00682	0.00819	0.01187
17	0.03026	0.01211	0.01616	0.01255	0.01784	0.01079	0.01032	0.03424	0.07083	0.66459	0.02760	0.02392	0.01758	0.00870	0.00702	0.00217	0.00591	0.00708	0.00852	0.01181
18	0.01634	0.01843	0.03896	0.02817	0.03444	0.01806	0.61095	0.02173	0.01582	0.02173	0.01356	0.01843	0.01043	0.00659	0.00987	0.00243	0.09336	0.00800	0.00348	0.00921
19	0.01582	0.01618	0.02129	0.01830	0.01849	0.05720	0.01518	0.01736	0.01115	0.01681	0.00924	0.01513	0.00915	0.01196	0.02206	0.00299	0.70493	0.00602	0.00308	0.00766
20	0.03113	0.01216	0.01637	0.01255	0.01796	0.01068	0.01037	0.05854	0.02045	0.69085	0.02713	0.02349	0.01707	0.00863	0.00702	0.00216	0.00600	0.00699	0.00857	0.01188
21	0.01015	0.00677	0.00761	0.00761	0.00761	0.00677	0.00423	0.01015	0.01015	0.01353	0.02199	0.04567	0.02537	0.75476	0.03552	0.00677	0.00677	0.01015	0.00423	0.00423
22	0.00988	0.00713	0.00933	0.00878	0.01043	0.00658	0.00658	0.01317	0.01975	0.02798	0.70754	0.05213	0.06584	0.01427	0.00823	0.00219	0.00329	0.01262	0.00768	0.00658
23	0.01447	0.01240	0.01447	0.01034	0.01654	0.00930	0.00827	0.01757	0.01447	0.02274	0.01240	0.01447	0.01034	0.00517	0.00517	0.00103	0.00517	0.00413	0.00413	0.79742
24	0.02633	0.01875	0.02034	0.01566	0.02107	0.02059	0.01289	0.63417	0.03144	0.07715	0.01716	0.01724	0.01215	0.00887	0.00760	0.02619	0.00754	0.00631	0.00695	0.01160
25	0.80405	0.01350	0.01026	0.00918	0.01350	0.01565	0.00756	0.02051	0.01188	0.03131	0.00972	0.01134	0.00756	0.00648	0.00432	0.00216	0.00540	0.00378	0.00432	0.00756
26	0.01318	0.01240	0.02093	0.73798	0.04806	0.01550	0.01938	0.01783	0.01395	0.01783	0.01240	0.01860	0.00930	0.00698	0.00698	0.00233	0.00930	0.00620	0.00310	0.00775
27	0.01431	0.01240	0.01528	0.10183	0.02050	0.01008	0.00967	0.01760	0.01441	0.02212	0.01240	0.01499	0.01021	0.00540	0.00540	0.00120	0.00569	0.00439	0.00400	0.69813
28	0.03037	0.01338	0.01713	0.01313	0.01857	0.01249	0.01085	0.16258	0.02250	0.58392	0.02541	0.02238	0.01621	0.00859	0.00701	0.00215	0.00628	0.00687	0.00831	0.01187
29	0.02607	0.03326	0.01978	0.01798	0.02157	0.72674	0.01348	0.02787	0.01978	0.01708	0.01079	0.01258	0.00899	0.00719	0.00629	0.00180	0.01258	0.00449	0.00360	0.00809
30	0.01318	0.01240	0.02093	0.73798	0.04806	0.01550	0.01938	0.01783	0.01395	0.01783	0.01240	0.01860	0.00930	0.00698	0.00698	0.00233	0.00930	0.00620	0.00310	0.00775
31	0.00850	0.00607	0.00810	0.00972	0.01012	0.00567	0.00648	0.00972	0.01336	0.01781	0.03846	0.75020	0.04615	0.02186	0.00891	0.00283	0.00405	0.01984	0.00648	0.00567
32	0.00869	0.00672	0.00793	0.00840	0.00989	0.00596	0.00601	0.01058	0.01580	0.02042	0.19508	0.31362	0.32893	0.01848	0.00848	0.00250	0.00367	0.01614	0.00674	0.00596
33	0.01943	0.68367	0.03483	0.01257	0.01829	0.10014	0.01210	0.02162	0.01476	0.01649	0.00981	0.01134	0.00896	0.00610	0.00467	0.00152	0.00799	0.00381	0.00305	0.00887
34	0.01231	0.01092	0.01570	0.01435	0.01505	0.01431	0.01161	0.01437	0.01098	0.01646	0.01448	0.02205	0.01379	0.03462	0.41623	0.00761	0.33800	0.00687	0.00344	0.00685
35	0.01400	0.03610	0.71860	0.01989	0.03020	0.01621	0.02578	0.02210	0.01473	0.02210	0.01252	0.01473	0.00884	0.00663	0.00663	0.00221	0.01031	0.00516	0.00295	0.01031
36	0.01066	0.00788	0.00923	0.03220	0.01175	0.00749	0.00684	0.06104	0.01538	0.01928	0.04710	0.15164	0.36994	0.04380	0.01248	0.13970	0.00476	0.03726	0.00573	0.00584
37	0.01531	0.01538	0.02201	0.01868	0.01890	0.02125	0.03682	0.01697	0.01087	0.01697	0.00932	0.01538	0.00921	0.01201	0.02243	0.00303	0.71851	0.00618	0.00307	0.00769
38	0.01495	0.09927	0.61265	0.01978	0.04852	0.04338	0.02398	0.02219	0.01490	0.02143	0.01223	0.01441	0.00892	0.00658	0.00644	0.00213	0.01009	0.00504	0.00299	0.01013
39	0.01511	0.01345	0.02075	0.61619	0.04349	0.01639	0.01827	0.10842	0.04005	0.02173	0.01354	0.01861	0.01006	0.00725	0.00698	0.00230	0.00895	0.00627	0.00376	0.00842
40	0.01189	0.00910	0.01343	0.01686	0.11266	0.00907	0.01233	0.01509	0.01584	0.02093	0.03369	0.11994	0.03649	0.01762	0.00920	0.00302	0.00651	0.52331	0.00601	0.00702
41	0.01749	0.01642	0.02729	0.09715	0.61702	0.01679	0.02077	0.06063	0.01674	0.02365	0.01328	0.01735	0.01096	0.00641	0.00692	0.00209	0.00834	0.00622	0.00363	0.01084
42	0.04325	0.73561	0.03574	0.01185	0.01777	0.02724	0.01180	0.02088	0.01411	0.01688	0.00970	0.01120	0.00891	0.00599	0.00447	0.00151	0.00740	0.00373	0.00303	0.00891
43	0.02874	0.01168	0.01561	0.01223	0.01723	0.01038	0.01001	0.03250	0.06038	0.61927	0.08280	0.02619	0.02146	0.00914	0.00712	0.00217	0.00570	0.00752	0.00847	0.01140
44	0.00977	0.00755	0.01056	0.03408	0.07385	0.00731	0.00846	0.01163	0.01409	0.01873	0.05870	0.47343	0.10361	0.04537	0.03272	0.00312	0.00527	0.06949	0.00598	0.00629
45	0.01201	0.00613	0.00920	0.00920	0.00926	0.00620	0.00620	0.00926	0.00920	0.01233	0.01245	0.02153	0.01239	0.02567	0.06282	0.75706	0.00670	0.00613	0.00307	0.00319
46	0.02622	0.14546	0.10665	0.01390	0.01996	0.04006	0.01294	0.11258	0.01994	0.40132	0.02068	0.01921	0.01384	0.00785	0.00650	0.00203	0.00719	0.00604	0.00658	0.01105
47	0.01508	0.01238	0.01453	0.01041	0.01658	0.00934	0.00834	0.01816	0.01467	0.04767	0.01295	0.01480	0.01059	0.00529	0.00523	0.00107	0.00520	0.00424	0.00430	0.76917
48	0.01449	0.11234	0.64667	0.01905	0.02891	0.01741	0.02432	0.02197	0.01467	0.02150	0.01223	0.01436	0.00885	0.00656	0.00640	0.00213	0.01001	0.00501	0.00295	0.01017
49	0.01695	0.01624	0.02756	0.04155	0.68607	0.01620	0.02084	0.02101	0.01589	0.02266	0.01519	0.01906	0.03605	0.00663	0.00696	0.00208	0.00812	0.00652	0.00356	0.01087
50	0.01010	0.00695	0.00852	0.00852	0.00884	0.00726	0.00537	0.01073	0.01042	0.01421	0.02115	0.04104	0.02336	0.57667	0.21086	0.00789	0.00979	0.00947	0.00410	0.00474
51	0.00971	0.00755	0.00872	0.00836	0.01030	0.00697	0.00619	0.01316	0.05793	0.02350	0.37286	0.05590	0.30781	0.06824	0.01012	0.00259	0.00377	0.01297	0.00694	0.00641
52	0.01318	0.01240	0.02093	0.73798	0.04806	0.01550	0.01938	0.01783	0.01395	0.01783	0.01240	0.01860	0.00930	0.00698	0.00698	0.00233	0.00930	0.00620	0.00310	0.00775
53	0.03074	0.01278	0.01676	0.01285	0.01827	0.01160	0.01061	0.11144	0.02149	0.63648	0.02625	0.02292	0.01663	0.00861	0.00701	0.00215	0.00614	0.00693	0.00844	0.01187
54	0.01447	0.01240	0.01447	0.01034	0.01654	0.00930	0.00827	0.01757	0.01447	0.02274	0.01240	0.01447	0.01034	0.00517	0.00517	0.00103	0.00517	0.00413	0.00413	0.79742
55	0.80405	0.01350	0.01026	0.00918	0.01350	0.01565	0.00756	0.02051	0.01188	0.03131	0.00972	0.01134	0.00756	0.00648	0.00432	0.00216	0.00540	0.00378	0.00432	0.00756
56	0.71896	0.01399	0.01124	0.00986	0.01426	0.01615	0.00810	0.07006	0.03790	0.03216	0.01090	0.01226	0.00836	0.00672	0.00461	0.00216	0.00557	0.00411	0.00461	0.00800
57	0.01908	0.01236	0.01299	0.01079	0.01420	0.01330	0.00864	0.31792	0.02280	0.03408	0.02007	0.02186	0.01518	0.00824	0.00582	0.00184	0.00524	0.00640	0.44027	0.00891
58	0.02960	0.01398	0.01742	0.01342	0.01882	0.01346	0.01107	0.20469	0.04600	0.51780	0.02475	0.02200	0.01600	0.00860	0.00701	0.00215	0.00638	0.00686	0.00815	0.01185
59	0.54297	0.01553	0.01384	0.01149	0.01623	0.01766	0.00947	0.24463	0.01891	0.03556	0.01208	0.01316	0.00900	0.00712	0.00521	0.00214	0.00616	0.00462	0.00521	0.00900
60	0.17032	0.07741	0.01982	0.01497	0.01983	0.20490	0.01216	0.34174	0.02412	0.03254	0.01336	0.01424	0.01010	0.00753	0.00612	0.00198	0.00852	0.00516	0.00530	0.00986
61	0.01059	0.00729	0.00956	0.00890	0.01067	0.00671	0.00671	0.01387	0.01976	0.05097	0.68482	0.05118	0.06422	0.01408	0.00819	0.00219	0.00338	0.01243	0.00771	0.00676
62	0.03131	0.01188	0.01619	0.01242	0.01781	0.01026	0.01026	0.03401	0.01997	0.71606	0.02753	0.02375	0.01727	0.00864	0.00702	0.00216	0.00594	0.00702	0.00864	0.01188
63	0.00871	0.00691	0.00783	0.00798	0.00981	0.00603	0.00584	0.01077	0.01644	0.02102	0.22910	0.18478	0.42499	0.01754	0.00836	0.00240	0.00356	0.01509	0.00679	0.00603
64	0.02994	0.01147	0.01547	0.01197	0.01709	0.00998	0.00985	0.03268	0.01957	0.66435	0.02717	0.02392	0.01732	0.00860	0.00686	0.00212	0.00574	0.00698	0.06745	0.01147
65	0.00850	0.00607	0.00810	0.00972	0.01012	0.00567	0.00648	0.00972	0.01336	0.01781	0.03846	0.75020	0.04615	0.02186	0.00891	0.00283	0.00405	0.01984	0.00648	0.00567
66	0.03113	0.01216	0.01637	0.01255	0.01795	0.01068	0.01037	0.05808	0.02045	0.69132	0.02713	0.02349	0.01707	0.00863	0.00702	0.00216	0.00600	0.00699	0.00858	0.01188
67	0.02507	0.02184	0.02052	0.04119	0.04107	0.17223	0.01358	0.45926	0.07653	0.03570	0.01606	0.01660	0.01182	0.00809	0.00684	0.00206	0.00865	0.00601	0.00604	0.01084
68	0.00848	0.00615	0.00802	0.00952	0.01007	0.00568	0.00639	0.00974	0.01355	0.01789	0.04088	0.69902	0.09578	0.02155	0.00886	0.00280	0.00401	0.01946	0.00648	0.00568
69	0.80405	0.01350	0.01026	0.00918	0.01350	0.01565	0.00756	0.02051	0.01188	0.03131	0.00972	0.01134	0.00756	0.00648	0.00432	0.00216	0.00540	0.00378	0.00432	0.00756
70	0.74578	0.01395	0.01106	0.00969	0.01411	0.01610	0.00798	0.07053	0.01344	0.03226	0.01024	0.01174	0.00788	0.00662	0.00452	0.00215	0.00557	0.00397	0.00452	0.00788
71	0.01833	0.01871	0.02687	0.06550	0.59159	0.11411	0.02025	0.02217	0.01635	0.02183	0.01278	0.01668	0.01070	0.00638	0.00683	0.00204	0.00892	0.00598	0.00346	0.01052
72	0.01148	0.00749	0.00984	0.00905	0.01098	0.00686	0.00686	0.01473	0.01977	0.07955	0.65659	0.05000	0.06220	0.01384	0.00814	0.00219	0.00349	0.01220	0.00775	0.00698
73	0.02956	0.01175	0.01582	0.01225	0.01737	0.01032	0.01007	0.05172	0.02033	0.64469	0.07817	0.02567	0.02075	0.00905	0.00711	0.00216	0.00579	0.00742	0.00852	0.01148
74	0.00986	0.00665	0.00770	0.00798	0.00805	0.00658	0.00462	0.01007	0.01071	0.01427	0.02484	0.16786	0.02897	0.62764	0.03090	0.00608	0.00629	0.01183	0.00462	0.00448
75	0.01124	0.00803	0.01124	0.01285	0.01446	0.00803	0.01124	0.01446	0.01606	0.02088	0.03695	0.07871	0.04016	0.01928	0.00964	0.00321	0.00643	0.66426	0.00643	0.00643
76	0.80405	0.01350	0.01026	0.00918	0.01350	0.01565	0.00756	0.02051	0.01188	0.03131	0.00972	0.01134	0.00756	0.00648	0.00432	0.00216	0.00540	0.00378	0.00432	0.00756
77	0.01727	0.01658	0.02832	0.04283	0.71123	0.01658	0.02142	0.02142	0.01589	0.02280	0.01313	0.01727	0.01105	0.00622	0.00691	0.00207	0.00829	0.00622	0.00345	0.01105
78	0.00847	0.00618	0.00798	0.00942	0.01004	0.00569	0.00635	0.00975	0.01365	0.01793	0.04209	0.67340	0.12062	0.02139	0.00883	0.00278	0.00399	0.01926	0.00648	0.00569
79	0.70655	0.01329	0.01101	0.00959	0.01404	0.01497	0.00790	0.02222	0.01290	0.11770	0.01196	0.01290	0.00878	0.00675	0.00466	0.00216	0.00547	0.00419	0.00486	0.00810
80	0.01953	0.68820	0.03484	0.01236	0.01815	0.07394	0.01199	0.02175	0.01473	0.03719	0.01030	0.01166	0.00920	0.00613	0.00467	0.00153	0.00776	0.00388	0.00319	0.00898
81	0.01866	0.75896	0.03657	0.01194	0.01791	0.02761	0.01194	0.02090	0.01418	0.01642	0.00970	0.01119	0.00896	0.00597	0.00448	0.00149	0.00746	0.00373	0.00299	0.00896
82	0.01816	0.51275	0.15422	0.01305	0.01949	0.02255	0.01379	0.02145	0.01489	0.07723	0.01608	0.01690	0.05966	0.00715	0.00535	0.00174	0.00756	0.00505	0.00371	0.00923
83	0.01003	0.00725	0.01008	0.01008	0.01094	0.00811	0.00731	0.01173	0.01088	0.01536	0.01973	0.03315	0.01993	0.27291	0.50993	0.00982	0.01495	0.00832	0.00389	0.00560
84	0.80405	0.01350	0.01026	0.00918	0.01350	0.01565	0.00756	0.02051	0.01188	0.03131	0.00972	0.01134	0.00756	0.00648	0.00432	0.00216	0.00540	0.00378	0.00432	0.00756
85	0.01628	0.01976	0.08792	0.02889	0.07137	0.01768	0.56890	0.02200	0.01602	0.02208	0.01370	0.01827	0.01042	0.00628	0.00879	0.00236	0.04857	0.00780	0.00346	0.00947
86	0.02908	0.01406	0.01738	0.01347	0.01882	0.01368	0.01108	0.20136	0.07206	0.49489	0.02484	0.02213	0.01618	0.00863	0.00701	0.00216	0.00635	0.00689	0.00810	0.01181
87	0.01023	0.00731	0.01008	0.01169	0.01285	0.00716	0.00948	0.01270	0.01506	0.01975	0.03751	0.32731	0.04238	0.02023	0.00937	0.00307	0.00555	0.42569	0.00644	0.00615
88	0.00870	0.00622	0.00827	0.00958	0.01016	0.00580	0.00649	0.01020	0.01426	0.01925	0.13296	0.65161	0.04893	0.02079	0.00881	0.00274	0.00394	0.01882	0.00665	0.00580
89	0.01016	0.00762	0.01119	0.01119	0.01235	0.00887	0.00866	0.01256	0.01146	0.01668	0.01983	0.07536	0.01910	0.04732	0.62879	0.01003	0.04205	0.00822	0.03229	0.00625
90	0.01060	0.00823	0.01174	0.01139	0.01228	0.00981	0.00868	0.01255	0.01097	0.01581	0.01819	0.02920	0.01788	0.16902	0.52859	0.00953	0.09796	0.00778	0.00375	0.00604
91	0.01001	0.00715	0.00983	0.01144	0.01251	0.00697	0.00910	0.01232	0.01485	0.01950	0.03763	0.38082	0.04286	0.02044	0.00931	0.00304	0.00536	0.37433	0.00645	0.00608
92	0.02607	0.03326	0.01978	0.01798	0.02157	0.72674	0.01348	0.02787	0.01978	0.01708	0.01079	0.01258	0.00899	0.00719	0.00629	0.00180	0.01258	0.00449	0.00360	0.00809
93	0.01359	0.01168	0.09018	0.01072	0.01416	0.00890	0.00949	0.04022	0.04005	0.11274	0.35251	0.04613	0.17253	0.01318	0.00787	0.00226	0.00479	0.03417	0.00695	0.00785
94	0.02419	0.02841	0.01857	0.01738	0.04583	0.56222	0.01272	0.07368	0.01994	0.02031	0.01275	0.01469	0.01035	0.00735	0.00619	0.00181	0.01094	0.00493	0.09944	0.00828
95	0.02075	0.02447	0.04732	0.10876	0.29545	0.34366	0.01768	0.02401	0.01742	0.01958	0.01195	0.01517	0.00983	0.00677	0.00662	0.00198	0.01045	0.00539	0.00346	0.00929
96	0.00988	0.00713	0.00933	0.00878	0.01043	0.00658	0.00658	0.01317	0.01975	0.02798	0.70754	0.05213	0.06584	0.01427	0.00823	0.00219	0.00329	0.01262	0.00768	0.00658
97	0.01647	0.01882	0.04118	0.02941	0.03647	0.01765	0.68588	0.02235	0.01647	0.02235	0.01412	0.01882	0.01059	0.00588	0.00824	0.00235	0.01176	0.00824	0.00353	0.00941
98	0.01736	0.01499	0.01578	0.01420	0.01815	0.01736	0.01105	0.03708	0.69862	0.02919	0.02840	0.02604	0.02130	0.00947	0.00710	0.00237	0.00552	0.00789	0.00710	0.01105
99	0.01318	0.01240	0.02093	0.73798	0.04806	0.01550	0.01938	0.01783	0.01395	0.01783	0.01240	0.01860	0.00930	0.00698	0.00698	0.00233	0.00930	0.00620	0.00310	0.00775
100	0.02629	0.01870	0.02019	0.01553	0.02097	0.02053	0.01281	0.63097	0.03151	0.07748	0.01751	0.01744	0.01235	0.00838	0.00691	0.00208	0.00743	0.00633	0.03489	0.01168
101	0.00966	0.00705	0.00907	0.00872	0.01033	0.00647	0.00648	0.01269	0.01901	0.02657	0.61209	0.10305	0.11259	0.01506	0.00828	0.00225	0.00336	0.01329	0.00751	0.00647
102	0.01442	0.01315	0.02210	0.48685	0.10141	0.01515	0.08339	0.05483	0.01544	0.02074	0.01456	0.04524	0.01167	0.00749	0.00701	0.00226	0.00874	0.00692	0.06035	0.00828
103	0.00884	0.00719	0.00788	0.00810	0.01007	0.00635	0.00599	0.01129	0.03788	0.02000	0.12832	0.18247	0.48678	0.01783	0.00836	0.00245	0.00375	0.03373	0.00662	0.00611
104	0.01866	0.75896	0.03657	0.01194	0.01791	0.02761	0.01194	0.02090	0.01418	0.01642	0.00970	0.01119	0.00896	0.00597	0.00448	0.00149	0.00746	0.00373	0.00299	0.00896
105	0.12158	0.04811	0.05541	0.01526	0.02080	0.07089	0.01306	0.47777	0.02725	0.06080	0.01534	0.01571	0.01105	0.00789	0.00649	0.00207	0.00782	0.00572	0.00611	0.01088
106	0.01745	0.01716	0.02741	0.08643	0.63340	0.05258	0.02088	0.02151	0.01596	0.02219	0.01296	0.01712	0.01084	0.00632	0.00688	0.00207	0.00857	0.00613	0.00344	0.01069
107	0.01401	0.01325	0.02243	0.59711	0.18245	0.01572	0.01979	0.01856	0.01435	0.01884	0.01255	0.01833	0.00966	0.00682	0.00696	0.00227	0.00910	0.00620	0.00317	0.00842
108	0.02156	0.01245	0.04037	0.01249	0.01713	0.01086	0.03379	0.04547	0.09526	0.33346	0.19056	0.02930	0.02818	0.00958	0.00716	0.00208	0.00558	0.00815	0.00735	0.08923
109	0.01768	0.01515	0.01596	0.01427	0.01827	0.01751	0.01112	0.06011	0.67506	0.02971	0.02799	0.02571	0.02097	0.00943	0.00710	0.00236	0.00560	0.00783	0.00710	0.01107
110	0.05301	0.01250	0.01638	0.01260	0.01798	0.01126	0.01040	0.08263	0.02070	0.64615	0.02621	0.02287	0.01659	0.00856	0.00694	0.00215	0.00605	0.00687	0.00839	0.01175
111	0.01042	0.00716	0.00850	0.00814	0.01008	0.00646	0.00611	0.01318	0.01782	0.04692	0.39398	0.07159	0.25014	0.01457	0.00781	0.00219	0.00347	0.01253	0.10244	0.00651
112	0.02494	0.01876	0.02005	0.01574	0.02104	0.02090	0.01288	0.57565	0.14769	0.04143	0.01876	0.01836	0.01350	0.00857	0.00700	0.00214	0.00731	0.00656	0.00700	0.01173
113	0.01463	0.01476	0.02616	0.11121	0.02774	0.01617	0.27331	0.02039	0.09704	0.02074	0.01855	0.13710	0.01718	0.01033	0.01105	0.00257	0.15899	0.00938	0.00429	0.00843
114	0.01124	0.00803	0.01124	0.01285	0.01446	0.00803	0.01124	0.01446	0.01606	0.02088	0.03695	0.07871	0.04016	0.01928	0.00964	0.00321	0.00643	0.66426	0.00643	0.00643
115	0.01727	0.01658	0.02832	0.04283	0.71123	0.01658	0.02142	0.02142	0.01589	0.02280	0.01313	0.01727	0.01105	0.00622	0.00691	0.00207	0.00829	0.00622	0.00345	0.01105
116	0.00853	0.00714	0.00746	0.00756	0.00984	0.00608	0.00579	0.01046	0.01606	0.01933	0.09106	0.06748	0.63522	0.01767	0.00835	0.00241	0.00374	0.06333	0.00652	0.00596
117	0.52581	0.01492	0.01363	0.01129	0.01604	0.01670	0.00931	0.19630	0.01813	0.10107	0.01328	0.01396	0.00963	0.00718	0.00528	0.00214	0.00605	0.00475	0.00543	0.00910
118	0.01713	0.01644	0.02807	0.06674	0.68842	0.01654	0.02135	0.02129	0.01582	0.02263	0.01310	0.01732	0.01099	0.00624	0.00691	0.00208	0.00832	0.00622	0.00344	0.01094
119	0.01318	0.01240	0.02093	0.73798	0.04806	0.01550	0.01938	0.01783	0.01395	0.01783	0.01240	0.01860	0.00930	0.00698	0.00698	0.00233	0.00930	0.00620	0.00310	0.00775

[dist]
# distance from previous block
# <min> <max>
0	1

[block]
# block no. 7 follows, 30 sequences, length 234
# corresponding to MSA columns:
# 487-720
name=unknown_H
#
# <colnr> <probs for GDERKNQSTAVLIFYWHMCP>
#	G	D	E	R	K	N	Q	S	T	A	V	L	I	F	Y	W	H	M	C	P
0	0.21878	0.01406	0.01803	0.36115	0.05120	0.03904	0.01487	0.06045	0.01504	0.07651	0.01289	0.01657	0.00965	0.00739	0.00733	0.00228	0.05670	0.00559	0.00409	0.00836
1	0.00855	0.00610	0.00808	0.00965	0.01004	0.00570	0.00641	0.00973	0.01326	0.01768	0.03793	0.72754	0.04549	0.04544	0.00976	0.00296	0.00414	0.01953	0.00641	0.00562
2	0.01483	0.01409	0.02391	0.45765	0.31550	0.01594	0.02020	0.01928	0.01473	0.01983	0.01269	0.01807	0.01001	0.00667	0.00695	0.00222	0.00889	0.00621	0.00324	0.00908
3	0.01333	0.00989	0.01243	0.01282	0.01501	0.01034	0.01067	0.09467	0.09621	0.02449	0.06519	0.14382	0.03662	0.01696	0.00889	0.00289	0.00604	0.40558	0.00663	0.00751
4	0.01937	0.01541	0.01645	0.01422	0.01848	0.01742	0.01122	0.15333	0.52471	0.06367	0.02764	0.02559	0.04174	0.00950	0.00711	0.00231	0.00587	0.00778	0.00713	0.01106
5	0.01598	0.01029	0.01067	0.00959	0.01231	0.01111	0.00746	0.12254	0.16315	0.02942	0.02305	0.02462	0.01770	0.00845	0.00567	0.00185	0.00441	0.00677	0.50666	0.00829
6	0.01316	0.00887	0.01079	0.00992	0.01236	0.00862	0.00756	0.01879	0.13093	0.10143	0.40239	0.09041	0.12959	0.01375	0.00796	0.00228	0.00403	0.01194	0.00747	0.00776
7	0.01712	0.01689	0.02658	0.15725	0.55914	0.05914	0.02060	0.02121	0.01580	0.02163	0.01286	0.01721	0.01064	0.00640	0.00688	0.00210	0.00872	0.00611	0.00340	0.01032
8	0.01716	0.01306	0.01526	0.01109	0.01716	0.01061	0.00894	0.08549	0.01678	0.08639	0.01418	0.01552	0.01110	0.00579	0.00551	0.00124	0.00549	0.00460	0.00482	0.64981
9	0.01420	0.00766	0.00778	0.00735	0.00933	0.00784	0.00562	0.07572	0.01624	0.02761	0.02223	0.02520	0.01735	0.00815	0.00506	0.00167	0.00364	0.00648	0.72387	0.00698
10	0.03131	0.01188	0.01619	0.01242	0.01781	0.01026	0.01026	0.03401	0.01997	0.71606	0.02753	0.02375	0.01727	0.00864	0.00702	0.00216	0.00594	0.00702	0.00864	0.01188
11	0.01400	0.03610	0.71860	0.01989	0.03020	0.01621	0.02578	0.02210	0.01473	0.02210	0.01252	0.01473	0.00884	0.00663	0.00663	0.00221	0.01031	0.00516	0.00295	0.01031
12	0.01866	0.75896	0.03657	0.01194	0.01791	0.02761	0.01194	0.02090	0.01418	0.01642	0.00970	0.01119	0.00896	0.00597	0.00448	0.00149	0.00746	0.00373	0.00299	0.00896
13	0.02529	0.01794	0.01929	0.01495	0.02012	0.01970	0.01230	0.59670	0.03050	0.06477	0.01774	0.01794	0.01267	0.00836	0.00677	0.00205	0.00716	0.00633	0.08810	0.01131
14	0.00850	0.00607	0.00810	0.00972	0.01012	0.00567	0.00648	0.00972	0.01336	0.01781	0.03846	0.75020	0.04615	0.02186	0.00891	0.00283	0.00405	0.01984	0.00648	0.00567
15	0.02030	0.01564	0.01765	0.01598	0.06005	0.01716	0.01189	0.36705	0.17504	0.03415	0.02349	0.16689	0.02083	0.01121	0.00739	0.00230	0.00651	0.00937	0.00669	0.01039
16	0.01687	0.01648	0.02633	0.09787	0.59339	0.04578	0.02014	0.02084	0.01589	0.02195	0.01574	0.01958	0.04436	0.00687	0.00695	0.00210	0.00833	0.00655	0.00358	0.01041
17	0.02619	0.01881	0.02033	0.01573	0.02119	0.02072	0.01295	0.60793	0.07633	0.08080	0.01813	0.01776	0.01280	0.00846	0.00699	0.00212	0.00744	0.00643	0.00708	0.01181
18	0.01442	0.10120	0.65718	0.01917	0.02910	0.01723	0.02454	0.02199	0.01468	0.02159	0.01227	0.01441	0.00885	0.00657	0.00644	0.00215	0.01006	0.00503	0.00295	0.01019
19	0.00826	0.00700	0.00714	0.00725	0.00947	0.00588	0.00538	0.00999	0.01574	0.01878	0.06855	0.11254	0.66439	0.01795	0.00829	0.00239	0.00357	0.01507	0.00648	0.00588
20	0.02607	0.03326	0.01978	0.01798	0.02157	0.72674	0.01348	0.02787	0.01978	0.01708	0.01079	0.01258	0.00899	0.00719	0.00629	0.00180	0.01258	0.00449	0.00360	0.00809
21	0.00883	0.00712	0.00788	0.00777	0.00989	0.00617	0.00588	0.01110	0.01705	0.02163	0.25854	0.06308	0.49563	0.01672	0.00829	0.00234	0.00356	0.03559	0.00683	0.00611
22	0.01866	0.75896	0.03657	0.01194	0.01791	0.02761	0.01194	0.02090	0.01418	0.01642	0.00970	0.01119	0.00896	0.00597	0.00448	0.00149	0.00746	0.00373	0.00299	0.00896
23	0.00988	0.00713	0.00933	0.00878	0.01043	0.00658	0.00658	0.01317	0.01975	0.02798	0.70754	0.05213	0.06584	0.01427	0.00823	0.00219	0.00329	0.01262	0.00768	0.00658
24	0.00850	0.00607	0.00810	0.00972	0.01012	0.00567	0.00648	0.00972	0.01336	0.01781	0.03846	0.75020	0.04615	0.02186	0.00891	0.00283	0.00405	0.01984	0.00648	0.00567
25	0.01722	0.01677	0.02743	0.09982	0.63368	0.03956	0.02099	0.02133	0.01585	0.02220	0.01299	0.01723	0.01084	0.00631	0.00689	0.00208	0.00851	0.00616	0.00343	0.01068
26	0.01400	0.03610	0.71860	0.01989	0.03020	0.01621	0.02578	0.02210	0.01473	0.02210	0.01252	0.01473	0.00884	0.00663	0.00663	0.00221	0.01031	0.00516	0.00295	0.01031
27	0.03131	0.01188	0.01619	0.01242	0.01781	0.01026	0.01026	0.03401	0.01997	0.71606	0.02753	0.02375	0.01727	0.00864	0.00702	0.00216	0.00594	0.00702	0.00864	0.01188
28	0.01723	0.01669	0.02893	0.04220	0.67964	0.01663	0.05252	0.02146	0.01592	0.02278	0.01317	0.01734	0.01103	0.00620	0.00697	0.00209	0.00845	0.00631	0.00346	0.01098
29	0.01103	0.00788	0.01099	0.01252	0.01405	0.00784	0.01079	0.01412	0.01602	0.02093	0.05976	0.11922	0.04140	0.01927	0.00955	0.00315	0.00617	0.60244	0.00647	0.00638
30	0.01002	0.00671	0.00765	0.00777	0.00780	0.00668	0.00440	0.01011	0.01039	0.01386	0.02325	0.09956	0.02696	0.69870	0.03348	0.00646	0.00656	0.01089	0.00440	0.00434
31	0.00997	0.00748	0.01121	0.01121	0.01246	0.00872	0.00872	0.01246	0.01121	0.01620	0.01869	0.02741	0.01745	0.05234	0.72710	0.01121	0.01869	0.00748	0.00374	0.00623
32	0.00999	0.00674	0.00761	0.00769	0.00781	0.00668	0.00438	0.01012	0.01054	0.01396	0.02482	0.08045	0.05503	0.68858	0.03309	0.00639	0.00650	0.01081	0.00443	0.00437
33	0.05419	0.02824	0.01964	0.01702	0.02120	0.48633	0.01314	0.21047	0.04179	0.02537	0.01288	0.01406	0.01007	0.00756	0.00643	0.00191	0.01077	0.00506	0.00465	0.00920
34	0.01818	0.01540	0.01624	0.01437	0.01846	0.01774	0.01124	0.09552	0.63884	0.03052	0.02736	0.02520	0.02045	0.00937	0.00709	0.00234	0.00572	0.00775	0.00709	0.01112
35	0.01464	0.01300	0.01709	0.01482	0.01529	0.01688	0.01169	0.07141	0.01239	0.01808	0.01376	0.02478	0.01440	0.24123	0.02545	0.00412	0.45290	0.00737	0.00375	0.00694
36	0.02653	0.01955	0.02094	0.01606	0.02164	0.02164	0.01326	0.68796	0.03281	0.04398	0.01675	0.01675	0.01187	0.00838	0.00698	0.00209	0.00768	0.00628	0.00698	0.01187
37	0.00875	0.00625	0.00838	0.01000	0.01051	0.00588	0.00690	0.01014	0.01360	0.01809	0.03833	0.69029	0.04562	0.02163	0.00897	0.00287	0.00426	0.07734	0.00647	0.00574
38	0.00849	0.00611	0.00806	0.00963	0.01010	0.00568	0.00644	0.00973	0.01345	0.01785	0.03957	0.72662	0.06902	0.02172	0.00888	0.00282	0.00403	0.01966	0.00648	0.00568
39	0.01830	0.70427	0.08816	0.01254	0.01884	0.02675	0.01299	0.02099	0.01422	0.01685	0.00991	0.01146	0.00895	0.00602	0.00464	0.00155	0.00768	0.00384	0.00298	0.00906
40	0.01561	0.01411	0.02363	0.31572	0.18014	0.01451	0.10431	0.01991	0.01509	0.05405	0.01351	0.01776	0.01044	0.00639	0.00676	0.00201	0.00841	0.00609	0.00371	0.16784
41	0.02423	0.02860	0.02169	0.02312	0.16862	0.51873	0.01516	0.07947	0.01999	0.02046	0.01176	0.01392	0.00966	0.00708	0.00648	0.00188	0.01128	0.00501	0.00384	0.00902
42	0.01153	0.00836	0.01146	0.01291	0.01463	0.00847	0.01124	0.01552	0.04801	0.02127	0.03655	0.07625	0.03928	0.01882	0.00952	0.00317	0.00638	0.63353	0.00646	0.00664
43	0.01386	0.01222	0.02053	0.58117	0.06502	0.01455	0.03961	0.01829	0.01456	0.04387	0.01588	0.02574	0.01328	0.00841	0.00733	0.00241	0.00889	0.08274	0.00371	0.00791
44	0.02117	0.01581	0.01766	0.04920	0.02004	0.01740	0.01186	0.45979	0.06748	0.03578	0.02226	0.18692	0.02024	0.01149	0.00743	0.00229	0.00679	0.00951	0.00669	0.01019
45	0.01951	0.01491	0.01614	0.01411	0.01832	0.01680	0.01109	0.07590	0.58064	0.10893	0.02760	0.02521	0.02027	0.00931	0.00708	0.00233	0.00570	0.00769	0.00727	0.01119
