[name]
unknown

[dist]
# distance from previous block
# <min> <max>
10	49

[block]
# block no. 0 follows, 29 sequences, length 33
# corresponding to MSA columns:
# 53-85
name=unknown_A
#
# <colnr> <probs for GDERKNQSTAVLIFYWHMCP>
#	G	D	E	R	K	N	Q	S	T	A	V	L	I	F	Y	W	H	M	C	P
0	0.04834	0.08269	0.25119	0.12825	0.02902	0.12197	0.05215	0.11227	0.01846	0.07029	0.01386	0.01602	0.01016	0.00719	0.00667	0.00214	0.00971	0.00560	0.00416	0.00985
1	0.01882	0.04088	0.05020	0.01352	0.01855	0.01536	0.01142	0.21496	0.15069	0.05356	0.09737	0.02480	0.02093	0.01025	0.02839	0.00226	0.00668	0.02762	0.00617	0.18754
2	0.05327	0.01634	0.06314	0.01484	0.01968	0.01580	0.05019	0.16707	0.15726	0.09855	0.03487	0.02219	0.01609	0.06596	0.01023	0.00251	0.05719	0.00688	0.00584	0.12207
3	0.07287	0.00928	0.01113	0.01026	0.01316	0.00846	0.00817	0.01509	0.01643	0.02430	0.24374	0.04751	0.06103	0.06809	0.00978	0.00257	0.00506	0.17094	0.00607	0.19606
4	0.01926	0.01790	0.06417	0.02047	0.15155	0.05750	0.01433	0.05473	0.37795	0.07850	0.02273	0.02231	0.01706	0.00842	0.00704	0.00223	0.00701	0.00706	0.00603	0.04376
5	0.01069	0.00845	0.01121	0.01059	0.01238	0.00894	0.00808	0.01281	0.01246	0.01742	0.02729	0.03499	0.13414	0.12256	0.40325	0.00779	0.05286	0.00877	0.00436	0.09097
6	0.02272	0.04980	0.03976	0.02485	0.23039	0.21171	0.01607	0.23439	0.02274	0.02817	0.01610	0.01786	0.03814	0.00778	0.00686	0.00204	0.00929	0.00611	0.00481	0.01041
7	0.01140	0.00960	0.01210	0.01196	0.01341	0.06218	0.00926	0.01389	0.01210	0.01660	0.01847	0.02684	0.01716	0.04996	0.66804	0.01073	0.01861	0.00740	0.00380	0.00650
8	0.01805	0.60518	0.17752	0.01387	0.02088	0.02576	0.01512	0.02158	0.01459	0.01796	0.01050	0.01217	0.00911	0.00623	0.00502	0.00167	0.00822	0.00411	0.00304	0.00943
9	0.01309	0.01217	0.02038	0.67858	0.04615	0.01507	0.01879	0.01757	0.01419	0.01819	0.01465	0.07330	0.01230	0.00826	0.00727	0.00241	0.00909	0.00737	0.00342	0.00775
10	0.01001	0.00820	0.00889	0.00898	0.01116	0.00773	0.00672	0.01421	0.10463	0.02064	0.07659	0.14929	0.43415	0.05232	0.00977	0.00273	0.00428	0.05643	0.00662	0.00665
11	0.07116	0.48019	0.02967	0.01322	0.01852	0.16043	0.01194	0.06522	0.01676	0.01983	0.01376	0.01499	0.04457	0.00714	0.00528	0.00171	0.00830	0.00470	0.00370	0.00891
12	0.01460	0.08463	0.66784	0.01975	0.02998	0.01731	0.02537	0.02247	0.01500	0.02216	0.01259	0.01479	0.00903	0.00672	0.00662	0.00221	0.01033	0.00516	0.00301	0.01043
13	0.00995	0.00727	0.00934	0.00882	0.01056	0.00666	0.00662	0.01319	0.01985	0.02783	0.65269	0.05438	0.11652	0.01483	0.00840	0.00225	0.00338	0.01304	0.00774	0.00666
14	0.01764	0.01771	0.03011	0.07577	0.54605	0.04485	0.11872	0.02207	0.01636	0.02271	0.01341	0.01774	0.01103	0.00637	0.00723	0.00216	0.00921	0.00658	0.00352	0.01074
15	0.01703	0.01618	0.02683	0.14009	0.55801	0.01682	0.02073	0.02257	0.06845	0.02304	0.01450	0.01851	0.01184	0.00671	0.00707	0.00218	0.00839	0.00647	0.00376	0.01080
16	0.01893	0.02405	0.26403	0.02311	0.10810	0.05246	0.13181	0.02410	0.01605	0.13856	0.01515	0.01758	0.01111	0.00778	0.00952	0.00236	0.11453	0.00635	0.00421	0.01022
17	0.01327	0.00664	0.00664	0.00664	0.00830	0.00664	0.00498	0.01659	0.01493	0.02655	0.02323	0.02655	0.01825	0.00830	0.00498	0.00166	0.00332	0.00664	0.78928	0.00664
18	0.08478	0.01503	0.02111	0.02234	0.21335	0.01478	0.04027	0.13400	0.02045	0.31066	0.02136	0.02119	0.03177	0.00803	0.00699	0.00218	0.00716	0.00681	0.00644	0.01128
19	0.02207	0.01528	0.01683	0.01339	0.01749	0.01628	0.01047	0.41065	0.02522	0.08505	0.03412	0.02620	0.01734	0.20664	0.01486	0.00337	0.00725	0.00757	0.00639	0.04354
20	0.01070	0.00913	0.04003	0.00967	0.01191	0.00791	0.00771	0.01527	0.06955	0.02708	0.54443	0.05063	0.11371	0.03992	0.00922	0.00243	0.00398	0.01228	0.00736	0.00708
21	0.00889	0.00645	0.00845	0.00998	0.01065	0.00601	0.00693	0.01035	0.01407	0.01853	0.04167	0.63618	0.09747	0.02175	0.00910	0.00289	0.00430	0.07387	0.00661	0.00587
22	0.02631	0.01801	0.02033	0.01724	0.07194	0.04400	0.01310	0.41880	0.02742	0.17731	0.01848	0.01825	0.01294	0.00812	0.00694	0.00205	0.00748	0.00631	0.00683	0.07815
23	0.02490	0.04503	0.02041	0.01515	0.02061	0.01958	0.01254	0.51321	0.02884	0.08351	0.01731	0.01790	0.01262	0.01125	0.05551	0.00266	0.00826	0.00626	0.00661	0.07786
24	0.09002	0.07595	0.01830	0.01274	0.01824	0.01356	0.01071	0.09741	0.02055	0.53201	0.02403	0.02145	0.01558	0.00838	0.00672	0.00214	0.00633	0.00654	0.00781	0.01152
25	0.02578	0.01866	0.02014	0.01572	0.02105	0.02057	0.01284	0.56275	0.09867	0.07397	0.01900	0.01940	0.01382	0.03404	0.00813	0.00233	0.00750	0.00675	0.00712	0.01176
26	0.01533	0.03659	0.65411	0.02013	0.03007	0.07629	0.02524	0.02305	0.01547	0.02212	0.01263	0.01485	0.00903	0.00681	0.00674	0.00222	0.01072	0.00520	0.00306	0.01033
27	0.00959	0.00743	0.01123	0.01162	0.01263	0.00700	0.06373	0.01124	0.01381	0.01842	0.03598	0.60999	0.04238	0.06801	0.01082	0.00313	0.00508	0.04566	0.00620	0.00605
28	0.01741	0.01776	0.05485	0.20235	0.45533	0.05277	0.02074	0.05277	0.01672	0.02277	0.01325	0.01757	0.01070	0.00670	0.00703	0.00217	0.00898	0.00621	0.00360	0.01034
29	0.01572	0.01052	0.01265	0.01038	0.01434	0.00906	0.00796	0.04909	0.01604	0.12794	0.04608	0.09526	0.10585	0.09645	0.05674	0.00299	0.00623	0.00876	0.00567	0.30226
30	0.03207	0.28919	0.33024	0.01646	0.02381	0.02018	0.03824	0.02131	0.01447	0.03631	0.01249	0.01513	0.01005	0.01075	0.06732	0.00281	0.04130	0.00509	0.00328	0.00951
31	0.10952	0.33248	0.09750	0.01308	0.01830	0.03713	0.01254	0.07151	0.04772	0.02219	0.02905	0.01691	0.01265	0.01523	0.13286	0.00356	0.00966	0.00527	0.00398	0.00888
32	0.02158	0.08894	0.02025	0.01765	0.07734	0.33018	0.01277	0.11643	0.06808	0.02326	0.04981	0.04256	0.08294	0.00927	0.00682	0.00202	0.00922	0.00700	0.00489	0.00898

[dist]
# distance from previous block
# <min> <max>
2	5

[block]
# block no. 1 follows, 29 sequences, length 18
# corresponding to MSA columns:
# 91-108
name=unknown_B
#
# <colnr> <probs for GDERKNQSTAVLIFYWHMCP>
#	G	D	E	R	K	N	Q	S	T	A	V	L	I	F	Y	W	H	M	C	P
0	0.13049	0.08267	0.02115	0.14313	0.14591	0.01770	0.01433	0.20088	0.01993	0.06427	0.01774	0.05755	0.03773	0.00850	0.00665	0.00218	0.00744	0.00688	0.00508	0.00978
1	0.01261	0.00897	0.01124	0.01022	0.01303	0.00812	0.04210	0.04355	0.01720	0.09170	0.07723	0.08103	0.40899	0.05578	0.00992	0.00273	0.00501	0.08689	0.00662	0.00708
2	0.01728	0.01657	0.02828	0.10013	0.65158	0.01683	0.02168	0.02155	0.01605	0.02285	0.01333	0.01774	0.01113	0.00641	0.00706	0.00214	0.00854	0.00634	0.00350	0.01100
3	0.08106	0.12161	0.21104	0.09308	0.19836	0.01821	0.07823	0.02112	0.01479	0.02189	0.01249	0.01611	0.01000	0.00831	0.03078	0.00248	0.04166	0.00572	0.00336	0.00970
4	0.01650	0.07635	0.43469	0.02473	0.16354	0.04867	0.06073	0.05201	0.01638	0.02311	0.01293	0.01555	0.00972	0.00670	0.00678	0.00217	0.01000	0.00559	0.00336	0.01050
5	0.00902	0.00647	0.00847	0.00980	0.01043	0.00606	0.00672	0.01050	0.01424	0.01901	0.09375	0.59049	0.07178	0.05965	0.01048	0.00305	0.00433	0.05335	0.00659	0.00583
6	0.12179	0.01906	0.01748	0.01446	0.01853	0.15686	0.03214	0.29010	0.02242	0.03026	0.01623	0.03956	0.01416	0.13649	0.01170	0.00290	0.00832	0.00675	0.00538	0.03540
7	0.01036	0.00690	0.00777	0.00777	0.00777	0.00690	0.00431	0.01036	0.01036	0.01381	0.02244	0.04660	0.02589	0.74975	0.03624	0.00690	0.00690	0.01036	0.00431	0.00431
8	0.08344	0.01033	0.01236	0.11742	0.05314	0.04750	0.00971	0.01486	0.01636	0.02295	0.23547	0.20511	0.11627	0.01416	0.00783	0.00240	0.00544	0.01229	0.00596	0.00700
9	0.02098	0.05008	0.01761	0.01557	0.01844	0.46405	0.01174	0.02285	0.01703	0.01689	0.01388	0.01927	0.01266	0.07940	0.18423	0.00460	0.01370	0.00578	0.00374	0.00750
10	0.80005	0.01377	0.01047	0.00936	0.01377	0.01597	0.00771	0.02093	0.01212	0.03195	0.00991	0.01157	0.00771	0.00661	0.00441	0.00220	0.00551	0.00386	0.00441	0.00771
11	0.01952	0.70763	0.03621	0.01258	0.01852	0.07284	0.01229	0.02178	0.01484	0.01680	0.00997	0.01151	0.00914	0.00617	0.00469	0.00154	0.00795	0.00386	0.00309	0.00908
12	0.01237	0.00618	0.00928	0.00928	0.00928	0.00618	0.00618	0.00928	0.00928	0.01237	0.01237	0.02165	0.01237	0.02474	0.02783	0.79283	0.00618	0.00618	0.00309	0.00309
13	0.01583	0.05541	0.12627	0.22099	0.02699	0.06774	0.01495	0.08809	0.01598	0.02076	0.05686	0.02018	0.01408	0.01218	0.01228	0.20530	0.00839	0.00629	0.00388	0.00754
14	0.01681	0.01921	0.04202	0.03001	0.03721	0.01801	0.67947	0.02281	0.01681	0.02281	0.01441	0.01921	0.01080	0.00600	0.00840	0.00240	0.01200	0.00840	0.00360	0.00960
15	0.01612	0.37599	0.21748	0.01482	0.02155	0.02047	0.05093	0.02043	0.01559	0.02068	0.11212	0.01908	0.01774	0.00747	0.00597	0.00185	0.00792	0.00580	0.00382	0.04417
16	0.12561	0.01319	0.01384	0.01193	0.01565	0.03444	0.00954	0.20813	0.02120	0.05340	0.13519	0.09690	0.09607	0.01206	0.00732	0.00226	0.00583	0.06232	0.00645	0.06868
17	0.53775	0.05670	0.01426	0.01144	0.01593	0.11396	0.00932	0.04236	0.05104	0.07308	0.01246	0.01351	0.00951	0.00704	0.00510	0.00213	0.00674	0.00446	0.00474	0.00846

[dist]
# distance from previous block
# <min> <max>
1	2

[block]
# block no. 2 follows, 29 sequences, length 10
# corresponding to MSA columns:
# 116-125
name=unknown_C
#
# <colnr> <probs for GDERKNQSTAVLIFYWHMCP>
#	G	D	E	R	K	N	Q	S	T	A	V	L	I	F	Y	W	H	M	C	P
0	0.02404	0.03454	0.01546	0.01203	0.01613	0.01216	0.00958	0.15937	0.02079	0.34187	0.04940	0.08304	0.02130	0.08978	0.01022	0.00269	0.00608	0.00845	0.07303	0.01003
1	0.01685	0.01389	0.01589	0.01154	0.01776	0.01163	0.00930	0.13061	0.01794	0.02688	0.01341	0.01516	0.01081	0.00583	0.00559	0.00124	0.00571	0.00459	0.00471	0.66065
2	0.00851	0.00686	0.00758	0.00816	0.00987	0.00593	0.00583	0.01011	0.01532	0.01887	0.06061	0.30556	0.47285	0.01953	0.00865	0.00258	0.00379	0.01686	0.00661	0.00593
3	0.01055	0.00764	0.01033	0.01167	0.01313	0.00742	0.00963	0.01331	0.01611	0.02108	0.09271	0.21286	0.09611	0.01968	0.00946	0.00305	0.00558	0.42664	0.00667	0.00637
4	0.01477	0.01266	0.01477	0.01055	0.01687	0.00949	0.00844	0.01793	0.01477	0.02320	0.01266	0.01477	0.01055	0.00527	0.00527	0.00105	0.00527	0.00422	0.00422	0.79328
5	0.01032	0.00705	0.00853	0.00853	0.00879	0.00732	0.00527	0.01085	0.01058	0.01437	0.02174	0.04273	0.02421	0.60520	0.17850	0.00785	0.00943	0.00979	0.00421	0.00474
6	0.01650	0.50224	0.08739	0.04780	0.01926	0.02213	0.01261	0.01963	0.01569	0.01976	0.15386	0.02077	0.02120	0.00796	0.00567	0.00178	0.00707	0.00594	0.00404	0.00869
7	0.02172	0.41625	0.02851	0.01347	0.01881	0.10661	0.01205	0.14329	0.01954	0.07776	0.06748	0.01694	0.01495	0.00757	0.00576	0.00178	0.00782	0.00536	0.00470	0.00962
8	0.10475	0.01456	0.01990	0.36190	0.08689	0.01727	0.01626	0.10293	0.12500	0.02521	0.01541	0.01887	0.01171	0.00783	0.00758	0.00235	0.04159	0.00633	0.00447	0.00920
9	0.01829	0.20444	0.19604	0.01917	0.10131	0.12820	0.01677	0.04609	0.07311	0.02143	0.01573	0.01743	0.03992	0.00764	0.00705	0.00201	0.04238	0.00563	0.00387	0.03349

[dist]
# distance from previous block
# <min> <max>
2	18

[block]
# block no. 3 follows, 29 sequences, length 37
# corresponding to MSA columns:
# 144-163,165-181
name=unknown_D
#
# <colnr> <probs for GDERKNQSTAVLIFYWHMCP>
#	G	D	E	R	K	N	Q	S	T	A	V	L	I	F	Y	W	H	M	C	P
0	0.01582	0.04274	0.04721	0.32379	0.08989	0.04341	0.11452	0.03896	0.09488	0.02157	0.01655	0.02036	0.03248	0.00762	0.00767	0.00228	0.03205	0.00683	0.00399	0.03738
1	0.02044	0.04251	0.01971	0.01903	0.14347	0.03764	0.01292	0.18146	0.15298	0.09622	0.06671	0.02325	0.04060	0.00859	0.00693	0.00205	0.00674	0.00710	0.00608	0.10557
2	0.01622	0.01359	0.01553	0.01144	0.01752	0.01140	0.00917	0.08522	0.07155	0.02588	0.01442	0.01595	0.01161	0.00595	0.00562	0.00127	0.00556	0.00475	0.00475	0.65259
3	0.01244	0.01011	0.04047	0.01219	0.01417	0.00949	0.00979	0.11229	0.01713	0.02296	0.03285	0.39218	0.03649	0.02149	0.06632	0.00353	0.00672	0.16594	0.00630	0.00715
4	0.02368	0.02798	0.02243	0.02435	0.18510	0.47407	0.01582	0.05249	0.01910	0.01991	0.01170	0.01435	0.00981	0.00752	0.00782	0.00201	0.06382	0.00520	0.00373	0.00910
5	0.00865	0.00631	0.00814	0.00961	0.01025	0.00581	0.00647	0.00995	0.01393	0.01830	0.04297	0.66856	0.12124	0.02182	0.00901	0.00284	0.00407	0.01965	0.00661	0.00581
6	0.01285	0.00848	0.01081	0.00977	0.01201	0.00805	0.00747	0.04309	0.04502	0.08562	0.59390	0.04837	0.05922	0.01366	0.00820	0.00224	0.00385	0.01197	0.00787	0.00755
7	0.02707	0.01995	0.02137	0.01638	0.02208	0.02208	0.01353	0.68159	0.03348	0.04488	0.01710	0.01710	0.01211	0.00855	0.00712	0.00214	0.00784	0.00641	0.00712	0.01211
8	0.01036	0.00690	0.00777	0.00777	0.00777	0.00690	0.00431	0.01036	0.01036	0.01381	0.02244	0.04660	0.02589	0.74975	0.03624	0.00690	0.00690	0.01036	0.00431	0.00431
9	0.01475	0.00925	0.01323	0.06200	0.06974	0.00974	0.00931	0.09712	0.01328	0.01781	0.01308	0.02056	0.01205	0.01998	0.02209	0.57408	0.00680	0.00624	0.00365	0.00524
10	0.00973	0.00714	0.00912	0.00889	0.01049	0.00653	0.00656	0.01266	0.01894	0.02629	0.55315	0.13912	0.13312	0.01588	0.00848	0.00234	0.00348	0.01401	0.00756	0.00653
11	0.01806	0.01575	0.01658	0.01553	0.04320	0.04471	0.01171	0.07431	0.54561	0.02959	0.05505	0.02845	0.02295	0.01000	0.00735	0.00239	0.00610	0.03490	0.00696	0.01082
12	0.01971	0.69015	0.03579	0.01273	0.01861	0.08966	0.01232	0.02195	0.01498	0.01681	0.01000	0.01155	0.00914	0.00620	0.00473	0.00155	0.00808	0.00388	0.00310	0.00906
13	0.00975	0.00712	0.00917	0.00897	0.01052	0.00653	0.00661	0.01269	0.01893	0.02638	0.56015	0.15318	0.11156	0.01592	0.00850	0.00235	0.00349	0.01409	0.00757	0.00653
14	0.01968	0.69485	0.03603	0.01252	0.01858	0.02768	0.01229	0.07456	0.01600	0.01902	0.01048	0.01188	0.00938	0.00629	0.00477	0.00157	0.00763	0.00402	0.00337	0.00938
15	0.01418	0.01265	0.01797	0.29000	0.02873	0.01539	0.01453	0.05376	0.09058	0.02085	0.01944	0.16702	0.01868	0.01166	0.01095	0.00259	0.16308	0.00927	0.00456	0.03411
16	0.05172	0.08994	0.01899	0.01413	0.04594	0.01509	0.01112	0.11351	0.12467	0.27480	0.02183	0.04278	0.01597	0.00837	0.00659	0.00201	0.00629	0.00669	0.00666	0.12289
17	0.01589	0.01555	0.02176	0.06697	0.02088	0.02142	0.01578	0.04328	0.01202	0.01830	0.00988	0.01587	0.00947	0.01195	0.02163	0.00303	0.65885	0.00625	0.00328	0.00797
18	0.01398	0.01355	0.02396	0.62856	0.07144	0.01611	0.09418	0.01885	0.01460	0.01890	0.01288	0.01896	0.00970	0.00697	0.00726	0.00237	0.00974	0.00656	0.00323	0.00822
19	0.02216	0.04682	0.01909	0.01495	0.01960	0.01924	0.01206	0.41257	0.19348	0.03671	0.02248	0.10900	0.01869	0.01042	0.00729	0.00227	0.00682	0.00842	0.00693	0.01100
20	0.01714	0.01636	0.02785	0.09249	0.63783	0.01658	0.02140	0.02138	0.01608	0.02284	0.01405	0.01955	0.01202	0.00679	0.00714	0.00217	0.00848	0.02536	0.00359	0.01090
21	0.01738	0.01715	0.02618	0.12397	0.53199	0.06527	0.02011	0.02183	0.03432	0.02225	0.01586	0.01969	0.03832	0.00706	0.00707	0.00215	0.00862	0.00661	0.00371	0.01045
22	0.02154	0.01607	0.01802	0.01478	0.01906	0.01790	0.01194	0.44361	0.08060	0.03587	0.01968	0.05902	0.01603	0.01945	0.16783	0.00429	0.00999	0.00755	0.00636	0.01041
23	0.00972	0.00726	0.00905	0.00879	0.01057	0.00659	0.00662	0.01265	0.01889	0.02582	0.51129	0.08610	0.20268	0.01584	0.00849	0.00234	0.00357	0.03974	0.00747	0.00652
24	0.16667	0.01661	0.01707	0.04254	0.01967	0.04464	0.01124	0.33441	0.02372	0.08951	0.01895	0.02015	0.04859	0.03499	0.00755	0.00224	0.00703	0.00632	0.00607	0.08201
25	0.00988	0.00725	0.00926	0.00881	0.01053	0.00663	0.00659	0.01303	0.01961	0.02738	0.62316	0.07155	0.12957	0.01509	0.00842	0.00227	0.00340	0.01327	0.00769	0.00663
26	0.02642	0.06548	0.02166	0.01707	0.02185	0.34711	0.01357	0.34310	0.02629	0.03063	0.01388	0.01482	0.01059	0.00786	0.00666	0.00196	0.01015	0.00542	0.00530	0.01016
27	0.80005	0.01377	0.01047	0.00936	0.01377	0.01597	0.00771	0.02093	0.01212	0.03195	0.00991	0.01157	0.00771	0.00661	0.00441	0.00220	0.00551	0.00386	0.00441	0.00771
28	0.00962	0.00821	0.03752	0.00901	0.01052	0.00698	0.00668	0.01137	0.01426	0.01881	0.13553	0.18350	0.21894	0.21994	0.07354	0.00442	0.00610	0.01344	0.00579	0.00582
29	0.00924	0.00660	0.00891	0.01056	0.01122	0.00627	0.00759	0.01089	0.01419	0.01881	0.03894	0.61131	0.04586	0.02178	0.00924	0.00297	0.00462	0.14848	0.00660	0.00594
30	0.01421	0.01179	0.01874	0.01553	0.01879	0.01165	0.16750	0.07673	0.06335	0.04526	0.14663	0.16182	0.05122	0.07420	0.04023	0.00323	0.00736	0.05785	0.00597	0.00795
31	0.00965	0.00720	0.00918	0.01032	0.01172	0.00673	0.00802	0.01183	0.01551	0.01994	0.07212	0.31204	0.21277	0.02000	0.00915	0.00288	0.00482	0.24332	0.00664	0.00615
32	0.59759	0.01295	0.01148	0.00993	0.01431	0.01423	0.00813	0.02282	0.01426	0.15422	0.06897	0.01721	0.01430	0.00765	0.00523	0.00221	0.00543	0.00518	0.00548	0.00843
33	0.00868	0.00741	0.00784	0.03347	0.01109	0.00640	0.00599	0.01067	0.01636	0.01967	0.10153	0.06597	0.64561	0.01747	0.00837	0.00240	0.00381	0.01461	0.00655	0.00612
34	0.01810	0.01549	0.01632	0.01457	0.01866	0.01789	0.01137	0.06464	0.66503	0.03042	0.02849	0.02617	0.02134	0.00961	0.00724	0.00240	0.00573	0.00798	0.00724	0.01131
35	0.01275	0.01010	0.01313	0.08276	0.03621	0.01086	0.01031	0.08867	0.06258	0.02282	0.05746	0.33544	0.08665	0.01657	0.00926	0.00270	0.04444	0.08369	0.00614	0.00746
36	0.04770	0.42054	0.07392	0.01283	0.01773	0.10346	0.01191	0.04402	0.01502	0.01838	0.01276	0.01795	0.01204	0.11515	0.04767	0.00295	0.00886	0.00523	0.00354	0.00835

[dist]
# distance from previous block
# <min> <max>
8	11

[block]
# block no. 4 follows, 29 sequences, length 23
# corresponding to MSA columns:
# 194-216
name=unknown_E
#
# <colnr> <probs for GDERKNQSTAVLIFYWHMCP>
#	G	D	E	R	K	N	Q	S	T	A	V	L	I	F	Y	W	H	M	C	P
0	0.01475	0.01269	0.01570	0.09087	0.02032	0.01104	0.01012	0.04156	0.01513	0.02284	0.01421	0.05810	0.01257	0.00695	0.00667	0.00145	0.04211	0.00557	0.00429	0.59304
1	0.01496	0.04920	0.23810	0.09173	0.02812	0.01810	0.12591	0.01979	0.01404	0.02015	0.01387	0.02143	0.01205	0.00948	0.01241	0.00261	0.23674	0.05897	0.00344	0.00889
2	0.01034	0.00696	0.00807	0.00807	0.00817	0.00707	0.00469	0.01055	0.01044	0.01403	0.02216	0.04507	0.02523	0.69274	0.09235	0.00728	0.00790	0.01013	0.00427	0.00448
3	0.01736	0.18288	0.14210	0.10464	0.03067	0.07670	0.24297	0.02359	0.07131	0.02104	0.01387	0.01690	0.01076	0.00668	0.00690	0.00214	0.01006	0.00631	0.00364	0.00948
4	0.00936	0.00725	0.00854	0.00921	0.01091	0.00657	0.00707	0.01138	0.01563	0.01961	0.07953	0.19225	0.36492	0.05834	0.01037	0.00294	0.00457	0.16899	0.00652	0.00604
5	0.01219	0.00630	0.00945	0.00945	0.00956	0.00640	0.00640	0.00956	0.00945	0.01271	0.01291	0.02216	0.01281	0.02706	0.08405	0.72950	0.00723	0.00630	0.00315	0.00336
6	0.01467	0.01464	0.07223	0.04474	0.01950	0.01036	0.01043	0.01832	0.01476	0.02292	0.01267	0.01498	0.01037	0.00548	0.00548	0.00121	0.00590	0.00440	0.00407	0.69287
7	0.49446	0.05296	0.01535	0.01188	0.01673	0.04497	0.00985	0.20194	0.01865	0.05746	0.01254	0.01355	0.00938	0.00722	0.00533	0.00214	0.00655	0.00469	0.00520	0.00915
8	0.01589	0.01613	0.02172	0.05700	0.02045	0.04843	0.01573	0.01763	0.01144	0.01720	0.00959	0.01566	0.00935	0.01198	0.02184	0.00303	0.66980	0.00617	0.00314	0.00781
9	0.02378	0.01831	0.01952	0.01572	0.02083	0.02055	0.01274	0.45523	0.26520	0.03957	0.02128	0.02043	0.01549	0.00894	0.00717	0.00223	0.00706	0.00699	0.00717	0.01181
10	0.01620	0.02192	0.15656	0.06326	0.03670	0.01765	0.53416	0.02254	0.01637	0.02254	0.01404	0.01848	0.01043	0.00619	0.00806	0.00237	0.01162	0.00776	0.00348	0.00968
11	0.00879	0.00636	0.00833	0.00986	0.01048	0.00591	0.00675	0.01016	0.01395	0.01840	0.04159	0.66471	0.09490	0.02187	0.00907	0.00287	0.00420	0.04933	0.00661	0.00584
12	0.02041	0.01532	0.01809	0.01736	0.09416	0.01639	0.01231	0.28069	0.17085	0.07299	0.02389	0.15442	0.02088	0.01099	0.00744	0.00230	0.00654	0.00929	0.00665	0.03904
13	0.00897	0.00721	0.00803	0.00803	0.01011	0.00626	0.00604	0.01120	0.01711	0.02166	0.23099	0.10135	0.47858	0.01743	0.00850	0.00242	0.00368	0.03927	0.00693	0.00620
14	0.05428	0.02165	0.02140	0.01813	0.02317	0.09439	0.01369	0.27099	0.09125	0.05089	0.02423	0.08212	0.02089	0.01293	0.00935	0.00313	0.00917	0.00888	0.00793	0.16155
15	0.01019	0.00688	0.00799	0.00807	0.00827	0.00679	0.00475	0.01064	0.01164	0.01569	0.09401	0.10447	0.03189	0.61420	0.03114	0.00609	0.00631	0.01143	0.00487	0.00468
16	0.01725	0.02249	0.17050	0.05309	0.03484	0.01806	0.45794	0.09067	0.01809	0.02487	0.01430	0.01816	0.01054	0.00646	0.00790	0.00234	0.01119	0.00750	0.00383	0.00998
17	0.71826	0.01299	0.01024	0.00942	0.01341	0.01492	0.00760	0.01979	0.01227	0.03052	0.01295	0.08738	0.01178	0.00823	0.00489	0.00227	0.00537	0.00555	0.00463	0.00751
18	0.00883	0.00723	0.00778	0.00764	0.00987	0.00619	0.00573	0.01101	0.01720	0.02154	0.22764	0.06474	0.54550	0.01717	0.00841	0.00236	0.00355	0.01450	0.00692	0.00619
19	0.01191	0.00887	0.01231	0.01175	0.01352	0.01009	0.00920	0.08191	0.01443	0.02043	0.07418	0.02889	0.02122	0.04562	0.58990	0.00974	0.01664	0.00793	0.00448	0.00698
20	0.01743	0.01280	0.01427	0.01267	0.01611	0.01375	0.00985	0.13597	0.28085	0.08473	0.09023	0.10808	0.09196	0.04500	0.00899	0.00261	0.00558	0.03245	0.00713	0.00955
21	0.01394	0.09076	0.56076	0.01817	0.02698	0.01603	0.02245	0.02083	0.01502	0.02184	0.03930	0.09153	0.01499	0.00859	0.00688	0.00226	0.00938	0.00696	0.00355	0.00979
22	0.02558	0.09755	0.02252	0.01611	0.02146	0.12365	0.01329	0.47846	0.07087	0.03705	0.01622	0.01649	0.01198	0.00819	0.00677	0.00205	0.00840	0.00598	0.00621	0.01119

[dist]
# distance from previous block
# <min> <max>
1	32

[block]
# block no. 5 follows, 29 sequences, length 20
# corresponding to MSA columns:
# 249-268
name=unknown_F
#
# <colnr> <probs for GDERKNQSTAVLIFYWHMCP>
#	G	D	E	R	K	N	Q	S	T	A	V	L	I	F	Y	W	H	M	C	P
0	0.32853	0.15966	0.04981	0.04836	0.04658	0.04032	0.08956	0.02127	0.04441	0.02489	0.01709	0.01880	0.06944	0.00761	0.00577	0.00212	0.00726	0.00583	0.00419	0.00850
1	0.52464	0.09311	0.13739	0.01269	0.01841	0.04461	0.03730	0.02161	0.01335	0.02787	0.01063	0.01250	0.00826	0.00659	0.00507	0.00214	0.00713	0.00430	0.00397	0.00844
2	0.01450	0.03531	0.65478	0.02114	0.03137	0.01666	0.08285	0.02257	0.01519	0.02257	0.01292	0.01539	0.00917	0.00670	0.00691	0.00227	0.01065	0.00553	0.00306	0.01044
3	0.01445	0.01336	0.02147	0.56310	0.12284	0.01592	0.01885	0.04071	0.05318	0.02033	0.01583	0.02088	0.03411	0.00759	0.00716	0.00234	0.00890	0.00673	0.00368	0.00857
4	0.01034	0.00871	0.04259	0.00967	0.01177	0.00724	0.00785	0.01392	0.01975	0.02795	0.63972	0.05261	0.06329	0.01442	0.00839	0.00229	0.00384	0.04122	0.00755	0.00689
5	0.01022	0.00730	0.01003	0.01168	0.01276	0.00711	0.00929	0.01258	0.01515	0.01990	0.03840	0.37904	0.04373	0.02086	0.00950	0.00310	0.00547	0.37110	0.00658	0.00621
6	0.01327	0.00664	0.00664	0.00664	0.00830	0.00664	0.00498	0.01659	0.01493	0.02655	0.02323	0.02655	0.01825	0.00830	0.00498	0.00166	0.00332	0.00664	0.78928	0.00664
7	0.00924	0.00658	0.00882	0.01041	0.01103	0.00626	0.00740	0.01080	0.01400	0.01857	0.03833	0.59892	0.04519	0.04963	0.01026	0.00311	0.00467	0.13439	0.00651	0.00587
8	0.00868	0.00620	0.00826	0.00991	0.01033	0.00578	0.00661	0.00991	0.01363	0.01818	0.03925	0.74510	0.04710	0.02231	0.00909	0.00289	0.00413	0.02024	0.00661	0.00578
9	0.80005	0.01377	0.01047	0.00936	0.01377	0.01597	0.00771	0.02093	0.01212	0.03195	0.00991	0.01157	0.00771	0.00661	0.00441	0.00220	0.00551	0.00386	0.00441	0.00771
10	0.02079	0.05011	0.20439	0.01717	0.02331	0.15912	0.01633	0.18089	0.20256	0.02847	0.01769	0.01806	0.01319	0.00805	0.00684	0.00216	0.00895	0.00610	0.00524	0.01059
11	0.05187	0.01454	0.01597	0.01389	0.01825	0.01606	0.01095	0.03648	0.51860	0.17857	0.02803	0.02546	0.02028	0.00935	0.00711	0.00236	0.00572	0.00769	0.00748	0.01131
12	0.01147	0.00820	0.01147	0.01311	0.01475	0.00820	0.01147	0.01475	0.01639	0.02131	0.03770	0.08032	0.04098	0.01967	0.00984	0.00328	0.00656	0.65741	0.00656	0.00656
13	0.00868	0.00620	0.00826	0.00991	0.01033	0.00578	0.00661	0.00991	0.01363	0.01818	0.03925	0.74510	0.04710	0.02231	0.00909	0.00289	0.00413	0.02024	0.00661	0.00578
14	0.01477	0.01266	0.01477	0.01055	0.01687	0.00949	0.00844	0.01793	0.01477	0.02320	0.01266	0.01477	0.01055	0.00527	0.00527	0.00105	0.00527	0.00422	0.00422	0.79328
15	0.02564	0.01813	0.01989	0.01560	0.02088	0.01992	0.01279	0.52624	0.09442	0.09944	0.01930	0.01923	0.01383	0.01119	0.04719	0.00269	0.00810	0.00670	0.00710	0.01171
16	0.01345	0.01266	0.02136	0.73264	0.04904	0.01582	0.01978	0.01819	0.01424	0.01819	0.01266	0.01898	0.00949	0.00712	0.00712	0.00237	0.00949	0.00633	0.00316	0.00791
17	0.01565	0.17419	0.33743	0.02006	0.02756	0.01922	0.15802	0.02134	0.01473	0.02063	0.01259	0.01595	0.00994	0.00958	0.04817	0.00273	0.07359	0.00584	0.00319	0.00958
18	0.01898	0.01748	0.09149	0.01705	0.02316	0.01474	0.14843	0.16338	0.04698	0.09208	0.01839	0.08079	0.01506	0.00826	0.00705	0.00200	0.00771	0.00747	0.00535	0.21416
19	0.05036	0.36915	0.24704	0.01513	0.02226	0.04492	0.01644	0.08790	0.01687	0.02254	0.03947	0.01487	0.01168	0.00695	0.00573	0.00188	0.00847	0.00492	0.00371	0.00969

[dist]
# distance from previous block
# <min> <max>
0	2

[block]
# block no. 6 follows, 29 sequences, length 11
# corresponding to MSA columns:
# 271-281
name=unknown_G
#
# <colnr> <probs for GDERKNQSTAVLIFYWHMCP>
#	G	D	E	R	K	N	Q	S	T	A	V	L	I	F	Y	W	H	M	C	P
0	0.02370	0.04386	0.01980	0.01470	0.02013	0.01889	0.01210	0.46754	0.05936	0.06502	0.06533	0.01983	0.01633	0.00851	0.00688	0.00199	0.00700	0.00658	0.00671	0.11573
1	0.09794	0.15415	0.02125	0.01391	0.01904	0.06120	0.01168	0.25957	0.11420	0.11510	0.02022	0.01980	0.04490	0.00846	0.00643	0.00207	0.00716	0.00629	0.00610	0.01051
2	0.02191	0.48008	0.03079	0.01453	0.01970	0.29182	0.01278	0.02403	0.01664	0.01701	0.01032	0.01196	0.00915	0.00657	0.00527	0.00164	0.00960	0.00410	0.00328	0.00880
3	0.01477	0.01266	0.01477	0.01055	0.01687	0.00949	0.00844	0.01793	0.01477	0.02320	0.01266	0.01477	0.01055	0.00527	0.00527	0.00105	0.00527	0.00422	0.00422	0.79328
4	0.01442	0.00810	0.01096	0.01027	0.01106	0.00840	0.00721	0.10299	0.01265	0.01690	0.01303	0.02101	0.01233	0.02248	0.02494	0.68261	0.00641	0.00622	0.00365	0.00435
5	0.04611	0.09882	0.35971	0.02202	0.09244	0.01804	0.11896	0.07884	0.01710	0.06222	0.01390	0.01610	0.01020	0.00680	0.00679	0.00218	0.00961	0.00584	0.00387	0.01044
6	0.01442	0.00810	0.01096	0.01027	0.01106	0.00840	0.00721	0.10299	0.01265	0.01690	0.01303	0.02101	0.01233	0.02248	0.02494	0.68261	0.00641	0.00622	0.00365	0.00435
7	0.01170	0.01162	0.10803	0.01158	0.01447	0.00837	0.01043	0.01538	0.01781	0.05629	0.35834	0.15667	0.04918	0.01528	0.00847	0.00252	0.00516	0.12459	0.00680	0.00733
8	0.01647	0.01693	0.06460	0.16023	0.52732	0.01636	0.02133	0.02098	0.01581	0.02227	0.01420	0.02021	0.01203	0.00703	0.00716	0.00221	0.00868	0.03216	0.00355	0.01047
9	0.09613	0.13140	0.17766	0.01465	0.02055	0.14214	0.01427	0.02527	0.01744	0.18989	0.08784	0.02002	0.01715	0.00807	0.00642	0.00205	0.00819	0.00605	0.00519	0.00963
10	0.02289	0.01785	0.02052	0.06623	0.02281	0.01988	0.01355	0.45502	0.02654	0.03632	0.01514	0.01671	0.01134	0.00852	0.00904	0.00214	0.10506	0.00608	0.00591	0.11846

[dist]
# distance from previous block
# <min> <max>
0	4

[block]
# block no. 7 follows, 29 sequences, length 55
# corresponding to MSA columns:
# 286-340
name=unknown_H
#
# <colnr> <probs for GDERKNQSTAVLIFYWHMCP>
#	G	D	E	R	K	N	Q	S	T	A	V	L	I	F	Y	W	H	M	C	P
0	0.13310	0.21275	0.05979	0.01531	0.01989	0.33431	0.01306	0.04120	0.01696	0.02026	0.01105	0.01318	0.00934	0.00880	0.03231	0.00224	0.03972	0.00454	0.00365	0.00854
1	0.01781	0.08443	0.06838	0.02503	0.03178	0.01840	0.46680	0.02526	0.10480	0.05974	0.01656	0.01955	0.01236	0.00667	0.00777	0.00231	0.01040	0.00774	0.00428	0.00996
2	0.01423	0.01138	0.01350	0.01041	0.01561	0.00885	0.00824	0.01715	0.01526	0.04957	0.04711	0.08151	0.06069	0.00853	0.00616	0.00147	0.00508	0.03307	0.00498	0.58720
3	0.01473	0.01258	0.01460	0.01079	0.01673	0.00991	0.00856	0.01898	0.06120	0.02346	0.01482	0.04415	0.01274	0.00624	0.00556	0.00122	0.00525	0.00511	0.00452	0.70884
4	0.00881	0.00629	0.00841	0.01007	0.01054	0.00590	0.00684	0.01014	0.01376	0.01832	0.03917	0.71387	0.04681	0.02218	0.00912	0.00291	0.00425	0.05018	0.00661	0.00582
5	0.01274	0.00929	0.01130	0.01154	0.01329	0.00940	0.00865	0.14436	0.01813	0.02402	0.03636	0.46470	0.07411	0.01895	0.00877	0.00277	0.00520	0.11254	0.00670	0.00717
6	0.01639	0.02213	0.15306	0.02840	0.03616	0.01776	0.57135	0.02277	0.01651	0.02277	0.01414	0.01852	0.01051	0.00613	0.00813	0.00238	0.01176	0.00788	0.00350	0.00976
7	0.01904	0.75404	0.03731	0.01218	0.01828	0.02818	0.01218	0.02132	0.01447	0.01675	0.00990	0.01142	0.00914	0.00609	0.00457	0.00152	0.00761	0.00381	0.00305	0.00914
8	0.01871	0.70485	0.08364	0.01274	0.01914	0.02738	0.01315	0.02141	0.01451	0.01715	0.01010	0.01167	0.00913	0.00614	0.00472	0.00157	0.00781	0.00391	0.00304	0.00923
9	0.01556	0.01685	0.03495	0.19746	0.03844	0.01676	0.47692	0.02102	0.01608	0.02151	0.01557	0.04352	0.01267	0.00725	0.00817	0.00244	0.01097	0.03121	0.00369	0.00897
10	0.00857	0.00722	0.00743	0.00737	0.00971	0.00608	0.00553	0.01052	0.01659	0.02010	0.13032	0.06711	0.64372	0.01771	0.00841	0.00239	0.00358	0.01483	0.00673	0.00608
11	0.00903	0.00661	0.00908	0.04848	0.01255	0.00641	0.00749	0.01053	0.01377	0.01829	0.03778	0.68215	0.04487	0.02140	0.00901	0.00288	0.00451	0.04282	0.00642	0.00593
12	0.00868	0.00620	0.00826	0.00991	0.01033	0.00578	0.00661	0.00991	0.01363	0.01818	0.03925	0.74510	0.04710	0.02231	0.00909	0.00289	0.00413	0.02024	0.00661	0.00578
13	0.00983	0.00715	0.00925	0.00898	0.01055	0.00657	0.00664	0.01286	0.01919	0.02686	0.59132	0.13420	0.09865	0.01564	0.00848	0.00232	0.00346	0.01385	0.00763	0.00657
14	0.00866	0.00625	0.00821	0.00977	0.01029	0.00580	0.00655	0.00993	0.01377	0.01823	0.04100	0.70908	0.08199	0.02208	0.00905	0.00287	0.00410	0.01997	0.00661	0.00580
15	0.01506	0.01509	0.02143	0.44621	0.03710	0.06618	0.01797	0.01854	0.01354	0.01779	0.01144	0.01743	0.00942	0.00891	0.01248	0.00258	0.25158	0.00618	0.00318	0.00789
16	0.01021	0.00748	0.01068	0.01068	0.01168	0.00848	0.00795	0.01222	0.01122	0.01596	0.01977	0.03185	0.01949	0.19843	0.57881	0.01050	0.01654	0.00820	0.00392	0.00593
17	0.01477	0.01266	0.01477	0.01055	0.01687	0.00949	0.00844	0.01793	0.01477	0.02320	0.01266	0.01477	0.01055	0.00527	0.00527	0.00105	0.00527	0.00422	0.00422	0.79328
18	0.01334	0.01173	0.01864	0.12220	0.28807	0.01197	0.01513	0.01668	0.01559	0.02110	0.04734	0.17452	0.07654	0.01298	0.00808	0.00253	0.00692	0.12328	0.00496	0.00840
19	0.02126	0.01629	0.01979	0.02040	0.15292	0.01774	0.01374	0.17516	0.34523	0.10425	0.02325	0.02251	0.01716	0.00868	0.00717	0.00227	0.00671	0.00727	0.00666	0.01155
20	0.01457	0.01203	0.01144	0.01066	0.01176	0.11521	0.00727	0.01535	0.01290	0.06276	0.02254	0.03797	0.05637	0.46396	0.05506	0.00548	0.06517	0.00908	0.00453	0.00588
21	0.02012	0.01692	0.01743	0.01504	0.01944	0.03958	0.01186	0.18524	0.52135	0.03288	0.02572	0.02399	0.01916	0.00934	0.00719	0.00233	0.00635	0.00757	0.00711	0.01137
22	0.00868	0.00620	0.00826	0.00991	0.01033	0.00578	0.00661	0.00991	0.01363	0.01818	0.03925	0.74510	0.04710	0.02231	0.00909	0.00289	0.00413	0.02024	0.00661	0.00578
23	0.01771	0.01541	0.01698	0.01649	0.06562	0.01766	0.01200	0.03674	0.64609	0.02934	0.02791	0.02595	0.02102	0.00943	0.00723	0.00239	0.00583	0.00793	0.00699	0.01127
24	0.02291	0.02534	0.02215	0.07240	0.17198	0.36814	0.01584	0.10807	0.05598	0.02283	0.01329	0.01567	0.01069	0.00758	0.00739	0.00205	0.03841	0.00556	0.00420	0.00951
25	0.01354	0.01266	0.02129	0.67959	0.07348	0.01559	0.01956	0.01821	0.01439	0.01850	0.01359	0.02115	0.01070	0.00754	0.00721	0.00240	0.00935	0.02993	0.00330	0.00799
26	0.01763	0.01051	0.03594	0.01124	0.01457	0.00921	0.00924	0.03867	0.05554	0.23200	0.32686	0.06879	0.06422	0.01295	0.00802	0.00235	0.00493	0.06083	0.00773	0.00878
27	0.00878	0.00723	0.00772	0.00759	0.00984	0.00617	0.00570	0.01092	0.01709	0.02127	0.20947	0.06518	0.56384	0.01728	0.00841	0.00237	0.00355	0.01456	0.00688	0.00617
28	0.01507	0.01505	0.02654	0.15353	0.11059	0.03759	0.24899	0.03929	0.01642	0.02211	0.08401	0.09374	0.02004	0.01155	0.04644	0.00287	0.03412	0.00909	0.00433	0.00863
29	0.80005	0.01377	0.01047	0.00936	0.01377	0.01597	0.00771	0.02093	0.01212	0.03195	0.00991	0.01157	0.00771	0.00661	0.00441	0.00220	0.00551	0.00386	0.00441	0.00771
30	0.01634	0.03102	0.50946	0.04638	0.02885	0.01738	0.02252	0.10979	0.10215	0.02619	0.01536	0.01690	0.01103	0.00737	0.00689	0.00226	0.00952	0.00580	0.00408	0.01072
31	0.01012	0.00723	0.00990	0.01143	0.01251	0.00702	0.00900	0.01247	0.01533	0.02026	0.07372	0.38255	0.04517	0.02060	0.00942	0.00305	0.00528	0.33206	0.00665	0.00621
32	0.01648	0.01525	0.02448	0.24717	0.39117	0.01651	0.01953	0.04589	0.07966	0.02305	0.01570	0.02126	0.01289	0.00748	0.00720	0.00227	0.00841	0.03147	0.00401	0.01011
33	0.02707	0.01995	0.02137	0.01638	0.02208	0.02208	0.01353	0.68159	0.03348	0.04488	0.01710	0.01710	0.01211	0.00855	0.00712	0.00214	0.00784	0.00641	0.00712	0.01211
34	0.00910	0.00687	0.01002	0.01096	0.01173	0.00642	0.04159	0.01059	0.01380	0.01842	0.03796	0.70737	0.04521	0.02146	0.00905	0.00287	0.00454	0.01963	0.00645	0.00598
35	0.02603	0.03298	0.02026	0.01836	0.02184	0.68481	0.01385	0.02785	0.01970	0.01741	0.01092	0.01298	0.00918	0.00760	0.00730	0.00190	0.05047	0.00467	0.00364	0.00823
36	0.01691	0.01416	0.02082	0.09421	0.02427	0.01306	0.13345	0.10339	0.01766	0.06145	0.01682	0.08436	0.01443	0.00779	0.00674	0.00182	0.00723	0.00714	0.00482	0.34948
37	0.01748	0.05280	0.07227	0.04075	0.63068	0.01742	0.02168	0.02187	0.01606	0.02291	0.01319	0.01717	0.01104	0.00636	0.00692	0.00210	0.00855	0.00616	0.00347	0.01113
38	0.02318	0.01752	0.01903	0.01486	0.02035	0.01864	0.01209	0.42101	0.15397	0.05590	0.01882	0.01865	0.01379	0.00816	0.00681	0.00199	0.00690	0.00634	0.00666	0.15535
39	0.02677	0.02883	0.02061	0.01763	0.02204	0.46586	0.01368	0.26697	0.02504	0.02745	0.01323	0.01439	0.01024	0.00778	0.00668	0.00194	0.01101	0.00525	0.00493	0.00966
40	0.01630	0.01128	0.01453	0.01225	0.01570	0.01059	0.04415	0.12211	0.01752	0.10387	0.02479	0.24484	0.02493	0.10454	0.02978	0.00299	0.00634	0.01090	0.00592	0.17667
41	0.01762	0.01692	0.02890	0.04371	0.70533	0.01692	0.02185	0.02185	0.01621	0.02326	0.01339	0.01762	0.01128	0.00634	0.00705	0.00211	0.00846	0.00634	0.00352	0.01128
42	0.01036	0.00774	0.01099	0.01093	0.01187	0.00889	0.00816	0.01231	0.01128	0.01607	0.02009	0.05658	0.02013	0.19015	0.53237	0.00991	0.04363	0.00857	0.00399	0.00598
43	0.01036	0.00690	0.00777	0.00777	0.00777	0.00690	0.00431	0.01036	0.01036	0.01381	0.02244	0.04660	0.02589	0.74975	0.03624	0.00690	0.00690	0.01036	0.00431	0.00431
44	0.01904	0.75404	0.03731	0.01218	0.01828	0.02818	0.01218	0.02132	0.01447	0.01675	0.00990	0.01142	0.00914	0.00609	0.00457	0.00152	0.00761	0.00381	0.00305	0.00914
45	0.03637	0.05289	0.28332	0.02563	0.22190	0.01572	0.08727	0.02144	0.01632	0.04600	0.10698	0.02145	0.01800	0.00766	0.00710	0.00219	0.00871	0.00689	0.00410	0.01005
46	0.00970	0.00726	0.00899	0.00856	0.01041	0.00656	0.00642	0.01271	0.01926	0.02644	0.55867	0.05667	0.21141	0.01535	0.00840	0.00228	0.00342	0.01337	0.00756	0.00656
47	0.01659	0.01658	0.02390	0.09594	0.06043	0.04619	0.07658	0.05378	0.01362	0.01958	0.01084	0.01636	0.00974	0.01059	0.01795	0.00282	0.49032	0.00639	0.00342	0.00840
48	0.00910	0.00729	0.00826	0.00882	0.01080	0.00645	0.00685	0.01114	0.01593	0.01954	0.06053	0.15924	0.47648	0.01894	0.00881	0.00265	0.00430	0.15217	0.00660	0.00610
49	0.01981	0.01418	0.01580	0.01344	0.01696	0.01527	0.01040	0.35774	0.07030	0.05878	0.02502	0.22271	0.02409	0.08845	0.01066	0.00286	0.00649	0.01079	0.00677	0.00950
50	0.05751	0.01940	0.02075	0.01596	0.02160	0.02139	0.01319	0.63042	0.03213	0.07041	0.01725	0.01716	0.01215	0.00848	0.00702	0.00214	0.00768	0.00634	0.00708	0.01194
51	0.01638	0.01720	0.05616	0.02479	0.03057	0.01579	0.48702	0.05515	0.01612	0.02187	0.01409	0.01945	0.01113	0.00994	0.01220	0.16173	0.01056	0.00775	0.00367	0.00845
52	0.00979	0.00688	0.00926	0.01052	0.01119	0.00671	0.00742	0.01131	0.01414	0.03668	0.05931	0.62540	0.04514	0.02114	0.00959	0.00289	0.03091	0.06902	0.00658	0.00611
53	0.53280	0.01523	0.01456	0.01227	0.01674	0.04000	0.05484	0.12782	0.01630	0.03186	0.01372	0.07044	0.01177	0.00814	0.00556	0.00225	0.00647	0.00589	0.00494	0.00842
54	0.02023	0.04704	0.02235	0.07723	0.26308	0.09244	0.01594	0.05775	0.15680	0.10794	0.01937	0.02283	0.01534	0.00828	0.00709	0.00221	0.00797	0.04035	0.00523	0.01051

[dist]
# distance from previous block
# <min> <max>
0	3

[block]
# block no. 8 follows, 29 sequences, length 18
# corresponding to MSA columns:
# 344-361
name=unknown_I
#
# <colnr> <probs for GDERKNQSTAVLIFYWHMCP>
#	G	D	E	R	K	N	Q	S	T	A	V	L	I	F	Y	W	H	M	C	P
0	0.01909	0.13911	0.04880	0.10514	0.19396	0.11110	0.07744	0.06814	0.01710	0.04290	0.01366	0.01827	0.01140	0.00773	0.00826	0.00217	0.07477	0.02748	0.00389	0.00959
1	0.01017	0.00763	0.01144	0.01144	0.01272	0.00890	0.00890	0.01272	0.01144	0.01653	0.01907	0.02797	0.01780	0.05340	0.72153	0.01144	0.01907	0.00763	0.00381	0.00636
2	0.01735	0.17029	0.38068	0.01821	0.02639	0.01938	0.06496	0.08456	0.08970	0.04124	0.01485	0.01627	0.01103	0.00711	0.00655	0.00213	0.00918	0.00565	0.00403	0.01046
3	0.01035	0.00694	0.00797	0.00797	0.00803	0.00701	0.00456	0.01048	0.01041	0.01395	0.02225	0.04559	0.02545	0.71197	0.07342	0.00715	0.00756	0.01021	0.00429	0.00443
4	0.42797	0.01350	0.01274	0.01091	0.01502	0.01495	0.00883	0.13533	0.05143	0.06681	0.15462	0.02241	0.02183	0.00883	0.00597	0.00221	0.00550	0.00652	0.00594	0.00866
5	0.02531	0.01894	0.02042	0.01565	0.02135	0.02049	0.01287	0.58157	0.05666	0.04184	0.01705	0.01720	0.01230	0.00822	0.00692	0.00202	0.00746	0.00623	0.00680	0.10071
6	0.01682	0.23684	0.39853	0.01891	0.02731	0.07269	0.09162	0.02267	0.01545	0.02056	0.01201	0.01430	0.00926	0.00654	0.00630	0.00203	0.01004	0.00514	0.00313	0.00986
7	0.01707	0.10515	0.16956	0.03105	0.36329	0.05617	0.07416	0.02180	0.01604	0.02183	0.01570	0.01875	0.04422	0.00700	0.00685	0.00210	0.00908	0.00633	0.00353	0.01032
8	0.00900	0.00689	0.00789	0.00828	0.00966	0.00618	0.00575	0.01057	0.01510	0.01931	0.13672	0.25310	0.33171	0.13181	0.01290	0.00321	0.00423	0.01549	0.00642	0.00578
9	0.00982	0.00722	0.00920	0.00881	0.01051	0.00659	0.00656	0.01290	0.01939	0.02699	0.59777	0.08877	0.13828	0.01533	0.00843	0.00229	0.00343	0.01348	0.00764	0.00659
10	0.02680	0.01782	0.02034	0.01679	0.05461	0.01905	0.01311	0.50325	0.02944	0.16617	0.01980	0.04646	0.01444	0.00902	0.00720	0.00218	0.00739	0.00708	0.00724	0.01183
11	0.01735	0.01664	0.02842	0.08819	0.66296	0.01685	0.02172	0.02162	0.01609	0.02294	0.01335	0.01771	0.01116	0.00639	0.00705	0.00213	0.00853	0.00634	0.00350	0.01106
12	0.03097	0.01227	0.01647	0.01269	0.01807	0.01081	0.01046	0.06053	0.02091	0.65861	0.05166	0.02498	0.01917	0.00901	0.00720	0.00220	0.00604	0.00733	0.00871	0.01193
13	0.01327	0.00664	0.00664	0.00664	0.00830	0.00664	0.00498	0.01659	0.01493	0.02655	0.02323	0.02655	0.01825	0.00830	0.00498	0.00166	0.00332	0.00664	0.78928	0.00664
14	0.02051	0.44783	0.03083	0.01729	0.09711	0.16233	0.01356	0.04478	0.06941	0.01953	0.01223	0.01377	0.01047	0.00672	0.00550	0.00174	0.00859	0.00466	0.00368	0.00947
15	0.01496	0.01305	0.01638	0.04916	0.08144	0.01048	0.01022	0.01830	0.01487	0.02296	0.01272	0.01523	0.01056	0.00546	0.00553	0.00122	0.00577	0.00452	0.00410	0.68305
16	0.01151	0.00987	0.01188	0.01190	0.01330	0.07370	0.00909	0.01384	0.01249	0.01680	0.02062	0.10796	0.02034	0.04566	0.57528	0.00959	0.01681	0.00878	0.00412	0.00647
17	0.01558	0.01299	0.01482	0.01090	0.01680	0.01060	0.00874	0.09253	0.01702	0.02530	0.01860	0.01995	0.07402	0.00681	0.00577	0.00130	0.00541	0.00546	0.00477	0.63263

[dist]
# distance from previous block
# <min> <max>
5	11

[block]
# block no. 9 follows, 29 sequences, length 18
# corresponding to MSA columns:
# 373-390
name=unknown_J
#
# <colnr> <probs for GDERKNQSTAVLIFYWHMCP>
#	G	D	E	R	K	N	Q	S	T	A	V	L	I	F	Y	W	H	M	C	P
0	0.27180	0.05997	0.01748	0.01521	0.06543	0.09320	0.01136	0.12749	0.16799	0.05683	0.03689	0.01802	0.01414	0.00794	0.00609	0.00216	0.00697	0.00582	0.00551	0.00971
1	0.51513	0.09112	0.05041	0.01141	0.01630	0.06605	0.00999	0.06045	0.01502	0.06843	0.03230	0.01411	0.01063	0.00709	0.00512	0.00211	0.00659	0.00458	0.00466	0.00851
2	0.00949	0.00793	0.00837	0.00832	0.01065	0.00721	0.00620	0.01318	0.08371	0.02086	0.11009	0.12819	0.52580	0.01736	0.00836	0.00244	0.00384	0.01468	0.00676	0.00657
3	0.05590	0.14743	0.18632	0.01636	0.02248	0.18119	0.01573	0.16838	0.06732	0.02643	0.03820	0.01638	0.01263	0.00765	0.00639	0.00202	0.00917	0.00552	0.00459	0.00991
4	0.01225	0.01070	0.01089	0.01029	0.01278	0.05488	0.00777	0.01864	0.16734	0.02475	0.28274	0.08040	0.25033	0.01444	0.00805	0.00233	0.00458	0.01228	0.00700	0.00756
