[name]
unknown

[dist]
# distance from previous block
# <min> <max>
0	8

[block]
# block no. 0 follows, 22 sequences, length 13
# corresponding to MSA columns:
# 8-20
name=unknown_A
#
# <colnr> <probs for GDERKNQSTAVLIFYWHMCP>
#	G	D	E	R	K	N	Q	S	T	A	V	L	I	F	Y	W	H	M	C	P
0	0.01401	0.01098	0.01653	0.19877	0.02812	0.01199	0.01603	0.01831	0.01844	0.02387	0.03602	0.07419	0.03779	0.01896	0.01061	0.00354	0.00858	0.43861	0.00657	0.00808
1	0.01607	0.01092	0.01591	0.19580	0.02575	0.01129	0.01255	0.02034	0.02167	0.10980	0.39954	0.04689	0.05269	0.01377	0.00921	0.00265	0.00627	0.01209	0.00780	0.00902
2	0.01299	0.01054	0.04211	0.01311	0.01532	0.00896	0.03716	0.01608	0.01900	0.05093	0.24214	0.27668	0.05449	0.08126	0.01301	0.00350	0.00596	0.08126	0.00770	0.00780
3	0.01647	0.01693	0.01383	0.01402	0.01622	0.18982	0.01009	0.01962	0.05615	0.02243	0.06469	0.35015	0.13910	0.01924	0.00947	0.00288	0.00756	0.01648	0.00687	0.00800
4	0.01528	0.00776	0.00782	0.00782	0.00964	0.00776	0.00576	0.01892	0.01710	0.03008	0.02704	0.03237	0.02183	0.05142	0.00799	0.00230	0.00412	0.00800	0.70938	0.00758
5	0.01272	0.00783	0.00954	0.00954	0.00954	0.00783	0.00563	0.01174	0.01174	0.01565	0.02297	0.04643	0.02590	0.52282	0.03961	0.21265	0.00783	0.01075	0.00464	0.00464
6	0.01441	0.20054	0.01973	0.01146	0.01476	0.01456	0.00950	0.01775	0.02100	0.02827	0.41180	0.09254	0.08339	0.01507	0.00863	0.00244	0.00535	0.01282	0.00746	0.00850
7	0.01176	0.00747	0.00915	0.01033	0.01124	0.00714	0.00704	0.01389	0.01641	0.02407	0.06423	0.45586	0.04529	0.06067	0.01110	0.00322	0.00471	0.01827	0.21118	0.00696
8	0.02123	0.49142	0.07589	0.02036	0.02807	0.02896	0.18189	0.02542	0.01766	0.02181	0.01315	0.01601	0.01118	0.00712	0.00668	0.00210	0.01045	0.00599	0.00373	0.01089
9	0.01164	0.00928	0.01381	0.19606	0.02437	0.00994	0.01190	0.01420	0.01610	0.02121	0.03733	0.51705	0.04298	0.02119	0.00998	0.00321	0.00653	0.01919	0.00662	0.00742
10	0.01745	0.20450	0.02829	0.43679	0.04271	0.02132	0.01894	0.02204	0.01676	0.02173	0.01511	0.02062	0.01198	0.00812	0.00725	0.00242	0.00976	0.00662	0.07813	0.00947
11	0.02888	0.02869	0.02280	0.01933	0.02455	0.29457	0.01514	0.26887	0.12311	0.03523	0.02150	0.02180	0.03835	0.01000	0.00805	0.00241	0.01100	0.00726	0.00663	0.01184
12	0.01179	0.00958	0.01362	0.19533	0.02404	0.01012	0.01150	0.01446	0.01664	0.02155	0.06630	0.34607	0.14029	0.06579	0.01194	0.00340	0.00661	0.01708	0.00649	0.00740

[dist]
# distance from previous block
# <min> <max>
0	4

[block]
# block no. 1 follows, 22 sequences, length 9
# corresponding to MSA columns:
# 25-33
name=unknown_B
#
# <colnr> <probs for GDERKNQSTAVLIFYWHMCP>
#	G	D	E	R	K	N	Q	S	T	A	V	L	I	F	Y	W	H	M	C	P
0	0.02326	0.01660	0.01835	0.01438	0.02017	0.01625	0.01164	0.27368	0.02741	0.09896	0.03669	0.03571	0.17995	0.01201	0.00822	0.00230	0.00698	0.00960	0.00759	0.18025
1	0.01843	0.01289	0.01494	0.01133	0.01722	0.01030	0.00899	0.02213	0.01782	0.08047	0.01945	0.02170	0.01532	0.00741	0.00624	0.00152	0.00564	0.00594	0.19961	0.50265
2	0.02235	0.02198	0.01964	0.01557	0.02177	0.18493	0.01223	0.10012	0.02142	0.02812	0.01528	0.01774	0.01253	0.01000	0.03943	0.00222	0.00960	0.00555	0.00516	0.43437
3	0.01165	0.00759	0.00893	0.00993	0.01105	0.00716	0.00679	0.01368	0.01634	0.02343	0.04414	0.38764	0.12189	0.08392	0.01217	0.00336	0.00479	0.01765	0.20099	0.00688
4	0.01564	0.01157	0.01341	0.01303	0.01548	0.01172	0.00959	0.17157	0.02238	0.02947	0.04504	0.42899	0.13716	0.02109	0.00989	0.00306	0.00585	0.01849	0.00787	0.00870
5	0.13317	0.01575	0.04790	0.25250	0.03256	0.01728	0.01630	0.07441	0.08142	0.02748	0.01861	0.02404	0.01497	0.02264	0.18069	0.00546	0.01268	0.00749	0.00499	0.00968
6	0.02032	0.39978	0.03241	0.01454	0.02057	0.02304	0.06412	0.02327	0.01835	0.08681	0.03300	0.03291	0.17834	0.01104	0.00719	0.00221	0.00792	0.00869	0.00538	0.01012
7	0.01070	0.00783	0.01066	0.01176	0.01276	0.00780	0.00834	0.01278	0.01606	0.02181	0.09342	0.44077	0.08029	0.03439	0.18278	0.00587	0.00923	0.01874	0.00699	0.00703
8	0.01750	0.01631	0.02511	0.07416	0.38844	0.01646	0.01911	0.02364	0.08263	0.02635	0.03521	0.03712	0.18013	0.01139	0.00867	0.00261	0.00813	0.01023	0.00547	0.01133

[dist]
# distance from previous block
# <min> <max>
0	4

[block]
# block no. 2 follows, 22 sequences, length 12
# corresponding to MSA columns:
# 38-49
name=unknown_C
#
# <colnr> <probs for GDERKNQSTAVLIFYWHMCP>
#	G	D	E	R	K	N	Q	S	T	A	V	L	I	F	Y	W	H	M	C	P
0	0.02025	0.02504	0.09822	0.06976	0.10913	0.07818	0.42135	0.02675	0.01953	0.02580	0.01605	0.02111	0.01223	0.00733	0.00918	0.00269	0.01333	0.00869	0.00411	0.01127
1	0.01012	0.00723	0.00964	0.01157	0.01205	0.00675	0.00771	0.01157	0.01591	0.02121	0.04579	0.70262	0.05495	0.02603	0.01060	0.00337	0.00482	0.02362	0.00771	0.00675
2	0.15453	0.01503	0.01850	0.01444	0.02067	0.01411	0.01192	0.07558	0.02320	0.52218	0.02853	0.02536	0.01829	0.00985	0.00783	0.00257	0.00710	0.00768	0.00933	0.01331
3	0.03103	0.03959	0.02354	0.02140	0.02568	0.67469	0.01605	0.03317	0.02354	0.02033	0.01284	0.01498	0.01070	0.00856	0.00749	0.00214	0.01498	0.00535	0.00428	0.00963
4	0.01228	0.00865	0.01071	0.01132	0.01211	0.00869	0.00752	0.05015	0.01579	0.02120	0.03536	0.37787	0.04089	0.26408	0.07931	0.00581	0.00772	0.01735	0.00654	0.00667
5	0.01364	0.01117	0.01610	0.01519	0.01632	0.01404	0.01211	0.01637	0.01341	0.02007	0.01965	0.02891	0.01831	0.04754	0.47721	0.01031	0.19006	0.00843	0.04330	0.00785
6	0.03688	0.01477	0.01967	0.01508	0.02152	0.01315	0.01246	0.08110	0.02483	0.61987	0.03189	0.02770	0.02012	0.01026	0.00835	0.00257	0.00721	0.00829	0.01015	0.01414
7	0.01011	0.00832	0.00889	0.00897	0.01146	0.00710	0.00665	0.01241	0.01930	0.02383	0.15876	0.13251	0.52110	0.02092	0.00988	0.00283	0.00422	0.01773	0.00791	0.00710
8	0.03158	0.02327	0.02493	0.01911	0.02576	0.02576	0.01579	0.62852	0.03906	0.05236	0.01995	0.01995	0.01413	0.00997	0.00831	0.00249	0.00914	0.00748	0.00831	0.01413
9	0.02919	0.02023	0.02213	0.01703	0.02333	0.02147	0.01399	0.46031	0.03355	0.10173	0.02116	0.02136	0.01513	0.00958	0.00787	0.00232	0.00819	0.00731	0.07311	0.09102
10	0.02093	0.01705	0.01919	0.01433	0.02130	0.01541	0.01155	0.16659	0.07878	0.03374	0.01771	0.01911	0.01392	0.00752	0.00687	0.00167	0.00690	0.00593	0.00604	0.51547
11	0.05639	0.01631	0.01885	0.01780	0.07479	0.01720	0.01281	0.17851	0.17265	0.03716	0.18355	0.03502	0.05733	0.01182	0.00844	0.00251	0.00671	0.00986	0.00773	0.07458

[dist]
# distance from previous block
# <min> <max>
1	15

[block]
# block no. 3 follows, 22 sequences, length 18
# corresponding to MSA columns:
# 65-82
name=unknown_D
#
# <colnr> <probs for GDERKNQSTAVLIFYWHMCP>
#	G	D	E	R	K	N	Q	S	T	A	V	L	I	F	Y	W	H	M	C	P
0	0.06727	0.07029	0.01843	0.12899	0.02396	0.01462	0.01241	0.02487	0.08965	0.12722	0.04511	0.18504	0.02698	0.01314	0.00814	0.00261	0.00694	0.01120	0.04646	0.07668
1	0.02417	0.56667	0.03942	0.01547	0.02227	0.08919	0.01458	0.10118	0.02025	0.02372	0.01272	0.01430	0.01110	0.00760	0.00590	0.00190	0.00946	0.00490	0.00421	0.01100
2	0.01634	0.01543	0.02609	0.60291	0.13730	0.01863	0.02340	0.02180	0.01692	0.02202	0.01488	0.02194	0.01135	0.00818	0.00829	0.00273	0.01091	0.00739	0.00375	0.00975
3	0.01002	0.00838	0.00847	0.00847	0.01103	0.00711	0.00620	0.01194	0.01832	0.02188	0.07899	0.07767	0.59735	0.08228	0.01271	0.00327	0.00455	0.01705	0.00748	0.00684
4	0.76672	0.01607	0.01221	0.01092	0.01607	0.01864	0.00900	0.02442	0.01414	0.03727	0.01157	0.01350	0.00900	0.00771	0.00514	0.00257	0.00643	0.00450	0.00514	0.00900
5	0.01020	0.00729	0.00971	0.01151	0.01207	0.00680	0.00772	0.01177	0.01628	0.02180	0.07550	0.67122	0.05609	0.02558	0.01056	0.00334	0.00478	0.02320	0.00778	0.00680
6	0.01549	0.00774	0.00774	0.00774	0.00968	0.00774	0.00581	0.01936	0.01742	0.03097	0.02710	0.03097	0.02129	0.00968	0.00581	0.00194	0.00387	0.00774	0.75416	0.00774
7	0.01189	0.00883	0.01299	0.01299	0.01435	0.01019	0.00994	0.01460	0.01324	0.01902	0.02258	0.03446	0.02156	0.11639	0.62211	0.01291	0.02106	0.00917	0.00450	0.00722
8	0.01100	0.00829	0.01017	0.01007	0.01204	0.00746	0.00741	0.01407	0.02117	0.02862	0.41062	0.16050	0.22941	0.01940	0.00992	0.00278	0.00413	0.01695	0.00855	0.00746
9	0.01381	0.01102	0.01563	0.07200	0.09679	0.01117	0.03158	0.03539	0.01630	0.02182	0.06465	0.14588	0.08686	0.29165	0.04550	0.00527	0.00821	0.01317	0.00573	0.00757
10	0.02220	0.02356	0.03130	0.11681	0.42156	0.16002	0.05350	0.02671	0.01968	0.02498	0.01499	0.01964	0.01237	0.00773	0.00816	0.00245	0.01131	0.00708	0.00410	0.01185
11	0.03054	0.13568	0.02611	0.01931	0.02448	0.44242	0.01527	0.08188	0.02385	0.10317	0.01573	0.01681	0.01221	0.00868	0.00734	0.00217	0.01260	0.00577	0.00526	0.01072
12	0.01966	0.01578	0.02342	0.45817	0.04528	0.01787	0.01949	0.09879	0.02009	0.07868	0.01690	0.02172	0.01240	0.00839	0.00802	0.00251	0.00984	0.00714	0.00498	0.11086
13	0.01077	0.00830	0.00955	0.00989	0.01178	0.00745	0.00721	0.01296	0.01840	0.02348	0.16229	0.16893	0.33828	0.10727	0.01414	0.00360	0.00502	0.06617	0.00761	0.00692
14	0.02818	0.02097	0.02269	0.01784	0.02374	0.02309	0.01457	0.50286	0.08755	0.04850	0.10021	0.02614	0.02311	0.01096	0.00851	0.00254	0.00827	0.00858	0.00843	0.01326
15	0.11419	0.01748	0.02028	0.15823	0.02854	0.01912	0.01457	0.27019	0.02563	0.03747	0.01904	0.05460	0.01524	0.00965	0.00757	0.00240	0.00821	0.00761	0.06517	0.10480
16	0.02628	0.02367	0.02234	0.01869	0.02315	0.15215	0.01479	0.28147	0.13553	0.03589	0.02034	0.02350	0.01633	0.06799	0.01334	0.00308	0.09535	0.00774	0.00668	0.01168
17	0.02160	0.53407	0.03782	0.09485	0.02542	0.02926	0.01499	0.05720	0.04709	0.02263	0.01400	0.01622	0.01198	0.00769	0.00601	0.00199	0.00886	0.00531	0.03233	0.01068

[dist]
# distance from previous block
# <min> <max>
0	1

[block]
# block no. 4 follows, 22 sequences, length 7
# corresponding to MSA columns:
# 84-90
name=unknown_E
#
# <colnr> <probs for GDERKNQSTAVLIFYWHMCP>
#	G	D	E	R	K	N	Q	S	T	A	V	L	I	F	Y	W	H	M	C	P
0	0.01659	0.03413	0.44803	0.02489	0.03492	0.01824	0.16488	0.02468	0.01783	0.02579	0.01890	0.09748	0.01611	0.00977	0.00864	0.00276	0.01182	0.00899	0.00415	0.01139
1	0.01061	0.00751	0.00987	0.01156	0.01210	0.00713	0.00784	0.01207	0.01570	0.02089	0.04330	0.57726	0.05143	0.10728	0.01446	0.00397	0.00543	0.06761	0.00739	0.00661
2	0.01928	0.02122	0.10398	0.04369	0.51034	0.01850	0.02468	0.02462	0.01878	0.02678	0.01885	0.02874	0.01690	0.00927	0.00857	0.00264	0.00989	0.07640	0.00446	0.01242
3	0.01209	0.00952	0.01066	0.01021	0.01257	0.00907	0.00747	0.01707	0.09389	0.02672	0.26273	0.06447	0.29643	0.11394	0.01416	0.00347	0.00493	0.01495	0.00792	0.00775
4	0.03425	0.01347	0.01831	0.01427	0.02017	0.01169	0.01169	0.03755	0.02375	0.58762	0.10599	0.03227	0.02740	0.01107	0.00853	0.00258	0.00670	0.00914	0.01015	0.01339
5	0.01187	0.00890	0.01335	0.01335	0.01483	0.01038	0.01038	0.01483	0.01335	0.01928	0.02225	0.03264	0.02077	0.06231	0.67512	0.01335	0.02225	0.00890	0.00445	0.00742
6	0.02288	0.01891	0.02033	0.10513	0.02599	0.06150	0.01450	0.21789	0.20311	0.03595	0.02606	0.02695	0.04532	0.01068	0.00886	0.00260	0.03697	0.00834	0.09638	0.01163

[dist]
# distance from previous block
# <min> <max>
3	5

[block]
# block no. 5 follows, 22 sequences, length 26
# corresponding to MSA columns:
# 97-122
name=unknown_F
#
# <colnr> <probs for GDERKNQSTAVLIFYWHMCP>
#	G	D	E	R	K	N	Q	S	T	A	V	L	I	F	Y	W	H	M	C	P
0	0.02868	0.03336	0.06462	0.01975	0.02481	0.43325	0.01596	0.15344	0.02573	0.02833	0.01583	0.01773	0.01243	0.00892	0.00752	0.00222	0.01252	0.00607	0.07829	0.01054
1	0.01208	0.00805	0.00906	0.00906	0.00906	0.00805	0.00503	0.01208	0.01208	0.01611	0.02618	0.05436	0.03020	0.70804	0.04228	0.00805	0.00805	0.01208	0.00503	0.00503
2	0.02685	0.02436	0.02057	0.01730	0.02190	0.21563	0.01367	0.28277	0.02834	0.03605	0.02169	0.02317	0.04322	0.01019	0.00846	0.00235	0.03842	0.00734	0.14669	0.01105
3	0.01012	0.00723	0.00964	0.01157	0.01205	0.00675	0.00771	0.01157	0.01591	0.02121	0.04579	0.70262	0.05495	0.02603	0.01060	0.00337	0.00482	0.02362	0.00771	0.00675
4	0.01567	0.01408	0.02324	0.62164	0.05257	0.01741	0.02139	0.02104	0.01669	0.02218	0.01597	0.02301	0.01207	0.00844	0.00806	0.00269	0.01037	0.00742	0.07698	0.00908
5	0.02196	0.64560	0.04407	0.01625	0.02348	0.03171	0.07396	0.02505	0.01715	0.02024	0.01206	0.01421	0.01085	0.00710	0.00577	0.00188	0.00938	0.00497	0.00362	0.01071
6	0.01208	0.00805	0.00906	0.00906	0.00906	0.00805	0.00503	0.01208	0.01208	0.01611	0.02618	0.05436	0.03020	0.70804	0.04228	0.00805	0.00805	0.01208	0.00503	0.00503
7	0.01818	0.01818	0.02545	0.02181	0.02181	0.02545	0.01818	0.01999	0.01272	0.01999	0.01091	0.01818	0.01091	0.01454	0.02726	0.00364	0.69284	0.00727	0.00364	0.00909
8	0.01732	0.04590	0.02465	0.08551	0.02438	0.02320	0.01752	0.01968	0.01336	0.02001	0.01272	0.02016	0.01214	0.01955	0.10498	0.00468	0.51419	0.00736	0.00374	0.00896
9	0.03727	0.01414	0.01928	0.01478	0.02121	0.01221	0.01221	0.04049	0.02378	0.66198	0.03277	0.02828	0.02056	0.01028	0.00835	0.00257	0.00707	0.00835	0.01028	0.01414
10	0.01175	0.00853	0.01110	0.01058	0.01257	0.00788	0.00802	0.01559	0.02314	0.03252	0.60312	0.06413	0.09987	0.01740	0.00987	0.00267	0.00409	0.04034	0.00902	0.00780
11	0.02735	0.05647	0.02421	0.08601	0.02798	0.48530	0.01668	0.03122	0.06240	0.02131	0.01419	0.01698	0.01172	0.00922	0.00940	0.00237	0.07698	0.00596	0.00441	0.00981
12	0.03035	0.03146	0.02387	0.02040	0.02508	0.39050	0.01595	0.20233	0.02698	0.06670	0.01585	0.01747	0.01227	0.00962	0.00962	0.00241	0.07599	0.00631	0.00572	0.01113
13	0.01028	0.00735	0.00978	0.01146	0.01208	0.00685	0.00772	0.01196	0.01664	0.02237	0.10402	0.64108	0.05720	0.02516	0.01053	0.00330	0.00473	0.02279	0.00785	0.00685
14	0.01723	0.01477	0.01723	0.01230	0.01969	0.01107	0.00984	0.02092	0.01723	0.02707	0.01477	0.01723	0.01230	0.00615	0.00615	0.00123	0.00615	0.00492	0.00492	0.75883
15	0.02291	0.02023	0.09111	0.01747	0.02278	0.01927	0.01516	0.25545	0.14846	0.07061	0.02710	0.14238	0.02362	0.01537	0.03961	0.00327	0.03519	0.01064	0.00745	0.01194
16	0.06172	0.59982	0.03975	0.01487	0.02132	0.06899	0.01426	0.02507	0.01690	0.02055	0.01159	0.01369	0.01059	0.00762	0.00663	0.00194	0.04593	0.00465	0.00368	0.01043
17	0.07274	0.01484	0.01882	0.01480	0.02063	0.01402	0.01214	0.11674	0.02477	0.46995	0.07019	0.02880	0.02289	0.01328	0.04339	0.00313	0.00791	0.00850	0.00935	0.01309
18	0.01206	0.00813	0.00946	0.00946	0.00960	0.00827	0.00553	0.01234	0.01220	0.01640	0.02581	0.05234	0.02932	0.64790	0.10123	0.00855	0.00938	0.01178	0.00498	0.00526
19	0.01204	0.01010	0.01598	0.01465	0.01695	0.00937	0.10477	0.01482	0.01790	0.02379	0.13113	0.35575	0.13424	0.06026	0.01211	0.00338	0.00635	0.04162	0.00721	0.00758
20	0.01805	0.01526	0.01767	0.01270	0.02004	0.01192	0.01019	0.05596	0.01849	0.02853	0.01506	0.01738	0.01241	0.00637	0.00628	0.00130	0.00632	0.00507	0.00512	0.71589
21	0.01812	0.21328	0.32767	0.02086	0.02974	0.02201	0.08964	0.02577	0.05861	0.02463	0.01835	0.08167	0.01591	0.00950	0.00772	0.00251	0.01050	0.00794	0.00432	0.01127
22	0.01188	0.00910	0.01031	0.01042	0.01240	0.00861	0.00755	0.04795	0.01798	0.02275	0.05701	0.17642	0.32445	0.14779	0.05972	0.00459	0.00668	0.05028	0.00705	0.00709
23	0.02483	0.41558	0.03439	0.01625	0.02267	0.17964	0.01441	0.09249	0.02089	0.02402	0.01307	0.01480	0.01120	0.00767	0.00624	0.00189	0.01008	0.00503	0.00437	0.08049
24	0.13529	0.21066	0.19824	0.01727	0.02470	0.10383	0.01766	0.09872	0.02018	0.02892	0.01474	0.01675	0.01155	0.00812	0.00665	0.00227	0.00985	0.00562	0.05806	0.01093
25	0.02639	0.08425	0.02357	0.01683	0.02247	0.02266	0.01398	0.43652	0.03212	0.04313	0.04768	0.02538	0.04619	0.01558	0.07318	0.00348	0.00976	0.00810	0.03639	0.01233

[dist]
# distance from previous block
# <min> <max>
0	7

[block]
# block no. 6 follows, 22 sequences, length 19
# corresponding to MSA columns:
# 130-148
name=unknown_G
#
# <colnr> <probs for GDERKNQSTAVLIFYWHMCP>
#	G	D	E	R	K	N	Q	S	T	A	V	L	I	F	Y	W	H	M	C	P
0	0.02192	0.66380	0.04225	0.01475	0.02136	0.03235	0.01450	0.02453	0.01659	0.01958	0.01150	0.01367	0.01068	0.00763	0.00688	0.00191	0.05735	0.00464	0.00356	0.01055
1	0.01509	0.00939	0.01214	0.01203	0.01405	0.00886	0.00876	0.05283	0.02065	0.10174	0.23800	0.37708	0.05607	0.02032	0.00995	0.00298	0.00505	0.01811	0.00851	0.00840
2	0.01851	0.02149	0.12963	0.03865	0.40865	0.01811	0.02373	0.02383	0.01842	0.02622	0.02044	0.03329	0.01894	0.01068	0.00975	0.00280	0.04519	0.11523	0.00464	0.01180
3	0.01032	0.00751	0.00938	0.01078	0.01155	0.00695	0.00716	0.01169	0.01588	0.02075	0.04909	0.52707	0.14188	0.11130	0.01448	0.00388	0.00514	0.02125	0.00737	0.00657
4	0.02913	0.02051	0.02210	0.01734	0.02326	0.02249	0.01420	0.48189	0.07858	0.08003	0.02247	0.02251	0.01614	0.01005	0.00802	0.00245	0.00821	0.00769	0.09964	0.01328
5	0.02944	0.10830	0.02617	0.01818	0.02451	0.06385	0.01513	0.42324	0.10289	0.07474	0.02070	0.02050	0.01509	0.00970	0.00791	0.00242	0.00906	0.00724	0.00760	0.01332
6	0.01115	0.00847	0.01026	0.00981	0.01204	0.00758	0.00736	0.01450	0.02208	0.02990	0.47385	0.06767	0.25850	0.01826	0.00980	0.00267	0.00401	0.01581	0.00870	0.00758
7	0.01010	0.00730	0.00956	0.01137	0.01200	0.00676	0.00763	0.01159	0.01609	0.02128	0.04815	0.66425	0.09179	0.02572	0.01056	0.00334	0.00478	0.02324	0.00771	0.00676
8	0.02906	0.02564	0.02201	0.01809	0.02337	0.20797	0.01440	0.36931	0.03146	0.04009	0.01897	0.02015	0.01421	0.00953	0.00771	0.00231	0.01003	0.00691	0.11689	0.01191
9	0.02264	0.54540	0.11772	0.01629	0.02368	0.11215	0.01648	0.02610	0.01780	0.02048	0.01213	0.01405	0.01065	0.00739	0.00592	0.00193	0.01007	0.00477	0.00364	0.01073
10	0.01840	0.02359	0.15410	0.19660	0.23416	0.01967	0.18264	0.02490	0.01828	0.02541	0.01559	0.02086	0.01201	0.00761	0.00859	0.00266	0.01169	0.00779	0.00392	0.01153
11	0.01787	0.01177	0.01344	0.01198	0.01497	0.05621	0.00919	0.02146	0.02341	0.15026	0.47031	0.05296	0.08241	0.01526	0.00936	0.00258	0.00531	0.01317	0.00896	0.00912
12	0.01068	0.00761	0.00984	0.01116	0.01189	0.00716	0.00756	0.01235	0.01655	0.02217	0.11559	0.50046	0.07486	0.11070	0.01451	0.00387	0.00521	0.04359	0.00754	0.00670
13	0.01187	0.00890	0.01335	0.01335	0.01483	0.01038	0.01038	0.01483	0.01335	0.01928	0.02225	0.03264	0.02077	0.06231	0.67512	0.01335	0.02225	0.00890	0.00445	0.00742
14	0.02842	0.02062	0.02361	0.01836	0.02407	0.02277	0.04046	0.46700	0.03332	0.06899	0.02063	0.02164	0.01500	0.01010	0.00923	0.00251	0.05074	0.00763	0.10199	0.01289
15	0.01731	0.00809	0.01189	0.01132	0.01213	0.00785	0.00785	0.01456	0.01246	0.09611	0.01674	0.02563	0.01520	0.02652	0.02943	0.66298	0.00720	0.00736	0.00445	0.00494
16	0.54940	0.02064	0.10732	0.01701	0.04809	0.01904	0.08138	0.02497	0.01541	0.03416	0.01278	0.01534	0.00978	0.00764	0.00617	0.00260	0.00822	0.00543	0.00477	0.00987
17	0.49667	0.06728	0.01645	0.01266	0.01781	0.06628	0.01044	0.10045	0.01853	0.03572	0.01681	0.01832	0.04001	0.00872	0.00597	0.00245	0.00732	0.00569	0.04275	0.00965
18	0.01803	0.08623	0.14133	0.24300	0.18036	0.02150	0.02326	0.02321	0.01662	0.02309	0.01399	0.01944	0.01138	0.00904	0.01137	0.00274	0.13405	0.00688	0.00373	0.01077

[dist]
# distance from previous block
# <min> <max>
0	2

[block]
# block no. 7 follows, 22 sequences, length 26
# corresponding to MSA columns:
# 151-176
name=unknown_H
#
# <colnr> <probs for GDERKNQSTAVLIFYWHMCP>
#	G	D	E	R	K	N	Q	S	T	A	V	L	I	F	Y	W	H	M	C	P
0	0.02231	0.61022	0.09611	0.01551	0.02288	0.07430	0.01577	0.02555	0.01738	0.02018	0.01193	0.01380	0.01065	0.00727	0.00570	0.00188	0.00958	0.00465	0.00360	0.01073
1	0.01020	0.00835	0.00887	0.00889	0.01133	0.00716	0.00654	0.01242	0.01909	0.02356	0.15605	0.10956	0.51589	0.05131	0.01130	0.00304	0.00437	0.01728	0.00779	0.00702
2	0.09802	0.01962	0.13446	0.02013	0.08132	0.01643	0.01710	0.02812	0.19657	0.02951	0.02967	0.04649	0.02722	0.01379	0.00897	0.00306	0.00825	0.20399	0.00653	0.01072
3	0.01643	0.01553	0.02626	0.59053	0.14893	0.01865	0.02344	0.02188	0.01696	0.02213	0.01490	0.02191	0.01139	0.00817	0.00829	0.00272	0.01089	0.00739	0.00376	0.00983
4	0.02056	0.01974	0.03372	0.05099	0.65622	0.01974	0.02550	0.02550	0.01892	0.02714	0.01563	0.02056	0.01316	0.00740	0.00822	0.00247	0.00987	0.00740	0.00411	0.01316
5	0.01176	0.00849	0.01110	0.01045	0.01241	0.00784	0.00784	0.01568	0.02352	0.03331	0.65184	0.06206	0.07839	0.01698	0.00980	0.00261	0.00392	0.01502	0.00914	0.00784
6	0.01012	0.00847	0.00883	0.00886	0.01156	0.00718	0.00672	0.01243	0.01930	0.02338	0.12631	0.07914	0.58354	0.02081	0.00989	0.00283	0.00433	0.04140	0.00782	0.00710
7	0.01104	0.00794	0.01046	0.01094	0.01225	0.00736	0.00778	0.01387	0.02017	0.02799	0.38535	0.34372	0.06808	0.02096	0.01015	0.00295	0.00432	0.01880	0.00851	0.00736
8	0.01010	0.00799	0.00910	0.00975	0.01163	0.00699	0.00696	0.01212	0.01822	0.02293	0.11927	0.30766	0.38288	0.02252	0.01011	0.00300	0.00441	0.01956	0.00784	0.00699
9	0.07119	0.02163	0.02281	0.01815	0.02427	0.02420	0.01480	0.46176	0.17384	0.04751	0.02260	0.02208	0.01637	0.01014	0.00816	0.00257	0.00841	0.00774	0.00816	0.01361
10	0.03211	0.02242	0.02440	0.01871	0.02534	0.02450	0.01546	0.57368	0.03763	0.10921	0.02114	0.02072	0.01473	0.01000	0.00831	0.00250	0.00895	0.00756	0.00849	0.01413
11	0.01919	0.01312	0.01286	0.01153	0.01465	0.05011	0.00898	0.13700	0.05128	0.03345	0.02757	0.03034	0.04889	0.01377	0.05112	0.00289	0.00688	0.00817	0.44893	0.00927
12	0.01267	0.00916	0.01073	0.01101	0.01248	0.00887	0.00759	0.06924	0.01773	0.02302	0.04662	0.33147	0.18121	0.15883	0.01766	0.04429	0.00585	0.01755	0.00702	0.00699
13	0.01464	0.01214	0.01507	0.01265	0.01599	0.01166	0.00968	0.01735	0.01697	0.02494	0.15426	0.06405	0.05600	0.12303	0.03826	0.00350	0.10699	0.00992	0.00585	0.28705
14	0.10281	0.03046	0.37992	0.08271	0.03286	0.01779	0.05812	0.02580	0.01734	0.08157	0.01686	0.02013	0.01235	0.01314	0.06999	0.00364	0.01208	0.00673	0.00442	0.01127
15	0.02451	0.31606	0.03155	0.01879	0.05653	0.17654	0.01512	0.07607	0.15828	0.02594	0.01761	0.01849	0.01431	0.00859	0.00689	0.00218	0.00985	0.00613	0.00519	0.01137
16	0.01114	0.00811	0.01065	0.01190	0.01321	0.00762	0.00889	0.01366	0.01836	0.02442	0.16224	0.38345	0.11613	0.02315	0.01057	0.00328	0.00524	0.15283	0.00797	0.00718
17	0.02221	0.71304	0.04353	0.01421	0.02132	0.03287	0.01421	0.02488	0.01688	0.01955	0.01155	0.01333	0.01066	0.00711	0.00533	0.00178	0.00888	0.00444	0.00355	0.01066
18	0.03048	0.02241	0.02403	0.01855	0.02482	0.02476	0.01518	0.59364	0.03753	0.05030	0.02030	0.02189	0.01504	0.04948	0.01023	0.00281	0.00908	0.00774	0.00813	0.01361
19	0.02628	0.04213	0.09017	0.01867	0.07651	0.07582	0.01494	0.06392	0.02307	0.27840	0.14725	0.03262	0.05117	0.01117	0.00844	0.00251	0.00808	0.00919	0.00781	0.01185
20	0.02060	0.01552	0.01641	0.01538	0.01903	0.07116	0.01213	0.05258	0.21656	0.11835	0.06632	0.13688	0.05995	0.01580	0.00935	0.00297	0.00721	0.12513	0.00809	0.01057
21	0.01911	0.02129	0.09332	0.09933	0.38871	0.01915	0.13705	0.02485	0.01873	0.02629	0.01759	0.02562	0.01493	0.00848	0.00871	0.00266	0.01082	0.04709	0.00427	0.01200
22	0.02179	0.02462	0.06487	0.09654	0.31159	0.17010	0.04522	0.02797	0.07369	0.02540	0.01953	0.02287	0.04173	0.00871	0.00820	0.00249	0.01092	0.00757	0.00462	0.01158
23	0.02556	0.01738	0.01884	0.01614	0.02117	0.04859	0.01274	0.06764	0.36592	0.20776	0.07958	0.03137	0.02691	0.01125	0.00848	0.00269	0.00702	0.00926	0.00881	0.01289
24	0.01012	0.00723	0.00964	0.01157	0.01205	0.00675	0.00771	0.01157	0.01591	0.02121	0.04579	0.70262	0.05495	0.02603	0.01060	0.00337	0.00482	0.02362	0.00771	0.00675
25	0.01573	0.01397	0.07502	0.01604	0.01942	0.01202	0.01454	0.04518	0.07847	0.05098	0.03909	0.12808	0.04046	0.01971	0.01054	0.00348	0.00777	0.39303	0.00747	0.00903

[dist]
# distance from previous block
# <min> <max>
0	1

[block]
# block no. 8 follows, 22 sequences, length 68
# corresponding to MSA columns:
# 178-245
name=unknown_I
#
# <colnr> <probs for GDERKNQSTAVLIFYWHMCP>
#	G	D	E	R	K	N	Q	S	T	A	V	L	I	F	Y	W	H	M	C	P
0	0.02538	0.40997	0.14141	0.01596	0.02375	0.02496	0.01644	0.02937	0.01887	0.19572	0.01790	0.01811	0.01334	0.00810	0.00659	0.00214	0.00896	0.00579	0.00538	0.01188
1	0.03727	0.01414	0.01928	0.01478	0.02121	0.01221	0.01221	0.04049	0.02378	0.66198	0.03277	0.02828	0.02056	0.01028	0.00835	0.00257	0.00707	0.00835	0.01028	0.01414
2	0.03624	0.01501	0.01973	0.01521	0.02159	0.01361	0.01254	0.08892	0.04601	0.59058	0.03176	0.02768	0.02020	0.01029	0.00835	0.00257	0.00722	0.00832	0.01006	0.01410
3	0.02373	0.54303	0.08924	0.01550	0.02292	0.02969	0.01555	0.08734	0.01965	0.06652	0.01409	0.01534	0.01167	0.00767	0.00604	0.00197	0.00906	0.00515	0.00448	0.01137
4	0.02176	0.02236	0.02978	0.04192	0.47537	0.13915	0.02253	0.02607	0.01979	0.02566	0.01799	0.02696	0.01623	0.00919	0.00842	0.00255	0.01058	0.06723	0.00450	0.01195
5	0.01551	0.00846	0.00949	0.07683	0.01451	0.00883	0.00756	0.01955	0.01734	0.02998	0.02585	0.03008	0.02026	0.00954	0.00606	0.00202	0.00460	0.00771	0.67795	0.00789
6	0.01139	0.00848	0.01060	0.01007	0.01219	0.00768	0.00755	0.01497	0.02265	0.03126	0.54462	0.06543	0.18688	0.01775	0.00980	0.00265	0.00397	0.01550	0.00887	0.00768
7	0.02940	0.02164	0.02338	0.01835	0.02437	0.02383	0.01497	0.56587	0.03671	0.04919	0.02257	0.08927	0.01827	0.01160	0.00854	0.00258	0.00870	0.00912	0.00825	0.01338
8	0.01163	0.00849	0.01092	0.01031	0.01233	0.00778	0.00774	0.01543	0.02321	0.03258	0.61376	0.06326	0.11692	0.01726	0.00980	0.00263	0.00394	0.01519	0.00905	0.00778
9	0.01775	0.17438	0.54312	0.02182	0.03309	0.02196	0.02746	0.02603	0.01741	0.02498	0.01425	0.01671	0.01055	0.00774	0.00739	0.00246	0.01161	0.00581	0.00352	0.01196
10	0.01208	0.00805	0.00906	0.00906	0.00906	0.00805	0.00503	0.01208	0.01208	0.01611	0.02618	0.05436	0.03020	0.70804	0.04228	0.00805	0.00805	0.01208	0.00503	0.00503
11	0.01327	0.00861	0.01086	0.01080	0.01289	0.00773	0.00790	0.01595	0.02014	0.08738	0.27925	0.26830	0.18535	0.02009	0.00992	0.00289	0.00457	0.01767	0.00849	0.00792
12	0.01072	0.00767	0.00952	0.01054	0.01129	0.00719	0.00694	0.01212	0.01603	0.02127	0.10306	0.42302	0.11199	0.18773	0.01802	0.00436	0.00544	0.01942	0.00721	0.00647
13	0.01107	0.00763	0.00936	0.01035	0.01060	0.00738	0.00641	0.01182	0.01405	0.01874	0.03629	0.38853	0.04296	0.35647	0.02595	0.00564	0.00639	0.01803	0.00641	0.00592
14	0.01718	0.06963	0.57944	0.02436	0.03605	0.02004	0.08703	0.02628	0.01771	0.02605	0.01495	0.01783	0.01073	0.00777	0.00797	0.00261	0.01230	0.00642	0.00358	0.01211
15	0.01922	0.02197	0.07013	0.03682	0.17309	0.01997	0.44159	0.02563	0.01919	0.02645	0.01788	0.05495	0.01470	0.00805	0.00942	0.00275	0.01260	0.00980	0.00432	0.01145
16	0.02407	0.02206	0.02913	0.05789	0.32417	0.12112	0.06186	0.09972	0.02273	0.08144	0.05952	0.02320	0.01773	0.00877	0.00835	0.00247	0.01028	0.00784	0.00548	0.01218
17	0.05669	0.02358	0.06796	0.01877	0.02573	0.02390	0.01627	0.51545	0.03540	0.10254	0.02041	0.02027	0.01426	0.00978	0.00818	0.00251	0.00908	0.00736	0.00804	0.01382
18	0.03185	0.02283	0.02466	0.01891	0.02554	0.02511	0.01562	0.60033	0.03833	0.08159	0.02056	0.02034	0.01444	0.00999	0.00831	0.00250	0.00904	0.00752	0.00841	0.01413
19	0.06718	0.01711	0.02584	0.02153	0.02327	0.02194	0.09980	0.02036	0.01386	0.02194	0.01360	0.02079	0.01261	0.02079	0.12840	0.00502	0.44521	0.00770	0.00395	0.00910
20	0.01038	0.00740	0.00976	0.01133	0.01194	0.00692	0.00759	0.01201	0.01649	0.02219	0.10631	0.60604	0.05612	0.05835	0.01207	0.00352	0.00489	0.02218	0.00773	0.00677
21	0.13885	0.02084	0.02026	0.01643	0.02203	0.08665	0.01329	0.31098	0.05582	0.12106	0.05935	0.02557	0.05165	0.01057	0.00793	0.00252	0.00840	0.00797	0.00770	0.01214
22	0.02116	0.34266	0.02949	0.01498	0.01977	0.10807	0.01312	0.02394	0.01803	0.06378	0.08015	0.02336	0.02013	0.01931	0.13428	0.00424	0.04202	0.00687	0.00484	0.00979
23	0.01647	0.01281	0.01409	0.01332	0.01675	0.01340	0.01022	0.05263	0.25872	0.05904	0.05109	0.16229	0.22277	0.01723	0.00937	0.00293	0.00574	0.04296	0.00814	0.01001
24	0.02000	0.02149	0.09515	0.08899	0.08454	0.01871	0.18983	0.09937	0.07194	0.03002	0.01762	0.02093	0.01346	0.00776	0.00819	0.00235	0.01017	0.00754	0.00509	0.18684
25	0.10473	0.09488	0.53769	0.02141	0.03243	0.02033	0.02681	0.02597	0.01709	0.02703	0.01424	0.01672	0.01036	0.00781	0.00736	0.00255	0.01132	0.00581	0.00370	0.01176
26	0.02610	0.15258	0.03017	0.02756	0.20106	0.17820	0.01814	0.17917	0.05593	0.03084	0.01622	0.01829	0.01298	0.00846	0.00755	0.00229	0.01055	0.00649	0.00532	0.01211
27	0.01130	0.00953	0.01012	0.00962	0.01290	0.00818	0.00740	0.01463	0.04551	0.02394	0.09190	0.07164	0.50822	0.01908	0.00948	0.00270	0.00469	0.04799	0.00751	0.08369
28	0.03027	0.06067	0.02484	0.02238	0.05577	0.56770	0.01642	0.08143	0.02436	0.02326	0.01351	0.01560	0.01110	0.00857	0.00752	0.00217	0.01404	0.00559	0.00458	0.01021
29	0.09711	0.02253	0.05921	0.15324	0.17713	0.14745	0.01891	0.05402	0.01914	0.02663	0.01534	0.01962	0.01232	0.00878	0.00911	0.00253	0.06641	0.00666	0.07340	0.01046
30	0.01180	0.00793	0.00914	0.00942	0.00949	0.00786	0.00542	0.01201	0.01264	0.01685	0.02902	0.14833	0.03379	0.60919	0.03769	0.00738	0.00759	0.01375	0.00542	0.00528
31	0.01392	0.04578	0.01751	0.11575	0.02265	0.01159	0.05935	0.01708	0.01799	0.05086	0.09056	0.29700	0.11096	0.01860	0.00976	0.00304	0.00693	0.07562	0.00684	0.00820
32	0.05996	0.01974	0.07957	0.21716	0.28764	0.01971	0.02234	0.02646	0.09873	0.02661	0.01723	0.02160	0.01361	0.00859	0.00908	0.00268	0.04581	0.00739	0.00454	0.01155
33	0.01956	0.01746	0.02746	0.08892	0.02959	0.05982	0.23958	0.07928	0.02055	0.02962	0.02042	0.02481	0.01566	0.00850	0.00789	0.00241	0.00959	0.00829	0.28071	0.00989
34	0.00990	0.00808	0.00876	0.00931	0.01146	0.00694	0.00671	0.01182	0.01808	0.02209	0.07330	0.25610	0.48370	0.02245	0.01004	0.00297	0.00438	0.01925	0.00771	0.00694
35	0.22447	0.01925	0.01945	0.01575	0.02130	0.02156	0.01289	0.36401	0.05981	0.04421	0.01902	0.02022	0.01417	0.01231	0.04411	0.00309	0.00866	0.00688	0.05691	0.01192
36	0.02014	0.48578	0.13428	0.01597	0.02261	0.02804	0.01637	0.02358	0.01619	0.02034	0.01320	0.01781	0.01227	0.06553	0.01086	0.00260	0.07486	0.00560	0.00368	0.01030
37	0.01076	0.00736	0.00942	0.01100	0.01155	0.00696	0.00728	0.01226	0.01564	0.02149	0.04226	0.58161	0.04967	0.09394	0.01343	0.00373	0.00507	0.02114	0.06877	0.00666
38	0.02028	0.43890	0.24416	0.02030	0.07823	0.02739	0.02048	0.02539	0.01726	0.02236	0.01297	0.01529	0.01082	0.00739	0.00640	0.00211	0.01006	0.00524	0.00358	0.01139
39	0.10574	0.03720	0.02239	0.02034	0.02471	0.60807	0.01533	0.03228	0.02259	0.02205	0.01271	0.01483	0.01053	0.00847	0.00725	0.00218	0.01411	0.00526	0.00437	0.00957
40	0.01549	0.00774	0.00774	0.00774	0.00968	0.00774	0.00581	0.01936	0.01742	0.03097	0.02710	0.03097	0.02129	0.00968	0.00581	0.00194	0.00387	0.00774	0.75416	0.00774
41	0.03158	0.02327	0.02493	0.01911	0.02576	0.02576	0.01579	0.62852	0.03906	0.05236	0.01995	0.01995	0.01413	0.00997	0.00831	0.00249	0.00914	0.00748	0.00831	0.01413
42	0.01175	0.00801	0.00917	0.00934	0.00962	0.00786	0.00549	0.01218	0.01332	0.01770	0.05816	0.12188	0.06763	0.57279	0.03596	0.00707	0.00734	0.01367	0.00562	0.00543
43	0.02004	0.02242	0.04328	0.06781	0.10392	0.05713	0.46064	0.02615	0.01915	0.02561	0.01597	0.02152	0.01237	0.00770	0.01060	0.00278	0.05868	0.00902	0.00413	0.01108
44	0.02450	0.02170	0.01912	0.01719	0.02160	0.18189	0.01319	0.03758	0.33708	0.11705	0.02963	0.09481	0.02402	0.01195	0.00842	0.00267	0.00857	0.00968	0.00759	0.01176
45	0.01349	0.00964	0.01337	0.06761	0.01701	0.01120	0.01035	0.01652	0.01443	0.02198	0.02241	0.03245	0.02032	0.10258	0.35818	0.00861	0.06026	0.00869	0.18336	0.00753
46	0.01020	0.00799	0.00910	0.00971	0.01150	0.00704	0.00686	0.01212	0.01791	0.02259	0.11452	0.29413	0.36607	0.05695	0.01172	0.00325	0.00459	0.01917	0.00770	0.00689
47	0.01805	0.01531	0.01765	0.01285	0.02006	0.01223	0.01028	0.04918	0.05111	0.02860	0.01600	0.01807	0.01307	0.00659	0.00637	0.00137	0.00631	0.00527	0.00526	0.68636
48	0.02221	0.71304	0.04353	0.01421	0.02132	0.03287	0.01421	0.02488	0.01688	0.01955	0.01155	0.01333	0.01066	0.00711	0.00533	0.00178	0.00888	0.00444	0.00355	0.01066
49	0.19682	0.01511	0.03899	0.01595	0.06995	0.01442	0.01177	0.08008	0.02082	0.15519	0.15843	0.03239	0.02947	0.07744	0.01103	0.00303	0.00688	0.00886	0.00714	0.04624
50	0.01876	0.01879	0.02888	0.25583	0.21981	0.05379	0.05540	0.02304	0.01676	0.02287	0.01400	0.02028	0.01170	0.00964	0.01337	0.00288	0.19247	0.00739	0.00386	0.01046
51	0.01987	0.01221	0.01482	0.01281	0.01642	0.01187	0.00999	0.13635	0.02529	0.15023	0.29829	0.11463	0.11145	0.01574	0.00933	0.00268	0.00562	0.01348	0.00890	0.01000
52	0.01079	0.00751	0.00944	0.01072	0.01103	0.00719	0.00680	0.01174	0.01461	0.01947	0.03913	0.48240	0.04654	0.25772	0.02137	0.00496	0.00592	0.01970	0.00680	0.00617
53	0.02188	0.02119	0.02825	0.08469	0.02941	0.09294	0.12881	0.13461	0.02067	0.02804	0.01530	0.02015	0.01250	0.01077	0.01525	0.00292	0.25999	0.00761	0.05464	0.01039
54	0.43689	0.01725	0.01563	0.01310	0.01833	0.01939	0.01073	0.21246	0.02245	0.04073	0.01911	0.02029	0.04395	0.00925	0.00642	0.00251	0.00695	0.00635	0.06780	0.01040
55	0.01012	0.00723	0.00964	0.01157	0.01205	0.00675	0.00771	0.01157	0.01591	0.02121	0.04579	0.70262	0.05495	0.02603	0.01060	0.00337	0.00482	0.02362	0.00771	0.00675
56	0.01527	0.01661	0.13731	0.01406	0.01859	0.01194	0.01314	0.02280	0.10324	0.06687	0.41526	0.04763	0.05531	0.01413	0.00918	0.00264	0.00604	0.01222	0.00804	0.00973
57	0.02137	0.02170	0.03156	0.11201	0.51695	0.10109	0.02407	0.02602	0.01926	0.02569	0.01519	0.02003	0.01264	0.00764	0.00814	0.00246	0.01063	0.00714	0.00409	0.01232
58	0.01746	0.01700	0.03011	0.43999	0.21714	0.01910	0.09415	0.02301	0.01758	0.02345	0.01524	0.02175	0.01182	0.00791	0.00846	0.00269	0.01109	0.00767	0.00386	0.01052
59	0.01443	0.00722	0.01082	0.01082	0.01082	0.00722	0.00722	0.01082	0.01082	0.01443	0.01443	0.02525	0.01443	0.02886	0.03247	0.75830	0.00722	0.00722	0.00361	0.00361
60	0.01059	0.00743	0.00950	0.01097	0.01134	0.00706	0.00707	0.01169	0.01500	0.01999	0.04112	0.54838	0.04906	0.18830	0.01814	0.00449	0.00559	0.02087	0.00707	0.00634
61	0.01813	0.02198	0.09368	0.09938	0.04147	0.01935	0.46060	0.02471	0.01880	0.02556	0.01899	0.08177	0.01600	0.00888	0.00956	0.00283	0.01275	0.01047	0.00440	0.01070
62	0.05148	0.37913	0.25799	0.01696	0.02535	0.02503	0.01912	0.02432	0.01743	0.02355	0.04963	0.02026	0.04176	0.00853	0.00665	0.00220	0.00951	0.00616	0.00408	0.01085
63	0.01011	0.00728	0.00959	0.01143	0.01201	0.00676	0.00765	0.01158	0.01604	0.02126	0.04749	0.67492	0.08155	0.02580	0.01057	0.00335	0.00479	0.02335	0.00771	0.00676
64	0.02005	0.02054	0.06390	0.09207	0.58612	0.01963	0.02559	0.02525	0.01870	0.02671	0.01553	0.02052	0.01289	0.00749	0.00821	0.00250	0.01007	0.00734	0.00405	0.01285
65	0.02088	0.55283	0.19213	0.01648	0.02482	0.02962	0.01815	0.02522	0.01704	0.02116	0.01235	0.01433	0.01063	0.00730	0.00594	0.00198	0.00970	0.00485	0.00354	0.01105
66	0.07228	0.58450	0.08170	0.01502	0.02218	0.06644	0.01506	0.02540	0.01711	0.02123	0.01185	0.01371	0.01054	0.00728	0.00561	0.00191	0.00928	0.00461	0.00370	0.01060
67	0.01569	0.01263	0.01535	0.06989	0.02071	0.01370	0.01248	0.05054	0.21401	0.02793	0.04159	0.17569	0.09613	0.01792	0.00981	0.00318	0.00680	0.17878	0.00762	0.00955

[dist]
# distance from previous block
# <min> <max>
0	1

[block]
# block no. 9 follows, 22 sequences, length 51
# corresponding to MSA columns:
# 247-297
name=unknown_J
#
# <colnr> <probs for GDERKNQSTAVLIFYWHMCP>
#	G	D	E	R	K	N	Q	S	T	A	V	L	I	F	Y	W	H	M	C	P
0	0.01623	0.06065	0.56255	0.02171	0.03252	0.01830	0.02728	0.02493	0.01827	0.02697	0.09472	0.02299	0.01904	0.00901	0.00805	0.00260	0.01112	0.00720	0.00422	0.01167
1	0.01931	0.01719	0.02637	0.01988	0.02623	0.01584	0.18576	0.13237	0.02168	0.03056	0.02167	0.13782	0.02010	0.01053	0.00836	0.00228	0.00870	0.01001	0.00582	0.27951
2	0.01037	0.00745	0.00990	0.01177	0.01243	0.00698	0.00812	0.01202	0.01625	0.02153	0.04681	0.63568	0.07260	0.02563	0.01065	0.00339	0.00502	0.06886	0.00771	0.00683
3	0.01797	0.01978	0.04220	0.03096	0.03799	0.01854	0.51903	0.02401	0.01897	0.02568	0.02182	0.14014	0.01993	0.01030	0.00994	0.00290	0.01242	0.01219	0.00481	0.01043
4	0.03727	0.01414	0.01928	0.01478	0.02121	0.01221	0.01221	0.04049	0.02378	0.66198	0.03277	0.02828	0.02056	0.01028	0.00835	0.00257	0.00707	0.00835	0.01028	0.01414
5	0.01702	0.01618	0.02829	0.32279	0.04115	0.01876	0.16236	0.02202	0.01676	0.02365	0.01631	0.02276	0.01284	0.00927	0.01159	0.00281	0.12875	0.00799	0.10923	0.00946
6	0.01148	0.00796	0.00908	0.00940	0.00982	0.00771	0.00563	0.01198	0.01355	0.01772	0.03644	0.16562	0.10942	0.51139	0.03308	0.00664	0.00705	0.01466	0.00580	0.00556
7	0.01370	0.05277	0.01419	0.01338	0.04735	0.07006	0.00956	0.01642	0.01993	0.02483	0.19493	0.14179	0.28330	0.01817	0.00944	0.00275	0.00594	0.04621	0.00730	0.00797
8	0.01208	0.00805	0.00906	0.00906	0.00906	0.00805	0.00503	0.01208	0.01208	0.01611	0.02618	0.05436	0.03020	0.70804	0.04228	0.00805	0.00805	0.01208	0.00503	0.00503
9	0.02026	0.02105	0.05945	0.04726	0.52864	0.01994	0.12847	0.02572	0.01898	0.02702	0.01580	0.02077	0.01297	0.00735	0.00848	0.00253	0.01067	0.00777	0.00411	0.01279
10	0.02198	0.10040	0.06371	0.21496	0.03455	0.05143	0.04563	0.19674	0.08324	0.03174	0.02211	0.02445	0.05409	0.00966	0.00808	0.00255	0.00979	0.00786	0.00574	0.01130
11	0.03019	0.10824	0.02591	0.02024	0.02523	0.49287	0.01581	0.13658	0.02555	0.02586	0.01395	0.01568	0.01130	0.00865	0.00740	0.00216	0.01331	0.00563	0.00491	0.01053
12	0.01006	0.00748	0.00938	0.01090	0.01187	0.00680	0.00741	0.01164	0.01655	0.02147	0.05397	0.56984	0.18245	0.02496	0.01044	0.00325	0.00469	0.02232	0.00771	0.00680
13	0.01360	0.00993	0.01192	0.01149	0.01351	0.00971	0.00835	0.09063	0.02164	0.02932	0.27483	0.24014	0.12071	0.08987	0.01317	0.00339	0.00529	0.01649	0.00806	0.00794
14	0.60039	0.05473	0.05485	0.01243	0.01798	0.01931	0.01103	0.05403	0.01569	0.03536	0.01281	0.01517	0.01012	0.01098	0.04447	0.00316	0.00797	0.00500	0.00507	0.00945
15	0.03155	0.02408	0.02486	0.01923	0.02576	0.05802	0.01580	0.59893	0.03829	0.05076	0.01959	0.01970	0.01396	0.00990	0.00827	0.00248	0.00943	0.00737	0.00811	0.01390
16	0.01332	0.01023	0.01251	0.01259	0.01477	0.01038	0.00954	0.02055	0.14736	0.02919	0.28016	0.21910	0.07674	0.01894	0.00993	0.00300	0.00516	0.08952	0.00841	0.00860
17	0.03050	0.03780	0.02414	0.02287	0.05911	0.61072	0.01654	0.05961	0.02400	0.02214	0.01331	0.01550	0.01099	0.00856	0.00757	0.00217	0.01445	0.00556	0.00445	0.01002
18	0.01889	0.01978	0.03814	0.11696	0.15300	0.02071	0.32214	0.02414	0.01771	0.02457	0.01531	0.02145	0.01230	0.00917	0.01288	0.02790	0.12164	0.00857	0.00401	0.01072
19	0.00990	0.00842	0.00853	0.00851	0.01127	0.00705	0.00638	0.01209	0.01914	0.02292	0.10920	0.07916	0.62751	0.02086	0.00982	0.00280	0.00420	0.01742	0.00778	0.00705
20	0.01981	0.01394	0.01515	0.01310	0.01614	0.01512	0.00975	0.21315	0.08956	0.03246	0.02497	0.03559	0.02248	0.25255	0.05489	0.00491	0.00825	0.00939	0.13935	0.00941
21	0.01573	0.00822	0.00827	0.00818	0.01025	0.00836	0.00616	0.02054	0.04712	0.03115	0.02742	0.03097	0.02149	0.00975	0.00593	0.00198	0.00400	0.00782	0.71866	0.00800
22	0.02916	0.03496	0.02384	0.10484	0.02965	0.53183	0.01691	0.08720	0.02412	0.02343	0.01375	0.01634	0.01107	0.00866	0.00767	0.00225	0.01395	0.00580	0.00458	0.01000
23	0.01010	0.00732	0.00955	0.01133	0.01199	0.00677	0.00761	0.01159	0.01613	0.02130	0.04869	0.65559	0.10010	0.02565	0.01054	0.00333	0.00477	0.02316	0.00771	0.00677
24	0.01751	0.01162	0.01290	0.01183	0.01449	0.01254	0.00897	0.12095	0.08914	0.03098	0.02683	0.06777	0.02328	0.09801	0.11061	0.00460	0.00831	0.00939	0.31128	0.00899
25	0.02435	0.10312	0.02107	0.01469	0.02015	0.01799	0.01210	0.12232	0.17893	0.18174	0.06287	0.03394	0.10925	0.01166	0.00815	0.00249	0.00690	0.00939	0.00800	0.05089
26	0.03092	0.02104	0.02324	0.01791	0.02445	0.02250	0.01473	0.46763	0.07043	0.14244	0.02238	0.02169	0.01565	0.00986	0.00819	0.00245	0.00849	0.00757	0.00841	0.06002
27	0.01580	0.01101	0.01306	0.01205	0.01441	0.01139	0.00876	0.02315	0.16606	0.07340	0.25167	0.04854	0.04507	0.21174	0.05377	0.00476	0.00691	0.01206	0.00766	0.00874
28	0.02806	0.03253	0.02259	0.05063	0.02601	0.46638	0.01568	0.09260	0.09221	0.02512	0.01654	0.01866	0.01330	0.01231	0.04891	0.00297	0.01374	0.00632	0.00513	0.01032
29	0.01891	0.02018	0.03944	0.02836	0.03606	0.01863	0.43259	0.02477	0.01862	0.02639	0.01596	0.02083	0.01244	0.00717	0.00975	0.00243	0.04723	0.00839	0.00436	0.20748
30	0.01117	0.00995	0.00965	0.00977	0.01254	0.03740	0.00754	0.01347	0.01916	0.02262	0.07647	0.07855	0.55662	0.02069	0.00990	0.00289	0.00508	0.08179	0.00755	0.00720
31	0.01167	0.00937	0.01055	0.01039	0.01287	0.00879	0.00772	0.01669	0.09139	0.02691	0.24101	0.14718	0.33629	0.01935	0.00975	0.00282	0.00447	0.01662	0.00822	0.00793
