[name]
unknown

[dist]
# distance from previous block
# <min> <max>
0	185

[block]
# block no. 0 follows, 30 sequences, length 33
# corresponding to MSA columns:
# 230-262
name=unknown_A
#
# <colnr> <probs for GDERKNQSTAVLIFYWHMCP>
#	G	D	E	R	K	N	Q	S	T	A	V	L	I	F	Y	W	H	M	C	P
0	0.01183	0.01238	0.10617	0.01452	0.03258	0.00971	0.03855	0.01629	0.04236	0.02187	0.09399	0.11758	0.03635	0.01616	0.00884	0.00286	0.00667	0.39807	0.00593	0.00729
1	0.01615	0.01381	0.01648	0.01243	0.01750	0.01295	0.01011	0.10344	0.01618	0.02445	0.01241	0.01490	0.01033	0.00678	0.00843	0.00151	0.13142	0.00475	0.00431	0.56166
2	0.01796	0.25461	0.16539	0.10342	0.11957	0.15596	0.01695	0.02187	0.01581	0.01920	0.04046	0.01558	0.01165	0.00684	0.00604	0.00190	0.00917	0.00516	0.00337	0.00911
3	0.01544	0.09303	0.56245	0.02125	0.09793	0.01694	0.02354	0.02243	0.01502	0.05074	0.01298	0.01508	0.00943	0.00662	0.00650	0.00213	0.00969	0.00522	0.00324	0.01034
4	0.02996	0.01158	0.01576	0.01219	0.01735	0.01002	0.01002	0.03269	0.01996	0.67263	0.07045	0.02554	0.02034	0.00899	0.00709	0.00216	0.00577	0.00737	0.00858	0.01154
5	0.01191	0.00643	0.00704	0.00732	0.00848	0.00636	0.00516	0.01411	0.01364	0.02255	0.02470	0.15134	0.02306	0.08225	0.00988	0.05252	0.00390	0.00910	0.53430	0.00593
6	0.16062	0.01403	0.08016	0.05073	0.04534	0.01267	0.03674	0.04251	0.05976	0.15468	0.16377	0.07796	0.02591	0.01008	0.00749	0.00228	0.03216	0.00833	0.00595	0.00885
7	0.01197	0.00821	0.01062	0.02663	0.01247	0.00828	0.00777	0.01482	0.04497	0.07885	0.23554	0.24153	0.09475	0.08417	0.01178	0.00291	0.05283	0.03858	0.00653	0.00678
8	0.01054	0.00717	0.00822	0.00829	0.00858	0.00719	0.00495	0.03729	0.01157	0.01544	0.02441	0.15719	0.02815	0.60757	0.03012	0.00595	0.00637	0.01154	0.00470	0.00477
9	0.04919	0.01482	0.02506	0.32872	0.37691	0.01614	0.04933	0.01993	0.01494	0.02108	0.01272	0.01764	0.01016	0.00653	0.00688	0.00219	0.00874	0.00620	0.00335	0.00946
10	0.17421	0.14152	0.18657	0.11700	0.04417	0.06824	0.05396	0.02069	0.01464	0.02256	0.03820	0.01628	0.01155	0.00691	0.00589	0.00204	0.00820	0.00532	0.05342	0.00861
11	0.01114	0.00796	0.01109	0.01253	0.01414	0.00792	0.01088	0.01436	0.01636	0.02145	0.09014	0.07661	0.04220	0.01888	0.00953	0.00313	0.00618	0.61257	0.00653	0.00644
12	0.00978	0.00748	0.00892	0.00867	0.01047	0.00696	0.00639	0.01331	0.05781	0.02414	0.41123	0.11277	0.23301	0.04652	0.00937	0.00249	0.00370	0.01341	0.00708	0.00649
13	0.01879	0.01464	0.01902	0.19748	0.11673	0.01625	0.01413	0.29128	0.02174	0.02983	0.01704	0.04960	0.01397	0.05227	0.00850	0.00240	0.00747	0.00705	0.09238	0.00944
14	0.04705	0.09330	0.28988	0.01641	0.02355	0.03877	0.03659	0.11227	0.06174	0.17009	0.01743	0.01871	0.01255	0.00768	0.00661	0.00214	0.00834	0.02129	0.00510	0.01048
15	0.77225	0.01374	0.01069	0.00946	0.01383	0.01590	0.00779	0.04781	0.01273	0.03183	0.01000	0.01156	0.00773	0.00656	0.00443	0.00216	0.00549	0.00388	0.00443	0.00773
16	0.00986	0.00681	0.00821	0.00835	0.00910	0.00669	0.00551	0.01116	0.01303	0.01795	0.14029	0.14587	0.09027	0.35345	0.09275	0.00524	0.00653	0.01183	0.05179	0.00529
17	0.01133	0.00750	0.00928	0.00927	0.01072	0.00704	0.00669	0.03045	0.01477	0.04870	0.12977	0.20005	0.13324	0.14356	0.01483	0.08424	0.00495	0.07206	0.02891	0.03265
18	0.01630	0.01338	0.01533	0.01129	0.01716	0.01127	0.00905	0.13184	0.01756	0.02618	0.01416	0.04338	0.01199	0.00636	0.00562	0.00128	0.00555	0.00511	0.00471	0.63248
19	0.02499	0.03030	0.01924	0.01730	0.02098	0.61040	0.01308	0.07123	0.06440	0.01999	0.03591	0.01506	0.01190	0.00766	0.00646	0.00187	0.01149	0.00511	0.00418	0.00848
20	0.01587	0.01548	0.02180	0.08831	0.02260	0.04798	0.08442	0.05273	0.01390	0.02010	0.03817	0.01773	0.01207	0.01008	0.01583	0.00258	0.41877	0.00642	0.03547	0.05969
21	0.00999	0.00738	0.01072	0.01072	0.01180	0.00845	0.00811	0.01214	0.01107	0.01583	0.01914	0.02991	0.01853	0.14845	0.63247	0.01061	0.01706	0.00784	0.00381	0.00596
22	0.02996	0.01158	0.01576	0.01219	0.01735	0.01002	0.01002	0.03269	0.01996	0.67263	0.07045	0.02554	0.02034	0.00899	0.00709	0.00216	0.00577	0.00737	0.00858	0.01154
23	0.01015	0.00672	0.00739	0.00752	0.00820	0.00649	0.00469	0.01105	0.01207	0.01672	0.03150	0.10356	0.13872	0.45569	0.02402	0.00491	0.00546	0.01112	0.12905	0.00498
24	0.66987	0.01275	0.01059	0.00937	0.01350	0.01437	0.00766	0.02076	0.01324	0.08039	0.07992	0.01626	0.01401	0.00740	0.00490	0.00216	0.00523	0.00489	0.00496	0.00777
25	0.07275	0.01858	0.01994	0.01536	0.02086	0.02039	0.01269	0.59699	0.03056	0.09628	0.01719	0.01699	0.01204	0.00829	0.00683	0.00210	0.00741	0.00619	0.00695	0.01161
26	0.02162	0.00973	0.01309	0.01077	0.01447	0.00860	0.00860	0.02458	0.01987	0.40486	0.33508	0.03658	0.03924	0.01118	0.00757	0.00218	0.00474	0.00955	0.00820	0.00948
27	0.00849	0.00614	0.00803	0.00954	0.01008	0.00568	0.00640	0.00974	0.01353	0.01788	0.04058	0.70528	0.08971	0.02159	0.00886	0.00280	0.00401	0.01950	0.00648	0.00568
28	0.01392	0.01343	0.02353	0.59937	0.11968	0.01581	0.07836	0.01862	0.01439	0.01877	0.01263	0.01848	0.00961	0.00680	0.00708	0.00230	0.00941	0.00638	0.00318	0.00826
29	0.07118	0.01245	0.01619	0.01248	0.01784	0.01127	0.01031	0.07539	0.02038	0.63720	0.02591	0.02266	0.01642	0.00851	0.00687	0.00216	0.00602	0.00680	0.00831	0.01165
30	0.01301	0.00650	0.00650	0.00650	0.00813	0.00650	0.00488	0.01626	0.01463	0.02602	0.02276	0.02602	0.01789	0.00813	0.00488	0.00163	0.00325	0.00650	0.79350	0.00650
31	0.01590	0.01741	0.03733	0.02768	0.05431	0.01647	0.59020	0.02103	0.01574	0.02144	0.01421	0.01936	0.01105	0.00939	0.04670	0.04966	0.01168	0.00801	0.00351	0.00892
32	0.08922	0.08491	0.42466	0.04885	0.04416	0.01679	0.04090	0.06602	0.01611	0.06008	0.03671	0.01637	0.01143	0.00702	0.00642	0.00214	0.00895	0.00551	0.00384	0.00989

[dist]
# distance from previous block
# <min> <max>
0	6

[block]
# block no. 1 follows, 30 sequences, length 14
# corresponding to MSA columns:
# 269-282
name=unknown_B
#
# <colnr> <probs for GDERKNQSTAVLIFYWHMCP>
#	G	D	E	R	K	N	Q	S	T	A	V	L	I	F	Y	W	H	M	C	P
0	0.00965	0.00735	0.00992	0.05493	0.05436	0.00711	0.00779	0.01147	0.01416	0.01898	0.07798	0.45000	0.13554	0.06072	0.00990	0.00283	0.00462	0.01589	0.04065	0.00616
1	0.01472	0.01389	0.02367	0.15461	0.37713	0.01448	0.06662	0.01850	0.01526	0.02126	0.05773	0.12579	0.01897	0.00930	0.00800	0.00229	0.03583	0.00871	0.00407	0.00918
2	0.01004	0.00717	0.00867	0.00886	0.00936	0.00707	0.00562	0.01068	0.01150	0.01563	0.02648	0.27858	0.03086	0.43841	0.02436	0.00498	0.03209	0.01289	0.00493	0.05182
3	0.75182	0.01339	0.01066	0.00940	0.01379	0.01529	0.00774	0.02142	0.01242	0.07759	0.01092	0.01218	0.00821	0.00662	0.00450	0.00216	0.00543	0.00400	0.00461	0.00785
4	0.01095	0.00837	0.01226	0.14474	0.01950	0.00883	0.01151	0.01400	0.01526	0.01998	0.06228	0.21014	0.03692	0.01736	0.00893	0.00292	0.00631	0.37732	0.00588	0.00651
5	0.01630	0.02002	0.08826	0.02875	0.03603	0.01755	0.64000	0.02234	0.01635	0.02234	0.01401	0.01854	0.01047	0.00593	0.00812	0.00234	0.01166	0.00802	0.00349	0.00947
6	0.00863	0.00702	0.00764	0.00761	0.00969	0.00603	0.00566	0.01071	0.01662	0.02084	0.21198	0.10495	0.52397	0.01716	0.00828	0.00235	0.00351	0.01456	0.00675	0.00603
7	0.01527	0.01527	0.02137	0.01832	0.01832	0.02137	0.01527	0.01679	0.01069	0.01679	0.00916	0.01527	0.00916	0.01221	0.02290	0.00305	0.74198	0.00611	0.00305	0.00763
8	0.72655	0.01302	0.01028	0.00916	0.01336	0.01490	0.00751	0.02082	0.01237	0.05917	0.01120	0.01270	0.00855	0.00666	0.00446	0.00213	0.00530	0.00407	0.05010	0.00767
9	0.00879	0.00625	0.00828	0.00980	0.01026	0.00589	0.00666	0.01006	0.01335	0.01776	0.03737	0.66263	0.04450	0.06588	0.01056	0.00310	0.00437	0.06253	0.00634	0.00563
10	0.00920	0.00704	0.00853	0.00900	0.01066	0.00637	0.00685	0.01147	0.01634	0.02120	0.21341	0.20725	0.30250	0.01798	0.00861	0.00256	0.00407	0.12409	0.00676	0.00610
11	0.01823	0.01257	0.01419	0.01219	0.01507	0.01337	0.00923	0.32021	0.02163	0.05443	0.02292	0.19038	0.02255	0.14916	0.01396	0.05683	0.00638	0.01010	0.02826	0.00831
12	0.01727	0.01658	0.02832	0.04283	0.71123	0.01658	0.02142	0.02142	0.01589	0.02280	0.01313	0.01727	0.01105	0.00622	0.00691	0.00207	0.00829	0.00622	0.00345	0.01105
13	0.01824	0.01445	0.01574	0.01388	0.01758	0.01613	0.01088	0.22610	0.34702	0.03121	0.02709	0.15788	0.02377	0.01179	0.00749	0.00240	0.00593	0.03534	0.00692	0.01013

[dist]
# distance from previous block
# <min> <max>
0	1

[block]
# block no. 2 follows, 30 sequences, length 21
# corresponding to MSA columns:
# 284-304
name=unknown_C
#
# <colnr> <probs for GDERKNQSTAVLIFYWHMCP>
#	G	D	E	R	K	N	Q	S	T	A	V	L	I	F	Y	W	H	M	C	P
0	0.01353	0.01296	0.01594	0.01438	0.01577	0.09628	0.04430	0.01564	0.01225	0.01652	0.01544	0.02382	0.01474	0.09721	0.36842	0.00722	0.19816	0.00706	0.00358	0.00678
1	0.04609	0.04573	0.08763	0.01387	0.01972	0.01428	0.01244	0.16202	0.05543	0.43493	0.02280	0.02078	0.01500	0.00827	0.00681	0.00214	0.00675	0.00652	0.00734	0.01146
2	0.03444	0.01463	0.01558	0.01309	0.01607	0.07280	0.03250	0.26259	0.02103	0.02843	0.08975	0.07018	0.02224	0.16939	0.01397	0.00315	0.04614	0.00844	0.05732	0.00826
3	0.01964	0.59933	0.03299	0.01328	0.01852	0.13858	0.01238	0.02176	0.01486	0.01655	0.00984	0.01166	0.00897	0.00653	0.00586	0.00163	0.05179	0.00399	0.00309	0.00874
4	0.09226	0.01440	0.15142	0.01205	0.01631	0.01013	0.01161	0.01856	0.01734	0.11090	0.30495	0.03927	0.03746	0.01161	0.00745	0.00228	0.00569	0.09372	0.00624	0.03635
5	0.01026	0.00760	0.00965	0.00938	0.01101	0.00731	0.00693	0.01455	0.07441	0.02637	0.53892	0.16774	0.05887	0.01515	0.00825	0.00232	0.00360	0.01345	0.00743	0.00680
6	0.01067	0.00716	0.00945	0.00931	0.01085	0.00660	0.00689	0.01346	0.01818	0.05977	0.49856	0.21181	0.05808	0.01589	0.00837	0.00237	0.00370	0.03484	0.00741	0.00663
7	0.02273	0.01583	0.01621	0.01303	0.01730	0.05388	0.01054	0.40693	0.02578	0.08116	0.01896	0.01979	0.01389	0.00826	0.00631	0.00194	0.00649	0.00630	0.24462	0.01005
8	0.02607	0.03326	0.01978	0.01798	0.02157	0.72674	0.01348	0.02787	0.01978	0.01708	0.01079	0.01258	0.00899	0.00719	0.00629	0.00180	0.01258	0.00449	0.00360	0.00809
9	0.05798	0.00774	0.00972	0.00898	0.01097	0.00730	0.00682	0.01463	0.01930	0.06194	0.63284	0.04832	0.06001	0.01353	0.00794	0.00219	0.00355	0.01182	0.00753	0.00690
10	0.00868	0.00621	0.00828	0.00976	0.01028	0.00580	0.00664	0.01009	0.01387	0.01858	0.08226	0.68296	0.04725	0.02128	0.00889	0.00280	0.00408	0.03999	0.00655	0.00575
11	0.00892	0.00728	0.00800	0.00836	0.01055	0.00637	0.00663	0.01101	0.01594	0.01931	0.06314	0.06974	0.55881	0.01803	0.00856	0.00255	0.00418	0.16013	0.00647	0.00601
12	0.02624	0.01823	0.02003	0.01547	0.02084	0.01992	0.01276	0.59230	0.03055	0.10921	0.01791	0.01793	0.01266	0.01042	0.03998	0.00252	0.00801	0.00641	0.00700	0.01161
13	0.01103	0.00788	0.01099	0.01260	0.01411	0.00784	0.01086	0.01408	0.01585	0.02064	0.03707	0.13240	0.04064	0.01948	0.00958	0.00318	0.00624	0.61273	0.00643	0.00637
14	0.00997	0.00748	0.01121	0.01121	0.01246	0.00872	0.00872	0.01246	0.01121	0.01620	0.01869	0.02741	0.01745	0.05234	0.72710	0.01121	0.01869	0.00748	0.00374	0.00623
15	0.57721	0.01376	0.01150	0.01017	0.01398	0.04263	0.00813	0.08434	0.01411	0.02953	0.03078	0.01430	0.01027	0.00911	0.00760	0.10017	0.00592	0.00459	0.00449	0.00741
16	0.09524	0.02000	0.02015	0.11522	0.10880	0.17741	0.01445	0.23977	0.02152	0.02844	0.04077	0.01694	0.01236	0.00794	0.00754	0.00212	0.05115	0.00587	0.00482	0.00951
17	0.01427	0.00751	0.00786	0.00746	0.00935	0.00757	0.00557	0.03917	0.03831	0.06013	0.02293	0.02722	0.01839	0.06977	0.00766	0.00212	0.00390	0.00687	0.63702	0.00691
18	0.08238	0.00996	0.01280	0.01172	0.01450	0.00973	0.04156	0.08226	0.01716	0.14319	0.05775	0.30037	0.09730	0.01525	0.00795	0.00253	0.00537	0.07379	0.00661	0.00782
19	0.45986	0.14354	0.07521	0.01109	0.01620	0.01702	0.01026	0.04767	0.01448	0.09014	0.04901	0.01510	0.01206	0.00709	0.00510	0.00205	0.00619	0.00475	0.00465	0.00854
20	0.05424	0.05714	0.01932	0.01465	0.01947	0.05888	0.01210	0.43305	0.04328	0.08051	0.01962	0.02207	0.03614	0.01168	0.05095	0.00268	0.00817	0.03923	0.00634	0.01050

[dist]
# distance from previous block
# <min> <max>
0	3

[block]
# block no. 3 follows, 30 sequences, length 30
# corresponding to MSA columns:
# 308-337
name=unknown_D
#
# <colnr> <probs for GDERKNQSTAVLIFYWHMCP>
#	G	D	E	R	K	N	Q	S	T	A	V	L	I	F	Y	W	H	M	C	P
0	0.13272	0.01009	0.01063	0.00979	0.01263	0.03302	0.00742	0.01714	0.05539	0.09079	0.13226	0.16100	0.16525	0.01379	0.00825	0.04398	0.00480	0.01081	0.00610	0.07414
1	0.13561	0.49660	0.07053	0.01238	0.01822	0.04980	0.01207	0.04038	0.01507	0.07799	0.01159	0.01267	0.00952	0.00642	0.00493	0.00172	0.00740	0.00419	0.00378	0.00912
2	0.01411	0.27106	0.02037	0.01133	0.01469	0.01576	0.00977	0.04368	0.01352	0.01836	0.01539	0.02054	0.01390	0.02912	0.36242	0.00632	0.01265	0.00588	0.05214	0.04900
3	0.02998	0.01158	0.01577	0.01219	0.01736	0.01003	0.01003	0.03272	0.01996	0.67344	0.06965	0.02551	0.02028	0.00899	0.00709	0.00216	0.00577	0.00736	0.00858	0.01155
4	0.01236	0.00953	0.01441	0.31026	0.02607	0.01092	0.01200	0.04817	0.01330	0.01750	0.01838	0.15002	0.01843	0.08402	0.05831	0.16915	0.00797	0.00900	0.00402	0.00620
5	0.05940	0.01235	0.01918	0.58960	0.04103	0.01520	0.01720	0.04298	0.01450	0.02021	0.01314	0.01860	0.00997	0.00725	0.00713	0.00227	0.03019	0.00609	0.06591	0.00779
6	0.01514	0.00833	0.01081	0.00951	0.01219	0.00744	0.00737	0.01811	0.01936	0.20217	0.45982	0.04666	0.12867	0.01323	0.00792	0.00220	0.00399	0.01144	0.00778	0.00785
7	0.01015	0.00677	0.00761	0.00761	0.00761	0.00677	0.00423	0.01015	0.01015	0.01353	0.02199	0.04567	0.02537	0.75476	0.03552	0.00677	0.00677	0.01015	0.00423	0.00423
8	0.06458	0.43224	0.20139	0.01389	0.02013	0.02229	0.01493	0.02058	0.01394	0.01935	0.01116	0.01330	0.00940	0.00677	0.00641	0.00184	0.06286	0.00444	0.05155	0.00896
9	0.06441	0.16070	0.49358	0.01787	0.02667	0.01855	0.04046	0.06143	0.01558	0.02298	0.01215	0.01414	0.00901	0.00659	0.00617	0.00208	0.00939	0.00498	0.00329	0.00997
10	0.00934	0.00782	0.00867	0.05305	0.01251	0.00711	0.00680	0.03235	0.01636	0.01990	0.07932	0.08244	0.57258	0.01683	0.00822	0.00240	0.00418	0.04757	0.00632	0.00624
11	0.04622	0.02406	0.26729	0.05354	0.18295	0.09381	0.07673	0.02153	0.01524	0.03808	0.01308	0.01645	0.01019	0.00785	0.00837	0.04945	0.03045	0.00575	0.02960	0.00935
12	0.05522	0.01309	0.03569	0.01265	0.05674	0.09746	0.00916	0.01753	0.05942	0.04378	0.18445	0.07923	0.16600	0.06433	0.02627	0.00268	0.00612	0.01008	0.00572	0.05437
13	0.01601	0.01529	0.02604	0.25728	0.50664	0.01625	0.02079	0.02031	0.01529	0.02127	0.01290	0.01768	0.01051	0.00645	0.00693	0.00215	0.00860	0.00621	0.00335	0.01004
14	0.02431	0.05482	0.01947	0.01684	0.02058	0.58076	0.01283	0.06140	0.06573	0.01935	0.01539	0.01652	0.04671	0.00791	0.00642	0.00187	0.01120	0.00533	0.00414	0.00840
15	0.02162	0.01550	0.01717	0.01415	0.01828	0.01677	0.01126	0.47542	0.02691	0.05919	0.02322	0.22309	0.02168	0.01218	0.00752	0.00230	0.00660	0.01012	0.00690	0.01013
16	0.01108	0.00896	0.04642	0.00913	0.01168	0.00714	0.00748	0.01416	0.01843	0.07143	0.44827	0.05243	0.23817	0.01443	0.00807	0.00224	0.00391	0.01244	0.00716	0.00694
17	0.02619	0.01938	0.02075	0.01599	0.02151	0.02148	0.01318	0.66373	0.05759	0.04343	0.01719	0.01710	0.01222	0.00842	0.00699	0.00210	0.00760	0.00634	0.00699	0.01184
18	0.01210	0.00616	0.00846	0.00856	0.00894	0.00613	0.00583	0.01070	0.01056	0.01552	0.01603	0.06565	0.01541	0.02056	0.02125	0.57479	0.00532	0.00698	0.17708	0.00395
19	0.02607	0.03326	0.01978	0.01798	0.02157	0.72674	0.01348	0.02787	0.01978	0.01708	0.01079	0.01258	0.00899	0.00719	0.00629	0.00180	0.01258	0.00449	0.00360	0.00809
20	0.02653	0.01955	0.02094	0.01606	0.02164	0.02164	0.01326	0.68796	0.03281	0.04398	0.01675	0.01675	0.01187	0.00838	0.00698	0.00209	0.00768	0.00628	0.00698	0.01187
21	0.00854	0.00713	0.00748	0.00754	0.00980	0.00607	0.00575	0.01051	0.01619	0.01963	0.11467	0.06676	0.62223	0.01752	0.00833	0.00240	0.00369	0.05323	0.00656	0.00597
22	0.00842	0.00712	0.00731	0.00740	0.00972	0.00601	0.00565	0.01027	0.01591	0.01897	0.06874	0.06783	0.66980	0.01777	0.00833	0.00241	0.00370	0.05224	0.00648	0.00592
23	0.02653	0.01955	0.02094	0.01606	0.02164	0.02164	0.01326	0.68796	0.03281	0.04398	0.01675	0.01675	0.01187	0.00838	0.00698	0.00209	0.00768	0.00628	0.00698	0.01187
24	0.00981	0.00713	0.00923	0.00871	0.01038	0.00656	0.00653	0.01304	0.01959	0.02761	0.68121	0.05275	0.09241	0.01441	0.00823	0.00220	0.00330	0.01271	0.00763	0.00656
25	0.01030	0.00765	0.01124	0.01115	0.01238	0.00897	0.00869	0.01281	0.01140	0.01678	0.01864	0.02697	0.01723	0.04859	0.66450	0.01042	0.03926	0.00738	0.04933	0.00629
26	0.02378	0.01613	0.01739	0.01368	0.01836	0.01752	0.01119	0.49608	0.02792	0.08156	0.01878	0.01927	0.01356	0.00834	0.00651	0.00199	0.00657	0.00638	0.18433	0.01066
27	0.04767	0.01631	0.03247	0.16510	0.05759	0.01656	0.42956	0.02030	0.01528	0.02129	0.01482	0.06354	0.01236	0.00745	0.00858	0.00240	0.04814	0.00820	0.00363	0.00874
28	0.05747	0.01373	0.02124	0.42921	0.09520	0.01580	0.05830	0.04156	0.10662	0.06945	0.01573	0.01942	0.01166	0.00731	0.00693	0.00228	0.00838	0.00649	0.00425	0.00897
29	0.73420	0.07979	0.01260	0.00942	0.01389	0.01672	0.00795	0.02055	0.01208	0.02998	0.00972	0.01132	0.00768	0.00643	0.00433	0.00210	0.00558	0.00377	0.00420	0.00768

[dist]
# distance from previous block
# <min> <max>
0	1

[block]
# block no. 4 follows, 30 sequences, length 15
# corresponding to MSA columns:
# 339-353
name=unknown_E
#
# <colnr> <probs for GDERKNQSTAVLIFYWHMCP>
#	G	D	E	R	K	N	Q	S	T	A	V	L	I	F	Y	W	H	M	C	P
0	0.02367	0.01314	0.01817	0.01407	0.01930	0.01213	0.07833	0.05961	0.11428	0.36825	0.02394	0.06096	0.01735	0.00861	0.00695	0.00206	0.00632	0.00745	0.00698	0.13842
1	0.06017	0.06129	0.01248	0.10597	0.01598	0.00983	0.00843	0.01495	0.01671	0.04696	0.32458	0.04224	0.15159	0.05266	0.00885	0.00241	0.00483	0.01034	0.04283	0.00690
2	0.06495	0.06179	0.01871	0.01393	0.01844	0.01860	0.01137	0.46769	0.02610	0.03595	0.01759	0.05153	0.01446	0.06269	0.05544	0.00299	0.00788	0.00694	0.03285	0.01011
3	0.02799	0.01143	0.01532	0.01205	0.01691	0.01013	0.00984	0.03156	0.05164	0.59843	0.11212	0.02739	0.02350	0.00938	0.00717	0.00217	0.00559	0.00775	0.00845	0.01118
4	0.01013	0.00684	0.00798	0.00798	0.00811	0.00697	0.00469	0.01039	0.01026	0.01381	0.02165	0.04378	0.02455	0.68229	0.10687	0.00722	0.00800	0.00987	0.00418	0.00443
5	0.03665	0.06836	0.30807	0.05366	0.23528	0.03650	0.11996	0.02182	0.01534	0.02196	0.01265	0.01589	0.00976	0.00638	0.00677	0.00214	0.00965	0.00583	0.00325	0.01010
6	0.00899	0.00663	0.00842	0.00967	0.01064	0.00616	0.00699	0.01061	0.01419	0.01838	0.04377	0.47474	0.17194	0.04933	0.00995	0.00296	0.00447	0.12999	0.00638	0.00579
7	0.01072	0.00728	0.00829	0.00825	0.00856	0.00733	0.00491	0.04171	0.01158	0.01545	0.02365	0.12578	0.02714	0.63521	0.03111	0.00609	0.00649	0.01109	0.00462	0.00475
8	0.02564	0.01850	0.02010	0.01561	0.02093	0.02040	0.01284	0.60242	0.05964	0.07187	0.01781	0.01791	0.01275	0.01032	0.03784	0.00250	0.00798	0.00643	0.00692	0.01159
9	0.04723	0.11810	0.02175	0.15522	0.08242	0.01879	0.01392	0.27152	0.06170	0.02885	0.01591	0.03753	0.01289	0.02779	0.05403	0.00279	0.00840	0.00644	0.00501	0.00970
10	0.01124	0.00803	0.01124	0.01285	0.01446	0.00803	0.01124	0.01446	0.01606	0.02088	0.03695	0.07871	0.04016	0.01928	0.00964	0.00321	0.00643	0.66426	0.00643	0.00643
11	0.01626	0.01841	0.03986	0.07545	0.03722	0.01751	0.64258	0.02206	0.01631	0.02206	0.01401	0.01881	0.01050	0.00595	0.00815	0.00235	0.01160	0.00810	0.00350	0.00930
12	0.01496	0.01344	0.02179	0.20193	0.30633	0.01461	0.04182	0.01959	0.04402	0.02179	0.04000	0.02205	0.01464	0.00937	0.03407	0.00252	0.04808	0.02259	0.09741	0.00901
13	0.01561	0.23905	0.45775	0.01940	0.06865	0.01951	0.04630	0.02173	0.01471	0.02054	0.01182	0.01404	0.00907	0.00639	0.00610	0.00200	0.00944	0.00493	0.00301	0.00994
14	0.40001	0.16722	0.01643	0.01033	0.01436	0.01687	0.00885	0.02095	0.04020	0.06170	0.03490	0.01585	0.01209	0.00740	0.00593	0.00202	0.05062	0.00485	0.10138	0.00805

[dist]
# distance from previous block
# <min> <max>
0	5

[block]
# block no. 5 follows, 30 sequences, length 17
# corresponding to MSA columns:
# 359-375
name=unknown_F
#
# <colnr> <probs for GDERKNQSTAVLIFYWHMCP>
#	G	D	E	R	K	N	Q	S	T	A	V	L	I	F	Y	W	H	M	C	P
0	0.01365	0.00949	0.01058	0.00979	0.01136	0.00983	0.00679	0.16251	0.01648	0.02245	0.02633	0.17243	0.05826	0.35190	0.02025	0.00434	0.00601	0.01104	0.07003	0.00648
1	0.06894	0.01596	0.04096	0.23003	0.33811	0.04239	0.06947	0.02058	0.01536	0.04085	0.01539	0.01932	0.03839	0.00700	0.00688	0.00218	0.00860	0.00648	0.00368	0.00946
2	0.01418	0.01203	0.01401	0.01015	0.01594	0.00913	0.00800	0.01707	0.01418	0.02212	0.01304	0.01656	0.01134	0.05527	0.00720	0.00142	0.00527	0.00454	0.00414	0.74440
3	0.02272	0.05313	0.01906	0.01628	0.02022	0.40086	0.01254	0.07500	0.26203	0.02316	0.01741	0.01760	0.01356	0.00803	0.00656	0.00201	0.00955	0.00579	0.00505	0.00943
4	0.01523	0.03437	0.66855	0.01936	0.02932	0.01578	0.02468	0.02295	0.01511	0.07154	0.01359	0.01538	0.00944	0.00677	0.00666	0.00221	0.01000	0.00529	0.00335	0.01042
5	0.01000	0.00735	0.01056	0.01056	0.01159	0.00837	0.00791	0.01204	0.01102	0.01572	0.01929	0.03071	0.01888	0.17921	0.60219	0.01041	0.01654	0.00796	0.00383	0.00587
6	0.01736	0.01499	0.01578	0.01420	0.01815	0.01736	0.01105	0.03708	0.69862	0.02919	0.02840	0.02604	0.02130	0.00947	0.00710	0.00237	0.00552	0.00789	0.00710	0.01105
7	0.01006	0.00673	0.00764	0.00773	0.00775	0.00671	0.00435	0.01012	0.01032	0.01376	0.02288	0.08402	0.02650	0.71486	0.03407	0.00655	0.00662	0.01068	0.00435	0.00431
8	0.66223	0.01261	0.01027	0.00911	0.01321	0.01427	0.00746	0.02101	0.01276	0.07952	0.01242	0.01383	0.00938	0.00681	0.00457	0.00210	0.00520	0.00431	0.09118	0.00775
9	0.02585	0.01921	0.02056	0.01592	0.02138	0.02133	0.01310	0.64020	0.08166	0.04289	0.01761	0.01743	0.01256	0.00846	0.00699	0.00211	0.00752	0.00640	0.00699	0.01181
10	0.00850	0.00607	0.00810	0.00972	0.01012	0.00567	0.00648	0.00972	0.01336	0.01781	0.03846	0.75020	0.04615	0.02186	0.00891	0.00283	0.00405	0.01984	0.00648	0.00567
11	0.00880	0.00709	0.00784	0.00765	0.00977	0.00613	0.00574	0.01109	0.01722	0.02197	0.28852	0.06202	0.48862	0.01651	0.00824	0.00230	0.00345	0.01401	0.00689	0.00613
12	0.01886	0.01446	0.01570	0.01361	0.01787	0.01594	0.01070	0.07326	0.52073	0.10282	0.02849	0.02631	0.04815	0.00942	0.00703	0.00226	0.00559	0.00778	0.00707	0.05395
13	0.02763	0.01247	0.01595	0.01268	0.01765	0.01174	0.01032	0.05573	0.14163	0.53775	0.05976	0.02528	0.02013	0.00905	0.00709	0.00220	0.00580	0.00742	0.00826	0.01147
14	0.02881	0.01192	0.01562	0.01228	0.01732	0.01081	0.01005	0.03337	0.09240	0.60474	0.02736	0.02412	0.01774	0.00870	0.00691	0.00215	0.00575	0.00708	0.05137	0.01149
15	0.05392	0.01039	0.01141	0.00972	0.01292	0.01064	0.00774	0.15232	0.01897	0.15415	0.02174	0.02317	0.01612	0.00950	0.02698	0.00212	0.00516	0.00646	0.43800	0.00857
16	0.02581	0.02238	0.04579	0.01749	0.04952	0.15829	0.01396	0.48149	0.02841	0.06492	0.01574	0.01618	0.01139	0.00801	0.00683	0.00204	0.00868	0.00592	0.00610	0.01104

[dist]
# distance from previous block
# <min> <max>
5	9

[block]
# block no. 6 follows, 30 sequences, length 68
# corresponding to MSA columns:
# 385-452
name=unknown_G
#
# <colnr> <probs for GDERKNQSTAVLIFYWHMCP>
#	G	D	E	R	K	N	Q	S	T	A	V	L	I	F	Y	W	H	M	C	P
0	0.00864	0.00618	0.00822	0.00962	0.01015	0.00576	0.00649	0.01007	0.01402	0.01887	0.10780	0.67786	0.04819	0.02108	0.00884	0.00277	0.00397	0.01909	0.00660	0.00576
1	0.00850	0.00607	0.00810	0.00972	0.01012	0.00567	0.00648	0.00972	0.01336	0.01781	0.03846	0.75020	0.04615	0.02186	0.00891	0.00283	0.00405	0.01984	0.00648	0.00567
2	0.01528	0.06518	0.39244	0.05262	0.13355	0.01716	0.18143	0.02183	0.01526	0.02181	0.01284	0.01605	0.00961	0.00637	0.00696	0.00219	0.01017	0.00602	0.00317	0.01004
3	0.01647	0.01882	0.04118	0.02941	0.03647	0.01765	0.68588	0.02235	0.01647	0.02235	0.01412	0.01882	0.01059	0.00588	0.00824	0.00235	0.01176	0.00824	0.00353	0.00941
4	0.00965	0.00725	0.00917	0.01021	0.01177	0.00678	0.00816	0.01196	0.01553	0.01983	0.07320	0.22952	0.24592	0.01920	0.00899	0.00283	0.00488	0.29259	0.00650	0.00609
5	0.01034	0.00680	0.00913	0.01038	0.01127	0.00643	0.00751	0.01197	0.01410	0.05561	0.03681	0.54628	0.04246	0.05496	0.01020	0.00306	0.00474	0.14540	0.00648	0.00608
6	0.04945	0.01267	0.01466	0.01207	0.01638	0.01294	0.00971	0.12270	0.17750	0.30425	0.02469	0.02333	0.01724	0.00862	0.00652	0.00209	0.00554	0.00691	0.16222	0.01048
7	0.01574	0.01445	0.01996	0.37715	0.13205	0.06822	0.01684	0.02208	0.11452	0.04407	0.01785	0.02566	0.01485	0.00862	0.00722	0.00235	0.00843	0.07690	0.00431	0.00873
8	0.00904	0.00710	0.00817	0.00791	0.00991	0.00623	0.00593	0.01156	0.01779	0.02332	0.38212	0.05981	0.39418	0.01601	0.00824	0.00228	0.00342	0.01370	0.00707	0.00623
9	0.01521	0.02485	0.32933	0.02204	0.09924	0.04327	0.13076	0.02267	0.08831	0.02246	0.01684	0.05859	0.01397	0.00822	0.00763	0.00230	0.03133	0.02819	0.02514	0.00968
10	0.01688	0.01611	0.02741	0.06388	0.66502	0.01619	0.02082	0.02101	0.01597	0.02282	0.03785	0.01856	0.01295	0.00653	0.00696	0.00208	0.00814	0.00645	0.00359	0.01079
11	0.02537	0.01758	0.01922	0.01494	0.02008	0.01906	0.01222	0.55950	0.02970	0.10842	0.02042	0.04025	0.03733	0.03299	0.00799	0.00228	0.00724	0.00714	0.00703	0.01125
12	0.75370	0.01389	0.01095	0.00962	0.01402	0.01604	0.00793	0.06373	0.01323	0.03213	0.01017	0.01169	0.00784	0.00660	0.00449	0.00216	0.00555	0.00394	0.00449	0.00784
13	0.00966	0.00665	0.00809	0.00854	0.00897	0.00658	0.00544	0.01053	0.01188	0.01613	0.05230	0.24852	0.05836	0.39961	0.08829	0.00554	0.00671	0.01286	0.03032	0.00505
14	0.00869	0.00622	0.00827	0.00959	0.01016	0.00579	0.00649	0.01019	0.01424	0.01921	0.13058	0.65410	0.04886	0.02082	0.00881	0.00275	0.00394	0.01884	0.00664	0.00579
15	0.06899	0.02172	0.21143	0.01826	0.02404	0.01783	0.10858	0.19236	0.05686	0.02763	0.01521	0.04065	0.01212	0.01050	0.04280	0.00276	0.10732	0.00664	0.00455	0.00975
16	0.01866	0.75896	0.03657	0.01194	0.01791	0.02761	0.01194	0.02090	0.01418	0.01642	0.00970	0.01119	0.00896	0.00597	0.00448	0.00149	0.00746	0.00373	0.00299	0.00896
17	0.00866	0.00617	0.00821	0.00977	0.01021	0.00580	0.00659	0.00992	0.01336	0.01780	0.03787	0.70093	0.04525	0.04543	0.00980	0.00298	0.00423	0.04497	0.00640	0.00565
18	0.00999	0.00737	0.01069	0.01069	0.01176	0.00844	0.00807	0.01212	0.01106	0.01581	0.01917	0.03007	0.01860	0.15447	0.62655	0.01057	0.01696	0.00787	0.00381	0.00594
19	0.00988	0.00713	0.00933	0.00878	0.01043	0.00658	0.00658	0.01317	0.01975	0.02798	0.70754	0.05213	0.06584	0.01427	0.00823	0.00219	0.00329	0.01262	0.00768	0.00658
20	0.77758	0.01370	0.01062	0.00941	0.01377	0.01586	0.00775	0.04324	0.01259	0.03174	0.00996	0.01152	0.00770	0.00654	0.00441	0.00216	0.00548	0.00386	0.00441	0.00770
21	0.02653	0.01955	0.02094	0.01606	0.02164	0.02164	0.01326	0.68796	0.03281	0.04398	0.01675	0.01675	0.01187	0.00838	0.00698	0.00209	0.00768	0.00628	0.00698	0.01187
22	0.14367	0.01211	0.01533	0.01194	0.01719	0.01104	0.00986	0.03205	0.01880	0.61650	0.02494	0.02195	0.01586	0.00832	0.00663	0.00216	0.00586	0.00655	0.00801	0.01125
23	0.00864	0.00617	0.00826	0.00988	0.01034	0.00579	0.00672	0.00996	0.01350	0.01797	0.03838	0.71581	0.04585	0.02173	0.00894	0.00285	0.00417	0.05284	0.00648	0.00571
24	0.00977	0.00705	0.00924	0.00885	0.01040	0.00652	0.00658	0.01291	0.01927	0.02722	0.65743	0.10441	0.06437	0.01484	0.00828	0.00224	0.00335	0.01316	0.00759	0.00652
25	0.02649	0.02052	0.02086	0.01619	0.02164	0.07164	0.01328	0.64115	0.03189	0.04207	0.01633	0.01646	0.01166	0.00829	0.00693	0.00207	0.00803	0.00616	0.00674	0.01160
26	0.69169	0.01326	0.01112	0.00965	0.01412	0.01487	0.00795	0.02248	0.01305	0.13087	0.01231	0.01314	0.00897	0.00679	0.00471	0.00216	0.00548	0.00425	0.00495	0.00819
27	0.01003	0.00672	0.00765	0.00776	0.00779	0.00669	0.00439	0.01012	0.01038	0.01384	0.02316	0.09597	0.02685	0.70243	0.03362	0.00648	0.00657	0.01084	0.00439	0.00433
28	0.14716	0.01272	0.01567	0.01221	0.01746	0.01195	0.01008	0.08279	0.01975	0.56085	0.02401	0.02134	0.01539	0.00829	0.00661	0.00215	0.00599	0.00647	0.00786	0.01123
29	0.01510	0.01415	0.02359	0.46330	0.28605	0.01610	0.01991	0.04166	0.01528	0.02050	0.01281	0.01806	0.01002	0.00675	0.00695	0.00223	0.00888	0.00621	0.00336	0.00908
30	0.01501	0.01045	0.01219	0.01086	0.01252	0.01124	0.00777	0.16754	0.01648	0.05350	0.04030	0.11154	0.02389	0.37622	0.04903	0.00486	0.05460	0.00987	0.00530	0.00684
31	0.80405	0.01350	0.01026	0.00918	0.01350	0.01565	0.00756	0.02051	0.01188	0.03131	0.00972	0.01134	0.00756	0.00648	0.00432	0.00216	0.00540	0.00378	0.00432	0.00756
32	0.01518	0.01215	0.03753	0.01285	0.01557	0.03561	0.04401	0.17021	0.01877	0.04990	0.02869	0.37586	0.03036	0.01525	0.00793	0.00249	0.00593	0.04813	0.06573	0.00786
33	0.01131	0.00937	0.00999	0.01016	0.01199	0.03584	0.00738	0.03328	0.12840	0.02072	0.06063	0.30134	0.21810	0.07171	0.01026	0.00286	0.00485	0.03864	0.00635	0.00682
34	0.01993	0.48646	0.02963	0.01321	0.01843	0.12199	0.01196	0.09982	0.05213	0.02044	0.01370	0.01497	0.03042	0.00854	0.03023	0.00201	0.00837	0.00479	0.00387	0.00910
35	0.01336	0.03584	0.01351	0.01179	0.01399	0.02987	0.00935	0.06009	0.08118	0.03990	0.06175	0.03063	0.10106	0.03054	0.34337	0.00643	0.06736	0.00822	0.03431	0.00745
36	0.03105	0.01229	0.01645	0.01261	0.01802	0.01087	0.01042	0.06903	0.02066	0.68006	0.02695	0.02338	0.01698	0.00862	0.00702	0.00216	0.00603	0.00698	0.00855	0.01188
37	0.04011	0.01240	0.01947	0.21356	0.27390	0.01326	0.01594	0.01794	0.03774	0.02061	0.02211	0.06614	0.07131	0.01084	0.00849	0.04493	0.00743	0.09119	0.00426	0.00838
38	0.01785	0.01929	0.07118	0.03366	0.45793	0.10549	0.04477	0.04535	0.01695	0.02257	0.01539	0.02282	0.01363	0.00776	0.00714	0.00217	0.00889	0.07315	0.00387	0.01012
39	0.00865	0.00709	0.00763	0.00750	0.00967	0.00606	0.00562	0.01080	0.01687	0.02113	0.22952	0.06341	0.54815	0.01682	0.00824	0.00232	0.00347	0.01420	0.00678	0.00606
40	0.01015	0.00677	0.00761	0.00761	0.00761	0.00677	0.00423	0.01015	0.01015	0.01353	0.02199	0.04567	0.02537	0.75476	0.03552	0.00677	0.00677	0.01015	0.00423	0.00423
41	0.06380	0.02877	0.38496	0.07469	0.13663	0.11956	0.05164	0.02244	0.01550	0.02174	0.01226	0.01508	0.00925	0.00663	0.00658	0.00214	0.01002	0.00536	0.00324	0.00972
42	0.01672	0.01788	0.03699	0.05284	0.06515	0.01713	0.56161	0.05592	0.01709	0.02352	0.01461	0.01902	0.01102	0.00618	0.00789	0.00229	0.01086	0.00788	0.04600	0.00940
43	0.01124	0.00803	0.01124	0.01285	0.01446	0.00803	0.01124	0.01446	0.01606	0.02088	0.03695	0.07871	0.04016	0.01928	0.00964	0.00321	0.00643	0.66426	0.00643	0.00643
44	0.32122	0.05591	0.09696	0.01307	0.01838	0.01780	0.01190	0.24197	0.05153	0.03259	0.01569	0.01673	0.03443	0.00934	0.03269	0.00246	0.00726	0.00547	0.00516	0.00943
45	0.01871	0.09126	0.09828	0.01467	0.01964	0.01442	0.07548	0.04782	0.14957	0.17943	0.12847	0.02795	0.02392	0.01131	0.03974	0.00261	0.00730	0.03357	0.00613	0.00971
46	0.01375	0.01299	0.02196	0.64113	0.14046	0.01565	0.01966	0.01833	0.01422	0.01852	0.01250	0.01842	0.00955	0.00687	0.00697	0.00229	0.00916	0.00620	0.00315	0.00821
47	0.02560	0.03228	0.01956	0.01778	0.02139	0.68875	0.01335	0.02836	0.05613	0.01773	0.01173	0.01330	0.00965	0.00731	0.00634	0.00183	0.01221	0.00468	0.00378	0.00825
48	0.02547	0.01058	0.01432	0.01142	0.01580	0.00926	0.00926	0.02833	0.01991	0.52859	0.21280	0.03148	0.03051	0.01017	0.00735	0.00217	0.00522	0.00854	0.00838	0.01043
49	0.00976	0.00713	0.00917	0.00866	0.01036	0.00654	0.00650	0.01295	0.01949	0.02735	0.66361	0.05316	0.11017	0.01450	0.00823	0.00221	0.00331	0.01277	0.00760	0.00654
50	0.02347	0.01803	0.01922	0.01544	0.02048	0.02021	0.01252	0.47120	0.25454	0.03905	0.02063	0.01984	0.01501	0.00874	0.00702	0.00219	0.00696	0.00682	0.00702	0.01159
51	0.01052	0.00761	0.01032	0.01182	0.01310	0.00755	0.00960	0.01363	0.03946	0.02012	0.03716	0.30811	0.04155	0.01982	0.00930	0.00305	0.00557	0.41891	0.00647	0.00633
52	0.02551	0.03234	0.01986	0.01800	0.02141	0.69062	0.01357	0.02730	0.01931	0.01706	0.01070	0.01272	0.00900	0.00745	0.00714	0.00186	0.04994	0.00458	0.00357	0.00807
53	0.77335	0.01373	0.01068	0.00945	0.01382	0.01589	0.00778	0.04686	0.01270	0.03181	0.00999	0.01155	0.00773	0.00655	0.00442	0.00216	0.00549	0.00388	0.00442	0.00773
54	0.00850	0.00607	0.00810	0.00972	0.01012	0.00567	0.00648	0.00972	0.01336	0.01781	0.03846	0.75020	0.04615	0.02186	0.00891	0.00283	0.00405	0.01984	0.00648	0.00567
55	0.01111	0.00799	0.01106	0.01259	0.01423	0.00794	0.01098	0.01426	0.01606	0.02079	0.03848	0.07819	0.07042	0.01920	0.00958	0.00317	0.00629	0.63484	0.00643	0.00640
56	0.00980	0.00713	0.00923	0.00870	0.01038	0.00655	0.00653	0.01303	0.01958	0.02757	0.67871	0.05281	0.09494	0.01442	0.00823	0.00220	0.00330	0.01272	0.00763	0.00655
57	0.77404	0.01343	0.01049	0.00930	0.01366	0.01544	0.00766	0.02104	0.01219	0.05790	0.01041	0.01182	0.00793	0.00656	0.00442	0.00216	0.00542	0.00390	0.00449	0.00773
58	0.00850	0.00607	0.00810	0.00972	0.01012	0.00567	0.00648	0.00972	0.01336	0.01781	0.03846	0.75020	0.04615	0.02186	0.00891	0.00283	0.00405	0.01984	0.00648	0.00567
59	0.01316	0.00786	0.01038	0.00934	0.01156	0.00715	0.00715	0.01636	0.01979	0.13343	0.60333	0.04778	0.05840	0.01340	0.00804	0.00219	0.00370	0.01176	0.00783	0.00740
60	0.01474	0.01434	0.02193	0.55148	0.15934	0.05385	0.01908	0.01974	0.04163	0.01909	0.01307	0.01835	0.01006	0.00696	0.00693	0.00226	0.00916	0.00618	0.00335	0.00847
61	0.01488	0.01624	0.03435	0.04926	0.03195	0.01535	0.53737	0.01985	0.01581	0.02136	0.01859	0.15489	0.01716	0.00889	0.00832	0.00244	0.01025	0.01033	0.00406	0.00866
62	0.13621	0.01762	0.02375	0.05508	0.44084	0.09239	0.01780	0.02138	0.01511	0.02270	0.01194	0.01572	0.01006	0.00700	0.00809	0.00216	0.08321	0.00566	0.00355	0.00976
63	0.01428	0.01328	0.02331	0.21214	0.06100	0.01492	0.18643	0.01763	0.01363	0.01929	0.01432	0.03983	0.01227	0.02943	0.01255	0.07084	0.14335	0.00721	0.08665	0.00762
64	0.80405	0.01350	0.01026	0.00918	0.01350	0.01565	0.00756	0.02051	0.01188	0.03131	0.00972	0.01134	0.00756	0.00648	0.00432	0.00216	0.00540	0.00378	0.00432	0.00756
65	0.01409	0.03423	0.65913	0.05441	0.05749	0.01619	0.02531	0.02187	0.01474	0.02193	0.01254	0.01501	0.00895	0.00663	0.00666	0.00221	0.01019	0.00525	0.00297	0.01022
66	0.01523	0.14219	0.51728	0.05210	0.02847	0.01750	0.04518	0.02190	0.01498	0.04482	0.03043	0.01578	0.01068	0.00678	0.00643	0.00211	0.00956	0.00535	0.00329	0.00991
67	0.03065	0.01210	0.01676	0.01384	0.05028	0.01055	0.01078	0.03342	0.01978	0.68360	0.02686	0.02345	0.01698	0.00852	0.00701	0.00216	0.00605	0.00698	0.00839	0.01184

[dist]
# distance from previous block
# <min> <max>
0	1

[block]
# block no. 7 follows, 30 sequences, length 33
# corresponding to MSA columns:
# 454-486
name=unknown_H
#
# <colnr> <probs for GDERKNQSTAVLIFYWHMCP>
#	G	D	E	R	K	N	Q	S	T	A	V	L	I	F	Y	W	H	M	C	P
0	0.02177	0.01173	0.01436	0.01214	0.01605	0.01166	0.00956	0.05076	0.21070	0.32676	0.12710	0.07740	0.02754	0.03929	0.00844	0.00244	0.00540	0.00903	0.00770	0.01016
1	0.03703	0.04830	0.26098	0.07023	0.37394	0.01645	0.02159	0.02106	0.01504	0.02204	0.01288	0.01650	0.01029	0.00817	0.03439	0.00247	0.00932	0.00575	0.00328	0.01027
2	0.00924	0.00681	0.00839	0.00856	0.00985	0.00623	0.00605	0.01134	0.01632	0.02203	0.33783	0.23425	0.18060	0.09699	0.01136	0.00289	0.00391	0.01462	0.00677	0.00596
3	0.01004	0.00672	0.00764	0.00775	0.00778	0.00669	0.00438	0.01012	0.01036	0.01382	0.02308	0.09246	0.02675	0.70608	0.03375	0.00650	0.00658	0.01079	0.00438	0.00432
4	0.01361	0.01008	0.01506	0.01751	0.12377	0.01004	0.03231	0.01738	0.03871	0.06806	0.09779	0.10965	0.03500	0.01537	0.00897	0.00278	0.02038	0.34971	0.00611	0.00773
5	0.07805	0.14903	0.47702	0.01881	0.02758	0.01816	0.09518	0.02181	0.01461	0.02195	0.01202	0.01434	0.00895	0.00643	0.00628	0.00211	0.00962	0.00516	0.00313	0.00977
6	0.01182	0.00880	0.01158	0.01275	0.01466	0.00902	0.01095	0.01688	0.09531	0.02176	0.03748	0.07208	0.06812	0.01807	0.00928	0.00308	0.00619	0.55874	0.00651	0.00694
7	0.01645	0.01673	0.02231	0.32010	0.26025	0.12541	0.01818	0.02078	0.03501	0.01972	0.01396	0.01989	0.01159	0.00915	0.03697	0.00256	0.00966	0.02884	0.00355	0.00888
8	0.04117	0.31012	0.07263	0.01533	0.02043	0.27768	0.01359	0.10909	0.01845	0.02095	0.01117	0.01279	0.00931	0.00699	0.00623	0.00180	0.03497	0.00451	0.00375	0.00903
9	0.01100	0.00806	0.01008	0.01089	0.01218	0.00805	0.00798	0.07691	0.04429	0.02129	0.03675	0.52924	0.06189	0.01953	0.00873	0.00278	0.00479	0.11239	0.00654	0.00661
10	0.00953	0.00712	0.00885	0.00842	0.01021	0.00644	0.00631	0.01250	0.01894	0.02606	0.57313	0.05530	0.20147	0.01499	0.00823	0.00223	0.00334	0.01306	0.00743	0.00644
11	0.07395	0.32692	0.18294	0.05570	0.15128	0.06238	0.01693	0.02149	0.01477	0.02005	0.01117	0.01357	0.00924	0.00632	0.00563	0.00187	0.00849	0.00468	0.00320	0.00944
12	0.00888	0.00698	0.00806	0.00827	0.01008	0.00616	0.00616	0.01104	0.01652	0.02120	0.23143	0.17368	0.39564	0.01754	0.00843	0.00244	0.00371	0.05093	0.00679	0.00607
13	0.02573	0.03067	0.01974	0.01756	0.02143	0.60396	0.01334	0.11314	0.05220	0.02109	0.01235	0.01373	0.00992	0.00745	0.00642	0.00186	0.01163	0.00488	0.00419	0.00871
14	0.01688	0.01225	0.01409	0.01166	0.01559	0.01182	0.00903	0.19159	0.05349	0.07080	0.06883	0.16714	0.04310	0.05806	0.00880	0.00228	0.00560	0.00940	0.00607	0.22352
15	0.01879	0.53337	0.15846	0.01404	0.02062	0.07118	0.01464	0.06344	0.01582	0.01922	0.01073	0.01228	0.00912	0.00632	0.00515	0.00168	0.00833	0.00420	0.00327	0.00933
16	0.02614	0.01936	0.02073	0.01598	0.02149	0.02146	0.01317	0.66077	0.06062	0.04336	0.01724	0.01714	0.01226	0.00842	0.00699	0.00211	0.00759	0.00635	0.00699	0.01183
17	0.01009	0.00754	0.01078	0.01076	0.01172	0.00865	0.00806	0.01207	0.01113	0.01586	0.01998	0.06819	0.02002	0.16732	0.55010	0.00976	0.03959	0.00853	0.00394	0.00591
18	0.01184	0.00789	0.01025	0.00956	0.01153	0.00740	0.00735	0.03782	0.01977	0.07093	0.57489	0.07372	0.05859	0.01429	0.00823	0.00228	0.00384	0.05518	0.00760	0.00706
19	0.01025	0.00879	0.00908	0.00877	0.01076	0.05397	0.00654	0.01274	0.01794	0.02320	0.38051	0.09004	0.31095	0.01550	0.00814	0.00226	0.00404	0.01326	0.00688	0.00637
20	0.00849	0.00614	0.00803	0.00954	0.01008	0.00568	0.00640	0.00974	0.01353	0.01788	0.04058	0.70524	0.08974	0.02159	0.00886	0.00280	0.00401	0.01950	0.00648	0.00568
21	0.00878	0.00619	0.00802	0.00936	0.00970	0.00585	0.00610	0.00979	0.01282	0.01709	0.03570	0.63195	0.04267	0.14488	0.01337	0.00349	0.00450	0.01821	0.00610	0.00543
22	0.07939	0.01883	0.01987	0.01546	0.02085	0.02095	0.01273	0.59922	0.07519	0.04213	0.01704	0.01699	0.01219	0.00832	0.00681	0.00212	0.00738	0.00622	0.00681	0.01152
23	0.02905	0.01463	0.01779	0.01373	0.01913	0.01445	0.01131	0.25654	0.05508	0.45638	0.02390	0.02148	0.01562	0.00859	0.00701	0.00215	0.00651	0.00681	0.00800	0.01184
24	0.01001	0.00676	0.00787	0.00795	0.00812	0.00674	0.00468	0.01039	0.01105	0.01487	0.06858	0.09525	0.02928	0.63241	0.05295	0.00632	0.00671	0.01091	0.00460	0.00455
25	0.09508	0.01423	0.01614	0.01278	0.01772	0.01436	0.01035	0.13268	0.14128	0.15466	0.01828	0.01838	0.01349	0.00771	0.00729	0.00190	0.05647	0.00579	0.00590	0.25552
26	0.01419	0.03496	0.67830	0.02123	0.06996	0.01623	0.02553	0.02206	0.01480	0.02214	0.01256	0.01488	0.00897	0.00661	0.00665	0.00220	0.01019	0.00522	0.00298	0.01036
27	0.01011	0.00692	0.00840	0.00840	0.00867	0.00719	0.00521	0.01065	0.01038	0.01412	0.02127	0.04167	0.02363	0.60091	0.18699	0.00774	0.00938	0.00956	0.00412	0.00467
28	0.02390	0.04200	0.01930	0.01550	0.04587	0.01783	0.01217	0.40715	0.06771	0.14291	0.01914	0.02027	0.01417	0.03760	0.07889	0.00316	0.00834	0.00665	0.00656	0.01087
29	0.01323	0.05822	0.03922	0.04506	0.01633	0.04968	0.05763	0.04924	0.01698	0.04252	0.20570	0.27409	0.03749	0.01396	0.00774	0.00233	0.00574	0.01240	0.04513	0.00731
30	0.01314	0.00802	0.01042	0.01022	0.01236	0.00700	0.00737	0.01495	0.01477	0.13153	0.05089	0.50021	0.03649	0.01694	0.00801	0.00243	0.00451	0.01514	0.00650	0.12911
31	0.01490	0.13239	0.56880	0.02072	0.08518	0.01778	0.02354	0.02188	0.01475	0.02139	0.01219	0.01446	0.00904	0.00651	0.00636	0.00210	0.00976	0.00505	0.00299	0.01019
32	0.01518	0.05563	0.57979	0.02070	0.05743	0.06355	0.04287	0.02224	0.01501	0.02145	0.01228	0.01473	0.00901	0.00680	0.00716	0.00219	0.03568	0.00524	0.00303	0.01004

[dist]
# distance from previous block
# <min> <max>
0	1

[block]
# block no. 8 follows, 30 sequences, length 20
# corresponding to MSA columns:
# 488-507
name=unknown_I
#
# <colnr> <probs for GDERKNQSTAVLIFYWHMCP>
#	G	D	E	R	K	N	Q	S	T	A	V	L	I	F	Y	W	H	M	C	P
