[name]
unknown

[dist]
# distance from previous block
# <min> <max>
26	92

[block]
# block no. 0 follows, 27 sequences, length 6
# corresponding to MSA columns:
# 115-120
name=unknown_A
#
# <colnr> <probs for GDERKNQSTAVLIFYWHMCP>
#	G	D	E	R	K	N	Q	S	T	A	V	L	I	F	Y	W	H	M	C	P
0	0.02138	0.04612	0.07095	0.01454	0.01936	0.09710	0.01239	0.12463	0.17582	0.13993	0.11192	0.03000	0.08262	0.01051	0.00753	0.00229	0.00717	0.00845	0.00687	0.01042
1	0.01518	0.01315	0.02102	0.36944	0.03523	0.01470	0.07195	0.05278	0.01515	0.02045	0.01338	0.01945	0.01083	0.01068	0.01194	0.14100	0.04362	0.00647	0.00369	0.10989
2	0.02150	0.04678	0.01866	0.01439	0.01974	0.05442	0.01156	0.15278	0.26385	0.09343	0.02162	0.02105	0.01614	0.00833	0.00684	0.00201	0.00675	0.00659	0.00650	0.20705
3	0.01595	0.16227	0.53827	0.02035	0.03027	0.01950	0.06850	0.02330	0.01570	0.02246	0.01291	0.01530	0.00955	0.00687	0.00676	0.00223	0.01054	0.00544	0.00318	0.01065
4	0.01054	0.00717	0.00854	0.00877	0.00896	0.00724	0.00529	0.01098	0.01137	0.01529	0.02541	0.13906	0.02914	0.57559	0.09989	0.00710	0.00805	0.01191	0.00477	0.00491
5	0.10490	0.05361	0.01774	0.01266	0.01844	0.01485	0.01039	0.12335	0.05942	0.07754	0.01553	0.01673	0.01205	0.00708	0.00669	0.00170	0.03495	0.00525	0.00533	0.40178

[dist]
# distance from previous block
# <min> <max>
0	1

[block]
# block no. 1 follows, 27 sequences, length 38
# corresponding to MSA columns:
# 122-159
name=unknown_B
#
# <colnr> <probs for GDERKNQSTAVLIFYWHMCP>
#	G	D	E	R	K	N	Q	S	T	A	V	L	I	F	Y	W	H	M	C	P
0	0.37406	0.01405	0.05101	0.01112	0.01535	0.01389	0.00949	0.07156	0.04344	0.06205	0.19606	0.02860	0.06234	0.01012	0.00653	0.00232	0.00556	0.00775	0.00613	0.00855
1	0.07561	0.03024	0.48206	0.06182	0.02921	0.01577	0.02230	0.02209	0.01541	0.02403	0.01424	0.01868	0.01104	0.00746	0.00682	0.00224	0.00958	0.03408	0.00360	0.11372
2	0.02773	0.03538	0.02104	0.01913	0.02295	0.70930	0.01434	0.02964	0.02104	0.01817	0.01148	0.01339	0.00956	0.00765	0.00669	0.00191	0.01339	0.00478	0.00383	0.00861
3	0.03331	0.01263	0.01723	0.01321	0.01895	0.01091	0.01091	0.03618	0.02125	0.69794	0.02929	0.02527	0.01838	0.00919	0.00747	0.00230	0.00632	0.00747	0.00919	0.01263
4	0.01061	0.00795	0.01193	0.01193	0.01326	0.00928	0.00928	0.01326	0.01193	0.01723	0.01988	0.02916	0.01856	0.05568	0.70968	0.01193	0.01988	0.00795	0.00398	0.00663
5	0.01693	0.34299	0.36556	0.01701	0.02527	0.02233	0.01992	0.02242	0.01546	0.02092	0.03598	0.01547	0.01163	0.00724	0.00670	0.00205	0.03352	0.00514	0.00334	0.01011
6	0.00908	0.00708	0.00825	0.00891	0.01046	0.00625	0.00632	0.01089	0.01622	0.02065	0.12765	0.35003	0.35121	0.02029	0.00907	0.00270	0.00396	0.01772	0.00703	0.00625
7	0.00904	0.00646	0.00861	0.01034	0.01077	0.00603	0.00689	0.01034	0.01421	0.01895	0.04092	0.73426	0.04910	0.02326	0.00948	0.00301	0.00431	0.02110	0.00689	0.00603
8	0.59849	0.01873	0.06294	0.01211	0.01719	0.08717	0.01056	0.07306	0.01544	0.03212	0.01125	0.01291	0.00865	0.00714	0.00521	0.00226	0.00708	0.00441	0.00463	0.00867
9	0.01041	0.00758	0.00980	0.00924	0.01103	0.00697	0.00693	0.01383	0.02080	0.02925	0.65613	0.05631	0.10312	0.01537	0.00876	0.00234	0.00352	0.01355	0.00810	0.00697
10	0.02679	0.01995	0.02100	0.01613	0.02205	0.05154	0.01322	0.51493	0.03086	0.08131	0.01760	0.01774	0.01261	0.00842	0.00714	0.00207	0.00794	0.00634	0.00696	0.11538
11	0.04286	0.03482	0.59189	0.02073	0.03071	0.01720	0.05437	0.02305	0.01547	0.02368	0.01315	0.01575	0.00952	0.00718	0.00765	0.00234	0.03854	0.00558	0.00327	0.04225
12	0.02084	0.01800	0.01789	0.01554	0.01991	0.06815	0.01215	0.16636	0.47580	0.03274	0.02609	0.02543	0.01984	0.03670	0.00859	0.00259	0.00693	0.00788	0.00715	0.01144
13	0.02668	0.01931	0.02064	0.01599	0.02149	0.02130	0.01316	0.59849	0.03284	0.04474	0.01851	0.01888	0.01331	0.00888	0.00719	0.00217	0.00767	0.00671	0.09003	0.01202
14	0.02762	0.02049	0.02194	0.01696	0.02279	0.02274	0.01396	0.62920	0.07472	0.04581	0.01859	0.01843	0.01324	0.00898	0.00743	0.00225	0.00803	0.00679	0.00743	0.01257
15	0.01105	0.00777	0.00860	0.00848	0.00919	0.00761	0.00522	0.03754	0.01306	0.01697	0.03337	0.08801	0.14616	0.54226	0.02985	0.00593	0.00647	0.01205	0.00517	0.00523
16	0.02835	0.13419	0.02059	0.01324	0.01874	0.01490	0.01120	0.05765	0.07870	0.46527	0.06098	0.02459	0.01982	0.00910	0.00709	0.00220	0.00647	0.00725	0.00792	0.01174
17	0.01517	0.07841	0.66309	0.02068	0.03139	0.01793	0.02659	0.02344	0.01564	0.02317	0.01315	0.01546	0.00941	0.00701	0.00692	0.00231	0.01080	0.00540	0.00314	0.01089
18	0.00877	0.00752	0.00752	0.00752	0.01003	0.00627	0.00564	0.01065	0.01692	0.02005	0.07520	0.07144	0.68978	0.01880	0.00877	0.00251	0.00376	0.01567	0.00689	0.00627
19	0.01837	0.01764	0.03013	0.04557	0.69279	0.01764	0.02278	0.02278	0.01690	0.02425	0.01396	0.01837	0.01176	0.00661	0.00735	0.00220	0.00882	0.00661	0.00367	0.01176
20	0.02952	0.10082	0.01943	0.01320	0.01861	0.05434	0.01104	0.03222	0.02000	0.52343	0.02773	0.02518	0.04708	0.01072	0.03021	0.00252	0.00726	0.00727	0.00788	0.01154
21	0.02822	0.02079	0.02228	0.01708	0.02302	0.02302	0.01411	0.66804	0.03490	0.04679	0.01782	0.01782	0.01262	0.00891	0.00743	0.00223	0.00817	0.00668	0.00743	0.01262
22	0.01080	0.00720	0.00810	0.00810	0.00810	0.00720	0.00450	0.01080	0.01080	0.01439	0.02339	0.04858	0.02699	0.73910	0.03779	0.00720	0.00720	0.01080	0.00450	0.00450
23	0.01424	0.01349	0.02231	0.65300	0.04805	0.01710	0.02019	0.01886	0.01451	0.01886	0.01286	0.01945	0.00988	0.00796	0.00907	0.00255	0.07951	0.00659	0.00329	0.00823
24	0.01719	0.01643	0.02800	0.22902	0.51858	0.01733	0.02220	0.02175	0.01634	0.02282	0.01376	0.01876	0.01125	0.00683	0.00737	0.00228	0.00911	0.00661	0.00357	0.01081
25	0.00904	0.00646	0.00861	0.01034	0.01077	0.00603	0.00689	0.01034	0.01421	0.01895	0.04092	0.73426	0.04910	0.02326	0.00948	0.00301	0.00431	0.02110	0.00689	0.00603
26	0.03331	0.01263	0.01723	0.01321	0.01895	0.01091	0.01091	0.03618	0.02125	0.69794	0.02929	0.02527	0.01838	0.00919	0.00747	0.00230	0.00632	0.00747	0.00919	0.01263
27	0.01837	0.01764	0.03013	0.04557	0.69279	0.01764	0.02278	0.02278	0.01690	0.02425	0.01396	0.01837	0.01176	0.00661	0.00735	0.00220	0.00882	0.00661	0.00367	0.01176
28	0.01515	0.03661	0.63675	0.02214	0.03278	0.01739	0.08953	0.02354	0.01585	0.02354	0.01349	0.01610	0.00958	0.00698	0.00722	0.00237	0.01112	0.00580	0.00319	0.01088
29	0.01846	0.01595	0.01679	0.01511	0.01930	0.01846	0.01175	0.03945	0.67938	0.03105	0.03022	0.02770	0.02266	0.01007	0.00755	0.00252	0.00588	0.00839	0.00755	0.01175
30	0.01624	0.01624	0.02274	0.01949	0.01949	0.02274	0.01624	0.01787	0.01137	0.01787	0.00975	0.01624	0.00975	0.01299	0.02436	0.00325	0.72552	0.00650	0.00325	0.00812
31	0.01539	0.01319	0.01539	0.01100	0.01759	0.00990	0.00880	0.01869	0.01539	0.02419	0.01319	0.01539	0.01100	0.00550	0.00550	0.00110	0.00550	0.00440	0.00440	0.78449
32	0.01985	0.74357	0.03890	0.01270	0.01905	0.02937	0.01270	0.02223	0.01508	0.01747	0.01032	0.01191	0.00953	0.00635	0.00476	0.00159	0.00794	0.00397	0.00318	0.00953
33	0.00904	0.00646	0.00861	0.01034	0.01077	0.00603	0.00689	0.01034	0.01421	0.01895	0.04092	0.73426	0.04910	0.02326	0.00948	0.00301	0.00431	0.02110	0.00689	0.00603
34	0.02470	0.01131	0.01458	0.01188	0.01629	0.01014	0.00954	0.06682	0.02112	0.42209	0.14300	0.06750	0.12389	0.01214	0.00795	0.00236	0.00552	0.01016	0.00848	0.01052
35	0.09639	0.18226	0.21020	0.01772	0.02371	0.05224	0.05731	0.04662	0.01538	0.02265	0.01177	0.01484	0.00968	0.00816	0.01013	0.00230	0.16600	0.00540	0.00361	0.04363
36	0.02790	0.02026	0.02209	0.01703	0.02270	0.02252	0.01407	0.61368	0.03331	0.07208	0.01794	0.01806	0.01273	0.00910	0.00817	0.00228	0.03963	0.00671	0.00731	0.01243
37	0.01986	0.06003	0.02565	0.09393	0.27727	0.09163	0.04659	0.11213	0.07872	0.02621	0.01630	0.04206	0.01349	0.00788	0.00719	0.00217	0.00881	0.00688	0.00464	0.05856

[dist]
# distance from previous block
# <min> <max>
4	6

[block]
# block no. 2 follows, 27 sequences, length 52
# corresponding to MSA columns:
# 167-218
name=unknown_C
#
# <colnr> <probs for GDERKNQSTAVLIFYWHMCP>
#	G	D	E	R	K	N	Q	S	T	A	V	L	I	F	Y	W	H	M	C	P
0	0.02674	0.05517	0.01920	0.01484	0.01989	0.10248	0.01198	0.12000	0.19587	0.29773	0.04166	0.02350	0.01849	0.00920	0.00728	0.00226	0.00734	0.00724	0.00751	0.01159
1	0.02749	0.02009	0.02150	0.01657	0.02229	0.02221	0.01366	0.63513	0.03393	0.04582	0.01815	0.01832	0.01295	0.00890	0.00731	0.00220	0.00793	0.00670	0.04651	0.01234
2	0.01582	0.01582	0.02394	0.14909	0.22854	0.06295	0.09008	0.01939	0.01590	0.02102	0.02262	0.10887	0.08351	0.01078	0.00996	0.00252	0.09651	0.00935	0.00428	0.00905
3	0.01501	0.01418	0.02389	0.59310	0.09685	0.01709	0.05097	0.03867	0.01560	0.02038	0.01336	0.01952	0.01018	0.00754	0.00806	0.00247	0.03425	0.00670	0.00347	0.00872
4	0.01080	0.00720	0.00810	0.00810	0.00810	0.00720	0.00450	0.01080	0.01080	0.01439	0.02339	0.04858	0.02699	0.73910	0.03779	0.00720	0.00720	0.01080	0.00450	0.00450
5	0.01009	0.00753	0.00938	0.00901	0.01086	0.00682	0.00672	0.01318	0.01991	0.02736	0.53789	0.08503	0.19636	0.01623	0.00879	0.00240	0.00359	0.01418	0.00786	0.00682
6	0.01700	0.05539	0.10734	0.10229	0.03850	0.01888	0.50257	0.02317	0.01694	0.02295	0.01443	0.01918	0.01085	0.00647	0.00826	0.00244	0.01187	0.00798	0.00362	0.00990
7	0.00890	0.00753	0.00770	0.00766	0.01011	0.00632	0.00574	0.01091	0.01723	0.02078	0.12131	0.07024	0.64322	0.01853	0.00877	0.00249	0.00374	0.01550	0.00699	0.00632
8	0.00904	0.00646	0.00861	0.01034	0.01077	0.00603	0.00689	0.01034	0.01421	0.01895	0.04092	0.73426	0.04910	0.02326	0.00948	0.00301	0.00431	0.02110	0.00689	0.00603
9	0.03331	0.01263	0.01723	0.01321	0.01895	0.01091	0.01091	0.03618	0.02125	0.69794	0.02929	0.02527	0.01838	0.00919	0.00747	0.00230	0.00632	0.00747	0.00919	0.01263
10	0.03331	0.01263	0.01723	0.01321	0.01895	0.01091	0.01091	0.03618	0.02125	0.69794	0.02929	0.02527	0.01838	0.00919	0.00747	0.00230	0.00632	0.00747	0.00919	0.01263
11	0.01061	0.00795	0.01193	0.01193	0.01326	0.00928	0.00928	0.01326	0.01193	0.01723	0.01988	0.02916	0.01856	0.05568	0.70968	0.01193	0.01988	0.00795	0.00398	0.00663
12	0.01489	0.03840	0.70064	0.02116	0.03213	0.01724	0.02743	0.02351	0.01567	0.02351	0.01332	0.01567	0.00940	0.00705	0.00705	0.00235	0.01097	0.00549	0.00313	0.01097
13	0.00877	0.00752	0.00752	0.00752	0.01003	0.00627	0.00564	0.01065	0.01692	0.02005	0.07520	0.07144	0.68978	0.01880	0.00877	0.00251	0.00376	0.01567	0.00689	0.00627
14	0.00904	0.00646	0.00861	0.01034	0.01077	0.00603	0.00689	0.01034	0.01421	0.01895	0.04092	0.73426	0.04910	0.02326	0.00948	0.00301	0.00431	0.02110	0.00689	0.00603
15	0.02758	0.02031	0.02182	0.01685	0.02261	0.02245	0.01387	0.64600	0.03421	0.04585	0.01860	0.04183	0.01385	0.00939	0.00750	0.00225	0.00804	0.00717	0.00741	0.01240
16	0.02018	0.71383	0.03815	0.01297	0.01922	0.05793	0.01277	0.02254	0.01533	0.01750	0.01037	0.01197	0.00953	0.00641	0.00484	0.00160	0.00817	0.00400	0.00320	0.00949
17	0.02472	0.01778	0.01929	0.01504	0.02050	0.01896	0.01229	0.45346	0.07553	0.07391	0.02127	0.02124	0.03788	0.00898	0.00712	0.00211	0.00714	0.00694	0.06208	0.09377
18	0.05552	0.02821	0.39617	0.04265	0.08782	0.01692	0.07683	0.02530	0.10039	0.04598	0.04218	0.01958	0.01402	0.00771	0.00725	0.00237	0.00954	0.00656	0.00426	0.01073
19	0.01746	0.01670	0.02847	0.18810	0.55743	0.01740	0.02233	0.02198	0.01647	0.02314	0.01380	0.01867	0.01137	0.00678	0.00736	0.00226	0.00905	0.00661	0.00360	0.01102
20	0.01423	0.01341	0.02264	0.68929	0.08149	0.01655	0.02072	0.01915	0.01494	0.01922	0.01323	0.01973	0.00998	0.00738	0.00742	0.00246	0.00985	0.00660	0.00332	0.00841
21	0.05654	0.01284	0.01701	0.01319	0.01882	0.01143	0.01086	0.03587	0.05068	0.64689	0.02873	0.02496	0.01824	0.00916	0.00738	0.00231	0.00628	0.00740	0.00897	0.01245
22	0.01560	0.01537	0.02148	0.01868	0.01871	0.02125	0.01541	0.01720	0.01162	0.01796	0.01252	0.08008	0.01324	0.01391	0.02304	0.00323	0.66139	0.00780	0.00357	0.00793
23	0.01061	0.00795	0.01193	0.01193	0.01326	0.00928	0.00928	0.01326	0.01193	0.01723	0.01988	0.02916	0.01856	0.05568	0.70968	0.01193	0.01988	0.00795	0.00398	0.00663
24	0.01985	0.74357	0.03890	0.01270	0.01905	0.02937	0.01270	0.02223	0.01508	0.01747	0.01032	0.01191	0.00953	0.00635	0.00476	0.00159	0.00794	0.00397	0.00318	0.00953
25	0.01832	0.01952	0.06755	0.23494	0.08205	0.09401	0.12957	0.10408	0.01866	0.02409	0.01578	0.02330	0.01313	0.00881	0.00904	0.00249	0.06403	0.05693	0.00425	0.00945
26	0.01205	0.07933	0.01479	0.01202	0.01361	0.01194	0.00952	0.01436	0.01221	0.01738	0.01870	0.02841	0.01788	0.11399	0.49905	0.00946	0.06992	0.00771	0.03086	0.00682
27	0.00902	0.00654	0.00853	0.01013	0.01071	0.00605	0.00680	0.01036	0.01442	0.01903	0.04349	0.68446	0.09724	0.02292	0.00942	0.00298	0.00427	0.02070	0.00689	0.00605
28	0.01262	0.00957	0.01264	0.04408	0.01549	0.00972	0.03200	0.10876	0.01746	0.02318	0.03578	0.46123	0.07328	0.05049	0.03076	0.00328	0.00606	0.03984	0.00651	0.00724
29	0.02673	0.01816	0.02008	0.01572	0.02102	0.01969	0.01280	0.48722	0.06336	0.13125	0.02042	0.02163	0.01501	0.05576	0.03371	0.00290	0.00815	0.00717	0.00737	0.01187
30	0.01651	0.01774	0.03587	0.23980	0.04153	0.01807	0.43618	0.02313	0.05099	0.02270	0.01525	0.02035	0.01144	0.00681	0.00829	0.00250	0.01138	0.00809	0.00381	0.00957
31	0.01538	0.01458	0.02473	0.50991	0.25183	0.01685	0.02129	0.02016	0.01549	0.02062	0.01344	0.01935	0.01048	0.00717	0.00740	0.00239	0.00956	0.00660	0.00342	0.00935
32	0.01739	0.01429	0.02067	0.13583	0.23283	0.03804	0.01631	0.02187	0.04820	0.09024	0.02511	0.03544	0.06912	0.01098	0.00882	0.00252	0.04501	0.12512	0.00519	0.03703
33	0.01046	0.04075	0.01049	0.00947	0.01127	0.00775	0.00681	0.01241	0.01600	0.02137	0.18555	0.29383	0.17280	0.09692	0.01178	0.00302	0.00459	0.01522	0.00656	0.06294
34	0.01332	0.00912	0.01171	0.01169	0.01392	0.00887	0.00951	0.06428	0.01974	0.06118	0.25802	0.11171	0.10347	0.01732	0.00921	0.00280	0.00535	0.25379	0.00746	0.00752
35	0.01684	0.01938	0.08390	0.02685	0.08352	0.01819	0.36443	0.02425	0.10281	0.02370	0.01722	0.04303	0.01396	0.01003	0.03725	0.00293	0.08907	0.00841	0.00425	0.00999
36	0.01770	0.01691	0.02701	0.03966	0.56756	0.04189	0.02064	0.02188	0.01727	0.02408	0.04835	0.02652	0.01755	0.00846	0.00768	0.00232	0.00854	0.07084	0.00421	0.01092
37	0.01673	0.04938	0.02394	0.10561	0.04508	0.06476	0.08139	0.04165	0.01453	0.02004	0.01363	0.05395	0.01268	0.01377	0.06226	0.00334	0.33022	0.00728	0.00377	0.03598
38	0.02700	0.01961	0.02097	0.01622	0.02180	0.02165	0.01335	0.61266	0.03326	0.04516	0.01837	0.01866	0.01317	0.00889	0.00724	0.00219	0.00777	0.00670	0.07320	0.01214
39	0.15140	0.01614	0.07376	0.43391	0.06275	0.01710	0.01811	0.05647	0.05805	0.02431	0.01407	0.01846	0.01056	0.00752	0.00690	0.00241	0.00887	0.00618	0.00402	0.00901
40	0.04484	0.05870	0.14816	0.07827	0.05652	0.01785	0.37143	0.02239	0.01631	0.02319	0.01472	0.01926	0.01132	0.00928	0.04585	0.00289	0.01154	0.00744	0.03031	0.00971
41	0.57429	0.10680	0.01527	0.01074	0.01538	0.01800	0.00908	0.06576	0.01474	0.03129	0.03490	0.01481	0.01123	0.00972	0.04061	0.00269	0.00683	0.00472	0.00470	0.00844
42	0.05176	0.01757	0.01925	0.01566	0.02049	0.01962	0.01279	0.44644	0.10539	0.03901	0.02006	0.02280	0.01559	0.01665	0.11667	0.00381	0.00959	0.02884	0.00678	0.01122
43	0.01733	0.01416	0.01904	0.05150	0.19461	0.01497	0.01427	0.08124	0.19883	0.05276	0.11049	0.03668	0.06283	0.01131	0.00803	0.00249	0.00673	0.08612	0.00637	0.01022
44	0.01190	0.00876	0.01085	0.01140	0.01309	0.00870	0.00873	0.08075	0.01726	0.02257	0.04174	0.32257	0.14435	0.05433	0.04689	0.00360	0.00619	0.17272	0.00667	0.00692
45	0.01451	0.01240	0.01591	0.03485	0.01666	0.05120	0.03321	0.04373	0.01398	0.02029	0.01736	0.02526	0.01583	0.08177	0.27216	0.00635	0.19098	0.00741	0.11874	0.00740
46	0.01362	0.01186	0.01435	0.14779	0.02207	0.06317	0.01256	0.01861	0.07709	0.02259	0.10239	0.08114	0.08635	0.01552	0.00890	0.00284	0.00714	0.27824	0.00615	0.00762
47	0.01131	0.00811	0.01146	0.01140	0.01288	0.00931	0.00884	0.01472	0.03644	0.01908	0.02082	0.02892	0.01877	0.04795	0.59325	0.01027	0.01726	0.00784	0.10454	0.00685
48	0.01879	0.02518	0.23298	0.06609	0.31521	0.08575	0.02197	0.02521	0.05757	0.05846	0.01527	0.01805	0.01173	0.00724	0.00722	0.00226	0.00968	0.00624	0.00403	0.01107
49	0.02462	0.01814	0.02038	0.04105	0.04636	0.01975	0.01339	0.41191	0.14562	0.08025	0.02040	0.02113	0.01508	0.03559	0.00846	0.00241	0.00755	0.00706	0.00701	0.05385
50	0.05700	0.01454	0.05152	0.08837	0.02314	0.01664	0.08983	0.01762	0.01288	0.01956	0.01423	0.02103	0.01273	0.02509	0.24447	0.00585	0.26681	0.00707	0.00362	0.00799
51	0.07690	0.01415	0.04079	0.01524	0.04119	0.01382	0.04673	0.14159	0.09992	0.11592	0.05741	0.16539	0.06627	0.01310	0.00803	0.00256	0.00653	0.05797	0.00683	0.00964

[dist]
# distance from previous block
# <min> <max>
1	2

[block]
# block no. 3 follows, 27 sequences, length 27
# corresponding to MSA columns:
# 221-247
name=unknown_D
#
# <colnr> <probs for GDERKNQSTAVLIFYWHMCP>
#	G	D	E	R	K	N	Q	S	T	A	V	L	I	F	Y	W	H	M	C	P
0	0.05188	0.01612	0.01563	0.01449	0.04304	0.11545	0.01059	0.16815	0.07031	0.05100	0.02656	0.05243	0.09900	0.13076	0.09785	0.00423	0.00924	0.00877	0.00574	0.00876
1	0.01753	0.01827	0.05783	0.13023	0.47510	0.01766	0.12894	0.02248	0.01669	0.02346	0.01401	0.01872	0.01134	0.00668	0.00758	0.00229	0.00966	0.00692	0.00362	0.01098
2	0.05796	0.02778	0.33023	0.02569	0.03456	0.01799	0.35038	0.02356	0.01645	0.02417	0.01402	0.01769	0.01027	0.00664	0.00779	0.00243	0.01147	0.00707	0.00353	0.01033
3	0.01196	0.00854	0.01196	0.01367	0.01538	0.00854	0.01196	0.01538	0.01709	0.02222	0.03931	0.08374	0.04272	0.02051	0.01025	0.00342	0.00684	0.64283	0.00684	0.00684
4	0.01489	0.03840	0.70064	0.02116	0.03213	0.01724	0.02743	0.02351	0.01567	0.02351	0.01332	0.01567	0.00940	0.00705	0.00705	0.00235	0.01097	0.00549	0.00313	0.01097
5	0.01051	0.00759	0.00992	0.00934	0.01109	0.00700	0.00700	0.01401	0.02101	0.02977	0.68888	0.05545	0.07005	0.01518	0.00876	0.00233	0.00350	0.01343	0.00817	0.00700
6	0.01051	0.00759	0.00992	0.00934	0.01109	0.00700	0.00700	0.01401	0.02101	0.02977	0.68888	0.05545	0.07005	0.01518	0.00876	0.00233	0.00350	0.01343	0.00817	0.00700
7	0.01489	0.03840	0.70064	0.02116	0.03213	0.01724	0.02743	0.02351	0.01567	0.02351	0.01332	0.01567	0.00940	0.00705	0.00705	0.00235	0.01097	0.00549	0.00313	0.01097
8	0.01289	0.00645	0.00967	0.00967	0.00967	0.00645	0.00645	0.00967	0.00967	0.01289	0.01289	0.02257	0.01289	0.02579	0.02901	0.78401	0.00645	0.00645	0.00322	0.00322
9	0.00904	0.00646	0.00861	0.01034	0.01077	0.00603	0.00689	0.01034	0.01421	0.01895	0.04092	0.73426	0.04910	0.02326	0.00948	0.00301	0.00431	0.02110	0.00689	0.00603
10	0.01789	0.01714	0.02926	0.12083	0.62132	0.01751	0.02254	0.02236	0.01667	0.02366	0.01388	0.01853	0.01155	0.00670	0.00736	0.00223	0.00894	0.00661	0.00363	0.01137
11	0.01390	0.00739	0.01050	0.01016	0.01055	0.00753	0.00695	0.05282	0.01132	0.01512	0.01322	0.02226	0.01288	0.02468	0.02760	0.73277	0.00656	0.00646	0.00350	0.00384
12	0.01061	0.00795	0.01193	0.01193	0.01326	0.00928	0.00928	0.01326	0.01193	0.01723	0.01988	0.02916	0.01856	0.05568	0.70968	0.01193	0.01988	0.00795	0.00398	0.00663
13	0.01402	0.01319	0.02227	0.72126	0.05113	0.01649	0.02062	0.01897	0.01484	0.01897	0.01319	0.01979	0.00990	0.00742	0.00742	0.00247	0.00990	0.00660	0.00330	0.00825
14	0.01163	0.01381	0.12564	0.01437	0.01768	0.01025	0.09004	0.01495	0.01446	0.01993	0.06378	0.21584	0.07210	0.12851	0.14757	0.00510	0.00972	0.01228	0.00506	0.00727
15	0.02759	0.01335	0.01740	0.01395	0.01899	0.01282	0.03241	0.03492	0.18554	0.46350	0.02866	0.02723	0.01978	0.05715	0.00952	0.00268	0.00647	0.00796	0.00829	0.01179
16	0.00922	0.00757	0.00814	0.00810	0.01044	0.00649	0.00615	0.01145	0.01767	0.02190	0.18442	0.06907	0.55132	0.01822	0.00883	0.00251	0.00384	0.04112	0.00712	0.00642
17	0.02521	0.02921	0.02215	0.02095	0.07331	0.46455	0.01527	0.10243	0.02079	0.02195	0.01213	0.01475	0.01012	0.00859	0.00969	0.00219	0.12789	0.00542	0.00414	0.00924
18	0.07102	0.59691	0.06127	0.01349	0.01965	0.09639	0.01314	0.02300	0.01554	0.01881	0.01056	0.01221	0.00943	0.00654	0.00504	0.00170	0.00846	0.00411	0.00333	0.00939
19	0.00899	0.00753	0.00782	0.00775	0.01016	0.00636	0.00581	0.01108	0.01744	0.02128	0.15235	0.06943	0.61187	0.01835	0.00877	0.00249	0.00373	0.01539	0.00705	0.00636
20	0.00950	0.00681	0.00902	0.01003	0.01087	0.00633	0.00693	0.01147	0.01632	0.02230	0.24138	0.52425	0.05558	0.02076	0.00925	0.00280	0.00406	0.01873	0.00729	0.00633
21	0.02520	0.01695	0.01906	0.01544	0.02036	0.01816	0.01259	0.43478	0.05190	0.13228	0.02407	0.10696	0.02016	0.01148	0.00788	0.00242	0.00729	0.05402	0.00757	0.01142
22	0.01520	0.03625	0.62366	0.02235	0.03291	0.01742	0.10225	0.02354	0.01589	0.02354	0.01352	0.01618	0.00962	0.00696	0.00725	0.00237	0.01115	0.00587	0.00321	0.01086
23	0.01724	0.01679	0.02713	0.27373	0.45044	0.04281	0.02174	0.02174	0.01636	0.02224	0.01361	0.01867	0.01105	0.00693	0.00735	0.00229	0.00935	0.00654	0.00355	0.01045
24	0.01718	0.01589	0.02602	0.34508	0.35540	0.01754	0.02116	0.07012	0.01735	0.02361	0.01391	0.01897	0.01099	0.00715	0.00739	0.00233	0.00925	0.00661	0.00379	0.01026
25	0.01279	0.00805	0.01051	0.00976	0.01187	0.00732	0.00736	0.01598	0.02035	0.10077	0.54219	0.10447	0.08925	0.01530	0.00867	0.00239	0.00388	0.01346	0.00813	0.00751
26	0.01577	0.00935	0.01200	0.01040	0.01346	0.00842	0.00806	0.01971	0.04458	0.16581	0.45557	0.04581	0.07630	0.01316	0.00820	0.00225	0.00433	0.01142	0.00802	0.06740

[dist]
# distance from previous block
# <min> <max>
0	1

[block]
# block no. 4 follows, 27 sequences, length 28
# corresponding to MSA columns:
# 249-276
name=unknown_E
#
# <colnr> <probs for GDERKNQSTAVLIFYWHMCP>
#	G	D	E	R	K	N	Q	S	T	A	V	L	I	F	Y	W	H	M	C	P
0	0.05296	0.09745	0.01909	0.01387	0.01823	0.13526	0.01123	0.15452	0.04886	0.14608	0.19515	0.02779	0.02812	0.01008	0.00726	0.00216	0.00730	0.00794	0.00673	0.00990
1	0.79154	0.01436	0.01091	0.00976	0.01436	0.01665	0.00804	0.02182	0.01263	0.03331	0.01034	0.01206	0.00804	0.00689	0.00459	0.00230	0.00574	0.00402	0.00459	0.00804
2	0.02095	0.01718	0.01819	0.01561	0.02025	0.01963	0.01235	0.19971	0.51507	0.03507	0.02706	0.02518	0.02010	0.00978	0.00752	0.00244	0.00646	0.00796	0.00752	0.01197
3	0.71510	0.01500	0.01205	0.01050	0.01522	0.01729	0.00865	0.08654	0.01486	0.03466	0.01109	0.01264	0.00850	0.00709	0.00488	0.00229	0.00599	0.00429	0.00488	0.00850
4	0.01061	0.00795	0.01193	0.01193	0.01326	0.00928	0.00928	0.01326	0.01193	0.01723	0.01988	0.02916	0.01856	0.05568	0.70968	0.01193	0.01988	0.00795	0.00398	0.00663
5	0.01031	0.00699	0.00824	0.00871	0.00883	0.00688	0.00516	0.01067	0.01174	0.01565	0.02821	0.23714	0.03307	0.54225	0.03000	0.00605	0.00640	0.01363	0.00516	0.00492
6	0.01955	0.70162	0.07826	0.01321	0.01983	0.02865	0.01358	0.02231	0.01512	0.01783	0.01050	0.01213	0.00952	0.00639	0.00490	0.00163	0.00812	0.00406	0.00317	0.00961
7	0.01466	0.01422	0.13426	0.01195	0.01615	0.00981	0.01121	0.04190	0.01994	0.11579	0.35892	0.04556	0.14928	0.01329	0.00824	0.00236	0.00542	0.01134	0.00718	0.00854
8	0.00904	0.00646	0.00861	0.01034	0.01077	0.00603	0.00689	0.01034	0.01421	0.01895	0.04092	0.73426	0.04910	0.02326	0.00948	0.00301	0.00431	0.02110	0.00689	0.00603
9	0.01514	0.03668	0.63917	0.02211	0.03275	0.01738	0.08718	0.02354	0.01585	0.02354	0.01348	0.01608	0.00958	0.00698	0.00721	0.00237	0.01112	0.00579	0.00319	0.01088
10	0.10123	0.01931	0.14130	0.33798	0.03578	0.06191	0.01840	0.02346	0.01605	0.12794	0.01521	0.01854	0.01092	0.00779	0.00760	0.00240	0.03426	0.00614	0.00437	0.00942
11	0.01936	0.67382	0.10436	0.01354	0.02035	0.02817	0.01416	0.02236	0.01514	0.01806	0.01062	0.01228	0.00951	0.00642	0.00499	0.00166	0.00824	0.00412	0.00317	0.00967
12	0.01080	0.00720	0.00810	0.00810	0.00810	0.00720	0.00450	0.01080	0.01080	0.01439	0.02339	0.04858	0.02699	0.73910	0.03779	0.00720	0.00720	0.01080	0.00450	0.00450
13	0.01061	0.00795	0.01193	0.01193	0.01326	0.00928	0.00928	0.01326	0.01193	0.01723	0.01988	0.02916	0.01856	0.05568	0.70968	0.01193	0.01988	0.00795	0.00398	0.00663
14	0.02822	0.02079	0.02228	0.01708	0.02302	0.02302	0.01411	0.66804	0.03490	0.04679	0.01782	0.01782	0.01262	0.00891	0.00743	0.00223	0.00817	0.00668	0.00743	0.01262
15	0.03331	0.01263	0.01723	0.01321	0.01895	0.01091	0.01091	0.03618	0.02125	0.69794	0.02929	0.02527	0.01838	0.00919	0.00747	0.00230	0.00632	0.00747	0.00919	0.01263
16	0.00922	0.00740	0.00826	0.00855	0.01056	0.00644	0.00635	0.01130	0.01706	0.02135	0.15496	0.18125	0.46310	0.01912	0.00896	0.00261	0.00396	0.04614	0.00707	0.00636
17	0.01588	0.01593	0.02458	0.17356	0.02817	0.02101	0.07700	0.01865	0.01269	0.01865	0.01098	0.01736	0.00992	0.01116	0.01923	0.00301	0.50387	0.00673	0.00331	0.00832
18	0.02425	0.01210	0.01541	0.03496	0.01816	0.01164	0.01045	0.06737	0.11128	0.37540	0.03278	0.17117	0.05659	0.01255	0.00794	0.00248	0.00595	0.01068	0.00810	0.01073
19	0.03331	0.01263	0.01723	0.01321	0.01895	0.01091	0.01091	0.03618	0.02125	0.69794	0.02929	0.02527	0.01838	0.00919	0.00747	0.00230	0.00632	0.00747	0.00919	0.01263
20	0.01064	0.00782	0.01124	0.01124	0.01233	0.00891	0.00842	0.01281	0.01173	0.01672	0.02051	0.03265	0.02007	0.17831	0.58912	0.01108	0.01761	0.00846	0.00407	0.00625
21	0.01102	0.00832	0.01173	0.01152	0.01244	0.00968	0.00860	0.01298	0.01162	0.01660	0.02005	0.03293	0.01998	0.21567	0.50418	0.01023	0.06363	0.00853	0.00405	0.00622
22	0.79154	0.01436	0.01091	0.00976	0.01436	0.01665	0.00804	0.02182	0.01263	0.03331	0.01034	0.01206	0.00804	0.00689	0.00459	0.00230	0.00574	0.00402	0.00459	0.00804
23	0.01539	0.01319	0.01539	0.01100	0.01759	0.00990	0.00880	0.01869	0.01539	0.02419	0.01319	0.01539	0.01100	0.00550	0.00550	0.00110	0.00550	0.00440	0.00440	0.78449
24	0.01444	0.17670	0.28036	0.01481	0.02108	0.01610	0.01614	0.01997	0.04789	0.02277	0.14333	0.07509	0.06909	0.01115	0.00804	0.03310	0.00761	0.00852	0.00478	0.00902
25	0.00903	0.00753	0.00787	0.00778	0.01018	0.00637	0.00584	0.01114	0.01752	0.02147	0.16437	0.06912	0.59974	0.01827	0.00877	0.00248	0.00372	0.01534	0.00708	0.00637
26	0.01571	0.11736	0.53997	0.02068	0.03018	0.01910	0.06312	0.02300	0.01543	0.02245	0.01284	0.01554	0.00955	0.00732	0.00804	0.00233	0.05808	0.00557	0.00318	0.01056
27	0.02739	0.02015	0.02160	0.01665	0.02231	0.02227	0.01365	0.63679	0.03376	0.04525	0.01809	0.01929	0.01331	0.04363	0.00887	0.00246	0.00812	0.00688	0.00729	0.01224

[dist]
# distance from previous block
# <min> <max>
0	3

[block]
# block no. 5 follows, 27 sequences, length 43
# corresponding to MSA columns:
# 280-322
name=unknown_F
#
# <colnr> <probs for GDERKNQSTAVLIFYWHMCP>
#	G	D	E	R	K	N	Q	S	T	A	V	L	I	F	Y	W	H	M	C	P
0	0.01866	0.51265	0.23236	0.01540	0.02302	0.04896	0.01708	0.02286	0.01546	0.01926	0.01124	0.01306	0.00949	0.00660	0.00550	0.00182	0.00901	0.00444	0.00319	0.00992
1	0.00951	0.00658	0.00846	0.00987	0.01031	0.00623	0.00649	0.01074	0.01383	0.01878	0.03777	0.60866	0.04469	0.11706	0.01300	0.00350	0.00465	0.01904	0.04494	0.00587
2	0.00904	0.00646	0.00861	0.01034	0.01077	0.00603	0.00689	0.01034	0.01421	0.01895	0.04092	0.73426	0.04910	0.02326	0.00948	0.00301	0.00431	0.02110	0.00689	0.00603
3	0.01539	0.01319	0.01539	0.01100	0.01759	0.00990	0.00880	0.01869	0.01539	0.02419	0.01319	0.01539	0.01100	0.00550	0.00550	0.00110	0.00550	0.00440	0.00440	0.78449
4	0.01914	0.64357	0.13274	0.01390	0.02091	0.02765	0.01479	0.02241	0.01517	0.01832	0.01075	0.01244	0.00951	0.00645	0.00509	0.00170	0.00837	0.00418	0.00317	0.00973
5	0.01409	0.00933	0.01219	0.22079	0.02180	0.01039	0.01005	0.04068	0.01554	0.02435	0.02061	0.02719	0.01692	0.08620	0.00941	0.00255	0.00595	0.00723	0.43747	0.00726
6	0.01080	0.00720	0.00810	0.00810	0.00810	0.00720	0.00450	0.01080	0.01080	0.01439	0.02339	0.04858	0.02699	0.73910	0.03779	0.00720	0.00720	0.01080	0.00450	0.00450
7	0.01489	0.03840	0.70064	0.02116	0.03213	0.01724	0.02743	0.02351	0.01567	0.02351	0.01332	0.01567	0.00940	0.00705	0.00705	0.00235	0.01097	0.00549	0.00313	0.01097
8	0.03331	0.01263	0.01723	0.01321	0.01895	0.01091	0.01091	0.03618	0.02125	0.69794	0.02929	0.02527	0.01838	0.00919	0.00747	0.00230	0.00632	0.00747	0.00919	0.01263
9	0.01525	0.08996	0.65225	0.02054	0.03117	0.01813	0.02635	0.02342	0.01563	0.02307	0.01310	0.01540	0.00941	0.00700	0.00689	0.00230	0.01075	0.00537	0.00314	0.01087
10	0.01489	0.03840	0.70064	0.02116	0.03213	0.01724	0.02743	0.02351	0.01567	0.02351	0.01332	0.01567	0.00940	0.00705	0.00705	0.00235	0.01097	0.00549	0.00313	0.01097
11	0.01402	0.01319	0.02227	0.72126	0.05113	0.01649	0.02062	0.01897	0.01484	0.01897	0.01319	0.01979	0.00990	0.00742	0.00742	0.00247	0.00990	0.00660	0.00330	0.00825
12	0.02822	0.02079	0.02228	0.01708	0.02302	0.02302	0.01411	0.66804	0.03490	0.04679	0.01782	0.01782	0.01262	0.00891	0.00743	0.00223	0.00817	0.00668	0.00743	0.01262
13	0.01387	0.03413	0.03473	0.01118	0.01382	0.01028	0.00894	0.07381	0.05740	0.05579	0.39709	0.09511	0.05040	0.06731	0.01058	0.00277	0.00503	0.04245	0.00737	0.00794
14	0.04975	0.01010	0.01304	0.01256	0.01401	0.03631	0.00987	0.01507	0.01250	0.01888	0.01831	0.02622	0.01678	0.04338	0.52217	0.00939	0.09601	0.00741	0.06126	0.00695
15	0.07259	0.14099	0.51829	0.01877	0.02826	0.01907	0.02305	0.02396	0.04737	0.02369	0.01347	0.01543	0.00996	0.00708	0.00656	0.00224	0.00989	0.00529	0.00346	0.01058
16	0.01846	0.01595	0.01679	0.01511	0.01930	0.01846	0.01175	0.03945	0.67938	0.03105	0.03022	0.02770	0.02266	0.01007	0.00755	0.00252	0.00588	0.00839	0.00755	0.01175
17	0.01995	0.01506	0.01846	0.11935	0.02409	0.01490	0.01242	0.15823	0.06946	0.09653	0.01692	0.01851	0.01274	0.00752	0.00731	0.00186	0.03625	0.00590	0.00554	0.33898
18	0.01489	0.03840	0.70064	0.02116	0.03213	0.01724	0.02743	0.02351	0.01567	0.02351	0.01332	0.01567	0.00940	0.00705	0.00705	0.00235	0.01097	0.00549	0.00313	0.01097
19	0.01023	0.00758	0.00953	0.00905	0.01092	0.00689	0.00678	0.01347	0.02035	0.02820	0.58962	0.05804	0.17029	0.01576	0.00876	0.00236	0.00354	0.01379	0.00797	0.00689
20	0.00904	0.00646	0.00861	0.01034	0.01077	0.00603	0.00689	0.01034	0.01421	0.01895	0.04092	0.73426	0.04910	0.02326	0.00948	0.00301	0.00431	0.02110	0.00689	0.00603
21	0.01624	0.01624	0.02274	0.01949	0.01949	0.02274	0.01624	0.01787	0.01137	0.01787	0.00975	0.01624	0.00975	0.01299	0.02436	0.00325	0.72552	0.00650	0.00325	0.00812
22	0.00911	0.00649	0.00859	0.01025	0.01067	0.00607	0.00680	0.01035	0.01409	0.01878	0.04027	0.70879	0.04828	0.04985	0.01053	0.00317	0.00441	0.02072	0.00680	0.00597
23	0.01051	0.00759	0.00992	0.00934	0.01109	0.00700	0.00700	0.01401	0.02101	0.02977	0.68888	0.05545	0.07005	0.01518	0.00876	0.00233	0.00350	0.01343	0.00817	0.00700
24	0.02696	0.01984	0.02140	0.01658	0.02214	0.02196	0.01359	0.62090	0.03321	0.04456	0.01809	0.01932	0.01335	0.03630	0.03427	0.00276	0.00856	0.00687	0.00720	0.01212
25	0.79154	0.01436	0.01091	0.00976	0.01436	0.01665	0.00804	0.02182	0.01263	0.03331	0.01034	0.01206	0.00804	0.00689	0.00459	0.00230	0.00574	0.00402	0.00459	0.00804
26	0.01418	0.01342	0.02230	0.66994	0.04882	0.01695	0.02030	0.01889	0.01459	0.01889	0.01294	0.01953	0.00989	0.00783	0.00866	0.00253	0.06222	0.00659	0.00330	0.00824
27	0.01963	0.66718	0.05861	0.01318	0.01940	0.05300	0.01311	0.02220	0.01520	0.01768	0.01082	0.01274	0.00987	0.00829	0.03154	0.00202	0.00869	0.00420	0.00323	0.00943
28	0.00912	0.00652	0.00868	0.01029	0.01078	0.00608	0.00690	0.01052	0.01455	0.01949	0.07306	0.70058	0.05014	0.02286	0.00944	0.00298	0.00427	0.02072	0.00695	0.00608
29	0.01080	0.00720	0.00810	0.00810	0.00810	0.00720	0.00450	0.01080	0.01080	0.01439	0.02339	0.04858	0.02699	0.73910	0.03779	0.00720	0.00720	0.01080	0.00450	0.00450
30	0.79154	0.01436	0.01091	0.00976	0.01436	0.01665	0.00804	0.02182	0.01263	0.03331	0.01034	0.01206	0.00804	0.00689	0.00459	0.00230	0.00574	0.00402	0.00459	0.00804
31	0.01229	0.00916	0.01309	0.01573	0.06467	0.00911	0.01247	0.01571	0.01707	0.02227	0.03906	0.07841	0.06951	0.01942	0.00997	0.00329	0.00684	0.56815	0.00661	0.00717
32	0.01051	0.00759	0.00992	0.00934	0.01109	0.00700	0.00700	0.01401	0.02101	0.02977	0.68888	0.05545	0.07005	0.01518	0.00876	0.00233	0.00350	0.01343	0.00817	0.00700
33	0.01434	0.00768	0.00814	0.03934	0.01105	0.00790	0.00619	0.03970	0.01620	0.02794	0.02350	0.02698	0.01840	0.00860	0.00537	0.00178	0.00391	0.00690	0.71892	0.00717
34	0.00917	0.00672	0.00849	0.00974	0.01052	0.00618	0.00657	0.01059	0.01477	0.01940	0.07723	0.56256	0.14513	0.06235	0.01092	0.00314	0.00435	0.01933	0.00682	0.00603
35	0.02016	0.01001	0.01312	0.01109	0.01462	0.00905	0.00875	0.02404	0.04773	0.30481	0.36514	0.04254	0.07215	0.01265	0.00818	0.00233	0.00477	0.01086	0.00851	0.00949
36	0.02222	0.25390	0.06703	0.02375	0.18777	0.28570	0.01665	0.02527	0.01784	0.01975	0.01183	0.01428	0.01009	0.00695	0.00627	0.00191	0.01041	0.00502	0.00354	0.00981
37	0.01987	0.07906	0.09031	0.10148	0.23815	0.19677	0.01813	0.04483	0.04182	0.02193	0.01584	0.01892	0.03624	0.00834	0.00781	0.03064	0.00986	0.00622	0.00395	0.00983
38	0.01176	0.00933	0.01041	0.00990	0.01156	0.04155	0.00713	0.01547	0.05891	0.02572	0.44837	0.07290	0.07898	0.14936	0.01400	0.00326	0.00485	0.01255	0.00715	0.00685
39	0.01409	0.01189	0.01441	0.04512	0.01788	0.00946	0.00900	0.01708	0.01514	0.02292	0.01858	0.15536	0.01835	0.00904	0.00636	0.00154	0.00548	0.00775	0.00483	0.59571
40	0.01591	0.03470	0.58924	0.04518	0.06952	0.01704	0.04954	0.02385	0.01601	0.05098	0.01407	0.01651	0.00999	0.00710	0.00716	0.00235	0.01068	0.00579	0.00344	0.01096
41	0.00910	0.00662	0.00859	0.01003	0.01072	0.00611	0.00679	0.01057	0.01483	0.01965	0.08028	0.63808	0.10643	0.02241	0.00937	0.00293	0.00421	0.02020	0.00696	0.00611
42	0.02814	0.01917	0.02111	0.01622	0.02211	0.02061	0.01336	0.53224	0.05133	0.13884	0.01965	0.01909	0.01368	0.00885	0.00736	0.00220	0.00773	0.00675	0.00756	0.04401

[dist]
# distance from previous block
# <min> <max>
0	1

[block]
# block no. 6 follows, 27 sequences, length 8
# corresponding to MSA columns:
# 324-331
name=unknown_G
#
# <colnr> <probs for GDERKNQSTAVLIFYWHMCP>
#	G	D	E	R	K	N	Q	S	T	A	V	L	I	F	Y	W	H	M	C	P
0	0.02380	0.03479	0.01708	0.01359	0.01756	0.04365	0.01104	0.06884	0.05457	0.32528	0.11933	0.02931	0.04785	0.01455	0.06827	0.00319	0.08137	0.00832	0.00730	0.01033
1	0.02060	0.01491	0.03571	0.03391	0.01798	0.03987	0.01101	0.20425	0.09513	0.09982	0.02174	0.02459	0.01685	0.05616	0.05619	0.00312	0.02869	0.00724	0.20251	0.00974
2	0.02391	0.02245	0.02015	0.01822	0.05048	0.23659	0.01393	0.24106	0.05542	0.05315	0.01827	0.02391	0.01530	0.01304	0.05728	0.00299	0.05364	0.06449	0.00565	0.01006
3	0.10332	0.06898	0.29068	0.03006	0.31836	0.01808	0.02235	0.02293	0.01584	0.02456	0.01309	0.01623	0.01029	0.00680	0.00677	0.00224	0.00926	0.00572	0.00354	0.01090
4	0.01637	0.01555	0.02430	0.08936	0.45256	0.03949	0.01884	0.02028	0.01656	0.02256	0.02234	0.02921	0.08395	0.01237	0.05649	0.00301	0.00917	0.05326	0.00423	0.01010
5	0.01178	0.01134	0.08129	0.01220	0.01433	0.00908	0.00981	0.08504	0.01667	0.02252	0.03550	0.58048	0.04095	0.01999	0.00900	0.00286	0.00542	0.01789	0.00656	0.00727
6	0.02257	0.01904	0.01701	0.01471	0.01914	0.17835	0.01146	0.06153	0.25931	0.14957	0.02904	0.02755	0.09201	0.00998	0.00734	0.00223	0.00758	0.00786	0.00671	0.05700
7	0.02244	0.01602	0.01801	0.01484	0.01929	0.01728	0.01185	0.38911	0.07250	0.07665	0.02357	0.14954	0.02071	0.01541	0.06669	0.00317	0.00809	0.00949	0.00705	0.03831

[dist]
# distance from previous block
# <min> <max>
15	40

[block]
# block no. 7 follows, 27 sequences, length 26
# corresponding to MSA columns:
# 376-401
name=unknown_H
#
# <colnr> <probs for GDERKNQSTAVLIFYWHMCP>
#	G	D	E	R	K	N	Q	S	T	A	V	L	I	F	Y	W	H	M	C	P
0	0.01607	0.01473	0.07284	0.01676	0.07524	0.01320	0.05348	0.02528	0.21163	0.07570	0.27186	0.03521	0.03692	0.01098	0.00794	0.00234	0.00609	0.00970	0.00686	0.03717
1	0.02500	0.01789	0.01947	0.01539	0.02051	0.01938	0.01250	0.51506	0.03039	0.06220	0.02085	0.09382	0.01698	0.01029	0.00743	0.00224	0.00731	0.00816	0.05630	0.03884
2	0.01985	0.74357	0.03890	0.01270	0.01905	0.02937	0.01270	0.02223	0.01508	0.01747	0.01032	0.01191	0.00953	0.00635	0.00476	0.00159	0.00794	0.00397	0.00318	0.00953
3	0.03199	0.01268	0.01709	0.01305	0.01885	0.01084	0.01076	0.03489	0.02082	0.64842	0.02810	0.02454	0.01783	0.00892	0.00732	0.00221	0.00626	0.00724	0.00884	0.06936
4	0.01062	0.00790	0.01165	0.01165	0.01288	0.00913	0.00893	0.01308	0.01185	0.01702	0.02014	0.03059	0.01918	0.10591	0.66030	0.01158	0.01895	0.00816	0.00402	0.00647
5	0.01618	0.01540	0.02617	0.38627	0.36925	0.01706	0.02169	0.02086	0.01587	0.02159	0.01358	0.01909	0.01082	0.00702	0.00739	0.00234	0.00936	0.00661	0.00349	0.00999
6	0.02057	0.58158	0.03502	0.01419	0.01961	0.11958	0.01325	0.02282	0.01554	0.01760	0.01042	0.01251	0.00955	0.00714	0.00684	0.00179	0.07516	0.00431	0.00327	0.00927
7	0.00900	0.00662	0.00845	0.00992	0.01066	0.00606	0.00671	0.01038	0.01461	0.01911	0.04596	0.63671	0.14339	0.02260	0.00937	0.00294	0.00423	0.02030	0.00689	0.00606
8	0.01553	0.03417	0.55469	0.02444	0.08167	0.01750	0.12104	0.02350	0.01604	0.02360	0.01362	0.01651	0.00985	0.00690	0.00733	0.00236	0.01104	0.00605	0.00327	0.01089
9	0.00904	0.00646	0.00861	0.01034	0.01077	0.00603	0.00689	0.01034	0.01421	0.01895	0.04092	0.73426	0.04910	0.02326	0.00948	0.00301	0.00431	0.02110	0.00689	0.00603
10	0.01624	0.01624	0.02274	0.01949	0.01949	0.02274	0.01624	0.01787	0.01137	0.01787	0.00975	0.01624	0.00975	0.01299	0.02436	0.00325	0.72552	0.00650	0.00325	0.00812
11	0.00982	0.00756	0.00898	0.00862	0.01067	0.00671	0.00647	0.01269	0.01940	0.02594	0.44684	0.06176	0.31447	0.01661	0.00876	0.00240	0.00360	0.01431	0.00767	0.00671
12	0.15660	0.01791	0.01858	0.01464	0.01993	0.01973	0.01204	0.46175	0.02852	0.07618	0.01777	0.01820	0.01277	0.00856	0.00673	0.00219	0.00720	0.00630	0.08313	0.01129
13	0.75326	0.01430	0.01147	0.04479	0.01617	0.01665	0.00866	0.02168	0.01274	0.03260	0.01048	0.01244	0.00813	0.00692	0.00473	0.00231	0.00595	0.00415	0.00453	0.00805
14	0.01496	0.01415	0.02396	0.57539	0.18965	0.01674	0.02108	0.01979	0.01529	0.02011	0.01336	0.01949	0.01030	0.00725	0.00741	0.00242	0.00966	0.00660	0.00338	0.00900
15	0.01008	0.00734	0.00949	0.00944	0.01095	0.00675	0.00689	0.01300	0.01928	0.02681	0.50947	0.20367	0.10478	0.01716	0.00891	0.00249	0.00369	0.01523	0.00781	0.00675
16	0.01158	0.00784	0.01016	0.00944	0.01144	0.00716	0.00713	0.01496	0.02080	0.06366	0.62037	0.05480	0.10224	0.01507	0.00869	0.00234	0.00366	0.01324	0.00815	0.00725
17	0.03331	0.01263	0.01723	0.01321	0.01895	0.01091	0.01091	0.03618	0.02125	0.69794	0.02929	0.02527	0.01838	0.00919	0.00747	0.00230	0.00632	0.00747	0.00919	0.01263
18	0.01390	0.01112	0.01333	0.01348	0.04470	0.01178	0.00980	0.02339	0.26728	0.02701	0.23053	0.09340	0.08177	0.01474	0.00956	0.04651	0.00516	0.06669	0.00717	0.00866
19	0.03331	0.01263	0.01723	0.01321	0.01895	0.01091	0.01091	0.03618	0.02125	0.69794	0.02929	0.02527	0.01838	0.00919	0.00747	0.00230	0.00632	0.00747	0.00919	0.01263
20	0.01817	0.01586	0.01581	0.01403	0.01799	0.06011	0.01095	0.11881	0.39044	0.02965	0.03545	0.03388	0.14809	0.01357	0.04070	0.00288	0.00692	0.00930	0.00701	0.01038
21	0.01402	0.01319	0.02227	0.72126	0.05113	0.01649	0.02062	0.01897	0.01484	0.01897	0.01319	0.01979	0.00990	0.00742	0.00742	0.00247	0.00990	0.00660	0.00330	0.00825
22	0.01206	0.00822	0.01014	0.00961	0.01180	0.00757	0.00721	0.01575	0.04956	0.07650	0.41493	0.12366	0.19264	0.01608	0.00868	0.00245	0.00396	0.01400	0.00782	0.00739
23	0.01458	0.01233	0.01452	0.01091	0.01671	0.00940	0.00855	0.01762	0.01524	0.02352	0.01676	0.10792	0.01590	0.00778	0.00601	0.00135	0.00534	0.00655	0.00472	0.68429
24	0.01539	0.01319	0.01539	0.01100	0.01759	0.00990	0.00880	0.01869	0.01539	0.02419	0.01319	0.01539	0.01100	0.00550	0.00550	0.00110	0.00550	0.00440	0.00440	0.78449
25	0.01757	0.01731	0.02825	0.22443	0.46392	0.04659	0.05043	0.02210	0.01656	0.02256	0.01370	0.01862	0.01115	0.00686	0.00740	0.00228	0.00946	0.00663	0.00358	0.01061

[dist]
# distance from previous block
# <min> <max>
6	18

[block]
# block no. 8 follows, 27 sequences, length 11
# corresponding to MSA columns:
# 422-432
name=unknown_I
#
# <colnr> <probs for GDERKNQSTAVLIFYWHMCP>
#	G	D	E	R	K	N	Q	S	T	A	V	L	I	F	Y	W	H	M	C	P
0	0.01985	0.74357	0.03890	0.01270	0.01905	0.02937	0.01270	0.02223	0.01508	0.01747	0.01032	0.01191	0.00953	0.00635	0.00476	0.00159	0.00794	0.00397	0.00318	0.00953
1	0.01541	0.01447	0.02378	0.07074	0.05069	0.01700	0.16047	0.01872	0.01420	0.02132	0.01658	0.08242	0.01523	0.01097	0.01433	0.00270	0.29667	0.00837	0.13760	0.00831
2	0.00877	0.00752	0.00752	0.00752	0.01003	0.00627	0.00564	0.01065	0.01692	0.02005	0.07520	0.07144	0.68978	0.01880	0.00877	0.00251	0.00376	0.01567	0.00689	0.00627
