[name]
unknown

[dist]
# distance from previous block
# <min> <max>
6	51

[block]
# block no. 0 follows, 30 sequences, length 11
# corresponding to MSA columns:
# 61-71
name=unknown_A
#
# <colnr> <probs for GDERKNQSTAVLIFYWHMCP>
#	G	D	E	R	K	N	Q	S	T	A	V	L	I	F	Y	W	H	M	C	P
0	0.01730	0.01558	0.02106	0.03487	0.08043	0.07551	0.13049	0.05602	0.01630	0.06687	0.01547	0.05258	0.01331	0.04902	0.00881	0.00207	0.03727	0.00658	0.00441	0.29606
1	0.01890	0.01599	0.01918	0.01809	0.09443	0.07089	0.04289	0.14845	0.13086	0.07052	0.01917	0.08431	0.01633	0.01194	0.04913	0.00272	0.09186	0.00760	0.00537	0.08136
2	0.01649	0.03792	0.02090	0.11115	0.08843	0.13111	0.08673	0.07064	0.01608	0.02059	0.01563	0.07510	0.01419	0.01680	0.14307	0.00385	0.06102	0.00724	0.00400	0.05905
3	0.03936	0.01464	0.02293	0.34793	0.17940	0.01619	0.06928	0.07940	0.06958	0.02313	0.01424	0.01828	0.01095	0.00692	0.00687	0.00217	0.00846	0.00630	0.00396	0.06001
4	0.02054	0.01568	0.01813	0.01655	0.07908	0.01704	0.01205	0.39001	0.08996	0.03355	0.01966	0.07758	0.01678	0.06960	0.06510	0.00321	0.00795	0.00781	0.00610	0.03361
5	0.01822	0.01375	0.01875	0.11632	0.02355	0.01253	0.07027	0.10094	0.01753	0.11943	0.01515	0.01698	0.01134	0.00635	0.00617	0.00161	0.00674	0.00544	0.00489	0.41402
6	0.01155	0.00861	0.01066	0.06634	0.01408	0.00878	0.00786	0.09808	0.01621	0.02148	0.09316	0.34717	0.10804	0.13992	0.01281	0.00325	0.00525	0.01424	0.00601	0.00649
7	0.01044	0.00736	0.00884	0.00923	0.01019	0.00730	0.00627	0.05408	0.01390	0.01877	0.03343	0.34803	0.10081	0.22037	0.07138	0.00438	0.00606	0.01414	0.04921	0.00579
8	0.01314	0.01010	0.01155	0.01046	0.01307	0.00992	0.00770	0.11524	0.06964	0.02273	0.03115	0.21562	0.12265	0.14082	0.05092	0.00345	0.00605	0.01143	0.00572	0.12865
9	0.01153	0.00727	0.00875	0.00896	0.01043	0.00686	0.00633	0.01406	0.04236	0.07430	0.10902	0.31616	0.13414	0.09711	0.01088	0.00289	0.00429	0.01398	0.11424	0.00645
10	0.02089	0.01458	0.01612	0.01344	0.01746	0.01570	0.01067	0.36485	0.10501	0.08735	0.02512	0.16464	0.03991	0.01142	0.00728	0.00225	0.00617	0.00944	0.05766	0.01004

[dist]
# distance from previous block
# <min> <max>
9	15

[block]
# block no. 1 follows, 30 sequences, length 12
# corresponding to MSA columns:
# 87-98
name=unknown_B
#
# <colnr> <probs for GDERKNQSTAVLIFYWHMCP>
#	G	D	E	R	K	N	Q	S	T	A	V	L	I	F	Y	W	H	M	C	P
0	0.01616	0.01200	0.01382	0.01218	0.01467	0.01342	0.00919	0.15857	0.17593	0.04916	0.02145	0.02971	0.01921	0.24061	0.14709	0.00526	0.03983	0.00805	0.00549	0.00818
1	0.01420	0.01121	0.01538	0.01638	0.10989	0.01266	0.01116	0.11293	0.03392	0.02194	0.01762	0.02469	0.01579	0.08342	0.35360	0.00684	0.07190	0.00717	0.05145	0.00783
2	0.02152	0.01945	0.01802	0.01658	0.06017	0.20375	0.01231	0.22205	0.09199	0.06651	0.01892	0.02067	0.03634	0.01647	0.13957	0.00374	0.01058	0.00651	0.00537	0.00950
3	0.01501	0.03618	0.07269	0.06000	0.13750	0.01355	0.05319	0.05587	0.06547	0.04928	0.04877	0.12435	0.02092	0.12408	0.01257	0.00297	0.05346	0.00899	0.00477	0.04039
4	0.01376	0.01264	0.01400	0.01566	0.12193	0.07546	0.01030	0.05915	0.09071	0.02238	0.07885	0.04327	0.29348	0.01624	0.06740	0.00301	0.00695	0.04120	0.00568	0.00791
5	0.01866	0.01484	0.01697	0.06590	0.02043	0.01452	0.01089	0.24695	0.07746	0.03025	0.01557	0.01691	0.01195	0.00685	0.00607	0.00162	0.00629	0.00541	0.03288	0.37956
6	0.01910	0.07431	0.04516	0.01934	0.14397	0.17915	0.01344	0.09200	0.12602	0.02383	0.01978	0.02075	0.06984	0.00798	0.00649	0.00190	0.00796	0.00629	0.00472	0.11797
7	0.02263	0.01803	0.01838	0.01480	0.01935	0.07707	0.01187	0.44929	0.06871	0.03507	0.01731	0.01981	0.01357	0.06075	0.08069	0.00325	0.00887	0.00650	0.00607	0.04800
8	0.01213	0.00993	0.01363	0.01235	0.01446	0.01002	0.06357	0.06955	0.04329	0.02162	0.07791	0.35457	0.07704	0.06184	0.01094	0.00277	0.05940	0.01367	0.00582	0.06548
9	0.00962	0.00693	0.00836	0.00909	0.00988	0.00663	0.00604	0.03765	0.01370	0.01796	0.03784	0.45267	0.12917	0.20287	0.01535	0.00372	0.00480	0.01618	0.00594	0.00559
10	0.01979	0.01488	0.01819	0.05535	0.02048	0.01527	0.04332	0.26397	0.06198	0.08034	0.01761	0.04243	0.01432	0.07001	0.00968	0.00233	0.03644	0.00673	0.00563	0.20123
11	0.06010	0.01583	0.06501	0.07195	0.01823	0.13042	0.01086	0.09453	0.03990	0.02262	0.05703	0.20124	0.13329	0.03750	0.00835	0.00246	0.00689	0.01077	0.00539	0.00761

[dist]
# distance from previous block
# <min> <max>
6	23

[block]
# block no. 2 follows, 30 sequences, length 92
# corresponding to MSA columns:
# 124-215
name=unknown_C
#
# <colnr> <probs for GDERKNQSTAVLIFYWHMCP>
#	G	D	E	R	K	N	Q	S	T	A	V	L	I	F	Y	W	H	M	C	P
0	0.50666	0.04137	0.01789	0.03957	0.04449	0.01696	0.10934	0.07551	0.04443	0.02962	0.01197	0.01398	0.00919	0.00666	0.00543	0.00217	0.00684	0.00499	0.00442	0.00852
1	0.16125	0.02529	0.33539	0.02146	0.05265	0.01675	0.21624	0.02164	0.01459	0.02369	0.01236	0.01542	0.00921	0.00659	0.00734	0.00227	0.03911	0.00588	0.00339	0.00946
2	0.01673	0.01578	0.02641	0.19463	0.53836	0.01654	0.02065	0.04677	0.01613	0.02254	0.01311	0.01754	0.01070	0.00647	0.00693	0.00213	0.00849	0.00622	0.00351	0.01036
3	0.01015	0.00677	0.00761	0.00761	0.00761	0.00677	0.00423	0.01015	0.01015	0.01353	0.02199	0.04567	0.02537	0.75476	0.03552	0.00677	0.00677	0.01015	0.00423	0.00423
4	0.00902	0.00642	0.00860	0.01016	0.01076	0.00610	0.00719	0.01052	0.01370	0.01817	0.03762	0.61319	0.04442	0.04744	0.00997	0.00304	0.00454	0.12698	0.00639	0.00574
5	0.01230	0.00680	0.00953	0.00950	0.00985	0.00686	0.00651	0.03943	0.01085	0.01445	0.01613	0.07985	0.01688	0.07719	0.02483	0.60868	0.00605	0.03675	0.00370	0.00386
6	0.00997	0.00748	0.01121	0.01121	0.01246	0.00872	0.00872	0.01246	0.01121	0.01620	0.01869	0.02741	0.01745	0.05234	0.72710	0.01121	0.01869	0.00748	0.00374	0.00623
7	0.03131	0.01188	0.01619	0.01242	0.01781	0.01026	0.01026	0.03401	0.01997	0.71606	0.02753	0.02375	0.01727	0.00864	0.00702	0.00216	0.00594	0.00702	0.00864	0.01188
8	0.01447	0.01240	0.01447	0.01034	0.01654	0.00930	0.00827	0.01757	0.01447	0.02274	0.01240	0.01447	0.01034	0.00517	0.00517	0.00103	0.00517	0.00413	0.00413	0.79742
9	0.01527	0.01527	0.02137	0.01832	0.01832	0.02137	0.01527	0.01679	0.01069	0.01679	0.00916	0.01527	0.00916	0.01221	0.02290	0.00305	0.74198	0.00611	0.00305	0.00763
10	0.02653	0.01955	0.02094	0.01606	0.02164	0.02164	0.01326	0.68796	0.03281	0.04398	0.01675	0.01675	0.01187	0.00838	0.00698	0.00209	0.00768	0.00628	0.00698	0.01187
11	0.80405	0.01350	0.01026	0.00918	0.01350	0.01565	0.00756	0.02051	0.01188	0.03131	0.00972	0.01134	0.00756	0.00648	0.00432	0.00216	0.00540	0.00378	0.00432	0.00756
12	0.01015	0.00677	0.00761	0.00761	0.00761	0.00677	0.00423	0.01015	0.01015	0.01353	0.02199	0.04567	0.02537	0.75476	0.03552	0.00677	0.00677	0.01015	0.00423	0.00423
13	0.02653	0.01955	0.02094	0.01606	0.02164	0.02164	0.01326	0.68796	0.03281	0.04398	0.01675	0.01675	0.01187	0.00838	0.00698	0.00209	0.00768	0.00628	0.00698	0.01187
14	0.02607	0.03326	0.01978	0.01798	0.02157	0.72674	0.01348	0.02787	0.01978	0.01708	0.01079	0.01258	0.00899	0.00719	0.00629	0.00180	0.01258	0.00449	0.00360	0.00809
15	0.01647	0.01882	0.04118	0.02941	0.03647	0.01765	0.68588	0.02235	0.01647	0.02235	0.01412	0.01882	0.01059	0.00588	0.00824	0.00235	0.01176	0.00824	0.00353	0.00941
16	0.00870	0.00620	0.00820	0.00954	0.01005	0.00580	0.00640	0.01007	0.01385	0.01862	0.10266	0.65373	0.04721	0.05108	0.00993	0.00293	0.00409	0.01874	0.00650	0.00570
17	0.07861	0.01685	0.01834	0.01452	0.01945	0.01827	0.01189	0.49165	0.02774	0.11705	0.01936	0.05054	0.01514	0.03232	0.00787	0.00233	0.00710	0.03327	0.00686	0.01086
18	0.01400	0.03610	0.71860	0.01989	0.03020	0.01621	0.02578	0.02210	0.01473	0.02210	0.01252	0.01473	0.00884	0.00663	0.00663	0.00221	0.01031	0.00516	0.00295	0.01031
19	0.01008	0.00674	0.00763	0.00770	0.00771	0.00672	0.00432	0.01013	0.01028	0.01370	0.02265	0.07393	0.02620	0.72535	0.03445	0.00661	0.00666	0.01054	0.00432	0.00429
20	0.01727	0.01658	0.02832	0.04283	0.71123	0.01658	0.02142	0.02142	0.01589	0.02280	0.01313	0.01727	0.01105	0.00622	0.00691	0.00207	0.00829	0.00622	0.00345	0.01105
21	0.02607	0.03326	0.01978	0.01798	0.02157	0.72674	0.01348	0.02787	0.01978	0.01708	0.01079	0.01258	0.00899	0.00719	0.00629	0.00180	0.01258	0.00449	0.00360	0.00809
22	0.14593	0.01212	0.01531	0.01194	0.01717	0.01106	0.00986	0.03201	0.01877	0.61449	0.02489	0.02191	0.01583	0.00832	0.00662	0.00216	0.00586	0.00654	0.00800	0.01124
23	0.00879	0.00703	0.00787	0.00779	0.00979	0.00610	0.00579	0.01102	0.01700	0.02176	0.27582	0.10538	0.45758	0.01683	0.00828	0.00233	0.00349	0.01436	0.00687	0.00610
24	0.00930	0.00667	0.00868	0.00993	0.01061	0.00636	0.00676	0.03759	0.01444	0.01933	0.06712	0.68940	0.04562	0.02098	0.00880	0.00278	0.00416	0.01897	0.00655	0.00596
25	0.01191	0.00813	0.01116	0.01241	0.01424	0.00797	0.01077	0.01500	0.01623	0.05143	0.03899	0.07545	0.08782	0.01869	0.00942	0.00310	0.00619	0.58792	0.00653	0.00663
26	0.03114	0.01214	0.01636	0.01254	0.01795	0.01065	0.01036	0.05672	0.02042	0.69272	0.02716	0.02351	0.01709	0.00863	0.00702	0.00216	0.00600	0.00699	0.00858	0.01188
27	0.43114	0.01344	0.01513	0.01634	0.14298	0.01415	0.01094	0.02388	0.01484	0.20398	0.01596	0.01824	0.01196	0.00748	0.00569	0.00218	0.00611	0.03096	0.00534	0.00926
28	0.00846	0.00708	0.00736	0.00729	0.00955	0.00598	0.00547	0.01042	0.01640	0.02002	0.15219	0.06523	0.62617	0.01724	0.00825	0.00234	0.00350	0.01446	0.00663	0.00598
29	0.00850	0.00607	0.00810	0.00972	0.01012	0.00567	0.00648	0.00972	0.01336	0.01781	0.03846	0.75020	0.04615	0.02186	0.00891	0.00283	0.00405	0.01984	0.00648	0.00567
30	0.02607	0.03326	0.01978	0.01798	0.02157	0.72674	0.01348	0.02787	0.01978	0.01708	0.01079	0.01258	0.00899	0.00719	0.00629	0.00180	0.01258	0.00449	0.00360	0.00809
31	0.01318	0.01240	0.02093	0.73798	0.04806	0.01550	0.01938	0.01783	0.01395	0.01783	0.01240	0.01860	0.00930	0.00698	0.00698	0.00233	0.00930	0.00620	0.00310	0.00775
32	0.01736	0.01499	0.01578	0.01420	0.01815	0.01736	0.01105	0.03708	0.69862	0.02919	0.02840	0.02604	0.02130	0.00947	0.00710	0.00237	0.00552	0.00789	0.00710	0.01105
33	0.00854	0.00614	0.00810	0.00960	0.01011	0.00571	0.00644	0.00984	0.01366	0.01819	0.06172	0.70463	0.06853	0.02147	0.00886	0.00280	0.00401	0.01943	0.00652	0.00571
34	0.00889	0.00709	0.00795	0.00774	0.00982	0.00616	0.00580	0.01125	0.01741	0.02243	0.32041	0.06126	0.45644	0.01634	0.00824	0.00229	0.00344	0.01390	0.00695	0.00616
35	0.00955	0.00708	0.00891	0.00853	0.01025	0.00643	0.00637	0.01251	0.01887	0.02607	0.57590	0.08185	0.17157	0.01513	0.00826	0.00225	0.00336	0.01325	0.00744	0.00643
36	0.01447	0.01240	0.01447	0.01034	0.01654	0.00930	0.00827	0.01757	0.01447	0.02274	0.01240	0.01447	0.01034	0.00517	0.00517	0.00103	0.00517	0.00413	0.00413	0.79742
37	0.01447	0.01240	0.01447	0.01034	0.01654	0.00930	0.00827	0.01757	0.01447	0.02274	0.01240	0.01447	0.01034	0.00517	0.00517	0.00103	0.00517	0.00413	0.00413	0.79742
38	0.00909	0.00710	0.00823	0.00795	0.00994	0.00625	0.00596	0.01164	0.01789	0.02356	0.39888	0.05941	0.37727	0.01592	0.00824	0.00227	0.00341	0.01364	0.00710	0.00625
39	0.00862	0.00615	0.00823	0.00985	0.01030	0.00577	0.00667	0.00991	0.01347	0.01794	0.03840	0.72246	0.04591	0.02176	0.00894	0.00285	0.00415	0.04647	0.00648	0.00570
40	0.01895	0.73184	0.03599	0.01209	0.01805	0.02739	0.01199	0.04536	0.01486	0.01743	0.00996	0.01140	0.00906	0.00606	0.00457	0.00151	0.00747	0.00382	0.00313	0.00906
41	0.01527	0.01527	0.02137	0.01832	0.01832	0.02137	0.01527	0.01679	0.01069	0.01679	0.00916	0.01527	0.00916	0.01221	0.02290	0.00305	0.74198	0.00611	0.00305	0.00763
42	0.01527	0.01527	0.02137	0.01832	0.01832	0.02137	0.01527	0.01679	0.01069	0.01679	0.00916	0.01527	0.00916	0.01221	0.02290	0.00305	0.74198	0.00611	0.00305	0.00763
43	0.03131	0.01188	0.01619	0.01242	0.01781	0.01026	0.01026	0.03401	0.01997	0.71606	0.02753	0.02375	0.01727	0.00864	0.00702	0.00216	0.00594	0.00702	0.00864	0.01188
44	0.00975	0.00713	0.00915	0.00865	0.01035	0.00653	0.00648	0.01292	0.01945	0.02727	0.65788	0.05330	0.11596	0.01453	0.00823	0.00221	0.00331	0.01278	0.00759	0.00653
45	0.02920	0.01141	0.01552	0.01206	0.01709	0.00989	0.00989	0.03196	0.01995	0.64828	0.09451	0.02655	0.02206	0.00919	0.00714	0.00216	0.00568	0.00757	0.00854	0.01135
46	0.00850	0.00607	0.00810	0.00972	0.01012	0.00567	0.00648	0.00972	0.01336	0.01781	0.03846	0.75020	0.04615	0.02186	0.00891	0.00283	0.00405	0.01984	0.00648	0.00567
47	0.80405	0.01350	0.01026	0.00918	0.01350	0.01565	0.00756	0.02051	0.01188	0.03131	0.00972	0.01134	0.00756	0.00648	0.00432	0.00216	0.00540	0.00378	0.00432	0.00756
48	0.02653	0.01955	0.02094	0.01606	0.02164	0.02164	0.01326	0.68796	0.03281	0.04398	0.01675	0.01675	0.01187	0.00838	0.00698	0.00209	0.00768	0.00628	0.00698	0.01187
49	0.01301	0.00650	0.00650	0.00650	0.00813	0.00650	0.00488	0.01626	0.01463	0.02602	0.02276	0.02602	0.01789	0.00813	0.00488	0.00163	0.00325	0.00650	0.79350	0.00650
50	0.01447	0.01240	0.01447	0.01034	0.01654	0.00930	0.00827	0.01757	0.01447	0.02274	0.01240	0.01447	0.01034	0.00517	0.00517	0.00103	0.00517	0.00413	0.00413	0.79742
51	0.01727	0.01658	0.02832	0.04283	0.71123	0.01658	0.02142	0.02142	0.01589	0.02280	0.01313	0.01727	0.01105	0.00622	0.00691	0.00207	0.00829	0.00622	0.00345	0.01105
52	0.01009	0.00674	0.00763	0.00768	0.00769	0.00673	0.00430	0.01013	0.01025	0.01367	0.02252	0.06835	0.02604	0.73115	0.03466	0.00664	0.00668	0.01046	0.00430	0.00427
53	0.01318	0.01240	0.02093	0.73798	0.04806	0.01550	0.01938	0.01783	0.01395	0.01783	0.01240	0.01860	0.00930	0.00698	0.00698	0.00233	0.00930	0.00620	0.00310	0.00775
54	0.00988	0.00713	0.00933	0.00878	0.01043	0.00658	0.00658	0.01317	0.01975	0.02798	0.70754	0.05213	0.06584	0.01427	0.00823	0.00219	0.00329	0.01262	0.00768	0.00658
55	0.01176	0.00939	0.01337	0.01250	0.01460	0.00913	0.07730	0.08034	0.03860	0.02201	0.06146	0.47316	0.06468	0.01731	0.00842	0.00260	0.00532	0.03722	0.00621	0.03461
56	0.12913	0.23651	0.11420	0.01444	0.02039	0.08252	0.01362	0.23311	0.02055	0.05603	0.01311	0.01406	0.01001	0.00710	0.00579	0.00192	0.00800	0.00493	0.00471	0.00990
57	0.05142	0.01271	0.01473	0.01073	0.01674	0.01021	0.00864	0.04840	0.01566	0.08830	0.01388	0.01529	0.01092	0.00569	0.00538	0.00123	0.00536	0.00448	0.00468	0.65554
58	0.15550	0.02032	0.01952	0.02201	0.21089	0.21453	0.01386	0.13926	0.01926	0.02601	0.01800	0.01960	0.07637	0.00800	0.00643	0.00204	0.00843	0.00614	0.00455	0.00928
59	0.01523	0.15703	0.49111	0.02060	0.05544	0.01835	0.10482	0.02190	0.01490	0.02118	0.01226	0.01473	0.00916	0.00641	0.00647	0.00210	0.00993	0.00533	0.00305	0.01000
60	0.00850	0.00677	0.00765	0.00824	0.00988	0.00592	0.00596	0.01020	0.01520	0.01893	0.08359	0.29762	0.43586	0.01901	0.00852	0.00254	0.00380	0.03942	0.00652	0.00586
61	0.01318	0.01240	0.02093	0.73798	0.04806	0.01550	0.01938	0.01783	0.01395	0.01783	0.01240	0.01860	0.00930	0.00698	0.00698	0.00233	0.00930	0.00620	0.00310	0.00775
62	0.04101	0.00712	0.00858	0.00884	0.01024	0.00688	0.00635	0.01137	0.01458	0.01996	0.17328	0.22608	0.21334	0.09697	0.11938	0.00422	0.00630	0.01361	0.00599	0.00592
63	0.02518	0.01740	0.02138	0.01705	0.04291	0.01841	0.06890	0.46750	0.02775	0.14949	0.01938	0.05888	0.01452	0.00889	0.00720	0.00217	0.00755	0.00732	0.00682	0.01129
64	0.01071	0.00732	0.00960	0.00892	0.01071	0.00673	0.00673	0.01398	0.01976	0.05483	0.68102	0.05102	0.06395	0.01405	0.00818	0.00219	0.00340	0.01240	0.00772	0.00679
65	0.01212	0.00606	0.00909	0.00909	0.00909	0.00606	0.00606	0.00909	0.00909	0.01212	0.01212	0.02121	0.01212	0.02424	0.02727	0.79697	0.00606	0.00606	0.00303	0.00303
66	0.02179	0.31179	0.10955	0.01589	0.02120	0.37399	0.01436	0.02451	0.01703	0.01742	0.01058	0.01231	0.00896	0.00666	0.00564	0.00173	0.01035	0.00428	0.00328	0.00869
67	0.01576	0.01546	0.02135	0.01822	0.01847	0.02139	0.01518	0.04643	0.01166	0.01799	0.00950	0.01533	0.00928	0.01204	0.02220	0.00301	0.70956	0.00611	0.00323	0.00782
68	0.02088	0.01298	0.01521	0.01245	0.01647	0.01323	0.01006	0.26162	0.04885	0.18637	0.22105	0.03393	0.07129	0.01109	0.00752	0.00220	0.00567	0.03183	0.00751	0.00978
69	0.00939	0.00784	0.00821	0.00805	0.01005	0.02819	0.00594	0.01153	0.01686	0.02134	0.26178	0.08379	0.43541	0.04931	0.00942	0.00250	0.00390	0.01374	0.00666	0.00609
70	0.01466	0.05166	0.51965	0.02111	0.02977	0.01726	0.13482	0.02160	0.01462	0.02148	0.01239	0.01537	0.00917	0.00702	0.00839	0.00229	0.08009	0.00572	0.00306	0.00987
71	0.00850	0.00607	0.00810	0.00972	0.01012	0.00567	0.00648	0.00972	0.01336	0.01781	0.03846	0.75020	0.04615	0.02186	0.00891	0.00283	0.00405	0.01984	0.00648	0.00567
72	0.00875	0.00654	0.00804	0.00881	0.00989	0.00593	0.00611	0.01042	0.01497	0.01967	0.16357	0.42819	0.21196	0.05138	0.00978	0.00277	0.00391	0.01688	0.00659	0.00582
73	0.01415	0.01353	0.02309	0.52686	0.10437	0.01575	0.08873	0.01994	0.06448	0.01967	0.01450	0.02073	0.01134	0.00732	0.00719	0.00233	0.00911	0.02492	0.00356	0.00843
74	0.02200	0.21081	0.02377	0.04297	0.02097	0.09783	0.01272	0.28186	0.16566	0.02984	0.01657	0.01689	0.01269	0.00780	0.00629	0.00197	0.00776	0.00577	0.00546	0.01038
75	0.40741	0.05083	0.03450	0.12908	0.01899	0.03399	0.00990	0.01908	0.01322	0.02608	0.01395	0.04830	0.01161	0.00755	0.00520	0.00208	0.00604	0.00545	0.14926	0.00748
76	0.01318	0.01240	0.02093	0.73798	0.04806	0.01550	0.01938	0.01783	0.01395	0.01783	0.01240	0.01860	0.00930	0.00698	0.00698	0.00233	0.00930	0.00620	0.00310	0.00775
77	0.00997	0.00748	0.01121	0.01121	0.01246	0.00872	0.00872	0.01246	0.01121	0.01620	0.01869	0.02741	0.01745	0.05234	0.72710	0.01121	0.01869	0.00748	0.00374	0.00623
78	0.00965	0.00712	0.00901	0.00854	0.01028	0.00649	0.00640	0.01272	0.01921	0.02669	0.61708	0.05426	0.15712	0.01475	0.00823	0.00222	0.00333	0.01292	0.00751	0.00649
79	0.02653	0.01955	0.02094	0.01606	0.02164	0.02164	0.01326	0.68796	0.03281	0.04398	0.01675	0.01675	0.01187	0.00838	0.00698	0.00209	0.00768	0.00628	0.00698	0.01187
80	0.01084	0.00790	0.01068	0.01207	0.01377	0.00774	0.01044	0.01385	0.01604	0.02061	0.04154	0.07714	0.13103	0.01906	0.00945	0.00310	0.00603	0.57593	0.00643	0.00635
81	0.05952	0.01208	0.01571	0.01228	0.01735	0.01099	0.01007	0.06139	0.04395	0.59048	0.07059	0.02488	0.01995	0.00894	0.00699	0.00217	0.00581	0.00725	0.00828	0.01133
82	0.01794	0.64714	0.14207	0.01317	0.01981	0.02585	0.01408	0.02108	0.01426	0.01730	0.01014	0.01174	0.00894	0.00607	0.00481	0.00160	0.00790	0.00395	0.00298	0.00917
83	0.00837	0.00707	0.00724	0.00720	0.00950	0.00594	0.00540	0.01025	0.01620	0.01954	0.11885	0.06602	0.65981	0.01742	0.00825	0.00234	0.00352	0.01457	0.00657	0.00594
84	0.00908	0.00706	0.00826	0.00805	0.00996	0.00623	0.00600	0.01159	0.01773	0.02342	0.39078	0.09002	0.35447	0.01614	0.00827	0.00230	0.00344	0.01389	0.00709	0.00623
85	0.01866	0.75896	0.03657	0.01194	0.01791	0.02761	0.01194	0.02090	0.01418	0.01642	0.00970	0.01119	0.00896	0.00597	0.00448	0.00149	0.00746	0.00373	0.00299	0.00896
86	0.00838	0.00673	0.00749	0.00804	0.00970	0.00583	0.00575	0.01000	0.01513	0.01876	0.07791	0.30394	0.45983	0.01903	0.00848	0.00252	0.00371	0.01644	0.00651	0.00583
87	0.02557	0.01893	0.02032	0.01578	0.02113	0.02095	0.01295	0.63938	0.05970	0.04253	0.01793	0.04058	0.01335	0.00885	0.00705	0.00213	0.00747	0.00678	0.00697	0.01164
88	0.02390	0.01810	0.02008	0.01620	0.05145	0.01915	0.01271	0.53492	0.02868	0.03913	0.01579	0.01636	0.01155	0.00769	0.00664	0.00190	0.00724	0.00588	0.00630	0.15633
89	0.00860	0.00620	0.00815	0.00953	0.01012	0.00575	0.00644	0.01001	0.01399	0.01869	0.09423	0.66376	0.07657	0.02106	0.00882	0.00276	0.00396	0.01903	0.00658	0.00575
90	0.01188	0.00813	0.01027	0.00963	0.01164	0.00774	0.00731	0.04407	0.04313	0.06532	0.49745	0.12195	0.08505	0.01462	0.00818	0.00230	0.00389	0.03283	0.00747	0.00713
91	0.02475	0.01842	0.01981	0.01530	0.02065	0.02011	0.01251	0.59139	0.05977	0.04085	0.01717	0.01806	0.01267	0.03538	0.00791	0.00221	0.00739	0.00635	0.00670	0.06262

[dist]
# distance from previous block
# <min> <max>
1	3

[block]
# block no. 3 follows, 30 sequences, length 17
# corresponding to MSA columns:
# 219-235
name=unknown_D
#
# <colnr> <probs for GDERKNQSTAVLIFYWHMCP>
#	G	D	E	R	K	N	Q	S	T	A	V	L	I	F	Y	W	H	M	C	P
0	0.00957	0.00702	0.00896	0.00869	0.01029	0.00642	0.00644	0.01249	0.01872	0.02601	0.57375	0.12159	0.13332	0.01537	0.00830	0.00227	0.00339	0.01355	0.00743	0.00642
1	0.01445	0.01440	0.02650	0.48720	0.13047	0.01613	0.17168	0.01932	0.01478	0.01950	0.01289	0.01848	0.00982	0.00663	0.00726	0.00230	0.00973	0.00667	0.00324	0.00855
2	0.01552	0.00881	0.01108	0.00981	0.01227	0.00832	0.00735	0.01936	0.07213	0.18787	0.35088	0.04280	0.06809	0.13992	0.01254	0.00299	0.00470	0.01057	0.00722	0.00776
3	0.00843	0.00702	0.00736	0.00739	0.00957	0.00595	0.00550	0.01032	0.01616	0.01973	0.13425	0.10424	0.60498	0.01756	0.00828	0.00237	0.00354	0.01480	0.00660	0.00595
4	0.01866	0.75896	0.03657	0.01194	0.01791	0.02761	0.01194	0.02090	0.01418	0.01642	0.00970	0.01119	0.00896	0.00597	0.00448	0.00149	0.00746	0.00373	0.00299	0.00896
5	0.00994	0.00668	0.00767	0.00787	0.00792	0.00663	0.00451	0.01009	0.01055	0.01406	0.02403	0.13315	0.02795	0.66375	0.03221	0.00628	0.00643	0.01135	0.00451	0.00441
6	0.01338	0.01268	0.02097	0.66804	0.04517	0.01607	0.01898	0.01773	0.01364	0.01773	0.01209	0.01828	0.00929	0.00749	0.00852	0.00240	0.08051	0.00619	0.00310	0.00774
7	0.01671	0.15663	0.01819	0.05296	0.01701	0.08331	0.01030	0.02046	0.06517	0.10606	0.16712	0.02931	0.06453	0.03859	0.08367	0.00318	0.04541	0.00789	0.00537	0.00813
8	0.01015	0.00677	0.00761	0.00761	0.00761	0.00677	0.00423	0.01015	0.01015	0.01353	0.02199	0.04567	0.02537	0.75476	0.03552	0.00677	0.00677	0.01015	0.00423	0.00423
9	0.01831	0.00900	0.01192	0.01031	0.01344	0.00801	0.00812	0.02115	0.01913	0.30152	0.33521	0.07851	0.08761	0.01281	0.00783	0.00226	0.00451	0.03388	0.00788	0.00860
10	0.02534	0.01868	0.02024	0.01571	0.02098	0.02071	0.01294	0.63952	0.03126	0.04199	0.01689	0.01752	0.01227	0.01153	0.05862	0.00275	0.00847	0.00637	0.00675	0.01146
11	0.01064	0.00806	0.01004	0.01124	0.03760	0.00794	0.00752	0.05895	0.05377	0.02037	0.03838	0.51387	0.11806	0.05669	0.00988	0.00287	0.00462	0.01661	0.00632	0.00656
12	0.01170	0.00655	0.00990	0.00968	0.00995	0.00647	0.02823	0.00969	0.00988	0.01319	0.01588	0.09929	0.01690	0.09439	0.02554	0.61155	0.00611	0.00796	0.00352	0.00363
13	0.01301	0.00650	0.00650	0.00650	0.00813	0.00650	0.00488	0.01626	0.01463	0.02602	0.02276	0.02602	0.01789	0.00813	0.00488	0.00163	0.00325	0.00650	0.79350	0.00650
14	0.64474	0.11317	0.01446	0.01010	0.01466	0.04340	0.00855	0.04391	0.01319	0.02926	0.01000	0.01155	0.00794	0.00650	0.00450	0.00206	0.00601	0.00389	0.00421	0.00791
15	0.00938	0.00701	0.00871	0.00851	0.01018	0.00634	0.00630	0.01211	0.01823	0.02491	0.49777	0.13028	0.20296	0.01582	0.00831	0.00230	0.00343	0.01385	0.00729	0.00634
16	0.02213	0.29743	0.02665	0.01695	0.05733	0.31686	0.01345	0.08318	0.01802	0.01953	0.01093	0.01289	0.00936	0.00715	0.00691	0.00182	0.06233	0.00458	0.00363	0.00887

[dist]
# distance from previous block
# <min> <max>
0	1

[block]
# block no. 4 follows, 30 sequences, length 9
# corresponding to MSA columns:
# 237-245
name=unknown_E
#
# <colnr> <probs for GDERKNQSTAVLIFYWHMCP>
#	G	D	E	R	K	N	Q	S	T	A	V	L	I	F	Y	W	H	M	C	P
0	0.01886	0.51694	0.16286	0.01432	0.02076	0.12717	0.01478	0.02214	0.01510	0.01759	0.01039	0.01206	0.00894	0.00627	0.00515	0.00167	0.00875	0.00411	0.00307	0.00909
1	0.01374	0.04559	0.01241	0.01060	0.01267	0.01083	0.00779	0.10275	0.09403	0.04633	0.09293	0.19834	0.05884	0.20310	0.05514	0.00398	0.00633	0.01146	0.00591	0.00722
2	0.01900	0.06748	0.01377	0.01055	0.01384	0.00989	0.00825	0.02175	0.04519	0.29824	0.07522	0.17265	0.11820	0.08147	0.01006	0.00270	0.00527	0.01093	0.00696	0.00859
3	0.01301	0.00650	0.00650	0.00650	0.00813	0.00650	0.00488	0.01626	0.01463	0.02602	0.02276	0.02602	0.01789	0.00813	0.00488	0.00163	0.00325	0.00650	0.79350	0.00650
4	0.05466	0.01490	0.01538	0.01282	0.01668	0.05388	0.01009	0.30419	0.06016	0.06180	0.06321	0.07506	0.08875	0.06989	0.03585	0.00284	0.00699	0.00856	0.00627	0.03801
5	0.06657	0.14121	0.02299	0.05950	0.17282	0.23529	0.01442	0.02394	0.08672	0.02044	0.01550	0.01755	0.04121	0.00767	0.00707	0.00201	0.04645	0.00568	0.00394	0.00902
6	0.06122	0.31816	0.24987	0.01531	0.02220	0.05539	0.03573	0.05101	0.01553	0.05630	0.01249	0.01438	0.00990	0.00898	0.04413	0.00238	0.00917	0.00484	0.00360	0.00942
7	0.01664	0.01276	0.01763	0.01464	0.01823	0.01290	0.10657	0.19218	0.05929	0.06449	0.02501	0.26840	0.02480	0.04150	0.03780	0.00287	0.00706	0.01135	0.00600	0.05989
8	0.02376	0.05204	0.05730	0.01825	0.07650	0.34428	0.01382	0.11432	0.07629	0.10478	0.01740	0.01797	0.03681	0.00793	0.00661	0.00198	0.00959	0.00582	0.00496	0.00959

[dist]
# distance from previous block
# <min> <max>
0	8

[block]
# block no. 5 follows, 30 sequences, length 16
# corresponding to MSA columns:
# 254-269
name=unknown_F
#
# <colnr> <probs for GDERKNQSTAVLIFYWHMCP>
#	G	D	E	R	K	N	Q	S	T	A	V	L	I	F	Y	W	H	M	C	P
0	0.02051	0.01855	0.06728	0.11238	0.13060	0.05279	0.01531	0.34695	0.02398	0.03175	0.02009	0.04194	0.06897	0.00884	0.00707	0.00216	0.00796	0.00718	0.00545	0.01026
1	0.00997	0.00717	0.00915	0.01023	0.01106	0.00697	0.00703	0.06514	0.01495	0.01995	0.03669	0.69027	0.04335	0.02076	0.00875	0.00277	0.00435	0.01873	0.00652	0.00617
2	0.04529	0.01582	0.02434	0.20026	0.36225	0.03800	0.05128	0.05617	0.07190	0.02305	0.01422	0.01811	0.01134	0.00731	0.00748	0.02481	0.00841	0.00631	0.00388	0.00979
3	0.01620	0.02088	0.12567	0.02888	0.06899	0.01741	0.57013	0.02227	0.01622	0.02234	0.01387	0.01823	0.01039	0.00599	0.00797	0.00232	0.01141	0.00775	0.00345	0.00961
4	0.01301	0.00650	0.00650	0.00650	0.00813	0.00650	0.00488	0.01626	0.01463	0.02602	0.02276	0.02602	0.01789	0.00813	0.00488	0.00163	0.00325	0.00650	0.79350	0.00650
5	0.76147	0.01315	0.01021	0.00916	0.01333	0.01517	0.00751	0.02012	0.01230	0.03113	0.04713	0.01352	0.01068	0.00690	0.00453	0.00216	0.00529	0.00425	0.00450	0.00751
6	0.02404	0.01786	0.01987	0.05118	0.02193	0.01991	0.01306	0.58037	0.02950	0.03962	0.01675	0.01802	0.01236	0.01316	0.08640	0.00311	0.00897	0.00641	0.00643	0.01104
7	0.01089	0.00700	0.00946	0.02933	0.01204	0.00661	0.00743	0.01266	0.01473	0.07609	0.10972	0.52417	0.04393	0.04050	0.00945	0.00284	0.00452	0.06565	0.00663	0.00635
8	0.00850	0.00607	0.00810	0.00972	0.01012	0.00567	0.00648	0.00972	0.01336	0.01781	0.03846	0.75020	0.04615	0.02186	0.00891	0.00283	0.00405	0.01984	0.00648	0.00567
9	0.02664	0.01835	0.02007	0.01550	0.02098	0.01999	0.01277	0.57161	0.06658	0.12723	0.01872	0.01812	0.01304	0.00847	0.00699	0.00212	0.00735	0.00646	0.00719	0.01182
10	0.75515	0.01310	0.01020	0.00915	0.01331	0.01510	0.00750	0.02006	0.01236	0.03110	0.05268	0.01385	0.01115	0.00696	0.00456	0.00216	0.00527	0.00432	0.00453	0.00750
11	0.01078	0.00898	0.01004	0.01029	0.01143	0.06571	0.00737	0.01267	0.01431	0.01891	0.16450	0.26085	0.05478	0.11083	0.20037	0.00526	0.00874	0.01264	0.00551	0.00604
12	0.01823	0.21755	0.02375	0.09591	0.05831	0.16916	0.01358	0.05540	0.04025	0.01895	0.01268	0.01630	0.01096	0.01407	0.11194	0.00334	0.10217	0.00542	0.00362	0.00842
13	0.75193	0.01390	0.01097	0.00964	0.01404	0.01606	0.00794	0.06525	0.01328	0.03216	0.01019	0.01170	0.00785	0.00661	0.00450	0.00215	0.00555	0.00395	0.00450	0.00785
14	0.02505	0.08543	0.02183	0.01866	0.06376	0.48972	0.01381	0.15746	0.02168	0.02270	0.01203	0.01359	0.00968	0.00727	0.00633	0.00185	0.01096	0.00490	0.00421	0.00909
15	0.01042	0.00850	0.00931	0.00902	0.01082	0.04375	0.00677	0.01301	0.01786	0.02364	0.41918	0.05514	0.21801	0.06809	0.01018	0.00261	0.00429	0.05623	0.00684	0.00631

[dist]
# distance from previous block
# <min> <max>
0	2

[block]
# block no. 6 follows, 30 sequences, length 19
# corresponding to MSA columns:
# 272-290
name=unknown_G
#
# <colnr> <probs for GDERKNQSTAVLIFYWHMCP>
#	G	D	E	R	K	N	Q	S	T	A	V	L	I	F	Y	W	H	M	C	P
0	0.15740	0.10117	0.09622	0.08748	0.28286	0.04787	0.01669	0.05667	0.01577	0.02382	0.01460	0.01731	0.03996	0.00700	0.00619	0.00206	0.00793	0.00569	0.00380	0.00952
1	0.01301	0.00650	0.00650	0.00650	0.00813	0.00650	0.00488	0.01626	0.01463	0.02602	0.02276	0.02602	0.01789	0.00813	0.00488	0.00163	0.00325	0.00650	0.79350	0.00650
2	0.00896	0.00668	0.00830	0.00938	0.01028	0.00629	0.00641	0.01110	0.04357	0.01872	0.06919	0.55747	0.14990	0.04687	0.00966	0.00285	0.00410	0.01787	0.00647	0.00592
3	0.01290	0.00998	0.01295	0.01203	0.01372	0.01161	0.00927	0.08994	0.07362	0.02009	0.01907	0.02787	0.01769	0.14472	0.42655	0.00813	0.07069	0.00767	0.00441	0.00709
4	0.10922	0.01254	0.01590	0.01233	0.01763	0.01155	0.01018	0.07529	0.01999	0.60291	0.02502	0.02204	0.01594	0.00840	0.00674	0.00216	0.00600	0.00664	0.00809	0.01144
5	0.01034	0.00756	0.00951	0.00926	0.01089	0.00714	0.00683	0.04852	0.01872	0.02585	0.47081	0.21062	0.10568	0.01593	0.00832	0.00235	0.00372	0.01408	0.00728	0.00661
6	0.05208	0.39388	0.17240	0.01677	0.06174	0.10046	0.05149	0.02179	0.01519	0.01932	0.03046	0.01400	0.01068	0.00651	0.00556	0.00180	0.00869	0.00475	0.00329	0.00916
7	0.01482	0.19116	0.53945	0.01767	0.02666	0.01824	0.02193	0.02144	0.01484	0.02113	0.04290	0.01563	0.01141	0.00683	0.00624	0.00205	0.00938	0.00518	0.00317	0.00985
8	0.01866	0.75896	0.03657	0.01194	0.01791	0.02761	0.01194	0.02090	0.01418	0.01642	0.00970	0.01119	0.00896	0.00597	0.00448	0.00149	0.00746	0.00373	0.00299	0.00896
9	0.01301	0.00650	0.00650	0.00650	0.00813	0.00650	0.00488	0.01626	0.01463	0.02602	0.02276	0.02602	0.01789	0.00813	0.00488	0.00163	0.00325	0.00650	0.79350	0.00650
10	0.01339	0.01262	0.02131	0.70224	0.08216	0.01556	0.01948	0.01801	0.01405	0.01808	0.01244	0.01854	0.00939	0.00694	0.00697	0.00231	0.00925	0.00620	0.00312	0.00792
11	0.01796	0.01529	0.01612	0.01432	0.01837	0.01764	0.01119	0.07953	0.65520	0.03016	0.02764	0.02543	0.02069	0.00940	0.00709	0.00235	0.00566	0.00778	0.00709	0.01110
12	0.01736	0.01499	0.01578	0.01420	0.01815	0.01736	0.01105	0.03708	0.69862	0.02919	0.02840	0.02604	0.02130	0.00947	0.00710	0.00237	0.00552	0.00789	0.00710	0.01105
13	0.00988	0.00713	0.00933	0.00878	0.01043	0.00658	0.00658	0.01317	0.01975	0.02798	0.70754	0.05213	0.06584	0.01427	0.00823	0.00219	0.00329	0.01262	0.00768	0.00658
14	0.01212	0.00606	0.00909	0.00909	0.00909	0.00606	0.00606	0.00909	0.00909	0.01212	0.01212	0.02121	0.01212	0.02424	0.02727	0.79697	0.00606	0.00606	0.00303	0.00303
15	0.01736	0.01499	0.01578	0.01420	0.01815	0.01736	0.01105	0.03708	0.69862	0.02919	0.02840	0.02604	0.02130	0.00947	0.00710	0.00237	0.00552	0.00789	0.00710	0.01105
16	0.00998	0.00744	0.01101	0.01101	0.01219	0.00861	0.00847	0.01233	0.01116	0.01605	0.01888	0.02844	0.01789	0.09172	0.68833	0.01097	0.01802	0.00763	0.00377	0.00612
17	0.04357	0.01801	0.03443	0.08679	0.13573	0.04101	0.43899	0.02157	0.01572	0.02179	0.01321	0.01785	0.01029	0.00654	0.00879	0.00233	0.06326	0.00734	0.00348	0.00929
18	0.02163	0.02591	0.09557	0.04989	0.12196	0.33316	0.03528	0.11754	0.05676	0.02348	0.04321	0.01691	0.01284	0.00754	0.00672	0.00201	0.01011	0.00577	0.00432	0.00940

[dist]
# distance from previous block
# <min> <max>
1	4

[block]
# block no. 7 follows, 30 sequences, length 15
# corresponding to MSA columns:
# 295-309
name=unknown_H
#
# <colnr> <probs for GDERKNQSTAVLIFYWHMCP>
#	G	D	E	R	K	N	Q	S	T	A	V	L	I	F	Y	W	H	M	C	P
0	0.01858	0.69714	0.03479	0.01215	0.01782	0.05483	0.01186	0.02081	0.01427	0.01643	0.01014	0.01196	0.00933	0.00804	0.03600	0.00193	0.00816	0.00392	0.00304	0.00880
1	0.76386	0.01464	0.04629	0.00972	0.01435	0.01568	0.00848	0.02059	0.01202	0.03084	0.00986	0.01151	0.00762	0.00649	0.00444	0.00216	0.00565	0.00385	0.00425	0.00770
2	0.01770	0.01073	0.04141	0.08744	0.03917	0.00952	0.01073	0.02115	0.01858	0.24977	0.30609	0.03925	0.03798	0.01158	0.00773	0.00228	0.00548	0.06762	0.00709	0.00870
3	0.00861	0.00612	0.00806	0.00957	0.00995	0.00574	0.00632	0.00975	0.01314	0.01752	0.03733	0.70187	0.04473	0.07215	0.01073	0.00310	0.00423	0.01917	0.00632	0.00557
4	0.01866	0.75896	0.03657	0.01194	0.01791	0.02761	0.01194	0.02090	0.01418	0.01642	0.00970	0.01119	0.00896	0.00597	0.00448	0.00149	0.00746	0.00373	0.00299	0.00896
5	0.02516	0.01782	0.01948	0.01516	0.02039	0.01930	0.01240	0.57187	0.02992	0.08750	0.01888	0.06902	0.01461	0.00924	0.00706	0.00211	0.00722	0.00722	0.00696	0.03869
6	0.01013	0.00678	0.00770	0.00767	0.00775	0.00676	0.00435	0.01030	0.01064	0.01427	0.05686	0.04599	0.02743	0.71709	0.03413	0.00653	0.00659	0.01027	0.00440	0.00435
7	0.01647	0.01882	0.04118	0.02941	0.03647	0.01765	0.68588	0.02235	0.01647	0.02235	0.01412	0.01882	0.01059	0.00588	0.00824	0.00235	0.01176	0.00824	0.00353	0.00941
8	0.01639	0.01234	0.01467	0.01057	0.01668	0.00941	0.00850	0.01945	0.01510	0.10189	0.01413	0.01553	0.01113	0.00556	0.00538	0.00116	0.00526	0.00446	0.00465	0.70774
9	0.01922	0.70395	0.03529	0.01240	0.01819	0.08061	0.01206	0.02142	0.01460	0.01647	0.00978	0.01130	0.00896	0.00606	0.00462	0.00152	0.00785	0.00379	0.00303	0.00889
10	0.01572	0.15256	0.55407	0.01830	0.02754	0.01848	0.02257	0.07292	0.01603	0.02285	0.01239	0.01431	0.00909	0.00666	0.00631	0.00208	0.00965	0.00501	0.00326	0.01021
11	0.01648	0.01958	0.08985	0.03205	0.20544	0.01727	0.46844	0.02210	0.01619	0.02245	0.01375	0.01812	0.01057	0.00602	0.00778	0.00227	0.01078	0.00749	0.00347	0.00989
12	0.00850	0.00607	0.00810	0.00972	0.01012	0.00567	0.00648	0.00972	0.01336	0.01781	0.03846	0.75020	0.04615	0.02186	0.00891	0.00283	0.00405	0.01984	0.00648	0.00567
13	0.01696	0.01627	0.02777	0.09507	0.66139	0.01650	0.02126	0.02115	0.01574	0.02242	0.01307	0.01737	0.01092	0.00627	0.00691	0.00209	0.00837	0.00622	0.00343	0.01081
14	0.01705	0.01670	0.02767	0.06697	0.58733	0.03728	0.05493	0.02112	0.01590	0.02237	0.03325	0.01822	0.01244	0.00669	0.00751	0.00212	0.03191	0.00645	0.00356	0.01051

[dist]
# distance from previous block
# <min> <max>
0	1

[block]
# block no. 8 follows, 30 sequences, length 51
# corresponding to MSA columns:
# 311-361
name=unknown_I
#
# <colnr> <probs for GDERKNQSTAVLIFYWHMCP>
#	G	D	E	R	K	N	Q	S	T	A	V	L	I	F	Y	W	H	M	C	P
0	0.01708	0.01638	0.02797	0.07583	0.67975	0.01653	0.02132	0.02125	0.01580	0.02256	0.01309	0.01733	0.01097	0.00625	0.00691	0.00208	0.00834	0.00622	0.00344	0.01090
1	0.01834	0.01861	0.02729	0.03981	0.62739	0.10291	0.02045	0.02220	0.01636	0.02210	0.01284	0.01670	0.01080	0.00634	0.00683	0.00204	0.00881	0.00601	0.00347	0.01069
2	0.00843	0.00695	0.00741	0.00755	0.00960	0.00593	0.00557	0.01028	0.01596	0.01959	0.12738	0.14844	0.56707	0.01786	0.00833	0.00240	0.00357	0.01515	0.00659	0.00593
3	0.02539	0.01863	0.02010	0.01553	0.02102	0.02039	0.01277	0.58679	0.08288	0.06155	0.01776	0.01757	0.01268	0.00832	0.00691	0.00207	0.00734	0.00633	0.00690	0.04909
4	0.01067	0.00831	0.01088	0.01072	0.01166	0.02914	0.00791	0.01245	0.01116	0.01554	0.01899	0.03135	0.01899	0.23410	0.49945	0.00948	0.04152	0.00804	0.00384	0.00581
5	0.00945	0.00712	0.00874	0.00833	0.01016	0.00640	0.00625	0.01235	0.01875	0.02560	0.54150	0.05605	0.23337	0.01515	0.00823	0.00224	0.00336	0.01317	0.00737	0.00640
6	0.01318	0.01240	0.02093	0.73798	0.04806	0.01550	0.01938	0.01783	0.01395	0.01783	0.01240	0.01860	0.00930	0.00698	0.00698	0.00233	0.00930	0.00620	0.00310	0.00775
7	0.01385	0.01313	0.02195	0.60426	0.13591	0.01597	0.01943	0.01826	0.01403	0.01844	0.01232	0.01824	0.00953	0.00716	0.00785	0.00233	0.04980	0.00620	0.00315	0.00819
8	0.01328	0.01254	0.02095	0.70305	0.04662	0.01579	0.01918	0.01778	0.01379	0.01778	0.01225	0.01844	0.00930	0.00723	0.00775	0.00236	0.04487	0.00620	0.00310	0.00775
9	0.01450	0.01390	0.02401	0.50689	0.23515	0.01591	0.05231	0.01906	0.01462	0.01945	0.01269	0.01824	0.00986	0.00671	0.00702	0.00226	0.00914	0.00630	0.00322	0.00877
10	0.01892	0.73298	0.03597	0.01216	0.01804	0.05263	0.01200	0.02114	0.01438	0.01644	0.00974	0.01124	0.00896	0.00601	0.00454	0.00150	0.00765	0.00376	0.00301	0.00892
11	0.00983	0.00710	0.00929	0.00881	0.01042	0.00655	0.00658	0.01305	0.01954	0.02764	0.68503	0.07561	0.06518	0.01452	0.00825	0.00222	0.00332	0.01286	0.00764	0.00655
12	0.01019	0.00769	0.01120	0.01108	0.01214	0.00898	0.00847	0.01237	0.01108	0.01592	0.01870	0.02900	0.01802	0.12954	0.62278	0.01041	0.04489	0.00772	0.00377	0.00606
13	0.01840	0.01911	0.02596	0.11586	0.51334	0.14410	0.01976	0.02218	0.01637	0.02122	0.01262	0.01658	0.01049	0.00648	0.00681	0.00205	0.00917	0.00591	0.00344	0.01015
14	0.02278	0.01480	0.01611	0.01363	0.01804	0.05396	0.01081	0.06963	0.35831	0.26572	0.05946	0.02527	0.02088	0.00923	0.00708	0.00224	0.00607	0.00754	0.00746	0.01100
15	0.00850	0.00607	0.00810	0.00972	0.01012	0.00567	0.00648	0.00972	0.01336	0.01781	0.03846	0.75020	0.04615	0.02186	0.00891	0.00283	0.00405	0.01984	0.00648	0.00567
16	0.80405	0.01350	0.01026	0.00918	0.01350	0.01565	0.00756	0.02051	0.01188	0.03131	0.00972	0.01134	0.00756	0.00648	0.00432	0.00216	0.00540	0.00378	0.00432	0.00756
17	0.05720	0.01257	0.01479	0.03241	0.01727	0.01103	0.00917	0.01833	0.04719	0.02272	0.01377	0.04305	0.01196	0.00669	0.00680	0.00142	0.06298	0.00511	0.00426	0.60127
18	0.69249	0.08937	0.01338	0.00983	0.01414	0.01710	0.00831	0.02040	0.01206	0.02921	0.00969	0.01148	0.00776	0.00666	0.00508	0.00213	0.03521	0.00387	0.00413	0.00770
19	0.02531	0.01894	0.02026	0.01581	0.02118	0.02107	0.01297	0.60171	0.12103	0.04202	0.01830	0.01798	0.01312	0.00852	0.00700	0.00213	0.00739	0.00650	0.00700	0.01176
20	0.01706	0.06165	0.45831	0.05021	0.10192	0.01596	0.05050	0.02348	0.01561	0.11895	0.01463	0.01644	0.01036	0.00682	0.00670	0.00217	0.00938	0.00564	0.00383	0.01041
21	0.02979	0.01254	0.01643	0.01267	0.01792	0.01140	0.01044	0.10833	0.02144	0.60755	0.05708	0.02423	0.01885	0.00886	0.00707	0.00215	0.00602	0.00719	0.00840	0.01164
22	0.12920	0.10055	0.48376	0.01841	0.05330	0.01753	0.02105	0.02143	0.01409	0.02262	0.01168	0.01403	0.00877	0.00684	0.00700	0.00217	0.04982	0.00491	0.00318	0.00966
23	0.02591	0.01908	0.02050	0.01584	0.02125	0.02109	0.01303	0.66470	0.03214	0.04308	0.01750	0.04190	0.01304	0.00884	0.00705	0.00212	0.00755	0.00675	0.00696	0.01165
24	0.02988	0.01204	0.01609	0.01242	0.01763	0.01069	0.01022	0.06914	0.02067	0.64150	0.06379	0.02490	0.01961	0.00893	0.00708	0.00216	0.00589	0.00728	0.00849	0.01159
25	0.02124	0.01533	0.01737	0.01548	0.05159	0.01669	0.01173	0.15823	0.40574	0.14262	0.02476	0.02308	0.01798	0.00882	0.00699	0.00222	0.00612	0.00723	0.00705	0.03975
26	0.00918	0.00700	0.00846	0.00851	0.01022	0.00628	0.00634	0.01164	0.01733	0.02305	0.36113	0.16021	0.28232	0.01677	0.00840	0.00239	0.00363	0.04390	0.00704	0.00621
27	0.00865	0.00618	0.00827	0.00989	0.01036	0.00580	0.00674	0.00997	0.01351	0.01798	0.03838	0.71381	0.04583	0.02172	0.00895	0.00285	0.00418	0.05476	0.00647	0.00571
28	0.03089	0.01255	0.01661	0.01273	0.01815	0.01125	0.01052	0.09132	0.02110	0.65715	0.02659	0.02314	0.01680	0.00861	0.00701	0.00215	0.00609	0.00695	0.00849	0.01188
29	0.01015	0.00677	0.00761	0.00761	0.00761	0.00677	0.00423	0.01015	0.01015	0.01353	0.02199	0.04567	0.02537	0.75476	0.03552	0.00677	0.00677	0.01015	0.00423	0.00423
30	0.80405	0.01350	0.01026	0.00918	0.01350	0.01565	0.00756	0.02051	0.01188	0.03131	0.00972	0.01134	0.00756	0.00648	0.00432	0.00216	0.00540	0.00378	0.00432	0.00756
31	0.02505	0.01881	0.02011	0.01576	0.02108	0.02095	0.01291	0.58343	0.13973	0.04160	0.01862	0.01824	0.01338	0.00855	0.00700	0.00214	0.00733	0.00654	0.00700	0.01174
32	0.00850	0.00607	0.00810	0.00972	0.01012	0.00567	0.00648	0.00972	0.01336	0.01781	0.03846	0.75020	0.04615	0.02186	0.00891	0.00283	0.00405	0.01984	0.00648	0.00567
33	0.01015	0.00677	0.00761	0.00761	0.00761	0.00677	0.00423	0.01015	0.01015	0.01353	0.02199	0.04567	0.02537	0.75476	0.03552	0.00677	0.00677	0.01015	0.00423	0.00423
34	0.01964	0.01612	0.01706	0.01466	0.01901	0.01842	0.01160	0.19892	0.53307	0.03287	0.02551	0.02373	0.01896	0.00920	0.00707	0.00230	0.00606	0.00749	0.00707	0.01125
35	0.02934	0.01279	0.01651	0.01286	0.01805	0.01185	0.01055	0.11990	0.04596	0.57659	0.02653	0.04952	0.01776	0.00912	0.00708	0.00218	0.00608	0.00742	0.00828	0.01162
36	0.01647	0.01319	0.01521	0.01120	0.01716	0.01099	0.00899	0.07974	0.06206	0.05474	0.01451	0.01584	0.01150	0.00589	0.00554	0.00127	0.00545	0.00470	0.00478	0.64078
37	0.00997	0.00748	0.01121	0.01121	0.01246	0.00872	0.00872	0.01246	0.01121	0.01620	0.01869	0.02741	0.01745	0.05234	0.72710	0.01121	0.01869	0.00748	0.00374	0.00623
38	0.01672	0.01602	0.02733	0.13624	0.62212	0.01644	0.02114	0.02093	0.01563	0.02213	0.01303	0.01745	0.01082	0.00632	0.00692	0.00211	0.00843	0.00622	0.00341	0.01061
39	0.77508	0.01346	0.01065	0.03587	0.01476	0.01565	0.00799	0.02041	0.01195	0.03082	0.00982	0.01160	0.00762	0.00650	0.00442	0.00217	0.00554	0.00387	0.00427	0.00756
