[name]
unknown

[dist]
# distance from previous block
# <min> <max>
19	62

[block]
# block no. 0 follows, 30 sequences, length 17
# corresponding to MSA columns:
# 88-104
name=unknown_A
#
# <colnr> <probs for GDERKNQSTAVLIFYWHMCP>
#	G	D	E	R	K	N	Q	S	T	A	V	L	I	F	Y	W	H	M	C	P
0	0.01234	0.01023	0.01301	0.01436	0.11725	0.00954	0.00923	0.06504	0.03727	0.02355	0.15297	0.13081	0.25100	0.01337	0.00761	0.00216	0.00485	0.01155	0.00599	0.10787
1	0.02078	0.01673	0.06184	0.01402	0.01945	0.01568	0.01199	0.29671	0.05139	0.09318	0.01742	0.05477	0.01375	0.00829	0.00734	0.00190	0.04354	0.00641	0.00583	0.23896
2	0.01649	0.06046	0.01927	0.04871	0.11280	0.03033	0.06246	0.08237	0.10994	0.07680	0.09117	0.05275	0.15400	0.01072	0.00800	0.00224	0.03772	0.00909	0.00567	0.00901
3	0.00965	0.00758	0.00853	0.00835	0.01041	0.00684	0.00622	0.04486	0.01746	0.02247	0.23812	0.15472	0.40595	0.01685	0.00827	0.00236	0.00375	0.01443	0.00683	0.00635
4	0.02348	0.01689	0.04783	0.01589	0.05181	0.01713	0.01269	0.33255	0.15615	0.16332	0.07112	0.02237	0.01847	0.00889	0.00708	0.00217	0.00676	0.00714	0.00703	0.01122
5	0.01665	0.27074	0.39370	0.01768	0.02597	0.02046	0.06764	0.07191	0.01604	0.02190	0.01203	0.01402	0.00923	0.00649	0.00607	0.00198	0.00928	0.00499	0.00331	0.00992
6	0.00849	0.00613	0.00804	0.00957	0.01008	0.00568	0.00641	0.00973	0.01350	0.01787	0.04026	0.71213	0.08306	0.02163	0.00887	0.00281	0.00402	0.01955	0.00648	0.00568
7	0.00843	0.00696	0.00740	0.00754	0.00960	0.00593	0.00556	0.01027	0.01596	0.01956	0.12514	0.14677	0.57108	0.01786	0.00832	0.00240	0.00357	0.01514	0.00659	0.00593
8	0.04722	0.01864	0.09699	0.09727	0.02447	0.01756	0.01449	0.36919	0.02512	0.19195	0.01805	0.01818	0.01235	0.00803	0.00687	0.00215	0.00769	0.00624	0.00640	0.01111
9	0.01820	0.02046	0.07862	0.07307	0.51709	0.12830	0.02039	0.02230	0.01631	0.02159	0.01267	0.01641	0.01047	0.00644	0.00679	0.00205	0.00917	0.00587	0.00342	0.01036
10	0.01639	0.01860	0.03993	0.02871	0.03532	0.01788	0.64353	0.02200	0.01611	0.02200	0.01380	0.01860	0.01050	0.00628	0.00916	0.00240	0.05788	0.00810	0.00350	0.00930
11	0.01516	0.01501	0.02184	0.10845	0.07419	0.02029	0.01624	0.01727	0.01148	0.01737	0.00986	0.01583	0.00932	0.01112	0.01974	0.00289	0.59680	0.00613	0.00309	0.00791
12	0.01200	0.00614	0.00921	0.00921	0.00929	0.00622	0.00622	0.00929	0.00921	0.01236	0.01250	0.02157	0.01243	0.02587	0.06789	0.75137	0.00679	0.00614	0.00307	0.00322
13	0.02516	0.01914	0.02098	0.01811	0.07995	0.04985	0.01369	0.55604	0.02954	0.05952	0.01659	0.01728	0.01207	0.01000	0.03716	0.00246	0.00835	0.00627	0.00645	0.01140
14	0.01678	0.02356	0.26661	0.02636	0.22906	0.04600	0.09250	0.04141	0.01603	0.05703	0.01643	0.01910	0.04634	0.00759	0.00821	0.00223	0.06447	0.00647	0.00378	0.01004
15	0.00855	0.00619	0.00808	0.00949	0.01009	0.00573	0.00640	0.00990	0.01383	0.01836	0.07174	0.67087	0.09256	0.02122	0.00883	0.00277	0.00398	0.01915	0.00653	0.00573
16	0.08827	0.01587	0.02592	0.11173	0.57925	0.01638	0.01995	0.02096	0.01532	0.02306	0.01274	0.01687	0.01055	0.00632	0.00668	0.00211	0.00813	0.00599	0.00350	0.01039

[dist]
# distance from previous block
# <min> <max>
1	7

[block]
# block no. 1 follows, 30 sequences, length 14
# corresponding to MSA columns:
# 112-125
name=unknown_B
#
# <colnr> <probs for GDERKNQSTAVLIFYWHMCP>
#	G	D	E	R	K	N	Q	S	T	A	V	L	I	F	Y	W	H	M	C	P
0	0.01765	0.01444	0.01527	0.01405	0.04681	0.04315	0.01044	0.16338	0.29548	0.04928	0.05306	0.03292	0.15404	0.04772	0.00870	0.00248	0.00599	0.00891	0.00658	0.00964
1	0.02285	0.16243	0.02391	0.01952	0.11257	0.32014	0.01401	0.14014	0.07801	0.02338	0.01342	0.01481	0.01080	0.00723	0.00622	0.00188	0.00961	0.00518	0.00434	0.00955
2	0.01402	0.01182	0.01376	0.01005	0.01561	0.00904	0.00785	0.01680	0.01402	0.02178	0.01340	0.01771	0.01190	0.08303	0.00832	0.00163	0.00533	0.00476	0.00414	0.71503
3	0.02157	0.01902	0.01590	0.01386	0.01780	0.23348	0.01077	0.09348	0.17374	0.14203	0.02988	0.02857	0.14965	0.01011	0.00705	0.00213	0.00760	0.00786	0.00615	0.00935
4	0.02051	0.05040	0.11700	0.04277	0.02082	0.03781	0.01325	0.15426	0.19539	0.15965	0.02618	0.02516	0.08739	0.00923	0.00697	0.00219	0.00694	0.00739	0.00627	0.01041
5	0.00935	0.00664	0.00815	0.00862	0.00928	0.00637	0.00566	0.01054	0.01325	0.01774	0.13207	0.29004	0.10283	0.29182	0.05236	0.00454	0.00558	0.01415	0.00570	0.00532
6	0.00870	0.00629	0.00790	0.00909	0.00968	0.00585	0.00601	0.00981	0.01322	0.01733	0.04011	0.56562	0.12513	0.12545	0.01261	0.00333	0.00437	0.01783	0.00616	0.00549
7	0.01530	0.09655	0.09057	0.10290	0.02807	0.01838	0.24097	0.01937	0.01401	0.01964	0.01335	0.04762	0.01152	0.00856	0.01140	0.00242	0.20778	0.00709	0.03600	0.00850
8	0.01573	0.01753	0.03706	0.02701	0.03302	0.01694	0.58251	0.02092	0.01580	0.02159	0.01575	0.07822	0.01339	0.00764	0.00934	0.00244	0.06336	0.00903	0.00374	0.00898
9	0.00861	0.00612	0.00807	0.00958	0.00996	0.00574	0.00633	0.00974	0.01316	0.01754	0.03741	0.70520	0.04483	0.06868	0.01061	0.00309	0.00422	0.01922	0.00633	0.00558
10	0.00922	0.00659	0.00818	0.00906	0.00969	0.00631	0.00609	0.01032	0.01279	0.01680	0.03634	0.38336	0.11504	0.24206	0.04634	0.00433	0.00557	0.06088	0.00569	0.00534
11	0.04380	0.29891	0.05263	0.01430	0.01917	0.19012	0.01259	0.14522	0.03707	0.02332	0.01275	0.01428	0.01041	0.00723	0.00627	0.00182	0.03733	0.00484	0.05880	0.00913
12	0.02493	0.01655	0.01851	0.01450	0.01930	0.01784	0.01177	0.49253	0.02762	0.13940	0.01857	0.02022	0.01375	0.05722	0.03989	0.03541	0.00776	0.00667	0.00676	0.01079
13	0.38227	0.07962	0.15321	0.08255	0.09233	0.04528	0.01434	0.03847	0.01408	0.02597	0.01108	0.01345	0.00861	0.00656	0.00544	0.00211	0.00752	0.00461	0.00378	0.00872

[dist]
# distance from previous block
# <min> <max>
0	1

[block]
# block no. 2 follows, 30 sequences, length 16
# corresponding to MSA columns:
# 127-142
name=unknown_C
#
# <colnr> <probs for GDERKNQSTAVLIFYWHMCP>
#	G	D	E	R	K	N	Q	S	T	A	V	L	I	F	Y	W	H	M	C	P
0	0.01933	0.01038	0.01282	0.01102	0.01401	0.01007	0.00833	0.09856	0.05503	0.25810	0.13092	0.12539	0.02973	0.16824	0.01344	0.00322	0.00564	0.01015	0.00701	0.00861
1	0.01923	0.58215	0.03316	0.01341	0.01914	0.11568	0.04291	0.02164	0.01502	0.01720	0.01022	0.01194	0.00913	0.00607	0.00493	0.00154	0.00817	0.00406	0.00316	0.06123
2	0.01772	0.01422	0.01615	0.01219	0.01779	0.01313	0.00984	0.20842	0.05044	0.02863	0.01478	0.01650	0.01174	0.00941	0.05372	0.00207	0.00679	0.00514	0.00505	0.48627
3	0.01874	0.26903	0.18720	0.07069	0.02274	0.04459	0.01512	0.08400	0.01717	0.10340	0.04918	0.03959	0.01439	0.00774	0.00610	0.00195	0.00788	0.00591	0.02510	0.00948
4	0.01199	0.00880	0.01064	0.01071	0.01234	0.00887	0.00775	0.12289	0.04287	0.02404	0.13204	0.48226	0.06150	0.01797	0.00841	0.00259	0.00458	0.01598	0.00676	0.00703
5	0.01095	0.00796	0.00865	0.00824	0.01063	0.00739	0.00625	0.01500	0.08326	0.04901	0.18777	0.05317	0.39634	0.01461	0.00765	0.00222	0.00373	0.01229	0.10801	0.00684
6	0.00882	0.00658	0.00891	0.05301	0.01242	0.00639	0.00724	0.01033	0.01351	0.01783	0.03864	0.62491	0.09446	0.02185	0.03696	0.00310	0.00490	0.01814	0.00617	0.00583
7	0.14164	0.01387	0.01992	0.39947	0.03475	0.01598	0.06748	0.11857	0.01668	0.02479	0.01323	0.01738	0.00994	0.00701	0.00649	0.00219	0.00821	0.00593	0.04032	0.03614
8	0.01003	0.00724	0.01000	0.01000	0.01082	0.00806	0.00720	0.01168	0.01085	0.01530	0.01981	0.03358	0.02012	0.28968	0.49342	0.00971	0.01466	0.00838	0.00390	0.00555
9	0.00997	0.00684	0.00835	0.00849	0.00877	0.00705	0.00529	0.01056	0.01063	0.01442	0.02276	0.10266	0.02562	0.55574	0.16719	0.00729	0.00884	0.01046	0.00433	0.00474
10	0.01842	0.01858	0.02304	0.16259	0.27293	0.14747	0.04538	0.05609	0.11935	0.02285	0.01534	0.01826	0.01209	0.00717	0.00684	0.00211	0.00883	0.00624	0.02669	0.00972
11	0.01212	0.00606	0.00909	0.00909	0.00909	0.00606	0.00606	0.00909	0.00909	0.01212	0.01212	0.02121	0.01212	0.02424	0.02727	0.79697	0.00606	0.00606	0.00303	0.00303
12	0.02270	0.01621	0.01784	0.01451	0.01898	0.01764	0.01164	0.46793	0.08525	0.07797	0.02241	0.15366	0.01934	0.01098	0.00735	0.00226	0.00672	0.00897	0.00700	0.01065
13	0.01462	0.01817	0.11829	0.10090	0.05756	0.01566	0.35323	0.01981	0.01587	0.02185	0.08637	0.02406	0.05506	0.00804	0.00882	0.00235	0.05836	0.00821	0.00396	0.00881
14	0.07899	0.04217	0.02264	0.04814	0.31123	0.01493	0.05969	0.02100	0.01525	0.11395	0.04261	0.04319	0.01551	0.05033	0.03575	0.00278	0.06082	0.00709	0.00447	0.00947
15	0.10168	0.05976	0.32274	0.01669	0.02288	0.12278	0.01765	0.02253	0.06778	0.02161	0.01334	0.01599	0.01053	0.01165	0.07483	0.00304	0.07650	0.00536	0.00360	0.00906

[dist]
# distance from previous block
# <min> <max>
0	5

[block]
# block no. 3 follows, 30 sequences, length 32
# corresponding to MSA columns:
# 148-179
name=unknown_D
#
# <colnr> <probs for GDERKNQSTAVLIFYWHMCP>
#	G	D	E	R	K	N	Q	S	T	A	V	L	I	F	Y	W	H	M	C	P
0	0.01412	0.01337	0.01845	0.01620	0.01674	0.01795	0.01327	0.01702	0.05431	0.01826	0.05945	0.03948	0.01586	0.01804	0.11888	0.00409	0.52596	0.00721	0.00380	0.00753
1	0.06379	0.10254	0.01998	0.01378	0.01910	0.10127	0.01138	0.32176	0.02320	0.03153	0.01413	0.01519	0.01086	0.00713	0.00598	0.00174	0.00737	0.00517	0.03590	0.18819
2	0.00889	0.00667	0.00829	0.00937	0.01034	0.00623	0.00646	0.01107	0.04197	0.01902	0.08056	0.56011	0.16488	0.02019	0.00868	0.00269	0.00397	0.01804	0.00657	0.00598
3	0.01416	0.06871	0.62913	0.01964	0.02925	0.01647	0.05678	0.02164	0.01475	0.02170	0.01334	0.03941	0.01018	0.00707	0.00668	0.00220	0.01004	0.00573	0.00310	0.01005
4	0.01292	0.01107	0.01505	0.01376	0.01508	0.02800	0.04699	0.01573	0.05027	0.04805	0.07662	0.30495	0.07210	0.01566	0.01288	0.00272	0.23297	0.01261	0.00540	0.00716
5	0.01460	0.01172	0.01340	0.01242	0.01515	0.01315	0.00950	0.09196	0.31052	0.02484	0.02776	0.12220	0.05371	0.06237	0.17899	0.00473	0.00864	0.00961	0.00603	0.00869
6	0.03988	0.00739	0.00805	0.00763	0.00925	0.00721	0.00537	0.01561	0.01395	0.08724	0.05377	0.03545	0.07145	0.24152	0.01498	0.00337	0.00469	0.00844	0.35845	0.00630
7	0.05432	0.01485	0.02316	0.33739	0.32588	0.03462	0.01901	0.04081	0.01550	0.02153	0.01360	0.01972	0.01119	0.00714	0.00690	0.00222	0.00861	0.03075	0.00357	0.00924
8	0.00908	0.00663	0.00860	0.00981	0.01058	0.00632	0.00677	0.01135	0.04244	0.01947	0.10963	0.60859	0.06625	0.02036	0.00876	0.00274	0.00408	0.03590	0.00663	0.00601
9	0.00970	0.00644	0.00815	0.00916	0.00976	0.00607	0.00604	0.01082	0.01308	0.03878	0.03548	0.53508	0.06491	0.16411	0.01387	0.00352	0.00459	0.01682	0.03803	0.00562
10	0.01323	0.01256	0.01835	0.01583	0.01686	0.01606	0.05417	0.01539	0.01236	0.01812	0.07402	0.02549	0.07724	0.02041	0.15892	0.00449	0.42757	0.00781	0.00390	0.00723
11	0.01698	0.01171	0.01363	0.01237	0.01511	0.01221	0.00937	0.27687	0.02139	0.07157	0.02928	0.41767	0.03093	0.01576	0.00803	0.00250	0.00559	0.01373	0.00681	0.00848
12	0.00850	0.00607	0.00810	0.00972	0.01012	0.00567	0.00648	0.00972	0.01336	0.01781	0.03846	0.75020	0.04615	0.02186	0.00891	0.00283	0.00405	0.01984	0.00648	0.00567
13	0.02684	0.01143	0.01515	0.01193	0.01661	0.01025	0.00973	0.07070	0.02073	0.54018	0.15929	0.02884	0.02640	0.00972	0.00725	0.00216	0.00553	0.00806	0.00835	0.01084
14	0.02294	0.04887	0.01876	0.01610	0.01961	0.46715	0.01239	0.09884	0.05333	0.02139	0.03816	0.01778	0.03453	0.00943	0.02664	0.00218	0.04093	0.00566	0.03690	0.00843
15	0.09134	0.14157	0.06983	0.01287	0.01840	0.01536	0.01159	0.09094	0.05234	0.36081	0.05145	0.02064	0.01629	0.00812	0.00638	0.00206	0.00649	0.00627	0.00662	0.01062
16	0.01710	0.01641	0.02802	0.07149	0.68388	0.01654	0.02133	0.02127	0.01581	0.02259	0.01310	0.01733	0.01098	0.00625	0.00691	0.00208	0.00833	0.00622	0.00344	0.01092
17	0.01602	0.01548	0.02426	0.23231	0.31255	0.05447	0.07470	0.05221	0.01604	0.02142	0.01513	0.07070	0.01326	0.00976	0.03948	0.00262	0.00924	0.00733	0.00377	0.00925
18	0.00998	0.00742	0.01091	0.01091	0.01205	0.00856	0.00834	0.01226	0.01112	0.01597	0.01897	0.02896	0.01812	0.11190	0.66846	0.01084	0.01768	0.00770	0.00378	0.00606
19	0.14222	0.01573	0.01617	0.04045	0.01900	0.05340	0.01028	0.20696	0.01949	0.02955	0.01312	0.01468	0.01022	0.00646	0.00568	0.00160	0.00648	0.00478	0.00489	0.37887
20	0.01669	0.01763	0.07737	0.10013	0.60598	0.01646	0.02156	0.02116	0.01564	0.02233	0.01302	0.01720	0.01075	0.00631	0.00689	0.00210	0.00852	0.00614	0.00339	0.01072
21	0.00899	0.00718	0.00810	0.00811	0.01020	0.00629	0.00624	0.01131	0.01697	0.02153	0.24017	0.06423	0.46728	0.01691	0.00838	0.00240	0.00376	0.07901	0.00680	0.00613
22	0.01318	0.01240	0.02093	0.73798	0.04806	0.01550	0.01938	0.01783	0.01395	0.01783	0.01240	0.01860	0.00930	0.00698	0.00698	0.00233	0.00930	0.00620	0.00310	0.00775
23	0.02714	0.01728	0.02020	0.01701	0.07024	0.01823	0.01305	0.46493	0.02816	0.22237	0.01938	0.01866	0.01326	0.00829	0.00699	0.00211	0.00726	0.00647	0.00717	0.01181
24	0.00944	0.00649	0.00789	0.00855	0.00879	0.00630	0.00528	0.01010	0.01193	0.01598	0.05969	0.34236	0.03593	0.41318	0.02310	0.00491	0.00547	0.01434	0.00533	0.00494
25	0.00850	0.00607	0.00810	0.00972	0.01012	0.00567	0.00648	0.00972	0.01336	0.01781	0.03846	0.75020	0.04615	0.02186	0.00891	0.00283	0.00405	0.01984	0.00648	0.00567
26	0.01773	0.44924	0.02915	0.01385	0.01770	0.07472	0.01255	0.01980	0.01355	0.01693	0.01048	0.01357	0.00968	0.00956	0.03670	0.00230	0.20568	0.00467	0.03379	0.00834
27	0.11847	0.14540	0.04158	0.01613	0.08830	0.12588	0.01221	0.12600	0.04621	0.02581	0.09120	0.02157	0.01794	0.01014	0.03608	0.00238	0.00795	0.02808	0.02975	0.00891
28	0.01051	0.00746	0.00880	0.00861	0.00862	0.00796	0.00526	0.01069	0.01033	0.01398	0.02158	0.07226	0.02486	0.66144	0.03335	0.00629	0.06900	0.01021	0.00422	0.00458
29	0.01106	0.00742	0.00986	0.00919	0.01100	0.00697	0.00697	0.01425	0.01904	0.06476	0.61180	0.04847	0.05907	0.01719	0.06912	0.00296	0.00474	0.01188	0.00740	0.00684
30	0.01521	0.01448	0.02502	0.23808	0.38757	0.01523	0.06978	0.01954	0.01571	0.02171	0.07263	0.02267	0.01608	0.00751	0.00723	0.00221	0.00836	0.02771	0.00381	0.00945
31	0.05558	0.05957	0.01977	0.09320	0.11065	0.38474	0.01377	0.02283	0.01725	0.01887	0.03646	0.01899	0.05118	0.01082	0.05518	0.00257	0.01074	0.00585	0.00383	0.00816

[dist]
# distance from previous block
# <min> <max>
1	4

[block]
# block no. 4 follows, 30 sequences, length 14
# corresponding to MSA columns:
# 184-197
name=unknown_E
#
# <colnr> <probs for GDERKNQSTAVLIFYWHMCP>
#	G	D	E	R	K	N	Q	S	T	A	V	L	I	F	Y	W	H	M	C	P
0	0.07841	0.12574	0.02156	0.05400	0.20326	0.08398	0.01370	0.06242	0.07843	0.02240	0.01742	0.11923	0.01651	0.03616	0.00823	0.00232	0.03514	0.00769	0.00444	0.00896
1	0.01224	0.03552	0.01471	0.01275	0.01397	0.01345	0.01025	0.01480	0.03687	0.01768	0.02499	0.03037	0.13824	0.05802	0.23611	0.00547	0.26989	0.00825	0.03957	0.00685
2	0.02347	0.01769	0.02026	0.01567	0.02113	0.01893	0.04658	0.45186	0.13189	0.06693	0.01839	0.01833	0.01332	0.00807	0.00686	0.00204	0.00720	0.00642	0.00658	0.09836
3	0.01213	0.01079	0.01055	0.00962	0.01209	0.09434	0.00727	0.01493	0.01828	0.02433	0.40301	0.04528	0.17283	0.01288	0.00754	0.00204	0.00465	0.01092	0.04256	0.08397
4	0.02322	0.01790	0.02001	0.01548	0.02043	0.01973	0.01277	0.49794	0.02712	0.03718	0.01510	0.01621	0.01128	0.00839	0.00879	0.00206	0.10351	0.00593	0.00603	0.13092
5	0.02449	0.02086	0.04756	0.01601	0.02120	0.10254	0.01332	0.50612	0.07883	0.03771	0.01772	0.04981	0.01365	0.00886	0.00698	0.00212	0.00803	0.00676	0.00641	0.01103
6	0.00961	0.00821	0.00818	0.00798	0.00997	0.03812	0.00581	0.01150	0.01623	0.02010	0.19836	0.05902	0.46057	0.10235	0.01133	0.00281	0.00426	0.01329	0.00635	0.00594
7	0.01027	0.00664	0.00755	0.00776	0.00800	0.00659	0.00460	0.01080	0.01109	0.01555	0.02423	0.13551	0.02722	0.57193	0.02847	0.00565	0.00600	0.01099	0.09647	0.00468
8	0.01632	0.01708	0.02114	0.08866	0.02161	0.10298	0.01546	0.01818	0.01207	0.01693	0.00967	0.01528	0.00915	0.01112	0.01941	0.00284	0.58536	0.00593	0.00312	0.00770
9	0.02540	0.01339	0.01642	0.01350	0.01818	0.01337	0.01113	0.16570	0.12675	0.37607	0.02676	0.03029	0.01996	0.01019	0.00739	0.00232	0.00630	0.09812	0.00775	0.01099
10	0.00842	0.00639	0.00777	0.00887	0.00990	0.00574	0.00610	0.00981	0.01418	0.01815	0.04880	0.53105	0.25863	0.02052	0.00870	0.00268	0.00388	0.01820	0.00648	0.00574
11	0.01848	0.01606	0.08430	0.01403	0.01812	0.01506	0.01192	0.36598	0.02368	0.03193	0.02456	0.29433	0.02456	0.01331	0.00768	0.00239	0.00656	0.01131	0.00640	0.00937
12	0.01434	0.01260	0.01407	0.11225	0.01966	0.06850	0.01114	0.04981	0.19537	0.02410	0.13700	0.09343	0.07086	0.01290	0.00787	0.00247	0.00629	0.13309	0.00615	0.00812
13	0.06761	0.00772	0.00826	0.00810	0.00980	0.00784	0.00593	0.04974	0.01553	0.02527	0.12008	0.14154	0.02858	0.07483	0.00866	0.00239	0.00406	0.00953	0.39797	0.00655

[dist]
# distance from previous block
# <min> <max>
0	1

[block]
# block no. 5 follows, 30 sequences, length 125
# corresponding to MSA columns:
# 199-323
name=unknown_F
#
# <colnr> <probs for GDERKNQSTAVLIFYWHMCP>
#	G	D	E	R	K	N	Q	S	T	A	V	L	I	F	Y	W	H	M	C	P
0	0.11388	0.54328	0.02976	0.01184	0.01713	0.06264	0.01112	0.04477	0.01532	0.02016	0.06454	0.01469	0.01334	0.00683	0.00494	0.00167	0.00718	0.00457	0.00369	0.00866
1	0.05877	0.06413	0.02213	0.09907	0.04407	0.23199	0.06816	0.21663	0.02123	0.02629	0.01305	0.01538	0.01016	0.00780	0.00726	0.03075	0.00940	0.00553	0.00452	0.04369
2	0.04194	0.00909	0.01065	0.00957	0.01161	0.00885	0.00684	0.08196	0.01648	0.06575	0.21645	0.10924	0.03521	0.26537	0.01701	0.00371	0.00538	0.01052	0.00598	0.06837
3	0.09665	0.00773	0.00759	0.00730	0.00934	0.00808	0.00560	0.04005	0.01485	0.02682	0.02102	0.02420	0.01657	0.00970	0.03324	0.00207	0.00424	0.00625	0.65190	0.00679
4	0.02391	0.03818	0.01565	0.04030	0.01751	0.04439	0.01004	0.02809	0.07250	0.42006	0.18156	0.02927	0.02774	0.00977	0.00718	0.00215	0.00580	0.00811	0.00765	0.01016
5	0.06176	0.07534	0.02026	0.01690	0.02082	0.57416	0.01299	0.06977	0.04957	0.01996	0.01182	0.01330	0.00964	0.00726	0.00617	0.00184	0.01131	0.00468	0.00396	0.00849
6	0.02711	0.01861	0.02036	0.01561	0.02117	0.02025	0.01290	0.60828	0.03125	0.12587	0.01807	0.01761	0.01253	0.00841	0.00699	0.00210	0.00747	0.00637	0.00718	0.01187
7	0.00875	0.00702	0.00786	0.00805	0.01000	0.00612	0.00604	0.01082	0.01629	0.02048	0.17853	0.14841	0.47169	0.01767	0.00841	0.00244	0.00373	0.05497	0.00669	0.00602
8	0.00837	0.00696	0.00732	0.00748	0.00956	0.00590	0.00551	0.01016	0.01583	0.01925	0.10349	0.14665	0.59357	0.01797	0.00832	0.00240	0.00358	0.01521	0.00655	0.00590
9	0.01520	0.00834	0.01060	0.00934	0.01201	0.00743	0.00717	0.01786	0.01854	0.20553	0.37082	0.04715	0.17123	0.05597	0.00948	0.00248	0.00423	0.01141	0.00751	0.00770
10	0.01866	0.75896	0.03657	0.01194	0.01791	0.02761	0.01194	0.02090	0.01418	0.01642	0.00970	0.01119	0.00896	0.00597	0.00448	0.00149	0.00746	0.00373	0.00299	0.00896
11	0.01101	0.00790	0.01095	0.01251	0.01408	0.00784	0.01081	0.01407	0.01592	0.02066	0.03809	0.11286	0.06162	0.01936	0.00956	0.00317	0.00621	0.61057	0.00643	0.00637
12	0.00850	0.00607	0.00810	0.00972	0.01012	0.00567	0.00648	0.00972	0.01336	0.01781	0.03846	0.75020	0.04615	0.02186	0.00891	0.00283	0.00405	0.01984	0.00648	0.00567
13	0.00941	0.00715	0.00869	0.00840	0.01027	0.00642	0.00636	0.01222	0.01839	0.02481	0.47919	0.05794	0.26881	0.01554	0.00829	0.00229	0.00349	0.03874	0.00725	0.00636
14	0.00951	0.00686	0.01028	0.01084	0.01160	0.00646	0.04825	0.01040	0.01294	0.01727	0.03317	0.60022	0.03906	0.02122	0.01151	0.11713	0.00481	0.01714	0.00580	0.00552
15	0.06996	0.01248	0.01606	0.01251	0.01777	0.01145	0.01029	0.06122	0.06189	0.61009	0.02621	0.02296	0.01679	0.00857	0.00688	0.00217	0.00596	0.00687	0.00825	0.01160
16	0.01022	0.00740	0.01083	0.01083	0.01211	0.00854	0.00841	0.01277	0.01149	0.01700	0.01903	0.02730	0.01748	0.04872	0.66795	0.01043	0.01743	0.00740	0.06842	0.00625
17	0.01731	0.00878	0.01171	0.01004	0.01299	0.00786	0.00786	0.02039	0.01983	0.26652	0.47180	0.04229	0.04901	0.01231	0.00781	0.00218	0.00421	0.01068	0.00801	0.00842
18	0.01911	0.04451	0.04928	0.18000	0.28829	0.24287	0.03538	0.02274	0.01664	0.01969	0.01213	0.01582	0.00987	0.00669	0.00668	0.00203	0.01001	0.00560	0.00339	0.00928
19	0.02611	0.03202	0.01988	0.01780	0.02158	0.66304	0.01346	0.08750	0.02095	0.01951	0.01133	0.01296	0.00925	0.00730	0.00635	0.00182	0.01214	0.00466	0.00390	0.00843
20	0.20108	0.01128	0.01213	0.01134	0.01425	0.01201	0.00893	0.15904	0.01809	0.06077	0.04818	0.24826	0.02727	0.01366	0.00726	0.00247	0.00549	0.09686	0.03374	0.00789
21	0.01588	0.04379	0.10872	0.21699	0.43630	0.01665	0.02108	0.02056	0.01520	0.02122	0.01275	0.01710	0.01027	0.00645	0.00681	0.00213	0.00876	0.00600	0.00329	0.01005
22	0.01295	0.01037	0.01177	0.01096	0.01363	0.01053	0.00817	0.04229	0.22315	0.02349	0.09666	0.19141	0.08409	0.09281	0.01058	0.00277	0.00502	0.03495	0.00626	0.10814
23	0.09175	0.16804	0.18273	0.13348	0.02681	0.03982	0.07741	0.02007	0.01396	0.02029	0.02903	0.01568	0.01049	0.00764	0.00899	0.00223	0.13407	0.00552	0.00332	0.00866
24	0.01145	0.00784	0.00988	0.01055	0.01174	0.00767	0.00740	0.08809	0.01584	0.04821	0.03555	0.63797	0.04111	0.01980	0.00861	0.00272	0.00454	0.01779	0.00662	0.00662
25	0.34328	0.01226	0.01329	0.01080	0.01557	0.01225	0.00889	0.02763	0.01642	0.40331	0.02007	0.01884	0.01337	0.00774	0.00581	0.00213	0.00558	0.00568	0.04723	0.00985
26	0.00975	0.00657	0.00807	0.00861	0.00907	0.00648	0.00555	0.01083	0.01231	0.01712	0.06990	0.29483	0.03413	0.33816	0.07207	0.00500	0.00617	0.01328	0.06687	0.00521
27	0.01414	0.05824	0.69771	0.01965	0.02983	0.01656	0.02536	0.02206	0.01472	0.02193	0.01244	0.01462	0.00884	0.00661	0.00656	0.00219	0.01023	0.00511	0.00295	0.01027
28	0.14629	0.01236	0.01527	0.01207	0.01719	0.01162	0.00991	0.03222	0.07178	0.55954	0.02492	0.02207	0.01613	0.00838	0.00662	0.00218	0.00582	0.00660	0.00787	0.01116
29	0.01013	0.00679	0.00772	0.00768	0.00778	0.00675	0.00437	0.01033	0.01074	0.01442	0.06420	0.04606	0.02786	0.70916	0.03384	0.00648	0.00655	0.01030	0.00444	0.00437
30	0.01596	0.08130	0.05100	0.29118	0.33068	0.03456	0.05682	0.02030	0.01512	0.02024	0.01254	0.01711	0.01008	0.00649	0.00677	0.00213	0.00896	0.00603	0.00327	0.00948
31	0.01302	0.01219	0.02049	0.71328	0.04678	0.01517	0.01894	0.01755	0.01393	0.01783	0.01329	0.04342	0.01055	0.00748	0.00704	0.00234	0.00912	0.00666	0.00322	0.00768
32	0.03042	0.01330	0.01707	0.01309	0.01852	0.01236	0.01081	0.15509	0.02235	0.59162	0.02554	0.02246	0.01627	0.00859	0.00701	0.00215	0.00626	0.00688	0.00833	0.01187
33	0.58918	0.01354	0.01336	0.05286	0.01685	0.01578	0.03858	0.04058	0.01259	0.02823	0.01039	0.01317	0.00833	0.00808	0.00759	0.05118	0.06356	0.00451	0.00412	0.00751
34	0.01718	0.58710	0.05423	0.01316	0.01867	0.02403	0.05341	0.01985	0.01393	0.01693	0.01131	0.01402	0.01023	0.01241	0.10492	0.00291	0.00937	0.00457	0.00312	0.00865
35	0.00997	0.00748	0.01121	0.01121	0.01246	0.00872	0.00872	0.01246	0.01121	0.01620	0.01869	0.02741	0.01745	0.05234	0.72710	0.01121	0.01869	0.00748	0.00374	0.00623
36	0.65992	0.01460	0.04581	0.06099	0.01755	0.01554	0.03011	0.02094	0.01259	0.05413	0.01081	0.01267	0.00818	0.00658	0.00483	0.00218	0.00612	0.00426	0.00430	0.00791
37	0.00980	0.00685	0.00874	0.00903	0.00946	0.00713	0.00593	0.01074	0.01103	0.01507	0.02399	0.16690	0.02681	0.41995	0.23081	0.00735	0.00973	0.01112	0.00449	0.00507
38	0.01649	0.01579	0.02692	0.17509	0.58506	0.01638	0.02103	0.02073	0.01552	0.02185	0.01299	0.01752	0.01072	0.00636	0.00692	0.00212	0.00848	0.00621	0.00339	0.01043
39	0.01025	0.00749	0.00946	0.01025	0.01139	0.00712	0.00711	0.06303	0.01494	0.02014	0.03527	0.65077	0.04142	0.01985	0.00854	0.00267	0.00440	0.01788	0.00638	0.05164
40	0.02622	0.01939	0.02077	0.01599	0.02152	0.02150	0.01319	0.66619	0.05507	0.04348	0.01714	0.01706	0.01218	0.00841	0.00698	0.00210	0.00761	0.00634	0.00698	0.01184
41	0.01427	0.00812	0.01070	0.01004	0.01223	0.00748	0.00759	0.01741	0.03797	0.16864	0.36597	0.21436	0.04896	0.01493	0.00815	0.00238	0.00418	0.03151	0.00754	0.00759
42	0.01078	0.00850	0.00942	0.00982	0.01102	0.03537	0.00683	0.01394	0.08988	0.01905	0.08987	0.32467	0.12118	0.14374	0.01397	0.04413	0.00505	0.03070	0.00597	0.00610
43	0.02653	0.01955	0.02094	0.01606	0.02164	0.02164	0.01326	0.68796	0.03281	0.04398	0.01675	0.01675	0.01187	0.00838	0.00698	0.00209	0.00768	0.00628	0.00698	0.01187
44	0.01301	0.00650	0.00650	0.00650	0.00813	0.00650	0.00488	0.01626	0.01463	0.02602	0.02276	0.02602	0.01789	0.00813	0.00488	0.00163	0.00325	0.00650	0.79350	0.00650
45	0.02387	0.02909	0.02191	0.02419	0.19402	0.54916	0.01547	0.02625	0.01880	0.01851	0.01137	0.01376	0.00951	0.00695	0.00645	0.00187	0.01151	0.00493	0.00356	0.00883
46	0.01592	0.01320	0.01640	0.04899	0.01937	0.01094	0.03575	0.07063	0.01612	0.04437	0.01325	0.01530	0.01061	0.00564	0.00558	0.00127	0.00586	0.00465	0.00441	0.64175
47	0.00906	0.00647	0.00874	0.01036	0.01101	0.00615	0.00746	0.01069	0.01391	0.01844	0.03815	0.61246	0.04492	0.02133	0.00906	0.00291	0.00454	0.15203	0.00647	0.00582
48	0.00908	0.00655	0.00873	0.01026	0.01103	0.00619	0.00745	0.01076	0.01408	0.01853	0.03979	0.56928	0.07889	0.02109	0.00903	0.00289	0.00454	0.15951	0.00647	0.00584
49	0.02087	0.01730	0.02017	0.04827	0.15401	0.06399	0.01392	0.35211	0.02484	0.03308	0.10562	0.02351	0.05143	0.00913	0.00760	0.00213	0.02856	0.00735	0.00588	0.01022
50	0.22341	0.01332	0.01450	0.01188	0.01651	0.04563	0.00961	0.07408	0.01825	0.40335	0.02245	0.08235	0.01655	0.00915	0.00646	0.00220	0.00607	0.00714	0.00701	0.01007
51	0.00875	0.00626	0.00832	0.00955	0.01018	0.00583	0.00650	0.01033	0.01449	0.01961	0.15695	0.62658	0.04964	0.02052	0.00879	0.00272	0.00391	0.01856	0.00669	0.00583
52	0.01079	0.00717	0.00920	0.00886	0.01055	0.00659	0.00658	0.01368	0.01839	0.05827	0.51085	0.14681	0.09111	0.01488	0.00808	0.00226	0.00353	0.01311	0.05264	0.00667
53	0.01942	0.06621	0.02682	0.03509	0.50659	0.18402	0.01897	0.02290	0.01670	0.02106	0.01237	0.01580	0.01044	0.00643	0.00661	0.00197	0.00925	0.00566	0.00346	0.01023
54	0.01425	0.05390	0.60819	0.02028	0.02986	0.01637	0.09166	0.02181	0.01505	0.02215	0.03461	0.01623	0.01082	0.00678	0.00678	0.00220	0.01016	0.00566	0.00316	0.01007
55	0.32917	0.04648	0.05213	0.03515	0.04048	0.26382	0.01165	0.06044	0.01638	0.02513	0.01156	0.01349	0.00917	0.00693	0.00547	0.00198	0.00843	0.00454	0.04938	0.00823
56	0.04072	0.01959	0.18175	0.19574	0.32918	0.01574	0.02067	0.02166	0.01536	0.07390	0.01380	0.01731	0.01051	0.00668	0.00679	0.00217	0.00872	0.00596	0.00367	0.01007
57	0.01176	0.00864	0.00934	0.00872	0.01066	0.00842	0.00616	0.06262	0.06873	0.04137	0.07460	0.05055	0.30849	0.27923	0.01777	0.00390	0.00521	0.01161	0.00588	0.00635
58	0.45131	0.01827	0.16458	0.03949	0.06185	0.01508	0.01311	0.02269	0.01393	0.12323	0.01309	0.01441	0.00946	0.00681	0.00544	0.00217	0.00684	0.00476	0.00453	0.00897
59	0.01594	0.39486	0.07974	0.04919	0.01835	0.03945	0.01184	0.01889	0.01535	0.04337	0.12305	0.04104	0.06246	0.01117	0.04608	0.00236	0.00753	0.00675	0.00427	0.00829
60	0.08528	0.00790	0.00983	0.00985	0.01168	0.00775	0.00781	0.01402	0.01781	0.02609	0.44662	0.08750	0.05314	0.01511	0.00824	0.00247	0.00429	0.17103	0.00700	0.00659
61	0.01432	0.08644	0.67110	0.01934	0.02935	0.01700	0.02482	0.02202	0.01469	0.02170	0.01233	0.01449	0.00885	0.00658	0.00648	0.00216	0.01011	0.00506	0.00295	0.01022
62	0.01125	0.00855	0.01095	0.01066	0.01161	0.02442	0.00778	0.03656	0.01253	0.01731	0.06537	0.09693	0.02408	0.22035	0.32073	0.04456	0.05673	0.00935	0.00441	0.00587
63	0.00973	0.00702	0.00922	0.00905	0.01052	0.00651	0.00673	0.01273	0.01874	0.02634	0.59244	0.14971	0.06226	0.01549	0.00837	0.00232	0.00350	0.03541	0.00747	0.00645
64	0.01015	0.00774	0.01156	0.01146	0.01266	0.00915	0.00894	0.01261	0.01120	0.01622	0.01837	0.02700	0.01716	0.05098	0.70322	0.01094	0.04323	0.00743	0.00372	0.00628
65	0.01745	0.01709	0.02757	0.07748	0.64699	0.04757	0.02096	0.02151	0.01596	0.02229	0.01299	0.01713	0.01087	0.00630	0.00689	0.00207	0.00853	0.00614	0.00344	0.01075
66	0.01400	0.03610	0.71860	0.01989	0.03020	0.01621	0.02578	0.02210	0.01473	0.02210	0.01252	0.01473	0.00884	0.00663	0.00663	0.00221	0.01031	0.00516	0.00295	0.01031
67	0.01124	0.00803	0.01124	0.01285	0.01446	0.00803	0.01124	0.01446	0.01606	0.02088	0.03695	0.07871	0.04016	0.01928	0.00964	0.00321	0.00643	0.66426	0.00643	0.00643
68	0.00905	0.00752	0.00853	0.00913	0.03734	0.00656	0.00655	0.01124	0.01648	0.02049	0.15917	0.06384	0.53903	0.01684	0.00829	0.00238	0.00389	0.06088	0.00653	0.00623
69	0.01413	0.01337	0.02265	0.57627	0.20234	0.01575	0.01985	0.01866	0.01440	0.01899	0.01257	0.01829	0.00971	0.00680	0.00696	0.00227	0.00907	0.00621	0.00318	0.00852
70	0.05028	0.01245	0.02043	0.70380	0.04644	0.01551	0.01883	0.01796	0.01386	0.01846	0.01228	0.01826	0.00922	0.00695	0.00685	0.00232	0.00912	0.00609	0.00316	0.00774
71	0.01467	0.01364	0.02256	0.55296	0.19331	0.01601	0.01956	0.04792	0.01521	0.02007	0.01275	0.01823	0.00980	0.00687	0.00696	0.00226	0.00901	0.00621	0.00335	0.00866
72	0.00842	0.00702	0.00735	0.00739	0.00956	0.00595	0.00549	0.01030	0.01613	0.01968	0.13081	0.10494	0.60783	0.01758	0.00828	0.00237	0.00354	0.01482	0.00660	0.00595
73	0.06645	0.02343	0.30859	0.02043	0.05811	0.01580	0.15259	0.03761	0.01525	0.04300	0.05382	0.04698	0.01438	0.00856	0.00917	0.01949	0.08629	0.00694	0.00387	0.00924
74	0.01320	0.00980	0.01195	0.00984	0.01373	0.00797	0.00755	0.01600	0.01590	0.06191	0.19008	0.15145	0.03086	0.01058	0.00666	0.00171	0.00450	0.00917	0.02983	0.39729
75	0.02400	0.20796	0.02370	0.01640	0.02058	0.53542	0.01303	0.02647	0.03992	0.01730	0.01108	0.01267	0.00937	0.00697	0.00588	0.00174	0.01112	0.00442	0.00356	0.00839
76	0.00971	0.00660	0.00878	0.00962	0.01056	0.00613	0.00674	0.01159	0.01541	0.04404	0.22291	0.51757	0.05049	0.01926	0.00867	0.00264	0.00396	0.03228	0.00688	0.00615
77	0.01193	0.03887	0.01130	0.00980	0.01196	0.04069	0.00737	0.04908	0.06902	0.02077	0.13481	0.04425	0.23693	0.14277	0.13550	0.00451	0.00755	0.01058	0.00562	0.00670
78	0.01992	0.01626	0.01722	0.01472	0.01912	0.01856	0.01167	0.21915	0.51237	0.03333	0.02514	0.02344	0.01866	0.00916	0.00707	0.00229	0.00613	0.00744	0.00707	0.01128
79	0.01014	0.00681	0.00782	0.00782	0.00789	0.00688	0.00449	0.01028	0.01021	0.01368	0.02180	0.04462	0.02491	0.71440	0.07525	0.00702	0.00745	0.00999	0.00420	0.00434
80	0.02581	0.05916	0.02041	0.01771	0.02144	0.68274	0.01342	0.04511	0.01992	0.01777	0.01091	0.01264	0.00906	0.00718	0.00624	0.00179	0.01227	0.00451	0.00366	0.00822
81	0.01065	0.00870	0.00954	0.00918	0.01157	0.00847	0.00699	0.01634	0.15265	0.02281	0.19844	0.05541	0.36932	0.04416	0.00915	0.00254	0.00415	0.04611	0.00678	0.00703
82	0.00978	0.00706	0.00912	0.00876	0.01022	0.00662	0.00642	0.01262	0.01819	0.02552	0.56974	0.08391	0.08263	0.07740	0.03873	0.00296	0.00423	0.01263	0.00714	0.00631
83	0.00830	0.00703	0.00717	0.00722	0.00948	0.00590	0.00538	0.01009	0.01592	0.01907	0.08776	0.09340	0.66404	0.01774	0.00827	0.00237	0.00355	0.01487	0.00651	0.00590
84	0.02578	0.03128	0.01995	0.01779	0.02148	0.63155	0.01351	0.09642	0.02086	0.01988	0.01136	0.01310	0.00929	0.00747	0.00687	0.00187	0.03442	0.00473	0.00393	0.00847
85	0.69681	0.01351	0.01123	0.00974	0.01421	0.01527	0.00803	0.04302	0.01340	0.10500	0.01185	0.01284	0.00873	0.00677	0.00469	0.00216	0.00553	0.00420	0.00486	0.00816
86	0.00891	0.00627	0.00812	0.00944	0.00981	0.00596	0.00623	0.00997	0.01286	0.01713	0.03535	0.59549	0.04208	0.15776	0.01387	0.00358	0.00464	0.04106	0.00606	0.00543
87	0.05846	0.00691	0.00672	0.00666	0.00844	0.00703	0.00503	0.01650	0.01448	0.02632	0.02201	0.02517	0.01729	0.00804	0.00485	0.00166	0.00338	0.00635	0.74816	0.00656
88	0.01709	0.01640	0.02800	0.07322	0.68223	0.01653	0.02133	0.02126	0.01580	0.02258	0.01309	0.01733	0.01098	0.00625	0.00691	0.00208	0.00833	0.00622	0.00344	0.01091
89	0.01986	0.01025	0.01348	0.01195	0.03645	0.00959	0.00906	0.02469	0.09238	0.31517	0.32909	0.03639	0.03907	0.01115	0.00756	0.00219	0.00479	0.00957	0.00788	0.00941
90	0.76695	0.01344	0.01076	0.04337	0.01512	0.01565	0.00811	0.02039	0.01197	0.03068	0.00984	0.01168	0.00764	0.00650	0.00444	0.00217	0.00558	0.00389	0.00426	0.00757
91	0.01701	0.01650	0.02874	0.07774	0.63560	0.01659	0.06222	0.02129	0.01583	0.02252	0.01315	0.01744	0.01093	0.00624	0.00699	0.00210	0.00856	0.00634	0.00344	0.01078
92	0.00894	0.00637	0.00852	0.01007	0.01063	0.00604	0.00706	0.01039	0.01362	0.01808	0.03766	0.63164	0.04457	0.04803	0.00997	0.00303	0.00448	0.10879	0.00639	0.00572
93	0.02386	0.03051	0.04475	0.01957	0.02366	0.57394	0.10322	0.02638	0.01871	0.01792	0.01120	0.01362	0.00921	0.00726	0.00741	0.00195	0.04989	0.00509	0.00354	0.00831
94	0.01689	0.01620	0.02764	0.10692	0.65009	0.01648	0.02123	0.02109	0.01571	0.02234	0.01306	0.01739	0.01089	0.00629	0.00691	0.00210	0.00838	0.00622	0.00342	0.01075
95	0.03131	0.01188	0.01619	0.01242	0.01781	0.01026	0.01026	0.03401	0.01997	0.71606	0.02753	0.02375	0.01727	0.00864	0.00702	0.00216	0.00594	0.00702	0.00864	0.01188
96	0.13114	0.01727	0.10447	0.25613	0.11069	0.01659	0.01648	0.17179	0.01839	0.02692	0.01646	0.01929	0.04995	0.00771	0.00662	0.00221	0.00804	0.00623	0.00438	0.00926
97	0.01866	0.75896	0.03657	0.01194	0.01791	0.02761	0.01194	0.02090	0.01418	0.01642	0.00970	0.01119	0.00896	0.00597	0.00448	0.00149	0.00746	0.00373	0.00299	0.00896
98	0.01054	0.00721	0.00925	0.00878	0.01053	0.00661	0.00657	0.01357	0.01894	0.05123	0.57605	0.09436	0.10687	0.01459	0.00813	0.00223	0.00345	0.01283	0.03161	0.00667
99	0.00985	0.00751	0.00927	0.00988	0.01167	0.00704	0.00789	0.01280	0.03445	0.02132	0.16594	0.14463	0.26940	0.01789	0.00877	0.00268	0.00461	0.24140	0.00669	0.00631
100	0.01499	0.11223	0.58019	0.01965	0.02909	0.03636	0.06963	0.02214	0.01493	0.02138	0.01229	0.01458	0.00898	0.00652	0.00650	0.00213	0.01017	0.00520	0.00301	0.01005
101	0.01908	0.71726	0.03560	0.01229	0.01812	0.06778	0.01203	0.02130	0.01450	0.01646	0.00976	0.01127	0.00896	0.00604	0.00458	0.00151	0.00776	0.00378	0.00302	0.00891
102	0.01101	0.00796	0.01092	0.01240	0.01406	0.00786	0.01078	0.01411	0.01605	0.02072	0.03958	0.07781	0.09237	0.01915	0.00953	0.00315	0.00620	0.61351	0.00643	0.00638
103	0.01723	0.01670	0.02899	0.04214	0.67655	0.01664	0.05557	0.02146	0.01592	0.02278	0.01318	0.01735	0.01103	0.00620	0.00698	0.00209	0.00847	0.00632	0.00346	0.01097
104	0.01954	0.01003	0.01284	0.01081	0.01424	0.00928	0.00854	0.08191	0.02040	0.29577	0.30291	0.08174	0.07778	0.01221	0.00769	0.00222	0.00478	0.01043	0.00785	0.00902
105	0.01270	0.00931	0.01257	0.17399	0.01915	0.05005	0.00990	0.01307	0.01159	0.01526	0.01475	0.04988	0.01381	0.02328	0.13814	0.37109	0.00909	0.00680	0.04041	0.00519
106	0.77330	0.01345	0.01067	0.03751	0.01484	0.01565	0.00802	0.02041	0.01196	0.03079	0.00982	0.01162	0.00763	0.00650	0.00442	0.00217	0.00555	0.00387	0.00427	0.00756
107	0.00971	0.00715	0.00832	0.00827	0.00971	0.00672	0.00583	0.01216	0.03693	0.02094	0.24135	0.12583	0.23241	0.17179	0.03209	0.00347	0.00463	0.01289	0.04386	0.00593
108	0.02097	0.01603	0.04150	0.01413	0.01861	0.01636	0.01177	0.43138	0.02594	0.05484	0.02448	0.11338	0.06595	0.01170	0.00795	0.02266	0.00679	0.05671	0.00657	0.03228
109	0.01509	0.01246	0.01456	0.01051	0.01662	0.00956	0.00841	0.01864	0.03402	0.04487	0.01334	0.01509	0.01087	0.00540	0.00528	0.00111	0.00520	0.00433	0.00436	0.75028
110	0.02530	0.08027	0.02149	0.01818	0.04827	0.52081	0.01365	0.14868	0.02164	0.02221	0.01190	0.01344	0.00960	0.00729	0.00632	0.00184	0.01116	0.00484	0.00417	0.00896
111	0.01060	0.00848	0.03957	0.00934	0.01145	0.00709	0.00749	0.01408	0.01955	0.04539	0.66063	0.04981	0.06218	0.01380	0.00813	0.00219	0.00366	0.01216	0.00751	0.00688
112	0.00957	0.00711	0.00882	0.00840	0.01013	0.00646	0.00625	0.01244	0.01866	0.02568	0.55845	0.05484	0.19012	0.04139	0.00921	0.00239	0.00346	0.01294	0.00732	0.00636
113	0.01863	0.01562	0.01649	0.01446	0.01863	0.01795	0.01135	0.12728	0.60635	0.03124	0.02679	0.02475	0.01999	0.00932	0.00708	0.00233	0.00582	0.00767	0.00708	0.01116
114	0.00997	0.00748	0.01121	0.01121	0.01246	0.00872	0.00872	0.01246	0.01121	0.01620	0.01869	0.02741	0.01745	0.05234	0.72710	0.01121	0.01869	0.00748	0.00374	0.00623
115	0.02607	0.03326	0.01978	0.01798	0.02157	0.72674	0.01348	0.02787	0.01978	0.01708	0.01079	0.01258	0.00899	0.00719	0.00629	0.00180	0.01258	0.00449	0.00360	0.00809
116	0.01868	0.01400	0.01523	0.01345	0.01749	0.01556	0.01053	0.03476	0.55597	0.12469	0.03123	0.02858	0.06862	0.00992	0.00717	0.00234	0.00544	0.00824	0.00727	0.01080
117	0.00848	0.00617	0.00800	0.00945	0.01005	0.00569	0.00636	0.00975	0.01361	0.01792	0.04166	0.68237	0.11192	0.02145	0.00884	0.00279	0.00400	0.01933	0.00648	0.00569
118	0.00837	0.00707	0.00723	0.00719	0.00950	0.00594	0.00539	0.01024	0.01618	0.01951	0.11686	0.06607	0.66181	0.01743	0.00825	0.00234	0.00352	0.01457	0.00657	0.00594
119	0.04186	0.59188	0.03263	0.01354	0.03929	0.05087	0.01228	0.04422	0.05417	0.01874	0.01113	0.01263	0.00979	0.00656	0.00557	0.00167	0.03634	0.00425	0.00343	0.00911
120	0.80405	0.01350	0.01026	0.00918	0.01350	0.01565	0.00756	0.02051	0.01188	0.03131	0.00972	0.01134	0.00756	0.00648	0.00432	0.00216	0.00540	0.00378	0.00432	0.00756
121	0.01105	0.00873	0.01264	0.01212	0.01318	0.01072	0.00959	0.01343	0.01134	0.01690	0.01733	0.02528	0.01607	0.04284	0.56380	0.00925	0.13980	0.00719	0.05225	0.00648
122	0.01301	0.00650	0.00650	0.00650	0.00813	0.00650	0.00488	0.01626	0.01463	0.02602	0.02276	0.02602	0.01789	0.00813	0.00488	0.00163	0.00325	0.00650	0.79350	0.00650
123	0.01727	0.01658	0.02832	0.04283	0.71123	0.01658	0.02142	0.02142	0.01589	0.02280	0.01313	0.01727	0.01105	0.00622	0.00691	0.00207	0.00829	0.00622	0.00345	0.01105
124	0.06347	0.01252	0.01909	0.15758	0.26877	0.01319	0.01527	0.04930	0.01574	0.04728	0.02123	0.16980	0.02107	0.01116	0.00748	0.00241	0.00713	0.08409	0.00473	0.00869

[dist]
# distance from previous block
# <min> <max>
0	3

[block]
# block no. 6 follows, 30 sequences, length 16
# corresponding to MSA columns:
# 327-342
name=unknown_G
#
# <colnr> <probs for GDERKNQSTAVLIFYWHMCP>
#	G	D	E	R	K	N	Q	S	T	A	V	L	I	F	Y	W	H	M	C	P
0	0.74560	0.01361	0.01067	0.00955	0.01384	0.01578	0.00782	0.02174	0.06290	0.03115	0.01110	0.01243	0.00858	0.00670	0.00453	0.00217	0.00541	0.00408	0.00453	0.00782
1	0.01671	0.01601	0.02731	0.13796	0.62047	0.01643	0.02114	0.02093	0.01562	0.02212	0.01303	0.01745	0.01081	0.00632	0.00692	0.00211	0.00843	0.00622	0.00341	0.01060
2	0.01124	0.00803	0.01124	0.01285	0.01446	0.00803	0.01124	0.01446	0.01606	0.02088	0.03695	0.07871	0.04016	0.01928	0.00964	0.00321	0.00643	0.66426	0.00643	0.00643
3	0.01032	0.00794	0.01166	0.01147	0.01256	0.00943	0.00889	0.01261	0.01112	0.01609	0.01826	0.02767	0.01736	0.08959	0.64254	0.01044	0.06458	0.00754	0.00372	0.00621
4	0.01706	0.01637	0.02795	0.07801	0.67766	0.01653	0.02131	0.02123	0.01579	0.02255	0.01309	0.01734	0.01096	0.00626	0.00691	0.00209	0.00834	0.00622	0.00344	0.01089
5	0.03131	0.01188	0.01619	0.01242	0.01781	0.01026	0.01026	0.03401	0.01997	0.71606	0.02753	0.02375	0.01727	0.00864	0.00702	0.00216	0.00594	0.00702	0.00864	0.01188
6	0.01810	0.67196	0.11865	0.01290	0.01939	0.02624	0.01361	0.02104	0.01425	0.01710	0.01004	0.01162	0.00894	0.00605	0.00474	0.00158	0.00781	0.00390	0.00298	0.00912
7	0.08003	0.01174	0.01550	0.01223	0.01732	0.01047	0.01014	0.03191	0.01920	0.62829	0.02697	0.02639	0.01808	0.00916	0.00701	0.00223	0.00593	0.04792	0.00822	0.01126
8	0.00954	0.00734	0.00866	0.00906	0.01055	0.00693	0.00650	0.01266	0.06605	0.02059	0.16459	0.29282	0.24548	0.06962	0.01035	0.00283	0.00415	0.03948	0.00658	0.00622
9	0.00892	0.00634	0.00845	0.00998	0.01051	0.00601	0.00693	0.01031	0.01352	0.01796	0.03742	0.63248	0.04434	0.05994	0.01039	0.00309	0.00448	0.09689	0.00635	0.00568
10	0.01645	0.01574	0.02685	0.18193	0.57853	0.01636	0.02101	0.02070	0.01550	0.02180	0.01298	0.01754	0.01070	0.00637	0.00692	0.00212	0.00849	0.00621	0.00338	0.01039
11	0.01440	0.09906	0.65919	0.01920	0.02913	0.01720	0.02458	0.02199	0.01468	0.02160	0.01228	0.01442	0.00885	0.00657	0.00644	0.00215	0.01006	0.00503	0.00295	0.01019
12	0.01110	0.00793	0.01108	0.01269	0.01423	0.00791	0.01099	0.01421	0.01592	0.02072	0.03703	0.11407	0.04048	0.01941	0.00960	0.00319	0.00630	0.63033	0.00643	0.00639
13	0.01018	0.00765	0.00968	0.03499	0.01209	0.00726	0.00720	0.03695	0.01838	0.02504	0.43697	0.14780	0.16746	0.01556	0.00828	0.00234	0.00391	0.03460	0.00708	0.00657
14	0.04289	0.06976	0.32500	0.01739	0.06186	0.01484	0.01780	0.05006	0.01733	0.28825	0.01819	0.01808	0.01227	0.00739	0.00661	0.00213	0.00812	0.00584	0.00533	0.01085
15	0.02230	0.04994	0.02497	0.04627	0.10727	0.28623	0.12635	0.17777	0.02125	0.02500	0.01394	0.01764	0.01128	0.00751	0.00693	0.00205	0.01029	0.02912	0.00441	0.00950

[dist]
# distance from previous block
# <min> <max>
0	1

[block]
