[name]
unknown

[dist]
# distance from previous block
# <min> <max>
0	57

[block]
# block no. 0 follows, 31 sequences, length 17
# corresponding to MSA columns:
# 57-73
name=unknown_A
#
# <colnr> <probs for GDERKNQSTAVLIFYWHMCP>
#	G	D	E	R	K	N	Q	S	T	A	V	L	I	F	Y	W	H	M	C	P
0	0.01599	0.01638	0.03089	0.09630	0.03111	0.01677	0.41349	0.06602	0.08946	0.02297	0.01670	0.05486	0.01373	0.00788	0.00876	0.00238	0.05819	0.02492	0.00419	0.00903
1	0.02126	0.19163	0.02366	0.01593	0.02016	0.30546	0.05689	0.09240	0.09119	0.02125	0.01343	0.01500	0.01089	0.00736	0.00686	0.00188	0.04947	0.00519	0.04130	0.00879
2	0.01072	0.05046	0.12168	0.01115	0.01422	0.00891	0.00970	0.01323	0.01332	0.01854	0.02717	0.43693	0.03075	0.06419	0.00929	0.00259	0.00545	0.01332	0.00513	0.13325
3	0.02033	0.01490	0.01607	0.01289	0.01688	0.01608	0.01013	0.41229	0.07600	0.03328	0.01847	0.02345	0.01537	0.16346	0.01238	0.00292	0.00673	0.00694	0.05989	0.06154
4	0.01079	0.00741	0.00888	0.00896	0.00996	0.00722	0.00602	0.05570	0.01437	0.03640	0.12221	0.29314	0.08148	0.28544	0.01785	0.00399	0.00508	0.01357	0.00580	0.00573
5	0.02133	0.01536	0.01725	0.01307	0.01865	0.01507	0.01065	0.31857	0.06801	0.10570	0.01664	0.01688	0.01222	0.00709	0.00617	0.00167	0.00625	0.00552	0.00594	0.31797
6	0.01627	0.01540	0.02506	0.07576	0.57348	0.01574	0.01905	0.02178	0.08486	0.02252	0.01724	0.02038	0.04786	0.00703	0.00686	0.00209	0.00767	0.00669	0.00388	0.01040
7	0.01732	0.01477	0.01566	0.01377	0.01787	0.01673	0.01077	0.07088	0.62262	0.02899	0.02619	0.02429	0.01968	0.00895	0.00683	0.00222	0.00551	0.00741	0.00676	0.06278
8	0.00832	0.00600	0.00789	0.00939	0.00989	0.00557	0.00629	0.00954	0.01323	0.01752	0.03931	0.72005	0.07927	0.02122	0.00870	0.00275	0.00394	0.01919	0.00635	0.00557
9	0.02559	0.03174	0.01946	0.01750	0.02115	0.68620	0.01320	0.07037	0.02021	0.01845	0.01095	0.01260	0.00899	0.00713	0.00621	0.00178	0.01203	0.00452	0.00374	0.00817
10	0.01411	0.01205	0.01399	0.01036	0.01603	0.00949	0.00821	0.01818	0.06109	0.02250	0.01439	0.04877	0.01247	0.00610	0.00536	0.00118	0.00504	0.00501	0.00436	0.71131
11	0.02050	0.01652	0.01703	0.01408	0.01799	0.06566	0.01111	0.35901	0.14101	0.03178	0.01922	0.05571	0.01611	0.09257	0.03724	0.00294	0.03315	0.00732	0.00598	0.03508
12	0.01405	0.01029	0.01178	0.01073	0.01260	0.01081	0.00773	0.19665	0.01731	0.02321	0.02644	0.24376	0.05862	0.25925	0.01713	0.00379	0.03154	0.01162	0.00559	0.02711
13	0.01824	0.01418	0.01557	0.01276	0.01696	0.01479	0.00999	0.27444	0.17183	0.03016	0.02080	0.09964	0.01817	0.07846	0.00929	0.00240	0.00610	0.00784	0.00599	0.17238
14	0.01217	0.01006	0.01113	0.01052	0.01256	0.04815	0.00765	0.03707	0.08960	0.01922	0.03981	0.18889	0.05000	0.16376	0.16249	0.00483	0.00828	0.01028	0.00503	0.10850
15	0.01226	0.01005	0.01187	0.04800	0.06140	0.04804	0.00851	0.04939	0.01439	0.01953	0.02561	0.34844	0.02830	0.12593	0.01149	0.00290	0.00565	0.01225	0.04547	0.11052
16	0.01747	0.01658	0.02440	0.02256	0.14678	0.07756	0.18561	0.06679	0.04762	0.05407	0.01537	0.04313	0.01312	0.05775	0.01058	0.00243	0.09170	0.00703	0.00422	0.09525

[dist]
# distance from previous block
# <min> <max>
14	50

[block]
# block no. 1 follows, 31 sequences, length 13
# corresponding to MSA columns:
# 139-151
name=unknown_B
#
# <colnr> <probs for GDERKNQSTAVLIFYWHMCP>
#	G	D	E	R	K	N	Q	S	T	A	V	L	I	F	Y	W	H	M	C	P
0	0.01342	0.01191	0.01813	0.50105	0.03652	0.01353	0.01550	0.05718	0.01481	0.01980	0.01518	0.09711	0.01334	0.00821	0.00676	0.00211	0.00781	0.00720	0.00379	0.13664
1	0.01714	0.52689	0.07256	0.05630	0.01974	0.04592	0.01262	0.01977	0.01382	0.01696	0.01047	0.01328	0.00946	0.03193	0.00671	0.00178	0.04431	0.00427	0.00309	0.07297
2	0.01000	0.00697	0.00842	0.00846	0.01022	0.00618	0.00619	0.01210	0.01632	0.06326	0.25531	0.24456	0.29309	0.01688	0.00818	0.00238	0.00367	0.01470	0.00684	0.00628
3	0.05323	0.01238	0.01895	0.57967	0.04004	0.01471	0.01668	0.05442	0.01465	0.02023	0.01264	0.01773	0.00957	0.00679	0.00649	0.00213	0.00829	0.00581	0.03330	0.07229
4	0.02194	0.01222	0.01430	0.01150	0.01577	0.01197	0.00925	0.18801	0.05450	0.25508	0.02241	0.06112	0.01678	0.00868	0.00632	0.00191	0.00546	0.00702	0.18044	0.09533
5	0.01172	0.00734	0.00954	0.00949	0.01031	0.00761	0.00658	0.01270	0.01190	0.07308	0.02439	0.21567	0.02614	0.27385	0.13741	0.05322	0.04426	0.01104	0.04810	0.00565
6	0.03070	0.01164	0.01588	0.01217	0.01746	0.01006	0.01006	0.03334	0.01958	0.72163	0.02699	0.02329	0.01694	0.00847	0.00688	0.00212	0.00582	0.00688	0.00847	0.01164
7	0.80789	0.01323	0.01006	0.00900	0.01323	0.01535	0.00741	0.02011	0.01164	0.03070	0.00953	0.01111	0.00741	0.00635	0.00423	0.00212	0.00529	0.00370	0.00423	0.00741
8	0.04718	0.01183	0.01937	0.66724	0.04336	0.01465	0.01771	0.01708	0.01331	0.01771	0.01203	0.01809	0.00921	0.00784	0.00792	0.05034	0.00876	0.00597	0.00309	0.00731
9	0.02601	0.01916	0.02053	0.01574	0.02122	0.02122	0.01300	0.69408	0.03217	0.04312	0.01643	0.01643	0.01163	0.00821	0.00684	0.00205	0.00753	0.00616	0.00684	0.01163
10	0.01693	0.01626	0.02777	0.04199	0.71689	0.01626	0.02100	0.02100	0.01558	0.02235	0.01287	0.01693	0.01084	0.00610	0.00677	0.00203	0.00813	0.00610	0.00339	0.01084
11	0.12805	0.01560	0.02471	0.03591	0.58398	0.01582	0.01856	0.02148	0.01523	0.05817	0.01310	0.01643	0.01066	0.00625	0.00642	0.00205	0.00762	0.00580	0.00376	0.01040
12	0.01786	0.01689	0.02365	0.03206	0.46940	0.07100	0.01743	0.09441	0.07351	0.02424	0.01756	0.02023	0.05026	0.00878	0.03103	0.00235	0.00825	0.00660	0.00423	0.01026

[dist]
# distance from previous block
# <min> <max>
0	10

[block]
# block no. 2 follows, 31 sequences, length 38
# corresponding to MSA columns:
# 162-199
name=unknown_C
#
# <colnr> <probs for GDERKNQSTAVLIFYWHMCP>
#	G	D	E	R	K	N	Q	S	T	A	V	L	I	F	Y	W	H	M	C	P
0	0.23609	0.04968	0.01603	0.01183	0.01705	0.01582	0.00973	0.22015	0.06820	0.03094	0.01370	0.01467	0.01054	0.00669	0.00547	0.00174	0.00599	0.00483	0.00509	0.25579
1	0.80789	0.01323	0.01006	0.00900	0.01323	0.01535	0.00741	0.02011	0.01164	0.03070	0.00953	0.01111	0.00741	0.00635	0.00423	0.00212	0.00529	0.00370	0.00423	0.00741
2	0.01292	0.01216	0.02052	0.74312	0.04712	0.01520	0.01900	0.01748	0.01368	0.01748	0.01216	0.01824	0.00912	0.00684	0.00684	0.00228	0.00912	0.00608	0.00304	0.00760
3	0.00823	0.00672	0.00729	0.00761	0.00945	0.00577	0.00553	0.00993	0.01526	0.01878	0.09987	0.21907	0.52663	0.01805	0.00823	0.00241	0.00356	0.01544	0.00642	0.00577
4	0.01408	0.09245	0.67019	0.01889	0.02867	0.01676	0.02421	0.02157	0.01440	0.02123	0.01206	0.01417	0.00868	0.00645	0.00633	0.00211	0.00989	0.00495	0.00289	0.01001
5	0.77173	0.01316	0.01033	0.00914	0.01343	0.01510	0.00753	0.02073	0.01201	0.06284	0.01034	0.01168	0.00785	0.00645	0.00436	0.00212	0.00532	0.00385	0.00443	0.00761
6	0.11338	0.11071	0.01985	0.01471	0.01920	0.31896	0.01181	0.14142	0.03404	0.13299	0.01425	0.01472	0.01065	0.00730	0.00598	0.00188	0.00897	0.00499	0.00495	0.00925
7	0.05665	0.01269	0.01605	0.01240	0.01754	0.01180	0.01020	0.13428	0.02107	0.53906	0.05365	0.02268	0.01759	0.00848	0.00677	0.00207	0.00593	0.00680	0.00788	0.03640
8	0.01655	0.15640	0.52132	0.01729	0.02609	0.01708	0.02113	0.02288	0.01497	0.10544	0.01359	0.01492	0.00969	0.00663	0.00619	0.00204	0.00912	0.00504	0.00357	0.01007
9	0.00962	0.00689	0.00813	0.00852	0.00928	0.00667	0.00570	0.01113	0.03074	0.01689	0.08075	0.19253	0.13180	0.36675	0.02088	0.00450	0.00535	0.07325	0.00541	0.00519
10	0.01313	0.01244	0.02056	0.66968	0.04417	0.01578	0.01859	0.01738	0.01336	0.01738	0.01184	0.01791	0.00911	0.00736	0.00842	0.00235	0.08385	0.00607	0.00304	0.00759
11	0.01495	0.01361	0.02189	0.54013	0.17069	0.01599	0.01879	0.08417	0.01584	0.02090	0.01271	0.01782	0.00969	0.00683	0.00683	0.00221	0.00878	0.00609	0.00348	0.00860
12	0.01586	0.03364	0.11254	0.25552	0.09744	0.01529	0.21638	0.02084	0.01554	0.08345	0.05469	0.01992	0.01350	0.00695	0.00718	0.00221	0.00918	0.00693	0.00392	0.00901
13	0.02025	0.01016	0.01313	0.01100	0.01432	0.00958	0.00864	0.10296	0.01954	0.30693	0.23591	0.08268	0.03244	0.01255	0.00931	0.08012	0.00511	0.00928	0.00730	0.00877
14	0.01620	0.01551	0.02644	0.17028	0.59434	0.01606	0.02063	0.02035	0.01523	0.02146	0.01274	0.01717	0.01052	0.00623	0.00679	0.00208	0.00831	0.00609	0.00332	0.01024
15	0.01331	0.01352	0.05181	0.58450	0.05946	0.01527	0.05932	0.01760	0.01355	0.01776	0.01212	0.01801	0.00933	0.00771	0.00850	0.03629	0.04504	0.00615	0.00306	0.00769
16	0.05749	0.02688	0.01953	0.01945	0.10444	0.49130	0.01349	0.10755	0.01998	0.02136	0.01441	0.01597	0.04392	0.00755	0.00634	0.00187	0.01050	0.00529	0.00409	0.00861
17	0.02820	0.01375	0.01601	0.01246	0.01767	0.08041	0.01013	0.03080	0.01891	0.56819	0.02359	0.02112	0.01532	0.00792	0.00659	0.00195	0.00637	0.00630	0.00745	0.10687
18	0.01438	0.01347	0.02260	0.55795	0.15896	0.01576	0.04788	0.05143	0.01501	0.01975	0.01256	0.01794	0.00959	0.00674	0.00688	0.00223	0.00898	0.00617	0.00330	0.00842
19	0.01516	0.04797	0.07183	0.33781	0.03252	0.01411	0.09511	0.01968	0.02985	0.10278	0.01846	0.02225	0.05258	0.01289	0.09476	0.00328	0.00970	0.00690	0.00408	0.00830
20	0.01577	0.01507	0.02568	0.24427	0.52366	0.01595	0.02042	0.01998	0.01503	0.02095	0.01266	0.01731	0.01034	0.00631	0.00679	0.00210	0.00841	0.00609	0.00329	0.00990
21	0.02279	0.01725	0.01921	0.01504	0.02025	0.03587	0.03683	0.41944	0.12481	0.07612	0.01845	0.01943	0.01371	0.00816	0.00674	0.00200	0.00706	0.02366	0.00640	0.10679
22	0.01561	0.01490	0.02576	0.10473	0.51560	0.01505	0.06931	0.01975	0.01590	0.02246	0.09765	0.02131	0.01714	0.00710	0.00703	0.00209	0.00789	0.00700	0.00386	0.00987
23	0.01798	0.01823	0.02675	0.03904	0.63268	0.10290	0.02005	0.02176	0.01604	0.02167	0.01259	0.01638	0.01059	0.00621	0.00670	0.00200	0.00864	0.00589	0.00340	0.01049
24	0.00872	0.00637	0.00878	0.03671	0.01163	0.00627	0.00716	0.01021	0.01299	0.01739	0.03484	0.63863	0.04102	0.02374	0.07931	0.00357	0.00562	0.03538	0.00597	0.00571
25	0.03011	0.01177	0.01586	0.01225	0.01748	0.01035	0.01009	0.03347	0.04873	0.69214	0.02703	0.02338	0.01710	0.00850	0.00688	0.00213	0.00580	0.00692	0.00840	0.01161
26	0.01427	0.12354	0.64081	0.01856	0.02815	0.01724	0.02363	0.02152	0.01438	0.02099	0.01194	0.01402	0.00868	0.00642	0.00624	0.00208	0.00977	0.00489	0.00289	0.00995
27	0.02404	0.01773	0.01938	0.01517	0.02013	0.01968	0.01246	0.61155	0.02960	0.03982	0.01666	0.01769	0.01230	0.01343	0.09467	0.00314	0.00884	0.00630	0.00646	0.01097
28	0.00992	0.00762	0.01004	0.04169	0.01273	0.00743	0.00763	0.01151	0.01300	0.01779	0.03037	0.47799	0.03520	0.09294	0.01157	0.00297	0.04090	0.06120	0.00554	0.10197
29	0.00995	0.00663	0.00746	0.00746	0.00746	0.00663	0.00415	0.00995	0.00995	0.01327	0.02156	0.04477	0.02487	0.75957	0.03482	0.00663	0.00663	0.00995	0.00415	0.00415
30	0.00977	0.00733	0.01100	0.01100	0.01222	0.00855	0.00855	0.01222	0.01100	0.01588	0.01833	0.02688	0.01710	0.05131	0.73245	0.01100	0.01833	0.00733	0.00367	0.00611
31	0.01292	0.01216	0.02052	0.74312	0.04712	0.01520	0.01900	0.01748	0.01368	0.01748	0.01216	0.01824	0.00912	0.00684	0.00684	0.00228	0.00912	0.00608	0.00304	0.00760
32	0.00874	0.00639	0.00844	0.04483	0.01140	0.00617	0.00664	0.00998	0.01287	0.01701	0.03604	0.59981	0.07351	0.10987	0.01177	0.00320	0.00452	0.01741	0.00592	0.00550
33	0.01651	0.01610	0.02501	0.03588	0.56295	0.05738	0.01881	0.02013	0.01504	0.02101	0.01321	0.01775	0.01138	0.01174	0.09301	0.00311	0.04148	0.00614	0.00341	0.00996
34	0.02440	0.03041	0.02051	0.02090	0.11463	0.63592	0.01426	0.02647	0.01888	0.01750	0.01088	0.01295	0.00908	0.00692	0.00625	0.00180	0.01177	0.00463	0.00351	0.00832
35	0.01709	0.01600	0.01537	0.01183	0.01721	0.12687	0.00935	0.10034	0.01728	0.02370	0.01576	0.01718	0.05124	0.00648	0.00564	0.00134	0.00644	0.00497	0.00444	0.53147
36	0.06383	0.10840	0.02070	0.04747	0.01945	0.14847	0.01276	0.06426	0.01476	0.02005	0.01051	0.01390	0.00920	0.00842	0.01172	0.00212	0.27950	0.00499	0.00358	0.13591
37	0.22684	0.10431	0.02250	0.09472	0.30911	0.05926	0.01527	0.05347	0.01519	0.02403	0.01156	0.01452	0.00944	0.00637	0.00579	0.00200	0.00759	0.00508	0.00370	0.00924

[dist]
# distance from previous block
# <min> <max>
0	8

[block]
# block no. 3 follows, 31 sequences, length 101
# corresponding to MSA columns:
# 208-308
name=unknown_D
#
# <colnr> <probs for GDERKNQSTAVLIFYWHMCP>
#	G	D	E	R	K	N	Q	S	T	A	V	L	I	F	Y	W	H	M	C	P
0	0.02387	0.02771	0.01932	0.01837	0.06741	0.52825	0.01322	0.12540	0.02069	0.02114	0.01432	0.04423	0.03055	0.00802	0.00647	0.00188	0.01075	0.00566	0.00420	0.00853
1	0.01130	0.00958	0.01393	0.01305	0.01391	0.01221	0.01044	0.01347	0.01084	0.01605	0.01557	0.02337	0.01471	0.03972	0.52319	0.00864	0.23310	0.00693	0.00347	0.00651
2	0.02066	0.01196	0.01485	0.01093	0.01670	0.00949	0.00887	0.02355	0.01630	0.29657	0.01798	0.01776	0.01280	0.00640	0.00578	0.00145	0.00536	0.00516	0.00578	0.49165
3	0.01856	0.73697	0.03525	0.01192	0.01769	0.05283	0.01176	0.02074	0.01410	0.01612	0.00955	0.01102	0.00878	0.00590	0.00445	0.00147	0.00750	0.00369	0.00295	0.00875
4	0.02348	0.02891	0.02050	0.02164	0.14474	0.58228	0.01436	0.02566	0.01859	0.01780	0.01279	0.01480	0.03081	0.00720	0.00634	0.00183	0.01132	0.00502	0.00359	0.00838
5	0.00987	0.00660	0.00748	0.00756	0.00758	0.00658	0.00425	0.00993	0.01010	0.01347	0.02232	0.07856	0.02584	0.72445	0.03358	0.00645	0.00651	0.01040	0.00425	0.00421
6	0.02198	0.01716	0.01827	0.01493	0.01968	0.01934	0.01203	0.39980	0.33299	0.03663	0.02153	0.02050	0.01577	0.00869	0.00690	0.00217	0.00658	0.00686	0.00690	0.01127
7	0.01400	0.05986	0.66790	0.01967	0.02948	0.01634	0.05633	0.02164	0.01451	0.02148	0.01226	0.01451	0.00875	0.00644	0.00650	0.00215	0.01008	0.00515	0.00292	0.01002
8	0.01630	0.36747	0.38175	0.01579	0.02377	0.02121	0.01859	0.04781	0.01490	0.01997	0.01118	0.01294	0.00884	0.00627	0.00555	0.00184	0.00873	0.00446	0.00306	0.00956
9	0.01338	0.03294	0.66260	0.01878	0.02810	0.01510	0.02385	0.02083	0.01444	0.02144	0.01440	0.04845	0.01156	0.00767	0.00672	0.00224	0.00968	0.03488	0.00318	0.00975
10	0.00834	0.00595	0.00794	0.00953	0.00992	0.00556	0.00635	0.00953	0.01310	0.01746	0.03771	0.75510	0.04525	0.02143	0.00873	0.00278	0.00397	0.01945	0.00635	0.00556
11	0.01613	0.02478	0.25014	0.02508	0.03273	0.07214	0.43341	0.02226	0.01587	0.02144	0.01310	0.01674	0.00973	0.00609	0.00744	0.00222	0.01116	0.00686	0.00329	0.00940
12	0.01412	0.01197	0.04015	0.01733	0.02097	0.01091	0.21286	0.01799	0.01596	0.08174	0.02822	0.10571	0.02841	0.01394	0.00868	0.00275	0.00774	0.34730	0.00555	0.00768
13	0.00809	0.00693	0.00693	0.00693	0.00924	0.00578	0.00520	0.00982	0.01559	0.01848	0.06931	0.06584	0.71411	0.01733	0.00809	0.00231	0.00347	0.01444	0.00635	0.00578
14	0.80789	0.01323	0.01006	0.00900	0.01323	0.01535	0.00741	0.02011	0.01164	0.03070	0.00953	0.01111	0.00741	0.00635	0.00423	0.00212	0.00529	0.00370	0.00423	0.00741
15	0.00834	0.00595	0.00794	0.00953	0.00992	0.00556	0.00635	0.00953	0.01310	0.01746	0.03771	0.75510	0.04525	0.02143	0.00873	0.00278	0.00397	0.01945	0.00635	0.00556
16	0.80789	0.01323	0.01006	0.00900	0.01323	0.01535	0.00741	0.02011	0.01164	0.03070	0.00953	0.01111	0.00741	0.00635	0.00423	0.00212	0.00529	0.00370	0.00423	0.00741
17	0.00977	0.00733	0.01100	0.01100	0.01222	0.00855	0.00855	0.01222	0.01100	0.01588	0.01833	0.02688	0.01710	0.05131	0.73245	0.01100	0.01833	0.00733	0.00367	0.00611
18	0.01829	0.76368	0.03585	0.01171	0.01756	0.02707	0.01171	0.02049	0.01390	0.01610	0.00951	0.01097	0.00878	0.00585	0.00439	0.00146	0.00732	0.00366	0.00293	0.00878
19	0.01292	0.01216	0.02052	0.74312	0.04712	0.01520	0.01900	0.01748	0.01368	0.01748	0.01216	0.01824	0.00912	0.00684	0.00684	0.00228	0.00912	0.00608	0.00304	0.00760
20	0.01102	0.00799	0.01092	0.01236	0.01392	0.00805	0.01056	0.01469	0.04572	0.02054	0.03600	0.14149	0.03914	0.01873	0.00927	0.00308	0.00603	0.57775	0.00633	0.00643
21	0.00968	0.00699	0.00914	0.00861	0.01022	0.00646	0.00646	0.01291	0.01937	0.02743	0.71328	0.05110	0.06455	0.01399	0.00807	0.00215	0.00323	0.01237	0.00753	0.00646
22	0.01304	0.01239	0.02125	0.71702	0.04670	0.01528	0.04359	0.01764	0.01377	0.01764	0.01222	0.01825	0.00917	0.00680	0.00689	0.00228	0.00921	0.00615	0.00306	0.00766
23	0.00995	0.00663	0.00746	0.00746	0.00746	0.00663	0.00415	0.00995	0.00995	0.01327	0.02156	0.04477	0.02487	0.75957	0.03482	0.00663	0.00663	0.00995	0.00415	0.00415
24	0.01092	0.00784	0.01087	0.01239	0.01399	0.00780	0.01081	0.01401	0.01574	0.02040	0.03744	0.07675	0.06428	0.01884	0.00940	0.00312	0.00620	0.64661	0.00630	0.00628
25	0.05080	0.24984	0.42727	0.01738	0.05469	0.01897	0.01962	0.02171	0.01443	0.04997	0.01198	0.01374	0.00909	0.00637	0.00580	0.00195	0.00880	0.00470	0.00322	0.00969
26	0.01671	0.01603	0.02738	0.08008	0.68051	0.01620	0.02089	0.02081	0.01547	0.02209	0.01283	0.01700	0.01074	0.00614	0.00678	0.00205	0.00818	0.00609	0.00337	0.01066
27	0.01829	0.76368	0.03585	0.01171	0.01756	0.02707	0.01171	0.02049	0.01390	0.01610	0.00951	0.01097	0.00878	0.00585	0.00439	0.00146	0.00732	0.00366	0.00293	0.00878
28	0.01829	0.76368	0.03585	0.01171	0.01756	0.02707	0.01171	0.02049	0.01390	0.01610	0.00951	0.01097	0.00878	0.00585	0.00439	0.00146	0.00732	0.00366	0.00293	0.00878
29	0.01460	0.01240	0.01441	0.01033	0.01639	0.00954	0.00828	0.04072	0.01481	0.02302	0.01231	0.01426	0.01019	0.00518	0.00513	0.00105	0.00515	0.00413	0.00415	0.77398
30	0.02260	0.05731	0.02028	0.17034	0.02648	0.55298	0.01438	0.02497	0.01797	0.01687	0.01087	0.01353	0.00888	0.00696	0.00624	0.00186	0.01146	0.00473	0.00340	0.00790
31	0.00832	0.00600	0.00789	0.00940	0.00989	0.00557	0.00630	0.00954	0.01322	0.01751	0.03921	0.72231	0.07707	0.02124	0.00870	0.00276	0.00395	0.01921	0.00635	0.00557
32	0.01464	0.01392	0.02363	0.44257	0.33423	0.01565	0.01986	0.01899	0.01449	0.01957	0.01246	0.01768	0.00986	0.00652	0.00681	0.00217	0.00869	0.00609	0.00319	0.00899
33	0.01579	0.03635	0.02125	0.01777	0.01817	0.07031	0.01476	0.01732	0.01119	0.01647	0.00911	0.01468	0.00896	0.01147	0.02084	0.00287	0.67630	0.00582	0.00303	0.00755
34	0.01419	0.01216	0.01419	0.01013	0.01621	0.00912	0.00811	0.01723	0.01419	0.02229	0.01216	0.01419	0.01013	0.00507	0.00507	0.00101	0.00507	0.00405	0.00405	0.80139
35	0.01107	0.00923	0.01202	0.01163	0.01271	0.04382	0.00895	0.01312	0.01123	0.01570	0.01736	0.02692	0.01673	0.12212	0.55010	0.00927	0.09094	0.00734	0.00364	0.00612
36	0.01829	0.76368	0.03585	0.01171	0.01756	0.02707	0.01171	0.02049	0.01390	0.01610	0.00951	0.01097	0.00878	0.00585	0.00439	0.00146	0.00732	0.00366	0.00293	0.00878
37	0.01188	0.00594	0.00891	0.00891	0.00891	0.00594	0.00594	0.00891	0.00891	0.01188	0.01188	0.02080	0.01188	0.02377	0.02674	0.80095	0.00594	0.00594	0.00297	0.00297
38	0.00980	0.00723	0.01047	0.01047	0.01151	0.00826	0.00789	0.01188	0.01084	0.01549	0.01881	0.02955	0.01827	0.15722	0.62813	0.01034	0.01658	0.00772	0.00374	0.00581
39	0.01693	0.01626	0.02777	0.04199	0.71689	0.01626	0.02100	0.02100	0.01558	0.02235	0.01287	0.01693	0.01084	0.00610	0.00677	0.00203	0.00813	0.00610	0.00339	0.01084
40	0.00977	0.00733	0.01100	0.01100	0.01222	0.00855	0.00855	0.01222	0.01100	0.01588	0.01833	0.02688	0.01710	0.05131	0.73245	0.01100	0.01833	0.00733	0.00367	0.00611
41	0.80789	0.01323	0.01006	0.00900	0.01323	0.01535	0.00741	0.02011	0.01164	0.03070	0.00953	0.01111	0.00741	0.00635	0.00423	0.00212	0.00529	0.00370	0.00423	0.00741
42	0.01421	0.03160	0.57486	0.02120	0.03041	0.01631	0.14988	0.02156	0.01464	0.02156	0.01247	0.01521	0.00900	0.00653	0.00727	0.00222	0.03256	0.00565	0.00300	0.00987
43	0.00992	0.00676	0.00811	0.00811	0.00834	0.00699	0.00496	0.01037	0.01014	0.01375	0.02096	0.04147	0.02344	0.62902	0.16341	0.00744	0.00879	0.00947	0.00406	0.00451
44	0.80789	0.01323	0.01006	0.00900	0.01323	0.01535	0.00741	0.02011	0.01164	0.03070	0.00953	0.01111	0.00741	0.00635	0.00423	0.00212	0.00529	0.00370	0.00423	0.00741
45	0.01419	0.01216	0.01419	0.01013	0.01621	0.00912	0.00811	0.01723	0.01419	0.02229	0.01216	0.01419	0.01013	0.00507	0.00507	0.00101	0.00507	0.00405	0.00405	0.80139
46	0.00977	0.00733	0.01100	0.01100	0.01222	0.00855	0.00855	0.01222	0.01100	0.01588	0.01833	0.02688	0.01710	0.05131	0.73245	0.01100	0.01833	0.00733	0.00367	0.00611
47	0.02601	0.01916	0.02053	0.01574	0.02122	0.02122	0.01300	0.69408	0.03217	0.04312	0.01643	0.01643	0.01163	0.00821	0.00684	0.00205	0.00753	0.00616	0.00684	0.01163
48	0.01188	0.00594	0.00891	0.00891	0.00891	0.00594	0.00594	0.00891	0.00891	0.01188	0.01188	0.02080	0.01188	0.02377	0.02674	0.80095	0.00594	0.00594	0.00297	0.00297
49	0.01311	0.01235	0.02086	0.70997	0.07879	0.01525	0.01909	0.01765	0.01377	0.01771	0.01219	0.01818	0.00920	0.00680	0.00684	0.00227	0.00907	0.00608	0.00306	0.00775
50	0.80789	0.01323	0.01006	0.00900	0.01323	0.01535	0.00741	0.02011	0.01164	0.03070	0.00953	0.01111	0.00741	0.00635	0.00423	0.00212	0.00529	0.00370	0.00423	0.00741
51	0.00943	0.00698	0.00880	0.00835	0.01007	0.00635	0.00626	0.01243	0.01878	0.02604	0.61269	0.05341	0.16601	0.01451	0.00807	0.00218	0.00326	0.01270	0.00735	0.00635
52	0.00968	0.00699	0.00914	0.00861	0.01022	0.00646	0.00646	0.01291	0.01937	0.02743	0.71328	0.05110	0.06455	0.01399	0.00807	0.00215	0.00323	0.01237	0.00753	0.00646
53	0.00919	0.00667	0.00866	0.00881	0.01008	0.00614	0.00636	0.01171	0.01724	0.02391	0.47257	0.27072	0.08945	0.01646	0.00828	0.00235	0.00347	0.01467	0.00711	0.00614
54	0.80789	0.01323	0.01006	0.00900	0.01323	0.01535	0.00741	0.02011	0.01164	0.03070	0.00953	0.01111	0.00741	0.00635	0.00423	0.00212	0.00529	0.00370	0.00423	0.00741
55	0.01633	0.45054	0.33178	0.01506	0.02274	0.02226	0.01754	0.02099	0.01413	0.01849	0.01070	0.01247	0.00873	0.00613	0.00530	0.00177	0.00852	0.00426	0.00291	0.00935
56	0.01419	0.01216	0.01419	0.01013	0.01621	0.00912	0.00811	0.01723	0.01419	0.02229	0.01216	0.01419	0.01013	0.00507	0.00507	0.00101	0.00507	0.00405	0.00405	0.80139
57	0.00895	0.00696	0.00813	0.00784	0.00977	0.00614	0.00588	0.01150	0.01764	0.02334	0.41894	0.05784	0.36145	0.01551	0.00808	0.00222	0.00334	0.01332	0.00699	0.00614
58	0.01442	0.01250	0.01984	0.62381	0.04225	0.01515	0.01762	0.07598	0.01572	0.04111	0.04632	0.01980	0.01221	0.00735	0.00690	0.00225	0.00860	0.00641	0.00374	0.00801
59	0.80789	0.01323	0.01006	0.00900	0.01323	0.01535	0.00741	0.02011	0.01164	0.03070	0.00953	0.01111	0.00741	0.00635	0.00423	0.00212	0.00529	0.00370	0.00423	0.00741
60	0.12621	0.01323	0.01909	0.48562	0.03691	0.01586	0.03817	0.05927	0.09860	0.02232	0.01400	0.01803	0.01050	0.00711	0.00653	0.00225	0.00812	0.00602	0.00392	0.00825
61	0.00948	0.00681	0.00756	0.00767	0.00845	0.00647	0.00493	0.01021	0.01199	0.01529	0.03645	0.05316	0.22600	0.49213	0.02528	0.00513	0.00569	0.05759	0.00494	0.00477
62	0.02308	0.01743	0.01867	0.01502	0.01994	0.01947	0.01218	0.45112	0.26099	0.05744	0.02062	0.01972	0.01494	0.00858	0.00688	0.00215	0.00676	0.00672	0.00693	0.01136
63	0.01829	0.76368	0.03585	0.01171	0.01756	0.02707	0.01171	0.02049	0.01390	0.01610	0.00951	0.01097	0.00878	0.00585	0.00439	0.00146	0.00732	0.00366	0.00293	0.00878
64	0.01396	0.06877	0.65281	0.01862	0.02831	0.01605	0.02370	0.02137	0.01440	0.02144	0.01214	0.01427	0.00875	0.00639	0.00632	0.00207	0.00970	0.00493	0.00295	0.05303
65	0.01376	0.01067	0.01369	0.29021	0.02469	0.05738	0.03187	0.01746	0.01448	0.02175	0.01740	0.02165	0.01352	0.00741	0.00576	0.00189	0.00631	0.00619	0.41689	0.00703
66	0.01060	0.00720	0.00944	0.00876	0.01054	0.00661	0.00661	0.01380	0.01938	0.05764	0.68342	0.04989	0.06248	0.01375	0.00802	0.00215	0.00334	0.01213	0.00757	0.00668
67	0.01852	0.01542	0.01661	0.04320	0.01959	0.01772	0.01156	0.15739	0.55261	0.03086	0.02511	0.02355	0.01870	0.00899	0.00693	0.00227	0.00595	0.00738	0.00678	0.01085
68	0.00969	0.00717	0.00934	0.01058	0.01201	0.00682	0.00856	0.01203	0.01502	0.01926	0.04368	0.25184	0.18516	0.01922	0.00897	0.00287	0.00508	0.36034	0.00632	0.00599
69	0.00854	0.00703	0.00777	0.00784	0.00988	0.00633	0.00596	0.01040	0.01473	0.01803	0.05851	0.05976	0.55491	0.04389	0.12071	0.00381	0.00598	0.04425	0.00587	0.00580
70	0.46553	0.01699	0.01454	0.01211	0.01672	0.07911	0.00988	0.25778	0.01953	0.03386	0.01204	0.01309	0.00902	0.00707	0.00532	0.00206	0.00669	0.00463	0.00509	0.00894
71	0.01432	0.03370	0.66268	0.01895	0.02868	0.01587	0.02402	0.05328	0.01527	0.02271	0.01247	0.01453	0.00887	0.00652	0.00646	0.00212	0.00979	0.00507	0.00312	0.04159
72	0.00968	0.00699	0.00914	0.00861	0.01022	0.00646	0.00646	0.01291	0.01937	0.02743	0.71328	0.05110	0.06455	0.01399	0.00807	0.00215	0.00323	0.01237	0.00753	0.00646
73	0.01618	0.01711	0.10313	0.24343	0.39632	0.01582	0.02024	0.04053	0.01554	0.04756	0.01323	0.01726	0.01034	0.00651	0.00677	0.00212	0.00854	0.00601	0.00352	0.00986
74	0.02003	0.58910	0.03192	0.01312	0.01842	0.19543	0.01207	0.02212	0.01521	0.01625	0.00977	0.01130	0.00879	0.00614	0.00481	0.00153	0.00852	0.00384	0.00307	0.00858
75	0.01540	0.01739	0.06233	0.02258	0.02596	0.01919	0.29880	0.01899	0.01304	0.01899	0.01117	0.01640	0.00955	0.00912	0.01568	0.00267	0.40440	0.00682	0.00318	0.00834
76	0.01372	0.03539	0.72412	0.01950	0.02961	0.01589	0.02528	0.02167	0.01444	0.02167	0.01228	0.01444	0.00867	0.00650	0.00650	0.00217	0.01011	0.00506	0.00289	0.01011
77	0.01372	0.03539	0.72412	0.01950	0.02961	0.01589	0.02528	0.02167	0.01444	0.02167	0.01228	0.01444	0.00867	0.00650	0.00650	0.00217	0.01011	0.00506	0.00289	0.01011
78	0.01159	0.00605	0.00870	0.00870	0.00870	0.00605	0.00567	0.00907	0.00907	0.01209	0.01333	0.02438	0.01383	0.13380	0.02795	0.68217	0.00605	0.00654	0.00315	0.00315
79	0.01409	0.09378	0.66894	0.01887	0.02864	0.01679	0.02419	0.02157	0.01440	0.02122	0.01206	0.01417	0.00868	0.00645	0.00633	0.00211	0.00989	0.00494	0.00289	0.01000
80	0.01655	0.01853	0.11062	0.03932	0.63512	0.01621	0.02151	0.02108	0.01544	0.02227	0.01280	0.01664	0.01058	0.00614	0.00674	0.00205	0.00836	0.00597	0.00333	0.01075
81	0.00815	0.00693	0.00701	0.00699	0.00928	0.00580	0.00524	0.00993	0.01573	0.01882	0.09334	0.06529	0.68987	0.01720	0.00809	0.00230	0.00346	0.01436	0.00640	0.00580
82	0.01372	0.03539	0.72412	0.01950	0.02961	0.01589	0.02528	0.02167	0.01444	0.02167	0.01228	0.01444	0.00867	0.00650	0.00650	0.00217	0.01011	0.00506	0.00289	0.01011
83	0.01622	0.01827	0.03928	0.02997	0.09439	0.01721	0.63427	0.02184	0.01610	0.02195	0.01376	0.01832	0.01042	0.00580	0.00796	0.00228	0.01124	0.00790	0.00345	0.00937
84	0.01568	0.01273	0.01657	0.01425	0.01529	0.01598	0.01128	0.09888	0.01356	0.06016	0.01471	0.02406	0.01435	0.21034	0.05666	0.00417	0.38275	0.00717	0.00412	0.00729
85	0.01419	0.11014	0.65348	0.01870	0.02837	0.01704	0.02388	0.02154	0.01439	0.02109	0.01199	0.01409	0.00868	0.00643	0.00628	0.00209	0.00982	0.00491	0.00289	0.00997
86	0.01102	0.00787	0.01102	0.01260	0.01417	0.00787	0.01102	0.01417	0.01575	0.02047	0.03622	0.07717	0.03937	0.01890	0.00945	0.00315	0.00630	0.67084	0.00630	0.00630
87	0.08567	0.01838	0.07144	0.01395	0.01924	0.14404	0.01199	0.11449	0.02016	0.40111	0.02021	0.01883	0.01343	0.00787	0.00652	0.00205	0.00752	0.00596	0.00661	0.01053
88	0.01595	0.01347	0.06121	0.01584	0.02031	0.01163	0.19866	0.07600	0.01813	0.13126	0.15053	0.10092	0.13335	0.01115	0.00776	0.00227	0.00680	0.01036	0.00592	0.00849
89	0.01848	0.46204	0.23201	0.01401	0.02102	0.02177	0.01542	0.02239	0.01475	0.10355	0.01244	0.01347	0.00974	0.00636	0.00530	0.00175	0.00794	0.00445	0.00359	0.00951
90	0.00992	0.00676	0.00811	0.00811	0.00833	0.00698	0.00495	0.01036	0.01014	0.01374	0.02097	0.04150	0.02345	0.63022	0.16223	0.00743	0.00877	0.00947	0.00406	0.00450
91	0.48555	0.01541	0.02104	0.01618	0.02141	0.01642	0.23933	0.06777	0.01460	0.02859	0.01147	0.01397	0.00871	0.00628	0.00571	0.00218	0.00756	0.00535	0.00415	0.00832
92	0.04006	0.02494	0.24078	0.02835	0.31298	0.14058	0.04472	0.02288	0.04123	0.02162	0.01278	0.01557	0.01007	0.00650	0.00657	0.00205	0.00941	0.00555	0.00342	0.00995
93	0.04295	0.01290	0.02137	0.59596	0.16056	0.01539	0.01891	0.01818	0.01393	0.01880	0.01218	0.01775	0.00935	0.00669	0.00673	0.00223	0.00881	0.00599	0.00314	0.00815
94	0.00873	0.00626	0.00829	0.00926	0.01001	0.00582	0.00638	0.01052	0.01494	0.02040	0.23644	0.54800	0.05093	0.01924	0.00854	0.00259	0.00375	0.01737	0.00670	0.00582
95	0.01758	0.15996	0.09279	0.02937	0.38211	0.05786	0.04294	0.04029	0.07231	0.02184	0.01341	0.01607	0.01096	0.00644	0.00633	0.00196	0.00828	0.00566	0.00365	0.01018
96	0.01766	0.03895	0.19286	0.04645	0.07318	0.01486	0.15012	0.06509	0.04701	0.13430	0.05213	0.02430	0.03660	0.00840	0.00763	0.00224	0.02932	0.04439	0.00488	0.00964
97	0.00979	0.00697	0.00950	0.01102	0.01200	0.00680	0.00866	0.01193	0.01432	0.01883	0.03624	0.37572	0.04134	0.05225	0.01024	0.00314	0.00528	0.35387	0.00623	0.00588
98	0.01861	0.73187	0.03513	0.01196	0.01772	0.05775	0.01177	0.02078	0.01414	0.01612	0.00956	0.01103	0.00878	0.00591	0.00447	0.00148	0.00753	0.00369	0.00295	0.00874
99	0.01746	0.01685	0.04696	0.07806	0.42209	0.01661	0.11622	0.12108	0.01788	0.02486	0.01456	0.04921	0.01222	0.00709	0.00705	0.00213	0.00847	0.00694	0.00401	0.01027
100	0.05289	0.08034	0.02059	0.01693	0.05309	0.29580	0.01289	0.24695	0.10672	0.02762	0.01461	0.01537	0.01126	0.00754	0.00631	0.00193	0.00906	0.00539	0.00501	0.00969

[dist]
# distance from previous block
# <min> <max>
0	1

[block]
# block no. 4 follows, 31 sequences, length 36
# corresponding to MSA columns:
# 310-345
name=unknown_E
#
# <colnr> <probs for GDERKNQSTAVLIFYWHMCP>
#	G	D	E	R	K	N	Q	S	T	A	V	L	I	F	Y	W	H	M	C	P
0	0.71558	0.01358	0.01212	0.01285	0.09535	0.01545	0.00899	0.02021	0.01210	0.02972	0.00992	0.01179	0.00781	0.00632	0.00453	0.00211	0.00562	0.00398	0.00413	0.00781
1	0.00979	0.00678	0.00815	0.00851	0.00869	0.00692	0.00532	0.01035	0.01112	0.01519	0.02598	0.25998	0.03011	0.47027	0.02507	0.00509	0.03804	0.01254	0.03730	0.00481
2	0.01340	0.01283	0.02220	0.64986	0.09631	0.01540	0.05786	0.01800	0.01396	0.01810	0.01231	0.01815	0.00932	0.00672	0.00691	0.00226	0.00918	0.00620	0.00309	0.00793
3	0.01132	0.00972	0.01270	0.01223	0.01344	0.05169	0.00961	0.01361	0.01141	0.01600	0.01673	0.02458	0.01563	0.04394	0.60353	0.00948	0.10743	0.00700	0.00357	0.00638
4	0.00992	0.00676	0.00811	0.00811	0.00833	0.00698	0.00495	0.01036	0.01014	0.01374	0.02096	0.04150	0.02345	0.62997	0.16247	0.00743	0.00877	0.00947	0.00406	0.00450
5	0.01188	0.00594	0.00891	0.00891	0.00891	0.00594	0.00594	0.00891	0.00891	0.01188	0.01188	0.02080	0.01188	0.02377	0.02674	0.80095	0.00594	0.00594	0.00297	0.00297
6	0.00968	0.00699	0.00914	0.00861	0.01022	0.00646	0.00646	0.01291	0.01937	0.02743	0.71328	0.05110	0.06455	0.01399	0.00807	0.00215	0.00323	0.01237	0.00753	0.00646
7	0.00995	0.00663	0.00746	0.00746	0.00746	0.00663	0.00415	0.00995	0.00995	0.01327	0.02156	0.04477	0.02487	0.75957	0.03482	0.00663	0.00663	0.00995	0.00415	0.00415
8	0.00954	0.00699	0.00894	0.00845	0.01013	0.00639	0.00634	0.01263	0.01902	0.02661	0.65385	0.05246	0.12450	0.01429	0.00807	0.00217	0.00325	0.01256	0.00742	0.00639
9	0.01292	0.01216	0.02052	0.74312	0.04712	0.01520	0.01900	0.01748	0.01368	0.01748	0.01216	0.01824	0.00912	0.00684	0.00684	0.00228	0.00912	0.00608	0.00304	0.00760
10	0.01497	0.01497	0.02095	0.01796	0.01796	0.02095	0.01497	0.01646	0.01048	0.01646	0.00898	0.01497	0.00898	0.01197	0.02245	0.00299	0.74704	0.00599	0.00299	0.00748
11	0.01419	0.01216	0.01419	0.01013	0.01621	0.00912	0.00811	0.01723	0.01419	0.02229	0.01216	0.01419	0.01013	0.00507	0.00507	0.00101	0.00507	0.00405	0.00405	0.80139
12	0.01587	0.01517	0.02584	0.22849	0.53873	0.01597	0.02047	0.02006	0.01507	0.02106	0.01268	0.01728	0.01038	0.00629	0.00679	0.00210	0.00839	0.00609	0.00329	0.00998
13	0.01188	0.00594	0.00891	0.00891	0.00891	0.00594	0.00594	0.00891	0.00891	0.01188	0.01188	0.02080	0.01188	0.02377	0.02674	0.80095	0.00594	0.00594	0.00297	0.00297
14	0.01310	0.01227	0.02029	0.71057	0.04581	0.01528	0.01864	0.01832	0.04452	0.01798	0.01286	0.01857	0.00965	0.00695	0.00685	0.00228	0.00895	0.00615	0.00322	0.00774
15	0.00856	0.00650	0.00789	0.00850	0.00977	0.00583	0.00601	0.01038	0.01530	0.02003	0.19978	0.37835	0.26142	0.01846	0.00838	0.00249	0.00364	0.01627	0.00662	0.00583
16	0.02505	0.02135	0.02008	0.04227	0.02198	0.16029	0.01316	0.50949	0.05900	0.03637	0.01563	0.01610	0.01140	0.00798	0.00672	0.00202	0.00843	0.00588	0.00606	0.01073
17	0.01498	0.23545	0.53505	0.01736	0.02630	0.01896	0.02155	0.02134	0.01429	0.02014	0.01152	0.01349	0.00870	0.00632	0.00592	0.00197	0.00934	0.00467	0.00290	0.00975
18	0.01245	0.00954	0.01414	0.01477	0.07715	0.00938	0.06830	0.07922	0.01544	0.04592	0.02944	0.46446	0.03282	0.05805	0.03239	0.00304	0.00601	0.01461	0.00575	0.00710
19	0.01480	0.01252	0.01452	0.01042	0.01647	0.00975	0.00836	0.05236	0.01512	0.02337	0.01238	0.01430	0.01021	0.00523	0.00516	0.00107	0.00519	0.00416	0.00420	0.76040
20	0.01188	0.00594	0.00891	0.00891	0.00891	0.00594	0.00594	0.00891	0.00891	0.01188	0.01188	0.02080	0.01188	0.02377	0.02674	0.80095	0.00594	0.00594	0.00297	0.00297
21	0.01484	0.02760	0.40969	0.02379	0.03244	0.01654	0.33190	0.02178	0.01523	0.02178	0.01300	0.01629	0.00945	0.00616	0.00722	0.00223	0.01077	0.00644	0.00315	0.00970
22	0.01615	0.01845	0.04037	0.02884	0.03576	0.01730	0.69204	0.02191	0.01615	0.02191	0.01384	0.01845	0.01038	0.00577	0.00807	0.00231	0.01153	0.00807	0.00346	0.00923
23	0.01188	0.00594	0.00891	0.00891	0.00891	0.00594	0.00594	0.00891	0.00891	0.01188	0.01188	0.02080	0.01188	0.02377	0.02674	0.80095	0.00594	0.00594	0.00297	0.00297
24	0.01702	0.01470	0.01547	0.01392	0.01779	0.01702	0.01083	0.03635	0.70453	0.02862	0.02785	0.02553	0.02088	0.00928	0.00696	0.00232	0.00541	0.00773	0.00696	0.01083
25	0.00839	0.00600	0.00799	0.00949	0.00994	0.00560	0.00636	0.00967	0.01336	0.01789	0.06643	0.72517	0.04607	0.02112	0.00870	0.00275	0.00394	0.01915	0.00640	0.00560
26	0.00962	0.00699	0.00906	0.00854	0.01018	0.00643	0.00640	0.01279	0.01921	0.02708	0.68745	0.05170	0.09060	0.01412	0.00807	0.00216	0.00324	0.01246	0.00748	0.00643
27	0.02335	0.01523	0.01659	0.01308	0.01760	0.01637	0.01069	0.45528	0.02644	0.11645	0.01905	0.01940	0.01366	0.00818	0.00635	0.00195	0.00629	0.00629	0.19738	0.01037
28	0.01372	0.03539	0.72412	0.01950	0.02961	0.01589	0.02528	0.02167	0.01444	0.02167	0.01228	0.01444	0.00867	0.00650	0.00650	0.00217	0.01011	0.00506	0.00289	0.01011
29	0.00954	0.00694	0.00898	0.00856	0.01016	0.00638	0.00639	0.01260	0.01890	0.02653	0.65033	0.08264	0.09742	0.01449	0.00810	0.00219	0.00327	0.01279	0.00742	0.00638
30	0.01197	0.00750	0.00988	0.00900	0.01101	0.00685	0.00685	0.01514	0.01939	0.10314	0.63844	0.04807	0.05936	0.01338	0.00794	0.00215	0.00351	0.01177	0.00763	0.00702
31	0.00909	0.00658	0.00859	0.00890	0.01007	0.00608	0.00637	0.01147	0.01677	0.02319	0.42423	0.32728	0.08177	0.01703	0.00833	0.00240	0.00353	0.01522	0.00702	0.00608
32	0.01372	0.03539	0.72412	0.01950	0.02961	0.01589	0.02528	0.02167	0.01444	0.02167	0.01228	0.01444	0.00867	0.00650	0.00650	0.00217	0.01011	0.00506	0.00289	0.01011
33	0.10962	0.01166	0.01506	0.01173	0.01680	0.01048	0.00967	0.03133	0.01876	0.62854	0.04727	0.02293	0.01749	0.00843	0.00665	0.00212	0.00568	0.00673	0.00800	0.01104
34	0.58683	0.11857	0.06497	0.04224	0.03604	0.01703	0.01014	0.02019	0.01235	0.02725	0.00992	0.01179	0.00786	0.00631	0.00460	0.00203	0.00615	0.00396	0.00388	0.00789
35	0.01842	0.06191	0.02687	0.03628	0.56320	0.13362	0.01919	0.02200	0.01610	0.02108	0.01230	0.01584	0.01039	0.00624	0.00654	0.00196	0.00877	0.00568	0.00338	0.01024

[dist]
# distance from previous block
# <min> <max>
0	1

[block]
# block no. 5 follows, 31 sequences, length 71
# corresponding to MSA columns:
# 347-417
name=unknown_F
#
# <colnr> <probs for GDERKNQSTAVLIFYWHMCP>
#	G	D	E	R	K	N	Q	S	T	A	V	L	I	F	Y	W	H	M	C	P
0	0.04793	0.01962	0.10209	0.02844	0.10062	0.01699	0.53648	0.02173	0.01575	0.02229	0.01343	0.01763	0.01014	0.00589	0.00764	0.00226	0.01082	0.00742	0.00343	0.00939
1	0.01292	0.01216	0.02052	0.74312	0.04712	0.01520	0.01900	0.01748	0.01368	0.01748	0.01216	0.01824	0.00912	0.00684	0.00684	0.00228	0.00912	0.00608	0.00304	0.00760
2	0.00832	0.00600	0.00790	0.00942	0.00989	0.00557	0.00630	0.00954	0.01320	0.01751	0.03905	0.72583	0.07365	0.02126	0.00870	0.00276	0.00395	0.01924	0.00635	0.00557
3	0.01829	0.76368	0.03585	0.01171	0.01756	0.02707	0.01171	0.02049	0.01390	0.01610	0.00951	0.01097	0.00878	0.00585	0.00439	0.00146	0.00732	0.00366	0.00293	0.00878
4	0.01693	0.01626	0.02777	0.04199	0.71689	0.01626	0.02100	0.02100	0.01558	0.02235	0.01287	0.01693	0.01084	0.00610	0.00677	0.00203	0.00813	0.00610	0.00339	0.01084
5	0.01188	0.00594	0.00891	0.00891	0.00891	0.00594	0.00594	0.00891	0.00891	0.01188	0.01188	0.02080	0.01188	0.02377	0.02674	0.80095	0.00594	0.00594	0.00297	0.00297
6	0.02474	0.02759	0.01923	0.01679	0.02080	0.49187	0.01291	0.18112	0.09638	0.02407	0.01378	0.01470	0.01076	0.00756	0.00641	0.00189	0.01049	0.00517	0.00466	0.00909
7	0.00834	0.00595	0.00794	0.00953	0.00992	0.00556	0.00635	0.00953	0.01310	0.01746	0.03771	0.75510	0.04525	0.02143	0.00873	0.00278	0.00397	0.01945	0.00635	0.00556
8	0.01102	0.00787	0.01102	0.01260	0.01417	0.00787	0.01102	0.01417	0.01575	0.02047	0.03622	0.07717	0.03937	0.01890	0.00945	0.00315	0.00630	0.67084	0.00630	0.00630
9	0.77489	0.01316	0.01030	0.00913	0.01341	0.01512	0.00752	0.02067	0.01198	0.06004	0.01027	0.01163	0.00781	0.00644	0.00435	0.00212	0.00531	0.00384	0.00441	0.00759
10	0.01292	0.01216	0.02052	0.74312	0.04712	0.01520	0.01900	0.01748	0.01368	0.01748	0.01216	0.01824	0.00912	0.00684	0.00684	0.00228	0.00912	0.00608	0.00304	0.00760
11	0.00840	0.00598	0.00792	0.00944	0.00982	0.00560	0.00626	0.00954	0.01297	0.01730	0.03706	0.72645	0.04443	0.05120	0.00978	0.00293	0.00408	0.01907	0.00626	0.00550
12	0.80789	0.01323	0.01006	0.00900	0.01323	0.01535	0.00741	0.02011	0.01164	0.03070	0.00953	0.01111	0.00741	0.00635	0.00423	0.00212	0.00529	0.00370	0.00423	0.00741
13	0.02556	0.03261	0.01939	0.01763	0.02115	0.73210	0.01322	0.02732	0.01939	0.01674	0.01058	0.01234	0.00881	0.00705	0.00617	0.00176	0.01234	0.00441	0.00353	0.00793
14	0.01589	0.01508	0.02554	0.06191	0.57151	0.01524	0.04224	0.02024	0.03633	0.02176	0.01522	0.06670	0.01362	0.00915	0.03777	0.00249	0.00835	0.00715	0.00370	0.01012
15	0.02675	0.01397	0.01683	0.01334	0.01837	0.01402	0.01088	0.18125	0.16768	0.42339	0.02482	0.02223	0.01659	0.00858	0.00689	0.00215	0.00612	0.00690	0.00779	0.01147
16	0.01292	0.01216	0.02052	0.74312	0.04712	0.01520	0.01900	0.01748	0.01368	0.01748	0.01216	0.01824	0.00912	0.00684	0.00684	0.00228	0.00912	0.00608	0.00304	0.00760
17	0.02490	0.01724	0.02124	0.01922	0.11956	0.01826	0.03668	0.43626	0.05022	0.15890	0.01809	0.01809	0.01273	0.00791	0.00689	0.00208	0.00738	0.00640	0.00653	0.01141
18	0.01219	0.00813	0.00998	0.01069	0.01203	0.03137	0.00782	0.03472	0.01495	0.09261	0.03479	0.53687	0.03918	0.01882	0.00849	0.00270	0.00488	0.10670	0.00649	0.00657
19	0.00819	0.00693	0.00708	0.00704	0.00931	0.00582	0.00528	0.01003	0.01585	0.01908	0.11247	0.06485	0.67058	0.01710	0.00808	0.00230	0.00345	0.01430	0.00643	0.00582
20	0.07338	0.01310	0.01370	0.01229	0.01592	0.01478	0.00960	0.03183	0.50246	0.07473	0.02563	0.02435	0.01914	0.00882	0.00642	0.00218	0.00509	0.00718	0.12945	0.00995
21	0.01628	0.01808	0.03823	0.03107	0.15164	0.01712	0.57787	0.02176	0.01605	0.02199	0.01368	0.01820	0.01046	0.00582	0.00785	0.00226	0.01095	0.00774	0.00345	0.00950
22	0.01275	0.00638	0.00638	0.00638	0.00797	0.00638	0.00478	0.01594	0.01435	0.02551	0.02232	0.02551	0.01754	0.00797	0.00478	0.00159	0.00319	0.00638	0.79755	0.00638
23	0.03053	0.01190	0.01604	0.01230	0.01760	0.01044	0.01016	0.05636	0.02002	0.69799	0.02662	0.02305	0.01675	0.00846	0.00688	0.00211	0.00588	0.00685	0.00841	0.01164
24	0.03050	0.01195	0.01607	0.01232	0.01762	0.01051	0.01018	0.06048	0.02010	0.69376	0.02656	0.02300	0.01672	0.00846	0.00688	0.00211	0.00589	0.00685	0.00840	0.01164
25	0.01188	0.00594	0.00891	0.00891	0.00891	0.00594	0.00594	0.00891	0.00891	0.01188	0.01188	0.02080	0.01188	0.02377	0.02674	0.80095	0.00594	0.00594	0.00297	0.00297
26	0.01078	0.00759	0.01021	0.01143	0.01264	0.00759	0.00945	0.01321	0.01443	0.01883	0.03288	0.06978	0.03606	0.18794	0.01524	0.00394	0.00638	0.52001	0.00581	0.00581
27	0.01292	0.01216	0.02052	0.74312	0.04712	0.01520	0.01900	0.01748	0.01368	0.01748	0.01216	0.01824	0.00912	0.00684	0.00684	0.00228	0.00912	0.00608	0.00304	0.00760
28	0.01419	0.01216	0.01419	0.01013	0.01621	0.00912	0.00811	0.01723	0.01419	0.02229	0.01216	0.01419	0.01013	0.00507	0.00507	0.00101	0.00507	0.00405	0.00405	0.80139
29	0.01829	0.76368	0.03585	0.01171	0.01756	0.02707	0.01171	0.02049	0.01390	0.01610	0.00951	0.01097	0.00878	0.00585	0.00439	0.00146	0.00732	0.00366	0.00293	0.00878
30	0.00815	0.00693	0.00701	0.00699	0.00928	0.00580	0.00525	0.00994	0.01574	0.01882	0.09378	0.06528	0.68943	0.01720	0.00809	0.00230	0.00346	0.01436	0.00640	0.00580
