[name]
unknown

[dist]
# distance from previous block
# <min> <max>
28	86

[block]
# block no. 0 follows, 28 sequences, length 42
# corresponding to MSA columns:
# 101-142
name=unknown_A
#
# <colnr> <probs for GDERKNQSTAVLIFYWHMCP>
#	G	D	E	R	K	N	Q	S	T	A	V	L	I	F	Y	W	H	M	C	P
0	0.01856	0.04118	0.02065	0.01875	0.08311	0.01863	0.06234	0.06974	0.51628	0.02964	0.02569	0.02467	0.01940	0.00909	0.00737	0.00239	0.00670	0.00785	0.00662	0.01135
1	0.01103	0.01176	0.08878	0.01045	0.01339	0.03187	0.00912	0.01467	0.01922	0.02627	0.47698	0.05145	0.17871	0.01438	0.00832	0.00231	0.00464	0.01239	0.00706	0.00722
2	0.01750	0.01585	0.02096	0.10176	0.12418	0.01776	0.06377	0.03278	0.46039	0.02754	0.02422	0.02433	0.01835	0.00879	0.00744	0.00241	0.00712	0.00779	0.00608	0.01099
3	0.01507	0.01292	0.01507	0.01077	0.01723	0.00969	0.00861	0.01830	0.01507	0.02369	0.01292	0.01507	0.01077	0.00538	0.00538	0.00108	0.00538	0.00431	0.00431	0.78898
4	0.01518	0.01301	0.01512	0.01091	0.01729	0.00998	0.00871	0.01902	0.03860	0.02392	0.01350	0.01550	0.01117	0.00554	0.00545	0.00113	0.00540	0.00444	0.00441	0.76171
5	0.00878	0.00737	0.00763	0.00757	0.00994	0.00622	0.00568	0.01081	0.01703	0.02072	0.14467	0.06817	0.62453	0.01800	0.00859	0.00244	0.00365	0.01509	0.00689	0.00622
6	0.01774	0.01802	0.04855	0.03764	0.52878	0.04054	0.02045	0.02172	0.01592	0.02281	0.01305	0.01730	0.01109	0.00716	0.00894	0.00219	0.09118	0.00621	0.00359	0.06713
7	0.01595	0.01449	0.01547	0.01134	0.01761	0.06065	0.00901	0.01908	0.01547	0.02326	0.01280	0.01493	0.01067	0.00554	0.00547	0.00113	0.00594	0.00433	0.00427	0.73261
8	0.01263	0.00631	0.00947	0.00947	0.00947	0.00631	0.00631	0.00947	0.00947	0.01263	0.01263	0.02210	0.01263	0.02525	0.02841	0.78851	0.00631	0.00631	0.00316	0.00316
9	0.01507	0.01292	0.01507	0.01077	0.01723	0.00969	0.00861	0.01830	0.01507	0.02369	0.01292	0.01507	0.01077	0.00538	0.00538	0.00108	0.00538	0.00431	0.00431	0.78898
10	0.01564	0.01623	0.03070	0.22510	0.10460	0.01754	0.29014	0.02030	0.01530	0.02090	0.01471	0.05770	0.01248	0.00835	0.01036	0.00255	0.11667	0.00809	0.00364	0.00901
11	0.01380	0.01295	0.02014	0.47426	0.05842	0.03276	0.01752	0.01776	0.01382	0.01827	0.01377	0.02053	0.01133	0.01682	0.14344	0.00424	0.09227	0.00666	0.00337	0.00787
12	0.00886	0.00633	0.00843	0.01012	0.01054	0.00590	0.00675	0.01012	0.01392	0.01856	0.04006	0.73979	0.04808	0.02277	0.00928	0.00295	0.00422	0.02066	0.00675	0.00590
13	0.01783	0.01494	0.01622	0.01413	0.01668	0.06807	0.01095	0.19095	0.09501	0.02560	0.01883	0.02646	0.01695	0.16797	0.16473	0.00531	0.10800	0.00765	0.00518	0.00852
14	0.01518	0.01329	0.01596	0.01180	0.01746	0.01125	0.00952	0.01820	0.01458	0.02292	0.01250	0.01518	0.01061	0.00629	0.00767	0.00134	0.09532	0.00456	0.00417	0.69220
15	0.01812	0.01791	0.02753	0.04052	0.60524	0.06956	0.02072	0.02206	0.01670	0.02297	0.01512	0.06226	0.01361	0.00756	0.00728	0.00219	0.00870	0.00722	0.00380	0.01093
16	0.01635	0.01684	0.02064	0.45910	0.07500	0.14436	0.01759	0.02138	0.05984	0.01948	0.01578	0.07278	0.01343	0.00860	0.00729	0.00235	0.00959	0.00732	0.00388	0.00839
17	0.00890	0.00636	0.00848	0.01009	0.01055	0.00594	0.00675	0.01024	0.01414	0.01891	0.06183	0.71702	0.04876	0.02251	0.00925	0.00293	0.00419	0.02041	0.00679	0.00594
18	0.01395	0.00950	0.01112	0.00986	0.01270	0.00896	0.00765	0.09892	0.02100	0.08915	0.34175	0.05214	0.26569	0.01473	0.00830	0.00233	0.00435	0.01251	0.00758	0.00782
19	0.02722	0.01957	0.02115	0.01637	0.02206	0.02156	0.01347	0.59327	0.08035	0.08164	0.01896	0.01856	0.01339	0.00882	0.00728	0.00221	0.00774	0.00671	0.00738	0.01230
20	0.01012	0.00731	0.00983	0.01139	0.01252	0.00702	0.00889	0.01235	0.01536	0.02006	0.04170	0.39857	0.09045	0.02126	0.00957	0.00309	0.00529	0.30222	0.00672	0.00627
21	0.00881	0.00737	0.00767	0.00759	0.00995	0.00623	0.00569	0.01085	0.01708	0.02086	0.15326	0.06795	0.61586	0.01795	0.00859	0.00243	0.00365	0.01506	0.00691	0.00623
22	0.02046	0.01745	0.02034	0.03981	0.14950	0.04070	0.01428	0.19389	0.34117	0.03193	0.02235	0.02278	0.01706	0.02557	0.00797	0.00242	0.00723	0.00736	0.00635	0.01137
23	0.01721	0.01535	0.02454	0.45420	0.04135	0.01761	0.11464	0.15987	0.01915	0.02532	0.01442	0.01919	0.01068	0.00744	0.00741	0.00236	0.00955	0.00680	0.02370	0.00922
24	0.01697	0.02091	0.09084	0.02992	0.03752	0.01827	0.62615	0.02327	0.01703	0.02327	0.01459	0.01930	0.01090	0.00618	0.00846	0.00244	0.01215	0.00835	0.00363	0.00987
25	0.01647	0.01751	0.03219	0.02420	0.02867	0.01895	0.35507	0.02057	0.01466	0.02113	0.01256	0.01773	0.01044	0.00855	0.01404	0.00259	0.28404	0.00730	0.00355	0.08977
26	0.02423	0.30535	0.02723	0.01634	0.02103	0.45514	0.01344	0.02627	0.01839	0.01753	0.01081	0.01256	0.00935	0.00701	0.00584	0.00175	0.01109	0.00438	0.00350	0.00877
27	0.01149	0.00977	0.01072	0.01028	0.01281	0.04526	0.00744	0.01353	0.01543	0.02072	0.08236	0.36902	0.13345	0.01632	0.00799	0.00230	0.00486	0.01432	0.00605	0.20590
28	0.02008	0.55776	0.03247	0.01325	0.01872	0.15725	0.01222	0.02229	0.01601	0.01742	0.01509	0.01631	0.06094	0.00738	0.00532	0.00168	0.00848	0.00490	0.00350	0.00892
29	0.00896	0.00641	0.00853	0.01005	0.01057	0.00598	0.00676	0.01039	0.01442	0.01935	0.08930	0.68829	0.04962	0.02218	0.00923	0.00290	0.00416	0.02010	0.00684	0.00598
30	0.03054	0.01507	0.01846	0.01422	0.01986	0.01477	0.01173	0.24339	0.04609	0.46901	0.02506	0.02245	0.01630	0.00894	0.00730	0.00223	0.00676	0.00709	0.00839	0.01234
31	0.00886	0.00633	0.00843	0.01012	0.01054	0.00590	0.00675	0.01012	0.01392	0.01856	0.04006	0.73979	0.04808	0.02277	0.00928	0.00295	0.00422	0.02066	0.00675	0.00590
32	0.01747	0.01917	0.04023	0.08018	0.03803	0.01845	0.59010	0.05812	0.01789	0.02416	0.01473	0.01948	0.01100	0.00635	0.00841	0.00243	0.01184	0.00832	0.00384	0.00982
33	0.00879	0.00740	0.00765	0.00766	0.01005	0.00625	0.00580	0.01078	0.01682	0.02029	0.11099	0.06936	0.63699	0.01824	0.00864	0.00247	0.00376	0.03504	0.00683	0.00620
34	0.01057	0.00705	0.00793	0.00793	0.00793	0.00705	0.00440	0.01057	0.01057	0.01409	0.02290	0.04757	0.02643	0.74454	0.03700	0.00705	0.00705	0.01057	0.00440	0.00440
35	0.01414	0.05931	0.04375	0.01625	0.01719	0.01797	0.01359	0.01601	0.01217	0.01787	0.01723	0.18097	0.01879	0.01689	0.06002	0.00350	0.45321	0.00951	0.00403	0.00758
36	0.01370	0.01263	0.01788	0.01598	0.01644	0.01691	0.01299	0.01559	0.01131	0.01714	0.01365	0.02172	0.01332	0.05675	0.27370	0.00640	0.44607	0.00704	0.00349	0.00728
37	0.03261	0.01237	0.01687	0.01293	0.01856	0.01068	0.01068	0.03543	0.02081	0.70423	0.02868	0.02474	0.01799	0.00900	0.00731	0.00225	0.00619	0.00731	0.00900	0.01237
38	0.54616	0.01595	0.01826	0.01450	0.01972	0.01753	0.13459	0.10872	0.01618	0.03260	0.01197	0.01404	0.00907	0.00689	0.00564	0.00228	0.00720	0.00516	0.00471	0.00884
39	0.02089	0.02151	0.02709	0.03281	0.37435	0.17171	0.06602	0.09806	0.01909	0.02446	0.01333	0.01682	0.01096	0.00740	0.00842	0.00220	0.06409	0.00623	0.00402	0.01054
40	0.01365	0.01035	0.01275	0.01173	0.01284	0.01177	0.00851	0.10987	0.01470	0.02023	0.02154	0.11448	0.02300	0.33411	0.13736	0.00604	0.11558	0.01006	0.00483	0.00661
41	0.01595	0.01603	0.02300	0.01949	0.01975	0.02213	0.03920	0.01770	0.01135	0.01770	0.00973	0.01603	0.00959	0.01249	0.02331	0.00315	0.70573	0.00644	0.00320	0.00802

[dist]
# distance from previous block
# <min> <max>
0	1

[block]
# block no. 1 follows, 28 sequences, length 25
# corresponding to MSA columns:
# 144-168
name=unknown_B
#
# <colnr> <probs for GDERKNQSTAVLIFYWHMCP>
#	G	D	E	R	K	N	Q	S	T	A	V	L	I	F	Y	W	H	M	C	P
0	0.01547	0.01323	0.01598	0.07784	0.02051	0.01083	0.00991	0.04568	0.01582	0.02413	0.01311	0.01557	0.01073	0.00570	0.00564	0.00125	0.00589	0.00460	0.00433	0.68377
1	0.37037	0.02069	0.01605	0.01377	0.01820	0.20926	0.01097	0.12661	0.01837	0.04703	0.01218	0.01374	0.00947	0.00752	0.00646	0.00212	0.03977	0.00476	0.00478	0.04788
2	0.01028	0.00701	0.00793	0.00806	0.00828	0.00688	0.00468	0.01052	0.01130	0.01488	0.02820	0.10504	0.07988	0.63036	0.03257	0.00636	0.00656	0.01175	0.00477	0.00466
3	0.02292	0.01688	0.03353	0.06307	0.02152	0.01803	0.01255	0.39742	0.08510	0.08101	0.01981	0.02309	0.01540	0.09717	0.02707	0.00301	0.00783	0.00723	0.03669	0.01066
4	0.01597	0.01609	0.02329	0.01966	0.02003	0.02207	0.04871	0.01778	0.01143	0.01778	0.00980	0.01609	0.00962	0.01239	0.02309	0.00314	0.69533	0.00647	0.00321	0.00804
5	0.02743	0.02990	0.01974	0.01756	0.02162	0.55905	0.01335	0.03066	0.06373	0.12688	0.01518	0.01585	0.01156	0.00788	0.00673	0.00197	0.01154	0.00533	0.00481	0.00925
6	0.01137	0.00883	0.01224	0.01135	0.01367	0.00913	0.00881	0.01399	0.01234	0.01818	0.01824	0.02649	0.01695	0.07100	0.54195	0.00930	0.01606	0.00717	0.00400	0.16892
7	0.01760	0.37603	0.17640	0.01861	0.02537	0.02349	0.15293	0.02191	0.01502	0.01965	0.01161	0.01450	0.00968	0.00700	0.00787	0.00206	0.08203	0.00542	0.00323	0.00958
8	0.01858	0.01576	0.01674	0.01462	0.01905	0.01775	0.01145	0.08611	0.58170	0.03106	0.02731	0.02540	0.02051	0.00941	0.00722	0.00233	0.00590	0.00777	0.00714	0.07418
9	0.01016	0.00751	0.01093	0.01119	0.01227	0.00845	0.00841	0.01237	0.01196	0.01696	0.02294	0.14197	0.02342	0.09419	0.56035	0.01001	0.01626	0.01000	0.00438	0.00626
10	0.01494	0.06354	0.02181	0.01753	0.01881	0.04084	0.07166	0.01691	0.01288	0.01824	0.01734	0.18766	0.01880	0.01392	0.01720	0.00291	0.42344	0.00973	0.00408	0.00774
11	0.02967	0.01709	0.01979	0.01517	0.02091	0.01769	0.01253	0.41322	0.02870	0.31528	0.02205	0.02044	0.01467	0.00884	0.00729	0.00221	0.00726	0.00686	0.00798	0.01237
12	0.00886	0.00720	0.00790	0.00839	0.01033	0.00623	0.00621	0.01067	0.01598	0.01953	0.06371	0.22190	0.50619	0.01951	0.00884	0.00263	0.00400	0.05904	0.00675	0.00612
13	0.00911	0.00715	0.00774	0.00795	0.00957	0.00632	0.00552	0.01056	0.01512	0.01875	0.08549	0.15998	0.43743	0.16968	0.01459	0.00347	0.00445	0.01501	0.00632	0.00578
14	0.01531	0.01699	0.06487	0.05293	0.04487	0.11758	0.08441	0.01915	0.05826	0.01964	0.02180	0.21912	0.02266	0.07761	0.01315	0.00301	0.12532	0.01073	0.00469	0.00790
15	0.01666	0.01592	0.02711	0.25709	0.49709	0.01692	0.02165	0.02115	0.01592	0.02214	0.01344	0.01842	0.01095	0.00672	0.00722	0.00224	0.00896	0.00647	0.00348	0.01044
16	0.00886	0.00633	0.00843	0.01012	0.01054	0.00590	0.00675	0.01012	0.01392	0.01856	0.04006	0.73979	0.04808	0.02277	0.00928	0.00295	0.00422	0.02066	0.00675	0.00590
17	0.02546	0.01700	0.01871	0.01476	0.01975	0.01830	0.01203	0.48239	0.02917	0.12168	0.02101	0.06841	0.01614	0.00969	0.00718	0.00219	0.00703	0.00762	0.09017	0.01133
18	0.01401	0.01321	0.02232	0.68139	0.09352	0.01622	0.02033	0.01882	0.01467	0.01892	0.01297	0.01929	0.00981	0.00721	0.00726	0.00240	0.00962	0.00646	0.00325	0.00831
19	0.05817	0.01297	0.01670	0.01294	0.01827	0.01189	0.01058	0.09796	0.02134	0.57968	0.02660	0.02469	0.01749	0.04564	0.00869	0.00248	0.00639	0.00728	0.00843	0.01181
20	0.01373	0.01292	0.02180	0.72707	0.05006	0.01615	0.02019	0.01857	0.01453	0.01857	0.01292	0.01938	0.00969	0.00727	0.00727	0.00242	0.00969	0.00646	0.00323	0.00807
21	0.02427	0.01464	0.07782	0.16262	0.02667	0.01250	0.05650	0.02825	0.01856	0.39840	0.05541	0.02403	0.01756	0.00854	0.00732	0.00228	0.00745	0.00731	0.03922	0.01067
22	0.01045	0.00700	0.00796	0.00808	0.00811	0.00697	0.00456	0.01054	0.01080	0.01440	0.02407	0.09457	0.02790	0.69553	0.03512	0.00677	0.00686	0.01126	0.00456	0.00451
23	0.07110	0.19020	0.16530	0.09866	0.02667	0.02075	0.06660	0.12502	0.01788	0.05886	0.01341	0.01590	0.01031	0.00769	0.00818	0.00222	0.08146	0.00568	0.00421	0.00990
24	0.01399	0.01475	0.09870	0.06110	0.07427	0.01120	0.01245	0.01750	0.01507	0.03813	0.02294	0.14909	0.07252	0.01032	0.00764	0.00196	0.03796	0.00871	0.00472	0.32696

[dist]
# distance from previous block
# <min> <max>
0	1

[block]
# block no. 2 follows, 28 sequences, length 9
# corresponding to MSA columns:
# 170-178
name=unknown_C
#
# <colnr> <probs for GDERKNQSTAVLIFYWHMCP>
#	G	D	E	R	K	N	Q	S	T	A	V	L	I	F	Y	W	H	M	C	P
0	0.01108	0.00759	0.00953	0.00962	0.01146	0.00698	0.00741	0.01388	0.01803	0.05202	0.31998	0.14847	0.17920	0.01682	0.00865	0.00254	0.00421	0.11489	0.05086	0.00679
1	0.01518	0.12614	0.62363	0.01969	0.02987	0.01836	0.02506	0.02286	0.01528	0.02228	0.01268	0.01489	0.00922	0.00682	0.00663	0.00221	0.01037	0.00519	0.00307	0.01057
2	0.02190	0.05341	0.01894	0.01423	0.01941	0.01780	0.01158	0.31764	0.15752	0.07224	0.02359	0.04913	0.05577	0.00943	0.00704	0.00209	0.00665	0.00749	0.00669	0.12744
3	0.00886	0.00633	0.00843	0.01012	0.01054	0.00590	0.00675	0.01012	0.01392	0.01856	0.04006	0.73979	0.04808	0.02277	0.00928	0.00295	0.00422	0.02066	0.00675	0.00590
4	0.00916	0.00665	0.00872	0.01026	0.01100	0.00621	0.00722	0.01072	0.01447	0.01902	0.04277	0.60586	0.10313	0.02209	0.00931	0.00296	0.00446	0.09322	0.00674	0.00602
5	0.07056	0.01598	0.01781	0.01447	0.01938	0.01708	0.01168	0.30041	0.15941	0.19886	0.02399	0.07878	0.01830	0.01003	0.00730	0.00232	0.00666	0.00805	0.00751	0.01141
6	0.01707	0.26683	0.27231	0.07587	0.02892	0.04879	0.12301	0.02232	0.01542	0.02033	0.01212	0.01506	0.00959	0.00683	0.00710	0.00211	0.03791	0.00549	0.00322	0.00971
7	0.00886	0.00633	0.00843	0.01012	0.01054	0.00590	0.00675	0.01012	0.01392	0.01856	0.04006	0.73979	0.04808	0.02277	0.00928	0.00295	0.00422	0.02066	0.00675	0.00590
8	0.01509	0.01419	0.02321	0.22547	0.05431	0.01580	0.13601	0.06224	0.01577	0.02168	0.01766	0.14195	0.01683	0.01057	0.01053	0.00251	0.13196	0.00911	0.00428	0.07083

[dist]
# distance from previous block
# <min> <max>
4	11

[block]
# block no. 3 follows, 28 sequences, length 244
# corresponding to MSA columns:
# 190-433
name=unknown_D
#
# <colnr> <probs for GDERKNQSTAVLIFYWHMCP>
#	G	D	E	R	K	N	Q	S	T	A	V	L	I	F	Y	W	H	M	C	P
0	0.01478	0.06730	0.67895	0.02037	0.03093	0.01738	0.02625	0.02297	0.01532	0.02277	0.01292	0.01519	0.00921	0.00688	0.00681	0.00227	0.01062	0.00531	0.00307	0.01068
1	0.06662	0.11254	0.05492	0.01538	0.01973	0.38220	0.01254	0.02389	0.01827	0.02058	0.08008	0.05386	0.01718	0.00855	0.00645	0.00190	0.00975	0.00618	0.00430	0.08508
2	0.01104	0.00817	0.01004	0.01053	0.01201	0.00778	0.00743	0.07604	0.01642	0.02194	0.06081	0.55087	0.09994	0.01986	0.00880	0.00272	0.00458	0.01773	0.00672	0.04657
3	0.01039	0.00700	0.00807	0.00821	0.00833	0.00693	0.00476	0.01069	0.01141	0.01530	0.05892	0.11597	0.03071	0.63633	0.03282	0.00640	0.00658	0.01169	0.00482	0.00468
4	0.00912	0.00738	0.00810	0.00792	0.01014	0.00636	0.00594	0.01146	0.01782	0.02260	0.26758	0.06507	0.50045	0.01730	0.00859	0.00240	0.00360	0.01466	0.00714	0.00636
5	0.04885	0.18170	0.02055	0.01353	0.01785	0.11317	0.01106	0.07423	0.26179	0.02496	0.02669	0.02678	0.10536	0.03367	0.00767	0.00230	0.00713	0.00750	0.00564	0.00958
6	0.00981	0.00705	0.00933	0.00977	0.01098	0.00657	0.00710	0.01239	0.01775	0.02458	0.40131	0.32347	0.05902	0.01825	0.00893	0.00261	0.00393	0.05321	0.00744	0.00648
7	0.00864	0.00716	0.00757	0.00790	0.00996	0.00609	0.00576	0.01037	0.01605	0.01943	0.06713	0.19983	0.57057	0.01926	0.00872	0.00255	0.00379	0.01637	0.00675	0.00609
8	0.01373	0.01292	0.02180	0.72707	0.05006	0.01615	0.02019	0.01857	0.01453	0.01857	0.01292	0.01938	0.00969	0.00727	0.00727	0.00242	0.00969	0.00646	0.00323	0.00807
9	0.06624	0.02959	0.02017	0.01770	0.02172	0.51282	0.01362	0.12494	0.02181	0.05512	0.01286	0.01436	0.01015	0.00794	0.00734	0.00201	0.04279	0.00512	0.00453	0.00915
10	0.01039	0.00776	0.01153	0.01153	0.01277	0.00900	0.00889	0.01288	0.01164	0.01676	0.01961	0.02935	0.01852	0.08332	0.68740	0.01149	0.01895	0.00790	0.00392	0.00640
11	0.79588	0.01406	0.01068	0.00956	0.01406	0.01631	0.00787	0.02137	0.01237	0.03261	0.01012	0.01181	0.00787	0.00675	0.00450	0.00225	0.00562	0.00394	0.00450	0.00787
12	0.00898	0.00669	0.00828	0.00932	0.01031	0.00608	0.00639	0.01052	0.01498	0.01955	0.10305	0.50079	0.19991	0.04688	0.01005	0.00293	0.00413	0.01842	0.00677	0.00599
13	0.03049	0.01217	0.01637	0.01278	0.01802	0.01072	0.01046	0.05491	0.02096	0.62419	0.05770	0.05563	0.02126	0.00982	0.00745	0.00228	0.00604	0.00809	0.00880	0.01186
14	0.51863	0.01633	0.01470	0.01215	0.01712	0.01856	0.01002	0.25724	0.02024	0.03738	0.01277	0.01385	0.00949	0.00746	0.00550	0.00222	0.00648	0.00488	0.00550	0.00949
15	0.01529	0.01446	0.02447	0.42399	0.31311	0.01625	0.02058	0.01980	0.01533	0.02068	0.01418	0.04401	0.01178	0.00749	0.00731	0.00233	0.00907	0.00696	0.00350	0.00940
16	0.01435	0.01209	0.01441	0.01077	0.01638	0.00952	0.00852	0.01738	0.01450	0.02252	0.01407	0.01787	0.01222	0.03801	0.09199	0.00257	0.00714	0.00495	0.00426	0.66647
17	0.01696	0.09274	0.15030	0.05163	0.32187	0.04721	0.01899	0.05382	0.01710	0.02341	0.05066	0.08950	0.01727	0.00874	0.00715	0.00221	0.00843	0.00768	0.00417	0.01016
18	0.01615	0.07627	0.01685	0.04950	0.01766	0.01346	0.03565	0.18317	0.01936	0.04547	0.02734	0.33322	0.02905	0.04252	0.00986	0.02912	0.00640	0.03462	0.00612	0.00819
19	0.03144	0.01425	0.01803	0.01383	0.01950	0.01348	0.01142	0.18612	0.02396	0.54908	0.02603	0.02302	0.01667	0.00893	0.00730	0.00223	0.00661	0.00713	0.00859	0.01237
20	0.00966	0.00691	0.00893	0.00966	0.01058	0.00649	0.00676	0.01160	0.01586	0.02155	0.24271	0.38302	0.07472	0.10432	0.01232	0.00323	0.00443	0.05433	0.00686	0.00608
21	0.01573	0.01588	0.05182	0.38425	0.34947	0.01670	0.02143	0.02047	0.01550	0.02114	0.01327	0.01858	0.01051	0.00689	0.00722	0.00230	0.00924	0.00643	0.00339	0.00977
22	0.01509	0.01282	0.01371	0.01284	0.01617	0.01419	0.00989	0.02945	0.46433	0.02682	0.03950	0.10761	0.15618	0.01318	0.00792	0.00255	0.00524	0.03562	0.00718	0.00973
23	0.01057	0.00705	0.00793	0.00793	0.00793	0.00705	0.00440	0.01057	0.01057	0.01409	0.02290	0.04757	0.02643	0.74454	0.03700	0.00705	0.00705	0.01057	0.00440	0.00440
24	0.00884	0.00640	0.00836	0.00993	0.01049	0.00592	0.00666	0.01014	0.01410	0.01863	0.04237	0.69384	0.09254	0.02247	0.00923	0.00292	0.00418	0.02030	0.00675	0.00592
25	0.04052	0.04446	0.02322	0.52260	0.10830	0.01679	0.04453	0.04752	0.01560	0.02085	0.01403	0.04464	0.01135	0.00771	0.00719	0.00236	0.00920	0.00687	0.00362	0.00863
26	0.00870	0.00730	0.00744	0.00752	0.00976	0.00617	0.00552	0.01042	0.01614	0.01930	0.06946	0.10043	0.63142	0.05572	0.01008	0.00271	0.00388	0.01535	0.00663	0.00604
27	0.01572	0.04688	0.25027	0.02094	0.07805	0.01543	0.14955	0.02125	0.01555	0.02297	0.01317	0.01621	0.01028	0.00639	0.00726	0.00192	0.03324	0.00574	0.00364	0.26554
28	0.04546	0.21207	0.05335	0.02506	0.25963	0.06525	0.01636	0.11346	0.06184	0.02535	0.01395	0.01609	0.01137	0.00698	0.00633	0.00196	0.00825	0.00557	0.00427	0.04741
29	0.01039	0.00703	0.00824	0.00841	0.00854	0.00708	0.00496	0.01069	0.01098	0.01473	0.02435	0.11430	0.02798	0.62546	0.08161	0.00697	0.00764	0.01137	0.00460	0.00470
30	0.49554	0.01910	0.04930	0.11358	0.02168	0.15283	0.01178	0.02255	0.01443	0.02725	0.01088	0.01331	0.00849	0.00697	0.00541	0.00220	0.00792	0.00451	0.00410	0.00815
31	0.01195	0.00780	0.01002	0.00931	0.01139	0.00707	0.00703	0.01508	0.01992	0.08520	0.54721	0.07800	0.13217	0.01503	0.00849	0.00233	0.00372	0.01316	0.00790	0.00721
32	0.01674	0.01981	0.08876	0.14684	0.11648	0.05242	0.34747	0.02284	0.04184	0.02274	0.04125	0.02034	0.01331	0.00698	0.00791	0.00236	0.01072	0.00767	0.00385	0.00967
33	0.01429	0.01315	0.02041	0.56715	0.04286	0.01542	0.01785	0.02026	0.07225	0.02029	0.01435	0.01945	0.01091	0.00723	0.00702	0.00224	0.00876	0.00631	0.00374	0.11606
34	0.02763	0.02036	0.02182	0.01672	0.02254	0.02254	0.01382	0.67496	0.03418	0.04581	0.01745	0.01745	0.01236	0.00873	0.00727	0.00218	0.00800	0.00654	0.00727	0.01236
35	0.01103	0.00763	0.00976	0.00911	0.01107	0.00694	0.00687	0.01426	0.02015	0.05629	0.59952	0.05478	0.13513	0.01500	0.00852	0.00230	0.00357	0.01314	0.00791	0.00701
36	0.01432	0.01353	0.02288	0.63148	0.14098	0.01631	0.02048	0.01910	0.01482	0.01930	0.01303	0.01919	0.00995	0.00716	0.00726	0.00239	0.00954	0.00646	0.00328	0.00856
37	0.02763	0.02036	0.02182	0.01672	0.02254	0.02254	0.01382	0.67496	0.03418	0.04581	0.01745	0.01745	0.01236	0.00873	0.00727	0.00218	0.00800	0.00654	0.00727	0.01236
38	0.00919	0.00646	0.00834	0.00970	0.01004	0.00612	0.00630	0.01021	0.01328	0.01770	0.03677	0.60702	0.04392	0.16121	0.01459	0.00374	0.00476	0.01873	0.00630	0.00562
39	0.02715	0.03464	0.02060	0.01873	0.02247	0.71536	0.01404	0.02903	0.02060	0.01779	0.01124	0.01311	0.00936	0.00749	0.00655	0.00187	0.01311	0.00468	0.00375	0.00843
40	0.02354	0.01390	0.01612	0.01366	0.01824	0.01462	0.01086	0.03628	0.39199	0.29384	0.02893	0.02619	0.02037	0.00945	0.00725	0.00234	0.00580	0.00779	0.04722	0.01161
41	0.00886	0.00633	0.00843	0.01012	0.01054	0.00590	0.00675	0.01012	0.01392	0.01856	0.04006	0.73979	0.04808	0.02277	0.00928	0.00295	0.00422	0.02066	0.00675	0.00590
42	0.00886	0.00633	0.00843	0.01012	0.01054	0.00590	0.00675	0.01012	0.01392	0.01856	0.04006	0.73979	0.04808	0.02277	0.00928	0.00295	0.00422	0.02066	0.00675	0.00590
43	0.02715	0.03464	0.02060	0.01873	0.02247	0.71536	0.01404	0.02903	0.02060	0.01779	0.01124	0.01311	0.00936	0.00749	0.00655	0.00187	0.01311	0.00468	0.00375	0.00843
44	0.05091	0.01182	0.01527	0.01222	0.01687	0.01086	0.00991	0.06278	0.04495	0.47075	0.18012	0.03081	0.02911	0.01028	0.00751	0.00226	0.00561	0.00853	0.00848	0.01094
45	0.00897	0.00638	0.00840	0.00997	0.01036	0.00598	0.00659	0.01015	0.01369	0.01825	0.03889	0.69231	0.04659	0.07229	0.01118	0.00323	0.00441	0.01997	0.00659	0.00580
46	0.00983	0.00741	0.00909	0.00867	0.01058	0.00667	0.00650	0.01284	0.01950	0.02661	0.52906	0.05849	0.23647	0.01581	0.00858	0.00233	0.00350	0.01373	0.00767	0.00667
47	0.01716	0.01961	0.04289	0.03064	0.03799	0.01838	0.67279	0.02328	0.01716	0.02328	0.01471	0.01961	0.01103	0.00613	0.00858	0.00245	0.01225	0.00858	0.00368	0.00980
48	0.02715	0.03464	0.02060	0.01873	0.02247	0.71536	0.01404	0.02903	0.02060	0.01779	0.01124	0.01311	0.00936	0.00749	0.00655	0.00187	0.01311	0.00468	0.00375	0.00843
49	0.01791	0.01802	0.02892	0.12048	0.49323	0.06179	0.07898	0.02218	0.01640	0.02246	0.01335	0.01790	0.01104	0.00686	0.00798	0.00224	0.03953	0.00654	0.00355	0.01062
50	0.01501	0.01878	0.15925	0.46923	0.10173	0.01676	0.04663	0.04844	0.01583	0.02127	0.01328	0.01838	0.00992	0.00715	0.00724	0.00237	0.00983	0.00633	0.00342	0.00916
51	0.01058	0.00751	0.01031	0.01031	0.01122	0.00835	0.00746	0.01241	0.01149	0.01646	0.02072	0.03438	0.02075	0.26604	0.47487	0.00981	0.01493	0.00861	0.03794	0.00586
52	0.05165	0.50649	0.05800	0.08730	0.04876	0.02523	0.01404	0.07513	0.03684	0.02112	0.01183	0.01378	0.01002	0.00670	0.00540	0.00180	0.00798	0.00466	0.00367	0.00959
53	0.00927	0.00642	0.00842	0.00980	0.01014	0.00608	0.00642	0.01015	0.01325	0.01767	0.03642	0.61222	0.04343	0.11819	0.01390	0.04310	0.00470	0.01861	0.00626	0.00557
54	0.01362	0.00817	0.01078	0.00971	0.01201	0.00743	0.00743	0.01696	0.02061	0.12998	0.59578	0.04988	0.06103	0.01398	0.00838	0.00228	0.00384	0.01227	0.00815	0.00768
55	0.01477	0.01418	0.01987	0.01735	0.01756	0.01942	0.01425	0.01643	0.01119	0.01722	0.01178	0.01950	0.01176	0.05663	0.13294	0.00471	0.58273	0.00680	0.00335	0.00754
56	0.02229	0.03522	0.01549	0.01267	0.01654	0.01206	0.01007	0.14350	0.04270	0.29007	0.05116	0.21812	0.04690	0.01344	0.00793	0.00246	0.00589	0.03589	0.00766	0.00995
57	0.01029	0.00748	0.00994	0.01098	0.01237	0.00712	0.00866	0.01292	0.01673	0.02222	0.18342	0.26589	0.10893	0.01959	0.00937	0.00292	0.00500	0.27271	0.00700	0.00645
58	0.01057	0.00705	0.00793	0.00793	0.00793	0.00705	0.00440	0.01057	0.01057	0.01409	0.02290	0.04757	0.02643	0.74454	0.03700	0.00705	0.00705	0.01057	0.00440	0.00440
59	0.01753	0.01680	0.02867	0.11878	0.62865	0.01715	0.02208	0.02190	0.01633	0.02319	0.01359	0.01814	0.01132	0.00656	0.00720	0.00219	0.00875	0.00647	0.00356	0.01114
60	0.02667	0.03120	0.02051	0.01813	0.02216	0.56886	0.01384	0.14259	0.02269	0.02271	0.01262	0.01440	0.01019	0.00931	0.03088	0.00226	0.01242	0.00512	0.00437	0.00906
61	0.02161	0.01455	0.01539	0.01247	0.01653	0.01580	0.01008	0.39373	0.02609	0.03781	0.02013	0.02158	0.01504	0.00862	0.00634	0.00197	0.00603	0.00664	0.33961	0.00997
62	0.05075	0.01610	0.02828	0.19600	0.32439	0.01654	0.14635	0.02288	0.01644	0.08972	0.01503	0.01903	0.01148	0.00685	0.00738	0.00229	0.00922	0.00686	0.00410	0.01031
63	0.01877	0.06159	0.25220	0.02566	0.20706	0.01859	0.04760	0.12435	0.08341	0.04781	0.01579	0.01781	0.01192	0.00751	0.00751	0.00225	0.02827	0.00627	0.00448	0.01114
64	0.01845	0.01789	0.06087	0.17921	0.42634	0.01785	0.02077	0.12369	0.01883	0.02610	0.01408	0.01806	0.01116	0.00701	0.00721	0.00222	0.00886	0.00643	0.00407	0.01090
65	0.01029	0.00699	0.00827	0.00853	0.00868	0.00701	0.00509	0.01067	0.01117	0.01498	0.02536	0.15474	0.02925	0.58410	0.07922	0.00672	0.00746	0.01196	0.00474	0.00478
66	0.48947	0.06115	0.01603	0.04973	0.03644	0.15770	0.01087	0.02258	0.01431	0.02689	0.01055	0.01285	0.00855	0.00724	0.00628	0.00219	0.05047	0.00442	0.00410	0.00818
67	0.00963	0.00740	0.00881	0.00846	0.01046	0.00658	0.00634	0.01245	0.01903	0.02547	0.45517	0.06035	0.31107	0.01623	0.00858	0.00235	0.00353	0.01399	0.00752	0.00658
68	0.01327	0.01056	0.01251	0.04128	0.01548	0.01115	0.00923	0.04937	0.21429	0.02762	0.29383	0.10655	0.10036	0.01412	0.00827	0.00247	0.00485	0.04912	0.00730	0.00835
69	0.01507	0.01292	0.01507	0.01077	0.01723	0.00969	0.00861	0.01830	0.01507	0.02369	0.01292	0.01507	0.01077	0.00538	0.00538	0.00108	0.00538	0.00431	0.00431	0.78898
70	0.02686	0.06612	0.02162	0.01812	0.02230	0.57438	0.01393	0.12990	0.02245	0.02215	0.01216	0.01372	0.00983	0.00762	0.00658	0.00191	0.01206	0.00494	0.00427	0.00909
71	0.01002	0.00742	0.00935	0.00887	0.01070	0.00675	0.00665	0.01320	0.01995	0.02766	0.59809	0.05675	0.16679	0.01542	0.00858	0.00231	0.00347	0.01349	0.00781	0.00675
72	0.01127	0.00768	0.00880	0.00849	0.00900	0.00769	0.00518	0.03987	0.01309	0.01772	0.12311	0.04727	0.03211	0.60363	0.03146	0.00612	0.00655	0.01078	0.00507	0.00512
73	0.01992	0.01653	0.01747	0.01517	0.01960	0.01894	0.01195	0.16128	0.56041	0.03338	0.02725	0.02526	0.02030	0.00964	0.00737	0.00241	0.00619	0.00790	0.00737	0.01167
74	0.04091	0.00703	0.00691	0.00687	0.00866	0.00711	0.00518	0.01709	0.01514	0.02729	0.02324	0.02657	0.01826	0.00841	0.00506	0.00171	0.00347	0.00668	0.75760	0.00681
75	0.02715	0.03464	0.02060	0.01873	0.02247	0.71536	0.01404	0.02903	0.02060	0.01779	0.01124	0.01311	0.00936	0.00749	0.00655	0.00187	0.01311	0.00468	0.00375	0.00843
76	0.00863	0.00720	0.00753	0.00780	0.00993	0.00610	0.00571	0.01038	0.01615	0.01947	0.06838	0.17476	0.59483	0.01909	0.00870	0.00253	0.00377	0.01617	0.00675	0.00610
77	0.00886	0.00633	0.00843	0.01012	0.01054	0.00590	0.00675	0.01012	0.01392	0.01856	0.04006	0.73979	0.04808	0.02277	0.00928	0.00295	0.00422	0.02066	0.00675	0.00590
78	0.00911	0.00695	0.00838	0.00893	0.01037	0.00622	0.00635	0.01110	0.01645	0.02150	0.21062	0.34259	0.27647	0.01935	0.00887	0.00262	0.00384	0.01701	0.00705	0.00622
79	0.01943	0.01999	0.02811	0.04056	0.59315	0.12666	0.02101	0.02336	0.01719	0.02281	0.01329	0.01723	0.01118	0.00664	0.00710	0.00211	0.00934	0.00620	0.00362	0.01103
80	0.06209	0.01244	0.01663	0.01280	0.01838	0.01090	0.01058	0.03488	0.02048	0.67829	0.02796	0.02424	0.01760	0.00891	0.00720	0.00225	0.00616	0.00718	0.00882	0.01220
81	0.00907	0.00644	0.00850	0.01005	0.01048	0.00607	0.00672	0.01031	0.01375	0.01831	0.03871	0.66704	0.04624	0.07758	0.01141	0.00328	0.00451	0.03915	0.00657	0.00581
82	0.01410	0.00731	0.00737	0.00717	0.00902	0.00739	0.00542	0.04277	0.01599	0.02783	0.02347	0.02672	0.01839	0.00848	0.00517	0.00171	0.00357	0.00677	0.75436	0.00699
83	0.01776	0.01738	0.03067	0.06546	0.60815	0.01735	0.09093	0.02229	0.01655	0.02353	0.01376	0.01821	0.01140	0.00647	0.00734	0.00220	0.00905	0.00670	0.00359	0.01122
84	0.05905	0.01851	0.04642	0.06706	0.50137	0.04134	0.02017	0.11171	0.01877	0.02678	0.01388	0.01742	0.01123	0.00688	0.00704	0.00217	0.00865	0.00626	0.00412	0.01117
85	0.16838	0.14955	0.02167	0.01598	0.02028	0.47164	0.01263	0.02640	0.01810	0.02042	0.01084	0.01263	0.00908	0.00714	0.00586	0.00189	0.01083	0.00441	0.00378	0.00847
86	0.01871	0.64267	0.13798	0.01367	0.02057	0.02699	0.01459	0.02195	0.01486	0.01799	0.01054	0.01221	0.00931	0.00632	0.00500	0.00167	0.00822	0.00411	0.00310	0.00954
87	0.00943	0.00735	0.00855	0.00835	0.01036	0.00648	0.00622	0.01201	0.01840	0.02421	0.37415	0.09141	0.36327	0.01688	0.00861	0.00239	0.00358	0.01451	0.00736	0.00648
88	0.01645	0.20216	0.51139	0.01868	0.02796	0.06096	0.02276	0.02309	0.01552	0.02134	0.01226	0.01436	0.00925	0.00678	0.00637	0.00210	0.01020	0.00499	0.00312	0.01028
89	0.26736	0.01524	0.01554	0.01279	0.01741	0.01667	0.01039	0.25190	0.07942	0.10342	0.11854	0.02272	0.02074	0.00914	0.00660	0.00225	0.00619	0.00693	0.00669	0.01005
90	0.03056	0.01188	0.01618	0.01263	0.01785	0.01030	0.01034	0.03334	0.02052	0.64327	0.06274	0.05431	0.02173	0.00983	0.00745	0.00228	0.00597	0.00813	0.00886	0.01184
91	0.01047	0.00820	0.01070	0.06542	0.01444	0.00838	0.00825	0.01409	0.05686	0.02186	0.21440	0.17402	0.16557	0.04663	0.14288	0.00439	0.00739	0.01303	0.00624	0.00678
92	0.01644	0.01573	0.02710	0.24801	0.44975	0.01665	0.04950	0.02096	0.01598	0.02210	0.01442	0.02087	0.01208	0.00721	0.00738	0.00230	0.00904	0.03066	0.00361	0.01023
93	0.01022	0.00737	0.00965	0.00919	0.01084	0.00681	0.00685	0.01354	0.02024	0.02862	0.66232	0.08886	0.06755	0.01526	0.00861	0.00232	0.00347	0.01352	0.00794	0.00681
94	0.00911	0.00647	0.00857	0.01015	0.01061	0.00610	0.00685	0.01040	0.01385	0.01844	0.03890	0.66302	0.04640	0.06811	0.01106	0.00323	0.00452	0.05177	0.00660	0.00585
95	0.01926	0.72349	0.06200	0.01273	0.01911	0.02834	0.01295	0.02181	0.01479	0.01731	0.01021	0.01179	0.00932	0.00624	0.00474	0.00158	0.00788	0.00394	0.00311	0.00938
96	0.01496	0.07254	0.63922	0.02081	0.03115	0.01756	0.05914	0.02297	0.01541	0.02274	0.01298	0.01538	0.00931	0.00683	0.00688	0.00227	0.01067	0.00546	0.00310	0.01062
97	0.01122	0.00821	0.01103	0.01244	0.01424	0.00802	0.01074	0.01434	0.01671	0.02142	0.04399	0.08011	0.14422	0.01982	0.00981	0.00321	0.00622	0.55093	0.00670	0.00661
98	0.09248	0.01341	0.01499	0.01095	0.01719	0.01100	0.00881	0.05213	0.01578	0.02569	0.01288	0.01487	0.01056	0.00569	0.00539	0.00125	0.00554	0.00438	0.00448	0.67253
99	0.10230	0.01399	0.06646	0.01275	0.01754	0.01204	0.01099	0.10201	0.02039	0.33492	0.12990	0.09680	0.02654	0.01085	0.00738	0.00232	0.00606	0.00896	0.00752	0.01029
100	0.01171	0.00837	0.01171	0.01339	0.01506	0.00837	0.01171	0.01506	0.01673	0.02175	0.03849	0.08199	0.04183	0.02008	0.01004	0.00335	0.00669	0.65027	0.00669	0.00669
101	0.79588	0.01406	0.01068	0.00956	0.01406	0.01631	0.00787	0.02137	0.01237	0.03261	0.01012	0.01181	0.00787	0.00675	0.00450	0.00225	0.00562	0.00394	0.00450	0.00787
102	0.01021	0.00743	0.00957	0.01078	0.01200	0.00710	0.00834	0.01228	0.01510	0.01952	0.04259	0.27712	0.14443	0.10821	0.01284	0.00353	0.00551	0.28090	0.00644	0.00609
103	0.01001	0.00746	0.00933	0.00899	0.01086	0.00679	0.00683	0.01311	0.01956	0.02682	0.53420	0.05892	0.19650	0.01585	0.00865	0.00237	0.00365	0.04572	0.00768	0.00670
104	0.01507	0.01292	0.01507	0.01077	0.01723	0.00969	0.00861	0.01830	0.01507	0.02369	0.01292	0.01507	0.01077	0.00538	0.00538	0.00108	0.00538	0.00431	0.00431	0.78898
105	0.02683	0.06446	0.02133	0.01846	0.02231	0.68669	0.01398	0.02872	0.02036	0.01776	0.01119	0.01305	0.00936	0.00744	0.00648	0.00186	0.01289	0.00465	0.00372	0.00846
106	0.00988	0.00712	0.00935	0.00942	0.01077	0.00659	0.00683	0.01270	0.01870	0.02616	0.51038	0.24780	0.06280	0.01709	0.00877	0.00247	0.00365	0.01527	0.00765	0.00659
107	0.01029	0.00743	0.00972	0.00914	0.01086	0.00686	0.00686	0.01372	0.02058	0.02915	0.69536	0.05430	0.06859	0.01486	0.00857	0.00229	0.00343	0.01315	0.00800	0.00686
108	0.02244	0.01778	0.01889	0.01567	0.02056	0.02012	0.01256	0.32884	0.38875	0.03743	0.02405	0.02271	0.01771	0.00934	0.00734	0.00234	0.00678	0.00745	0.00734	0.01190
109	0.01055	0.00793	0.01161	0.01153	0.01267	0.00925	0.00883	0.01287	0.01156	0.01663	0.01953	0.03002	0.01872	0.11860	0.63313	0.01102	0.03729	0.00801	0.00392	0.00633
110	0.01808	0.01561	0.01644	0.01479	0.01890	0.01808	0.01151	0.03863	0.68606	0.03041	0.02959	0.02712	0.02219	0.00986	0.00740	0.00247	0.00575	0.00822	0.00740	0.01151
111	0.01808	0.01561	0.01644	0.01479	0.01890	0.01808	0.01151	0.03863	0.68606	0.03041	0.02959	0.02712	0.02219	0.00986	0.00740	0.00247	0.00575	0.00822	0.00740	0.01151
112	0.00948	0.00765	0.00848	0.00832	0.01052	0.00680	0.00622	0.01249	0.04350	0.02286	0.25707	0.09737	0.44892	0.01723	0.00857	0.00243	0.00371	0.01467	0.00715	0.00655
113	0.00896	0.00640	0.00856	0.01024	0.01071	0.00600	0.00693	0.01031	0.01402	0.01868	0.04001	0.71517	0.04784	0.02267	0.00931	0.00297	0.00431	0.04423	0.00675	0.00593
114	0.75715	0.01438	0.01124	0.00992	0.01449	0.01662	0.00817	0.05432	0.01347	0.03328	0.01049	0.01209	0.00810	0.00685	0.00464	0.00225	0.00574	0.00407	0.00464	0.00810
115	0.64472	0.01285	0.01030	0.00925	0.01335	0.01460	0.00754	0.02120	0.01314	0.05689	0.01295	0.01469	0.00994	0.00710	0.00469	0.00216	0.00529	0.00451	0.12695	0.00787
116	0.01040	0.00773	0.01141	0.01141	0.01262	0.00894	0.00875	0.01281	0.01160	0.01667	0.01972	0.02993	0.01877	0.10435	0.66671	0.01135	0.01857	0.00799	0.00393	0.00634
117	0.01154	0.00799	0.01030	0.00961	0.01151	0.00749	0.00723	0.03857	0.02063	0.05043	0.60428	0.09901	0.06350	0.01499	0.00853	0.00233	0.00374	0.01323	0.00792	0.00717
118	0.02478	0.01477	0.01721	0.01374	0.01799	0.01542	0.01089	0.34155	0.02450	0.20251	0.02002	0.02299	0.01520	0.08381	0.01362	0.12987	0.00718	0.00709	0.00676	0.01009
119	0.01344	0.01257	0.02110	0.52969	0.09931	0.01474	0.04262	0.01776	0.01486	0.01926	0.01926	0.09312	0.05368	0.00933	0.00759	0.00245	0.00881	0.00846	0.00383	0.00811
120	0.70009	0.03517	0.01252	0.07695	0.01757	0.01665	0.00916	0.02112	0.01264	0.03085	0.01038	0.01251	0.00808	0.00678	0.00476	0.00225	0.00607	0.00417	0.00434	0.00793
121	0.01943	0.74891	0.03809	0.01244	0.01866	0.02876	0.01244	0.02177	0.01477	0.01710	0.01011	0.01166	0.00933	0.00622	0.00466	0.00155	0.00777	0.00389	0.00311	0.00933
122	0.01093	0.00788	0.01077	0.01235	0.01381	0.00772	0.01031	0.01376	0.01614	0.02096	0.04093	0.21751	0.08258	0.02054	0.00979	0.00321	0.00600	0.48159	0.00671	0.00650
123	0.01287	0.04642	0.23119	0.03932	0.03927	0.01198	0.01450	0.03948	0.01864	0.02648	0.36887	0.05714	0.04144	0.01155	0.00779	0.00228	0.00644	0.00992	0.00591	0.00851
124	0.42869	0.01841	0.01515	0.01287	0.01759	0.12824	0.01037	0.14756	0.04124	0.09788	0.01413	0.01485	0.01042	0.00756	0.00572	0.00218	0.00732	0.00502	0.00543	0.00936
125	0.11185	0.01255	0.01623	0.01258	0.01809	0.01127	0.01039	0.03397	0.01993	0.63451	0.02675	0.02340	0.01694	0.00876	0.00702	0.00225	0.00613	0.00696	0.00853	0.01190
126	0.01731	0.01740	0.05073	0.08346	0.50504	0.04212	0.02043	0.02245	0.05072	0.02330	0.01676	0.02457	0.01476	0.00809	0.00746	0.00230	0.00861	0.06975	0.00406	0.01067
127	0.01504	0.01426	0.02418	0.51620	0.25064	0.01650	0.02084	0.01973	0.01516	0.02017	0.01315	0.01895	0.01025	0.00702	0.00725	0.00234	0.00936	0.00647	0.00334	0.00914
128	0.01056	0.00761	0.01010	0.00997	0.01168	0.00715	0.00780	0.01398	0.01983	0.02771	0.56784	0.05967	0.06339	0.01587	0.00886	0.00249	0.00406	0.13683	0.00775	0.00683
129	0.01030	0.00693	0.00801	0.00827	0.00834	0.00687	0.00477	0.01050	0.01109	0.01479	0.02559	0.15587	0.02981	0.63161	0.03266	0.00641	0.00660	0.01215	0.00477	0.00464
130	0.41254	0.18708	0.06241	0.07223	0.02146	0.01961	0.06805	0.04286	0.01441	0.02691	0.01115	0.01346	0.00886	0.00669	0.00535	0.00212	0.00741	0.00470	0.00401	0.00871
131	0.01481	0.07697	0.60794	0.02024	0.03013	0.01720	0.04943	0.02256	0.01545	0.02262	0.01422	0.01865	0.01093	0.00750	0.00700	0.00232	0.01042	0.03792	0.00328	0.01042
132	0.00939	0.00736	0.00859	0.00905	0.01092	0.00656	0.00691	0.01162	0.01678	0.02128	0.16014	0.18096	0.38736	0.01884	0.00893	0.00265	0.00420	0.11522	0.00694	0.00630
133	0.00935	0.00664	0.00869	0.00985	0.01047	0.00625	0.00668	0.01089	0.01471	0.01986	0.14094	0.54049	0.04887	0.09559	0.01204	0.00328	0.00446	0.03834	0.00670	0.00592
134	0.01943	0.74891	0.03809	0.01244	0.01866	0.02876	0.01244	0.02177	0.01477	0.01710	0.01011	0.01166	0.00933	0.00622	0.00466	0.00155	0.00777	0.00389	0.00311	0.00933
135	0.01402	0.01324	0.02221	0.66850	0.08173	0.01642	0.02015	0.01872	0.01452	0.01880	0.01284	0.01919	0.00978	0.00741	0.00783	0.00244	0.03426	0.00646	0.00325	0.00824
136	0.79588	0.01406	0.01068	0.00956	0.01406	0.01631	0.00787	0.02137	0.01237	0.03261	0.01012	0.01181	0.00787	0.00675	0.00450	0.00225	0.00562	0.00394	0.00450	0.00787
137	0.01263	0.00631	0.00947	0.00947	0.00947	0.00631	0.00631	0.00947	0.00947	0.01263	0.01263	0.02210	0.01263	0.02525	0.02841	0.78851	0.00631	0.00631	0.00316	0.00316
138	0.01064	0.03290	0.05706	0.01065	0.01270	0.00870	0.00869	0.01341	0.01624	0.02254	0.25000	0.24727	0.11734	0.01991	0.07177	0.00332	0.03612	0.01374	0.04015	0.00685
139	0.01507	0.01292	0.01507	0.01077	0.01723	0.00969	0.00861	0.01830	0.01507	0.02369	0.01292	0.01507	0.01077	0.00538	0.00538	0.00108	0.00538	0.00431	0.00431	0.78898
140	0.01943	0.74891	0.03809	0.01244	0.01866	0.02876	0.01244	0.02177	0.01477	0.01710	0.01011	0.01166	0.00933	0.00622	0.00466	0.00155	0.00777	0.00389	0.00311	0.00933
141	0.03085	0.01214	0.01644	0.01266	0.01812	0.01045	0.01041	0.03370	0.02059	0.64544	0.06215	0.02590	0.02032	0.00917	0.00731	0.00221	0.00602	0.00750	0.00878	0.03985
142	0.01779	0.01536	0.01616	0.01457	0.01862	0.01771	0.01132	0.03776	0.66557	0.03008	0.03093	0.02843	0.04282	0.01012	0.00743	0.00247	0.00569	0.00844	0.00738	0.01134
143	0.01865	0.01549	0.01645	0.01472	0.01889	0.01779	0.01147	0.03850	0.65994	0.05686	0.02955	0.02703	0.02202	0.00983	0.00739	0.00246	0.00577	0.00818	0.00746	0.01154
144	0.01038	0.00779	0.01168	0.01168	0.01298	0.00909	0.00909	0.01298	0.01168	0.01687	0.01947	0.02856	0.01817	0.05452	0.71573	0.01168	0.01947	0.00779	0.00389	0.00649
145	0.01808	0.01561	0.01644	0.01479	0.01890	0.01808	0.01151	0.03863	0.68606	0.03041	0.02959	0.02712	0.02219	0.00986	0.00740	0.00247	0.00575	0.00822	0.00740	0.01151
146	0.00953	0.00740	0.00867	0.00835	0.01040	0.00654	0.00626	0.01225	0.01879	0.02491	0.41828	0.06128	0.34831	0.01644	0.00858	0.00236	0.00354	0.01412	0.00744	0.00654
147	0.00886	0.00633	0.00843	0.01012	0.01054	0.00590	0.00675	0.01012	0.01392	0.01856	0.04006	0.73979	0.04808	0.02277	0.00928	0.00295	0.00422	0.02066	0.00675	0.00590
148	0.01157	0.00826	0.01155	0.01322	0.01483	0.00824	0.01146	0.01481	0.01659	0.02159	0.03857	0.11558	0.04215	0.02022	0.01000	0.00333	0.00657	0.61812	0.00670	0.00665
149	0.01997	0.53606	0.03337	0.01413	0.01925	0.05248	0.01318	0.08558	0.01632	0.02001	0.01078	0.01295	0.00966	0.00753	0.00800	0.00188	0.12136	0.00457	0.00355	0.00938
150	0.79588	0.01406	0.01068	0.00956	0.01406	0.01631	0.00787	0.02137	0.01237	0.03261	0.01012	0.01181	0.00787	0.00675	0.00450	0.00225	0.00562	0.00394	0.00450	0.00787
151	0.01034	0.00744	0.01023	0.01035	0.01117	0.00820	0.00740	0.01200	0.01148	0.01609	0.02203	0.08441	0.02295	0.27686	0.44551	0.00956	0.01436	0.00959	0.00426	0.00577
152	0.01442	0.00740	0.00815	0.00772	0.00981	0.00709	0.00587	0.01767	0.01663	0.08649	0.13056	0.03369	0.06747	0.01010	0.00603	0.00188	0.00366	0.00832	0.54978	0.00724
153	0.01697	0.01710	0.05289	0.18769	0.53761	0.01702	0.02203	0.02155	0.01608	0.02263	0.01349	0.01819	0.01104	0.00666	0.00720	0.00222	0.00894	0.00643	0.00350	0.01076
154	0.01378	0.01433	0.05114	0.01972	0.06855	0.04761	0.18675	0.01785	0.04149	0.02106	0.02711	0.30967	0.02893	0.01460	0.00928	0.00271	0.03624	0.07585	0.00528	0.00804
155	0.79588	0.01406	0.01068	0.00956	0.01406	0.01631	0.00787	0.02137	0.01237	0.03261	0.01012	0.01181	0.00787	0.00675	0.00450	0.00225	0.00562	0.00394	0.00450	0.00787
156	0.01630	0.01596	0.02515	0.38884	0.33594	0.05238	0.02081	0.02076	0.01574	0.02082	0.01317	0.01844	0.01048	0.00693	0.00720	0.00228	0.00940	0.00638	0.00342	0.00962
157	0.00960	0.00664	0.00821	0.00917	0.00940	0.00640	0.00573	0.01032	0.01246	0.01661	0.03259	0.43811	0.03864	0.33733	0.02136	0.00474	0.00545	0.01627	0.00573	0.00525
158	0.01504	0.06272	0.01405	0.01104	0.01422	0.03620	0.00881	0.11502	0.06156	0.05279	0.28115	0.04648	0.20259	0.01362	0.00797	0.00229	0.00517	0.03402	0.00705	0.00821
159	0.01749	0.46394	0.30603	0.01576	0.02379	0.02400	0.01821	0.02227	0.01500	0.01947	0.01128	0.01314	0.00928	0.00649	0.00556	0.00185	0.00896	0.00448	0.00309	0.00990
160	0.03261	0.01237	0.01687	0.01293	0.01856	0.01068	0.01068	0.03543	0.02081	0.70423	0.02868	0.02474	0.01799	0.00900	0.00731	0.00225	0.00619	0.00731	0.00900	0.01237
161	0.01457	0.00847	0.01052	0.00940	0.01219	0.00746	0.00726	0.01736	0.01936	0.17172	0.35587	0.05285	0.25529	0.01471	0.00831	0.00233	0.00410	0.01258	0.00782	0.00782
