[name]
unknown

[dist]
# distance from previous block
# <min> <max>
5	418

[block]
# block no. 0 follows, 27 sequences, length 6
# corresponding to MSA columns:
# 426-431
name=unknown_A
#
# <colnr> <probs for GDERKNQSTAVLIFYWHMCP>
#	G	D	E	R	K	N	Q	S	T	A	V	L	I	F	Y	W	H	M	C	P
0	0.01193	0.00873	0.01030	0.00986	0.01171	0.00803	0.00675	0.04644	0.01459	0.02031	0.02981	0.29628	0.05710	0.24343	0.01734	0.00387	0.00558	0.01329	0.03589	0.14877
1	0.01067	0.00771	0.00939	0.00999	0.01107	0.00741	0.00697	0.04253	0.01559	0.02057	0.09366	0.35372	0.12642	0.17940	0.01555	0.00381	0.00520	0.06767	0.00649	0.00618
2	0.01310	0.01182	0.01976	0.45478	0.03788	0.01388	0.05199	0.01753	0.01572	0.02098	0.13828	0.02765	0.02221	0.01544	0.10464	0.00375	0.01024	0.00816	0.00431	0.00789
3	0.02052	0.01961	0.02735	0.06277	0.08294	0.09791	0.20334	0.11587	0.15081	0.05320	0.01888	0.04192	0.01482	0.00861	0.00869	0.00242	0.04675	0.00785	0.00527	0.01048
4	0.02378	0.02288	0.02082	0.13509	0.02682	0.23517	0.01466	0.26870	0.04990	0.02994	0.01537	0.01752	0.01177	0.01025	0.03905	0.00256	0.01039	0.00607	0.00528	0.05397
5	0.01506	0.01214	0.01418	0.01198	0.01580	0.01167	0.00930	0.10587	0.07506	0.02699	0.11853	0.15895	0.08326	0.01243	0.00836	0.00212	0.04260	0.01040	0.00620	0.25908

[dist]
# distance from previous block
# <min> <max>
0	9

[block]
# block no. 1 follows, 27 sequences, length 13
# corresponding to MSA columns:
# 441-453
name=unknown_B
#
# <colnr> <probs for GDERKNQSTAVLIFYWHMCP>
#	G	D	E	R	K	N	Q	S	T	A	V	L	I	F	Y	W	H	M	C	P
0	0.02146	0.02267	0.02284	0.11838	0.14077	0.25440	0.05389	0.09286	0.09961	0.02392	0.01607	0.02006	0.01316	0.05696	0.00930	0.00253	0.01021	0.00661	0.00459	0.00970
1	0.07635	0.01523	0.01851	0.01485	0.01980	0.01571	0.06969	0.15496	0.19508	0.11573	0.02691	0.02744	0.07941	0.04565	0.00881	0.00250	0.00681	0.00803	0.00663	0.09189
2	0.01604	0.01670	0.03153	0.11573	0.03265	0.01721	0.34366	0.02073	0.01549	0.02175	0.01412	0.01955	0.01140	0.01135	0.06709	0.00320	0.12349	0.00751	0.00371	0.10709
3	0.01115	0.00856	0.00939	0.00914	0.01117	0.00804	0.00665	0.06876	0.01735	0.02199	0.09953	0.12944	0.36683	0.15642	0.01435	0.00346	0.00497	0.03970	0.00657	0.00654
4	0.01402	0.01319	0.02227	0.72126	0.05113	0.01649	0.02062	0.01897	0.01484	0.01897	0.01319	0.01979	0.00990	0.00742	0.00742	0.00247	0.00990	0.00660	0.00330	0.00825
5	0.02285	0.09023	0.02187	0.06895	0.05417	0.34267	0.01418	0.11317	0.05132	0.02282	0.01452	0.01741	0.01197	0.01442	0.10435	0.00340	0.01227	0.00579	0.00441	0.00923
6	0.00957	0.00724	0.00924	0.01030	0.01096	0.00713	0.00707	0.01086	0.01415	0.01867	0.04249	0.54442	0.13468	0.07972	0.01253	0.00329	0.04648	0.01866	0.00649	0.00606
7	0.12208	0.01687	0.01766	0.01459	0.01954	0.01869	0.01177	0.27897	0.25310	0.08973	0.02541	0.02422	0.05542	0.00965	0.00719	0.00236	0.00666	0.00752	0.00722	0.01136
8	0.01344	0.01160	0.01172	0.01102	0.01346	0.07231	0.00828	0.06057	0.08118	0.02655	0.30891	0.13563	0.18587	0.01540	0.00846	0.00243	0.00509	0.01317	0.00724	0.00769
9	0.07615	0.11445	0.30596	0.01645	0.02409	0.01740	0.01794	0.05890	0.07765	0.16512	0.04346	0.01964	0.01484	0.00807	0.00681	0.00225	0.00837	0.00623	0.00530	0.01093
10	0.17486	0.01716	0.01876	0.01522	0.02037	0.01889	0.04989	0.25966	0.21916	0.03600	0.02187	0.02171	0.04091	0.00893	0.00694	0.00230	0.00697	0.00703	0.00653	0.04683
11	0.07680	0.06992	0.07717	0.09595	0.23180	0.04094	0.01656	0.05571	0.06551	0.02411	0.01566	0.02045	0.01318	0.05453	0.07208	0.00334	0.00946	0.00647	0.00423	0.04612
12	0.10214	0.13291	0.12546	0.01610	0.02143	0.17218	0.05697	0.05449	0.07072	0.02409	0.01609	0.04272	0.01335	0.01031	0.03902	0.00256	0.00955	0.00625	0.07443	0.00925

[dist]
# distance from previous block
# <min> <max>
0	34

[block]
# block no. 2 follows, 27 sequences, length 46
# corresponding to MSA columns:
# 488-533
name=unknown_C
#
# <colnr> <probs for GDERKNQSTAVLIFYWHMCP>
#	G	D	E	R	K	N	Q	S	T	A	V	L	I	F	Y	W	H	M	C	P
0	0.01816	0.01841	0.08278	0.05294	0.05859	0.03504	0.30092	0.02538	0.09942	0.08898	0.07613	0.04126	0.01932	0.00843	0.00805	0.00241	0.00942	0.00866	0.03567	0.01004
1	0.02175	0.07885	0.04198	0.02008	0.10853	0.02072	0.01496	0.30960	0.06592	0.03287	0.01753	0.06481	0.01473	0.00982	0.00969	0.00235	0.11108	0.00736	0.00572	0.04165
2	0.01331	0.08013	0.01364	0.01104	0.01283	0.06593	0.00812	0.04459	0.01534	0.01973	0.09496	0.17663	0.05934	0.21077	0.13595	0.00528	0.00887	0.01154	0.00533	0.00669
3	0.01923	0.01636	0.04534	0.01412	0.01821	0.05680	0.01146	0.13841	0.29356	0.06158	0.07277	0.08370	0.04107	0.01104	0.00750	0.00237	0.00639	0.00912	0.08066	0.01034
4	0.01731	0.15492	0.44307	0.02139	0.05811	0.08524	0.07418	0.02387	0.01628	0.02203	0.01280	0.01528	0.00969	0.00691	0.00678	0.00219	0.01072	0.00547	0.00328	0.01046
5	0.00965	0.00765	0.00852	0.00871	0.01077	0.00678	0.00663	0.01177	0.01685	0.02099	0.13780	0.06920	0.45695	0.08712	0.01175	0.00307	0.00451	0.10819	0.00681	0.00627
6	0.02507	0.01084	0.01441	0.01167	0.01607	0.00946	0.00940	0.02801	0.02078	0.46055	0.20436	0.03747	0.09560	0.01165	0.00792	0.00233	0.00535	0.00979	0.00871	0.01057
7	0.05186	0.04352	0.05683	0.07396	0.45761	0.01817	0.04602	0.02271	0.01618	0.05306	0.01392	0.01800	0.01140	0.00739	0.00881	0.00232	0.07700	0.00647	0.00386	0.01092
8	0.01680	0.16871	0.31545	0.05038	0.02897	0.02021	0.11635	0.02525	0.11432	0.02307	0.01535	0.01757	0.01171	0.00750	0.00763	0.00229	0.03791	0.00620	0.00390	0.01043
9	0.01013	0.00757	0.00940	0.00895	0.01086	0.00685	0.00671	0.01328	0.02013	0.02767	0.55618	0.05891	0.20406	0.01596	0.00876	0.00237	0.00356	0.01391	0.00790	0.00685
10	0.05302	0.01233	0.01271	0.01085	0.01423	0.01330	0.00862	0.23407	0.05779	0.03443	0.02182	0.02373	0.01662	0.00874	0.00603	0.00196	0.00525	0.00679	0.44857	0.00912
11	0.05390	0.07988	0.02523	0.12590	0.33782	0.05913	0.01792	0.02438	0.11487	0.02372	0.01710	0.05758	0.01465	0.00819	0.00711	0.00227	0.00834	0.00720	0.00438	0.01041
12	0.00975	0.00790	0.00887	0.00877	0.01098	0.00721	0.00657	0.01288	0.04801	0.02231	0.19503	0.10218	0.43771	0.02083	0.06440	0.00325	0.00512	0.01457	0.00696	0.00669
13	0.01279	0.01061	0.01165	0.01130	0.01420	0.01092	0.00890	0.02166	0.24639	0.02499	0.10245	0.05707	0.30312	0.01578	0.00859	0.00265	0.00498	0.11642	0.00721	0.00832
14	0.01402	0.01319	0.02227	0.72126	0.05113	0.01649	0.02062	0.01897	0.01484	0.01897	0.01319	0.01979	0.00990	0.00742	0.00742	0.00247	0.00990	0.00660	0.00330	0.00825
15	0.01953	0.01926	0.09912	0.01629	0.02166	0.01858	0.03364	0.17016	0.40310	0.03266	0.02778	0.02653	0.05832	0.00987	0.00758	0.00243	0.00705	0.00813	0.00685	0.01147
16	0.01514	0.01424	0.02384	0.43689	0.26413	0.01610	0.02021	0.01973	0.01587	0.02122	0.04286	0.02278	0.03986	0.00791	0.00750	0.00238	0.00904	0.00723	0.00376	0.00930
17	0.01726	0.01445	0.01929	0.01401	0.02038	0.01213	0.08226	0.05528	0.01683	0.05914	0.01433	0.01657	0.01144	0.00624	0.00678	0.00146	0.03376	0.00524	0.00469	0.58848
18	0.01426	0.01344	0.02269	0.68466	0.08588	0.01656	0.02073	0.01917	0.01496	0.01925	0.01324	0.01972	0.01000	0.00738	0.00742	0.00246	0.00984	0.00660	0.00332	0.00844
19	0.01289	0.00645	0.00967	0.00967	0.00967	0.00645	0.00645	0.00967	0.00967	0.01289	0.01289	0.02257	0.01289	0.02579	0.02901	0.78401	0.00645	0.00645	0.00322	0.00322
20	0.01528	0.03567	0.60297	0.02267	0.03312	0.01747	0.12236	0.02355	0.01595	0.02355	0.01357	0.01632	0.00968	0.00693	0.00731	0.00237	0.01120	0.00597	0.00323	0.01083
21	0.02029	0.09312	0.08978	0.02546	0.03231	0.16046	0.39209	0.02533	0.01802	0.05054	0.01432	0.01777	0.01090	0.00674	0.00777	0.00227	0.01187	0.00718	0.00389	0.00987
22	0.01975	0.01758	0.01716	0.01516	0.01941	0.07636	0.01183	0.11249	0.50007	0.03110	0.03027	0.02834	0.06674	0.01033	0.00755	0.00243	0.00664	0.00839	0.00718	0.01121
23	0.00904	0.00646	0.00861	0.01034	0.01077	0.00603	0.00689	0.01034	0.01421	0.01895	0.04092	0.73426	0.04910	0.02326	0.00948	0.00301	0.00431	0.02110	0.00689	0.00603
24	0.01079	0.00738	0.00957	0.01001	0.01138	0.00672	0.00706	0.01287	0.01660	0.05102	0.23193	0.42954	0.07961	0.03727	0.00970	0.00279	0.00425	0.01711	0.00721	0.03719
25	0.02764	0.02051	0.02195	0.01696	0.02280	0.02275	0.01397	0.63061	0.07328	0.04585	0.01856	0.01841	0.01322	0.00898	0.00743	0.00225	0.00803	0.00679	0.00743	0.01257
26	0.01766	0.50072	0.08793	0.01530	0.04638	0.02405	0.03671	0.02059	0.01502	0.01867	0.01508	0.11283	0.01515	0.00902	0.00663	0.00197	0.03650	0.00684	0.00373	0.00921
27	0.01076	0.00736	0.00892	0.00892	0.00920	0.00764	0.00552	0.01132	0.01104	0.01500	0.02264	0.04443	0.02519	0.59305	0.18137	0.00821	0.00991	0.01019	0.00439	0.00495
28	0.01641	0.01380	0.01594	0.01148	0.01802	0.01094	0.00922	0.07025	0.01694	0.02598	0.01356	0.01559	0.01113	0.00577	0.00565	0.00119	0.00571	0.00458	0.00464	0.72320
29	0.12236	0.01902	0.01976	0.01577	0.02119	0.02131	0.01288	0.46165	0.16031	0.04196	0.01935	0.01906	0.01404	0.00889	0.00710	0.00229	0.00741	0.00669	0.00710	0.01187
30	0.01150	0.00807	0.00934	0.00890	0.00992	0.00792	0.00583	0.04731	0.01553	0.02102	0.21869	0.05071	0.09122	0.43406	0.02548	0.00516	0.00591	0.01172	0.00590	0.00580
31	0.02610	0.18176	0.02473	0.01780	0.02214	0.56877	0.01400	0.02811	0.01981	0.01802	0.01124	0.01308	0.00956	0.00738	0.00629	0.00185	0.01226	0.00461	0.00369	0.00880
32	0.01080	0.00720	0.00810	0.00810	0.00810	0.00720	0.00450	0.01080	0.01080	0.01439	0.02339	0.04858	0.02699	0.73910	0.03779	0.00720	0.00720	0.01080	0.00450	0.00450
33	0.02475	0.01741	0.01918	0.01566	0.02045	0.03420	0.01272	0.34869	0.14333	0.13605	0.02442	0.05559	0.03301	0.01065	0.00842	0.00242	0.03880	0.03535	0.00739	0.01151
34	0.01940	0.67984	0.09870	0.01347	0.02024	0.02828	0.01403	0.02235	0.01514	0.01801	0.01059	0.01225	0.00952	0.00641	0.00497	0.00166	0.00821	0.00411	0.00317	0.00966
35	0.01679	0.01409	0.01612	0.01187	0.01822	0.01175	0.00951	0.07857	0.06986	0.02676	0.01496	0.01659	0.01207	0.00617	0.00583	0.00131	0.00577	0.00492	0.00492	0.65392
36	0.05088	0.01648	0.01977	0.16441	0.02654	0.09504	0.07412	0.14124	0.08773	0.02652	0.04716	0.14313	0.02095	0.01162	0.00862	0.03362	0.00828	0.00943	0.00547	0.00899
37	0.01064	0.00716	0.00825	0.00835	0.00849	0.00709	0.00484	0.01095	0.01168	0.01567	0.06441	0.10343	0.03131	0.63916	0.03381	0.00658	0.00675	0.01177	0.00491	0.00477
38	0.01046	0.00722	0.00895	0.00924	0.00958	0.00741	0.00585	0.01121	0.01160	0.01573	0.02566	0.16074	0.02905	0.48202	0.16666	0.00743	0.00923	0.01197	0.00480	0.00518
39	0.03998	0.01556	0.01722	0.21699	0.02685	0.09617	0.01340	0.11699	0.10655	0.04174	0.02222	0.15221	0.02006	0.01107	0.00748	0.00241	0.00777	0.00929	0.06706	0.00898
40	0.01463	0.03017	0.47003	0.02139	0.02992	0.01628	0.13213	0.02159	0.01561	0.02272	0.01705	0.11015	0.01491	0.00929	0.00841	0.00250	0.04133	0.00812	0.00373	0.01004
41	0.01004	0.00717	0.00948	0.01006	0.01097	0.00700	0.00708	0.01204	0.01549	0.02131	0.22257	0.32206	0.04771	0.12911	0.10474	0.00460	0.00662	0.03924	0.00653	0.00620
42	0.00932	0.00668	0.00875	0.01002	0.01068	0.00623	0.00677	0.01090	0.01513	0.02036	0.13529	0.58827	0.06892	0.05226	0.01055	0.00308	0.00430	0.01940	0.00698	0.00611
43	0.01848	0.01973	0.05554	0.12059	0.44140	0.10718	0.02046	0.02330	0.04213	0.02279	0.01539	0.05141	0.01329	0.00777	0.00737	0.00226	0.00932	0.00707	0.00392	0.01062
44	0.01962	0.01673	0.02919	0.02217	0.02699	0.01742	0.29210	0.09409	0.01845	0.11858	0.02086	0.07714	0.04433	0.01017	0.01163	0.00263	0.15376	0.00915	0.00519	0.00982
45	0.01779	0.01947	0.04098	0.02952	0.03663	0.01847	0.59807	0.06155	0.01841	0.02494	0.01632	0.05128	0.01301	0.00716	0.00871	0.00251	0.01190	0.00918	0.00411	0.00999

[dist]
# distance from previous block
# <min> <max>
0	7

[block]
# block no. 3 follows, 27 sequences, length 46
# corresponding to MSA columns:
# 541-586
name=unknown_D
#
# <colnr> <probs for GDERKNQSTAVLIFYWHMCP>
#	G	D	E	R	K	N	Q	S	T	A	V	L	I	F	Y	W	H	M	C	P
0	0.02736	0.06866	0.02188	0.01882	0.02277	0.67735	0.01427	0.02930	0.02076	0.01814	0.01142	0.01332	0.00956	0.00759	0.00660	0.00190	0.01313	0.00474	0.00379	0.00865
1	0.01812	0.00975	0.01271	0.01094	0.01419	0.00885	0.00864	0.04298	0.02111	0.23066	0.40353	0.04563	0.06776	0.01322	0.00830	0.00234	0.00471	0.03775	0.00825	0.03055
2	0.01039	0.00718	0.00899	0.00991	0.01038	0.00703	0.00672	0.01147	0.01316	0.01745	0.03253	0.29839	0.03772	0.35320	0.02269	0.00502	0.00611	0.13040	0.00578	0.00547
3	0.00930	0.00660	0.00851	0.00992	0.01035	0.00621	0.00650	0.01041	0.01378	0.01830	0.03927	0.61354	0.06382	0.12971	0.01367	0.00362	0.00472	0.01942	0.00654	0.00581
4	0.02674	0.02019	0.02244	0.01904	0.07245	0.02227	0.01457	0.57189	0.08305	0.04391	0.01849	0.01862	0.01333	0.00883	0.00743	0.00225	0.00804	0.00681	0.00716	0.01249
5	0.00909	0.00670	0.00854	0.00997	0.01079	0.00615	0.00684	0.01054	0.01475	0.01923	0.04654	0.60449	0.15498	0.02244	0.00938	0.00294	0.00429	0.03934	0.00689	0.00609
6	0.01406	0.01223	0.02032	0.56364	0.07392	0.01479	0.01817	0.01775	0.01422	0.01862	0.01355	0.02038	0.01071	0.01007	0.01046	0.11509	0.00914	0.00659	0.02864	0.00764
7	0.01060	0.00711	0.00816	0.00835	0.00840	0.00706	0.00477	0.01074	0.01118	0.01491	0.02539	0.12668	0.02951	0.65757	0.03456	0.00672	0.00687	0.01197	0.00477	0.00467
8	0.01093	0.00771	0.00936	0.00933	0.00951	0.00818	0.00587	0.01142	0.01124	0.01528	0.02371	0.10168	0.02695	0.56442	0.10883	0.00716	0.04769	0.01110	0.00457	0.00506
9	0.01454	0.01392	0.01903	0.17182	0.02461	0.06053	0.04135	0.01709	0.01317	0.01788	0.01569	0.05348	0.01522	0.10828	0.14632	0.00504	0.24290	0.00791	0.00376	0.00745
10	0.01289	0.00645	0.00967	0.00967	0.00967	0.00645	0.00645	0.00967	0.00967	0.01289	0.01289	0.02257	0.01289	0.02579	0.02901	0.78401	0.00645	0.00645	0.00322	0.00322
11	0.01102	0.00702	0.00937	0.01048	0.01142	0.00648	0.00721	0.01259	0.01526	0.07188	0.08812	0.62944	0.04830	0.02158	0.00927	0.00291	0.00440	0.01949	0.00716	0.00661
12	0.02065	0.01406	0.01671	0.12697	0.02231	0.01566	0.01204	0.24171	0.06524	0.08404	0.02044	0.02239	0.01517	0.00886	0.00745	0.00218	0.03691	0.00691	0.25044	0.00987
13	0.02822	0.02079	0.02228	0.01708	0.02302	0.02302	0.01411	0.66804	0.03490	0.04679	0.01782	0.01782	0.01262	0.00891	0.00743	0.00223	0.00817	0.00668	0.00743	0.01262
14	0.01830	0.01966	0.05170	0.10957	0.05168	0.09944	0.21690	0.06615	0.06770	0.02355	0.01623	0.05188	0.01353	0.00902	0.01052	0.00252	0.12652	0.00782	0.02785	0.00944
15	0.01817	0.03820	0.01623	0.06759	0.01891	0.14319	0.01095	0.13893	0.01856	0.02395	0.01781	0.02506	0.01583	0.12859	0.17136	0.00503	0.01121	0.00707	0.08268	0.04068
16	0.34787	0.18390	0.18658	0.01484	0.03865	0.05242	0.01470	0.04466	0.01519	0.02690	0.01147	0.01333	0.00903	0.00691	0.00550	0.00213	0.00803	0.00456	0.00396	0.00937
17	0.01325	0.00846	0.01057	0.00998	0.01117	0.00873	0.00685	0.04382	0.01376	0.07024	0.07208	0.04088	0.02669	0.41943	0.20529	0.00745	0.01017	0.00981	0.00513	0.00623
18	0.02306	0.01823	0.01920	0.01594	0.03823	0.06263	0.01242	0.36085	0.08696	0.05376	0.05119	0.07010	0.01847	0.00966	0.00730	0.00212	0.00737	0.00771	0.00669	0.12809
19	0.01591	0.01348	0.01670	0.12857	0.02310	0.01184	0.01094	0.06657	0.01654	0.02456	0.01401	0.01783	0.01167	0.03978	0.00744	0.00169	0.00650	0.00522	0.00445	0.56321
20	0.04475	0.65324	0.03615	0.01281	0.01885	0.02772	0.01251	0.02186	0.01486	0.01833	0.01044	0.01227	0.00956	0.00661	0.00562	0.00166	0.03787	0.00410	0.00329	0.04754
21	0.01613	0.01777	0.09478	0.01899	0.02561	0.01396	0.22982	0.05626	0.01697	0.02451	0.01651	0.07202	0.01443	0.03348	0.00830	0.00212	0.00852	0.00757	0.00441	0.31784
22	0.01764	0.09199	0.01685	0.01372	0.06477	0.01305	0.00983	0.11262	0.01986	0.11735	0.19456	0.05920	0.08948	0.13192	0.01266	0.00306	0.00610	0.01008	0.00656	0.00871
23	0.02544	0.01883	0.02037	0.01617	0.02137	0.02076	0.01313	0.55808	0.06412	0.04267	0.02121	0.10440	0.01750	0.01069	0.00768	0.00234	0.00759	0.00850	0.00737	0.01179
24	0.01353	0.12845	0.01278	0.00889	0.01104	0.01048	0.00699	0.01625	0.01503	0.02348	0.02594	0.20087	0.02492	0.01344	0.02919	0.00236	0.00495	0.00999	0.43430	0.00712
25	0.08238	0.04919	0.09593	0.02033	0.08713	0.36790	0.01578	0.09779	0.02079	0.07576	0.01386	0.01537	0.01065	0.00765	0.00672	0.00207	0.01085	0.00537	0.00458	0.00990
26	0.01390	0.01008	0.03082	0.01260	0.04201	0.00919	0.00927	0.05848	0.03921	0.08552	0.27547	0.25991	0.06903	0.01633	0.00869	0.00258	0.00493	0.03663	0.00738	0.00798
27	0.00934	0.00694	0.00878	0.01013	0.01116	0.00638	0.00723	0.01101	0.01514	0.01958	0.04807	0.51406	0.18562	0.02197	0.00942	0.00295	0.00449	0.09465	0.00689	0.00618
28	0.01080	0.00720	0.00810	0.00810	0.00810	0.00720	0.00450	0.01080	0.01080	0.01439	0.02339	0.04858	0.02699	0.73910	0.03779	0.00720	0.00720	0.01080	0.00450	0.00450
29	0.13377	0.31906	0.02629	0.01384	0.01917	0.12265	0.01209	0.17318	0.02023	0.02735	0.01316	0.01457	0.01067	0.00737	0.00567	0.00190	0.00816	0.00492	0.05622	0.00973
30	0.15393	0.01479	0.01773	0.04783	0.06577	0.01515	0.01203	0.18045	0.02205	0.30705	0.02128	0.02078	0.01451	0.00845	0.00680	0.00224	0.00678	0.00657	0.06460	0.01119
31	0.00904	0.00646	0.00861	0.01034	0.01077	0.00603	0.00689	0.01034	0.01421	0.01895	0.04092	0.73426	0.04910	0.02326	0.00948	0.00301	0.00431	0.02110	0.00689	0.00603
32	0.01005	0.00732	0.00946	0.00945	0.01095	0.00673	0.00689	0.01294	0.01916	0.02662	0.49812	0.21472	0.10527	0.01730	0.00892	0.00250	0.00371	0.01536	0.00779	0.00673
33	0.01818	0.20460	0.33442	0.02173	0.07177	0.02000	0.12765	0.02417	0.01634	0.07390	0.01414	0.01638	0.01058	0.00689	0.00683	0.00218	0.00999	0.00588	0.00375	0.01064
34	0.07782	0.04983	0.01861	0.01351	0.01924	0.01385	0.01127	0.12241	0.02232	0.53378	0.02562	0.02278	0.01652	0.00887	0.00715	0.00225	0.00662	0.00698	0.00837	0.01220
35	0.09203	0.01923	0.05005	0.06777	0.52696	0.07128	0.02080	0.02309	0.01669	0.02439	0.01337	0.01736	0.01108	0.00677	0.00703	0.00221	0.00900	0.00619	0.00374	0.01099
36	0.03292	0.01326	0.01762	0.01351	0.01926	0.01184	0.01116	0.08469	0.02230	0.64794	0.02841	0.02470	0.01793	0.00917	0.00746	0.00229	0.00646	0.00741	0.00905	0.01263
37	0.02017	0.00993	0.01212	0.01017	0.01358	0.00910	0.00788	0.04566	0.01842	0.25114	0.12056	0.03182	0.02617	0.08760	0.01005	0.00256	0.00514	0.00825	0.24119	0.06848
38	0.10287	0.02010	0.02387	0.02805	0.29251	0.13573	0.04628	0.13150	0.02038	0.05591	0.01846	0.02056	0.05527	0.00808	0.00712	0.00221	0.00891	0.00676	0.00487	0.01057
39	0.02892	0.01208	0.01613	0.01265	0.01783	0.01059	0.01031	0.03251	0.04331	0.55533	0.11915	0.02908	0.02530	0.00989	0.00756	0.00226	0.00588	0.00819	0.00879	0.04423
40	0.03331	0.01263	0.01723	0.01321	0.01895	0.01091	0.01091	0.03618	0.02125	0.69794	0.02929	0.02527	0.01838	0.00919	0.00747	0.00230	0.00632	0.00747	0.00919	0.01263
41	0.01682	0.01571	0.02640	0.08617	0.53878	0.01590	0.02050	0.02095	0.01658	0.02332	0.01814	0.07737	0.01713	0.00913	0.00777	0.00239	0.00838	0.06374	0.00417	0.01066
42	0.02273	0.07068	0.01983	0.06713	0.02156	0.09707	0.01258	0.31895	0.02488	0.05482	0.01840	0.04380	0.01460	0.01240	0.05904	0.00284	0.00890	0.00691	0.11273	0.01016
43	0.01060	0.00715	0.00829	0.00842	0.00860	0.00706	0.00493	0.01100	0.01192	0.01603	0.07625	0.11806	0.03252	0.61154	0.03271	0.00640	0.00662	0.01203	0.00502	0.00484
44	0.00985	0.00764	0.01080	0.12752	0.01738	0.00777	0.00908	0.01178	0.01449	0.01902	0.03856	0.57342	0.08409	0.02036	0.00909	0.00289	0.00519	0.01836	0.00630	0.00641
45	0.07737	0.34110	0.15213	0.01841	0.02500	0.02343	0.14633	0.02227	0.01509	0.02105	0.01173	0.01467	0.00976	0.00721	0.00804	0.00214	0.08577	0.00547	0.00340	0.00961

[dist]
# distance from previous block
# <min> <max>
4	6

[block]
# block no. 4 follows, 27 sequences, length 26
# corresponding to MSA columns:
# 594-619
name=unknown_E
#
# <colnr> <probs for GDERKNQSTAVLIFYWHMCP>
#	G	D	E	R	K	N	Q	S	T	A	V	L	I	F	Y	W	H	M	C	P
0	0.02027	0.10026	0.04722	0.01795	0.09187	0.10623	0.01342	0.19351	0.09705	0.03033	0.15256	0.02726	0.05085	0.00991	0.00734	0.00218	0.00763	0.00797	0.00606	0.01014
1	0.01511	0.01289	0.01509	0.01097	0.01729	0.00972	0.00871	0.01832	0.01534	0.02395	0.01444	0.04775	0.01271	0.00630	0.00568	0.00119	0.00544	0.00515	0.00451	0.74945
2	0.11996	0.02998	0.37167	0.02345	0.09562	0.08737	0.12230	0.02388	0.01622	0.02439	0.01307	0.01591	0.00976	0.00692	0.00699	0.00231	0.01055	0.00584	0.00355	0.01027
3	0.01780	0.01402	0.01738	0.03621	0.01994	0.01186	0.03569	0.09177	0.01826	0.07063	0.04530	0.01844	0.01429	0.00665	0.00618	0.00146	0.00618	0.00550	0.00515	0.55730
4	0.13663	0.11024	0.02000	0.06485	0.02103	0.05657	0.01196	0.11522	0.09879	0.22713	0.01973	0.01971	0.01410	0.00908	0.00761	0.03698	0.00731	0.00626	0.00631	0.01049
5	0.02206	0.04681	0.01785	0.01389	0.01813	0.01710	0.01121	0.38448	0.02631	0.06111	0.02259	0.13087	0.01961	0.01307	0.03852	0.00268	0.00728	0.00892	0.12720	0.01032
6	0.00904	0.00646	0.00861	0.01034	0.01077	0.00603	0.00689	0.01034	0.01421	0.01895	0.04092	0.73426	0.04910	0.02326	0.00948	0.00301	0.00431	0.02110	0.00689	0.00603
7	0.01489	0.03840	0.70064	0.02116	0.03213	0.01724	0.02743	0.02351	0.01567	0.02351	0.01332	0.01567	0.00940	0.00705	0.00705	0.00235	0.01097	0.00549	0.00313	0.01097
8	0.08137	0.01508	0.01981	0.14831	0.02593	0.05095	0.08428	0.14441	0.02004	0.13665	0.02209	0.15227	0.01936	0.01081	0.00762	0.00243	0.00788	0.00940	0.03178	0.00953
9	0.01052	0.00781	0.01146	0.01157	0.01275	0.00893	0.00880	0.01290	0.01200	0.01715	0.02148	0.07601	0.02110	0.09974	0.61909	0.01104	0.01802	0.00899	0.00420	0.00645
10	0.01165	0.00797	0.00911	0.00871	0.01122	0.00688	0.00657	0.01394	0.01805	0.09048	0.20301	0.11334	0.43730	0.01737	0.00869	0.00249	0.00400	0.01476	0.00741	0.00705
11	0.01547	0.01654	0.08776	0.28711	0.13895	0.01557	0.15222	0.02068	0.01592	0.02269	0.01559	0.02059	0.01199	0.00723	0.00727	0.00230	0.00927	0.00700	0.13666	0.00918
12	0.05110	0.00853	0.00936	0.08017	0.01389	0.00908	0.00730	0.04703	0.01623	0.02792	0.02215	0.02570	0.01729	0.00845	0.00549	0.00185	0.00443	0.00674	0.62992	0.00736
13	0.01070	0.00692	0.00924	0.01047	0.01132	0.00640	0.00716	0.01221	0.01503	0.06373	0.07395	0.65270	0.04819	0.02192	0.00931	0.00293	0.00440	0.01982	0.00711	0.00651
14	0.05252	0.00969	0.00984	0.00890	0.01139	0.01014	0.00682	0.12846	0.01847	0.03007	0.02411	0.02812	0.04025	0.05828	0.00787	0.00224	0.00464	0.00730	0.53315	0.00777
15	0.01747	0.10577	0.42870	0.07738	0.09225	0.04108	0.03868	0.02407	0.01628	0.07066	0.01418	0.01657	0.01037	0.00712	0.00693	0.00225	0.01016	0.00572	0.00367	0.01070
16	0.21262	0.09900	0.05421	0.01501	0.01977	0.27417	0.01252	0.07706	0.04017	0.05758	0.06085	0.01736	0.01452	0.00808	0.00626	0.00209	0.00914	0.00555	0.00488	0.00918
17	0.67272	0.01714	0.08756	0.01256	0.04566	0.01676	0.01081	0.02205	0.01315	0.03184	0.01082	0.01273	0.00835	0.00690	0.00498	0.00230	0.00645	0.00429	0.00439	0.00852
18	0.01069	0.00761	0.00978	0.01098	0.01203	0.00738	0.00807	0.03700	0.01563	0.02078	0.03985	0.45781	0.07737	0.06766	0.01125	0.00329	0.00517	0.16297	0.02829	0.00641
19	0.00976	0.00749	0.00894	0.00872	0.01067	0.00666	0.00649	0.01251	0.01904	0.02542	0.41655	0.10565	0.30109	0.01706	0.00881	0.00244	0.00365	0.01477	0.00761	0.00666
20	0.06763	0.08979	0.51254	0.01963	0.02898	0.01761	0.06653	0.02270	0.01589	0.02411	0.05662	0.01799	0.01336	0.00746	0.00693	0.00230	0.01000	0.00600	0.00360	0.01034
21	0.01702	0.31850	0.40710	0.01887	0.05630	0.02209	0.02135	0.02297	0.01549	0.02113	0.01215	0.01429	0.00956	0.00675	0.00615	0.00204	0.00967	0.00493	0.00318	0.01043
22	0.14546	0.01289	0.01629	0.01270	0.01827	0.01176	0.01049	0.03406	0.01997	0.59963	0.02648	0.02331	0.01685	0.00885	0.00704	0.00230	0.00623	0.00696	0.00851	0.01195
23	0.00964	0.00717	0.00889	0.00926	0.01064	0.00652	0.00659	0.01190	0.01741	0.02339	0.30915	0.29554	0.19170	0.04516	0.01007	0.00279	0.00397	0.01648	0.00732	0.00642
24	0.10139	0.42893	0.09249	0.07423	0.05911	0.02427	0.06601	0.04018	0.01569	0.02148	0.01159	0.01404	0.00973	0.00664	0.00569	0.00193	0.00854	0.00491	0.00352	0.00963
25	0.06130	0.00803	0.00994	0.00968	0.01157	0.00765	0.00738	0.01421	0.01951	0.02820	0.51960	0.09953	0.09481	0.01577	0.00865	0.00247	0.00398	0.06309	0.00768	0.00696

[dist]
# distance from previous block
# <min> <max>
0	3

[block]
# block no. 5 follows, 27 sequences, length 9
# corresponding to MSA columns:
# 623-631
name=unknown_F
#
# <colnr> <probs for GDERKNQSTAVLIFYWHMCP>
#	G	D	E	R	K	N	Q	S	T	A	V	L	I	F	Y	W	H	M	C	P
0	0.00930	0.00662	0.00877	0.01039	0.01087	0.00623	0.00703	0.01064	0.01418	0.01887	0.03983	0.65968	0.04749	0.06378	0.01113	0.00327	0.00461	0.05456	0.00675	0.00599
1	0.05172	0.01712	0.02602	0.13983	0.46568	0.05117	0.02003	0.04259	0.01748	0.02466	0.06052	0.02062	0.01528	0.00747	0.00731	0.00224	0.00868	0.00688	0.00410	0.01062
2	0.14876	0.09051	0.28089	0.02506	0.19979	0.01874	0.05009	0.05961	0.01660	0.02616	0.01305	0.01575	0.01007	0.00692	0.00661	0.00224	0.00916	0.00561	0.00380	0.01060
3	0.01812	0.03986	0.01561	0.06173	0.01851	0.03946	0.01095	0.14597	0.02172	0.11425	0.16460	0.06316	0.12597	0.01362	0.00827	0.00249	0.00637	0.11338	0.00703	0.00891
4	0.69179	0.01349	0.01048	0.00948	0.01380	0.01533	0.00773	0.02040	0.01318	0.03162	0.01860	0.01963	0.09492	0.00841	0.00513	0.00232	0.00549	0.00550	0.00489	0.00781
5	0.11332	0.01135	0.01312	0.01173	0.01418	0.01258	0.00919	0.06266	0.05927	0.05514	0.17969	0.03871	0.14271	0.07055	0.06855	0.00362	0.10968	0.00993	0.00613	0.00789
6	0.01445	0.00990	0.01109	0.04526	0.01383	0.03567	0.00828	0.06628	0.01691	0.02577	0.08543	0.05195	0.02439	0.05393	0.09823	0.00360	0.02898	0.03277	0.36593	0.00734
7	0.05865	0.01465	0.01652	0.01216	0.01850	0.01273	0.00984	0.14058	0.01914	0.05764	0.01460	0.01610	0.01146	0.00636	0.00589	0.00142	0.00604	0.00494	0.00518	0.56760
8	0.02493	0.01842	0.02100	0.01867	0.09102	0.01980	0.01380	0.48983	0.03015	0.06903	0.02523	0.02503	0.09907	0.00994	0.00759	0.00226	0.00760	0.00785	0.00704	0.01172

[dist]
# distance from previous block
# <min> <max>
0	1

[block]
# block no. 6 follows, 27 sequences, length 31
# corresponding to MSA columns:
# 633-663
name=unknown_G
#
# <colnr> <probs for GDERKNQSTAVLIFYWHMCP>
#	G	D	E	R	K	N	Q	S	T	A	V	L	I	F	Y	W	H	M	C	P
0	0.00937	0.00720	0.00858	0.00896	0.01058	0.00641	0.00644	0.01154	0.01726	0.02257	0.24534	0.27895	0.30174	0.01916	0.00899	0.00262	0.00386	0.01675	0.00727	0.00641
1	0.01909	0.02061	0.22496	0.05356	0.12155	0.01407	0.01758	0.05115	0.04318	0.16998	0.14304	0.02803	0.02441	0.00952	0.00764	0.00235	0.00782	0.02503	0.00589	0.01056
2	0.01694	0.01458	0.01535	0.01393	0.01782	0.01650	0.01080	0.03485	0.57154	0.02955	0.05581	0.03435	0.11294	0.01139	0.00775	0.00251	0.00552	0.00951	0.00748	0.01088
3	0.01355	0.00711	0.00971	0.00950	0.00998	0.00720	0.00649	0.03677	0.01156	0.01642	0.01516	0.02419	0.01435	0.05214	0.02509	0.60832	0.00612	0.00670	0.11546	0.00418
4	0.02773	0.03538	0.02104	0.01913	0.02295	0.70930	0.01434	0.02964	0.02104	0.01817	0.01148	0.01339	0.00956	0.00765	0.00669	0.00191	0.01339	0.00478	0.00383	0.00861
5	0.02482	0.01563	0.01752	0.01401	0.01857	0.01651	0.01121	0.37837	0.02676	0.16142	0.02257	0.06627	0.01792	0.07701	0.01010	0.00269	0.00698	0.00810	0.09269	0.01085
6	0.05970	0.01131	0.01431	0.01183	0.01590	0.01055	0.00944	0.07613	0.02120	0.35671	0.21799	0.07692	0.03426	0.01164	0.00774	0.00233	0.00539	0.00979	0.03670	0.01018
7	0.00921	0.00653	0.00856	0.01012	0.01051	0.00614	0.00666	0.01038	0.01389	0.01852	0.03925	0.66900	0.04700	0.09139	0.01217	0.00341	0.00458	0.02012	0.00666	0.00588
8	0.01797	0.01466	0.01799	0.06600	0.06727	0.04706	0.04155	0.24209	0.02211	0.02919	0.02652	0.31931	0.02751	0.01450	0.00831	0.00257	0.00715	0.01274	0.00632	0.00918
9	0.35928	0.13376	0.01846	0.01218	0.01700	0.01891	0.01038	0.13959	0.01808	0.09952	0.01455	0.01571	0.01101	0.00782	0.00642	0.00218	0.04108	0.00516	0.05940	0.00950
10	0.01926	0.01125	0.01215	0.01042	0.01357	0.01173	0.00815	0.17952	0.04662	0.09673	0.02332	0.02625	0.01800	0.05154	0.00796	0.00226	0.00521	0.00720	0.43994	0.00892
11	0.00933	0.00702	0.00848	0.00916	0.01052	0.00629	0.00645	0.01101	0.01609	0.02086	0.15606	0.36527	0.27717	0.02048	0.00983	0.03138	0.00406	0.01741	0.00696	0.00617
12	0.01661	0.01750	0.07422	0.32316	0.31560	0.01739	0.06187	0.04388	0.01663	0.02276	0.01380	0.01886	0.01082	0.00704	0.00745	0.00235	0.00962	0.00666	0.00362	0.01016
13	0.02205	0.01231	0.05652	0.01209	0.01639	0.01005	0.01022	0.02620	0.05188	0.34897	0.24724	0.03741	0.05895	0.04434	0.00928	0.00255	0.00561	0.00979	0.00811	0.01004
14	0.47268	0.03693	0.01721	0.18406	0.12011	0.01715	0.01328	0.02129	0.01384	0.02812	0.01153	0.01479	0.00906	0.00696	0.00566	0.00230	0.00724	0.00500	0.00411	0.00867
15	0.01476	0.01384	0.02334	0.52950	0.18901	0.01630	0.02039	0.01945	0.01511	0.02001	0.01378	0.02006	0.01084	0.01024	0.05106	0.00300	0.01028	0.00669	0.00342	0.00891
16	0.01768	0.01481	0.01515	0.01386	0.01730	0.05677	0.01056	0.06068	0.40682	0.05432	0.06300	0.13180	0.05061	0.04102	0.00906	0.00271	0.00609	0.01048	0.00718	0.01011
17	0.02063	0.67356	0.03714	0.01334	0.01944	0.09659	0.01286	0.02296	0.01567	0.01754	0.01043	0.01205	0.00953	0.00648	0.00495	0.00162	0.00848	0.00405	0.00324	0.00944
18	0.01041	0.00780	0.01016	0.08102	0.01459	0.00777	0.00790	0.01293	0.03232	0.02096	0.14811	0.33948	0.11706	0.11054	0.01248	0.00326	0.00505	0.01554	0.03618	0.00643
19	0.01034	0.00745	0.00934	0.00917	0.01056	0.00695	0.00657	0.01288	0.01812	0.02502	0.44274	0.11122	0.11187	0.14918	0.01419	0.00333	0.00437	0.03304	0.00725	0.00640
20	0.01263	0.00645	0.00960	0.00972	0.00975	0.00642	0.00648	0.00972	0.00999	0.01332	0.01485	0.07223	0.01542	0.02561	0.02765	0.72952	0.00630	0.00747	0.00348	0.00342
21	0.01766	0.02487	0.26298	0.03210	0.35067	0.01786	0.02271	0.05725	0.09338	0.02590	0.01580	0.01847	0.01223	0.00728	0.00727	0.00229	0.00920	0.00643	0.00412	0.01153
22	0.00917	0.00651	0.00858	0.01018	0.01058	0.00611	0.00672	0.01037	0.01397	0.01863	0.03969	0.68641	0.04756	0.07321	0.01145	0.00331	0.00451	0.02039	0.00672	0.00592
23	0.01164	0.00948	0.01391	0.01332	0.01440	0.01175	0.01056	0.01410	0.01183	0.01735	0.01802	0.02679	0.01694	0.04784	0.58388	0.01034	0.14941	0.00769	0.00384	0.00690
24	0.12738	0.02753	0.35799	0.04391	0.10024	0.01779	0.12867	0.02273	0.01537	0.02454	0.01300	0.01631	0.00980	0.00725	0.00816	0.00242	0.05715	0.00603	0.00352	0.01021
25	0.01746	0.27186	0.34370	0.04884	0.05397	0.05472	0.06825	0.02318	0.01588	0.02108	0.01237	0.01489	0.00970	0.00679	0.00642	0.00208	0.01006	0.00527	0.00325	0.01022
26	0.01196	0.00854	0.01196	0.01367	0.01538	0.00854	0.01196	0.01538	0.01709	0.02222	0.03931	0.08374	0.04272	0.02051	0.01025	0.00342	0.00684	0.64283	0.00684	0.00684
27	0.01254	0.00993	0.01238	0.01336	0.04434	0.01013	0.01002	0.01920	0.15599	0.02469	0.14944	0.14277	0.13793	0.01691	0.00900	0.00281	0.00541	0.20816	0.00708	0.00793
28	0.01708	0.08762	0.47059	0.02351	0.10266	0.05321	0.06420	0.05390	0.01705	0.02397	0.01339	0.01594	0.00994	0.00702	0.00702	0.00226	0.01059	0.00572	0.00347	0.01085
29	0.02228	0.01719	0.04878	0.01531	0.01974	0.01787	0.01275	0.39616	0.02619	0.06585	0.02101	0.10380	0.01814	0.04378	0.07638	0.00348	0.04462	0.00862	0.02755	0.01052
30	0.56384	0.01961	0.10820	0.01256	0.01801	0.07040	0.01160	0.04583	0.04421	0.03115	0.01199	0.01356	0.00916	0.00718	0.00533	0.00228	0.00715	0.00457	0.00456	0.00882

[dist]
# distance from previous block
# <min> <max>
2	6

[block]
# block no. 7 follows, 27 sequences, length 84
# corresponding to MSA columns:
# 670-753
name=unknown_H
#
# <colnr> <probs for GDERKNQSTAVLIFYWHMCP>
#	G	D	E	R	K	N	Q	S	T	A	V	L	I	F	Y	W	H	M	C	P
0	0.01268	0.00831	0.01060	0.01003	0.01208	0.00772	0.00749	0.04104	0.01998	0.08263	0.43851	0.18493	0.10277	0.01626	0.00874	0.00247	0.00410	0.01432	0.00789	0.00745
1	0.07479	0.17220	0.39672	0.02110	0.10137	0.01972	0.02165	0.02312	0.01542	0.03961	0.01282	0.01522	0.00983	0.00716	0.00721	0.00222	0.04060	0.00530	0.00347	0.01047
2	0.01823	0.01537	0.01773	0.13413	0.02466	0.01787	0.01322	0.03588	0.54455	0.05208	0.02731	0.02628	0.02036	0.00959	0.00753	0.00250	0.00657	0.00806	0.00689	0.01119
3	0.01339	0.00831	0.01013	0.00932	0.01192	0.00730	0.00711	0.01610	0.01924	0.13079	0.33021	0.08625	0.28988	0.01593	0.00859	0.00242	0.00408	0.01365	0.00780	0.00757
4	0.53454	0.01590	0.03782	0.08797	0.02127	0.01733	0.05164	0.06569	0.05797	0.03162	0.01281	0.01489	0.00973	0.00725	0.00561	0.00234	0.00695	0.00510	0.00474	0.00882
5	0.01284	0.00911	0.01209	0.01149	0.01272	0.01091	0.00907	0.01560	0.01317	0.02120	0.01960	0.02621	0.01709	0.03043	0.32289	0.00656	0.14498	0.00730	0.28973	0.00701
6	0.00904	0.00646	0.00861	0.01034	0.01077	0.00603	0.00689	0.01034	0.01421	0.01895	0.04092	0.73426	0.04910	0.02326	0.00948	0.00301	0.00431	0.02110	0.00689	0.00603
7	0.00892	0.00753	0.00773	0.00768	0.01012	0.00633	0.00576	0.01095	0.01728	0.02090	0.12860	0.07005	0.63586	0.01849	0.00877	0.00249	0.00374	0.01547	0.00700	0.00633
8	0.01597	0.01709	0.03532	0.10927	0.06084	0.01657	0.46021	0.02134	0.01684	0.02267	0.01883	0.09314	0.01681	0.00897	0.00872	0.00260	0.01091	0.05043	0.00420	0.00928
9	0.03279	0.01275	0.01721	0.01327	0.01896	0.01117	0.01094	0.03629	0.04422	0.67466	0.02932	0.02535	0.01853	0.00922	0.00747	0.00230	0.00630	0.00750	0.00913	0.01260
10	0.01057	0.00701	0.00815	0.00855	0.00875	0.00691	0.00510	0.01109	0.01189	0.01627	0.02753	0.20738	0.03166	0.52705	0.02917	0.00588	0.00629	0.01296	0.05277	0.00500
11	0.01384	0.00692	0.00692	0.00692	0.00865	0.00692	0.00519	0.01730	0.01557	0.02768	0.02422	0.02768	0.01903	0.00865	0.00519	0.00173	0.00346	0.00692	0.78031	0.00692
12	0.01889	0.14734	0.09411	0.01395	0.01859	0.08457	0.01268	0.08409	0.01903	0.11029	0.05152	0.11616	0.09346	0.01258	0.00763	0.00238	0.00747	0.09027	0.00589	0.00911
13	0.15777	0.28959	0.31347	0.01577	0.02374	0.02134	0.01804	0.02314	0.01509	0.04462	0.01220	0.01396	0.00949	0.00684	0.00579	0.00206	0.00877	0.00473	0.00361	0.00997
14	0.31972	0.07218	0.05326	0.01696	0.06428	0.31797	0.01303	0.02539	0.01687	0.02462	0.01122	0.01323	0.00911	0.00718	0.00582	0.00208	0.00967	0.00459	0.00403	0.00878
15	0.02141	0.07927	0.09124	0.07749	0.25664	0.28432	0.04009	0.02522	0.01812	0.02096	0.01266	0.01588	0.01038	0.00708	0.00693	0.00209	0.01091	0.00568	0.00362	0.01001
16	0.01302	0.00844	0.01065	0.00999	0.01202	0.00797	0.00738	0.01691	0.05970	0.09230	0.42720	0.12486	0.08281	0.07987	0.01122	0.00286	0.00435	0.01323	0.00771	0.00749
17	0.02040	0.01670	0.05923	0.01424	0.01957	0.01542	0.01201	0.26831	0.06696	0.06631	0.02116	0.09917	0.01845	0.03765	0.00838	0.00228	0.00690	0.02866	0.00628	0.21192
18	0.01686	0.07978	0.29082	0.12922	0.26784	0.04445	0.02321	0.02274	0.01615	0.02247	0.01324	0.01685	0.01032	0.00692	0.00703	0.00224	0.00992	0.00591	0.00338	0.01066
19	0.76325	0.01429	0.01115	0.00989	0.01453	0.01644	0.00815	0.02236	0.01296	0.05810	0.01104	0.01255	0.00843	0.00698	0.00470	0.00230	0.00576	0.00415	0.00477	0.00821
20	0.01232	0.01055	0.01445	0.01372	0.01486	0.03486	0.01088	0.01474	0.01211	0.01739	0.01752	0.02599	0.01645	0.04532	0.54565	0.00982	0.16498	0.00755	0.00382	0.00700
21	0.05575	0.07752	0.41306	0.02292	0.05969	0.04850	0.14839	0.02343	0.01598	0.02327	0.01313	0.01613	0.00983	0.00706	0.00771	0.00233	0.03553	0.00600	0.00339	0.01038
22	0.00902	0.00655	0.00853	0.01011	0.01071	0.00605	0.00679	0.01036	0.01443	0.01904	0.04369	0.68059	0.10098	0.02290	0.00942	0.00297	0.00426	0.02066	0.00689	0.00605
23	0.00916	0.00651	0.00858	0.01019	0.01059	0.00611	0.00674	0.01037	0.01399	0.01866	0.03978	0.68981	0.04767	0.06966	0.01131	0.00329	0.00449	0.02044	0.00674	0.00593
24	0.01483	0.01378	0.02414	0.49378	0.11170	0.01585	0.09604	0.01942	0.01519	0.02036	0.01416	0.02028	0.01095	0.00809	0.00839	0.03693	0.00955	0.00687	0.05117	0.00852
25	0.01669	0.01986	0.08196	0.06005	0.07779	0.01766	0.51301	0.02260	0.01703	0.02326	0.01648	0.06700	0.01363	0.00751	0.00855	0.00251	0.01153	0.00914	0.00390	0.00984
26	0.12957	0.00983	0.01024	0.00966	0.01190	0.03914	0.00723	0.01611	0.01804	0.04809	0.37003	0.08856	0.08707	0.06174	0.00974	0.00265	0.00467	0.01148	0.05712	0.00713
27	0.00934	0.00692	0.00941	0.05393	0.01322	0.00668	0.00768	0.01088	0.01437	0.01900	0.04073	0.66104	0.07499	0.02209	0.00932	0.00296	0.00463	0.01997	0.00667	0.00618
28	0.01759	0.10139	0.38472	0.04758	0.16209	0.06385	0.02267	0.02379	0.01658	0.05217	0.03172	0.01730	0.01192	0.00726	0.00694	0.00222	0.00996	0.00585	0.00370	0.01071
29	0.10445	0.22582	0.02927	0.02004	0.09279	0.10573	0.12338	0.05656	0.01813	0.13495	0.01513	0.01664	0.01151	0.00717	0.00650	0.00207	0.00899	0.00587	0.00475	0.01023
30	0.79154	0.01436	0.01091	0.00976	0.01436	0.01665	0.00804	0.02182	0.01263	0.03331	0.01034	0.01206	0.00804	0.00689	0.00459	0.00230	0.00574	0.00402	0.00459	0.00804
31	0.01210	0.01066	0.01277	0.01279	0.01353	0.05553	0.00946	0.01379	0.01450	0.01954	0.09834	0.39422	0.03760	0.04468	0.05975	0.00365	0.15965	0.01492	0.00578	0.00673
32	0.01801	0.15713	0.01768	0.01115	0.01471	0.01292	0.00927	0.02094	0.01895	0.18485	0.30044	0.05780	0.06831	0.01205	0.00808	0.00221	0.03030	0.00994	0.03645	0.00882
33	0.01539	0.01319	0.01539	0.01100	0.01759	0.00990	0.00880	0.01869	0.01539	0.02419	0.01319	0.01539	0.01100	0.00550	0.00550	0.00110	0.00550	0.00440	0.00440	0.78449
34	0.17430	0.14312	0.10144	0.11510	0.02532	0.03742	0.04384	0.11034	0.01715	0.02633	0.01279	0.01584	0.01015	0.00801	0.00848	0.00230	0.10004	0.00556	0.03311	0.00936
35	0.02411	0.02774	0.02230	0.02073	0.06698	0.42387	0.04084	0.08531	0.04898	0.02189	0.01333	0.01608	0.01105	0.01056	0.04026	0.00263	0.10415	0.00575	0.00424	0.00923
36	0.01751	0.08706	0.01605	0.01169	0.01527	0.01299	0.00946	0.11086	0.07174	0.12031	0.30740	0.03976	0.09465	0.01411	0.03592	0.00265	0.00585	0.01028	0.00737	0.00910
37	0.02358	0.01100	0.01435	0.01182	0.01599	0.01000	0.00945	0.02799	0.07147	0.39705	0.24434	0.03752	0.06931	0.01167	0.00795	0.00234	0.00525	0.00987	0.00862	0.01043
38	0.01076	0.00732	0.00874	0.00874	0.00897	0.00755	0.00530	0.01121	0.01099	0.01487	0.02280	0.04531	0.02557	0.62384	0.15110	0.00800	0.00934	0.01032	0.00441	0.00486
39	0.04880	0.07145	0.01918	0.01546	0.01946	0.33779	0.01212	0.04562	0.04292	0.13555	0.05633	0.02446	0.08876	0.00975	0.00778	0.00214	0.04072	0.00704	0.00548	0.00920
40	0.01932	0.01638	0.02699	0.17786	0.47236	0.01696	0.02086	0.04780	0.01759	0.08939	0.01544	0.01931	0.01206	0.00711	0.00738	0.00227	0.00877	0.00670	0.00428	0.01117
41	0.00904	0.00646	0.00861	0.01034	0.01077	0.00603	0.00689	0.01034	0.01421	0.01895	0.04092	0.73426	0.04910	0.02326	0.00948	0.00301	0.00431	0.02110	0.00689	0.00603
42	0.00881	0.00738	0.00766	0.00789	0.01012	0.00624	0.00580	0.01061	0.01657	0.01991	0.07071	0.15836	0.60576	0.01939	0.00887	0.00257	0.00383	0.01638	0.00689	0.00624
43	0.07077	0.01605	0.01842	0.06011	0.02129	0.01764	0.01239	0.36924	0.02546	0.10651	0.01899	0.02227	0.01470	0.06475	0.12344	0.00416	0.00977	0.00708	0.00642	0.01055
44	0.53225	0.01945	0.15249	0.03970	0.02001	0.01684	0.01289	0.05536	0.01484	0.06047	0.01226	0.01396	0.00907	0.00715	0.00547	0.00231	0.00711	0.00470	0.00459	0.00908
45	0.01352	0.00936	0.01043	0.00970	0.01069	0.00970	0.00621	0.11762	0.01493	0.01994	0.02356	0.08575	0.02601	0.57637	0.03111	0.00613	0.00718	0.01076	0.00512	0.00591
46	0.01418	0.00788	0.00823	0.00791	0.00992	0.00802	0.00603	0.05661	0.01661	0.02767	0.02692	0.03007	0.06309	0.01239	0.05123	0.00247	0.00483	0.00755	0.63117	0.00721
47	0.01680	0.02117	0.17049	0.06745	0.45797	0.01677	0.04390	0.02198	0.01639	0.02350	0.01562	0.06539	0.01364	0.00783	0.00748	0.00231	0.00914	0.00741	0.00376	0.01100
48	0.01763	0.10393	0.20078	0.01929	0.05008	0.13134	0.10853	0.05304	0.03446	0.02269	0.02516	0.02838	0.12648	0.00968	0.00746	0.00228	0.00952	0.03538	0.00447	0.00944
49	0.23949	0.01584	0.04551	0.29641	0.18131	0.01697	0.06049	0.02111	0.01487	0.02475	0.01267	0.01712	0.00985	0.00700	0.00667	0.00236	0.00867	0.00596	0.00378	0.00918
50	0.02158	0.24081	0.03149	0.06639	0.13513	0.20744	0.12070	0.02497	0.01763	0.04937	0.01298	0.01574	0.01059	0.00692	0.00663	0.00201	0.01034	0.00571	0.00379	0.00978
51	0.01063	0.00785	0.01142	0.01142	0.01257	0.00900	0.00865	0.01293	0.01178	0.01686	0.02035	0.03173	0.01967	0.14605	0.62083	0.01130	0.01821	0.00833	0.00405	0.00635
52	0.17605	0.12990	0.01815	0.01216	0.01629	0.01599	0.01000	0.06484	0.05955	0.19025	0.04120	0.02413	0.01731	0.10767	0.05664	0.00350	0.03429	0.00685	0.00588	0.00935
53	0.06494	0.01278	0.01994	0.46864	0.12328	0.01503	0.01748	0.01936	0.01509	0.02204	0.01497	0.02044	0.01155	0.00749	0.00685	0.00230	0.00840	0.00649	0.13447	0.00846
54	0.01041	0.00753	0.00990	0.01002	0.01158	0.00703	0.00760	0.01348	0.01924	0.02666	0.47522	0.17016	0.08430	0.01733	0.00907	0.00260	0.00409	0.09924	0.00774	0.00680
55	0.02737	0.02029	0.02182	0.01668	0.02266	0.02215	0.01376	0.62498	0.03361	0.04529	0.01752	0.01766	0.01252	0.00869	0.00730	0.00215	0.00799	0.00653	0.00723	0.06381
