[name]
unknown

[dist]
# distance from previous block
# <min> <max>
0	1

[block]
# block no. 0 follows, 29 sequences, length 9
# corresponding to MSA columns:
# 1-9
name=unknown_A
#
# <colnr> <probs for GDERKNQSTAVLIFYWHMCP>
#	G	D	E	R	K	N	Q	S	T	A	V	L	I	F	Y	W	H	M	C	P
0	0.01314	0.00852	0.01189	0.01308	0.01503	0.00838	0.01139	0.01638	0.01672	0.07747	0.03692	0.07575	0.03908	0.01879	0.00962	0.00319	0.00652	0.60440	0.00674	0.00701
1	0.02447	0.02223	0.07464	0.01580	0.02056	0.24102	0.01323	0.06972	0.15930	0.21200	0.03782	0.02037	0.01576	0.00860	0.00746	0.00216	0.03206	0.00644	0.00606	0.01030
2	0.60952	0.10269	0.01441	0.01025	0.01489	0.01730	0.00865	0.02293	0.06458	0.06282	0.01224	0.01331	0.00943	0.00689	0.00478	0.00214	0.00580	0.00433	0.00467	0.00837
3	0.59323	0.09603	0.01504	0.06267	0.01750	0.05263	0.00957	0.04321	0.01364	0.02900	0.01041	0.01234	0.00822	0.00669	0.00481	0.00212	0.00647	0.00415	0.00422	0.00806
4	0.65020	0.01314	0.01119	0.00976	0.01414	0.01467	0.00800	0.02222	0.01370	0.11910	0.05684	0.01588	0.01282	0.00741	0.00502	0.00221	0.00544	0.00486	0.00520	0.00822
5	0.56143	0.05499	0.06662	0.01127	0.01632	0.05795	0.01005	0.02317	0.01393	0.11103	0.01238	0.01342	0.00916	0.00690	0.00505	0.00215	0.00650	0.00440	0.00471	0.00856
6	0.14833	0.39187	0.12923	0.01343	0.01965	0.07326	0.01346	0.02344	0.01524	0.09685	0.01242	0.01350	0.00983	0.00667	0.00529	0.00184	0.00791	0.00446	0.00395	0.00937
7	0.06104	0.12825	0.05891	0.01397	0.01928	0.01587	0.05436	0.15067	0.01993	0.21648	0.05975	0.04552	0.01780	0.04953	0.00831	0.00232	0.00701	0.00708	0.00607	0.05785
8	0.07973	0.01302	0.01520	0.01126	0.01722	0.01090	0.00913	0.05843	0.01688	0.18294	0.01624	0.01682	0.01204	0.00637	0.00574	0.00147	0.00561	0.00499	0.00545	0.51056

[dist]
# distance from previous block
# <min> <max>
1	15

[block]
# block no. 1 follows, 29 sequences, length 15
# corresponding to MSA columns:
# 25-39
name=unknown_B
#
# <colnr> <probs for GDERKNQSTAVLIFYWHMCP>
#	G	D	E	R	K	N	Q	S	T	A	V	L	I	F	Y	W	H	M	C	P
0	0.80005	0.01377	0.01047	0.00936	0.01377	0.01597	0.00771	0.02093	0.01212	0.03195	0.00991	0.01157	0.00771	0.00661	0.00441	0.00220	0.00551	0.00386	0.00441	0.00771
1	0.01541	0.20754	0.55206	0.01836	0.02783	0.01931	0.02295	0.02226	0.01490	0.02117	0.01209	0.01417	0.00905	0.00660	0.00624	0.00208	0.00983	0.00492	0.00302	0.01019
2	0.01035	0.00694	0.00796	0.00796	0.00803	0.00701	0.00455	0.01048	0.01041	0.01395	0.02226	0.04562	0.02546	0.71334	0.07208	0.00714	0.00754	0.01021	0.00429	0.00442
3	0.00865	0.00629	0.00817	0.00968	0.01027	0.00580	0.00651	0.00994	0.01386	0.01827	0.04211	0.68612	0.10423	0.02194	0.00903	0.00285	0.00409	0.01979	0.00661	0.00580
4	0.00868	0.00620	0.00826	0.00991	0.01033	0.00578	0.00661	0.00991	0.01363	0.01818	0.03925	0.74510	0.04710	0.02231	0.00909	0.00289	0.00413	0.02024	0.00661	0.00578
5	0.02292	0.01910	0.02697	0.06127	0.02755	0.02061	0.19406	0.43121	0.02671	0.03595	0.01571	0.01770	0.01146	0.00798	0.00831	0.00227	0.04659	0.00694	0.00574	0.01097
6	0.00865	0.00629	0.00816	0.00966	0.01026	0.00581	0.00650	0.00994	0.01388	0.01828	0.04239	0.68035	0.10982	0.02190	0.00902	0.00285	0.00408	0.01974	0.00661	0.00581
7	0.00874	0.00633	0.00826	0.00968	0.01030	0.00585	0.00654	0.01014	0.01418	0.01884	0.07946	0.65967	0.09256	0.02157	0.00900	0.00282	0.00405	0.01947	0.00668	0.00585
8	0.01642	0.01807	0.03682	0.08039	0.06972	0.01836	0.49860	0.02158	0.01571	0.02165	0.01347	0.01857	0.01052	0.00706	0.01047	0.00249	0.11948	0.00782	0.00349	0.00930
9	0.09502	0.02213	0.02390	0.16909	0.16129	0.26562	0.09766	0.04377	0.01742	0.02161	0.01231	0.01581	0.00980	0.00690	0.00676	0.00211	0.01035	0.00574	0.00371	0.00900
10	0.01738	0.01609	0.01923	0.12373	0.04820	0.07583	0.03672	0.10176	0.01724	0.02404	0.01283	0.01587	0.01038	0.00691	0.00782	0.00174	0.07857	0.00527	0.00422	0.37617
11	0.01576	0.01504	0.01898	0.04130	0.02014	0.05164	0.05711	0.02009	0.07317	0.02146	0.01405	0.03936	0.01225	0.00837	0.01081	0.00197	0.20465	0.00599	0.00415	0.36370
12	0.01739	0.01722	0.02451	0.08190	0.02522	0.07125	0.15125	0.09798	0.01616	0.02215	0.01323	0.04107	0.01156	0.01090	0.03518	0.00280	0.28718	0.00695	0.00395	0.06214
13	0.01536	0.01486	0.02414	0.04010	0.02354	0.01537	0.20578	0.04349	0.01480	0.02145	0.01485	0.07030	0.01366	0.04210	0.01254	0.00244	0.19198	0.00752	0.00402	0.22172
14	0.01771	0.01608	0.02478	0.01912	0.02368	0.01687	0.21016	0.17047	0.05508	0.02677	0.01781	0.10766	0.01590	0.00974	0.01014	0.00234	0.12645	0.00847	0.00498	0.11579

[dist]
# distance from previous block
# <min> <max>
3	42

[block]
# block no. 2 follows, 29 sequences, length 19
# corresponding to MSA columns:
# 82-100
name=unknown_C
#
# <colnr> <probs for GDERKNQSTAVLIFYWHMCP>
#	G	D	E	R	K	N	Q	S	T	A	V	L	I	F	Y	W	H	M	C	P
0	0.05702	0.02094	0.11048	0.06159	0.02788	0.10430	0.23529	0.06656	0.04889	0.02374	0.01501	0.04874	0.01225	0.00757	0.00776	0.00217	0.03671	0.00699	0.00415	0.10199
1	0.05556	0.01395	0.02120	0.04089	0.02184	0.01404	0.15812	0.07470	0.01619	0.05784	0.01853	0.15199	0.01753	0.01017	0.00943	0.00223	0.10766	0.00878	0.00482	0.19451
2	0.01647	0.05233	0.03555	0.02498	0.03137	0.01739	0.48010	0.02145	0.01586	0.02211	0.01347	0.01779	0.01056	0.00643	0.00898	0.00220	0.07230	0.00731	0.00364	0.13973
3	0.01982	0.01596	0.01736	0.01380	0.01871	0.03633	0.02947	0.31664	0.10722	0.03301	0.04620	0.02765	0.13312	0.00981	0.00709	0.00203	0.00653	0.00790	0.00637	0.14497
4	0.01074	0.00944	0.04216	0.01101	0.01297	0.00802	0.04121	0.04103	0.01456	0.01946	0.03560	0.40030	0.11824	0.14081	0.01312	0.00331	0.00544	0.01514	0.00580	0.05165
5	0.02160	0.01413	0.01657	0.01344	0.01808	0.01442	0.01078	0.14721	0.18953	0.20037	0.05297	0.05488	0.01949	0.00939	0.00780	0.00212	0.04269	0.00751	0.00687	0.15016
6	0.01149	0.01032	0.01347	0.01236	0.01411	0.03006	0.04031	0.01356	0.01421	0.01908	0.07121	0.20783	0.19391	0.02057	0.10040	0.00369	0.15288	0.01225	0.00527	0.05303
7	0.01904	0.75404	0.03731	0.01218	0.01828	0.02818	0.01218	0.02132	0.01447	0.01675	0.00990	0.01142	0.00914	0.00609	0.00457	0.00152	0.00761	0.00381	0.00305	0.00914
8	0.01477	0.01266	0.01477	0.01055	0.01687	0.00949	0.00844	0.01793	0.01477	0.02320	0.01266	0.01477	0.01055	0.00527	0.00527	0.00105	0.00527	0.00422	0.00422	0.79328
9	0.03195	0.01212	0.01652	0.01267	0.01818	0.01047	0.01047	0.03470	0.02038	0.71026	0.02809	0.02424	0.01763	0.00881	0.00716	0.00220	0.00606	0.00716	0.00881	0.01212
10	0.00959	0.00726	0.00884	0.00844	0.01034	0.00651	0.00633	0.01248	0.01899	0.02580	0.51517	0.05773	0.25531	0.01559	0.00840	0.00229	0.00343	0.01351	0.00748	0.00651
11	0.03119	0.01247	0.01780	0.01354	0.01913	0.01084	0.04395	0.03411	0.02020	0.67586	0.02741	0.02398	0.01729	0.00867	0.00722	0.00221	0.00636	0.00722	0.00855	0.01199
12	0.02646	0.01095	0.01488	0.01202	0.01655	0.00962	0.00986	0.02937	0.02005	0.53559	0.15175	0.03361	0.02838	0.01065	0.00758	0.00229	0.00560	0.05560	0.00847	0.01073
13	0.01006	0.00734	0.00950	0.00914	0.01087	0.00678	0.00697	0.01331	0.01961	0.02738	0.60935	0.05624	0.10952	0.01517	0.00850	0.00233	0.00361	0.06000	0.00766	0.00666
14	0.70179	0.01363	0.01183	0.09971	0.01818	0.01595	0.00922	0.02059	0.01238	0.03023	0.01026	0.01249	0.00793	0.00667	0.00475	0.00222	0.00601	0.00416	0.00425	0.00774
15	0.01691	0.01259	0.01499	0.01081	0.01704	0.00961	0.00869	0.02002	0.01547	0.10903	0.01458	0.01595	0.01143	0.00572	0.00551	0.00120	0.00537	0.00459	0.00479	0.69570
16	0.02267	0.01620	0.01774	0.01478	0.01953	0.01791	0.01182	0.22941	0.39349	0.13794	0.02530	0.02339	0.01824	0.00920	0.00720	0.00230	0.00636	0.00743	0.00745	0.01165
17	0.00999	0.00780	0.00938	0.00914	0.01138	0.00679	0.00689	0.01244	0.01672	0.02244	0.24062	0.18749	0.25056	0.01637	0.00826	0.00235	0.00408	0.06608	0.00667	0.10456
18	0.11535	0.01737	0.01658	0.04503	0.01971	0.15276	0.03280	0.02144	0.04515	0.02320	0.01276	0.01484	0.01037	0.00615	0.00567	0.00152	0.00724	0.00465	0.00420	0.44323

[dist]
# distance from previous block
# <min> <max>
11	41

[block]
# block no. 3 follows, 29 sequences, length 7
# corresponding to MSA columns:
# 158-164
name=unknown_D
#
# <colnr> <probs for GDERKNQSTAVLIFYWHMCP>
#	G	D	E	R	K	N	Q	S	T	A	V	L	I	F	Y	W	H	M	C	P
0	0.01285	0.01090	0.01414	0.01249	0.01449	0.01206	0.00977	0.04033	0.01379	0.01992	0.05596	0.12174	0.06650	0.07238	0.14369	0.00434	0.19916	0.00916	0.00463	0.16170
1	0.01765	0.01539	0.01394	0.01209	0.01526	0.16355	0.00892	0.05240	0.04361	0.07903	0.04387	0.06293	0.01969	0.20506	0.05183	0.00364	0.00814	0.00772	0.00501	0.17026
2	0.01782	0.01302	0.01601	0.01258	0.01703	0.05877	0.06221	0.02037	0.01537	0.15316	0.01862	0.04626	0.01616	0.14400	0.05114	0.00313	0.00750	0.00695	0.00509	0.31482
3	0.08681	0.02057	0.01719	0.01470	0.01830	0.29642	0.05621	0.02106	0.01595	0.01962	0.01481	0.05941	0.01421	0.12756	0.01168	0.00267	0.03315	0.00656	0.00408	0.15904
4	0.06556	0.00956	0.01150	0.01088	0.01216	0.01071	0.00807	0.01388	0.03971	0.01895	0.05324	0.15202	0.14172	0.18891	0.06501	0.00421	0.14725	0.01114	0.00506	0.03048
5	0.01304	0.01276	0.01822	0.06982	0.02035	0.08388	0.16254	0.01573	0.01529	0.01942	0.07256	0.28643	0.06527	0.09759	0.01150	0.00302	0.00749	0.01296	0.00517	0.00699
6	0.64761	0.01251	0.01027	0.00938	0.01305	0.01440	0.00746	0.01910	0.01187	0.02869	0.01203	0.01667	0.01050	0.08799	0.07162	0.00352	0.00686	0.00487	0.00434	0.00724

[dist]
# distance from previous block
# <min> <max>
0	3

[block]
# block no. 4 follows, 29 sequences, length 7
# corresponding to MSA columns:
# 168-174
name=unknown_E
#
# <colnr> <probs for GDERKNQSTAVLIFYWHMCP>
#	G	D	E	R	K	N	Q	S	T	A	V	L	I	F	Y	W	H	M	C	P
0	0.01013	0.00671	0.00782	0.00823	0.00844	0.00660	0.00493	0.01066	0.01148	0.01575	0.02670	0.22042	0.03070	0.51815	0.02736	0.00555	0.00597	0.01259	0.05698	0.00484
1	0.01476	0.01239	0.01707	0.05243	0.01997	0.01075	0.07797	0.01916	0.05786	0.04716	0.01945	0.10046	0.01805	0.00893	0.00669	0.00178	0.00623	0.06396	0.00491	0.44000
2	0.01532	0.01710	0.05884	0.12612	0.03318	0.01639	0.38969	0.02021	0.01539	0.02127	0.01535	0.07362	0.01315	0.00800	0.00941	0.00239	0.08069	0.00834	0.00375	0.07178
3	0.02423	0.02829	0.02020	0.01907	0.07567	0.50104	0.01362	0.08442	0.02027	0.02116	0.01197	0.01388	0.00980	0.00707	0.00637	0.00177	0.01096	0.00484	0.00404	0.12133
4	0.01665	0.01415	0.01680	0.01264	0.01790	0.01320	0.01027	0.11291	0.01685	0.02537	0.01278	0.01522	0.01059	0.00685	0.00833	0.00153	0.11844	0.00484	0.00446	0.56021
5	0.01643	0.01397	0.01295	0.01159	0.01368	0.13892	0.00830	0.11019	0.01580	0.01958	0.01841	0.02817	0.04470	0.22537	0.04184	0.19542	0.00805	0.00739	0.00438	0.06485
6	0.01897	0.01325	0.01535	0.01213	0.01700	0.01249	0.00955	0.11078	0.14783	0.12321	0.01908	0.02094	0.01488	0.04914	0.00954	0.06102	0.00595	0.00614	0.00576	0.32699

[dist]
# distance from previous block
# <min> <max>
9	63

[block]
# block no. 5 follows, 29 sequences, length 13
# corresponding to MSA columns:
# 239-251
name=unknown_F
#
# <colnr> <probs for GDERKNQSTAVLIFYWHMCP>
#	G	D	E	R	K	N	Q	S	T	A	V	L	I	F	Y	W	H	M	C	P
0	0.07971	0.01054	0.01196	0.01128	0.01368	0.01106	0.00847	0.13798	0.08679	0.02800	0.19724	0.30481	0.03984	0.01526	0.00798	0.00248	0.00489	0.01326	0.00689	0.00789
1	0.31875	0.08672	0.01532	0.01247	0.05714	0.01465	0.00938	0.04349	0.05068	0.07133	0.10441	0.02328	0.01958	0.04522	0.00733	0.00231	0.00577	0.02322	0.02563	0.06335
2	0.06495	0.33069	0.32627	0.01657	0.02420	0.02166	0.04534	0.02167	0.01448	0.02046	0.01130	0.01352	0.00908	0.00674	0.00664	0.00200	0.04694	0.00475	0.00314	0.00960
3	0.01915	0.46255	0.02855	0.01327	0.01787	0.18851	0.01165	0.02116	0.01568	0.01714	0.01491	0.13057	0.01529	0.00901	0.00574	0.00182	0.00829	0.00665	0.00377	0.00839
4	0.04981	0.00995	0.01276	0.08339	0.01703	0.01017	0.00961	0.08541	0.01748	0.12703	0.11416	0.20261	0.03284	0.10262	0.01145	0.00307	0.00593	0.09052	0.00643	0.00773
5	0.18053	0.01520	0.01912	0.26329	0.05114	0.08569	0.07298	0.05236	0.01558	0.02317	0.04878	0.02002	0.01359	0.03041	0.07673	0.00325	0.00965	0.00639	0.00406	0.00807
6	0.01649	0.01679	0.02137	0.32026	0.20244	0.13221	0.01739	0.02133	0.06240	0.02013	0.01636	0.09089	0.01450	0.00866	0.00719	0.00227	0.00899	0.00756	0.00396	0.00883
7	0.00901	0.00651	0.00856	0.00977	0.01054	0.00605	0.00678	0.01071	0.01493	0.02004	0.14796	0.57282	0.08036	0.02074	0.00898	0.00278	0.00409	0.04658	0.00681	0.00598
8	0.74561	0.01332	0.01040	0.00934	0.01355	0.01534	0.00764	0.02042	0.01267	0.03171	0.05758	0.01444	0.01181	0.00716	0.00468	0.00221	0.00536	0.00448	0.00464	0.00764
9	0.01059	0.00756	0.00846	0.00840	0.00930	0.00735	0.00538	0.04504	0.01349	0.01754	0.05428	0.13776	0.17250	0.44372	0.02462	0.00506	0.00580	0.01246	0.00534	0.00533
10	0.01701	0.04633	0.01823	0.01350	0.01801	0.03039	0.07621	0.17210	0.03783	0.02580	0.01991	0.04896	0.04979	0.15234	0.01238	0.00279	0.00703	0.00751	0.00507	0.23880
11	0.32242	0.01554	0.01450	0.04536	0.01782	0.06488	0.01018	0.18966	0.04168	0.04946	0.04917	0.02189	0.07393	0.01102	0.04175	0.00265	0.00723	0.00646	0.00552	0.00886
12	0.09276	0.04525	0.09839	0.04666	0.04862	0.15290	0.01317	0.02604	0.10602	0.14077	0.02113	0.02138	0.06253	0.00824	0.00653	0.00204	0.00785	0.00634	0.00523	0.08815

[dist]
# distance from previous block
# <min> <max>
6	24

[block]
# block no. 6 follows, 29 sequences, length 8
# corresponding to MSA columns:
# 276-283
name=unknown_G
#
# <colnr> <probs for GDERKNQSTAVLIFYWHMCP>
#	G	D	E	R	K	N	Q	S	T	A	V	L	I	F	Y	W	H	M	C	P
0	0.01811	0.02343	0.15196	0.06140	0.02836	0.15198	0.21422	0.07585	0.01762	0.02258	0.01492	0.06835	0.01268	0.00822	0.00843	0.00226	0.05865	0.00730	0.00398	0.04970
1	0.02036	0.08096	0.06180	0.05231	0.34749	0.11949	0.01834	0.14263	0.01947	0.02542	0.01324	0.01618	0.01071	0.00713	0.00733	0.00208	0.03454	0.00584	0.00411	0.01056
2	0.00902	0.00648	0.00842	0.00984	0.01045	0.00608	0.00675	0.01036	0.01376	0.01816	0.03982	0.59465	0.08509	0.07879	0.01123	0.00321	0.00451	0.07120	0.00643	0.00575
3	0.01273	0.01154	0.01855	0.16453	0.12129	0.01183	0.09187	0.01712	0.04644	0.02189	0.12091	0.08410	0.15510	0.01231	0.00809	0.00246	0.00690	0.07911	0.00530	0.00795
4	0.01005	0.00677	0.00786	0.00816	0.00823	0.00670	0.00473	0.01027	0.01095	0.01460	0.02550	0.17378	0.02975	0.61730	0.03130	0.00617	0.00640	0.01216	0.00473	0.00458
5	0.58726	0.01491	0.01481	0.01626	0.14045	0.01670	0.01082	0.08121	0.01481	0.03154	0.01120	0.01317	0.00876	0.00674	0.00513	0.00218	0.00626	0.00454	0.00449	0.00876
6	0.02308	0.01791	0.02143	0.02076	0.14536	0.01960	0.01445	0.45020	0.07993	0.03718	0.01753	0.01892	0.01323	0.01231	0.07212	0.00300	0.00880	0.00664	0.00618	0.01137
7	0.00959	0.00658	0.00799	0.00875	0.00894	0.00639	0.00537	0.01015	0.01186	0.01581	0.03013	0.36632	0.03560	0.41678	0.02381	0.00507	0.00563	0.01488	0.00537	0.00499

[dist]
# distance from previous block
# <min> <max>
30	98

[block]
# block no. 7 follows, 29 sequences, length 14
# corresponding to MSA columns:
# 407-420
name=unknown_H
#
# <colnr> <probs for GDERKNQSTAVLIFYWHMCP>
#	G	D	E	R	K	N	Q	S	T	A	V	L	I	F	Y	W	H	M	C	P
0	0.01866	0.01404	0.01654	0.14516	0.02301	0.03661	0.01190	0.15238	0.13259	0.10747	0.08677	0.02859	0.09720	0.00975	0.00720	0.00215	0.00658	0.00804	0.00621	0.08916
1	0.07899	0.01272	0.01613	0.19682	0.03893	0.01346	0.01220	0.10459	0.07536	0.04554	0.09377	0.07476	0.03816	0.00960	0.00696	0.00213	0.00652	0.02238	0.00538	0.14559
2	0.01560	0.01510	0.10408	0.01192	0.01789	0.01053	0.01080	0.04779	0.01695	0.07255	0.13506	0.02231	0.02087	0.00749	0.00623	0.00154	0.00578	0.00617	0.00514	0.46619
3	0.01398	0.01183	0.01393	0.01047	0.01603	0.00901	0.00820	0.01690	0.01462	0.02256	0.01608	0.10875	0.01525	0.00747	0.00576	0.00129	0.00513	0.00628	0.00453	0.69195
4	0.01635	0.01359	0.01562	0.01130	0.01755	0.01111	0.00909	0.10333	0.01717	0.02599	0.01323	0.01507	0.01075	0.00569	0.00551	0.00119	0.00560	0.00450	0.00459	0.69276
5	0.73890	0.01368	0.01131	0.06559	0.01651	0.01596	0.00865	0.02072	0.01228	0.03088	0.01013	0.01214	0.00785	0.00665	0.00462	0.00222	0.00582	0.00405	0.00431	0.00773
6	0.01036	0.00690	0.00777	0.00777	0.00777	0.00690	0.00431	0.01036	0.01036	0.01381	0.02244	0.04660	0.02589	0.74975	0.03624	0.00690	0.00690	0.01036	0.00431	0.00431
7	0.12259	0.01639	0.01672	0.01395	0.01834	0.05602	0.01138	0.35178	0.02472	0.03488	0.07238	0.05864	0.02080	0.01053	0.00715	0.00225	0.00698	0.09072	0.00636	0.05743
8	0.12940	0.02382	0.01952	0.01611	0.02096	0.25582	0.01284	0.37485	0.02618	0.03395	0.01410	0.01494	0.01054	0.00788	0.00653	0.00204	0.00921	0.00546	0.00560	0.01023
9	0.02113	0.12231	0.02688	0.07102	0.25317	0.30316	0.05979	0.02428	0.01750	0.01969	0.01198	0.01505	0.01000	0.00674	0.00656	0.00196	0.01041	0.00543	0.00350	0.00945
10	0.01913	0.01696	0.01999	0.05549	0.02253	0.10603	0.09511	0.06365	0.09452	0.08613	0.01618	0.01765	0.01235	0.00676	0.00643	0.00172	0.00762	0.00575	0.00494	0.34108
11	0.05250	0.01336	0.02112	0.51921	0.12791	0.01579	0.01854	0.05575	0.01562	0.02122	0.01460	0.02259	0.01196	0.00794	0.00717	0.00238	0.00887	0.05127	0.00373	0.00848
12	0.48781	0.01563	0.01469	0.03989	0.06481	0.05041	0.01049	0.12905	0.01704	0.06997	0.03333	0.01518	0.01115	0.00732	0.00550	0.00218	0.00655	0.00502	0.00505	0.00892
13	0.27477	0.01481	0.01802	0.09379	0.17376	0.06341	0.04505	0.02040	0.03910	0.02476	0.05345	0.02149	0.01499	0.00931	0.00808	0.06468	0.00739	0.04013	0.00430	0.00831

[dist]
# distance from previous block
# <min> <max>
29	97

[block]
# block no. 8 follows, 29 sequences, length 14
# corresponding to MSA columns:
# 527-540
name=unknown_I
#
# <colnr> <probs for GDERKNQSTAVLIFYWHMCP>
#	G	D	E	R	K	N	Q	S	T	A	V	L	I	F	Y	W	H	M	C	P
0	0.08710	0.11331	0.01795	0.15333	0.02157	0.03396	0.05472	0.01670	0.03324	0.01986	0.04546	0.20707	0.02448	0.10081	0.01074	0.00294	0.00702	0.03782	0.00474	0.00721
1	0.38697	0.04391	0.06786	0.14031	0.02515	0.07607	0.10431	0.02129	0.01430	0.02577	0.02807	0.01527	0.01016	0.00686	0.00587	0.00221	0.00810	0.00529	0.00395	0.00828
2	0.00916	0.00665	0.00855	0.00930	0.01027	0.00614	0.00645	0.01106	0.01578	0.02136	0.24921	0.44362	0.10856	0.04724	0.00985	0.00280	0.00395	0.01711	0.00691	0.00604
3	0.07292	0.01406	0.01616	0.13209	0.02186	0.01554	0.01145	0.23330	0.11854	0.02952	0.05056	0.02727	0.05764	0.12009	0.01136	0.00291	0.00693	0.00773	0.00574	0.04431
4	0.14890	0.08083	0.02400	0.27811	0.03247	0.08303	0.13355	0.02250	0.01559	0.09616	0.01379	0.01712	0.01025	0.00695	0.00661	0.00221	0.00906	0.00599	0.00410	0.00878
5	0.01559	0.01662	0.03388	0.05432	0.03174	0.01559	0.49598	0.02044	0.01562	0.02141	0.01527	0.02255	0.01280	0.10843	0.01189	0.00289	0.01056	0.00819	0.00374	0.08246
6	0.11780	0.00755	0.00838	0.00909	0.01052	0.00735	0.00638	0.01171	0.01413	0.02059	0.07635	0.42336	0.17994	0.06155	0.00986	0.00289	0.00433	0.01591	0.00624	0.00606
7	0.12685	0.49754	0.06381	0.01323	0.01865	0.09061	0.01264	0.02170	0.01446	0.01922	0.01011	0.01204	0.00895	0.00676	0.00615	0.00179	0.05922	0.00413	0.00329	0.00883
8	0.01874	0.13987	0.02301	0.07143	0.02156	0.06175	0.03715	0.19148	0.01880	0.02477	0.01612	0.11600	0.01529	0.01078	0.01121	0.00240	0.19819	0.00779	0.00469	0.00897
9	0.01646	0.01366	0.01568	0.01135	0.01759	0.01123	0.00914	0.10935	0.01734	0.02619	0.01327	0.01509	0.01076	0.00572	0.00553	0.00120	0.00563	0.00452	0.00462	0.68568
10	0.63843	0.01263	0.01056	0.00943	0.01344	0.01422	0.00766	0.02027	0.01378	0.05936	0.12445	0.01894	0.01790	0.00801	0.00518	0.00221	0.00518	0.00548	0.00515	0.00773
11	0.01558	0.01368	0.01903	0.06449	0.02185	0.01197	0.10199	0.08029	0.01667	0.02439	0.01565	0.07993	0.01386	0.00731	0.00634	0.00160	0.00664	0.00655	0.00454	0.48764
12	0.01550	0.01233	0.01459	0.01118	0.01671	0.00996	0.00901	0.05681	0.01616	0.04863	0.01712	0.05697	0.01553	0.00778	0.00606	0.00146	0.00552	0.06663	0.00489	0.60717
13	0.02163	0.01310	0.01675	0.05752	0.06097	0.01349	0.01214	0.11498	0.15506	0.24544	0.04498	0.06754	0.02320	0.01118	0.00770	0.00244	0.00647	0.10793	0.00714	0.01034

[dist]
# distance from previous block
# <min> <max>
47	98

[block]
# block no. 9 follows, 29 sequences, length 16
# corresponding to MSA columns:
# 645-660
name=unknown_J
#
# <colnr> <probs for GDERKNQSTAVLIFYWHMCP>
#	G	D	E	R	K	N	Q	S	T	A	V	L	I	F	Y	W	H	M	C	P
0	0.02104	0.01600	0.01914	0.01845	0.11056	0.01715	0.01329	0.40276	0.02651	0.03571	0.08042	0.05807	0.04144	0.01104	0.00770	0.00233	0.00710	0.09430	0.00659	0.01038
1	0.01904	0.75404	0.03731	0.01218	0.01828	0.02818	0.01218	0.02132	0.01447	0.01675	0.00990	0.01142	0.00914	0.00609	0.00457	0.00152	0.00761	0.00381	0.00305	0.00914
2	0.02167	0.05899	0.02230	0.04326	0.14182	0.23643	0.05755	0.08445	0.11233	0.06535	0.01665	0.01825	0.01288	0.00760	0.00669	0.00204	0.00905	0.00611	0.06681	0.00977
3	0.01345	0.01266	0.02136	0.73264	0.04904	0.01582	0.01978	0.01819	0.01424	0.01819	0.01266	0.01898	0.00949	0.00712	0.00712	0.00237	0.00949	0.00633	0.00316	0.00791
4	0.80005	0.01377	0.01047	0.00936	0.01377	0.01597	0.00771	0.02093	0.01212	0.03195	0.00991	0.01157	0.00771	0.00661	0.00441	0.00220	0.00551	0.00386	0.00441	0.00771
5	0.01851	0.02035	0.08585	0.06416	0.14188	0.07262	0.36108	0.02432	0.04337	0.07369	0.01535	0.01878	0.01148	0.00663	0.00770	0.00228	0.01057	0.00732	0.00406	0.01001
6	0.01352	0.01186	0.02123	0.28124	0.03037	0.01303	0.15808	0.01605	0.01302	0.01730	0.01417	0.02276	0.01250	0.08778	0.05230	0.18485	0.03259	0.00721	0.00339	0.00673
7	0.00879	0.00673	0.00812	0.00916	0.01041	0.00605	0.00654	0.01040	0.01480	0.01881	0.05128	0.44409	0.28871	0.02053	0.00890	0.00274	0.00412	0.06728	0.00661	0.00593
8	0.00886	0.00633	0.00847	0.01012	0.01062	0.00594	0.00693	0.01023	0.01381	0.01838	0.03915	0.70164	0.04670	0.02214	0.00914	0.00292	0.00429	0.06190	0.00661	0.00583
9	0.26842	0.01789	0.01746	0.06465	0.02108	0.05774	0.01198	0.34030	0.07677	0.03623	0.01513	0.01601	0.01114	0.00786	0.00624	0.00218	0.00732	0.00563	0.00581	0.01015
10	0.01654	0.01858	0.03936	0.06515	0.03636	0.01820	0.59315	0.02212	0.01621	0.02212	0.01392	0.01891	0.01062	0.00657	0.00952	0.00246	0.06917	0.00813	0.00354	0.00937
11	0.01469	0.01346	0.02188	0.63484	0.09218	0.01634	0.01948	0.06523	0.01573	0.02042	0.01302	0.01876	0.00980	0.00717	0.00711	0.00234	0.00930	0.00634	0.00347	0.00844
12	0.01617	0.01247	0.08559	0.01312	0.01666	0.01004	0.01192	0.06552	0.01811	0.15178	0.06031	0.10944	0.08641	0.01539	0.00859	0.00275	0.00641	0.29431	0.00671	0.00830
13	0.01345	0.01266	0.02136	0.73264	0.04904	0.01582	0.01978	0.01819	0.01424	0.01819	0.01266	0.01898	0.00949	0.00712	0.00712	0.00237	0.00949	0.00633	0.00316	0.00791
14	0.01462	0.01506	0.04865	0.01346	0.01627	0.12950	0.01144	0.04383	0.05558	0.02134	0.03734	0.05305	0.19342	0.01507	0.00939	0.00266	0.05482	0.25129	0.00574	0.00747
15	0.01346	0.00931	0.01233	0.04783	0.01483	0.00988	0.00911	0.07322	0.01645	0.07650	0.13751	0.27746	0.03552	0.06597	0.09330	0.00390	0.05839	0.03166	0.00614	0.00724

[dist]
# distance from previous block
# <min> <max>
0	1

[block]
# block no. 10 follows, 29 sequences, length 158
# corresponding to MSA columns:
# 662-819
name=unknown_K
#
# <colnr> <probs for GDERKNQSTAVLIFYWHMCP>
#	G	D	E	R	K	N	Q	S	T	A	V	L	I	F	Y	W	H	M	C	P
0	0.01672	0.01582	0.02694	0.16523	0.56671	0.01639	0.02099	0.02081	0.01564	0.02202	0.01323	0.01799	0.01100	0.00706	0.00771	0.02697	0.00857	0.00634	0.00345	0.01042
1	0.03769	0.01277	0.01983	0.48795	0.08321	0.01509	0.01750	0.07241	0.01602	0.02136	0.01631	0.02676	0.01405	0.00941	0.00806	0.02796	0.00867	0.09281	0.00400	0.00814
2	0.01500	0.01587	0.03179	0.10690	0.03209	0.01632	0.41180	0.01973	0.01499	0.02059	0.01524	0.04377	0.01277	0.01466	0.12046	0.00389	0.08367	0.00821	0.00363	0.00860
3	0.01098	0.00863	0.01031	0.01092	0.01311	0.00845	0.00898	0.01569	0.09896	0.02145	0.04985	0.09039	0.29167	0.01790	0.00895	0.00283	0.00524	0.31212	0.00666	0.00690
4	0.02175	0.04736	0.20601	0.01626	0.02272	0.05983	0.07228	0.02627	0.01794	0.28281	0.06560	0.02496	0.01824	0.00871	0.00718	0.00221	0.00809	0.04499	0.00588	0.04091
5	0.01307	0.00662	0.00671	0.00678	0.00839	0.00660	0.00505	0.01630	0.01488	0.02618	0.02393	0.05804	0.01952	0.00891	0.00516	0.00171	0.00335	0.00723	0.75498	0.00660
6	0.01345	0.01266	0.02136	0.73264	0.04904	0.01582	0.01978	0.01819	0.01424	0.01819	0.01266	0.01898	0.00949	0.00712	0.00712	0.00237	0.00949	0.00633	0.00316	0.00791
7	0.10288	0.01708	0.01890	0.22506	0.05879	0.10395	0.01424	0.21074	0.02056	0.04997	0.04147	0.01978	0.01357	0.04060	0.03044	0.00267	0.00880	0.00637	0.00495	0.00918
8	0.01904	0.75404	0.03731	0.01218	0.01828	0.02818	0.01218	0.02132	0.01447	0.01675	0.00990	0.01142	0.00914	0.00609	0.00457	0.00152	0.00761	0.00381	0.00305	0.00914
9	0.00855	0.00726	0.00740	0.00747	0.00984	0.00611	0.00568	0.01042	0.01624	0.01933	0.07063	0.06904	0.67346	0.01811	0.00848	0.00244	0.00374	0.04318	0.00661	0.00604
10	0.10372	0.32332	0.02701	0.01507	0.01902	0.14740	0.03935	0.02125	0.01449	0.01890	0.01123	0.03972	0.01049	0.00839	0.00942	0.00209	0.17198	0.00528	0.00347	0.00842
11	0.01374	0.01254	0.01879	0.51767	0.03886	0.03443	0.01684	0.03822	0.03752	0.02039	0.06396	0.02940	0.04721	0.00944	0.00751	0.00243	0.00846	0.07050	0.00422	0.00786
12	0.00992	0.00723	0.00977	0.01085	0.01156	0.00740	0.00798	0.01162	0.01347	0.01808	0.03334	0.40240	0.03828	0.11521	0.09766	0.00450	0.03360	0.15536	0.00585	0.00591
13	0.02462	0.16708	0.02320	0.01682	0.02109	0.50355	0.01329	0.06615	0.06421	0.01973	0.01234	0.01373	0.01017	0.00733	0.00617	0.00183	0.01109	0.00478	0.00399	0.00885
14	0.08986	0.01323	0.04506	0.01217	0.01664	0.01213	0.01020	0.12412	0.04710	0.29688	0.17228	0.03052	0.05373	0.03400	0.00816	0.00237	0.00580	0.00837	0.00742	0.00997
15	0.01906	0.01401	0.01743	0.03601	0.01981	0.01241	0.04059	0.10902	0.06180	0.12377	0.01656	0.01752	0.01246	0.00658	0.00611	0.00155	0.00619	0.00543	0.00539	0.46831
16	0.01009	0.00679	0.00784	0.00811	0.00817	0.00673	0.00468	0.01029	0.01087	0.01450	0.02509	0.15690	0.02924	0.63488	0.03195	0.00627	0.00647	0.01192	0.00468	0.00455
17	0.00871	0.00646	0.00815	0.00947	0.01032	0.00590	0.00652	0.01012	0.01424	0.01848	0.04579	0.58968	0.17820	0.02137	0.00898	0.00281	0.00410	0.03826	0.00661	0.00585
18	0.02832	0.04339	0.04330	0.06094	0.02118	0.01354	0.01214	0.11488	0.05191	0.49709	0.02445	0.02226	0.01593	0.00853	0.00704	0.00219	0.00671	0.00685	0.00772	0.01163
19	0.00951	0.00789	0.00841	0.00822	0.01058	0.00714	0.00618	0.01315	0.07525	0.02172	0.17590	0.08241	0.51464	0.01684	0.00833	0.00239	0.00375	0.01421	0.00688	0.00658
20	0.01019	0.00755	0.01106	0.01106	0.01220	0.00869	0.00843	0.01247	0.01133	0.01625	0.01942	0.02990	0.01864	0.12552	0.65056	0.01097	0.01781	0.00791	0.00387	0.00615
21	0.01497	0.06410	0.57983	0.02314	0.11404	0.01712	0.04443	0.02242	0.01521	0.02240	0.01278	0.01533	0.00936	0.00666	0.00676	0.00221	0.01019	0.00543	0.00309	0.01053
22	0.02707	0.01995	0.02137	0.01638	0.02208	0.02208	0.01353	0.68159	0.03348	0.04488	0.01710	0.01710	0.01211	0.00855	0.00712	0.00214	0.00784	0.00641	0.00712	0.01211
23	0.00868	0.00620	0.00826	0.00991	0.01033	0.00578	0.00661	0.00991	0.01363	0.01818	0.03925	0.74510	0.04710	0.02231	0.00909	0.00289	0.00413	0.02024	0.00661	0.00578
24	0.00884	0.00760	0.00815	0.00871	0.03704	0.00647	0.00610	0.01079	0.01637	0.01973	0.09246	0.06597	0.65239	0.01745	0.00836	0.00239	0.00379	0.01461	0.00653	0.00624
25	0.01455	0.01242	0.01453	0.01052	0.01664	0.00936	0.00837	0.01764	0.01472	0.02302	0.01361	0.04103	0.01186	0.00589	0.00541	0.00112	0.00523	0.00480	0.00430	0.76496
26	0.02068	0.01367	0.03810	0.01191	0.01800	0.01086	0.00996	0.05023	0.04584	0.23696	0.01830	0.01830	0.01322	0.00673	0.00606	0.00155	0.00580	0.00541	0.00584	0.46256
27	0.01530	0.06526	0.54535	0.02143	0.07398	0.01663	0.06627	0.02253	0.01556	0.04491	0.03843	0.01700	0.01169	0.00701	0.00686	0.00222	0.00994	0.00581	0.00345	0.01036
28	0.01428	0.03683	0.71286	0.02030	0.03082	0.01654	0.02631	0.02255	0.01503	0.02255	0.01278	0.01503	0.00902	0.00677	0.00677	0.00226	0.01052	0.00526	0.00301	0.01052
29	0.01428	0.03683	0.71286	0.02030	0.03082	0.01654	0.02631	0.02255	0.01503	0.02255	0.01278	0.01503	0.00902	0.00677	0.00677	0.00226	0.01052	0.00526	0.00301	0.01052
30	0.01568	0.01469	0.02469	0.13033	0.50992	0.01504	0.01921	0.01951	0.01555	0.02180	0.01731	0.13075	0.01660	0.00893	0.00738	0.00227	0.00793	0.00850	0.00396	0.00998
31	0.02206	0.01828	0.19808	0.01484	0.02089	0.01228	0.03535	0.04448	0.05737	0.33625	0.05647	0.09144	0.03978	0.01001	0.00737	0.00231	0.00706	0.00844	0.00668	0.01056
32	0.01762	0.01692	0.02890	0.04371	0.70533	0.01692	0.02185	0.02185	0.01621	0.02326	0.01339	0.01762	0.01128	0.00634	0.00705	0.00211	0.00846	0.00634	0.00352	0.01128
33	0.01681	0.01921	0.04202	0.03001	0.03721	0.01801	0.67947	0.02281	0.01681	0.02281	0.01441	0.01921	0.01080	0.00600	0.00840	0.00240	0.01200	0.00840	0.00360	0.00960
34	0.01723	0.01669	0.02673	0.10074	0.57370	0.04596	0.02065	0.02134	0.01622	0.02245	0.01483	0.02167	0.01299	0.00733	0.00721	0.00220	0.00861	0.04919	0.00370	0.01055
35	0.01683	0.01913	0.04159	0.03045	0.05878	0.01797	0.65825	0.02278	0.01679	0.02282	0.01437	0.01916	0.01082	0.00601	0.00836	0.00239	0.01189	0.00834	0.00360	0.00966
36	0.00868	0.00620	0.00826	0.00991	0.01033	0.00578	0.00661	0.00991	0.01363	0.01818	0.03925	0.74510	0.04710	0.02231	0.00909	0.00289	0.00413	0.02024	0.00661	0.00578
37	0.00963	0.00686	0.00925	0.01075	0.01155	0.00658	0.00797	0.01150	0.01454	0.01929	0.06088	0.49297	0.04506	0.05194	0.01043	0.00315	0.00495	0.21015	0.00654	0.00599
38	0.05006	0.01348	0.01732	0.01391	0.01899	0.01325	0.03995	0.03476	0.23252	0.44438	0.02722	0.02437	0.01833	0.00889	0.00716	0.00228	0.00617	0.00740	0.00796	0.01161
39	0.01112	0.00871	0.01218	0.03528	0.03908	0.00894	0.02869	0.05598	0.01553	0.02105	0.08762	0.52765	0.04069	0.01866	0.00956	0.00274	0.04689	0.01663	0.00623	0.00677
40	0.00868	0.00620	0.00826	0.00991	0.01033	0.00578	0.00661	0.00991	0.01363	0.01818	0.03925	0.74510	0.04710	0.02231	0.00909	0.00289	0.00413	0.02024	0.00661	0.00578
41	0.01599	0.22371	0.48954	0.01849	0.02753	0.04037	0.04773	0.02241	0.01511	0.02089	0.01204	0.01419	0.00913	0.00658	0.00624	0.00206	0.00989	0.00498	0.00306	0.01006
42	0.06348	0.01881	0.04454	0.11489	0.43565	0.10416	0.01928	0.02274	0.04457	0.02253	0.01333	0.01708	0.01092	0.00692	0.00734	0.00216	0.03174	0.00602	0.00368	0.01018
43	0.00918	0.00712	0.00915	0.01013	0.01087	0.00710	0.00711	0.01054	0.01388	0.01828	0.04271	0.56680	0.16060	0.02077	0.01010	0.00282	0.06231	0.01820	0.00633	0.00598
44	0.01144	0.00759	0.00988	0.00913	0.01109	0.00693	0.00691	0.01469	0.02001	0.07269	0.63102	0.05195	0.09075	0.01433	0.00832	0.00224	0.00355	0.01259	0.00785	0.00704
45	0.04662	0.01534	0.01522	0.01274	0.01674	0.08594	0.01013	0.20707	0.10402	0.14730	0.06612	0.02344	0.01884	0.00888	0.00657	0.00205	0.00635	0.00695	0.18983	0.00984
46	0.01795	0.01681	0.02786	0.09142	0.61312	0.01718	0.02116	0.06508	0.01721	0.02432	0.01358	0.01769	0.01121	0.00655	0.00706	0.00213	0.00849	0.00635	0.00374	0.01109
47	0.01428	0.03683	0.71286	0.02030	0.03082	0.01654	0.02631	0.02255	0.01503	0.02255	0.01278	0.01503	0.00902	0.00677	0.00677	0.00226	0.01052	0.00526	0.00301	0.01052
48	0.01237	0.00618	0.00928	0.00928	0.00928	0.00618	0.00618	0.00928	0.00928	0.01237	0.01237	0.02165	0.01237	0.02474	0.02783	0.79283	0.00618	0.00618	0.00309	0.00309
49	0.01477	0.01266	0.01477	0.01055	0.01687	0.00949	0.00844	0.01793	0.01477	0.02320	0.01266	0.01477	0.01055	0.00527	0.00527	0.00105	0.00527	0.00422	0.00422	0.79328
50	0.08954	0.12174	0.19821	0.01892	0.07419	0.08770	0.04072	0.02212	0.01502	0.06668	0.01391	0.01891	0.01168	0.00860	0.00957	0.00232	0.14330	0.04375	0.00388	0.00925
51	0.06175	0.01246	0.01646	0.01267	0.01815	0.01110	0.01047	0.05739	0.02053	0.65990	0.02699	0.02349	0.01704	0.00872	0.00705	0.00220	0.00610	0.00700	0.00858	0.01195
52	0.01505	0.01457	0.02511	0.43354	0.23646	0.01670	0.06917	0.01953	0.01478	0.01994	0.01278	0.01838	0.01010	0.00716	0.00827	0.00235	0.05732	0.00648	0.00330	0.00901
53	0.00866	0.00624	0.00822	0.00980	0.01030	0.00579	0.00656	0.00993	0.01375	0.01822	0.04069	0.71546	0.07581	0.02212	0.00906	0.00287	0.00411	0.02001	0.00661	0.00579
54	0.01040	0.00748	0.01072	0.01072	0.01187	0.00853	0.00813	0.01271	0.01155	0.01689	0.01972	0.02995	0.01873	0.12801	0.59795	0.01029	0.01668	0.00787	0.05565	0.00615
55	0.00898	0.00643	0.00854	0.00970	0.01040	0.00599	0.00663	0.01069	0.01507	0.02046	0.18493	0.59291	0.05152	0.02060	0.00894	0.00275	0.00396	0.01862	0.00688	0.00599
56	0.01018	0.00758	0.01120	0.01120	0.01239	0.00877	0.00860	0.01256	0.01137	0.01635	0.01929	0.02920	0.01833	0.09931	0.67635	0.01114	0.01827	0.00781	0.00385	0.00622
57	0.80005	0.01377	0.01047	0.00936	0.01377	0.01597	0.00771	0.02093	0.01212	0.03195	0.00991	0.01157	0.00771	0.00661	0.00441	0.00220	0.00551	0.00386	0.00441	0.00771
58	0.02707	0.01995	0.02137	0.01638	0.02208	0.02208	0.01353	0.68159	0.03348	0.04488	0.01710	0.01710	0.01211	0.00855	0.00712	0.00214	0.00784	0.00641	0.00712	0.01211
59	0.04425	0.00692	0.00679	0.00674	0.00851	0.00700	0.00509	0.01676	0.01482	0.02676	0.02270	0.02596	0.01784	0.00823	0.00496	0.00168	0.00340	0.00653	0.75838	0.00668
60	0.06371	0.01309	0.04169	0.01281	0.01845	0.01092	0.01093	0.03368	0.01984	0.65655	0.02677	0.02337	0.01689	0.00865	0.00703	0.00221	0.00620	0.00695	0.00842	0.01187
61	0.02660	0.03394	0.02018	0.01834	0.02201	0.72116	0.01376	0.02843	0.02018	0.01743	0.01101	0.01284	0.00917	0.00734	0.00642	0.00183	0.01284	0.00459	0.00367	0.00825
62	0.02707	0.01995	0.02137	0.01638	0.02208	0.02208	0.01353	0.68159	0.03348	0.04488	0.01710	0.01710	0.01211	0.00855	0.00712	0.00214	0.00784	0.00641	0.00712	0.01211
63	0.01036	0.00690	0.00777	0.00777	0.00777	0.00690	0.00431	0.01036	0.01036	0.01381	0.02244	0.04660	0.02589	0.74975	0.03624	0.00690	0.00690	0.01036	0.00431	0.00431
64	0.80005	0.01377	0.01047	0.00936	0.01377	0.01597	0.00771	0.02093	0.01212	0.03195	0.00991	0.01157	0.00771	0.00661	0.00441	0.00220	0.00551	0.00386	0.00441	0.00771
65	0.01021	0.00711	0.00872	0.00841	0.00932	0.00680	0.00562	0.01202	0.01566	0.02180	0.39037	0.05017	0.04826	0.35145	0.02116	0.00438	0.00498	0.01172	0.00622	0.00562
66	0.02322	0.01771	0.02017	0.06407	0.04954	0.01892	0.01324	0.48420	0.02790	0.03792	0.01676	0.04306	0.01292	0.00835	0.00690	0.00201	0.00744	0.00656	0.00625	0.13285
67	0.01805	0.01787	0.02803	0.06892	0.63467	0.06330	0.02124	0.02214	0.01640	0.02268	0.01321	0.01736	0.01107	0.00644	0.00701	0.00211	0.00879	0.00623	0.00352	0.01095
68	0.02707	0.01995	0.02137	0.01638	0.02208	0.02208	0.01353	0.68159	0.03348	0.04488	0.01710	0.01710	0.01211	0.00855	0.00712	0.00214	0.00784	0.00641	0.00712	0.01211
69	0.01904	0.75404	0.03731	0.01218	0.01828	0.02818	0.01218	0.02132	0.01447	0.01675	0.00990	0.01142	0.00914	0.00609	0.00457	0.00152	0.00761	0.00381	0.00305	0.00914
70	0.00854	0.00717	0.00741	0.00745	0.00972	0.00605	0.00555	0.01042	0.01637	0.01980	0.11213	0.09842	0.63063	0.01800	0.00845	0.00242	0.00361	0.01512	0.00669	0.00605
71	0.01904	0.75404	0.03731	0.01218	0.01828	0.02818	0.01218	0.02132	0.01447	0.01675	0.00990	0.01142	0.00914	0.00609	0.00457	0.00152	0.00761	0.00381	0.00305	0.00914
72	0.00966	0.00722	0.00897	0.00862	0.01041	0.00653	0.00643	0.01260	0.01904	0.02612	0.53876	0.08567	0.20246	0.01563	0.00843	0.00230	0.00344	0.01365	0.00752	0.00653
73	0.01327	0.00664	0.00664	0.00664	0.00830	0.00664	0.00498	0.01659	0.01493	0.02655	0.02323	0.02655	0.01825	0.00830	0.00498	0.00166	0.00332	0.00664	0.78928	0.00664
74	0.00868	0.00620	0.00826	0.00991	0.01033	0.00578	0.00661	0.00991	0.01363	0.01818	0.03925	0.74510	0.04710	0.02231	0.00909	0.00289	0.00413	0.02024	0.00661	0.00578
75	0.03051	0.01180	0.01606	0.01242	0.01768	0.01022	0.01022	0.03330	0.02037	0.66532	0.07249	0.02615	0.02089	0.00919	0.00724	0.00221	0.00588	0.00754	0.00875	0.01176
76	0.00868	0.00717	0.00749	0.00767	0.00975	0.00614	0.00566	0.01039	0.01568	0.01889	0.06529	0.11215	0.58782	0.06688	0.01036	0.00277	0.00398	0.04087	0.00646	0.00591
77	0.07876	0.16277	0.36260	0.06555	0.02805	0.08814	0.07632	0.02251	0.01531	0.02146	0.01198	0.01450	0.00914	0.00664	0.00631	0.00210	0.00988	0.00516	0.00325	0.00957
78	0.06168	0.47595	0.16143	0.01330	0.01949	0.02248	0.01400	0.02030	0.01451	0.01929	0.04137	0.04812	0.01360	0.00942	0.03677	0.00223	0.00821	0.00539	0.00352	0.00894
79	0.06110	0.15477	0.02097	0.03654	0.01941	0.01500	0.03500	0.04999	0.04803	0.40008	0.02319	0.05077	0.01689	0.00892	0.00674	0.00215	0.00663	0.02628	0.00686	0.01067
80	0.02090	0.43633	0.05173	0.01456	0.01963	0.25848	0.01304	0.02318	0.01633	0.01727	0.01261	0.01425	0.03446	0.00719	0.00607	0.00174	0.03549	0.00461	0.00339	0.00872
81	0.01090	0.04062	0.01072	0.00959	0.01183	0.04099	0.00743	0.01372	0.04582	0.02034	0.12200	0.10374	0.39109	0.04281	0.00983	0.00262	0.03144	0.07165	0.00627	0.00659
82	0.02234	0.38642	0.06020	0.01542	0.02059	0.34990	0.01356	0.02469	0.01715	0.01733	0.01055	0.01225	0.00915	0.00670	0.00553	0.00170	0.01018	0.00424	0.00333	0.00879
83	0.01762	0.01692	0.02890	0.04371	0.70533	0.01692	0.02185	0.02185	0.01621	0.02326	0.01339	0.01762	0.01128	0.00634	0.00705	0.00211	0.00846	0.00634	0.00352	0.01128
84	0.02759	0.01911	0.02085	0.01599	0.02167	0.02085	0.01321	0.61274	0.03209	0.11570	0.01827	0.01786	0.01270	0.00858	0.00713	0.00214	0.00765	0.00649	0.00730	0.01211
85	0.01518	0.10709	0.55877	0.02240	0.11393	0.01777	0.02432	0.02234	0.01512	0.02205	0.01256	0.01499	0.00931	0.00664	0.00658	0.00216	0.00997	0.00525	0.00308	0.01048
86	0.00950	0.00735	0.00865	0.00862	0.01057	0.00658	0.00661	0.01204	0.01762	0.02300	0.31606	0.06314	0.35027	0.04041	0.00947	0.00259	0.00396	0.09024	0.00702	0.00630
87	0.00871	0.00637	0.00819	0.00953	0.01025	0.00585	0.00646	0.01011	0.01426	0.01878	0.07361	0.62886	0.13000	0.02142	0.00897	0.00280	0.00403	0.01925	0.00667	0.00585
88	0.00893	0.00642	0.00853	0.01013	0.01072	0.00602	0.00703	0.01038	0.01397	0.01850	0.04015	0.66156	0.06738	0.02193	0.00914	0.00291	0.00434	0.07951	0.00661	0.00586
89	0.01726	0.01655	0.02825	0.10296	0.64888	0.01682	0.02167	0.02154	0.01604	0.02283	0.01333	0.01774	0.01113	0.00641	0.00706	0.00214	0.00855	0.00634	0.00349	0.01099
90	0.00868	0.00620	0.00826	0.00991	0.01033	0.00578	0.00661	0.00991	0.01363	0.01818	0.03925	0.74510	0.04710	0.02231	0.00909	0.00289	0.00413	0.02024	0.00661	0.00578
91	0.03195	0.01212	0.01652	0.01267	0.01818	0.01047	0.01047	0.03470	0.02038	0.71026	0.02809	0.02424	0.01763	0.00881	0.00716	0.00220	0.00606	0.00716	0.00881	0.01212
92	0.01845	0.66562	0.12059	0.01318	0.01982	0.02674	0.01393	0.02147	0.01454	0.01747	0.01025	0.01187	0.00912	0.00617	0.00484	0.00161	0.00797	0.00399	0.00304	0.00931
93	0.00973	0.00788	0.00861	0.00877	0.01113	0.00705	0.00696	0.03574	0.01690	0.02060	0.06301	0.06908	0.54055	0.01802	0.00866	0.00258	0.00437	0.14739	0.00662	0.00635
94	0.00873	0.00622	0.00825	0.00984	0.01024	0.00582	0.00653	0.00993	0.01352	0.01803	0.03867	0.72105	0.04637	0.04736	0.01002	0.00303	0.00423	0.01990	0.00653	0.00573
95	0.01591	0.02099	0.14342	0.02773	0.06129	0.01693	0.50728	0.02188	0.01630	0.02248	0.01575	0.06635	0.01294	0.00721	0.00814	0.00240	0.01111	0.00861	0.00370	0.00956
96	0.02674	0.01925	0.02081	0.01605	0.02159	0.02116	0.01322	0.63699	0.03240	0.07031	0.01816	0.03812	0.01332	0.00895	0.00718	0.00216	0.00766	0.00683	0.00718	0.01193
97	0.06493	0.63652	0.05864	0.01234	0.01846	0.02588	0.01232	0.02223	0.01474	0.06356	0.01120	0.01241	0.00961	0.00633	0.00481	0.00163	0.00749	0.00408	0.00350	0.00930
98	0.02620	0.03326	0.02024	0.01836	0.02189	0.69556	0.01382	0.02802	0.01984	0.01742	0.01095	0.01294	0.00918	0.00753	0.00704	0.00188	0.03935	0.00465	0.00365	0.00824
99	0.00885	0.00627	0.00821	0.00969	0.01007	0.00590	0.00637	0.00996	0.01330	0.01773	0.03752	0.67348	0.04492	0.09690	0.01187	0.00330	0.00442	0.01923	0.00637	0.00563
100	0.01671	0.01992	0.06897	0.02962	0.03696	0.01795	0.65323	0.02280	0.01674	0.02280	0.01434	0.01904	0.01073	0.00603	0.00834	0.00240	0.01195	0.00828	0.00358	0.00964
101	0.02564	0.12539	0.02235	0.01756	0.02154	0.63316	0.01356	0.02753	0.01945	0.01734	0.01087	0.01266	0.00917	0.00718	0.00619	0.00179	0.01218	0.00449	0.00359	0.00837
102	0.01008	0.00728	0.00952	0.00896	0.01064	0.00672	0.00672	0.01344	0.02016	0.02855	0.70158	0.05319	0.06719	0.01456	0.00840	0.00224	0.00336	0.01288	0.00784	0.00672
103	0.01681	0.01921	0.04202	0.03001	0.03721	0.01801	0.67947	0.02281	0.01681	0.02281	0.01441	0.01921	0.01080	0.00600	0.00840	0.00240	0.01200	0.00840	0.00360	0.00960
104	0.03195	0.01212	0.01652	0.01267	0.01818	0.01047	0.01047	0.03470	0.02038	0.71026	0.02809	0.02424	0.01763	0.00881	0.00716	0.00220	0.00606	0.00716	0.00881	0.01212
105	0.00868	0.00620	0.00826	0.00991	0.01033	0.00578	0.00661	0.00991	0.01363	0.01818	0.03925	0.74510	0.04710	0.02231	0.00909	0.00289	0.00413	0.02024	0.00661	0.00578
