[name]
unknown

[dist]
# distance from previous block
# <min> <max>
0	2

[block]
# block no. 0 follows, 28 sequences, length 15
# corresponding to MSA columns:
# 2-16
name=unknown_A
#
# <colnr> <probs for GDERKNQSTAVLIFYWHMCP>
#	G	D	E	R	K	N	Q	S	T	A	V	L	I	F	Y	W	H	M	C	P
0	0.01780	0.01172	0.04755	0.01382	0.01722	0.01061	0.01217	0.02350	0.10456	0.19024	0.03368	0.05758	0.03185	0.01539	0.00887	0.00291	0.00664	0.37779	0.00717	0.00891
1	0.16872	0.01303	0.01542	0.05911	0.01937	0.01317	0.01079	0.04415	0.11977	0.30698	0.04442	0.02613	0.01870	0.00925	0.00688	0.00229	0.00618	0.04798	0.00701	0.06065
2	0.02188	0.01868	0.01898	0.01745	0.06391	0.16494	0.03220	0.06379	0.17261	0.14647	0.02428	0.04510	0.06308	0.00991	0.00886	0.00230	0.07683	0.00767	0.00597	0.03508
3	0.01268	0.01093	0.01517	0.01382	0.01500	0.01337	0.01101	0.01490	0.01268	0.01892	0.06187	0.10166	0.02100	0.02803	0.26403	0.00590	0.27427	0.00871	0.02746	0.06856
4	0.02202	0.02534	0.02426	0.10788	0.29389	0.36067	0.01801	0.02520	0.01832	0.02024	0.01239	0.01574	0.01025	0.00706	0.00689	0.00205	0.01095	0.00559	0.00363	0.00961
5	0.00903	0.00646	0.00859	0.01001	0.01058	0.00602	0.00676	0.01055	0.01471	0.01981	0.11761	0.65868	0.05050	0.02184	0.00919	0.00287	0.00412	0.01977	0.00690	0.00602
6	0.03144	0.01338	0.01739	0.01343	0.01900	0.01229	0.01106	0.10492	0.05139	0.60332	0.02750	0.02406	0.01757	0.00901	0.00731	0.00225	0.00636	0.00727	0.00874	0.01233
7	0.01117	0.00733	0.00979	0.01030	0.01166	0.00683	0.00758	0.01356	0.01711	0.06519	0.28087	0.36973	0.05309	0.01870	0.00898	0.00271	0.00432	0.08700	0.00734	0.00674
8	0.00899	0.00744	0.00792	0.00796	0.01028	0.00637	0.00608	0.01112	0.01705	0.02088	0.14374	0.06892	0.58039	0.01811	0.00868	0.00249	0.00385	0.05658	0.00689	0.00626
9	0.00869	0.00699	0.00774	0.00834	0.01008	0.00605	0.00596	0.01032	0.01563	0.01925	0.06170	0.30815	0.46576	0.01996	0.00884	0.00263	0.00387	0.01723	0.00675	0.00605
10	0.01858	0.06884	0.10969	0.08988	0.39533	0.11602	0.05393	0.02305	0.01673	0.02196	0.01302	0.01678	0.01063	0.00670	0.00698	0.00213	0.00973	0.00603	0.00350	0.01049
11	0.02580	0.02951	0.02162	0.02043	0.07552	0.49179	0.01477	0.14353	0.02211	0.02326	0.01243	0.01445	0.01008	0.00797	0.00784	0.00203	0.05791	0.00526	0.00433	0.00934
12	0.01792	0.01513	0.01598	0.01193	0.01794	0.06639	0.00952	0.08189	0.01756	0.05457	0.01421	0.01591	0.01135	0.00611	0.00573	0.00131	0.00621	0.00475	0.02764	0.59795
13	0.04234	0.01537	0.01829	0.07121	0.02135	0.04113	0.05399	0.31573	0.02351	0.03155	0.02359	0.24053	0.02320	0.03298	0.00869	0.00258	0.00733	0.01098	0.00627	0.00938
14	0.05875	0.10782	0.02332	0.02085	0.10969	0.46506	0.01466	0.07786	0.02015	0.02134	0.01187	0.01387	0.00981	0.00729	0.00640	0.00192	0.01122	0.00494	0.00397	0.00921

[dist]
# distance from previous block
# <min> <max>
0	1

[block]
# block no. 1 follows, 28 sequences, length 36
# corresponding to MSA columns:
# 18-53
name=unknown_B
#
# <colnr> <probs for GDERKNQSTAVLIFYWHMCP>
#	G	D	E	R	K	N	Q	S	T	A	V	L	I	F	Y	W	H	M	C	P
0	0.02361	0.24783	0.02358	0.01347	0.01853	0.09110	0.01152	0.08816	0.07941	0.21805	0.09502	0.02225	0.01990	0.00867	0.00654	0.00201	0.00723	0.00662	0.00617	0.01030
1	0.01524	0.03461	0.61295	0.05091	0.03232	0.01678	0.07017	0.02321	0.01559	0.04240	0.01360	0.01608	0.00960	0.00693	0.00705	0.00232	0.01067	0.00569	0.00329	0.01061
2	0.01042	0.00698	0.00797	0.00812	0.00816	0.00695	0.00461	0.01053	0.01086	0.01448	0.02440	0.10785	0.02831	0.68168	0.03458	0.00669	0.00680	0.01145	0.00461	0.00454
3	0.00883	0.00643	0.00833	0.00985	0.01047	0.00593	0.00663	0.01015	0.01418	0.01866	0.04339	0.67347	0.11226	0.02234	0.00921	0.00290	0.00416	0.02014	0.00675	0.00593
4	0.00899	0.00649	0.00852	0.00989	0.01054	0.00601	0.00670	0.01051	0.01473	0.01971	0.10963	0.63737	0.08049	0.02175	0.00917	0.00286	0.00411	0.01964	0.00688	0.00601
5	0.01225	0.01319	0.13963	0.01158	0.01509	0.00875	0.01071	0.01602	0.01802	0.07306	0.34165	0.17139	0.11064	0.01475	0.00830	0.00242	0.00516	0.01287	0.00680	0.00773
6	0.01799	0.01727	0.02950	0.04462	0.69919	0.01727	0.02231	0.02231	0.01655	0.02375	0.01367	0.01799	0.01151	0.00648	0.00720	0.00216	0.00864	0.00648	0.00360	0.01151
7	0.01698	0.02083	0.08805	0.02996	0.03755	0.01828	0.62887	0.02327	0.01703	0.02327	0.01459	0.01932	0.01091	0.00618	0.00846	0.00244	0.01215	0.00836	0.00364	0.00987
8	0.02216	0.01955	0.01961	0.04885	0.09796	0.15165	0.01371	0.11292	0.28979	0.09405	0.02150	0.02130	0.01604	0.00857	0.00713	0.00222	0.00797	0.00686	0.00615	0.03200
9	0.01514	0.01407	0.02134	0.23433	0.03050	0.01345	0.11051	0.02031	0.05457	0.02245	0.01416	0.01778	0.01114	0.00634	0.00655	0.00178	0.00775	0.00583	0.00406	0.38794
10	0.01507	0.01292	0.01507	0.01077	0.01723	0.00969	0.00861	0.01830	0.01507	0.02369	0.01292	0.01507	0.01077	0.00538	0.00538	0.00108	0.00538	0.00431	0.00431	0.78898
11	0.01747	0.01313	0.01496	0.01129	0.01700	0.03801	0.00895	0.02048	0.01624	0.11824	0.04285	0.05911	0.01607	0.00733	0.00604	0.00143	0.00567	0.00601	0.00522	0.57451
12	0.01830	0.01767	0.05472	0.06993	0.61863	0.01693	0.02191	0.02274	0.01660	0.05216	0.01425	0.01823	0.01162	0.00663	0.00719	0.00218	0.00866	0.00647	0.00379	0.01138
13	0.01050	0.00705	0.00810	0.00816	0.00823	0.00708	0.00468	0.01065	0.01075	0.01438	0.02344	0.07406	0.02695	0.68871	0.06287	0.00707	0.00743	0.01086	0.00448	0.00455
14	0.35651	0.10099	0.01792	0.01365	0.01775	0.25187	0.01096	0.04917	0.01612	0.02507	0.01120	0.01391	0.00944	0.03307	0.00744	0.00226	0.04562	0.00464	0.00413	0.00828
15	0.01844	0.57866	0.12959	0.01356	0.02010	0.05283	0.01413	0.02158	0.01518	0.01810	0.01418	0.01555	0.04842	0.00706	0.00528	0.00172	0.00817	0.00478	0.00334	0.00931
16	0.01524	0.08146	0.42261	0.01965	0.02860	0.01649	0.12255	0.02184	0.01558	0.02264	0.01485	0.01731	0.02998	0.00683	0.00681	0.00208	0.00969	0.00588	0.00348	0.13645
17	0.01804	0.03219	0.55216	0.01966	0.02931	0.01579	0.04932	0.02534	0.01643	0.14992	0.01602	0.01726	0.01092	0.00726	0.00705	0.00230	0.00995	0.00586	0.00420	0.01101
18	0.01038	0.00779	0.01168	0.01168	0.01298	0.00909	0.00909	0.01298	0.01168	0.01687	0.01947	0.02856	0.01817	0.05452	0.71573	0.01168	0.01947	0.00779	0.00389	0.00649
19	0.01943	0.74891	0.03809	0.01244	0.01866	0.02876	0.01244	0.02177	0.01477	0.01710	0.01011	0.01166	0.00933	0.00622	0.00466	0.00155	0.00777	0.00389	0.00311	0.00933
20	0.02697	0.01972	0.02111	0.01626	0.02188	0.02180	0.01341	0.64414	0.03329	0.04494	0.01775	0.01790	0.01266	0.00871	0.00717	0.00216	0.00778	0.00656	0.04369	0.01210
21	0.01048	0.00740	0.00973	0.00973	0.01036	0.00803	0.00666	0.01173	0.01111	0.01543	0.02125	0.03843	0.02246	0.41277	0.36334	0.00928	0.01302	0.00923	0.00416	0.00541
22	0.01219	0.00969	0.04298	0.01022	0.01263	0.00829	0.00819	0.05334	0.02001	0.05471	0.48328	0.10868	0.09308	0.03880	0.00937	0.00250	0.00435	0.01285	0.00747	0.00738
23	0.01943	0.74891	0.03809	0.01244	0.01866	0.02876	0.01244	0.02177	0.01477	0.01710	0.01011	0.01166	0.00933	0.00622	0.00466	0.00155	0.00777	0.00389	0.00311	0.00933
24	0.02620	0.01937	0.02084	0.01627	0.02171	0.02141	0.01332	0.61376	0.05574	0.04368	0.01920	0.06015	0.01480	0.00959	0.00739	0.00224	0.00770	0.00743	0.00725	0.01195
25	0.01862	0.53471	0.06000	0.01324	0.01913	0.04921	0.01278	0.02126	0.01478	0.01835	0.01063	0.01267	0.00955	0.00665	0.00633	0.00165	0.06083	0.00422	0.00331	0.12211
26	0.00886	0.00633	0.00843	0.01012	0.01054	0.00590	0.00675	0.01012	0.01392	0.01856	0.04006	0.73979	0.04808	0.02277	0.00928	0.00295	0.00422	0.02066	0.00675	0.00590
27	0.01263	0.00631	0.00947	0.00947	0.00947	0.00631	0.00631	0.00947	0.00947	0.01263	0.01263	0.02210	0.01263	0.02525	0.02841	0.78851	0.00631	0.00631	0.00316	0.00316
28	0.01943	0.74891	0.03809	0.01244	0.01866	0.02876	0.01244	0.02177	0.01477	0.01710	0.01011	0.01166	0.00933	0.00622	0.00466	0.00155	0.00777	0.00389	0.00311	0.00933
29	0.00901	0.00639	0.00839	0.00993	0.01031	0.00601	0.00654	0.01016	0.01362	0.01816	0.03854	0.67818	0.04615	0.08702	0.01175	0.00332	0.00447	0.01977	0.00654	0.00577
30	0.01507	0.01292	0.01507	0.01077	0.01723	0.00969	0.00861	0.01830	0.01507	0.02369	0.01292	0.01507	0.01077	0.00538	0.00538	0.00108	0.00538	0.00431	0.00431	0.78898
31	0.02698	0.01929	0.02076	0.01601	0.02158	0.02121	0.01320	0.61420	0.03260	0.06753	0.01821	0.01827	0.01292	0.00872	0.00714	0.00216	0.00767	0.00658	0.05294	0.01203
32	0.04542	0.01433	0.01720	0.01431	0.01887	0.01511	0.04167	0.08962	0.32133	0.20836	0.08563	0.02864	0.04660	0.00999	0.00747	0.00236	0.00609	0.00839	0.00757	0.01103
33	0.01660	0.09032	0.02745	0.05119	0.12554	0.04894	0.19762	0.02152	0.05430	0.02248	0.04224	0.07124	0.01624	0.00810	0.00766	0.00208	0.02937	0.00769	0.00430	0.15511
34	0.00886	0.00633	0.00843	0.01012	0.01054	0.00590	0.00675	0.01012	0.01392	0.01856	0.04006	0.73979	0.04808	0.02277	0.00928	0.00295	0.00422	0.02066	0.00675	0.00590
35	0.02005	0.02179	0.01730	0.01534	0.01896	0.32206	0.03152	0.08022	0.04562	0.02184	0.02155	0.13761	0.05598	0.01328	0.04873	0.00263	0.00979	0.00846	0.00494	0.10234

[dist]
# distance from previous block
# <min> <max>
14	19

[block]
# block no. 2 follows, 28 sequences, length 28
# corresponding to MSA columns:
# 74-101
name=unknown_C
#
# <colnr> <probs for GDERKNQSTAVLIFYWHMCP>
#	G	D	E	R	K	N	Q	S	T	A	V	L	I	F	Y	W	H	M	C	P
0	0.03647	0.05238	0.06633	0.01024	0.01279	0.01074	0.00875	0.04831	0.01526	0.02429	0.04645	0.09517	0.02094	0.04415	0.02948	0.04730	0.04828	0.00815	0.36733	0.00721
1	0.02401	0.01762	0.01914	0.01531	0.02004	0.01931	0.01230	0.54353	0.03000	0.04019	0.02105	0.12498	0.01832	0.04831	0.00908	0.00254	0.00740	0.00882	0.00705	0.01101
2	0.08353	0.13825	0.26167	0.01691	0.02284	0.04076	0.01766	0.05768	0.01537	0.02295	0.03408	0.01592	0.01140	0.00848	0.01040	0.00231	0.18184	0.00550	0.00371	0.04876
3	0.04345	0.08112	0.22173	0.03084	0.35931	0.05141	0.02106	0.02208	0.01597	0.02273	0.01446	0.05690	0.01251	0.00755	0.00691	0.00219	0.00904	0.00658	0.00362	0.01053
4	0.00965	0.00888	0.04747	0.00899	0.01106	0.00701	0.00701	0.01182	0.01600	0.02080	0.18970	0.15738	0.32081	0.13538	0.01320	0.00323	0.00465	0.01431	0.00643	0.00624
5	0.02055	0.48302	0.06999	0.01440	0.01991	0.20331	0.01335	0.02305	0.01625	0.01770	0.01225	0.05321	0.01151	0.00752	0.00554	0.00176	0.00911	0.00512	0.00348	0.00898
6	0.01055	0.00684	0.00902	0.01021	0.01095	0.00640	0.00697	0.01187	0.01412	0.05869	0.03764	0.60140	0.04391	0.09252	0.01191	0.00333	0.00472	0.04612	0.00665	0.00617
7	0.07530	0.01749	0.01891	0.18044	0.08063	0.11670	0.01466	0.08003	0.22263	0.02602	0.02024	0.02551	0.01651	0.00923	0.00724	0.00238	0.00819	0.06287	0.00533	0.00966
8	0.01886	0.02064	0.06076	0.06749	0.45714	0.11570	0.07952	0.02385	0.04335	0.02287	0.01399	0.01774	0.01140	0.00678	0.00723	0.00218	0.00963	0.00643	0.00373	0.01074
9	0.01041	0.00707	0.00838	0.00852	0.00869	0.00718	0.00511	0.01080	0.01096	0.01476	0.02391	0.10119	0.02727	0.61096	0.10903	0.00722	0.00818	0.01108	0.00454	0.00475
10	0.01943	0.74891	0.03809	0.01244	0.01866	0.02876	0.01244	0.02177	0.01477	0.01710	0.01011	0.01166	0.00933	0.00622	0.00466	0.00155	0.00777	0.00389	0.00311	0.00933
11	0.00940	0.00702	0.00829	0.00866	0.00991	0.00639	0.00597	0.01108	0.01557	0.02038	0.19014	0.25859	0.24693	0.15182	0.01399	0.00340	0.00440	0.01555	0.00659	0.00591
12	0.01863	0.18911	0.21461	0.13476	0.02983	0.13715	0.08323	0.02340	0.01636	0.04690	0.01283	0.01559	0.00991	0.00687	0.00654	0.00206	0.01011	0.00546	0.00355	0.03309
13	0.02376	0.01747	0.01906	0.01536	0.02007	0.01911	0.01236	0.53800	0.03000	0.04020	0.02211	0.16625	0.01972	0.01162	0.00768	0.00234	0.00722	0.00945	0.00716	0.01103
14	0.06358	0.01290	0.01654	0.01305	0.01841	0.01197	0.01068	0.03527	0.11418	0.58024	0.02800	0.02452	0.01815	0.00902	0.00720	0.00228	0.00610	0.00729	0.00858	0.01205
15	0.00913	0.00672	0.00859	0.00978	0.01073	0.00618	0.00686	0.01082	0.01517	0.01998	0.11109	0.52550	0.15302	0.02113	0.00914	0.00283	0.00420	0.05619	0.00687	0.00608
16	0.02041	0.15507	0.02186	0.01683	0.05876	0.29054	0.01273	0.02347	0.05010	0.04008	0.05044	0.04244	0.09192	0.00988	0.00851	0.00212	0.08464	0.00709	0.00451	0.00860
17	0.05330	0.01789	0.10277	0.21999	0.15547	0.01622	0.21622	0.02055	0.01562	0.02209	0.01584	0.08139	0.01364	0.00807	0.00765	0.00241	0.00971	0.00810	0.00378	0.00930
18	0.04554	0.00777	0.00973	0.00935	0.01121	0.00726	0.00697	0.01425	0.01905	0.05503	0.50863	0.14872	0.09803	0.01559	0.00844	0.00239	0.00377	0.01369	0.00764	0.00695
19	0.00978	0.00694	0.00887	0.01009	0.01066	0.00667	0.00672	0.03505	0.01425	0.01901	0.03705	0.62513	0.04400	0.11364	0.01271	0.00344	0.00472	0.01886	0.00647	0.00596
20	0.21934	0.05501	0.33518	0.01722	0.05736	0.01606	0.01808	0.02487	0.01566	0.15486	0.01518	0.01620	0.01066	0.00721	0.00629	0.00224	0.00833	0.00537	0.00459	0.01029
21	0.01811	0.02083	0.06798	0.05444	0.08529	0.07882	0.44563	0.05780	0.01785	0.02345	0.01469	0.01982	0.01153	0.03905	0.00935	0.00256	0.01143	0.00782	0.00386	0.00969
22	0.01018	0.00746	0.00961	0.00978	0.01116	0.00709	0.00706	0.01372	0.05216	0.02547	0.43007	0.29491	0.05898	0.01740	0.00876	0.00253	0.00383	0.01555	0.00753	0.00676
23	0.65355	0.01710	0.10292	0.04723	0.01817	0.01637	0.01099	0.02144	0.01287	0.03064	0.01065	0.01266	0.00814	0.00679	0.00496	0.00226	0.00650	0.00425	0.00425	0.00826
24	0.01085	0.00811	0.00944	0.00960	0.01092	0.00807	0.00663	0.04381	0.05398	0.01938	0.03938	0.25158	0.18436	0.22737	0.07914	0.00470	0.00651	0.01405	0.00590	0.00622
25	0.24394	0.10594	0.23762	0.03926	0.13022	0.01776	0.01718	0.02253	0.04747	0.02575	0.04084	0.01660	0.01229	0.00719	0.00609	0.00219	0.00800	0.00545	0.00399	0.00967
26	0.01941	0.08460	0.04415	0.04064	0.05572	0.03600	0.01131	0.04191	0.01853	0.21836	0.15576	0.05961	0.06593	0.05073	0.00920	0.00256	0.00643	0.06340	0.00661	0.00914
27	0.01883	0.07810	0.01782	0.03392	0.01808	0.04989	0.01103	0.17196	0.14236	0.07108	0.20175	0.05710	0.04779	0.01119	0.00811	0.00228	0.03328	0.00907	0.00676	0.00960

[dist]
# distance from previous block
# <min> <max>
0	1

[block]
# block no. 3 follows, 28 sequences, length 32
# corresponding to MSA columns:
# 103-134
name=unknown_D
#
# <colnr> <probs for GDERKNQSTAVLIFYWHMCP>
#	G	D	E	R	K	N	Q	S	T	A	V	L	I	F	Y	W	H	M	C	P
0	0.23084	0.01332	0.05155	0.03706	0.08836	0.01266	0.01093	0.02066	0.07165	0.05835	0.25280	0.02975	0.03139	0.00986	0.00684	0.00221	0.00560	0.00810	0.00593	0.05214
1	0.52120	0.01255	0.01169	0.01111	0.04130	0.01371	0.00843	0.02081	0.01498	0.09023	0.14365	0.02327	0.04462	0.00888	0.00577	0.00226	0.00531	0.00648	0.00560	0.00816
2	0.05959	0.15037	0.42777	0.09645	0.03091	0.01887	0.07524	0.02226	0.01514	0.02211	0.01251	0.01532	0.00935	0.00676	0.00657	0.00220	0.00997	0.00542	0.00322	0.00998
3	0.01263	0.00631	0.00947	0.00947	0.00947	0.00631	0.00631	0.00947	0.00947	0.01263	0.01263	0.02210	0.01263	0.02525	0.02841	0.78851	0.00631	0.00631	0.00316	0.00316
4	0.01874	0.01665	0.02534	0.21337	0.36576	0.01803	0.01955	0.14695	0.05582	0.02699	0.01507	0.01874	0.01179	0.00729	0.00724	0.00225	0.00863	0.00658	0.00441	0.01079
5	0.01016	0.00690	0.00818	0.00857	0.00872	0.00685	0.00512	0.01055	0.01139	0.01523	0.02679	0.20856	0.03119	0.55169	0.05442	0.00625	0.00682	0.01283	0.00493	0.00483
6	0.01179	0.00779	0.01023	0.01031	0.01113	0.00789	0.00729	0.04738	0.01457	0.01979	0.14197	0.23052	0.03539	0.11449	0.01851	0.22352	0.02836	0.04793	0.00557	0.00557
7	0.01710	0.01636	0.02789	0.18748	0.56331	0.01704	0.02186	0.02153	0.01613	0.02266	0.01352	0.01828	0.01113	0.00664	0.00721	0.00221	0.00886	0.00647	0.00352	0.01079
8	0.01140	0.00829	0.01136	0.01122	0.01263	0.00919	0.00848	0.05433	0.01390	0.01972	0.05914	0.11841	0.02488	0.09605	0.46956	0.00880	0.01450	0.00977	0.03173	0.00666
9	0.01136	0.00767	0.01006	0.00933	0.01123	0.00704	0.00704	0.01476	0.02059	0.06151	0.66340	0.05288	0.06616	0.01458	0.00851	0.00228	0.00356	0.01287	0.00805	0.00712
10	0.01505	0.03201	0.52526	0.02368	0.09025	0.01668	0.11456	0.02259	0.01593	0.02339	0.04320	0.01787	0.01226	0.00711	0.00723	0.00231	0.01045	0.00625	0.00342	0.01051
11	0.01458	0.03760	0.70688	0.02072	0.03146	0.01688	0.02686	0.02302	0.01535	0.02302	0.01304	0.01535	0.00921	0.00691	0.00691	0.00230	0.01074	0.00537	0.00307	0.01074
12	0.02060	0.01275	0.01564	0.01145	0.01765	0.01000	0.00927	0.02370	0.01688	0.23807	0.01788	0.01812	0.01304	0.00652	0.00599	0.00145	0.00564	0.00525	0.00578	0.54432
13	0.01699	0.05728	0.53686	0.02004	0.02927	0.04396	0.05236	0.02406	0.01590	0.08235	0.01417	0.01618	0.01009	0.00732	0.00770	0.00230	0.04328	0.00565	0.00365	0.01058
14	0.01057	0.00705	0.00793	0.00793	0.00793	0.00705	0.00440	0.01057	0.01057	0.01409	0.02290	0.04757	0.02643	0.74454	0.03700	0.00705	0.00705	0.01057	0.00440	0.00440
15	0.79588	0.01406	0.01068	0.00956	0.01406	0.01631	0.00787	0.02137	0.01237	0.03261	0.01012	0.01181	0.00787	0.00675	0.00450	0.00225	0.00562	0.00394	0.00450	0.00787
16	0.01507	0.01292	0.01507	0.01077	0.01723	0.00969	0.00861	0.01830	0.01507	0.02369	0.01292	0.01507	0.01077	0.00538	0.00538	0.00108	0.00538	0.00431	0.00431	0.78898
17	0.57822	0.16295	0.03990	0.01067	0.01578	0.01858	0.00956	0.02215	0.01334	0.05981	0.01106	0.01249	0.00867	0.00675	0.00474	0.00211	0.00625	0.00413	0.00438	0.00847
18	0.01466	0.04632	0.01418	0.05030	0.01620	0.01181	0.00919	0.15891	0.01850	0.02476	0.03018	0.29228	0.08668	0.08772	0.01075	0.00283	0.00589	0.01256	0.00597	0.10030
19	0.01545	0.01247	0.01425	0.01059	0.01630	0.01008	0.00843	0.04406	0.03904	0.02523	0.01513	0.01721	0.01229	0.00609	0.00548	0.00125	0.00523	0.00486	0.11045	0.62610
20	0.01097	0.00764	0.00933	0.00877	0.01080	0.00686	0.00655	0.01374	0.01892	0.06036	0.44964	0.05681	0.24014	0.05534	0.01006	0.00259	0.00384	0.01332	0.00750	0.00681
21	0.01860	0.05290	0.04999	0.11561	0.15501	0.17468	0.01723	0.02157	0.01522	0.01937	0.01146	0.01589	0.00993	0.00881	0.01232	0.00240	0.24667	0.00578	0.00344	0.04312
22	0.01922	0.01662	0.01705	0.01509	0.01934	0.03991	0.01179	0.09535	0.60720	0.03140	0.02793	0.02582	0.02091	0.00969	0.00736	0.00242	0.00618	0.00796	0.00727	0.01149
23	0.01056	0.00730	0.00879	0.00842	0.01026	0.00672	0.00632	0.01370	0.01895	0.02713	0.46953	0.05230	0.16981	0.01437	0.00797	0.00221	0.00347	0.01242	0.14306	0.00672
24	0.01049	0.00736	0.00953	0.00953	0.01008	0.00792	0.00640	0.01160	0.01104	0.01528	0.02144	0.03947	0.02291	0.45078	0.32595	0.00902	0.01234	0.00939	0.00419	0.00529
25	0.00896	0.00729	0.00794	0.00796	0.01009	0.00627	0.00590	0.01109	0.01718	0.02152	0.19978	0.12178	0.51282	0.01803	0.00864	0.00246	0.00367	0.01532	0.00701	0.00627
26	0.01747	0.01355	0.03476	0.07737	0.02019	0.01403	0.01188	0.09564	0.24922	0.09337	0.12933	0.03849	0.06637	0.01191	0.00794	0.00249	0.00619	0.09308	0.00700	0.00973
27	0.79588	0.01406	0.01068	0.00956	0.01406	0.01631	0.00787	0.02137	0.01237	0.03261	0.01012	0.01181	0.00787	0.00675	0.00450	0.00225	0.00562	0.00394	0.00450	0.00787
28	0.01850	0.04716	0.06358	0.06052	0.38305	0.07842	0.05711	0.02433	0.08539	0.04706	0.01683	0.05560	0.01422	0.00786	0.00724	0.00222	0.00876	0.00722	0.00429	0.01062
29	0.00941	0.00688	0.00902	0.01045	0.01111	0.00670	0.00712	0.01174	0.04835	0.01907	0.03841	0.66448	0.04512	0.02384	0.04761	0.00340	0.00513	0.01932	0.00663	0.00622
30	0.19049	0.03666	0.04892	0.01041	0.01329	0.01026	0.00852	0.01637	0.01632	0.06277	0.24732	0.22499	0.05875	0.01419	0.00754	0.00244	0.00485	0.01207	0.00644	0.00741
31	0.06123	0.16650	0.02016	0.01246	0.01771	0.05928	0.01040	0.05550	0.04443	0.18660	0.01928	0.08434	0.01597	0.00858	0.00626	0.00185	0.00660	0.00673	0.00565	0.21047

[dist]
# distance from previous block
# <min> <max>
4	10

[block]
# block no. 4 follows, 28 sequences, length 37
# corresponding to MSA columns:
# 146-182
name=unknown_E
#
# <colnr> <probs for GDERKNQSTAVLIFYWHMCP>
#	G	D	E	R	K	N	Q	S	T	A	V	L	I	F	Y	W	H	M	C	P
0	0.08693	0.26531	0.34229	0.01720	0.05412	0.01999	0.01872	0.02173	0.01533	0.02244	0.06265	0.01684	0.01365	0.00724	0.00609	0.00204	0.00867	0.00538	0.00360	0.00976
1	0.04081	0.01600	0.01617	0.01403	0.01697	0.10580	0.01078	0.18340	0.04988	0.07649	0.02098	0.13833	0.01997	0.10809	0.01389	0.03040	0.08988	0.00907	0.00571	0.03334
2	0.01315	0.00738	0.00853	0.02756	0.01065	0.00788	0.00649	0.01611	0.01432	0.02445	0.02183	0.02648	0.01774	0.01577	0.10610	0.03847	0.03156	0.00687	0.59200	0.00665
3	0.01756	0.01716	0.02998	0.09338	0.52563	0.01738	0.10752	0.02303	0.05243	0.02365	0.01461	0.01880	0.01188	0.00667	0.00740	0.00223	0.00904	0.00685	0.00378	0.01102
4	0.01263	0.00631	0.00947	0.00947	0.00947	0.00631	0.00631	0.00947	0.00947	0.01263	0.01263	0.02210	0.01263	0.02525	0.02841	0.78851	0.00631	0.00631	0.00316	0.00316
5	0.01237	0.00894	0.01196	0.01315	0.01506	0.00899	0.01134	0.05272	0.01764	0.02292	0.03921	0.09881	0.07548	0.01942	0.00978	0.00322	0.00653	0.55876	0.00673	0.00697
6	0.02628	0.01974	0.02132	0.01663	0.02206	0.02211	0.01367	0.58954	0.09566	0.04328	0.01832	0.01832	0.01320	0.00898	0.00790	0.00225	0.03480	0.00670	0.00713	0.01212
7	0.01414	0.05368	0.01355	0.01174	0.01451	0.07951	0.00927	0.02030	0.16833	0.02272	0.12002	0.04783	0.21007	0.01506	0.00960	0.06099	0.00593	0.10878	0.00628	0.00771
8	0.01596	0.06150	0.30755	0.05290	0.11448	0.01713	0.20015	0.02226	0.01590	0.02279	0.01341	0.01679	0.01018	0.00646	0.00714	0.00216	0.01014	0.00624	0.00344	0.09341
9	0.06742	0.01792	0.04431	0.03708	0.10513	0.01847	0.01420	0.36890	0.02591	0.11676	0.02178	0.02209	0.06571	0.00915	0.00773	0.00225	0.03040	0.00712	0.00645	0.01122
10	0.01355	0.00678	0.00678	0.00678	0.00847	0.00678	0.00508	0.01694	0.01524	0.02710	0.02371	0.02710	0.01863	0.00847	0.00508	0.00169	0.00339	0.00678	0.78489	0.00678
11	0.01299	0.00946	0.01235	0.01152	0.01350	0.00925	0.04480	0.10000	0.01736	0.04666	0.09264	0.34053	0.10923	0.12938	0.01303	0.00332	0.00555	0.01487	0.00647	0.00708
12	0.02326	0.19350	0.04999	0.02003	0.11014	0.24125	0.01499	0.17161	0.06357	0.02567	0.01391	0.01535	0.01111	0.00747	0.00643	0.00196	0.00960	0.00540	0.00458	0.01020
13	0.01325	0.04086	0.01116	0.01020	0.01143	0.00860	0.00762	0.05329	0.01397	0.01964	0.02291	0.15487	0.02350	0.01933	0.01621	0.32720	0.00565	0.09309	0.14162	0.00558
14	0.00893	0.00645	0.00832	0.00979	0.01034	0.00599	0.00652	0.01017	0.01393	0.01839	0.04167	0.64961	0.09645	0.06304	0.01078	0.00314	0.00434	0.01969	0.00662	0.00584
15	0.01405	0.01042	0.01543	0.01426	0.03991	0.00998	0.08930	0.06521	0.03529	0.08079	0.16237	0.30574	0.09574	0.01575	0.00856	0.00256	0.00564	0.01431	0.00675	0.00794
16	0.01688	0.33660	0.35950	0.01818	0.02668	0.02205	0.08360	0.02252	0.01528	0.02054	0.01196	0.01420	0.00944	0.00654	0.00612	0.00200	0.00963	0.00506	0.00315	0.01005
17	0.01098	0.00755	0.00991	0.00931	0.01110	0.00695	0.00698	0.01431	0.02034	0.05121	0.64901	0.07861	0.06615	0.01496	0.00856	0.00231	0.00355	0.01323	0.00799	0.00701
18	0.01763	0.01676	0.02766	0.04092	0.62128	0.01689	0.02084	0.02305	0.06640	0.02408	0.01723	0.02073	0.03939	0.00720	0.00727	0.00219	0.00823	0.00696	0.00401	0.01130
19	0.01502	0.01319	0.01692	0.01222	0.01854	0.01021	0.05800	0.01840	0.01519	0.02348	0.01398	0.04011	0.01206	0.00603	0.00575	0.00124	0.00586	0.00518	0.00434	0.70427
20	0.20926	0.07080	0.01762	0.07143	0.05747	0.08580	0.01160	0.15564	0.01879	0.02939	0.01488	0.01728	0.01163	0.00780	0.00654	0.00208	0.03575	0.00556	0.16171	0.00896
21	0.15405	0.05892	0.01964	0.04678	0.02121	0.10577	0.01248	0.36518	0.04348	0.03586	0.01556	0.01658	0.01160	0.00806	0.00645	0.00211	0.00796	0.00579	0.05210	0.01042
22	0.04362	0.54333	0.06371	0.01488	0.05551	0.07926	0.01335	0.02175	0.01504	0.01825	0.01122	0.01354	0.01006	0.00998	0.05799	0.00242	0.00917	0.00445	0.00329	0.00918
23	0.01373	0.01292	0.02180	0.72707	0.05006	0.01615	0.02019	0.01857	0.01453	0.01857	0.01292	0.01938	0.00969	0.00727	0.00727	0.00242	0.00969	0.00646	0.00323	0.00807
24	0.00971	0.00738	0.00893	0.00861	0.01052	0.00660	0.00643	0.01257	0.01912	0.02583	0.47935	0.07825	0.26778	0.01621	0.00860	0.00236	0.00353	0.01405	0.00757	0.00660
25	0.79588	0.01406	0.01068	0.00956	0.01406	0.01631	0.00787	0.02137	0.01237	0.03261	0.01012	0.01181	0.00787	0.00675	0.00450	0.00225	0.00562	0.00394	0.00450	0.00787
26	0.01675	0.01403	0.01628	0.01192	0.01801	0.01194	0.00962	0.10422	0.01740	0.02630	0.01336	0.01542	0.01092	0.00615	0.00647	0.00132	0.03859	0.00469	0.00464	0.65196
27	0.01002	0.00719	0.00934	0.01066	0.01144	0.00694	0.00741	0.04610	0.01516	0.02020	0.03876	0.66414	0.04581	0.02187	0.00921	0.00293	0.00456	0.05518	0.00677	0.00630
28	0.01240	0.00809	0.01028	0.00943	0.01167	0.00741	0.00718	0.01600	0.03638	0.09222	0.54295	0.05266	0.13614	0.01460	0.00843	0.00231	0.00378	0.01273	0.00794	0.00741
29	0.01007	0.00726	0.00952	0.00930	0.01081	0.00671	0.00684	0.01316	0.01955	0.02752	0.59455	0.15975	0.06543	0.01608	0.00868	0.00239	0.00355	0.01430	0.00781	0.00671
30	0.01388	0.01137	0.01119	0.01094	0.01297	0.10082	0.00799	0.01673	0.04397	0.07490	0.21436	0.26068	0.13578	0.03916	0.00928	0.00262	0.00541	0.01395	0.00681	0.00720
31	0.72755	0.01437	0.01152	0.01008	0.01469	0.01649	0.00830	0.05951	0.01389	0.05451	0.01113	0.01254	0.00845	0.00693	0.00475	0.00225	0.00578	0.00419	0.00480	0.00827
32	0.00945	0.00684	0.00888	0.00991	0.01075	0.00628	0.00669	0.01091	0.01428	0.01938	0.09115	0.59112	0.04605	0.07488	0.01106	0.00310	0.00443	0.01837	0.00654	0.04992
33	0.13021	0.00932	0.04019	0.00980	0.01197	0.00816	0.00763	0.01270	0.01464	0.02136	0.04432	0.36971	0.23574	0.01818	0.00825	0.00268	0.00465	0.03773	0.00623	0.00652
34	0.02375	0.13994	0.02660	0.02053	0.06279	0.40987	0.10025	0.06189	0.04962	0.02082	0.01281	0.01488	0.01044	0.00723	0.00664	0.00196	0.01131	0.00543	0.00398	0.00927
35	0.09237	0.45014	0.21198	0.01472	0.02183	0.06304	0.01592	0.02247	0.01502	0.02019	0.01095	0.01273	0.00916	0.00652	0.00535	0.00184	0.00866	0.00433	0.00327	0.00951
36	0.02455	0.01767	0.01923	0.01527	0.02012	0.01934	0.01229	0.51900	0.05594	0.06507	0.02066	0.08065	0.01703	0.06696	0.00975	0.00264	0.00745	0.00813	0.00708	0.01117

[dist]
# distance from previous block
# <min> <max>
1	5

[block]
# block no. 5 follows, 28 sequences, length 47
# corresponding to MSA columns:
# 188-234
name=unknown_F
#
# <colnr> <probs for GDERKNQSTAVLIFYWHMCP>
#	G	D	E	R	K	N	Q	S	T	A	V	L	I	F	Y	W	H	M	C	P
0	0.01927	0.04971	0.09988	0.06362	0.32804	0.04607	0.01846	0.06137	0.11267	0.07419	0.01725	0.01940	0.01329	0.00746	0.00700	0.00218	0.00825	0.00649	0.03444	0.01097
1	0.01242	0.00950	0.01464	0.09356	0.01800	0.00971	0.06704	0.01325	0.01270	0.01724	0.02226	0.17818	0.05393	0.06766	0.01745	0.25179	0.05015	0.01016	0.00435	0.07600
2	0.04706	0.06039	0.02591	0.05534	0.48651	0.04569	0.01861	0.02192	0.04542	0.02317	0.01992	0.02283	0.08038	0.00788	0.00707	0.00217	0.00806	0.00712	0.00408	0.01047
3	0.00948	0.00711	0.00879	0.00898	0.01052	0.00642	0.00650	0.01193	0.01777	0.02392	0.36346	0.24645	0.21627	0.01790	0.00877	0.00251	0.00371	0.01575	0.00735	0.00642
4	0.01735	0.05008	0.01741	0.01203	0.01805	0.01278	0.00984	0.09424	0.01723	0.04815	0.01365	0.01554	0.01106	0.00631	0.00658	0.00137	0.04335	0.00475	0.00468	0.59554
5	0.01770	0.01494	0.01828	0.01388	0.01948	0.01406	0.04786	0.14216	0.08613	0.02793	0.01611	0.03760	0.01321	0.00743	0.00733	0.00168	0.04963	0.00595	0.00513	0.45351
6	0.02228	0.01795	0.01755	0.01505	0.01954	0.10010	0.01186	0.14798	0.38026	0.11643	0.02700	0.02524	0.04651	0.00963	0.00731	0.00232	0.00699	0.00769	0.00712	0.01118
7	0.00883	0.00643	0.00833	0.00985	0.01047	0.00593	0.00663	0.01015	0.01418	0.01866	0.04335	0.67425	0.11150	0.02235	0.00921	0.00290	0.00416	0.02014	0.00675	0.00593
8	0.01805	0.01642	0.02059	0.23248	0.10142	0.08462	0.01563	0.09392	0.01743	0.04590	0.01551	0.01919	0.03137	0.00832	0.00932	0.00221	0.11404	0.00628	0.02688	0.12042
9	0.04267	0.00978	0.01233	0.01145	0.01305	0.01133	0.00897	0.05336	0.01450	0.02197	0.06462	0.03121	0.07819	0.06848	0.26442	0.00596	0.12600	0.00829	0.14640	0.00705
10	0.01716	0.01961	0.04289	0.03064	0.03799	0.01838	0.67279	0.02328	0.01716	0.02328	0.01471	0.01961	0.01103	0.00613	0.00858	0.00245	0.01225	0.00858	0.00368	0.00980
11	0.01458	0.03760	0.70688	0.02072	0.03146	0.01688	0.02686	0.02302	0.01535	0.02302	0.01304	0.01535	0.00921	0.00691	0.00691	0.00230	0.01074	0.00537	0.00307	0.01074
12	0.01038	0.00779	0.01168	0.01168	0.01298	0.00909	0.00909	0.01298	0.01168	0.01687	0.01947	0.02856	0.01817	0.05452	0.71573	0.01168	0.01947	0.00779	0.00389	0.00649
13	0.01507	0.01292	0.01507	0.01077	0.01723	0.00969	0.00861	0.01830	0.01507	0.02369	0.01292	0.01507	0.01077	0.00538	0.00538	0.00108	0.00538	0.00431	0.00431	0.78898
14	0.01429	0.01207	0.01416	0.01083	0.01632	0.00947	0.00846	0.01791	0.04103	0.02320	0.01751	0.12068	0.01662	0.00808	0.00603	0.00140	0.00523	0.00683	0.00478	0.64510
15	0.79588	0.01406	0.01068	0.00956	0.01406	0.01631	0.00787	0.02137	0.01237	0.03261	0.01012	0.01181	0.00787	0.00675	0.00450	0.00225	0.00562	0.00394	0.00450	0.00787
16	0.01010	0.00736	0.00950	0.00910	0.01078	0.00676	0.00677	0.01331	0.01994	0.02796	0.61964	0.09618	0.10427	0.01554	0.00862	0.00234	0.00349	0.01372	0.00785	0.00676
17	0.01468	0.01230	0.01564	0.01885	0.16814	0.04948	0.01206	0.01938	0.07781	0.05705	0.14337	0.04905	0.17367	0.01367	0.00829	0.00250	0.00621	0.14312	0.00623	0.00849
18	0.00908	0.00704	0.00827	0.00869	0.01030	0.00623	0.00624	0.01110	0.01664	0.02152	0.20884	0.28574	0.33628	0.01900	0.00881	0.00258	0.00380	0.01657	0.00704	0.00623
19	0.00940	0.00729	0.00856	0.00847	0.01037	0.00644	0.00626	0.01191	0.01814	0.02390	0.35635	0.13181	0.34052	0.01723	0.00865	0.00243	0.00362	0.01488	0.00733	0.00644
20	0.01507	0.01292	0.01507	0.01077	0.01723	0.00969	0.00861	0.01830	0.01507	0.02369	0.01292	0.01507	0.01077	0.00538	0.00538	0.00108	0.00538	0.00431	0.00431	0.78898
21	0.01158	0.00832	0.01153	0.01314	0.01484	0.00827	0.01146	0.01487	0.01673	0.02167	0.03995	0.08149	0.06912	0.02001	0.00998	0.00331	0.00657	0.62379	0.00670	0.00667
22	0.21645	0.01908	0.15843	0.26870	0.10079	0.01678	0.05488	0.02079	0.01438	0.02384	0.01229	0.01637	0.00938	0.00710	0.00710	0.00235	0.03302	0.00571	0.00359	0.00900
23	0.02763	0.02036	0.02182	0.01672	0.02254	0.02254	0.01382	0.67496	0.03418	0.04581	0.01745	0.01745	0.01236	0.00873	0.00727	0.00218	0.00800	0.00654	0.00727	0.01236
24	0.01476	0.01397	0.02367	0.56195	0.20712	0.01642	0.02070	0.01948	0.01502	0.01982	0.01310	0.01904	0.01013	0.00708	0.00725	0.00236	0.00943	0.00646	0.00332	0.00891
25	0.01808	0.01561	0.01644	0.01479	0.01890	0.01808	0.01151	0.03863	0.68606	0.03041	0.02959	0.02712	0.02219	0.00986	0.00740	0.00247	0.00575	0.00822	0.00740	0.01151
26	0.19052	0.01204	0.01533	0.04359	0.01831	0.01191	0.04394	0.02595	0.04980	0.31917	0.02565	0.16933	0.02151	0.01118	0.00718	0.00242	0.00610	0.00941	0.00696	0.00970
27	0.01794	0.01740	0.03024	0.04385	0.66287	0.01733	0.05805	0.02236	0.01658	0.02372	0.01373	0.01808	0.01149	0.00646	0.00727	0.00217	0.00883	0.00659	0.00360	0.01142
28	0.01507	0.01292	0.01507	0.01077	0.01723	0.00969	0.00861	0.01830	0.01507	0.02369	0.01292	0.01507	0.01077	0.00538	0.00538	0.00108	0.00538	0.00431	0.00431	0.78898
29	0.01056	0.00709	0.00815	0.00815	0.00823	0.00717	0.00468	0.01071	0.01064	0.01426	0.02270	0.04645	0.02594	0.70396	0.07691	0.00732	0.00778	0.01041	0.00437	0.00453
30	0.01601	0.01506	0.01981	0.20493	0.08120	0.06575	0.01541	0.05800	0.03742	0.02099	0.01634	0.09686	0.01521	0.01224	0.03391	0.00288	0.22915	0.00797	0.04248	0.00836
31	0.01808	0.01561	0.01644	0.01479	0.01890	0.01808	0.01151	0.03863	0.68606	0.03041	0.02959	0.02712	0.02219	0.00986	0.00740	0.00247	0.00575	0.00822	0.00740	0.01151
32	0.01808	0.01561	0.01644	0.01479	0.01890	0.01808	0.01151	0.03863	0.68606	0.03041	0.02959	0.02712	0.02219	0.00986	0.00740	0.00247	0.00575	0.00822	0.00740	0.01151
33	0.02715	0.03464	0.02060	0.01873	0.02247	0.71536	0.01404	0.02903	0.02060	0.01779	0.01124	0.01311	0.00936	0.00749	0.00655	0.00187	0.01311	0.00468	0.00375	0.00843
34	0.00893	0.00638	0.00850	0.01007	0.01056	0.00595	0.00675	0.01031	0.01426	0.01910	0.07394	0.70436	0.04914	0.02236	0.00924	0.00292	0.00418	0.02028	0.00681	0.00595
35	0.00966	0.00741	0.00885	0.00849	0.01048	0.00659	0.00637	0.01251	0.01910	0.02565	0.46685	0.06005	0.29928	0.01616	0.00858	0.00235	0.00352	0.01395	0.00754	0.00659
36	0.00999	0.00742	0.00931	0.00884	0.01068	0.00673	0.00663	0.01315	0.01988	0.02751	0.58788	0.05700	0.17709	0.01547	0.00858	0.00232	0.00347	0.01353	0.00779	0.00673
37	0.01055	0.00707	0.00803	0.00800	0.00810	0.00704	0.00455	0.01076	0.01117	0.01499	0.06308	0.04797	0.02895	0.70094	0.03530	0.00676	0.00683	0.01072	0.00462	0.00455
38	0.02752	0.01149	0.01535	0.01248	0.01712	0.01025	0.01001	0.03111	0.05637	0.54194	0.05793	0.12759	0.02459	0.01124	0.00765	0.00236	0.00577	0.00950	0.00855	0.01118
39	0.01648	0.01455	0.01577	0.01155	0.01783	0.04922	0.00922	0.05751	0.01650	0.02466	0.01309	0.01511	0.01078	0.00570	0.00556	0.00119	0.00596	0.00446	0.00445	0.70042
40	0.18149	0.04459	0.29846	0.04924	0.11604	0.01727	0.10555	0.02262	0.01511	0.04508	0.01301	0.01586	0.00976	0.00694	0.00711	0.00230	0.03021	0.00572	0.00371	0.00994
41	0.15683	0.02568	0.01863	0.01626	0.02040	0.39793	0.04064	0.09667	0.04766	0.02452	0.01672	0.01802	0.05135	0.00822	0.00648	0.00205	0.01008	0.00577	0.02733	0.00876
42	0.10613	0.01514	0.01345	0.01209	0.01502	0.14938	0.00924	0.07777	0.04790	0.04859	0.33487	0.05570	0.03966	0.03384	0.00839	0.00236	0.00630	0.00960	0.00656	0.00803
43	0.02328	0.05792	0.02115	0.01562	0.02064	0.01804	0.04843	0.31974	0.05037	0.13137	0.01960	0.06349	0.01546	0.01123	0.03746	0.00258	0.05041	0.00740	0.00642	0.07938
44	0.08899	0.18746	0.02317	0.03652	0.05373	0.24803	0.01293	0.11775	0.05454	0.02489	0.07317	0.01806	0.01565	0.00803	0.00633	0.00197	0.00898	0.00577	0.00471	0.00931
45	0.13266	0.27936	0.21399	0.01511	0.02198	0.06228	0.01579	0.06264	0.06465	0.05044	0.01354	0.01475	0.01053	0.00708	0.00582	0.00201	0.00840	0.00495	0.00412	0.00991
46	0.05635	0.03908	0.05720	0.01326	0.01650	0.01589	0.01139	0.19465	0.01939	0.02947	0.04615	0.02130	0.01567	0.01005	0.01051	0.03222	0.15002	0.00657	0.24560	0.00876

[dist]
# distance from previous block
# <min> <max>
0	1

[block]
# block no. 6 follows, 28 sequences, length 73
# corresponding to MSA columns:
# 236-308
name=unknown_G
#
# <colnr> <probs for GDERKNQSTAVLIFYWHMCP>
#	G	D	E	R	K	N	Q	S	T	A	V	L	I	F	Y	W	H	M	C	P
0	0.15972	0.37668	0.15310	0.01606	0.06745	0.04527	0.01504	0.05450	0.01571	0.02289	0.01129	0.01313	0.00934	0.00662	0.00541	0.00190	0.00817	0.00450	0.00361	0.00959
1	0.08040	0.16789	0.02163	0.04860	0.02003	0.17950	0.01237	0.07912	0.06356	0.06640	0.01518	0.01756	0.01230	0.01321	0.08674	0.00314	0.06342	0.00567	0.03423	0.00903
2	0.11513	0.17751	0.02428	0.07063	0.06905	0.14959	0.01392	0.24493	0.02226	0.02939	0.01327	0.01493	0.01037	0.00746	0.00625	0.00202	0.00878	0.00531	0.00485	0.01008
3	0.01070	0.00704	0.00788	0.00788	0.00795	0.00704	0.00443	0.01085	0.01077	0.01465	0.02294	0.04669	0.02609	0.71283	0.03562	0.00682	0.00689	0.01041	0.03803	0.00451
4	0.01152	0.00779	0.00960	0.00893	0.01115	0.00695	0.00677	0.01445	0.01945	0.07824	0.46708	0.05649	0.24352	0.01542	0.00848	0.00233	0.00371	0.01332	0.00772	0.00708
5	0.02817	0.01170	0.01561	0.01248	0.01740	0.01038	0.01023	0.03175	0.04832	0.55975	0.08222	0.03194	0.05559	0.01045	0.00760	0.00232	0.00586	0.03825	0.00864	0.01135
6	0.01802	0.01565	0.01948	0.01643	0.01844	0.04852	0.03422	0.15699	0.01726	0.02501	0.01448	0.01910	0.01235	0.01502	0.08575	0.00353	0.34837	0.00660	0.11612	0.00865
7	0.79588	0.01406	0.01068	0.00956	0.01406	0.01631	0.00787	0.02137	0.01237	0.03261	0.01012	0.01181	0.00787	0.00675	0.00450	0.00225	0.00562	0.00394	0.00450	0.00787
8	0.01852	0.61456	0.16441	0.01400	0.02108	0.02652	0.01516	0.02200	0.01488	0.01822	0.01066	0.01236	0.00931	0.00635	0.00509	0.00170	0.00833	0.00417	0.00310	0.00960
9	0.03261	0.01237	0.01687	0.01293	0.01856	0.01068	0.01068	0.03543	0.02081	0.70423	0.02868	0.02474	0.01799	0.00900	0.00731	0.00225	0.00619	0.00731	0.00900	0.01237
10	0.00900	0.00643	0.00860	0.01028	0.01077	0.00603	0.00699	0.01037	0.01406	0.01871	0.03999	0.70726	0.04777	0.02264	0.00932	0.00297	0.00434	0.05180	0.00674	0.00594
11	0.00859	0.00736	0.00736	0.00736	0.00982	0.00614	0.00552	0.01043	0.01657	0.01964	0.07364	0.06996	0.69624	0.01841	0.00859	0.00245	0.00368	0.01534	0.00675	0.00614
12	0.00999	0.00742	0.00931	0.00883	0.01068	0.00673	0.00663	0.01314	0.01988	0.02749	0.58676	0.05703	0.17822	0.01548	0.00858	0.00232	0.00347	0.01353	0.00778	0.00673
13	0.01943	0.74891	0.03809	0.01244	0.01866	0.02876	0.01244	0.02177	0.01477	0.01710	0.01011	0.01166	0.00933	0.00622	0.00466	0.00155	0.00777	0.00389	0.00311	0.00933
14	0.01507	0.01292	0.01507	0.01077	0.01723	0.00969	0.00861	0.01830	0.01507	0.02369	0.01292	0.01507	0.01077	0.00538	0.00538	0.00108	0.00538	0.00431	0.00431	0.78898
15	0.79588	0.01406	0.01068	0.00956	0.01406	0.01631	0.00787	0.02137	0.01237	0.03261	0.01012	0.01181	0.00787	0.00675	0.00450	0.00225	0.00562	0.00394	0.00450	0.00787
16	0.01355	0.00678	0.00678	0.00678	0.00847	0.00678	0.00508	0.01694	0.01524	0.02710	0.02371	0.02710	0.01863	0.00847	0.00508	0.00169	0.00339	0.00678	0.78489	0.00678
17	0.01457	0.01387	0.02151	0.23396	0.13499	0.04764	0.09302	0.03950	0.01576	0.02075	0.02119	0.23191	0.02156	0.01192	0.00877	0.00254	0.04283	0.01083	0.00454	0.00833
18	0.02412	0.01795	0.02018	0.01606	0.02059	0.02033	0.01313	0.48340	0.05152	0.05785	0.01772	0.01988	0.01357	0.04078	0.06793	0.00326	0.08730	0.00686	0.00650	0.01107
19	0.01865	0.07196	0.29836	0.04819	0.16913	0.01730	0.07962	0.04540	0.04918	0.10920	0.01603	0.01799	0.01170	0.00718	0.00707	0.00224	0.00931	0.00625	0.00433	0.01093
20	0.01315	0.00951	0.01136	0.01087	0.01206	0.01016	0.00765	0.11537	0.01543	0.02080	0.02573	0.19584	0.02836	0.34574	0.07691	0.00537	0.04138	0.04249	0.00539	0.00642
21	0.01559	0.01556	0.02052	0.01791	0.01829	0.05448	0.01474	0.01736	0.01169	0.01741	0.01118	0.01775	0.01089	0.01902	0.13148	0.00445	0.58412	0.00650	0.00332	0.00775
22	0.11960	0.05397	0.30358	0.02069	0.13627	0.01529	0.04017	0.02053	0.01609	0.02502	0.12574	0.02420	0.05193	0.00859	0.00694	0.00225	0.00811	0.00714	0.00434	0.00955
23	0.01498	0.03478	0.60277	0.02227	0.03248	0.01712	0.12813	0.02306	0.01563	0.02306	0.01331	0.01601	0.00949	0.00678	0.00717	0.00233	0.01098	0.00587	0.00316	0.01060
24	0.00886	0.00633	0.00843	0.01012	0.01054	0.00590	0.00675	0.01012	0.01392	0.01856	0.04006	0.73979	0.04808	0.02277	0.00928	0.00295	0.00422	0.02066	0.00675	0.00590
25	0.07709	0.01781	0.12311	0.07771	0.30485	0.01489	0.04471	0.02209	0.01617	0.09916	0.01859	0.09045	0.01631	0.00904	0.00734	0.00235	0.00815	0.03540	0.00461	0.01016
26	0.04019	0.05309	0.19346	0.03450	0.39570	0.01779	0.11570	0.02257	0.01615	0.02349	0.01342	0.01714	0.01069	0.00653	0.00714	0.00221	0.00953	0.00633	0.00349	0.01088
27	0.00896	0.00738	0.00787	0.00775	0.01004	0.00629	0.00581	0.01114	0.01743	0.02169	0.20771	0.06658	0.56089	0.01764	0.00859	0.00242	0.00363	0.01487	0.00702	0.00629
28	0.01084	0.00765	0.00934	0.00878	0.01091	0.00682	0.00663	0.01375	0.01936	0.05853	0.47336	0.05767	0.25809	0.01567	0.00852	0.00234	0.00364	0.01354	0.00767	0.00690
29	0.02704	0.12526	0.02048	0.01381	0.01911	0.05740	0.01150	0.07214	0.15703	0.38280	0.02437	0.02214	0.01670	0.00865	0.00688	0.00216	0.00685	0.00678	0.00737	0.01150
30	0.02976	0.01218	0.01604	0.01250	0.01765	0.01092	0.01026	0.07182	0.02118	0.57926	0.05962	0.02590	0.02013	0.00922	0.00720	0.00220	0.00595	0.00750	0.06905	0.01167
31	0.00886	0.00633	0.00843	0.01012	0.01054	0.00590	0.00675	0.01012	0.01392	0.01856	0.04006	0.73979	0.04808	0.02277	0.00928	0.00295	0.00422	0.02066	0.00675	0.00590
32	0.01552	0.01318	0.01531	0.01098	0.01741	0.01014	0.00880	0.04143	0.01575	0.02447	0.01308	0.01516	0.01082	0.00550	0.00545	0.00112	0.00548	0.00439	0.00441	0.76162
33	0.01409	0.01407	0.04849	0.60417	0.07243	0.01588	0.05208	0.01904	0.01481	0.01959	0.01356	0.01955	0.01024	0.00722	0.00721	0.00237	0.00951	0.00654	0.04080	0.00834
34	0.01757	0.01684	0.02875	0.11185	0.63525	0.01716	0.02210	0.02194	0.01635	0.02324	0.01360	0.01813	0.01133	0.00655	0.00720	0.00218	0.00874	0.00648	0.00356	0.01118
35	0.00885	0.00637	0.00839	0.01001	0.01051	0.00591	0.00670	0.01013	0.01402	0.01860	0.04142	0.71277	0.07423	0.02260	0.00925	0.00293	0.00420	0.02045	0.00675	0.00591
36	0.00932	0.00734	0.00841	0.00825	0.01029	0.00643	0.00615	0.01181	0.01814	0.02362	0.33571	0.09548	0.39892	0.01711	0.00862	0.00241	0.00360	0.01467	0.00728	0.00643
37	0.01023	0.00743	0.00963	0.00908	0.01082	0.00683	0.00681	0.01360	0.02043	0.02881	0.67297	0.05486	0.09119	0.01499	0.00857	0.00229	0.00344	0.01322	0.00796	0.00683
38	0.01050	0.00702	0.00795	0.00801	0.00803	0.00700	0.00450	0.01055	0.01070	0.01427	0.02358	0.07494	0.02728	0.71599	0.03590	0.00689	0.00694	0.01097	0.00450	0.00446
