[name]
unknown

[dist]
# distance from previous block
# <min> <max>
1	7

[block]
# block no. 0 follows, 28 sequences, length 14
# corresponding to MSA columns:
# 7-20
name=unknown_A
#
# <colnr> <probs for GDERKNQSTAVLIFYWHMCP>
#	G	D	E	R	K	N	Q	S	T	A	V	L	I	F	Y	W	H	M	C	P
0	0.01334	0.01018	0.01205	0.01090	0.01376	0.00938	0.00805	0.10068	0.01696	0.02357	0.05371	0.29986	0.05300	0.09901	0.01115	0.00279	0.00539	0.03436	0.00594	0.21593
1	0.08531	0.01686	0.02024	0.14416	0.07176	0.01831	0.01425	0.32844	0.05038	0.08128	0.01661	0.01803	0.01208	0.00790	0.00687	0.00214	0.00769	0.00622	0.00592	0.08556
2	0.17008	0.01527	0.01813	0.24027	0.02827	0.01720	0.01367	0.24310	0.02080	0.03086	0.01640	0.01974	0.03461	0.03583	0.00776	0.00238	0.00770	0.00630	0.00510	0.06651
3	0.10629	0.01170	0.01760	0.41891	0.07290	0.01369	0.01541	0.01724	0.01474	0.02136	0.06984	0.14991	0.02096	0.01052	0.00739	0.00247	0.00768	0.00921	0.00440	0.00777
4	0.01284	0.00905	0.01007	0.00951	0.01046	0.00943	0.00609	0.08485	0.06061	0.01899	0.02394	0.08982	0.02607	0.56406	0.02981	0.00592	0.00687	0.01065	0.00508	0.00587
5	0.02503	0.01769	0.01950	0.01527	0.02036	0.01912	0.01243	0.52177	0.03000	0.07723	0.05547	0.04863	0.01711	0.01037	0.00845	0.04281	0.00733	0.00742	0.00707	0.03692
6	0.00973	0.00698	0.00789	0.00822	0.00893	0.00659	0.00515	0.01045	0.01275	0.01638	0.03913	0.19070	0.20000	0.41770	0.02431	0.00507	0.00563	0.01378	0.00546	0.00514
7	0.01023	0.00690	0.00803	0.00836	0.00844	0.00682	0.00487	0.01048	0.01123	0.01497	0.02629	0.18412	0.03070	0.60216	0.03153	0.00624	0.00649	0.01256	0.00487	0.00470
8	0.65419	0.01583	0.01237	0.04765	0.01686	0.07601	0.00920	0.02267	0.04411	0.03052	0.01125	0.01301	0.00875	0.00698	0.00495	0.00224	0.00648	0.00433	0.00450	0.00810
9	0.25688	0.01214	0.01199	0.01102	0.01437	0.01311	0.00869	0.11433	0.08661	0.02878	0.05451	0.11625	0.14733	0.03661	0.00811	0.00262	0.00551	0.05684	0.00616	0.00812
10	0.53833	0.01364	0.01199	0.01079	0.01491	0.01544	0.00863	0.05336	0.10233	0.06145	0.01711	0.09393	0.01479	0.00909	0.00565	0.00235	0.00562	0.00659	0.00545	0.00854
11	0.26673	0.13701	0.04177	0.01283	0.01792	0.06690	0.01108	0.12735	0.05707	0.11824	0.04380	0.01901	0.03588	0.00820	0.00601	0.00212	0.00698	0.00586	0.00557	0.00966
12	0.20569	0.03852	0.01855	0.06381	0.02128	0.01889	0.01208	0.36084	0.02467	0.10571	0.01660	0.01824	0.01226	0.04225	0.00793	0.00243	0.00733	0.00612	0.00626	0.01055
13	0.08634	0.06001	0.06666	0.08642	0.02257	0.15940	0.01326	0.13565	0.05618	0.06483	0.02267	0.02350	0.10117	0.00919	0.00724	0.00215	0.02644	0.00689	0.00519	0.04424

[dist]
# distance from previous block
# <min> <max>
5	22

[block]
# block no. 1 follows, 28 sequences, length 32
# corresponding to MSA columns:
# 43-74
name=unknown_B
#
# <colnr> <probs for GDERKNQSTAVLIFYWHMCP>
#	G	D	E	R	K	N	Q	S	T	A	V	L	I	F	Y	W	H	M	C	P
0	0.02142	0.13469	0.15635	0.01688	0.04195	0.07079	0.01550	0.25320	0.05991	0.05198	0.01698	0.05722	0.01370	0.00852	0.00677	0.00209	0.00836	0.00657	0.00533	0.05181
1	0.05132	0.02222	0.28291	0.01962	0.11456	0.03676	0.01757	0.01922	0.01574	0.02321	0.10592	0.13618	0.02350	0.01068	0.00829	0.00236	0.04864	0.00889	0.00453	0.04788
2	0.01335	0.04721	0.05194	0.01130	0.01426	0.00960	0.02667	0.04500	0.01720	0.07776	0.16999	0.25887	0.12308	0.04845	0.00947	0.00263	0.00527	0.01341	0.00650	0.04805
3	0.01855	0.01638	0.02407	0.02252	0.13774	0.05208	0.16361	0.12818	0.06732	0.05756	0.07421	0.09110	0.02118	0.04272	0.00908	0.00249	0.00821	0.00899	0.00546	0.04855
4	0.01507	0.01292	0.01507	0.01077	0.01723	0.00969	0.00861	0.01830	0.01507	0.02369	0.01292	0.01507	0.01077	0.00538	0.00538	0.00108	0.00538	0.00431	0.00431	0.78898
5	0.05483	0.01647	0.01998	0.01640	0.02082	0.01842	0.08153	0.19408	0.32892	0.03230	0.05279	0.02468	0.01951	0.03913	0.00943	0.00260	0.04301	0.00786	0.00654	0.01070
6	0.00896	0.00653	0.00846	0.00997	0.01067	0.00604	0.00684	0.01038	0.01434	0.01882	0.04368	0.63657	0.11900	0.02217	0.00924	0.00292	0.00427	0.04845	0.00675	0.00597
7	0.01928	0.01762	0.02800	0.03980	0.58395	0.01800	0.02078	0.11004	0.04342	0.02694	0.01476	0.01825	0.01202	0.00690	0.00721	0.00217	0.00845	0.00655	0.00423	0.01163
8	0.00933	0.00668	0.00889	0.01009	0.01086	0.00625	0.00705	0.01117	0.01551	0.02102	0.18140	0.55506	0.05215	0.02091	0.00917	0.00283	0.00419	0.05426	0.00702	0.00615
9	0.01576	0.04901	0.28725	0.12913	0.03671	0.01783	0.31414	0.02244	0.01602	0.02229	0.01367	0.01773	0.01010	0.00659	0.00763	0.00236	0.01117	0.00692	0.00337	0.00988
10	0.01947	0.01497	0.01639	0.01412	0.01857	0.01627	0.01108	0.09501	0.45546	0.09147	0.02718	0.06458	0.02112	0.00992	0.00727	0.00230	0.00588	0.00826	0.00717	0.09352
11	0.01943	0.74891	0.03809	0.01244	0.01866	0.02876	0.01244	0.02177	0.01477	0.01710	0.01011	0.01166	0.00933	0.00622	0.00466	0.00155	0.00777	0.00389	0.00311	0.00933
12	0.01665	0.01590	0.02708	0.25917	0.49512	0.01692	0.02164	0.02113	0.01592	0.02212	0.01344	0.01843	0.01094	0.00673	0.00722	0.00224	0.00897	0.00647	0.00348	0.01043
13	0.01816	0.29769	0.23668	0.02064	0.06474	0.08315	0.13934	0.02309	0.01600	0.02045	0.01213	0.01471	0.00973	0.00653	0.00637	0.00201	0.01001	0.00541	0.00329	0.00988
14	0.01029	0.00743	0.00972	0.00914	0.01086	0.00686	0.00686	0.01372	0.02058	0.02915	0.69536	0.05430	0.06859	0.01486	0.00857	0.00229	0.00343	0.01315	0.00800	0.00686
15	0.01039	0.00775	0.01147	0.01147	0.01270	0.00897	0.00882	0.01284	0.01162	0.01672	0.01966	0.02963	0.01864	0.09341	0.67748	0.01142	0.01877	0.00795	0.00392	0.00637
16	0.01393	0.01305	0.02155	0.69312	0.04858	0.01624	0.01977	0.01953	0.04654	0.01914	0.01371	0.01975	0.01029	0.00739	0.00727	0.00242	0.00950	0.00654	0.00343	0.00824
17	0.01507	0.01292	0.01507	0.01077	0.01723	0.00969	0.00861	0.01830	0.01507	0.02369	0.01292	0.01507	0.01077	0.00538	0.00538	0.00108	0.00538	0.00431	0.00431	0.78898
18	0.79588	0.01406	0.01068	0.00956	0.01406	0.01631	0.00787	0.02137	0.01237	0.03261	0.01012	0.01181	0.00787	0.00675	0.00450	0.00225	0.00562	0.00394	0.00450	0.00787
19	0.01920	0.71447	0.07048	0.01284	0.01928	0.02819	0.01314	0.02183	0.01480	0.01739	0.01025	0.01184	0.00932	0.00625	0.00477	0.00159	0.00792	0.00396	0.00311	0.00940
20	0.01967	0.01600	0.04561	0.01384	0.01957	0.01446	0.03242	0.22669	0.05321	0.06697	0.01783	0.05448	0.01467	0.03934	0.00789	0.00200	0.00672	0.00662	0.00570	0.33632
21	0.00959	0.00740	0.00875	0.00841	0.01043	0.00656	0.00631	0.01237	0.01893	0.02524	0.43994	0.06073	0.32644	0.01632	0.00858	0.00236	0.00353	0.01405	0.00749	0.00656
22	0.01174	0.00898	0.01034	0.00997	0.01164	0.00926	0.00705	0.01738	0.15707	0.02239	0.19907	0.09372	0.11289	0.23894	0.05420	0.00433	0.00595	0.01180	0.00634	0.00693
23	0.01091	0.00762	0.00932	0.00886	0.01094	0.00680	0.00665	0.01371	0.01904	0.06213	0.43816	0.09153	0.25532	0.01601	0.00855	0.00237	0.00369	0.01387	0.00761	0.00689
24	0.01887	0.01601	0.01688	0.01495	0.01920	0.01845	0.01170	0.09115	0.63225	0.03168	0.02858	0.02632	0.02138	0.00977	0.00739	0.00244	0.00594	0.00808	0.00739	0.01158
25	0.00898	0.00733	0.00793	0.00788	0.01008	0.00629	0.00587	0.01115	0.01734	0.02169	0.20969	0.09508	0.52978	0.01781	0.00862	0.00244	0.00365	0.01508	0.00703	0.00629
26	0.01522	0.07483	0.57501	0.02167	0.03167	0.01776	0.11795	0.02299	0.01557	0.02273	0.01312	0.01575	0.00947	0.00676	0.00702	0.00228	0.01079	0.00574	0.00316	0.01053
27	0.00895	0.00738	0.00786	0.00774	0.01004	0.00629	0.00580	0.01112	0.01741	0.02164	0.20456	0.06666	0.56407	0.01766	0.00859	0.00242	0.00363	0.01488	0.00701	0.00629
28	0.10682	0.01573	0.04992	0.05877	0.12580	0.01592	0.04008	0.18703	0.02039	0.07002	0.05340	0.02104	0.01571	0.00838	0.00747	0.00219	0.04208	0.00670	0.14275	0.00981
29	0.02448	0.02944	0.01926	0.01750	0.02103	0.55355	0.01325	0.05666	0.05592	0.01962	0.01359	0.01609	0.01135	0.01386	0.09988	0.00321	0.01332	0.00537	0.00412	0.00852
30	0.01832	0.01451	0.01658	0.01212	0.01841	0.01249	0.00980	0.16025	0.01936	0.04933	0.01438	0.01588	0.01133	0.00621	0.00585	0.00135	0.00597	0.00488	0.00509	0.59789
31	0.01979	0.05485	0.01802	0.01389	0.01801	0.04441	0.01116	0.17911	0.12417	0.07812	0.05063	0.07283	0.01918	0.03114	0.00947	0.00229	0.07902	0.00769	0.03119	0.13502

[dist]
# distance from previous block
# <min> <max>
1	15

[block]
# block no. 2 follows, 28 sequences, length 33
# corresponding to MSA columns:
# 90-122
name=unknown_C
#
# <colnr> <probs for GDERKNQSTAVLIFYWHMCP>
#	G	D	E	R	K	N	Q	S	T	A	V	L	I	F	Y	W	H	M	C	P
0	0.06369	0.05439	0.09327	0.03754	0.02039	0.20522	0.01310	0.12002	0.03716	0.06366	0.08666	0.13087	0.02241	0.01074	0.00721	0.00223	0.00840	0.00856	0.00547	0.00902
1	0.01584	0.01075	0.01246	0.03663	0.01511	0.01037	0.00841	0.10448	0.01745	0.04693	0.02090	0.02387	0.03792	0.01364	0.09303	0.00289	0.00683	0.00650	0.29967	0.21631
2	0.02701	0.01999	0.02148	0.01643	0.02228	0.02190	0.01356	0.64218	0.03322	0.04471	0.01723	0.01733	0.01228	0.00856	0.00718	0.00213	0.00787	0.00643	0.00712	0.05112
3	0.00925	0.00661	0.00832	0.00943	0.00999	0.00620	0.00620	0.01043	0.01383	0.01834	0.07448	0.51592	0.09551	0.16263	0.01459	0.00368	0.00468	0.01788	0.00636	0.00568
4	0.00886	0.00633	0.00843	0.01012	0.01054	0.00590	0.00675	0.01012	0.01392	0.01856	0.04006	0.73979	0.04808	0.02277	0.00928	0.00295	0.00422	0.02066	0.00675	0.00590
5	0.00960	0.00744	0.00882	0.00894	0.01089	0.00665	0.00685	0.01216	0.01785	0.02325	0.29084	0.11295	0.34446	0.01764	0.00881	0.00254	0.00400	0.09269	0.00719	0.00645
6	0.01489	0.06395	0.65610	0.02129	0.05590	0.01735	0.02614	0.02295	0.01537	0.02282	0.01296	0.01531	0.00930	0.00686	0.00683	0.00227	0.01055	0.00536	0.00309	0.01072
7	0.01642	0.01489	0.02390	0.39160	0.26510	0.01676	0.01986	0.08353	0.01724	0.02313	0.01489	0.02185	0.01217	0.00778	0.00738	0.00236	0.00902	0.03861	0.00392	0.00959
8	0.00886	0.00633	0.00843	0.01012	0.01054	0.00590	0.00675	0.01012	0.01392	0.01856	0.04006	0.73979	0.04808	0.02277	0.00928	0.00295	0.00422	0.02066	0.00675	0.00590
9	0.28170	0.01681	0.01743	0.09428	0.02219	0.01903	0.01216	0.35312	0.02383	0.03749	0.01477	0.01622	0.01084	0.00789	0.00625	0.00221	0.00719	0.00568	0.04079	0.01013
10	0.01057	0.00705	0.00793	0.00793	0.00793	0.00705	0.00440	0.01057	0.01057	0.01409	0.02290	0.04757	0.02643	0.74454	0.03700	0.00705	0.00705	0.01057	0.00440	0.00440
11	0.01458	0.03760	0.70688	0.02072	0.03146	0.01688	0.02686	0.02302	0.01535	0.02302	0.01304	0.01535	0.00921	0.00691	0.00691	0.00230	0.01074	0.00537	0.00307	0.01074
12	0.01053	0.00763	0.00883	0.00882	0.01102	0.00678	0.00684	0.01301	0.01752	0.04848	0.20728	0.08902	0.38850	0.01716	0.00859	0.00251	0.00411	0.09472	0.04204	0.00663
13	0.01621	0.01541	0.02567	0.14930	0.51449	0.01578	0.02000	0.02032	0.01623	0.02244	0.02060	0.02432	0.09164	0.00800	0.00737	0.00224	0.00822	0.00752	0.00391	0.01033
14	0.79588	0.01406	0.01068	0.00956	0.01406	0.01631	0.00787	0.02137	0.01237	0.03261	0.01012	0.01181	0.00787	0.00675	0.00450	0.00225	0.00562	0.00394	0.00450	0.00787
15	0.00923	0.00745	0.00825	0.00838	0.01041	0.00659	0.00615	0.01183	0.03715	0.02151	0.17938	0.17949	0.45195	0.01825	0.00867	0.00251	0.00379	0.01563	0.00700	0.00639
16	0.01486	0.03566	0.63536	0.02179	0.03216	0.01704	0.09643	0.02305	0.01554	0.02305	0.01322	0.01581	0.00940	0.00682	0.00709	0.00232	0.01091	0.00572	0.00313	0.01064
17	0.01768	0.01696	0.02895	0.09399	0.65223	0.01719	0.02216	0.02204	0.01641	0.02337	0.01362	0.01809	0.01138	0.00653	0.00720	0.00218	0.00871	0.00648	0.00357	0.01127
18	0.00918	0.00636	0.00832	0.00989	0.01040	0.00596	0.00663	0.01059	0.01401	0.01914	0.03895	0.69128	0.04607	0.02180	0.00899	0.00287	0.00416	0.01972	0.05972	0.00596
19	0.01917	0.71076	0.07396	0.01288	0.01934	0.02813	0.01321	0.02183	0.01480	0.01742	0.01026	0.01186	0.00932	0.00626	0.00478	0.00159	0.00793	0.00397	0.00311	0.00940
20	0.01935	0.01506	0.01625	0.01387	0.01817	0.01651	0.01097	0.18328	0.36589	0.06303	0.07900	0.03085	0.09315	0.01069	0.00752	0.00234	0.00591	0.00878	0.00733	0.03205
21	0.01707	0.01934	0.04140	0.02980	0.03662	0.01866	0.62527	0.02287	0.01672	0.02287	0.01433	0.01934	0.01092	0.00660	0.00968	0.00250	0.06427	0.00842	0.00364	0.00967
22	0.01263	0.00631	0.00947	0.00947	0.00947	0.00631	0.00631	0.00947	0.00947	0.01263	0.01263	0.02210	0.01263	0.02525	0.02841	0.78851	0.00631	0.00631	0.00316	0.00316
23	0.01055	0.00711	0.00825	0.00825	0.00836	0.00722	0.00481	0.01078	0.01067	0.01433	0.02261	0.04593	0.02572	0.68507	0.09549	0.00745	0.00812	0.01033	0.00436	0.00458
24	0.02681	0.01596	0.01845	0.01459	0.01981	0.01662	0.01190	0.30877	0.12629	0.27589	0.06832	0.02394	0.01957	0.00940	0.00739	0.00226	0.00672	0.00751	0.00795	0.01187
25	0.01808	0.01561	0.01644	0.01479	0.01890	0.01808	0.01151	0.03863	0.68606	0.03041	0.02959	0.02712	0.02219	0.00986	0.00740	0.00247	0.00575	0.00822	0.00740	0.01151
26	0.01683	0.01821	0.03579	0.02617	0.03226	0.01801	0.47948	0.02291	0.05529	0.02297	0.01471	0.01910	0.01146	0.00715	0.01023	0.00241	0.10713	0.00783	0.00389	0.08821
27	0.01799	0.01727	0.02950	0.04462	0.69919	0.01727	0.02231	0.02231	0.01655	0.02375	0.01367	0.01799	0.01151	0.00648	0.00720	0.00216	0.00864	0.00648	0.00360	0.01151
28	0.01615	0.01335	0.01541	0.01145	0.01739	0.01098	0.00911	0.09763	0.01731	0.02601	0.01544	0.06780	0.01366	0.00705	0.00589	0.00135	0.00562	0.00576	0.00484	0.63780
29	0.01716	0.01235	0.01418	0.01282	0.01578	0.01304	0.00978	0.24989	0.07194	0.05429	0.04901	0.33432	0.06124	0.01684	0.02905	0.00283	0.00615	0.01341	0.00701	0.00891
30	0.01688	0.06331	0.01721	0.01149	0.01763	0.01187	0.00941	0.03929	0.01585	0.06639	0.01374	0.01555	0.01113	0.00602	0.00616	0.00129	0.03099	0.00461	0.00457	0.63663
31	0.46897	0.18716	0.04527	0.05038	0.01899	0.06686	0.03044	0.02195	0.01386	0.02661	0.01059	0.01263	0.00855	0.00669	0.00504	0.00208	0.00724	0.00430	0.00398	0.00842
32	0.02421	0.01844	0.02054	0.01760	0.06705	0.02014	0.01332	0.48176	0.11313	0.03951	0.01884	0.02037	0.01430	0.05163	0.00894	0.00245	0.00759	0.00689	0.00674	0.04658

[dist]
# distance from previous block
# <min> <max>
0	2

[block]
# block no. 3 follows, 28 sequences, length 100
# corresponding to MSA columns:
# 125-224
name=unknown_D
#
# <colnr> <probs for GDERKNQSTAVLIFYWHMCP>
#	G	D	E	R	K	N	Q	S	T	A	V	L	I	F	Y	W	H	M	C	P
0	0.14212	0.01744	0.03217	0.02602	0.09104	0.01775	0.39402	0.02233	0.03934	0.02435	0.01503	0.04943	0.01244	0.00772	0.00918	0.00248	0.07581	0.00795	0.00402	0.00937
1	0.01477	0.01363	0.02237	0.63986	0.09606	0.01657	0.02001	0.05334	0.01571	0.02038	0.01321	0.01918	0.00996	0.00729	0.00726	0.00239	0.00952	0.00647	0.00347	0.00855
2	0.01408	0.01328	0.02244	0.67027	0.10409	0.01624	0.02036	0.01888	0.01470	0.01900	0.01298	0.01926	0.00984	0.00720	0.00726	0.00240	0.00960	0.00646	0.00326	0.00836
3	0.79588	0.01406	0.01068	0.00956	0.01406	0.01631	0.00787	0.02137	0.01237	0.03261	0.01012	0.01181	0.00787	0.00675	0.00450	0.00225	0.00562	0.00394	0.00450	0.00787
4	0.01471	0.03683	0.68137	0.02162	0.05660	0.01690	0.02669	0.02299	0.01539	0.02305	0.01307	0.01545	0.00929	0.00689	0.00692	0.00230	0.01066	0.00541	0.00309	0.01077
5	0.01344	0.01225	0.01752	0.04239	0.01740	0.01625	0.01292	0.01548	0.01145	0.01715	0.01410	0.02230	0.01362	0.05936	0.29403	0.00663	0.39584	0.00710	0.00351	0.00724
6	0.01203	0.00814	0.00999	0.00935	0.01168	0.00742	0.00718	0.01554	0.04142	0.08330	0.41964	0.05635	0.23202	0.01539	0.00850	0.00238	0.00395	0.04077	0.00767	0.00728
7	0.01057	0.00705	0.00793	0.00793	0.00793	0.00705	0.00440	0.01057	0.01057	0.01409	0.02290	0.04757	0.02643	0.74454	0.03700	0.00705	0.00705	0.01057	0.00440	0.00440
8	0.01011	0.00727	0.00983	0.01138	0.01245	0.00699	0.00882	0.01235	0.01543	0.02031	0.06268	0.41395	0.06870	0.02121	0.00955	0.00308	0.00522	0.28762	0.00677	0.00628
9	0.01797	0.56645	0.17151	0.01394	0.02083	0.02521	0.01505	0.02160	0.01519	0.01893	0.04671	0.01464	0.01242	0.00681	0.00532	0.00174	0.00814	0.00467	0.00336	0.00948
10	0.04515	0.01562	0.01463	0.01233	0.01594	0.09580	0.00966	0.26817	0.02284	0.05204	0.02162	0.02457	0.04365	0.06362	0.00865	0.00236	0.00671	0.00701	0.26054	0.00909
11	0.02537	0.01835	0.01997	0.01574	0.02091	0.02011	0.01282	0.55748	0.05088	0.06434	0.04071	0.08141	0.01763	0.01017	0.00749	0.00226	0.00741	0.00804	0.00731	0.01161
12	0.01725	0.01335	0.01472	0.01312	0.01679	0.01467	0.01021	0.05154	0.44095	0.07787	0.17380	0.03471	0.06693	0.01128	0.00770	0.00240	0.00525	0.00953	0.00760	0.01032
13	0.01638	0.01417	0.01788	0.01300	0.01937	0.01178	0.06179	0.07253	0.04593	0.02573	0.01415	0.01615	0.01141	0.00591	0.00588	0.00134	0.00615	0.00500	0.00463	0.63082
14	0.02532	0.01647	0.01903	0.01590	0.04806	0.01734	0.01237	0.39304	0.05368	0.18031	0.07262	0.04976	0.04239	0.01001	0.00749	0.00225	0.00694	0.00806	0.00751	0.01145
15	0.00914	0.00681	0.00856	0.00973	0.01080	0.00624	0.00692	0.01085	0.01518	0.01974	0.08828	0.48758	0.19490	0.02106	0.00915	0.00283	0.00427	0.07504	0.00682	0.00609
16	0.00967	0.00739	0.00877	0.00843	0.01035	0.00660	0.00626	0.01237	0.01866	0.02498	0.43641	0.05981	0.29919	0.04736	0.00979	0.00255	0.00368	0.01385	0.00738	0.00649
17	0.02790	0.01863	0.02058	0.01592	0.02159	0.02014	0.01311	0.51944	0.07419	0.16231	0.02024	0.01938	0.01401	0.00885	0.00729	0.00221	0.00753	0.00679	0.00759	0.01231
18	0.02685	0.03402	0.02046	0.01860	0.02235	0.69237	0.01396	0.02934	0.04253	0.01821	0.01184	0.01357	0.00979	0.00757	0.00658	0.00189	0.01287	0.00480	0.00387	0.00853
19	0.01702	0.01922	0.04071	0.02941	0.03599	0.01879	0.60330	0.02267	0.01652	0.02267	0.01416	0.01922	0.01087	0.00683	0.01019	0.00253	0.08832	0.00834	0.00362	0.00961
20	0.00862	0.00725	0.00749	0.00768	0.00990	0.00611	0.00566	0.01040	0.01627	0.01951	0.06982	0.14610	0.62256	0.01891	0.00867	0.00251	0.00374	0.01595	0.00675	0.00611
21	0.00944	0.00711	0.00874	0.00894	0.01050	0.00640	0.00647	0.01185	0.01767	0.02370	0.34928	0.24748	0.22990	0.01799	0.00877	0.00251	0.00371	0.01580	0.00732	0.00640
22	0.02682	0.02196	0.02124	0.01666	0.02222	0.12087	0.01354	0.54356	0.03110	0.04049	0.01629	0.01669	0.01184	0.00835	0.00706	0.00207	0.00857	0.00615	0.00659	0.05794
23	0.02431	0.01496	0.01742	0.01333	0.01900	0.01436	0.01087	0.22780	0.06402	0.23390	0.02051	0.01995	0.01445	0.00790	0.00665	0.00188	0.00637	0.00624	0.04018	0.23591
24	0.64521	0.04473	0.01327	0.06049	0.01727	0.01671	0.00926	0.04168	0.01373	0.06668	0.01151	0.01318	0.00873	0.00694	0.00493	0.00223	0.00610	0.00437	0.00467	0.00832
25	0.03021	0.01412	0.01769	0.01380	0.01929	0.01355	0.01132	0.14833	0.09300	0.51760	0.02680	0.02371	0.01744	0.00904	0.00731	0.00226	0.00646	0.00727	0.00853	0.01228
26	0.02081	0.01628	0.01977	0.04502	0.13002	0.01785	0.01398	0.20448	0.28817	0.07267	0.04559	0.02594	0.01953	0.00948	0.00748	0.00236	0.00695	0.03564	0.00669	0.01130
27	0.01593	0.01477	0.02475	0.20722	0.42965	0.01556	0.02008	0.02022	0.01609	0.02216	0.01748	0.02863	0.01595	0.00886	0.00767	0.00241	0.00858	0.11008	0.00401	0.00989
28	0.02163	0.01773	0.02096	0.01987	0.10909	0.01966	0.03384	0.27513	0.33399	0.03512	0.02251	0.02208	0.01677	0.00888	0.00736	0.00232	0.00717	0.00737	0.00674	0.01178
29	0.01016	0.00747	0.01072	0.01099	0.01200	0.00834	0.00816	0.01224	0.01191	0.01682	0.02319	0.14524	0.02395	0.12987	0.52289	0.00974	0.01557	0.01018	0.00441	0.00615
30	0.01047	0.00760	0.01003	0.01028	0.01194	0.00716	0.00811	0.01362	0.01876	0.02571	0.42533	0.11424	0.09869	0.01712	0.00903	0.00264	0.00441	0.19067	0.00747	0.00670
31	0.01080	0.00752	0.00968	0.00918	0.01101	0.00687	0.00687	0.01394	0.01983	0.05008	0.57995	0.09730	0.11864	0.01546	0.00858	0.00234	0.00359	0.01361	0.00785	0.00692
32	0.01373	0.01292	0.02180	0.72707	0.05006	0.01615	0.02019	0.01857	0.01453	0.01857	0.01292	0.01938	0.00969	0.00727	0.00727	0.00242	0.00969	0.00646	0.00323	0.00807
33	0.02296	0.01411	0.01625	0.01362	0.01819	0.01477	0.01087	0.10374	0.31670	0.25599	0.06570	0.02937	0.06411	0.01024	0.00749	0.00235	0.00589	0.00844	0.00791	0.01131
34	0.01188	0.01368	0.10049	0.01325	0.03982	0.05284	0.03602	0.01511	0.01694	0.02201	0.17568	0.14602	0.22081	0.04113	0.00941	0.00266	0.00606	0.06286	0.00603	0.00730
35	0.00886	0.00633	0.00843	0.01012	0.01054	0.00590	0.00675	0.01012	0.01392	0.01856	0.04006	0.73979	0.04808	0.02277	0.00928	0.00295	0.00422	0.02066	0.00675	0.00590
36	0.01570	0.01290	0.01514	0.01084	0.01727	0.00973	0.00869	0.01891	0.01528	0.04783	0.01348	0.01542	0.01102	0.00551	0.00545	0.00112	0.00541	0.00441	0.00447	0.76143
37	0.02354	0.04845	0.04758	0.01716	0.02292	0.04514	0.06942	0.41442	0.11791	0.03717	0.01978	0.02004	0.03462	0.00862	0.00723	0.00218	0.00809	0.00692	0.00641	0.04240
38	0.01071	0.00881	0.00904	0.00863	0.01135	0.00822	0.00657	0.03999	0.09540	0.02256	0.08511	0.06051	0.54017	0.01648	0.00825	0.00241	0.00407	0.01372	0.04095	0.00706
39	0.00877	0.00726	0.00771	0.00796	0.01010	0.00619	0.00591	0.01064	0.01636	0.01987	0.08879	0.15838	0.57055	0.01892	0.00872	0.00254	0.00383	0.03455	0.00679	0.00615
40	0.01507	0.01292	0.01507	0.01077	0.01723	0.00969	0.00861	0.01830	0.01507	0.02369	0.01292	0.01507	0.01077	0.00538	0.00538	0.00108	0.00538	0.00431	0.00431	0.78898
41	0.01507	0.01292	0.01507	0.01077	0.01723	0.00969	0.00861	0.01830	0.01507	0.02369	0.01292	0.01507	0.01077	0.00538	0.00538	0.00108	0.00538	0.00431	0.00431	0.78898
42	0.02713	0.02011	0.02153	0.01662	0.02235	0.02231	0.01369	0.64151	0.06844	0.04500	0.01809	0.01796	0.01288	0.00879	0.00728	0.00220	0.00788	0.00663	0.00728	0.01232
43	0.01040	0.00773	0.01138	0.01138	0.01258	0.00892	0.00871	0.01279	0.01159	0.01665	0.01974	0.03006	0.01883	0.10925	0.66189	0.01131	0.01848	0.00801	0.00393	0.00632
44	0.01600	0.01524	0.02591	0.36321	0.39616	0.01675	0.02132	0.02056	0.01561	0.02133	0.01332	0.01864	0.01066	0.00685	0.00723	0.00228	0.00913	0.00647	0.00343	0.00991
45	0.79588	0.01406	0.01068	0.00956	0.01406	0.01631	0.00787	0.02137	0.01237	0.03261	0.01012	0.01181	0.00787	0.00675	0.00450	0.00225	0.00562	0.00394	0.00450	0.00787
46	0.02939	0.01504	0.01822	0.01424	0.01973	0.01497	0.01168	0.21762	0.10716	0.43344	0.02560	0.02296	0.01691	0.00903	0.00731	0.00226	0.00665	0.00721	0.00831	0.01226
47	0.01938	0.01834	0.01703	0.01536	0.01941	0.11781	0.01187	0.03725	0.59088	0.02860	0.02696	0.02512	0.02035	0.00952	0.00728	0.00238	0.00680	0.00771	0.00687	0.01107
48	0.00879	0.00720	0.00775	0.00797	0.01003	0.00617	0.00584	0.01068	0.01651	0.02034	0.12534	0.17632	0.53428	0.01879	0.00870	0.00252	0.00374	0.01600	0.00686	0.00617
49	0.01407	0.01296	0.02132	0.67433	0.04760	0.01602	0.01946	0.04298	0.01525	0.01960	0.01407	0.04542	0.01118	0.00788	0.00734	0.00243	0.00943	0.00698	0.00351	0.00816
50	0.01038	0.00779	0.01168	0.01168	0.01298	0.00909	0.00909	0.01298	0.01168	0.01687	0.01947	0.02856	0.01817	0.05452	0.71573	0.01168	0.01947	0.00779	0.00389	0.00649
51	0.00988	0.00743	0.00972	0.01073	0.01134	0.00756	0.00764	0.01129	0.01380	0.01838	0.03774	0.49040	0.08352	0.10469	0.01362	0.00345	0.06005	0.08658	0.00620	0.00599
52	0.01038	0.00779	0.01168	0.01168	0.01298	0.00909	0.00909	0.01298	0.01168	0.01687	0.01947	0.02856	0.01817	0.05452	0.71573	0.01168	0.01947	0.00779	0.00389	0.00649
53	0.01087	0.00822	0.01199	0.01179	0.01298	0.00973	0.00917	0.01335	0.01176	0.01726	0.01916	0.02839	0.01795	0.07491	0.61696	0.01055	0.06261	0.00776	0.03806	0.00652
54	0.01070	0.00756	0.00915	0.00865	0.01073	0.00678	0.00653	0.01363	0.01918	0.05014	0.45974	0.05687	0.25248	0.01546	0.00840	0.00231	0.00360	0.01335	0.03791	0.00683
55	0.01654	0.01593	0.02752	0.27062	0.45539	0.01695	0.04941	0.02111	0.01591	0.02201	0.01347	0.01852	0.01089	0.00672	0.00728	0.00226	0.00914	0.00656	0.00348	0.01030
56	0.06733	0.01906	0.02031	0.01579	0.02132	0.02104	0.01299	0.56668	0.05975	0.06947	0.01823	0.01817	0.01297	0.00867	0.00706	0.00218	0.00755	0.00652	0.03300	0.01190
57	0.01839	0.01542	0.05827	0.01392	0.01837	0.01532	0.01164	0.07875	0.39571	0.10032	0.03465	0.03428	0.12353	0.01124	0.00764	0.00245	0.00600	0.03635	0.00716	0.01059
58	0.00929	0.00676	0.00877	0.01014	0.01097	0.00631	0.00718	0.01092	0.01470	0.01932	0.06581	0.53922	0.11748	0.04306	0.01010	0.00305	0.00453	0.09966	0.00672	0.00602
59	0.02272	0.01629	0.01781	0.03660	0.01981	0.01793	0.01176	0.39888	0.12400	0.06059	0.05017	0.02310	0.01769	0.03334	0.00803	0.00233	0.00680	0.00726	0.11406	0.01083
60	0.71738	0.01359	0.01088	0.00968	0.01406	0.01551	0.00793	0.02150	0.01321	0.06042	0.05160	0.01487	0.01190	0.00732	0.00486	0.00225	0.00552	0.00462	0.00489	0.00800
61	0.12711	0.01561	0.02726	0.32294	0.09936	0.01721	0.21410	0.02068	0.01505	0.02242	0.01298	0.01809	0.00999	0.00701	0.00797	0.00241	0.04062	0.00673	0.00358	0.00887
62	0.01178	0.00666	0.00981	0.00993	0.01024	0.00690	0.00687	0.01031	0.01032	0.01404	0.01658	0.07903	0.01705	0.05934	0.17456	0.53191	0.00900	0.00789	0.00364	0.00413
63	0.00974	0.00737	0.01044	0.01126	0.01241	0.00691	0.03593	0.01173	0.01512	0.02001	0.08201	0.51062	0.09502	0.02081	0.00928	0.00292	0.00487	0.12061	0.00669	0.00627
64	0.01516	0.01087	0.01114	0.01015	0.01329	0.05246	0.00787	0.04653	0.05364	0.13206	0.09578	0.07427	0.39902	0.01530	0.00820	0.00241	0.00506	0.03184	0.00706	0.00789
65	0.00986	0.00733	0.01049	0.01144	0.01236	0.00698	0.03662	0.01161	0.01431	0.01900	0.03739	0.53909	0.04373	0.07529	0.01145	0.00331	0.00522	0.13199	0.00643	0.00610
66	0.01479	0.03633	0.66472	0.02221	0.07302	0.01691	0.02657	0.02298	0.01542	0.02307	0.01308	0.01551	0.00935	0.00688	0.00692	0.00229	0.01061	0.00544	0.00310	0.01079
67	0.02593	0.07761	0.02186	0.01918	0.04843	0.61564	0.01416	0.02872	0.04852	0.01852	0.01204	0.01381	0.00999	0.00747	0.00650	0.00189	0.01229	0.00485	0.00386	0.00873
68	0.58835	0.01464	0.01271	0.01081	0.01547	0.01653	0.00889	0.12727	0.01655	0.07818	0.01310	0.01423	0.00972	0.00729	0.00515	0.00221	0.00594	0.00470	0.03940	0.00884
69	0.01594	0.01663	0.02867	0.05362	0.02650	0.02000	0.23865	0.01920	0.01344	0.01955	0.01272	0.04750	0.01166	0.01066	0.01734	0.00289	0.42531	0.00771	0.00350	0.00850
70	0.02172	0.01540	0.01684	0.01344	0.01747	0.01640	0.01042	0.39948	0.02504	0.06197	0.01934	0.02703	0.01690	0.23882	0.01646	0.00364	0.00746	0.00770	0.00626	0.05821
71	0.01642	0.01596	0.05069	0.13362	0.02528	0.03757	0.07007	0.11347	0.01645	0.02280	0.01503	0.04776	0.01336	0.04191	0.10109	0.00382	0.20117	0.00725	0.00419	0.06209
72	0.19883	0.01902	0.15000	0.16387	0.18611	0.01631	0.01778	0.02357	0.06118	0.07575	0.01478	0.01746	0.01108	0.00720	0.00655	0.00229	0.00816	0.00585	0.00430	0.00990
73	0.01569	0.20096	0.55328	0.01882	0.02852	0.01961	0.02355	0.02273	0.01521	0.02166	0.01237	0.01450	0.00924	0.00675	0.00639	0.00213	0.01006	0.00503	0.00308	0.01042
74	0.02596	0.01924	0.02077	0.01603	0.02166	0.02094	0.01315	0.60103	0.03199	0.04311	0.01812	0.04868	0.01380	0.00911	0.00723	0.00214	0.00766	0.00700	0.00705	0.06535
75	0.01636	0.01273	0.01493	0.03830	0.06963	0.03920	0.01087	0.05730	0.17234	0.08492	0.16167	0.04127	0.13235	0.01231	0.00790	0.00237	0.00585	0.06968	0.00677	0.04326
76	0.01816	0.01911	0.02883	0.14903	0.33501	0.11676	0.14887	0.02253	0.01693	0.02187	0.01449	0.02064	0.01214	0.00728	0.00751	0.00227	0.01008	0.03482	0.00371	0.00996
77	0.01930	0.61636	0.08943	0.01537	0.06219	0.05695	0.01426	0.02221	0.01518	0.01801	0.01061	0.01241	0.00946	0.00634	0.00508	0.00166	0.00829	0.00420	0.00316	0.00954
78	0.01022	0.00783	0.01074	0.03159	0.01248	0.00772	0.03589	0.01184	0.01426	0.01915	0.12902	0.32997	0.09243	0.21100	0.01683	0.00387	0.02812	0.01510	0.00596	0.00596
79	0.01679	0.03514	0.01511	0.01291	0.04030	0.01316	0.00978	0.07137	0.22918	0.08473	0.03744	0.03582	0.21419	0.01120	0.00729	0.00215	0.00545	0.00923	0.00655	0.14221
80	0.05083	0.15388	0.43610	0.02008	0.05187	0.04380	0.07269	0.02343	0.01570	0.04882	0.01312	0.01528	0.00974	0.00681	0.00657	0.00216	0.00997	0.00540	0.00346	0.01031
81	0.00982	0.00734	0.01014	0.01064	0.01191	0.00684	0.02738	0.01213	0.01644	0.02222	0.23348	0.40363	0.09264	0.01938	0.00909	0.00275	0.00447	0.08627	0.00702	0.00640
82	0.01533	0.07487	0.64443	0.02020	0.03043	0.04528	0.02559	0.02319	0.01553	0.02250	0.01282	0.01506	0.00922	0.00689	0.00677	0.00225	0.01068	0.00527	0.00310	0.01058
83	0.02443	0.01235	0.01542	0.01275	0.01722	0.01203	0.01020	0.03228	0.20540	0.39180	0.15278	0.03089	0.02856	0.01033	0.00757	0.00232	0.00555	0.00865	0.00837	0.01111
84	0.01373	0.01292	0.02180	0.72707	0.05006	0.01615	0.02019	0.01857	0.01453	0.01857	0.01292	0.01938	0.00969	0.00727	0.00727	0.00242	0.00969	0.00646	0.00323	0.00807
85	0.00961	0.00753	0.00873	0.00861	0.01060	0.00677	0.00639	0.01261	0.03777	0.02382	0.32878	0.13177	0.34652	0.01713	0.00862	0.00244	0.00369	0.01477	0.00729	0.00657
86	0.01507	0.01292	0.01507	0.01077	0.01723	0.00969	0.00861	0.01830	0.01507	0.02369	0.01292	0.01507	0.01077	0.00538	0.00538	0.00108	0.00538	0.00431	0.00431	0.78898
87	0.00899	0.00653	0.00833	0.00964	0.01031	0.00604	0.00646	0.01031	0.01423	0.01877	0.06595	0.59631	0.11965	0.06843	0.01096	0.00314	0.00431	0.01916	0.00664	0.00587
88	0.01768	0.02040	0.04172	0.03001	0.03717	0.05501	0.63817	0.02359	0.01734	0.02300	0.01452	0.01927	0.01094	0.00620	0.00847	0.00242	0.01230	0.00837	0.00368	0.00973
89	0.00930	0.00726	0.00844	0.00841	0.01032	0.00640	0.00621	0.01171	0.01786	0.02332	0.31919	0.14518	0.36536	0.01752	0.00867	0.00245	0.00365	0.01511	0.00725	0.00640
90	0.01263	0.00631	0.00947	0.00947	0.00947	0.00631	0.00631	0.00947	0.00947	0.01263	0.01263	0.02210	0.01263	0.02525	0.02841	0.78851	0.00631	0.00631	0.00316	0.00316
91	0.01171	0.00777	0.01004	0.00928	0.01132	0.00707	0.00702	0.01498	0.02029	0.07528	0.60282	0.05341	0.11180	0.01472	0.00849	0.00230	0.00364	0.01290	0.00798	0.00719
92	0.01868	0.07801	0.01791	0.01433	0.01842	0.11740	0.01130	0.05499	0.43128	0.02675	0.03026	0.02869	0.10062	0.01022	0.00719	0.00229	0.00680	0.00816	0.00644	0.01027
93	0.01691	0.02046	0.08311	0.02923	0.03676	0.01794	0.60618	0.02307	0.01696	0.02328	0.01453	0.01916	0.01091	0.00615	0.00835	0.00239	0.01189	0.00821	0.00366	0.04085
94	0.01799	0.01727	0.02950	0.04462	0.69919	0.01727	0.02231	0.02231	0.01655	0.02375	0.01367	0.01799	0.01151	0.00648	0.00720	0.00216	0.00864	0.00648	0.00360	0.01151
95	0.07706	0.02153	0.01910	0.03945	0.02170	0.18828	0.01292	0.25293	0.20370	0.06168	0.01905	0.01900	0.01413	0.00856	0.00694	0.00220	0.00845	0.00640	0.00620	0.01073
96	0.05698	0.02930	0.02060	0.01774	0.02217	0.46774	0.01373	0.23443	0.02461	0.02729	0.01317	0.01444	0.01026	0.00786	0.00670	0.00199	0.01119	0.00525	0.00490	0.00966
97	0.79588	0.01406	0.01068	0.00956	0.01406	0.01631	0.00787	0.02137	0.01237	0.03261	0.01012	0.01181	0.00787	0.00675	0.00450	0.00225	0.00562	0.00394	0.00450	0.00787
98	0.00981	0.00703	0.00894	0.01014	0.01084	0.00673	0.00690	0.03356	0.01450	0.01921	0.03881	0.58183	0.07238	0.10007	0.01221	0.00336	0.00474	0.04641	0.00651	0.00601
99	0.03415	0.00908	0.01318	0.01292	0.03490	0.00827	0.06498	0.01347	0.01503	0.02128	0.09448	0.46554	0.03919	0.01713	0.00839	0.00253	0.00518	0.01564	0.00609	0.11856

[dist]
# distance from previous block
# <min> <max>
7	25

[block]
# block no. 4 follows, 28 sequences, length 44
# corresponding to MSA columns:
# 250-293
name=unknown_E
#
# <colnr> <probs for GDERKNQSTAVLIFYWHMCP>
#	G	D	E	R	K	N	Q	S	T	A	V	L	I	F	Y	W	H	M	C	P
0	0.01949	0.01530	0.01648	0.01461	0.01887	0.01736	0.01143	0.03831	0.62140	0.09591	0.02950	0.02689	0.02178	0.00978	0.00739	0.00244	0.00579	0.00813	0.00755	0.01159
1	0.00979	0.00764	0.00861	0.00873	0.01063	0.00690	0.00642	0.03275	0.01686	0.02140	0.15040	0.18142	0.39394	0.06773	0.01066	0.00286	0.00425	0.04590	0.00679	0.00631
2	0.01485	0.01571	0.03212	0.02401	0.02950	0.01457	0.45653	0.01953	0.01618	0.02207	0.02122	0.20764	0.02070	0.01043	0.00856	0.00249	0.00972	0.01147	0.00452	0.05817
3	0.01208	0.00946	0.01136	0.01200	0.01384	0.00992	0.00908	0.01933	0.20742	0.02267	0.03835	0.36703	0.07055	0.01830	0.00886	0.00287	0.00514	0.14711	0.00692	0.00769
4	0.01875	0.64861	0.13239	0.01361	0.02046	0.02709	0.01447	0.02194	0.01485	0.01794	0.01052	0.01218	0.00931	0.00632	0.00498	0.00166	0.00819	0.00410	0.00310	0.00953
5	0.00956	0.00741	0.00875	0.00873	0.01070	0.00660	0.00662	0.01215	0.01812	0.02375	0.33153	0.10185	0.34533	0.01728	0.00873	0.00248	0.00383	0.06283	0.00727	0.00647
6	0.01075	0.00803	0.01121	0.01103	0.01189	0.00925	0.00814	0.01255	0.01134	0.01612	0.01989	0.03325	0.02003	0.24821	0.48407	0.00989	0.05589	0.00850	0.00400	0.00598
7	0.01263	0.00631	0.00947	0.00947	0.00947	0.00631	0.00631	0.00947	0.00947	0.01263	0.01263	0.02210	0.01263	0.02525	0.02841	0.78851	0.00631	0.00631	0.00316	0.00316
8	0.01799	0.01727	0.02950	0.04462	0.69919	0.01727	0.02231	0.02231	0.01655	0.02375	0.01367	0.01799	0.01151	0.00648	0.00720	0.00216	0.00864	0.00648	0.00360	0.01151
9	0.04446	0.07685	0.62000	0.01957	0.02966	0.01734	0.02479	0.02329	0.01538	0.04527	0.01328	0.01531	0.00945	0.00693	0.00670	0.00226	0.01023	0.00530	0.00332	0.01061
10	0.01138	0.00820	0.01128	0.01286	0.01451	0.00810	0.01109	0.01452	0.01657	0.02145	0.04056	0.11823	0.07915	0.02014	0.00992	0.00327	0.00638	0.57907	0.00670	0.00662
11	0.06444	0.60002	0.08050	0.01335	0.01957	0.08326	0.01329	0.02242	0.01515	0.01845	0.01040	0.01204	0.00924	0.00640	0.00496	0.00167	0.00829	0.00406	0.00324	0.00927
12	0.49816	0.01425	0.01338	0.01130	0.01611	0.01562	0.00925	0.07055	0.07883	0.18530	0.01664	0.01655	0.01181	0.00768	0.00559	0.00226	0.00592	0.00528	0.00598	0.00954
13	0.01903	0.68928	0.09416	0.01313	0.01973	0.02777	0.01365	0.02187	0.01482	0.01760	0.01035	0.01197	0.00932	0.00628	0.00485	0.00162	0.00802	0.00401	0.00311	0.00945
14	0.02625	0.01856	0.02021	0.01593	0.02139	0.02038	0.01302	0.47922	0.16321	0.11314	0.02108	0.02017	0.01493	0.00898	0.00730	0.00225	0.00736	0.00696	0.00748	0.01219
15	0.01691	0.37957	0.38535	0.01674	0.02531	0.02259	0.01992	0.02242	0.01507	0.02018	0.01163	0.01357	0.00927	0.00658	0.00583	0.00194	0.00932	0.00466	0.00309	0.01006
16	0.01263	0.00631	0.00947	0.00947	0.00947	0.00631	0.00631	0.00947	0.00947	0.01263	0.01263	0.02210	0.01263	0.02525	0.02841	0.78851	0.00631	0.00631	0.00316	0.00316
17	0.02067	0.01119	0.01380	0.01167	0.01553	0.01074	0.00924	0.04355	0.14325	0.29124	0.23061	0.03849	0.10484	0.01187	0.00783	0.00232	0.00507	0.01003	0.00813	0.00992
18	0.01477	0.01390	0.02317	0.53240	0.19515	0.01604	0.02002	0.01940	0.01502	0.02003	0.01309	0.01882	0.01016	0.00698	0.00715	0.00229	0.00921	0.00634	0.00337	0.05268
19	0.06172	0.01081	0.01387	0.01127	0.01565	0.00959	0.00909	0.02710	0.01976	0.44725	0.16060	0.03611	0.12280	0.01133	0.00760	0.00229	0.00528	0.00939	0.00827	0.01023
20	0.02653	0.03313	0.02073	0.01868	0.02228	0.65406	0.01414	0.04902	0.02050	0.01867	0.01134	0.01341	0.00947	0.00783	0.00755	0.00196	0.05351	0.00484	0.00383	0.00853
21	0.01805	0.54659	0.22832	0.01479	0.02230	0.02538	0.01654	0.02212	0.01493	0.01879	0.01094	0.01271	0.00929	0.00641	0.00530	0.00177	0.00862	0.00431	0.00310	0.00973
22	0.01665	0.01183	0.01282	0.01157	0.01506	0.03399	0.00899	0.02463	0.22635	0.14001	0.07487	0.08807	0.23301	0.01353	0.00792	0.00241	0.00524	0.03158	0.00722	0.03426
23	0.01122	0.07239	0.01311	0.01086	0.01229	0.01033	0.00828	0.01318	0.01169	0.01624	0.01946	0.03156	0.01935	0.21299	0.49355	0.00970	0.01552	0.00810	0.00395	0.00625
24	0.02033	0.69889	0.03665	0.01247	0.01865	0.02753	0.01232	0.02269	0.01518	0.06376	0.01137	0.01255	0.00992	0.00641	0.00484	0.00160	0.00767	0.00412	0.00351	0.00953
25	0.59303	0.01666	0.03886	0.01156	0.01651	0.04312	0.00984	0.12672	0.01652	0.05349	0.01199	0.01327	0.00899	0.00716	0.00519	0.00223	0.00649	0.00453	0.00499	0.00885
26	0.14133	0.01053	0.04995	0.00974	0.01280	0.00907	0.00813	0.01609	0.01814	0.06561	0.38167	0.04647	0.17692	0.01343	0.00774	0.00231	0.00442	0.01128	0.00695	0.00742
27	0.01491	0.08591	0.66146	0.02016	0.03059	0.01769	0.02588	0.02294	0.01531	0.02262	0.01285	0.01510	0.00922	0.00686	0.00675	0.00225	0.01054	0.00527	0.00307	0.01065
28	0.01589	0.22960	0.52635	0.01848	0.02800	0.02009	0.02296	0.02268	0.01519	0.02142	0.01225	0.01435	0.00924	0.00672	0.00630	0.00210	0.00994	0.00497	0.00308	0.01036
29	0.79588	0.01406	0.01068	0.00956	0.01406	0.01631	0.00787	0.02137	0.01237	0.03261	0.01012	0.01181	0.00787	0.00675	0.00450	0.00225	0.00562	0.00394	0.00450	0.00787
30	0.01075	0.03796	0.01276	0.01171	0.01321	0.00989	0.00922	0.01334	0.01181	0.01688	0.01909	0.02787	0.01781	0.05255	0.68678	0.01127	0.01899	0.00763	0.00386	0.00661
31	0.01722	0.42475	0.34287	0.01621	0.02449	0.02335	0.01901	0.02234	0.01503	0.01980	0.01145	0.01334	0.00927	0.00653	0.00569	0.00190	0.00913	0.00456	0.00309	0.00997
32	0.02763	0.02036	0.02182	0.01672	0.02254	0.02254	0.01382	0.67496	0.03418	0.04581	0.01745	0.01745	0.01236	0.00873	0.00727	0.00218	0.00800	0.00654	0.00727	0.01236
33	0.02703	0.02032	0.02303	0.01753	0.02343	0.02230	0.05175	0.63744	0.03320	0.04451	0.01729	0.01758	0.01229	0.00858	0.00735	0.00220	0.00824	0.00666	0.00706	0.01221
34	0.01417	0.01337	0.02261	0.65592	0.11773	0.01627	0.02041	0.01896	0.01475	0.01911	0.01300	0.01924	0.00988	0.00719	0.00726	0.00240	0.00958	0.00646	0.00327	0.00843
35	0.01943	0.74891	0.03809	0.01244	0.01866	0.02876	0.01244	0.02177	0.01477	0.01710	0.01011	0.01166	0.00933	0.00622	0.00466	0.00155	0.00777	0.00389	0.00311	0.00933
36	0.01556	0.18103	0.57202	0.01905	0.02888	0.01928	0.02395	0.02277	0.01523	0.02183	0.01245	0.01460	0.00923	0.00677	0.00645	0.00215	0.01014	0.00507	0.00308	0.01046
37	0.00908	0.00737	0.00797	0.00783	0.01001	0.00635	0.00582	0.01125	0.01736	0.02181	0.22633	0.06529	0.51716	0.04263	0.00957	0.00257	0.00374	0.01463	0.00698	0.00626
38	0.02572	0.01893	0.02045	0.01605	0.02132	0.02084	0.01310	0.60714	0.03211	0.04303	0.01976	0.09114	0.01601	0.01016	0.00748	0.00226	0.00761	0.00798	0.00722	0.01170
39	0.02763	0.02036	0.02182	0.01672	0.02254	0.02254	0.01382	0.67496	0.03418	0.04581	0.01745	0.01745	0.01236	0.00873	0.00727	0.00218	0.00800	0.00654	0.00727	0.01236
40	0.01013	0.00742	0.00950	0.00898	0.01076	0.00679	0.00674	0.01342	0.02021	0.02828	0.63847	0.05573	0.12602	0.01519	0.00858	0.00230	0.00345	0.01335	0.00789	0.00679
41	0.02685	0.01978	0.02127	0.01638	0.02202	0.02184	0.01350	0.64526	0.03357	0.04506	0.04789	0.01911	0.01489	0.00900	0.00733	0.00219	0.00779	0.00684	0.00730	0.01211
42	0.02763	0.02036	0.02182	0.01672	0.02254	0.02254	0.01382	0.67496	0.03418	0.04581	0.01745	0.01745	0.01236	0.00873	0.00727	0.00218	0.00800	0.00654	0.00727	0.01236
43	0.01114	0.00897	0.01196	0.01188	0.01325	0.04074	0.00916	0.01362	0.01205	0.01683	0.01921	0.02847	0.01804	0.07438	0.66227	0.01109	0.01879	0.00774	0.00390	0.00651

[dist]
# distance from previous block
# <min> <max>
2	5

[block]
# block no. 5 follows, 28 sequences, length 14
# corresponding to MSA columns:
# 299-312
name=unknown_F
#
# <colnr> <probs for GDERKNQSTAVLIFYWHMCP>
#	G	D	E	R	K	N	Q	S	T	A	V	L	I	F	Y	W	H	M	C	P
0	0.02498	0.05516	0.02154	0.01773	0.02168	0.40505	0.01395	0.17903	0.02210	0.02457	0.01250	0.01453	0.01015	0.00834	0.00889	0.00207	0.10623	0.00530	0.00450	0.04169
1	0.00943	0.00703	0.00860	0.00948	0.01068	0.00647	0.00682	0.01116	0.01519	0.01963	0.09759	0.34922	0.22665	0.09180	0.01186	0.00322	0.00460	0.09796	0.00661	0.00599
2	0.01824	0.02031	0.02422	0.02007	0.02270	0.20131	0.14608	0.02095	0.01534	0.01918	0.03985	0.04341	0.01409	0.01351	0.06568	0.00327	0.29254	0.00723	0.00379	0.00823
3	0.01535	0.01472	0.02541	0.46090	0.27240	0.01664	0.05075	0.02007	0.01535	0.02056	0.01326	0.01891	0.01038	0.00694	0.00730	0.00233	0.00945	0.00656	0.00338	0.00933
4	0.12004	0.01525	0.01604	0.01399	0.01843	0.01715	0.01106	0.06927	0.48178	0.11649	0.02634	0.02435	0.01931	0.00929	0.00701	0.00240	0.00591	0.00747	0.00722	0.01119
5	0.01057	0.00705	0.00793	0.00793	0.00793	0.00705	0.00440	0.01057	0.01057	0.01409	0.02290	0.04757	0.02643	0.74454	0.03700	0.00705	0.00705	0.01057	0.00440	0.00440
6	0.79588	0.01406	0.01068	0.00956	0.01406	0.01631	0.00787	0.02137	0.01237	0.03261	0.01012	0.01181	0.00787	0.00675	0.00450	0.00225	0.00562	0.00394	0.00450	0.00787
7	0.02763	0.02036	0.02182	0.01672	0.02254	0.02254	0.01382	0.67496	0.03418	0.04581	0.01745	0.01745	0.01236	0.00873	0.00727	0.00218	0.00800	0.00654	0.00727	0.01236
8	0.02801	0.01975	0.02144	0.01643	0.02224	0.02164	0.01358	0.62606	0.03315	0.09615	0.01831	0.01801	0.01279	0.00875	0.00727	0.00219	0.00786	0.00660	0.00740	0.01236
9	0.00992	0.00712	0.00928	0.01065	0.01141	0.00684	0.00741	0.04143	0.01505	0.02004	0.03890	0.66201	0.04599	0.02194	0.00924	0.00294	0.00456	0.06224	0.00677	0.00626
10	0.02763	0.02036	0.02182	0.01672	0.02254	0.02254	0.01382	0.67496	0.03418	0.04581	0.01745	0.01745	0.01236	0.00873	0.00727	0.00218	0.00800	0.00654	0.00727	0.01236
11	0.00886	0.00633	0.00843	0.01012	0.01054	0.00590	0.00675	0.01012	0.01392	0.01856	0.04006	0.73979	0.04808	0.02277	0.00928	0.00295	0.00422	0.02066	0.00675	0.00590
12	0.01753	0.01929	0.03052	0.21361	0.06273	0.11943	0.29730	0.02219	0.01648	0.02096	0.01329	0.01803	0.01035	0.00694	0.00846	0.00229	0.04867	0.00696	0.00358	0.06138
