[name]
unknown

[dist]
# distance from previous block
# <min> <max>
0	17

[block]
# block no. 0 follows, 27 sequences, length 18
# corresponding to MSA columns:
# 17-34
name=unknown_A
#
# <colnr> <probs for GDERKNQSTAVLIFYWHMCP>
#	G	D	E	R	K	N	Q	S	T	A	V	L	I	F	Y	W	H	M	C	P
0	0.04397	0.16577	0.04604	0.01750	0.02076	0.06302	0.07284	0.01987	0.01429	0.01976	0.01567	0.02241	0.04201	0.01071	0.01406	0.00257	0.30719	0.05022	0.00382	0.04752
1	0.01898	0.01805	0.02322	0.01933	0.02105	0.08464	0.05645	0.04496	0.01438	0.06659	0.01203	0.01687	0.01058	0.01135	0.01917	0.00289	0.50873	0.00647	0.00395	0.04032
2	0.01638	0.06633	0.02383	0.05427	0.02105	0.02288	0.01622	0.01822	0.01180	0.01789	0.00996	0.01612	0.00974	0.01225	0.02216	0.00309	0.64000	0.00633	0.00325	0.00822
3	0.01624	0.01624	0.02274	0.01949	0.01949	0.02274	0.01624	0.01787	0.01137	0.01787	0.00975	0.01624	0.00975	0.01299	0.02436	0.00325	0.72552	0.00650	0.00325	0.00812
4	0.01586	0.01590	0.02454	0.17735	0.02830	0.02098	0.07589	0.01865	0.01270	0.01865	0.01099	0.01738	0.00992	0.01114	0.01917	0.00301	0.50123	0.00672	0.00331	0.00832
5	0.01665	0.01745	0.02945	0.02325	0.02564	0.02148	0.22316	0.01975	0.01333	0.01975	0.01142	0.01745	0.01023	0.01085	0.01939	0.00301	0.49840	0.00722	0.00341	0.00872
6	0.01642	0.01678	0.02571	0.02116	0.02222	0.02218	0.10795	0.01870	0.01224	0.01870	0.01049	0.01678	0.00996	0.01204	0.02216	0.00314	0.62485	0.00682	0.00332	0.00839
7	0.01402	0.01319	0.02227	0.72126	0.05113	0.01649	0.02062	0.01897	0.01484	0.01897	0.01319	0.01979	0.00990	0.00742	0.00742	0.00247	0.00990	0.00660	0.00330	0.00825
8	0.01539	0.01319	0.01539	0.01100	0.01759	0.00990	0.00880	0.01869	0.01539	0.02419	0.01319	0.01539	0.01100	0.00550	0.00550	0.00110	0.00550	0.00440	0.00440	0.78449
9	0.02151	0.02519	0.02429	0.02062	0.02315	0.32850	0.08667	0.02377	0.01636	0.01865	0.01110	0.01538	0.00983	0.00987	0.01477	0.00257	0.32968	0.00598	0.00356	0.00854
10	0.01402	0.01319	0.02227	0.72126	0.05113	0.01649	0.02062	0.01897	0.01484	0.01897	0.01319	0.01979	0.00990	0.00742	0.00742	0.00247	0.00990	0.00660	0.00330	0.00825
11	0.00896	0.00678	0.00829	0.00949	0.01055	0.00610	0.00652	0.01043	0.01503	0.01928	0.05120	0.53537	0.24134	0.02192	0.00926	0.00286	0.00414	0.01947	0.00689	0.00610
12	0.02767	0.02052	0.02197	0.01697	0.02281	0.02276	0.01398	0.63254	0.07130	0.04590	0.01852	0.01838	0.01319	0.00898	0.00743	0.00224	0.00804	0.00678	0.00743	0.01258
13	0.00967	0.00701	0.00913	0.00975	0.01087	0.00647	0.00687	0.01197	0.01735	0.02377	0.32797	0.39977	0.09284	0.01946	0.00912	0.00269	0.00392	0.01743	0.00746	0.00647
14	0.01539	0.01319	0.01539	0.01100	0.01759	0.00990	0.00880	0.01869	0.01539	0.02419	0.01319	0.01539	0.01100	0.00550	0.00550	0.00110	0.00550	0.00440	0.00440	0.78449
15	0.01845	0.01521	0.02056	0.01490	0.02149	0.01307	0.10466	0.11113	0.01874	0.06341	0.01497	0.01693	0.01166	0.00628	0.00634	0.00152	0.00693	0.00551	0.00499	0.52322
16	0.01414	0.01319	0.02165	0.65758	0.04812	0.01590	0.01956	0.01894	0.01489	0.01944	0.01319	0.01940	0.00999	0.00725	0.00725	0.00235	0.00950	0.00640	0.00340	0.07784
17	0.02493	0.04742	0.01870	0.01440	0.01965	0.01653	0.01169	0.13697	0.27871	0.25934	0.02590	0.02377	0.01824	0.00912	0.00724	0.00226	0.00646	0.00734	0.00769	0.06364

[dist]
# distance from previous block
# <min> <max>
10	32

[block]
# block no. 1 follows, 27 sequences, length 12
# corresponding to MSA columns:
# 69-80
name=unknown_B
#
# <colnr> <probs for GDERKNQSTAVLIFYWHMCP>
#	G	D	E	R	K	N	Q	S	T	A	V	L	I	F	Y	W	H	M	C	P
0	0.01861	0.01588	0.01691	0.01474	0.01930	0.01772	0.01153	0.06891	0.57096	0.03107	0.02765	0.02579	0.02082	0.00949	0.00731	0.00234	0.00595	0.00785	0.00719	0.09999
1	0.01686	0.01406	0.01618	0.01169	0.01821	0.01139	0.00940	0.09281	0.01762	0.02677	0.01372	0.01567	0.01118	0.00589	0.00572	0.00123	0.00580	0.00466	0.00474	0.69639
2	0.01839	0.01547	0.01628	0.01440	0.01859	0.01749	0.01127	0.10766	0.52452	0.03150	0.03432	0.03194	0.10339	0.01101	0.00769	0.00248	0.00588	0.00909	0.00746	0.01118
3	0.02056	0.01358	0.01625	0.01205	0.01828	0.01124	0.00973	0.05596	0.05256	0.19020	0.01824	0.01857	0.01349	0.00681	0.00618	0.00152	0.00585	0.00547	0.00588	0.51759
4	0.02073	0.01544	0.01685	0.01482	0.01925	0.01731	0.01162	0.03895	0.57876	0.13301	0.03007	0.02733	0.02201	0.00994	0.00754	0.00248	0.00594	0.00825	0.00780	0.01189
5	0.01586	0.01362	0.01561	0.01162	0.01785	0.01121	0.00925	0.02187	0.11691	0.02524	0.01580	0.01727	0.01278	0.00620	0.00581	0.00132	0.00556	0.00501	0.00488	0.66634
6	0.02750	0.02044	0.02187	0.01694	0.02275	0.02269	0.01394	0.62179	0.08233	0.04563	0.01874	0.01855	0.01336	0.00900	0.00744	0.00225	0.00800	0.00681	0.00744	0.01256
7	0.13658	0.01714	0.02719	0.04009	0.58907	0.01749	0.02053	0.02264	0.01625	0.02564	0.01341	0.01741	0.01119	0.00666	0.00693	0.00222	0.00835	0.00622	0.00382	0.01119
8	0.04543	0.01668	0.02106	0.01799	0.01976	0.04275	0.03250	0.08819	0.11040	0.02349	0.01525	0.04575	0.01365	0.01331	0.03951	0.00321	0.43016	0.00731	0.00454	0.00904
9	0.01402	0.01319	0.02227	0.72126	0.05113	0.01649	0.02062	0.01897	0.01484	0.01897	0.01319	0.01979	0.00990	0.00742	0.00742	0.00247	0.00990	0.00660	0.00330	0.00825
10	0.05285	0.01026	0.01357	0.10939	0.04126	0.01059	0.01034	0.01532	0.03290	0.02131	0.05492	0.32240	0.05898	0.03269	0.00988	0.00264	0.05619	0.01302	0.00555	0.12596
11	0.02095	0.01740	0.02166	0.07640	0.12607	0.04095	0.03933	0.28514	0.05809	0.03250	0.01871	0.08161	0.01581	0.01043	0.02569	0.00244	0.00827	0.00780	0.00576	0.10498

[dist]
# distance from previous block
# <min> <max>
0	20

[block]
# block no. 2 follows, 27 sequences, length 10
# corresponding to MSA columns:
# 101-110
name=unknown_C
#
# <colnr> <probs for GDERKNQSTAVLIFYWHMCP>
#	G	D	E	R	K	N	Q	S	T	A	V	L	I	F	Y	W	H	M	C	P
0	0.08889	0.01949	0.01968	0.01771	0.07384	0.10875	0.01312	0.25742	0.10732	0.08447	0.01961	0.01999	0.03372	0.00868	0.00744	0.00217	0.02742	0.00655	0.00618	0.07755
1	0.11254	0.02127	0.02228	0.02118	0.12135	0.15318	0.05213	0.23188	0.07434	0.09297	0.01700	0.01795	0.01260	0.00806	0.00704	0.00222	0.00891	0.00632	0.00581	0.01098
2	0.12178	0.02028	0.02234	0.02498	0.23020	0.11757	0.01571	0.20479	0.09362	0.05336	0.01647	0.01793	0.01260	0.00789	0.00695	0.00222	0.00850	0.00626	0.00545	0.01110
3	0.01976	0.01790	0.04968	0.07803	0.45437	0.01777	0.02008	0.08544	0.09369	0.06460	0.01696	0.01976	0.01325	0.00743	0.00738	0.00227	0.00842	0.00683	0.00473	0.01165
4	0.02596	0.01911	0.02163	0.01882	0.08433	0.02069	0.01411	0.52937	0.03123	0.06949	0.02250	0.02245	0.06667	0.00950	0.00753	0.00225	0.00780	0.00742	0.00711	0.01204
5	0.02609	0.02056	0.02220	0.12136	0.02717	0.06383	0.01509	0.53318	0.03109	0.04093	0.01675	0.01784	0.01203	0.00861	0.00738	0.00225	0.00874	0.00656	0.00660	0.01173
6	0.01248	0.00946	0.01110	0.01078	0.01300	0.00913	0.00788	0.10853	0.01770	0.02346	0.04092	0.36178	0.17748	0.04726	0.04907	0.00329	0.00584	0.01534	0.00652	0.06898
7	0.02585	0.01965	0.02229	0.01686	0.02297	0.02091	0.04395	0.54319	0.03125	0.04241	0.01702	0.01757	0.01232	0.00829	0.00721	0.00208	0.00798	0.00645	0.00681	0.12494
8	0.01298	0.00900	0.01017	0.00969	0.01059	0.00925	0.00620	0.10304	0.01469	0.01962	0.02520	0.14568	0.02824	0.53067	0.02933	0.00588	0.00691	0.01174	0.00526	0.00587
9	0.00928	0.00667	0.00844	0.00974	0.01030	0.00622	0.00642	0.01043	0.01396	0.01838	0.04152	0.57098	0.10562	0.12872	0.01360	0.00359	0.00468	0.01907	0.00654	0.00583

[dist]
# distance from previous block
# <min> <max>
0	1

[block]
# block no. 3 follows, 27 sequences, length 19
# corresponding to MSA columns:
# 112-130
name=unknown_D
#
# <colnr> <probs for GDERKNQSTAVLIFYWHMCP>
#	G	D	E	R	K	N	Q	S	T	A	V	L	I	F	Y	W	H	M	C	P
0	0.00925	0.00655	0.00855	0.01008	0.01046	0.00616	0.00661	0.01039	0.01382	0.01842	0.03889	0.65488	0.04654	0.10612	0.01275	0.00350	0.00464	0.01991	0.00661	0.00585
1	0.00910	0.00670	0.00838	0.00969	0.01048	0.00614	0.00652	0.01042	0.01452	0.01889	0.04622	0.57290	0.16576	0.06353	0.01097	0.00316	0.00437	0.01951	0.00675	0.00599
2	0.00919	0.00652	0.00857	0.01015	0.01055	0.00612	0.00670	0.01037	0.01393	0.01858	0.03949	0.67839	0.04730	0.08158	0.01178	0.00336	0.00454	0.02026	0.00670	0.00591
3	0.01051	0.00708	0.00818	0.00846	0.00853	0.00701	0.00488	0.01072	0.01134	0.01513	0.02620	0.15861	0.03054	0.62423	0.03324	0.00653	0.00673	0.01245	0.00488	0.00474
4	0.02822	0.02079	0.02228	0.01708	0.02302	0.02302	0.01411	0.66804	0.03490	0.04679	0.01782	0.01782	0.01262	0.00891	0.00743	0.00223	0.00817	0.00668	0.00743	0.01262
5	0.00904	0.00646	0.00861	0.01034	0.01077	0.00603	0.00689	0.01034	0.01421	0.01895	0.04092	0.73426	0.04910	0.02326	0.00948	0.00301	0.00431	0.02110	0.00689	0.00603
6	0.01402	0.01319	0.02227	0.72126	0.05113	0.01649	0.02062	0.01897	0.01484	0.01897	0.01319	0.01979	0.00990	0.00742	0.00742	0.00247	0.00990	0.00660	0.00330	0.00825
7	0.02822	0.02079	0.02228	0.01708	0.02302	0.02302	0.01411	0.66804	0.03490	0.04679	0.01782	0.01782	0.01262	0.00891	0.00743	0.00223	0.00817	0.00668	0.00743	0.01262
8	0.00927	0.00655	0.00855	0.01005	0.01043	0.00618	0.00658	0.01040	0.01377	0.01837	0.03867	0.64635	0.04627	0.11503	0.01310	0.00355	0.00468	0.01978	0.00658	0.00583
9	0.01061	0.00795	0.01193	0.01193	0.01326	0.00928	0.00928	0.01326	0.01193	0.01723	0.01988	0.02916	0.01856	0.05568	0.70968	0.01193	0.01988	0.00795	0.00398	0.00663
10	0.02822	0.02079	0.02228	0.01708	0.02302	0.02302	0.01411	0.66804	0.03490	0.04679	0.01782	0.01782	0.01262	0.00891	0.00743	0.00223	0.00817	0.00668	0.00743	0.01262
11	0.00904	0.00646	0.00861	0.01034	0.01077	0.00603	0.00689	0.01034	0.01421	0.01895	0.04092	0.73426	0.04910	0.02326	0.00948	0.00301	0.00431	0.02110	0.00689	0.00603
12	0.00923	0.00654	0.00856	0.01010	0.01048	0.00615	0.00664	0.01039	0.01385	0.01847	0.03906	0.66170	0.04676	0.09900	0.01247	0.00346	0.00461	0.02001	0.00664	0.00587
13	0.01539	0.01319	0.01539	0.01100	0.01759	0.00990	0.00880	0.01869	0.01539	0.02419	0.01319	0.01539	0.01100	0.00550	0.00550	0.00110	0.00550	0.00440	0.00440	0.78449
14	0.01080	0.00720	0.00810	0.00810	0.00810	0.00720	0.00450	0.01080	0.01080	0.01439	0.02339	0.04858	0.02699	0.73910	0.03779	0.00720	0.00720	0.01080	0.00450	0.00450
15	0.00901	0.00658	0.00849	0.01001	0.01068	0.00606	0.00675	0.01037	0.01453	0.01908	0.04489	0.65753	0.12326	0.02274	0.00939	0.00296	0.00424	0.02047	0.00689	0.00606
16	0.01483	0.01449	0.02592	0.57473	0.09400	0.01690	0.11383	0.01993	0.01537	0.02003	0.01351	0.01973	0.01022	0.00720	0.00761	0.00246	0.01020	0.00691	0.00339	0.00875
17	0.02849	0.02035	0.02201	0.01687	0.02280	0.02237	0.01394	0.63396	0.03417	0.08191	0.01844	0.01822	0.01294	0.00893	0.00743	0.00223	0.00807	0.00673	0.00752	0.01263
18	0.02822	0.02079	0.02228	0.01708	0.02302	0.02302	0.01411	0.66804	0.03490	0.04679	0.01782	0.01782	0.01262	0.00891	0.00743	0.00223	0.00817	0.00668	0.00743	0.01262

[dist]
# distance from previous block
# <min> <max>
0	1

[block]
# block no. 4 follows, 27 sequences, length 27
# corresponding to MSA columns:
# 132-158
name=unknown_E
#
# <colnr> <probs for GDERKNQSTAVLIFYWHMCP>
#	G	D	E	R	K	N	Q	S	T	A	V	L	I	F	Y	W	H	M	C	P
0	0.01899	0.01533	0.01733	0.01270	0.01912	0.01358	0.01029	0.20091	0.02087	0.03053	0.01449	0.01608	0.01145	0.00646	0.00604	0.00142	0.00625	0.00504	0.00525	0.56789
1	0.02822	0.02079	0.02228	0.01708	0.02302	0.02302	0.01411	0.66804	0.03490	0.04679	0.01782	0.01782	0.01262	0.00891	0.00743	0.00223	0.00817	0.00668	0.00743	0.01262
2	0.01080	0.00720	0.00810	0.00810	0.00810	0.00720	0.00450	0.01080	0.01080	0.01439	0.02339	0.04858	0.02699	0.73910	0.03779	0.00720	0.00720	0.01080	0.00450	0.00450
3	0.02822	0.02079	0.02228	0.01708	0.02302	0.02302	0.01411	0.66804	0.03490	0.04679	0.01782	0.01782	0.01262	0.00891	0.00743	0.00223	0.00817	0.00668	0.00743	0.01262
4	0.00913	0.00663	0.00862	0.01003	0.01073	0.00612	0.00680	0.01064	0.01494	0.01984	0.09178	0.62992	0.10283	0.02230	0.00936	0.00292	0.00420	0.02009	0.00699	0.00612
5	0.01080	0.00720	0.00810	0.00810	0.00810	0.00720	0.00450	0.01080	0.01080	0.01439	0.02339	0.04858	0.02699	0.73910	0.03779	0.00720	0.00720	0.01080	0.00450	0.00450
6	0.01539	0.01319	0.01539	0.01100	0.01759	0.00990	0.00880	0.01869	0.01539	0.02419	0.01319	0.01539	0.01100	0.00550	0.00550	0.00110	0.00550	0.00440	0.00440	0.78449
7	0.01080	0.00720	0.00810	0.00810	0.00810	0.00720	0.00450	0.01080	0.01080	0.01439	0.02339	0.04858	0.02699	0.73910	0.03779	0.00720	0.00720	0.01080	0.00450	0.00450
8	0.02779	0.02003	0.02163	0.01674	0.02255	0.02208	0.01378	0.59117	0.07991	0.07895	0.01929	0.01890	0.01363	0.00901	0.00744	0.00225	0.00791	0.00684	0.00753	0.01256
9	0.01080	0.00720	0.00810	0.00810	0.00810	0.00720	0.00450	0.01080	0.01080	0.01439	0.02339	0.04858	0.02699	0.73910	0.03779	0.00720	0.00720	0.01080	0.00450	0.00450
10	0.00904	0.00646	0.00861	0.01034	0.01077	0.00603	0.00689	0.01034	0.01421	0.01895	0.04092	0.73426	0.04910	0.02326	0.00948	0.00301	0.00431	0.02110	0.00689	0.00603
11	0.01034	0.00746	0.00977	0.00946	0.01105	0.00689	0.00699	0.01358	0.02022	0.02851	0.61358	0.13433	0.06761	0.01612	0.00884	0.00241	0.00360	0.01432	0.00802	0.00689
12	0.02822	0.02079	0.02228	0.01708	0.02302	0.02302	0.01411	0.66804	0.03490	0.04679	0.01782	0.01782	0.01262	0.00891	0.00743	0.00223	0.00817	0.00668	0.00743	0.01262
13	0.00925	0.00655	0.00855	0.01008	0.01046	0.00617	0.00661	0.01039	0.01382	0.01842	0.03888	0.65458	0.04653	0.10644	0.01277	0.00350	0.00464	0.01991	0.00661	0.00585
14	0.00917	0.00652	0.00858	0.01017	0.01057	0.00612	0.00671	0.01037	0.01396	0.01861	0.03962	0.68339	0.04746	0.07636	0.01158	0.00333	0.00452	0.02034	0.00671	0.00592
15	0.02822	0.02079	0.02228	0.01708	0.02302	0.02302	0.01411	0.66804	0.03490	0.04679	0.01782	0.01782	0.01262	0.00891	0.00743	0.00223	0.00817	0.00668	0.00743	0.01262
16	0.01070	0.00716	0.00813	0.00822	0.00825	0.00713	0.00463	0.01077	0.01099	0.01465	0.02437	0.08707	0.02823	0.69892	0.03620	0.00696	0.00703	0.01137	0.00463	0.00458
17	0.01014	0.00735	0.00939	0.01062	0.01140	0.00712	0.00723	0.03415	0.03797	0.02055	0.06209	0.63659	0.04688	0.04767	0.01033	0.00310	0.00457	0.01953	0.00689	0.00643
18	0.00925	0.00655	0.00855	0.01008	0.01046	0.00616	0.00662	0.01039	0.01382	0.01843	0.03890	0.65536	0.04656	0.10562	0.01273	0.00350	0.00464	0.01992	0.00662	0.00585
19	0.02337	0.01838	0.01955	0.01610	0.02117	0.02075	0.01294	0.35533	0.35552	0.03896	0.02399	0.02274	0.01762	0.00949	0.00749	0.00237	0.00703	0.00753	0.00749	0.01219
20	0.00933	0.00663	0.00848	0.00984	0.01028	0.00624	0.00643	0.01043	0.01373	0.01821	0.03928	0.59011	0.07091	0.14592	0.01431	0.00371	0.00478	0.01912	0.00648	0.00578
21	0.02543	0.01698	0.01886	0.01501	0.01998	0.01817	0.01210	0.41979	0.07376	0.14523	0.02435	0.06391	0.04305	0.05669	0.00954	0.00263	0.00727	0.00834	0.00748	0.01144
22	0.01093	0.00719	0.00805	0.00805	0.00812	0.00719	0.00453	0.01107	0.01100	0.01496	0.02343	0.04768	0.02665	0.70776	0.03639	0.00696	0.00704	0.01063	0.03779	0.00460
23	0.02658	0.01957	0.02105	0.01656	0.02217	0.02170	0.01354	0.52547	0.15562	0.06889	0.02060	0.01997	0.01473	0.00914	0.00745	0.00229	0.00767	0.00704	0.00752	0.01246
24	0.00937	0.00672	0.00839	0.00958	0.01014	0.00629	0.00627	0.01046	0.01381	0.01814	0.04104	0.52325	0.11365	0.16849	0.01516	0.00381	0.00484	0.01842	0.00640	0.00574
25	0.01265	0.00973	0.00999	0.00968	0.01060	0.04762	0.00624	0.05869	0.01393	0.01790	0.02786	0.11381	0.07701	0.49406	0.05451	0.00596	0.00755	0.01145	0.00507	0.00568
26	0.02358	0.01818	0.02005	0.01719	0.05507	0.02003	0.01309	0.40740	0.19467	0.03859	0.02100	0.02246	0.01609	0.06097	0.00955	0.00262	0.00746	0.00733	0.00696	0.03773

[dist]
# distance from previous block
# <min> <max>
11	32

[block]
# block no. 5 follows, 27 sequences, length 45
# corresponding to MSA columns:
# 191-235
name=unknown_F
#
# <colnr> <probs for GDERKNQSTAVLIFYWHMCP>
#	G	D	E	R	K	N	Q	S	T	A	V	L	I	F	Y	W	H	M	C	P
0	0.01401	0.01362	0.01996	0.01699	0.01939	0.05623	0.14006	0.01741	0.03981	0.02022	0.05281	0.18211	0.06737	0.04402	0.11281	0.00422	0.15500	0.01133	0.00493	0.00771
1	0.01673	0.01596	0.02716	0.30085	0.45037	0.01721	0.02196	0.02134	0.01613	0.02226	0.01367	0.01891	0.01106	0.00692	0.00738	0.00231	0.00923	0.00661	0.00353	0.01043
2	0.01097	0.00854	0.01030	0.01044	0.01207	0.00832	0.00750	0.03406	0.05028	0.02164	0.10067	0.37519	0.17032	0.05918	0.01109	0.00294	0.03452	0.01612	0.00664	0.04920
3	0.00918	0.00665	0.00871	0.01030	0.01095	0.00618	0.00706	0.01062	0.01456	0.01920	0.04336	0.65161	0.09603	0.02279	0.00946	0.00300	0.00440	0.05296	0.00689	0.00609
4	0.01104	0.00720	0.00928	0.00994	0.01102	0.00665	0.00684	0.01271	0.01564	0.06418	0.15349	0.45772	0.08566	0.09761	0.01222	0.00327	0.00457	0.01746	0.00701	0.00647
5	0.02706	0.01533	0.03907	0.01498	0.02033	0.01443	0.04674	0.19282	0.05359	0.36142	0.05952	0.04806	0.02048	0.04002	0.00891	0.00253	0.00706	0.00820	0.00788	0.01156
6	0.01837	0.01764	0.03013	0.04557	0.69279	0.01764	0.02278	0.02278	0.01690	0.02425	0.01396	0.01837	0.01176	0.00661	0.00735	0.00220	0.00882	0.00661	0.00367	0.01176
7	0.02822	0.02079	0.02228	0.01708	0.02302	0.02302	0.01411	0.66804	0.03490	0.04679	0.01782	0.01782	0.01262	0.00891	0.00743	0.00223	0.00817	0.00668	0.00743	0.01262
8	0.00988	0.00718	0.00864	0.00891	0.01000	0.00667	0.00604	0.01156	0.01575	0.02101	0.22683	0.23028	0.17211	0.21215	0.01673	0.00385	0.00475	0.01511	0.00661	0.00594
9	0.00926	0.00658	0.00865	0.01012	0.01059	0.00617	0.00672	0.01058	0.01434	0.01922	0.07590	0.64568	0.04864	0.07561	0.01152	0.00329	0.00448	0.01991	0.00679	0.00597
10	0.00911	0.00651	0.00867	0.01029	0.01078	0.00607	0.00690	0.01050	0.01452	0.01944	0.07043	0.70334	0.05005	0.02289	0.00944	0.00298	0.00427	0.02075	0.00695	0.00607
11	0.03287	0.01333	0.01766	0.01354	0.01930	0.01195	0.01119	0.09033	0.02242	0.64214	0.02831	0.02463	0.01788	0.00916	0.00746	0.00229	0.00648	0.00740	0.00904	0.01263
12	0.03473	0.00761	0.00857	0.00849	0.01031	0.00695	0.00613	0.01232	0.01712	0.02314	0.26431	0.11868	0.30662	0.10355	0.01206	0.00303	0.00419	0.01418	0.03168	0.00635
13	0.01023	0.00758	0.00954	0.00905	0.01092	0.00689	0.00678	0.01347	0.02035	0.02820	0.59000	0.05803	0.16990	0.01576	0.00876	0.00236	0.00354	0.01379	0.00797	0.00689
14	0.01071	0.00716	0.00812	0.00820	0.00823	0.00714	0.00461	0.01077	0.01096	0.01461	0.02424	0.08162	0.02805	0.70461	0.03642	0.00700	0.00706	0.01129	0.00461	0.00457
15	0.00904	0.00646	0.00861	0.01034	0.01077	0.00603	0.00689	0.01034	0.01421	0.01895	0.04092	0.73426	0.04910	0.02326	0.00948	0.00301	0.00431	0.02110	0.00689	0.00603
16	0.00908	0.00655	0.00860	0.01016	0.01074	0.00608	0.00683	0.01048	0.01459	0.01938	0.06496	0.67678	0.08281	0.02275	0.00941	0.00297	0.00425	0.02056	0.00694	0.00608
17	0.01402	0.01319	0.02227	0.72126	0.05113	0.01649	0.02062	0.01897	0.01484	0.01897	0.01319	0.01979	0.00990	0.00742	0.00742	0.00247	0.00990	0.00660	0.00330	0.00825
18	0.01080	0.00720	0.00810	0.00810	0.00810	0.00720	0.00450	0.01080	0.01080	0.01439	0.02339	0.04858	0.02699	0.73910	0.03779	0.00720	0.00720	0.01080	0.00450	0.00450
19	0.01752	0.02003	0.04380	0.03129	0.03880	0.01877	0.66583	0.02378	0.01752	0.02378	0.01502	0.02003	0.01126	0.00626	0.00876	0.00250	0.01252	0.00876	0.00375	0.01001
20	0.03331	0.01263	0.01723	0.01321	0.01895	0.01091	0.01091	0.03618	0.02125	0.69794	0.02929	0.02527	0.01838	0.00919	0.00747	0.00230	0.00632	0.00747	0.00919	0.01263
21	0.00904	0.00646	0.00861	0.01034	0.01077	0.00603	0.00689	0.01034	0.01421	0.01895	0.04092	0.73426	0.04910	0.02326	0.00948	0.00301	0.00431	0.02110	0.00689	0.00603
22	0.01401	0.01309	0.02200	0.64656	0.08496	0.01601	0.02003	0.01873	0.01493	0.01926	0.01468	0.05678	0.01203	0.00820	0.00752	0.00249	0.00955	0.00735	0.00351	0.00833
23	0.01061	0.00792	0.01176	0.01176	0.01302	0.00918	0.00906	0.01314	0.01188	0.01710	0.02004	0.03005	0.01894	0.08681	0.67908	0.01172	0.01931	0.00808	0.00400	0.00653
24	0.01384	0.00692	0.00692	0.00692	0.00865	0.00692	0.00519	0.01730	0.01557	0.02768	0.02422	0.02768	0.01903	0.00865	0.00519	0.00173	0.00346	0.00692	0.78031	0.00692
25	0.67012	0.01538	0.01272	0.01093	0.01574	0.01767	0.00901	0.12462	0.01618	0.03545	0.01153	0.01298	0.00877	0.00721	0.00504	0.00229	0.00613	0.00444	0.00504	0.00877
26	0.02309	0.01492	0.01692	0.01452	0.01919	0.01611	0.01149	0.03843	0.47440	0.23876	0.02993	0.02694	0.02133	0.00980	0.00753	0.00245	0.00601	0.00810	0.00806	0.01203
27	0.03331	0.01263	0.01723	0.01321	0.01895	0.01091	0.01091	0.03618	0.02125	0.69794	0.02929	0.02527	0.01838	0.00919	0.00747	0.00230	0.00632	0.00747	0.00919	0.01263
28	0.03226	0.01349	0.01766	0.01363	0.01932	0.01229	0.01123	0.09211	0.04912	0.61341	0.02831	0.02471	0.01804	0.00920	0.00747	0.00230	0.00646	0.00743	0.00897	0.01260
29	0.01206	0.00873	0.01197	0.01354	0.01528	0.00881	0.01167	0.01607	0.04376	0.02239	0.03903	0.11788	0.04227	0.02024	0.01010	0.00336	0.00666	0.58232	0.00687	0.00699
30	0.00877	0.00752	0.00752	0.00752	0.01003	0.00627	0.00564	0.01065	0.01692	0.02005	0.07520	0.07144	0.68978	0.01880	0.00877	0.00251	0.00376	0.01567	0.00689	0.00627
31	0.00903	0.00652	0.00855	0.01017	0.01072	0.00604	0.00682	0.01036	0.01437	0.01902	0.04291	0.69571	0.08636	0.02300	0.00943	0.00299	0.00428	0.02079	0.00689	0.00604
32	0.03331	0.01263	0.01723	0.01321	0.01895	0.01091	0.01091	0.03618	0.02125	0.69794	0.02929	0.02527	0.01838	0.00919	0.00747	0.00230	0.00632	0.00747	0.00919	0.01263
33	0.01489	0.03840	0.70064	0.02116	0.03213	0.01724	0.02743	0.02351	0.01567	0.02351	0.01332	0.01567	0.00940	0.00705	0.00705	0.00235	0.01097	0.00549	0.00313	0.01097
34	0.01008	0.00747	0.00941	0.01052	0.01162	0.00717	0.00757	0.01280	0.04936	0.02048	0.07798	0.45053	0.12420	0.06285	0.01101	0.00319	0.00480	0.10566	0.00685	0.00643
35	0.02533	0.01875	0.02048	0.01648	0.02171	0.02066	0.01367	0.53984	0.06573	0.04237	0.02161	0.02799	0.01755	0.01067	0.00785	0.00242	0.00785	0.09995	0.00735	0.01173
36	0.79154	0.01436	0.01091	0.00976	0.01436	0.01665	0.00804	0.02182	0.01263	0.03331	0.01034	0.01206	0.00804	0.00689	0.00459	0.00230	0.00574	0.00402	0.00459	0.00804
37	0.02541	0.02956	0.02000	0.01793	0.02187	0.50180	0.01365	0.08675	0.12743	0.02272	0.01548	0.01689	0.01240	0.01062	0.04310	0.00255	0.01206	0.00569	0.00475	0.00936
38	0.01006	0.00748	0.00937	0.00909	0.01087	0.00679	0.00674	0.01308	0.01968	0.02705	0.52036	0.11657	0.18236	0.01654	0.00882	0.00242	0.00362	0.01450	0.00783	0.00679
39	0.03048	0.01365	0.01748	0.01363	0.01908	0.01277	0.01117	0.12066	0.06136	0.53361	0.06471	0.02609	0.02074	0.00954	0.00754	0.00230	0.00638	0.00775	0.00880	0.01227
40	0.12088	0.01376	0.01682	0.01313	0.01853	0.01313	0.01076	0.12222	0.02172	0.49984	0.02520	0.02364	0.01671	0.03920	0.00838	0.00249	0.00655	0.00709	0.00821	0.01175
41	0.01444	0.01395	0.02419	0.62419	0.04841	0.01702	0.07737	0.01934	0.01490	0.01934	0.01318	0.01963	0.01001	0.00761	0.00841	0.00252	0.04698	0.00678	0.00334	0.00840
42	0.01188	0.00787	0.00950	0.00907	0.01010	0.00747	0.00583	0.01264	0.01286	0.03983	0.09153	0.10215	0.03048	0.44944	0.05149	0.05098	0.00679	0.01092	0.00513	0.07404
43	0.01032	0.00769	0.01005	0.07217	0.01402	0.00751	0.00774	0.01229	0.01584	0.02105	0.20262	0.23982	0.15282	0.12208	0.01391	0.03577	0.00510	0.03661	0.00640	0.00620
44	0.05016	0.01603	0.01756	0.05633	0.04805	0.07610	0.01194	0.17514	0.08613	0.19079	0.07294	0.05177	0.02142	0.07980	0.01037	0.00277	0.00742	0.00820	0.00681	0.01029

[dist]
# distance from previous block
# <min> <max>
3	17

[block]
# block no. 6 follows, 27 sequences, length 30
# corresponding to MSA columns:
# 253-282
name=unknown_G
#
# <colnr> <probs for GDERKNQSTAVLIFYWHMCP>
#	G	D	E	R	K	N	Q	S	T	A	V	L	I	F	Y	W	H	M	C	P
0	0.08900	0.01938	0.01886	0.01514	0.02029	0.10466	0.01221	0.35293	0.02549	0.03503	0.01586	0.01765	0.01225	0.01325	0.08527	0.00309	0.00948	0.00598	0.00585	0.13833
1	0.06429	0.02262	0.13725	0.12877	0.32195	0.10415	0.07016	0.02325	0.01673	0.02314	0.01330	0.01725	0.01058	0.00692	0.00717	0.00226	0.00999	0.00621	0.00361	0.01039
2	0.01060	0.00790	0.00972	0.00949	0.01117	0.00748	0.00691	0.01438	0.05799	0.02606	0.43833	0.14287	0.13856	0.07204	0.01101	0.00283	0.00406	0.01419	0.00753	0.00688
3	0.07057	0.01252	0.01775	0.42785	0.03551	0.01474	0.01535	0.08082	0.01691	0.02420	0.02019	0.02446	0.06570	0.00864	0.00696	0.00232	0.00788	0.00720	0.13214	0.00828
4	0.79154	0.01436	0.01091	0.00976	0.01436	0.01665	0.00804	0.02182	0.01263	0.03331	0.01034	0.01206	0.00804	0.00689	0.00459	0.00230	0.00574	0.00402	0.00459	0.00804
5	0.01080	0.00720	0.00810	0.00810	0.00810	0.00720	0.00450	0.01080	0.01080	0.01439	0.02339	0.04858	0.02699	0.73910	0.03779	0.00720	0.00720	0.01080	0.00450	0.00450
6	0.01293	0.00827	0.00953	0.00946	0.01125	0.00795	0.00676	0.04327	0.04033	0.06590	0.07388	0.24511	0.15964	0.11427	0.01205	0.00311	0.00475	0.01366	0.15087	0.00700
7	0.02458	0.01249	0.01526	0.01241	0.01660	0.01205	0.00979	0.16010	0.02186	0.33396	0.06365	0.07301	0.05921	0.10330	0.01146	0.00294	0.00629	0.00927	0.04146	0.01032
8	0.00965	0.00689	0.00931	0.01103	0.01173	0.00655	0.00795	0.01139	0.01481	0.01963	0.04058	0.59874	0.04777	0.02268	0.00964	0.00310	0.00483	0.15062	0.00688	0.00620
9	0.01240	0.00848	0.00949	0.00898	0.00960	0.00866	0.00549	0.07193	0.01345	0.01803	0.05000	0.04601	0.02741	0.64182	0.03378	0.00654	0.00714	0.01052	0.00492	0.00535
10	0.01501	0.01002	0.01142	0.01040	0.01316	0.00969	0.00785	0.10464	0.04639	0.09719	0.12475	0.14947	0.25268	0.07520	0.01077	0.00286	0.00504	0.01311	0.03237	0.00797
11	0.79154	0.01436	0.01091	0.00976	0.01436	0.01665	0.00804	0.02182	0.01263	0.03331	0.01034	0.01206	0.00804	0.00689	0.00459	0.00230	0.00574	0.00402	0.00459	0.00804
12	0.00904	0.00646	0.00861	0.01034	0.01077	0.00603	0.00689	0.01034	0.01421	0.01895	0.04092	0.73426	0.04910	0.02326	0.00948	0.00301	0.00431	0.02110	0.00689	0.00603
13	0.01142	0.00805	0.00982	0.01006	0.01103	0.00802	0.00697	0.05070	0.01514	0.02031	0.10501	0.22415	0.05789	0.30993	0.04660	0.00493	0.00644	0.08154	0.00599	0.00603
14	0.00957	0.00681	0.00907	0.01069	0.01128	0.00646	0.00749	0.01110	0.01443	0.01915	0.03964	0.59894	0.04686	0.06543	0.01127	0.00332	0.00485	0.11085	0.00674	0.00606
15	0.00904	0.00646	0.00861	0.01034	0.01077	0.00603	0.00689	0.01034	0.01421	0.01895	0.04092	0.73426	0.04910	0.02326	0.00948	0.00301	0.00431	0.02110	0.00689	0.00603
16	0.02855	0.02027	0.02196	0.01683	0.02276	0.02225	0.01391	0.62755	0.03403	0.08851	0.01856	0.01830	0.01299	0.00893	0.00743	0.00223	0.00805	0.00673	0.00754	0.01263
17	0.00966	0.00739	0.00855	0.00890	0.01050	0.00667	0.00644	0.01156	0.01625	0.02080	0.15787	0.17873	0.33014	0.12380	0.01323	0.00332	0.00457	0.06873	0.00675	0.00614
18	0.13915	0.01986	0.02063	0.01602	0.02176	0.02210	0.01323	0.57413	0.03167	0.04483	0.01674	0.01699	0.01196	0.00862	0.00701	0.00224	0.00782	0.00630	0.00701	0.01196
19	0.01289	0.00645	0.00967	0.00967	0.00967	0.00645	0.00645	0.00967	0.00967	0.01289	0.01289	0.02257	0.01289	0.02579	0.02901	0.78401	0.00645	0.00645	0.00322	0.00322
20	0.01944	0.71114	0.03771	0.01267	0.01880	0.02849	0.01255	0.02183	0.01495	0.01746	0.01074	0.01267	0.00992	0.00853	0.03584	0.00204	0.00847	0.00415	0.00321	0.00940
21	0.01435	0.01353	0.02286	0.67022	0.09960	0.01658	0.02078	0.01926	0.01500	0.01937	0.01325	0.01969	0.01004	0.00736	0.00742	0.00245	0.00981	0.00660	0.00333	0.00851
22	0.01100	0.00973	0.00961	0.00932	0.01174	0.05213	0.00706	0.01422	0.04715	0.02320	0.23920	0.06178	0.42175	0.01675	0.00863	0.00245	0.00450	0.03578	0.00708	0.00688
23	0.01645	0.28509	0.42322	0.01770	0.02645	0.02096	0.02125	0.02254	0.01556	0.02130	0.01393	0.01871	0.01158	0.00767	0.00645	0.00215	0.00964	0.04579	0.00339	0.01020
24	0.01384	0.00692	0.00692	0.00692	0.00865	0.00692	0.00519	0.01730	0.01557	0.02768	0.02422	0.02768	0.01903	0.00865	0.00519	0.00173	0.00346	0.00692	0.78031	0.00692
25	0.01080	0.00720	0.00810	0.00810	0.00810	0.00720	0.00450	0.01080	0.01080	0.01439	0.02339	0.04858	0.02699	0.73910	0.03779	0.00720	0.00720	0.01080	0.00450	0.00450
26	0.01539	0.01319	0.01539	0.01100	0.01759	0.00990	0.00880	0.01869	0.01539	0.02419	0.01319	0.01539	0.01100	0.00550	0.00550	0.00110	0.00550	0.00440	0.00440	0.78449
27	0.00999	0.00686	0.00834	0.00913	0.00933	0.00666	0.00560	0.01058	0.01237	0.01650	0.03149	0.36531	0.03720	0.40843	0.02471	0.00527	0.00586	0.01556	0.00560	0.00521
28	0.06845	0.02133	0.02141	0.01672	0.02242	0.07694	0.01370	0.56101	0.03215	0.06670	0.01733	0.01743	0.01234	0.00871	0.00722	0.00221	0.00839	0.00642	0.00705	0.01206
29	0.11316	0.01699	0.01936	0.01721	0.07334	0.01842	0.01285	0.27771	0.11037	0.09781	0.01856	0.01975	0.01396	0.02958	0.00890	0.00238	0.05370	0.00656	0.00634	0.08302

[dist]
# distance from previous block
# <min> <max>
0	15

[block]
# block no. 7 follows, 27 sequences, length 25
# corresponding to MSA columns:
# 300-324
name=unknown_H
#
# <colnr> <probs for GDERKNQSTAVLIFYWHMCP>
#	G	D	E	R	K	N	Q	S	T	A	V	L	I	F	Y	W	H	M	C	P
0	0.04654	0.07081	0.08428	0.33873	0.08099	0.03894	0.01809	0.13808	0.01905	0.02562	0.04038	0.03738	0.01367	0.00821	0.00717	0.00232	0.00903	0.00680	0.00439	0.00952
1	0.08549	0.04292	0.26674	0.01698	0.04773	0.01397	0.05487	0.02074	0.01550	0.05224	0.03650	0.02553	0.01652	0.01496	0.10066	0.00359	0.00985	0.05290	0.11316	0.00915
2	0.07193	0.04390	0.02104	0.02107	0.13065	0.31710	0.01429	0.11036	0.02115	0.02555	0.10762	0.02068	0.01873	0.00882	0.00766	0.00213	0.03647	0.00654	0.00490	0.00941
3	0.01586	0.00887	0.00907	0.00835	0.01067	0.00918	0.00644	0.10862	0.01828	0.03036	0.02332	0.02629	0.01813	0.00869	0.00550	0.00180	0.00412	0.00689	0.67185	0.00772
4	0.11962	0.00829	0.00947	0.00948	0.01136	0.00810	0.00701	0.01380	0.01736	0.02593	0.33370	0.20596	0.12791	0.04088	0.00936	0.00270	0.00424	0.03100	0.00707	0.00675
5	0.01402	0.01319	0.02227	0.72126	0.05113	0.01649	0.02062	0.01897	0.01484	0.01897	0.01319	0.01979	0.00990	0.00742	0.00742	0.00247	0.00990	0.00660	0.00330	0.00825
6	0.00928	0.00748	0.00816	0.00809	0.01024	0.00647	0.00597	0.01146	0.01757	0.02214	0.22023	0.09141	0.49069	0.04575	0.00991	0.00266	0.00385	0.01514	0.00711	0.00637
7	0.03740	0.00726	0.01013	0.00992	0.01040	0.00735	0.00681	0.03263	0.01157	0.01607	0.06310	0.04406	0.01790	0.02379	0.02551	0.65468	0.00621	0.00729	0.00387	0.00404
8	0.01613	0.01413	0.01826	0.01309	0.01975	0.01126	0.06862	0.04655	0.01641	0.02511	0.01356	0.01592	0.01109	0.00571	0.00588	0.00127	0.00625	0.00489	0.00447	0.68167
9	0.01115	0.00796	0.01103	0.01274	0.01410	0.00784	0.01055	0.01398	0.01629	0.02131	0.03975	0.26499	0.04450	0.02127	0.01004	0.00331	0.00613	0.46960	0.00685	0.00661
10	0.00935	0.00661	0.00860	0.00998	0.01041	0.00623	0.00656	0.01055	0.01402	0.01876	0.06550	0.60970	0.04687	0.12338	0.01342	0.00357	0.00468	0.01934	0.00661	0.00586
11	0.00931	0.00665	0.00892	0.01064	0.01119	0.00626	0.00735	0.01079	0.01447	0.01925	0.04077	0.67525	0.04852	0.02301	0.00955	0.00305	0.00454	0.07750	0.00689	0.00610
12	0.01539	0.01319	0.01539	0.01100	0.01759	0.00990	0.00880	0.01869	0.01539	0.02419	0.01319	0.01539	0.01100	0.00550	0.00550	0.00110	0.00550	0.00440	0.00440	0.78449
13	0.01080	0.00720	0.00810	0.00810	0.00810	0.00720	0.00450	0.01080	0.01080	0.01439	0.02339	0.04858	0.02699	0.73910	0.03779	0.00720	0.00720	0.01080	0.00450	0.00450
14	0.01020	0.00732	0.00957	0.01087	0.01172	0.00703	0.00766	0.03875	0.01574	0.02104	0.07701	0.60604	0.04819	0.02194	0.00942	0.00298	0.00465	0.07645	0.00698	0.00644
15	0.02678	0.01845	0.01998	0.01552	0.02092	0.02011	0.01275	0.54002	0.03147	0.09192	0.01946	0.01961	0.01385	0.00890	0.00715	0.00217	0.00744	0.00677	0.10482	0.01191
16	0.79154	0.01436	0.01091	0.00976	0.01436	0.01665	0.00804	0.02182	0.01263	0.03331	0.01034	0.01206	0.00804	0.00689	0.00459	0.00230	0.00574	0.00402	0.00459	0.00804
17	0.01072	0.00717	0.00812	0.00819	0.00821	0.00715	0.00460	0.01078	0.01094	0.01459	0.02413	0.07756	0.02792	0.70885	0.03659	0.00702	0.00707	0.01123	0.00460	0.00456
18	0.00904	0.00646	0.00861	0.01034	0.01077	0.00603	0.00689	0.01034	0.01421	0.01895	0.04092	0.73426	0.04910	0.02326	0.00948	0.00301	0.00431	0.02110	0.00689	0.00603
19	0.57669	0.01474	0.01287	0.01119	0.01589	0.01670	0.00912	0.05742	0.10808	0.09394	0.01521	0.01574	0.01126	0.00765	0.00541	0.00232	0.00593	0.00508	0.00557	0.00920
20	0.05206	0.00817	0.00931	0.10734	0.01487	0.00875	0.00747	0.01755	0.01517	0.02631	0.02196	0.02647	0.01746	0.03171	0.00651	0.00204	0.00459	0.00686	0.60831	0.00708
21	0.01084	0.00788	0.01156	0.01156	0.01292	0.00911	0.00898	0.01355	0.01220	0.01800	0.02020	0.02906	0.01859	0.05224	0.65825	0.01119	0.01869	0.00788	0.06065	0.00665
22	0.01532	0.03565	0.60750	0.02358	0.07895	0.01738	0.07190	0.02348	0.01589	0.02358	0.01349	0.01617	0.00970	0.00697	0.00719	0.00235	0.01093	0.00579	0.00322	0.01096
23	0.01558	0.01448	0.02460	0.36505	0.14262	0.01602	0.10884	0.06835	0.01698	0.02258	0.01781	0.11971	0.01609	0.00947	0.00789	0.00249	0.00918	0.00895	0.00424	0.00907
24	0.05316	0.06356	0.01363	0.01047	0.01347	0.01136	0.00834	0.10328	0.02130	0.05844	0.39243	0.04228	0.08463	0.01266	0.00771	0.00222	0.00469	0.01067	0.07754	0.00817

[dist]
# distance from previous block
# <min> <max>
0	3

[block]
# block no. 8 follows, 27 sequences, length 38
# corresponding to MSA columns:
# 328-365
name=unknown_I
#
# <colnr> <probs for GDERKNQSTAVLIFYWHMCP>
#	G	D	E	R	K	N	Q	S	T	A	V	L	I	F	Y	W	H	M	C	P
0	0.01310	0.06890	0.04395	0.01339	0.01609	0.01093	0.01205	0.04246	0.01792	0.02343	0.09173	0.06939	0.07120	0.01779	0.00936	0.00304	0.00673	0.45459	0.00652	0.00745
1	0.02777	0.03422	0.02114	0.01896	0.02296	0.65450	0.01433	0.08062	0.02214	0.02045	0.01198	0.01374	0.00981	0.00775	0.00675	0.00194	0.01297	0.00493	0.00411	0.00893
2	0.07491	0.00762	0.01068	0.05406	0.01296	0.00805	0.00774	0.01155	0.01065	0.01551	0.01450	0.04294	0.01437	0.02422	0.05414	0.59704	0.00714	0.02411	0.00357	0.00424
3	0.55172	0.01556	0.04156	0.01106	0.01546	0.04762	0.00932	0.02257	0.06757	0.03151	0.10683	0.01958	0.01799	0.00834	0.00562	0.00230	0.00602	0.00578	0.00523	0.00834
4	0.05272	0.02152	0.14519	0.01631	0.02223	0.04076	0.01500	0.22850	0.23731	0.06430	0.06265	0.02292	0.01882	0.00922	0.00734	0.00235	0.00764	0.00730	0.00656	0.01137
5	0.00900	0.00719	0.00806	0.00856	0.01035	0.00625	0.00615	0.01082	0.01639	0.02049	0.11384	0.28066	0.43629	0.01992	0.00900	0.00265	0.00391	0.01721	0.00700	0.00625
6	0.01570	0.01511	0.02625	0.45143	0.26595	0.01702	0.06138	0.02055	0.01570	0.02104	0.01357	0.01933	0.01061	0.00708	0.00748	0.00239	0.00970	0.00674	0.00345	0.00954
7	0.01669	0.02583	0.25133	0.02809	0.03669	0.01829	0.46413	0.02369	0.01694	0.02369	0.01448	0.01865	0.01068	0.00651	0.00822	0.00246	0.01203	0.00773	0.00356	0.01032
8	0.00943	0.00674	0.00906	0.01078	0.01138	0.00636	0.00756	0.01100	0.01459	0.01938	0.04070	0.64812	0.04826	0.02289	0.00958	0.00307	0.00464	0.10343	0.00688	0.00614
9	0.58889	0.15050	0.01700	0.01088	0.01590	0.01951	0.00938	0.07194	0.01481	0.03140	0.01091	0.01248	0.00867	0.00695	0.00484	0.00216	0.00634	0.00422	0.00455	0.00867
10	0.01614	0.01671	0.02966	0.31476	0.09165	0.04500	0.25198	0.02116	0.01625	0.02148	0.01468	0.04073	0.01179	0.00728	0.00778	0.00235	0.01039	0.00757	0.00371	0.06893
11	0.01837	0.01764	0.03013	0.04557	0.69279	0.01764	0.02278	0.02278	0.01690	0.02425	0.01396	0.01837	0.01176	0.00661	0.00735	0.00220	0.00882	0.00661	0.00367	0.01176
12	0.01480	0.01585	0.05979	0.54240	0.04762	0.01701	0.15635	0.02020	0.01545	0.02020	0.01358	0.01964	0.01016	0.00716	0.00769	0.00247	0.01050	0.00700	0.00339	0.00875
13	0.01028	0.00746	0.00969	0.00938	0.01101	0.00687	0.00694	0.01348	0.02011	0.02821	0.59414	0.13073	0.09144	0.01620	0.00884	0.00242	0.00360	0.01436	0.00798	0.00687
14	0.01423	0.01360	0.02355	0.68029	0.05040	0.01663	0.05893	0.01925	0.01500	0.01925	0.01330	0.01981	0.00998	0.00735	0.00750	0.00248	0.01005	0.00673	0.00333	0.00835
15	0.00910	0.00650	0.00866	0.01030	0.01078	0.00607	0.00690	0.01047	0.01447	0.01935	0.06502	0.70900	0.04988	0.02296	0.00945	0.00299	0.00428	0.02082	0.00694	0.00607
16	0.00935	0.00744	0.00839	0.00836	0.01043	0.00648	0.00619	0.01170	0.01798	0.02305	0.26796	0.12741	0.43290	0.01805	0.00883	0.00250	0.00373	0.01545	0.00730	0.00648
17	0.02607	0.01973	0.02107	0.01665	0.02220	0.02202	0.01359	0.52969	0.17675	0.04332	0.02055	0.02000	0.01483	0.00917	0.00745	0.00229	0.00766	0.00706	0.00745	0.01243
18	0.00975	0.00698	0.00911	0.01058	0.01122	0.00665	0.00715	0.03436	0.01497	0.01997	0.04007	0.70808	0.04777	0.02273	0.00940	0.00299	0.00445	0.02058	0.00691	0.00627
19	0.01060	0.00712	0.00815	0.00834	0.00839	0.00707	0.00476	0.01074	0.01117	0.01490	0.02533	0.12448	0.02944	0.65986	0.03465	0.00673	0.00688	0.01194	0.00476	0.00467
20	0.01056	0.00733	0.00921	0.00953	0.00996	0.00756	0.00625	0.01149	0.01182	0.01603	0.02579	0.14202	0.02892	0.45248	0.18331	0.00750	0.00962	0.04051	0.00482	0.00530
21	0.01879	0.01611	0.01697	0.01517	0.01943	0.01862	0.01183	0.06056	0.65773	0.03158	0.02980	0.02737	0.02232	0.01003	0.00755	0.00251	0.00595	0.00834	0.00755	0.01178
22	0.01907	0.01625	0.01713	0.01523	0.01953	0.01875	0.01190	0.07845	0.63939	0.03203	0.02945	0.02708	0.02204	0.01000	0.00755	0.00250	0.00602	0.00829	0.00755	0.01180
23	0.01141	0.00780	0.00986	0.00922	0.01116	0.00711	0.00687	0.01447	0.01990	0.06013	0.53926	0.05561	0.14375	0.05833	0.01042	0.00264	0.00389	0.01326	0.00784	0.00704
24	0.01090	0.00764	0.00970	0.01029	0.01197	0.00703	0.00786	0.01333	0.01722	0.04986	0.19008	0.26728	0.19864	0.01931	0.00924	0.00280	0.00462	0.14826	0.00725	0.00674
25	0.00904	0.00646	0.00861	0.01034	0.01077	0.00603	0.00689	0.01034	0.01421	0.01895	0.04092	0.73426	0.04910	0.02326	0.00948	0.00301	0.00431	0.02110	0.00689	0.00603
26	0.01143	0.00768	0.00877	0.00882	0.00923	0.00771	0.00535	0.04074	0.01265	0.01717	0.02602	0.15741	0.02958	0.55844	0.03041	0.00606	0.00661	0.01211	0.03859	0.00522
27	0.01119	0.00855	0.01053	0.00942	0.01200	0.00744	0.00704	0.01419	0.01865	0.02635	0.43252	0.07687	0.12112	0.05708	0.00990	0.00244	0.00415	0.01214	0.00706	0.15136
28	0.01421	0.01194	0.01413	0.01087	0.01632	0.00918	0.00844	0.01714	0.01517	0.02322	0.01835	0.14911	0.01808	0.00880	0.00624	0.00146	0.00528	0.00751	0.00486	0.63968
29	0.03331	0.01263	0.01723	0.01321	0.01895	0.01091	0.01091	0.03618	0.02125	0.69794	0.02929	0.02527	0.01838	0.00919	0.00747	0.00230	0.00632	0.00747	0.00919	0.01263
30	0.01197	0.00789	0.00996	0.00943	0.01153	0.00710	0.00707	0.01489	0.01957	0.08375	0.45085	0.12486	0.18069	0.01617	0.00872	0.00243	0.00387	0.01412	0.00789	0.00725
31	0.01016	0.00731	0.00861	0.00845	0.01009	0.00657	0.00606	0.01138	0.01618	0.02086	0.22333	0.05626	0.34547	0.07665	0.01485	0.14820	0.00447	0.01296	0.00636	0.00576
32	0.02819	0.02166	0.02221	0.01720	0.02302	0.06377	0.01412	0.63013	0.03408	0.04509	0.01745	0.01756	0.01244	0.00884	0.00738	0.00221	0.00848	0.00657	0.00721	0.01239
33	0.01112	0.00770	0.00963	0.01021	0.01115	0.00756	0.00753	0.01258	0.01416	0.01856	0.07306	0.06248	0.09110	0.34199	0.02321	0.04028	0.00652	0.23984	0.00571	0.00559
34	0.01006	0.00700	0.00832	0.00885	0.00928	0.00674	0.00550	0.01082	0.01294	0.01717	0.07048	0.27355	0.08660	0.41133	0.02476	0.00521	0.00579	0.01466	0.00566	0.00527
35	0.01081	0.00927	0.04867	0.01024	0.01219	0.00766	0.00820	0.01399	0.01865	0.02614	0.47286	0.09865	0.05760	0.10953	0.01259	0.00309	0.00471	0.06110	0.00723	0.00683
36	0.01401	0.00984	0.01131	0.01035	0.01165	0.01045	0.00701	0.13342	0.01545	0.02085	0.02183	0.03994	0.02305	0.50035	0.13333	0.00699	0.00929	0.00960	0.00496	0.00633
37	0.11589	0.07501	0.57392	0.01920	0.02909	0.01785	0.02408	0.02322	0.01525	0.02444	0.01277	0.01499	0.00923	0.00699	0.00661	0.00230	0.01012	0.00521	0.00333	0.01051

[dist]
# distance from previous block
# <min> <max>
3	9

[block]
# block no. 9 follows, 27 sequences, length 27
# corresponding to MSA columns:
# 375-401
name=unknown_J
#
# <colnr> <probs for GDERKNQSTAVLIFYWHMCP>
#	G	D	E	R	K	N	Q	S	T	A	V	L	I	F	Y	W	H	M	C	P
0	0.00986	0.00754	0.00891	0.00858	0.01053	0.00673	0.00636	0.01257	0.01893	0.02528	0.42112	0.06118	0.30364	0.05382	0.01026	0.00265	0.00379	0.01414	0.00750	0.00659
1	0.02776	0.01952	0.02128	0.01648	0.02216	0.02132	0.01354	0.58942	0.03292	0.09637	0.01975	0.05032	0.01470	0.00957	0.00752	0.00227	0.00785	0.00739	0.00754	0.01233
2	0.00959	0.00743	0.00820	0.00814	0.00987	0.00662	0.00574	0.01140	0.01640	0.02090	0.19546	0.08789	0.39039	0.17199	0.01499	0.00349	0.00446	0.01435	0.00666	0.00604
3	0.36713	0.06612	0.03739	0.04231	0.01882	0.01725	0.01129	0.10687	0.04377	0.11032	0.01654	0.02029	0.01308	0.01006	0.02875	0.00265	0.02976	0.04268	0.00550	0.00942
4	0.02656	0.06177	0.02168	0.01799	0.02243	0.45868	0.01396	0.17072	0.08994	0.02573	0.01470	0.01573	0.01155	0.00811	0.00686	0.00203	0.01124	0.00553	0.00496	0.00985
5	0.00944	0.00671	0.00890	0.01051	0.01104	0.00635	0.00722	0.01086	0.01426	0.01896	0.03960	0.62580	0.04701	0.07055	0.01143	0.00333	0.00474	0.08054	0.00673	0.00601
