[name]
unknown

[dist]
# distance from previous block
# <min> <max>
0	66

[block]
# block no. 0 follows, 28 sequences, length 13
# corresponding to MSA columns:
# 83-95
name=unknown_A
#
# <colnr> <probs for GDERKNQSTAVLIFYWHMCP>
#	G	D	E	R	K	N	Q	S	T	A	V	L	I	F	Y	W	H	M	C	P
0	0.04081	0.01798	0.05525	0.03837	0.13784	0.05264	0.07800	0.11602	0.08724	0.09767	0.01806	0.02230	0.01439	0.00891	0.00932	0.00235	0.09615	0.04215	0.00524	0.05931
1	0.01576	0.06682	0.13090	0.11247	0.13041	0.03174	0.09068	0.02147	0.06804	0.04170	0.02204	0.08526	0.06987	0.00924	0.00730	0.00223	0.00822	0.00826	0.00448	0.07313
2	0.01636	0.12559	0.26914	0.05844	0.13977	0.03680	0.16020	0.02205	0.01579	0.02170	0.01395	0.03501	0.01131	0.00869	0.03219	0.00255	0.01047	0.00654	0.00344	0.01001
3	0.03829	0.01771	0.02160	0.07637	0.06512	0.07761	0.06248	0.14027	0.09190	0.04620	0.01538	0.01786	0.01208	0.00835	0.00982	0.00220	0.13496	0.00623	0.00489	0.15067
4	0.00914	0.00673	0.00860	0.00980	0.01075	0.00619	0.00689	0.01084	0.01517	0.01997	0.10939	0.52508	0.15133	0.02114	0.00915	0.00283	0.00422	0.05981	0.00687	0.00609
5	0.00925	0.00744	0.00816	0.00817	0.01022	0.00641	0.00589	0.01106	0.01595	0.02006	0.11718	0.16974	0.45060	0.07733	0.01086	0.00283	0.00410	0.01507	0.00656	0.04312
6	0.02621	0.05222	0.02192	0.01622	0.02178	0.02200	0.01346	0.60512	0.03193	0.04275	0.01725	0.01787	0.01258	0.01142	0.05059	0.00274	0.00869	0.00650	0.00688	0.01187
7	0.01175	0.00760	0.00967	0.01026	0.01171	0.00710	0.00726	0.01441	0.04970	0.08736	0.10062	0.50119	0.11428	0.01960	0.00885	0.00275	0.00436	0.01749	0.00711	0.00693
8	0.00882	0.00729	0.00773	0.00780	0.01000	0.00620	0.00578	0.01080	0.01683	0.02069	0.14545	0.12266	0.56817	0.01834	0.00864	0.00247	0.00370	0.01551	0.00690	0.00620
9	0.01680	0.01609	0.02789	0.07709	0.53023	0.01610	0.07342	0.02119	0.01695	0.02405	0.09218	0.02238	0.01794	0.00746	0.00747	0.00221	0.00839	0.00741	0.00409	0.01065
10	0.02655	0.01955	0.02104	0.01634	0.02185	0.02158	0.01341	0.63661	0.03301	0.04424	0.01876	0.05911	0.01442	0.00954	0.00739	0.00223	0.00778	0.00736	0.00724	0.01199
11	0.04122	0.01161	0.01219	0.01048	0.01378	0.01222	0.00827	0.18701	0.08027	0.03195	0.06624	0.02751	0.05430	0.00937	0.00624	0.00195	0.00495	0.00748	0.36944	0.04351
12	0.02242	0.01733	0.01855	0.01547	0.02031	0.01951	0.01237	0.28652	0.40384	0.06490	0.02482	0.02325	0.01818	0.00938	0.00734	0.00235	0.00665	0.00753	0.00742	0.01188

[dist]
# distance from previous block
# <min> <max>
0	2

[block]
# block no. 1 follows, 28 sequences, length 30
# corresponding to MSA columns:
# 98-127
name=unknown_B
#
# <colnr> <probs for GDERKNQSTAVLIFYWHMCP>
#	G	D	E	R	K	N	Q	S	T	A	V	L	I	F	Y	W	H	M	C	P
0	0.01708	0.04972	0.02748	0.14878	0.45474	0.04351	0.04853	0.02124	0.01594	0.02182	0.01380	0.01865	0.01155	0.01044	0.06353	0.00293	0.00996	0.00648	0.00355	0.01027
1	0.01959	0.01625	0.01745	0.01552	0.04915	0.04680	0.01164	0.22395	0.23023	0.03156	0.02438	0.10299	0.04009	0.01030	0.00726	0.00218	0.00659	0.00850	0.00647	0.12909
2	0.01666	0.01682	0.02624	0.02122	0.02290	0.02152	0.14317	0.04730	0.01331	0.01985	0.01089	0.01669	0.00995	0.01127	0.02017	0.00300	0.56029	0.00680	0.00346	0.00850
3	0.00899	0.00638	0.00839	0.00995	0.01034	0.00600	0.00656	0.01016	0.01365	0.01820	0.03870	0.68469	0.04635	0.08023	0.01148	0.00328	0.00444	0.01986	0.00656	0.00578
4	0.00976	0.00755	0.01091	0.14269	0.01785	0.00780	0.00923	0.01168	0.01403	0.01856	0.03505	0.60659	0.04098	0.01991	0.00891	0.00285	0.00523	0.01804	0.00610	0.00631
5	0.01716	0.01961	0.04289	0.03064	0.03799	0.01838	0.67279	0.02328	0.01716	0.02328	0.01471	0.01961	0.01103	0.00613	0.00858	0.00245	0.01225	0.00858	0.00368	0.00980
6	0.00864	0.00718	0.00755	0.00785	0.00995	0.00610	0.00574	0.01038	0.01610	0.01945	0.06769	0.18871	0.58133	0.01918	0.00871	0.00254	0.00378	0.01628	0.00675	0.00610
7	0.01602	0.01626	0.02425	0.02020	0.02090	0.02189	0.07912	0.01805	0.01171	0.01805	0.01004	0.01626	0.00969	0.01209	0.02238	0.00311	0.66204	0.00657	0.00323	0.00813
8	0.03261	0.01237	0.01687	0.01293	0.01856	0.01068	0.01068	0.03543	0.02081	0.70423	0.02868	0.02474	0.01799	0.00900	0.00731	0.00225	0.00619	0.00731	0.00900	0.01237
9	0.01483	0.01465	0.02285	0.07794	0.02288	0.01853	0.10582	0.01751	0.01332	0.01947	0.07376	0.04060	0.03397	0.01350	0.04394	0.00323	0.44342	0.00793	0.00389	0.00797
10	0.00890	0.00674	0.00803	0.00900	0.01009	0.00608	0.00614	0.01026	0.01456	0.01857	0.05024	0.45438	0.26921	0.07873	0.01125	0.00311	0.00426	0.01803	0.00656	0.00586
11	0.00929	0.00740	0.00839	0.00889	0.01062	0.00670	0.00637	0.01197	0.04932	0.02048	0.10485	0.31470	0.37628	0.01934	0.00878	0.00263	0.00396	0.01679	0.00687	0.00637
12	0.01364	0.01224	0.02019	0.55664	0.04184	0.01474	0.04250	0.01863	0.03146	0.02018	0.04620	0.02226	0.01391	0.00986	0.03892	0.00277	0.00931	0.00698	0.06973	0.00799
13	0.02006	0.01831	0.01832	0.01741	0.06500	0.09535	0.01274	0.10193	0.50104	0.03016	0.02525	0.02397	0.01905	0.00926	0.00728	0.00235	0.00699	0.00754	0.00673	0.01125
14	0.04975	0.01941	0.02065	0.04859	0.02268	0.06074	0.01371	0.44074	0.09128	0.07367	0.01778	0.01829	0.01293	0.00897	0.00848	0.00229	0.06555	0.00654	0.00658	0.01137
15	0.01094	0.00819	0.01121	0.01144	0.01258	0.00797	0.04223	0.06155	0.01522	0.02033	0.03486	0.56053	0.04070	0.11059	0.01254	0.00338	0.00528	0.01769	0.00633	0.00642
16	0.00906	0.00706	0.00782	0.00821	0.00972	0.00627	0.00569	0.01052	0.01507	0.01883	0.08295	0.22836	0.39792	0.14325	0.01361	0.00335	0.00438	0.01573	0.00640	0.00581
17	0.01583	0.01823	0.06617	0.12516	0.03618	0.01721	0.46424	0.02125	0.01613	0.02193	0.01614	0.07696	0.01365	0.00801	0.00918	0.00252	0.04922	0.00899	0.00381	0.00919
18	0.02025	0.20617	0.15067	0.01714	0.02211	0.25122	0.01600	0.04077	0.01658	0.01924	0.01167	0.01460	0.00994	0.01062	0.04956	0.00265	0.12324	0.00510	0.00348	0.00899
19	0.01850	0.01455	0.01668	0.01238	0.01826	0.01303	0.00997	0.17542	0.01956	0.05053	0.01478	0.01713	0.01190	0.03271	0.00751	0.00165	0.02536	0.00522	0.00514	0.52973
20	0.01823	0.11596	0.01929	0.08784	0.05435	0.01609	0.01177	0.05120	0.22812	0.10634	0.02727	0.02842	0.09195	0.05685	0.00890	0.00250	0.00656	0.00789	0.00592	0.05455
21	0.00990	0.00722	0.00862	0.00851	0.00978	0.00669	0.00587	0.01185	0.01637	0.02205	0.32263	0.11022	0.18585	0.22342	0.01670	0.00373	0.00457	0.01347	0.00662	0.00594
22	0.02121	0.01514	0.01630	0.01320	0.01688	0.01647	0.01020	0.41602	0.02533	0.03447	0.01965	0.02757	0.01723	0.23702	0.01632	0.00365	0.00733	0.00781	0.06877	0.00944
23	0.01256	0.00983	0.01230	0.01193	0.01302	0.01089	0.00876	0.08990	0.01575	0.02140	0.05598	0.36796	0.07213	0.12138	0.01542	0.00343	0.13007	0.01452	0.00591	0.00685
24	0.01645	0.01488	0.02237	0.07347	0.07695	0.01628	0.09674	0.04840	0.01519	0.04768	0.01619	0.05488	0.03432	0.00966	0.01253	0.00235	0.24267	0.00723	0.00423	0.18751
25	0.01034	0.00700	0.00794	0.00808	0.00823	0.00691	0.00464	0.01053	0.01112	0.01471	0.02663	0.10415	0.05917	0.65301	0.03346	0.00651	0.00666	0.01160	0.00470	0.00461
26	0.00892	0.00635	0.00841	0.01004	0.01044	0.00595	0.00666	0.01014	0.01379	0.01838	0.03940	0.71305	0.04724	0.05066	0.01035	0.00311	0.00433	0.02027	0.00666	0.00585
27	0.02409	0.01836	0.01905	0.01523	0.01996	0.04545	0.01218	0.48106	0.10233	0.03873	0.01941	0.02222	0.01520	0.09545	0.01069	0.00276	0.00768	0.00714	0.03202	0.01100
28	0.05772	0.01256	0.01945	0.56257	0.04169	0.01525	0.01744	0.05076	0.01538	0.02109	0.01564	0.07699	0.01319	0.00861	0.00718	0.00241	0.00866	0.00748	0.03788	0.00805
29	0.01401	0.00867	0.01068	0.01029	0.01246	0.00814	0.00756	0.05070	0.03827	0.12600	0.15427	0.30485	0.15635	0.05084	0.00986	0.00278	0.00467	0.01483	0.00724	0.00753

[dist]
# distance from previous block
# <min> <max>
2	6

[block]
# block no. 2 follows, 28 sequences, length 32
# corresponding to MSA columns:
# 134-165
name=unknown_C
#
# <colnr> <probs for GDERKNQSTAVLIFYWHMCP>
#	G	D	E	R	K	N	Q	S	T	A	V	L	I	F	Y	W	H	M	C	P
0	0.06031	0.01488	0.02544	0.34559	0.09143	0.01726	0.14842	0.01944	0.01437	0.02037	0.01309	0.01959	0.01073	0.04119	0.01136	0.00273	0.12492	0.00691	0.00347	0.00850
1	0.06571	0.53316	0.06661	0.01381	0.01976	0.13176	0.01319	0.04877	0.01632	0.01954	0.01072	0.01230	0.00936	0.00658	0.00516	0.00171	0.00862	0.00419	0.00345	0.00930
2	0.01148	0.00799	0.00974	0.00994	0.01189	0.00728	0.00725	0.01433	0.04939	0.06892	0.10290	0.36399	0.20601	0.01836	0.00864	0.00261	0.00438	0.03985	0.00692	0.04811
3	0.13161	0.11877	0.01985	0.04706	0.02027	0.17067	0.01188	0.09406	0.16704	0.05723	0.01707	0.01774	0.01313	0.00786	0.00622	0.00204	0.00794	0.00571	0.03520	0.04865
4	0.01038	0.00779	0.01168	0.01168	0.01298	0.00909	0.00909	0.01298	0.01168	0.01687	0.01947	0.02856	0.01817	0.05452	0.71573	0.01168	0.01947	0.00779	0.00389	0.00649
5	0.02784	0.01768	0.01991	0.01546	0.02094	0.01879	0.01268	0.48493	0.02987	0.20366	0.02137	0.05757	0.01562	0.00954	0.00739	0.00224	0.00736	0.00748	0.00766	0.01202
6	0.04399	0.01260	0.01854	0.36703	0.05874	0.01527	0.01548	0.06263	0.01518	0.02167	0.01550	0.04146	0.01315	0.04556	0.04803	0.00313	0.09770	0.00706	0.08925	0.00802
7	0.01471	0.01481	0.02703	0.43166	0.04179	0.01705	0.19519	0.01940	0.01483	0.01972	0.01406	0.04674	0.01151	0.00817	0.00957	0.00254	0.09174	0.00757	0.00348	0.00844
8	0.00996	0.00725	0.00835	0.00817	0.00935	0.00675	0.00548	0.01153	0.01531	0.02032	0.24933	0.05557	0.21548	0.32282	0.02054	0.00433	0.00502	0.01264	0.00616	0.00564
9	0.01034	0.00695	0.00800	0.00823	0.00828	0.00689	0.00472	0.01051	0.01103	0.01470	0.02524	0.14181	0.02937	0.64627	0.03322	0.00649	0.00666	0.01195	0.00472	0.00461
10	0.02416	0.16856	0.07323	0.01623	0.02237	0.02242	0.03347	0.39844	0.08165	0.06386	0.01704	0.01729	0.01253	0.00812	0.00677	0.00210	0.00801	0.00615	0.00611	0.01149
11	0.01715	0.04624	0.03658	0.04852	0.10463	0.04555	0.45074	0.02215	0.01642	0.02207	0.01494	0.05066	0.01244	0.00754	0.00947	0.00245	0.07086	0.00832	0.00373	0.00954
12	0.01106	0.00898	0.01070	0.10495	0.01603	0.00899	0.00814	0.04412	0.04835	0.02064	0.07756	0.10907	0.34495	0.13907	0.01315	0.00325	0.00539	0.01293	0.00599	0.00667
13	0.01842	0.04954	0.05173	0.06821	0.11734	0.01570	0.01382	0.16461	0.09662	0.05481	0.02093	0.11492	0.01863	0.00999	0.00721	0.00218	0.00705	0.03219	0.00561	0.13050
14	0.02110	0.07249	0.02464	0.06264	0.26362	0.29995	0.01719	0.02408	0.01760	0.02009	0.01344	0.01891	0.01188	0.00807	0.00809	0.00215	0.06112	0.03975	0.00374	0.00944
15	0.01507	0.01292	0.01507	0.01077	0.01723	0.00969	0.00861	0.01830	0.01507	0.02369	0.01292	0.01507	0.01077	0.00538	0.00538	0.00108	0.00538	0.00431	0.00431	0.78898
16	0.02165	0.09318	0.01959	0.01520	0.01910	0.22885	0.01189	0.18979	0.12062	0.02661	0.02019	0.12280	0.01851	0.04911	0.00867	0.00244	0.00859	0.00822	0.00559	0.00939
17	0.04313	0.00885	0.01107	0.01032	0.01263	0.00851	0.00780	0.04207	0.03863	0.11306	0.36379	0.17782	0.07392	0.01663	0.03590	0.00278	0.00489	0.01297	0.00750	0.00772
18	0.02107	0.01468	0.01603	0.01301	0.01669	0.01570	0.01001	0.37651	0.02453	0.07189	0.02379	0.03129	0.06500	0.24749	0.01698	0.00378	0.00728	0.00851	0.00641	0.00935
19	0.01566	0.01733	0.06584	0.02132	0.02378	0.01977	0.17177	0.01880	0.01317	0.01943	0.01347	0.04701	0.01283	0.01154	0.01806	0.00296	0.45777	0.03749	0.00359	0.00842
20	0.01127	0.00804	0.01128	0.01112	0.01253	0.00916	0.00856	0.03425	0.01270	0.01868	0.02004	0.02916	0.01851	0.08836	0.58127	0.01009	0.01674	0.00781	0.08385	0.00658
21	0.02718	0.03399	0.02066	0.01863	0.02248	0.68339	0.01403	0.05883	0.02123	0.01908	0.01152	0.01331	0.00950	0.00755	0.00659	0.00189	0.01287	0.00477	0.00391	0.00861
22	0.01862	0.01363	0.01502	0.01329	0.01727	0.01486	0.01039	0.03324	0.46552	0.12876	0.08507	0.03341	0.09691	0.01103	0.00760	0.00242	0.00542	0.00922	0.00761	0.01071
23	0.01121	0.00806	0.01110	0.01270	0.01425	0.00796	0.01081	0.01423	0.01637	0.02125	0.04028	0.16446	0.07225	0.02034	0.00988	0.00326	0.00624	0.54207	0.00670	0.00657
24	0.00875	0.00732	0.00762	0.00765	0.00994	0.00619	0.00570	0.01071	0.01681	0.02044	0.12781	0.09840	0.61116	0.01829	0.00862	0.00246	0.00368	0.01538	0.00686	0.00619
25	0.01373	0.01292	0.02180	0.72707	0.05006	0.01615	0.02019	0.01857	0.01453	0.01857	0.01292	0.01938	0.00969	0.00727	0.00727	0.00242	0.00969	0.00646	0.00323	0.00807
26	0.03261	0.01237	0.01687	0.01293	0.01856	0.01068	0.01068	0.03543	0.02081	0.70423	0.02868	0.02474	0.01799	0.00900	0.00731	0.00225	0.00619	0.00731	0.00900	0.01237
27	0.01064	0.00758	0.01064	0.01064	0.01172	0.00854	0.00793	0.01281	0.01172	0.01707	0.02041	0.03201	0.01975	0.18033	0.53885	0.01011	0.01602	0.00824	0.05888	0.00612
28	0.10280	0.01870	0.01995	0.01557	0.02101	0.02066	0.01283	0.54535	0.03020	0.07378	0.01736	0.01783	0.01249	0.01097	0.04461	0.00270	0.00829	0.00639	0.00690	0.01161
29	0.05854	0.00988	0.01191	0.02991	0.01491	0.01033	0.00979	0.07216	0.07038	0.02510	0.09763	0.12667	0.06191	0.06476	0.01047	0.00307	0.00590	0.26139	0.04788	0.00742
30	0.02763	0.02036	0.02182	0.01672	0.02254	0.02254	0.01382	0.67496	0.03418	0.04581	0.01745	0.01745	0.01236	0.00873	0.00727	0.00218	0.00800	0.00654	0.00727	0.01236
31	0.01929	0.35713	0.06579	0.07453	0.04464	0.11951	0.04649	0.06928	0.01718	0.02044	0.01617	0.01815	0.06022	0.00784	0.00673	0.00195	0.03591	0.00573	0.00382	0.00920

[dist]
# distance from previous block
# <min> <max>
0	1

[block]
# block no. 3 follows, 28 sequences, length 15
# corresponding to MSA columns:
# 167-181
name=unknown_D
#
# <colnr> <probs for GDERKNQSTAVLIFYWHMCP>
#	G	D	E	R	K	N	Q	S	T	A	V	L	I	F	Y	W	H	M	C	P
0	0.02444	0.01935	0.01998	0.01602	0.02071	0.06407	0.01289	0.47004	0.10518	0.03810	0.01849	0.02073	0.01433	0.07056	0.01063	0.00266	0.04717	0.00695	0.00660	0.01111
1	0.01632	0.01288	0.01520	0.01092	0.01732	0.00976	0.00876	0.01952	0.01548	0.07204	0.01404	0.01576	0.01128	0.00564	0.00552	0.00116	0.00544	0.00452	0.00464	0.73380
2	0.07600	0.01878	0.18928	0.04833	0.08206	0.01357	0.05355	0.07398	0.01731	0.04305	0.06293	0.07827	0.08907	0.00987	0.00713	0.00223	0.00736	0.00839	0.05428	0.06457
3	0.01653	0.13123	0.31862	0.06066	0.11839	0.05482	0.06951	0.02341	0.06350	0.02216	0.01648	0.01875	0.03982	0.00744	0.00686	0.00219	0.00956	0.00620	0.00370	0.01017
4	0.68323	0.01381	0.01160	0.01006	0.01472	0.01548	0.00829	0.02344	0.01362	0.13174	0.01286	0.01372	0.00937	0.00708	0.00491	0.00225	0.00571	0.00443	0.00516	0.00854
5	0.01001	0.00697	0.00793	0.00821	0.00863	0.00673	0.00495	0.01048	0.01196	0.01561	0.03284	0.16577	0.12354	0.52318	0.02842	0.00573	0.00611	0.01291	0.00512	0.00490
6	0.01275	0.01077	0.01682	0.11952	0.07724	0.01181	0.06071	0.03609	0.01429	0.01960	0.04338	0.12815	0.02336	0.13066	0.18324	0.00546	0.05095	0.04333	0.00457	0.00729
7	0.00940	0.00666	0.00871	0.00997	0.01055	0.00630	0.00680	0.01084	0.01430	0.01919	0.09836	0.54481	0.04682	0.11292	0.01276	0.00343	0.00467	0.06109	0.00656	0.00586
8	0.01044	0.00758	0.01062	0.01062	0.01155	0.00851	0.00776	0.01230	0.01137	0.01608	0.02045	0.03396	0.02052	0.25047	0.52299	0.01037	0.01594	0.00858	0.00404	0.00590
9	0.01495	0.01614	0.05978	0.46504	0.08475	0.01685	0.19719	0.02028	0.01540	0.02036	0.01345	0.01917	0.01014	0.00689	0.00760	0.00241	0.01037	0.00698	0.00337	0.00887
10	0.04327	0.24666	0.29147	0.01734	0.05491	0.01930	0.01815	0.04621	0.01651	0.09716	0.01609	0.02092	0.01312	0.00807	0.00648	0.00214	0.00864	0.05914	0.00425	0.01015
11	0.01094	0.00779	0.01069	0.01227	0.01354	0.00768	0.01007	0.01358	0.01569	0.02053	0.03801	0.24328	0.04252	0.06128	0.01136	0.00346	0.00610	0.45827	0.00658	0.00637
12	0.01504	0.01598	0.04442	0.34776	0.05650	0.12201	0.01569	0.01964	0.05572	0.01957	0.02216	0.15900	0.05497	0.01098	0.00760	0.00243	0.00862	0.00944	0.00443	0.00804
13	0.01463	0.01467	0.02733	0.54457	0.04690	0.01673	0.19120	0.01981	0.01522	0.01981	0.01339	0.01944	0.01004	0.00697	0.00761	0.00243	0.01036	0.00702	0.00335	0.00853
14	0.01709	0.01866	0.08170	0.18708	0.19449	0.08116	0.10163	0.07544	0.01742	0.02283	0.01662	0.08888	0.01488	0.03987	0.00878	0.00253	0.00938	0.00803	0.00414	0.00938

[dist]
# distance from previous block
# <min> <max>
0	2

[block]
# block no. 4 follows, 28 sequences, length 100
# corresponding to MSA columns:
# 184-283
name=unknown_E
#
# <colnr> <probs for GDERKNQSTAVLIFYWHMCP>
#	G	D	E	R	K	N	Q	S	T	A	V	L	I	F	Y	W	H	M	C	P
0	0.55592	0.04500	0.01423	0.04160	0.01718	0.05443	0.00961	0.11250	0.01597	0.03180	0.01177	0.01425	0.00937	0.03318	0.00627	0.00237	0.00666	0.00468	0.00473	0.00847
1	0.01000	0.00789	0.01048	0.02903	0.01273	0.00720	0.03159	0.01248	0.01702	0.02281	0.27650	0.24381	0.21162	0.03451	0.00930	0.00259	0.00436	0.01504	0.00684	0.03418
2	0.01833	0.01409	0.01965	0.23490	0.09960	0.01474	0.01473	0.10606	0.01812	0.10560	0.01923	0.02178	0.05608	0.00820	0.00787	0.00209	0.04795	0.00668	0.00495	0.17936
3	0.02285	0.01349	0.01612	0.01240	0.01787	0.01228	0.01004	0.11981	0.07341	0.26002	0.04394	0.02167	0.01677	0.00795	0.00656	0.00182	0.00588	0.00640	0.05034	0.28038
4	0.02363	0.36054	0.02858	0.01586	0.02073	0.40209	0.01331	0.02571	0.01794	0.01748	0.01072	0.01245	0.00935	0.00691	0.00569	0.00173	0.01067	0.00432	0.00346	0.00884
5	0.01947	0.01481	0.01726	0.01287	0.01870	0.01359	0.01047	0.17290	0.01974	0.08330	0.01503	0.01646	0.01164	0.00693	0.00718	0.00157	0.05324	0.00520	0.00530	0.49435
6	0.00949	0.00710	0.01000	0.01086	0.01176	0.00665	0.03340	0.01116	0.01455	0.01941	0.07939	0.58079	0.07004	0.05200	0.01040	0.00307	0.00472	0.05251	0.00660	0.00610
7	0.02510	0.01829	0.01979	0.01584	0.02112	0.02026	0.01287	0.43119	0.23241	0.09182	0.02203	0.02097	0.01580	0.00909	0.00731	0.00227	0.00717	0.00712	0.00744	0.01210
8	0.02375	0.01590	0.01760	0.01419	0.01868	0.01704	0.01139	0.43306	0.02744	0.10968	0.02239	0.11440	0.01873	0.03717	0.00840	0.00242	0.00684	0.00863	0.08159	0.01070
9	0.02624	0.01940	0.02079	0.01614	0.02156	0.02147	0.01318	0.60850	0.06288	0.04333	0.01832	0.01958	0.01360	0.04992	0.00894	0.00247	0.00784	0.00685	0.00712	0.01188
10	0.01056	0.00706	0.00801	0.00798	0.00806	0.00704	0.00452	0.01072	0.01103	0.01479	0.05388	0.04788	0.02837	0.71093	0.03569	0.00683	0.00688	0.01069	0.00457	0.00452
11	0.01953	0.00934	0.01227	0.01042	0.01369	0.00838	0.00820	0.02271	0.02012	0.29846	0.36058	0.03972	0.04329	0.01187	0.00771	0.00221	0.00453	0.01017	0.08776	0.00905
12	0.01116	0.00896	0.01020	0.01019	0.01235	0.00890	0.00759	0.01730	0.16225	0.02369	0.17862	0.21567	0.25003	0.01693	0.00854	0.00257	0.00431	0.03621	0.00714	0.00741
13	0.01920	0.06656	0.02975	0.03844	0.53378	0.07732	0.05700	0.04893	0.01751	0.02367	0.01344	0.01724	0.01120	0.00662	0.00706	0.00211	0.00913	0.00628	0.00373	0.01105
14	0.02029	0.01259	0.01342	0.01115	0.01473	0.01339	0.00893	0.28541	0.02324	0.07063	0.02143	0.02305	0.01605	0.00860	0.00609	0.00192	0.00541	0.00671	0.42761	0.00934
15	0.01336	0.00679	0.00685	0.00685	0.00843	0.00679	0.00504	0.01652	0.01494	0.02625	0.02366	0.02844	0.01914	0.05657	0.00717	0.00204	0.00363	0.00702	0.73389	0.00662
16	0.01023	0.00837	0.00918	0.00900	0.01142	0.00778	0.00691	0.01459	0.09178	0.02299	0.19707	0.06277	0.44229	0.01683	0.00856	0.00248	0.00408	0.05968	0.00708	0.00692
17	0.01699	0.01625	0.02770	0.20414	0.54746	0.01701	0.02181	0.02144	0.01608	0.02254	0.01350	0.01832	0.01109	0.00666	0.00721	0.00222	0.00888	0.00647	0.00351	0.01071
18	0.05587	0.05854	0.01343	0.01097	0.01365	0.01197	0.00852	0.15120	0.01896	0.02570	0.10019	0.13973	0.14841	0.13626	0.01280	0.00323	0.00584	0.07095	0.00623	0.00754
19	0.19322	0.01446	0.04184	0.04057	0.04985	0.01483	0.04802	0.18678	0.01894	0.02972	0.01921	0.13478	0.01765	0.01380	0.05376	0.03429	0.00762	0.00839	0.06351	0.00874
20	0.02395	0.12043	0.02174	0.01472	0.01981	0.02016	0.01237	0.42541	0.02683	0.08006	0.01774	0.01897	0.01334	0.01384	0.09131	0.00320	0.00896	0.00638	0.04987	0.01092
21	0.00914	0.00646	0.00841	0.00979	0.01020	0.00609	0.00643	0.01031	0.01370	0.01834	0.06143	0.62132	0.04589	0.12017	0.01300	0.00348	0.00457	0.01903	0.00648	0.00574
22	0.01203	0.00870	0.01038	0.01060	0.01193	0.00877	0.00760	0.07993	0.04076	0.02133	0.05362	0.28476	0.07913	0.22637	0.01697	0.00403	0.00576	0.10462	0.00618	0.00650
23	0.55007	0.01535	0.05641	0.03901	0.01621	0.04699	0.00949	0.02054	0.01360	0.02941	0.05022	0.01729	0.01299	0.03870	0.00651	0.00241	0.00625	0.00515	0.05560	0.00782
24	0.79588	0.01406	0.01068	0.00956	0.01406	0.01631	0.00787	0.02137	0.01237	0.03261	0.01012	0.01181	0.00787	0.00675	0.00450	0.00225	0.00562	0.00394	0.00450	0.00787
25	0.00920	0.00688	0.00859	0.00952	0.01071	0.00627	0.00680	0.01108	0.01578	0.02068	0.15074	0.42950	0.20576	0.02031	0.00905	0.00275	0.00413	0.05914	0.00694	0.00616
26	0.01716	0.01961	0.04289	0.03064	0.03799	0.01838	0.67279	0.02328	0.01716	0.02328	0.01471	0.01961	0.01103	0.00613	0.00858	0.00245	0.01225	0.00858	0.00368	0.00980
27	0.00918	0.00739	0.00818	0.00798	0.01018	0.00639	0.00598	0.01157	0.01795	0.02292	0.28815	0.06455	0.47968	0.01718	0.00858	0.00240	0.00359	0.01458	0.00718	0.00639
28	0.01601	0.01622	0.02405	0.02009	0.02072	0.02193	0.07289	0.01800	0.01165	0.01800	0.00999	0.01622	0.00967	0.01215	0.02253	0.00312	0.66886	0.00655	0.00322	0.00811
29	0.30570	0.01249	0.01340	0.01108	0.01574	0.01267	0.00904	0.02831	0.05428	0.34276	0.02142	0.02048	0.01464	0.00817	0.00603	0.00220	0.00562	0.00608	0.09985	0.01003
30	0.01607	0.01592	0.02198	0.47566	0.14208	0.09929	0.01873	0.02061	0.03906	0.01937	0.01341	0.01884	0.01053	0.00822	0.00830	0.04402	0.00962	0.00630	0.00349	0.00850
31	0.00882	0.00734	0.00770	0.00768	0.00998	0.00622	0.00573	0.01084	0.01699	0.02082	0.15213	0.09022	0.59432	0.01810	0.00861	0.00245	0.00367	0.01524	0.00691	0.00622
32	0.00957	0.00670	0.00852	0.00938	0.00997	0.00637	0.00621	0.01063	0.01369	0.01829	0.09747	0.42592	0.08346	0.18360	0.03674	0.04021	0.00528	0.01635	0.00609	0.00556
33	0.03902	0.01422	0.02117	0.39162	0.14716	0.01628	0.01750	0.11195	0.04075	0.02482	0.06111	0.02333	0.04371	0.00838	0.00732	0.00233	0.00836	0.00727	0.00450	0.00920
34	0.04640	0.62989	0.05663	0.01260	0.01867	0.02615	0.01251	0.02214	0.01489	0.05427	0.01158	0.01320	0.01011	0.00846	0.03505	0.00207	0.00821	0.00428	0.00350	0.00936
35	0.79588	0.01406	0.01068	0.00956	0.01406	0.01631	0.00787	0.02137	0.01237	0.03261	0.01012	0.01181	0.00787	0.00675	0.00450	0.00225	0.00562	0.00394	0.00450	0.00787
36	0.01365	0.01205	0.01638	0.01462	0.01491	0.01577	0.01152	0.01511	0.01130	0.01709	0.01502	0.02604	0.01540	0.19446	0.13226	0.00533	0.40960	0.00761	0.04506	0.00681
37	0.01448	0.01562	0.05149	0.02169	0.02590	0.01525	0.32198	0.01853	0.01545	0.02157	0.06358	0.18180	0.02271	0.01160	0.01133	0.00264	0.13880	0.01095	0.00455	0.03006
38	0.02523	0.01809	0.02029	0.06202	0.02286	0.01993	0.01334	0.53643	0.02997	0.06881	0.01830	0.04887	0.01396	0.01024	0.00864	0.05003	0.00777	0.00716	0.00681	0.01125
39	0.01943	0.74891	0.03809	0.01244	0.01866	0.02876	0.01244	0.02177	0.01477	0.01710	0.01011	0.01166	0.00933	0.00622	0.00466	0.00155	0.00777	0.00389	0.00311	0.00933
40	0.11975	0.01799	0.01730	0.01420	0.01883	0.07422	0.01144	0.35572	0.11423	0.03699	0.01862	0.01918	0.01384	0.00849	0.00655	0.00213	0.00710	0.00633	0.12658	0.01051
41	0.01039	0.00841	0.01290	0.16496	0.02023	0.00873	0.03795	0.01285	0.01483	0.01979	0.09678	0.48782	0.04025	0.01797	0.00875	0.00275	0.00566	0.01637	0.00598	0.00663
42	0.00886	0.00633	0.00843	0.01012	0.01054	0.00590	0.00675	0.01012	0.01392	0.01856	0.04006	0.73979	0.04808	0.02277	0.00928	0.00295	0.00422	0.02066	0.00675	0.00590
43	0.00946	0.00676	0.00912	0.01081	0.01149	0.00642	0.00779	0.01116	0.01451	0.01923	0.03973	0.60132	0.04676	0.02221	0.00944	0.00304	0.00474	0.15320	0.00674	0.00607
44	0.01808	0.01561	0.01644	0.01479	0.01890	0.01808	0.01151	0.03863	0.68606	0.03041	0.02959	0.02712	0.02219	0.00986	0.00740	0.00247	0.00575	0.00822	0.00740	0.01151
45	0.06349	0.01734	0.01715	0.01472	0.01920	0.08628	0.01162	0.12455	0.37346	0.13126	0.04597	0.02407	0.01963	0.00933	0.00717	0.00232	0.00678	0.00743	0.00712	0.01111
46	0.00913	0.00653	0.00871	0.01016	0.01077	0.00611	0.00697	0.01072	0.01475	0.01982	0.11002	0.63863	0.05000	0.02181	0.00924	0.00290	0.00424	0.04659	0.00688	0.00604
47	0.01159	0.00833	0.01154	0.01315	0.01485	0.00828	0.01147	0.01488	0.01673	0.02167	0.03989	0.08152	0.06790	0.02001	0.00998	0.00331	0.00657	0.62498	0.00670	0.00667
48	0.05043	0.60630	0.05917	0.01341	0.01918	0.06580	0.01309	0.02192	0.01478	0.01800	0.01024	0.01216	0.00928	0.00676	0.00609	0.00173	0.05512	0.00415	0.00320	0.00918
49	0.00954	0.00662	0.00823	0.00924	0.00949	0.00636	0.00581	0.01030	0.01257	0.01677	0.03318	0.46195	0.03939	0.31248	0.02040	0.00460	0.00535	0.01661	0.00581	0.00530
50	0.01038	0.00779	0.01168	0.01168	0.01298	0.00909	0.00909	0.01298	0.01168	0.01687	0.01947	0.02856	0.01817	0.05452	0.71573	0.01168	0.01947	0.00779	0.00389	0.00649
51	0.02763	0.02036	0.02182	0.01672	0.02254	0.02254	0.01382	0.67496	0.03418	0.04581	0.01745	0.01745	0.01236	0.00873	0.00727	0.00218	0.00800	0.00654	0.00727	0.01236
52	0.01931	0.01519	0.01926	0.01569	0.01984	0.01637	0.08976	0.23787	0.16273	0.05095	0.02650	0.09545	0.06769	0.03534	0.00929	0.00254	0.03766	0.00931	0.05929	0.00997
53	0.01470	0.01040	0.01015	0.01045	0.03824	0.06815	0.00717	0.03868	0.04214	0.02406	0.02276	0.06142	0.02010	0.12918	0.03594	0.00305	0.00586	0.00792	0.44260	0.00704
54	0.20240	0.04909	0.30766	0.05532	0.02667	0.01637	0.09627	0.02326	0.01521	0.09337	0.01426	0.01654	0.01036	0.00875	0.03284	0.00263	0.00941	0.00571	0.00412	0.00976
55	0.01916	0.02124	0.08363	0.14453	0.31249	0.14335	0.01924	0.08426	0.01873	0.02414	0.04958	0.01898	0.01374	0.00748	0.00715	0.00217	0.00946	0.00641	0.00410	0.01016
56	0.15088	0.01255	0.01423	0.05866	0.01753	0.01390	0.01014	0.18791	0.01879	0.02911	0.05303	0.02347	0.01702	0.04590	0.19984	0.00486	0.00996	0.00684	0.08382	0.04155
57	0.15922	0.13565	0.12333	0.01499	0.02029	0.10835	0.01381	0.10118	0.10917	0.05024	0.01539	0.01744	0.01221	0.03921	0.00843	0.00238	0.04862	0.00567	0.00477	0.00964
58	0.01778	0.35467	0.33668	0.01641	0.02441	0.04960	0.01883	0.02287	0.01539	0.04410	0.01238	0.01429	0.00982	0.00797	0.02489	0.00220	0.00958	0.00481	0.00335	0.00996
59	0.03261	0.01237	0.01687	0.01293	0.01856	0.01068	0.01068	0.03543	0.02081	0.70423	0.02868	0.02474	0.01799	0.00900	0.00731	0.00225	0.00619	0.00731	0.00900	0.01237
60	0.01401	0.00746	0.00786	0.03579	0.01058	0.00766	0.00597	0.03839	0.01583	0.02737	0.02308	0.02648	0.01807	0.00843	0.00524	0.00174	0.00379	0.00676	0.72849	0.00701
61	0.01839	0.01694	0.02878	0.06613	0.65233	0.01699	0.02181	0.02267	0.01664	0.04885	0.01421	0.01829	0.01169	0.00660	0.00720	0.00217	0.00858	0.00651	0.00379	0.01143
62	0.01006	0.00725	0.00951	0.00930	0.01081	0.00671	0.00684	0.01314	0.01951	0.02746	0.59093	0.16354	0.06532	0.01612	0.00869	0.00239	0.00355	0.01434	0.00780	0.00671
63	0.01057	0.00705	0.00793	0.00793	0.00793	0.00705	0.00440	0.01057	0.01057	0.01409	0.02290	0.04757	0.02643	0.74454	0.03700	0.00705	0.00705	0.01057	0.00440	0.00440
64	0.01943	0.74891	0.03809	0.01244	0.01866	0.02876	0.01244	0.02177	0.01477	0.01710	0.01011	0.01166	0.00933	0.00622	0.00466	0.00155	0.00777	0.00389	0.00311	0.00933
65	0.01506	0.10787	0.64080	0.01990	0.03020	0.01806	0.02543	0.02290	0.01529	0.02244	0.01275	0.01498	0.00922	0.00684	0.00668	0.00223	0.01045	0.00522	0.00307	0.01060
66	0.01013	0.00784	0.00951	0.01027	0.01233	0.00722	0.00849	0.01275	0.01682	0.02104	0.08351	0.07495	0.36204	0.01904	0.00927	0.00287	0.00509	0.31365	0.00678	0.00643
67	0.01836	0.01410	0.01639	0.03609	0.01910	0.01236	0.00999	0.14792	0.01911	0.06409	0.01508	0.01668	0.01174	0.00642	0.00591	0.00143	0.00600	0.00508	0.03624	0.53791
68	0.01687	0.04339	0.05967	0.06703	0.16094	0.01911	0.33852	0.02165	0.01558	0.02177	0.01319	0.01813	0.01064	0.00758	0.01104	0.00250	0.15187	0.00735	0.00350	0.00970
69	0.01440	0.01342	0.02266	0.58908	0.15672	0.01600	0.02007	0.01888	0.01470	0.01923	0.01304	0.01924	0.01009	0.00775	0.00797	0.02912	0.00940	0.00646	0.00329	0.00848
70	0.01943	0.74891	0.03809	0.01244	0.01866	0.02876	0.01244	0.02177	0.01477	0.01710	0.01011	0.01166	0.00933	0.00622	0.00466	0.00155	0.00777	0.00389	0.00311	0.00933
71	0.01654	0.01410	0.01506	0.01364	0.01736	0.01597	0.01057	0.03384	0.56325	0.02959	0.11420	0.03308	0.06910	0.01100	0.00761	0.00244	0.00534	0.00926	0.00743	0.01061
72	0.01006	0.00742	0.00940	0.00891	0.01072	0.00676	0.00668	0.01328	0.02004	0.02788	0.61240	0.05639	0.15233	0.01533	0.00858	0.00231	0.00346	0.01344	0.00783	0.00676
73	0.03056	0.01351	0.01736	0.01340	0.01885	0.01256	0.01103	0.14631	0.02314	0.55307	0.06208	0.02503	0.01969	0.00926	0.00737	0.00224	0.00636	0.00749	0.00864	0.01208
74	0.01240	0.00646	0.00969	0.00969	0.00982	0.00659	0.00659	0.00982	0.00969	0.01305	0.01331	0.02274	0.01318	0.02819	0.09742	0.71052	0.00763	0.00646	0.00323	0.00349
75	0.02715	0.03464	0.02060	0.01873	0.02247	0.71536	0.01404	0.02903	0.02060	0.01779	0.01124	0.01311	0.00936	0.00749	0.00655	0.00187	0.01311	0.00468	0.00375	0.00843
76	0.01174	0.00775	0.01018	0.00939	0.01136	0.00711	0.00711	0.01513	0.02059	0.07303	0.65202	0.05238	0.06530	0.01448	0.00849	0.00228	0.00361	0.01277	0.00807	0.00722
77	0.00920	0.00657	0.00883	0.01051	0.01108	0.00620	0.00734	0.01071	0.01425	0.01894	0.03988	0.66131	0.04733	0.02245	0.00937	0.00300	0.00451	0.09578	0.00674	0.00600
78	0.00869	0.00736	0.00745	0.00743	0.00980	0.00618	0.00553	0.01053	0.01653	0.01977	0.09037	0.06892	0.66058	0.03721	0.00933	0.00257	0.00376	0.01515	0.00673	0.00611
79	0.02763	0.02036	0.02182	0.01672	0.02254	0.02254	0.01382	0.67496	0.03418	0.04581	0.01745	0.01745	0.01236	0.00873	0.00727	0.00218	0.00800	0.00654	0.00727	0.01236
80	0.01337	0.00681	0.00693	0.00690	0.00860	0.00678	0.00518	0.01676	0.01553	0.02721	0.05979	0.02856	0.02131	0.00881	0.00527	0.00173	0.00339	0.00712	0.74317	0.00678
81	0.01130	0.00722	0.00907	0.00914	0.01016	0.00771	0.00652	0.01336	0.01252	0.01920	0.02254	0.06353	0.02184	0.22898	0.29001	0.00710	0.01067	0.00880	0.23434	0.00598
82	0.01078	0.00829	0.01013	0.01091	0.01260	0.00818	0.00834	0.01527	0.10181	0.02172	0.08489	0.31098	0.17435	0.01910	0.00904	0.00285	0.00487	0.17208	0.00689	0.00692
83	0.01487	0.01470	0.02178	0.59291	0.04442	0.06236	0.01925	0.01912	0.01451	0.01839	0.01239	0.01854	0.00965	0.00796	0.00929	0.00248	0.09971	0.00633	0.00326	0.00808
84	0.05782	0.03382	0.02020	0.01836	0.02214	0.68747	0.01380	0.02872	0.02027	0.01838	0.01119	0.01306	0.00930	0.00746	0.00647	0.00189	0.01281	0.00465	0.00378	0.00840
85	0.14784	0.02032	0.02353	0.13578	0.22169	0.17626	0.06632	0.05951	0.01733	0.02404	0.01257	0.01610	0.01009	0.00717	0.00726	0.00221	0.03275	0.00581	0.00392	0.00948
86	0.01385	0.01309	0.02183	0.68749	0.04833	0.01649	0.01995	0.01851	0.01434	0.01851	0.01273	0.01919	0.00968	0.00757	0.00819	0.00246	0.05003	0.00645	0.00323	0.00807
87	0.01861	0.01588	0.01674	0.01490	0.01911	0.01833	0.01163	0.07420	0.64962	0.03127	0.02891	0.02658	0.02164	0.00980	0.00739	0.00245	0.00588	0.00812	0.00739	0.01155
88	0.01373	0.01292	0.02180	0.72707	0.05006	0.01615	0.02019	0.01857	0.01453	0.01857	0.01292	0.01938	0.00969	0.00727	0.00727	0.00242	0.00969	0.00646	0.00323	0.00807
89	0.01943	0.74891	0.03809	0.01244	0.01866	0.02876	0.01244	0.02177	0.01477	0.01710	0.01011	0.01166	0.00933	0.00622	0.00466	0.00155	0.00777	0.00389	0.00311	0.00933
90	0.02573	0.01111	0.01483	0.01194	0.01640	0.00990	0.00964	0.02942	0.04728	0.48676	0.21693	0.03318	0.03244	0.01069	0.00767	0.00227	0.00539	0.00899	0.00865	0.01078
91	0.00900	0.00643	0.00859	0.01020	0.01071	0.00602	0.00692	0.01041	0.01424	0.01903	0.06264	0.69390	0.04857	0.02241	0.00928	0.00294	0.00427	0.04168	0.00679	0.00596
92	0.21944	0.05228	0.01556	0.05807	0.01784	0.01519	0.01020	0.14977	0.01864	0.05474	0.09299	0.02611	0.03935	0.05505	0.00899	0.00250	0.03511	0.03012	0.03870	0.05934
93	0.00940	0.00674	0.00894	0.00993	0.01079	0.00628	0.00695	0.01140	0.01607	0.02194	0.24288	0.50520	0.05421	0.02023	0.00909	0.00276	0.00406	0.03975	0.00713	0.00623
94	0.01057	0.00705	0.00793	0.00793	0.00793	0.00705	0.00440	0.01057	0.01057	0.01409	0.02290	0.04757	0.02643	0.74454	0.03700	0.00705	0.00705	0.01057	0.00440	0.00440
95	0.01869	0.63971	0.14076	0.01371	0.02062	0.02694	0.01465	0.02196	0.01486	0.01801	0.01056	0.01223	0.00931	0.00632	0.00501	0.00167	0.00823	0.00411	0.00310	0.00955
96	0.04156	0.06167	0.01802	0.08764	0.11552	0.06885	0.01271	0.08123	0.04551	0.05017	0.12425	0.03840	0.12275	0.01169	0.00767	0.00235	0.00697	0.08855	0.00574	0.00874
97	0.01150	0.00825	0.01144	0.01306	0.01471	0.00819	0.01131	0.01471	0.01661	0.02155	0.03964	0.10958	0.06229	0.02014	0.00996	0.00330	0.00650	0.60392	0.00670	0.00664
98	0.01635	0.01785	0.06539	0.13977	0.12937	0.04573	0.27150	0.05098	0.01776	0.02373	0.07990	0.02601	0.04262	0.00834	0.00798	0.00238	0.00975	0.03089	0.00435	0.00936
99	0.07458	0.02034	0.02010	0.10757	0.04870	0.13875	0.01419	0.30591	0.12042	0.03306	0.01748	0.01967	0.01336	0.00858	0.00705	0.00223	0.00860	0.02303	0.00584	0.01054

[dist]
# distance from previous block
# <min> <max>
4	6

[block]
# block no. 5 follows, 28 sequences, length 98
# corresponding to MSA columns:
# 290-387
name=unknown_F
#
# <colnr> <probs for GDERKNQSTAVLIFYWHMCP>
#	G	D	E	R	K	N	Q	S	T	A	V	L	I	F	Y	W	H	M	C	P
0	0.01567	0.02282	0.23792	0.17293	0.20125	0.01685	0.16081	0.02172	0.01602	0.02253	0.03344	0.01887	0.01200	0.00694	0.00746	0.00232	0.01011	0.00677	0.00351	0.01008
1	0.01546	0.01315	0.01528	0.01095	0.01739	0.01009	0.00877	0.03856	0.01566	0.02437	0.01306	0.01515	0.01082	0.00549	0.00544	0.00111	0.00546	0.00438	0.00440	0.76501
2	0.01943	0.74891	0.03809	0.01244	0.01866	0.02876	0.01244	0.02177	0.01477	0.01710	0.01011	0.01166	0.00933	0.00622	0.00466	0.00155	0.00777	0.00389	0.00311	0.00933
3	0.11912	0.51752	0.09723	0.01443	0.04490	0.06559	0.01369	0.02228	0.01492	0.01995	0.01059	0.01235	0.00921	0.00644	0.00506	0.00176	0.00812	0.00418	0.00334	0.00931
4	0.01029	0.00743	0.00972	0.00914	0.01086	0.00686	0.00686	0.01372	0.02058	0.02915	0.69536	0.05430	0.06859	0.01486	0.00857	0.00229	0.00343	0.01315	0.00800	0.00686
5	0.01838	0.01576	0.01661	0.01485	0.01902	0.01822	0.01158	0.05869	0.66551	0.03089	0.02920	0.02682	0.02188	0.00983	0.00739	0.00246	0.00582	0.00817	0.00739	0.01153
6	0.01355	0.00678	0.00678	0.00678	0.00847	0.00678	0.00508	0.01694	0.01524	0.02710	0.02371	0.02710	0.01863	0.00847	0.00508	0.00169	0.00339	0.00678	0.78489	0.00678
7	0.00886	0.00633	0.00843	0.01012	0.01054	0.00590	0.00675	0.01012	0.01392	0.01856	0.04006	0.73979	0.04808	0.02277	0.00928	0.00295	0.00422	0.02066	0.00675	0.00590
8	0.00946	0.00698	0.00941	0.01086	0.01138	0.00693	0.00765	0.01094	0.01404	0.01880	0.03843	0.64369	0.04562	0.02203	0.01006	0.00300	0.03988	0.07819	0.00657	0.00608
9	0.01491	0.00871	0.01124	0.01105	0.01316	0.00829	0.00816	0.01881	0.08161	0.16094	0.15701	0.38247	0.04307	0.01720	0.00859	0.00265	0.00469	0.03200	0.00750	0.00795
10	0.00929	0.00673	0.00881	0.01018	0.01084	0.00638	0.00691	0.01137	0.03608	0.01992	0.10083	0.65304	0.04916	0.02162	0.00915	0.00287	0.00419	0.01956	0.00689	0.00617
11	0.01716	0.01961	0.04289	0.03064	0.03799	0.01838	0.67279	0.02328	0.01716	0.02328	0.01471	0.01961	0.01103	0.00613	0.00858	0.00245	0.01225	0.00858	0.00368	0.00980
12	0.03261	0.01237	0.01687	0.01293	0.01856	0.01068	0.01068	0.03543	0.02081	0.70423	0.02868	0.02474	0.01799	0.00900	0.00731	0.00225	0.00619	0.00731	0.00900	0.01237
13	0.01355	0.00678	0.00678	0.00678	0.00847	0.00678	0.00508	0.01694	0.01524	0.02710	0.02371	0.02710	0.01863	0.00847	0.00508	0.00169	0.00339	0.00678	0.78489	0.00678
14	0.13024	0.01523	0.01721	0.01352	0.01894	0.04806	0.01109	0.15759	0.02230	0.45581	0.02324	0.02108	0.01517	0.00858	0.00690	0.00222	0.00680	0.00660	0.00782	0.01159
15	0.02415	0.11486	0.02317	0.05967	0.02325	0.39714	0.01440	0.12931	0.02057	0.02219	0.01199	0.01434	0.00988	0.00815	0.00857	0.00207	0.09787	0.00519	0.00413	0.00909
16	0.00895	0.00639	0.00855	0.01023	0.01070	0.00599	0.00691	0.01029	0.01401	0.01866	0.04001	0.71763	0.04787	0.02268	0.00930	0.00297	0.00430	0.04188	0.00675	0.00593
17	0.38902	0.02317	0.01505	0.01365	0.01762	0.34087	0.01057	0.02465	0.01638	0.02537	0.01150	0.01338	0.00924	0.00720	0.00549	0.00204	0.00896	0.00446	0.05332	0.00806
18	0.03039	0.01192	0.01625	0.01281	0.01802	0.01038	0.01059	0.03326	0.02054	0.63373	0.05645	0.02955	0.02156	0.00993	0.00753	0.00232	0.00611	0.04806	0.00881	0.01179
19	0.00913	0.00671	0.00887	0.01023	0.01079	0.00645	0.00698	0.01053	0.01427	0.01908	0.07245	0.65733	0.07432	0.02191	0.00965	0.00291	0.02603	0.01965	0.00670	0.00602
20	0.01736	0.22547	0.43983	0.01738	0.02612	0.01916	0.02080	0.02347	0.01587	0.08324	0.03801	0.01659	0.01215	0.00719	0.00640	0.00210	0.00927	0.00542	0.00379	0.01037
21	0.01066	0.00704	0.00813	0.00813	0.00817	0.00708	0.00465	0.01060	0.01056	0.01412	0.02231	0.04575	0.02551	0.68799	0.05942	0.04344	0.00743	0.01028	0.00433	0.00442
22	0.79588	0.01406	0.01068	0.00956	0.01406	0.01631	0.00787	0.02137	0.01237	0.03261	0.01012	0.01181	0.00787	0.00675	0.00450	0.00225	0.00562	0.00394	0.00450	0.00787
23	0.05302	0.03177	0.52991	0.08091	0.09319	0.01687	0.02443	0.02304	0.03829	0.02344	0.01352	0.01616	0.00984	0.00699	0.00686	0.00230	0.01004	0.00559	0.00335	0.01048
24	0.07066	0.01687	0.02575	0.33990	0.22497	0.07490	0.10190	0.02127	0.01578	0.02152	0.01302	0.01797	0.01022	0.00689	0.00716	0.00229	0.00972	0.00641	0.00352	0.00927
25	0.00984	0.00741	0.00910	0.00868	0.01059	0.00667	0.00651	0.01285	0.01952	0.02664	0.53166	0.05842	0.23384	0.01579	0.00858	0.00233	0.00350	0.01372	0.00767	0.00667
26	0.08076	0.01575	0.02130	0.01829	0.01867	0.02177	0.01524	0.01782	0.01124	0.01875	0.00959	0.01556	0.00940	0.01223	0.02225	0.00310	0.67090	0.00616	0.00329	0.00795
27	0.14172	0.12449	0.12146	0.17555	0.04508	0.06941	0.01564	0.06201	0.04768	0.08354	0.01533	0.04117	0.01207	0.00786	0.00643	0.00220	0.00838	0.00605	0.00449	0.00945
28	0.01041	0.00767	0.01109	0.01109	0.01219	0.00877	0.00835	0.01260	0.01151	0.01644	0.02001	0.03153	0.01947	0.16261	0.60941	0.01096	0.01752	0.00822	0.00397	0.00616
29	0.00955	0.00738	0.00775	0.00786	0.01013	0.00643	0.00604	0.01177	0.01658	0.02114	0.08974	0.06492	0.53082	0.01715	0.00827	0.00243	0.00388	0.06697	0.10491	0.00629
30	0.03609	0.13835	0.28565	0.04948	0.09062	0.01780	0.08548	0.04329	0.03660	0.02333	0.04843	0.02341	0.03646	0.00835	0.00705	0.00226	0.00901	0.04446	0.00406	0.00983
31	0.06844	0.03037	0.47746	0.02243	0.08503	0.01706	0.08426	0.02225	0.01530	0.02359	0.03275	0.01690	0.01123	0.00739	0.00804	0.00236	0.05554	0.00595	0.00342	0.01023
32	0.01774	0.01893	0.02140	0.14061	0.02480	0.16148	0.01595	0.02000	0.01376	0.01802	0.01088	0.01626	0.00980	0.01060	0.01694	0.00274	0.44002	0.00605	0.02599	0.00804
33	0.65597	0.04789	0.01311	0.05760	0.03715	0.01655	0.00922	0.02107	0.01286	0.03050	0.01092	0.01305	0.00857	0.00681	0.00479	0.00220	0.00600	0.00428	0.03344	0.00802
34	0.01015	0.00742	0.01053	0.01082	0.01177	0.00822	0.00795	0.01211	0.01189	0.01672	0.02354	0.15357	0.02460	0.15779	0.48759	0.00945	0.01490	0.01044	0.00446	0.00606
35	0.45979	0.15351	0.04569	0.01193	0.01682	0.08866	0.01042	0.06134	0.01516	0.02800	0.01218	0.04616	0.01048	0.00759	0.00522	0.00211	0.00706	0.00499	0.00438	0.00850
36	0.23402	0.12371	0.07974	0.02070	0.16456	0.04031	0.05576	0.04493	0.07978	0.02666	0.05389	0.01808	0.01430	0.00745	0.00623	0.00216	0.00762	0.00594	0.00449	0.00967
37	0.02700	0.01356	0.04279	0.01537	0.06399	0.01184	0.01195	0.08935	0.02080	0.46749	0.04745	0.08595	0.02171	0.01050	0.00760	0.00234	0.00646	0.03458	0.00794	0.01132
38	0.03302	0.00999	0.01308	0.03728	0.07424	0.01008	0.01021	0.07868	0.03982	0.02364	0.06552	0.35929	0.05890	0.01714	0.00859	0.00271	0.00560	0.11366	0.00635	0.03220
39	0.02528	0.03033	0.02039	0.01980	0.07188	0.57218	0.01401	0.05685	0.02000	0.01910	0.01182	0.01442	0.00993	0.00895	0.00845	0.06732	0.01197	0.00504	0.00385	0.00840
40	0.00901	0.00656	0.00850	0.00975	0.01052	0.00604	0.00665	0.01059	0.01497	0.01995	0.12356	0.59507	0.10920	0.02141	0.00913	0.00283	0.00407	0.01926	0.00690	0.00604
41	0.01961	0.01474	0.01412	0.05793	0.01725	0.09563	0.00987	0.22622	0.02181	0.03136	0.01957	0.02191	0.01498	0.00836	0.00609	0.00192	0.00639	0.00644	0.39700	0.00882
42	0.02715	0.03464	0.02060	0.01873	0.02247	0.71536	0.01404	0.02903	0.02060	0.01779	0.01124	0.01311	0.00936	0.00749	0.00655	0.00187	0.01311	0.00468	0.00375	0.00843
43	0.02765	0.01719	0.01947	0.01527	0.02076	0.01823	0.01250	0.38065	0.13223	0.24377	0.02277	0.02118	0.01562	0.00899	0.00730	0.00225	0.00710	0.00704	0.00782	0.01223
44	0.00886	0.00633	0.00843	0.01012	0.01054	0.00590	0.00675	0.01012	0.01392	0.01856	0.04006	0.73979	0.04808	0.02277	0.00928	0.00295	0.00422	0.02066	0.00675	0.00590
45	0.00899	0.00729	0.00797	0.00798	0.01011	0.00628	0.00592	0.01113	0.01723	0.02164	0.20741	0.12222	0.50448	0.01799	0.00864	0.00246	0.00367	0.01530	0.00702	0.00628
