[name]
unknown

[dist]
# distance from previous block
# <min> <max>
1	55

[block]
# block no. 0 follows, 30 sequences, length 15
# corresponding to MSA columns:
# 55-69
name=unknown_A
#
# <colnr> <probs for GDERKNQSTAVLIFYWHMCP>
#	G	D	E	R	K	N	Q	S	T	A	V	L	I	F	Y	W	H	M	C	P
0	0.02252	0.01572	0.01801	0.04312	0.02030	0.01618	0.01160	0.36580	0.04826	0.12183	0.01822	0.04186	0.01379	0.00982	0.03399	0.00227	0.00722	0.00646	0.00630	0.17674
1	0.01250	0.00901	0.01190	0.10226	0.01694	0.00901	0.00911	0.07999	0.01579	0.05563	0.03039	0.49004	0.03380	0.01665	0.00808	0.00252	0.00525	0.01488	0.00602	0.07023
2	0.01508	0.01562	0.02888	0.02208	0.02628	0.01650	0.35814	0.02078	0.08305	0.02196	0.07784	0.07988	0.01907	0.00964	0.01138	0.00253	0.16923	0.00905	0.00438	0.00864
3	0.00867	0.00623	0.00815	0.00946	0.01004	0.00579	0.00637	0.01005	0.01391	0.01861	0.09839	0.63900	0.07184	0.04592	0.00973	0.00289	0.00405	0.01868	0.00651	0.00571
4	0.07641	0.01310	0.02167	0.59802	0.04330	0.01590	0.07014	0.01836	0.01386	0.01921	0.01220	0.01792	0.00926	0.00705	0.00746	0.00234	0.03655	0.00616	0.00323	0.00786
5	0.01573	0.01387	0.02061	0.31095	0.08508	0.01566	0.07457	0.09051	0.15664	0.02390	0.01970	0.02267	0.04759	0.00850	0.00759	0.02245	0.00786	0.00717	0.03995	0.00898
6	0.00868	0.00615	0.00804	0.00949	0.00985	0.00579	0.00624	0.00976	0.01302	0.01735	0.03669	0.67451	0.04392	0.10060	0.01177	0.00326	0.00434	0.01880	0.00624	0.00551
7	0.00867	0.00614	0.00805	0.00950	0.00987	0.00578	0.00625	0.00976	0.01304	0.01738	0.03680	0.67934	0.04406	0.09558	0.01158	0.00323	0.00432	0.01886	0.00625	0.00552
8	0.01032	0.00840	0.01239	0.20803	0.02077	0.00939	0.01037	0.01245	0.01304	0.01736	0.02773	0.42789	0.03137	0.07555	0.04018	0.00335	0.04592	0.01414	0.00509	0.00625
9	0.01329	0.01245	0.02024	0.43344	0.03550	0.01457	0.06899	0.01698	0.01348	0.01817	0.01441	0.06235	0.01286	0.06639	0.01112	0.00267	0.09487	0.00727	0.00350	0.07745
10	0.03698	0.01462	0.01789	0.14869	0.02333	0.07767	0.06558	0.14069	0.05386	0.02506	0.01656	0.02034	0.01314	0.01400	0.10559	0.00336	0.05524	0.00648	0.15252	0.00838
11	0.03847	0.00893	0.01117	0.03349	0.07381	0.00881	0.00809	0.02578	0.01453	0.02114	0.07533	0.12698	0.15845	0.10528	0.04681	0.00315	0.02629	0.01036	0.13366	0.06950
12	0.03415	0.01397	0.01601	0.04448	0.01846	0.01437	0.01053	0.30096	0.03508	0.08427	0.02178	0.12523	0.03842	0.04841	0.02809	0.00253	0.00672	0.00837	0.00610	0.14208
13	0.02111	0.01617	0.01773	0.01423	0.01842	0.01791	0.01145	0.42207	0.08874	0.03445	0.02234	0.02463	0.07548	0.08072	0.01102	0.00262	0.06532	0.00745	0.00626	0.04189
14	0.02199	0.01707	0.01935	0.10400	0.02373	0.01864	0.01304	0.42460	0.12155	0.03585	0.01727	0.01798	0.01267	0.00793	0.00676	0.00202	0.00724	0.00621	0.00614	0.11595

[dist]
# distance from previous block
# <min> <max>
19	46

[block]
# block no. 1 follows, 30 sequences, length 8
# corresponding to MSA columns:
# 125-132
name=unknown_B
#
# <colnr> <probs for GDERKNQSTAVLIFYWHMCP>
#	G	D	E	R	K	N	Q	S	T	A	V	L	I	F	Y	W	H	M	C	P
0	0.01293	0.01062	0.01422	0.01230	0.01539	0.01005	0.07464	0.09445	0.05285	0.02310	0.05482	0.29707	0.11782	0.03929	0.00870	0.00243	0.00550	0.01267	0.00586	0.13527
1	0.01738	0.01337	0.01447	0.04044	0.01663	0.03586	0.00977	0.27119	0.08572	0.02837	0.02546	0.14076	0.06462	0.13890	0.03621	0.00333	0.00693	0.00973	0.03237	0.00851
2	0.01483	0.01431	0.02461	0.43139	0.26550	0.01627	0.05961	0.01924	0.01459	0.01969	0.01259	0.01802	0.00995	0.00691	0.00779	0.00228	0.04393	0.00632	0.00324	0.00894
3	0.01633	0.01359	0.01633	0.03643	0.01763	0.01457	0.01070	0.14732	0.07019	0.02458	0.01629	0.05684	0.01483	0.09946	0.01333	0.00260	0.16089	0.00684	0.00479	0.25647
4	0.01015	0.00677	0.00761	0.00761	0.00761	0.00677	0.00423	0.01015	0.01015	0.01353	0.02199	0.04567	0.02537	0.75476	0.03552	0.00677	0.00677	0.01015	0.00423	0.00423
5	0.02608	0.01815	0.01969	0.01519	0.02052	0.01982	0.01252	0.59571	0.03069	0.09550	0.01796	0.01787	0.01266	0.00838	0.00686	0.00207	0.00727	0.00635	0.05518	0.01154
6	0.02531	0.01894	0.02026	0.01581	0.02118	0.02107	0.01297	0.60185	0.12089	0.04202	0.01829	0.01798	0.01312	0.00852	0.00700	0.00213	0.00739	0.00650	0.00700	0.01176
7	0.01777	0.02330	0.21990	0.02296	0.07292	0.04546	0.24728	0.15659	0.01964	0.02690	0.06546	0.01940	0.01443	0.00729	0.00737	0.00221	0.00972	0.00704	0.00437	0.01000

[dist]
# distance from previous block
# <min> <max>
0	20

[block]
# block no. 2 follows, 30 sequences, length 18
# corresponding to MSA columns:
# 153-170
name=unknown_C
#
# <colnr> <probs for GDERKNQSTAVLIFYWHMCP>
#	G	D	E	R	K	N	Q	S	T	A	V	L	I	F	Y	W	H	M	C	P
0	0.01786	0.32172	0.18050	0.01734	0.02435	0.02137	0.13989	0.09566	0.03906	0.02253	0.01266	0.01464	0.01003	0.00643	0.00604	0.00188	0.00872	0.00531	0.00371	0.05030
1	0.01538	0.05884	0.22557	0.05404	0.02276	0.04458	0.03641	0.08035	0.03271	0.02360	0.06015	0.05938	0.04085	0.00831	0.00687	0.00194	0.02173	0.00677	0.00437	0.19540
2	0.01848	0.31157	0.10331	0.01692	0.05921	0.10950	0.06848	0.05680	0.06900	0.02076	0.01306	0.01505	0.01075	0.00852	0.03660	0.00219	0.00900	0.00512	0.00376	0.06191
3	0.01597	0.03944	0.09183	0.01843	0.02480	0.01475	0.24080	0.05847	0.09056	0.02450	0.05067	0.01919	0.01437	0.00668	0.00680	0.00187	0.00805	0.00658	0.00444	0.26180
4	0.01144	0.00930	0.00974	0.00945	0.01190	0.02679	0.00708	0.01677	0.14813	0.04554	0.10988	0.15570	0.38041	0.01583	0.00803	0.00239	0.00429	0.01345	0.00670	0.00718
5	0.02982	0.01239	0.01637	0.01250	0.01796	0.01090	0.01030	0.07388	0.02039	0.62476	0.02578	0.02265	0.01644	0.00837	0.00688	0.00208	0.00599	0.00677	0.00821	0.06753
6	0.01478	0.01615	0.06466	0.11528	0.02880	0.03183	0.28891	0.04279	0.05259	0.02134	0.01920	0.16949	0.01814	0.01022	0.00922	0.00248	0.07150	0.00984	0.00433	0.00846
7	0.02537	0.01820	0.01943	0.01529	0.02035	0.04489	0.01247	0.54508	0.02938	0.10052	0.01876	0.05792	0.01432	0.01062	0.03195	0.00245	0.00788	0.00707	0.00687	0.01120
8	0.00864	0.00632	0.00786	0.00902	0.00972	0.00583	0.00603	0.00982	0.01346	0.01753	0.04233	0.55308	0.16030	0.10127	0.01170	0.00318	0.00426	0.01788	0.00623	0.00555
9	0.02683	0.01906	0.02064	0.01583	0.02140	0.02093	0.01307	0.64692	0.03200	0.08616	0.01743	0.01719	0.01221	0.00839	0.00698	0.00210	0.00757	0.00633	0.00708	0.01187
10	0.06303	0.01774	0.01926	0.01789	0.09515	0.06531	0.01300	0.33544	0.14749	0.07468	0.01848	0.01906	0.01376	0.01108	0.05435	0.00273	0.00819	0.00644	0.00614	0.01079
11	0.01422	0.03377	0.63533	0.02030	0.02975	0.01663	0.06092	0.02176	0.01456	0.02176	0.01239	0.01499	0.00896	0.00696	0.00780	0.00227	0.05918	0.00539	0.00299	0.01009
12	0.00849	0.00612	0.00805	0.00960	0.01009	0.00568	0.00643	0.00973	0.01347	0.01786	0.03988	0.72010	0.07534	0.02168	0.00888	0.00281	0.00403	0.01961	0.00648	0.00568
13	0.01140	0.00975	0.01184	0.01167	0.01344	0.04361	0.04487	0.01622	0.12677	0.02122	0.12013	0.43011	0.07726	0.01705	0.00833	0.00257	0.00501	0.01531	0.00643	0.00700
14	0.10427	0.01805	0.05877	0.03008	0.40177	0.08046	0.01744	0.02261	0.04477	0.06040	0.01551	0.01825	0.03324	0.00739	0.00768	0.00216	0.05699	0.00612	0.00404	0.01002
15	0.01807	0.15874	0.28710	0.01763	0.02425	0.21679	0.06209	0.02308	0.03559	0.01964	0.01484	0.04697	0.03063	0.00766	0.00642	0.00201	0.00995	0.00590	0.00354	0.00909
16	0.01545	0.01189	0.01396	0.01101	0.01587	0.01010	0.00860	0.08258	0.04017	0.06152	0.01943	0.16328	0.01843	0.00917	0.00626	0.00161	0.00524	0.00778	0.00523	0.49243
17	0.01891	0.38724	0.18063	0.01538	0.02219	0.06188	0.05978	0.06515	0.01630	0.05799	0.01222	0.01375	0.00975	0.00644	0.00563	0.00178	0.00848	0.00475	0.00367	0.04812

[dist]
# distance from previous block
# <min> <max>
1	7

[block]
# block no. 3 follows, 30 sequences, length 18
# corresponding to MSA columns:
# 178-195
name=unknown_D
#
# <colnr> <probs for GDERKNQSTAVLIFYWHMCP>
#	G	D	E	R	K	N	Q	S	T	A	V	L	I	F	Y	W	H	M	C	P
0	0.01671	0.32143	0.37575	0.01692	0.02508	0.02113	0.04847	0.06197	0.01568	0.02118	0.01173	0.01363	0.00915	0.00644	0.00587	0.00192	0.00909	0.00479	0.00323	0.00983
1	0.02001	0.01436	0.01597	0.01217	0.01739	0.01389	0.00987	0.28779	0.02217	0.06939	0.01653	0.01763	0.01246	0.00709	0.00595	0.00161	0.00593	0.00551	0.12425	0.32001
2	0.01377	0.00919	0.01288	0.01209	0.01400	0.00921	0.04645	0.03622	0.03394	0.12449	0.05415	0.43306	0.07566	0.01692	0.00960	0.00264	0.06713	0.01483	0.00642	0.00736
3	0.02281	0.12859	0.02142	0.01396	0.01963	0.01909	0.01175	0.37696	0.05863	0.08060	0.01614	0.01640	0.01196	0.00745	0.00625	0.00181	0.00692	0.00560	0.00593	0.16812
4	0.00884	0.00693	0.00799	0.00806	0.00987	0.00609	0.00592	0.01103	0.01680	0.02177	0.28051	0.17011	0.38683	0.01719	0.00835	0.00238	0.00353	0.01482	0.00689	0.00609
5	0.01909	0.01445	0.01607	0.01293	0.01773	0.01467	0.01032	0.22340	0.19216	0.07073	0.05916	0.05308	0.03950	0.00898	0.00672	0.00193	0.00586	0.00732	0.00635	0.21955
6	0.01635	0.01908	0.08253	0.03050	0.18584	0.01713	0.43452	0.02169	0.01589	0.02221	0.01350	0.01786	0.01050	0.00626	0.00835	0.00226	0.04264	0.00731	0.00348	0.04213
7	0.01483	0.01334	0.02016	0.57359	0.04153	0.01625	0.01766	0.07227	0.11839	0.02155	0.01514	0.01958	0.01130	0.00746	0.00700	0.00231	0.00861	0.00646	0.00400	0.00856
8	0.00873	0.00617	0.00803	0.00942	0.00977	0.00582	0.00616	0.00978	0.01291	0.01721	0.03614	0.65093	0.04323	0.12513	0.01266	0.00339	0.00443	0.01847	0.00616	0.00547
9	0.01941	0.23125	0.03126	0.01955	0.02437	0.14757	0.22118	0.02260	0.01560	0.05640	0.01214	0.01519	0.00995	0.00738	0.00928	0.00212	0.13644	0.00585	0.00358	0.00887
10	0.01121	0.00810	0.01003	0.01067	0.01185	0.00807	0.00750	0.11173	0.01629	0.02175	0.03520	0.63988	0.04100	0.01983	0.00862	0.00272	0.00459	0.01780	0.00655	0.00660
11	0.02498	0.01999	0.02045	0.01613	0.02098	0.08231	0.01320	0.55386	0.02932	0.03861	0.01728	0.01784	0.03308	0.00888	0.00828	0.00216	0.06894	0.00638	0.00635	0.01100
12	0.01077	0.00786	0.00831	0.00824	0.00846	0.03536	0.00487	0.01099	0.01059	0.01383	0.02134	0.04325	0.02424	0.68264	0.07625	0.00684	0.00772	0.00976	0.00417	0.00450
13	0.02471	0.01847	0.01997	0.01520	0.02087	0.01978	0.01251	0.58712	0.03005	0.04078	0.01610	0.01641	0.01164	0.00789	0.00671	0.00193	0.00730	0.00596	0.00655	0.13002
14	0.01689	0.01797	0.02113	0.01827	0.01881	0.12747	0.01500	0.01846	0.01205	0.01684	0.00940	0.01486	0.00913	0.01146	0.02040	0.00286	0.63227	0.00586	0.00313	0.00770
15	0.00903	0.00710	0.00815	0.00789	0.00991	0.00622	0.00592	0.01153	0.01775	0.02324	0.37672	0.05993	0.39963	0.01604	0.00824	0.00228	0.00342	0.01371	0.00706	0.00622
16	0.01895	0.01744	0.01810	0.01871	0.11764	0.10777	0.01281	0.03355	0.49015	0.05102	0.02393	0.02298	0.01812	0.00868	0.00697	0.00224	0.00684	0.00719	0.00619	0.01070
17	0.01370	0.01174	0.01313	0.01063	0.01510	0.03879	0.00814	0.03768	0.01519	0.02214	0.04293	0.20002	0.02121	0.00985	0.00632	0.00159	0.00522	0.00844	0.00491	0.51326

[dist]
# distance from previous block
# <min> <max>
0	2

[block]
# block no. 4 follows, 30 sequences, length 28
# corresponding to MSA columns:
# 198-225
name=unknown_E
#
# <colnr> <probs for GDERKNQSTAVLIFYWHMCP>
#	G	D	E	R	K	N	Q	S	T	A	V	L	I	F	Y	W	H	M	C	P
0	0.01976	0.04383	0.01759	0.01465	0.01886	0.10379	0.01156	0.15014	0.44945	0.02953	0.02508	0.02373	0.04260	0.00917	0.00693	0.00222	0.00676	0.00730	0.00649	0.01057
1	0.01558	0.01309	0.01536	0.04134	0.01835	0.01075	0.00921	0.08205	0.01621	0.02458	0.01282	0.01486	0.01044	0.00555	0.00542	0.00119	0.00558	0.00443	0.00436	0.68882
2	0.04992	0.13152	0.05393	0.01730	0.07211	0.18117	0.01357	0.27689	0.02262	0.02864	0.01467	0.05439	0.01224	0.00807	0.00638	0.00195	0.00857	0.00602	0.00496	0.03508
3	0.00853	0.00621	0.00805	0.00942	0.01007	0.00573	0.00637	0.00988	0.01386	0.01832	0.06853	0.65630	0.11072	0.02115	0.00882	0.00276	0.00397	0.01906	0.00653	0.00573
4	0.00868	0.00701	0.00772	0.00771	0.00973	0.00605	0.00572	0.01080	0.01670	0.02111	0.23142	0.11454	0.49411	0.01711	0.00829	0.00235	0.00351	0.01457	0.00679	0.00605
5	0.01086	0.00883	0.01310	0.04538	0.01526	0.00915	0.06418	0.04840	0.01450	0.01953	0.03190	0.56177	0.03691	0.01841	0.00971	0.00275	0.06047	0.01650	0.00585	0.00655
6	0.02076	0.01805	0.02836	0.02132	0.02713	0.04969	0.31310	0.15595	0.15466	0.10856	0.01886	0.02014	0.01366	0.00745	0.00754	0.00226	0.00910	0.00748	0.00550	0.01044
7	0.01769	0.01416	0.01529	0.01365	0.01751	0.01603	0.01064	0.03497	0.59937	0.07491	0.08235	0.02796	0.02458	0.00979	0.00718	0.00234	0.00537	0.00821	0.00725	0.01075
8	0.00850	0.00607	0.00810	0.00972	0.01012	0.00567	0.00648	0.00972	0.01336	0.01781	0.03846	0.75020	0.04615	0.02186	0.00891	0.00283	0.00405	0.01984	0.00648	0.00567
9	0.02509	0.09200	0.02151	0.01852	0.05014	0.63975	0.01369	0.02702	0.01915	0.01726	0.01080	0.01267	0.00907	0.00705	0.00617	0.00178	0.01199	0.00450	0.00354	0.00828
10	0.01181	0.00875	0.00976	0.01056	0.01166	0.05749	0.00731	0.01372	0.03609	0.07031	0.03465	0.58998	0.03967	0.05101	0.00967	0.00286	0.00496	0.01699	0.00636	0.00642
11	0.02562	0.01867	0.01998	0.01542	0.02074	0.02063	0.01270	0.64295	0.03159	0.04278	0.01716	0.01737	0.01227	0.00836	0.00684	0.00206	0.00738	0.00630	0.05968	0.01151
12	0.01551	0.01252	0.01464	0.01066	0.01663	0.00979	0.00852	0.04842	0.01549	0.05133	0.01399	0.03709	0.01176	0.00596	0.00544	0.00118	0.00528	0.00482	0.00451	0.70647
13	0.01621	0.32183	0.33349	0.01804	0.05311	0.02122	0.05288	0.02123	0.01436	0.01950	0.01126	0.01367	0.00909	0.00671	0.00701	0.00198	0.06097	0.00485	0.00302	0.00957
14	0.03099	0.01239	0.01651	0.01266	0.01807	0.01102	0.01046	0.07762	0.02083	0.67123	0.02681	0.02328	0.01691	0.00862	0.00702	0.00215	0.00605	0.00697	0.00853	0.01188
15	0.74934	0.01338	0.01068	0.00941	0.01380	0.01527	0.00775	0.02147	0.01245	0.07979	0.01098	0.01222	0.00825	0.00663	0.00451	0.00216	0.00544	0.00401	0.00462	0.00786
16	0.01318	0.01240	0.02093	0.73798	0.04806	0.01550	0.01938	0.01783	0.01395	0.01783	0.01240	0.01860	0.00930	0.00698	0.00698	0.00233	0.00930	0.00620	0.00310	0.00775
17	0.02223	0.01485	0.01603	0.01372	0.01802	0.05775	0.01099	0.10599	0.30229	0.23298	0.02811	0.02910	0.04740	0.01003	0.00725	0.00230	0.00631	0.05675	0.00725	0.01065
18	0.01681	0.00869	0.01140	0.00983	0.01278	0.00774	0.00769	0.01977	0.01950	0.25415	0.42933	0.04404	0.10424	0.01270	0.00783	0.00220	0.00419	0.01095	0.00790	0.00827
19	0.00861	0.00616	0.00802	0.00946	0.00992	0.00575	0.00627	0.00976	0.01323	0.01755	0.03857	0.67336	0.07082	0.07359	0.01077	0.00309	0.00422	0.01895	0.00632	0.00557
20	0.63715	0.17191	0.01585	0.00976	0.01443	0.01820	0.00849	0.02059	0.01237	0.02814	0.00971	0.01131	0.00785	0.00637	0.00435	0.00202	0.00584	0.00377	0.00404	0.00785
21	0.01009	0.00674	0.00763	0.00768	0.00770	0.00673	0.00431	0.01013	0.01026	0.01368	0.02256	0.07032	0.02610	0.72911	0.03459	0.00663	0.00667	0.01049	0.00431	0.00428
22	0.01711	0.01870	0.01579	0.01461	0.01610	0.28074	0.01097	0.01849	0.01442	0.01643	0.01681	0.12397	0.01773	0.14580	0.06416	0.00376	0.18536	0.00824	0.00399	0.00683
23	0.01668	0.09220	0.15459	0.02990	0.28436	0.03543	0.18528	0.02151	0.01534	0.02134	0.01256	0.01635	0.01014	0.00668	0.00821	0.00218	0.06773	0.00624	0.00331	0.00997
24	0.01212	0.00606	0.00909	0.00909	0.00909	0.00606	0.00606	0.00909	0.00909	0.01212	0.01212	0.02121	0.01212	0.02424	0.02727	0.79697	0.00606	0.00606	0.00303	0.00303
25	0.01058	0.00679	0.00903	0.00967	0.01078	0.00626	0.00679	0.01246	0.01557	0.07291	0.21664	0.50896	0.04926	0.01884	0.00858	0.00261	0.00399	0.01695	0.00696	0.00638
26	0.01911	0.10129	0.02014	0.01852	0.15919	0.01577	0.01243	0.19519	0.05020	0.10078	0.09113	0.06634	0.10005	0.01010	0.00705	0.00212	0.00640	0.00844	0.00595	0.00978
27	0.02420	0.01883	0.02230	0.01782	0.04277	0.02079	0.06597	0.53168	0.08910	0.03926	0.01717	0.01769	0.01247	0.00837	0.00773	0.00218	0.03724	0.00657	0.00646	0.01141

[dist]
# distance from previous block
# <min> <max>
0	1

[block]
# block no. 5 follows, 30 sequences, length 33
# corresponding to MSA columns:
# 227-259
name=unknown_F
#
# <colnr> <probs for GDERKNQSTAVLIFYWHMCP>
#	G	D	E	R	K	N	Q	S	T	A	V	L	I	F	Y	W	H	M	C	P
0	0.02139	0.05807	0.02183	0.12158	0.16640	0.31180	0.01532	0.06833	0.04487	0.05348	0.04195	0.01725	0.01284	0.00743	0.00662	0.00199	0.00971	0.00575	0.00423	0.00917
1	0.01929	0.01843	0.14424	0.01368	0.02019	0.03562	0.01280	0.11311	0.06260	0.13798	0.01645	0.01702	0.01206	0.00677	0.00614	0.00168	0.00683	0.00533	0.00521	0.34456
2	0.10884	0.19963	0.02567	0.03971	0.08803	0.12922	0.07670	0.16040	0.03777	0.05232	0.01334	0.01498	0.01043	0.00695	0.00609	0.00195	0.00849	0.00536	0.00448	0.00964
3	0.01015	0.00677	0.00761	0.00761	0.00761	0.00677	0.00423	0.01015	0.01015	0.01353	0.02199	0.04567	0.02537	0.75476	0.03552	0.00677	0.00677	0.01015	0.00423	0.00423
4	0.02006	0.04082	0.04161	0.02262	0.18090	0.10783	0.06936	0.15185	0.12221	0.05960	0.07191	0.02079	0.01693	0.00818	0.00756	0.00214	0.03334	0.00687	0.00524	0.01018
5	0.01399	0.01366	0.01867	0.01592	0.01742	0.04491	0.06324	0.01614	0.01333	0.01909	0.08990	0.11413	0.05294	0.01267	0.01574	0.00264	0.39442	0.00887	0.00427	0.06802
6	0.01836	0.17957	0.02077	0.01385	0.01837	0.01995	0.01142	0.08400	0.49588	0.02752	0.02337	0.02204	0.01784	0.00861	0.00651	0.00215	0.00612	0.00685	0.00618	0.01065
7	0.01866	0.75896	0.03657	0.01194	0.01791	0.02761	0.01194	0.02090	0.01418	0.01642	0.00970	0.01119	0.00896	0.00597	0.00448	0.00149	0.00746	0.00373	0.00299	0.00896
8	0.01407	0.03484	0.67656	0.01979	0.02949	0.01652	0.02515	0.02178	0.01449	0.02178	0.01232	0.01477	0.00886	0.00697	0.00761	0.00226	0.05443	0.00521	0.00295	0.01015
9	0.01482	0.01247	0.01352	0.01241	0.01563	0.01388	0.00954	0.02917	0.48513	0.02761	0.15922	0.06842	0.08530	0.01160	0.00749	0.00236	0.00488	0.00988	0.00713	0.00955
10	0.00900	0.00671	0.00847	0.00893	0.01020	0.00618	0.00638	0.01111	0.01600	0.02149	0.27725	0.33470	0.18546	0.01981	0.04250	0.00291	0.00437	0.01571	0.00677	0.00606
11	0.02672	0.01923	0.02075	0.01591	0.02148	0.02117	0.01314	0.66090	0.03228	0.07179	0.01720	0.01704	0.01209	0.00839	0.00698	0.00210	0.00761	0.00631	0.00705	0.01187
12	0.01038	0.00754	0.01019	0.01018	0.01093	0.00843	0.00739	0.01197	0.01123	0.01588	0.02112	0.06332	0.02198	0.28956	0.37136	0.00830	0.04716	0.03963	0.02785	0.00560
13	0.01015	0.00677	0.00761	0.00761	0.00761	0.00677	0.00423	0.01015	0.01015	0.01353	0.02199	0.04567	0.02537	0.75476	0.03552	0.00677	0.00677	0.01015	0.00423	0.00423
14	0.00983	0.00736	0.00915	0.00875	0.01053	0.00682	0.00654	0.01338	0.04322	0.02614	0.55369	0.08642	0.16213	0.01498	0.00822	0.00226	0.00345	0.01311	0.00742	0.00659
15	0.01905	0.72215	0.03579	0.01215	0.01810	0.02731	0.01201	0.05410	0.01511	0.01779	0.01005	0.01147	0.00910	0.00609	0.00460	0.00152	0.00747	0.00386	0.00318	0.00910
16	0.00997	0.00748	0.01121	0.01121	0.01246	0.00872	0.00872	0.01246	0.01121	0.01620	0.01869	0.02741	0.01745	0.05234	0.72710	0.01121	0.01869	0.00748	0.00374	0.00623
17	0.00999	0.00670	0.00766	0.00781	0.00785	0.00666	0.00444	0.01011	0.01045	0.01393	0.02354	0.11198	0.02733	0.68577	0.03301	0.00640	0.00651	0.01106	0.00444	0.00436
18	0.80405	0.01350	0.01026	0.00918	0.01350	0.01565	0.00756	0.02051	0.01188	0.03131	0.00972	0.01134	0.00756	0.00648	0.00432	0.00216	0.00540	0.00378	0.00432	0.00756
19	0.01318	0.01240	0.02093	0.73798	0.04806	0.01550	0.01938	0.01783	0.01395	0.01783	0.01240	0.01860	0.00930	0.00698	0.00698	0.00233	0.00930	0.00620	0.00310	0.00775
20	0.01318	0.01240	0.02093	0.73798	0.04806	0.01550	0.01938	0.01783	0.01395	0.01783	0.01240	0.01860	0.00930	0.00698	0.00698	0.00233	0.00930	0.00620	0.00310	0.00775
21	0.01800	0.01796	0.02762	0.04078	0.65430	0.07520	0.02076	0.02195	0.01621	0.02233	0.01293	0.01688	0.01088	0.00630	0.00686	0.00205	0.00864	0.00608	0.00347	0.01081
22	0.01866	0.75896	0.03657	0.01194	0.01791	0.02761	0.01194	0.02090	0.01418	0.01642	0.00970	0.01119	0.00896	0.00597	0.00448	0.00149	0.00746	0.00373	0.00299	0.00896
23	0.01015	0.00677	0.00761	0.00761	0.00761	0.00677	0.00423	0.01015	0.01015	0.01353	0.02199	0.04567	0.02537	0.75476	0.03552	0.00677	0.00677	0.01015	0.00423	0.00423
24	0.01737	0.01721	0.02891	0.06392	0.60636	0.04106	0.07927	0.02160	0.01601	0.02240	0.01311	0.01729	0.01088	0.00625	0.00701	0.00210	0.00878	0.00633	0.00345	0.01070
25	0.15008	0.01263	0.01538	0.01205	0.01719	0.01194	0.00993	0.08836	0.01970	0.52703	0.02530	0.02270	0.03894	0.00859	0.00664	0.00216	0.00592	0.00671	0.00775	0.01100
26	0.01721	0.01092	0.01297	0.01186	0.01522	0.01107	0.00954	0.02540	0.23778	0.18390	0.09424	0.04482	0.14529	0.01296	0.00786	0.00246	0.00526	0.13486	0.00727	0.00910
27	0.01648	0.08004	0.05672	0.01851	0.02089	0.11121	0.09977	0.01893	0.01330	0.01784	0.01265	0.07642	0.01238	0.01078	0.01542	0.00261	0.39752	0.00707	0.00346	0.00799
28	0.01616	0.33662	0.38841	0.01808	0.06989	0.02099	0.01972	0.02155	0.01458	0.01977	0.01138	0.01342	0.00903	0.00633	0.00575	0.00190	0.00899	0.00463	0.00300	0.00979
29	0.00919	0.00681	0.00850	0.00869	0.01005	0.00620	0.00623	0.01150	0.01688	0.02289	0.37500	0.25306	0.17765	0.04363	0.00940	0.00257	0.00368	0.01497	0.00699	0.00611
30	0.00858	0.00638	0.00803	0.00930	0.01018	0.00583	0.00645	0.01000	0.01403	0.01818	0.04523	0.57377	0.18635	0.02085	0.00880	0.00275	0.00405	0.04902	0.00648	0.00575
31	0.01748	0.01358	0.04948	0.04607	0.01771	0.01321	0.01078	0.22029	0.08406	0.08093	0.20196	0.05534	0.08496	0.01133	0.00745	0.00222	0.00577	0.02908	0.03919	0.00911
32	0.07092	0.28135	0.07994	0.01923	0.15072	0.07121	0.01456	0.09460	0.03890	0.09681	0.01388	0.01512	0.01084	0.00684	0.00584	0.00188	0.00787	0.00512	0.00436	0.00999

[dist]
# distance from previous block
# <min> <max>
0	2

[block]
# block no. 6 follows, 30 sequences, length 153
# corresponding to MSA columns:
# 262-414
name=unknown_G
#
# <colnr> <probs for GDERKNQSTAVLIFYWHMCP>
#	G	D	E	R	K	N	Q	S	T	A	V	L	I	F	Y	W	H	M	C	P
0	0.54803	0.10480	0.03723	0.01073	0.01548	0.04253	0.00933	0.05754	0.01434	0.07101	0.02817	0.01351	0.01005	0.00687	0.00488	0.00206	0.00617	0.00439	0.00458	0.00830
1	0.07790	0.00762	0.00896	0.00874	0.01059	0.00721	0.00645	0.01321	0.01700	0.04586	0.37874	0.16642	0.16747	0.04199	0.00896	0.00249	0.00385	0.01317	0.00689	0.00647
2	0.02425	0.01299	0.01508	0.01229	0.01669	0.04636	0.00987	0.11098	0.07175	0.38598	0.09334	0.05285	0.09511	0.01050	0.00729	0.00219	0.00589	0.00861	0.00768	0.01031
3	0.76818	0.01377	0.01075	0.00949	0.01387	0.01593	0.00782	0.05131	0.01284	0.03189	0.01004	0.01159	0.00776	0.00657	0.00444	0.00216	0.00550	0.00389	0.00444	0.00776
4	0.03880	0.03685	0.01542	0.06601	0.01818	0.01168	0.00962	0.09903	0.01738	0.13825	0.07746	0.02310	0.01801	0.07965	0.03431	0.00249	0.00645	0.00643	0.00541	0.29548
5	0.01727	0.01658	0.02832	0.04283	0.71123	0.01658	0.02142	0.02142	0.01589	0.02280	0.01313	0.01727	0.01105	0.00622	0.00691	0.00207	0.00829	0.00622	0.00345	0.01105
6	0.01791	0.01504	0.01585	0.01407	0.01806	0.01731	0.01100	0.08658	0.62318	0.03022	0.02731	0.02532	0.02045	0.00934	0.00701	0.00232	0.00561	0.00772	0.03475	0.01095
7	0.00895	0.00626	0.00797	0.00915	0.00944	0.00596	0.00587	0.00983	0.01249	0.01665	0.03400	0.55953	0.04053	0.22020	0.01611	0.00390	0.00478	0.01722	0.00587	0.00528
8	0.04270	0.05252	0.49494	0.01719	0.02553	0.03336	0.02052	0.02280	0.01548	0.11981	0.01799	0.04979	0.04109	0.00803	0.00670	0.00220	0.00894	0.00635	0.00412	0.00995
9	0.02639	0.01794	0.01961	0.01512	0.02047	0.01948	0.01246	0.57422	0.03031	0.12367	0.01836	0.01808	0.01283	0.00840	0.00687	0.00208	0.00724	0.00638	0.04850	0.01159
10	0.02241	0.01211	0.01488	0.01259	0.01658	0.01196	0.01037	0.19163	0.02169	0.28567	0.05934	0.06959	0.04251	0.01169	0.00755	0.00235	0.00602	0.13259	0.05868	0.00979
11	0.00883	0.00709	0.00788	0.00768	0.00978	0.00614	0.00576	0.01114	0.01728	0.02212	0.29836	0.06178	0.47869	0.01646	0.00824	0.00230	0.00345	0.01397	0.00691	0.00614
12	0.01875	0.69701	0.03523	0.01247	0.01806	0.05189	0.01216	0.02094	0.01420	0.01646	0.00971	0.01144	0.00897	0.00632	0.00544	0.00158	0.04361	0.00387	0.00301	0.00886
13	0.01318	0.01240	0.02093	0.73798	0.04806	0.01550	0.01938	0.01783	0.01395	0.01783	0.01240	0.01860	0.00930	0.00698	0.00698	0.00233	0.00930	0.00620	0.00310	0.00775
14	0.00858	0.00611	0.00807	0.00961	0.01000	0.00572	0.00637	0.00974	0.01320	0.01760	0.03765	0.71570	0.04514	0.05775	0.01021	0.00303	0.00418	0.01936	0.00637	0.00560
15	0.01093	0.00737	0.00966	0.00896	0.01079	0.00676	0.00676	0.01419	0.01976	0.06168	0.67424	0.05074	0.06347	0.01399	0.00817	0.00219	0.00342	0.01235	0.00773	0.00684
16	0.01318	0.01240	0.02093	0.73798	0.04806	0.01550	0.01938	0.01783	0.01395	0.01783	0.01240	0.01860	0.00930	0.00698	0.00698	0.00233	0.00930	0.00620	0.00310	0.00775
17	0.03131	0.01188	0.01619	0.01242	0.01781	0.01026	0.01026	0.03401	0.01997	0.71606	0.02753	0.02375	0.01727	0.00864	0.00702	0.00216	0.00594	0.00702	0.00864	0.01188
18	0.74566	0.06892	0.01221	0.00938	0.01382	0.01654	0.00788	0.02054	0.01205	0.03020	0.00972	0.01133	0.00766	0.00644	0.00433	0.00211	0.00555	0.00378	0.00422	0.00766
19	0.01318	0.01240	0.02093	0.73798	0.04806	0.01550	0.01938	0.01783	0.01395	0.01783	0.01240	0.01860	0.00930	0.00698	0.00698	0.00233	0.00930	0.00620	0.00310	0.00775
20	0.01802	0.01267	0.01509	0.01099	0.01702	0.01008	0.00887	0.05378	0.01635	0.14539	0.01527	0.01621	0.01163	0.00594	0.00558	0.00128	0.00543	0.00475	0.00507	0.62059
21	0.02032	0.01585	0.01832	0.01857	0.12577	0.04630	0.01274	0.11813	0.36044	0.11573	0.05499	0.02381	0.01951	0.00884	0.00706	0.00223	0.00648	0.00739	0.00659	0.01093
22	0.01666	0.04398	0.03913	0.03078	0.13502	0.01783	0.56500	0.02217	0.01631	0.02221	0.01382	0.01833	0.01060	0.00593	0.00791	0.00228	0.01111	0.00778	0.00350	0.00964
23	0.01909	0.01006	0.01285	0.01102	0.01438	0.00955	0.00865	0.02452	0.12140	0.28943	0.31417	0.07160	0.03972	0.01178	0.00763	0.00224	0.00467	0.01013	0.00790	0.00922
24	0.01082	0.00765	0.00975	0.00933	0.01115	0.00722	0.00704	0.01473	0.05566	0.04864	0.53668	0.11137	0.09074	0.01482	0.00824	0.00230	0.00369	0.03582	0.00747	0.00688
25	0.14122	0.05846	0.10190	0.01625	0.02233	0.01694	0.11141	0.19971	0.03783	0.20036	0.01739	0.01767	0.01210	0.00749	0.00660	0.00215	0.00774	0.00615	0.00581	0.01050
26	0.01011	0.00678	0.00778	0.00792	0.00800	0.00676	0.00461	0.01030	0.01053	0.01402	0.02336	0.08047	0.02694	0.69110	0.03324	0.00644	0.00662	0.03622	0.00442	0.00438
27	0.01015	0.00677	0.00761	0.00761	0.00761	0.00677	0.00423	0.01015	0.01015	0.01353	0.02199	0.04567	0.02537	0.75476	0.03552	0.00677	0.00677	0.01015	0.00423	0.00423
28	0.01530	0.22466	0.51680	0.01814	0.02720	0.01924	0.04489	0.02179	0.01465	0.02062	0.01184	0.01395	0.00893	0.00643	0.00612	0.00203	0.00962	0.00489	0.00298	0.00993
29	0.03836	0.01666	0.02153	0.40811	0.17481	0.12392	0.01788	0.02174	0.07147	0.02003	0.01354	0.01783	0.01055	0.00705	0.00679	0.00219	0.00918	0.00602	0.00361	0.00874
30	0.01124	0.00803	0.01124	0.01285	0.01446	0.00803	0.01124	0.01446	0.01606	0.02088	0.03695	0.07871	0.04016	0.01928	0.00964	0.00321	0.00643	0.66426	0.00643	0.00643
31	0.03583	0.03409	0.66511	0.01906	0.02880	0.01573	0.02436	0.02163	0.01489	0.02264	0.04551	0.01642	0.01152	0.00699	0.00664	0.00221	0.00984	0.00547	0.00321	0.01006
32	0.01772	0.01801	0.05067	0.17535	0.34798	0.09543	0.01831	0.09335	0.01787	0.02348	0.04011	0.01984	0.03646	0.00742	0.00694	0.00212	0.00864	0.00651	0.00402	0.00977
33	0.01884	0.69512	0.06245	0.01255	0.01857	0.06140	0.01256	0.02128	0.01447	0.01667	0.00987	0.01140	0.00895	0.00606	0.00465	0.00154	0.00783	0.00382	0.00301	0.00897
34	0.00997	0.00748	0.01121	0.01121	0.01246	0.00872	0.00872	0.01246	0.01121	0.01620	0.01869	0.02741	0.01745	0.05234	0.72710	0.01121	0.01869	0.00748	0.00374	0.00623
35	0.77290	0.01343	0.01050	0.00931	0.01367	0.01544	0.00767	0.02106	0.01220	0.05891	0.01043	0.01184	0.00795	0.00656	0.00443	0.00216	0.00542	0.00391	0.00449	0.00773
36	0.00907	0.00643	0.00795	0.00894	0.00942	0.00609	0.00583	0.01002	0.01267	0.01667	0.03606	0.45579	0.09540	0.24700	0.01706	0.00402	0.00491	0.03562	0.00578	0.00527
37	0.01562	0.01396	0.02153	0.05550	0.41752	0.03208	0.01630	0.02008	0.04575	0.04159	0.18539	0.02920	0.02634	0.00906	0.00736	0.00217	0.00695	0.03913	0.00491	0.00956
38	0.01318	0.01240	0.02093	0.73798	0.04806	0.01550	0.01938	0.01783	0.01395	0.01783	0.01240	0.01860	0.00930	0.00698	0.00698	0.00233	0.00930	0.00620	0.00310	0.00775
39	0.01975	0.65151	0.03408	0.01283	0.01845	0.13112	0.01217	0.02193	0.01501	0.01652	0.00986	0.01140	0.00896	0.00615	0.00475	0.00154	0.00822	0.00384	0.00308	0.00883
40	0.01380	0.01265	0.02098	0.30880	0.29259	0.01379	0.01744	0.01756	0.01467	0.01984	0.01849	0.15598	0.01804	0.00994	0.00742	0.00236	0.00783	0.03526	0.00399	0.00857
41	0.08431	0.23773	0.30500	0.01647	0.05603	0.05377	0.01717	0.02236	0.03203	0.04862	0.01303	0.01477	0.01007	0.00668	0.00573	0.00194	0.00836	0.00487	0.05160	0.00946
42	0.02628	0.01959	0.02105	0.01719	0.05262	0.04576	0.01352	0.60905	0.03109	0.06839	0.01680	0.01690	0.01194	0.00825	0.00695	0.00209	0.00781	0.00625	0.00677	0.01170
43	0.00870	0.00619	0.00822	0.00977	0.01021	0.00583	0.00660	0.00995	0.01334	0.01776	0.03765	0.68742	0.04494	0.05483	0.01014	0.00303	0.00428	0.04913	0.00637	0.00564
44	0.01653	0.01575	0.02293	0.17895	0.36498	0.04821	0.01783	0.02401	0.16623	0.02274	0.01711	0.04451	0.01407	0.00768	0.00701	0.00220	0.00794	0.00697	0.00430	0.01005
45	0.00920	0.00658	0.00881	0.00997	0.01074	0.00629	0.00713	0.01099	0.01442	0.01946	0.13463	0.49893	0.04612	0.05133	0.04240	0.00333	0.00502	0.10236	0.00643	0.00587
46	0.00963	0.00716	0.00899	0.00864	0.01042	0.00652	0.00656	0.01263	0.01885	0.02592	0.55528	0.05622	0.18707	0.01515	0.00830	0.00227	0.00348	0.04309	0.00739	0.00644
47	0.00988	0.00713	0.00933	0.00878	0.01043	0.00658	0.00658	0.01317	0.01975	0.02798	0.70754	0.05213	0.06584	0.01427	0.00823	0.00219	0.00329	0.01262	0.00768	0.00658
48	0.04540	0.02603	0.31903	0.02251	0.15604	0.03874	0.01988	0.21821	0.02046	0.04751	0.01414	0.01588	0.01034	0.00713	0.00671	0.00213	0.00894	0.00567	0.00445	0.01080
49	0.01688	0.01579	0.02625	0.14610	0.55318	0.01636	0.02036	0.05233	0.01641	0.02298	0.01403	0.01961	0.01185	0.00689	0.00702	0.00215	0.00835	0.02936	0.00367	0.01043
50	0.00850	0.00607	0.00810	0.00972	0.01012	0.00567	0.00648	0.00972	0.01336	0.01781	0.03846	0.75020	0.04615	0.02186	0.00891	0.00283	0.00405	0.01984	0.00648	0.00567
51	0.01367	0.00714	0.00721	0.00697	0.00879	0.00725	0.00529	0.04915	0.01552	0.02690	0.02247	0.02556	0.01759	0.00814	0.00498	0.00165	0.00347	0.00649	0.75498	0.00677
52	0.04192	0.09803	0.52846	0.01769	0.02626	0.01666	0.02147	0.06143	0.01557	0.02286	0.01464	0.07726	0.01218	0.00797	0.00657	0.00219	0.00919	0.00630	0.00354	0.00979
53	0.01846	0.01994	0.02296	0.06070	0.26112	0.20172	0.01688	0.02115	0.01503	0.01898	0.01149	0.01590	0.01010	0.01015	0.03985	0.00267	0.23486	0.00579	0.00336	0.00889
54	0.77857	0.01346	0.01060	0.03265	0.01461	0.01565	0.00794	0.02043	0.01194	0.03087	0.00980	0.01157	0.00761	0.00649	0.00440	0.00216	0.00552	0.00386	0.00428	0.00756
55	0.01087	0.00837	0.01122	0.01075	0.01126	0.00983	0.00778	0.01212	0.01067	0.01513	0.01865	0.03348	0.01961	0.35216	0.31664	0.00801	0.12560	0.00843	0.00385	0.00558
56	0.10171	0.01202	0.01565	0.01212	0.01742	0.01075	0.01001	0.03278	0.01924	0.65367	0.02591	0.02262	0.01639	0.00844	0.00677	0.00216	0.00589	0.00672	0.00824	0.01148
57	0.02608	0.01995	0.02065	0.01606	0.02148	0.05327	0.01317	0.62813	0.06294	0.04208	0.01702	0.01699	0.01217	0.00837	0.00696	0.00209	0.00780	0.00628	0.00683	0.01166
58	0.01146	0.00967	0.01181	0.01143	0.01275	0.05548	0.00880	0.01363	0.01221	0.01681	0.02228	0.03005	0.07643	0.08919	0.47801	0.00840	0.07696	0.00793	0.04038	0.00632
59	0.03131	0.01188	0.01619	0.01242	0.01781	0.01026	0.01026	0.03401	0.01997	0.71606	0.02753	0.02375	0.01727	0.00864	0.00702	0.00216	0.00594	0.00702	0.00864	0.01188
60	0.01400	0.03610	0.71860	0.01989	0.03020	0.01621	0.02578	0.02210	0.01473	0.02210	0.01252	0.01473	0.00884	0.00663	0.00663	0.00221	0.01031	0.00516	0.00295	0.01031
61	0.01701	0.01631	0.02785	0.08735	0.66876	0.01651	0.02129	0.02119	0.01577	0.02248	0.01308	0.01736	0.01094	0.00627	0.00691	0.00209	0.00835	0.00622	0.00343	0.01084
62	0.01082	0.00773	0.01075	0.01228	0.01372	0.00766	0.01043	0.01377	0.01583	0.02072	0.06134	0.16929	0.04190	0.01945	0.00949	0.00312	0.00599	0.55292	0.00648	0.00633
63	0.01020	0.00747	0.00961	0.00901	0.01076	0.00705	0.00678	0.01420	0.04916	0.02804	0.67813	0.05100	0.06391	0.01406	0.00818	0.00220	0.00339	0.01242	0.00766	0.00678
64	0.01727	0.01652	0.02782	0.04168	0.68329	0.01661	0.02100	0.02205	0.04341	0.02306	0.01374	0.01762	0.01147	0.00635	0.00692	0.00208	0.00818	0.00629	0.00360	0.01105
65	0.05495	0.15854	0.04447	0.01608	0.02089	0.35641	0.01330	0.20905	0.02192	0.02513	0.01226	0.01351	0.00972	0.00726	0.00609	0.00185	0.00996	0.00485	0.00443	0.00934
66	0.01130	0.00859	0.01038	0.01078	0.01228	0.00883	0.00771	0.05185	0.14321	0.02259	0.11671	0.49050	0.04205	0.01790	0.00838	0.00263	0.00443	0.01600	0.00677	0.00712
67	0.03047	0.01169	0.01593	0.01227	0.01752	0.01011	0.01011	0.03319	0.01996	0.68912	0.05415	0.02486	0.01918	0.00886	0.00707	0.00216	0.00583	0.00724	0.00860	0.01167
68	0.02379	0.02849	0.02030	0.06339	0.07632	0.54200	0.01431	0.05900	0.01922	0.01913	0.01160	0.01399	0.00955	0.00742	0.00715	0.00192	0.04522	0.00495	0.02384	0.00843
69	0.01439	0.09777	0.66041	0.01921	0.02915	0.01718	0.02460	0.02200	0.01469	0.02161	0.01228	0.01443	0.00885	0.00657	0.00645	0.00215	0.01007	0.00503	0.00295	0.01020
70	0.00950	0.00687	0.00743	0.00743	0.00823	0.00647	0.00460	0.01010	0.01212	0.01535	0.03863	0.05301	0.25871	0.50294	0.02620	0.00526	0.00566	0.01171	0.00500	0.00480
71	0.01015	0.00677	0.00761	0.00761	0.00761	0.00677	0.00423	0.01015	0.01015	0.01353	0.02199	0.04567	0.02537	0.75476	0.03552	0.00677	0.00677	0.01015	0.00423	0.00423
72	0.01447	0.01240	0.01447	0.01034	0.01654	0.00930	0.00827	0.01757	0.01447	0.02274	0.01240	0.01447	0.01034	0.00517	0.00517	0.00103	0.00517	0.00413	0.00413	0.79742
73	0.01892	0.73279	0.03596	0.01216	0.01804	0.05282	0.01200	0.02115	0.01438	0.01644	0.00974	0.01124	0.00896	0.00601	0.00454	0.00150	0.00765	0.00376	0.00301	0.00892
74	0.01414	0.05911	0.69689	0.01964	0.02981	0.01657	0.02534	0.02206	0.01472	0.02192	0.01243	0.01462	0.00884	0.00661	0.00656	0.00219	0.01022	0.00511	0.00295	0.01027
75	0.01721	0.01711	0.08696	0.06282	0.06414	0.12589	0.01373	0.02086	0.03941	0.10368	0.01741	0.02405	0.01493	0.04932	0.17897	0.00460	0.10427	0.04195	0.00438	0.00831
76	0.00946	0.00768	0.00851	0.00852	0.01076	0.00698	0.00662	0.01277	0.05817	0.02132	0.17469	0.06348	0.47152	0.01678	0.00835	0.00244	0.00397	0.09488	0.00672	0.00639
77	0.01301	0.00650	0.00650	0.00650	0.00813	0.00650	0.00488	0.01626	0.01463	0.02602	0.02276	0.02602	0.01789	0.00813	0.00488	0.00163	0.00325	0.00650	0.79350	0.00650
78	0.01866	0.75896	0.03657	0.01194	0.01791	0.02761	0.01194	0.02090	0.01418	0.01642	0.00970	0.01119	0.00896	0.00597	0.00448	0.00149	0.00746	0.00373	0.00299	0.00896
79	0.01076	0.00795	0.01007	0.01100	0.01226	0.00798	0.00816	0.04552	0.07629	0.02114	0.06643	0.48617	0.04201	0.01926	0.00877	0.00280	0.00479	0.14542	0.00660	0.00663
80	0.00850	0.00607	0.00810	0.00972	0.01012	0.00567	0.00648	0.00972	0.01336	0.01781	0.03846	0.75020	0.04615	0.02186	0.00891	0.00283	0.00405	0.01984	0.00648	0.00567
81	0.00858	0.00708	0.00753	0.00742	0.00963	0.00603	0.00556	0.01066	0.01669	0.02072	0.20076	0.06409	0.57716	0.01698	0.00824	0.00232	0.00349	0.01430	0.00673	0.00603
82	0.01881	0.01594	0.02406	0.19639	0.35823	0.01711	0.01837	0.15680	0.04781	0.05623	0.01496	0.01813	0.01151	0.00707	0.00695	0.00215	0.00818	0.00633	0.00446	0.01049
83	0.80405	0.01350	0.01026	0.00918	0.01350	0.01565	0.00756	0.02051	0.01188	0.03131	0.00972	0.01134	0.00756	0.00648	0.00432	0.00216	0.00540	0.00378	0.00432	0.00756
84	0.01194	0.00618	0.00927	0.00927	0.00938	0.00629	0.00629	0.00938	0.00927	0.01247	0.01268	0.02174	0.01258	0.02664	0.08707	0.72983	0.00714	0.00618	0.00309	0.00330
85	0.01301	0.00650	0.00650	0.00650	0.00813	0.00650	0.00488	0.01626	0.01463	0.02602	0.02276	0.02602	0.01789	0.00813	0.00488	0.00163	0.00325	0.00650	0.79350	0.00650
86	0.01229	0.00916	0.01030	0.00950	0.01175	0.04162	0.00721	0.01619	0.05964	0.07320	0.47848	0.04931	0.16683	0.01384	0.00799	0.00221	0.00409	0.01193	0.00731	0.00717
87	0.02156	0.57316	0.03165	0.01233	0.01807	0.05836	0.01168	0.02387	0.01562	0.15716	0.01334	0.01379	0.01063	0.00657	0.00508	0.00164	0.00741	0.00443	0.00415	0.00950
88	0.61675	0.01821	0.15533	0.01248	0.04010	0.01580	0.01174	0.02087	0.01259	0.02915	0.01040	0.01223	0.00794	0.00650	0.00488	0.00217	0.00650	0.00414	0.00401	0.00824
89	0.01727	0.01658	0.02832	0.04283	0.71123	0.01658	0.02142	0.02142	0.01589	0.02280	0.01313	0.01727	0.01105	0.00622	0.00691	0.00207	0.00829	0.00622	0.00345	0.01105
90	0.00848	0.00616	0.00801	0.00949	0.01006	0.00569	0.00638	0.00974	0.01358	0.01790	0.04122	0.69183	0.10274	0.02150	0.00885	0.00279	0.00400	0.01940	0.00648	0.00569
91	0.01726	0.54194	0.24133	0.01433	0.02160	0.02419	0.01610	0.02126	0.01435	0.01812	0.01055	0.01226	0.00892	0.00617	0.00512	0.00171	0.00832	0.00416	0.00297	0.00936
92	0.01427	0.06177	0.66514	0.02000	0.03002	0.01668	0.05309	0.02207	0.01479	0.02190	0.01249	0.01478	0.00892	0.00657	0.00662	0.00219	0.01027	0.00523	0.00297	0.01023
93	0.03131	0.01188	0.01619	0.01242	0.01781	0.01026	0.01026	0.03401	0.01997	0.71606	0.02753	0.02375	0.01727	0.00864	0.00702	0.00216	0.00594	0.00702	0.00864	0.01188
94	0.01634	0.01622	0.02585	0.24180	0.26665	0.04932	0.12533	0.02323	0.12140	0.02198	0.01533	0.01906	0.01195	0.00694	0.00714	0.00223	0.00892	0.00672	0.00393	0.00967
95	0.01333	0.01256	0.02120	0.71259	0.07229	0.01554	0.01945	0.01796	0.01402	0.01801	0.01243	0.01856	0.00937	0.00695	0.00697	0.00232	0.00927	0.00620	0.00311	0.00787
96	0.00855	0.00610	0.00808	0.00965	0.01004	0.00570	0.00641	0.00973	0.01326	0.01768	0.03793	0.72759	0.04549	0.04538	0.00976	0.00296	0.00414	0.01953	0.00641	0.00562
97	0.02918	0.01213	0.01604	0.01243	0.01754	0.01091	0.01021	0.08701	0.02103	0.60425	0.08159	0.02546	0.02075	0.00907	0.00711	0.00216	0.00587	0.00741	0.00842	0.01145
98	0.54744	0.01722	0.12713	0.10144	0.02137	0.01581	0.03930	0.02051	0.01278	0.02780	0.01068	0.01308	0.00810	0.00654	0.00518	0.00220	0.00693	0.00448	0.00392	0.00810
99	0.01400	0.03610	0.71860	0.01989	0.03020	0.01621	0.02578	0.02210	0.01473	0.02210	0.01252	0.01473	0.00884	0.00663	0.00663	0.00221	0.01031	0.00516	0.00295	0.01031
100	0.01124	0.00803	0.01124	0.01285	0.01446	0.00803	0.01124	0.01446	0.01606	0.02088	0.03695	0.07871	0.04016	0.01928	0.00964	0.00321	0.00643	0.66426	0.00643	0.00643
101	0.01323	0.00993	0.01272	0.01194	0.01389	0.03417	0.00933	0.09659	0.01440	0.04201	0.01859	0.02615	0.01676	0.06936	0.56659	0.00933	0.01630	0.00731	0.00431	0.00709
102	0.01318	0.01240	0.02093	0.73798	0.04806	0.01550	0.01938	0.01783	0.01395	0.01783	0.01240	0.01860	0.00930	0.00698	0.00698	0.00233	0.00930	0.00620	0.00310	0.00775
103	0.80405	0.01350	0.01026	0.00918	0.01350	0.01565	0.00756	0.02051	0.01188	0.03131	0.00972	0.01134	0.00756	0.00648	0.00432	0.00216	0.00540	0.00378	0.00432	0.00756
104	0.80405	0.01350	0.01026	0.00918	0.01350	0.01565	0.00756	0.02051	0.01188	0.03131	0.00972	0.01134	0.00756	0.00648	0.00432	0.00216	0.00540	0.00378	0.00432	0.00756
105	0.01015	0.00677	0.00761	0.00761	0.00761	0.00677	0.00423	0.01015	0.01015	0.01353	0.02199	0.04567	0.02537	0.75476	0.03552	0.00677	0.00677	0.01015	0.00423	0.00423
106	0.01422	0.07048	0.68616	0.01951	0.02962	0.01675	0.02512	0.02204	0.01471	0.02183	0.01239	0.01456	0.00885	0.00660	0.00653	0.00218	0.01018	0.00509	0.00295	0.01025
107	0.00832	0.00680	0.00735	0.00779	0.00962	0.00583	0.00562	0.00993	0.01521	0.01857	0.06192	0.25315	0.52807	0.01881	0.00843	0.00249	0.00367	0.01612	0.00648	0.00583
108	0.80405	0.01350	0.01026	0.00918	0.01350	0.01565	0.00756	0.02051	0.01188	0.03131	0.00972	0.01134	0.00756	0.00648	0.00432	0.00216	0.00540	0.00378	0.00432	0.00756
109	0.01772	0.01338	0.01483	0.01305	0.01691	0.01465	0.01019	0.03245	0.49512	0.10625	0.12705	0.02913	0.02692	0.00990	0.00718	0.00226	0.00523	0.00833	0.00724	0.04218
110	0.09790	0.01206	0.01521	0.04697	0.10184	0.01262	0.01129	0.11443	0.06917	0.09324	0.14963	0.05873	0.02855	0.04667	0.00877	0.00257	0.00610	0.10938	0.00617	0.00870
111	0.06696	0.01195	0.01592	0.01227	0.01761	0.01051	0.01013	0.03339	0.01960	0.68447	0.02671	0.02318	0.01683	0.00854	0.00689	0.00216	0.00591	0.00687	0.00844	0.01168
112	0.00998	0.00742	0.01091	0.01091	0.01205	0.00856	0.00834	0.01227	0.01113	0.01597	0.01897	0.02895	0.01811	0.11154	0.66881	0.01084	0.01769	0.00770	0.00378	0.00606
113	0.02607	0.03326	0.01978	0.01798	0.02157	0.72674	0.01348	0.02787	0.01978	0.01708	0.01079	0.01258	0.00899	0.00719	0.00629	0.00180	0.01258	0.00449	0.00360	0.00809
