[name]
unknown

[dist]
# distance from previous block
# <min> <max>
0	43

[block]
# block no. 0 follows, 29 sequences, length 146
# corresponding to MSA columns:
# 43-188
name=unknown_A
#
# <colnr> <probs for GDERKNQSTAVLIFYWHMCP>
#	G	D	E	R	K	N	Q	S	T	A	V	L	I	F	Y	W	H	M	C	P
0	0.00884	0.00637	0.00840	0.00991	0.01051	0.00594	0.00679	0.01027	0.01409	0.01870	0.06113	0.65975	0.07897	0.02174	0.00907	0.00287	0.00420	0.04996	0.00665	0.00586
1	0.01469	0.09825	0.65501	0.01960	0.02974	0.01753	0.02510	0.02245	0.01499	0.02205	0.01253	0.01472	0.00903	0.00671	0.00658	0.00219	0.01027	0.00514	0.00301	0.01040
2	0.13017	0.12228	0.04757	0.10515	0.02352	0.01839	0.03679	0.22865	0.02120	0.14347	0.01830	0.01902	0.03943	0.00802	0.00647	0.00212	0.00748	0.00618	0.00564	0.01015
3	0.01271	0.00763	0.00995	0.00969	0.01157	0.00691	0.00713	0.01515	0.01771	0.12500	0.33258	0.28040	0.10278	0.01656	0.00845	0.00246	0.00403	0.01465	0.00748	0.00715
4	0.74315	0.04327	0.01151	0.00946	0.01385	0.01616	0.00786	0.02070	0.01247	0.03123	0.03229	0.01291	0.00969	0.00685	0.00454	0.00218	0.00552	0.00415	0.00446	0.00774
5	0.24855	0.49886	0.02812	0.01132	0.01667	0.02362	0.01070	0.02078	0.01363	0.02122	0.01036	0.01229	0.00915	0.00860	0.04028	0.00222	0.00757	0.00401	0.00348	0.00858
6	0.00868	0.00620	0.00826	0.00991	0.01033	0.00578	0.00661	0.00991	0.01363	0.01818	0.03925	0.74510	0.04710	0.02231	0.00909	0.00289	0.00413	0.02024	0.00661	0.00578
7	0.02580	0.01253	0.01577	0.01253	0.01739	0.01176	0.01016	0.09361	0.09439	0.43665	0.10954	0.02800	0.04088	0.00964	0.00726	0.00217	0.00575	0.00794	0.00807	0.05017
8	0.00922	0.00682	0.00874	0.01006	0.01113	0.00634	0.00741	0.01100	0.01473	0.01905	0.04540	0.47028	0.17490	0.02090	0.00912	0.00288	0.00454	0.15487	0.00660	0.00599
9	0.01839	0.02041	0.02321	0.01962	0.02116	0.19307	0.07434	0.02041	0.01371	0.01771	0.01021	0.01523	0.00943	0.01063	0.01788	0.00274	0.49447	0.00602	0.00329	0.00807
10	0.01174	0.01136	0.08835	0.01038	0.01370	0.00842	0.00919	0.01565	0.05578	0.07023	0.12995	0.11078	0.35551	0.01569	0.00824	0.00246	0.00492	0.06376	0.00654	0.00736
11	0.00868	0.00722	0.00758	0.00749	0.00978	0.00612	0.00562	0.01073	0.01686	0.02073	0.17298	0.06607	0.60067	0.01748	0.00841	0.00238	0.00357	0.01468	0.00681	0.00612
12	0.00894	0.00646	0.00832	0.00964	0.01028	0.00602	0.00655	0.01031	0.01399	0.01850	0.06748	0.58518	0.09967	0.07296	0.01096	0.00313	0.00435	0.04498	0.00650	0.00577
13	0.05378	0.01932	0.04903	0.04652	0.04861	0.02037	0.01411	0.50138	0.08159	0.06709	0.01770	0.01793	0.01266	0.00836	0.00702	0.00218	0.00771	0.00642	0.00663	0.01161
14	0.04182	0.01652	0.02767	0.04152	0.66250	0.01656	0.02091	0.02147	0.01609	0.02341	0.01507	0.01898	0.03222	0.00671	0.00701	0.00213	0.00822	0.00653	0.00365	0.01101
15	0.00864	0.00635	0.00811	0.00952	0.01022	0.00582	0.00643	0.00996	0.01402	0.01833	0.04410	0.64523	0.14383	0.02168	0.00899	0.00282	0.00405	0.01947	0.00661	0.00582
16	0.47761	0.07777	0.08616	0.01205	0.01728	0.04616	0.01097	0.05658	0.07498	0.06356	0.01322	0.01421	0.00999	0.00709	0.00527	0.00215	0.00665	0.00469	0.00473	0.00889
17	0.04984	0.01253	0.01516	0.01117	0.01717	0.01004	0.00905	0.02333	0.01644	0.24031	0.01742	0.01763	0.01267	0.00644	0.00584	0.00146	0.00553	0.00513	0.00568	0.51716
18	0.01711	0.02693	0.32986	0.06012	0.17293	0.05124	0.13142	0.08206	0.01745	0.02431	0.01348	0.01654	0.01010	0.00676	0.00713	0.00222	0.01016	0.00613	0.00362	0.01044
19	0.01947	0.48318	0.13702	0.01445	0.02073	0.11690	0.01453	0.05937	0.01628	0.01931	0.01119	0.01302	0.00957	0.00804	0.02867	0.00203	0.00914	0.00440	0.00338	0.00931
20	0.01987	0.01348	0.01511	0.01296	0.01708	0.01433	0.01024	0.10166	0.34309	0.17015	0.08583	0.03252	0.11057	0.01082	0.00746	0.00233	0.00552	0.00896	0.00752	0.01051
21	0.06055	0.01161	0.01533	0.01201	0.01705	0.01021	0.00984	0.03145	0.01982	0.60092	0.07622	0.02794	0.05481	0.00958	0.00720	0.00222	0.00573	0.00781	0.00846	0.01126
22	0.01771	0.01413	0.02047	0.28631	0.16755	0.01546	0.01612	0.15348	0.01942	0.07629	0.04432	0.02568	0.09462	0.00891	0.00730	0.00226	0.00780	0.00765	0.00502	0.00949
23	0.01270	0.00807	0.01049	0.00954	0.01171	0.00748	0.00727	0.01654	0.04210	0.10264	0.60650	0.04918	0.06032	0.01377	0.00823	0.00224	0.00373	0.01210	0.00793	0.00745
24	0.03004	0.01348	0.01705	0.01315	0.01851	0.01269	0.01084	0.16813	0.02284	0.53922	0.02558	0.02287	0.01651	0.00873	0.00705	0.00216	0.00630	0.00698	0.04603	0.01185
25	0.01327	0.00664	0.00664	0.00664	0.00830	0.00664	0.00498	0.01659	0.01493	0.02655	0.02323	0.02655	0.01825	0.00830	0.00498	0.00166	0.00332	0.00664	0.78928	0.00664
26	0.01276	0.00785	0.01035	0.00945	0.01157	0.00716	0.00718	0.01598	0.01998	0.11327	0.59684	0.07123	0.06038	0.01408	0.00827	0.00226	0.00372	0.01239	0.00792	0.00736
27	0.02697	0.02284	0.02112	0.01679	0.02207	0.16652	0.01358	0.54664	0.03073	0.03921	0.01584	0.01622	0.01150	0.00830	0.00698	0.00207	0.00887	0.00603	0.00641	0.01131
28	0.01717	0.01678	0.02706	0.17796	0.54840	0.04561	0.02111	0.02140	0.01599	0.02203	0.01315	0.01769	0.01084	0.00654	0.00704	0.00215	0.00884	0.00627	0.00346	0.01049
29	0.01511	0.01497	0.02436	0.51606	0.16643	0.04962	0.07352	0.01972	0.01509	0.01946	0.01285	0.01846	0.00991	0.00690	0.00718	0.00230	0.00967	0.00642	0.00329	0.00868
30	0.00956	0.00657	0.00800	0.00879	0.00899	0.00637	0.00541	0.01015	0.01192	0.01589	0.03044	0.37921	0.03599	0.40336	0.02331	0.00499	0.00558	0.01506	0.00541	0.00501
31	0.01489	0.01542	0.05752	0.45809	0.23804	0.01630	0.05897	0.01973	0.01500	0.02014	0.01298	0.01842	0.01006	0.00681	0.00716	0.00229	0.00939	0.00640	0.00329	0.00911
32	0.02048	0.08140	0.04986	0.01299	0.01704	0.11149	0.01081	0.12157	0.02050	0.17282	0.17085	0.08351	0.04598	0.03874	0.00835	0.00233	0.00685	0.00888	0.00645	0.00912
33	0.02097	0.01412	0.01598	0.01308	0.01648	0.01526	0.01016	0.38453	0.02339	0.05291	0.01696	0.02212	0.01408	0.09500	0.01585	0.21548	0.00709	0.00682	0.03108	0.00864
34	0.03042	0.01306	0.01692	0.01314	0.01855	0.01206	0.01080	0.09253	0.07318	0.59876	0.02718	0.02378	0.01745	0.00885	0.00716	0.00221	0.00618	0.00716	0.00854	0.01205
35	0.02578	0.04923	0.02146	0.01596	0.02145	0.02168	0.01323	0.60734	0.05460	0.04214	0.01729	0.01760	0.01253	0.01017	0.03389	0.00247	0.00817	0.00641	0.00684	0.01174
36	0.01650	0.37198	0.39717	0.01650	0.02496	0.02198	0.01971	0.02198	0.01477	0.01984	0.01143	0.01335	0.00908	0.00645	0.00574	0.00191	0.00916	0.00458	0.00303	0.00988
37	0.01775	0.48328	0.26379	0.01516	0.02265	0.05271	0.01700	0.02203	0.01489	0.01873	0.01091	0.01270	0.00910	0.00637	0.00538	0.00178	0.00881	0.00433	0.00306	0.00957
38	0.02131	0.01543	0.01703	0.01409	0.01835	0.01662	0.01119	0.38896	0.10375	0.06307	0.02366	0.17422	0.02105	0.01148	0.00742	0.00227	0.00647	0.00950	0.03145	0.04267
39	0.00880	0.00631	0.00846	0.00995	0.01045	0.00597	0.00672	0.01018	0.01377	0.01849	0.06318	0.68457	0.04644	0.02351	0.04335	0.00328	0.00482	0.01936	0.00652	0.00585
40	0.01237	0.00618	0.00928	0.00928	0.00928	0.00618	0.00618	0.00928	0.00928	0.01237	0.01237	0.02165	0.01237	0.02474	0.02783	0.79283	0.00618	0.00618	0.00309	0.00309
41	0.02397	0.01597	0.01819	0.01528	0.04628	0.01696	0.01172	0.40171	0.05162	0.14817	0.02259	0.04826	0.04168	0.09182	0.01048	0.00272	0.00710	0.00782	0.00691	0.01074
42	0.01645	0.01788	0.05458	0.08923	0.22731	0.11772	0.06635	0.04626	0.01685	0.02137	0.02532	0.05287	0.14714	0.00992	0.00851	0.00228	0.05830	0.00838	0.00433	0.00893
43	0.01101	0.00847	0.00882	0.00875	0.00918	0.04162	0.00542	0.01141	0.01163	0.01491	0.02722	0.09823	0.08763	0.56830	0.02981	0.00582	0.03115	0.01110	0.00462	0.00489
44	0.01327	0.00664	0.00664	0.00664	0.00830	0.00664	0.00498	0.01659	0.01493	0.02655	0.02323	0.02655	0.01825	0.00830	0.00498	0.00166	0.00332	0.00664	0.78928	0.00664
45	0.02486	0.01558	0.01749	0.01399	0.01831	0.04390	0.01118	0.31122	0.02387	0.23349	0.02066	0.02368	0.01575	0.11555	0.04745	0.00332	0.03535	0.00717	0.00677	0.01041
46	0.01776	0.14666	0.08419	0.09596	0.02906	0.14415	0.24007	0.02186	0.01609	0.01968	0.01492	0.04487	0.03022	0.00779	0.00812	0.00220	0.05703	0.00696	0.00359	0.00882
47	0.01771	0.55368	0.22603	0.01445	0.02178	0.02492	0.01613	0.02167	0.01463	0.01837	0.01070	0.01243	0.00911	0.00628	0.00518	0.00173	0.00843	0.00421	0.00304	0.00953
48	0.00868	0.00620	0.00826	0.00991	0.01033	0.00578	0.00661	0.00991	0.01363	0.01818	0.03925	0.74510	0.04710	0.02231	0.00909	0.00289	0.00413	0.02024	0.00661	0.00578
49	0.04736	0.24573	0.02733	0.01783	0.04864	0.21293	0.07051	0.02361	0.01599	0.07022	0.01199	0.01447	0.01000	0.00785	0.00922	0.00208	0.14628	0.00522	0.00377	0.00895
50	0.00862	0.00640	0.00806	0.00939	0.01019	0.00583	0.00638	0.00997	0.01414	0.01838	0.04568	0.61267	0.17538	0.02147	0.00896	0.00280	0.00403	0.01922	0.00661	0.00583
51	0.02483	0.01893	0.02012	0.01600	0.02102	0.04347	0.01306	0.49490	0.13398	0.06057	0.01883	0.01888	0.01372	0.01001	0.02630	0.00245	0.03791	0.00665	0.00683	0.01153
52	0.02303	0.04721	0.02413	0.04446	0.02450	0.01921	0.13271	0.31113	0.16115	0.10809	0.01976	0.02001	0.01421	0.00819	0.00728	0.00223	0.00800	0.00708	0.00639	0.01121
53	0.01477	0.01266	0.01477	0.01055	0.01687	0.00949	0.00844	0.01793	0.01477	0.02320	0.01266	0.01477	0.01055	0.00527	0.00527	0.00105	0.00527	0.00422	0.00422	0.79328
54	0.00980	0.00801	0.01134	0.01112	0.01283	0.00745	0.06415	0.01253	0.04255	0.02020	0.10273	0.43717	0.19548	0.01873	0.00874	0.00266	0.00468	0.01689	0.00649	0.00647
55	0.04847	0.72614	0.03630	0.01208	0.01811	0.02772	0.01202	0.02131	0.01438	0.01733	0.00990	0.01143	0.00908	0.00611	0.00456	0.00155	0.00754	0.00381	0.00310	0.00908
56	0.01513	0.05019	0.01724	0.01219	0.01729	0.01279	0.00999	0.01795	0.01401	0.02172	0.01188	0.01475	0.01025	0.00669	0.00871	0.00147	0.14570	0.00458	0.00395	0.60350
57	0.01183	0.01055	0.01573	0.04364	0.01652	0.01245	0.05937	0.01361	0.01283	0.01796	0.02564	0.38724	0.02939	0.05225	0.01499	0.00310	0.24747	0.01370	0.00498	0.00674
58	0.74030	0.07040	0.01252	0.00958	0.01412	0.01691	0.00805	0.02096	0.01230	0.03079	0.00991	0.01156	0.00782	0.00657	0.00442	0.00215	0.00567	0.00385	0.00430	0.00782
59	0.02487	0.16900	0.02370	0.01803	0.04422	0.56702	0.01373	0.02687	0.01897	0.01750	0.01088	0.01273	0.00924	0.00707	0.00609	0.00179	0.01171	0.00450	0.00355	0.00852
60	0.01352	0.01133	0.01343	0.01042	0.01553	0.00873	0.00806	0.01628	0.01453	0.02217	0.01812	0.16470	0.01805	0.00877	0.00606	0.00143	0.00504	0.00751	0.00471	0.63161
61	0.04133	0.00979	0.01205	0.01124	0.01397	0.00955	0.00863	0.04590	0.08276	0.20734	0.05560	0.22793	0.05777	0.06963	0.01007	0.00286	0.00536	0.08111	0.03875	0.00837
62	0.01521	0.01292	0.01500	0.01076	0.01706	0.00994	0.00862	0.04167	0.01543	0.02398	0.01282	0.01485	0.01060	0.00539	0.00534	0.00109	0.00537	0.00430	0.00432	0.76534
63	0.02612	0.04303	0.02115	0.01576	0.02127	0.02151	0.01306	0.62707	0.03194	0.04305	0.01717	0.01738	0.01232	0.00846	0.00693	0.00209	0.00760	0.00634	0.04600	0.01174
64	0.01036	0.00690	0.00777	0.00777	0.00777	0.00690	0.00431	0.01036	0.01036	0.01381	0.02244	0.04660	0.02589	0.74975	0.03624	0.00690	0.00690	0.01036	0.00431	0.00431
65	0.01732	0.01648	0.02803	0.04218	0.67089	0.01648	0.02134	0.02150	0.01622	0.02317	0.01461	0.02075	0.01276	0.00701	0.00719	0.00217	0.00836	0.03881	0.00368	0.01104
66	0.02115	0.01674	0.16611	0.05116	0.02083	0.01199	0.01355	0.02673	0.08843	0.31477	0.05012	0.09540	0.02106	0.05802	0.00921	0.00262	0.00693	0.00850	0.00655	0.01013
67	0.04806	0.01343	0.01612	0.01285	0.01775	0.01330	0.01047	0.14959	0.11450	0.40462	0.02521	0.02317	0.01699	0.00877	0.00686	0.00216	0.00601	0.00700	0.09185	0.01129
68	0.01017	0.00763	0.01144	0.01144	0.01272	0.00890	0.00890	0.01272	0.01144	0.01653	0.01907	0.02797	0.01780	0.05340	0.72153	0.01144	0.01907	0.00763	0.00381	0.00636
69	0.16381	0.01809	0.03556	0.02670	0.06004	0.01758	0.52662	0.02242	0.01590	0.02454	0.01352	0.01771	0.01024	0.00613	0.00760	0.00235	0.01064	0.00747	0.00375	0.00932
70	0.01571	0.01136	0.03880	0.01315	0.04284	0.01066	0.00979	0.06560	0.13887	0.12818	0.06084	0.32872	0.07546	0.01523	0.00809	0.00254	0.00530	0.01336	0.00688	0.00862
71	0.01240	0.00620	0.00918	0.00918	0.00924	0.00620	0.00614	0.00955	0.00949	0.01290	0.01278	0.02183	0.01259	0.02412	0.02697	0.76301	0.00608	0.00620	0.03272	0.00323
72	0.01345	0.01266	0.02136	0.73264	0.04904	0.01582	0.01978	0.01819	0.01424	0.01819	0.01266	0.01898	0.00949	0.00712	0.00712	0.00237	0.00949	0.00633	0.00316	0.00791
73	0.04420	0.03331	0.60079	0.05045	0.08790	0.01652	0.02497	0.02226	0.01499	0.02279	0.01272	0.01528	0.00918	0.00674	0.00671	0.00225	0.01012	0.00534	0.00311	0.01038
74	0.02849	0.08654	0.01974	0.01359	0.01908	0.01549	0.01141	0.22375	0.02367	0.42266	0.04629	0.02188	0.01688	0.00867	0.00694	0.00212	0.00664	0.00681	0.00772	0.01164
75	0.01035	0.00693	0.00792	0.00792	0.00797	0.00698	0.00450	0.01045	0.01040	0.01392	0.02230	0.04584	0.02556	0.72157	0.06398	0.00709	0.00740	0.01024	0.00429	0.00440
76	0.19241	0.04528	0.01777	0.14906	0.02367	0.13317	0.01258	0.13573	0.04198	0.07225	0.04347	0.05206	0.01459	0.00862	0.00691	0.00220	0.02779	0.00645	0.00507	0.00893
77	0.01148	0.00850	0.01242	0.03203	0.01599	0.00851	0.03187	0.01472	0.01614	0.02104	0.03645	0.12771	0.03970	0.01913	0.00966	0.00320	0.00661	0.57183	0.00638	0.00663
78	0.01017	0.00763	0.01144	0.01144	0.01272	0.00890	0.00890	0.01272	0.01144	0.01653	0.01907	0.02797	0.01780	0.05340	0.72153	0.01144	0.01907	0.00763	0.00381	0.00636
79	0.01535	0.01300	0.01508	0.01082	0.01712	0.01009	0.00868	0.04938	0.01565	0.02423	0.01287	0.01488	0.01062	0.00543	0.00536	0.00111	0.00539	0.00432	0.00436	0.75626
80	0.01237	0.00618	0.00928	0.00928	0.00928	0.00618	0.00618	0.00928	0.00928	0.01237	0.01237	0.02165	0.01237	0.02474	0.02783	0.79283	0.00618	0.00618	0.00309	0.00309
81	0.01782	0.01635	0.03782	0.01284	0.01854	0.06889	0.01057	0.14279	0.01852	0.02639	0.01410	0.03890	0.01183	0.00692	0.00656	0.00149	0.03404	0.00529	0.00472	0.50562
82	0.00868	0.00620	0.00826	0.00991	0.01033	0.00578	0.00661	0.00991	0.01363	0.01818	0.03925	0.74510	0.04710	0.02231	0.00909	0.00289	0.00413	0.02024	0.00661	0.00578
83	0.00997	0.00723	0.00940	0.00894	0.01059	0.00666	0.00667	0.01320	0.01977	0.02785	0.65563	0.08143	0.08593	0.01498	0.00843	0.00227	0.00340	0.01324	0.00775	0.00666
84	0.01645	0.01529	0.02422	0.03466	0.51013	0.01551	0.01827	0.02256	0.10647	0.02405	0.05280	0.02613	0.06131	0.00843	0.00733	0.00222	0.00746	0.03161	0.00454	0.01054
85	0.01345	0.01266	0.02136	0.73264	0.04904	0.01582	0.01978	0.01819	0.01424	0.01819	0.01266	0.01898	0.00949	0.00712	0.00712	0.00237	0.00949	0.00633	0.00316	0.00791
86	0.01098	0.00748	0.00981	0.00911	0.01095	0.00687	0.00687	0.01431	0.02017	0.05663	0.67384	0.05200	0.06515	0.01432	0.00835	0.00224	0.00347	0.01264	0.00788	0.00694
87	0.01701	0.01629	0.02779	0.14540	0.60846	0.01676	0.02155	0.02131	0.01592	0.02251	0.01329	0.01782	0.01102	0.00646	0.00706	0.00215	0.00861	0.00634	0.00347	0.01078
88	0.05161	0.04258	0.02064	0.53023	0.08415	0.01566	0.01753	0.01894	0.04637	0.01967	0.01543	0.07847	0.01319	0.00838	0.00705	0.00236	0.00853	0.00734	0.00372	0.00815
89	0.01298	0.00667	0.00670	0.00670	0.00833	0.00662	0.00497	0.01613	0.01484	0.02584	0.02518	0.02889	0.04619	0.03267	0.00613	0.00186	0.00345	0.00710	0.73222	0.00654
90	0.01237	0.00618	0.00928	0.00928	0.00928	0.00618	0.00618	0.00928	0.00928	0.01237	0.01237	0.02165	0.01237	0.02474	0.02783	0.79283	0.00618	0.00618	0.00309	0.00309
91	0.16705	0.58369	0.03139	0.01167	0.01742	0.02514	0.01127	0.02180	0.01427	0.04819	0.01065	0.01198	0.00922	0.00630	0.00465	0.00168	0.00715	0.00395	0.00354	0.00899
92	0.07434	0.01690	0.02172	0.44145	0.16020	0.12849	0.01830	0.02069	0.01538	0.02000	0.01232	0.01721	0.00963	0.00698	0.00680	0.00223	0.00955	0.00587	0.00340	0.00856
93	0.00861	0.00645	0.00801	0.00925	0.01015	0.00584	0.00632	0.00999	0.01427	0.01844	0.04730	0.57936	0.20764	0.02126	0.00892	0.00277	0.00400	0.01897	0.00661	0.00584
94	0.01708	0.01699	0.02591	0.16001	0.45062	0.06815	0.04647	0.02184	0.04404	0.02200	0.01655	0.02036	0.04397	0.00723	0.00714	0.00218	0.00876	0.00678	0.00377	0.01014
95	0.05171	0.10937	0.08318	0.01766	0.05512	0.23360	0.04934	0.05772	0.15305	0.02284	0.01784	0.08520	0.01551	0.00892	0.00674	0.00212	0.00895	0.00707	0.00472	0.00932
96	0.01237	0.00618	0.00928	0.00928	0.00928	0.00618	0.00618	0.00928	0.00928	0.01237	0.01237	0.02165	0.01237	0.02474	0.02783	0.79283	0.00618	0.00618	0.00309	0.00309
97	0.00882	0.00626	0.00822	0.00973	0.01010	0.00588	0.00641	0.00995	0.01335	0.01779	0.03778	0.68400	0.04524	0.08594	0.01146	0.00324	0.00437	0.01938	0.00641	0.00566
98	0.06073	0.07541	0.01913	0.04123	0.02016	0.05275	0.01188	0.20791	0.20720	0.16535	0.02204	0.04990	0.01657	0.00906	0.00687	0.00221	0.00691	0.00715	0.00669	0.01082
99	0.01747	0.01583	0.03592	0.01394	0.04381	0.15356	0.01046	0.05313	0.09325	0.10149	0.05967	0.16876	0.16124	0.01332	0.00773	0.00235	0.00675	0.02674	0.00617	0.00840
100	0.02519	0.05773	0.02116	0.01882	0.03968	0.62024	0.01407	0.02708	0.01911	0.01753	0.01089	0.01314	0.00924	0.00769	0.00776	0.00194	0.07207	0.00474	0.00360	0.00833
101	0.01036	0.00690	0.00777	0.00777	0.00777	0.00690	0.00431	0.01036	0.01036	0.01381	0.02244	0.04660	0.02589	0.74975	0.03624	0.00690	0.00690	0.01036	0.00431	0.00431
102	0.01477	0.01266	0.01477	0.01055	0.01687	0.00949	0.00844	0.01793	0.01477	0.02320	0.01266	0.01477	0.01055	0.00527	0.00527	0.00105	0.00527	0.00422	0.00422	0.79328
103	0.01464	0.09010	0.66268	0.01969	0.02989	0.01740	0.02526	0.02246	0.01499	0.02212	0.01256	0.01477	0.00903	0.00672	0.00660	0.00220	0.01031	0.00515	0.00301	0.01042
104	0.04888	0.01069	0.01419	0.01143	0.01573	0.00949	0.00923	0.02776	0.02006	0.48045	0.23396	0.03272	0.03251	0.01051	0.00746	0.00221	0.00521	0.00881	0.00838	0.01033
105	0.04218	0.04311	0.20066	0.02064	0.16666	0.01356	0.01612	0.03603	0.01572	0.07126	0.05353	0.21398	0.02315	0.01162	0.00809	0.00240	0.03728	0.00999	0.00489	0.00913
106	0.02719	0.01556	0.04564	0.01388	0.01967	0.01427	0.01179	0.21759	0.05562	0.38094	0.02261	0.02085	0.01509	0.00829	0.00692	0.00207	0.00664	0.00658	0.00750	0.10130
107	0.01810	0.01549	0.01632	0.01457	0.01866	0.01789	0.01136	0.06435	0.66532	0.03041	0.02849	0.02618	0.02134	0.00961	0.00724	0.00240	0.00573	0.00798	0.00724	0.01131
108	0.00868	0.00620	0.00826	0.00991	0.01033	0.00578	0.00661	0.00991	0.01363	0.01818	0.03925	0.74510	0.04710	0.02231	0.00909	0.00289	0.00413	0.02024	0.00661	0.00578
109	0.04374	0.01382	0.02036	0.51964	0.03997	0.06311	0.05989	0.01909	0.01482	0.02001	0.01389	0.01926	0.01059	0.00719	0.00678	0.00224	0.00896	0.00629	0.10248	0.00788
110	0.01793	0.01840	0.05621	0.07327	0.52748	0.04539	0.06367	0.04614	0.03893	0.02370	0.01394	0.01777	0.01135	0.00660	0.00711	0.00215	0.00889	0.00642	0.00375	0.01088
111	0.80005	0.01377	0.01047	0.00936	0.01377	0.01597	0.00771	0.02093	0.01212	0.03195	0.00991	0.01157	0.00771	0.00661	0.00441	0.00220	0.00551	0.00386	0.00441	0.00771
112	0.02998	0.01199	0.01609	0.01254	0.01775	0.01059	0.01028	0.03360	0.05272	0.63748	0.06768	0.02605	0.02073	0.00919	0.00724	0.00222	0.00588	0.00754	0.00868	0.01176
113	0.02413	0.01810	0.01943	0.01561	0.02074	0.02019	0.01266	0.44233	0.25300	0.06486	0.02148	0.02053	0.01553	0.00893	0.00717	0.00223	0.00703	0.00699	0.00723	0.01183
114	0.01428	0.03683	0.71286	0.02030	0.03082	0.01654	0.02631	0.02255	0.01503	0.02255	0.01278	0.01503	0.00902	0.00677	0.00677	0.00226	0.01052	0.00526	0.00301	0.01052
115	0.02214	0.26801	0.14055	0.01390	0.02015	0.01846	0.01374	0.08212	0.04176	0.23078	0.06635	0.01988	0.01650	0.00796	0.00630	0.00199	0.00728	0.00608	0.00562	0.01043
116	0.01726	0.47164	0.27961	0.01571	0.02342	0.02365	0.04025	0.02181	0.01475	0.01904	0.01109	0.01299	0.00915	0.00633	0.00549	0.00182	0.00881	0.00449	0.00305	0.00965
117	0.00848	0.00697	0.00747	0.00787	0.00979	0.00596	0.00570	0.01015	0.01560	0.01898	0.06414	0.23303	0.54311	0.01907	0.00858	0.00252	0.00373	0.01630	0.00661	0.00596
118	0.01636	0.05708	0.16209	0.07014	0.03214	0.07928	0.36289	0.02174	0.01621	0.02128	0.01568	0.08209	0.01339	0.00779	0.00771	0.00232	0.01073	0.00817	0.00371	0.00919
119	0.01616	0.04677	0.41299	0.04314	0.05687	0.01705	0.11718	0.05410	0.04181	0.04646	0.01507	0.01906	0.01150	0.00761	0.00781	0.00233	0.03985	0.03022	0.00381	0.01020
120	0.00906	0.00640	0.00827	0.00948	0.00992	0.00604	0.00623	0.01025	0.01358	0.01823	0.08651	0.57615	0.04507	0.14321	0.01357	0.00351	0.00454	0.01803	0.00632	0.00561
121	0.01441	0.03595	0.67940	0.02078	0.03114	0.01661	0.05888	0.02256	0.01512	0.02256	0.01286	0.01524	0.00911	0.00673	0.00685	0.00226	0.01060	0.00542	0.00304	0.01048
122	0.01922	0.04893	0.02313	0.07675	0.28941	0.12215	0.01643	0.07779	0.17819	0.02520	0.04055	0.02006	0.01522	0.00778	0.00696	0.00214	0.00825	0.00661	0.00481	0.01041
123	0.05533	0.01261	0.01520	0.03835	0.01733	0.01310	0.03725	0.23795	0.02222	0.07530	0.14698	0.14970	0.09236	0.01253	0.00763	0.00231	0.00586	0.01066	0.03846	0.00885
124	0.00868	0.00620	0.00826	0.00991	0.01033	0.00578	0.00661	0.00991	0.01363	0.01818	0.03925	0.74510	0.04710	0.02231	0.00909	0.00289	0.00413	0.02024	0.00661	0.00578
125	0.01752	0.01785	0.04871	0.10318	0.59841	0.04572	0.02147	0.02182	0.01616	0.02255	0.01321	0.01747	0.01097	0.00647	0.00702	0.00213	0.00879	0.00624	0.00348	0.01083
126	0.00995	0.00722	0.00937	0.00894	0.01058	0.00665	0.00666	0.01315	0.01970	0.02771	0.64647	0.08656	0.09017	0.01506	0.00843	0.00228	0.00341	0.01331	0.00773	0.00665
127	0.01755	0.04503	0.05504	0.04165	0.65437	0.01732	0.02166	0.02186	0.01610	0.02299	0.01324	0.01730	0.01111	0.00635	0.00695	0.00210	0.00851	0.00621	0.00349	0.01117
128	0.00868	0.00620	0.00826	0.00991	0.01033	0.00578	0.00661	0.00991	0.01363	0.01818	0.03925	0.74510	0.04710	0.02231	0.00909	0.00289	0.00413	0.02024	0.00661	0.00578
129	0.01477	0.01266	0.01477	0.01055	0.01687	0.00949	0.00844	0.01793	0.01477	0.02320	0.01266	0.01477	0.01055	0.00527	0.00527	0.00105	0.00527	0.00422	0.00422	0.79328
130	0.00877	0.00627	0.00835	0.00985	0.01035	0.00585	0.00662	0.01016	0.01408	0.01889	0.08488	0.69743	0.04848	0.02177	0.00904	0.00285	0.00408	0.01974	0.00669	0.00585
131	0.01588	0.01299	0.01514	0.01089	0.01717	0.01013	0.00874	0.05038	0.01584	0.04524	0.01334	0.01517	0.01084	0.00554	0.00542	0.00114	0.00542	0.00441	0.00450	0.73181
132	0.01771	0.01530	0.01610	0.01449	0.01852	0.01771	0.01127	0.03784	0.69247	0.02979	0.02898	0.02657	0.02174	0.00966	0.00725	0.00242	0.00564	0.00805	0.00725	0.01127
133	0.01345	0.01266	0.02136	0.73264	0.04904	0.01582	0.01978	0.01819	0.01424	0.01819	0.01266	0.01898	0.00949	0.00712	0.00712	0.00237	0.00949	0.00633	0.00316	0.00791
134	0.00903	0.00682	0.00835	0.00884	0.01022	0.00614	0.00630	0.01109	0.01639	0.02168	0.25307	0.33669	0.24211	0.01869	0.00868	0.00255	0.00374	0.01647	0.00699	0.00614
135	0.00864	0.00633	0.00813	0.00957	0.01024	0.00581	0.00646	0.00995	0.01396	0.01831	0.04342	0.65932	0.13019	0.02177	0.00900	0.00283	0.00406	0.01958	0.00661	0.00581
136	0.01017	0.00763	0.01144	0.01144	0.01272	0.00890	0.00890	0.01272	0.01144	0.01653	0.01907	0.02797	0.01780	0.05340	0.72153	0.01144	0.01907	0.00763	0.00381	0.00636
137	0.01345	0.01266	0.02136	0.73264	0.04904	0.01582	0.01978	0.01819	0.01424	0.01819	0.01266	0.01898	0.00949	0.00712	0.00712	0.00237	0.00949	0.00633	0.00316	0.00791
138	0.01036	0.00690	0.00777	0.00777	0.00777	0.00690	0.00431	0.01036	0.01036	0.01381	0.02244	0.04660	0.02589	0.74975	0.03624	0.00690	0.00690	0.01036	0.00431	0.00431
139	0.01327	0.01044	0.01382	0.01249	0.01344	0.01303	0.01004	0.01578	0.01359	0.02163	0.11722	0.02631	0.02186	0.01747	0.11739	0.00375	0.29828	0.00754	0.24560	0.00707
140	0.02076	0.58967	0.03340	0.01359	0.01913	0.18635	0.01254	0.02295	0.01577	0.01691	0.01015	0.01175	0.00915	0.00638	0.00499	0.00159	0.00881	0.00399	0.00319	0.00894
141	0.80005	0.01377	0.01047	0.00936	0.01377	0.01597	0.00771	0.02093	0.01212	0.03195	0.00991	0.01157	0.00771	0.00661	0.00441	0.00220	0.00551	0.00386	0.00441	0.00771
142	0.01681	0.01921	0.04202	0.03001	0.03721	0.01801	0.67947	0.02281	0.01681	0.02281	0.01441	0.01921	0.01080	0.00600	0.00840	0.00240	0.01200	0.00840	0.00360	0.00960
143	0.01511	0.11311	0.56058	0.01858	0.02772	0.05056	0.02290	0.02210	0.01555	0.02206	0.05711	0.01701	0.01282	0.00722	0.00662	0.00215	0.00985	0.00557	0.00336	0.01002
144	0.01035	0.00790	0.01038	0.03580	0.01267	0.00752	0.03385	0.02983	0.01417	0.01884	0.03716	0.36685	0.14424	0.16674	0.01407	0.00346	0.00524	0.01499	0.03031	0.03563
145	0.01950	0.04629	0.03984	0.04393	0.04918	0.01729	0.07674	0.19390	0.18861	0.06272	0.07054	0.02270	0.01848	0.00874	0.00775	0.00220	0.03714	0.00728	0.03772	0.04946

[dist]
# distance from previous block
# <min> <max>
1	13

[block]
# block no. 1 follows, 29 sequences, length 33
# corresponding to MSA columns:
# 202-234
name=unknown_B
#
# <colnr> <probs for GDERKNQSTAVLIFYWHMCP>
#	G	D	E	R	K	N	Q	S	T	A	V	L	I	F	Y	W	H	M	C	P
0	0.26208	0.01884	0.01671	0.01526	0.06083	0.13995	0.01134	0.25004	0.02128	0.03219	0.01424	0.01662	0.01121	0.04029	0.00730	0.00228	0.00769	0.00549	0.05703	0.00933
1	0.01819	0.01396	0.01533	0.01315	0.01671	0.03641	0.01018	0.29484	0.04199	0.03000	0.02359	0.24740	0.02340	0.01501	0.03726	0.03671	0.00684	0.01055	0.00620	0.10228
2	0.00919	0.00644	0.00854	0.01012	0.01072	0.00609	0.00707	0.01075	0.01400	0.01890	0.03835	0.63910	0.04511	0.02138	0.00898	0.00288	0.00436	0.08998	0.04212	0.00591
3	0.80005	0.01377	0.01047	0.00936	0.01377	0.01597	0.00771	0.02093	0.01212	0.03195	0.00991	0.01157	0.00771	0.00661	0.00441	0.00220	0.00551	0.00386	0.00441	0.00771
4	0.00860	0.00648	0.00797	0.00915	0.01013	0.00585	0.00627	0.01000	0.01437	0.01848	0.04852	0.55428	0.23193	0.02110	0.00890	0.00275	0.00398	0.01877	0.00661	0.00585
5	0.00872	0.00731	0.00764	0.00781	0.01014	0.00623	0.00602	0.01068	0.01625	0.01944	0.06867	0.06972	0.63583	0.01820	0.00856	0.00249	0.00390	0.07972	0.00661	0.00607
6	0.80005	0.01377	0.01047	0.00936	0.01377	0.01597	0.00771	0.02093	0.01212	0.03195	0.00991	0.01157	0.00771	0.00661	0.00441	0.00220	0.00551	0.00386	0.00441	0.00771
7	0.80005	0.01377	0.01047	0.00936	0.01377	0.01597	0.00771	0.02093	0.01212	0.03195	0.00991	0.01157	0.00771	0.00661	0.00441	0.00220	0.00551	0.00386	0.00441	0.00771
8	0.01017	0.00763	0.01144	0.01144	0.01272	0.00890	0.00890	0.01272	0.01144	0.01653	0.01907	0.02797	0.01780	0.05340	0.72153	0.01144	0.01907	0.00763	0.00381	0.00636
9	0.02553	0.01852	0.01990	0.01557	0.02087	0.02046	0.01276	0.55877	0.10182	0.06358	0.01902	0.01881	0.01362	0.00866	0.00703	0.00214	0.00731	0.00662	0.04726	0.01174
10	0.01182	0.00728	0.00853	0.00820	0.00890	0.00709	0.00511	0.01269	0.01275	0.06061	0.12907	0.04519	0.03144	0.55012	0.02845	0.00561	0.00611	0.01036	0.04536	0.00530
11	0.01116	0.00893	0.01166	0.01157	0.01298	0.04528	0.00896	0.01371	0.01206	0.01705	0.01886	0.02713	0.01738	0.04889	0.65072	0.01048	0.01800	0.00743	0.04127	0.00647
12	0.15252	0.22935	0.07496	0.01481	0.01973	0.14191	0.01329	0.12555	0.04476	0.02480	0.01213	0.01389	0.00988	0.00765	0.00755	0.00205	0.08683	0.00489	0.00419	0.00925
13	0.01517	0.01506	0.02181	0.01857	0.01900	0.02054	0.04429	0.01701	0.01121	0.01733	0.01040	0.01680	0.01014	0.01569	0.08252	0.00380	0.64327	0.00645	0.00320	0.00775
14	0.01132	0.07431	0.04072	0.01120	0.01303	0.01009	0.00870	0.04206	0.04484	0.02032	0.06121	0.49995	0.06929	0.01821	0.00895	0.00265	0.03414	0.01597	0.00611	0.00691
15	0.01000	0.00728	0.00941	0.00888	0.01059	0.00669	0.00666	0.01329	0.01997	0.02812	0.67239	0.05390	0.09664	0.01472	0.00840	0.00225	0.00337	0.01298	0.00778	0.00669
16	0.02626	0.03322	0.02002	0.01820	0.02188	0.69422	0.01366	0.02879	0.04593	0.01790	0.01170	0.01337	0.00965	0.00743	0.00645	0.00186	0.01257	0.00472	0.00381	0.00837
17	0.01008	0.00728	0.00952	0.00896	0.01064	0.00672	0.00672	0.01344	0.02016	0.02855	0.70158	0.05319	0.06719	0.01456	0.00840	0.00224	0.00336	0.01288	0.00784	0.00672
18	0.01339	0.01024	0.01215	0.01138	0.01336	0.03888	0.00875	0.10732	0.01540	0.02134	0.02248	0.03002	0.06040	0.10509	0.41971	0.00789	0.01374	0.00797	0.07345	0.00705
19	0.00868	0.00620	0.00826	0.00991	0.01033	0.00578	0.00661	0.00991	0.01363	0.01818	0.03925	0.74510	0.04710	0.02231	0.00909	0.00289	0.00413	0.02024	0.00661	0.00578
20	0.00891	0.00650	0.00847	0.00981	0.01056	0.00594	0.00663	0.01025	0.01380	0.01843	0.03975	0.68365	0.07689	0.02142	0.00890	0.00280	0.00415	0.01935	0.00651	0.03727
21	0.01477	0.01266	0.01477	0.01055	0.01687	0.00949	0.00844	0.01793	0.01477	0.02320	0.01266	0.01477	0.01055	0.00527	0.00527	0.00105	0.00527	0.00422	0.00422	0.79328
22	0.00864	0.00635	0.00810	0.00950	0.01022	0.00582	0.00643	0.00996	0.01403	0.01834	0.04431	0.64097	0.14796	0.02165	0.00899	0.00282	0.00405	0.01944	0.00661	0.00582
23	0.01906	0.12338	0.02489	0.18213	0.14163	0.08318	0.01655	0.14302	0.01807	0.02352	0.01244	0.01613	0.01017	0.00814	0.00975	0.00226	0.14647	0.00581	0.00398	0.00944
24	0.01556	0.02114	0.17226	0.02625	0.08557	0.01704	0.36527	0.02100	0.01549	0.02179	0.01547	0.07731	0.01329	0.00823	0.00967	0.00247	0.09079	0.00833	0.00367	0.00941
25	0.01141	0.00773	0.00990	0.00962	0.01166	0.00709	0.00757	0.01444	0.01882	0.06841	0.43227	0.05884	0.17017	0.01571	0.00858	0.00245	0.00414	0.12683	0.00746	0.00691
26	0.00924	0.00798	0.00803	0.00797	0.01028	0.02554	0.00604	0.01131	0.01686	0.02049	0.15206	0.06544	0.57523	0.01735	0.00841	0.00240	0.00393	0.03857	0.00669	0.00619
27	0.01546	0.01272	0.04173	0.10684	0.05223	0.01243	0.04972	0.14491	0.01880	0.05424	0.03071	0.15794	0.11623	0.01402	0.00893	0.03412	0.00687	0.10812	0.00577	0.00823
28	0.04355	0.03335	0.57830	0.02072	0.05834	0.04889	0.04523	0.02241	0.01546	0.02291	0.03785	0.01645	0.01126	0.00703	0.00679	0.00223	0.01015	0.00561	0.00331	0.01018
29	0.01830	0.01559	0.01643	0.01461	0.01874	0.01799	0.01141	0.07821	0.65114	0.03073	0.02824	0.02597	0.02113	0.00959	0.00724	0.00240	0.00577	0.00795	0.00724	0.01132
30	0.04700	0.01955	0.04677	0.09222	0.47304	0.11514	0.05967	0.02252	0.01646	0.02232	0.01292	0.01686	0.01062	0.00655	0.00694	0.00212	0.00932	0.00610	0.00354	0.01034
31	0.01596	0.08428	0.30114	0.01877	0.02556	0.01720	0.11763	0.09149	0.03680	0.02457	0.07443	0.02220	0.01660	0.01040	0.03903	0.00270	0.05696	0.03040	0.00425	0.00963
32	0.01165	0.00903	0.00976	0.00910	0.01185	0.00855	0.00696	0.04081	0.11198	0.05121	0.17182	0.05629	0.44344	0.01553	0.00815	0.00236	0.00410	0.01304	0.00702	0.00734

[dist]
# distance from previous block
# <min> <max>
0	1

[block]
# block no. 2 follows, 29 sequences, length 8
# corresponding to MSA columns:
# 236-243
name=unknown_C
#
# <colnr> <probs for GDERKNQSTAVLIFYWHMCP>
#	G	D	E	R	K	N	Q	S	T	A	V	L	I	F	Y	W	H	M	C	P
0	0.01238	0.00880	0.01099	0.07378	0.01560	0.00872	0.00904	0.01655	0.07148	0.06691	0.09813	0.09689	0.24433	0.01540	0.00823	0.00255	0.00513	0.16188	0.06597	0.00722
1	0.01556	0.09526	0.02480	0.31682	0.07354	0.01735	0.09910	0.05044	0.01532	0.02075	0.01359	0.03740	0.01125	0.00776	0.00851	0.00222	0.08398	0.00654	0.03202	0.06780
2	0.01551	0.11946	0.07152	0.01994	0.08408	0.01994	0.06266	0.01819	0.01306	0.01861	0.01569	0.04791	0.05640	0.01091	0.01548	0.00264	0.38892	0.00713	0.00354	0.00842
3	0.00913	0.00674	0.00867	0.00968	0.01069	0.00610	0.00664	0.01069	0.01440	0.01936	0.09140	0.59754	0.09486	0.02037	0.00876	0.00269	0.00410	0.01832	0.00656	0.05329
4	0.43784	0.10469	0.08740	0.01197	0.01699	0.05261	0.01088	0.09837	0.01547	0.02861	0.01206	0.01528	0.00998	0.06321	0.00750	0.00246	0.00702	0.00482	0.00438	0.00846
5	0.01116	0.00799	0.00903	0.00856	0.00971	0.00766	0.00549	0.04445	0.01322	0.01771	0.06058	0.09711	0.10429	0.48472	0.02596	0.00519	0.00608	0.01107	0.00504	0.06498
6	0.12952	0.01652	0.01739	0.01404	0.01885	0.01796	0.01133	0.41247	0.07140	0.03710	0.01928	0.10612	0.01633	0.00979	0.00685	0.00217	0.00671	0.00770	0.00647	0.07202
7	0.11727	0.06911	0.02009	0.13194	0.04332	0.14833	0.01348	0.17912	0.08744	0.09888	0.01610	0.01725	0.01191	0.00777	0.00650	0.00212	0.00835	0.00581	0.00532	0.00988

[dist]
# distance from previous block
# <min> <max>
0	4

[block]
# block no. 3 follows, 29 sequences, length 7
# corresponding to MSA columns:
# 248-254
name=unknown_D
#
# <colnr> <probs for GDERKNQSTAVLIFYWHMCP>
#	G	D	E	R	K	N	Q	S	T	A	V	L	I	F	Y	W	H	M	C	P
0	0.02167	0.04516	0.01931	0.04444	0.02060	0.01844	0.01229	0.42583	0.05155	0.03534	0.01979	0.12713	0.01731	0.01041	0.00780	0.00220	0.03461	0.00828	0.00635	0.07150
1	0.01949	0.10404	0.02821	0.03531	0.49759	0.15172	0.01922	0.02304	0.01677	0.02142	0.01254	0.01601	0.01064	0.00650	0.00665	0.00199	0.00919	0.00572	0.00350	0.01046
2	0.01021	0.00707	0.00954	0.00990	0.01079	0.00759	0.00712	0.01209	0.01212	0.01750	0.02463	0.19058	0.02584	0.16857	0.35922	0.00764	0.01180	0.01082	0.09108	0.00589
3	0.00906	0.00724	0.00811	0.00789	0.01001	0.00628	0.00592	0.01146	0.01775	0.02284	0.31566	0.06259	0.45667	0.01669	0.00841	0.00234	0.00351	0.01420	0.00709	0.00628
4	0.01194	0.00763	0.00988	0.00928	0.01126	0.00693	0.00697	0.01488	0.01916	0.09368	0.51250	0.12501	0.11330	0.01511	0.00835	0.00232	0.00373	0.01328	0.00770	0.00709
5	0.01013	0.00742	0.00960	0.00944	0.01118	0.00688	0.00734	0.01333	0.01918	0.02650	0.53564	0.05895	0.12552	0.01570	0.00863	0.00242	0.00388	0.11413	0.00752	0.00662
6	0.03195	0.01212	0.01652	0.01267	0.01818	0.01047	0.01047	0.03470	0.02038	0.71026	0.02809	0.02424	0.01763	0.00881	0.00716	0.00220	0.00606	0.00716	0.00881	0.01212

[dist]
# distance from previous block
# <min> <max>
2	4

[block]
# block no. 4 follows, 29 sequences, length 22
# corresponding to MSA columns:
# 261-282
name=unknown_E
#
# <colnr> <probs for GDERKNQSTAVLIFYWHMCP>
#	G	D	E	R	K	N	Q	S	T	A	V	L	I	F	Y	W	H	M	C	P
0	0.13373	0.01273	0.01358	0.01224	0.01579	0.01406	0.00961	0.02859	0.36541	0.07468	0.18676	0.03213	0.03078	0.01062	0.00717	0.00235	0.00513	0.02803	0.00705	0.00957
1	0.08005	0.01087	0.03598	0.01174	0.01432	0.01092	0.00937	0.07059	0.01486	0.13358	0.02131	0.08770	0.01958	0.13557	0.28010	0.00645	0.03561	0.00849	0.00521	0.00771
2	0.05733	0.02028	0.01929	0.09828	0.02363	0.18083	0.03215	0.26986	0.09476	0.03038	0.04269	0.02178	0.05981	0.00889	0.00702	0.00216	0.00853	0.00689	0.00565	0.00979
3	0.04414	0.02583	0.42519	0.09154	0.02762	0.01408	0.04089	0.01935	0.01460	0.02163	0.01796	0.16046	0.01670	0.00980	0.00716	0.00235	0.00879	0.00835	0.00386	0.03969
4	0.01762	0.01692	0.02890	0.04371	0.70533	0.01692	0.02185	0.02185	0.01621	0.02326	0.01339	0.01762	0.01128	0.00634	0.00705	0.00211	0.00846	0.00634	0.00352	0.01128
5	0.00974	0.00736	0.00921	0.01012	0.03708	0.00689	0.00676	0.01156	0.01512	0.01999	0.17816	0.21599	0.20920	0.16255	0.03787	0.00369	0.00516	0.04134	0.00620	0.00601
6	0.01036	0.00690	0.00777	0.00777	0.00777	0.00690	0.00431	0.01036	0.01036	0.01381	0.02244	0.04660	0.02589	0.74975	0.03624	0.00690	0.00690	0.01036	0.00431	0.00431
7	0.01046	0.00683	0.00771	0.00784	0.00801	0.00679	0.00455	0.01083	0.01099	0.01519	0.02381	0.09932	0.02691	0.63237	0.03157	0.00616	0.00639	0.01082	0.06883	0.00462
8	0.00868	0.00620	0.00826	0.00991	0.01033	0.00578	0.00661	0.00991	0.01363	0.01818	0.03925	0.74510	0.04710	0.02231	0.00909	0.00289	0.00413	0.02024	0.00661	0.00578
9	0.02422	0.22718	0.02513	0.01766	0.04724	0.50753	0.01365	0.02627	0.01849	0.01747	0.01080	0.01264	0.00924	0.00696	0.00595	0.00176	0.01127	0.00444	0.00350	0.00861
10	0.01327	0.00664	0.00664	0.00664	0.00830	0.00664	0.00498	0.01659	0.01493	0.02655	0.02323	0.02655	0.01825	0.00830	0.00498	0.00166	0.00332	0.00664	0.78928	0.00664
11	0.02200	0.01685	0.04700	0.04752	0.02132	0.01767	0.01277	0.20827	0.35664	0.13445	0.02425	0.02286	0.01746	0.00900	0.00717	0.00230	0.00667	0.00728	0.00708	0.01144
12	0.02366	0.09115	0.05003	0.01681	0.02135	0.38499	0.01360	0.12428	0.15961	0.02411	0.01556	0.01625	0.01217	0.00786	0.00654	0.00199	0.01008	0.00552	0.00482	0.00961
13	0.73666	0.01542	0.01126	0.01010	0.01445	0.07377	0.00821	0.02155	0.01278	0.03076	0.01000	0.01167	0.00783	0.00667	0.00457	0.00217	0.00611	0.00392	0.00435	0.00776
14	0.01681	0.01921	0.04202	0.03001	0.03721	0.01801	0.67947	0.02281	0.01681	0.02281	0.01441	0.01921	0.01080	0.00600	0.00840	0.00240	0.01200	0.00840	0.00360	0.00960
15	0.00868	0.00620	0.00826	0.00991	0.01033	0.00578	0.00661	0.00991	0.01363	0.01818	0.03925	0.74510	0.04710	0.02231	0.00909	0.00289	0.00413	0.02024	0.00661	0.00578
16	0.01164	0.00978	0.01229	0.01193	0.01307	0.05358	0.00909	0.01371	0.01179	0.01625	0.01828	0.02865	0.01773	0.14415	0.52704	0.00956	0.07363	0.00771	0.00382	0.00630
17	0.01159	0.00887	0.01083	0.01006	0.01220	0.00890	0.00762	0.01828	0.15371	0.02880	0.56796	0.04790	0.05816	0.01358	0.00817	0.00227	0.00381	0.01192	0.00772	0.00762
18	0.72918	0.01455	0.04287	0.00985	0.01442	0.01560	0.00853	0.02068	0.01260	0.03137	0.04031	0.01355	0.01037	0.00696	0.00469	0.00221	0.00565	0.00432	0.00449	0.00780
19	0.01771	0.01530	0.01610	0.01449	0.01852	0.01771	0.01127	0.03784	0.69247	0.02979	0.02898	0.02657	0.02174	0.00966	0.00725	0.00242	0.00564	0.00805	0.00725	0.01127
20	0.01965	0.01661	0.02126	0.33483	0.10028	0.07090	0.01673	0.17967	0.07544	0.07108	0.01600	0.01890	0.01180	0.00772	0.00707	0.00224	0.00871	0.00641	0.00488	0.00981
21	0.02346	0.02750	0.02040	0.02102	0.11498	0.48428	0.01448	0.05287	0.07166	0.02058	0.01515	0.02025	0.01315	0.00844	0.00688	0.00205	0.01097	0.05867	0.00430	0.00892

[dist]
# distance from previous block
# <min> <max>
0	4

[block]
# block no. 5 follows, 29 sequences, length 9
# corresponding to MSA columns:
# 287-295
name=unknown_F
#
# <colnr> <probs for GDERKNQSTAVLIFYWHMCP>
#	G	D	E	R	K	N	Q	S	T	A	V	L	I	F	Y	W	H	M	C	P
0	0.38701	0.01333	0.01623	0.25644	0.09895	0.01536	0.01333	0.02019	0.01367	0.05333	0.01322	0.04708	0.01080	0.00752	0.00591	0.00228	0.00712	0.00580	0.00417	0.00825
1	0.01568	0.17848	0.46008	0.02035	0.02940	0.01914	0.13687	0.02235	0.01523	0.02143	0.01248	0.01503	0.00935	0.00650	0.00661	0.00213	0.01019	0.00551	0.00312	0.01008
2	0.01067	0.00779	0.01043	0.01173	0.01334	0.00755	0.00985	0.01352	0.01626	0.02103	0.07545	0.14940	0.13655	0.01947	0.00948	0.00306	0.00572	0.46564	0.00663	0.00640
3	0.00890	0.00694	0.00815	0.00900	0.01054	0.00620	0.00664	0.01067	0.01524	0.01909	0.05508	0.33210	0.36562	0.01989	0.00885	0.00270	0.00418	0.09761	0.00660	0.00599
4	0.01492	0.01314	0.01677	0.01198	0.01837	0.01012	0.05774	0.01829	0.01492	0.02317	0.01278	0.01509	0.01057	0.00533	0.00550	0.00115	0.00577	0.00453	0.00417	0.73570
5	0.01459	0.00791	0.00805	0.00757	0.00962	0.00812	0.00580	0.08029	0.01671	0.02830	0.02264	0.02564	0.01766	0.00832	0.00518	0.00170	0.00375	0.00662	0.71436	0.00716
6	0.01008	0.00728	0.00952	0.00896	0.01064	0.00672	0.00672	0.01344	0.02016	0.02855	0.70158	0.05319	0.06719	0.01456	0.00840	0.00224	0.00336	0.01288	0.00784	0.00672
7	0.01477	0.01266	0.01477	0.01055	0.01687	0.00949	0.00844	0.01793	0.01477	0.02320	0.01266	0.01477	0.01055	0.00527	0.00527	0.00105	0.00527	0.00422	0.00422	0.79328
8	0.04448	0.14398	0.04976	0.01777	0.04648	0.26736	0.08369	0.09898	0.01901	0.02224	0.01786	0.01947	0.07616	0.00817	0.00705	0.00198	0.03156	0.00618	0.00423	0.03358

[dist]
# distance from previous block
# <min> <max>
5	13

[block]
# block no. 6 follows, 29 sequences, length 64
# corresponding to MSA columns:
# 309-372
name=unknown_G
#
# <colnr> <probs for GDERKNQSTAVLIFYWHMCP>
#	G	D	E	R	K	N	Q	S	T	A	V	L	I	F	Y	W	H	M	C	P
0	0.01601	0.01770	0.03715	0.02762	0.05767	0.01647	0.56238	0.02142	0.01652	0.02249	0.01792	0.05067	0.04388	0.00719	0.00822	0.00234	0.01082	0.00889	0.00389	0.05074
1	0.01648	0.01829	0.03934	0.05906	0.03626	0.01734	0.61703	0.02230	0.01660	0.02280	0.01478	0.01957	0.01112	0.00617	0.00818	0.00236	0.01146	0.00822	0.04325	0.00938
2	0.01904	0.75404	0.03731	0.01218	0.01828	0.02818	0.01218	0.02132	0.01447	0.01675	0.00990	0.01142	0.00914	0.00609	0.00457	0.00152	0.00761	0.00381	0.00305	0.00914
3	0.19801	0.01248	0.01521	0.01195	0.01722	0.01166	0.00987	0.03173	0.01859	0.56362	0.02416	0.02150	0.01548	0.00834	0.00657	0.00220	0.00594	0.00645	0.00786	0.01117
4	0.01111	0.00794	0.01102	0.01242	0.01397	0.00785	0.01058	0.01424	0.01659	0.02186	0.11031	0.12816	0.04431	0.01931	0.00962	0.00314	0.00602	0.53833	0.00670	0.00652
5	0.00868	0.00620	0.00826	0.00991	0.01033	0.00578	0.00661	0.00991	0.01363	0.01818	0.03925	0.74510	0.04710	0.02231	0.00909	0.00289	0.00413	0.02024	0.00661	0.00578
6	0.00893	0.00647	0.00878	0.03202	0.01167	0.00618	0.00719	0.01035	0.01376	0.01830	0.03838	0.69787	0.04572	0.02175	0.00906	0.00289	0.00439	0.04392	0.00650	0.00588
7	0.01237	0.00618	0.00928	0.00928	0.00928	0.00618	0.00618	0.00928	0.00928	0.01237	0.01237	0.02165	0.01237	0.02474	0.02783	0.79283	0.00618	0.00618	0.00309	0.00309
8	0.00868	0.00620	0.00826	0.00991	0.01033	0.00578	0.00661	0.00991	0.01363	0.01818	0.03925	0.74510	0.04710	0.02231	0.00909	0.00289	0.00413	0.02024	0.00661	0.00578
