[name]
unknown

[dist]
# distance from previous block
# <min> <max>
0	31

[block]
# block no. 0 follows, 28 sequences, length 10
# corresponding to MSA columns:
# 31-40
name=unknown_A
#
# <colnr> <probs for GDERKNQSTAVLIFYWHMCP>
#	G	D	E	R	K	N	Q	S	T	A	V	L	I	F	Y	W	H	M	C	P
0	0.01823	0.26575	0.23797	0.01619	0.02345	0.01981	0.04882	0.05520	0.05789	0.06722	0.01576	0.01934	0.01275	0.00763	0.00636	0.00202	0.00844	0.03999	0.00427	0.07292
1	0.01857	0.09805	0.26027	0.01863	0.02574	0.08085	0.09638	0.04556	0.07425	0.06899	0.01518	0.01700	0.01144	0.00743	0.00776	0.00214	0.05134	0.00591	0.00425	0.09027
2	0.01851	0.17459	0.28894	0.01665	0.02361	0.12751	0.01757	0.02473	0.07522	0.06148	0.01646	0.06737	0.01373	0.00832	0.00658	0.00210	0.00916	0.00638	0.00422	0.03687
3	0.02204	0.17626	0.15354	0.01661	0.02251	0.14486	0.04747	0.04480	0.03812	0.16027	0.01802	0.01879	0.03731	0.00824	0.00783	0.00213	0.06030	0.00605	0.00484	0.01001
4	0.02009	0.07555	0.18677	0.01790	0.06398	0.12179	0.01600	0.09633	0.13482	0.08125	0.05576	0.02170	0.03701	0.00853	0.00697	0.00216	0.00846	0.00670	0.00530	0.03293
5	0.01850	0.02104	0.15899	0.01625	0.02175	0.11865	0.07629	0.06773	0.07155	0.10020	0.06626	0.07177	0.10966	0.01044	0.00753	0.00226	0.00817	0.00879	0.00558	0.03858
6	0.01818	0.01446	0.05365	0.01381	0.01852	0.01306	0.05140	0.14130	0.10035	0.10967	0.12689	0.09317	0.07401	0.01100	0.00753	0.00218	0.00619	0.00944	0.00662	0.12855
7	0.01017	0.00688	0.00805	0.00845	0.00855	0.00678	0.00496	0.01046	0.01136	0.01515	0.02696	0.21128	0.03155	0.57384	0.03044	0.00608	0.00638	0.01296	0.00496	0.00476
8	0.02037	0.07095	0.02480	0.02899	0.32517	0.19021	0.01704	0.02779	0.17589	0.02340	0.01660	0.01852	0.01336	0.00751	0.00691	0.00212	0.00900	0.00627	0.00450	0.01060
9	0.09639	0.40699	0.07686	0.01308	0.01931	0.04644	0.01257	0.06100	0.01653	0.08896	0.01291	0.01398	0.01036	0.00669	0.00536	0.00174	0.00756	0.00456	0.00421	0.09447

[dist]
# distance from previous block
# <min> <max>
0	1

[block]
# block no. 1 follows, 28 sequences, length 35
# corresponding to MSA columns:
# 42-76
name=unknown_B
#
# <colnr> <probs for GDERKNQSTAVLIFYWHMCP>
#	G	D	E	R	K	N	Q	S	T	A	V	L	I	F	Y	W	H	M	C	P
0	0.19844	0.17282	0.04235	0.01571	0.05294	0.20280	0.01256	0.05763	0.06315	0.09775	0.01436	0.01524	0.01107	0.00737	0.00591	0.00201	0.00853	0.00507	0.00474	0.00954
1	0.02473	0.01747	0.01906	0.01530	0.02047	0.01910	0.01242	0.38796	0.21487	0.12168	0.02472	0.02338	0.04590	0.00950	0.00737	0.00228	0.00695	0.00750	0.00750	0.01185
2	0.01973	0.72195	0.03743	0.01268	0.01880	0.05468	0.01250	0.02204	0.01499	0.01713	0.01015	0.01172	0.00933	0.00627	0.00474	0.00157	0.00798	0.00392	0.00313	0.00929
3	0.00869	0.00721	0.00753	0.00777	0.00986	0.00613	0.00566	0.01039	0.01599	0.01930	0.06721	0.16363	0.58243	0.04335	0.00964	0.00268	0.00387	0.01593	0.00667	0.00605
4	0.01517	0.00834	0.00850	0.00792	0.01009	0.00859	0.00608	0.09253	0.01742	0.02925	0.02299	0.02599	0.01791	0.00850	0.00533	0.00175	0.00392	0.00675	0.69556	0.00742
5	0.01880	0.02144	0.09216	0.02706	0.03404	0.05456	0.48759	0.06823	0.01827	0.05366	0.01498	0.01886	0.01113	0.00682	0.00878	0.00241	0.03927	0.00784	0.00409	0.01002
6	0.05577	0.01933	0.04130	0.02959	0.03680	0.01828	0.63982	0.02319	0.01692	0.02375	0.01448	0.01922	0.01087	0.00616	0.00838	0.00244	0.01193	0.00835	0.00372	0.00971
7	0.00886	0.00633	0.00843	0.01012	0.01054	0.00590	0.00675	0.01012	0.01392	0.01856	0.04006	0.73979	0.04808	0.02277	0.00928	0.00295	0.00422	0.02066	0.00675	0.00590
8	0.01062	0.00766	0.01035	0.01175	0.01303	0.00753	0.00947	0.01310	0.01541	0.02013	0.03958	0.25136	0.08611	0.05996	0.04502	0.00377	0.00646	0.37591	0.00646	0.00632
9	0.01971	0.38832	0.06389	0.01786	0.02420	0.05846	0.16459	0.08298	0.07361	0.02252	0.01364	0.01553	0.01107	0.00682	0.00622	0.00194	0.00904	0.00567	0.00400	0.00991
10	0.01373	0.01292	0.02180	0.72707	0.05006	0.01615	0.02019	0.01857	0.01453	0.01857	0.01292	0.01938	0.00969	0.00727	0.00727	0.00242	0.00969	0.00646	0.00323	0.00807
11	0.01038	0.00779	0.01168	0.01168	0.01298	0.00909	0.00909	0.01298	0.01168	0.01687	0.01947	0.02856	0.01817	0.05452	0.71573	0.01168	0.01947	0.00779	0.00389	0.00649
12	0.15556	0.01573	0.01768	0.01385	0.01931	0.01626	0.01142	0.27127	0.04634	0.32669	0.02148	0.01998	0.01437	0.00856	0.00684	0.00223	0.00675	0.00650	0.00756	0.01160
13	0.01957	0.01757	0.02686	0.06537	0.52404	0.04233	0.02005	0.06856	0.06099	0.06060	0.01561	0.01877	0.01244	0.00705	0.00720	0.00219	0.00848	0.00657	0.00436	0.01137
14	0.02763	0.02036	0.02182	0.01672	0.02254	0.02254	0.01382	0.67496	0.03418	0.04581	0.01745	0.01745	0.01236	0.00873	0.00727	0.00218	0.00800	0.00654	0.00727	0.01236
15	0.02608	0.01827	0.02116	0.01813	0.08263	0.01918	0.01363	0.46428	0.02885	0.12661	0.01809	0.01819	0.01285	0.00821	0.00707	0.00207	0.00755	0.00640	0.00685	0.09391
16	0.03261	0.01237	0.01687	0.01293	0.01856	0.01068	0.01068	0.03543	0.02081	0.70423	0.02868	0.02474	0.01799	0.00900	0.00731	0.00225	0.00619	0.00731	0.00900	0.01237
17	0.01878	0.01330	0.01636	0.01204	0.01809	0.01093	0.02716	0.07165	0.01784	0.13940	0.05140	0.01903	0.01511	0.00676	0.00610	0.00146	0.00580	0.00556	0.00549	0.53774
18	0.01691	0.01888	0.03886	0.02838	0.03429	0.01914	0.54438	0.02215	0.01598	0.02215	0.01370	0.01888	0.01074	0.00742	0.01156	0.00259	0.15280	0.00815	0.00358	0.00944
19	0.01590	0.01590	0.02226	0.01908	0.01908	0.02226	0.01590	0.01749	0.01113	0.01749	0.00954	0.01590	0.00954	0.01272	0.02385	0.00318	0.73123	0.00636	0.00318	0.00795
20	0.01407	0.01323	0.02157	0.64976	0.04668	0.01661	0.01951	0.01947	0.04656	0.01907	0.01351	0.01954	0.01028	0.00772	0.00828	0.00247	0.05344	0.00654	0.00343	0.00823
21	0.01590	0.01590	0.02226	0.01908	0.01908	0.02226	0.01590	0.01749	0.01113	0.01749	0.00954	0.01590	0.00954	0.01272	0.02385	0.00318	0.73123	0.00636	0.00318	0.00795
22	0.00886	0.00633	0.00843	0.01012	0.01054	0.00590	0.00675	0.01012	0.01392	0.01856	0.04006	0.73979	0.04808	0.02277	0.00928	0.00295	0.00422	0.02066	0.00675	0.00590
23	0.01146	0.00771	0.00900	0.00923	0.01081	0.00743	0.00667	0.05764	0.01703	0.02428	0.14158	0.31791	0.13194	0.01651	0.00792	0.00242	0.00408	0.01443	0.19523	0.00674
24	0.03261	0.01237	0.01687	0.01293	0.01856	0.01068	0.01068	0.03543	0.02081	0.70423	0.02868	0.02474	0.01799	0.00900	0.00731	0.00225	0.00619	0.00731	0.00900	0.01237
25	0.01736	0.01410	0.01509	0.01348	0.01736	0.01572	0.01050	0.06072	0.50217	0.05676	0.07782	0.03386	0.11103	0.01120	0.00762	0.00243	0.00545	0.00934	0.00741	0.01059
26	0.03261	0.01237	0.01687	0.01293	0.01856	0.01068	0.01068	0.03543	0.02081	0.70423	0.02868	0.02474	0.01799	0.00900	0.00731	0.00225	0.00619	0.00731	0.00900	0.01237
27	0.02872	0.01210	0.01605	0.01257	0.01758	0.01084	0.01027	0.07340	0.02164	0.55353	0.13463	0.02900	0.02572	0.00992	0.00751	0.00225	0.00586	0.00819	0.00873	0.01149
28	0.03117	0.01205	0.01641	0.01269	0.01806	0.01044	0.01044	0.03402	0.02079	0.66048	0.07188	0.02666	0.02127	0.00938	0.00739	0.00225	0.00601	0.00769	0.00893	0.01201
29	0.01250	0.00987	0.01176	0.01215	0.01444	0.01026	0.00973	0.02004	0.20050	0.02371	0.07440	0.15635	0.14234	0.01713	0.00890	0.00285	0.00545	0.25281	0.00697	0.00782
30	0.01402	0.01322	0.02233	0.68060	0.09426	0.01623	0.02033	0.01883	0.01467	0.01892	0.01297	0.01929	0.00981	0.00721	0.00726	0.00240	0.00962	0.00646	0.00326	0.00831
31	0.02753	0.04898	0.02224	0.01639	0.02221	0.02227	0.01362	0.62084	0.03282	0.07363	0.01765	0.01754	0.01249	0.00864	0.00717	0.00216	0.00791	0.00647	0.00718	0.01224
32	0.01124	0.01109	0.00935	0.00929	0.01169	0.10608	0.00687	0.01302	0.01683	0.01925	0.06094	0.13970	0.52418	0.01738	0.00838	0.00243	0.00507	0.01446	0.00633	0.00643
33	0.00877	0.00665	0.00810	0.00926	0.01032	0.00598	0.00637	0.01022	0.01475	0.01889	0.05055	0.53057	0.25053	0.02141	0.00906	0.00280	0.00405	0.01900	0.00675	0.00598
34	0.02025	0.01595	0.02291	0.01822	0.02298	0.01684	0.16417	0.14359	0.22833	0.11373	0.02419	0.10276	0.01970	0.01026	0.00856	0.00247	0.03883	0.00921	0.00646	0.01059

[dist]
# distance from previous block
# <min> <max>
0	1

[block]
# block no. 2 follows, 28 sequences, length 21
# corresponding to MSA columns:
# 78-98
name=unknown_C
#
# <colnr> <probs for GDERKNQSTAVLIFYWHMCP>
#	G	D	E	R	K	N	Q	S	T	A	V	L	I	F	Y	W	H	M	C	P
0	0.02714	0.07929	0.05666	0.01558	0.02157	0.01972	0.01352	0.40829	0.05292	0.20182	0.01981	0.01900	0.01369	0.00853	0.00705	0.00216	0.00759	0.00651	0.00714	0.01200
1	0.01583	0.13180	0.58610	0.01943	0.02934	0.01873	0.02433	0.05279	0.01613	0.02328	0.01285	0.01495	0.00937	0.00690	0.00662	0.00220	0.01022	0.00523	0.00327	0.01063
2	0.02814	0.01954	0.02131	0.01634	0.02213	0.02133	0.01349	0.60937	0.03281	0.11333	0.01860	0.01820	0.01294	0.00875	0.00728	0.00219	0.00781	0.00662	0.00745	0.01236
3	0.00898	0.00645	0.00870	0.01025	0.01074	0.00617	0.00694	0.01036	0.01373	0.01842	0.03836	0.68105	0.04561	0.02540	0.06763	0.00367	0.00548	0.01960	0.00651	0.00595
4	0.01507	0.01292	0.01507	0.01077	0.01723	0.00969	0.00861	0.01830	0.01507	0.02369	0.01292	0.01507	0.01077	0.00538	0.00538	0.00108	0.00538	0.00431	0.00431	0.78898
5	0.00990	0.00748	0.00939	0.01000	0.01152	0.00661	0.00702	0.01154	0.01434	0.01937	0.03886	0.51691	0.10646	0.04577	0.00969	0.00280	0.00454	0.04384	0.00631	0.11765
6	0.01976	0.01609	0.01700	0.01457	0.01899	0.01810	0.01154	0.21131	0.43855	0.03357	0.03069	0.02878	0.08763	0.01041	0.00748	0.00239	0.00616	0.00848	0.00730	0.01120
7	0.01611	0.01289	0.01518	0.01089	0.01731	0.00975	0.00874	0.01932	0.01541	0.06395	0.01385	0.01565	0.01119	0.00560	0.00550	0.00115	0.00543	0.00448	0.00458	0.74302
8	0.01633	0.01160	0.01362	0.01142	0.01493	0.01103	0.00867	0.13817	0.01859	0.07801	0.08021	0.15066	0.05662	0.12470	0.01231	0.00283	0.02453	0.01000	0.00604	0.20975
9	0.03053	0.01572	0.01894	0.01452	0.02023	0.01565	0.01200	0.30332	0.02641	0.42842	0.02398	0.02169	0.01563	0.00888	0.00729	0.00222	0.00694	0.00699	0.00827	0.01237
10	0.01041	0.00770	0.01123	0.01123	0.01237	0.00884	0.00852	0.01269	0.01155	0.01654	0.01988	0.03084	0.01916	0.13726	0.63434	0.01113	0.01798	0.00812	0.00396	0.00624
11	0.01057	0.00705	0.00793	0.00793	0.00793	0.00705	0.00440	0.01057	0.01057	0.01409	0.02290	0.04757	0.02643	0.74454	0.03700	0.00705	0.00705	0.01057	0.00440	0.00440
12	0.03143	0.01211	0.01649	0.01273	0.01815	0.01048	0.01048	0.03427	0.02079	0.66832	0.06414	0.02631	0.02068	0.00931	0.00738	0.00225	0.00604	0.00762	0.00894	0.01208
13	0.03154	0.01213	0.01652	0.01275	0.01819	0.01050	0.01050	0.03438	0.02079	0.67171	0.06079	0.02616	0.02043	0.00928	0.00737	0.00225	0.00605	0.00759	0.00895	0.01211
14	0.02588	0.01341	0.01638	0.01343	0.01827	0.01336	0.01080	0.05571	0.25099	0.40321	0.07503	0.02738	0.02278	0.00970	0.00743	0.00232	0.00590	0.00801	0.00832	0.01169
15	0.00885	0.00737	0.00772	0.00763	0.00998	0.00625	0.00573	0.01093	0.01718	0.02108	0.16827	0.06757	0.60071	0.01787	0.00859	0.00243	0.00364	0.01501	0.00694	0.00625
16	0.02418	0.18549	0.02463	0.01543	0.02105	0.02322	0.01312	0.42026	0.13828	0.03671	0.01780	0.01774	0.01331	0.00834	0.00670	0.00209	0.00757	0.00622	0.00634	0.01153
17	0.02545	0.01917	0.01892	0.01562	0.02056	0.11281	0.01247	0.25348	0.24162	0.16764	0.02278	0.02145	0.01627	0.00898	0.00722	0.00225	0.00760	0.00699	0.00718	0.01155
18	0.01143	0.00734	0.00916	0.00960	0.01123	0.00656	0.00685	0.01321	0.01596	0.09229	0.10804	0.42456	0.21762	0.01944	0.00882	0.00269	0.00421	0.01716	0.00710	0.00674
19	0.02349	0.24066	0.06612	0.01489	0.02083	0.02224	0.01349	0.35172	0.02538	0.07658	0.06287	0.01860	0.01553	0.00830	0.00655	0.00201	0.00766	0.00618	0.00592	0.01096
20	0.02447	0.26394	0.02780	0.01633	0.02188	0.18075	0.04687	0.25567	0.02332	0.05364	0.01390	0.01494	0.01083	0.00750	0.00632	0.00192	0.00923	0.00538	0.00498	0.01034

[dist]
# distance from previous block
# <min> <max>
2	8

[block]
# block no. 3 follows, 28 sequences, length 21
# corresponding to MSA columns:
# 107-127
name=unknown_D
#
# <colnr> <probs for GDERKNQSTAVLIFYWHMCP>
#	G	D	E	R	K	N	Q	S	T	A	V	L	I	F	Y	W	H	M	C	P
0	0.01209	0.03117	0.05634	0.01195	0.01378	0.06493	0.00925	0.01402	0.01472	0.03941	0.03310	0.54962	0.03821	0.01884	0.00908	0.00272	0.02884	0.01661	0.00605	0.02925
1	0.01943	0.74891	0.03809	0.01244	0.01866	0.02876	0.01244	0.02177	0.01477	0.01710	0.01011	0.01166	0.00933	0.00622	0.00466	0.00155	0.00777	0.00389	0.00311	0.00933
2	0.02212	0.01539	0.01761	0.01328	0.01925	0.01450	0.01080	0.23299	0.06426	0.14095	0.01796	0.01815	0.01316	0.00732	0.00643	0.00171	0.00637	0.00575	0.00621	0.36578
3	0.01761	0.04077	0.06470	0.01697	0.02179	0.06886	0.12398	0.02766	0.25510	0.06264	0.09928	0.02908	0.02359	0.01096	0.02867	0.00260	0.00800	0.04442	0.00594	0.04740
4	0.11129	0.01597	0.08568	0.01373	0.01964	0.01335	0.01229	0.11650	0.02111	0.45464	0.04569	0.02243	0.01696	0.00870	0.00700	0.00225	0.00673	0.00685	0.00766	0.01154
5	0.01055	0.00729	0.00904	0.00924	0.01090	0.00654	0.00668	0.01276	0.01717	0.05963	0.26378	0.30187	0.22102	0.01829	0.00876	0.00257	0.00393	0.01609	0.00728	0.00663
6	0.12052	0.01762	0.01926	0.01493	0.02054	0.01885	0.01233	0.43817	0.02825	0.20774	0.01937	0.01859	0.01322	0.00856	0.00695	0.00221	0.00727	0.00642	0.00737	0.01183
7	0.11741	0.01339	0.01669	0.01295	0.01847	0.01254	0.01069	0.10012	0.02125	0.56093	0.02544	0.02254	0.01628	0.00872	0.00699	0.00224	0.00631	0.00685	0.00832	0.01187
8	0.00894	0.00639	0.00851	0.01006	0.01056	0.00596	0.00675	0.01033	0.01431	0.01918	0.07871	0.69937	0.04929	0.02231	0.00924	0.00291	0.00417	0.02022	0.00682	0.00596
9	0.01796	0.01168	0.01387	0.01260	0.01549	0.01197	0.00955	0.21027	0.04932	0.11809	0.05453	0.37874	0.03323	0.01600	0.00832	0.00259	0.00563	0.01396	0.00727	0.00893
10	0.02379	0.01845	0.01965	0.01595	0.02108	0.02075	0.01289	0.41910	0.29629	0.03962	0.02233	0.02134	0.01631	0.00918	0.00732	0.00230	0.00710	0.00722	0.00732	0.01202
11	0.01037	0.00696	0.00799	0.00819	0.00823	0.00691	0.00468	0.01052	0.01096	0.01462	0.02491	0.12870	0.02896	0.65995	0.03375	0.00657	0.00672	0.01175	0.00468	0.00458
12	0.00930	0.00665	0.00891	0.01041	0.01108	0.00626	0.00732	0.01098	0.01479	0.01979	0.09401	0.60885	0.04907	0.02182	0.00931	0.00294	0.00443	0.09118	0.00685	0.00607
13	0.02940	0.01752	0.02006	0.01538	0.02113	0.01833	0.01270	0.44761	0.02942	0.27987	0.02144	0.02004	0.01436	0.00882	0.00729	0.00221	0.00735	0.00682	0.00788	0.01236
14	0.00903	0.00736	0.00807	0.00850	0.01059	0.00640	0.00648	0.01099	0.01625	0.01977	0.06481	0.15642	0.52901	0.01918	0.00887	0.00263	0.00414	0.09857	0.00674	0.00618
15	0.01433	0.00876	0.01128	0.01021	0.01266	0.00825	0.00780	0.01882	0.06957	0.13551	0.50905	0.08062	0.05616	0.01394	0.00832	0.00233	0.00408	0.01222	0.00805	0.00803
16	0.00977	0.00713	0.00924	0.00999	0.01103	0.00678	0.00700	0.01265	0.04650	0.02275	0.26577	0.47108	0.05399	0.01946	0.00895	0.00270	0.00401	0.01751	0.00721	0.00649
17	0.01555	0.01264	0.01489	0.01083	0.01702	0.00958	0.00863	0.01869	0.01526	0.05147	0.01462	0.04364	0.01251	0.00621	0.00561	0.00120	0.00537	0.00507	0.00459	0.72661
18	0.01126	0.00694	0.00929	0.01041	0.01135	0.00639	0.00715	0.01268	0.01461	0.08789	0.03891	0.66749	0.04504	0.02138	0.00908	0.00288	0.00442	0.01931	0.00698	0.00656
19	0.01016	0.00746	0.00954	0.00913	0.01093	0.00684	0.00692	0.01340	0.01995	0.02773	0.59501	0.05732	0.13921	0.01550	0.00864	0.00235	0.00360	0.04174	0.00780	0.00677
20	0.04959	0.01452	0.01613	0.01280	0.03926	0.05253	0.00982	0.01992	0.01538	0.05405	0.01326	0.01539	0.01085	0.00615	0.00653	0.00137	0.04431	0.00463	0.00441	0.60909

[dist]
# distance from previous block
# <min> <max>
0	2

[block]
# block no. 4 follows, 28 sequences, length 21
# corresponding to MSA columns:
# 130-150
name=unknown_E
#
# <colnr> <probs for GDERKNQSTAVLIFYWHMCP>
#	G	D	E	R	K	N	Q	S	T	A	V	L	I	F	Y	W	H	M	C	P
0	0.22223	0.12867	0.18712	0.01456	0.02120	0.01846	0.01468	0.12966	0.04099	0.13526	0.01557	0.01610	0.01120	0.00748	0.00609	0.00216	0.00766	0.00537	0.00519	0.01033
1	0.00891	0.00738	0.00781	0.00770	0.01002	0.00627	0.00578	0.01106	0.01733	0.02145	0.19202	0.06697	0.57673	0.01773	0.00859	0.00242	0.00363	0.01492	0.00699	0.00627
2	0.02746	0.01964	0.02042	0.01689	0.04714	0.09770	0.01320	0.38553	0.05729	0.18538	0.01946	0.01893	0.01361	0.00850	0.00714	0.00214	0.00802	0.00650	0.00702	0.03804
3	0.05449	0.01735	0.07240	0.01477	0.02039	0.01609	0.01285	0.25530	0.05177	0.23782	0.02081	0.04750	0.01517	0.00902	0.00777	0.00219	0.03914	0.00697	0.00686	0.09136
4	0.07142	0.23029	0.12261	0.01547	0.04426	0.02027	0.01416	0.11294	0.10560	0.04024	0.01498	0.01615	0.01178	0.00736	0.00664	0.00194	0.03401	0.00535	0.00464	0.11989
5	0.01750	0.01692	0.02744	0.03879	0.55031	0.04472	0.05141	0.02168	0.01677	0.02322	0.01688	0.02627	0.01539	0.00829	0.00761	0.00232	0.00874	0.09105	0.00401	0.01067
6	0.03015	0.01235	0.01646	0.01278	0.01804	0.01100	0.01049	0.07028	0.02156	0.60047	0.09291	0.02720	0.02259	0.00955	0.00743	0.00225	0.00602	0.00783	0.00880	0.01183
7	0.13537	0.01452	0.01808	0.15831	0.05545	0.01614	0.01330	0.16819	0.05360	0.13743	0.09653	0.02289	0.01892	0.00909	0.00798	0.00233	0.04889	0.00711	0.00601	0.00986
8	0.04873	0.11499	0.47804	0.02176	0.09899	0.01797	0.04784	0.02240	0.01554	0.02305	0.03736	0.01662	0.01162	0.00703	0.00670	0.00220	0.00975	0.00566	0.00339	0.01036
9	0.03228	0.01290	0.01720	0.01318	0.01882	0.01147	0.01089	0.07767	0.02169	0.66074	0.02794	0.02426	0.01762	0.00898	0.00731	0.00224	0.00631	0.00726	0.00888	0.01237
10	0.01517	0.00906	0.01130	0.01002	0.01280	0.00832	0.00774	0.05533	0.02043	0.15615	0.39219	0.07556	0.16843	0.01434	0.00829	0.00233	0.00429	0.01234	0.00787	0.00806
11	0.17651	0.02135	0.21791	0.06644	0.10811	0.01592	0.04821	0.08022	0.01744	0.10674	0.04165	0.01977	0.03340	0.00785	0.00675	0.00228	0.00819	0.00635	0.00482	0.01009
12	0.00990	0.00744	0.00913	0.00900	0.01081	0.00676	0.00680	0.01269	0.01859	0.02506	0.42589	0.08536	0.23546	0.04112	0.00968	0.00260	0.00391	0.06586	0.00739	0.00653
13	0.00907	0.00655	0.00858	0.00983	0.01056	0.00607	0.00670	0.01071	0.01510	0.02028	0.14532	0.59810	0.08357	0.02131	0.00913	0.00282	0.00407	0.01921	0.00695	0.00607
14	0.06498	0.00789	0.00968	0.00910	0.01104	0.00749	0.00687	0.01411	0.01983	0.02898	0.62065	0.05201	0.09156	0.01445	0.00829	0.00229	0.00359	0.01260	0.00770	0.00690
15	0.18213	0.05204	0.16692	0.05971	0.09686	0.07900	0.01575	0.02490	0.07649	0.09827	0.04418	0.02076	0.01491	0.00815	0.00659	0.00226	0.00808	0.02840	0.00485	0.00974
16	0.01145	0.00838	0.01046	0.03160	0.01304	0.00807	0.00767	0.03190	0.06085	0.04144	0.19999	0.34027	0.10329	0.04829	0.00975	0.00274	0.00457	0.01515	0.00685	0.04424
17	0.01021	0.00702	0.00910	0.00986	0.01106	0.00645	0.00703	0.01221	0.01617	0.04751	0.19888	0.44813	0.11944	0.01978	0.00900	0.00273	0.00417	0.04765	0.00713	0.00644
18	0.12599	0.13451	0.36249	0.04841	0.02603	0.01754	0.04694	0.02248	0.01556	0.06311	0.06073	0.01792	0.01378	0.00744	0.00646	0.00219	0.00883	0.00579	0.00400	0.00979
19	0.10051	0.01834	0.08474	0.23947	0.20153	0.04698	0.01839	0.12695	0.01842	0.02629	0.01453	0.01984	0.01165	0.00775	0.00701	0.00230	0.00884	0.03238	0.00426	0.00982
20	0.04685	0.12256	0.37330	0.05191	0.08029	0.06399	0.05335	0.02255	0.01563	0.02221	0.01255	0.01516	0.00961	0.00666	0.00649	0.00207	0.00973	0.00528	0.00336	0.07645

[dist]
# distance from previous block
# <min> <max>
5	11

[block]
# block no. 5 follows, 28 sequences, length 12
# corresponding to MSA columns:
# 162-173
name=unknown_F
#
# <colnr> <probs for GDERKNQSTAVLIFYWHMCP>
#	G	D	E	R	K	N	Q	S	T	A	V	L	I	F	Y	W	H	M	C	P
0	0.08358	0.01803	0.01890	0.01511	0.02022	0.02012	0.01231	0.45985	0.15273	0.04061	0.01960	0.01951	0.01429	0.00877	0.00693	0.00221	0.00707	0.00667	0.06203	0.01146
1	0.01203	0.00764	0.01016	0.01006	0.01177	0.00705	0.00752	0.01480	0.01850	0.08727	0.40836	0.24165	0.05646	0.01687	0.00876	0.00254	0.00413	0.05969	0.00766	0.00709
2	0.01571	0.01433	0.02310	0.54733	0.15682	0.01692	0.01996	0.07914	0.01667	0.02193	0.01346	0.01897	0.01024	0.00727	0.00726	0.00236	0.00936	0.00647	0.00366	0.00905
3	0.06940	0.01219	0.01513	0.01197	0.01682	0.01141	0.00979	0.09360	0.02062	0.47728	0.02566	0.02378	0.01702	0.00875	0.00674	0.00214	0.00581	0.00695	0.15387	0.01108
4	0.20776	0.00919	0.01010	0.00983	0.01206	0.00939	0.00742	0.01600	0.01608	0.06480	0.25403	0.17066	0.04082	0.08346	0.01041	0.00292	0.00486	0.05668	0.00652	0.00701
5	0.01015	0.00742	0.00953	0.00900	0.01078	0.00680	0.00675	0.01345	0.02025	0.02838	0.64510	0.05556	0.11932	0.01515	0.00857	0.00230	0.00345	0.01332	0.00790	0.00680
6	0.01772	0.01699	0.02902	0.08793	0.65799	0.01720	0.02217	0.02207	0.01642	0.02342	0.01363	0.01808	0.01140	0.00653	0.00720	0.00218	0.00870	0.00648	0.00357	0.01130
7	0.01483	0.00801	0.00815	0.00768	0.00975	0.00821	0.00588	0.07693	0.01697	0.02881	0.02314	0.02622	0.01806	0.00849	0.00528	0.00174	0.00381	0.00675	0.71400	0.00728
8	0.00917	0.00669	0.00844	0.00943	0.01028	0.00617	0.00641	0.01074	0.01500	0.01992	0.14104	0.49177	0.13619	0.07935	0.01132	0.00312	0.00426	0.01801	0.00675	0.00596
9	0.79588	0.01406	0.01068	0.00956	0.01406	0.01631	0.00787	0.02137	0.01237	0.03261	0.01012	0.01181	0.00787	0.00675	0.00450	0.00225	0.00562	0.00394	0.00450	0.00787
10	0.01240	0.00859	0.01049	0.00975	0.01207	0.00814	0.00739	0.01720	0.08871	0.07714	0.44406	0.08030	0.16600	0.01484	0.00839	0.00236	0.00395	0.01289	0.00775	0.00759
11	0.00886	0.00633	0.00843	0.01012	0.01054	0.00590	0.00675	0.01012	0.01392	0.01856	0.04006	0.73979	0.04808	0.02277	0.00928	0.00295	0.00422	0.02066	0.00675	0.00590

[dist]
# distance from previous block
# <min> <max>
0	1

[block]
# block no. 6 follows, 28 sequences, length 74
# corresponding to MSA columns:
# 175-248
name=unknown_G
#
# <colnr> <probs for GDERKNQSTAVLIFYWHMCP>
#	G	D	E	R	K	N	Q	S	T	A	V	L	I	F	Y	W	H	M	C	P
0	0.01099	0.02756	0.01004	0.00935	0.01119	0.00725	0.00691	0.01344	0.01777	0.06020	0.33269	0.24491	0.18619	0.01723	0.00860	0.00248	0.00397	0.01511	0.00732	0.00681
1	0.66342	0.05337	0.05021	0.03626	0.01677	0.01716	0.00974	0.04042	0.01337	0.03118	0.01059	0.01243	0.00822	0.00681	0.00482	0.00222	0.00622	0.00418	0.00439	0.00824
2	0.01057	0.00705	0.00793	0.00793	0.00793	0.00705	0.00440	0.01057	0.01057	0.01409	0.02290	0.04757	0.02643	0.74454	0.03700	0.00705	0.00705	0.01057	0.00440	0.00440
3	0.01370	0.00721	0.00742	0.00736	0.00911	0.00726	0.00550	0.03922	0.01580	0.02713	0.02468	0.07815	0.02054	0.00951	0.00546	0.00180	0.00361	0.00777	0.70187	0.00691
4	0.02074	0.62828	0.03514	0.01350	0.01930	0.14472	0.01271	0.02299	0.01575	0.01722	0.01030	0.01191	0.00933	0.00643	0.00498	0.00161	0.00867	0.00402	0.00322	0.00918
5	0.01254	0.00965	0.01309	0.01571	0.10779	0.00961	0.00980	0.09558	0.01705	0.02306	0.05547	0.52565	0.03919	0.01848	0.00871	0.00272	0.00528	0.01666	0.00642	0.00753
6	0.01816	0.17045	0.39088	0.01879	0.02715	0.07326	0.06680	0.02499	0.05183	0.07100	0.01446	0.01607	0.01070	0.00707	0.00662	0.00214	0.00987	0.00555	0.00383	0.01038
7	0.01892	0.67289	0.10957	0.01332	0.02003	0.02749	0.01398	0.02190	0.01483	0.01773	0.01042	0.01205	0.00932	0.00629	0.00490	0.00163	0.00809	0.00405	0.00311	0.00948
8	0.01263	0.00631	0.00947	0.00947	0.00947	0.00631	0.00631	0.00947	0.00947	0.01263	0.01263	0.02210	0.01263	0.02525	0.02841	0.78851	0.00631	0.00631	0.00316	0.00316
9	0.12622	0.33891	0.08042	0.01559	0.05459	0.08446	0.01369	0.07358	0.01680	0.05226	0.02982	0.01481	0.01140	0.00741	0.00672	0.00197	0.05281	0.00496	0.00409	0.00949
10	0.06254	0.02099	0.05773	0.01661	0.02262	0.02195	0.01423	0.61000	0.03216	0.04399	0.01688	0.01708	0.01199	0.00854	0.00712	0.00219	0.00803	0.00636	0.00692	0.01207
11	0.00966	0.00724	0.00896	0.00887	0.01056	0.00654	0.00652	0.01238	0.01859	0.02525	0.44630	0.16436	0.21421	0.01693	0.00869	0.00243	0.00361	0.01483	0.00751	0.00654
12	0.01828	0.02137	0.14850	0.09381	0.31196	0.04237	0.15125	0.04375	0.01721	0.06010	0.01454	0.01814	0.01115	0.00679	0.00741	0.00226	0.00983	0.00668	0.00390	0.01070
13	0.00972	0.00811	0.03442	0.00992	0.01123	0.00695	0.00725	0.01207	0.03310	0.02053	0.15525	0.42527	0.11875	0.09806	0.01194	0.00319	0.00461	0.01677	0.00660	0.00626
14	0.73958	0.01398	0.01100	0.00965	0.01429	0.01583	0.00793	0.02115	0.01257	0.03197	0.01032	0.01204	0.00808	0.00665	0.00456	0.00216	0.00561	0.00396	0.00448	0.06419
15	0.01023	0.00690	0.00803	0.00837	0.00845	0.00682	0.00487	0.01048	0.01124	0.01498	0.02632	0.18550	0.03074	0.60072	0.03147	0.00623	0.00648	0.01258	0.00487	0.00470
16	0.06342	0.06246	0.50467	0.04490	0.02952	0.01709	0.05661	0.02352	0.01551	0.07545	0.01393	0.01608	0.00993	0.00717	0.00728	0.00230	0.03051	0.00560	0.00365	0.01041
17	0.01818	0.01396	0.01535	0.01370	0.01739	0.01541	0.01072	0.13246	0.37450	0.06090	0.03149	0.08643	0.07664	0.01269	0.00888	0.04471	0.00593	0.04348	0.00708	0.01012
18	0.00898	0.00642	0.00855	0.01004	0.01057	0.00599	0.00676	0.01043	0.01449	0.01947	0.09673	0.68052	0.04985	0.02209	0.00922	0.00289	0.00415	0.02001	0.00686	0.00599
19	0.00934	0.00678	0.00884	0.00985	0.01080	0.00628	0.00694	0.01128	0.01589	0.02140	0.20354	0.48901	0.09953	0.02037	0.00909	0.00277	0.00411	0.05091	0.00705	0.00620
20	0.06692	0.01862	0.02755	0.04014	0.59638	0.07956	0.02068	0.02285	0.01665	0.02376	0.01324	0.01717	0.01110	0.00658	0.00697	0.00214	0.00885	0.00616	0.00367	0.01101
21	0.01149	0.00767	0.00894	0.00875	0.00912	0.00783	0.00534	0.04358	0.01184	0.01587	0.02233	0.06827	0.02509	0.59447	0.06891	0.06324	0.00758	0.01029	0.00452	0.00487
22	0.02820	0.01765	0.01981	0.01526	0.02083	0.01874	0.01258	0.47923	0.02983	0.21275	0.02062	0.01979	0.01411	0.00878	0.00717	0.00217	0.00731	0.00675	0.04632	0.01209
23	0.00907	0.00725	0.00811	0.00818	0.01018	0.00630	0.00603	0.01125	0.01728	0.02199	0.23198	0.15013	0.45058	0.01803	0.00867	0.00247	0.00368	0.01544	0.00708	0.00630
24	0.01916	0.71452	0.03664	0.01218	0.01818	0.02774	0.01210	0.02154	0.01479	0.01757	0.01074	0.01238	0.00976	0.00632	0.00468	0.00156	0.00757	0.00402	0.03934	0.00921
25	0.01727	0.01653	0.02820	0.16011	0.58934	0.01708	0.02195	0.02168	0.01621	0.02287	0.01355	0.01823	0.01121	0.00661	0.00721	0.00220	0.00881	0.00647	0.00354	0.01093
26	0.01373	0.01292	0.02180	0.72707	0.05006	0.01615	0.02019	0.01857	0.01453	0.01857	0.01292	0.01938	0.00969	0.00727	0.00727	0.00242	0.00969	0.00646	0.00323	0.00807
27	0.01507	0.01292	0.01507	0.01077	0.01723	0.00969	0.00861	0.01830	0.01507	0.02369	0.01292	0.01507	0.01077	0.00538	0.00538	0.00108	0.00538	0.00431	0.00431	0.78898
28	0.01799	0.01727	0.02950	0.04462	0.69919	0.01727	0.02231	0.02231	0.01655	0.02375	0.01367	0.01799	0.01151	0.00648	0.00720	0.00216	0.00864	0.00648	0.00360	0.01151
29	0.01029	0.00743	0.00972	0.00914	0.01086	0.00686	0.00686	0.01372	0.02058	0.02915	0.69536	0.05430	0.06859	0.01486	0.00857	0.00229	0.00343	0.01315	0.00800	0.00686
30	0.01373	0.01292	0.02180	0.72707	0.05006	0.01615	0.02019	0.01857	0.01453	0.01857	0.01292	0.01938	0.00969	0.00727	0.00727	0.00242	0.00969	0.00646	0.00323	0.00807
31	0.01572	0.01495	0.02539	0.40884	0.35276	0.01667	0.02118	0.02031	0.01548	0.02099	0.01327	0.01873	0.01054	0.00690	0.00723	0.00230	0.00920	0.00647	0.00340	0.00968
32	0.05291	0.00764	0.00752	0.00728	0.00926	0.00783	0.00554	0.04139	0.01580	0.02806	0.02281	0.02599	0.01787	0.00839	0.00513	0.00174	0.00367	0.00663	0.71751	0.00704
33	0.03229	0.01289	0.01719	0.01318	0.01882	0.01146	0.01089	0.07719	0.02168	0.66123	0.02794	0.02427	0.01763	0.00898	0.00731	0.00224	0.00630	0.00726	0.00888	0.01237
34	0.01617	0.01765	0.03585	0.02644	0.03191	0.01779	0.49115	0.02117	0.01627	0.02257	0.06377	0.04578	0.01618	0.00843	0.01119	0.00258	0.13301	0.00894	0.00401	0.00915
35	0.01744	0.40069	0.29096	0.01568	0.02328	0.02219	0.01784	0.02219	0.01532	0.04129	0.01386	0.01855	0.01190	0.00757	0.00599	0.00199	0.00878	0.05117	0.00354	0.00977
36	0.04329	0.00884	0.00977	0.00903	0.01130	0.00929	0.00698	0.08331	0.01655	0.05842	0.02208	0.02636	0.01775	0.03942	0.12726	0.00366	0.00691	0.00697	0.48531	0.00751
37	0.00919	0.00672	0.00854	0.00967	0.01054	0.00621	0.00669	0.01079	0.01493	0.01972	0.11239	0.50720	0.13888	0.05997	0.01063	0.00305	0.00433	0.04778	0.00675	0.00599
38	0.01281	0.02714	0.46914	0.01686	0.02435	0.01328	0.01997	0.01911	0.01585	0.02294	0.10966	0.14327	0.05306	0.01108	0.00759	0.00241	0.00839	0.00936	0.00449	0.00923
39	0.02017	0.01979	0.02482	0.05413	0.38961	0.12520	0.01824	0.08600	0.13989	0.02590	0.01650	0.01889	0.01314	0.00748	0.00714	0.00218	0.00878	0.00652	0.00463	0.01101
40	0.01170	0.00755	0.00978	0.00941	0.01097	0.00700	0.00678	0.01427	0.01815	0.07406	0.44909	0.16344	0.05588	0.11443	0.01244	0.00304	0.00425	0.01361	0.00738	0.00677
41	0.01022	0.00692	0.00808	0.00840	0.00854	0.00682	0.00494	0.01058	0.01154	0.01544	0.04712	0.18450	0.03201	0.57938	0.03064	0.00609	0.00638	0.01264	0.00498	0.00478
42	0.12311	0.01725	0.02552	0.05989	0.51333	0.04703	0.01924	0.02329	0.04041	0.04295	0.01404	0.01751	0.01143	0.00677	0.00682	0.00218	0.00829	0.00614	0.00399	0.01080
43	0.02583	0.01848	0.02002	0.01560	0.02097	0.02012	0.01279	0.56854	0.03145	0.07793	0.02293	0.04823	0.06329	0.00996	0.00744	0.00223	0.00745	0.00774	0.00731	0.01168
44	0.00981	0.00678	0.00810	0.00876	0.00903	0.00656	0.00537	0.01039	0.01215	0.01609	0.03194	0.31833	0.06591	0.42965	0.02488	0.00524	0.00579	0.01472	0.00543	0.00507
45	0.07960	0.04113	0.10200	0.20931	0.13366	0.01747	0.22206	0.02122	0.01560	0.02261	0.03111	0.01875	0.01171	0.00708	0.00796	0.00236	0.03647	0.00689	0.00363	0.00939
46	0.02549	0.01820	0.02002	0.01568	0.02072	0.02018	0.01290	0.53673	0.03008	0.07232	0.01818	0.01897	0.01324	0.01117	0.04300	0.00266	0.03931	0.00665	0.06301	0.01148
47	0.08089	0.01864	0.02022	0.06225	0.02308	0.02082	0.01341	0.52413	0.06830	0.04120	0.01815	0.04383	0.01372	0.00906	0.00715	0.00225	0.00767	0.00696	0.00680	0.01148
48	0.02168	0.04035	0.01832	0.01634	0.06770	0.01642	0.01216	0.14420	0.29335	0.16314	0.02753	0.06367	0.03883	0.01039	0.00747	0.00238	0.00641	0.03135	0.00719	0.01114
49	0.01039	0.00755	0.00987	0.00960	0.01134	0.00702	0.00741	0.01374	0.01992	0.02781	0.58593	0.05846	0.09226	0.01567	0.00876	0.00243	0.00385	0.09339	0.00778	0.00681
50	0.01525	0.01192	0.01519	0.01798	0.16418	0.03595	0.01117	0.01994	0.09016	0.09653	0.10579	0.09976	0.23783	0.01351	0.00805	0.00240	0.00573	0.03356	0.00638	0.00873
51	0.01863	0.01995	0.06186	0.03948	0.56217	0.08736	0.02137	0.02276	0.01661	0.02278	0.01318	0.01726	0.01108	0.00693	0.00800	0.00219	0.04761	0.00624	0.00356	0.01098
52	0.01715	0.05278	0.38916	0.02846	0.26649	0.01753	0.02362	0.05672	0.01688	0.04411	0.01385	0.01654	0.01045	0.00689	0.00696	0.00222	0.00962	0.00583	0.00365	0.01110
53	0.03136	0.01288	0.01703	0.01312	0.01862	0.01157	0.01081	0.08992	0.02195	0.62243	0.05226	0.02520	0.01937	0.00919	0.00735	0.00224	0.00624	0.00746	0.00881	0.01217
54	0.17257	0.01917	0.01971	0.01537	0.02094	0.02137	0.01269	0.55165	0.03006	0.04332	0.01607	0.01639	0.01151	0.00835	0.00675	0.00219	0.00755	0.00605	0.00675	0.01151
55	0.01877	0.04475	0.06431	0.06150	0.51953	0.10205	0.02098	0.02289	0.01671	0.02243	0.01309	0.01704	0.01095	0.00680	0.00746	0.00215	0.02813	0.00611	0.00355	0.01082
56	0.01442	0.01116	0.01393	0.11166	0.01943	0.01210	0.01060	0.15128	0.09238	0.02548	0.03048	0.41230	0.03253	0.01630	0.00838	0.00267	0.00593	0.01441	0.00644	0.00815
57	0.00980	0.00738	0.00895	0.00871	0.01051	0.00667	0.00647	0.01251	0.01855	0.02501	0.43729	0.08228	0.24952	0.05396	0.01011	0.00263	0.00381	0.03200	0.00737	0.00648
58	0.01041	0.00810	0.01020	0.01082	0.01164	0.02830	0.00774	0.01201	0.01307	0.01751	0.03079	0.33585	0.05672	0.13542	0.22486	0.00613	0.03204	0.03701	0.00536	0.00604
59	0.04567	0.01725	0.01962	0.01669	0.05520	0.01859	0.01285	0.46069	0.02831	0.11321	0.02071	0.09319	0.01672	0.01168	0.03283	0.00261	0.00779	0.00806	0.00702	0.01132
60	0.01202	0.01106	0.08298	0.01307	0.03923	0.00863	0.01011	0.04760	0.01563	0.05475	0.03451	0.54644	0.03918	0.01904	0.00878	0.00279	0.00542	0.03509	0.00639	0.00729
61	0.00921	0.00664	0.00817	0.00924	0.00984	0.00620	0.00604	0.01027	0.01352	0.01768	0.04080	0.48790	0.13321	0.18772	0.01554	0.00382	0.00479	0.01761	0.00621	0.00559
62	0.01728	0.02150	0.17044	0.03964	0.56027	0.01719	0.02325	0.02246	0.01630	0.02360	0.01354	0.01744	0.01103	0.00657	0.00714	0.00219	0.00907	0.00625	0.00349	0.01135
63	0.11273	0.10507	0.13447	0.06719	0.08647	0.09518	0.01609	0.17529	0.09017	0.02873	0.01497	0.01651	0.01141	0.00759	0.00652	0.00215	0.00863	0.00570	0.00480	0.01033
64	0.01490	0.01349	0.01549	0.01395	0.01576	0.10978	0.04579	0.01758	0.01395	0.01989	0.01715	0.02313	0.01500	0.02636	0.27649	0.00581	0.15252	0.00688	0.18881	0.00729
65	0.01345	0.01164	0.03770	0.05195	0.09501	0.01126	0.01288	0.04841	0.08319	0.02342	0.03667	0.08290	0.12418	0.01579	0.00886	0.00285	0.00666	0.31897	0.00615	0.00808
66	0.02004	0.05628	0.01841	0.03879	0.05548	0.01355	0.01108	0.10388	0.05829	0.14562	0.01802	0.04214	0.01408	0.00745	0.00633	0.00170	0.00629	0.00606	0.00562	0.37091
67	0.01042	0.00778	0.00957	0.01011	0.01148	0.00750	0.00718	0.04107	0.05225	0.02270	0.17936	0.44618	0.12836	0.01930	0.00886	0.00269	0.00423	0.01718	0.00707	0.00671
68	0.02651	0.01128	0.01504	0.01231	0.01678	0.01011	0.00985	0.03018	0.05813	0.51060	0.09029	0.12566	0.02692	0.01146	0.00770	0.00236	0.00564	0.00972	0.00851	0.01094
69	0.05454	0.00994	0.01221	0.01265	0.04991	0.00997	0.00910	0.10437	0.01949	0.02722	0.24879	0.20129	0.10738	0.01583	0.00843	0.00255	0.00503	0.08675	0.00693	0.00762
70	0.01791	0.11604	0.16465	0.05060	0.30995	0.01855	0.01954	0.02563	0.13435	0.04880	0.01642	0.01854	0.01283	0.00725	0.00685	0.00217	0.00838	0.00625	0.00429	0.01100
71	0.00959	0.00699	0.00914	0.01066	0.01138	0.00676	0.00744	0.01204	0.04884	0.01946	0.03938	0.64349	0.04618	0.02186	0.00925	0.00296	0.00452	0.07702	0.00678	0.00626
72	0.08041	0.01924	0.01949	0.03626	0.02150	0.06607	0.01283	0.46047	0.08702	0.03939	0.05375	0.02081	0.03181	0.00911	0.00713	0.00221	0.00768	0.00693	0.00676	0.01115
73	0.02445	0.03624	0.05286	0.04116	0.02135	0.01664	0.01306	0.22058	0.17256	0.23371	0.02444	0.02625	0.01802	0.00967	0.00742	0.00235	0.00705	0.05343	0.00730	0.01144

[dist]
# distance from previous block
# <min> <max>
6	15

[block]
# block no. 7 follows, 28 sequences, length 78
# corresponding to MSA columns:
# 264-341
name=unknown_H
#
# <colnr> <probs for GDERKNQSTAVLIFYWHMCP>
#	G	D	E	R	K	N	Q	S	T	A	V	L	I	F	Y	W	H	M	C	P
0	0.01572	0.05235	0.54584	0.04663	0.07203	0.05465	0.06708	0.02313	0.01578	0.02250	0.01301	0.01571	0.00949	0.00686	0.00697	0.00227	0.01073	0.00561	0.00318	0.01048
1	0.01984	0.02274	0.02534	0.02100	0.02352	0.25046	0.13067	0.02232	0.01532	0.01861	0.01101	0.01563	0.00974	0.00984	0.01546	0.00262	0.36781	0.00620	0.00345	0.00843
2	0.01472	0.01133	0.01904	0.01607	0.01920	0.01075	0.17758	0.06215	0.01702	0.09149	0.04827	0.41532	0.03365	0.01595	0.00874	0.00268	0.00671	0.01505	0.00626	0.00803
3	0.01635	0.18869	0.52423	0.01884	0.02821	0.06055	0.02304	0.02311	0.01553	0.02145	0.01231	0.01443	0.00924	0.00679	0.00641	0.00212	0.01025	0.00502	0.00312	0.01031
4	0.05441	0.00859	0.01076	0.00972	0.01205	0.00802	0.00727	0.01752	0.01850	0.15332	0.40201	0.07822	0.06635	0.10728	0.01180	0.00292	0.00457	0.01166	0.00746	0.00757
5	0.01200	0.00718	0.00960	0.01041	0.01159	0.00658	0.00726	0.01361	0.01526	0.10705	0.08395	0.60084	0.04565	0.02046	0.00898	0.00282	0.00441	0.01844	0.00712	0.00680
6	0.01535	0.01521	0.02246	0.01902	0.01968	0.02046	0.06056	0.01737	0.01161	0.01782	0.01106	0.01764	0.01065	0.01714	0.10349	0.00412	0.59848	0.00668	0.00330	0.00791
7	0.01377	0.00986	0.01287	0.05838	0.01665	0.01010	0.01050	0.10490	0.01970	0.04446	0.20953	0.15662	0.04316	0.01641	0.00891	0.00276	0.00582	0.24101	0.00697	0.00764
8	0.00901	0.00644	0.00861	0.01030	0.01078	0.00604	0.00701	0.01039	0.01407	0.01873	0.03998	0.70460	0.04774	0.02263	0.00932	0.00297	0.00435	0.05435	0.00674	0.00595
9	0.04738	0.05561	0.02086	0.01829	0.02213	0.67607	0.01383	0.02860	0.02020	0.01816	0.01117	0.01303	0.00932	0.00743	0.00644	0.00187	0.01275	0.00464	0.00375	0.00844
10	0.00966	0.00712	0.00904	0.00917	0.01063	0.00650	0.00665	0.01228	0.01820	0.02493	0.43009	0.24508	0.14869	0.01752	0.00877	0.00249	0.00368	0.01551	0.00749	0.00650
11	0.00977	0.00731	0.00914	0.00980	0.01104	0.00692	0.00691	0.01285	0.05569	0.02237	0.22814	0.42542	0.12893	0.01927	0.00889	0.00268	0.00402	0.01718	0.00714	0.00653
12	0.01964	0.01917	0.02490	0.08128	0.40619	0.11734	0.01849	0.10625	0.03874	0.02529	0.01810	0.02094	0.05578	0.00784	0.00721	0.00217	0.00886	0.00685	0.00438	0.01059
13	0.01380	0.00925	0.01201	0.01115	0.01325	0.00898	0.00831	0.01583	0.01554	0.10825	0.12953	0.30758	0.05771	0.05931	0.01156	0.00276	0.08150	0.01331	0.00637	0.11399
14	0.01637	0.01090	0.01260	0.01130	0.01453	0.01092	0.00873	0.06278	0.18255	0.13786	0.16837	0.11713	0.18821	0.01396	0.00808	0.00243	0.00487	0.01189	0.00755	0.00897
15	0.01220	0.00786	0.00964	0.00912	0.01139	0.00696	0.00686	0.01478	0.01851	0.10443	0.33598	0.13548	0.26691	0.01626	0.00851	0.00241	0.00393	0.01405	0.00756	0.00716
16	0.01520	0.01331	0.01671	0.01194	0.01845	0.01020	0.04773	0.01860	0.01520	0.02366	0.01303	0.01534	0.01078	0.00543	0.00557	0.00116	0.00579	0.00456	0.00427	0.74308
17	0.01206	0.00991	0.01194	0.01166	0.01273	0.05501	0.00871	0.01399	0.01236	0.01718	0.02033	0.07599	0.02039	0.17314	0.39567	0.00830	0.07485	0.00876	0.05069	0.00632
18	0.00884	0.00638	0.00838	0.00998	0.01051	0.00592	0.00669	0.01014	0.01405	0.01861	0.04177	0.70568	0.08109	0.02255	0.00924	0.00293	0.00419	0.02039	0.00675	0.00592
19	0.02500	0.01875	0.02052	0.05138	0.02288	0.02062	0.01337	0.53218	0.08347	0.04133	0.01811	0.01847	0.01311	0.00854	0.00710	0.00214	0.00761	0.00655	0.03064	0.05824
20	0.02074	0.06290	0.01709	0.01398	0.06046	0.01222	0.01051	0.06325	0.05560	0.24668	0.20671	0.03173	0.03054	0.01016	0.00731	0.00210	0.00570	0.02787	0.00712	0.10733
21	0.01759	0.01750	0.04833	0.04185	0.63769	0.01693	0.02159	0.02242	0.03602	0.02379	0.01604	0.01984	0.03366	0.00697	0.00724	0.00218	0.00846	0.00678	0.00379	0.01132
22	0.01116	0.09031	0.05381	0.00989	0.01278	0.00974	0.00847	0.01422	0.01798	0.02395	0.35107	0.05286	0.22787	0.03964	0.00910	0.00247	0.00471	0.04627	0.00664	0.00707
23	0.04042	0.01712	0.01893	0.16491	0.07546	0.09292	0.01392	0.24436	0.04429	0.03001	0.06599	0.02618	0.09280	0.00959	0.00729	0.00223	0.00790	0.00773	0.02833	0.00961
24	0.04586	0.01723	0.11556	0.01579	0.05102	0.01459	0.03091	0.22421	0.02115	0.06408	0.06076	0.14135	0.02238	0.07991	0.01024	0.00273	0.00721	0.00933	0.00589	0.05980
25	0.01757	0.01776	0.05999	0.13016	0.56485	0.01726	0.02200	0.04105	0.01675	0.02370	0.01366	0.01803	0.01120	0.00666	0.00719	0.00220	0.00885	0.00642	0.00363	0.01106
26	0.01136	0.00810	0.00991	0.00959	0.01169	0.00755	0.00730	0.01520	0.05849	0.05713	0.37562	0.11694	0.21023	0.01617	0.00860	0.00246	0.00404	0.05497	0.00752	0.00713
27	0.00923	0.00662	0.00848	0.00970	0.01032	0.00620	0.00653	0.01057	0.01416	0.01879	0.07923	0.54277	0.09118	0.11429	0.01276	0.00341	0.00458	0.03884	0.00652	0.00581
28	0.02419	0.01643	0.01905	0.01658	0.06341	0.01747	0.01253	0.40619	0.04521	0.12978	0.06185	0.09043	0.02030	0.01035	0.00748	0.00226	0.00696	0.00844	0.02990	0.01118
29	0.01532	0.03268	0.53019	0.02431	0.07894	0.01720	0.15283	0.02302	0.01578	0.02312	0.01341	0.01636	0.00972	0.00672	0.00725	0.00232	0.01089	0.00607	0.00322	0.01061
30	0.00928	0.00670	0.00883	0.01017	0.01096	0.00626	0.00716	0.01102	0.01510	0.02016	0.11893	0.56390	0.08293	0.02137	0.00923	0.00288	0.00433	0.07780	0.00689	0.00610
31	0.01265	0.01049	0.01281	0.03326	0.01452	0.05204	0.04784	0.01515	0.01539	0.02171	0.08318	0.22972	0.11899	0.01452	0.00956	0.00244	0.09083	0.01219	0.19578	0.00691
32	0.03703	0.02195	0.18444	0.03755	0.49549	0.01721	0.05611	0.02250	0.01620	0.02378	0.01349	0.01731	0.01087	0.00656	0.00713	0.00221	0.00922	0.00627	0.00350	0.01116
33	0.00996	0.00722	0.00917	0.01035	0.01122	0.00691	0.00710	0.04980	0.01528	0.02025	0.04069	0.65725	0.08412	0.02168	0.00912	0.00288	0.00441	0.01951	0.00678	0.00630
34	0.01068	0.00781	0.01000	0.01079	0.01224	0.00757	0.00845	0.01363	0.03570	0.02160	0.15399	0.17539	0.12551	0.10458	0.01259	0.00340	0.00538	0.26761	0.00668	0.00640
35	0.20827	0.06863	0.01943	0.09728	0.02272	0.08297	0.01279	0.21228	0.08498	0.06371	0.01540	0.01673	0.01156	0.00812	0.00722	0.00224	0.04461	0.00574	0.00541	0.00991
36	0.02435	0.01718	0.01886	0.01466	0.01997	0.01814	0.01189	0.43107	0.07370	0.09629	0.01918	0.02039	0.01429	0.04774	0.00855	0.00231	0.00713	0.00666	0.03433	0.11330
37	0.01573	0.04309	0.13224	0.19188	0.09853	0.01764	0.25246	0.02109	0.01563	0.02143	0.01465	0.02155	0.01196	0.00782	0.00907	0.00247	0.06840	0.04140	0.00358	0.00937
38	0.01487	0.01052	0.01149	0.01017	0.01184	0.01101	0.00692	0.18284	0.01708	0.02268	0.02476	0.04120	0.06597	0.50692	0.02746	0.00549	0.00708	0.00983	0.00530	0.00658
