[name]
unknown

[dist]
# distance from previous block
# <min> <max>
5	93

[block]
# block no. 0 follows, 27 sequences, length 11
# corresponding to MSA columns:
# 114-124
name=unknown_A
#
# <colnr> <probs for GDERKNQSTAVLIFYWHMCP>
#	G	D	E	R	K	N	Q	S	T	A	V	L	I	F	Y	W	H	M	C	P
0	0.01273	0.00932	0.01228	0.01180	0.01341	0.01035	0.00887	0.09698	0.01497	0.02078	0.02254	0.10983	0.02257	0.15560	0.43290	0.00892	0.01459	0.00972	0.00483	0.00699
1	0.02238	0.09704	0.01892	0.01325	0.01808	0.01581	0.01083	0.16486	0.11687	0.18653	0.06655	0.06991	0.02162	0.03247	0.00805	0.00229	0.00638	0.00807	0.02900	0.09110
2	0.00948	0.00646	0.00873	0.01026	0.01064	0.00608	0.00684	0.01026	0.01370	0.01827	0.03778	0.65450	0.04504	0.02354	0.01166	0.09054	0.00455	0.01946	0.00648	0.00572
3	0.01040	0.00747	0.00969	0.00934	0.01087	0.00693	0.00683	0.01349	0.01977	0.02784	0.59015	0.11298	0.06545	0.06307	0.01071	0.00271	0.00381	0.01391	0.00782	0.00676
4	0.01837	0.01984	0.02699	0.04961	0.02590	0.13612	0.18125	0.04113	0.01547	0.02032	0.01252	0.01787	0.01085	0.01319	0.06704	0.00342	0.32083	0.00690	0.00366	0.00872
5	0.01025	0.00766	0.01080	0.01354	0.06217	0.00733	0.00897	0.01215	0.01492	0.01992	0.03863	0.56634	0.04520	0.02154	0.00946	0.00303	0.00509	0.12976	0.00664	0.00660
6	0.00990	0.00791	0.00895	0.00915	0.01112	0.00728	0.00668	0.01340	0.06804	0.02238	0.17387	0.23340	0.36383	0.01860	0.00885	0.00261	0.00402	0.01608	0.00717	0.00676
7	0.08820	0.01331	0.02118	0.65338	0.04762	0.01651	0.01942	0.01924	0.01463	0.02034	0.01292	0.01905	0.00972	0.00737	0.00715	0.00246	0.00950	0.00635	0.00342	0.00823
8	0.02135	0.01345	0.06549	0.01311	0.01744	0.01160	0.01116	0.07496	0.07642	0.28173	0.12618	0.09804	0.04726	0.01679	0.08655	0.00347	0.00761	0.00981	0.00745	0.01012
9	0.02319	0.01333	0.01481	0.01204	0.01617	0.01383	0.00972	0.26823	0.02405	0.16897	0.02280	0.02345	0.01647	0.00886	0.00649	0.00203	0.00582	0.00694	0.33257	0.01023
10	0.12069	0.01631	0.01694	0.01461	0.01924	0.01848	0.01160	0.13792	0.44748	0.07684	0.02560	0.02394	0.01889	0.00942	0.00715	0.00243	0.00625	0.00749	0.00726	0.01147

[dist]
# distance from previous block
# <min> <max>
0	1

[block]
# block no. 1 follows, 27 sequences, length 20
# corresponding to MSA columns:
# 126-145
name=unknown_B
#
# <colnr> <probs for GDERKNQSTAVLIFYWHMCP>
#	G	D	E	R	K	N	Q	S	T	A	V	L	I	F	Y	W	H	M	C	P
0	0.02447	0.17532	0.09183	0.01837	0.02383	0.38832	0.04671	0.10539	0.02085	0.02232	0.01237	0.01418	0.01000	0.00742	0.00653	0.00196	0.01138	0.00511	0.00406	0.00958
1	0.04495	0.00886	0.01211	0.06936	0.01565	0.00999	0.00959	0.01287	0.01358	0.01927	0.03099	0.47777	0.03574	0.02287	0.07715	0.00381	0.10718	0.01590	0.00572	0.00665
2	0.60267	0.03500	0.01365	0.01239	0.04991	0.04309	0.00944	0.05219	0.01474	0.05967	0.01228	0.01390	0.00943	0.00715	0.00509	0.00223	0.00629	0.00457	0.03764	0.00864
3	0.01297	0.00820	0.01074	0.01049	0.01173	0.00868	0.00766	0.06548	0.01429	0.02053	0.05035	0.10900	0.02275	0.06670	0.21396	0.22423	0.00962	0.00917	0.11742	0.00604
4	0.01428	0.13021	0.07326	0.04510	0.01743	0.01483	0.01144	0.04778	0.01591	0.02183	0.14808	0.06265	0.04861	0.13580	0.05014	0.00361	0.09757	0.00899	0.00496	0.04752
5	0.02519	0.01961	0.02118	0.01856	0.08044	0.05537	0.01380	0.48053	0.04745	0.03985	0.01790	0.01966	0.01355	0.04048	0.00854	0.00237	0.00807	0.00674	0.04401	0.03668
6	0.01369	0.01129	0.01401	0.04269	0.01552	0.03614	0.01006	0.04799	0.01405	0.01997	0.02102	0.13660	0.02161	0.14678	0.16131	0.00532	0.15803	0.00969	0.07054	0.04370
7	0.54828	0.01250	0.01017	0.00930	0.01312	0.01421	0.00749	0.02156	0.04804	0.03172	0.01499	0.01695	0.01167	0.00752	0.00490	0.00216	0.00515	0.00500	0.20733	0.00794
8	0.01543	0.02074	0.17279	0.14904	0.09373	0.01660	0.25017	0.02116	0.01649	0.02295	0.06977	0.05286	0.01703	0.00841	0.00871	0.00248	0.03976	0.00832	0.00401	0.00956
9	0.01752	0.02003	0.04380	0.03129	0.03880	0.01877	0.66583	0.02378	0.01752	0.02378	0.01502	0.02003	0.01126	0.00626	0.00876	0.00250	0.01252	0.00876	0.00375	0.01001
10	0.00904	0.00646	0.00861	0.01034	0.01077	0.00603	0.00689	0.01034	0.01421	0.01895	0.04092	0.73426	0.04910	0.02326	0.00948	0.00301	0.00431	0.02110	0.00689	0.00603
11	0.01629	0.01654	0.02508	0.05055	0.02300	0.02203	0.08936	0.01858	0.01221	0.01858	0.01048	0.01682	0.00992	0.01200	0.02189	0.00313	0.61514	0.00676	0.00331	0.00834
12	0.14100	0.01422	0.01454	0.01204	0.01618	0.01547	0.00972	0.27581	0.05204	0.07103	0.02008	0.02126	0.01494	0.00857	0.00620	0.00208	0.00592	0.00647	0.28259	0.00984
13	0.01144	0.00848	0.01202	0.01185	0.01303	0.00998	0.00920	0.01400	0.01255	0.01883	0.02121	0.08489	0.02026	0.04273	0.49397	0.00902	0.08323	0.00874	0.10782	0.00676
14	0.01351	0.00841	0.00997	0.00910	0.01190	0.00730	0.00699	0.01610	0.01903	0.13803	0.27449	0.05824	0.36708	0.01595	0.00855	0.00241	0.00411	0.01352	0.00771	0.00759
15	0.01052	0.00775	0.00969	0.01053	0.01169	0.00748	0.00736	0.04555	0.04013	0.02222	0.12167	0.54061	0.09528	0.02073	0.00916	0.00284	0.00442	0.01857	0.00710	0.00671
16	0.01682	0.01634	0.02865	0.27327	0.41888	0.01735	0.07761	0.02158	0.01626	0.02242	0.01379	0.01900	0.01109	0.00686	0.00750	0.00232	0.00950	0.00679	0.00355	0.01042
17	0.02411	0.01900	0.02128	0.07394	0.02386	0.04436	0.01433	0.45939	0.02797	0.03745	0.01655	0.01928	0.01275	0.03676	0.04615	0.00302	0.09581	0.00680	0.00619	0.01101
18	0.79154	0.01436	0.01091	0.00976	0.01436	0.01665	0.00804	0.02182	0.01263	0.03331	0.01034	0.01206	0.00804	0.00689	0.00459	0.00230	0.00574	0.00402	0.00459	0.00804
19	0.01074	0.00743	0.00928	0.00928	0.00968	0.00784	0.00597	0.01155	0.01114	0.01527	0.02231	0.04261	0.02440	0.52904	0.24430	0.00865	0.01110	0.00992	0.00434	0.00515

[dist]
# distance from previous block
# <min> <max>
1	3

[block]
# block no. 2 follows, 27 sequences, length 66
# corresponding to MSA columns:
# 149-214
name=unknown_C
#
# <colnr> <probs for GDERKNQSTAVLIFYWHMCP>
#	G	D	E	R	K	N	Q	S	T	A	V	L	I	F	Y	W	H	M	C	P
0	0.02521	0.12810	0.04874	0.01867	0.02306	0.50123	0.03576	0.05390	0.01992	0.01961	0.01166	0.01384	0.00974	0.00778	0.00761	0.00200	0.05533	0.00501	0.00382	0.00900
1	0.01308	0.00973	0.01146	0.01047	0.01308	0.00964	0.00802	0.04754	0.13143	0.05096	0.42350	0.05083	0.16229	0.01446	0.00846	0.00239	0.00424	0.01246	0.00785	0.00811
2	0.01163	0.00888	0.01199	0.12909	0.01686	0.01004	0.00870	0.01300	0.01170	0.01584	0.02028	0.03858	0.02168	0.45934	0.14311	0.00695	0.05313	0.00936	0.00414	0.00570
3	0.01019	0.00747	0.00955	0.00927	0.01095	0.00683	0.00686	0.01330	0.01991	0.02771	0.56221	0.12716	0.12818	0.01636	0.00883	0.00242	0.00361	0.01444	0.00792	0.00683
4	0.08969	0.01898	0.02029	0.01600	0.02153	0.02091	0.01321	0.51563	0.06682	0.07877	0.01953	0.02142	0.01454	0.00937	0.00734	0.00231	0.00768	0.03679	0.00727	0.01193
5	0.02154	0.02094	0.01829	0.01623	0.02050	0.18027	0.01258	0.09579	0.46548	0.02951	0.02468	0.02343	0.01867	0.00940	0.00734	0.00235	0.00784	0.00739	0.00667	0.01110
6	0.03099	0.01522	0.01869	0.01445	0.02017	0.01489	0.01190	0.22221	0.06153	0.46967	0.02597	0.02321	0.01692	0.00916	0.00746	0.00229	0.00684	0.00729	0.00858	0.01258
7	0.00925	0.00658	0.00873	0.01038	0.01085	0.00619	0.00700	0.01057	0.01418	0.01889	0.04007	0.67579	0.04784	0.05500	0.01077	0.00322	0.00454	0.04736	0.00678	0.00600
8	0.01047	0.00775	0.00996	0.01047	0.01220	0.00724	0.00829	0.01339	0.01824	0.02433	0.29529	0.14368	0.17693	0.01845	0.00931	0.00278	0.00469	0.21247	0.00737	0.00670
9	0.04755	0.02389	0.02237	0.24535	0.11626	0.30816	0.01717	0.09059	0.01969	0.02263	0.01295	0.01647	0.01021	0.00755	0.00701	0.00217	0.01091	0.00576	0.00403	0.00928
10	0.01124	0.00759	0.00859	0.00853	0.00875	0.00763	0.00496	0.03190	0.01179	0.01573	0.02433	0.09134	0.02794	0.66995	0.03500	0.00677	0.00704	0.01132	0.00475	0.00486
11	0.01087	0.00835	0.01244	0.01229	0.01355	0.00992	0.00961	0.01348	0.01190	0.01726	0.01940	0.02855	0.01814	0.05365	0.67716	0.01152	0.05337	0.00788	0.00394	0.00670
12	0.01426	0.01095	0.01588	0.10961	0.13774	0.01099	0.01201	0.04549	0.01980	0.06424	0.37205	0.04206	0.09039	0.01230	0.00820	0.00234	0.00566	0.01086	0.00667	0.00851
13	0.01683	0.01667	0.05624	0.15819	0.35345	0.01674	0.01929	0.02475	0.14844	0.02477	0.04727	0.02466	0.01728	0.00841	0.00757	0.00238	0.00822	0.03349	0.00468	0.01067
14	0.01556	0.01204	0.01437	0.01474	0.07464	0.01245	0.01018	0.16119	0.07699	0.02700	0.07139	0.11142	0.15102	0.13763	0.01338	0.00334	0.00629	0.07152	0.00644	0.00841
15	0.05424	0.23174	0.19393	0.06134	0.02732	0.04383	0.13432	0.03994	0.01636	0.02245	0.04966	0.01766	0.01320	0.00763	0.00784	0.00220	0.05677	0.00615	0.00376	0.00964
16	0.02116	0.01548	0.01714	0.01443	0.01828	0.01674	0.01127	0.42222	0.02697	0.03611	0.02541	0.24466	0.02494	0.05704	0.00988	0.00277	0.00690	0.01146	0.00708	0.01007
17	0.00963	0.00697	0.00872	0.00966	0.01047	0.00644	0.00642	0.01092	0.01423	0.01898	0.07496	0.49384	0.09918	0.15097	0.01435	0.00363	0.00478	0.01781	0.00645	0.03159
18	0.04987	0.14725	0.17524	0.05130	0.04355	0.08560	0.06494	0.10903	0.06271	0.04850	0.03269	0.01845	0.01338	0.00775	0.00670	0.00214	0.00894	0.00614	0.05565	0.01016
19	0.05795	0.34653	0.05231	0.01761	0.05796	0.16119	0.03595	0.07218	0.01744	0.02140	0.01151	0.01388	0.00990	0.00760	0.00785	0.00201	0.08848	0.00497	0.00375	0.00954
20	0.03331	0.01263	0.01723	0.01321	0.01895	0.01091	0.01091	0.03618	0.02125	0.69794	0.02929	0.02527	0.01838	0.00919	0.00747	0.00230	0.00632	0.00747	0.00919	0.01263
21	0.04192	0.07126	0.02506	0.06181	0.02273	0.02174	0.07599	0.01875	0.01250	0.01894	0.01093	0.01687	0.01019	0.01309	0.04806	0.00333	0.50862	0.00650	0.00337	0.00835
22	0.02022	0.01996	0.02951	0.06543	0.41186	0.11519	0.11552	0.02439	0.01757	0.06357	0.01452	0.01832	0.01163	0.00711	0.00803	0.00226	0.03333	0.00672	0.00401	0.01084
23	0.01033	0.00690	0.00922	0.01048	0.01130	0.00641	0.00724	0.01196	0.01524	0.04944	0.10053	0.61899	0.04950	0.02181	0.00935	0.00293	0.00440	0.04041	0.00711	0.00643
24	0.01080	0.00720	0.00810	0.00810	0.00810	0.00720	0.00450	0.01080	0.01080	0.01439	0.02339	0.04858	0.02699	0.73910	0.03779	0.00720	0.00720	0.01080	0.00450	0.00450
25	0.01739	0.53269	0.06839	0.01238	0.01791	0.02347	0.01218	0.02038	0.01650	0.02068	0.16928	0.02230	0.02368	0.00845	0.00582	0.00180	0.00707	0.00627	0.00434	0.00902
26	0.01489	0.03840	0.70064	0.02116	0.03213	0.01724	0.02743	0.02351	0.01567	0.02351	0.01332	0.01567	0.00940	0.00705	0.00705	0.00235	0.01097	0.00549	0.00313	0.01097
27	0.01002	0.00792	0.00926	0.00993	0.01212	0.00716	0.00811	0.01250	0.01699	0.02090	0.06116	0.07625	0.43671	0.01947	0.00935	0.00286	0.00496	0.26096	0.00687	0.00649
28	0.01714	0.01440	0.01628	0.01230	0.01840	0.01266	0.00982	0.08263	0.13695	0.02752	0.01669	0.01784	0.01325	0.00664	0.00605	0.00146	0.00581	0.00533	0.00525	0.57357
29	0.01632	0.10168	0.38737	0.02363	0.03253	0.01919	0.23861	0.02324	0.01605	0.02276	0.01344	0.01677	0.01005	0.00696	0.00811	0.00236	0.04070	0.00647	0.00335	0.01039
30	0.01534	0.01319	0.01566	0.03864	0.01890	0.01015	0.00926	0.01870	0.01537	0.02399	0.01319	0.01557	0.01095	0.00557	0.00557	0.00115	0.00567	0.00448	0.00436	0.75427
31	0.10203	0.14865	0.02333	0.01663	0.02146	0.36234	0.01339	0.18055	0.02253	0.02640	0.01269	0.01407	0.01014	0.00766	0.00634	0.00197	0.01047	0.00503	0.00465	0.00967
32	0.01135	0.00770	0.01011	0.00960	0.01140	0.00708	0.00716	0.01461	0.02036	0.05763	0.59728	0.12021	0.06577	0.01570	0.00877	0.00240	0.00370	0.01391	0.00809	0.00715
33	0.01010	0.00757	0.00936	0.00891	0.01084	0.00683	0.00669	0.01323	0.02006	0.02750	0.54552	0.05919	0.21482	0.01602	0.00876	0.00238	0.00356	0.01395	0.00787	0.00683
34	0.02598	0.01881	0.02028	0.01605	0.02146	0.02079	0.01310	0.48291	0.15979	0.07828	0.02115	0.02058	0.01518	0.00914	0.00736	0.00227	0.00742	0.00707	0.04016	0.01221
35	0.01289	0.00645	0.00967	0.00967	0.00967	0.00645	0.00645	0.00967	0.00967	0.01289	0.01289	0.02257	0.01289	0.02579	0.02901	0.78401	0.00645	0.00645	0.00322	0.00322
36	0.02773	0.03538	0.02104	0.01913	0.02295	0.70930	0.01434	0.02964	0.02104	0.01817	0.01148	0.01339	0.00956	0.00765	0.00669	0.00191	0.01339	0.00478	0.00383	0.00861
37	0.02390	0.01806	0.01941	0.01594	0.02104	0.02020	0.01282	0.33667	0.33821	0.07524	0.02430	0.02289	0.01768	0.00947	0.00749	0.00237	0.00698	0.00753	0.00758	0.01221
38	0.00940	0.00672	0.00900	0.01059	0.01121	0.00632	0.00737	0.01101	0.01486	0.01985	0.07647	0.63630	0.04966	0.02256	0.00951	0.00301	0.00450	0.07856	0.00696	0.00616
39	0.00901	0.00753	0.00785	0.00777	0.01017	0.00637	0.00583	0.01111	0.01748	0.02137	0.15835	0.06928	0.60581	0.01831	0.00877	0.00248	0.00373	0.01536	0.00707	0.00637
40	0.02769	0.02053	0.02198	0.01697	0.02282	0.02277	0.01398	0.63388	0.06993	0.04593	0.01850	0.01836	0.01317	0.00897	0.00743	0.00224	0.00804	0.00678	0.00743	0.01258
41	0.72741	0.01421	0.01145	0.01005	0.01475	0.01617	0.00828	0.02304	0.01336	0.08952	0.01194	0.01318	0.00891	0.00709	0.00484	0.00230	0.00579	0.00431	0.00498	0.00843
42	0.01108	0.00825	0.01206	0.01191	0.01321	0.00971	0.00930	0.01375	0.01216	0.01800	0.01974	0.02848	0.01820	0.05045	0.62929	0.01082	0.05012	0.00782	0.05893	0.00672
43	0.01244	0.00795	0.01038	0.00973	0.01175	0.00724	0.00730	0.01558	0.02017	0.09130	0.53429	0.12289	0.08917	0.01559	0.00871	0.00241	0.00386	0.01375	0.00808	0.00740
44	0.01599	0.01646	0.02996	0.22871	0.03561	0.01891	0.26010	0.02038	0.01482	0.02072	0.01320	0.01907	0.01066	0.00870	0.01295	0.00269	0.22599	0.00739	0.02885	0.00883
45	0.02562	0.01687	0.01861	0.01473	0.01966	0.01813	0.01189	0.41426	0.07687	0.14172	0.02152	0.02304	0.01597	0.06783	0.00969	0.00262	0.00722	0.00728	0.07507	0.01141
46	0.79154	0.01436	0.01091	0.00976	0.01436	0.01665	0.00804	0.02182	0.01263	0.03331	0.01034	0.01206	0.00804	0.00689	0.00459	0.00230	0.00574	0.00402	0.00459	0.00804
47	0.01711	0.01913	0.06052	0.14680	0.19176	0.07429	0.24121	0.02186	0.01661	0.02197	0.01601	0.07746	0.01398	0.00837	0.00866	0.00244	0.03998	0.00833	0.00387	0.00965
48	0.01157	0.00794	0.00927	0.00915	0.00963	0.00815	0.00569	0.04671	0.01252	0.01683	0.02436	0.10751	0.02743	0.57039	0.09634	0.00699	0.00817	0.01125	0.00483	0.00528
49	0.01739	0.01604	0.02430	0.33089	0.03666	0.03998	0.12479	0.10388	0.08991	0.02439	0.01575	0.02012	0.01204	0.00884	0.00931	0.04547	0.03258	0.00702	0.00441	0.03624
50	0.02115	0.02231	0.16126	0.02887	0.30434	0.08116	0.01947	0.06415	0.01887	0.13868	0.01976	0.02138	0.04910	0.00804	0.00733	0.00224	0.00895	0.00685	0.00491	0.01120
51	0.22654	0.01307	0.01562	0.01233	0.01778	0.01237	0.01018	0.03252	0.01905	0.52856	0.02446	0.02190	0.01574	0.00860	0.00673	0.00230	0.00617	0.00659	0.00802	0.01146
52	0.00903	0.00650	0.00857	0.01023	0.01074	0.00604	0.00684	0.01035	0.01431	0.01899	0.04220	0.70946	0.07307	0.02309	0.00945	0.00300	0.00429	0.02090	0.00689	0.00604
53	0.12504	0.01898	0.04506	0.01492	0.03985	0.14125	0.01175	0.17032	0.06028	0.02989	0.01732	0.02021	0.01379	0.04008	0.00864	0.00236	0.04668	0.00625	0.17806	0.00926
54	0.00915	0.00650	0.00858	0.01020	0.01061	0.00610	0.00675	0.01036	0.01401	0.01868	0.03986	0.69285	0.04776	0.06648	0.01118	0.00327	0.00448	0.02048	0.00675	0.00594
55	0.01080	0.00720	0.00810	0.00810	0.00810	0.00720	0.00450	0.01080	0.01080	0.01439	0.02339	0.04858	0.02699	0.73910	0.03779	0.00720	0.00720	0.01080	0.00450	0.00450
56	0.01041	0.00802	0.01017	0.01134	0.03530	0.00762	0.00789	0.01373	0.05664	0.02260	0.18227	0.34816	0.17364	0.01912	0.00906	0.00275	0.00447	0.06285	0.00709	0.00688
57	0.01756	0.05050	0.18594	0.07052	0.09576	0.06410	0.35973	0.02367	0.01704	0.02288	0.01403	0.01816	0.01064	0.00663	0.00789	0.00237	0.01157	0.00727	0.00357	0.01017
58	0.00904	0.00646	0.00861	0.01034	0.01077	0.00603	0.00689	0.01034	0.01421	0.01895	0.04092	0.73426	0.04910	0.02326	0.00948	0.00301	0.00431	0.02110	0.00689	0.00603
59	0.01714	0.06117	0.36384	0.02056	0.02761	0.11788	0.07780	0.02281	0.01565	0.02120	0.01288	0.01647	0.01020	0.01095	0.05233	0.00299	0.12947	0.00592	0.00336	0.00975
60	0.04927	0.01535	0.02371	0.52292	0.11175	0.04627	0.05529	0.04908	0.01626	0.02159	0.01338	0.01897	0.01019	0.00733	0.00734	0.00241	0.00982	0.00653	0.00362	0.00890
61	0.02822	0.02079	0.02228	0.01708	0.02302	0.02302	0.01411	0.66804	0.03490	0.04679	0.01782	0.01782	0.01262	0.00891	0.00743	0.00223	0.00817	0.00668	0.00743	0.01262
62	0.10654	0.19654	0.31457	0.01761	0.02490	0.04555	0.03914	0.02353	0.05107	0.02287	0.01281	0.01514	0.01009	0.00764	0.00808	0.00226	0.08282	0.00530	0.00361	0.00993
63	0.01152	0.00974	0.01151	0.01099	0.01312	0.03829	0.03307	0.01577	0.07810	0.02449	0.28757	0.21522	0.18870	0.01675	0.00873	0.00254	0.00474	0.01473	0.00718	0.00723
64	0.04994	0.01028	0.01183	0.09178	0.01638	0.01114	0.00872	0.12228	0.01763	0.02722	0.02224	0.07895	0.01972	0.11176	0.03394	0.00311	0.00619	0.00832	0.34094	0.00764
65	0.02427	0.01472	0.01747	0.01330	0.01900	0.01376	0.01084	0.21216	0.02339	0.24160	0.08066	0.02280	0.01911	0.00852	0.00697	0.00191	0.00635	0.00684	0.00711	0.24923

[dist]
# distance from previous block
# <min> <max>
0	1

[block]
# block no. 3 follows, 27 sequences, length 36
# corresponding to MSA columns:
# 216-251
name=unknown_D
#
# <colnr> <probs for GDERKNQSTAVLIFYWHMCP>
#	G	D	E	R	K	N	Q	S	T	A	V	L	I	F	Y	W	H	M	C	P
0	0.02198	0.55230	0.03408	0.01444	0.02011	0.21301	0.01315	0.02423	0.01669	0.01766	0.01063	0.01231	0.00954	0.00670	0.00528	0.00168	0.00941	0.00419	0.00335	0.00928
1	0.02670	0.02146	0.17300	0.01645	0.02337	0.01693	0.01580	0.25547	0.05453	0.28703	0.02170	0.02060	0.01453	0.00865	0.00736	0.00229	0.00800	0.00679	0.00713	0.01222
2	0.01068	0.00766	0.01043	0.01043	0.01123	0.00846	0.00740	0.01229	0.01149	0.01612	0.02126	0.03678	0.02187	0.32374	0.44614	0.01007	0.01491	0.00907	0.00418	0.00579
3	0.02822	0.02079	0.02228	0.01708	0.02302	0.02302	0.01411	0.66804	0.03490	0.04679	0.01782	0.01782	0.01262	0.00891	0.00743	0.00223	0.00817	0.00668	0.00743	0.01262
4	0.01053	0.00718	0.00827	0.00838	0.00867	0.00704	0.00497	0.01102	0.01222	0.01634	0.08351	0.11057	0.06069	0.58412	0.03160	0.00622	0.00648	0.01213	0.00512	0.00492
5	0.01940	0.01641	0.01731	0.01530	0.01966	0.01890	0.01198	0.09959	0.61772	0.03256	0.02903	0.02675	0.02170	0.00996	0.00754	0.00249	0.00609	0.00823	0.00754	0.01183
6	0.02583	0.01272	0.01594	0.01296	0.01752	0.01207	0.01039	0.15431	0.02276	0.38597	0.08745	0.12288	0.06150	0.01202	0.00790	0.00239	0.00604	0.01007	0.00833	0.01094
7	0.02983	0.01188	0.01602	0.01254	0.01773	0.01029	0.01026	0.03271	0.02100	0.59816	0.09574	0.03057	0.05791	0.01026	0.00766	0.00231	0.00591	0.00847	0.00897	0.01176
8	0.00931	0.00665	0.00892	0.01064	0.01118	0.00626	0.00735	0.01079	0.01447	0.01925	0.04077	0.67560	0.04852	0.02301	0.00955	0.00305	0.00454	0.07716	0.00689	0.00610
9	0.05536	0.01560	0.01834	0.01425	0.01975	0.01563	0.01163	0.26293	0.05475	0.34487	0.02343	0.02270	0.01611	0.04001	0.00855	0.00243	0.00694	0.00709	0.00787	0.05176
10	0.03267	0.01278	0.01721	0.01329	0.01897	0.01123	0.01095	0.03632	0.04932	0.66949	0.02933	0.02537	0.01856	0.00923	0.00747	0.00231	0.00630	0.00751	0.00912	0.01260
11	0.01529	0.00832	0.00847	0.00795	0.01010	0.00855	0.00609	0.08318	0.01753	0.02961	0.02357	0.02668	0.01838	0.00868	0.00542	0.00178	0.00394	0.00690	0.70206	0.00750
12	0.54077	0.01441	0.01338	0.01119	0.01618	0.01567	0.00923	0.07438	0.01651	0.20351	0.01573	0.01586	0.01102	0.00763	0.00554	0.00229	0.00607	0.00510	0.00598	0.00956
13	0.01796	0.01699	0.02988	0.17551	0.05302	0.01794	0.26461	0.07631	0.01745	0.05248	0.01449	0.01895	0.01115	0.00776	0.01018	0.00242	0.11310	0.00723	0.00419	0.08837
14	0.00980	0.00706	0.00912	0.01052	0.01123	0.00671	0.00714	0.03649	0.01512	0.02009	0.04109	0.68478	0.06795	0.02255	0.00937	0.00297	0.00444	0.02036	0.00691	0.00630
15	0.29232	0.01749	0.01826	0.06413	0.05897	0.05229	0.01307	0.22871	0.02063	0.03321	0.01442	0.01853	0.01166	0.00888	0.00841	0.00242	0.08754	0.03408	0.00528	0.00972
16	0.01036	0.00730	0.00920	0.01018	0.01096	0.00701	0.00695	0.03578	0.01462	0.01928	0.03861	0.48643	0.09224	0.12533	0.01449	0.04517	0.00507	0.04866	0.00637	0.00597
17	0.01127	0.00802	0.01017	0.01075	0.01191	0.00785	0.00760	0.06915	0.01706	0.02306	0.15187	0.48024	0.04741	0.05110	0.01095	0.02506	0.00477	0.03813	0.00696	0.00667
18	0.01559	0.01692	0.06205	0.15785	0.12173	0.01598	0.27345	0.02033	0.01604	0.02194	0.01876	0.06219	0.04923	0.00897	0.00925	0.02586	0.03562	0.00856	0.00398	0.05569
19	0.00929	0.00668	0.00869	0.00998	0.01064	0.00621	0.00673	0.01080	0.01496	0.02002	0.11613	0.59051	0.08115	0.05757	0.01076	0.00312	0.00433	0.01945	0.00692	0.00608
20	0.79154	0.01436	0.01091	0.00976	0.01436	0.01665	0.00804	0.02182	0.01263	0.03331	0.01034	0.01206	0.00804	0.00689	0.00459	0.00230	0.00574	0.00402	0.00459	0.00804
21	0.07671	0.01640	0.05281	0.16153	0.22035	0.01614	0.07160	0.08018	0.01844	0.12628	0.01834	0.02461	0.01462	0.00852	0.00753	0.00241	0.00861	0.05945	0.00507	0.01043
22	0.02257	0.01571	0.01724	0.01422	0.01851	0.01699	0.01142	0.40896	0.04557	0.06338	0.02374	0.13161	0.02057	0.01146	0.00750	0.00232	0.00670	0.02810	0.12286	0.01056
23	0.00906	0.00751	0.00796	0.00809	0.01038	0.00641	0.00609	0.01110	0.01710	0.02086	0.12053	0.10932	0.57567	0.01884	0.00888	0.00256	0.00390	0.04240	0.00699	0.00634
24	0.01624	0.01624	0.02274	0.01949	0.01949	0.02274	0.01624	0.01787	0.01137	0.01787	0.00975	0.01624	0.00975	0.01299	0.02436	0.00325	0.72552	0.00650	0.00325	0.00812
25	0.02649	0.01839	0.01984	0.01544	0.02078	0.02008	0.01268	0.54121	0.03142	0.08079	0.01937	0.01962	0.01385	0.00889	0.00711	0.00216	0.00740	0.00676	0.11588	0.01183
26	0.01908	0.01899	0.02944	0.04356	0.64190	0.07019	0.02214	0.02330	0.01722	0.02379	0.01377	0.01799	0.01159	0.00669	0.00730	0.00218	0.00917	0.00648	0.00369	0.01152
27	0.01066	0.00891	0.00946	0.00915	0.01176	0.00841	0.00690	0.01596	0.12855	0.02327	0.15531	0.08282	0.46794	0.01695	0.00859	0.00250	0.00410	0.01430	0.00719	0.00729
28	0.01031	0.00750	0.00970	0.00932	0.01101	0.00689	0.00693	0.01356	0.02029	0.02845	0.60810	0.10785	0.10031	0.01598	0.00881	0.00240	0.00358	0.01412	0.00801	0.00689
29	0.01802	0.01719	0.02923	0.04395	0.66231	0.01716	0.02208	0.02239	0.01709	0.02450	0.04415	0.02003	0.01437	0.00700	0.00741	0.00221	0.00858	0.00692	0.00388	0.01155
30	0.01099	0.00767	0.00974	0.01013	0.01099	0.00787	0.00697	0.03965	0.01398	0.01935	0.05538	0.29626	0.03405	0.22951	0.16908	0.00600	0.00859	0.01373	0.04397	0.00609
31	0.72456	0.01492	0.01191	0.01040	0.01512	0.01721	0.00857	0.07853	0.01459	0.03449	0.01099	0.01257	0.00844	0.00707	0.00484	0.00229	0.00596	0.00425	0.00484	0.00844
32	0.01110	0.02822	0.01079	0.01065	0.01221	0.00819	0.00800	0.04487	0.01732	0.02303	0.17900	0.33169	0.11977	0.04803	0.01027	0.00297	0.00488	0.11527	0.00698	0.00675
33	0.01646	0.13891	0.45590	0.04770	0.02996	0.01841	0.07837	0.02331	0.01620	0.05321	0.04412	0.01787	0.01274	0.00736	0.00697	0.00225	0.01006	0.00603	0.00370	0.01046
34	0.01726	0.10901	0.01928	0.04383	0.11750	0.07654	0.04475	0.04893	0.01677	0.02435	0.01793	0.02163	0.01454	0.00994	0.02813	0.03557	0.00728	0.00638	0.33197	0.00843
35	0.23638	0.08502	0.02010	0.01456	0.01993	0.09262	0.01207	0.31090	0.02438	0.09471	0.01545	0.01591	0.01128	0.00802	0.00634	0.00216	0.00787	0.00558	0.00605	0.01067

[dist]
# distance from previous block
# <min> <max>
0	1

[block]
# block no. 4 follows, 27 sequences, length 30
# corresponding to MSA columns:
# 253-282
name=unknown_E
#
# <colnr> <probs for GDERKNQSTAVLIFYWHMCP>
#	G	D	E	R	K	N	Q	S	T	A	V	L	I	F	Y	W	H	M	C	P
0	0.01277	0.01040	0.01165	0.01084	0.01361	0.01070	0.00827	0.02179	0.24304	0.02779	0.31312	0.05003	0.20811	0.01435	0.00835	0.00244	0.00437	0.01228	0.00764	0.00843
1	0.01043	0.00753	0.00953	0.00906	0.01064	0.00698	0.00659	0.01338	0.01943	0.02716	0.56320	0.05562	0.10524	0.10827	0.01248	0.00297	0.00399	0.01324	0.00762	0.00663
2	0.01171	0.00820	0.01037	0.00964	0.01173	0.00767	0.00729	0.01590	0.05266	0.05690	0.58075	0.05412	0.11475	0.01497	0.00865	0.00236	0.00376	0.01311	0.00808	0.00741
3	0.23241	0.01443	0.01585	0.01278	0.01782	0.01483	0.01044	0.17643	0.02152	0.30763	0.02196	0.05604	0.01587	0.00920	0.00670	0.00229	0.00637	0.00703	0.03957	0.01083
4	0.02773	0.03538	0.02104	0.01913	0.02295	0.70930	0.01434	0.02964	0.02104	0.01817	0.01148	0.01339	0.00956	0.00765	0.00669	0.00191	0.01339	0.00478	0.00383	0.00861
5	0.01653	0.00951	0.00979	0.00882	0.01134	0.00993	0.00686	0.13898	0.01918	0.03125	0.02302	0.02583	0.01783	0.00870	0.00561	0.00182	0.00434	0.00688	0.63579	0.00799
6	0.00904	0.00646	0.00861	0.01034	0.01077	0.00603	0.00689	0.01034	0.01421	0.01895	0.04092	0.73426	0.04910	0.02326	0.00948	0.00301	0.00431	0.02110	0.00689	0.00603
7	0.00885	0.00752	0.00762	0.00760	0.01007	0.00630	0.00570	0.01079	0.01709	0.02045	0.10044	0.07079	0.66430	0.01865	0.00877	0.00250	0.00375	0.01558	0.00695	0.00630
8	0.02027	0.70540	0.03794	0.01305	0.01926	0.06602	0.01279	0.02263	0.01541	0.01750	0.01038	0.01199	0.00953	0.00642	0.00487	0.00161	0.00823	0.00401	0.00321	0.00948
9	0.01244	0.00908	0.01216	0.01350	0.01533	0.00929	0.01156	0.01712	0.07124	0.02254	0.03774	0.07733	0.04027	0.05652	0.01144	0.00354	0.00678	0.55822	0.00677	0.00712
10	0.01061	0.00795	0.01193	0.01193	0.01326	0.00928	0.00928	0.01326	0.01193	0.01723	0.01988	0.02916	0.01856	0.05568	0.70968	0.01193	0.01988	0.00795	0.00398	0.00663
11	0.79154	0.01436	0.01091	0.00976	0.01436	0.01665	0.00804	0.02182	0.01263	0.03331	0.01034	0.01206	0.00804	0.00689	0.00459	0.00230	0.00574	0.00402	0.00459	0.00804
12	0.01837	0.01764	0.03013	0.04557	0.69279	0.01764	0.02278	0.02278	0.01690	0.02425	0.01396	0.01837	0.01176	0.00661	0.00735	0.00220	0.00882	0.00661	0.00367	0.01176
13	0.01363	0.00699	0.00725	0.00725	0.00895	0.00707	0.00546	0.01703	0.01533	0.02699	0.02393	0.02777	0.01900	0.01173	0.05141	0.00240	0.00454	0.00699	0.72938	0.00690
14	0.55442	0.01756	0.04277	0.01204	0.01709	0.07094	0.01024	0.09207	0.01650	0.08899	0.01294	0.01404	0.00957	0.00736	0.00540	0.00226	0.00687	0.00471	0.00516	0.00908
15	0.02177	0.01485	0.01699	0.01394	0.01794	0.01614	0.01122	0.32999	0.02443	0.08921	0.02071	0.05827	0.01682	0.03458	0.09966	0.00360	0.04467	0.00769	0.12002	0.03749
16	0.01227	0.00999	0.04623	0.01103	0.01343	0.00863	0.00904	0.01696	0.06542	0.05275	0.44134	0.08794	0.05538	0.04603	0.00999	0.00272	0.00477	0.09097	0.00752	0.00758
17	0.05298	0.14525	0.39226	0.02201	0.07909	0.01906	0.10548	0.02386	0.01606	0.05769	0.01379	0.01616	0.01024	0.00691	0.00684	0.00223	0.01004	0.00578	0.00364	0.01063
18	0.04980	0.27170	0.34357	0.01752	0.02559	0.02133	0.04244	0.02239	0.01511	0.02156	0.01200	0.01443	0.00956	0.00709	0.00729	0.00209	0.05637	0.00504	0.00331	0.05183
19	0.03086	0.01383	0.01769	0.01368	0.01920	0.01292	0.01125	0.15288	0.02379	0.53234	0.07042	0.02586	0.02069	0.00953	0.00754	0.00229	0.00648	0.00771	0.00879	0.01226
20	0.01305	0.01161	0.01155	0.01091	0.01351	0.07118	0.00833	0.01915	0.14070	0.02584	0.30245	0.05243	0.23570	0.01484	0.00842	0.00243	0.00502	0.03783	0.00725	0.00780
21	0.03701	0.01441	0.04596	0.22011	0.07675	0.07702	0.01431	0.01772	0.01496	0.02038	0.02084	0.20298	0.02094	0.01267	0.00983	0.02972	0.07145	0.01006	0.07509	0.00778
22	0.01026	0.00753	0.00961	0.00920	0.01096	0.00688	0.00686	0.01348	0.02026	0.02823	0.59343	0.09007	0.13365	0.01595	0.00879	0.00239	0.00357	0.01403	0.00798	0.00688
23	0.01080	0.00720	0.00810	0.00810	0.00810	0.00720	0.00450	0.01080	0.01080	0.01439	0.02339	0.04858	0.02699	0.73910	0.03779	0.00720	0.00720	0.01080	0.00450	0.00450
24	0.07319	0.17268	0.07170	0.01906	0.04888	0.20083	0.09545	0.12385	0.02011	0.02529	0.04562	0.01699	0.01316	0.00784	0.00732	0.00210	0.03582	0.00595	0.00443	0.00973
25	0.02083	0.14170	0.18708	0.04498	0.04783	0.08358	0.01734	0.16987	0.05064	0.05198	0.01504	0.01753	0.01177	0.02978	0.00934	0.00239	0.07721	0.00599	0.00468	0.01046
26	0.01202	0.00913	0.01157	0.01258	0.01462	0.00921	0.01048	0.01722	0.10033	0.02270	0.04406	0.13071	0.14467	0.01915	0.00961	0.00312	0.00600	0.40855	0.00694	0.00729
27	0.01376	0.01395	0.09708	0.04827	0.01741	0.04381	0.01129	0.01845	0.06077	0.05934	0.09210	0.05058	0.24867	0.01423	0.00816	0.00251	0.00616	0.11119	0.07429	0.00797
28	0.08779	0.25734	0.32208	0.01611	0.02366	0.06555	0.01814	0.02248	0.01531	0.02183	0.01289	0.01611	0.01058	0.04379	0.00756	0.00230	0.00922	0.00515	0.03252	0.00961
29	0.01858	0.01823	0.02932	0.07858	0.62946	0.04942	0.02229	0.02291	0.01699	0.02371	0.01381	0.01822	0.01156	0.00670	0.00732	0.00221	0.00908	0.00653	0.00366	0.01144

[dist]
# distance from previous block
# <min> <max>
0	1

[block]
# block no. 5 follows, 27 sequences, length 193
# corresponding to MSA columns:
# 284-476
name=unknown_F
#
# <colnr> <probs for GDERKNQSTAVLIFYWHMCP>
#	G	D	E	R	K	N	Q	S	T	A	V	L	I	F	Y	W	H	M	C	P
0	0.01985	0.74357	0.03890	0.01270	0.01905	0.02937	0.01270	0.02223	0.01508	0.01747	0.01032	0.01191	0.00953	0.00635	0.00476	0.00159	0.00794	0.00397	0.00318	0.00953
1	0.01506	0.04023	0.01444	0.01238	0.01588	0.01428	0.00965	0.02821	0.39846	0.02791	0.14977	0.04136	0.17654	0.01270	0.00792	0.00245	0.00509	0.01067	0.00735	0.00967
2	0.00918	0.00752	0.00799	0.00788	0.01013	0.00645	0.00584	0.01128	0.01739	0.02158	0.18572	0.06746	0.54562	0.05093	0.01009	0.00269	0.00387	0.01503	0.00702	0.00632
3	0.02822	0.02079	0.02228	0.01708	0.02302	0.02302	0.01411	0.66804	0.03490	0.04679	0.01782	0.01782	0.01262	0.00891	0.00743	0.00223	0.00817	0.00668	0.00743	0.01262
4	0.01289	0.00645	0.00967	0.00967	0.00967	0.00645	0.00645	0.00967	0.00967	0.01289	0.01289	0.02257	0.01289	0.02579	0.02901	0.78401	0.00645	0.00645	0.00322	0.00322
5	0.02773	0.03538	0.02104	0.01913	0.02295	0.70930	0.01434	0.02964	0.02104	0.01817	0.01148	0.01339	0.00956	0.00765	0.00669	0.00191	0.01339	0.00478	0.00383	0.00861
6	0.02901	0.01892	0.02105	0.01620	0.02205	0.02032	0.01336	0.51566	0.05121	0.18405	0.02062	0.01969	0.01414	0.00900	0.00744	0.00225	0.00771	0.00690	0.00780	0.01260
7	0.01003	0.00757	0.00926	0.00884	0.01080	0.00680	0.00663	0.01309	0.01989	0.02709	0.51991	0.05986	0.24068	0.01617	0.00876	0.00238	0.00357	0.01404	0.00782	0.00680
8	0.00913	0.00737	0.00813	0.00828	0.01034	0.00637	0.00608	0.01122	0.01726	0.02167	0.18285	0.16952	0.47814	0.01881	0.00888	0.00255	0.00380	0.01608	0.00713	0.00637
9	0.03292	0.01325	0.01761	0.01350	0.01926	0.01183	0.01115	0.08388	0.02228	0.64878	0.02842	0.02471	0.01794	0.00917	0.00746	0.00229	0.00646	0.00741	0.00906	0.01263
10	0.03214	0.01451	0.01839	0.01410	0.01988	0.01369	0.01165	0.18116	0.02438	0.54853	0.02666	0.02356	0.01706	0.00912	0.00746	0.00228	0.00674	0.00729	0.00878	0.01263
11	0.02016	0.01627	0.01352	0.01190	0.01506	0.16218	0.00923	0.17054	0.02122	0.03005	0.01999	0.02231	0.01550	0.00849	0.00603	0.00188	0.00669	0.00640	0.43394	0.00860
12	0.03193	0.01423	0.01814	0.01398	0.01971	0.01336	0.01152	0.15250	0.04321	0.55846	0.02721	0.02397	0.01745	0.00916	0.00746	0.00229	0.00664	0.00735	0.00882	0.01261
13	0.01568	0.01588	0.02212	0.63633	0.04772	0.10029	0.01986	0.02026	0.01559	0.01887	0.01299	0.01902	0.00986	0.00745	0.00733	0.00241	0.01032	0.00638	0.00336	0.00829
14	0.02773	0.03538	0.02104	0.01913	0.02295	0.70930	0.01434	0.02964	0.02104	0.01817	0.01148	0.01339	0.00956	0.00765	0.00669	0.00191	0.01339	0.00478	0.00383	0.00861
15	0.36613	0.04533	0.01979	0.23537	0.04884	0.05654	0.06820	0.03943	0.01505	0.02665	0.01200	0.01555	0.00927	0.00707	0.00611	0.00231	0.00828	0.00541	0.00407	0.00860
16	0.01897	0.01993	0.05074	0.30692	0.19785	0.15855	0.01914	0.04831	0.01754	0.04278	0.01398	0.01842	0.01097	0.00920	0.03381	0.00263	0.01059	0.00627	0.00387	0.00954
17	0.00907	0.00664	0.00853	0.00994	0.01069	0.00610	0.00674	0.01053	0.01483	0.01954	0.07207	0.62325	0.13006	0.02237	0.00936	0.00292	0.00421	0.02011	0.00694	0.00610
18	0.04780	0.13778	0.57784	0.01948	0.02953	0.01894	0.02453	0.02326	0.01546	0.02306	0.01277	0.01499	0.00936	0.00695	0.00663	0.00224	0.01032	0.00521	0.00320	0.01064
19	0.01334	0.01495	0.07713	0.02105	0.04504	0.01260	0.28591	0.01738	0.01580	0.02149	0.02709	0.35707	0.02901	0.01436	0.00892	0.00272	0.00841	0.01428	0.00519	0.00826
20	0.23579	0.01309	0.01554	0.01229	0.01772	0.01244	0.01014	0.03234	0.01895	0.52045	0.02423	0.02174	0.01562	0.00857	0.00670	0.00230	0.00616	0.00655	0.00796	0.01141
21	0.01288	0.00899	0.01063	0.01029	0.01148	0.00934	0.00703	0.10207	0.01554	0.02123	0.04731	0.19898	0.03017	0.34461	0.10262	0.00574	0.00788	0.01220	0.03461	0.00639
22	0.08032	0.18346	0.02346	0.07603	0.07685	0.07607	0.01329	0.15849	0.01859	0.02491	0.01302	0.01667	0.01092	0.01104	0.01127	0.14592	0.04089	0.00563	0.00431	0.00885
23	0.01061	0.00729	0.00866	0.00870	0.00905	0.00738	0.00534	0.01121	0.01168	0.01571	0.04943	0.07317	0.05480	0.56874	0.12162	0.00729	0.00846	0.01111	0.00475	0.00499
24	0.00997	0.00674	0.00849	0.00944	0.00967	0.00650	0.00595	0.01047	0.01261	0.01681	0.03236	0.42507	0.03825	0.29668	0.02158	0.05668	0.00555	0.01619	0.00573	0.00526
25	0.01586	0.01519	0.02498	0.10385	0.05168	0.01813	0.15476	0.04202	0.01451	0.02112	0.01404	0.02008	0.01205	0.01580	0.10632	0.00396	0.29361	0.00723	0.05624	0.00856
26	0.01575	0.01898	0.09052	0.05480	0.03407	0.01643	0.47762	0.02132	0.01671	0.02276	0.01914	0.13911	0.01739	0.00921	0.00869	0.00258	0.01091	0.01047	0.00421	0.00935
27	0.01184	0.00846	0.01183	0.01354	0.01519	0.00844	0.01176	0.01518	0.01697	0.02208	0.03937	0.10999	0.04298	0.02062	0.01022	0.00340	0.00673	0.61774	0.00684	0.00680
28	0.01557	0.04213	0.01633	0.01106	0.01765	0.01067	0.00895	0.01883	0.01538	0.02392	0.01308	0.01526	0.01094	0.00553	0.00547	0.00112	0.00559	0.00438	0.00435	0.75378
29	0.02071	0.05995	0.23585	0.05067	0.02541	0.34617	0.01769	0.02497	0.01816	0.02047	0.01596	0.03952	0.03554	0.00833	0.00684	0.00211	0.01109	0.00607	0.04535	0.00912
30	0.01556	0.01324	0.01587	0.05856	0.01979	0.01070	0.00972	0.04323	0.01606	0.02452	0.01437	0.04173	0.01236	0.00640	0.00584	0.00130	0.00585	0.00524	0.00453	0.67512
31	0.02018	0.71407	0.03816	0.01297	0.01922	0.05769	0.01277	0.02254	0.01533	0.01750	0.01037	0.01197	0.00953	0.00641	0.00484	0.00160	0.00817	0.00400	0.00320	0.00949
32	0.04964	0.01493	0.01560	0.01411	0.01810	0.01705	0.01096	0.03561	0.57713	0.03031	0.05990	0.03131	0.07153	0.01077	0.00757	0.00250	0.00562	0.00894	0.00741	0.01101
33	0.00962	0.00755	0.00870	0.00841	0.01055	0.00663	0.00631	0.01230	0.01893	0.02483	0.37657	0.06359	0.38544	0.01702	0.00876	0.00242	0.00363	0.01457	0.00752	0.00663
34	0.02590	0.01964	0.02097	0.01661	0.02214	0.02194	0.01355	0.51875	0.18797	0.04305	0.02077	0.02017	0.01501	0.00919	0.00746	0.00230	0.00762	0.00709	0.00746	0.01242
35	0.01061	0.00792	0.01175	0.01175	0.01302	0.00918	0.00906	0.01314	0.01188	0.01710	0.02005	0.03006	0.01895	0.08731	0.67858	0.01171	0.01930	0.00809	0.00400	0.00653
36	0.02773	0.03538	0.02104	0.01913	0.02295	0.70930	0.01434	0.02964	0.02104	0.01817	0.01148	0.01339	0.00956	0.00765	0.00669	0.00191	0.01339	0.00478	0.00383	0.00861
37	0.10883	0.03549	0.61721	0.01978	0.02998	0.01717	0.02508	0.02331	0.01531	0.02470	0.01296	0.01524	0.00924	0.00703	0.00676	0.00234	0.01034	0.00531	0.00331	0.01062
38	0.00967	0.00709	0.00914	0.01003	0.01119	0.00655	0.00724	0.01183	0.01663	0.02228	0.21820	0.41042	0.13314	0.02029	0.00927	0.00281	0.00426	0.07632	0.00723	0.00639
39	0.00877	0.00752	0.00752	0.00752	0.01003	0.00627	0.00564	0.01065	0.01692	0.02005	0.07520	0.07144	0.68978	0.01880	0.00877	0.00251	0.00376	0.01567	0.00689	0.00627
40	0.02562	0.13604	0.02376	0.01744	0.02191	0.38972	0.01394	0.18224	0.02281	0.02496	0.01306	0.01490	0.01062	0.00963	0.03147	0.00234	0.04004	0.00530	0.00458	0.00963
41	0.62874	0.01424	0.01242	0.01062	0.01547	0.01579	0.00875	0.04422	0.01490	0.15597	0.01405	0.01467	0.01008	0.00738	0.00521	0.00229	0.00592	0.00474	0.00553	0.00902
42	0.00983	0.00755	0.00848	0.00858	0.01022	0.00692	0.00617	0.01152	0.01542	0.01945	0.11005	0.06298	0.36898	0.21428	0.04915	0.00427	0.00568	0.06832	0.00622	0.00592
43	0.02864	0.01247	0.01636	0.01286	0.01788	0.01132	0.01049	0.09098	0.02248	0.51436	0.14954	0.03013	0.02734	0.01026	0.00770	0.00230	0.00597	0.00849	0.00884	0.01160
44	0.01759	0.01919	0.03970	0.06202	0.19461	0.01841	0.48755	0.02335	0.01727	0.02370	0.01470	0.01962	0.01133	0.00639	0.00837	0.00243	0.01153	0.00817	0.00372	0.01036
45	0.01533	0.00965	0.01097	0.00985	0.01133	0.00982	0.00657	0.10995	0.01577	0.07704	0.04827	0.04161	0.02550	0.51673	0.02850	0.00567	0.00699	0.00987	0.03403	0.00655
46	0.73823	0.01449	0.01170	0.03866	0.01609	0.01683	0.00872	0.04030	0.01336	0.03312	0.01067	0.01254	0.00825	0.00697	0.00479	0.00230	0.00598	0.00420	0.00462	0.00818
47	0.02314	0.28967	0.02704	0.01709	0.04854	0.35704	0.01352	0.04924	0.01882	0.01933	0.01459	0.04392	0.03284	0.00816	0.00622	0.00188	0.01035	0.00563	0.00394	0.00905
48	0.00960	0.00755	0.00826	0.00834	0.01023	0.00671	0.00611	0.01144	0.01625	0.02024	0.12903	0.06654	0.44680	0.15104	0.01423	0.00343	0.00462	0.06693	0.00659	0.00607
49	0.01788	0.06122	0.47593	0.02016	0.02890	0.17729	0.04068	0.02441	0.01699	0.02194	0.01514	0.01721	0.03488	0.00758	0.00700	0.00223	0.01120	0.00574	0.00345	0.01017
50	0.02004	0.47422	0.06789	0.01450	0.01996	0.12636	0.01363	0.04615	0.01626	0.01897	0.01178	0.01433	0.01048	0.01151	0.07101	0.00273	0.04268	0.00475	0.00350	0.00925
51	0.03331	0.01263	0.01723	0.01321	0.01895	0.01091	0.01091	0.03618	0.02125	0.69794	0.02929	0.02527	0.01838	0.00919	0.00747	0.00230	0.00632	0.00747	0.00919	0.01263
52	0.01055	0.00762	0.00881	0.00848	0.01027	0.00687	0.00605	0.01266	0.01726	0.04195	0.28987	0.05937	0.30108	0.16955	0.01487	0.00343	0.00447	0.01357	0.00693	0.00635
53	0.01869	0.15353	0.16987	0.04697	0.06227	0.03741	0.15879	0.02308	0.01635	0.09850	0.01629	0.02096	0.01294	0.00915	0.00897	0.06721	0.00936	0.03208	0.02795	0.00962
54	0.01050	0.00777	0.00902	0.00921	0.01140	0.00687	0.00710	0.01282	0.01744	0.04882	0.15513	0.13921	0.40965	0.01860	0.00901	0.00266	0.00433	0.10661	0.00717	0.00669
55	0.00904	0.00646	0.00861	0.01034	0.01077	0.00603	0.00689	0.01034	0.01421	0.01895	0.04092	0.73426	0.04910	0.02326	0.00948	0.00301	0.00431	0.02110	0.00689	0.00603
56	0.02329	0.01680	0.01892	0.05303	0.02147	0.01833	0.01260	0.45770	0.02844	0.06364	0.02279	0.16193	0.02041	0.03432	0.00878	0.00255	0.00739	0.00971	0.00708	0.01082
57	0.02067	0.09836	0.02159	0.12031	0.05548	0.11601	0.01400	0.17914	0.15060	0.02822	0.02030	0.02183	0.04099	0.01088	0.03912	0.00264	0.00890	0.00686	0.03398	0.01013
58	0.01162	0.00839	0.01151	0.01309	0.01481	0.00828	0.01130	0.01484	0.01697	0.02193	0.04203	0.10744	0.09103	0.02048	0.01011	0.00333	0.00651	0.57271	0.00684	0.00676
59	0.01560	0.04700	0.01648	0.01107	0.01766	0.01080	0.00898	0.01886	0.01538	0.02388	0.01306	0.01523	0.01093	0.00554	0.00546	0.00112	0.00561	0.00438	0.00434	0.74862
60	0.02458	0.02572	0.02160	0.02008	0.07780	0.34142	0.03906	0.17798	0.06064	0.02713	0.01538	0.01721	0.01207	0.00822	0.00756	0.00210	0.03620	0.00598	0.06939	0.00989
61	0.01581	0.01347	0.01588	0.03564	0.01894	0.01060	0.00939	0.04215	0.01608	0.02483	0.01336	0.01563	0.01102	0.00569	0.00563	0.00119	0.00575	0.00456	0.00447	0.72992
62	0.02745	0.06179	0.02178	0.01879	0.02280	0.65194	0.01427	0.05854	0.02144	0.01945	0.01172	0.01353	0.00970	0.00766	0.00665	0.00191	0.01294	0.00484	0.00396	0.00883
63	0.02822	0.02079	0.02228	0.01708	0.02302	0.02302	0.01411	0.66804	0.03490	0.04679	0.01782	0.01782	0.01262	0.00891	0.00743	0.00223	0.00817	0.00668	0.00743	0.01262
64	0.02822	0.02079	0.02228	0.01708	0.02302	0.02302	0.01411	0.66804	0.03490	0.04679	0.01782	0.01782	0.01262	0.00891	0.00743	0.00223	0.00817	0.00668	0.00743	0.01262
65	0.02787	0.02062	0.02208	0.01701	0.02289	0.02286	0.01403	0.64560	0.05791	0.04622	0.01827	0.01818	0.01298	0.00895	0.00743	0.00224	0.00809	0.00674	0.00743	0.01259
66	0.01289	0.00645	0.00967	0.00967	0.00967	0.00645	0.00645	0.00967	0.00967	0.01289	0.01289	0.02257	0.01289	0.02579	0.02901	0.78401	0.00645	0.00645	0.00322	0.00322
67	0.02711	0.03409	0.02075	0.01886	0.02271	0.66324	0.01417	0.03030	0.06493	0.01903	0.01272	0.01434	0.01044	0.00781	0.00675	0.00195	0.01289	0.00502	0.00407	0.00882
68	0.02693	0.01909	0.02076	0.01633	0.02193	0.02097	0.01336	0.48933	0.15208	0.10891	0.02125	0.02038	0.01505	0.00915	0.00745	0.00229	0.00756	0.00708	0.00763	0.01246
69	0.00905	0.00753	0.00791	0.00781	0.01020	0.00639	0.00586	0.01120	0.01758	0.02163	0.17443	0.06886	0.58957	0.01822	0.00877	0.00248	0.00372	0.01531	0.00710	0.00639
70	0.00907	0.00725	0.00816	0.00882	0.01062	0.00634	0.00646	0.01087	0.01608	0.01985	0.06197	0.28178	0.44412	0.02032	0.00909	0.00273	0.00414	0.05920	0.00689	0.00623
71	0.01980	0.01631	0.01731	0.01524	0.01964	0.01867	0.01195	0.09819	0.60013	0.05171	0.02903	0.02670	0.02160	0.00994	0.00754	0.00248	0.00610	0.00821	0.00759	0.01186
72	0.70078	0.01483	0.01208	0.01049	0.01524	0.01698	0.00865	0.07600	0.01479	0.05842	0.01164	0.01302	0.00879	0.00714	0.00493	0.00229	0.00596	0.00437	0.00500	0.00859
