[name]
unknown

[dist]
# distance from previous block
# <min> <max>
8	59

[block]
# block no. 0 follows, 26 sequences, length 10
# corresponding to MSA columns:
# 60-69
name=unknown_A
#
# <colnr> <probs for GDERKNQSTAVLIFYWHMCP>
#	G	D	E	R	K	N	Q	S	T	A	V	L	I	F	Y	W	H	M	C	P
0	0.07404	0.31675	0.05115	0.01468	0.02055	0.02381	0.01338	0.22244	0.02164	0.06438	0.01462	0.01607	0.01160	0.01023	0.04098	0.00251	0.03641	0.00548	0.00511	0.03415
1	0.02361	0.01795	0.02032	0.01605	0.02157	0.01916	0.03341	0.35079	0.18215	0.06423	0.06061	0.02296	0.01881	0.00926	0.00750	0.00222	0.00724	0.00746	0.00723	0.10747
2	0.06385	0.01562	0.01532	0.01217	0.01753	0.10382	0.00951	0.02097	0.01705	0.07233	0.05155	0.06454	0.04606	0.00847	0.00643	0.00164	0.00653	0.00676	0.00524	0.45462
3	0.02144	0.64099	0.03745	0.01358	0.02002	0.02913	0.01317	0.10907	0.01815	0.02190	0.01158	0.01299	0.01016	0.00684	0.00524	0.00171	0.00814	0.00443	0.00383	0.01016
4	0.01512	0.01295	0.01954	0.45874	0.03887	0.01530	0.01694	0.10416	0.01779	0.02322	0.02063	0.18281	0.01970	0.01151	0.00807	0.00262	0.00856	0.01016	0.00479	0.00851
5	0.02375	0.02369	0.11125	0.01723	0.02267	0.14711	0.01515	0.24598	0.05920	0.07893	0.01793	0.04904	0.01419	0.00997	0.00924	0.02905	0.05456	0.00693	0.00580	0.05833
6	0.02015	0.33094	0.05834	0.01696	0.02283	0.06672	0.10078	0.10901	0.01893	0.02411	0.04783	0.01776	0.01406	0.00965	0.03427	0.00240	0.04424	0.00602	0.00432	0.05068
7	0.02233	0.06426	0.02159	0.01537	0.02143	0.06669	0.04541	0.25623	0.02374	0.05816	0.01668	0.04293	0.01337	0.00796	0.00678	0.00183	0.00772	0.00633	0.00576	0.29544
8	0.02387	0.15399	0.02518	0.01618	0.02159	0.02200	0.05387	0.39909	0.02711	0.03613	0.01740	0.02066	0.01392	0.07184	0.03101	0.00289	0.00868	0.00685	0.03677	0.01100
9	0.02314	0.04831	0.02062	0.01849	0.06858	0.20523	0.01347	0.20925	0.14830	0.02965	0.01997	0.05862	0.01689	0.05686	0.02652	0.00283	0.00941	0.00761	0.00587	0.01039

[dist]
# distance from previous block
# <min> <max>
10	16

[block]
# block no. 1 follows, 26 sequences, length 51
# corresponding to MSA columns:
# 86-136
name=unknown_B
#
# <colnr> <probs for GDERKNQSTAVLIFYWHMCP>
#	G	D	E	R	K	N	Q	S	T	A	V	L	I	F	Y	W	H	M	C	P
0	0.01977	0.11761	0.01722	0.01193	0.01577	0.01219	0.00957	0.04167	0.01863	0.22746	0.12659	0.23124	0.03370	0.01375	0.00786	0.00236	0.00567	0.01179	0.00722	0.06801
1	0.01954	0.01114	0.01385	0.03452	0.01650	0.01082	0.00958	0.10873	0.03957	0.21473	0.08462	0.23548	0.11099	0.04173	0.00961	0.00277	0.00573	0.01311	0.00769	0.00929
2	0.01352	0.01041	0.01307	0.01289	0.01493	0.01075	0.02940	0.09416	0.11945	0.02537	0.05995	0.46658	0.04086	0.01897	0.00910	0.00288	0.00544	0.03704	0.00716	0.00807
3	0.01646	0.01566	0.02660	0.39480	0.35598	0.01741	0.02213	0.02125	0.01618	0.02197	0.01386	0.01953	0.01102	0.00719	0.00755	0.00240	0.00958	0.00675	0.00355	0.01015
4	0.02601	0.01983	0.02075	0.01632	0.02163	0.05153	0.01330	0.53232	0.03283	0.04380	0.12078	0.02396	0.02185	0.01004	0.00776	0.00228	0.00785	0.00781	0.00754	0.01183
5	0.01521	0.03923	0.69413	0.02162	0.03283	0.01762	0.02802	0.02402	0.01601	0.02402	0.01361	0.01601	0.00961	0.00721	0.00721	0.00240	0.01121	0.00560	0.00320	0.01121
6	0.01521	0.03923	0.69413	0.02162	0.03283	0.01762	0.02802	0.02402	0.01601	0.02402	0.01361	0.01601	0.00961	0.00721	0.00721	0.00240	0.01121	0.00560	0.00320	0.01121
7	0.01084	0.00813	0.01219	0.01219	0.01354	0.00948	0.00948	0.01354	0.01219	0.01761	0.02032	0.02980	0.01896	0.05689	0.70337	0.01219	0.02032	0.00813	0.00406	0.00677
8	0.01432	0.01348	0.02275	0.71520	0.05224	0.01685	0.02107	0.01938	0.01517	0.01938	0.01348	0.02022	0.01011	0.00758	0.00758	0.00253	0.01011	0.00674	0.00337	0.00843
9	0.01733	0.01955	0.04239	0.03056	0.03776	0.01832	0.61570	0.02339	0.01768	0.02397	0.01709	0.06705	0.01405	0.00754	0.00900	0.00259	0.01224	0.00978	0.00405	0.00996
10	0.00924	0.00660	0.00880	0.01056	0.01100	0.00616	0.00704	0.01056	0.01452	0.01936	0.04181	0.72848	0.05017	0.02376	0.00968	0.00308	0.00440	0.02156	0.00704	0.00616
11	0.01103	0.00735	0.00827	0.00827	0.00827	0.00735	0.00460	0.01103	0.01103	0.01471	0.02390	0.04964	0.02758	0.73343	0.03861	0.00735	0.00735	0.01103	0.00460	0.00460
12	0.01450	0.01372	0.02279	0.66101	0.04972	0.01735	0.02072	0.01929	0.01489	0.01929	0.01321	0.01994	0.01010	0.00803	0.00893	0.00259	0.06541	0.00673	0.00337	0.00842
13	0.00924	0.00660	0.00880	0.01056	0.01100	0.00616	0.00704	0.01056	0.01452	0.01936	0.04181	0.72848	0.05017	0.02376	0.00968	0.00308	0.00440	0.02156	0.00704	0.00616
14	0.01573	0.01348	0.01573	0.01123	0.01798	0.01011	0.00899	0.01910	0.01573	0.02472	0.01348	0.01573	0.01123	0.00562	0.00562	0.00112	0.00562	0.00449	0.00449	0.77980
15	0.02010	0.01438	0.01766	0.01306	0.01939	0.01215	0.03210	0.10369	0.01924	0.13124	0.01771	0.04295	0.01401	0.00732	0.00644	0.00158	0.00630	0.00603	0.00572	0.50893
16	0.01766	0.37604	0.37872	0.01745	0.02639	0.02359	0.02077	0.02339	0.01572	0.02104	0.01213	0.01416	0.00967	0.00686	0.00608	0.00203	0.00972	0.00486	0.00322	0.01050
17	0.01540	0.06562	0.66942	0.02129	0.03232	0.01808	0.02746	0.02397	0.01599	0.02379	0.01350	0.01587	0.00961	0.00718	0.00712	0.00237	0.01109	0.00555	0.00320	0.01115
18	0.01382	0.00843	0.01088	0.00988	0.01216	0.00767	0.00744	0.01697	0.02054	0.11907	0.51038	0.05303	0.10092	0.06238	0.01073	0.00272	0.00424	0.01286	0.00816	0.00772
19	0.00923	0.00665	0.00875	0.01043	0.01097	0.00617	0.00698	0.01058	0.01465	0.01941	0.04338	0.69902	0.07861	0.02356	0.00965	0.00306	0.00438	0.02131	0.00704	0.00617
20	0.00997	0.00768	0.00910	0.00883	0.01088	0.00682	0.00659	0.01279	0.01953	0.02601	0.41443	0.08714	0.31824	0.01730	0.00898	0.00248	0.00371	0.01492	0.00777	0.00682
21	0.01733	0.02443	0.18201	0.02978	0.03820	0.01885	0.52530	0.02424	0.01750	0.02424	0.01498	0.01952	0.01111	0.00657	0.00858	0.00252	0.01245	0.00824	0.00370	0.01044
22	0.02028	0.73799	0.03975	0.01298	0.01947	0.03001	0.01298	0.02271	0.01541	0.01785	0.01055	0.01217	0.00973	0.00649	0.00487	0.00162	0.00811	0.00406	0.00324	0.00973
23	0.01103	0.00735	0.00827	0.00827	0.00827	0.00735	0.00460	0.01103	0.01103	0.01471	0.02390	0.04964	0.02758	0.73343	0.03861	0.00735	0.00735	0.01103	0.00460	0.00460
24	0.02833	0.03615	0.02149	0.01954	0.02345	0.70298	0.01466	0.03029	0.02149	0.01856	0.01172	0.01368	0.00977	0.00782	0.00684	0.00195	0.01368	0.00489	0.00391	0.00879
25	0.01414	0.00707	0.00707	0.00707	0.00884	0.00707	0.00530	0.01767	0.01591	0.02828	0.02474	0.02828	0.01944	0.00884	0.00530	0.00177	0.00353	0.00707	0.77554	0.00707
26	0.03403	0.01291	0.01760	0.01350	0.01936	0.01115	0.01115	0.03697	0.02171	0.69137	0.02992	0.02582	0.01878	0.00939	0.00763	0.00235	0.00645	0.00763	0.00939	0.01291
27	0.01051	0.00697	0.00842	0.00931	0.01010	0.00670	0.00623	0.01207	0.01422	0.02008	0.03716	0.39237	0.08838	0.16163	0.03903	0.00397	0.00534	0.01596	0.14547	0.00606
28	0.01790	0.02046	0.04476	0.03197	0.03964	0.01918	0.65857	0.02430	0.01790	0.02430	0.01535	0.02046	0.01151	0.00639	0.00895	0.00256	0.01279	0.00895	0.00384	0.01023
29	0.01521	0.03923	0.69413	0.02162	0.03283	0.01762	0.02802	0.02402	0.01601	0.02402	0.01361	0.01601	0.00961	0.00721	0.00721	0.00240	0.01121	0.00560	0.00320	0.01121
30	0.02857	0.02917	0.02209	0.01856	0.02348	0.38483	0.01454	0.32553	0.02813	0.03225	0.01476	0.01580	0.01124	0.00842	0.00719	0.00210	0.01118	0.00580	0.00563	0.01072
31	0.00974	0.00748	0.00799	0.00812	0.00958	0.00673	0.00544	0.01091	0.01478	0.01828	0.05472	0.11553	0.39368	0.28111	0.01988	0.00436	0.00517	0.01462	0.00615	0.00572
32	0.00922	0.00668	0.00872	0.01034	0.01094	0.00618	0.00694	0.01059	0.01473	0.01945	0.04447	0.67858	0.09835	0.02342	0.00963	0.00304	0.00436	0.02114	0.00704	0.00618
33	0.00943	0.00703	0.00873	0.01000	0.01103	0.00643	0.00698	0.01099	0.01526	0.01969	0.04958	0.50381	0.20265	0.04754	0.01058	0.00313	0.00454	0.05945	0.00695	0.00622
34	0.01790	0.02046	0.04476	0.03197	0.03964	0.01918	0.65857	0.02430	0.01790	0.02430	0.01535	0.02046	0.01151	0.00639	0.00895	0.00256	0.01279	0.00895	0.00384	0.01023
35	0.66674	0.01360	0.01099	0.00991	0.01415	0.01549	0.00805	0.02106	0.01424	0.03347	0.11461	0.01919	0.01803	0.00835	0.00535	0.00235	0.00551	0.00560	0.00526	0.00805
36	0.01592	0.01538	0.02153	0.01899	0.01926	0.02099	0.01592	0.01786	0.01252	0.01894	0.01464	0.02728	0.01518	0.01447	0.02266	0.00335	0.60915	0.10400	0.00389	0.00809
37	0.01201	0.00864	0.01222	0.01369	0.01538	0.00885	0.01180	0.01538	0.01664	0.02191	0.03709	0.07692	0.03983	0.02652	0.11783	0.00484	0.00905	0.53793	0.00653	0.00695
38	0.01087	0.00801	0.01158	0.01158	0.01273	0.00915	0.00872	0.01316	0.01201	0.01716	0.02087	0.03287	0.02030	0.16171	0.60038	0.01144	0.01831	0.00858	0.00415	0.00644
39	0.00952	0.00672	0.00872	0.01021	0.01058	0.00635	0.00666	0.01063	0.01398	0.01864	0.03903	0.62330	0.04667	0.13372	0.01416	0.00374	0.00486	0.01993	0.00666	0.00592
40	0.01100	0.00747	0.00888	0.00888	0.00909	0.00768	0.00535	0.01142	0.01121	0.01516	0.02334	0.04656	0.02624	0.62861	0.14160	0.00810	0.00936	0.01058	0.00451	0.00493
41	0.09130	0.01042	0.03489	0.01022	0.01296	0.00952	0.00818	0.04469	0.03967	0.02932	0.42507	0.05028	0.14881	0.04087	0.00944	0.00259	0.00455	0.01222	0.00740	0.00761
42	0.13716	0.01841	0.02192	0.06789	0.02251	0.09783	0.03902	0.02053	0.01341	0.02104	0.01070	0.01600	0.00973	0.01104	0.01793	0.00293	0.45376	0.00614	0.00362	0.00842
43	0.01310	0.00994	0.01318	0.01258	0.01393	0.01144	0.00953	0.07699	0.01474	0.02082	0.02297	0.13826	0.02347	0.13675	0.34084	0.00787	0.08886	0.01030	0.02728	0.00714
44	0.00910	0.00745	0.00803	0.00840	0.01046	0.00638	0.00610	0.01095	0.01684	0.02063	0.09288	0.21771	0.51864	0.02007	0.00912	0.00267	0.00396	0.01715	0.00709	0.00638
45	0.01361	0.00718	0.00755	0.00745	0.00922	0.00708	0.00559	0.01715	0.01677	0.02861	0.12659	0.03268	0.02752	0.00987	0.00587	0.00186	0.00354	0.00810	0.65668	0.00708
46	0.01100	0.00747	0.00888	0.00888	0.00909	0.00768	0.00535	0.01142	0.01121	0.01516	0.02334	0.04656	0.02624	0.62861	0.14160	0.00810	0.00936	0.01058	0.00451	0.00493
47	0.01151	0.01295	0.11785	0.01365	0.01653	0.01074	0.01235	0.01517	0.01278	0.01860	0.01928	0.02766	0.01751	0.04919	0.59551	0.01067	0.01891	0.00774	0.00393	0.00746
48	0.02694	0.02053	0.02284	0.01783	0.02296	0.02348	0.01475	0.56127	0.03194	0.04323	0.01693	0.01796	0.01244	0.00975	0.01027	0.00244	0.11854	0.00680	0.00693	0.01219
49	0.02922	0.03255	0.02089	0.01860	0.02282	0.59579	0.01411	0.03132	0.02153	0.12280	0.01454	0.01556	0.01117	0.00806	0.00696	0.00201	0.01256	0.00531	0.00476	0.00943
50	0.00930	0.00747	0.00830	0.00858	0.01057	0.00647	0.00625	0.01135	0.01735	0.02179	0.16322	0.20895	0.45460	0.01960	0.00911	0.00264	0.00392	0.01683	0.00725	0.00647

[dist]
# distance from previous block
# <min> <max>
0	18

[block]
# block no. 2 follows, 26 sequences, length 39
# corresponding to MSA columns:
# 155-193
name=unknown_C
#
# <colnr> <probs for GDERKNQSTAVLIFYWHMCP>
#	G	D	E	R	K	N	Q	S	T	A	V	L	I	F	Y	W	H	M	C	P
0	0.10928	0.00828	0.00864	0.00849	0.00908	0.00858	0.00505	0.01246	0.01127	0.01715	0.02221	0.04491	0.02512	0.64146	0.03431	0.00672	0.00717	0.01015	0.00461	0.00505
1	0.68849	0.01378	0.01071	0.00968	0.01411	0.01567	0.00790	0.02085	0.01346	0.03232	0.01895	0.02000	0.09366	0.00858	0.00523	0.00237	0.00561	0.00561	0.00499	0.00799
2	0.01072	0.00759	0.00920	0.00920	0.00987	0.00778	0.00599	0.01165	0.01212	0.01618	0.02969	0.04754	0.10837	0.47052	0.20433	0.00798	0.01021	0.01092	0.00477	0.00538
3	0.01687	0.03884	0.60896	0.02136	0.03164	0.10440	0.02633	0.02481	0.01671	0.02333	0.01337	0.01572	0.00963	0.00728	0.00716	0.00235	0.01152	0.00551	0.00329	0.01090
4	0.01787	0.01516	0.01603	0.01453	0.01827	0.01741	0.01107	0.03660	0.58867	0.02957	0.02999	0.03100	0.02371	0.10185	0.01163	0.00318	0.00617	0.00889	0.00732	0.01107
5	0.01866	0.01833	0.03256	0.04471	0.60426	0.01817	0.10372	0.02341	0.01735	0.02472	0.01440	0.01899	0.01195	0.00671	0.00769	0.00229	0.00949	0.00704	0.00376	0.01179
6	0.01827	0.01751	0.02988	0.12174	0.61484	0.01789	0.02303	0.02284	0.01703	0.02417	0.01418	0.01894	0.01180	0.00685	0.00752	0.00228	0.00913	0.00676	0.00371	0.01161
7	0.00935	0.00770	0.00822	0.00809	0.01048	0.00657	0.00607	0.01164	0.01821	0.02267	0.20996	0.06940	0.54856	0.01840	0.00896	0.00252	0.00378	0.01550	0.00733	0.00657
8	0.00896	0.00768	0.00768	0.00768	0.01025	0.00640	0.00576	0.01089	0.01729	0.02049	0.07684	0.07300	0.68304	0.01921	0.00896	0.00256	0.00384	0.01601	0.00704	0.00640
9	0.01911	0.01375	0.01697	0.01268	0.01846	0.01188	0.01029	0.02219	0.01630	0.14320	0.01600	0.01764	0.01243	0.00721	0.00830	0.00161	0.09177	0.00531	0.00523	0.54967
10	0.01068	0.00721	0.00838	0.00872	0.00880	0.00712	0.00507	0.01094	0.01171	0.01561	0.02737	0.18132	0.03196	0.59577	0.03300	0.00652	0.00678	0.01307	0.00507	0.00490
11	0.04352	0.05839	0.05897	0.01828	0.02242	0.07228	0.10113	0.04173	0.01619	0.07977	0.01767	0.02089	0.05040	0.01131	0.03417	0.00278	0.23589	0.00696	0.00451	0.10275
12	0.01600	0.14765	0.59260	0.02028	0.03076	0.01954	0.02569	0.02382	0.01592	0.02306	0.01314	0.01542	0.00963	0.00710	0.00684	0.00228	0.01073	0.00536	0.00321	0.01098
13	0.00951	0.00771	0.00844	0.00825	0.01058	0.00663	0.00619	0.01194	0.01857	0.02354	0.26260	0.06798	0.49538	0.01807	0.00896	0.00251	0.00376	0.01531	0.00744	0.00663
14	0.02087	0.01729	0.01828	0.01584	0.02049	0.01980	0.01249	0.16489	0.54457	0.03496	0.02833	0.02627	0.02110	0.01005	0.00769	0.00251	0.00647	0.00822	0.00769	0.01219
15	0.09011	0.01663	0.05454	0.01398	0.01936	0.01598	0.01201	0.27064	0.02494	0.23011	0.02196	0.02169	0.01526	0.00886	0.00691	0.00222	0.00685	0.00681	0.14980	0.01134
16	0.01074	0.00775	0.01014	0.00954	0.01133	0.00716	0.00716	0.01431	0.02147	0.03042	0.68211	0.05666	0.07157	0.01551	0.00895	0.00239	0.00358	0.01372	0.00835	0.00716
17	0.01675	0.01639	0.02574	0.42436	0.29198	0.05317	0.02157	0.02143	0.01630	0.02139	0.01369	0.01933	0.01082	0.00728	0.00752	0.00239	0.00988	0.00665	0.00354	0.00981
18	0.01432	0.01348	0.02275	0.71520	0.05224	0.01685	0.02107	0.01938	0.01517	0.01938	0.01348	0.02022	0.01011	0.00758	0.00758	0.00253	0.01011	0.00674	0.00337	0.00843
19	0.03403	0.01291	0.01760	0.01350	0.01936	0.01115	0.01115	0.03697	0.02171	0.69137	0.02992	0.02582	0.01878	0.00939	0.00763	0.00235	0.00645	0.00763	0.00939	0.01291
20	0.01877	0.01802	0.03079	0.04656	0.68612	0.01802	0.02328	0.02328	0.01727	0.02478	0.01427	0.01877	0.01201	0.00676	0.00751	0.00225	0.00901	0.00676	0.00375	0.01201
21	0.02273	0.01543	0.01727	0.01494	0.01963	0.01690	0.01179	0.03945	0.50663	0.19979	0.03063	0.02767	0.02204	0.01006	0.00770	0.00252	0.00612	0.00833	0.00814	0.01224
22	0.03108	0.01226	0.01666	0.01299	0.01835	0.01064	0.01064	0.03410	0.02168	0.60768	0.11250	0.02972	0.02546	0.01016	0.00779	0.00235	0.00609	0.00840	0.00926	0.01218
23	0.59517	0.01422	0.01279	0.01087	0.01586	0.01552	0.00896	0.02603	0.01515	0.20151	0.01549	0.01576	0.01091	0.00764	0.00544	0.00235	0.00602	0.00500	0.00589	0.00941
24	0.00920	0.00764	0.00805	0.00807	0.01042	0.00649	0.00601	0.01130	0.01767	0.02169	0.15165	0.10521	0.57252	0.01898	0.00900	0.00257	0.00384	0.01601	0.00721	0.00649
25	0.01103	0.00735	0.00827	0.00827	0.00827	0.00735	0.00460	0.01103	0.01103	0.01471	0.02390	0.04964	0.02758	0.73343	0.03861	0.00735	0.00735	0.01103	0.00460	0.00460
26	0.01573	0.01348	0.01573	0.01123	0.01798	0.01011	0.00899	0.01910	0.01573	0.02472	0.01348	0.01573	0.01123	0.00562	0.00562	0.00112	0.00562	0.00449	0.00449	0.77980
27	0.02490	0.02895	0.01992	0.01805	0.02210	0.45504	0.01370	0.03392	0.25740	0.02334	0.01866	0.01898	0.01462	0.00871	0.00716	0.00218	0.01090	0.00622	0.00529	0.00996
28	0.03403	0.01291	0.01760	0.01350	0.01936	0.01115	0.01115	0.03697	0.02171	0.69137	0.02992	0.02582	0.01878	0.00939	0.00763	0.00235	0.00645	0.00763	0.00939	0.01291
29	0.00896	0.00768	0.00768	0.00768	0.01025	0.00640	0.00576	0.01089	0.01729	0.02049	0.07684	0.07300	0.68304	0.01921	0.00896	0.00256	0.00384	0.01601	0.00704	0.00640
30	0.01521	0.03923	0.69413	0.02162	0.03283	0.01762	0.02802	0.02402	0.01601	0.02402	0.01361	0.01601	0.00961	0.00721	0.00721	0.00240	0.01121	0.00560	0.00320	0.01121
31	0.00898	0.00762	0.00775	0.00784	0.01029	0.00639	0.00583	0.01087	0.01714	0.02043	0.07490	0.10928	0.64801	0.01946	0.00900	0.00259	0.00387	0.01632	0.00704	0.00639
32	0.01218	0.01059	0.03975	0.01211	0.01409	0.00992	0.03286	0.01652	0.08622	0.02212	0.14011	0.15167	0.08741	0.20561	0.01745	0.00401	0.03231	0.09170	0.00627	0.00710
33	0.03324	0.01343	0.01783	0.01375	0.01957	0.01201	0.01133	0.06672	0.04573	0.63712	0.02940	0.02554	0.01865	0.00941	0.00763	0.00235	0.00653	0.00762	0.00924	0.01288
34	0.65144	0.01495	0.01257	0.01090	0.01575	0.01696	0.00895	0.05959	0.04161	0.08925	0.01341	0.01441	0.00996	0.00748	0.00522	0.00235	0.00606	0.00473	0.00537	0.00902
35	0.53014	0.04316	0.11651	0.01300	0.01878	0.06822	0.01222	0.05396	0.01545	0.05272	0.01209	0.01369	0.00915	0.00728	0.00547	0.00230	0.00746	0.00463	0.00465	0.00913
36	0.01771	0.01694	0.02887	0.20642	0.53456	0.01774	0.02275	0.02235	0.01677	0.02349	0.01408	0.01912	0.01156	0.00696	0.00753	0.00232	0.00927	0.00675	0.00366	0.01116
37	0.01854	0.01778	0.03037	0.08151	0.65298	0.01796	0.02316	0.02307	0.01716	0.02450	0.01423	0.01885	0.01192	0.00680	0.00751	0.00227	0.00907	0.00676	0.00373	0.01183
38	0.01194	0.00970	0.01408	0.01345	0.01448	0.01198	0.01058	0.01431	0.01202	0.01758	0.01854	0.02833	0.01770	0.08398	0.53968	0.01025	0.15251	0.00800	0.00395	0.00695

[dist]
# distance from previous block
# <min> <max>
0	13

[block]
# block no. 3 follows, 26 sequences, length 29
# corresponding to MSA columns:
# 207-235
name=unknown_D
#
# <colnr> <probs for GDERKNQSTAVLIFYWHMCP>
#	G	D	E	R	K	N	Q	S	T	A	V	L	I	F	Y	W	H	M	C	P
0	0.01103	0.00735	0.00827	0.00827	0.00827	0.00735	0.00460	0.01103	0.01103	0.01471	0.02390	0.04964	0.02758	0.73343	0.03861	0.00735	0.00735	0.01103	0.00460	0.00460
1	0.01103	0.00735	0.00827	0.00827	0.00827	0.00735	0.00460	0.01103	0.01103	0.01471	0.02390	0.04964	0.02758	0.73343	0.03861	0.00735	0.00735	0.01103	0.00460	0.00460
2	0.03013	0.01417	0.01778	0.01417	0.01968	0.01366	0.01153	0.07179	0.17762	0.49899	0.02951	0.02599	0.01950	0.00959	0.00765	0.00240	0.00645	0.00781	0.00889	0.01269
3	0.02883	0.02125	0.02276	0.01745	0.02352	0.02352	0.01442	0.66082	0.03566	0.04780	0.01821	0.01821	0.01290	0.00911	0.00759	0.00228	0.00835	0.00683	0.00759	0.01290
4	0.01103	0.00735	0.00827	0.00827	0.00827	0.00735	0.00460	0.01103	0.01103	0.01471	0.02390	0.04964	0.02758	0.73343	0.03861	0.00735	0.00735	0.01103	0.00460	0.00460
5	0.00924	0.00660	0.00880	0.01056	0.01100	0.00616	0.00704	0.01056	0.01452	0.01936	0.04181	0.72848	0.05017	0.02376	0.00968	0.00308	0.00440	0.02156	0.00704	0.00616
6	0.02744	0.02016	0.02163	0.01673	0.02233	0.02225	0.01365	0.60984	0.03373	0.04521	0.01866	0.02068	0.01405	0.06594	0.01002	0.00267	0.00827	0.00716	0.00735	0.01225
7	0.01432	0.01348	0.02275	0.71520	0.05224	0.01685	0.02107	0.01938	0.01517	0.01938	0.01348	0.02022	0.01011	0.00758	0.00758	0.00253	0.01011	0.00674	0.00337	0.00843
8	0.02028	0.73799	0.03975	0.01298	0.01947	0.03001	0.01298	0.02271	0.01541	0.01785	0.01055	0.01217	0.00973	0.00649	0.00487	0.00162	0.00811	0.00406	0.00324	0.00973
9	0.01561	0.09407	0.64278	0.02094	0.03178	0.01859	0.02684	0.02392	0.01597	0.02354	0.01337	0.01571	0.00962	0.00715	0.00702	0.00234	0.01097	0.00548	0.00321	0.01109
10	0.03403	0.01291	0.01760	0.01350	0.01936	0.01115	0.01115	0.03697	0.02171	0.69137	0.02992	0.02582	0.01878	0.00939	0.00763	0.00235	0.00645	0.00763	0.00939	0.01291
11	0.01083	0.00734	0.00866	0.00884	0.00900	0.00741	0.00526	0.01119	0.01149	0.01544	0.02547	0.11898	0.02921	0.60204	0.09174	0.00732	0.00814	0.01189	0.00481	0.00494
12	0.01833	0.01757	0.02998	0.11351	0.62265	0.01790	0.02306	0.02289	0.01706	0.02424	0.01419	0.01892	0.01182	0.00684	0.00752	0.00228	0.00912	0.00676	0.00372	0.01166
13	0.00916	0.00690	0.00849	0.00976	0.01079	0.00623	0.00669	0.01065	0.01529	0.01968	0.05153	0.54646	0.22591	0.02250	0.00948	0.00294	0.00425	0.02002	0.00704	0.00623
14	0.00896	0.00768	0.00768	0.00768	0.01025	0.00640	0.00576	0.01089	0.01729	0.02049	0.07684	0.07300	0.68304	0.01921	0.00896	0.00256	0.00384	0.01601	0.00704	0.00640
15	0.02480	0.10853	0.06022	0.01884	0.02291	0.47502	0.01536	0.02790	0.04447	0.01925	0.01221	0.01460	0.01030	0.00847	0.00911	0.00215	0.10769	0.00521	0.00387	0.00908
16	0.01988	0.68316	0.09110	0.01366	0.02052	0.02904	0.01416	0.02282	0.01546	0.01833	0.01079	0.01247	0.00972	0.00655	0.00505	0.00168	0.00835	0.00418	0.00324	0.00985
17	0.78701	0.01467	0.01115	0.00997	0.01467	0.01702	0.00821	0.02230	0.01291	0.03403	0.01056	0.01232	0.00821	0.00704	0.00469	0.00235	0.00587	0.00411	0.00469	0.00821
18	0.01318	0.00659	0.00988	0.00988	0.00988	0.00659	0.00659	0.00988	0.00988	0.01318	0.01318	0.02306	0.01318	0.02635	0.02964	0.77931	0.00659	0.00659	0.00329	0.00329
19	0.01526	0.00987	0.01227	0.01216	0.01421	0.00978	0.00896	0.12477	0.01921	0.09201	0.05669	0.48595	0.04103	0.01943	0.00913	0.00287	0.00537	0.04557	0.00741	0.00806
20	0.01769	0.02491	0.18185	0.12286	0.03854	0.07548	0.37910	0.02406	0.01741	0.02308	0.01441	0.01889	0.01076	0.00685	0.00821	0.00247	0.01215	0.00758	0.00364	0.01008
21	0.01499	0.01417	0.02116	0.01819	0.01920	0.01851	0.06161	0.01736	0.01239	0.01887	0.01378	0.02099	0.01293	0.02484	0.21323	0.00570	0.44614	0.00724	0.03073	0.00797
22	0.33553	0.01744	0.01503	0.01285	0.01722	0.10566	0.01027	0.16154	0.02091	0.06419	0.12611	0.02230	0.02086	0.00917	0.00647	0.00227	0.00700	0.00666	0.02923	0.00931
23	0.16115	0.12075	0.02231	0.01658	0.02140	0.35644	0.01325	0.15591	0.02207	0.02713	0.01268	0.01416	0.01013	0.00777	0.00636	0.00205	0.01049	0.00503	0.00471	0.00965
24	0.52329	0.07407	0.01515	0.01107	0.01626	0.01650	0.00930	0.02553	0.01522	0.18110	0.01506	0.01550	0.01085	0.00747	0.00541	0.00224	0.00618	0.00491	0.00563	0.03928
25	0.02754	0.01305	0.01662	0.01308	0.01808	0.01209	0.01057	0.12284	0.02296	0.42651	0.13464	0.03042	0.02667	0.04343	0.00917	0.00252	0.00626	0.00853	0.00851	0.04652
26	0.01667	0.01665	0.04884	0.11731	0.44392	0.01622	0.04061	0.02168	0.04146	0.02369	0.02268	0.05269	0.08649	0.00900	0.00780	0.00238	0.00848	0.00844	0.00433	0.01067
27	0.05005	0.01965	0.20000	0.01483	0.02105	0.01341	0.01481	0.08160	0.04509	0.22927	0.15205	0.03132	0.07275	0.01058	0.00775	0.00239	0.00714	0.00867	0.00694	0.01067
28	0.01740	0.01529	0.05987	0.01435	0.01863	0.04712	0.05649	0.12800	0.05388	0.08295	0.07647	0.07236	0.22524	0.01416	0.00854	0.00257	0.00690	0.08385	0.00680	0.00912

[dist]
# distance from previous block
# <min> <max>
16	25

[block]
# block no. 4 follows, 26 sequences, length 7
# corresponding to MSA columns:
# 261-267
name=unknown_E
#
# <colnr> <probs for GDERKNQSTAVLIFYWHMCP>
#	G	D	E	R	K	N	Q	S	T	A	V	L	I	F	Y	W	H	M	C	P
0	0.01560	0.07538	0.50788	0.13130	0.07666	0.01826	0.02574	0.02317	0.01593	0.02298	0.01345	0.01662	0.00985	0.00719	0.00715	0.00237	0.01071	0.00576	0.00327	0.01074
1	0.09655	0.08625	0.07892	0.05645	0.14747	0.10170	0.05895	0.09271	0.05338	0.13104	0.01696	0.01843	0.01258	0.00778	0.00703	0.00225	0.00905	0.00632	0.00524	0.01093
2	0.01556	0.01033	0.01294	0.04232	0.01564	0.00997	0.00896	0.07615	0.04201	0.10428	0.31692	0.12015	0.07656	0.05118	0.00996	0.00264	0.00514	0.01216	0.00750	0.05962
3	0.06188	0.17206	0.08608	0.10818	0.10144	0.19837	0.01691	0.12434	0.02026	0.02508	0.01311	0.01562	0.01045	0.00750	0.00664	0.00210	0.01010	0.00549	0.00424	0.01013
4	0.02397	0.02090	0.08050	0.01611	0.02170	0.05487	0.01399	0.40099	0.10076	0.03901	0.02187	0.02217	0.03985	0.00935	0.00731	0.00225	0.00788	0.00719	0.09780	0.01150
5	0.02247	0.01504	0.01694	0.01417	0.01815	0.01603	0.01137	0.34142	0.02574	0.09489	0.02419	0.03581	0.02135	0.14143	0.01347	0.00335	0.00745	0.10605	0.06062	0.01007
6	0.01927	0.22323	0.07984	0.19845	0.12135	0.11000	0.01766	0.06690	0.01781	0.02193	0.01423	0.05044	0.01230	0.00805	0.00678	0.00216	0.00955	0.00638	0.00392	0.00976

[dist]
# distance from previous block
# <min> <max>
0	4

[block]
# block no. 5 follows, 26 sequences, length 8
# corresponding to MSA columns:
# 272-279
name=unknown_F
#
# <colnr> <probs for GDERKNQSTAVLIFYWHMCP>
#	G	D	E	R	K	N	Q	S	T	A	V	L	I	F	Y	W	H	M	C	P
0	0.02409	0.14948	0.17342	0.01830	0.02448	0.29224	0.01715	0.09979	0.02054	0.06634	0.01380	0.01535	0.01067	0.00791	0.00739	0.00211	0.03698	0.00537	0.00439	0.01020
1	0.10678	0.17302	0.27598	0.05128	0.06843	0.01939	0.01882	0.02604	0.06358	0.10566	0.01590	0.01726	0.01175	0.00752	0.00656	0.00224	0.00882	0.00570	0.00450	0.01075
2	0.01849	0.01220	0.01452	0.01294	0.01612	0.01249	0.01010	0.19567	0.05172	0.10442	0.15117	0.19334	0.06313	0.01571	0.00953	0.03552	0.00591	0.06030	0.00756	0.00917
3	0.01682	0.35598	0.20466	0.01745	0.07576	0.02128	0.01663	0.02104	0.01605	0.02112	0.06379	0.10265	0.01918	0.00942	0.00657	0.00211	0.00823	0.00747	0.00410	0.00969
4	0.02122	0.01754	0.05827	0.01429	0.01951	0.01710	0.01219	0.35642	0.06493	0.03663	0.03131	0.03092	0.15540	0.01096	0.00755	0.00225	0.00687	0.00867	0.07007	0.05788
5	0.01608	0.05633	0.01526	0.01226	0.01597	0.01324	0.00957	0.07608	0.19089	0.05688	0.11998	0.15281	0.11853	0.01353	0.00795	0.00237	0.00543	0.01150	0.00701	0.09834
6	0.05934	0.30274	0.19656	0.01528	0.02193	0.08598	0.01580	0.04893	0.01730	0.04321	0.03778	0.05138	0.05705	0.00889	0.00644	0.00209	0.00869	0.00660	0.00431	0.00972
7	0.08822	0.01307	0.01898	0.44140	0.03781	0.01550	0.01647	0.08389	0.01694	0.02369	0.01912	0.15507	0.01790	0.01079	0.00771	0.00259	0.00843	0.00934	0.00463	0.00843

[dist]
# distance from previous block
# <min> <max>
6	13

[block]
# block no. 6 follows, 26 sequences, length 7
# corresponding to MSA columns:
# 293-299
name=unknown_G
#
# <colnr> <probs for GDERKNQSTAVLIFYWHMCP>
#	G	D	E	R	K	N	Q	S	T	A	V	L	I	F	Y	W	H	M	C	P
0	0.01718	0.01318	0.01526	0.01194	0.01734	0.01135	0.00941	0.09163	0.05085	0.06746	0.02394	0.11167	0.06474	0.00973	0.00682	0.00175	0.00571	0.00813	0.00580	0.45612
1	0.02075	0.01439	0.01726	0.06263	0.02087	0.01387	0.01142	0.19835	0.02294	0.12358	0.11088	0.02849	0.04429	0.00968	0.00735	0.00203	0.00653	0.03385	0.00666	0.24418
2	0.08526	0.14947	0.02058	0.01496	0.04077	0.23469	0.01157	0.02401	0.07426	0.02215	0.02551	0.02603	0.13671	0.00957	0.00666	0.00201	0.00846	0.00708	0.00483	0.09542
3	0.11824	0.01509	0.01663	0.01384	0.01793	0.01656	0.01115	0.23391	0.10356	0.08603	0.18499	0.03049	0.05064	0.01120	0.00874	0.00243	0.05231	0.00875	0.00727	0.01027
4	0.11871	0.08747	0.30987	0.01997	0.05519	0.01716	0.10588	0.02308	0.01647	0.06380	0.05895	0.05773	0.01654	0.00855	0.00719	0.00237	0.00922	0.00728	0.00441	0.01015
5	0.01962	0.19346	0.04221	0.01399	0.01830	0.09163	0.01192	0.05892	0.07457	0.08012	0.09286	0.02796	0.02223	0.07831	0.01106	0.00265	0.05373	0.03744	0.00544	0.06357
6	0.10648	0.26389	0.25780	0.01598	0.02325	0.08003	0.01725	0.02387	0.04786	0.02314	0.03996	0.01832	0.03734	0.00790	0.00627	0.00211	0.00898	0.00569	0.00400	0.00988

[dist]
# distance from previous block
# <min> <max>
0	14

[block]
# block no. 7 follows, 26 sequences, length 9
# corresponding to MSA columns:
# 314-322
name=unknown_H
#
# <colnr> <probs for GDERKNQSTAVLIFYWHMCP>
#	G	D	E	R	K	N	Q	S	T	A	V	L	I	F	Y	W	H	M	C	P
0	0.01597	0.01505	0.11871	0.01268	0.01661	0.04972	0.01146	0.02004	0.02026	0.13013	0.40125	0.08173	0.04892	0.01329	0.00839	0.00240	0.00585	0.01145	0.00737	0.00872
1	0.01630	0.07740	0.38362	0.02523	0.09018	0.01828	0.18896	0.02338	0.01689	0.02412	0.05270	0.01951	0.01392	0.00739	0.00763	0.00238	0.01077	0.00694	0.00372	0.01069
2	0.10004	0.06971	0.14707	0.10346	0.09370	0.05716	0.15677	0.02445	0.05275	0.05514	0.05550	0.02052	0.01508	0.00777	0.00737	0.00236	0.00962	0.00701	0.00445	0.01007
3	0.10064	0.30821	0.08227	0.01446	0.01976	0.10751	0.01338	0.02370	0.06357	0.02273	0.07783	0.01866	0.01663	0.00837	0.00735	0.00205	0.05864	0.00576	0.00436	0.04415
4	0.05636	0.01312	0.01555	0.01277	0.01735	0.01275	0.01014	0.10205	0.11401	0.24277	0.13327	0.06417	0.04338	0.02782	0.00834	0.00239	0.00588	0.00909	0.00771	0.10106
5	0.06157	0.02902	0.43000	0.01973	0.05895	0.01645	0.02162	0.02271	0.05380	0.02499	0.07420	0.02388	0.06065	0.00928	0.00863	0.00248	0.06032	0.00719	0.00427	0.01024
6	0.01773	0.05489	0.01658	0.01217	0.01713	0.01308	0.00977	0.13273	0.05004	0.06510	0.11597	0.07837	0.07960	0.01050	0.00716	0.00192	0.00579	0.00870	0.00631	0.29647
7	0.01421	0.05044	0.09501	0.01174	0.01543	0.01056	0.01048	0.04836	0.02022	0.08107	0.36635	0.09533	0.12257	0.01426	0.00841	0.00241	0.00529	0.01224	0.00727	0.00836
8	0.03254	0.04249	0.09673	0.01478	0.01919	0.01137	0.10784	0.01673	0.01673	0.02351	0.13140	0.22404	0.10215	0.01393	0.00824	0.00242	0.00662	0.01259	0.00576	0.11094

[dist]
# distance from previous block
# <min> <max>
1	9

[block]
# block no. 8 follows, 26 sequences, length 46
# corresponding to MSA columns:
# 332-377
name=unknown_I
#
# <colnr> <probs for GDERKNQSTAVLIFYWHMCP>
#	G	D	E	R	K	N	Q	S	T	A	V	L	I	F	Y	W	H	M	C	P
0	0.02640	0.01892	0.02033	0.01608	0.02124	0.05271	0.01312	0.40942	0.05696	0.12360	0.05912	0.02185	0.01743	0.00961	0.00843	0.00229	0.04578	0.00724	0.03269	0.03676
1	0.02629	0.02032	0.05382	0.01638	0.02280	0.02026	0.01397	0.48552	0.03055	0.08115	0.01790	0.01814	0.01281	0.00845	0.00724	0.00209	0.00792	0.00643	0.00697	0.14100
2	0.15181	0.01732	0.10629	0.03577	0.04227	0.01465	0.01311	0.12293	0.03983	0.16807	0.08280	0.02789	0.08884	0.00993	0.00722	0.00232	0.00689	0.00787	0.00649	0.04767
3	0.04097	0.09291	0.07008	0.07806	0.26099	0.13282	0.05176	0.02699	0.12575	0.02401	0.01608	0.01869	0.01284	0.00757	0.00716	0.00224	0.00953	0.00645	0.00435	0.01075
4	0.06066	0.01843	0.01896	0.01573	0.02076	0.04130	0.01261	0.30123	0.29814	0.05914	0.02601	0.02477	0.04811	0.00994	0.00754	0.00241	0.00715	0.00782	0.00742	0.01187
5	0.01487	0.01019	0.01234	0.01167	0.01358	0.01055	0.00864	0.15223	0.01868	0.02530	0.07982	0.20912	0.05890	0.08332	0.05794	0.14225	0.00689	0.04292	0.03362	0.00717
6	0.17272	0.01866	0.01652	0.01491	0.04163	0.14685	0.01130	0.14777	0.07638	0.08840	0.05981	0.02856	0.12495	0.01046	0.00718	0.00231	0.00757	0.00798	0.00630	0.00975
7	0.01268	0.00659	0.00974	0.00997	0.01002	0.00653	0.00665	0.00997	0.01047	0.01396	0.01681	0.11256	0.01787	0.02602	0.02711	0.68083	0.00631	0.00849	0.00377	0.00366
8	0.02103	0.02671	0.13287	0.03466	0.38772	0.21969	0.02149	0.02546	0.01832	0.02283	0.01341	0.01684	0.01097	0.00714	0.00726	0.00219	0.01073	0.00602	0.00371	0.01094
9	0.01439	0.01970	0.19567	0.01677	0.02306	0.01309	0.10272	0.01929	0.01665	0.02426	0.10977	0.08143	0.05797	0.01004	0.00844	0.00217	0.04474	0.00872	0.00487	0.22625
10	0.06059	0.03779	0.65398	0.02093	0.03176	0.01758	0.02686	0.02392	0.01583	0.02461	0.01343	0.01580	0.00953	0.00720	0.00706	0.00240	0.01090	0.00552	0.00329	0.01103
11	0.02272	0.46178	0.05765	0.01520	0.02110	0.19479	0.01391	0.04687	0.04585	0.04011	0.01266	0.01399	0.01069	0.00718	0.00574	0.00182	0.00947	0.00471	0.00393	0.00985
12	0.01980	0.03809	0.01773	0.01403	0.01837	0.01591	0.03831	0.25437	0.09944	0.06430	0.03440	0.05467	0.16768	0.01545	0.06150	0.00313	0.00765	0.00970	0.05541	0.01007
13	0.02057	0.56101	0.09551	0.01402	0.02054	0.06711	0.01408	0.02364	0.01644	0.05408	0.04304	0.01538	0.01306	0.00720	0.00553	0.00179	0.00843	0.00488	0.00384	0.00986
14	0.03315	0.01294	0.01751	0.01339	0.01930	0.01110	0.01104	0.03611	0.02142	0.65934	0.02913	0.02533	0.01841	0.00921	0.00753	0.00229	0.00641	0.00748	0.00915	0.04975
15	0.01573	0.01348	0.01573	0.01123	0.01798	0.01011	0.00899	0.01910	0.01573	0.02472	0.01348	0.01573	0.01123	0.00562	0.00562	0.00112	0.00562	0.00449	0.00449	0.77980
16	0.05741	0.02050	0.11083	0.11891	0.33204	0.06030	0.02013	0.06414	0.01829	0.05760	0.01843	0.02145	0.05097	0.00801	0.00739	0.00232	0.00910	0.00695	0.00440	0.01083
17	0.01018	0.00800	0.00924	0.00914	0.01122	0.00728	0.00677	0.01362	0.05036	0.02481	0.30910	0.14267	0.33436	0.01786	0.00898	0.00255	0.00391	0.01541	0.00759	0.00694
18	0.01820	0.06126	0.01964	0.04689	0.02129	0.01397	0.03506	0.09735	0.03962	0.04524	0.01494	0.01687	0.01189	0.00647	0.00615	0.00150	0.00662	0.00524	0.00494	0.52686
19	0.01767	0.08625	0.48022	0.02368	0.11457	0.01929	0.02467	0.09988	0.01848	0.02650	0.01402	0.01634	0.01032	0.00732	0.00712	0.00231	0.01036	0.00578	0.00380	0.01141
20	0.14988	0.14745	0.01699	0.01085	0.01465	0.01518	0.00900	0.07574	0.01691	0.10160	0.01922	0.02329	0.01570	0.07202	0.07152	0.00335	0.00736	0.00646	0.21414	0.00869
21	0.01122	0.00838	0.01217	0.01160	0.01273	0.00912	0.03634	0.01308	0.01201	0.01682	0.02144	0.03680	0.02185	0.30739	0.42435	0.00996	0.01514	0.00925	0.00425	0.00611
22	0.01933	0.01652	0.01741	0.01553	0.01990	0.01908	0.01212	0.06907	0.64289	0.03247	0.03029	0.02783	0.02268	0.01024	0.00771	0.00256	0.00611	0.00849	0.00771	0.01205
23	0.01622	0.01466	0.02200	0.08983	0.36631	0.04578	0.01710	0.01990	0.01663	0.02332	0.02166	0.15480	0.02123	0.01097	0.00779	0.00242	0.00775	0.04052	0.09146	0.00967
24	0.01210	0.00806	0.01058	0.00977	0.01180	0.00739	0.00739	0.01565	0.02148	0.06927	0.64377	0.05485	0.06847	0.01515	0.00887	0.00238	0.00375	0.01336	0.00841	0.00750
25	0.09852	0.01306	0.01705	0.01319	0.01896	0.01165	0.01090	0.03571	0.02096	0.63507	0.02827	0.02466	0.01787	0.00919	0.00738	0.00235	0.00640	0.00733	0.00899	0.01251
26	0.01521	0.03923	0.69413	0.02162	0.03283	0.01762	0.02802	0.02402	0.01601	0.02402	0.01361	0.01601	0.00961	0.00721	0.00721	0.00240	0.01121	0.00560	0.00320	0.01121
27	0.06500	0.01762	0.04274	0.01545	0.02112	0.01784	0.01293	0.24980	0.18982	0.24925	0.02463	0.02283	0.01703	0.00933	0.00748	0.00238	0.00713	0.00735	0.00790	0.01239
28	0.01861	0.01831	0.02867	0.03866	0.49423	0.05435	0.06085	0.02389	0.05604	0.02486	0.05784	0.02149	0.01624	0.00789	0.00853	0.00234	0.04435	0.00734	0.00427	0.01123
29	0.01092	0.00737	0.00824	0.00824	0.00838	0.00730	0.00466	0.01102	0.01136	0.01501	0.02665	0.05085	0.06168	0.69627	0.03706	0.00710	0.00717	0.01129	0.00472	0.00469
30	0.01752	0.01513	0.01957	0.01412	0.02088	0.01265	0.07673	0.09627	0.01833	0.02743	0.01424	0.01651	0.01146	0.00611	0.00620	0.00141	0.00668	0.00523	0.00480	0.60873
31	0.00947	0.00764	0.00846	0.00862	0.01080	0.00663	0.00647	0.01170	0.01774	0.02219	0.17494	0.13592	0.48143	0.01912	0.00911	0.00263	0.00402	0.04929	0.00726	0.00654
32	0.01816	0.04888	0.06009	0.03488	0.44728	0.01726	0.01956	0.02424	0.08078	0.02511	0.01556	0.01877	0.01275	0.00692	0.00708	0.00207	0.00821	0.00638	0.00422	0.14179
33	0.01074	0.00775	0.01014	0.00954	0.01133	0.00716	0.00716	0.01431	0.02147	0.03042	0.68211	0.05666	0.07157	0.01551	0.00895	0.00239	0.00358	0.01372	0.00835	0.00716
34	0.01576	0.11486	0.62331	0.02068	0.03138	0.01896	0.02640	0.02388	0.01595	0.02335	0.01328	0.01560	0.00962	0.00713	0.00695	0.00232	0.01087	0.00544	0.00321	0.01105
35	0.01732	0.23145	0.36949	0.02325	0.11255	0.02129	0.07798	0.02358	0.01617	0.02240	0.01298	0.01567	0.01011	0.00688	0.00674	0.00218	0.01020	0.00561	0.00334	0.01081
36	0.01088	0.00729	0.00832	0.00847	0.00851	0.00725	0.00481	0.01099	0.01133	0.01511	0.02544	0.10809	0.02952	0.67233	0.03612	0.00699	0.00710	0.01194	0.00481	0.00473
37	0.01102	0.00739	0.00848	0.00848	0.00855	0.00747	0.00486	0.01116	0.01109	0.01486	0.02371	0.04858	0.02712	0.69724	0.07417	0.00761	0.00805	0.01088	0.00457	0.00471
38	0.02187	0.02414	0.10810	0.20374	0.08867	0.16422	0.01858	0.19508	0.05274	0.02843	0.01526	0.01802	0.01149	0.00805	0.00738	0.00230	0.01025	0.00631	0.00483	0.01053
39	0.00987	0.00705	0.00913	0.01024	0.01084	0.00688	0.00692	0.01118	0.01377	0.01837	0.03739	0.45654	0.07330	0.17325	0.09378	0.00497	0.00686	0.03751	0.00620	0.00595
40	0.01102	0.00738	0.00841	0.00841	0.00846	0.00743	0.00477	0.01112	0.01107	0.01481	0.02377	0.04893	0.02727	0.70929	0.06233	0.00753	0.00782	0.01093	0.00458	0.00467
41	0.01073	0.00738	0.00823	0.00829	0.00892	0.00711	0.00508	0.01147	0.01302	0.01736	0.06657	0.08648	0.14164	0.50636	0.02906	0.00581	0.00624	0.01234	0.04269	0.00523
42	0.02832	0.02099	0.02247	0.01735	0.02332	0.02328	0.01429	0.62853	0.06880	0.04697	0.01887	0.01874	0.01343	0.00917	0.00759	0.00229	0.00822	0.00692	0.00759	0.01285
43	0.02063	0.70698	0.03894	0.01327	0.01964	0.05975	0.01305	0.02305	0.01568	0.01788	0.01060	0.01223	0.00974	0.00655	0.00495	0.00164	0.00836	0.00409	0.00327	0.00969
44	0.11369	0.45276	0.07050	0.01422	0.02031	0.13490	0.01345	0.02484	0.01652	0.06185	0.01211	0.01350	0.01011	0.00699	0.00547	0.00185	0.00882	0.00451	0.00390	0.00968
45	0.13724	0.01331	0.01639	0.01300	0.01837	0.01258	0.01065	0.05632	0.05578	0.49877	0.06796	0.02572	0.02064	0.00948	0.00730	0.00236	0.00624	0.00754	0.00851	0.01184

[dist]
# distance from previous block
# <min> <max>
0	2

[block]
# block no. 9 follows, 26 sequences, length 29
# corresponding to MSA columns:
# 380-408
name=unknown_J
#
# <colnr> <probs for GDERKNQSTAVLIFYWHMCP>
#	G	D	E	R	K	N	Q	S	T	A	V	L	I	F	Y	W	H	M	C	P
0	0.01103	0.00735	0.00827	0.00827	0.00827	0.00735	0.00460	0.01103	0.01103	0.01471	0.02390	0.04964	0.02758	0.73343	0.03861	0.00735	0.00735	0.01103	0.00460	0.00460
1	0.01257	0.01110	0.01649	0.01591	0.06591	0.01088	0.09442	0.01754	0.08548	0.02437	0.18372	0.17992	0.19770	0.01557	0.00935	0.00263	0.02782	0.01391	0.00662	0.00808
2	0.01542	0.03803	0.65655	0.02303	0.06984	0.01764	0.02776	0.02398	0.01609	0.02406	0.01365	0.01617	0.00974	0.00718	0.00722	0.00239	0.01109	0.00567	0.00323	0.01126
3	0.02883	0.02125	0.02276	0.01745	0.02352	0.02352	0.01442	0.66082	0.03566	0.04780	0.01821	0.01821	0.01290	0.00911	0.00759	0.00228	0.00835	0.00683	0.00759	0.01290
4	0.01101	0.00742	0.00863	0.00863	0.00875	0.00755	0.00504	0.01126	0.01114	0.01497	0.02357	0.04783	0.02679	0.67177	0.09919	0.00779	0.00854	0.01077	0.00455	0.00479
5	0.01622	0.01607	0.02315	0.13616	0.02532	0.02217	0.01734	0.01844	0.01221	0.01844	0.01055	0.01720	0.00998	0.01232	0.02200	0.00319	0.60094	0.00666	0.00333	0.00832
6	0.01836	0.01897	0.02674	0.31157	0.30635	0.11883	0.04690	0.02278	0.01707	0.02166	0.01362	0.01867	0.01089	0.00723	0.00750	0.00233	0.01030	0.00656	0.00363	0.01002
7	0.01974	0.01995	0.02766	0.21754	0.31775	0.12031	0.06782	0.07390	0.01884	0.02420	0.01407	0.01848	0.01120	0.00730	0.00754	0.00231	0.01023	0.00664	0.00398	0.01051
8	0.01523	0.00812	0.00823	0.00784	0.00993	0.00829	0.00598	0.06538	0.01737	0.02973	0.02426	0.02753	0.01896	0.00886	0.00547	0.00181	0.00389	0.00705	0.71857	0.00750
9	0.78701	0.01467	0.01115	0.00997	0.01467	0.01702	0.00821	0.02230	0.01291	0.03403	0.01056	0.01232	0.00821	0.00704	0.00469	0.00235	0.00587	0.00411	0.00469	0.00821
10	0.02028	0.73799	0.03975	0.01298	0.01947	0.03001	0.01298	0.02271	0.01541	0.01785	0.01055	0.01217	0.00973	0.00649	0.00487	0.00162	0.00811	0.00406	0.00324	0.00973
11	0.01877	0.01802	0.03079	0.04656	0.68612	0.01802	0.02328	0.02328	0.01727	0.02478	0.01427	0.01877	0.01201	0.00676	0.00751	0.00225	0.00901	0.00676	0.00375	0.01201
12	0.01724	0.31821	0.43287	0.01817	0.02749	0.02257	0.02202	0.02350	0.01577	0.02156	0.01239	0.01448	0.00966	0.00692	0.00627	0.00209	0.00997	0.00499	0.00322	0.01062
13	0.01048	0.00712	0.00843	0.00897	0.00911	0.00699	0.00534	0.01089	0.01210	0.01613	0.02937	0.25719	0.03448	0.51646	0.02976	0.00605	0.00645	0.01425	0.00534	0.00507
14	0.01666	0.01586	0.02696	0.36484	0.38438	0.01747	0.02222	0.02142	0.01627	0.02221	0.01389	0.01946	0.01111	0.00715	0.00754	0.00238	0.00953	0.00675	0.00357	0.01031
15	0.01492	0.00782	0.00790	0.00762	0.00962	0.00794	0.00579	0.05184	0.01696	0.02932	0.02440	0.02774	0.01909	0.00885	0.00542	0.00179	0.00379	0.00706	0.73474	0.00738
16	0.07474	0.01794	0.01873	0.01578	0.02072	0.02039	0.01260	0.25869	0.40212	0.03758	0.02501	0.02364	0.01851	0.00965	0.00747	0.00245	0.00682	0.00765	0.00747	0.01206
17	0.02353	0.01841	0.02241	0.01713	0.02299	0.01902	0.07746	0.41819	0.02825	0.03857	0.01910	0.08045	0.01572	0.00946	0.00754	0.00216	0.00793	0.00790	0.00658	0.15720
18	0.01318	0.00659	0.00988	0.00988	0.00988	0.00659	0.00659	0.00988	0.00988	0.01318	0.01318	0.02306	0.01318	0.02635	0.02964	0.77931	0.00659	0.00659	0.00329	0.00329
19	0.01666	0.01528	0.02467	0.16975	0.06069	0.01777	0.13770	0.07380	0.01648	0.02356	0.01594	0.04575	0.01358	0.01229	0.04923	0.00316	0.19862	0.00778	0.08829	0.00897
20	0.01533	0.01313	0.01574	0.04781	0.01940	0.01026	0.00952	0.01868	0.01564	0.02417	0.01491	0.05197	0.01314	0.00664	0.00592	0.00130	0.00579	0.00547	0.00456	0.70060
21	0.01656	0.04206	0.02624	0.02097	0.02233	0.02208	0.10876	0.01892	0.01280	0.01917	0.01227	0.05073	0.01208	0.01254	0.02116	0.00314	0.55853	0.00759	0.00357	0.00853
22	0.01678	0.28549	0.42654	0.01806	0.02709	0.02159	0.02172	0.02301	0.01560	0.02150	0.01287	0.01537	0.01014	0.00954	0.04258	0.00263	0.01058	0.00519	0.00326	0.01046
23	0.01754	0.02334	0.20168	0.07526	0.39599	0.01799	0.07514	0.02419	0.04998	0.02459	0.01498	0.01876	0.01181	0.00707	0.00756	0.00235	0.00979	0.00673	0.00380	0.01146
