[name]
unknown

[dist]
# distance from previous block
# <min> <max>
6	46

[block]
# block no. 0 follows, 28 sequences, length 9
# corresponding to MSA columns:
# 48-56
name=unknown_A
#
# <colnr> <probs for GDERKNQSTAVLIFYWHMCP>
#	G	D	E	R	K	N	Q	S	T	A	V	L	I	F	Y	W	H	M	C	P
0	0.08691	0.01365	0.01567	0.01209	0.01749	0.01253	0.00973	0.07297	0.06392	0.10721	0.01689	0.04353	0.01360	0.00754	0.00697	0.00169	0.04504	0.00579	0.00536	0.44143
1	0.01475	0.01395	0.02004	0.11379	0.02234	0.01779	0.03690	0.01769	0.03638	0.01842	0.01314	0.02066	0.01235	0.07891	0.07637	0.00390	0.40542	0.00685	0.00361	0.06674
2	0.04708	0.01146	0.01138	0.03224	0.01398	0.05626	0.00803	0.08560	0.06489	0.02366	0.10356	0.10817	0.27818	0.10950	0.01176	0.00300	0.00564	0.01208	0.00626	0.00728
3	0.01200	0.00869	0.00961	0.00928	0.01033	0.00893	0.00599	0.04969	0.08733	0.01851	0.02964	0.10065	0.09213	0.49559	0.02715	0.00551	0.00640	0.01136	0.00530	0.00591
4	0.01214	0.00964	0.00997	0.00956	0.01230	0.00972	0.00726	0.01966	0.21203	0.02389	0.05164	0.07951	0.36719	0.01457	0.00773	0.00236	0.00427	0.01217	0.12660	0.00779
5	0.02232	0.02134	0.01892	0.05591	0.05808	0.23821	0.01336	0.20566	0.07289	0.02831	0.01786	0.02233	0.01459	0.00906	0.00748	0.00216	0.03151	0.04842	0.10202	0.00957
6	0.09040	0.01624	0.01706	0.01359	0.01860	0.01731	0.01103	0.35765	0.09864	0.03662	0.02178	0.02200	0.05835	0.00884	0.00668	0.00205	0.00650	0.00680	0.07507	0.11479
7	0.02037	0.01741	0.02129	0.28530	0.07958	0.06790	0.01629	0.28965	0.02324	0.03014	0.01762	0.04899	0.03266	0.00879	0.00733	0.00229	0.00876	0.00721	0.00521	0.00996
8	0.01181	0.00863	0.01096	0.01029	0.01162	0.00888	0.00741	0.03654	0.01501	0.02121	0.20370	0.12264	0.03569	0.20100	0.08047	0.05718	0.06133	0.01095	0.02358	0.06110

[dist]
# distance from previous block
# <min> <max>
50	74

[block]
# block no. 1 follows, 28 sequences, length 36
# corresponding to MSA columns:
# 155-190
name=unknown_B
#
# <colnr> <probs for GDERKNQSTAVLIFYWHMCP>
#	G	D	E	R	K	N	Q	S	T	A	V	L	I	F	Y	W	H	M	C	P
0	0.01533	0.01518	0.05546	0.01406	0.02040	0.01189	0.08337	0.01905	0.01505	0.02318	0.01289	0.01564	0.01063	0.00605	0.00708	0.00144	0.05609	0.00498	0.00409	0.60815
1	0.01462	0.07019	0.60577	0.02006	0.02998	0.01696	0.05510	0.02230	0.01547	0.02256	0.01620	0.01827	0.04587	0.00745	0.00696	0.00228	0.01029	0.00598	0.00330	0.01038
2	0.01808	0.01561	0.01644	0.01479	0.01890	0.01808	0.01151	0.03863	0.68606	0.03041	0.02959	0.02712	0.02219	0.00986	0.00740	0.00247	0.00575	0.00822	0.00740	0.01151
3	0.01148	0.07235	0.01184	0.00931	0.01221	0.03154	0.00730	0.01584	0.09672	0.02213	0.15852	0.05569	0.43801	0.01546	0.00805	0.00233	0.00453	0.01285	0.00662	0.00723
4	0.01940	0.65289	0.09443	0.01346	0.01994	0.06157	0.01375	0.02223	0.01511	0.01764	0.01041	0.01205	0.00932	0.00634	0.00495	0.00163	0.00829	0.00405	0.00314	0.00940
5	0.01057	0.00705	0.00793	0.00793	0.00793	0.00705	0.00440	0.01057	0.01057	0.01409	0.02290	0.04757	0.02643	0.74454	0.03700	0.00705	0.00705	0.01057	0.00440	0.00440
6	0.01057	0.00705	0.00793	0.00793	0.00793	0.00705	0.00440	0.01057	0.01057	0.01409	0.02290	0.04757	0.02643	0.74454	0.03700	0.00705	0.00705	0.01057	0.00440	0.00440
7	0.01158	0.00839	0.01062	0.00971	0.01173	0.00803	0.00738	0.06297	0.02159	0.03039	0.64487	0.05155	0.06440	0.01440	0.00848	0.00228	0.00377	0.01265	0.00795	0.00727
8	0.02763	0.02036	0.02182	0.01672	0.02254	0.02254	0.01382	0.67496	0.03418	0.04581	0.01745	0.01745	0.01236	0.00873	0.00727	0.00218	0.00800	0.00654	0.00727	0.01236
9	0.01878	0.65334	0.12794	0.01355	0.02038	0.02717	0.01438	0.02193	0.01485	0.01790	0.01050	0.01216	0.00931	0.00631	0.00497	0.00166	0.00817	0.00409	0.00310	0.00952
10	0.03116	0.01269	0.01683	0.01312	0.01859	0.01142	0.01077	0.03574	0.08721	0.63697	0.02877	0.02498	0.01841	0.00908	0.00732	0.00227	0.00614	0.00740	0.00884	0.01228
11	0.01464	0.03665	0.67688	0.02065	0.03092	0.01712	0.02638	0.02278	0.01516	0.02278	0.01289	0.01537	0.00922	0.00716	0.00765	0.00234	0.04231	0.00541	0.00307	0.01062
12	0.79588	0.01406	0.01068	0.00956	0.01406	0.01631	0.00787	0.02137	0.01237	0.03261	0.01012	0.01181	0.00787	0.00675	0.00450	0.00225	0.00562	0.00394	0.00450	0.00787
13	0.01943	0.74891	0.03809	0.01244	0.01866	0.02876	0.01244	0.02177	0.01477	0.01710	0.01011	0.01166	0.00933	0.00622	0.00466	0.00155	0.00777	0.00389	0.00311	0.00933
14	0.01507	0.01292	0.01507	0.01077	0.01723	0.00969	0.00861	0.01830	0.01507	0.02369	0.01292	0.01507	0.01077	0.00538	0.00538	0.00108	0.00538	0.00431	0.00431	0.78898
15	0.01943	0.74891	0.03809	0.01244	0.01866	0.02876	0.01244	0.02177	0.01477	0.01710	0.01011	0.01166	0.00933	0.00622	0.00466	0.00155	0.00777	0.00389	0.00311	0.00933
16	0.01446	0.00810	0.00885	0.06106	0.01247	0.00848	0.00676	0.05908	0.01640	0.02766	0.02251	0.02591	0.01757	0.00840	0.00538	0.00178	0.00415	0.00674	0.67702	0.00723
17	0.01507	0.01292	0.01507	0.01077	0.01723	0.00969	0.00861	0.01830	0.01507	0.02369	0.01292	0.01507	0.01077	0.00538	0.00538	0.00108	0.00538	0.00431	0.00431	0.78898
18	0.02395	0.01853	0.01974	0.01598	0.02114	0.02082	0.01293	0.42974	0.28539	0.03988	0.02213	0.02118	0.01615	0.00916	0.00732	0.00229	0.00713	0.00719	0.00732	0.01203
19	0.01749	0.07543	0.16449	0.02882	0.26089	0.04105	0.14357	0.04202	0.01678	0.02349	0.01342	0.01675	0.01066	0.00644	0.00696	0.00205	0.00939	0.00613	0.00368	0.11048
20	0.79588	0.01406	0.01068	0.00956	0.01406	0.01631	0.00787	0.02137	0.01237	0.03261	0.01012	0.01181	0.00787	0.00675	0.00450	0.00225	0.00562	0.00394	0.00450	0.00787
21	0.01055	0.00759	0.01066	0.01066	0.01169	0.00855	0.00790	0.01261	0.01158	0.01666	0.02039	0.03268	0.02001	0.20441	0.53872	0.01027	0.01611	0.00836	0.03456	0.00604
22	0.02724	0.01912	0.02070	0.01596	0.02155	0.02093	0.01315	0.59782	0.03230	0.08927	0.01853	0.01844	0.01307	0.00873	0.00716	0.00216	0.00764	0.00661	0.04756	0.01207
23	0.02718	0.02009	0.02157	0.01651	0.02235	0.02208	0.01363	0.65145	0.03349	0.04502	0.01729	0.01737	0.01230	0.00861	0.00720	0.00214	0.00791	0.00646	0.00717	0.04016
24	0.00884	0.00737	0.00770	0.00762	0.00997	0.00624	0.00572	0.01091	0.01715	0.02101	0.16362	0.06769	0.60540	0.01790	0.00859	0.00243	0.00365	0.01502	0.00693	0.00624
25	0.14282	0.06704	0.56150	0.01850	0.02801	0.01734	0.02307	0.02269	0.01483	0.02432	0.01243	0.01459	0.00899	0.00685	0.00641	0.00226	0.00976	0.00507	0.00331	0.01021
26	0.01569	0.07967	0.16860	0.02375	0.03044	0.01728	0.37597	0.02106	0.01575	0.02160	0.01647	0.07900	0.01452	0.05485	0.01023	0.00270	0.03077	0.00862	0.00380	0.00924
27	0.03261	0.01237	0.01687	0.01293	0.01856	0.01068	0.01068	0.03543	0.02081	0.70423	0.02868	0.02474	0.01799	0.00900	0.00731	0.00225	0.00619	0.00731	0.00900	0.01237
28	0.00883	0.00643	0.00833	0.00985	0.01047	0.00593	0.00663	0.01015	0.01418	0.01866	0.04341	0.67302	0.11269	0.02234	0.00921	0.00290	0.00416	0.02013	0.00675	0.00593
29	0.02262	0.02477	0.02188	0.01838	0.02272	0.35674	0.10875	0.07559	0.11693	0.04711	0.06888	0.02212	0.04365	0.00876	0.00728	0.00213	0.01021	0.00704	0.00514	0.00929
30	0.02709	0.01490	0.01766	0.01423	0.01942	0.01525	0.01153	0.15676	0.23343	0.36754	0.02685	0.02412	0.01826	0.00922	0.00733	0.00230	0.00639	0.00745	0.00817	0.01210
31	0.00884	0.00637	0.00838	0.00999	0.01051	0.00592	0.00669	0.01014	0.01404	0.01861	0.04164	0.70844	0.07842	0.02257	0.00925	0.00293	0.00419	0.02042	0.00675	0.00592
32	0.01528	0.01384	0.02211	0.62908	0.07308	0.01683	0.01964	0.08424	0.01658	0.02150	0.01340	0.01913	0.01003	0.00738	0.00727	0.00239	0.00948	0.00647	0.00365	0.00864
33	0.01633	0.02281	0.18326	0.02853	0.07454	0.01751	0.46970	0.02266	0.01661	0.02307	0.01528	0.04677	0.01212	0.00697	0.00817	0.00242	0.01140	0.00824	0.00366	0.00995
34	0.73769	0.01581	0.06254	0.01039	0.01535	0.01635	0.00929	0.02149	0.01259	0.03190	0.01034	0.01207	0.00797	0.00676	0.00468	0.00225	0.00600	0.00404	0.00439	0.00809
35	0.01868	0.01848	0.02817	0.04115	0.61365	0.06931	0.02114	0.02365	0.05144	0.02365	0.01431	0.01810	0.01191	0.00673	0.00716	0.00215	0.00882	0.00643	0.00381	0.01128

[dist]
# distance from previous block
# <min> <max>
0	34

[block]
# block no. 2 follows, 28 sequences, length 8
# corresponding to MSA columns:
# 225-232
name=unknown_C
#
# <colnr> <probs for GDERKNQSTAVLIFYWHMCP>
#	G	D	E	R	K	N	Q	S	T	A	V	L	I	F	Y	W	H	M	C	P
0	0.01041	0.00707	0.00788	0.00788	0.00809	0.00697	0.00450	0.01056	0.01107	0.01456	0.02715	0.04944	0.08251	0.68374	0.03462	0.00666	0.00677	0.01097	0.00460	0.00455
1	0.01002	0.00723	0.00948	0.00932	0.01080	0.00668	0.00684	0.01306	0.01935	0.02720	0.57480	0.18041	0.06481	0.01632	0.00870	0.00241	0.00357	0.01453	0.00777	0.00668
2	0.00890	0.00738	0.00780	0.00769	0.01001	0.00627	0.00577	0.01104	0.01731	0.02139	0.18802	0.06708	0.58077	0.01776	0.00859	0.00242	0.00364	0.01494	0.00698	0.00627
3	0.01029	0.00743	0.00972	0.00914	0.01086	0.00686	0.00686	0.01372	0.02058	0.02915	0.69536	0.05430	0.06859	0.01486	0.00857	0.00229	0.00343	0.01315	0.00800	0.00686
4	0.01029	0.00743	0.00972	0.00914	0.01086	0.00686	0.00686	0.01372	0.02058	0.02915	0.69536	0.05430	0.06859	0.01486	0.00857	0.00229	0.00343	0.01315	0.00800	0.00686
5	0.01876	0.65685	0.07959	0.05842	0.02147	0.02720	0.01385	0.02164	0.01479	0.01757	0.01047	0.01239	0.00934	0.00633	0.00497	0.00166	0.00808	0.00414	0.00311	0.00934
6	0.01943	0.74891	0.03809	0.01244	0.01866	0.02876	0.01244	0.02177	0.01477	0.01710	0.01011	0.01166	0.00933	0.00622	0.00466	0.00155	0.00777	0.00389	0.00311	0.00933
7	0.06517	0.16697	0.53955	0.01849	0.02800	0.01903	0.02300	0.02268	0.01505	0.02254	0.01232	0.01444	0.00915	0.00677	0.00634	0.00216	0.00987	0.00501	0.00317	0.01030

[dist]
# distance from previous block
# <min> <max>
1	6

[block]
# block no. 3 follows, 28 sequences, length 50
# corresponding to MSA columns:
# 239-288
name=unknown_D
#
# <colnr> <probs for GDERKNQSTAVLIFYWHMCP>
#	G	D	E	R	K	N	Q	S	T	A	V	L	I	F	Y	W	H	M	C	P
0	0.01203	0.00964	0.05216	0.00972	0.01240	0.00763	0.00800	0.01523	0.01900	0.08168	0.43630	0.05262	0.19538	0.04462	0.00954	0.00252	0.00430	0.01256	0.00736	0.00729
1	0.01458	0.03760	0.70688	0.02072	0.03146	0.01688	0.02686	0.02302	0.01535	0.02302	0.01304	0.01535	0.00921	0.00691	0.00691	0.00230	0.01074	0.00537	0.00307	0.01074
2	0.79588	0.01406	0.01068	0.00956	0.01406	0.01631	0.00787	0.02137	0.01237	0.03261	0.01012	0.01181	0.00787	0.00675	0.00450	0.00225	0.00562	0.00394	0.00450	0.00787
3	0.02682	0.03259	0.02054	0.01839	0.02233	0.62476	0.01392	0.08719	0.04914	0.02081	0.01255	0.01407	0.01016	0.00770	0.00665	0.00192	0.01235	0.00499	0.00421	0.00891
4	0.00895	0.00647	0.00830	0.00971	0.01030	0.00600	0.00647	0.01018	0.01395	0.01836	0.04215	0.62866	0.10911	0.07089	0.01108	0.00318	0.00436	0.01947	0.00659	0.00583
5	0.01068	0.00763	0.00921	0.00869	0.01084	0.00677	0.00656	0.01353	0.01918	0.05579	0.44737	0.05849	0.28680	0.01585	0.00852	0.00234	0.00364	0.01366	0.00761	0.00685
6	0.01152	0.00823	0.01149	0.01317	0.01476	0.00820	0.01138	0.01473	0.01654	0.02154	0.03859	0.12623	0.04225	0.02026	0.00999	0.00332	0.00653	0.60792	0.00670	0.00664
7	0.07606	0.01280	0.01672	0.01290	0.01847	0.01150	0.01065	0.06148	0.02088	0.63816	0.02714	0.02370	0.01718	0.00886	0.00715	0.00225	0.00623	0.00708	0.00867	0.01211
8	0.03261	0.01237	0.01687	0.01293	0.01856	0.01068	0.01068	0.03543	0.02081	0.70423	0.02868	0.02474	0.01799	0.00900	0.00731	0.00225	0.00619	0.00731	0.00900	0.01237
9	0.02489	0.01900	0.02027	0.01617	0.02150	0.02126	0.01315	0.49218	0.22142	0.04139	0.02094	0.02023	0.01518	0.00905	0.00731	0.00226	0.00735	0.00703	0.00731	0.01212
10	0.01080	0.00837	0.01143	0.01118	0.01169	0.00888	0.03764	0.01178	0.01231	0.01674	0.02799	0.32614	0.03261	0.32928	0.02279	0.00471	0.09066	0.01412	0.00519	0.00568
11	0.02157	0.01315	0.01538	0.01317	0.01740	0.01370	0.01041	0.03327	0.35217	0.25467	0.12223	0.03137	0.04773	0.01052	0.00757	0.00237	0.00551	0.00881	0.00799	0.01099
12	0.02626	0.02063	0.02098	0.01658	0.02202	0.06727	0.01351	0.54306	0.12509	0.04181	0.01875	0.01853	0.01355	0.00881	0.00724	0.00220	0.00802	0.00666	0.00706	0.01198
13	0.01872	0.01314	0.01568	0.01141	0.01769	0.01042	0.00920	0.04967	0.01691	0.14507	0.01590	0.01689	0.01211	0.00617	0.00581	0.00133	0.00564	0.00493	0.00526	0.61803
14	0.01603	0.04446	0.26129	0.16041	0.29106	0.01733	0.06280	0.02191	0.01575	0.02233	0.01328	0.01726	0.01030	0.00674	0.00712	0.00226	0.00975	0.00615	0.00334	0.01045
15	0.02289	0.28957	0.02743	0.01530	0.02047	0.07559	0.06804	0.02686	0.06209	0.21188	0.01824	0.02036	0.01413	0.00839	0.00771	0.00211	0.06124	0.03232	0.00530	0.01009
16	0.00957	0.00755	0.00872	0.00886	0.01099	0.00671	0.00693	0.01208	0.01765	0.02250	0.23102	0.06789	0.41973	0.01776	0.00883	0.00256	0.00413	0.12302	0.00707	0.00642
17	0.10787	0.01274	0.01623	0.01271	0.01813	0.01170	0.01045	0.03422	0.06046	0.59621	0.02688	0.02360	0.01724	0.00883	0.00703	0.00226	0.00610	0.00703	0.00845	0.01187
18	0.01057	0.00705	0.00793	0.00793	0.00793	0.00705	0.00440	0.01057	0.01057	0.01409	0.02290	0.04757	0.02643	0.74454	0.03700	0.00705	0.00705	0.01057	0.00440	0.00440
19	0.01096	0.00783	0.01082	0.01235	0.01373	0.00770	0.01024	0.01383	0.01634	0.02151	0.08303	0.23228	0.04508	0.02035	0.00977	0.00318	0.00590	0.46179	0.00679	0.00652
20	0.00969	0.00741	0.00889	0.00852	0.01049	0.00660	0.00639	0.01256	0.01917	0.02580	0.47649	0.05981	0.28954	0.01611	0.00858	0.00235	0.00352	0.01392	0.00756	0.00660
21	0.01684	0.01610	0.02743	0.22854	0.52425	0.01697	0.02174	0.02130	0.01601	0.02235	0.01347	0.01837	0.01102	0.00669	0.00722	0.00223	0.00892	0.00647	0.00350	0.01059
22	0.01782	0.01914	0.02263	0.01938	0.02024	0.13763	0.03604	0.01960	0.01290	0.01772	0.00998	0.01555	0.00956	0.01165	0.02050	0.00294	0.58920	0.00615	0.00329	0.00809
23	0.79588	0.01406	0.01068	0.00956	0.01406	0.01631	0.00787	0.02137	0.01237	0.03261	0.01012	0.01181	0.00787	0.00675	0.00450	0.00225	0.00562	0.00394	0.00450	0.00787
24	0.02763	0.02036	0.02182	0.01672	0.02254	0.02254	0.01382	0.67496	0.03418	0.04581	0.01745	0.01745	0.01236	0.00873	0.00727	0.00218	0.00800	0.00654	0.00727	0.01236
25	0.79588	0.01406	0.01068	0.00956	0.01406	0.01631	0.00787	0.02137	0.01237	0.03261	0.01012	0.01181	0.00787	0.00675	0.00450	0.00225	0.00562	0.00394	0.00450	0.00787
26	0.00859	0.00736	0.00736	0.00736	0.00982	0.00614	0.00552	0.01043	0.01657	0.01964	0.07364	0.06996	0.69624	0.01841	0.00859	0.00245	0.00368	0.01534	0.00675	0.00614
27	0.00983	0.00741	0.00908	0.00866	0.01058	0.00666	0.00650	0.01283	0.01949	0.02657	0.52680	0.05854	0.23876	0.01582	0.00858	0.00233	0.00350	0.01374	0.00766	0.00666
28	0.02763	0.02036	0.02182	0.01672	0.02254	0.02254	0.01382	0.67496	0.03418	0.04581	0.01745	0.01745	0.01236	0.00873	0.00727	0.00218	0.00800	0.00654	0.00727	0.01236
29	0.01029	0.00743	0.00972	0.00914	0.01086	0.00686	0.00686	0.01372	0.02058	0.02915	0.69536	0.05430	0.06859	0.01486	0.00857	0.00229	0.00343	0.01315	0.00800	0.00686
30	0.75594	0.01439	0.01126	0.00993	0.01450	0.01663	0.00818	0.05535	0.01350	0.03330	0.01050	0.01210	0.00811	0.00685	0.00464	0.00225	0.00575	0.00407	0.00464	0.00811
31	0.01171	0.00837	0.01171	0.01339	0.01506	0.00837	0.01171	0.01506	0.01673	0.02175	0.03849	0.08199	0.04183	0.02008	0.01004	0.00335	0.00669	0.65027	0.00669	0.00669
32	0.01774	0.01681	0.02748	0.08261	0.57855	0.01730	0.02089	0.02403	0.09627	0.02423	0.01552	0.01916	0.01268	0.00693	0.00722	0.00221	0.00836	0.00668	0.00403	0.01130
33	0.09906	0.05944	0.40842	0.02156	0.11062	0.01700	0.04869	0.02328	0.06061	0.02471	0.04934	0.01813	0.01339	0.00739	0.00678	0.00226	0.00915	0.00602	0.00386	0.01028
34	0.01612	0.12325	0.55140	0.01999	0.02957	0.06537	0.05137	0.02328	0.01571	0.02196	0.01264	0.01493	0.00931	0.00683	0.00668	0.00219	0.01060	0.00528	0.00315	0.01038
35	0.01959	0.69659	0.03689	0.01291	0.01881	0.05342	0.01262	0.02188	0.01485	0.01714	0.01013	0.01187	0.00934	0.00650	0.00542	0.00162	0.03405	0.00400	0.00314	0.00925
36	0.00886	0.00633	0.00843	0.01012	0.01054	0.00590	0.00675	0.01012	0.01392	0.01856	0.04006	0.73979	0.04808	0.02277	0.00928	0.00295	0.00422	0.02066	0.00675	0.00590
37	0.01560	0.03488	0.57661	0.02203	0.03192	0.05341	0.11820	0.02337	0.01588	0.02279	0.01319	0.01584	0.00948	0.00683	0.00713	0.00230	0.01108	0.00579	0.00319	0.01049
38	0.01392	0.01311	0.02214	0.69675	0.07890	0.01620	0.02028	0.01874	0.01462	0.01880	0.01295	0.01932	0.00977	0.00723	0.00726	0.00241	0.00964	0.00646	0.00325	0.00823
39	0.00886	0.00633	0.00843	0.01012	0.01054	0.00590	0.00675	0.01012	0.01392	0.01856	0.04006	0.73979	0.04808	0.02277	0.00928	0.00295	0.00422	0.02066	0.00675	0.00590
40	0.02207	0.02368	0.02530	0.05552	0.36880	0.26912	0.01845	0.08722	0.01963	0.02355	0.01313	0.01623	0.01076	0.00708	0.00697	0.00207	0.01022	0.00584	0.00399	0.01037
41	0.00884	0.00637	0.00838	0.00999	0.01051	0.00591	0.00669	0.01014	0.01404	0.01861	0.04162	0.70879	0.07807	0.02257	0.00925	0.00293	0.00419	0.02042	0.00675	0.00591
42	0.01557	0.01337	0.01530	0.01144	0.01751	0.01109	0.00910	0.02169	0.12688	0.02481	0.01570	0.01708	0.01267	0.00613	0.00572	0.00131	0.00544	0.00496	0.00482	0.65943
43	0.00886	0.00633	0.00843	0.01012	0.01054	0.00590	0.00675	0.01012	0.01392	0.01856	0.04006	0.73979	0.04808	0.02277	0.00928	0.00295	0.00422	0.02066	0.00675	0.00590
44	0.01171	0.00837	0.01171	0.01339	0.01506	0.00837	0.01171	0.01506	0.01673	0.02175	0.03849	0.08199	0.04183	0.02008	0.01004	0.00335	0.00669	0.65027	0.00669	0.00669
45	0.02763	0.02036	0.02182	0.01672	0.02254	0.02254	0.01382	0.67496	0.03418	0.04581	0.01745	0.01745	0.01236	0.00873	0.00727	0.00218	0.00800	0.00654	0.00727	0.01236
46	0.01469	0.01252	0.01467	0.01073	0.01682	0.00946	0.00850	0.01781	0.01500	0.02337	0.01457	0.05919	0.01304	0.00644	0.00562	0.00119	0.00531	0.00530	0.00446	0.74130
47	0.01520	0.12925	0.62071	0.01965	0.02981	0.01841	0.02500	0.02286	0.01527	0.02226	0.01267	0.01487	0.00922	0.00682	0.00662	0.00221	0.01036	0.00518	0.00307	0.01056
48	0.02098	0.01864	0.01982	0.02083	0.14001	0.12635	0.01434	0.17180	0.18729	0.04894	0.02265	0.03023	0.01925	0.01032	0.00764	0.00240	0.00808	0.11394	0.00605	0.01044
49	0.01502	0.08840	0.63626	0.02045	0.03075	0.01779	0.04749	0.02294	0.01537	0.02260	0.01289	0.01522	0.00928	0.00683	0.00680	0.00225	0.01058	0.00537	0.00309	0.01061

[dist]
# distance from previous block
# <min> <max>
0	2

[block]
# block no. 4 follows, 28 sequences, length 14
# corresponding to MSA columns:
# 291-304
name=unknown_E
#
# <colnr> <probs for GDERKNQSTAVLIFYWHMCP>
#	G	D	E	R	K	N	Q	S	T	A	V	L	I	F	Y	W	H	M	C	P
0	0.01949	0.64784	0.06419	0.01481	0.05875	0.02736	0.01365	0.04848	0.01569	0.01890	0.01073	0.01241	0.00957	0.00636	0.00501	0.00165	0.00795	0.00421	0.00331	0.00964
1	0.02468	0.01818	0.01988	0.01560	0.02069	0.02001	0.01277	0.56229	0.03129	0.04219	0.08989	0.02209	0.01873	0.01230	0.05251	0.00280	0.00824	0.00733	0.00713	0.01140
2	0.02604	0.01905	0.02036	0.01584	0.02125	0.02107	0.01301	0.59122	0.06508	0.04356	0.01855	0.01870	0.01335	0.00876	0.00710	0.00216	0.00752	0.00665	0.06886	0.01188
3	0.09305	0.01250	0.01638	0.01267	0.01820	0.01113	0.01046	0.03431	0.02014	0.65105	0.02721	0.02372	0.01719	0.00882	0.00709	0.00225	0.00614	0.00704	0.00864	0.01201
4	0.01507	0.01292	0.01507	0.01077	0.01723	0.00969	0.00861	0.01830	0.01507	0.02369	0.01292	0.01507	0.01077	0.00538	0.00538	0.00108	0.00538	0.00431	0.00431	0.78898
5	0.02012	0.01611	0.01713	0.01464	0.01881	0.01823	0.01144	0.22501	0.42001	0.03325	0.02526	0.02642	0.01972	0.08788	0.01052	0.00287	0.00656	0.00797	0.00704	0.01100
6	0.01057	0.00705	0.00793	0.00793	0.00793	0.00705	0.00440	0.01057	0.01057	0.01409	0.02290	0.04757	0.02643	0.74454	0.03700	0.00705	0.00705	0.01057	0.00440	0.00440
7	0.01808	0.01561	0.01644	0.01479	0.01890	0.01808	0.01151	0.03863	0.68606	0.03041	0.02959	0.02712	0.02219	0.00986	0.00740	0.00247	0.00575	0.00822	0.00740	0.01151
8	0.00953	0.00789	0.00842	0.00820	0.01060	0.00703	0.00617	0.01286	0.05880	0.02230	0.20148	0.06402	0.52276	0.01714	0.00851	0.00242	0.00376	0.01444	0.00705	0.00662
9	0.01910	0.01612	0.01701	0.01500	0.01929	0.01856	0.01175	0.10650	0.61653	0.03205	0.02829	0.02609	0.02114	0.00974	0.00738	0.00244	0.00599	0.00804	0.00738	0.01160
10	0.01029	0.00743	0.00972	0.00914	0.01086	0.00686	0.00686	0.01372	0.02058	0.02915	0.69536	0.05430	0.06859	0.01486	0.00857	0.00229	0.00343	0.01315	0.00800	0.00686
11	0.01943	0.74891	0.03809	0.01244	0.01866	0.02876	0.01244	0.02177	0.01477	0.01710	0.01011	0.01166	0.00933	0.00622	0.00466	0.00155	0.00777	0.00389	0.00311	0.00933
12	0.03092	0.01240	0.01662	0.01285	0.01823	0.01096	0.01057	0.06262	0.02139	0.63040	0.07198	0.02636	0.02107	0.00937	0.00739	0.00225	0.00609	0.00766	0.00885	0.01201
13	0.01719	0.01632	0.02691	0.08275	0.57584	0.01661	0.02052	0.02243	0.05905	0.02361	0.01811	0.02167	0.05173	0.00743	0.00729	0.00221	0.00823	0.00710	0.00400	0.01099

[dist]
# distance from previous block
# <min> <max>
0	1

[block]
# block no. 5 follows, 28 sequences, length 311
# corresponding to MSA columns:
# 306-409,414-620
name=unknown_F
#
# <colnr> <probs for GDERKNQSTAVLIFYWHMCP>
#	G	D	E	R	K	N	Q	S	T	A	V	L	I	F	Y	W	H	M	C	P
0	0.75890	0.04906	0.01199	0.00970	0.01428	0.01690	0.00809	0.02139	0.01248	0.03187	0.01012	0.01180	0.00794	0.00672	0.00451	0.00222	0.00573	0.00393	0.00443	0.00794
1	0.01843	0.01579	0.01663	0.01486	0.01903	0.01824	0.01159	0.06171	0.66241	0.03097	0.02915	0.02677	0.02183	0.00982	0.00739	0.00246	0.00583	0.00816	0.00739	0.01154
2	0.02706	0.01958	0.02112	0.01638	0.02204	0.02160	0.01347	0.59070	0.08865	0.07587	0.01901	0.01862	0.01346	0.00883	0.00728	0.00221	0.00772	0.00672	0.00736	0.01229
3	0.01857	0.01586	0.01671	0.01489	0.01909	0.01831	0.01162	0.07137	0.65252	0.03120	0.02896	0.02662	0.02168	0.00980	0.00739	0.00245	0.00587	0.00813	0.00739	0.01155
4	0.79588	0.01406	0.01068	0.00956	0.01406	0.01631	0.00787	0.02137	0.01237	0.03261	0.01012	0.01181	0.00787	0.00675	0.00450	0.00225	0.00562	0.00394	0.00450	0.00787
5	0.01111	0.00761	0.00998	0.00928	0.01114	0.00700	0.00700	0.01451	0.02058	0.05388	0.67094	0.05322	0.06673	0.01465	0.00853	0.00228	0.00353	0.01293	0.00804	0.00706
6	0.02763	0.02036	0.02182	0.01672	0.02254	0.02254	0.01382	0.67496	0.03418	0.04581	0.01745	0.01745	0.01236	0.00873	0.00727	0.00218	0.00800	0.00654	0.00727	0.01236
7	0.03261	0.01237	0.01687	0.01293	0.01856	0.01068	0.01068	0.03543	0.02081	0.70423	0.02868	0.02474	0.01799	0.00900	0.00731	0.00225	0.00619	0.00731	0.00900	0.01237
8	0.02554	0.01850	0.04135	0.01558	0.02094	0.01930	0.01300	0.49671	0.05181	0.11015	0.04426	0.04516	0.01691	0.03612	0.00846	0.00241	0.00750	0.00750	0.00723	0.01158
9	0.01943	0.74891	0.03809	0.01244	0.01866	0.02876	0.01244	0.02177	0.01477	0.01710	0.01011	0.01166	0.00933	0.00622	0.00466	0.00155	0.00777	0.00389	0.00311	0.00933
10	0.01373	0.01292	0.02180	0.72707	0.05006	0.01615	0.02019	0.01857	0.01453	0.01857	0.01292	0.01938	0.00969	0.00727	0.00727	0.00242	0.00969	0.00646	0.00323	0.00807
11	0.03261	0.01237	0.01687	0.01293	0.01856	0.01068	0.01068	0.03543	0.02081	0.70423	0.02868	0.02474	0.01799	0.00900	0.00731	0.00225	0.00619	0.00731	0.00900	0.01237
12	0.01686	0.01579	0.02662	0.08985	0.56287	0.01603	0.02077	0.02109	0.01643	0.02311	0.01686	0.02646	0.01535	0.00831	0.00757	0.00233	0.00846	0.09062	0.00398	0.01064
13	0.01808	0.01561	0.01644	0.01479	0.01890	0.01808	0.01151	0.03863	0.68606	0.03041	0.02959	0.02712	0.02219	0.00986	0.00740	0.00247	0.00575	0.00822	0.00740	0.01151
14	0.01012	0.00742	0.00948	0.00897	0.01076	0.00679	0.00673	0.01339	0.02018	0.02821	0.63376	0.05585	0.13078	0.01521	0.00858	0.00230	0.00345	0.01336	0.00788	0.00679
15	0.01016	0.00701	0.00936	0.01036	0.01115	0.00673	0.00719	0.01181	0.01506	0.04520	0.13514	0.59014	0.04879	0.02079	0.00956	0.00284	0.02684	0.01862	0.00690	0.00635
16	0.03042	0.01236	0.01692	0.04976	0.02006	0.01112	0.01124	0.03393	0.04189	0.62256	0.02825	0.02660	0.01856	0.00933	0.00741	0.00230	0.00637	0.03043	0.00857	0.01192
17	0.00884	0.00638	0.00838	0.00998	0.01051	0.00592	0.00668	0.01014	0.01405	0.01861	0.04179	0.70533	0.08143	0.02255	0.00924	0.00293	0.00419	0.02039	0.00675	0.00592
18	0.02899	0.01818	0.02047	0.01569	0.02145	0.01931	0.01296	0.50042	0.03053	0.22550	0.02052	0.01944	0.01390	0.00880	0.00728	0.00220	0.00750	0.00675	0.00774	0.01236
19	0.02763	0.02036	0.02182	0.01672	0.02254	0.02254	0.01382	0.67496	0.03418	0.04581	0.01745	0.01745	0.01236	0.00873	0.00727	0.00218	0.00800	0.00654	0.00727	0.01236
20	0.01520	0.01274	0.01564	0.04666	0.04084	0.01118	0.01001	0.07221	0.01660	0.02460	0.04131	0.11174	0.01779	0.00867	0.00698	0.00163	0.03185	0.00720	0.00489	0.50226
21	0.01691	0.17569	0.33202	0.01892	0.07243	0.01948	0.01927	0.05636	0.14627	0.02426	0.01795	0.01900	0.03525	0.00778	0.00664	0.00217	0.00865	0.00609	0.00428	0.01058
22	0.02846	0.01903	0.02099	0.01609	0.02188	0.02057	0.01329	0.56836	0.03195	0.15556	0.01932	0.01867	0.01330	0.00877	0.00728	0.00219	0.00770	0.00667	0.00756	0.01236
23	0.05561	0.01679	0.02542	0.10310	0.44861	0.01775	0.01919	0.08984	0.10274	0.02673	0.01583	0.01893	0.01260	0.00722	0.00711	0.00223	0.00817	0.00658	0.00446	0.01109
24	0.01719	0.01311	0.01547	0.01117	0.01753	0.01020	0.00898	0.04110	0.01625	0.09096	0.01461	0.01610	0.01152	0.00584	0.00563	0.00123	0.00555	0.00467	0.00486	0.68804
25	0.01595	0.21094	0.49639	0.01938	0.02877	0.01990	0.06840	0.02273	0.01533	0.02159	0.01244	0.01474	0.00936	0.00668	0.00647	0.00213	0.01012	0.00523	0.00312	0.01033
26	0.02003	0.66250	0.03612	0.01310	0.01901	0.05600	0.01268	0.05304	0.01582	0.01851	0.01048	0.01213	0.00948	0.00659	0.00546	0.00165	0.03055	0.00412	0.00334	0.00939
27	0.01057	0.00705	0.00793	0.00793	0.00793	0.00705	0.00440	0.01057	0.01057	0.01409	0.02290	0.04757	0.02643	0.74454	0.03700	0.00705	0.00705	0.01057	0.00440	0.00440
28	0.01368	0.01311	0.01985	0.59566	0.04329	0.04565	0.01794	0.01805	0.01527	0.01913	0.05011	0.02542	0.07620	0.00866	0.00742	0.00239	0.00899	0.00752	0.00380	0.00785
29	0.01415	0.01335	0.02257	0.65884	0.11496	0.01626	0.02040	0.01895	0.01474	0.01909	0.01300	0.01924	0.00987	0.00719	0.00726	0.00240	0.00958	0.00646	0.00327	0.00842
30	0.01507	0.01292	0.01507	0.01077	0.01723	0.00969	0.00861	0.01830	0.01507	0.02369	0.01292	0.01507	0.01077	0.00538	0.00538	0.00108	0.00538	0.00431	0.00431	0.78898
31	0.79588	0.01406	0.01068	0.00956	0.01406	0.01631	0.00787	0.02137	0.01237	0.03261	0.01012	0.01181	0.00787	0.00675	0.00450	0.00225	0.00562	0.00394	0.00450	0.00787
32	0.01554	0.01541	0.02155	0.01862	0.01864	0.02142	0.01543	0.01711	0.01128	0.01755	0.01111	0.05315	0.01152	0.01324	0.02310	0.00317	0.69382	0.00710	0.00336	0.00785
33	0.01018	0.00743	0.00956	0.00903	0.01079	0.00681	0.00677	0.01350	0.02031	0.02852	0.65406	0.05534	0.11028	0.01510	0.00857	0.00230	0.00345	0.01329	0.00792	0.00681
34	0.01057	0.00705	0.00793	0.00793	0.00793	0.00705	0.00440	0.01057	0.01057	0.01409	0.02290	0.04757	0.02643	0.74454	0.03700	0.00705	0.00705	0.01057	0.00440	0.00440
35	0.01507	0.01292	0.01507	0.01077	0.01723	0.00969	0.00861	0.01830	0.01507	0.02369	0.01292	0.01507	0.01077	0.00538	0.00538	0.00108	0.00538	0.00431	0.00431	0.78898
36	0.00886	0.00633	0.00843	0.01012	0.01054	0.00590	0.00675	0.01012	0.01392	0.01856	0.04006	0.73979	0.04808	0.02277	0.00928	0.00295	0.00422	0.02066	0.00675	0.00590
37	0.01799	0.01727	0.02950	0.04462	0.69919	0.01727	0.02231	0.02231	0.01655	0.02375	0.01367	0.01799	0.01151	0.00648	0.00720	0.00216	0.00864	0.00648	0.00360	0.01151
38	0.01038	0.00779	0.01168	0.01168	0.01298	0.00909	0.00909	0.01298	0.01168	0.01687	0.01947	0.02856	0.01817	0.05452	0.71573	0.01168	0.01947	0.00779	0.00389	0.00649
39	0.01392	0.01312	0.02216	0.69544	0.08015	0.01620	0.02029	0.01875	0.01463	0.01881	0.01295	0.01932	0.00977	0.00723	0.00726	0.00241	0.00964	0.00646	0.00325	0.00823
40	0.02530	0.13031	0.06838	0.01795	0.02256	0.55510	0.01467	0.04803	0.01990	0.01893	0.01140	0.01320	0.00944	0.00732	0.00635	0.00187	0.01207	0.00468	0.00373	0.00883
41	0.79588	0.01406	0.01068	0.00956	0.01406	0.01631	0.00787	0.02137	0.01237	0.03261	0.01012	0.01181	0.00787	0.00675	0.00450	0.00225	0.00562	0.00394	0.00450	0.00787
42	0.79588	0.01406	0.01068	0.00956	0.01406	0.01631	0.00787	0.02137	0.01237	0.03261	0.01012	0.01181	0.00787	0.00675	0.00450	0.00225	0.00562	0.00394	0.00450	0.00787
43	0.01023	0.00743	0.00963	0.00908	0.01082	0.00683	0.00681	0.01360	0.02043	0.02881	0.67296	0.05486	0.09120	0.01499	0.00857	0.00229	0.00344	0.01322	0.00796	0.00683
44	0.00886	0.00633	0.00843	0.01012	0.01054	0.00590	0.00675	0.01012	0.01392	0.01856	0.04006	0.73979	0.04808	0.02277	0.00928	0.00295	0.00422	0.02066	0.00675	0.00590
45	0.01395	0.01306	0.02153	0.69042	0.04846	0.01625	0.01974	0.01960	0.04909	0.01918	0.01378	0.01978	0.01033	0.00740	0.00727	0.00242	0.00949	0.00655	0.00344	0.00825
46	0.01373	0.01292	0.02180	0.72707	0.05006	0.01615	0.02019	0.01857	0.01453	0.01857	0.01292	0.01938	0.00969	0.00727	0.00727	0.00242	0.00969	0.00646	0.00323	0.00807
47	0.02810	0.01172	0.01537	0.01214	0.01669	0.01054	0.00962	0.06107	0.01946	0.53909	0.02702	0.02882	0.01936	0.15157	0.01306	0.00318	0.00644	0.00791	0.00802	0.01083
48	0.76485	0.01431	0.01113	0.00985	0.01440	0.01656	0.00811	0.04777	0.01325	0.03315	0.01042	0.01204	0.00805	0.00683	0.00461	0.00225	0.00572	0.00404	0.00461	0.00805
49	0.01586	0.01577	0.02193	0.01870	0.01900	0.02168	0.01557	0.01753	0.01131	0.01778	0.00970	0.01586	0.00960	0.01238	0.02300	0.00308	0.69760	0.00627	0.00323	0.04415
50	0.01808	0.01561	0.01644	0.01479	0.01890	0.01808	0.01151	0.03863	0.68606	0.03041	0.02959	0.02712	0.02219	0.00986	0.00740	0.00247	0.00575	0.00822	0.00740	0.01151
51	0.01458	0.03760	0.70688	0.02072	0.03146	0.01688	0.02686	0.02302	0.01535	0.02302	0.01304	0.01535	0.00921	0.00691	0.00691	0.00230	0.01074	0.00537	0.00307	0.01074
52	0.03261	0.01237	0.01687	0.01293	0.01856	0.01068	0.01068	0.03543	0.02081	0.70423	0.02868	0.02474	0.01799	0.00900	0.00731	0.00225	0.00619	0.00731	0.00900	0.01237
53	0.02763	0.02036	0.02182	0.01672	0.02254	0.02254	0.01382	0.67496	0.03418	0.04581	0.01745	0.01745	0.01236	0.00873	0.00727	0.00218	0.00800	0.00654	0.00727	0.01236
54	0.01023	0.00743	0.00963	0.00908	0.01082	0.00683	0.00681	0.01360	0.02044	0.02882	0.67370	0.05484	0.09045	0.01498	0.00857	0.00229	0.00344	0.01322	0.00796	0.00683
55	0.01943	0.74891	0.03809	0.01244	0.01866	0.02876	0.01244	0.02177	0.01477	0.01710	0.01011	0.01166	0.00933	0.00622	0.00466	0.00155	0.00777	0.00389	0.00311	0.00933
56	0.00886	0.00633	0.00843	0.01012	0.01054	0.00590	0.00675	0.01012	0.01392	0.01856	0.04006	0.73979	0.04808	0.02277	0.00928	0.00295	0.00422	0.02066	0.00675	0.00590
57	0.01029	0.00750	0.00977	0.00979	0.01146	0.00698	0.00756	0.01342	0.01913	0.02639	0.48873	0.11169	0.11089	0.01660	0.00887	0.00253	0.00405	0.12008	0.00759	0.00670
58	0.01369	0.00985	0.01243	0.01308	0.04670	0.00970	0.01005	0.03863	0.08988	0.07103	0.13629	0.06035	0.19338	0.01609	0.00880	0.00272	0.00552	0.24691	0.00700	0.00790
59	0.01250	0.00905	0.01103	0.01140	0.01287	0.00913	0.00812	0.13900	0.01784	0.02384	0.03568	0.59977	0.04115	0.02005	0.00889	0.00280	0.00495	0.01793	0.00685	0.00716
60	0.03121	0.01268	0.01683	0.01311	0.01859	0.01140	0.01076	0.03573	0.08491	0.63930	0.02876	0.02497	0.01840	0.00908	0.00732	0.00227	0.00614	0.00740	0.00884	0.01229
61	0.79588	0.01406	0.01068	0.00956	0.01406	0.01631	0.00787	0.02137	0.01237	0.03261	0.01012	0.01181	0.00787	0.00675	0.00450	0.00225	0.00562	0.00394	0.00450	0.00787
62	0.00886	0.00633	0.00843	0.01012	0.01054	0.00590	0.00675	0.01012	0.01392	0.01856	0.04006	0.73979	0.04808	0.02277	0.00928	0.00295	0.00422	0.02066	0.00675	0.00590
63	0.01588	0.05121	0.02904	0.34928	0.03962	0.04560	0.23353	0.02062	0.01552	0.02032	0.01313	0.01836	0.01017	0.00700	0.00827	0.00231	0.04741	0.00681	0.00346	0.06244
64	0.01572	0.01330	0.01542	0.01107	0.01750	0.01035	0.00888	0.05209	0.01606	0.02482	0.01315	0.01520	0.01085	0.00556	0.00548	0.00113	0.00552	0.00442	0.00446	0.74901
65	0.01018	0.00739	0.00960	0.00912	0.01081	0.00680	0.00681	0.01349	0.02022	0.02848	0.65294	0.07724	0.08910	0.01524	0.00860	0.00231	0.00346	0.01347	0.00792	0.00680
66	0.02763	0.02036	0.02182	0.01672	0.02254	0.02254	0.01382	0.67496	0.03418	0.04581	0.01745	0.01745	0.01236	0.00873	0.00727	0.00218	0.00800	0.00654	0.00727	0.01236
67	0.01018	0.00735	0.00962	0.00922	0.01084	0.00679	0.00685	0.01346	0.02009	0.02838	0.64797	0.10387	0.06710	0.01543	0.00862	0.00233	0.00349	0.01369	0.00791	0.00679
68	0.00886	0.00633	0.00843	0.01012	0.01054	0.00590	0.00675	0.01012	0.01392	0.01856	0.04006	0.73979	0.04808	0.02277	0.00928	0.00295	0.00422	0.02066	0.00675	0.00590
69	0.02729	0.02019	0.02162	0.01665	0.02241	0.02238	0.01373	0.65187	0.05783	0.04525	0.01789	0.01780	0.01272	0.00877	0.00728	0.00219	0.00792	0.00661	0.00728	0.01233
70	0.02749	0.05092	0.01760	0.01325	0.01838	0.01335	0.01085	0.03478	0.18856	0.47530	0.05099	0.02569	0.02036	0.00928	0.00724	0.00227	0.00606	0.00756	0.00826	0.01181
71	0.00938	0.00732	0.00853	0.00854	0.01047	0.00647	0.00638	0.01183	0.01785	0.02328	0.30949	0.13355	0.36419	0.01754	0.00870	0.00247	0.00374	0.03663	0.00723	0.00641
72	0.00997	0.00724	0.00942	0.00942	0.01090	0.00669	0.00695	0.01289	0.01891	0.02631	0.51085	0.19536	0.09115	0.01682	0.00877	0.00247	0.00372	0.03789	0.00764	0.00663
73	0.01962	0.68884	0.06176	0.01304	0.01931	0.06103	0.01304	0.02216	0.01507	0.01735	0.01027	0.01186	0.00933	0.00630	0.00484	0.00160	0.00814	0.00398	0.00314	0.00934
74	0.07261	0.01783	0.09270	0.02188	0.13189	0.01465	0.15316	0.05379	0.01738	0.13200	0.01592	0.01793	0.01180	0.00668	0.00683	0.00198	0.00815	0.00621	0.00482	0.21181
75	0.01823	0.21031	0.40934	0.01831	0.02658	0.15677	0.02083	0.02389	0.01624	0.02055	0.01197	0.01401	0.00927	0.00685	0.00629	0.00204	0.01048	0.00487	0.00321	0.00994
76	0.01943	0.74891	0.03809	0.01244	0.01866	0.02876	0.01244	0.02177	0.01477	0.01710	0.01011	0.01166	0.00933	0.00622	0.00466	0.00155	0.00777	0.00389	0.00311	0.00933
77	0.76959	0.01381	0.01055	0.00947	0.01387	0.01599	0.00778	0.02122	0.01247	0.03243	0.01058	0.01232	0.00823	0.00681	0.00452	0.00223	0.00555	0.00403	0.03073	0.00784
78	0.02763	0.02036	0.02182	0.01672	0.02254	0.02254	0.01382	0.67496	0.03418	0.04581	0.01745	0.01745	0.01236	0.00873	0.00727	0.00218	0.00800	0.00654	0.00727	0.01236
79	0.01032	0.00785	0.00980	0.01071	0.01264	0.00733	0.00888	0.01301	0.01676	0.02119	0.08599	0.10054	0.29735	0.01926	0.00937	0.00293	0.00526	0.34755	0.00678	0.00646
80	0.03151	0.01351	0.01750	0.01348	0.01908	0.01245	0.01111	0.11823	0.04352	0.59783	0.02725	0.02387	0.01740	0.00899	0.00731	0.00225	0.00641	0.00724	0.00872	0.01234
81	0.02618	0.01985	0.02228	0.01719	0.02291	0.02190	0.04497	0.58021	0.09863	0.04320	0.01854	0.01852	0.01328	0.00872	0.00735	0.00222	0.00798	0.00681	0.00711	0.01215
82	0.00976	0.00707	0.00939	0.01095	0.01176	0.00683	0.00793	0.01212	0.03773	0.01962	0.03938	0.57990	0.04590	0.02177	0.00937	0.00302	0.00478	0.14970	0.00676	0.00626
83	0.01881	0.01437	0.01620	0.01255	0.01792	0.04536	0.01003	0.04584	0.08071	0.12411	0.01754	0.04016	0.01399	0.00755	0.00724	0.00165	0.05089	0.00585	0.00537	0.46387
84	0.04208	0.01463	0.01516	0.04691	0.01783	0.07523	0.01054	0.20501	0.07362	0.02835	0.09948	0.03232	0.10774	0.06699	0.12750	0.00414	0.00907	0.00874	0.00595	0.00870
85	0.00932	0.00670	0.00895	0.01057	0.01127	0.00632	0.00753	0.01096	0.01448	0.01913	0.04093	0.60764	0.06882	0.02218	0.00938	0.00300	0.00461	0.12543	0.00674	0.00604
86	0.01562	0.01657	0.07085	0.37252	0.23658	0.01685	0.07313	0.02178	0.06338	0.02161	0.01448	0.01928	0.01120	0.00710	0.00734	0.00234	0.00937	0.00669	0.00366	0.00965
87	0.02050	0.02150	0.02713	0.03751	0.51531	0.18302	0.02006	0.04646	0.01812	0.02310	0.01323	0.01681	0.01103	0.00679	0.00705	0.00209	0.00967	0.00605	0.00376	0.01081
88	0.00892	0.00635	0.00842	0.01004	0.01045	0.00595	0.00666	0.01014	0.01379	0.01839	0.03942	0.71387	0.04727	0.04981	0.01032	0.00311	0.00432	0.02029	0.00666	0.00585
89	0.03205	0.01328	0.01743	0.01336	0.01901	0.01203	0.01104	0.10793	0.02232	0.62958	0.02740	0.02391	0.01736	0.00897	0.00731	0.00224	0.00639	0.00722	0.00880	0.01237
90	0.01385	0.01037	0.01218	0.01206	0.01406	0.01085	0.00880	0.14802	0.10585	0.02561	0.03413	0.50087	0.03749	0.01825	0.00863	0.00273	0.00518	0.01619	0.00694	0.00794
91	0.01636	0.16120	0.49457	0.02099	0.07494	0.01887	0.04688	0.02317	0.01557	0.04442	0.01314	0.01534	0.00974	0.00679	0.00660	0.00216	0.00997	0.00536	0.00333	0.01056
92	0.01573	0.01578	0.02184	0.01871	0.01925	0.04348	0.03971	0.01760	0.01173	0.01765	0.01086	0.01731	0.01052	0.01681	0.09726	0.00403	0.60401	0.00654	0.00329	0.00788
93	0.05009	0.11720	0.02461	0.02137	0.15265	0.08541	0.01494	0.33650	0.07105	0.03365	0.01576	0.01686	0.01204	0.00785	0.00676	0.00209	0.00833	0.00603	0.00560	0.01122
94	0.00868	0.00728	0.00746	0.00757	0.00980	0.00615	0.00557	0.01042	0.01617	0.01936	0.06948	0.11499	0.62734	0.04531	0.00968	0.00266	0.00384	0.01553	0.00666	0.00606
95	0.01570	0.01290	0.01514	0.01084	0.01727	0.00973	0.00869	0.01892	0.01528	0.04817	0.01349	0.01542	0.01103	0.00551	0.00545	0.00112	0.00541	0.00441	0.00448	0.76103
96	0.00895	0.00732	0.00792	0.00803	0.01020	0.00629	0.00601	0.01101	0.01691	0.02092	0.15473	0.12210	0.53623	0.01833	0.00869	0.00250	0.00379	0.03690	0.00692	0.00624
97	0.01018	0.00743	0.00956	0.00903	0.01079	0.00681	0.00677	0.01350	0.02031	0.02852	0.65406	0.05534	0.11028	0.01510	0.00857	0.00230	0.00345	0.01329	0.00792	0.00681
98	0.02625	0.01945	0.02090	0.01631	0.02178	0.02152	0.01336	0.61055	0.06676	0.04372	0.01915	0.05235	0.01457	0.00945	0.00737	0.00223	0.00770	0.00730	0.00725	0.01201
99	0.00874	0.00723	0.00769	0.00803	0.01012	0.00617	0.00594	0.01054	0.01613	0.01953	0.06683	0.18202	0.56559	0.01919	0.00876	0.00257	0.00388	0.03817	0.00675	0.00612
100	0.01857	0.01586	0.01671	0.01489	0.01909	0.01831	0.01162	0.07137	0.65252	0.03120	0.02896	0.02662	0.02168	0.00980	0.00739	0.00245	0.00587	0.00813	0.00739	0.01155
101	0.01943	0.74891	0.03809	0.01244	0.01866	0.02876	0.01244	0.02177	0.01477	0.01710	0.01011	0.01166	0.00933	0.00622	0.00466	0.00155	0.00777	0.00389	0.00311	0.00933
102	0.00885	0.00636	0.00840	0.01003	0.01052	0.00591	0.00670	0.01013	0.01401	0.01859	0.04123	0.71646	0.07065	0.02262	0.00925	0.00293	0.00420	0.02048	0.00675	0.00591
103	0.00892	0.00738	0.00782	0.00771	0.01002	0.00628	0.00578	0.01107	0.01735	0.02148	0.19416	0.06692	0.57458	0.01772	0.00859	0.00242	0.00363	0.01492	0.00699	0.00628
104	0.01373	0.01292	0.02180	0.72707	0.05006	0.01615	0.02019	0.01857	0.01453	0.01857	0.01292	0.01938	0.00969	0.00727	0.00727	0.00242	0.00969	0.00646	0.00323	0.00807
105	0.01038	0.00779	0.01168	0.01168	0.01298	0.00909	0.00909	0.01298	0.01168	0.01687	0.01947	0.02856	0.01817	0.05452	0.71573	0.01168	0.01947	0.00779	0.00389	0.00649
106	0.01375	0.01294	0.02205	0.67271	0.04812	0.01588	0.04123	0.01857	0.01472	0.01887	0.01411	0.02215	0.01115	0.00780	0.00743	0.00246	0.00964	0.03495	0.00340	0.00807
107	0.01373	0.01292	0.02180	0.72707	0.05006	0.01615	0.02019	0.01857	0.01453	0.01857	0.01292	0.01938	0.00969	0.00727	0.00727	0.00242	0.00969	0.00646	0.00323	0.00807
108	0.01799	0.01727	0.02950	0.04462	0.69919	0.01727	0.02231	0.02231	0.01655	0.02375	0.01367	0.01799	0.01151	0.00648	0.00720	0.00216	0.00864	0.00648	0.00360	0.01151
109	0.01373	0.01292	0.02180	0.72707	0.05006	0.01615	0.02019	0.01857	0.01453	0.01857	0.01292	0.01938	0.00969	0.00727	0.00727	0.00242	0.00969	0.00646	0.00323	0.00807
110	0.01521	0.13057	0.61947	0.01964	0.02979	0.01843	0.02497	0.02286	0.01527	0.02225	0.01266	0.01487	0.00922	0.00682	0.00661	0.00220	0.01035	0.00518	0.00307	0.01056
111	0.01941	0.02024	0.02651	0.10093	0.47847	0.15509	0.02005	0.02395	0.04421	0.02237	0.01377	0.01752	0.01135	0.00689	0.00708	0.00214	0.00950	0.00619	0.00375	0.01059
112	0.00884	0.00640	0.00836	0.00992	0.01049	0.00592	0.00666	0.01014	0.01411	0.01864	0.04254	0.69049	0.09578	0.02245	0.00923	0.00292	0.00418	0.02027	0.00675	0.00592
113	0.01029	0.00743	0.00972	0.00914	0.01086	0.00686	0.00686	0.01372	0.02058	0.02915	0.69536	0.05430	0.06859	0.01486	0.00857	0.00229	0.00343	0.01315	0.00800	0.00686
114	0.01458	0.03760	0.70688	0.02072	0.03146	0.01688	0.02686	0.02302	0.01535	0.02302	0.01304	0.01535	0.00921	0.00691	0.00691	0.00230	0.01074	0.00537	0.00307	0.01074
115	0.03992	0.01296	0.02143	0.70304	0.04886	0.01616	0.01977	0.01867	0.01446	0.01904	0.01283	0.01913	0.00963	0.00725	0.00717	0.00242	0.00955	0.00638	0.00327	0.00807
116	0.01692	0.01431	0.01553	0.01452	0.04182	0.01590	0.01087	0.08548	0.46403	0.02960	0.06705	0.03442	0.13554	0.01131	0.00763	0.00242	0.00559	0.00944	0.00717	0.01046
117	0.02844	0.01420	0.01793	0.01516	0.04915	0.01389	0.01174	0.11240	0.15610	0.45941	0.02685	0.02405	0.01787	0.00903	0.00732	0.00228	0.00642	0.00736	0.00823	0.01216
118	0.00961	0.00737	0.00880	0.00852	0.01046	0.00656	0.00636	0.01238	0.01887	0.02527	0.44294	0.08287	0.30077	0.01644	0.00860	0.00237	0.00355	0.01421	0.00750	0.00656
