[name]
unknown

[dist]
# distance from previous block
# <min> <max>
0	12

[block]
# block no. 0 follows, 28 sequences, length 80
# corresponding to MSA columns:
# 12-91
name=unknown_A
#
# <colnr> <probs for GDERKNQSTAVLIFYWHMCP>
#	G	D	E	R	K	N	Q	S	T	A	V	L	I	F	Y	W	H	M	C	P
0	0.01444	0.01042	0.01496	0.18208	0.02396	0.01103	0.01347	0.01911	0.05594	0.07771	0.02988	0.05603	0.02962	0.01483	0.00878	0.00288	0.00724	0.37629	0.00599	0.04531
1	0.01373	0.01292	0.02180	0.72707	0.05006	0.01615	0.02019	0.01857	0.01453	0.01857	0.01292	0.01938	0.00969	0.00727	0.00727	0.00242	0.00969	0.00646	0.00323	0.00807
2	0.01441	0.01328	0.02180	0.69225	0.04872	0.01646	0.01988	0.05075	0.01550	0.01991	0.01314	0.01929	0.00982	0.00734	0.00727	0.00241	0.00961	0.00646	0.00343	0.00829
3	0.01623	0.01645	0.02222	0.01907	0.01918	0.04238	0.01585	0.01783	0.01141	0.01750	0.00959	0.01582	0.00954	0.01257	0.02335	0.00314	0.71040	0.00631	0.00320	0.00797
4	0.79588	0.01406	0.01068	0.00956	0.01406	0.01631	0.00787	0.02137	0.01237	0.03261	0.01012	0.01181	0.00787	0.00675	0.00450	0.00225	0.00562	0.00394	0.00450	0.00787
5	0.01253	0.00635	0.00940	0.00940	0.00940	0.00635	0.00622	0.00952	0.00952	0.01270	0.01311	0.02330	0.01328	0.05924	0.02881	0.75159	0.00635	0.00651	0.00322	0.00322
6	0.01716	0.01961	0.04289	0.03064	0.03799	0.01838	0.67279	0.02328	0.01716	0.02328	0.01471	0.01961	0.01103	0.00613	0.00858	0.00245	0.01225	0.00858	0.00368	0.00980
7	0.01382	0.01292	0.02135	0.67938	0.04788	0.01572	0.01942	0.01855	0.01457	0.01891	0.01292	0.01909	0.00976	0.00714	0.00714	0.00233	0.00940	0.00632	0.00330	0.06006
8	0.01507	0.01292	0.01507	0.01077	0.01723	0.00969	0.00861	0.01830	0.01507	0.02369	0.01292	0.01507	0.01077	0.00538	0.00538	0.00108	0.00538	0.00431	0.00431	0.78898
9	0.00908	0.00642	0.00837	0.00984	0.01021	0.00605	0.00645	0.01018	0.01349	0.01798	0.03786	0.65071	0.04529	0.11566	0.01285	0.00348	0.00458	0.01937	0.00645	0.00571
10	0.01590	0.01590	0.02226	0.01908	0.01908	0.02226	0.01590	0.01749	0.01113	0.01749	0.00954	0.01590	0.00954	0.01272	0.02385	0.00318	0.73123	0.00636	0.00318	0.00795
11	0.01624	0.01383	0.01590	0.03617	0.01894	0.01225	0.00985	0.05353	0.15434	0.02594	0.01657	0.01782	0.01316	0.00653	0.00595	0.00146	0.00573	0.00529	0.00505	0.56546
12	0.00886	0.00633	0.00843	0.01012	0.01054	0.00590	0.00675	0.01012	0.01392	0.01856	0.04006	0.73979	0.04808	0.02277	0.00928	0.00295	0.00422	0.02066	0.00675	0.00590
13	0.01716	0.01961	0.04289	0.03064	0.03799	0.01838	0.67279	0.02328	0.01716	0.02328	0.01471	0.01961	0.01103	0.00613	0.00858	0.00245	0.01225	0.00858	0.00368	0.00980
14	0.00949	0.00753	0.00836	0.00867	0.01066	0.00670	0.00665	0.01147	0.01604	0.01973	0.08161	0.06921	0.46959	0.10241	0.01215	0.00315	0.00465	0.13933	0.00651	0.00607
15	0.01029	0.00743	0.00972	0.00914	0.01086	0.00686	0.00686	0.01372	0.02058	0.02915	0.69536	0.05430	0.06859	0.01486	0.00857	0.00229	0.00343	0.01315	0.00800	0.00686
16	0.79588	0.01406	0.01068	0.00956	0.01406	0.01631	0.00787	0.02137	0.01237	0.03261	0.01012	0.01181	0.00787	0.00675	0.00450	0.00225	0.00562	0.00394	0.00450	0.00787
17	0.01568	0.00902	0.01172	0.01164	0.01444	0.00829	0.00979	0.01849	0.01763	0.17835	0.04579	0.06553	0.21444	0.01707	0.00902	0.00285	0.00576	0.32940	0.00724	0.00785
18	0.02596	0.01366	0.01672	0.01321	0.01799	0.01340	0.01075	0.22438	0.02481	0.34894	0.17894	0.02934	0.02795	0.01027	0.00759	0.00224	0.00610	0.00842	0.00824	0.01110
19	0.00963	0.00740	0.00880	0.00845	0.01045	0.00658	0.00634	0.01244	0.01902	0.02545	0.45369	0.06038	0.31257	0.01624	0.00858	0.00235	0.00353	0.01400	0.00752	0.00658
20	0.01047	0.00744	0.00994	0.00994	0.01063	0.00814	0.00691	0.01186	0.01117	0.01558	0.02107	0.03740	0.02201	0.37549	0.40001	0.00953	0.01369	0.00908	0.00413	0.00552
21	0.05397	0.01543	0.01665	0.01351	0.01794	0.01674	0.01086	0.34443	0.11174	0.09849	0.04366	0.02342	0.01756	0.04429	0.00829	0.00238	0.00648	0.00718	0.13640	0.01058
22	0.01143	0.00728	0.00845	0.00823	0.00870	0.00715	0.00496	0.01206	0.01234	0.04175	0.10744	0.04698	0.03118	0.60459	0.03141	0.00612	0.00646	0.01066	0.02773	0.00507
23	0.00886	0.00633	0.00843	0.01012	0.01054	0.00590	0.00675	0.01012	0.01392	0.01856	0.04006	0.73979	0.04808	0.02277	0.00928	0.00295	0.00422	0.02066	0.00675	0.00590
24	0.01091	0.00737	0.00971	0.00955	0.01112	0.00679	0.00700	0.01378	0.01893	0.05611	0.50340	0.22324	0.06128	0.01657	0.00869	0.00245	0.00375	0.01476	0.00773	0.00686
25	0.01661	0.00909	0.01192	0.01040	0.01322	0.00832	0.00807	0.04011	0.02084	0.20540	0.47826	0.06828	0.05293	0.01340	0.00823	0.00230	0.00432	0.01167	0.00820	0.00844
26	0.02568	0.01291	0.01565	0.01264	0.01709	0.01269	0.01015	0.15727	0.06855	0.36212	0.02569	0.02762	0.01876	0.07926	0.00996	0.00268	0.00629	0.02668	0.09757	0.01073
27	0.01057	0.00705	0.00793	0.00793	0.00793	0.00705	0.00440	0.01057	0.01057	0.01409	0.02290	0.04757	0.02643	0.74454	0.03700	0.00705	0.00705	0.01057	0.00440	0.00440
28	0.01038	0.00779	0.01168	0.01168	0.01298	0.00909	0.00909	0.01298	0.01168	0.01687	0.01947	0.02856	0.01817	0.05452	0.71573	0.01168	0.01947	0.00779	0.00389	0.00649
29	0.01508	0.01121	0.01209	0.01117	0.01404	0.01230	0.00858	0.02683	0.34297	0.02913	0.16492	0.03271	0.03065	0.01046	0.00693	0.00219	0.00455	0.00879	0.24629	0.00910
30	0.01057	0.00705	0.00793	0.00793	0.00793	0.00705	0.00440	0.01057	0.01057	0.01409	0.02290	0.04757	0.02643	0.74454	0.03700	0.00705	0.00705	0.01057	0.00440	0.00440
31	0.00895	0.00644	0.00834	0.00981	0.01033	0.00599	0.00652	0.01017	0.01387	0.01834	0.04103	0.65380	0.08675	0.06899	0.01102	0.00319	0.00437	0.01969	0.00660	0.00582
32	0.79588	0.01406	0.01068	0.00956	0.01406	0.01631	0.00787	0.02137	0.01237	0.03261	0.01012	0.01181	0.00787	0.00675	0.00450	0.00225	0.00562	0.00394	0.00450	0.00787
33	0.00965	0.00698	0.00890	0.00982	0.01067	0.00640	0.00652	0.01087	0.01347	0.01825	0.03505	0.56797	0.04150	0.13837	0.01345	0.00346	0.00477	0.01768	0.00617	0.07004
34	0.01012	0.00686	0.00806	0.00851	0.00862	0.00674	0.00503	0.01045	0.01146	0.01528	0.02745	0.23103	0.03217	0.55324	0.02965	0.00596	0.00630	0.01325	0.00503	0.00480
35	0.00896	0.00645	0.00850	0.00995	0.01054	0.00599	0.00671	0.01042	0.01454	0.01943	0.09296	0.66224	0.07239	0.02200	0.00920	0.00288	0.00414	0.01988	0.00685	0.00599
36	0.79588	0.01406	0.01068	0.00956	0.01406	0.01631	0.00787	0.02137	0.01237	0.03261	0.01012	0.01181	0.00787	0.00675	0.00450	0.00225	0.00562	0.00394	0.00450	0.00787
37	0.02589	0.03114	0.02042	0.01827	0.02201	0.57476	0.01390	0.07475	0.07700	0.02081	0.01313	0.01473	0.01066	0.00803	0.00751	0.00201	0.04659	0.00519	0.00427	0.00894
38	0.01378	0.01292	0.02155	0.70040	0.04884	0.01591	0.01976	0.01856	0.01455	0.01876	0.01292	0.01922	0.00973	0.00720	0.00720	0.00237	0.00953	0.00638	0.00327	0.03715
39	0.01227	0.00951	0.01020	0.00945	0.01237	0.00909	0.00726	0.04891	0.12228	0.05383	0.14230	0.05672	0.44713	0.01573	0.00828	0.00241	0.00429	0.01317	0.00714	0.00764
40	0.03065	0.01220	0.01641	0.01277	0.01809	0.01074	0.01048	0.03421	0.04750	0.63544	0.06993	0.02666	0.02129	0.00939	0.00739	0.00226	0.00600	0.00771	0.00887	0.01200
41	0.01428	0.03087	0.51136	0.01932	0.02809	0.03717	0.07601	0.02132	0.01616	0.02298	0.06801	0.02384	0.08180	0.00857	0.00732	0.00231	0.00972	0.00716	0.00386	0.00986
42	0.00911	0.00759	0.00795	0.00809	0.01035	0.00663	0.00606	0.01152	0.03736	0.01984	0.06682	0.11417	0.58039	0.03964	0.00950	0.00266	0.00402	0.04534	0.00670	0.00627
43	0.01855	0.01458	0.01584	0.01395	0.01795	0.01629	0.01092	0.08583	0.49322	0.07326	0.11117	0.03064	0.04438	0.01055	0.00756	0.00241	0.00562	0.00882	0.00754	0.01092
44	0.00961	0.00708	0.00899	0.00920	0.01062	0.00646	0.00664	0.01214	0.01795	0.02453	0.40518	0.26997	0.14910	0.01782	0.00880	0.00252	0.00371	0.01579	0.00744	0.00646
45	0.01624	0.01434	0.01459	0.01361	0.01697	0.04859	0.01036	0.03123	0.49010	0.02699	0.03403	0.14553	0.08119	0.01254	0.00776	0.00252	0.00569	0.01065	0.00706	0.01001
46	0.02126	0.01638	0.01764	0.01487	0.01925	0.01832	0.01174	0.28823	0.33252	0.05185	0.02514	0.07275	0.02014	0.04498	0.00887	0.00260	0.00661	0.00849	0.00720	0.01115
47	0.01082	0.00758	0.00893	0.00871	0.01086	0.00665	0.00648	0.01317	0.01781	0.06927	0.27029	0.15336	0.35509	0.01720	0.00859	0.00245	0.00384	0.01480	0.00731	0.00677
48	0.01054	0.00715	0.00845	0.00845	0.00863	0.00733	0.00506	0.01091	0.01073	0.01448	0.02242	0.04492	0.02528	0.64832	0.13164	0.00769	0.00878	0.01018	0.00433	0.00470
49	0.02696	0.02003	0.02144	0.01659	0.02229	0.02223	0.01365	0.63016	0.08007	0.04473	0.01831	0.01813	0.01305	0.00881	0.00728	0.00220	0.00784	0.00666	0.00728	0.01230
50	0.01249	0.00859	0.00963	0.00901	0.00979	0.00880	0.00564	0.08632	0.01394	0.01873	0.06811	0.04460	0.02770	0.61116	0.03168	0.00617	0.00691	0.01029	0.00498	0.00548
51	0.01245	0.00815	0.01064	0.01011	0.01213	0.00767	0.00774	0.01633	0.04646	0.08376	0.50648	0.10934	0.05868	0.01524	0.00860	0.00243	0.00408	0.06442	0.00785	0.00741
52	0.03081	0.01197	0.01629	0.01263	0.01794	0.01038	0.01038	0.03368	0.02079	0.64983	0.08240	0.02712	0.02207	0.00947	0.00741	0.00225	0.00596	0.00778	0.00892	0.01193
53	0.03876	0.00756	0.00919	0.00992	0.01113	0.00736	0.00693	0.01319	0.06097	0.02174	0.16193	0.45241	0.10030	0.05112	0.01000	0.00291	0.00431	0.01693	0.00684	0.00649
54	0.02756	0.01915	0.02082	0.01602	0.02167	0.02090	0.01321	0.59360	0.03228	0.10383	0.01868	0.01846	0.01310	0.00874	0.00719	0.00217	0.00767	0.00662	0.03617	0.01216
55	0.01498	0.00847	0.01122	0.00994	0.01248	0.00766	0.00766	0.01828	0.02062	0.17089	0.55538	0.04809	0.05796	0.01363	0.00831	0.00228	0.00401	0.01192	0.00821	0.00802
56	0.01559	0.00903	0.01199	0.01214	0.01481	0.00844	0.01031	0.01854	0.01757	0.16748	0.04311	0.06743	0.16188	0.01739	0.00918	0.00294	0.00601	0.39118	0.00720	0.00780
57	0.01105	0.00717	0.00857	0.00864	0.00913	0.00696	0.00534	0.01180	0.01277	0.04213	0.11034	0.16550	0.03509	0.50305	0.02762	0.00558	0.00608	0.01249	0.00542	0.00526
58	0.00897	0.00642	0.00854	0.01004	0.01057	0.00598	0.00676	0.01042	0.01446	0.01943	0.09394	0.68344	0.04976	0.02212	0.00922	0.00290	0.00415	0.02005	0.00685	0.00598
59	0.01057	0.00705	0.00793	0.00793	0.00793	0.00705	0.00440	0.01057	0.01057	0.01409	0.02290	0.04757	0.02643	0.74454	0.03700	0.00705	0.00705	0.01057	0.00440	0.00440
60	0.00938	0.00735	0.00849	0.00831	0.01033	0.00646	0.00619	0.01192	0.01827	0.02393	0.35594	0.09445	0.37903	0.01700	0.00862	0.00240	0.00359	0.01459	0.00732	0.00646
61	0.01383	0.01272	0.02107	0.67067	0.04719	0.01579	0.01928	0.01888	0.03782	0.01873	0.01349	0.01977	0.01026	0.00815	0.00820	0.03688	0.00940	0.00652	0.00337	0.00798
62	0.01355	0.00678	0.00678	0.00678	0.00847	0.00678	0.00508	0.01694	0.01524	0.02710	0.02371	0.02710	0.01863	0.00847	0.00508	0.00169	0.00339	0.00678	0.78489	0.00678
63	0.02095	0.01530	0.01677	0.01458	0.01902	0.01707	0.01148	0.06863	0.54426	0.14308	0.02885	0.02626	0.02102	0.00966	0.00738	0.00242	0.00593	0.00799	0.00766	0.01169
64	0.03261	0.01237	0.01687	0.01293	0.01856	0.01068	0.01068	0.03543	0.02081	0.70423	0.02868	0.02474	0.01799	0.00900	0.00731	0.00225	0.00619	0.00731	0.00900	0.01237
65	0.00994	0.00854	0.00866	0.00842	0.01111	0.00784	0.00638	0.01445	0.11203	0.02117	0.06736	0.06385	0.60013	0.01719	0.00842	0.00246	0.00398	0.01433	0.00684	0.00690
66	0.01981	0.71390	0.03723	0.01275	0.01884	0.06242	0.01252	0.02212	0.01506	0.01714	0.01016	0.01173	0.00933	0.00628	0.00476	0.00157	0.00804	0.00393	0.00314	0.00928
67	0.01507	0.01292	0.01507	0.01077	0.01723	0.00969	0.00861	0.01830	0.01507	0.02369	0.01292	0.01507	0.01077	0.00538	0.00538	0.00108	0.00538	0.00431	0.00431	0.78898
68	0.05619	0.01593	0.01660	0.01470	0.01897	0.01836	0.01152	0.09011	0.60014	0.03178	0.02765	0.02559	0.02069	0.00962	0.00725	0.00243	0.00593	0.00788	0.00725	0.01140
69	0.02052	0.68836	0.03635	0.01248	0.01865	0.02728	0.01229	0.02289	0.01527	0.07359	0.01163	0.01274	0.01004	0.00645	0.00488	0.00161	0.00764	0.00417	0.00359	0.00958
70	0.01672	0.01598	0.02721	0.24770	0.50603	0.01694	0.02168	0.02120	0.01595	0.02221	0.01345	0.01840	0.01097	0.00671	0.00722	0.00224	0.00895	0.00647	0.00349	0.01049
71	0.01883	0.01718	0.01678	0.01512	0.01920	0.07541	0.01171	0.03784	0.63135	0.02937	0.02808	0.02597	0.02113	0.00967	0.00733	0.00242	0.00636	0.00793	0.00710	0.01125
72	0.05592	0.01778	0.02127	0.29102	0.03280	0.04762	0.01603	0.36669	0.02508	0.03358	0.01513	0.01778	0.01101	0.00803	0.00712	0.00227	0.00875	0.00632	0.00545	0.01035
73	0.01565	0.00958	0.01182	0.01074	0.01220	0.01000	0.00756	0.06510	0.01450	0.12931	0.02422	0.12053	0.02483	0.39375	0.05533	0.00530	0.06673	0.01047	0.00552	0.00686
74	0.01644	0.01635	0.02462	0.41075	0.29328	0.07406	0.02048	0.02084	0.01580	0.02047	0.01307	0.01834	0.01035	0.00699	0.00718	0.00228	0.00957	0.00632	0.00341	0.00940
75	0.01764	0.01641	0.02413	0.10375	0.43169	0.07262	0.01860	0.02143	0.01670	0.04742	0.03956	0.02674	0.01692	0.04373	0.00890	0.00252	0.00858	0.06841	0.00426	0.00999
76	0.01738	0.01749	0.02523	0.23572	0.40101	0.09706	0.01998	0.02142	0.01631	0.02132	0.01447	0.05321	0.01253	0.00762	0.00724	0.00224	0.00924	0.00696	0.00366	0.00990
77	0.01697	0.01678	0.02527	0.27683	0.38693	0.07386	0.02040	0.02123	0.01620	0.02138	0.01438	0.02109	0.01214	0.00748	0.00730	0.00228	0.00928	0.03674	0.00363	0.00984
78	0.01779	0.01768	0.02676	0.18072	0.49029	0.07420	0.02078	0.02198	0.01643	0.02220	0.01330	0.01778	0.01094	0.00669	0.00710	0.00216	0.00912	0.00626	0.00356	0.03427
79	0.05970	0.05923	0.02348	0.05822	0.20158	0.01790	0.01559	0.15201	0.07683	0.22186	0.02141	0.02253	0.01579	0.00922	0.00779	0.00255	0.00801	0.00719	0.00679	0.01232

[dist]
# distance from previous block
# <min> <max>
0	10

[block]
# block no. 1 follows, 28 sequences, length 15
# corresponding to MSA columns:
# 102-116
name=unknown_B
#
# <colnr> <probs for GDERKNQSTAVLIFYWHMCP>
#	G	D	E	R	K	N	Q	S	T	A	V	L	I	F	Y	W	H	M	C	P
0	0.14826	0.02123	0.02004	0.02289	0.20607	0.23223	0.01435	0.05120	0.09032	0.05354	0.01861	0.01999	0.05477	0.00814	0.00667	0.00214	0.00877	0.00629	0.00477	0.00970
1	0.41079	0.01258	0.01209	0.01065	0.01456	0.01369	0.00852	0.05114	0.07445	0.10915	0.15850	0.05333	0.02478	0.00971	0.00624	0.00230	0.00529	0.00741	0.00621	0.00861
2	0.01210	0.01041	0.01133	0.01208	0.04225	0.06911	0.00806	0.01452	0.04016	0.01965	0.09555	0.29532	0.07262	0.14750	0.06630	0.00397	0.00684	0.01344	0.00573	0.05306
3	0.01675	0.01328	0.01631	0.01559	0.07619	0.01285	0.01142	0.16346	0.05478	0.02822	0.04927	0.11082	0.02406	0.01153	0.00750	0.00217	0.00631	0.13006	0.00593	0.24349
4	0.01873	0.06657	0.06592	0.03333	0.42228	0.13406	0.04189	0.02273	0.01742	0.02274	0.07211	0.01983	0.01581	0.00737	0.00708	0.00210	0.00913	0.00660	0.00395	0.01035
5	0.00906	0.00645	0.00850	0.00992	0.01041	0.00604	0.00662	0.01041	0.01419	0.01905	0.08587	0.64963	0.04825	0.06515	0.01088	0.00315	0.00433	0.01953	0.00670	0.00588
6	0.02460	0.03052	0.02083	0.15329	0.02771	0.58253	0.01521	0.02704	0.01945	0.01794	0.01156	0.01430	0.00943	0.00745	0.00669	0.00198	0.01246	0.00502	0.00365	0.00836
7	0.01101	0.00853	0.01210	0.01171	0.01269	0.01003	0.00893	0.01315	0.01214	0.01747	0.07160	0.03215	0.02245	0.15448	0.47929	0.00930	0.09393	0.00848	0.00422	0.00635
8	0.55455	0.01443	0.01537	0.01842	0.18703	0.01598	0.01143	0.02093	0.01326	0.02923	0.01116	0.01396	0.00906	0.00773	0.00654	0.04705	0.00642	0.00471	0.00419	0.00852
9	0.01051	0.00716	0.00846	0.00835	0.00875	0.00712	0.00511	0.01129	0.01253	0.01710	0.15047	0.04786	0.03401	0.56999	0.06695	0.00638	0.00701	0.01092	0.00506	0.00498
10	0.00936	0.00734	0.00847	0.00830	0.01032	0.00645	0.00618	0.01188	0.01822	0.02383	0.34945	0.09688	0.38326	0.01705	0.00862	0.00240	0.00360	0.01463	0.00731	0.00645
11	0.00945	0.00670	0.00862	0.00993	0.01047	0.00637	0.00675	0.01070	0.01365	0.01806	0.03777	0.52092	0.06512	0.15962	0.01460	0.00375	0.00498	0.08053	0.00630	0.00570
12	0.32950	0.01696	0.01645	0.07503	0.02079	0.05342	0.01154	0.25301	0.05156	0.05176	0.04444	0.01740	0.01325	0.00808	0.00620	0.00223	0.00712	0.00579	0.00573	0.00973
13	0.01673	0.01855	0.03802	0.07244	0.03549	0.01891	0.51869	0.02199	0.01595	0.02199	0.01370	0.01896	0.01069	0.00733	0.01113	0.00257	0.13586	0.00806	0.00356	0.00938
14	0.00921	0.00736	0.00829	0.00850	0.01054	0.00644	0.00644	0.01143	0.01708	0.02152	0.18534	0.13510	0.45539	0.01832	0.00878	0.00255	0.00395	0.07048	0.00698	0.00630

[dist]
# distance from previous block
# <min> <max>
0	4

[block]
# block no. 2 follows, 28 sequences, length 18
# corresponding to MSA columns:
# 121-138
name=unknown_C
#
# <colnr> <probs for GDERKNQSTAVLIFYWHMCP>
#	G	D	E	R	K	N	Q	S	T	A	V	L	I	F	Y	W	H	M	C	P
0	0.01007	0.00698	0.00804	0.00828	0.00869	0.00676	0.00502	0.01063	0.01223	0.01612	0.06330	0.16228	0.10262	0.51611	0.02815	0.00567	0.00606	0.01283	0.00520	0.00495
1	0.01430	0.01340	0.02199	0.63393	0.09325	0.01635	0.01978	0.02012	0.05769	0.01969	0.01404	0.01978	0.01062	0.00738	0.00727	0.00241	0.00936	0.00657	0.00352	0.00853
2	0.01507	0.01482	0.02253	0.60833	0.11633	0.06280	0.02000	0.01966	0.01515	0.01906	0.01289	0.01882	0.00986	0.00720	0.00721	0.00236	0.00981	0.00634	0.00330	0.00846
3	0.00949	0.00716	0.00883	0.00944	0.01095	0.00651	0.00701	0.01172	0.01674	0.02194	0.21533	0.28586	0.24703	0.01914	0.00899	0.00268	0.00416	0.09363	0.00706	0.00631
4	0.01458	0.03760	0.70688	0.02072	0.03146	0.01688	0.02686	0.02302	0.01535	0.02302	0.01304	0.01535	0.00921	0.00691	0.00691	0.00230	0.01074	0.00537	0.00307	0.01074
5	0.01434	0.01354	0.02290	0.62941	0.14295	0.01631	0.02049	0.01911	0.01482	0.01931	0.01303	0.01918	0.00995	0.00715	0.00726	0.00238	0.00954	0.00646	0.00328	0.00857
6	0.01728	0.01655	0.02822	0.15822	0.59114	0.01708	0.02196	0.02169	0.01622	0.02289	0.01355	0.01822	0.01121	0.00661	0.00721	0.00220	0.00881	0.00647	0.00354	0.01094
7	0.00904	0.00735	0.00804	0.00815	0.01030	0.00635	0.00613	0.01118	0.01705	0.02125	0.17302	0.11584	0.51368	0.01821	0.00871	0.00251	0.00382	0.04614	0.00696	0.00627
8	0.00886	0.00633	0.00843	0.01012	0.01054	0.00590	0.00675	0.01012	0.01392	0.01856	0.04006	0.73979	0.04808	0.02277	0.00928	0.00295	0.00422	0.02066	0.00675	0.00590
9	0.01560	0.01534	0.02470	0.44991	0.21180	0.04986	0.06194	0.02020	0.01558	0.02026	0.01404	0.02094	0.01135	0.00745	0.00740	0.00236	0.00965	0.02908	0.00350	0.00903
10	0.01931	0.01882	0.01885	0.06596	0.09224	0.13542	0.01363	0.03398	0.45965	0.02680	0.02373	0.02329	0.01809	0.00894	0.00723	0.00233	0.00755	0.00732	0.00611	0.01076
11	0.01081	0.00697	0.00777	0.00789	0.00826	0.00690	0.00470	0.01145	0.01171	0.01649	0.02618	0.09158	0.05341	0.56151	0.02942	0.00582	0.00620	0.01089	0.11715	0.00491
12	0.00862	0.00726	0.00747	0.00763	0.00989	0.00611	0.00564	0.01040	0.01631	0.01953	0.07040	0.13457	0.63372	0.01883	0.00866	0.00250	0.00373	0.01585	0.00675	0.00611
13	0.01424	0.01344	0.02273	0.64517	0.12796	0.01628	0.02044	0.01902	0.01478	0.01919	0.01301	0.01921	0.00991	0.00717	0.00726	0.00239	0.00956	0.00646	0.00327	0.00849
14	0.01373	0.01292	0.02180	0.72707	0.05006	0.01615	0.02019	0.01857	0.01453	0.01857	0.01292	0.01938	0.00969	0.00727	0.00727	0.00242	0.00969	0.00646	0.00323	0.00807
15	0.01826	0.01701	0.02702	0.06352	0.54900	0.01757	0.02031	0.05222	0.11396	0.02546	0.01611	0.01934	0.01303	0.00709	0.00723	0.00221	0.00823	0.00673	0.00429	0.01143
16	0.01038	0.00779	0.01168	0.01168	0.01298	0.00909	0.00909	0.01298	0.01168	0.01687	0.01947	0.02856	0.01817	0.05452	0.71573	0.01168	0.01947	0.00779	0.00389	0.00649
17	0.00896	0.00640	0.00852	0.01005	0.01057	0.00597	0.00676	0.01037	0.01438	0.01929	0.08568	0.69208	0.04950	0.02222	0.00923	0.00291	0.00416	0.02014	0.00683	0.00597

[dist]
# distance from previous block
# <min> <max>
12	16

[block]
# block no. 3 follows, 28 sequences, length 8
# corresponding to MSA columns:
# 155-162
name=unknown_D
#
# <colnr> <probs for GDERKNQSTAVLIFYWHMCP>
#	G	D	E	R	K	N	Q	S	T	A	V	L	I	F	Y	W	H	M	C	P
0	0.00901	0.00662	0.00845	0.00960	0.01048	0.00606	0.00659	0.01064	0.01516	0.02010	0.13065	0.55554	0.14215	0.02112	0.00909	0.00279	0.00404	0.01893	0.00691	0.00606
1	0.01506	0.01292	0.01476	0.01109	0.01697	0.01058	0.00880	0.02051	0.10495	0.02432	0.01908	0.02024	0.05664	0.00683	0.00586	0.00135	0.00532	0.00554	0.00488	0.63430
2	0.01042	0.00698	0.00797	0.00812	0.00816	0.00695	0.00461	0.01053	0.01087	0.01449	0.02443	0.10917	0.02835	0.68030	0.03453	0.00668	0.00680	0.01147	0.00461	0.00454
3	0.01507	0.01292	0.01507	0.01077	0.01723	0.00969	0.00861	0.01830	0.01507	0.02369	0.01292	0.01507	0.01077	0.00538	0.00538	0.00108	0.00538	0.00431	0.00431	0.78898
4	0.00913	0.00644	0.00835	0.00978	0.01013	0.00608	0.00638	0.01019	0.01339	0.01785	0.03736	0.63055	0.04466	0.13668	0.01365	0.00360	0.00466	0.01907	0.00638	0.00567
5	0.00970	0.00715	0.00908	0.00913	0.01064	0.00653	0.00664	0.01239	0.01841	0.02526	0.44976	0.22172	0.15214	0.01727	0.00875	0.00247	0.00365	0.01527	0.00752	0.00653
6	0.01097	0.00824	0.01042	0.01108	0.01267	0.00818	0.00848	0.01556	0.09553	0.02332	0.19651	0.29283	0.08574	0.01846	0.00904	0.00280	0.00479	0.17127	0.00711	0.00700
7	0.01652	0.01873	0.12220	0.03632	0.49708	0.01581	0.02128	0.02127	0.01641	0.02333	0.01750	0.02772	0.01597	0.00868	0.00760	0.00237	0.00863	0.10792	0.00401	0.01064

[dist]
# distance from previous block
# <min> <max>
10	16

[block]
# block no. 4 follows, 28 sequences, length 143
# corresponding to MSA columns:
# 179-321
name=unknown_E
#
# <colnr> <probs for GDERKNQSTAVLIFYWHMCP>
#	G	D	E	R	K	N	Q	S	T	A	V	L	I	F	Y	W	H	M	C	P
0	0.02015	0.60592	0.03526	0.01368	0.01962	0.06055	0.04608	0.02269	0.01543	0.05801	0.01183	0.01352	0.01025	0.00818	0.03076	0.00202	0.00860	0.00451	0.00355	0.00939
1	0.01969	0.72496	0.03750	0.01265	0.01878	0.05179	0.01249	0.02201	0.01497	0.01713	0.01014	0.01171	0.00933	0.00626	0.00473	0.00157	0.00795	0.00391	0.00313	0.00930
2	0.00869	0.00735	0.00739	0.00739	0.00972	0.00618	0.00547	0.01044	0.01626	0.01935	0.07104	0.06881	0.66197	0.05556	0.01004	0.00269	0.00385	0.01510	0.00663	0.00605
3	0.02687	0.01998	0.02139	0.01657	0.02225	0.02219	0.01363	0.62414	0.08623	0.04458	0.01842	0.01822	0.01315	0.00882	0.00728	0.00220	0.00782	0.00668	0.00728	0.01229
4	0.01051	0.00729	0.00914	0.00914	0.00956	0.00771	0.00592	0.01135	0.01093	0.01499	0.02179	0.04142	0.02376	0.52127	0.25661	0.00855	0.01107	0.00967	0.00424	0.00508
5	0.01355	0.00678	0.00678	0.00678	0.00847	0.00678	0.00508	0.01694	0.01524	0.02710	0.02371	0.02710	0.01863	0.00847	0.00508	0.00169	0.00339	0.00678	0.78489	0.00678
6	0.02733	0.01776	0.01988	0.01542	0.02089	0.01898	0.01267	0.48026	0.05277	0.18226	0.06023	0.02148	0.01720	0.00918	0.00736	0.00221	0.00727	0.00715	0.00768	0.01201
7	0.00886	0.00633	0.00843	0.01012	0.01054	0.00590	0.00675	0.01012	0.01392	0.01856	0.04006	0.73979	0.04808	0.02277	0.00928	0.00295	0.00422	0.02066	0.00675	0.00590
8	0.01355	0.00678	0.00678	0.00678	0.00847	0.00678	0.00508	0.01694	0.01524	0.02710	0.02371	0.02710	0.01863	0.00847	0.00508	0.00169	0.00339	0.00678	0.78489	0.00678
9	0.02013	0.68441	0.03651	0.01301	0.01900	0.09076	0.01258	0.02242	0.01530	0.01716	0.01021	0.01179	0.00933	0.00633	0.00483	0.00158	0.00826	0.00396	0.00317	0.00925
10	0.01146	0.00776	0.00892	0.00895	0.00948	0.00782	0.00562	0.05011	0.01288	0.01742	0.02588	0.15552	0.02929	0.53456	0.02875	0.00579	0.00651	0.03484	0.03317	0.00528
11	0.01466	0.03442	0.60930	0.02083	0.03052	0.01691	0.06376	0.02244	0.01541	0.02296	0.03582	0.01693	0.01132	0.00742	0.00793	0.00236	0.04745	0.00587	0.00328	0.01041
12	0.01029	0.00743	0.00972	0.00914	0.01086	0.00686	0.00686	0.01372	0.02058	0.02915	0.69536	0.05430	0.06859	0.01486	0.00857	0.00229	0.00343	0.01315	0.00800	0.00686
13	0.01842	0.01814	0.02894	0.04124	0.60386	0.05203	0.04783	0.02352	0.05103	0.02377	0.01441	0.01828	0.01193	0.00669	0.00723	0.00217	0.00886	0.00656	0.00380	0.01129
14	0.01680	0.01605	0.02735	0.23582	0.51733	0.01696	0.02171	0.02126	0.01599	0.02230	0.01346	0.01838	0.01100	0.00670	0.00722	0.00223	0.00893	0.00647	0.00350	0.01055
15	0.01768	0.01671	0.02276	0.11651	0.02484	0.04658	0.05453	0.12193	0.01598	0.02243	0.01212	0.01737	0.01052	0.01283	0.05176	0.00325	0.41302	0.00654	0.00392	0.00872
16	0.02763	0.02036	0.02182	0.01672	0.02254	0.02254	0.01382	0.67496	0.03418	0.04581	0.01745	0.01745	0.01236	0.00873	0.00727	0.00218	0.00800	0.00654	0.00727	0.01236
17	0.01799	0.01727	0.02950	0.04462	0.69919	0.01727	0.02231	0.02231	0.01655	0.02375	0.01367	0.01799	0.01151	0.00648	0.00720	0.00216	0.00864	0.00648	0.00360	0.01151
18	0.01590	0.01590	0.02226	0.01908	0.01908	0.02226	0.01590	0.01749	0.01113	0.01749	0.00954	0.01590	0.00954	0.01272	0.02385	0.00318	0.73123	0.00636	0.00318	0.00795
19	0.01355	0.00678	0.00678	0.00678	0.00847	0.00678	0.00508	0.01694	0.01524	0.02710	0.02371	0.02710	0.01863	0.00847	0.00508	0.00169	0.00339	0.00678	0.78489	0.00678
20	0.01373	0.01292	0.02180	0.72707	0.05006	0.01615	0.02019	0.01857	0.01453	0.01857	0.01292	0.01938	0.00969	0.00727	0.00727	0.00242	0.00969	0.00646	0.00323	0.00807
21	0.01878	0.01596	0.01683	0.01494	0.01917	0.01841	0.01168	0.08544	0.63811	0.03154	0.02869	0.02641	0.02147	0.00978	0.00739	0.00244	0.00592	0.00810	0.00739	0.01157
22	0.01355	0.00678	0.00678	0.00678	0.00847	0.00678	0.00508	0.01694	0.01524	0.02710	0.02371	0.02710	0.01863	0.00847	0.00508	0.00169	0.00339	0.00678	0.78489	0.00678
23	0.02715	0.03464	0.02060	0.01873	0.02247	0.71536	0.01404	0.02903	0.02060	0.01779	0.01124	0.01311	0.00936	0.00749	0.00655	0.00187	0.01311	0.00468	0.00375	0.00843
24	0.01373	0.01292	0.02180	0.72707	0.05006	0.01615	0.02019	0.01857	0.01453	0.01857	0.01292	0.01938	0.00969	0.00727	0.00727	0.00242	0.00969	0.00646	0.00323	0.00807
25	0.01355	0.00678	0.00678	0.00678	0.00847	0.00678	0.00508	0.01694	0.01524	0.02710	0.02371	0.02710	0.01863	0.00847	0.00508	0.00169	0.00339	0.00678	0.78489	0.00678
26	0.01029	0.00743	0.00972	0.00914	0.01086	0.00686	0.00686	0.01372	0.02058	0.02915	0.69536	0.05430	0.06859	0.01486	0.00857	0.00229	0.00343	0.01315	0.00800	0.00686
27	0.01477	0.06565	0.68051	0.02039	0.03096	0.01735	0.02629	0.02297	0.01532	0.02279	0.01293	0.01520	0.00921	0.00688	0.00682	0.00227	0.01063	0.00531	0.00307	0.01069
28	0.79588	0.01406	0.01068	0.00956	0.01406	0.01631	0.00787	0.02137	0.01237	0.03261	0.01012	0.01181	0.00787	0.00675	0.00450	0.00225	0.00562	0.00394	0.00450	0.00787
29	0.01057	0.00705	0.00793	0.00793	0.00793	0.00705	0.00440	0.01057	0.01057	0.01409	0.02290	0.04757	0.02643	0.74454	0.03700	0.00705	0.00705	0.01057	0.00440	0.00440
30	0.01943	0.74891	0.03809	0.01244	0.01866	0.02876	0.01244	0.02177	0.01477	0.01710	0.01011	0.01166	0.00933	0.00622	0.00466	0.00155	0.00777	0.00389	0.00311	0.00933
31	0.01590	0.01590	0.02226	0.01908	0.01908	0.02226	0.01590	0.01749	0.01113	0.01749	0.00954	0.01590	0.00954	0.01272	0.02385	0.00318	0.73123	0.00636	0.00318	0.00795
32	0.01590	0.01590	0.02226	0.01908	0.01908	0.02226	0.01590	0.01749	0.01113	0.01749	0.00954	0.01590	0.00954	0.01272	0.02385	0.00318	0.73123	0.00636	0.00318	0.00795
33	0.01355	0.00678	0.00678	0.00678	0.00847	0.00678	0.00508	0.01694	0.01524	0.02710	0.02371	0.02710	0.01863	0.00847	0.00508	0.00169	0.00339	0.00678	0.78489	0.00678
34	0.01417	0.01316	0.02180	0.70434	0.04918	0.01635	0.01998	0.03957	0.01516	0.01944	0.01306	0.01932	0.00978	0.00731	0.00727	0.00241	0.00964	0.00646	0.00336	0.00821
35	0.01263	0.00631	0.00947	0.00947	0.00947	0.00631	0.00631	0.00947	0.00947	0.01263	0.01263	0.02210	0.01263	0.02525	0.02841	0.78851	0.00631	0.00631	0.00316	0.00316
36	0.00886	0.00633	0.00843	0.01012	0.01054	0.00590	0.00675	0.01012	0.01392	0.01856	0.04006	0.73979	0.04808	0.02277	0.00928	0.00295	0.00422	0.02066	0.00675	0.00590
37	0.02715	0.03464	0.02060	0.01873	0.02247	0.71536	0.01404	0.02903	0.02060	0.01779	0.01124	0.01311	0.00936	0.00749	0.00655	0.00187	0.01311	0.00468	0.00375	0.00843
38	0.02715	0.03464	0.02060	0.01873	0.02247	0.71536	0.01404	0.02903	0.02060	0.01779	0.01124	0.01311	0.00936	0.00749	0.00655	0.00187	0.01311	0.00468	0.00375	0.00843
39	0.01355	0.00678	0.00678	0.00678	0.00847	0.00678	0.00508	0.01694	0.01524	0.02710	0.02371	0.02710	0.01863	0.00847	0.00508	0.00169	0.00339	0.00678	0.78489	0.00678
40	0.01004	0.00742	0.00937	0.00888	0.01070	0.00675	0.00666	0.01323	0.01998	0.02774	0.60302	0.05662	0.16181	0.01539	0.00858	0.00231	0.00347	0.01347	0.00782	0.00675
41	0.79588	0.01406	0.01068	0.00956	0.01406	0.01631	0.00787	0.02137	0.01237	0.03261	0.01012	0.01181	0.00787	0.00675	0.00450	0.00225	0.00562	0.00394	0.00450	0.00787
42	0.01799	0.01727	0.02950	0.04462	0.69919	0.01727	0.02231	0.02231	0.01655	0.02375	0.01367	0.01799	0.01151	0.00648	0.00720	0.00216	0.00864	0.00648	0.00360	0.01151
43	0.01633	0.01557	0.02650	0.31088	0.44593	0.01683	0.02148	0.02085	0.01576	0.02173	0.01338	0.01853	0.01080	0.00679	0.00722	0.00226	0.00905	0.00647	0.00345	0.01017
44	0.02715	0.03464	0.02060	0.01873	0.02247	0.71536	0.01404	0.02903	0.02060	0.01779	0.01124	0.01311	0.00936	0.00749	0.00655	0.00187	0.01311	0.00468	0.00375	0.00843
45	0.01038	0.00779	0.01168	0.01168	0.01298	0.00909	0.00909	0.01298	0.01168	0.01687	0.01947	0.02856	0.01817	0.05452	0.71573	0.01168	0.01947	0.00779	0.00389	0.00649
46	0.01782	0.01546	0.01675	0.05684	0.02074	0.01797	0.01202	0.03744	0.64642	0.02971	0.02860	0.02666	0.02145	0.00971	0.00739	0.00246	0.00599	0.00811	0.00715	0.01130
47	0.01946	0.01616	0.01707	0.01486	0.01921	0.01843	0.01170	0.15435	0.54017	0.03281	0.02908	0.02702	0.04677	0.00999	0.00742	0.00241	0.00608	0.00819	0.00735	0.01145
48	0.01057	0.00705	0.00793	0.00793	0.00793	0.00705	0.00440	0.01057	0.01057	0.01409	0.02290	0.04757	0.02643	0.74454	0.03700	0.00705	0.00705	0.01057	0.00440	0.00440
49	0.00893	0.00731	0.00746	0.00746	0.00950	0.00629	0.00533	0.01046	0.01554	0.01869	0.06496	0.06613	0.58171	0.14257	0.01345	0.00324	0.00426	0.01453	0.00635	0.00584
50	0.00914	0.00645	0.00835	0.00975	0.01011	0.00610	0.00636	0.01020	0.01336	0.01781	0.03719	0.62389	0.04445	0.14362	0.01392	0.00364	0.00469	0.01897	0.00636	0.00565
51	0.00896	0.00640	0.00855	0.01024	0.01071	0.00599	0.00693	0.01030	0.01402	0.01867	0.04001	0.71564	0.04785	0.02267	0.00931	0.00297	0.00431	0.04379	0.00675	0.00593
52	0.01144	0.00817	0.01140	0.01307	0.01462	0.00813	0.01123	0.01458	0.01646	0.02144	0.03864	0.14549	0.04244	0.02034	0.00997	0.00331	0.00645	0.58949	0.00670	0.00662
53	0.01041	0.00786	0.00882	0.00848	0.01084	0.00698	0.00639	0.01346	0.04299	0.04970	0.25823	0.08085	0.43524	0.01677	0.00851	0.00241	0.00380	0.01424	0.00724	0.00679
54	0.01354	0.00940	0.01045	0.00962	0.01068	0.00977	0.00621	0.12974	0.01498	0.02001	0.02280	0.07758	0.02501	0.57560	0.03025	0.00596	0.00707	0.01036	0.00504	0.00591
55	0.00998	0.00724	0.00941	0.00924	0.01077	0.00667	0.00679	0.01299	0.01931	0.02702	0.56212	0.16966	0.08890	0.01632	0.00869	0.00240	0.00357	0.01449	0.00774	0.00667
56	0.00886	0.00633	0.00843	0.01012	0.01054	0.00590	0.00675	0.01012	0.01392	0.01856	0.04006	0.73979	0.04808	0.02277	0.00928	0.00295	0.00422	0.02066	0.00675	0.00590
57	0.00940	0.00700	0.00863	0.00973	0.01077	0.00649	0.00671	0.03147	0.01514	0.01966	0.04663	0.57126	0.18765	0.02138	0.00906	0.00282	0.00422	0.01906	0.00676	0.00616
58	0.01149	0.00821	0.01146	0.01313	0.01471	0.00818	0.01133	0.01468	0.01652	0.02151	0.03861	0.13282	0.04232	0.02029	0.00998	0.00332	0.00650	0.60162	0.00670	0.00663
59	0.00916	0.00680	0.00968	0.01086	0.01153	0.00635	0.03077	0.01060	0.01403	0.01873	0.03915	0.71382	0.04674	0.02217	0.00925	0.00293	0.00451	0.02023	0.00664	0.00604
60	0.01114	0.00805	0.00953	0.00976	0.01176	0.00742	0.00738	0.04620	0.01723	0.04961	0.10898	0.26394	0.30872	0.01871	0.00885	0.00267	0.00450	0.09182	0.00697	0.00677
61	0.00875	0.00730	0.00763	0.00769	0.00995	0.00618	0.00572	0.01069	0.01674	0.02038	0.12480	0.11113	0.60130	0.01838	0.00863	0.00247	0.00369	0.01549	0.00686	0.00618
62	0.01484	0.03579	0.63993	0.02172	0.03212	0.01703	0.09198	0.02305	0.01553	0.02305	0.01321	0.01578	0.00939	0.00683	0.00707	0.00232	0.01090	0.00569	0.00313	0.01065
63	0.79588	0.01406	0.01068	0.00956	0.01406	0.01631	0.00787	0.02137	0.01237	0.03261	0.01012	0.01181	0.00787	0.00675	0.00450	0.00225	0.00562	0.00394	0.00450	0.00787
64	0.76579	0.01399	0.01093	0.00969	0.01423	0.01609	0.00798	0.02192	0.01270	0.05909	0.01085	0.01232	0.00827	0.00684	0.00461	0.00225	0.00565	0.00407	0.00468	0.00805
65	0.01917	0.01502	0.01628	0.01456	0.01871	0.01700	0.01144	0.03737	0.59709	0.09257	0.02986	0.02913	0.02260	0.01020	0.00750	0.00248	0.00583	0.03428	0.00752	0.01139
66	0.03261	0.01237	0.01687	0.01293	0.01856	0.01068	0.01068	0.03543	0.02081	0.70423	0.02868	0.02474	0.01799	0.00900	0.00731	0.00225	0.00619	0.00731	0.00900	0.01237
67	0.01149	0.00781	0.00905	0.00861	0.01104	0.00678	0.00650	0.01384	0.01796	0.09065	0.24406	0.10499	0.40711	0.01675	0.00850	0.00242	0.00390	0.01426	0.00733	0.00695
68	0.02958	0.01170	0.01590	0.01242	0.01751	0.01016	0.01016	0.03248	0.02077	0.61255	0.11922	0.02876	0.02486	0.00979	0.00748	0.00225	0.00581	0.00810	0.00886	0.01162
69	0.00905	0.00738	0.00800	0.00784	0.01010	0.00633	0.00588	0.01132	0.01765	0.02220	0.24123	0.06574	0.52705	0.01745	0.00859	0.00241	0.00361	0.01475	0.00709	0.00633
70	0.01057	0.00705	0.00793	0.00793	0.00793	0.00705	0.00440	0.01057	0.01057	0.01409	0.02290	0.04757	0.02643	0.74454	0.03700	0.00705	0.00705	0.01057	0.00440	0.00440
71	0.00962	0.00740	0.00879	0.00844	0.01045	0.00657	0.00633	0.01242	0.01900	0.02540	0.45020	0.06047	0.31609	0.01626	0.00858	0.00235	0.00353	0.01401	0.00751	0.00657
72	0.01373	0.01292	0.02180	0.72707	0.05006	0.01615	0.02019	0.01857	0.01453	0.01857	0.01292	0.01938	0.00969	0.00727	0.00727	0.00242	0.00969	0.00646	0.00323	0.00807
73	0.01355	0.00678	0.00678	0.00678	0.00847	0.00678	0.00508	0.01694	0.01524	0.02710	0.02371	0.02710	0.01863	0.00847	0.00508	0.00169	0.00339	0.00678	0.78489	0.00678
74	0.01057	0.00705	0.00793	0.00793	0.00793	0.00705	0.00440	0.01057	0.01057	0.01409	0.02290	0.04757	0.02643	0.74454	0.03700	0.00705	0.00705	0.01057	0.00440	0.00440
75	0.02179	0.01047	0.01361	0.01133	0.01519	0.00953	0.00901	0.02608	0.06961	0.36204	0.28027	0.03862	0.07723	0.01181	0.00786	0.00229	0.00498	0.01003	0.00837	0.00988
76	0.02073	0.62932	0.03516	0.01349	0.01930	0.14372	0.01271	0.02298	0.01575	0.01722	0.01029	0.01190	0.00933	0.00643	0.00498	0.00161	0.00867	0.00402	0.00322	0.00918
77	0.01933	0.01714	0.02838	0.04136	0.62541	0.01714	0.02120	0.05550	0.01768	0.06501	0.01475	0.01836	0.01194	0.00674	0.00721	0.00217	0.00846	0.00653	0.00410	0.01161
78	0.01656	0.01782	0.07440	0.24295	0.41207	0.04410	0.02118	0.02116	0.01603	0.02180	0.01510	0.01958	0.03122	0.00714	0.00721	0.00224	0.00913	0.00659	0.00355	0.01016
79	0.62792	0.01617	0.01305	0.01123	0.01591	0.05312	0.00918	0.13119	0.01644	0.03406	0.01141	0.01282	0.00870	0.00712	0.00507	0.00222	0.00640	0.00441	0.00492	0.00865
80	0.00926	0.00739	0.00840	0.00889	0.01087	0.00652	0.00682	0.01138	0.01649	0.02048	0.10524	0.16752	0.45108	0.01908	0.00893	0.00266	0.00424	0.12169	0.00683	0.00624
81	0.01511	0.11598	0.63318	0.01981	0.03005	0.01819	0.02527	0.02288	0.01528	0.02237	0.01272	0.01494	0.00922	0.00683	0.00666	0.00222	0.01042	0.00521	0.00307	0.01059
82	0.04420	0.01622	0.08356	0.06430	0.08792	0.01498	0.18292	0.03877	0.06209	0.02312	0.02318	0.12467	0.04154	0.01155	0.00938	0.00263	0.06281	0.09242	0.00484	0.00888
83	0.01491	0.08573	0.66162	0.02016	0.03059	0.01769	0.02588	0.02294	0.01531	0.02262	0.01285	0.01510	0.00922	0.00686	0.00675	0.00225	0.01054	0.00527	0.00307	0.01065
84	0.00955	0.00705	0.00878	0.00992	0.01089	0.00659	0.00682	0.03620	0.01515	0.01980	0.04480	0.59937	0.15520	0.02149	0.00908	0.00284	0.00428	0.01922	0.00677	0.00620
85	0.04479	0.01974	0.14327	0.08358	0.18787	0.01651	0.20223	0.02185	0.01619	0.05776	0.03895	0.02183	0.04674	0.00794	0.00869	0.00238	0.05825	0.00747	0.00408	0.00989
86	0.01487	0.01365	0.02118	0.48457	0.12601	0.01604	0.01824	0.04098	0.09534	0.02155	0.01924	0.02348	0.05787	0.00827	0.00736	0.00239	0.00863	0.00727	0.00413	0.00892
87	0.01491	0.01535	0.05892	0.50807	0.22305	0.01649	0.02110	0.01980	0.01512	0.02019	0.01313	0.01880	0.01015	0.00704	0.00723	0.00235	0.00946	0.00641	0.00332	0.00913
88	0.00949	0.00692	0.00904	0.01020	0.01053	0.00691	0.00681	0.01056	0.01322	0.01776	0.03568	0.58794	0.04254	0.14312	0.01464	0.00365	0.04080	0.01826	0.00618	0.00575
89	0.01474	0.01352	0.01602	0.01462	0.01607	0.08433	0.01161	0.06021	0.01390	0.01898	0.01591	0.02345	0.01482	0.05879	0.38472	0.00758	0.21229	0.00710	0.00393	0.00741
90	0.01463	0.00913	0.01134	0.01054	0.01311	0.00871	0.00806	0.01955	0.10046	0.13944	0.31237	0.14340	0.12735	0.01498	0.00837	0.00245	0.00443	0.03583	0.00772	0.00812
91	0.01696	0.11267	0.30983	0.04993	0.24691	0.05444	0.02216	0.02248	0.01567	0.02182	0.01260	0.01582	0.01002	0.00707	0.00773	0.00220	0.05232	0.00561	0.00329	0.01046
92	0.01057	0.00705	0.00793	0.00793	0.00793	0.00705	0.00440	0.01057	0.01057	0.01409	0.02290	0.04757	0.02643	0.74454	0.03700	0.00705	0.00705	0.01057	0.00440	0.00440
93	0.01507	0.01292	0.01507	0.01077	0.01723	0.00969	0.00861	0.01830	0.01507	0.02369	0.01292	0.01507	0.01077	0.00538	0.00538	0.00108	0.00538	0.00431	0.00431	0.78898
94	0.01408	0.01347	0.02334	0.66162	0.07144	0.01632	0.05981	0.01899	0.01476	0.01903	0.01305	0.01935	0.00983	0.00717	0.00734	0.00242	0.00981	0.00659	0.00327	0.00830
95	0.49128	0.01590	0.10548	0.01126	0.01605	0.01420	0.01035	0.02007	0.01280	0.05304	0.01178	0.01459	0.00936	0.00969	0.00876	0.12625	0.00643	0.00466	0.00425	0.05380
96	0.01361	0.00801	0.01051	0.00990	0.01202	0.00725	0.00740	0.01639	0.01897	0.13878	0.41080	0.19844	0.08784	0.01578	0.00852	0.00243	0.00407	0.01391	0.00783	0.00753
97	0.00885	0.00636	0.00840	0.01002	0.01052	0.00591	0.00670	0.01013	0.01401	0.01860	0.04130	0.71519	0.07188	0.02261	0.00925	0.00293	0.00420	0.02047	0.00675	0.00591
98	0.03232	0.01284	0.01716	0.01316	0.01879	0.01138	0.01087	0.07318	0.02159	0.66536	0.02801	0.02431	0.01766	0.00898	0.00731	0.00225	0.00629	0.00726	0.00890	0.01237
99	0.02134	0.01489	0.01653	0.01438	0.01882	0.01642	0.01132	0.03791	0.53705	0.18134	0.02938	0.02659	0.02125	0.00967	0.00738	0.00242	0.00585	0.00801	0.00775	0.01170
100	0.00874	0.00729	0.00746	0.00754	0.00973	0.00619	0.00551	0.01043	0.01603	0.01921	0.06854	0.10171	0.61881	0.06768	0.01054	0.00279	0.00394	0.01528	0.00659	0.00601
101	0.02155	0.01509	0.01603	0.01314	0.01729	0.01652	0.01056	0.37763	0.09541	0.03737	0.02143	0.04433	0.01651	0.00921	0.00665	0.00208	0.00617	0.00724	0.25551	0.01029
102	0.01295	0.00810	0.01045	0.00969	0.01198	0.00735	0.00751	0.01610	0.01983	0.11153	0.48755	0.05454	0.13987	0.01495	0.00852	0.00238	0.00403	0.05735	0.00788	0.00744
103	0.00943	0.00699	0.00864	0.00948	0.01064	0.00644	0.00677	0.01121	0.01540	0.02014	0.13365	0.36356	0.19863	0.08581	0.01161	0.00316	0.00449	0.08121	0.00670	0.00603
104	0.00886	0.00633	0.00843	0.01012	0.01054	0.00590	0.00675	0.01012	0.01392	0.01856	0.04006	0.73979	0.04808	0.02277	0.00928	0.00295	0.00422	0.02066	0.00675	0.00590
105	0.01223	0.00820	0.01021	0.00967	0.01136	0.00792	0.00696	0.01606	0.06939	0.06811	0.40670	0.11258	0.05148	0.16036	0.01414	0.00331	0.00458	0.01258	0.00718	0.00699
106	0.00903	0.00640	0.00838	0.00990	0.01028	0.00602	0.00651	0.01017	0.01358	0.01811	0.03835	0.67065	0.04591	0.09486	0.01205	0.00336	0.00450	0.01966	0.00651	0.00575
107	0.01079	0.00774	0.01013	0.01129	0.01239	0.00767	0.00867	0.01362	0.04227	0.02020	0.06875	0.28681	0.04192	0.13678	0.01395	0.00372	0.00574	0.28483	0.00644	0.00627
108	0.01771	0.01529	0.01608	0.01450	0.01854	0.01761	0.01127	0.03751	0.65966	0.02998	0.03132	0.02881	0.04877	0.01020	0.00744	0.00247	0.00567	0.00850	0.00737	0.01129
109	0.02978	0.01382	0.01742	0.01360	0.01900	0.01318	0.01115	0.14205	0.08051	0.51314	0.04923	0.02472	0.01911	0.00922	0.00735	0.00226	0.00636	0.00746	0.00854	0.01211
110	0.01038	0.00779	0.01168	0.01168	0.01298	0.00909	0.00909	0.01298	0.01168	0.01687	0.01947	0.02856	0.01817	0.05452	0.71573	0.01168	0.01947	0.00779	0.00389	0.00649
111	0.42395	0.01482	0.01352	0.01134	0.01578	0.01667	0.00927	0.22561	0.01969	0.03583	0.01470	0.01614	0.01108	0.00766	0.00547	0.00213	0.00599	0.00523	0.13603	0.00910
112	0.02615	0.01913	0.02064	0.01613	0.02161	0.02112	0.01322	0.56011	0.10617	0.06564	0.04195	0.02002	0.01554	0.00907	0.00733	0.00222	0.00753	0.00698	0.00737	0.01208
113	0.03261	0.01237	0.01687	0.01293	0.01856	0.01068	0.01068	0.03543	0.02081	0.70423	0.02868	0.02474	0.01799	0.00900	0.00731	0.00225	0.00619	0.00731	0.00900	0.01237
114	0.03261	0.01237	0.01687	0.01293	0.01856	0.01068	0.01068	0.03543	0.02081	0.70423	0.02868	0.02474	0.01799	0.00900	0.00731	0.00225	0.00619	0.00731	0.00900	0.01237
115	0.00988	0.00706	0.00961	0.01129	0.01216	0.00679	0.00853	0.01189	0.01493	0.01970	0.03950	0.50399	0.04584	0.02181	0.00955	0.00309	0.00510	0.24636	0.00673	0.00619
