[name]
unknown

[dist]
# distance from previous block
# <min> <max>
6	33

[block]
# block no. 0 follows, 29 sequences, length 15
# corresponding to MSA columns:
# 45-59
name=unknown_A
#
# <colnr> <probs for GDERKNQSTAVLIFYWHMCP>
#	G	D	E	R	K	N	Q	S	T	A	V	L	I	F	Y	W	H	M	C	P
0	0.18407	0.01687	0.11284	0.24699	0.09725	0.01576	0.03447	0.07659	0.01607	0.02503	0.01554	0.02381	0.01320	0.00846	0.00684	0.00238	0.00825	0.08259	0.00420	0.00880
1	0.08455	0.01331	0.01720	0.01255	0.01870	0.01098	0.07261	0.02063	0.01540	0.10504	0.01441	0.01603	0.01116	0.00588	0.00572	0.00142	0.00603	0.00493	0.00472	0.55872
2	0.01073	0.00823	0.01159	0.01323	0.09261	0.00776	0.00849	0.01382	0.01857	0.02614	0.50629	0.16811	0.05713	0.01492	0.00836	0.00234	0.00409	0.01337	0.00712	0.00710
3	0.01345	0.01266	0.02136	0.73264	0.04904	0.01582	0.01978	0.01819	0.01424	0.01819	0.01266	0.01898	0.00949	0.00712	0.00712	0.00237	0.00949	0.00633	0.00316	0.00791
4	0.02015	0.01651	0.01747	0.01498	0.01945	0.01885	0.01186	0.20563	0.52071	0.03372	0.02588	0.02410	0.01923	0.00937	0.00721	0.00234	0.00621	0.00762	0.00721	0.01149
5	0.02707	0.01995	0.02137	0.01638	0.02208	0.02208	0.01353	0.68159	0.03348	0.04488	0.01710	0.01710	0.01211	0.00855	0.00712	0.00214	0.00784	0.00641	0.00712	0.01211
6	0.12691	0.50316	0.03000	0.01234	0.01811	0.02428	0.01159	0.10038	0.01690	0.08186	0.01232	0.01322	0.01003	0.00669	0.00507	0.00175	0.00722	0.00441	0.00421	0.00955
7	0.01345	0.01266	0.02136	0.73264	0.04904	0.01582	0.01978	0.01819	0.01424	0.01819	0.01266	0.01898	0.00949	0.00712	0.00712	0.00237	0.00949	0.00633	0.00316	0.00791
8	0.00917	0.00720	0.00848	0.00887	0.01063	0.00624	0.00631	0.01090	0.01506	0.01953	0.08247	0.38548	0.29921	0.01880	0.00846	0.00251	0.00399	0.01648	0.00647	0.07374
9	0.01518	0.01386	0.02238	0.57771	0.13561	0.01651	0.01952	0.07576	0.01616	0.02118	0.01314	0.01864	0.00996	0.00714	0.00711	0.00232	0.00921	0.00634	0.00355	0.00873
10	0.01506	0.01380	0.02150	0.52785	0.11840	0.01646	0.01860	0.04834	0.10711	0.02143	0.01513	0.01978	0.01146	0.00743	0.00713	0.00234	0.00878	0.00657	0.00392	0.00892
11	0.01426	0.01301	0.02058	0.61268	0.04394	0.01538	0.01813	0.05029	0.01523	0.02008	0.01287	0.01839	0.00974	0.00697	0.00690	0.00221	0.00891	0.00608	0.00348	0.10085
12	0.01477	0.01266	0.01477	0.01055	0.01687	0.00949	0.00844	0.01793	0.01477	0.02320	0.01266	0.01477	0.01055	0.00527	0.00527	0.00105	0.00527	0.00422	0.00422	0.79328
13	0.01767	0.01608	0.02049	0.04815	0.28657	0.08212	0.01545	0.04172	0.16087	0.05145	0.02507	0.03115	0.07656	0.00991	0.00749	0.00233	0.00755	0.08420	0.00525	0.00993
14	0.01521	0.01111	0.01469	0.09718	0.01904	0.01140	0.04227	0.14798	0.01939	0.07387	0.11081	0.19945	0.13299	0.04409	0.00924	0.00263	0.00603	0.02825	0.00636	0.00803

[dist]
# distance from previous block
# <min> <max>
12	23

[block]
# block no. 1 follows, 29 sequences, length 19
# corresponding to MSA columns:
# 84-102
name=unknown_B
#
# <colnr> <probs for GDERKNQSTAVLIFYWHMCP>
#	G	D	E	R	K	N	Q	S	T	A	V	L	I	F	Y	W	H	M	C	P
0	0.08933	0.01920	0.02220	0.09330	0.23326	0.11971	0.01598	0.21349	0.02155	0.08256	0.01489	0.01691	0.01123	0.00741	0.00677	0.00212	0.00857	0.00596	0.00504	0.01052
1	0.01841	0.01853	0.02648	0.03744	0.55651	0.10004	0.01957	0.02225	0.01654	0.02256	0.01304	0.01677	0.01096	0.00636	0.00680	0.00198	0.00867	0.00593	0.00361	0.08756
2	0.02156	0.01737	0.01771	0.01497	0.01959	0.06193	0.01187	0.20438	0.41059	0.07826	0.02415	0.02268	0.01779	0.00902	0.00709	0.00225	0.00667	0.00722	0.00699	0.03791
3	0.01732	0.01661	0.02836	0.09309	0.65829	0.01684	0.02170	0.02159	0.01607	0.02290	0.01334	0.01772	0.01115	0.00640	0.00705	0.00213	0.00853	0.00634	0.00350	0.01104
4	0.02020	0.01837	0.01685	0.01505	0.01911	0.14113	0.01166	0.03598	0.53037	0.07186	0.02576	0.02400	0.01926	0.00920	0.00709	0.00230	0.00693	0.00738	0.00672	0.01079
5	0.01345	0.01266	0.02136	0.73264	0.04904	0.01582	0.01978	0.01819	0.01424	0.01819	0.01266	0.01898	0.00949	0.00712	0.00712	0.00237	0.00949	0.00633	0.00316	0.00791
6	0.01748	0.01509	0.01600	0.01418	0.01839	0.01707	0.01105	0.03628	0.63954	0.02927	0.02771	0.02565	0.02086	0.00932	0.00709	0.00231	0.00561	0.00775	0.00701	0.07235
7	0.03026	0.01217	0.01635	0.01246	0.01805	0.01037	0.01027	0.03306	0.01983	0.64293	0.02658	0.02331	0.01693	0.00847	0.00698	0.00209	0.00598	0.00687	0.00836	0.08868
8	0.03195	0.01212	0.01652	0.01267	0.01818	0.01047	0.01047	0.03470	0.02038	0.71026	0.02809	0.02424	0.01763	0.00881	0.00716	0.00220	0.00606	0.00716	0.00881	0.01212
9	0.02596	0.01781	0.01965	0.01523	0.02051	0.01925	0.01251	0.54200	0.03067	0.11951	0.08544	0.02145	0.01814	0.00917	0.00725	0.00215	0.00719	0.00713	0.00739	0.01158
10	0.01565	0.01683	0.03365	0.24587	0.03905	0.01771	0.41056	0.02083	0.01543	0.02083	0.01337	0.01878	0.01026	0.00698	0.00948	0.00246	0.08240	0.00755	0.00342	0.00890
11	0.00842	0.00721	0.00721	0.00721	0.00962	0.00601	0.00541	0.01022	0.01623	0.01924	0.07213	0.06853	0.70244	0.01803	0.00842	0.00240	0.00361	0.01503	0.00661	0.00601
12	0.03057	0.01181	0.01608	0.01243	0.01770	0.01023	0.01023	0.03336	0.02037	0.66717	0.07066	0.02607	0.02076	0.00918	0.00724	0.00221	0.00589	0.00752	0.00875	0.01178
13	0.01719	0.01647	0.02812	0.11554	0.63690	0.01680	0.02164	0.02147	0.01601	0.02273	0.01332	0.01777	0.01109	0.00643	0.00706	0.00214	0.00857	0.00634	0.00349	0.01093
14	0.01058	0.00770	0.01036	0.01181	0.01331	0.00748	0.00984	0.01330	0.01585	0.02047	0.04207	0.20431	0.12054	0.01997	0.00953	0.00310	0.00575	0.46109	0.00657	0.00635
15	0.00912	0.00657	0.00856	0.00998	0.01066	0.00617	0.00698	0.01057	0.01395	0.01836	0.04032	0.56811	0.09193	0.06898	0.01090	0.00317	0.00458	0.09885	0.00645	0.00580
16	0.06732	0.01356	0.01832	0.33677	0.03093	0.03992	0.01498	0.03803	0.04956	0.07077	0.01514	0.01929	0.01167	0.00850	0.00963	0.00238	0.14067	0.00628	0.09796	0.00832
17	0.01763	0.01506	0.01967	0.01734	0.10108	0.01415	0.05383	0.14957	0.04202	0.02756	0.03723	0.01758	0.01318	0.00689	0.00707	0.00166	0.04080	0.00568	0.00484	0.40715
18	0.45323	0.01676	0.01794	0.06642	0.12252	0.07956	0.06400	0.06133	0.01524	0.02848	0.01150	0.01402	0.00900	0.00674	0.00564	0.00218	0.00752	0.00497	0.00422	0.00872

[dist]
# distance from previous block
# <min> <max>
5	19

[block]
# block no. 2 follows, 29 sequences, length 12
# corresponding to MSA columns:
# 122-133
name=unknown_C
#
# <colnr> <probs for GDERKNQSTAVLIFYWHMCP>
#	G	D	E	R	K	N	Q	S	T	A	V	L	I	F	Y	W	H	M	C	P
0	0.02292	0.01540	0.01747	0.01392	0.01875	0.01582	0.01119	0.37949	0.02556	0.13562	0.02201	0.14557	0.01885	0.01056	0.00723	0.00213	0.00658	0.00866	0.00689	0.11536
1	0.17493	0.07644	0.04185	0.01189	0.01537	0.17654	0.00980	0.01915	0.01732	0.02423	0.22789	0.03310	0.10009	0.01083	0.00681	0.00214	0.00676	0.03189	0.00542	0.00754
2	0.02584	0.01314	0.01627	0.01323	0.01808	0.01276	0.01075	0.10901	0.14255	0.40869	0.02735	0.06242	0.02010	0.01002	0.00733	0.00227	0.00609	0.04150	0.00791	0.04469
3	0.02321	0.01656	0.01689	0.01395	0.01845	0.10174	0.01107	0.19228	0.13509	0.19630	0.09596	0.05472	0.02206	0.00968	0.00717	0.00214	0.00685	0.00779	0.00700	0.06110
4	0.02183	0.12310	0.02040	0.01525	0.01938	0.40295	0.01197	0.04820	0.05297	0.02093	0.09748	0.01868	0.01722	0.00800	0.00636	0.00180	0.00961	0.00571	0.00446	0.09369
5	0.00958	0.00711	0.00920	0.00989	0.01117	0.00634	0.00685	0.01129	0.01448	0.01992	0.10786	0.57975	0.04476	0.01936	0.00854	0.00259	0.00419	0.01746	0.00645	0.10319
6	0.01345	0.01266	0.02136	0.73264	0.04904	0.01582	0.01978	0.01819	0.01424	0.01819	0.01266	0.01898	0.00949	0.00712	0.00712	0.00237	0.00949	0.00633	0.00316	0.00791
7	0.01345	0.01266	0.02136	0.73264	0.04904	0.01582	0.01978	0.01819	0.01424	0.01819	0.01266	0.01898	0.00949	0.00712	0.00712	0.00237	0.00949	0.00633	0.00316	0.00791
8	0.02707	0.01995	0.02137	0.01638	0.02208	0.02208	0.01353	0.68159	0.03348	0.04488	0.01710	0.01710	0.01211	0.00855	0.00712	0.00214	0.00784	0.00641	0.00712	0.01211
9	0.01814	0.01885	0.10554	0.01708	0.02243	0.01804	0.08589	0.09945	0.46875	0.02966	0.02419	0.02338	0.01800	0.00879	0.00730	0.00237	0.00715	0.00758	0.00631	0.01108
10	0.01345	0.01266	0.02136	0.73264	0.04904	0.01582	0.01978	0.01819	0.01424	0.01819	0.01266	0.01898	0.00949	0.00712	0.00712	0.00237	0.00949	0.00633	0.00316	0.00791
11	0.01749	0.01660	0.02958	0.12321	0.42087	0.01681	0.15904	0.02294	0.05210	0.04919	0.01490	0.01885	0.01176	0.00664	0.00736	0.00223	0.00909	0.00690	0.00390	0.01054

[dist]
# distance from previous block
# <min> <max>
0	1

[block]
# block no. 3 follows, 29 sequences, length 11
# corresponding to MSA columns:
# 135-145
name=unknown_D
#
# <colnr> <probs for GDERKNQSTAVLIFYWHMCP>
#	G	D	E	R	K	N	Q	S	T	A	V	L	I	F	Y	W	H	M	C	P
0	0.01470	0.01367	0.02161	0.52442	0.13699	0.01627	0.01875	0.02174	0.11930	0.02070	0.01528	0.01996	0.01164	0.00740	0.00713	0.00234	0.00875	0.00660	0.00385	0.00890
1	0.01291	0.01225	0.11007	0.07189	0.01747	0.00904	0.01093	0.01636	0.01697	0.09925	0.22552	0.18171	0.13863	0.01440	0.00811	0.00244	0.00548	0.03250	0.00641	0.00766
2	0.02333	0.02033	0.01978	0.07619	0.02334	0.13627	0.01333	0.35766	0.14188	0.03388	0.01743	0.01801	0.01295	0.00818	0.00689	0.00208	0.00824	0.00622	0.00602	0.06797
3	0.01166	0.00931	0.01264	0.01420	0.10931	0.00903	0.00914	0.01644	0.07585	0.02723	0.50192	0.04705	0.10183	0.01324	0.00811	0.00225	0.00429	0.01171	0.00709	0.00769
4	0.02465	0.02861	0.02173	0.05591	0.12887	0.49461	0.01527	0.10569	0.02089	0.02168	0.01219	0.01438	0.00987	0.00732	0.00664	0.00194	0.01140	0.00516	0.00404	0.00917
5	0.01234	0.01149	0.01189	0.11297	0.01726	0.11787	0.00927	0.01400	0.01430	0.01749	0.02892	0.43758	0.03314	0.11353	0.01197	0.00318	0.00660	0.01456	0.00537	0.00627
6	0.03376	0.17689	0.26283	0.01484	0.02187	0.05073	0.01584	0.07622	0.03215	0.02308	0.01937	0.02046	0.08720	0.00789	0.00623	0.00191	0.00800	0.00598	0.00411	0.13064
7	0.18552	0.18397	0.09899	0.01473	0.01973	0.15977	0.06097	0.02180	0.01545	0.04698	0.01559	0.11677	0.01462	0.00891	0.00617	0.00210	0.00832	0.00692	0.00421	0.00848
8	0.01021	0.00747	0.01066	0.01066	0.01166	0.00847	0.00792	0.01221	0.01121	0.01595	0.01979	0.03196	0.01953	0.20249	0.57482	0.01047	0.01647	0.00821	0.00392	0.00592
9	0.01887	0.01390	0.01517	0.01340	0.01747	0.01529	0.01049	0.03427	0.51316	0.13374	0.03366	0.03089	0.09707	0.01046	0.00736	0.00238	0.00547	0.00869	0.00742	0.01081
10	0.01956	0.45628	0.10725	0.01406	0.02030	0.02446	0.01384	0.12580	0.11319	0.02359	0.01403	0.01484	0.01136	0.00705	0.00559	0.00183	0.00769	0.00497	0.00426	0.01005

[dist]
# distance from previous block
# <min> <max>
2	7

[block]
# block no. 4 follows, 29 sequences, length 9
# corresponding to MSA columns:
# 154-162
name=unknown_E
#
# <colnr> <probs for GDERKNQSTAVLIFYWHMCP>
#	G	D	E	R	K	N	Q	S	T	A	V	L	I	F	Y	W	H	M	C	P
0	0.01904	0.75404	0.03731	0.01218	0.01828	0.02818	0.01218	0.02132	0.01447	0.01675	0.00990	0.01142	0.00914	0.00609	0.00457	0.00152	0.00761	0.00381	0.00305	0.00914
1	0.01783	0.06157	0.38275	0.01782	0.02486	0.20287	0.01925	0.02302	0.01644	0.05006	0.01612	0.10507	0.01415	0.00890	0.00689	0.00219	0.01003	0.00696	0.00388	0.00934
2	0.01904	0.75404	0.03731	0.01218	0.01828	0.02818	0.01218	0.02132	0.01447	0.01675	0.00990	0.01142	0.00914	0.00609	0.00457	0.00152	0.00761	0.00381	0.00305	0.00914
3	0.00936	0.00683	0.00896	0.01040	0.01137	0.00643	0.00771	0.01119	0.01466	0.01911	0.04292	0.49113	0.12666	0.02110	0.00920	0.00293	0.00469	0.18274	0.00660	0.00601
4	0.01147	0.00820	0.01147	0.01311	0.01475	0.00820	0.01147	0.01475	0.01639	0.02131	0.03770	0.08032	0.04098	0.01967	0.00984	0.00328	0.00656	0.65741	0.00656	0.00656
5	0.05423	0.01634	0.02130	0.19821	0.21388	0.05808	0.01640	0.16940	0.05004	0.02690	0.01910	0.02371	0.05373	0.00858	0.00715	0.00226	0.00819	0.03794	0.00479	0.00976
6	0.01805	0.01343	0.01635	0.01325	0.05838	0.01106	0.00989	0.07336	0.01704	0.11000	0.01497	0.01629	0.01159	0.00604	0.00576	0.00135	0.00577	0.00488	0.00498	0.58755
7	0.02313	0.01938	0.05689	0.05391	0.11755	0.10228	0.01467	0.18975	0.17167	0.14725	0.01994	0.01997	0.01444	0.00822	0.00704	0.00219	0.00795	0.00661	0.00611	0.01106
8	0.10969	0.00938	0.01180	0.01104	0.01338	0.01021	0.00855	0.01627	0.04818	0.04834	0.01852	0.02595	0.01672	0.09251	0.44793	0.00815	0.01396	0.00707	0.00435	0.07803

[dist]
# distance from previous block
# <min> <max>
1	3

[block]
# block no. 5 follows, 29 sequences, length 6
# corresponding to MSA columns:
# 166-171
name=unknown_F
#
# <colnr> <probs for GDERKNQSTAVLIFYWHMCP>
#	G	D	E	R	K	N	Q	S	T	A	V	L	I	F	Y	W	H	M	C	P
0	0.01523	0.01134	0.01326	0.01230	0.01492	0.01199	0.00950	0.21686	0.06053	0.02780	0.07350	0.27618	0.07679	0.01926	0.07381	0.00338	0.00682	0.06168	0.00662	0.00822
1	0.01618	0.01455	0.02295	0.49008	0.18364	0.01690	0.01936	0.10919	0.01727	0.02289	0.01342	0.01844	0.01022	0.00715	0.00711	0.00229	0.00905	0.00634	0.00378	0.00919
2	0.06798	0.02368	0.01970	0.16032	0.06866	0.35948	0.01486	0.09040	0.01927	0.02194	0.01449	0.02091	0.01250	0.00845	0.00686	0.00214	0.01039	0.06517	0.00422	0.00858
3	0.01555	0.01486	0.02567	0.47970	0.04236	0.01720	0.15574	0.08156	0.01640	0.02160	0.01325	0.01866	0.01000	0.00732	0.00829	0.00240	0.05040	0.00676	0.00362	0.00865
4	0.06055	0.01053	0.04189	0.14412	0.01924	0.00994	0.01020	0.04313	0.01756	0.02417	0.25211	0.04692	0.23396	0.01337	0.00786	0.00236	0.00537	0.04345	0.00609	0.00718
5	0.11508	0.25102	0.02458	0.05208	0.06286	0.19286	0.01308	0.04186	0.01623	0.06634	0.01224	0.01449	0.01011	0.00899	0.03304	0.00231	0.06511	0.00491	0.00393	0.00890

[dist]
# distance from previous block
# <min> <max>
10	21

[block]
# block no. 6 follows, 29 sequences, length 13
# corresponding to MSA columns:
# 193-205
name=unknown_G
#
# <colnr> <probs for GDERKNQSTAVLIFYWHMCP>
#	G	D	E	R	K	N	Q	S	T	A	V	L	I	F	Y	W	H	M	C	P
0	0.01835	0.01448	0.05988	0.16510	0.02470	0.01450	0.01327	0.02901	0.30016	0.15831	0.02678	0.07847	0.04564	0.01004	0.00735	0.00239	0.00665	0.00851	0.00636	0.01007
1	0.01477	0.01266	0.01477	0.01055	0.01687	0.00949	0.00844	0.01793	0.01477	0.02320	0.01266	0.01477	0.01055	0.00527	0.00527	0.00105	0.00527	0.00422	0.00422	0.79328
2	0.01345	0.01266	0.02136	0.73264	0.04904	0.01582	0.01978	0.01819	0.01424	0.01819	0.01266	0.01898	0.00949	0.00712	0.00712	0.00237	0.00949	0.00633	0.00316	0.00791
3	0.01345	0.01266	0.02136	0.73264	0.04904	0.01582	0.01978	0.01819	0.01424	0.01819	0.01266	0.01898	0.00949	0.00712	0.00712	0.00237	0.00949	0.00633	0.00316	0.00791
4	0.01860	0.03079	0.54274	0.01843	0.02773	0.01505	0.02244	0.02552	0.01634	0.19056	0.01652	0.01728	0.01112	0.00727	0.00686	0.00224	0.00943	0.00573	0.00443	0.01091
5	0.80005	0.01377	0.01047	0.00936	0.01377	0.01597	0.00771	0.02093	0.01212	0.03195	0.00991	0.01157	0.00771	0.00661	0.00441	0.00220	0.00551	0.00386	0.00441	0.00771
6	0.00868	0.00620	0.00826	0.00991	0.01033	0.00578	0.00661	0.00991	0.01363	0.01818	0.03925	0.74510	0.04710	0.02231	0.00909	0.00289	0.00413	0.02024	0.00661	0.00578
7	0.01345	0.01266	0.02136	0.73264	0.04904	0.01582	0.01978	0.01819	0.01424	0.01819	0.01266	0.01898	0.00949	0.00712	0.00712	0.00237	0.00949	0.00633	0.00316	0.00791
8	0.01477	0.01266	0.01477	0.01055	0.01687	0.00949	0.00844	0.01793	0.01477	0.02320	0.01266	0.01477	0.01055	0.00527	0.00527	0.00105	0.00527	0.00422	0.00422	0.79328
9	0.01345	0.01266	0.02136	0.73264	0.04904	0.01582	0.01978	0.01819	0.01424	0.01819	0.01266	0.01898	0.00949	0.00712	0.00712	0.00237	0.00949	0.00633	0.00316	0.00791
10	0.05117	0.01497	0.02165	0.57139	0.04304	0.04896	0.01883	0.01959	0.01491	0.02000	0.01353	0.01990	0.01078	0.00867	0.00939	0.00268	0.09158	0.00657	0.00375	0.00864
11	0.07652	0.01832	0.02001	0.01582	0.02118	0.01939	0.01279	0.47758	0.02928	0.16458	0.02098	0.05274	0.01575	0.01002	0.00765	0.00245	0.00764	0.00745	0.00766	0.01219
12	0.01845	0.01796	0.02498	0.24950	0.35573	0.09519	0.01974	0.02270	0.04540	0.02247	0.01598	0.02240	0.01351	0.00836	0.00772	0.00249	0.00949	0.03336	0.00422	0.01037

[dist]
# distance from previous block
# <min> <max>
7	11

[block]
# block no. 7 follows, 29 sequences, length 8
# corresponding to MSA columns:
# 217-224
name=unknown_H
#
# <colnr> <probs for GDERKNQSTAVLIFYWHMCP>
#	G	D	E	R	K	N	Q	S	T	A	V	L	I	F	Y	W	H	M	C	P
0	0.29758	0.18320	0.14783	0.01244	0.01778	0.01746	0.01236	0.02067	0.01419	0.05994	0.07322	0.01850	0.01506	0.04640	0.00777	0.00234	0.03492	0.00551	0.00432	0.00852
1	0.06081	0.45881	0.12626	0.01335	0.01979	0.02245	0.01360	0.02442	0.04155	0.13854	0.01418	0.01473	0.01100	0.00682	0.00542	0.00181	0.00757	0.00476	0.00427	0.00986
2	0.01757	0.35148	0.34891	0.01654	0.02446	0.09011	0.01889	0.02258	0.01529	0.01951	0.01134	0.01323	0.00909	0.00653	0.00577	0.00189	0.00947	0.00456	0.00309	0.00969
3	0.01572	0.02313	0.22394	0.06994	0.03403	0.01727	0.38239	0.02185	0.01569	0.02212	0.01344	0.01759	0.01012	0.00665	0.00864	0.00234	0.05589	0.00706	0.00341	0.04879
4	0.17739	0.31870	0.15610	0.11160	0.02416	0.02141	0.01506	0.06403	0.01530	0.02298	0.01129	0.01353	0.00907	0.00662	0.00546	0.00196	0.00800	0.00460	0.00360	0.00913
5	0.01776	0.01784	0.11099	0.01487	0.01967	0.01668	0.01306	0.15025	0.37991	0.03079	0.08470	0.06760	0.02374	0.01023	0.00737	0.00235	0.00642	0.00851	0.00666	0.01060
6	0.02541	0.02061	0.01991	0.01583	0.02071	0.11591	0.01269	0.52866	0.02946	0.03818	0.01677	0.01933	0.01302	0.07896	0.00980	0.00255	0.00843	0.00654	0.00639	0.01084
7	0.01604	0.11005	0.41239	0.01734	0.02494	0.06283	0.01977	0.07947	0.01662	0.02293	0.03647	0.01770	0.01245	0.01350	0.10400	0.00339	0.01104	0.00573	0.00369	0.00967

[dist]
# distance from previous block
# <min> <max>
42	64

[block]
# block no. 8 follows, 29 sequences, length 20
# corresponding to MSA columns:
# 290-309
name=unknown_I
#
# <colnr> <probs for GDERKNQSTAVLIFYWHMCP>
#	G	D	E	R	K	N	Q	S	T	A	V	L	I	F	Y	W	H	M	C	P
0	0.01452	0.07289	0.67890	0.01989	0.03019	0.01712	0.02560	0.02249	0.01501	0.02226	0.01263	0.01485	0.00903	0.00673	0.00665	0.00222	0.01038	0.00519	0.00301	0.01045
1	0.01454	0.03504	0.64467	0.02128	0.03147	0.01669	0.09270	0.02258	0.01521	0.02258	0.01294	0.01546	0.00920	0.00669	0.00693	0.00227	0.01067	0.00558	0.00307	0.01043
2	0.01655	0.02100	0.11020	0.02902	0.03656	0.01786	0.61308	0.02278	0.01663	0.02278	0.01424	0.01878	0.01062	0.00608	0.00824	0.00239	0.01185	0.00808	0.00354	0.00970
3	0.01603	0.30103	0.46401	0.01731	0.02620	0.02082	0.02111	0.02210	0.01483	0.02041	0.01172	0.01370	0.00906	0.00652	0.00596	0.00199	0.00945	0.00473	0.00302	0.01001
4	0.80005	0.01377	0.01047	0.00936	0.01377	0.01597	0.00771	0.02093	0.01212	0.03195	0.00991	0.01157	0.00771	0.00661	0.00441	0.00220	0.00551	0.00386	0.00441	0.00771
5	0.01345	0.01266	0.02136	0.73264	0.04904	0.01582	0.01978	0.01819	0.01424	0.01819	0.01266	0.01898	0.00949	0.00712	0.00712	0.00237	0.00949	0.00633	0.00316	0.00791
6	0.01415	0.01338	0.02264	0.61594	0.16021	0.01601	0.02013	0.01881	0.01457	0.01905	0.01278	0.01875	0.00979	0.00699	0.00711	0.00233	0.00932	0.00633	0.00323	0.00848
7	0.01345	0.01266	0.02136	0.73264	0.04904	0.01582	0.01978	0.01819	0.01424	0.01819	0.01266	0.01898	0.00949	0.00712	0.00712	0.00237	0.00949	0.00633	0.00316	0.00791
8	0.01017	0.00763	0.01144	0.01144	0.01272	0.00890	0.00890	0.01272	0.01144	0.01653	0.01907	0.02797	0.01780	0.05340	0.72153	0.01144	0.01907	0.00763	0.00381	0.00636
9	0.01904	0.75404	0.03731	0.01218	0.01828	0.02818	0.01218	0.02132	0.01447	0.01675	0.00990	0.01142	0.00914	0.00609	0.00457	0.00152	0.00761	0.00381	0.00305	0.00914
10	0.00868	0.00620	0.00826	0.00991	0.01033	0.00578	0.00661	0.00991	0.01363	0.01818	0.03925	0.74510	0.04710	0.02231	0.00909	0.00289	0.00413	0.02024	0.00661	0.00578
11	0.01345	0.01266	0.02136	0.73264	0.04904	0.01582	0.01978	0.01819	0.01424	0.01819	0.01266	0.01898	0.00949	0.00712	0.00712	0.00237	0.00949	0.00633	0.00316	0.00791
12	0.02660	0.03394	0.02018	0.01834	0.02201	0.72116	0.01376	0.02843	0.02018	0.01743	0.01101	0.01284	0.00917	0.00734	0.00642	0.00183	0.01284	0.00459	0.00367	0.00825
13	0.01345	0.01266	0.02136	0.73264	0.04904	0.01582	0.01978	0.01819	0.01424	0.01819	0.01266	0.01898	0.00949	0.00712	0.00712	0.00237	0.00949	0.00633	0.00316	0.00791
14	0.02929	0.04400	0.01784	0.01302	0.01857	0.01277	0.01080	0.10912	0.04602	0.53724	0.02515	0.02238	0.01635	0.00849	0.00694	0.00211	0.00627	0.00679	0.00804	0.05880
15	0.01668	0.39791	0.37276	0.01621	0.02450	0.02240	0.01920	0.02193	0.01475	0.01963	0.01133	0.01322	0.00908	0.00643	0.00566	0.00189	0.00906	0.00453	0.00303	0.00983
16	0.01139	0.00757	0.00994	0.00918	0.01109	0.00694	0.00694	0.01471	0.02017	0.06943	0.66120	0.05145	0.06422	0.01421	0.00832	0.00224	0.00352	0.01253	0.00790	0.00704
17	0.01450	0.01322	0.02136	0.67714	0.04695	0.01631	0.01929	0.06959	0.01573	0.02026	0.01300	0.01884	0.00969	0.00723	0.00712	0.00235	0.00936	0.00633	0.00347	0.00824
18	0.01366	0.01287	0.02174	0.69731	0.08269	0.01588	0.01988	0.01838	0.01434	0.01845	0.01269	0.01891	0.00958	0.00708	0.00712	0.00236	0.00944	0.00633	0.00318	0.00808
19	0.00962	0.00698	0.00926	0.01053	0.01108	0.00694	0.00749	0.01106	0.01359	0.01813	0.03577	0.51855	0.04201	0.11129	0.01311	0.00346	0.03273	0.12642	0.00618	0.00581

[dist]
# distance from previous block
# <min> <max>
0	9

[block]
# block no. 9 follows, 29 sequences, length 15
# corresponding to MSA columns:
# 319-333
name=unknown_J
#
# <colnr> <probs for GDERKNQSTAVLIFYWHMCP>
#	G	D	E	R	K	N	Q	S	T	A	V	L	I	F	Y	W	H	M	C	P
0	0.01375	0.01344	0.02398	0.58894	0.04539	0.01572	0.12322	0.01856	0.01473	0.01897	0.01562	0.02126	0.04106	0.00744	0.00738	0.00238	0.00962	0.00705	0.00339	0.00809
1	0.01840	0.01312	0.01554	0.01132	0.01747	0.01059	0.00914	0.07057	0.01706	0.13316	0.01542	0.01643	0.01178	0.00608	0.00571	0.00132	0.00559	0.00485	0.00516	0.61127
2	0.01345	0.01266	0.02136	0.73264	0.04904	0.01582	0.01978	0.01819	0.01424	0.01819	0.01266	0.01898	0.00949	0.00712	0.00712	0.00237	0.00949	0.00633	0.00316	0.00791
3	0.02707	0.01995	0.02137	0.01638	0.02208	0.02208	0.01353	0.68159	0.03348	0.04488	0.01710	0.01710	0.01211	0.00855	0.00712	0.00214	0.00784	0.00641	0.00712	0.01211
4	0.01477	0.01266	0.01477	0.01055	0.01687	0.00949	0.00844	0.01793	0.01477	0.02320	0.01266	0.01477	0.01055	0.00527	0.00527	0.00105	0.00527	0.00422	0.00422	0.79328
5	0.01345	0.01266	0.02136	0.73264	0.04904	0.01582	0.01978	0.01819	0.01424	0.01819	0.01266	0.01898	0.00949	0.00712	0.00712	0.00237	0.00949	0.00633	0.00316	0.00791
6	0.01345	0.01266	0.02136	0.73264	0.04904	0.01582	0.01978	0.01819	0.01424	0.01819	0.01266	0.01898	0.00949	0.00712	0.00712	0.00237	0.00949	0.00633	0.00316	0.00791
7	0.00997	0.00727	0.00937	0.00885	0.01057	0.00667	0.00664	0.01323	0.01991	0.02796	0.66145	0.05417	0.10769	0.01478	0.00840	0.00225	0.00338	0.01301	0.00776	0.00667
8	0.00868	0.00620	0.00826	0.00991	0.01033	0.00578	0.00661	0.00991	0.01363	0.01818	0.03925	0.74510	0.04710	0.02231	0.00909	0.00289	0.00413	0.02024	0.00661	0.00578
9	0.01579	0.01637	0.02691	0.05381	0.02476	0.02058	0.18401	0.01862	0.01255	0.01862	0.01078	0.01665	0.00972	0.01058	0.01884	0.00290	0.52022	0.00679	0.00324	0.00825
10	0.01673	0.01898	0.04073	0.02929	0.03603	0.01825	0.63714	0.02245	0.01643	0.02245	0.01408	0.01898	0.01071	0.00641	0.00936	0.00245	0.05821	0.00826	0.00357	0.00949
11	0.80005	0.01377	0.01047	0.00936	0.01377	0.01597	0.00771	0.02093	0.01212	0.03195	0.00991	0.01157	0.00771	0.00661	0.00441	0.00220	0.00551	0.00386	0.00441	0.00771
12	0.01103	0.00797	0.01089	0.01221	0.01385	0.00782	0.01044	0.01414	0.01664	0.02175	0.10413	0.10355	0.08566	0.01918	0.00958	0.00311	0.00596	0.52891	0.00669	0.00651
13	0.72440	0.01408	0.01225	0.01268	0.08064	0.01607	0.00908	0.02102	0.01251	0.03111	0.01025	0.01215	0.00806	0.00658	0.00466	0.00219	0.00579	0.00410	0.00432	0.00806
14	0.01799	0.01676	0.01606	0.01451	0.01846	0.10578	0.01136	0.03268	0.48275	0.02682	0.02612	0.02899	0.02103	0.00995	0.00722	0.00231	0.00661	0.07006	0.00646	0.07808

[dist]
# distance from previous block
# <min> <max>
0	1

[block]
# block no. 10 follows, 29 sequences, length 10
# corresponding to MSA columns:
# 335-344
name=unknown_K
#
# <colnr> <probs for GDERKNQSTAVLIFYWHMCP>
#	G	D	E	R	K	N	Q	S	T	A	V	L	I	F	Y	W	H	M	C	P
0	0.01642	0.01569	0.02673	0.24232	0.51613	0.01660	0.02125	0.02080	0.01564	0.02180	0.01318	0.01802	0.01076	0.00657	0.00707	0.00219	0.00876	0.00634	0.00342	0.01031
1	0.01170	0.00803	0.01062	0.00972	0.01154	0.00778	0.00743	0.01492	0.01966	0.06899	0.62289	0.04938	0.06102	0.01410	0.00915	0.00229	0.04390	0.01217	0.00764	0.00710
2	0.30690	0.02167	0.01708	0.01440	0.01905	0.21793	0.01149	0.25725	0.02197	0.03242	0.01277	0.01389	0.00968	0.00750	0.00594	0.00208	0.00841	0.00497	0.00516	0.00942
3	0.01345	0.01266	0.02136	0.73264	0.04904	0.01582	0.01978	0.01819	0.01424	0.01819	0.01266	0.01898	0.00949	0.00712	0.00712	0.00237	0.00949	0.00633	0.00316	0.00791
4	0.01789	0.63159	0.03348	0.01224	0.01750	0.02555	0.01182	0.02025	0.01485	0.01801	0.08209	0.01603	0.01521	0.00736	0.00610	0.00169	0.05109	0.00490	0.00355	0.00880
5	0.07708	0.00831	0.01032	0.00938	0.01167	0.00786	0.00719	0.01625	0.01952	0.09937	0.57521	0.04678	0.05719	0.01331	0.00794	0.00223	0.00381	0.01155	0.00766	0.00736
6	0.09558	0.01277	0.02022	0.65712	0.04536	0.01584	0.01852	0.01848	0.01402	0.01963	0.01237	0.01821	0.00931	0.00707	0.00684	0.00236	0.00908	0.00607	0.00329	0.00789
7	0.01510	0.01434	0.02434	0.46005	0.30871	0.01625	0.02060	0.01964	0.01502	0.02020	0.01295	0.01845	0.01020	0.00681	0.00709	0.00227	0.00908	0.00633	0.00331	0.00924
8	0.80005	0.01377	0.01047	0.00936	0.01377	0.01597	0.00771	0.02093	0.01212	0.03195	0.00991	0.01157	0.00771	0.00661	0.00441	0.00220	0.00551	0.00386	0.00441	0.00771
9	0.74418	0.01388	0.01087	0.00973	0.01411	0.01610	0.00797	0.02214	0.06071	0.03179	0.01128	0.01264	0.00871	0.00683	0.00461	0.00222	0.00552	0.00416	0.00461	0.00797

[dist]
# distance from previous block
# <min> <max>
0	3

[block]
# block no. 11 follows, 29 sequences, length 6
# corresponding to MSA columns:
# 348-353
name=unknown_L
#
# <colnr> <probs for GDERKNQSTAVLIFYWHMCP>
#	G	D	E	R	K	N	Q	S	T	A	V	L	I	F	Y	W	H	M	C	P
0	0.02611	0.01947	0.02083	0.01619	0.02172	0.02163	0.01330	0.61555	0.10109	0.04333	0.01832	0.01807	0.01310	0.00866	0.00714	0.00217	0.00761	0.00658	0.00714	0.01202
1	0.01345	0.01266	0.02136	0.73264	0.04904	0.01582	0.01978	0.01819	0.01424	0.01819	0.01266	0.01898	0.00949	0.00712	0.00712	0.00237	0.00949	0.00633	0.00316	0.00791
2	0.05949	0.00815	0.01001	0.00923	0.01145	0.00750	0.00695	0.01407	0.01856	0.02736	0.53307	0.10374	0.05601	0.01375	0.00789	0.00217	0.00375	0.01203	0.00715	0.08767
3	0.01487	0.01462	0.02042	0.01779	0.01784	0.02017	0.01466	0.01640	0.01118	0.01724	0.01241	0.09042	0.01322	0.01347	0.02190	0.00309	0.66156	0.00767	0.00347	0.00758
4	0.01762	0.01692	0.02890	0.04371	0.70533	0.01692	0.02185	0.02185	0.01621	0.02326	0.01339	0.01762	0.01128	0.00634	0.00705	0.00211	0.00846	0.00634	0.00352	0.01128
5	0.09415	0.01277	0.02024	0.65844	0.04542	0.01584	0.01854	0.01847	0.01402	0.01960	0.01237	0.01822	0.00931	0.00707	0.00684	0.00236	0.00908	0.00607	0.00329	0.00789

[dist]
# distance from previous block
# <min> <max>
5	7

[block]
# block no. 12 follows, 29 sequences, length 29
# corresponding to MSA columns:
# 361-389
name=unknown_M
#
# <colnr> <probs for GDERKNQSTAVLIFYWHMCP>
#	G	D	E	R	K	N	Q	S	T	A	V	L	I	F	Y	W	H	M	C	P
0	0.01615	0.31919	0.44690	0.01710	0.02588	0.02112	0.02075	0.02207	0.01481	0.02027	0.01165	0.01361	0.00907	0.00650	0.00590	0.00197	0.00938	0.00469	0.00302	0.00998
1	0.01904	0.75404	0.03731	0.01218	0.01828	0.02818	0.01218	0.02132	0.01447	0.01675	0.00990	0.01142	0.00914	0.00609	0.00457	0.00152	0.00761	0.00381	0.00305	0.00914
2	0.02707	0.01995	0.02137	0.01638	0.02208	0.02208	0.01353	0.68159	0.03348	0.04488	0.01710	0.01710	0.01211	0.00855	0.00712	0.00214	0.00784	0.00641	0.00712	0.01211
3	0.01904	0.75404	0.03731	0.01218	0.01828	0.02818	0.01218	0.02132	0.01447	0.01675	0.00990	0.01142	0.00914	0.00609	0.00457	0.00152	0.00761	0.00381	0.00305	0.00914
4	0.01904	0.75404	0.03731	0.01218	0.01828	0.02818	0.01218	0.02132	0.01447	0.01675	0.00990	0.01142	0.00914	0.00609	0.00457	0.00152	0.00761	0.00381	0.00305	0.00914
5	0.02707	0.01995	0.02137	0.01638	0.02208	0.02208	0.01353	0.68159	0.03348	0.04488	0.01710	0.01710	0.01211	0.00855	0.00712	0.00214	0.00784	0.00641	0.00712	0.01211
6	0.00868	0.00620	0.00826	0.00991	0.01033	0.00578	0.00661	0.00991	0.01363	0.01818	0.03925	0.74510	0.04710	0.02231	0.00909	0.00289	0.00413	0.02024	0.00661	0.00578
7	0.00868	0.00620	0.00826	0.00991	0.01033	0.00578	0.00661	0.00991	0.01363	0.01818	0.03925	0.74510	0.04710	0.02231	0.00909	0.00289	0.00413	0.02024	0.00661	0.00578
8	0.01008	0.00728	0.00952	0.00896	0.01064	0.00672	0.00672	0.01344	0.02016	0.02855	0.70158	0.05319	0.06719	0.01456	0.00840	0.00224	0.00336	0.01288	0.00784	0.00672
9	0.01904	0.75404	0.03731	0.01218	0.01828	0.02818	0.01218	0.02132	0.01447	0.01675	0.00990	0.01142	0.00914	0.00609	0.00457	0.00152	0.00761	0.00381	0.00305	0.00914
10	0.01428	0.03683	0.71286	0.02030	0.03082	0.01654	0.02631	0.02255	0.01503	0.02255	0.01278	0.01503	0.00902	0.00677	0.00677	0.00226	0.01052	0.00526	0.00301	0.01052
11	0.00868	0.00620	0.00826	0.00991	0.01033	0.00578	0.00661	0.00991	0.01363	0.01818	0.03925	0.74510	0.04710	0.02231	0.00909	0.00289	0.00413	0.02024	0.00661	0.00578
12	0.01904	0.75404	0.03731	0.01218	0.01828	0.02818	0.01218	0.02132	0.01447	0.01675	0.00990	0.01142	0.00914	0.00609	0.00457	0.00152	0.00761	0.00381	0.00305	0.00914
13	0.01664	0.02040	0.08727	0.02936	0.03678	0.01791	0.63541	0.02279	0.01669	0.02279	0.01430	0.01893	0.01068	0.00605	0.00829	0.00239	0.01190	0.00819	0.00356	0.00967
14	0.70340	0.01356	0.01123	0.00978	0.01433	0.01528	0.00806	0.02266	0.01316	0.11730	0.01220	0.01316	0.00896	0.00689	0.00475	0.00220	0.00558	0.00427	0.00496	0.00827
15	0.01426	0.01204	0.01425	0.01074	0.01645	0.00925	0.00862	0.01737	0.01486	0.02286	0.01574	0.04741	0.01446	0.00711	0.00580	0.00131	0.00534	0.05954	0.00450	0.69808
16	0.05949	0.01271	0.01605	0.01215	0.01784	0.01101	0.00997	0.06132	0.01920	0.46901	0.02274	0.02087	0.01508	0.00778	0.00655	0.00190	0.00592	0.00621	0.00734	0.21686
17	0.00882	0.00734	0.00778	0.00800	0.01030	0.00630	0.00621	0.01082	0.01625	0.01951	0.06757	0.07009	0.61471	0.01825	0.00860	0.00252	0.00400	0.10023	0.00661	0.00608
18	0.01558	0.01314	0.01520	0.01093	0.01722	0.01032	0.00877	0.06180	0.01600	0.02464	0.01295	0.01492	0.01065	0.00549	0.00540	0.00113	0.00544	0.00436	0.00441	0.74165
19	0.01218	0.00618	0.00922	0.00931	0.00933	0.00616	0.00621	0.00931	0.00950	0.01267	0.01377	0.05937	0.01418	0.02461	0.02685	0.75164	0.00608	0.00692	0.00328	0.00323
20	0.49425	0.01427	0.01359	0.01122	0.01610	0.01550	0.00926	0.12185	0.01733	0.20319	0.01551	0.01555	0.01084	0.00745	0.00549	0.00219	0.00599	0.00506	0.00591	0.00946
21	0.01362	0.01283	0.02167	0.70400	0.07633	0.01587	0.01986	0.01835	0.01432	0.01840	0.01269	0.01893	0.00957	0.00709	0.00712	0.00236	0.00945	0.00633	0.00318	0.00805
22	0.74810	0.01419	0.01120	0.00984	0.01433	0.01638	0.00810	0.06533	0.01355	0.03282	0.01040	0.01194	0.00801	0.00674	0.00459	0.00220	0.00566	0.00403	0.00459	0.00801
23	0.73569	0.01363	0.01097	0.00964	0.01414	0.01551	0.00794	0.02209	0.01281	0.08878	0.01144	0.01263	0.00854	0.00679	0.00464	0.00220	0.00555	0.00413	0.00478	0.00808
24	0.06719	0.02515	0.02033	0.01679	0.02162	0.29780	0.01332	0.38924	0.02711	0.03336	0.01432	0.01513	0.01072	0.00797	0.00670	0.00202	0.00969	0.00556	0.00562	0.01036
25	0.01367	0.01288	0.02175	0.69657	0.08340	0.01588	0.01988	0.01838	0.01434	0.01846	0.01269	0.01891	0.00959	0.00708	0.00712	0.00236	0.00944	0.00633	0.00318	0.00809
26	0.02748	0.01928	0.02096	0.01607	0.02175	0.02110	0.01327	0.62678	0.03237	0.10125	0.01803	0.01770	0.01258	0.00857	0.00713	0.00214	0.00769	0.00647	0.00727	0.01211
27	0.70641	0.01314	0.01046	0.00935	0.01343	0.01502	0.00753	0.02054	0.01227	0.05469	0.01161	0.01496	0.00959	0.06895	0.00717	0.00260	0.00564	0.00452	0.00456	0.00758
28	0.01637	0.01295	0.01635	0.01175	0.01805	0.01002	0.04375	0.01965	0.01536	0.08324	0.01410	0.01583	0.01118	0.00562	0.00560	0.00123	0.00569	0.00469	0.00459	0.68397

[dist]
# distance from previous block
# <min> <max>
0	1

[block]
# block no. 13 follows, 29 sequences, length 12
# corresponding to MSA columns:
# 391-402
name=unknown_N
#
# <colnr> <probs for GDERKNQSTAVLIFYWHMCP>
#	G	D	E	R	K	N	Q	S	T	A	V	L	I	F	Y	W	H	M	C	P
0	0.01477	0.01266	0.01477	0.01055	0.01687	0.00949	0.00844	0.01793	0.01477	0.02320	0.01266	0.01477	0.01055	0.00527	0.00527	0.00105	0.00527	0.00422	0.00422	0.79328
1	0.01223	0.00623	0.00918	0.00918	0.00918	0.00623	0.00606	0.00935	0.00935	0.01246	0.01304	0.02330	0.01327	0.07289	0.02839	0.74062	0.00623	0.00646	0.00317	0.00317
2	0.00868	0.00620	0.00826	0.00991	0.01033	0.00578	0.00661	0.00991	0.01363	0.01818	0.03925	0.74510	0.04710	0.02231	0.00909	0.00289	0.00413	0.02024	0.00661	0.00578
3	0.00989	0.00671	0.00791	0.00837	0.00848	0.00659	0.00496	0.01023	0.01127	0.01503	0.02714	0.24205	0.03182	0.54620	0.02864	0.00578	0.00613	0.01312	0.00496	0.00473
4	0.80005	0.01377	0.01047	0.00936	0.01377	0.01597	0.00771	0.02093	0.01212	0.03195	0.00991	0.01157	0.00771	0.00661	0.00441	0.00220	0.00551	0.00386	0.00441	0.00771
5	0.80005	0.01377	0.01047	0.00936	0.01377	0.01597	0.00771	0.02093	0.01212	0.03195	0.00991	0.01157	0.00771	0.00661	0.00441	0.00220	0.00551	0.00386	0.00441	0.00771
6	0.00930	0.00681	0.00894	0.01013	0.01107	0.00620	0.00701	0.01080	0.01387	0.01873	0.03709	0.65300	0.04392	0.02084	0.00883	0.00277	0.00435	0.05269	0.00642	0.06723
7	0.01861	0.68950	0.09811	0.01291	0.01940	0.02713	0.01346	0.02143	0.01452	0.01727	0.01016	0.01175	0.00913	0.00615	0.00477	0.00159	0.00788	0.00394	0.00304	0.00926
8	0.01276	0.00972	0.01235	0.01305	0.01523	0.01022	0.01100	0.01987	0.17007	0.02389	0.09592	0.06567	0.03899	0.01694	0.00912	0.00299	0.00606	0.45169	0.00683	0.00764
9	0.01506	0.01509	0.02413	0.01957	0.02155	0.01863	0.14883	0.01774	0.01239	0.01854	0.01186	0.01793	0.01084	0.01625	0.11299	0.00397	0.45323	0.00675	0.00337	0.05131
10	0.75019	0.01336	0.01041	0.00934	0.01357	0.01539	0.00765	0.02046	0.01263	0.03173	0.05357	0.01419	0.01147	0.00711	0.00466	0.00221	0.00537	0.00443	0.00462	0.00765
11	0.02138	0.01602	0.01735	0.01473	0.01930	0.01794	0.01170	0.18508	0.46968	0.10587	0.02616	0.02415	0.01909	0.00932	0.00721	0.00233	0.00618	0.00758	0.00738	0.01155

[dist]
# distance from previous block
# <min> <max>
0	4

[block]
# block no. 14 follows, 29 sequences, length 11
# corresponding to MSA columns:
# 407-417
name=unknown_O
#
# <colnr> <probs for GDERKNQSTAVLIFYWHMCP>
#	G	D	E	R	K	N	Q	S	T	A	V	L	I	F	Y	W	H	M	C	P
0	0.00894	0.00639	0.00857	0.01022	0.01075	0.00602	0.00708	0.01038	0.01390	0.01848	0.03910	0.68125	0.04651	0.02206	0.00916	0.00293	0.00436	0.08144	0.00660	0.00586
1	0.02660	0.03394	0.02018	0.01834	0.02201	0.72116	0.01376	0.02843	0.02018	0.01743	0.01101	0.01284	0.00917	0.00734	0.00642	0.00183	0.01284	0.00459	0.00367	0.00825
2	0.01125	0.00751	0.00949	0.00903	0.01098	0.00677	0.00675	0.01405	0.01876	0.07618	0.46736	0.13032	0.17344	0.01560	0.00839	0.00234	0.00369	0.01365	0.00756	0.00689
3	0.14806	0.01237	0.01561	0.01217	0.01751	0.01130	0.01005	0.03262	0.01913	0.60772	0.02534	0.02232	0.01613	0.00848	0.00674	0.00220	0.00598	0.00666	0.00815	0.01145
4	0.03157	0.01272	0.01690	0.01296	0.01848	0.01136	0.01070	0.08467	0.02139	0.65887	0.02724	0.02368	0.01720	0.00879	0.00716	0.00220	0.00620	0.00710	0.00868	0.01212
5	0.02707	0.01995	0.02137	0.01638	0.02208	0.02208	0.01353	0.68159	0.03348	0.04488	0.01710	0.01710	0.01211	0.00855	0.00712	0.00214	0.00784	0.00641	0.00712	0.01211
6	0.80005	0.01377	0.01047	0.00936	0.01377	0.01597	0.00771	0.02093	0.01212	0.03195	0.00991	0.01157	0.00771	0.00661	0.00441	0.00220	0.00551	0.00386	0.00441	0.00771
7	0.01237	0.00618	0.00928	0.00928	0.00928	0.00618	0.00618	0.00928	0.00928	0.01237	0.01237	0.02165	0.01237	0.02474	0.02783	0.79283	0.00618	0.00618	0.00309	0.00309
8	0.66701	0.01360	0.01118	0.00984	0.01408	0.01554	0.00805	0.06907	0.01447	0.03258	0.07688	0.01597	0.01375	0.00752	0.00499	0.00220	0.00547	0.00491	0.00494	0.00794
9	0.01572	0.01600	0.02418	0.02002	0.02087	0.02136	0.09344	0.01780	0.01160	0.01780	0.00994	0.01600	0.00952	0.01171	0.02161	0.00303	0.65172	0.00649	0.00317	0.00800
10	0.01801	0.01929	0.03960	0.02841	0.03544	0.01849	0.60137	0.10008	0.01876	0.02540	0.01472	0.01896	0.01096	0.00630	0.00825	0.00237	0.01152	0.00817	0.00401	0.00990

[dist]
# distance from previous block
# <min> <max>
0	2

[block]
# block no. 15 follows, 29 sequences, length 334
# corresponding to MSA columns:
# 420-753
name=unknown_P
#
# <colnr> <probs for GDERKNQSTAVLIFYWHMCP>
#	G	D	E	R	K	N	Q	S	T	A	V	L	I	F	Y	W	H	M	C	P
0	0.31672	0.01893	0.01693	0.01388	0.01881	0.09407	0.01128	0.33754	0.05122	0.03648	0.01424	0.01496	0.01054	0.00774	0.00603	0.00214	0.00740	0.00533	0.00574	0.01001
1	0.01827	0.63817	0.14645	0.01349	0.02030	0.02630	0.01447	0.02152	0.01456	0.01769	0.01036	0.01201	0.00912	0.00620	0.00492	0.00164	0.00808	0.00404	0.00304	0.00936
2	0.16557	0.01359	0.01540	0.01241	0.01730	0.03589	0.01010	0.07898	0.06743	0.42074	0.07123	0.02329	0.01897	0.00882	0.00674	0.00220	0.00609	0.00690	0.00755	0.01076
3	0.00942	0.00670	0.00803	0.00868	0.00922	0.00643	0.00555	0.01026	0.01249	0.01638	0.03576	0.32056	0.12805	0.33617	0.05006	0.00490	0.00587	0.01474	0.00551	0.00521
4	0.02816	0.01386	0.01711	0.01347	0.01877	0.01343	0.01100	0.13103	0.13982	0.46915	0.02610	0.02327	0.01729	0.00880	0.00711	0.00219	0.00622	0.00711	0.00813	0.03798
5	0.02406	0.01915	0.01754	0.01497	0.01938	0.18119	0.01176	0.10929	0.27032	0.19336	0.04769	0.02264	0.01832	0.00896	0.00706	0.00219	0.00760	0.00701	0.00679	0.01070
6	0.00940	0.00674	0.00878	0.01017	0.01079	0.00643	0.00688	0.03645	0.01442	0.01923	0.03837	0.71634	0.04571	0.02176	0.00901	0.00286	0.00428	0.01970	0.00663	0.00603
7	0.01857	0.01533	0.01630	0.01449	0.01862	0.01758	0.01132	0.05958	0.64448	0.05623	0.02854	0.02616	0.02125	0.00959	0.00724	0.00240	0.00573	0.00796	0.00730	0.01133
8	0.02640	0.01946	0.02098	0.01619	0.02171	0.02156	0.01335	0.65517	0.03261	0.04376	0.01717	0.01753	0.01233	0.01032	0.03535	0.00250	0.00828	0.00646	0.00699	0.01188
9	0.80005	0.01377	0.01047	0.00936	0.01377	0.01597	0.00771	0.02093	0.01212	0.03195	0.00991	0.01157	0.00771	0.00661	0.00441	0.00220	0.00551	0.00386	0.00441	0.00771
10	0.01076	0.00788	0.00864	0.00820	0.01076	0.00690	0.00624	0.01361	0.04272	0.07100	0.18411	0.06092	0.50977	0.01641	0.00828	0.00236	0.00381	0.01380	0.00702	0.00678
11	0.01681	0.01921	0.04202	0.03001	0.03721	0.01801	0.67947	0.02281	0.01681	0.02281	0.01441	0.01921	0.01080	0.00600	0.00840	0.00240	0.01200	0.00840	0.00360	0.00960
12	0.01771	0.01530	0.01610	0.01449	0.01852	0.01771	0.01127	0.03784	0.69247	0.02979	0.02898	0.02657	0.02174	0.00966	0.00725	0.00242	0.00564	0.00805	0.00725	0.01127
13	0.03195	0.01212	0.01652	0.01267	0.01818	0.01047	0.01047	0.03470	0.02038	0.71026	0.02809	0.02424	0.01763	0.00881	0.00716	0.00220	0.00606	0.00716	0.00881	0.01212
14	0.80005	0.01377	0.01047	0.00936	0.01377	0.01597	0.00771	0.02093	0.01212	0.03195	0.00991	0.01157	0.00771	0.00661	0.00441	0.00220	0.00551	0.00386	0.00441	0.00771
15	0.01477	0.01266	0.01477	0.01055	0.01687	0.00949	0.00844	0.01793	0.01477	0.02320	0.01266	0.01477	0.01055	0.00527	0.00527	0.00105	0.00527	0.00422	0.00422	0.79328
16	0.02707	0.01995	0.02137	0.01638	0.02208	0.02208	0.01353	0.68159	0.03348	0.04488	0.01710	0.01710	0.01211	0.00855	0.00712	0.00214	0.00784	0.00641	0.00712	0.01211
17	0.02707	0.01995	0.02137	0.01638	0.02208	0.02208	0.01353	0.68159	0.03348	0.04488	0.01710	0.01710	0.01211	0.00855	0.00712	0.00214	0.00784	0.00641	0.00712	0.01211
18	0.01762	0.01692	0.02890	0.04371	0.70533	0.01692	0.02185	0.02185	0.01621	0.02326	0.01339	0.01762	0.01128	0.00634	0.00705	0.00211	0.00846	0.00634	0.00352	0.01128
19	0.80005	0.01377	0.01047	0.00936	0.01377	0.01597	0.00771	0.02093	0.01212	0.03195	0.00991	0.01157	0.00771	0.00661	0.00441	0.00220	0.00551	0.00386	0.00441	0.00771
20	0.80005	0.01377	0.01047	0.00936	0.01377	0.01597	0.00771	0.02093	0.01212	0.03195	0.00991	0.01157	0.00771	0.00661	0.00441	0.00220	0.00551	0.00386	0.00441	0.00771
21	0.03195	0.01212	0.01652	0.01267	0.01818	0.01047	0.01047	0.03470	0.02038	0.71026	0.02809	0.02424	0.01763	0.00881	0.00716	0.00220	0.00606	0.00716	0.00881	0.01212
22	0.01904	0.75404	0.03731	0.01218	0.01828	0.02818	0.01218	0.02132	0.01447	0.01675	0.00990	0.01142	0.00914	0.00609	0.00457	0.00152	0.00761	0.00381	0.00305	0.00914
23	0.00842	0.00721	0.00721	0.00721	0.00962	0.00601	0.00541	0.01022	0.01623	0.01924	0.07213	0.06853	0.70244	0.01803	0.00842	0.00240	0.00361	0.01503	0.00661	0.00601
