[name]
unknown

[dist]
# distance from previous block
# <min> <max>
0	63

[block]
# block no. 0 follows, 24 sequences, length 9
# corresponding to MSA columns:
# 63-71
name=unknown_A
#
# <colnr> <probs for GDERKNQSTAVLIFYWHMCP>
#	G	D	E	R	K	N	Q	S	T	A	V	L	I	F	Y	W	H	M	C	P
0	0.01380	0.01124	0.01863	0.01784	0.02073	0.01101	0.12120	0.01797	0.01833	0.02402	0.03752	0.07774	0.03986	0.01929	0.01068	0.00348	0.00835	0.51370	0.00674	0.00789
1	0.01809	0.30263	0.27378	0.01654	0.02383	0.06397	0.01806	0.02266	0.01596	0.02056	0.01470	0.02106	0.01334	0.13006	0.01220	0.00305	0.00992	0.00616	0.00366	0.00977
2	0.01956	0.01681	0.02615	0.10054	0.42445	0.01742	0.01982	0.09435	0.01981	0.02876	0.01720	0.02141	0.01381	0.00780	0.00747	0.00230	0.00847	0.00713	0.13532	0.01142
3	0.01137	0.00834	0.01194	0.01194	0.01308	0.00948	0.00891	0.01365	0.01251	0.01782	0.02197	0.03521	0.02159	0.18897	0.56280	0.01175	0.01859	0.00909	0.00436	0.00663
4	0.01157	0.00751	0.01001	0.01108	0.01212	0.00693	0.00766	0.01341	0.01677	0.06429	0.13773	0.57195	0.05374	0.02256	0.00987	0.00306	0.00461	0.02036	0.00773	0.00705
5	0.01440	0.04210	0.01516	0.12995	0.02068	0.01129	0.01085	0.01935	0.06069	0.07209	0.40680	0.08462	0.05267	0.01409	0.00879	0.00254	0.00554	0.01234	0.00755	0.00850
6	0.01915	0.01591	0.01928	0.13210	0.02623	0.01515	0.01290	0.14779	0.05812	0.03019	0.01616	0.01855	0.01263	0.00725	0.00677	0.00176	0.00728	0.00585	0.00535	0.44158
7	0.01574	0.01212	0.01627	0.06306	0.01956	0.01247	0.04348	0.09509	0.06750	0.05133	0.19914	0.23012	0.04147	0.01546	0.00953	0.00268	0.03043	0.01358	0.00719	0.05379
8	0.04611	0.04942	0.14602	0.16790	0.19197	0.07042	0.05219	0.05995	0.01882	0.06741	0.01544	0.01890	0.01173	0.00766	0.00755	0.00237	0.01014	0.00656	0.00441	0.04503

[dist]
# distance from previous block
# <min> <max>
6	11

[block]
# block no. 1 follows, 24 sequences, length 58
# corresponding to MSA columns:
# 83-127,129-141
name=unknown_B
#
# <colnr> <probs for GDERKNQSTAVLIFYWHMCP>
#	G	D	E	R	K	N	Q	S	T	A	V	L	I	F	Y	W	H	M	C	P
0	0.01668	0.01470	0.02151	0.24546	0.16632	0.01565	0.01682	0.05360	0.08237	0.02538	0.04705	0.08095	0.01959	0.03755	0.00914	0.00260	0.00821	0.00866	0.00505	0.12273
1	0.05719	0.01387	0.02031	0.43363	0.03980	0.01590	0.01715	0.06895	0.01751	0.02457	0.04549	0.02224	0.01438	0.00936	0.00885	0.04703	0.00887	0.00698	0.03032	0.09761
2	0.01758	0.01613	0.02168	0.37875	0.03839	0.05143	0.01759	0.06955	0.05219	0.02430	0.01546	0.02032	0.01205	0.00852	0.00923	0.00242	0.07649	0.00670	0.03379	0.12744
3	0.03798	0.01647	0.04830	0.26310	0.03597	0.01577	0.12159	0.02123	0.01636	0.02373	0.01418	0.01890	0.01116	0.00719	0.00810	0.00214	0.03948	0.00645	0.00407	0.28783
4	0.01377	0.00689	0.01033	0.01033	0.01033	0.00689	0.00689	0.01033	0.01033	0.01377	0.01377	0.02410	0.01377	0.02755	0.03099	0.76928	0.00689	0.00689	0.00344	0.00344
5	0.02013	0.02003	0.02989	0.14211	0.44754	0.08076	0.04364	0.04826	0.01867	0.02511	0.01457	0.01932	0.01198	0.00764	0.00855	0.00242	0.03689	0.00696	0.00402	0.01151
6	0.01498	0.01409	0.02378	0.70226	0.05462	0.01762	0.02202	0.02026	0.01586	0.02026	0.01409	0.02114	0.01057	0.00793	0.00793	0.00264	0.01057	0.00705	0.00352	0.00881
7	0.02719	0.01991	0.02137	0.01688	0.02244	0.02197	0.01376	0.52518	0.07247	0.04573	0.02174	0.05902	0.01682	0.01042	0.00788	0.00240	0.00796	0.00812	0.06616	0.01257
8	0.01710	0.01064	0.01269	0.01241	0.01473	0.03272	0.00908	0.07196	0.01923	0.14780	0.07097	0.44610	0.06356	0.01950	0.00936	0.00291	0.00564	0.01724	0.00783	0.00854
9	0.01017	0.00794	0.00923	0.00917	0.01127	0.00699	0.00678	0.01283	0.01957	0.02560	0.31997	0.13932	0.35480	0.01900	0.00945	0.00266	0.00397	0.01638	0.00793	0.00699
10	0.01590	0.04102	0.68023	0.02260	0.03432	0.01842	0.02930	0.02511	0.01674	0.02511	0.01423	0.01674	0.01005	0.00753	0.00753	0.00251	0.01172	0.00586	0.00335	0.01172
11	0.00980	0.00701	0.00933	0.01095	0.01153	0.00653	0.00737	0.01139	0.01583	0.02128	0.09966	0.65723	0.05445	0.02407	0.01005	0.00316	0.00452	0.02181	0.00748	0.00653
12	0.02789	0.03440	0.02274	0.02032	0.02460	0.57505	0.03757	0.03285	0.10796	0.02148	0.01509	0.01662	0.01217	0.00847	0.00735	0.00215	0.01318	0.00578	0.00462	0.00970
13	0.77733	0.01534	0.01166	0.01043	0.01534	0.01779	0.00859	0.02331	0.01350	0.03558	0.01104	0.01288	0.00859	0.00736	0.00491	0.00245	0.00613	0.00429	0.00491	0.00859
14	0.01667	0.01543	0.02587	0.41961	0.27856	0.01744	0.02186	0.02165	0.01671	0.02290	0.01512	0.02110	0.01190	0.00769	0.00775	0.00249	0.00973	0.00707	0.05034	0.01010
15	0.01203	0.00837	0.00987	0.01019	0.01089	0.00832	0.00662	0.04672	0.01464	0.01940	0.03309	0.23947	0.06039	0.41681	0.02709	0.00570	0.00671	0.05175	0.00595	0.00597
16	0.01822	0.23639	0.43623	0.01983	0.02926	0.05854	0.02357	0.02484	0.01669	0.02272	0.01306	0.01548	0.01011	0.00760	0.00753	0.00229	0.03782	0.00540	0.00341	0.01102
17	0.06219	0.01664	0.01972	0.12614	0.02628	0.01647	0.01324	0.21358	0.02285	0.05825	0.01612	0.01823	0.01223	0.00756	0.00687	0.00190	0.00756	0.00594	0.00571	0.34251
18	0.02320	0.02157	0.02645	0.11589	0.32283	0.16373	0.01976	0.02771	0.04210	0.10778	0.01680	0.01987	0.01305	0.00816	0.00844	0.00239	0.03731	0.00682	0.00480	0.01134
19	0.01133	0.00850	0.01274	0.01274	0.01416	0.00991	0.00991	0.01416	0.01274	0.01841	0.02124	0.03115	0.01982	0.05947	0.68989	0.01274	0.02124	0.00850	0.00425	0.00708
20	0.01555	0.01494	0.02606	0.61112	0.09142	0.01788	0.06961	0.02090	0.01621	0.02100	0.01429	0.02107	0.01080	0.00778	0.00803	0.00263	0.01071	0.00722	0.00359	0.00918
21	0.01707	0.01697	0.02423	0.10022	0.02476	0.02351	0.01789	0.01922	0.01258	0.01922	0.01084	0.01779	0.01043	0.01319	0.02392	0.00337	0.62567	0.00695	0.00348	0.00869
22	0.01942	0.23076	0.28302	0.01836	0.02593	0.05858	0.01985	0.09293	0.01849	0.02471	0.01415	0.01711	0.01142	0.01287	0.07229	0.00326	0.05633	0.00582	0.00401	0.01070
23	0.01047	0.00764	0.00995	0.01099	0.01223	0.00712	0.00805	0.01282	0.01770	0.02369	0.19872	0.39735	0.12126	0.02182	0.00998	0.00305	0.00473	0.10790	0.00768	0.00685
24	0.02254	0.01651	0.01860	0.01555	0.01985	0.01826	0.01252	0.36923	0.06266	0.03779	0.02289	0.05681	0.01938	0.04520	0.14770	0.00474	0.01055	0.03490	0.05343	0.01089
25	0.23769	0.10307	0.02065	0.01426	0.02005	0.02020	0.01195	0.20005	0.09509	0.13544	0.01894	0.01883	0.01378	0.00857	0.00665	0.00230	0.00723	0.00619	0.00666	0.05238
26	0.00991	0.00724	0.00989	0.04360	0.01353	0.00697	0.00805	0.01148	0.01521	0.02024	0.04231	0.68340	0.05047	0.02405	0.01002	0.00319	0.00488	0.02181	0.00718	0.00655
27	0.00993	0.00713	0.00932	0.01070	0.01141	0.00663	0.00723	0.01158	0.01608	0.02159	0.12474	0.58259	0.07656	0.05067	0.01117	0.00328	0.00459	0.02085	0.00744	0.00652
28	0.01670	0.00994	0.01334	0.01377	0.04018	0.00922	0.01076	0.01991	0.01965	0.15734	0.14289	0.09133	0.15456	0.01779	0.00967	0.00299	0.00603	0.24736	0.00792	0.00865
29	0.01796	0.02028	0.06239	0.08816	0.07154	0.02086	0.36132	0.02317	0.01657	0.02326	0.01421	0.01999	0.01142	0.00880	0.01361	0.00286	0.20144	0.00824	0.00379	0.01013
30	0.03014	0.02221	0.02380	0.01825	0.02459	0.02459	0.01507	0.64541	0.03728	0.04998	0.01904	0.01904	0.01349	0.00952	0.00793	0.00238	0.00873	0.00714	0.00793	0.01349
31	0.01134	0.00845	0.01251	0.01251	0.01384	0.00978	0.00961	0.01401	0.01267	0.01823	0.02146	0.03236	0.02035	0.09799	0.65209	0.01245	0.02045	0.00867	0.00428	0.00695
32	0.02693	0.01959	0.02152	0.01712	0.02261	0.02164	0.01396	0.49343	0.07990	0.06625	0.02171	0.05091	0.01675	0.01493	0.07163	0.00341	0.00947	0.00809	0.00764	0.01252
33	0.01622	0.03882	0.60936	0.02381	0.03512	0.01860	0.09796	0.02515	0.01696	0.02515	0.01443	0.01726	0.01027	0.00744	0.00774	0.00253	0.01190	0.00625	0.00342	0.01160
34	0.01044	0.00846	0.00933	0.00921	0.01161	0.00760	0.00686	0.01397	0.05432	0.02465	0.22573	0.11863	0.43301	0.01894	0.00935	0.00267	0.00412	0.01614	0.00775	0.00720
35	0.59887	0.01464	0.01343	0.09097	0.02018	0.01684	0.01059	0.02309	0.01453	0.06043	0.01463	0.02029	0.01212	0.00864	0.00585	0.00257	0.00676	0.05169	0.00514	0.00873
36	0.02542	0.01292	0.01874	0.04310	0.12850	0.01192	0.01299	0.02903	0.02161	0.36586	0.20430	0.03448	0.03342	0.01106	0.00833	0.00246	0.00650	0.00955	0.00830	0.01151
37	0.01139	0.00763	0.00869	0.00883	0.00887	0.00759	0.00500	0.01149	0.01181	0.01575	0.02642	0.10264	0.03063	0.66810	0.03805	0.00735	0.00745	0.01237	0.00500	0.00493
38	0.02189	0.01637	0.01894	0.04042	0.02194	0.01521	0.01177	0.18874	0.06176	0.08924	0.01802	0.01904	0.01361	0.00756	0.00682	0.00175	0.00691	0.00598	0.00616	0.42786
39	0.01735	0.01735	0.02429	0.02082	0.02082	0.02429	0.01735	0.01908	0.01214	0.01908	0.01041	0.01735	0.01041	0.01388	0.02602	0.00347	0.70680	0.00694	0.00347	0.00867
40	0.01411	0.01085	0.01357	0.10686	0.01910	0.01174	0.01011	0.07588	0.10009	0.02344	0.03094	0.29199	0.03318	0.20148	0.01726	0.00416	0.00683	0.01432	0.00631	0.00779
41	0.01133	0.00850	0.01274	0.01274	0.01416	0.00991	0.00991	0.01416	0.01274	0.01841	0.02124	0.03115	0.01982	0.05947	0.68989	0.01274	0.02124	0.00850	0.00425	0.00708
42	0.01690	0.01692	0.02559	0.09885	0.02607	0.02248	0.07151	0.01945	0.01325	0.01981	0.01260	0.04517	0.01219	0.01301	0.02192	0.00330	0.54076	0.00776	0.00367	0.00878
43	0.01004	0.00787	0.00908	0.00918	0.01122	0.00692	0.00673	0.01252	0.01906	0.02470	0.27080	0.17571	0.36875	0.01957	0.00949	0.00271	0.00402	0.01689	0.00782	0.00692
44	0.02370	0.37669	0.09264	0.01726	0.02322	0.27589	0.01583	0.02664	0.01839	0.01955	0.01176	0.01387	0.01019	0.00766	0.00694	0.00197	0.03943	0.00482	0.00365	0.00989
45	0.55640	0.01967	0.12262	0.04789	0.02098	0.01790	0.01303	0.04768	0.01541	0.05882	0.01282	0.01472	0.00955	0.00760	0.00573	0.00247	0.00740	0.00494	0.00489	0.00949
46	0.07837	0.01873	0.08202	0.12240	0.09539	0.10030	0.03803	0.02374	0.01902	0.11317	0.13956	0.08689	0.02731	0.01099	0.00806	0.00251	0.00850	0.00937	0.00589	0.00977
47	0.01617	0.01396	0.01704	0.01240	0.01915	0.01066	0.02949	0.01969	0.01645	0.02554	0.01566	0.05202	0.01381	0.00686	0.00620	0.00133	0.00605	0.00575	0.00481	0.70696
48	0.01478	0.00739	0.00739	0.00739	0.00924	0.00739	0.00554	0.01848	0.01663	0.02956	0.02587	0.02956	0.02033	0.00924	0.00554	0.00185	0.00370	0.00739	0.76534	0.00739
49	0.01802	0.01771	0.03394	0.06808	0.06791	0.01677	0.36355	0.02319	0.01818	0.06237	0.02463	0.02802	0.09698	0.00886	0.00933	0.00251	0.03512	0.00938	0.00480	0.09064
50	0.02062	0.01748	0.01844	0.01632	0.02096	0.02014	0.01277	0.09422	0.60397	0.03462	0.03113	0.02868	0.02328	0.01065	0.00806	0.00266	0.00649	0.00881	0.00806	0.01263
51	0.01806	0.01854	0.02418	0.02080	0.02103	0.06300	0.01723	0.01982	0.01275	0.01910	0.01052	0.01717	0.01040	0.01355	0.02493	0.00339	0.66650	0.00683	0.00351	0.00870
52	0.01244	0.01114	0.04606	0.01386	0.04003	0.00988	0.01106	0.01744	0.07339	0.02492	0.15026	0.13152	0.17005	0.02082	0.04926	0.00356	0.00679	0.19240	0.00712	0.00798
53	0.06343	0.09598	0.02233	0.04674	0.02330	0.36824	0.01417	0.11612	0.02263	0.02535	0.04208	0.06120	0.01728	0.01011	0.00742	0.00227	0.01105	0.03563	0.00512	0.00955
54	0.01670	0.04204	0.10157	0.26047	0.03370	0.01609	0.06831	0.08884	0.01767	0.02339	0.01906	0.02610	0.04625	0.01311	0.01284	0.16077	0.00944	0.03068	0.00435	0.00862
55	0.01078	0.00868	0.01118	0.01063	0.01273	0.00786	0.04364	0.01299	0.01733	0.02218	0.14899	0.14546	0.32498	0.13694	0.01474	0.00361	0.00538	0.04823	0.00694	0.00673
56	0.01725	0.08941	0.01962	0.01479	0.01823	0.09399	0.06693	0.04378	0.01927	0.06828	0.14538	0.15347	0.12094	0.01696	0.04597	0.00311	0.03548	0.01215	0.00636	0.00864
57	0.14703	0.02468	0.06067	0.07257	0.02603	0.19146	0.04047	0.17569	0.02191	0.03004	0.01381	0.01668	0.01087	0.00919	0.01024	0.00252	0.12481	0.00613	0.00496	0.01023

[dist]
# distance from previous block
# <min> <max>
5	18

[block]
# block no. 2 follows, 24 sequences, length 11
# corresponding to MSA columns:
# 161-171
name=unknown_C
#
# <colnr> <probs for GDERKNQSTAVLIFYWHMCP>
#	G	D	E	R	K	N	Q	S	T	A	V	L	I	F	Y	W	H	M	C	P
0	0.14385	0.01518	0.02140	0.09952	0.25136	0.01624	0.01722	0.05045	0.05781	0.02786	0.02272	0.03800	0.02133	0.01153	0.00822	0.00277	0.00820	0.17084	0.00539	0.01013
1	0.06455	0.01973	0.07838	0.13852	0.03690	0.01873	0.33419	0.02300	0.01719	0.02487	0.04545	0.02164	0.01424	0.00811	0.01018	0.00264	0.07988	0.00818	0.00415	0.04948
2	0.77733	0.01534	0.01166	0.01043	0.01534	0.01779	0.00859	0.02331	0.01350	0.03558	0.01104	0.01288	0.00859	0.00736	0.00491	0.00245	0.00613	0.00429	0.00491	0.00859
3	0.01015	0.00806	0.00911	0.00885	0.01119	0.00703	0.00664	0.01289	0.01991	0.02578	0.32720	0.06914	0.41905	0.01846	0.00936	0.00260	0.00390	0.01573	0.00794	0.00703
4	0.03138	0.02023	0.02257	0.01730	0.02360	0.02164	0.01429	0.50714	0.03396	0.19294	0.02183	0.02085	0.01489	0.00959	0.00794	0.00240	0.00828	0.00733	0.00836	0.01349
5	0.20218	0.01374	0.01601	0.01279	0.01822	0.01329	0.01050	0.06467	0.02073	0.43167	0.02548	0.02363	0.01687	0.00918	0.00702	0.00239	0.00640	0.00703	0.08646	0.01175
6	0.00995	0.00721	0.00943	0.01089	0.01171	0.00669	0.00753	0.01172	0.01627	0.02167	0.11013	0.57529	0.09714	0.02349	0.01003	0.00313	0.00460	0.04902	0.00750	0.00661
7	0.01803	0.31542	0.42441	0.01898	0.02873	0.02361	0.02300	0.02457	0.01649	0.02253	0.01295	0.01513	0.01010	0.00723	0.00655	0.00218	0.01042	0.00521	0.00337	0.01110
8	0.01128	0.00758	0.00872	0.00897	0.00903	0.00752	0.00515	0.01147	0.01202	0.01603	0.02750	0.14096	0.03200	0.62793	0.03631	0.00709	0.00727	0.01301	0.00515	0.00502
9	0.02120	0.72609	0.04155	0.01357	0.02035	0.03138	0.01357	0.02374	0.01611	0.01866	0.01102	0.01272	0.01018	0.00678	0.00509	0.00170	0.00848	0.00424	0.00339	0.01018
10	0.02598	0.02717	0.02274	0.07623	0.09274	0.32646	0.01600	0.17002	0.07486	0.02873	0.01652	0.01848	0.01287	0.00861	0.00745	0.00224	0.01104	0.00635	0.04484	0.01066

[dist]
# distance from previous block
# <min> <max>
0	32

[block]
# block no. 3 follows, 24 sequences, length 26
# corresponding to MSA columns:
# 204-229
name=unknown_D
#
# <colnr> <probs for GDERKNQSTAVLIFYWHMCP>
#	G	D	E	R	K	N	Q	S	T	A	V	L	I	F	Y	W	H	M	C	P
0	0.01919	0.01919	0.03509	0.07780	0.49748	0.01906	0.16513	0.02438	0.01810	0.02551	0.01513	0.02010	0.01234	0.00702	0.00820	0.00244	0.01038	0.00759	0.00392	0.01195
1	0.77733	0.01534	0.01166	0.01043	0.01534	0.01779	0.00859	0.02331	0.01350	0.03558	0.01104	0.01288	0.00859	0.00736	0.00491	0.00245	0.00613	0.00429	0.00491	0.00859
2	0.00984	0.00808	0.00883	0.00872	0.01116	0.00707	0.00656	0.01221	0.01844	0.02300	0.17795	0.07002	0.51768	0.02232	0.05956	0.00339	0.00524	0.01571	0.00737	0.00686
3	0.01135	0.00843	0.01239	0.01239	0.01368	0.00972	0.00947	0.01393	0.01264	0.01815	0.02156	0.03295	0.02060	0.11676	0.63367	0.01231	0.02007	0.00876	0.00430	0.00688
4	0.00971	0.00714	0.00911	0.01053	0.01140	0.00654	0.00717	0.01132	0.01604	0.02109	0.08556	0.58164	0.14643	0.02362	0.00996	0.00310	0.00446	0.02119	0.00744	0.00654
5	0.02366	0.01086	0.01459	0.01209	0.01614	0.00961	0.00961	0.02706	0.02257	0.36153	0.34262	0.04276	0.04663	0.01294	0.00865	0.00247	0.00528	0.01109	0.00928	0.01055
6	0.03038	0.02184	0.02357	0.01807	0.02441	0.02404	0.01493	0.61954	0.03666	0.07672	0.01956	0.01938	0.01375	0.00953	0.00793	0.00238	0.00864	0.00718	0.00801	0.01349
7	0.01453	0.00884	0.01166	0.01054	0.01299	0.00805	0.00805	0.01818	0.02248	0.11949	0.58122	0.05485	0.06733	0.01534	0.00917	0.00249	0.00415	0.01348	0.00888	0.00830
8	0.01972	0.01703	0.01793	0.01614	0.02062	0.01972	0.01255	0.04214	0.65752	0.03317	0.03228	0.02959	0.02421	0.01076	0.00807	0.00269	0.00628	0.00897	0.00807	0.01255
9	0.01836	0.01849	0.05139	0.20039	0.44688	0.01863	0.05440	0.02418	0.04373	0.02482	0.01547	0.02039	0.01246	0.00742	0.00794	0.00246	0.00984	0.00721	0.00399	0.01155
10	0.02827	0.02081	0.02246	0.01758	0.02339	0.02293	0.01437	0.58724	0.03526	0.04725	0.02130	0.08296	0.01706	0.01092	0.00813	0.00246	0.00835	0.00855	0.00788	0.01284
11	0.77733	0.01534	0.01166	0.01043	0.01534	0.01779	0.00859	0.02331	0.01350	0.03558	0.01104	0.01288	0.00859	0.00736	0.00491	0.00245	0.00613	0.00429	0.00491	0.00859
12	0.01478	0.00739	0.00739	0.00739	0.00924	0.00739	0.00554	0.01848	0.01663	0.02956	0.02587	0.02956	0.02033	0.00924	0.00554	0.00185	0.00370	0.00739	0.76534	0.00739
13	0.00966	0.00690	0.00920	0.01104	0.01150	0.00644	0.00736	0.01104	0.01518	0.02024	0.04371	0.71614	0.05245	0.02484	0.01012	0.00322	0.00460	0.02254	0.00736	0.00644
14	0.01978	0.01578	0.01738	0.01590	0.02009	0.01779	0.01270	0.07188	0.48216	0.06029	0.03319	0.03941	0.02717	0.01261	0.00856	0.00283	0.00662	0.11614	0.00800	0.01172
15	0.01109	0.00810	0.01041	0.00983	0.01176	0.00742	0.00737	0.01470	0.02212	0.03103	0.62435	0.06049	0.11862	0.01650	0.00935	0.00251	0.00376	0.01452	0.00863	0.00742
16	0.01825	0.01886	0.02415	0.02079	0.02109	0.07335	0.01720	0.02001	0.01291	0.01911	0.01055	0.01712	0.01040	0.01346	0.02463	0.00336	0.65573	0.00680	0.00352	0.00871
17	0.02089	0.68618	0.07876	0.01409	0.02117	0.03062	0.01448	0.02382	0.01615	0.01903	0.01121	0.01295	0.01017	0.00683	0.00523	0.00174	0.00867	0.00433	0.00339	0.01027
18	0.01151	0.00778	0.00909	0.00909	0.00925	0.00793	0.00536	0.01182	0.01166	0.01571	0.02458	0.04964	0.02785	0.64938	0.11096	0.00824	0.00916	0.01120	0.00474	0.00505
19	0.01704	0.18804	0.54316	0.02066	0.03132	0.02120	0.02592	0.02482	0.01661	0.02373	0.01354	0.01588	0.01007	0.00737	0.00701	0.00234	0.01102	0.00551	0.00336	0.01139
20	0.02668	0.02132	0.02139	0.01751	0.02300	0.07805	0.01406	0.35602	0.25311	0.06861	0.02365	0.02269	0.01724	0.00985	0.00792	0.00246	0.00825	0.00765	0.00774	0.01280
21	0.00964	0.00700	0.00910	0.01079	0.01144	0.00646	0.00725	0.01107	0.01542	0.02034	0.04678	0.66251	0.10409	0.02444	0.01006	0.00317	0.00455	0.02206	0.00736	0.00646
22	0.01230	0.01010	0.01628	0.01495	0.01684	0.01161	0.06341	0.01539	0.01321	0.01903	0.02017	0.02952	0.01862	0.05237	0.59389	0.01136	0.06082	0.00848	0.00418	0.00748
23	0.01521	0.00802	0.00828	0.00807	0.01007	0.00818	0.00612	0.04262	0.01725	0.02983	0.02538	0.02923	0.02004	0.01164	0.03815	0.00239	0.00472	0.00743	0.69977	0.00761
24	0.01908	0.06255	0.04048	0.02853	0.03540	0.05382	0.45910	0.02453	0.01790	0.02411	0.01483	0.01971	0.01165	0.00742	0.01037	0.00254	0.08178	0.00821	0.00398	0.07401
25	0.10785	0.07784	0.02130	0.01539	0.02097	0.02124	0.01277	0.36336	0.08789	0.07717	0.02377	0.02353	0.05722	0.00987	0.00736	0.00236	0.00753	0.00745	0.04329	0.01186

[dist]
# distance from previous block
# <min> <max>
0	8

[block]
# block no. 4 follows, 24 sequences, length 15
# corresponding to MSA columns:
# 238-252
name=unknown_E
#
# <colnr> <probs for GDERKNQSTAVLIFYWHMCP>
#	G	D	E	R	K	N	Q	S	T	A	V	L	I	F	Y	W	H	M	C	P
0	0.01729	0.01248	0.01478	0.04625	0.01774	0.01323	0.01047	0.22651	0.02243	0.03025	0.03134	0.36580	0.03355	0.04779	0.01112	0.03068	0.00646	0.01494	0.03810	0.00880
1	0.04677	0.01977	0.12401	0.06091	0.28276	0.01665	0.05632	0.02506	0.08613	0.05688	0.06731	0.08157	0.02135	0.00984	0.00811	0.00254	0.00865	0.00898	0.00522	0.01117
2	0.01590	0.04102	0.68023	0.02260	0.03432	0.01842	0.02930	0.02511	0.01674	0.02511	0.01423	0.01674	0.01005	0.00753	0.00753	0.00251	0.01172	0.00586	0.00335	0.01172
3	0.07765	0.62489	0.03725	0.01309	0.01941	0.02877	0.01279	0.02313	0.01633	0.02080	0.05448	0.01581	0.01433	0.00745	0.00536	0.00181	0.00799	0.00491	0.00386	0.00988
4	0.06905	0.03812	0.59789	0.02237	0.03340	0.01847	0.06256	0.02500	0.01663	0.02586	0.01411	0.01674	0.01006	0.00747	0.00745	0.00252	0.01142	0.00595	0.00349	0.01144
5	0.06368	0.02009	0.02089	0.01688	0.02252	0.05140	0.01366	0.34813	0.20253	0.12143	0.02348	0.02239	0.01679	0.00973	0.00779	0.00246	0.00794	0.00751	0.00789	0.01280
6	0.01981	0.01950	0.03103	0.09652	0.59039	0.05484	0.02368	0.02442	0.01813	0.02513	0.01471	0.01945	0.01228	0.00719	0.00782	0.00236	0.00977	0.00696	0.00390	0.01210
7	0.01762	0.01815	0.02875	0.02332	0.02491	0.02345	0.14144	0.02034	0.01345	0.02034	0.01153	0.01815	0.01073	0.01245	0.02272	0.00331	0.56927	0.00742	0.00358	0.00908
8	0.01029	0.00739	0.00977	0.01061	0.01164	0.00686	0.00741	0.01263	0.01812	0.02492	0.29601	0.45051	0.06150	0.02135	0.00981	0.00293	0.00425	0.01923	0.00791	0.00686
9	0.01067	0.00764	0.01026	0.01153	0.01260	0.00724	0.00851	0.01306	0.01749	0.02363	0.18734	0.43480	0.05620	0.02224	0.01012	0.00314	0.00496	0.14402	0.00766	0.00686
10	0.01735	0.01735	0.02429	0.02082	0.02082	0.02429	0.01735	0.01908	0.01214	0.01908	0.01041	0.01735	0.01041	0.01388	0.02602	0.00347	0.70680	0.00694	0.00347	0.00867
11	0.00971	0.00742	0.00869	0.00964	0.01094	0.00665	0.00661	0.01122	0.01600	0.02027	0.05647	0.40475	0.29313	0.08513	0.01253	0.00341	0.00465	0.01927	0.00713	0.00639
12	0.02784	0.02197	0.02243	0.01767	0.02356	0.07116	0.01439	0.49792	0.07719	0.04394	0.01928	0.01977	0.01415	0.01132	0.03539	0.00273	0.00931	0.00704	0.00733	0.05561
13	0.01411	0.01090	0.01280	0.01279	0.01477	0.01171	0.00923	0.06182	0.19091	0.02503	0.03488	0.34839	0.03665	0.10022	0.07344	0.00437	0.00716	0.01535	0.00703	0.00845
14	0.16365	0.07200	0.02140	0.06898	0.02349	0.08067	0.03828	0.11141	0.01915	0.02906	0.01364	0.01629	0.01096	0.00771	0.00775	0.00204	0.05676	0.00550	0.00484	0.24642

[dist]
# distance from previous block
# <min> <max>
0	2

[block]
# block no. 5 follows, 24 sequences, length 42
# corresponding to MSA columns:
# 255-296
name=unknown_F
#
# <colnr> <probs for GDERKNQSTAVLIFYWHMCP>
#	G	D	E	R	K	N	Q	S	T	A	V	L	I	F	Y	W	H	M	C	P
0	0.01714	0.01974	0.07461	0.28713	0.04219	0.05321	0.25386	0.02258	0.01700	0.02237	0.01578	0.05151	0.01293	0.00868	0.00993	0.00271	0.06670	0.00842	0.00389	0.00961
1	0.05286	0.02416	0.14563	0.02929	0.03732	0.02011	0.45456	0.05690	0.01882	0.02679	0.01542	0.01995	0.01156	0.00732	0.00954	0.00266	0.04381	0.00834	0.00412	0.01082
2	0.01014	0.00722	0.00894	0.01011	0.01065	0.00680	0.00654	0.01121	0.01446	0.01903	0.04204	0.47528	0.10381	0.21402	0.01828	0.00439	0.00539	0.01900	0.00667	0.00602
3	0.02163	0.69126	0.04059	0.01392	0.02056	0.06467	0.01366	0.02415	0.01643	0.01869	0.01109	0.01280	0.01018	0.00685	0.00519	0.00171	0.00877	0.00428	0.00343	0.01013
4	0.01756	0.05869	0.01473	0.01134	0.01443	0.01086	0.00886	0.05487	0.02191	0.15174	0.40937	0.04711	0.05249	0.07750	0.01152	0.00289	0.00526	0.01180	0.00817	0.00889
5	0.01615	0.00922	0.01206	0.01072	0.01352	0.00830	0.00826	0.01965	0.02224	0.16477	0.50161	0.05356	0.09816	0.01511	0.00907	0.00250	0.00438	0.01316	0.00887	0.00868
6	0.01552	0.01480	0.02546	0.61930	0.10574	0.01782	0.04842	0.02082	0.01616	0.02095	0.01425	0.02103	0.01080	0.00780	0.00798	0.00262	0.01059	0.00715	0.00358	0.00920
7	0.01377	0.00689	0.01033	0.01033	0.01033	0.00689	0.00689	0.01033	0.01033	0.01377	0.01377	0.02410	0.01377	0.02755	0.03099	0.76928	0.00689	0.00689	0.00344	0.00344
8	0.02962	0.03779	0.02247	0.02043	0.02451	0.68948	0.01532	0.03166	0.02247	0.01941	0.01226	0.01430	0.01021	0.00817	0.00715	0.00204	0.01430	0.00511	0.00409	0.00919
9	0.01427	0.01167	0.01459	0.07136	0.01900	0.01068	0.01005	0.05143	0.01806	0.02567	0.11581	0.19543	0.07566	0.01346	0.00850	0.00221	0.02629	0.01156	0.00612	0.29817
10	0.02894	0.01500	0.01833	0.01479	0.02006	0.01483	0.01193	0.16629	0.10672	0.37097	0.06259	0.08519	0.02449	0.01146	0.00823	0.00253	0.00678	0.00947	0.00892	0.01247
11	0.02843	0.03588	0.02184	0.01993	0.02384	0.64508	0.01497	0.03052	0.02184	0.01934	0.01284	0.01540	0.01084	0.01152	0.05176	0.00274	0.01475	0.00533	0.00410	0.00906
12	0.01872	0.02139	0.04679	0.03342	0.04144	0.02005	0.64305	0.02540	0.01872	0.02540	0.01604	0.02139	0.01203	0.00668	0.00936	0.00267	0.01337	0.00936	0.00401	0.01070
13	0.02349	0.53869	0.03636	0.01544	0.02149	0.21055	0.01405	0.02590	0.01784	0.01886	0.01136	0.01315	0.01019	0.00716	0.00565	0.00179	0.01006	0.00448	0.00358	0.00991
14	0.01590	0.04102	0.68023	0.02260	0.03432	0.01842	0.02930	0.02511	0.01674	0.02511	0.01423	0.01674	0.01005	0.00753	0.00753	0.00251	0.01172	0.00586	0.00335	0.01172
15	0.01111	0.00810	0.01045	0.00986	0.01178	0.00744	0.00740	0.01475	0.02219	0.03119	0.63329	0.06023	0.10958	0.01644	0.00935	0.00250	0.00376	0.01448	0.00865	0.00744
16	0.02975	0.01220	0.01653	0.01312	0.01823	0.01066	0.01066	0.03298	0.02264	0.52277	0.18366	0.03471	0.03284	0.01135	0.00830	0.00246	0.00603	0.00950	0.00955	0.01206
17	0.01539	0.00798	0.00804	0.00782	0.00985	0.00807	0.00592	0.04325	0.01745	0.03037	0.02560	0.02915	0.02005	0.00925	0.00564	0.00187	0.00389	0.00738	0.73540	0.00763
18	0.02385	0.01689	0.01863	0.01597	0.02096	0.01868	0.01264	0.10419	0.47103	0.15872	0.03071	0.02799	0.02221	0.01045	0.00804	0.00261	0.00662	0.00859	0.00839	0.01283
19	0.03046	0.02170	0.02348	0.01800	0.02434	0.02383	0.01487	0.60989	0.03643	0.08670	0.01976	0.01950	0.01385	0.00954	0.00794	0.00238	0.00861	0.00719	0.00804	0.01349
20	0.01264	0.00990	0.01415	0.15537	0.02266	0.01056	0.01255	0.01712	0.05130	0.02416	0.14649	0.20502	0.04391	0.01807	0.00971	0.00309	0.00670	0.22205	0.00683	0.00773
21	0.01973	0.01857	0.03096	0.10898	0.58009	0.01902	0.02364	0.05593	0.01884	0.02661	0.01505	0.01974	0.01242	0.00727	0.00786	0.00238	0.00949	0.00707	0.00409	0.01225
22	0.02409	0.02004	0.02427	0.16977	0.06493	0.04840	0.01748	0.34653	0.02677	0.03582	0.01602	0.01906	0.01215	0.00972	0.01095	0.00261	0.12709	0.00700	0.00586	0.01144
23	0.02800	0.17665	0.02672	0.01851	0.02367	0.40122	0.01490	0.17041	0.02454	0.02624	0.01355	0.01506	0.01095	0.00819	0.00690	0.00205	0.01182	0.00539	0.00482	0.01038
24	0.01698	0.03364	0.45360	0.02680	0.11964	0.03999	0.10727	0.02473	0.01766	0.02542	0.04872	0.01988	0.01404	0.00783	0.00790	0.00250	0.01129	0.00690	0.00382	0.01139
25	0.01094	0.00805	0.01023	0.00978	0.01170	0.00735	0.00730	0.01438	0.02163	0.03009	0.57223	0.08688	0.14588	0.01702	0.00939	0.00254	0.00381	0.01495	0.00851	0.00735
26	0.01520	0.01133	0.01391	0.01342	0.01519	0.01239	0.01004	0.14423	0.01944	0.02688	0.03269	0.41612	0.03604	0.02080	0.03984	0.00338	0.08335	0.01594	0.06158	0.00824
27	0.00948	0.00796	0.00823	0.00832	0.01082	0.00672	0.00618	0.01153	0.01809	0.02184	0.10605	0.11730	0.59995	0.02021	0.00942	0.00270	0.00404	0.01700	0.00743	0.00672
28	0.01151	0.00778	0.00909	0.00909	0.00924	0.00793	0.00536	0.01182	0.01166	0.01570	0.02458	0.04965	0.02786	0.64973	0.11061	0.00823	0.00915	0.01120	0.00474	0.00505
29	0.02120	0.72609	0.04155	0.01357	0.02035	0.03138	0.01357	0.02374	0.01611	0.01866	0.01102	0.01272	0.01018	0.00678	0.00509	0.00170	0.00848	0.00424	0.00339	0.01018
30	0.00944	0.00804	0.00813	0.00810	0.01075	0.00672	0.00608	0.01151	0.01824	0.02180	0.10196	0.07569	0.64677	0.01994	0.00937	0.00267	0.00401	0.01665	0.00741	0.00672
31	0.58695	0.01709	0.01475	0.01242	0.01769	0.01952	0.01024	0.18181	0.01956	0.03925	0.01308	0.01445	0.00984	0.00791	0.00568	0.00243	0.00679	0.00502	0.00568	0.00984
32	0.01133	0.00850	0.01274	0.01274	0.01416	0.00991	0.00991	0.01416	0.01274	0.01841	0.02124	0.03115	0.01982	0.05947	0.68989	0.01274	0.02124	0.00850	0.00425	0.00708
33	0.01088	0.00833	0.01013	0.01036	0.01254	0.00758	0.00822	0.01391	0.01967	0.02568	0.27895	0.07353	0.30290	0.01917	0.00976	0.00286	0.00474	0.16585	0.00783	0.00713
34	0.03014	0.02221	0.02380	0.01825	0.02459	0.02459	0.01507	0.64541	0.03728	0.04998	0.01904	0.01904	0.01349	0.00952	0.00793	0.00238	0.00873	0.00714	0.00793	0.01349
35	0.02684	0.05739	0.02321	0.01666	0.02317	0.02205	0.01382	0.48343	0.03186	0.04334	0.01760	0.01817	0.01295	0.00862	0.00736	0.00209	0.00812	0.00648	0.00703	0.16981
36	0.01816	0.15534	0.33826	0.02858	0.22435	0.02092	0.02419	0.02545	0.04770	0.02459	0.01473	0.01751	0.01151	0.00741	0.00722	0.00233	0.01018	0.00608	0.00376	0.01174
37	0.01644	0.01409	0.01644	0.01175	0.01879	0.01057	0.00940	0.01997	0.01644	0.02584	0.01409	0.01644	0.01175	0.00587	0.00587	0.00117	0.00587	0.00470	0.00470	0.76979
38	0.01469	0.01122	0.01331	0.01200	0.01481	0.01156	0.00921	0.07737	0.15519	0.03372	0.47777	0.04948	0.05882	0.01448	0.00896	0.00252	0.00471	0.01258	0.00852	0.00907
39	0.01740	0.07612	0.55999	0.02392	0.08678	0.01887	0.02721	0.02558	0.01709	0.05424	0.01488	0.01722	0.01070	0.00756	0.00744	0.00245	0.01112	0.00597	0.00369	0.01178
40	0.01185	0.01260	0.10081	0.01187	0.01511	0.00902	0.01069	0.01623	0.02116	0.02979	0.50599	0.05644	0.09732	0.01563	0.00921	0.00258	0.00506	0.05280	0.00783	0.00800
41	0.01045	0.00749	0.00976	0.01132	0.01201	0.00714	0.00766	0.03548	0.01603	0.02139	0.04276	0.68928	0.05095	0.02425	0.01004	0.00319	0.00476	0.02195	0.00738	0.00671

[dist]
# distance from previous block
# <min> <max>
1	25

[block]
# block no. 6 follows, 24 sequences, length 44
# corresponding to MSA columns:
# 326-369
name=unknown_G
#
# <colnr> <probs for GDERKNQSTAVLIFYWHMCP>
#	G	D	E	R	K	N	Q	S	T	A	V	L	I	F	Y	W	H	M	C	P
0	0.07887	0.46829	0.10978	0.01549	0.02235	0.10983	0.01532	0.06033	0.01798	0.02255	0.01201	0.01375	0.01024	0.00724	0.00577	0.00193	0.00941	0.00470	0.00385	0.01030
1	0.02227	0.48543	0.03455	0.01680	0.06448	0.11238	0.01403	0.02552	0.03858	0.05648	0.01514	0.05489	0.01375	0.00831	0.00609	0.00195	0.00890	0.00595	0.00426	0.01026
2	0.02777	0.02096	0.02248	0.01757	0.02366	0.02307	0.01437	0.51701	0.13371	0.04604	0.02086	0.02056	0.01508	0.00952	0.00784	0.00236	0.00819	0.00730	0.00778	0.05388
3	0.01584	0.01456	0.02379	0.66322	0.05290	0.01802	0.02163	0.05594	0.01708	0.02196	0.01438	0.02102	0.01074	0.00802	0.00793	0.00263	0.01047	0.00705	0.00378	0.00908
4	0.00993	0.00753	0.00915	0.00984	0.01133	0.00676	0.00697	0.01204	0.01776	0.02325	0.19765	0.36348	0.25287	0.02137	0.00971	0.00288	0.00422	0.01883	0.00767	0.00676
5	0.01021	0.00743	0.00874	0.00953	0.01037	0.00691	0.00619	0.01128	0.01466	0.01891	0.04624	0.34323	0.19169	0.25458	0.01997	0.00457	0.00548	0.01751	0.00651	0.00596
6	0.03457	0.01511	0.01940	0.01488	0.02105	0.01405	0.01229	0.15119	0.02540	0.56097	0.02901	0.02552	0.01849	0.00976	0.00797	0.00244	0.00711	0.00782	0.00947	0.01349
7	0.02678	0.01991	0.02155	0.01646	0.02269	0.02107	0.01351	0.49579	0.03231	0.04441	0.01849	0.01912	0.01353	0.00883	0.00742	0.00213	0.00793	0.00670	0.04793	0.15344
8	0.02167	0.68777	0.04049	0.01395	0.02058	0.06801	0.01367	0.02419	0.01647	0.01870	0.01109	0.01281	0.01018	0.00686	0.00520	0.00172	0.00880	0.00429	0.00343	0.01012
9	0.01882	0.01606	0.01718	0.01562	0.01980	0.01839	0.01218	0.03910	0.58496	0.03269	0.07982	0.03417	0.02882	0.01161	0.00828	0.00271	0.00613	0.03362	0.00809	0.01197
10	0.01768	0.08546	0.01962	0.01564	0.01759	0.12232	0.01246	0.04002	0.01594	0.02115	0.01948	0.12341	0.01957	0.04643	0.10060	0.00417	0.21712	0.00911	0.08399	0.00825
11	0.77733	0.01534	0.01166	0.01043	0.01534	0.01779	0.00859	0.02331	0.01350	0.03558	0.01104	0.01288	0.00859	0.00736	0.00491	0.00245	0.00613	0.00429	0.00491	0.00859
12	0.01811	0.01077	0.01368	0.01233	0.01555	0.01036	0.00985	0.05394	0.07009	0.16731	0.33551	0.05338	0.07699	0.01512	0.00913	0.00267	0.00536	0.10187	0.00860	0.00937
13	0.01001	0.00800	0.00895	0.00883	0.01113	0.00695	0.00658	0.01257	0.01940	0.02485	0.27606	0.10185	0.43881	0.01901	0.00940	0.00264	0.00395	0.01621	0.00782	0.00695
14	0.02639	0.03040	0.02312	0.02027	0.02353	0.42977	0.01584	0.10298	0.02150	0.02304	0.01259	0.01570	0.01067	0.00987	0.01232	0.00247	0.19975	0.00585	0.00439	0.00958
15	0.01046	0.00793	0.00966	0.00973	0.01162	0.00713	0.00722	0.01328	0.01975	0.02641	0.36093	0.17281	0.25302	0.01903	0.00955	0.00271	0.00410	0.03958	0.00803	0.00706
16	0.01377	0.00689	0.01033	0.01033	0.01033	0.00689	0.00689	0.01033	0.01033	0.01377	0.01377	0.02410	0.01377	0.02755	0.03099	0.76928	0.00689	0.00689	0.00344	0.00344
17	0.02120	0.72609	0.04155	0.01357	0.02035	0.03138	0.01357	0.02374	0.01611	0.01866	0.01102	0.01272	0.01018	0.00678	0.00509	0.00170	0.00848	0.00424	0.00339	0.01018
18	0.01519	0.01432	0.02418	0.67159	0.08357	0.01768	0.02213	0.02045	0.01596	0.02053	0.01413	0.02107	0.01066	0.00789	0.00792	0.00263	0.01052	0.00705	0.00354	0.00899
19	0.01498	0.01409	0.02378	0.70226	0.05462	0.01762	0.02202	0.02026	0.01586	0.02026	0.01409	0.02114	0.01057	0.00793	0.00793	0.00264	0.01057	0.00705	0.00352	0.00881
20	0.05931	0.01210	0.01611	0.01616	0.07505	0.01170	0.01183	0.04565	0.04895	0.22383	0.21026	0.04719	0.03927	0.01373	0.00880	0.00271	0.00626	0.13284	0.00809	0.01017
21	0.40517	0.02017	0.01758	0.01452	0.01994	0.08139	0.01184	0.27754	0.02400	0.03998	0.01441	0.01552	0.01073	0.00831	0.00634	0.00239	0.00793	0.00553	0.00607	0.01064
22	0.01780	0.13982	0.06042	0.01342	0.01826	0.01624	0.01171	0.07982	0.11770	0.05692	0.26403	0.03461	0.03753	0.01127	0.00775	0.00224	0.00624	0.00933	0.00692	0.08797
23	0.01368	0.00983	0.01184	0.01209	0.01359	0.00996	0.00849	0.12877	0.01885	0.02518	0.03691	0.50798	0.04242	0.10468	0.01331	0.00359	0.00573	0.01838	0.00716	0.00755
24	0.01644	0.01409	0.01644	0.01175	0.01879	0.01057	0.00940	0.01997	0.01644	0.02584	0.01409	0.01644	0.01175	0.00587	0.00587	0.00117	0.00587	0.00470	0.00470	0.76979
25	0.01686	0.01088	0.01357	0.01181	0.01470	0.01144	0.04909	0.11871	0.01936	0.03050	0.02328	0.02764	0.01860	0.01845	0.13332	0.00401	0.00839	0.00768	0.45319	0.00852
26	0.01033	0.00786	0.00958	0.01067	0.01194	0.00741	0.00741	0.01332	0.05769	0.02192	0.08240	0.50072	0.18448	0.02247	0.00979	0.00303	0.00454	0.02000	0.00748	0.00694
27	0.06527	0.03837	0.60499	0.02236	0.03345	0.01846	0.05899	0.02501	0.01663	0.02580	0.01412	0.01673	0.01005	0.00748	0.00746	0.00252	0.01144	0.00594	0.00348	0.01147
28	0.00966	0.00690	0.00920	0.01104	0.01150	0.00644	0.00736	0.01104	0.01518	0.02024	0.04371	0.71614	0.05245	0.02484	0.01012	0.00322	0.00460	0.02254	0.00736	0.00644
29	0.02296	0.01644	0.01850	0.05225	0.02222	0.01804	0.01279	0.14638	0.35279	0.13757	0.03304	0.03098	0.07821	0.01106	0.00814	0.00259	0.00682	0.00907	0.00802	0.01215
30	0.02175	0.01754	0.01870	0.01632	0.02111	0.02000	0.01284	0.11940	0.55032	0.06335	0.03053	0.02812	0.02263	0.01056	0.00805	0.00264	0.00661	0.00869	0.00813	0.01271
31	0.16157	0.10092	0.05425	0.01750	0.02256	0.40974	0.01430	0.02970	0.01998	0.08207	0.01374	0.01516	0.01077	0.00801	0.00664	0.00214	0.01145	0.00517	0.00464	0.00970
32	0.02583	0.01851	0.02168	0.14370	0.02815	0.02056	0.01505	0.42023	0.02985	0.08213	0.01963	0.02208	0.01447	0.04019	0.00918	0.00263	0.00855	0.00738	0.05836	0.01183
33	0.01794	0.01591	0.01877	0.20381	0.02798	0.08668	0.01445	0.09289	0.01831	0.02496	0.01704	0.02236	0.01398	0.01821	0.13543	0.00425	0.07314	0.00693	0.10545	0.08151
34	0.17253	0.18957	0.02455	0.01498	0.02081	0.02380	0.01285	0.29531	0.08277	0.03731	0.01700	0.01767	0.01296	0.00854	0.00658	0.00224	0.00775	0.00606	0.03533	0.01141
35	0.02470	0.01791	0.01974	0.01596	0.02149	0.01916	0.01285	0.27192	0.24892	0.10816	0.05615	0.02526	0.02069	0.00992	0.00783	0.00237	0.00711	0.00796	0.00787	0.09402
36	0.00966	0.00720	0.00901	0.01035	0.01134	0.00654	0.00708	0.01128	0.01611	0.02097	0.07736	0.55033	0.18698	0.02346	0.00993	0.00307	0.00444	0.02095	0.00742	0.00654
37	0.02713	0.03294	0.02398	0.02539	0.14434	0.52179	0.01681	0.03098	0.06270	0.02150	0.01404	0.01628	0.01155	0.00813	0.00734	0.00214	0.01288	0.00572	0.00431	0.01003
38	0.02922	0.02175	0.02328	0.01806	0.02424	0.02416	0.01485	0.59168	0.09252	0.04848	0.02022	0.01998	0.01444	0.00963	0.00794	0.00241	0.00851	0.00730	0.00794	0.01340
39	0.00958	0.00798	0.00837	0.00841	0.01088	0.00676	0.00625	0.01174	0.01838	0.02246	0.14052	0.11012	0.57142	0.01994	0.00941	0.00269	0.00402	0.01681	0.00751	0.00676
40	0.01871	0.02201	0.07989	0.03368	0.11100	0.01981	0.50754	0.02608	0.04976	0.02582	0.01661	0.02133	0.01257	0.00698	0.00902	0.00263	0.01248	0.00888	0.00416	0.01105
41	0.00995	0.00746	0.00934	0.01047	0.01168	0.00670	0.00720	0.01163	0.01605	0.02113	0.07281	0.54316	0.16587	0.02283	0.00977	0.00301	0.00451	0.02040	0.00730	0.03870
42	0.02469	0.05236	0.02199	0.01903	0.02225	0.43542	0.01477	0.05035	0.01974	0.02036	0.01352	0.01743	0.01180	0.01673	0.11194	0.00387	0.12465	0.00595	0.00414	0.00899
43	0.06648	0.01133	0.03944	0.03790	0.01644	0.00987	0.00984	0.02127	0.02120	0.17678	0.39749	0.04674	0.08606	0.01374	0.00863	0.00250	0.00517	0.01177	0.00824	0.00909

[dist]
# distance from previous block
# <min> <max>
0	1

[block]
# block no. 7 follows, 24 sequences, length 34
# corresponding to MSA columns:
# 371-404
name=unknown_H
#
# <colnr> <probs for GDERKNQSTAVLIFYWHMCP>
#	G	D	E	R	K	N	Q	S	T	A	V	L	I	F	Y	W	H	M	C	P
0	0.02698	0.20546	0.05553	0.01885	0.02393	0.50031	0.01550	0.02945	0.02068	0.01947	0.01204	0.01402	0.01020	0.00781	0.00666	0.00198	0.01277	0.00493	0.00389	0.00954
1	0.01850	0.02289	0.09518	0.03260	0.04090	0.01993	0.59616	0.02538	0.01857	0.02538	0.01590	0.02104	0.01188	0.00675	0.00922	0.00266	0.01324	0.00909	0.00396	0.01077
2	0.01216	0.01009	0.01049	0.01011	0.01306	0.00983	0.00766	0.01911	0.16900	0.02497	0.08981	0.08724	0.43719	0.01740	0.00891	0.00266	0.00455	0.01459	0.04305	0.00813
3	0.00986	0.00805	0.00871	0.00855	0.01101	0.00690	0.00641	0.01233	0.01923	0.02416	0.23545	0.07180	0.51180	0.01906	0.00937	0.00263	0.00394	0.01610	0.00772	0.00690
4	0.01149	0.00784	0.00940	0.00940	0.00966	0.00810	0.00575	0.01202	0.01176	0.01593	0.02430	0.04807	0.02717	0.59935	0.16006	0.00862	0.01019	0.01097	0.00470	0.00522
5	0.73389	0.01523	0.01205	0.01064	0.01562	0.01743	0.00877	0.02421	0.01403	0.07316	0.01223	0.01371	0.00923	0.00750	0.00509	0.00245	0.00617	0.00451	0.00519	0.00888
6	0.03558	0.01350	0.01840	0.01411	0.02024	0.01166	0.01166	0.03865	0.02270	0.67734	0.03128	0.02699	0.01963	0.00981	0.00797	0.00245	0.00675	0.00797	0.00981	0.01350
7	0.53028	0.01761	0.01567	0.01301	0.01840	0.02004	0.01073	0.22900	0.02136	0.04034	0.01369	0.01492	0.01021	0.00807	0.00591	0.00243	0.00699	0.00523	0.00591	0.01021
8	0.01926	0.01847	0.03153	0.09964	0.62372	0.01875	0.02416	0.02402	0.01788	0.02547	0.01485	0.01974	0.01241	0.00713	0.00786	0.00238	0.00951	0.00706	0.00389	0.01227
9	0.01861	0.10696	0.13356	0.05974	0.02878	0.05124	0.13899	0.05148	0.01653	0.02276	0.01386	0.03863	0.01204	0.01020	0.01427	0.00279	0.25845	0.00732	0.00390	0.00991
10	0.77733	0.01534	0.01166	0.01043	0.01534	0.01779	0.00859	0.02331	0.01350	0.03558	0.01104	0.01288	0.00859	0.00736	0.00491	0.00245	0.00613	0.00429	0.00491	0.00859
11	0.01586	0.01483	0.01421	0.01466	0.05525	0.11550	0.01026	0.05565	0.07235	0.02438	0.09708	0.10552	0.22271	0.08765	0.01207	0.00315	0.00704	0.05701	0.00659	0.00822
12	0.00963	0.00804	0.00838	0.00830	0.01087	0.00680	0.00622	0.01187	0.01867	0.02284	0.16083	0.07397	0.58725	0.01955	0.00937	0.00265	0.00398	0.01641	0.00755	0.00680
13	0.01280	0.01052	0.01502	0.01419	0.01509	0.01309	0.01108	0.01502	0.01245	0.01821	0.01909	0.03034	0.01865	0.12806	0.45269	0.00991	0.18397	0.00849	0.00413	0.00719
14	0.01286	0.00881	0.01148	0.01211	0.01428	0.00829	0.00997	0.01603	0.01912	0.06099	0.17332	0.11400	0.17779	0.01990	0.01010	0.00313	0.00574	0.30685	0.00774	0.00751
15	0.01377	0.00689	0.01033	0.01033	0.01033	0.00689	0.00689	0.01033	0.01033	0.01377	0.01377	0.02410	0.01377	0.02755	0.03099	0.76928	0.00689	0.00689	0.00344	0.00344
16	0.02120	0.72609	0.04155	0.01357	0.02035	0.03138	0.01357	0.02374	0.01611	0.01866	0.01102	0.01272	0.01018	0.00678	0.00509	0.00170	0.00848	0.00424	0.00339	0.01018
17	0.00959	0.00718	0.00892	0.01031	0.01131	0.00650	0.00703	0.01112	0.01589	0.02053	0.05266	0.55979	0.20302	0.02368	0.00994	0.00309	0.00446	0.02112	0.00736	0.00650
18	0.01498	0.01409	0.02378	0.70226	0.05462	0.01762	0.02202	0.02026	0.01586	0.02026	0.01409	0.02114	0.01057	0.00793	0.00793	0.00264	0.01057	0.00705	0.00352	0.00881
19	0.77733	0.01534	0.01166	0.01043	0.01534	0.01779	0.00859	0.02331	0.01350	0.03558	0.01104	0.01288	0.00859	0.00736	0.00491	0.00245	0.00613	0.00429	0.00491	0.00859
20	0.77733	0.01534	0.01166	0.01043	0.01534	0.01779	0.00859	0.02331	0.01350	0.03558	0.01104	0.01288	0.00859	0.00736	0.00491	0.00245	0.00613	0.00429	0.00491	0.00859
21	0.01559	0.01448	0.02302	0.61281	0.05018	0.01789	0.02079	0.02311	0.09951	0.02194	0.01646	0.02224	0.01235	0.00830	0.00795	0.00265	0.01001	0.00730	0.00412	0.00930
22	0.04771	0.02140	0.02070	0.01809	0.04357	0.12573	0.01389	0.21478	0.26060	0.11359	0.02397	0.02299	0.01750	0.00966	0.00778	0.00245	0.00841	0.00751	0.00739	0.01230
23	0.02926	0.02027	0.02240	0.01740	0.02335	0.02214	0.01433	0.53501	0.03391	0.11184	0.02046	0.02078	0.01460	0.01337	0.06003	0.00318	0.00948	0.00733	0.00784	0.01300
24	0.07663	0.01635	0.01919	0.01525	0.02105	0.01663	0.01245	0.18291	0.14488	0.36765	0.02732	0.02472	0.01835	0.00977	0.00779	0.00248	0.00709	0.00774	0.00874	0.01302
25	0.05855	0.01306	0.01671	0.01330	0.01856	0.01188	0.01070	0.03351	0.07339	0.46382	0.08899	0.03045	0.02481	0.04972	0.00967	0.00269	0.00640	0.00852	0.00880	0.05647
26	0.01143	0.00764	0.00868	0.00878	0.00881	0.00762	0.00495	0.01150	0.01173	0.01564	0.02602	0.08846	0.03013	0.68298	0.03870	0.00744	0.00752	0.01214	0.00495	0.00489
27	0.01840	0.02045	0.04290	0.08463	0.07629	0.02005	0.52457	0.02458	0.01808	0.02467	0.01550	0.02104	0.01185	0.00722	0.01014	0.00270	0.05354	0.00891	0.00394	0.01054
