[name]
unknown

[dist]
# distance from previous block
# <min> <max>
21	44

[block]
# block no. 0 follows, 28 sequences, length 9
# corresponding to MSA columns:
# 53-61
name=unknown_A
#
# <colnr> <probs for GDERKNQSTAVLIFYWHMCP>
#	G	D	E	R	K	N	Q	S	T	A	V	L	I	F	Y	W	H	M	C	P
0	0.02261	0.01727	0.01858	0.01506	0.01962	0.05358	0.01211	0.33521	0.09559	0.08250	0.05201	0.07666	0.01874	0.01014	0.00844	0.00223	0.05771	0.00786	0.00664	0.08743
1	0.06489	0.02153	0.15877	0.09909	0.07296	0.05429	0.01697	0.17963	0.10862	0.02910	0.04775	0.01960	0.01464	0.00864	0.00850	0.00235	0.07078	0.00656	0.00506	0.01027
2	0.01801	0.01555	0.01603	0.04705	0.01804	0.08373	0.01084	0.21962	0.02069	0.02657	0.02927	0.03352	0.17136	0.12306	0.01396	0.00304	0.09517	0.00889	0.00556	0.04003
3	0.01936	0.01550	0.01823	0.01480	0.01869	0.01690	0.01193	0.28447	0.02186	0.03060	0.01846	0.13338	0.01720	0.01106	0.01058	0.00226	0.15536	0.00829	0.00568	0.18540
4	0.01355	0.00678	0.00678	0.00678	0.00847	0.00678	0.00508	0.01694	0.01524	0.02710	0.02371	0.02710	0.01863	0.00847	0.00508	0.00169	0.00339	0.00678	0.78489	0.00678
5	0.01507	0.01292	0.01507	0.01077	0.01723	0.00969	0.00861	0.01830	0.01507	0.02369	0.01292	0.01507	0.01077	0.00538	0.00538	0.00108	0.00538	0.00431	0.00431	0.78898
6	0.01507	0.01292	0.01507	0.01077	0.01723	0.00969	0.00861	0.01830	0.01507	0.02369	0.01292	0.01507	0.01077	0.00538	0.00538	0.00108	0.00538	0.00431	0.00431	0.78898
7	0.01057	0.00705	0.00793	0.00793	0.00793	0.00705	0.00440	0.01057	0.01057	0.01409	0.02290	0.04757	0.02643	0.74454	0.03700	0.00705	0.00705	0.01057	0.00440	0.00440
8	0.02220	0.02020	0.01803	0.01554	0.02006	0.17821	0.01213	0.11742	0.35525	0.07551	0.02255	0.02163	0.01687	0.00880	0.00704	0.00218	0.00774	0.00685	0.00643	0.06535

[dist]
# distance from previous block
# <min> <max>
0	1

[block]
# block no. 1 follows, 28 sequences, length 26
# corresponding to MSA columns:
# 63-88
name=unknown_B
#
# <colnr> <probs for GDERKNQSTAVLIFYWHMCP>
#	G	D	E	R	K	N	Q	S	T	A	V	L	I	F	Y	W	H	M	C	P
0	0.02645	0.01936	0.02085	0.01630	0.02186	0.02143	0.01336	0.55821	0.12759	0.06938	0.01964	0.01913	0.01400	0.00890	0.00729	0.00223	0.00760	0.00682	0.00736	0.01224
1	0.01772	0.01485	0.01795	0.01464	0.01891	0.03797	0.06858	0.11954	0.19135	0.04603	0.04797	0.07620	0.02056	0.08026	0.01059	0.00260	0.02970	0.00831	0.00589	0.17037
2	0.01469	0.01259	0.01462	0.01057	0.01679	0.00948	0.00843	0.01784	0.01516	0.02345	0.01650	0.01831	0.05119	0.00615	0.00557	0.00116	0.00528	0.00496	0.00445	0.74281
3	0.01658	0.01365	0.01557	0.01194	0.01755	0.01198	0.00946	0.11188	0.08307	0.02700	0.01758	0.08052	0.01540	0.00782	0.00619	0.00153	0.00568	0.00645	0.00524	0.53492
4	0.01053	0.00723	0.00884	0.00884	0.00915	0.00754	0.00554	0.01115	0.01084	0.01477	0.02207	0.04296	0.02443	0.57734	0.20147	0.00817	0.01006	0.00990	0.00428	0.00491
5	0.01507	0.01292	0.01507	0.01077	0.01723	0.00969	0.00861	0.01830	0.01507	0.02369	0.01292	0.01507	0.01077	0.00538	0.00538	0.00108	0.00538	0.00431	0.00431	0.78898
6	0.01057	0.00705	0.00793	0.00793	0.00793	0.00705	0.00440	0.01057	0.01057	0.01409	0.02290	0.04757	0.02643	0.74454	0.03700	0.00705	0.00705	0.01057	0.00440	0.00440
7	0.02763	0.02036	0.02182	0.01672	0.02254	0.02254	0.01382	0.67496	0.03418	0.04581	0.01745	0.01745	0.01236	0.00873	0.00727	0.00218	0.00800	0.00654	0.00727	0.01236
8	0.02182	0.01556	0.01723	0.01412	0.01830	0.01695	0.01122	0.33201	0.13516	0.09416	0.04546	0.05053	0.06946	0.08595	0.01113	0.00282	0.03214	0.00859	0.00697	0.01042
9	0.02408	0.01801	0.01948	0.01552	0.02053	0.01986	0.01260	0.50805	0.11300	0.04122	0.07977	0.05404	0.02013	0.01003	0.00749	0.00226	0.00715	0.00796	0.00733	0.01148
10	0.01703	0.01355	0.01576	0.01140	0.01776	0.01087	0.00917	0.07706	0.01704	0.05863	0.01408	0.01575	0.01126	0.00585	0.00564	0.00123	0.00565	0.00465	0.00480	0.68281
11	0.75454	0.01397	0.01102	0.00974	0.01430	0.01600	0.00802	0.02213	0.01283	0.06900	0.01113	0.01251	0.00842	0.00687	0.00465	0.00225	0.00565	0.00412	0.00474	0.00812
12	0.01376	0.00758	0.00814	0.00786	0.00941	0.00814	0.00604	0.01699	0.01488	0.02625	0.02246	0.02611	0.01783	0.00884	0.00674	0.00182	0.06760	0.00674	0.71593	0.00688
13	0.79588	0.01406	0.01068	0.00956	0.01406	0.01631	0.00787	0.02137	0.01237	0.03261	0.01012	0.01181	0.00787	0.00675	0.00450	0.00225	0.00562	0.00394	0.00450	0.00787
14	0.01590	0.01590	0.02226	0.01908	0.01908	0.02226	0.01590	0.01749	0.01113	0.01749	0.00954	0.01590	0.00954	0.01272	0.02385	0.00318	0.73123	0.00636	0.00318	0.00795
15	0.01507	0.01292	0.01507	0.01077	0.01723	0.00969	0.00861	0.01830	0.01507	0.02369	0.01292	0.01507	0.01077	0.00538	0.00538	0.00108	0.00538	0.00431	0.00431	0.78898
16	0.02717	0.02180	0.02169	0.01703	0.02241	0.09998	0.01391	0.57987	0.03186	0.04169	0.01648	0.01691	0.01193	0.00873	0.00777	0.00218	0.03373	0.00633	0.00674	0.01177
17	0.01057	0.00705	0.00793	0.00793	0.00793	0.00705	0.00440	0.01057	0.01057	0.01409	0.02290	0.04757	0.02643	0.74454	0.03700	0.00705	0.00705	0.01057	0.00440	0.00440
18	0.01685	0.01841	0.03724	0.02808	0.06705	0.01777	0.50529	0.02214	0.01632	0.02279	0.01396	0.01868	0.01088	0.00670	0.00964	0.00236	0.08090	0.00780	0.00369	0.09343
19	0.00881	0.00709	0.00786	0.00826	0.01010	0.00614	0.00597	0.01064	0.01621	0.02019	0.11950	0.24781	0.46744	0.01926	0.00877	0.00257	0.00380	0.01657	0.00686	0.00614
20	0.01779	0.01877	0.03112	0.08180	0.23173	0.07041	0.24770	0.02328	0.05980	0.02233	0.01426	0.01860	0.01147	0.00757	0.00995	0.00242	0.11006	0.00717	0.00380	0.00994
21	0.01355	0.00678	0.00678	0.00678	0.00847	0.00678	0.00508	0.01694	0.01524	0.02710	0.02371	0.02710	0.01863	0.00847	0.00508	0.00169	0.00339	0.00678	0.78489	0.00678
22	0.02713	0.01965	0.02119	0.01641	0.02209	0.02168	0.01350	0.59837	0.08289	0.07394	0.01887	0.01851	0.01336	0.00882	0.00728	0.00221	0.00775	0.00671	0.00736	0.01230
23	0.02370	0.01688	0.01974	0.01533	0.02082	0.01751	0.04263	0.33035	0.13462	0.12499	0.02027	0.02073	0.01488	0.03284	0.00805	0.00224	0.00715	0.00680	0.00679	0.13369
24	0.01827	0.01569	0.01671	0.01266	0.01863	0.05103	0.01012	0.13864	0.08370	0.02799	0.01525	0.01656	0.01208	0.00653	0.00598	0.00145	0.00631	0.00511	0.00511	0.53218
25	0.01559	0.01486	0.02178	0.12213	0.02391	0.01915	0.05392	0.04927	0.01325	0.01938	0.01212	0.01903	0.01120	0.05028	0.06182	0.00362	0.44300	0.00674	0.00356	0.03539

[dist]
# distance from previous block
# <min> <max>
0	2

[block]
# block no. 2 follows, 28 sequences, length 29
# corresponding to MSA columns:
# 91-119
name=unknown_C
#
# <colnr> <probs for GDERKNQSTAVLIFYWHMCP>
#	G	D	E	R	K	N	Q	S	T	A	V	L	I	F	Y	W	H	M	C	P
0	0.02956	0.01727	0.01990	0.01526	0.02100	0.01796	0.01260	0.42760	0.02900	0.30048	0.02179	0.02027	0.01454	0.00883	0.00729	0.00221	0.00730	0.00684	0.00794	0.01237
1	0.01294	0.01040	0.01153	0.01100	0.01348	0.01084	0.00818	0.04950	0.23295	0.02514	0.14155	0.17610	0.18662	0.06384	0.01016	0.00282	0.00483	0.01301	0.00701	0.00809
2	0.00862	0.00726	0.00747	0.00763	0.00989	0.00611	0.00564	0.01040	0.01632	0.01953	0.07043	0.13391	0.63436	0.01883	0.00866	0.00250	0.00373	0.01585	0.00675	0.00611
3	0.02541	0.01934	0.02123	0.01780	0.05643	0.02146	0.01383	0.52608	0.15166	0.04189	0.01946	0.01924	0.01410	0.00882	0.00729	0.00223	0.00762	0.00684	0.00711	0.01216
4	0.00859	0.00736	0.00736	0.00736	0.00982	0.00614	0.00552	0.01043	0.01657	0.01964	0.07364	0.06996	0.69624	0.01841	0.00859	0.00245	0.00368	0.01534	0.00675	0.00614
5	0.02593	0.03137	0.02190	0.02215	0.11527	0.57655	0.01516	0.06827	0.02089	0.02035	0.01196	0.01405	0.00984	0.00743	0.00669	0.00193	0.01218	0.00504	0.00394	0.00909
6	0.05643	0.05906	0.02100	0.01805	0.02185	0.59917	0.01381	0.05848	0.02029	0.01966	0.01137	0.01333	0.00945	0.00770	0.00720	0.00195	0.04391	0.00478	0.00389	0.00860
7	0.00962	0.00717	0.00949	0.01056	0.01094	0.00732	0.00721	0.01084	0.01353	0.01829	0.05388	0.59193	0.04337	0.09796	0.01331	0.00338	0.06072	0.01829	0.00626	0.00593
8	0.02453	0.01942	0.02063	0.07134	0.02390	0.05154	0.01383	0.46229	0.16886	0.03924	0.01937	0.01944	0.01409	0.00880	0.00727	0.00225	0.00788	0.00681	0.00683	0.01168
9	0.01056	0.00708	0.00810	0.00810	0.00816	0.00714	0.00462	0.01068	0.01062	0.01422	0.02275	0.04671	0.02605	0.71324	0.06778	0.00726	0.00761	0.01044	0.00438	0.00450
10	0.02730	0.01884	0.02057	0.01585	0.02149	0.02042	0.01307	0.57098	0.03183	0.11928	0.02138	0.02076	0.04533	0.00921	0.00734	0.00220	0.00759	0.00705	0.00744	0.01207
11	0.00890	0.00669	0.00825	0.00931	0.01037	0.00604	0.00643	0.01048	0.01514	0.01967	0.09975	0.50703	0.22360	0.02099	0.00904	0.00277	0.00401	0.01865	0.00685	0.00604
12	0.00895	0.00652	0.00843	0.00976	0.01049	0.00601	0.00663	0.01045	0.01474	0.01954	0.09761	0.61451	0.11623	0.02167	0.00915	0.00285	0.00410	0.01950	0.00685	0.00601
13	0.01710	0.01592	0.02249	0.14169	0.02560	0.02051	0.04564	0.10637	0.04838	0.02233	0.01267	0.01777	0.01086	0.01191	0.03557	0.00307	0.42273	0.00663	0.00398	0.00878
14	0.01044	0.00758	0.01063	0.01063	0.01156	0.00851	0.00777	0.01230	0.01137	0.01609	0.02044	0.03390	0.02049	0.24855	0.52487	0.01038	0.01598	0.00857	0.00404	0.00590
15	0.01855	0.16002	0.37385	0.02021	0.06046	0.09352	0.05040	0.09780	0.01809	0.02406	0.01294	0.01502	0.00980	0.00700	0.00660	0.00211	0.01012	0.00537	0.00368	0.01043
16	0.01682	0.01352	0.01539	0.01178	0.01717	0.01191	0.00931	0.15972	0.01903	0.02755	0.01914	0.08662	0.04189	0.03185	0.00729	0.00174	0.00583	0.00696	0.00528	0.49121
17	0.02297	0.02396	0.01763	0.01581	0.01950	0.36937	0.01203	0.10442	0.10300	0.06561	0.02337	0.10037	0.06987	0.01056	0.00725	0.00217	0.00945	0.00809	0.00551	0.00907
18	0.02479	0.01870	0.02000	0.01588	0.02105	0.02083	0.01286	0.50990	0.16732	0.04102	0.02023	0.02098	0.01511	0.04652	0.00881	0.00249	0.00749	0.00709	0.00715	0.01178
19	0.02479	0.01842	0.01994	0.01592	0.02113	0.02050	0.01296	0.47514	0.18477	0.06290	0.02075	0.02045	0.01511	0.01108	0.03943	0.00268	0.00793	0.00702	0.00721	0.01190
20	0.02495	0.01903	0.02031	0.01618	0.02152	0.02129	0.01317	0.49632	0.21718	0.04149	0.02086	0.02017	0.01512	0.00904	0.00731	0.00226	0.00737	0.00701	0.00731	0.01212
21	0.00901	0.00650	0.00842	0.00977	0.01039	0.00604	0.00656	0.01039	0.01434	0.01907	0.08220	0.61843	0.09143	0.05760	0.01056	0.00308	0.00427	0.01934	0.00671	0.00591
22	0.01428	0.01187	0.01272	0.01226	0.01470	0.04327	0.00911	0.07204	0.23204	0.02598	0.12874	0.29562	0.06667	0.01554	0.00827	0.00257	0.00527	0.01356	0.00704	0.00846
23	0.00892	0.00649	0.00841	0.00979	0.01049	0.00599	0.00664	0.01038	0.01459	0.01932	0.08405	0.63246	0.11197	0.02186	0.00917	0.00286	0.00412	0.01968	0.00683	0.00599
24	0.02692	0.01897	0.02067	0.01608	0.02160	0.02074	0.01319	0.56901	0.06128	0.09847	0.01976	0.04551	0.01460	0.00932	0.00736	0.00223	0.00761	0.00721	0.00740	0.01208
25	0.01459	0.01241	0.01456	0.01072	0.01671	0.00940	0.00847	0.01767	0.01498	0.02329	0.01502	0.07112	0.01365	0.00673	0.00568	0.00122	0.00529	0.00557	0.00450	0.72841
26	0.01559	0.01509	0.02460	0.05238	0.06603	0.04166	0.20521	0.01895	0.01525	0.05133	0.02508	0.07422	0.12267	0.01343	0.04698	0.00307	0.18611	0.00944	0.00448	0.00844
27	0.01791	0.01616	0.08251	0.01319	0.01897	0.01332	0.01150	0.14032	0.08737	0.06641	0.01970	0.04161	0.03716	0.02730	0.03835	0.00231	0.00703	0.00653	0.00545	0.34692
28	0.01815	0.03797	0.01735	0.01449	0.01808	0.10614	0.01136	0.11104	0.17991	0.02565	0.02176	0.14914	0.02012	0.01123	0.00916	0.00227	0.09322	0.00879	0.00565	0.13853

[dist]
# distance from previous block
# <min> <max>
8	25

[block]
# block no. 3 follows, 28 sequences, length 30
# corresponding to MSA columns:
# 145-174
name=unknown_D
#
# <colnr> <probs for GDERKNQSTAVLIFYWHMCP>
#	G	D	E	R	K	N	Q	S	T	A	V	L	I	F	Y	W	H	M	C	P
0	0.01405	0.01317	0.02033	0.44730	0.03705	0.01676	0.01737	0.01871	0.05382	0.01902	0.01568	0.08720	0.01404	0.01019	0.01143	0.00266	0.18149	0.00789	0.00380	0.00805
1	0.02156	0.01645	0.01823	0.01409	0.01907	0.01709	0.01129	0.38552	0.02503	0.03457	0.01662	0.02070	0.01366	0.10436	0.01137	0.00257	0.03800	0.00647	0.00593	0.21742
2	0.00859	0.00736	0.00736	0.00736	0.00982	0.00614	0.00552	0.01043	0.01657	0.01964	0.07364	0.06996	0.69624	0.01841	0.00859	0.00245	0.00368	0.01534	0.00675	0.00614
3	0.02533	0.20959	0.02518	0.01678	0.02154	0.41178	0.01360	0.15101	0.02175	0.02299	0.01215	0.01358	0.00993	0.00741	0.00622	0.00185	0.01080	0.00484	0.00426	0.00941
4	0.00916	0.00651	0.00861	0.01018	0.01065	0.00614	0.00690	0.01047	0.01386	0.01844	0.03875	0.64864	0.04614	0.07375	0.01129	0.00327	0.00458	0.06025	0.00658	0.00585
5	0.02638	0.01974	0.02111	0.01647	0.02207	0.02196	0.01351	0.59164	0.11953	0.04379	0.01904	0.01872	0.01365	0.00887	0.00729	0.00222	0.00770	0.00676	0.00729	0.01225
6	0.51297	0.01815	0.01520	0.01293	0.01760	0.14102	0.04410	0.05368	0.01585	0.09200	0.01260	0.01389	0.00944	0.00714	0.00546	0.00219	0.00746	0.00474	0.00486	0.00869
7	0.02570	0.01940	0.02072	0.01633	0.02180	0.02164	0.01335	0.54596	0.16633	0.04269	0.01991	0.01941	0.01435	0.00896	0.00730	0.00224	0.00754	0.00688	0.00730	0.01219
8	0.01468	0.01250	0.01465	0.01073	0.01680	0.00945	0.00849	0.01778	0.01500	0.02336	0.01466	0.06146	0.01315	0.00650	0.00563	0.00120	0.00531	0.00535	0.00446	0.73885
9	0.01057	0.00705	0.00793	0.00793	0.00793	0.00705	0.00440	0.01057	0.01057	0.01409	0.02290	0.04757	0.02643	0.74454	0.03700	0.00705	0.00705	0.01057	0.00440	0.00440
10	0.01553	0.01488	0.02530	0.42670	0.24679	0.01676	0.06540	0.02124	0.05549	0.02120	0.01427	0.01943	0.01109	0.00710	0.00734	0.00235	0.00931	0.00672	0.00362	0.00946
11	0.01089	0.00783	0.00944	0.00885	0.01088	0.00698	0.00645	0.01332	0.01750	0.04556	0.35007	0.09437	0.20260	0.11543	0.01226	0.00293	0.00426	0.01296	0.00692	0.06050
12	0.02697	0.02003	0.02144	0.01659	0.02229	0.02223	0.01366	0.63100	0.07921	0.04475	0.01829	0.01812	0.01304	0.00880	0.00728	0.00220	0.00784	0.00666	0.00728	0.01230
13	0.02009	0.66129	0.07135	0.01290	0.01931	0.02690	0.01307	0.02277	0.01522	0.06470	0.01154	0.01275	0.00992	0.00645	0.00496	0.00164	0.00782	0.00420	0.00351	0.00961
14	0.13724	0.01905	0.06030	0.01526	0.02115	0.01918	0.01318	0.42763	0.02753	0.16117	0.01817	0.01783	0.01255	0.00838	0.00686	0.00221	0.00750	0.00624	0.00694	0.01163
15	0.02437	0.08565	0.02159	0.01539	0.02055	0.02122	0.01270	0.49955	0.07476	0.03880	0.01807	0.02009	0.01396	0.06117	0.03652	0.00285	0.00820	0.00674	0.00657	0.01125
16	0.01355	0.00678	0.00678	0.00678	0.00847	0.00678	0.00508	0.01694	0.01524	0.02710	0.02371	0.02710	0.01863	0.00847	0.00508	0.00169	0.00339	0.00678	0.78489	0.00678
17	0.02777	0.02076	0.02160	0.01670	0.02241	0.05349	0.01373	0.62567	0.03314	0.06522	0.01752	0.01748	0.01240	0.00868	0.00724	0.00217	0.00817	0.00648	0.00717	0.01218
18	0.01373	0.01292	0.02180	0.72707	0.05006	0.01615	0.02019	0.01857	0.01453	0.01857	0.01292	0.01938	0.00969	0.00727	0.00727	0.00242	0.00969	0.00646	0.00323	0.00807
19	0.00894	0.00636	0.00841	0.01001	0.01041	0.00596	0.00663	0.01014	0.01375	0.01833	0.03921	0.70538	0.04700	0.05865	0.01066	0.00316	0.00436	0.02016	0.00663	0.00583
20	0.02795	0.01985	0.02150	0.01648	0.02229	0.02178	0.01362	0.63402	0.03332	0.08796	0.01817	0.01792	0.01272	0.00874	0.00727	0.00219	0.00788	0.00659	0.00738	0.01236
21	0.01436	0.00843	0.01112	0.01065	0.01238	0.00823	0.00781	0.01630	0.01587	0.15125	0.15714	0.26966	0.06693	0.11297	0.06186	0.00381	0.04367	0.01353	0.00673	0.00729
22	0.00899	0.00643	0.00855	0.01003	0.01057	0.00599	0.00676	0.01045	0.01453	0.01953	0.10035	0.67673	0.04996	0.02205	0.00921	0.00289	0.00414	0.01997	0.00686	0.00599
23	0.01491	0.01546	0.05546	0.47434	0.16309	0.01700	0.05956	0.01964	0.01482	0.01990	0.01290	0.01869	0.01007	0.00747	0.00863	0.00243	0.06687	0.00653	0.00331	0.00891
24	0.01796	0.01492	0.01801	0.01312	0.01948	0.01299	0.04433	0.16408	0.01942	0.02857	0.01402	0.01584	0.01113	0.00616	0.00597	0.00139	0.00632	0.00502	0.00493	0.57633
25	0.01355	0.00678	0.00678	0.00678	0.00847	0.00678	0.00508	0.01694	0.01524	0.02710	0.02371	0.02710	0.01863	0.00847	0.00508	0.00169	0.00339	0.00678	0.78489	0.00678
26	0.02349	0.01761	0.01926	0.01495	0.02034	0.01856	0.01216	0.48978	0.02894	0.03945	0.04405	0.06834	0.01669	0.00935	0.00713	0.00205	0.00711	0.00738	0.00675	0.14661
27	0.05482	0.01295	0.01491	0.01094	0.01699	0.01040	0.00877	0.04392	0.01618	0.05253	0.04902	0.01743	0.01398	0.00622	0.00565	0.00129	0.00543	0.00495	0.00481	0.64883
28	0.01497	0.01248	0.01446	0.01117	0.01648	0.01041	0.00872	0.04681	0.07192	0.02453	0.03475	0.09242	0.01752	0.02890	0.00701	0.00163	0.00540	0.00681	0.00504	0.56857
29	0.02413	0.02593	0.01953	0.01710	0.02114	0.37233	0.01322	0.15323	0.17835	0.02612	0.01851	0.01902	0.03350	0.00881	0.00762	0.00214	0.03793	0.00625	0.00534	0.00981

[dist]
# distance from previous block
# <min> <max>
0	2

[block]
# block no. 4 follows, 28 sequences, length 30
# corresponding to MSA columns:
# 177-206
name=unknown_E
#
# <colnr> <probs for GDERKNQSTAVLIFYWHMCP>
#	G	D	E	R	K	N	Q	S	T	A	V	L	I	F	Y	W	H	M	C	P
0	0.00886	0.00633	0.00843	0.01012	0.01054	0.00590	0.00675	0.01012	0.01392	0.01856	0.04006	0.73979	0.04808	0.02277	0.00928	0.00295	0.00422	0.02066	0.00675	0.00590
1	0.01616	0.01356	0.01566	0.01128	0.01769	0.01080	0.00906	0.07500	0.01672	0.02560	0.01331	0.01528	0.01090	0.00567	0.00555	0.00117	0.00561	0.00450	0.00456	0.72192
2	0.02715	0.03464	0.02060	0.01873	0.02247	0.71536	0.01404	0.02903	0.02060	0.01779	0.01124	0.01311	0.00936	0.00749	0.00655	0.00187	0.01311	0.00468	0.00375	0.00843
3	0.01355	0.00678	0.00678	0.00678	0.00847	0.00678	0.00508	0.01694	0.01524	0.02710	0.02371	0.02710	0.01863	0.00847	0.00508	0.00169	0.00339	0.00678	0.78489	0.00678
4	0.02692	0.08327	0.02322	0.01635	0.02221	0.02308	0.01370	0.61855	0.03250	0.04333	0.01682	0.01695	0.01210	0.00851	0.00705	0.00213	0.00798	0.00632	0.00691	0.01210
5	0.01556	0.01504	0.02304	0.16746	0.02704	0.01888	0.09144	0.05743	0.01436	0.02027	0.01627	0.05601	0.04853	0.01138	0.01608	0.00283	0.37843	0.00784	0.00386	0.00826
6	0.01355	0.00678	0.00678	0.00678	0.00847	0.00678	0.00508	0.01694	0.01524	0.02710	0.02371	0.02710	0.01863	0.00847	0.00508	0.00169	0.00339	0.00678	0.78489	0.00678
7	0.01803	0.01374	0.01625	0.01223	0.01785	0.01208	0.00984	0.10760	0.01784	0.08481	0.01597	0.05067	0.01330	0.00741	0.00711	0.00154	0.04967	0.00577	0.00516	0.53311
8	0.01365	0.00806	0.01178	0.01119	0.01210	0.00826	0.02838	0.05982	0.01240	0.01658	0.01605	0.02807	0.01582	0.02469	0.06598	0.58024	0.00746	0.07100	0.00388	0.00460
9	0.01606	0.12396	0.38225	0.02255	0.03110	0.01918	0.21958	0.02264	0.01559	0.02203	0.01298	0.01618	0.00979	0.00689	0.00802	0.00230	0.04932	0.00620	0.00326	0.01013
10	0.01355	0.00678	0.00678	0.00678	0.00847	0.00678	0.00508	0.01694	0.01524	0.02710	0.02371	0.02710	0.01863	0.00847	0.00508	0.00169	0.00339	0.00678	0.78489	0.00678
11	0.10777	0.01701	0.02469	0.15161	0.39357	0.04886	0.01899	0.05639	0.01645	0.02434	0.01292	0.01711	0.01059	0.00727	0.00810	0.00228	0.06200	0.00610	0.00381	0.01016
12	0.00888	0.00652	0.00835	0.00970	0.01046	0.00598	0.00658	0.01033	0.01458	0.01918	0.07409	0.61703	0.13801	0.02182	0.00915	0.00285	0.00411	0.01960	0.00680	0.00598
13	0.00928	0.00766	0.00820	0.00828	0.01048	0.00679	0.00612	0.01215	0.05075	0.02098	0.12814	0.15377	0.51546	0.01819	0.00862	0.00250	0.00383	0.01546	0.00691	0.00645
14	0.01795	0.01738	0.03016	0.04394	0.66704	0.01733	0.05394	0.02236	0.01658	0.02373	0.01372	0.01807	0.01149	0.00646	0.00726	0.00217	0.00881	0.00658	0.00360	0.01143
15	0.02513	0.03015	0.02089	0.01953	0.05220	0.53908	0.01438	0.05985	0.06941	0.02033	0.01286	0.01481	0.01057	0.00813	0.00817	0.00206	0.07413	0.00526	0.00413	0.00894
16	0.01507	0.01292	0.01507	0.01077	0.01723	0.00969	0.00861	0.01830	0.01507	0.02369	0.01292	0.01507	0.01077	0.00538	0.00538	0.00108	0.00538	0.00431	0.00431	0.78898
17	0.11563	0.00981	0.01112	0.01068	0.01301	0.00994	0.00797	0.10288	0.01831	0.05884	0.16943	0.32674	0.08550	0.01621	0.00810	0.00255	0.00480	0.01404	0.00689	0.00755
18	0.01741	0.01981	0.07149	0.15796	0.16004	0.08353	0.24390	0.03901	0.01668	0.02199	0.01418	0.03902	0.01161	0.00762	0.00890	0.00239	0.06384	0.00737	0.00370	0.00955
19	0.00879	0.00658	0.00818	0.00945	0.01037	0.00596	0.00645	0.01020	0.01456	0.01882	0.04820	0.57757	0.20506	0.02172	0.00911	0.00283	0.00409	0.01938	0.00675	0.00596
20	0.00918	0.00664	0.00838	0.00944	0.01017	0.00617	0.00633	0.01056	0.01444	0.01915	0.10532	0.51187	0.11963	0.11186	0.01260	0.00334	0.00444	0.01808	0.00658	0.00584
21	0.01596	0.01558	0.02174	0.01804	0.01967	0.01981	0.04564	0.01918	0.05289	0.01954	0.01154	0.01662	0.01057	0.01106	0.01917	0.00277	0.53693	0.00625	0.00364	0.13337
22	0.33648	0.28896	0.10742	0.01281	0.01874	0.05602	0.01250	0.05542	0.01514	0.02566	0.01090	0.01254	0.00888	0.00671	0.00510	0.00198	0.00754	0.00426	0.00392	0.00902
23	0.01355	0.00678	0.00678	0.00678	0.00847	0.00678	0.00508	0.01694	0.01524	0.02710	0.02371	0.02710	0.01863	0.00847	0.00508	0.00169	0.00339	0.00678	0.78489	0.00678
24	0.46033	0.01770	0.13665	0.10821	0.02222	0.01557	0.01309	0.02209	0.01418	0.08180	0.03964	0.01616	0.01156	0.00734	0.00568	0.00228	0.00704	0.00516	0.00457	0.00873
25	0.02139	0.01614	0.01783	0.01397	0.01901	0.01657	0.01120	0.39828	0.02611	0.03589	0.04896	0.08438	0.01831	0.04248	0.00839	0.00221	0.00679	0.00774	0.00642	0.19793
26	0.01753	0.01531	0.04889	0.13445	0.02457	0.01592	0.04579	0.09013	0.29409	0.06299	0.02514	0.02705	0.05198	0.05551	0.03727	0.00302	0.00771	0.00800	0.00597	0.02869
27	0.01523	0.01479	0.02140	0.20939	0.02726	0.01932	0.01631	0.01787	0.01246	0.01842	0.01080	0.01676	0.00971	0.01049	0.01747	0.00276	0.46155	0.00618	0.00331	0.08853
28	0.15550	0.01519	0.02154	0.10306	0.02407	0.01795	0.09990	0.05138	0.01440	0.04447	0.01319	0.04505	0.01148	0.00964	0.01302	0.00257	0.27588	0.00667	0.00410	0.07094
29	0.01871	0.01412	0.01598	0.04124	0.01820	0.01463	0.01037	0.29654	0.04324	0.03069	0.02147	0.14008	0.02046	0.13390	0.01227	0.00295	0.00677	0.00918	0.00604	0.14315

[dist]
# distance from previous block
# <min> <max>
0	3

[block]
# block no. 5 follows, 28 sequences, length 16
# corresponding to MSA columns:
# 210-225
name=unknown_F
#
# <colnr> <probs for GDERKNQSTAVLIFYWHMCP>
#	G	D	E	R	K	N	Q	S	T	A	V	L	I	F	Y	W	H	M	C	P
0	0.02616	0.01953	0.02101	0.01615	0.02194	0.02128	0.01328	0.59126	0.06361	0.04328	0.01766	0.01772	0.01270	0.00851	0.00712	0.00211	0.00768	0.00644	0.00704	0.07554
1	0.09063	0.24114	0.28888	0.01761	0.02531	0.05085	0.08656	0.02391	0.03851	0.05460	0.01331	0.01513	0.01018	0.00683	0.00622	0.00208	0.00927	0.00529	0.00374	0.00996
2	0.01725	0.02205	0.15363	0.02569	0.03342	0.01747	0.43835	0.07090	0.01787	0.02495	0.01442	0.01821	0.01078	0.00637	0.00784	0.00225	0.01092	0.00740	0.00391	0.09633
3	0.51472	0.04122	0.01446	0.11039	0.02015	0.01629	0.01021	0.05956	0.01440	0.02975	0.01130	0.01360	0.00881	0.00675	0.00517	0.00210	0.00638	0.00449	0.00441	0.10584
4	0.01355	0.00678	0.00678	0.00678	0.00847	0.00678	0.00508	0.01694	0.01524	0.02710	0.02371	0.02710	0.01863	0.00847	0.00508	0.00169	0.00339	0.00678	0.78489	0.00678
5	0.01654	0.01863	0.04034	0.02912	0.03596	0.01746	0.62352	0.02231	0.01692	0.02293	0.01658	0.07289	0.01377	0.00736	0.00863	0.00249	0.01166	0.00947	0.00390	0.00952
6	0.19271	0.01773	0.06854	0.01389	0.01963	0.01707	0.01205	0.23123	0.12003	0.08666	0.01743	0.01766	0.01277	0.00780	0.00635	0.00207	0.00678	0.00582	0.00602	0.13776
7	0.01907	0.69549	0.08832	0.01306	0.01962	0.02787	0.01352	0.02186	0.01481	0.01755	0.01033	0.01194	0.00932	0.00627	0.00483	0.00161	0.00800	0.00400	0.00311	0.00943
8	0.00949	0.00725	0.00861	0.00856	0.01031	0.00648	0.00625	0.01191	0.01781	0.02363	0.35325	0.14802	0.29455	0.04915	0.00992	0.00264	0.00378	0.01481	0.00722	0.00636
9	0.00886	0.00633	0.00843	0.01012	0.01054	0.00590	0.00675	0.01012	0.01392	0.01856	0.04006	0.73979	0.04808	0.02277	0.00928	0.00295	0.00422	0.02066	0.00675	0.00590
10	0.63588	0.01782	0.11085	0.01160	0.01708	0.01678	0.01096	0.06276	0.01417	0.03207	0.01100	0.01267	0.00835	0.00689	0.00502	0.00225	0.00650	0.00431	0.00447	0.00857
11	0.01048	0.00739	0.00966	0.00966	0.01026	0.00799	0.00656	0.01168	0.01108	0.01538	0.02132	0.03881	0.02262	0.42653	0.34981	0.00918	0.01277	0.00929	0.00417	0.00537
12	0.00895	0.00640	0.00852	0.01006	0.01056	0.00597	0.00676	0.01037	0.01437	0.01927	0.08447	0.69334	0.04947	0.02224	0.00923	0.00291	0.00416	0.02016	0.00683	0.00597
13	0.01900	0.46281	0.07146	0.01842	0.02504	0.06613	0.20194	0.02269	0.01583	0.01920	0.01163	0.01420	0.00981	0.00630	0.00601	0.00187	0.00952	0.00535	0.00331	0.00948
14	0.05899	0.16514	0.08671	0.08954	0.04858	0.17962	0.15696	0.08927	0.01853	0.02309	0.01272	0.01555	0.01003	0.00694	0.00671	0.00208	0.01034	0.00580	0.00389	0.00952
15	0.01001	0.00712	0.00799	0.00807	0.00872	0.00687	0.00499	0.01062	0.01219	0.01573	0.03543	0.08724	0.18305	0.50850	0.05873	0.00597	0.00666	0.01207	0.00505	0.00498

[dist]
# distance from previous block
# <min> <max>
0	1

[block]
# block no. 6 follows, 28 sequences, length 11
# corresponding to MSA columns:
# 227-237
name=unknown_G
#
# <colnr> <probs for GDERKNQSTAVLIFYWHMCP>
#	G	D	E	R	K	N	Q	S	T	A	V	L	I	F	Y	W	H	M	C	P
0	0.01046	0.00830	0.00954	0.01063	0.01157	0.03304	0.00727	0.01347	0.07573	0.01940	0.03835	0.58148	0.06811	0.06301	0.01060	0.00309	0.00483	0.01814	0.00656	0.00643
1	0.01754	0.01729	0.02581	0.19371	0.30741	0.06269	0.08052	0.02521	0.14932	0.02344	0.01660	0.01996	0.01303	0.00736	0.00734	0.00229	0.00894	0.00690	0.00428	0.01035
2	0.01158	0.00838	0.01104	0.01261	0.05602	0.00841	0.00846	0.01407	0.05139	0.01910	0.06752	0.17021	0.03436	0.26359	0.01972	0.05277	0.00625	0.17272	0.00563	0.00616
3	0.79588	0.01406	0.01068	0.00956	0.01406	0.01631	0.00787	0.02137	0.01237	0.03261	0.01012	0.01181	0.00787	0.00675	0.00450	0.00225	0.00562	0.00394	0.00450	0.00787
4	0.00927	0.00712	0.00781	0.00805	0.00947	0.00639	0.00548	0.01060	0.01471	0.01845	0.08748	0.16902	0.37572	0.21887	0.01652	0.00379	0.00468	0.01475	0.00617	0.00566
5	0.01573	0.02885	0.39058	0.02475	0.03346	0.01782	0.29506	0.02281	0.01585	0.02281	0.01353	0.01715	0.00999	0.00692	0.00859	0.00242	0.05342	0.00676	0.00333	0.01019
6	0.01001	0.00722	0.00947	0.00933	0.01080	0.00668	0.00684	0.01303	0.01930	0.02713	0.57015	0.18528	0.06467	0.01637	0.00871	0.00241	0.00358	0.01458	0.00776	0.00668
7	0.01523	0.14243	0.53150	0.01942	0.02881	0.01823	0.06014	0.02235	0.01564	0.02246	0.04873	0.01709	0.01247	0.00718	0.00675	0.00220	0.00999	0.00574	0.00337	0.01027
8	0.01192	0.00672	0.00986	0.00986	0.01017	0.00703	0.00680	0.01039	0.01009	0.01375	0.01512	0.02579	0.01511	0.09341	0.19125	0.53874	0.00948	0.00702	0.00344	0.00405
9	0.01883	0.61273	0.09348	0.01429	0.02085	0.02667	0.05153	0.02275	0.04662	0.01858	0.01154	0.01316	0.01002	0.00644	0.00521	0.00171	0.00818	0.00449	0.00334	0.00958
10	0.01574	0.02965	0.41728	0.02573	0.06733	0.01748	0.27544	0.02309	0.01610	0.02316	0.01372	0.01712	0.01002	0.00658	0.00756	0.00235	0.01122	0.00666	0.00333	0.01042

[dist]
# distance from previous block
# <min> <max>
0	10

[block]
# block no. 7 follows, 28 sequences, length 13
# corresponding to MSA columns:
# 248-260
name=unknown_H
#
# <colnr> <probs for GDERKNQSTAVLIFYWHMCP>
#	G	D	E	R	K	N	Q	S	T	A	V	L	I	F	Y	W	H	M	C	P
0	0.01770	0.09233	0.03895	0.08402	0.07013	0.01941	0.48689	0.05671	0.01757	0.02349	0.01419	0.01860	0.01085	0.00638	0.00794	0.00233	0.01119	0.00772	0.00377	0.00984
1	0.01943	0.74891	0.03809	0.01244	0.01866	0.02876	0.01244	0.02177	0.01477	0.01710	0.01011	0.01166	0.00933	0.00622	0.00466	0.00155	0.00777	0.00389	0.00311	0.00933
2	0.02065	0.01538	0.01725	0.01352	0.01867	0.01539	0.01088	0.30919	0.06448	0.06180	0.08686	0.06608	0.02058	0.00931	0.00698	0.00193	0.00632	0.00755	0.00651	0.24066
3	0.01023	0.00764	0.01136	0.01153	0.01274	0.00877	0.00885	0.01269	0.01191	0.01704	0.02154	0.10007	0.02118	0.05133	0.64470	0.01080	0.01794	0.00908	0.00418	0.00643
4	0.01057	0.00705	0.00793	0.00793	0.00793	0.00705	0.00440	0.01057	0.01057	0.01409	0.02290	0.04757	0.02643	0.74454	0.03700	0.00705	0.00705	0.01057	0.00440	0.00440
5	0.02229	0.01703	0.02065	0.01641	0.02150	0.01836	0.07839	0.31406	0.21682	0.08260	0.05110	0.02576	0.06186	0.00967	0.00758	0.00232	0.00720	0.00811	0.00706	0.01125
6	0.02335	0.02235	0.02381	0.09075	0.22746	0.19467	0.01700	0.25700	0.02369	0.02966	0.01434	0.01670	0.01111	0.00761	0.00707	0.00212	0.00963	0.00605	0.00491	0.01072
7	0.01355	0.00678	0.00678	0.00678	0.00847	0.00678	0.00508	0.01694	0.01524	0.02710	0.02371	0.02710	0.01863	0.00847	0.00508	0.00169	0.00339	0.00678	0.78489	0.00678
8	0.05889	0.01899	0.02363	0.23888	0.19456	0.13756	0.05684	0.07341	0.08251	0.02390	0.01473	0.01819	0.01147	0.00738	0.00708	0.00224	0.00946	0.00633	0.00421	0.00972
9	0.01958	0.42974	0.07586	0.01333	0.01893	0.04733	0.01265	0.02478	0.10509	0.08983	0.04688	0.05524	0.01657	0.00833	0.00593	0.00192	0.00736	0.00623	0.00471	0.00970
10	0.01355	0.00678	0.00678	0.00678	0.00847	0.00678	0.00508	0.01694	0.01524	0.02710	0.02371	0.02710	0.01863	0.00847	0.00508	0.00169	0.00339	0.00678	0.78489	0.00678
11	0.01504	0.01778	0.10306	0.28931	0.14581	0.05714	0.10554	0.01971	0.01579	0.02060	0.01987	0.07521	0.06588	0.00896	0.00760	0.00238	0.00932	0.00824	0.00389	0.00889
12	0.02525	0.01444	0.01647	0.01327	0.01798	0.04214	0.01071	0.20463	0.04958	0.31769	0.08849	0.05188	0.09293	0.01083	0.00758	0.00227	0.00638	0.00880	0.00786	0.01083

[dist]
# distance from previous block
# <min> <max>
0	1

[block]
# block no. 8 follows, 28 sequences, length 21
# corresponding to MSA columns:
# 262-282
name=unknown_I
#
# <colnr> <probs for GDERKNQSTAVLIFYWHMCP>
#	G	D	E	R	K	N	Q	S	T	A	V	L	I	F	Y	W	H	M	C	P
0	0.02448	0.02821	0.02335	0.02624	0.22342	0.44611	0.01648	0.08480	0.02061	0.02207	0.01252	0.01495	0.01027	0.00730	0.00681	0.00199	0.01132	0.00538	0.00402	0.00970
1	0.05224	0.03018	0.02164	0.02193	0.11872	0.52986	0.01499	0.08557	0.02095	0.02165	0.01210	0.01415	0.00989	0.00743	0.00664	0.00195	0.01176	0.00508	0.00407	0.00920
2	0.79588	0.01406	0.01068	0.00956	0.01406	0.01631	0.00787	0.02137	0.01237	0.03261	0.01012	0.01181	0.00787	0.00675	0.00450	0.00225	0.00562	0.00394	0.00450	0.00787
3	0.01205	0.00859	0.01023	0.00965	0.01178	0.00826	0.00715	0.01681	0.10026	0.06150	0.35935	0.09325	0.17618	0.07943	0.01091	0.00280	0.00428	0.01288	0.00735	0.00731
4	0.01355	0.00678	0.00678	0.00678	0.00847	0.00678	0.00508	0.01694	0.01524	0.02710	0.02371	0.02710	0.01863	0.00847	0.00508	0.00169	0.00339	0.00678	0.78489	0.00678
5	0.79588	0.01406	0.01068	0.00956	0.01406	0.01631	0.00787	0.02137	0.01237	0.03261	0.01012	0.01181	0.00787	0.00675	0.00450	0.00225	0.00562	0.00394	0.00450	0.00787
6	0.01056	0.00710	0.00821	0.00821	0.00831	0.00720	0.00476	0.01075	0.01065	0.01430	0.02264	0.04614	0.02581	0.69255	0.08814	0.00740	0.00798	0.01036	0.00437	0.00456
7	0.02715	0.03464	0.02060	0.01873	0.02247	0.71536	0.01404	0.02903	0.02060	0.01779	0.01124	0.01311	0.00936	0.00749	0.00655	0.00187	0.01311	0.00468	0.00375	0.00843
8	0.02630	0.02081	0.05367	0.01677	0.02269	0.02194	0.01426	0.59631	0.08241	0.04358	0.01816	0.01808	0.01295	0.00873	0.00726	0.00221	0.00796	0.00662	0.00708	0.01222
9	0.02507	0.01909	0.02037	0.01621	0.02157	0.02135	0.01320	0.50451	0.20879	0.04169	0.02070	0.02004	0.01499	0.00903	0.00731	0.00226	0.00740	0.00699	0.00731	0.01213
10	0.01897	0.38971	0.03028	0.01544	0.01924	0.02560	0.01391	0.09062	0.01547	0.02035	0.01068	0.01391	0.00974	0.00898	0.01229	0.00224	0.28472	0.00512	0.00359	0.00913
11	0.01530	0.01364	0.01808	0.01291	0.01947	0.01063	0.08029	0.01884	0.01530	0.02364	0.01311	0.01556	0.01079	0.00546	0.00573	0.00122	0.00612	0.00477	0.00424	0.70489
12	0.02011	0.09875	0.15491	0.07057	0.18284	0.27206	0.01832	0.02401	0.01736	0.02020	0.01352	0.04947	0.01169	0.00773	0.00676	0.00208	0.01044	0.00603	0.00363	0.00953
13	0.01800	0.01840	0.03063	0.08513	0.45775	0.05984	0.14388	0.02242	0.01652	0.02265	0.01347	0.01799	0.01108	0.00682	0.00821	0.00226	0.04399	0.00676	0.00358	0.01060
14	0.01662	0.10768	0.04589	0.03756	0.06742	0.01504	0.08703	0.05063	0.01613	0.02348	0.01293	0.01563	0.01062	0.00615	0.00659	0.00157	0.03113	0.00516	0.00407	0.43868
15	0.01057	0.00705	0.00793	0.00793	0.00793	0.00705	0.00440	0.01057	0.01057	0.01409	0.02290	0.04757	0.02643	0.74454	0.03700	0.00705	0.00705	0.01057	0.00440	0.00440
16	0.00876	0.00670	0.00805	0.00913	0.01028	0.00599	0.00631	0.01023	0.01487	0.01894	0.05213	0.49899	0.28109	0.02120	0.00903	0.00277	0.00402	0.01875	0.00675	0.00599
17	0.01355	0.00678	0.00678	0.00678	0.00847	0.00678	0.00508	0.01694	0.01524	0.02710	0.02371	0.02710	0.01863	0.00847	0.00508	0.00169	0.00339	0.00678	0.78489	0.00678
18	0.01042	0.00704	0.00822	0.00836	0.00848	0.00709	0.00491	0.01070	0.01092	0.01464	0.02406	0.10245	0.02763	0.63954	0.08043	0.00703	0.00765	0.01120	0.00456	0.00467
19	0.03852	0.01451	0.03930	0.23365	0.02976	0.01524	0.08508	0.04212	0.01487	0.02155	0.01395	0.04034	0.01186	0.01122	0.05717	0.00284	0.12116	0.00658	0.00386	0.19640
20	0.02033	0.01736	0.05049	0.01711	0.07986	0.06254	0.01277	0.21845	0.11839	0.06948	0.02074	0.08084	0.01761	0.05601	0.04261	0.00290	0.00800	0.00789	0.00595	0.09067

[dist]
# distance from previous block
# <min> <max>
7	18

[block]
# block no. 9 follows, 28 sequences, length 12
# corresponding to MSA columns:
# 303-314
name=unknown_J
#
# <colnr> <probs for GDERKNQSTAVLIFYWHMCP>
#	G	D	E	R	K	N	Q	S	T	A	V	L	I	F	Y	W	H	M	C	P
0	0.02235	0.02658	0.02080	0.02142	0.11320	0.44458	0.01469	0.02445	0.01796	0.01864	0.01431	0.08963	0.01370	0.00971	0.00946	0.00222	0.11699	0.00683	0.00395	0.00852
1	0.01621	0.01606	0.02422	0.36133	0.24769	0.05983	0.01983	0.02022	0.01502	0.01999	0.01254	0.01803	0.01022	0.00787	0.00974	0.00242	0.11991	0.00634	0.00337	0.00916
2	0.00956	0.00743	0.00876	0.00886	0.01083	0.00663	0.00678	0.01210	0.01784	0.02318	0.28802	0.10933	0.35720	0.01762	0.00879	0.00253	0.00397	0.08693	0.00719	0.00644
3	0.02311	0.01318	0.05314	0.01279	0.01741	0.01155	0.01079	0.02995	0.15409	0.36213	0.19496	0.03210	0.03102	0.01052	0.00762	0.00230	0.00566	0.00885	0.00810	0.01073
4	0.01155	0.00786	0.00971	0.00992	0.01190	0.00718	0.00774	0.01395	0.01698	0.07043	0.16655	0.13667	0.26036	0.06336	0.01071	0.00297	0.00484	0.17365	0.00697	0.00672
5	0.00947	0.00667	0.00868	0.01005	0.01052	0.00637	0.00683	0.01072	0.01359	0.01806	0.03670	0.54240	0.04339	0.15711	0.01453	0.00376	0.00500	0.08415	0.00630	0.00571
6	0.02266	0.01538	0.01684	0.01369	0.01808	0.01676	0.01108	0.36930	0.09508	0.08612	0.02106	0.02192	0.01560	0.01209	0.05752	0.00279	0.00744	0.00691	0.17907	0.01062
7	0.01630	0.01239	0.01400	0.01291	0.01597	0.01313	0.01015	0.21838	0.11682	0.02921	0.03606	0.22810	0.12206	0.01563	0.00841	0.00264	0.00588	0.10614	0.00699	0.00883
8	0.01300	0.00856	0.01040	0.00957	0.01201	0.00786	0.00728	0.05196	0.01973	0.09672	0.36575	0.11145	0.22677	0.01553	0.00843	0.00238	0.00411	0.01339	0.00762	0.00747
9	0.00992	0.00711	0.00779	0.00787	0.00860	0.00673	0.00484	0.01051	0.01247	0.01591	0.03844	0.08678	0.22192	0.49961	0.02744	0.00552	0.00594	0.01243	0.00520	0.00498
10	0.06376	0.01078	0.01331	0.01168	0.01525	0.01031	0.00907	0.04395	0.08849	0.30408	0.09490	0.20843	0.06809	0.01348	0.00785	0.00246	0.00527	0.01154	0.00775	0.00955
11	0.01104	0.00796	0.00948	0.00970	0.01090	0.00775	0.00676	0.05961	0.01573	0.02082	0.11251	0.27686	0.12807	0.22806	0.01700	0.00396	0.00531	0.05610	0.00625	0.00614

[dist]
# distance from previous block
# <min> <max>
0	1

[block]
# block no. 10 follows, 28 sequences, length 7
# corresponding to MSA columns:
# 316-322
name=unknown_K
#
# <colnr> <probs for GDERKNQSTAVLIFYWHMCP>
#	G	D	E	R	K	N	Q	S	T	A	V	L	I	F	Y	W	H	M	C	P
0	0.01565	0.01200	0.01352	0.01255	0.01568	0.01296	0.00966	0.02777	0.37289	0.07171	0.15437	0.12336	0.07726	0.01321	0.00801	0.00251	0.00508	0.03483	0.00746	0.00952
1	0.01543	0.00859	0.00878	0.00810	0.01035	0.00888	0.00625	0.10487	0.01777	0.02960	0.02288	0.02581	0.01779	0.00850	0.00537	0.00176	0.00400	0.00674	0.68097	0.00752
2	0.00957	0.00681	0.00816	0.00884	0.00944	0.00644	0.00567	0.01054	0.01333	0.01754	0.07403	0.34104	0.12811	0.30395	0.01998	0.00445	0.00521	0.01559	0.00590	0.00540
3	0.00935	0.00668	0.00842	0.00961	0.01019	0.00630	0.00643	0.01052	0.01359	0.01789	0.03917	0.50151	0.09724	0.17402	0.01509	0.00379	0.00491	0.05339	0.00625	0.00565
4	0.00959	0.00688	0.00867	0.00947	0.01055	0.00638	0.00670	0.01156	0.01578	0.02137	0.18803	0.39747	0.13360	0.05647	0.01030	0.00292	0.00422	0.05267	0.04121	0.00615
5	0.01456	0.00825	0.01040	0.00966	0.01196	0.00740	0.00715	0.01682	0.01769	0.16930	0.25138	0.16632	0.17047	0.09156	0.01138	0.00292	0.00458	0.01332	0.00739	0.00749
6	0.01123	0.00763	0.00859	0.00835	0.01027	0.00677	0.00592	0.01283	0.01571	0.07628	0.11396	0.11465	0.37484	0.18311	0.01501	0.00351	0.00468	0.01382	0.00652	0.00631

[dist]
# distance from previous block
# <min> <max>
0	3

[block]
# block no. 11 follows, 28 sequences, length 9
# corresponding to MSA columns:
# 326-334
name=unknown_L
#
# <colnr> <probs for GDERKNQSTAVLIFYWHMCP>
#	G	D	E	R	K	N	Q	S	T	A	V	L	I	F	Y	W	H	M	C	P
0	0.01647	0.01175	0.01359	0.01220	0.01527	0.01250	0.00938	0.09775	0.22039	0.09070	0.13596	0.09559	0.08377	0.06222	0.08534	0.00369	0.00693	0.01045	0.00696	0.00907
1	0.02042	0.00995	0.01300	0.01134	0.01431	0.00939	0.00864	0.05170	0.01728	0.30756	0.06867	0.11526	0.02705	0.17798	0.08591	0.00438	0.00743	0.03400	0.00699	0.00873
2	0.01165	0.00788	0.00883	0.00831	0.01072	0.00684	0.00618	0.01366	0.01705	0.09379	0.16637	0.06015	0.44858	0.09407	0.01147	0.00289	0.00427	0.01361	0.00695	0.00674
3	0.01192	0.00833	0.00961	0.00938	0.01021	0.00850	0.00606	0.07783	0.01383	0.01844	0.02712	0.16189	0.05522	0.47956	0.06623	0.00593	0.00722	0.01191	0.00516	0.00565
4	0.01373	0.01292	0.02180	0.72707	0.05006	0.01615	0.02019	0.01857	0.01453	0.01857	0.01292	0.01938	0.00969	0.00727	0.00727	0.00242	0.00969	0.00646	0.00323	0.00807
5	0.02650	0.02062	0.02137	0.08855	0.02506	0.09517	0.01428	0.49833	0.02988	0.08247	0.01705	0.01765	0.01213	0.00846	0.00720	0.00218	0.00860	0.00639	0.00660	0.01151
6	0.01608	0.01378	0.02145	0.45916	0.15475	0.04225	0.01822	0.01973	0.01498	0.06266	0.01396	0.01953	0.01084	0.00917	0.00949	0.08636	0.00906	0.00643	0.00367	0.00843
7	0.05556	0.03864	0.02507	0.27715	0.31197	0.01714	0.03904	0.04983	0.01591	0.02245	0.01314	0.01811	0.01063	0.00789	0.00853	0.03754	0.03189	0.00632	0.00363	0.00955
8	0.03466	0.01277	0.01434	0.01641	0.12492	0.08141	0.01027	0.05860	0.01678	0.06389	0.03406	0.20267	0.15961	0.10492	0.02914	0.00322	0.00686	0.01195	0.00569	0.00782

[dist]
# distance from previous block
# <min> <max>
0	5

[block]
# block no. 12 follows, 28 sequences, length 71
# corresponding to MSA columns:
# 340-410
name=unknown_M
#
# <colnr> <probs for GDERKNQSTAVLIFYWHMCP>
#	G	D	E	R	K	N	Q	S	T	A	V	L	I	F	Y	W	H	M	C	P
0	0.13578	0.03958	0.01871	0.01420	0.01914	0.01382	0.08422	0.09727	0.04165	0.24702	0.10144	0.02823	0.04227	0.00959	0.00718	0.00226	0.00662	0.03861	0.00678	0.04563
1	0.02246	0.02099	0.04147	0.01587	0.02069	0.18982	0.03850	0.19785	0.12027	0.08053	0.02361	0.04828	0.07348	0.00954	0.00721	0.00214	0.00837	0.00753	0.00599	0.06542
2	0.01375	0.02850	0.46737	0.01946	0.02767	0.01473	0.10501	0.02051	0.01590	0.02298	0.07445	0.09618	0.04256	0.00951	0.00756	0.00239	0.00941	0.00836	0.00406	0.00964
3	0.01468	0.03412	0.59763	0.02134	0.03127	0.01659	0.10095	0.02262	0.01580	0.02333	0.04469	0.01764	0.01216	0.00718	0.00718	0.00232	0.01058	0.00610	0.00337	0.01045
4	0.01943	0.74891	0.03809	0.01244	0.01866	0.02876	0.01244	0.02177	0.01477	0.01710	0.01011	0.01166	0.00933	0.00622	0.00466	0.00155	0.00777	0.00389	0.00311	0.00933
5	0.01578	0.01290	0.01515	0.01085	0.01728	0.00973	0.00870	0.01899	0.01530	0.05103	0.01355	0.01546	0.01106	0.00553	0.00546	0.00112	0.00542	0.00443	0.00450	0.75777
6	0.02188	0.01519	0.01649	0.01440	0.01877	0.04372	0.01141	0.03628	0.45563	0.20307	0.02904	0.02859	0.02154	0.01004	0.00747	0.00243	0.00621	0.03884	0.00763	0.01137
7	0.01885	0.01257	0.01416	0.01242	0.01635	0.01311	0.00974	0.03024	0.34773	0.18124	0.08581	0.03746	0.16538	0.01181	0.00771	0.00240	0.00525	0.00985	0.00767	0.01025
8	0.00977	0.00792	0.01147	0.01117	0.01287	0.00722	0.06559	0.01195	0.01589	0.02096	0.15327	0.41476	0.19150	0.01903	0.00895	0.00269	0.00468	0.01718	0.00668	0.00646
9	0.01052	0.00723	0.00888	0.00888	0.00920	0.00756	0.00559	0.01118	0.01085	0.01480	0.02204	0.04277	0.02434	0.57035	0.20834	0.00822	0.01018	0.00987	0.00428	0.00493
10	0.00886	0.00633	0.00843	0.01012	0.01054	0.00590	0.00675	0.01012	0.01392	0.01856	0.04006	0.73979	0.04808	0.02277	0.00928	0.00295	0.00422	0.02066	0.00675	0.00590
11	0.01568	0.01522	0.02370	0.30163	0.03308	0.01954	0.06976	0.04869	0.01403	0.01969	0.01166	0.01765	0.00985	0.00984	0.01527	0.00277	0.35358	0.00659	0.00343	0.00835
