[name]
unknown

[dist]
# distance from previous block
# <min> <max>
2	26

[block]
# block no. 0 follows, 28 sequences, length 11
# corresponding to MSA columns:
# 27-37
name=unknown_A
#
# <colnr> <probs for GDERKNQSTAVLIFYWHMCP>
#	G	D	E	R	K	N	Q	S	T	A	V	L	I	F	Y	W	H	M	C	P
0	0.01156	0.00960	0.01290	0.01189	0.01425	0.00918	0.03482	0.01388	0.01506	0.02100	0.08989	0.30670	0.09860	0.01605	0.00984	0.00248	0.07903	0.06336	0.00584	0.17408
1	0.01586	0.06153	0.23586	0.02068	0.02772	0.01719	0.20116	0.02119	0.01514	0.02210	0.01281	0.01637	0.01011	0.00719	0.00946	0.00217	0.11723	0.00611	0.00352	0.17660
2	0.01464	0.01385	0.02345	0.58096	0.18903	0.01639	0.02064	0.01937	0.01497	0.01968	0.01308	0.01908	0.01008	0.00710	0.00725	0.00237	0.00946	0.00646	0.00331	0.00881
3	0.01583	0.01585	0.05329	0.22191	0.42431	0.01580	0.02026	0.02029	0.01616	0.02254	0.06328	0.04678	0.01634	0.00789	0.00738	0.00227	0.00847	0.00741	0.00391	0.01003
4	0.01937	0.01932	0.03563	0.02606	0.03245	0.01950	0.45408	0.16328	0.05733	0.02814	0.01579	0.01933	0.01184	0.00730	0.00919	0.00244	0.05602	0.00798	0.00462	0.01033
5	0.02165	0.01423	0.01621	0.01332	0.01734	0.01542	0.01078	0.34238	0.02435	0.09922	0.02019	0.02243	0.01538	0.01850	0.15852	0.00413	0.00937	0.00693	0.15963	0.01001
6	0.01740	0.09460	0.03841	0.01375	0.01786	0.08380	0.04703	0.12246	0.11468	0.04776	0.05071	0.11321	0.18390	0.01239	0.00758	0.00230	0.00683	0.01030	0.00606	0.00897
7	0.01042	0.00763	0.01088	0.01088	0.01190	0.00865	0.00808	0.01246	0.01144	0.01628	0.02021	0.03263	0.01994	0.20224	0.57042	0.01069	0.01681	0.00838	0.00400	0.00604
8	0.04663	0.01964	0.09795	0.05461	0.04143	0.10971	0.06570	0.05272	0.22912	0.04225	0.04754	0.06730	0.05961	0.01001	0.00774	0.00237	0.02203	0.00836	0.00558	0.00972
9	0.02124	0.01703	0.01928	0.16748	0.02618	0.05646	0.01387	0.37110	0.02536	0.03338	0.02057	0.04753	0.05367	0.01257	0.05618	0.00290	0.00891	0.00754	0.02869	0.01006
10	0.01089	0.00801	0.01078	0.01113	0.01216	0.00783	0.03423	0.05022	0.01474	0.01965	0.03390	0.46804	0.03934	0.17558	0.01513	0.00379	0.00557	0.06668	0.00615	0.00618

[dist]
# distance from previous block
# <min> <max>
3	7

[block]
# block no. 1 follows, 28 sequences, length 105
# corresponding to MSA columns:
# 45-149
name=unknown_B
#
# <colnr> <probs for GDERKNQSTAVLIFYWHMCP>
#	G	D	E	R	K	N	Q	S	T	A	V	L	I	F	Y	W	H	M	C	P
0	0.11925	0.01796	0.05016	0.05204	0.06098	0.01818	0.38279	0.02155	0.01536	0.02336	0.01402	0.02017	0.01147	0.00789	0.01041	0.00256	0.12707	0.03184	0.00378	0.00917
1	0.01773	0.01759	0.02591	0.06360	0.51334	0.08682	0.01961	0.02159	0.01623	0.02202	0.01418	0.01897	0.01212	0.01309	0.10269	0.00342	0.01059	0.00647	0.00364	0.01039
2	0.01377	0.03352	0.61254	0.01892	0.02854	0.01543	0.02398	0.02132	0.01551	0.02256	0.02122	0.02271	0.10186	0.00846	0.00713	0.00232	0.00979	0.00672	0.00357	0.01012
3	0.01265	0.01001	0.01242	0.01309	0.04021	0.01027	0.01010	0.01979	0.17081	0.02525	0.19381	0.05891	0.13070	0.01578	0.00879	0.00273	0.00538	0.24431	0.00705	0.00794
4	0.11633	0.00861	0.01141	0.01125	0.01293	0.00998	0.00875	0.01402	0.01173	0.01889	0.01834	0.02702	0.01710	0.07417	0.59415	0.01023	0.01713	0.00737	0.00399	0.00660
5	0.01506	0.01477	0.02595	0.46680	0.15330	0.01710	0.10823	0.01974	0.01496	0.01998	0.01303	0.01892	0.01016	0.00740	0.00869	0.00244	0.06452	0.00674	0.00335	0.00887
6	0.79588	0.01406	0.01068	0.00956	0.01406	0.01631	0.00787	0.02137	0.01237	0.03261	0.01012	0.01181	0.00787	0.00675	0.00450	0.00225	0.00562	0.00394	0.00450	0.00787
7	0.01727	0.01929	0.04109	0.03252	0.12716	0.01823	0.58507	0.02315	0.01708	0.02335	0.01457	0.01939	0.01109	0.00617	0.00839	0.00241	0.01177	0.00829	0.00367	0.01003
8	0.01716	0.01961	0.04289	0.03064	0.03799	0.01838	0.67279	0.02328	0.01716	0.02328	0.01471	0.01961	0.01103	0.00613	0.00858	0.00245	0.01225	0.00858	0.00368	0.00980
9	0.01069	0.00759	0.01138	0.01138	0.01251	0.00871	0.00871	0.01251	0.01138	0.01630	0.01855	0.02769	0.01742	0.05057	0.62304	0.11645	0.01770	0.00759	0.00379	0.00604
10	0.02534	0.02217	0.11363	0.01689	0.02321	0.02118	0.01524	0.56207	0.03092	0.04203	0.01710	0.01753	0.01217	0.00847	0.00714	0.00218	0.00819	0.00640	0.03621	0.01193
11	0.01662	0.02149	0.12938	0.02759	0.03431	0.01875	0.48842	0.02239	0.01602	0.02239	0.01372	0.01848	0.01056	0.00721	0.01061	0.00254	0.11850	0.00782	0.00352	0.00966
12	0.01116	0.00912	0.00931	0.00863	0.01153	0.00835	0.00664	0.10005	0.01894	0.02317	0.06606	0.06287	0.60401	0.01710	0.00841	0.00242	0.00426	0.01415	0.00682	0.00698
13	0.01014	0.00773	0.01110	0.01110	0.01255	0.00869	0.00861	0.01264	0.01234	0.01725	0.02678	0.03414	0.10962	0.04965	0.62036	0.01044	0.01734	0.00881	0.00428	0.00644
14	0.01278	0.01086	0.01010	0.00985	0.01051	0.10282	0.00628	0.01336	0.01206	0.01493	0.02091	0.04059	0.02311	0.56035	0.11629	0.00692	0.00939	0.00943	0.00425	0.00520
15	0.13380	0.01222	0.01539	0.01211	0.01732	0.01112	0.00995	0.03175	0.01946	0.56260	0.04642	0.02596	0.05043	0.00930	0.00703	0.00226	0.00592	0.00740	0.00826	0.01132
16	0.01373	0.01292	0.02180	0.72707	0.05006	0.01615	0.02019	0.01857	0.01453	0.01857	0.01292	0.01938	0.00969	0.00727	0.00727	0.00242	0.00969	0.00646	0.00323	0.00807
17	0.01132	0.01015	0.01008	0.01128	0.01215	0.10158	0.00773	0.01267	0.01482	0.01845	0.03618	0.64179	0.04286	0.02071	0.00891	0.00281	0.00542	0.01851	0.00634	0.00624
18	0.12109	0.01565	0.02070	0.01780	0.01841	0.02146	0.01482	0.01802	0.01130	0.01953	0.00962	0.01535	0.00932	0.01192	0.02124	0.00306	0.63338	0.00603	0.00336	0.00794
19	0.01208	0.00869	0.01094	0.01165	0.01305	0.00873	0.00870	0.10088	0.01714	0.02277	0.03605	0.47350	0.04111	0.04642	0.01018	0.00308	0.00537	0.15605	0.00672	0.00689
20	0.11709	0.00896	0.01108	0.01225	0.01431	0.00915	0.01048	0.01532	0.01601	0.02291	0.03752	0.10121	0.08934	0.01827	0.00914	0.00311	0.00620	0.48447	0.00640	0.00677
21	0.01330	0.01213	0.01993	0.63008	0.04438	0.01492	0.01806	0.01749	0.01400	0.01797	0.01427	0.02318	0.01195	0.10670	0.01128	0.00305	0.00933	0.00701	0.00339	0.00758
22	0.01749	0.01525	0.01716	0.11085	0.02310	0.01782	0.01268	0.03592	0.59550	0.02881	0.02734	0.02608	0.02050	0.00951	0.00738	0.00246	0.00628	0.00798	0.00683	0.01104
23	0.00962	0.01058	0.10259	0.01145	0.01334	0.00739	0.00942	0.01187	0.01421	0.01920	0.03763	0.61791	0.06623	0.02048	0.00893	0.00285	0.00508	0.01841	0.00625	0.00657
24	0.00960	0.01067	0.10250	0.01122	0.01328	0.00741	0.00931	0.01190	0.01443	0.01929	0.04042	0.56230	0.12004	0.02011	0.00888	0.00281	0.00503	0.01797	0.00625	0.00658
25	0.01383	0.00906	0.01324	0.01245	0.01423	0.01037	0.00985	0.01637	0.01287	0.10962	0.01991	0.02702	0.01745	0.04499	0.56405	0.00972	0.07544	0.00761	0.00452	0.00740
26	0.02573	0.01853	0.01979	0.01538	0.02064	0.02042	0.01264	0.58621	0.03162	0.04329	0.01830	0.01875	0.01321	0.00869	0.00698	0.00212	0.00738	0.00658	0.11214	0.01161
27	0.01210	0.00719	0.00953	0.01037	0.01154	0.00659	0.00718	0.01355	0.01483	0.11094	0.03901	0.60656	0.06149	0.03973	0.00972	0.00295	0.00454	0.01845	0.00699	0.00674
28	0.01648	0.00873	0.01139	0.01019	0.01297	0.00778	0.00782	0.01927	0.01933	0.22542	0.34440	0.13715	0.12052	0.01456	0.00830	0.00238	0.00437	0.01266	0.00799	0.00828
29	0.01586	0.01675	0.10883	0.01251	0.01951	0.01153	0.01143	0.06355	0.01641	0.02510	0.01324	0.01527	0.01066	0.00582	0.00572	0.00132	0.00628	0.00460	0.00434	0.63126
30	0.02129	0.02343	0.01895	0.01704	0.02005	0.31912	0.01317	0.04750	0.21358	0.02230	0.01831	0.06392	0.01569	0.01015	0.01016	0.00236	0.14168	0.00709	0.00500	0.00920
31	0.01200	0.00670	0.00961	0.03582	0.01106	0.00664	0.00673	0.00996	0.01076	0.01398	0.02173	0.05111	0.10583	0.02358	0.02435	0.62854	0.00602	0.00799	0.00376	0.00383
32	0.01760	0.01668	0.02756	0.04005	0.60722	0.01625	0.02046	0.02177	0.01635	0.02374	0.01357	0.01760	0.01141	0.00633	0.00695	0.00201	0.00820	0.00618	0.00369	0.11636
33	0.01604	0.01310	0.01514	0.01153	0.01709	0.01102	0.00911	0.11135	0.01766	0.02617	0.01723	0.11315	0.01603	0.00821	0.00618	0.00149	0.00560	0.00683	0.00506	0.57202
34	0.01736	0.01812	0.02106	0.01791	0.01931	0.11735	0.01466	0.01921	0.01299	0.01837	0.01023	0.01540	0.00968	0.01100	0.01895	0.00271	0.53307	0.00585	0.00341	0.11335
35	0.01018	0.00750	0.00910	0.00985	0.01099	0.00713	0.00680	0.05279	0.01564	0.02049	0.06405	0.49905	0.16142	0.07552	0.01110	0.00310	0.00455	0.01780	0.00664	0.00628
36	0.01455	0.01226	0.01455	0.01141	0.03670	0.00956	0.00846	0.01738	0.01451	0.02239	0.01429	0.01954	0.01290	0.10510	0.00970	0.00191	0.00571	0.00522	0.00430	0.65953
37	0.01023	0.00743	0.00963	0.00908	0.01082	0.00683	0.00681	0.01360	0.02043	0.02881	0.67291	0.05486	0.09125	0.01499	0.00857	0.00229	0.00344	0.01323	0.00796	0.00683
38	0.01407	0.00773	0.00845	0.06121	0.01210	0.00805	0.00653	0.04081	0.01587	0.02714	0.02268	0.02617	0.01773	0.00839	0.00532	0.00177	0.00403	0.00674	0.69814	0.00707
39	0.01807	0.01584	0.01820	0.01881	0.11049	0.01797	0.01296	0.03643	0.59592	0.02951	0.02744	0.02589	0.02075	0.00941	0.00737	0.00242	0.00614	0.00798	0.00689	0.01151
40	0.01002	0.00742	0.00935	0.00887	0.01070	0.00675	0.00665	0.01320	0.01995	0.02766	0.59805	0.05675	0.16682	0.01542	0.00858	0.00231	0.00347	0.01349	0.00781	0.00675
41	0.00886	0.00633	0.00843	0.01012	0.01054	0.00590	0.00675	0.01012	0.01392	0.01856	0.04006	0.73979	0.04808	0.02277	0.00928	0.00295	0.00422	0.02066	0.00675	0.00590
42	0.65487	0.01764	0.11179	0.01194	0.01744	0.01647	0.03526	0.02168	0.01298	0.03089	0.01071	0.01261	0.00818	0.00675	0.00500	0.00226	0.00660	0.00431	0.00426	0.00836
43	0.00886	0.00633	0.00843	0.01012	0.01054	0.00590	0.00675	0.01012	0.01392	0.01856	0.04006	0.73979	0.04808	0.02277	0.00928	0.00295	0.00422	0.02066	0.00675	0.00590
44	0.01444	0.03665	0.68501	0.02036	0.03081	0.01657	0.02623	0.02273	0.01551	0.02321	0.03444	0.01657	0.01107	0.00716	0.00696	0.00230	0.01051	0.00562	0.00322	0.01062
45	0.06008	0.03236	0.53261	0.02385	0.11636	0.01701	0.07149	0.02285	0.01546	0.02368	0.01308	0.01579	0.00956	0.00679	0.00692	0.00229	0.01029	0.00566	0.00326	0.01061
46	0.70568	0.07767	0.03419	0.01014	0.01498	0.01739	0.00884	0.02145	0.01267	0.03099	0.01021	0.01190	0.00804	0.00671	0.00459	0.00219	0.00596	0.00398	0.00434	0.00808
47	0.01784	0.01711	0.02923	0.06926	0.67575	0.01723	0.02223	0.02217	0.01648	0.02356	0.01365	0.01804	0.01145	0.00651	0.00720	0.00217	0.00867	0.00648	0.00358	0.01139
48	0.01493	0.08868	0.65885	0.02012	0.03054	0.01773	0.02582	0.02293	0.01531	0.02260	0.01283	0.01508	0.00922	0.00686	0.00675	0.00225	0.01053	0.00526	0.00307	0.01064
49	0.01355	0.00678	0.00678	0.00678	0.00847	0.00678	0.00508	0.01694	0.01524	0.02710	0.02371	0.02710	0.01863	0.00847	0.00508	0.00169	0.00339	0.00678	0.78489	0.00678
50	0.00939	0.00770	0.00832	0.00811	0.01043	0.00678	0.00610	0.01236	0.04316	0.02251	0.23307	0.06426	0.50787	0.01716	0.00854	0.00241	0.00370	0.01450	0.00710	0.00653
51	0.00873	0.00732	0.00759	0.00762	0.00993	0.00618	0.00568	0.01067	0.01675	0.02031	0.11918	0.09895	0.61954	0.01834	0.00862	0.00246	0.00369	0.01541	0.00684	0.00618
52	0.01024	0.00742	0.00957	0.00904	0.01073	0.00684	0.00673	0.01350	0.02011	0.02833	0.65162	0.05465	0.08992	0.03808	0.00947	0.00244	0.00355	0.01314	0.00784	0.00675
53	0.79588	0.01406	0.01068	0.00956	0.01406	0.01631	0.00787	0.02137	0.01237	0.03261	0.01012	0.01181	0.00787	0.00675	0.00450	0.00225	0.00562	0.00394	0.00450	0.00787
54	0.01808	0.01561	0.01644	0.01479	0.01890	0.01808	0.01151	0.03863	0.68606	0.03041	0.02959	0.02712	0.02219	0.00986	0.00740	0.00247	0.00575	0.00822	0.00740	0.01151
55	0.00897	0.00642	0.00854	0.01004	0.01057	0.00598	0.00676	0.01041	0.01446	0.01942	0.09324	0.68417	0.04974	0.02213	0.00922	0.00290	0.00415	0.02005	0.00685	0.00598
56	0.01043	0.00762	0.01082	0.01082	0.01182	0.00862	0.00801	0.01243	0.01143	0.01624	0.02026	0.03292	0.02007	0.21289	0.55995	0.01062	0.01662	0.00843	0.00401	0.00601
57	0.01799	0.01727	0.02950	0.04462	0.69919	0.01727	0.02231	0.02231	0.01655	0.02375	0.01367	0.01799	0.01151	0.00648	0.00720	0.00216	0.00864	0.00648	0.00360	0.01151
58	0.01626	0.01650	0.02221	0.01907	0.01919	0.04433	0.01584	0.01786	0.01143	0.01750	0.00960	0.01581	0.00954	0.01256	0.02330	0.00314	0.70837	0.00631	0.00320	0.00797
59	0.01171	0.00837	0.01171	0.01339	0.01506	0.00837	0.01171	0.01506	0.01673	0.02175	0.03849	0.08199	0.04183	0.02008	0.01004	0.00335	0.00669	0.65027	0.00669	0.00669
60	0.01799	0.01727	0.02950	0.04462	0.69919	0.01727	0.02231	0.02231	0.01655	0.02375	0.01367	0.01799	0.01151	0.00648	0.00720	0.00216	0.00864	0.00648	0.00360	0.01151
61	0.00886	0.00633	0.00843	0.01012	0.01054	0.00590	0.00675	0.01012	0.01392	0.01856	0.04006	0.73979	0.04808	0.02277	0.00928	0.00295	0.00422	0.02066	0.00675	0.00590
62	0.01799	0.01727	0.02950	0.04462	0.69919	0.01727	0.02231	0.02231	0.01655	0.02375	0.01367	0.01799	0.01151	0.00648	0.00720	0.00216	0.00864	0.00648	0.00360	0.01151
63	0.01507	0.01292	0.01507	0.01077	0.01723	0.00969	0.00861	0.01830	0.01507	0.02369	0.01292	0.01507	0.01077	0.00538	0.00538	0.00108	0.00538	0.00431	0.00431	0.78898
64	0.01847	0.01238	0.01328	0.03826	0.01580	0.01352	0.00922	0.21959	0.11629	0.03292	0.02224	0.02388	0.01690	0.00870	0.00616	0.00198	0.00536	0.00690	0.40897	0.00919
65	0.00912	0.00738	0.00809	0.00792	0.01014	0.00636	0.00594	0.01145	0.01781	0.02259	0.26675	0.06509	0.50129	0.01731	0.00859	0.00240	0.00360	0.01466	0.00714	0.00636
66	0.00886	0.00633	0.00843	0.01012	0.01054	0.00590	0.00675	0.01012	0.01392	0.01856	0.04006	0.73979	0.04808	0.02277	0.00928	0.00295	0.00422	0.02066	0.00675	0.00590
67	0.01983	0.71408	0.03731	0.01264	0.01884	0.02847	0.01250	0.05299	0.01570	0.01847	0.01046	0.01194	0.00947	0.00634	0.00479	0.00158	0.00778	0.00401	0.00331	0.00947
68	0.01458	0.03760	0.70688	0.02072	0.03146	0.01688	0.02686	0.02302	0.01535	0.02302	0.01304	0.01535	0.00921	0.00691	0.00691	0.00230	0.01074	0.00537	0.00307	0.01074
69	0.01038	0.00779	0.01168	0.01168	0.01298	0.00909	0.00909	0.01298	0.01168	0.01687	0.01947	0.02856	0.01817	0.05452	0.71573	0.01168	0.01947	0.00779	0.00389	0.00649
70	0.02763	0.02036	0.02182	0.01672	0.02254	0.02254	0.01382	0.67496	0.03418	0.04581	0.01745	0.01745	0.01236	0.00873	0.00727	0.00218	0.00800	0.00654	0.00727	0.01236
71	0.01799	0.01727	0.02950	0.04462	0.69919	0.01727	0.02231	0.02231	0.01655	0.02375	0.01367	0.01799	0.01151	0.00648	0.00720	0.00216	0.00864	0.00648	0.00360	0.01151
72	0.01501	0.03478	0.61097	0.02108	0.03113	0.01707	0.07478	0.02407	0.05978	0.02353	0.01426	0.01645	0.01020	0.00704	0.00707	0.00232	0.01053	0.00580	0.00340	0.01072
73	0.01405	0.01325	0.02239	0.67537	0.09924	0.01623	0.02035	0.01886	0.01469	0.01896	0.01298	0.01927	0.00983	0.00721	0.00726	0.00240	0.00961	0.00646	0.00326	0.00834
74	0.02763	0.02036	0.02182	0.01672	0.02254	0.02254	0.01382	0.67496	0.03418	0.04581	0.01745	0.01745	0.01236	0.00873	0.00727	0.00218	0.00800	0.00654	0.00727	0.01236
75	0.01700	0.01004	0.01264	0.01095	0.01399	0.00965	0.00854	0.06071	0.08058	0.18057	0.44682	0.04308	0.04980	0.01274	0.00811	0.00229	0.00453	0.01101	0.00813	0.00883
76	0.01859	0.01326	0.01487	0.01276	0.01660	0.01406	0.01006	0.14960	0.25272	0.10781	0.19178	0.03636	0.10682	0.01171	0.00778	0.00234	0.00544	0.00978	0.00763	0.01005
77	0.01553	0.01319	0.01532	0.01098	0.01742	0.01016	0.00880	0.04208	0.01576	0.02449	0.01308	0.01516	0.01082	0.00550	0.00545	0.00112	0.00548	0.00439	0.00441	0.76086
78	0.00886	0.00633	0.00843	0.01012	0.01054	0.00590	0.00675	0.01012	0.01392	0.01856	0.04006	0.73979	0.04808	0.02277	0.00928	0.00295	0.00422	0.02066	0.00675	0.00590
79	0.01023	0.00743	0.00964	0.00909	0.01083	0.00684	0.00682	0.01361	0.02045	0.02885	0.67568	0.05479	0.08845	0.01497	0.00857	0.00229	0.00344	0.01322	0.00796	0.00684
80	0.01765	0.01754	0.03152	0.06545	0.49807	0.01751	0.16390	0.02316	0.04862	0.02377	0.01463	0.01883	0.01185	0.00659	0.00751	0.00225	0.00933	0.00702	0.00378	0.01101
81	0.01462	0.01271	0.01616	0.14879	0.02334	0.01082	0.01078	0.01810	0.01493	0.02254	0.01378	0.03879	0.01174	0.00630	0.00587	0.00140	0.00618	0.00524	0.00418	0.61376
82	0.01601	0.05086	0.02301	0.03957	0.01997	0.02240	0.01586	0.01773	0.01141	0.01751	0.00967	0.01580	0.00954	0.01225	0.02245	0.00308	0.67545	0.00625	0.00318	0.00802
83	0.02715	0.03464	0.02060	0.01873	0.02247	0.71536	0.01404	0.02903	0.02060	0.01779	0.01124	0.01311	0.00936	0.00749	0.00655	0.00187	0.01311	0.00468	0.00375	0.00843
84	0.01057	0.00705	0.00793	0.00793	0.00793	0.00705	0.00440	0.01057	0.01057	0.01409	0.02290	0.04757	0.02643	0.74454	0.03700	0.00705	0.00705	0.01057	0.00440	0.00440
85	0.01242	0.00934	0.01201	0.01260	0.01469	0.00961	0.01052	0.01862	0.12802	0.02495	0.19454	0.06631	0.04501	0.01714	0.00925	0.00295	0.00576	0.39162	0.00712	0.00753
86	0.01640	0.04422	0.02281	0.01882	0.01918	0.04472	0.01571	0.01802	0.01157	0.01749	0.00962	0.01565	0.00953	0.01231	0.02257	0.00308	0.68087	0.00621	0.00320	0.00802
87	0.01770	0.01644	0.05573	0.01731	0.02348	0.01423	0.17978	0.12191	0.04366	0.05274	0.01911	0.06231	0.03873	0.00797	0.00706	0.00191	0.00771	0.00742	0.00507	0.29972
88	0.01943	0.74891	0.03809	0.01244	0.01866	0.02876	0.01244	0.02177	0.01477	0.01710	0.01011	0.01166	0.00933	0.00622	0.00466	0.00155	0.00777	0.00389	0.00311	0.00933
89	0.01943	0.74891	0.03809	0.01244	0.01866	0.02876	0.01244	0.02177	0.01477	0.01710	0.01011	0.01166	0.00933	0.00622	0.00466	0.00155	0.00777	0.00389	0.00311	0.00933
90	0.01903	0.02042	0.01768	0.01602	0.01825	0.28290	0.01252	0.05704	0.01636	0.01933	0.01429	0.01934	0.01270	0.02360	0.23510	0.00527	0.16392	0.00620	0.03215	0.00787
91	0.00886	0.00633	0.00843	0.01012	0.01054	0.00590	0.00675	0.01012	0.01392	0.01856	0.04006	0.73979	0.04808	0.02277	0.00928	0.00295	0.00422	0.02066	0.00675	0.00590
92	0.01020	0.03117	0.01010	0.00885	0.01088	0.00740	0.00674	0.01324	0.01949	0.02664	0.53454	0.05643	0.20688	0.01538	0.00845	0.00230	0.00362	0.01334	0.00757	0.00678
93	0.00886	0.00633	0.00843	0.01012	0.01054	0.00590	0.00675	0.01012	0.01392	0.01856	0.04006	0.73979	0.04808	0.02277	0.00928	0.00295	0.00422	0.02066	0.00675	0.00590
94	0.01458	0.03760	0.70688	0.02072	0.03146	0.01688	0.02686	0.02302	0.01535	0.02302	0.01304	0.01535	0.00921	0.00691	0.00691	0.00230	0.01074	0.00537	0.00307	0.01074
95	0.01943	0.74891	0.03809	0.01244	0.01866	0.02876	0.01244	0.02177	0.01477	0.01710	0.01011	0.01166	0.00933	0.00622	0.00466	0.00155	0.00777	0.00389	0.00311	0.00933
96	0.01476	0.06398	0.68207	0.02041	0.03099	0.01732	0.02632	0.02297	0.01533	0.02280	0.01294	0.01521	0.00921	0.00688	0.00682	0.00227	0.01063	0.00532	0.00307	0.01069
97	0.02763	0.02036	0.02182	0.01672	0.02254	0.02254	0.01382	0.67496	0.03418	0.04581	0.01745	0.01745	0.01236	0.00873	0.00727	0.00218	0.00800	0.00654	0.00727	0.01236
98	0.79588	0.01406	0.01068	0.00956	0.01406	0.01631	0.00787	0.02137	0.01237	0.03261	0.01012	0.01181	0.00787	0.00675	0.00450	0.00225	0.00562	0.00394	0.00450	0.00787
99	0.01373	0.01292	0.02180	0.72707	0.05006	0.01615	0.02019	0.01857	0.01453	0.01857	0.01292	0.01938	0.00969	0.00727	0.00727	0.00242	0.00969	0.00646	0.00323	0.00807
100	0.01022	0.00743	0.00963	0.00908	0.01082	0.00683	0.00681	0.01359	0.02042	0.02879	0.67163	0.05490	0.09254	0.01500	0.00857	0.00229	0.00344	0.01323	0.00795	0.00683
101	0.01843	0.01810	0.02908	0.04338	0.66684	0.05064	0.02191	0.02263	0.01675	0.02346	0.01356	0.01776	0.01141	0.00653	0.00717	0.00215	0.00885	0.00639	0.00361	0.01137
102	0.00886	0.00633	0.00843	0.01012	0.01054	0.00590	0.00675	0.01012	0.01392	0.01856	0.04006	0.73979	0.04808	0.02277	0.00928	0.00295	0.00422	0.02066	0.00675	0.00590
103	0.30706	0.05135	0.01791	0.03393	0.05174	0.11201	0.01174	0.17312	0.04418	0.11077	0.01506	0.01583	0.01109	0.00765	0.00605	0.00216	0.00759	0.00537	0.00552	0.00987
104	0.69228	0.01491	0.01218	0.01053	0.01520	0.01715	0.00867	0.10951	0.01531	0.03439	0.01111	0.01257	0.00848	0.00701	0.00487	0.00224	0.00594	0.00429	0.00487	0.00848

[dist]
# distance from previous block
# <min> <max>
3	4

[block]
# block no. 2 follows, 28 sequences, length 41
# corresponding to MSA columns:
# 154-194
name=unknown_C
#
# <colnr> <probs for GDERKNQSTAVLIFYWHMCP>
#	G	D	E	R	K	N	Q	S	T	A	V	L	I	F	Y	W	H	M	C	P
0	0.01511	0.01304	0.01537	0.01111	0.01730	0.01021	0.00892	0.01827	0.01491	0.02343	0.01278	0.01511	0.01072	0.00569	0.00615	0.00116	0.03551	0.00439	0.00426	0.75656
1	0.02792	0.01873	0.02072	0.01585	0.02166	0.02005	0.01308	0.54204	0.03117	0.15300	0.01910	0.01855	0.01322	0.00863	0.00720	0.00215	0.00759	0.00658	0.00743	0.04534
2	0.01705	0.01196	0.06390	0.01135	0.01507	0.00989	0.00962	0.04551	0.07113	0.19177	0.29455	0.04272	0.13323	0.03849	0.00901	0.00248	0.00516	0.01074	0.00750	0.00886
3	0.01052	0.00769	0.01122	0.01122	0.01244	0.00885	0.00859	0.01297	0.01175	0.01709	0.01989	0.02985	0.01878	0.10183	0.63884	0.01095	0.01794	0.00795	0.03529	0.00635
4	0.01029	0.00743	0.00972	0.00914	0.01086	0.00686	0.00686	0.01372	0.02058	0.02915	0.69536	0.05430	0.06859	0.01486	0.00857	0.00229	0.00343	0.01315	0.00800	0.00686
5	0.01808	0.01561	0.01644	0.01479	0.01890	0.01808	0.01151	0.03863	0.68606	0.03041	0.02959	0.02712	0.02219	0.00986	0.00740	0.00247	0.00575	0.00822	0.00740	0.01151
6	0.79588	0.01406	0.01068	0.00956	0.01406	0.01631	0.00787	0.02137	0.01237	0.03261	0.01012	0.01181	0.00787	0.00675	0.00450	0.00225	0.00562	0.00394	0.00450	0.00787
7	0.01298	0.01220	0.01106	0.01055	0.01303	0.11312	0.00799	0.03804	0.04529	0.02327	0.22484	0.09301	0.31090	0.01548	0.00829	0.00238	0.00540	0.03838	0.00668	0.00711
8	0.00997	0.00742	0.00927	0.00881	0.01066	0.00672	0.00661	0.01310	0.01982	0.02735	0.57763	0.05726	0.18744	0.01553	0.00858	0.00232	0.00348	0.01356	0.00776	0.00672
9	0.01338	0.00810	0.01054	0.00962	0.01190	0.00732	0.00732	0.01650	0.02002	0.12703	0.52332	0.08188	0.10546	0.01461	0.00842	0.00232	0.00389	0.01279	0.00800	0.00757
10	0.08896	0.01250	0.01641	0.01268	0.01822	0.01110	0.01048	0.03439	0.02018	0.65465	0.02731	0.02379	0.01725	0.00883	0.00710	0.00225	0.00614	0.00706	0.00866	0.01204
11	0.00906	0.00655	0.00845	0.00969	0.01038	0.00607	0.00654	0.01052	0.01461	0.01946	0.10621	0.58337	0.10118	0.05837	0.01056	0.00306	0.00424	0.01898	0.00675	0.00594
12	0.01474	0.01429	0.01999	0.01759	0.01770	0.01955	0.01441	0.01634	0.01151	0.01760	0.01387	0.10724	0.01481	0.01610	0.05715	0.00358	0.60401	0.00823	0.00366	0.00762
13	0.79588	0.01406	0.01068	0.00956	0.01406	0.01631	0.00787	0.02137	0.01237	0.03261	0.01012	0.01181	0.00787	0.00675	0.00450	0.00225	0.00562	0.00394	0.00450	0.00787
14	0.01799	0.01727	0.02950	0.04462	0.69919	0.01727	0.02231	0.02231	0.01655	0.02375	0.01367	0.01799	0.01151	0.00648	0.00720	0.00216	0.00864	0.00648	0.00360	0.01151
15	0.01485	0.07720	0.66964	0.02026	0.03075	0.01754	0.02605	0.02295	0.01531	0.02269	0.01288	0.01514	0.00921	0.00687	0.00678	0.00226	0.01058	0.00529	0.00307	0.01066
16	0.01932	0.01623	0.01714	0.01504	0.01938	0.01866	0.01181	0.12140	0.60126	0.03241	0.02801	0.02586	0.02091	0.00971	0.00738	0.00243	0.00604	0.00800	0.00738	0.01162
17	0.33087	0.08803	0.01868	0.01359	0.01870	0.07998	0.01128	0.27959	0.04209	0.03499	0.01368	0.01458	0.01033	0.00763	0.00587	0.00213	0.00741	0.00515	0.00548	0.00993
18	0.03055	0.01371	0.04315	0.01334	0.01900	0.01164	0.01136	0.08221	0.02160	0.59836	0.05719	0.02516	0.01951	0.00916	0.00735	0.00225	0.00637	0.00744	0.00860	0.01206
19	0.79588	0.01406	0.01068	0.00956	0.01406	0.01631	0.00787	0.02137	0.01237	0.03261	0.01012	0.01181	0.00787	0.00675	0.00450	0.00225	0.00562	0.00394	0.00450	0.00787
20	0.01871	0.45488	0.25480	0.01537	0.02303	0.02396	0.01715	0.05587	0.01615	0.04366	0.01206	0.01360	0.00974	0.00666	0.00562	0.00185	0.00870	0.00462	0.00351	0.01005
21	0.01057	0.00705	0.00793	0.00793	0.00793	0.00705	0.00440	0.01057	0.01057	0.01409	0.02290	0.04757	0.02643	0.74454	0.03700	0.00705	0.00705	0.01057	0.00440	0.00440
22	0.00963	0.00676	0.00865	0.00963	0.01017	0.00646	0.00644	0.01095	0.01402	0.01886	0.11421	0.44120	0.04460	0.20753	0.01638	0.00395	0.00499	0.05359	0.00629	0.00568
23	0.01029	0.00743	0.00972	0.00914	0.01086	0.00686	0.00686	0.01372	0.02058	0.02915	0.69536	0.05430	0.06859	0.01486	0.00857	0.00229	0.00343	0.01315	0.00800	0.00686
24	0.01388	0.02331	0.30381	0.02067	0.02723	0.01472	0.20283	0.01946	0.01527	0.02165	0.02035	0.20481	0.01984	0.01111	0.00885	0.00256	0.04605	0.01030	0.00420	0.00908
25	0.01919	0.71280	0.07204	0.01286	0.01931	0.02816	0.01317	0.02183	0.01480	0.01740	0.01025	0.01185	0.00932	0.00625	0.00478	0.00159	0.00792	0.00396	0.00311	0.00940
26	0.01090	0.00760	0.00945	0.00888	0.01081	0.00689	0.00662	0.01380	0.01923	0.05479	0.50551	0.05581	0.18968	0.05595	0.01011	0.00258	0.00380	0.01320	0.00759	0.00681
27	0.00886	0.00633	0.00843	0.01012	0.01054	0.00590	0.00675	0.01012	0.01392	0.01856	0.04006	0.73979	0.04808	0.02277	0.00928	0.00295	0.00422	0.02066	0.00675	0.00590
28	0.01560	0.18648	0.56689	0.01899	0.02878	0.01937	0.02384	0.02276	0.01523	0.02178	0.01243	0.01458	0.00923	0.00676	0.00644	0.00215	0.01012	0.00506	0.00308	0.01045
29	0.03133	0.01241	0.01674	0.01277	0.01846	0.01061	0.01053	0.03417	0.02039	0.65451	0.02753	0.02404	0.01747	0.00873	0.00717	0.00216	0.00613	0.00709	0.00865	0.06911
30	0.73017	0.07625	0.01300	0.00980	0.01445	0.01736	0.00826	0.02140	0.01257	0.03130	0.01012	0.01180	0.00800	0.00670	0.00451	0.00219	0.00581	0.00393	0.00438	0.00800
31	0.00886	0.00633	0.00843	0.01012	0.01054	0.00590	0.00675	0.01012	0.01392	0.01856	0.04006	0.73979	0.04808	0.02277	0.00928	0.00295	0.00422	0.02066	0.00675	0.00590
32	0.01585	0.01290	0.01515	0.01086	0.01729	0.00973	0.00871	0.01906	0.01533	0.05384	0.01362	0.01550	0.01109	0.00554	0.00547	0.00113	0.00542	0.00444	0.00451	0.75456
33	0.01578	0.01398	0.01858	0.01332	0.01986	0.01118	0.08668	0.04319	0.01602	0.02446	0.01330	0.01569	0.01086	0.00559	0.00583	0.00128	0.00629	0.00489	0.00434	0.66888
34	0.01716	0.01961	0.04289	0.03064	0.03799	0.01838	0.67279	0.02328	0.01716	0.02328	0.01471	0.01961	0.01103	0.00613	0.00858	0.00245	0.01225	0.00858	0.00368	0.00980
35	0.00914	0.00767	0.00862	0.00948	0.04052	0.00664	0.00650	0.01110	0.01644	0.02021	0.10114	0.15558	0.54504	0.01826	0.00862	0.00250	0.00396	0.01553	0.00668	0.00638
36	0.01531	0.10702	0.58348	0.02120	0.05303	0.01816	0.05813	0.02288	0.01542	0.02247	0.01286	0.01528	0.00939	0.00678	0.00678	0.00223	0.01045	0.00542	0.00312	0.01058
37	0.01188	0.01007	0.01566	0.25731	0.05997	0.01086	0.03975	0.01456	0.01380	0.01835	0.02413	0.26819	0.02607	0.15386	0.01364	0.00343	0.00723	0.01207	0.00472	0.03445
38	0.01507	0.01292	0.01507	0.01077	0.01723	0.00969	0.00861	0.01830	0.01507	0.02369	0.01292	0.01507	0.01077	0.00538	0.00538	0.00108	0.00538	0.00431	0.00431	0.78898
39	0.01005	0.00857	0.00898	0.00996	0.01117	0.05507	0.00692	0.01152	0.01511	0.01880	0.04728	0.50567	0.22328	0.02052	0.00890	0.00274	0.00469	0.01810	0.00654	0.00614
40	0.01835	0.14100	0.03163	0.03316	0.38735	0.07121	0.13365	0.02236	0.01666	0.02192	0.01577	0.01918	0.04166	0.00698	0.00703	0.00210	0.00924	0.00668	0.00368	0.01037

[dist]
# distance from previous block
# <min> <max>
0	1

[block]
# block no. 3 follows, 28 sequences, length 104
# corresponding to MSA columns:
# 196-299
name=unknown_D
#
# <colnr> <probs for GDERKNQSTAVLIFYWHMCP>
#	G	D	E	R	K	N	Q	S	T	A	V	L	I	F	Y	W	H	M	C	P
0	0.01988	0.01515	0.01633	0.01403	0.01768	0.04060	0.01090	0.37166	0.02518	0.03346	0.02596	0.30047	0.02621	0.01409	0.00798	0.00244	0.00662	0.01195	0.00685	0.03255
1	0.30490	0.01525	0.02152	0.25588	0.06651	0.01714	0.12126	0.07323	0.01584	0.02699	0.01258	0.01639	0.00955	0.00697	0.00645	0.00233	0.00841	0.00588	0.00412	0.00880
2	0.05247	0.08466	0.62810	0.01962	0.02976	0.01766	0.02497	0.02286	0.01516	0.02308	0.01271	0.01493	0.00915	0.00685	0.00664	0.00225	0.01030	0.00520	0.00314	0.01051
3	0.01943	0.74891	0.03809	0.01244	0.01866	0.02876	0.01244	0.02177	0.01477	0.01710	0.01011	0.01166	0.00933	0.00622	0.00466	0.00155	0.00777	0.00389	0.00311	0.00933
4	0.01769	0.01697	0.02897	0.09199	0.65414	0.01719	0.02216	0.02205	0.01641	0.02339	0.01362	0.01809	0.01139	0.00653	0.00720	0.00218	0.00871	0.00648	0.00357	0.01128
5	0.01038	0.00779	0.01168	0.01168	0.01298	0.00909	0.00909	0.01298	0.01168	0.01687	0.01947	0.02856	0.01817	0.05452	0.71573	0.01168	0.01947	0.00779	0.00389	0.00649
6	0.01029	0.00743	0.00972	0.00914	0.01086	0.00686	0.00686	0.01372	0.02058	0.02915	0.69536	0.05430	0.06859	0.01486	0.00857	0.00229	0.00343	0.01315	0.00800	0.00686
7	0.00998	0.00725	0.00940	0.00921	0.01076	0.00667	0.00677	0.01299	0.01933	0.02701	0.56162	0.16182	0.09741	0.01627	0.00868	0.00240	0.00356	0.01443	0.00774	0.00667
8	0.00976	0.00670	0.00817	0.00897	0.00917	0.00650	0.00552	0.01036	0.01216	0.01622	0.03107	0.37687	0.03673	0.40118	0.02381	0.00510	0.00570	0.01537	0.00552	0.00512
9	0.00990	0.00724	0.00929	0.00914	0.01071	0.00664	0.00672	0.01283	0.01913	0.02656	0.53245	0.16709	0.12224	0.01647	0.00869	0.00241	0.00358	0.01457	0.00768	0.00664
10	0.02763	0.02036	0.02182	0.01672	0.02254	0.02254	0.01382	0.67496	0.03418	0.04581	0.01745	0.01745	0.01236	0.00873	0.00727	0.00218	0.00800	0.00654	0.00727	0.01236
11	0.79588	0.01406	0.01068	0.00956	0.01406	0.01631	0.00787	0.02137	0.01237	0.03261	0.01012	0.01181	0.00787	0.00675	0.00450	0.00225	0.00562	0.00394	0.00450	0.00787
12	0.00885	0.00637	0.00839	0.01001	0.01051	0.00591	0.00670	0.01013	0.01402	0.01860	0.04140	0.71321	0.07380	0.02260	0.00925	0.00293	0.00420	0.02045	0.00675	0.00591
13	0.02296	0.01911	0.01828	0.08386	0.02213	0.13849	0.01257	0.34219	0.04501	0.03392	0.01761	0.01920	0.01319	0.00835	0.00669	0.00206	0.00801	0.00631	0.16999	0.01006
14	0.00967	0.00737	0.00889	0.00859	0.01050	0.00658	0.00641	0.01249	0.01899	0.02559	0.46436	0.08588	0.27552	0.01634	0.00861	0.00237	0.00354	0.01416	0.00754	0.00658
15	0.79588	0.01406	0.01068	0.00956	0.01406	0.01631	0.00787	0.02137	0.01237	0.03261	0.01012	0.01181	0.00787	0.00675	0.00450	0.00225	0.00562	0.00394	0.00450	0.00787
16	0.02607	0.02029	0.02201	0.08015	0.04729	0.05511	0.01467	0.56469	0.03122	0.04134	0.01663	0.01743	0.01195	0.00846	0.00723	0.00219	0.00841	0.00645	0.00663	0.01177
17	0.06628	0.04602	0.02211	0.01852	0.08157	0.02164	0.01403	0.51181	0.07898	0.04097	0.01736	0.01771	0.01267	0.00842	0.00703	0.00218	0.00776	0.00643	0.00666	0.01188
18	0.02305	0.01725	0.01913	0.06474	0.02245	0.01919	0.01294	0.36196	0.23192	0.07649	0.02440	0.02367	0.05042	0.00948	0.00738	0.00230	0.00710	0.00755	0.00710	0.01148
19	0.02720	0.01846	0.02022	0.01562	0.02108	0.02001	0.01281	0.55059	0.03108	0.12611	0.01925	0.01968	0.01374	0.03270	0.00817	0.00233	0.00758	0.00678	0.03470	0.01191
20	0.02658	0.03331	0.02022	0.01830	0.02207	0.66999	0.01377	0.04976	0.02092	0.01877	0.01342	0.01506	0.03125	0.00788	0.00664	0.00190	0.01264	0.00508	0.00396	0.00848
21	0.01507	0.01292	0.01507	0.01077	0.01723	0.00969	0.00861	0.01830	0.01507	0.02369	0.01292	0.01507	0.01077	0.00538	0.00538	0.00108	0.00538	0.00431	0.00431	0.78898
22	0.00886	0.00633	0.00843	0.01012	0.01054	0.00590	0.00675	0.01012	0.01392	0.01856	0.04006	0.73979	0.04808	0.02277	0.00928	0.00295	0.00422	0.02066	0.00675	0.00590
23	0.01642	0.01843	0.03983	0.02882	0.03555	0.01727	0.61364	0.02212	0.01687	0.02286	0.01696	0.08357	0.01432	0.00761	0.00864	0.00250	0.01154	0.00965	0.00395	0.00946
24	0.01049	0.00703	0.00802	0.00807	0.00816	0.00699	0.00460	0.01067	0.01110	0.01487	0.04955	0.07800	0.02899	0.68497	0.03469	0.00669	0.00678	0.01111	0.00465	0.00456
25	0.01716	0.01961	0.04289	0.03064	0.03799	0.01838	0.67279	0.02328	0.01716	0.02328	0.01471	0.01961	0.01103	0.00613	0.00858	0.00245	0.01225	0.00858	0.00368	0.00980
26	0.00886	0.00633	0.00843	0.01012	0.01054	0.00590	0.00675	0.01012	0.01392	0.01856	0.04006	0.73979	0.04808	0.02277	0.00928	0.00295	0.00422	0.02066	0.00675	0.00590
27	0.00903	0.00640	0.00838	0.00990	0.01028	0.00602	0.00651	0.01017	0.01358	0.01810	0.03831	0.66905	0.04586	0.09654	0.01211	0.00337	0.00451	0.01963	0.00651	0.00575
28	0.01020	0.00743	0.00960	0.00905	0.01081	0.00682	0.00679	0.01355	0.02037	0.02866	0.66337	0.05510	0.10088	0.01504	0.00857	0.00229	0.00344	0.01326	0.00794	0.00682
29	0.01943	0.74891	0.03809	0.01244	0.01866	0.02876	0.01244	0.02177	0.01477	0.01710	0.01011	0.01166	0.00933	0.00622	0.00466	0.00155	0.00777	0.00389	0.00311	0.00933
30	0.01590	0.01590	0.02226	0.01908	0.01908	0.02226	0.01590	0.01749	0.01113	0.01749	0.00954	0.01590	0.00954	0.01272	0.02385	0.00318	0.73123	0.00636	0.00318	0.00795
31	0.00859	0.00736	0.00736	0.00736	0.00982	0.00614	0.00552	0.01043	0.01657	0.01964	0.07364	0.06996	0.69624	0.01841	0.00859	0.00245	0.00368	0.01534	0.00675	0.00614
32	0.01808	0.01561	0.01644	0.01479	0.01890	0.01808	0.01151	0.03863	0.68606	0.03041	0.02959	0.02712	0.02219	0.00986	0.00740	0.00247	0.00575	0.00822	0.00740	0.01151
33	0.79588	0.01406	0.01068	0.00956	0.01406	0.01631	0.00787	0.02137	0.01237	0.03261	0.01012	0.01181	0.00787	0.00675	0.00450	0.00225	0.00562	0.00394	0.00450	0.00787
34	0.01590	0.01590	0.02226	0.01908	0.01908	0.02226	0.01590	0.01749	0.01113	0.01749	0.00954	0.01590	0.00954	0.01272	0.02385	0.00318	0.73123	0.00636	0.00318	0.00795
35	0.00893	0.00638	0.00850	0.01007	0.01056	0.00595	0.00675	0.01031	0.01427	0.01911	0.07432	0.70396	0.04915	0.02236	0.00924	0.00292	0.00418	0.02027	0.00681	0.00595
36	0.75572	0.01439	0.01127	0.00993	0.01450	0.01663	0.00818	0.05554	0.01351	0.03330	0.01050	0.01210	0.00811	0.00685	0.00464	0.00225	0.00575	0.00407	0.00464	0.00811
37	0.01943	0.68847	0.07248	0.01308	0.01945	0.05049	0.01324	0.02207	0.01499	0.01743	0.01030	0.01190	0.00932	0.00630	0.00484	0.00160	0.00810	0.00399	0.00313	0.00937
38	0.01594	0.12568	0.57014	0.02046	0.05852	0.01819	0.02430	0.02324	0.01551	0.04479	0.01322	0.01531	0.00961	0.00687	0.00665	0.00220	0.01013	0.00530	0.00329	0.01065
39	0.01662	0.02310	0.23471	0.03537	0.44042	0.01676	0.04602	0.02221	0.01622	0.02341	0.01471	0.02032	0.01225	0.00725	0.00729	0.00227	0.00931	0.03716	0.00359	0.01099
40	0.01551	0.03630	0.67137	0.02032	0.03080	0.01656	0.02602	0.02366	0.01563	0.05807	0.01385	0.01583	0.00966	0.00701	0.00693	0.00230	0.01051	0.00547	0.00337	0.01083
41	0.01609	0.01801	0.03846	0.02784	0.03447	0.01682	0.58862	0.02165	0.01694	0.02277	0.02039	0.06098	0.06365	0.00791	0.00862	0.00248	0.01120	0.00971	0.00406	0.00933
42	0.44904	0.01788	0.01555	0.04740	0.01910	0.13227	0.03914	0.09263	0.01674	0.05163	0.01357	0.05121	0.01122	0.00798	0.00579	0.00223	0.00755	0.00563	0.00484	0.00859
43	0.01038	0.00864	0.00894	0.00915	0.01102	0.03417	0.00658	0.04013	0.01649	0.02040	0.07637	0.27187	0.38337	0.05617	0.01013	0.00281	0.00456	0.01588	0.00658	0.00636
44	0.03261	0.01237	0.01687	0.01293	0.01856	0.01068	0.01068	0.03543	0.02081	0.70423	0.02868	0.02474	0.01799	0.00900	0.00731	0.00225	0.00619	0.00731	0.00900	0.01237
45	0.03127	0.01452	0.01820	0.01395	0.01963	0.01388	0.01153	0.20765	0.02441	0.52691	0.02565	0.02278	0.01648	0.00892	0.00730	0.00223	0.00667	0.00710	0.00853	0.01237
46	0.01673	0.04495	0.20157	0.02986	0.13808	0.01815	0.39638	0.02303	0.01655	0.02311	0.01401	0.01809	0.01061	0.00637	0.00784	0.00234	0.01120	0.00734	0.00350	0.01028
47	0.00865	0.00737	0.00744	0.00742	0.00985	0.00616	0.00557	0.01054	0.01670	0.01995	0.09426	0.06944	0.67543	0.01829	0.00859	0.00245	0.00367	0.01527	0.00679	0.00616
48	0.01029	0.00743	0.00972	0.00914	0.01086	0.00686	0.00686	0.01372	0.02058	0.02915	0.69536	0.05430	0.06859	0.01486	0.00857	0.00229	0.00343	0.01315	0.00800	0.00686
49	0.01619	0.01689	0.02840	0.05062	0.02595	0.02086	0.21203	0.01926	0.01306	0.01926	0.01122	0.01715	0.00999	0.01054	0.01864	0.00293	0.48813	0.00703	0.00333	0.00851
50	0.01017	0.00732	0.00955	0.00919	0.01075	0.00678	0.00678	0.01332	0.01971	0.02780	0.61946	0.11295	0.06559	0.03686	0.00946	0.00248	0.00360	0.01372	0.00779	0.00671
51	0.01029	0.00743	0.00972	0.00914	0.01086	0.00686	0.00686	0.01372	0.02058	0.02915	0.69536	0.05430	0.06859	0.01486	0.00857	0.00229	0.00343	0.01315	0.00800	0.00686
52	0.00894	0.00734	0.00765	0.00759	0.00975	0.00629	0.00556	0.01077	0.01643	0.02009	0.13085	0.06640	0.57403	0.08296	0.01113	0.00285	0.00396	0.01470	0.00666	0.00605
53	0.03097	0.01194	0.01614	0.01250	0.01781	0.01037	0.01028	0.03383	0.02051	0.64938	0.04847	0.02575	0.01955	0.00915	0.00723	0.00222	0.00596	0.00746	0.04855	0.01192
54	0.79588	0.01406	0.01068	0.00956	0.01406	0.01631	0.00787	0.02137	0.01237	0.03261	0.01012	0.01181	0.00787	0.00675	0.00450	0.00225	0.00562	0.00394	0.00450	0.00787
55	0.02663	0.08302	0.02178	0.01830	0.02221	0.66885	0.01394	0.02853	0.02020	0.01774	0.01116	0.01301	0.00936	0.00740	0.00643	0.00185	0.01275	0.00463	0.00370	0.00849
56	0.02595	0.01911	0.02062	0.01613	0.02147	0.02105	0.01318	0.61553	0.03237	0.04338	0.01947	0.08202	0.01555	0.00998	0.00745	0.00225	0.00766	0.00781	0.00722	0.01178
57	0.01004	0.00736	0.00935	0.00896	0.01064	0.00674	0.00664	0.01310	0.01953	0.02716	0.57653	0.08875	0.13442	0.03723	0.00945	0.00248	0.00360	0.01367	0.00770	0.00666
58	0.01530	0.05726	0.64111	0.02133	0.05988	0.01710	0.02585	0.02325	0.01551	0.03902	0.01336	0.01558	0.00952	0.00692	0.00686	0.00227	0.01045	0.00542	0.00323	0.01077
59	0.00955	0.00728	0.00807	0.00812	0.00963	0.00659	0.00566	0.01110	0.01524	0.01933	0.14108	0.08607	0.36039	0.23515	0.01716	0.00386	0.00479	0.03900	0.00622	0.00573
60	0.01685	0.04542	0.01656	0.01130	0.01767	0.01133	0.00919	0.05824	0.01647	0.05743	0.01382	0.01553	0.01115	0.00579	0.00556	0.00122	0.00568	0.00457	0.00466	0.67158
61	0.01432	0.01379	0.02245	0.50221	0.04077	0.01760	0.04356	0.01833	0.01370	0.01843	0.01230	0.01875	0.00993	0.00986	0.03030	0.00286	0.19296	0.00655	0.00325	0.00807
62	0.45778	0.01696	0.07649	0.08250	0.16628	0.01682	0.01398	0.04995	0.01467	0.02920	0.01171	0.01437	0.00913	0.00684	0.00565	0.00225	0.00718	0.00495	0.00419	0.00912
63	0.00927	0.00713	0.00993	0.01066	0.01169	0.00657	0.03853	0.01081	0.01434	0.01880	0.04296	0.59264	0.13483	0.04262	0.00997	0.00298	0.00461	0.01905	0.00653	0.00608
64	0.00910	0.00653	0.00826	0.00953	0.01007	0.00611	0.00627	0.01022	0.01362	0.01795	0.04032	0.57110	0.10202	0.13647	0.01360	0.00356	0.00462	0.01860	0.00638	0.00569
65	0.02601	0.03224	0.02007	0.01823	0.02202	0.62733	0.01372	0.03024	0.10461	0.01938	0.01355	0.01488	0.01098	0.00779	0.00666	0.00195	0.01218	0.00513	0.00421	0.00882
66	0.76842	0.01402	0.01107	0.03475	0.01532	0.01630	0.00830	0.02127	0.01245	0.03212	0.01022	0.01207	0.00794	0.00677	0.00460	0.00226	0.00577	0.00402	0.00445	0.00788
67	0.01716	0.01961	0.04289	0.03064	0.03799	0.01838	0.67279	0.02328	0.01716	0.02328	0.01471	0.01961	0.01103	0.00613	0.00858	0.00245	0.01225	0.00858	0.00368	0.00980
68	0.02658	0.03369	0.02068	0.01874	0.02230	0.68000	0.01414	0.02844	0.02012	0.01778	0.01115	0.01325	0.00937	0.00776	0.00744	0.00194	0.04974	0.00477	0.00372	0.00840
69	0.00901	0.00643	0.00861	0.01029	0.01078	0.00603	0.00701	0.01038	0.01406	0.01872	0.03998	0.70540	0.04775	0.02263	0.00932	0.00297	0.00435	0.05358	0.00674	0.00595
70	0.19911	0.01315	0.01577	0.01239	0.01778	0.01252	0.01023	0.06498	0.01964	0.52391	0.02405	0.02154	0.01550	0.00849	0.00669	0.00225	0.00616	0.00653	0.00793	0.01139
71	0.02617	0.01851	0.02028	0.01567	0.02126	0.01986	0.01284	0.54414	0.03073	0.09388	0.01907	0.05256	0.01440	0.00917	0.00723	0.00214	0.00748	0.00711	0.00716	0.07033
72	0.01782	0.01832	0.06436	0.04339	0.66484	0.01725	0.02254	0.02235	0.01649	0.02371	0.01364	0.01785	0.01140	0.00650	0.00718	0.00217	0.00874	0.00642	0.00357	0.01147
73	0.01926	0.72329	0.06218	0.01274	0.01912	0.02833	0.01296	0.02181	0.01479	0.01732	0.01021	0.01179	0.00932	0.00624	0.00474	0.00158	0.00788	0.00394	0.00311	0.00938
74	0.01564	0.01707	0.03618	0.02655	0.03253	0.01602	0.54352	0.02075	0.01636	0.02214	0.01874	0.12364	0.01710	0.04649	0.01014	0.00276	0.01084	0.01040	0.00415	0.00897
75	0.02777	0.01911	0.02092	0.01615	0.02185	0.02082	0.01330	0.56196	0.06575	0.12793	0.01948	0.01886	0.01357	0.00882	0.00728	0.00220	0.00766	0.00673	0.00750	0.01232
76	0.01568	0.01440	0.02135	0.35119	0.17714	0.01656	0.01759	0.02480	0.20736	0.02310	0.02016	0.02322	0.03970	0.00827	0.00734	0.00238	0.00811	0.00730	0.00463	0.00971
77	0.00931	0.00665	0.00896	0.01064	0.01126	0.00630	0.00754	0.01091	0.01436	0.01906	0.03981	0.63533	0.04709	0.02235	0.00940	0.00301	0.00461	0.12065	0.00674	0.00603
78	0.02090	0.01400	0.01630	0.01357	0.01732	0.01520	0.01077	0.30065	0.05678	0.11072	0.02072	0.02540	0.01682	0.10471	0.19363	0.00520	0.01039	0.00751	0.02967	0.00973
79	0.01506	0.03697	0.68185	0.02057	0.03114	0.01709	0.02638	0.04684	0.01603	0.02385	0.01321	0.01542	0.00932	0.00697	0.00692	0.00230	0.01064	0.00541	0.00322	0.01080
80	0.01507	0.01292	0.01507	0.01077	0.01723	0.00969	0.00861	0.01830	0.01507	0.02369	0.01292	0.01507	0.01077	0.00538	0.00538	0.00108	0.00538	0.00431	0.00431	0.78898
81	0.00929	0.00754	0.00808	0.00812	0.01017	0.00669	0.00590	0.01176	0.04037	0.02046	0.12812	0.12844	0.49449	0.07490	0.01083	0.00284	0.00404	0.01499	0.00672	0.00625
