[name]
unknown

[dist]
# distance from previous block
# <min> <max>
0	140

[block]
# block no. 0 follows, 27 sequences, length 9
# corresponding to MSA columns:
# 140-148
name=unknown_A
#
# <colnr> <probs for GDERKNQSTAVLIFYWHMCP>
#	G	D	E	R	K	N	Q	S	T	A	V	L	I	F	Y	W	H	M	C	P
0	0.05709	0.06535	0.01968	0.01901	0.13262	0.04448	0.01296	0.12104	0.04807	0.10915	0.06315	0.06336	0.02221	0.07956	0.01135	0.00287	0.04914	0.06340	0.00588	0.00964
1	0.06753	0.10564	0.14104	0.12955	0.05878	0.04848	0.03718	0.12059	0.06471	0.05858	0.01799	0.08531	0.01518	0.00912	0.00708	0.00231	0.00854	0.00747	0.00493	0.01001
2	0.05843	0.02347	0.02275	0.13463	0.18528	0.30920	0.04718	0.02461	0.01804	0.02156	0.01356	0.01707	0.01097	0.00735	0.00683	0.00210	0.01048	0.00584	0.07145	0.00919
3	0.25504	0.06041	0.04802	0.01601	0.06534	0.13643	0.01229	0.14742	0.01936	0.07713	0.01494	0.01838	0.01211	0.07668	0.00915	0.00264	0.00827	0.00579	0.00512	0.00948
4	0.20898	0.01948	0.06915	0.18627	0.10630	0.12221	0.05659	0.05020	0.01655	0.02484	0.01457	0.06594	0.01249	0.00830	0.00681	0.00233	0.00906	0.00675	0.00419	0.00900
5	0.14647	0.01859	0.03788	0.01493	0.01951	0.13146	0.06784	0.12443	0.06659	0.07036	0.01761	0.02116	0.01411	0.07688	0.00947	0.00258	0.00808	0.00650	0.08245	0.06308
6	0.08088	0.01100	0.01233	0.01281	0.06192	0.01110	0.00907	0.08389	0.07807	0.02516	0.04835	0.08916	0.34656	0.01755	0.04900	0.00306	0.00605	0.03965	0.00641	0.00801
7	0.09194	0.01971	0.01859	0.01538	0.02031	0.11680	0.01231	0.28711	0.16806	0.09808	0.02338	0.02265	0.05396	0.00941	0.00719	0.00227	0.00777	0.00715	0.00683	0.01110
8	0.36783	0.09126	0.01717	0.01236	0.01720	0.01813	0.01027	0.19182	0.01967	0.09412	0.01691	0.08296	0.01421	0.00912	0.00608	0.00227	0.00653	0.00664	0.00582	0.00963

[dist]
# distance from previous block
# <min> <max>
1	6

[block]
# block no. 1 follows, 27 sequences, length 12
# corresponding to MSA columns:
# 155-166
name=unknown_B
#
# <colnr> <probs for GDERKNQSTAVLIFYWHMCP>
#	G	D	E	R	K	N	Q	S	T	A	V	L	I	F	Y	W	H	M	C	P
0	0.01595	0.01504	0.02049	0.13251	0.02414	0.01972	0.01541	0.02255	0.16225	0.02096	0.01569	0.02039	0.01335	0.01471	0.07050	0.00363	0.39254	0.00705	0.00428	0.00884
1	0.01735	0.02281	0.18345	0.10086	0.05104	0.01906	0.27398	0.07880	0.03392	0.02458	0.01431	0.01846	0.01090	0.00782	0.01018	0.00254	0.10870	0.00724	0.00391	0.01009
2	0.18892	0.01346	0.01971	0.56121	0.04286	0.01653	0.01779	0.01961	0.01435	0.02219	0.01255	0.01805	0.00948	0.00730	0.00679	0.00243	0.00896	0.00602	0.00359	0.00820
3	0.01349	0.00974	0.01165	0.01168	0.01332	0.00994	0.00833	0.15832	0.01860	0.02486	0.03437	0.52039	0.03920	0.07506	0.01119	0.00316	0.00540	0.01707	0.00683	0.00740
4	0.01336	0.01088	0.01309	0.05139	0.04738	0.06373	0.01002	0.01613	0.01405	0.02022	0.02174	0.06936	0.03525	0.04675	0.31649	0.00658	0.04933	0.00830	0.17877	0.00716
5	0.02114	0.07842	0.02377	0.01818	0.02082	0.08309	0.01515	0.21510	0.01960	0.02657	0.01238	0.01612	0.01058	0.01076	0.01613	0.00269	0.38913	0.00620	0.00455	0.00963
6	0.02627	0.01194	0.01522	0.01226	0.01649	0.01113	0.00958	0.07784	0.04594	0.43898	0.05590	0.03136	0.02230	0.17365	0.01434	0.00340	0.00652	0.00845	0.00789	0.01052
7	0.00904	0.00646	0.00861	0.01034	0.01077	0.00603	0.00689	0.01034	0.01421	0.01895	0.04092	0.73426	0.04910	0.02326	0.00948	0.00301	0.00431	0.02110	0.00689	0.00603
8	0.02448	0.02489	0.01798	0.01583	0.01927	0.38854	0.01180	0.12092	0.02081	0.08071	0.01665	0.02300	0.01470	0.17251	0.01386	0.00318	0.01060	0.00665	0.00498	0.00863
9	0.00951	0.00677	0.00887	0.00994	0.01064	0.00634	0.00673	0.01120	0.01548	0.02104	0.18533	0.52925	0.05212	0.07606	0.01147	0.00318	0.00435	0.01859	0.00700	0.00613
10	0.54081	0.01532	0.01356	0.01142	0.01622	0.01728	0.00939	0.16764	0.01822	0.06846	0.01370	0.01484	0.01017	0.00755	0.00540	0.00225	0.00619	0.00494	0.04738	0.00923
11	0.19127	0.01575	0.01366	0.01254	0.01578	0.11258	0.00936	0.02517	0.22008	0.02521	0.02190	0.08693	0.02006	0.14683	0.01251	0.00323	0.00701	0.00826	0.00557	0.04631

[dist]
# distance from previous block
# <min> <max>
4	9

[block]
# block no. 2 follows, 27 sequences, length 29
# corresponding to MSA columns:
# 177-205
name=unknown_C
#
# <colnr> <probs for GDERKNQSTAVLIFYWHMCP>
#	G	D	E	R	K	N	Q	S	T	A	V	L	I	F	Y	W	H	M	C	P
0	0.01656	0.01467	0.02411	0.18561	0.21366	0.01562	0.09427	0.06026	0.04254	0.02241	0.01506	0.03665	0.01272	0.01081	0.01178	0.13160	0.03730	0.00716	0.00400	0.04319
1	0.01732	0.01806	0.06973	0.17411	0.52880	0.01739	0.02265	0.02209	0.01643	0.02319	0.01378	0.01848	0.01126	0.00680	0.00735	0.00227	0.00916	0.00654	0.00357	0.01103
2	0.01267	0.00645	0.00961	0.00971	0.00974	0.00642	0.00647	0.00971	0.00994	0.01325	0.01456	0.06487	0.01505	0.02564	0.02785	0.73759	0.00632	0.00732	0.00344	0.00339
3	0.01637	0.01873	0.08619	0.06416	0.12232	0.01843	0.26353	0.02101	0.01517	0.02178	0.01387	0.01926	0.01141	0.01126	0.05519	0.00319	0.19367	0.00740	0.02760	0.00945
4	0.01347	0.00765	0.00839	0.00829	0.01003	0.00802	0.00623	0.01773	0.05548	0.02564	0.02384	0.02876	0.01949	0.04558	0.12198	0.00367	0.00645	0.00733	0.57487	0.00707
5	0.02270	0.01701	0.01867	0.04433	0.04745	0.05915	0.01272	0.16180	0.25439	0.13973	0.02346	0.02409	0.01750	0.00911	0.00730	0.00224	0.00714	0.02662	0.00687	0.09771
6	0.02094	0.64559	0.03643	0.01359	0.01959	0.12344	0.01293	0.02326	0.01591	0.01756	0.01048	0.01211	0.00953	0.00653	0.00503	0.00163	0.00869	0.00408	0.00327	0.00940
7	0.01007	0.00913	0.00860	0.00851	0.01093	0.04811	0.00634	0.01208	0.01742	0.02079	0.12645	0.09742	0.56229	0.01801	0.00868	0.00248	0.00433	0.01507	0.00683	0.00646
8	0.01570	0.03726	0.67050	0.02081	0.03155	0.01696	0.02670	0.02407	0.01592	0.05325	0.01403	0.01610	0.00980	0.00715	0.00707	0.00235	0.01077	0.00557	0.00340	0.01104
9	0.01140	0.00941	0.01030	0.01006	0.01272	0.00918	0.00782	0.01769	0.15642	0.02395	0.14663	0.06144	0.39130	0.01666	0.00868	0.00259	0.00451	0.08444	0.00720	0.00758
10	0.01745	0.01981	0.04263	0.03063	0.03772	0.01899	0.62958	0.02345	0.01718	0.02345	0.01472	0.01981	0.01118	0.00663	0.00963	0.00254	0.05230	0.00863	0.00373	0.00991
11	0.01506	0.01425	0.02414	0.56036	0.20392	0.01677	0.02113	0.01988	0.01533	0.02023	0.01338	0.01945	0.01034	0.00723	0.00740	0.00241	0.00964	0.00660	0.00339	0.00908
12	0.01519	0.01526	0.01726	0.01598	0.01671	0.11150	0.01248	0.01680	0.01400	0.01868	0.04369	0.26170	0.02517	0.01582	0.01632	0.00295	0.35684	0.01147	0.00474	0.00744
13	0.01041	0.00758	0.00978	0.00923	0.01103	0.00696	0.00693	0.01381	0.02078	0.02920	0.65310	0.05639	0.10618	0.01539	0.00876	0.00234	0.00352	0.01356	0.00810	0.00696
14	0.00970	0.00713	0.00910	0.00951	0.01083	0.00652	0.00679	0.01212	0.01778	0.02422	0.35226	0.32930	0.13955	0.01887	0.00905	0.00263	0.00386	0.01678	0.00750	0.00652
15	0.01464	0.01402	0.02369	0.58909	0.09202	0.01719	0.04556	0.01932	0.01480	0.01943	0.01303	0.01941	0.01006	0.00779	0.00889	0.00252	0.06999	0.00667	0.00334	0.00855
16	0.02822	0.02079	0.02228	0.01708	0.02302	0.02302	0.01411	0.66804	0.03490	0.04679	0.01782	0.01782	0.01262	0.00891	0.00743	0.00223	0.00817	0.00668	0.00743	0.01262
17	0.00974	0.00791	0.00870	0.00866	0.01088	0.00711	0.00643	0.01302	0.05613	0.02266	0.20079	0.13780	0.44770	0.01800	0.00878	0.00253	0.00389	0.01535	0.00721	0.00672
18	0.12932	0.26717	0.02477	0.01352	0.01909	0.05930	0.01182	0.15531	0.02068	0.17790	0.04322	0.01792	0.01434	0.00800	0.00615	0.00202	0.00745	0.00573	0.00580	0.01049
19	0.03299	0.01314	0.01754	0.01345	0.01921	0.01167	0.01111	0.07575	0.02210	0.65716	0.02857	0.02480	0.01802	0.00917	0.00746	0.00229	0.00643	0.00742	0.00908	0.01263
20	0.01079	0.00724	0.00829	0.00829	0.00836	0.00730	0.00474	0.01092	0.01085	0.01454	0.02321	0.04758	0.02656	0.70404	0.07225	0.00744	0.00785	0.01065	0.00447	0.00461
21	0.00904	0.00646	0.00861	0.01034	0.01077	0.00603	0.00689	0.01034	0.01421	0.01895	0.04092	0.73426	0.04910	0.02326	0.00948	0.00301	0.00431	0.02110	0.00689	0.00603
22	0.06061	0.66864	0.07136	0.01298	0.01947	0.02808	0.01321	0.02227	0.01498	0.01862	0.01048	0.01211	0.00944	0.00642	0.00487	0.00166	0.00798	0.00405	0.00325	0.00952
23	0.06798	0.01481	0.01452	0.01220	0.01586	0.05596	0.00966	0.28479	0.02328	0.03427	0.01981	0.02298	0.01557	0.04886	0.02958	0.00258	0.00683	0.00676	0.30441	0.00929
24	0.01034	0.00797	0.00898	0.00884	0.01077	0.00729	0.00640	0.04205	0.01765	0.02276	0.20369	0.15442	0.35314	0.09788	0.01202	0.00304	0.00436	0.01494	0.00695	0.00651
25	0.02631	0.01951	0.02106	0.01652	0.02198	0.02161	0.01351	0.58385	0.07092	0.04381	0.01965	0.05124	0.01503	0.01089	0.02649	0.00254	0.00818	0.00747	0.00732	0.01211
26	0.33174	0.01625	0.04277	0.09092	0.02137	0.05558	0.01167	0.07766	0.01760	0.16813	0.04262	0.01828	0.01356	0.00789	0.00618	0.00222	0.00707	0.00574	0.00566	0.05710
27	0.01930	0.36299	0.28511	0.01626	0.02399	0.02245	0.01822	0.02405	0.01582	0.09511	0.01353	0.01501	0.01047	0.00724	0.00684	0.00203	0.04236	0.00505	0.00383	0.01035
28	0.02495	0.01643	0.01848	0.01617	0.04619	0.03996	0.01239	0.14038	0.32274	0.23889	0.02664	0.02449	0.01883	0.00939	0.00747	0.00237	0.00675	0.00764	0.00776	0.01206

[dist]
# distance from previous block
# <min> <max>
0	2

[block]
# block no. 3 follows, 27 sequences, length 41
# corresponding to MSA columns:
# 208-248
name=unknown_D
#
# <colnr> <probs for GDERKNQSTAVLIFYWHMCP>
#	G	D	E	R	K	N	Q	S	T	A	V	L	I	F	Y	W	H	M	C	P
0	0.01927	0.01158	0.01402	0.01239	0.01559	0.01151	0.00947	0.15999	0.05000	0.16253	0.06067	0.26742	0.02968	0.01524	0.00952	0.05602	0.00574	0.01208	0.03642	0.04086
1	0.01863	0.02008	0.03171	0.09361	0.03184	0.09965	0.30711	0.05694	0.03873	0.02261	0.01374	0.01841	0.01099	0.00850	0.01222	0.00261	0.19191	0.00739	0.00391	0.00939
2	0.01802	0.01922	0.02108	0.01861	0.01959	0.16255	0.01519	0.01988	0.01378	0.01819	0.01266	0.02096	0.01243	0.01467	0.05613	0.00345	0.49206	0.04981	0.00365	0.00805
3	0.01744	0.01508	0.02160	0.15971	0.02810	0.01440	0.10381	0.08601	0.06283	0.04638	0.01556	0.01832	0.01199	0.00676	0.00674	0.00182	0.00769	0.00605	0.00475	0.36496
4	0.00926	0.00676	0.00871	0.00986	0.01074	0.00622	0.00677	0.01098	0.01563	0.02086	0.15173	0.54951	0.12273	0.02143	0.00928	0.00285	0.00411	0.01924	0.00710	0.00622
5	0.01005	0.00739	0.00930	0.00917	0.01075	0.00676	0.00668	0.01283	0.01894	0.02605	0.47315	0.15951	0.15374	0.04992	0.01019	0.00268	0.00383	0.01478	0.00763	0.00664
6	0.01837	0.01764	0.03013	0.04557	0.69279	0.01764	0.02278	0.02278	0.01690	0.02425	0.01396	0.01837	0.01176	0.00661	0.00735	0.00220	0.00882	0.00661	0.00367	0.01176
7	0.01935	0.47970	0.23493	0.01526	0.02295	0.02440	0.01697	0.02363	0.01571	0.06889	0.01260	0.01401	0.01014	0.00677	0.00564	0.00187	0.00873	0.00468	0.00360	0.01018
8	0.02822	0.02079	0.02228	0.01708	0.02302	0.02302	0.01411	0.66804	0.03490	0.04679	0.01782	0.01782	0.01262	0.00891	0.00743	0.00223	0.00817	0.00668	0.00743	0.01262
9	0.01187	0.00785	0.00966	0.00931	0.01145	0.00698	0.00693	0.01445	0.01866	0.08760	0.33205	0.17009	0.25115	0.01706	0.00876	0.00250	0.00398	0.01483	0.00766	0.00714
10	0.10648	0.01557	0.05249	0.01347	0.01898	0.01413	0.01156	0.18091	0.02211	0.22079	0.08459	0.02556	0.02026	0.00925	0.00705	0.00214	0.00656	0.03749	0.00691	0.14370
11	0.01968	0.71040	0.03816	0.01301	0.01907	0.02907	0.01286	0.02203	0.01491	0.01748	0.01029	0.01211	0.00954	0.00665	0.00566	0.00166	0.04066	0.00408	0.00318	0.00946
12	0.00938	0.00763	0.00839	0.00861	0.01087	0.00664	0.00666	0.01161	0.01726	0.02127	0.13037	0.09273	0.52111	0.01881	0.00899	0.00263	0.00416	0.09944	0.00701	0.00641
13	0.01341	0.00819	0.01053	0.00976	0.01205	0.00737	0.00738	0.01639	0.01985	0.12320	0.45127	0.12008	0.14059	0.01558	0.00864	0.00242	0.00402	0.01362	0.00803	0.00762
14	0.49464	0.01501	0.03732	0.12465	0.06786	0.01593	0.01190	0.02224	0.01410	0.07277	0.01254	0.01489	0.00948	0.00703	0.00555	0.00225	0.00680	0.00490	0.00457	0.05558
15	0.03331	0.01263	0.01723	0.01321	0.01895	0.01091	0.01091	0.03618	0.02125	0.69794	0.02929	0.02527	0.01838	0.00919	0.00747	0.00230	0.00632	0.00747	0.00919	0.01263
16	0.00922	0.00674	0.00867	0.00988	0.01073	0.00619	0.00677	0.01089	0.01547	0.02059	0.13534	0.56433	0.12460	0.02162	0.00930	0.00286	0.00413	0.01942	0.00707	0.00619
17	0.16893	0.01241	0.07412	0.01241	0.04334	0.01049	0.01000	0.01797	0.01802	0.07438	0.35381	0.10639	0.04403	0.01280	0.00769	0.00239	0.00513	0.01088	0.00675	0.00807
18	0.17298	0.01149	0.01256	0.01122	0.01355	0.01254	0.00829	0.14103	0.05571	0.02486	0.01588	0.02357	0.01447	0.12000	0.01989	0.31708	0.00671	0.00674	0.00475	0.00671
19	0.00936	0.00803	0.00808	0.00798	0.01059	0.00700	0.00601	0.01239	0.05690	0.02072	0.07249	0.06880	0.64952	0.01827	0.00870	0.00251	0.00389	0.01523	0.00693	0.00660
20	0.00904	0.00646	0.00861	0.01034	0.01077	0.00603	0.00689	0.01034	0.01421	0.01895	0.04092	0.73426	0.04910	0.02326	0.00948	0.00301	0.00431	0.02110	0.00689	0.00603
21	0.10714	0.01788	0.06568	0.04295	0.02903	0.01704	0.32337	0.02358	0.01648	0.11793	0.01929	0.02223	0.05250	0.00844	0.00998	0.00254	0.10164	0.00793	0.00469	0.00968
22	0.01971	0.03797	0.01842	0.01453	0.01836	0.07901	0.08388	0.20070	0.02129	0.04798	0.02031	0.05362	0.01685	0.05074	0.05387	0.00299	0.00824	0.00767	0.23478	0.00907
23	0.01886	0.01895	0.02750	0.09316	0.52217	0.09358	0.02072	0.02296	0.01710	0.02316	0.01358	0.01773	0.01132	0.00672	0.00716	0.00212	0.00918	0.00626	0.00371	0.06407
24	0.02730	0.02655	0.02234	0.02000	0.07183	0.30440	0.01484	0.35888	0.02790	0.03339	0.01494	0.01604	0.01130	0.00823	0.00712	0.00210	0.01036	0.00590	0.00567	0.01091
25	0.15482	0.02513	0.31783	0.12151	0.09222	0.01654	0.05487	0.02373	0.01577	0.08979	0.01447	0.01703	0.01042	0.00720	0.00683	0.00235	0.00932	0.00585	0.00408	0.01024
26	0.03135	0.01342	0.01753	0.01337	0.01920	0.01192	0.01102	0.09162	0.02199	0.58282	0.02691	0.02377	0.01724	0.00885	0.00730	0.00219	0.00642	0.00714	0.00863	0.07733
27	0.01163	0.00911	0.01075	0.01037	0.01260	0.00903	0.00784	0.01798	0.14613	0.02691	0.36340	0.12093	0.17055	0.01584	0.00865	0.00251	0.00420	0.03624	0.00765	0.00768
28	0.01025	0.00749	0.00977	0.01070	0.01182	0.00722	0.00775	0.01340	0.05135	0.02280	0.21021	0.44565	0.05249	0.02013	0.00927	0.00286	0.00446	0.08843	0.00726	0.00668
29	0.21937	0.01560	0.01801	0.15154	0.06507	0.01743	0.01330	0.21176	0.05288	0.07862	0.01860	0.02019	0.03760	0.00840	0.00666	0.00230	0.00731	0.00646	0.03886	0.01003
30	0.00999	0.00741	0.00954	0.01088	0.01220	0.00695	0.00837	0.01215	0.01579	0.02032	0.04774	0.36685	0.18482	0.02135	0.00959	0.00304	0.00506	0.23472	0.00687	0.00636
31	0.08454	0.01291	0.01677	0.01306	0.01865	0.01167	0.01075	0.03535	0.05240	0.62023	0.02803	0.02448	0.01788	0.00907	0.00727	0.00231	0.00626	0.00727	0.00879	0.01228
32	0.02891	0.01626	0.01911	0.01485	0.02038	0.01662	0.01219	0.32755	0.05702	0.32623	0.06386	0.02375	0.01903	0.00946	0.00753	0.00228	0.00698	0.00751	0.00824	0.01225
33	0.02348	0.19335	0.07232	0.01999	0.08815	0.35166	0.01549	0.06147	0.06794	0.02144	0.01329	0.01498	0.01088	0.00746	0.00644	0.00196	0.01070	0.00519	0.00408	0.00973
34	0.01290	0.00946	0.04212	0.01042	0.01292	0.00785	0.00845	0.01646	0.02036	0.09385	0.54440	0.08423	0.06047	0.01476	0.00863	0.00239	0.00425	0.03044	0.00794	0.00768
35	0.01935	0.01042	0.01322	0.01143	0.01473	0.00993	0.00885	0.02482	0.11334	0.25575	0.30839	0.06494	0.04244	0.05639	0.00992	0.00267	0.00505	0.01080	0.00816	0.00940
36	0.01054	0.00895	0.04264	0.00960	0.01180	0.00732	0.00769	0.01389	0.01938	0.02717	0.48558	0.10440	0.15170	0.01556	0.00854	0.00238	0.00396	0.01359	0.04832	0.00701
37	0.01806	0.01769	0.02840	0.15802	0.55490	0.04841	0.02204	0.02245	0.01674	0.02309	0.01372	0.01839	0.01135	0.00680	0.00733	0.00224	0.00920	0.00653	0.00362	0.01103
38	0.00946	0.00693	0.00898	0.01046	0.01138	0.00646	0.00751	0.01117	0.01504	0.01962	0.04546	0.54001	0.13763	0.02221	0.00950	0.00301	0.00463	0.11748	0.00688	0.00619
39	0.01087	0.00773	0.00920	0.00887	0.01104	0.00682	0.00663	0.01348	0.01877	0.06004	0.34631	0.11555	0.32344	0.01702	0.00875	0.00246	0.00382	0.01467	0.00759	0.00692
40	0.11239	0.02001	0.02038	0.22110	0.06505	0.15961	0.01540	0.19330	0.04852	0.02887	0.01482	0.01756	0.01124	0.00790	0.00687	0.00224	0.00924	0.00603	0.02973	0.00974

[dist]
# distance from previous block
# <min> <max>
5	7

[block]
# block no. 4 follows, 27 sequences, length 14
# corresponding to MSA columns:
# 256-269
name=unknown_E
#
# <colnr> <probs for GDERKNQSTAVLIFYWHMCP>
#	G	D	E	R	K	N	Q	S	T	A	V	L	I	F	Y	W	H	M	C	P
0	0.00923	0.00669	0.00876	0.01035	0.01103	0.00622	0.00715	0.01071	0.01462	0.01926	0.04346	0.63743	0.09831	0.02272	0.00948	0.00300	0.00444	0.06413	0.00689	0.00610
1	0.01698	0.02103	0.10092	0.07797	0.03811	0.01867	0.53097	0.02313	0.01687	0.02313	0.01448	0.01943	0.01093	0.00674	0.00928	0.00252	0.04713	0.00820	0.00364	0.00988
2	0.02118	0.01792	0.01833	0.01480	0.01956	0.08943	0.01177	0.28870	0.02369	0.03182	0.01869	0.11893	0.01689	0.01013	0.00813	0.00206	0.05072	0.00790	0.00588	0.22345
3	0.03793	0.03456	0.01784	0.08965	0.01975	0.01595	0.01312	0.01603	0.01228	0.01829	0.01595	0.06666	0.01552	0.02877	0.27910	0.00635	0.29316	0.00783	0.00380	0.00748
4	0.09547	0.00946	0.01115	0.01062	0.01264	0.00969	0.00789	0.06857	0.01727	0.05915	0.20577	0.16227	0.03885	0.14499	0.07985	0.00425	0.00676	0.04167	0.00646	0.00721
5	0.01416	0.01091	0.01176	0.01179	0.01377	0.05775	0.00852	0.08297	0.04241	0.05973	0.03741	0.47543	0.08861	0.01864	0.00874	0.00271	0.00550	0.01642	0.00682	0.02595
6	0.02004	0.51322	0.08601	0.01497	0.02061	0.11381	0.01447	0.02275	0.01545	0.01807	0.01063	0.01290	0.00955	0.00736	0.00750	0.00188	0.09367	0.00449	0.00326	0.00936
7	0.00932	0.00672	0.00866	0.00998	0.01066	0.00626	0.00676	0.01076	0.01468	0.01947	0.08324	0.57218	0.09828	0.07484	0.01147	0.00325	0.00449	0.03612	0.00680	0.00602
8	0.01134	0.00894	0.01006	0.00938	0.01190	0.00844	0.00714	0.05373	0.06596	0.02647	0.32330	0.05852	0.34512	0.01609	0.00860	0.00242	0.00407	0.01369	0.00750	0.00734
9	0.01669	0.01917	0.09133	0.06975	0.02284	0.10141	0.04719	0.01981	0.01402	0.01984	0.01316	0.01851	0.01145	0.01390	0.07036	0.00342	0.34692	0.00646	0.08545	0.00833
10	0.01730	0.01368	0.01557	0.01181	0.01744	0.01193	0.00941	0.14423	0.01911	0.02847	0.01700	0.06957	0.01474	0.00771	0.00614	0.00151	0.00577	0.00627	0.06624	0.51610
11	0.00919	0.00668	0.00856	0.00987	0.01058	0.00617	0.00665	0.01062	0.01476	0.01953	0.08469	0.58816	0.11701	0.05689	0.01072	0.00312	0.00434	0.01955	0.00686	0.00604
12	0.02425	0.01798	0.01964	0.01541	0.02062	0.01934	0.01253	0.51165	0.03076	0.04165	0.08974	0.06485	0.02077	0.01019	0.00755	0.00220	0.00725	0.00810	0.00725	0.06826
13	0.02468	0.09546	0.02258	0.01548	0.02139	0.02113	0.01295	0.47404	0.02891	0.03907	0.01638	0.01723	0.01226	0.00981	0.03240	0.00234	0.00815	0.00608	0.00638	0.13329

[dist]
# distance from previous block
# <min> <max>
0	2

[block]
# block no. 5 follows, 27 sequences, length 49
# corresponding to MSA columns:
# 272-320
name=unknown_F
#
# <colnr> <probs for GDERKNQSTAVLIFYWHMCP>
#	G	D	E	R	K	N	Q	S	T	A	V	L	I	F	Y	W	H	M	C	P
0	0.02362	0.01793	0.01875	0.04022	0.02090	0.04835	0.01240	0.45025	0.05316	0.03890	0.02341	0.05174	0.06125	0.01007	0.00732	0.00223	0.00739	0.00788	0.09330	0.01093
1	0.02176	0.01522	0.01678	0.01382	0.01788	0.01653	0.01097	0.36690	0.06730	0.06262	0.04928	0.06999	0.02036	0.06698	0.04957	0.00316	0.00752	0.00842	0.10468	0.01026
2	0.01801	0.01690	0.02546	0.09743	0.04668	0.04152	0.12657	0.06098	0.01535	0.05054	0.01320	0.01825	0.01105	0.01026	0.01613	0.00279	0.37357	0.00692	0.03936	0.00900
3	0.01824	0.02350	0.11344	0.02835	0.03552	0.09113	0.49698	0.02409	0.01740	0.02289	0.01422	0.01867	0.01081	0.00680	0.00907	0.00246	0.04499	0.00788	0.00367	0.00989
4	0.01189	0.01001	0.04221	0.01132	0.01332	0.00901	0.00878	0.05571	0.06783	0.02518	0.24289	0.32781	0.04837	0.05211	0.01025	0.00290	0.00496	0.04100	0.00709	0.00737
5	0.01673	0.09127	0.33603	0.09301	0.07447	0.01892	0.18771	0.05240	0.01697	0.02371	0.01372	0.01712	0.01023	0.00688	0.00736	0.00232	0.01073	0.00642	0.00354	0.01046
6	0.01144	0.00779	0.01022	0.00950	0.01141	0.00716	0.00716	0.01492	0.02102	0.05707	0.66193	0.05422	0.06794	0.01493	0.00870	0.00233	0.00362	0.01318	0.00821	0.00723
7	0.02943	0.01551	0.04110	0.01423	0.01989	0.01442	0.01204	0.22294	0.02493	0.42605	0.05525	0.02418	0.01874	0.00929	0.00742	0.00226	0.00680	0.00742	0.03599	0.01211
8	0.01129	0.00919	0.01027	0.03565	0.01361	0.00890	0.00783	0.05402	0.08087	0.02260	0.05686	0.18887	0.40630	0.01788	0.00873	0.00263	0.00471	0.04572	0.00686	0.00723
9	0.02283	0.01709	0.01947	0.05797	0.02255	0.01751	0.01273	0.37829	0.02647	0.06034	0.01797	0.02164	0.01408	0.00858	0.00705	0.00200	0.00736	0.04588	0.00633	0.23387
10	0.01511	0.00843	0.00859	0.00813	0.01030	0.00874	0.00621	0.06317	0.05846	0.02919	0.02416	0.02700	0.01882	0.00876	0.00549	0.00181	0.00393	0.00700	0.67909	0.00761
11	0.03242	0.01331	0.01756	0.01354	0.01924	0.01201	0.01116	0.07949	0.04614	0.62914	0.02854	0.02485	0.01814	0.00920	0.00747	0.00230	0.00643	0.00745	0.00901	0.01260
12	0.02010	0.01639	0.01691	0.06255	0.02057	0.08147	0.01181	0.15262	0.24712	0.08125	0.12559	0.03129	0.07843	0.01082	0.00771	0.00236	0.00682	0.00885	0.00705	0.01031
13	0.07877	0.01333	0.01712	0.01329	0.01892	0.01223	0.01095	0.07186	0.04512	0.59589	0.02750	0.02412	0.01757	0.00906	0.00729	0.00230	0.00637	0.00724	0.00875	0.01232
14	0.00919	0.00656	0.00878	0.01050	0.01099	0.00615	0.00714	0.01058	0.01435	0.01911	0.04084	0.70253	0.04879	0.02312	0.00951	0.00303	0.00443	0.05143	0.00689	0.00607
15	0.02707	0.03256	0.02128	0.01892	0.02274	0.59004	0.01444	0.09985	0.02197	0.02133	0.01207	0.01406	0.00991	0.00812	0.00788	0.00203	0.05740	0.00510	0.00419	0.00902
16	0.01466	0.00911	0.01207	0.01193	0.01374	0.00909	0.00920	0.03799	0.01719	0.12207	0.13652	0.27102	0.04134	0.06887	0.01207	0.00317	0.04937	0.14598	0.00705	0.00756
17	0.00974	0.00793	0.00847	0.00831	0.01069	0.00696	0.00622	0.03463	0.01796	0.02232	0.15850	0.11255	0.53320	0.01823	0.00877	0.00251	0.00392	0.01540	0.00710	0.00658
18	0.00923	0.00675	0.00849	0.00968	0.01047	0.00622	0.00653	0.01065	0.01478	0.01944	0.08529	0.53968	0.14484	0.07702	0.01150	0.00322	0.00440	0.01902	0.00679	0.00601
19	0.02327	0.01708	0.01889	0.01502	0.02010	0.01811	0.01221	0.43367	0.05480	0.05784	0.07972	0.06656	0.02134	0.01042	0.00756	0.00222	0.00704	0.03073	0.00716	0.09627
20	0.02561	0.03124	0.02053	0.01949	0.05460	0.57777	0.01414	0.05681	0.02077	0.01978	0.01455	0.01676	0.03331	0.01097	0.04975	0.00257	0.01300	0.00552	0.00409	0.00874
21	0.00949	0.00693	0.00898	0.01009	0.01107	0.00641	0.00714	0.01140	0.01595	0.02129	0.16372	0.49346	0.12003	0.02111	0.00932	0.00286	0.00428	0.06304	0.00712	0.00629
22	0.07340	0.01950	0.02124	0.12051	0.02643	0.04408	0.01458	0.47830	0.06332	0.04008	0.01710	0.01812	0.01235	0.00858	0.00723	0.00227	0.00833	0.00653	0.00653	0.01151
23	0.02087	0.01688	0.11770	0.01660	0.06561	0.01374	0.01397	0.14806	0.04549	0.19040	0.13935	0.07536	0.02847	0.01150	0.00797	0.00244	0.00695	0.06120	0.00701	0.01044
24	0.01818	0.01699	0.02635	0.07076	0.48986	0.01779	0.01987	0.02684	0.18564	0.02573	0.01807	0.02082	0.01445	0.00753	0.00741	0.00230	0.00812	0.00707	0.00464	0.01159
25	0.05071	0.01834	0.02593	0.18093	0.38699	0.07030	0.01990	0.11141	0.01909	0.02615	0.01400	0.01797	0.01117	0.00719	0.00721	0.00225	0.00918	0.00638	0.00416	0.01075
26	0.04370	0.07957	0.60850	0.01992	0.03017	0.01771	0.02518	0.02387	0.01575	0.05020	0.01366	0.01569	0.00972	0.00709	0.00684	0.00230	0.01041	0.00542	0.00343	0.01084
27	0.06625	0.01839	0.02730	0.10057	0.51975	0.06499	0.02074	0.05045	0.01751	0.02488	0.01367	0.01775	0.01125	0.00687	0.00715	0.00222	0.00901	0.00633	0.00387	0.01104
28	0.01579	0.03233	0.52190	0.02277	0.07331	0.01657	0.09207	0.02337	0.01648	0.04861	0.05537	0.01908	0.01378	0.00752	0.00737	0.00235	0.01037	0.00646	0.00376	0.01074
29	0.01177	0.00790	0.01015	0.00941	0.01148	0.00718	0.00712	0.01508	0.02064	0.07069	0.58985	0.05507	0.12511	0.01514	0.00868	0.00235	0.00370	0.01326	0.00812	0.00729
30	0.01268	0.00664	0.00975	0.00988	0.01009	0.00659	0.00681	0.01011	0.01046	0.01382	0.01704	0.02868	0.03974	0.02516	0.02695	0.70024	0.00638	0.05179	0.00361	0.00359
31	0.01665	0.15606	0.39938	0.02526	0.15808	0.01957	0.07842	0.02317	0.01597	0.02262	0.01307	0.01591	0.01004	0.00678	0.00686	0.00220	0.01016	0.00572	0.00330	0.01079
32	0.01177	0.00812	0.00907	0.00862	0.01134	0.00696	0.00664	0.01405	0.01798	0.09426	0.15793	0.06463	0.50402	0.01731	0.00869	0.00249	0.00411	0.03761	0.00732	0.00708
33	0.00931	0.00664	0.00880	0.01031	0.01085	0.00623	0.00699	0.01077	0.01461	0.01956	0.08034	0.64101	0.04929	0.05101	0.01058	0.00315	0.00446	0.04316	0.00687	0.00606
34	0.01642	0.07233	0.22659	0.07739	0.35716	0.01738	0.02201	0.02178	0.01628	0.02290	0.01817	0.02130	0.06282	0.00771	0.00720	0.00225	0.00908	0.00679	0.00370	0.01072
35	0.01695	0.11700	0.39233	0.02443	0.16529	0.01909	0.02269	0.04286	0.08488	0.02436	0.01496	0.01707	0.01136	0.00724	0.00690	0.00224	0.00955	0.00587	0.00383	0.01108
36	0.05233	0.01734	0.08131	0.01542	0.02025	0.01702	0.01330	0.05694	0.38514	0.14806	0.02624	0.02638	0.01959	0.01001	0.00851	0.00252	0.05160	0.02971	0.00701	0.01131
37	0.01887	0.07704	0.20729	0.02816	0.26660	0.15489	0.02036	0.02420	0.03880	0.02212	0.01398	0.01725	0.01136	0.01039	0.05498	0.00282	0.01090	0.00591	0.00367	0.01041
38	0.01961	0.01343	0.01510	0.01309	0.01715	0.01420	0.01030	0.08171	0.32554	0.15501	0.12176	0.03625	0.12112	0.01171	0.00786	0.00243	0.00553	0.00977	0.00784	0.01059
39	0.01248	0.00936	0.01137	0.01044	0.01274	0.00928	0.00794	0.06309	0.09023	0.03034	0.52400	0.07186	0.08865	0.01462	0.00856	0.00238	0.00412	0.01276	0.00796	0.00784
40	0.12990	0.07101	0.04042	0.01198	0.01593	0.01484	0.00995	0.11929	0.13437	0.02943	0.14998	0.06030	0.13362	0.03723	0.00840	0.00251	0.00578	0.00965	0.00647	0.00894
41	0.01950	0.07379	0.02640	0.07355	0.02599	0.11839	0.16677	0.11676	0.01850	0.02413	0.01440	0.01859	0.01172	0.01133	0.04506	0.03086	0.12727	0.00673	0.06117	0.00908
42	0.00993	0.00760	0.00916	0.00937	0.01105	0.00700	0.00679	0.01308	0.04603	0.02393	0.29856	0.25827	0.23524	0.01835	0.00892	0.00259	0.00391	0.01609	0.00741	0.00671
43	0.01209	0.00804	0.00967	0.00899	0.01135	0.00711	0.00679	0.01480	0.01915	0.09061	0.37133	0.05827	0.29596	0.04119	0.00965	0.00257	0.00400	0.01359	0.00766	0.00719
44	0.23412	0.01824	0.07059	0.08500	0.06913	0.05951	0.05034	0.07581	0.06505	0.07926	0.01545	0.01770	0.01170	0.00817	0.00815	0.00238	0.07571	0.00602	0.03805	0.00963
45	0.05634	0.03090	0.01935	0.01760	0.02112	0.58085	0.01330	0.02716	0.01980	0.01923	0.01577	0.01758	0.05203	0.00859	0.00749	0.00202	0.04463	0.00558	0.03229	0.00835
46	0.00918	0.00726	0.00828	0.00875	0.01054	0.00637	0.00637	0.01115	0.01669	0.02108	0.14479	0.25900	0.40569	0.01965	0.00902	0.00266	0.00398	0.03617	0.00706	0.00631
47	0.01598	0.01587	0.02918	0.28018	0.25928	0.01671	0.17679	0.02082	0.01614	0.02189	0.01579	0.06822	0.01353	0.00795	0.00786	0.00243	0.00979	0.00812	0.00378	0.00969
48	0.10356	0.15005	0.14727	0.03502	0.06415	0.10091	0.04747	0.10503	0.01868	0.06785	0.01580	0.01758	0.02831	0.00785	0.00709	0.00215	0.03310	0.00586	0.03227	0.01001

[dist]
# distance from previous block
# <min> <max>
1	4

[block]
# block no. 6 follows, 27 sequences, length 43
# corresponding to MSA columns:
# 325-367
name=unknown_G
#
# <colnr> <probs for GDERKNQSTAVLIFYWHMCP>
#	G	D	E	R	K	N	Q	S	T	A	V	L	I	F	Y	W	H	M	C	P
0	0.41761	0.05125	0.09602	0.04761	0.05630	0.01632	0.01203	0.06142	0.01554	0.03029	0.04471	0.01721	0.01289	0.00759	0.00562	0.00221	0.00665	0.00537	0.08456	0.00880
1	0.12588	0.01876	0.01648	0.01461	0.01862	0.17088	0.01156	0.10848	0.16388	0.08979	0.08457	0.02843	0.02221	0.01145	0.02559	0.00260	0.00809	0.06203	0.00635	0.00973
2	0.01567	0.01633	0.09041	0.02752	0.29540	0.01411	0.04565	0.05965	0.01823	0.02516	0.08275	0.06115	0.07692	0.01160	0.00823	0.00252	0.00779	0.12602	0.00519	0.00972
3	0.02133	0.01664	0.02128	0.01803	0.08097	0.01611	0.06303	0.26562	0.02333	0.06853	0.01735	0.05202	0.01393	0.00800	0.00694	0.00189	0.00733	0.00677	0.00581	0.28510
4	0.01325	0.01050	0.01084	0.01024	0.01285	0.05200	0.00781	0.01757	0.08520	0.06728	0.22454	0.05587	0.30627	0.04564	0.00972	0.00266	0.00498	0.04809	0.00716	0.00753
5	0.01477	0.03554	0.62741	0.02152	0.06053	0.01662	0.02595	0.02288	0.01606	0.02393	0.05548	0.01828	0.01329	0.00754	0.00717	0.00234	0.01041	0.00603	0.00347	0.01076
6	0.01195	0.00880	0.01139	0.01131	0.01247	0.03920	0.00847	0.01351	0.01213	0.01709	0.01891	0.02857	0.01783	0.08977	0.47989	0.13427	0.01554	0.00769	0.05517	0.00605
7	0.01080	0.00720	0.00810	0.00810	0.00810	0.00720	0.00450	0.01080	0.01080	0.01439	0.02339	0.04858	0.02699	0.73910	0.03779	0.00720	0.00720	0.01080	0.00450	0.00450
8	0.01608	0.01999	0.11564	0.02668	0.05594	0.01672	0.43598	0.02268	0.05392	0.02348	0.01932	0.12165	0.01709	0.00900	0.00854	0.00255	0.01066	0.01003	0.00434	0.00972
9	0.04230	0.03566	0.61857	0.05266	0.03264	0.01725	0.05295	0.02326	0.01561	0.02366	0.01328	0.01591	0.00946	0.00703	0.00705	0.00236	0.01080	0.00562	0.00322	0.01071
10	0.01238	0.00902	0.01227	0.01376	0.01563	0.00918	0.01195	0.01693	0.05982	0.02279	0.03872	0.08012	0.04143	0.01983	0.01008	0.00336	0.00677	0.60189	0.00688	0.00715
11	0.02641	0.01224	0.01554	0.01262	0.01737	0.01132	0.01016	0.06930	0.07956	0.45135	0.06347	0.07577	0.09818	0.01147	0.00780	0.00238	0.00585	0.00954	0.00849	0.01118
12	0.02330	0.01635	0.01815	0.01486	0.01925	0.01761	0.01180	0.44631	0.02816	0.07946	0.02412	0.18477	0.02206	0.04648	0.00932	0.00265	0.00712	0.01025	0.00728	0.01073
13	0.00904	0.00646	0.00861	0.01034	0.01077	0.00603	0.00689	0.01034	0.01421	0.01895	0.04092	0.73426	0.04910	0.02326	0.00948	0.00301	0.00431	0.02110	0.00689	0.00603
14	0.00904	0.00646	0.00861	0.01034	0.01077	0.00603	0.00689	0.01034	0.01421	0.01895	0.04092	0.73426	0.04910	0.02326	0.00948	0.00301	0.00431	0.02110	0.00689	0.00603
15	0.04998	0.01907	0.02039	0.04765	0.02266	0.04565	0.01339	0.49683	0.03004	0.08248	0.01826	0.01899	0.01317	0.01079	0.03798	0.00264	0.00854	0.00664	0.04323	0.01161
16	0.01822	0.01571	0.02037	0.08708	0.18946	0.01723	0.01510	0.11007	0.28869	0.02924	0.04573	0.02879	0.06117	0.00986	0.00768	0.00242	0.00710	0.02904	0.00613	0.01090
17	0.00884	0.00752	0.00761	0.00759	0.01007	0.00630	0.00569	0.01079	0.01708	0.02044	0.09931	0.07082	0.66544	0.01866	0.00877	0.00250	0.00375	0.01558	0.00694	0.00630
18	0.00968	0.00691	0.00934	0.01106	0.01177	0.00657	0.00799	0.01143	0.01484	0.01966	0.04057	0.59350	0.04772	0.02266	0.00964	0.00310	0.00485	0.15563	0.00688	0.00620
19	0.01231	0.00936	0.04454	0.01227	0.01334	0.00860	0.04519	0.01185	0.01187	0.01615	0.02125	0.23559	0.02331	0.02221	0.02067	0.41721	0.05386	0.01094	0.00435	0.00513
20	0.01468	0.01340	0.02296	0.40170	0.14434	0.01536	0.06854	0.01831	0.01457	0.01941	0.01482	0.05981	0.01285	0.01054	0.01100	0.09557	0.04277	0.00756	0.00358	0.00822
21	0.01262	0.00650	0.00953	0.00959	0.00961	0.00648	0.00634	0.00977	0.00991	0.01321	0.01460	0.05041	0.01514	0.07172	0.02886	0.70518	0.00642	0.00727	0.00344	0.00341
22	0.01694	0.01411	0.01622	0.01173	0.01825	0.01148	0.00944	0.09683	0.01774	0.02691	0.01375	0.01569	0.01119	0.00591	0.00573	0.00124	0.00582	0.00467	0.00476	0.69161
23	0.01794	0.01566	0.02213	0.03578	0.02333	0.01415	0.13805	0.14313	0.01983	0.02858	0.05232	0.01913	0.01464	0.00689	0.00674	0.00170	0.00738	0.00625	0.00503	0.42135
24	0.02740	0.02016	0.02161	0.01666	0.02232	0.02228	0.01366	0.63726	0.03377	0.04527	0.01808	0.01926	0.01330	0.04311	0.00885	0.00246	0.00812	0.00688	0.00729	0.01224
25	0.01402	0.01319	0.02227	0.72126	0.05113	0.01649	0.02062	0.01897	0.01484	0.01897	0.01319	0.01979	0.00990	0.00742	0.00742	0.00247	0.00990	0.00660	0.00330	0.00825
26	0.01063	0.00759	0.01001	0.01001	0.01076	0.00821	0.00695	0.01203	0.01158	0.01603	0.02346	0.03961	0.04625	0.36922	0.37529	0.00942	0.01347	0.00954	0.00432	0.00563
27	0.06942	0.01529	0.01873	0.04683	0.02043	0.01698	0.05243	0.25231	0.04487	0.03156	0.01855	0.06084	0.01571	0.04356	0.03951	0.00293	0.09035	0.00761	0.09574	0.05636
28	0.01042	0.00759	0.00981	0.00925	0.01104	0.00697	0.00694	0.01385	0.02082	0.02930	0.65938	0.05622	0.09984	0.01535	0.00876	0.00234	0.00351	0.01353	0.00811	0.00697
29	0.01298	0.00649	0.00943	0.00943	0.00958	0.00649	0.00634	0.01035	0.01019	0.01421	0.01390	0.02302	0.01344	0.02427	0.02690	0.71458	0.00618	0.00649	0.07220	0.00355
30	0.02489	0.02784	0.02157	0.02073	0.08299	0.41277	0.01485	0.11549	0.11169	0.02431	0.01499	0.01659	0.01197	0.00842	0.00818	0.00216	0.06015	0.00581	0.00477	0.00983
31	0.02180	0.56802	0.03447	0.01429	0.02002	0.19792	0.01311	0.02407	0.01656	0.01764	0.01061	0.01228	0.00954	0.00667	0.00524	0.00167	0.00929	0.00417	0.00334	0.00930
32	0.02299	0.01362	0.01724	0.03980	0.05522	0.01311	0.01142	0.11385	0.09265	0.25980	0.11368	0.02643	0.02315	0.00970	0.00788	0.02250	0.00627	0.00768	0.00720	0.13581
33	0.02078	0.04744	0.12653	0.04786	0.19959	0.04737	0.01671	0.06456	0.01890	0.18077	0.02636	0.02816	0.10478	0.00954	0.00748	0.00230	0.00801	0.02659	0.00561	0.01065
34	0.00938	0.00669	0.00860	0.00999	0.01050	0.00629	0.00665	0.01058	0.01394	0.01845	0.03994	0.58258	0.07574	0.12651	0.01356	0.00361	0.00478	0.03981	0.00654	0.00585
35	0.01078	0.00773	0.01044	0.01198	0.01321	0.00753	0.00958	0.01323	0.01578	0.02061	0.04057	0.29972	0.07237	0.05983	0.01140	0.00345	0.00587	0.37277	0.00673	0.00642
36	0.09061	0.02715	0.22664	0.05593	0.17717	0.16561	0.01964	0.08220	0.01869	0.02553	0.03475	0.01711	0.01209	0.00751	0.00692	0.00221	0.00998	0.00587	0.00409	0.01027
37	0.10548	0.03942	0.01128	0.00984	0.01237	0.00958	0.00771	0.01646	0.03596	0.05820	0.27428	0.07672	0.15591	0.04849	0.00936	0.00266	0.00472	0.07107	0.04317	0.00733
38	0.00930	0.00665	0.00889	0.01046	0.01105	0.00623	0.00718	0.01086	0.01481	0.01983	0.08263	0.65398	0.05009	0.02258	0.00947	0.00299	0.00440	0.05547	0.00697	0.00614
39	0.01979	0.19737	0.39369	0.01784	0.02642	0.06908	0.02054	0.02560	0.01678	0.12510	0.01494	0.01611	0.01082	0.00726	0.00656	0.00213	0.00973	0.00539	0.00412	0.01072
40	0.02106	0.17088	0.02145	0.01407	0.01857	0.10190	0.01159	0.14988	0.14271	0.07964	0.11294	0.05964	0.04435	0.01030	0.00712	0.00217	0.00723	0.00814	0.00631	0.01005
41	0.01169	0.00860	0.01044	0.01028	0.01215	0.00829	0.00783	0.06308	0.01882	0.02519	0.27615	0.12343	0.16636	0.10276	0.01242	0.00318	0.00499	0.12034	0.00710	0.00688
42	0.01751	0.01432	0.01870	0.16089	0.12318	0.03973	0.01439	0.15356	0.01935	0.02679	0.01988	0.07683	0.01783	0.03338	0.03108	0.00283	0.04944	0.04886	0.12237	0.00907

[dist]
# distance from previous block
# <min> <max>
0	3

[block]
# block no. 7 follows, 27 sequences, length 29
# corresponding to MSA columns:
# 371-399
name=unknown_H
#
# <colnr> <probs for GDERKNQSTAVLIFYWHMCP>
#	G	D	E	R	K	N	Q	S	T	A	V	L	I	F	Y	W	H	M	C	P
0	0.01975	0.52216	0.08653	0.01412	0.02012	0.08375	0.01383	0.05313	0.01653	0.01957	0.01461	0.01612	0.04765	0.00761	0.00627	0.00183	0.03826	0.00505	0.00364	0.00947
1	0.01637	0.01161	0.01334	0.03566	0.01582	0.03414	0.00961	0.13887	0.01927	0.06213	0.07566	0.13648	0.02954	0.12473	0.03588	0.00350	0.00689	0.10678	0.07728	0.04643
2	0.09451	0.06429	0.02125	0.01567	0.02108	0.02160	0.01300	0.48789	0.06448	0.04073	0.01749	0.01829	0.01299	0.01206	0.05844	0.00292	0.00867	0.00646	0.00666	0.01153
3	0.07706	0.00950	0.01084	0.01042	0.01265	0.00967	0.00780	0.01737	0.09731	0.05688	0.20160	0.18582	0.18267	0.04612	0.01019	0.00277	0.03346	0.01340	0.00696	0.00752
4	0.05586	0.01673	0.02801	0.16598	0.48783	0.01746	0.05347	0.02261	0.03702	0.02392	0.01420	0.01869	0.01155	0.00687	0.00730	0.00228	0.00896	0.00665	0.00378	0.01084
5	0.01319	0.00810	0.01022	0.00962	0.01175	0.00730	0.00713	0.01579	0.01872	0.11841	0.35732	0.14712	0.16429	0.06447	0.01062	0.00278	0.00430	0.01387	0.00767	0.00736
6	0.02997	0.01327	0.01713	0.01338	0.01871	0.01229	0.01096	0.11278	0.04484	0.52983	0.09192	0.02735	0.02282	0.00976	0.00759	0.00230	0.00626	0.00798	0.00882	0.01206
7	0.01198	0.00853	0.01074	0.01034	0.01227	0.00830	0.00768	0.01708	0.09646	0.05197	0.46695	0.17833	0.05874	0.01588	0.00870	0.00248	0.00403	0.01406	0.00790	0.00758
8	0.00943	0.00674	0.00906	0.01078	0.01138	0.00637	0.00757	0.01101	0.01460	0.01939	0.04070	0.64750	0.04825	0.02289	0.00958	0.00307	0.00464	0.10403	0.00688	0.00614
9	0.01809	0.01843	0.03469	0.04081	0.47498	0.01802	0.23695	0.02312	0.01711	0.02410	0.01432	0.01892	0.01159	0.00650	0.00782	0.00230	0.01005	0.00733	0.00370	0.01118
10	0.00903	0.00651	0.00856	0.01020	0.01073	0.00604	0.00683	0.01035	0.01435	0.01901	0.04263	0.70111	0.08114	0.02303	0.00944	0.00299	0.00428	0.02083	0.00689	0.00604
11	0.01062	0.00788	0.01154	0.01154	0.01274	0.00907	0.00880	0.01301	0.01182	0.01695	0.02024	0.03112	0.01941	0.12468	0.64185	0.01145	0.01860	0.00824	0.00403	0.00641
12	0.02586	0.01942	0.02078	0.01638	0.02179	0.02161	0.01332	0.53467	0.14364	0.04281	0.02016	0.02074	0.01491	0.03841	0.00867	0.00248	0.00774	0.00714	0.00733	0.01215
13	0.02875	0.01711	0.01965	0.01538	0.02100	0.01792	0.01260	0.34771	0.11895	0.28517	0.02377	0.02194	0.01614	0.00917	0.00746	0.00229	0.00717	0.00721	0.00809	0.01251
14	0.00912	0.00692	0.00842	0.00934	0.01057	0.00621	0.00651	0.01085	0.01583	0.02052	0.12465	0.45023	0.25209	0.02095	0.00917	0.00278	0.00405	0.01854	0.00704	0.00621
15	0.06495	0.01271	0.01696	0.01306	0.01876	0.01115	0.01079	0.03558	0.02089	0.67020	0.02850	0.02472	0.01795	0.00909	0.00735	0.00230	0.00629	0.00732	0.00900	0.01244
16	0.00904	0.00646	0.00861	0.01034	0.01077	0.00603	0.00689	0.01034	0.01421	0.01895	0.04092	0.73426	0.04910	0.02326	0.00948	0.00301	0.00431	0.02110	0.00689	0.00603
17	0.01384	0.00692	0.00692	0.00692	0.00865	0.00692	0.00519	0.01730	0.01557	0.02768	0.02422	0.02768	0.01903	0.00865	0.00519	0.00173	0.00346	0.00692	0.78031	0.00692
18	0.47931	0.11726	0.01747	0.01209	0.01712	0.07144	0.01017	0.11422	0.01720	0.06745	0.01249	0.01366	0.00956	0.00728	0.00533	0.00216	0.00700	0.00463	0.00499	0.00918
19	0.02378	0.02677	0.02099	0.01926	0.04925	0.39980	0.01447	0.11369	0.02039	0.02233	0.01472	0.01750	0.03377	0.01153	0.04502	0.00273	0.14468	0.00597	0.00432	0.00902
20	0.62692	0.01339	0.01139	0.01004	0.01440	0.01496	0.00819	0.02224	0.01445	0.09552	0.09307	0.01848	0.01641	0.00810	0.00536	0.00230	0.00553	0.00547	0.00545	0.00835
21	0.03099	0.01315	0.01716	0.01350	0.01901	0.01209	0.01104	0.03669	0.12395	0.59387	0.02943	0.02565	0.01905	0.00933	0.00748	0.00233	0.00625	0.00761	0.00893	0.01250
22	0.01995	0.02369	0.08300	0.09882	0.32883	0.19298	0.09971	0.02434	0.01773	0.02209	0.01334	0.01723	0.01078	0.00694	0.00734	0.00220	0.01071	0.00632	0.00364	0.01035
23	0.01722	0.02119	0.15944	0.11436	0.49472	0.01744	0.02345	0.02251	0.01644	0.02353	0.01376	0.01800	0.01110	0.00679	0.00730	0.00226	0.00935	0.00639	0.00353	0.01122
24	0.00902	0.00657	0.00850	0.01004	0.01069	0.00605	0.00676	0.01037	0.01450	0.01907	0.04453	0.66441	0.11662	0.02279	0.00940	0.00296	0.00425	0.02053	0.00689	0.00605
25	0.00916	0.00672	0.00864	0.01013	0.01091	0.00620	0.00699	0.01065	0.01474	0.01928	0.04556	0.60809	0.13706	0.02250	0.00942	0.00297	0.00437	0.05364	0.00689	0.00611
26	0.09045	0.17424	0.46732	0.01830	0.02736	0.05820	0.02197	0.02344	0.01557	0.02296	0.01235	0.01446	0.00931	0.00693	0.00635	0.00217	0.01001	0.00501	0.00332	0.01028
27	0.05722	0.23786	0.02637	0.05124	0.04433	0.32937	0.01424	0.08259	0.01925	0.02139	0.01173	0.01390	0.00985	0.00757	0.00703	0.00196	0.04598	0.00491	0.00393	0.00927
28	0.68123	0.01678	0.07683	0.01256	0.04860	0.01676	0.01057	0.02203	0.01313	0.03195	0.01079	0.01270	0.00835	0.00689	0.00496	0.00230	0.00638	0.00428	0.00441	0.00849

[dist]
# distance from previous block
# <min> <max>
1	4

[block]
# block no. 8 follows, 27 sequences, length 41
# corresponding to MSA columns:
# 404-444
name=unknown_I
#
# <colnr> <probs for GDERKNQSTAVLIFYWHMCP>
#	G	D	E	R	K	N	Q	S	T	A	V	L	I	F	Y	W	H	M	C	P
0	0.01002	0.00710	0.00887	0.00987	0.01092	0.00667	0.00708	0.01187	0.01526	0.02049	0.09230	0.37890	0.13742	0.09482	0.01208	0.00330	0.00477	0.10527	0.05683	0.00615
1	0.00979	0.00726	0.00929	0.00995	0.01126	0.00653	0.00695	0.01175	0.01598	0.02175	0.18187	0.48523	0.10062	0.01991	0.00898	0.00269	0.00417	0.01784	0.00699	0.06117
2	0.01827	0.09611	0.11727	0.02602	0.15734	0.01848	0.20672	0.04723	0.03872	0.04844	0.01471	0.01789	0.01150	0.00705	0.00820	0.00219	0.04961	0.00664	0.00411	0.10351
3	0.01454	0.00995	0.01410	0.01373	0.01644	0.00971	0.05169	0.01891	0.06268	0.09958	0.03992	0.10728	0.12027	0.01913	0.04069	0.00341	0.00709	0.33615	0.00684	0.00790
4	0.01177	0.00875	0.01125	0.01224	0.01412	0.00870	0.01023	0.01590	0.06132	0.02231	0.07497	0.07426	0.13861	0.06997	0.01172	0.00343	0.00617	0.43057	0.00679	0.00692
