[name]
unknown

[dist]
# distance from previous block
# <min> <max>
0	0

[block]
# block no. 0 follows, 31 sequences, length 25
# corresponding to MSA columns:
# 0-24
name=unknown_A
#
# <colnr> <probs for GDERKNQSTAVLIFYWHMCP>
#	G	D	E	R	K	N	Q	S	T	A	V	L	I	F	Y	W	H	M	C	P
0	0.01102	0.00787	0.01102	0.01260	0.01417	0.00787	0.01102	0.01417	0.01575	0.02047	0.03622	0.07717	0.03937	0.01890	0.00945	0.00315	0.00630	0.67084	0.00630	0.00630
1	0.00859	0.00606	0.00786	0.00920	0.00953	0.00573	0.00600	0.00959	0.01259	0.01679	0.03512	0.64120	0.04198	0.13980	0.01292	0.00340	0.00440	0.01793	0.00600	0.00533
2	0.05039	0.00840	0.01261	0.03720	0.01470	0.00824	0.08572	0.03401	0.01401	0.01948	0.03197	0.58356	0.03700	0.01794	0.00830	0.00265	0.00520	0.01646	0.00581	0.00634
3	0.02523	0.01878	0.02010	0.01558	0.02092	0.02086	0.01282	0.63756	0.08994	0.04187	0.01741	0.01721	0.01243	0.00830	0.00685	0.00208	0.00735	0.00629	0.00685	0.01157
4	0.01419	0.01216	0.01419	0.01013	0.01621	0.00912	0.00811	0.01723	0.01419	0.02229	0.01216	0.01419	0.01013	0.00507	0.00507	0.00101	0.00507	0.00405	0.00405	0.80139
5	0.80789	0.01323	0.01006	0.00900	0.01323	0.01535	0.00741	0.02011	0.01164	0.03070	0.00953	0.01111	0.00741	0.00635	0.00423	0.00212	0.00529	0.00370	0.00423	0.00741
6	0.01541	0.01575	0.02083	0.07652	0.02050	0.06104	0.01519	0.01717	0.01124	0.01656	0.00933	0.01508	0.00898	0.01128	0.02026	0.00287	0.64554	0.00590	0.00303	0.00752
7	0.02601	0.01916	0.02053	0.01574	0.02122	0.02122	0.01300	0.69408	0.03217	0.04312	0.01643	0.01643	0.01163	0.00821	0.00684	0.00205	0.00753	0.00616	0.00684	0.01163
8	0.01419	0.01216	0.01419	0.01013	0.01621	0.00912	0.00811	0.01723	0.01419	0.02229	0.01216	0.01419	0.01013	0.00507	0.00507	0.00101	0.00507	0.00405	0.00405	0.80139
9	0.01239	0.01145	0.01908	0.65896	0.04285	0.01409	0.01755	0.01657	0.01361	0.01748	0.01509	0.10278	0.01326	0.00851	0.00706	0.00234	0.00853	0.00761	0.00342	0.00737
10	0.01545	0.01599	0.02340	0.04908	0.02160	0.04791	0.10318	0.01764	0.01169	0.01723	0.00981	0.01545	0.00916	0.01076	0.01931	0.00283	0.59251	0.00620	0.00308	0.00773
11	0.00838	0.00618	0.00785	0.00905	0.00983	0.00565	0.00617	0.00978	0.01389	0.01824	0.08422	0.60033	0.15477	0.02031	0.00859	0.00266	0.00384	0.01820	0.00642	0.00565
12	0.02627	0.01873	0.02027	0.01554	0.02100	0.02058	0.01284	0.65640	0.03145	0.08180	0.01703	0.01682	0.01194	0.00823	0.00685	0.00206	0.00743	0.00620	0.00694	0.01164
13	0.02437	0.01835	0.01961	0.01541	0.02059	0.02045	0.01261	0.57443	0.15448	0.04048	0.01850	0.01808	0.01332	0.00841	0.00687	0.00210	0.00714	0.00645	0.00687	0.01149
14	0.01419	0.01216	0.01419	0.01013	0.01621	0.00912	0.00811	0.01723	0.01419	0.02229	0.01216	0.01419	0.01013	0.00507	0.00507	0.00101	0.00507	0.00405	0.00405	0.80139
15	0.02558	0.01895	0.02029	0.01565	0.02105	0.02102	0.01290	0.66279	0.06415	0.04243	0.01697	0.01686	0.01207	0.00826	0.00685	0.00207	0.00743	0.00623	0.00685	0.01160
16	0.01468	0.01245	0.01445	0.01037	0.01642	0.00962	0.00831	0.04540	0.01493	0.02316	0.01234	0.01428	0.01020	0.00520	0.00514	0.00106	0.00517	0.00414	0.00417	0.76852
17	0.05754	0.01863	0.01993	0.01533	0.02075	0.02054	0.01266	0.64081	0.03084	0.06957	0.01657	0.01649	0.01168	0.00815	0.00674	0.00206	0.00737	0.00609	0.00680	0.01147
18	0.01759	0.01182	0.01386	0.01084	0.01552	0.01043	0.00860	0.12685	0.01819	0.14738	0.05267	0.07262	0.09728	0.03112	0.00725	0.00185	0.00531	0.00759	0.00583	0.33742
19	0.01955	0.01418	0.01610	0.01322	0.01714	0.01547	0.01071	0.40258	0.02416	0.05505	0.04530	0.02588	0.09278	0.02032	0.19054	0.00435	0.00962	0.00759	0.00606	0.00942
20	0.01821	0.01859	0.13438	0.01634	0.02160	0.01626	0.09160	0.28512	0.07185	0.03054	0.07730	0.09917	0.01965	0.00966	0.00768	0.00220	0.03057	0.00820	0.00561	0.03549
21	0.01941	0.26473	0.06727	0.01352	0.03588	0.04677	0.01181	0.10876	0.04570	0.12264	0.05733	0.02061	0.03575	0.05052	0.00821	0.00214	0.03574	0.00608	0.00491	0.04220
22	0.02030	0.22887	0.10922	0.01459	0.02026	0.13644	0.01346	0.21428	0.01999	0.02524	0.01272	0.01431	0.01015	0.00902	0.04252	0.00220	0.00887	0.00489	0.00429	0.08840
23	0.07797	0.04466	0.04813	0.01524	0.01983	0.04181	0.15369	0.06383	0.12568	0.06920	0.10426	0.02694	0.06849	0.05150	0.00850	0.00235	0.00704	0.00786	0.00533	0.05771
24	0.01485	0.01458	0.01723	0.03280	0.01841	0.12134	0.10560	0.07017	0.03801	0.02115	0.05033	0.22661	0.09235	0.01247	0.00860	0.00227	0.06139	0.01074	0.00508	0.07603

[dist]
# distance from previous block
# <min> <max>
5	16

[block]
# block no. 1 follows, 31 sequences, length 69
# corresponding to MSA columns:
# 41-109
name=unknown_B
#
# <colnr> <probs for GDERKNQSTAVLIFYWHMCP>
#	G	D	E	R	K	N	Q	S	T	A	V	L	I	F	Y	W	H	M	C	P
0	0.01927	0.01624	0.01834	0.01596	0.06841	0.08472	0.03613	0.19088	0.06343	0.06774	0.08553	0.01993	0.01692	0.00798	0.00754	0.00186	0.05644	0.00627	0.00535	0.21105
1	0.04115	0.01442	0.02046	0.16243	0.07651	0.03268	0.10115	0.10571	0.03543	0.06801	0.06240	0.01930	0.01453	0.00701	0.00654	0.00188	0.00738	0.00624	0.00466	0.21212
2	0.02060	0.02214	0.01906	0.08917	0.09450	0.31887	0.01341	0.09875	0.08693	0.02231	0.01511	0.01683	0.02947	0.00728	0.00635	0.00184	0.00913	0.00549	0.00432	0.11846
3	0.01895	0.01799	0.01815	0.06140	0.06391	0.15259	0.01205	0.15442	0.03962	0.02490	0.01303	0.01509	0.01041	0.00680	0.00697	0.00167	0.05273	0.00502	0.00442	0.31987
4	0.01713	0.01441	0.02223	0.37814	0.17858	0.05933	0.06245	0.02096	0.01522	0.11388	0.01432	0.01839	0.01070	0.00747	0.00760	0.03158	0.00871	0.00622	0.00390	0.00878
5	0.04191	0.01541	0.02393	0.17882	0.42883	0.04201	0.01851	0.02146	0.01534	0.08945	0.01372	0.01737	0.01081	0.00683	0.00751	0.00213	0.04625	0.00603	0.00382	0.00987
6	0.01649	0.01770	0.06353	0.35778	0.03288	0.12998	0.01662	0.09274	0.01604	0.02018	0.01232	0.01695	0.00979	0.01045	0.05347	0.00280	0.11276	0.00582	0.00355	0.00814
7	0.01895	0.01475	0.01609	0.01294	0.01770	0.08634	0.02976	0.14022	0.01920	0.11531	0.06146	0.02633	0.01840	0.00868	0.00658	0.00181	0.00659	0.09387	0.00556	0.29945
8	0.01665	0.01434	0.02136	0.23349	0.27679	0.01579	0.01677	0.02524	0.21681	0.06583	0.01792	0.02021	0.01366	0.00739	0.00685	0.00219	0.00748	0.00662	0.00465	0.00995
9	0.00968	0.00699	0.00914	0.00861	0.01022	0.00646	0.00646	0.01291	0.01937	0.02743	0.71328	0.05110	0.06455	0.01399	0.00807	0.00215	0.00323	0.01237	0.00753	0.00646
10	0.00834	0.00595	0.00794	0.00953	0.00992	0.00556	0.00635	0.00953	0.01310	0.01746	0.03771	0.75510	0.04525	0.02143	0.00873	0.00278	0.00397	0.01945	0.00635	0.00556
11	0.01829	0.76368	0.03585	0.01171	0.01756	0.02707	0.01171	0.02049	0.01390	0.01610	0.00951	0.01097	0.00878	0.00585	0.00439	0.00146	0.00732	0.00366	0.00293	0.00878
12	0.01372	0.03539	0.72412	0.01950	0.02961	0.01589	0.02528	0.02167	0.01444	0.02167	0.01228	0.01444	0.00867	0.00650	0.00650	0.00217	0.01011	0.00506	0.00289	0.01011
13	0.01829	0.76368	0.03585	0.01171	0.01756	0.02707	0.01171	0.02049	0.01390	0.01610	0.00951	0.01097	0.00878	0.00585	0.00439	0.00146	0.00732	0.00366	0.00293	0.00878
14	0.02080	0.01495	0.01639	0.01394	0.01832	0.01658	0.01107	0.14718	0.47749	0.14564	0.02577	0.02361	0.01867	0.00897	0.00693	0.00224	0.00584	0.00733	0.00719	0.01110
15	0.00977	0.00733	0.01100	0.01100	0.01222	0.00855	0.00855	0.01222	0.01100	0.01588	0.01833	0.02688	0.01710	0.05131	0.73245	0.01100	0.01833	0.00733	0.00367	0.00611
16	0.01109	0.00730	0.00960	0.00885	0.01071	0.00670	0.00670	0.01428	0.01938	0.07394	0.66730	0.04924	0.06136	0.01362	0.00799	0.00215	0.00340	0.01200	0.00759	0.00680
17	0.02509	0.04207	0.21958	0.01453	0.02124	0.01312	0.01469	0.08113	0.01892	0.44674	0.02142	0.01984	0.01391	0.00780	0.00669	0.00211	0.00723	0.00620	0.00657	0.01112
18	0.02940	0.01136	0.01546	0.01195	0.01702	0.00983	0.00983	0.03209	0.01957	0.67897	0.06916	0.02500	0.01986	0.00881	0.00695	0.00212	0.00566	0.00722	0.00841	0.01132
19	0.00811	0.00682	0.00704	0.00721	0.00931	0.00575	0.00532	0.00979	0.01532	0.01837	0.06587	0.14069	0.64148	0.01777	0.00816	0.00236	0.00352	0.01498	0.00635	0.00575
20	0.01372	0.03539	0.72412	0.01950	0.02961	0.01589	0.02528	0.02167	0.01444	0.02167	0.01228	0.01444	0.00867	0.00650	0.00650	0.00217	0.01011	0.00506	0.00289	0.01011
21	0.04298	0.01604	0.02642	0.08281	0.62123	0.01639	0.02007	0.05120	0.01608	0.02326	0.01288	0.01680	0.01066	0.00625	0.00670	0.00205	0.00807	0.00602	0.00355	0.01056
22	0.00809	0.00693	0.00693	0.00693	0.00924	0.00578	0.00520	0.00982	0.01559	0.01848	0.06931	0.06584	0.71411	0.01733	0.00809	0.00231	0.00347	0.01444	0.00635	0.00578
23	0.00823	0.00694	0.00714	0.00709	0.00933	0.00584	0.00531	0.01010	0.01594	0.01931	0.12893	0.06448	0.65397	0.01702	0.00808	0.00230	0.00344	0.01425	0.00646	0.00584
24	0.01372	0.03539	0.72412	0.01950	0.02961	0.01589	0.02528	0.02167	0.01444	0.02167	0.01228	0.01444	0.00867	0.00650	0.00650	0.00217	0.01011	0.00506	0.00289	0.01011
25	0.01292	0.01216	0.02052	0.74312	0.04712	0.01520	0.01900	0.01748	0.01368	0.01748	0.01216	0.01824	0.00912	0.00684	0.00684	0.00228	0.00912	0.00608	0.00304	0.00760
26	0.01829	0.76368	0.03585	0.01171	0.01756	0.02707	0.01171	0.02049	0.01390	0.01610	0.00951	0.01097	0.00878	0.00585	0.00439	0.00146	0.00732	0.00366	0.00293	0.00878
27	0.00988	0.00691	0.00885	0.00885	0.00933	0.00739	0.00587	0.01084	0.01036	0.01429	0.02029	0.03775	0.02182	0.48157	0.30865	0.00834	0.01122	0.00892	0.00396	0.00492
28	0.00995	0.00663	0.00746	0.00746	0.00746	0.00663	0.00415	0.00995	0.00995	0.01327	0.02156	0.04477	0.02487	0.75957	0.03482	0.00663	0.00663	0.00995	0.00415	0.00415
29	0.01419	0.01216	0.01419	0.01013	0.01621	0.00912	0.00811	0.01723	0.01419	0.02229	0.01216	0.01419	0.01013	0.00507	0.00507	0.00101	0.00507	0.00405	0.00405	0.80139
30	0.01829	0.76368	0.03585	0.01171	0.01756	0.02707	0.01171	0.02049	0.01390	0.01610	0.00951	0.01097	0.00878	0.00585	0.00439	0.00146	0.00732	0.00366	0.00293	0.00878
31	0.00811	0.00683	0.00704	0.00721	0.00931	0.00575	0.00532	0.00979	0.01533	0.01837	0.06593	0.13938	0.64275	0.01776	0.00815	0.00236	0.00352	0.01497	0.00635	0.00575
32	0.02140	0.01587	0.01760	0.01340	0.01895	0.01593	0.01092	0.36157	0.08003	0.07630	0.01651	0.01680	0.01219	0.00721	0.00623	0.00171	0.00638	0.00559	0.00597	0.28943
33	0.01693	0.01626	0.02777	0.04199	0.71689	0.01626	0.02100	0.02100	0.01558	0.02235	0.01287	0.01693	0.01084	0.00610	0.00677	0.00203	0.00813	0.00610	0.00339	0.01084
34	0.00834	0.00595	0.00794	0.00953	0.00992	0.00556	0.00635	0.00953	0.01310	0.01746	0.03771	0.75510	0.04525	0.02143	0.00873	0.00278	0.00397	0.01945	0.00635	0.00556
35	0.01292	0.01216	0.02052	0.74312	0.04712	0.01520	0.01900	0.01748	0.01368	0.01748	0.01216	0.01824	0.00912	0.00684	0.00684	0.00228	0.00912	0.00608	0.00304	0.00760
36	0.01829	0.76368	0.03585	0.01171	0.01756	0.02707	0.01171	0.02049	0.01390	0.01610	0.00951	0.01097	0.00878	0.00585	0.00439	0.00146	0.00732	0.00366	0.00293	0.00878
37	0.01292	0.01216	0.02052	0.74312	0.04712	0.01520	0.01900	0.01748	0.01368	0.01748	0.01216	0.01824	0.00912	0.00684	0.00684	0.00228	0.00912	0.00608	0.00304	0.00760
38	0.00881	0.00657	0.00888	0.01011	0.01052	0.00664	0.00698	0.01007	0.01284	0.01733	0.03507	0.67667	0.04175	0.02220	0.04232	0.00316	0.05028	0.01807	0.00602	0.00570
39	0.01780	0.68548	0.10975	0.01254	0.01885	0.02587	0.01316	0.02061	0.01396	0.01669	0.00981	0.01135	0.00877	0.00592	0.00462	0.00154	0.00762	0.00381	0.00292	0.00892
40	0.01188	0.00594	0.00891	0.00891	0.00891	0.00594	0.00594	0.00891	0.00891	0.01188	0.01188	0.02080	0.01188	0.02377	0.02674	0.80095	0.00594	0.00594	0.00297	0.00297
41	0.00831	0.00606	0.00783	0.00925	0.00985	0.00558	0.00623	0.00956	0.01337	0.01757	0.04113	0.68049	0.11765	0.02099	0.00866	0.00273	0.00391	0.01891	0.00635	0.00558
42	0.01431	0.03127	0.55773	0.02177	0.03111	0.01623	0.18753	0.02173	0.01486	0.02173	0.01266	0.01542	0.00908	0.00632	0.00688	0.00220	0.01046	0.00579	0.00303	0.00990
43	0.03070	0.01164	0.01588	0.01217	0.01746	0.01006	0.01006	0.03334	0.01958	0.72163	0.02699	0.02329	0.01694	0.00847	0.00688	0.00212	0.00582	0.00688	0.00847	0.01164
44	0.00973	0.00760	0.00890	0.00846	0.01050	0.00708	0.00638	0.01375	0.07393	0.02444	0.43472	0.05411	0.28559	0.01476	0.00798	0.00222	0.00349	0.01271	0.00708	0.00658
45	0.01535	0.01464	0.02492	0.31793	0.45329	0.01584	0.02021	0.01961	0.01483	0.02043	0.01259	0.01745	0.01016	0.00639	0.00680	0.00213	0.00852	0.00609	0.00325	0.00956
46	0.01791	0.01514	0.01597	0.01410	0.01813	0.01743	0.01104	0.10158	0.63785	0.03006	0.02671	0.02462	0.01997	0.00918	0.00695	0.00229	0.00562	0.00758	0.00695	0.01091
47	0.54259	0.01296	0.01340	0.20099	0.02240	0.01532	0.01081	0.01978	0.01243	0.05232	0.01084	0.01357	0.00827	0.00676	0.00568	0.00219	0.03352	0.00453	0.00403	0.00762
48	0.01829	0.76368	0.03585	0.01171	0.01756	0.02707	0.01171	0.02049	0.01390	0.01610	0.00951	0.01097	0.00878	0.00585	0.00439	0.00146	0.00732	0.00366	0.00293	0.00878
49	0.01419	0.01216	0.01419	0.01013	0.01621	0.00912	0.00811	0.01723	0.01419	0.02229	0.01216	0.01419	0.01013	0.00507	0.00507	0.00101	0.00507	0.00405	0.00405	0.80139
50	0.00915	0.00694	0.00845	0.00829	0.01004	0.00624	0.00623	0.01179	0.01768	0.02380	0.44793	0.10034	0.26297	0.01566	0.00817	0.00228	0.00346	0.03735	0.00705	0.00618
51	0.01469	0.01591	0.03322	0.11418	0.03337	0.01537	0.50761	0.01979	0.01586	0.02145	0.06712	0.07515	0.01680	0.00766	0.00797	0.00233	0.01006	0.00898	0.00392	0.00855
52	0.00814	0.00693	0.00701	0.00699	0.00928	0.00580	0.00524	0.00993	0.01573	0.01881	0.09302	0.06530	0.69020	0.01720	0.00809	0.00230	0.00346	0.01436	0.00640	0.00580
53	0.01292	0.01216	0.02052	0.74312	0.04712	0.01520	0.01900	0.01748	0.01368	0.01748	0.01216	0.01824	0.00912	0.00684	0.00684	0.00228	0.00912	0.00608	0.00304	0.00760
54	0.01795	0.70982	0.08675	0.01228	0.01845	0.02624	0.01271	0.02057	0.01394	0.01651	0.00972	0.01123	0.00877	0.00590	0.00455	0.00152	0.00752	0.00376	0.00292	0.00888
55	0.02939	0.01135	0.01546	0.01195	0.01701	0.00983	0.00983	0.03207	0.01957	0.67850	0.06963	0.02501	0.01989	0.00881	0.00695	0.00212	0.00566	0.00722	0.00841	0.01132
56	0.01615	0.01845	0.04037	0.02884	0.03576	0.01730	0.69204	0.02191	0.01615	0.02191	0.01384	0.01845	0.01038	0.00577	0.00807	0.00231	0.01153	0.00807	0.00346	0.00923
57	0.00834	0.00595	0.00794	0.00953	0.00992	0.00556	0.00635	0.00953	0.01310	0.01746	0.03771	0.75510	0.04525	0.02143	0.00873	0.00278	0.00397	0.01945	0.00635	0.00556
58	0.01688	0.01639	0.02854	0.04118	0.67504	0.01632	0.06223	0.02105	0.01561	0.02232	0.01293	0.01703	0.01081	0.00608	0.00685	0.00205	0.00834	0.00622	0.00339	0.01074
59	0.00809	0.00693	0.00693	0.00693	0.00924	0.00578	0.00520	0.00982	0.01559	0.01848	0.06931	0.06584	0.71411	0.01733	0.00809	0.00231	0.00347	0.01444	0.00635	0.00578
60	0.00886	0.00729	0.00851	0.05382	0.01242	0.00666	0.00707	0.01092	0.01522	0.01861	0.05725	0.14056	0.49415	0.01737	0.00829	0.00249	0.00430	0.11414	0.00614	0.00594
61	0.01401	0.08064	0.68136	0.01902	0.02886	0.01658	0.02443	0.02159	0.01441	0.02132	0.01211	0.01423	0.00867	0.00646	0.00637	0.00212	0.00994	0.00497	0.00289	0.01003
62	0.01292	0.01216	0.02052	0.74312	0.04712	0.01520	0.01900	0.01748	0.01368	0.01748	0.01216	0.01824	0.00912	0.00684	0.00684	0.00228	0.00912	0.00608	0.00304	0.00760
63	0.01292	0.01216	0.02052	0.74312	0.04712	0.01520	0.01900	0.01748	0.01368	0.01748	0.01216	0.01824	0.00912	0.00684	0.00684	0.00228	0.00912	0.00608	0.00304	0.00760
64	0.58839	0.01313	0.01250	0.11229	0.01870	0.01500	0.00951	0.04556	0.01349	0.10032	0.01194	0.01355	0.00878	0.00670	0.00497	0.00214	0.00596	0.00445	0.00460	0.00802
65	0.35737	0.01516	0.01848	0.10949	0.23875	0.05937	0.03874	0.02019	0.01382	0.02482	0.01215	0.04144	0.01027	0.00690	0.00577	0.00212	0.00726	0.00552	0.00383	0.00854
66	0.07050	0.01503	0.02405	0.17075	0.46468	0.01571	0.01861	0.04557	0.01585	0.07445	0.01368	0.01724	0.01076	0.00651	0.00663	0.00209	0.00794	0.00599	0.00388	0.01008
67	0.02068	0.01165	0.01500	0.01436	0.08762	0.03631	0.01014	0.07288	0.02001	0.30718	0.28733	0.03239	0.03388	0.01027	0.00730	0.00210	0.00543	0.00876	0.00728	0.00943
68	0.01810	0.01532	0.01643	0.01734	0.13577	0.12689	0.01144	0.12368	0.04061	0.09196	0.13997	0.09165	0.09208	0.01062	0.00716	0.00208	0.00665	0.00892	0.00580	0.03754

[dist]
# distance from previous block
# <min> <max>
4	15

[block]
# block no. 2 follows, 31 sequences, length 16
# corresponding to MSA columns:
# 125-140
name=unknown_C
#
# <colnr> <probs for GDERKNQSTAVLIFYWHMCP>
#	G	D	E	R	K	N	Q	S	T	A	V	L	I	F	Y	W	H	M	C	P
0	0.04684	0.01341	0.01430	0.01254	0.01598	0.01488	0.00970	0.18042	0.33025	0.02923	0.06699	0.08373	0.06651	0.07265	0.00940	0.00263	0.00564	0.00898	0.00655	0.00936
1	0.01734	0.01568	0.04708	0.28676	0.09952	0.03530	0.21287	0.02180	0.01548	0.12368	0.01472	0.01850	0.01078	0.00693	0.00789	0.00226	0.04366	0.00670	0.00401	0.00905
2	0.01702	0.01470	0.01547	0.01392	0.01779	0.01702	0.01083	0.03635	0.70453	0.02862	0.02785	0.02553	0.02088	0.00928	0.00696	0.00232	0.00541	0.00773	0.00696	0.01083
3	0.01419	0.01216	0.01419	0.01013	0.01621	0.00912	0.00811	0.01723	0.01419	0.02229	0.01216	0.01419	0.01013	0.00507	0.00507	0.00101	0.00507	0.00405	0.00405	0.80139
4	0.69003	0.01307	0.01161	0.11784	0.01826	0.01533	0.00913	0.01972	0.01194	0.02874	0.00992	0.01217	0.00766	0.00642	0.00462	0.00214	0.00586	0.00406	0.00406	0.00744
5	0.02601	0.01916	0.02053	0.01574	0.02122	0.02122	0.01300	0.69408	0.03217	0.04312	0.01643	0.01643	0.01163	0.00821	0.00684	0.00205	0.00753	0.00616	0.00684	0.01163
6	0.01835	0.01536	0.01622	0.01419	0.01830	0.01764	0.01115	0.13387	0.60484	0.03077	0.02615	0.02418	0.01951	0.00912	0.00694	0.00228	0.00573	0.00750	0.00694	0.01095
7	0.00995	0.00663	0.00746	0.00746	0.00746	0.00663	0.00415	0.00995	0.00995	0.01327	0.02156	0.04477	0.02487	0.75957	0.03482	0.00663	0.00663	0.00995	0.00415	0.00415
8	0.01209	0.00806	0.00983	0.00981	0.01105	0.00810	0.00707	0.04172	0.05371	0.05613	0.09178	0.14060	0.03291	0.33375	0.01968	0.00435	0.00583	0.14179	0.00568	0.00606
9	0.01302	0.01230	0.02054	0.70748	0.04569	0.01548	0.01880	0.01743	0.01352	0.01743	0.01200	0.01808	0.00911	0.00709	0.00761	0.00232	0.04539	0.00608	0.00304	0.00759
10	0.02363	0.02631	0.01892	0.01664	0.02041	0.45082	0.01281	0.14154	0.14741	0.02339	0.01468	0.01557	0.01152	0.00786	0.00709	0.00196	0.04027	0.00538	0.00470	0.00907
11	0.01571	0.01153	0.01251	0.01097	0.01326	0.01250	0.00792	0.20404	0.14304	0.02492	0.02196	0.06136	0.02105	0.35846	0.01988	0.00425	0.00643	0.00875	0.03387	0.00757
12	0.01798	0.01484	0.01538	0.01344	0.01727	0.04465	0.01053	0.12983	0.45415	0.05156	0.10489	0.02787	0.04759	0.00982	0.00707	0.00223	0.00570	0.00810	0.00690	0.01019
13	0.01473	0.01227	0.01405	0.01094	0.01591	0.01090	0.00865	0.05931	0.14520	0.02544	0.11929	0.02191	0.02030	0.00736	0.00597	0.00149	0.00500	0.00610	0.00527	0.48989
14	0.01214	0.00890	0.01045	0.00971	0.01182	0.00847	0.00681	0.01617	0.11546	0.04600	0.06518	0.22211	0.02886	0.24187	0.01567	0.00350	0.00523	0.01103	0.00548	0.15514
15	0.01580	0.45955	0.07554	0.01122	0.01631	0.01980	0.01071	0.01811	0.01324	0.01688	0.01235	0.01802	0.01198	0.14685	0.01033	0.00241	0.00705	0.00499	0.00332	0.12552

[dist]
# distance from previous block
# <min> <max>
14	28

[block]
# block no. 3 follows, 31 sequences, length 46
# corresponding to MSA columns:
# 169-214
name=unknown_D
#
# <colnr> <probs for GDERKNQSTAVLIFYWHMCP>
#	G	D	E	R	K	N	Q	S	T	A	V	L	I	F	Y	W	H	M	C	P
0	0.27280	0.17867	0.09317	0.01255	0.01757	0.06188	0.01163	0.09990	0.01616	0.07338	0.04621	0.01552	0.01219	0.00863	0.02884	0.00226	0.03047	0.00499	0.00447	0.00872
1	0.13718	0.31329	0.17287	0.01309	0.01911	0.01956	0.01347	0.06586	0.04793	0.05694	0.06964	0.01664	0.01425	0.00717	0.00552	0.00188	0.00712	0.00518	0.00421	0.00909
2	0.33195	0.13379	0.07967	0.01341	0.04635	0.07349	0.01144	0.10915	0.01641	0.05635	0.04335	0.03221	0.01235	0.00736	0.00544	0.00200	0.00689	0.00518	0.00454	0.00869
3	0.25883	0.16184	0.18886	0.01371	0.03927	0.01701	0.01346	0.06925	0.01560	0.07970	0.07137	0.01675	0.01393	0.00722	0.00560	0.00200	0.00695	0.00524	0.00443	0.00897
4	0.04851	0.04052	0.03866	0.00883	0.01125	0.00799	0.00721	0.01326	0.01774	0.02494	0.48146	0.04918	0.19802	0.01369	0.00767	0.00216	0.00383	0.01174	0.00673	0.00660
5	0.01875	0.61180	0.11894	0.01270	0.01904	0.02429	0.01324	0.02169	0.01444	0.07515	0.01130	0.01242	0.00944	0.00615	0.00486	0.00160	0.00754	0.00410	0.00338	0.00918
6	0.05115	0.10061	0.10992	0.01246	0.01649	0.01297	0.03731	0.03972	0.11054	0.07360	0.20445	0.11283	0.03086	0.04713	0.00836	0.00239	0.00590	0.00932	0.00574	0.00827
7	0.02416	0.06543	0.02073	0.01605	0.03989	0.14619	0.01268	0.46505	0.02683	0.03434	0.01489	0.01631	0.01135	0.03445	0.00750	0.00209	0.00825	0.00575	0.00572	0.04235
8	0.00872	0.00623	0.00837	0.00987	0.01046	0.00588	0.00693	0.01023	0.01366	0.01821	0.06275	0.64472	0.04524	0.02084	0.00880	0.00280	0.00423	0.09998	0.00639	0.00568
9	0.13907	0.01721	0.01819	0.04839	0.02069	0.01916	0.01204	0.46550	0.10163	0.03771	0.01631	0.01665	0.01186	0.00787	0.00641	0.00206	0.00695	0.00589	0.00619	0.04022
10	0.00834	0.00595	0.00794	0.00953	0.00992	0.00556	0.00635	0.00953	0.01310	0.01746	0.03771	0.75510	0.04525	0.02143	0.00873	0.00278	0.00397	0.01945	0.00635	0.00556
11	0.01829	0.76368	0.03585	0.01171	0.01756	0.02707	0.01171	0.02049	0.01390	0.01610	0.00951	0.01097	0.00878	0.00585	0.00439	0.00146	0.00732	0.00366	0.00293	0.00878
12	0.04576	0.05127	0.43377	0.02258	0.05420	0.01668	0.23558	0.02162	0.01490	0.02195	0.01260	0.01556	0.00924	0.00623	0.00685	0.00218	0.01022	0.00595	0.00314	0.00971
13	0.00995	0.00663	0.00746	0.00746	0.00746	0.00663	0.00415	0.00995	0.00995	0.01327	0.02156	0.04477	0.02487	0.75957	0.03482	0.00663	0.00663	0.00995	0.00415	0.00415
14	0.00962	0.00652	0.00762	0.00791	0.00806	0.00642	0.00467	0.00999	0.01096	0.01467	0.05371	0.18286	0.03049	0.58507	0.02864	0.00570	0.00597	0.01189	0.00472	0.00452
15	0.07774	0.01225	0.01967	0.68327	0.04436	0.01521	0.01805	0.01769	0.01351	0.01856	0.01195	0.01766	0.00898	0.00680	0.00663	0.00227	0.00881	0.00589	0.00314	0.00758
16	0.01356	0.01294	0.02227	0.62456	0.13142	0.01542	0.04735	0.01811	0.01402	0.01828	0.01232	0.01808	0.00939	0.00670	0.00688	0.00225	0.00910	0.00617	0.00310	0.00808
17	0.01002	0.00769	0.01146	0.01132	0.01249	0.00913	0.00885	0.01242	0.01097	0.01591	0.01789	0.02632	0.01672	0.04947	0.69921	0.01062	0.05244	0.00727	0.00363	0.00617
18	0.01702	0.01470	0.01547	0.01392	0.01779	0.01702	0.01083	0.03635	0.70453	0.02862	0.02785	0.02553	0.02088	0.00928	0.00696	0.00232	0.00541	0.00773	0.00696	0.01083
19	0.02601	0.01916	0.02053	0.01574	0.02122	0.02122	0.01300	0.69408	0.03217	0.04312	0.01643	0.01643	0.01163	0.00821	0.00684	0.00205	0.00753	0.00616	0.00684	0.01163
20	0.01372	0.03539	0.72412	0.01950	0.02961	0.01589	0.02528	0.02167	0.01444	0.02167	0.01228	0.01444	0.00867	0.00650	0.00650	0.00217	0.01011	0.00506	0.00289	0.01011
21	0.01829	0.76368	0.03585	0.01171	0.01756	0.02707	0.01171	0.02049	0.01390	0.01610	0.00951	0.01097	0.00878	0.00585	0.00439	0.00146	0.00732	0.00366	0.00293	0.00878
22	0.02556	0.03261	0.01939	0.01763	0.02115	0.73210	0.01322	0.02732	0.01939	0.01674	0.01058	0.01234	0.00881	0.00705	0.00617	0.00176	0.01234	0.00441	0.00353	0.00793
23	0.01572	0.31023	0.28311	0.01692	0.02362	0.02045	0.09438	0.02025	0.01386	0.01870	0.01146	0.01489	0.00961	0.03814	0.00860	0.00218	0.08070	0.00516	0.00303	0.00899
24	0.02601	0.01916	0.02053	0.01574	0.02122	0.02122	0.01300	0.69408	0.03217	0.04312	0.01643	0.01643	0.01163	0.00821	0.00684	0.00205	0.00753	0.00616	0.00684	0.01163
25	0.00995	0.00663	0.00746	0.00746	0.00746	0.00663	0.00415	0.00995	0.00995	0.01327	0.02156	0.04477	0.02487	0.75957	0.03482	0.00663	0.00663	0.00995	0.00415	0.00415
26	0.02598	0.02003	0.02046	0.01586	0.02121	0.06712	0.01302	0.65102	0.03134	0.04141	0.01605	0.01616	0.01145	0.00814	0.00680	0.00203	0.00784	0.00605	0.00663	0.01140
27	0.01739	0.01733	0.02664	0.08305	0.61931	0.07430	0.02024	0.02129	0.01577	0.02160	0.01264	0.01664	0.01057	0.00622	0.00673	0.00203	0.00853	0.00596	0.00338	0.01040
28	0.00812	0.00681	0.00706	0.00726	0.00933	0.00575	0.00535	0.00978	0.01528	0.01835	0.06527	0.15381	0.62874	0.01785	0.00817	0.00237	0.00353	0.01508	0.00635	0.00575
29	0.00850	0.00636	0.00794	0.00906	0.01005	0.00579	0.00638	0.01002	0.01409	0.01823	0.06671	0.51746	0.21033	0.02002	0.00860	0.00267	0.00398	0.06175	0.00639	0.00569
30	0.01372	0.03539	0.72412	0.01950	0.02961	0.01589	0.02528	0.02167	0.01444	0.02167	0.01228	0.01444	0.00867	0.00650	0.00650	0.00217	0.01011	0.00506	0.00289	0.01011
31	0.01661	0.01592	0.02718	0.09916	0.66228	0.01617	0.02083	0.02071	0.01542	0.02195	0.01281	0.01704	0.01070	0.00616	0.00678	0.00205	0.00821	0.00609	0.00336	0.01057
32	0.01106	0.03996	0.04053	0.00934	0.01163	0.00786	0.00761	0.01442	0.01894	0.05470	0.62683	0.04677	0.05796	0.01311	0.00780	0.00212	0.00379	0.01148	0.00718	0.00691
33	0.02556	0.03261	0.01939	0.01763	0.02115	0.73210	0.01322	0.02732	0.01939	0.01674	0.01058	0.01234	0.00881	0.00705	0.00617	0.00176	0.01234	0.00441	0.00353	0.00793
34	0.01336	0.01261	0.02132	0.66579	0.12100	0.01532	0.01922	0.01787	0.01389	0.01802	0.01224	0.01810	0.00931	0.00676	0.00683	0.00225	0.00901	0.00608	0.00308	0.00796
35	0.01661	0.01593	0.02719	0.09783	0.66355	0.01617	0.02084	0.02072	0.01543	0.02196	0.01281	0.01704	0.01070	0.00615	0.00678	0.00205	0.00821	0.00609	0.00336	0.01058
36	0.01424	0.01351	0.02290	0.51281	0.26713	0.01555	0.01966	0.01863	0.01430	0.01908	0.01239	0.01781	0.00968	0.00660	0.00682	0.00220	0.00879	0.00609	0.00315	0.00866
37	0.01661	0.01592	0.02718	0.09912	0.66232	0.01617	0.02083	0.02071	0.01542	0.02195	0.01281	0.01704	0.01070	0.00616	0.00678	0.00205	0.00821	0.00609	0.00336	0.01057
38	0.01390	0.06349	0.69756	0.01920	0.02915	0.01632	0.02475	0.02162	0.01442	0.02145	0.01217	0.01431	0.00867	0.00647	0.00642	0.00214	0.01000	0.00500	0.00289	0.01006
39	0.01495	0.01418	0.02375	0.38733	0.36113	0.01576	0.01965	0.01981	0.03919	0.02017	0.01305	0.01788	0.01035	0.00658	0.00681	0.00216	0.00852	0.00615	0.00334	0.00924
40	0.00980	0.00721	0.01036	0.01036	0.01137	0.00821	0.00776	0.01181	0.01081	0.01541	0.01890	0.03008	0.01849	0.17792	0.60774	0.01022	0.01623	0.00780	0.00375	0.00576
41	0.52407	0.04746	0.09339	0.01185	0.01712	0.01556	0.04217	0.04718	0.01401	0.11427	0.01244	0.01352	0.00908	0.00665	0.00510	0.00210	0.00636	0.00454	0.00461	0.00853
42	0.01017	0.00766	0.01072	0.01052	0.01134	0.00887	0.00781	0.01190	0.01068	0.01523	0.01856	0.03084	0.01863	0.23696	0.49949	0.00930	0.06397	0.00794	0.00375	0.00568
43	0.00834	0.00595	0.00794	0.00953	0.00992	0.00556	0.00635	0.00953	0.01310	0.01746	0.03771	0.75510	0.04525	0.02143	0.00873	0.00278	0.00397	0.01945	0.00635	0.00556
44	0.01263	0.01165	0.01115	0.01161	0.01317	0.11483	0.00827	0.01758	0.15399	0.01962	0.03172	0.49807	0.03495	0.01686	0.00800	0.00254	0.00549	0.01486	0.00606	0.00697
45	0.03711	0.09316	0.60814	0.01910	0.02851	0.01687	0.06197	0.02154	0.01442	0.02149	0.01206	0.01430	0.00874	0.00640	0.00635	0.00212	0.00983	0.00508	0.00296	0.00987

[dist]
# distance from previous block
# <min> <max>
2	8

[block]
# block no. 4 follows, 31 sequences, length 11
# corresponding to MSA columns:
# 223-233
name=unknown_E
#
# <colnr> <probs for GDERKNQSTAVLIFYWHMCP>
#	G	D	E	R	K	N	Q	S	T	A	V	L	I	F	Y	W	H	M	C	P
0	0.01596	0.03410	0.02036	0.02416	0.26842	0.11400	0.06273	0.01884	0.01564	0.05317	0.02187	0.22465	0.02247	0.01154	0.00747	0.00230	0.00755	0.06161	0.00469	0.00849
1	0.06124	0.00942	0.01091	0.01008	0.01282	0.00903	0.00765	0.10100	0.01736	0.15895	0.04001	0.28646	0.21761	0.01524	0.00769	0.00239	0.00472	0.01303	0.00670	0.00768
2	0.09732	0.01233	0.12584	0.00930	0.01308	0.00853	0.00881	0.01303	0.01511	0.02069	0.07706	0.05077	0.49562	0.01420	0.00740	0.00226	0.00476	0.01163	0.00559	0.00670
3	0.01618	0.11529	0.53175	0.01833	0.02688	0.13544	0.02179	0.02247	0.01520	0.02024	0.01169	0.01371	0.00870	0.00652	0.00621	0.00202	0.01017	0.00479	0.00300	0.00960
4	0.27079	0.52370	0.02760	0.01084	0.01618	0.02332	0.01033	0.02037	0.01318	0.02076	0.00952	0.01102	0.00834	0.00601	0.00434	0.00167	0.00667	0.00367	0.00334	0.00834
5	0.04513	0.01370	0.04654	0.01248	0.01662	0.01325	0.01041	0.21500	0.09803	0.17104	0.22815	0.04890	0.03017	0.01033	0.00718	0.00215	0.00562	0.00857	0.00711	0.00963
6	0.01670	0.01764	0.07800	0.04037	0.66731	0.01623	0.02131	0.02104	0.01550	0.02230	0.01283	0.01675	0.01068	0.00612	0.00675	0.00204	0.00827	0.00602	0.00335	0.01078
7	0.01326	0.01250	0.02113	0.68428	0.10333	0.01529	0.01917	0.01777	0.01384	0.01789	0.01222	0.01813	0.00926	0.00678	0.00683	0.00226	0.00904	0.00608	0.00307	0.00787
8	0.02060	0.41314	0.17474	0.01346	0.02006	0.02025	0.01411	0.02412	0.01551	0.20302	0.01469	0.01494	0.01090	0.00668	0.00549	0.00178	0.00751	0.00480	0.00438	0.00981
9	0.01250	0.01169	0.01897	0.55448	0.10488	0.01374	0.01691	0.01655	0.01418	0.01811	0.02167	0.02598	0.12575	0.00850	0.00704	0.00226	0.00809	0.00746	0.00362	0.00761
10	0.01150	0.00897	0.00981	0.00886	0.01150	0.00852	0.00684	0.12374	0.01940	0.02510	0.24367	0.05349	0.41337	0.01487	0.00788	0.00222	0.00407	0.01248	0.00677	0.00694

[dist]
# distance from previous block
# <min> <max>
0	1

[block]
# block no. 5 follows, 31 sequences, length 67
# corresponding to MSA columns:
# 235-301
name=unknown_F
#
# <colnr> <probs for GDERKNQSTAVLIFYWHMCP>
#	G	D	E	R	K	N	Q	S	T	A	V	L	I	F	Y	W	H	M	C	P
0	0.01702	0.01470	0.01547	0.01392	0.01779	0.01702	0.01083	0.03635	0.70453	0.02862	0.02785	0.02553	0.02088	0.00928	0.00696	0.00232	0.00541	0.00773	0.00696	0.01083
1	0.01829	0.76368	0.03585	0.01171	0.01756	0.02707	0.01171	0.02049	0.01390	0.01610	0.00951	0.01097	0.00878	0.00585	0.00439	0.00146	0.00732	0.00366	0.00293	0.00878
2	0.80789	0.01323	0.01006	0.00900	0.01323	0.01535	0.00741	0.02011	0.01164	0.03070	0.00953	0.01111	0.00741	0.00635	0.00423	0.00212	0.00529	0.00370	0.00423	0.00741
3	0.00977	0.00733	0.01100	0.01100	0.01222	0.00855	0.00855	0.01222	0.01100	0.01588	0.01833	0.02688	0.01710	0.05131	0.73245	0.01100	0.01833	0.00733	0.00367	0.00611
4	0.80789	0.01323	0.01006	0.00900	0.01323	0.01535	0.00741	0.02011	0.01164	0.03070	0.00953	0.01111	0.00741	0.00635	0.00423	0.00212	0.00529	0.00370	0.00423	0.00741
5	0.01702	0.01470	0.01547	0.01392	0.01779	0.01702	0.01083	0.03635	0.70453	0.02862	0.02785	0.02553	0.02088	0.00928	0.00696	0.00232	0.00541	0.00773	0.00696	0.01083
6	0.02601	0.01916	0.02053	0.01574	0.02122	0.02122	0.01300	0.69408	0.03217	0.04312	0.01643	0.01643	0.01163	0.00821	0.00684	0.00205	0.00753	0.00616	0.00684	0.01163
7	0.01701	0.55296	0.02946	0.01197	0.01669	0.07286	0.01115	0.01923	0.01368	0.01610	0.01144	0.01442	0.01053	0.01551	0.15776	0.00349	0.00999	0.00448	0.00312	0.00816
8	0.01615	0.01845	0.04037	0.02884	0.03576	0.01730	0.69204	0.02191	0.01615	0.02191	0.01384	0.01845	0.01038	0.00577	0.00807	0.00231	0.01153	0.00807	0.00346	0.00923
9	0.01419	0.01216	0.01419	0.01013	0.01621	0.00912	0.00811	0.01723	0.01419	0.02229	0.01216	0.01419	0.01013	0.00507	0.00507	0.00101	0.00507	0.00405	0.00405	0.80139
10	0.01322	0.01037	0.01244	0.00993	0.01418	0.00860	0.00773	0.01712	0.05535	0.04792	0.22278	0.07175	0.02926	0.00908	0.00635	0.00157	0.00450	0.00777	0.00554	0.44451
11	0.02600	0.01689	0.01881	0.01452	0.01964	0.01808	0.01188	0.51933	0.02829	0.17889	0.01887	0.01951	0.01350	0.05306	0.00852	0.00234	0.00713	0.00653	0.00701	0.01119
12	0.01769	0.01503	0.01585	0.01406	0.01805	0.01733	0.01099	0.08549	0.65430	0.02970	0.02699	0.02485	0.02019	0.00920	0.00695	0.00230	0.00557	0.00762	0.00695	0.01089
13	0.00834	0.00595	0.00794	0.00953	0.00992	0.00556	0.00635	0.00953	0.01310	0.01746	0.03771	0.75510	0.04525	0.02143	0.00873	0.00278	0.00397	0.01945	0.00635	0.00556
14	0.01411	0.08611	0.65631	0.01922	0.02894	0.01671	0.04327	0.02159	0.01445	0.02128	0.01213	0.01431	0.00872	0.00643	0.00640	0.00212	0.00995	0.00504	0.00291	0.00999
15	0.80789	0.01323	0.01006	0.00900	0.01323	0.01535	0.00741	0.02011	0.01164	0.03070	0.00953	0.01111	0.00741	0.00635	0.00423	0.00212	0.00529	0.00370	0.00423	0.00741
16	0.01194	0.00597	0.00876	0.00876	0.00886	0.00597	0.00587	0.00933	0.00924	0.01270	0.01251	0.02108	0.01222	0.02283	0.02543	0.75329	0.00578	0.00597	0.05035	0.00317
17	0.01931	0.02076	0.02546	0.03528	0.52530	0.21338	0.01885	0.02274	0.01663	0.02081	0.01224	0.01567	0.01028	0.00636	0.00661	0.00196	0.00929	0.00563	0.00342	0.01004
18	0.00978	0.00729	0.01078	0.01078	0.01193	0.00844	0.00829	0.01208	0.01093	0.01573	0.01852	0.02794	0.01757	0.09354	0.69086	0.01073	0.01763	0.00749	0.00369	0.00599
19	0.01679	0.01314	0.01402	0.01261	0.01619	0.01481	0.00981	0.03243	0.54982	0.06480	0.04763	0.02730	0.04171	0.00946	0.00677	0.00222	0.00506	0.00786	0.09747	0.01009
20	0.02953	0.01168	0.01576	0.01203	0.01738	0.00999	0.00992	0.03221	0.01920	0.67234	0.02595	0.02264	0.01646	0.00823	0.00675	0.00204	0.00577	0.00668	0.00816	0.06730
21	0.01693	0.01626	0.02777	0.04199	0.71689	0.01626	0.02100	0.02100	0.01558	0.02235	0.01287	0.01693	0.01084	0.00610	0.00677	0.00203	0.00813	0.00610	0.00339	0.01084
22	0.02556	0.03261	0.01939	0.01763	0.02115	0.73210	0.01322	0.02732	0.01939	0.01674	0.01058	0.01234	0.00881	0.00705	0.00617	0.00176	0.01234	0.00441	0.00353	0.00793
23	0.00834	0.00595	0.00794	0.00953	0.00992	0.00556	0.00635	0.00953	0.01310	0.01746	0.03771	0.75510	0.04525	0.02143	0.00873	0.00278	0.00397	0.01945	0.00635	0.00556
24	0.00834	0.00595	0.00794	0.00953	0.00992	0.00556	0.00635	0.00953	0.01310	0.01746	0.03771	0.75510	0.04525	0.02143	0.00873	0.00278	0.00397	0.01945	0.00635	0.00556
25	0.01102	0.00787	0.01102	0.01260	0.01417	0.00787	0.01102	0.01417	0.01575	0.02047	0.03622	0.07717	0.03937	0.01890	0.00945	0.00315	0.00630	0.67084	0.00630	0.00630
26	0.00977	0.00733	0.01100	0.01100	0.01222	0.00855	0.00855	0.01222	0.01100	0.01588	0.01833	0.02688	0.01710	0.05131	0.73245	0.01100	0.01833	0.00733	0.00367	0.00611
27	0.01534	0.01559	0.02090	0.01795	0.01807	0.04609	0.01491	0.01685	0.01079	0.01647	0.00904	0.01487	0.00897	0.01180	0.02188	0.00295	0.72108	0.00593	0.00301	0.00750
28	0.01419	0.01216	0.01419	0.01013	0.01621	0.00912	0.00811	0.01723	0.01419	0.02229	0.01216	0.01419	0.01013	0.00507	0.00507	0.00101	0.00507	0.00405	0.00405	0.80139
29	0.02993	0.01225	0.01618	0.01247	0.01773	0.01104	0.01028	0.07812	0.04308	0.65284	0.02630	0.02290	0.01671	0.00848	0.00688	0.00212	0.00592	0.00686	0.00831	0.01162
30	0.01829	0.76368	0.03585	0.01171	0.01756	0.02707	0.01171	0.02049	0.01390	0.01610	0.00951	0.01097	0.00878	0.00585	0.00439	0.00146	0.00732	0.00366	0.00293	0.00878
31	0.01522	0.01562	0.02023	0.56783	0.07143	0.13575	0.01769	0.01925	0.01475	0.01781	0.01223	0.01740	0.00939	0.00688	0.00666	0.00216	0.00944	0.00581	0.02668	0.00776
32	0.80789	0.01323	0.01006	0.00900	0.01323	0.01535	0.00741	0.02011	0.01164	0.03070	0.00953	0.01111	0.00741	0.00635	0.00423	0.00212	0.00529	0.00370	0.00423	0.00741
33	0.01372	0.03539	0.72412	0.01950	0.02961	0.01589	0.02528	0.02167	0.01444	0.02167	0.01228	0.01444	0.00867	0.00650	0.00650	0.00217	0.01011	0.00506	0.00289	0.01011
34	0.02057	0.00935	0.01266	0.01077	0.01415	0.00834	0.00860	0.02316	0.01853	0.38169	0.25602	0.06886	0.03543	0.01222	0.00832	0.03375	0.00491	0.05603	0.00769	0.00893
35	0.01810	0.01204	0.01459	0.01062	0.01651	0.00934	0.00857	0.02105	0.01547	0.18816	0.01568	0.01634	0.01175	0.00587	0.00550	0.00128	0.00525	0.00472	0.00510	0.61408
36	0.00834	0.00595	0.00794	0.00953	0.00992	0.00556	0.00635	0.00953	0.01310	0.01746	0.03771	0.75510	0.04525	0.02143	0.00873	0.00278	0.00397	0.01945	0.00635	0.00556
37	0.01702	0.01470	0.01547	0.01392	0.01779	0.01702	0.01083	0.03635	0.70453	0.02862	0.02785	0.02553	0.02088	0.00928	0.00696	0.00232	0.00541	0.00773	0.00696	0.01083
38	0.01469	0.06347	0.55031	0.01889	0.02769	0.01598	0.07176	0.02247	0.05582	0.04576	0.01463	0.04255	0.01114	0.00719	0.00664	0.00218	0.00944	0.00596	0.00349	0.00992
39	0.01513	0.05860	0.64827	0.01869	0.02830	0.01584	0.02369	0.02249	0.01480	0.07312	0.01327	0.01498	0.00928	0.00662	0.00646	0.00214	0.00970	0.00514	0.00330	0.01018
40	0.01372	0.03539	0.72412	0.01950	0.02961	0.01589	0.02528	0.02167	0.01444	0.02167	0.01228	0.01444	0.00867	0.00650	0.00650	0.00217	0.01011	0.00506	0.00289	0.01011
41	0.01310	0.01199	0.01953	0.52827	0.06942	0.01425	0.03709	0.01844	0.06275	0.01896	0.01705	0.05089	0.01486	0.00887	0.00725	0.00239	0.00838	0.08488	0.00384	0.00780
42	0.02977	0.01459	0.01661	0.01306	0.01816	0.09392	0.01063	0.08009	0.02046	0.59182	0.02434	0.02153	0.01562	0.00829	0.00680	0.00207	0.00669	0.00654	0.00778	0.01122
43	0.01093	0.03966	0.20434	0.01169	0.01569	0.00962	0.01171	0.01522	0.01730	0.02454	0.43364	0.08984	0.06441	0.01230	0.00757	0.00218	0.00529	0.01065	0.00600	0.00744
44	0.01292	0.01216	0.02052	0.74312	0.04712	0.01520	0.01900	0.01748	0.01368	0.01748	0.01216	0.01824	0.00912	0.00684	0.00684	0.00228	0.00912	0.00608	0.00304	0.00760
45	0.00870	0.00633	0.00821	0.00957	0.01033	0.00591	0.00676	0.01017	0.01364	0.01785	0.04064	0.57025	0.11950	0.04084	0.00947	0.00288	0.00429	0.10275	0.00628	0.00564
46	0.01756	0.01622	0.02440	0.03474	0.54067	0.06182	0.01820	0.05072	0.01647	0.05001	0.01597	0.09229	0.01450	0.00791	0.00694	0.00209	0.00786	0.00738	0.00405	0.01018
47	0.51780	0.01306	0.01210	0.01018	0.01460	0.01425	0.00837	0.08849	0.01551	0.17948	0.01470	0.01510	0.01046	0.00708	0.00509	0.00208	0.00550	0.00478	0.05270	0.00867
48	0.01088	0.00723	0.00942	0.01035	0.01143	0.00694	0.00743	0.05036	0.01483	0.05866	0.03574	0.60101	0.04113	0.01969	0.00860	0.00274	0.00452	0.08623	0.00649	0.00632
49	0.01670	0.01668	0.08356	0.01446	0.01893	0.01691	0.01222	0.03494	0.63822	0.02795	0.02635	0.02446	0.01971	0.00901	0.00692	0.00231	0.00587	0.00748	0.00657	0.01076
50	0.01680	0.01612	0.02753	0.06540	0.69453	0.01622	0.02093	0.02088	0.01551	0.02219	0.01285	0.01698	0.01078	0.00612	0.00678	0.00204	0.00816	0.00610	0.00337	0.01073
51	0.01372	0.03539	0.72412	0.01950	0.02961	0.01589	0.02528	0.02167	0.01444	0.02167	0.01228	0.01444	0.00867	0.00650	0.00650	0.00217	0.01011	0.00506	0.00289	0.01011
52	0.00842	0.00694	0.00739	0.00728	0.00944	0.00592	0.00546	0.01046	0.01638	0.02034	0.20269	0.06279	0.57957	0.01663	0.00808	0.00228	0.00342	0.01401	0.00660	0.00592
53	0.02165	0.08364	0.01894	0.01457	0.01853	0.25261	0.01157	0.27306	0.02326	0.02813	0.11412	0.07159	0.02033	0.00938	0.00672	0.00197	0.00823	0.00719	0.00548	0.00901
54	0.01445	0.01362	0.02303	0.38368	0.34248	0.01514	0.01914	0.01862	0.01441	0.01959	0.01347	0.04068	0.01127	0.00849	0.03181	0.00248	0.00884	0.00654	0.00332	0.00892
55	0.18997	0.01269	0.01387	0.01144	0.01570	0.01308	0.00921	0.12907	0.10419	0.17647	0.13562	0.02377	0.02191	0.00984	0.02609	0.00227	0.00576	0.00685	0.00640	0.08579
56	0.02557	0.03217	0.01942	0.01756	0.02115	0.70915	0.01321	0.04884	0.01980	0.01760	0.01076	0.01247	0.00890	0.00709	0.00619	0.00177	0.01218	0.00446	0.00363	0.00805
57	0.01702	0.01470	0.01547	0.01392	0.01779	0.01702	0.01083	0.03635	0.70453	0.02862	0.02785	0.02553	0.02088	0.00928	0.00696	0.00232	0.00541	0.00773	0.00696	0.01083
58	0.01292	0.01216	0.02052	0.74312	0.04712	0.01520	0.01900	0.01748	0.01368	0.01748	0.01216	0.01824	0.00912	0.00684	0.00684	0.00228	0.00912	0.00608	0.00304	0.00760
59	0.00985	0.00659	0.00749	0.00758	0.00761	0.00657	0.00428	0.00992	0.01014	0.01352	0.02252	0.08712	0.02609	0.71555	0.03327	0.00640	0.00647	0.01052	0.00428	0.00423
60	0.01556	0.01608	0.02122	0.01812	0.01865	0.07047	0.04131	0.01724	0.01141	0.01673	0.01014	0.03697	0.01010	0.01166	0.02033	0.00287	0.64410	0.00636	0.00315	0.00753
61	0.75311	0.01312	0.01047	0.00922	0.01353	0.01497	0.00760	0.02104	0.01220	0.07939	0.01076	0.01197	0.00808	0.00650	0.00442	0.00212	0.00533	0.00393	0.00453	0.00771
62	0.01693	0.01626	0.02777	0.04199	0.71689	0.01626	0.02100	0.02100	0.01558	0.02235	0.01287	0.01693	0.01084	0.00610	0.00677	0.00203	0.00813	0.00610	0.00339	0.01084
63	0.01274	0.00881	0.01133	0.01187	0.01397	0.00888	0.00984	0.01787	0.11353	0.07103	0.07540	0.12905	0.08037	0.01666	0.00868	0.00281	0.00556	0.38776	0.00663	0.00722
64	0.01059	0.00772	0.01040	0.01177	0.01329	0.00764	0.00991	0.01381	0.03510	0.02012	0.03864	0.17407	0.08943	0.01888	0.00917	0.00301	0.00572	0.50812	0.00633	0.00628
65	0.07317	0.58811	0.14997	0.01283	0.01928	0.02436	0.01369	0.02066	0.01383	0.01806	0.00998	0.01157	0.00866	0.00600	0.00473	0.00163	0.00764	0.00390	0.00301	0.00891
66	0.02386	0.01755	0.01917	0.04139	0.02086	0.01937	0.01244	0.59464	0.02989	0.04038	0.06562	0.01929	0.01551	0.00856	0.00685	0.00205	0.00711	0.00660	0.03796	0.01092

[dist]
# distance from previous block
# <min> <max>
4	7

[block]
# block no. 6 follows, 31 sequences, length 18
# corresponding to MSA columns:
# 309-326
name=unknown_G
#
# <colnr> <probs for GDERKNQSTAVLIFYWHMCP>
#	G	D	E	R	K	N	Q	S	T	A	V	L	I	F	Y	W	H	M	C	P
