[name]
unknown

[dist]
# distance from previous block
# <min> <max>
2	31

[block]
# block no. 0 follows, 29 sequences, length 29
# corresponding to MSA columns:
# 31-59
name=unknown_A
#
# <colnr> <probs for GDERKNQSTAVLIFYWHMCP>
#	G	D	E	R	K	N	Q	S	T	A	V	L	I	F	Y	W	H	M	C	P
0	0.14215	0.13354	0.20157	0.01420	0.02047	0.04676	0.01434	0.07923	0.07397	0.06072	0.03359	0.01929	0.04092	0.02495	0.00681	0.00214	0.00758	0.00585	0.00466	0.06724
1	0.04069	0.20429	0.33231	0.01706	0.02478	0.01825	0.07127	0.03823	0.01633	0.09821	0.06164	0.01809	0.01420	0.00734	0.00646	0.00208	0.00874	0.00588	0.00418	0.00998
2	0.13834	0.10133	0.23371	0.04191	0.02473	0.01610	0.11431	0.02319	0.01570	0.13606	0.01837	0.01961	0.05249	0.00755	0.00655	0.00216	0.00834	0.00627	0.00452	0.02876
3	0.12143	0.04796	0.24933	0.10508	0.02698	0.01573	0.10884	0.04657	0.01501	0.02296	0.01609	0.10343	0.01451	0.04008	0.00875	0.00255	0.03429	0.00765	0.00395	0.00879
4	0.04513	0.01609	0.04798	0.38124	0.10503	0.05883	0.01708	0.12826	0.01778	0.02353	0.01577	0.02090	0.03361	0.04923	0.00863	0.00252	0.00887	0.00662	0.00410	0.00880
5	0.17151	0.02201	0.12841	0.01631	0.02249	0.05110	0.04171	0.39667	0.02525	0.03679	0.01467	0.01562	0.01061	0.00774	0.00657	0.00217	0.00821	0.00575	0.00566	0.01075
6	0.11483	0.01604	0.01823	0.11770	0.04559	0.05557	0.01280	0.23426	0.03984	0.20068	0.05957	0.02069	0.01597	0.00844	0.00685	0.00219	0.00734	0.00662	0.00639	0.01041
7	0.04328	0.00941	0.01088	0.01038	0.01273	0.00955	0.00798	0.04465	0.13625	0.02670	0.32494	0.11413	0.14446	0.01475	0.00816	0.00243	0.00437	0.06020	0.00718	0.00757
8	0.01021	0.00693	0.00772	0.00772	0.00791	0.00684	0.00440	0.01034	0.01080	0.01421	0.02617	0.04825	0.07674	0.69475	0.03415	0.00657	0.00666	0.01071	0.00449	0.00444
9	0.02284	0.01418	0.01926	0.01521	0.01989	0.01422	0.08986	0.21531	0.05738	0.24258	0.09313	0.09109	0.02323	0.01189	0.03350	0.00262	0.00727	0.00894	0.00714	0.01043
10	0.01480	0.02632	0.37191	0.07065	0.03160	0.01629	0.22095	0.02135	0.01528	0.02214	0.01456	0.04280	0.01141	0.00744	0.00802	0.00234	0.04274	0.00692	0.04291	0.00958
11	0.00868	0.00620	0.00826	0.00991	0.01033	0.00578	0.00661	0.00991	0.01363	0.01818	0.03925	0.74510	0.04710	0.02231	0.00909	0.00289	0.00413	0.02024	0.00661	0.00578
12	0.07639	0.01681	0.02825	0.04036	0.61591	0.01691	0.05765	0.02184	0.01594	0.02389	0.01319	0.01726	0.01098	0.00635	0.00693	0.00214	0.00844	0.00627	0.00360	0.01092
13	0.05146	0.01606	0.05897	0.01393	0.01855	0.04017	0.01189	0.14959	0.03458	0.14941	0.10003	0.02178	0.01884	0.00900	0.00906	0.00208	0.11009	0.00665	0.00586	0.17201
14	0.01149	0.00926	0.01309	0.01259	0.01345	0.01137	0.00986	0.01365	0.01193	0.01771	0.02019	0.13719	0.02037	0.03509	0.38480	0.00732	0.18992	0.00919	0.06487	0.00664
15	0.01569	0.00919	0.00945	0.00858	0.01100	0.00965	0.00665	0.12329	0.05199	0.02962	0.02254	0.02505	0.01745	0.00840	0.00543	0.00177	0.00415	0.00667	0.62567	0.00774
16	0.00903	0.00662	0.00839	0.00947	0.01038	0.00612	0.00660	0.01063	0.01469	0.01933	0.10867	0.49238	0.15275	0.05815	0.01036	0.00298	0.00426	0.05670	0.00661	0.00588
17	0.01565	0.08537	0.44902	0.06074	0.03051	0.05340	0.11343	0.02218	0.01517	0.02128	0.01246	0.01548	0.00933	0.00705	0.00796	0.00226	0.06005	0.00568	0.00314	0.00985
18	0.00868	0.00620	0.00826	0.00991	0.01033	0.00578	0.00661	0.00991	0.01363	0.01818	0.03925	0.74510	0.04710	0.02231	0.00909	0.00289	0.00413	0.02024	0.00661	0.00578
19	0.00879	0.00629	0.00819	0.00966	0.01011	0.00588	0.00640	0.00996	0.01348	0.01789	0.03912	0.66917	0.06819	0.07684	0.01111	0.00318	0.00432	0.01932	0.00644	0.00568
20	0.06663	0.18389	0.36561	0.01762	0.02557	0.08696	0.04716	0.06300	0.01661	0.04692	0.01269	0.01447	0.00954	0.00682	0.00623	0.00205	0.00957	0.00507	0.00364	0.00995
21	0.00898	0.00668	0.00952	0.01066	0.01133	0.00624	0.03170	0.01040	0.01375	0.01835	0.03832	0.71804	0.04574	0.02170	0.00906	0.00287	0.00442	0.01980	0.00650	0.00593
22	0.01403	0.01096	0.01377	0.03677	0.01537	0.01224	0.00986	0.15030	0.01838	0.02524	0.14734	0.30929	0.03557	0.03776	0.01158	0.00276	0.12192	0.01307	0.00619	0.00760
23	0.01625	0.01822	0.03913	0.08868	0.03731	0.01741	0.60108	0.02198	0.01648	0.02226	0.01510	0.04365	0.01192	0.00665	0.00832	0.00242	0.01153	0.00863	0.00367	0.00933
24	0.02478	0.03077	0.01964	0.01779	0.02104	0.61412	0.01341	0.02715	0.04237	0.01768	0.01199	0.01494	0.01033	0.03908	0.00898	0.00216	0.06675	0.00507	0.00378	0.00816
25	0.01551	0.01310	0.01516	0.01090	0.01719	0.01025	0.00875	0.05805	0.01590	0.02451	0.01292	0.01491	0.01064	0.00547	0.00539	0.00112	0.00543	0.00435	0.00439	0.74605
26	0.01816	0.02206	0.11208	0.06026	0.31116	0.12669	0.13045	0.02312	0.03622	0.02176	0.01327	0.01701	0.01070	0.00704	0.00826	0.00222	0.05957	0.00633	0.00356	0.01006
27	0.01779	0.01805	0.02619	0.06687	0.47905	0.09616	0.05604	0.02250	0.05065	0.02240	0.01793	0.02115	0.05856	0.00744	0.00716	0.00215	0.00873	0.00694	0.00393	0.01033
28	0.02012	0.25450	0.02799	0.04737	0.02241	0.17832	0.06926	0.07860	0.01666	0.01998	0.01112	0.01423	0.00961	0.00821	0.01032	0.00215	0.19141	0.00530	0.00360	0.00885

[dist]
# distance from previous block
# <min> <max>
2	8

[block]
# block no. 1 follows, 29 sequences, length 45
# corresponding to MSA columns:
# 68-112
name=unknown_B
#
# <colnr> <probs for GDERKNQSTAVLIFYWHMCP>
#	G	D	E	R	K	N	Q	S	T	A	V	L	I	F	Y	W	H	M	C	P
0	0.02130	0.01418	0.01608	0.01349	0.01758	0.01516	0.01070	0.20949	0.23199	0.15885	0.09303	0.03007	0.02402	0.07319	0.00989	0.00270	0.00624	0.03434	0.00729	0.01042
1	0.00874	0.00687	0.00779	0.00845	0.00997	0.00607	0.00602	0.01030	0.01497	0.01862	0.05610	0.31072	0.40208	0.06182	0.01032	0.00287	0.00410	0.04188	0.00648	0.00585
2	0.01951	0.01529	0.01754	0.01355	0.01878	0.01526	0.01099	0.20866	0.10256	0.06296	0.01634	0.01740	0.01258	0.00758	0.00783	0.00178	0.07502	0.00564	0.00553	0.36517
3	0.02281	0.01838	0.08567	0.03534	0.02474	0.01771	0.13984	0.20026	0.02085	0.19985	0.01745	0.01887	0.01241	0.00866	0.01030	0.00240	0.14131	0.00684	0.00570	0.01061
4	0.00895	0.00635	0.00835	0.00984	0.01027	0.00599	0.00659	0.01015	0.01344	0.01789	0.03760	0.65203	0.04484	0.09091	0.01168	0.00329	0.00449	0.04529	0.00639	0.00568
5	0.00915	0.00666	0.00875	0.01002	0.01037	0.00656	0.00671	0.01026	0.01315	0.01763	0.03610	0.63524	0.04313	0.10565	0.01279	0.00336	0.03403	0.01854	0.00620	0.00570
6	0.01749	0.01824	0.06617	0.15790	0.03043	0.05877	0.19558	0.07405	0.01620	0.05056	0.01385	0.03697	0.01132	0.00886	0.01191	0.00253	0.20915	0.00711	0.00394	0.00896
7	0.00964	0.00659	0.00792	0.00865	0.00899	0.00636	0.00540	0.01038	0.01221	0.01641	0.03190	0.35481	0.06255	0.37242	0.02201	0.00476	0.00542	0.01477	0.03369	0.00512
8	0.00866	0.00625	0.00821	0.00978	0.01029	0.00580	0.00655	0.00993	0.01376	0.01823	0.04088	0.71144	0.07971	0.02210	0.00906	0.00287	0.00411	0.01998	0.00661	0.00580
9	0.01440	0.01380	0.02407	0.55411	0.04407	0.01622	0.11920	0.04538	0.01530	0.01994	0.01391	0.04329	0.01106	0.00766	0.00780	0.00240	0.02850	0.00711	0.00351	0.00826
10	0.01793	0.04957	0.02376	0.32787	0.13063	0.05223	0.05647	0.13669	0.08862	0.02491	0.01512	0.01862	0.01151	0.00742	0.00705	0.00224	0.00889	0.00645	0.00437	0.00964
11	0.02531	0.01866	0.02007	0.01584	0.02118	0.02070	0.01294	0.52070	0.17090	0.06859	0.02003	0.01937	0.01435	0.00879	0.00715	0.00220	0.00730	0.00678	0.00722	0.01193
12	0.01971	0.01580	0.01849	0.01365	0.01976	0.01482	0.03781	0.28042	0.02224	0.03175	0.01448	0.01587	0.01117	0.00660	0.00613	0.00154	0.00656	0.00526	0.00534	0.45259
13	0.01912	0.01467	0.01666	0.01241	0.01840	0.01329	0.01004	0.19259	0.05889	0.06883	0.01564	0.01660	0.01200	0.00658	0.00598	0.00148	0.00601	0.00518	0.00541	0.50021
14	0.01963	0.14159	0.02399	0.01633	0.02029	0.04090	0.06602	0.23035	0.05944	0.02807	0.07619	0.02010	0.01657	0.01122	0.04037	0.00267	0.16479	0.00677	0.00512	0.00959
15	0.02528	0.06404	0.02008	0.01471	0.01983	0.01857	0.01218	0.37725	0.09509	0.18147	0.06373	0.02148	0.01752	0.00904	0.00745	0.00217	0.02455	0.00698	0.00718	0.01139
16	0.00866	0.00624	0.00822	0.00980	0.01030	0.00579	0.00656	0.00993	0.01374	0.01822	0.04063	0.71671	0.07460	0.02213	0.00906	0.00287	0.00411	0.02002	0.00661	0.00579
17	0.01653	0.01869	0.04033	0.02901	0.03579	0.01779	0.63599	0.02228	0.01644	0.02242	0.01443	0.01942	0.01101	0.00790	0.03452	0.00275	0.03336	0.00831	0.00359	0.00943
18	0.01780	0.01459	0.01677	0.01243	0.01824	0.01326	0.01009	0.17898	0.01909	0.02812	0.01354	0.01538	0.01086	0.00648	0.00676	0.00144	0.04792	0.00487	0.00486	0.55852
19	0.01034	0.00681	0.00775	0.00793	0.00807	0.00677	0.00460	0.01067	0.01097	0.01500	0.02427	0.11963	0.02770	0.62989	0.03156	0.00618	0.00640	0.01119	0.04966	0.00460
20	0.01023	0.00685	0.00780	0.00793	0.00796	0.00682	0.00449	0.01032	0.01060	0.01414	0.02372	0.09975	0.02750	0.69440	0.03418	0.00660	0.00669	0.01111	0.00449	0.00443
21	0.01880	0.63978	0.03486	0.01319	0.01843	0.04616	0.01266	0.02098	0.01417	0.01682	0.00986	0.01199	0.00917	0.00694	0.00703	0.00174	0.10128	0.00414	0.00307	0.00894
22	0.01018	0.00760	0.01128	0.01128	0.01250	0.00881	0.00870	0.01261	0.01140	0.01641	0.01922	0.02880	0.01816	0.08412	0.69131	0.01124	0.01854	0.00775	0.00384	0.00627
23	0.01717	0.01354	0.01486	0.01330	0.01697	0.01511	0.01034	0.03292	0.51870	0.07405	0.15879	0.03156	0.03024	0.01055	0.00746	0.00237	0.00522	0.00892	0.00746	0.01045
24	0.00868	0.00620	0.00826	0.00991	0.01033	0.00578	0.00661	0.00991	0.01363	0.01818	0.03925	0.74510	0.04710	0.02231	0.00909	0.00289	0.00413	0.02024	0.00661	0.00578
25	0.01020	0.00684	0.00781	0.00797	0.00801	0.00680	0.00453	0.01031	0.01066	0.01422	0.02401	0.11216	0.02788	0.68147	0.03369	0.00653	0.00664	0.01128	0.00453	0.00445
26	0.01477	0.01266	0.01477	0.01055	0.01687	0.00949	0.00844	0.01793	0.01477	0.02320	0.01266	0.01477	0.01055	0.00527	0.00527	0.00105	0.00527	0.00422	0.00422	0.79328
27	0.00868	0.00620	0.00826	0.00991	0.01033	0.00578	0.00661	0.00991	0.01363	0.01818	0.03925	0.74510	0.04710	0.02231	0.00909	0.00289	0.00413	0.02024	0.00661	0.00578
28	0.00874	0.00625	0.00832	0.00987	0.01034	0.00583	0.00662	0.01009	0.01395	0.01868	0.07145	0.71147	0.04807	0.02193	0.00906	0.00286	0.00409	0.01988	0.00667	0.00583
29	0.00912	0.00672	0.00903	0.01047	0.01092	0.00662	0.00725	0.01047	0.01364	0.01828	0.03783	0.67997	0.04510	0.02174	0.00977	0.00292	0.03721	0.05059	0.00645	0.00591
30	0.00868	0.00620	0.00826	0.00991	0.01033	0.00578	0.00661	0.00991	0.01363	0.01818	0.03925	0.74510	0.04710	0.02231	0.00909	0.00289	0.00413	0.02024	0.00661	0.00578
31	0.00878	0.00624	0.00823	0.00978	0.01016	0.00586	0.00646	0.00994	0.01342	0.01790	0.03816	0.70006	0.04573	0.06922	0.01084	0.00315	0.00431	0.01961	0.00646	0.00569
32	0.05427	0.65329	0.06897	0.01273	0.01886	0.05761	0.01276	0.02168	0.01464	0.01775	0.01009	0.01167	0.00907	0.00620	0.00475	0.00160	0.00790	0.00392	0.00313	0.00910
33	0.06008	0.01215	0.01621	0.04155	0.01899	0.01103	0.01063	0.03284	0.04453	0.60607	0.05104	0.02465	0.01884	0.00890	0.00710	0.00222	0.00606	0.00724	0.00832	0.01155
34	0.03177	0.01241	0.01670	0.01281	0.01832	0.01089	0.01058	0.05856	0.02086	0.68573	0.02769	0.02397	0.01742	0.00880	0.00716	0.00220	0.00612	0.00713	0.00875	0.01212
35	0.01028	0.00773	0.00956	0.00902	0.01094	0.00725	0.00679	0.01437	0.05834	0.02727	0.57095	0.05389	0.15726	0.01478	0.00833	0.00227	0.00353	0.01291	0.00763	0.00688
36	0.04895	0.29794	0.14897	0.01579	0.02213	0.08869	0.08125	0.02400	0.01652	0.12745	0.05354	0.01738	0.01389	0.00725	0.00614	0.00194	0.00852	0.00565	0.00438	0.00961
37	0.07099	0.05294	0.01184	0.00924	0.01222	0.01185	0.00742	0.16041	0.01871	0.03031	0.02022	0.02261	0.01568	0.00811	0.00538	0.00179	0.00469	0.00623	0.52134	0.00803
38	0.01372	0.01293	0.02184	0.68839	0.09120	0.01589	0.01991	0.01843	0.01437	0.01852	0.01270	0.01890	0.00961	0.00707	0.00711	0.00236	0.00943	0.00633	0.00319	0.00813
39	0.05606	0.01909	0.02074	0.01714	0.05213	0.02116	0.01345	0.55955	0.09983	0.04184	0.01787	0.01788	0.01289	0.00849	0.00703	0.00217	0.00755	0.00648	0.00687	0.01181
40	0.01878	0.01758	0.05288	0.02023	0.06394	0.01677	0.19767	0.19900	0.10755	0.02979	0.04608	0.03915	0.01579	0.00787	0.00728	0.00210	0.00816	0.00741	0.00534	0.13663
41	0.13877	0.01497	0.02373	0.05327	0.12064	0.01473	0.19866	0.05092	0.03495	0.06462	0.04337	0.03928	0.01503	0.04426	0.00836	0.00236	0.00798	0.00718	0.00462	0.11231
42	0.05124	0.04986	0.05646	0.03192	0.41443	0.14244	0.03588	0.02343	0.01680	0.05659	0.01385	0.01692	0.01118	0.00674	0.00667	0.00204	0.00893	0.00589	0.03846	0.01027
43	0.04570	0.04218	0.07872	0.01324	0.04931	0.10584	0.01050	0.04350	0.01782	0.02378	0.22106	0.13322	0.12925	0.01286	0.00751	0.00224	0.00612	0.01081	0.03872	0.00763
44	0.11620	0.32489	0.06692	0.01538	0.03827	0.13578	0.05698	0.04169	0.01630	0.04652	0.04074	0.01616	0.02629	0.00730	0.00611	0.00190	0.02435	0.00525	0.00396	0.00899

[dist]
# distance from previous block
# <min> <max>
1	13

[block]
# block no. 2 follows, 29 sequences, length 92
# corresponding to MSA columns:
# 126-217
name=unknown_C
#
# <colnr> <probs for GDERKNQSTAVLIFYWHMCP>
#	G	D	E	R	K	N	Q	S	T	A	V	L	I	F	Y	W	H	M	C	P
0	0.04741	0.01286	0.01585	0.05671	0.11845	0.03468	0.01234	0.02391	0.24765	0.02496	0.08723	0.11408	0.02897	0.01252	0.00785	0.00254	0.00628	0.13064	0.00611	0.00897
1	0.06156	0.01317	0.01500	0.01114	0.01698	0.01114	0.00895	0.08667	0.01635	0.02556	0.01335	0.01562	0.01098	0.00861	0.04885	0.00186	0.00639	0.00463	0.00451	0.61867
2	0.01603	0.01589	0.02020	0.01751	0.03989	0.10159	0.09178	0.05657	0.01533	0.02060	0.05969	0.05291	0.03778	0.04786	0.09867	0.00374	0.24062	0.00781	0.00423	0.05130
3	0.01611	0.01605	0.06728	0.23147	0.34859	0.01576	0.01932	0.02195	0.07437	0.04270	0.01805	0.02266	0.04126	0.00781	0.00721	0.00227	0.00831	0.02478	0.00408	0.00995
4	0.00982	0.00714	0.00924	0.00898	0.01054	0.00657	0.00663	0.01283	0.01914	0.02677	0.58598	0.13846	0.09984	0.01570	0.00848	0.00233	0.00347	0.01390	0.00762	0.00657
5	0.02707	0.01995	0.02137	0.01638	0.02208	0.02208	0.01353	0.68159	0.03348	0.04488	0.01710	0.01710	0.01211	0.00855	0.00712	0.00214	0.00784	0.00641	0.00712	0.01211
6	0.01904	0.75404	0.03731	0.01218	0.01828	0.02818	0.01218	0.02132	0.01447	0.01675	0.00990	0.01142	0.00914	0.00609	0.00457	0.00152	0.00761	0.00381	0.00305	0.00914
7	0.06664	0.01428	0.01833	0.06811	0.22598	0.04459	0.01353	0.10340	0.05117	0.05376	0.06402	0.02960	0.13973	0.01135	0.03332	0.00253	0.00726	0.00822	0.03490	0.00928
8	0.00994	0.00727	0.00932	0.00881	0.01055	0.00666	0.00661	0.01316	0.01982	0.02776	0.64809	0.05449	0.12117	0.01485	0.00840	0.00225	0.00338	0.01306	0.00773	0.00666
9	0.05970	0.01148	0.01534	0.01249	0.01728	0.01025	0.01039	0.03064	0.01946	0.56327	0.04840	0.03266	0.02204	0.01046	0.00747	0.00236	0.00603	0.10102	0.00828	0.01098
10	0.01428	0.03683	0.71286	0.02030	0.03082	0.01654	0.02631	0.02255	0.01503	0.02255	0.01278	0.01503	0.00902	0.00677	0.00677	0.00226	0.01052	0.00526	0.00301	0.01052
11	0.59085	0.08084	0.01379	0.01013	0.01471	0.01659	0.00852	0.06028	0.01431	0.07969	0.01228	0.01351	0.00932	0.00692	0.00480	0.00211	0.00577	0.00437	0.04285	0.00836
12	0.01528	0.00844	0.01112	0.00979	0.01241	0.00759	0.00757	0.01844	0.02007	0.19209	0.51792	0.04676	0.07725	0.01330	0.00810	0.00224	0.00402	0.01158	0.00803	0.00799
13	0.00908	0.00665	0.00853	0.00931	0.01034	0.00610	0.00650	0.01103	0.01594	0.02149	0.24680	0.45393	0.12914	0.01943	0.00880	0.00263	0.00383	0.01737	0.00699	0.00610
14	0.01721	0.01839	0.06950	0.02393	0.09741	0.04813	0.23738	0.09784	0.01721	0.02355	0.01606	0.05660	0.01428	0.01082	0.03348	0.00281	0.15637	0.04556	0.00420	0.00924
15	0.01327	0.00664	0.00664	0.00664	0.00830	0.00664	0.00498	0.01659	0.01493	0.02655	0.02323	0.02655	0.01825	0.00830	0.00498	0.00166	0.00332	0.00664	0.78928	0.00664
16	0.00868	0.00620	0.00826	0.00991	0.01033	0.00578	0.00661	0.00991	0.01363	0.01818	0.03925	0.74510	0.04710	0.02231	0.00909	0.00289	0.00413	0.02024	0.00661	0.00578
17	0.01428	0.03683	0.71286	0.02030	0.03082	0.01654	0.02631	0.02255	0.01503	0.02255	0.01278	0.01503	0.00902	0.00677	0.00677	0.00226	0.01052	0.00526	0.00301	0.01052
18	0.01443	0.03580	0.67373	0.02086	0.03119	0.01662	0.06440	0.02257	0.01514	0.02257	0.01287	0.01528	0.00912	0.00672	0.00686	0.00226	0.01061	0.00545	0.00304	0.01047
19	0.00874	0.00625	0.00832	0.00987	0.01034	0.00583	0.00662	0.01009	0.01395	0.01868	0.07139	0.71152	0.04807	0.02193	0.00906	0.00286	0.00409	0.01989	0.00667	0.00583
20	0.00882	0.00621	0.00821	0.00982	0.01027	0.00581	0.00656	0.01012	0.01367	0.01843	0.03876	0.72330	0.04622	0.02188	0.00896	0.00285	0.00411	0.01983	0.03036	0.00581
21	0.01766	0.01660	0.02531	0.08027	0.50008	0.03607	0.01908	0.06118	0.08265	0.02445	0.01825	0.02123	0.05036	0.00752	0.00714	0.00217	0.00807	0.00694	0.00425	0.01074
22	0.01762	0.01692	0.02890	0.04371	0.70533	0.01692	0.02185	0.02185	0.01621	0.02326	0.01339	0.01762	0.01128	0.00634	0.00705	0.00211	0.00846	0.00634	0.00352	0.01128
23	0.01327	0.00664	0.00664	0.00664	0.00830	0.00664	0.00498	0.01659	0.01493	0.02655	0.02323	0.02655	0.01825	0.00830	0.00498	0.00166	0.00332	0.00664	0.78928	0.00664
24	0.01421	0.01330	0.01976	0.15483	0.02410	0.04078	0.08546	0.01722	0.01322	0.01900	0.01533	0.05964	0.01393	0.01697	0.12364	0.00396	0.25623	0.00746	0.09340	0.00756
25	0.00874	0.00642	0.00812	0.00938	0.01013	0.00589	0.00634	0.01010	0.01414	0.01853	0.06584	0.59004	0.15008	0.04805	0.00996	0.00294	0.00412	0.01881	0.00657	0.00580
26	0.62674	0.01570	0.01213	0.03708	0.01603	0.09101	0.00892	0.04111	0.01378	0.02962	0.01177	0.04774	0.00998	0.00753	0.00503	0.00220	0.00644	0.00490	0.00447	0.00782
27	0.02707	0.01995	0.02137	0.01638	0.02208	0.02208	0.01353	0.68159	0.03348	0.04488	0.01710	0.01710	0.01211	0.00855	0.00712	0.00214	0.00784	0.00641	0.00712	0.01211
28	0.01138	0.00756	0.00975	0.00910	0.01105	0.00688	0.00686	0.01447	0.01956	0.07420	0.57303	0.08128	0.11816	0.01479	0.00834	0.00228	0.00360	0.01298	0.00775	0.00699
29	0.01920	0.62964	0.09878	0.01343	0.01974	0.08260	0.01362	0.02201	0.01498	0.01735	0.01026	0.01187	0.00913	0.00625	0.00492	0.00162	0.00830	0.00401	0.00309	0.00920
30	0.01681	0.01921	0.04202	0.03001	0.03721	0.01801	0.67947	0.02281	0.01681	0.02281	0.01441	0.01921	0.01080	0.00600	0.00840	0.00240	0.01200	0.00840	0.00360	0.00960
31	0.01111	0.00787	0.01071	0.01211	0.01343	0.00784	0.01009	0.01377	0.01532	0.02000	0.03561	0.12292	0.03924	0.12521	0.01359	0.00377	0.00643	0.51855	0.00624	0.00618
32	0.01189	0.00772	0.00972	0.00896	0.01108	0.00696	0.00676	0.01480	0.01914	0.09187	0.50081	0.05295	0.17557	0.03909	0.00921	0.00242	0.00378	0.01263	0.00759	0.00703
33	0.01033	0.00852	0.03457	0.00934	0.01153	0.00714	0.00742	0.01379	0.01962	0.02776	0.62638	0.05110	0.08949	0.01409	0.00823	0.00220	0.00369	0.01239	0.00749	0.03491
34	0.00926	0.00710	0.00852	0.00894	0.01045	0.00649	0.00641	0.01185	0.03760	0.02172	0.23081	0.31837	0.25964	0.01843	0.00863	0.00254	0.00380	0.01619	0.00697	0.00628
35	0.01150	0.00840	0.01057	0.01150	0.01295	0.00854	0.00860	0.01655	0.13397	0.03926	0.03680	0.45346	0.04051	0.01914	0.00888	0.00287	0.00498	0.15767	0.00677	0.00709
36	0.01795	0.01743	0.02784	0.04110	0.64087	0.04211	0.02095	0.02302	0.05580	0.02344	0.01422	0.01797	0.01181	0.00657	0.00704	0.00212	0.00845	0.00638	0.00375	0.01117
37	0.01812	0.01786	0.02842	0.04231	0.66758	0.05583	0.02141	0.02222	0.01643	0.02294	0.01326	0.01736	0.01116	0.00640	0.00701	0.00210	0.00870	0.00625	0.00353	0.01111
38	0.00868	0.00620	0.00826	0.00991	0.01033	0.00578	0.00661	0.00991	0.01363	0.01818	0.03925	0.74510	0.04710	0.02231	0.00909	0.00289	0.00413	0.02024	0.00661	0.00578
39	0.01988	0.01579	0.01648	0.01450	0.01873	0.04221	0.01135	0.06001	0.57326	0.10259	0.02782	0.02549	0.02051	0.00945	0.00720	0.00236	0.00602	0.00777	0.00728	0.01128
40	0.01583	0.01399	0.01706	0.14845	0.06224	0.08233	0.01302	0.11586	0.01643	0.02188	0.01605	0.02224	0.01386	0.04668	0.27558	0.00581	0.06410	0.00678	0.03379	0.00802
41	0.54434	0.01322	0.01248	0.01046	0.01524	0.01414	0.00863	0.02552	0.01487	0.25776	0.01597	0.01578	0.01101	0.00734	0.00532	0.00220	0.00569	0.00496	0.00587	0.00918
42	0.03195	0.01212	0.01652	0.01267	0.01818	0.01047	0.01047	0.03470	0.02038	0.71026	0.02809	0.02424	0.01763	0.00881	0.00716	0.00220	0.00606	0.00716	0.00881	0.01212
43	0.01053	0.00787	0.00981	0.01053	0.01200	0.00766	0.00789	0.03679	0.05564	0.02189	0.12870	0.37288	0.13232	0.01901	0.00887	0.00276	0.00463	0.13677	0.00682	0.00663
44	0.00868	0.00620	0.00826	0.00991	0.01033	0.00578	0.00661	0.00991	0.01363	0.01818	0.03925	0.74510	0.04710	0.02231	0.00909	0.00289	0.00413	0.02024	0.00661	0.00578
45	0.02554	0.01891	0.02027	0.01570	0.02117	0.02080	0.01290	0.59368	0.07306	0.04250	0.01790	0.01795	0.01288	0.00849	0.00699	0.00210	0.00744	0.00644	0.03571	0.03958
46	0.01528	0.01264	0.01482	0.01061	0.01691	0.00952	0.00850	0.01843	0.01493	0.04385	0.01312	0.01505	0.01076	0.00538	0.00533	0.00109	0.00530	0.00431	0.00436	0.76980
47	0.04474	0.01646	0.01814	0.01481	0.01938	0.01788	0.01206	0.48119	0.02801	0.07106	0.02229	0.12713	0.01963	0.01139	0.00755	0.00234	0.00705	0.06123	0.00701	0.01063
48	0.01449	0.07444	0.63018	0.02015	0.04971	0.01683	0.02470	0.02214	0.01522	0.02247	0.03724	0.01628	0.01117	0.00699	0.00671	0.00221	0.01005	0.00549	0.00320	0.01033
49	0.03195	0.01212	0.01652	0.01267	0.01818	0.01047	0.01047	0.03470	0.02038	0.71026	0.02809	0.02424	0.01763	0.00881	0.00716	0.00220	0.00606	0.00716	0.00881	0.01212
50	0.02792	0.01858	0.02053	0.01574	0.02140	0.02006	0.01300	0.56906	0.03120	0.16063	0.01901	0.01834	0.01307	0.00859	0.00713	0.00215	0.00753	0.00654	0.00742	0.01211
51	0.01428	0.03683	0.71286	0.02030	0.03082	0.01654	0.02631	0.02255	0.01503	0.02255	0.01278	0.01503	0.00902	0.00677	0.00677	0.00226	0.01052	0.00526	0.00301	0.01052
52	0.01428	0.03683	0.71286	0.02030	0.03082	0.01654	0.02631	0.02255	0.01503	0.02255	0.01278	0.01503	0.00902	0.00677	0.00677	0.00226	0.01052	0.00526	0.00301	0.01052
53	0.01028	0.00687	0.00779	0.00786	0.00788	0.00685	0.00441	0.01034	0.01050	0.01400	0.02317	0.07693	0.02681	0.71816	0.03506	0.00673	0.00678	0.01078	0.00441	0.00438
54	0.01344	0.01244	0.02083	0.70652	0.04758	0.01549	0.01924	0.01814	0.01426	0.01849	0.01304	0.01926	0.00981	0.00716	0.00704	0.00235	0.00927	0.00634	0.03144	0.00786
55	0.04723	0.07017	0.63155	0.01973	0.02969	0.01712	0.04368	0.02243	0.01494	0.02267	0.01257	0.01483	0.00902	0.00670	0.00661	0.00222	0.01022	0.00522	0.00308	0.01031
56	0.80005	0.01377	0.01047	0.00936	0.01377	0.01597	0.00771	0.02093	0.01212	0.03195	0.00991	0.01157	0.00771	0.00661	0.00441	0.00220	0.00551	0.00386	0.00441	0.00771
57	0.01075	0.00754	0.00908	0.00854	0.01070	0.00668	0.00646	0.01350	0.01873	0.06490	0.43190	0.05712	0.29682	0.01549	0.00833	0.00230	0.00361	0.01333	0.00745	0.00677
58	0.00861	0.00703	0.00761	0.00787	0.00984	0.00603	0.00575	0.01044	0.01608	0.01983	0.11983	0.19523	0.52403	0.01854	0.00854	0.00248	0.00368	0.01583	0.00672	0.00603
59	0.01509	0.01417	0.02385	0.29961	0.38385	0.01532	0.01944	0.01920	0.01519	0.02081	0.01588	0.09587	0.01443	0.00834	0.00729	0.00230	0.00839	0.00782	0.00372	0.00942
60	0.01327	0.00664	0.00664	0.00664	0.00830	0.00664	0.00498	0.01659	0.01493	0.02655	0.02323	0.02655	0.01825	0.00830	0.00498	0.00166	0.00332	0.00664	0.78928	0.00664
61	0.01034	0.00693	0.00788	0.00784	0.00795	0.00689	0.00447	0.01055	0.01098	0.01474	0.06551	0.04702	0.02851	0.70312	0.03448	0.00661	0.00668	0.01052	0.00454	0.00447
62	0.01515	0.01439	0.02443	0.45192	0.31646	0.01627	0.02062	0.01968	0.01504	0.02026	0.01296	0.01843	0.01022	0.00680	0.00709	0.00227	0.00907	0.00633	0.00331	0.00928
63	0.03084	0.01260	0.01666	0.01292	0.01833	0.01134	0.01062	0.05729	0.06510	0.64243	0.02777	0.02414	0.01771	0.00886	0.00717	0.00221	0.00609	0.00719	0.00865	0.01206
64	0.00930	0.00673	0.00890	0.01030	0.01118	0.00633	0.00750	0.01110	0.01475	0.01948	0.07990	0.52441	0.09361	0.02103	0.00915	0.00290	0.00453	0.14622	0.00667	0.00601
65	0.00878	0.00648	0.00799	0.00913	0.00993	0.00594	0.00613	0.01002	0.01387	0.01798	0.04466	0.53341	0.18510	0.09130	0.01155	0.00317	0.00429	0.01818	0.00639	0.00569
66	0.01402	0.01019	0.01212	0.01188	0.01384	0.01052	0.00877	0.20141	0.01939	0.02590	0.03288	0.51264	0.03690	0.01829	0.00856	0.00269	0.00528	0.04037	0.00675	0.00761
67	0.23359	0.02412	0.01793	0.04112	0.02079	0.32473	0.01230	0.19611	0.02127	0.02849	0.01236	0.01383	0.00956	0.00745	0.00609	0.00203	0.00945	0.00493	0.00475	0.00910
68	0.00978	0.00702	0.00908	0.01037	0.01111	0.00676	0.00714	0.04717	0.01481	0.01975	0.03798	0.68497	0.04498	0.02147	0.00900	0.00286	0.00441	0.03856	0.00664	0.00616
69	0.01264	0.01097	0.01454	0.11498	0.01891	0.04221	0.03072	0.01522	0.01413	0.01987	0.07081	0.19510	0.05257	0.01738	0.08269	0.00339	0.14124	0.01048	0.09799	0.03416
70	0.06094	0.01190	0.01338	0.01075	0.01528	0.01084	0.00856	0.06878	0.04884	0.02573	0.01788	0.06049	0.01564	0.00810	0.00636	0.00163	0.02731	0.03306	0.14190	0.41264
71	0.01327	0.00664	0.00664	0.00664	0.00830	0.00664	0.00498	0.01659	0.01493	0.02655	0.02323	0.02655	0.01825	0.00830	0.00498	0.00166	0.00332	0.00664	0.78928	0.00664
72	0.02544	0.01941	0.02017	0.01567	0.02102	0.04912	0.01279	0.58644	0.03094	0.04112	0.01874	0.01950	0.03623	0.03101	0.00795	0.00224	0.00777	0.00667	0.00677	0.04101
73	0.05356	0.47690	0.03061	0.01382	0.01937	0.14086	0.01250	0.13779	0.01863	0.02240	0.01134	0.01265	0.00960	0.00675	0.00531	0.00171	0.00843	0.00439	0.00392	0.00945
74	0.01789	0.18211	0.20724	0.02167	0.13338	0.05955	0.07733	0.04650	0.04422	0.05198	0.01611	0.02196	0.01357	0.00799	0.00680	0.00216	0.00897	0.06656	0.00409	0.00991
75	0.02662	0.01834	0.02005	0.01548	0.02082	0.01994	0.01266	0.57235	0.03071	0.11516	0.01860	0.01959	0.01351	0.05181	0.00883	0.00242	0.00759	0.00672	0.00714	0.01166
76	0.01327	0.00664	0.00664	0.00664	0.00830	0.00664	0.00498	0.01659	0.01493	0.02655	0.02323	0.02655	0.01825	0.00830	0.00498	0.00166	0.00332	0.00664	0.78928	0.00664
77	0.04835	0.01728	0.01799	0.01424	0.01927	0.05594	0.01148	0.39141	0.04406	0.05477	0.06114	0.06317	0.01756	0.00911	0.00688	0.00200	0.00698	0.00716	0.00641	0.14481
78	0.01327	0.00664	0.00664	0.00664	0.00830	0.00664	0.00498	0.01659	0.01493	0.02655	0.02323	0.02655	0.01825	0.00830	0.00498	0.00166	0.00332	0.00664	0.78928	0.00664
79	0.01817	0.01925	0.05227	0.08792	0.53829	0.09694	0.02078	0.02224	0.01634	0.02205	0.01294	0.01703	0.01078	0.00669	0.00741	0.00213	0.02860	0.00610	0.00349	0.01058
80	0.04212	0.01855	0.06573	0.08663	0.03487	0.01760	0.50054	0.02150	0.01580	0.02213	0.01443	0.04130	0.01154	0.00716	0.00927	0.00246	0.06741	0.00814	0.00362	0.00918
81	0.01385	0.01123	0.01166	0.01037	0.01373	0.01135	0.00810	0.15083	0.14075	0.02631	0.05329	0.05062	0.44111	0.01462	0.00795	0.00235	0.00482	0.01204	0.00683	0.00818
82	0.01524	0.04806	0.01392	0.01148	0.01442	0.05079	0.00872	0.13716	0.06242	0.02535	0.10456	0.21052	0.05771	0.08346	0.01017	0.00264	0.00580	0.01105	0.03478	0.09175
83	0.63959	0.09448	0.01379	0.00994	0.01443	0.01704	0.00838	0.04752	0.01369	0.03063	0.04842	0.01408	0.01133	0.00707	0.00476	0.00213	0.00571	0.00445	0.00456	0.00799
84	0.01069	0.00686	0.00891	0.00957	0.01011	0.00671	0.00640	0.03553	0.01312	0.01778	0.04760	0.40326	0.03406	0.12125	0.01707	0.19320	0.00509	0.01430	0.03328	0.00523
85	0.01477	0.01266	0.01477	0.01055	0.01687	0.00949	0.00844	0.01793	0.01477	0.02320	0.01266	0.01477	0.01055	0.00527	0.00527	0.00105	0.00527	0.00422	0.00422	0.79328
86	0.01788	0.01400	0.07867	0.01531	0.01977	0.01162	0.11073	0.06836	0.03878	0.17983	0.06067	0.17492	0.04686	0.01258	0.00803	0.00246	0.00689	0.08518	0.00636	0.04110
87	0.00915	0.00663	0.00865	0.00980	0.01058	0.00608	0.00660	0.01053	0.01382	0.01869	0.06573	0.64080	0.04492	0.05634	0.01017	0.00296	0.00430	0.01856	0.00642	0.04927
88	0.01506	0.01064	0.01317	0.01344	0.04756	0.01090	0.00946	0.18935	0.01920	0.05153	0.03078	0.44678	0.03367	0.01738	0.00903	0.02849	0.00553	0.03355	0.00656	0.00790
89	0.04212	0.21961	0.35246	0.01817	0.07662	0.01831	0.01888	0.02183	0.01531	0.06286	0.03896	0.05642	0.01388	0.00781	0.00634	0.00208	0.00855	0.00613	0.00383	0.00982
90	0.07167	0.01680	0.03937	0.21177	0.04537	0.09287	0.01441	0.16954	0.08068	0.02659	0.01936	0.09770	0.01724	0.01011	0.00726	0.00236	0.00810	0.05460	0.00517	0.00903
91	0.15039	0.08984	0.06044	0.19174	0.14524	0.05790	0.04775	0.04845	0.01624	0.04850	0.06654	0.01895	0.01439	0.00744	0.00650	0.00215	0.00815	0.00615	0.00420	0.00906

[dist]
# distance from previous block
# <min> <max>
7	14

[block]
# block no. 3 follows, 29 sequences, length 28
# corresponding to MSA columns:
# 232-259
name=unknown_D
#
# <colnr> <probs for GDERKNQSTAVLIFYWHMCP>
#	G	D	E	R	K	N	Q	S	T	A	V	L	I	F	Y	W	H	M	C	P
0	0.01623	0.04972	0.37377	0.04557	0.12841	0.04913	0.05959	0.03858	0.03803	0.04665	0.03516	0.05771	0.01404	0.00796	0.00704	0.00224	0.00935	0.00679	0.00393	0.01010
1	0.06199	0.04943	0.11636	0.03818	0.02304	0.03629	0.07102	0.17726	0.12053	0.02902	0.01599	0.01726	0.01211	0.00718	0.00649	0.00194	0.00768	0.00585	0.00504	0.19735
2	0.28054	0.04839	0.18387	0.11934	0.12534	0.06620	0.01653	0.02152	0.01445	0.02465	0.01165	0.01450	0.00904	0.00667	0.00591	0.00214	0.00828	0.00496	0.00366	0.03234
3	0.01448	0.06679	0.68464	0.01996	0.03029	0.01702	0.02572	0.02250	0.01501	0.02231	0.01266	0.01488	0.00903	0.00674	0.00667	0.00222	0.01040	0.00520	0.00301	0.01047
4	0.01327	0.00664	0.00664	0.00664	0.00830	0.00664	0.00498	0.01659	0.01493	0.02655	0.02323	0.02655	0.01825	0.00830	0.00498	0.00166	0.00332	0.00664	0.78928	0.00664
5	0.00868	0.00620	0.00826	0.00991	0.01033	0.00578	0.00661	0.00991	0.01363	0.01818	0.03925	0.74510	0.04710	0.02231	0.00909	0.00289	0.00413	0.02024	0.00661	0.00578
6	0.00891	0.00653	0.00837	0.00939	0.01030	0.00599	0.00648	0.01063	0.01522	0.02031	0.17121	0.52558	0.13431	0.02027	0.00887	0.00270	0.00392	0.01816	0.00685	0.00599
7	0.03044	0.01312	0.04143	0.01295	0.01852	0.01096	0.01102	0.05600	0.02064	0.64052	0.04893	0.02459	0.01873	0.00892	0.00719	0.00220	0.00619	0.00725	0.00852	0.01189
8	0.01034	0.00696	0.00803	0.00803	0.00812	0.00705	0.00464	0.01052	0.01043	0.01400	0.02219	0.04526	0.02531	0.69981	0.08539	0.00723	0.00778	0.01016	0.00428	0.00446
9	0.00868	0.00620	0.00826	0.00991	0.01033	0.00578	0.00661	0.00991	0.01363	0.01818	0.03925	0.74510	0.04710	0.02231	0.00909	0.00289	0.00413	0.02024	0.00661	0.00578
10	0.01619	0.01800	0.03821	0.15937	0.03939	0.01760	0.55802	0.02196	0.01633	0.02196	0.01408	0.01917	0.01056	0.00621	0.00817	0.00240	0.01154	0.00802	0.00352	0.00929
11	0.02655	0.01969	0.02108	0.01628	0.02189	0.02184	0.01341	0.64606	0.06985	0.04404	0.01775	0.01762	0.01264	0.00861	0.00713	0.00215	0.00771	0.00650	0.00713	0.01206
12	0.01611	0.06716	0.23953	0.02540	0.03309	0.01840	0.40656	0.02230	0.01579	0.02204	0.01335	0.01729	0.01009	0.00662	0.00860	0.00235	0.05514	0.00707	0.00336	0.00974
13	0.04371	0.05042	0.01715	0.01357	0.01794	0.06653	0.01082	0.15713	0.24554	0.15727	0.02721	0.02683	0.07671	0.04671	0.00850	0.00246	0.00664	0.00772	0.00678	0.01037
14	0.03195	0.01212	0.01652	0.01267	0.01818	0.01047	0.01047	0.03470	0.02038	0.71026	0.02809	0.02424	0.01763	0.00881	0.00716	0.00220	0.00606	0.00716	0.00881	0.01212
15	0.02381	0.01677	0.01843	0.01474	0.01948	0.01811	0.01191	0.50570	0.02882	0.08587	0.02372	0.12791	0.05003	0.01105	0.00748	0.00227	0.00697	0.00892	0.00714	0.01089
16	0.02463	0.01113	0.01465	0.01171	0.01624	0.00987	0.00945	0.02852	0.05706	0.45933	0.19432	0.03094	0.02970	0.01006	0.00735	0.00215	0.00532	0.00844	0.00819	0.06094
17	0.06033	0.01289	0.01662	0.01289	0.01830	0.01185	0.01062	0.08071	0.05250	0.60469	0.02665	0.02335	0.01704	0.00875	0.00706	0.00221	0.00615	0.00702	0.00845	0.01191
18	0.00981	0.00723	0.00916	0.00876	0.01049	0.00659	0.00654	0.01288	0.01940	0.02693	0.59350	0.08001	0.15162	0.01530	0.00843	0.00229	0.00342	0.01343	0.00763	0.00659
19	0.80005	0.01377	0.01047	0.00936	0.01377	0.01597	0.00771	0.02093	0.01212	0.03195	0.00991	0.01157	0.00771	0.00661	0.00441	0.00220	0.00551	0.00386	0.00441	0.00771
20	0.01577	0.01595	0.02126	0.01834	0.01855	0.04963	0.01519	0.01739	0.01131	0.01712	0.00987	0.01605	0.00974	0.01417	0.05542	0.00345	0.67364	0.00623	0.00317	0.00774
21	0.01237	0.00618	0.00928	0.00928	0.00928	0.00618	0.00618	0.00928	0.00928	0.01237	0.01237	0.02165	0.01237	0.02474	0.02783	0.79283	0.00618	0.00618	0.00309	0.00309
22	0.00866	0.00627	0.00819	0.00972	0.01028	0.00580	0.00652	0.00994	0.01382	0.01825	0.04160	0.69659	0.09409	0.02200	0.00904	0.00286	0.00409	0.01987	0.00661	0.00580
23	0.02707	0.01995	0.02137	0.01638	0.02208	0.02208	0.01353	0.68159	0.03348	0.04488	0.01710	0.01710	0.01211	0.00855	0.00712	0.00214	0.00784	0.00641	0.00712	0.01211
24	0.00880	0.00644	0.00816	0.00936	0.01012	0.00592	0.00633	0.01019	0.01425	0.01874	0.08204	0.57163	0.14441	0.05534	0.01022	0.00297	0.00414	0.01858	0.00657	0.00580
25	0.00868	0.00620	0.00826	0.00991	0.01033	0.00578	0.00661	0.00991	0.01363	0.01818	0.03925	0.74510	0.04710	0.02231	0.00909	0.00289	0.00413	0.02024	0.00661	0.00578
26	0.00868	0.00620	0.00826	0.00991	0.01033	0.00578	0.00661	0.00991	0.01363	0.01818	0.03925	0.74510	0.04710	0.02231	0.00909	0.00289	0.00413	0.02024	0.00661	0.00578
27	0.01815	0.01785	0.02792	0.04114	0.63995	0.05810	0.02099	0.02283	0.04150	0.02316	0.01383	0.01768	0.01154	0.00653	0.00702	0.00211	0.00861	0.00630	0.00367	0.01110

[dist]
# distance from previous block
# <min> <max>
0	9

[block]
# block no. 4 follows, 29 sequences, length 29
# corresponding to MSA columns:
# 269-297
name=unknown_E
#
# <colnr> <probs for GDERKNQSTAVLIFYWHMCP>
#	G	D	E	R	K	N	Q	S	T	A	V	L	I	F	Y	W	H	M	C	P
0	0.03083	0.01187	0.01617	0.01248	0.01779	0.01027	0.01027	0.03362	0.02037	0.67553	0.06241	0.02571	0.02015	0.00911	0.00722	0.00221	0.00592	0.00745	0.00876	0.01184
1	0.01828	0.66930	0.07998	0.01267	0.01881	0.02644	0.01294	0.02096	0.01435	0.01712	0.01055	0.01250	0.00957	0.00855	0.04125	0.00208	0.00839	0.00410	0.00308	0.00909
2	0.01870	0.01246	0.01345	0.01178	0.01546	0.04349	0.00917	0.02711	0.25005	0.20165	0.09081	0.03826	0.18895	0.03567	0.00850	0.00246	0.00544	0.00981	0.00729	0.00950
3	0.01428	0.03683	0.71286	0.02030	0.03082	0.01654	0.02631	0.02255	0.01503	0.02255	0.01278	0.01503	0.00902	0.00677	0.00677	0.00226	0.01052	0.00526	0.00301	0.01052
4	0.02993	0.01225	0.01629	0.01262	0.01784	0.01093	0.01037	0.07517	0.02122	0.61378	0.07989	0.02603	0.02113	0.00924	0.00725	0.00220	0.00596	0.00756	0.00863	0.01170
5	0.08504	0.01411	0.01760	0.01399	0.01906	0.01408	0.03893	0.16097	0.09495	0.37070	0.04625	0.02536	0.01859	0.00924	0.00717	0.00227	0.00651	0.03640	0.00762	0.01116
6	0.01345	0.01266	0.02136	0.73264	0.04904	0.01582	0.01978	0.01819	0.01424	0.01819	0.01266	0.01898	0.00949	0.00712	0.00712	0.00237	0.00949	0.00633	0.00316	0.00791
7	0.80005	0.01377	0.01047	0.00936	0.01377	0.01597	0.00771	0.02093	0.01212	0.03195	0.00991	0.01157	0.00771	0.00661	0.00441	0.00220	0.00551	0.00386	0.00441	0.00771
8	0.01545	0.01593	0.02629	0.02112	0.02306	0.01976	0.19108	0.01817	0.01265	0.01871	0.01264	0.06405	0.01219	0.01139	0.01847	0.00291	0.49680	0.00772	0.00347	0.00814
9	0.01363	0.01312	0.02394	0.39918	0.03766	0.01465	0.17726	0.01776	0.01465	0.01934	0.03913	0.10103	0.01608	0.00982	0.00922	0.04119	0.03215	0.00859	0.00381	0.00780
10	0.80005	0.01377	0.01047	0.00936	0.01377	0.01597	0.00771	0.02093	0.01212	0.03195	0.00991	0.01157	0.00771	0.00661	0.00441	0.00220	0.00551	0.00386	0.00441	0.00771
11	0.02703	0.02118	0.02126	0.01656	0.02208	0.08371	0.01355	0.62401	0.03231	0.04246	0.01656	0.01672	0.01185	0.00844	0.00706	0.00211	0.00828	0.00625	0.00682	0.01177
12	0.08254	0.01303	0.01662	0.01283	0.01829	0.01203	0.01060	0.10032	0.02118	0.59670	0.02575	0.02266	0.01640	0.00864	0.00697	0.00220	0.00621	0.00686	0.00835	0.01182
13	0.01971	0.02003	0.02464	0.13307	0.31626	0.17211	0.04551	0.09049	0.01841	0.02340	0.01343	0.01705	0.01082	0.00713	0.00736	0.00212	0.02968	0.00606	0.03282	0.00987
14	0.00863	0.00638	0.00807	0.00942	0.01020	0.00583	0.00639	0.00997	0.01411	0.01837	0.04533	0.61995	0.16833	0.02152	0.00896	0.00280	0.00403	0.01928	0.00661	0.00583
15	0.01345	0.01266	0.02136	0.73264	0.04904	0.01582	0.01978	0.01819	0.01424	0.01819	0.01266	0.01898	0.00949	0.00712	0.00712	0.00237	0.00949	0.00633	0.00316	0.00791
16	0.01020	0.00748	0.00872	0.00839	0.01059	0.00657	0.00639	0.01275	0.01804	0.05199	0.33129	0.06073	0.38486	0.01626	0.00841	0.00236	0.00371	0.03748	0.00721	0.00658
17	0.01428	0.03683	0.71286	0.02030	0.03082	0.01654	0.02631	0.02255	0.01503	0.02255	0.01278	0.01503	0.00902	0.00677	0.00677	0.00226	0.01052	0.00526	0.00301	0.01052
18	0.03077	0.01222	0.01641	0.01265	0.01800	0.01077	0.01042	0.05991	0.02090	0.65264	0.05799	0.02525	0.01964	0.00906	0.00722	0.00220	0.00601	0.00739	0.00870	0.01187
19	0.01009	0.00685	0.00779	0.00796	0.00812	0.00674	0.00460	0.01030	0.01098	0.01452	0.02660	0.11937	0.06121	0.63923	0.03209	0.00627	0.00646	0.01160	0.00466	0.00455
20	0.01281	0.01032	0.03432	0.01349	0.04970	0.00977	0.01011	0.10635	0.01721	0.02288	0.03370	0.30162	0.06770	0.08056	0.01114	0.00316	0.00597	0.19578	0.00620	0.00721
21	0.02032	0.01500	0.01639	0.01429	0.01861	0.01677	0.01124	0.06434	0.56026	0.13631	0.02835	0.02581	0.02069	0.00948	0.00723	0.00237	0.00579	0.00784	0.00748	0.01144
22	0.00868	0.00620	0.00826	0.00991	0.01033	0.00578	0.00661	0.00991	0.01363	0.01818	0.03925	0.74510	0.04710	0.02231	0.00909	0.00289	0.00413	0.02024	0.00661	0.00578
23	0.01345	0.01266	0.02136	0.73264	0.04904	0.01582	0.01978	0.01819	0.01424	0.01819	0.01266	0.01898	0.00949	0.00712	0.00712	0.00237	0.00949	0.00633	0.00316	0.00791
24	0.00958	0.00730	0.00871	0.00861	0.01053	0.00653	0.00658	0.01204	0.01776	0.02336	0.34938	0.06103	0.33238	0.01686	0.00923	0.03080	0.00386	0.07215	0.00703	0.00627
25	0.00868	0.00620	0.00826	0.00991	0.01033	0.00578	0.00661	0.00991	0.01363	0.01818	0.03925	0.74510	0.04710	0.02231	0.00909	0.00289	0.00413	0.02024	0.00661	0.00578
26	0.01008	0.00728	0.00952	0.00896	0.01064	0.00672	0.00672	0.01344	0.02016	0.02855	0.70158	0.05319	0.06719	0.01456	0.00840	0.00224	0.00336	0.01288	0.00784	0.00672
27	0.03152	0.01281	0.01695	0.01300	0.01852	0.01149	0.01074	0.09173	0.02154	0.65160	0.02712	0.02361	0.01714	0.00879	0.00716	0.00220	0.00622	0.00709	0.00866	0.01212
28	0.01762	0.01692	0.02890	0.04371	0.70533	0.01692	0.02185	0.02185	0.01621	0.02326	0.01339	0.01762	0.01128	0.00634	0.00705	0.00211	0.00846	0.00634	0.00352	0.01128

[dist]
# distance from previous block
# <min> <max>
0	35

[block]
# block no. 5 follows, 29 sequences, length 66
# corresponding to MSA columns:
# 333-398
name=unknown_F
#
# <colnr> <probs for GDERKNQSTAVLIFYWHMCP>
#	G	D	E	R	K	N	Q	S	T	A	V	L	I	F	Y	W	H	M	C	P
0	0.01065	0.00744	0.00947	0.00887	0.01078	0.00676	0.00669	0.01379	0.01966	0.05193	0.59636	0.05412	0.14709	0.01480	0.00836	0.00226	0.00349	0.01295	0.00772	0.00682
1	0.80005	0.01377	0.01047	0.00936	0.01377	0.01597	0.00771	0.02093	0.01212	0.03195	0.00991	0.01157	0.00771	0.00661	0.00441	0.00220	0.00551	0.00386	0.00441	0.00771
2	0.01953	0.01664	0.01694	0.01472	0.01900	0.04664	0.01158	0.16262	0.50834	0.03182	0.02768	0.02586	0.04708	0.00969	0.00724	0.00234	0.00628	0.00787	0.00705	0.01110
3	0.03166	0.01257	0.01681	0.01289	0.01840	0.01114	0.01064	0.07236	0.02114	0.67153	0.02745	0.02382	0.01731	0.00880	0.00716	0.00220	0.00616	0.00712	0.00871	0.01212
4	0.01904	0.75404	0.03731	0.01218	0.01828	0.02818	0.01218	0.02132	0.01447	0.01675	0.00990	0.01142	0.00914	0.00609	0.00457	0.00152	0.00761	0.00381	0.00305	0.00914
5	0.02868	0.01309	0.04618	0.01280	0.01814	0.01093	0.01092	0.06483	0.02079	0.57626	0.09647	0.02647	0.02210	0.00930	0.00727	0.00221	0.00606	0.00763	0.00838	0.01149
6	0.00868	0.00620	0.00826	0.00991	0.01033	0.00578	0.00661	0.00991	0.01363	0.01818	0.03925	0.74510	0.04710	0.02231	0.00909	0.00289	0.00413	0.02024	0.00661	0.00578
7	0.03171	0.01250	0.01676	0.01285	0.01837	0.01103	0.01062	0.06618	0.02102	0.67789	0.02756	0.02389	0.01736	0.00880	0.00716	0.00220	0.00615	0.00712	0.00873	0.01212
8	0.01035	0.00693	0.00792	0.00792	0.00797	0.00698	0.00450	0.01045	0.01040	0.01392	0.02230	0.04584	0.02556	0.72149	0.06405	0.00709	0.00740	0.01024	0.00429	0.00440
9	0.01034	0.00695	0.00800	0.00800	0.00808	0.00703	0.00461	0.01050	0.01042	0.01398	0.02222	0.04542	0.02538	0.70562	0.07967	0.00719	0.00767	0.01018	0.00428	0.00444
10	0.00981	0.00648	0.00866	0.01005	0.01071	0.00601	0.00680	0.01112	0.01396	0.05185	0.03870	0.71003	0.04566	0.02165	0.00899	0.00286	0.00423	0.01961	0.00672	0.00609
11	0.01477	0.01266	0.01477	0.01055	0.01687	0.00949	0.00844	0.01793	0.01477	0.02320	0.01266	0.01477	0.01055	0.00527	0.00527	0.00105	0.00527	0.00422	0.00422	0.79328
12	0.80005	0.01377	0.01047	0.00936	0.01377	0.01597	0.00771	0.02093	0.01212	0.03195	0.00991	0.01157	0.00771	0.00661	0.00441	0.00220	0.00551	0.00386	0.00441	0.00771
