[name]
unknown

[dist]
# distance from previous block
# <min> <max>
0	33

[block]
# block no. 0 follows, 27 sequences, length 10
# corresponding to MSA columns:
# 33-42
name=unknown_A
#
# <colnr> <probs for GDERKNQSTAVLIFYWHMCP>
#	G	D	E	R	K	N	Q	S	T	A	V	L	I	F	Y	W	H	M	C	P
0	0.01315	0.00917	0.01232	0.01349	0.01557	0.00922	0.01164	0.01767	0.06193	0.05070	0.03978	0.07702	0.06752	0.01926	0.00989	0.00327	0.00662	0.54740	0.00698	0.00738
1	0.00971	0.00682	0.00879	0.01011	0.01055	0.00652	0.00678	0.01089	0.01367	0.01818	0.03671	0.51771	0.04341	0.18916	0.01611	0.00402	0.00520	0.07358	0.00633	0.00575
2	0.01722	0.01433	0.01636	0.01203	0.01839	0.01210	0.00966	0.10288	0.05865	0.02750	0.01483	0.01646	0.01192	0.00621	0.00587	0.00133	0.00586	0.00494	0.00498	0.63849
3	0.01009	0.00730	0.00938	0.00940	0.01079	0.00675	0.00676	0.01279	0.01863	0.02584	0.46628	0.21351	0.09745	0.05841	0.01057	0.00278	0.00391	0.01518	0.00759	0.00659
4	0.01506	0.00810	0.00823	0.00778	0.00987	0.00829	0.00595	0.07271	0.01721	0.02930	0.02367	0.02684	0.01848	0.00867	0.00538	0.00177	0.00386	0.00690	0.71450	0.00741
5	0.02822	0.02079	0.02228	0.01708	0.02302	0.02302	0.01411	0.66804	0.03490	0.04679	0.01782	0.01782	0.01262	0.00891	0.00743	0.00223	0.00817	0.00668	0.00743	0.01262
6	0.03060	0.01258	0.01672	0.01312	0.01847	0.01128	0.01073	0.03501	0.07580	0.59936	0.07209	0.02742	0.02208	0.00965	0.00756	0.00232	0.00610	0.00793	0.00899	0.01220
7	0.02167	0.01528	0.01682	0.01439	0.01896	0.01667	0.01140	0.11947	0.41878	0.15439	0.03214	0.02958	0.07586	0.01048	0.00762	0.00244	0.00608	0.00860	0.00778	0.01157
8	0.02240	0.01581	0.01831	0.04701	0.02127	0.01544	0.01167	0.22807	0.09608	0.13313	0.01896	0.01922	0.01386	0.00773	0.00672	0.00186	0.00671	0.00613	0.00637	0.30325
9	0.06111	0.01685	0.01547	0.01306	0.01698	0.10411	0.01036	0.27149	0.06533	0.03433	0.01979	0.02126	0.01502	0.00862	0.00636	0.00202	0.00681	0.00650	0.29482	0.00970

[dist]
# distance from previous block
# <min> <max>
7	9

[block]
# block no. 1 follows, 27 sequences, length 6
# corresponding to MSA columns:
# 71-76
name=unknown_B
#
# <colnr> <probs for GDERKNQSTAVLIFYWHMCP>
#	G	D	E	R	K	N	Q	S	T	A	V	L	I	F	Y	W	H	M	C	P
0	0.01187	0.00846	0.01005	0.00998	0.01114	0.00847	0.00679	0.07813	0.01592	0.02136	0.10890	0.25422	0.07839	0.28662	0.05220	0.00478	0.00637	0.01398	0.00608	0.00629
1	0.01557	0.01517	0.01725	0.01512	0.01680	0.09411	0.01185	0.01735	0.01340	0.01859	0.01615	0.09394	0.01675	0.10506	0.07181	0.00387	0.30838	0.00808	0.00409	0.13667
2	0.61619	0.05692	0.01370	0.01090	0.01494	0.01739	0.00908	0.02093	0.01320	0.03057	0.05460	0.01531	0.01235	0.00802	0.00689	0.00235	0.07909	0.00488	0.00461	0.00807
3	0.50587	0.10335	0.01728	0.01374	0.05086	0.13113	0.01061	0.05059	0.01545	0.02911	0.01102	0.01282	0.00884	0.00702	0.00521	0.00214	0.00750	0.00438	0.00438	0.00869
4	0.01317	0.01058	0.01087	0.01123	0.01238	0.08900	0.00779	0.03483	0.01467	0.01882	0.02836	0.39148	0.03208	0.05194	0.01419	0.16933	0.00608	0.01400	0.03744	0.03172
5	0.01412	0.01328	0.02263	0.44291	0.08095	0.01547	0.08630	0.01821	0.01456	0.01921	0.01603	0.06394	0.01440	0.09389	0.01216	0.00309	0.04892	0.00815	0.00371	0.00808

[dist]
# distance from previous block
# <min> <max>
0	4

[block]
# block no. 2 follows, 27 sequences, length 13
# corresponding to MSA columns:
# 81-93
name=unknown_C
#
# <colnr> <probs for GDERKNQSTAVLIFYWHMCP>
#	G	D	E	R	K	N	Q	S	T	A	V	L	I	F	Y	W	H	M	C	P
0	0.01909	0.01504	0.01746	0.04743	0.02035	0.01458	0.01118	0.24810	0.02192	0.03105	0.01709	0.06135	0.01448	0.01214	0.06621	0.00260	0.00780	0.00663	0.00554	0.35995
1	0.01410	0.01045	0.01154	0.01070	0.01211	0.03281	0.00753	0.10577	0.01579	0.02159	0.04179	0.08422	0.04466	0.35521	0.09837	0.00565	0.03938	0.01009	0.07164	0.00660
2	0.01480	0.01391	0.02446	0.34264	0.03624	0.01631	0.14514	0.01823	0.01397	0.01882	0.01319	0.01998	0.01088	0.01247	0.03946	0.11232	0.12893	0.00704	0.00340	0.00781
3	0.01835	0.01821	0.02821	0.15221	0.54106	0.06767	0.02182	0.02267	0.01687	0.02296	0.01366	0.01824	0.01130	0.00682	0.00731	0.00223	0.00932	0.00648	0.00363	0.01097
4	0.02070	0.40804	0.11792	0.01471	0.02122	0.02417	0.01450	0.09609	0.12844	0.06507	0.01599	0.01648	0.01257	0.00751	0.00598	0.00195	0.00791	0.00541	0.00473	0.01061
5	0.01243	0.00864	0.01006	0.00975	0.01058	0.00894	0.00632	0.08314	0.01406	0.01888	0.02512	0.14685	0.02802	0.49242	0.08780	0.00643	0.00796	0.01165	0.00514	0.00580
6	0.05400	0.15029	0.21983	0.01828	0.02512	0.07659	0.13649	0.02268	0.05678	0.02243	0.02378	0.02515	0.11984	0.00890	0.00713	0.00224	0.00921	0.00751	0.00426	0.00949
7	0.01739	0.01292	0.01570	0.01359	0.01618	0.01447	0.01069	0.19213	0.04069	0.06155	0.15077	0.10581	0.05136	0.07235	0.07252	0.00372	0.12274	0.01027	0.00640	0.00877
8	0.12053	0.01541	0.02218	0.45707	0.16823	0.05427	0.01900	0.02067	0.01528	0.02188	0.01286	0.01813	0.00999	0.00721	0.00699	0.00237	0.00932	0.00615	0.00357	0.00891
9	0.05649	0.00865	0.00929	0.00887	0.01099	0.00914	0.00680	0.07326	0.01650	0.02766	0.02323	0.06607	0.01951	0.01614	0.10652	0.00334	0.00639	0.00769	0.51608	0.00739
10	0.01577	0.01495	0.01284	0.01180	0.01450	0.15516	0.00882	0.10049	0.02014	0.02439	0.16281	0.10242	0.23416	0.07594	0.01068	0.00275	0.00663	0.01185	0.00636	0.00755
11	0.01676	0.01099	0.01317	0.03130	0.01549	0.01085	0.00911	0.15252	0.02206	0.11706	0.23830	0.13996	0.16295	0.01467	0.00838	0.00244	0.00519	0.01253	0.00759	0.00868
12	0.17735	0.11264	0.25351	0.07562	0.02514	0.01727	0.04868	0.02210	0.04904	0.02569	0.10777	0.02118	0.01842	0.00821	0.00663	0.00227	0.00819	0.00650	0.00442	0.00939

[dist]
# distance from previous block
# <min> <max>
39	154

[block]
# block no. 3 follows, 27 sequences, length 6
# corresponding to MSA columns:
# 264-269
name=unknown_D
#
# <colnr> <probs for GDERKNQSTAVLIFYWHMCP>
#	G	D	E	R	K	N	Q	S	T	A	V	L	I	F	Y	W	H	M	C	P
0	0.01892	0.01294	0.01443	0.01262	0.01650	0.01342	0.00987	0.12658	0.22570	0.13997	0.04089	0.11461	0.19518	0.01344	0.00804	0.00249	0.00559	0.01124	0.00756	0.00999
1	0.01761	0.01475	0.06045	0.01393	0.01770	0.01430	0.01168	0.12676	0.13248	0.08508	0.14167	0.11786	0.06079	0.01259	0.00972	0.00246	0.08491	0.01019	0.00670	0.05837
2	0.01844	0.39387	0.08658	0.01697	0.08015	0.07135	0.01454	0.02320	0.07092	0.02085	0.04726	0.02412	0.01725	0.00880	0.00634	0.00204	0.00816	0.07535	0.00426	0.00955
3	0.06847	0.01191	0.01257	0.07340	0.01734	0.05062	0.00975	0.02029	0.16566	0.02399	0.08853	0.14251	0.20832	0.01486	0.00818	0.00259	0.00575	0.06079	0.00648	0.00800
4	0.01897	0.01333	0.01513	0.01332	0.01706	0.01404	0.01059	0.18024	0.18262	0.10353	0.09217	0.11009	0.11101	0.01355	0.00822	0.00254	0.00594	0.07022	0.00754	0.00992
5	0.01993	0.01702	0.01969	0.01498	0.02087	0.08948	0.07767	0.09887	0.04883	0.08559	0.04945	0.01933	0.01515	0.00722	0.00662	0.00169	0.00739	0.00605	0.00537	0.38881

[dist]
# distance from previous block
# <min> <max>
10	40

[block]
# block no. 4 follows, 27 sequences, length 54
# corresponding to MSA columns:
# 310-363
name=unknown_E
#
# <colnr> <probs for GDERKNQSTAVLIFYWHMCP>
#	G	D	E	R	K	N	Q	S	T	A	V	L	I	F	Y	W	H	M	C	P
0	0.16009	0.09658	0.02051	0.01516	0.02000	0.17947	0.01229	0.26669	0.02367	0.05775	0.01642	0.06883	0.01373	0.00908	0.00664	0.00216	0.00857	0.00660	0.00568	0.01008
1	0.08813	0.01586	0.09974	0.01442	0.04331	0.01362	0.01218	0.11758	0.10101	0.10607	0.16522	0.08434	0.08421	0.01176	0.00768	0.00240	0.00621	0.00980	0.00678	0.00968
2	0.07404	0.02011	0.11070	0.03739	0.50940	0.03967	0.02126	0.02249	0.01658	0.02443	0.01624	0.01975	0.04101	0.00726	0.00715	0.00223	0.00879	0.00662	0.00382	0.01105
3	0.02438	0.01806	0.04581	0.01783	0.07788	0.04752	0.01357	0.19492	0.19814	0.18655	0.02259	0.02172	0.01614	0.00868	0.00726	0.00222	0.00731	0.00699	0.00697	0.07546
4	0.05269	0.07691	0.02293	0.01686	0.02243	0.13986	0.01384	0.49017	0.03034	0.03930	0.01594	0.01644	0.01172	0.00844	0.00701	0.00213	0.00896	0.00607	0.00640	0.01156
5	0.01513	0.00937	0.01124	0.01036	0.01252	0.00907	0.00748	0.06524	0.04610	0.12147	0.16650	0.15697	0.10996	0.20606	0.01618	0.00374	0.00549	0.01264	0.00692	0.00755
6	0.15970	0.18443	0.28461	0.01587	0.02280	0.01829	0.05164	0.02095	0.01456	0.02292	0.01492	0.06596	0.01347	0.07009	0.00895	0.00264	0.00864	0.00656	0.00382	0.00917
7	0.02009	0.68377	0.03781	0.01440	0.04890	0.05555	0.01321	0.02254	0.01540	0.01779	0.01053	0.01225	0.00963	0.00641	0.00495	0.00163	0.00819	0.00412	0.00322	0.00959
8	0.00985	0.00714	0.00836	0.00872	0.00964	0.00666	0.00573	0.01110	0.01451	0.01903	0.13429	0.23125	0.18778	0.28983	0.01984	0.00437	0.00515	0.01492	0.00618	0.00565
9	0.01302	0.00947	0.01109	0.01090	0.01260	0.00952	0.00775	0.13474	0.01832	0.02435	0.08330	0.37418	0.10396	0.13500	0.01353	0.00344	0.00539	0.01563	0.00670	0.00712
10	0.02629	0.22348	0.02588	0.01510	0.02104	0.02256	0.01306	0.35045	0.05539	0.14844	0.01820	0.01785	0.01317	0.00829	0.00669	0.00207	0.00769	0.00612	0.00653	0.01171
11	0.54733	0.01730	0.07549	0.04597	0.05254	0.01704	0.10338	0.02216	0.01387	0.03010	0.01154	0.01411	0.00886	0.00683	0.00564	0.00233	0.00746	0.00504	0.00425	0.00875
12	0.01136	0.00833	0.00982	0.00929	0.01153	0.00773	0.00696	0.01541	0.06707	0.05119	0.37894	0.07190	0.26600	0.03982	0.00960	0.00258	0.00400	0.01365	0.00760	0.00722
13	0.02476	0.02751	0.02169	0.06602	0.09374	0.40494	0.01525	0.12191	0.10699	0.02465	0.01518	0.01680	0.01194	0.00802	0.00703	0.00210	0.01097	0.00583	0.00478	0.00990
14	0.04222	0.16820	0.36554	0.02276	0.13598	0.03962	0.02173	0.07800	0.01745	0.02460	0.01309	0.01540	0.01005	0.00702	0.00661	0.00216	0.00970	0.00541	0.00366	0.01080
15	0.02822	0.02079	0.02228	0.01708	0.02302	0.02302	0.01411	0.66804	0.03490	0.04679	0.01782	0.01782	0.01262	0.00891	0.00743	0.00223	0.00817	0.00668	0.00743	0.01262
16	0.00970	0.00719	0.00797	0.00828	0.00933	0.00663	0.00537	0.01066	0.01379	0.01741	0.04664	0.18084	0.28809	0.33085	0.02144	0.00462	0.00534	0.01454	0.00586	0.00546
17	0.04801	0.02285	0.02056	0.06946	0.06052	0.22900	0.01418	0.27288	0.07010	0.03189	0.07294	0.02034	0.01686	0.00884	0.00723	0.00218	0.00929	0.00670	0.00581	0.01036
18	0.07918	0.07850	0.05169	0.01447	0.02021	0.01721	0.01251	0.20985	0.09072	0.29464	0.04120	0.02181	0.01679	0.00887	0.00706	0.00224	0.00703	0.00689	0.00740	0.01173
19	0.02526	0.01833	0.01996	0.01595	0.02106	0.02011	0.01291	0.51066	0.08660	0.06713	0.02211	0.10575	0.01812	0.01076	0.00769	0.00235	0.00744	0.00861	0.00744	0.01175
20	0.01003	0.00748	0.00918	0.00917	0.01084	0.00683	0.00678	0.01264	0.01831	0.02465	0.38050	0.13105	0.21750	0.06988	0.01104	0.00287	0.00412	0.05324	0.00737	0.00653
21	0.07980	0.08758	0.06766	0.01699	0.02188	0.34124	0.04163	0.13006	0.02114	0.02523	0.01538	0.01706	0.03021	0.00798	0.00656	0.00202	0.01031	0.00566	0.06230	0.00932
22	0.08511	0.07295	0.03026	0.06327	0.33054	0.11705	0.14931	0.02367	0.01703	0.02333	0.01322	0.01705	0.01079	0.00673	0.00712	0.00220	0.00994	0.00637	0.00374	0.01032
23	0.70360	0.01454	0.01158	0.01037	0.01492	0.01686	0.00846	0.02383	0.08848	0.03305	0.01260	0.01384	0.00970	0.00725	0.00493	0.00232	0.00576	0.00452	0.00493	0.00846
24	0.09121	0.08678	0.51916	0.02042	0.03008	0.01824	0.08757	0.02328	0.01552	0.02404	0.01298	0.01547	0.00946	0.00691	0.00681	0.00230	0.01039	0.00555	0.00334	0.01048
25	0.02593	0.11716	0.02311	0.01741	0.02211	0.38463	0.01382	0.18765	0.09141	0.02649	0.01483	0.01577	0.01166	0.00805	0.00673	0.00201	0.01065	0.00552	0.00502	0.01004
26	0.02502	0.01201	0.01542	0.01267	0.01715	0.01140	0.01019	0.04630	0.11519	0.40995	0.13282	0.03217	0.05273	0.01376	0.05538	0.00299	0.00668	0.00885	0.00831	0.01098
27	0.00974	0.00709	0.00904	0.00983	0.01092	0.00659	0.00698	0.01174	0.01627	0.02181	0.21225	0.38081	0.12770	0.07247	0.01132	0.00311	0.00443	0.06458	0.00705	0.00626
28	0.01932	0.02030	0.05510	0.18034	0.32612	0.11509	0.04115	0.07197	0.05407	0.02427	0.01462	0.01837	0.01159	0.00730	0.00732	0.00226	0.00970	0.00648	0.00408	0.01054
29	0.06632	0.02268	0.02114	0.02011	0.10713	0.19566	0.01428	0.32203	0.04659	0.03351	0.01974	0.02054	0.05958	0.00892	0.00718	0.00218	0.00907	0.00673	0.00584	0.01077
30	0.02423	0.01844	0.01981	0.01605	0.02112	0.02054	0.01295	0.45565	0.19910	0.04059	0.02279	0.07557	0.01802	0.01032	0.00762	0.00236	0.00728	0.00823	0.00742	0.01189
31	0.00934	0.00670	0.00866	0.00988	0.01054	0.00625	0.00663	0.01080	0.01482	0.01982	0.11288	0.56528	0.08408	0.08291	0.01176	0.00327	0.00443	0.01909	0.00683	0.00602
32	0.01961	0.67177	0.05487	0.01536	0.06958	0.02820	0.01382	0.02230	0.01523	0.01812	0.01067	0.01248	0.00969	0.00639	0.00501	0.00165	0.00808	0.00420	0.00321	0.00973
33	0.07460	0.01814	0.01918	0.01877	0.09846	0.07825	0.01329	0.12964	0.33996	0.09521	0.02339	0.02259	0.01734	0.00898	0.00723	0.00235	0.00725	0.00723	0.00671	0.01144
34	0.01073	0.00779	0.00840	0.00817	0.01051	0.00671	0.00600	0.01255	0.01669	0.06522	0.09934	0.09113	0.51684	0.09281	0.01172	0.00299	0.00429	0.01470	0.00687	0.00654
35	0.02117	0.01830	0.01821	0.01575	0.02020	0.07489	0.01241	0.18717	0.44158	0.03312	0.02527	0.02426	0.01902	0.01173	0.04022	0.00284	0.00768	0.00767	0.00706	0.01147
36	0.02841	0.02049	0.02209	0.01693	0.02287	0.02256	0.01399	0.64416	0.03439	0.07140	0.01826	0.01810	0.01284	0.00892	0.00743	0.00223	0.00810	0.00671	0.00749	0.01263
37	0.02355	0.01743	0.01877	0.01491	0.01953	0.01905	0.01181	0.46779	0.07623	0.03832	0.01972	0.02475	0.01624	0.15801	0.01358	0.00323	0.00772	0.00758	0.00674	0.03506
38	0.03255	0.00838	0.00986	0.00951	0.01168	0.00790	0.00711	0.01538	0.06680	0.04471	0.36692	0.13276	0.22619	0.01629	0.00860	0.00247	0.00397	0.01411	0.00757	0.00723
39	0.05604	0.10778	0.07217	0.01800	0.07781	0.04295	0.01420	0.11762	0.35363	0.03004	0.02195	0.02156	0.01669	0.00872	0.00698	0.00230	0.00730	0.00693	0.00608	0.01126
40	0.02797	0.07182	0.02243	0.01605	0.02191	0.02134	0.01339	0.49102	0.06136	0.14773	0.01968	0.01904	0.01378	0.00882	0.00724	0.00221	0.00775	0.00669	0.00740	0.01236
41	0.01809	0.00933	0.01175	0.01021	0.01357	0.00814	0.00798	0.02078	0.01955	0.26611	0.23560	0.07868	0.24122	0.01449	0.00833	0.00240	0.00463	0.01231	0.00809	0.00876
42	0.03541	0.01125	0.01266	0.01232	0.03365	0.01172	0.00903	0.06914	0.20681	0.02760	0.18181	0.14043	0.18924	0.01474	0.00826	0.00251	0.00491	0.01262	0.00724	0.00863
43	0.01877	0.01812	0.04555	0.08343	0.46454	0.03904	0.02034	0.07844	0.06945	0.02601	0.01676	0.02244	0.01408	0.00792	0.00750	0.00231	0.00871	0.04097	0.00443	0.01121
44	0.23539	0.07316	0.02038	0.06748	0.07893	0.15031	0.01340	0.17448	0.06963	0.03046	0.01428	0.01589	0.01103	0.00771	0.00632	0.00218	0.00848	0.00551	0.00505	0.00993
45	0.08898	0.01428	0.01630	0.01310	0.01814	0.07048	0.01060	0.03233	0.03940	0.50084	0.09407	0.02640	0.02225	0.00952	0.00731	0.00227	0.00657	0.00761	0.00822	0.01133
46	0.02594	0.02434	0.01996	0.01701	0.02169	0.27913	0.01332	0.21146	0.19527	0.08724	0.01961	0.01934	0.01456	0.00876	0.00719	0.00219	0.00938	0.00648	0.00625	0.01089
47	0.07575	0.13139	0.34034	0.02048	0.06420	0.01868	0.09188	0.02533	0.06043	0.08121	0.01537	0.01711	0.01130	0.00721	0.00681	0.00225	0.00946	0.00595	0.00416	0.01068
48	0.06872	0.01580	0.07491	0.01396	0.01962	0.01356	0.01227	0.13616	0.04409	0.40005	0.09960	0.02600	0.02209	0.00954	0.00742	0.00230	0.00665	0.00769	0.00797	0.01158
49	0.01171	0.00789	0.00985	0.00918	0.01125	0.00713	0.00687	0.01467	0.01969	0.07167	0.48998	0.05617	0.18442	0.05451	0.01024	0.00263	0.00394	0.01332	0.00779	0.00710
50	0.01899	0.65264	0.08556	0.01328	0.01969	0.02741	0.01359	0.02184	0.01496	0.01789	0.01105	0.01311	0.01000	0.00906	0.04294	0.00220	0.00880	0.00429	0.00322	0.00948
51	0.08131	0.12191	0.02264	0.01884	0.07787	0.36002	0.01379	0.08593	0.07630	0.02350	0.01612	0.01742	0.03773	0.00809	0.00656	0.00203	0.01022	0.00568	0.00455	0.00950
52	0.02613	0.01171	0.01521	0.01230	0.01688	0.01056	0.00990	0.07634	0.02136	0.45596	0.11860	0.08409	0.08389	0.01178	0.00789	0.00237	0.00573	0.00987	0.00856	0.01088
53	0.01236	0.00964	0.01298	0.01143	0.01360	0.00946	0.05777	0.04604	0.06639	0.02561	0.34054	0.06968	0.09075	0.18324	0.01540	0.00352	0.00549	0.01216	0.00677	0.00718

[dist]
# distance from previous block
# <min> <max>
3	14

[block]
# block no. 5 follows, 27 sequences, length 82
# corresponding to MSA columns:
# 378-459
name=unknown_F
#
# <colnr> <probs for GDERKNQSTAVLIFYWHMCP>
#	G	D	E	R	K	N	Q	S	T	A	V	L	I	F	Y	W	H	M	C	P
0	0.41398	0.04383	0.01683	0.06095	0.02037	0.14850	0.01147	0.15525	0.01900	0.03173	0.01227	0.01400	0.00944	0.00746	0.00576	0.00220	0.00803	0.00488	0.00489	0.00915
1	0.02503	0.19163	0.02589	0.01883	0.06847	0.30901	0.01439	0.18535	0.04905	0.02600	0.01370	0.01506	0.01098	0.00769	0.00651	0.00196	0.01024	0.00534	0.00470	0.01015
2	0.07442	0.01626	0.02601	0.14413	0.46682	0.01693	0.02001	0.04590	0.01694	0.05799	0.01445	0.01858	0.01159	0.00752	0.00779	0.02479	0.00855	0.00646	0.00408	0.01077
3	0.00974	0.00702	0.00905	0.00987	0.01078	0.00665	0.00687	0.01155	0.01549	0.02090	0.18111	0.40236	0.09394	0.10548	0.04497	0.00374	0.00525	0.04234	0.00676	0.00614
4	0.02365	0.03982	0.01941	0.01539	0.02042	0.01933	0.01244	0.27777	0.31784	0.11161	0.04550	0.02404	0.01943	0.00957	0.00745	0.00235	0.00679	0.00766	0.00757	0.01196
5	0.13599	0.09194	0.02131	0.01590	0.02098	0.23092	0.01288	0.25434	0.04559	0.07983	0.01534	0.01595	0.01149	0.00805	0.00655	0.00210	0.00918	0.00558	0.00565	0.01043
6	0.01029	0.00706	0.00826	0.00863	0.00891	0.00688	0.00520	0.01080	0.01224	0.01627	0.05427	0.20832	0.06434	0.51380	0.02884	0.00584	0.00623	0.01350	0.00530	0.00503
7	0.02691	0.02006	0.02156	0.01658	0.02248	0.02193	0.01364	0.59531	0.06341	0.04454	0.01809	0.01812	0.01298	0.00874	0.00730	0.00217	0.00788	0.00661	0.00723	0.06448
8	0.14667	0.05394	0.01961	0.01531	0.02037	0.12301	0.01240	0.30064	0.12911	0.05944	0.01929	0.01927	0.03161	0.00875	0.00680	0.00222	0.00800	0.00640	0.00631	0.01085
9	0.29863	0.31387	0.08473	0.01293	0.01882	0.07580	0.01234	0.02372	0.01514	0.06951	0.01196	0.01331	0.00958	0.00690	0.00524	0.00198	0.00774	0.00442	0.00414	0.00926
10	0.01116	0.00804	0.00997	0.01060	0.01173	0.00786	0.00736	0.07378	0.01670	0.02238	0.10335	0.51839	0.06945	0.07832	0.01145	0.00319	0.00481	0.01793	0.00688	0.00665
11	0.01988	0.01939	0.02742	0.03818	0.51886	0.08570	0.02032	0.06346	0.08590	0.02569	0.01561	0.01880	0.01271	0.00720	0.00731	0.00221	0.00893	0.00662	0.00431	0.01150
12	0.18592	0.05747	0.48090	0.01903	0.02820	0.01766	0.06555	0.02311	0.01511	0.02546	0.01267	0.01504	0.00923	0.00694	0.00654	0.00232	0.00982	0.00533	0.00350	0.01021
13	0.10457	0.01212	0.01513	0.01217	0.01683	0.01135	0.00987	0.07175	0.02123	0.42236	0.18861	0.03084	0.02963	0.01041	0.00749	0.00230	0.00569	0.00853	0.00835	0.01078
14	0.02300	0.01718	0.01860	0.01536	0.02015	0.01898	0.01230	0.35545	0.24336	0.06852	0.02638	0.08134	0.04378	0.01083	0.00768	0.00240	0.00686	0.00877	0.00749	0.01157
15	0.23735	0.02204	0.01788	0.01515	0.01974	0.20758	0.01206	0.23840	0.05332	0.03251	0.01700	0.01789	0.04191	0.00863	0.00697	0.00221	0.02811	0.00591	0.00553	0.00981
16	0.04428	0.01636	0.02739	0.22202	0.50030	0.01730	0.02170	0.02175	0.01621	0.02318	0.01363	0.01853	0.01114	0.00684	0.00727	0.00228	0.00899	0.00652	0.00361	0.01071
17	0.08965	0.01235	0.01568	0.01251	0.01746	0.01145	0.01019	0.04985	0.05134	0.48835	0.13279	0.02893	0.02583	0.00999	0.00744	0.00231	0.00585	0.00816	0.00853	0.01133
18	0.26421	0.01599	0.01550	0.01281	0.01780	0.06237	0.01031	0.10561	0.10752	0.16078	0.04938	0.01992	0.01589	0.00827	0.00634	0.00215	0.00655	0.00613	0.00631	0.10617
19	0.08459	0.01038	0.01230	0.01076	0.01399	0.01000	0.00835	0.07224	0.01943	0.19161	0.20805	0.09143	0.14028	0.05568	0.03509	0.00301	0.00567	0.01117	0.00740	0.00859
20	0.01277	0.00921	0.01035	0.01005	0.01210	0.02971	0.00731	0.01633	0.06877	0.07631	0.21332	0.19723	0.19918	0.08940	0.01157	0.00301	0.00482	0.01420	0.00712	0.00723
21	0.06638	0.01283	0.01669	0.01305	0.01842	0.01163	0.01070	0.07401	0.02147	0.57767	0.05230	0.04989	0.02050	0.00977	0.00745	0.00232	0.00624	0.00795	0.00875	0.01198
22	0.03637	0.00826	0.00943	0.00909	0.01137	0.00755	0.00681	0.03460	0.01860	0.04924	0.27605	0.14228	0.32922	0.01704	0.00863	0.00249	0.00404	0.01460	0.00736	0.00699
23	0.01985	0.74357	0.03890	0.01270	0.01905	0.02937	0.01270	0.02223	0.01508	0.01747	0.01032	0.01191	0.00953	0.00635	0.00476	0.00159	0.00794	0.00397	0.00318	0.00953
24	0.07926	0.00795	0.00974	0.01002	0.01167	0.00759	0.00723	0.01418	0.01688	0.06617	0.25420	0.37481	0.07641	0.01809	0.00866	0.00266	0.00427	0.01599	0.00726	0.00695
25	0.00904	0.00646	0.00861	0.01034	0.01077	0.00603	0.00689	0.01034	0.01421	0.01895	0.04092	0.73426	0.04910	0.02326	0.00948	0.00301	0.00431	0.02110	0.00689	0.00603
26	0.01402	0.01319	0.02227	0.72126	0.05113	0.01649	0.02062	0.01897	0.01484	0.01897	0.01319	0.01979	0.00990	0.00742	0.00742	0.00247	0.00990	0.00660	0.00330	0.00825
27	0.06590	0.01631	0.02560	0.27034	0.07938	0.04119	0.14502	0.04717	0.04868	0.02262	0.01419	0.01925	0.01128	0.01037	0.04248	0.00298	0.11732	0.00694	0.00391	0.00908
28	0.04556	0.01479	0.01631	0.01391	0.01834	0.01601	0.01103	0.12906	0.34750	0.14909	0.08178	0.03060	0.07173	0.01067	0.00761	0.00241	0.00596	0.00875	0.00773	0.01116
29	0.00937	0.00753	0.00826	0.00808	0.01026	0.00652	0.00600	0.01166	0.01789	0.02271	0.25518	0.06578	0.47918	0.04678	0.00994	0.00265	0.00382	0.01481	0.00718	0.00641
30	0.03412	0.00982	0.01278	0.01140	0.01385	0.00963	0.03831	0.09479	0.02126	0.02987	0.44608	0.14311	0.07576	0.01501	0.00858	0.00243	0.00468	0.01326	0.00756	0.00771
31	0.01674	0.00973	0.01205	0.01082	0.01385	0.00914	0.00832	0.02169	0.09930	0.19465	0.27090	0.12351	0.14998	0.01456	0.00837	0.00245	0.00463	0.01255	0.00800	0.00876
32	0.03385	0.00855	0.01088	0.00985	0.01218	0.00787	0.00740	0.01744	0.01947	0.14256	0.44634	0.07199	0.08325	0.08215	0.01117	0.00281	0.00443	0.01228	0.00781	0.00770
33	0.01489	0.03840	0.70064	0.02116	0.03213	0.01724	0.02743	0.02351	0.01567	0.02351	0.01332	0.01567	0.00940	0.00705	0.00705	0.00235	0.01097	0.00549	0.00313	0.01097
34	0.05725	0.38998	0.08641	0.05734	0.02304	0.10460	0.01464	0.14397	0.01941	0.02437	0.01228	0.01398	0.01005	0.00713	0.00583	0.00189	0.00888	0.00486	0.00412	0.00998
35	0.02180	0.01616	0.01771	0.01459	0.01884	0.01759	0.01158	0.43114	0.05381	0.03693	0.02611	0.13360	0.06521	0.05489	0.04200	0.00311	0.00768	0.00985	0.00699	0.01042
36	0.00941	0.00690	0.00883	0.00971	0.01076	0.00633	0.00676	0.01138	0.01641	0.02204	0.22212	0.46548	0.13550	0.02049	0.00919	0.00277	0.00402	0.01832	0.00724	0.00633
37	0.02142	0.01435	0.01652	0.01463	0.04229	0.01502	0.01109	0.19802	0.18291	0.15806	0.05319	0.07921	0.11178	0.03597	0.00883	0.00257	0.00626	0.00977	0.00747	0.01064
38	0.02139	0.05073	0.05734	0.07673	0.22299	0.27585	0.01751	0.06005	0.04072	0.02245	0.01515	0.02049	0.01294	0.00950	0.02742	0.00246	0.01075	0.04152	0.00418	0.00983
39	0.75682	0.01428	0.01120	0.00992	0.01457	0.01639	0.00817	0.02248	0.01303	0.06374	0.01120	0.01266	0.00851	0.00700	0.00473	0.00230	0.00577	0.00418	0.00480	0.00825
40	0.06307	0.01284	0.01613	0.01292	0.01786	0.01217	0.01049	0.07499	0.08874	0.45477	0.12720	0.02896	0.02574	0.01006	0.00753	0.00232	0.00595	0.00825	0.00854	0.01148
41	0.02505	0.01922	0.02209	0.02019	0.10476	0.02110	0.01479	0.48172	0.10809	0.04093	0.01988	0.02233	0.01520	0.00934	0.00757	0.00232	0.00791	0.03843	0.00695	0.01213
42	0.01270	0.00971	0.01032	0.01007	0.01090	0.04773	0.00658	0.05679	0.01355	0.01770	0.02398	0.12328	0.02661	0.47906	0.11387	0.00665	0.00884	0.01105	0.00488	0.00573
43	0.01330	0.00819	0.01032	0.00958	0.01188	0.00734	0.00720	0.01609	0.01933	0.12173	0.39721	0.11128	0.18148	0.03983	0.00960	0.00258	0.00415	0.01358	0.00784	0.00750
44	0.08180	0.00855	0.01063	0.00981	0.01205	0.00828	0.00751	0.01613	0.01967	0.07367	0.53943	0.04780	0.05761	0.01676	0.05542	0.00297	0.00499	0.01182	0.00764	0.00745
45	0.01297	0.01107	0.01308	0.01268	0.01439	0.07688	0.00978	0.04115	0.01369	0.01841	0.01913	0.02792	0.01777	0.07488	0.58868	0.01040	0.01831	0.00771	0.00412	0.00698
46	0.02484	0.01645	0.01864	0.01500	0.01972	0.01761	0.01207	0.42407	0.02790	0.13913	0.02276	0.10954	0.01891	0.03918	0.05564	0.00316	0.00816	0.00882	0.00730	0.01113
47	0.01061	0.00795	0.01193	0.01193	0.01326	0.00928	0.00928	0.01326	0.01193	0.01723	0.01988	0.02916	0.01856	0.05568	0.70968	0.01193	0.01988	0.00795	0.00398	0.00663
48	0.56081	0.01799	0.09940	0.01340	0.01914	0.01691	0.06361	0.05279	0.01486	0.06493	0.01237	0.01407	0.00919	0.00707	0.00550	0.00232	0.00707	0.00487	0.00471	0.00900
49	0.02724	0.02031	0.02173	0.01688	0.02265	0.02256	0.01387	0.60473	0.09981	0.04520	0.01907	0.01882	0.01364	0.00903	0.00744	0.00226	0.00794	0.00686	0.00744	0.01254
50	0.02811	0.01255	0.01624	0.01290	0.01781	0.01160	0.01043	0.07503	0.06771	0.49467	0.11289	0.02974	0.02526	0.03909	0.00884	0.00251	0.00608	0.00837	0.00864	0.01153
51	0.01837	0.01764	0.03013	0.04557	0.69279	0.01764	0.02278	0.02278	0.01690	0.02425	0.01396	0.01837	0.01176	0.00661	0.00735	0.00220	0.00882	0.00661	0.00367	0.01176
52	0.07675	0.17305	0.37657	0.01872	0.02716	0.01897	0.09133	0.02313	0.01604	0.05032	0.05116	0.01773	0.01328	0.00735	0.00670	0.00221	0.00952	0.00595	0.00385	0.01019
53	0.01158	0.00856	0.01102	0.05886	0.01445	0.00874	0.00837	0.06431	0.01624	0.02173	0.10536	0.32869	0.07581	0.13591	0.06068	0.00410	0.00651	0.04614	0.00625	0.00666
54	0.00917	0.00651	0.00858	0.01017	0.01057	0.00611	0.00672	0.01037	0.01396	0.01862	0.03964	0.68423	0.04749	0.07549	0.01154	0.00332	0.00452	0.02035	0.00672	0.00592
55	0.01539	0.01319	0.01539	0.01100	0.01759	0.00990	0.00880	0.01869	0.01539	0.02419	0.01319	0.01539	0.01100	0.00550	0.00550	0.00110	0.00550	0.00440	0.00440	0.78449
56	0.01820	0.01377	0.04075	0.05186	0.02012	0.01088	0.01082	0.02227	0.03740	0.13857	0.01836	0.02265	0.01479	0.00752	0.00640	0.00164	0.00619	0.05127	0.00538	0.50118
57	0.05848	0.22565	0.48616	0.01828	0.02767	0.02045	0.02244	0.02308	0.01535	0.02243	0.01236	0.01447	0.00936	0.00686	0.00631	0.00214	0.00988	0.00500	0.00323	0.01043
58	0.00945	0.00745	0.00827	0.00820	0.01015	0.00654	0.00594	0.01154	0.01724	0.02198	0.22977	0.09777	0.42704	0.09175	0.01177	0.00297	0.00407	0.01485	0.00699	0.00627
59	0.01760	0.01753	0.03020	0.29313	0.18328	0.04196	0.20826	0.07362	0.01789	0.02372	0.01420	0.01917	0.01091	0.00704	0.00777	0.00238	0.01041	0.00718	0.00386	0.00989
60	0.05090	0.43723	0.03083	0.01469	0.02025	0.18464	0.01303	0.09867	0.04905	0.02219	0.01236	0.01366	0.01044	0.00713	0.00564	0.00180	0.00905	0.00467	0.00406	0.00972
61	0.06251	0.01288	0.01607	0.01298	0.01776	0.01230	0.01048	0.11053	0.05784	0.42177	0.10528	0.07855	0.02569	0.01081	0.00763	0.00236	0.00602	0.00894	0.00838	0.01123
62	0.00926	0.00667	0.00878	0.01008	0.01079	0.00619	0.00687	0.01092	0.01536	0.02067	0.14280	0.60559	0.07477	0.02185	0.00934	0.00289	0.00416	0.01972	0.00709	0.00619
63	0.02596	0.02842	0.02106	0.02085	0.09794	0.46608	0.01453	0.05878	0.06691	0.08279	0.01695	0.01804	0.03284	0.00825	0.00700	0.00206	0.01117	0.00591	0.00481	0.00966
64	0.01528	0.01110	0.01304	0.01203	0.01443	0.01146	0.00899	0.21002	0.02196	0.02977	0.19011	0.32157	0.04213	0.05008	0.00999	0.00281	0.00541	0.01441	0.00725	0.00819
65	0.02308	0.01699	0.01899	0.01532	0.01982	0.01886	0.01238	0.47629	0.02811	0.03795	0.01866	0.02245	0.01493	0.06854	0.16773	0.00475	0.01074	0.00725	0.00645	0.01073
66	0.01489	0.03840	0.70064	0.02116	0.03213	0.01724	0.02743	0.02351	0.01567	0.02351	0.01332	0.01567	0.00940	0.00705	0.00705	0.00235	0.01097	0.00549	0.00313	0.01097
67	0.06118	0.27671	0.32522	0.01974	0.07944	0.02126	0.04952	0.02339	0.01569	0.04652	0.01283	0.01494	0.00997	0.00681	0.00624	0.00208	0.00936	0.00519	0.00352	0.01039
68	0.01613	0.01477	0.02380	0.25290	0.31658	0.01620	0.01895	0.04980	0.01739	0.02408	0.11543	0.02427	0.01988	0.00863	0.00854	0.00237	0.04849	0.00763	0.00438	0.00976
69	0.02759	0.01254	0.01607	0.01297	0.01780	0.01177	0.01040	0.03364	0.13996	0.48710	0.08010	0.02935	0.02363	0.05071	0.00928	0.00261	0.00607	0.00828	0.00855	0.01158
70	0.16470	0.04495	0.01354	0.01136	0.01463	0.01237	0.00890	0.04721	0.09945	0.11623	0.15842	0.15922	0.05658	0.01512	0.04230	0.00291	0.00596	0.01072	0.00680	0.00865
71	0.05561	0.09165	0.24998	0.03091	0.29484	0.01870	0.10823	0.02305	0.01621	0.02377	0.01338	0.01680	0.01054	0.00670	0.00707	0.00224	0.00978	0.00616	0.00351	0.01088
72	0.01103	0.00769	0.00903	0.00890	0.01097	0.00678	0.00653	0.01323	0.01759	0.06830	0.22698	0.17769	0.34213	0.04701	0.00997	0.00272	0.00410	0.01526	0.00729	0.00678
73	0.00922	0.00648	0.00863	0.01025	0.01065	0.00608	0.00681	0.01033	0.01396	0.01862	0.03947	0.69066	0.04725	0.04398	0.01095	0.02929	0.00446	0.02032	0.00670	0.00589
74	0.07933	0.01523	0.02188	0.39185	0.13633	0.01773	0.01807	0.10352	0.09617	0.02582	0.01568	0.01965	0.01188	0.00776	0.00720	0.00239	0.00871	0.00662	0.00448	0.00972
75	0.01539	0.01319	0.01539	0.01100	0.01759	0.00990	0.00880	0.01869	0.01539	0.02419	0.01319	0.01539	0.01100	0.00550	0.00550	0.00110	0.00550	0.00440	0.00440	0.78449
76	0.01388	0.00827	0.01065	0.00978	0.01201	0.00751	0.00732	0.01674	0.01949	0.13262	0.44014	0.09989	0.10816	0.06733	0.01070	0.00274	0.00429	0.01303	0.00787	0.00758
77	0.66583	0.01473	0.01375	0.04017	0.10117	0.01677	0.01036	0.02184	0.01325	0.03164	0.01090	0.01314	0.00858	0.00688	0.00504	0.00229	0.00628	0.00444	0.00443	0.00852
78	0.02313	0.07753	0.01900	0.01424	0.01899	0.01680	0.01171	0.15771	0.23110	0.19920	0.08088	0.02984	0.02374	0.01042	0.00755	0.00237	0.00649	0.05051	0.00756	0.01123
79	0.06054	0.01167	0.01483	0.01205	0.01649	0.01078	0.00967	0.04877	0.05337	0.42159	0.17340	0.03357	0.05392	0.03449	0.00865	0.00248	0.00565	0.00904	0.00838	0.01066
80	0.01224	0.00838	0.00981	0.00991	0.01082	0.00848	0.00645	0.03545	0.07395	0.04082	0.02965	0.26517	0.03295	0.39509	0.02396	0.00511	0.00615	0.01365	0.00579	0.00618
81	0.07260	0.02001	0.08588	0.02761	0.03468	0.01765	0.52857	0.02272	0.01682	0.02412	0.01630	0.06716	0.01344	0.00750	0.00839	0.00251	0.01137	0.00902	0.00398	0.00967

[dist]
# distance from previous block
# <min> <max>
0	1

[block]
# block no. 6 follows, 27 sequences, length 9
# corresponding to MSA columns:
# 461-469
name=unknown_G
#
# <colnr> <probs for GDERKNQSTAVLIFYWHMCP>
#	G	D	E	R	K	N	Q	S	T	A	V	L	I	F	Y	W	H	M	C	P
0	0.01711	0.01921	0.04124	0.11332	0.04026	0.01850	0.58912	0.02321	0.01720	0.02321	0.01480	0.02000	0.01110	0.00640	0.00860	0.00250	0.01220	0.00850	0.00370	0.00980
1	0.05779	0.00797	0.00932	0.00887	0.01090	0.00742	0.00663	0.01353	0.01906	0.02695	0.46911	0.05638	0.21459	0.04771	0.00980	0.00259	0.00387	0.01328	0.00748	0.00678
2	0.01466	0.01091	0.01431	0.01312	0.01550	0.01244	0.01039	0.16388	0.01722	0.02403	0.01941	0.02656	0.01719	0.04492	0.54814	0.00970	0.01719	0.00766	0.00477	0.00801
3	0.01392	0.01066	0.01224	0.01131	0.01416	0.01079	0.00858	0.05097	0.19503	0.04926	0.24045	0.14802	0.14173	0.01467	0.00830	0.00245	0.00469	0.01268	0.00745	0.04264
4	0.17684	0.01635	0.01622	0.01349	0.01834	0.10124	0.01082	0.05904	0.11047	0.32529	0.06041	0.02292	0.01852	0.00900	0.00689	0.00228	0.00695	0.00689	0.00726	0.01079
5	0.10787	0.00820	0.00872	0.00872	0.01078	0.00778	0.00637	0.01280	0.01641	0.02335	0.19969	0.16356	0.30605	0.07449	0.01066	0.00289	0.00431	0.01416	0.00671	0.00648
6	0.11561	0.02352	0.32329	0.01651	0.02249	0.01531	0.01796	0.01965	0.01449	0.02343	0.07731	0.02169	0.01679	0.01819	0.14852	0.00436	0.10126	0.00666	0.00398	0.00899
7	0.45530	0.01779	0.06229	0.01300	0.01831	0.01847	0.01132	0.18082	0.10213	0.03561	0.01486	0.01568	0.01109	0.00779	0.00582	0.00231	0.00671	0.00532	0.00555	0.00982
8	0.00956	0.00672	0.00860	0.00975	0.01019	0.00637	0.00636	0.01074	0.01400	0.01881	0.09008	0.52382	0.04583	0.18420	0.01581	0.00390	0.00489	0.01815	0.00646	0.00576

[dist]
# distance from previous block
# <min> <max>
0	3

[block]
# block no. 7 follows, 27 sequences, length 9
# corresponding to MSA columns:
# 473-481
name=unknown_H
#
# <colnr> <probs for GDERKNQSTAVLIFYWHMCP>
#	G	D	E	R	K	N	Q	S	T	A	V	L	I	F	Y	W	H	M	C	P
0	0.01564	0.14579	0.59987	0.01987	0.03014	0.01909	0.02519	0.02332	0.01558	0.02259	0.01287	0.01510	0.00942	0.00695	0.00670	0.00223	0.01051	0.00525	0.00314	0.01075
1	0.01568	0.01748	0.08591	0.39198	0.20324	0.01718	0.11999	0.02102	0.01582	0.02137	0.01367	0.01913	0.01051	0.00702	0.00758	0.00240	0.01013	0.00684	0.00345	0.00960
2	0.02157	0.02016	0.01725	0.01472	0.01898	0.18703	0.01156	0.25368	0.10502	0.03048	0.03352	0.03265	0.19898	0.01146	0.00763	0.00226	0.00797	0.00889	0.00641	0.00978
3	0.00964	0.00693	0.00835	0.00911	0.00982	0.00649	0.00593	0.01074	0.01396	0.01830	0.07791	0.36978	0.14756	0.24949	0.01831	0.00422	0.00509	0.01651	0.00620	0.00564
4	0.68230	0.02034	0.01753	0.01614	0.02100	0.02090	0.01200	0.02724	0.01844	0.03953	0.01988	0.02529	0.01717	0.01305	0.00879	0.00396	0.00886	0.00720	0.00765	0.01272
5	0.00919	0.00661	0.00849	0.00992	0.01046	0.00616	0.00657	0.01040	0.01408	0.01860	0.04170	0.62129	0.09296	0.09123	0.01213	0.00338	0.00454	0.01973	0.00666	0.00590
6	0.01887	0.55592	0.06571	0.01364	0.01936	0.06561	0.01340	0.02168	0.01577	0.01852	0.01495	0.02312	0.01458	0.00862	0.00582	0.00192	0.00824	0.10138	0.00377	0.00913
7	0.01539	0.01319	0.01539	0.01100	0.01759	0.00990	0.00880	0.01869	0.01539	0.02419	0.01319	0.01539	0.01100	0.00550	0.00550	0.00110	0.00550	0.00440	0.00440	0.78449
8	0.02370	0.14570	0.02279	0.01600	0.02011	0.24656	0.01289	0.21616	0.02197	0.02581	0.01331	0.01601	0.01099	0.01084	0.01088	0.12112	0.04579	0.00555	0.00467	0.00912

[dist]
# distance from previous block
# <min> <max>
0	12

[block]
# block no. 8 follows, 27 sequences, length 39
# corresponding to MSA columns:
# 494-532
name=unknown_I
#
# <colnr> <probs for GDERKNQSTAVLIFYWHMCP>
#	G	D	E	R	K	N	Q	S	T	A	V	L	I	F	Y	W	H	M	C	P
0	0.02546	0.01960	0.02446	0.01873	0.02465	0.02116	0.11077	0.45207	0.12418	0.07172	0.01972	0.01992	0.01413	0.00870	0.00765	0.00231	0.00840	0.00728	0.00698	0.01211
1	0.17717	0.01514	0.01679	0.01355	0.01872	0.01578	0.01105	0.18025	0.11780	0.29116	0.05139	0.02260	0.01785	0.00906	0.00696	0.00231	0.00645	0.00700	0.00760	0.01136
2	0.02130	0.01694	0.01808	0.01549	0.02015	0.01923	0.01227	0.18503	0.50474	0.06029	0.02731	0.02532	0.02017	0.00977	0.00752	0.00244	0.00642	0.00796	0.00759	0.01199
3	0.00976	0.00684	0.00866	0.00955	0.01005	0.00651	0.00622	0.01102	0.01425	0.01926	0.13248	0.43678	0.04589	0.22698	0.01747	0.00411	0.00501	0.01701	0.00640	0.00574
4	0.01373	0.00786	0.01073	0.01048	0.01111	0.00824	0.00724	0.01411	0.10950	0.01560	0.01548	0.02333	0.01435	0.02345	0.02581	0.66752	0.00636	0.00674	0.00387	0.00449
5	0.08839	0.00984	0.01224	0.01052	0.01388	0.00910	0.00828	0.02174	0.02006	0.24791	0.37081	0.04274	0.08908	0.01271	0.00796	0.00233	0.00464	0.01078	0.00810	0.00889
6	0.01275	0.00839	0.00976	0.00938	0.01053	0.00824	0.00617	0.05867	0.01496	0.05466	0.09019	0.14616	0.08814	0.42133	0.02496	0.00516	0.00618	0.01246	0.00582	0.00609
7	0.01064	0.00781	0.01119	0.01119	0.01226	0.00888	0.00836	0.01278	0.01171	0.01669	0.02056	0.03290	0.02018	0.18702	0.58055	0.01102	0.01745	0.00850	0.00408	0.00622
8	0.01520	0.01001	0.01415	0.16137	0.02050	0.01102	0.01061	0.10981	0.01479	0.01958	0.01530	0.06213	0.01430	0.01924	0.02011	0.45728	0.00731	0.00736	0.00408	0.00585
9	0.01295	0.00984	0.01325	0.03859	0.04038	0.01058	0.00962	0.01620	0.04541	0.05541	0.29013	0.14710	0.08438	0.05301	0.01297	0.02162	0.11220	0.01239	0.00653	0.00745
10	0.01162	0.00754	0.01113	0.06852	0.04278	0.00762	0.00842	0.01142	0.01256	0.01682	0.04891	0.29246	0.02875	0.04104	0.01846	0.34355	0.00593	0.01237	0.00485	0.00523
11	0.02202	0.01576	0.01771	0.01662	0.06278	0.04197	0.01223	0.03649	0.43944	0.18517	0.04775	0.02682	0.02187	0.00970	0.00752	0.00242	0.00638	0.00808	0.00756	0.01170
12	0.01162	0.00941	0.01374	0.01316	0.01420	0.01162	0.01037	0.01400	0.01179	0.01725	0.01819	0.02750	0.01726	0.07075	0.56461	0.01022	0.14584	0.00779	0.00386	0.00682
13	0.42106	0.01471	0.01369	0.01146	0.01606	0.01631	0.00937	0.18396	0.01936	0.09164	0.01587	0.01694	0.01169	0.00785	0.00563	0.00220	0.00606	0.00541	0.12132	0.00941
14	0.67534	0.01349	0.01107	0.01035	0.01451	0.01545	0.00862	0.02086	0.01330	0.03165	0.01465	0.02274	0.01321	0.00892	0.00544	0.00246	0.00591	0.09924	0.00493	0.00786
15	0.01176	0.00940	0.01464	0.01694	0.11455	0.01053	0.01129	0.01468	0.01267	0.01828	0.01900	0.02756	0.01755	0.04836	0.60500	0.01048	0.01824	0.00775	0.00393	0.00739
16	0.02723	0.01566	0.01839	0.01465	0.01970	0.01604	0.01186	0.33806	0.02681	0.28166	0.02547	0.12735	0.02017	0.01115	0.00775	0.00237	0.00691	0.00912	0.00799	0.01165
17	0.67629	0.01485	0.01378	0.01510	0.11548	0.01680	0.01024	0.02197	0.01327	0.03196	0.01088	0.01300	0.00859	0.00685	0.00500	0.00228	0.00620	0.00441	0.00446	0.00859
18	0.01938	0.59853	0.06994	0.01350	0.01977	0.02712	0.01332	0.02486	0.11413	0.01980	0.01344	0.01446	0.01148	0.00694	0.00530	0.00177	0.00779	0.00471	0.00383	0.00993
19	0.00903	0.00650	0.00857	0.01023	0.01074	0.00604	0.00685	0.01035	0.01431	0.01899	0.04217	0.71011	0.07244	0.02310	0.00945	0.00300	0.00429	0.02091	0.00689	0.00604
20	0.02677	0.02007	0.02146	0.01679	0.02247	0.02234	0.01376	0.57434	0.13097	0.04444	0.01967	0.01930	0.01412	0.00908	0.00745	0.00227	0.00783	0.00694	0.00745	0.01249
21	0.01539	0.01319	0.01539	0.01100	0.01759	0.00990	0.00880	0.01869	0.01539	0.02419	0.01319	0.01539	0.01100	0.00550	0.00550	0.00110	0.00550	0.00440	0.00440	0.78449
22	0.01971	0.02173	0.10335	0.03404	0.33384	0.05120	0.17609	0.11960	0.01980	0.02713	0.01461	0.01817	0.01141	0.00697	0.00764	0.00228	0.01005	0.00693	0.00420	0.01124
23	0.02332	0.01605	0.01807	0.01497	0.01937	0.01718	0.01201	0.42250	0.02788	0.09757	0.02541	0.19055	0.02329	0.01291	0.00806	0.00248	0.00702	0.04315	0.00743	0.01077
24	0.02187	0.01567	0.01725	0.01490	0.01950	0.01739	0.01176	0.08236	0.51383	0.15469	0.02919	0.02657	0.02118	0.00983	0.00753	0.00246	0.00612	0.00810	0.00785	0.01197
25	0.00970	0.00681	0.00880	0.01014	0.01059	0.00652	0.00682	0.01089	0.01371	0.01823	0.03686	0.52267	0.04360	0.18257	0.01586	0.00398	0.00518	0.07496	0.00635	0.00576
26	0.01520	0.08299	0.65880	0.02062	0.03130	0.01801	0.02650	0.02343	0.01564	0.02313	0.01313	0.01544	0.00941	0.00701	0.00691	0.00230	0.01078	0.00539	0.00314	0.01088
27	0.00912	0.00649	0.00859	0.01024	0.01065	0.00608	0.00679	0.01036	0.01407	0.01875	0.04016	0.70469	0.04815	0.05413	0.01070	0.00320	0.00443	0.02066	0.00679	0.00596
28	0.00904	0.00646	0.00861	0.01034	0.01077	0.00603	0.00689	0.01034	0.01421	0.01895	0.04092	0.73426	0.04910	0.02326	0.00948	0.00301	0.00431	0.02110	0.00689	0.00603
29	0.02024	0.01683	0.02088	0.08781	0.16618	0.03837	0.01532	0.12633	0.29432	0.06542	0.02314	0.02558	0.01798	0.00929	0.00758	0.00242	0.00751	0.03727	0.00625	0.01128
30	0.63416	0.01676	0.05501	0.01151	0.01669	0.01760	0.01010	0.11468	0.01602	0.03464	0.01160	0.01311	0.00878	0.00719	0.00515	0.00229	0.00641	0.00449	0.00491	0.00888
31	0.01861	0.15103	0.02957	0.16460	0.39354	0.04640	0.01983	0.04996	0.01711	0.02274	0.01322	0.01724	0.01095	0.00686	0.00687	0.00213	0.00901	0.00606	0.00368	0.01060
32	0.03986	0.08725	0.52568	0.06818	0.03103	0.01819	0.02404	0.05759	0.01667	0.04550	0.01374	0.01598	0.00986	0.00719	0.00687	0.00229	0.01022	0.00553	0.00361	0.01073
33	0.06083	0.13516	0.02501	0.02232	0.14382	0.37569	0.01531	0.09564	0.02050	0.02296	0.01239	0.01449	0.01021	0.00737	0.00651	0.00197	0.01082	0.00516	0.00412	0.00972
34	0.02866	0.01411	0.01706	0.01342	0.01858	0.04221	0.01092	0.12334	0.02300	0.46272	0.11771	0.02757	0.02411	0.00980	0.00755	0.00224	0.00648	0.00797	0.00842	0.03413
35	0.01260	0.00805	0.01049	0.00962	0.01171	0.00736	0.00726	0.01590	0.02062	0.09162	0.59057	0.05285	0.08061	0.03646	0.00951	0.00248	0.00388	0.01285	0.00812	0.00744
36	0.00904	0.00646	0.00861	0.01034	0.01077	0.00603	0.00689	0.01034	0.01421	0.01895	0.04092	0.73426	0.04910	0.02326	0.00948	0.00301	0.00431	0.02110	0.00689	0.00603
37	0.00913	0.00753	0.00802	0.00790	0.01025	0.00642	0.00592	0.01135	0.01777	0.02207	0.20264	0.06812	0.56109	0.01805	0.00877	0.00247	0.00371	0.01520	0.00716	0.00642
38	0.01985	0.74357	0.03890	0.01270	0.01905	0.02937	0.01270	0.02223	0.01508	0.01747	0.01032	0.01191	0.00953	0.00635	0.00476	0.00159	0.00794	0.00397	0.00318	0.00953

[dist]
# distance from previous block
# <min> <max>
1	39

[block]
# block no. 9 follows, 27 sequences, length 28
# corresponding to MSA columns:
# 572-599
name=unknown_J
#
# <colnr> <probs for GDERKNQSTAVLIFYWHMCP>
#	G	D	E	R	K	N	Q	S	T	A	V	L	I	F	Y	W	H	M	C	P
0	0.00932	0.00661	0.00869	0.01025	0.01068	0.00623	0.00685	0.01057	0.01399	0.01864	0.03919	0.64518	0.04677	0.09110	0.01219	0.00343	0.00467	0.04307	0.00666	0.00591
1	0.01402	0.01319	0.02227	0.72126	0.05113	0.01649	0.02062	0.01897	0.01484	0.01897	0.01319	0.01979	0.00990	0.00742	0.00742	0.00247	0.00990	0.00660	0.00330	0.00825
