[name]
unknown

[dist]
# distance from previous block
# <min> <max>
0	125

[block]
# block no. 0 follows, 27 sequences, length 73
# corresponding to MSA columns:
# 130-202
name=unknown_A
#
# <colnr> <probs for GDERKNQSTAVLIFYWHMCP>
#	G	D	E	R	K	N	Q	S	T	A	V	L	I	F	Y	W	H	M	C	P
0	0.01752	0.02003	0.04380	0.03129	0.03880	0.01877	0.66583	0.02378	0.01752	0.02378	0.01502	0.02003	0.01126	0.00626	0.00876	0.00250	0.01252	0.00876	0.00375	0.01001
1	0.01129	0.00833	0.01102	0.01237	0.01425	0.00806	0.01062	0.01438	0.01705	0.02176	0.04692	0.08113	0.17992	0.02015	0.00994	0.00322	0.00618	0.50985	0.00685	0.00672
2	0.01874	0.02048	0.02338	0.01998	0.02114	0.16812	0.04684	0.02065	0.01371	0.01821	0.01036	0.01582	0.00978	0.01154	0.01987	0.00293	0.54050	0.00624	0.00339	0.00831
3	0.01275	0.00965	0.01156	0.01135	0.01374	0.00958	0.00906	0.08234	0.06381	0.02658	0.21574	0.11512	0.18941	0.01706	0.00900	0.00272	0.00515	0.18047	0.00731	0.00761
4	0.02773	0.03538	0.02104	0.01913	0.02295	0.70930	0.01434	0.02964	0.02104	0.01817	0.01148	0.01339	0.00956	0.00765	0.00669	0.00191	0.01339	0.00478	0.00383	0.00861
5	0.01539	0.01319	0.01539	0.01100	0.01759	0.00990	0.00880	0.01869	0.01539	0.02419	0.01319	0.01539	0.01100	0.00550	0.00550	0.00110	0.00550	0.00440	0.00440	0.78449
6	0.08657	0.01294	0.01606	0.01283	0.01781	0.01232	0.01044	0.08393	0.06932	0.44754	0.12346	0.02824	0.02498	0.00993	0.00744	0.00231	0.00598	0.00808	0.00842	0.01139
7	0.03331	0.01263	0.01723	0.01321	0.01895	0.01091	0.01091	0.03618	0.02125	0.69794	0.02929	0.02527	0.01838	0.00919	0.00747	0.00230	0.00632	0.00747	0.00919	0.01263
8	0.03268	0.01365	0.01786	0.01369	0.01946	0.01242	0.01131	0.11474	0.02295	0.61698	0.02786	0.02434	0.01766	0.00915	0.00746	0.00229	0.00655	0.00737	0.00897	0.01263
9	0.01489	0.03840	0.70064	0.02116	0.03213	0.01724	0.02743	0.02351	0.01567	0.02351	0.01332	0.01567	0.00940	0.00705	0.00705	0.00235	0.01097	0.00549	0.00313	0.01097
10	0.07804	0.01552	0.08193	0.01465	0.02090	0.01226	0.04547	0.03347	0.02000	0.55944	0.02589	0.02328	0.01653	0.00870	0.00731	0.00231	0.00703	0.00713	0.00806	0.01206
11	0.01739	0.01490	0.01582	0.01430	0.01823	0.01700	0.01110	0.03612	0.59733	0.03043	0.08282	0.03191	0.05812	0.01088	0.00770	0.00250	0.00559	0.00913	0.00757	0.01113
12	0.00879	0.00747	0.00758	0.00766	0.01006	0.00626	0.00570	0.01064	0.01678	0.02000	0.07347	0.10504	0.65731	0.01903	0.00881	0.00253	0.00379	0.01594	0.00689	0.00626
13	0.00944	0.00689	0.00939	0.04123	0.01268	0.00662	0.00765	0.01110	0.01475	0.01972	0.07932	0.64107	0.04848	0.02199	0.00937	0.00296	0.00458	0.03974	0.00681	0.00621
14	0.05493	0.02028	0.02170	0.01669	0.02257	0.02236	0.01378	0.62283	0.03364	0.06977	0.01798	0.01789	0.01267	0.00885	0.00733	0.00223	0.00802	0.00662	0.00739	0.01247
15	0.00904	0.00646	0.00861	0.01034	0.01077	0.00603	0.00689	0.01034	0.01421	0.01895	0.04092	0.73426	0.04910	0.02326	0.00948	0.00301	0.00431	0.02110	0.00689	0.00603
16	0.11755	0.01726	0.01852	0.08033	0.02174	0.05960	0.01297	0.28011	0.02251	0.03302	0.01570	0.01827	0.01211	0.00910	0.00956	0.00234	0.12923	0.00624	0.12407	0.00978
17	0.01723	0.02090	0.08321	0.05597	0.03884	0.01860	0.60311	0.02359	0.01731	0.02359	0.01485	0.01975	0.01110	0.00635	0.00861	0.00249	0.01233	0.00848	0.00370	0.01001
18	0.02822	0.02079	0.02228	0.01708	0.02302	0.02302	0.01411	0.66804	0.03490	0.04679	0.01782	0.01782	0.01262	0.00891	0.00743	0.00223	0.00817	0.00668	0.00743	0.01262
19	0.01767	0.01412	0.01675	0.05531	0.02038	0.01197	0.01027	0.10018	0.01803	0.05531	0.01445	0.01638	0.01144	0.00620	0.00594	0.00137	0.00613	0.00495	0.00491	0.60822
20	0.01656	0.01807	0.03707	0.20365	0.04067	0.01845	0.46295	0.02220	0.01646	0.02220	0.01423	0.01973	0.01082	0.00698	0.00941	0.00254	0.05686	0.00808	0.00361	0.00945
21	0.01539	0.01319	0.01539	0.01100	0.01759	0.00990	0.00880	0.01869	0.01539	0.02419	0.01319	0.01539	0.01100	0.00550	0.00550	0.00110	0.00550	0.00440	0.00440	0.78449
22	0.01061	0.00795	0.01193	0.01193	0.01326	0.00928	0.00928	0.01326	0.01193	0.01723	0.01988	0.02916	0.01856	0.05568	0.70968	0.01193	0.01988	0.00795	0.00398	0.00663
23	0.01791	0.01816	0.03287	0.03612	0.36469	0.01854	0.23145	0.02399	0.06921	0.02406	0.01522	0.01946	0.01228	0.00735	0.00937	0.00242	0.07463	0.00745	0.00397	0.01086
24	0.03100	0.01315	0.01716	0.01350	0.01901	0.01209	0.01104	0.03669	0.12372	0.59410	0.02943	0.02565	0.01904	0.00933	0.00748	0.00233	0.00625	0.00761	0.00893	0.01250
25	0.01384	0.00692	0.00692	0.00692	0.00865	0.00692	0.00519	0.01730	0.01557	0.02768	0.02422	0.02768	0.01903	0.00865	0.00519	0.00173	0.00346	0.00692	0.78031	0.00692
26	0.01702	0.01801	0.03588	0.17677	0.20845	0.01801	0.36889	0.02254	0.01681	0.02291	0.01437	0.01956	0.01111	0.00659	0.00813	0.00242	0.01103	0.00777	0.00364	0.01010
27	0.01072	0.00749	0.00959	0.00959	0.01010	0.00801	0.00636	0.01175	0.01124	0.01550	0.02203	0.04104	0.02372	0.47370	0.29871	0.00904	0.01212	0.00969	0.00430	0.00533
28	0.00877	0.00752	0.00752	0.00752	0.01003	0.00627	0.00564	0.01065	0.01692	0.02005	0.07520	0.07144	0.68978	0.01880	0.00877	0.00251	0.00376	0.01567	0.00689	0.00627
29	0.00902	0.00657	0.00850	0.01004	0.01069	0.00605	0.00676	0.01037	0.01449	0.01907	0.04447	0.66553	0.11553	0.02280	0.00940	0.00296	0.00425	0.02054	0.00689	0.00605
30	0.01513	0.07308	0.66809	0.02074	0.03149	0.01784	0.02670	0.02345	0.01564	0.02321	0.01317	0.01549	0.00941	0.00702	0.00694	0.00231	0.01082	0.00541	0.00314	0.01090
31	0.02731	0.03467	0.02110	0.01914	0.02282	0.68392	0.01441	0.02921	0.02068	0.01816	0.01141	0.01349	0.00957	0.00785	0.00735	0.00196	0.03971	0.00484	0.00380	0.00859
32	0.02822	0.02079	0.02228	0.01708	0.02302	0.02302	0.01411	0.66804	0.03490	0.04679	0.01782	0.01782	0.01262	0.00891	0.00743	0.00223	0.00817	0.00668	0.00743	0.01262
33	0.01712	0.01938	0.04213	0.03029	0.03746	0.01817	0.63439	0.02314	0.01736	0.02355	0.01625	0.05411	0.01307	0.00707	0.00880	0.00253	0.01212	0.00935	0.00390	0.00982
34	0.01045	0.00749	0.00984	0.00988	0.01133	0.00702	0.00737	0.01342	0.01903	0.02652	0.48697	0.16366	0.06177	0.05368	0.01049	0.00280	0.00416	0.07975	0.00765	0.00671
35	0.03021	0.01273	0.01691	0.01283	0.01872	0.01074	0.01055	0.03316	0.02024	0.58148	0.02651	0.02356	0.01710	0.00855	0.00713	0.00209	0.00618	0.00694	0.00836	0.14605
36	0.02616	0.03104	0.02038	0.01829	0.02232	0.54367	0.01388	0.07387	0.13623	0.02231	0.01515	0.01617	0.01204	0.00815	0.00689	0.00204	0.01174	0.00553	0.00471	0.00942
37	0.03331	0.01263	0.01723	0.01321	0.01895	0.01091	0.01091	0.03618	0.02125	0.69794	0.02929	0.02527	0.01838	0.00919	0.00747	0.00230	0.00632	0.00747	0.00919	0.01263
38	0.01423	0.01341	0.02265	0.68798	0.08273	0.01655	0.02072	0.01916	0.01495	0.01923	0.01323	0.01972	0.00999	0.00738	0.00742	0.00246	0.00984	0.00660	0.00332	0.00842
39	0.01080	0.00720	0.00810	0.00810	0.00810	0.00720	0.00450	0.01080	0.01080	0.01439	0.02339	0.04858	0.02699	0.73910	0.03779	0.00720	0.00720	0.01080	0.00450	0.00450
40	0.01747	0.01986	0.04289	0.03078	0.03796	0.01895	0.63765	0.02352	0.01725	0.02352	0.01479	0.01986	0.01120	0.00655	0.00944	0.00254	0.04345	0.00866	0.00373	0.00993
41	0.03331	0.01263	0.01723	0.01321	0.01895	0.01091	0.01091	0.03618	0.02125	0.69794	0.02929	0.02527	0.01838	0.00919	0.00747	0.00230	0.00632	0.00747	0.00919	0.01263
42	0.03331	0.01263	0.01723	0.01321	0.01895	0.01091	0.01091	0.03618	0.02125	0.69794	0.02929	0.02527	0.01838	0.00919	0.00747	0.00230	0.00632	0.00747	0.00919	0.01263
43	0.26329	0.01330	0.01529	0.01224	0.01757	0.01298	0.01007	0.03195	0.04660	0.46745	0.02356	0.02135	0.01541	0.00853	0.00660	0.00231	0.00612	0.00646	0.00772	0.01120
44	0.03181	0.01232	0.01663	0.01286	0.01840	0.01063	0.01059	0.03462	0.02098	0.65645	0.03210	0.02809	0.05946	0.00978	0.00755	0.00231	0.00616	0.00797	0.00905	0.01224
45	0.00877	0.00752	0.00752	0.00752	0.01003	0.00627	0.00564	0.01065	0.01692	0.02005	0.07520	0.07144	0.68978	0.01880	0.00877	0.00251	0.00376	0.01567	0.00689	0.00627
46	0.01439	0.01377	0.02387	0.65516	0.07264	0.01667	0.06057	0.01940	0.01508	0.01945	0.01333	0.01976	0.01005	0.00732	0.00750	0.00247	0.01002	0.00673	0.00334	0.00848
47	0.01817	0.49184	0.23237	0.01560	0.02292	0.02540	0.01725	0.02234	0.01503	0.01927	0.01117	0.01328	0.00950	0.00696	0.00664	0.00191	0.05274	0.00457	0.00317	0.00987
48	0.03313	0.01292	0.01740	0.01334	0.01909	0.01133	0.01102	0.05827	0.02173	0.67517	0.02889	0.02501	0.01818	0.00918	0.00746	0.00229	0.00638	0.00744	0.00913	0.01263
49	0.03306	0.01304	0.01748	0.01340	0.01915	0.01151	0.01107	0.06730	0.02192	0.66587	0.02872	0.02490	0.01809	0.00917	0.00746	0.00229	0.00641	0.00743	0.00910	0.01263
50	0.00911	0.00726	0.00821	0.00889	0.01068	0.00637	0.00653	0.01092	0.01608	0.01987	0.06154	0.28233	0.43631	0.02035	0.00911	0.00274	0.00417	0.06639	0.00689	0.00624
51	0.01402	0.01319	0.02227	0.72126	0.05113	0.01649	0.02062	0.01897	0.01484	0.01897	0.01319	0.01979	0.00990	0.00742	0.00742	0.00247	0.00990	0.00660	0.00330	0.00825
52	0.01489	0.03840	0.70064	0.02116	0.03213	0.01724	0.02743	0.02351	0.01567	0.02351	0.01332	0.01567	0.00940	0.00705	0.00705	0.00235	0.01097	0.00549	0.00313	0.01097
53	0.01289	0.00645	0.00967	0.00967	0.00967	0.00645	0.00645	0.00967	0.00967	0.01289	0.01289	0.02257	0.01289	0.02579	0.02901	0.78401	0.00645	0.00645	0.00322	0.00322
54	0.24400	0.01575	0.01621	0.01317	0.01789	0.01717	0.01074	0.30842	0.02480	0.08569	0.14936	0.02415	0.02309	0.00959	0.00688	0.00227	0.00642	0.00731	0.00689	0.01020
55	0.01177	0.00806	0.00929	0.00918	0.00974	0.00814	0.00577	0.05206	0.01331	0.01781	0.05173	0.10890	0.03052	0.56666	0.03090	0.00614	0.00684	0.04267	0.00515	0.00535
56	0.00904	0.00646	0.00861	0.01034	0.01077	0.00603	0.00689	0.01034	0.01421	0.01895	0.04092	0.73426	0.04910	0.02326	0.00948	0.00301	0.00431	0.02110	0.00689	0.00603
57	0.02331	0.05960	0.16808	0.01680	0.02331	0.05198	0.01591	0.22327	0.18025	0.13042	0.02079	0.02028	0.01485	0.00863	0.00721	0.00229	0.00820	0.00672	0.00640	0.01171
58	0.04795	0.04606	0.01696	0.01308	0.01793	0.03923	0.01060	0.12289	0.13333	0.25541	0.05440	0.03069	0.12021	0.01052	0.00738	0.00225	0.00630	0.00844	0.00743	0.04891
59	0.01832	0.54477	0.15566	0.01439	0.02103	0.02576	0.01524	0.02184	0.01530	0.01918	0.04425	0.01494	0.01250	0.00724	0.00634	0.00184	0.04356	0.00483	0.00342	0.00959
60	0.01745	0.50344	0.14249	0.01352	0.01985	0.02360	0.01415	0.02105	0.01618	0.02054	0.12561	0.01989	0.01975	0.00796	0.00581	0.00184	0.00769	0.00582	0.00401	0.00934
61	0.01766	0.01691	0.02884	0.15624	0.58770	0.01745	0.02243	0.02216	0.01657	0.02339	0.01384	0.01861	0.01145	0.00675	0.00736	0.00225	0.00900	0.00661	0.00361	0.01118
62	0.14673	0.01420	0.02103	0.38645	0.17834	0.01636	0.01777	0.02087	0.04774	0.02318	0.01676	0.02111	0.04405	0.00785	0.00700	0.00239	0.00846	0.00670	0.00398	0.00904
63	0.33472	0.01977	0.04119	0.01583	0.05278	0.07257	0.01256	0.30505	0.02333	0.03726	0.01398	0.01512	0.01039	0.00782	0.00621	0.00223	0.00772	0.00542	0.00568	0.01037
64	0.00904	0.00646	0.00861	0.01034	0.01077	0.00603	0.00689	0.01034	0.01421	0.01895	0.04092	0.73426	0.04910	0.02326	0.00948	0.00301	0.00431	0.02110	0.00689	0.00603
65	0.00894	0.00753	0.00776	0.00770	0.01013	0.00634	0.00577	0.01098	0.01732	0.02101	0.13526	0.06988	0.62913	0.01845	0.00877	0.00249	0.00373	0.01545	0.00702	0.00634
66	0.05358	0.02043	0.02161	0.05250	0.02398	0.04354	0.01413	0.56563	0.06064	0.04334	0.01767	0.01801	0.01267	0.00878	0.00731	0.00225	0.00823	0.00660	0.00701	0.01208
67	0.01079	0.00723	0.00829	0.00829	0.00835	0.00730	0.00473	0.01092	0.01085	0.01453	0.02322	0.04763	0.02657	0.70549	0.07083	0.00743	0.00782	0.01066	0.00447	0.00460
68	0.01384	0.00692	0.00692	0.00692	0.00865	0.00692	0.00519	0.01730	0.01557	0.02768	0.02422	0.02768	0.01903	0.00865	0.00519	0.00173	0.00346	0.00692	0.78031	0.00692
69	0.00941	0.00661	0.00851	0.00987	0.01022	0.00627	0.00640	0.01043	0.01351	0.01801	0.03730	0.59282	0.04454	0.17092	0.01532	0.00388	0.00490	0.01898	0.00640	0.00571
70	0.14787	0.01321	0.01456	0.01258	0.01513	0.04815	0.04250	0.07064	0.01601	0.02717	0.01736	0.02145	0.01417	0.02897	0.01022	0.00236	0.14894	0.00642	0.33430	0.00798
71	0.01430	0.01036	0.01285	0.01177	0.01363	0.01145	0.00876	0.14754	0.01631	0.02243	0.02057	0.03300	0.02001	0.26323	0.35129	0.00842	0.01344	0.00860	0.00485	0.00719
72	0.01690	0.00905	0.01172	0.01021	0.01323	0.00804	0.00795	0.01999	0.02052	0.22264	0.41259	0.04888	0.14043	0.01394	0.00838	0.00235	0.00436	0.01200	0.00829	0.00854

[dist]
# distance from previous block
# <min> <max>
0	3

[block]
# block no. 1 follows, 27 sequences, length 94
# corresponding to MSA columns:
# 206-299
name=unknown_B
#
# <colnr> <probs for GDERKNQSTAVLIFYWHMCP>
#	G	D	E	R	K	N	Q	S	T	A	V	L	I	F	Y	W	H	M	C	P
0	0.06608	0.01271	0.01696	0.01306	0.01875	0.01116	0.01079	0.03556	0.02088	0.66921	0.02847	0.02470	0.01793	0.00909	0.00734	0.00230	0.00629	0.00732	0.00899	0.01244
1	0.10985	0.02150	0.02050	0.04705	0.02282	0.13135	0.01373	0.38777	0.07081	0.03681	0.01614	0.01713	0.01201	0.00874	0.00799	0.00227	0.05023	0.00619	0.00613	0.01097
2	0.02716	0.01950	0.02116	0.01647	0.02204	0.02139	0.01350	0.59790	0.03296	0.07222	0.01984	0.06570	0.01529	0.00988	0.00756	0.00228	0.00784	0.00767	0.00746	0.01219
3	0.01834	0.01518	0.01846	0.01358	0.01990	0.01338	0.04806	0.17082	0.02005	0.02931	0.01517	0.03649	0.01247	0.00684	0.00625	0.00150	0.00650	0.00566	0.00514	0.53690
4	0.01612	0.21385	0.53599	0.01905	0.02888	0.02026	0.02376	0.02319	0.01553	0.02201	0.01258	0.01474	0.00943	0.00688	0.00648	0.00216	0.01022	0.00511	0.00314	0.01061
5	0.66180	0.01478	0.01266	0.04656	0.01711	0.01698	0.00929	0.07637	0.01491	0.05678	0.01177	0.01339	0.00888	0.00717	0.00507	0.00230	0.00618	0.00449	0.00493	0.00859
6	0.01061	0.00795	0.01193	0.01193	0.01326	0.00928	0.00928	0.01326	0.01193	0.01723	0.01988	0.02916	0.01856	0.05568	0.70968	0.01193	0.01988	0.00795	0.00398	0.00663
7	0.01051	0.00759	0.00992	0.00934	0.01109	0.00700	0.00700	0.01401	0.02101	0.02977	0.68888	0.05545	0.07005	0.01518	0.00876	0.00233	0.00350	0.01343	0.00817	0.00700
8	0.01485	0.01568	0.03245	0.02446	0.02967	0.01471	0.45345	0.01946	0.01634	0.02207	0.02275	0.22634	0.02269	0.03658	0.00997	0.00281	0.00997	0.01238	0.00468	0.00868
9	0.02938	0.01392	0.01750	0.01369	0.01902	0.01329	0.01121	0.15749	0.05789	0.47295	0.08979	0.02681	0.02239	0.00975	0.00759	0.00230	0.00639	0.00793	0.00866	0.01205
10	0.01837	0.01764	0.03013	0.04557	0.69279	0.01764	0.02278	0.02278	0.01690	0.02425	0.01396	0.01837	0.01176	0.00661	0.00735	0.00220	0.00882	0.00661	0.00367	0.01176
11	0.01036	0.00758	0.00971	0.00918	0.01100	0.00694	0.00689	0.01372	0.02066	0.02892	0.63542	0.05685	0.12403	0.01549	0.00876	0.00235	0.00352	0.01362	0.00806	0.00694
12	0.02990	0.01811	0.02062	0.01580	0.02168	0.01903	0.01306	0.45988	0.03041	0.26131	0.02160	0.02028	0.01452	0.00900	0.00744	0.00225	0.00756	0.00694	0.00801	0.01263
13	0.02848	0.02038	0.02202	0.01688	0.02282	0.02241	0.01395	0.63602	0.03421	0.07979	0.01840	0.01820	0.01292	0.00893	0.00743	0.00223	0.00808	0.00672	0.00752	0.01263
14	0.01041	0.00751	0.00984	0.00941	0.01107	0.00694	0.00700	0.01377	0.02056	0.02905	0.64586	0.10052	0.06866	0.01571	0.00880	0.00238	0.00356	0.01394	0.00809	0.00694
15	0.08365	0.01275	0.01681	0.01298	0.01865	0.01129	0.01072	0.03523	0.02068	0.65381	0.02803	0.02439	0.01769	0.00904	0.00727	0.00230	0.00628	0.00724	0.00888	0.01233
16	0.03204	0.01348	0.01761	0.01363	0.01930	0.01232	0.01122	0.08719	0.06049	0.60692	0.02842	0.02481	0.01816	0.00922	0.00747	0.00230	0.00644	0.00746	0.00895	0.01258
17	0.01752	0.02003	0.04380	0.03129	0.03880	0.01877	0.66583	0.02378	0.01752	0.02378	0.01502	0.02003	0.01126	0.00626	0.00876	0.00250	0.01252	0.00876	0.00375	0.01001
18	0.00915	0.00654	0.00874	0.01046	0.01094	0.00612	0.00708	0.01052	0.01432	0.01907	0.04086	0.71047	0.04887	0.02316	0.00950	0.00303	0.00440	0.04384	0.00689	0.00606
19	0.01062	0.00793	0.01021	0.01144	0.01317	0.00752	0.00941	0.01328	0.01659	0.02110	0.04953	0.18217	0.22338	0.02046	0.00972	0.00310	0.00559	0.37136	0.00686	0.00655
20	0.01837	0.01764	0.03013	0.04557	0.69279	0.01764	0.02278	0.02278	0.01690	0.02425	0.01396	0.01837	0.01176	0.00661	0.00735	0.00220	0.00882	0.00661	0.00367	0.01176
21	0.01402	0.01319	0.02227	0.72126	0.05113	0.01649	0.02062	0.01897	0.01484	0.01897	0.01319	0.01979	0.00990	0.00742	0.00742	0.00247	0.00990	0.00660	0.00330	0.00825
22	0.79154	0.01436	0.01091	0.00976	0.01436	0.01665	0.00804	0.02182	0.01263	0.03331	0.01034	0.01206	0.00804	0.00689	0.00459	0.00230	0.00574	0.00402	0.00459	0.00804
23	0.01289	0.00645	0.00967	0.00967	0.00967	0.00645	0.00645	0.00967	0.00967	0.01289	0.01289	0.02257	0.01289	0.02579	0.02901	0.78401	0.00645	0.00645	0.00322	0.00322
24	0.00933	0.00704	0.00909	0.01035	0.01105	0.00680	0.00713	0.01072	0.01446	0.01906	0.04431	0.60999	0.13667	0.02218	0.01004	0.00295	0.03624	0.01970	0.00673	0.00616
25	0.01679	0.30860	0.44708	0.01792	0.02712	0.02189	0.02179	0.02302	0.01545	0.02119	0.01217	0.01423	0.00945	0.00678	0.00618	0.00206	0.00981	0.00490	0.00315	0.01042
26	0.01075	0.00721	0.00827	0.00843	0.00852	0.00719	0.00491	0.01095	0.01122	0.01493	0.02491	0.08537	0.02874	0.67437	0.03526	0.00684	0.00703	0.03573	0.00471	0.00467
27	0.02040	0.01689	0.05322	0.01586	0.02076	0.01710	0.05034	0.17613	0.30494	0.08702	0.07721	0.03033	0.04852	0.01052	0.00781	0.00245	0.00686	0.03533	0.00720	0.01111
28	0.02723	0.01404	0.03591	0.01322	0.01905	0.01201	0.01107	0.08128	0.05021	0.43682	0.05273	0.02385	0.01859	0.00867	0.00712	0.00207	0.00629	0.00704	0.00782	0.16500
29	0.12272	0.01397	0.01670	0.01323	0.01849	0.01370	0.01083	0.13406	0.06050	0.42505	0.07335	0.02481	0.02021	0.00935	0.00721	0.00230	0.00631	0.00741	0.00818	0.01161
30	0.01572	0.09080	0.53877	0.02219	0.03222	0.01845	0.13300	0.02345	0.01594	0.02308	0.01337	0.01610	0.00972	0.00686	0.00716	0.00232	0.01099	0.00591	0.00324	0.01070
31	0.01837	0.01764	0.03013	0.04557	0.69279	0.01764	0.02278	0.02278	0.01690	0.02425	0.01396	0.01837	0.01176	0.00661	0.00735	0.00220	0.00882	0.00661	0.00367	0.01176
32	0.01508	0.11322	0.57254	0.01928	0.02900	0.01775	0.02417	0.02261	0.01604	0.02335	0.06733	0.01846	0.01429	0.00763	0.00694	0.00227	0.01004	0.00596	0.00354	0.01049
33	0.09665	0.01255	0.01464	0.01236	0.01665	0.01260	0.00982	0.02949	0.20490	0.25125	0.18530	0.03141	0.03061	0.01046	0.00742	0.00231	0.00542	0.00867	0.00779	0.04970
34	0.01073	0.00717	0.00812	0.00818	0.00820	0.00715	0.00459	0.01078	0.01093	0.01457	0.02407	0.07506	0.02784	0.71146	0.03669	0.00704	0.00709	0.01119	0.00459	0.00456
35	0.01076	0.00721	0.00826	0.00840	0.00848	0.00719	0.00487	0.01094	0.01117	0.01488	0.02476	0.08122	0.02856	0.68095	0.03552	0.00687	0.00705	0.03359	0.00469	0.00465
36	0.01155	0.00919	0.01361	0.01277	0.01447	0.01007	0.04692	0.03662	0.01403	0.01953	0.05476	0.13079	0.06897	0.07183	0.40855	0.00816	0.04583	0.01060	0.00486	0.00691
37	0.01666	0.02604	0.25896	0.02797	0.03661	0.01827	0.45671	0.02369	0.01692	0.02369	0.01446	0.01860	0.01065	0.00652	0.00820	0.00245	0.01201	0.00769	0.00355	0.01033
38	0.00990	0.00756	0.00908	0.00870	0.01072	0.00674	0.00652	0.01283	0.01957	0.02635	0.47271	0.06109	0.28835	0.01645	0.00876	0.00240	0.00359	0.01422	0.00772	0.00674
39	0.02181	0.02526	0.02320	0.19314	0.15800	0.36047	0.01761	0.02491	0.01806	0.01951	0.01224	0.01609	0.01008	0.00778	0.00827	0.00220	0.06295	0.00569	0.00363	0.00909
40	0.01730	0.01924	0.04106	0.03153	0.09019	0.01815	0.58033	0.02327	0.01745	0.02374	0.01619	0.02318	0.01293	0.00702	0.00872	0.00253	0.01192	0.04135	0.00391	0.00999
41	0.03305	0.01305	0.01748	0.01340	0.01916	0.01152	0.01107	0.06820	0.02194	0.66493	0.02871	0.02489	0.01809	0.00917	0.00746	0.00229	0.00641	0.00743	0.00910	0.01263
42	0.01015	0.00813	0.00888	0.00848	0.01092	0.00723	0.00642	0.04081	0.01892	0.02410	0.25317	0.06436	0.47743	0.01730	0.00871	0.00244	0.00388	0.01461	0.00729	0.00677
43	0.01322	0.00995	0.01158	0.01134	0.01306	0.04076	0.00836	0.05773	0.01833	0.05912	0.23331	0.33748	0.08473	0.01765	0.00960	0.00265	0.04136	0.01532	0.00711	0.00734
44	0.79154	0.01436	0.01091	0.00976	0.01436	0.01665	0.00804	0.02182	0.01263	0.03331	0.01034	0.01206	0.00804	0.00689	0.00459	0.00230	0.00574	0.00402	0.00459	0.00804
45	0.06504	0.01490	0.01548	0.01283	0.01706	0.05016	0.01027	0.24349	0.04845	0.12457	0.13179	0.03431	0.14218	0.01150	0.00758	0.00228	0.00626	0.00923	0.04273	0.00988
46	0.01597	0.04646	0.02333	0.15249	0.02548	0.02183	0.01692	0.01826	0.01219	0.01806	0.01042	0.01673	0.00976	0.01165	0.02032	0.00303	0.55922	0.00641	0.00325	0.00820
47	0.79154	0.01436	0.01091	0.00976	0.01436	0.01665	0.00804	0.02182	0.01263	0.03331	0.01034	0.01206	0.00804	0.00689	0.00459	0.00230	0.00574	0.00402	0.00459	0.00804
48	0.00948	0.00699	0.00888	0.00958	0.01076	0.00639	0.00674	0.01159	0.01686	0.02267	0.25881	0.40979	0.15430	0.01992	0.00913	0.00271	0.00396	0.01775	0.00731	0.00639
49	0.01904	0.60692	0.09564	0.01414	0.02025	0.02762	0.01436	0.02190	0.01476	0.01804	0.01053	0.01268	0.00954	0.00709	0.00697	0.00183	0.08164	0.00436	0.00318	0.00951
50	0.01198	0.00823	0.01075	0.01026	0.01227	0.00778	0.00797	0.01607	0.04387	0.05851	0.55428	0.05670	0.06263	0.01540	0.00885	0.00248	0.00413	0.09242	0.00803	0.00740
51	0.01752	0.02003	0.04380	0.03129	0.03880	0.01877	0.66583	0.02378	0.01752	0.02378	0.01502	0.02003	0.01126	0.00626	0.00876	0.00250	0.01252	0.00876	0.00375	0.01001
52	0.01080	0.00720	0.00810	0.00810	0.00810	0.00720	0.00450	0.01080	0.01080	0.01439	0.02339	0.04858	0.02699	0.73910	0.03779	0.00720	0.00720	0.01080	0.00450	0.00450
53	0.01399	0.00956	0.01042	0.00946	0.01260	0.00887	0.00733	0.05501	0.07242	0.10424	0.10090	0.05599	0.44103	0.01562	0.00826	0.00242	0.00446	0.01298	0.04653	0.00792
54	0.79154	0.01436	0.01091	0.00976	0.01436	0.01665	0.00804	0.02182	0.01263	0.03331	0.01034	0.01206	0.00804	0.00689	0.00459	0.00230	0.00574	0.00402	0.00459	0.00804
55	0.00913	0.00724	0.00821	0.00858	0.01040	0.00632	0.00620	0.01111	0.01685	0.02133	0.16547	0.24938	0.41468	0.01943	0.00896	0.00262	0.00387	0.01678	0.00710	0.00632
56	0.02489	0.02914	0.02214	0.02194	0.10212	0.46851	0.01538	0.07053	0.05859	0.02151	0.01310	0.01541	0.01081	0.00832	0.00875	0.00215	0.08763	0.00552	0.00420	0.00938
57	0.01068	0.00722	0.00806	0.00806	0.00821	0.00714	0.00456	0.01079	0.01115	0.01472	0.02639	0.04991	0.06540	0.69736	0.03610	0.00693	0.00700	0.01108	0.00464	0.00460
58	0.00904	0.00646	0.00861	0.01034	0.01077	0.00603	0.00689	0.01034	0.01421	0.01895	0.04092	0.73426	0.04910	0.02326	0.00948	0.00301	0.00431	0.02110	0.00689	0.00603
59	0.01489	0.03840	0.70064	0.02116	0.03213	0.01724	0.02743	0.02351	0.01567	0.02351	0.01332	0.01567	0.00940	0.00705	0.00705	0.00235	0.01097	0.00549	0.00313	0.01097
60	0.02848	0.02038	0.02202	0.01688	0.02282	0.02241	0.01395	0.63602	0.03421	0.07979	0.01840	0.01820	0.01292	0.00893	0.00743	0.00223	0.00808	0.00672	0.00752	0.01263
61	0.00904	0.00646	0.00861	0.01034	0.01077	0.00603	0.00689	0.01034	0.01421	0.01895	0.04092	0.73426	0.04910	0.02326	0.00948	0.00301	0.00431	0.02110	0.00689	0.00603
62	0.01032	0.00749	0.00972	0.00934	0.01102	0.00690	0.00694	0.01357	0.02030	0.02849	0.61105	0.11072	0.09432	0.01598	0.00881	0.00240	0.00358	0.01414	0.00802	0.00690
63	0.02822	0.02079	0.02228	0.01708	0.02302	0.02302	0.01411	0.66804	0.03490	0.04679	0.01782	0.01782	0.01262	0.00891	0.00743	0.00223	0.00817	0.00668	0.00743	0.01262
64	0.01489	0.03840	0.70064	0.02116	0.03213	0.01724	0.02743	0.02351	0.01567	0.02351	0.01332	0.01567	0.00940	0.00705	0.00705	0.00235	0.01097	0.00549	0.00313	0.01097
65	0.01080	0.00720	0.00810	0.00810	0.00810	0.00720	0.00450	0.01080	0.01080	0.01439	0.02339	0.04858	0.02699	0.73910	0.03779	0.00720	0.00720	0.01080	0.00450	0.00450
66	0.02769	0.01970	0.02140	0.01656	0.02226	0.02159	0.01361	0.60300	0.03322	0.08332	0.01949	0.04922	0.01453	0.00955	0.00752	0.00227	0.00789	0.00735	0.00751	0.01234
67	0.01539	0.01319	0.01539	0.01100	0.01759	0.00990	0.00880	0.01869	0.01539	0.02419	0.01319	0.01539	0.01100	0.00550	0.00550	0.00110	0.00550	0.00440	0.00440	0.78449
68	0.02757	0.02047	0.02191	0.01695	0.02277	0.02272	0.01395	0.62631	0.07769	0.04574	0.01865	0.01848	0.01329	0.00899	0.00743	0.00225	0.00802	0.00680	0.00743	0.01257
69	0.01846	0.01595	0.01679	0.01511	0.01930	0.01846	0.01175	0.03945	0.67938	0.03105	0.03022	0.02770	0.02266	0.01007	0.00755	0.00252	0.00588	0.00839	0.00755	0.01175
70	0.02822	0.02079	0.02228	0.01708	0.02302	0.02302	0.01411	0.66804	0.03490	0.04679	0.01782	0.01782	0.01262	0.00891	0.00743	0.00223	0.00817	0.00668	0.00743	0.01262
71	0.02458	0.01898	0.02023	0.01634	0.02163	0.02132	0.01323	0.43336	0.27552	0.04091	0.02245	0.02151	0.01637	0.00934	0.00747	0.00234	0.00731	0.00732	0.00747	0.01230
72	0.03025	0.01215	0.01641	0.01272	0.01810	0.01047	0.01043	0.03321	0.02098	0.60221	0.09524	0.02790	0.02329	0.00964	0.00751	0.00225	0.00600	0.00794	0.00888	0.04440
73	0.01178	0.00849	0.01171	0.01332	0.01507	0.00841	0.01160	0.01511	0.01708	0.02209	0.04139	0.08303	0.08022	0.02041	0.01017	0.00337	0.00666	0.60648	0.00684	0.00680
74	0.54844	0.01492	0.01362	0.01139	0.01638	0.01648	0.00940	0.11302	0.01726	0.15653	0.01482	0.01526	0.01056	0.00759	0.00551	0.00229	0.00618	0.00501	0.00582	0.00951
75	0.00937	0.00691	0.00952	0.05754	0.01345	0.00672	0.00780	0.01091	0.01426	0.01895	0.03908	0.68682	0.04650	0.02221	0.00934	0.00298	0.00468	0.02014	0.00665	0.00618
76	0.01539	0.01319	0.01539	0.01100	0.01759	0.00990	0.00880	0.01869	0.01539	0.02419	0.01319	0.01539	0.01100	0.00550	0.00550	0.00110	0.00550	0.00440	0.00440	0.78449
77	0.01402	0.01319	0.02227	0.72126	0.05113	0.01649	0.02062	0.01897	0.01484	0.01897	0.01319	0.01979	0.00990	0.00742	0.00742	0.00247	0.00990	0.00660	0.00330	0.00825
78	0.01489	0.03840	0.70064	0.02116	0.03213	0.01724	0.02743	0.02351	0.01567	0.02351	0.01332	0.01567	0.00940	0.00705	0.00705	0.00235	0.01097	0.00549	0.00313	0.01097
79	0.01080	0.00720	0.00810	0.00810	0.00810	0.00720	0.00450	0.01080	0.01080	0.01439	0.02339	0.04858	0.02699	0.73910	0.03779	0.00720	0.00720	0.01080	0.00450	0.00450
80	0.01624	0.01624	0.02274	0.01949	0.01949	0.02274	0.01624	0.01787	0.01137	0.01787	0.00975	0.01624	0.00975	0.01299	0.02436	0.00325	0.72552	0.00650	0.00325	0.00812
81	0.01539	0.09787	0.62475	0.02074	0.03122	0.01832	0.04520	0.02341	0.01568	0.02300	0.01312	0.01548	0.00947	0.00697	0.00691	0.00229	0.01076	0.00545	0.00316	0.01082
82	0.01915	0.02248	0.04017	0.02935	0.03627	0.12908	0.56176	0.02472	0.01808	0.02288	0.01445	0.01896	0.01099	0.00648	0.00843	0.00241	0.01265	0.00813	0.00377	0.00979
83	0.01384	0.00692	0.00692	0.00692	0.00865	0.00692	0.00519	0.01730	0.01557	0.02768	0.02422	0.02768	0.01903	0.00865	0.00519	0.00173	0.00346	0.00692	0.78031	0.00692
84	0.01409	0.01299	0.02145	0.61038	0.06998	0.01604	0.01937	0.01868	0.01477	0.01948	0.01451	0.04514	0.01172	0.00825	0.00815	0.00249	0.04115	0.00712	0.03599	0.00824
85	0.01413	0.01235	0.01838	0.17178	0.18929	0.01311	0.01491	0.01998	0.09270	0.02419	0.14871	0.04112	0.09666	0.01194	0.00820	0.00252	0.00695	0.09856	0.00563	0.00889
86	0.02680	0.01973	0.02127	0.01658	0.02212	0.02177	0.01358	0.61942	0.03337	0.04473	0.01953	0.07079	0.01532	0.00997	0.00758	0.00229	0.00788	0.00775	0.00739	0.01214
87	0.00944	0.00663	0.00850	0.00983	0.01017	0.00629	0.00635	0.01044	0.01344	0.01793	0.03697	0.58000	0.04413	0.18430	0.01584	0.00396	0.00496	0.01879	0.00635	0.00569
88	0.01515	0.07484	0.66645	0.02072	0.03145	0.01787	0.02667	0.02344	0.01564	0.02320	0.01317	0.01548	0.00941	0.00702	0.00693	0.00231	0.01081	0.00541	0.00314	0.01090
89	0.01199	0.01089	0.01899	0.10013	0.02238	0.01107	0.15803	0.01496	0.01520	0.02048	0.05982	0.41951	0.03480	0.01663	0.00981	0.00282	0.04406	0.01548	0.00562	0.00735
90	0.05699	0.25438	0.19950	0.01723	0.02369	0.29056	0.01689	0.02543	0.01744	0.02001	0.01154	0.01345	0.00944	0.00706	0.00609	0.00194	0.01073	0.00467	0.00348	0.00947
91	0.01142	0.00909	0.01172	0.01163	0.01286	0.04099	0.00873	0.01360	0.01216	0.01681	0.02007	0.03162	0.01953	0.16532	0.56754	0.01070	0.01751	0.00827	0.00406	0.00637
92	0.00924	0.00660	0.00884	0.01056	0.01107	0.00620	0.00723	0.01067	0.01440	0.01917	0.04081	0.69107	0.04868	0.02308	0.00953	0.00304	0.00447	0.06238	0.00689	0.00608
93	0.01837	0.01764	0.03013	0.04557	0.69279	0.01764	0.02278	0.02278	0.01690	0.02425	0.01396	0.01837	0.01176	0.00661	0.00735	0.00220	0.00882	0.00661	0.00367	0.01176

[dist]
# distance from previous block
# <min> <max>
0	5

[block]
# block no. 2 follows, 27 sequences, length 48
# corresponding to MSA columns:
# 305-352
name=unknown_C
#
# <colnr> <probs for GDERKNQSTAVLIFYWHMCP>
#	G	D	E	R	K	N	Q	S	T	A	V	L	I	F	Y	W	H	M	C	P
0	0.07265	0.01528	0.01511	0.01416	0.01760	0.07246	0.01107	0.05050	0.37244	0.02826	0.06237	0.10546	0.02781	0.01251	0.00786	0.00260	0.00640	0.08874	0.00690	0.00982
1	0.01059	0.00716	0.00811	0.00823	0.00837	0.00707	0.00472	0.01076	0.01130	0.01496	0.02682	0.09857	0.05638	0.65770	0.03454	0.00670	0.00685	0.01174	0.00477	0.00468
2	0.01061	0.00795	0.01193	0.01193	0.01326	0.00928	0.00928	0.01326	0.01193	0.01723	0.01988	0.02916	0.01856	0.05568	0.70968	0.01193	0.01988	0.00795	0.00398	0.00663
3	0.01680	0.01115	0.01450	0.01199	0.01509	0.01156	0.08793	0.12849	0.01897	0.03016	0.02159	0.02474	0.01672	0.00853	0.00656	0.00195	0.02629	0.00709	0.53160	0.00830
4	0.01289	0.00645	0.00967	0.00967	0.00967	0.00645	0.00645	0.00967	0.00967	0.01289	0.01289	0.02257	0.01289	0.02579	0.02901	0.78401	0.00645	0.00645	0.00322	0.00322
5	0.02917	0.01283	0.01663	0.01325	0.01845	0.01191	0.01077	0.03514	0.13222	0.53770	0.07661	0.02784	0.02279	0.00977	0.00757	0.00234	0.00604	0.00805	0.00884	0.01208
6	0.01639	0.01708	0.03389	0.19829	0.08886	0.01722	0.38340	0.04290	0.01713	0.02301	0.01673	0.07877	0.01414	0.00806	0.00834	0.00251	0.01077	0.00902	0.00402	0.00947
7	0.08249	0.51074	0.14860	0.01439	0.02093	0.02577	0.01509	0.02210	0.01472	0.01984	0.01079	0.01287	0.00940	0.00699	0.00654	0.00190	0.05959	0.00441	0.00329	0.00955
8	0.03331	0.01263	0.01723	0.01321	0.01895	0.01091	0.01091	0.03618	0.02125	0.69794	0.02929	0.02527	0.01838	0.00919	0.00747	0.00230	0.00632	0.00747	0.00919	0.01263
9	0.03331	0.01263	0.01723	0.01321	0.01895	0.01091	0.01091	0.03618	0.02125	0.69794	0.02929	0.02527	0.01838	0.00919	0.00747	0.00230	0.00632	0.00747	0.00919	0.01263
10	0.01150	0.00890	0.01271	0.01186	0.01370	0.00851	0.06158	0.05147	0.01791	0.02445	0.26197	0.32643	0.07106	0.06924	0.01105	0.00297	0.00512	0.01565	0.00694	0.00698
11	0.08895	0.02154	0.02103	0.01656	0.02216	0.09710	0.01352	0.52086	0.03106	0.06943	0.01701	0.01719	0.01216	0.00862	0.00712	0.00220	0.00847	0.00630	0.00688	0.01182
12	0.01140	0.00779	0.01021	0.00949	0.01140	0.00716	0.00716	0.01488	0.02102	0.05608	0.66291	0.05426	0.06801	0.01494	0.00870	0.00233	0.00361	0.01319	0.00821	0.00723
13	0.02179	0.01706	0.01826	0.01553	0.02027	0.01929	0.01233	0.20526	0.47594	0.06892	0.02690	0.02497	0.01979	0.00972	0.00752	0.00243	0.00650	0.00789	0.00760	0.01203
14	0.05116	0.05920	0.02232	0.02149	0.10812	0.47465	0.01492	0.06392	0.07512	0.02206	0.01360	0.01535	0.01104	0.00771	0.00674	0.00202	0.01141	0.00536	0.00431	0.00951
15	0.01756	0.01925	0.08395	0.15204	0.38126	0.04622	0.08787	0.04375	0.01730	0.02357	0.01667	0.02072	0.04162	0.00742	0.00752	0.00230	0.00950	0.00707	0.00385	0.01057
16	0.00877	0.00752	0.00752	0.00752	0.01003	0.00627	0.00564	0.01065	0.01692	0.02005	0.07520	0.07144	0.68978	0.01880	0.00877	0.00251	0.00376	0.01567	0.00689	0.00627
17	0.01438	0.01048	0.01164	0.01073	0.01391	0.01039	0.00833	0.02207	0.20610	0.09368	0.14401	0.05246	0.32120	0.01488	0.00834	0.00250	0.00469	0.03412	0.00750	0.00860
18	0.05573	0.09460	0.52724	0.02014	0.02967	0.07545	0.05093	0.02384	0.01599	0.02307	0.01284	0.01517	0.00944	0.00700	0.00678	0.00226	0.01072	0.00537	0.00329	0.01047
19	0.02814	0.01995	0.02168	0.01659	0.02254	0.02170	0.01370	0.60042	0.03325	0.09256	0.01848	0.01827	0.01298	0.00881	0.00736	0.00219	0.00794	0.00666	0.00745	0.03930
20	0.02002	0.44335	0.07546	0.01543	0.02089	0.09525	0.04322	0.02326	0.03245	0.04430	0.01241	0.01520	0.01084	0.03028	0.00867	0.00212	0.08868	0.00510	0.00365	0.00941
21	0.02906	0.01847	0.02018	0.01578	0.02143	0.05017	0.01291	0.38763	0.08056	0.25222	0.02217	0.02077	0.01511	0.00903	0.00742	0.00226	0.00764	0.00698	0.00783	0.01238
22	0.02375	0.06294	0.22661	0.01583	0.02277	0.01558	0.01611	0.13768	0.02118	0.27370	0.06617	0.02314	0.01796	0.03308	0.00828	0.00243	0.00798	0.00705	0.00647	0.01129
23	0.01219	0.00807	0.00984	0.00911	0.01151	0.00714	0.00693	0.01508	0.01966	0.09296	0.41635	0.05784	0.27387	0.01580	0.00863	0.00239	0.00387	0.01359	0.00784	0.00732
24	0.01704	0.05084	0.01720	0.01185	0.01809	0.01244	0.00961	0.10392	0.01789	0.02660	0.01482	0.04570	0.01273	0.00674	0.00588	0.00135	0.00592	0.00538	0.00484	0.61113
25	0.01498	0.03777	0.67813	0.02151	0.03236	0.01729	0.04931	0.02352	0.01574	0.02352	0.01338	0.01582	0.00947	0.00703	0.00711	0.00236	0.01102	0.00560	0.00316	0.01094
26	0.01258	0.03276	0.01133	0.00964	0.01193	0.00803	0.00742	0.01588	0.02054	0.08386	0.56768	0.05264	0.10806	0.01464	0.00852	0.00232	0.00390	0.01278	0.00800	0.00750
27	0.01801	0.01727	0.02948	0.10138	0.63979	0.01754	0.02260	0.02247	0.01673	0.02382	0.01390	0.01849	0.01161	0.00668	0.00736	0.00223	0.00891	0.00661	0.00364	0.01147
28	0.01162	0.00784	0.01028	0.00953	0.01148	0.00720	0.00720	0.01509	0.02103	0.06245	0.65661	0.05398	0.06752	0.01488	0.00869	0.00233	0.00364	0.01313	0.00822	0.00728
29	0.01384	0.00692	0.00692	0.00692	0.00865	0.00692	0.00519	0.01730	0.01557	0.02768	0.02422	0.02768	0.01903	0.00865	0.00519	0.00173	0.00346	0.00692	0.78031	0.00692
30	0.02052	0.01913	0.01780	0.01584	0.02010	0.11966	0.01230	0.08296	0.53718	0.03030	0.02659	0.02490	0.02003	0.00964	0.00742	0.00241	0.00714	0.00774	0.00700	0.01135
31	0.03017	0.01340	0.01764	0.01476	0.04456	0.01248	0.01151	0.03624	0.13514	0.55683	0.02887	0.02543	0.01887	0.00924	0.00748	0.00233	0.00634	0.00759	0.00870	0.01245
32	0.06619	0.01311	0.01689	0.01328	0.01878	0.01208	0.01088	0.03592	0.10000	0.58736	0.02853	0.02496	0.01842	0.00919	0.00734	0.00232	0.00624	0.00742	0.00878	0.01232
33	0.00903	0.00650	0.00857	0.01022	0.01074	0.00604	0.00684	0.01035	0.01432	0.01900	0.04233	0.70693	0.07552	0.02307	0.00945	0.00299	0.00428	0.02088	0.00689	0.00604
34	0.01485	0.07758	0.02333	0.53658	0.04248	0.01823	0.01883	0.01905	0.01439	0.01894	0.01278	0.01883	0.01012	0.00817	0.00956	0.00248	0.11235	0.00636	0.02680	0.00830
35	0.00919	0.00652	0.00857	0.01015	0.01055	0.00613	0.00669	0.01037	0.01393	0.01857	0.03947	0.67762	0.04727	0.08239	0.01181	0.00336	0.00455	0.02025	0.00669	0.00590
36	0.01166	0.00839	0.01157	0.01320	0.01488	0.00831	0.01140	0.01489	0.01694	0.02195	0.04120	0.11494	0.07575	0.02056	0.01014	0.00335	0.00656	0.58071	0.00684	0.00677
37	0.01035	0.00814	0.01101	0.01178	0.01215	0.00892	0.00839	0.01168	0.01352	0.01851	0.03437	0.56388	0.04071	0.05478	0.03513	0.00352	0.12290	0.01784	0.00610	0.00632
38	0.01752	0.02003	0.04380	0.03129	0.03880	0.01877	0.66583	0.02378	0.01752	0.02378	0.01502	0.02003	0.01126	0.00626	0.00876	0.00250	0.01252	0.00876	0.00375	0.01001
39	0.00899	0.00753	0.00781	0.00774	0.01016	0.00636	0.00581	0.01106	0.01742	0.02124	0.15006	0.06949	0.61419	0.01836	0.00877	0.00249	0.00373	0.01539	0.00705	0.00636
40	0.00918	0.00656	0.00877	0.01049	0.01098	0.00614	0.00712	0.01057	0.01434	0.01910	0.04084	0.70452	0.04881	0.02313	0.00951	0.00303	0.00442	0.04953	0.00689	0.00607
41	0.02773	0.03538	0.02104	0.01913	0.02295	0.70930	0.01434	0.02964	0.02104	0.01817	0.01148	0.01339	0.00956	0.00765	0.00669	0.00191	0.01339	0.00478	0.00383	0.00861
42	0.01289	0.00645	0.00967	0.00967	0.00967	0.00645	0.00645	0.00967	0.00967	0.01289	0.01289	0.02257	0.01289	0.02579	0.02901	0.78401	0.00645	0.00645	0.00322	0.00322
43	0.01822	0.51170	0.25649	0.01548	0.02335	0.02538	0.01754	0.02265	0.01528	0.01945	0.01131	0.01315	0.00949	0.00658	0.00552	0.00184	0.00894	0.00447	0.00316	0.01000
44	0.01080	0.00720	0.00810	0.00810	0.00810	0.00720	0.00450	0.01080	0.01080	0.01439	0.02339	0.04858	0.02699	0.73910	0.03779	0.00720	0.00720	0.01080	0.00450	0.00450
45	0.01677	0.01569	0.02639	0.32432	0.16548	0.01735	0.12393	0.07395	0.01718	0.02356	0.01431	0.01940	0.01114	0.00752	0.00846	0.00237	0.05184	0.00690	0.03875	0.03468
46	0.01703	0.01276	0.01441	0.01279	0.01547	0.04442	0.01006	0.19581	0.01930	0.02727	0.01961	0.02560	0.01675	0.06398	0.29924	0.00641	0.03403	0.00736	0.14936	0.00837
47	0.04791	0.24494	0.02723	0.01868	0.08631	0.18874	0.01428	0.20608	0.05204	0.02763	0.01395	0.01526	0.01117	0.00759	0.00635	0.00197	0.00924	0.00538	0.00481	0.01045

[dist]
# distance from previous block
# <min> <max>
2	7

[block]
# block no. 3 follows, 27 sequences, length 7
# corresponding to MSA columns:
# 360-366
name=unknown_D
#
# <colnr> <probs for GDERKNQSTAVLIFYWHMCP>
#	G	D	E	R	K	N	Q	S	T	A	V	L	I	F	Y	W	H	M	C	P
0	0.01772	0.01697	0.02895	0.14699	0.59648	0.01747	0.02246	0.02221	0.01659	0.02346	0.01385	0.01859	0.01148	0.00674	0.00736	0.00225	0.00898	0.00661	0.00362	0.01123
1	0.04384	0.01371	0.01746	0.17735	0.05978	0.04898	0.01300	0.02527	0.07951	0.20694	0.09080	0.05399	0.04198	0.00967	0.00738	0.00225	0.00706	0.00815	0.00624	0.08663
2	0.21869	0.01964	0.01871	0.06439	0.02236	0.10907	0.01272	0.30708	0.02459	0.11053	0.01608	0.01677	0.01153	0.00817	0.00663	0.00223	0.00816	0.00585	0.00616	0.01065
3	0.00944	0.00758	0.00848	0.00863	0.01080	0.00662	0.00660	0.01175	0.01758	0.02209	0.18838	0.10509	0.47157	0.01851	0.00895	0.00259	0.00404	0.07769	0.00713	0.00645
4	0.02450	0.32999	0.02872	0.01612	0.02133	0.31810	0.01362	0.12531	0.02069	0.02230	0.01197	0.01345	0.01002	0.00730	0.00600	0.00183	0.01030	0.00474	0.00411	0.00961
5	0.01275	0.00798	0.01031	0.00951	0.01161	0.00725	0.00717	0.01540	0.01954	0.09330	0.48616	0.05174	0.14061	0.01596	0.01036	0.06893	0.00407	0.01253	0.00769	0.00714
6	0.01076	0.00735	0.00889	0.00889	0.00917	0.00763	0.00549	0.01131	0.01103	0.01498	0.02266	0.04456	0.02524	0.59744	0.17706	0.00818	0.00983	0.01021	0.00439	0.00494

[dist]
# distance from previous block
# <min> <max>
8	12

[block]
# block no. 4 follows, 27 sequences, length 71
# corresponding to MSA columns:
# 379-449
name=unknown_E
#
# <colnr> <probs for GDERKNQSTAVLIFYWHMCP>
#	G	D	E	R	K	N	Q	S	T	A	V	L	I	F	Y	W	H	M	C	P
0	0.01577	0.01547	0.02386	0.53602	0.18526	0.05839	0.02070	0.02042	0.01565	0.02004	0.01325	0.01911	0.01027	0.00726	0.00736	0.00238	0.00988	0.00649	0.00341	0.00901
1	0.02192	0.01720	0.01841	0.01534	0.01999	0.01931	0.01222	0.31812	0.31724	0.03657	0.02557	0.02566	0.04124	0.04029	0.03396	0.00291	0.00739	0.00796	0.00722	0.01148
2	0.01533	0.06908	0.62946	0.02041	0.03077	0.01787	0.02582	0.02441	0.05555	0.02369	0.01420	0.01623	0.01021	0.00720	0.00698	0.00233	0.01053	0.00559	0.00340	0.01095
3	0.01340	0.00706	0.00761	0.00761	0.00928	0.00724	0.00575	0.01674	0.01507	0.02624	0.02362	0.02788	0.01896	0.01510	0.10178	0.00313	0.00571	0.00706	0.67387	0.00688
4	0.01637	0.01569	0.01439	0.01308	0.01579	0.15213	0.01009	0.02178	0.12648	0.04995	0.19290	0.04089	0.19427	0.01325	0.00982	0.00242	0.08566	0.01042	0.00638	0.00826
5	0.00916	0.00681	0.00854	0.00964	0.01065	0.00619	0.00664	0.01083	0.01557	0.02044	0.12363	0.51749	0.18452	0.02139	0.00925	0.00283	0.00410	0.01908	0.00704	0.00619
6	0.01044	0.00754	0.00986	0.00938	0.01108	0.00696	0.00700	0.01384	0.02070	0.02928	0.65944	0.08629	0.06909	0.01554	0.00879	0.00237	0.00354	0.01377	0.00811	0.00696
7	0.01752	0.02003	0.04380	0.03129	0.03880	0.01877	0.66583	0.02378	0.01752	0.02378	0.01502	0.02003	0.01126	0.00626	0.00876	0.00250	0.01252	0.00876	0.00375	0.01001
8	0.01513	0.01291	0.01511	0.01097	0.01730	0.00973	0.00872	0.01834	0.01534	0.02397	0.01437	0.04583	0.01261	0.00625	0.00567	0.00118	0.00545	0.00511	0.00450	0.75152
9	0.79154	0.01436	0.01091	0.00976	0.01436	0.01665	0.00804	0.02182	0.01263	0.03331	0.01034	0.01206	0.00804	0.00689	0.00459	0.00230	0.00574	0.00402	0.00459	0.00804
10	0.02169	0.01486	0.01715	0.01286	0.01888	0.01349	0.01045	0.20129	0.02192	0.14816	0.02102	0.02117	0.05355	0.00789	0.00657	0.00171	0.00628	0.00625	0.00623	0.38859
11	0.07910	0.07306	0.07321	0.01569	0.02191	0.01986	0.01388	0.38374	0.02737	0.19057	0.01904	0.01854	0.01316	0.00851	0.00702	0.00221	0.00778	0.00639	0.00700	0.01196
12	0.01289	0.00645	0.00967	0.00967	0.00967	0.00645	0.00645	0.00967	0.00967	0.01289	0.01289	0.02257	0.01289	0.02579	0.02901	0.78401	0.00645	0.00645	0.00322	0.00322
13	0.01421	0.01211	0.01939	0.44988	0.03712	0.01453	0.04888	0.01850	0.01478	0.02102	0.01592	0.02227	0.01260	0.03025	0.00907	0.00250	0.05805	0.00690	0.18412	0.00790
14	0.14863	0.58507	0.03378	0.01387	0.05236	0.02666	0.01243	0.02219	0.01477	0.02045	0.01051	0.01226	0.00939	0.00645	0.00487	0.00174	0.00762	0.00411	0.00344	0.00939
