[name]
unknown

[dist]
# distance from previous block
# <min> <max>
15	40

[block]
# block no. 0 follows, 29 sequences, length 54
# corresponding to MSA columns:
# 43-96
name=unknown_A
#
# <colnr> <probs for GDERKNQSTAVLIFYWHMCP>
#	G	D	E	R	K	N	Q	S	T	A	V	L	I	F	Y	W	H	M	C	P
0	0.01100	0.00884	0.01362	0.01265	0.01403	0.01016	0.04976	0.01336	0.01159	0.01661	0.01849	0.02888	0.01777	0.13575	0.53911	0.00970	0.07054	0.00792	0.00381	0.00640
1	0.01546	0.01670	0.03040	0.02372	0.04692	0.04864	0.38420	0.01963	0.01567	0.02089	0.02163	0.08495	0.08027	0.01000	0.01078	0.00255	0.12688	0.02803	0.00415	0.00855
2	0.01677	0.01909	0.04135	0.02964	0.03660	0.01813	0.65759	0.02262	0.01661	0.02262	0.01424	0.01909	0.01076	0.00622	0.00890	0.00242	0.03589	0.00833	0.00359	0.00954
3	0.04614	0.01591	0.02397	0.20314	0.39987	0.04312	0.01884	0.02242	0.08534	0.02268	0.01667	0.02026	0.03612	0.00733	0.00701	0.00221	0.00830	0.00666	0.00397	0.01003
4	0.01199	0.00868	0.01204	0.24029	0.02148	0.00974	0.00976	0.01451	0.01294	0.01871	0.02010	0.06349	0.01931	0.26190	0.04955	0.00417	0.00728	0.00846	0.19939	0.00621
5	0.21277	0.02029	0.01731	0.01450	0.01912	0.16366	0.01158	0.28710	0.10120	0.03364	0.01571	0.01633	0.01178	0.00795	0.00625	0.00210	0.00788	0.00561	0.03525	0.00995
6	0.00868	0.00620	0.00826	0.00991	0.01033	0.00578	0.00661	0.00991	0.01363	0.01818	0.03925	0.74510	0.04710	0.02231	0.00909	0.00289	0.00413	0.02024	0.00661	0.00578
7	0.01008	0.00728	0.00952	0.00896	0.01064	0.00672	0.00672	0.01344	0.02016	0.02855	0.70158	0.05319	0.06719	0.01456	0.00840	0.00224	0.00336	0.01288	0.00784	0.00672
8	0.02660	0.03394	0.02018	0.01834	0.02201	0.72116	0.01376	0.02843	0.02018	0.01743	0.01101	0.01284	0.00917	0.00734	0.00642	0.00183	0.01284	0.00459	0.00367	0.00825
9	0.00978	0.00727	0.00911	0.00865	0.01046	0.00659	0.00649	0.01286	0.01946	0.02689	0.58945	0.05592	0.18035	0.01518	0.00840	0.00227	0.00340	0.01326	0.00762	0.00659
10	0.01762	0.01692	0.02890	0.04371	0.70533	0.01692	0.02185	0.02185	0.01621	0.02326	0.01339	0.01762	0.01128	0.00634	0.00705	0.00211	0.00846	0.00634	0.00352	0.01128
11	0.00884	0.00626	0.00821	0.00971	0.01008	0.00589	0.00639	0.00996	0.01332	0.01776	0.03763	0.67774	0.04505	0.09246	0.01171	0.00328	0.00440	0.01929	0.00639	0.00564
12	0.01762	0.01692	0.02890	0.04371	0.70533	0.01692	0.02185	0.02185	0.01621	0.02326	0.01339	0.01762	0.01128	0.00634	0.00705	0.00211	0.00846	0.00634	0.00352	0.01128
13	0.01237	0.00618	0.00928	0.00928	0.00928	0.00618	0.00618	0.00928	0.00928	0.01237	0.01237	0.02165	0.01237	0.02474	0.02783	0.79283	0.00618	0.00618	0.00309	0.00309
14	0.01236	0.00778	0.01025	0.00935	0.01143	0.00711	0.00711	0.01566	0.02018	0.09972	0.63127	0.05017	0.06201	0.01396	0.00827	0.00224	0.00364	0.01228	0.00794	0.00728
15	0.01762	0.01692	0.02890	0.04371	0.70533	0.01692	0.02185	0.02185	0.01621	0.02326	0.01339	0.01762	0.01128	0.00634	0.00705	0.00211	0.00846	0.00634	0.00352	0.01128
16	0.01904	0.75404	0.03731	0.01218	0.01828	0.02818	0.01218	0.02132	0.01447	0.01675	0.00990	0.01142	0.00914	0.00609	0.00457	0.00152	0.00761	0.00381	0.00305	0.00914
17	0.01848	0.01721	0.02330	0.23271	0.28325	0.08125	0.01804	0.12168	0.05966	0.02454	0.01444	0.01819	0.01138	0.00787	0.00779	0.03108	0.00881	0.00629	0.00419	0.00986
18	0.04332	0.04345	0.14522	0.01292	0.01766	0.01210	0.01215	0.04445	0.08943	0.17706	0.24186	0.07499	0.03342	0.01101	0.00742	0.00226	0.00596	0.00928	0.00669	0.00934
19	0.00880	0.00628	0.00840	0.01005	0.01052	0.00589	0.00682	0.01012	0.01375	0.01831	0.03918	0.71643	0.04683	0.02219	0.00912	0.00291	0.00424	0.04772	0.00661	0.00582
20	0.01904	0.75404	0.03731	0.01218	0.01828	0.02818	0.01218	0.02132	0.01447	0.01675	0.00990	0.01142	0.00914	0.00609	0.00457	0.00152	0.00761	0.00381	0.00305	0.00914
21	0.05391	0.01476	0.01756	0.01384	0.01913	0.01489	0.01132	0.20814	0.12782	0.40389	0.02468	0.02226	0.01646	0.00880	0.00707	0.00222	0.00645	0.00699	0.00797	0.01184
22	0.01101	0.00746	0.00979	0.00916	0.01097	0.00685	0.00688	0.01427	0.01992	0.05901	0.64615	0.07794	0.06419	0.01459	0.00837	0.00226	0.00351	0.01290	0.00784	0.00693
23	0.00996	0.00727	0.00936	0.00884	0.01057	0.00667	0.00663	0.01321	0.01988	0.02791	0.65806	0.05425	0.11110	0.01480	0.00840	0.00225	0.00338	0.01303	0.00775	0.00667
24	0.02512	0.01312	0.01603	0.01285	0.01751	0.01287	0.01041	0.16286	0.09509	0.36874	0.13639	0.02914	0.04700	0.01008	0.00740	0.00222	0.00586	0.00828	0.00807	0.01095
25	0.50645	0.01387	0.01420	0.12078	0.04358	0.01563	0.01073	0.06270	0.01497	0.11953	0.01328	0.01490	0.00967	0.00709	0.00543	0.00222	0.00643	0.00490	0.00493	0.00871
26	0.16977	0.02746	0.38743	0.02002	0.02833	0.01708	0.16345	0.06253	0.01597	0.02581	0.01283	0.01538	0.00934	0.00668	0.00668	0.00227	0.00970	0.00574	0.00366	0.00987
27	0.03757	0.01392	0.02206	0.38476	0.24138	0.01580	0.01838	0.02112	0.08516	0.02195	0.05655	0.02123	0.01477	0.00759	0.00711	0.00229	0.00829	0.00684	0.00402	0.00920
28	0.01776	0.43261	0.12287	0.01599	0.02137	0.04570	0.05858	0.02091	0.01411	0.01802	0.01049	0.01333	0.00928	0.00757	0.00916	0.00202	0.16324	0.00484	0.00311	0.00904
29	0.00876	0.00626	0.00834	0.00986	0.01035	0.00584	0.00662	0.01013	0.01404	0.01882	0.08027	0.70225	0.04834	0.02183	0.00905	0.00285	0.00408	0.01979	0.00669	0.00584
30	0.01641	0.01568	0.02672	0.24311	0.51538	0.01660	0.02125	0.02079	0.01564	0.02180	0.01318	0.01802	0.01076	0.00657	0.00707	0.00219	0.00876	0.00634	0.00342	0.01030
31	0.03173	0.01247	0.01674	0.01284	0.01835	0.01099	0.01060	0.06397	0.02097	0.68016	0.02759	0.02391	0.01738	0.00880	0.00716	0.00220	0.00614	0.00713	0.00874	0.01212
32	0.14690	0.01210	0.01386	0.01177	0.01586	0.01236	0.00938	0.02849	0.19049	0.27384	0.17726	0.02932	0.02826	0.00997	0.00702	0.00227	0.00525	0.00815	0.00748	0.00998
33	0.09798	0.01020	0.00968	0.00892	0.01140	0.03590	0.00687	0.08186	0.06077	0.02808	0.02067	0.02335	0.01618	0.00896	0.00638	0.03837	0.00461	0.00632	0.51602	0.00747
34	0.01525	0.01513	0.01268	0.01187	0.01451	0.16683	0.00876	0.02168	0.19271	0.02147	0.08599	0.06655	0.20413	0.11736	0.01165	0.00293	0.00664	0.01028	0.00589	0.00768
35	0.00865	0.00628	0.00817	0.00969	0.01027	0.00580	0.00651	0.00994	0.01385	0.01827	0.04202	0.68809	0.10232	0.02195	0.00903	0.00285	0.00409	0.01980	0.00661	0.00580
36	0.01014	0.00749	0.00951	0.00913	0.01084	0.00701	0.00680	0.01386	0.04469	0.02715	0.58114	0.10959	0.10532	0.01523	0.00841	0.00231	0.00352	0.01344	0.00764	0.00677
37	0.02632	0.01936	0.02076	0.01600	0.02144	0.02140	0.01312	0.65140	0.03244	0.04348	0.01734	0.01842	0.01273	0.04188	0.00843	0.00235	0.00779	0.00659	0.00700	0.01176
38	0.00919	0.00744	0.00822	0.00825	0.01035	0.00661	0.00616	0.01195	0.04068	0.02150	0.19775	0.13019	0.46498	0.01747	0.00847	0.00244	0.00375	0.03136	0.00689	0.00634
39	0.00843	0.00714	0.00729	0.00740	0.00967	0.00600	0.00549	0.01020	0.01605	0.01916	0.06986	0.11530	0.65714	0.01833	0.00846	0.00244	0.00364	0.01539	0.00661	0.00600
40	0.07311	0.01567	0.01801	0.01430	0.01901	0.01681	0.01172	0.34571	0.02488	0.22520	0.02026	0.04288	0.01480	0.01111	0.03877	0.00263	0.05255	0.00696	0.03470	0.01093
41	0.02754	0.01838	0.02082	0.01693	0.05209	0.01972	0.01335	0.53355	0.03031	0.16566	0.01894	0.01843	0.01308	0.00850	0.00713	0.00215	0.00754	0.00655	0.00727	0.01207
42	0.02575	0.10063	0.02419	0.01672	0.02220	0.06185	0.08981	0.28781	0.02407	0.21497	0.01821	0.01830	0.01280	0.00815	0.00768	0.00214	0.04090	0.00643	0.00632	0.01106
43	0.01977	0.01579	0.01791	0.01346	0.01910	0.01541	0.01098	0.28478	0.02202	0.03150	0.01421	0.01576	0.01109	0.00709	0.00728	0.00163	0.05720	0.00524	0.00531	0.42446
44	0.05401	0.15566	0.15447	0.06967	0.04459	0.07126	0.07914	0.08503	0.06097	0.02309	0.01422	0.04333	0.01186	0.00823	0.00851	0.00223	0.09402	0.00626	0.00403	0.00942
45	0.07590	0.03619	0.01501	0.04313	0.01685	0.04140	0.01003	0.21804	0.07359	0.03012	0.01977	0.06200	0.01644	0.03388	0.03502	0.00259	0.03243	0.00720	0.22156	0.00883
46	0.16506	0.00979	0.01137	0.10724	0.05887	0.01054	0.00885	0.01887	0.01457	0.06759	0.01892	0.02262	0.01484	0.03184	0.00644	0.00209	0.00517	0.00620	0.41156	0.00756
47	0.00965	0.00660	0.00859	0.00967	0.01050	0.00609	0.00660	0.01116	0.01461	0.04285	0.10905	0.58324	0.09050	0.04289	0.00973	0.00289	0.00417	0.01839	0.00674	0.00607
48	0.01477	0.01266	0.01477	0.01055	0.01687	0.00949	0.00844	0.01793	0.01477	0.02320	0.01266	0.01477	0.01055	0.00527	0.00527	0.00105	0.00527	0.00422	0.00422	0.79328
49	0.00870	0.00722	0.00761	0.00751	0.00979	0.00613	0.00563	0.01077	0.01690	0.02083	0.17957	0.06591	0.59402	0.01744	0.00841	0.00238	0.00356	0.01466	0.00682	0.00613
50	0.01020	0.00752	0.01089	0.01089	0.01197	0.00860	0.00821	0.01236	0.01128	0.01612	0.01958	0.03079	0.01902	0.15873	0.61789	0.01076	0.01723	0.00804	0.00389	0.00605
51	0.01462	0.01383	0.02058	0.17590	0.08495	0.01804	0.01589	0.01729	0.01233	0.01825	0.01206	0.01829	0.01083	0.01491	0.09160	0.00368	0.40543	0.00643	0.03714	0.00792
52	0.00868	0.00620	0.00826	0.00991	0.01033	0.00578	0.00661	0.00991	0.01363	0.01818	0.03925	0.74510	0.04710	0.02231	0.00909	0.00289	0.00413	0.02024	0.00661	0.00578
53	0.02136	0.01782	0.01963	0.07545	0.02289	0.09330	0.05624	0.26687	0.16684	0.06078	0.02106	0.08392	0.01707	0.00959	0.00726	0.00225	0.00777	0.00795	0.03169	0.01027

[dist]
# distance from previous block
# <min> <max>
0	1

[block]
# block no. 1 follows, 29 sequences, length 56
# corresponding to MSA columns:
# 98-153
name=unknown_B
#
# <colnr> <probs for GDERKNQSTAVLIFYWHMCP>
#	G	D	E	R	K	N	Q	S	T	A	V	L	I	F	Y	W	H	M	C	P
0	0.04390	0.01258	0.01713	0.35167	0.03126	0.01395	0.01390	0.05493	0.09471	0.02351	0.01612	0.01973	0.01237	0.00728	0.00640	0.00202	0.00719	0.00609	0.10975	0.15552
1	0.01542	0.01417	0.02054	0.09008	0.10361	0.01809	0.01524	0.06070	0.01339	0.01954	0.01228	0.01839	0.01119	0.01769	0.12632	0.03328	0.39194	0.00648	0.00354	0.00811
2	0.01359	0.01285	0.02139	0.68622	0.04707	0.01621	0.01950	0.01812	0.01402	0.01812	0.01244	0.01876	0.00948	0.00747	0.00818	0.00242	0.05677	0.00632	0.00316	0.00790
3	0.68852	0.01361	0.01201	0.11191	0.01877	0.01595	0.00942	0.02054	0.01242	0.03000	0.01030	0.01262	0.00796	0.00668	0.00479	0.00223	0.00607	0.00421	0.00423	0.00774
4	0.01681	0.01921	0.04202	0.03001	0.03721	0.01801	0.67947	0.02281	0.01681	0.02281	0.01441	0.01921	0.01080	0.00600	0.00840	0.00240	0.01200	0.00840	0.00360	0.00960
5	0.00872	0.00623	0.00831	0.00988	0.01034	0.00582	0.00661	0.01004	0.01386	0.01854	0.06245	0.72086	0.04780	0.02204	0.00906	0.00287	0.00410	0.01998	0.00665	0.00582
6	0.64852	0.06612	0.01316	0.01018	0.01466	0.04085	0.00847	0.05894	0.01388	0.03096	0.01081	0.01242	0.00847	0.00677	0.00466	0.00212	0.00596	0.00412	0.03090	0.00805
7	0.00868	0.00620	0.00826	0.00991	0.01033	0.00578	0.00661	0.00991	0.01363	0.01818	0.03925	0.74510	0.04710	0.02231	0.00909	0.00289	0.00413	0.02024	0.00661	0.00578
8	0.01477	0.01266	0.01477	0.01055	0.01687	0.00949	0.00844	0.01793	0.01477	0.02320	0.01266	0.01477	0.01055	0.00527	0.00527	0.00105	0.00527	0.00422	0.00422	0.79328
9	0.04368	0.06692	0.05644	0.01954	0.04714	0.04908	0.13612	0.04098	0.01424	0.02089	0.01226	0.01681	0.01054	0.01059	0.03782	0.00277	0.30933	0.00624	0.04856	0.05003
10	0.01816	0.62214	0.16155	0.01368	0.02058	0.02604	0.01478	0.02155	0.01457	0.01782	0.01043	0.01209	0.00912	0.00622	0.00497	0.00166	0.00815	0.00407	0.00304	0.00939
11	0.00907	0.00664	0.00874	0.00991	0.01051	0.00639	0.00678	0.01053	0.01426	0.01919	0.11116	0.60593	0.06924	0.04210	0.01019	0.00293	0.02537	0.01857	0.00658	0.00591
12	0.01762	0.01692	0.02890	0.04371	0.70533	0.01692	0.02185	0.02185	0.01621	0.02326	0.01339	0.01762	0.01128	0.00634	0.00705	0.00211	0.00846	0.00634	0.00352	0.01128
13	0.00918	0.00664	0.00870	0.00964	0.01057	0.00617	0.00679	0.01115	0.01575	0.02133	0.23008	0.48356	0.08675	0.01976	0.00889	0.00270	0.00399	0.04531	0.00696	0.00610
14	0.02769	0.01895	0.02075	0.01591	0.02158	0.02060	0.01314	0.59901	0.03181	0.12982	0.01850	0.01801	0.01281	0.00858	0.00713	0.00215	0.00761	0.00651	0.00734	0.01211
15	0.01993	0.01480	0.01617	0.01421	0.01846	0.01658	0.01115	0.03735	0.58778	0.13579	0.02884	0.02620	0.02110	0.00953	0.00723	0.00238	0.00570	0.00791	0.00749	0.01140
16	0.01036	0.00690	0.00777	0.00777	0.00777	0.00690	0.00431	0.01036	0.01036	0.01381	0.02244	0.04660	0.02589	0.74975	0.03624	0.00690	0.00690	0.01036	0.00431	0.00431
17	0.00939	0.00756	0.00846	0.00870	0.01073	0.00685	0.00655	0.01236	0.05157	0.02089	0.13667	0.17220	0.43459	0.01799	0.00857	0.00253	0.00400	0.06720	0.00679	0.00638
18	0.01345	0.01266	0.02136	0.73264	0.04904	0.01582	0.01978	0.01819	0.01424	0.01819	0.01266	0.01898	0.00949	0.00712	0.00712	0.00237	0.00949	0.00633	0.00316	0.00791
19	0.01369	0.01290	0.02179	0.69314	0.08667	0.01588	0.01989	0.01840	0.01435	0.01848	0.01270	0.01891	0.00959	0.00707	0.00712	0.00236	0.00943	0.00633	0.00318	0.00810
20	0.01019	0.00756	0.01111	0.01111	0.01227	0.00872	0.00849	0.01250	0.01135	0.01628	0.01938	0.02966	0.01853	0.11634	0.65959	0.01103	0.01797	0.00788	0.00386	0.00617
21	0.01477	0.01266	0.01477	0.01055	0.01687	0.00949	0.00844	0.01793	0.01477	0.02320	0.01266	0.01477	0.01055	0.00527	0.00527	0.00105	0.00527	0.00422	0.00422	0.79328
22	0.02497	0.02800	0.01960	0.01727	0.02135	0.46822	0.01324	0.14016	0.15172	0.02442	0.01549	0.01620	0.01208	0.00799	0.00670	0.00200	0.01061	0.00556	0.00494	0.00948
23	0.00887	0.00728	0.00784	0.00783	0.01007	0.00625	0.00596	0.01102	0.01693	0.02098	0.18093	0.06645	0.55634	0.01751	0.00849	0.00242	0.00372	0.04815	0.00682	0.00616
24	0.01036	0.00690	0.00777	0.00777	0.00777	0.00690	0.00431	0.01036	0.01036	0.01381	0.02244	0.04660	0.02589	0.74975	0.03624	0.00690	0.00690	0.01036	0.00431	0.00431
25	0.01422	0.07488	0.12021	0.05338	0.02104	0.05759	0.09542	0.01815	0.01637	0.02254	0.20803	0.05345	0.05141	0.01059	0.00941	0.00229	0.10122	0.00873	0.05300	0.00805
26	0.01428	0.03683	0.71286	0.02030	0.03082	0.01654	0.02631	0.02255	0.01503	0.02255	0.01278	0.01503	0.00902	0.00677	0.00677	0.00226	0.01052	0.00526	0.00301	0.01052
27	0.01862	0.01407	0.01602	0.01331	0.01585	0.01599	0.01018	0.31066	0.02075	0.02818	0.01802	0.02861	0.01717	0.30446	0.02126	0.00419	0.12100	0.00795	0.00538	0.00833
28	0.01416	0.01102	0.01421	0.01273	0.01396	0.01351	0.01009	0.07483	0.01424	0.02168	0.04216	0.02540	0.01725	0.09310	0.17618	0.00492	0.24687	0.00730	0.17917	0.00722
29	0.01199	0.00995	0.04687	0.04805	0.01401	0.00923	0.00848	0.03271	0.07518	0.02291	0.15273	0.07039	0.09946	0.11641	0.10018	0.00397	0.00686	0.00993	0.15366	0.00702
30	0.01273	0.01044	0.01263	0.09543	0.01684	0.04661	0.00927	0.03544	0.01391	0.01882	0.02343	0.28172	0.02556	0.09773	0.01386	0.07767	0.05791	0.01140	0.03036	0.10824
31	0.01866	0.71116	0.03571	0.01202	0.01776	0.02691	0.01184	0.02063	0.01417	0.01650	0.01004	0.01201	0.00932	0.00716	0.00590	0.04689	0.00753	0.00394	0.00305	0.00879
32	0.06974	0.01969	0.02029	0.01590	0.02133	0.04478	0.01303	0.57082	0.08485	0.04202	0.01744	0.01740	0.01254	0.00849	0.00696	0.00215	0.00770	0.00634	0.00686	0.01167
33	0.48686	0.01351	0.01319	0.01091	0.01577	0.01434	0.00900	0.06073	0.01618	0.27313	0.01674	0.01635	0.01146	0.00749	0.00553	0.00220	0.00583	0.00516	0.00611	0.00951
34	0.80005	0.01377	0.01047	0.00936	0.01377	0.01597	0.00771	0.02093	0.01212	0.03195	0.00991	0.01157	0.00771	0.00661	0.00441	0.00220	0.00551	0.00386	0.00441	0.00771
35	0.01947	0.01558	0.01666	0.01458	0.01886	0.01774	0.01145	0.10241	0.58765	0.07032	0.02774	0.02548	0.02053	0.00950	0.00723	0.00238	0.00588	0.00783	0.00732	0.01140
36	0.01444	0.01263	0.01790	0.36217	0.03236	0.01308	0.01414	0.05898	0.01560	0.02175	0.01493	0.07165	0.01287	0.00765	0.00657	0.00190	0.00740	0.00658	0.00407	0.30334
37	0.01008	0.00728	0.00952	0.00896	0.01064	0.00672	0.00672	0.01344	0.02016	0.02855	0.70158	0.05319	0.06719	0.01456	0.00840	0.00224	0.00336	0.01288	0.00784	0.00672
38	0.01477	0.01266	0.01477	0.01055	0.01687	0.00949	0.00844	0.01793	0.01477	0.02320	0.01266	0.01477	0.01055	0.00527	0.00527	0.00105	0.00527	0.00422	0.00422	0.79328
39	0.01376	0.00742	0.00896	0.00864	0.00983	0.00757	0.00621	0.06309	0.01379	0.02140	0.01853	0.04802	0.01618	0.01602	0.01533	0.34968	0.00495	0.00688	0.35827	0.00546
40	0.01035	0.00694	0.00796	0.00796	0.00803	0.00701	0.00456	0.01048	0.01041	0.01395	0.02226	0.04561	0.02546	0.71294	0.07247	0.00714	0.00755	0.01021	0.00429	0.00442
41	0.20913	0.01696	0.05876	0.13279	0.12577	0.01735	0.07532	0.17051	0.04369	0.02976	0.01432	0.01696	0.01083	0.00723	0.00646	0.00221	0.00787	0.00596	0.03845	0.00967
42	0.00875	0.00625	0.00833	0.00987	0.01034	0.00583	0.00662	0.01010	0.01397	0.01872	0.07379	0.70902	0.04814	0.02190	0.00905	0.00286	0.00409	0.01986	0.00667	0.00583
43	0.01865	0.01576	0.01663	0.01468	0.01887	0.01815	0.01150	0.10259	0.62619	0.03130	0.02779	0.02561	0.02077	0.00955	0.00723	0.00239	0.00586	0.00789	0.00723	0.01136
44	0.01542	0.01254	0.01514	0.05519	0.01853	0.01071	0.00948	0.05603	0.01576	0.04144	0.01526	0.06261	0.01331	0.00710	0.00638	0.00143	0.03003	0.00572	0.03082	0.57708
45	0.01483	0.12017	0.63436	0.01935	0.02936	0.01789	0.02467	0.02241	0.01497	0.02188	0.01244	0.01461	0.00903	0.00669	0.00651	0.00217	0.01019	0.00509	0.00301	0.01036
46	0.02813	0.01246	0.01608	0.01281	0.01784	0.01162	0.01042	0.03416	0.14596	0.54708	0.06386	0.02620	0.02101	0.00928	0.00724	0.00224	0.00584	0.00763	0.00847	0.01167
47	0.01044	0.00766	0.00987	0.04121	0.01289	0.00754	0.00775	0.03413	0.01516	0.03868	0.06172	0.48736	0.15643	0.01946	0.00921	0.00274	0.02719	0.03767	0.00647	0.00642
48	0.04325	0.16488	0.24500	0.05324	0.08924	0.18476	0.05644	0.04573	0.01685	0.02119	0.01203	0.01447	0.00948	0.00676	0.00635	0.00201	0.01013	0.00516	0.00344	0.00959
49	0.00895	0.00653	0.00813	0.00914	0.00993	0.00603	0.00615	0.01030	0.01418	0.01865	0.09578	0.49528	0.15250	0.10891	0.01221	0.00325	0.00432	0.01761	0.00643	0.00572
50	0.01435	0.01393	0.01897	0.01665	0.01746	0.04954	0.03387	0.01638	0.01169	0.01713	0.01277	0.01963	0.01215	0.02544	0.25081	0.00576	0.44602	0.00668	0.00339	0.00740
51	0.01578	0.01640	0.05517	0.04370	0.08241	0.01829	0.16917	0.03944	0.01400	0.02068	0.01288	0.01823	0.01105	0.01225	0.06007	0.00321	0.33691	0.00683	0.05492	0.00860
52	0.01454	0.03404	0.61388	0.04458	0.03214	0.01668	0.10056	0.02244	0.01521	0.02244	0.01296	0.01564	0.00924	0.00669	0.00696	0.00228	0.01066	0.00565	0.00308	0.01033
53	0.03734	0.03270	0.56631	0.02061	0.03022	0.01673	0.09528	0.05316	0.01617	0.04659	0.01358	0.01579	0.00960	0.00683	0.00691	0.00226	0.01027	0.00568	0.00349	0.01047
54	0.01233	0.00787	0.01019	0.01020	0.01190	0.00739	0.00760	0.03685	0.01747	0.08903	0.26615	0.29491	0.07691	0.04196	0.00956	0.00273	0.00449	0.07833	0.00718	0.00696
55	0.06412	0.17983	0.02319	0.05421	0.04440	0.26371	0.03526	0.06802	0.03633	0.05296	0.04384	0.05435	0.01463	0.00838	0.00681	0.00200	0.02848	0.00621	0.00442	0.00885

[dist]
# distance from previous block
# <min> <max>
0	1

[block]
# block no. 2 follows, 29 sequences, length 85
# corresponding to MSA columns:
# 155-239
name=unknown_C
#
# <colnr> <probs for GDERKNQSTAVLIFYWHMCP>
#	G	D	E	R	K	N	Q	S	T	A	V	L	I	F	Y	W	H	M	C	P
0	0.01078	0.00748	0.00930	0.00877	0.01078	0.00672	0.00660	0.01368	0.01904	0.06167	0.49719	0.07578	0.21498	0.01531	0.00836	0.00230	0.00358	0.01331	0.00756	0.00681
1	0.00979	0.00709	0.00872	0.00936	0.01026	0.00682	0.00635	0.03400	0.01438	0.01905	0.08646	0.41071	0.12558	0.16803	0.04611	0.00394	0.00536	0.01601	0.00613	0.00583
2	0.01554	0.05171	0.10623	0.25831	0.03957	0.01759	0.36434	0.02120	0.01567	0.02100	0.01346	0.01834	0.01011	0.00645	0.00764	0.00234	0.01083	0.00719	0.00337	0.00913
3	0.01556	0.07400	0.09390	0.02448	0.05514	0.01655	0.42479	0.02093	0.01706	0.02339	0.13930	0.02440	0.02083	0.00765	0.00792	0.00228	0.00983	0.00852	0.00428	0.00918
4	0.02270	0.02535	0.01692	0.03416	0.01931	0.46922	0.01175	0.06882	0.01943	0.02132	0.01450	0.01692	0.01173	0.00924	0.03108	0.00216	0.01048	0.00532	0.18152	0.00807
5	0.01811	0.02186	0.14624	0.02396	0.07723	0.06912	0.27660	0.12187	0.01883	0.02528	0.03769	0.02058	0.01344	0.00831	0.00905	0.03239	0.03836	0.02721	0.00423	0.00965
6	0.04539	0.01388	0.06708	0.04179	0.10779	0.03674	0.01237	0.02099	0.14702	0.04140	0.08427	0.08229	0.09045	0.06294	0.00975	0.00279	0.00653	0.11233	0.00574	0.00845
7	0.01848	0.63099	0.10156	0.01306	0.01933	0.04943	0.01340	0.02137	0.01494	0.01780	0.03705	0.01344	0.01138	0.00653	0.00499	0.00163	0.00791	0.00433	0.00325	0.00915
8	0.00936	0.00718	0.00853	0.00904	0.01047	0.00665	0.00640	0.01204	0.04885	0.02081	0.16924	0.34647	0.25298	0.04622	0.00968	0.00275	0.00400	0.01630	0.00678	0.00624
9	0.00998	0.00802	0.01154	0.10803	0.01660	0.00791	0.03435	0.01254	0.01599	0.02134	0.22003	0.33150	0.14134	0.01688	0.00851	0.00255	0.00488	0.01513	0.00636	0.00651
10	0.04383	0.23616	0.02350	0.01439	0.01886	0.23299	0.02797	0.12843	0.02014	0.02386	0.11106	0.02160	0.05178	0.00865	0.00636	0.00190	0.00849	0.00639	0.00479	0.00883
11	0.01345	0.01266	0.02136	0.73264	0.04904	0.01582	0.01978	0.01819	0.01424	0.01819	0.01266	0.01898	0.00949	0.00712	0.00712	0.00237	0.00949	0.00633	0.00316	0.00791
12	0.00866	0.00627	0.00818	0.00971	0.01027	0.00580	0.00652	0.00994	0.01383	0.01826	0.04171	0.69434	0.09626	0.02199	0.00904	0.00286	0.00409	0.01985	0.00661	0.00580
13	0.01380	0.01044	0.01592	0.23232	0.02480	0.01124	0.09172	0.03697	0.01559	0.02352	0.02241	0.02621	0.06581	0.00839	0.00637	0.00204	0.00642	0.00738	0.37113	0.00750
14	0.01731	0.01660	0.02833	0.09575	0.65576	0.01684	0.02170	0.02158	0.01606	0.02288	0.01334	0.01773	0.01114	0.00640	0.00705	0.00213	0.00854	0.00634	0.00350	0.01102
15	0.00872	0.00623	0.00831	0.00988	0.01034	0.00582	0.00661	0.01004	0.01386	0.01854	0.06257	0.72074	0.04780	0.02204	0.00906	0.00287	0.00410	0.01998	0.00665	0.00582
16	0.00868	0.00620	0.00826	0.00991	0.01033	0.00578	0.00661	0.00991	0.01363	0.01818	0.03925	0.74510	0.04710	0.02231	0.00909	0.00289	0.00413	0.02024	0.00661	0.00578
17	0.01126	0.00805	0.01123	0.01287	0.01442	0.00802	0.01111	0.01439	0.01619	0.02107	0.03782	0.13020	0.04144	0.01987	0.00978	0.00325	0.00637	0.60960	0.00656	0.00650
18	0.00908	0.00648	0.00872	0.01037	0.01096	0.00613	0.00731	0.01061	0.01403	0.01863	0.03902	0.64973	0.04622	0.02193	0.00920	0.00295	0.00448	0.11165	0.00660	0.00589
19	0.01734	0.01490	0.01578	0.01422	0.01813	0.01717	0.01105	0.03664	0.65945	0.02973	0.06202	0.02787	0.02397	0.00990	0.00730	0.00241	0.00552	0.00829	0.00727	0.01105
20	0.01766	0.01531	0.02178	0.22233	0.24978	0.05868	0.03498	0.09158	0.01788	0.04756	0.03739	0.02027	0.01368	0.00746	0.00684	0.00212	0.00811	0.00657	0.11056	0.00946
21	0.09205	0.34581	0.23920	0.01734	0.06478	0.04638	0.03825	0.02185	0.01468	0.02060	0.01116	0.01336	0.00916	0.00662	0.00620	0.00194	0.03323	0.00467	0.00324	0.00950
22	0.01387	0.01214	0.01900	0.54728	0.03993	0.01479	0.01687	0.01973	0.09799	0.01940	0.01506	0.02047	0.01162	0.00915	0.00902	0.07730	0.00846	0.00654	0.03357	0.00782
23	0.01374	0.01155	0.01294	0.01294	0.03542	0.01238	0.00982	0.02475	0.34517	0.02479	0.04215	0.07876	0.21054	0.01408	0.00807	0.00257	0.00526	0.11944	0.00682	0.00881
24	0.00868	0.00620	0.00826	0.00991	0.01033	0.00578	0.00661	0.00991	0.01363	0.01818	0.03925	0.74510	0.04710	0.02231	0.00909	0.00289	0.00413	0.02024	0.00661	0.00578
25	0.01560	0.01315	0.01521	0.01094	0.01723	0.01035	0.00878	0.06296	0.01604	0.02467	0.01296	0.01492	0.01065	0.00550	0.00540	0.00113	0.00545	0.00437	0.00442	0.74028
26	0.00868	0.00620	0.00826	0.00991	0.01033	0.00578	0.00661	0.00991	0.01363	0.01818	0.03925	0.74510	0.04710	0.02231	0.00909	0.00289	0.00413	0.02024	0.00661	0.00578
27	0.01638	0.01793	0.03492	0.02604	0.03071	0.01934	0.44628	0.02082	0.01473	0.02082	0.01263	0.01793	0.01029	0.00827	0.01366	0.00265	0.26656	0.00764	0.00343	0.00897
28	0.01942	0.01614	0.01706	0.01484	0.01917	0.01851	0.01168	0.15532	0.57220	0.03254	0.02681	0.02484	0.01998	0.00946	0.00722	0.00236	0.00604	0.00775	0.00722	0.01142
29	0.00864	0.00719	0.00754	0.00751	0.00977	0.00610	0.00561	0.01062	0.01666	0.02040	0.15175	0.08534	0.60299	0.01771	0.00843	0.00240	0.00359	0.01490	0.00677	0.00610
30	0.01904	0.75404	0.03731	0.01218	0.01828	0.02818	0.01218	0.02132	0.01447	0.01675	0.00990	0.01142	0.00914	0.00609	0.00457	0.00152	0.00761	0.00381	0.00305	0.00914
31	0.01658	0.01855	0.03833	0.02795	0.03383	0.01870	0.55831	0.02177	0.01573	0.02177	0.01348	0.01855	0.01054	0.00718	0.01113	0.00253	0.14427	0.00801	0.00351	0.00927
32	0.00868	0.00620	0.00826	0.00991	0.01033	0.00578	0.00661	0.00991	0.01363	0.01818	0.03925	0.74510	0.04710	0.02231	0.00909	0.00289	0.00413	0.02024	0.00661	0.00578
33	0.01682	0.01636	0.02661	0.22552	0.50843	0.04022	0.02103	0.02110	0.01582	0.02172	0.01312	0.01782	0.01073	0.00658	0.00705	0.00217	0.00888	0.00628	0.00343	0.01028
34	0.01237	0.00618	0.00928	0.00928	0.00928	0.00618	0.00618	0.00928	0.00928	0.01237	0.01237	0.02165	0.01237	0.02474	0.02783	0.79283	0.00618	0.00618	0.00309	0.00309
35	0.01904	0.75404	0.03731	0.01218	0.01828	0.02818	0.01218	0.02132	0.01447	0.01675	0.00990	0.01142	0.00914	0.00609	0.00457	0.00152	0.00761	0.00381	0.00305	0.00914
36	0.00914	0.00659	0.00868	0.01018	0.01090	0.00620	0.00722	0.01070	0.01414	0.01861	0.04067	0.57872	0.08801	0.04202	0.00992	0.00303	0.00455	0.11832	0.00654	0.00588
37	0.80005	0.01377	0.01047	0.00936	0.01377	0.01597	0.00771	0.02093	0.01212	0.03195	0.00991	0.01157	0.00771	0.00661	0.00441	0.00220	0.00551	0.00386	0.00441	0.00771
38	0.00868	0.00620	0.00826	0.00991	0.01033	0.00578	0.00661	0.00991	0.01363	0.01818	0.03925	0.74510	0.04710	0.02231	0.00909	0.00289	0.00413	0.02024	0.00661	0.00578
39	0.01477	0.01266	0.01477	0.01055	0.01687	0.00949	0.00844	0.01793	0.01477	0.02320	0.01266	0.01477	0.01055	0.00527	0.00527	0.00105	0.00527	0.00422	0.00422	0.79328
40	0.01156	0.00972	0.01311	0.01259	0.01372	0.03707	0.00986	0.01384	0.01165	0.01654	0.01751	0.02637	0.01659	0.07337	0.56776	0.00971	0.12132	0.00742	0.00373	0.00655
41	0.05479	0.58537	0.03252	0.01288	0.01833	0.13526	0.01199	0.02208	0.01513	0.01744	0.01046	0.01274	0.00960	0.02933	0.00583	0.00177	0.00832	0.00413	0.00324	0.00879
42	0.01045	0.00754	0.01101	0.01101	0.01231	0.00870	0.00854	0.01307	0.01176	0.01744	0.01945	0.02784	0.01784	0.04931	0.65652	0.01056	0.01764	0.00754	0.07508	0.00638
43	0.05819	0.03544	0.05429	0.09592	0.05453	0.01510	0.18870	0.04168	0.01553	0.06459	0.01941	0.10022	0.03686	0.01096	0.03029	0.00267	0.09389	0.00853	0.06465	0.00859
44	0.05409	0.21960	0.08513	0.01577	0.02026	0.16521	0.01413	0.09900	0.03611	0.04400	0.01257	0.01490	0.01040	0.00982	0.03560	0.00246	0.14255	0.00521	0.00404	0.00917
45	0.02454	0.01989	0.05097	0.01608	0.02147	0.04214	0.01353	0.53342	0.08857	0.03999	0.01866	0.04620	0.01422	0.01015	0.02449	0.00241	0.00805	0.00701	0.00674	0.01146
46	0.00911	0.00641	0.00823	0.00941	0.00981	0.00607	0.00613	0.01021	0.01332	0.01785	0.07367	0.55834	0.04378	0.17507	0.01477	0.00370	0.00467	0.01774	0.00620	0.00553
47	0.00892	0.00723	0.00791	0.00774	0.00993	0.00623	0.00581	0.01119	0.01742	0.02205	0.26252	0.06389	0.51030	0.01698	0.00841	0.00235	0.00353	0.01438	0.00698	0.00623
48	0.01441	0.01216	0.01446	0.06734	0.01828	0.01141	0.00965	0.06794	0.08675	0.02416	0.05078	0.07666	0.11563	0.00977	0.00731	0.00183	0.03438	0.00802	0.00527	0.36377
49	0.01899	0.02006	0.02392	0.04582	0.30108	0.17866	0.01752	0.04013	0.01593	0.02049	0.01205	0.01639	0.01050	0.01011	0.03853	0.00269	0.20822	0.00596	0.00355	0.00939
50	0.01475	0.01390	0.01828	0.01612	0.01682	0.04425	0.01310	0.04183	0.01225	0.01790	0.01295	0.02036	0.01251	0.05925	0.20890	0.00544	0.45369	0.00675	0.00354	0.00742
51	0.01627	0.01540	0.06910	0.01299	0.01929	0.01196	0.03938	0.06269	0.03714	0.04578	0.01389	0.01582	0.01107	0.00615	0.00645	0.00143	0.03398	0.00491	0.00448	0.57182
52	0.05200	0.28748	0.34540	0.04388	0.04525	0.07347	0.01918	0.02230	0.01509	0.02040	0.01151	0.01366	0.00910	0.00656	0.00588	0.00196	0.00935	0.00471	0.00315	0.00966
53	0.01010	0.00778	0.01062	0.08110	0.01504	0.00813	0.00872	0.01272	0.04702	0.01879	0.03437	0.53780	0.03962	0.04663	0.01037	0.00300	0.03054	0.06523	0.00609	0.00633
54	0.01036	0.00690	0.00777	0.00777	0.00777	0.00690	0.00431	0.01036	0.01036	0.01381	0.02244	0.04660	0.02589	0.74975	0.03624	0.00690	0.00690	0.01036	0.00431	0.00431
55	0.02516	0.01886	0.01894	0.01498	0.01991	0.07661	0.01219	0.50836	0.02922	0.06233	0.01787	0.01838	0.01296	0.00842	0.00675	0.00204	0.00752	0.00632	0.12218	0.01099
56	0.01025	0.00728	0.00921	0.00996	0.01072	0.00719	0.00680	0.04671	0.01430	0.01923	0.06591	0.46830	0.03996	0.17071	0.05726	0.00416	0.00582	0.03423	0.00606	0.00593
57	0.01004	0.00759	0.00914	0.00871	0.01055	0.00705	0.00644	0.01355	0.04854	0.02538	0.47487	0.05521	0.21394	0.06549	0.01026	0.00261	0.00376	0.01300	0.00728	0.00659
58	0.01711	0.12178	0.02464	0.26686	0.18520	0.05285	0.01704	0.06336	0.04123	0.02156	0.01303	0.01692	0.01052	0.00718	0.00757	0.00210	0.05334	0.00579	0.00374	0.06818
59	0.00868	0.00620	0.00826	0.00991	0.01033	0.00578	0.00661	0.00991	0.01363	0.01818	0.03925	0.74510	0.04710	0.02231	0.00909	0.00289	0.00413	0.02024	0.00661	0.00578
60	0.01810	0.01568	0.05160	0.01312	0.01952	0.01296	0.03603	0.16462	0.01915	0.05093	0.01422	0.01578	0.01106	0.00621	0.00594	0.00144	0.00638	0.00501	0.00493	0.52733
61	0.02062	0.52929	0.03240	0.01374	0.01919	0.06062	0.01276	0.14186	0.01795	0.02195	0.01123	0.01284	0.00970	0.00708	0.00654	0.00177	0.06261	0.00450	0.00383	0.00954
62	0.15882	0.54069	0.03093	0.01331	0.04322	0.07757	0.01186	0.02181	0.01454	0.01975	0.01011	0.01178	0.00897	0.00629	0.00477	0.00169	0.00766	0.00397	0.00335	0.00890
63	0.01258	0.01148	0.01897	0.60074	0.04198	0.01399	0.01737	0.01668	0.01413	0.01819	0.01751	0.15150	0.01635	0.00989	0.00748	0.00247	0.00851	0.00887	0.00379	0.00752
64	0.01167	0.08598	0.01244	0.00947	0.01182	0.00932	0.00738	0.01509	0.04436	0.04860	0.41283	0.12036	0.15492	0.01462	0.00798	0.00226	0.00411	0.01263	0.00703	0.00713
65	0.74242	0.01365	0.01092	0.00961	0.01410	0.01556	0.00792	0.02196	0.01274	0.08284	0.01128	0.01252	0.00846	0.00678	0.00461	0.00220	0.00555	0.00410	0.00474	0.00804
66	0.00873	0.00624	0.00831	0.00988	0.01034	0.00582	0.00661	0.01005	0.01389	0.01858	0.06494	0.71827	0.04788	0.02201	0.00906	0.00287	0.00410	0.01996	0.00666	0.00582
67	0.01733	0.01662	0.02837	0.09197	0.65935	0.01684	0.02171	0.02160	0.01608	0.02291	0.01334	0.01772	0.01115	0.00640	0.00705	0.00213	0.00853	0.00634	0.00350	0.01104
68	0.00878	0.00627	0.00838	0.01003	0.01049	0.00587	0.00679	0.01010	0.01374	0.01829	0.03919	0.72017	0.04687	0.02221	0.00912	0.00291	0.00422	0.04414	0.00661	0.00581
69	0.00934	0.00731	0.01018	0.01065	0.01199	0.00672	0.04304	0.01122	0.01486	0.01939	0.07700	0.48367	0.17870	0.01998	0.00894	0.00276	0.00460	0.06701	0.00650	0.00614
70	0.02015	0.01407	0.01670	0.01391	0.01714	0.01561	0.01112	0.28380	0.02219	0.10911	0.07123	0.08254	0.04161	0.08498	0.03614	0.00316	0.11630	0.02460	0.00632	0.00932
71	0.01255	0.00667	0.00969	0.00937	0.00985	0.00643	0.00635	0.00993	0.00969	0.01318	0.01239	0.02113	0.01223	0.02328	0.02614	0.73342	0.00612	0.00604	0.00318	0.06238
72	0.01839	0.67525	0.03469	0.01191	0.01790	0.02609	0.01169	0.02072	0.01455	0.01731	0.01204	0.01344	0.03075	0.00640	0.00474	0.00152	0.00731	0.00419	0.00324	0.06787
73	0.01919	0.35386	0.14666	0.01657	0.04038	0.12864	0.01569	0.05440	0.01586	0.01947	0.01092	0.01334	0.00936	0.00750	0.00829	0.00199	0.12055	0.00474	0.00336	0.00924
74	0.05082	0.13367	0.09403	0.10793	0.17046	0.04359	0.01665	0.04814	0.07547	0.02236	0.01380	0.01698	0.01124	0.00791	0.00897	0.00222	0.12161	0.00582	0.03885	0.00948
75	0.00868	0.00620	0.00826	0.00991	0.01033	0.00578	0.00661	0.00991	0.01363	0.01818	0.03925	0.74510	0.04710	0.02231	0.00909	0.00289	0.00413	0.02024	0.00661	0.00578
76	0.03049	0.01242	0.01656	0.01263	0.01821	0.01078	0.01042	0.05523	0.02040	0.63631	0.02656	0.02329	0.01691	0.00854	0.00702	0.00211	0.00606	0.00691	0.00841	0.07072
77	0.00970	0.00719	0.00905	0.00874	0.01045	0.00653	0.00650	0.01265	0.01903	0.02625	0.54903	0.10761	0.16949	0.01571	0.00845	0.00232	0.00346	0.01378	0.00755	0.00653
78	0.02707	0.01995	0.02137	0.01638	0.02208	0.02208	0.01353	0.68159	0.03348	0.04488	0.01710	0.01710	0.01211	0.00855	0.00712	0.00214	0.00784	0.00641	0.00712	0.01211
79	0.01600	0.02107	0.15222	0.02518	0.05099	0.01892	0.33604	0.02095	0.01462	0.02099	0.01250	0.01729	0.01005	0.00818	0.01279	0.00259	0.23993	0.00711	0.00334	0.00924
80	0.00918	0.00675	0.00908	0.01053	0.01102	0.00665	0.00736	0.01059	0.01372	0.01837	0.03785	0.66411	0.04502	0.02169	0.00976	0.00293	0.03580	0.06722	0.00646	0.00593
81	0.01560	0.02569	0.30845	0.02594	0.06012	0.01695	0.36354	0.02232	0.01606	0.02266	0.01472	0.02010	0.01141	0.00691	0.00776	0.00237	0.01104	0.03496	0.00349	0.00991
82	0.01864	0.01467	0.02300	0.06023	0.37882	0.01472	0.03720	0.05254	0.06798	0.12237	0.02152	0.09867	0.03937	0.00916	0.00739	0.00226	0.00741	0.00842	0.00514	0.01048
83	0.02467	0.02940	0.02131	0.07430	0.09883	0.53700	0.01508	0.07779	0.02034	0.02026	0.01187	0.01415	0.00966	0.00731	0.00660	0.00193	0.01172	0.00505	0.00388	0.00886
84	0.02465	0.04818	0.06762	0.01643	0.05124	0.01550	0.06045	0.22066	0.02269	0.28174	0.06181	0.02314	0.01768	0.04491	0.00860	0.00240	0.00737	0.00722	0.00678	0.01095

[dist]
# distance from previous block
# <min> <max>
1	9

[block]
# block no. 3 follows, 29 sequences, length 157
# corresponding to MSA columns:
# 249-405
name=unknown_D
#
# <colnr> <probs for GDERKNQSTAVLIFYWHMCP>
#	G	D	E	R	K	N	Q	S	T	A	V	L	I	F	Y	W	H	M	C	P
0	0.10834	0.00981	0.01239	0.09736	0.06034	0.01011	0.00966	0.01657	0.05153	0.04909	0.22020	0.12238	0.15338	0.01342	0.00771	0.00240	0.00515	0.03651	0.00619	0.00747
1	0.06145	0.04673	0.06768	0.20567	0.26966	0.16133	0.01852	0.04752	0.01683	0.02182	0.01251	0.01625	0.01002	0.00686	0.00669	0.00212	0.00953	0.00569	0.00360	0.00953
2	0.08233	0.11004	0.02157	0.01681	0.02082	0.48391	0.01321	0.09372	0.01984	0.02123	0.01134	0.01317	0.00937	0.00754	0.00702	0.00192	0.04876	0.00472	0.00398	0.00869
3	0.51349	0.11497	0.06375	0.01200	0.01692	0.13723	0.01059	0.02237	0.01399	0.02687	0.01029	0.01200	0.00823	0.00668	0.00493	0.00206	0.00737	0.00407	0.00401	0.00818
4	0.01565	0.01360	0.05009	0.09150	0.01884	0.04019	0.01115	0.06741	0.16459	0.02548	0.02276	0.02496	0.04788	0.01080	0.03323	0.00249	0.07335	0.00714	0.27040	0.00850
5	0.00924	0.00672	0.00880	0.01030	0.01101	0.00642	0.00720	0.01133	0.03693	0.01890	0.03965	0.63919	0.06362	0.02151	0.00908	0.00290	0.00440	0.08013	0.00663	0.00605
6	0.02791	0.01284	0.01640	0.01314	0.01815	0.01210	0.01085	0.11521	0.06592	0.50001	0.02889	0.02965	0.03970	0.01005	0.00743	0.00231	0.00623	0.06358	0.00823	0.01140
7	0.01036	0.00690	0.00777	0.00777	0.00777	0.00690	0.00431	0.01036	0.01036	0.01381	0.02244	0.04660	0.02589	0.74975	0.03624	0.00690	0.00690	0.01036	0.00431	0.00431
8	0.01574	0.01389	0.01525	0.01111	0.01729	0.04251	0.00886	0.04191	0.01568	0.02371	0.01274	0.01476	0.01054	0.00548	0.00539	0.00113	0.00571	0.00431	0.00430	0.72969
9	0.00912	0.00724	0.00820	0.00796	0.01005	0.00631	0.00597	0.01159	0.01790	0.02321	0.34030	0.06199	0.43180	0.01655	0.00841	0.00233	0.00350	0.01411	0.00713	0.00631
10	0.45295	0.01467	0.01631	0.12220	0.12795	0.01652	0.01240	0.08946	0.01559	0.05563	0.01229	0.01466	0.00936	0.00693	0.00560	0.00221	0.00682	0.00500	0.00453	0.00892
11	0.01036	0.00690	0.00777	0.00777	0.00777	0.00690	0.00431	0.01036	0.01036	0.01381	0.02244	0.04660	0.02589	0.74975	0.03624	0.00690	0.00690	0.01036	0.00431	0.00431
12	0.01737	0.01499	0.01595	0.01404	0.01833	0.01676	0.01094	0.03554	0.61426	0.02903	0.02710	0.02520	0.02045	0.00915	0.00702	0.00226	0.00559	0.00761	0.00690	0.10152
13	0.01345	0.01266	0.02136	0.73264	0.04904	0.01582	0.01978	0.01819	0.01424	0.01819	0.01266	0.01898	0.00949	0.00712	0.00712	0.00237	0.00949	0.00633	0.00316	0.00791
14	0.80005	0.01377	0.01047	0.00936	0.01377	0.01597	0.00771	0.02093	0.01212	0.03195	0.00991	0.01157	0.00771	0.00661	0.00441	0.00220	0.00551	0.00386	0.00441	0.00771
15	0.01036	0.00690	0.00777	0.00777	0.00777	0.00690	0.00431	0.01036	0.01036	0.01381	0.02244	0.04660	0.02589	0.74975	0.03624	0.00690	0.00690	0.01036	0.00431	0.00431
16	0.80005	0.01377	0.01047	0.00936	0.01377	0.01597	0.00771	0.02093	0.01212	0.03195	0.00991	0.01157	0.00771	0.00661	0.00441	0.00220	0.00551	0.00386	0.00441	0.00771
17	0.00878	0.00627	0.00838	0.01003	0.01049	0.00587	0.00678	0.01009	0.01373	0.01829	0.03919	0.72127	0.04688	0.02221	0.00912	0.00291	0.00422	0.04309	0.00661	0.00581
18	0.01835	0.01830	0.02819	0.04165	0.64986	0.07409	0.02120	0.02239	0.01654	0.02279	0.01320	0.01724	0.01111	0.00643	0.00700	0.00209	0.00882	0.00620	0.00354	0.01103
19	0.01364	0.01285	0.02171	0.70051	0.07964	0.01587	0.01987	0.01836	0.01433	0.01843	0.01269	0.01892	0.00958	0.00708	0.00712	0.00236	0.00944	0.00633	0.00318	0.00807
20	0.01762	0.01692	0.02890	0.04371	0.70533	0.01692	0.02185	0.02185	0.01621	0.02326	0.01339	0.01762	0.01128	0.00634	0.00705	0.00211	0.00846	0.00634	0.00352	0.01128
21	0.01701	0.01024	0.01062	0.00927	0.01203	0.01082	0.00729	0.19649	0.01995	0.03151	0.02157	0.02399	0.01659	0.00836	0.00556	0.00179	0.00454	0.00658	0.57769	0.00812
22	0.01138	0.00817	0.01134	0.01293	0.01460	0.00813	0.01129	0.01461	0.01639	0.02125	0.03876	0.07996	0.06123	0.01962	0.00979	0.00325	0.00647	0.63774	0.00656	0.00654
23	0.04317	0.05607	0.48710	0.05778	0.17314	0.01698	0.02390	0.02210	0.01512	0.02263	0.01270	0.01551	0.00948	0.00666	0.00668	0.00220	0.00976	0.00544	0.00317	0.01041
24	0.01237	0.00618	0.00928	0.00928	0.00928	0.00618	0.00618	0.00928	0.00928	0.01237	0.01237	0.02165	0.01237	0.02474	0.02783	0.79283	0.00618	0.00618	0.00309	0.00309
25	0.00868	0.00620	0.00826	0.00991	0.01033	0.00578	0.00661	0.00991	0.01363	0.01818	0.03925	0.74510	0.04710	0.02231	0.00909	0.00289	0.00413	0.02024	0.00661	0.00578
26	0.01657	0.02646	0.31556	0.03050	0.28445	0.05347	0.12595	0.02263	0.01602	0.02259	0.01317	0.01654	0.01015	0.00652	0.00711	0.00220	0.01010	0.00612	0.00333	0.01055
27	0.01445	0.06223	0.68894	0.02001	0.03037	0.01695	0.02581	0.02251	0.01501	0.02235	0.01268	0.01491	0.00902	0.00674	0.00669	0.00223	0.01042	0.00521	0.00301	0.01047
28	0.01237	0.00618	0.00928	0.00928	0.00928	0.00618	0.00618	0.00928	0.00928	0.01237	0.01237	0.02165	0.01237	0.02474	0.02783	0.79283	0.00618	0.00618	0.00309	0.00309
29	0.01681	0.01921	0.04202	0.03001	0.03721	0.01801	0.67947	0.02281	0.01681	0.02281	0.01441	0.01921	0.01080	0.00600	0.00840	0.00240	0.01200	0.00840	0.00360	0.00960
30	0.01794	0.01673	0.04330	0.22586	0.28941	0.03806	0.01860	0.14031	0.04341	0.02567	0.01593	0.02212	0.01313	0.00799	0.00724	0.00227	0.00860	0.04897	0.00440	0.01007
31	0.00868	0.00620	0.00826	0.00991	0.01033	0.00578	0.00661	0.00991	0.01363	0.01818	0.03925	0.74510	0.04710	0.02231	0.00909	0.00289	0.00413	0.02024	0.00661	0.00578
32	0.01566	0.01263	0.01486	0.01066	0.01694	0.00954	0.00854	0.01880	0.01506	0.05885	0.01346	0.01526	0.01091	0.00546	0.00537	0.00111	0.00531	0.00437	0.00446	0.75275
33	0.01017	0.00763	0.01144	0.01144	0.01272	0.00890	0.00890	0.01272	0.01144	0.01653	0.01907	0.02797	0.01780	0.05340	0.72153	0.01144	0.01907	0.00763	0.00381	0.00636
34	0.01836	0.01617	0.01643	0.01470	0.01877	0.04531	0.01144	0.05823	0.64497	0.02979	0.02790	0.02573	0.02094	0.00953	0.00721	0.00238	0.00599	0.00786	0.00710	0.01118
35	0.02707	0.01995	0.02137	0.01638	0.02208	0.02208	0.01353	0.68159	0.03348	0.04488	0.01710	0.01710	0.01211	0.00855	0.00712	0.00214	0.00784	0.00641	0.00712	0.01211
36	0.01477	0.01266	0.01477	0.01055	0.01687	0.00949	0.00844	0.01793	0.01477	0.02320	0.01266	0.01477	0.01055	0.00527	0.00527	0.00105	0.00527	0.00422	0.00422	0.79328
37	0.01017	0.00763	0.01144	0.01144	0.01272	0.00890	0.00890	0.01272	0.01144	0.01653	0.01907	0.02797	0.01780	0.05340	0.72153	0.01144	0.01907	0.00763	0.00381	0.00636
38	0.01746	0.01173	0.01365	0.01174	0.01496	0.01224	0.00919	0.17262	0.11746	0.09930	0.26506	0.05678	0.03580	0.03400	0.03621	0.00271	0.00572	0.00963	0.06470	0.00903
39	0.01931	0.72854	0.03671	0.01240	0.01841	0.05271	0.01224	0.02157	0.01467	0.01678	0.00994	0.01147	0.00914	0.00614	0.00463	0.00153	0.00780	0.00384	0.00307	0.00911
40	0.03002	0.01343	0.01712	0.01332	0.01872	0.01264	0.01094	0.11930	0.08320	0.56167	0.02674	0.02352	0.01728	0.00886	0.00716	0.00221	0.00625	0.00714	0.00845	0.01204
41	0.02707	0.01995	0.02137	0.01638	0.02208	0.02208	0.01353	0.68159	0.03348	0.04488	0.01710	0.01710	0.01211	0.00855	0.00712	0.00214	0.00784	0.00641	0.00712	0.01211
42	0.01516	0.01498	0.02099	0.01814	0.01820	0.02082	0.01504	0.01674	0.01101	0.01715	0.01068	0.03994	0.01089	0.01427	0.04823	0.00341	0.68667	0.00674	0.00326	0.00767
43	0.00867	0.00624	0.00822	0.00981	0.01030	0.00579	0.00656	0.00993	0.01373	0.01822	0.04053	0.71869	0.07268	0.02214	0.00906	0.00287	0.00411	0.02004	0.00661	0.00579
