[name]
unknown

[dist]
# distance from previous block
# <min> <max>
29	46

[block]
# block no. 0 follows, 27 sequences, length 30
# corresponding to MSA columns:
# 60-89
name=unknown_A
#
# <colnr> <probs for GDERKNQSTAVLIFYWHMCP>
#	G	D	E	R	K	N	Q	S	T	A	V	L	I	F	Y	W	H	M	C	P
0	0.01984	0.18969	0.15319	0.01831	0.02565	0.02051	0.12991	0.17987	0.02051	0.02796	0.01400	0.01605	0.01081	0.00695	0.00666	0.00196	0.00895	0.00582	0.00451	0.13884
1	0.08573	0.21166	0.02740	0.01666	0.02250	0.04695	0.11069	0.15455	0.13859	0.02863	0.01638	0.01750	0.01276	0.00754	0.00652	0.00205	0.00812	0.00610	0.00514	0.07453
2	0.01941	0.09439	0.18561	0.02268	0.12493	0.10096	0.08374	0.07808	0.03769	0.04723	0.04599	0.01859	0.01389	0.00772	0.00769	0.00216	0.03629	0.00634	0.00438	0.06222
3	0.01914	0.11028	0.02137	0.03625	0.02094	0.06684	0.04369	0.12402	0.14878	0.02794	0.06587	0.02085	0.01750	0.00798	0.00664	0.00187	0.00720	0.00644	0.00549	0.24090
4	0.01216	0.00825	0.01040	0.01063	0.01242	0.00756	0.00758	0.04423	0.01644	0.06624	0.08676	0.49918	0.08812	0.01930	0.00882	0.00269	0.00462	0.01722	0.00696	0.07043
5	0.01058	0.00779	0.00888	0.00847	0.01085	0.00676	0.00640	0.01311	0.01867	0.05548	0.30433	0.06325	0.42476	0.01698	0.00871	0.00243	0.00378	0.01444	0.00748	0.00684
6	0.02566	0.01927	0.04728	0.01611	0.02194	0.01989	0.01355	0.41876	0.15380	0.11150	0.02096	0.02027	0.01493	0.00890	0.00733	0.00223	0.00750	0.00692	0.00730	0.05591
7	0.02184	0.16030	0.02174	0.01469	0.01961	0.05585	0.01209	0.07053	0.38595	0.12153	0.02449	0.02294	0.01822	0.00902	0.00694	0.00226	0.00686	0.00711	0.00672	0.01132
8	0.02058	0.01006	0.01321	0.01113	0.01473	0.00906	0.00880	0.02434	0.04363	0.31912	0.34985	0.04219	0.07653	0.01258	0.00816	0.00233	0.00482	0.01078	0.00853	0.00957
9	0.01189	0.00916	0.01105	0.01030	0.01257	0.00912	0.00781	0.01858	0.14511	0.02934	0.52208	0.05131	0.10387	0.01446	0.00853	0.00238	0.00397	0.01263	0.00797	0.00785
10	0.02587	0.01970	0.02148	0.01780	0.04849	0.02189	0.01397	0.51634	0.16384	0.04274	0.02016	0.01983	0.01461	0.00906	0.00745	0.00229	0.00773	0.00702	0.00731	0.01242
11	0.00901	0.00736	0.00797	0.00817	0.01026	0.00631	0.00599	0.01098	0.01696	0.02098	0.13930	0.17421	0.51851	0.01909	0.00888	0.00257	0.00382	0.01627	0.00704	0.00631
12	0.00903	0.00653	0.00854	0.01016	0.01072	0.00604	0.00681	0.01036	0.01438	0.01902	0.04308	0.69235	0.08961	0.02298	0.00943	0.00298	0.00427	0.02076	0.00689	0.00604
13	0.01730	0.01546	0.01967	0.04753	0.20260	0.01693	0.01444	0.03127	0.40865	0.02766	0.02976	0.02932	0.08690	0.00992	0.00762	0.00243	0.00660	0.00858	0.00628	0.01107
14	0.01848	0.02013	0.02445	0.02056	0.02198	0.14877	0.07834	0.02060	0.01374	0.01849	0.01057	0.01608	0.00986	0.01136	0.01961	0.00293	0.52585	0.00640	0.00340	0.00839
15	0.01614	0.01660	0.02429	0.02024	0.02166	0.05350	0.11757	0.01847	0.01315	0.01894	0.01439	0.10259	0.01468	0.01290	0.01926	0.00304	0.49207	0.00852	0.00379	0.00819
16	0.01402	0.01319	0.02227	0.72126	0.05113	0.01649	0.02062	0.01897	0.01484	0.01897	0.01319	0.01979	0.00990	0.00742	0.00742	0.00247	0.00990	0.00660	0.00330	0.00825
17	0.02822	0.02079	0.02228	0.01708	0.02302	0.02302	0.01411	0.66804	0.03490	0.04679	0.01782	0.01782	0.01262	0.00891	0.00743	0.00223	0.00817	0.00668	0.00743	0.01262
18	0.01837	0.01764	0.03013	0.04557	0.69279	0.01764	0.02278	0.02278	0.01690	0.02425	0.01396	0.01837	0.01176	0.00661	0.00735	0.00220	0.00882	0.00661	0.00367	0.01176
19	0.02760	0.02049	0.02193	0.01696	0.02279	0.02273	0.01396	0.62829	0.07566	0.04579	0.01861	0.01845	0.01326	0.00899	0.00743	0.00225	0.00802	0.00679	0.00743	0.01257
20	0.01402	0.01319	0.02227	0.72126	0.05113	0.01649	0.02062	0.01897	0.01484	0.01897	0.01319	0.01979	0.00990	0.00742	0.00742	0.00247	0.00990	0.00660	0.00330	0.00825
21	0.01289	0.00645	0.00967	0.00967	0.00967	0.00645	0.00645	0.00967	0.00967	0.01289	0.01289	0.02257	0.01289	0.02579	0.02901	0.78401	0.00645	0.00645	0.00322	0.00322
22	0.06911	0.02092	0.02070	0.05002	0.02332	0.09487	0.01376	0.44087	0.12539	0.03936	0.01832	0.01856	0.01338	0.00876	0.00721	0.00225	0.00834	0.00658	0.00671	0.01160
23	0.01623	0.01933	0.12873	0.01723	0.02038	0.05427	0.01547	0.02374	0.17474	0.02175	0.01724	0.02186	0.01469	0.05062	0.09918	0.00408	0.27978	0.00708	0.00445	0.00914
24	0.00905	0.00676	0.00843	0.00965	0.01061	0.00613	0.00661	0.01059	0.01516	0.01973	0.08024	0.55016	0.19616	0.02185	0.00928	0.00287	0.00414	0.01949	0.00695	0.00613
25	0.01327	0.01241	0.01836	0.36710	0.03318	0.04636	0.03808	0.01667	0.01468	0.01895	0.02179	0.24078	0.02240	0.01459	0.03715	0.00304	0.05801	0.01112	0.00448	0.00757
26	0.02651	0.01995	0.02132	0.01674	0.02237	0.02222	0.01370	0.55809	0.14764	0.04403	0.01999	0.01955	0.01438	0.00911	0.00745	0.00228	0.00777	0.00698	0.00745	0.01247
27	0.01042	0.00686	0.00919	0.01061	0.01137	0.00638	0.00729	0.01187	0.01469	0.05448	0.04025	0.67306	0.04726	0.02242	0.00940	0.00299	0.00451	0.04354	0.00701	0.00640
28	0.01521	0.01015	0.01214	0.01101	0.01314	0.02629	0.02324	0.06176	0.03318	0.08426	0.02797	0.05948	0.08532	0.19668	0.15177	0.00533	0.02569	0.00944	0.14057	0.00737
29	0.01673	0.01335	0.01587	0.03806	0.01894	0.01088	0.00960	0.06277	0.01690	0.05682	0.01563	0.05159	0.01329	0.00685	0.00599	0.00138	0.00582	0.00560	0.00491	0.62903

[dist]
# distance from previous block
# <min> <max>
0	4

[block]
# block no. 1 follows, 27 sequences, length 31
# corresponding to MSA columns:
# 94-124
name=unknown_B
#
# <colnr> <probs for GDERKNQSTAVLIFYWHMCP>
#	G	D	E	R	K	N	Q	S	T	A	V	L	I	F	Y	W	H	M	C	P
0	0.02401	0.07548	0.02322	0.01979	0.08614	0.18313	0.01469	0.27570	0.06003	0.03066	0.01524	0.01703	0.01198	0.00987	0.02823	0.00246	0.07820	0.00608	0.00533	0.03274
1	0.63194	0.01374	0.01171	0.06272	0.01690	0.01586	0.00892	0.02166	0.04334	0.03124	0.01541	0.01706	0.04622	0.00778	0.00518	0.00231	0.00588	0.00513	0.02890	0.00809
2	0.01018	0.00704	0.00818	0.00861	0.00894	0.00682	0.00520	0.01067	0.01219	0.01603	0.03230	0.22280	0.09020	0.49664	0.02815	0.00574	0.00617	0.01381	0.00531	0.00504
3	0.01892	0.13186	0.02097	0.01496	0.01940	0.02037	0.01222	0.06840	0.46144	0.02850	0.02416	0.02328	0.01859	0.00942	0.00821	0.00234	0.05768	0.00728	0.00640	0.04559
4	0.01795	0.01388	0.01619	0.01174	0.01821	0.01123	0.00946	0.08212	0.01770	0.07647	0.01483	0.01636	0.01170	0.00610	0.00583	0.00130	0.00581	0.00485	0.00504	0.65322
5	0.04829	0.07234	0.01960	0.01489	0.01947	0.09149	0.01199	0.21867	0.18126	0.06078	0.02259	0.02359	0.05184	0.04406	0.00924	0.00245	0.03924	0.00718	0.00622	0.05481
6	0.01748	0.09800	0.15277	0.02430	0.03098	0.01923	0.34307	0.02284	0.01607	0.05202	0.01450	0.01869	0.01129	0.01003	0.04792	0.00297	0.09692	0.00731	0.00378	0.00984
7	0.01177	0.00756	0.00885	0.00854	0.00928	0.00730	0.00533	0.01264	0.01346	0.05213	0.14262	0.04990	0.07195	0.53468	0.02953	0.00583	0.00631	0.01136	0.00551	0.00545
8	0.02822	0.02079	0.02228	0.01708	0.02302	0.02302	0.01411	0.66804	0.03490	0.04679	0.01782	0.01782	0.01262	0.00891	0.00743	0.00223	0.00817	0.00668	0.00743	0.01262
9	0.01744	0.07047	0.11902	0.02997	0.08728	0.01922	0.49788	0.02357	0.01710	0.02336	0.01442	0.01885	0.01097	0.00638	0.00818	0.00240	0.01174	0.00789	0.00364	0.01023
10	0.00885	0.00752	0.00763	0.00760	0.01008	0.00630	0.00570	0.01081	0.01711	0.02050	0.10335	0.07071	0.66135	0.01863	0.00877	0.00250	0.00375	0.01556	0.00695	0.00630
11	0.01875	0.01217	0.01400	0.01232	0.01606	0.01245	0.00961	0.05236	0.25897	0.17749	0.12995	0.07892	0.14962	0.01287	0.00803	0.00246	0.00526	0.01086	0.00784	0.01001
12	0.00903	0.00651	0.00857	0.01022	0.01074	0.00604	0.00684	0.01035	0.01433	0.01900	0.04237	0.70620	0.07622	0.02307	0.00945	0.00299	0.00428	0.02087	0.00689	0.00604
13	0.04116	0.01781	0.06920	0.11367	0.03198	0.01796	0.31238	0.02058	0.01523	0.02187	0.01550	0.07162	0.01353	0.00931	0.01184	0.00267	0.17194	0.00849	0.02428	0.00897
14	0.00899	0.00669	0.00837	0.00972	0.01061	0.00608	0.00662	0.01041	0.01481	0.01919	0.04842	0.58923	0.18928	0.02228	0.00932	0.00290	0.00419	0.01991	0.00689	0.00608
15	0.01618	0.01540	0.02618	0.38530	0.37017	0.01706	0.02169	0.02086	0.01587	0.02160	0.01358	0.01909	0.01082	0.00702	0.00739	0.00234	0.00936	0.00661	0.00349	0.00999
16	0.02778	0.03393	0.02116	0.01892	0.02296	0.64091	0.01432	0.09326	0.02242	0.02102	0.01211	0.01383	0.00987	0.00778	0.00677	0.00194	0.01287	0.00497	0.00418	0.00901
17	0.02531	0.02931	0.02117	0.02056	0.08058	0.47569	0.01460	0.07827	0.13834	0.02311	0.01548	0.01669	0.01230	0.00808	0.00696	0.00207	0.01127	0.00572	0.00474	0.00974
18	0.01678	0.01315	0.01554	0.01117	0.01770	0.00997	0.00896	0.02005	0.01585	0.07637	0.01444	0.01616	0.01157	0.00578	0.00565	0.00119	0.00556	0.00464	0.00477	0.72470
19	0.01621	0.01643	0.02520	0.07971	0.02443	0.02174	0.09363	0.01866	0.01239	0.01866	0.01066	0.01699	0.00994	0.01173	0.02109	0.00310	0.58099	0.00677	0.00331	0.00836
20	0.00904	0.00646	0.00861	0.01034	0.01077	0.00603	0.00689	0.01034	0.01421	0.01895	0.04092	0.73426	0.04910	0.02326	0.00948	0.00301	0.00431	0.02110	0.00689	0.00603
21	0.03018	0.01296	0.01696	0.01320	0.01851	0.01180	0.01082	0.10327	0.02273	0.55098	0.10231	0.02785	0.02356	0.00983	0.00761	0.00229	0.00620	0.00805	0.00888	0.01200
22	0.00902	0.00654	0.00853	0.01013	0.01071	0.00605	0.00680	0.01036	0.01441	0.01903	0.04347	0.68495	0.09676	0.02293	0.00942	0.00298	0.00427	0.02070	0.00689	0.00605
23	0.01630	0.01530	0.02230	0.51060	0.04212	0.04546	0.01902	0.08196	0.01646	0.02145	0.01301	0.01877	0.01012	0.00849	0.01017	0.00255	0.12703	0.00652	0.00371	0.00866
24	0.01078	0.00727	0.00847	0.00847	0.00860	0.00740	0.00496	0.01103	0.01091	0.01467	0.02305	0.04671	0.02617	0.67308	0.10269	0.00765	0.00842	0.01052	0.00445	0.00470
25	0.01080	0.00720	0.00810	0.00810	0.00810	0.00720	0.00450	0.01080	0.01080	0.01439	0.02339	0.04858	0.02699	0.73910	0.03779	0.00720	0.00720	0.01080	0.00450	0.00450
26	0.01457	0.01417	0.01728	0.01582	0.01729	0.09616	0.06399	0.03725	0.01519	0.01986	0.02598	0.36965	0.02931	0.01673	0.01311	0.00288	0.20437	0.01367	0.00529	0.00745
27	0.01138	0.00699	0.00853	0.00853	0.00853	0.00699	0.00504	0.01048	0.01048	0.01398	0.02048	0.04137	0.02308	0.54138	0.03535	0.22252	0.00699	0.00959	0.00414	0.00414
28	0.01909	0.01592	0.01677	0.01487	0.01909	0.01828	0.01163	0.09377	0.58881	0.03227	0.02882	0.02683	0.02159	0.00990	0.00742	0.00245	0.00595	0.00817	0.04681	0.01158
29	0.01421	0.01425	0.03587	0.12698	0.05477	0.04321	0.13760	0.01966	0.08474	0.02247	0.08750	0.15416	0.11091	0.01262	0.00916	0.00257	0.04415	0.01138	0.00537	0.00842
30	0.01784	0.01786	0.02439	0.27114	0.03346	0.08924	0.08486	0.07719	0.03388	0.02177	0.01294	0.01806	0.01053	0.00933	0.01299	0.00265	0.24246	0.00666	0.00385	0.00890

[dist]
# distance from previous block
# <min> <max>
0	3

[block]
# block no. 2 follows, 27 sequences, length 36
# corresponding to MSA columns:
# 129-164
name=unknown_C
#
# <colnr> <probs for GDERKNQSTAVLIFYWHMCP>
#	G	D	E	R	K	N	Q	S	T	A	V	L	I	F	Y	W	H	M	C	P
0	0.02764	0.02005	0.02205	0.01705	0.02256	0.02238	0.01409	0.58980	0.03255	0.07833	0.01785	0.01810	0.01272	0.00921	0.00862	0.00230	0.05845	0.00671	0.00722	0.01231
1	0.00979	0.00744	0.00955	0.01054	0.01123	0.00744	0.00737	0.01115	0.01418	0.01874	0.04159	0.50847	0.12842	0.08656	0.01302	0.00336	0.05525	0.04339	0.00642	0.00610
2	0.01566	0.00868	0.00886	0.00821	0.01047	0.00896	0.00632	0.09965	0.01802	0.03010	0.02341	0.02643	0.01822	0.00868	0.00547	0.00179	0.00406	0.00689	0.68250	0.00764
3	0.02253	0.05744	0.02044	0.01694	0.04459	0.16107	0.01310	0.23067	0.02241	0.05062	0.01719	0.06777	0.01465	0.00992	0.00956	0.00225	0.11680	0.00710	0.07781	0.03713
4	0.01708	0.01656	0.02271	0.01932	0.01974	0.02276	0.01609	0.06353	0.01302	0.01990	0.01031	0.01635	0.00995	0.01271	0.02317	0.00318	0.67514	0.00651	0.00354	0.00844
5	0.02512	0.21169	0.02571	0.01649	0.02168	0.25635	0.01364	0.23539	0.07666	0.02829	0.01473	0.01559	0.01159	0.00792	0.00650	0.00198	0.00969	0.00548	0.00512	0.01040
6	0.00946	0.00699	0.00889	0.01012	0.01101	0.00656	0.00694	0.01168	0.03799	0.02038	0.09765	0.58396	0.11749	0.02167	0.00928	0.00289	0.00424	0.01946	0.00702	0.00633
7	0.06766	0.03754	0.01794	0.09076	0.02146	0.06408	0.03355	0.17103	0.05319	0.06784	0.02336	0.14329	0.04225	0.05515	0.05022	0.00326	0.03303	0.00952	0.00579	0.00907
8	0.02786	0.02061	0.02208	0.01701	0.02288	0.02285	0.01402	0.64478	0.05875	0.04620	0.01828	0.01819	0.01300	0.00895	0.00743	0.00224	0.00808	0.00675	0.00743	0.01259
9	0.01110	0.00807	0.01140	0.01129	0.01269	0.00925	0.00878	0.01378	0.01266	0.01875	0.02323	0.03094	0.05632	0.04614	0.55684	0.00980	0.04037	0.00821	0.10367	0.00669
10	0.03050	0.01714	0.02002	0.01535	0.02120	0.01760	0.01268	0.38518	0.02879	0.33828	0.02296	0.02116	0.01520	0.00904	0.00744	0.00226	0.00734	0.00703	0.00822	0.01263
11	0.01906	0.01624	0.01712	0.01523	0.01953	0.01874	0.01189	0.07757	0.64030	0.03201	0.02946	0.02710	0.02205	0.01000	0.00755	0.00250	0.00601	0.00829	0.00755	0.01180
12	0.00942	0.00775	0.00835	0.00857	0.01071	0.00689	0.00628	0.01227	0.05078	0.02095	0.10069	0.19903	0.49409	0.01903	0.00885	0.00260	0.00396	0.01624	0.00700	0.00654
13	0.00943	0.00800	0.00819	0.00806	0.01062	0.00700	0.00607	0.01249	0.05467	0.02127	0.10987	0.06800	0.61444	0.01809	0.00870	0.00250	0.00386	0.01512	0.00701	0.00662
14	0.01624	0.01624	0.02274	0.01949	0.01949	0.02274	0.01624	0.01787	0.01137	0.01787	0.00975	0.01624	0.00975	0.01299	0.02436	0.00325	0.72552	0.00650	0.00325	0.00812
15	0.00941	0.00780	0.00828	0.00824	0.01059	0.00684	0.00614	0.01223	0.04389	0.02171	0.15251	0.10777	0.54215	0.01824	0.00877	0.00252	0.00384	0.01541	0.00709	0.00657
16	0.00904	0.00646	0.00861	0.01034	0.01077	0.00603	0.00689	0.01034	0.01421	0.01895	0.04092	0.73426	0.04910	0.02326	0.00948	0.00301	0.00431	0.02110	0.00689	0.00603
17	0.03071	0.01681	0.01981	0.01519	0.02103	0.01710	0.01255	0.35924	0.02823	0.36502	0.02343	0.02146	0.01544	0.00905	0.00745	0.00226	0.00726	0.00707	0.00829	0.01263
18	0.01402	0.01319	0.02227	0.72126	0.05113	0.01649	0.02062	0.01897	0.01484	0.01897	0.01319	0.01979	0.00990	0.00742	0.00742	0.00247	0.00990	0.00660	0.00330	0.00825
19	0.10922	0.01611	0.01873	0.01458	0.02008	0.01664	0.01205	0.27957	0.02531	0.35175	0.02217	0.02068	0.01476	0.00898	0.00776	0.00230	0.03272	0.00677	0.00782	0.01199
20	0.01402	0.01319	0.02227	0.72126	0.05113	0.01649	0.02062	0.01897	0.01484	0.01897	0.01319	0.01979	0.00990	0.00742	0.00742	0.00247	0.00990	0.00660	0.00330	0.00825
21	0.00977	0.00761	0.01161	0.01212	0.01315	0.00711	0.06295	0.01148	0.01449	0.01936	0.03871	0.67349	0.04588	0.02181	0.00941	0.00297	0.00501	0.02005	0.00662	0.00637
22	0.01804	0.01680	0.02757	0.08609	0.55974	0.01709	0.02091	0.06090	0.01801	0.02531	0.04058	0.02173	0.03893	0.00757	0.00746	0.00224	0.00847	0.00720	0.00416	0.01120
23	0.05333	0.01883	0.02049	0.05234	0.02316	0.02071	0.01344	0.46525	0.12650	0.04070	0.01876	0.01897	0.01366	0.00865	0.00718	0.00219	0.00761	0.00665	0.00688	0.07467
24	0.01647	0.04243	0.02956	0.12904	0.06032	0.01967	0.21748	0.02029	0.01446	0.02058	0.01235	0.01783	0.01041	0.00902	0.01420	0.00264	0.28877	0.00698	0.00351	0.06399
25	0.03312	0.01293	0.01741	0.01335	0.01910	0.01135	0.01103	0.05930	0.02175	0.67411	0.02887	0.02500	0.01817	0.00918	0.00746	0.00229	0.00638	0.00744	0.00912	0.01263
26	0.01748	0.01534	0.02478	0.15084	0.09840	0.01540	0.16069	0.05987	0.01819	0.02488	0.02480	0.20463	0.02445	0.01926	0.09810	0.00431	0.01094	0.01184	0.00576	0.01005
27	0.08230	0.17277	0.16257	0.01845	0.02498	0.02241	0.04063	0.17964	0.05928	0.08321	0.01858	0.02094	0.01457	0.01003	0.00892	0.00277	0.05280	0.00683	0.00610	0.01221
28	0.00925	0.00678	0.00869	0.00982	0.01073	0.00622	0.00675	0.01098	0.01567	0.02086	0.15153	0.54010	0.13254	0.02138	0.00927	0.00284	0.00411	0.01917	0.00710	0.00622
29	0.00890	0.00742	0.00763	0.00777	0.00999	0.00630	0.00568	0.01064	0.01640	0.01968	0.06995	0.12154	0.60689	0.05540	0.01029	0.00278	0.00398	0.01584	0.00677	0.00616
30	0.04148	0.01638	0.02590	0.36775	0.23720	0.05224	0.07072	0.02105	0.01571	0.02128	0.01319	0.01861	0.01047	0.00740	0.00834	0.00241	0.05033	0.00659	0.00351	0.00944
31	0.01841	0.07509	0.05245	0.01372	0.01781	0.01598	0.01143	0.18466	0.17531	0.05324	0.08886	0.17159	0.02800	0.01242	0.00766	0.00240	0.00623	0.01045	0.04438	0.00991
32	0.03114	0.01305	0.01746	0.01357	0.01885	0.01201	0.01118	0.06985	0.02151	0.59701	0.05729	0.02575	0.01994	0.00963	0.00837	0.00234	0.04249	0.00764	0.00874	0.01215
33	0.00955	0.00758	0.00900	0.00962	0.01099	0.00718	0.00696	0.01117	0.01523	0.01931	0.05336	0.33083	0.32761	0.06114	0.01156	0.00306	0.04067	0.05241	0.00657	0.00620
34	0.01580	0.01460	0.02120	0.47999	0.08687	0.05119	0.01821	0.04243	0.05331	0.02117	0.01474	0.02013	0.01143	0.00849	0.00872	0.02761	0.04139	0.00662	0.04749	0.00862
35	0.01800	0.01523	0.06583	0.02018	0.16365	0.01394	0.01372	0.13612	0.07300	0.08884	0.12707	0.12563	0.08278	0.01208	0.00798	0.00241	0.00658	0.01048	0.00648	0.01000

[dist]
# distance from previous block
# <min> <max>
0	17

[block]
# block no. 3 follows, 27 sequences, length 36
# corresponding to MSA columns:
# 182-217
name=unknown_D
#
# <colnr> <probs for GDERKNQSTAVLIFYWHMCP>
#	G	D	E	R	K	N	Q	S	T	A	V	L	I	F	Y	W	H	M	C	P
0	0.08925	0.11287	0.01958	0.03967	0.01944	0.04035	0.01125	0.16833	0.12234	0.02964	0.06866	0.02071	0.01731	0.00930	0.00781	0.04779	0.00683	0.00635	0.00559	0.15694
1	0.01934	0.02084	0.06318	0.13408	0.17123	0.13932	0.05765	0.06513	0.11508	0.02465	0.01595	0.01862	0.01246	0.00744	0.00712	0.00213	0.00927	0.00635	0.00450	0.10564
2	0.01603	0.01306	0.01655	0.01515	0.08232	0.01188	0.01074	0.05121	0.05778	0.04674	0.10236	0.02329	0.02032	0.01221	0.07051	0.00260	0.03321	0.00662	0.00522	0.40221
3	0.01193	0.00906	0.01091	0.01022	0.01288	0.00787	0.00742	0.03511	0.01582	0.02252	0.07653	0.35113	0.07522	0.04202	0.00895	0.00244	0.00474	0.01377	0.05172	0.22972
4	0.04747	0.01861	0.06562	0.15372	0.41984	0.05074	0.02059	0.06170	0.01753	0.02455	0.01478	0.04464	0.01250	0.00760	0.00729	0.00228	0.00903	0.00690	0.00397	0.01066
5	0.00962	0.00721	0.00870	0.00900	0.01041	0.00653	0.00635	0.01170	0.01692	0.02244	0.26559	0.25577	0.23380	0.08762	0.01174	0.00304	0.00416	0.01603	0.00709	0.00628
6	0.01069	0.00715	0.00813	0.00823	0.00826	0.00713	0.00465	0.01077	0.01101	0.01467	0.02447	0.09076	0.02835	0.69507	0.03604	0.00694	0.00702	0.01143	0.00465	0.00459
7	0.01518	0.07604	0.49668	0.15238	0.03525	0.01793	0.06038	0.02259	0.01558	0.02230	0.01321	0.01645	0.00961	0.00704	0.00708	0.00234	0.01067	0.00578	0.00320	0.01032
8	0.02011	0.01402	0.01564	0.01323	0.01732	0.01474	0.01048	0.22808	0.16190	0.11335	0.10431	0.09059	0.13887	0.01266	0.00799	0.00242	0.00592	0.01051	0.00761	0.01025
9	0.00904	0.00646	0.00861	0.01034	0.01077	0.00603	0.00689	0.01034	0.01421	0.01895	0.04092	0.73426	0.04910	0.02326	0.00948	0.00301	0.00431	0.02110	0.00689	0.00603
10	0.01133	0.00786	0.00990	0.00938	0.01146	0.00712	0.00716	0.01449	0.02004	0.05959	0.50736	0.05845	0.18664	0.01584	0.00877	0.00242	0.00384	0.04330	0.00791	0.00712
11	0.01814	0.01907	0.06810	0.09957	0.54965	0.04284	0.02215	0.02337	0.04151	0.02379	0.01438	0.01850	0.01179	0.00688	0.00732	0.00224	0.00909	0.00655	0.00376	0.01130
12	0.02072	0.01794	0.01800	0.01569	0.02017	0.05993	0.01232	0.14934	0.52737	0.03306	0.02693	0.02512	0.02013	0.00973	0.00748	0.00243	0.00672	0.00788	0.00731	0.01172
13	0.01061	0.00795	0.01193	0.01193	0.01326	0.00928	0.00928	0.01326	0.01193	0.01723	0.01988	0.02916	0.01856	0.05568	0.70968	0.01193	0.01988	0.00795	0.00398	0.00663
14	0.01780	0.01894	0.02236	0.47422	0.09212	0.18223	0.01894	0.02261	0.04252	0.01965	0.01351	0.01846	0.01046	0.00752	0.00725	0.00232	0.01049	0.00624	0.00362	0.00874
15	0.01783	0.08075	0.14494	0.10427	0.02667	0.01687	0.09169	0.10647	0.09651	0.06818	0.09233	0.04932	0.05261	0.00963	0.00758	0.00235	0.00816	0.00834	0.00551	0.01000
16	0.01453	0.00759	0.00766	0.00741	0.00934	0.00770	0.00562	0.04878	0.01650	0.02860	0.02391	0.02720	0.01872	0.00866	0.00530	0.00175	0.00369	0.00691	0.74293	0.00720
17	0.40536	0.37928	0.02492	0.01123	0.01671	0.02302	0.01037	0.02203	0.01386	0.02538	0.01033	0.01198	0.00878	0.00662	0.00468	0.00194	0.00684	0.00399	0.00388	0.00878
18	0.02822	0.02079	0.02228	0.01708	0.02302	0.02302	0.01411	0.66804	0.03490	0.04679	0.01782	0.01782	0.01262	0.00891	0.00743	0.00223	0.00817	0.00668	0.00743	0.01262
19	0.03331	0.01263	0.01723	0.01321	0.01895	0.01091	0.01091	0.03618	0.02125	0.69794	0.02929	0.02527	0.01838	0.00919	0.00747	0.00230	0.00632	0.00747	0.00919	0.01263
20	0.01539	0.01319	0.01539	0.01100	0.01759	0.00990	0.00880	0.01869	0.01539	0.02419	0.01319	0.01539	0.01100	0.00550	0.00550	0.00110	0.00550	0.00440	0.00440	0.78449
21	0.01080	0.00720	0.00810	0.00810	0.00810	0.00720	0.00450	0.01080	0.01080	0.01439	0.02339	0.04858	0.02699	0.73910	0.03779	0.00720	0.00720	0.01080	0.00450	0.00450
22	0.01051	0.00759	0.00992	0.00934	0.01109	0.00700	0.00700	0.01401	0.02101	0.02977	0.68888	0.05545	0.07005	0.01518	0.00876	0.00233	0.00350	0.01343	0.00817	0.00700
23	0.01080	0.00720	0.00810	0.00810	0.00810	0.00720	0.00450	0.01080	0.01080	0.01439	0.02339	0.04858	0.02699	0.73910	0.03779	0.00720	0.00720	0.01080	0.00450	0.00450
24	0.02031	0.70208	0.03785	0.01308	0.01928	0.06921	0.01280	0.02266	0.01543	0.01751	0.01039	0.01200	0.00953	0.00643	0.00488	0.00161	0.00826	0.00402	0.00321	0.00947
25	0.00914	0.00655	0.00881	0.01043	0.01091	0.00622	0.00703	0.01051	0.01408	0.01885	0.03968	0.69295	0.04731	0.02516	0.05050	0.00354	0.00522	0.02033	0.00672	0.00606
26	0.00912	0.00649	0.00859	0.01024	0.01065	0.00608	0.00679	0.01036	0.01407	0.01876	0.04017	0.70486	0.04815	0.05395	0.01069	0.00319	0.00443	0.02066	0.00679	0.00596
27	0.00939	0.00758	0.00838	0.00827	0.01052	0.00656	0.00626	0.01180	0.01813	0.02298	0.25426	0.06717	0.48552	0.01779	0.00882	0.00249	0.00379	0.03652	0.00727	0.00650
28	0.01733	0.01831	0.07874	0.03999	0.55322	0.01667	0.04705	0.02193	0.01672	0.02383	0.01645	0.05568	0.01482	0.00809	0.00762	0.00232	0.00881	0.03735	0.00394	0.01112
29	0.02933	0.01602	0.05084	0.01434	0.02009	0.01474	0.01228	0.23386	0.02487	0.40877	0.02451	0.02264	0.01618	0.00896	0.00726	0.00223	0.00691	0.00708	0.06699	0.01212
30	0.01275	0.00700	0.00784	0.00807	0.00957	0.00712	0.00598	0.01581	0.01489	0.02507	0.02587	0.12285	0.02301	0.01709	0.10274	0.00331	0.00583	0.00897	0.56949	0.00676
31	0.00904	0.00646	0.00861	0.01034	0.01077	0.00603	0.00689	0.01034	0.01421	0.01895	0.04092	0.73426	0.04910	0.02326	0.00948	0.00301	0.00431	0.02110	0.00689	0.00603
32	0.01752	0.27641	0.32094	0.02023	0.02870	0.04334	0.14984	0.02332	0.01601	0.02132	0.01258	0.01518	0.00982	0.00667	0.00660	0.00211	0.01032	0.00560	0.00329	0.01021
33	0.02442	0.01645	0.01866	0.01531	0.02008	0.01758	0.01258	0.40402	0.05408	0.12713	0.04979	0.07354	0.02236	0.01171	0.00800	0.00246	0.00723	0.09583	0.00758	0.01118
34	0.01855	0.01831	0.02893	0.10141	0.59886	0.05825	0.02210	0.02286	0.01697	0.02345	0.01375	0.01820	0.01147	0.00674	0.00732	0.00221	0.00918	0.00651	0.00365	0.01128
35	0.01824	0.01944	0.09183	0.14393	0.48431	0.04356	0.02217	0.02298	0.01678	0.04575	0.01421	0.01837	0.01139	0.00690	0.00731	0.00225	0.00928	0.00646	0.00376	0.01106

[dist]
# distance from previous block
# <min> <max>
0	3

[block]
# block no. 4 follows, 27 sequences, length 48
# corresponding to MSA columns:
# 221-268
name=unknown_E
#
# <colnr> <probs for GDERKNQSTAVLIFYWHMCP>
#	G	D	E	R	K	N	Q	S	T	A	V	L	I	F	Y	W	H	M	C	P
0	0.00951	0.00777	0.00846	0.00872	0.01080	0.00697	0.00637	0.01247	0.05504	0.02107	0.10475	0.21853	0.46507	0.01907	0.00886	0.00261	0.00399	0.01634	0.00701	0.00658
1	0.01972	0.62526	0.11246	0.01401	0.02074	0.06533	0.01445	0.02278	0.01548	0.01819	0.01072	0.01241	0.00951	0.00650	0.00513	0.00169	0.00858	0.00418	0.00321	0.00964
2	0.22015	0.04486	0.01774	0.01351	0.01830	0.01368	0.09035	0.04216	0.04252	0.05042	0.06012	0.12735	0.02041	0.00972	0.00666	0.00211	0.00637	0.00826	0.00533	0.19998
3	0.06147	0.01566	0.01798	0.01403	0.01934	0.01607	0.01153	0.31433	0.02627	0.30004	0.02277	0.02167	0.01545	0.00890	0.00705	0.00220	0.00678	0.00690	0.09980	0.01175
4	0.00984	0.00769	0.00896	0.00886	0.01086	0.00694	0.00656	0.01294	0.03950	0.02435	0.32701	0.14306	0.33149	0.01754	0.00881	0.00250	0.00379	0.01515	0.00745	0.00672
5	0.01639	0.11313	0.34516	0.02299	0.08043	0.01824	0.14475	0.04517	0.01688	0.02358	0.01638	0.02388	0.01376	0.00834	0.00750	0.00239	0.01018	0.07671	0.00386	0.01028
6	0.00906	0.00739	0.00801	0.00815	0.01028	0.00634	0.00600	0.01110	0.01717	0.02132	0.15974	0.15415	0.51778	0.01885	0.00886	0.00255	0.00379	0.01604	0.00708	0.00634
7	0.01225	0.00801	0.01064	0.01028	0.01223	0.00750	0.00793	0.01541	0.01938	0.07850	0.45321	0.10879	0.08156	0.01843	0.04958	0.00307	0.00511	0.08311	0.00771	0.00729
8	0.01529	0.01332	0.02225	0.65633	0.07188	0.01621	0.02013	0.02010	0.01529	0.05858	0.01416	0.02006	0.01045	0.00750	0.00742	0.00245	0.00965	0.00665	0.00365	0.00863
9	0.01338	0.00965	0.01349	0.01607	0.08959	0.00943	0.01170	0.01700	0.03838	0.06130	0.04024	0.14801	0.11779	0.01809	0.00941	0.00303	0.00631	0.36276	0.00666	0.00771
10	0.00903	0.00650	0.00857	0.01022	0.01074	0.00604	0.00684	0.01035	0.01432	0.01900	0.04230	0.70757	0.07489	0.02308	0.00945	0.00299	0.00428	0.02089	0.00689	0.00604
11	0.01677	0.01260	0.02085	0.32088	0.09210	0.01359	0.06727	0.02078	0.01640	0.12588	0.02262	0.12487	0.02052	0.01116	0.00813	0.00260	0.00835	0.08054	0.00517	0.00892
12	0.02703	0.02032	0.02250	0.01886	0.06712	0.02242	0.01455	0.59085	0.06909	0.04443	0.01825	0.01840	0.01312	0.00882	0.00743	0.00224	0.00809	0.00677	0.00719	0.01252
13	0.01535	0.01455	0.02467	0.51449	0.24749	0.01684	0.02128	0.02014	0.01547	0.02058	0.01343	0.01936	0.01047	0.00717	0.00740	0.00239	0.00957	0.00660	0.00341	0.00932
14	0.59225	0.01880	0.01360	0.04473	0.01790	0.16470	0.00997	0.02336	0.01453	0.02941	0.01071	0.01270	0.00845	0.00708	0.00517	0.00222	0.00757	0.00430	0.00437	0.00817
15	0.00889	0.00744	0.00774	0.00784	0.01014	0.00629	0.00581	0.01082	0.01696	0.02054	0.10826	0.12024	0.60574	0.01893	0.00883	0.00253	0.00379	0.01595	0.00697	0.00629
16	0.02217	0.03907	0.01891	0.01517	0.01896	0.10641	0.01193	0.33086	0.04891	0.03157	0.01801	0.02410	0.01555	0.15120	0.06932	0.00395	0.05113	0.00730	0.00578	0.00972
17	0.01408	0.01124	0.01350	0.01082	0.01564	0.00883	0.00830	0.01687	0.01548	0.04180	0.04772	0.19984	0.02324	0.01050	0.00669	0.00167	0.00514	0.00909	0.00532	0.53423
18	0.07091	0.01864	0.02737	0.05644	0.17954	0.09796	0.18204	0.02249	0.03955	0.02273	0.01613	0.05233	0.01443	0.00929	0.01035	0.00254	0.12130	0.04236	0.00414	0.00946
19	0.01018	0.00794	0.00929	0.00908	0.01113	0.00730	0.00675	0.01387	0.05705	0.02515	0.35720	0.12420	0.29965	0.01702	0.00876	0.00247	0.00381	0.01471	0.00753	0.00691
20	0.08379	0.01710	0.01768	0.01433	0.01900	0.04393	0.01158	0.37561	0.07190	0.06199	0.12483	0.02616	0.04392	0.01007	0.00733	0.00225	0.00687	0.00789	0.04305	0.01071
21	0.01711	0.01464	0.01556	0.01409	0.01796	0.01663	0.01092	0.03527	0.57661	0.03021	0.09216	0.03308	0.07104	0.01111	0.00774	0.00250	0.00552	0.00932	0.00757	0.01096
22	0.01278	0.00692	0.00760	0.00789	0.00937	0.00696	0.00580	0.01581	0.01505	0.02539	0.02669	0.14671	0.02405	0.01481	0.06140	0.00275	0.00490	0.00939	0.58900	0.00675
23	0.02700	0.03385	0.02070	0.01881	0.02266	0.65489	0.01414	0.03042	0.07289	0.01918	0.01295	0.01451	0.01059	0.00784	0.00676	0.00196	0.01280	0.00507	0.00412	0.00885
24	0.02725	0.04310	0.07354	0.01530	0.02114	0.01761	0.01334	0.33798	0.02641	0.25577	0.02140	0.02221	0.01524	0.06364	0.00960	0.00261	0.00770	0.00706	0.00730	0.01178
25	0.00904	0.00646	0.00861	0.01034	0.01077	0.00603	0.00689	0.01034	0.01421	0.01895	0.04092	0.73426	0.04910	0.02326	0.00948	0.00301	0.00431	0.02110	0.00689	0.00603
26	0.00896	0.00753	0.00778	0.00772	0.01014	0.00635	0.00579	0.01102	0.01737	0.02112	0.14277	0.06968	0.62155	0.01840	0.00877	0.00249	0.00373	0.01542	0.00703	0.00635
27	0.03982	0.02023	0.16383	0.06511	0.04639	0.01694	0.01581	0.25549	0.06055	0.03164	0.01899	0.04687	0.01555	0.01072	0.00896	0.06119	0.00804	0.04185	0.06191	0.01011
28	0.03897	0.01977	0.19738	0.06445	0.02281	0.03768	0.03796	0.10244	0.06999	0.02540	0.02515	0.17761	0.05961	0.01262	0.00864	0.03622	0.00775	0.01008	0.03646	0.00901
29	0.01199	0.00794	0.01009	0.00939	0.01154	0.00717	0.00710	0.01513	0.02020	0.08058	0.52312	0.07471	0.16187	0.01550	0.00868	0.00238	0.00379	0.01352	0.00802	0.00731
30	0.02539	0.01649	0.01844	0.01478	0.01966	0.01758	0.01205	0.42550	0.02847	0.14304	0.02294	0.07906	0.01826	0.01052	0.00748	0.00230	0.00704	0.03358	0.08613	0.01129
31	0.01727	0.01648	0.02821	0.26332	0.41399	0.01755	0.06577	0.04598	0.01696	0.02335	0.01393	0.01893	0.01115	0.00694	0.00747	0.00231	0.00940	0.00676	0.00370	0.01053
32	0.07692	0.01561	0.01565	0.13949	0.02197	0.10930	0.01170	0.14031	0.01938	0.02796	0.01938	0.02231	0.03864	0.00883	0.00735	0.00214	0.04666	0.00661	0.26121	0.00857
33	0.01534	0.01457	0.02476	0.43966	0.17358	0.01700	0.06775	0.01991	0.01518	0.02069	0.01369	0.01958	0.01078	0.00773	0.00891	0.00246	0.07324	0.00677	0.03941	0.00901
34	0.72031	0.08167	0.01349	0.01003	0.01479	0.01783	0.00847	0.02186	0.01286	0.03185	0.01034	0.01205	0.00818	0.00684	0.00461	0.00223	0.00595	0.00402	0.00446	0.00818
35	0.04699	0.01157	0.01385	0.01113	0.01556	0.01064	0.00894	0.08445	0.01989	0.27252	0.09476	0.02646	0.02208	0.00902	0.00663	0.00197	0.00533	0.00731	0.20028	0.13062
36	0.01519	0.08688	0.01506	0.01202	0.03124	0.05822	0.00868	0.10113	0.01633	0.02118	0.02532	0.06002	0.08383	0.27352	0.12279	0.00537	0.00916	0.00928	0.03757	0.00719
37	0.02646	0.01366	0.01719	0.03393	0.06875	0.04830	0.01145	0.05533	0.04015	0.42069	0.09845	0.02892	0.02346	0.06703	0.00995	0.00267	0.00679	0.00815	0.00774	0.01095
38	0.61901	0.01427	0.01254	0.01069	0.01555	0.01581	0.00881	0.04895	0.01511	0.15978	0.01421	0.01478	0.01017	0.00740	0.00525	0.00229	0.00594	0.00477	0.00557	0.00908
39	0.01061	0.00792	0.01175	0.01175	0.01302	0.00918	0.00906	0.01314	0.01188	0.01710	0.02005	0.03006	0.01895	0.08734	0.67855	0.01171	0.01930	0.00809	0.00400	0.00653
40	0.11363	0.26179	0.28164	0.01919	0.09807	0.02077	0.01866	0.02361	0.01560	0.06595	0.01307	0.01491	0.01011	0.00689	0.00606	0.00208	0.00880	0.00506	0.00377	0.01033
41	0.01003	0.00754	0.00944	0.01011	0.01176	0.00694	0.00780	0.01255	0.01733	0.02270	0.20872	0.22483	0.23210	0.01937	0.00929	0.00280	0.00457	0.16839	0.00719	0.00653
42	0.01064	0.00781	0.01119	0.01119	0.01226	0.00888	0.00835	0.01278	0.01171	0.01668	0.02056	0.03292	0.02019	0.18794	0.57965	0.01101	0.01743	0.00850	0.00408	0.00622
43	0.01544	0.01491	0.02258	0.50034	0.15453	0.05419	0.01949	0.02058	0.03840	0.02090	0.05578	0.02168	0.01436	0.00787	0.00746	0.00239	0.00937	0.00699	0.00384	0.00890
44	0.01500	0.03763	0.67299	0.02159	0.03241	0.01731	0.05430	0.02352	0.01575	0.02352	0.01339	0.01586	0.00948	0.00702	0.00712	0.00236	0.01104	0.00562	0.00316	0.01093
45	0.00991	0.00743	0.00901	0.00885	0.01056	0.00672	0.00645	0.01251	0.01854	0.02500	0.41174	0.12524	0.23617	0.06581	0.01079	0.00278	0.00390	0.01461	0.00745	0.00654
46	0.01068	0.00722	0.00843	0.00852	0.00865	0.00730	0.00501	0.01096	0.01107	0.01487	0.02408	0.08469	0.02754	0.64599	0.08915	0.00734	0.00804	0.01114	0.00459	0.00475
47	0.50462	0.01694	0.04425	0.10562	0.06535	0.07548	0.01197	0.02190	0.01444	0.02897	0.04261	0.01576	0.01159	0.00740	0.00562	0.00229	0.00726	0.00509	0.00440	0.00844

[dist]
# distance from previous block
# <min> <max>
5	18

[block]
# block no. 5 follows, 27 sequences, length 33
# corresponding to MSA columns:
# 287-319
name=unknown_F
#
# <colnr> <probs for GDERKNQSTAVLIFYWHMCP>
#	G	D	E	R	K	N	Q	S	T	A	V	L	I	F	Y	W	H	M	C	P
0	0.18953	0.01373	0.01970	0.29617	0.19272	0.01541	0.01629	0.01960	0.01543	0.02432	0.06515	0.02389	0.06221	0.00846	0.00696	0.00236	0.00781	0.00715	0.00428	0.00882
1	0.01199	0.00815	0.01029	0.00963	0.01175	0.00753	0.00726	0.01578	0.04368	0.07123	0.51992	0.08718	0.13639	0.01542	0.00867	0.00239	0.00384	0.01349	0.00800	0.00740
2	0.01692	0.01381	0.01855	0.19180	0.10358	0.01519	0.01445	0.15477	0.08998	0.02890	0.12819	0.03406	0.06217	0.01089	0.00788	0.00243	0.00721	0.06121	0.02854	0.00947
3	0.01677	0.01407	0.04881	0.01161	0.01807	0.01019	0.00981	0.02030	0.01626	0.08719	0.05218	0.01855	0.01488	0.00645	0.00594	0.00134	0.00573	0.00524	0.00499	0.63163
4	0.02773	0.03538	0.02104	0.01913	0.02295	0.70930	0.01434	0.02964	0.02104	0.01817	0.01148	0.01339	0.00956	0.00765	0.00669	0.00191	0.01339	0.00478	0.00383	0.00861
5	0.01708	0.00904	0.01203	0.01045	0.01336	0.00813	0.00813	0.02040	0.02108	0.22235	0.49877	0.04675	0.05515	0.01345	0.00838	0.00232	0.00431	0.01171	0.00846	0.00863
6	0.01663	0.01649	0.03918	0.01756	0.01940	0.05538	0.03744	0.07903	0.03501	0.02139	0.01738	0.02239	0.05572	0.01924	0.13213	0.00439	0.39124	0.00736	0.00417	0.00846
7	0.01909	0.01626	0.01714	0.01523	0.01954	0.01876	0.01190	0.07996	0.63784	0.03207	0.02942	0.02706	0.02201	0.01000	0.00755	0.00250	0.00602	0.00828	0.00755	0.01181
8	0.01066	0.00727	0.00870	0.00880	0.00903	0.00744	0.00536	0.01113	0.01117	0.01509	0.02393	0.08720	0.02707	0.59398	0.13615	0.00765	0.00891	0.01100	0.00457	0.00491
9	0.02735	0.07006	0.02191	0.01881	0.02276	0.67601	0.01426	0.02928	0.02075	0.01813	0.01142	0.01332	0.00956	0.00759	0.00660	0.00190	0.01312	0.00474	0.00379	0.00865
10	0.02006	0.04984	0.08568	0.01299	0.01778	0.01290	0.01147	0.06265	0.12836	0.22441	0.09993	0.07639	0.14183	0.01206	0.00778	0.00238	0.00606	0.01003	0.00727	0.01011
11	0.00944	0.00689	0.00896	0.01036	0.01124	0.00641	0.00735	0.01118	0.01525	0.02010	0.08369	0.54555	0.11941	0.02196	0.00945	0.00297	0.00449	0.09213	0.00696	0.00621
12	0.01181	0.00850	0.01175	0.01338	0.01512	0.00844	0.01166	0.01515	0.01708	0.02211	0.04103	0.08315	0.07384	0.02043	0.01018	0.00337	0.00669	0.61267	0.00684	0.00681
13	0.01129	0.04639	0.01226	0.01111	0.01271	0.00949	0.00858	0.01440	0.03837	0.02365	0.27872	0.25465	0.08921	0.01764	0.01000	0.00271	0.05544	0.08944	0.00693	0.00701
14	0.20828	0.01372	0.01461	0.01203	0.01627	0.01471	0.00981	0.17557	0.02051	0.18659	0.01985	0.02052	0.01429	0.00862	0.00702	0.00219	0.04049	0.00627	0.19876	0.00989
15	0.01216	0.00805	0.00892	0.00858	0.00910	0.00820	0.00517	0.05367	0.01272	0.01752	0.02310	0.04496	0.02544	0.63482	0.03327	0.00645	0.00697	0.01023	0.06546	0.00521
16	0.01181	0.00972	0.01423	0.01354	0.01458	0.01215	0.01076	0.01424	0.01181	0.01737	0.01773	0.02641	0.01668	0.04659	0.56375	0.01008	0.17015	0.00764	0.00382	0.00695
17	0.05239	0.01489	0.02645	0.50566	0.09228	0.01702	0.14517	0.02031	0.01540	0.02096	0.01347	0.01937	0.01020	0.00711	0.00754	0.00245	0.01013	0.00689	0.00348	0.00883
18	0.01806	0.40132	0.32711	0.01671	0.02495	0.05692	0.01921	0.02315	0.01563	0.02014	0.01169	0.01362	0.00947	0.00672	0.00586	0.00194	0.00953	0.00467	0.00319	0.01011
19	0.79154	0.01436	0.01091	0.00976	0.01436	0.01665	0.00804	0.02182	0.01263	0.03331	0.01034	0.01206	0.00804	0.00689	0.00459	0.00230	0.00574	0.00402	0.00459	0.00804
20	0.03568	0.01395	0.14935	0.01250	0.01588	0.00929	0.01135	0.01644	0.01608	0.08697	0.13911	0.35290	0.03925	0.05393	0.01000	0.00290	0.00590	0.01435	0.00637	0.00780
21	0.01179	0.00853	0.01052	0.01040	0.01231	0.00829	0.00777	0.01657	0.09500	0.04718	0.33582	0.19528	0.11665	0.03724	0.00964	0.00272	0.00438	0.05496	0.00755	0.00738
22	0.05578	0.11320	0.56770	0.02004	0.03004	0.01859	0.04928	0.02329	0.01552	0.02337	0.01291	0.01524	0.00942	0.00694	0.00674	0.00227	0.01043	0.00537	0.00324	0.01063
23	0.01682	0.01614	0.02242	0.12011	0.32431	0.08998	0.01819	0.02071	0.01715	0.02227	0.02154	0.03852	0.02099	0.01119	0.00820	0.00259	0.00883	0.20598	0.00463	0.00942
24	0.01041	0.00755	0.00984	0.00955	0.01123	0.00698	0.00718	0.01370	0.02022	0.02833	0.59264	0.10522	0.08842	0.01611	0.00888	0.00244	0.00372	0.04272	0.00798	0.00690
25	0.01526	0.03506	0.59780	0.05042	0.10892	0.01726	0.02664	0.02325	0.01578	0.02342	0.01339	0.01614	0.00969	0.00702	0.00710	0.00234	0.01068	0.00566	0.00320	0.01096
26	0.01544	0.08670	0.46549	0.10280	0.03373	0.01805	0.10879	0.02269	0.01581	0.02252	0.01402	0.01833	0.01065	0.00731	0.00723	0.00236	0.01070	0.02373	0.00334	0.01030
27	0.01015	0.00797	0.00925	0.00910	0.01116	0.00733	0.00675	0.01388	0.06102	0.02470	0.32505	0.13893	0.31309	0.01724	0.00877	0.00249	0.00385	0.01489	0.00747	0.00690
28	0.01289	0.00645	0.00967	0.00967	0.00967	0.00645	0.00645	0.00967	0.00967	0.01289	0.01289	0.02257	0.01289	0.02579	0.02901	0.78401	0.00645	0.00645	0.00322	0.00322
29	0.01904	0.19658	0.05865	0.12878	0.15332	0.06170	0.01614	0.09332	0.01827	0.04329	0.03588	0.02057	0.04555	0.00829	0.00748	0.00214	0.04106	0.00646	0.03367	0.00981
30	0.01550	0.08402	0.52045	0.02177	0.03150	0.01796	0.12997	0.02310	0.01614	0.02336	0.03892	0.01762	0.01201	0.00718	0.00723	0.00232	0.01073	0.00621	0.00343	0.01056
31	0.01174	0.00836	0.01156	0.01316	0.01470	0.00833	0.01125	0.01484	0.01656	0.02157	0.03843	0.11533	0.04210	0.06415	0.01188	0.00363	0.00673	0.57234	0.00670	0.00665
32	0.06538	0.01737	0.16937	0.04762	0.04319	0.01257	0.01487	0.06046	0.01837	0.14072	0.08137	0.06664	0.07267	0.01249	0.00805	0.00259	0.00732	0.14343	0.00615	0.00936

[dist]
# distance from previous block
# <min> <max>
1	3

[block]
# block no. 6 follows, 27 sequences, length 33
# corresponding to MSA columns:
# 323-355
name=unknown_G
#
# <colnr> <probs for GDERKNQSTAVLIFYWHMCP>
#	G	D	E	R	K	N	Q	S	T	A	V	L	I	F	Y	W	H	M	C	P
0	0.23020	0.08420	0.09022	0.01689	0.04922	0.25165	0.01404	0.10513	0.01930	0.05733	0.01296	0.01444	0.01001	0.00746	0.00616	0.00210	0.00949	0.00502	0.00459	0.00958
1	0.01451	0.00757	0.00764	0.00740	0.00932	0.00768	0.00561	0.04785	0.01648	0.02857	0.02392	0.02721	0.01873	0.00866	0.00529	0.00175	0.00368	0.00691	0.74402	0.00719
2	0.04270	0.01353	0.03958	0.01320	0.03663	0.03538	0.01022	0.11565	0.11663	0.07013	0.24219	0.06587	0.06696	0.03823	0.00884	0.00250	0.00572	0.01016	0.05684	0.00906
3	0.06115	0.01348	0.01556	0.01135	0.01773	0.01084	0.00915	0.04371	0.01649	0.08971	0.01473	0.01623	0.01159	0.00605	0.00570	0.00132	0.00568	0.00475	0.00497	0.63978
4	0.02716	0.08837	0.02244	0.01855	0.02266	0.62904	0.01421	0.05587	0.02117	0.01932	0.01165	0.01346	0.00969	0.00760	0.00658	0.00190	0.01276	0.00480	0.00393	0.00884
5	0.20860	0.01377	0.03697	0.01200	0.01622	0.01371	0.00996	0.13278	0.06036	0.13375	0.22239	0.02985	0.03054	0.01036	0.00706	0.00229	0.00566	0.00827	0.03598	0.00948
6	0.01114	0.00872	0.01332	0.01267	0.01406	0.01002	0.03649	0.01364	0.01203	0.01725	0.01962	0.03019	0.01873	0.11995	0.58547	0.01071	0.04717	0.00821	0.00399	0.00662
7	0.02822	0.02079	0.02228	0.01708	0.02302	0.02302	0.01411	0.66804	0.03490	0.04679	0.01782	0.01782	0.01262	0.00891	0.00743	0.00223	0.00817	0.00668	0.00743	0.01262
8	0.01075	0.00785	0.01142	0.01142	0.01265	0.00901	0.00872	0.01322	0.01199	0.01743	0.02035	0.03068	0.01926	0.10936	0.62640	0.01113	0.01819	0.00814	0.03556	0.00647
9	0.06361	0.02063	0.01992	0.01586	0.02103	0.09897	0.01287	0.49356	0.03015	0.04081	0.01743	0.01811	0.01275	0.00864	0.00696	0.00214	0.00813	0.00636	0.09073	0.01133
10	0.00983	0.00746	0.00904	0.00886	0.01073	0.00668	0.00656	0.01261	0.01909	0.02571	0.43547	0.12344	0.26333	0.01707	0.00883	0.00245	0.00366	0.01484	0.00765	0.00668
11	0.00904	0.00646	0.00861	0.01034	0.01077	0.00603	0.00689	0.01034	0.01421	0.01895	0.04092	0.73426	0.04910	0.02326	0.00948	0.00301	0.00431	0.02110	0.00689	0.00603
12	0.01181	0.00850	0.01175	0.01337	0.01512	0.00843	0.01166	0.01515	0.01708	0.02211	0.04105	0.08314	0.07409	0.02042	0.01018	0.00337	0.00669	0.61242	0.00684	0.00681
13	0.02902	0.01748	0.13995	0.01476	0.02134	0.01255	0.01393	0.03412	0.06361	0.53287	0.02648	0.02370	0.01705	0.00886	0.00740	0.00232	0.00712	0.00717	0.00799	0.01228
14	0.02532	0.01186	0.01526	0.01247	0.01700	0.01104	0.01002	0.03101	0.11963	0.43028	0.17569	0.03369	0.05122	0.01093	0.00780	0.00234	0.00555	0.00917	0.00865	0.01107
15	0.01049	0.00759	0.01053	0.01071	0.01158	0.00836	0.00772	0.01227	0.01186	0.01664	0.02307	0.10907	0.02410	0.23965	0.45138	0.00969	0.01476	0.01012	0.00443	0.00598
16	0.01334	0.00693	0.00720	0.00728	0.00893	0.00687	0.00540	0.01665	0.01578	0.02722	0.06265	0.07579	0.02387	0.00998	0.00567	0.00185	0.00352	0.00822	0.68599	0.00687
17	0.01780	0.22043	0.42979	0.01777	0.02659	0.01986	0.02111	0.04757	0.01644	0.06837	0.01415	0.01660	0.01080	0.03344	0.00760	0.00232	0.00962	0.00546	0.00377	0.01053
18	0.05083	0.21449	0.29191	0.11707	0.02921	0.04873	0.05464	0.02211	0.01595	0.02193	0.05691	0.01788	0.01355	0.00743	0.00659	0.00216	0.00949	0.00585	0.00363	0.00967
19	0.61880	0.01779	0.10759	0.03962	0.05005	0.01678	0.01188	0.02199	0.01334	0.03099	0.01103	0.01314	0.00847	0.00692	0.00517	0.00231	0.00677	0.00444	0.00430	0.00863
