[name]
unknown

[dist]
# distance from previous block
# <min> <max>
16	129

[block]
# block no. 0 follows, 29 sequences, length 32
# corresponding to MSA columns:
# 142-173
name=unknown_A
#
# <colnr> <probs for GDERKNQSTAVLIFYWHMCP>
#	G	D	E	R	K	N	Q	S	T	A	V	L	I	F	Y	W	H	M	C	P
0	0.01773	0.06966	0.10123	0.09796	0.25218	0.07943	0.06473	0.03868	0.03264	0.06327	0.01905	0.06371	0.05194	0.00841	0.00711	0.00219	0.00862	0.00745	0.00427	0.00976
1	0.04013	0.09919	0.01712	0.01274	0.01629	0.03869	0.01025	0.10115	0.25073	0.02608	0.07115	0.03230	0.14613	0.04410	0.00955	0.00249	0.05810	0.00869	0.00604	0.00911
2	0.05343	0.17737	0.48157	0.01875	0.02769	0.03765	0.06568	0.02240	0.01504	0.02173	0.01213	0.01437	0.00910	0.00659	0.00631	0.00211	0.00986	0.00510	0.00314	0.00999
3	0.00901	0.00724	0.00804	0.00784	0.00998	0.00626	0.00588	0.01137	0.01763	0.02257	0.29729	0.06304	0.47521	0.01679	0.00841	0.00235	0.00352	0.01426	0.00705	0.00626
4	0.01628	0.19847	0.45012	0.02004	0.05813	0.05312	0.06569	0.02254	0.01532	0.02103	0.01217	0.01450	0.00927	0.00657	0.00637	0.00207	0.00998	0.00515	0.00311	0.01007
5	0.01525	0.01364	0.01969	0.43976	0.06708	0.01625	0.01667	0.05520	0.20080	0.02287	0.01852	0.05225	0.01467	0.00850	0.00724	0.00238	0.00808	0.00740	0.00464	0.00909
6	0.00921	0.00767	0.00812	0.00818	0.01040	0.00686	0.00606	0.01234	0.06442	0.02040	0.10201	0.15046	0.53323	0.01777	0.00842	0.00246	0.00380	0.01506	0.00673	0.00640
7	0.01849	0.01360	0.01513	0.01337	0.01724	0.01498	0.01045	0.03358	0.49390	0.12406	0.13418	0.03041	0.02828	0.01031	0.00741	0.00236	0.00534	0.00868	0.00756	0.01068
8	0.01525	0.01445	0.02410	0.38028	0.34050	0.01602	0.01998	0.02008	0.03318	0.02081	0.01548	0.02029	0.03457	0.00722	0.00714	0.00226	0.00872	0.00668	0.00355	0.00944
9	0.00852	0.00722	0.00735	0.00732	0.00968	0.00605	0.00549	0.01041	0.01647	0.01979	0.10980	0.06761	0.66443	0.01783	0.00841	0.00239	0.00359	0.01490	0.00669	0.00605
10	0.00842	0.00721	0.00721	0.00721	0.00962	0.00601	0.00541	0.01022	0.01623	0.01924	0.07213	0.06853	0.70244	0.01803	0.00842	0.00240	0.00361	0.01503	0.00661	0.00601
11	0.02660	0.03394	0.02018	0.01834	0.02201	0.72116	0.01376	0.02843	0.02018	0.01743	0.01101	0.01284	0.00917	0.00734	0.00642	0.00183	0.01284	0.00459	0.00367	0.00825
12	0.04625	0.63017	0.08008	0.01306	0.01922	0.07569	0.01308	0.02189	0.01483	0.01771	0.01017	0.01177	0.00908	0.00624	0.00484	0.00162	0.00810	0.00396	0.00313	0.00912
13	0.01762	0.01799	0.02159	0.01850	0.01930	0.10281	0.01523	0.06261	0.01348	0.01901	0.01005	0.01536	0.00951	0.01161	0.02033	0.00290	0.60445	0.00605	0.00345	0.00813
14	0.01663	0.01381	0.01620	0.05468	0.01962	0.01186	0.00992	0.12259	0.01768	0.02632	0.01336	0.01539	0.01073	0.00590	0.00568	0.00130	0.00593	0.00469	0.00461	0.62311
15	0.01033	0.00700	0.00827	0.00827	0.00844	0.00718	0.00494	0.01068	0.01050	0.01418	0.02198	0.04405	0.02478	0.65453	0.12995	0.00752	0.00857	0.00998	0.00425	0.00459
16	0.01477	0.01266	0.01477	0.01055	0.01687	0.00949	0.00844	0.01793	0.01477	0.02320	0.01266	0.01477	0.01055	0.00527	0.00527	0.00105	0.00527	0.00422	0.00422	0.79328
17	0.01807	0.36160	0.06671	0.01322	0.01790	0.18082	0.01194	0.02063	0.01654	0.01888	0.09625	0.06517	0.06763	0.00923	0.00611	0.00187	0.00800	0.00691	0.00421	0.00831
18	0.01578	0.02052	0.14684	0.02621	0.09317	0.01764	0.34666	0.02087	0.01516	0.02138	0.01511	0.02006	0.03158	0.03131	0.01162	0.00262	0.14309	0.00755	0.00352	0.00931
19	0.01668	0.01303	0.01526	0.01102	0.01726	0.01027	0.00887	0.05626	0.01621	0.07348	0.01401	0.01557	0.01114	0.00571	0.00551	0.00120	0.00547	0.00455	0.00471	0.69379
20	0.00875	0.00644	0.00803	0.00924	0.01001	0.00591	0.00622	0.01000	0.01390	0.01807	0.04434	0.56581	0.17093	0.07344	0.01090	0.00309	0.00423	0.01854	0.00645	0.00572
21	0.01513	0.01711	0.07038	0.02239	0.02624	0.01777	0.29568	0.01908	0.01381	0.01982	0.01388	0.04285	0.01223	0.01473	0.10103	0.00377	0.27436	0.00773	0.00352	0.00848
22	0.01607	0.01335	0.01696	0.01237	0.01847	0.01082	0.05669	0.06221	0.01629	0.04763	0.01458	0.04272	0.01227	0.00629	0.00582	0.00133	0.00591	0.00536	0.00461	0.63024
23	0.01607	0.01315	0.01475	0.01425	0.04720	0.01446	0.01057	0.03017	0.45721	0.05289	0.09991	0.03635	0.10822	0.01145	0.00761	0.00242	0.00536	0.04088	0.00709	0.00999
24	0.00875	0.00623	0.00824	0.00982	0.01022	0.00583	0.00651	0.00993	0.01349	0.01799	0.03852	0.71495	0.04618	0.05371	0.01026	0.00307	0.00425	0.01982	0.00651	0.00572
25	0.01678	0.01271	0.01609	0.05099	0.09655	0.06192	0.03239	0.06322	0.04614	0.12364	0.02868	0.31364	0.05151	0.01418	0.00856	0.00250	0.03359	0.01239	0.00604	0.00849
26	0.01569	0.01564	0.02828	0.10114	0.22842	0.01646	0.22311	0.02026	0.04020	0.02123	0.01605	0.08606	0.01444	0.00929	0.01046	0.02642	0.10547	0.00832	0.00387	0.00919
27	0.01498	0.01517	0.02197	0.01849	0.01972	0.04456	0.09650	0.01713	0.01248	0.01800	0.01582	0.08015	0.04410	0.01451	0.05251	0.00333	0.49110	0.00808	0.00368	0.00772
28	0.00862	0.00699	0.00765	0.00798	0.00987	0.00602	0.00580	0.01043	0.01598	0.01981	0.11951	0.22151	0.49758	0.01871	0.00857	0.00250	0.00370	0.01603	0.00672	0.00602
29	0.01772	0.01521	0.01630	0.01207	0.01813	0.05166	0.00969	0.14239	0.01856	0.02693	0.01339	0.01509	0.01076	0.00600	0.00568	0.00130	0.00618	0.00465	0.00473	0.60355
30	0.01524	0.01270	0.01575	0.01310	0.04139	0.01122	0.02643	0.09610	0.01675	0.02459	0.01831	0.15736	0.01783	0.00930	0.00705	0.00169	0.03285	0.00786	0.00495	0.46954
31	0.06958	0.01765	0.01849	0.01494	0.01962	0.05234	0.01212	0.34617	0.14184	0.07326	0.04016	0.02053	0.02932	0.00905	0.00803	0.00219	0.05735	0.00674	0.00648	0.05414

[dist]
# distance from previous block
# <min> <max>
0	1

[block]
# block no. 1 follows, 29 sequences, length 36
# corresponding to MSA columns:
# 175-210
name=unknown_B
#
# <colnr> <probs for GDERKNQSTAVLIFYWHMCP>
#	G	D	E	R	K	N	Q	S	T	A	V	L	I	F	Y	W	H	M	C	P
0	0.01873	0.01307	0.01558	0.01429	0.05751	0.01321	0.01048	0.17268	0.13001	0.12106	0.10447	0.12694	0.07052	0.01150	0.00746	0.00221	0.00573	0.00976	0.00684	0.08795
1	0.00902	0.00673	0.00837	0.00935	0.01037	0.00607	0.00636	0.01038	0.01396	0.01836	0.04279	0.55000	0.15976	0.06253	0.01034	0.00295	0.00425	0.01797	0.00636	0.04408
2	0.02707	0.01995	0.02137	0.01638	0.02208	0.02208	0.01353	0.68159	0.03348	0.04488	0.01710	0.01710	0.01211	0.00855	0.00712	0.00214	0.00784	0.00641	0.00712	0.01211
3	0.01967	0.01673	0.01650	0.01387	0.01847	0.09347	0.01090	0.11615	0.31498	0.07058	0.04682	0.02373	0.04115	0.00882	0.00684	0.00204	0.00654	0.00707	0.00635	0.15931
4	0.09800	0.05213	0.07041	0.01435	0.01933	0.01756	0.01249	0.24044	0.19126	0.05472	0.04692	0.02456	0.01806	0.01071	0.03010	0.00254	0.00722	0.04926	0.00623	0.03371
5	0.00999	0.00684	0.00793	0.00818	0.00841	0.00675	0.00487	0.01036	0.01120	0.01484	0.02748	0.15336	0.06420	0.57818	0.05301	0.00621	0.00671	0.01201	0.00477	0.00469
6	0.00989	0.00722	0.00928	0.00887	0.01055	0.00662	0.00662	0.01302	0.01954	0.02735	0.62217	0.08802	0.11380	0.01520	0.00843	0.00228	0.00342	0.01340	0.00769	0.00662
7	0.01655	0.03449	0.58906	0.01969	0.02925	0.05156	0.02403	0.10869	0.01769	0.02521	0.01325	0.01520	0.00943	0.00703	0.00680	0.00222	0.01029	0.00538	0.00358	0.01062
8	0.02313	0.09493	0.11320	0.02138	0.11593	0.42524	0.01634	0.06978	0.01935	0.02066	0.01187	0.01394	0.00963	0.00710	0.00643	0.00192	0.01114	0.00497	0.00374	0.00930
9	0.01140	0.00806	0.01014	0.00941	0.01146	0.00764	0.00713	0.01589	0.07030	0.05455	0.58643	0.05101	0.10081	0.01418	0.00827	0.00226	0.00365	0.01243	0.00776	0.00723
10	0.00866	0.00626	0.00819	0.00974	0.01028	0.00580	0.00653	0.00993	0.01380	0.01825	0.04140	0.70077	0.09004	0.02203	0.00904	0.00286	0.00410	0.01990	0.00661	0.00580
11	0.74213	0.01423	0.01128	0.00989	0.01439	0.01643	0.00815	0.07043	0.01372	0.03292	0.01045	0.01198	0.00804	0.00676	0.00461	0.00220	0.00568	0.00405	0.00461	0.00804
12	0.01707	0.01501	0.02141	0.43541	0.03732	0.05993	0.03876	0.07352	0.01616	0.07211	0.01382	0.01860	0.01052	0.00924	0.02707	0.00264	0.11249	0.00638	0.00396	0.00859
13	0.00868	0.00620	0.00826	0.00991	0.01033	0.00578	0.00661	0.00991	0.01363	0.01818	0.03925	0.74510	0.04710	0.02231	0.00909	0.00289	0.00413	0.02024	0.00661	0.00578
14	0.01036	0.00690	0.00777	0.00777	0.00777	0.00690	0.00431	0.01036	0.01036	0.01381	0.02244	0.04660	0.02589	0.74975	0.03624	0.00690	0.00690	0.01036	0.00431	0.00431
15	0.16727	0.01371	0.01625	0.01270	0.01804	0.01337	0.01049	0.13955	0.02109	0.47969	0.02305	0.02081	0.01495	0.00838	0.00667	0.00219	0.00626	0.00645	0.00775	0.01134
16	0.03025	0.01381	0.01745	0.01349	0.01896	0.01311	0.01111	0.16099	0.05806	0.54497	0.02599	0.02297	0.01677	0.00881	0.00716	0.00220	0.00638	0.00706	0.00840	0.01207
17	0.01624	0.01667	0.02171	0.01867	0.01889	0.06355	0.01547	0.01781	0.01146	0.01715	0.00945	0.01542	0.00934	0.01216	0.02236	0.00304	0.69351	0.00613	0.00315	0.00782
18	0.02692	0.01767	0.01968	0.01527	0.02070	0.01897	0.01255	0.49060	0.06973	0.17725	0.04303	0.02031	0.01565	0.00887	0.00718	0.00217	0.00720	0.00688	0.00749	0.01188
19	0.02660	0.03394	0.02018	0.01834	0.02201	0.72116	0.01376	0.02843	0.02018	0.01743	0.01101	0.01284	0.00917	0.00734	0.00642	0.00183	0.01284	0.00459	0.00367	0.00825
20	0.80005	0.01377	0.01047	0.00936	0.01377	0.01597	0.00771	0.02093	0.01212	0.03195	0.00991	0.01157	0.00771	0.00661	0.00441	0.00220	0.00551	0.00386	0.00441	0.00771
21	0.00881	0.00628	0.00832	0.00979	0.01027	0.00587	0.00654	0.01014	0.01392	0.01866	0.07825	0.68179	0.04763	0.04477	0.00990	0.00298	0.00417	0.01949	0.00661	0.00579
22	0.01762	0.01692	0.02890	0.04371	0.70533	0.01692	0.02185	0.02185	0.01621	0.02326	0.01339	0.01762	0.01128	0.00634	0.00705	0.00211	0.00846	0.00634	0.00352	0.01128
23	0.03195	0.01212	0.01652	0.01267	0.01818	0.01047	0.01047	0.03470	0.02038	0.71026	0.02809	0.02424	0.01763	0.00881	0.00716	0.00220	0.00606	0.00716	0.00881	0.01212
24	0.01031	0.00743	0.00979	0.01049	0.01139	0.00762	0.00744	0.04594	0.01385	0.01877	0.03109	0.42236	0.03534	0.11660	0.18598	0.00544	0.00840	0.04000	0.00568	0.00611
25	0.01428	0.03683	0.71286	0.02030	0.03082	0.01654	0.02631	0.02255	0.01503	0.02255	0.01278	0.01503	0.00902	0.00677	0.00677	0.00226	0.01052	0.00526	0.00301	0.01052
26	0.01025	0.00686	0.00780	0.00790	0.00792	0.00683	0.00446	0.01033	0.01056	0.01407	0.02347	0.08943	0.02719	0.70514	0.03458	0.00666	0.00673	0.01096	0.00446	0.00440
27	0.01036	0.00690	0.00777	0.00777	0.00777	0.00690	0.00431	0.01036	0.01036	0.01381	0.02244	0.04660	0.02589	0.74975	0.03624	0.00690	0.00690	0.01036	0.00431	0.00431
28	0.01816	0.02314	0.15127	0.11417	0.38319	0.14400	0.02096	0.02275	0.01649	0.02149	0.01277	0.01644	0.01028	0.00669	0.00689	0.00212	0.00975	0.00583	0.00341	0.01021
29	0.01027	0.00723	0.00945	0.00945	0.01003	0.00782	0.00641	0.01143	0.01085	0.01505	0.02090	0.03810	0.02220	0.43188	0.34907	0.00898	0.01246	0.00911	0.00409	0.00525
30	0.01884	0.01320	0.01390	0.01185	0.01539	0.01451	0.00936	0.24048	0.19142	0.03300	0.02264	0.02406	0.01734	0.03142	0.00721	0.00217	0.00550	0.00703	0.31116	0.00953
31	0.00876	0.00637	0.00818	0.00951	0.01018	0.00588	0.00641	0.01010	0.01406	0.01856	0.06871	0.62076	0.11755	0.04653	0.00992	0.00295	0.00414	0.01905	0.00658	0.00580
32	0.01638	0.01621	0.02580	0.19601	0.16992	0.04191	0.13429	0.06010	0.01584	0.02148	0.01600	0.02050	0.05003	0.00869	0.01105	0.00246	0.17340	0.00712	0.00376	0.00903
33	0.01777	0.03772	0.02101	0.01701	0.01895	0.01934	0.03947	0.12585	0.03574	0.05827	0.01382	0.01888	0.01205	0.03705	0.09493	0.00383	0.40869	0.00665	0.00431	0.00867
34	0.02340	0.01844	0.01899	0.01480	0.02000	0.06152	0.01191	0.45828	0.04671	0.03669	0.01670	0.01892	0.01297	0.06348	0.00895	0.00230	0.00757	0.00626	0.00620	0.14592
35	0.01550	0.02256	0.22829	0.02288	0.08243	0.03750	0.16678	0.02029	0.01446	0.02081	0.01383	0.06102	0.01209	0.00901	0.01173	0.00249	0.20704	0.00717	0.00350	0.04061

[dist]
# distance from previous block
# <min> <max>
1	2

[block]
# block no. 2 follows, 29 sequences, length 72
# corresponding to MSA columns:
# 213-284
name=unknown_C
#
# <colnr> <probs for GDERKNQSTAVLIFYWHMCP>
#	G	D	E	R	K	N	Q	S	T	A	V	L	I	F	Y	W	H	M	C	P
0	0.05941	0.01433	0.01498	0.01247	0.01673	0.03832	0.01004	0.21550	0.12213	0.08178	0.02280	0.02539	0.04024	0.00909	0.00654	0.00203	0.00604	0.04207	0.15713	0.10298
1	0.01429	0.01215	0.01426	0.01050	0.01636	0.00920	0.00829	0.01730	0.01468	0.02281	0.01474	0.07202	0.01341	0.00661	0.00557	0.00120	0.00518	0.00548	0.00441	0.73154
2	0.02196	0.01741	0.01849	0.01535	0.02014	0.01970	0.01230	0.33007	0.39332	0.03664	0.02359	0.02227	0.01737	0.00916	0.00719	0.00229	0.00663	0.00731	0.00719	0.01165
3	0.02392	0.01733	0.01933	0.01491	0.02015	0.01847	0.01224	0.46750	0.02796	0.08243	0.06258	0.01956	0.01579	0.00868	0.00771	0.00204	0.04153	0.00657	0.00667	0.12462
4	0.04517	0.60472	0.03220	0.01182	0.01719	0.02492	0.01128	0.05139	0.01529	0.01900	0.04601	0.01623	0.01331	0.05791	0.00706	0.00198	0.00729	0.00484	0.00361	0.00878
5	0.03037	0.01464	0.01809	0.01387	0.01944	0.01422	0.01146	0.24349	0.02461	0.49551	0.02454	0.02193	0.01585	0.00873	0.00715	0.00218	0.00663	0.00692	0.00827	0.01212
6	0.01004	0.00683	0.00780	0.00801	0.00819	0.00671	0.00466	0.01029	0.01109	0.01465	0.02726	0.13560	0.06541	0.61845	0.03131	0.00615	0.00638	0.01185	0.00473	0.00459
7	0.01551	0.07567	0.62175	0.01970	0.02945	0.07241	0.02456	0.02294	0.01541	0.02183	0.01248	0.01467	0.00904	0.00677	0.00662	0.00218	0.01055	0.00513	0.00306	0.01027
8	0.01607	0.01496	0.02493	0.07224	0.53756	0.01506	0.01944	0.02007	0.01614	0.02253	0.01972	0.02934	0.04826	0.00890	0.00753	0.00231	0.00800	0.10267	0.00410	0.01016
9	0.01771	0.01530	0.01610	0.01449	0.01852	0.01771	0.01127	0.03784	0.69247	0.02979	0.02898	0.02657	0.02174	0.00966	0.00725	0.00242	0.00564	0.00805	0.00725	0.01127
10	0.00868	0.00620	0.00826	0.00991	0.01033	0.00578	0.00661	0.00991	0.01363	0.01818	0.03925	0.74510	0.04710	0.02231	0.00909	0.00289	0.00413	0.02024	0.00661	0.00578
11	0.01558	0.01558	0.02181	0.01869	0.01869	0.02181	0.01558	0.01714	0.01091	0.01714	0.00935	0.01558	0.00935	0.01246	0.02337	0.00312	0.73672	0.00623	0.00312	0.00779
12	0.00855	0.00722	0.00740	0.00735	0.00970	0.00607	0.00551	0.01047	0.01654	0.01997	0.12188	0.06732	0.65224	0.01776	0.00841	0.00239	0.00359	0.01486	0.00671	0.00607
13	0.00868	0.00620	0.00826	0.00991	0.01033	0.00578	0.00661	0.00991	0.01363	0.01818	0.03925	0.74510	0.04710	0.02231	0.00909	0.00289	0.00413	0.02024	0.00661	0.00578
14	0.02628	0.01381	0.01667	0.01359	0.01855	0.01392	0.01096	0.07629	0.27456	0.41218	0.02774	0.02467	0.01883	0.00912	0.00719	0.00228	0.00601	0.00745	0.00812	0.01180
15	0.01345	0.01266	0.02136	0.73264	0.04904	0.01582	0.01978	0.01819	0.01424	0.01819	0.01266	0.01898	0.00949	0.00712	0.00712	0.00237	0.00949	0.00633	0.00316	0.00791
16	0.01147	0.00820	0.01147	0.01311	0.01475	0.00820	0.01147	0.01475	0.01639	0.02131	0.03770	0.08032	0.04098	0.01967	0.00984	0.00328	0.00656	0.65741	0.00656	0.00656
17	0.01345	0.01266	0.02136	0.73264	0.04904	0.01582	0.01978	0.01819	0.01424	0.01819	0.01266	0.01898	0.00949	0.00712	0.00712	0.00237	0.00949	0.00633	0.00316	0.00791
18	0.01098	0.00892	0.01187	0.01178	0.01317	0.04379	0.00914	0.01349	0.01187	0.01657	0.01868	0.02723	0.01738	0.05115	0.68651	0.01097	0.01877	0.00748	0.00381	0.00645
19	0.01036	0.00690	0.00777	0.00777	0.00777	0.00690	0.00431	0.01036	0.01036	0.01381	0.02244	0.04660	0.02589	0.74975	0.03624	0.00690	0.00690	0.01036	0.00431	0.00431
20	0.01884	0.63314	0.11713	0.01345	0.01996	0.06073	0.01395	0.02182	0.01482	0.01748	0.01030	0.01192	0.00913	0.00623	0.00492	0.00163	0.00822	0.00402	0.00307	0.00926
21	0.01744	0.01744	0.03190	0.04058	0.55262	0.01717	0.17217	0.02207	0.01635	0.02316	0.01363	0.01799	0.01117	0.00627	0.00736	0.00218	0.00927	0.00682	0.00354	0.01090
22	0.08935	0.01224	0.01536	0.01221	0.01714	0.01146	0.00997	0.05215	0.07260	0.51491	0.06633	0.02501	0.01997	0.00902	0.00694	0.00220	0.00577	0.00727	0.03896	0.01117
23	0.01237	0.00618	0.00928	0.00928	0.00928	0.00618	0.00618	0.00928	0.00928	0.01237	0.01237	0.02165	0.01237	0.02474	0.02783	0.79283	0.00618	0.00618	0.00309	0.00309
24	0.01753	0.05035	0.49317	0.01785	0.02642	0.04844	0.02122	0.02405	0.01653	0.13418	0.06910	0.01931	0.01499	0.00772	0.00688	0.00221	0.00927	0.00609	0.00436	0.01034
25	0.00875	0.00626	0.00833	0.00986	0.01034	0.00583	0.00662	0.01011	0.01399	0.01874	0.07533	0.70741	0.04819	0.02189	0.00905	0.00286	0.00409	0.01984	0.00668	0.00583
26	0.01087	0.00786	0.01071	0.01222	0.01377	0.00771	0.01036	0.01377	0.01603	0.02074	0.04077	0.16291	0.09698	0.01987	0.00962	0.00316	0.00601	0.52367	0.00657	0.00641
27	0.01847	0.05710	0.20218	0.07179	0.14362	0.01503	0.07540	0.04609	0.01705	0.15254	0.02048	0.04905	0.03744	0.00886	0.00730	0.00230	0.00842	0.05191	0.00489	0.01010
28	0.01573	0.11062	0.39778	0.04983	0.18685	0.01817	0.05398	0.02192	0.01516	0.02174	0.01255	0.01558	0.00967	0.00677	0.00725	0.00218	0.03518	0.00557	0.00317	0.01031
29	0.00909	0.00737	0.00816	0.00832	0.01052	0.00643	0.00649	0.01133	0.01679	0.02081	0.15261	0.06819	0.51810	0.01780	0.00862	0.00251	0.00401	0.10988	0.00677	0.00619
30	0.09747	0.01495	0.02466	0.21347	0.08118	0.01608	0.17800	0.05787	0.01669	0.11004	0.05232	0.02035	0.01406	0.00783	0.00845	0.00236	0.06333	0.00705	0.00460	0.00924
31	0.01663	0.01599	0.02827	0.15496	0.31662	0.01656	0.17295	0.05674	0.01693	0.02364	0.04864	0.02024	0.01390	0.00720	0.00791	0.00225	0.03272	0.00716	0.03084	0.00984
32	0.01651	0.10745	0.04631	0.03313	0.04504	0.03774	0.01188	0.09505	0.25034	0.02579	0.05201	0.16496	0.02524	0.01189	0.00738	0.00237	0.00642	0.04505	0.00604	0.00939
33	0.01528	0.01512	0.02087	0.01779	0.01884	0.05675	0.06633	0.01746	0.01217	0.01798	0.01212	0.01828	0.01127	0.01810	0.13359	0.00427	0.48657	0.00656	0.04297	0.00767
34	0.01477	0.01266	0.01477	0.01055	0.01687	0.00949	0.00844	0.01793	0.01477	0.02320	0.01266	0.01477	0.01055	0.00527	0.00527	0.00105	0.00527	0.00422	0.00422	0.79328
35	0.02401	0.06382	0.02033	0.01506	0.01983	0.06244	0.01222	0.49989	0.02804	0.03687	0.01699	0.02036	0.01358	0.09813	0.03367	0.00295	0.00838	0.00665	0.00622	0.01058
36	0.00868	0.00620	0.00826	0.00991	0.01033	0.00578	0.00661	0.00991	0.01363	0.01818	0.03925	0.74510	0.04710	0.02231	0.00909	0.00289	0.00413	0.02024	0.00661	0.00578
37	0.00867	0.00624	0.00822	0.00981	0.01030	0.00579	0.00656	0.00993	0.01374	0.01822	0.04054	0.71847	0.07289	0.02214	0.00906	0.00287	0.00411	0.02004	0.00661	0.00579
38	0.01917	0.01602	0.01692	0.01479	0.01907	0.01839	0.01162	0.13826	0.58967	0.03214	0.02713	0.02509	0.02023	0.00949	0.00723	0.00237	0.00598	0.00779	0.00723	0.01140
39	0.00956	0.00686	0.00871	0.00988	0.01054	0.00656	0.00664	0.03720	0.01424	0.01890	0.03811	0.62559	0.06940	0.08772	0.01145	0.00321	0.00451	0.01858	0.00642	0.00592
40	0.01762	0.01692	0.02890	0.04371	0.70533	0.01692	0.02185	0.02185	0.01621	0.02326	0.01339	0.01762	0.01128	0.00634	0.00705	0.00211	0.00846	0.00634	0.00352	0.01128
41	0.02748	0.01928	0.02096	0.01607	0.02175	0.02109	0.01327	0.62642	0.03236	0.10163	0.01803	0.01770	0.01258	0.00857	0.00713	0.00214	0.00768	0.00647	0.00727	0.01211
42	0.01105	0.00789	0.01099	0.01263	0.01408	0.00783	0.01074	0.01402	0.01597	0.02083	0.03794	0.18134	0.04191	0.02007	0.00972	0.00322	0.00619	0.56059	0.00656	0.00644
43	0.05343	0.01973	0.02100	0.01614	0.02180	0.02187	0.01334	0.65906	0.03275	0.04444	0.01685	0.01691	0.01196	0.00848	0.00703	0.00214	0.00776	0.00632	0.00703	0.01196
44	0.00842	0.00721	0.00721	0.00721	0.00962	0.00601	0.00541	0.01022	0.01623	0.01924	0.07213	0.06853	0.70244	0.01803	0.00842	0.00240	0.00361	0.01503	0.00661	0.00601
45	0.01048	0.00755	0.01020	0.01109	0.01257	0.00727	0.00898	0.01341	0.01714	0.02304	0.25031	0.17971	0.07051	0.01842	0.00921	0.00286	0.00505	0.32877	0.00698	0.00647
46	0.00866	0.00625	0.00821	0.00978	0.01029	0.00580	0.00655	0.00993	0.01376	0.01823	0.04091	0.71096	0.08017	0.02209	0.00905	0.00287	0.00410	0.01998	0.00661	0.00580
47	0.02471	0.01704	0.01841	0.01446	0.01942	0.01859	0.01183	0.49998	0.06077	0.08570	0.01939	0.01955	0.01393	0.00858	0.00678	0.00208	0.00688	0.00658	0.13413	0.01118
48	0.01599	0.01525	0.02595	0.31309	0.44871	0.01649	0.02104	0.02042	0.01544	0.02128	0.01311	0.01816	0.01058	0.00665	0.00708	0.00222	0.00886	0.00634	0.00338	0.00996
49	0.00848	0.00722	0.00731	0.00728	0.00966	0.00604	0.00546	0.01035	0.01639	0.01961	0.09766	0.06791	0.67669	0.01789	0.00842	0.00240	0.00360	0.01494	0.00666	0.00604
50	0.03178	0.01239	0.01669	0.01280	0.01831	0.01087	0.01057	0.05736	0.02084	0.68696	0.02771	0.02399	0.01743	0.00880	0.00716	0.00220	0.00612	0.00713	0.00875	0.01212
51	0.01746	0.01675	0.02861	0.07067	0.67964	0.01688	0.02177	0.02171	0.01614	0.02306	0.01337	0.01768	0.01121	0.00637	0.00705	0.00212	0.00850	0.00634	0.00351	0.01115
52	0.01063	0.00758	0.00941	0.00923	0.00951	0.00823	0.00600	0.01128	0.01063	0.01460	0.02092	0.04065	0.02312	0.55249	0.18637	0.00768	0.05308	0.00951	0.00413	0.00497
53	0.14356	0.01752	0.03406	0.10129	0.06838	0.01739	0.46789	0.02197	0.01575	0.02383	0.01344	0.01786	0.01019	0.00624	0.00755	0.00235	0.01051	0.00734	0.00368	0.00920
54	0.02656	0.01969	0.02108	0.01628	0.02189	0.02184	0.01341	0.64652	0.06938	0.04405	0.01774	0.01761	0.01263	0.00861	0.00713	0.00215	0.00772	0.00650	0.00713	0.01206
55	0.01021	0.00747	0.01062	0.01062	0.01161	0.00845	0.00788	0.01219	0.01120	0.01592	0.01982	0.03214	0.01961	0.20902	0.56839	0.01043	0.01635	0.00824	0.00393	0.00590
56	0.01428	0.03683	0.71286	0.02030	0.03082	0.01654	0.02631	0.02255	0.01503	0.02255	0.01278	0.01503	0.00902	0.00677	0.00677	0.00226	0.01052	0.00526	0.00301	0.01052
57	0.04221	0.47860	0.27372	0.01494	0.02254	0.02370	0.01700	0.02174	0.01459	0.01927	0.01091	0.01270	0.00905	0.00634	0.00534	0.00180	0.00857	0.00432	0.00308	0.00958
58	0.01814	0.01467	0.01577	0.01408	0.01807	0.01668	0.01097	0.03632	0.61566	0.07027	0.06569	0.02788	0.02398	0.00988	0.00730	0.00239	0.00554	0.00826	0.00737	0.01107
59	0.00866	0.00627	0.00819	0.00972	0.01028	0.00580	0.00653	0.00994	0.01382	0.01825	0.04157	0.69727	0.09343	0.02201	0.00904	0.00286	0.00409	0.01987	0.00661	0.00580
60	0.05862	0.14057	0.46782	0.01835	0.04824	0.01780	0.02108	0.04866	0.01565	0.04133	0.01413	0.05156	0.01132	0.00755	0.00646	0.00216	0.00919	0.00585	0.00361	0.01005
61	0.12850	0.01233	0.01576	0.01225	0.01762	0.01116	0.01012	0.03297	0.01934	0.62499	0.02581	0.02264	0.01638	0.00854	0.00681	0.00220	0.00599	0.00675	0.00826	0.01156
62	0.01036	0.00690	0.00777	0.00777	0.00777	0.00690	0.00431	0.01036	0.01036	0.01381	0.02244	0.04660	0.02589	0.74975	0.03624	0.00690	0.00690	0.01036	0.00431	0.00431
63	0.05612	0.09416	0.26944	0.11105	0.12424	0.01637	0.07220	0.02096	0.01563	0.04428	0.07569	0.03813	0.01597	0.00778	0.00686	0.00220	0.00873	0.00672	0.00394	0.00953
64	0.01567	0.01470	0.02452	0.41909	0.32304	0.01650	0.02043	0.04283	0.01574	0.02125	0.01312	0.01835	0.01033	0.00684	0.00709	0.00226	0.00900	0.00634	0.00345	0.00947
65	0.01134	0.00810	0.01132	0.01296	0.01454	0.00808	0.01124	0.01452	0.01626	0.02116	0.03778	0.11288	0.04128	0.01980	0.00980	0.00326	0.00644	0.62620	0.00656	0.00652
66	0.01437	0.03622	0.68970	0.02063	0.03104	0.01659	0.04886	0.02256	0.01509	0.02256	0.01283	0.01518	0.00908	0.00674	0.00682	0.00226	0.01057	0.00537	0.00303	0.01049
67	0.01901	0.11455	0.05994	0.05346	0.30287	0.14132	0.06997	0.02496	0.10332	0.02201	0.01456	0.01720	0.01177	0.00693	0.00674	0.00207	0.00917	0.00604	0.00393	0.01019
68	0.01754	0.20717	0.23460	0.01926	0.08049	0.03734	0.04408	0.08053	0.03935	0.02269	0.01301	0.01557	0.01043	0.00765	0.00858	0.00215	0.10972	0.00548	0.03458	0.00978
69	0.00918	0.00701	0.00842	0.00856	0.01021	0.00626	0.00623	0.01151	0.01730	0.02293	0.33018	0.21563	0.28573	0.01754	0.00856	0.00245	0.00362	0.01530	0.00713	0.00626
70	0.01108	0.00753	0.00860	0.00845	0.00880	0.00766	0.00507	0.04330	0.01171	0.01567	0.02296	0.08247	0.02605	0.64657	0.06016	0.00663	0.00727	0.01059	0.00456	0.00486
71	0.01267	0.04598	0.01403	0.09882	0.04504	0.00985	0.00945	0.01592	0.01753	0.04788	0.34784	0.03894	0.09243	0.02903	0.00809	0.00213	0.00505	0.00978	0.00609	0.14344

[dist]
# distance from previous block
# <min> <max>
0	2

[block]
# block no. 3 follows, 29 sequences, length 193
# corresponding to MSA columns:
# 287-479
name=unknown_D
#
# <colnr> <probs for GDERKNQSTAVLIFYWHMCP>
#	G	D	E	R	K	N	Q	S	T	A	V	L	I	F	Y	W	H	M	C	P
0	0.01575	0.01529	0.02462	0.40498	0.33571	0.04168	0.02047	0.02017	0.01532	0.02039	0.01292	0.01817	0.01026	0.00679	0.00706	0.00224	0.00916	0.00627	0.00334	0.00940
1	0.01765	0.02029	0.10284	0.05825	0.42472	0.06576	0.10616	0.02360	0.06752	0.02305	0.01445	0.01794	0.01156	0.00669	0.00717	0.00218	0.00927	0.00650	0.00376	0.01066
2	0.01036	0.00690	0.00777	0.00777	0.00777	0.00690	0.00431	0.01036	0.01036	0.01381	0.02244	0.04660	0.02589	0.74975	0.03624	0.00690	0.00690	0.01036	0.00431	0.00431
3	0.72114	0.03831	0.01209	0.00994	0.01449	0.01679	0.00826	0.06665	0.01367	0.03235	0.01041	0.01195	0.00806	0.00673	0.00460	0.00218	0.00574	0.00403	0.00455	0.00806
4	0.01731	0.01392	0.01509	0.01336	0.01712	0.01552	0.01043	0.08916	0.47151	0.05232	0.13957	0.03196	0.06007	0.01073	0.00747	0.00235	0.00538	0.00899	0.00735	0.01038
5	0.01760	0.39920	0.32009	0.01605	0.02383	0.07455	0.01824	0.02236	0.01513	0.01924	0.01119	0.01305	0.00909	0.00647	0.00563	0.00185	0.00922	0.00448	0.00308	0.00966
6	0.01428	0.03683	0.71286	0.02030	0.03082	0.01654	0.02631	0.02255	0.01503	0.02255	0.01278	0.01503	0.00902	0.00677	0.00677	0.00226	0.01052	0.00526	0.00301	0.01052
7	0.01036	0.00690	0.00777	0.00777	0.00777	0.00690	0.00431	0.01036	0.01036	0.01381	0.02244	0.04660	0.02589	0.74975	0.03624	0.00690	0.00690	0.01036	0.00431	0.00431
8	0.02660	0.03394	0.02018	0.01834	0.02201	0.72116	0.01376	0.02843	0.02018	0.01743	0.01101	0.01284	0.00917	0.00734	0.00642	0.00183	0.01284	0.00459	0.00367	0.00825
9	0.00953	0.00721	0.00880	0.00850	0.01033	0.00647	0.00634	0.01235	0.01872	0.02539	0.48944	0.09003	0.24902	0.01592	0.00844	0.00232	0.00347	0.01384	0.00743	0.00647
10	0.00868	0.00620	0.00826	0.00991	0.01033	0.00578	0.00661	0.00991	0.01363	0.01818	0.03925	0.74510	0.04710	0.02231	0.00909	0.00289	0.00413	0.02024	0.00661	0.00578
11	0.00868	0.00620	0.00826	0.00991	0.01033	0.00578	0.00661	0.00991	0.01363	0.01818	0.03925	0.74510	0.04710	0.02231	0.00909	0.00289	0.00413	0.02024	0.00661	0.00578
12	0.01439	0.01374	0.02365	0.57118	0.17543	0.01612	0.04674	0.01909	0.01472	0.01936	0.01287	0.01873	0.00989	0.00692	0.00716	0.00232	0.00939	0.00641	0.00325	0.00863
13	0.03097	0.01190	0.01621	0.01250	0.01784	0.01030	0.01030	0.03375	0.02037	0.67984	0.05815	0.02553	0.01984	0.00907	0.00722	0.00220	0.00594	0.00742	0.00877	0.01188
14	0.01036	0.00690	0.00777	0.00777	0.00777	0.00690	0.00431	0.01036	0.01036	0.01381	0.02244	0.04660	0.02589	0.74975	0.03624	0.00690	0.00690	0.01036	0.00431	0.00431
15	0.01327	0.00664	0.00664	0.00664	0.00830	0.00664	0.00498	0.01659	0.01493	0.02655	0.02323	0.02655	0.01825	0.00830	0.00498	0.00166	0.00332	0.00664	0.78928	0.00664
16	0.01976	0.01592	0.01696	0.01473	0.01908	0.01814	0.01160	0.14124	0.56099	0.05804	0.02704	0.02496	0.02003	0.00945	0.00722	0.00236	0.00601	0.00775	0.00729	0.01144
17	0.01632	0.02264	0.17260	0.02812	0.03597	0.01772	0.55233	0.02276	0.01646	0.02276	0.01409	0.01840	0.01046	0.00615	0.00808	0.00237	0.01172	0.00779	0.00349	0.00978
18	0.01363	0.01284	0.02169	0.70271	0.07756	0.01587	0.01987	0.01835	0.01432	0.01841	0.01269	0.01893	0.00957	0.00709	0.00712	0.00236	0.00945	0.00633	0.00318	0.00806
19	0.01592	0.02540	0.27767	0.02660	0.03497	0.01749	0.45003	0.02272	0.01618	0.02272	0.01383	0.01774	0.01018	0.00627	0.00783	0.00235	0.01148	0.00730	0.00339	0.00993
20	0.01126	0.00809	0.01118	0.01259	0.01426	0.00801	0.01090	0.01449	0.01667	0.02179	0.08912	0.07786	0.06608	0.01923	0.00968	0.00317	0.00621	0.58620	0.00666	0.00655
21	0.01762	0.01692	0.02890	0.04371	0.70533	0.01692	0.02185	0.02185	0.01621	0.02326	0.01339	0.01762	0.01128	0.00634	0.00705	0.00211	0.00846	0.00634	0.00352	0.01128
22	0.01428	0.03683	0.71286	0.02030	0.03082	0.01654	0.02631	0.02255	0.01503	0.02255	0.01278	0.01503	0.00902	0.00677	0.00677	0.00226	0.01052	0.00526	0.00301	0.01052
23	0.03195	0.01212	0.01652	0.01267	0.01818	0.01047	0.01047	0.03470	0.02038	0.71026	0.02809	0.02424	0.01763	0.00881	0.00716	0.00220	0.00606	0.00716	0.00881	0.01212
24	0.01398	0.01320	0.02232	0.64481	0.13271	0.01596	0.02004	0.01866	0.01449	0.01884	0.01275	0.01881	0.00972	0.00702	0.00711	0.00234	0.00936	0.00633	0.00321	0.00834
25	0.02707	0.01995	0.02137	0.01638	0.02208	0.02208	0.01353	0.68159	0.03348	0.04488	0.01710	0.01710	0.01211	0.00855	0.00712	0.00214	0.00784	0.00641	0.00712	0.01211
26	0.00980	0.00727	0.00913	0.00867	0.01047	0.00660	0.00650	0.01290	0.01950	0.02699	0.59622	0.05576	0.17352	0.01514	0.00840	0.00227	0.00340	0.01324	0.00763	0.00660
27	0.01036	0.00690	0.00777	0.00777	0.00777	0.00690	0.00431	0.01036	0.01036	0.01381	0.02244	0.04660	0.02589	0.74975	0.03624	0.00690	0.00690	0.01036	0.00431	0.00431
28	0.01895	0.02331	0.13382	0.01808	0.02274	0.23885	0.11559	0.02259	0.01736	0.07286	0.07601	0.09238	0.03914	0.00995	0.00864	0.00227	0.06604	0.00815	0.00463	0.00865
29	0.01733	0.01662	0.02838	0.09155	0.65976	0.01684	0.02171	0.02160	0.01608	0.02291	0.01334	0.01772	0.01116	0.00640	0.00705	0.00213	0.00853	0.00634	0.00350	0.01105
30	0.00998	0.00711	0.00966	0.01124	0.01217	0.00689	0.00866	0.01206	0.01471	0.01938	0.03787	0.42341	0.04353	0.05111	0.01054	0.00323	0.00531	0.30059	0.00649	0.00606
31	0.01389	0.01311	0.01836	0.01618	0.01657	0.01758	0.01324	0.01578	0.01218	0.01844	0.09317	0.05338	0.01893	0.01874	0.11656	0.00414	0.52065	0.00781	0.00392	0.00738
32	0.02425	0.04869	0.03981	0.01527	0.02066	0.04839	0.01275	0.48488	0.02814	0.06170	0.01764	0.05013	0.01386	0.03217	0.00785	0.00221	0.00766	0.00680	0.00643	0.07071
33	0.01372	0.01319	0.02305	0.67499	0.04807	0.01600	0.07390	0.01857	0.01445	0.01857	0.01280	0.01900	0.00960	0.00703	0.00722	0.00238	0.00970	0.00650	0.00320	0.00805
34	0.01035	0.00693	0.00792	0.00792	0.00797	0.00699	0.00451	0.01045	0.01040	0.01392	0.02230	0.04582	0.02555	0.72065	0.06488	0.00709	0.00741	0.01024	0.00429	0.00440
35	0.02077	0.04464	0.01981	0.04645	0.08904	0.11358	0.01260	0.18974	0.04476	0.05755	0.01478	0.01626	0.01144	0.00691	0.00628	0.00171	0.00760	0.00537	0.00503	0.28567
36	0.01611	0.01305	0.01518	0.01103	0.01722	0.01037	0.00884	0.04891	0.03903	0.05221	0.01404	0.01566	0.01129	0.00571	0.00550	0.00120	0.00543	0.00457	0.00464	0.70002
37	0.02293	0.34275	0.02736	0.01551	0.02024	0.39017	0.01296	0.02582	0.04923	0.01772	0.01137	0.01287	0.00975	0.00691	0.00566	0.00173	0.01026	0.00441	0.00357	0.00878
38	0.01643	0.01443	0.01480	0.01343	0.01698	0.04595	0.01037	0.03220	0.52297	0.02857	0.13981	0.03222	0.05949	0.01074	0.00745	0.00236	0.00549	0.00900	0.00716	0.01016
39	0.01762	0.01692	0.02890	0.04371	0.70533	0.01692	0.02185	0.02185	0.01621	0.02326	0.01339	0.01762	0.01128	0.00634	0.00705	0.00211	0.00846	0.00634	0.00352	0.01128
40	0.01881	0.01584	0.01672	0.01471	0.01893	0.01822	0.01154	0.11334	0.61518	0.03156	0.02759	0.02546	0.02061	0.00953	0.00723	0.00238	0.00589	0.00786	0.00723	0.01137
41	0.01134	0.00815	0.01128	0.01285	0.01452	0.00810	0.01120	0.01455	0.01638	0.02122	0.03926	0.07979	0.07100	0.01960	0.00977	0.00324	0.00642	0.62825	0.00656	0.00653
42	0.02660	0.03394	0.02018	0.01834	0.02201	0.72116	0.01376	0.02843	0.02018	0.01743	0.01101	0.01284	0.00917	0.00734	0.00642	0.00183	0.01284	0.00459	0.00367	0.00825
43	0.00843	0.00717	0.00726	0.00734	0.00965	0.00600	0.00546	0.01021	0.01611	0.01919	0.07064	0.09924	0.67270	0.01823	0.00845	0.00243	0.00363	0.01526	0.00661	0.00600
44	0.00868	0.00620	0.00826	0.00991	0.01033	0.00578	0.00661	0.00991	0.01363	0.01818	0.03925	0.74510	0.04710	0.02231	0.00909	0.00289	0.00413	0.02024	0.00661	0.00578
45	0.00868	0.00620	0.00826	0.00991	0.01033	0.00578	0.00661	0.00991	0.01363	0.01818	0.03925	0.74510	0.04710	0.02231	0.00909	0.00289	0.00413	0.02024	0.00661	0.00578
46	0.00868	0.00620	0.00826	0.00991	0.01033	0.00578	0.00661	0.00991	0.01363	0.01818	0.03925	0.74510	0.04710	0.02231	0.00909	0.00289	0.00413	0.02024	0.00661	0.00578
47	0.80005	0.01377	0.01047	0.00936	0.01377	0.01597	0.00771	0.02093	0.01212	0.03195	0.00991	0.01157	0.00771	0.00661	0.00441	0.00220	0.00551	0.00386	0.00441	0.00771
48	0.01036	0.00690	0.00777	0.00777	0.00777	0.00690	0.00431	0.01036	0.01036	0.01381	0.02244	0.04660	0.02589	0.74975	0.03624	0.00690	0.00690	0.01036	0.00431	0.00431
49	0.01762	0.01692	0.02890	0.04371	0.70533	0.01692	0.02185	0.02185	0.01621	0.02326	0.01339	0.01762	0.01128	0.00634	0.00705	0.00211	0.00846	0.00634	0.00352	0.01128
50	0.04222	0.03521	0.66047	0.02085	0.05737	0.01653	0.02547	0.02247	0.01498	0.02291	0.01270	0.01502	0.00906	0.00674	0.00669	0.00225	0.01026	0.00526	0.00308	0.01045
51	0.02836	0.01787	0.02008	0.01540	0.02105	0.01900	0.01272	0.50995	0.03000	0.22143	0.02001	0.01899	0.01357	0.00862	0.00713	0.00215	0.00736	0.00661	0.00757	0.01211
52	0.68355	0.01404	0.01214	0.03989	0.03527	0.01607	0.00896	0.05133	0.01359	0.05614	0.01110	0.01274	0.00844	0.00679	0.00481	0.00220	0.00588	0.00426	0.00461	0.00818
53	0.01956	0.70422	0.03613	0.01261	0.01853	0.07611	0.01229	0.02181	0.01486	0.01680	0.00998	0.01152	0.00914	0.00618	0.00470	0.00154	0.00798	0.00386	0.00309	0.00908
54	0.00932	0.00725	0.00847	0.00817	0.01017	0.00640	0.00612	0.01198	0.01837	0.02432	0.41566	0.06016	0.35575	0.01614	0.00841	0.00231	0.00347	0.01385	0.00728	0.00640
55	0.01821	0.01519	0.01612	0.01443	0.01850	0.01746	0.01124	0.03773	0.66898	0.05357	0.02895	0.02649	0.02159	0.00963	0.00724	0.00241	0.00565	0.00802	0.00730	0.01130
56	0.03014	0.01501	0.01832	0.01404	0.01962	0.01476	0.01160	0.27410	0.02523	0.46402	0.02402	0.02159	0.01558	0.00872	0.00715	0.00218	0.00672	0.00688	0.00819	0.01212
57	0.01159	0.00876	0.01096	0.01064	0.01270	0.00879	0.00836	0.01766	0.12905	0.02739	0.46695	0.05396	0.05484	0.01472	0.00848	0.00246	0.00433	0.13343	0.00750	0.00743
58	0.01447	0.06587	0.68551	0.01997	0.03031	0.01701	0.02574	0.02250	0.01501	0.02232	0.01266	0.01489	0.00902	0.00674	0.00668	0.00223	0.01041	0.00520	0.00301	0.01047
59	0.00879	0.00632	0.00836	0.00994	0.01049	0.00590	0.00677	0.01014	0.01386	0.01836	0.04051	0.68883	0.07336	0.02202	0.00909	0.00289	0.00422	0.04771	0.00661	0.00583
60	0.01030	0.00688	0.00778	0.00784	0.00785	0.00687	0.00439	0.01034	0.01046	0.01395	0.02298	0.06935	0.02658	0.72606	0.03536	0.00677	0.00681	0.01068	0.00439	0.00436
61	0.01019	0.00757	0.01115	0.01115	0.01232	0.00874	0.00854	0.01253	0.01136	0.01631	0.01934	0.02946	0.01844	0.10882	0.66700	0.01108	0.01810	0.00785	0.00385	0.00620
62	0.01558	0.01558	0.02181	0.01869	0.01869	0.02181	0.01558	0.01714	0.01091	0.01714	0.00935	0.01558	0.00935	0.01246	0.02337	0.00312	0.73672	0.00623	0.00312	0.00779
63	0.01462	0.08770	0.66494	0.01972	0.02993	0.01736	0.02531	0.02246	0.01499	0.02214	0.01257	0.01478	0.00903	0.00672	0.00661	0.00220	0.01032	0.00516	0.00301	0.01043
64	0.01103	0.00793	0.01092	0.01242	0.01397	0.00782	0.01059	0.01405	0.01625	0.02118	0.06273	0.14344	0.06913	0.01968	0.00965	0.00317	0.00609	0.54687	0.00661	0.00647
65	0.01068	0.00770	0.00951	0.00893	0.01095	0.00709	0.00674	0.01432	0.04359	0.04689	0.53538	0.05435	0.18736	0.01489	0.00832	0.00228	0.00357	0.01295	0.00761	0.00690
66	0.01529	0.01455	0.02475	0.29376	0.38281	0.01561	0.04116	0.01953	0.01539	0.02099	0.01673	0.05191	0.04105	0.00780	0.00726	0.00227	0.00856	0.00737	0.00366	0.00953
67	0.01345	0.01266	0.02136	0.73264	0.04904	0.01582	0.01978	0.01819	0.01424	0.01819	0.01266	0.01898	0.00949	0.00712	0.00712	0.00237	0.00949	0.00633	0.00316	0.00791
68	0.80005	0.01377	0.01047	0.00936	0.01377	0.01597	0.00771	0.02093	0.01212	0.03195	0.00991	0.01157	0.00771	0.00661	0.00441	0.00220	0.00551	0.00386	0.00441	0.00771
69	0.01036	0.00690	0.00777	0.00777	0.00777	0.00690	0.00431	0.01036	0.01036	0.01381	0.02244	0.04660	0.02589	0.74975	0.03624	0.00690	0.00690	0.01036	0.00431	0.00431
70	0.01821	0.01913	0.09794	0.06803	0.52740	0.01744	0.02124	0.09914	0.01803	0.02550	0.01373	0.01735	0.01107	0.00668	0.00703	0.00214	0.00864	0.00624	0.00388	0.01115
71	0.01540	0.01238	0.01455	0.01078	0.01659	0.00967	0.00855	0.04069	0.01554	0.05121	0.01552	0.07259	0.01376	0.00687	0.00571	0.00128	0.00530	0.00567	0.00469	0.67324
72	0.02508	0.11590	0.02197	0.01718	0.02132	0.53237	0.01337	0.07905	0.07139	0.02042	0.01271	0.01404	0.01035	0.00746	0.00632	0.00187	0.01129	0.00490	0.00413	0.00889
73	0.08341	0.01889	0.01758	0.01440	0.01903	0.13554	0.01154	0.32646	0.05088	0.10802	0.05140	0.02296	0.06900	0.00927	0.00691	0.00212	0.00757	0.00702	0.02777	0.01023
74	0.00981	0.00725	0.00919	0.00904	0.01074	0.00664	0.00683	0.01275	0.01878	0.02580	0.50615	0.10983	0.16418	0.01605	0.00855	0.00239	0.00368	0.05836	0.00746	0.00653
75	0.01771	0.01530	0.01610	0.01449	0.01852	0.01771	0.01127	0.03784	0.69247	0.02979	0.02898	0.02657	0.02174	0.00966	0.00725	0.00242	0.00564	0.00805	0.00725	0.01127
76	0.01031	0.00753	0.01097	0.01097	0.01216	0.00866	0.00839	0.01270	0.01150	0.01674	0.01950	0.02933	0.01844	0.10454	0.63987	0.01070	0.01750	0.00780	0.03620	0.00621
77	0.18790	0.02563	0.01850	0.01601	0.02017	0.37818	0.01252	0.18225	0.02129	0.02700	0.01216	0.01370	0.00958	0.00769	0.00687	0.00204	0.03993	0.00494	0.00462	0.00904
78	0.00867	0.00722	0.00757	0.00748	0.00978	0.00612	0.00561	0.01072	0.01684	0.02068	0.16985	0.06615	0.60383	0.01749	0.00841	0.00238	0.00357	0.01469	0.00680	0.00612
79	0.01345	0.01266	0.02136	0.73264	0.04904	0.01582	0.01978	0.01819	0.01424	0.01819	0.01266	0.01898	0.00949	0.00712	0.00712	0.00237	0.00949	0.00633	0.00316	0.00791
80	0.00852	0.00725	0.00735	0.00741	0.00979	0.00608	0.00561	0.01037	0.01624	0.01930	0.07099	0.06892	0.68053	0.01809	0.00846	0.00243	0.00370	0.03631	0.00661	0.00603
81	0.01904	0.75404	0.03731	0.01218	0.01828	0.02818	0.01218	0.02132	0.01447	0.01675	0.00990	0.01142	0.00914	0.00609	0.00457	0.00152	0.00761	0.00381	0.00305	0.00914
82	0.19031	0.01283	0.01550	0.01216	0.01745	0.01215	0.01004	0.06217	0.01929	0.53903	0.02382	0.02129	0.01532	0.00835	0.00659	0.00220	0.00603	0.00644	0.00782	0.01121
83	0.01020	0.00751	0.01084	0.01084	0.01191	0.00858	0.00815	0.01233	0.01127	0.01609	0.01962	0.03101	0.01912	0.16692	0.60982	0.01070	0.01709	0.00807	0.00390	0.00602
84	0.01327	0.00664	0.00664	0.00664	0.00830	0.00664	0.00498	0.01659	0.01493	0.02655	0.02323	0.02655	0.01825	0.00830	0.00498	0.00166	0.00332	0.00664	0.78928	0.00664
85	0.01762	0.01692	0.02890	0.04371	0.70533	0.01692	0.02185	0.02185	0.01621	0.02326	0.01339	0.01762	0.01128	0.00634	0.00705	0.00211	0.00846	0.00634	0.00352	0.01128
86	0.01722	0.01673	0.02748	0.15065	0.58346	0.03664	0.02130	0.02147	0.01602	0.02231	0.01321	0.01770	0.01094	0.00649	0.00704	0.00215	0.00874	0.00629	0.00347	0.01067
87	0.67182	0.01359	0.01224	0.12727	0.01952	0.01595	0.00968	0.02049	0.01246	0.02971	0.01036	0.01278	0.00800	0.00669	0.00485	0.00223	0.00616	0.00426	0.00420	0.00774
88	0.01594	0.01360	0.01394	0.15178	0.02021	0.12697	0.01083	0.04252	0.01570	0.02251	0.01742	0.02164	0.01403	0.01170	0.06152	0.00271	0.07179	0.00627	0.35149	0.00743
89	0.01006	0.00680	0.00792	0.00818	0.00831	0.00671	0.00480	0.01040	0.01129	0.01511	0.05121	0.16599	0.03108	0.59763	0.03055	0.00604	0.00630	0.01214	0.00484	0.00466
90	0.61718	0.04583	0.01185	0.00968	0.01383	0.01495	0.00795	0.02067	0.01345	0.07180	0.06843	0.05008	0.01504	0.00810	0.00512	0.00221	0.00540	0.00555	0.00500	0.00787
91	0.01826	0.63712	0.14744	0.01351	0.02032	0.02628	0.01449	0.02152	0.01456	0.01770	0.01037	0.01201	0.00912	0.00620	0.00493	0.00164	0.00809	0.00404	0.00304	0.00936
92	0.35826	0.01282	0.01395	0.01126	0.01631	0.01281	0.00930	0.02885	0.01687	0.42209	0.02037	0.01885	0.01341	0.00788	0.00599	0.00220	0.00583	0.00576	0.00694	0.01025
93	0.00880	0.00628	0.00840	0.01005	0.01052	0.00589	0.00682	0.01013	0.01375	0.01831	0.03918	0.71622	0.04683	0.02219	0.00912	0.00291	0.00424	0.04793	0.00661	0.00582
94	0.01428	0.01351	0.02286	0.59511	0.18006	0.01604	0.02019	0.01892	0.01463	0.01921	0.01280	0.01871	0.00985	0.00696	0.00711	0.00232	0.00929	0.00633	0.00324	0.00858
95	0.00872	0.00632	0.00824	0.00967	0.01029	0.00584	0.00652	0.01010	0.01413	0.01873	0.07179	0.66253	0.09758	0.02163	0.00901	0.00283	0.00406	0.01951	0.00667	0.00584
96	0.00996	0.00680	0.00812	0.00858	0.00883	0.00666	0.00530	0.01057	0.01189	0.01590	0.05912	0.22452	0.03379	0.50219	0.02702	0.00553	0.00602	0.03916	0.00515	0.00489
97	0.01443	0.03593	0.68182	0.02136	0.06143	0.01655	0.02611	0.02252	0.01509	0.02258	0.01281	0.01515	0.00912	0.00675	0.00678	0.00225	0.01043	0.00531	0.00303	0.01056
98	0.04033	0.10306	0.57295	0.01931	0.02889	0.01748	0.05110	0.02283	0.01515	0.04705	0.01303	0.01508	0.00937	0.00674	0.00656	0.00219	0.00999	0.00528	0.00329	0.01032
