[name]
unknown

[dist]
# distance from previous block
# <min> <max>
0	0

[block]
# block no. 0 follows, 29 sequences, length 10
# corresponding to MSA columns:
# 0-9
name=unknown_A
#
# <colnr> <probs for GDERKNQSTAVLIFYWHMCP>
#	G	D	E	R	K	N	Q	S	T	A	V	L	I	F	Y	W	H	M	C	P
0	0.01147	0.00820	0.01147	0.01311	0.01475	0.00820	0.01147	0.01475	0.01639	0.02131	0.03770	0.08032	0.04098	0.01967	0.00984	0.00328	0.00656	0.65741	0.00656	0.00656
1	0.00887	0.00736	0.00785	0.00809	0.01038	0.00634	0.00631	0.01089	0.01625	0.01955	0.06700	0.07029	0.60385	0.01828	0.00863	0.00253	0.00405	0.11078	0.00660	0.00609
2	0.00898	0.00653	0.00847	0.00948	0.01034	0.00602	0.00654	0.01075	0.01534	0.02065	0.19435	0.53100	0.10486	0.02018	0.00888	0.00270	0.00391	0.01812	0.00689	0.00602
3	0.01345	0.01266	0.02136	0.73264	0.04904	0.01582	0.01978	0.01819	0.01424	0.01819	0.01266	0.01898	0.00949	0.00712	0.00712	0.00237	0.00949	0.00633	0.00316	0.00791
4	0.01771	0.01530	0.01610	0.01449	0.01852	0.01771	0.01127	0.03784	0.69247	0.02979	0.02898	0.02657	0.02174	0.00966	0.00725	0.00242	0.00564	0.00805	0.00725	0.01127
5	0.01477	0.01266	0.01477	0.01055	0.01687	0.00949	0.00844	0.01793	0.01477	0.02320	0.01266	0.01477	0.01055	0.00527	0.00527	0.00105	0.00527	0.00422	0.00422	0.79328
6	0.01567	0.01226	0.01546	0.01143	0.01717	0.00959	0.03750	0.01885	0.01560	0.07900	0.05852	0.05185	0.01638	0.00696	0.00593	0.00137	0.00546	0.00592	0.00490	0.61017
7	0.01463	0.01180	0.01483	0.04261	0.06021	0.00969	0.00936	0.01756	0.01492	0.05010	0.04406	0.07906	0.01708	0.05291	0.00788	0.00178	0.00561	0.00660	0.00467	0.53466
8	0.01727	0.01598	0.02574	0.15859	0.47948	0.01638	0.01966	0.06601	0.01692	0.02385	0.01345	0.01755	0.01096	0.00653	0.00690	0.00206	0.00830	0.00615	0.00377	0.08444
9	0.01606	0.01533	0.02608	0.30098	0.46025	0.01651	0.02108	0.02049	0.01548	0.02137	0.01312	0.01813	0.01061	0.00663	0.00708	0.00221	0.00885	0.00634	0.00339	0.01002

[dist]
# distance from previous block
# <min> <max>
4	23

[block]
# block no. 1 follows, 29 sequences, length 15
# corresponding to MSA columns:
# 33-47
name=unknown_B
#
# <colnr> <probs for GDERKNQSTAVLIFYWHMCP>
#	G	D	E	R	K	N	Q	S	T	A	V	L	I	F	Y	W	H	M	C	P
0	0.19054	0.01747	0.01732	0.05062	0.02024	0.06495	0.01162	0.33896	0.04746	0.03555	0.07252	0.01892	0.01569	0.00830	0.00648	0.00209	0.00713	0.00619	0.00597	0.06197
1	0.11331	0.25641	0.06165	0.09922	0.02321	0.20614	0.01359	0.06640	0.01698	0.02147	0.01132	0.01348	0.00929	0.00675	0.00567	0.00184	0.00900	0.00459	0.00372	0.05597
2	0.16724	0.04092	0.02149	0.27910	0.03121	0.07525	0.11076	0.02082	0.01494	0.06721	0.01493	0.06863	0.01251	0.00825	0.00743	0.00232	0.03761	0.00696	0.00412	0.00831
3	0.01673	0.01608	0.03039	0.17817	0.05362	0.01580	0.34168	0.02158	0.01592	0.06722	0.01443	0.01861	0.01089	0.00658	0.00809	0.00219	0.03789	0.00707	0.00393	0.13315
4	0.00877	0.00627	0.00835	0.00985	0.01035	0.00585	0.00662	0.01016	0.01409	0.01891	0.08576	0.69651	0.04851	0.02176	0.00904	0.00285	0.00408	0.01973	0.00670	0.00585
5	0.00963	0.00719	0.00894	0.00865	0.01040	0.00650	0.00643	0.01251	0.01887	0.02585	0.52141	0.10281	0.20294	0.01583	0.00845	0.00232	0.00346	0.01383	0.00749	0.00650
6	0.00851	0.00722	0.00734	0.00731	0.00967	0.00605	0.00548	0.01040	0.01645	0.01975	0.10682	0.06768	0.66744	0.01784	0.00841	0.00240	0.00359	0.01491	0.00668	0.00605
7	0.01020	0.00753	0.01096	0.01096	0.01207	0.00864	0.00830	0.01241	0.01130	0.01617	0.01951	0.03040	0.01886	0.14429	0.63209	0.01085	0.01748	0.00799	0.00388	0.00609
8	0.01428	0.03683	0.71286	0.02030	0.03082	0.01654	0.02631	0.02255	0.01503	0.02255	0.01278	0.01503	0.00902	0.00677	0.00677	0.00226	0.01052	0.00526	0.00301	0.01052
9	0.01904	0.75404	0.03731	0.01218	0.01828	0.02818	0.01218	0.02132	0.01447	0.01675	0.00990	0.01142	0.00914	0.00609	0.00457	0.00152	0.00761	0.00381	0.00305	0.00914
10	0.01660	0.04071	0.01636	0.01272	0.01722	0.05138	0.01007	0.09915	0.11215	0.02503	0.01894	0.12265	0.01741	0.00937	0.00756	0.00184	0.05442	0.00749	0.00519	0.35374
11	0.04741	0.01275	0.01619	0.01206	0.01774	0.01052	0.05348	0.04286	0.01621	0.07981	0.05869	0.04866	0.01618	0.00707	0.00602	0.00147	0.00572	0.00601	0.00499	0.53616
12	0.01635	0.06638	0.10135	0.01260	0.01714	0.01236	0.01119	0.09848	0.04496	0.09825	0.10686	0.20095	0.02764	0.01180	0.00724	0.00214	0.00597	0.01006	0.00598	0.14230
13	0.07380	0.01449	0.03688	0.01266	0.01827	0.01280	0.03245	0.14327	0.03840	0.10931	0.01981	0.04981	0.04874	0.00795	0.00631	0.00174	0.00612	0.00645	0.00557	0.35518
14	0.04782	0.07093	0.18859	0.01429	0.02042	0.01467	0.01409	0.13965	0.01959	0.16577	0.08228	0.07391	0.01962	0.00915	0.00684	0.00209	0.00709	0.00740	0.00580	0.08999

[dist]
# distance from previous block
# <min> <max>
3	12

[block]
# block no. 2 follows, 29 sequences, length 31
# corresponding to MSA columns:
# 60-90
name=unknown_C
#
# <colnr> <probs for GDERKNQSTAVLIFYWHMCP>
#	G	D	E	R	K	N	Q	S	T	A	V	L	I	F	Y	W	H	M	C	P
0	0.01918	0.04471	0.01827	0.01365	0.01832	0.01579	0.01119	0.18331	0.07746	0.07390	0.05819	0.01934	0.01563	0.00838	0.00891	0.00192	0.11616	0.00610	0.00551	0.28408
1	0.05914	0.04362	0.02111	0.01569	0.02134	0.02122	0.01303	0.58696	0.03104	0.08996	0.01733	0.01718	0.01221	0.00840	0.00693	0.00212	0.00761	0.00627	0.00699	0.01183
2	0.01760	0.50878	0.19505	0.01517	0.02193	0.02464	0.03955	0.02138	0.01444	0.01836	0.01070	0.01283	0.00918	0.00668	0.00651	0.00184	0.05842	0.00448	0.00306	0.00939
3	0.01610	0.01712	0.03038	0.02349	0.02655	0.02020	0.29717	0.01954	0.01341	0.01954	0.01149	0.01712	0.00997	0.00972	0.01702	0.00281	0.42933	0.00715	0.00332	0.00856
4	0.01112	0.00856	0.01189	0.01283	0.01385	0.00933	0.01044	0.01351	0.01462	0.01960	0.03365	0.27484	0.03773	0.02071	0.03691	0.00343	0.10578	0.34871	0.00601	0.00648
5	0.00881	0.00629	0.00842	0.01007	0.01054	0.00590	0.00685	0.01015	0.01377	0.01833	0.03917	0.71283	0.04680	0.02218	0.00912	0.00291	0.00425	0.05118	0.00661	0.00582
6	0.01327	0.00664	0.00664	0.00664	0.00830	0.00664	0.00498	0.01659	0.01493	0.02655	0.02323	0.02655	0.01825	0.00830	0.00498	0.00166	0.00332	0.00664	0.78928	0.00664
7	0.01771	0.01530	0.01610	0.01449	0.01852	0.01771	0.01127	0.03784	0.69247	0.02979	0.02898	0.02657	0.02174	0.00966	0.00725	0.00242	0.00564	0.00805	0.00725	0.01127
8	0.01017	0.00763	0.01144	0.01144	0.01272	0.00890	0.00890	0.01272	0.01144	0.01653	0.01907	0.02797	0.01780	0.05340	0.72153	0.01144	0.01907	0.00763	0.00381	0.00636
9	0.01681	0.01921	0.04202	0.03001	0.03721	0.01801	0.67947	0.02281	0.01681	0.02281	0.01441	0.01921	0.01080	0.00600	0.00840	0.00240	0.01200	0.00840	0.00360	0.00960
10	0.01327	0.00664	0.00664	0.00664	0.00830	0.00664	0.00498	0.01659	0.01493	0.02655	0.02323	0.02655	0.01825	0.00830	0.00498	0.00166	0.00332	0.00664	0.78928	0.00664
11	0.01345	0.01266	0.02136	0.73264	0.04904	0.01582	0.01978	0.01819	0.01424	0.01819	0.01266	0.01898	0.00949	0.00712	0.00712	0.00237	0.00949	0.00633	0.00316	0.00791
12	0.01681	0.01921	0.04202	0.03001	0.03721	0.01801	0.67947	0.02281	0.01681	0.02281	0.01441	0.01921	0.01080	0.00600	0.00840	0.00240	0.01200	0.00840	0.00360	0.00960
13	0.01147	0.00820	0.01147	0.01311	0.01475	0.00820	0.01147	0.01475	0.01639	0.02131	0.03770	0.08032	0.04098	0.01967	0.00984	0.00328	0.00656	0.65741	0.00656	0.00656
14	0.01008	0.00728	0.00952	0.00896	0.01064	0.00672	0.00672	0.01344	0.02016	0.02855	0.70158	0.05319	0.06719	0.01456	0.00840	0.00224	0.00336	0.01288	0.00784	0.00672
15	0.01762	0.01692	0.02890	0.04371	0.70533	0.01692	0.02185	0.02185	0.01621	0.02326	0.01339	0.01762	0.01128	0.00634	0.00705	0.00211	0.00846	0.00634	0.00352	0.01128
16	0.02914	0.01663	0.01931	0.01481	0.02043	0.01716	0.01223	0.40721	0.02792	0.32710	0.02176	0.02012	0.01445	0.00866	0.00714	0.00217	0.00708	0.00673	0.00784	0.01211
17	0.01733	0.49728	0.27916	0.01509	0.02277	0.02401	0.01724	0.02176	0.01467	0.01883	0.01093	0.01272	0.00910	0.00633	0.00536	0.00179	0.00866	0.00433	0.00303	0.00963
18	0.01011	0.00687	0.00806	0.00820	0.00848	0.00674	0.00493	0.01071	0.01209	0.01634	0.11603	0.13531	0.03412	0.55926	0.02908	0.00577	0.00608	0.01194	0.00508	0.00482
19	0.00913	0.00654	0.00797	0.00891	0.00948	0.00614	0.00577	0.01009	0.01303	0.01704	0.03881	0.44698	0.13071	0.23559	0.01698	0.00400	0.00487	0.01662	0.00594	0.00538
20	0.01827	0.63782	0.14678	0.01350	0.02031	0.02629	0.01447	0.02152	0.01456	0.01769	0.01037	0.01201	0.00912	0.00620	0.00492	0.00164	0.00809	0.00404	0.00304	0.00936
21	0.03073	0.01448	0.01702	0.01339	0.01868	0.07400	0.01091	0.05997	0.04675	0.59643	0.02618	0.02304	0.01682	0.00870	0.00710	0.00218	0.00671	0.00694	0.00823	0.01174
22	0.00894	0.00638	0.00850	0.00988	0.01034	0.00615	0.00663	0.01020	0.01318	0.01769	0.03616	0.62740	0.04286	0.08165	0.07415	0.00396	0.00567	0.01836	0.00618	0.00572
23	0.02707	0.02011	0.02063	0.01612	0.02158	0.07359	0.01318	0.54803	0.05911	0.10096	0.01811	0.01781	0.01278	0.00853	0.00708	0.00213	0.00796	0.00641	0.00702	0.01178
24	0.02341	0.02179	0.02157	0.04550	0.15692	0.19778	0.01493	0.29068	0.07139	0.03093	0.01575	0.01723	0.01204	0.00783	0.00685	0.00206	0.00895	0.00605	0.03779	0.01054
25	0.02922	0.01157	0.01578	0.01255	0.01756	0.01011	0.01040	0.03204	0.02002	0.62064	0.05735	0.03041	0.02178	0.01001	0.00745	0.00230	0.00599	0.06485	0.00857	0.01140
26	0.01428	0.03683	0.71286	0.02030	0.03082	0.01654	0.02631	0.02255	0.01503	0.02255	0.01278	0.01503	0.00902	0.00677	0.00677	0.00226	0.01052	0.00526	0.00301	0.01052
27	0.01957	0.02061	0.02701	0.03821	0.55727	0.16952	0.02010	0.02328	0.01707	0.02200	0.01288	0.01659	0.01082	0.00656	0.00691	0.00205	0.00941	0.00596	0.00356	0.01062
28	0.01771	0.01927	0.04019	0.02881	0.03588	0.01837	0.62063	0.08101	0.01828	0.02476	0.01464	0.01902	0.01092	0.00623	0.00829	0.00238	0.01164	0.00823	0.00391	0.00983
29	0.01918	0.00975	0.01262	0.01062	0.01402	0.00885	0.00840	0.05382	0.02062	0.29033	0.36663	0.04138	0.08914	0.01230	0.00786	0.00223	0.00463	0.01052	0.00809	0.00900
30	0.01570	0.04727	0.09159	0.31367	0.03473	0.01720	0.11705	0.06471	0.07568	0.02249	0.01496	0.01907	0.01143	0.00769	0.00834	0.00233	0.06672	0.00660	0.05382	0.00896

[dist]
# distance from previous block
# <min> <max>
0	17

[block]
# block no. 3 follows, 29 sequences, length 168
# corresponding to MSA columns:
# 117-223,226-260,262-287
name=unknown_D
#
# <colnr> <probs for GDERKNQSTAVLIFYWHMCP>
#	G	D	E	R	K	N	Q	S	T	A	V	L	I	F	Y	W	H	M	C	P
0	0.02749	0.01539	0.04174	0.01411	0.01948	0.01468	0.01185	0.23091	0.08566	0.38958	0.02479	0.05444	0.01735	0.00935	0.00723	0.00224	0.00663	0.00754	0.00785	0.01170
1	0.01492	0.13333	0.62197	0.01920	0.02913	0.01810	0.02441	0.02239	0.01496	0.02177	0.01239	0.01455	0.00904	0.00667	0.00647	0.00216	0.01013	0.00507	0.00301	0.01034
2	0.07101	0.01289	0.02083	0.65517	0.06997	0.01587	0.01897	0.01852	0.01415	0.01938	0.01248	0.01839	0.00943	0.00705	0.00692	0.00235	0.00916	0.00615	0.00327	0.00802
3	0.01751	0.01694	0.02770	0.06645	0.63495	0.03762	0.02114	0.02165	0.01627	0.02283	0.01423	0.01993	0.01229	0.00691	0.00714	0.00216	0.00855	0.03121	0.00363	0.01089
4	0.01710	0.01678	0.02925	0.08987	0.50991	0.01727	0.10684	0.02200	0.03868	0.02272	0.01378	0.01812	0.01134	0.00680	0.00812	0.00224	0.04830	0.00666	0.00361	0.01063
5	0.01012	0.00691	0.00806	0.00820	0.00842	0.00692	0.00489	0.01048	0.01095	0.01460	0.02561	0.10616	0.05395	0.60737	0.08282	0.00671	0.00742	0.01119	0.00457	0.00466
6	0.01240	0.01119	0.01832	0.56096	0.03987	0.01349	0.01666	0.01644	0.01448	0.01880	0.05803	0.15061	0.01961	0.01027	0.00755	0.00246	0.00817	0.00920	0.00405	0.00746
7	0.01849	0.67178	0.11480	0.01311	0.01971	0.02684	0.01380	0.02146	0.01453	0.01742	0.01023	0.01184	0.00912	0.00617	0.00482	0.00161	0.00795	0.00397	0.00304	0.00930
8	0.01684	0.01849	0.03856	0.06063	0.17225	0.01770	0.52086	0.02243	0.01659	0.02272	0.01413	0.01888	0.01085	0.00612	0.00808	0.00234	0.01119	0.00791	0.00357	0.00987
9	0.01029	0.00687	0.00789	0.00803	0.00831	0.00685	0.00480	0.01077	0.01117	0.01523	0.02566	0.10475	0.05279	0.58677	0.06200	0.00630	0.00689	0.01104	0.04888	0.00473
10	0.00882	0.00626	0.00822	0.00973	0.01010	0.00588	0.00641	0.00995	0.01334	0.01779	0.03777	0.68358	0.04523	0.08638	0.01148	0.00325	0.00438	0.01937	0.00641	0.00565
11	0.01328	0.01260	0.01309	0.01275	0.01447	0.14344	0.00982	0.01568	0.01309	0.01670	0.01755	0.02512	0.01617	0.04470	0.58646	0.00963	0.01790	0.00705	0.00379	0.00672
12	0.02861	0.01458	0.01770	0.01388	0.01922	0.01449	0.01137	0.19996	0.12271	0.44053	0.02542	0.02276	0.01683	0.00887	0.00716	0.00222	0.00645	0.00710	0.00815	0.01199
13	0.01428	0.03683	0.71286	0.02030	0.03082	0.01654	0.02631	0.02255	0.01503	0.02255	0.01278	0.01503	0.00902	0.00677	0.00677	0.00226	0.01052	0.00526	0.00301	0.01052
14	0.01669	0.02000	0.07225	0.02957	0.03693	0.01794	0.65003	0.02280	0.01673	0.02280	0.01433	0.01902	0.01072	0.00604	0.00833	0.00239	0.01194	0.00826	0.00357	0.00965
15	0.01428	0.03683	0.71286	0.02030	0.03082	0.01654	0.02631	0.02255	0.01503	0.02255	0.01278	0.01503	0.00902	0.00677	0.00677	0.00226	0.01052	0.00526	0.00301	0.01052
16	0.00868	0.00620	0.00826	0.00991	0.01033	0.00578	0.00661	0.00991	0.01363	0.01818	0.03925	0.74510	0.04710	0.02231	0.00909	0.00289	0.00413	0.02024	0.00661	0.00578
17	0.03145	0.01291	0.01702	0.01305	0.01857	0.01164	0.01078	0.10037	0.02171	0.64272	0.02698	0.02351	0.01707	0.00879	0.00716	0.00220	0.00624	0.00708	0.00864	0.01212
18	0.03195	0.01212	0.01652	0.01267	0.01818	0.01047	0.01047	0.03470	0.02038	0.71026	0.02809	0.02424	0.01763	0.00881	0.00716	0.00220	0.00606	0.00716	0.00881	0.01212
19	0.03126	0.01197	0.01630	0.01255	0.01794	0.01035	0.01035	0.03403	0.02037	0.68870	0.04940	0.02515	0.01919	0.00899	0.00720	0.00220	0.00597	0.00734	0.00878	0.01195
20	0.01664	0.01606	0.02779	0.19888	0.52681	0.01672	0.05102	0.02107	0.01579	0.02210	0.01327	0.01800	0.01085	0.00650	0.00713	0.00219	0.00885	0.00643	0.00345	0.01044
21	0.77847	0.01372	0.01064	0.00946	0.01389	0.01582	0.00779	0.02132	0.01235	0.05101	0.01043	0.01192	0.00799	0.00667	0.00448	0.00220	0.00552	0.00395	0.00453	0.00784
22	0.01345	0.01266	0.02136	0.73264	0.04904	0.01582	0.01978	0.01819	0.01424	0.01819	0.01266	0.01898	0.00949	0.00712	0.00712	0.00237	0.00949	0.00633	0.00316	0.00791
23	0.01428	0.03683	0.71286	0.02030	0.03082	0.01654	0.02631	0.02255	0.01503	0.02255	0.01278	0.01503	0.00902	0.00677	0.00677	0.00226	0.01052	0.00526	0.00301	0.01052
24	0.04211	0.02270	0.20087	0.03073	0.21847	0.01728	0.31755	0.02242	0.01606	0.02317	0.01358	0.01750	0.01040	0.00630	0.00750	0.00228	0.01046	0.00692	0.00346	0.01023
25	0.02569	0.01212	0.01504	0.01254	0.01686	0.04973	0.01028	0.02856	0.01977	0.47842	0.12194	0.03560	0.02735	0.01107	0.00767	0.00234	0.00614	0.10045	0.00807	0.01036
26	0.00868	0.00620	0.00826	0.00991	0.01033	0.00578	0.00661	0.00991	0.01363	0.01818	0.03925	0.74510	0.04710	0.02231	0.00909	0.00289	0.00413	0.02024	0.00661	0.00578
27	0.01673	0.01898	0.04074	0.02929	0.03604	0.01825	0.63741	0.02245	0.01643	0.02245	0.01409	0.01898	0.01071	0.00641	0.00935	0.00245	0.05792	0.00827	0.00357	0.00949
28	0.10861	0.27412	0.35624	0.01696	0.02504	0.02049	0.06481	0.02196	0.01462	0.02173	0.01159	0.01370	0.00903	0.00647	0.00586	0.00201	0.00906	0.00483	0.00323	0.00966
29	0.01687	0.01904	0.04106	0.03101	0.08598	0.01793	0.63147	0.02274	0.01676	0.02284	0.01433	0.01909	0.01084	0.00603	0.00830	0.00238	0.01175	0.00825	0.00360	0.00973
30	0.00907	0.00688	0.00969	0.01056	0.01141	0.00638	0.03678	0.01053	0.01387	0.01833	0.04002	0.64211	0.09266	0.04303	0.00982	0.00295	0.00453	0.01903	0.00641	0.00593
31	0.00933	0.00686	0.00930	0.05086	0.01287	0.00668	0.00775	0.01096	0.01394	0.01838	0.03814	0.57072	0.06960	0.05357	0.01025	0.00307	0.00481	0.09068	0.00631	0.00593
32	0.01734	0.01725	0.05262	0.03778	0.56079	0.03548	0.02036	0.04183	0.01684	0.02353	0.01619	0.02451	0.01454	0.00797	0.00734	0.00225	0.00842	0.08034	0.00397	0.01066
33	0.01428	0.03683	0.71286	0.02030	0.03082	0.01654	0.02631	0.02255	0.01503	0.02255	0.01278	0.01503	0.00902	0.00677	0.00677	0.00226	0.01052	0.00526	0.00301	0.01052
34	0.00962	0.00729	0.00888	0.00857	0.01047	0.00655	0.00648	0.01250	0.01883	0.02546	0.48676	0.05880	0.25985	0.01579	0.00845	0.00233	0.00355	0.03588	0.00742	0.00650
35	0.02230	0.13297	0.02302	0.05074	0.07186	0.36621	0.01419	0.05300	0.10503	0.02046	0.01352	0.01540	0.01108	0.00780	0.00762	0.00202	0.06425	0.00532	0.00410	0.00910
36	0.01876	0.35725	0.17270	0.01434	0.02032	0.12236	0.01445	0.02222	0.01595	0.06022	0.06273	0.01818	0.01479	0.04917	0.00752	0.00212	0.00855	0.00546	0.00389	0.00903
37	0.02455	0.01774	0.01937	0.01520	0.02008	0.01953	0.01234	0.55908	0.02957	0.05747	0.01798	0.02057	0.01384	0.07462	0.06174	0.00322	0.00853	0.00685	0.00669	0.01103
38	0.04800	0.01837	0.03778	0.05161	0.05608	0.01817	0.54846	0.02203	0.01597	0.02251	0.01367	0.01851	0.01052	0.00667	0.00955	0.00245	0.07884	0.00789	0.00357	0.00936
39	0.03930	0.06030	0.66785	0.01968	0.02986	0.01691	0.02524	0.02246	0.01492	0.02265	0.01259	0.01480	0.00898	0.00674	0.00662	0.00223	0.01027	0.00517	0.00305	0.01039
40	0.01381	0.01330	0.02289	0.64106	0.04647	0.01632	0.06769	0.01847	0.01424	0.01847	0.01260	0.01881	0.00958	0.00734	0.00813	0.00242	0.05072	0.00647	0.00319	0.00803
41	0.00918	0.00657	0.00859	0.00964	0.01019	0.00645	0.00648	0.01041	0.01283	0.01720	0.03462	0.48845	0.06534	0.15738	0.11723	0.00483	0.00677	0.01643	0.00579	0.00561
42	0.01669	0.01537	0.02384	0.26465	0.33841	0.01693	0.01895	0.05317	0.13414	0.02370	0.01603	0.01961	0.01255	0.00728	0.00711	0.00225	0.00828	0.00664	0.00422	0.01020
43	0.01787	0.01739	0.02866	0.04301	0.68650	0.03633	0.02163	0.02203	0.01632	0.02310	0.01333	0.01749	0.01122	0.00637	0.00703	0.00211	0.00858	0.00630	0.00353	0.01120
44	0.01746	0.02018	0.09714	0.02783	0.03501	0.01754	0.56498	0.02334	0.01670	0.06366	0.01494	0.01905	0.01102	0.00642	0.00861	0.00240	0.03210	0.00800	0.00385	0.00978
45	0.00884	0.00680	0.00804	0.00894	0.01025	0.00610	0.00637	0.01041	0.01479	0.01867	0.05218	0.38629	0.31920	0.04953	0.00995	0.00288	0.00420	0.06418	0.00651	0.00588
46	0.01625	0.02080	0.12200	0.05960	0.03551	0.01803	0.51736	0.02212	0.01601	0.02212	0.01373	0.01840	0.01041	0.00665	0.00932	0.00244	0.06853	0.00775	0.00347	0.00950
47	0.01857	0.01409	0.01655	0.01416	0.01776	0.01507	0.03738	0.33441	0.07496	0.03217	0.02807	0.26708	0.05186	0.01386	0.00798	0.00247	0.00639	0.03099	0.00678	0.00941
48	0.01519	0.01307	0.01285	0.01197	0.01370	0.12724	0.00923	0.04372	0.01472	0.02084	0.01795	0.02414	0.01571	0.06431	0.22863	0.00518	0.10009	0.00675	0.24766	0.00705
49	0.02488	0.02203	0.02095	0.01704	0.02142	0.16797	0.01378	0.41972	0.05713	0.03444	0.01524	0.01641	0.01153	0.00891	0.00934	0.00223	0.11445	0.00608	0.00583	0.01064
50	0.01465	0.06051	0.64866	0.02141	0.07059	0.01696	0.02555	0.02247	0.01508	0.02239	0.01272	0.01506	0.00916	0.00672	0.00671	0.00222	0.01030	0.00528	0.00304	0.01052
51	0.00880	0.00629	0.00841	0.01006	0.01053	0.00589	0.00683	0.01013	0.01376	0.01832	0.03918	0.71533	0.04682	0.02219	0.00912	0.00291	0.00424	0.04878	0.00661	0.00582
52	0.01471	0.03396	0.60630	0.02232	0.05575	0.01673	0.10606	0.02256	0.01529	0.02261	0.01300	0.01564	0.00932	0.00666	0.00698	0.00227	0.01063	0.00568	0.00310	0.01044
53	0.17762	0.00907	0.01021	0.02902	0.01269	0.00906	0.00737	0.01606	0.01790	0.06796	0.43176	0.04339	0.11649	0.01271	0.00745	0.00225	0.00416	0.01069	0.00692	0.00720
54	0.01762	0.01692	0.02890	0.04371	0.70533	0.01692	0.02185	0.02185	0.01621	0.02326	0.01339	0.01762	0.01128	0.00634	0.00705	0.00211	0.00846	0.00634	0.00352	0.01128
55	0.00945	0.00692	0.00904	0.01004	0.01038	0.00702	0.00674	0.01050	0.01276	0.01721	0.03360	0.54370	0.03986	0.16626	0.03648	0.00395	0.04748	0.01711	0.00587	0.00563
56	0.01630	0.01991	0.10477	0.10879	0.13312	0.01746	0.44754	0.02214	0.01626	0.02234	0.01391	0.01854	0.01055	0.00625	0.00790	0.00234	0.01107	0.00757	0.00348	0.00975
57	0.02445	0.02950	0.02178	0.02255	0.13641	0.53702	0.01522	0.04930	0.01942	0.01934	0.01152	0.01395	0.00964	0.00752	0.00756	0.00197	0.05520	0.00504	0.00373	0.00887
58	0.01428	0.03683	0.71286	0.02030	0.03082	0.01654	0.02631	0.02255	0.01503	0.02255	0.01278	0.01503	0.00902	0.00677	0.00677	0.00226	0.01052	0.00526	0.00301	0.01052
59	0.01281	0.01165	0.06358	0.01412	0.03653	0.01045	0.01198	0.04447	0.10409	0.02328	0.05484	0.13515	0.06538	0.01665	0.00890	0.00290	0.00634	0.36280	0.00637	0.00772
60	0.02565	0.10062	0.02215	0.01837	0.04195	0.58359	0.01383	0.07524	0.02049	0.01954	0.01142	0.01316	0.00945	0.00728	0.00632	0.00184	0.01185	0.00470	0.00386	0.00871
61	0.00867	0.00623	0.00822	0.00982	0.01030	0.00579	0.00657	0.00993	0.01373	0.01822	0.04042	0.72088	0.07057	0.02216	0.00906	0.00287	0.00411	0.02006	0.00661	0.00579
62	0.01344	0.01244	0.02083	0.70664	0.04758	0.01549	0.01925	0.01814	0.01426	0.01849	0.01303	0.01926	0.00981	0.00716	0.00704	0.00235	0.00927	0.00634	0.03132	0.00786
63	0.01578	0.01467	0.02310	0.05608	0.46897	0.01488	0.01757	0.02138	0.09280	0.02306	0.02440	0.05588	0.10328	0.00927	0.00741	0.00226	0.00732	0.02722	0.00454	0.01014
64	0.01902	0.01781	0.02774	0.03969	0.60324	0.03981	0.02062	0.09977	0.01837	0.02562	0.01375	0.01741	0.01131	0.00664	0.00704	0.00211	0.00852	0.00630	0.00395	0.01128
65	0.02993	0.01261	0.01653	0.01285	0.01812	0.01146	0.01055	0.08106	0.05143	0.59927	0.05889	0.02518	0.01973	0.00910	0.00722	0.00221	0.00604	0.00741	0.00857	0.01183
66	0.01447	0.06527	0.68607	0.01997	0.03032	0.01700	0.02575	0.02250	0.01501	0.02232	0.01266	0.01489	0.00902	0.00674	0.00668	0.00223	0.01041	0.00520	0.00301	0.01047
67	0.02419	0.01785	0.01929	0.01546	0.02049	0.01975	0.01253	0.47792	0.17527	0.06647	0.02137	0.06053	0.01640	0.00958	0.00726	0.00224	0.00708	0.00758	0.00719	0.01157
68	0.02293	0.01703	0.01954	0.01566	0.02014	0.01886	0.03271	0.45605	0.06519	0.05944	0.02041	0.10778	0.01709	0.01050	0.00848	0.00231	0.05789	0.00829	0.02895	0.01075
69	0.02879	0.01165	0.01558	0.01229	0.01729	0.01027	0.01002	0.03216	0.04660	0.60546	0.05367	0.05470	0.04808	0.00993	0.00733	0.00225	0.00578	0.00821	0.00854	0.01141
70	0.03059	0.01313	0.01701	0.01317	0.01861	0.01211	0.01083	0.10259	0.06182	0.60006	0.02699	0.02363	0.01729	0.00884	0.00716	0.00221	0.00622	0.00714	0.00854	0.01207
71	0.02506	0.01666	0.01924	0.01649	0.05861	0.01778	0.01262	0.37726	0.12414	0.17654	0.02222	0.06427	0.01672	0.00948	0.00726	0.00224	0.00696	0.00764	0.00725	0.01156
72	0.03161	0.01267	0.01686	0.01293	0.01845	0.01128	0.01068	0.08003	0.02130	0.66364	0.02732	0.02374	0.01724	0.00879	0.00716	0.00220	0.00618	0.00711	0.00869	0.01212
73	0.01428	0.03683	0.71286	0.02030	0.03082	0.01654	0.02631	0.02255	0.01503	0.02255	0.01278	0.01503	0.00902	0.00677	0.00677	0.00226	0.01052	0.00526	0.00301	0.01052
74	0.01455	0.07731	0.67473	0.01984	0.03011	0.01719	0.02551	0.02248	0.01500	0.02222	0.01262	0.01483	0.00903	0.00673	0.00664	0.00221	0.01036	0.00518	0.00301	0.01045
75	0.01789	0.01742	0.02865	0.04297	0.68537	0.03749	0.02162	0.02205	0.01633	0.02309	0.01332	0.01748	0.01122	0.00637	0.00703	0.00211	0.00859	0.00629	0.00353	0.01119
76	0.03073	0.01204	0.01626	0.01259	0.01792	0.01055	0.01036	0.03404	0.04092	0.66505	0.05224	0.02534	0.01953	0.00904	0.00721	0.00221	0.00595	0.00739	0.00873	0.01190
77	0.02329	0.01894	0.02138	0.07751	0.12260	0.07076	0.01479	0.36142	0.13085	0.05907	0.01801	0.01875	0.01326	0.00821	0.00708	0.00218	0.00802	0.00654	0.00611	0.01124
78	0.01295	0.03570	0.01196	0.01107	0.01297	0.00978	0.00815	0.09700	0.06719	0.04583	0.13950	0.44318	0.04180	0.01744	0.00838	0.00259	0.00476	0.01546	0.00686	0.00744
79	0.00962	0.00688	0.00887	0.01009	0.01076	0.00659	0.00683	0.04014	0.01463	0.01957	0.06130	0.66003	0.04541	0.05026	0.01005	0.00299	0.00438	0.01897	0.00659	0.00604
80	0.01428	0.03683	0.71286	0.02030	0.03082	0.01654	0.02631	0.02255	0.01503	0.02255	0.01278	0.01503	0.00902	0.00677	0.00677	0.00226	0.01052	0.00526	0.00301	0.01052
81	0.33710	0.10464	0.10393	0.21812	0.02738	0.01736	0.03671	0.02087	0.01376	0.04505	0.01174	0.01473	0.00895	0.00676	0.00571	0.00218	0.00774	0.00498	0.00382	0.00848
82	0.01759	0.01701	0.02943	0.04316	0.67852	0.01696	0.04825	0.02189	0.01624	0.02324	0.01343	0.01769	0.01126	0.00633	0.00710	0.00213	0.00860	0.00643	0.00353	0.01121
83	0.00868	0.00620	0.00826	0.00991	0.01033	0.00578	0.00661	0.00991	0.01363	0.01818	0.03925	0.74510	0.04710	0.02231	0.00909	0.00289	0.00413	0.02024	0.00661	0.00578
84	0.10252	0.01875	0.01986	0.01736	0.07048	0.04812	0.01314	0.42681	0.12650	0.05843	0.01794	0.01802	0.01308	0.00832	0.00684	0.00217	0.00747	0.00634	0.00652	0.01133
85	0.01841	0.01806	0.02773	0.05361	0.02663	0.04788	0.22548	0.13527	0.05566	0.02449	0.01361	0.01765	0.01098	0.00914	0.01351	0.00260	0.27874	0.00699	0.00422	0.00933
86	0.00915	0.00652	0.00855	0.00952	0.01024	0.00610	0.00648	0.01085	0.01510	0.02056	0.20923	0.51924	0.05086	0.06936	0.01074	0.00299	0.00412	0.01767	0.00677	0.00593
87	0.02684	0.01952	0.02101	0.01619	0.02182	0.02155	0.01335	0.63598	0.05953	0.06461	0.01791	0.01769	0.01266	0.00860	0.00713	0.00215	0.00769	0.00650	0.00718	0.01208
88	0.18637	0.10656	0.44565	0.01767	0.02618	0.01774	0.06214	0.02208	0.01445	0.02400	0.01195	0.01416	0.00886	0.00661	0.00612	0.00218	0.00922	0.00500	0.00335	0.00971
89	0.02644	0.05269	0.02193	0.01614	0.02181	0.02223	0.01341	0.63373	0.05134	0.04319	0.01711	0.01711	0.01225	0.00847	0.00701	0.00212	0.00776	0.00634	0.00694	0.01195
90	0.01079	0.00908	0.00959	0.00914	0.01181	0.00880	0.00695	0.01704	0.17229	0.02301	0.15347	0.05666	0.45383	0.01560	0.00814	0.00238	0.00404	0.01311	0.00694	0.00732
91	0.01492	0.13435	0.52787	0.01966	0.04844	0.01769	0.05234	0.02185	0.01536	0.02211	0.05134	0.01695	0.01247	0.00706	0.00663	0.00215	0.00972	0.00566	0.00333	0.01010
92	0.01435	0.01328	0.02188	0.65278	0.09334	0.01618	0.01964	0.04816	0.01524	0.01974	0.01291	0.01881	0.00973	0.00713	0.00711	0.00234	0.00935	0.00633	0.00337	0.00833
93	0.04094	0.03516	0.65853	0.02098	0.06046	0.01654	0.02548	0.02246	0.01499	0.02290	0.01271	0.01503	0.00908	0.00674	0.00670	0.00225	0.01026	0.00526	0.00308	0.01046
94	0.01761	0.01725	0.02775	0.11185	0.60873	0.04835	0.02128	0.02178	0.01619	0.02249	0.01321	0.01755	0.01101	0.00647	0.00703	0.00213	0.00876	0.00626	0.00349	0.01080
95	0.01961	0.01806	0.02576	0.06635	0.46899	0.06289	0.01900	0.15324	0.01997	0.02717	0.04029	0.01863	0.01337	0.00720	0.00708	0.00212	0.00847	0.00649	0.00440	0.01092
96	0.01532	0.01502	0.02205	0.56247	0.04285	0.06817	0.04232	0.04873	0.01534	0.01941	0.01252	0.01817	0.00962	0.00761	0.00850	0.00239	0.07168	0.00627	0.00339	0.00817
97	0.00868	0.00620	0.00826	0.00991	0.01033	0.00578	0.00661	0.00991	0.01363	0.01818	0.03925	0.74510	0.04710	0.02231	0.00909	0.00289	0.00413	0.02024	0.00661	0.00578
98	0.01930	0.05155	0.02928	0.05596	0.07734	0.21770	0.23952	0.02280	0.01619	0.01961	0.01199	0.01616	0.00993	0.00789	0.01086	0.00234	0.17284	0.00641	0.00347	0.00885
99	0.02336	0.15576	0.04306	0.01895	0.07476	0.47524	0.01422	0.02640	0.04540	0.01838	0.01203	0.01406	0.01010	0.00858	0.02881	0.00214	0.01144	0.00484	0.00368	0.00877
100	0.01617	0.32123	0.44498	0.01708	0.02585	0.02115	0.02071	0.02206	0.01481	0.02025	0.01164	0.01360	0.00907	0.00650	0.00589	0.00196	0.00937	0.00469	0.00302	0.00997
101	0.00965	0.00778	0.01052	0.01082	0.01186	0.00784	0.02785	0.01133	0.01442	0.01917	0.08994	0.47608	0.16475	0.01949	0.01029	0.00276	0.07597	0.01701	0.00627	0.00621
102	0.02242	0.01712	0.13656	0.01615	0.06970	0.01332	0.01378	0.11127	0.06841	0.29090	0.11298	0.02699	0.04924	0.00943	0.00730	0.00223	0.00675	0.00781	0.00688	0.01077
103	0.01603	0.01761	0.03558	0.02633	0.03157	0.01805	0.49547	0.02079	0.01535	0.02131	0.01490	0.06428	0.01279	0.00841	0.01164	0.00258	0.16598	0.00869	0.00369	0.00898
104	0.00902	0.00650	0.00862	0.01020	0.01086	0.00610	0.00717	0.01054	0.01410	0.01862	0.04053	0.63062	0.07586	0.02178	0.00915	0.00292	0.00441	0.10051	0.00660	0.00589
105	0.10632	0.01728	0.05466	0.10307	0.44516	0.01696	0.08862	0.04210	0.01611	0.02436	0.01312	0.01711	0.01059	0.00650	0.00689	0.00219	0.00866	0.00623	0.00369	0.01037
106	0.15675	0.01590	0.02188	0.24424	0.17939	0.01777	0.04176	0.18900	0.01931	0.02872	0.01353	0.01690	0.01029	0.00718	0.00668	0.00223	0.00824	0.00600	0.00449	0.00975
107	0.01571	0.25255	0.50967	0.01786	0.02705	0.02004	0.02206	0.02218	0.01486	0.02081	0.01191	0.01395	0.00906	0.00656	0.00610	0.00203	0.00965	0.00482	0.00302	0.01011
108	0.02797	0.01850	0.02047	0.01570	0.02136	0.01993	0.01297	0.56184	0.03105	0.16805	0.01913	0.01842	0.01313	0.00860	0.00713	0.00215	0.00751	0.00655	0.00744	0.01211
109	0.01751	0.01759	0.05198	0.04292	0.68258	0.01691	0.02200	0.02188	0.01617	0.02324	0.01337	0.01754	0.01120	0.00636	0.00704	0.00212	0.00853	0.00631	0.00351	0.01125
110	0.00961	0.00679	0.00860	0.00971	0.01022	0.00654	0.00639	0.03203	0.01365	0.01820	0.03525	0.58531	0.04182	0.16340	0.01431	0.00365	0.00479	0.01787	0.00618	0.00571
111	0.02707	0.01995	0.02137	0.01638	0.02208	0.02208	0.01353	0.68159	0.03348	0.04488	0.01710	0.01710	0.01211	0.00855	0.00712	0.00214	0.00784	0.00641	0.00712	0.01211
112	0.01032	0.00741	0.00884	0.00848	0.01055	0.00655	0.00636	0.01291	0.01823	0.05497	0.38203	0.09707	0.31795	0.01613	0.00839	0.00234	0.00362	0.01390	0.00732	0.00663
113	0.02633	0.01853	0.02018	0.01575	0.02121	0.02031	0.01292	0.53010	0.11942	0.11100	0.01980	0.01908	0.01395	0.00872	0.00714	0.00218	0.00736	0.00670	0.00731	0.01200
114	0.01400	0.01322	0.02236	0.64139	0.13596	0.01597	0.02005	0.01868	0.01450	0.01886	0.01275	0.01880	0.00973	0.00702	0.00711	0.00234	0.00936	0.00633	0.00321	0.00836
115	0.00843	0.00714	0.00729	0.00741	0.00967	0.00599	0.00550	0.01020	0.01604	0.01916	0.06973	0.11791	0.65461	0.01835	0.00846	0.00244	0.00365	0.01541	0.00661	0.00599
116	0.16204	0.01881	0.01853	0.06730	0.02203	0.07941	0.01263	0.36292	0.12663	0.03602	0.01677	0.01732	0.01234	0.00816	0.00660	0.00218	0.00764	0.00604	0.00608	0.01057
117	0.03070	0.01399	0.01753	0.01494	0.05953	0.06250	0.01139	0.03348	0.02012	0.61885	0.02597	0.02301	0.01663	0.00856	0.00710	0.00217	0.00670	0.00692	0.00812	0.01179
118	0.02106	0.53630	0.03206	0.01387	0.01930	0.19785	0.01258	0.04060	0.03654	0.01803	0.01093	0.01237	0.00960	0.00657	0.00517	0.00164	0.00884	0.00419	0.00343	0.00906
119	0.00899	0.00656	0.00879	0.01030	0.01075	0.00636	0.00707	0.01032	0.01366	0.01827	0.03830	0.69676	0.04573	0.02191	0.00954	0.00291	0.02598	0.04540	0.00650	0.00587
120	0.01499	0.03584	0.68495	0.01999	0.03031	0.01629	0.02567	0.02304	0.01525	0.05011	0.01339	0.01540	0.00937	0.00685	0.00678	0.00225	0.01034	0.00534	0.00324	0.01059
121	0.01551	0.01491	0.02595	0.39249	0.24307	0.01643	0.10463	0.04345	0.01590	0.02129	0.01465	0.01969	0.02648	0.00705	0.00729	0.00229	0.00931	0.00681	0.00355	0.00925
122	0.01311	0.00869	0.01190	0.01290	0.01491	0.00862	0.01113	0.01696	0.04110	0.07230	0.07371	0.07279	0.04005	0.01823	0.00947	0.00311	0.00631	0.55075	0.00682	0.00714
123	0.01456	0.03160	0.53780	0.04388	0.03177	0.01640	0.14731	0.02210	0.01555	0.02270	0.04069	0.01747	0.01170	0.00695	0.00715	0.00229	0.01048	0.00619	0.00332	0.01012
124	0.01254	0.00670	0.00692	0.00692	0.00816	0.00670	0.00481	0.01502	0.01378	0.02333	0.02303	0.03160	0.02018	0.19533	0.01286	0.00298	0.00422	0.00757	0.59128	0.00605
125	0.01385	0.01330	0.02315	0.65498	0.07330	0.01602	0.06801	0.01867	0.01450	0.01872	0.01281	0.01895	0.00966	0.00701	0.00721	0.00237	0.00964	0.00648	0.00321	0.00816
126	0.03195	0.01212	0.01652	0.01267	0.01818	0.01047	0.01047	0.03470	0.02038	0.71026	0.02809	0.02424	0.01763	0.00881	0.00716	0.00220	0.00606	0.00716	0.00881	0.01212
127	0.01893	0.01881	0.02220	0.05356	0.12924	0.17288	0.11453	0.06901	0.06737	0.04408	0.05071	0.02377	0.06843	0.00878	0.00806	0.00218	0.04893	0.00740	0.06200	0.00913
128	0.02620	0.03178	0.02037	0.01816	0.02189	0.62202	0.01381	0.09439	0.02116	0.02021	0.01156	0.01338	0.00948	0.00767	0.00717	0.00192	0.04138	0.00484	0.00400	0.00863
129	0.03100	0.01212	0.01631	0.01258	0.01788	0.01063	0.01031	0.05046	0.02033	0.66644	0.02759	0.02491	0.01780	0.03717	0.00827	0.00238	0.00614	0.00726	0.00860	0.01182
130	0.01437	0.03620	0.68884	0.02064	0.03105	0.01659	0.04969	0.02256	0.01510	0.02256	0.01284	0.01518	0.00908	0.00674	0.00682	0.00226	0.01058	0.00537	0.00303	0.01049
131	0.01693	0.01797	0.08535	0.10616	0.47556	0.01690	0.02040	0.02401	0.12000	0.02370	0.01567	0.01891	0.01251	0.00697	0.00706	0.00220	0.00831	0.00651	0.00402	0.01088
132	0.01440	0.03604	0.68281	0.02073	0.03111	0.01660	0.05556	0.02256	0.01511	0.02256	0.01285	0.01522	0.00910	0.00673	0.00684	0.00226	0.01059	0.00540	0.00303	0.01048
133	0.02788	0.01864	0.02056	0.01576	0.02143	0.02014	0.01302	0.57369	0.03129	0.15586	0.01893	0.01829	0.01303	0.00859	0.00713	0.00215	0.00754	0.00654	0.00741	0.01211
134	0.04806	0.09467	0.31896	0.04574	0.02504	0.10334	0.04781	0.02300	0.04246	0.06147	0.10496	0.02065	0.01777	0.00801	0.00677	0.00214	0.00898	0.00639	0.00431	0.00947
135	0.00875	0.00633	0.00830	0.00984	0.01043	0.00588	0.00669	0.01009	0.01390	0.01835	0.04142	0.67750	0.09126	0.02193	0.00907	0.00287	0.00418	0.04079	0.00661	0.00582
136	0.00868	0.00620	0.00826	0.00991	0.01033	0.00578	0.00661	0.00991	0.01363	0.01818	0.03925	0.74510	0.04710	0.02231	0.00909	0.00289	0.00413	0.02024	0.00661	0.00578
137	0.01699	0.01637	0.02819	0.14318	0.59067	0.01679	0.04077	0.02135	0.01594	0.02251	0.01332	0.01787	0.01101	0.00645	0.00710	0.00216	0.00871	0.00640	0.00347	0.01074
138	0.05248	0.03252	0.53755	0.01895	0.02812	0.04025	0.02274	0.11858	0.01790	0.04646	0.01367	0.01538	0.00967	0.00710	0.00671	0.00222	0.00985	0.00540	0.00386	0.01060
139	0.01687	0.01904	0.04106	0.03101	0.08598	0.01793	0.63147	0.02274	0.01676	0.02284	0.01433	0.01909	0.01084	0.00603	0.00830	0.00238	0.01175	0.00825	0.00360	0.00973
140	0.00887	0.00634	0.00846	0.00995	0.01050	0.00593	0.00678	0.01033	0.01420	0.01904	0.08754	0.67280	0.04836	0.02166	0.00906	0.00286	0.00415	0.04060	0.00670	0.00588
141	0.03877	0.13201	0.53184	0.02118	0.09550	0.01815	0.02338	0.02227	0.01499	0.02211	0.01236	0.01469	0.00922	0.00663	0.00642	0.00214	0.00977	0.00513	0.00311	0.01033
142	0.01738	0.33540	0.23987	0.04070	0.02394	0.04353	0.03403	0.04651	0.01508	0.01988	0.01121	0.01383	0.00930	0.00738	0.00829	0.00206	0.11402	0.00492	0.00324	0.00942
143	0.00972	0.00786	0.00884	0.01013	0.01086	0.04621	0.00685	0.01100	0.01409	0.01808	0.03953	0.63260	0.09213	0.04384	0.00974	0.00292	0.00467	0.01867	0.00637	0.00589
144	0.01737	0.01630	0.02721	0.19094	0.48723	0.01710	0.04597	0.06925	0.01707	0.02372	0.01354	0.01794	0.01093	0.00666	0.00712	0.00218	0.00877	0.00642	0.00371	0.01054
145	0.01714	0.11222	0.06854	0.06727	0.29161	0.04894	0.06060	0.06709	0.04401	0.02287	0.01729	0.11787	0.01608	0.00891	0.00707	0.00219	0.00821	0.00801	0.00425	0.00982
146	0.01590	0.01710	0.03477	0.19189	0.11724	0.01704	0.43259	0.02129	0.01613	0.02170	0.01551	0.02036	0.02999	0.00664	0.00795	0.00236	0.01078	0.00787	0.00358	0.00931
147	0.00944	0.00680	0.00882	0.00995	0.01033	0.00673	0.00671	0.01054	0.01299	0.01738	0.03448	0.53160	0.04085	0.17787	0.01547	0.00378	0.03110	0.05358	0.00599	0.00558
148	0.02270	0.37315	0.02820	0.01516	0.02011	0.32414	0.01290	0.06392	0.04492	0.01922	0.01155	0.01296	0.00983	0.00691	0.00562	0.00173	0.00979	0.00446	0.00372	0.00902
149	0.01453	0.03538	0.66294	0.02200	0.08005	0.01656	0.02598	0.02250	0.01512	0.02260	0.01282	0.01522	0.00919	0.00673	0.00679	0.00224	0.01037	0.00534	0.00304	0.01058
150	0.01311	0.00665	0.00670	0.00670	0.00827	0.00665	0.00494	0.01624	0.01467	0.02583	0.02318	0.02768	0.01868	0.05014	0.00674	0.00196	0.00352	0.00685	0.74498	0.00651
151	0.00931	0.00666	0.00897	0.01049	0.01122	0.00632	0.00758	0.01108	0.01457	0.01941	0.07816	0.57215	0.04707	0.02133	0.00920	0.00293	0.00457	0.14631	0.00667	0.00599
152	0.01628	0.01692	0.02600	0.02202	0.06165	0.06697	0.18806	0.01931	0.01358	0.01931	0.01228	0.01780	0.01080	0.01290	0.06760	0.00333	0.37516	0.00681	0.03486	0.00834
153	0.01602	0.02472	0.25178	0.02697	0.03521	0.01755	0.47524	0.02273	0.01625	0.02273	0.01390	0.01790	0.01025	0.00624	0.00789	0.00236	0.01154	0.00742	0.00342	0.00989
154	0.01750	0.01679	0.02868	0.06437	0.68565	0.01689	0.02179	0.02174	0.01615	0.02311	0.01337	0.01766	0.01123	0.00637	0.00705	0.00212	0.00849	0.00634	0.00351	0.01118
155	0.04356	0.01783	0.01664	0.01425	0.01835	0.12312	0.01131	0.25901	0.17153	0.03071	0.02789	0.02889	0.12248	0.01289	0.04757	0.00276	0.00798	0.02721	0.00626	0.00977
156	0.01498	0.03585	0.68525	0.01999	0.03032	0.01630	0.02568	0.02303	0.01525	0.04982	0.01339	0.01540	0.00936	0.00685	0.00678	0.00225	0.01035	0.00534	0.00324	0.01059
157	0.01554	0.00842	0.01131	0.01062	0.01303	0.00768	0.00826	0.01833	0.01846	0.19872	0.31637	0.18333	0.04732	0.01526	0.00840	0.00249	0.00461	0.09627	0.00768	0.00789
158	0.01493	0.15541	0.57589	0.01864	0.02810	0.01821	0.02335	0.02200	0.01481	0.02138	0.01252	0.01488	0.00934	0.00827	0.03118	0.00245	0.01033	0.00510	0.00304	0.01015
159	0.01750	0.01672	0.02810	0.06345	0.65431	0.01692	0.02131	0.02246	0.04663	0.02340	0.01407	0.01807	0.01170	0.00652	0.00706	0.00214	0.00836	0.00642	0.00368	0.01118
160	0.01789	0.01933	0.07833	0.04057	0.61753	0.05664	0.02172	0.02228	0.01635	0.02288	0.01321	0.01716	0.01100	0.00643	0.00699	0.00211	0.00886	0.00617	0.00350	0.01105
161	0.00910	0.00650	0.00861	0.00978	0.01047	0.00609	0.00673	0.01079	0.01491	0.02019	0.16836	0.56403	0.05015	0.04339	0.00983	0.00290	0.00415	0.04130	0.00678	0.00595
162	0.02688	0.01881	0.02049	0.01587	0.02142	0.02058	0.01306	0.56848	0.08024	0.11179	0.01909	0.01852	0.01338	0.00866	0.00714	0.00216	0.00749	0.00661	0.00730	0.01205
163	0.08037	0.01893	0.01861	0.01519	0.02002	0.07971	0.01223	0.39412	0.17902	0.03725	0.05737	0.02051	0.01682	0.00889	0.00696	0.00218	0.00734	0.00680	0.00670	0.01096
164	0.01072	0.00758	0.00951	0.01081	0.04852	0.00749	0.00645	0.03065	0.01272	0.01727	0.02804	0.30282	0.03229	0.39258	0.02267	0.00484	0.00588	0.01357	0.03004	0.00555
165	0.01798	0.01428	0.01562	0.01393	0.01777	0.01595	0.01108	0.12571	0.43506	0.05085	0.07861	0.03411	0.04682	0.01116	0.00762	0.00245	0.00583	0.07753	0.00722	0.01042
166	0.01482	0.01054	0.01178	0.01032	0.01254	0.01087	0.00744	0.17963	0.01764	0.02427	0.05105	0.05669	0.06308	0.32719	0.06704	0.00473	0.00718	0.00924	0.06262	0.05134
167	0.01649	0.02204	0.15551	0.02530	0.03283	0.04482	0.45043	0.02235	0.01636	0.02260	0.01376	0.01764	0.01039	0.00609	0.00763	0.00218	0.01090	0.00715	0.00358	0.11196

[dist]
# distance from previous block
# <min> <max>
5	8

[block]
# block no. 4 follows, 29 sequences, length 98
# corresponding to MSA columns:
# 296-393
name=unknown_E
#
# <colnr> <probs for GDERKNQSTAVLIFYWHMCP>
#	G	D	E	R	K	N	Q	S	T	A	V	L	I	F	Y	W	H	M	C	P
0	0.04809	0.09913	0.02188	0.01603	0.02107	0.21735	0.01303	0.34920	0.06041	0.06320	0.01555	0.01597	0.01160	0.00797	0.00659	0.00201	0.00895	0.00568	0.00574	0.01055
1	0.02527	0.12417	0.02254	0.01682	0.02136	0.40963	0.01336	0.20000	0.05744	0.02520	0.01339	0.01448	0.01059	0.00761	0.00640	0.00190	0.01046	0.00514	0.00468	0.00954
2	0.00988	0.00737	0.00845	0.00818	0.01033	0.00642	0.00613	0.01227	0.01773	0.04710	0.30446	0.09179	0.41108	0.01660	0.00840	0.00236	0.00362	0.01418	0.00715	0.00648
3	0.00868	0.00620	0.00826	0.00991	0.01033	0.00578	0.00661	0.00991	0.01363	0.01818	0.03925	0.74510	0.04710	0.02231	0.00909	0.00289	0.00413	0.02024	0.00661	0.00578
4	0.00991	0.00726	0.00920	0.00872	0.01042	0.00665	0.00649	0.01297	0.01937	0.02700	0.60809	0.05464	0.13546	0.04132	0.00940	0.00243	0.00351	0.01302	0.00758	0.00655
5	0.01762	0.01692	0.02890	0.04371	0.70533	0.01692	0.02185	0.02185	0.01621	0.02326	0.01339	0.01762	0.01128	0.00634	0.00705	0.00211	0.00846	0.00634	0.00352	0.01128
6	0.01615	0.01649	0.02285	0.01926	0.02001	0.04776	0.05824	0.01867	0.03610	0.01797	0.01044	0.01610	0.00988	0.01175	0.02118	0.00300	0.63640	0.00638	0.00332	0.00805
7	0.00868	0.00620	0.00826	0.00991	0.01033	0.00578	0.00661	0.00991	0.01363	0.01818	0.03925	0.74510	0.04710	0.02231	0.00909	0.00289	0.00413	0.02024	0.00661	0.00578
8	0.01664	0.01888	0.04100	0.06468	0.03780	0.01790	0.64692	0.02258	0.01668	0.02258	0.01432	0.01920	0.01074	0.00606	0.00834	0.00240	0.01188	0.00830	0.00358	0.00952
9	0.01456	0.08147	0.60396	0.02002	0.02971	0.01703	0.06501	0.02207	0.01506	0.02204	0.01357	0.03939	0.01041	0.00719	0.00680	0.00224	0.01021	0.00586	0.00317	0.01022
10	0.01428	0.03683	0.71286	0.02030	0.03082	0.01654	0.02631	0.02255	0.01503	0.02255	0.01278	0.01503	0.00902	0.00677	0.00677	0.00226	0.01052	0.00526	0.00301	0.01052
11	0.00872	0.00627	0.00827	0.00978	0.01031	0.00583	0.00657	0.01006	0.01397	0.01861	0.06551	0.69437	0.07163	0.02186	0.00904	0.00285	0.00408	0.01977	0.00666	0.00583
12	0.01489	0.01444	0.02542	0.47966	0.22194	0.01633	0.08627	0.01963	0.01502	0.02000	0.01303	0.01865	0.01010	0.00680	0.00723	0.00231	0.00947	0.00654	0.00330	0.00897
