[name]
unknown

[dist]
# distance from previous block
# <min> <max>
0	0

[block]
# block no. 0 follows, 24 sequences, length 51
# corresponding to MSA columns:
# 0-50
name=unknown_A
#
# <colnr> <probs for GDERKNQSTAVLIFYWHMCP>
#	G	D	E	R	K	N	Q	S	T	A	V	L	I	F	Y	W	H	M	C	P
0	0.01278	0.00913	0.01278	0.01460	0.01643	0.00913	0.01278	0.01643	0.01825	0.02373	0.04199	0.08945	0.04564	0.02191	0.01095	0.00365	0.00730	0.61847	0.00730	0.00730
1	0.02118	0.01360	0.01705	0.05135	0.02087	0.01107	0.01062	0.02458	0.01803	0.20016	0.02009	0.05210	0.01569	0.00793	0.00675	0.00170	0.00631	0.00654	0.00613	0.48826
2	0.02946	0.02155	0.02307	0.01776	0.02391	0.02383	0.01465	0.61753	0.03637	0.04907	0.01934	0.01951	0.01379	0.00951	0.00783	0.00236	0.00850	0.00715	0.04162	0.01321
3	0.01153	0.00769	0.00865	0.00865	0.00865	0.00769	0.00480	0.01153	0.01153	0.01538	0.02499	0.05189	0.02883	0.72131	0.04036	0.00769	0.00769	0.01153	0.00480	0.00480
4	0.01644	0.01409	0.01644	0.01175	0.01879	0.01057	0.00940	0.01997	0.01644	0.02584	0.01409	0.01644	0.01175	0.00587	0.00587	0.00117	0.00587	0.00470	0.00470	0.76979
5	0.01786	0.01789	0.03083	0.07777	0.03072	0.01937	0.25198	0.05672	0.01708	0.02428	0.01562	0.05706	0.01367	0.00996	0.01370	0.00272	0.21806	0.00842	0.00431	0.11199
6	0.01631	0.01392	0.01619	0.01195	0.01855	0.01088	0.00947	0.02075	0.05116	0.02598	0.01646	0.04972	0.01432	0.00702	0.00619	0.00135	0.00584	0.00576	0.00500	0.69319
7	0.77733	0.01534	0.01166	0.01043	0.01534	0.01779	0.00859	0.02331	0.01350	0.03558	0.01104	0.01288	0.00859	0.00736	0.00491	0.00245	0.00613	0.00429	0.00491	0.00859
8	0.02888	0.02200	0.04713	0.01801	0.02437	0.02330	0.01520	0.53687	0.09507	0.07654	0.02069	0.02033	0.01467	0.00958	0.00793	0.00242	0.00851	0.00731	0.00786	0.01333
9	0.01106	0.00798	0.01046	0.01009	0.01181	0.00738	0.00747	0.01456	0.02170	0.03061	0.60359	0.12669	0.07252	0.01710	0.00943	0.00257	0.00383	0.01518	0.00859	0.00738
10	0.02012	0.01723	0.01815	0.01622	0.02077	0.01991	0.01265	0.06514	0.63387	0.03381	0.03177	0.02918	0.02380	0.01071	0.00806	0.00268	0.00637	0.00890	0.00806	0.01259
11	0.01015	0.00795	0.00919	0.00913	0.01125	0.00699	0.00675	0.01279	0.01954	0.02549	0.31384	0.13512	0.36548	0.01901	0.00944	0.00266	0.00397	0.01636	0.00792	0.00699
12	0.01478	0.00739	0.00739	0.00739	0.00924	0.00739	0.00554	0.01848	0.01663	0.02956	0.02587	0.02956	0.02033	0.00924	0.00554	0.00185	0.00370	0.00739	0.76534	0.00739
13	0.01590	0.04102	0.68023	0.02260	0.03432	0.01842	0.02930	0.02511	0.01674	0.02511	0.01423	0.01674	0.01005	0.00753	0.00753	0.00251	0.01172	0.00586	0.00335	0.01172
14	0.00940	0.00792	0.00815	0.00834	0.01079	0.00667	0.00616	0.01135	0.01778	0.02130	0.07657	0.14202	0.60536	0.02057	0.00945	0.00273	0.00408	0.01733	0.00736	0.00667
15	0.02962	0.03779	0.02247	0.02043	0.02451	0.68948	0.01532	0.03166	0.02247	0.01941	0.01226	0.01430	0.01021	0.00817	0.00715	0.00204	0.01430	0.00511	0.00409	0.00919
16	0.01498	0.01409	0.02378	0.70226	0.05462	0.01762	0.02202	0.02026	0.01586	0.02026	0.01409	0.02114	0.01057	0.00793	0.00793	0.00264	0.01057	0.00705	0.00352	0.00881
17	0.02082	0.57691	0.14330	0.01541	0.02284	0.06646	0.01620	0.02441	0.01657	0.01974	0.01161	0.01346	0.01016	0.00698	0.00560	0.00185	0.00933	0.00455	0.00342	0.01037
18	0.00976	0.00694	0.00917	0.01091	0.01135	0.00651	0.00722	0.01107	0.01499	0.01998	0.04270	0.68030	0.05117	0.06242	0.01175	0.00346	0.00477	0.02195	0.00722	0.00635
19	0.00983	0.00805	0.00866	0.00851	0.01099	0.00689	0.00638	0.01226	0.01915	0.02397	0.22477	0.07211	0.52260	0.01913	0.00937	0.00263	0.00395	0.01615	0.00770	0.00689
20	0.01984	0.01642	0.01755	0.01573	0.02013	0.01876	0.01224	0.04054	0.59983	0.05668	0.06671	0.03110	0.02678	0.01102	0.00814	0.00267	0.00616	0.00922	0.00817	0.01231
21	0.03232	0.01416	0.01836	0.01426	0.01999	0.01304	0.01170	0.12113	0.02471	0.52326	0.09492	0.02919	0.02444	0.01043	0.00811	0.00245	0.00672	0.00851	0.00944	0.01288
22	0.01925	0.32146	0.22338	0.01867	0.02623	0.08915	0.08293	0.02409	0.01735	0.02183	0.03606	0.05621	0.01485	0.00846	0.00687	0.00218	0.01013	0.00669	0.00391	0.01028
23	0.02744	0.02774	0.07557	0.01818	0.02318	0.32101	0.01515	0.11879	0.02343	0.14235	0.05424	0.02064	0.01634	0.00940	0.00853	0.00230	0.04837	0.00667	0.03007	0.01061
24	0.00972	0.00698	0.00913	0.01083	0.01136	0.00650	0.00721	0.01107	0.01516	0.02011	0.04451	0.66523	0.07675	0.05061	0.01122	0.00336	0.00469	0.02190	0.00727	0.00639
25	0.03014	0.02221	0.02380	0.01825	0.02459	0.02459	0.01507	0.64541	0.03728	0.04998	0.01904	0.01904	0.01349	0.00952	0.00793	0.00238	0.00873	0.00714	0.00793	0.01349
26	0.02065	0.65468	0.10812	0.01451	0.02181	0.03003	0.01521	0.02389	0.01618	0.01933	0.01136	0.01314	0.01016	0.00686	0.00534	0.00178	0.00882	0.00441	0.00339	0.01034
27	0.02201	0.61316	0.08186	0.01438	0.02144	0.02914	0.01456	0.04869	0.01734	0.05760	0.01269	0.01404	0.01083	0.00711	0.00552	0.00182	0.00861	0.00467	0.00393	0.01059
28	0.12241	0.01690	0.05243	0.32534	0.04055	0.01742	0.17864	0.02352	0.01712	0.07894	0.04053	0.02184	0.01386	0.00799	0.00792	0.00260	0.01015	0.00757	0.00455	0.00971
29	0.03528	0.01397	0.01870	0.01433	0.02048	0.01236	0.01184	0.07156	0.02349	0.64330	0.03062	0.02656	0.01930	0.00980	0.00797	0.00245	0.00685	0.00793	0.00971	0.01349
30	0.02045	0.02144	0.03277	0.04073	0.44502	0.10885	0.13695	0.02505	0.01867	0.02474	0.01578	0.04367	0.01355	0.00777	0.00811	0.00240	0.01064	0.00777	0.00408	0.01155
31	0.01854	0.28302	0.32842	0.01997	0.02877	0.05411	0.08524	0.02451	0.01682	0.02229	0.01346	0.01625	0.01070	0.00933	0.03472	0.00263	0.01124	0.00571	0.00350	0.01075
32	0.02062	0.01683	0.01796	0.01602	0.02060	0.01927	0.01250	0.04194	0.62167	0.06956	0.03222	0.02944	0.02395	0.01071	0.00806	0.00268	0.00630	0.00891	0.00817	0.01260
33	0.01133	0.00850	0.01274	0.01274	0.01416	0.00991	0.00991	0.01416	0.01274	0.01841	0.02124	0.03115	0.01982	0.05947	0.68989	0.01274	0.02124	0.00850	0.00425	0.00708
34	0.70651	0.01516	0.01230	0.01078	0.01580	0.01720	0.00888	0.02477	0.01437	0.09685	0.01297	0.01423	0.00964	0.00760	0.00520	0.00245	0.00619	0.00465	0.00538	0.00906
35	0.01963	0.01884	0.03219	0.04867	0.67185	0.01884	0.02434	0.02434	0.01806	0.02591	0.01492	0.01963	0.01256	0.00707	0.00785	0.00236	0.00942	0.00707	0.00393	0.01256
36	0.01049	0.00841	0.01131	0.01104	0.01302	0.00757	0.04286	0.01299	0.01823	0.02395	0.21751	0.29518	0.25800	0.02000	0.00963	0.00282	0.00468	0.01775	0.00753	0.00704
37	0.00966	0.00690	0.00920	0.01104	0.01150	0.00644	0.00736	0.01104	0.01518	0.02024	0.04371	0.71614	0.05245	0.02484	0.01012	0.00322	0.00460	0.02254	0.00736	0.00644
38	0.73415	0.01527	0.01234	0.04961	0.01756	0.01778	0.00935	0.02314	0.01363	0.03471	0.01121	0.01335	0.00870	0.00739	0.00508	0.00246	0.00639	0.00445	0.00483	0.00860
39	0.01377	0.01032	0.01304	0.01371	0.01603	0.01054	0.01139	0.05116	0.09005	0.02638	0.09880	0.12759	0.09655	0.01961	0.01013	0.00326	0.00645	0.36559	0.00756	0.00810
40	0.01137	0.00844	0.01065	0.01014	0.01213	0.00791	0.00758	0.01569	0.04999	0.03046	0.56155	0.08979	0.12101	0.01669	0.00933	0.00255	0.00392	0.01468	0.00852	0.00759
41	0.01153	0.00769	0.00865	0.00865	0.00865	0.00769	0.00480	0.01153	0.01153	0.01538	0.02499	0.05189	0.02883	0.72131	0.04036	0.00769	0.00769	0.01153	0.00480	0.00480
42	0.03027	0.02341	0.02349	0.01832	0.02444	0.08750	0.01498	0.56690	0.03539	0.06778	0.01880	0.01885	0.01338	0.00940	0.00786	0.00235	0.00919	0.00697	0.00763	0.01308
43	0.01644	0.01409	0.01644	0.01175	0.01879	0.01057	0.00940	0.01997	0.01644	0.02584	0.01409	0.01644	0.01175	0.00587	0.00587	0.00117	0.00587	0.00470	0.00470	0.76979
44	0.01081	0.00809	0.01002	0.00954	0.01159	0.00731	0.00716	0.01416	0.02147	0.02947	0.53579	0.06307	0.20815	0.01708	0.00936	0.00254	0.00380	0.01488	0.00842	0.00731
45	0.02000	0.01655	0.02059	0.01525	0.02188	0.01493	0.06304	0.18821	0.02218	0.03204	0.01696	0.04999	0.01412	0.00780	0.00691	0.00172	0.00720	0.00657	0.00563	0.46846
46	0.01152	0.00773	0.00884	0.00884	0.00891	0.00779	0.00505	0.01166	0.01159	0.01552	0.02481	0.05091	0.02840	0.68982	0.07127	0.00793	0.00833	0.01139	0.00478	0.00491
47	0.01852	0.11411	0.12781	0.02809	0.03559	0.02174	0.41404	0.02448	0.01742	0.02382	0.01456	0.01923	0.01136	0.00758	0.01034	0.00261	0.08639	0.00798	0.00379	0.01055
48	0.02508	0.01739	0.01955	0.01522	0.02088	0.01768	0.01231	0.35885	0.02805	0.10682	0.02310	0.05481	0.04679	0.01105	0.00899	0.04551	0.00742	0.00789	0.00717	0.16544
49	0.07159	0.36502	0.13988	0.01467	0.02119	0.02293	0.01478	0.02404	0.07749	0.02331	0.04076	0.08086	0.01767	0.00927	0.00643	0.00212	0.00800	0.00703	0.00456	0.04840
50	0.01874	0.02331	0.13195	0.02089	0.02780	0.10788	0.19080	0.04912	0.01875	0.02530	0.04437	0.02142	0.01515	0.03262	0.04118	0.00279	0.01088	0.00717	0.00450	0.20539

[dist]
# distance from previous block
# <min> <max>
10	38

[block]
# block no. 1 follows, 24 sequences, length 53
# corresponding to MSA columns:
# 89-141
name=unknown_B
#
# <colnr> <probs for GDERKNQSTAVLIFYWHMCP>
#	G	D	E	R	K	N	Q	S	T	A	V	L	I	F	Y	W	H	M	C	P
0	0.36105	0.01473	0.01507	0.03519	0.01879	0.01570	0.01067	0.07057	0.06711	0.16475	0.05057	0.02489	0.01806	0.00952	0.00673	0.00247	0.00654	0.04434	0.00663	0.05663
1	0.01302	0.00972	0.01276	0.01430	0.08091	0.00901	0.00938	0.01558	0.01757	0.04589	0.16865	0.11045	0.16518	0.15024	0.01509	0.00363	0.00590	0.09198	0.00671	0.05403
2	0.01599	0.01101	0.01277	0.01154	0.01452	0.01081	0.00878	0.11078	0.06092	0.08503	0.21922	0.14084	0.19858	0.04991	0.01052	0.00287	0.00527	0.01395	0.00796	0.00874
3	0.09115	0.02238	0.06255	0.01819	0.06108	0.17690	0.01420	0.10599	0.09819	0.13692	0.02439	0.02478	0.06243	0.01284	0.05052	0.00304	0.00989	0.00746	0.00626	0.01085
4	0.29640	0.28070	0.05071	0.04088	0.02074	0.02389	0.01303	0.06568	0.04380	0.02789	0.01268	0.01477	0.01045	0.00797	0.00716	0.00227	0.06168	0.00504	0.00446	0.00981
5	0.02441	0.01772	0.01956	0.01552	0.02073	0.01891	0.01252	0.39633	0.05311	0.06174	0.02229	0.02483	0.03720	0.05755	0.07128	0.00352	0.00899	0.00770	0.03593	0.09017
6	0.00981	0.00724	0.00908	0.01030	0.01127	0.00662	0.00702	0.01145	0.01618	0.02122	0.10095	0.51671	0.16922	0.04985	0.01107	0.00323	0.00454	0.02036	0.00738	0.00651
7	0.05206	0.01967	0.02873	0.18922	0.37317	0.08825	0.05955	0.02490	0.04305	0.02463	0.01504	0.01963	0.01212	0.00751	0.00777	0.00242	0.01016	0.00695	0.00406	0.01108
8	0.01784	0.01638	0.02506	0.33906	0.03874	0.01902	0.07643	0.09805	0.01817	0.02494	0.01421	0.01959	0.01119	0.00884	0.01114	0.00257	0.13868	0.00695	0.00426	0.10889
9	0.01017	0.00760	0.00880	0.00932	0.01056	0.00693	0.00629	0.01165	0.01598	0.02056	0.11087	0.27086	0.26144	0.19252	0.01718	0.00406	0.00507	0.01707	0.00687	0.00623
10	0.01084	0.00740	0.00885	0.00953	0.00971	0.00723	0.00575	0.01135	0.01288	0.01718	0.03192	0.29789	0.03758	0.46338	0.02916	0.00603	0.00654	0.01561	0.00575	0.00541
11	0.06402	0.01595	0.02571	0.13706	0.02899	0.01948	0.13596	0.01985	0.01430	0.02148	0.01469	0.04427	0.01328	0.01730	0.10298	0.00429	0.29969	0.00799	0.00391	0.00880
12	0.01644	0.01409	0.01644	0.01175	0.01879	0.01057	0.00940	0.01997	0.01644	0.02584	0.01409	0.01644	0.01175	0.00587	0.00587	0.00117	0.00587	0.00470	0.00470	0.76979
13	0.02439	0.09640	0.02087	0.01641	0.02069	0.35657	0.01280	0.05359	0.08753	0.05864	0.02629	0.02655	0.11063	0.01027	0.00737	0.00220	0.01022	0.00750	0.04151	0.00959
14	0.02069	0.56874	0.03718	0.01486	0.02038	0.06068	0.01403	0.02311	0.01574	0.01874	0.01139	0.01414	0.01058	0.00985	0.03439	0.00238	0.10504	0.00482	0.00347	0.00980
15	0.01110	0.00810	0.01043	0.00985	0.01177	0.00743	0.00738	0.01472	0.02215	0.03110	0.62822	0.06038	0.11471	0.01647	0.00935	0.00251	0.00376	0.01450	0.00864	0.00743
16	0.02372	0.07130	0.02638	0.02690	0.19707	0.20740	0.01766	0.08420	0.05971	0.05224	0.01520	0.01812	0.01244	0.00922	0.01095	0.00246	0.14298	0.00647	0.00472	0.01085
17	0.01019	0.00720	0.00966	0.01131	0.01199	0.00691	0.00790	0.01192	0.01531	0.02070	0.04151	0.59915	0.04871	0.02637	0.05464	0.00383	0.00588	0.06820	0.03203	0.00658
18	0.00966	0.00690	0.00920	0.01104	0.01150	0.00644	0.00736	0.01104	0.01518	0.02024	0.04371	0.71614	0.05245	0.02484	0.01012	0.00322	0.00460	0.02254	0.00736	0.00644
19	0.02001	0.01627	0.02205	0.01633	0.02281	0.01466	0.09951	0.12589	0.02042	0.07034	0.01733	0.04664	0.01417	0.00792	0.00778	0.00184	0.03418	0.00677	0.00552	0.42954
20	0.01699	0.13396	0.50597	0.02080	0.03061	0.02069	0.02524	0.02566	0.05841	0.02436	0.01472	0.01706	0.01102	0.00804	0.00839	0.00247	0.05468	0.00590	0.00367	0.01137
21	0.01122	0.01025	0.05411	0.01048	0.01313	0.00807	0.00867	0.01503	0.02134	0.02963	0.52677	0.05930	0.16967	0.01629	0.00924	0.00253	0.00431	0.01418	0.00815	0.00763
22	0.02213	0.58129	0.03673	0.01405	0.02024	0.07631	0.01333	0.02469	0.01679	0.06294	0.01314	0.01500	0.01145	0.01055	0.05036	0.00250	0.00962	0.00483	0.00393	0.01012
23	0.00998	0.00704	0.00911	0.01063	0.01101	0.00665	0.00692	0.01113	0.01456	0.01941	0.04050	0.60231	0.04840	0.14419	0.01530	0.00399	0.00513	0.02066	0.00692	0.00616
24	0.01860	0.02001	0.03900	0.03365	0.16057	0.02074	0.38474	0.02381	0.01715	0.02412	0.01459	0.02016	0.01178	0.00833	0.01271	0.00279	0.16438	0.00838	0.00388	0.01062
25	0.62290	0.01459	0.01185	0.01054	0.01511	0.01659	0.00859	0.05604	0.01557	0.03523	0.04430	0.01895	0.03989	0.00852	0.00549	0.00242	0.00593	0.00560	0.05322	0.00865
26	0.01093	0.00788	0.01034	0.01017	0.01178	0.00729	0.00746	0.01424	0.02110	0.02966	0.55210	0.18090	0.07068	0.01781	0.00950	0.00263	0.00390	0.01586	0.00848	0.00729
27	0.02938	0.08250	0.02532	0.01784	0.02423	0.02517	0.01494	0.59216	0.03547	0.04729	0.01835	0.01850	0.01320	0.00929	0.00769	0.00232	0.00870	0.00689	0.00754	0.01320
28	0.01377	0.00689	0.01033	0.01033	0.01033	0.00689	0.00689	0.01033	0.01033	0.01377	0.01377	0.02410	0.01377	0.02755	0.03099	0.76928	0.00689	0.00689	0.00344	0.00344
29	0.01735	0.01735	0.02429	0.02082	0.02082	0.02429	0.01735	0.01908	0.01214	0.01908	0.01041	0.01735	0.01041	0.01388	0.02602	0.00347	0.70680	0.00694	0.00347	0.00867
30	0.01785	0.01933	0.03910	0.05073	0.03647	0.01819	0.47715	0.02361	0.01788	0.02485	0.01651	0.04689	0.01341	0.00758	0.00949	0.00250	0.03992	0.00898	0.00420	0.12536
31	0.11346	0.01984	0.05050	0.02132	0.06199	0.07672	0.01703	0.02121	0.01371	0.02185	0.01108	0.01666	0.01029	0.01191	0.01994	0.00312	0.49015	0.00642	0.00372	0.00908
32	0.01963	0.01884	0.03219	0.04867	0.67185	0.01884	0.02434	0.02434	0.01806	0.02591	0.01492	0.01963	0.01256	0.00707	0.00785	0.00236	0.00942	0.00707	0.00393	0.01256
33	0.01759	0.06198	0.02538	0.02036	0.02079	0.02474	0.01711	0.01938	0.01239	0.01906	0.01045	0.01706	0.01039	0.01343	0.02471	0.00336	0.66283	0.00677	0.00346	0.00877
34	0.00949	0.00804	0.00819	0.00815	0.01078	0.00674	0.00611	0.01160	0.01834	0.02206	0.11623	0.07527	0.63234	0.01985	0.00937	0.00267	0.00400	0.01659	0.00745	0.00674
35	0.00956	0.00756	0.00862	0.00936	0.01108	0.00662	0.00664	0.01137	0.01703	0.02131	0.08658	0.34284	0.38958	0.02193	0.00968	0.00290	0.00425	0.01907	0.00741	0.00662
36	0.03535	0.01386	0.01863	0.01428	0.02042	0.01220	0.01180	0.06403	0.02331	0.65109	0.03077	0.02666	0.01937	0.00980	0.00797	0.00245	0.00683	0.00794	0.00974	0.01349
37	0.01144	0.00765	0.00868	0.00876	0.00878	0.00763	0.00493	0.01151	0.01171	0.01561	0.02587	0.08341	0.02995	0.68826	0.03893	0.00748	0.00754	0.01205	0.00493	0.00488
38	0.00937	0.00803	0.00803	0.00803	0.01071	0.00669	0.00602	0.01138	0.01807	0.02142	0.08033	0.07632	0.66863	0.02008	0.00937	0.00268	0.00402	0.01674	0.00736	0.00669
39	0.02921	0.02131	0.02280	0.01758	0.02365	0.02354	0.01449	0.60709	0.03602	0.04873	0.01946	0.01968	0.01390	0.00950	0.00779	0.00235	0.00842	0.00715	0.05422	0.01311
40	0.60397	0.01532	0.01348	0.01148	0.01669	0.01697	0.00947	0.05556	0.01633	0.15570	0.01519	0.01580	0.01087	0.00792	0.00562	0.00245	0.00637	0.00511	0.00596	0.00973
41	0.02327	0.01656	0.02081	0.08506	0.02526	0.01603	0.04070	0.18301	0.06486	0.14057	0.01949	0.02042	0.01421	0.00802	0.00725	0.00201	0.00757	0.00659	0.00644	0.29186
42	0.02713	0.03278	0.02241	0.02007	0.02369	0.52168	0.01538	0.05039	0.07203	0.02144	0.01381	0.01610	0.01146	0.00922	0.00989	0.00231	0.11053	0.00574	0.00444	0.00953
43	0.01864	0.02117	0.04557	0.03274	0.04032	0.02028	0.60895	0.02506	0.01836	0.02506	0.01574	0.02117	0.01194	0.00708	0.01027	0.00272	0.05116	0.00923	0.00398	0.01059
44	0.01122	0.00811	0.01060	0.00998	0.01185	0.00748	0.00748	0.01496	0.02245	0.03180	0.66766	0.05923	0.07482	0.01621	0.00935	0.00249	0.00374	0.01434	0.00873	0.00748
45	0.01489	0.01227	0.01346	0.01288	0.01596	0.01309	0.00980	0.04491	0.30018	0.02803	0.08730	0.17460	0.18343	0.01637	0.00896	0.00280	0.00538	0.03836	0.00778	0.00951
46	0.01039	0.00807	0.00945	0.00911	0.01134	0.00713	0.00683	0.01336	0.02049	0.02715	0.40431	0.06689	0.34108	0.01795	0.00936	0.00258	0.00386	0.01541	0.00812	0.00713
47	0.01596	0.01475	0.02382	0.62027	0.05076	0.01844	0.02134	0.05425	0.01678	0.02180	0.01412	0.02078	0.01072	0.00841	0.00912	0.00268	0.05615	0.00705	0.00376	0.00906
48	0.02120	0.72609	0.04155	0.01357	0.02035	0.03138	0.01357	0.02374	0.01611	0.01866	0.01102	0.01272	0.01018	0.00678	0.00509	0.00170	0.00848	0.00424	0.00339	0.01018
49	0.01134	0.00846	0.01258	0.01258	0.01394	0.00982	0.00971	0.01406	0.01270	0.01829	0.02139	0.03197	0.02018	0.08554	0.66430	0.01255	0.02071	0.00862	0.00427	0.00699
50	0.06535	0.11609	0.50195	0.02103	0.03130	0.02027	0.05174	0.05866	0.01767	0.02640	0.01400	0.01636	0.01024	0.00751	0.00719	0.00241	0.01090	0.00580	0.00373	0.01140
51	0.02128	0.61917	0.09788	0.01483	0.02189	0.07339	0.01510	0.02439	0.01659	0.01929	0.01139	0.01319	0.01017	0.00694	0.00544	0.00179	0.00915	0.00444	0.00343	0.01025
52	0.02724	0.01909	0.02322	0.02188	0.13098	0.01984	0.01534	0.37471	0.02930	0.13528	0.02068	0.04672	0.01558	0.00943	0.00783	0.00232	0.00815	0.00763	0.00724	0.07757

[dist]
# distance from previous block
# <min> <max>
0	1

[block]
# block no. 2 follows, 24 sequences, length 34
# corresponding to MSA columns:
# 143-176
name=unknown_C
#
# <colnr> <probs for GDERKNQSTAVLIFYWHMCP>
#	G	D	E	R	K	N	Q	S	T	A	V	L	I	F	Y	W	H	M	C	P
0	0.01888	0.26261	0.42997	0.01912	0.02887	0.02221	0.02305	0.02553	0.01692	0.06443	0.01427	0.01608	0.01070	0.00743	0.00676	0.00224	0.01035	0.00547	0.00377	0.01133
1	0.58750	0.02003	0.14411	0.01269	0.01879	0.01739	0.01254	0.02342	0.01430	0.03320	0.01243	0.01450	0.00947	0.00749	0.00546	0.00243	0.00712	0.00476	0.04322	0.00915
2	0.06353	0.01964	0.06682	0.07817	0.56640	0.01869	0.02358	0.02411	0.01760	0.02614	0.01461	0.01915	0.01209	0.00715	0.00766	0.00238	0.00942	0.00683	0.00393	0.01209
3	0.02021	0.25002	0.31000	0.01824	0.02675	0.07342	0.02022	0.09580	0.01932	0.02568	0.01397	0.01594	0.01087	0.00756	0.00666	0.00213	0.01009	0.00544	0.02672	0.04094
4	0.01916	0.01446	0.01704	0.01234	0.01925	0.01143	0.00993	0.05499	0.01820	0.09499	0.01615	0.01768	0.01266	0.00648	0.00620	0.00137	0.00611	0.00517	0.00540	0.65100
5	0.01626	0.00913	0.00931	0.00867	0.01108	0.00933	0.00666	0.09012	0.01908	0.03148	0.02796	0.03083	0.05382	0.00984	0.00602	0.00195	0.00429	0.00786	0.63824	0.00805
6	0.00965	0.00798	0.00845	0.00847	0.01091	0.00679	0.00630	0.01186	0.01853	0.02281	0.16045	0.10845	0.55239	0.01980	0.00941	0.00268	0.00401	0.01671	0.00755	0.00679
7	0.00966	0.00690	0.00920	0.01104	0.01150	0.00644	0.00736	0.01104	0.01518	0.02024	0.04371	0.71614	0.05245	0.02484	0.01012	0.00322	0.00460	0.02254	0.00736	0.00644
8	0.02067	0.01560	0.01752	0.01541	0.01955	0.01746	0.01227	0.08196	0.37947	0.10722	0.03548	0.03599	0.09668	0.01243	0.00971	0.00275	0.05945	0.04109	0.00779	0.01150
9	0.08346	0.02607	0.02121	0.01813	0.02213	0.28902	0.01434	0.20758	0.02407	0.03027	0.01486	0.01718	0.01182	0.00948	0.01006	0.00238	0.12037	0.00610	0.06125	0.01019
10	0.01883	0.41949	0.32739	0.01761	0.02660	0.02558	0.02061	0.02436	0.01639	0.02155	0.01246	0.01452	0.01012	0.00712	0.00618	0.00206	0.00993	0.00496	0.00337	0.01087
11	0.02637	0.01934	0.02096	0.01669	0.02187	0.02121	0.01340	0.52406	0.03278	0.04392	0.02234	0.10205	0.01915	0.06528	0.01065	0.00288	0.00817	0.00925	0.00763	0.01201
12	0.01872	0.02139	0.04679	0.03342	0.04144	0.02005	0.64305	0.02540	0.01872	0.02540	0.01604	0.02139	0.01203	0.00668	0.00936	0.00267	0.01337	0.00936	0.00401	0.01070
13	0.01611	0.01525	0.02583	0.54327	0.20476	0.01792	0.02259	0.02125	0.01639	0.02163	0.01429	0.02077	0.01105	0.00772	0.00791	0.00257	0.01029	0.00705	0.00362	0.00972
14	0.02185	0.44645	0.16940	0.01650	0.02406	0.07244	0.01712	0.10578	0.01944	0.02413	0.01281	0.01448	0.01058	0.00739	0.00610	0.00198	0.00957	0.00501	0.00402	0.01086
15	0.01235	0.00838	0.01082	0.01005	0.01220	0.00764	0.00759	0.01593	0.02214	0.06455	0.59136	0.05882	0.11570	0.01616	0.00928	0.00251	0.00392	0.01419	0.00869	0.00774
16	0.01867	0.01786	0.03045	0.18357	0.54445	0.01859	0.02386	0.02350	0.01760	0.02474	0.01475	0.01994	0.01215	0.00724	0.00787	0.00241	0.00966	0.00706	0.00384	0.01179
17	0.01920	0.01086	0.01382	0.01213	0.01534	0.01031	0.00937	0.09239	0.02301	0.19286	0.33152	0.15534	0.05034	0.01528	0.00897	0.00259	0.00520	0.01329	0.00868	0.00950
18	0.00977	0.00704	0.00926	0.01085	0.01150	0.00653	0.00732	0.01135	0.01584	0.02116	0.09242	0.64215	0.07741	0.02401	0.01003	0.00314	0.00451	0.02170	0.00746	0.00653
19	0.01754	0.03886	0.60508	0.02210	0.03321	0.01912	0.02767	0.09613	0.01909	0.02796	0.01478	0.01700	0.01044	0.00776	0.00758	0.00250	0.01138	0.00601	0.00387	0.01192
20	0.01377	0.00689	0.01033	0.01033	0.01033	0.00689	0.00689	0.01033	0.01033	0.01377	0.01377	0.02410	0.01377	0.02755	0.03099	0.76928	0.00689	0.00689	0.00344	0.00344
21	0.01498	0.01409	0.02378	0.70226	0.05462	0.01762	0.02202	0.02026	0.01586	0.02026	0.01409	0.02114	0.01057	0.00793	0.00793	0.00264	0.01057	0.00705	0.00352	0.00881
22	0.01644	0.01409	0.01644	0.01175	0.01879	0.01057	0.00940	0.01997	0.01644	0.02584	0.01409	0.01644	0.01175	0.00587	0.00587	0.00117	0.00587	0.00470	0.00470	0.76979
23	0.02962	0.03779	0.02247	0.02043	0.02451	0.68948	0.01532	0.03166	0.02247	0.01941	0.01226	0.01430	0.01021	0.00817	0.00715	0.00204	0.01430	0.00511	0.00409	0.00919
24	0.65699	0.01570	0.01316	0.01134	0.01646	0.01778	0.00934	0.07181	0.01609	0.09175	0.01339	0.01456	0.00991	0.00774	0.00540	0.00245	0.00638	0.00483	0.00556	0.00938
25	0.77733	0.01534	0.01166	0.01043	0.01534	0.01779	0.00859	0.02331	0.01350	0.03558	0.01104	0.01288	0.00859	0.00736	0.00491	0.00245	0.00613	0.00429	0.00491	0.00859
26	0.01746	0.01663	0.02827	0.35357	0.38390	0.01827	0.02326	0.02244	0.01703	0.02327	0.01453	0.02033	0.01163	0.00747	0.00789	0.00249	0.00996	0.00706	0.00374	0.01081
27	0.02370	0.01694	0.02005	0.01691	0.02179	0.01825	0.03829	0.25393	0.20021	0.11059	0.02883	0.05896	0.02406	0.01249	0.00864	0.00274	0.00762	0.11631	0.00790	0.01179
28	0.00965	0.00696	0.00914	0.01088	0.01146	0.00645	0.00729	0.01106	0.01534	0.02031	0.04568	0.68162	0.08569	0.02459	0.01008	0.00319	0.00457	0.02223	0.00736	0.00645
29	0.03148	0.02008	0.02248	0.01723	0.02353	0.02142	0.01423	0.49672	0.03371	0.20371	0.02204	0.02099	0.01499	0.00959	0.00794	0.00240	0.00824	0.00734	0.00839	0.01349
30	0.01101	0.00810	0.01031	0.00976	0.01172	0.00739	0.00732	0.01456	0.02195	0.03063	0.60148	0.06116	0.14174	0.01665	0.00935	0.00251	0.00377	0.01461	0.00858	0.00739
31	0.16440	0.01462	0.01773	0.01385	0.01979	0.01392	0.01144	0.09222	0.02244	0.50729	0.02662	0.02379	0.01713	0.00936	0.00744	0.00245	0.00682	0.00726	0.00878	0.01264
32	0.01478	0.00739	0.00739	0.00739	0.00924	0.00739	0.00554	0.01848	0.01663	0.02956	0.02587	0.02956	0.02033	0.00924	0.00554	0.00185	0.00370	0.00739	0.76534	0.00739
33	0.01932	0.01860	0.02948	0.20178	0.47433	0.04543	0.02307	0.04766	0.01845	0.02524	0.01477	0.01975	0.01203	0.00741	0.00784	0.00241	0.00986	0.00699	0.00399	0.01157

[dist]
# distance from previous block
# <min> <max>
0	1

[block]
# block no. 3 follows, 24 sequences, length 21
# corresponding to MSA columns:
# 178-198
name=unknown_D
#
# <colnr> <probs for GDERKNQSTAVLIFYWHMCP>
#	G	D	E	R	K	N	Q	S	T	A	V	L	I	F	Y	W	H	M	C	P
0	0.71828	0.01588	0.01261	0.01105	0.01607	0.01833	0.00910	0.07248	0.01538	0.03672	0.01167	0.01337	0.00897	0.00753	0.00515	0.00245	0.00634	0.00452	0.00515	0.00897
1	0.77733	0.01534	0.01166	0.01043	0.01534	0.01779	0.00859	0.02331	0.01350	0.03558	0.01104	0.01288	0.00859	0.00736	0.00491	0.00245	0.00613	0.00429	0.00491	0.00859
2	0.00939	0.00798	0.00809	0.00819	0.01075	0.00668	0.00609	0.01136	0.01793	0.02136	0.07847	0.10881	0.63734	0.02032	0.00941	0.00271	0.00405	0.01703	0.00736	0.00668
3	0.01478	0.00739	0.00739	0.00739	0.00924	0.00739	0.00554	0.01848	0.01663	0.02956	0.02587	0.02956	0.02033	0.00924	0.00554	0.00185	0.00370	0.00739	0.76534	0.00739
4	0.00960	0.00801	0.00841	0.00867	0.01112	0.00682	0.00654	0.01166	0.01786	0.02147	0.07510	0.12768	0.58194	0.02057	0.00953	0.00278	0.00426	0.05389	0.00736	0.00671
5	0.01377	0.00689	0.01033	0.01033	0.01033	0.00689	0.00689	0.01033	0.01033	0.01377	0.01377	0.02410	0.01377	0.02755	0.03099	0.76928	0.00689	0.00689	0.00344	0.00344
6	0.03317	0.01552	0.01943	0.01510	0.02114	0.01489	0.01241	0.15900	0.07885	0.49915	0.02894	0.02563	0.01880	0.00984	0.00797	0.00246	0.00710	0.00789	0.00930	0.01341
7	0.03450	0.01353	0.01829	0.01398	0.02016	0.01159	0.01153	0.03759	0.02234	0.64067	0.03032	0.02640	0.01919	0.00959	0.00786	0.00238	0.00670	0.00779	0.00953	0.05606
8	0.03014	0.02221	0.02380	0.01825	0.02459	0.02459	0.01507	0.64541	0.03728	0.04998	0.01904	0.01904	0.01349	0.00952	0.00793	0.00238	0.00873	0.00714	0.00793	0.01349
9	0.01161	0.00823	0.01140	0.01140	0.01251	0.00921	0.00840	0.01383	0.01272	0.01845	0.02245	0.03598	0.02200	0.21353	0.48847	0.01079	0.01681	0.00914	0.05649	0.00656
10	0.01644	0.01409	0.01644	0.01175	0.01879	0.01057	0.00940	0.01997	0.01644	0.02584	0.01409	0.01644	0.01175	0.00587	0.00587	0.00117	0.00587	0.00470	0.00470	0.76979
11	0.77733	0.01534	0.01166	0.01043	0.01534	0.01779	0.00859	0.02331	0.01350	0.03558	0.01104	0.01288	0.00859	0.00736	0.00491	0.00245	0.00613	0.00429	0.00491	0.00859
12	0.02966	0.03655	0.02258	0.02026	0.02452	0.63657	0.01530	0.08051	0.02365	0.02184	0.01280	0.01468	0.01047	0.00828	0.00721	0.00207	0.01386	0.00527	0.00439	0.00953
13	0.02606	0.01302	0.01670	0.01409	0.01883	0.01232	0.01157	0.06595	0.09372	0.35948	0.10727	0.04101	0.03052	0.01260	0.00859	0.00264	0.00652	0.11337	0.00878	0.03696
14	0.03377	0.01355	0.01822	0.01389	0.02011	0.01155	0.01144	0.03688	0.02210	0.61570	0.02966	0.02599	0.01888	0.00944	0.00778	0.00233	0.00666	0.00766	0.00933	0.08505
15	0.02396	0.01751	0.01906	0.01562	0.02033	0.01896	0.01248	0.44693	0.03060	0.04120	0.02811	0.16397	0.06166	0.01325	0.00834	0.00254	0.00735	0.01085	0.04594	0.01134
16	0.01455	0.00886	0.01158	0.01047	0.01297	0.00803	0.00800	0.01813	0.02229	0.12173	0.55324	0.05546	0.09270	0.01548	0.00916	0.00250	0.00417	0.01355	0.00882	0.00829
17	0.01498	0.01409	0.02378	0.70226	0.05462	0.01762	0.02202	0.02026	0.01586	0.02026	0.01409	0.02114	0.01057	0.00793	0.00793	0.00264	0.01057	0.00705	0.00352	0.00881
18	0.02835	0.02041	0.02219	0.01704	0.02313	0.02198	0.01394	0.53345	0.03360	0.07615	0.01950	0.02079	0.01438	0.04370	0.00933	0.00254	0.00834	0.00719	0.00760	0.07640
19	0.72488	0.01484	0.01158	0.01040	0.01510	0.01708	0.00851	0.02274	0.01411	0.03532	0.05600	0.01606	0.01312	0.00797	0.00521	0.00246	0.00597	0.00498	0.00517	0.00851
20	0.15528	0.01353	0.01568	0.01295	0.01781	0.01341	0.01045	0.06680	0.09182	0.31712	0.13964	0.03225	0.05741	0.01106	0.00776	0.00249	0.00606	0.00891	0.00837	0.01119

[dist]
# distance from previous block
# <min> <max>
1	3

[block]
# block no. 4 follows, 24 sequences, length 8
# corresponding to MSA columns:
# 202-209
name=unknown_E
#
# <colnr> <probs for GDERKNQSTAVLIFYWHMCP>
#	G	D	E	R	K	N	Q	S	T	A	V	L	I	F	Y	W	H	M	C	P
0	0.01408	0.01049	0.01337	0.08369	0.01795	0.01092	0.00994	0.11679	0.02013	0.02720	0.17173	0.32467	0.04445	0.08254	0.01214	0.00327	0.00599	0.01560	0.00712	0.00792
1	0.69376	0.01610	0.01301	0.01130	0.01637	0.01855	0.00931	0.09289	0.01616	0.03719	0.01194	0.01357	0.00914	0.00760	0.00525	0.00245	0.00642	0.00461	0.00525	0.00914
2	0.02481	0.01821	0.01973	0.01631	0.02158	0.02010	0.01308	0.27774	0.31398	0.10278	0.02970	0.02784	0.05624	0.01071	0.00808	0.00254	0.00716	0.00859	0.00815	0.01268
3	0.01025	0.00761	0.00995	0.04627	0.01345	0.00728	0.00777	0.01207	0.01609	0.02135	0.11971	0.47507	0.11721	0.08218	0.01243	0.00343	0.00501	0.01918	0.00711	0.00658
4	0.02944	0.02070	0.02266	0.01730	0.02368	0.02218	0.01426	0.53494	0.03412	0.10539	0.01973	0.01954	0.01390	0.00923	0.00776	0.00228	0.00829	0.00700	0.00782	0.07979
5	0.01548	0.01460	0.02469	0.63197	0.12099	0.01775	0.02227	0.02070	0.01609	0.02087	0.01418	0.02098	0.01078	0.00784	0.00792	0.00261	0.01045	0.00705	0.00357	0.00921
6	0.71941	0.01587	0.01260	0.01103	0.01605	0.01832	0.00909	0.07153	0.01534	0.03669	0.01166	0.01336	0.00897	0.00753	0.00514	0.00245	0.00634	0.00451	0.00514	0.00897
7	0.02650	0.01929	0.02107	0.01677	0.02232	0.02091	0.01357	0.46590	0.08756	0.07003	0.02322	0.09813	0.01895	0.01118	0.00809	0.00245	0.00783	0.00894	0.00780	0.04950

[dist]
# distance from previous block
# <min> <max>
0	1

[block]
# block no. 5 follows, 24 sequences, length 12
# corresponding to MSA columns:
# 211-222
name=unknown_F
#
# <colnr> <probs for GDERKNQSTAVLIFYWHMCP>
#	G	D	E	R	K	N	Q	S	T	A	V	L	I	F	Y	W	H	M	C	P
0	0.01853	0.01564	0.01576	0.01412	0.01800	0.06216	0.01094	0.06624	0.33934	0.05731	0.15088	0.04035	0.13147	0.01289	0.00842	0.00258	0.00619	0.01072	0.00786	0.01060
1	0.01626	0.01560	0.02702	0.51390	0.19618	0.01804	0.05754	0.02149	0.01652	0.02185	0.01439	0.02081	0.01111	0.00766	0.00799	0.00258	0.01046	0.00718	0.00364	0.00978
2	0.01320	0.00726	0.01089	0.01089	0.01122	0.00759	0.00759	0.01122	0.01089	0.01485	0.01551	0.02575	0.01518	0.03499	0.18454	0.59299	0.01023	0.00726	0.00363	0.00429
3	0.01549	0.01328	0.01393	0.01298	0.01660	0.01436	0.00995	0.02950	0.39493	0.02828	0.04997	0.08423	0.25453	0.01485	0.00865	0.00271	0.00538	0.01248	0.00778	0.01013
4	0.00977	0.00698	0.00930	0.01097	0.01153	0.00651	0.00737	0.01131	0.01569	0.02105	0.08706	0.67049	0.05400	0.02424	0.01007	0.00317	0.00454	0.02197	0.00746	0.00651
5	0.01106	0.00810	0.01038	0.00981	0.01175	0.00741	0.00736	0.01465	0.02207	0.03090	0.61648	0.06072	0.12658	0.01655	0.00935	0.00251	0.00377	0.01455	0.00861	0.00741
6	0.02120	0.72609	0.04155	0.01357	0.02035	0.03138	0.01357	0.02374	0.01611	0.01866	0.01102	0.01272	0.01018	0.00678	0.00509	0.00170	0.00848	0.00424	0.00339	0.01018
7	0.01151	0.00772	0.00882	0.00876	0.00892	0.00767	0.00504	0.01183	0.01247	0.01679	0.08029	0.05252	0.03279	0.66064	0.03769	0.00724	0.00735	0.01177	0.00514	0.00504
8	0.00983	0.00697	0.00915	0.01082	0.01124	0.00656	0.00712	0.01109	0.01484	0.01979	0.04197	0.65465	0.05026	0.08932	0.01292	0.00363	0.00489	0.02152	0.00712	0.00629
9	0.01499	0.01430	0.02532	0.44840	0.07469	0.01621	0.11502	0.01999	0.01692	0.02232	0.07394	0.08423	0.02009	0.00987	0.00846	0.00267	0.00984	0.00937	0.00440	0.00896
10	0.10093	0.01970	0.02057	0.01613	0.02178	0.02179	0.01325	0.50683	0.03240	0.04603	0.01911	0.01975	0.01386	0.00927	0.00734	0.00232	0.00785	0.00689	0.10193	0.01225
11	0.01779	0.04235	0.06026	0.02128	0.02717	0.01768	0.21729	0.05336	0.01740	0.02511	0.01591	0.05835	0.01388	0.00897	0.01105	0.00234	0.13563	0.00780	0.00446	0.24191

[dist]
# distance from previous block
# <min> <max>
0	1

[block]
# block no. 6 follows, 24 sequences, length 18
# corresponding to MSA columns:
# 224-239,242,243
name=unknown_G
#
# <colnr> <probs for GDERKNQSTAVLIFYWHMCP>
#	G	D	E	R	K	N	Q	S	T	A	V	L	I	F	Y	W	H	M	C	P
0	0.09255	0.46935	0.03318	0.01540	0.04548	0.05027	0.01348	0.04496	0.01636	0.02170	0.01250	0.01539	0.01122	0.01266	0.07499	0.00303	0.04874	0.00507	0.00383	0.00981
1	0.01590	0.04102	0.68023	0.02260	0.03432	0.01842	0.02930	0.02511	0.01674	0.02511	0.01423	0.01674	0.01005	0.00753	0.00753	0.00251	0.01172	0.00586	0.00335	0.01172
2	0.01849	0.02071	0.04301	0.03130	0.03798	0.02077	0.53782	0.02434	0.01761	0.02434	0.01510	0.02071	0.01176	0.00789	0.01216	0.00281	0.12998	0.00895	0.00392	0.01036
3	0.01038	0.00897	0.00995	0.00953	0.01185	0.00854	0.00732	0.01256	0.01798	0.02237	0.14049	0.06847	0.53493	0.01902	0.01103	0.00274	0.07425	0.01548	0.00713	0.00698
4	0.02741	0.02085	0.02226	0.01769	0.02355	0.02331	0.01441	0.48716	0.19998	0.04557	0.02251	0.02181	0.01630	0.00984	0.00797	0.00246	0.00808	0.00762	0.00797	0.01324
5	0.03399	0.01385	0.01836	0.01431	0.02028	0.01246	0.01174	0.03899	0.08617	0.61293	0.03138	0.02725	0.02009	0.00991	0.00798	0.00248	0.00670	0.00807	0.00964	0.01340
6	0.00966	0.00690	0.00920	0.01104	0.01150	0.00644	0.00736	0.01104	0.01518	0.02024	0.04371	0.71614	0.05245	0.02484	0.01012	0.00322	0.00460	0.02254	0.00736	0.00644
7	0.02895	0.02162	0.02313	0.01800	0.02414	0.02403	0.01478	0.57643	0.10820	0.04805	0.02055	0.02024	0.01471	0.00966	0.00795	0.00242	0.00845	0.00735	0.00795	0.01338
8	0.01377	0.00689	0.01033	0.01033	0.01033	0.00689	0.00689	0.01033	0.01033	0.01377	0.01377	0.02410	0.01377	0.02755	0.03099	0.76928	0.00689	0.00689	0.00344	0.00344
9	0.03014	0.02221	0.02380	0.01825	0.02459	0.02459	0.01507	0.64541	0.03728	0.04998	0.01904	0.01904	0.01349	0.00952	0.00793	0.00238	0.00873	0.00714	0.00793	0.01349
10	0.01644	0.01409	0.01644	0.01175	0.01879	0.01057	0.00940	0.01997	0.01644	0.02584	0.01409	0.01644	0.01175	0.00587	0.00587	0.00117	0.00587	0.00470	0.00470	0.76979
11	0.02206	0.46505	0.03213	0.01412	0.01956	0.17183	0.01272	0.02467	0.01758	0.02050	0.01357	0.01565	0.01174	0.00746	0.00561	0.00180	0.00902	0.00491	0.12048	0.00953
12	0.77733	0.01534	0.01166	0.01043	0.01534	0.01779	0.00859	0.02331	0.01350	0.03558	0.01104	0.01288	0.00859	0.00736	0.00491	0.00245	0.00613	0.00429	0.00491	0.00859
13	0.01570	0.01483	0.02509	0.60045	0.15076	0.01781	0.02238	0.02090	0.01620	0.02114	0.01422	0.02091	0.01088	0.00779	0.00792	0.00260	0.01039	0.00705	0.00359	0.00939
14	0.01133	0.00850	0.01274	0.01274	0.01416	0.00991	0.00991	0.01416	0.01274	0.01841	0.02124	0.03115	0.01982	0.05947	0.68989	0.01274	0.02124	0.00850	0.00425	0.00708
15	0.01034	0.00760	0.00992	0.01106	0.01217	0.00686	0.00755	0.01203	0.01563	0.02128	0.06968	0.62291	0.04981	0.02274	0.00970	0.00300	0.00468	0.02056	0.00718	0.07530
16	0.03509	0.01428	0.01889	0.01448	0.02063	0.01282	0.01196	0.09334	0.02401	0.62078	0.03018	0.02627	0.01908	0.00979	0.00797	0.00245	0.00693	0.00790	0.00965	0.01349
17	0.02789	0.02070	0.02249	0.01764	0.02344	0.02301	0.01447	0.55602	0.06846	0.04623	0.01995	0.02070	0.01463	0.01409	0.06942	0.00333	0.00972	0.00736	0.00761	0.01286

[dist]
# distance from previous block
# <min> <max>
0	5

[block]
# block no. 7 follows, 24 sequences, length 60
# corresponding to MSA columns:
# 249-308
name=unknown_H
#
# <colnr> <probs for GDERKNQSTAVLIFYWHMCP>
#	G	D	E	R	K	N	Q	S	T	A	V	L	I	F	Y	W	H	M	C	P
0	0.02950	0.02183	0.02345	0.01794	0.02432	0.02394	0.01481	0.61616	0.03631	0.04885	0.01881	0.01892	0.01340	0.00935	0.00784	0.00232	0.00859	0.00703	0.00778	0.04885
1	0.03053	0.02159	0.02341	0.01795	0.02428	0.02366	0.01483	0.60184	0.03624	0.09502	0.01992	0.01961	0.01393	0.00954	0.00794	0.00239	0.00858	0.00720	0.00807	0.01349
2	0.01153	0.00769	0.00865	0.00865	0.00865	0.00769	0.00480	0.01153	0.01153	0.01538	0.02499	0.05189	0.02883	0.72131	0.04036	0.00769	0.00769	0.01153	0.00480	0.00480
3	0.01891	0.01633	0.01715	0.01550	0.01984	0.01870	0.01204	0.03972	0.60733	0.03225	0.03605	0.03325	0.07479	0.01149	0.00817	0.00269	0.00610	0.00958	0.00801	0.01209
4	0.00961	0.00804	0.00836	0.00828	0.01085	0.00679	0.00621	0.01183	0.01863	0.02273	0.15429	0.07416	0.59385	0.01960	0.00937	0.00265	0.00398	0.01643	0.00754	0.00679
5	0.01377	0.00689	0.01033	0.01033	0.01033	0.00689	0.00689	0.01033	0.01033	0.01377	0.01377	0.02410	0.01377	0.02755	0.03099	0.76928	0.00689	0.00689	0.00344	0.00344
6	0.02120	0.72609	0.04155	0.01357	0.02035	0.03138	0.01357	0.02374	0.01611	0.01866	0.01102	0.01272	0.01018	0.00678	0.00509	0.00170	0.00848	0.00424	0.00339	0.01018
7	0.01125	0.00807	0.01041	0.00985	0.01154	0.00750	0.00723	0.01464	0.02140	0.03023	0.60621	0.05853	0.07042	0.08364	0.01232	0.00299	0.00412	0.01407	0.00835	0.00723
8	0.03405	0.01595	0.01992	0.01527	0.02147	0.01529	0.01262	0.20925	0.02680	0.50095	0.02784	0.02475	0.01790	0.00973	0.00796	0.00243	0.00730	0.00774	0.00929	0.01349
9	0.01876	0.02127	0.04612	0.03412	0.07029	0.02000	0.61474	0.02535	0.01869	0.02542	0.01599	0.02131	0.01206	0.00670	0.00929	0.00266	0.01319	0.00925	0.00401	0.01078
10	0.74217	0.01525	0.01197	0.01060	0.01557	0.01750	0.00873	0.02404	0.01393	0.06599	0.01200	0.01355	0.00911	0.00748	0.00505	0.00245	0.00616	0.00447	0.00514	0.00882
11	0.01584	0.01034	0.01431	0.01311	0.01561	0.01017	0.03886	0.01939	0.04537	0.13314	0.19487	0.24299	0.10407	0.01743	0.01056	0.00285	0.05569	0.03916	0.00770	0.00854
12	0.77733	0.01534	0.01166	0.01043	0.01534	0.01779	0.00859	0.02331	0.01350	0.03558	0.01104	0.01288	0.00859	0.00736	0.00491	0.00245	0.00613	0.00429	0.00491	0.00859
13	0.01972	0.01703	0.01793	0.01614	0.02062	0.01972	0.01255	0.04214	0.65752	0.03317	0.03228	0.02959	0.02421	0.01076	0.00807	0.00269	0.00628	0.00897	0.00807	0.01255
14	0.01644	0.01409	0.01644	0.01175	0.01879	0.01057	0.00940	0.01997	0.01644	0.02584	0.01409	0.01644	0.01175	0.00587	0.00587	0.00117	0.00587	0.00470	0.00470	0.76979
15	0.00945	0.00804	0.00814	0.00811	0.01076	0.00673	0.00608	0.01153	0.01825	0.02185	0.10430	0.07562	0.64440	0.01993	0.00937	0.00267	0.00401	0.01664	0.00742	0.00673
16	0.01498	0.01409	0.02378	0.70226	0.05462	0.01762	0.02202	0.02026	0.01586	0.02026	0.01409	0.02114	0.01057	0.00793	0.00793	0.00264	0.01057	0.00705	0.00352	0.00881
17	0.01498	0.01409	0.02378	0.70226	0.05462	0.01762	0.02202	0.02026	0.01586	0.02026	0.01409	0.02114	0.01057	0.00793	0.00793	0.00264	0.01057	0.00705	0.00352	0.00881
18	0.77733	0.01534	0.01166	0.01043	0.01534	0.01779	0.00859	0.02331	0.01350	0.03558	0.01104	0.01288	0.00859	0.00736	0.00491	0.00245	0.00613	0.00429	0.00491	0.00859
19	0.00975	0.00694	0.00918	0.01093	0.01137	0.00650	0.00724	0.01106	0.01502	0.02002	0.04286	0.68596	0.05137	0.05649	0.01150	0.00342	0.00474	0.02204	0.00724	0.00637
20	0.73460	0.01523	0.01204	0.01064	0.01562	0.01744	0.00876	0.02419	0.01403	0.07255	0.01221	0.01369	0.00922	0.00750	0.00508	0.00245	0.00617	0.00451	0.00519	0.00887
21	0.64042	0.01472	0.01257	0.01217	0.04669	0.01665	0.00922	0.02362	0.01440	0.06326	0.01344	0.01531	0.01031	0.00762	0.00524	0.00240	0.00611	0.00487	0.07211	0.00889
22	0.01027	0.00874	0.00894	0.00876	0.01154	0.00775	0.00661	0.01396	0.06824	0.02286	0.10628	0.07180	0.58827	0.01916	0.00927	0.00267	0.00418	0.01601	0.00749	0.00719
23	0.02967	0.02198	0.02353	0.01815	0.02441	0.02437	0.01496	0.61799	0.06547	0.04921	0.01964	0.01952	0.01397	0.00958	0.00794	0.00239	0.00861	0.00722	0.00794	0.01344
24	0.01158	0.00872	0.01105	0.01210	0.01395	0.00842	0.00969	0.01533	0.05020	0.02357	0.09920	0.21706	0.18575	0.02113	0.01015	0.00320	0.00566	0.27850	0.00748	0.00726
25	0.00974	0.00708	0.00922	0.01089	0.01160	0.00656	0.00742	0.01126	0.01555	0.02047	0.04703	0.63560	0.10909	0.02430	0.01008	0.00319	0.00464	0.04244	0.00736	0.00649
26	0.01893	0.01813	0.03092	0.14690	0.57908	0.01866	0.02399	0.02372	0.01773	0.02506	0.01479	0.01985	0.01226	0.00720	0.00786	0.00240	0.00959	0.00706	0.00386	0.01200
27	0.01377	0.00689	0.01033	0.01033	0.01033	0.00689	0.00689	0.01033	0.01033	0.01377	0.01377	0.02410	0.01377	0.02755	0.03099	0.76928	0.00689	0.00689	0.00344	0.00344
28	0.03014	0.02221	0.02380	0.01825	0.02459	0.02459	0.01507	0.64541	0.03728	0.04998	0.01904	0.01904	0.01349	0.00952	0.00793	0.00238	0.00873	0.00714	0.00793	0.01349
29	0.01644	0.01409	0.01644	0.01175	0.01879	0.01057	0.00940	0.01997	0.01644	0.02584	0.01409	0.01644	0.01175	0.00587	0.00587	0.00117	0.00587	0.00470	0.00470	0.76979
30	0.02015	0.01710	0.01802	0.01600	0.02056	0.01962	0.01250	0.08834	0.58480	0.03405	0.03304	0.03051	0.04758	0.01101	0.00811	0.00266	0.00638	0.00911	0.00803	0.01240
31	0.74055	0.01528	0.01224	0.04380	0.01723	0.01778	0.00924	0.02316	0.01361	0.03484	0.01119	0.01328	0.00868	0.00739	0.00505	0.00246	0.00635	0.00443	0.00484	0.00860
32	0.02157	0.69625	0.04073	0.01387	0.02053	0.05990	0.01364	0.02409	0.01639	0.01869	0.01108	0.01279	0.01018	0.00684	0.00518	0.00171	0.00873	0.00428	0.00342	0.01013
33	0.01133	0.00850	0.01274	0.01274	0.01416	0.00991	0.00991	0.01416	0.01274	0.01841	0.02124	0.03115	0.01982	0.05947	0.68989	0.01274	0.02124	0.00850	0.00425	0.00708
34	0.01136	0.00762	0.00870	0.00887	0.00891	0.00757	0.00504	0.01149	0.01187	0.01582	0.02670	0.11264	0.03099	0.65762	0.03760	0.00728	0.00741	0.01254	0.00504	0.00495
35	0.01145	0.00765	0.00867	0.00876	0.00878	0.00763	0.00492	0.01151	0.01170	0.01560	0.02584	0.08229	0.02991	0.68945	0.03898	0.00748	0.00755	0.01204	0.00492	0.00488
