[name]
unknown

[dist]
# distance from previous block
# <min> <max>
0	12

[block]
# block no. 0 follows, 27 sequences, length 29
# corresponding to MSA columns:
# 18-46
name=unknown_A
#
# <colnr> <probs for GDERKNQSTAVLIFYWHMCP>
#	G	D	E	R	K	N	Q	S	T	A	V	L	I	F	Y	W	H	M	C	P
0	0.02192	0.01410	0.01726	0.04438	0.02002	0.01507	0.01251	0.21837	0.08129	0.16522	0.02662	0.06879	0.02324	0.01323	0.00980	0.03167	0.04065	0.15862	0.00710	0.01013
1	0.02354	0.01510	0.01773	0.01511	0.03933	0.01551	0.01174	0.26189	0.08781	0.18154	0.02422	0.05503	0.01983	0.07501	0.01030	0.00275	0.00702	0.06016	0.00716	0.06922
2	0.02298	0.01732	0.02010	0.01592	0.02110	0.01843	0.04437	0.37675	0.12729	0.05854	0.02103	0.07413	0.01689	0.01032	0.00827	0.03126	0.00733	0.00792	0.00680	0.09325
3	0.04908	0.01814	0.02045	0.01745	0.07148	0.01909	0.01314	0.41916	0.05818	0.05724	0.01760	0.01899	0.01326	0.03334	0.00806	0.00222	0.00750	0.00645	0.00649	0.14268
4	0.01193	0.00791	0.01007	0.01048	0.01156	0.00776	0.00744	0.03547	0.01524	0.05106	0.09901	0.29178	0.03995	0.22776	0.04992	0.00455	0.00634	0.09911	0.00632	0.00635
5	0.01013	0.00713	0.00919	0.01014	0.01115	0.00675	0.00732	0.01221	0.01591	0.02170	0.16960	0.38048	0.07900	0.07953	0.01154	0.00320	0.00469	0.10902	0.04506	0.00627
6	0.02446	0.02761	0.01960	0.01758	0.02166	0.42302	0.01341	0.07082	0.25607	0.02444	0.01852	0.01874	0.01440	0.00859	0.00704	0.00215	0.01041	0.00618	0.00536	0.00996
7	0.79154	0.01436	0.01091	0.00976	0.01436	0.01665	0.00804	0.02182	0.01263	0.03331	0.01034	0.01206	0.00804	0.00689	0.00459	0.00230	0.00574	0.00402	0.00459	0.00804
8	0.01489	0.03840	0.70064	0.02116	0.03213	0.01724	0.02743	0.02351	0.01567	0.02351	0.01332	0.01567	0.00940	0.00705	0.00705	0.00235	0.01097	0.00549	0.00313	0.01097
9	0.01402	0.01319	0.02227	0.72126	0.05113	0.01649	0.02062	0.01897	0.01484	0.01897	0.01319	0.01979	0.00990	0.00742	0.00742	0.00247	0.00990	0.00660	0.00330	0.00825
10	0.09752	0.01155	0.01485	0.01194	0.01659	0.01048	0.00969	0.02940	0.02040	0.47238	0.18979	0.03148	0.03013	0.01045	0.00752	0.00231	0.00557	0.00861	0.00852	0.01083
11	0.01051	0.00759	0.00992	0.00934	0.01109	0.00700	0.00700	0.01401	0.02101	0.02977	0.68888	0.05545	0.07005	0.01518	0.00876	0.00233	0.00350	0.01343	0.00817	0.00700
12	0.01145	0.00780	0.01022	0.00950	0.01142	0.00717	0.00717	0.01492	0.02102	0.05734	0.66166	0.05421	0.06791	0.01493	0.00870	0.00233	0.00362	0.01318	0.00821	0.00724
13	0.01919	0.00990	0.01272	0.01159	0.01453	0.00922	0.00874	0.05163	0.04617	0.26484	0.08997	0.30810	0.06627	0.03913	0.00940	0.00275	0.00527	0.01379	0.00780	0.00898
14	0.00948	0.00686	0.00876	0.00969	0.01055	0.00636	0.00661	0.01119	0.01562	0.02099	0.18143	0.47346	0.10787	0.08080	0.01162	0.00317	0.00433	0.01812	0.00697	0.00613
15	0.01065	0.00729	0.00844	0.00832	0.00878	0.00712	0.00505	0.01143	0.01312	0.01773	0.15891	0.05100	0.06592	0.56131	0.03065	0.00601	0.00630	0.01154	0.00534	0.00508
16	0.01008	0.00800	0.00912	0.00885	0.01105	0.00728	0.00663	0.01373	0.05760	0.02469	0.32568	0.09300	0.36342	0.01699	0.00873	0.00246	0.00380	0.01456	0.00746	0.00689
17	0.15555	0.01385	0.01479	0.01239	0.01648	0.01465	0.00979	0.21749	0.05463	0.14758	0.02476	0.08536	0.04966	0.07510	0.00969	0.00275	0.00631	0.00847	0.07097	0.00974
18	0.01652	0.01361	0.02112	0.51381	0.04175	0.01611	0.03733	0.08030	0.03928	0.05631	0.01601	0.02085	0.01184	0.00781	0.00727	0.00238	0.00893	0.00680	0.07304	0.00892
19	0.00939	0.00749	0.00840	0.00829	0.01043	0.00651	0.00617	0.01180	0.01820	0.02335	0.28527	0.09910	0.44384	0.01777	0.00880	0.00247	0.00370	0.01517	0.00733	0.00651
20	0.00928	0.00677	0.00873	0.00986	0.01075	0.00623	0.00678	0.01102	0.01571	0.02099	0.15972	0.54374	0.12034	0.02135	0.00927	0.00284	0.00411	0.01917	0.00712	0.00623
21	0.01202	0.00843	0.01016	0.00989	0.01078	0.00877	0.00660	0.06757	0.01400	0.01901	0.05775	0.12728	0.02912	0.42908	0.15129	0.00687	0.00902	0.01133	0.00513	0.00589
22	0.02822	0.02079	0.02228	0.01708	0.02302	0.02302	0.01411	0.66804	0.03490	0.04679	0.01782	0.01782	0.01262	0.00891	0.00743	0.00223	0.00817	0.00668	0.00743	0.01262
23	0.01091	0.00852	0.01011	0.01083	0.01235	0.00855	0.00767	0.01624	0.14577	0.02187	0.06611	0.47519	0.13802	0.01973	0.00897	0.00282	0.00451	0.01755	0.00707	0.00722
24	0.01669	0.01400	0.01641	0.04153	0.01958	0.01156	0.00985	0.08719	0.01743	0.02635	0.01368	0.01584	0.01112	0.00594	0.00578	0.00128	0.00596	0.00473	0.00467	0.67041
25	0.01270	0.01080	0.01698	0.01440	0.01720	0.01009	0.14012	0.04654	0.01579	0.02148	0.05725	0.30262	0.05972	0.14741	0.01394	0.00340	0.00674	0.01383	0.00566	0.08333
26	0.02789	0.01988	0.02145	0.01651	0.02227	0.02184	0.01362	0.61374	0.03352	0.07577	0.01860	0.01855	0.01314	0.00891	0.00734	0.00221	0.00790	0.00673	0.03773	0.01240
27	0.00904	0.00646	0.00861	0.01034	0.01077	0.00603	0.00689	0.01034	0.01421	0.01895	0.04092	0.73426	0.04910	0.02326	0.00948	0.00301	0.00431	0.02110	0.00689	0.00603
28	0.00916	0.00671	0.00848	0.00975	0.01054	0.00617	0.00659	0.01058	0.01478	0.01940	0.07562	0.56689	0.14743	0.05747	0.01073	0.00311	0.00433	0.01940	0.00683	0.00604

[dist]
# distance from previous block
# <min> <max>
0	1

[block]
# block no. 1 follows, 27 sequences, length 23
# corresponding to MSA columns:
# 48-70
name=unknown_B
#
# <colnr> <probs for GDERKNQSTAVLIFYWHMCP>
#	G	D	E	R	K	N	Q	S	T	A	V	L	I	F	Y	W	H	M	C	P
0	0.01766	0.01294	0.01481	0.01268	0.01608	0.01356	0.00983	0.26070	0.02165	0.02993	0.02449	0.13773	0.04701	0.08459	0.12860	0.00430	0.00869	0.00967	0.05909	0.08600
1	0.01564	0.02205	0.21182	0.01962	0.02354	0.01959	0.04909	0.01959	0.01316	0.02012	0.01164	0.01673	0.01017	0.01224	0.04536	0.00317	0.41479	0.00624	0.00335	0.06209
2	0.52494	0.01553	0.01422	0.01181	0.01685	0.01728	0.00974	0.16439	0.01862	0.12429	0.01448	0.01506	0.01041	0.00764	0.00559	0.00228	0.00635	0.00506	0.00582	0.00965
3	0.00963	0.00688	0.00880	0.00966	0.01043	0.00644	0.00652	0.01129	0.01545	0.02091	0.19364	0.44630	0.07809	0.12419	0.01335	0.00343	0.00451	0.01757	0.00685	0.00605
4	0.02714	0.01749	0.01893	0.01497	0.02011	0.06414	0.01216	0.34446	0.02794	0.23401	0.11713	0.02511	0.02235	0.00981	0.00758	0.00224	0.00731	0.00775	0.00781	0.01155
5	0.00915	0.00651	0.00858	0.01020	0.01060	0.00610	0.00674	0.01036	0.01400	0.01867	0.03984	0.69231	0.04775	0.06706	0.01121	0.00327	0.00448	0.02047	0.00674	0.00594
6	0.02388	0.01632	0.01777	0.01414	0.01853	0.01765	0.01121	0.43764	0.02753	0.08337	0.02028	0.02514	0.01637	0.14832	0.01301	0.00313	0.00741	0.00754	0.08022	0.01053
7	0.01008	0.00744	0.00920	0.01025	0.01133	0.00702	0.00709	0.04737	0.01582	0.02070	0.04528	0.58455	0.15282	0.02172	0.00924	0.00289	0.00443	0.01940	0.00692	0.00644
8	0.00902	0.00656	0.00851	0.01006	0.01070	0.00605	0.00677	0.01037	0.01447	0.01906	0.04423	0.67021	0.11101	0.02283	0.00941	0.00297	0.00425	0.02058	0.00689	0.00605
9	0.02733	0.01512	0.01766	0.01399	0.01906	0.01546	0.01135	0.25764	0.09219	0.31088	0.02463	0.02393	0.01714	0.03479	0.00831	0.00241	0.00668	0.00735	0.08237	0.01171
10	0.01057	0.00708	0.00897	0.00987	0.01095	0.00647	0.00677	0.01207	0.01517	0.05759	0.08049	0.51023	0.14360	0.06968	0.01113	0.00314	0.00449	0.01839	0.00693	0.00639
11	0.01963	0.01165	0.01370	0.01185	0.01464	0.01177	0.00871	0.18222	0.01971	0.16758	0.02640	0.15989	0.02554	0.27110	0.01860	0.00415	0.00673	0.01092	0.00666	0.00855
12	0.03256	0.01382	0.01797	0.01377	0.01955	0.01268	0.01138	0.12840	0.02324	0.60289	0.02761	0.02418	0.01754	0.00915	0.00746	0.00229	0.00659	0.00735	0.00893	0.01263
13	0.00955	0.00667	0.00846	0.00968	0.00999	0.00637	0.00619	0.01047	0.01322	0.01762	0.03581	0.53465	0.04266	0.23164	0.01772	0.00423	0.00515	0.01810	0.00619	0.00558
14	0.01447	0.01019	0.01193	0.01098	0.01265	0.01095	0.00798	0.13505	0.01753	0.02479	0.08746	0.13608	0.02892	0.23923	0.06971	0.00458	0.04743	0.01078	0.11213	0.00717
15	0.01073	0.00813	0.01000	0.00991	0.01168	0.00780	0.00727	0.01523	0.08258	0.02626	0.40352	0.21011	0.13474	0.01697	0.00881	0.00253	0.00395	0.01497	0.00767	0.00715
16	0.01588	0.17974	0.56801	0.01946	0.02951	0.01967	0.02448	0.02325	0.01556	0.02230	0.01272	0.01492	0.00943	0.00691	0.00659	0.00220	0.01036	0.00518	0.00314	0.01068
17	0.00892	0.00748	0.00776	0.00778	0.01014	0.00632	0.00580	0.01091	0.01713	0.02078	0.12260	0.09803	0.61353	0.01870	0.00880	0.00251	0.00376	0.01572	0.00700	0.00632
18	0.01805	0.01489	0.02120	0.29577	0.03272	0.01699	0.06573	0.19819	0.04179	0.02865	0.04600	0.05200	0.01626	0.00915	0.00809	0.00238	0.03488	0.00778	0.08005	0.00942
19	0.01949	0.01028	0.01324	0.01162	0.01479	0.00962	0.00897	0.08372	0.02078	0.25220	0.24545	0.20728	0.04211	0.01454	0.00837	0.00248	0.00509	0.01265	0.00813	0.00919
20	0.01725	0.37355	0.38613	0.01714	0.02592	0.02301	0.02043	0.02290	0.01539	0.02064	0.01190	0.01388	0.00946	0.00672	0.00596	0.00199	0.00953	0.00477	0.00315	0.01028
21	0.02546	0.11156	0.02195	0.01566	0.02082	0.14339	0.01281	0.25191	0.13577	0.12812	0.02160	0.02100	0.03916	0.00896	0.00704	0.00216	0.00826	0.00673	0.00650	0.01114
22	0.02575	0.01867	0.02016	0.01578	0.02104	0.02063	0.01295	0.56510	0.03163	0.04313	0.01857	0.01947	0.01361	0.01175	0.05018	0.00277	0.00843	0.00678	0.08190	0.01171

[dist]
# distance from previous block
# <min> <max>
1	6

[block]
# block no. 2 follows, 27 sequences, length 43
# corresponding to MSA columns:
# 77-119
name=unknown_C
#
# <colnr> <probs for GDERKNQSTAVLIFYWHMCP>
#	G	D	E	R	K	N	Q	S	T	A	V	L	I	F	Y	W	H	M	C	P
0	0.02125	0.01667	0.01928	0.03569	0.02035	0.01887	0.01275	0.34541	0.05804	0.03378	0.04163	0.05613	0.01740	0.07216	0.01298	0.00281	0.13337	0.00784	0.00611	0.06748
1	0.01346	0.01239	0.02052	0.20379	0.06144	0.01323	0.11957	0.01667	0.01449	0.01963	0.02224	0.16431	0.04307	0.11986	0.01382	0.00325	0.06494	0.01055	0.00446	0.05833
2	0.01056	0.00710	0.00817	0.00840	0.00846	0.00704	0.00482	0.01073	0.01126	0.01501	0.02577	0.14151	0.02999	0.64209	0.03395	0.00663	0.00681	0.01219	0.00482	0.00471
3	0.02097	0.02151	0.05536	0.09320	0.35543	0.13297	0.01945	0.12758	0.05394	0.02670	0.01490	0.01794	0.01182	0.00742	0.00726	0.00221	0.00951	0.00636	0.00444	0.01103
4	0.02087	0.01590	0.01727	0.01491	0.01953	0.01769	0.01175	0.09403	0.52293	0.10671	0.02835	0.02607	0.02084	0.00969	0.00745	0.00241	0.00611	0.00798	0.00760	0.04189
5	0.01402	0.01319	0.02227	0.72126	0.05113	0.01649	0.02062	0.01897	0.01484	0.01897	0.01319	0.01979	0.00990	0.00742	0.00742	0.00247	0.00990	0.00660	0.00330	0.00825
6	0.01508	0.01327	0.01734	0.09791	0.02242	0.01098	0.04205	0.01865	0.01538	0.02334	0.01436	0.04403	0.01235	0.00646	0.00604	0.00141	0.00632	0.00552	0.00433	0.62276
7	0.79154	0.01436	0.01091	0.00976	0.01436	0.01665	0.00804	0.02182	0.01263	0.03331	0.01034	0.01206	0.00804	0.00689	0.00459	0.00230	0.00574	0.00402	0.00459	0.00804
8	0.03331	0.01263	0.01723	0.01321	0.01895	0.01091	0.01091	0.03618	0.02125	0.69794	0.02929	0.02527	0.01838	0.00919	0.00747	0.00230	0.00632	0.00747	0.00919	0.01263
9	0.02822	0.02079	0.02228	0.01708	0.02302	0.02302	0.01411	0.66804	0.03490	0.04679	0.01782	0.01782	0.01262	0.00891	0.00743	0.00223	0.00817	0.00668	0.00743	0.01262
10	0.02779	0.02058	0.02204	0.01699	0.02286	0.02282	0.01401	0.64052	0.06312	0.04610	0.01837	0.01826	0.01306	0.00896	0.00743	0.00224	0.00807	0.00676	0.00743	0.01259
11	0.79154	0.01436	0.01091	0.00976	0.01436	0.01665	0.00804	0.02182	0.01263	0.03331	0.01034	0.01206	0.00804	0.00689	0.00459	0.00230	0.00574	0.00402	0.00459	0.00804
12	0.00891	0.00753	0.00772	0.00767	0.01011	0.00633	0.00575	0.01093	0.01725	0.02084	0.12497	0.07015	0.63953	0.01851	0.00877	0.00249	0.00374	0.01549	0.00700	0.00633
13	0.00954	0.00673	0.00856	0.00982	0.01025	0.00639	0.00643	0.01060	0.01357	0.01800	0.03773	0.53238	0.06284	0.19322	0.01621	0.00401	0.00505	0.03668	0.00632	0.00570
14	0.00904	0.00646	0.00861	0.01034	0.01077	0.00603	0.00689	0.01034	0.01421	0.01895	0.04092	0.73426	0.04910	0.02326	0.00948	0.00301	0.00431	0.02110	0.00689	0.00603
15	0.75525	0.01427	0.01121	0.00993	0.01458	0.01638	0.00818	0.02251	0.01305	0.06511	0.01124	0.01269	0.00853	0.00700	0.00473	0.00230	0.00577	0.00418	0.00481	0.00826
16	0.03331	0.01263	0.01723	0.01321	0.01895	0.01091	0.01091	0.03618	0.02125	0.69794	0.02929	0.02527	0.01838	0.00919	0.00747	0.00230	0.00632	0.00747	0.00919	0.01263
17	0.01036	0.00758	0.00972	0.00919	0.01100	0.00694	0.00689	0.01373	0.02067	0.02896	0.63746	0.05679	0.12197	0.01548	0.00876	0.00235	0.00352	0.01361	0.00806	0.00694
18	0.01926	0.01634	0.01723	0.01527	0.01961	0.01883	0.01194	0.09042	0.62712	0.03233	0.02921	0.02690	0.02185	0.00998	0.00754	0.00249	0.00606	0.00825	0.00754	0.01182
19	0.00904	0.00646	0.00861	0.01034	0.01077	0.00603	0.00689	0.01034	0.01421	0.01895	0.04092	0.73426	0.04910	0.02326	0.00948	0.00301	0.00431	0.02110	0.00689	0.00603
20	0.01539	0.01319	0.01539	0.01100	0.01759	0.00990	0.00880	0.01869	0.01539	0.02419	0.01319	0.01539	0.01100	0.00550	0.00550	0.00110	0.00550	0.00440	0.00440	0.78449
21	0.28694	0.01497	0.01548	0.01289	0.01780	0.01615	0.01045	0.12369	0.16346	0.20893	0.04330	0.02121	0.01666	0.00876	0.00654	0.00234	0.00620	0.00658	0.00698	0.01069
22	0.01019	0.00734	0.00964	0.00956	0.01102	0.00679	0.00698	0.01321	0.01953	0.02741	0.54758	0.20348	0.06548	0.01694	0.00891	0.00248	0.00368	0.01510	0.00789	0.00679
23	0.01299	0.00861	0.01181	0.01293	0.01489	0.00838	0.01105	0.01619	0.01742	0.06710	0.07373	0.10889	0.07803	0.01952	0.00987	0.00322	0.00634	0.50480	0.00707	0.00716
24	0.00975	0.00725	0.00881	0.00944	0.01073	0.00667	0.00676	0.01163	0.01597	0.02086	0.16058	0.28096	0.22296	0.11484	0.01297	0.00335	0.00465	0.07888	0.00679	0.00614
25	0.02850	0.02034	0.02200	0.01687	0.02280	0.02235	0.01393	0.63315	0.03415	0.08274	0.01846	0.01823	0.01294	0.00893	0.00743	0.00223	0.00807	0.00673	0.00752	0.01263
26	0.01787	0.01712	0.02922	0.12401	0.61830	0.01751	0.02253	0.02234	0.01666	0.02364	0.01387	0.01854	0.01154	0.00671	0.00736	0.00224	0.00894	0.00661	0.00363	0.01135
27	0.00941	0.00672	0.00903	0.01075	0.01134	0.00634	0.00752	0.01096	0.01457	0.01936	0.04072	0.65337	0.04831	0.02292	0.00957	0.00307	0.00462	0.09841	0.00688	0.00613
28	0.00909	0.00739	0.00805	0.00818	0.01029	0.00635	0.00602	0.01115	0.01722	0.02146	0.16883	0.15481	0.50770	0.01880	0.00886	0.00255	0.00379	0.01601	0.00710	0.00635
29	0.01683	0.01893	0.04095	0.02959	0.03653	0.01774	0.61240	0.02269	0.01725	0.02339	0.01712	0.07794	0.01433	0.00764	0.00882	0.00254	0.01185	0.00976	0.00401	0.00969
30	0.01206	0.00993	0.01074	0.01158	0.01281	0.06437	0.00833	0.04843	0.01634	0.02092	0.05720	0.48902	0.06070	0.05527	0.01056	0.00310	0.00565	0.08977	0.00659	0.00665
31	0.02550	0.01921	0.02061	0.01639	0.02174	0.02136	0.01333	0.52068	0.15225	0.04255	0.02122	0.05441	0.01624	0.00982	0.00755	0.00232	0.00756	0.00770	0.00742	0.01214
32	0.01418	0.01329	0.02207	0.69563	0.04997	0.01657	0.02030	0.01971	0.03896	0.01941	0.01381	0.02008	0.01036	0.00752	0.00743	0.00248	0.00975	0.00666	0.00345	0.00837
33	0.11317	0.01282	0.01656	0.01285	0.01847	0.01152	0.01061	0.03467	0.02034	0.62793	0.02729	0.02388	0.01729	0.00895	0.00716	0.00230	0.00626	0.00710	0.00870	0.01215
34	0.01006	0.00725	0.00860	0.00875	0.00972	0.00685	0.00581	0.01149	0.01484	0.01976	0.18660	0.16750	0.16287	0.30334	0.04048	0.00467	0.00561	0.01392	0.00616	0.00571
35	0.02499	0.05344	0.02087	0.01563	0.02088	0.02021	0.01279	0.50550	0.03005	0.06254	0.02072	0.11225	0.01742	0.01057	0.00750	0.00226	0.00749	0.00840	0.00710	0.03938
36	0.01074	0.00786	0.00978	0.01025	0.01158	0.00740	0.00714	0.04766	0.01635	0.02210	0.13646	0.46679	0.08671	0.07261	0.01110	0.00305	0.00463	0.01726	0.00682	0.04370
37	0.08884	0.04789	0.02337	0.01894	0.02177	0.21346	0.07168	0.04318	0.01609	0.05531	0.01201	0.01576	0.01020	0.00981	0.01423	0.00259	0.31609	0.00596	0.00400	0.00884
38	0.01639	0.02726	0.30863	0.02654	0.03503	0.01837	0.37144	0.02334	0.01643	0.02334	0.01404	0.01805	0.01043	0.00695	0.00893	0.00248	0.05126	0.00731	0.00348	0.01030
39	0.01466	0.00908	0.01111	0.01007	0.01278	0.00833	0.00771	0.05650	0.02020	0.13407	0.32345	0.11903	0.21291	0.01555	0.00854	0.00243	0.00438	0.01338	0.00784	0.00797
40	0.29524	0.02365	0.26861	0.01614	0.02346	0.01655	0.05181	0.05606	0.03839	0.12238	0.01535	0.01646	0.01086	0.00744	0.00636	0.00233	0.00824	0.00557	0.00488	0.01021
41	0.01556	0.01305	0.01840	0.01514	0.01911	0.01283	0.11416	0.13911	0.05825	0.02667	0.04944	0.20211	0.09231	0.01660	0.06495	0.00315	0.00778	0.01157	0.00599	0.11384
42	0.08508	0.14498	0.40453	0.02049	0.05181	0.01904	0.09678	0.02372	0.01581	0.05299	0.01350	0.01578	0.01000	0.00691	0.00670	0.00223	0.00993	0.00562	0.00363	0.01047

[dist]
# distance from previous block
# <min> <max>
0	1

[block]
# block no. 3 follows, 27 sequences, length 28
# corresponding to MSA columns:
# 121-148
name=unknown_D
#
# <colnr> <probs for GDERKNQSTAVLIFYWHMCP>
#	G	D	E	R	K	N	Q	S	T	A	V	L	I	F	Y	W	H	M	C	P
0	0.01534	0.10307	0.63995	0.02038	0.03093	0.01835	0.02608	0.02339	0.01562	0.02296	0.01305	0.01533	0.00942	0.00699	0.00684	0.00228	0.01069	0.00535	0.00314	0.01084
1	0.00933	0.00677	0.00850	0.00962	0.01036	0.00628	0.00643	0.01069	0.01461	0.01927	0.08848	0.51397	0.13072	0.11291	0.01292	0.00343	0.00455	0.01856	0.00668	0.00593
2	0.05478	0.03185	0.46223	0.02106	0.05147	0.06951	0.07040	0.02544	0.01680	0.10592	0.01514	0.01691	0.01066	0.00728	0.00710	0.00231	0.01039	0.00588	0.00406	0.01081
3	0.01665	0.01601	0.01691	0.01531	0.01718	0.13128	0.01202	0.06160	0.06947	0.02040	0.01695	0.02386	0.01543	0.07823	0.27387	0.00639	0.18891	0.00722	0.00433	0.00799
4	0.01128	0.00850	0.01239	0.01228	0.01390	0.00813	0.05641	0.03523	0.01628	0.02169	0.11714	0.36423	0.08844	0.01998	0.01094	0.06695	0.00549	0.11763	0.00653	0.00659
5	0.01863	0.01726	0.04919	0.07254	0.14197	0.01762	0.12423	0.05664	0.30400	0.05391	0.02182	0.02309	0.01652	0.00906	0.00851	0.03257	0.00810	0.00773	0.00568	0.01093
6	0.01075	0.00764	0.01035	0.01175	0.01289	0.00745	0.00925	0.01318	0.01595	0.02112	0.09148	0.30456	0.04600	0.07398	0.01189	0.00347	0.00571	0.32938	0.00679	0.00640
7	0.01503	0.01603	0.03345	0.02512	0.03055	0.01502	0.47193	0.01982	0.01655	0.02236	0.02264	0.23019	0.02240	0.01126	0.00897	0.00265	0.01010	0.01239	0.00468	0.00884
8	0.01063	0.00784	0.01137	0.01137	0.01251	0.00898	0.00858	0.01290	0.01177	0.01682	0.02039	0.03199	0.01979	0.15509	0.61195	0.01124	0.01804	0.00837	0.00405	0.00632
9	0.01289	0.00645	0.00967	0.00967	0.00967	0.00645	0.00645	0.00967	0.00967	0.01289	0.01289	0.02257	0.01289	0.02579	0.02901	0.78401	0.00645	0.00645	0.00322	0.00322
10	0.05085	0.01290	0.01642	0.01303	0.01809	0.01209	0.01061	0.08476	0.07058	0.48362	0.11898	0.02862	0.02506	0.00999	0.00756	0.00231	0.00603	0.00819	0.00865	0.01166
11	0.02155	0.01482	0.01651	0.01435	0.01884	0.01619	0.01130	0.03749	0.49740	0.18723	0.03186	0.02894	0.04925	0.01023	0.00758	0.00247	0.00589	0.00848	0.00791	0.01173
12	0.02543	0.01896	0.02066	0.01634	0.02162	0.02111	0.01337	0.54156	0.08781	0.04217	0.01912	0.01993	0.01414	0.01418	0.08508	0.00333	0.00927	0.00697	0.00706	0.01189
13	0.05599	0.01256	0.01582	0.01275	0.01776	0.01172	0.01034	0.03309	0.12063	0.48661	0.06716	0.03016	0.07087	0.01026	0.00754	0.00235	0.00589	0.00840	0.00855	0.01156
14	0.02468	0.01791	0.01908	0.01509	0.02016	0.01970	0.01231	0.50335	0.07648	0.04185	0.02189	0.02207	0.04109	0.00935	0.00716	0.00219	0.00715	0.00719	0.11984	0.01148
15	0.01606	0.00924	0.00960	0.00871	0.01114	0.00958	0.00675	0.12459	0.01902	0.03093	0.05471	0.02737	0.02039	0.00900	0.00573	0.00184	0.00424	0.00719	0.61605	0.00787
16	0.01094	0.00709	0.00856	0.00904	0.00971	0.00709	0.00602	0.01238	0.01317	0.01899	0.04659	0.21689	0.03212	0.31364	0.08331	0.00527	0.00681	0.03753	0.14916	0.00569
17	0.22405	0.01611	0.01645	0.01357	0.01847	0.01778	0.01101	0.24242	0.16459	0.11804	0.02039	0.02005	0.01474	0.00865	0.00657	0.00228	0.00649	0.00647	0.06102	0.01085
18	0.01030	0.00758	0.00963	0.00912	0.01096	0.00691	0.00684	0.01360	0.02051	0.02858	0.61398	0.05741	0.14569	0.01562	0.00876	0.00236	0.00353	0.01370	0.00802	0.00691
19	0.00904	0.00646	0.00861	0.01034	0.01077	0.00603	0.00689	0.01034	0.01421	0.01895	0.04092	0.73426	0.04910	0.02326	0.00948	0.00301	0.00431	0.02110	0.00689	0.00603
20	0.01405	0.00895	0.01051	0.00979	0.01258	0.00816	0.00744	0.01791	0.07245	0.13622	0.18005	0.13729	0.32347	0.01630	0.00854	0.00250	0.00438	0.01392	0.00758	0.00790
21	0.01059	0.00738	0.00940	0.00954	0.01001	0.00778	0.00626	0.01157	0.01145	0.01570	0.02368	0.09845	0.02604	0.45620	0.25588	0.00841	0.01112	0.01071	0.00452	0.00532
22	0.00908	0.00655	0.00861	0.01017	0.01074	0.00607	0.00684	0.01048	0.01457	0.01937	0.06480	0.67990	0.07980	0.02277	0.00942	0.00297	0.00425	0.02059	0.00694	0.00607
23	0.01673	0.01070	0.01337	0.06518	0.07092	0.01131	0.00972	0.11481	0.01787	0.05891	0.02102	0.02644	0.01719	0.07373	0.07119	0.02931	0.00706	0.00726	0.34909	0.00819
24	0.01370	0.01118	0.01120	0.01066	0.01243	0.06638	0.00756	0.09188	0.01750	0.02233	0.11450	0.14764	0.14076	0.25665	0.01825	0.00407	0.00638	0.03415	0.00606	0.00671
25	0.01430	0.01087	0.01199	0.01109	0.01395	0.02936	0.00862	0.07179	0.11253	0.06275	0.23857	0.08399	0.22671	0.01520	0.00850	0.00249	0.00498	0.05665	0.00744	0.00821
26	0.01174	0.00837	0.01042	0.01121	0.01277	0.00829	0.00882	0.03233	0.04014	0.02191	0.05585	0.17477	0.11349	0.11961	0.01324	0.00357	0.00580	0.28030	0.06073	0.00666
27	0.01548	0.01306	0.02045	0.16241	0.02573	0.01504	0.09593	0.09563	0.01572	0.02151	0.01619	0.06368	0.01466	0.02036	0.13143	0.13330	0.11955	0.00793	0.00417	0.00775

[dist]
# distance from previous block
# <min> <max>
7	19

[block]
# block no. 4 follows, 27 sequences, length 15
# corresponding to MSA columns:
# 168-182
name=unknown_E
#
# <colnr> <probs for GDERKNQSTAVLIFYWHMCP>
#	G	D	E	R	K	N	Q	S	T	A	V	L	I	F	Y	W	H	M	C	P
0	0.01083	0.00705	0.00820	0.00851	0.00919	0.00684	0.00547	0.01218	0.01378	0.01967	0.10822	0.19492	0.05860	0.34850	0.02164	0.00462	0.00538	0.01285	0.13796	0.00560
1	0.11997	0.05731	0.02004	0.04502	0.02168	0.05131	0.01288	0.35916	0.12289	0.03700	0.02037	0.02233	0.03432	0.00933	0.00707	0.00230	0.00764	0.03193	0.00649	0.01097
2	0.01081	0.00783	0.00933	0.00989	0.01093	0.00758	0.00668	0.05847	0.01533	0.02009	0.04026	0.42442	0.13653	0.18761	0.01579	0.00385	0.00518	0.01685	0.00638	0.00619
3	0.09923	0.01690	0.01769	0.01435	0.01910	0.01871	0.01156	0.37572	0.13744	0.05830	0.02049	0.02173	0.01545	0.04448	0.00840	0.00247	0.00692	0.00696	0.09310	0.01100
4	0.14918	0.00903	0.00870	0.00821	0.01032	0.00955	0.00603	0.05258	0.01514	0.02698	0.02128	0.02871	0.01840	0.15821	0.01190	0.00298	0.00488	0.00720	0.44377	0.00693
5	0.01080	0.00892	0.01046	0.01129	0.04803	0.00838	0.00795	0.01508	0.08510	0.02297	0.15709	0.11898	0.38833	0.01720	0.00874	0.00257	0.00447	0.05941	0.00698	0.00726
6	0.08074	0.00948	0.01162	0.01062	0.01355	0.00883	0.00823	0.01992	0.01786	0.21630	0.17128	0.13276	0.12975	0.06919	0.01045	0.00289	0.00519	0.06564	0.00744	0.00827
7	0.01085	0.00777	0.00979	0.01065	0.01159	0.00758	0.00731	0.06452	0.01614	0.02166	0.08405	0.57547	0.04595	0.07531	0.01138	0.00322	0.00478	0.01860	0.00685	0.00652
8	0.07858	0.00975	0.01390	0.01264	0.01462	0.01101	0.05803	0.01565	0.01294	0.02078	0.01896	0.02696	0.01706	0.07445	0.39222	0.00780	0.06249	0.00756	0.13759	0.00704
9	0.19964	0.01289	0.01445	0.01198	0.01644	0.01306	0.00958	0.06076	0.09989	0.31164	0.07109	0.02613	0.02061	0.06217	0.00904	0.00266	0.00599	0.00741	0.03429	0.01029
10	0.11249	0.01025	0.01248	0.01107	0.01433	0.00986	0.00859	0.02266	0.05464	0.23688	0.26138	0.14811	0.04049	0.01332	0.00790	0.00244	0.00491	0.01139	0.00782	0.00899
11	0.01444	0.00865	0.01111	0.01056	0.01288	0.00802	0.00799	0.01803	0.05107	0.14234	0.31393	0.20941	0.10315	0.01629	0.00871	0.00256	0.00446	0.04066	0.00786	0.00792
12	0.01369	0.00758	0.00810	0.00790	0.00952	0.00778	0.00578	0.04098	0.01534	0.02567	0.02349	0.03033	0.01985	0.11412	0.06980	0.00338	0.00556	0.00754	0.57683	0.00678
13	0.06731	0.00765	0.00836	0.00847	0.01004	0.00773	0.00611	0.01444	0.01457	0.02320	0.06664	0.12618	0.10309	0.11970	0.08727	0.00393	0.00607	0.01053	0.30226	0.00644
14	0.01332	0.00864	0.01076	0.00995	0.01220	0.00805	0.00747	0.05012	0.02007	0.09341	0.40785	0.12650	0.14158	0.04452	0.00980	0.00262	0.00430	0.01351	0.00777	0.00755

[dist]
# distance from previous block
# <min> <max>
2	30

[block]
# block no. 5 follows, 27 sequences, length 62
# corresponding to MSA columns:
# 213-274
name=unknown_F
#
# <colnr> <probs for GDERKNQSTAVLIFYWHMCP>
#	G	D	E	R	K	N	Q	S	T	A	V	L	I	F	Y	W	H	M	C	P
0	0.04015	0.08299	0.01773	0.01361	0.01765	0.04850	0.01082	0.12889	0.30656	0.02896	0.05156	0.03098	0.09870	0.05697	0.03091	0.00293	0.00695	0.00858	0.00652	0.01003
1	0.64555	0.01478	0.01301	0.01263	0.05848	0.01679	0.00943	0.07327	0.01507	0.03365	0.04176	0.01488	0.01144	0.00741	0.00519	0.00229	0.00603	0.00482	0.00492	0.00860
2	0.01242	0.00839	0.01090	0.03872	0.01327	0.00851	0.00808	0.07162	0.01527	0.02031	0.05896	0.28453	0.05043	0.11356	0.01739	0.18390	0.00591	0.06614	0.00570	0.00600
3	0.01833	0.02242	0.07580	0.01863	0.02230	0.25092	0.10866	0.02148	0.01640	0.01930	0.01784	0.06803	0.03812	0.01941	0.15451	0.00436	0.10343	0.00775	0.00403	0.00828
4	0.01760	0.01324	0.01501	0.01364	0.01735	0.01429	0.01071	0.03107	0.40350	0.09204	0.10425	0.07914	0.03057	0.01218	0.00796	0.00253	0.00563	0.07242	0.00751	0.04935
5	0.02506	0.01269	0.01587	0.01301	0.01754	0.01219	0.01052	0.12094	0.07577	0.36590	0.13818	0.05714	0.05193	0.01149	0.00791	0.00239	0.00595	0.03617	0.00838	0.01095
6	0.01320	0.00754	0.01002	0.01068	0.01197	0.00692	0.00741	0.01468	0.01518	0.13193	0.03789	0.57364	0.04261	0.06512	0.01089	0.00315	0.00482	0.01819	0.00713	0.00704
7	0.01661	0.01734	0.04905	0.02770	0.32009	0.10072	0.01618	0.02127	0.06002	0.02322	0.07098	0.08137	0.11385	0.01104	0.00784	0.00236	0.00783	0.03786	0.00503	0.00963
8	0.00954	0.00678	0.00900	0.01055	0.01113	0.00643	0.00732	0.01105	0.01451	0.01933	0.05743	0.59452	0.04747	0.07023	0.01142	0.00332	0.00477	0.09237	0.00676	0.00605
9	0.01106	0.00791	0.00995	0.01082	0.01179	0.00776	0.00753	0.06682	0.01604	0.02144	0.06180	0.54425	0.04422	0.09403	0.01218	0.00337	0.00503	0.05074	0.00674	0.00652
10	0.01289	0.00645	0.00967	0.00967	0.00967	0.00645	0.00645	0.00967	0.00967	0.01289	0.01289	0.02257	0.01289	0.02579	0.02901	0.78401	0.00645	0.00645	0.00322	0.00322
11	0.01064	0.00921	0.04574	0.01123	0.01324	0.00769	0.00933	0.01372	0.01765	0.02380	0.25525	0.21328	0.12210	0.01848	0.00926	0.00282	0.00506	0.19753	0.00710	0.00687
12	0.00968	0.00681	0.00873	0.00968	0.01024	0.00645	0.00639	0.01106	0.01463	0.01981	0.14797	0.46924	0.04788	0.17731	0.01550	0.00381	0.00480	0.01755	0.00659	0.00586
13	0.06561	0.00911	0.00966	0.00907	0.01076	0.00956	0.00641	0.08784	0.01557	0.02449	0.02271	0.06108	0.02163	0.27692	0.05390	0.00439	0.00638	0.00872	0.28949	0.00670
14	0.01624	0.01624	0.02274	0.01949	0.01949	0.02274	0.01624	0.01787	0.01137	0.01787	0.00975	0.01624	0.00975	0.01299	0.02436	0.00325	0.72552	0.00650	0.00325	0.00812
15	0.79154	0.01436	0.01091	0.00976	0.01436	0.01665	0.00804	0.02182	0.01263	0.03331	0.01034	0.01206	0.00804	0.00689	0.00459	0.00230	0.00574	0.00402	0.00459	0.00804
16	0.00973	0.00695	0.00867	0.00944	0.01011	0.00664	0.00624	0.01100	0.01404	0.01872	0.09977	0.37798	0.10347	0.22396	0.05469	0.00455	0.00582	0.01628	0.00619	0.00575
17	0.02962	0.01316	0.01698	0.01334	0.01861	0.01222	0.01090	0.09596	0.06624	0.52535	0.09213	0.02763	0.02310	0.00980	0.00759	0.00231	0.00620	0.00803	0.00881	0.01203
18	0.03112	0.01307	0.01716	0.01338	0.01886	0.01188	0.01097	0.06731	0.06696	0.59273	0.05523	0.02627	0.02045	0.00948	0.00752	0.00231	0.00627	0.00773	0.00895	0.01235
19	0.01127	0.00815	0.01044	0.00972	0.01162	0.00770	0.00732	0.04340	0.02146	0.03024	0.64106	0.07215	0.06689	0.01511	0.00872	0.00235	0.00373	0.01333	0.00810	0.00723
20	0.01834	0.01863	0.04688	0.06831	0.57391	0.05863	0.02176	0.02268	0.01705	0.02355	0.01508	0.02144	0.01309	0.00744	0.00746	0.00226	0.00909	0.03942	0.00382	0.01115
21	0.00916	0.00651	0.00858	0.01019	0.01060	0.00610	0.00674	0.01037	0.01399	0.01866	0.03979	0.69021	0.04768	0.06924	0.01129	0.00328	0.00449	0.02044	0.00674	0.00593
22	0.00892	0.00753	0.00772	0.00767	0.01012	0.00633	0.00575	0.01094	0.01726	0.02087	0.12667	0.07010	0.63781	0.01850	0.00877	0.00249	0.00374	0.01548	0.00700	0.00633
23	0.01699	0.01899	0.04054	0.13586	0.04067	0.01843	0.56804	0.02305	0.01712	0.02305	0.01474	0.01999	0.01106	0.00643	0.00856	0.00250	0.01212	0.00843	0.00369	0.00974
24	0.01804	0.01928	0.02243	0.05578	0.02171	0.13694	0.01615	0.01989	0.01316	0.01797	0.01021	0.01595	0.00972	0.01181	0.02054	0.00299	0.56966	0.00622	0.00335	0.00821
25	0.00944	0.00701	0.00860	0.00927	0.01044	0.00639	0.00642	0.01124	0.01601	0.02114	0.18651	0.37547	0.20110	0.08158	0.01157	0.00311	0.00425	0.01731	0.00696	0.00616
26	0.00947	0.00694	0.00915	0.01059	0.01113	0.00673	0.00729	0.01085	0.01424	0.01894	0.04054	0.62534	0.07227	0.05134	0.01108	0.00319	0.02683	0.05131	0.00668	0.00608
27	0.01885	0.05634	0.01937	0.09898	0.04829	0.19632	0.01343	0.03993	0.01627	0.02114	0.01469	0.01954	0.01254	0.03698	0.01196	0.00247	0.18629	0.00620	0.17219	0.00821
28	0.01846	0.01603	0.01748	0.01669	0.05419	0.01842	0.01232	0.03858	0.64507	0.03070	0.02937	0.02721	0.02210	0.00989	0.00754	0.00250	0.00603	0.00830	0.00735	0.01175
29	0.01080	0.00720	0.00810	0.00810	0.00810	0.00720	0.00450	0.01080	0.01080	0.01439	0.02339	0.04858	0.02699	0.73910	0.03779	0.00720	0.00720	0.01080	0.00450	0.00450
30	0.01551	0.01330	0.01545	0.01115	0.01766	0.01022	0.00891	0.01948	0.04071	0.02445	0.01384	0.01586	0.01144	0.00567	0.00558	0.00115	0.00551	0.00455	0.00452	0.75502
31	0.02745	0.01711	0.01941	0.01514	0.02040	0.01813	0.01234	0.42951	0.02870	0.20695	0.02126	0.02214	0.01528	0.05221	0.03716	0.00290	0.00800	0.00717	0.02695	0.01178
32	0.01384	0.00692	0.00692	0.00692	0.00865	0.00692	0.00519	0.01730	0.01557	0.02768	0.02422	0.02768	0.01903	0.00865	0.00519	0.00173	0.00346	0.00692	0.78031	0.00692
33	0.03331	0.01263	0.01723	0.01321	0.01895	0.01091	0.01091	0.03618	0.02125	0.69794	0.02929	0.02527	0.01838	0.00919	0.00747	0.00230	0.00632	0.00747	0.00919	0.01263
34	0.02822	0.02079	0.02228	0.01708	0.02302	0.02302	0.01411	0.66804	0.03490	0.04679	0.01782	0.01782	0.01262	0.00891	0.00743	0.00223	0.00817	0.00668	0.00743	0.01262
35	0.00927	0.00750	0.00798	0.00788	0.01001	0.00648	0.00575	0.01123	0.01698	0.02109	0.17202	0.06644	0.51881	0.09193	0.01174	0.00296	0.00407	0.01480	0.00686	0.00621
36	0.79154	0.01436	0.01091	0.00976	0.01436	0.01665	0.00804	0.02182	0.01263	0.03331	0.01034	0.01206	0.00804	0.00689	0.00459	0.00230	0.00574	0.00402	0.00459	0.00804
37	0.01489	0.03840	0.70064	0.02116	0.03213	0.01724	0.02743	0.02351	0.01567	0.02351	0.01332	0.01567	0.00940	0.00705	0.00705	0.00235	0.01097	0.00549	0.00313	0.01097
38	0.03008	0.01244	0.01654	0.01304	0.01824	0.01113	0.01062	0.05887	0.04008	0.57851	0.06828	0.06354	0.02290	0.01028	0.00765	0.00234	0.00611	0.00852	0.00889	0.01194
39	0.01005	0.00742	0.00877	0.01009	0.01079	0.02655	0.00680	0.01149	0.01446	0.01944	0.03930	0.59410	0.07168	0.05747	0.01045	0.00307	0.00462	0.01875	0.06861	0.00611
40	0.00904	0.00646	0.00861	0.01034	0.01077	0.00603	0.00689	0.01034	0.01421	0.01895	0.04092	0.73426	0.04910	0.02326	0.00948	0.00301	0.00431	0.02110	0.00689	0.00603
41	0.01051	0.00758	0.00998	0.00969	0.01136	0.00705	0.00733	0.01387	0.02033	0.02860	0.60575	0.09925	0.06694	0.01603	0.00890	0.00245	0.00377	0.05567	0.00800	0.00693
42	0.02041	0.01595	0.01717	0.01506	0.01950	0.01806	0.01182	0.07797	0.58006	0.09233	0.02937	0.02687	0.02165	0.00992	0.00754	0.00248	0.00606	0.00820	0.00769	0.01188
43	0.02317	0.01417	0.01652	0.01353	0.01786	0.01461	0.01094	0.27726	0.04877	0.18794	0.15302	0.06099	0.02862	0.01130	0.00775	0.00232	0.00623	0.03515	0.05923	0.01061
44	0.79154	0.01436	0.01091	0.00976	0.01436	0.01665	0.00804	0.02182	0.01263	0.03331	0.01034	0.01206	0.00804	0.00689	0.00459	0.00230	0.00574	0.00402	0.00459	0.00804
45	0.00913	0.00663	0.00846	0.00988	0.01051	0.00613	0.00660	0.01040	0.01430	0.01878	0.04363	0.61592	0.11949	0.06874	0.01122	0.00323	0.00443	0.01983	0.00674	0.00596
46	0.01104	0.00814	0.01038	0.00972	0.01164	0.00777	0.00732	0.01570	0.06471	0.02986	0.64516	0.05361	0.06690	0.01484	0.00868	0.00235	0.00366	0.01309	0.00813	0.00732
47	0.00976	0.00747	0.00903	0.00985	0.01119	0.00702	0.00692	0.01274	0.05976	0.02118	0.11787	0.45078	0.20821	0.02042	0.00910	0.00278	0.00419	0.01809	0.00707	0.00657
48	0.01061	0.00795	0.01193	0.01193	0.01326	0.00928	0.00928	0.01326	0.01193	0.01723	0.01988	0.02916	0.01856	0.05568	0.70968	0.01193	0.01988	0.00795	0.00398	0.00663
49	0.01187	0.00804	0.00897	0.00865	0.00902	0.00817	0.00509	0.05139	0.01228	0.01639	0.02305	0.04668	0.02610	0.69401	0.03591	0.00689	0.00726	0.01054	0.00468	0.00500
50	0.69308	0.01485	0.01217	0.01055	0.01531	0.01698	0.00869	0.07924	0.01495	0.06197	0.01178	0.01311	0.00887	0.00716	0.00496	0.00229	0.00598	0.00440	0.00503	0.00863
51	0.02018	0.71345	0.03814	0.01298	0.01922	0.05829	0.01277	0.02254	0.01534	0.01750	0.01037	0.01197	0.00953	0.00641	0.00485	0.00160	0.00817	0.00400	0.00320	0.00949
52	0.01180	0.00835	0.01141	0.01287	0.01433	0.00835	0.01089	0.01472	0.01619	0.02109	0.03702	0.07869	0.04046	0.12373	0.01421	0.00396	0.00689	0.55204	0.00650	0.00650
53	0.00929	0.00658	0.00861	0.01006	0.01050	0.00619	0.00665	0.01054	0.01414	0.01893	0.06588	0.63511	0.04767	0.09715	0.01238	0.00342	0.00457	0.01972	0.00670	0.00591
54	0.08844	0.01249	0.01665	0.05980	0.02033	0.01147	0.01113	0.03264	0.01981	0.56819	0.02736	0.05958	0.01857	0.00960	0.00735	0.00234	0.00641	0.00783	0.00833	0.01166
55	0.01417	0.00789	0.00847	0.00826	0.01013	0.00811	0.00624	0.05963	0.01646	0.02744	0.02473	0.08149	0.02088	0.01356	0.06207	0.00268	0.00515	0.00808	0.60737	0.00721
56	0.01846	0.01595	0.01679	0.01511	0.01930	0.01846	0.01175	0.03945	0.67938	0.03105	0.03022	0.02770	0.02266	0.01007	0.00755	0.00252	0.00588	0.00839	0.00755	0.01175
57	0.01366	0.00873	0.00994	0.00943	0.01211	0.00785	0.00704	0.01672	0.05940	0.13332	0.05610	0.16301	0.39396	0.06182	0.01038	0.00284	0.00462	0.01438	0.00717	0.00754
58	0.02626	0.01399	0.04431	0.01494	0.05237	0.01243	0.01182	0.09220	0.06273	0.41128	0.14699	0.02947	0.02681	0.01009	0.00768	0.00231	0.00627	0.00841	0.00821	0.01144
59	0.01809	0.01735	0.02963	0.08897	0.65158	0.01757	0.02264	0.02254	0.01677	0.02391	0.01391	0.01846	0.01164	0.00667	0.00735	0.00222	0.00889	0.00661	0.00365	0.01153
60	0.01290	0.00933	0.01071	0.01006	0.01243	0.00893	0.00750	0.10345	0.01964	0.04922	0.19777	0.18896	0.26580	0.05654	0.01026	0.00278	0.00470	0.01443	0.00721	0.00740
61	0.01762	0.03700	0.01678	0.01392	0.01620	0.05861	0.01105	0.16166	0.01884	0.02623	0.06434	0.05874	0.04345	0.09005	0.04236	0.00333	0.18735	0.00837	0.11573	0.00835

[dist]
# distance from previous block
# <min> <max>
2	11

[block]
# block no. 6 follows, 27 sequences, length 29
# corresponding to MSA columns:
# 286-314
name=unknown_G
#
# <colnr> <probs for GDERKNQSTAVLIFYWHMCP>
#	G	D	E	R	K	N	Q	S	T	A	V	L	I	F	Y	W	H	M	C	P
0	0.01958	0.01545	0.02435	0.09183	0.05155	0.01529	0.16851	0.12035	0.01911	0.10470	0.04045	0.02068	0.01432	0.00926	0.01000	0.06787	0.04039	0.00705	0.00511	0.15414
1	0.01202	0.05849	0.01422	0.01221	0.01409	0.01126	0.00973	0.04308	0.01317	0.01857	0.01914	0.02749	0.01768	0.05024	0.63047	0.01080	0.01855	0.00763	0.00408	0.00709
2	0.59871	0.06475	0.01454	0.01117	0.01602	0.01839	0.00932	0.09948	0.05862	0.03368	0.01251	0.01374	0.00963	0.00730	0.00513	0.00226	0.00619	0.00461	0.00502	0.00892
3	0.01209	0.00934	0.01024	0.00973	0.01253	0.00880	0.00760	0.05672	0.07439	0.04514	0.13607	0.06212	0.43662	0.01686	0.00868	0.00255	0.00455	0.07130	0.00720	0.00747
4	0.01868	0.02213	0.09332	0.12592	0.30940	0.12061	0.15625	0.02357	0.01726	0.02248	0.01365	0.01791	0.01086	0.00684	0.00753	0.00227	0.01062	0.00668	0.00361	0.01039
5	0.01421	0.01331	0.02204	0.69158	0.04979	0.01658	0.02024	0.01983	0.04277	0.01948	0.01391	0.02012	0.01043	0.00753	0.00743	0.00248	0.00973	0.00667	0.00348	0.00839
6	0.02673	0.02005	0.02144	0.01678	0.02245	0.02233	0.01375	0.57202	0.13335	0.04438	0.01972	0.01933	0.01416	0.00909	0.00745	0.00227	0.00782	0.00694	0.00745	0.01249
7	0.01489	0.03840	0.70064	0.02116	0.03213	0.01724	0.02743	0.02351	0.01567	0.02351	0.01332	0.01567	0.00940	0.00705	0.00705	0.00235	0.01097	0.00549	0.00313	0.01097
8	0.01097	0.00930	0.01056	0.06896	0.01507	0.00911	0.00805	0.01629	0.11859	0.02319	0.16110	0.05787	0.43180	0.01593	0.00847	0.00248	0.00456	0.01344	0.00690	0.00739
9	0.19697	0.02151	0.01936	0.01571	0.02095	0.13048	0.01272	0.40036	0.05138	0.03868	0.01561	0.01620	0.01149	0.00831	0.00669	0.00220	0.00838	0.00585	0.00623	0.01094
10	0.01208	0.01026	0.01085	0.01004	0.01322	0.01000	0.00769	0.01958	0.20355	0.02429	0.11350	0.05407	0.40263	0.01516	0.00822	0.00240	0.00444	0.01269	0.00703	0.05828
11	0.00897	0.00749	0.00781	0.00781	0.01017	0.00634	0.00583	0.01100	0.01726	0.02104	0.13873	0.09367	0.60126	0.01858	0.00880	0.00251	0.00375	0.01563	0.00703	0.00634
12	0.00915	0.00754	0.00804	0.00792	0.01026	0.00643	0.00594	0.01138	0.01781	0.02217	0.20869	0.06797	0.55498	0.01801	0.00877	0.00247	0.00370	0.01518	0.00717	0.00643
13	0.01752	0.02003	0.04380	0.03129	0.03880	0.01877	0.66583	0.02378	0.01752	0.02378	0.01502	0.02003	0.01126	0.00626	0.00876	0.00250	0.01252	0.00876	0.00375	0.01001
14	0.72739	0.01490	0.01187	0.01038	0.01508	0.01719	0.00855	0.07613	0.01451	0.03444	0.01097	0.01254	0.00843	0.00706	0.00483	0.00229	0.00595	0.00424	0.00483	0.00843
15	0.00972	0.00698	0.00932	0.01023	0.01118	0.00658	0.00726	0.01188	0.01649	0.02258	0.25114	0.45716	0.05456	0.02160	0.03331	0.00312	0.00470	0.04857	0.00721	0.00641
16	0.00918	0.00685	0.00855	0.00957	0.01065	0.00622	0.00663	0.01091	0.01574	0.02067	0.13698	0.49385	0.19481	0.02116	0.00922	0.00281	0.00408	0.01884	0.00707	0.00622
17	0.00967	0.00725	0.00906	0.01034	0.01128	0.00693	0.00709	0.01241	0.06114	0.01993	0.04415	0.60769	0.12173	0.02182	0.00926	0.00292	0.00435	0.01958	0.00694	0.00646
18	0.72781	0.01421	0.01144	0.01005	0.01474	0.01617	0.00828	0.02303	0.01336	0.08917	0.01193	0.01317	0.00891	0.00708	0.00484	0.00230	0.00579	0.00431	0.00498	0.00843
19	0.00904	0.00646	0.00861	0.01034	0.01077	0.00603	0.00689	0.01034	0.01421	0.01895	0.04092	0.73426	0.04910	0.02326	0.00948	0.00301	0.00431	0.02110	0.00689	0.00603
20	0.00904	0.00646	0.00861	0.01034	0.01077	0.00603	0.00689	0.01034	0.01421	0.01895	0.04092	0.73426	0.04910	0.02326	0.00948	0.00301	0.00431	0.02110	0.00689	0.00603
21	0.00923	0.00680	0.00865	0.00975	0.01070	0.00622	0.00672	0.01095	0.01567	0.02078	0.14578	0.52810	0.15073	0.02133	0.00926	0.00283	0.00410	0.01909	0.00709	0.00622
22	0.01088	0.00725	0.00825	0.00825	0.00858	0.00728	0.00492	0.01138	0.01148	0.01572	0.02574	0.04703	0.05833	0.61013	0.07989	0.00694	0.00765	0.01059	0.05483	0.00489
23	0.01711	0.01421	0.01631	0.01181	0.01832	0.01165	0.00951	0.10548	0.01800	0.02721	0.01381	0.01572	0.01121	0.00595	0.00576	0.00125	0.00585	0.00470	0.00480	0.68132
24	0.01216	0.00815	0.01057	0.01124	0.01311	0.00766	0.00904	0.01477	0.01701	0.06826	0.11096	0.17423	0.16917	0.05135	0.01073	0.00316	0.00549	0.28897	0.00705	0.00691
25	0.01142	0.00761	0.00951	0.00957	0.01120	0.00694	0.00691	0.01363	0.01728	0.06863	0.26563	0.24105	0.17056	0.08927	0.01178	0.00307	0.00444	0.03753	0.00725	0.00673
26	0.01061	0.00712	0.00815	0.00833	0.00838	0.00707	0.00475	0.01075	0.01116	0.01487	0.02524	0.12081	0.02932	0.66370	0.03480	0.00676	0.00689	0.01188	0.00475	0.00466
27	0.01771	0.01696	0.02893	0.14878	0.59478	0.01746	0.02245	0.02220	0.01659	0.02345	0.01385	0.01859	0.01147	0.00674	0.00736	0.00225	0.00898	0.00661	0.00362	0.01122
28	0.01280	0.01002	0.01177	0.01134	0.01248	0.03498	0.00811	0.06720	0.01428	0.01914	0.02535	0.14949	0.04873	0.28176	0.20652	0.00676	0.05681	0.01105	0.00497	0.00643

[dist]
# distance from previous block
# <min> <max>
0	1

[block]
# block no. 7 follows, 27 sequences, length 7
# corresponding to MSA columns:
# 316-322
name=unknown_H
#
# <colnr> <probs for GDERKNQSTAVLIFYWHMCP>
#	G	D	E	R	K	N	Q	S	T	A	V	L	I	F	Y	W	H	M	C	P
0	0.00945	0.00695	0.00891	0.01008	0.01111	0.00642	0.00717	0.01130	0.01574	0.02076	0.12663	0.48761	0.15094	0.02131	0.00935	0.00289	0.00435	0.07572	0.00705	0.00626
1	0.01572	0.01599	0.02795	0.15733	0.08401	0.01857	0.20006	0.01948	0.01446	0.02035	0.01495	0.08092	0.01380	0.01042	0.01408	0.00279	0.26814	0.00844	0.00375	0.00879
2	0.00991	0.00816	0.00989	0.01151	0.06499	0.00731	0.00757	0.01196	0.01638	0.02056	0.09192	0.19522	0.42284	0.04640	0.00998	0.00280	0.00453	0.04478	0.00661	0.00666
3	0.01279	0.00763	0.01059	0.01050	0.01133	0.00787	0.00753	0.04650	0.01315	0.01813	0.06730	0.10143	0.02290	0.02769	0.12939	0.42689	0.00811	0.03100	0.03416	0.00509
