[name]
unknown

[dist]
# distance from previous block
# <min> <max>
0	17

[block]
# block no. 0 follows, 29 sequences, length 12
# corresponding to MSA columns:
# 17-28
name=unknown_A
#
# <colnr> <probs for GDERKNQSTAVLIFYWHMCP>
#	G	D	E	R	K	N	Q	S	T	A	V	L	I	F	Y	W	H	M	C	P
0	0.01860	0.05467	0.03801	0.01730	0.10027	0.09200	0.01241	0.14196	0.01902	0.07957	0.02230	0.18890	0.02189	0.03085	0.00880	0.00242	0.03633	0.05026	0.00554	0.05892
1	0.04677	0.02297	0.15069	0.08279	0.07949	0.17924	0.04260	0.05656	0.01706	0.05006	0.01641	0.03666	0.04383	0.00830	0.00813	0.00214	0.06906	0.00633	0.00412	0.07677
2	0.01313	0.01227	0.05111	0.11524	0.02052	0.01080	0.03247	0.04319	0.06023	0.02156	0.02404	0.20957	0.05010	0.06833	0.00942	0.00247	0.00626	0.01011	0.00502	0.23414
3	0.01619	0.01943	0.13466	0.26661	0.24135	0.05625	0.01995	0.02332	0.10942	0.02202	0.01507	0.01864	0.01164	0.00719	0.00702	0.00225	0.00900	0.00630	0.00384	0.00985
4	0.01799	0.01489	0.01640	0.01550	0.04527	0.01692	0.01166	0.03596	0.60575	0.05684	0.02876	0.02873	0.02209	0.00998	0.00736	0.00244	0.00581	0.03946	0.00713	0.01108
5	0.01327	0.00664	0.00664	0.00664	0.00830	0.00664	0.00498	0.01659	0.01493	0.02655	0.02323	0.02655	0.01825	0.00830	0.00498	0.00166	0.00332	0.00664	0.78928	0.00664
6	0.01162	0.00795	0.01023	0.00944	0.01144	0.00749	0.00715	0.01581	0.05509	0.06419	0.63149	0.05030	0.06224	0.01400	0.00827	0.00225	0.00362	0.01233	0.00786	0.00724
7	0.01008	0.00728	0.00952	0.00896	0.01064	0.00672	0.00672	0.01344	0.02016	0.02855	0.70158	0.05319	0.06719	0.01456	0.00840	0.00224	0.00336	0.01288	0.00784	0.00672
8	0.00909	0.00658	0.00817	0.00906	0.00982	0.00612	0.00606	0.01043	0.01416	0.01873	0.11566	0.45129	0.13661	0.14768	0.01365	0.00345	0.00445	0.01696	0.00635	0.00566
9	0.71982	0.01586	0.01147	0.01030	0.01463	0.08912	0.00834	0.02171	0.01295	0.03044	0.01003	0.01170	0.00786	0.00669	0.00462	0.00217	0.00627	0.00393	0.00433	0.00777
10	0.80005	0.01377	0.01047	0.00936	0.01377	0.01597	0.00771	0.02093	0.01212	0.03195	0.00991	0.01157	0.00771	0.00661	0.00441	0.00220	0.00551	0.00386	0.00441	0.00771
11	0.01374	0.01322	0.02314	0.67205	0.04802	0.01601	0.07666	0.01859	0.01446	0.01859	0.01281	0.01900	0.00961	0.00702	0.00723	0.00238	0.00971	0.00651	0.00320	0.00806

[dist]
# distance from previous block
# <min> <max>
0	1

[block]
# block no. 1 follows, 29 sequences, length 25
# corresponding to MSA columns:
# 30-54
name=unknown_B
#
# <colnr> <probs for GDERKNQSTAVLIFYWHMCP>
#	G	D	E	R	K	N	Q	S	T	A	V	L	I	F	Y	W	H	M	C	P
0	0.64551	0.01550	0.01217	0.01074	0.01515	0.05931	0.00871	0.06453	0.06490	0.03172	0.01186	0.01312	0.00913	0.00701	0.00491	0.00219	0.00611	0.00438	0.00475	0.00829
1	0.01025	0.00694	0.00787	0.00783	0.00806	0.00685	0.00454	0.01058	0.01134	0.01515	0.07545	0.04805	0.05845	0.66283	0.03295	0.00636	0.00649	0.01075	0.00468	0.00457
2	0.01057	0.00745	0.00883	0.00898	0.01085	0.00670	0.00654	0.01308	0.03683	0.06468	0.16954	0.28433	0.30941	0.01798	0.00852	0.00252	0.00395	0.01565	0.00699	0.00661
3	0.80005	0.01377	0.01047	0.00936	0.01377	0.01597	0.00771	0.02093	0.01212	0.03195	0.00991	0.01157	0.00771	0.00661	0.00441	0.00220	0.00551	0.00386	0.00441	0.00771
4	0.01483	0.01407	0.02385	0.50478	0.26610	0.01618	0.02046	0.01940	0.01489	0.01987	0.01290	0.01853	0.01008	0.00686	0.00710	0.00229	0.00915	0.00633	0.00328	0.00902
5	0.02325	0.01592	0.01753	0.01385	0.01845	0.01702	0.01115	0.43063	0.04874	0.08742	0.01863	0.02061	0.01410	0.04969	0.00974	0.05351	0.00690	0.00662	0.08128	0.05495
6	0.00868	0.00620	0.00826	0.00991	0.01033	0.00578	0.00661	0.00991	0.01363	0.01818	0.03925	0.74510	0.04710	0.02231	0.00909	0.00289	0.00413	0.02024	0.00661	0.00578
7	0.01008	0.00728	0.00952	0.00896	0.01064	0.00672	0.00672	0.01344	0.02016	0.02855	0.70158	0.05319	0.06719	0.01456	0.00840	0.00224	0.00336	0.01288	0.00784	0.00672
8	0.01555	0.12477	0.05862	0.01217	0.01544	0.01376	0.01012	0.14967	0.03709	0.04722	0.06864	0.29624	0.02978	0.07603	0.00999	0.00275	0.00608	0.01198	0.00593	0.00815
9	0.01437	0.01397	0.02183	0.65013	0.09381	0.04963	0.01963	0.01894	0.01466	0.01851	0.01263	0.01860	0.00960	0.00708	0.00708	0.00233	0.00958	0.00625	0.00321	0.00816
10	0.00868	0.00620	0.00826	0.00991	0.01033	0.00578	0.00661	0.00991	0.01363	0.01818	0.03925	0.74510	0.04710	0.02231	0.00909	0.00289	0.00413	0.02024	0.00661	0.00578
11	0.00868	0.00620	0.00826	0.00991	0.01033	0.00578	0.00661	0.00991	0.01363	0.01818	0.03925	0.74510	0.04710	0.02231	0.00909	0.00289	0.00413	0.02024	0.00661	0.00578
12	0.01720	0.01738	0.08827	0.27156	0.32010	0.01665	0.04022	0.07065	0.01692	0.05258	0.01403	0.01814	0.01079	0.00691	0.00710	0.00223	0.00896	0.00634	0.00385	0.01011
13	0.00880	0.00634	0.00834	0.00973	0.01033	0.00588	0.00658	0.01026	0.01435	0.01920	0.10320	0.65499	0.07278	0.02142	0.00900	0.00281	0.00404	0.01936	0.00673	0.00588
14	0.63671	0.13658	0.01511	0.00988	0.01465	0.01772	0.00849	0.02087	0.01262	0.02905	0.01003	0.01168	0.00807	0.00647	0.00447	0.00204	0.00585	0.00386	0.00417	0.04168
15	0.07091	0.07620	0.02356	0.02041	0.07584	0.44097	0.07500	0.04355	0.01836	0.01995	0.01141	0.01395	0.00949	0.00743	0.00769	0.00201	0.06569	0.00515	0.00371	0.00871
16	0.01242	0.00621	0.00912	0.00912	0.00922	0.00621	0.00611	0.00971	0.00961	0.01320	0.01301	0.02193	0.01271	0.02377	0.02649	0.74631	0.00602	0.00621	0.04931	0.00330
17	0.01030	0.00910	0.00893	0.00862	0.01122	0.03037	0.00652	0.01454	0.10234	0.02121	0.11185	0.06029	0.54649	0.01637	0.00820	0.00238	0.00414	0.01365	0.00669	0.00680
18	0.01008	0.00728	0.00952	0.00896	0.01064	0.00672	0.00672	0.01344	0.02016	0.02855	0.70158	0.05319	0.06719	0.01456	0.00840	0.00224	0.00336	0.01288	0.00784	0.00672
19	0.01345	0.01266	0.02136	0.73264	0.04904	0.01582	0.01978	0.01819	0.01424	0.01819	0.01266	0.01898	0.00949	0.00712	0.00712	0.00237	0.00949	0.00633	0.00316	0.00791
20	0.00949	0.00726	0.00871	0.00834	0.01028	0.00647	0.00626	0.01230	0.01877	0.02527	0.47992	0.05859	0.29089	0.01578	0.00840	0.00230	0.00345	0.01363	0.00741	0.00647
21	0.03007	0.01207	0.01616	0.01260	0.01784	0.01071	0.01033	0.03387	0.05988	0.63766	0.06035	0.02576	0.02024	0.00914	0.00722	0.00222	0.00591	0.00749	0.00867	0.01181
22	0.06855	0.70711	0.03561	0.01201	0.01799	0.02740	0.01190	0.02130	0.01432	0.01772	0.00990	0.01143	0.00905	0.00612	0.00456	0.00157	0.00748	0.00381	0.00313	0.00905
23	0.02604	0.01920	0.02077	0.01608	0.02151	0.02128	0.01325	0.64098	0.03214	0.04316	0.01722	0.01776	0.01246	0.01127	0.05050	0.00270	0.00852	0.00648	0.00692	0.01176
24	0.08159	0.03699	0.01537	0.01218	0.01636	0.01331	0.00963	0.11026	0.13622	0.25561	0.02560	0.07205	0.04023	0.09676	0.01038	0.00276	0.00609	0.00819	0.00686	0.04357

[dist]
# distance from previous block
# <min> <max>
0	1

[block]
# block no. 2 follows, 29 sequences, length 8
# corresponding to MSA columns:
# 56-63
name=unknown_C
#
# <colnr> <probs for GDERKNQSTAVLIFYWHMCP>
#	G	D	E	R	K	N	Q	S	T	A	V	L	I	F	Y	W	H	M	C	P
0	0.01627	0.01673	0.02632	0.06493	0.05960	0.05265	0.21692	0.01996	0.01469	0.02088	0.01227	0.01664	0.01021	0.00766	0.01126	0.00218	0.20084	0.00628	0.00361	0.22010
1	0.05640	0.01915	0.02162	0.01702	0.02235	0.04892	0.07482	0.42274	0.17712	0.03781	0.01894	0.01900	0.01383	0.00843	0.00713	0.00221	0.00784	0.00678	0.00657	0.01135
2	0.00864	0.00635	0.00811	0.00951	0.01022	0.00582	0.00643	0.00996	0.01402	0.01833	0.04414	0.64443	0.14462	0.02167	0.00899	0.00282	0.00405	0.01947	0.00661	0.00582
3	0.01679	0.08787	0.06890	0.04755	0.02978	0.04592	0.35182	0.02113	0.01489	0.02030	0.01231	0.01701	0.01005	0.00794	0.01203	0.00249	0.21387	0.00700	0.00337	0.00899
4	0.00892	0.00635	0.00835	0.00968	0.01018	0.00595	0.00646	0.01028	0.01402	0.01885	0.10018	0.63179	0.04751	0.07203	0.01091	0.00311	0.00425	0.01887	0.00657	0.00577
5	0.01739	0.46427	0.17473	0.01511	0.02096	0.02454	0.01577	0.02078	0.01391	0.01803	0.01039	0.01296	0.00915	0.00745	0.00861	0.00198	0.14718	0.00457	0.00305	0.00917
6	0.01597	0.08708	0.14092	0.01391	0.01952	0.05639	0.01307	0.01951	0.01473	0.04373	0.01454	0.07298	0.01306	0.00810	0.00814	0.00180	0.09711	0.00601	0.00407	0.34935
7	0.09587	0.01758	0.01959	0.05561	0.06363	0.01951	0.01323	0.45128	0.08067	0.03807	0.01826	0.06209	0.01442	0.00909	0.00700	0.00222	0.00734	0.00714	0.00641	0.01097

[dist]
# distance from previous block
# <min> <max>
0	5

[block]
# block no. 3 follows, 29 sequences, length 44
# corresponding to MSA columns:
# 69-112
name=unknown_D
#
# <colnr> <probs for GDERKNQSTAVLIFYWHMCP>
#	G	D	E	R	K	N	Q	S	T	A	V	L	I	F	Y	W	H	M	C	P
0	0.02632	0.01871	0.02035	0.01580	0.02119	0.02048	0.01296	0.60556	0.03159	0.08275	0.01899	0.05843	0.01440	0.00934	0.00724	0.00218	0.00752	0.00723	0.00719	0.01175
1	0.01136	0.00770	0.00971	0.00990	0.01147	0.00709	0.00702	0.03730	0.01594	0.06198	0.14631	0.43883	0.09257	0.05238	0.00979	0.00276	0.00441	0.01601	0.00672	0.05075
2	0.00876	0.00626	0.00834	0.00986	0.01035	0.00584	0.00662	0.01013	0.01404	0.01882	0.08040	0.70211	0.04834	0.02183	0.00905	0.00285	0.00408	0.01979	0.00669	0.00584
3	0.02433	0.04388	0.06344	0.01496	0.01993	0.11552	0.01261	0.32111	0.02473	0.14704	0.04888	0.02191	0.01617	0.08151	0.00985	0.00257	0.00811	0.00680	0.00628	0.01036
4	0.01752	0.32711	0.10172	0.10117	0.06153	0.02204	0.10933	0.02125	0.01465	0.04398	0.01191	0.01511	0.00985	0.00724	0.00838	0.00209	0.10701	0.00547	0.00338	0.00924
5	0.03129	0.01317	0.01717	0.01317	0.01870	0.01202	0.01088	0.12140	0.02214	0.62109	0.02662	0.02328	0.01689	0.00878	0.00716	0.00219	0.00630	0.00706	0.00859	0.01212
6	0.00879	0.00654	0.00819	0.00923	0.01022	0.00594	0.00637	0.01041	0.01497	0.01966	0.12651	0.51891	0.18733	0.02047	0.00886	0.00271	0.00393	0.01825	0.00676	0.00594
7	0.02515	0.01967	0.05243	0.01579	0.02142	0.02053	0.01345	0.59619	0.03115	0.04204	0.01939	0.01948	0.04030	0.00884	0.00707	0.00213	0.00760	0.00672	0.03908	0.01156
8	0.02620	0.06625	0.02176	0.01604	0.02148	0.08566	0.01322	0.51836	0.06758	0.06684	0.01721	0.01718	0.01242	0.00836	0.00691	0.00209	0.00808	0.00620	0.00663	0.01153
9	0.67952	0.01400	0.01183	0.02878	0.01549	0.01595	0.00857	0.06151	0.01403	0.07979	0.01169	0.01298	0.00872	0.00689	0.00483	0.00220	0.00579	0.00430	0.00485	0.00829
10	0.01385	0.01352	0.02371	0.57090	0.04433	0.01611	0.10920	0.01848	0.01447	0.01880	0.01481	0.02057	0.03410	0.00765	0.00825	0.00242	0.05049	0.00691	0.00334	0.00807
11	0.03195	0.01212	0.01652	0.01267	0.01818	0.01047	0.01047	0.03470	0.02038	0.71026	0.02809	0.02424	0.01763	0.00881	0.00716	0.00220	0.00606	0.00716	0.00881	0.01212
12	0.02652	0.02066	0.05082	0.01655	0.02245	0.02185	0.01408	0.65352	0.03269	0.04393	0.01691	0.01701	0.01198	0.00847	0.00711	0.00214	0.00795	0.00636	0.00695	0.01204
13	0.01038	0.00742	0.01053	0.01059	0.01171	0.00838	0.00798	0.01264	0.01166	0.01705	0.02050	0.05533	0.01982	0.13026	0.56074	0.00985	0.01590	0.00832	0.06482	0.00612
14	0.01232	0.00972	0.01242	0.01150	0.01177	0.01179	0.00841	0.01339	0.01132	0.01679	0.01912	0.07601	0.02053	0.34881	0.05100	0.00494	0.24745	0.00906	0.09775	0.00590
15	0.04481	0.01518	0.02040	0.01677	0.01912	0.04631	0.08231	0.06838	0.01480	0.05093	0.01373	0.01805	0.01156	0.01147	0.04088	0.00284	0.35419	0.00635	0.10863	0.05328
16	0.00962	0.00705	0.00902	0.00896	0.01047	0.00645	0.00656	0.01238	0.01842	0.02547	0.50085	0.19423	0.13105	0.01649	0.00854	0.00239	0.00354	0.01459	0.00746	0.00645
17	0.01904	0.75404	0.03731	0.01218	0.01828	0.02818	0.01218	0.02132	0.01447	0.01675	0.00990	0.01142	0.00914	0.00609	0.00457	0.00152	0.00761	0.00381	0.00305	0.00914
18	0.00979	0.00706	0.00926	0.00915	0.01057	0.00653	0.00670	0.01272	0.01883	0.02644	0.56671	0.19408	0.06310	0.01614	0.00854	0.00237	0.00352	0.01438	0.00759	0.00653
19	0.01352	0.01240	0.01908	0.51898	0.03898	0.01515	0.01685	0.01971	0.10226	0.01969	0.01904	0.08212	0.03984	0.00937	0.00811	0.00246	0.04224	0.00803	0.00411	0.00809
20	0.01956	0.54631	0.03242	0.01366	0.01869	0.09080	0.01265	0.05835	0.01565	0.01847	0.01104	0.02972	0.01023	0.00744	0.00708	0.00180	0.08903	0.00468	0.00343	0.00899
21	0.01577	0.01475	0.02364	0.11319	0.40191	0.01531	0.04371	0.02189	0.10359	0.02319	0.05234	0.02508	0.07025	0.00984	0.03274	0.00256	0.00811	0.00769	0.00443	0.01002
22	0.02277	0.08524	0.02092	0.05491	0.02135	0.01934	0.01260	0.39719	0.02539	0.06332	0.01612	0.01729	0.01201	0.00811	0.00751	0.00200	0.05102	0.00596	0.06072	0.09624
23	0.01891	0.01965	0.03049	0.10318	0.03157	0.11209	0.33644	0.12886	0.01944	0.02498	0.03994	0.03581	0.01350	0.00772	0.00852	0.00232	0.04522	0.00767	0.00433	0.00936
24	0.00877	0.00711	0.00779	0.00786	0.00990	0.00612	0.00580	0.01082	0.01671	0.02095	0.19219	0.14271	0.50271	0.01784	0.00849	0.00243	0.00362	0.01520	0.00685	0.00612
25	0.01135	0.00811	0.01032	0.04043	0.04186	0.00746	0.00761	0.01388	0.01737	0.07060	0.28301	0.12169	0.28146	0.04167	0.00927	0.00253	0.00431	0.01333	0.00684	0.00691
26	0.06454	0.01717	0.02619	0.07656	0.40015	0.05595	0.09132	0.02360	0.06737	0.05152	0.01486	0.01807	0.01180	0.00673	0.00695	0.00213	0.00853	0.00639	0.00410	0.04607
27	0.02376	0.01031	0.01390	0.01128	0.01536	0.00906	0.00906	0.02674	0.02030	0.45516	0.28012	0.03507	0.03617	0.01096	0.00762	0.00222	0.00505	0.00930	0.00845	0.01010
28	0.01041	0.00851	0.00938	0.00937	0.01156	0.00824	0.00692	0.01571	0.14241	0.02214	0.13553	0.20306	0.35643	0.01695	0.00834	0.00249	0.00407	0.01457	0.00688	0.00703
29	0.04601	0.17437	0.42091	0.02038	0.09456	0.05570	0.02122	0.04929	0.01595	0.02247	0.01225	0.01442	0.00935	0.00669	0.00627	0.00207	0.00957	0.00504	0.00332	0.01017
30	0.80005	0.01377	0.01047	0.00936	0.01377	0.01597	0.00771	0.02093	0.01212	0.03195	0.00991	0.01157	0.00771	0.00661	0.00441	0.00220	0.00551	0.00386	0.00441	0.00771
31	0.02852	0.01762	0.01993	0.01528	0.02092	0.01863	0.01262	0.48962	0.02959	0.24233	0.02036	0.01921	0.01375	0.00863	0.00713	0.00216	0.00731	0.00663	0.00762	0.01211
32	0.02349	0.07514	0.02230	0.01609	0.02133	0.02055	0.05210	0.47850	0.06964	0.03760	0.01743	0.01852	0.01303	0.01210	0.06799	0.00291	0.00878	0.00654	0.02490	0.01106
33	0.01162	0.00790	0.01011	0.00933	0.01137	0.00738	0.00707	0.01558	0.04862	0.06852	0.60372	0.05106	0.09194	0.01417	0.00828	0.00225	0.00363	0.01243	0.00781	0.00720
34	0.01008	0.00728	0.00952	0.00896	0.01064	0.00672	0.00672	0.01344	0.02016	0.02855	0.70158	0.05319	0.06719	0.01456	0.00840	0.00224	0.00336	0.01288	0.00784	0.00672
35	0.01036	0.00690	0.00777	0.00777	0.00777	0.00690	0.00431	0.01036	0.01036	0.01381	0.02244	0.04660	0.02589	0.74975	0.03624	0.00690	0.00690	0.01036	0.00431	0.00431
36	0.01071	0.00834	0.01209	0.01175	0.01283	0.00990	0.00910	0.01303	0.01186	0.01715	0.06075	0.02962	0.02060	0.09564	0.56047	0.00973	0.08801	0.00801	0.00403	0.00638
37	0.01191	0.00872	0.01147	0.01251	0.01423	0.00893	0.01051	0.01653	0.08268	0.02179	0.06986	0.07032	0.03897	0.08952	0.01208	0.00349	0.00633	0.49684	0.00647	0.00681
38	0.10305	0.48480	0.21186	0.01401	0.02108	0.02379	0.01541	0.02160	0.01436	0.01993	0.01066	0.01239	0.00895	0.00633	0.00513	0.00179	0.00815	0.00419	0.00318	0.00935
39	0.04795	0.06966	0.05589	0.03864	0.01837	0.01338	0.01109	0.11094	0.04650	0.21632	0.17295	0.02713	0.02584	0.01116	0.03602	0.00245	0.00661	0.00765	0.00660	0.07485
40	0.01973	0.11796	0.08094	0.11121	0.02363	0.01752	0.01393	0.14334	0.17099	0.11424	0.05599	0.02504	0.01851	0.00912	0.00700	0.00224	0.00724	0.04527	0.00592	0.01020
41	0.15055	0.56662	0.03036	0.01137	0.01684	0.02430	0.01092	0.02047	0.01438	0.01992	0.04096	0.01556	0.04032	0.00703	0.00486	0.00170	0.00692	0.00466	0.00362	0.00867
42	0.01595	0.01107	0.01298	0.01200	0.01458	0.01140	0.00903	0.20883	0.04882	0.07022	0.07916	0.38486	0.05924	0.01623	0.00825	0.00255	0.00532	0.01418	0.00701	0.00833
43	0.01719	0.12298	0.02002	0.10154	0.02110	0.11707	0.03565	0.09863	0.01641	0.02095	0.01452	0.01925	0.01241	0.01943	0.17227	0.07028	0.04064	0.00605	0.04805	0.02557

[dist]
# distance from previous block
# <min> <max>
0	1

[block]
# block no. 4 follows, 29 sequences, length 44
# corresponding to MSA columns:
# 114-157
name=unknown_E
#
# <colnr> <probs for GDERKNQSTAVLIFYWHMCP>
#	G	D	E	R	K	N	Q	S	T	A	V	L	I	F	Y	W	H	M	C	P
0	0.06935	0.01741	0.01895	0.03430	0.02089	0.08027	0.05601	0.22429	0.20131	0.10278	0.06431	0.02345	0.03652	0.00907	0.00713	0.00223	0.00730	0.00737	0.00655	0.01050
1	0.01703	0.13728	0.02231	0.01619	0.01818	0.12798	0.03264	0.01904	0.01352	0.01792	0.01286	0.05095	0.01230	0.01345	0.06327	0.00310	0.35206	0.00644	0.05561	0.00786
2	0.01968	0.69313	0.03586	0.01270	0.01859	0.08678	0.01232	0.02192	0.01495	0.01681	0.00999	0.01154	0.00914	0.00620	0.00473	0.00155	0.00806	0.00387	0.00310	0.00906
3	0.01052	0.00743	0.00885	0.00857	0.00932	0.00738	0.00544	0.01126	0.01111	0.01516	0.02353	0.04226	0.05524	0.54426	0.15264	0.00710	0.00877	0.00969	0.00433	0.05713
4	0.01026	0.00738	0.01031	0.01037	0.01131	0.00825	0.00760	0.01217	0.01136	0.01622	0.02068	0.05632	0.02074	0.21902	0.51156	0.00978	0.01518	0.00868	0.02697	0.00585
5	0.06746	0.06146	0.01552	0.01342	0.03341	0.11748	0.01021	0.06744	0.05332	0.02184	0.05119	0.11666	0.13068	0.01908	0.12357	0.00379	0.07124	0.00940	0.00509	0.00774
6	0.05426	0.01033	0.01053	0.00922	0.01203	0.01097	0.00726	0.18436	0.01947	0.03142	0.02105	0.02345	0.01620	0.00828	0.00549	0.00181	0.00456	0.00645	0.55478	0.00807
7	0.01017	0.00763	0.01144	0.01144	0.01272	0.00890	0.00890	0.01272	0.01144	0.01653	0.01907	0.02797	0.01780	0.05340	0.72153	0.01144	0.01907	0.00763	0.00381	0.00636
8	0.01571	0.01381	0.01993	0.07452	0.27199	0.01474	0.01580	0.02442	0.21577	0.02431	0.02446	0.03717	0.02221	0.01095	0.00786	0.00253	0.00719	0.18144	0.00541	0.00978
9	0.00980	0.00813	0.00849	0.00856	0.01026	0.03576	0.00612	0.01165	0.01618	0.02045	0.19866	0.17001	0.34957	0.10046	0.01159	0.00293	0.00439	0.01443	0.00650	0.00603
10	0.00876	0.00715	0.00775	0.00777	0.00988	0.00613	0.00576	0.01083	0.01680	0.02099	0.19395	0.11925	0.52480	0.01769	0.00847	0.00241	0.00360	0.01502	0.00685	0.00613
11	0.00991	0.00727	0.00929	0.00878	0.01054	0.00665	0.00659	0.01312	0.01976	0.02762	0.63872	0.05472	0.13062	0.01490	0.00840	0.00226	0.00338	0.01309	0.00772	0.00665
12	0.01627	0.01834	0.03978	0.02868	0.03543	0.01720	0.63480	0.02195	0.01660	0.02250	0.01605	0.06740	0.01321	0.00708	0.00845	0.00243	0.01148	0.00919	0.00380	0.00935
13	0.80005	0.01377	0.01047	0.00936	0.01377	0.01597	0.00771	0.02093	0.01212	0.03195	0.00991	0.01157	0.00771	0.00661	0.00441	0.00220	0.00551	0.00386	0.00441	0.00771
14	0.02690	0.01225	0.01572	0.01265	0.01747	0.01151	0.01024	0.03314	0.15301	0.50609	0.09729	0.02766	0.02352	0.00957	0.00730	0.00225	0.00570	0.00792	0.00840	0.01140
15	0.01693	0.01621	0.02764	0.15858	0.59591	0.01674	0.02151	0.02124	0.01588	0.02242	0.01327	0.01785	0.01098	0.00647	0.00706	0.00216	0.00863	0.00634	0.00346	0.01072
16	0.02660	0.03394	0.02018	0.01834	0.02201	0.72116	0.01376	0.02843	0.02018	0.01743	0.01101	0.01284	0.00917	0.00734	0.00642	0.00183	0.01284	0.00459	0.00367	0.00825
17	0.00975	0.00727	0.00906	0.00861	0.01044	0.00658	0.00646	0.01280	0.01938	0.02671	0.57725	0.05622	0.19266	0.01524	0.00840	0.00227	0.00341	0.01330	0.00760	0.00658
18	0.00856	0.00722	0.00741	0.00736	0.00970	0.00607	0.00552	0.01049	0.01656	0.02002	0.12530	0.06723	0.64879	0.01774	0.00841	0.00239	0.00359	0.01485	0.00672	0.00607
19	0.04656	0.05454	0.02021	0.01630	0.02092	0.30078	0.01290	0.24325	0.11698	0.07411	0.01653	0.01679	0.01238	0.00808	0.00668	0.00204	0.00935	0.00578	0.00563	0.01021
20	0.03179	0.01237	0.01668	0.01279	0.01830	0.01084	0.01056	0.05530	0.02080	0.68908	0.02774	0.02401	0.01745	0.00880	0.00716	0.00220	0.00612	0.00714	0.00876	0.01212
21	0.01327	0.00664	0.00664	0.00664	0.00830	0.00664	0.00498	0.01659	0.01493	0.02655	0.02323	0.02655	0.01825	0.00830	0.00498	0.00166	0.00332	0.00664	0.78928	0.00664
22	0.01430	0.01406	0.02597	0.52145	0.04422	0.01597	0.18722	0.01930	0.01492	0.01974	0.01357	0.01938	0.01021	0.00689	0.00735	0.00235	0.00986	0.00687	0.03809	0.00829
23	0.01475	0.09075	0.63368	0.02008	0.03013	0.01748	0.05220	0.02247	0.01506	0.02212	0.01263	0.01493	0.00910	0.00668	0.00667	0.00221	0.01036	0.00528	0.00303	0.01038
24	0.01566	0.00923	0.01000	0.04305	0.01268	0.00976	0.00722	0.13263	0.01795	0.02886	0.02128	0.02437	0.01656	0.00885	0.00624	0.02902	0.00450	0.00657	0.58803	0.00753
25	0.15386	0.01585	0.02477	0.12114	0.50499	0.01662	0.01913	0.02125	0.01526	0.02417	0.01270	0.01673	0.01044	0.00648	0.00660	0.00216	0.00807	0.00591	0.00364	0.01025
26	0.01008	0.00728	0.00952	0.00896	0.01064	0.00672	0.00672	0.01344	0.02016	0.02855	0.70158	0.05319	0.06719	0.01456	0.00840	0.00224	0.00336	0.01288	0.00784	0.00672
27	0.04876	0.01496	0.02489	0.33810	0.39441	0.01641	0.02037	0.02024	0.01519	0.02145	0.01293	0.01795	0.01036	0.00669	0.00697	0.00223	0.00878	0.00623	0.00341	0.00968
28	0.01519	0.01471	0.02365	0.49523	0.25064	0.04065	0.02021	0.01968	0.01505	0.01973	0.01283	0.01835	0.01003	0.00689	0.00707	0.00227	0.00929	0.00627	0.00329	0.00896
29	0.00868	0.00620	0.00826	0.00991	0.01033	0.00578	0.00661	0.00991	0.01363	0.01818	0.03925	0.74510	0.04710	0.02231	0.00909	0.00289	0.00413	0.02024	0.00661	0.00578
30	0.00870	0.00709	0.00770	0.00783	0.00987	0.00609	0.00577	0.01067	0.01650	0.02053	0.16422	0.15342	0.52072	0.01805	0.00850	0.00244	0.00364	0.01537	0.00680	0.00609
31	0.01018	0.00760	0.01127	0.01127	0.01248	0.00881	0.00869	0.01260	0.01139	0.01640	0.01923	0.02885	0.01818	0.08612	0.68934	0.01123	0.01850	0.00776	0.00384	0.00626
32	0.02564	0.03250	0.02231	0.01948	0.02350	0.65246	0.07880	0.02788	0.01985	0.01795	0.01134	0.01346	0.00933	0.00721	0.00661	0.00189	0.01276	0.00496	0.00366	0.00839
33	0.02707	0.01995	0.02137	0.01638	0.02208	0.02208	0.01353	0.68159	0.03348	0.04488	0.01710	0.01710	0.01211	0.00855	0.00712	0.00214	0.00784	0.00641	0.00712	0.01211
34	0.02431	0.01857	0.01982	0.01583	0.02103	0.02079	0.01287	0.49181	0.22775	0.04043	0.02060	0.01989	0.01495	0.00888	0.00716	0.00222	0.00719	0.00689	0.00716	0.01186
35	0.03195	0.01212	0.01652	0.01267	0.01818	0.01047	0.01047	0.03470	0.02038	0.71026	0.02809	0.02424	0.01763	0.00881	0.00716	0.00220	0.00606	0.00716	0.00881	0.01212
36	0.01871	0.70485	0.08364	0.01274	0.01914	0.02738	0.01315	0.02141	0.01451	0.01715	0.01010	0.01167	0.00913	0.00614	0.00472	0.00157	0.00781	0.00391	0.00304	0.00923
37	0.01002	0.00723	0.00947	0.00900	0.01062	0.00668	0.00671	0.01329	0.01988	0.02812	0.67370	0.08231	0.06634	0.01488	0.00843	0.00227	0.00339	0.01319	0.00779	0.00668
38	0.00988	0.00725	0.00910	0.00865	0.01031	0.00664	0.00639	0.01281	0.01899	0.02636	0.57444	0.05475	0.14725	0.06382	0.01025	0.00257	0.00363	0.01299	0.00744	0.00647
39	0.01078	0.00738	0.00857	0.00872	0.00911	0.00739	0.00534	0.04383	0.01232	0.01643	0.02629	0.21640	0.03040	0.53430	0.02813	0.00568	0.00627	0.01258	0.00502	0.00506
40	0.02069	0.59658	0.03357	0.01353	0.01909	0.17970	0.01253	0.02288	0.01572	0.01690	0.01014	0.01173	0.00915	0.00636	0.00497	0.00159	0.00876	0.00398	0.00318	0.00894
41	0.60261	0.01494	0.01280	0.01086	0.01547	0.01706	0.00894	0.16922	0.01700	0.03469	0.01193	0.01326	0.00902	0.00710	0.00503	0.00217	0.00596	0.00451	0.02874	0.00867
42	0.01963	0.01380	0.01564	0.01320	0.01641	0.01490	0.01018	0.37923	0.02347	0.03142	0.02064	0.15544	0.01959	0.06351	0.01351	0.15877	0.00676	0.00920	0.00605	0.00863
43	0.01567	0.01747	0.06020	0.13497	0.03119	0.01916	0.27500	0.01975	0.01391	0.01975	0.01199	0.01750	0.00992	0.00886	0.01427	0.00268	0.30873	0.00705	0.00331	0.00864

[dist]
# distance from previous block
# <min> <max>
0	3

[block]
# block no. 5 follows, 29 sequences, length 102
# corresponding to MSA columns:
# 161-262
name=unknown_F
#
# <colnr> <probs for GDERKNQSTAVLIFYWHMCP>
#	G	D	E	R	K	N	Q	S	T	A	V	L	I	F	Y	W	H	M	C	P
0	0.18774	0.21081	0.02249	0.01600	0.06170	0.32107	0.01224	0.02386	0.01660	0.02078	0.01317	0.01481	0.03766	0.00725	0.00564	0.00187	0.00930	0.00477	0.00378	0.00846
1	0.80005	0.01377	0.01047	0.00936	0.01377	0.01597	0.00771	0.02093	0.01212	0.03195	0.00991	0.01157	0.00771	0.00661	0.00441	0.00220	0.00551	0.00386	0.00441	0.00771
2	0.01965	0.65653	0.05844	0.01309	0.01908	0.09825	0.01282	0.02209	0.01507	0.01702	0.01011	0.01169	0.00914	0.00624	0.00483	0.00158	0.00824	0.00394	0.00311	0.00910
3	0.01454	0.03529	0.65979	0.02211	0.08316	0.01657	0.02596	0.02250	0.01513	0.02261	0.01283	0.01523	0.00920	0.00673	0.00679	0.00224	0.01036	0.00535	0.00305	0.01058
4	0.02470	0.01856	0.02038	0.05777	0.02288	0.02069	0.01342	0.55720	0.09322	0.04090	0.01879	0.04570	0.01418	0.00909	0.00721	0.00221	0.00759	0.00708	0.00688	0.01155
5	0.00983	0.00701	0.00907	0.01033	0.01104	0.00677	0.00719	0.03748	0.01445	0.01922	0.03687	0.59386	0.04339	0.07916	0.01124	0.00322	0.00474	0.08269	0.00644	0.00600
6	0.01785	0.01307	0.01628	0.12227	0.02218	0.01235	0.01108	0.06930	0.10583	0.11993	0.01881	0.06107	0.01508	0.00785	0.00643	0.00178	0.00619	0.00654	0.00544	0.36067
7	0.01123	0.00795	0.01141	0.09619	0.01594	0.00910	0.00921	0.01417	0.01266	0.01910	0.01995	0.05093	0.01791	0.03642	0.44675	0.00781	0.01379	0.00767	0.18524	0.00659
8	0.01857	0.01390	0.01679	0.03517	0.03894	0.01248	0.01048	0.13193	0.01833	0.09788	0.01512	0.01676	0.01171	0.00789	0.02710	0.00179	0.02801	0.00518	0.00509	0.48688
9	0.07705	0.00965	0.01166	0.01089	0.01250	0.01026	0.00791	0.12573	0.05414	0.02133	0.01806	0.13111	0.01782	0.01931	0.01840	0.42929	0.00606	0.00830	0.00466	0.00587
10	0.01764	0.01717	0.02821	0.08284	0.64737	0.03745	0.02150	0.02183	0.01622	0.02280	0.01328	0.01756	0.01111	0.00642	0.00704	0.00212	0.00865	0.00629	0.00351	0.01100
11	0.01076	0.00752	0.00880	0.00866	0.00917	0.00776	0.00541	0.01253	0.05301	0.01622	0.07518	0.04391	0.02798	0.57349	0.10502	0.00675	0.00784	0.01012	0.00471	0.00514
12	0.01563	0.14650	0.16328	0.01846	0.06258	0.01599	0.14033	0.02114	0.05867	0.05230	0.11299	0.09508	0.02266	0.00935	0.00717	0.00218	0.00787	0.00846	0.00475	0.03461
13	0.02338	0.34487	0.02781	0.01537	0.02040	0.31287	0.01304	0.12533	0.01973	0.02134	0.01146	0.01288	0.00961	0.00698	0.00572	0.00175	0.00980	0.00453	0.00393	0.00923
14	0.01223	0.00866	0.01205	0.01367	0.03787	0.00861	0.01117	0.01597	0.03656	0.04214	0.10260	0.09271	0.04154	0.01818	0.00942	0.00307	0.00619	0.51369	0.00667	0.00701
15	0.00938	0.00660	0.00878	0.00988	0.01069	0.00631	0.00698	0.01127	0.01483	0.02041	0.14932	0.51360	0.04710	0.02201	0.05041	0.00325	0.00498	0.05568	0.04245	0.00606
16	0.01909	0.01566	0.01606	0.01377	0.01794	0.03757	0.01089	0.21894	0.35496	0.03204	0.03160	0.03000	0.12525	0.01054	0.00730	0.00229	0.00610	0.00852	0.03102	0.01046
17	0.01846	0.66714	0.11916	0.01317	0.01980	0.02677	0.01390	0.02147	0.01454	0.01746	0.01025	0.01186	0.00912	0.00617	0.00484	0.00161	0.00797	0.00398	0.00304	0.00931
18	0.00916	0.00649	0.00834	0.00962	0.01010	0.00615	0.00644	0.01031	0.01328	0.01759	0.03709	0.54954	0.06457	0.15870	0.01422	0.00365	0.00479	0.05822	0.00618	0.00556
19	0.01713	0.01641	0.02801	0.12521	0.62769	0.01679	0.02161	0.02142	0.01598	0.02266	0.01331	0.01778	0.01107	0.00644	0.00706	0.00215	0.00858	0.00634	0.00348	0.01088
20	0.03023	0.01172	0.01590	0.01233	0.01746	0.01018	0.01007	0.03289	0.01996	0.65561	0.05340	0.02626	0.01985	0.03967	0.00841	0.00240	0.00599	0.00751	0.00859	0.01159
21	0.01674	0.01900	0.04084	0.02935	0.03613	0.01823	0.64070	0.02248	0.01646	0.02248	0.01411	0.01900	0.01072	0.00638	0.00928	0.00244	0.05432	0.00828	0.00357	0.00950
22	0.03195	0.01212	0.01652	0.01267	0.01818	0.01047	0.01047	0.03470	0.02038	0.71026	0.02809	0.02424	0.01763	0.00881	0.00716	0.00220	0.00606	0.00716	0.00881	0.01212
23	0.01428	0.03683	0.71286	0.02030	0.03082	0.01654	0.02631	0.02255	0.01503	0.02255	0.01278	0.01503	0.00902	0.00677	0.00677	0.00226	0.01052	0.00526	0.00301	0.01052
24	0.11813	0.01281	0.01615	0.01254	0.01793	0.01183	0.01035	0.07473	0.02029	0.59110	0.02534	0.02235	0.01616	0.00855	0.00685	0.00220	0.00611	0.00674	0.00821	0.01162
25	0.00868	0.00620	0.00826	0.00991	0.01033	0.00578	0.00661	0.00991	0.01363	0.01818	0.03925	0.74510	0.04710	0.02231	0.00909	0.00289	0.00413	0.02024	0.00661	0.00578
26	0.00944	0.00725	0.00863	0.00829	0.01025	0.00645	0.00622	0.01220	0.01865	0.02497	0.45942	0.05909	0.31158	0.01589	0.00841	0.00230	0.00345	0.01370	0.00737	0.00645
27	0.01042	0.00835	0.01246	0.07238	0.11979	0.00828	0.00999	0.01240	0.01408	0.01896	0.03318	0.57618	0.03863	0.01866	0.00862	0.00273	0.00522	0.01701	0.00586	0.00679
28	0.01381	0.01132	0.01204	0.03596	0.01354	0.06521	0.00807	0.09615	0.01635	0.02143	0.13814	0.11334	0.05313	0.30549	0.02004	0.00418	0.04917	0.01067	0.00542	0.00653
29	0.03044	0.01209	0.01626	0.01257	0.01785	0.01064	0.01034	0.05594	0.02082	0.64533	0.06896	0.02576	0.02047	0.00916	0.00724	0.00220	0.00596	0.00748	0.00869	0.01179
30	0.02660	0.03394	0.02018	0.01834	0.02201	0.72116	0.01376	0.02843	0.02018	0.01743	0.01101	0.01284	0.00917	0.00734	0.00642	0.00183	0.01284	0.00459	0.00367	0.00825
31	0.02264	0.41139	0.02916	0.01512	0.02005	0.35792	0.01293	0.02471	0.01719	0.01707	0.01043	0.01210	0.00915	0.00668	0.00545	0.00167	0.01010	0.00418	0.00334	0.00872
32	0.01331	0.00957	0.01210	0.12031	0.01798	0.00964	0.00948	0.01639	0.03943	0.11258	0.04966	0.05089	0.39850	0.01458	0.00903	0.00247	0.05111	0.04934	0.00618	0.00745
33	0.01904	0.75404	0.03731	0.01218	0.01828	0.02818	0.01218	0.02132	0.01447	0.01675	0.00990	0.01142	0.00914	0.00609	0.00457	0.00152	0.00761	0.00381	0.00305	0.00914
34	0.72870	0.06005	0.01204	0.00946	0.01390	0.01648	0.00791	0.02083	0.01235	0.03084	0.01029	0.01198	0.00810	0.00663	0.00443	0.00215	0.00558	0.00393	0.02657	0.00777
35	0.00878	0.00628	0.00836	0.00984	0.01035	0.00586	0.00662	0.01019	0.01414	0.01898	0.09064	0.69142	0.04865	0.02171	0.00904	0.00284	0.00407	0.01967	0.00671	0.00586
36	0.00885	0.00638	0.00839	0.00969	0.01034	0.00592	0.00658	0.01039	0.01459	0.01959	0.12851	0.62975	0.07232	0.02113	0.00897	0.00279	0.00401	0.01908	0.00677	0.00592
37	0.01771	0.01530	0.01610	0.01449	0.01852	0.01771	0.01127	0.03784	0.69247	0.02979	0.02898	0.02657	0.02174	0.00966	0.00725	0.00242	0.00564	0.00805	0.00725	0.01127
38	0.01327	0.00664	0.00664	0.00664	0.00830	0.00664	0.00498	0.01659	0.01493	0.02655	0.02323	0.02655	0.01825	0.00830	0.00498	0.00166	0.00332	0.00664	0.78928	0.00664
39	0.02716	0.01246	0.01599	0.01260	0.01744	0.01162	0.01027	0.12095	0.03955	0.48350	0.14196	0.02827	0.02546	0.00978	0.00737	0.00221	0.00583	0.00806	0.00837	0.01117
40	0.00882	0.00634	0.00837	0.00973	0.01034	0.00589	0.00659	0.01031	0.01442	0.01934	0.11211	0.64985	0.06880	0.02134	0.00899	0.00281	0.00403	0.01929	0.00674	0.00589
41	0.01345	0.01266	0.02136	0.73264	0.04904	0.01582	0.01978	0.01819	0.01424	0.01819	0.01266	0.01898	0.00949	0.00712	0.00712	0.00237	0.00949	0.00633	0.00316	0.00791
42	0.01665	0.01377	0.01578	0.01144	0.01767	0.01142	0.00922	0.11952	0.01763	0.02652	0.01334	0.01512	0.01079	0.00577	0.00556	0.00122	0.00567	0.00455	0.00466	0.67370
43	0.02626	0.01844	0.01992	0.01540	0.02076	0.02018	0.01268	0.59124	0.03125	0.08227	0.01822	0.01826	0.01292	0.00854	0.00696	0.00210	0.00737	0.00647	0.06907	0.01168
44	0.02104	0.02539	0.01672	0.01547	0.01854	0.49117	0.01166	0.02299	0.01810	0.01755	0.02173	0.02393	0.11676	0.01677	0.12773	0.00355	0.01248	0.00670	0.00414	0.00759
45	0.01145	0.00762	0.00976	0.00903	0.01106	0.00691	0.00684	0.01459	0.01974	0.07597	0.58433	0.05282	0.13370	0.01453	0.00831	0.00226	0.00358	0.01271	0.00777	0.00702
46	0.01036	0.00690	0.00777	0.00777	0.00777	0.00690	0.00431	0.01036	0.01036	0.01381	0.02244	0.04660	0.02589	0.74975	0.03624	0.00690	0.00690	0.01036	0.00431	0.00431
47	0.80005	0.01377	0.01047	0.00936	0.01377	0.01597	0.00771	0.02093	0.01212	0.03195	0.00991	0.01157	0.00771	0.00661	0.00441	0.00220	0.00551	0.00386	0.00441	0.00771
48	0.01479	0.01276	0.01501	0.01083	0.01694	0.00992	0.00869	0.01790	0.01463	0.02299	0.01254	0.01479	0.01051	0.00552	0.00590	0.00113	0.03076	0.00429	0.00418	0.76591
49	0.68623	0.01607	0.06951	0.01071	0.01571	0.01640	0.00962	0.06255	0.01370	0.03198	0.01060	0.01220	0.00810	0.00674	0.00477	0.00220	0.00607	0.00413	0.00446	0.00822
50	0.01868	0.70043	0.08780	0.01279	0.01921	0.02731	0.01324	0.02141	0.01451	0.01719	0.01011	0.01169	0.00913	0.00614	0.00473	0.00158	0.00783	0.00392	0.00304	0.00924
51	0.02126	0.01998	0.01858	0.01778	0.07396	0.17786	0.01286	0.09741	0.39227	0.05741	0.02245	0.02171	0.01693	0.00872	0.00703	0.00222	0.00773	0.00693	0.00619	0.01070
52	0.01462	0.02130	0.22777	0.04541	0.02774	0.01645	0.22179	0.01956	0.01405	0.02022	0.01350	0.01863	0.01101	0.01485	0.11089	0.03644	0.14689	0.00681	0.00333	0.00876
53	0.00936	0.00652	0.00802	0.00893	0.00924	0.00626	0.00562	0.01011	0.01236	0.01640	0.03341	0.43228	0.06086	0.32369	0.02032	0.00454	0.00526	0.01596	0.00566	0.00518
54	0.01263	0.00929	0.01115	0.01016	0.01244	0.00914	0.00773	0.12577	0.02127	0.02920	0.44727	0.12961	0.11697	0.01478	0.00827	0.00231	0.00423	0.01285	0.00745	0.00745
55	0.01682	0.01541	0.05972	0.01215	0.01863	0.01206	0.01042	0.13052	0.01795	0.02683	0.01342	0.01518	0.01072	0.00592	0.00568	0.00131	0.00604	0.00466	0.00463	0.61195
56	0.01409	0.00913	0.01192	0.01105	0.01275	0.00913	0.03230	0.08339	0.01519	0.09290	0.02702	0.25352	0.02873	0.27132	0.09028	0.00496	0.00748	0.01230	0.00571	0.00681
57	0.00918	0.00657	0.00853	0.00968	0.01036	0.00617	0.00665	0.01071	0.01439	0.01926	0.12022	0.52222	0.07348	0.09272	0.01170	0.00321	0.00444	0.05816	0.00653	0.00581
58	0.00977	0.00717	0.00915	0.00887	0.01050	0.00655	0.00657	0.01276	0.01910	0.02656	0.57075	0.12299	0.13136	0.01568	0.00847	0.00232	0.00346	0.01383	0.00759	0.00655
59	0.06685	0.10345	0.02320	0.02207	0.15333	0.42905	0.01488	0.04490	0.01845	0.02010	0.01142	0.01377	0.00959	0.00718	0.00683	0.00193	0.03540	0.00491	0.00370	0.00900
60	0.01066	0.00855	0.01288	0.01285	0.03652	0.00809	0.07234	0.03420	0.01627	0.02207	0.18751	0.43863	0.07581	0.01779	0.00870	0.00262	0.00496	0.01627	0.00651	0.00676
61	0.03131	0.01198	0.01632	0.01256	0.01796	0.01036	0.01036	0.03409	0.02037	0.69050	0.04762	0.02508	0.01906	0.00898	0.00720	0.00220	0.00598	0.00733	0.00878	0.01196
62	0.01757	0.01749	0.02788	0.13717	0.54237	0.06103	0.04954	0.02180	0.01621	0.02217	0.01319	0.01758	0.01088	0.00650	0.00708	0.00215	0.00903	0.00632	0.00349	0.01055
63	0.02434	0.01801	0.01979	0.01552	0.02062	0.01987	0.01273	0.56834	0.02985	0.04028	0.01723	0.01853	0.01285	0.01468	0.10625	0.00340	0.00932	0.00651	0.00657	0.03530
64	0.68175	0.01364	0.01106	0.00985	0.01410	0.01568	0.00803	0.04113	0.05297	0.03199	0.05467	0.01522	0.01240	0.00734	0.00490	0.00222	0.00545	0.00474	0.00487	0.00799
65	0.01137	0.00686	0.00959	0.00970	0.01012	0.00718	0.00674	0.01086	0.01116	0.01562	0.04652	0.12983	0.02195	0.09846	0.12990	0.37848	0.03201	0.00912	0.04993	0.00461
66	0.15738	0.01255	0.01525	0.01233	0.01733	0.01203	0.01013	0.03187	0.08837	0.49716	0.02558	0.02480	0.01741	0.00900	0.00683	0.00227	0.00595	0.03487	0.00782	0.01106
67	0.01762	0.01692	0.02890	0.04371	0.70533	0.01692	0.02185	0.02185	0.01621	0.02326	0.01339	0.01762	0.01128	0.00634	0.00705	0.00211	0.00846	0.00634	0.00352	0.01128
68	0.01030	0.00688	0.00778	0.00784	0.00785	0.00687	0.00439	0.01034	0.01047	0.01395	0.02301	0.07024	0.02661	0.72513	0.03532	0.00677	0.00681	0.01069	0.00439	0.00436
69	0.00896	0.00765	0.00854	0.03326	0.03357	0.00671	0.00655	0.01095	0.01613	0.01958	0.08713	0.10717	0.59420	0.01744	0.00837	0.00242	0.00399	0.01471	0.00644	0.00626
70	0.00889	0.00746	0.00777	0.00783	0.01009	0.00650	0.00581	0.01146	0.04412	0.01995	0.09276	0.12664	0.59014	0.01793	0.00843	0.00244	0.00373	0.01512	0.00669	0.00624
71	0.80005	0.01377	0.01047	0.00936	0.01377	0.01597	0.00771	0.02093	0.01212	0.03195	0.00991	0.01157	0.00771	0.00661	0.00441	0.00220	0.00551	0.00386	0.00441	0.00771
72	0.05541	0.01881	0.01701	0.01457	0.01857	0.15188	0.01141	0.29422	0.11737	0.03163	0.02228	0.12082	0.03842	0.01058	0.00710	0.00221	0.00754	0.00837	0.04205	0.00975
73	0.72988	0.05718	0.01238	0.00975	0.01430	0.01688	0.00816	0.04196	0.01293	0.03147	0.01014	0.01173	0.00793	0.00664	0.00450	0.00216	0.00571	0.00393	0.00441	0.00793
74	0.06272	0.30032	0.38949	0.01630	0.02459	0.02054	0.01926	0.02256	0.01490	0.05241	0.01224	0.01391	0.00938	0.00660	0.00583	0.00198	0.00895	0.00473	0.00337	0.00992
75	0.02615	0.03140	0.02040	0.01812	0.02187	0.60447	0.01381	0.10705	0.02137	0.02074	0.01167	0.01348	0.00954	0.00772	0.00728	0.00193	0.04534	0.00488	0.00406	0.00870
76	0.01044	0.00769	0.01047	0.03667	0.01417	0.00756	0.00977	0.01305	0.01553	0.02011	0.04093	0.26129	0.11218	0.01979	0.00938	0.00305	0.00567	0.38945	0.00646	0.00633
77	0.02553	0.01852	0.01992	0.01560	0.02091	0.02046	0.01278	0.55140	0.11125	0.06711	0.01920	0.01891	0.01374	0.00868	0.00705	0.00215	0.00731	0.00665	0.04108	0.01177
78	0.01904	0.75404	0.03731	0.01218	0.01828	0.02818	0.01218	0.02132	0.01447	0.01675	0.00990	0.01142	0.00914	0.00609	0.00457	0.00152	0.00761	0.00381	0.00305	0.00914
79	0.01029	0.00692	0.00800	0.00805	0.00814	0.00698	0.00466	0.01048	0.01053	0.01412	0.02282	0.06955	0.02615	0.68407	0.07531	0.00703	0.00752	0.01054	0.00436	0.00448
80	0.01771	0.01530	0.01610	0.01449	0.01852	0.01771	0.01127	0.03784	0.69247	0.02979	0.02898	0.02657	0.02174	0.00966	0.00725	0.00242	0.00564	0.00805	0.00725	0.01127
81	0.01020	0.00750	0.01081	0.01081	0.01186	0.00856	0.00811	0.01231	0.01126	0.01606	0.01965	0.03119	0.01920	0.17366	0.60319	0.01066	0.01697	0.00810	0.00390	0.00600
82	0.01798	0.01126	0.01375	0.01171	0.01503	0.01131	0.00935	0.17945	0.02242	0.14836	0.30845	0.03937	0.06774	0.01550	0.06328	0.00298	0.00629	0.03949	0.00741	0.00889
83	0.01460	0.08442	0.66804	0.01976	0.02999	0.01731	0.02537	0.02247	0.01500	0.02217	0.01259	0.01479	0.00903	0.00672	0.00662	0.00221	0.01033	0.00517	0.00301	0.01043
84	0.02660	0.03394	0.02018	0.01834	0.02201	0.72116	0.01376	0.02843	0.02018	0.01743	0.01101	0.01284	0.00917	0.00734	0.00642	0.00183	0.01284	0.00459	0.00367	0.00825
85	0.01008	0.00728	0.00952	0.00896	0.01064	0.00672	0.00672	0.01344	0.02016	0.02855	0.70158	0.05319	0.06719	0.01456	0.00840	0.00224	0.00336	0.01288	0.00784	0.00672
86	0.02694	0.01321	0.01631	0.01311	0.01805	0.01293	0.01063	0.08855	0.18043	0.45188	0.04667	0.02510	0.01959	0.00914	0.00714	0.00223	0.00594	0.00746	0.03309	0.01159
87	0.01528	0.01514	0.02123	0.01829	0.01836	0.02109	0.01521	0.01689	0.01094	0.01710	0.00989	0.01627	0.00982	0.01475	0.06230	0.00358	0.69670	0.00631	0.00315	0.00771
88	0.03195	0.01212	0.01652	0.01267	0.01818	0.01047	0.01047	0.03470	0.02038	0.71026	0.02809	0.02424	0.01763	0.00881	0.00716	0.00220	0.00606	0.00716	0.00881	0.01212
89	0.01466	0.01430	0.02001	0.01751	0.01760	0.01965	0.01439	0.01622	0.01121	0.01722	0.01283	0.09200	0.01360	0.01504	0.04836	0.00341	0.63323	0.00774	0.00351	0.00753
90	0.00870	0.00722	0.00761	0.00751	0.00979	0.00613	0.00564	0.01077	0.01691	0.02084	0.18076	0.06588	0.59281	0.01743	0.00841	0.00238	0.00356	0.01466	0.00682	0.00613
91	0.01327	0.00664	0.00664	0.00664	0.00830	0.00664	0.00498	0.01659	0.01493	0.02655	0.02323	0.02655	0.01825	0.00830	0.00498	0.00166	0.00332	0.00664	0.78928	0.00664
92	0.03133	0.01226	0.01651	0.01275	0.01819	0.01078	0.01050	0.03484	0.04949	0.68079	0.02813	0.02434	0.01780	0.00885	0.00716	0.00221	0.00604	0.00720	0.00875	0.01208
93	0.01970	0.04746	0.40422	0.01656	0.02452	0.01402	0.01899	0.02556	0.01721	0.24339	0.08161	0.02142	0.01719	0.00813	0.00698	0.00222	0.00834	0.00654	0.00532	0.01064
94	0.01612	0.05472	0.51642	0.02417	0.16174	0.01663	0.02405	0.02308	0.01556	0.06265	0.01370	0.01596	0.00997	0.00678	0.00677	0.00220	0.00976	0.00554	0.00345	0.01072
95	0.03082	0.01237	0.01649	0.01281	0.01820	0.01104	0.01053	0.03495	0.07366	0.65632	0.02816	0.02442	0.01795	0.00888	0.00717	0.00222	0.00603	0.00723	0.00869	0.01205
96	0.00868	0.00620	0.00826	0.00991	0.01033	0.00578	0.00661	0.00991	0.01363	0.01818	0.03925	0.74510	0.04710	0.02231	0.00909	0.00289	0.00413	0.02024	0.00661	0.00578
97	0.05552	0.34875	0.02559	0.04842	0.01930	0.13969	0.01177	0.08225	0.05984	0.02238	0.03648	0.01643	0.01302	0.00733	0.00557	0.00180	0.00781	0.00516	0.08396	0.00893
98	0.02368	0.01780	0.01858	0.01471	0.01919	0.04338	0.01168	0.52345	0.02835	0.03765	0.01796	0.02290	0.01479	0.15800	0.01297	0.00309	0.00782	0.00714	0.00644	0.01040
99	0.01502	0.01551	0.02760	0.45015	0.04259	0.03930	0.21873	0.01984	0.01498	0.01949	0.01291	0.01863	0.00987	0.00714	0.00856	0.00241	0.05861	0.00689	0.00331	0.00843
100	0.14676	0.01197	0.01236	0.01259	0.01532	0.05584	0.01046	0.02050	0.13904	0.02425	0.03247	0.05372	0.08229	0.01473	0.00812	0.00278	0.00637	0.33662	0.00614	0.00767
101	0.01339	0.01387	0.11895	0.01189	0.01557	0.01071	0.01077	0.12745	0.02095	0.02910	0.39521	0.08575	0.09162	0.01307	0.00798	0.00228	0.00528	0.01123	0.00682	0.00811

[dist]
# distance from previous block
# <min> <max>
0	4

[block]
# block no. 6 follows, 29 sequences, length 28
# corresponding to MSA columns:
# 267-294
name=unknown_G
#
