[name]
unknown

[dist]
# distance from previous block
# <min> <max>
0	10

[block]
# block no. 0 follows, 25 sequences, length 6
# corresponding to MSA columns:
# 10-15
name=unknown_A
#
# <colnr> <probs for GDERKNQSTAVLIFYWHMCP>
#	G	D	E	R	K	N	Q	S	T	A	V	L	I	F	Y	W	H	M	C	P
0	0.01707	0.01747	0.03189	0.11942	0.13044	0.01918	0.25165	0.02161	0.01614	0.02251	0.01623	0.02583	0.01432	0.00995	0.01307	0.00285	0.19110	0.06561	0.00401	0.00967
1	0.01375	0.01186	0.01531	0.12722	0.07171	0.01268	0.01191	0.04219	0.10893	0.02442	0.10200	0.04829	0.26612	0.04046	0.01056	0.00282	0.04133	0.03367	0.00629	0.00849
2	0.01016	0.00778	0.00954	0.01008	0.01177	0.00684	0.00710	0.01209	0.01635	0.02174	0.11399	0.43906	0.19286	0.02062	0.00926	0.00277	0.00440	0.01828	0.00709	0.07824
3	0.02040	0.01300	0.01644	0.06981	0.02012	0.01365	0.01170	0.16972	0.02232	0.16131	0.10799	0.15313	0.06635	0.01624	0.04344	0.00313	0.04232	0.03179	0.00733	0.00980
4	0.13275	0.01624	0.02283	0.37373	0.03882	0.01889	0.06560	0.14543	0.06132	0.02890	0.01557	0.01962	0.01157	0.00806	0.00743	0.00251	0.00927	0.00680	0.00481	0.00985
5	0.02028	0.02165	0.02674	0.23303	0.33531	0.18561	0.02096	0.02441	0.01810	0.02216	0.01371	0.01833	0.01115	0.00742	0.00753	0.00231	0.01072	0.00643	0.00376	0.01040

[dist]
# distance from previous block
# <min> <max>
3	13

[block]
# block no. 1 follows, 25 sequences, length 12
# corresponding to MSA columns:
# 29-40
name=unknown_B
#
# <colnr> <probs for GDERKNQSTAVLIFYWHMCP>
#	G	D	E	R	K	N	Q	S	T	A	V	L	I	F	Y	W	H	M	C	P
0	0.01817	0.02017	0.04264	0.07784	0.11580	0.01932	0.53745	0.02439	0.01805	0.02457	0.01544	0.02070	0.01173	0.00666	0.00889	0.00258	0.01245	0.00874	0.00388	0.01055
1	0.12543	0.01262	0.05453	0.01163	0.01572	0.01086	0.00986	0.02292	0.04972	0.19150	0.27950	0.04187	0.11752	0.01278	0.00804	0.00246	0.00535	0.01063	0.00775	0.00931
2	0.04667	0.00953	0.00995	0.00976	0.01195	0.03213	0.00716	0.01495	0.05164	0.02468	0.24465	0.13585	0.29060	0.06302	0.01085	0.00291	0.00470	0.01463	0.00726	0.00710
3	0.27071	0.01695	0.01983	0.07364	0.19877	0.05602	0.01466	0.08673	0.01840	0.08621	0.01830	0.05896	0.03213	0.00894	0.00689	0.00241	0.00781	0.00712	0.00530	0.01022
4	0.05341	0.01366	0.01863	0.33617	0.03346	0.01572	0.01514	0.09930	0.07055	0.07838	0.01931	0.02492	0.01513	0.07566	0.01033	0.00291	0.00825	0.00745	0.09236	0.00930
5	0.01842	0.01712	0.02165	0.29279	0.03370	0.10000	0.05237	0.10120	0.01862	0.02455	0.01587	0.02099	0.01257	0.01243	0.06107	0.00321	0.07938	0.00694	0.09807	0.00904
6	0.06923	0.01446	0.01801	0.01648	0.07106	0.01445	0.01203	0.10472	0.12650	0.32380	0.04974	0.05906	0.02194	0.05111	0.00957	0.00275	0.00677	0.00866	0.00795	0.01169
7	0.01097	0.00810	0.01177	0.01191	0.01308	0.00920	0.00897	0.01334	0.01253	0.01783	0.02289	0.08747	0.02283	0.12507	0.57394	0.01121	0.01810	0.00971	0.00445	0.00664
8	0.02559	0.01797	0.01912	0.01510	0.02017	0.01970	0.01233	0.48918	0.03124	0.04371	0.02034	0.02127	0.01491	0.00924	0.00715	0.00219	0.00726	0.00704	0.20482	0.01165
9	0.02210	0.01883	0.01891	0.01627	0.02103	0.06010	0.01283	0.19595	0.44304	0.03542	0.02879	0.02706	0.04372	0.01039	0.00785	0.00251	0.00713	0.00836	0.00760	0.01211
10	0.04522	0.12617	0.03123	0.10275	0.33042	0.05550	0.08614	0.02467	0.05738	0.02387	0.01470	0.01855	0.01207	0.00742	0.00788	0.00231	0.03213	0.00665	0.00401	0.01094
11	0.01938	0.01806	0.02713	0.18620	0.40944	0.05621	0.02110	0.02572	0.08564	0.05094	0.01669	0.02053	0.01320	0.00764	0.00768	0.00239	0.00930	0.00703	0.00442	0.01133

[dist]
# distance from previous block
# <min> <max>
0	2

[block]
# block no. 2 follows, 25 sequences, length 14
# corresponding to MSA columns:
# 43-56
name=unknown_C
#
# <colnr> <probs for GDERKNQSTAVLIFYWHMCP>
#	G	D	E	R	K	N	Q	S	T	A	V	L	I	F	Y	W	H	M	C	P
0	0.06942	0.01005	0.01128	0.01047	0.01310	0.00995	0.00797	0.05371	0.06584	0.05293	0.26946	0.05388	0.20024	0.09231	0.01197	0.00309	0.00506	0.04404	0.00740	0.00783
1	0.01265	0.00986	0.01351	0.13852	0.02005	0.01046	0.01037	0.04712	0.01732	0.02374	0.20793	0.08806	0.06934	0.12064	0.14086	0.00503	0.00900	0.01121	0.00590	0.03842
2	0.02128	0.68594	0.03939	0.01371	0.02017	0.07495	0.01338	0.02373	0.01617	0.01829	0.01086	0.01254	0.00995	0.00672	0.00511	0.00168	0.00867	0.00420	0.00336	0.00989
3	0.01877	0.01014	0.01223	0.01055	0.01404	0.00906	0.00816	0.04723	0.02003	0.23721	0.15261	0.05182	0.27928	0.07995	0.01143	0.00295	0.00527	0.01236	0.00799	0.00893
4	0.78228	0.01499	0.01140	0.01020	0.01499	0.01739	0.00840	0.02279	0.01320	0.03479	0.01080	0.01260	0.00840	0.00720	0.00480	0.00240	0.00600	0.00420	0.00480	0.00840
5	0.01830	0.02092	0.04575	0.03268	0.04052	0.01961	0.65098	0.02484	0.01830	0.02484	0.01569	0.02092	0.01176	0.00654	0.00915	0.00261	0.01307	0.00915	0.00392	0.01046
6	0.01608	0.01378	0.01608	0.01148	0.01837	0.01034	0.00919	0.01952	0.01608	0.02527	0.01378	0.01608	0.01148	0.00574	0.00574	0.00115	0.00574	0.00459	0.00459	0.77491
7	0.01915	0.01632	0.01717	0.01533	0.01969	0.01865	0.01196	0.07435	0.58248	0.03256	0.03418	0.03161	0.06981	0.01110	0.00797	0.00261	0.00612	0.00921	0.00783	0.01191
8	0.02164	0.01464	0.01737	0.01275	0.01937	0.01225	0.01033	0.10166	0.01987	0.16570	0.01788	0.01854	0.01330	0.00699	0.00642	0.00155	0.00627	0.00556	0.00603	0.52188
9	0.03376	0.01590	0.01889	0.01471	0.02058	0.06275	0.01204	0.10751	0.02380	0.56350	0.02787	0.02460	0.01784	0.00945	0.00773	0.00236	0.00736	0.00750	0.00898	0.01289
10	0.02497	0.01948	0.02073	0.01693	0.02233	0.02194	0.01365	0.38244	0.31465	0.04159	0.02434	0.02318	0.01782	0.00984	0.00782	0.00246	0.00747	0.00777	0.00782	0.01278
11	0.01696	0.01696	0.02375	0.02036	0.02036	0.02375	0.01696	0.01866	0.01187	0.01866	0.01018	0.01696	0.01018	0.01357	0.02545	0.00339	0.71332	0.00679	0.00339	0.00848
12	0.01608	0.01378	0.01608	0.01148	0.01837	0.01034	0.00919	0.01952	0.01608	0.02527	0.01378	0.01608	0.01148	0.00574	0.00574	0.00115	0.00574	0.00459	0.00459	0.77491
13	0.01759	0.02343	0.15005	0.02864	0.03566	0.02010	0.42984	0.02366	0.01680	0.02366	0.01438	0.01942	0.01115	0.00796	0.01183	0.00273	0.14099	0.00814	0.00372	0.01026

[dist]
# distance from previous block
# <min> <max>
0	25

[block]
# block no. 3 follows, 25 sequences, length 330
# corresponding to MSA columns:
# 82-411
name=unknown_D
#
# <colnr> <probs for GDERKNQSTAVLIFYWHMCP>
#	G	D	E	R	K	N	Q	S	T	A	V	L	I	F	Y	W	H	M	C	P
0	0.00952	0.00678	0.00897	0.01070	0.01113	0.00635	0.00710	0.01082	0.01470	0.01960	0.04199	0.69503	0.05034	0.05299	0.01110	0.00333	0.00462	0.02160	0.00710	0.00623
1	0.01113	0.00795	0.01093	0.01272	0.01391	0.00775	0.01013	0.01371	0.01651	0.02168	0.04180	0.37092	0.04760	0.02270	0.01035	0.00338	0.00596	0.35691	0.00717	0.00676
2	0.02279	0.01943	0.02832	0.03873	0.49152	0.07144	0.02078	0.07239	0.01998	0.11437	0.01681	0.01970	0.01309	0.00753	0.00764	0.00229	0.00919	0.00688	0.00490	0.01221
3	0.01579	0.07141	0.65808	0.02170	0.03294	0.01858	0.02795	0.02449	0.01634	0.02427	0.01377	0.01619	0.00983	0.00733	0.00726	0.00242	0.01132	0.00566	0.00328	0.01139
4	0.78228	0.01499	0.01140	0.01020	0.01499	0.01739	0.00840	0.02279	0.01320	0.03479	0.01080	0.01260	0.00840	0.00720	0.00480	0.00240	0.00600	0.00420	0.00480	0.00840
5	0.01555	0.04011	0.68733	0.02210	0.03356	0.01801	0.02865	0.02455	0.01637	0.02455	0.01391	0.01637	0.00982	0.00737	0.00737	0.00246	0.01146	0.00573	0.00327	0.01146
6	0.00961	0.00788	0.00851	0.00860	0.01097	0.00678	0.00651	0.01188	0.01817	0.02246	0.15932	0.09902	0.53089	0.01939	0.00928	0.00267	0.00409	0.04992	0.00739	0.00668
7	0.01929	0.01666	0.01753	0.01578	0.02016	0.01929	0.01227	0.04120	0.66513	0.03243	0.03156	0.02893	0.02367	0.01052	0.00789	0.00263	0.00614	0.00877	0.00789	0.01227
8	0.01608	0.01378	0.01608	0.01148	0.01837	0.01034	0.00919	0.01952	0.01608	0.02527	0.01378	0.01608	0.01148	0.00574	0.00574	0.00115	0.00574	0.00459	0.00459	0.77491
9	0.78228	0.01499	0.01140	0.01020	0.01499	0.01739	0.00840	0.02279	0.01320	0.03479	0.01080	0.01260	0.00840	0.00720	0.00480	0.00240	0.00600	0.00420	0.00480	0.00840
10	0.00918	0.00779	0.00792	0.00802	0.01052	0.00653	0.00596	0.01111	0.01752	0.02088	0.07657	0.11033	0.64156	0.01989	0.00920	0.00265	0.00396	0.01668	0.00720	0.00653
11	0.02180	0.01739	0.02009	0.13687	0.02698	0.01991	0.01451	0.20201	0.35880	0.05916	0.02495	0.02462	0.01836	0.00968	0.00783	0.00253	0.00753	0.00792	0.00714	0.01192
12	0.02363	0.01630	0.01724	0.01417	0.01877	0.04535	0.01135	0.29340	0.07236	0.12716	0.05736	0.05868	0.10760	0.01159	0.00782	0.00237	0.00684	0.00930	0.08780	0.01092
13	0.01667	0.17084	0.53977	0.02138	0.05522	0.02043	0.02554	0.02427	0.01630	0.02338	0.01334	0.01573	0.00994	0.00721	0.00692	0.00230	0.01077	0.00547	0.00330	0.01120
14	0.01555	0.04011	0.68733	0.02210	0.03356	0.01801	0.02865	0.02455	0.01637	0.02455	0.01391	0.01637	0.00982	0.00737	0.00737	0.00246	0.01146	0.00573	0.00327	0.01146
15	0.01108	0.00831	0.01246	0.01246	0.01385	0.00969	0.00969	0.01385	0.01246	0.01800	0.02077	0.03046	0.01938	0.05815	0.69678	0.01246	0.02077	0.00831	0.00415	0.00692
16	0.01069	0.00860	0.00969	0.00979	0.01217	0.00792	0.00757	0.01460	0.06556	0.02383	0.17378	0.10235	0.40494	0.01878	0.00931	0.00274	0.00451	0.09853	0.00748	0.00717
17	0.12833	0.01746	0.02248	0.01776	0.02291	0.01859	0.11930	0.29452	0.05740	0.05910	0.02090	0.10782	0.01783	0.01138	0.00898	0.04097	0.00816	0.00896	0.00648	0.01066
18	0.01464	0.01378	0.02326	0.70887	0.05340	0.01723	0.02153	0.01981	0.01550	0.01981	0.01378	0.02067	0.01034	0.00775	0.00775	0.00258	0.01034	0.00689	0.00345	0.00861
19	0.01464	0.01378	0.02326	0.70887	0.05340	0.01723	0.02153	0.01981	0.01550	0.01981	0.01378	0.02067	0.01034	0.00775	0.00775	0.00258	0.01034	0.00689	0.00345	0.00861
20	0.01998	0.01993	0.03070	0.04535	0.62593	0.07348	0.02308	0.02438	0.01801	0.02481	0.01437	0.01877	0.01210	0.00700	0.00762	0.00228	0.00960	0.00675	0.00385	0.01201
21	0.01738	0.01671	0.02885	0.30509	0.40887	0.01800	0.04849	0.02228	0.01684	0.02316	0.01432	0.01984	0.01150	0.00722	0.00777	0.00243	0.00981	0.00699	0.00369	0.01078
22	0.00957	0.00690	0.00910	0.01081	0.01143	0.00643	0.00737	0.01105	0.01512	0.02000	0.04444	0.66148	0.08207	0.02393	0.00990	0.00314	0.00459	0.04912	0.00719	0.00635
23	0.01146	0.00734	0.00980	0.01091	0.01191	0.00678	0.00752	0.01317	0.01610	0.06981	0.10538	0.60449	0.05112	0.02236	0.00967	0.00302	0.00457	0.02019	0.00751	0.00691
24	0.01610	0.11343	0.61881	0.02116	0.03211	0.01935	0.02702	0.02441	0.01630	0.02389	0.01358	0.01595	0.00984	0.00729	0.00711	0.00237	0.01112	0.00556	0.00328	0.01130
25	0.00979	0.00705	0.00893	0.01013	0.01082	0.00657	0.00675	0.01120	0.01519	0.02016	0.09450	0.51885	0.10666	0.11861	0.01378	0.00364	0.00479	0.01942	0.00697	0.00619
26	0.00945	0.00675	0.00900	0.01080	0.01125	0.00630	0.00720	0.01080	0.01484	0.01979	0.04274	0.72245	0.05128	0.02429	0.00990	0.00315	0.00450	0.02204	0.00720	0.00630
27	0.01608	0.01378	0.01608	0.01148	0.01837	0.01034	0.00919	0.01952	0.01608	0.02527	0.01378	0.01608	0.01148	0.00574	0.00574	0.00115	0.00574	0.00459	0.00459	0.77491
28	0.01566	0.03932	0.66115	0.02253	0.03384	0.01807	0.05405	0.02457	0.01645	0.02457	0.01399	0.01656	0.00990	0.00733	0.00744	0.00246	0.01152	0.00587	0.00330	0.01142
29	0.02434	0.06430	0.02767	0.03066	0.27115	0.37393	0.04986	0.02757	0.01985	0.02162	0.01309	0.01621	0.01094	0.00744	0.00725	0.00213	0.01185	0.00588	0.00390	0.01035
30	0.12040	0.02043	0.02131	0.01657	0.02246	0.02269	0.01366	0.55606	0.03297	0.04651	0.01788	0.01822	0.01282	0.00904	0.00732	0.00232	0.00806	0.00665	0.03221	0.01241
31	0.00958	0.00692	0.00907	0.01053	0.01124	0.00641	0.00714	0.01119	0.01569	0.02096	0.10644	0.62186	0.08785	0.02321	0.00978	0.00305	0.00438	0.02095	0.00733	0.00641
32	0.03479	0.01320	0.01799	0.01380	0.01979	0.01140	0.01140	0.03779	0.02219	0.68451	0.03059	0.02639	0.01919	0.00960	0.00780	0.00240	0.00660	0.00780	0.00960	0.01320
33	0.00932	0.00786	0.00807	0.00802	0.01057	0.00661	0.00601	0.01143	0.01804	0.02181	0.12964	0.07319	0.62436	0.01931	0.00916	0.00260	0.00390	0.01616	0.00731	0.00661
34	0.00980	0.00781	0.00868	0.00858	0.01076	0.00680	0.00633	0.01216	0.01855	0.02367	0.25181	0.09970	0.44086	0.04736	0.01042	0.00279	0.00402	0.01573	0.00750	0.00669
35	0.03386	0.01468	0.01891	0.01450	0.02053	0.01360	0.01198	0.14490	0.02467	0.57389	0.02851	0.02504	0.01815	0.00955	0.00779	0.00239	0.00693	0.00766	0.00928	0.01319
36	0.03340	0.01543	0.01938	0.01486	0.02091	0.01471	0.01227	0.19907	0.02593	0.51795	0.02745	0.02435	0.01762	0.00952	0.00779	0.00238	0.00710	0.00758	0.00911	0.01319
37	0.03449	0.01367	0.01828	0.01402	0.02003	0.01209	0.01158	0.07171	0.02298	0.64947	0.02993	0.02596	0.01886	0.00958	0.00780	0.00240	0.00670	0.00775	0.00950	0.01319
38	0.01619	0.01412	0.01751	0.01251	0.01944	0.01078	0.04011	0.01978	0.01619	0.02524	0.01387	0.01631	0.01150	0.00578	0.00591	0.00122	0.00610	0.00481	0.00456	0.73807
39	0.01181	0.01032	0.04318	0.01072	0.01335	0.00892	0.00866	0.01733	0.08456	0.02976	0.51211	0.05497	0.13388	0.01535	0.00894	0.00248	0.00431	0.01337	0.00807	0.00791
40	0.01966	0.01932	0.03101	0.04626	0.64757	0.05109	0.02337	0.02414	0.01786	0.02502	0.01446	0.01894	0.01217	0.00696	0.00764	0.00229	0.00944	0.00682	0.00385	0.01212
41	0.01249	0.00892	0.01249	0.01428	0.01606	0.00892	0.01249	0.01606	0.01785	0.02320	0.04105	0.08746	0.04462	0.02142	0.01071	0.00357	0.00714	0.62695	0.00714	0.00714
42	0.01249	0.00892	0.01249	0.01428	0.01606	0.00892	0.01249	0.01606	0.01785	0.02320	0.04105	0.08746	0.04462	0.02142	0.01071	0.00357	0.00714	0.62695	0.00714	0.00714
43	0.02062	0.01946	0.01815	0.01636	0.02069	0.11288	0.01265	0.03979	0.57623	0.03057	0.02885	0.02686	0.02178	0.01017	0.00777	0.00254	0.00722	0.00824	0.00735	0.01182
44	0.02117	0.64280	0.07042	0.01405	0.02089	0.02955	0.01412	0.07297	0.01742	0.02096	0.01155	0.01311	0.01020	0.00688	0.00531	0.00175	0.00846	0.00445	0.00366	0.01028
45	0.01097	0.00793	0.01036	0.00975	0.01158	0.00732	0.00732	0.01463	0.02195	0.03109	0.67505	0.05792	0.07316	0.01585	0.00914	0.00244	0.00366	0.01402	0.00854	0.00732
46	0.01097	0.00793	0.01036	0.00975	0.01158	0.00732	0.00732	0.01463	0.02195	0.03109	0.67505	0.05792	0.07316	0.01585	0.00914	0.00244	0.00366	0.01402	0.00854	0.00732
47	0.01608	0.01378	0.01608	0.01148	0.01837	0.01034	0.00919	0.01952	0.01608	0.02527	0.01378	0.01608	0.01148	0.00574	0.00574	0.00115	0.00574	0.00459	0.00459	0.77491
48	0.01108	0.00831	0.01246	0.01246	0.01385	0.00969	0.00969	0.01385	0.01246	0.01800	0.02077	0.03046	0.01938	0.05815	0.69678	0.01246	0.02077	0.00831	0.00415	0.00692
49	0.02105	0.02075	0.01834	0.01624	0.02080	0.16490	0.01254	0.03675	0.45910	0.02878	0.02549	0.02437	0.01945	0.00948	0.00747	0.00234	0.00779	0.00752	0.00671	0.09010
50	0.01122	0.00772	0.00951	0.00951	0.00987	0.00809	0.00601	0.01195	0.01159	0.01581	0.02347	0.04542	0.02588	0.55180	0.21201	0.00881	0.01100	0.01050	0.00456	0.00528
51	0.01464	0.01378	0.02326	0.70887	0.05340	0.01723	0.02153	0.01981	0.01550	0.01981	0.01378	0.02067	0.01034	0.00775	0.00775	0.00258	0.01034	0.00689	0.00345	0.00861
52	0.01830	0.02092	0.04575	0.03268	0.04052	0.01961	0.65098	0.02484	0.01830	0.02484	0.01569	0.02092	0.01176	0.00654	0.00915	0.00261	0.01307	0.00915	0.00392	0.01046
53	0.02017	0.65693	0.11094	0.01423	0.02139	0.02930	0.01494	0.02336	0.01582	0.01893	0.01112	0.01287	0.00994	0.00671	0.00524	0.00175	0.00864	0.00432	0.00331	0.01011
54	0.03425	0.01405	0.01852	0.01420	0.02022	0.01266	0.01173	0.09951	0.02362	0.62076	0.02939	0.02561	0.01859	0.00957	0.00779	0.00239	0.00679	0.00772	0.00941	0.01319
55	0.02112	0.69890	0.03974	0.01359	0.02010	0.06254	0.01335	0.02359	0.01605	0.01828	0.01084	0.01251	0.00995	0.00670	0.00507	0.00167	0.00856	0.00419	0.00335	0.00990
56	0.01108	0.00831	0.01246	0.01246	0.01385	0.00969	0.00969	0.01385	0.01246	0.01800	0.02077	0.03046	0.01938	0.05815	0.69678	0.01246	0.02077	0.00831	0.00415	0.00692
57	0.01258	0.00909	0.01123	0.01190	0.01325	0.00907	0.00838	0.11125	0.01822	0.02434	0.03896	0.61240	0.04533	0.02195	0.00956	0.00302	0.00513	0.01969	0.00728	0.00737
58	0.01108	0.00831	0.01246	0.01246	0.01385	0.00969	0.00969	0.01385	0.01246	0.01800	0.02077	0.03046	0.01938	0.05815	0.69678	0.01246	0.02077	0.00831	0.00415	0.00692
59	0.00934	0.00754	0.00831	0.00879	0.01075	0.00651	0.00634	0.01121	0.01708	0.02113	0.09848	0.25838	0.46752	0.02077	0.00937	0.00276	0.00408	0.01786	0.00727	0.00651
60	0.01929	0.01666	0.01753	0.01578	0.02016	0.01929	0.01227	0.04120	0.66513	0.03243	0.03156	0.02893	0.02367	0.01052	0.00789	0.00263	0.00614	0.00877	0.00789	0.01227
61	0.78228	0.01499	0.01140	0.01020	0.01499	0.01739	0.00840	0.02279	0.01320	0.03479	0.01080	0.01260	0.00840	0.00720	0.00480	0.00240	0.00600	0.00420	0.00480	0.00840
62	0.01445	0.00723	0.00723	0.00723	0.00903	0.00723	0.00542	0.01807	0.01626	0.02891	0.02529	0.02891	0.01987	0.00903	0.00542	0.00181	0.00361	0.00723	0.77055	0.00723
63	0.01785	0.02020	0.04389	0.03157	0.03904	0.01894	0.61846	0.02413	0.01813	0.02458	0.01705	0.05636	0.01376	0.00743	0.00919	0.00264	0.01264	0.00980	0.00409	0.01025
64	0.01830	0.02092	0.04575	0.03268	0.04052	0.01961	0.65098	0.02484	0.01830	0.02484	0.01569	0.02092	0.01176	0.00654	0.00915	0.00261	0.01307	0.00915	0.00392	0.01046
65	0.01608	0.01378	0.01608	0.01148	0.01837	0.01034	0.00919	0.01952	0.01608	0.02527	0.01378	0.01608	0.01148	0.00574	0.00574	0.00115	0.00574	0.00459	0.00459	0.77491
66	0.78228	0.01499	0.01140	0.01020	0.01499	0.01739	0.00840	0.02279	0.01320	0.03479	0.01080	0.01260	0.00840	0.00720	0.00480	0.00240	0.00600	0.00420	0.00480	0.00840
67	0.78228	0.01499	0.01140	0.01020	0.01499	0.01739	0.00840	0.02279	0.01320	0.03479	0.01080	0.01260	0.00840	0.00720	0.00480	0.00240	0.00600	0.00420	0.00480	0.00840
68	0.01048	0.00785	0.00971	0.00937	0.01131	0.00709	0.00698	0.01362	0.02060	0.02817	0.50469	0.09537	0.21194	0.01716	0.00919	0.00252	0.00376	0.01497	0.00816	0.00709
69	0.03479	0.01320	0.01799	0.01380	0.01979	0.01140	0.01140	0.03779	0.02219	0.68451	0.03059	0.02639	0.01919	0.00960	0.00780	0.00240	0.00660	0.00780	0.00960	0.01320
70	0.01089	0.00792	0.01025	0.00967	0.01153	0.00728	0.00725	0.01447	0.02175	0.03063	0.64807	0.05867	0.10043	0.01602	0.00915	0.00245	0.00367	0.01413	0.00847	0.00728
71	0.00952	0.00678	0.00898	0.01071	0.01114	0.00634	0.00710	0.01081	0.01471	0.01961	0.04205	0.69721	0.05041	0.05071	0.01101	0.00331	0.00461	0.02164	0.00710	0.00624
72	0.51327	0.01740	0.01564	0.01293	0.01823	0.01977	0.01066	0.24809	0.02151	0.03982	0.01359	0.01475	0.01011	0.00795	0.00586	0.00237	0.00690	0.00519	0.00586	0.01011
73	0.01833	0.08745	0.02614	0.01990	0.02130	0.02430	0.03873	0.06767	0.01435	0.02114	0.01107	0.01679	0.01044	0.01232	0.02152	0.00311	0.56602	0.00663	0.00374	0.00905
74	0.01833	0.32157	0.39102	0.01840	0.02752	0.05696	0.02171	0.02433	0.01640	0.02171	0.01254	0.01465	0.00988	0.00710	0.00637	0.00211	0.01030	0.00505	0.00333	0.01072
75	0.01375	0.00869	0.01033	0.07897	0.01429	0.00947	0.00777	0.01659	0.01497	0.02411	0.02579	0.03395	0.05598	0.14900	0.01393	0.00315	0.05725	0.00845	0.44662	0.00693
76	0.78228	0.01499	0.01140	0.01020	0.01499	0.01739	0.00840	0.02279	0.01320	0.03479	0.01080	0.01260	0.00840	0.00720	0.00480	0.00240	0.00600	0.00420	0.00480	0.00840
77	0.00959	0.00681	0.00895	0.01061	0.01102	0.00640	0.00700	0.01083	0.01456	0.01941	0.04126	0.66827	0.04942	0.08101	0.01228	0.00350	0.00474	0.02117	0.00700	0.00617
78	0.01445	0.00723	0.00723	0.00723	0.00903	0.00723	0.00542	0.01807	0.01626	0.02891	0.02529	0.02891	0.01987	0.00903	0.00542	0.00181	0.00361	0.00723	0.77055	0.00723
79	0.01249	0.00892	0.01249	0.01428	0.01606	0.00892	0.01249	0.01606	0.01785	0.02320	0.04105	0.08746	0.04462	0.02142	0.01071	0.00357	0.00714	0.62695	0.00714	0.00714
80	0.01128	0.00752	0.00846	0.00846	0.00846	0.00752	0.00470	0.01128	0.01128	0.01503	0.02443	0.05074	0.02819	0.72751	0.03946	0.00752	0.00752	0.01128	0.00470	0.00470
81	0.01249	0.00892	0.01249	0.01428	0.01606	0.00892	0.01249	0.01606	0.01785	0.02320	0.04105	0.08746	0.04462	0.02142	0.01071	0.00357	0.00714	0.62695	0.00714	0.00714
82	0.01608	0.01378	0.01608	0.01148	0.01837	0.01034	0.00919	0.01952	0.01608	0.02527	0.01378	0.01608	0.01148	0.00574	0.00574	0.00115	0.00574	0.00459	0.00459	0.77491
83	0.01555	0.04011	0.68733	0.02210	0.03356	0.01801	0.02865	0.02455	0.01637	0.02455	0.01391	0.01637	0.00982	0.00737	0.00737	0.00246	0.01146	0.00573	0.00327	0.01146
84	0.02429	0.01581	0.02031	0.01531	0.02165	0.01459	0.06075	0.13600	0.08537	0.22137	0.02139	0.02115	0.01523	0.00800	0.00716	0.00197	0.00707	0.00670	0.00686	0.28903
85	0.02238	0.01856	0.02192	0.02196	0.13243	0.02081	0.01517	0.22966	0.33361	0.03587	0.02382	0.02359	0.01794	0.00965	0.00848	0.00251	0.03442	0.00782	0.00699	0.01242
86	0.01740	0.01334	0.01665	0.01467	0.06974	0.01100	0.01044	0.04566	0.01734	0.08012	0.01988	0.12582	0.01837	0.00915	0.00679	0.00170	0.00601	0.00782	0.00548	0.50262
87	0.01832	0.01978	0.03062	0.02561	0.07003	0.09387	0.23661	0.02202	0.01564	0.02121	0.01359	0.01945	0.01173	0.01436	0.08091	0.00377	0.28188	0.00757	0.00374	0.00932
88	0.02073	0.73217	0.04063	0.01327	0.01990	0.03068	0.01327	0.02322	0.01575	0.01824	0.01078	0.01244	0.00995	0.00663	0.00498	0.00166	0.00829	0.00415	0.00332	0.00995
89	0.01040	0.00790	0.00957	0.00915	0.01123	0.00707	0.00687	0.01352	0.02060	0.02788	0.48632	0.06320	0.26389	0.01705	0.00915	0.00250	0.00374	0.01476	0.00811	0.00707
90	0.01681	0.01084	0.01276	0.01190	0.01493	0.01067	0.00900	0.05684	0.13772	0.14046	0.09109	0.24492	0.17712	0.01675	0.00883	0.00271	0.00520	0.01447	0.00787	0.00910
91	0.01347	0.00673	0.01010	0.01010	0.01010	0.00673	0.00673	0.01010	0.01010	0.01347	0.01347	0.02357	0.01347	0.02694	0.03030	0.77441	0.00673	0.00673	0.00337	0.00337
92	0.01864	0.02329	0.10013	0.03182	0.06964	0.05360	0.53426	0.02507	0.01829	0.02454	0.01529	0.02008	0.01153	0.00670	0.00881	0.00255	0.01279	0.00853	0.00386	0.01056
93	0.78228	0.01499	0.01140	0.01020	0.01499	0.01739	0.00840	0.02279	0.01320	0.03479	0.01080	0.01260	0.00840	0.00720	0.00480	0.00240	0.00600	0.00420	0.00480	0.00840
94	0.01696	0.02864	0.32138	0.02511	0.06491	0.05510	0.20820	0.02355	0.01688	0.02368	0.01555	0.04484	0.01255	0.01006	0.03685	0.00290	0.04362	0.00748	0.00377	0.03795
95	0.01182	0.00986	0.01061	0.01005	0.01247	0.03584	0.00758	0.01647	0.07854	0.02721	0.38344	0.05932	0.27519	0.01637	0.00895	0.00250	0.00439	0.01400	0.00783	0.00756
96	0.03479	0.01320	0.01799	0.01380	0.01979	0.01140	0.01140	0.03779	0.02219	0.68451	0.03059	0.02639	0.01919	0.00960	0.00780	0.00240	0.00660	0.00780	0.00960	0.01320
97	0.78228	0.01499	0.01140	0.01020	0.01499	0.01739	0.00840	0.02279	0.01320	0.03479	0.01080	0.01260	0.00840	0.00720	0.00480	0.00240	0.00600	0.00420	0.00480	0.00840
98	0.01127	0.00824	0.01062	0.00997	0.01189	0.00775	0.00749	0.01559	0.04503	0.03114	0.65196	0.05688	0.07138	0.01566	0.00910	0.00245	0.00375	0.01383	0.00851	0.00749
99	0.02179	0.61261	0.03793	0.01563	0.05657	0.05588	0.01391	0.04952	0.01716	0.04171	0.01200	0.01358	0.01051	0.00691	0.00541	0.00176	0.00853	0.00457	0.00376	0.01028
100	0.03023	0.01574	0.08807	0.01442	0.02059	0.01206	0.01292	0.03464	0.04611	0.53682	0.08121	0.02799	0.02276	0.00990	0.00786	0.00242	0.00685	0.00812	0.00878	0.01250
101	0.03479	0.01320	0.01799	0.01380	0.01979	0.01140	0.01140	0.03779	0.02219	0.68451	0.03059	0.02639	0.01919	0.00960	0.00780	0.00240	0.00660	0.00780	0.00960	0.01320
102	0.01404	0.01035	0.01234	0.01219	0.01429	0.01031	0.00884	0.14888	0.01967	0.02634	0.03796	0.50561	0.07231	0.01996	0.00920	0.00285	0.00539	0.01770	0.00719	0.04457
103	0.05505	0.17307	0.46027	0.02086	0.03066	0.02064	0.08875	0.02423	0.01629	0.02385	0.01332	0.01588	0.00998	0.00713	0.00695	0.00231	0.01073	0.00569	0.00343	0.01091
104	0.01327	0.01065	0.01205	0.01148	0.01407	0.01106	0.00872	0.02176	0.21746	0.02653	0.20568	0.05318	0.18614	0.08841	0.03748	0.00350	0.00576	0.05703	0.00738	0.00838
105	0.01128	0.00752	0.00846	0.00846	0.00846	0.00752	0.00470	0.01128	0.01128	0.01503	0.02443	0.05074	0.02819	0.72751	0.03946	0.00752	0.00752	0.01128	0.00470	0.00470
106	0.01943	0.02030	0.06374	0.04513	0.61882	0.04754	0.02366	0.02414	0.01778	0.02502	0.01444	0.01883	0.01206	0.00698	0.00763	0.00230	0.00953	0.00677	0.00382	0.01210
107	0.03479	0.01320	0.01799	0.01380	0.01979	0.01140	0.01140	0.03779	0.02219	0.68451	0.03059	0.02639	0.01919	0.00960	0.00780	0.00240	0.00660	0.00780	0.00960	0.01320
108	0.01923	0.51575	0.21452	0.01647	0.02445	0.02680	0.04480	0.02365	0.01603	0.02022	0.01183	0.01386	0.00999	0.00683	0.00580	0.00191	0.00935	0.00479	0.00333	0.01038
109	0.01690	0.02088	0.14476	0.05824	0.21992	0.01683	0.20109	0.04755	0.01782	0.02486	0.01965	0.13754	0.01823	0.00994	0.00842	0.00257	0.00993	0.00989	0.00447	0.01050
110	0.03452	0.01362	0.01826	0.01400	0.02000	0.01203	0.01156	0.06842	0.02290	0.65288	0.02999	0.02600	0.01889	0.00958	0.00780	0.00240	0.00669	0.00776	0.00951	0.01319
111	0.01099	0.00822	0.01227	0.01237	0.01370	0.00950	0.00955	0.01368	0.01259	0.01810	0.02198	0.06860	0.02114	0.05629	0.65892	0.01195	0.01987	0.00906	0.00432	0.00689
112	0.01608	0.01378	0.01608	0.01148	0.01837	0.01034	0.00919	0.01952	0.01608	0.02527	0.01378	0.01608	0.01148	0.00574	0.00574	0.00115	0.00574	0.00459	0.00459	0.77491
113	0.01052	0.00817	0.00981	0.01061	0.01270	0.00746	0.00856	0.01310	0.01766	0.02208	0.08367	0.13450	0.36036	0.02057	0.00981	0.00302	0.00518	0.24821	0.00723	0.00678
114	0.02750	0.02144	0.02320	0.10856	0.02789	0.05661	0.01564	0.53925	0.03299	0.04357	0.01765	0.01865	0.01265	0.00904	0.00772	0.00234	0.00904	0.00687	0.00700	0.01238
115	0.01899	0.01728	0.02959	0.18359	0.49292	0.01786	0.04489	0.02370	0.01745	0.05700	0.01525	0.01992	0.01220	0.00721	0.00775	0.00238	0.00945	0.00703	0.00405	0.01150
116	0.00959	0.00691	0.00912	0.01083	0.01145	0.00644	0.00740	0.01108	0.01513	0.02002	0.04436	0.65936	0.08084	0.02392	0.00990	0.00314	0.00460	0.05233	0.00719	0.00635
117	0.01773	0.07951	0.02371	0.11839	0.05121	0.07317	0.06999	0.02130	0.01614	0.02252	0.01348	0.01738	0.01123	0.00761	0.00915	0.00198	0.10566	0.00581	0.03150	0.30251
118	0.01679	0.06344	0.45768	0.02766	0.14877	0.01884	0.10973	0.02440	0.01683	0.02446	0.01413	0.01731	0.01052	0.00714	0.00756	0.00242	0.01114	0.00633	0.00346	0.01141
119	0.00991	0.00803	0.00889	0.00909	0.01147	0.00701	0.00709	0.01234	0.01825	0.02260	0.14951	0.07444	0.50144	0.01942	0.00940	0.00274	0.00439	0.10988	0.00736	0.00674
120	0.00945	0.00675	0.00900	0.01080	0.01125	0.00630	0.00720	0.01080	0.01484	0.01979	0.04274	0.72245	0.05128	0.02429	0.00990	0.00315	0.00450	0.02204	0.00720	0.00630
121	0.02277	0.01788	0.02033	0.01633	0.05298	0.01742	0.01260	0.32899	0.02610	0.03678	0.01618	0.01747	0.01235	0.00754	0.00682	0.00178	0.00727	0.00587	0.00610	0.36646
122	0.09164	0.38566	0.05841	0.13283	0.05796	0.08388	0.01556	0.05475	0.01716	0.02224	0.01209	0.01477	0.01014	0.00717	0.00597	0.00201	0.00910	0.00503	0.00378	0.00983
123	0.01187	0.00873	0.01163	0.01308	0.01502	0.00848	0.01126	0.01514	0.01782	0.02278	0.04804	0.08507	0.16225	0.02109	0.01042	0.00339	0.00654	0.51320	0.00715	0.00703
124	0.00959	0.00787	0.00852	0.00891	0.01121	0.00680	0.00680	0.01168	0.01742	0.02110	0.07058	0.13970	0.53967	0.02031	0.00942	0.00278	0.00437	0.08949	0.00719	0.00659
125	0.12433	0.02093	0.16796	0.29333	0.17630	0.01777	0.04737	0.02231	0.01594	0.02433	0.01364	0.01830	0.01042	0.00736	0.00729	0.00247	0.00984	0.00636	0.00370	0.01005
126	0.12878	0.02091	0.02228	0.24501	0.03270	0.16444	0.04230	0.13400	0.01999	0.02693	0.01354	0.01738	0.01053	0.00853	0.00901	0.00247	0.08094	0.00620	0.00452	0.00953
127	0.02808	0.02037	0.02178	0.01686	0.02265	0.02249	0.01387	0.59437	0.03458	0.04701	0.01923	0.01957	0.01381	0.00928	0.00754	0.00228	0.00808	0.00700	0.07850	0.01263
128	0.02869	0.05632	0.02339	0.01710	0.02317	0.02336	0.01422	0.57902	0.03424	0.06784	0.01886	0.01893	0.01346	0.00917	0.00754	0.00228	0.00828	0.00688	0.03443	0.01282
129	0.01815	0.01983	0.08996	0.09328	0.42192	0.04022	0.02125	0.02500	0.09383	0.02513	0.02054	0.02363	0.05641	0.00831	0.00775	0.00239	0.00897	0.00757	0.00445	0.01141
130	0.01000	0.00718	0.00950	0.01042	0.01137	0.00667	0.00724	0.01220	0.01744	0.02392	0.27343	0.48000	0.05926	0.02121	0.00962	0.00289	0.00419	0.01912	0.00769	0.00667
131	0.01125	0.00761	0.00891	0.00889	0.00909	0.00772	0.00527	0.01165	0.01180	0.01593	0.04893	0.04909	0.02907	0.63673	0.10075	0.00779	0.00863	0.01110	0.00479	0.00501
132	0.01696	0.01696	0.02375	0.02036	0.02036	0.02375	0.01696	0.01866	0.01187	0.01866	0.01018	0.01696	0.01018	0.01357	0.02545	0.00339	0.71332	0.00679	0.00339	0.00848
133	0.02896	0.03695	0.02197	0.01998	0.02397	0.69638	0.01498	0.03096	0.02197	0.01898	0.01199	0.01398	0.00999	0.00799	0.00699	0.00200	0.01398	0.00499	0.00400	0.00899
134	0.01556	0.01231	0.01584	0.01557	0.07234	0.03899	0.04079	0.07133	0.04433	0.05637	0.37198	0.04684	0.07589	0.05292	0.01044	0.00274	0.00597	0.03373	0.00736	0.00868
135	0.01796	0.02021	0.06366	0.03184	0.23257	0.07837	0.25800	0.02281	0.01778	0.02355	0.02031	0.07374	0.04847	0.01126	0.04160	0.00297	0.01116	0.00917	0.00429	0.01027
136	0.02047	0.01687	0.01792	0.01585	0.02040	0.01933	0.01240	0.08095	0.60275	0.05525	0.03068	0.02817	0.02284	0.01041	0.00788	0.00260	0.00631	0.00862	0.00794	0.01236
137	0.03220	0.01375	0.01851	0.06251	0.02230	0.01274	0.01227	0.05728	0.06410	0.57448	0.02908	0.02590	0.01867	0.00952	0.00780	0.00242	0.00689	0.00777	0.00900	0.01282
138	0.02015	0.01677	0.01792	0.01648	0.05085	0.05107	0.01227	0.19213	0.27226	0.03451	0.14372	0.05985	0.05458	0.01176	0.00815	0.00249	0.00671	0.00979	0.00753	0.01100
139	0.01898	0.01706	0.02589	0.05810	0.05523	0.01587	0.17689	0.13838	0.02043	0.02906	0.01615	0.04116	0.01314	0.00737	0.00732	0.00194	0.00851	0.00700	0.00500	0.33652
140	0.02303	0.01694	0.02015	0.10957	0.05226	0.01888	0.01438	0.16782	0.32724	0.12599	0.02560	0.02487	0.01856	0.00961	0.00782	0.00251	0.00740	0.00792	0.00734	0.01211
141	0.01108	0.00831	0.01246	0.01246	0.01385	0.00969	0.00969	0.01385	0.01246	0.01800	0.02077	0.03046	0.01938	0.05815	0.69678	0.01246	0.02077	0.00831	0.00415	0.00692
142	0.01698	0.01329	0.01522	0.01450	0.01789	0.01463	0.01158	0.03084	0.38501	0.05613	0.10229	0.07229	0.03498	0.01428	0.00880	0.00285	0.00608	0.16426	0.00781	0.01028
143	0.02067	0.16185	0.36521	0.01976	0.02815	0.19874	0.02164	0.05630	0.01870	0.02313	0.01307	0.01515	0.01005	0.00749	0.00686	0.00219	0.01142	0.00531	0.00369	0.01062
144	0.00979	0.00699	0.00939	0.01119	0.01179	0.00660	0.00780	0.01139	0.01519	0.02018	0.04254	0.65032	0.05053	0.02397	0.00999	0.00320	0.00480	0.09075	0.00719	0.00639
145	0.01812	0.21316	0.43018	0.02104	0.05748	0.02100	0.05365	0.02485	0.01665	0.05587	0.01406	0.01621	0.01052	0.00723	0.00688	0.00225	0.01039	0.00564	0.00366	0.01115
146	0.02926	0.04117	0.11357	0.01520	0.02193	0.01418	0.01404	0.06871	0.06841	0.45414	0.02616	0.02376	0.01718	0.00904	0.00755	0.00233	0.00737	0.00725	0.00802	0.05073
147	0.01214	0.00839	0.01003	0.00976	0.01036	0.00879	0.00624	0.04376	0.01278	0.01734	0.02338	0.04490	0.02560	0.55186	0.17527	0.00829	0.01034	0.01044	0.00474	0.00559
148	0.01797	0.01955	0.04033	0.12401	0.15269	0.01909	0.45987	0.02400	0.01782	0.02426	0.01525	0.02058	0.01167	0.00676	0.00871	0.00256	0.01204	0.00847	0.00384	0.01053
149	0.01989	0.02145	0.05690	0.07377	0.49401	0.12026	0.02188	0.02418	0.01803	0.02384	0.01527	0.04703	0.01332	0.00784	0.00765	0.00231	0.00989	0.00718	0.00395	0.01132
150	0.02869	0.01335	0.01702	0.01346	0.01870	0.01228	0.01093	0.11936	0.02340	0.44691	0.09029	0.06198	0.06067	0.01122	0.00802	0.00240	0.00633	0.00926	0.00884	0.03691
151	0.02688	0.04651	0.01708	0.01301	0.01774	0.01187	0.01054	0.05275	0.04437	0.43162	0.13885	0.09912	0.03092	0.01197	0.00810	0.00245	0.00603	0.01007	0.00876	0.01134
152	0.02267	0.02131	0.05303	0.01668	0.02088	0.14464	0.01372	0.26862	0.05019	0.03158	0.01877	0.04675	0.01582	0.05073	0.10216	0.00397	0.06209	0.00754	0.03865	0.01019
153	0.02056	0.05594	0.01781	0.01522	0.01851	0.24023	0.01175	0.11782	0.04934	0.02611	0.09357	0.14832	0.02767	0.01502	0.04091	0.00287	0.00929	0.03959	0.04058	0.00890
154	0.58582	0.01402	0.01211	0.04043	0.01639	0.01615	0.00905	0.05010	0.01460	0.03303	0.01340	0.01607	0.01059	0.01105	0.05335	0.00305	0.00709	0.00502	0.08028	0.00840
155	0.05861	0.01998	0.05614	0.03981	0.49851	0.04899	0.05353	0.05188	0.01863	0.05802	0.01525	0.01892	0.01223	0.00720	0.00757	0.00232	0.00940	0.00680	0.00432	0.01190
156	0.01085	0.00783	0.01025	0.00984	0.01156	0.00723	0.00731	0.01431	0.02136	0.03015	0.62249	0.11315	0.07134	0.01655	0.00921	0.00250	0.00373	0.01469	0.00842	0.00723
157	0.01968	0.02109	0.07967	0.09952	0.39822	0.07992	0.02163	0.06930	0.01883	0.02546	0.01557	0.02177	0.01322	0.00833	0.00863	0.00243	0.04482	0.03652	0.00419	0.01121
158	0.02237	0.51128	0.03444	0.01479	0.02080	0.12168	0.01351	0.07244	0.08340	0.02202	0.01361	0.01476	0.01157	0.00741	0.00575	0.00185	0.00888	0.00494	0.00420	0.01029
159	0.01000	0.00716	0.00893	0.00989	0.01060	0.00671	0.00654	0.01138	0.01516	0.02018	0.11578	0.43797	0.10720	0.17621	0.01619	0.00397	0.00501	0.01823	0.00681	0.00609
160	0.02947	0.02172	0.02327	0.01784	0.02404	0.02404	0.01474	0.65329	0.03646	0.04887	0.01862	0.01862	0.01319	0.00931	0.00776	0.00233	0.00853	0.00698	0.00776	0.01319
161	0.01690	0.01164	0.01407	0.06996	0.01811	0.01182	0.01006	0.12898	0.05351	0.09332	0.23628	0.07913	0.16422	0.01405	0.00848	0.00248	0.00556	0.01192	0.04047	0.00904
162	0.01083	0.00766	0.01037	0.01085	0.01167	0.00817	0.00766	0.01259	0.01296	0.01821	0.02764	0.21814	0.02995	0.20811	0.32905	0.00838	0.01258	0.01261	0.03634	0.00624
163	0.01979	0.01691	0.01782	0.01588	0.02036	0.01952	0.01240	0.07170	0.63381	0.03325	0.03091	0.02841	0.02315	0.01046	0.00788	0.00261	0.00626	0.00868	0.00788	0.01232
164	0.01791	0.01854	0.02361	0.02033	0.02064	0.07679	0.01681	0.01963	0.01267	0.01868	0.01032	0.01673	0.01016	0.01313	0.02399	0.00328	0.65817	0.00664	0.00344	0.00852
165	0.01593	0.07372	0.62609	0.02214	0.03319	0.01871	0.05603	0.02450	0.01643	0.02425	0.01384	0.01638	0.00992	0.00729	0.00733	0.00242	0.01137	0.00581	0.00331	0.01134
166	0.01745	0.00879	0.01184	0.01174	0.01395	0.00791	0.00852	0.01933	0.01717	0.22985	0.03890	0.50249	0.04114	0.01965	0.00923	0.00291	0.00516	0.01754	0.00796	0.00848
167	0.01464	0.01378	0.02326	0.70887	0.05340	0.01723	0.02153	0.01981	0.01550	0.01981	0.01378	0.02067	0.01034	0.00775	0.00775	0.00258	0.01034	0.00689	0.00345	0.00861
168	0.01163	0.00677	0.00956	0.01034	0.01054	0.00657	0.00686	0.01045	0.01221	0.01629	0.02664	0.32947	0.03051	0.05182	0.02174	0.40944	0.00579	0.01358	0.00509	0.00470
169	0.01126	0.00911	0.01075	0.01098	0.03872	0.00851	0.00780	0.01587	0.07860	0.02648	0.32519	0.06112	0.33355	0.01668	0.00898	0.00253	0.00423	0.01429	0.00770	0.00763
170	0.01919	0.01842	0.03147	0.04759	0.67914	0.01842	0.02380	0.02380	0.01765	0.02533	0.01458	0.01919	0.01228	0.00691	0.00768	0.00230	0.00921	0.00691	0.00384	0.01228
171	0.02947	0.02172	0.02327	0.01784	0.02404	0.02404	0.01474	0.65329	0.03646	0.04887	0.01862	0.01862	0.01319	0.00931	0.00776	0.00233	0.00853	0.00698	0.00776	0.01319
172	0.01845	0.01656	0.05079	0.01329	0.02017	0.01345	0.01124	0.12648	0.05228	0.02953	0.01549	0.01716	0.01230	0.00666	0.00627	0.00148	0.00651	0.00526	0.00522	0.57141
173	0.03435	0.01390	0.01843	0.01413	0.02015	0.01244	0.01167	0.08876	0.02337	0.63187	0.02960	0.02575	0.01870	0.00957	0.00779	0.00239	0.00676	0.00773	0.00944	0.01319
174	0.01555	0.04011	0.68733	0.02210	0.03356	0.01801	0.02865	0.02455	0.01637	0.02455	0.01391	0.01637	0.00982	0.00737	0.00737	0.00246	0.01146	0.00573	0.00327	0.01146
175	0.00962	0.00701	0.00910	0.01063	0.01142	0.00649	0.00733	0.01122	0.01552	0.02045	0.06660	0.60216	0.11618	0.02340	0.00984	0.00309	0.00455	0.05176	0.00724	0.00640
176	0.02041	0.02019	0.02976	0.07536	0.55411	0.08614	0.02240	0.05279	0.01883	0.02550	0.01447	0.01872	0.01200	0.00717	0.00762	0.00229	0.00971	0.00672	0.00401	0.01182
177	0.00945	0.00675	0.00900	0.01080	0.01125	0.00630	0.00720	0.01080	0.01484	0.01979	0.04274	0.72245	0.05128	0.02429	0.00990	0.00315	0.00450	0.02204	0.00720	0.00630
178	0.01238	0.00884	0.01236	0.01415	0.01588	0.00882	0.01229	0.01586	0.01773	0.02307	0.04112	0.11171	0.04488	0.02153	0.01068	0.00355	0.00704	0.60385	0.00714	0.00711
179	0.01541	0.01456	0.02464	0.59744	0.15884	0.01743	0.02191	0.02048	0.01587	0.02074	0.01392	0.02042	0.01066	0.00761	0.00774	0.00254	0.01015	0.00689	0.00351	0.00923
180	0.01795	0.23490	0.40936	0.02049	0.02986	0.05556	0.08272	0.02452	0.01666	0.02251	0.01310	0.01556	0.01005	0.00711	0.00684	0.00222	0.01084	0.00557	0.00338	0.01081
181	0.02977	0.02125	0.02298	0.01762	0.02381	0.02335	0.01455	0.61936	0.03567	0.08390	0.01928	0.01904	0.01352	0.00932	0.00776	0.00233	0.00843	0.00703	0.00786	0.01319
182	0.03479	0.01320	0.01799	0.01380	0.01979	0.01140	0.01140	0.03779	0.02219	0.68451	0.03059	0.02639	0.01919	0.00960	0.00780	0.00240	0.00660	0.00780	0.00960	0.01320
183	0.02967	0.02140	0.02307	0.01769	0.02389	0.02357	0.01461	0.63016	0.03592	0.07275	0.01907	0.01891	0.01341	0.00932	0.00776	0.00233	0.00846	0.00701	0.00783	0.01319
184	0.00916	0.00785	0.00785	0.00785	0.01047	0.00655	0.00589	0.01113	0.01767	0.02095	0.07855	0.07462	0.67599	0.01964	0.00916	0.00262	0.00393	0.01636	0.00720	0.00655
185	0.14378	0.01346	0.01703	0.01327	0.01909	0.01227	0.01096	0.03560	0.02088	0.58977	0.02770	0.02438	0.01762	0.00925	0.00736	0.00240	0.00651	0.00727	0.00890	0.01250
186	0.01445	0.00723	0.00723	0.00723	0.00903	0.00723	0.00542	0.01807	0.01626	0.02891	0.02529	0.02891	0.01987	0.00903	0.00542	0.00181	0.00361	0.00723	0.77055	0.00723
187	0.01830	0.02092	0.04575	0.03268	0.04052	0.01961	0.65098	0.02484	0.01830	0.02484	0.01569	0.02092	0.01176	0.00654	0.00915	0.00261	0.01307	0.00915	0.00392	0.01046
188	0.16460	0.01393	0.01711	0.01337	0.01917	0.01307	0.01104	0.06584	0.02134	0.53978	0.02655	0.02360	0.01702	0.00916	0.00727	0.00240	0.00659	0.00713	0.00867	0.01236
189	0.00993	0.00753	0.01102	0.01200	0.01286	0.00703	0.04268	0.01157	0.01504	0.02007	0.04124	0.68378	0.04910	0.02331	0.00986	0.00312	0.00497	0.02133	0.00702	0.00653
190	0.00940	0.00693	0.00880	0.01030	0.01112	0.00634	0.00698	0.01085	0.01532	0.01999	0.04876	0.61346	0.15638	0.02351	0.00977	0.00306	0.00440	0.02109	0.00720	0.00634
191	0.01797	0.01958	0.04017	0.03348	0.14902	0.01907	0.47139	0.02362	0.01761	0.02429	0.01636	0.05209	0.01354	0.00786	0.00999	0.00264	0.05765	0.00919	0.00402	0.01046
192	0.01929	0.01666	0.01753	0.01578	0.02016	0.01929	0.01227	0.04120	0.66513	0.03243	0.03156	0.02893	0.02367	0.01052	0.00789	0.00263	0.00614	0.00877	0.00789	0.01227
193	0.01217	0.00875	0.01208	0.01378	0.01553	0.00867	0.01188	0.01554	0.01768	0.02291	0.04295	0.12184	0.07541	0.02149	0.01059	0.00350	0.00684	0.56419	0.00715	0.00706
194	0.01009	0.00720	0.00935	0.01082	0.01149	0.00683	0.00752	0.01160	0.01491	0.01968	0.04178	0.51469	0.07739	0.11773	0.01393	0.00377	0.00524	0.10292	0.00686	0.00621
195	0.01576	0.01529	0.02240	0.01926	0.01995	0.02050	0.04694	0.01793	0.01232	0.01882	0.01274	0.02008	0.01225	0.02287	0.16992	0.00532	0.52859	0.00723	0.00358	0.00824
196	0.02947	0.02172	0.02327	0.01784	0.02404	0.02404	0.01474	0.65329	0.03646	0.04887	0.01862	0.01862	0.01319	0.00931	0.00776	0.00233	0.00853	0.00698	0.00776	0.01319
197	0.01901	0.01824	0.03114	0.07419	0.65398	0.01837	0.02370	0.02364	0.01757	0.02511	0.01455	0.01925	0.01220	0.00694	0.00768	0.00231	0.00926	0.00691	0.00382	0.01213
198	0.12607	0.01400	0.01480	0.01342	0.01718	0.01540	0.01039	0.08966	0.29173	0.06300	0.07883	0.14657	0.06102	0.01305	0.00793	0.00263	0.00581	0.01090	0.00742	0.01020
199	0.01309	0.01016	0.01336	0.01250	0.01333	0.01198	0.00921	0.04548	0.01308	0.01847	0.02028	0.03563	0.02099	0.31535	0.28328	0.00841	0.13520	0.00916	0.00442	0.00662
200	0.01608	0.01378	0.01608	0.01148	0.01837	0.01034	0.00919	0.01952	0.01608	0.02527	0.01378	0.01608	0.01148	0.00574	0.00574	0.00115	0.00574	0.00459	0.00459	0.77491
201	0.01649	0.23614	0.02441	0.01495	0.01767	0.05395	0.01272	0.01873	0.01375	0.01816	0.01465	0.02147	0.01400	0.05841	0.24420	0.00602	0.19569	0.00659	0.00371	0.00827
202	0.01555	0.04011	0.68733	0.02210	0.03356	0.01801	0.02865	0.02455	0.01637	0.02455	0.01391	0.01637	0.00982	0.00737	0.00737	0.00246	0.01146	0.00573	0.00327	0.01146
203	0.55394	0.01659	0.01401	0.01199	0.01691	0.05123	0.00978	0.11032	0.01785	0.08513	0.04014	0.01636	0.01256	0.00806	0.00571	0.00237	0.00669	0.00529	0.00568	0.00940
204	0.01127	0.00848	0.01125	0.04029	0.01544	0.00824	0.01041	0.01414	0.01716	0.02193	0.04865	0.19878	0.18576	0.02100	0.01009	0.00324	0.00606	0.35388	0.00701	0.00691
205	0.00961	0.00687	0.00919	0.01099	0.01151	0.00644	0.00749	0.01109	0.01501	0.01998	0.04264	0.68744	0.05091	0.02413	0.00994	0.00317	0.00464	0.05539	0.00719	0.00634
