[name]
unknown

[dist]
# distance from previous block
# <min> <max>
40	83

[block]
# block no. 0 follows, 27 sequences, length 41
# corresponding to MSA columns:
# 101-141
name=unknown_A
#
# <colnr> <probs for GDERKNQSTAVLIFYWHMCP>
#	G	D	E	R	K	N	Q	S	T	A	V	L	I	F	Y	W	H	M	C	P
0	0.04090	0.09187	0.05454	0.01411	0.01774	0.22591	0.01173	0.02219	0.04461	0.04955	0.22800	0.05725	0.03348	0.01162	0.00757	0.00225	0.00796	0.06455	0.00582	0.00835
1	0.14483	0.16713	0.04287	0.01763	0.09123	0.10612	0.04080	0.11128	0.01843	0.02598	0.03654	0.06001	0.01531	0.04815	0.00810	0.00235	0.00818	0.00669	0.00466	0.04372
2	0.17821	0.01263	0.04931	0.01125	0.01449	0.04032	0.02809	0.01663	0.01599	0.02532	0.20290	0.13072	0.05509	0.09821	0.01089	0.00286	0.00584	0.01040	0.00579	0.08506
3	0.06765	0.04534	0.17044	0.04676	0.02709	0.05443	0.17794	0.04715	0.11228	0.05488	0.08211	0.04403	0.01920	0.00872	0.00758	0.00238	0.00907	0.00793	0.00506	0.00997
4	0.07183	0.04614	0.10912	0.01391	0.01897	0.11278	0.01249	0.10745	0.02035	0.13001	0.10298	0.05152	0.12554	0.01087	0.00735	0.00223	0.00742	0.00862	0.00614	0.03428
5	0.43735	0.01373	0.01375	0.05434	0.05372	0.01545	0.01005	0.09976	0.01633	0.03098	0.06737	0.04474	0.01686	0.05609	0.03939	0.00306	0.00695	0.00657	0.00515	0.00839
6	0.04472	0.03172	0.46993	0.02471	0.15045	0.04791	0.02420	0.02393	0.01611	0.05256	0.01381	0.01637	0.01019	0.00730	0.00764	0.00233	0.03595	0.00573	0.00358	0.01087
7	0.01577	0.01517	0.02632	0.44108	0.27804	0.01703	0.05923	0.02060	0.01573	0.02112	0.01357	0.01930	0.01064	0.00707	0.00747	0.00238	0.00967	0.00673	0.00346	0.00960
8	0.00904	0.00646	0.00861	0.01034	0.01077	0.00603	0.00689	0.01034	0.01421	0.01895	0.04092	0.73426	0.04910	0.02326	0.00948	0.00301	0.00431	0.02110	0.00689	0.00603
9	0.01061	0.00795	0.01193	0.01193	0.01326	0.00928	0.00928	0.01326	0.01193	0.01723	0.01988	0.02916	0.01856	0.05568	0.70968	0.01193	0.01988	0.00795	0.00398	0.00663
10	0.00904	0.00646	0.00861	0.01034	0.01077	0.00603	0.00689	0.01034	0.01421	0.01895	0.04092	0.73426	0.04910	0.02326	0.00948	0.00301	0.00431	0.02110	0.00689	0.00603
11	0.79154	0.01436	0.01091	0.00976	0.01436	0.01665	0.00804	0.02182	0.01263	0.03331	0.01034	0.01206	0.00804	0.00689	0.00459	0.00230	0.00574	0.00402	0.00459	0.00804
12	0.01168	0.00830	0.01143	0.01300	0.01449	0.00827	0.01103	0.01468	0.01639	0.02137	0.03811	0.12284	0.04185	0.07930	0.01245	0.00370	0.00670	0.55116	0.00665	0.00659
13	0.01985	0.74357	0.03890	0.01270	0.01905	0.02937	0.01270	0.02223	0.01508	0.01747	0.01032	0.01191	0.00953	0.00635	0.00476	0.00159	0.00794	0.00397	0.00318	0.00953
14	0.01080	0.00720	0.00810	0.00810	0.00810	0.00720	0.00450	0.01080	0.01080	0.01439	0.02339	0.04858	0.02699	0.73910	0.03779	0.00720	0.00720	0.01080	0.00450	0.00450
15	0.79154	0.01436	0.01091	0.00976	0.01436	0.01665	0.00804	0.02182	0.01263	0.03331	0.01034	0.01206	0.00804	0.00689	0.00459	0.00230	0.00574	0.00402	0.00459	0.00804
16	0.01846	0.01595	0.01679	0.01511	0.01930	0.01846	0.01175	0.03945	0.67938	0.03105	0.03022	0.02770	0.02266	0.01007	0.00755	0.00252	0.00588	0.00839	0.00755	0.01175
17	0.02822	0.02079	0.02228	0.01708	0.02302	0.02302	0.01411	0.66804	0.03490	0.04679	0.01782	0.01782	0.01262	0.00891	0.00743	0.00223	0.00817	0.00668	0.00743	0.01262
18	0.79154	0.01436	0.01091	0.00976	0.01436	0.01665	0.00804	0.02182	0.01263	0.03331	0.01034	0.01206	0.00804	0.00689	0.00459	0.00230	0.00574	0.00402	0.00459	0.00804
19	0.06726	0.01271	0.01695	0.01305	0.01875	0.01117	0.01078	0.03554	0.02086	0.66818	0.02844	0.02468	0.01791	0.00909	0.00734	0.00230	0.00629	0.00731	0.00898	0.01243
20	0.01402	0.01319	0.02227	0.72126	0.05113	0.01649	0.02062	0.01897	0.01484	0.01897	0.01319	0.01979	0.00990	0.00742	0.00742	0.00247	0.00990	0.00660	0.00330	0.00825
21	0.01072	0.00750	0.00963	0.00963	0.01017	0.00803	0.00642	0.01178	0.01125	0.01553	0.02198	0.04079	0.02361	0.46505	0.30721	0.00910	0.01228	0.00966	0.00429	0.00535
22	0.02842	0.01380	0.01717	0.01379	0.01901	0.01343	0.01118	0.07535	0.18833	0.46516	0.05249	0.02650	0.02096	0.00961	0.00753	0.00235	0.00622	0.00787	0.00863	0.01221
23	0.00924	0.00690	0.00860	0.00952	0.01066	0.00626	0.00663	0.01106	0.01603	0.02111	0.16331	0.46461	0.19734	0.02082	0.00919	0.00278	0.00404	0.01852	0.00712	0.00626
24	0.00889	0.00752	0.00768	0.00764	0.01010	0.00631	0.00573	0.01087	0.01719	0.02068	0.11480	0.07041	0.64980	0.01857	0.00877	0.00250	0.00374	0.01552	0.00698	0.00631
25	0.02103	0.63734	0.03622	0.01367	0.01964	0.13136	0.01295	0.02334	0.01598	0.01757	0.01049	0.01213	0.00953	0.00655	0.00505	0.00164	0.00876	0.00409	0.00327	0.00939
26	0.06641	0.02269	0.14634	0.03514	0.43473	0.08228	0.02155	0.02322	0.01651	0.02377	0.01316	0.01692	0.01080	0.00715	0.00799	0.00227	0.04847	0.00608	0.00363	0.01090
27	0.01635	0.19016	0.14314	0.08874	0.03096	0.01941	0.26655	0.02143	0.01585	0.02110	0.01543	0.06401	0.01329	0.01052	0.04858	0.00285	0.01085	0.00765	0.00369	0.00943
28	0.74706	0.01426	0.01128	0.00996	0.01463	0.01632	0.00821	0.02266	0.01314	0.07229	0.01145	0.01283	0.00865	0.00703	0.00476	0.00230	0.00578	0.00422	0.00486	0.00831
29	0.04288	0.05240	0.11749	0.01584	0.02119	0.09320	0.05168	0.06554	0.21701	0.08134	0.05118	0.02888	0.10930	0.01010	0.00743	0.00233	0.00773	0.00825	0.00605	0.01019
30	0.00940	0.00789	0.00823	0.00827	0.01065	0.00694	0.00615	0.01234	0.05293	0.02098	0.09684	0.12889	0.56745	0.01857	0.00877	0.00255	0.00391	0.01567	0.00699	0.00658
31	0.01535	0.01490	0.02434	0.18885	0.07998	0.01817	0.10969	0.01877	0.01383	0.01991	0.01412	0.04853	0.01266	0.01277	0.05265	0.00327	0.29814	0.00755	0.03802	0.00848
32	0.03259	0.01379	0.01794	0.01376	0.01953	0.01262	0.01136	0.12546	0.02318	0.60593	0.02767	0.02422	0.01756	0.00915	0.00746	0.00229	0.00658	0.00736	0.00894	0.01263
33	0.01542	0.03468	0.56768	0.02321	0.03348	0.01755	0.15666	0.02356	0.01605	0.02356	0.01367	0.01655	0.00978	0.00689	0.00740	0.00238	0.01128	0.00615	0.00326	0.01078
34	0.60760	0.01421	0.01342	0.01127	0.01620	0.01556	0.03302	0.02483	0.01458	0.16903	0.01439	0.01506	0.01028	0.00734	0.00534	0.00230	0.00611	0.00490	0.00550	0.00905
35	0.01821	0.01748	0.02985	0.07023	0.66937	0.01760	0.02270	0.02264	0.01683	0.02406	0.01394	0.01843	0.01169	0.00664	0.00735	0.00221	0.00886	0.00661	0.00366	0.01163
36	0.01437	0.01355	0.02289	0.66753	0.10215	0.01658	0.02079	0.01927	0.01501	0.01939	0.01326	0.01968	0.01004	0.00736	0.00742	0.00245	0.00981	0.00660	0.00333	0.00853
37	0.01552	0.10185	0.57431	0.02059	0.03032	0.01877	0.04589	0.02304	0.01540	0.02259	0.01287	0.01550	0.00950	0.00735	0.00801	0.00234	0.05684	0.00552	0.00317	0.01062
38	0.01061	0.00795	0.01193	0.01193	0.01326	0.00928	0.00928	0.01326	0.01193	0.01723	0.01988	0.02916	0.01856	0.05568	0.70968	0.01193	0.01988	0.00795	0.00398	0.00663
39	0.01539	0.01319	0.01539	0.01100	0.01759	0.00990	0.00880	0.01869	0.01539	0.02419	0.01319	0.01539	0.01100	0.00550	0.00550	0.00110	0.00550	0.00440	0.00440	0.78449
40	0.01303	0.01172	0.03296	0.04031	0.06922	0.02909	0.03142	0.04002	0.01559	0.02145	0.02813	0.39191	0.03135	0.03888	0.00964	0.00264	0.02766	0.01390	0.00562	0.14548

[dist]
# distance from previous block
# <min> <max>
1	20

[block]
# block no. 1 follows, 27 sequences, length 47
# corresponding to MSA columns:
# 162-208
name=unknown_B
#
# <colnr> <probs for GDERKNQSTAVLIFYWHMCP>
#	G	D	E	R	K	N	Q	S	T	A	V	L	I	F	Y	W	H	M	C	P
0	0.01317	0.01008	0.01407	0.01680	0.08846	0.01020	0.01253	0.04033	0.04741	0.02336	0.03673	0.12994	0.05970	0.01830	0.00960	0.00314	0.00672	0.44520	0.00656	0.00771
1	0.02375	0.02102	0.02400	0.08885	0.20752	0.11439	0.01698	0.31821	0.05546	0.03352	0.01605	0.01799	0.01218	0.00803	0.00731	0.00221	0.00911	0.00647	0.00555	0.01140
2	0.18883	0.06582	0.42001	0.02059	0.09369	0.01797	0.02147	0.02278	0.01493	0.02525	0.01243	0.01497	0.00936	0.00716	0.00707	0.00232	0.03639	0.00523	0.00352	0.01022
3	0.05524	0.16483	0.52388	0.01982	0.04995	0.01943	0.02362	0.02317	0.01545	0.02293	0.01265	0.01489	0.00943	0.00690	0.00652	0.00220	0.01009	0.00517	0.00323	0.01059
4	0.02140	0.01742	0.02158	0.07675	0.15724	0.01918	0.01526	0.27875	0.20000	0.03482	0.06384	0.02317	0.01866	0.00905	0.00753	0.00233	0.00752	0.00756	0.00644	0.01151
5	0.01154	0.00924	0.01315	0.07322	0.01768	0.00934	0.03651	0.01476	0.01708	0.02222	0.12262	0.08851	0.17934	0.01765	0.00989	0.00295	0.02971	0.31111	0.00647	0.00700
6	0.04968	0.71538	0.03782	0.01259	0.01887	0.02888	0.01252	0.02221	0.01499	0.01808	0.01032	0.01191	0.00947	0.00637	0.00476	0.00162	0.00785	0.00397	0.00323	0.00947
7	0.01289	0.00645	0.00967	0.00967	0.00967	0.00645	0.00645	0.00967	0.00967	0.01289	0.01289	0.02257	0.01289	0.02579	0.02901	0.78401	0.00645	0.00645	0.00322	0.00322
8	0.01673	0.00898	0.01156	0.01019	0.01316	0.00796	0.00789	0.01966	0.02006	0.22062	0.36241	0.08022	0.16183	0.01444	0.00842	0.00238	0.00440	0.01244	0.00819	0.00846
9	0.01848	0.01695	0.02777	0.27621	0.06700	0.01876	0.18493	0.17438	0.02015	0.02699	0.01547	0.04223	0.01224	0.00832	0.00894	0.00248	0.05670	0.00764	0.00453	0.00982
10	0.02822	0.02079	0.02228	0.01708	0.02302	0.02302	0.01411	0.66804	0.03490	0.04679	0.01782	0.01782	0.01262	0.00891	0.00743	0.00223	0.00817	0.00668	0.00743	0.01262
11	0.01289	0.00645	0.00967	0.00967	0.00967	0.00645	0.00645	0.00967	0.00967	0.01289	0.01289	0.02257	0.01289	0.02579	0.02901	0.78401	0.00645	0.00645	0.00322	0.00322
12	0.01818	0.01744	0.02978	0.07622	0.66368	0.01759	0.02268	0.02261	0.01681	0.02401	0.01393	0.01844	0.01167	0.00665	0.00735	0.00222	0.00887	0.00661	0.00366	0.01160
13	0.02080	0.11795	0.11294	0.01540	0.03904	0.01674	0.01361	0.08841	0.17521	0.16716	0.08638	0.07098	0.02311	0.01010	0.00730	0.00230	0.00692	0.00829	0.00658	0.01078
14	0.01846	0.01595	0.01679	0.01511	0.01930	0.01846	0.01175	0.03945	0.67938	0.03105	0.03022	0.02770	0.02266	0.01007	0.00755	0.00252	0.00588	0.00839	0.00755	0.01175
15	0.00903	0.00650	0.00857	0.01023	0.01074	0.00604	0.00684	0.01035	0.01431	0.01899	0.04220	0.70954	0.07299	0.02309	0.00945	0.00300	0.00429	0.02090	0.00689	0.00604
16	0.01072	0.00716	0.00812	0.00820	0.00822	0.00715	0.00460	0.01078	0.01095	0.01460	0.02417	0.07910	0.02797	0.70724	0.03652	0.00701	0.00707	0.01125	0.00460	0.00457
17	0.05813	0.01744	0.02030	0.01626	0.02109	0.01889	0.05491	0.45851	0.02841	0.03883	0.02215	0.16815	0.01999	0.01166	0.00782	0.00241	0.00753	0.00973	0.00695	0.01086
18	0.00904	0.00646	0.00861	0.01034	0.01077	0.00603	0.00689	0.01034	0.01421	0.01895	0.04092	0.73426	0.04910	0.02326	0.00948	0.00301	0.00431	0.02110	0.00689	0.00603
19	0.00904	0.00646	0.00861	0.01034	0.01077	0.00603	0.00689	0.01034	0.01421	0.01895	0.04092	0.73426	0.04910	0.02326	0.00948	0.00301	0.00431	0.02110	0.00689	0.00603
20	0.04261	0.13500	0.58519	0.01959	0.02970	0.01890	0.02472	0.02327	0.01549	0.02302	0.01280	0.01503	0.00937	0.00695	0.00665	0.00224	0.01037	0.00523	0.00319	0.01067
21	0.02114	0.67348	0.03682	0.01275	0.01904	0.02760	0.01253	0.02357	0.01568	0.08272	0.01214	0.01319	0.01038	0.00662	0.00502	0.00166	0.00778	0.00430	0.00375	0.00982
22	0.00953	0.00755	0.00857	0.00831	0.01049	0.00659	0.00623	0.01212	0.01870	0.02429	0.34268	0.06447	0.41967	0.01722	0.00877	0.00243	0.00365	0.01469	0.00745	0.00659
23	0.01539	0.01319	0.01539	0.01100	0.01759	0.00990	0.00880	0.01869	0.01539	0.02419	0.01319	0.01539	0.01100	0.00550	0.00550	0.00110	0.00550	0.00440	0.00440	0.78449
24	0.01366	0.01130	0.01151	0.01085	0.01317	0.08034	0.00815	0.05548	0.01969	0.05011	0.30782	0.14430	0.18011	0.01747	0.03972	0.00284	0.00581	0.01319	0.00709	0.00742
25	0.02036	0.07266	0.06672	0.01765	0.02128	0.07798	0.01516	0.16181	0.15846	0.02714	0.01619	0.01841	0.01302	0.01021	0.01325	0.00259	0.26533	0.00655	0.00508	0.01017
26	0.00959	0.00696	0.00891	0.00990	0.01078	0.00655	0.00687	0.01126	0.01511	0.02012	0.12678	0.44359	0.11759	0.09628	0.03866	0.00366	0.00515	0.04945	0.00670	0.00609
27	0.01402	0.01319	0.02227	0.72126	0.05113	0.01649	0.02062	0.01897	0.01484	0.01897	0.01319	0.01979	0.00990	0.00742	0.00742	0.00247	0.00990	0.00660	0.00330	0.00825
28	0.02107	0.01823	0.06815	0.02101	0.15701	0.01652	0.01495	0.21878	0.02189	0.07483	0.01569	0.01743	0.01197	0.00739	0.00741	0.00191	0.03457	0.00590	0.00536	0.25992
29	0.01240	0.00875	0.01173	0.01187	0.01281	0.00936	0.00867	0.01399	0.01473	0.07510	0.07789	0.46250	0.06344	0.04513	0.01275	0.00308	0.12593	0.01646	0.00647	0.00694
30	0.00998	0.00757	0.00919	0.00879	0.01077	0.00678	0.00659	0.01299	0.01977	0.02682	0.50281	0.06030	0.25795	0.01628	0.00876	0.00239	0.00358	0.01411	0.00778	0.00678
31	0.02823	0.01374	0.01719	0.01354	0.01867	0.01321	0.01105	0.16242	0.05734	0.43472	0.12198	0.02821	0.02486	0.01004	0.00765	0.00230	0.00627	0.00821	0.00860	0.01178
32	0.02865	0.02011	0.02186	0.01676	0.02268	0.02201	0.01384	0.61499	0.03376	0.10146	0.01879	0.01845	0.01311	0.00893	0.00743	0.00223	0.00801	0.00675	0.00757	0.01263
33	0.00893	0.00757	0.00774	0.00782	0.01029	0.00638	0.00595	0.01089	0.01693	0.02016	0.07343	0.07205	0.65782	0.01889	0.00885	0.00255	0.00391	0.04665	0.00689	0.00630
34	0.02892	0.01967	0.02158	0.01655	0.02246	0.02135	0.01367	0.58074	0.03302	0.13676	0.01941	0.01885	0.01342	0.00895	0.00743	0.00224	0.00791	0.00679	0.00767	0.01263
35	0.00893	0.00725	0.00792	0.00834	0.01027	0.00624	0.00603	0.01074	0.01642	0.02025	0.09661	0.24295	0.49262	0.01978	0.00896	0.00263	0.00389	0.01697	0.00696	0.00624
36	0.01985	0.74357	0.03890	0.01270	0.01905	0.02937	0.01270	0.02223	0.01508	0.01747	0.01032	0.01191	0.00953	0.00635	0.00476	0.00159	0.00794	0.00397	0.00318	0.00953
37	0.79154	0.01436	0.01091	0.00976	0.01436	0.01665	0.00804	0.02182	0.01263	0.03331	0.01034	0.01206	0.00804	0.00689	0.00459	0.00230	0.00574	0.00402	0.00459	0.00804
38	0.01846	0.01595	0.01679	0.01511	0.01930	0.01846	0.01175	0.03945	0.67938	0.03105	0.03022	0.02770	0.02266	0.01007	0.00755	0.00252	0.00588	0.00839	0.00755	0.01175
39	0.02822	0.02079	0.02228	0.01708	0.02302	0.02302	0.01411	0.66804	0.03490	0.04679	0.01782	0.01782	0.01262	0.00891	0.00743	0.00223	0.00817	0.00668	0.00743	0.01262
40	0.03298	0.01317	0.01756	0.01346	0.01922	0.01170	0.01112	0.07747	0.02214	0.65538	0.02854	0.02478	0.01800	0.00917	0.00746	0.00229	0.00644	0.00741	0.00907	0.01263
41	0.01846	0.01595	0.01679	0.01511	0.01930	0.01846	0.01175	0.03945	0.67938	0.03105	0.03022	0.02770	0.02266	0.01007	0.00755	0.00252	0.00588	0.00839	0.00755	0.01175
42	0.01846	0.01595	0.01679	0.01511	0.01930	0.01846	0.01175	0.03945	0.67938	0.03105	0.03022	0.02770	0.02266	0.01007	0.00755	0.00252	0.00588	0.00839	0.00755	0.01175
43	0.00926	0.00717	0.00851	0.00947	0.01097	0.00642	0.00692	0.01106	0.01574	0.01981	0.05593	0.36590	0.33227	0.02097	0.00925	0.00284	0.00435	0.09004	0.00689	0.00623
44	0.00877	0.00752	0.00752	0.00752	0.01003	0.00627	0.00564	0.01065	0.01692	0.02005	0.07520	0.07144	0.68978	0.01880	0.00877	0.00251	0.00376	0.01567	0.00689	0.00627
45	0.00977	0.00735	0.00908	0.00942	0.01103	0.00666	0.00697	0.01225	0.01786	0.02380	0.30820	0.23838	0.22930	0.01864	0.00906	0.00264	0.00402	0.06164	0.00740	0.00654
46	0.02111	0.63021	0.03604	0.01373	0.01968	0.13821	0.01297	0.02342	0.01604	0.01758	0.01051	0.01215	0.00953	0.00656	0.00507	0.00164	0.00881	0.00410	0.00328	0.00938

[dist]
# distance from previous block
# <min> <max>
0	27

[block]
# block no. 2 follows, 27 sequences, length 52
# corresponding to MSA columns:
# 236-287
name=unknown_C
#
# <colnr> <probs for GDERKNQSTAVLIFYWHMCP>
#	G	D	E	R	K	N	Q	S	T	A	V	L	I	F	Y	W	H	M	C	P
0	0.07052	0.02001	0.02164	0.05589	0.02410	0.02230	0.01413	0.59541	0.03253	0.04448	0.01714	0.01761	0.01221	0.00871	0.00727	0.00225	0.00813	0.00653	0.00704	0.01212
1	0.01842	0.05444	0.16720	0.08021	0.13725	0.15419	0.01776	0.02590	0.13183	0.02301	0.01686	0.01950	0.01330	0.01117	0.05714	0.00290	0.01026	0.00631	0.04238	0.00997
2	0.02191	0.04405	0.01950	0.01571	0.02059	0.02045	0.01261	0.25743	0.43113	0.03603	0.02518	0.02369	0.01869	0.00953	0.00741	0.00238	0.00675	0.00764	0.00735	0.01197
3	0.69587	0.01732	0.09588	0.01117	0.01655	0.01673	0.01043	0.02203	0.01301	0.03210	0.01070	0.01250	0.00821	0.00691	0.00490	0.00230	0.00639	0.00420	0.00441	0.00840
4	0.01496	0.03683	0.65209	0.04528	0.03303	0.01728	0.05204	0.02337	0.01572	0.02337	0.01338	0.01598	0.00949	0.00703	0.00713	0.00236	0.01100	0.00565	0.00316	0.01084
5	0.01574	0.01238	0.01468	0.01102	0.01670	0.00984	0.00875	0.01976	0.04356	0.06288	0.12217	0.02281	0.02127	0.00743	0.00621	0.00142	0.00524	0.00617	0.00539	0.58657
6	0.00911	0.00649	0.00859	0.01025	0.01067	0.00607	0.00680	0.01035	0.01408	0.01878	0.04026	0.70844	0.04827	0.05021	0.01054	0.00317	0.00442	0.02072	0.00680	0.00597
7	0.04991	0.01006	0.01167	0.01027	0.01281	0.01029	0.00784	0.12315	0.01760	0.11133	0.01999	0.02367	0.01569	0.01363	0.01268	0.22748	0.00554	0.00670	0.30215	0.00755
8	0.01499	0.01470	0.02644	0.54717	0.11036	0.01697	0.12337	0.02010	0.01547	0.02024	0.01356	0.01969	0.01029	0.00716	0.00763	0.00245	0.01021	0.00694	0.00341	0.00886
9	0.01688	0.01315	0.01555	0.01118	0.01771	0.00998	0.00897	0.02014	0.01588	0.08014	0.01453	0.01621	0.01161	0.00580	0.00566	0.00120	0.00557	0.00465	0.00480	0.72039
10	0.01036	0.00710	0.00861	0.00902	0.00926	0.00713	0.00555	0.01094	0.01172	0.01576	0.02719	0.20915	0.03137	0.49961	0.09969	0.00669	0.00781	0.01295	0.00501	0.00508
11	0.00904	0.00646	0.00861	0.01034	0.01077	0.00603	0.00689	0.01034	0.01421	0.01895	0.04092	0.73426	0.04910	0.02326	0.00948	0.00301	0.00431	0.02110	0.00689	0.00603
12	0.01061	0.00795	0.01193	0.01193	0.01326	0.00928	0.00928	0.01326	0.01193	0.01723	0.01988	0.02916	0.01856	0.05568	0.70968	0.01193	0.01988	0.00795	0.00398	0.00663
13	0.02773	0.03538	0.02104	0.01913	0.02295	0.70930	0.01434	0.02964	0.02104	0.01817	0.01148	0.01339	0.00956	0.00765	0.00669	0.00191	0.01339	0.00478	0.00383	0.00861
14	0.01546	0.03444	0.55917	0.02334	0.03357	0.01757	0.16493	0.02357	0.01607	0.02357	0.01369	0.01661	0.00980	0.00688	0.00742	0.00238	0.01130	0.00619	0.00327	0.01076
15	0.02774	0.02056	0.02201	0.01698	0.02284	0.02280	0.01399	0.63716	0.06656	0.04601	0.01843	0.01831	0.01312	0.00897	0.00743	0.00224	0.00806	0.00677	0.00743	0.01258
16	0.01384	0.00692	0.00692	0.00692	0.00865	0.00692	0.00519	0.01730	0.01557	0.02768	0.02422	0.02768	0.01903	0.00865	0.00519	0.00173	0.00346	0.00692	0.78031	0.00692
17	0.01832	0.01430	0.01652	0.01203	0.01848	0.01191	0.00971	0.11649	0.01863	0.06559	0.01479	0.01631	0.01166	0.00622	0.00590	0.00134	0.00594	0.00491	0.00512	0.62584
18	0.01936	0.67393	0.10425	0.01354	0.02035	0.02818	0.01416	0.02236	0.01514	0.01806	0.01062	0.01228	0.00951	0.00642	0.00499	0.00166	0.00824	0.00412	0.00317	0.00967
19	0.03307	0.01301	0.01746	0.01339	0.01914	0.01147	0.01106	0.06534	0.02188	0.66789	0.02876	0.02492	0.01811	0.00918	0.00746	0.00229	0.00640	0.00743	0.00911	0.01263
20	0.00913	0.00652	0.00869	0.01028	0.01079	0.00608	0.00690	0.01054	0.01459	0.01955	0.07709	0.69637	0.05027	0.02281	0.00944	0.00298	0.00426	0.02068	0.00696	0.00608
21	0.01650	0.01385	0.01599	0.01152	0.01806	0.01103	0.00926	0.07483	0.01708	0.02614	0.01359	0.01560	0.01114	0.00579	0.00566	0.00120	0.00573	0.00460	0.00466	0.71775
22	0.01436	0.01376	0.12065	0.01249	0.01634	0.00999	0.01135	0.01936	0.07965	0.11141	0.07994	0.20259	0.18633	0.01580	0.00851	0.00265	0.00585	0.07382	0.00673	0.00842
23	0.01044	0.00759	0.00983	0.00927	0.01105	0.00697	0.00695	0.01387	0.02085	0.02938	0.66420	0.05610	0.09497	0.01532	0.00876	0.00234	0.00351	0.01352	0.00812	0.00697
24	0.01838	0.01754	0.02939	0.04387	0.65520	0.01768	0.02217	0.02371	0.05388	0.02463	0.01487	0.01889	0.01237	0.00681	0.00736	0.00222	0.00865	0.00671	0.00389	0.01176
25	0.02851	0.02033	0.02199	0.01686	0.02279	0.02234	0.01393	0.63237	0.03413	0.08354	0.01847	0.01824	0.01295	0.00893	0.00743	0.00223	0.00806	0.00673	0.00753	0.01263
26	0.00885	0.00751	0.00754	0.00754	0.00995	0.00630	0.00559	0.01066	0.01668	0.01983	0.07313	0.07053	0.66320	0.04768	0.00994	0.00269	0.00390	0.01547	0.00680	0.00620
27	0.03331	0.01263	0.01723	0.01321	0.01895	0.01091	0.01091	0.03618	0.02125	0.69794	0.02929	0.02527	0.01838	0.00919	0.00747	0.00230	0.00632	0.00747	0.00919	0.01263
28	0.01539	0.01319	0.01539	0.01100	0.01759	0.00990	0.00880	0.01869	0.01539	0.02419	0.01319	0.01539	0.01100	0.00550	0.00550	0.00110	0.00550	0.00440	0.00440	0.78449
29	0.02105	0.01502	0.08452	0.01288	0.01860	0.01147	0.01140	0.06090	0.04603	0.24667	0.12979	0.02741	0.04385	0.00919	0.00711	0.00198	0.00611	0.00759	0.00681	0.23162
30	0.02664	0.03331	0.02210	0.02222	0.10127	0.62843	0.01533	0.02884	0.02055	0.01888	0.01177	0.01397	0.00982	0.00753	0.00677	0.00195	0.01285	0.00500	0.00381	0.00897
31	0.01624	0.01624	0.02274	0.01949	0.01949	0.02274	0.01624	0.01787	0.01137	0.01787	0.00975	0.01624	0.00975	0.01299	0.02436	0.00325	0.72552	0.00650	0.00325	0.00812
32	0.01846	0.01595	0.01679	0.01511	0.01930	0.01846	0.01175	0.03945	0.67938	0.03105	0.03022	0.02770	0.02266	0.01007	0.00755	0.00252	0.00588	0.00839	0.00755	0.01175
33	0.01051	0.00759	0.00992	0.00934	0.01109	0.00700	0.00700	0.01401	0.02101	0.02977	0.68888	0.05545	0.07005	0.01518	0.00876	0.00233	0.00350	0.01343	0.00817	0.00700
34	0.01384	0.00692	0.00692	0.00692	0.00865	0.00692	0.00519	0.01730	0.01557	0.02768	0.02422	0.02768	0.01903	0.00865	0.00519	0.00173	0.00346	0.00692	0.78031	0.00692
35	0.02627	0.01963	0.02106	0.01657	0.02208	0.02178	0.01353	0.56559	0.11174	0.04376	0.02025	0.04809	0.01531	0.00963	0.00752	0.00229	0.00774	0.00747	0.00742	0.01225
36	0.65011	0.01449	0.01237	0.01062	0.01544	0.01626	0.00875	0.05977	0.01500	0.12068	0.01322	0.01410	0.00964	0.00730	0.00513	0.00229	0.00595	0.00462	0.00535	0.00889
37	0.02620	0.01974	0.02116	0.01652	0.02223	0.02178	0.01353	0.54550	0.13155	0.04345	0.01950	0.01921	0.01407	0.00894	0.00736	0.00222	0.00771	0.00685	0.00732	0.04515
38	0.02822	0.02079	0.02228	0.01708	0.02302	0.02302	0.01411	0.66804	0.03490	0.04679	0.01782	0.01782	0.01262	0.00891	0.00743	0.00223	0.00817	0.00668	0.00743	0.01262
39	0.01846	0.01595	0.01679	0.01511	0.01930	0.01846	0.01175	0.03945	0.67938	0.03105	0.03022	0.02770	0.02266	0.01007	0.00755	0.00252	0.00588	0.00839	0.00755	0.01175
40	0.00904	0.00646	0.00861	0.01034	0.01077	0.00603	0.00689	0.01034	0.01421	0.01895	0.04092	0.73426	0.04910	0.02326	0.00948	0.00301	0.00431	0.02110	0.00689	0.00603
41	0.01384	0.00692	0.00692	0.00692	0.00865	0.00692	0.00519	0.01730	0.01557	0.02768	0.02422	0.02768	0.01903	0.00865	0.00519	0.00173	0.00346	0.00692	0.78031	0.00692
42	0.01837	0.01764	0.03013	0.04557	0.69279	0.01764	0.02278	0.02278	0.01690	0.02425	0.01396	0.01837	0.01176	0.00661	0.00735	0.00220	0.00882	0.00661	0.00367	0.01176
43	0.00904	0.00646	0.00861	0.01034	0.01077	0.00603	0.00689	0.01034	0.01421	0.01895	0.04092	0.73426	0.04910	0.02326	0.00948	0.00301	0.00431	0.02110	0.00689	0.00603
44	0.01043	0.00753	0.00985	0.00940	0.01107	0.00695	0.00700	0.01380	0.02064	0.02917	0.65279	0.09326	0.06888	0.01563	0.00880	0.00237	0.00355	0.01385	0.00810	0.00695
45	0.02842	0.02047	0.02208	0.01693	0.02286	0.02254	0.01398	0.64267	0.03436	0.07293	0.01828	0.01812	0.01286	0.00892	0.00743	0.00223	0.00809	0.00672	0.00750	0.01263
46	0.01289	0.00645	0.00967	0.00967	0.00967	0.00645	0.00645	0.00967	0.00967	0.01289	0.01289	0.02257	0.01289	0.02579	0.02901	0.78401	0.00645	0.00645	0.00322	0.00322
47	0.01289	0.00645	0.00967	0.00967	0.00967	0.00645	0.00645	0.00967	0.00967	0.01289	0.01289	0.02257	0.01289	0.02579	0.02901	0.78401	0.00645	0.00645	0.00322	0.00322
48	0.02580	0.03356	0.06582	0.01905	0.02318	0.59134	0.01516	0.02921	0.05687	0.01922	0.01256	0.01448	0.01029	0.00801	0.00763	0.00204	0.04779	0.00511	0.00396	0.00891
49	0.02253	0.01953	0.01955	0.04629	0.02197	0.11364	0.01351	0.29771	0.16134	0.03321	0.02144	0.06744	0.01800	0.01078	0.00886	0.00245	0.05939	0.04530	0.00642	0.01064
50	0.01756	0.16722	0.14515	0.01690	0.06168	0.05615	0.01502	0.08317	0.01754	0.04954	0.08246	0.02240	0.01827	0.01864	0.15724	0.00423	0.04615	0.00677	0.00456	0.00936
51	0.17122	0.24952	0.02234	0.01230	0.01736	0.04698	0.01060	0.11291	0.01824	0.02703	0.07961	0.06223	0.01821	0.00866	0.00597	0.00193	0.00676	0.00644	0.00497	0.11669

[dist]
# distance from previous block
# <min> <max>
3	5

[block]
# block no. 3 follows, 27 sequences, length 74
# corresponding to MSA columns:
# 293-366
name=unknown_D
#
# <colnr> <probs for GDERKNQSTAVLIFYWHMCP>
#	G	D	E	R	K	N	Q	S	T	A	V	L	I	F	Y	W	H	M	C	P
0	0.05250	0.05785	0.31318	0.07107	0.22555	0.01763	0.05576	0.02323	0.04245	0.02390	0.01495	0.01959	0.01192	0.00748	0.00717	0.00233	0.00962	0.02944	0.00372	0.01066
1	0.02548	0.01914	0.02093	0.01620	0.02174	0.02080	0.01329	0.54128	0.03090	0.04191	0.01801	0.04904	0.01394	0.00933	0.00797	0.00218	0.03602	0.00706	0.00690	0.09790
2	0.03027	0.01250	0.01661	0.01306	0.01835	0.01122	0.01067	0.03468	0.07529	0.58993	0.08190	0.02787	0.02284	0.00974	0.00758	0.00232	0.00606	0.00802	0.00897	0.01211
3	0.01211	0.00832	0.01049	0.01044	0.01231	0.00797	0.00774	0.01631	0.07622	0.06717	0.31890	0.26223	0.09992	0.01733	0.00886	0.00262	0.00429	0.04172	0.00764	0.00741
4	0.00904	0.00646	0.00861	0.01034	0.01077	0.00603	0.00689	0.01034	0.01421	0.01895	0.04092	0.73426	0.04910	0.02326	0.00948	0.00301	0.00431	0.02110	0.00689	0.00603
5	0.00933	0.00667	0.00894	0.01066	0.01122	0.00628	0.00739	0.01083	0.01450	0.01927	0.04076	0.67040	0.04847	0.02299	0.00955	0.00305	0.00456	0.08214	0.00689	0.00611
6	0.01624	0.01624	0.02274	0.01949	0.01949	0.02274	0.01624	0.01787	0.01137	0.01787	0.00975	0.01624	0.00975	0.01299	0.02436	0.00325	0.72552	0.00650	0.00325	0.00812
7	0.01752	0.02003	0.04380	0.03129	0.03880	0.01877	0.66583	0.02378	0.01752	0.02378	0.01502	0.02003	0.01126	0.00626	0.00876	0.00250	0.01252	0.00876	0.00375	0.01001
8	0.03331	0.01263	0.01723	0.01321	0.01895	0.01091	0.01091	0.03618	0.02125	0.69794	0.02929	0.02527	0.01838	0.00919	0.00747	0.00230	0.00632	0.00747	0.00919	0.01263
9	0.01985	0.74357	0.03890	0.01270	0.01905	0.02937	0.01270	0.02223	0.01508	0.01747	0.01032	0.01191	0.00953	0.00635	0.00476	0.00159	0.00794	0.00397	0.00318	0.00953
10	0.01289	0.00645	0.00967	0.00967	0.00967	0.00645	0.00645	0.00967	0.00967	0.01289	0.01289	0.02257	0.01289	0.02579	0.02901	0.78401	0.00645	0.00645	0.00322	0.00322
11	0.00904	0.00646	0.00861	0.01034	0.01077	0.00603	0.00689	0.01034	0.01421	0.01895	0.04092	0.73426	0.04910	0.02326	0.00948	0.00301	0.00431	0.02110	0.00689	0.00603
12	0.00904	0.00646	0.00861	0.01034	0.01077	0.00603	0.00689	0.01034	0.01421	0.01895	0.04092	0.73426	0.04910	0.02326	0.00948	0.00301	0.00431	0.02110	0.00689	0.00603
13	0.01289	0.00645	0.00967	0.00967	0.00967	0.00645	0.00645	0.00967	0.00967	0.01289	0.01289	0.02257	0.01289	0.02579	0.02901	0.78401	0.00645	0.00645	0.00322	0.00322
14	0.00912	0.00649	0.00859	0.01024	0.01065	0.00608	0.00679	0.01036	0.01406	0.01875	0.04015	0.70431	0.04813	0.05452	0.01071	0.00320	0.00443	0.02065	0.00679	0.00596
15	0.00904	0.00646	0.00861	0.01034	0.01077	0.00603	0.00689	0.01034	0.01421	0.01895	0.04092	0.73426	0.04910	0.02326	0.00948	0.00301	0.00431	0.02110	0.00689	0.00603
16	0.01624	0.01624	0.02274	0.01949	0.01949	0.02274	0.01624	0.01787	0.01137	0.01787	0.00975	0.01624	0.00975	0.01299	0.02436	0.00325	0.72552	0.00650	0.00325	0.00812
17	0.79154	0.01436	0.01091	0.00976	0.01436	0.01665	0.00804	0.02182	0.01263	0.03331	0.01034	0.01206	0.00804	0.00689	0.00459	0.00230	0.00574	0.00402	0.00459	0.00804
18	0.01850	0.01870	0.02951	0.12886	0.50275	0.07343	0.07465	0.02293	0.01702	0.02305	0.01375	0.01829	0.01130	0.00677	0.00742	0.00224	0.00963	0.00664	0.00365	0.01091
19	0.00903	0.00652	0.00856	0.01019	0.01073	0.00604	0.00683	0.01035	0.01435	0.01901	0.04268	0.70013	0.08209	0.02303	0.00944	0.00299	0.00428	0.02082	0.00689	0.00604
20	0.79154	0.01436	0.01091	0.00976	0.01436	0.01665	0.00804	0.02182	0.01263	0.03331	0.01034	0.01206	0.00804	0.00689	0.00459	0.00230	0.00574	0.00402	0.00459	0.00804
21	0.01020	0.00754	0.00952	0.00910	0.01092	0.00686	0.00680	0.01339	0.02019	0.02798	0.57670	0.07990	0.16137	0.01598	0.00878	0.00238	0.00357	0.01401	0.00794	0.00686
22	0.02707	0.02022	0.02163	0.01685	0.02258	0.02248	0.01383	0.59361	0.11121	0.04492	0.01929	0.01899	0.01381	0.00905	0.00744	0.00226	0.00790	0.00689	0.00744	0.01252
23	0.01985	0.74357	0.03890	0.01270	0.01905	0.02937	0.01270	0.02223	0.01508	0.01747	0.01032	0.01191	0.00953	0.00635	0.00476	0.00159	0.00794	0.00397	0.00318	0.00953
24	0.01061	0.00795	0.01193	0.01193	0.01326	0.00928	0.00928	0.01326	0.01193	0.01723	0.01988	0.02916	0.01856	0.05568	0.70968	0.01193	0.01988	0.00795	0.00398	0.00663
25	0.02773	0.03538	0.02104	0.01913	0.02295	0.70930	0.01434	0.02964	0.02104	0.01817	0.01148	0.01339	0.00956	0.00765	0.00669	0.00191	0.01339	0.00478	0.00383	0.00861
26	0.02773	0.03538	0.02104	0.01913	0.02295	0.70930	0.01434	0.02964	0.02104	0.01817	0.01148	0.01339	0.00956	0.00765	0.00669	0.00191	0.01339	0.00478	0.00383	0.00861
27	0.03331	0.01263	0.01723	0.01321	0.01895	0.01091	0.01091	0.03618	0.02125	0.69794	0.02929	0.02527	0.01838	0.00919	0.00747	0.00230	0.00632	0.00747	0.00919	0.01263
28	0.00904	0.00646	0.00861	0.01034	0.01077	0.00603	0.00689	0.01034	0.01421	0.01895	0.04092	0.73426	0.04910	0.02326	0.00948	0.00301	0.00431	0.02110	0.00689	0.00603
29	0.01837	0.01764	0.03013	0.04557	0.69279	0.01764	0.02278	0.02278	0.01690	0.02425	0.01396	0.01837	0.01176	0.00661	0.00735	0.00220	0.00882	0.00661	0.00367	0.01176
30	0.01150	0.00781	0.01024	0.00951	0.01143	0.00718	0.00718	0.01498	0.02102	0.05895	0.66007	0.05414	0.06779	0.01492	0.00870	0.00233	0.00363	0.01317	0.00822	0.00725
31	0.79154	0.01436	0.01091	0.00976	0.01436	0.01665	0.00804	0.02182	0.01263	0.03331	0.01034	0.01206	0.00804	0.00689	0.00459	0.00230	0.00574	0.00402	0.00459	0.00804
32	0.01062	0.00791	0.01169	0.01169	0.01293	0.00915	0.00898	0.01310	0.01186	0.01706	0.02010	0.03037	0.01908	0.09827	0.66781	0.01164	0.01909	0.00813	0.00401	0.00650
33	0.01985	0.74357	0.03890	0.01270	0.01905	0.02937	0.01270	0.02223	0.01508	0.01747	0.01032	0.01191	0.00953	0.00635	0.00476	0.00159	0.00794	0.00397	0.00318	0.00953
34	0.01539	0.01319	0.01539	0.01100	0.01759	0.00990	0.00880	0.01869	0.01539	0.02419	0.01319	0.01539	0.01100	0.00550	0.00550	0.00110	0.00550	0.00440	0.00440	0.78449
35	0.01489	0.03840	0.70064	0.02116	0.03213	0.01724	0.02743	0.02351	0.01567	0.02351	0.01332	0.01567	0.00940	0.00705	0.00705	0.00235	0.01097	0.00549	0.00313	0.01097
36	0.01408	0.00994	0.01239	0.01217	0.01416	0.01017	0.00935	0.11868	0.01924	0.05412	0.12666	0.33538	0.07028	0.01821	0.00964	0.00281	0.03374	0.11416	0.00710	0.00772
37	0.01772	0.44077	0.32305	0.01633	0.02467	0.02416	0.01903	0.02278	0.01534	0.02006	0.01161	0.01353	0.00947	0.00665	0.00575	0.00192	0.00924	0.00462	0.00316	0.01015
38	0.02854	0.02029	0.02196	0.01684	0.02277	0.02227	0.01391	0.62867	0.03405	0.08736	0.01854	0.01829	0.01298	0.00893	0.00743	0.00223	0.00805	0.00673	0.00754	0.01263
39	0.01061	0.00795	0.01193	0.01193	0.01326	0.00928	0.00928	0.01326	0.01193	0.01723	0.01988	0.02916	0.01856	0.05568	0.70968	0.01193	0.01988	0.00795	0.00398	0.00663
40	0.01539	0.01319	0.01539	0.01100	0.01759	0.00990	0.00880	0.01869	0.01539	0.02419	0.01319	0.01539	0.01100	0.00550	0.00550	0.00110	0.00550	0.00440	0.00440	0.78449
41	0.02095	0.04737	0.01988	0.04234	0.02136	0.01706	0.01199	0.29163	0.02338	0.03291	0.01487	0.01648	0.01152	0.00737	0.00718	0.00174	0.03860	0.00552	0.00552	0.36231
42	0.01289	0.00645	0.00967	0.00967	0.00967	0.00645	0.00645	0.00967	0.00967	0.01289	0.01289	0.02257	0.01289	0.02579	0.02901	0.78401	0.00645	0.00645	0.00322	0.00322
43	0.00904	0.00646	0.00861	0.01034	0.01077	0.00603	0.00689	0.01034	0.01421	0.01895	0.04092	0.73426	0.04910	0.02326	0.00948	0.00301	0.00431	0.02110	0.00689	0.00603
44	0.00962	0.00719	0.00974	0.01188	0.04586	0.00672	0.00763	0.01127	0.01505	0.02011	0.09025	0.60030	0.09367	0.02149	0.00926	0.00289	0.00444	0.01940	0.00682	0.00641
45	0.05570	0.01776	0.01963	0.01522	0.02075	0.01896	0.01253	0.45912	0.02970	0.18622	0.02052	0.01997	0.01419	0.00888	0.00717	0.00221	0.00733	0.00678	0.06534	0.01204
46	0.01752	0.02003	0.04380	0.03129	0.03880	0.01877	0.66583	0.02378	0.01752	0.02378	0.01502	0.02003	0.01126	0.00626	0.00876	0.00250	0.01252	0.00876	0.00375	0.01001
47	0.01619	0.01317	0.01548	0.01109	0.01765	0.00994	0.00889	0.01947	0.01565	0.05399	0.01391	0.01583	0.01132	0.00566	0.00558	0.00115	0.00553	0.00453	0.00461	0.75035
48	0.01061	0.00792	0.01178	0.01178	0.01305	0.00920	0.00909	0.01316	0.01189	0.01712	0.02002	0.02993	0.01889	0.08269	0.68312	0.01174	0.01938	0.00807	0.00400	0.00654
49	0.02647	0.01902	0.02091	0.01634	0.02176	0.02098	0.01344	0.56845	0.03177	0.07100	0.01854	0.01940	0.01353	0.01413	0.08562	0.00331	0.00940	0.00686	0.00712	0.01196
50	0.01832	0.01849	0.02838	0.07859	0.04759	0.07683	0.22958	0.08518	0.01721	0.02345	0.01402	0.01891	0.01145	0.01096	0.04356	0.00300	0.21410	0.00722	0.04394	0.00922
51	0.01049	0.00702	0.00918	0.01009	0.01106	0.00649	0.00694	0.01221	0.01567	0.05235	0.15235	0.52808	0.07562	0.05256	0.01048	0.00303	0.00437	0.01848	0.00711	0.00645
52	0.00904	0.00646	0.00861	0.01034	0.01077	0.00603	0.00689	0.01034	0.01421	0.01895	0.04092	0.73426	0.04910	0.02326	0.00948	0.00301	0.00431	0.02110	0.00689	0.00603
53	0.01539	0.01319	0.01539	0.01100	0.01759	0.00990	0.00880	0.01869	0.01539	0.02419	0.01319	0.01539	0.01100	0.00550	0.00550	0.00110	0.00550	0.00440	0.00440	0.78449
54	0.02256	0.01696	0.01948	0.04248	0.04550	0.01860	0.01337	0.42493	0.06243	0.03855	0.08969	0.02963	0.02231	0.01272	0.03853	0.00281	0.00803	0.07345	0.00701	0.01095
55	0.01040	0.00758	0.00977	0.00923	0.01102	0.00696	0.00692	0.01380	0.02076	0.02916	0.65064	0.05645	0.10867	0.01540	0.00876	0.00235	0.00352	0.01357	0.00809	0.00696
56	0.01568	0.01592	0.02945	0.06731	0.16827	0.01576	0.28576	0.02138	0.06124	0.02337	0.04895	0.08010	0.09095	0.00982	0.00883	0.00249	0.03058	0.00994	0.00469	0.00952
57	0.03208	0.07955	0.01921	0.01316	0.01896	0.01260	0.01108	0.03490	0.02068	0.63564	0.02755	0.02404	0.01757	0.00893	0.00722	0.00223	0.00647	0.00715	0.00864	0.01235
58	0.01539	0.01319	0.01539	0.01100	0.01759	0.00990	0.00880	0.01869	0.01539	0.02419	0.01319	0.01539	0.01100	0.00550	0.00550	0.00110	0.00550	0.00440	0.00440	0.78449
59	0.79154	0.01436	0.01091	0.00976	0.01436	0.01665	0.00804	0.02182	0.01263	0.03331	0.01034	0.01206	0.00804	0.00689	0.00459	0.00230	0.00574	0.00402	0.00459	0.00804
60	0.02004	0.01639	0.01799	0.01666	0.05110	0.01859	0.01247	0.10256	0.55684	0.05866	0.02816	0.02616	0.02096	0.00976	0.00753	0.00247	0.00626	0.00810	0.00742	0.01187
61	0.02160	0.01695	0.01994	0.01804	0.10094	0.01721	0.01287	0.33274	0.04945	0.03521	0.05139	0.02091	0.01605	0.04039	0.00832	0.00216	0.00717	0.00666	0.00609	0.21589
62	0.00877	0.00752	0.00752	0.00752	0.01003	0.00627	0.00564	0.01065	0.01692	0.02005	0.07520	0.07144	0.68978	0.01880	0.00877	0.00251	0.00376	0.01567	0.00689	0.00627
63	0.54100	0.05211	0.03633	0.01094	0.01600	0.01581	0.00945	0.02483	0.01479	0.17394	0.01490	0.01546	0.01070	0.00741	0.00531	0.00225	0.00608	0.00489	0.02865	0.00916
64	0.01712	0.01646	0.01525	0.03983	0.01709	0.17589	0.01101	0.02109	0.07400	0.02133	0.02059	0.05566	0.03847	0.04718	0.08204	0.00350	0.14238	0.00764	0.18565	0.00782
65	0.00946	0.00687	0.00900	0.01046	0.01131	0.00642	0.00743	0.01118	0.01513	0.01995	0.07250	0.56025	0.10774	0.02214	0.00948	0.00299	0.00455	0.10001	0.00694	0.00620
66	0.01831	0.01781	0.03112	0.04454	0.64575	0.01772	0.06904	0.02285	0.01695	0.02422	0.01404	0.01849	0.01172	0.00659	0.00745	0.00223	0.00909	0.00677	0.00368	0.01163
67	0.07885	0.05994	0.62191	0.01994	0.03023	0.01760	0.02534	0.02333	0.01540	0.02411	0.01298	0.01525	0.00930	0.00702	0.00677	0.00232	0.01044	0.00531	0.00326	0.01068
68	0.04528	0.39799	0.14181	0.01598	0.02277	0.06848	0.05574	0.10770	0.01830	0.02334	0.01404	0.01563	0.02967	0.00726	0.00597	0.00192	0.00891	0.00526	0.00396	0.01000
69	0.00925	0.00749	0.00813	0.00806	0.01023	0.00646	0.00596	0.01141	0.01753	0.02203	0.21204	0.09148	0.50091	0.04404	0.00984	0.00266	0.00385	0.01518	0.00710	0.00636
70	0.07352	0.01432	0.02103	0.49999	0.07063	0.01723	0.01818	0.06254	0.10516	0.02362	0.01559	0.02009	0.01172	0.00780	0.00723	0.00244	0.00889	0.00665	0.00424	0.00913
71	0.01990	0.01849	0.02068	0.08854	0.08769	0.09524	0.04455	0.11506	0.33667	0.02907	0.02437	0.02452	0.04344	0.00923	0.00751	0.00238	0.00791	0.00773	0.00613	0.01087
72	0.01745	0.04063	0.07749	0.06309	0.20261	0.03814	0.37138	0.02289	0.01703	0.02314	0.01536	0.04741	0.01263	0.00717	0.00809	0.00239	0.01094	0.00816	0.00379	0.01022
73	0.01082	0.00765	0.00944	0.00949	0.00975	0.00812	0.00607	0.01146	0.01139	0.01552	0.02419	0.12204	0.02737	0.51580	0.14006	0.00728	0.04240	0.01132	0.00463	0.00518

[dist]
# distance from previous block
# <min> <max>
0	27

[block]
# block no. 4 follows, 27 sequences, length 31
# corresponding to MSA columns:
# 394-424
name=unknown_E
#
# <colnr> <probs for GDERKNQSTAVLIFYWHMCP>
#	G	D	E	R	K	N	Q	S	T	A	V	L	I	F	Y	W	H	M	C	P
0	0.79154	0.01436	0.01091	0.00976	0.01436	0.01665	0.00804	0.02182	0.01263	0.03331	0.01034	0.01206	0.00804	0.00689	0.00459	0.00230	0.00574	0.00402	0.00459	0.00804
1	0.01065	0.00725	0.00865	0.00876	0.00897	0.00740	0.00530	0.01110	0.01118	0.01508	0.02408	0.09157	0.02733	0.59950	0.12635	0.00756	0.00871	0.01110	0.00459	0.00489
2	0.01777	0.01541	0.02082	0.05490	0.02329	0.01369	0.09988	0.12906	0.01895	0.02766	0.01422	0.01668	0.01125	0.00629	0.00638	0.00156	0.00715	0.00550	0.00476	0.50479
3	0.01939	0.13434	0.17959	0.03070	0.33257	0.10790	0.02089	0.04824	0.01757	0.02314	0.01310	0.01614	0.01065	0.00689	0.00681	0.00211	0.00973	0.00573	0.00364	0.01088
4	0.02024	0.71003	0.03813	0.01291	0.01924	0.02908	0.01277	0.05219	0.01600	0.01883	0.01067	0.01218	0.00967	0.00647	0.00489	0.00162	0.00795	0.00410	0.00337	0.00967
5	0.01384	0.00692	0.00692	0.00692	0.00865	0.00692	0.00519	0.01730	0.01557	0.02768	0.02422	0.02768	0.01903	0.00865	0.00519	0.00173	0.00346	0.00692	0.78031	0.00692
6	0.01219	0.00798	0.00979	0.00927	0.01154	0.00708	0.00697	0.01489	0.01904	0.09539	0.35909	0.12695	0.25887	0.01653	0.00870	0.00246	0.00396	0.01430	0.00774	0.00726
7	0.01140	0.00787	0.00973	0.00910	0.01128	0.00704	0.00688	0.01445	0.01997	0.06647	0.49210	0.05780	0.22666	0.01576	0.00868	0.00238	0.00373	0.01365	0.00790	0.00714
8	0.01384	0.00692	0.00692	0.00692	0.00865	0.00692	0.00519	0.01730	0.01557	0.02768	0.02422	0.02768	0.01903	0.00865	0.00519	0.00173	0.00346	0.00692	0.78031	0.00692
9	0.01960	0.01569	0.01682	0.01496	0.01928	0.01789	0.01169	0.03920	0.62910	0.08201	0.03014	0.02751	0.02233	0.01000	0.00755	0.00250	0.00591	0.00832	0.00768	0.01182
10	0.79154	0.01436	0.01091	0.00976	0.01436	0.01665	0.00804	0.02182	0.01263	0.03331	0.01034	0.01206	0.00804	0.00689	0.00459	0.00230	0.00574	0.00402	0.00459	0.00804
11	0.01846	0.01595	0.01679	0.01511	0.01930	0.01846	0.01175	0.03945	0.67938	0.03105	0.03022	0.02770	0.02266	0.01007	0.00755	0.00252	0.00588	0.00839	0.00755	0.01175
12	0.01846	0.01595	0.01679	0.01511	0.01930	0.01846	0.01175	0.03945	0.67938	0.03105	0.03022	0.02770	0.02266	0.01007	0.00755	0.00252	0.00588	0.00839	0.00755	0.01175
13	0.01985	0.74357	0.03890	0.01270	0.01905	0.02937	0.01270	0.02223	0.01508	0.01747	0.01032	0.01191	0.00953	0.00635	0.00476	0.00159	0.00794	0.00397	0.00318	0.00953
14	0.02822	0.02079	0.02228	0.01708	0.02302	0.02302	0.01411	0.66804	0.03490	0.04679	0.01782	0.01782	0.01262	0.00891	0.00743	0.00223	0.00817	0.00668	0.00743	0.01262
15	0.00877	0.00752	0.00752	0.00752	0.01003	0.00627	0.00564	0.01065	0.01692	0.02005	0.07520	0.07144	0.68978	0.01880	0.00877	0.00251	0.00376	0.01567	0.00689	0.00627
16	0.03331	0.01263	0.01723	0.01321	0.01895	0.01091	0.01091	0.03618	0.02125	0.69794	0.02929	0.02527	0.01838	0.00919	0.00747	0.00230	0.00632	0.00747	0.00919	0.01263
17	0.03331	0.01263	0.01723	0.01321	0.01895	0.01091	0.01091	0.03618	0.02125	0.69794	0.02929	0.02527	0.01838	0.00919	0.00747	0.00230	0.00632	0.00747	0.00919	0.01263
18	0.01080	0.00720	0.00810	0.00810	0.00810	0.00720	0.00450	0.01080	0.01080	0.01439	0.02339	0.04858	0.02699	0.73910	0.03779	0.00720	0.00720	0.01080	0.00450	0.00450
19	0.00904	0.00646	0.00861	0.01034	0.01077	0.00603	0.00689	0.01034	0.01421	0.01895	0.04092	0.73426	0.04910	0.02326	0.00948	0.00301	0.00431	0.02110	0.00689	0.00603
20	0.03331	0.01263	0.01723	0.01321	0.01895	0.01091	0.01091	0.03618	0.02125	0.69794	0.02929	0.02527	0.01838	0.00919	0.00747	0.00230	0.00632	0.00747	0.00919	0.01263
21	0.03331	0.01263	0.01723	0.01321	0.01895	0.01091	0.01091	0.03618	0.02125	0.69794	0.02929	0.02527	0.01838	0.00919	0.00747	0.00230	0.00632	0.00747	0.00919	0.01263
22	0.01432	0.01377	0.02409	0.66282	0.05009	0.01669	0.07527	0.01938	0.01507	0.01938	0.01335	0.01981	0.01001	0.00732	0.00754	0.00248	0.01012	0.00678	0.00334	0.00840
