[name]
unknown

[dist]
# distance from previous block
# <min> <max>
32	158

[block]
# block no. 0 follows, 28 sequences, length 13
# corresponding to MSA columns:
# 183-195
name=unknown_A
#
# <colnr> <probs for GDERKNQSTAVLIFYWHMCP>
#	G	D	E	R	K	N	Q	S	T	A	V	L	I	F	Y	W	H	M	C	P
0	0.01657	0.01940	0.10638	0.11404	0.10003	0.08532	0.15064	0.02197	0.05071	0.02242	0.01748	0.02083	0.04109	0.00776	0.00800	0.00218	0.04837	0.00687	0.07504	0.08489
1	0.04581	0.01434	0.03584	0.01442	0.04678	0.01407	0.02819	0.21302	0.05004	0.09229	0.02551	0.04502	0.08938	0.01449	0.08279	0.00312	0.00781	0.00788	0.08408	0.08513
2	0.02827	0.01215	0.01599	0.01261	0.01757	0.01101	0.01028	0.06778	0.04562	0.53598	0.13385	0.02911	0.02586	0.00994	0.00751	0.00226	0.00583	0.00823	0.00868	0.01146
3	0.01179	0.04682	0.01161	0.01051	0.01234	0.00954	0.00768	0.06212	0.07287	0.02269	0.12177	0.37743	0.12728	0.05852	0.01010	0.00286	0.00479	0.01552	0.00668	0.00709
4	0.01604	0.16377	0.12919	0.02410	0.25200	0.04364	0.01632	0.01955	0.01480	0.01989	0.01593	0.05830	0.01529	0.13082	0.04789	0.00338	0.00903	0.00718	0.00373	0.00913
5	0.01257	0.00797	0.00998	0.00925	0.01155	0.00711	0.00701	0.01544	0.01931	0.10974	0.43290	0.09116	0.20751	0.01539	0.00846	0.00236	0.00387	0.01334	0.00777	0.00732
6	0.01691	0.01887	0.03879	0.02834	0.03423	0.01915	0.54222	0.02213	0.01596	0.02213	0.01368	0.01887	0.01073	0.00744	0.01162	0.00260	0.15517	0.00814	0.00358	0.00944
7	0.02509	0.02907	0.02010	0.01909	0.05761	0.51230	0.01385	0.03082	0.15175	0.04814	0.01569	0.01660	0.01236	0.00797	0.00679	0.00202	0.01114	0.00558	0.00467	0.00936
8	0.00914	0.00698	0.00834	0.00911	0.01048	0.00628	0.00652	0.01092	0.01565	0.02009	0.11948	0.35387	0.29232	0.04554	0.00997	0.00286	0.00418	0.05540	0.00679	0.00608
9	0.00891	0.00658	0.00834	0.00957	0.01044	0.00601	0.00654	0.01043	0.01484	0.01949	0.09195	0.57553	0.16184	0.02146	0.00911	0.00282	0.00407	0.01921	0.00684	0.00601
10	0.01815	0.01805	0.02735	0.08170	0.56553	0.07815	0.02078	0.02220	0.01654	0.02256	0.01371	0.01819	0.01156	0.00907	0.04342	0.00264	0.00965	0.00639	0.00360	0.01078
11	0.01901	0.02221	0.06586	0.01587	0.01926	0.27195	0.04045	0.02489	0.15136	0.02024	0.02035	0.02624	0.04685	0.16050	0.01434	0.00323	0.05701	0.00742	0.00467	0.00831
12	0.01380	0.01579	0.11397	0.16444	0.08091	0.01541	0.01611	0.01724	0.01332	0.01919	0.01651	0.09501	0.01590	0.06602	0.07209	0.00371	0.21062	0.00816	0.03375	0.00803

[dist]
# distance from previous block
# <min> <max>
0	2

[block]
# block no. 1 follows, 28 sequences, length 47
# corresponding to MSA columns:
# 198-244
name=unknown_B
#
# <colnr> <probs for GDERKNQSTAVLIFYWHMCP>
#	G	D	E	R	K	N	Q	S	T	A	V	L	I	F	Y	W	H	M	C	P
0	0.05053	0.03770	0.02200	0.43668	0.03841	0.01708	0.04026	0.13677	0.01879	0.10934	0.01554	0.01916	0.01116	0.00765	0.00713	0.00233	0.00882	0.00647	0.00472	0.00946
1	0.25312	0.26036	0.02396	0.01459	0.03974	0.14280	0.03825	0.02223	0.01540	0.02315	0.05543	0.01551	0.01293	0.00754	0.00652	0.00201	0.04880	0.00506	0.00400	0.00858
2	0.04632	0.01969	0.06483	0.02739	0.28387	0.01969	0.01754	0.32300	0.06749	0.03454	0.01628	0.01798	0.01234	0.00776	0.00714	0.00220	0.00819	0.00648	0.00553	0.01174
3	0.02277	0.01809	0.01915	0.01477	0.02053	0.04269	0.01199	0.38467	0.09601	0.03644	0.01711	0.01758	0.01280	0.00778	0.00668	0.00186	0.00714	0.00597	0.00625	0.24970
4	0.01716	0.01322	0.01561	0.01472	0.06116	0.01368	0.01073	0.11296	0.23160	0.06416	0.17389	0.06182	0.05739	0.01120	0.00760	0.00225	0.00560	0.02607	0.00695	0.09223
5	0.06836	0.08130	0.36728	0.06448	0.02783	0.04636	0.04183	0.12438	0.01819	0.02599	0.01511	0.01738	0.02800	0.00914	0.03187	0.00256	0.00996	0.00585	0.00401	0.01013
6	0.01620	0.16923	0.41945	0.02286	0.09531	0.01940	0.11422	0.02275	0.01561	0.02200	0.01278	0.01550	0.00971	0.00662	0.00674	0.00217	0.01018	0.00565	0.00321	0.01042
7	0.00906	0.00761	0.00791	0.00805	0.01032	0.00665	0.00595	0.01168	0.04690	0.02000	0.06743	0.15149	0.58457	0.01856	0.00862	0.00252	0.00384	0.01568	0.00678	0.00635
8	0.01408	0.04862	0.47139	0.01856	0.04723	0.01557	0.02098	0.02014	0.01459	0.02140	0.04932	0.02240	0.01505	0.12275	0.01287	0.00308	0.06243	0.00665	0.00356	0.00934
9	0.03613	0.01495	0.02715	0.36140	0.13512	0.01642	0.18631	0.01980	0.01528	0.02086	0.01507	0.06599	0.01275	0.00804	0.00820	0.00245	0.03370	0.00786	0.00366	0.00886
10	0.02603	0.01267	0.01608	0.05490	0.01935	0.01197	0.01073	0.12929	0.02169	0.42717	0.03476	0.03211	0.14899	0.01069	0.00755	0.00229	0.00619	0.00871	0.00795	0.01090
11	0.00886	0.00633	0.00843	0.01012	0.01054	0.00590	0.00675	0.01012	0.01392	0.01856	0.04006	0.73979	0.04808	0.02277	0.00928	0.00295	0.00422	0.02066	0.00675	0.00590
12	0.06489	0.33170	0.05287	0.01514	0.02027	0.19422	0.01339	0.09384	0.06820	0.02242	0.01270	0.01418	0.01055	0.00750	0.00680	0.00193	0.05093	0.00489	0.00411	0.00948
13	0.01660	0.03568	0.07163	0.04745	0.18009	0.03249	0.30050	0.05441	0.01723	0.02338	0.01830	0.13274	0.01686	0.00909	0.00804	0.00241	0.00970	0.00947	0.00427	0.00967
14	0.01424	0.00775	0.00794	0.00769	0.00963	0.00793	0.00581	0.05120	0.03878	0.02783	0.02425	0.05549	0.01962	0.00911	0.00544	0.00180	0.00374	0.00737	0.68719	0.00719
15	0.32550	0.04241	0.10625	0.05904	0.04434	0.19090	0.03681	0.02387	0.01575	0.05282	0.01240	0.01453	0.00954	0.00708	0.00586	0.00214	0.00875	0.00493	0.02831	0.00877
16	0.00961	0.00714	0.00840	0.00874	0.00994	0.00650	0.00589	0.01101	0.01454	0.01905	0.11762	0.28182	0.21336	0.20777	0.01609	0.00375	0.00476	0.01523	0.00620	0.03258
17	0.06186	0.09272	0.01970	0.03854	0.01968	0.01817	0.03533	0.14260	0.25010	0.04469	0.08584	0.02682	0.06412	0.01006	0.00825	0.00233	0.05495	0.00794	0.00625	0.01006
18	0.00957	0.00698	0.00919	0.01033	0.01133	0.00639	0.00723	0.01125	0.01461	0.01980	0.07956	0.60134	0.04643	0.02092	0.00903	0.00281	0.00442	0.06371	0.00666	0.05843
19	0.02325	0.02147	0.01913	0.01631	0.02090	0.17750	0.01283	0.24378	0.32291	0.03257	0.02148	0.02080	0.01608	0.00895	0.00717	0.00224	0.00815	0.00687	0.00653	0.01109
20	0.01584	0.19996	0.47914	0.01863	0.02718	0.02021	0.02235	0.02214	0.01476	0.02106	0.01199	0.01455	0.00927	0.00737	0.00819	0.00222	0.08678	0.00513	0.00309	0.01012
21	0.10558	0.44164	0.13757	0.01443	0.02063	0.10715	0.01453	0.02262	0.01515	0.01985	0.01068	0.01260	0.00916	0.00679	0.00597	0.00185	0.03692	0.00432	0.00334	0.00923
22	0.01039	0.00737	0.00926	0.01023	0.01094	0.00719	0.00692	0.04992	0.01461	0.01948	0.03551	0.54537	0.04175	0.15428	0.01427	0.00367	0.00505	0.04137	0.00635	0.00604
23	0.01128	0.00777	0.00934	0.00874	0.01103	0.00686	0.00663	0.01406	0.01906	0.07529	0.40782	0.05812	0.30549	0.01579	0.00849	0.00235	0.00373	0.01356	0.00760	0.00699
24	0.00943	0.00685	0.00887	0.01019	0.01085	0.00657	0.00689	0.01168	0.04502	0.01963	0.08187	0.63741	0.04746	0.04759	0.01014	0.00303	0.00434	0.01924	0.00678	0.00617
25	0.06441	0.25689	0.14546	0.01852	0.06476	0.25103	0.03812	0.04507	0.01746	0.02074	0.01159	0.01363	0.00953	0.00688	0.00604	0.00191	0.01014	0.00481	0.00357	0.00944
26	0.01032	0.00744	0.00978	0.00944	0.01110	0.00691	0.00714	0.01365	0.02008	0.02829	0.63016	0.08329	0.06618	0.01549	0.00869	0.00238	0.00365	0.05133	0.00787	0.00681
27	0.00908	0.00664	0.00855	0.00964	0.01052	0.00610	0.00663	0.01080	0.01541	0.02058	0.16138	0.54226	0.12388	0.02087	0.00908	0.00278	0.00402	0.01872	0.00697	0.00610
28	0.01926	0.02215	0.06646	0.23497	0.18014	0.19923	0.09844	0.05301	0.01782	0.02158	0.01308	0.01714	0.01026	0.00706	0.00720	0.00221	0.01065	0.00620	0.00367	0.00948
29	0.01367	0.01255	0.02112	0.68716	0.04781	0.01560	0.01942	0.01807	0.01425	0.01824	0.01290	0.01953	0.00985	0.00827	0.00844	0.04614	0.00950	0.00645	0.00323	0.00780
30	0.01782	0.01928	0.02047	0.01805	0.01904	0.18346	0.01455	0.01953	0.01354	0.01758	0.01216	0.05327	0.01204	0.01475	0.06433	0.00342	0.47850	0.00679	0.00354	0.00786
31	0.01375	0.01301	0.02233	0.65840	0.04765	0.01584	0.05311	0.01859	0.01495	0.01930	0.04427	0.02099	0.01246	0.00756	0.00739	0.00242	0.00953	0.00688	0.00347	0.00811
32	0.02652	0.01949	0.02091	0.01615	0.02159	0.02153	0.01320	0.63146	0.03263	0.04374	0.01781	0.01942	0.01328	0.05689	0.00922	0.00250	0.00794	0.00681	0.00708	0.01184
33	0.01943	0.74891	0.03809	0.01244	0.01866	0.02876	0.01244	0.02177	0.01477	0.01710	0.01011	0.01166	0.00933	0.00622	0.00466	0.00155	0.00777	0.00389	0.00311	0.00933
34	0.01263	0.00631	0.00947	0.00947	0.00947	0.00631	0.00631	0.00947	0.00947	0.01263	0.01263	0.02210	0.01263	0.02525	0.02841	0.78851	0.00631	0.00631	0.00316	0.00316
35	0.01681	0.01762	0.07211	0.19683	0.50921	0.01699	0.02213	0.02151	0.01602	0.02253	0.01346	0.01813	0.01095	0.00668	0.00719	0.00223	0.00901	0.00640	0.00348	0.01069
36	0.01729	0.01332	0.01554	0.01157	0.01749	0.01102	0.00924	0.09639	0.01763	0.07050	0.01631	0.06461	0.01393	0.00718	0.00599	0.00141	0.00567	0.00586	0.00513	0.59392
37	0.03232	0.01285	0.01716	0.01316	0.01879	0.01139	0.01087	0.07345	0.02160	0.66508	0.02801	0.02431	0.01766	0.00898	0.00731	0.00225	0.00629	0.00726	0.00889	0.01237
38	0.01101	0.00843	0.01163	0.01133	0.01205	0.00985	0.00835	0.01266	0.01136	0.01616	0.02010	0.05734	0.02073	0.25841	0.40689	0.00901	0.09571	0.00891	0.00407	0.00600
39	0.01460	0.01087	0.01349	0.01202	0.01515	0.01095	0.04254	0.02272	0.21974	0.09019	0.19705	0.11084	0.18230	0.01388	0.00817	0.00245	0.00498	0.01207	0.00730	0.00869
40	0.01024	0.00691	0.00803	0.00836	0.00844	0.00682	0.00486	0.01048	0.01122	0.01497	0.02625	0.18266	0.03065	0.60368	0.03159	0.00625	0.00649	0.01254	0.00486	0.00470
41	0.01294	0.00895	0.01007	0.00936	0.01025	0.00932	0.00598	0.10342	0.01393	0.01867	0.02195	0.04231	0.02401	0.60349	0.07059	0.00663	0.00787	0.00985	0.00478	0.00563
42	0.02141	0.02349	0.04262	0.07860	0.19932	0.23667	0.12340	0.09768	0.06164	0.02427	0.01442	0.01727	0.01134	0.00727	0.00724	0.00216	0.01050	0.00634	0.00426	0.01009
43	0.01189	0.00632	0.00927	0.00960	0.00968	0.00623	0.00640	0.00960	0.01034	0.01378	0.01798	0.16216	0.01954	0.02477	0.02468	0.63520	0.00590	0.00911	0.00386	0.00369
44	0.01245	0.00863	0.01055	0.00957	0.01194	0.00808	0.00733	0.06274	0.02084	0.06523	0.49358	0.05291	0.17876	0.01475	0.00841	0.00231	0.00396	0.01275	0.00777	0.00743
45	0.01864	0.01439	0.01756	0.10878	0.07140	0.01567	0.01264	0.28313	0.06422	0.03190	0.07073	0.13693	0.06032	0.01158	0.00764	0.00235	0.00675	0.00979	0.04592	0.00967
46	0.04367	0.01788	0.04443	0.19361	0.29306	0.08062	0.05500	0.02455	0.06579	0.08770	0.01580	0.01900	0.01208	0.00724	0.00716	0.00225	0.00901	0.00652	0.00434	0.01028

[dist]
# distance from previous block
# <min> <max>
1	6

[block]
# block no. 2 follows, 28 sequences, length 33
# corresponding to MSA columns:
# 251-283
name=unknown_C
#
# <colnr> <probs for GDERKNQSTAVLIFYWHMCP>
#	G	D	E	R	K	N	Q	S	T	A	V	L	I	F	Y	W	H	M	C	P
0	0.35616	0.06974	0.05063	0.06196	0.07602	0.03583	0.03573	0.02078	0.01526	0.05661	0.11649	0.04174	0.01946	0.00853	0.00613	0.00223	0.00667	0.00661	0.00490	0.00851
1	0.01281	0.01021	0.01247	0.01185	0.01353	0.04463	0.00909	0.06593	0.01445	0.01995	0.04841	0.03085	0.04478	0.10883	0.45514	0.00862	0.03815	0.00821	0.03517	0.00691
2	0.01906	0.01512	0.05056	0.01379	0.01778	0.01495	0.01126	0.26127	0.12445	0.06645	0.02730	0.17636	0.04708	0.07033	0.01012	0.00280	0.00658	0.02964	0.00673	0.02836
3	0.01531	0.01238	0.01445	0.01141	0.01641	0.01050	0.00894	0.09639	0.01714	0.02516	0.01927	0.13823	0.01882	0.03145	0.00739	0.00179	0.00561	0.03358	0.00517	0.51060
4	0.41968	0.01814	0.01656	0.03997	0.06937	0.09121	0.01165	0.20158	0.01960	0.03354	0.01261	0.01422	0.00959	0.00737	0.00577	0.00219	0.00742	0.00501	0.00507	0.00944
5	0.02123	0.01594	0.01692	0.01395	0.01831	0.01758	0.01113	0.34966	0.20168	0.03607	0.02604	0.02668	0.07022	0.04575	0.00862	0.00246	0.00651	0.00790	0.09270	0.01064
6	0.23150	0.14941	0.05530	0.01492	0.07076	0.05196	0.01185	0.05954	0.01641	0.05474	0.07422	0.06333	0.01825	0.00909	0.00668	0.00214	0.02799	0.02727	0.00488	0.04975
7	0.01666	0.01049	0.01263	0.01088	0.01395	0.01024	0.00851	0.14027	0.02234	0.12797	0.36537	0.06569	0.10849	0.01321	0.00804	0.00228	0.00473	0.01127	0.03840	0.00858
8	0.01094	0.00804	0.01106	0.01086	0.01174	0.00923	0.00802	0.01280	0.01152	0.01666	0.02001	0.03294	0.01994	0.24000	0.44942	0.00937	0.05951	0.00842	0.04353	0.00602
9	0.02715	0.03464	0.02060	0.01873	0.02247	0.71536	0.01404	0.02903	0.02060	0.01779	0.01124	0.01311	0.00936	0.00749	0.00655	0.00187	0.01311	0.00468	0.00375	0.00843
10	0.01566	0.03527	0.63680	0.02158	0.06581	0.01659	0.02581	0.02360	0.01568	0.05719	0.01386	0.01596	0.00977	0.00699	0.00694	0.00229	0.01040	0.00553	0.00339	0.01086
11	0.00891	0.00745	0.00781	0.00792	0.01028	0.00634	0.00607	0.01094	0.01675	0.02021	0.09773	0.07023	0.61756	0.01839	0.00870	0.00252	0.00391	0.06527	0.00680	0.00621
12	0.00884	0.00641	0.00835	0.00991	0.01049	0.00592	0.00665	0.01015	0.01412	0.01864	0.04268	0.68765	0.09854	0.02243	0.00922	0.00291	0.00418	0.02025	0.00675	0.00592
13	0.08103	0.61863	0.05413	0.01291	0.01894	0.07711	0.01261	0.02230	0.01502	0.01855	0.01027	0.01188	0.00921	0.00637	0.00485	0.00165	0.00808	0.00399	0.00326	0.00919
14	0.00954	0.00778	0.00849	0.00830	0.01059	0.00695	0.00622	0.01277	0.05263	0.02268	0.23434	0.08319	0.47639	0.01715	0.00854	0.00243	0.00374	0.01454	0.00711	0.00660
15	0.00886	0.00633	0.00843	0.01012	0.01054	0.00590	0.00675	0.01012	0.01392	0.01856	0.04006	0.73979	0.04808	0.02277	0.00928	0.00295	0.00422	0.02066	0.00675	0.00590
16	0.79588	0.01406	0.01068	0.00956	0.01406	0.01631	0.00787	0.02137	0.01237	0.03261	0.01012	0.01181	0.00787	0.00675	0.00450	0.00225	0.00562	0.00394	0.00450	0.00787
17	0.01643	0.01568	0.02668	0.29485	0.46118	0.01686	0.02153	0.02094	0.01581	0.02185	0.01340	0.01850	0.01085	0.00677	0.00722	0.00226	0.00902	0.00647	0.00346	0.01025
18	0.01517	0.00953	0.01282	0.01337	0.01576	0.00946	0.01145	0.04700	0.03760	0.11089	0.03611	0.09860	0.03716	0.01797	0.00946	0.00311	0.00655	0.49316	0.00704	0.00778
19	0.01572	0.01566	0.02540	0.42216	0.18181	0.04685	0.08119	0.02015	0.01515	0.01997	0.01286	0.01852	0.01017	0.00751	0.00888	0.00242	0.07668	0.00658	0.00337	0.00897
20	0.01446	0.01263	0.02096	0.66789	0.04703	0.01553	0.01916	0.01916	0.01481	0.04591	0.01401	0.01992	0.01040	0.00739	0.00717	0.00238	0.00928	0.00651	0.03720	0.00819
21	0.01057	0.00705	0.00793	0.00793	0.00793	0.00705	0.00440	0.01057	0.01057	0.01409	0.02290	0.04757	0.02643	0.74454	0.03700	0.00705	0.00705	0.01057	0.00440	0.00440
22	0.05048	0.22427	0.29555	0.01818	0.02549	0.09313	0.08595	0.02259	0.01590	0.02141	0.04617	0.01638	0.01238	0.00731	0.00706	0.00210	0.03692	0.00559	0.00353	0.00960
23	0.01458	0.03760	0.70688	0.02072	0.03146	0.01688	0.02686	0.02302	0.01535	0.02302	0.01304	0.01535	0.00921	0.00691	0.00691	0.00230	0.01074	0.00537	0.00307	0.01074
24	0.00944	0.00668	0.00868	0.00976	0.01037	0.00631	0.00660	0.01092	0.01452	0.01961	0.13669	0.50622	0.04767	0.13087	0.01340	0.00349	0.00462	0.04173	0.00658	0.00585
25	0.01893	0.10821	0.02189	0.05107	0.02062	0.13249	0.01374	0.09144	0.09530	0.02266	0.04607	0.02095	0.04823	0.01044	0.01280	0.00247	0.26239	0.00677	0.00458	0.00895
26	0.01714	0.01904	0.04030	0.05814	0.12824	0.01815	0.56046	0.02298	0.01698	0.02317	0.01450	0.01938	0.01105	0.00622	0.00834	0.00241	0.01167	0.00822	0.00365	0.00997
27	0.01000	0.00721	0.00946	0.00934	0.01080	0.00667	0.00684	0.01299	0.01923	0.02700	0.56260	0.19318	0.06443	0.01646	0.00872	0.00242	0.00359	0.01467	0.00775	0.00667
28	0.00961	0.00666	0.00827	0.00919	0.00948	0.00641	0.00579	0.01043	0.01277	0.01709	0.05568	0.43167	0.03989	0.31905	0.02064	0.00461	0.00535	0.01626	0.00583	0.00532
29	0.01835	0.64745	0.06376	0.01247	0.01845	0.02615	0.01251	0.02105	0.01535	0.01851	0.07609	0.01591	0.01502	0.00708	0.00514	0.00166	0.00748	0.00484	0.00358	0.00915
30	0.01472	0.09242	0.62589	0.01953	0.02958	0.01738	0.02486	0.02241	0.01535	0.02242	0.01526	0.01727	0.03701	0.00732	0.00680	0.00225	0.01022	0.00566	0.00322	0.01045
31	0.01171	0.00837	0.01171	0.01339	0.01506	0.00837	0.01171	0.01506	0.01673	0.02175	0.03849	0.08199	0.04183	0.02008	0.01004	0.00335	0.00669	0.65027	0.00669	0.00669
32	0.02474	0.01825	0.01973	0.01541	0.02054	0.01986	0.01247	0.55719	0.03037	0.04087	0.01876	0.05504	0.01514	0.06722	0.00962	0.00255	0.00761	0.00744	0.00687	0.05033

[dist]
# distance from previous block
# <min> <max>
3	8

[block]
# block no. 3 follows, 28 sequences, length 32
# corresponding to MSA columns:
# 292-323
name=unknown_D
#
# <colnr> <probs for GDERKNQSTAVLIFYWHMCP>
#	G	D	E	R	K	N	Q	S	T	A	V	L	I	F	Y	W	H	M	C	P
0	0.01568	0.07805	0.63672	0.01988	0.03013	0.01730	0.02529	0.02351	0.01556	0.05334	0.01358	0.01555	0.00961	0.00696	0.00679	0.00226	0.01036	0.00537	0.00334	0.01073
1	0.08144	0.01879	0.14770	0.27203	0.24779	0.01638	0.02028	0.02127	0.03663	0.02297	0.03794	0.01906	0.01254	0.00726	0.00700	0.00230	0.00885	0.00635	0.00373	0.00970
2	0.01771	0.01505	0.01599	0.01445	0.01843	0.01719	0.01134	0.06383	0.59019	0.03011	0.03159	0.03166	0.05425	0.01076	0.00759	0.00250	0.00581	0.04319	0.00732	0.01103
3	0.01043	0.00759	0.01067	0.01067	0.01162	0.00854	0.00783	0.01233	0.01138	0.01613	0.02039	0.03368	0.02040	0.24034	0.53295	0.01043	0.01612	0.00854	0.00403	0.00593
4	0.40842	0.05813	0.05045	0.08383	0.08756	0.01718	0.01253	0.08756	0.01629	0.09797	0.01348	0.01517	0.01002	0.00717	0.00572	0.00221	0.00697	0.00509	0.00487	0.00937
5	0.01020	0.00822	0.00918	0.00880	0.01113	0.00762	0.00664	0.01454	0.08552	0.02439	0.30872	0.05961	0.38657	0.01618	0.00846	0.00239	0.00379	0.01378	0.00730	0.00696
6	0.00939	0.00674	0.00891	0.00976	0.01066	0.00626	0.00679	0.01147	0.01641	0.02252	0.28544	0.48311	0.05576	0.01981	0.00901	0.00270	0.00392	0.01785	0.00722	0.00626
7	0.00914	0.00681	0.00852	0.00930	0.01046	0.00618	0.00651	0.01105	0.01609	0.02134	0.20504	0.43196	0.19114	0.01994	0.00896	0.00269	0.00391	0.01772	0.00705	0.00618
8	0.02343	0.02848	0.02127	0.14233	0.04942	0.50352	0.01556	0.02587	0.01849	0.01809	0.01144	0.01463	0.00951	0.00793	0.00838	0.00210	0.08231	0.00521	0.00360	0.00842
9	0.01373	0.01292	0.02180	0.72707	0.05006	0.01615	0.02019	0.01857	0.01453	0.01857	0.01292	0.01938	0.00969	0.00727	0.00727	0.00242	0.00969	0.00646	0.00323	0.00807
10	0.01044	0.00759	0.01066	0.01066	0.01160	0.00853	0.00781	0.01232	0.01138	0.01612	0.02041	0.03373	0.02042	0.24245	0.53087	0.01042	0.01609	0.00855	0.00403	0.00592
11	0.02941	0.01235	0.01634	0.01274	0.01789	0.01110	0.01044	0.08147	0.02180	0.56852	0.11223	0.02793	0.02397	0.00972	0.00747	0.00225	0.00597	0.00799	0.00874	0.01167
12	0.10917	0.01301	0.01654	0.01281	0.01834	0.01194	0.01058	0.07140	0.02074	0.59811	0.02615	0.02301	0.01665	0.00875	0.00702	0.00225	0.00623	0.00693	0.00844	0.01192
13	0.03261	0.01237	0.01687	0.01293	0.01856	0.01068	0.01068	0.03543	0.02081	0.70423	0.02868	0.02474	0.01799	0.00900	0.00731	0.00225	0.00619	0.00731	0.00900	0.01237
14	0.01609	0.05528	0.02311	0.01873	0.01906	0.02261	0.01572	0.01772	0.01133	0.01747	0.00957	0.01568	0.00953	0.01237	0.02282	0.00309	0.69237	0.00623	0.00318	0.00803
15	0.01690	0.01593	0.02693	0.12068	0.55948	0.01630	0.02106	0.02119	0.01634	0.02296	0.01593	0.02419	0.01416	0.00785	0.00747	0.00230	0.00857	0.06723	0.00385	0.01066
16	0.01044	0.00777	0.00976	0.00920	0.01109	0.00726	0.00692	0.01444	0.04835	0.02823	0.60366	0.05475	0.13073	0.01501	0.00853	0.00231	0.00355	0.01316	0.00785	0.00698
17	0.01644	0.33692	0.39279	0.01670	0.02512	0.02145	0.01986	0.02207	0.01534	0.02079	0.04251	0.01554	0.01193	0.00697	0.00603	0.00199	0.00916	0.00509	0.00331	0.00997
18	0.01632	0.29258	0.46714	0.01775	0.02687	0.02114	0.02169	0.02257	0.01514	0.02090	0.01199	0.01403	0.00925	0.00666	0.00610	0.00203	0.00968	0.00484	0.00308	0.01024
19	0.03223	0.01298	0.01725	0.01322	0.01886	0.01159	0.01092	0.08422	0.02183	0.65400	0.02782	0.02419	0.01756	0.00898	0.00731	0.00224	0.00632	0.00725	0.00887	0.01237
20	0.01055	0.00881	0.01025	0.01099	0.05286	0.00820	0.00769	0.01469	0.08049	0.02285	0.18399	0.06040	0.43492	0.01629	0.00847	0.00245	0.00429	0.04782	0.00686	0.00714
21	0.18774	0.07708	0.20753	0.01953	0.08278	0.10876	0.08258	0.04113	0.01634	0.06810	0.01361	0.01633	0.01051	0.02975	0.00734	0.00232	0.00922	0.00560	0.00411	0.00964
22	0.01027	0.00747	0.00911	0.00937	0.01057	0.00715	0.00666	0.01271	0.03635	0.02125	0.22768	0.17797	0.13377	0.21158	0.01639	0.00381	0.00498	0.08033	0.00650	0.00607
23	0.01057	0.00705	0.00793	0.00793	0.00793	0.00705	0.00440	0.01057	0.01057	0.01409	0.02290	0.04757	0.02643	0.74454	0.03700	0.00705	0.00705	0.01057	0.00440	0.00440
24	0.01662	0.04723	0.12179	0.05465	0.02130	0.19381	0.01476	0.01988	0.01470	0.01823	0.01424	0.01964	0.01252	0.02485	0.26142	0.00564	0.12092	0.00621	0.00356	0.00803
25	0.03899	0.01627	0.02396	0.38104	0.27918	0.06997	0.01981	0.02152	0.04011	0.02121	0.01359	0.01847	0.01072	0.00708	0.00711	0.00228	0.00931	0.00632	0.00359	0.00946
26	0.01334	0.01250	0.02070	0.67216	0.04699	0.01539	0.01907	0.01795	0.01469	0.01865	0.01755	0.02324	0.06207	0.00812	0.00737	0.00242	0.00923	0.00714	0.00350	0.00793
27	0.01591	0.01711	0.07636	0.18543	0.37745	0.01609	0.08763	0.02065	0.01624	0.02248	0.04151	0.02261	0.05298	0.00764	0.00746	0.00228	0.00891	0.00737	0.00383	0.01006
28	0.04987	0.16739	0.38089	0.01829	0.02646	0.04062	0.07194	0.07189	0.01675	0.02353	0.01498	0.01761	0.03184	0.02906	0.00747	0.00229	0.00961	0.00582	0.00368	0.01000
29	0.01010	0.00696	0.00833	0.00870	0.00899	0.00693	0.00535	0.01066	0.01162	0.01551	0.02826	0.19977	0.05492	0.50227	0.08529	0.00635	0.00731	0.01275	0.00497	0.00497
30	0.79588	0.01406	0.01068	0.00956	0.01406	0.01631	0.00787	0.02137	0.01237	0.03261	0.01012	0.01181	0.00787	0.00675	0.00450	0.00225	0.00562	0.00394	0.00450	0.00787
31	0.00919	0.00767	0.03330	0.00988	0.01093	0.00644	0.00706	0.01067	0.01405	0.01845	0.04251	0.54634	0.14229	0.09088	0.01175	0.00325	0.00464	0.01834	0.00639	0.00597

[dist]
# distance from previous block
# <min> <max>
0	2

[block]
# block no. 4 follows, 28 sequences, length 33
# corresponding to MSA columns:
# 326-358
name=unknown_E
#
# <colnr> <probs for GDERKNQSTAVLIFYWHMCP>
#	G	D	E	R	K	N	Q	S	T	A	V	L	I	F	Y	W	H	M	C	P
0	0.01511	0.08234	0.50721	0.02269	0.10201	0.01721	0.06211	0.02212	0.01546	0.02244	0.01457	0.05768	0.01183	0.00769	0.00702	0.00228	0.01002	0.00646	0.00338	0.01039
1	0.01355	0.20474	0.01821	0.04464	0.01577	0.01394	0.00946	0.04366	0.03741	0.02039	0.04882	0.30138	0.07844	0.03764	0.00840	0.00248	0.00581	0.03327	0.00547	0.05653
2	0.08332	0.60645	0.03384	0.01293	0.01873	0.10739	0.01225	0.02258	0.01525	0.01844	0.01024	0.01184	0.00921	0.00641	0.00487	0.00165	0.00822	0.00398	0.00330	0.00911
3	0.01276	0.00925	0.01123	0.01142	0.01301	0.00935	0.00820	0.14615	0.01839	0.02465	0.06796	0.55818	0.04180	0.01951	0.00883	0.00276	0.00495	0.01741	0.00692	0.00727
4	0.01172	0.04314	0.10039	0.01068	0.01420	0.00976	0.00966	0.05265	0.01925	0.02598	0.35391	0.05005	0.24277	0.01418	0.00813	0.00230	0.00489	0.01203	0.00675	0.00756
5	0.03150	0.01298	0.01715	0.01312	0.01879	0.01151	0.01082	0.08148	0.02154	0.62708	0.02719	0.02380	0.01727	0.00882	0.00723	0.00219	0.00628	0.00713	0.00867	0.04545
6	0.01057	0.00705	0.00793	0.00793	0.00793	0.00705	0.00440	0.01057	0.01057	0.01409	0.02290	0.04757	0.02643	0.74454	0.03700	0.00705	0.00705	0.01057	0.00440	0.00440
7	0.01638	0.01789	0.03606	0.14743	0.03708	0.01861	0.45847	0.02157	0.01576	0.02157	0.01359	0.01899	0.01057	0.00736	0.01075	0.00256	0.12475	0.00787	0.00352	0.00922
8	0.10975	0.01744	0.01735	0.04680	0.06806	0.10825	0.01234	0.05279	0.34110	0.07862	0.05567	0.02339	0.01923	0.00899	0.00698	0.00230	0.00707	0.00718	0.00628	0.01040
9	0.00886	0.00633	0.00843	0.01012	0.01054	0.00590	0.00675	0.01012	0.01392	0.01856	0.04006	0.73979	0.04808	0.02277	0.00928	0.00295	0.00422	0.02066	0.00675	0.00590
10	0.00886	0.00633	0.00843	0.01012	0.01054	0.00590	0.00675	0.01012	0.01392	0.01856	0.04006	0.73979	0.04808	0.02277	0.00928	0.00295	0.00422	0.02066	0.00675	0.00590
11	0.01118	0.00815	0.01141	0.01325	0.03690	0.00799	0.01046	0.01416	0.01668	0.02217	0.12461	0.20527	0.04556	0.01946	0.00960	0.00309	0.00584	0.42074	0.00677	0.00672
12	0.01556	0.00874	0.01084	0.00995	0.01137	0.00900	0.00716	0.11002	0.01483	0.04409	0.01704	0.02445	0.01509	0.07123	0.02013	0.41770	0.00597	0.00679	0.17432	0.00570
13	0.00902	0.00644	0.00862	0.01031	0.01080	0.00605	0.00703	0.01041	0.01408	0.01874	0.03997	0.70184	0.04772	0.02262	0.00932	0.00297	0.00436	0.05699	0.00674	0.00595
14	0.01355	0.00678	0.00678	0.00678	0.00847	0.00678	0.00508	0.01694	0.01524	0.02710	0.02371	0.02710	0.01863	0.00847	0.00508	0.00169	0.00339	0.00678	0.78489	0.00678
15	0.01373	0.01292	0.02180	0.72707	0.05006	0.01615	0.02019	0.01857	0.01453	0.01857	0.01292	0.01938	0.00969	0.00727	0.00727	0.00242	0.00969	0.00646	0.00323	0.00807
16	0.01041	0.00767	0.01108	0.01108	0.01217	0.00876	0.00834	0.01259	0.01150	0.01643	0.02002	0.03160	0.01949	0.16488	0.60717	0.01094	0.01748	0.00823	0.00398	0.00616
17	0.01799	0.01727	0.02950	0.04462	0.69919	0.01727	0.02231	0.02231	0.01655	0.02375	0.01367	0.01799	0.01151	0.00648	0.00720	0.00216	0.00864	0.00648	0.00360	0.01151
18	0.01590	0.01590	0.02226	0.01908	0.01908	0.02226	0.01590	0.01749	0.01113	0.01749	0.00954	0.01590	0.00954	0.01272	0.02385	0.00318	0.73123	0.00636	0.00318	0.00795
19	0.01029	0.00743	0.00972	0.00914	0.01086	0.00686	0.00686	0.01372	0.02058	0.02915	0.69536	0.05430	0.06859	0.01486	0.00857	0.00229	0.00343	0.01315	0.00800	0.00686
20	0.01477	0.03628	0.65831	0.02144	0.03194	0.01699	0.07411	0.02304	0.01548	0.02304	0.01317	0.01566	0.00934	0.00685	0.00703	0.00231	0.01085	0.00561	0.00311	0.01067
21	0.01890	0.05818	0.13220	0.01243	0.01698	0.01156	0.01150	0.04310	0.01740	0.22965	0.11285	0.03538	0.07427	0.16222	0.01354	0.00325	0.00677	0.02458	0.00629	0.00896
22	0.03241	0.01270	0.01708	0.01309	0.01872	0.01118	0.01081	0.06216	0.02136	0.67670	0.02821	0.02444	0.01776	0.00899	0.00731	0.00225	0.00626	0.00728	0.00892	0.01237
23	0.01458	0.03760	0.70688	0.02072	0.03146	0.01688	0.02686	0.02302	0.01535	0.02302	0.01304	0.01535	0.00921	0.00691	0.00691	0.00230	0.01074	0.00537	0.00307	0.01074
24	0.01678	0.01376	0.01518	0.01451	0.04815	0.01543	0.01029	0.07694	0.42732	0.02688	0.02617	0.03142	0.02210	0.20503	0.01525	0.00365	0.00640	0.00864	0.00641	0.00968
25	0.00896	0.00637	0.00841	0.00999	0.01039	0.00597	0.00661	0.01015	0.01372	0.01830	0.03907	0.69961	0.04682	0.06467	0.01089	0.00319	0.00438	0.02008	0.00661	0.00582
26	0.01020	0.00693	0.00822	0.00858	0.00874	0.00690	0.00514	0.01059	0.01134	0.01518	0.02639	0.19402	0.03063	0.55661	0.06477	0.00641	0.00706	0.01258	0.00488	0.00483
27	0.01527	0.01542	0.05914	0.05003	0.02001	0.04124	0.04666	0.03684	0.01345	0.02011	0.01397	0.01977	0.01232	0.01813	0.13655	0.00425	0.35872	0.00666	0.10350	0.00795
28	0.02624	0.02455	0.04520	0.05841	0.02442	0.21703	0.01470	0.43266	0.02857	0.03556	0.01529	0.01627	0.01125	0.00823	0.00706	0.00211	0.00963	0.00597	0.00590	0.01095
29	0.01678	0.01757	0.06424	0.14350	0.40923	0.05621	0.01950	0.02194	0.04825	0.02348	0.09166	0.02233	0.01796	0.00780	0.00732	0.00222	0.00845	0.00715	0.00420	0.01022
30	0.12521	0.01408	0.04461	0.17687	0.25751	0.01429	0.01644	0.01886	0.01519	0.02287	0.02103	0.06960	0.05667	0.01150	0.03123	0.00275	0.00811	0.07995	0.00435	0.00888
31	0.04314	0.02245	0.02188	0.16992	0.17770	0.28876	0.01656	0.05383	0.01803	0.02103	0.01452	0.01809	0.03068	0.00975	0.03765	0.00255	0.03452	0.00602	0.00387	0.00904
32	0.01569	0.11196	0.51835	0.02388	0.14378	0.01825	0.02450	0.02276	0.01549	0.02250	0.01283	0.01539	0.00961	0.00676	0.00671	0.00220	0.01006	0.00540	0.00316	0.01072

[dist]
# distance from previous block
# <min> <max>
2	4

[block]
# block no. 5 follows, 28 sequences, length 66
# corresponding to MSA columns:
# 363-428
name=unknown_F
#
# <colnr> <probs for GDERKNQSTAVLIFYWHMCP>
#	G	D	E	R	K	N	Q	S	T	A	V	L	I	F	Y	W	H	M	C	P
0	0.01584	0.07703	0.06294	0.01360	0.01681	0.01419	0.03540	0.02029	0.06371	0.07829	0.04629	0.02805	0.04406	0.01574	0.09536	0.00345	0.13980	0.04410	0.15264	0.03241
1	0.02014	0.68316	0.03648	0.01302	0.01901	0.09197	0.01259	0.02243	0.01531	0.01717	0.01021	0.01179	0.00933	0.00634	0.00484	0.00158	0.00826	0.00396	0.00317	0.00925
2	0.00912	0.00782	0.00787	0.00778	0.01032	0.00680	0.00585	0.01200	0.05372	0.02023	0.07119	0.06758	0.65884	0.01794	0.00852	0.00246	0.00380	0.01495	0.00679	0.00643
3	0.01765	0.01692	0.02889	0.09945	0.64704	0.01718	0.02214	0.02201	0.01639	0.02333	0.01361	0.01810	0.01137	0.00654	0.00720	0.00218	0.00872	0.00648	0.00357	0.01124
4	0.02006	0.01539	0.01665	0.01464	0.01897	0.01736	0.01148	0.05784	0.58893	0.10894	0.02911	0.02655	0.02140	0.00973	0.00738	0.00243	0.00587	0.00806	0.00758	0.01163
5	0.01302	0.00878	0.01291	0.13218	0.01903	0.00940	0.01109	0.03849	0.01416	0.01853	0.02317	0.04534	0.02376	0.01953	0.01672	0.31330	0.00710	0.26302	0.00473	0.00574
6	0.02715	0.03464	0.02060	0.01873	0.02247	0.71536	0.01404	0.02903	0.02060	0.01779	0.01124	0.01311	0.00936	0.00749	0.00655	0.00187	0.01311	0.00468	0.00375	0.00843
7	0.00937	0.00777	0.00826	0.00815	0.01054	0.00685	0.00618	0.01233	0.04708	0.02165	0.16643	0.06599	0.54998	0.01753	0.00858	0.00246	0.00382	0.03356	0.00697	0.00650
8	0.00871	0.00737	0.00753	0.00749	0.00989	0.00619	0.00562	0.01066	0.01685	0.02030	0.11678	0.06887	0.65269	0.01816	0.00859	0.00244	0.00366	0.01519	0.00684	0.00619
9	0.00886	0.00633	0.00843	0.01012	0.01054	0.00590	0.00675	0.01012	0.01392	0.01856	0.04006	0.73979	0.04808	0.02277	0.00928	0.00295	0.00422	0.02066	0.00675	0.00590
10	0.02715	0.03464	0.02060	0.01873	0.02247	0.71536	0.01404	0.02903	0.02060	0.01779	0.01124	0.01311	0.00936	0.00749	0.00655	0.00187	0.01311	0.00468	0.00375	0.00843
11	0.79588	0.01406	0.01068	0.00956	0.01406	0.01631	0.00787	0.02137	0.01237	0.03261	0.01012	0.01181	0.00787	0.00675	0.00450	0.00225	0.00562	0.00394	0.00450	0.00787
12	0.01263	0.00631	0.00947	0.00947	0.00947	0.00631	0.00631	0.00947	0.00947	0.01263	0.01263	0.02210	0.01263	0.02525	0.02841	0.78851	0.00631	0.00631	0.00316	0.00316
13	0.01355	0.00678	0.00678	0.00678	0.00847	0.00678	0.00508	0.01694	0.01524	0.02710	0.02371	0.02710	0.01863	0.00847	0.00508	0.00169	0.00339	0.00678	0.78489	0.00678
14	0.01029	0.00743	0.00972	0.00914	0.01086	0.00686	0.00686	0.01372	0.02058	0.02915	0.69536	0.05430	0.06859	0.01486	0.00857	0.00229	0.00343	0.01315	0.00800	0.00686
15	0.00903	0.00657	0.00892	0.03619	0.01198	0.00628	0.00724	0.01043	0.01394	0.01856	0.03908	0.71360	0.04668	0.02221	0.00920	0.00293	0.00442	0.02015	0.00662	0.00598
16	0.71617	0.01392	0.01165	0.05735	0.01661	0.01609	0.00879	0.02169	0.01282	0.05610	0.01098	0.01278	0.00836	0.00686	0.00478	0.00226	0.00591	0.00423	0.00458	0.00805
17	0.02695	0.06180	0.02170	0.01789	0.02233	0.49161	0.01391	0.20940	0.02414	0.02560	0.01293	0.01426	0.01020	0.00778	0.00667	0.00195	0.01145	0.00517	0.00470	0.00957
18	0.01286	0.00916	0.01117	0.01057	0.01272	0.00905	0.00790	0.07309	0.07679	0.05308	0.35742	0.21837	0.08757	0.01584	0.00849	0.00247	0.00434	0.01391	0.00754	0.00767
19	0.01442	0.01369	0.02054	0.30363	0.03086	0.01764	0.01647	0.01753	0.01282	0.01828	0.01212	0.01852	0.01055	0.01422	0.08519	0.00359	0.32045	0.00641	0.00335	0.05974
20	0.01490	0.08486	0.66245	0.02017	0.03061	0.01767	0.02590	0.02294	0.01531	0.02263	0.01285	0.01510	0.00922	0.00686	0.00676	0.00225	0.01055	0.00527	0.00307	0.01065
21	0.03100	0.01237	0.01659	0.01290	0.01830	0.01096	0.01059	0.03482	0.05771	0.64254	0.05272	0.02594	0.02005	0.00926	0.00736	0.00226	0.00606	0.00757	0.00887	0.01212
22	0.01786	0.01714	0.02928	0.06481	0.67999	0.01724	0.02225	0.02220	0.01649	0.02359	0.01365	0.01803	0.01146	0.00650	0.00720	0.00217	0.00867	0.00648	0.00359	0.01141
23	0.01373	0.01292	0.02180	0.72707	0.05006	0.01615	0.02019	0.01857	0.01453	0.01857	0.01292	0.01938	0.00969	0.00727	0.00727	0.00242	0.00969	0.00646	0.00323	0.00807
24	0.01026	0.00705	0.00813	0.00821	0.00860	0.00687	0.00495	0.01087	0.01236	0.01650	0.10182	0.10898	0.07737	0.55425	0.02961	0.00587	0.00618	0.01203	0.00516	0.00492
25	0.01263	0.00631	0.00947	0.00947	0.00947	0.00631	0.00631	0.00947	0.00947	0.01263	0.01263	0.02210	0.01263	0.02525	0.02841	0.78851	0.00631	0.00631	0.00316	0.00316
26	0.02036	0.02242	0.02418	0.11538	0.33157	0.26826	0.01837	0.02380	0.01778	0.02084	0.01435	0.02065	0.01253	0.00784	0.00716	0.00217	0.01025	0.04860	0.00381	0.00967
27	0.01880	0.65626	0.12520	0.01352	0.02032	0.02721	0.01432	0.02193	0.01485	0.01787	0.01049	0.01214	0.00931	0.00631	0.00496	0.00165	0.00816	0.00408	0.00310	0.00951
28	0.00859	0.00736	0.00736	0.00736	0.00982	0.00614	0.00552	0.01043	0.01657	0.01964	0.07364	0.06996	0.69624	0.01841	0.00859	0.00245	0.00368	0.01534	0.00675	0.00614
29	0.00911	0.00731	0.00813	0.00807	0.01017	0.00633	0.00600	0.01138	0.01758	0.02237	0.25499	0.10983	0.46785	0.01765	0.00863	0.00244	0.00364	0.01505	0.00712	0.00633
30	0.04951	0.01618	0.06512	0.05702	0.09088	0.01521	0.01387	0.08457	0.19894	0.29463	0.02394	0.02274	0.01662	0.00864	0.00720	0.00231	0.00695	0.00712	0.00701	0.01156
31	0.02647	0.01941	0.02092	0.01620	0.02170	0.02149	0.01334	0.62672	0.03265	0.04402	0.01774	0.01822	0.01280	0.01060	0.03632	0.00256	0.00832	0.00660	0.03199	0.01194
32	0.01761	0.06528	0.02846	0.07756	0.56173	0.01735	0.02041	0.02173	0.01620	0.02301	0.01333	0.01741	0.01121	0.00641	0.00688	0.00204	0.00837	0.00612	0.00360	0.07528
33	0.01364	0.00711	0.00735	0.00723	0.00886	0.00735	0.00548	0.01696	0.01509	0.02674	0.02319	0.02669	0.01829	0.00863	0.00578	0.00175	0.03038	0.00676	0.75590	0.00682
34	0.01686	0.01773	0.07666	0.18251	0.46036	0.01707	0.02133	0.02289	0.06980	0.02315	0.01475	0.01882	0.01182	0.00694	0.00721	0.00225	0.00878	0.00653	0.00379	0.01074
35	0.01507	0.01292	0.01507	0.01077	0.01723	0.00969	0.00861	0.01830	0.01507	0.02369	0.01292	0.01507	0.01077	0.00538	0.00538	0.00108	0.00538	0.00431	0.00431	0.78898
36	0.01971	0.72321	0.03746	0.01266	0.01879	0.05347	0.01250	0.02203	0.01498	0.01713	0.01015	0.01171	0.00933	0.00626	0.00473	0.00157	0.00797	0.00392	0.00313	0.00930
37	0.01410	0.01360	0.05026	0.05577	0.28331	0.01253	0.03864	0.04067	0.01747	0.02407	0.15455	0.12930	0.11171	0.01188	0.00796	0.00236	0.00668	0.01080	0.00535	0.00899
38	0.01039	0.00719	0.00850	0.00839	0.00894	0.00710	0.00526	0.01132	0.01286	0.01743	0.15200	0.04875	0.07095	0.51871	0.07754	0.00622	0.00705	0.01113	0.00518	0.00511
39	0.01954	0.01634	0.01726	0.01509	0.01946	0.01876	0.01186	0.13571	0.58660	0.03276	0.02773	0.02565	0.02069	0.00969	0.00738	0.00242	0.00610	0.00796	0.00738	0.01164
40	0.01059	0.00809	0.01207	0.01195	0.01320	0.00957	0.00934	0.01315	0.01166	0.01690	0.01910	0.02809	0.01785	0.05298	0.69027	0.01137	0.04567	0.00774	0.00387	0.00654
41	0.61205	0.01395	0.01236	0.01051	0.01529	0.01539	0.00866	0.04847	0.01490	0.16979	0.01417	0.01465	0.01010	0.00728	0.00517	0.00225	0.00583	0.00472	0.00552	0.00895
42	0.01444	0.01239	0.01299	0.01197	0.01540	0.01344	0.00922	0.02774	0.42442	0.02661	0.07392	0.04319	0.25841	0.01305	0.00786	0.00245	0.00493	0.01091	0.00720	0.00944
43	0.01068	0.00722	0.00852	0.00884	0.00912	0.00721	0.00561	0.01124	0.01164	0.01543	0.02593	0.07909	0.02960	0.60661	0.03183	0.00633	0.00689	0.10855	0.00484	0.00481
44	0.00865	0.00737	0.00745	0.00743	0.00986	0.00616	0.00557	0.01055	0.01671	0.01998	0.09575	0.06940	0.67392	0.01828	0.00859	0.00245	0.00367	0.01526	0.00679	0.00616
45	0.02458	0.02976	0.02310	0.02600	0.21259	0.51923	0.01637	0.02714	0.01946	0.01946	0.01192	0.01448	0.00997	0.00721	0.00673	0.00195	0.01185	0.00519	0.00370	0.00929
46	0.03040	0.01502	0.01840	0.01420	0.01982	0.01473	0.01170	0.23601	0.05469	0.46779	0.02520	0.02256	0.01642	0.00895	0.00730	0.00224	0.00673	0.00711	0.00838	0.01233
47	0.00918	0.00653	0.00869	0.01030	0.01081	0.00617	0.00707	0.01056	0.01401	0.01863	0.03916	0.65265	0.04658	0.05476	0.01058	0.00317	0.00456	0.07404	0.00664	0.00590
48	0.01767	0.01389	0.01456	0.01307	0.01673	0.01576	0.01017	0.07589	0.48764	0.03067	0.02742	0.02647	0.02071	0.00946	0.00685	0.00227	0.00536	0.00777	0.18717	0.01047
49	0.01827	0.01879	0.05396	0.04259	0.64465	0.04825	0.02211	0.02263	0.01669	0.02346	0.01354	0.01768	0.01133	0.00654	0.00716	0.00215	0.00891	0.00636	0.00359	0.01135
50	0.02203	0.01803	0.02623	0.03352	0.43494	0.01867	0.01882	0.24151	0.02269	0.06887	0.01577	0.01818	0.01216	0.00737	0.00723	0.00217	0.00829	0.00655	0.00513	0.01185
51	0.79588	0.01406	0.01068	0.00956	0.01406	0.01631	0.00787	0.02137	0.01237	0.03261	0.01012	0.01181	0.00787	0.00675	0.00450	0.00225	0.00562	0.00394	0.00450	0.00787
52	0.01799	0.01727	0.02950	0.04462	0.69919	0.01727	0.02231	0.02231	0.01655	0.02375	0.01367	0.01799	0.01151	0.00648	0.00720	0.00216	0.00864	0.00648	0.00360	0.01151
53	0.00885	0.00674	0.00815	0.00914	0.01032	0.00604	0.00634	0.01044	0.01519	0.01954	0.08956	0.47554	0.26625	0.02085	0.00901	0.00275	0.00399	0.01844	0.00682	0.00604
54	0.49610	0.01652	0.01503	0.01236	0.01737	0.01874	0.01019	0.27640	0.02088	0.03776	0.01298	0.01401	0.00962	0.00752	0.00558	0.00222	0.00655	0.00495	0.00558	0.00962
55	0.01758	0.01524	0.01874	0.08124	0.12525	0.01718	0.01403	0.06020	0.44191	0.02832	0.02591	0.02916	0.02066	0.00991	0.00757	0.00248	0.00671	0.06066	0.00639	0.01085
56	0.03176	0.01284	0.01705	0.01317	0.01874	0.01150	0.01085	0.06185	0.05089	0.64725	0.02826	0.02455	0.01795	0.00902	0.00731	0.00226	0.00624	0.00732	0.00885	0.01233
57	0.01131	0.00819	0.01056	0.01100	0.01260	0.00797	0.00851	0.05676	0.01826	0.02468	0.25155	0.27257	0.07456	0.01841	0.00909	0.00277	0.00484	0.18234	0.00717	0.00686
58	0.01648	0.02144	0.19050	0.14920	0.43434	0.01700	0.02306	0.02188	0.01594	0.02274	0.01340	0.01758	0.01067	0.00671	0.00714	0.00224	0.00931	0.00621	0.00341	0.01077
59	0.00900	0.00647	0.00853	0.00993	0.01055	0.00601	0.00672	0.01050	0.01469	0.01968	0.10874	0.64720	0.07139	0.02181	0.00918	0.00287	0.00412	0.01972	0.00688	0.00601
60	0.01032	0.00712	0.00882	0.00903	0.00937	0.00736	0.00573	0.01105	0.01123	0.01526	0.02423	0.12775	0.02723	0.50338	0.18427	0.00758	0.00946	0.01118	0.00458	0.00505
61	0.01595	0.01681	0.02761	0.43279	0.04262	0.07689	0.20162	0.02072	0.01560	0.01976	0.01309	0.01871	0.01003	0.00727	0.00849	0.00243	0.05074	0.00689	0.00340	0.00858
62	0.17841	0.01362	0.01663	0.04641	0.06435	0.01377	0.01147	0.03160	0.13550	0.37803	0.02349	0.02193	0.01594	0.00846	0.00676	0.00229	0.00632	0.00671	0.00722	0.01109
63	0.01161	0.00829	0.01159	0.01327	0.01489	0.00828	0.01153	0.01488	0.01663	0.02164	0.03855	0.10616	0.04206	0.02018	0.01001	0.00333	0.00660	0.62714	0.00670	0.00666
64	0.01256	0.00675	0.01024	0.05685	0.01219	0.00695	0.00725	0.01009	0.00997	0.01324	0.01368	0.04905	0.01377	0.02397	0.02629	0.70694	0.00646	0.00687	0.00330	0.00359
65	0.01600	0.16437	0.41946	0.02256	0.10542	0.01898	0.08710	0.02246	0.01571	0.02221	0.03265	0.01652	0.01141	0.00688	0.00674	0.00216	0.00989	0.00577	0.00334	0.01036

[dist]
# distance from previous block
# <min> <max>
0	1

[block]
# block no. 6 follows, 28 sequences, length 71
# corresponding to MSA columns:
# 430-500
name=unknown_G
#
# <colnr> <probs for GDERKNQSTAVLIFYWHMCP>
#	G	D	E	R	K	N	Q	S	T	A	V	L	I	F	Y	W	H	M	C	P
0	0.01776	0.01929	0.08821	0.06788	0.44877	0.03965	0.05059	0.02506	0.12314	0.02429	0.01609	0.01919	0.01283	0.00711	0.00725	0.00224	0.00872	0.00669	0.00415	0.01111
1	0.59818	0.06293	0.01650	0.04152	0.01850	0.01766	0.06942	0.05896	0.01430	0.03093	0.01107	0.01314	0.00859	0.00679	0.00515	0.00223	0.00667	0.00461	0.00444	0.00841
2	0.01304	0.00796	0.00998	0.15165	0.01705	0.00855	0.00831	0.01647	0.01495	0.02439	0.02346	0.10882	0.02028	0.00990	0.00601	0.00199	0.00475	0.00833	0.53719	0.00693
3	0.05105	0.07402	0.02511	0.02929	0.33144	0.22225	0.01719	0.04469	0.09274	0.02325	0.01446	0.01688	0.01181	0.00721	0.00675	0.00207	0.00942	0.00587	0.00417	0.01034
4	0.01521	0.01304	0.01514	0.01095	0.01730	0.01008	0.00875	0.01925	0.04617	0.02400	0.01369	0.01563	0.01130	0.00559	0.00548	0.00114	0.00540	0.00449	0.00445	0.75294
5	0.02007	0.69012	0.03665	0.01296	0.01897	0.08528	0.01257	0.02236	0.01525	0.01716	0.01020	0.01178	0.00933	0.00632	0.00482	0.00158	0.00821	0.00395	0.00316	0.00925
6	0.01244	0.00791	0.01041	0.00951	0.01160	0.00723	0.00723	0.01581	0.02060	0.09431	0.63101	0.05145	0.06370	0.01429	0.00845	0.00228	0.00370	0.01258	0.00810	0.00739
7	0.01727	0.01086	0.01516	0.01602	0.12303	0.01009	0.01052	0.02148	0.05045	0.18173	0.35951	0.03796	0.04205	0.01134	0.00780	0.00219	0.00512	0.00995	0.00726	0.06021
8	0.00942	0.00808	0.00816	0.00801	0.01061	0.00718	0.00605	0.01290	0.07506	0.02058	0.06979	0.06621	0.63735	0.01766	0.00849	0.00246	0.00386	0.01472	0.00681	0.00661
9	0.01355	0.00678	0.00678	0.00678	0.00847	0.00678	0.00508	0.01694	0.01524	0.02710	0.02371	0.02710	0.01863	0.00847	0.00508	0.00169	0.00339	0.00678	0.78489	0.00678
