[name]
unknown

[dist]
# distance from previous block
# <min> <max>
6	77

[block]
# block no. 0 follows, 28 sequences, length 7
# corresponding to MSA columns:
# 91-97
name=unknown_A
#
# <colnr> <probs for GDERKNQSTAVLIFYWHMCP>
#	G	D	E	R	K	N	Q	S	T	A	V	L	I	F	Y	W	H	M	C	P
0	0.01044	0.00915	0.03668	0.06244	0.01495	0.00857	0.03430	0.01218	0.01343	0.01791	0.03322	0.39162	0.08298	0.18594	0.01603	0.00379	0.03944	0.01524	0.00554	0.00616
1	0.01385	0.00842	0.01048	0.01003	0.01190	0.00823	0.00733	0.01662	0.04917	0.11928	0.09041	0.11626	0.11678	0.21162	0.11276	0.00495	0.00738	0.04567	0.03183	0.00700
2	0.06015	0.01126	0.01260	0.01173	0.01475	0.01174	0.00904	0.07862	0.19146	0.08169	0.10132	0.18608	0.13887	0.01458	0.00804	0.00254	0.00515	0.04452	0.00713	0.00872
3	0.05491	0.00829	0.00987	0.00976	0.01177	0.00779	0.00706	0.01567	0.03862	0.11425	0.11951	0.30051	0.17292	0.08184	0.01093	0.00299	0.00466	0.01466	0.00690	0.00711
4	0.05174	0.00786	0.00921	0.00902	0.01103	0.00730	0.00664	0.01467	0.01681	0.08394	0.21660	0.20288	0.19300	0.04757	0.00930	0.00262	0.00417	0.01359	0.08516	0.00691
5	0.01985	0.01328	0.01512	0.01316	0.01690	0.01393	0.01025	0.19876	0.17323	0.14112	0.03281	0.20658	0.08655	0.01343	0.00793	0.00247	0.00585	0.01139	0.00740	0.00999
6	0.14537	0.01283	0.01562	0.01236	0.01742	0.01221	0.01014	0.08906	0.02072	0.47123	0.09549	0.02525	0.02131	0.00925	0.00701	0.00225	0.00597	0.00735	0.00805	0.01110

[dist]
# distance from previous block
# <min> <max>
3	7

[block]
# block no. 1 follows, 28 sequences, length 36
# corresponding to MSA columns:
# 105-140
name=unknown_B
#
# <colnr> <probs for GDERKNQSTAVLIFYWHMCP>
#	G	D	E	R	K	N	Q	S	T	A	V	L	I	F	Y	W	H	M	C	P
0	0.42709	0.01416	0.04344	0.04205	0.01726	0.01472	0.03691	0.02209	0.10686	0.02825	0.01702	0.01897	0.04044	0.00916	0.00736	0.06244	0.00615	0.00574	0.04974	0.03017
1	0.02228	0.01105	0.01419	0.01206	0.01605	0.01031	0.00980	0.05375	0.07041	0.35006	0.16908	0.04123	0.08675	0.01235	0.00801	0.00242	0.00552	0.08657	0.00814	0.00999
2	0.07480	0.07915	0.01840	0.01319	0.01794	0.04488	0.02597	0.11057	0.05180	0.32065	0.10539	0.02610	0.02218	0.04619	0.00854	0.00242	0.00665	0.00753	0.00718	0.01046
3	0.02805	0.01969	0.02140	0.01641	0.02221	0.02155	0.01356	0.62164	0.03306	0.10070	0.01839	0.01806	0.01283	0.00875	0.00727	0.00219	0.00785	0.00661	0.00742	0.01236
4	0.00995	0.00737	0.00928	0.00889	0.01068	0.00670	0.00663	0.01303	0.01964	0.02714	0.56588	0.08526	0.17105	0.01577	0.00861	0.00234	0.00350	0.01382	0.00774	0.00670
5	0.02110	0.01175	0.01456	0.01176	0.01597	0.01096	0.00941	0.12887	0.02217	0.25990	0.26889	0.03492	0.05877	0.01105	0.00762	0.00214	0.00531	0.00929	0.00781	0.08775
6	0.01407	0.00865	0.01132	0.01058	0.01294	0.00815	0.00830	0.01818	0.05332	0.12610	0.45326	0.07684	0.05457	0.01474	0.00855	0.00246	0.00441	0.09784	0.00790	0.00784
7	0.01507	0.01292	0.01507	0.01077	0.01723	0.00969	0.00861	0.01830	0.01507	0.02369	0.01292	0.01507	0.01077	0.00538	0.00538	0.00108	0.00538	0.00431	0.00431	0.78898
8	0.02230	0.09249	0.02213	0.12405	0.05670	0.12045	0.01433	0.23459	0.13687	0.05844	0.01892	0.01984	0.03023	0.00842	0.00696	0.00217	0.00843	0.00653	0.00565	0.01050
9	0.02487	0.01899	0.02026	0.01617	0.02149	0.02125	0.01315	0.49122	0.22240	0.04136	0.02096	0.02024	0.01520	0.00905	0.00731	0.00226	0.00735	0.00703	0.00731	0.01211
10	0.19469	0.02698	0.01865	0.01717	0.04718	0.43097	0.01274	0.09252	0.01976	0.02441	0.01180	0.01355	0.00949	0.00732	0.00615	0.00196	0.01041	0.00476	0.00429	0.04520
11	0.01355	0.00678	0.00678	0.00678	0.00847	0.00678	0.00508	0.01694	0.01524	0.02710	0.02371	0.02710	0.01863	0.00847	0.00508	0.00169	0.00339	0.00678	0.78489	0.00678
12	0.01038	0.00779	0.01168	0.01168	0.01298	0.00909	0.00909	0.01298	0.01168	0.01687	0.01947	0.02856	0.01817	0.05452	0.71573	0.01168	0.01947	0.00779	0.00389	0.00649
13	0.02803	0.01136	0.01540	0.01215	0.01697	0.00990	0.00990	0.03096	0.02076	0.56552	0.16566	0.03081	0.02839	0.01020	0.00757	0.00226	0.00562	0.00851	0.00879	0.01124
14	0.00942	0.00661	0.00822	0.00927	0.00963	0.00630	0.00591	0.01029	0.01290	0.01710	0.03570	0.47826	0.06815	0.26579	0.01859	0.00431	0.00515	0.01704	0.00596	0.00541
15	0.01988	0.70772	0.03708	0.01280	0.01888	0.06836	0.01253	0.02218	0.01511	0.01714	0.01017	0.01174	0.00933	0.00629	0.00477	0.00157	0.00808	0.00393	0.00315	0.00928
16	0.02715	0.03464	0.02060	0.01873	0.02247	0.71536	0.01404	0.02903	0.02060	0.01779	0.01124	0.01311	0.00936	0.00749	0.00655	0.00187	0.01311	0.00468	0.00375	0.00843
17	0.02715	0.02064	0.02151	0.01670	0.02236	0.04708	0.01371	0.62097	0.06536	0.04406	0.01782	0.01777	0.01273	0.00874	0.00725	0.00218	0.00807	0.00656	0.00715	0.01218
18	0.06495	0.02005	0.02127	0.01638	0.02213	0.02224	0.01353	0.64321	0.03312	0.04517	0.01710	0.01718	0.01214	0.00863	0.00714	0.00218	0.00788	0.00642	0.00714	0.01214
19	0.01449	0.01395	0.02158	0.40358	0.03567	0.01840	0.01795	0.01789	0.01300	0.01805	0.01179	0.01831	0.00998	0.01148	0.04336	0.00312	0.30973	0.00647	0.00324	0.00796
20	0.00876	0.00698	0.00786	0.00847	0.01013	0.00608	0.00604	0.01045	0.01574	0.01962	0.08677	0.32090	0.42680	0.01990	0.00885	0.00263	0.00387	0.01725	0.00680	0.00608
21	0.01118	0.00893	0.01175	0.01102	0.01209	0.00977	0.00832	0.01355	0.01667	0.02356	0.38216	0.13043	0.07748	0.09205	0.01466	0.00305	0.14765	0.01255	0.00646	0.00667
22	0.01927	0.72474	0.06082	0.01272	0.01909	0.02836	0.01293	0.02181	0.01479	0.01730	0.01021	0.01179	0.00932	0.00624	0.00474	0.00158	0.00787	0.00394	0.00311	0.00938
23	0.01057	0.00705	0.00793	0.00793	0.00793	0.00705	0.00440	0.01057	0.01057	0.01409	0.02290	0.04757	0.02643	0.74454	0.03700	0.00705	0.00705	0.01057	0.00440	0.00440
24	0.02722	0.02077	0.02154	0.01673	0.02239	0.05154	0.01373	0.62152	0.06047	0.04400	0.01769	0.01767	0.01264	0.00872	0.00725	0.00218	0.00812	0.00654	0.00713	0.01216
25	0.12445	0.05396	0.02087	0.01562	0.02112	0.05364	0.01291	0.50467	0.05770	0.04085	0.01641	0.01668	0.01193	0.00835	0.00677	0.00216	0.00783	0.00608	0.00657	0.01143
26	0.01245	0.00631	0.00942	0.00950	0.00952	0.00629	0.00633	0.00950	0.00967	0.01290	0.01389	0.05503	0.01425	0.02514	0.02753	0.75247	0.00622	0.00697	0.00332	0.00328
27	0.01206	0.00937	0.01059	0.01057	0.04009	0.00882	0.00753	0.06466	0.05689	0.04483	0.14699	0.07533	0.42127	0.04685	0.00955	0.00260	0.00454	0.01328	0.00684	0.00736
28	0.79588	0.01406	0.01068	0.00956	0.01406	0.01631	0.00787	0.02137	0.01237	0.03261	0.01012	0.01181	0.00787	0.00675	0.00450	0.00225	0.00562	0.00394	0.00450	0.00787
29	0.01620	0.05310	0.02645	0.05022	0.02447	0.04050	0.18782	0.04938	0.01460	0.02034	0.01404	0.04716	0.01274	0.01608	0.10914	0.00392	0.29410	0.00754	0.00376	0.00846
30	0.01405	0.01169	0.01400	0.01128	0.01570	0.01011	0.00877	0.04927	0.01586	0.02349	0.05356	0.16807	0.04261	0.01047	0.00771	0.00175	0.05137	0.00869	0.00514	0.47638
31	0.01048	0.00710	0.00809	0.00809	0.00826	0.00711	0.00469	0.01069	0.01088	0.01447	0.02488	0.04756	0.05446	0.67884	0.07008	0.00709	0.00753	0.01063	0.00448	0.00458
32	0.01405	0.03344	0.60984	0.01932	0.02880	0.01556	0.02432	0.02179	0.01588	0.02350	0.07494	0.02217	0.01613	0.00828	0.00721	0.00235	0.00989	0.03864	0.00369	0.01019
33	0.01063	0.00809	0.01192	0.01178	0.01295	0.00953	0.00911	0.01303	0.01159	0.01674	0.01924	0.02911	0.01828	0.09252	0.64706	0.01105	0.04913	0.00789	0.00389	0.00643
34	0.01641	0.30630	0.45424	0.01759	0.02662	0.02137	0.02141	0.02255	0.01513	0.02078	0.01193	0.01395	0.00925	0.00665	0.00606	0.00202	0.00962	0.00481	0.00308	0.01021
35	0.55919	0.08063	0.11413	0.01300	0.01875	0.01761	0.06186	0.02178	0.01336	0.02921	0.01089	0.01289	0.00843	0.00668	0.00517	0.00221	0.00704	0.00449	0.00411	0.00855

[dist]
# distance from previous block
# <min> <max>
1	11

[block]
# block no. 2 follows, 28 sequences, length 236
# corresponding to MSA columns:
# 152-387
name=unknown_C
#
# <colnr> <probs for GDERKNQSTAVLIFYWHMCP>
#	G	D	E	R	K	N	Q	S	T	A	V	L	I	F	Y	W	H	M	C	P
0	0.10608	0.47268	0.16855	0.01415	0.02099	0.04834	0.01493	0.04554	0.01551	0.02108	0.01100	0.01268	0.00925	0.00655	0.00526	0.00182	0.00832	0.00431	0.00343	0.00953
1	0.02370	0.01601	0.04706	0.01402	0.01903	0.01555	0.01159	0.24588	0.12702	0.20709	0.02242	0.02448	0.01692	0.10396	0.01099	0.00279	0.00698	0.00730	0.00696	0.07025
2	0.01943	0.74891	0.03809	0.01244	0.01866	0.02876	0.01244	0.02177	0.01477	0.01710	0.01011	0.01166	0.00933	0.00622	0.00466	0.00155	0.00777	0.00389	0.00311	0.00933
3	0.00946	0.00689	0.00898	0.01029	0.01096	0.00668	0.00700	0.01171	0.04463	0.01929	0.06388	0.62385	0.04558	0.04772	0.04290	0.00345	0.00506	0.01886	0.00662	0.00617
4	0.01213	0.00787	0.01029	0.00954	0.01161	0.00720	0.00730	0.01545	0.02031	0.08460	0.59320	0.05342	0.08699	0.01469	0.00852	0.00233	0.00378	0.03548	0.00799	0.00728
5	0.01002	0.00739	0.00937	0.00894	0.01071	0.00674	0.00668	0.01318	0.01985	0.02759	0.59451	0.07688	0.14997	0.01556	0.00860	0.00233	0.00349	0.01366	0.00780	0.00674
6	0.01373	0.01292	0.02180	0.72707	0.05006	0.01615	0.02019	0.01857	0.01453	0.01857	0.01292	0.01938	0.00969	0.00727	0.00727	0.00242	0.00969	0.00646	0.00323	0.00807
7	0.01057	0.00705	0.00793	0.00793	0.00793	0.00705	0.00440	0.01057	0.01057	0.01409	0.02290	0.04757	0.02643	0.74454	0.03700	0.00705	0.00705	0.01057	0.00440	0.00440
8	0.01355	0.00678	0.00678	0.00678	0.00847	0.00678	0.00508	0.01694	0.01524	0.02710	0.02371	0.02710	0.01863	0.00847	0.00508	0.00169	0.00339	0.00678	0.78489	0.00678
9	0.01799	0.01727	0.02950	0.04462	0.69919	0.01727	0.02231	0.02231	0.01655	0.02375	0.01367	0.01799	0.01151	0.00648	0.00720	0.00216	0.00864	0.00648	0.00360	0.01151
10	0.01943	0.74891	0.03809	0.01244	0.01866	0.02876	0.01244	0.02177	0.01477	0.01710	0.01011	0.01166	0.00933	0.00622	0.00466	0.00155	0.00777	0.00389	0.00311	0.00933
11	0.01029	0.00743	0.00972	0.00914	0.01086	0.00686	0.00686	0.01372	0.02058	0.02915	0.69536	0.05430	0.06859	0.01486	0.00857	0.00229	0.00343	0.01315	0.00800	0.00686
12	0.01458	0.03760	0.70688	0.02072	0.03146	0.01688	0.02686	0.02302	0.01535	0.02302	0.01304	0.01535	0.00921	0.00691	0.00691	0.00230	0.01074	0.00537	0.00307	0.01074
13	0.02340	0.01828	0.02049	0.07186	0.04683	0.02055	0.01392	0.41368	0.22492	0.03840	0.02056	0.02048	0.01503	0.00887	0.00731	0.00228	0.00749	0.00703	0.00687	0.01175
14	0.01373	0.01292	0.02180	0.72707	0.05006	0.01615	0.02019	0.01857	0.01453	0.01857	0.01292	0.01938	0.00969	0.00727	0.00727	0.00242	0.00969	0.00646	0.00323	0.00807
15	0.12716	0.01954	0.02037	0.01580	0.02144	0.02173	0.01305	0.59028	0.03135	0.04410	0.01650	0.01672	0.01178	0.00847	0.00691	0.00219	0.00769	0.00621	0.00691	0.01178
16	0.01793	0.01996	0.03930	0.02920	0.05485	0.04897	0.55450	0.04825	0.01753	0.02353	0.01428	0.01894	0.01092	0.00675	0.00945	0.00246	0.06152	0.00812	0.00378	0.00977
17	0.02155	0.01346	0.01588	0.01381	0.01808	0.01395	0.01114	0.08257	0.28308	0.22400	0.02936	0.06409	0.02369	0.01138	0.00774	0.00247	0.00611	0.10309	0.00757	0.04697
18	0.79588	0.01406	0.01068	0.00956	0.01406	0.01631	0.00787	0.02137	0.01237	0.03261	0.01012	0.01181	0.00787	0.00675	0.00450	0.00225	0.00562	0.00394	0.00450	0.00787
19	0.01039	0.00776	0.01152	0.01152	0.01276	0.00900	0.00888	0.01288	0.01163	0.01675	0.01962	0.02938	0.01853	0.08441	0.68633	0.01148	0.01893	0.00791	0.00392	0.00640
20	0.01029	0.00743	0.00972	0.00914	0.01086	0.00686	0.00686	0.01372	0.02058	0.02915	0.69536	0.05430	0.06859	0.01486	0.00857	0.00229	0.00343	0.01315	0.00800	0.00686
21	0.05003	0.62791	0.03455	0.01254	0.01862	0.02644	0.01216	0.04750	0.01595	0.08043	0.01205	0.01306	0.01017	0.00658	0.00499	0.00167	0.00756	0.00430	0.00385	0.00966
22	0.01055	0.00711	0.00826	0.00826	0.00837	0.00722	0.00481	0.01078	0.01067	0.01434	0.02260	0.04591	0.02571	0.68441	0.09615	0.00745	0.00813	0.01033	0.00436	0.00459
23	0.79588	0.01406	0.01068	0.00956	0.01406	0.01631	0.00787	0.02137	0.01237	0.03261	0.01012	0.01181	0.00787	0.00675	0.00450	0.00225	0.00562	0.00394	0.00450	0.00787
24	0.01373	0.01292	0.02180	0.72707	0.05006	0.01615	0.02019	0.01857	0.01453	0.01857	0.01292	0.01938	0.00969	0.00727	0.00727	0.00242	0.00969	0.00646	0.00323	0.00807
25	0.01056	0.00710	0.00822	0.00822	0.00832	0.00720	0.00476	0.01076	0.01066	0.01431	0.02264	0.04611	0.02579	0.69147	0.08920	0.00740	0.00800	0.01036	0.00437	0.00456
26	0.01943	0.74891	0.03809	0.01244	0.01866	0.02876	0.01244	0.02177	0.01477	0.01710	0.01011	0.01166	0.00933	0.00622	0.00466	0.00155	0.00777	0.00389	0.00311	0.00933
27	0.04948	0.05045	0.02573	0.08433	0.39935	0.03993	0.04775	0.02184	0.03992	0.02323	0.01473	0.04446	0.01269	0.00714	0.00686	0.00206	0.00818	0.00660	0.00394	0.11133
28	0.01077	0.00739	0.00869	0.00887	0.00930	0.00734	0.00549	0.03557	0.01291	0.01734	0.06996	0.21603	0.03389	0.49384	0.02729	0.00556	0.00616	0.01305	0.00531	0.00523
29	0.02692	0.06035	0.02143	0.01822	0.02233	0.59911	0.01395	0.11243	0.02213	0.02139	0.01200	0.01362	0.00975	0.00760	0.00657	0.00190	0.01224	0.00489	0.00418	0.00897
30	0.04489	0.01038	0.01425	0.01326	0.01452	0.01282	0.01051	0.04301	0.01250	0.01876	0.01696	0.02562	0.01603	0.08064	0.46115	0.00870	0.17764	0.00741	0.00393	0.00701
31	0.01057	0.00705	0.00793	0.00793	0.00793	0.00705	0.00440	0.01057	0.01057	0.01409	0.02290	0.04757	0.02643	0.74454	0.03700	0.00705	0.00705	0.01057	0.00440	0.00440
32	0.01306	0.01022	0.01267	0.09400	0.01705	0.03673	0.00944	0.01779	0.07116	0.05771	0.46553	0.04464	0.07424	0.01310	0.00863	0.00233	0.02564	0.01128	0.00710	0.00768
33	0.02997	0.01484	0.01818	0.01413	0.01968	0.01457	0.01161	0.21037	0.08315	0.46496	0.02569	0.02296	0.01683	0.00900	0.00731	0.00225	0.00664	0.00718	0.00838	0.01229
34	0.69483	0.01462	0.01198	0.01038	0.01504	0.01673	0.00855	0.08589	0.01479	0.05659	0.01147	0.01280	0.00865	0.00702	0.00487	0.00224	0.00587	0.00431	0.00492	0.00846
35	0.02695	0.01982	0.02126	0.01637	0.02195	0.02192	0.01344	0.64820	0.03323	0.04453	0.01767	0.01866	0.01293	0.03836	0.00847	0.00238	0.00796	0.00671	0.00716	0.01204
36	0.74134	0.04272	0.03406	0.01003	0.01479	0.01680	0.00865	0.02144	0.01256	0.03172	0.01021	0.01192	0.00797	0.00673	0.00458	0.00222	0.00587	0.00398	0.00440	0.00802
37	0.04828	0.06710	0.02602	0.11122	0.04768	0.06663	0.11426	0.01986	0.01356	0.01930	0.01105	0.01633	0.00975	0.00981	0.01569	0.00271	0.38257	0.00633	0.00336	0.00848
38	0.01510	0.00943	0.01185	0.01059	0.01293	0.00932	0.00805	0.06562	0.01848	0.13124	0.27284	0.06756	0.11395	0.11225	0.07766	0.00383	0.03353	0.01116	0.00689	0.00771
39	0.02245	0.47394	0.03158	0.01455	0.02012	0.19057	0.01302	0.11826	0.01897	0.02143	0.01144	0.01284	0.00978	0.00688	0.00549	0.00172	0.00907	0.00446	0.00386	0.00955
40	0.01045	0.00699	0.00797	0.00809	0.00812	0.00696	0.00458	0.01054	0.01082	0.01442	0.02416	0.09824	0.02801	0.69171	0.03497	0.00675	0.00684	0.01131	0.00458	0.00451
41	0.01007	0.00745	0.00942	0.00902	0.01085	0.00680	0.00683	0.01325	0.01980	0.02736	0.57217	0.05782	0.16705	0.01562	0.00863	0.00235	0.00359	0.03741	0.00775	0.00674
42	0.01716	0.01961	0.04289	0.03064	0.03799	0.01838	0.67279	0.02328	0.01716	0.02328	0.01471	0.01961	0.01103	0.00613	0.00858	0.00245	0.01225	0.00858	0.00368	0.00980
43	0.36732	0.05686	0.33394	0.04592	0.02386	0.01711	0.01737	0.02203	0.01394	0.02690	0.01159	0.01376	0.00863	0.00682	0.00574	0.00225	0.00826	0.00471	0.00372	0.00927
44	0.01053	0.00722	0.00878	0.00878	0.00908	0.00751	0.00547	0.01112	0.01082	0.01473	0.02212	0.04325	0.02455	0.58777	0.19120	0.00810	0.00987	0.00994	0.00429	0.00488
45	0.01042	0.00763	0.01087	0.01087	0.01188	0.00864	0.00807	0.01246	0.01144	0.01627	0.02022	0.03268	0.01996	0.20423	0.56847	0.01068	0.01678	0.00839	0.00400	0.00604
46	0.02413	0.06323	0.04891	0.01819	0.02181	0.51000	0.01450	0.04992	0.01900	0.01892	0.01162	0.01433	0.00987	0.01018	0.03961	0.00248	0.10589	0.00509	0.00375	0.00856
47	0.79588	0.01406	0.01068	0.00956	0.01406	0.01631	0.00787	0.02137	0.01237	0.03261	0.01012	0.01181	0.00787	0.00675	0.00450	0.00225	0.00562	0.00394	0.00450	0.00787
48	0.01943	0.74891	0.03809	0.01244	0.01866	0.02876	0.01244	0.02177	0.01477	0.01710	0.01011	0.01166	0.00933	0.00622	0.00466	0.00155	0.00777	0.00389	0.00311	0.00933
49	0.00886	0.00633	0.00843	0.01012	0.01054	0.00590	0.00675	0.01012	0.01392	0.01856	0.04006	0.73979	0.04808	0.02277	0.00928	0.00295	0.00422	0.02066	0.00675	0.00590
50	0.01636	0.01252	0.01606	0.04626	0.04489	0.03874	0.04239	0.10450	0.07883	0.07034	0.07552	0.15053	0.03225	0.01481	0.00862	0.00273	0.00686	0.22265	0.00656	0.00858
51	0.11108	0.02748	0.02134	0.02264	0.15248	0.43939	0.01503	0.05444	0.01904	0.02181	0.01177	0.01423	0.00975	0.00751	0.00728	0.00204	0.04453	0.00510	0.00393	0.00911
52	0.01355	0.00678	0.00678	0.00678	0.00847	0.00678	0.00508	0.01694	0.01524	0.02710	0.02371	0.02710	0.01863	0.00847	0.00508	0.00169	0.00339	0.00678	0.78489	0.00678
53	0.01458	0.03760	0.70688	0.02072	0.03146	0.01688	0.02686	0.02302	0.01535	0.02302	0.01304	0.01535	0.00921	0.00691	0.00691	0.00230	0.01074	0.00537	0.00307	0.01074
54	0.01641	0.04771	0.03218	0.02458	0.05789	0.04354	0.37786	0.02209	0.06507	0.02206	0.01948	0.06926	0.04610	0.01055	0.03506	0.00282	0.08496	0.00897	0.00423	0.00919
55	0.02660	0.01985	0.02124	0.01652	0.02215	0.02206	0.01357	0.60635	0.10446	0.04415	0.01876	0.01849	0.01342	0.00885	0.00729	0.00221	0.00776	0.00672	0.00729	0.01227
56	0.01073	0.00814	0.01156	0.01142	0.01234	0.00947	0.00857	0.01271	0.01154	0.01648	0.02038	0.06426	0.02051	0.17904	0.50841	0.00982	0.06556	0.00881	0.00407	0.00617
57	0.01943	0.74891	0.03809	0.01244	0.01866	0.02876	0.01244	0.02177	0.01477	0.01710	0.01011	0.01166	0.00933	0.00622	0.00466	0.00155	0.00777	0.00389	0.00311	0.00933
58	0.01799	0.01727	0.02950	0.04462	0.69919	0.01727	0.02231	0.02231	0.01655	0.02375	0.01367	0.01799	0.01151	0.00648	0.00720	0.00216	0.00864	0.00648	0.00360	0.01151
59	0.01086	0.00829	0.01206	0.13400	0.01915	0.00866	0.01108	0.01359	0.01517	0.01987	0.03478	0.34762	0.03896	0.01902	0.00925	0.00302	0.00617	0.27574	0.00612	0.00660
60	0.79588	0.01406	0.01068	0.00956	0.01406	0.01631	0.00787	0.02137	0.01237	0.03261	0.01012	0.01181	0.00787	0.00675	0.00450	0.00225	0.00562	0.00394	0.00450	0.00787
61	0.01373	0.01292	0.02180	0.72707	0.05006	0.01615	0.02019	0.01857	0.01453	0.01857	0.01292	0.01938	0.00969	0.00727	0.00727	0.00242	0.00969	0.00646	0.00323	0.00807
62	0.01808	0.01561	0.01644	0.01479	0.01890	0.01808	0.01151	0.03863	0.68606	0.03041	0.02959	0.02712	0.02219	0.00986	0.00740	0.00247	0.00575	0.00822	0.00740	0.01151
63	0.03261	0.01237	0.01687	0.01293	0.01856	0.01068	0.01068	0.03543	0.02081	0.70423	0.02868	0.02474	0.01799	0.00900	0.00731	0.00225	0.00619	0.00731	0.00900	0.01237
64	0.01688	0.01880	0.04009	0.03110	0.10103	0.01773	0.58062	0.02262	0.01696	0.02312	0.01571	0.05079	0.01269	0.00689	0.00847	0.00244	0.01155	0.00890	0.00380	0.00980
65	0.01029	0.00743	0.00972	0.00914	0.01086	0.00686	0.00686	0.01372	0.02058	0.02915	0.69536	0.05430	0.06859	0.01486	0.00857	0.00229	0.00343	0.01315	0.00800	0.00686
66	0.02715	0.03464	0.02060	0.01873	0.02247	0.71536	0.01404	0.02903	0.02060	0.01779	0.01124	0.01311	0.00936	0.00749	0.00655	0.00187	0.01311	0.00468	0.00375	0.00843
67	0.00891	0.00741	0.00781	0.00780	0.01014	0.00631	0.00591	0.01100	0.01705	0.02085	0.14666	0.06854	0.59662	0.01805	0.00864	0.00247	0.00376	0.03891	0.00690	0.00624
68	0.00913	0.00775	0.00846	0.00897	0.03611	0.00664	0.00631	0.01124	0.01700	0.02083	0.13895	0.06628	0.60201	0.01757	0.00854	0.00243	0.00384	0.01477	0.00677	0.00642
69	0.01355	0.00678	0.00678	0.00678	0.00847	0.00678	0.00508	0.01694	0.01524	0.02710	0.02371	0.02710	0.01863	0.00847	0.00508	0.00169	0.00339	0.00678	0.78489	0.00678
70	0.79588	0.01406	0.01068	0.00956	0.01406	0.01631	0.00787	0.02137	0.01237	0.03261	0.01012	0.01181	0.00787	0.00675	0.00450	0.00225	0.00562	0.00394	0.00450	0.00787
71	0.02624	0.09489	0.02297	0.01849	0.04882	0.39035	0.01415	0.24652	0.02449	0.02744	0.01333	0.01464	0.01046	0.00775	0.00665	0.00196	0.01071	0.00531	0.00487	0.00996
72	0.01355	0.00678	0.00678	0.00678	0.00847	0.00678	0.00508	0.01694	0.01524	0.02710	0.02371	0.02710	0.01863	0.00847	0.00508	0.00169	0.00339	0.00678	0.78489	0.00678
73	0.06720	0.01206	0.01372	0.01170	0.01552	0.01153	0.00897	0.16152	0.01874	0.02729	0.04458	0.25591	0.02516	0.01297	0.00795	0.03016	0.00557	0.01053	0.00586	0.25306
74	0.02437	0.12233	0.02400	0.01914	0.05121	0.44338	0.03311	0.05252	0.01902	0.04292	0.01195	0.01422	0.00994	0.00795	0.00847	0.00204	0.09543	0.00513	0.00391	0.00896
75	0.70467	0.01540	0.03566	0.01054	0.01537	0.01685	0.00902	0.07606	0.01430	0.03339	0.01084	0.01240	0.00829	0.00692	0.00481	0.00225	0.00600	0.00420	0.00468	0.00835
76	0.01607	0.01823	0.05949	0.17654	0.06406	0.01735	0.46393	0.02175	0.01640	0.02212	0.01519	0.04639	0.01209	0.00703	0.00822	0.00245	0.01123	0.00840	0.00367	0.00939
77	0.01355	0.00678	0.00678	0.00678	0.00847	0.00678	0.00508	0.01694	0.01524	0.02710	0.02371	0.02710	0.01863	0.00847	0.00508	0.00169	0.00339	0.00678	0.78489	0.00678
78	0.01821	0.01662	0.02746	0.04023	0.60529	0.01669	0.02061	0.02348	0.05994	0.04795	0.04152	0.02021	0.01463	0.00711	0.00727	0.00219	0.00816	0.00687	0.00420	0.01136
79	0.79588	0.01406	0.01068	0.00956	0.01406	0.01631	0.00787	0.02137	0.01237	0.03261	0.01012	0.01181	0.00787	0.00675	0.00450	0.00225	0.00562	0.00394	0.00450	0.00787
80	0.53257	0.01706	0.09680	0.09300	0.02206	0.01632	0.06026	0.02187	0.01361	0.05231	0.01175	0.01409	0.00881	0.00686	0.00549	0.00229	0.00719	0.00484	0.00428	0.00853
81	0.01019	0.00783	0.01021	0.01073	0.01182	0.00761	0.00753	0.01172	0.01393	0.01923	0.05661	0.55333	0.04088	0.04968	0.01103	0.00291	0.05765	0.01711	0.00616	0.09384
82	0.75960	0.01515	0.04301	0.01008	0.01487	0.01633	0.00875	0.02144	0.01251	0.03217	0.01026	0.01197	0.00793	0.00675	0.00461	0.00225	0.00586	0.00400	0.00443	0.00801
83	0.01355	0.00678	0.00678	0.00678	0.00847	0.00678	0.00508	0.01694	0.01524	0.02710	0.02371	0.02710	0.01863	0.00847	0.00508	0.00169	0.00339	0.00678	0.78489	0.00678
84	0.00867	0.00737	0.00747	0.00745	0.00987	0.00617	0.00558	0.01058	0.01675	0.02008	0.10251	0.06923	0.66710	0.01824	0.00859	0.00245	0.00367	0.01524	0.00681	0.00617
85	0.01355	0.00678	0.00678	0.00678	0.00847	0.00678	0.00508	0.01694	0.01524	0.02710	0.02371	0.02710	0.01863	0.00847	0.00508	0.00169	0.00339	0.00678	0.78489	0.00678
86	0.02564	0.06227	0.02202	0.04814	0.04360	0.47041	0.01450	0.15577	0.02230	0.02352	0.01250	0.01442	0.01004	0.00784	0.00732	0.00200	0.03885	0.00521	0.00437	0.00931
87	0.01017	0.00741	0.00947	0.00896	0.01067	0.00681	0.00666	0.01334	0.01989	0.02784	0.62171	0.05527	0.11591	0.04249	0.00964	0.00248	0.00358	0.01322	0.00777	0.00671
88	0.01815	0.01850	0.11654	0.01540	0.02049	0.01729	0.01358	0.06019	0.50742	0.05547	0.05705	0.02618	0.02188	0.00958	0.00737	0.00241	0.00648	0.00793	0.00685	0.01125
89	0.01219	0.01013	0.01644	0.01458	0.01678	0.01126	0.09544	0.04456	0.01350	0.01913	0.01934	0.05944	0.01804	0.04310	0.53272	0.00932	0.04433	0.00838	0.00413	0.00722
90	0.01617	0.14892	0.56964	0.01905	0.02885	0.01848	0.02384	0.02339	0.01550	0.05317	0.01329	0.01519	0.00963	0.00689	0.00657	0.00218	0.01007	0.00523	0.00335	0.01059
91	0.02763	0.02036	0.02182	0.01672	0.02254	0.02254	0.01382	0.67496	0.03418	0.04581	0.01745	0.01745	0.01236	0.00873	0.00727	0.00218	0.00800	0.00654	0.00727	0.01236
92	0.02146	0.10363	0.02024	0.01502	0.01976	0.09750	0.01211	0.13341	0.37121	0.06792	0.02275	0.02170	0.01710	0.00879	0.00689	0.00219	0.00717	0.00687	0.00645	0.03783
93	0.01355	0.00678	0.00678	0.00678	0.00847	0.00678	0.00508	0.01694	0.01524	0.02710	0.02371	0.02710	0.01863	0.00847	0.00508	0.00169	0.00339	0.00678	0.78489	0.00678
94	0.01436	0.01326	0.02180	0.69466	0.04881	0.01644	0.01990	0.04852	0.01543	0.01982	0.01313	0.01929	0.00981	0.00733	0.00727	0.00241	0.00961	0.00646	0.00341	0.00827
95	0.01511	0.00884	0.01138	0.01020	0.01281	0.00820	0.00783	0.01922	0.05798	0.16520	0.46353	0.07876	0.08390	0.01391	0.00828	0.00233	0.00417	0.01213	0.00805	0.00816
96	0.01062	0.00815	0.00942	0.00947	0.01106	0.00796	0.00668	0.01478	0.10252	0.02193	0.19104	0.21158	0.19811	0.14742	0.01367	0.00335	0.00462	0.01430	0.00670	0.00663
97	0.00999	0.00735	0.00935	0.00900	0.01072	0.00671	0.00669	0.01309	0.01967	0.02733	0.57902	0.10028	0.14214	0.01579	0.00862	0.00235	0.00351	0.01389	0.00777	0.00671
98	0.01566	0.19550	0.55842	0.01888	0.02862	0.01952	0.02366	0.02274	0.01522	0.02171	0.01239	0.01453	0.00923	0.00675	0.00641	0.00214	0.01008	0.00504	0.00308	0.01043
99	0.00886	0.00633	0.00843	0.01012	0.01054	0.00590	0.00675	0.01012	0.01392	0.01856	0.04006	0.73979	0.04808	0.02277	0.00928	0.00295	0.00422	0.02066	0.00675	0.00590
100	0.03226	0.01294	0.01722	0.01321	0.01884	0.01154	0.01091	0.08137	0.02177	0.65693	0.02787	0.02422	0.01759	0.00898	0.00731	0.00224	0.00632	0.00725	0.00887	0.01237
101	0.00880	0.00737	0.00765	0.00758	0.00994	0.00622	0.00569	0.01083	0.01706	0.02079	0.14918	0.06805	0.61998	0.01798	0.00859	0.00243	0.00365	0.01507	0.00690	0.00622
102	0.01507	0.01292	0.01507	0.01077	0.01723	0.00969	0.00861	0.01830	0.01507	0.02369	0.01292	0.01507	0.01077	0.00538	0.00538	0.00108	0.00538	0.00431	0.00431	0.78898
103	0.01355	0.00678	0.00678	0.00678	0.00847	0.00678	0.00508	0.01694	0.01524	0.02710	0.02371	0.02710	0.01863	0.00847	0.00508	0.00169	0.00339	0.00678	0.78489	0.00678
104	0.04501	0.08681	0.55048	0.01972	0.05162	0.01710	0.02344	0.02302	0.01567	0.05284	0.03974	0.01694	0.01192	0.00723	0.00674	0.00224	0.00978	0.00563	0.00359	0.01048
105	0.01878	0.05233	0.10372	0.06291	0.49162	0.07535	0.02122	0.02323	0.01675	0.04609	0.01373	0.01730	0.01114	0.00671	0.00701	0.00214	0.00916	0.00612	0.00370	0.01098
106	0.01537	0.01404	0.01999	0.04294	0.02202	0.01140	0.12005	0.01915	0.01540	0.02341	0.01322	0.01600	0.01077	0.00558	0.00599	0.00136	0.00670	0.00511	0.00416	0.62734
107	0.79588	0.01406	0.01068	0.00956	0.01406	0.01631	0.00787	0.02137	0.01237	0.03261	0.01012	0.01181	0.00787	0.00675	0.00450	0.00225	0.00562	0.00394	0.00450	0.00787
108	0.01319	0.01091	0.01306	0.01053	0.01516	0.00855	0.00804	0.01589	0.01494	0.02246	0.04403	0.21626	0.02306	0.01051	0.00657	0.00164	0.00499	0.00912	0.00511	0.54597
109	0.01406	0.01353	0.02339	0.64854	0.04800	0.01655	0.06871	0.01888	0.01460	0.01888	0.01293	0.01927	0.00978	0.00739	0.00799	0.00245	0.03697	0.00661	0.00326	0.00820
110	0.01022	0.00743	0.00963	0.00908	0.01082	0.00683	0.00681	0.01359	0.02043	0.02879	0.67205	0.05489	0.09211	0.01499	0.00857	0.00229	0.00344	0.01323	0.00795	0.00683
111	0.01056	0.00708	0.00808	0.00808	0.00813	0.00713	0.00459	0.01067	0.01062	0.01421	0.02277	0.04680	0.02609	0.71675	0.06433	0.00723	0.00755	0.01046	0.00438	0.00449
112	0.01575	0.02923	0.42315	0.05217	0.19160	0.01717	0.12220	0.02274	0.01588	0.02308	0.01344	0.01675	0.01004	0.00670	0.00724	0.00229	0.01043	0.00615	0.00329	0.01069
113	0.79588	0.01406	0.01068	0.00956	0.01406	0.01631	0.00787	0.02137	0.01237	0.03261	0.01012	0.01181	0.00787	0.00675	0.00450	0.00225	0.00562	0.00394	0.00450	0.00787
114	0.01057	0.00705	0.00793	0.00793	0.00793	0.00705	0.00440	0.01057	0.01057	0.01409	0.02290	0.04757	0.02643	0.74454	0.03700	0.00705	0.00705	0.01057	0.00440	0.00440
115	0.01808	0.01561	0.01644	0.01479	0.01890	0.01808	0.01151	0.03863	0.68606	0.03041	0.02959	0.02712	0.02219	0.00986	0.00740	0.00247	0.00575	0.00822	0.00740	0.01151
116	0.01022	0.00743	0.00962	0.00907	0.01082	0.00683	0.00680	0.01359	0.02041	0.02877	0.67032	0.05493	0.09387	0.01500	0.00857	0.00229	0.00344	0.01323	0.00795	0.00683
117	0.79588	0.01406	0.01068	0.00956	0.01406	0.01631	0.00787	0.02137	0.01237	0.03261	0.01012	0.01181	0.00787	0.00675	0.00450	0.00225	0.00562	0.00394	0.00450	0.00787
118	0.01013	0.00686	0.00806	0.00849	0.00860	0.00675	0.00500	0.01046	0.01143	0.01524	0.02730	0.22478	0.03197	0.55977	0.02990	0.00600	0.00632	0.01315	0.00500	0.00479
119	0.01637	0.01668	0.02220	0.01907	0.01922	0.05094	0.01583	0.01797	0.01152	0.01751	0.00961	0.01579	0.00953	0.01251	0.02314	0.00313	0.70152	0.00629	0.00320	0.00797
120	0.01507	0.01292	0.01507	0.01077	0.01723	0.00969	0.00861	0.01830	0.01507	0.02369	0.01292	0.01507	0.01077	0.00538	0.00538	0.00108	0.00538	0.00431	0.00431	0.78898
121	0.01373	0.01292	0.02180	0.72707	0.05006	0.01615	0.02019	0.01857	0.01453	0.01857	0.01292	0.01938	0.00969	0.00727	0.00727	0.00242	0.00969	0.00646	0.00323	0.00807
122	0.02763	0.02036	0.02182	0.01672	0.02254	0.02254	0.01382	0.67496	0.03418	0.04581	0.01745	0.01745	0.01236	0.00873	0.00727	0.00218	0.00800	0.00654	0.00727	0.01236
123	0.01393	0.00754	0.01054	0.01010	0.01061	0.00773	0.00697	0.06737	0.01162	0.01551	0.01305	0.02169	0.01260	0.02381	0.02657	0.72009	0.00646	0.00633	0.00351	0.00396
124	0.01458	0.03760	0.70688	0.02072	0.03146	0.01688	0.02686	0.02302	0.01535	0.02302	0.01304	0.01535	0.00921	0.00691	0.00691	0.00230	0.01074	0.00537	0.00307	0.01074
125	0.00884	0.00715	0.00786	0.00814	0.01009	0.00617	0.00593	0.01075	0.01648	0.02051	0.13847	0.20786	0.48853	0.01891	0.00873	0.00254	0.00376	0.01620	0.00689	0.00617
126	0.01007	0.00742	0.00941	0.00891	0.01072	0.00677	0.00669	0.01329	0.02006	0.02792	0.61482	0.05633	0.14990	0.01532	0.00858	0.00231	0.00346	0.01343	0.00784	0.00677
127	0.01060	0.00811	0.01210	0.01197	0.01322	0.00961	0.00935	0.01316	0.01166	0.01690	0.01908	0.02806	0.01783	0.05287	0.68846	0.01135	0.04753	0.00773	0.00387	0.00655
128	0.02666	0.08061	0.02172	0.01832	0.02223	0.67117	0.01394	0.02856	0.02022	0.01775	0.01116	0.01302	0.00936	0.00741	0.00643	0.00185	0.01277	0.00463	0.00370	0.00848
129	0.79588	0.01406	0.01068	0.00956	0.01406	0.01631	0.00787	0.02137	0.01237	0.03261	0.01012	0.01181	0.00787	0.00675	0.00450	0.00225	0.00562	0.00394	0.00450	0.00787
130	0.01071	0.00763	0.01047	0.01209	0.01329	0.00749	0.00978	0.01323	0.01557	0.02041	0.03849	0.30354	0.04342	0.04588	0.01071	0.00334	0.00587	0.41510	0.00663	0.00635
131	0.01808	0.01561	0.01644	0.01479	0.01890	0.01808	0.01151	0.03863	0.68606	0.03041	0.02959	0.02712	0.02219	0.00986	0.00740	0.00247	0.00575	0.00822	0.00740	0.01151
132	0.01716	0.01961	0.04289	0.03064	0.03799	0.01838	0.67279	0.02328	0.01716	0.02328	0.01471	0.01961	0.01103	0.00613	0.00858	0.00245	0.01225	0.00858	0.00368	0.00980
133	0.00988	0.00752	0.00926	0.00972	0.01086	0.00709	0.00667	0.01119	0.01377	0.01835	0.03925	0.42892	0.14494	0.14120	0.01409	0.00342	0.03398	0.01624	0.00602	0.06764
134	0.79588	0.01406	0.01068	0.00956	0.01406	0.01631	0.00787	0.02137	0.01237	0.03261	0.01012	0.01181	0.00787	0.00675	0.00450	0.00225	0.00562	0.00394	0.00450	0.00787
135	0.01050	0.00732	0.00930	0.00930	0.00977	0.00779	0.00611	0.01145	0.01098	0.01511	0.02165	0.04064	0.02342	0.49302	0.28441	0.00874	0.01158	0.00956	0.00422	0.00516
136	0.01533	0.13118	0.59071	0.02003	0.03003	0.01852	0.05167	0.02286	0.01535	0.02225	0.01272	0.01503	0.00930	0.00678	0.00668	0.00221	0.01041	0.00531	0.00310	0.01052
137	0.01742	0.01947	0.10836	0.07006	0.59429	0.01718	0.02275	0.02224	0.01633	0.02345	0.01357	0.01774	0.01117	0.00656	0.00717	0.00219	0.00893	0.00635	0.00352	0.01128
138	0.02439	0.01533	0.01787	0.01351	0.01933	0.01463	0.01105	0.26640	0.02394	0.21974	0.04394	0.02006	0.01547	0.00797	0.00673	0.00185	0.00650	0.00629	0.00683	0.25816
139	0.01519	0.01498	0.02039	0.11381	0.02243	0.04943	0.01528	0.01740	0.01210	0.01755	0.01170	0.01833	0.01097	0.01861	0.13434	0.00442	0.48545	0.00654	0.00333	0.00775
140	0.01646	0.04428	0.02388	0.14427	0.23290	0.04627	0.01746	0.01960	0.01431	0.02014	0.01280	0.04165	0.01158	0.00917	0.01249	0.00244	0.24649	0.00657	0.00355	0.07369
141	0.01801	0.33225	0.37407	0.01666	0.02511	0.02135	0.01958	0.02347	0.01553	0.07378	0.01304	0.01454	0.00994	0.00678	0.00600	0.00199	0.00915	0.00490	0.00355	0.01028
142	0.01056	0.00708	0.00810	0.00810	0.00816	0.00714	0.00462	0.01068	0.01062	0.01422	0.02274	0.04669	0.02604	0.71250	0.06852	0.00726	0.00762	0.01044	0.00438	0.00450
143	0.02648	0.01974	0.02181	0.07573	0.02483	0.02201	0.01435	0.62044	0.03255	0.04355	0.01708	0.01761	0.01214	0.00860	0.00727	0.00220	0.00814	0.00654	0.00694	0.01201
144	0.01057	0.00705	0.00793	0.00793	0.00793	0.00705	0.00440	0.01057	0.01057	0.01409	0.02290	0.04757	0.02643	0.74454	0.03700	0.00705	0.00705	0.01057	0.00440	0.00440
145	0.09738	0.05263	0.02300	0.13338	0.14427	0.10021	0.04060	0.18843	0.02024	0.02777	0.01444	0.04356	0.01194	0.00837	0.00813	0.00227	0.06239	0.00651	0.00465	0.00983
146	0.01849	0.01582	0.01667	0.01488	0.01906	0.01827	0.01161	0.06619	0.65782	0.03107	0.02906	0.02670	0.02176	0.00981	0.00739	0.00245	0.00585	0.00815	0.00739	0.01154
147	0.07614	0.06365	0.47503	0.01842	0.02744	0.01631	0.04404	0.02512	0.01616	0.14817	0.01561	0.01678	0.01079	0.00722	0.00675	0.00226	0.00944	0.00566	0.00428	0.01073
148	0.01711	0.01948	0.04218	0.03024	0.03734	0.01852	0.65005	0.02308	0.01695	0.02308	0.01453	0.01948	0.01098	0.00636	0.00911	0.00248	0.03715	0.00850	0.00366	0.00974
149	0.01742	0.01491	0.01611	0.04150	0.01946	0.01669	0.01128	0.06378	0.53004	0.02936	0.03050	0.02874	0.07149	0.01003	0.00733	0.00235	0.00583	0.00833	0.00695	0.06791
150	0.01730	0.07971	0.02532	0.12986	0.02623	0.08129	0.08945	0.04813	0.01449	0.01951	0.01153	0.01676	0.01012	0.01140	0.03965	0.00298	0.35795	0.00633	0.00349	0.00848
151	0.00998	0.00724	0.00941	0.00925	0.01077	0.00667	0.00679	0.01299	0.01930	0.02700	0.56130	0.17129	0.08809	0.01633	0.00869	0.00241	0.00357	0.01450	0.00774	0.00667
152	0.02432	0.01343	0.01613	0.01340	0.01801	0.01363	0.01071	0.06391	0.27568	0.34040	0.10326	0.02863	0.02501	0.00997	0.00748	0.00233	0.00580	0.00828	0.00819	0.01142
153	0.00886	0.00633	0.00843	0.01012	0.01054	0.00590	0.00675	0.01012	0.01392	0.01856	0.04006	0.73979	0.04808	0.02277	0.00928	0.00295	0.00422	0.02066	0.00675	0.00590
154	0.01041	0.00771	0.01126	0.01126	0.01241	0.00886	0.00856	0.01271	0.01156	0.01656	0.01986	0.03069	0.01910	0.13190	0.63962	0.01116	0.01808	0.00810	0.00395	0.00626
155	0.01151	0.00837	0.01135	0.01283	0.01448	0.00837	0.01089	0.01521	0.04183	0.02164	0.03978	0.15294	0.06886	0.01992	0.00979	0.00323	0.00626	0.52924	0.00673	0.00676
156	0.01884	0.01599	0.01686	0.01495	0.01919	0.01843	0.01169	0.08912	0.63433	0.03163	0.02862	0.02635	0.02141	0.00977	0.00739	0.00244	0.00593	0.00809	0.00739	0.01157
157	0.05898	0.01243	0.01666	0.01282	0.01840	0.01088	0.01059	0.03494	0.02051	0.68103	0.02804	0.02429	0.01764	0.00892	0.00721	0.00225	0.00617	0.00719	0.00884	0.01222
158	0.00902	0.00738	0.00796	0.00782	0.01008	0.00632	0.00586	0.01127	0.01759	0.02206	0.23174	0.06597	0.53663	0.01751	0.00859	0.00241	0.00362	0.01478	0.00707	0.00632
159	0.03200	0.01335	0.01748	0.01340	0.01905	0.01214	0.01107	0.11391	0.02245	0.62343	0.02730	0.02385	0.01730	0.00896	0.00731	0.00224	0.00641	0.00722	0.00879	0.01237
160	0.02763	0.02036	0.02182	0.01672	0.02254	0.02254	0.01382	0.67496	0.03418	0.04581	0.01745	0.01745	0.01236	0.00873	0.00727	0.00218	0.00800	0.00654	0.00727	0.01236
161	0.01021	0.00806	0.01160	0.03607	0.01371	0.00822	0.03420	0.01229	0.01532	0.02100	0.18049	0.47944	0.04685	0.01906	0.01015	0.00278	0.06059	0.01694	0.00651	0.00650
162	0.02763	0.02036	0.02182	0.01672	0.02254	0.02254	0.01382	0.67496	0.03418	0.04581	0.01745	0.01745	0.01236	0.00873	0.00727	0.00218	0.00800	0.00654	0.00727	0.01236
163	0.13556	0.02057	0.01835	0.01560	0.02003	0.15486	0.01239	0.23050	0.22565	0.03245	0.01851	0.01866	0.01399	0.00873	0.00754	0.00226	0.04155	0.00630	0.00603	0.01048
164	0.01158	0.00836	0.01038	0.01108	0.01228	0.00832	0.00777	0.10659	0.01686	0.02251	0.03678	0.63499	0.04289	0.02074	0.00899	0.00284	0.00477	0.01862	0.00682	0.00684
165	0.01016	0.00738	0.00957	0.00912	0.01080	0.00679	0.00680	0.01343	0.02013	0.02831	0.64234	0.08474	0.09244	0.01534	0.00860	0.00232	0.00347	0.01356	0.00790	0.00679
166	0.11773	0.01794	0.03522	0.10673	0.09300	0.01777	0.45807	0.02243	0.01619	0.02401	0.01382	0.01843	0.01051	0.00636	0.00779	0.00240	0.01080	0.00756	0.00373	0.00951
167	0.01751	0.01669	0.02837	0.06344	0.64834	0.01676	0.02154	0.02180	0.01667	0.02384	0.04475	0.01969	0.01406	0.00688	0.00726	0.00217	0.00843	0.00678	0.00379	0.01120
168	0.01507	0.01292	0.01507	0.01077	0.01723	0.00969	0.00861	0.01830	0.01507	0.02369	0.01292	0.01507	0.01077	0.00538	0.00538	0.00108	0.00538	0.00431	0.00431	0.78898
169	0.01281	0.01014	0.01129	0.03835	0.01425	0.01012	0.00812	0.12066	0.06805	0.02499	0.09923	0.15153	0.34367	0.04206	0.00935	0.00263	0.00495	0.01348	0.00675	0.00757
170	0.00979	0.00761	0.00885	0.00879	0.01065	0.00696	0.00643	0.01293	0.04801	0.02336	0.30067	0.15593	0.30790	0.04734	0.00980	0.00265	0.00390	0.01474	0.00716	0.00655
171	0.01784	0.01807	0.05338	0.04319	0.64746	0.01731	0.05077	0.02238	0.01654	0.02370	0.01370	0.01797	0.01141	0.00648	0.00725	0.00218	0.00887	0.00653	0.00358	0.01141
172	0.01009	0.00742	0.00944	0.00893	0.01074	0.00677	0.00670	0.01333	0.02010	0.02802	0.62148	0.05616	0.14317	0.01528	0.00858	0.00231	0.00346	0.01341	0.00785	0.00677
173	0.01820	0.01427	0.01482	0.01284	0.01528	0.06987	0.00955	0.22635	0.01999	0.04555	0.04637	0.10324	0.02287	0.27377	0.01932	0.00405	0.06042	0.00954	0.00569	0.00801
174	0.01507	0.01292	0.01507	0.01077	0.01723	0.00969	0.00861	0.01830	0.01507	0.02369	0.01292	0.01507	0.01077	0.00538	0.00538	0.00108	0.00538	0.00431	0.00431	0.78898
175	0.01537	0.08844	0.57959	0.02001	0.02970	0.04399	0.05060	0.02283	0.01576	0.02261	0.03718	0.01655	0.01142	0.00713	0.00685	0.00224	0.01041	0.00564	0.00330	0.01037
176	0.02219	0.02539	0.02531	0.02649	0.19992	0.34503	0.09951	0.04828	0.04996	0.02160	0.01413	0.03661	0.01193	0.00782	0.00772	0.00213	0.03593	0.00638	0.00405	0.00960
177	0.79588	0.01406	0.01068	0.00956	0.01406	0.01631	0.00787	0.02137	0.01237	0.03261	0.01012	0.01181	0.00787	0.00675	0.00450	0.00225	0.00562	0.00394	0.00450	0.00787
178	0.00886	0.00633	0.00843	0.01012	0.01054	0.00590	0.00675	0.01012	0.01392	0.01856	0.04006	0.73979	0.04808	0.02277	0.00928	0.00295	0.00422	0.02066	0.00675	0.00590
179	0.04707	0.13716	0.38766	0.02297	0.14784	0.06943	0.02173	0.02348	0.01592	0.04411	0.01298	0.01528	0.00988	0.00683	0.00652	0.00213	0.00976	0.00531	0.00346	0.01045
180	0.01004	0.00734	0.00943	0.00909	0.01075	0.00673	0.00675	0.01318	0.01974	0.02757	0.59512	0.11035	0.11521	0.01577	0.00863	0.00235	0.00351	0.01392	0.00781	0.00673
181	0.04386	0.01584	0.02530	0.20967	0.32429	0.01701	0.07034	0.04650	0.10486	0.02425	0.01744	0.02097	0.03244	0.00754	0.00730	0.00230	0.00854	0.00704	0.00427	0.01025
182	0.00898	0.00658	0.00843	0.00966	0.01048	0.00604	0.00660	0.01055	0.01498	0.01984	0.11509	0.57908	0.13426	0.02135	0.00911	0.00282	0.00406	0.01916	0.00688	0.00604
183	0.02812	0.01958	0.02133	0.01636	0.02215	0.02139	0.01351	0.61262	0.03287	0.10999	0.01855	0.01816	0.01291	0.00875	0.00728	0.00219	0.00782	0.00662	0.00744	0.01236
184	0.79588	0.01406	0.01068	0.00956	0.01406	0.01631	0.00787	0.02137	0.01237	0.03261	0.01012	0.01181	0.00787	0.00675	0.00450	0.00225	0.00562	0.00394	0.00450	0.00787
185	0.02651	0.01960	0.02097	0.01628	0.02185	0.02174	0.01338	0.60846	0.08132	0.04412	0.01853	0.01845	0.01327	0.00880	0.00721	0.00219	0.00769	0.00667	0.03082	0.01213
186	0.37626	0.01417	0.01472	0.01190	0.01704	0.01476	0.00982	0.11194	0.01873	0.31598	0.01885	0.01796	0.01270	0.00795	0.00604	0.00224	0.00617	0.00569	0.00674	0.01034
187	0.02494	0.06586	0.01657	0.01260	0.01696	0.01152	0.01031	0.02866	0.06216	0.43630	0.03010	0.14625	0.02468	0.01209	0.00768	0.00242	0.00600	0.06649	0.00788	0.01052
188	0.01949	0.01758	0.01859	0.01847	0.09331	0.07013	0.01305	0.08593	0.51294	0.02995	0.02555	0.02433	0.01931	0.00923	0.00730	0.00237	0.00679	0.00764	0.00670	0.01134
189	0.77122	0.01480	0.03266	0.00991	0.01461	0.01632	0.00847	0.02142	0.01246	0.03231	0.01021	0.01192	0.00791	0.00675	0.00457	0.00225	0.00578	0.00398	0.00445	0.00796
190	0.13497	0.02189	0.02063	0.07655	0.14784	0.22095	0.01481	0.14561	0.09939	0.02774	0.01497	0.01676	0.01164	0.00769	0.00666	0.00215	0.00912	0.00580	0.00487	0.00998
191	0.01706	0.01398	0.01667	0.01319	0.01774	0.01381	0.01060	0.16225	0.01840	0.02678	0.01621	0.07442	0.01457	0.01272	0.07018	0.00266	0.10113	0.00667	0.00497	0.38599
192	0.01587	0.01289	0.01516	0.01087	0.01729	0.00974	0.00871	0.01908	0.01533	0.05474	0.01364	0.01551	0.01110	0.00555	0.00547	0.00113	0.00542	0.00444	0.00452	0.75354
193	0.01808	0.01561	0.01644	0.01479	0.01890	0.01808	0.01151	0.03863	0.68606	0.03041	0.02959	0.02712	0.02219	0.00986	0.00740	0.00247	0.00575	0.00822	0.00740	0.01151
194	0.01808	0.01561	0.01644	0.01479	0.01890	0.01808	0.01151	0.03863	0.68606	0.03041	0.02959	0.02712	0.02219	0.00986	0.00740	0.00247	0.00575	0.00822	0.00740	0.01151
195	0.00886	0.00633	0.00843	0.01012	0.01054	0.00590	0.00675	0.01012	0.01392	0.01856	0.04006	0.73979	0.04808	0.02277	0.00928	0.00295	0.00422	0.02066	0.00675	0.00590
196	0.02763	0.02036	0.02182	0.01672	0.02254	0.02254	0.01382	0.67496	0.03418	0.04581	0.01745	0.01745	0.01236	0.00873	0.00727	0.00218	0.00800	0.00654	0.00727	0.01236
