[name]
unknown

[dist]
# distance from previous block
# <min> <max>
4	50

[block]
# block no. 0 follows, 28 sequences, length 30
# corresponding to MSA columns:
# 50-79
name=unknown_A
#
# <colnr> <probs for GDERKNQSTAVLIFYWHMCP>
#	G	D	E	R	K	N	Q	S	T	A	V	L	I	F	Y	W	H	M	C	P
0	0.07374	0.10322	0.28402	0.01831	0.02560	0.01861	0.09243	0.05233	0.15982	0.05804	0.01708	0.01825	0.01267	0.00769	0.00725	0.00228	0.02728	0.00625	0.00462	0.01051
1	0.07456	0.04507	0.04378	0.01551	0.05730	0.01510	0.01214	0.05466	0.28039	0.09906	0.04319	0.07812	0.02454	0.01161	0.00760	0.00252	0.00633	0.11187	0.00664	0.01001
2	0.00959	0.00734	0.00862	0.00839	0.01023	0.00656	0.00615	0.01207	0.01804	0.02395	0.37946	0.08379	0.31148	0.06948	0.01067	0.00272	0.00382	0.01408	0.00721	0.00636
3	0.01022	0.00760	0.00965	0.00925	0.01112	0.00683	0.00684	0.01316	0.01884	0.02633	0.49632	0.16210	0.11396	0.01582	0.00849	0.00233	0.00370	0.01397	0.00746	0.05602
4	0.01942	0.01858	0.02612	0.09709	0.44239	0.07828	0.01956	0.09607	0.06251	0.02547	0.01474	0.01817	0.01190	0.00730	0.00768	0.00221	0.03094	0.00644	0.00422	0.01093
5	0.02074	0.06038	0.06892	0.02418	0.16631	0.28638	0.01711	0.02350	0.01636	0.01929	0.01133	0.01504	0.00986	0.00869	0.01163	0.00233	0.21977	0.00556	0.00348	0.00914
6	0.01373	0.01292	0.02180	0.72707	0.05006	0.01615	0.02019	0.01857	0.01453	0.01857	0.01292	0.01938	0.00969	0.00727	0.00727	0.00242	0.00969	0.00646	0.00323	0.00807
7	0.01040	0.00718	0.00853	0.00875	0.00887	0.00732	0.00529	0.01076	0.01122	0.01508	0.02551	0.17022	0.02958	0.57203	0.05475	0.00637	0.02637	0.01217	0.00477	0.00484
8	0.01186	0.00782	0.01090	0.01273	0.05681	0.00733	0.00844	0.01383	0.01560	0.07979	0.10945	0.51332	0.04493	0.01946	0.00894	0.00279	0.00475	0.05741	0.00687	0.00699
9	0.48310	0.01645	0.04300	0.01222	0.01744	0.01729	0.01048	0.18939	0.01898	0.11027	0.01417	0.01483	0.01020	0.00751	0.00562	0.00223	0.00650	0.00503	0.00565	0.00963
10	0.01055	0.00711	0.00825	0.00825	0.00836	0.00722	0.00481	0.01078	0.01067	0.01433	0.02261	0.04593	0.02571	0.68492	0.09564	0.00745	0.00812	0.01033	0.00436	0.00458
11	0.00913	0.00652	0.00875	0.01044	0.01098	0.00614	0.00723	0.01060	0.01419	0.01887	0.03991	0.67601	0.04747	0.02251	0.00935	0.00299	0.00446	0.08171	0.00674	0.00598
12	0.00861	0.00727	0.00746	0.00761	0.00988	0.00612	0.00563	0.01040	0.01633	0.01954	0.07062	0.13014	0.63801	0.01880	0.00865	0.00250	0.00373	0.01582	0.00675	0.00612
13	0.01263	0.00631	0.00947	0.00947	0.00947	0.00631	0.00631	0.00947	0.00947	0.01263	0.01263	0.02210	0.01263	0.02525	0.02841	0.78851	0.00631	0.00631	0.00316	0.00316
14	0.01716	0.01961	0.04289	0.03064	0.03799	0.01838	0.67279	0.02328	0.01716	0.02328	0.01471	0.01961	0.01103	0.00613	0.00858	0.00245	0.01225	0.00858	0.00368	0.00980
15	0.02493	0.01723	0.01897	0.01496	0.01989	0.01866	0.01209	0.46315	0.07723	0.11073	0.06451	0.02382	0.01852	0.06956	0.00981	0.00262	0.00727	0.00751	0.00728	0.01129
16	0.00894	0.00720	0.00758	0.00779	0.00990	0.00617	0.00572	0.01084	0.01631	0.02025	0.09265	0.15889	0.54837	0.01838	0.00851	0.00248	0.00373	0.01556	0.04458	0.00617
17	0.01634	0.01512	0.02264	0.01703	0.02270	0.01409	0.18188	0.06295	0.10416	0.02523	0.01897	0.05207	0.03734	0.00789	0.00765	0.00190	0.03766	0.00725	0.00488	0.34224
18	0.02703	0.02006	0.02148	0.01660	0.02231	0.02226	0.01367	0.63479	0.07533	0.04484	0.01822	0.01806	0.01298	0.00880	0.00728	0.00220	0.00786	0.00665	0.00728	0.01231
19	0.02046	0.01646	0.01757	0.01507	0.01946	0.01862	0.01190	0.23993	0.42895	0.03447	0.02647	0.07574	0.02093	0.01044	0.00749	0.00241	0.00636	0.00859	0.00731	0.01137
20	0.01777	0.00943	0.01193	0.01087	0.01338	0.00884	0.00801	0.06638	0.01760	0.22693	0.09197	0.26645	0.06176	0.13845	0.01312	0.00330	0.00547	0.01303	0.00718	0.00816
21	0.00897	0.00717	0.00803	0.00826	0.01016	0.00623	0.00603	0.01100	0.01681	0.02125	0.18654	0.20184	0.44490	0.01861	0.00873	0.00252	0.00374	0.01599	0.00699	0.00623
22	0.01044	0.00709	0.00842	0.00853	0.00871	0.00722	0.00513	0.01083	0.01093	0.01472	0.02362	0.09075	0.02685	0.61355	0.11738	0.00734	0.00837	0.01090	0.00450	0.00476
23	0.01073	0.00788	0.00893	0.00907	0.01032	0.00757	0.00611	0.05860	0.01499	0.01931	0.04200	0.26221	0.22044	0.26735	0.01842	0.00416	0.00531	0.01469	0.00599	0.00593
24	0.01079	0.00703	0.00860	0.00908	0.01004	0.00660	0.00609	0.01220	0.01437	0.04959	0.10581	0.34246	0.10366	0.21228	0.01617	0.00381	0.00487	0.01521	0.05538	0.00597
25	0.01661	0.01174	0.01276	0.01103	0.01318	0.01255	0.00780	0.22990	0.04521	0.02577	0.02142	0.03589	0.02127	0.43846	0.02453	0.00501	0.00713	0.00897	0.04335	0.00741
26	0.01754	0.01714	0.02317	0.07567	0.39300	0.09334	0.01735	0.02312	0.10166	0.02245	0.01785	0.06673	0.01611	0.07187	0.00986	0.00266	0.00842	0.00775	0.00434	0.00998
27	0.01691	0.01203	0.01344	0.01224	0.01550	0.01276	0.00939	0.08205	0.28193	0.09831	0.06179	0.16692	0.11087	0.01328	0.00778	0.00245	0.00521	0.01131	0.05635	0.00947
28	0.01233	0.00847	0.01022	0.01057	0.01193	0.00852	0.00737	0.01657	0.12055	0.06285	0.03475	0.37000	0.05877	0.18797	0.01533	0.00379	0.00533	0.04134	0.00644	0.00689
29	0.01106	0.00846	0.00997	0.01013	0.01191	0.00807	0.00720	0.05018	0.06143	0.02166	0.07467	0.39707	0.16549	0.06620	0.01045	0.00290	0.00465	0.01594	0.00658	0.05597

[dist]
# distance from previous block
# <min> <max>
0	27

[block]
# block no. 1 follows, 28 sequences, length 28
# corresponding to MSA columns:
# 107-134
name=unknown_B
#
# <colnr> <probs for GDERKNQSTAVLIFYWHMCP>
#	G	D	E	R	K	N	Q	S	T	A	V	L	I	F	Y	W	H	M	C	P
0	0.01753	0.01267	0.01420	0.01169	0.01562	0.01243	0.00912	0.23022	0.02165	0.06318	0.07324	0.08248	0.16517	0.06840	0.01046	0.02960	0.00587	0.00975	0.00640	0.14034
1	0.01317	0.00946	0.01239	0.01390	0.08187	0.00948	0.00886	0.03801	0.04889	0.06806	0.05189	0.30592	0.10105	0.15853	0.01463	0.00351	0.03311	0.01391	0.00608	0.00727
2	0.01737	0.01136	0.01317	0.01185	0.01453	0.01186	0.00876	0.11531	0.15202	0.12396	0.02875	0.16882	0.04291	0.20039	0.04218	0.00400	0.00664	0.01100	0.00658	0.00855
3	0.10384	0.01336	0.01437	0.01183	0.01583	0.01369	0.00913	0.18403	0.08708	0.09371	0.02399	0.02911	0.07045	0.17445	0.01351	0.00319	0.00642	0.00779	0.00605	0.11816
4	0.00997	0.00673	0.00813	0.00887	0.00949	0.00643	0.00578	0.01124	0.01361	0.01884	0.08005	0.36447	0.07541	0.24648	0.01743	0.00403	0.00493	0.01524	0.08725	0.00560
5	0.01047	0.00724	0.00866	0.00898	0.00975	0.00695	0.00588	0.03077	0.01362	0.01787	0.06865	0.25282	0.13919	0.28339	0.02108	0.08437	0.00545	0.01389	0.00561	0.00536
6	0.02246	0.01550	0.01733	0.03753	0.01985	0.01696	0.01170	0.25057	0.25971	0.13143	0.02481	0.05720	0.01878	0.00977	0.00724	0.00230	0.00644	0.00794	0.07136	0.01115
7	0.01011	0.00685	0.00806	0.00852	0.00863	0.00674	0.00504	0.01045	0.01147	0.01530	0.02754	0.23459	0.03228	0.54954	0.02951	0.00594	0.00628	0.01330	0.00504	0.00481
8	0.01064	0.00739	0.00919	0.01003	0.01110	0.00698	0.00689	0.04334	0.01520	0.04204	0.04147	0.54603	0.12424	0.07546	0.01112	0.00314	0.00461	0.01812	0.00667	0.00634
9	0.01529	0.01175	0.01313	0.01159	0.01484	0.01211	0.00889	0.11669	0.18745	0.02892	0.17166	0.10936	0.07524	0.03747	0.00853	0.00239	0.00510	0.01037	0.07092	0.08830
10	0.01057	0.00705	0.00793	0.00793	0.00793	0.00705	0.00440	0.01057	0.01057	0.01409	0.02290	0.04757	0.02643	0.74454	0.03700	0.00705	0.00705	0.01057	0.00440	0.00440
11	0.01437	0.01476	0.04876	0.01731	0.01884	0.01735	0.06613	0.03574	0.01350	0.01942	0.02199	0.14326	0.08619	0.01410	0.01743	0.00294	0.42598	0.00982	0.00430	0.00782
12	0.01254	0.00850	0.01024	0.01043	0.01204	0.00836	0.00739	0.05307	0.06977	0.06464	0.06994	0.40808	0.10037	0.09146	0.01145	0.00312	0.00485	0.01570	0.03096	0.00708
13	0.02589	0.01900	0.02040	0.01583	0.02105	0.02096	0.01286	0.60724	0.03177	0.04258	0.01801	0.02052	0.01380	0.08372	0.01030	0.00268	0.00790	0.00695	0.00698	0.01155
14	0.01573	0.01703	0.03058	0.02354	0.02854	0.07664	0.40985	0.02015	0.01670	0.02161	0.02207	0.18645	0.02176	0.01115	0.00868	0.00259	0.01006	0.06373	0.00462	0.00855
15	0.00966	0.00703	0.00893	0.01022	0.01085	0.00685	0.00683	0.01211	0.05936	0.01891	0.03760	0.62070	0.04411	0.09546	0.01198	0.00334	0.00461	0.01879	0.00655	0.00613
16	0.01072	0.00748	0.00917	0.00994	0.01118	0.00709	0.00688	0.01338	0.06024	0.05254	0.04321	0.49080	0.15335	0.07458	0.01101	0.00311	0.00454	0.01751	0.00673	0.00653
17	0.01057	0.00705	0.00793	0.00793	0.00793	0.00705	0.00440	0.01057	0.01057	0.01409	0.02290	0.04757	0.02643	0.74454	0.03700	0.00705	0.00705	0.01057	0.00440	0.00440
18	0.02797	0.01982	0.02148	0.01647	0.02227	0.02173	0.01360	0.63139	0.03327	0.09066	0.01822	0.01795	0.01275	0.00874	0.00727	0.00219	0.00788	0.00660	0.00739	0.01236
19	0.01756	0.01110	0.01318	0.01133	0.01482	0.01090	0.00885	0.07228	0.14234	0.16677	0.26551	0.04077	0.11964	0.03205	0.00865	0.00241	0.00496	0.01042	0.00765	0.03881
20	0.02495	0.01714	0.01892	0.01514	0.02008	0.01858	0.01221	0.42917	0.12127	0.12655	0.02239	0.07022	0.01750	0.04073	0.00868	0.00249	0.00715	0.00801	0.00736	0.01147
21	0.00883	0.00641	0.00835	0.00989	0.01048	0.00592	0.00665	0.01015	0.01414	0.01864	0.04283	0.68471	0.10138	0.02241	0.00922	0.00291	0.00417	0.02023	0.00675	0.00592
22	0.02357	0.01606	0.01993	0.01556	0.02002	0.01707	0.06568	0.34897	0.02466	0.14530	0.01982	0.02489	0.01591	0.15833	0.01422	0.00325	0.04232	0.00765	0.00648	0.01033
23	0.01128	0.00811	0.00939	0.00960	0.01105	0.00782	0.00664	0.04657	0.04890	0.03957	0.04258	0.32623	0.20026	0.18015	0.01501	0.00365	0.00504	0.01537	0.00635	0.00643
24	0.01055	0.00758	0.00905	0.00897	0.01102	0.00664	0.00658	0.01277	0.01708	0.05532	0.22469	0.23761	0.29775	0.01761	0.00857	0.00247	0.00395	0.01531	0.00709	0.03939
25	0.02656	0.01814	0.01989	0.01550	0.02083	0.01966	0.01270	0.54038	0.03080	0.11536	0.02011	0.05506	0.01507	0.00945	0.00727	0.00220	0.00739	0.00735	0.04449	0.01177
26	0.02655	0.01982	0.02121	0.01651	0.02213	0.02204	0.01355	0.60286	0.10803	0.04407	0.01883	0.01855	0.01348	0.00885	0.00729	0.00221	0.00774	0.00673	0.00729	0.01226
27	0.01631	0.01260	0.01495	0.01092	0.01706	0.00962	0.00871	0.01942	0.01551	0.08138	0.01538	0.04572	0.01292	0.00641	0.00571	0.00125	0.00540	0.00524	0.00481	0.69067

[dist]
# distance from previous block
# <min> <max>
6	44

[block]
# block no. 2 follows, 28 sequences, length 21
# corresponding to MSA columns:
# 180-200
name=unknown_C
#
# <colnr> <probs for GDERKNQSTAVLIFYWHMCP>
#	G	D	E	R	K	N	Q	S	T	A	V	L	I	F	Y	W	H	M	C	P
0	0.16944	0.01451	0.01650	0.13902	0.02303	0.01623	0.01209	0.21959	0.07732	0.07644	0.02098	0.07333	0.03963	0.01080	0.02599	0.00257	0.00722	0.00761	0.03811	0.00959
1	0.01094	0.00798	0.00921	0.00921	0.01043	0.00782	0.00625	0.05920	0.01486	0.01940	0.06067	0.21065	0.18582	0.29078	0.06035	0.00479	0.00628	0.01365	0.00579	0.00594
2	0.01512	0.00874	0.01114	0.01003	0.01260	0.00779	0.00749	0.01754	0.01753	0.16530	0.25929	0.13537	0.08718	0.11530	0.01211	0.00296	0.00488	0.02976	0.00712	0.07277
3	0.08193	0.00801	0.00959	0.01027	0.01162	0.00798	0.00722	0.01434	0.05938	0.04451	0.11735	0.49009	0.04342	0.04720	0.00965	0.00291	0.00452	0.01654	0.00673	0.00673
4	0.01048	0.00705	0.00815	0.00837	0.00848	0.00702	0.00495	0.01075	0.01114	0.01483	0.02506	0.10605	0.02894	0.65063	0.03343	0.00653	0.00680	0.04199	0.00471	0.00464
5	0.01149	0.00746	0.00986	0.00971	0.01133	0.00685	0.00710	0.01423	0.01861	0.07529	0.45146	0.25635	0.05878	0.01679	0.00869	0.00248	0.00387	0.01496	0.00770	0.00698
6	0.05859	0.01142	0.01358	0.01150	0.01533	0.01118	0.00906	0.06690	0.11068	0.28464	0.10956	0.06475	0.07642	0.04417	0.00866	0.00249	0.00540	0.00923	0.07667	0.00976
7	0.02545	0.01245	0.04647	0.01240	0.01707	0.01039	0.01039	0.05543	0.02033	0.46038	0.15187	0.06007	0.02840	0.04375	0.00895	0.00250	0.00591	0.00898	0.00817	0.01064
8	0.02437	0.01367	0.01584	0.01293	0.01745	0.01405	0.01042	0.17828	0.15699	0.27300	0.04502	0.02486	0.01916	0.00918	0.00694	0.00218	0.00592	0.00739	0.15133	0.01100
9	0.14879	0.01417	0.01667	0.01307	0.01838	0.01399	0.01076	0.17338	0.02244	0.42344	0.05431	0.02250	0.01753	0.00886	0.00692	0.00224	0.00637	0.00689	0.00787	0.01142
10	0.03753	0.00766	0.00956	0.00939	0.01092	0.00721	0.00669	0.01398	0.01698	0.07069	0.33837	0.21474	0.07597	0.13203	0.01303	0.00320	0.00447	0.01392	0.00703	0.00663
11	0.02861	0.01879	0.02084	0.01598	0.02176	0.02021	0.01320	0.54898	0.03154	0.17550	0.01966	0.01889	0.01347	0.00878	0.00728	0.00219	0.00764	0.00670	0.00761	0.01236
12	0.60371	0.01416	0.01257	0.01066	0.01545	0.01568	0.00879	0.06741	0.01538	0.15766	0.01404	0.01457	0.01004	0.00729	0.00520	0.00224	0.00588	0.00473	0.00551	0.00900
13	0.01798	0.01104	0.01276	0.01105	0.01346	0.01138	0.00797	0.15284	0.04816	0.13206	0.02331	0.05286	0.02191	0.36775	0.05554	0.00502	0.00745	0.00912	0.03050	0.00785
14	0.01020	0.00686	0.00868	0.00915	0.01027	0.00646	0.00646	0.01262	0.01668	0.02396	0.30064	0.33276	0.05114	0.04181	0.00930	0.00263	0.00387	0.01520	0.12495	0.00637
15	0.08058	0.01691	0.01920	0.01481	0.02046	0.01762	0.01223	0.38867	0.02765	0.29496	0.02123	0.01984	0.01420	0.00870	0.00710	0.00221	0.00715	0.00666	0.00774	0.01207
16	0.01888	0.00977	0.01278	0.01137	0.01450	0.00904	0.00895	0.04263	0.04074	0.26699	0.25136	0.14316	0.05678	0.01409	0.00827	0.00247	0.00502	0.06623	0.00799	0.00897
17	0.05117	0.00922	0.01142	0.01005	0.01317	0.00822	0.00776	0.01886	0.01855	0.19225	0.28794	0.11680	0.14175	0.01373	0.00792	0.00228	0.00447	0.01177	0.00750	0.06516
18	0.02336	0.01515	0.01692	0.01353	0.01804	0.01606	0.01097	0.37065	0.04587	0.13194	0.12289	0.02574	0.02286	0.00969	0.00715	0.00214	0.00631	0.00773	0.12231	0.01068
19	0.01224	0.00756	0.00955	0.00963	0.01110	0.00696	0.00680	0.01402	0.01581	0.09847	0.17175	0.29392	0.11748	0.15399	0.01404	0.00346	0.00483	0.03498	0.00682	0.00661
20	0.01625	0.00803	0.00868	0.00799	0.01023	0.00792	0.00608	0.04634	0.01644	0.10806	0.02400	0.02758	0.01873	0.05031	0.00725	0.00208	0.00412	0.00704	0.61532	0.00754

[dist]
# distance from previous block
# <min> <max>
4	20

[block]
# block no. 3 follows, 28 sequences, length 30
# corresponding to MSA columns:
# 221-250
name=unknown_D
#
# <colnr> <probs for GDERKNQSTAVLIFYWHMCP>
#	G	D	E	R	K	N	Q	S	T	A	V	L	I	F	Y	W	H	M	C	P
0	0.01689	0.01633	0.08337	0.29101	0.10783	0.04617	0.01702	0.05789	0.06500	0.07772	0.06529	0.04549	0.01743	0.01129	0.04776	0.00287	0.00910	0.00748	0.00475	0.00931
1	0.05573	0.00763	0.00946	0.00957	0.01119	0.00717	0.00693	0.01354	0.01684	0.06106	0.29248	0.29758	0.11376	0.01773	0.00940	0.03714	0.00414	0.01492	0.00707	0.00664
2	0.63098	0.01280	0.01070	0.00967	0.01355	0.01446	0.00770	0.02038	0.01264	0.06710	0.01334	0.04717	0.01152	0.05067	0.00804	0.04587	0.00571	0.00537	0.00477	0.00758
3	0.01071	0.00787	0.00925	0.00904	0.00982	0.00780	0.00583	0.01142	0.01207	0.01625	0.02936	0.15780	0.09555	0.46115	0.02666	0.00528	0.04602	0.01201	0.00495	0.06116
4	0.01506	0.01318	0.02089	0.49822	0.10711	0.01562	0.01799	0.05645	0.05228	0.02062	0.01414	0.01986	0.01104	0.00944	0.00965	0.09097	0.00889	0.00655	0.00372	0.00830
5	0.79588	0.01406	0.01068	0.00956	0.01406	0.01631	0.00787	0.02137	0.01237	0.03261	0.01012	0.01181	0.00787	0.00675	0.00450	0.00225	0.00562	0.00394	0.00450	0.00787
6	0.01007	0.00687	0.00820	0.00864	0.00888	0.00671	0.00524	0.01067	0.01223	0.01643	0.07588	0.24400	0.03557	0.48801	0.02712	0.00555	0.00599	0.01361	0.00533	0.00500
7	0.11505	0.01032	0.01444	0.01250	0.01551	0.01003	0.08266	0.01860	0.03975	0.11296	0.28080	0.18913	0.04182	0.01364	0.00800	0.00245	0.00531	0.01217	0.00690	0.00797
8	0.01418	0.01027	0.01153	0.01101	0.01333	0.03201	0.00837	0.05192	0.10207	0.07281	0.16790	0.12707	0.13305	0.10120	0.01174	0.00307	0.00542	0.09112	0.02427	0.00765
9	0.79588	0.01406	0.01068	0.00956	0.01406	0.01631	0.00787	0.02137	0.01237	0.03261	0.01012	0.01181	0.00787	0.00675	0.00450	0.00225	0.00562	0.00394	0.00450	0.00787
10	0.01083	0.00779	0.00997	0.01105	0.01208	0.00765	0.00789	0.07027	0.01602	0.02133	0.03788	0.60805	0.04424	0.02124	0.00918	0.00292	0.00481	0.08347	0.00679	0.00656
11	0.00968	0.00694	0.00855	0.00924	0.01007	0.00654	0.00628	0.01112	0.01451	0.01925	0.13648	0.32551	0.12709	0.21600	0.01663	0.00392	0.00495	0.05522	0.00630	0.00572
12	0.01041	0.00770	0.01124	0.01124	0.01239	0.00885	0.00854	0.01270	0.01155	0.01655	0.01987	0.03079	0.01914	0.13562	0.63595	0.01114	0.01801	0.00812	0.00395	0.00624
13	0.46412	0.01332	0.01337	0.01103	0.01601	0.01386	0.00909	0.02748	0.01604	0.32454	0.01819	0.01743	0.01227	0.00773	0.00572	0.00225	0.00587	0.00540	0.00645	0.00983
14	0.05792	0.00977	0.01108	0.01036	0.01239	0.00997	0.00755	0.13124	0.01873	0.02645	0.19791	0.20707	0.07676	0.14871	0.01336	0.00329	0.00524	0.01267	0.03237	0.00718
15	0.01191	0.00995	0.01360	0.01282	0.01334	0.01215	0.00975	0.01354	0.01249	0.01795	0.08299	0.15092	0.02674	0.16600	0.17828	0.00572	0.24017	0.01055	0.00463	0.00649
16	0.01089	0.00792	0.01103	0.01088	0.01188	0.00908	0.00813	0.01297	0.01168	0.01706	0.02004	0.03182	0.01953	0.19190	0.49399	0.00963	0.04733	0.00823	0.05986	0.00614
17	0.00994	0.00736	0.00927	0.00891	0.01067	0.00669	0.00664	0.01299	0.01956	0.02703	0.55879	0.09485	0.16862	0.01587	0.00862	0.00235	0.00351	0.01392	0.00773	0.00669
18	0.01050	0.00764	0.01023	0.01028	0.01122	0.00832	0.00734	0.01266	0.03001	0.01689	0.04285	0.08454	0.04208	0.26897	0.39400	0.00886	0.01324	0.00991	0.00454	0.00592
19	0.01811	0.01753	0.02680	0.11797	0.38774	0.06689	0.07717	0.02350	0.06790	0.04176	0.01517	0.01913	0.01226	0.00896	0.03364	0.00261	0.04171	0.00673	0.00401	0.01041
20	0.01592	0.01628	0.03070	0.30966	0.18497	0.01743	0.24369	0.02094	0.01572	0.02126	0.01354	0.01900	0.01054	0.00695	0.00844	0.00241	0.04250	0.00718	0.00346	0.00940
21	0.01486	0.01359	0.02205	0.65396	0.06928	0.01664	0.01980	0.06567	0.01601	0.02069	0.01327	0.01920	0.00994	0.00735	0.00727	0.00240	0.00953	0.00647	0.00353	0.00849
22	0.01263	0.00631	0.00947	0.00947	0.00947	0.00631	0.00631	0.00947	0.00947	0.01263	0.01263	0.02210	0.01263	0.02525	0.02841	0.78851	0.00631	0.00631	0.00316	0.00316
23	0.00994	0.00730	0.00932	0.00907	0.01071	0.00667	0.00670	0.01295	0.01938	0.02692	0.55381	0.13538	0.13246	0.01615	0.00866	0.00238	0.00355	0.01425	0.00772	0.00667
24	0.00891	0.00640	0.00836	0.00991	0.01041	0.00596	0.00660	0.01015	0.01392	0.01845	0.04107	0.68228	0.07875	0.04864	0.01025	0.00308	0.00429	0.02004	0.00666	0.00586
25	0.01482	0.05845	0.35966	0.05268	0.05755	0.01698	0.11068	0.02080	0.01527	0.02168	0.01850	0.02370	0.06059	0.00898	0.00930	0.00246	0.09245	0.04219	0.00366	0.00959
26	0.01057	0.00705	0.00793	0.00793	0.00793	0.00705	0.00440	0.01057	0.01057	0.01409	0.02290	0.04757	0.02643	0.74454	0.03700	0.00705	0.00705	0.01057	0.00440	0.00440
27	0.01561	0.01324	0.01536	0.01102	0.01746	0.01024	0.00884	0.04663	0.01590	0.02464	0.01312	0.01518	0.01084	0.00553	0.00546	0.00112	0.00550	0.00440	0.00443	0.75548
28	0.00859	0.00736	0.00736	0.00736	0.00982	0.00614	0.00552	0.01043	0.01657	0.01964	0.07364	0.06996	0.69624	0.01841	0.00859	0.00245	0.00368	0.01534	0.00675	0.00614
29	0.00902	0.00738	0.00796	0.00781	0.01008	0.00632	0.00586	0.01126	0.01758	0.02204	0.23041	0.06601	0.53798	0.01751	0.00859	0.00241	0.00362	0.01479	0.00707	0.00632

[dist]
# distance from previous block
# <min> <max>
0	49

[block]
# block no. 4 follows, 28 sequences, length 45
# corresponding to MSA columns:
# 300-344
name=unknown_E
#
# <colnr> <probs for GDERKNQSTAVLIFYWHMCP>
#	G	D	E	R	K	N	Q	S	T	A	V	L	I	F	Y	W	H	M	C	P
0	0.01685	0.01907	0.04148	0.02978	0.03686	0.01796	0.64268	0.02282	0.01691	0.02299	0.01492	0.02001	0.01135	0.00832	0.04067	0.00287	0.01258	0.00854	0.00369	0.00965
1	0.01373	0.01292	0.02180	0.72707	0.05006	0.01615	0.02019	0.01857	0.01453	0.01857	0.01292	0.01938	0.00969	0.00727	0.00727	0.00242	0.00969	0.00646	0.00323	0.00807
2	0.01561	0.01329	0.01535	0.01118	0.01748	0.01056	0.00894	0.03802	0.05659	0.02472	0.01407	0.01588	0.01151	0.00575	0.00556	0.00119	0.00548	0.00461	0.00458	0.71964
3	0.01325	0.01099	0.01313	0.01058	0.01527	0.00858	0.00807	0.01591	0.01473	0.02218	0.02087	0.22739	0.02170	0.01048	0.00652	0.00163	0.00504	0.00910	0.00502	0.55956
4	0.01056	0.00709	0.00816	0.00816	0.00824	0.00717	0.00469	0.01072	0.01064	0.01426	0.02269	0.04641	0.02592	0.70239	0.07845	0.00733	0.00781	0.01040	0.00437	0.00453
5	0.01055	0.00713	0.00833	0.00833	0.00847	0.00727	0.00491	0.01083	0.01069	0.01440	0.02253	0.04551	0.02553	0.66990	0.11042	0.00755	0.00839	0.01027	0.00435	0.00463
6	0.02759	0.02151	0.02172	0.01689	0.02254	0.07836	0.01383	0.62291	0.03308	0.04355	0.01695	0.01710	0.01212	0.00863	0.00721	0.00216	0.00841	0.00639	0.00699	0.01204
7	0.01045	0.00709	0.00841	0.00851	0.00870	0.00722	0.00511	0.01083	0.01091	0.01470	0.02352	0.08695	0.02673	0.61782	0.11723	0.00736	0.00838	0.01084	0.00448	0.00475
8	0.01799	0.01727	0.02950	0.04462	0.69919	0.01727	0.02231	0.02231	0.01655	0.02375	0.01367	0.01799	0.01151	0.00648	0.00720	0.00216	0.00864	0.00648	0.00360	0.01151
9	0.01135	0.00825	0.01121	0.01268	0.01445	0.00811	0.01099	0.01452	0.01671	0.02151	0.04259	0.08059	0.11822	0.01989	0.00987	0.00324	0.00634	0.57616	0.00670	0.00663
10	0.70754	0.01478	0.01196	0.01038	0.01503	0.01702	0.00856	0.09653	0.01488	0.03413	0.01096	0.01246	0.00839	0.00698	0.00482	0.00224	0.00590	0.00424	0.00482	0.00839
11	0.00902	0.00669	0.00831	0.00933	0.01030	0.00610	0.00639	0.01056	0.01499	0.01962	0.11087	0.49741	0.18785	0.05404	0.01033	0.00297	0.00415	0.01833	0.00676	0.00598
12	0.01462	0.01253	0.01509	0.05482	0.01885	0.00986	0.00922	0.01784	0.01497	0.02307	0.01452	0.05819	0.01291	0.00653	0.00573	0.00127	0.00558	0.00541	0.00438	0.69461
13	0.02081	0.01558	0.01782	0.01617	0.06012	0.01683	0.01190	0.40002	0.05108	0.03502	0.02402	0.21339	0.02296	0.04800	0.00925	0.00263	0.00689	0.01059	0.00677	0.01016
14	0.03213	0.01315	0.01735	0.01330	0.01895	0.01184	0.01099	0.09800	0.02211	0.63981	0.02758	0.02403	0.01744	0.00897	0.00731	0.00224	0.00636	0.00724	0.00883	0.01237
15	0.01409	0.00877	0.01053	0.00982	0.01247	0.00804	0.00744	0.01790	0.07102	0.14482	0.21216	0.15798	0.26504	0.01584	0.00837	0.00245	0.00431	0.01362	0.00751	0.00782
16	0.14273	0.01512	0.03688	0.13231	0.15632	0.01603	0.03859	0.02603	0.21613	0.04829	0.06200	0.02394	0.03802	0.00861	0.00700	0.00234	0.00709	0.00734	0.00535	0.00988
17	0.01672	0.01721	0.02949	0.26955	0.16456	0.05955	0.23344	0.04315	0.01678	0.02197	0.01494	0.05166	0.01230	0.00751	0.00773	0.00236	0.01023	0.00770	0.00377	0.00936
18	0.03154	0.01313	0.01722	0.01331	0.01887	0.01193	0.01096	0.08345	0.05399	0.62234	0.02788	0.02431	0.01778	0.00902	0.00731	0.00225	0.00630	0.00730	0.00879	0.01233
19	0.01005	0.00720	0.00893	0.00983	0.01059	0.00691	0.00658	0.04071	0.01462	0.01941	0.05903	0.52013	0.08313	0.15036	0.01407	0.00360	0.00484	0.01765	0.00639	0.00598
20	0.01773	0.01701	0.02904	0.08570	0.66011	0.01720	0.02218	0.02208	0.01643	0.02344	0.01363	0.01807	0.01140	0.00652	0.00720	0.00217	0.00870	0.00648	0.00358	0.01131
21	0.00915	0.00645	0.00835	0.00975	0.01010	0.00610	0.00635	0.01020	0.01335	0.01780	0.03715	0.62235	0.04440	0.14523	0.01398	0.00365	0.00470	0.01895	0.00635	0.00565
22	0.02763	0.02036	0.02182	0.01672	0.02254	0.02254	0.01382	0.67496	0.03418	0.04581	0.01745	0.01745	0.01236	0.00873	0.00727	0.00218	0.00800	0.00654	0.00727	0.01236
23	0.21239	0.01319	0.01422	0.01182	0.01612	0.01378	0.00945	0.11994	0.09015	0.23538	0.06127	0.02430	0.01878	0.06006	0.00860	0.00256	0.00595	0.00700	0.06513	0.00988
24	0.02154	0.01054	0.01373	0.01153	0.01523	0.00972	0.00911	0.05632	0.04590	0.33830	0.28385	0.08861	0.03944	0.01228	0.00794	0.00232	0.00506	0.01052	0.00831	0.00975
25	0.22310	0.01271	0.01458	0.01206	0.01673	0.01260	0.00973	0.06685	0.04904	0.38359	0.02466	0.10459	0.01879	0.01006	0.00683	0.00234	0.00590	0.00801	0.00741	0.01043
26	0.01107	0.00807	0.01110	0.01092	0.01205	0.00907	0.00807	0.03696	0.01224	0.01724	0.02027	0.03297	0.02005	0.22815	0.51694	0.01015	0.01589	0.00845	0.00415	0.00618
27	0.00948	0.00712	0.00884	0.00937	0.01084	0.00647	0.00689	0.01175	0.01694	0.02245	0.25514	0.29406	0.22238	0.01892	0.00894	0.00265	0.00404	0.07025	0.00714	0.00633
28	0.00996	0.00689	0.00809	0.00852	0.00888	0.00667	0.00520	0.01056	0.01228	0.01626	0.05660	0.23378	0.08360	0.47086	0.02643	0.00544	0.00591	0.01371	0.00534	0.00503
29	0.02636	0.01941	0.02091	0.01628	0.02173	0.02142	0.01334	0.63004	0.03281	0.04397	0.01898	0.06625	0.01477	0.00967	0.00741	0.00223	0.00774	0.00750	0.00724	0.01193
30	0.12637	0.01306	0.01557	0.01273	0.01755	0.01287	0.01028	0.07096	0.12279	0.41093	0.04645	0.06789	0.02036	0.00985	0.00712	0.00232	0.00595	0.00797	0.00790	0.01109
31	0.01064	0.00790	0.00950	0.00934	0.01103	0.00743	0.00677	0.05105	0.01826	0.02455	0.32217	0.20966	0.19375	0.07163	0.01079	0.00282	0.00420	0.01474	0.00713	0.00663
32	0.00951	0.00687	0.00914	0.01045	0.01131	0.00639	0.00740	0.01125	0.01482	0.01995	0.09165	0.58424	0.04778	0.02125	0.00918	0.00288	0.00448	0.09301	0.00676	0.03167
33	0.04090	0.00850	0.01072	0.01054	0.01260	0.00796	0.00776	0.03461	0.01663	0.15604	0.10813	0.35608	0.09056	0.06224	0.01029	0.00293	0.00492	0.04400	0.00712	0.00749
34	0.01265	0.01119	0.09146	0.01064	0.01327	0.00825	0.00895	0.01547	0.01663	0.08702	0.27488	0.14840	0.08192	0.16999	0.01441	0.00341	0.00545	0.01238	0.00649	0.00713
35	0.00998	0.00701	0.00795	0.00818	0.00870	0.00672	0.00500	0.01057	0.01235	0.01610	0.05272	0.14958	0.14572	0.49739	0.02741	0.00555	0.00597	0.01289	0.00524	0.00498
36	0.00898	0.00663	0.00844	0.00983	0.01068	0.00609	0.00683	0.01047	0.01455	0.01893	0.04582	0.58428	0.16055	0.02185	0.00920	0.00289	0.00427	0.05696	0.00674	0.00599
37	0.01553	0.01347	0.01538	0.01187	0.01726	0.05287	0.03001	0.01847	0.01550	0.04479	0.01742	0.12318	0.01647	0.00824	0.00620	0.00149	0.00593	0.00700	0.00477	0.57415
38	0.01924	0.30009	0.02662	0.01550	0.01904	0.16953	0.01327	0.02241	0.05521	0.01812	0.01227	0.01556	0.01100	0.01293	0.07762	0.00305	0.19098	0.00531	0.00359	0.00865
39	0.01598	0.02167	0.19259	0.02194	0.04210	0.04111	0.22776	0.02033	0.01467	0.02078	0.01284	0.01756	0.01044	0.00974	0.01289	0.09416	0.14055	0.00660	0.00343	0.07289
40	0.01412	0.01054	0.01303	0.01305	0.05443	0.01156	0.00868	0.11130	0.01521	0.02119	0.02175	0.10739	0.02292	0.35160	0.06540	0.00514	0.08342	0.00993	0.05253	0.00682
41	0.18154	0.01706	0.02424	0.07162	0.32383	0.05892	0.07997	0.04122	0.01588	0.02490	0.01315	0.01719	0.01082	0.00985	0.05063	0.00283	0.03657	0.00611	0.00389	0.00978
42	0.18513	0.01750	0.01675	0.05882	0.05076	0.11096	0.01182	0.19358	0.09197	0.03132	0.05788	0.02028	0.01600	0.01010	0.03252	0.00251	0.00785	0.00638	0.06838	0.00948
43	0.01641	0.03893	0.06646	0.06275	0.05102	0.04725	0.20229	0.09588	0.01762	0.02362	0.01948	0.13038	0.01854	0.04719	0.03381	0.00293	0.03248	0.03334	0.00466	0.05498
44	0.05928	0.00940	0.03245	0.01016	0.01256	0.00842	0.00794	0.01639	0.05869	0.07368	0.33370	0.19572	0.12289	0.01550	0.00827	0.00245	0.00433	0.01349	0.00726	0.00743

[dist]
# distance from previous block
# <min> <max>
0	1

[block]
# block no. 5 follows, 28 sequences, length 126
# corresponding to MSA columns:
# 346-471
name=unknown_F
#
# <colnr> <probs for GDERKNQSTAVLIFYWHMCP>
#	G	D	E	R	K	N	Q	S	T	A	V	L	I	F	Y	W	H	M	C	P
0	0.01254	0.00860	0.01071	0.01052	0.01255	0.00835	0.00803	0.01709	0.09001	0.07242	0.28677	0.15619	0.11162	0.05861	0.01032	0.00285	0.00469	0.10346	0.00730	0.00737
1	0.49002	0.01539	0.01633	0.08856	0.04719	0.01746	0.04848	0.12002	0.04616	0.03215	0.01277	0.01481	0.00969	0.00719	0.00567	0.00227	0.00690	0.00514	0.00483	0.00898
2	0.09921	0.01960	0.04449	0.16421	0.26318	0.16300	0.01737	0.02320	0.01669	0.06552	0.01480	0.05009	0.01235	0.00780	0.00689	0.00221	0.00918	0.00650	0.00412	0.00959
3	0.01039	0.00698	0.00837	0.00858	0.00878	0.00700	0.00519	0.01072	0.01134	0.01526	0.04286	0.14071	0.02946	0.55074	0.07991	0.03509	0.00741	0.01168	0.00474	0.00478
4	0.00928	0.00711	0.00797	0.00822	0.00967	0.00638	0.00567	0.01081	0.01527	0.01940	0.13241	0.18827	0.35363	0.17582	0.01486	0.00352	0.00448	0.01504	0.00640	0.00581
5	0.13926	0.01416	0.01497	0.01263	0.01698	0.04709	0.01006	0.11585	0.11609	0.24450	0.05802	0.07708	0.08099	0.01074	0.00717	0.00232	0.00613	0.00862	0.00720	0.01013
6	0.01550	0.03381	0.56055	0.02265	0.07785	0.04796	0.07006	0.02283	0.01561	0.02253	0.01311	0.01594	0.00961	0.00742	0.00770	0.02696	0.01067	0.00567	0.00318	0.01039
7	0.01698	0.01909	0.04001	0.02902	0.03535	0.01892	0.58103	0.02248	0.01632	0.02248	0.01398	0.01909	0.01082	0.00705	0.01071	0.00255	0.11270	0.00827	0.00361	0.00955
8	0.00936	0.00763	0.00832	0.00834	0.01050	0.00678	0.00618	0.01226	0.04698	0.02174	0.18187	0.14203	0.47653	0.01788	0.00861	0.00248	0.00379	0.01523	0.00701	0.00648
9	0.01028	0.00829	0.00909	0.00902	0.01125	0.00771	0.00668	0.03713	0.06935	0.02238	0.13763	0.18945	0.41980	0.01778	0.00858	0.00252	0.00407	0.01521	0.00697	0.00683
10	0.01435	0.01028	0.01170	0.01079	0.01240	0.01089	0.00750	0.15758	0.04631	0.02270	0.02458	0.15225	0.02612	0.38367	0.07243	0.00543	0.00761	0.01104	0.00551	0.00686
11	0.01099	0.00803	0.01115	0.01099	0.01214	0.00906	0.00817	0.03399	0.01216	0.01718	0.02019	0.03254	0.01987	0.21070	0.53756	0.01031	0.01626	0.00838	0.00412	0.00620
12	0.01609	0.00954	0.01137	0.01007	0.01322	0.00862	0.00780	0.06095	0.01863	0.17994	0.13054	0.09827	0.27916	0.05725	0.00984	0.00265	0.00492	0.03562	0.00723	0.03827
13	0.61538	0.01349	0.01190	0.01023	0.01486	0.01485	0.00841	0.02395	0.01435	0.16819	0.03681	0.01584	0.01195	0.00747	0.00520	0.00225	0.00566	0.00493	0.00552	0.00875
14	0.02367	0.01748	0.01861	0.01481	0.01977	0.01921	0.01206	0.48614	0.10569	0.04016	0.02400	0.02374	0.06971	0.00962	0.00719	0.00219	0.00696	0.00747	0.08031	0.01123
15	0.01049	0.00704	0.00805	0.00808	0.00819	0.00699	0.00463	0.01074	0.01128	0.01513	0.06265	0.07338	0.02967	0.67559	0.03433	0.00662	0.00673	0.01109	0.00470	0.00460
16	0.02036	0.01063	0.01309	0.01115	0.01449	0.01021	0.00870	0.11420	0.02057	0.24952	0.17747	0.11141	0.03242	0.04551	0.00884	0.00246	0.00522	0.01007	0.12444	0.00920
17	0.00985	0.00722	0.00926	0.00931	0.01083	0.00663	0.00686	0.01265	0.01860	0.02562	0.46629	0.20173	0.13113	0.01710	0.00878	0.00248	0.00374	0.03777	0.00755	0.00657
18	0.00978	0.00715	0.00776	0.00782	0.00894	0.00661	0.00508	0.01083	0.01369	0.01755	0.07017	0.08934	0.29808	0.36523	0.02208	0.00464	0.00530	0.01295	0.03166	0.00535
19	0.00903	0.00645	0.00833	0.00975	0.01023	0.00604	0.00644	0.01018	0.01368	0.01813	0.03982	0.63286	0.07682	0.10057	0.01224	0.00337	0.00450	0.01932	0.00649	0.00575
20	0.01791	0.01098	0.01143	0.00985	0.01282	0.01166	0.00778	0.22061	0.02110	0.03289	0.02177	0.02411	0.01669	0.00855	0.00576	0.00184	0.00481	0.00670	0.54420	0.00850
21	0.01263	0.00631	0.00947	0.00947	0.00947	0.00631	0.00631	0.00947	0.00947	0.01263	0.01263	0.02210	0.01263	0.02525	0.02841	0.78851	0.00631	0.00631	0.00316	0.00316
22	0.01458	0.03760	0.70688	0.02072	0.03146	0.01688	0.02686	0.02302	0.01535	0.02302	0.01304	0.01535	0.00921	0.00691	0.00691	0.00230	0.01074	0.00537	0.00307	0.01074
23	0.00906	0.00652	0.00860	0.00990	0.01057	0.00605	0.00673	0.01067	0.01499	0.02017	0.13926	0.61884	0.06870	0.02147	0.00915	0.00284	0.00408	0.01939	0.00694	0.00605
24	0.02113	0.04132	0.01756	0.01418	0.01859	0.05823	0.01134	0.24080	0.27512	0.05571	0.02639	0.02557	0.06478	0.00966	0.00706	0.00222	0.00661	0.00765	0.08536	0.01071
25	0.01469	0.01431	0.02039	0.01782	0.01810	0.01927	0.03239	0.01635	0.01179	0.01784	0.01507	0.14382	0.01639	0.01432	0.02086	0.00312	0.58306	0.00895	0.00382	0.00764
26	0.01662	0.01710	0.02216	0.01906	0.01930	0.06646	0.01578	0.01823	0.01174	0.01751	0.00965	0.01573	0.00953	0.01239	0.02275	0.00310	0.68544	0.00625	0.00322	0.00798
27	0.00887	0.00648	0.00835	0.00976	0.01047	0.00596	0.00661	0.01027	0.01444	0.01902	0.06495	0.63883	0.12526	0.02201	0.00917	0.00287	0.00413	0.01980	0.00679	0.00596
28	0.01536	0.01522	0.02182	0.01872	0.01903	0.02077	0.03715	0.01712	0.01151	0.01773	0.01180	0.05853	0.01210	0.01440	0.04421	0.00341	0.64254	0.00731	0.00343	0.00785
29	0.01662	0.01774	0.03641	0.12680	0.14332	0.01737	0.45110	0.02188	0.01636	0.02224	0.01421	0.01943	0.01099	0.00719	0.00906	0.03723	0.01107	0.00786	0.00358	0.00955
30	0.01029	0.00743	0.00972	0.00914	0.01086	0.00686	0.00686	0.01372	0.02058	0.02915	0.69536	0.05430	0.06859	0.01486	0.00857	0.00229	0.00343	0.01315	0.00800	0.00686
31	0.00905	0.00644	0.00851	0.01010	0.01054	0.00605	0.00678	0.01031	0.01382	0.01840	0.03901	0.67756	0.04661	0.06467	0.01092	0.00320	0.00446	0.04110	0.00661	0.00584
32	0.01626	0.01662	0.02135	0.01854	0.01882	0.06826	0.01524	0.01785	0.01194	0.01758	0.01143	0.05782	0.01177	0.01295	0.02184	0.00308	0.64030	0.00708	0.00343	0.00786
33	0.01864	0.01549	0.01645	0.01472	0.01889	0.01779	0.01147	0.03850	0.66032	0.05648	0.02955	0.02703	0.02203	0.00983	0.00739	0.00246	0.00577	0.00818	0.00746	0.01154
34	0.01799	0.01727	0.02950	0.04462	0.69919	0.01727	0.02231	0.02231	0.01655	0.02375	0.01367	0.01799	0.01151	0.00648	0.00720	0.00216	0.00864	0.00648	0.00360	0.01151
35	0.01373	0.01292	0.02180	0.72707	0.05006	0.01615	0.02019	0.01857	0.01453	0.01857	0.01292	0.01938	0.00969	0.00727	0.00727	0.00242	0.00969	0.00646	0.00323	0.00807
36	0.01390	0.00970	0.01114	0.01014	0.01158	0.01027	0.00699	0.13806	0.01586	0.02170	0.05229	0.03873	0.02424	0.44759	0.12356	0.00635	0.00866	0.00939	0.03342	0.00641
37	0.04079	0.00982	0.01142	0.01056	0.01335	0.00953	0.00836	0.10465	0.02011	0.07595	0.22636	0.09375	0.23257	0.01550	0.00840	0.00250	0.00488	0.09650	0.00725	0.00775
38	0.01057	0.00705	0.00793	0.00793	0.00793	0.00705	0.00440	0.01057	0.01057	0.01409	0.02290	0.04757	0.02643	0.74454	0.03700	0.00705	0.00705	0.01057	0.00440	0.00440
39	0.03261	0.01237	0.01687	0.01293	0.01856	0.01068	0.01068	0.03543	0.02081	0.70423	0.02868	0.02474	0.01799	0.00900	0.00731	0.00225	0.00619	0.00731	0.00900	0.01237
40	0.01507	0.01292	0.01507	0.01077	0.01723	0.00969	0.00861	0.01830	0.01507	0.02369	0.01292	0.01507	0.01077	0.00538	0.00538	0.00108	0.00538	0.00431	0.00431	0.78898
41	0.01548	0.01293	0.01503	0.01114	0.01708	0.01030	0.00884	0.06392	0.01633	0.02485	0.01534	0.07127	0.01376	0.00696	0.00582	0.00130	0.00548	0.00573	0.00470	0.67374
42	0.01753	0.01679	0.02850	0.06847	0.65290	0.01687	0.02168	0.02178	0.01648	0.02342	0.01560	0.01973	0.03375	0.00689	0.00724	0.00218	0.00851	0.00676	0.00369	0.01121
43	0.79588	0.01406	0.01068	0.00956	0.01406	0.01631	0.00787	0.02137	0.01237	0.03261	0.01012	0.01181	0.00787	0.00675	0.00450	0.00225	0.00562	0.00394	0.00450	0.00787
44	0.02763	0.02036	0.02182	0.01672	0.02254	0.02254	0.01382	0.67496	0.03418	0.04581	0.01745	0.01745	0.01236	0.00873	0.00727	0.00218	0.00800	0.00654	0.00727	0.01236
45	0.03261	0.01237	0.01687	0.01293	0.01856	0.01068	0.01068	0.03543	0.02081	0.70423	0.02868	0.02474	0.01799	0.00900	0.00731	0.00225	0.00619	0.00731	0.00900	0.01237
46	0.03261	0.01237	0.01687	0.01293	0.01856	0.01068	0.01068	0.03543	0.02081	0.70423	0.02868	0.02474	0.01799	0.00900	0.00731	0.00225	0.00619	0.00731	0.00900	0.01237
47	0.03048	0.01215	0.01635	0.01274	0.01803	0.01070	0.01045	0.03402	0.04653	0.63060	0.07567	0.02692	0.02172	0.00944	0.00740	0.00226	0.00597	0.00776	0.00886	0.01195
48	0.01458	0.03760	0.70688	0.02072	0.03146	0.01688	0.02686	0.02302	0.01535	0.02302	0.01304	0.01535	0.00921	0.00691	0.00691	0.00230	0.01074	0.00537	0.00307	0.01074
49	0.01808	0.01561	0.01644	0.01479	0.01890	0.01808	0.01151	0.03863	0.68606	0.03041	0.02959	0.02712	0.02219	0.00986	0.00740	0.00247	0.00575	0.00822	0.00740	0.01151
50	0.02715	0.03464	0.02060	0.01873	0.02247	0.71536	0.01404	0.02903	0.02060	0.01779	0.01124	0.01311	0.00936	0.00749	0.00655	0.00187	0.01311	0.00468	0.00375	0.00843
51	0.01507	0.01292	0.01507	0.01077	0.01723	0.00969	0.00861	0.01830	0.01507	0.02369	0.01292	0.01507	0.01077	0.00538	0.00538	0.00108	0.00538	0.00431	0.00431	0.78898
52	0.02729	0.02019	0.02162	0.01665	0.02241	0.02238	0.01373	0.65183	0.05787	0.04525	0.01789	0.01780	0.01272	0.00877	0.00728	0.00219	0.00792	0.00661	0.00728	0.01233
53	0.01486	0.07898	0.66797	0.02024	0.03072	0.01757	0.02602	0.02295	0.01531	0.02268	0.01287	0.01513	0.00922	0.00687	0.00678	0.00226	0.01057	0.00529	0.00307	0.01066
54	0.01688	0.03498	0.01847	0.01379	0.01839	0.01516	0.01133	0.09458	0.01621	0.02438	0.01244	0.01548	0.01058	0.00781	0.01065	0.00180	0.20497	0.00512	0.00431	0.46266
55	0.00886	0.00633	0.00843	0.01012	0.01054	0.00590	0.00675	0.01012	0.01392	0.01856	0.04006	0.73979	0.04808	0.02277	0.00928	0.00295	0.00422	0.02066	0.00675	0.00590
56	0.00903	0.00644	0.00850	0.00995	0.01045	0.00602	0.00665	0.01039	0.01424	0.01910	0.08545	0.66051	0.04855	0.05454	0.01047	0.00309	0.00429	0.01968	0.00673	0.00590
57	0.03025	0.01310	0.01687	0.01305	0.01848	0.01197	0.01074	0.12010	0.02231	0.56702	0.03033	0.02694	0.06501	0.00962	0.00740	0.00225	0.00625	0.00777	0.00861	0.01193
58	0.03129	0.01286	0.01697	0.01319	0.01869	0.01161	0.01084	0.05331	0.07553	0.63103	0.02844	0.02473	0.01818	0.00906	0.00732	0.00227	0.00620	0.00736	0.00882	0.01230
59	0.00886	0.00633	0.00843	0.01012	0.01054	0.00590	0.00675	0.01012	0.01392	0.01856	0.04006	0.73979	0.04808	0.02277	0.00928	0.00295	0.00422	0.02066	0.00675	0.00590
60	0.01458	0.03760	0.70688	0.02072	0.03146	0.01688	0.02686	0.02302	0.01535	0.02302	0.01304	0.01535	0.00921	0.00691	0.00691	0.00230	0.01074	0.00537	0.00307	0.01074
61	0.13233	0.11603	0.52539	0.01809	0.02738	0.01816	0.02235	0.02263	0.01483	0.02378	0.01227	0.01439	0.00902	0.00680	0.00629	0.00221	0.00963	0.00499	0.00329	0.01015
62	0.02615	0.01939	0.02073	0.01617	0.02167	0.02152	0.01327	0.58619	0.10031	0.04356	0.01892	0.01879	0.01359	0.00883	0.00721	0.00219	0.00760	0.00672	0.03511	0.01207
63	0.02168	0.01820	0.01819	0.01554	0.01960	0.11269	0.01232	0.15567	0.28013	0.09186	0.02168	0.02186	0.01641	0.01247	0.05847	0.00297	0.06962	0.00701	0.00631	0.03732
64	0.01645	0.01466	0.05570	0.01172	0.01836	0.01073	0.01001	0.04881	0.01622	0.05727	0.01389	0.01566	0.01109	0.00579	0.00565	0.00125	0.00585	0.00461	0.00459	0.67168
65	0.24625	0.01711	0.03759	0.09226	0.16244	0.06120	0.01415	0.08866	0.11196	0.05298	0.01588	0.01772	0.01212	0.00757	0.00634	0.00223	0.00748	0.00588	0.03035	0.00984
66	0.02717	0.02013	0.02156	0.01663	0.02237	0.02233	0.01371	0.64444	0.06544	0.04507	0.01803	0.01792	0.01283	0.00878	0.00728	0.00220	0.00789	0.00662	0.00728	0.01232
67	0.00894	0.00639	0.00851	0.01006	0.01056	0.00596	0.00675	0.01033	0.01430	0.01917	0.07818	0.69992	0.04927	0.02231	0.00924	0.00291	0.00417	0.02023	0.00682	0.00596
68	0.01140	0.01305	0.11678	0.01326	0.01673	0.00913	0.05711	0.01463	0.01524	0.02139	0.09253	0.39252	0.03613	0.01593	0.00828	0.00250	0.00593	0.03426	0.00575	0.11744
69	0.01643	0.01768	0.03577	0.19017	0.11755	0.01789	0.42407	0.02189	0.01627	0.02205	0.01399	0.01923	0.01073	0.00667	0.00868	0.00244	0.03765	0.00777	0.00355	0.00954
70	0.01239	0.00921	0.01271	0.01212	0.01389	0.01056	0.00945	0.08950	0.01424	0.02012	0.01937	0.02801	0.01782	0.07592	0.60748	0.01040	0.01766	0.00775	0.00430	0.00709
71	0.00886	0.00633	0.00843	0.01012	0.01054	0.00590	0.00675	0.01012	0.01392	0.01856	0.04006	0.73979	0.04808	0.02277	0.00928	0.00295	0.00422	0.02066	0.00675	0.00590
72	0.03261	0.01237	0.01687	0.01293	0.01856	0.01068	0.01068	0.03543	0.02081	0.70423	0.02868	0.02474	0.01799	0.00900	0.00731	0.00225	0.00619	0.00731	0.00900	0.01237
73	0.01064	0.00811	0.01198	0.01184	0.01302	0.00958	0.00918	0.01307	0.01161	0.01678	0.01918	0.02885	0.01816	0.08357	0.65467	0.01110	0.05046	0.00785	0.00389	0.00646
74	0.00886	0.00633	0.00843	0.01012	0.01054	0.00590	0.00675	0.01012	0.01392	0.01856	0.04006	0.73979	0.04808	0.02277	0.00928	0.00295	0.00422	0.02066	0.00675	0.00590
75	0.01943	0.74891	0.03809	0.01244	0.01866	0.02876	0.01244	0.02177	0.01477	0.01710	0.01011	0.01166	0.00933	0.00622	0.00466	0.00155	0.00777	0.00389	0.00311	0.00933
76	0.00886	0.00633	0.00843	0.01012	0.01054	0.00590	0.00675	0.01012	0.01392	0.01856	0.04006	0.73979	0.04808	0.02277	0.00928	0.00295	0.00422	0.02066	0.00675	0.00590
77	0.01383	0.00796	0.00894	0.00858	0.01048	0.00841	0.00660	0.06240	0.01578	0.02612	0.02232	0.02675	0.01809	0.01885	0.16515	0.00398	0.00733	0.00699	0.55438	0.00710
78	0.01171	0.00837	0.01171	0.01339	0.01506	0.00837	0.01171	0.01506	0.01673	0.02175	0.03849	0.08199	0.04183	0.02008	0.01004	0.00335	0.00669	0.65027	0.00669	0.00669
79	0.01103	0.00762	0.00982	0.00916	0.01108	0.00695	0.00691	0.01432	0.02029	0.05458	0.62413	0.05430	0.11249	0.01489	0.00853	0.00230	0.00355	0.01308	0.00795	0.00702
80	0.01739	0.01048	0.01087	0.00949	0.01230	0.01107	0.00746	0.19626	0.02040	0.03220	0.02201	0.02447	0.01692	0.00854	0.00568	0.00183	0.00464	0.00671	0.57297	0.00830
81	0.07016	0.05699	0.53592	0.02114	0.03079	0.01746	0.12192	0.02290	0.01539	0.02354	0.01299	0.01561	0.00939	0.00676	0.00691	0.00230	0.01051	0.00570	0.00326	0.01035
