[name]
unknown

[dist]
# distance from previous block
# <min> <max>
0	64

[block]
# block no. 0 follows, 29 sequences, length 12
# corresponding to MSA columns:
# 65-76
name=unknown_A
#
# <colnr> <probs for GDERKNQSTAVLIFYWHMCP>
#	G	D	E	R	K	N	Q	S	T	A	V	L	I	F	Y	W	H	M	C	P
0	0.04661	0.03076	0.01404	0.01222	0.01521	0.10053	0.00967	0.10084	0.03284	0.06645	0.12770	0.06598	0.13297	0.01820	0.10502	0.00354	0.02758	0.05835	0.00593	0.02556
1	0.01565	0.01293	0.05022	0.01490	0.01867	0.01199	0.11854	0.08543	0.07738	0.09552	0.10893	0.15427	0.07507	0.01804	0.10499	0.00364	0.00831	0.01084	0.00606	0.00860
2	0.01921	0.07386	0.01897	0.01436	0.01848	0.01850	0.01173	0.21254	0.25085	0.03012	0.02224	0.02260	0.04782	0.01065	0.02856	0.00248	0.09206	0.00704	0.03263	0.06527
3	0.01809	0.01696	0.02763	0.02207	0.05855	0.01740	0.28094	0.14136	0.16001	0.02767	0.01946	0.07430	0.01599	0.00865	0.00831	0.00234	0.03547	0.00847	0.00522	0.05111
4	0.01206	0.00881	0.01245	0.16520	0.01929	0.01025	0.01022	0.01508	0.01336	0.02026	0.02076	0.11296	0.01914	0.02254	0.20523	0.00477	0.06328	0.00849	0.24904	0.00681
5	0.12376	0.07198	0.02650	0.08500	0.51330	0.01757	0.01905	0.02143	0.01539	0.02359	0.01260	0.01643	0.01051	0.00642	0.00651	0.00210	0.00807	0.00581	0.00358	0.01040
6	0.01855	0.01647	0.02538	0.21408	0.39297	0.01773	0.01956	0.16050	0.01936	0.02654	0.01399	0.01786	0.01100	0.00701	0.00708	0.00219	0.00859	0.00635	0.00419	0.01059
7	0.01303	0.01187	0.01951	0.63414	0.04343	0.01461	0.01767	0.01713	0.01371	0.01760	0.01399	0.02274	0.01172	0.10803	0.01108	0.00299	0.00914	0.00688	0.00332	0.00742
8	0.12343	0.01620	0.02253	0.30002	0.27890	0.06604	0.01817	0.05260	0.01601	0.02313	0.01265	0.01696	0.01000	0.00685	0.00668	0.00221	0.00873	0.00588	0.00369	0.00933
9	0.00964	0.00770	0.00861	0.00875	0.01063	0.00715	0.00634	0.01309	0.07618	0.02106	0.15169	0.21306	0.36924	0.05212	0.00977	0.00270	0.00402	0.01504	0.00674	0.00645
10	0.02284	0.11755	0.02085	0.01441	0.01915	0.05603	0.01193	0.40125	0.02607	0.06166	0.05037	0.07393	0.01744	0.01121	0.03451	0.00245	0.00779	0.00740	0.03282	0.01036
11	0.01650	0.12903	0.01908	0.01490	0.06595	0.01364	0.04916	0.06762	0.04869	0.09085	0.02330	0.15705	0.02309	0.10337	0.01199	0.04422	0.00672	0.06940	0.00537	0.04009

[dist]
# distance from previous block
# <min> <max>
5	18

[block]
# block no. 1 follows, 29 sequences, length 100
# corresponding to MSA columns:
# 97-196
name=unknown_B
#
# <colnr> <probs for GDERKNQSTAVLIFYWHMCP>
#	G	D	E	R	K	N	Q	S	T	A	V	L	I	F	Y	W	H	M	C	P
0	0.02146	0.09809	0.01923	0.01341	0.01783	0.01763	0.01091	0.36312	0.02393	0.07401	0.01961	0.02401	0.03757	0.12988	0.06391	0.00348	0.00814	0.00708	0.00595	0.04073
1	0.00884	0.00627	0.00821	0.00971	0.01008	0.00589	0.00639	0.00996	0.01332	0.01775	0.03762	0.67737	0.04504	0.09285	0.01172	0.00328	0.00440	0.01928	0.00639	0.00564
2	0.01477	0.01266	0.01477	0.01055	0.01687	0.00949	0.00844	0.01793	0.01477	0.02320	0.01266	0.01477	0.01055	0.00527	0.00527	0.00105	0.00527	0.00422	0.00422	0.79328
3	0.01585	0.01302	0.01417	0.01295	0.01642	0.01432	0.01025	0.09371	0.38678	0.02851	0.08541	0.04077	0.13507	0.01246	0.00782	0.00248	0.00548	0.08784	0.00709	0.00961
4	0.00868	0.00620	0.00826	0.00991	0.01033	0.00578	0.00661	0.00991	0.01363	0.01818	0.03925	0.74510	0.04710	0.02231	0.00909	0.00289	0.00413	0.02024	0.00661	0.00578
5	0.01708	0.02006	0.09995	0.23321	0.08398	0.14581	0.06946	0.04505	0.01617	0.02076	0.01412	0.04470	0.01173	0.00823	0.00866	0.00228	0.08512	0.00659	0.05840	0.00864
6	0.02500	0.01872	0.04327	0.01545	0.02074	0.01969	0.01293	0.55882	0.03003	0.06738	0.01862	0.04554	0.01427	0.03824	0.00826	0.00234	0.00752	0.00707	0.03479	0.01132
7	0.01919	0.01430	0.01609	0.01265	0.01779	0.01388	0.01012	0.19734	0.13192	0.07644	0.04602	0.04788	0.01719	0.00823	0.00647	0.00178	0.00587	0.00667	0.03552	0.31464
8	0.13324	0.64579	0.03339	0.01177	0.01762	0.02639	0.01153	0.02126	0.01412	0.01897	0.00990	0.01144	0.00893	0.00617	0.00455	0.00162	0.00731	0.00381	0.00324	0.00893
9	0.01017	0.00763	0.01144	0.01144	0.01272	0.00890	0.00890	0.01272	0.01144	0.01653	0.01907	0.02797	0.01780	0.05340	0.72153	0.01144	0.01907	0.00763	0.00381	0.00636
10	0.01025	0.00734	0.00997	0.00997	0.01074	0.00810	0.00707	0.01177	0.01101	0.01544	0.02042	0.03541	0.02103	0.33159	0.44777	0.00963	0.01421	0.00872	0.00401	0.00554
11	0.01366	0.01095	0.01285	0.01301	0.01553	0.01190	0.01042	0.02391	0.31060	0.02446	0.03549	0.15526	0.05960	0.01564	0.00854	0.00281	0.00568	0.25436	0.00687	0.00847
12	0.01612	0.04849	0.40636	0.05036	0.20800	0.01733	0.07183	0.05670	0.01640	0.02362	0.01320	0.01616	0.00992	0.00669	0.00693	0.00221	0.00984	0.00583	0.00341	0.01061
13	0.01477	0.01266	0.01477	0.01055	0.01687	0.00949	0.00844	0.01793	0.01477	0.02320	0.01266	0.01477	0.01055	0.00527	0.00527	0.00105	0.00527	0.00422	0.00422	0.79328
14	0.01950	0.01277	0.01349	0.01124	0.01473	0.01374	0.00898	0.32354	0.02346	0.03475	0.02090	0.04466	0.01632	0.00885	0.00610	0.00192	0.00543	0.00696	0.40353	0.00914
15	0.00907	0.00649	0.00859	0.01013	0.01073	0.00612	0.00706	0.01052	0.01391	0.01841	0.03938	0.61850	0.06499	0.05043	0.01022	0.00308	0.00451	0.09551	0.00651	0.00582
16	0.02103	0.02384	0.13578	0.02629	0.24988	0.14492	0.01824	0.18736	0.07412	0.02795	0.01500	0.01691	0.01156	0.00740	0.00692	0.00212	0.00921	0.00600	0.00465	0.01082
17	0.01489	0.15206	0.57511	0.01862	0.02806	0.01812	0.02332	0.02196	0.01480	0.02137	0.01256	0.01497	0.00939	0.00853	0.03506	0.00250	0.01039	0.00512	0.00305	0.01013
18	0.00911	0.00651	0.00876	0.01041	0.01102	0.00616	0.00737	0.01067	0.01406	0.01866	0.03901	0.64179	0.04615	0.02190	0.00920	0.00295	0.00451	0.11926	0.00660	0.00590
19	0.04782	0.01171	0.03606	0.01176	0.01611	0.01014	0.00976	0.06047	0.02017	0.40649	0.20262	0.06267	0.05076	0.01100	0.00750	0.00225	0.00542	0.00922	0.00799	0.01008
20	0.01940	0.01558	0.10785	0.03876	0.06433	0.01265	0.05469	0.02623	0.13902	0.23328	0.06925	0.03170	0.13536	0.01020	0.00748	0.00230	0.00663	0.00873	0.00650	0.01007
21	0.01338	0.01245	0.02096	0.46029	0.06149	0.01483	0.06623	0.01720	0.01403	0.01852	0.01640	0.10543	0.01512	0.01025	0.00969	0.02875	0.07485	0.02873	0.00371	0.00769
22	0.01426	0.06584	0.64727	0.01936	0.02923	0.01652	0.02468	0.02202	0.01528	0.02262	0.04871	0.01688	0.01207	0.00714	0.00676	0.00222	0.01002	0.00560	0.00326	0.01027
23	0.00955	0.00836	0.04071	0.06112	0.01382	0.00729	0.00819	0.01159	0.01439	0.01916	0.10510	0.43146	0.12149	0.07572	0.03511	0.00330	0.00538	0.01603	0.00606	0.00618
24	0.01199	0.01445	0.14819	0.01531	0.07121	0.01037	0.01317	0.01699	0.06061	0.02246	0.11356	0.12566	0.13483	0.01489	0.00838	0.00264	0.00634	0.19526	0.00584	0.00787
25	0.02083	0.35171	0.10338	0.01482	0.02062	0.13924	0.01397	0.16135	0.01942	0.02350	0.01399	0.01547	0.02929	0.00903	0.03321	0.00219	0.00918	0.00510	0.00413	0.00958
26	0.01585	0.01407	0.03732	0.01137	0.01778	0.01084	0.00945	0.07721	0.01644	0.02511	0.01306	0.01498	0.01064	0.00561	0.00549	0.00119	0.00567	0.00445	0.00444	0.69905
27	0.67101	0.09877	0.01402	0.01015	0.01471	0.05427	0.00854	0.02137	0.01281	0.02946	0.00997	0.01162	0.00795	0.00659	0.00453	0.00211	0.00613	0.00389	0.00421	0.00790
28	0.01020	0.00753	0.01094	0.01094	0.01204	0.00863	0.00828	0.01239	0.01130	0.01616	0.01953	0.03051	0.01890	0.14826	0.62819	0.01083	0.01742	0.00800	0.00388	0.00608
29	0.01403	0.00797	0.00818	0.00784	0.00987	0.00817	0.00595	0.06071	0.05161	0.02729	0.02572	0.05597	0.04659	0.00933	0.00554	0.00181	0.00378	0.00757	0.63490	0.00718
30	0.11296	0.01821	0.01955	0.06464	0.02245	0.02034	0.01296	0.53446	0.02899	0.04084	0.01622	0.01698	0.01168	0.00822	0.00673	0.00214	0.00751	0.00613	0.03789	0.01110
31	0.04462	0.01362	0.02263	0.54018	0.13211	0.01600	0.05357	0.03526	0.01504	0.02051	0.01313	0.01869	0.01003	0.00701	0.00702	0.00231	0.00913	0.00635	0.02429	0.00851
32	0.00995	0.00727	0.00934	0.00882	0.01056	0.00666	0.00662	0.01319	0.01985	0.02782	0.65220	0.05439	0.11702	0.01483	0.00840	0.00225	0.00338	0.01305	0.00774	0.00666
33	0.01503	0.01551	0.08077	0.07537	0.04748	0.01264	0.11835	0.06975	0.01640	0.02356	0.01754	0.13222	0.01632	0.00867	0.00687	0.00190	0.00728	0.00794	0.00451	0.32188
34	0.04738	0.63659	0.03420	0.01287	0.01859	0.11579	0.01223	0.02221	0.01511	0.01737	0.01004	0.01161	0.00909	0.00627	0.00480	0.00159	0.00821	0.00391	0.00317	0.00898
35	0.01036	0.00690	0.00777	0.00777	0.00777	0.00690	0.00431	0.01036	0.01036	0.01381	0.02244	0.04660	0.02589	0.74975	0.03624	0.00690	0.00690	0.01036	0.00431	0.00431
36	0.01658	0.01417	0.01509	0.01365	0.01738	0.01615	0.01058	0.03431	0.59846	0.02926	0.09866	0.03087	0.05252	0.01048	0.00741	0.00240	0.00533	0.00881	0.00728	0.01061
37	0.00973	0.00727	0.00904	0.00860	0.01043	0.00657	0.00645	0.01277	0.01935	0.02663	0.57153	0.05636	0.19843	0.01528	0.00840	0.00227	0.00341	0.01332	0.00759	0.00657
38	0.80005	0.01377	0.01047	0.00936	0.01377	0.01597	0.00771	0.02093	0.01212	0.03195	0.00991	0.01157	0.00771	0.00661	0.00441	0.00220	0.00551	0.00386	0.00441	0.00771
39	0.01345	0.01266	0.02136	0.73264	0.04904	0.01582	0.01978	0.01819	0.01424	0.01819	0.01266	0.01898	0.00949	0.00712	0.00712	0.00237	0.00949	0.00633	0.00316	0.00791
40	0.01113	0.00778	0.00878	0.00862	0.00985	0.00758	0.00582	0.05765	0.01503	0.02038	0.11074	0.15101	0.15554	0.30895	0.01924	0.00417	0.00524	0.01236	0.07427	0.00586
41	0.80005	0.01377	0.01047	0.00936	0.01377	0.01597	0.00771	0.02093	0.01212	0.03195	0.00991	0.01157	0.00771	0.00661	0.00441	0.00220	0.00551	0.00386	0.00441	0.00771
42	0.01019	0.00757	0.01114	0.01114	0.01230	0.00873	0.00852	0.01252	0.01135	0.01630	0.01935	0.02952	0.01847	0.11127	0.66458	0.01107	0.01806	0.00786	0.00386	0.00619
43	0.80005	0.01377	0.01047	0.00936	0.01377	0.01597	0.00771	0.02093	0.01212	0.03195	0.00991	0.01157	0.00771	0.00661	0.00441	0.00220	0.00551	0.00386	0.00441	0.00771
44	0.01453	0.01009	0.01288	0.09057	0.01672	0.01108	0.00929	0.12394	0.01612	0.04939	0.04359	0.03044	0.01974	0.20733	0.22611	0.00607	0.01042	0.00803	0.08641	0.00723
45	0.00965	0.00726	0.00893	0.00851	0.01038	0.00654	0.00638	0.01262	0.01915	0.02618	0.54095	0.05710	0.22930	0.01544	0.00840	0.00228	0.00342	0.01343	0.00753	0.00654
46	0.01692	0.01686	0.04725	0.14359	0.59037	0.01675	0.02168	0.02134	0.01589	0.02250	0.01327	0.01775	0.01095	0.00647	0.00705	0.00216	0.00867	0.00631	0.00346	0.01077
47	0.01032	0.00704	0.00846	0.00846	0.00871	0.00728	0.00518	0.01080	0.01056	0.01432	0.02180	0.04306	0.02435	0.61765	0.16624	0.00776	0.00921	0.00984	0.00422	0.00470
48	0.01212	0.00892	0.01062	0.01070	0.01219	0.00899	0.00748	0.09473	0.06525	0.02176	0.03189	0.45650	0.03593	0.14196	0.01315	0.00337	0.00521	0.01535	0.00624	0.03763
49	0.71014	0.01558	0.01164	0.01033	0.01473	0.07120	0.00841	0.04681	0.01356	0.03131	0.01027	0.01188	0.00799	0.00674	0.00467	0.00217	0.00617	0.00401	0.00445	0.00792
50	0.01780	0.08351	0.27838	0.02399	0.17941	0.12353	0.04337	0.04655	0.04286	0.02262	0.01455	0.01861	0.01176	0.00741	0.00677	0.00213	0.00959	0.03173	0.02539	0.01003
51	0.01771	0.01530	0.01610	0.01449	0.01852	0.01771	0.01127	0.03784	0.69247	0.02979	0.02898	0.02657	0.02174	0.00966	0.00725	0.00242	0.00564	0.00805	0.00725	0.01127
52	0.01904	0.75404	0.03731	0.01218	0.01828	0.02818	0.01218	0.02132	0.01447	0.01675	0.00990	0.01142	0.00914	0.00609	0.00457	0.00152	0.00761	0.00381	0.00305	0.00914
53	0.00985	0.00723	0.00922	0.00881	0.01052	0.00661	0.00657	0.01296	0.01948	0.02715	0.60847	0.08145	0.13466	0.01523	0.00843	0.00228	0.00342	0.01339	0.00766	0.00661
54	0.01345	0.01266	0.02136	0.73264	0.04904	0.01582	0.01978	0.01819	0.01424	0.01819	0.01266	0.01898	0.00949	0.00712	0.00712	0.00237	0.00949	0.00633	0.00316	0.00791
55	0.35953	0.01161	0.01198	0.09717	0.03560	0.03719	0.00910	0.01704	0.01212	0.02322	0.01212	0.01684	0.01027	0.01230	0.01201	0.24142	0.00637	0.00516	0.06259	0.00637
56	0.00868	0.00620	0.00826	0.00991	0.01033	0.00578	0.00661	0.00991	0.01363	0.01818	0.03925	0.74510	0.04710	0.02231	0.00909	0.00289	0.00413	0.02024	0.00661	0.00578
57	0.01838	0.59072	0.08394	0.03855	0.02005	0.04921	0.01341	0.02118	0.01456	0.01764	0.01073	0.01276	0.00950	0.00658	0.00570	0.00169	0.03896	0.00424	0.03317	0.00901
58	0.00871	0.00632	0.00823	0.00967	0.01028	0.00584	0.00652	0.01007	0.01408	0.01864	0.06613	0.66693	0.09894	0.02169	0.00901	0.00283	0.00406	0.01957	0.00666	0.00584
59	0.01894	0.69229	0.03540	0.01228	0.01808	0.05456	0.01200	0.02125	0.01495	0.01731	0.04082	0.01334	0.01173	0.00652	0.00481	0.00157	0.00763	0.00424	0.00328	0.00900
60	0.01575	0.07320	0.16962	0.14883	0.10911	0.01779	0.24282	0.02114	0.01530	0.02132	0.01331	0.01761	0.01032	0.00691	0.00831	0.00229	0.05898	0.00664	0.03132	0.00942
61	0.00843	0.00718	0.00725	0.00731	0.00964	0.00600	0.00546	0.01021	0.01613	0.01920	0.07090	0.09394	0.67782	0.01819	0.00844	0.00242	0.00363	0.01522	0.00661	0.00600
62	0.00992	0.00724	0.00933	0.00888	0.01056	0.00664	0.00663	0.01311	0.01969	0.02761	0.63904	0.07714	0.10745	0.01504	0.00842	0.00227	0.00340	0.01326	0.00772	0.00664
63	0.01787	0.01742	0.02763	0.06385	0.61946	0.04692	0.02090	0.02283	0.05091	0.02318	0.01407	0.01792	0.01167	0.00658	0.00703	0.00213	0.00854	0.00636	0.00371	0.01104
64	0.01028	0.00691	0.00775	0.00775	0.00783	0.00687	0.00435	0.01035	0.01057	0.01401	0.02426	0.04740	0.05073	0.72288	0.03522	0.00674	0.00678	0.01053	0.00440	0.00438
65	0.06920	0.01777	0.02236	0.19286	0.02836	0.10281	0.07642	0.11644	0.01709	0.05027	0.01272	0.01672	0.01012	0.00886	0.01179	0.00248	0.22460	0.00617	0.00413	0.00883
66	0.01382	0.01304	0.02203	0.67128	0.10750	0.01592	0.01996	0.01852	0.01441	0.01864	0.01272	0.01886	0.00965	0.00705	0.00711	0.00235	0.00940	0.00633	0.00320	0.00821
67	0.01657	0.01704	0.02111	0.01823	0.01865	0.08909	0.01502	0.01821	0.01195	0.01750	0.01000	0.01570	0.00965	0.01182	0.02107	0.00294	0.64039	0.00609	0.03118	0.00779
68	0.01428	0.03683	0.71286	0.02030	0.03082	0.01654	0.02631	0.02255	0.01503	0.02255	0.01278	0.01503	0.00902	0.00677	0.00677	0.00226	0.01052	0.00526	0.00301	0.01052
69	0.00954	0.00718	0.00882	0.00858	0.01035	0.00646	0.00637	0.01233	0.01864	0.02534	0.48736	0.11046	0.23035	0.01606	0.00846	0.00233	0.00348	0.01400	0.00743	0.00646
70	0.00937	0.00725	0.00853	0.00821	0.01020	0.00642	0.00616	0.01206	0.01848	0.02457	0.43261	0.05974	0.33864	0.01604	0.00841	0.00231	0.00347	0.01380	0.00731	0.00642
71	0.01008	0.00728	0.00952	0.00896	0.01064	0.00672	0.00672	0.01344	0.02016	0.02855	0.70158	0.05319	0.06719	0.01456	0.00840	0.00224	0.00336	0.01288	0.00784	0.00672
72	0.01017	0.00763	0.01144	0.01144	0.01272	0.00890	0.00890	0.01272	0.01144	0.01653	0.01907	0.02797	0.01780	0.05340	0.72153	0.01144	0.01907	0.00763	0.00381	0.00636
73	0.07290	0.14047	0.50763	0.01799	0.02704	0.01866	0.02187	0.07365	0.01618	0.02411	0.01248	0.01441	0.00918	0.00679	0.00630	0.00213	0.00952	0.00503	0.00343	0.01024
74	0.01904	0.75404	0.03731	0.01218	0.01828	0.02818	0.01218	0.02132	0.01447	0.01675	0.00990	0.01142	0.00914	0.00609	0.00457	0.00152	0.00761	0.00381	0.00305	0.00914
75	0.01463	0.08998	0.66280	0.01969	0.02989	0.01740	0.02526	0.02246	0.01499	0.02212	0.01257	0.01477	0.00903	0.00672	0.00660	0.00220	0.01031	0.00515	0.00301	0.01042
76	0.05122	0.02368	0.01996	0.01655	0.02133	0.24731	0.01313	0.36718	0.11190	0.03367	0.01640	0.01674	0.01223	0.00823	0.00682	0.00208	0.00910	0.00594	0.00593	0.01061
77	0.02400	0.23970	0.02400	0.01395	0.01918	0.06597	0.01196	0.22148	0.05716	0.17597	0.01845	0.04616	0.01425	0.00958	0.02540	0.00224	0.00775	0.00633	0.00593	0.01052
78	0.01762	0.01692	0.02890	0.04371	0.70533	0.01692	0.02185	0.02185	0.01621	0.02326	0.01339	0.01762	0.01128	0.00634	0.00705	0.00211	0.00846	0.00634	0.00352	0.01128
79	0.01477	0.01266	0.01477	0.01055	0.01687	0.00949	0.00844	0.01793	0.01477	0.02320	0.01266	0.01477	0.01055	0.00527	0.00527	0.00105	0.00527	0.00422	0.00422	0.79328
80	0.04166	0.01220	0.05841	0.01184	0.01603	0.00983	0.03519	0.04461	0.01740	0.12826	0.15908	0.08520	0.08935	0.04042	0.00849	0.00229	0.00564	0.05177	0.00618	0.17614
81	0.01123	0.00752	0.00982	0.00911	0.01093	0.00692	0.00683	0.01444	0.01982	0.06372	0.64237	0.05144	0.06314	0.04019	0.00932	0.00240	0.00363	0.01249	0.00777	0.00692
82	0.80005	0.01377	0.01047	0.00936	0.01377	0.01597	0.00771	0.02093	0.01212	0.03195	0.00991	0.01157	0.00771	0.00661	0.00441	0.00220	0.00551	0.00386	0.00441	0.00771
83	0.01540	0.02191	0.20144	0.05315	0.03336	0.01636	0.41198	0.02158	0.01622	0.02238	0.01680	0.02567	0.01402	0.00791	0.00813	0.00247	0.01088	0.08715	0.00380	0.00939
84	0.80005	0.01377	0.01047	0.00936	0.01377	0.01597	0.00771	0.02093	0.01212	0.03195	0.00991	0.01157	0.00771	0.00661	0.00441	0.00220	0.00551	0.00386	0.00441	0.00771
85	0.00868	0.00620	0.00826	0.00991	0.01033	0.00578	0.00661	0.00991	0.01363	0.01818	0.03925	0.74510	0.04710	0.02231	0.00909	0.00289	0.00413	0.02024	0.00661	0.00578
86	0.02660	0.03394	0.02018	0.01834	0.02201	0.72116	0.01376	0.02843	0.02018	0.01743	0.01101	0.01284	0.00917	0.00734	0.00642	0.00183	0.01284	0.00459	0.00367	0.00825
87	0.01762	0.01692	0.02890	0.04371	0.70533	0.01692	0.02185	0.02185	0.01621	0.02326	0.01339	0.01762	0.01128	0.00634	0.00705	0.00211	0.00846	0.00634	0.00352	0.01128
88	0.02116	0.01378	0.04182	0.01221	0.01802	0.01134	0.01023	0.05108	0.08799	0.25564	0.03974	0.02039	0.01574	0.00737	0.00633	0.00170	0.00581	0.00598	0.00625	0.36740
89	0.03175	0.01243	0.01672	0.01282	0.01833	0.01093	0.01059	0.06063	0.02091	0.68359	0.02765	0.02395	0.01741	0.00880	0.00716	0.00220	0.00613	0.00713	0.00875	0.01212
90	0.01409	0.03551	0.68146	0.01979	0.02992	0.01610	0.02543	0.02214	0.01526	0.02282	0.04352	0.01674	0.01162	0.00711	0.00684	0.00225	0.01020	0.00560	0.00322	0.01035
91	0.01008	0.00728	0.00952	0.00896	0.01064	0.00672	0.00672	0.01344	0.02016	0.02855	0.70158	0.05319	0.06719	0.01456	0.00840	0.00224	0.00336	0.01288	0.00784	0.00672
92	0.01682	0.01436	0.01534	0.01385	0.01760	0.01643	0.01074	0.03500	0.61430	0.02964	0.10718	0.02966	0.02702	0.01023	0.00738	0.00239	0.00537	0.00861	0.00731	0.01074
93	0.00868	0.00620	0.00826	0.00991	0.01033	0.00578	0.00661	0.00991	0.01363	0.01818	0.03925	0.74510	0.04710	0.02231	0.00909	0.00289	0.00413	0.02024	0.00661	0.00578
94	0.01089	0.00892	0.01050	0.03502	0.03440	0.03505	0.00783	0.01401	0.04399	0.02266	0.28965	0.17486	0.17057	0.07161	0.01049	0.00277	0.00476	0.03876	0.00659	0.00666
95	0.00908	0.00651	0.00865	0.00982	0.01055	0.00608	0.00680	0.01087	0.01518	0.02059	0.18598	0.56846	0.05133	0.02050	0.00896	0.00276	0.00405	0.04095	0.00688	0.00602
96	0.01798	0.10797	0.11614	0.08819	0.12080	0.12336	0.25102	0.02268	0.01628	0.02070	0.01269	0.01647	0.01004	0.00671	0.00777	0.00219	0.03980	0.00637	0.00341	0.00946
97	0.06479	0.00993	0.01051	0.00986	0.01261	0.00990	0.00763	0.10291	0.06772	0.02468	0.08930	0.10070	0.35185	0.04825	0.00928	0.00264	0.00483	0.05875	0.00655	0.00731
98	0.11095	0.01576	0.09531	0.32000	0.13191	0.01466	0.01695	0.01968	0.01474	0.04613	0.01610	0.01974	0.04616	0.00733	0.00660	0.00215	0.00806	0.00616	0.00385	0.09777
99	0.01753	0.03725	0.01659	0.04000	0.04422	0.09590	0.01125	0.18351	0.08530	0.02611	0.02595	0.18300	0.07431	0.01520	0.05718	0.00294	0.03245	0.01001	0.00572	0.03559

[dist]
# distance from previous block
# <min> <max>
2	7

[block]
# block no. 2 follows, 29 sequences, length 46
# corresponding to MSA columns:
# 204-249
name=unknown_C
#
# <colnr> <probs for GDERKNQSTAVLIFYWHMCP>
#	G	D	E	R	K	N	Q	S	T	A	V	L	I	F	Y	W	H	M	C	P
0	0.21641	0.18933	0.10500	0.12358	0.02413	0.01792	0.07860	0.02002	0.01414	0.02294	0.03529	0.01690	0.01185	0.00989	0.05210	0.00267	0.00856	0.00550	0.03674	0.00843
1	0.04007	0.04917	0.07857	0.14956	0.14372	0.01741	0.19250	0.12904	0.01823	0.02540	0.01421	0.01810	0.01095	0.00763	0.00802	0.03546	0.00920	0.00664	0.03649	0.00959
2	0.01468	0.04326	0.06386	0.01248	0.03569	0.01131	0.00984	0.13470	0.01871	0.05587	0.14860	0.22934	0.06523	0.09011	0.01077	0.00284	0.00573	0.01202	0.02706	0.00791
3	0.05231	0.27600	0.07749	0.14372	0.06742	0.08134	0.01432	0.02090	0.01541	0.04411	0.04329	0.01851	0.03248	0.00759	0.00641	0.00196	0.02774	0.00567	0.05460	0.00873
4	0.09233	0.15597	0.09636	0.06145	0.02131	0.11827	0.03583	0.04364	0.01617	0.04160	0.09171	0.02138	0.01741	0.01084	0.04023	0.00260	0.09476	0.02536	0.00429	0.00851
5	0.01068	0.00774	0.00900	0.00903	0.01093	0.00708	0.00675	0.03271	0.01653	0.04608	0.14829	0.15129	0.32879	0.09696	0.01159	0.00301	0.00455	0.08598	0.00663	0.00637
6	0.01322	0.00990	0.03752	0.04015	0.01439	0.00890	0.00878	0.06737	0.02060	0.07756	0.52823	0.06425	0.05427	0.01329	0.00812	0.00225	0.00444	0.01161	0.00745	0.00769
7	0.01639	0.09153	0.21098	0.02639	0.27322	0.06762	0.01914	0.02185	0.04691	0.02134	0.01430	0.01795	0.01178	0.01368	0.11330	0.00348	0.01071	0.00596	0.00357	0.00992
8	0.01673	0.01599	0.02705	0.11879	0.59973	0.01629	0.02085	0.02090	0.01599	0.02251	0.01605	0.02015	0.04332	0.00698	0.00712	0.00216	0.00835	0.00675	0.00363	0.01066
9	0.00879	0.00628	0.00840	0.01005	0.01052	0.00589	0.00682	0.01012	0.01375	0.01831	0.03918	0.71679	0.04684	0.02220	0.00912	0.00291	0.00423	0.04738	0.00661	0.00582
10	0.04616	0.01450	0.02412	0.41315	0.32490	0.01629	0.02018	0.01985	0.01499	0.02088	0.01286	0.01812	0.01018	0.00677	0.00698	0.00226	0.00890	0.00624	0.00337	0.00933
11	0.04405	0.01647	0.12369	0.05207	0.02485	0.01349	0.23206	0.01936	0.01517	0.06608	0.02135	0.13940	0.03824	0.02987	0.03661	0.00287	0.04282	0.00950	0.06359	0.00846
12	0.01841	0.01426	0.01721	0.16271	0.05181	0.01560	0.01254	0.30658	0.02305	0.03071	0.02798	0.02989	0.15450	0.03868	0.00836	0.00239	0.00698	0.00833	0.06074	0.00927
13	0.06969	0.01379	0.01516	0.01345	0.01742	0.01520	0.01068	0.05930	0.42412	0.12597	0.07983	0.03092	0.02479	0.01042	0.00733	0.00241	0.00567	0.05607	0.00727	0.01049
14	0.01554	0.07937	0.54546	0.04507	0.04885	0.01716	0.05087	0.02335	0.04192	0.04740	0.01387	0.01597	0.01000	0.00688	0.00674	0.00222	0.00995	0.00554	0.00343	0.01041
15	0.07585	0.01362	0.02074	0.58278	0.06295	0.01651	0.01826	0.08659	0.01611	0.02215	0.01292	0.01818	0.00968	0.00720	0.00691	0.00233	0.00898	0.00615	0.00368	0.00843
16	0.01681	0.01921	0.04202	0.03001	0.03721	0.01801	0.67947	0.02281	0.01681	0.02281	0.01441	0.01921	0.01080	0.00600	0.00840	0.00240	0.01200	0.00840	0.00360	0.00960
17	0.74326	0.01544	0.06123	0.01015	0.01500	0.01601	0.00906	0.02105	0.01233	0.03127	0.01012	0.01182	0.00781	0.00662	0.00458	0.00221	0.00587	0.00396	0.00431	0.00791
18	0.03195	0.01212	0.01652	0.01267	0.01818	0.01047	0.01047	0.03470	0.02038	0.71026	0.02809	0.02424	0.01763	0.00881	0.00716	0.00220	0.00606	0.00716	0.00881	0.01212
19	0.01572	0.03769	0.08916	0.18658	0.03048	0.01724	0.16580	0.05309	0.11640	0.02258	0.01602	0.01997	0.01254	0.01133	0.06177	0.00308	0.09721	0.00698	0.02727	0.00910
20	0.01030	0.00688	0.00778	0.00784	0.00785	0.00687	0.00439	0.01034	0.01047	0.01396	0.02301	0.07032	0.02661	0.72505	0.03532	0.00677	0.00681	0.01069	0.00439	0.00436
21	0.00856	0.00722	0.00742	0.00737	0.00971	0.00607	0.00553	0.01051	0.01658	0.02007	0.12830	0.06716	0.64576	0.01772	0.00841	0.00239	0.00358	0.01484	0.00672	0.00607
22	0.02743	0.01937	0.02101	0.01611	0.02179	0.02122	0.01331	0.63366	0.03251	0.09418	0.01791	0.01762	0.01252	0.00857	0.00713	0.00214	0.00770	0.00647	0.00725	0.01211
23	0.01034	0.00695	0.00800	0.00800	0.00809	0.00703	0.00461	0.01051	0.01043	0.01398	0.02222	0.04539	0.02536	0.70469	0.08059	0.00720	0.00769	0.01018	0.00428	0.00445
24	0.01992	0.51462	0.05796	0.01389	0.01922	0.17245	0.01294	0.02236	0.01582	0.01766	0.04100	0.01387	0.01173	0.00699	0.00590	0.00171	0.03520	0.00452	0.00339	0.00885
25	0.01450	0.01216	0.01453	0.04287	0.01771	0.00988	0.00894	0.04793	0.01547	0.02335	0.01629	0.10925	0.01529	0.00771	0.00593	0.00140	0.00543	0.00648	0.00462	0.62026
26	0.01888	0.09614	0.17398	0.01445	0.02003	0.01594	0.01402	0.19026	0.05285	0.10178	0.15422	0.07151	0.02532	0.01005	0.00717	0.00219	0.00700	0.00821	0.00607	0.00993
27	0.02320	0.02658	0.01960	0.04268	0.07030	0.45025	0.01382	0.08222	0.09736	0.02182	0.01726	0.02038	0.03818	0.00857	0.00687	0.00205	0.01055	0.03476	0.00458	0.00897
28	0.67063	0.01310	0.01107	0.06981	0.01629	0.01521	0.00850	0.02035	0.01252	0.03036	0.01122	0.01340	0.00871	0.00679	0.00468	0.00217	0.00567	0.00429	0.06758	0.00764
29	0.01456	0.02975	0.52525	0.01952	0.05241	0.01477	0.04616	0.02124	0.01504	0.05388	0.01678	0.09355	0.01431	0.04151	0.00841	0.00253	0.00946	0.00730	0.00375	0.00982
30	0.01237	0.00618	0.00928	0.00928	0.00928	0.00618	0.00618	0.00928	0.00928	0.01237	0.01237	0.02165	0.01237	0.02474	0.02783	0.79283	0.00618	0.00618	0.00309	0.00309
31	0.01762	0.01692	0.02890	0.04371	0.70533	0.01692	0.02185	0.02185	0.01621	0.02326	0.01339	0.01762	0.01128	0.00634	0.00705	0.00211	0.00846	0.00634	0.00352	0.01128
32	0.01036	0.00690	0.00777	0.00777	0.00777	0.00690	0.00431	0.01036	0.01036	0.01381	0.02244	0.04660	0.02589	0.74975	0.03624	0.00690	0.00690	0.01036	0.00431	0.00431
33	0.01216	0.00873	0.01044	0.01061	0.01195	0.00881	0.00752	0.11863	0.01644	0.02182	0.03348	0.41157	0.06423	0.17041	0.01442	0.00361	0.00544	0.05698	0.00621	0.00656
34	0.01008	0.00728	0.00952	0.00896	0.01064	0.00672	0.00672	0.01344	0.02016	0.02855	0.70158	0.05319	0.06719	0.01456	0.00840	0.00224	0.00336	0.01288	0.00784	0.00672
35	0.01724	0.10535	0.07877	0.02016	0.02584	0.10278	0.26192	0.02145	0.01607	0.02138	0.04224	0.01797	0.01280	0.00714	0.00831	0.00205	0.07315	0.00649	0.03291	0.12598
36	0.01558	0.01558	0.02181	0.01869	0.01869	0.02181	0.01558	0.01714	0.01091	0.01714	0.00935	0.01558	0.00935	0.01246	0.02337	0.00312	0.73672	0.00623	0.00312	0.00779
37	0.01036	0.00690	0.00777	0.00777	0.00777	0.00690	0.00431	0.01036	0.01036	0.01381	0.02244	0.04660	0.02589	0.74975	0.03624	0.00690	0.00690	0.01036	0.00431	0.00431
38	0.02707	0.01995	0.02137	0.01638	0.02208	0.02208	0.01353	0.68159	0.03348	0.04488	0.01710	0.01710	0.01211	0.00855	0.00712	0.00214	0.00784	0.00641	0.00712	0.01211
39	0.01345	0.01266	0.02136	0.73264	0.04904	0.01582	0.01978	0.01819	0.01424	0.01819	0.01266	0.01898	0.00949	0.00712	0.00712	0.00237	0.00949	0.00633	0.00316	0.00791
40	0.01036	0.00690	0.00777	0.00777	0.00777	0.00690	0.00431	0.01036	0.01036	0.01381	0.02244	0.04660	0.02589	0.74975	0.03624	0.00690	0.00690	0.01036	0.00431	0.00431
41	0.80005	0.01377	0.01047	0.00936	0.01377	0.01597	0.00771	0.02093	0.01212	0.03195	0.00991	0.01157	0.00771	0.00661	0.00441	0.00220	0.00551	0.00386	0.00441	0.00771
42	0.00896	0.00632	0.00818	0.00956	0.00990	0.00597	0.00623	0.00999	0.01308	0.01745	0.03643	0.62815	0.04354	0.14411	0.01364	0.00356	0.00460	0.01859	0.00623	0.00554
43	0.14429	0.05914	0.01849	0.01426	0.01896	0.09523	0.01171	0.35404	0.05065	0.03456	0.01935	0.02223	0.04540	0.00911	0.00663	0.00215	0.00750	0.04417	0.03209	0.01002
44	0.01666	0.42042	0.30442	0.01547	0.02304	0.02225	0.01776	0.02139	0.01482	0.01935	0.01284	0.01732	0.01115	0.00724	0.00578	0.00193	0.00870	0.04669	0.00326	0.00952
45	0.01824	0.63413	0.15026	0.01354	0.02037	0.02623	0.01455	0.02153	0.01456	0.01772	0.01038	0.01203	0.00912	0.00620	0.00494	0.00165	0.00810	0.00405	0.00304	0.00937

[dist]
# distance from previous block
# <min> <max>
0	1

[block]
# block no. 3 follows, 29 sequences, length 12
# corresponding to MSA columns:
# 251-262
name=unknown_D
#
# <colnr> <probs for GDERKNQSTAVLIFYWHMCP>
#	G	D	E	R	K	N	Q	S	T	A	V	L	I	F	Y	W	H	M	C	P
0	0.01656	0.38085	0.38882	0.01640	0.02480	0.02212	0.01953	0.02196	0.01476	0.01977	0.01140	0.01330	0.00908	0.00644	0.00571	0.00190	0.00913	0.00456	0.00303	0.00986
1	0.01831	0.17401	0.45787	0.01736	0.02613	0.01777	0.02075	0.02443	0.01586	0.14161	0.01489	0.01593	0.01055	0.00699	0.00640	0.00210	0.00917	0.00531	0.00403	0.01053
2	0.01491	0.13115	0.62402	0.01923	0.02917	0.01807	0.02445	0.02239	0.01496	0.02179	0.01240	0.01456	0.00904	0.00668	0.00648	0.00216	0.01014	0.00507	0.00301	0.01034
3	0.01904	0.75404	0.03731	0.01218	0.01828	0.02818	0.01218	0.02132	0.01447	0.01675	0.00990	0.01142	0.00914	0.00609	0.00457	0.00152	0.00761	0.00381	0.00305	0.00914
4	0.01057	0.00778	0.00909	0.00945	0.01175	0.00696	0.00768	0.01291	0.01648	0.05323	0.05850	0.07034	0.44829	0.01814	0.00883	0.00269	0.00471	0.22943	0.00670	0.00649
5	0.01505	0.00925	0.01124	0.01016	0.01330	0.00837	0.00809	0.01890	0.06381	0.16553	0.18867	0.05142	0.25107	0.01424	0.00806	0.00236	0.00467	0.09307	0.00723	0.05551
6	0.01096	0.00801	0.01076	0.01205	0.01380	0.00780	0.01035	0.01404	0.01658	0.02142	0.07988	0.07713	0.13577	0.01915	0.00955	0.00310	0.00596	0.53055	0.00664	0.00649
7	0.01852	0.64774	0.10067	0.01308	0.01948	0.02653	0.01348	0.02229	0.04928	0.01797	0.01115	0.01254	0.00977	0.00634	0.00492	0.00164	0.00779	0.00416	0.00326	0.00938
8	0.07504	0.64949	0.03395	0.01202	0.01795	0.02607	0.01175	0.02224	0.01472	0.06674	0.01118	0.01234	0.00964	0.00632	0.00474	0.00162	0.00736	0.00405	0.00355	0.00925
9	0.02331	0.01090	0.01420	0.01145	0.01582	0.00967	0.00920	0.02720	0.05782	0.41795	0.20228	0.03284	0.05665	0.01044	0.00739	0.00215	0.00519	0.00877	0.00805	0.06873
10	0.02024	0.08300	0.08201	0.01402	0.01970	0.04187	0.01239	0.22276	0.09781	0.07497	0.06230	0.02097	0.03441	0.00821	0.00658	0.00190	0.00693	0.00642	0.00580	0.17773
11	0.15376	0.01193	0.01377	0.04029	0.01689	0.01090	0.00897	0.02159	0.04249	0.15413	0.13438	0.02323	0.02152	0.00801	0.00617	0.00178	0.00532	0.00643	0.00581	0.31264

[dist]
# distance from previous block
# <min> <max>
10	31

[block]
# block no. 4 follows, 29 sequences, length 32
# corresponding to MSA columns:
# 295-326
name=unknown_E
#
# <colnr> <probs for GDERKNQSTAVLIFYWHMCP>
#	G	D	E	R	K	N	Q	S	T	A	V	L	I	F	Y	W	H	M	C	P
0	0.01486	0.01211	0.04517	0.04481	0.01677	0.01111	0.00979	0.02237	0.19227	0.08414	0.18541	0.08381	0.06365	0.05140	0.00894	0.00241	0.00535	0.00963	0.00644	0.12957
1	0.02240	0.15728	0.02207	0.01555	0.02003	0.26559	0.01253	0.14148	0.19669	0.02564	0.04095	0.01832	0.01500	0.00818	0.00649	0.00200	0.00881	0.00595	0.00523	0.00981
2	0.26811	0.02089	0.20863	0.08275	0.02403	0.01664	0.03388	0.07992	0.11509	0.02816	0.01464	0.01627	0.01090	0.00723	0.00612	0.00221	0.00766	0.00546	0.00452	0.04690
3	0.01664	0.01263	0.01425	0.01214	0.01622	0.01270	0.00947	0.07793	0.26402	0.07918	0.10658	0.08616	0.07438	0.01074	0.00717	0.00210	0.00524	0.00906	0.00668	0.17670
4	0.01310	0.15403	0.27245	0.01410	0.01962	0.01416	0.01516	0.01770	0.01594	0.02205	0.17407	0.14856	0.03041	0.01175	0.00730	0.00228	0.00708	0.04695	0.00491	0.00839
5	0.00868	0.00620	0.00826	0.00991	0.01033	0.00578	0.00661	0.00991	0.01363	0.01818	0.03925	0.74510	0.04710	0.02231	0.00909	0.00289	0.00413	0.02024	0.00661	0.00578
6	0.02449	0.01787	0.01939	0.01527	0.02025	0.01973	0.01248	0.57568	0.03028	0.04101	0.01857	0.05185	0.01439	0.01176	0.04843	0.00268	0.00807	0.00713	0.04949	0.01119
7	0.01558	0.01558	0.02181	0.01869	0.01869	0.02181	0.01558	0.01714	0.01091	0.01714	0.00935	0.01558	0.00935	0.01246	0.02337	0.00312	0.73672	0.00623	0.00312	0.00779
8	0.02707	0.01995	0.02137	0.01638	0.02208	0.02208	0.01353	0.68159	0.03348	0.04488	0.01710	0.01710	0.01211	0.00855	0.00712	0.00214	0.00784	0.00641	0.00712	0.01211
9	0.00868	0.00620	0.00826	0.00991	0.01033	0.00578	0.00661	0.00991	0.01363	0.01818	0.03925	0.74510	0.04710	0.02231	0.00909	0.00289	0.00413	0.02024	0.00661	0.00578
10	0.01477	0.01266	0.01477	0.01055	0.01687	0.00949	0.00844	0.01793	0.01477	0.02320	0.01266	0.01477	0.01055	0.00527	0.00527	0.00105	0.00527	0.00422	0.00422	0.79328
11	0.02955	0.01349	0.01707	0.01336	0.01871	0.01282	0.01095	0.11558	0.10672	0.54171	0.02684	0.02364	0.01746	0.00889	0.00717	0.00222	0.00623	0.00718	0.00841	0.01201
12	0.01662	0.01731	0.02166	0.01866	0.01901	0.08792	0.01541	0.01820	0.01178	0.01716	0.00950	0.01532	0.00933	0.01198	0.02177	0.00299	0.66829	0.00608	0.00317	0.00783
13	0.00868	0.00620	0.00826	0.00991	0.01033	0.00578	0.00661	0.00991	0.01363	0.01818	0.03925	0.74510	0.04710	0.02231	0.00909	0.00289	0.00413	0.02024	0.00661	0.00578
14	0.70783	0.01364	0.01174	0.09416	0.01791	0.01596	0.00913	0.02061	0.01237	0.03034	0.01024	0.01244	0.00792	0.00667	0.00472	0.00222	0.00598	0.00415	0.00426	0.00773
15	0.00868	0.00620	0.00826	0.00991	0.01033	0.00578	0.00661	0.00991	0.01363	0.01818	0.03925	0.74510	0.04710	0.02231	0.00909	0.00289	0.00413	0.02024	0.00661	0.00578
16	0.01904	0.75404	0.03731	0.01218	0.01828	0.02818	0.01218	0.02132	0.01447	0.01675	0.00990	0.01142	0.00914	0.00609	0.00457	0.00152	0.00761	0.00381	0.00305	0.00914
17	0.01477	0.01266	0.01477	0.01055	0.01687	0.00949	0.00844	0.01793	0.01477	0.02320	0.01266	0.01477	0.01055	0.00527	0.00527	0.00105	0.00527	0.00422	0.00422	0.79328
18	0.07645	0.00966	0.04578	0.00991	0.01258	0.00818	0.00815	0.01558	0.01800	0.08143	0.38207	0.10421	0.14049	0.01440	0.00802	0.00236	0.00437	0.04405	0.00706	0.00725
19	0.01687	0.01615	0.02755	0.16766	0.58726	0.01672	0.02148	0.02119	0.01586	0.02235	0.01326	0.01787	0.01096	0.00648	0.00706	0.00216	0.00865	0.00634	0.00346	0.01067
20	0.01147	0.00820	0.01147	0.01311	0.01475	0.00820	0.01147	0.01475	0.01639	0.02131	0.03770	0.08032	0.04098	0.01967	0.00984	0.00328	0.00656	0.65741	0.00656	0.00656
21	0.01777	0.01832	0.02700	0.19718	0.41743	0.10822	0.06842	0.02194	0.01632	0.02131	0.01299	0.01743	0.01056	0.00663	0.00708	0.00216	0.00952	0.00626	0.00347	0.00999
22	0.01515	0.16786	0.58944	0.01881	0.02853	0.01866	0.02373	0.02233	0.01493	0.02149	0.01225	0.01437	0.00904	0.00664	0.00636	0.00212	0.00999	0.00500	0.00301	0.01027
23	0.01121	0.00801	0.01117	0.01281	0.01433	0.00797	0.01101	0.01430	0.01613	0.02101	0.03785	0.14316	0.04156	0.01992	0.00976	0.00324	0.00633	0.59717	0.00656	0.00648
24	0.01380	0.01302	0.02200	0.67381	0.10508	0.01591	0.01995	0.01851	0.01441	0.01863	0.01272	0.01887	0.00964	0.00705	0.00711	0.00235	0.00940	0.00633	0.00319	0.00820
25	0.01115	0.00796	0.01110	0.01274	0.01423	0.00791	0.01090	0.01419	0.01607	0.02094	0.03788	0.15826	0.04170	0.01998	0.00975	0.00323	0.00627	0.58270	0.00656	0.00647
26	0.00925	0.00661	0.00887	0.01025	0.01100	0.00624	0.00732	0.01104	0.01483	0.01990	0.12068	0.56527	0.04870	0.02098	0.00911	0.00287	0.00438	0.10994	0.00675	0.00601
27	0.01104	0.00795	0.01094	0.01249	0.01406	0.00785	0.01068	0.01405	0.01612	0.02090	0.03972	0.14252	0.07757	0.01983	0.00969	0.00319	0.00617	0.56220	0.00656	0.00645
28	0.01036	0.00690	0.00777	0.00777	0.00777	0.00690	0.00431	0.01036	0.01036	0.01381	0.02244	0.04660	0.02589	0.74975	0.03624	0.00690	0.00690	0.01036	0.00431	0.00431
29	0.01773	0.01462	0.01738	0.01268	0.01889	0.01277	0.03592	0.17358	0.01923	0.02826	0.01376	0.01549	0.01092	0.00607	0.00583	0.00136	0.00614	0.00490	0.00487	0.57959
30	0.08769	0.13322	0.08466	0.01400	0.01891	0.12601	0.01245	0.12028	0.01985	0.14100	0.13136	0.02215	0.02069	0.00882	0.00703	0.00207	0.02806	0.00661	0.00563	0.00950
31	0.04136	0.13640	0.50347	0.01828	0.02717	0.07845	0.02192	0.02339	0.01555	0.05333	0.01284	0.01465	0.00941	0.00681	0.00637	0.00211	0.00995	0.00504	0.00338	0.01012

[dist]
# distance from previous block
# <min> <max>
12	20

[block]
# block no. 5 follows, 29 sequences, length 6
# corresponding to MSA columns:
# 347-352
name=unknown_F
#
# <colnr> <probs for GDERKNQSTAVLIFYWHMCP>
#	G	D	E	R	K	N	Q	S	T	A	V	L	I	F	Y	W	H	M	C	P
0	0.33746	0.07449	0.01693	0.01283	0.01726	0.04451	0.01059	0.13091	0.13385	0.08273	0.01574	0.01632	0.01187	0.00801	0.00694	0.00222	0.05695	0.00543	0.00544	0.00951
1	0.02012	0.01796	0.02566	0.09666	0.48120	0.09936	0.01929	0.02393	0.01703	0.10836	0.01489	0.01801	0.01167	0.00684	0.00700	0.00212	0.00877	0.00624	0.00417	0.01073
2	0.01508	0.07911	0.32078	0.12407	0.03094	0.05338	0.13578	0.02094	0.01500	0.02051	0.01353	0.01758	0.01052	0.01252	0.09664	0.00338	0.01161	0.00612	0.00327	0.00924
3	0.11624	0.01593	0.01653	0.04902	0.01881	0.10331	0.01181	0.16578	0.04886	0.02562	0.01547	0.01965	0.01298	0.02276	0.23403	0.00518	0.09857	0.00630	0.00465	0.00851
4	0.01681	0.01513	0.10287	0.01642	0.10053	0.01252	0.01277	0.14897	0.02058	0.09637	0.16551	0.06862	0.13549	0.01198	0.00776	0.00231	0.00627	0.04354	0.00635	0.00919
5	0.01474	0.01397	0.02369	0.51951	0.25207	0.01616	0.02042	0.01933	0.01485	0.01976	0.01288	0.01856	0.01004	0.00688	0.00710	0.00229	0.00917	0.00633	0.00328	0.00895

[dist]
# distance from previous block
# <min> <max>
6	11

[block]
# block no. 6 follows, 29 sequences, length 7
# corresponding to MSA columns:
# 364-370
name=unknown_G
#
# <colnr> <probs for GDERKNQSTAVLIFYWHMCP>
#	G	D	E	R	K	N	Q	S	T	A	V	L	I	F	Y	W	H	M	C	P
0	0.02226	0.01805	0.01721	0.01428	0.01857	0.14397	0.01127	0.24520	0.07973	0.10747	0.04236	0.02319	0.04117	0.04782	0.07359	0.00312	0.00885	0.00696	0.00605	0.06888
1	0.01679	0.04185	0.02518	0.07049	0.02456	0.10229	0.14841	0.01969	0.01385	0.01878	0.01150	0.01660	0.01009	0.01131	0.04705	0.00295	0.34437	0.00632	0.00339	0.06454
2	0.01535	0.01516	0.02742	0.39159	0.25140	0.01656	0.13909	0.02016	0.01532	0.02060	0.01320	0.01860	0.01028	0.00668	0.00733	0.00230	0.00962	0.00671	0.00336	0.00926
3	0.01858	0.14679	0.01914	0.01264	0.01696	0.01669	0.01038	0.20432	0.11955	0.05809	0.07561	0.10063	0.06668	0.03253	0.00779	0.00223	0.00617	0.00866	0.00614	0.07040
4	0.09178	0.02041	0.01852	0.01530	0.02016	0.14826	0.01220	0.30851	0.18346	0.03373	0.01786	0.01791	0.01335	0.00821	0.00666	0.00208	0.00787	0.00610	0.00609	0.06153
5	0.01680	0.01373	0.01549	0.01190	0.01738	0.01238	0.00947	0.14414	0.08951	0.02754	0.01899	0.05944	0.04079	0.00780	0.00616	0.00156	0.00567	0.00635	0.00531	0.48958
6	0.01543	0.01301	0.01536	0.01162	0.01695	0.01123	0.00928	0.07546	0.01603	0.02425	0.01489	0.07258	0.01347	0.00744	0.00710	0.00145	0.06050	0.00583	0.00458	0.60354

[dist]
# distance from previous block
# <min> <max>
0	1

[block]
# block no. 7 follows, 29 sequences, length 15
# corresponding to MSA columns:
# 372-386
name=unknown_H
#
# <colnr> <probs for GDERKNQSTAVLIFYWHMCP>
#	G	D	E	R	K	N	Q	S	T	A	V	L	I	F	Y	W	H	M	C	P
0	0.01814	0.01088	0.01340	0.01183	0.01534	0.01064	0.00942	0.02523	0.18051	0.21128	0.20449	0.06383	0.05376	0.01225	0.00780	0.00235	0.00514	0.08320	0.00754	0.05297
1	0.01345	0.01266	0.02136	0.73264	0.04904	0.01582	0.01978	0.01819	0.01424	0.01819	0.01266	0.01898	0.00949	0.00712	0.00712	0.00237	0.00949	0.00633	0.00316	0.00791
2	0.01782	0.01751	0.02802	0.08383	0.63207	0.05173	0.02133	0.02196	0.01629	0.02267	0.01323	0.01747	0.01107	0.00644	0.00702	0.00212	0.00874	0.00626	0.00351	0.01093
3	0.01794	0.01448	0.01571	0.01426	0.01816	0.01645	0.01124	0.03557	0.59382	0.06695	0.02972	0.03130	0.02325	0.01052	0.00748	0.00248	0.00574	0.06678	0.00727	0.01089
4	0.01577	0.01335	0.01544	0.01124	0.01757	0.01009	0.00887	0.01860	0.01538	0.02407	0.01368	0.01619	0.01152	0.00599	0.00573	0.00126	0.00563	0.00457	0.00457	0.78047
5	0.00910	0.00646	0.00843	0.00952	0.01011	0.00607	0.00638	0.01057	0.01441	0.01951	0.15220	0.55043	0.04831	0.09885	0.01188	0.00321	0.00429	0.01791	0.00658	0.00579
6	0.07150	0.01236	0.01569	0.01189	0.01756	0.01051	0.00974	0.02924	0.01834	0.47975	0.02274	0.02087	0.01508	0.00770	0.00648	0.00188	0.00581	0.00615	0.00728	0.22943
7	0.00866	0.00627	0.00819	0.00973	0.01028	0.00580	0.00653	0.00994	0.01381	0.01825	0.04147	0.69941	0.09136	0.02202	0.00904	0.00286	0.00410	0.01989	0.00661	0.00580
8	0.01007	0.00724	0.00983	0.01200	0.05747	0.00672	0.00764	0.01162	0.01433	0.04291	0.04068	0.59714	0.11488	0.02029	0.00881	0.00276	0.00443	0.01828	0.00648	0.00640
9	0.04648	0.10082	0.62331	0.01912	0.02899	0.01757	0.02428	0.02237	0.01486	0.02241	0.01240	0.01457	0.00898	0.00670	0.00647	0.00219	0.01006	0.00507	0.00307	0.01028
10	0.01017	0.00763	0.01144	0.01144	0.01272	0.00890	0.00890	0.01272	0.01144	0.01653	0.01907	0.02797	0.01780	0.05340	0.72153	0.01144	0.01907	0.00763	0.00381	0.00636
11	0.02053	0.06384	0.02505	0.09348	0.31516	0.27831	0.01777	0.02366	0.01710	0.01993	0.01202	0.01551	0.01011	0.00712	0.00763	0.00206	0.05217	0.00554	0.00350	0.00953
12	0.01655	0.01479	0.01904	0.01487	0.01884	0.01575	0.03466	0.09448	0.01558	0.02347	0.01202	0.01548	0.01030	0.00831	0.01222	0.00198	0.27354	0.00535	0.00413	0.38862
13	0.58983	0.01461	0.01170	0.01031	0.01445	0.05462	0.00835	0.08041	0.01518	0.03177	0.05517	0.01567	0.01259	0.00743	0.00505	0.00215	0.00586	0.00487	0.05197	0.00801
14	0.02525	0.02404	0.02002	0.01674	0.02143	0.26704	0.01321	0.33823	0.14527	0.03256	0.01706	0.01727	0.01278	0.00832	0.00690	0.00208	0.00921	0.00606	0.00593	0.01061

[dist]
# distance from previous block
# <min> <max>
0	1

[block]
# block no. 8 follows, 29 sequences, length 10
# corresponding to MSA columns:
# 388-397
name=unknown_I
#
# <colnr> <probs for GDERKNQSTAVLIFYWHMCP>
#	G	D	E	R	K	N	Q	S	T	A	V	L	I	F	Y	W	H	M	C	P
0	0.12972	0.54782	0.07693	0.01270	0.01875	0.05048	0.01259	0.04692	0.01511	0.02039	0.01041	0.01195	0.00904	0.00635	0.00486	0.00170	0.00771	0.00404	0.00341	0.00911
