[name]
unknown

[dist]
# distance from previous block
# <min> <max>
0	56

[block]
# block no. 0 follows, 26 sequences, length 31
# corresponding to MSA columns:
# 56-86
name=unknown_A
#
# <colnr> <probs for GDERKNQSTAVLIFYWHMCP>
#	G	D	E	R	K	N	Q	S	T	A	V	L	I	F	Y	W	H	M	C	P
0	0.07147	0.01553	0.02361	0.14070	0.34805	0.01596	0.01811	0.04138	0.03728	0.02573	0.05574	0.02385	0.01677	0.00814	0.00734	0.00225	0.00804	0.03602	0.00451	0.09951
1	0.01826	0.01963	0.05664	0.18564	0.27448	0.10648	0.04429	0.02261	0.01703	0.02268	0.01362	0.01780	0.01101	0.00688	0.00713	0.00208	0.00949	0.00612	0.00380	0.15435
2	0.08295	0.01700	0.02723	0.17764	0.41647	0.01823	0.04205	0.05581	0.01724	0.02539	0.01387	0.01847	0.01125	0.00732	0.00803	0.00237	0.03734	0.00660	0.00394	0.01080
3	0.04555	0.01335	0.02165	0.45122	0.08601	0.01583	0.03965	0.01855	0.01438	0.01976	0.01321	0.01982	0.01066	0.01035	0.01162	0.10882	0.05671	0.00661	0.00349	0.03279
4	0.01754	0.01647	0.02303	0.40457	0.12909	0.08164	0.04027	0.07447	0.01766	0.02279	0.01448	0.01981	0.01127	0.00853	0.00846	0.03886	0.00972	0.00666	0.04561	0.00907
5	0.01261	0.00818	0.01065	0.00979	0.01196	0.00746	0.00743	0.01606	0.02129	0.08559	0.59878	0.05483	0.09585	0.01517	0.00884	0.00239	0.00383	0.01331	0.00838	0.00761
6	0.01573	0.01348	0.01573	0.01123	0.01798	0.01011	0.00899	0.01910	0.01573	0.02472	0.01348	0.01573	0.01123	0.00562	0.00562	0.00112	0.00562	0.00449	0.00449	0.77980
7	0.08673	0.05722	0.32288	0.01937	0.05988	0.04336	0.04945	0.02168	0.01656	0.02478	0.08517	0.04123	0.01993	0.00966	0.00804	0.00244	0.03419	0.05977	0.00441	0.03325
8	0.01019	0.00773	0.00939	0.00897	0.01100	0.00693	0.00673	0.01326	0.02019	0.02738	0.49684	0.06166	0.25874	0.01664	0.00895	0.00244	0.00366	0.01442	0.00795	0.00693
9	0.00924	0.00660	0.00880	0.01056	0.01100	0.00616	0.00704	0.01056	0.01452	0.01936	0.04181	0.72848	0.05017	0.02376	0.00968	0.00308	0.00440	0.02156	0.00704	0.00616
10	0.01324	0.00696	0.01058	0.04804	0.01217	0.00714	0.00737	0.01040	0.01017	0.01351	0.01319	0.02290	0.01301	0.02534	0.02845	0.73729	0.00678	0.00660	0.00330	0.00357
11	0.01463	0.01407	0.02460	0.65768	0.05118	0.01705	0.07473	0.01979	0.01540	0.01979	0.01364	0.02024	0.01023	0.00748	0.00770	0.00253	0.01034	0.00693	0.00341	0.00858
12	0.01140	0.00898	0.01254	0.01411	0.06061	0.00859	0.03462	0.04557	0.01648	0.02174	0.04230	0.48666	0.13026	0.02034	0.00934	0.00291	0.00534	0.05434	0.00671	0.00716
13	0.01101	0.00745	0.00874	0.00874	0.00891	0.00761	0.00518	0.01133	0.01117	0.01506	0.02347	0.04726	0.02654	0.65222	0.11840	0.00793	0.00891	0.01068	0.00453	0.00486
14	0.31041	0.01638	0.01904	0.19338	0.08244	0.05463	0.01492	0.04176	0.01477	0.02606	0.01180	0.01596	0.00959	0.00850	0.00988	0.00255	0.14946	0.00562	0.00406	0.00879
15	0.02333	0.20047	0.09630	0.04149	0.05087	0.31995	0.01633	0.07076	0.01932	0.02128	0.01212	0.01452	0.01008	0.00790	0.00792	0.00208	0.06660	0.00517	0.00387	0.00964
16	0.04704	0.07557	0.02556	0.47358	0.19399	0.01824	0.02038	0.02068	0.01558	0.02109	0.01330	0.01889	0.01044	0.00728	0.00722	0.00238	0.00952	0.00641	0.00350	0.00935
17	0.03304	0.01294	0.01750	0.01337	0.01929	0.01109	0.01103	0.03600	0.02139	0.65530	0.02903	0.02527	0.01837	0.00918	0.00752	0.00228	0.00641	0.00746	0.00912	0.05440
18	0.01612	0.01524	0.02334	0.55318	0.07943	0.04702	0.04122	0.06518	0.01707	0.02179	0.01486	0.04527	0.01188	0.00820	0.00767	0.00249	0.00997	0.00728	0.00386	0.00892
19	0.02158	0.02086	0.01845	0.01629	0.02063	0.17438	0.01264	0.09947	0.40719	0.02951	0.02415	0.02356	0.01846	0.01147	0.03779	0.00277	0.00860	0.00739	0.00656	0.03825
20	0.00924	0.00660	0.00880	0.01056	0.01100	0.00616	0.00704	0.01056	0.01452	0.01936	0.04181	0.72848	0.05017	0.02376	0.00968	0.00308	0.00440	0.02156	0.00704	0.00616
21	0.08553	0.01594	0.01967	0.06795	0.11171	0.05069	0.01369	0.12076	0.04381	0.31110	0.04592	0.04253	0.01801	0.00925	0.00744	0.00235	0.00749	0.00756	0.00714	0.01147
22	0.02067	0.31431	0.05702	0.06853	0.10534	0.04240	0.01577	0.05472	0.06562	0.07720	0.01477	0.01690	0.01196	0.00814	0.00855	0.00217	0.09542	0.00574	0.00439	0.01036
23	0.02330	0.01567	0.01755	0.01504	0.01982	0.01711	0.01191	0.07114	0.47144	0.20330	0.02998	0.02714	0.02150	0.01000	0.00769	0.00250	0.00624	0.00824	0.00814	0.01229
24	0.00917	0.00765	0.00799	0.00800	0.01039	0.00647	0.00596	0.01124	0.01763	0.02152	0.14074	0.09713	0.59208	0.01899	0.00899	0.00256	0.00384	0.01598	0.00718	0.00647
25	0.01694	0.01177	0.01360	0.01229	0.01556	0.01214	0.00945	0.06972	0.21916	0.11103	0.19215	0.13686	0.11919	0.01432	0.00842	0.00255	0.00516	0.01229	0.00789	0.00952
26	0.02242	0.15230	0.04661	0.06417	0.02222	0.02037	0.01330	0.29924	0.04996	0.06364	0.01826	0.02165	0.01456	0.07183	0.04397	0.00308	0.00860	0.00680	0.04644	0.01059
27	0.00927	0.00678	0.00863	0.01009	0.01080	0.00624	0.00678	0.01062	0.01477	0.01935	0.04595	0.61429	0.13596	0.04874	0.01063	0.00316	0.00443	0.02042	0.00695	0.00614
28	0.00933	0.00735	0.00830	0.00877	0.01048	0.00645	0.00623	0.01114	0.01657	0.02087	0.12491	0.26703	0.39875	0.05552	0.01064	0.00294	0.00416	0.01720	0.00705	0.00632
29	0.01754	0.01465	0.01668	0.01237	0.01878	0.01252	0.00991	0.09454	0.08403	0.02806	0.01577	0.01728	0.01262	0.00649	0.00605	0.00140	0.00597	0.00517	0.00517	0.61500
30	0.01721	0.07635	0.02231	0.10191	0.02505	0.05031	0.08857	0.06134	0.01739	0.02420	0.01578	0.06970	0.01393	0.00772	0.00669	0.00177	0.00774	0.00671	0.00453	0.38079

[dist]
# distance from previous block
# <min> <max>
5	38

[block]
# block no. 1 follows, 26 sequences, length 22
# corresponding to MSA columns:
# 127-148
name=unknown_B
#
# <colnr> <probs for GDERKNQSTAVLIFYWHMCP>
#	G	D	E	R	K	N	Q	S	T	A	V	L	I	F	Y	W	H	M	C	P
0	0.01141	0.00761	0.00875	0.00866	0.00925	0.00747	0.00528	0.01212	0.01203	0.01693	0.02465	0.09648	0.02734	0.54690	0.06112	0.00642	0.00727	0.01101	0.07525	0.04405
1	0.00923	0.00666	0.00874	0.01040	0.01096	0.00617	0.00697	0.01058	0.01468	0.01943	0.04376	0.69185	0.08553	0.02351	0.00964	0.00305	0.00437	0.02125	0.00704	0.00617
2	0.01095	0.00865	0.01213	0.01202	0.01372	0.00815	0.05654	0.04604	0.01668	0.02194	0.07446	0.49713	0.15136	0.02053	0.00936	0.00288	0.00511	0.01854	0.00689	0.00691
3	0.01613	0.01465	0.02544	0.53020	0.10191	0.01712	0.08575	0.02106	0.01584	0.05412	0.01445	0.02028	0.01085	0.00767	0.00830	0.00252	0.03381	0.00701	0.00375	0.00914
4	0.01846	0.01737	0.09958	0.01366	0.02047	0.01289	0.01234	0.07415	0.01774	0.08720	0.01521	0.01693	0.01180	0.00683	0.00714	0.00160	0.04287	0.00522	0.00498	0.51356
5	0.02023	0.32653	0.06639	0.08965	0.05194	0.15436	0.04442	0.02332	0.01620	0.01909	0.01151	0.01476	0.00998	0.00790	0.00888	0.00214	0.11459	0.00528	0.00344	0.00940
6	0.02028	0.73799	0.03975	0.01298	0.01947	0.03001	0.01298	0.02271	0.01541	0.01785	0.01055	0.01217	0.00973	0.00649	0.00487	0.00162	0.00811	0.00406	0.00324	0.00973
7	0.01573	0.01348	0.01573	0.01123	0.01798	0.01011	0.00899	0.01910	0.01573	0.02472	0.01348	0.01573	0.01123	0.00562	0.00562	0.00112	0.00562	0.00449	0.00449	0.77980
8	0.02034	0.10480	0.05513	0.01392	0.01913	0.01789	0.01202	0.28202	0.05738	0.03301	0.02722	0.07000	0.10719	0.01070	0.00721	0.00216	0.00688	0.00849	0.06371	0.08081
9	0.04264	0.47548	0.06070	0.01527	0.02048	0.11649	0.01429	0.02301	0.01553	0.01873	0.01073	0.01327	0.00973	0.00784	0.00856	0.00200	0.12782	0.00466	0.00338	0.00939
10	0.01084	0.00813	0.01219	0.01219	0.01354	0.00948	0.00948	0.01354	0.01219	0.01761	0.02032	0.02980	0.01896	0.05689	0.70337	0.01219	0.02032	0.00813	0.00406	0.00677
11	0.01387	0.01287	0.02089	0.53238	0.07730	0.01553	0.01860	0.01825	0.01545	0.02008	0.04273	0.06249	0.06537	0.00981	0.00865	0.00258	0.04239	0.00846	0.00403	0.00829
12	0.02026	0.08653	0.02935	0.06273	0.38809	0.13539	0.05964	0.04679	0.01818	0.02330	0.01398	0.01800	0.01170	0.00953	0.04227	0.00268	0.01055	0.00640	0.00388	0.01077
13	0.00940	0.00667	0.00875	0.01035	0.01075	0.00627	0.00682	0.01060	0.01420	0.01894	0.04017	0.66641	0.04810	0.08866	0.01233	0.00347	0.00467	0.02060	0.00682	0.00602
14	0.00951	0.00680	0.00911	0.01087	0.01143	0.00640	0.00751	0.01103	0.01479	0.01967	0.04166	0.66969	0.04957	0.02351	0.00975	0.00312	0.00464	0.07766	0.00704	0.00624
15	0.02394	0.05262	0.02215	0.01973	0.05317	0.36035	0.01481	0.07330	0.14161	0.02326	0.01553	0.01738	0.01261	0.00917	0.00998	0.00232	0.12749	0.00605	0.00474	0.00978
16	0.01779	0.06387	0.05558	0.21916	0.05888	0.08684	0.08991	0.02397	0.09917	0.02149	0.01478	0.01906	0.01189	0.00902	0.01150	0.00259	0.17424	0.00680	0.00402	0.00944
17	0.01525	0.00814	0.00826	0.00786	0.00995	0.00831	0.00599	0.06635	0.01740	0.02976	0.02425	0.02752	0.01895	0.00886	0.00548	0.00181	0.00390	0.00705	0.71741	0.00751
18	0.01097	0.00759	0.00948	0.00948	0.00990	0.00801	0.00610	0.01180	0.01139	0.01560	0.02280	0.04353	0.02492	0.52505	0.24336	0.00884	0.01135	0.01014	0.00443	0.00527
19	0.01049	0.00774	0.00980	0.00929	0.01118	0.00705	0.00697	0.01384	0.02090	0.02905	0.59900	0.05890	0.15554	0.01602	0.00895	0.00241	0.00361	0.01403	0.00817	0.00705
20	0.01074	0.00775	0.01014	0.00954	0.01133	0.00716	0.00716	0.01431	0.02147	0.03042	0.68211	0.05666	0.07157	0.01551	0.00895	0.00239	0.00358	0.01372	0.00835	0.00716
21	0.01035	0.00769	0.00942	0.00950	0.01117	0.00709	0.00690	0.01319	0.03931	0.02449	0.32587	0.20767	0.21870	0.01873	0.01023	0.04601	0.00408	0.01549	0.00742	0.00668

[dist]
# distance from previous block
# <min> <max>
0	1

[block]
# block no. 2 follows, 26 sequences, length 6
# corresponding to MSA columns:
# 150-155
name=unknown_C
#
# <colnr> <probs for GDERKNQSTAVLIFYWHMCP>
#	G	D	E	R	K	N	Q	S	T	A	V	L	I	F	Y	W	H	M	C	P
0	0.06513	0.26486	0.27182	0.01626	0.02389	0.02113	0.01785	0.05297	0.01620	0.02331	0.01268	0.01510	0.01025	0.00893	0.03191	0.00238	0.04135	0.00507	0.00370	0.09520
1	0.02339	0.16200	0.03000	0.06529	0.07409	0.32673	0.13381	0.05743	0.01969	0.02140	0.01277	0.01563	0.01042	0.00728	0.00699	0.00207	0.01166	0.00582	0.00391	0.00964
2	0.03127	0.01352	0.01752	0.01385	0.01943	0.01255	0.01130	0.03757	0.14018	0.57128	0.03010	0.02627	0.01957	0.00955	0.00764	0.00239	0.00637	0.00780	0.00908	0.01274
3	0.01664	0.01373	0.01626	0.05016	0.01979	0.01178	0.01013	0.10156	0.01816	0.02684	0.01722	0.09500	0.01569	0.00818	0.00643	0.00157	0.00608	0.00680	0.00512	0.55287
4	0.01700	0.01281	0.01508	0.04261	0.01828	0.01100	0.00936	0.04458	0.05703	0.06646	0.01764	0.02093	0.01438	0.05237	0.00807	0.00186	0.00587	0.00582	0.09021	0.48865
5	0.01105	0.00814	0.00999	0.01032	0.01180	0.00766	0.00725	0.05040	0.01713	0.02305	0.15755	0.41030	0.11924	0.07440	0.01139	0.00310	0.00470	0.01714	0.00702	0.03838

[dist]
# distance from previous block
# <min> <max>
0	3

[block]
# block no. 3 follows, 26 sequences, length 26
# corresponding to MSA columns:
# 159-184
name=unknown_D
#
# <colnr> <probs for GDERKNQSTAVLIFYWHMCP>
#	G	D	E	R	K	N	Q	S	T	A	V	L	I	F	Y	W	H	M	C	P
0	0.06808	0.19327	0.08281	0.07243	0.04376	0.01834	0.01347	0.04570	0.03861	0.02277	0.06393	0.06697	0.01925	0.08274	0.01159	0.00275	0.07644	0.00756	0.00454	0.06499
1	0.01108	0.00784	0.00939	0.00925	0.01006	0.00769	0.00588	0.01191	0.01212	0.01653	0.02639	0.11710	0.05040	0.48780	0.12315	0.00694	0.00857	0.01144	0.00486	0.06161
2	0.06832	0.11491	0.02049	0.03673	0.01974	0.04169	0.01192	0.22547	0.03743	0.03087	0.07741	0.02436	0.05509	0.01403	0.07401	0.00309	0.03907	0.00723	0.00574	0.09240
3	0.01534	0.01337	0.01487	0.01160	0.01691	0.03997	0.00899	0.01899	0.04188	0.02325	0.01704	0.06402	0.01569	0.05658	0.05893	0.00254	0.00709	0.00642	0.00473	0.56178
4	0.06051	0.13019	0.07170	0.05722	0.02069	0.01877	0.01360	0.04486	0.15435	0.02377	0.02432	0.11540	0.06699	0.01207	0.01081	0.00260	0.14861	0.00906	0.00522	0.00927
5	0.02341	0.01770	0.01976	0.10907	0.06416	0.06069	0.01382	0.33961	0.02619	0.06410	0.01877	0.02116	0.01408	0.02692	0.00791	0.00233	0.00798	0.00688	0.14473	0.01074
6	0.08293	0.01407	0.01982	0.35491	0.03374	0.03919	0.01644	0.01850	0.01367	0.01983	0.01256	0.01898	0.01052	0.01127	0.01420	0.09785	0.18362	0.00641	0.02374	0.00772
7	0.05134	0.00702	0.00969	0.00979	0.01016	0.00710	0.00664	0.01099	0.01078	0.01560	0.01620	0.08465	0.01652	0.02419	0.02529	0.62920	0.00619	0.00780	0.04686	0.00400
8	0.02643	0.01951	0.02115	0.01640	0.02232	0.02107	0.01343	0.49491	0.10909	0.06716	0.01965	0.01943	0.01416	0.00888	0.00739	0.00219	0.00770	0.00682	0.00734	0.09496
9	0.01772	0.01993	0.04181	0.03032	0.03694	0.01974	0.57065	0.02347	0.01704	0.02347	0.01461	0.01993	0.01130	0.00734	0.01113	0.00266	0.10958	0.00863	0.00377	0.00997
10	0.01695	0.04924	0.06014	0.16367	0.06492	0.08293	0.01500	0.06591	0.01731	0.05070	0.02422	0.18784	0.05949	0.01282	0.00998	0.00261	0.09203	0.01042	0.00507	0.00876
11	0.01710	0.06275	0.27829	0.02817	0.07526	0.01908	0.36026	0.02406	0.01706	0.02391	0.01442	0.01834	0.01076	0.00671	0.00803	0.00244	0.01176	0.00737	0.00357	0.01067
12	0.00917	0.00748	0.00812	0.00841	0.01049	0.00642	0.00614	0.01112	0.01711	0.02114	0.12298	0.20096	0.50450	0.01978	0.00910	0.00265	0.00393	0.01690	0.00716	0.00642
13	0.01074	0.00775	0.01014	0.00954	0.01133	0.00716	0.00716	0.01431	0.02147	0.03042	0.68211	0.05666	0.07157	0.01551	0.00895	0.00239	0.00358	0.01372	0.00835	0.00716
14	0.04094	0.01931	0.17932	0.23938	0.10917	0.01526	0.05488	0.02074	0.03816	0.02415	0.12936	0.05566	0.02284	0.00945	0.00779	0.00246	0.00875	0.00839	0.00459	0.00939
15	0.01693	0.01435	0.02313	0.46394	0.15989	0.01651	0.01987	0.05670	0.01724	0.06151	0.01679	0.02494	0.01356	0.00860	0.00778	0.00252	0.00937	0.05259	0.00429	0.00948
16	0.01746	0.01290	0.01422	0.01261	0.01630	0.01371	0.00983	0.07434	0.30812	0.08713	0.15461	0.04041	0.14829	0.01259	0.00804	0.00246	0.00529	0.01055	0.04106	0.01007
17	0.00920	0.00769	0.00801	0.00793	0.01039	0.00650	0.00595	0.01134	0.01785	0.02181	0.15754	0.07082	0.60152	0.01872	0.00896	0.00254	0.00381	0.01570	0.00722	0.00650
18	0.01550	0.03724	0.62517	0.02272	0.03355	0.01778	0.09498	0.02405	0.01621	0.02405	0.01380	0.01649	0.00981	0.00712	0.00739	0.00242	0.01138	0.00596	0.00327	0.01111
19	0.01476	0.01106	0.01639	0.01662	0.05105	0.01101	0.06852	0.02025	0.08695	0.06626	0.08039	0.10032	0.05620	0.01685	0.00953	0.00305	0.00699	0.34855	0.00688	0.00837
20	0.01315	0.01038	0.01332	0.01499	0.06292	0.01059	0.01124	0.01929	0.12824	0.02385	0.06916	0.06553	0.14146	0.06245	0.01126	0.00329	0.00633	0.31778	0.00680	0.00796
21	0.01282	0.04675	0.03246	0.01289	0.01552	0.01079	0.05631	0.05414	0.04521	0.02262	0.06181	0.23778	0.15225	0.09330	0.01214	0.00328	0.00626	0.10983	0.00636	0.00746
22	0.02115	0.01669	0.01869	0.06188	0.02136	0.04543	0.01275	0.32369	0.02454	0.03327	0.02056	0.06388	0.03559	0.03973	0.07885	0.00349	0.07140	0.00803	0.05069	0.04833
23	0.13058	0.05589	0.28702	0.09181	0.07176	0.01760	0.11571	0.02312	0.04410	0.02492	0.01576	0.06017	0.01293	0.00817	0.00722	0.00244	0.00963	0.00710	0.00400	0.01005
24	0.01703	0.01706	0.02851	0.15131	0.10165	0.06489	0.24913	0.02173	0.01704	0.02354	0.05291	0.02266	0.01561	0.00812	0.00902	0.00241	0.06157	0.00785	0.11877	0.00921
25	0.01829	0.16247	0.05097	0.06370	0.02025	0.01635	0.01174	0.12564	0.01948	0.05538	0.04968	0.06597	0.05945	0.00947	0.00666	0.00196	0.00670	0.00756	0.08825	0.16003

[dist]
# distance from previous block
# <min> <max>
0	4

[block]
# block no. 4 follows, 26 sequences, length 12
# corresponding to MSA columns:
# 189-200
name=unknown_E
#
# <colnr> <probs for GDERKNQSTAVLIFYWHMCP>
#	G	D	E	R	K	N	Q	S	T	A	V	L	I	F	Y	W	H	M	C	P
0	0.08976	0.01995	0.02367	0.01815	0.02399	0.04675	0.10252	0.42853	0.02897	0.07322	0.01788	0.01880	0.01286	0.00851	0.00738	0.00228	0.00860	0.00688	0.04965	0.01166
1	0.02833	0.03615	0.02149	0.01954	0.02345	0.70298	0.01466	0.03029	0.02149	0.01856	0.01172	0.01368	0.00977	0.00782	0.00684	0.00195	0.01368	0.00489	0.00391	0.00879
2	0.01042	0.00759	0.00981	0.00958	0.01122	0.00697	0.00706	0.01359	0.02026	0.02829	0.55734	0.15126	0.10448	0.01687	0.00905	0.00249	0.00371	0.01495	0.00809	0.00697
3	0.00918	0.00734	0.00821	0.00874	0.01056	0.00638	0.00627	0.01102	0.01669	0.02082	0.10762	0.28205	0.43766	0.02041	0.00919	0.00272	0.00400	0.01763	0.00713	0.00638
4	0.01730	0.01012	0.01045	0.00931	0.01200	0.01061	0.00726	0.15616	0.02016	0.03248	0.02334	0.02611	0.01803	0.00889	0.00579	0.00188	0.00457	0.00702	0.61018	0.00832
5	0.05063	0.06629	0.01804	0.01382	0.01763	0.07901	0.01097	0.18126	0.07291	0.11343	0.02051	0.02504	0.01675	0.11787	0.03950	0.00337	0.04536	0.00729	0.09060	0.00972
6	0.49340	0.07888	0.01661	0.10087	0.02096	0.01802	0.01099	0.06774	0.01587	0.09690	0.01338	0.01506	0.00996	0.00744	0.00557	0.00230	0.00684	0.00498	0.00506	0.00917
7	0.01088	0.00794	0.01124	0.01124	0.01227	0.00897	0.00830	0.01294	0.01191	0.01691	0.02118	0.03459	0.02104	0.22024	0.54286	0.01102	0.01719	0.00883	0.00419	0.00625
8	0.02261	0.49270	0.03403	0.01647	0.05558	0.16408	0.01399	0.08344	0.01861	0.02113	0.01169	0.01338	0.01015	0.00701	0.00565	0.00178	0.00930	0.00462	0.00381	0.00996
9	0.01812	0.01721	0.02846	0.14283	0.53671	0.01792	0.02201	0.02412	0.07170	0.02456	0.01554	0.01978	0.01266	0.00718	0.00754	0.00232	0.00892	0.00691	0.00403	0.01148
10	0.01337	0.05102	0.03685	0.01182	0.01426	0.01151	0.00962	0.03883	0.08705	0.02331	0.06329	0.13605	0.09333	0.05944	0.12573	0.00441	0.03441	0.06647	0.11146	0.00776
11	0.02405	0.15448	0.02565	0.04730	0.13208	0.21866	0.01534	0.09896	0.10673	0.08067	0.01675	0.01792	0.01301	0.00799	0.00688	0.00211	0.00956	0.00604	0.00511	0.01070

[dist]
# distance from previous block
# <min> <max>
0	37

[block]
# block no. 5 follows, 26 sequences, length 61
# corresponding to MSA columns:
# 238-298
name=unknown_F
#
# <colnr> <probs for GDERKNQSTAVLIFYWHMCP>
#	G	D	E	R	K	N	Q	S	T	A	V	L	I	F	Y	W	H	M	C	P
0	0.01667	0.01662	0.02525	0.13748	0.05643	0.07610	0.17616	0.02045	0.01572	0.02171	0.01707	0.08309	0.01531	0.01019	0.01171	0.00260	0.17225	0.00848	0.10807	0.00865
1	0.02491	0.01845	0.02030	0.01612	0.02076	0.02072	0.01308	0.49464	0.02982	0.04069	0.01905	0.04296	0.01524	0.05906	0.01114	0.00270	0.07126	0.00757	0.06022	0.01131
2	0.02883	0.02125	0.02276	0.01745	0.02352	0.02352	0.01442	0.66082	0.03566	0.04780	0.01821	0.01821	0.01290	0.00911	0.00759	0.00228	0.00835	0.00683	0.00759	0.01290
3	0.01793	0.09038	0.01898	0.03622	0.01929	0.03707	0.01102	0.06406	0.09264	0.05340	0.04391	0.04730	0.01790	0.03175	0.00863	0.00205	0.04618	0.02530	0.00534	0.33065
4	0.01124	0.00982	0.00983	0.00943	0.01213	0.03266	0.00713	0.01600	0.10372	0.02359	0.17189	0.06228	0.46876	0.01701	0.00872	0.00251	0.00443	0.01426	0.00724	0.00735
5	0.01120	0.00815	0.01030	0.01005	0.01179	0.00770	0.00746	0.04073	0.02015	0.02784	0.46041	0.16785	0.10594	0.03984	0.01001	0.00271	0.00419	0.03877	0.00784	0.00709
6	0.01674	0.07058	0.55560	0.02312	0.08979	0.01868	0.02590	0.06852	0.01747	0.02545	0.01384	0.01622	0.01006	0.00726	0.00714	0.00234	0.01066	0.00572	0.00356	0.01133
7	0.01027	0.00696	0.00927	0.01053	0.01133	0.00645	0.00719	0.01192	0.01563	0.04354	0.12119	0.62093	0.05177	0.02225	0.00952	0.00297	0.00437	0.02011	0.00728	0.00651
8	0.00924	0.00660	0.00880	0.01056	0.01100	0.00616	0.00704	0.01056	0.01452	0.01936	0.04181	0.72848	0.05017	0.02376	0.00968	0.00308	0.00440	0.02156	0.00704	0.00616
9	0.02063	0.01772	0.01811	0.01587	0.02040	0.04460	0.01244	0.12793	0.55826	0.03353	0.02837	0.02633	0.02121	0.01003	0.00767	0.00251	0.00662	0.00819	0.00756	0.01201
10	0.05054	0.02019	0.02028	0.01617	0.02141	0.06908	0.01312	0.49612	0.05470	0.04206	0.01936	0.04407	0.01478	0.00949	0.00733	0.00225	0.00801	0.00721	0.07214	0.01170
11	0.02419	0.01684	0.01905	0.01458	0.02028	0.01687	0.01182	0.35332	0.02617	0.10449	0.01761	0.01871	0.01305	0.00967	0.00899	0.07126	0.00721	0.00622	0.00650	0.23317
12	0.03105	0.01623	0.01948	0.01509	0.02093	0.01626	0.01242	0.26787	0.07247	0.40718	0.02566	0.02318	0.01691	0.00935	0.00762	0.00234	0.00712	0.00740	0.00861	0.01284
13	0.01318	0.00659	0.00988	0.00988	0.00988	0.00659	0.00659	0.00988	0.00988	0.01318	0.01318	0.02306	0.01318	0.02635	0.02964	0.77931	0.00659	0.00659	0.00329	0.00329
14	0.11266	0.09730	0.16702	0.01473	0.02055	0.04145	0.03604	0.12112	0.06482	0.02969	0.01769	0.01959	0.01352	0.00803	0.00630	0.00213	0.00758	0.00612	0.20385	0.00981
15	0.00951	0.00685	0.00859	0.00986	0.01047	0.00638	0.00649	0.01068	0.01426	0.01872	0.04280	0.54261	0.11782	0.14027	0.01437	0.00373	0.00482	0.01920	0.00664	0.00593
16	0.01145	0.00716	0.00959	0.01082	0.01175	0.00661	0.00741	0.01292	0.01516	0.07931	0.04075	0.66580	0.04737	0.02248	0.00950	0.00302	0.00458	0.02032	0.00725	0.00676
17	0.01102	0.00818	0.01058	0.01156	0.01237	0.00833	0.00809	0.05656	0.01584	0.02129	0.03838	0.63916	0.04532	0.02215	0.01038	0.00304	0.04440	0.01970	0.00687	0.00675
18	0.01986	0.02790	0.27916	0.02515	0.13362	0.06330	0.09072	0.14635	0.08719	0.02910	0.01641	0.01845	0.01221	0.00776	0.00754	0.00236	0.01012	0.00664	0.00469	0.01148
19	0.01432	0.01348	0.02275	0.71520	0.05224	0.01685	0.02107	0.01938	0.01517	0.01938	0.01348	0.02022	0.01011	0.00758	0.00758	0.00253	0.01011	0.00674	0.00337	0.00843
20	0.01235	0.00812	0.01021	0.00959	0.01181	0.00729	0.00722	0.01538	0.02016	0.08659	0.45662	0.10430	0.18906	0.01629	0.00888	0.00247	0.00395	0.01419	0.00809	0.00745
21	0.74886	0.01461	0.01172	0.04479	0.01652	0.01701	0.00885	0.02215	0.01302	0.03331	0.01071	0.01271	0.00831	0.00707	0.00484	0.00236	0.00608	0.00424	0.00463	0.00822
22	0.02012	0.61921	0.03701	0.01403	0.01967	0.02891	0.01350	0.04536	0.01566	0.01899	0.01075	0.01296	0.00988	0.00746	0.00754	0.00186	0.09954	0.00449	0.00341	0.00966
23	0.10140	0.31566	0.04678	0.01533	0.05604	0.06391	0.01286	0.10467	0.01951	0.07291	0.10538	0.02059	0.01922	0.00844	0.00629	0.00202	0.00766	0.00624	0.00515	0.00996
24	0.01066	0.00767	0.00901	0.00927	0.01072	0.00722	0.00659	0.01328	0.03528	0.02258	0.18871	0.19535	0.19489	0.14238	0.01399	0.00344	0.00470	0.04536	0.07244	0.00646
25	0.01222	0.00873	0.01222	0.01397	0.01572	0.00873	0.01222	0.01572	0.01746	0.02270	0.04016	0.08556	0.04365	0.02095	0.01048	0.00349	0.00698	0.63506	0.00698	0.00698
26	0.01272	0.00817	0.01024	0.00961	0.01151	0.00752	0.00706	0.01536	0.01886	0.08493	0.40310	0.05561	0.12924	0.15186	0.01452	0.00339	0.00471	0.03698	0.00752	0.00709
27	0.01136	0.00890	0.01320	0.01289	0.01412	0.01073	0.01013	0.01397	0.01214	0.01767	0.01937	0.02860	0.01814	0.05291	0.64156	0.01138	0.08402	0.00799	0.00400	0.00691
28	0.00922	0.00670	0.00870	0.01030	0.01093	0.00618	0.00693	0.01059	0.01477	0.01946	0.04493	0.67001	0.10662	0.02336	0.00962	0.00303	0.00435	0.02107	0.00704	0.00618
29	0.00924	0.00660	0.00880	0.01056	0.01100	0.00616	0.00704	0.01056	0.01452	0.01936	0.04181	0.72848	0.05017	0.02376	0.00968	0.00308	0.00440	0.02156	0.00704	0.00616
30	0.01703	0.01626	0.02732	0.12390	0.31957	0.04222	0.12446	0.02101	0.01666	0.02247	0.01774	0.02867	0.01608	0.01049	0.01003	0.06874	0.00947	0.09410	0.00413	0.00968
31	0.02206	0.02387	0.02347	0.01979	0.02265	0.26786	0.07411	0.08892	0.01852	0.02261	0.01292	0.01683	0.01096	0.00994	0.01382	0.00255	0.27865	0.00626	0.05516	0.00904
32	0.02146	0.01630	0.01766	0.01537	0.01999	0.01834	0.01210	0.09023	0.54425	0.11061	0.02973	0.02719	0.02181	0.01009	0.00770	0.00252	0.00625	0.00832	0.00790	0.01218
33	0.02550	0.01867	0.02011	0.01600	0.02117	0.02056	0.01299	0.52328	0.06776	0.04301	0.02148	0.08283	0.01725	0.01046	0.00762	0.00233	0.00753	0.00826	0.06137	0.01184
34	0.00903	0.00769	0.00778	0.00776	0.01029	0.00643	0.00582	0.01102	0.01745	0.02087	0.10019	0.07237	0.65945	0.01907	0.00896	0.00255	0.00383	0.01592	0.00709	0.00643
35	0.01103	0.00735	0.00827	0.00827	0.00827	0.00735	0.00460	0.01103	0.01103	0.01471	0.02390	0.04964	0.02758	0.73343	0.03861	0.00735	0.00735	0.01103	0.00460	0.00460
36	0.00965	0.00688	0.00916	0.01073	0.01134	0.00649	0.00742	0.01125	0.01505	0.02011	0.07659	0.60968	0.04997	0.04828	0.01074	0.00323	0.00469	0.07548	0.00702	0.00623
37	0.01576	0.01289	0.01628	0.11367	0.02239	0.01081	0.01064	0.01903	0.01560	0.04672	0.01545	0.05218	0.01332	0.00764	0.00699	0.02787	0.00627	0.00584	0.00459	0.57606
38	0.01203	0.00821	0.01017	0.01059	0.01214	0.00791	0.00750	0.01540	0.07127	0.06689	0.09977	0.39701	0.12990	0.07317	0.03816	0.00352	0.00536	0.01678	0.00708	0.00715
39	0.07206	0.01439	0.01795	0.01610	0.07799	0.01330	0.03471	0.12819	0.01919	0.05657	0.01958	0.13431	0.01812	0.00959	0.00693	0.00193	0.00650	0.00818	0.00557	0.33884
40	0.18402	0.08653	0.04544	0.18569	0.02705	0.04430	0.04604	0.02032	0.01457	0.02326	0.01440	0.06503	0.01282	0.00922	0.00935	0.00243	0.11850	0.00678	0.03387	0.05037
41	0.10045	0.02363	0.05347	0.08089	0.34802	0.22088	0.01921	0.02501	0.01787	0.02348	0.01305	0.01658	0.01072	0.00718	0.00701	0.00220	0.01024	0.00588	0.00385	0.01038
42	0.01985	0.01762	0.02868	0.09433	0.50621	0.03962	0.04824	0.02423	0.01767	0.08352	0.01637	0.02149	0.01335	0.00752	0.00766	0.00232	0.00912	0.02638	0.00434	0.01147
43	0.01553	0.01507	0.02119	0.01851	0.01871	0.02072	0.01527	0.01733	0.01180	0.01821	0.01254	0.04426	0.01266	0.01967	0.11782	0.00453	0.59724	0.00738	0.00356	0.00801
44	0.01561	0.01636	0.05155	0.07311	0.02704	0.01773	0.22181	0.01936	0.01457	0.02103	0.01659	0.08121	0.01545	0.04044	0.03975	0.00334	0.25755	0.00887	0.05005	0.00858
45	0.01790	0.02046	0.04476	0.03197	0.03964	0.01918	0.65857	0.02430	0.01790	0.02430	0.01535	0.02046	0.01151	0.00639	0.00895	0.00256	0.01279	0.00895	0.00384	0.01023
46	0.01074	0.00775	0.01014	0.00954	0.01133	0.00716	0.00716	0.01431	0.02147	0.03042	0.68211	0.05666	0.07157	0.01551	0.00895	0.00239	0.00358	0.01372	0.00835	0.00716
47	0.10865	0.01497	0.01772	0.01407	0.01962	0.01494	0.01151	0.13882	0.12005	0.41910	0.02614	0.02354	0.01737	0.00923	0.00733	0.00237	0.00664	0.00727	0.00836	0.01229
48	0.78701	0.01467	0.01115	0.00997	0.01467	0.01702	0.00821	0.02230	0.01291	0.03403	0.01056	0.01232	0.00821	0.00704	0.00469	0.00235	0.00587	0.00411	0.00469	0.00821
49	0.01550	0.01232	0.01429	0.01137	0.01597	0.01065	0.00866	0.09385	0.01771	0.02582	0.06440	0.11242	0.02266	0.11043	0.01119	0.00246	0.00590	0.00844	0.00546	0.43048
50	0.01515	0.01287	0.01511	0.01117	0.01735	0.00976	0.00881	0.01834	0.01562	0.02424	0.01601	0.07931	0.01471	0.00724	0.00598	0.00130	0.00551	0.00602	0.00472	0.71079
51	0.00967	0.00760	0.00878	0.00905	0.01102	0.00671	0.00676	0.01200	0.01785	0.02285	0.21455	0.17802	0.38631	0.01919	0.00918	0.00267	0.00409	0.05976	0.00735	0.00659
52	0.02411	0.02173	0.01823	0.01548	0.01978	0.21239	0.01216	0.26727	0.09643	0.03308	0.02067	0.02155	0.03289	0.00909	0.00697	0.00212	0.00852	0.00677	0.16048	0.01029
53	0.01790	0.18173	0.02575	0.15325	0.09738	0.12376	0.05980	0.03928	0.01739	0.02073	0.02372	0.02642	0.12181	0.01190	0.04582	0.00274	0.00976	0.00761	0.00426	0.00899
54	0.01227	0.00956	0.01280	0.01553	0.09875	0.00945	0.00960	0.05890	0.04029	0.02232	0.03757	0.48032	0.08289	0.05918	0.01074	0.00310	0.00545	0.01720	0.00655	0.00753
55	0.01497	0.03822	0.01566	0.07655	0.03779	0.01107	0.07804	0.01856	0.01622	0.04430	0.08439	0.03002	0.02257	0.07372	0.00988	0.00255	0.02573	0.00811	0.38388	0.00777
56	0.01690	0.01412	0.01839	0.06909	0.21293	0.07275	0.01350	0.01958	0.01608	0.08017	0.02480	0.11619	0.06265	0.13925	0.05915	0.00387	0.00871	0.00983	0.00505	0.03700
57	0.04119	0.09561	0.16308	0.16923	0.33949	0.01892	0.02227	0.02257	0.01627	0.02313	0.01348	0.01762	0.01080	0.00699	0.00710	0.00228	0.00948	0.00616	0.00354	0.01079
58	0.01706	0.01216	0.01423	0.01381	0.03975	0.01285	0.01000	0.16157	0.10524	0.05057	0.02881	0.17938	0.02859	0.15651	0.01430	0.00357	0.00652	0.07581	0.06058	0.00871
59	0.01644	0.01387	0.01741	0.01614	0.05484	0.04197	0.05548	0.13292	0.03578	0.02600	0.02577	0.26020	0.02694	0.06536	0.01090	0.00281	0.02996	0.02984	0.00592	0.13145
60	0.01848	0.01893	0.09220	0.02645	0.26278	0.05795	0.01697	0.12686	0.04364	0.02864	0.10079	0.09675	0.02375	0.01030	0.00776	0.00235	0.00794	0.00900	0.03800	0.01047

[dist]
# distance from previous block
# <min> <max>
32	171

[block]
# block no. 6 follows, 26 sequences, length 14
# corresponding to MSA columns:
# 487-500
name=unknown_G
#
# <colnr> <probs for GDERKNQSTAVLIFYWHMCP>
#	G	D	E	R	K	N	Q	S	T	A	V	L	I	F	Y	W	H	M	C	P
0	0.01835	0.05244	0.18751	0.01884	0.09974	0.01531	0.01619	0.09535	0.05728	0.08347	0.14848	0.02592	0.02427	0.00911	0.00737	0.00216	0.00752	0.00760	0.00573	0.11737
1	0.01837	0.01842	0.04986	0.08518	0.39862	0.04744	0.08003	0.06665	0.01830	0.02512	0.01711	0.08753	0.01540	0.00863	0.00778	0.00234	0.00914	0.00822	0.00433	0.03153
2	0.01626	0.01484	0.01933	0.07461	0.02180	0.04590	0.05840	0.05339	0.06987	0.02392	0.05650	0.11498	0.02081	0.01152	0.01186	0.00247	0.18434	0.00891	0.04308	0.14722
3	0.29575	0.01543	0.02044	0.19808	0.14149	0.01740	0.05386	0.04589	0.06915	0.02787	0.01449	0.01804	0.01130	0.00913	0.03036	0.00274	0.00850	0.00612	0.00447	0.00947
4	0.01856	0.01770	0.02972	0.04404	0.63852	0.01746	0.02226	0.02298	0.01716	0.02478	0.01421	0.01856	0.01196	0.00668	0.00737	0.00217	0.00877	0.00660	0.00381	0.06671
5	0.01406	0.01264	0.02029	0.55231	0.04283	0.01565	0.01805	0.01822	0.01448	0.01917	0.01505	0.02391	0.01264	0.09518	0.01230	0.00312	0.05453	0.00727	0.04039	0.00789
6	0.02138	0.01660	0.02092	0.06825	0.14777	0.01796	0.01471	0.33620	0.02538	0.03452	0.02086	0.11784	0.01862	0.03577	0.04278	0.00303	0.00846	0.00904	0.02917	0.01077
7	0.01432	0.01348	0.02275	0.71520	0.05224	0.01685	0.02107	0.01938	0.01517	0.01938	0.01348	0.02022	0.01011	0.00758	0.00758	0.00253	0.01011	0.00674	0.00337	0.00843
8	0.01340	0.01166	0.01649	0.01338	0.01783	0.00967	0.08806	0.01636	0.01565	0.02259	0.02669	0.26797	0.05761	0.01271	0.00761	0.00205	0.00599	0.01156	0.00543	0.37731
9	0.01357	0.00972	0.01171	0.01080	0.01231	0.01028	0.00756	0.09961	0.01490	0.02046	0.02162	0.03803	0.02233	0.40310	0.23080	0.00784	0.01127	0.00932	0.00484	0.03993
10	0.01851	0.05249	0.02424	0.18430	0.18654	0.08153	0.05554	0.11768	0.01944	0.02513	0.01920	0.14390	0.01811	0.01038	0.00782	0.00243	0.00897	0.00921	0.00482	0.00977
11	0.01395	0.00876	0.01380	0.01659	0.12988	0.00888	0.00981	0.01260	0.01141	0.01565	0.01404	0.02293	0.01351	0.02575	0.08906	0.56971	0.00831	0.00676	0.00345	0.00516
12	0.01650	0.01858	0.06773	0.15256	0.13219	0.01737	0.36547	0.02205	0.01694	0.02305	0.01711	0.08254	0.01466	0.00823	0.00848	0.00255	0.01095	0.00919	0.00399	0.00986
13	0.01554	0.01461	0.02482	0.60891	0.04933	0.01747	0.08059	0.05851	0.01666	0.02156	0.01394	0.02012	0.01041	0.00756	0.00771	0.00252	0.01026	0.00695	0.00367	0.00887

[dist]
# distance from previous block
# <min> <max>
0	3

[block]
# block no. 7 follows, 26 sequences, length 12
# corresponding to MSA columns:
# 504-515
name=unknown_H
#
# <colnr> <probs for GDERKNQSTAVLIFYWHMCP>
#	G	D	E	R	K	N	Q	S	T	A	V	L	I	F	Y	W	H	M	C	P
0	0.07223	0.01543	0.02466	0.33268	0.25464	0.01706	0.04895	0.05320	0.01700	0.02397	0.01774	0.02232	0.05207	0.00801	0.00750	0.00241	0.00909	0.00723	0.00405	0.00978
1	0.01762	0.01728	0.02800	0.16710	0.42813	0.04975	0.06623	0.02207	0.01703	0.02312	0.01649	0.04941	0.01463	0.00833	0.00783	0.00241	0.00943	0.04058	0.00399	0.01057
2	0.01620	0.01758	0.06718	0.20340	0.08037	0.05178	0.16552	0.02062	0.01576	0.02172	0.01648	0.07503	0.01442	0.00953	0.01061	0.00259	0.12494	0.00826	0.06905	0.00898
3	0.04795	0.01567	0.02337	0.52753	0.13955	0.05352	0.02027	0.04412	0.01646	0.02176	0.01356	0.01927	0.01039	0.00751	0.00741	0.00244	0.00990	0.00654	0.00366	0.00912
4	0.04945	0.01639	0.03052	0.07700	0.12731	0.01644	0.29931	0.02069	0.01623	0.02316	0.01873	0.13702	0.01763	0.00995	0.00965	0.00257	0.06507	0.00995	0.00435	0.04857
5	0.01376	0.01098	0.04318	0.01184	0.01428	0.00997	0.00935	0.08649	0.01875	0.06572	0.13589	0.32689	0.15165	0.01797	0.00973	0.00273	0.04040	0.01548	0.00708	0.00785
6	0.02202	0.16502	0.02576	0.02256	0.16756	0.19294	0.01521	0.10288	0.11117	0.02526	0.02003	0.02122	0.05948	0.00861	0.00696	0.00212	0.00915	0.00666	0.00493	0.01046
7	0.01711	0.01029	0.01194	0.01053	0.01341	0.00984	0.00785	0.09899	0.01865	0.12583	0.06648	0.13018	0.10239	0.14369	0.01320	0.00319	0.00558	0.01098	0.13713	0.06276
8	0.07114	0.02326	0.19744	0.02498	0.05420	0.01767	0.31032	0.02269	0.01630	0.02436	0.01494	0.04343	0.01207	0.00771	0.00907	0.00245	0.06197	0.00762	0.00387	0.07454
9	0.24504	0.02695	0.30507	0.02183	0.13877	0.06563	0.01959	0.02335	0.01575	0.02660	0.01496	0.01728	0.03385	0.00755	0.00655	0.00233	0.00916	0.00568	0.00393	0.01012
10	0.02232	0.07071	0.01926	0.01557	0.04011	0.15226	0.01186	0.14784	0.10731	0.09396	0.09061	0.04476	0.02225	0.05408	0.00919	0.00248	0.00794	0.00784	0.03271	0.04694
11	0.07630	0.19401	0.02406	0.05854	0.05386	0.05768	0.01336	0.17176	0.05144	0.02838	0.01562	0.01807	0.01257	0.00997	0.03019	0.00249	0.07298	0.00597	0.09283	0.00993

[dist]
# distance from previous block
# <min> <max>
16	53

[block]
# block no. 8 follows, 26 sequences, length 6
# corresponding to MSA columns:
# 569-574
name=unknown_I
#
# <colnr> <probs for GDERKNQSTAVLIFYWHMCP>
#	G	D	E	R	K	N	Q	S	T	A	V	L	I	F	Y	W	H	M	C	P
0	0.02124	0.04623	0.02015	0.01774	0.04902	0.26778	0.03743	0.09783	0.04820	0.02375	0.01922	0.10262	0.01838	0.04994	0.00968	0.00250	0.03131	0.04071	0.00507	0.09122
1	0.06189	0.01441	0.09857	0.03812	0.01905	0.01191	0.05200	0.06941	0.05366	0.06284	0.10699	0.28142	0.03357	0.01546	0.00936	0.03704	0.00656	0.01295	0.00630	0.00847
2	0.01604	0.01666	0.05627	0.02432	0.11474	0.01714	0.18332	0.02033	0.04305	0.02157	0.01651	0.07187	0.01510	0.01487	0.06919	0.04917	0.19507	0.00841	0.00408	0.04229
3	0.01330	0.00887	0.01110	0.00999	0.01253	0.00870	0.05806	0.01766	0.05369	0.02570	0.03620	0.03816	0.17349	0.01407	0.04909	0.00270	0.00551	0.00945	0.44431	0.00743
4	0.11404	0.01797	0.01991	0.07563	0.02369	0.01956	0.01331	0.40540	0.02738	0.06613	0.01703	0.01839	0.01252	0.01100	0.04500	0.00273	0.00851	0.00637	0.00646	0.08897
5	0.01281	0.00718	0.00754	0.00762	0.00939	0.00692	0.00565	0.01598	0.01647	0.02679	0.08948	0.08722	0.11343	0.01185	0.00641	0.00202	0.00364	0.00987	0.55281	0.00692

[dist]
# distance from previous block
# <min> <max>
4	11

[block]
# block no. 9 follows, 26 sequences, length 20
# corresponding to MSA columns:
# 586-605
name=unknown_J
#
# <colnr> <probs for GDERKNQSTAVLIFYWHMCP>
#	G	D	E	R	K	N	Q	S	T	A	V	L	I	F	Y	W	H	M	C	P
0	0.01348	0.01138	0.01798	0.01696	0.08160	0.01089	0.11022	0.05044	0.02047	0.02850	0.40974	0.06959	0.07319	0.03975	0.00985	0.00261	0.00597	0.01220	0.00693	0.00825
1	0.02651	0.01676	0.01983	0.01825	0.09680	0.05792	0.01310	0.16045	0.08169	0.28192	0.05526	0.02342	0.01847	0.00893	0.00743	0.00220	0.00732	0.00726	0.00734	0.08914
2	0.01865	0.01959	0.06102	0.07427	0.51947	0.05281	0.04276	0.02317	0.01708	0.02390	0.01391	0.01831	0.01157	0.00706	0.00808	0.00227	0.03555	0.00659	0.00373	0.04022
3	0.23359	0.05739	0.11867	0.09965	0.02822	0.01760	0.17916	0.05416	0.01624	0.02670	0.03489	0.01832	0.01219	0.00867	0.00852	0.05712	0.00910	0.00648	0.00420	0.00911
4	0.01968	0.01277	0.01404	0.01221	0.01581	0.05669	0.00952	0.05619	0.10997	0.20095	0.24594	0.06226	0.12595	0.01312	0.00825	0.00241	0.00562	0.01105	0.00799	0.00957
5	0.01706	0.04622	0.15711	0.02626	0.15443	0.06307	0.16548	0.02307	0.05754	0.02291	0.01761	0.07872	0.01548	0.01258	0.06031	0.00320	0.05647	0.00827	0.00418	0.01004
6	0.01125	0.00965	0.01154	0.14477	0.01918	0.00949	0.00926	0.05331	0.01803	0.02199	0.06094	0.05938	0.51118	0.01633	0.00861	0.00254	0.00533	0.01364	0.00637	0.00720
7	0.02308	0.20649	0.02920	0.02201	0.11065	0.28007	0.08083	0.07805	0.02021	0.02283	0.04826	0.01732	0.01377	0.00771	0.00682	0.00202	0.01059	0.00597	0.00425	0.00985
8	0.01546	0.01464	0.02481	0.54426	0.21429	0.01715	0.02163	0.02038	0.01570	0.02076	0.01368	0.01985	0.01060	0.00737	0.00756	0.00246	0.00983	0.00675	0.00347	0.00934
9	0.01849	0.01973	0.03197	0.11019	0.22002	0.08430	0.22183	0.02287	0.01656	0.02218	0.01346	0.01857	0.01103	0.00808	0.01122	0.00255	0.14600	0.00725	0.00367	0.01003
10	0.02039	0.04087	0.01733	0.01373	0.01768	0.01686	0.01071	0.29360	0.11835	0.03297	0.02236	0.06434	0.01970	0.15837	0.03710	0.00362	0.00760	0.00856	0.04702	0.04885
11	0.01269	0.01170	0.04552	0.01922	0.15582	0.01033	0.01321	0.01612	0.01723	0.02245	0.04444	0.08132	0.22539	0.01690	0.00923	0.00290	0.00660	0.27473	0.00615	0.00804
12	0.01088	0.00729	0.00832	0.00846	0.00850	0.00725	0.00480	0.01099	0.01132	0.01510	0.02540	0.10643	0.02947	0.67406	0.03619	0.00700	0.00711	0.01191	0.00480	0.00473
13	0.12221	0.01042	0.01330	0.01247	0.01474	0.01197	0.00984	0.05673	0.01421	0.05727	0.01903	0.02643	0.01695	0.06043	0.48230	0.00921	0.04268	0.00748	0.00464	0.00768
14	0.02501	0.07785	0.02426	0.02377	0.15655	0.37044	0.01588	0.13295	0.02225	0.02470	0.01467	0.04931	0.01266	0.00848	0.00710	0.00210	0.01101	0.00632	0.00460	0.01007
15	0.01486	0.01080	0.01287	0.01266	0.01474	0.01114	0.00936	0.19239	0.02057	0.02747	0.03513	0.49738	0.03943	0.01953	0.00914	0.00288	0.00563	0.04873	0.00719	0.00808
16	0.01610	0.12129	0.55795	0.02226	0.06615	0.01918	0.04777	0.02383	0.01607	0.02333	0.01334	0.01585	0.00982	0.00707	0.00700	0.00231	0.01078	0.00560	0.00326	0.01104
17	0.02200	0.01829	0.01932	0.06875	0.02268	0.07137	0.01333	0.26174	0.19098	0.03380	0.02048	0.02162	0.01556	0.01075	0.02913	0.00263	0.05783	0.00708	0.07392	0.03874
18	0.02138	0.01475	0.01654	0.01366	0.01752	0.01598	0.01079	0.33169	0.04278	0.06768	0.06254	0.02798	0.02058	0.10951	0.10157	0.00418	0.00877	0.00809	0.09404	0.00998
19	0.02483	0.01801	0.02022	0.04137	0.02225	0.01972	0.01331	0.45570	0.05313	0.07495	0.02185	0.11329	0.01829	0.01107	0.00834	0.00240	0.02934	0.00881	0.00723	0.03588

[dist]
# distance from previous block
# <min> <max>
0	2

[block]
# block no. 10 follows, 26 sequences, length 30
# corresponding to MSA columns:
# 608-614,637-659
name=unknown_K
#
# <colnr> <probs for GDERKNQSTAVLIFYWHMCP>
#	G	D	E	R	K	N	Q	S	T	A	V	L	I	F	Y	W	H	M	C	P
0	0.08850	0.01033	0.01117	0.01043	0.01281	0.04893	0.00789	0.01705	0.01991	0.07193	0.45640	0.10281	0.08385	0.01467	0.00838	0.00242	0.00466	0.01261	0.00764	0.00762
1	0.01003	0.00712	0.00859	0.00943	0.01002	0.00676	0.00613	0.01099	0.01363	0.01782	0.03921	0.35257	0.12219	0.30122	0.02096	0.00471	0.00559	0.04135	0.00608	0.00561
2	0.01483	0.01252	0.01476	0.01114	0.01700	0.00956	0.00872	0.01791	0.01556	0.02397	0.01742	0.11496	0.01665	0.00814	0.00618	0.00140	0.00545	0.00687	0.00485	0.67210
3	0.01787	0.01869	0.10458	0.18639	0.15023	0.01659	0.05084	0.13268	0.01944	0.02706	0.01641	0.06462	0.01376	0.00831	0.00740	0.00222	0.00873	0.00732	0.00461	0.14223
4	0.09527	0.02296	0.12641	0.06163	0.36425	0.10766	0.02054	0.02516	0.05992	0.02499	0.01452	0.01773	0.01163	0.00726	0.00711	0.00228	0.00949	0.00619	0.00403	0.01094
5	0.01761	0.01834	0.02250	0.01949	0.01999	0.09783	0.01603	0.01935	0.01274	0.01826	0.01066	0.01692	0.01038	0.01482	0.05631	0.00360	0.60694	0.00652	0.00342	0.00828
6	0.00956	0.00765	0.00859	0.00870	0.01084	0.00667	0.00653	0.01189	0.01800	0.02280	0.21239	0.13343	0.44793	0.01888	0.00910	0.00262	0.00399	0.04650	0.00734	0.00658
7	0.00931	0.00663	0.00878	0.01047	0.01089	0.00621	0.00694	0.01058	0.01438	0.01918	0.04109	0.70148	0.04927	0.05199	0.01083	0.00325	0.00452	0.02114	0.00694	0.00610
8	0.06654	0.02395	0.02077	0.02206	0.13411	0.32463	0.01485	0.04697	0.01808	0.02137	0.01394	0.01816	0.01207	0.01809	0.15049	0.00424	0.07060	0.00603	0.00404	0.00901
9	0.02616	0.01903	0.02060	0.01651	0.02201	0.02108	0.01340	0.41757	0.23245	0.09479	0.02309	0.02196	0.01656	0.00950	0.00763	0.00237	0.00747	0.00744	0.00777	0.01262
10	0.00967	0.00682	0.00871	0.01001	0.01083	0.00633	0.00683	0.01138	0.01544	0.02099	0.09887	0.57172	0.10112	0.02171	0.00927	0.00289	0.00423	0.01949	0.05737	0.00633
11	0.01701	0.01604	0.02705	0.19674	0.47865	0.01676	0.02129	0.02156	0.01717	0.02406	0.07532	0.02258	0.01704	0.00775	0.00766	0.00233	0.00877	0.00739	0.00409	0.01075
12	0.01803	0.01401	0.01638	0.01186	0.01849	0.01118	0.00955	0.06769	0.01763	0.07504	0.01503	0.01665	0.01191	0.00615	0.00591	0.00130	0.00588	0.00489	0.00508	0.66736
13	0.07672	0.14020	0.02368	0.01777	0.02228	0.50730	0.01396	0.07383	0.02103	0.02156	0.01193	0.01369	0.00989	0.00766	0.00645	0.00195	0.01194	0.00485	0.00412	0.00919
14	0.01599	0.00998	0.01145	0.01051	0.01240	0.01022	0.00743	0.12369	0.01739	0.07377	0.02612	0.14185	0.02615	0.29707	0.04830	0.00471	0.00688	0.01088	0.13782	0.00737
15	0.02801	0.01610	0.01900	0.01494	0.02027	0.01656	0.01222	0.31470	0.04992	0.28872	0.08058	0.02534	0.02085	0.01216	0.04199	0.00281	0.00772	0.00785	0.00817	0.01207
16	0.44039	0.21745	0.01990	0.01127	0.01636	0.02046	0.00988	0.08058	0.01594	0.03029	0.01240	0.01410	0.00997	0.00722	0.00506	0.00209	0.00654	0.00458	0.06654	0.00898
17	0.02934	0.01699	0.01979	0.01531	0.02096	0.01751	0.01259	0.37202	0.02923	0.29046	0.07627	0.02420	0.01987	0.00973	0.00771	0.00231	0.00724	0.00769	0.00833	0.01244
