[name]
unknown

[dist]
# distance from previous block
# <min> <max>
61	121

[block]
# block no. 0 follows, 30 sequences, length 11
# corresponding to MSA columns:
# 167-177
name=unknown_A
#
# <colnr> <probs for GDERKNQSTAVLIFYWHMCP>
#	G	D	E	R	K	N	Q	S	T	A	V	L	I	F	Y	W	H	M	C	P
0	0.06078	0.01756	0.08126	0.07340	0.29356	0.01634	0.11974	0.08916	0.06297	0.02572	0.05675	0.01964	0.01459	0.00716	0.00700	0.00215	0.00825	0.00675	0.00433	0.03292
1	0.01679	0.01653	0.02696	0.18192	0.52164	0.04659	0.04635	0.02100	0.01569	0.02153	0.01292	0.01740	0.01059	0.00640	0.00695	0.00212	0.00881	0.00622	0.00339	0.01020
2	0.01717	0.02127	0.22289	0.16635	0.25882	0.01635	0.02049	0.07956	0.04396	0.06502	0.01459	0.01749	0.01093	0.00694	0.00686	0.00218	0.00876	0.00603	0.00400	0.01032
3	0.01536	0.02088	0.22329	0.27454	0.25454	0.01634	0.02158	0.05221	0.01570	0.02190	0.01288	0.01698	0.00985	0.00670	0.00686	0.00220	0.00919	0.00591	0.00336	0.00974
4	0.06494	0.01422	0.04982	0.22278	0.08936	0.01464	0.09441	0.05257	0.09846	0.02318	0.02046	0.03294	0.01836	0.01002	0.00758	0.00250	0.00808	0.16237	0.00471	0.00861
5	0.00960	0.01346	0.16371	0.00998	0.01405	0.00820	0.00988	0.01284	0.01586	0.02006	0.09239	0.05481	0.51971	0.01506	0.00789	0.00232	0.00501	0.01251	0.00577	0.00690
6	0.02822	0.01200	0.01573	0.01243	0.01742	0.01096	0.01014	0.03317	0.10815	0.58580	0.06817	0.02574	0.02069	0.00908	0.00710	0.00219	0.00573	0.00746	0.00838	0.01145
7	0.57963	0.06405	0.17009	0.01174	0.01750	0.01651	0.01190	0.02089	0.01265	0.02834	0.01034	0.01209	0.00793	0.00648	0.00484	0.00213	0.00662	0.00408	0.00393	0.00826
8	0.01111	0.00935	0.00991	0.00938	0.01208	0.00928	0.00715	0.01826	0.21220	0.02322	0.15671	0.05305	0.41242	0.01480	0.00792	0.00233	0.00407	0.01244	0.00684	0.00748
9	0.01732	0.55175	0.23207	0.01422	0.02143	0.02434	0.01591	0.02124	0.01434	0.01805	0.01051	0.01221	0.00892	0.00616	0.00509	0.00170	0.00828	0.00414	0.00297	0.00934
10	0.01647	0.01882	0.04118	0.02941	0.03647	0.01765	0.68588	0.02235	0.01647	0.02235	0.01412	0.01882	0.01059	0.00588	0.00824	0.00235	0.01176	0.00824	0.00353	0.00941

[dist]
# distance from previous block
# <min> <max>
0	5

[block]
# block no. 1 follows, 30 sequences, length 33
# corresponding to MSA columns:
# 183-215
name=unknown_B
#
# <colnr> <probs for GDERKNQSTAVLIFYWHMCP>
#	G	D	E	R	K	N	Q	S	T	A	V	L	I	F	Y	W	H	M	C	P
0	0.01792	0.64431	0.14474	0.01320	0.01986	0.02580	0.01414	0.02109	0.01427	0.01732	0.01015	0.01176	0.00894	0.00607	0.00482	0.00161	0.00791	0.00396	0.00298	0.00917
1	0.01447	0.01240	0.01447	0.01034	0.01654	0.00930	0.00827	0.01757	0.01447	0.02274	0.01240	0.01447	0.01034	0.00517	0.00517	0.00103	0.00517	0.00413	0.00413	0.79742
2	0.01870	0.01328	0.02018	0.05340	0.25333	0.01298	0.04732	0.04199	0.06093	0.17907	0.02684	0.03184	0.09889	0.00978	0.00742	0.00226	0.00693	0.07809	0.00564	0.03114
3	0.01385	0.01313	0.01292	0.01251	0.01430	0.13897	0.03013	0.07232	0.01631	0.02001	0.03186	0.41124	0.09385	0.03716	0.00962	0.00264	0.04256	0.01410	0.00567	0.00684
4	0.00850	0.00607	0.00810	0.00972	0.01012	0.00567	0.00648	0.00972	0.01336	0.01781	0.03846	0.75020	0.04615	0.02186	0.00891	0.00283	0.00405	0.01984	0.00648	0.00567
5	0.03131	0.01188	0.01619	0.01242	0.01781	0.01026	0.01026	0.03401	0.01997	0.71606	0.02753	0.02375	0.01727	0.00864	0.00702	0.00216	0.00594	0.00702	0.00864	0.01188
6	0.01866	0.75896	0.03657	0.01194	0.01791	0.02761	0.01194	0.02090	0.01418	0.01642	0.00970	0.01119	0.00896	0.00597	0.00448	0.00149	0.00746	0.00373	0.00299	0.00896
7	0.01561	0.01299	0.01498	0.01095	0.01689	0.01055	0.00876	0.09134	0.01646	0.02492	0.01373	0.03874	0.01167	0.00607	0.00549	0.00121	0.00541	0.00488	0.00453	0.68483
8	0.01866	0.75896	0.03657	0.01194	0.01791	0.02761	0.01194	0.02090	0.01418	0.01642	0.00970	0.01119	0.00896	0.00597	0.00448	0.00149	0.00746	0.00373	0.00299	0.00896
9	0.02653	0.01955	0.02094	0.01606	0.02164	0.02164	0.01326	0.68796	0.03281	0.04398	0.01675	0.01675	0.01187	0.00838	0.00698	0.00209	0.00768	0.00628	0.00698	0.01187
10	0.01290	0.00677	0.00724	0.03546	0.00986	0.00694	0.00559	0.01618	0.01448	0.02534	0.02221	0.02578	0.01753	0.00969	0.03115	0.00200	0.00405	0.00653	0.73375	0.00654
11	0.01015	0.00677	0.00761	0.00761	0.00761	0.00677	0.00423	0.01015	0.01015	0.01353	0.02199	0.04567	0.02537	0.75476	0.03552	0.00677	0.00677	0.01015	0.00423	0.00423
12	0.01279	0.00657	0.00684	0.00684	0.00844	0.00666	0.00516	0.01599	0.01439	0.02531	0.02247	0.02612	0.01785	0.01133	0.05710	0.00232	0.00437	0.00657	0.73639	0.00648
13	0.01428	0.03441	0.65904	0.02187	0.08897	0.01624	0.02541	0.02204	0.01483	0.02216	0.01258	0.01495	0.00903	0.00659	0.00665	0.00220	0.01014	0.00525	0.00299	0.01038
14	0.01015	0.00677	0.00761	0.00761	0.00761	0.00677	0.00423	0.01015	0.01015	0.01353	0.02199	0.04567	0.02537	0.75476	0.03552	0.00677	0.00677	0.01015	0.00423	0.00423
15	0.01841	0.02067	0.05450	0.09396	0.37598	0.15796	0.13362	0.02258	0.01655	0.02113	0.01275	0.01662	0.01033	0.00643	0.00701	0.00209	0.00990	0.00618	0.00345	0.00987
16	0.73628	0.07782	0.01253	0.00942	0.01388	0.01669	0.00794	0.02055	0.01207	0.03002	0.00972	0.01132	0.00768	0.00643	0.00433	0.00210	0.00558	0.00377	0.00420	0.00768
17	0.00961	0.00692	0.00909	0.00896	0.01037	0.00640	0.00656	0.01249	0.01850	0.02598	0.57593	0.18945	0.06197	0.01576	0.00836	0.00232	0.00344	0.01404	0.00744	0.00640
18	0.01617	0.05256	0.16898	0.02134	0.02598	0.06034	0.20452	0.02081	0.03329	0.01978	0.01189	0.01613	0.00982	0.00868	0.01331	0.00253	0.29535	0.00637	0.00331	0.00885
19	0.00842	0.00693	0.00741	0.00759	0.00961	0.00592	0.00558	0.01024	0.01588	0.01949	0.12107	0.16278	0.55898	0.01797	0.00834	0.00241	0.00359	0.01527	0.00658	0.00592
20	0.01527	0.01527	0.02137	0.01832	0.01832	0.02137	0.01527	0.01679	0.01069	0.01679	0.00916	0.01527	0.00916	0.01221	0.02290	0.00305	0.74198	0.00611	0.00305	0.00763
21	0.01407	0.01350	0.01908	0.01671	0.01699	0.01851	0.01379	0.01581	0.01081	0.01666	0.01132	0.01802	0.01103	0.02129	0.18223	0.00490	0.57833	0.00642	0.00321	0.00732
22	0.01727	0.01658	0.02832	0.04283	0.71123	0.01658	0.02142	0.02142	0.01589	0.02280	0.01313	0.01727	0.01105	0.00622	0.00691	0.00207	0.00829	0.00622	0.00345	0.01105
23	0.00917	0.00700	0.00843	0.00830	0.01005	0.00625	0.00614	0.01172	0.01775	0.02378	0.41873	0.13319	0.28163	0.01625	0.00831	0.00232	0.00346	0.01412	0.00714	0.00625
24	0.01127	0.00775	0.01077	0.01029	0.01165	0.00853	0.03143	0.01376	0.01235	0.01911	0.02036	0.05058	0.01878	0.11148	0.36432	0.00702	0.03835	0.00784	0.23813	0.00624
25	0.01804	0.52962	0.13736	0.01390	0.02000	0.02473	0.01431	0.05430	0.04201	0.01917	0.01118	0.01289	0.00958	0.00678	0.00636	0.00178	0.06094	0.00441	0.00334	0.00929
26	0.02365	0.01246	0.01555	0.01189	0.01731	0.01086	0.00966	0.05973	0.06784	0.37695	0.04881	0.02162	0.01691	0.00776	0.00646	0.00180	0.00563	0.00631	0.00692	0.27189
27	0.01564	0.13243	0.41150	0.04306	0.02874	0.01770	0.13840	0.02180	0.01498	0.04822	0.01359	0.03540	0.01053	0.00708	0.00720	0.00218	0.03241	0.00603	0.00338	0.00973
28	0.02100	0.01783	0.05226	0.01467	0.01961	0.04540	0.01221	0.37126	0.13809	0.03410	0.02030	0.10267	0.01698	0.00965	0.00699	0.00211	0.00696	0.00777	0.00631	0.09385
29	0.01530	0.01768	0.12146	0.04191	0.02523	0.03096	0.24045	0.09910	0.04467	0.02429	0.06548	0.13704	0.04280	0.01121	0.02777	0.00257	0.00876	0.00960	0.00484	0.02888
30	0.09146	0.01472	0.01850	0.01460	0.01956	0.01502	0.06817	0.23528	0.06922	0.24436	0.04197	0.05185	0.01779	0.00924	0.00705	0.00221	0.00675	0.03469	0.00688	0.03067
31	0.01712	0.18266	0.02474	0.01598	0.02028	0.01836	0.11670	0.08722	0.09395	0.04141	0.01917	0.05355	0.04003	0.00959	0.00921	0.00221	0.11826	0.05446	0.00470	0.07039
32	0.02057	0.28971	0.07516	0.01536	0.02081	0.15702	0.03997	0.14307	0.04302	0.02309	0.01239	0.01398	0.01010	0.00706	0.00663	0.00182	0.04482	0.00491	0.00408	0.06645

[dist]
# distance from previous block
# <min> <max>
2	22

[block]
# block no. 2 follows, 30 sequences, length 55
# corresponding to MSA columns:
# 238-292
name=unknown_C
#
# <colnr> <probs for GDERKNQSTAVLIFYWHMCP>
#	G	D	E	R	K	N	Q	S	T	A	V	L	I	F	Y	W	H	M	C	P
0	0.03916	0.06608	0.04330	0.01672	0.02072	0.07536	0.10463	0.16370	0.06800	0.02506	0.01604	0.05515	0.01377	0.01469	0.10448	0.00343	0.11800	0.00699	0.00464	0.04008
1	0.03991	0.01574	0.07923	0.01837	0.06855	0.01370	0.14556	0.04404	0.07992	0.15470	0.04259	0.05988	0.01756	0.00878	0.00785	0.00218	0.03994	0.03685	0.00538	0.11925
2	0.01999	0.01779	0.01692	0.01640	0.07593	0.16784	0.01175	0.13757	0.17765	0.07791	0.04624	0.05991	0.07741	0.03074	0.00797	0.00233	0.00744	0.03282	0.00597	0.00943
3	0.01537	0.01610	0.05855	0.04904	0.31594	0.05252	0.09420	0.01923	0.01564	0.02143	0.01948	0.10228	0.04274	0.00915	0.00727	0.00216	0.00796	0.05121	0.00415	0.09559
4	0.01589	0.01566	0.04795	0.14347	0.49343	0.01544	0.01938	0.04008	0.01596	0.02221	0.01766	0.05281	0.05389	0.00779	0.00708	0.00217	0.00802	0.00729	0.00381	0.01000
5	0.01053	0.00772	0.00944	0.00947	0.01125	0.00721	0.00688	0.01406	0.07054	0.04302	0.24227	0.31843	0.15445	0.01678	0.00823	0.00243	0.00396	0.01482	0.00685	0.04166
6	0.38462	0.06398	0.07203	0.01479	0.07072	0.14606	0.01173	0.02216	0.01438	0.04974	0.01172	0.01370	0.00926	0.00699	0.00602	0.00206	0.03998	0.00457	0.04716	0.00833
7	0.00941	0.00665	0.00788	0.00834	0.00885	0.00645	0.00527	0.01014	0.01190	0.01562	0.03308	0.24699	0.12362	0.40666	0.06410	0.00531	0.00624	0.01336	0.00514	0.00498
8	0.01447	0.01240	0.01447	0.01034	0.01654	0.00930	0.00827	0.01757	0.01447	0.02274	0.01240	0.01447	0.01034	0.00517	0.00517	0.00103	0.00517	0.00413	0.00413	0.79742
9	0.01080	0.00779	0.01069	0.01219	0.01373	0.00768	0.01042	0.01374	0.01581	0.02047	0.03931	0.13863	0.08468	0.01941	0.00948	0.00312	0.00602	0.56328	0.00643	0.00632
10	0.00831	0.00707	0.00716	0.00714	0.00947	0.00592	0.00535	0.01014	0.01606	0.01921	0.09590	0.06656	0.68297	0.01754	0.00825	0.00235	0.00353	0.01464	0.00653	0.00592
11	0.00861	0.00612	0.00807	0.00958	0.00996	0.00574	0.00633	0.00975	0.01315	0.01753	0.03738	0.70380	0.04479	0.07013	0.01066	0.00309	0.00423	0.01920	0.00633	0.00557
12	0.00857	0.00610	0.00808	0.00963	0.01002	0.00571	0.00639	0.00973	0.01323	0.01764	0.03781	0.72244	0.04533	0.05074	0.00996	0.00299	0.00416	0.01946	0.00639	0.00561
13	0.01527	0.01527	0.02137	0.01832	0.01832	0.02137	0.01527	0.01679	0.01069	0.01679	0.00916	0.01527	0.00916	0.01221	0.02290	0.00305	0.74198	0.00611	0.00305	0.00763
14	0.80405	0.01350	0.01026	0.00918	0.01350	0.01565	0.00756	0.02051	0.01188	0.03131	0.00972	0.01134	0.00756	0.00648	0.00432	0.00216	0.00540	0.00378	0.00432	0.00756
15	0.01015	0.00677	0.00761	0.00761	0.00761	0.00677	0.00423	0.01015	0.01015	0.01353	0.02199	0.04567	0.02537	0.75476	0.03552	0.00677	0.00677	0.01015	0.00423	0.00423
16	0.80405	0.01350	0.01026	0.00918	0.01350	0.01565	0.00756	0.02051	0.01188	0.03131	0.00972	0.01134	0.00756	0.00648	0.00432	0.00216	0.00540	0.00378	0.00432	0.00756
17	0.03131	0.01188	0.01619	0.01242	0.01781	0.01026	0.01026	0.03401	0.01997	0.71606	0.02753	0.02375	0.01727	0.00864	0.00702	0.00216	0.00594	0.00702	0.00864	0.01188
18	0.02653	0.01955	0.02094	0.01606	0.02164	0.02164	0.01326	0.68796	0.03281	0.04398	0.01675	0.01675	0.01187	0.00838	0.00698	0.00209	0.00768	0.00628	0.00698	0.01187
19	0.01000	0.00755	0.00931	0.00896	0.01076	0.00711	0.00668	0.01397	0.06332	0.02580	0.50828	0.11451	0.15727	0.01513	0.00822	0.00229	0.00354	0.01326	0.00736	0.00669
20	0.01012	0.00688	0.00821	0.00821	0.00842	0.00709	0.00498	0.01054	0.01033	0.01398	0.02144	0.04261	0.02404	0.63723	0.15124	0.00751	0.00876	0.00970	0.00415	0.00456
21	0.02653	0.01955	0.02094	0.01606	0.02164	0.02164	0.01326	0.68796	0.03281	0.04398	0.01675	0.01675	0.01187	0.00838	0.00698	0.00209	0.00768	0.00628	0.00698	0.01187
22	0.01212	0.00606	0.00909	0.00909	0.00909	0.00606	0.00606	0.00909	0.00909	0.01212	0.01212	0.02121	0.01212	0.02424	0.02727	0.79697	0.00606	0.00606	0.00303	0.00303
23	0.02319	0.02656	0.02054	0.02060	0.11424	0.44906	0.01425	0.09872	0.05035	0.02140	0.01457	0.01640	0.03498	0.00799	0.00765	0.00200	0.05886	0.00555	0.00417	0.00893
24	0.01391	0.01307	0.02163	0.54944	0.12890	0.01533	0.03770	0.01915	0.04904	0.01931	0.01413	0.04041	0.01130	0.00736	0.00702	0.00227	0.00878	0.00669	0.00349	0.03106
25	0.01373	0.00799	0.01056	0.00943	0.01175	0.00725	0.00725	0.01692	0.01979	0.15182	0.58516	0.04702	0.05710	0.01325	0.00801	0.00219	0.00377	0.01161	0.00785	0.00754
26	0.01124	0.00803	0.01124	0.01285	0.01446	0.00803	0.01124	0.01446	0.01606	0.02088	0.03695	0.07871	0.04016	0.01928	0.00964	0.00321	0.00643	0.66426	0.00643	0.00643
27	0.01687	0.01602	0.02720	0.04086	0.66534	0.01602	0.02075	0.02096	0.01590	0.02267	0.01469	0.02132	0.01297	0.00708	0.00709	0.00215	0.00817	0.04956	0.00365	0.01075
28	0.01417	0.01240	0.01598	0.18060	0.02391	0.01075	0.01087	0.01763	0.01435	0.02159	0.01240	0.01544	0.01009	0.00559	0.00559	0.00134	0.00614	0.00462	0.00389	0.61264
29	0.00861	0.00612	0.00807	0.00958	0.00996	0.00574	0.00633	0.00975	0.01315	0.01753	0.03738	0.70380	0.04479	0.07013	0.01066	0.00309	0.00423	0.01920	0.00633	0.00557
30	0.03131	0.01188	0.01619	0.01242	0.01781	0.01026	0.01026	0.03401	0.01997	0.71606	0.02753	0.02375	0.01727	0.00864	0.00702	0.00216	0.00594	0.00702	0.00864	0.01188
31	0.05077	0.04340	0.19505	0.12312	0.11538	0.01737	0.25843	0.04354	0.01569	0.02246	0.01295	0.01686	0.00986	0.00661	0.00777	0.00227	0.03902	0.00650	0.00344	0.00951
32	0.01206	0.00797	0.01024	0.05738	0.01374	0.00756	0.00771	0.01499	0.04316	0.10175	0.19200	0.28372	0.18840	0.01624	0.00819	0.00246	0.00439	0.01425	0.00680	0.00699
33	0.01755	0.01316	0.01460	0.01288	0.01652	0.01442	0.01005	0.08845	0.41247	0.09338	0.14239	0.06299	0.04875	0.01089	0.00739	0.00232	0.00526	0.00919	0.00728	0.01006
34	0.48968	0.01257	0.01197	0.08941	0.01724	0.01424	0.00896	0.06433	0.01429	0.07442	0.01369	0.01638	0.01059	0.03529	0.00621	0.00228	0.00581	0.00499	0.09975	0.00790
35	0.02562	0.01983	0.02202	0.01818	0.06370	0.04624	0.03612	0.60222	0.03078	0.04103	0.01624	0.01671	0.01167	0.00812	0.00699	0.00209	0.00803	0.00628	0.00653	0.01160
36	0.01694	0.01624	0.02772	0.09991	0.65678	0.01649	0.02125	0.02112	0.01573	0.02239	0.01307	0.01738	0.01091	0.00628	0.00691	0.00209	0.00837	0.00622	0.00343	0.01078
37	0.00971	0.00713	0.00909	0.00860	0.01032	0.00651	0.00645	0.01284	0.01936	0.02704	0.64187	0.05368	0.13211	0.01462	0.00823	0.00221	0.00332	0.01284	0.00756	0.00651
38	0.00860	0.00615	0.00819	0.00965	0.01014	0.00574	0.00649	0.00997	0.01383	0.01857	0.08800	0.69851	0.04761	0.02130	0.00886	0.00279	0.00399	0.01930	0.00657	0.00574
39	0.03107	0.01227	0.01644	0.01260	0.01801	0.01083	0.01041	0.06722	0.02062	0.68193	0.02698	0.02340	0.01700	0.00862	0.00702	0.00216	0.00603	0.00698	0.00855	0.01188
40	0.01015	0.00677	0.00761	0.00761	0.00761	0.00677	0.00423	0.01015	0.01015	0.01353	0.02199	0.04567	0.02537	0.75476	0.03552	0.00677	0.00677	0.01015	0.00423	0.00423
41	0.01866	0.75896	0.03657	0.01194	0.01791	0.02761	0.01194	0.02090	0.01418	0.01642	0.00970	0.01119	0.00896	0.00597	0.00448	0.00149	0.00746	0.00373	0.00299	0.00896
42	0.01318	0.01240	0.02093	0.73798	0.04806	0.01550	0.01938	0.01783	0.01395	0.01783	0.01240	0.01860	0.00930	0.00698	0.00698	0.00233	0.00930	0.00620	0.00310	0.00775
43	0.01447	0.01240	0.01447	0.01034	0.01654	0.00930	0.00827	0.01757	0.01447	0.02274	0.01240	0.01447	0.01034	0.00517	0.00517	0.00103	0.00517	0.00413	0.00413	0.79742
44	0.03131	0.01188	0.01619	0.01242	0.01781	0.01026	0.01026	0.03401	0.01997	0.71606	0.02753	0.02375	0.01727	0.00864	0.00702	0.00216	0.00594	0.00702	0.00864	0.01188
45	0.01015	0.00677	0.00761	0.00761	0.00761	0.00677	0.00423	0.01015	0.01015	0.01353	0.02199	0.04567	0.02537	0.75476	0.03552	0.00677	0.00677	0.01015	0.00423	0.00423
46	0.80405	0.01350	0.01026	0.00918	0.01350	0.01565	0.00756	0.02051	0.01188	0.03131	0.00972	0.01134	0.00756	0.00648	0.00432	0.00216	0.00540	0.00378	0.00432	0.00756
47	0.00850	0.00607	0.00810	0.00972	0.01012	0.00567	0.00648	0.00972	0.01336	0.01781	0.03846	0.75020	0.04615	0.02186	0.00891	0.00283	0.00405	0.01984	0.00648	0.00567
48	0.01736	0.01499	0.01578	0.01420	0.01815	0.01736	0.01105	0.03708	0.69862	0.02919	0.02840	0.02604	0.02130	0.00947	0.00710	0.00237	0.00552	0.00789	0.00710	0.01105
49	0.02714	0.01856	0.02033	0.01559	0.02115	0.02017	0.01288	0.60358	0.03115	0.13069	0.01814	0.01766	0.01256	0.00841	0.00699	0.00210	0.00745	0.00638	0.00719	0.01187
50	0.01318	0.01240	0.02093	0.73798	0.04806	0.01550	0.01938	0.01783	0.01395	0.01783	0.01240	0.01860	0.00930	0.00698	0.00698	0.00233	0.00930	0.00620	0.00310	0.00775
51	0.03389	0.00755	0.00925	0.00910	0.01079	0.00711	0.00671	0.01223	0.01660	0.02314	0.33993	0.23075	0.17488	0.01615	0.00864	0.00237	0.02845	0.01401	0.00673	0.04170
52	0.02143	0.10653	0.01971	0.04773	0.01992	0.41933	0.01212	0.06659	0.01791	0.01841	0.01394	0.05710	0.01320	0.09898	0.01045	0.00251	0.03622	0.00618	0.00394	0.00780
53	0.01670	0.01398	0.01684	0.01459	0.01665	0.05152	0.01164	0.08342	0.06535	0.07381	0.04906	0.12345	0.01945	0.03283	0.03540	0.00289	0.28981	0.00847	0.00500	0.06916
54	0.01431	0.01028	0.01202	0.01026	0.01305	0.00984	0.00759	0.13323	0.01805	0.04687	0.19713	0.10068	0.03222	0.20068	0.01441	0.00318	0.00546	0.00977	0.00593	0.15504

[dist]
# distance from previous block
# <min> <max>
0	7

[block]
# block no. 3 follows, 30 sequences, length 67
# corresponding to MSA columns:
# 300-366
name=unknown_D
#
# <colnr> <probs for GDERKNQSTAVLIFYWHMCP>
#	G	D	E	R	K	N	Q	S	T	A	V	L	I	F	Y	W	H	M	C	P
0	0.12723	0.06896	0.20575	0.02190	0.15010	0.11552	0.06008	0.12587	0.01813	0.02587	0.01260	0.01480	0.00968	0.00679	0.00634	0.00207	0.00909	0.00536	0.00398	0.00987
1	0.01952	0.60689	0.08535	0.01301	0.01918	0.05029	0.01305	0.06157	0.01575	0.04500	0.01105	0.01232	0.00944	0.00631	0.00495	0.00162	0.00781	0.00414	0.00346	0.00931
2	0.02179	0.01532	0.04247	0.05031	0.04466	0.01550	0.01230	0.11642	0.32115	0.21260	0.02410	0.02266	0.01715	0.00858	0.00695	0.00220	0.00635	0.00705	0.00689	0.04556
3	0.01647	0.01530	0.02482	0.22982	0.44341	0.01633	0.01955	0.06054	0.04222	0.02284	0.01524	0.01926	0.02943	0.00698	0.00697	0.00216	0.00830	0.00651	0.00379	0.01006
4	0.01425	0.01223	0.01439	0.01074	0.01628	0.00983	0.00852	0.01781	0.04017	0.02247	0.01445	0.05888	0.01285	0.00659	0.00611	0.00127	0.03213	0.00529	0.00435	0.69140
5	0.00897	0.00638	0.00820	0.00941	0.00995	0.00603	0.00635	0.01019	0.01330	0.01766	0.05793	0.54279	0.07194	0.14163	0.01327	0.00346	0.00459	0.05629	0.00614	0.00552
6	0.02607	0.03326	0.01978	0.01798	0.02157	0.72674	0.01348	0.02787	0.01978	0.01708	0.01079	0.01258	0.00899	0.00719	0.00629	0.00180	0.01258	0.00449	0.00360	0.00809
7	0.01636	0.01258	0.01483	0.01070	0.01681	0.00978	0.00861	0.04034	0.01555	0.08552	0.01390	0.01537	0.01101	0.00558	0.00539	0.00117	0.00532	0.00446	0.00463	0.70210
8	0.00997	0.00748	0.01121	0.01121	0.01246	0.00872	0.00872	0.01246	0.01121	0.01620	0.01869	0.02741	0.01745	0.05234	0.72710	0.01121	0.01869	0.00748	0.00374	0.00623
9	0.02653	0.01955	0.02094	0.01606	0.02164	0.02164	0.01326	0.68796	0.03281	0.04398	0.01675	0.01675	0.01187	0.00838	0.00698	0.00209	0.00768	0.00628	0.00698	0.01187
10	0.01161	0.00845	0.01152	0.01293	0.01468	0.00859	0.01123	0.01581	0.05674	0.02138	0.03644	0.07558	0.03904	0.01869	0.00949	0.00316	0.00637	0.62514	0.00647	0.00670
11	0.02264	0.01002	0.01341	0.01124	0.01514	0.00884	0.00912	0.02540	0.01907	0.43703	0.17121	0.05701	0.08284	0.01185	0.00766	0.00230	0.00521	0.07235	0.00801	0.00965
12	0.01012	0.00686	0.00811	0.00811	0.00828	0.00703	0.00485	0.01047	0.01029	0.01390	0.02153	0.04316	0.02428	0.65818	0.13061	0.00738	0.00841	0.00978	0.00416	0.00450
13	0.02674	0.01921	0.02073	0.01590	0.02147	0.02114	0.01313	0.65937	0.03225	0.07336	0.01722	0.01706	0.01210	0.00839	0.00698	0.00210	0.00760	0.00631	0.00705	0.01187
14	0.01109	0.00741	0.00965	0.00893	0.01083	0.00678	0.00675	0.01429	0.01962	0.06863	0.64201	0.05103	0.08818	0.01406	0.00816	0.00220	0.00346	0.01237	0.00769	0.00687
15	0.00860	0.00614	0.00821	0.00983	0.01028	0.00575	0.00665	0.00989	0.01346	0.01792	0.03841	0.72591	0.04594	0.02177	0.00893	0.00285	0.00413	0.04315	0.00648	0.00570
16	0.02939	0.01230	0.01614	0.01266	0.01786	0.01123	0.01036	0.03443	0.11329	0.62162	0.02765	0.02407	0.01783	0.00875	0.00703	0.00219	0.00588	0.00714	0.00843	0.01176
17	0.01736	0.01499	0.01578	0.01420	0.01815	0.01736	0.01105	0.03708	0.69862	0.02919	0.02840	0.02604	0.02130	0.00947	0.00710	0.00237	0.00552	0.00789	0.00710	0.01105
18	0.00958	0.00688	0.00886	0.01010	0.01081	0.00662	0.00688	0.05023	0.01452	0.01938	0.03716	0.70639	0.04411	0.02106	0.00879	0.00279	0.00427	0.01903	0.00651	0.00604
19	0.03372	0.01107	0.01417	0.01329	0.01446	0.05478	0.01056	0.01465	0.01161	0.01681	0.01566	0.02315	0.01466	0.03866	0.49355	0.00843	0.19362	0.00687	0.00358	0.00672
20	0.01015	0.00677	0.00761	0.00761	0.00761	0.00677	0.00423	0.01015	0.01015	0.01353	0.02199	0.04567	0.02537	0.75476	0.03552	0.00677	0.00677	0.01015	0.00423	0.00423
21	0.00843	0.00705	0.00718	0.00716	0.00935	0.00597	0.00528	0.01014	0.01568	0.01885	0.09069	0.06527	0.64242	0.06366	0.00995	0.00263	0.00373	0.01436	0.00638	0.00581
22	0.05664	0.63377	0.05227	0.01406	0.05879	0.02586	0.01277	0.02080	0.01406	0.01768	0.00996	0.01179	0.00901	0.00625	0.00532	0.00163	0.03328	0.00400	0.00308	0.00900
23	0.00973	0.00664	0.00775	0.00807	0.00829	0.00650	0.00481	0.01015	0.01132	0.01507	0.04886	0.19328	0.05496	0.55285	0.02816	0.00565	0.00598	0.01240	0.00489	0.00466
24	0.00850	0.00607	0.00810	0.00972	0.01012	0.00567	0.00648	0.00972	0.01336	0.01781	0.03846	0.75020	0.04615	0.02186	0.00891	0.00283	0.00405	0.01984	0.00648	0.00567
25	0.06523	0.01514	0.03592	0.01781	0.12668	0.05473	0.01266	0.06991	0.04621	0.44874	0.02244	0.02092	0.01496	0.00804	0.00682	0.00213	0.00687	0.00653	0.00702	0.01124
26	0.02874	0.01421	0.01742	0.01355	0.01886	0.01395	0.01113	0.20856	0.08655	0.47304	0.02474	0.02210	0.01621	0.00864	0.00702	0.00216	0.00636	0.00690	0.00805	0.01180
27	0.01535	0.19583	0.48749	0.01956	0.04592	0.01890	0.08134	0.02183	0.01479	0.02087	0.01205	0.01437	0.00908	0.00640	0.00630	0.00206	0.00975	0.00514	0.00302	0.00995
28	0.01712	0.01643	0.02806	0.06785	0.68736	0.01654	0.02134	0.02129	0.01582	0.02262	0.01310	0.01732	0.01099	0.00624	0.00691	0.00208	0.00833	0.00622	0.00344	0.01093
29	0.02926	0.01142	0.01554	0.01207	0.01711	0.00991	0.00991	0.03202	0.01995	0.65038	0.09244	0.02646	0.02191	0.00917	0.00713	0.00216	0.00569	0.00755	0.00855	0.01137
30	0.00840	0.00708	0.00728	0.00723	0.00952	0.00596	0.00542	0.01031	0.01627	0.01971	0.13041	0.06575	0.64814	0.01735	0.00825	0.00234	0.00351	0.01453	0.00659	0.00596
31	0.00848	0.00616	0.00800	0.00948	0.01006	0.00569	0.00637	0.00974	0.01359	0.01791	0.04139	0.68820	0.10627	0.02148	0.00885	0.00279	0.00400	0.01937	0.00648	0.00569
32	0.00991	0.00716	0.00925	0.00888	0.01046	0.00665	0.00667	0.01295	0.01882	0.02636	0.60316	0.05387	0.08625	0.05882	0.00994	0.00253	0.00369	0.05086	0.00736	0.00641
33	0.80405	0.01350	0.01026	0.00918	0.01350	0.01565	0.00756	0.02051	0.01188	0.03131	0.00972	0.01134	0.00756	0.00648	0.00432	0.00216	0.00540	0.00378	0.00432	0.00756
34	0.01527	0.01527	0.02137	0.01832	0.01832	0.02137	0.01527	0.01679	0.01069	0.01679	0.00916	0.01527	0.00916	0.01221	0.02290	0.00305	0.74198	0.00611	0.00305	0.00763
35	0.02653	0.01955	0.02094	0.01606	0.02164	0.02164	0.01326	0.68796	0.03281	0.04398	0.01675	0.01675	0.01187	0.00838	0.00698	0.00209	0.00768	0.00628	0.00698	0.01187
36	0.03131	0.01188	0.01619	0.01242	0.01781	0.01026	0.01026	0.03401	0.01997	0.71606	0.02753	0.02375	0.01727	0.00864	0.00702	0.00216	0.00594	0.00702	0.00864	0.01188
37	0.80405	0.01350	0.01026	0.00918	0.01350	0.01565	0.00756	0.02051	0.01188	0.03131	0.00972	0.01134	0.00756	0.00648	0.00432	0.00216	0.00540	0.00378	0.00432	0.00756
38	0.02384	0.01496	0.01647	0.01302	0.01756	0.01591	0.01063	0.40965	0.02607	0.14836	0.02004	0.02026	0.01429	0.00836	0.00645	0.00198	0.00626	0.00646	0.20896	0.01049
39	0.00885	0.00658	0.00839	0.00948	0.01046	0.00592	0.00647	0.01024	0.01369	0.01823	0.04013	0.63331	0.11207	0.02037	0.00860	0.00267	0.00407	0.01832	0.00633	0.05580
40	0.01008	0.00740	0.00948	0.00891	0.01066	0.00693	0.00670	0.01388	0.04274	0.02774	0.66431	0.05171	0.08462	0.01421	0.00819	0.00221	0.00338	0.01253	0.00762	0.00671
41	0.03131	0.01188	0.01619	0.01242	0.01781	0.01026	0.01026	0.03401	0.01997	0.71606	0.02753	0.02375	0.01727	0.00864	0.00702	0.00216	0.00594	0.00702	0.00864	0.01188
42	0.01058	0.00721	0.00947	0.00902	0.01069	0.00664	0.00672	0.01364	0.01912	0.05399	0.61419	0.12055	0.06197	0.01480	0.00825	0.00226	0.00347	0.01312	0.00760	0.00670
43	0.02002	0.21404	0.23507	0.01773	0.02414	0.29695	0.05687	0.02407	0.01667	0.01874	0.01124	0.01325	0.00903	0.00664	0.00606	0.00188	0.01058	0.00473	0.00324	0.00905
44	0.02657	0.01522	0.01775	0.01407	0.01921	0.01577	0.01147	0.26119	0.17432	0.33156	0.02399	0.02183	0.01629	0.00873	0.00702	0.00218	0.00645	0.00696	0.00772	0.01169
45	0.00997	0.00748	0.01121	0.01121	0.01246	0.00872	0.00872	0.01246	0.01121	0.01620	0.01869	0.02741	0.01745	0.05234	0.72710	0.01121	0.01869	0.00748	0.00374	0.00623
46	0.01004	0.00676	0.00780	0.00789	0.00797	0.00679	0.00456	0.01022	0.01039	0.01390	0.02283	0.08686	0.02626	0.68037	0.06416	0.00673	0.00712	0.01061	0.00434	0.00440
47	0.01473	0.08615	0.57873	0.02168	0.08613	0.01714	0.05661	0.02197	0.01487	0.02176	0.01245	0.01489	0.00912	0.00651	0.00657	0.00215	0.01001	0.00529	0.00302	0.01023
48	0.03041	0.04877	0.01747	0.01261	0.01805	0.01178	0.01052	0.07243	0.02046	0.64179	0.02602	0.02272	0.01655	0.00849	0.00689	0.00212	0.00612	0.00681	0.00826	0.01173
49	0.01447	0.01240	0.01447	0.01034	0.01654	0.00930	0.00827	0.01757	0.01447	0.02274	0.01240	0.01447	0.01034	0.00517	0.00517	0.00103	0.00517	0.00413	0.00413	0.79742
50	0.01455	0.10294	0.62169	0.01961	0.02936	0.01734	0.05668	0.02200	0.01477	0.02158	0.01234	0.01460	0.00894	0.00653	0.00651	0.00215	0.01012	0.00517	0.00298	0.01014
51	0.01383	0.01275	0.02093	0.70277	0.04677	0.01580	0.01908	0.05051	0.01487	0.01910	0.01262	0.01851	0.00943	0.00705	0.00698	0.00231	0.00922	0.00621	0.00329	0.00795
52	0.00968	0.00713	0.00906	0.00857	0.01030	0.00650	0.00643	0.01279	0.01929	0.02688	0.63071	0.05394	0.14336	0.01468	0.00823	0.00221	0.00332	0.01287	0.00754	0.00650
53	0.03131	0.01188	0.01619	0.01242	0.01781	0.01026	0.01026	0.03401	0.01997	0.71606	0.02753	0.02375	0.01727	0.00864	0.00702	0.00216	0.00594	0.00702	0.00864	0.01188
54	0.03131	0.01188	0.01619	0.01242	0.01781	0.01026	0.01026	0.03401	0.01997	0.71606	0.02753	0.02375	0.01727	0.00864	0.00702	0.00216	0.00594	0.00702	0.00864	0.01188
55	0.00870	0.00633	0.00826	0.00972	0.01041	0.00589	0.00676	0.01014	0.01383	0.01817	0.04149	0.62755	0.11056	0.02124	0.00890	0.00282	0.00420	0.07281	0.00647	0.00575
56	0.00825	0.00707	0.00707	0.00707	0.00943	0.00589	0.00530	0.01001	0.01591	0.01885	0.07069	0.06716	0.70839	0.01767	0.00825	0.00236	0.00353	0.01473	0.00648	0.00589
57	0.00855	0.00609	0.00808	0.00965	0.01004	0.00570	0.00641	0.00973	0.01326	0.01768	0.03795	0.72818	0.04550	0.04477	0.00974	0.00296	0.00413	0.01954	0.00641	0.00562
58	0.00972	0.00713	0.00911	0.00861	0.01033	0.00652	0.00646	0.01286	0.01938	0.02709	0.64535	0.05359	0.12860	0.01460	0.00823	0.00221	0.00332	0.01283	0.00756	0.00652
59	0.05529	0.01193	0.01601	0.01232	0.01768	0.01042	0.01017	0.03359	0.01972	0.69481	0.02698	0.02337	0.01697	0.00857	0.00693	0.00216	0.00592	0.00692	0.00850	0.01174
60	0.01447	0.01240	0.01447	0.01034	0.01654	0.00930	0.00827	0.01757	0.01447	0.02274	0.01240	0.01447	0.01034	0.00517	0.00517	0.00103	0.00517	0.00413	0.00413	0.79742
61	0.03131	0.01188	0.01619	0.01242	0.01781	0.01026	0.01026	0.03401	0.01997	0.71606	0.02753	0.02375	0.01727	0.00864	0.00702	0.00216	0.00594	0.00702	0.00864	0.01188
62	0.00825	0.00707	0.00707	0.00707	0.00943	0.00589	0.00530	0.01001	0.01591	0.01885	0.07069	0.06716	0.70839	0.01767	0.00825	0.00236	0.00353	0.01473	0.00648	0.00589
63	0.00921	0.00656	0.00799	0.00859	0.00925	0.00618	0.00561	0.01036	0.01343	0.01787	0.12666	0.34513	0.11549	0.26496	0.01762	0.00401	0.00480	0.01506	0.00589	0.00534
64	0.03003	0.01159	0.01578	0.01220	0.01737	0.01004	0.01004	0.03276	0.01996	0.67496	0.06815	0.02545	0.02018	0.00897	0.00709	0.00216	0.00578	0.00735	0.00858	0.01156
65	0.01447	0.01240	0.01447	0.01034	0.01654	0.00930	0.00827	0.01757	0.01447	0.02274	0.01240	0.01447	0.01034	0.00517	0.00517	0.00103	0.00517	0.00413	0.00413	0.79742
66	0.01234	0.01002	0.01407	0.24972	0.02413	0.01091	0.01148	0.08232	0.01549	0.02060	0.02581	0.31771	0.04725	0.04243	0.03465	0.00291	0.00682	0.01207	0.00510	0.05415

[dist]
# distance from previous block
# <min> <max>
9	31

[block]
# block no. 4 follows, 30 sequences, length 22
# corresponding to MSA columns:
# 398-419
name=unknown_E
#
# <colnr> <probs for GDERKNQSTAVLIFYWHMCP>
#	G	D	E	R	K	N	Q	S	T	A	V	L	I	F	Y	W	H	M	C	P
0	0.02065	0.04713	0.01751	0.01393	0.01787	0.11286	0.01108	0.35772	0.02516	0.03248	0.12187	0.12438	0.04493	0.01113	0.00728	0.00215	0.00706	0.00900	0.00638	0.00942
1	0.02017	0.12004	0.04880	0.14273	0.02465	0.29749	0.01388	0.10414	0.01903	0.02146	0.06502	0.01906	0.03476	0.00934	0.02870	0.00224	0.00987	0.00594	0.00421	0.00846
2	0.13444	0.08658	0.04515	0.01195	0.01592	0.10664	0.01010	0.10356	0.04179	0.06235	0.11408	0.03187	0.14009	0.01056	0.00671	0.00213	0.00647	0.03882	0.02254	0.00828
3	0.01568	0.03677	0.04974	0.10962	0.19622	0.03286	0.03930	0.04153	0.01555	0.05810	0.04609	0.09011	0.01777	0.07822	0.00984	0.00248	0.02148	0.00778	0.00441	0.12644
4	0.28789	0.01898	0.13097	0.06826	0.16947	0.04656	0.04366	0.07883	0.01575	0.02665	0.01316	0.04651	0.01086	0.00732	0.00610	0.00218	0.00778	0.00582	0.00409	0.00915
5	0.08933	0.02598	0.02004	0.02104	0.14389	0.44811	0.01402	0.02701	0.04299	0.08483	0.01331	0.01485	0.01046	0.00717	0.00634	0.00193	0.01034	0.00510	0.00423	0.00904
6	0.01406	0.01200	0.01444	0.01133	0.01587	0.04194	0.03996	0.01611	0.01389	0.02032	0.01540	0.10128	0.01472	0.01004	0.00905	0.11839	0.00582	0.00646	0.00419	0.51471
7	0.01106	0.00854	0.01059	0.04079	0.01244	0.00873	0.03195	0.01460	0.10386	0.01784	0.05875	0.11648	0.11153	0.39745	0.02222	0.00468	0.00607	0.01127	0.00519	0.00594
8	0.01659	0.01325	0.01388	0.01203	0.01534	0.04154	0.00931	0.22875	0.12435	0.02917	0.12459	0.11064	0.14294	0.05599	0.00919	0.00251	0.00575	0.01036	0.00659	0.02722
9	0.06265	0.01880	0.04793	0.11696	0.24740	0.10862	0.10595	0.04220	0.13508	0.02350	0.01540	0.01813	0.01203	0.00704	0.00689	0.00217	0.00884	0.00638	0.00420	0.00983
10	0.00906	0.00655	0.00808	0.00874	0.00956	0.00609	0.00587	0.01048	0.01422	0.01893	0.16180	0.38095	0.13882	0.17121	0.01418	0.00346	0.00440	0.01580	0.00623	0.00557
11	0.04507	0.00818	0.00968	0.00962	0.01084	0.00855	0.00674	0.07604	0.01412	0.02031	0.04405	0.23640	0.02837	0.24312	0.13571	0.00519	0.00761	0.01156	0.07274	0.00610
12	0.15823	0.02290	0.14314	0.04330	0.16061	0.14943	0.04469	0.12121	0.04776	0.02634	0.01320	0.01532	0.01016	0.00698	0.00637	0.00210	0.00890	0.00545	0.00421	0.00971
13	0.01105	0.00890	0.00972	0.00934	0.01169	0.00874	0.00707	0.03843	0.13683	0.02249	0.14674	0.07326	0.35545	0.07752	0.01039	0.00276	0.00445	0.05159	0.00659	0.00699
14	0.00870	0.00626	0.00826	0.00964	0.01026	0.00583	0.00660	0.01017	0.01408	0.01880	0.09542	0.64414	0.07286	0.02099	0.00885	0.00277	0.00404	0.03998	0.00658	0.00578
15	0.02250	0.01631	0.01816	0.01444	0.01888	0.01785	0.01175	0.48999	0.02834	0.06194	0.13960	0.05705	0.02305	0.01019	0.00789	0.00218	0.03436	0.00804	0.00699	0.01049
16	0.01757	0.02068	0.14886	0.03384	0.45010	0.06307	0.05605	0.02224	0.01615	0.05143	0.01456	0.01953	0.01203	0.00701	0.00701	0.00215	0.00894	0.03459	0.00373	0.01047
17	0.01059	0.00730	0.00852	0.00869	0.00978	0.00700	0.00578	0.01259	0.04960	0.04690	0.06942	0.24214	0.16445	0.30394	0.01890	0.00418	0.00513	0.01357	0.00579	0.00574
18	0.05050	0.01353	0.01505	0.01299	0.01682	0.01472	0.01034	0.18865	0.24603	0.10055	0.06371	0.06040	0.07086	0.01420	0.06646	0.00303	0.00688	0.02871	0.00678	0.00981
19	0.01768	0.01688	0.02751	0.14008	0.41206	0.05404	0.11740	0.02268	0.04762	0.05471	0.01443	0.01816	0.01138	0.00660	0.00710	0.00215	0.00894	0.00654	0.00383	0.01020
20	0.08752	0.04603	0.01390	0.01287	0.04650	0.07885	0.00942	0.03404	0.01362	0.04716	0.04659	0.02589	0.01780	0.11095	0.37023	0.00712	0.01311	0.00708	0.00424	0.00706
21	0.00865	0.00696	0.00772	0.00779	0.00974	0.00602	0.00574	0.01070	0.01647	0.02082	0.21300	0.14950	0.47754	0.01742	0.00833	0.00238	0.00354	0.01489	0.00676	0.00602

[dist]
# distance from previous block
# <min> <max>
0	4

[block]
# block no. 5 follows, 30 sequences, length 86
# corresponding to MSA columns:
# 424-509
name=unknown_F
#
# <colnr> <probs for GDERKNQSTAVLIFYWHMCP>
#	G	D	E	R	K	N	Q	S	T	A	V	L	I	F	Y	W	H	M	C	P
0	0.04556	0.01038	0.01251	0.01231	0.01489	0.01081	0.01006	0.09078	0.11817	0.06468	0.08703	0.13862	0.05828	0.01541	0.00837	0.00271	0.00571	0.27904	0.00674	0.00795
1	0.08595	0.01544	0.04663	0.21975	0.03085	0.05167	0.22427	0.01874	0.01434	0.02021	0.01552	0.08358	0.01396	0.05143	0.03792	0.00297	0.04715	0.00796	0.00375	0.00791
2	0.01223	0.00815	0.01108	0.03981	0.01435	0.00803	0.00941	0.01568	0.04330	0.07633	0.18248	0.21160	0.04337	0.01704	0.00876	0.00276	0.00526	0.27663	0.00678	0.00695
3	0.01094	0.00745	0.00982	0.01008	0.01168	0.00703	0.00790	0.01368	0.01721	0.05244	0.33117	0.14131	0.08851	0.05488	0.01009	0.00281	0.00461	0.20493	0.00696	0.00649
4	0.01728	0.01638	0.02678	0.03930	0.62563	0.01668	0.02014	0.02335	0.10021	0.02359	0.01501	0.01835	0.01232	0.00662	0.00693	0.00211	0.00795	0.00642	0.00390	0.01105
5	0.53336	0.01298	0.01372	0.16985	0.02171	0.01494	0.03305	0.01924	0.01241	0.02668	0.01068	0.01385	0.00839	0.00753	0.00636	0.04719	0.00650	0.00460	0.00395	0.03301
6	0.01132	0.00848	0.01099	0.01197	0.01389	0.00851	0.01017	0.01584	0.07817	0.02176	0.07790	0.07091	0.12952	0.01789	0.00914	0.00296	0.00578	0.48142	0.00656	0.00678
7	0.19654	0.01079	0.01198	0.01074	0.01411	0.01103	0.00858	0.04760	0.07964	0.17208	0.17516	0.08002	0.07199	0.01178	0.00710	0.00233	0.00505	0.06828	0.00677	0.00842
8	0.09747	0.40112	0.07072	0.01377	0.01905	0.21063	0.01263	0.04056	0.01618	0.01957	0.03497	0.01339	0.01090	0.00674	0.00528	0.00173	0.00866	0.00441	0.00355	0.00867
9	0.01068	0.00769	0.01021	0.01122	0.01271	0.00751	0.00932	0.01340	0.01580	0.02070	0.12030	0.07053	0.10107	0.10524	0.01239	0.00343	0.00582	0.44950	0.00633	0.00614
10	0.00882	0.00648	0.00808	0.00894	0.00985	0.00595	0.00611	0.01037	0.01459	0.01933	0.15325	0.46039	0.16154	0.07922	0.01084	0.00296	0.00406	0.01698	0.00650	0.00574
11	0.02427	0.07272	0.02182	0.01927	0.08182	0.41025	0.01405	0.17976	0.03803	0.02406	0.01266	0.01431	0.01014	0.00757	0.00711	0.00194	0.04133	0.00516	0.00439	0.00933
12	0.02349	0.01730	0.01865	0.01469	0.01934	0.01910	0.01181	0.55140	0.05637	0.03850	0.01800	0.02139	0.01426	0.11296	0.02796	0.00297	0.00772	0.00691	0.00653	0.01064
13	0.00860	0.00617	0.00812	0.00956	0.01006	0.00575	0.00640	0.00991	0.01367	0.01826	0.07307	0.68202	0.06259	0.03810	0.00946	0.00288	0.00406	0.01913	0.00649	0.00569
14	0.00997	0.00748	0.01121	0.01121	0.01246	0.00872	0.00872	0.01246	0.01121	0.01620	0.01869	0.02741	0.01745	0.05234	0.72710	0.01121	0.01869	0.00748	0.00374	0.00623
15	0.01651	0.01604	0.02492	0.13780	0.50662	0.04689	0.01924	0.02127	0.05069	0.02192	0.01730	0.02082	0.05478	0.00725	0.00698	0.00213	0.00818	0.00676	0.00379	0.01013
16	0.01713	0.01643	0.02806	0.06735	0.68784	0.01654	0.02134	0.02129	0.01582	0.02262	0.01310	0.01732	0.01099	0.00624	0.00691	0.00208	0.00833	0.00622	0.00344	0.01094
17	0.02167	0.00963	0.01290	0.01100	0.01441	0.00858	0.00860	0.02406	0.01799	0.40706	0.14892	0.13190	0.03149	0.07796	0.01013	0.00271	0.00531	0.03880	0.00769	0.00918
18	0.00849	0.00612	0.00804	0.00958	0.01009	0.00568	0.00642	0.00973	0.01349	0.01787	0.04011	0.71528	0.08001	0.02165	0.00887	0.00281	0.00402	0.01958	0.00648	0.00568
19	0.02470	0.01680	0.01866	0.01461	0.01956	0.01806	0.01194	0.51117	0.02914	0.12435	0.09250	0.04743	0.01951	0.00952	0.00719	0.00214	0.00687	0.00753	0.00724	0.01109
20	0.02852	0.01320	0.01663	0.01310	0.01828	0.01263	0.01071	0.10431	0.13215	0.53218	0.02652	0.02338	0.01735	0.00874	0.00703	0.00219	0.00606	0.00708	0.00821	0.01174
21	0.00954	0.00719	0.00789	0.00794	0.00917	0.00676	0.00529	0.01138	0.04232	0.01756	0.08480	0.11766	0.29933	0.32054	0.01947	0.00420	0.00498	0.01289	0.00565	0.00545
22	0.00850	0.00607	0.00810	0.00972	0.01012	0.00567	0.00648	0.00972	0.01336	0.01781	0.03846	0.75020	0.04615	0.02186	0.00891	0.00283	0.00405	0.01984	0.00648	0.00567
23	0.01317	0.01198	0.01989	0.68544	0.04519	0.01486	0.01834	0.01772	0.01400	0.01842	0.01315	0.01914	0.00992	0.00706	0.00683	0.00228	0.00887	0.00622	0.05988	0.00766
24	0.02653	0.01955	0.02094	0.01606	0.02164	0.02164	0.01326	0.68796	0.03281	0.04398	0.01675	0.01675	0.01187	0.00838	0.00698	0.00209	0.00768	0.00628	0.00698	0.01187
25	0.02432	0.01388	0.01663	0.01351	0.01785	0.01452	0.01086	0.17064	0.16982	0.31752	0.02384	0.02399	0.01717	0.06337	0.02937	0.00281	0.04468	0.00724	0.00721	0.01077
26	0.00913	0.00679	0.00798	0.00843	0.00952	0.00618	0.00565	0.01038	0.01367	0.01780	0.08380	0.31873	0.22029	0.20611	0.01533	0.00361	0.00459	0.01503	0.00591	0.03108
27	0.41378	0.01238	0.01267	0.01047	0.01514	0.01267	0.00861	0.02581	0.01570	0.33233	0.02138	0.02029	0.05560	0.00813	0.00575	0.00217	0.00552	0.00589	0.00636	0.00936
28	0.00964	0.00749	0.00952	0.01012	0.04593	0.00680	0.00696	0.01232	0.01779	0.02403	0.41880	0.12571	0.24789	0.01562	0.00824	0.00230	0.00370	0.01364	0.00699	0.00652
29	0.01191	0.00916	0.01145	0.01223	0.01438	0.00942	0.01031	0.01793	0.14108	0.02210	0.04046	0.06733	0.13720	0.01724	0.00896	0.00293	0.00583	0.44634	0.00656	0.00719
30	0.00864	0.00615	0.00812	0.00957	0.01001	0.00576	0.00637	0.00987	0.01345	0.01799	0.06389	0.68678	0.04586	0.05904	0.01024	0.00301	0.00416	0.01906	0.00641	0.00563
31	0.00956	0.00709	0.00891	0.00853	0.01025	0.00644	0.00637	0.01253	0.01890	0.02612	0.57881	0.07826	0.17221	0.01509	0.00826	0.00224	0.00336	0.01322	0.00744	0.00644
32	0.01318	0.01240	0.02093	0.73798	0.04806	0.01550	0.01938	0.01783	0.01395	0.01783	0.01240	0.01860	0.00930	0.00698	0.00698	0.00233	0.00930	0.00620	0.00310	0.00775
33	0.01089	0.00790	0.01075	0.01211	0.01379	0.00776	0.01046	0.01397	0.01621	0.02100	0.06960	0.07642	0.10653	0.01890	0.00944	0.00308	0.00601	0.57231	0.00649	0.00638
34	0.01519	0.00833	0.01034	0.00932	0.01212	0.00727	0.00716	0.01755	0.01775	0.21747	0.21827	0.12894	0.27335	0.01473	0.00797	0.00231	0.00421	0.01260	0.00740	0.00773
35	0.00825	0.00707	0.00707	0.00707	0.00943	0.00589	0.00530	0.01001	0.01591	0.01885	0.07069	0.06716	0.70839	0.01767	0.00825	0.00236	0.00353	0.01473	0.00648	0.00589
36	0.01969	0.59591	0.03317	0.01418	0.04312	0.13805	0.01262	0.02190	0.01503	0.01676	0.00998	0.01175	0.00904	0.00635	0.00538	0.00161	0.02950	0.00401	0.00310	0.00885
37	0.01713	0.01644	0.02807	0.06652	0.68863	0.01654	0.02135	0.02129	0.01582	0.02263	0.01310	0.01732	0.01099	0.00624	0.00691	0.00208	0.00832	0.00622	0.00344	0.01094
38	0.01147	0.00708	0.00815	0.00791	0.00825	0.00698	0.00460	0.01164	0.01076	0.05740	0.02233	0.04430	0.02486	0.70817	0.03374	0.00648	0.00671	0.00995	0.00450	0.00471
39	0.80405	0.01350	0.01026	0.00918	0.01350	0.01565	0.00756	0.02051	0.01188	0.03131	0.00972	0.01134	0.00756	0.00648	0.00432	0.00216	0.00540	0.00378	0.00432	0.00756
40	0.01181	0.01033	0.04937	0.01028	0.01304	0.00908	0.00830	0.01782	0.15398	0.05344	0.18928	0.17018	0.24604	0.01501	0.00798	0.00239	0.00445	0.01292	0.00676	0.00755
41	0.02518	0.01225	0.01567	0.04104	0.01837	0.01188	0.01048	0.06511	0.14507	0.44563	0.06961	0.06568	0.02206	0.00980	0.00721	0.00224	0.00581	0.00817	0.00787	0.01089
42	0.03131	0.01188	0.01619	0.01242	0.01781	0.01026	0.01026	0.03401	0.01997	0.71606	0.02753	0.02375	0.01727	0.00864	0.00702	0.00216	0.00594	0.00702	0.00864	0.01188
43	0.00957	0.00712	0.00890	0.00846	0.01024	0.00645	0.00634	0.01257	0.01903	0.02626	0.58712	0.05497	0.18735	0.01491	0.00823	0.00223	0.00334	0.01302	0.00745	0.00645
44	0.01421	0.01346	0.02280	0.56193	0.21601	0.01578	0.01990	0.01874	0.01444	0.01909	0.01259	0.01827	0.00975	0.00678	0.00696	0.00226	0.00905	0.00621	0.00319	0.00859
45	0.02321	0.02729	0.01927	0.04874	0.06458	0.50552	0.01342	0.07064	0.06546	0.02001	0.01498	0.01739	0.03353	0.03710	0.00767	0.00211	0.01085	0.00558	0.00415	0.00849
46	0.03051	0.01316	0.01699	0.01302	0.01845	0.01216	0.01076	0.14311	0.02211	0.60393	0.02573	0.02258	0.01637	0.00859	0.00701	0.00215	0.00623	0.00689	0.00836	0.01187
47	0.01212	0.00606	0.00909	0.00909	0.00909	0.00606	0.00606	0.00909	0.00909	0.01212	0.01212	0.02121	0.01212	0.02424	0.02727	0.79697	0.00606	0.00606	0.00303	0.00303
