[name]
unknown

[dist]
# distance from previous block
# <min> <max>
0	33

[block]
# block no. 0 follows, 28 sequences, length 12
# corresponding to MSA columns:
# 34-45
name=unknown_A
#
# <colnr> <probs for GDERKNQSTAVLIFYWHMCP>
#	G	D	E	R	K	N	Q	S	T	A	V	L	I	F	Y	W	H	M	C	P
0	0.01897	0.04215	0.07663	0.05356	0.16691	0.01456	0.01526	0.09840	0.01854	0.11992	0.02048	0.05014	0.01789	0.00980	0.00781	0.00225	0.02720	0.10797	0.00538	0.12616
1	0.02152	0.03620	0.01866	0.01572	0.06597	0.01554	0.01175	0.23390	0.09036	0.12203	0.02070	0.08614	0.01691	0.00912	0.00692	0.00200	0.00656	0.00749	0.00635	0.20617
2	0.01791	0.01605	0.02338	0.06662	0.32083	0.01736	0.01735	0.09348	0.10617	0.02581	0.01732	0.02325	0.01475	0.00887	0.00939	0.00235	0.09814	0.05175	0.00469	0.06452
3	0.02651	0.01985	0.06799	0.01623	0.02218	0.01989	0.01401	0.46751	0.09726	0.14296	0.02009	0.01940	0.01400	0.00876	0.00726	0.00223	0.00768	0.00675	0.00726	0.01216
4	0.01402	0.01310	0.02144	0.67876	0.04795	0.01628	0.01960	0.01993	0.06008	0.01938	0.01405	0.01990	0.01054	0.00744	0.00728	0.00243	0.00942	0.00658	0.00351	0.00831
5	0.02051	0.01596	0.01564	0.01368	0.01758	0.10176	0.01060	0.06510	0.31438	0.14488	0.07658	0.03102	0.07932	0.04902	0.00901	0.00257	0.00660	0.00860	0.00704	0.01017
6	0.01130	0.00767	0.00970	0.00913	0.01114	0.00693	0.00686	0.01433	0.01962	0.06802	0.52209	0.08669	0.16819	0.01546	0.00853	0.00234	0.00367	0.01350	0.00780	0.00703
7	0.00925	0.00689	0.00862	0.00925	0.01049	0.00625	0.00653	0.01131	0.01655	0.02210	0.25235	0.38730	0.18769	0.01940	0.00892	0.00264	0.00386	0.01721	0.00714	0.00625
8	0.01474	0.03649	0.66583	0.02133	0.03186	0.01697	0.06679	0.02304	0.01546	0.02304	0.01315	0.01561	0.00932	0.00686	0.00701	0.00231	0.01084	0.00557	0.00311	0.01068
9	0.01374	0.01123	0.01333	0.01085	0.01541	0.00912	0.00828	0.04677	0.01562	0.02314	0.02154	0.23969	0.02240	0.01093	0.00668	0.00171	0.00515	0.00948	0.00520	0.50973
10	0.01155	0.00918	0.01137	0.01136	0.01211	0.01025	0.00804	0.01486	0.09410	0.01860	0.03040	0.31990	0.05638	0.22459	0.01917	0.00407	0.11811	0.01387	0.00561	0.00648
11	0.10605	0.01463	0.01742	0.01361	0.01909	0.01448	0.01120	0.18780	0.05853	0.44394	0.02420	0.02184	0.01586	0.00876	0.00703	0.00224	0.00654	0.00684	0.00805	0.01188

[dist]
# distance from previous block
# <min> <max>
17	28

[block]
# block no. 1 follows, 28 sequences, length 22
# corresponding to MSA columns:
# 77-98
name=unknown_B
#
# <colnr> <probs for GDERKNQSTAVLIFYWHMCP>
#	G	D	E	R	K	N	Q	S	T	A	V	L	I	F	Y	W	H	M	C	P
0	0.01759	0.02145	0.13821	0.06084	0.03543	0.01755	0.46747	0.04749	0.01747	0.05335	0.01501	0.01894	0.01103	0.00649	0.00805	0.00236	0.01123	0.00771	0.00395	0.03837
1	0.01827	0.01430	0.01539	0.01375	0.01756	0.01610	0.01069	0.08298	0.49160	0.05973	0.04803	0.07111	0.02390	0.01057	0.00734	0.00240	0.00559	0.00884	0.07110	0.01074
2	0.05830	0.00769	0.00920	0.01013	0.01136	0.00758	0.00709	0.01332	0.06607	0.02128	0.09289	0.52840	0.10016	0.01979	0.00872	0.00278	0.00431	0.01762	0.00676	0.00655
3	0.00921	0.00713	0.00839	0.00861	0.01033	0.00632	0.00626	0.01143	0.01724	0.02249	0.26905	0.22669	0.33415	0.01830	0.00875	0.00252	0.00373	0.01591	0.00716	0.00632
4	0.01041	0.00769	0.01119	0.01119	0.01231	0.00882	0.00847	0.01266	0.01154	0.01651	0.01992	0.03107	0.01926	0.14583	0.62591	0.01107	0.01783	0.00816	0.00396	0.00621
5	0.01248	0.00780	0.00975	0.00942	0.01154	0.00695	0.00700	0.01489	0.01795	0.11420	0.28604	0.22064	0.21985	0.01692	0.00858	0.00249	0.00405	0.01476	0.00751	0.00718
6	0.72048	0.01389	0.01129	0.00989	0.01450	0.01575	0.00815	0.02276	0.01320	0.09897	0.01195	0.01309	0.00887	0.00697	0.00478	0.00225	0.00568	0.00427	0.00494	0.00832
7	0.01808	0.01561	0.01644	0.01479	0.01890	0.01808	0.01151	0.03863	0.68606	0.03041	0.02959	0.02712	0.02219	0.00986	0.00740	0.00247	0.00575	0.00822	0.00740	0.01151
8	0.01647	0.06249	0.05713	0.04607	0.05191	0.08705	0.16169	0.06206	0.01785	0.02358	0.16749	0.02782	0.02487	0.06640	0.02733	0.00289	0.07516	0.00839	0.00482	0.00853
9	0.02620	0.02036	0.02058	0.01616	0.02134	0.07435	0.01306	0.57107	0.03120	0.04107	0.01742	0.01959	0.01328	0.06888	0.00965	0.00256	0.00831	0.00673	0.00677	0.01141
10	0.79588	0.01406	0.01068	0.00956	0.01406	0.01631	0.00787	0.02137	0.01237	0.03261	0.01012	0.01181	0.00787	0.00675	0.00450	0.00225	0.00562	0.00394	0.00450	0.00787
11	0.05367	0.11285	0.02028	0.01505	0.04481	0.03817	0.01187	0.20762	0.15205	0.12095	0.09839	0.02389	0.02106	0.01092	0.03417	0.00253	0.00728	0.00727	0.00657	0.01060
12	0.00904	0.00651	0.00857	0.00990	0.01056	0.00604	0.00672	0.01061	0.01489	0.01999	0.12790	0.62680	0.07235	0.02158	0.00916	0.00285	0.00410	0.01949	0.00691	0.00604
13	0.01049	0.00727	0.00849	0.00867	0.01007	0.00660	0.00595	0.01195	0.01503	0.05228	0.11532	0.23215	0.26625	0.19799	0.01572	0.00369	0.00475	0.01491	0.00641	0.00603
14	0.01444	0.01050	0.01241	0.01209	0.01411	0.01085	0.00885	0.20782	0.01994	0.02666	0.03334	0.52499	0.03746	0.01860	0.00868	0.00272	0.00534	0.01647	0.00690	0.00782
15	0.00915	0.00649	0.00855	0.00993	0.01035	0.00622	0.00658	0.01033	0.01338	0.01791	0.03681	0.61501	0.04376	0.11444	0.05099	0.00394	0.00540	0.01871	0.00630	0.00575
16	0.02612	0.01922	0.02180	0.01681	0.02238	0.02101	0.04525	0.55351	0.07224	0.06980	0.01873	0.01954	0.01365	0.03528	0.00842	0.00239	0.00796	0.00692	0.00707	0.01190
17	0.01225	0.00821	0.01040	0.01055	0.01227	0.00771	0.00757	0.04352	0.03624	0.07255	0.15256	0.46230	0.06128	0.01842	0.00866	0.00263	0.00448	0.01645	0.00706	0.04489
18	0.02147	0.26739	0.02639	0.05581	0.06360	0.27110	0.01390	0.05170	0.06015	0.02046	0.04571	0.01644	0.01332	0.00775	0.00685	0.00193	0.03740	0.00540	0.00406	0.00916
19	0.01779	0.01400	0.01534	0.01248	0.01728	0.04363	0.00984	0.04234	0.17454	0.09995	0.02486	0.05861	0.07294	0.00923	0.00734	0.00189	0.03376	0.00743	0.00589	0.33086
20	0.05417	0.15957	0.04336	0.01802	0.07722	0.23719	0.01377	0.14179	0.07873	0.02530	0.01525	0.04653	0.01284	0.00812	0.00645	0.00199	0.00913	0.00599	0.00473	0.03985
21	0.01946	0.13218	0.02258	0.01546	0.02018	0.06723	0.06647	0.13484	0.15457	0.04590	0.01871	0.05175	0.01561	0.03075	0.03869	0.00263	0.04313	0.00703	0.00533	0.10751

[dist]
# distance from previous block
# <min> <max>
12	42

[block]
# block no. 2 follows, 28 sequences, length 10
# corresponding to MSA columns:
# 141-150
name=unknown_C
#
# <colnr> <probs for GDERKNQSTAVLIFYWHMCP>
#	G	D	E	R	K	N	Q	S	T	A	V	L	I	F	Y	W	H	M	C	P
0	0.05824	0.01830	0.02118	0.01924	0.10945	0.01973	0.01397	0.47103	0.02881	0.10423	0.01801	0.01843	0.01289	0.00836	0.00705	0.00217	0.00760	0.00651	0.04300	0.01181
1	0.02237	0.01506	0.01747	0.01300	0.01910	0.01378	0.01060	0.22041	0.02200	0.16615	0.01743	0.01772	0.01269	0.00712	0.00634	0.00164	0.00633	0.00558	0.00614	0.39905
2	0.00983	0.00729	0.00916	0.00895	0.01064	0.00662	0.00661	0.01273	0.01911	0.02627	0.51170	0.13594	0.17548	0.01639	0.00866	0.00239	0.00356	0.01439	0.00764	0.00662
3	0.01880	0.23124	0.25238	0.01643	0.02317	0.14055	0.01706	0.06463	0.06341	0.02290	0.07080	0.01814	0.01535	0.00780	0.00641	0.00202	0.00919	0.00576	0.00417	0.00977
4	0.02172	0.01450	0.01684	0.06372	0.01988	0.01583	0.01153	0.33899	0.02440	0.09681	0.01972	0.02185	0.01482	0.01550	0.11357	0.00354	0.00876	0.00684	0.16111	0.01007
5	0.00880	0.00728	0.00771	0.00779	0.00999	0.00620	0.00577	0.01077	0.01679	0.02059	0.13927	0.12467	0.57251	0.01839	0.00865	0.00248	0.00370	0.01555	0.00689	0.00620
6	0.01446	0.01291	0.01940	0.01650	0.01831	0.01497	0.10828	0.07800	0.01487	0.02084	0.02090	0.20107	0.02223	0.10876	0.05803	0.00390	0.24337	0.01087	0.00472	0.00760
7	0.01086	0.00804	0.01021	0.00925	0.01139	0.00720	0.00689	0.01402	0.01924	0.02746	0.56938	0.04931	0.05896	0.06522	0.01021	0.00248	0.00391	0.01195	0.00732	0.09673
8	0.00920	0.00678	0.00834	0.00917	0.01014	0.00622	0.00624	0.01074	0.01502	0.01976	0.13721	0.42696	0.18143	0.10312	0.01220	0.00322	0.00432	0.01736	0.00666	0.00592
9	0.18368	0.06022	0.08311	0.12355	0.02335	0.01585	0.01316	0.11385	0.04442	0.13075	0.09438	0.02164	0.01816	0.00843	0.00659	0.00220	0.00703	0.00657	0.00565	0.03739

[dist]
# distance from previous block
# <min> <max>
0	1

[block]
# block no. 3 follows, 28 sequences, length 7
# corresponding to MSA columns:
# 152-158
name=unknown_D
#
# <colnr> <probs for GDERKNQSTAVLIFYWHMCP>
#	G	D	E	R	K	N	Q	S	T	A	V	L	I	F	Y	W	H	M	C	P
0	0.05417	0.18721	0.30632	0.01837	0.02471	0.02103	0.05064	0.02117	0.01401	0.02068	0.01138	0.01471	0.00935	0.00830	0.01100	0.00238	0.20649	0.00540	0.00321	0.00948
1	0.00970	0.00789	0.00944	0.09390	0.01468	0.00745	0.00747	0.01199	0.01617	0.02047	0.12357	0.12636	0.42824	0.04687	0.00953	0.00264	0.00456	0.01403	0.03866	0.00637
2	0.49147	0.05911	0.14305	0.05853	0.08128	0.01718	0.01367	0.02161	0.01356	0.02834	0.01115	0.01347	0.00864	0.00675	0.00536	0.00222	0.00720	0.00458	0.00400	0.00882
3	0.01771	0.01593	0.02683	0.13986	0.53949	0.01629	0.02070	0.02199	0.01666	0.05608	0.04717	0.02027	0.01432	0.00712	0.00728	0.00221	0.00842	0.00684	0.00402	0.01083
4	0.00985	0.00717	0.00926	0.00925	0.01072	0.00659	0.00674	0.01267	0.01878	0.02608	0.50307	0.21251	0.10635	0.01691	0.00874	0.00245	0.00363	0.01502	0.00763	0.00659
5	0.00880	0.00656	0.00819	0.00949	0.01038	0.00596	0.00647	0.01019	0.01453	0.01880	0.04777	0.58609	0.19681	0.02177	0.00912	0.00284	0.00409	0.01944	0.00675	0.00596
6	0.01259	0.00782	0.01019	0.00965	0.01165	0.00710	0.00721	0.01546	0.01916	0.10739	0.45840	0.17193	0.10176	0.01579	0.00855	0.00241	0.00391	0.01391	0.00782	0.00730

[dist]
# distance from previous block
# <min> <max>
0	1

[block]
# block no. 4 follows, 28 sequences, length 22
# corresponding to MSA columns:
# 160-181
name=unknown_E
#
# <colnr> <probs for GDERKNQSTAVLIFYWHMCP>
#	G	D	E	R	K	N	Q	S	T	A	V	L	I	F	Y	W	H	M	C	P
0	0.00936	0.00653	0.00847	0.00970	0.01031	0.00613	0.00653	0.01090	0.01454	0.01991	0.11554	0.57949	0.04768	0.06893	0.01083	0.00309	0.00427	0.01846	0.04336	0.00596
1	0.02401	0.01660	0.01793	0.01426	0.01896	0.01805	0.01159	0.48368	0.02880	0.06631	0.02041	0.06131	0.01586	0.00950	0.00696	0.00213	0.00681	0.00743	0.15849	0.01090
2	0.07879	0.50297	0.10317	0.01411	0.02027	0.13811	0.01386	0.02305	0.01560	0.01900	0.01060	0.01229	0.00921	0.00654	0.00519	0.00174	0.00879	0.00418	0.00331	0.00922
3	0.74435	0.01442	0.01282	0.01095	0.01564	0.01644	0.05188	0.02149	0.01269	0.03200	0.01042	0.01232	0.00808	0.00671	0.00477	0.00226	0.00606	0.00424	0.00444	0.00800
4	0.01566	0.00969	0.01123	0.01005	0.01180	0.00999	0.00701	0.11697	0.01580	0.08877	0.02237	0.03680	0.02185	0.41908	0.09343	0.00576	0.00799	0.00899	0.07990	0.00686
5	0.00891	0.00661	0.00834	0.00968	0.01056	0.00604	0.00668	0.01036	0.01456	0.01889	0.04681	0.58037	0.17927	0.02179	0.00917	0.00287	0.00420	0.04219	0.00675	0.00598
6	0.01098	0.00806	0.01037	0.01009	0.01050	0.00903	0.00689	0.01194	0.01097	0.01527	0.02065	0.03879	0.02234	0.46277	0.24960	0.00817	0.07474	0.00932	0.00414	0.00537
7	0.00938	0.00684	0.00858	0.00982	0.01048	0.00651	0.00655	0.01125	0.03848	0.01855	0.04031	0.57873	0.09593	0.10719	0.01243	0.00338	0.00457	0.01859	0.00650	0.00595
8	0.01200	0.00843	0.01067	0.01049	0.01236	0.00823	0.00787	0.01691	0.09747	0.05769	0.38858	0.21369	0.05418	0.01620	0.00864	0.00253	0.00423	0.05481	0.00760	0.00743
9	0.01943	0.74891	0.03809	0.01244	0.01866	0.02876	0.01244	0.02177	0.01477	0.01710	0.01011	0.01166	0.00933	0.00622	0.00466	0.00155	0.00777	0.00389	0.00311	0.00933
10	0.02224	0.01633	0.01797	0.01483	0.01909	0.01776	0.01178	0.48386	0.02835	0.03798	0.02395	0.22507	0.02263	0.01276	0.00785	0.00240	0.00691	0.01060	0.00712	0.01051
11	0.01320	0.04108	0.11603	0.04139	0.01772	0.11136	0.02814	0.01584	0.01503	0.01891	0.02816	0.41537	0.03169	0.05957	0.00993	0.00286	0.00717	0.01406	0.00529	0.00720
12	0.01156	0.00835	0.01036	0.01107	0.01227	0.00830	0.00777	0.10596	0.01684	0.02248	0.03680	0.63567	0.04293	0.02075	0.00899	0.00284	0.00476	0.01863	0.00682	0.00684
13	0.01602	0.01211	0.01362	0.01231	0.01518	0.01281	0.00934	0.21350	0.11738	0.02955	0.11134	0.24936	0.09212	0.04894	0.00955	0.00272	0.00556	0.01283	0.00704	0.00870
14	0.01739	0.02495	0.19820	0.02624	0.07133	0.10373	0.34392	0.02307	0.01676	0.02216	0.01484	0.05145	0.01211	0.00750	0.00837	0.00237	0.03454	0.00769	0.00366	0.00972
15	0.01640	0.01336	0.01729	0.10048	0.02233	0.01126	0.03622	0.03867	0.01599	0.06417	0.01406	0.01643	0.01112	0.00596	0.00591	0.00140	0.00631	0.00498	0.00451	0.59314
16	0.01703	0.00936	0.01205	0.01062	0.01357	0.00867	0.00822	0.02132	0.06874	0.21977	0.38635	0.08998	0.07738	0.01351	0.00818	0.00234	0.00445	0.01172	0.00810	0.00867
17	0.01746	0.01632	0.02726	0.13445	0.49543	0.01683	0.04937	0.06049	0.01732	0.02424	0.03743	0.02033	0.01368	0.02864	0.00819	0.00236	0.00868	0.00692	0.00395	0.01065
18	0.01631	0.01548	0.02595	0.31356	0.41598	0.01686	0.02105	0.02146	0.04164	0.02196	0.01399	0.01889	0.01120	0.00692	0.00723	0.00228	0.00894	0.00654	0.00360	0.01015
19	0.00900	0.00660	0.00848	0.00985	0.01066	0.00608	0.00681	0.01051	0.01464	0.01920	0.06594	0.59143	0.14102	0.02177	0.00919	0.00288	0.00423	0.04892	0.00679	0.00600
20	0.30974	0.01744	0.01671	0.01355	0.01870	0.04245	0.01107	0.30205	0.07552	0.06876	0.01582	0.01622	0.01157	0.00791	0.00615	0.00217	0.00692	0.00559	0.00609	0.04558
21	0.19124	0.00984	0.01035	0.00977	0.01186	0.01013	0.00687	0.05425	0.01399	0.06214	0.02369	0.20144	0.02538	0.28280	0.01800	0.00413	0.00597	0.01078	0.00543	0.04193

[dist]
# distance from previous block
# <min> <max>
0	2

[block]
# block no. 5 follows, 28 sequences, length 9
# corresponding to MSA columns:
# 184-192
name=unknown_F
#
# <colnr> <probs for GDERKNQSTAVLIFYWHMCP>
#	G	D	E	R	K	N	Q	S	T	A	V	L	I	F	Y	W	H	M	C	P
0	0.01711	0.01637	0.02792	0.18531	0.56537	0.01704	0.02187	0.02154	0.01614	0.02268	0.01352	0.01828	0.01114	0.00664	0.00721	0.00221	0.00885	0.00647	0.00352	0.01081
1	0.64132	0.06410	0.01380	0.01099	0.01550	0.11227	0.00901	0.02244	0.01365	0.02960	0.01027	0.01198	0.00817	0.00681	0.00479	0.00215	0.00678	0.00403	0.00431	0.00804
2	0.00982	0.00741	0.00907	0.00866	0.01058	0.00666	0.00649	0.01282	0.01948	0.02655	0.52571	0.05857	0.23986	0.01583	0.00858	0.00233	0.00350	0.01374	0.00766	0.00666
3	0.02527	0.02163	0.01893	0.01575	0.02037	0.20591	0.01248	0.30065	0.11632	0.08732	0.01893	0.01910	0.01394	0.00855	0.00689	0.00210	0.00848	0.00635	0.08039	0.01066
4	0.01550	0.00834	0.01074	0.00972	0.01202	0.00765	0.00728	0.01824	0.01851	0.17728	0.35747	0.10089	0.04639	0.09078	0.01102	0.00278	0.00449	0.01158	0.08158	0.00774
5	0.00987	0.00736	0.00883	0.00850	0.01018	0.00669	0.00616	0.01240	0.01813	0.02452	0.43483	0.05764	0.23352	0.11508	0.01244	0.00298	0.00399	0.01339	0.00717	0.00633
6	0.09990	0.01530	0.01720	0.01382	0.01891	0.01604	0.01125	0.22588	0.15415	0.27799	0.02348	0.02190	0.01619	0.00885	0.00694	0.00224	0.00646	0.00691	0.04509	0.01150
7	0.01536	0.01459	0.02475	0.46591	0.29847	0.01658	0.02100	0.02000	0.01531	0.02055	0.01321	0.01885	0.01039	0.00696	0.00724	0.00232	0.00929	0.00647	0.00337	0.00939
8	0.01431	0.01351	0.02285	0.63424	0.13836	0.01630	0.02048	0.01908	0.01481	0.01928	0.01302	0.01919	0.00994	0.00716	0.00726	0.00239	0.00955	0.00646	0.00328	0.00854

[dist]
# distance from previous block
# <min> <max>
0	1

[block]
# block no. 6 follows, 28 sequences, length 6
# corresponding to MSA columns:
# 194-199
name=unknown_G
#
# <colnr> <probs for GDERKNQSTAVLIFYWHMCP>
#	G	D	E	R	K	N	Q	S	T	A	V	L	I	F	Y	W	H	M	C	P
0	0.00999	0.00715	0.00837	0.00866	0.00954	0.00678	0.00578	0.01118	0.01388	0.01818	0.11721	0.15125	0.16962	0.35936	0.02212	0.00472	0.00552	0.05947	0.00580	0.00542
1	0.01313	0.01184	0.02002	0.49396	0.03887	0.01389	0.06561	0.01682	0.01399	0.01814	0.01665	0.08903	0.01532	0.09108	0.01188	0.04142	0.00892	0.00838	0.00371	0.00736
2	0.15257	0.02040	0.01908	0.01543	0.02060	0.11538	0.01249	0.38728	0.08097	0.08035	0.01710	0.01718	0.01237	0.00834	0.00673	0.00218	0.00801	0.00605	0.00646	0.01102
3	0.15538	0.01768	0.01904	0.19027	0.06235	0.08664	0.01422	0.22569	0.06553	0.03053	0.01805	0.01998	0.04763	0.00838	0.00679	0.00225	0.00816	0.00646	0.00524	0.00971
4	0.12535	0.14239	0.25117	0.05723	0.06035	0.11409	0.01771	0.02205	0.01522	0.02187	0.01321	0.05444	0.01139	0.00811	0.00745	0.00221	0.05703	0.00587	0.00361	0.00924
5	0.02477	0.01960	0.02003	0.01612	0.02080	0.13161	0.04189	0.35775	0.02585	0.10900	0.01817	0.02095	0.01404	0.06800	0.07473	0.00339	0.00980	0.00684	0.00620	0.01047

[dist]
# distance from previous block
# <min> <max>
2	50

[block]
# block no. 7 follows, 28 sequences, length 21
# corresponding to MSA columns:
# 254-274
name=unknown_H
#
# <colnr> <probs for GDERKNQSTAVLIFYWHMCP>
#	G	D	E	R	K	N	Q	S	T	A	V	L	I	F	Y	W	H	M	C	P
0	0.04705	0.01714	0.06105	0.15587	0.09576	0.08332	0.06181	0.04895	0.03151	0.02305	0.07653	0.02453	0.06634	0.00932	0.00929	0.00231	0.09962	0.00744	0.03047	0.04864
1	0.05021	0.17190	0.31033	0.04215	0.02696	0.01861	0.11841	0.05092	0.01638	0.02325	0.06117	0.01934	0.01447	0.03645	0.00794	0.00236	0.00933	0.00634	0.00383	0.00965
2	0.49034	0.13217	0.01767	0.07278	0.01915	0.01921	0.01054	0.11849	0.01619	0.03090	0.01145	0.01328	0.00893	0.00700	0.00518	0.00214	0.00667	0.00453	0.00458	0.00879
3	0.14816	0.10435	0.02086	0.03621	0.02040	0.18315	0.01271	0.16274	0.02017	0.09405	0.03185	0.01642	0.01220	0.00847	0.00843	0.00219	0.09738	0.00561	0.00509	0.00956
4	0.01532	0.01194	0.01219	0.04680	0.01463	0.09665	0.00893	0.03692	0.01509	0.03812	0.01956	0.02585	0.01674	0.07870	0.16761	0.00454	0.06019	0.00701	0.31604	0.00717
5	0.01001	0.00727	0.00918	0.00895	0.01043	0.00671	0.00647	0.01272	0.01850	0.02564	0.50182	0.12325	0.12174	0.09129	0.01158	0.00286	0.00391	0.01384	0.00739	0.00644
6	0.01043	0.00699	0.00797	0.00811	0.00815	0.00695	0.00460	0.01053	0.01085	0.01447	0.02436	0.10623	0.02826	0.68338	0.03465	0.00670	0.00681	0.01143	0.00460	0.00453
7	0.03019	0.01247	0.01655	0.01285	0.01812	0.01116	0.01055	0.07840	0.02172	0.59511	0.08990	0.02698	0.02230	0.00952	0.00742	0.00225	0.00606	0.00780	0.00878	0.01186
8	0.01429	0.00829	0.01052	0.00966	0.01217	0.00737	0.00734	0.01701	0.01899	0.16297	0.35143	0.13290	0.18796	0.01536	0.00840	0.00239	0.00414	0.01331	0.00779	0.00771
9	0.05578	0.01004	0.01285	0.01091	0.01440	0.00922	0.00860	0.04236	0.02017	0.30026	0.31593	0.08042	0.06350	0.01253	0.00788	0.00231	0.00483	0.01070	0.00810	0.00921
10	0.01221	0.00797	0.00915	0.00880	0.01134	0.00702	0.00687	0.01468	0.01754	0.09670	0.15556	0.06016	0.40277	0.01615	0.00829	0.00243	0.00419	0.07702	0.07409	0.00704
11	0.70244	0.01443	0.01179	0.01024	0.01489	0.01647	0.00844	0.06907	0.01436	0.06718	0.01158	0.01286	0.00870	0.00700	0.00484	0.00224	0.00582	0.00429	0.00492	0.00842
12	0.01679	0.01967	0.13144	0.15058	0.49324	0.01703	0.02266	0.02182	0.01604	0.02281	0.01346	0.01781	0.01087	0.00667	0.00716	0.00222	0.00913	0.00631	0.00346	0.01084
13	0.01515	0.01416	0.02382	0.41025	0.29003	0.01590	0.02025	0.01967	0.01548	0.02078	0.01540	0.02424	0.01314	0.00807	0.00748	0.00240	0.00904	0.06183	0.00367	0.00924
14	0.00929	0.00664	0.00893	0.01062	0.01123	0.00628	0.00750	0.01087	0.01435	0.01904	0.03982	0.63960	0.04713	0.02236	0.00939	0.00301	0.00459	0.11656	0.00674	0.00602
15	0.00989	0.00739	0.00929	0.00966	0.01132	0.00679	0.00740	0.01253	0.01773	0.02364	0.31061	0.18555	0.21005	0.01807	0.00897	0.00264	0.00422	0.13053	0.00724	0.00649
16	0.00891	0.00653	0.00824	0.00956	0.01029	0.00600	0.00643	0.01020	0.01416	0.01849	0.04454	0.59513	0.15111	0.06064	0.01065	0.00309	0.00428	0.01927	0.00662	0.00586
17	0.01277	0.00804	0.00969	0.00899	0.01137	0.00710	0.00675	0.01523	0.01825	0.11973	0.30234	0.08423	0.29186	0.05884	0.01011	0.00265	0.00416	0.01330	0.00741	0.00718
18	0.10388	0.07051	0.56439	0.01946	0.02911	0.01749	0.05220	0.02278	0.01506	0.02382	0.01263	0.01494	0.00914	0.00682	0.00659	0.00226	0.01007	0.00527	0.00326	0.01030
19	0.00923	0.00658	0.00874	0.00999	0.01053	0.00634	0.00674	0.01062	0.01381	0.01862	0.07546	0.57373	0.04471	0.09214	0.07256	0.00404	0.00575	0.01817	0.00636	0.00587
20	0.01378	0.07434	0.01830	0.01346	0.01682	0.01206	0.10943	0.08469	0.02046	0.02799	0.40046	0.07653	0.07669	0.01271	0.00814	0.00228	0.00568	0.01144	0.00673	0.00801

[dist]
# distance from previous block
# <min> <max>
1	21

[block]
# block no. 8 follows, 28 sequences, length 12
# corresponding to MSA columns:
# 298-309
name=unknown_I
#
# <colnr> <probs for GDERKNQSTAVLIFYWHMCP>
#	G	D	E	R	K	N	Q	S	T	A	V	L	I	F	Y	W	H	M	C	P
0	0.42970	0.05691	0.12538	0.01458	0.06279	0.01648	0.01275	0.04946	0.01542	0.13595	0.01402	0.01502	0.01017	0.00716	0.00562	0.00221	0.00693	0.00496	0.00496	0.00953
1	0.02643	0.01976	0.02114	0.01648	0.02208	0.02198	0.01353	0.59491	0.11618	0.04387	0.01898	0.01867	0.01360	0.00887	0.00729	0.00222	0.00772	0.00676	0.00729	0.01225
2	0.01050	0.00750	0.00901	0.00905	0.01002	0.00696	0.00580	0.01148	0.01275	0.01751	0.06470	0.27367	0.03414	0.38021	0.02261	0.00474	0.00572	0.01334	0.00537	0.09491
3	0.01120	0.00785	0.01063	0.05623	0.01368	0.00750	0.00786	0.01444	0.01940	0.05328	0.54709	0.13248	0.06035	0.01508	0.00852	0.00237	0.00404	0.01338	0.00758	0.00704
4	0.01061	0.00843	0.00965	0.00917	0.01147	0.00799	0.00693	0.01558	0.10274	0.02563	0.37134	0.05693	0.30531	0.01560	0.00843	0.00237	0.00382	0.01337	0.00744	0.00716
5	0.00922	0.00658	0.00885	0.01053	0.01111	0.00621	0.00737	0.01074	0.01427	0.01896	0.03987	0.65705	0.04729	0.02243	0.00937	0.00300	0.00453	0.09986	0.00674	0.00600
6	0.01748	0.01675	0.02859	0.12593	0.62185	0.01714	0.02206	0.02186	0.01631	0.02313	0.01358	0.01816	0.01130	0.00657	0.00720	0.00219	0.00876	0.00647	0.00355	0.01110
7	0.01458	0.03760	0.70688	0.02072	0.03146	0.01688	0.02686	0.02302	0.01535	0.02302	0.01304	0.01535	0.00921	0.00691	0.00691	0.00230	0.01074	0.00537	0.00307	0.01074
8	0.00949	0.00751	0.00866	0.00902	0.01108	0.00668	0.00705	0.01184	0.01703	0.02141	0.15703	0.11269	0.42920	0.01850	0.00893	0.00264	0.00429	0.14369	0.00692	0.00634
9	0.01549	0.01663	0.03489	0.02591	0.03177	0.01564	0.51098	0.02076	0.01700	0.02301	0.05543	0.09325	0.02052	0.00950	0.00879	0.00258	0.01050	0.07388	0.00449	0.00898
10	0.27661	0.00922	0.00809	0.00771	0.01035	0.00998	0.00602	0.01843	0.01428	0.02895	0.01914	0.02196	0.01501	0.00789	0.00489	0.00188	0.00414	0.00582	0.52249	0.00714
11	0.01131	0.09294	0.01335	0.01127	0.05512	0.00983	0.00800	0.01382	0.01727	0.02266	0.28273	0.07244	0.25426	0.07273	0.01036	0.00268	0.00475	0.03111	0.00640	0.00698

[dist]
# distance from previous block
# <min> <max>
3	5

[block]
# block no. 9 follows, 28 sequences, length 37
# corresponding to MSA columns:
# 316-352
name=unknown_J
#
# <colnr> <probs for GDERKNQSTAVLIFYWHMCP>
#	G	D	E	R	K	N	Q	S	T	A	V	L	I	F	Y	W	H	M	C	P
0	0.01752	0.01497	0.02216	0.07569	0.32228	0.01569	0.01729	0.12140	0.06618	0.02672	0.02191	0.03565	0.02033	0.01073	0.00798	0.00252	0.00789	0.17771	0.00523	0.01013
1	0.02096	0.01455	0.04556	0.01335	0.01777	0.01460	0.01101	0.06336	0.35795	0.18595	0.02708	0.02559	0.01958	0.00924	0.00695	0.00226	0.00578	0.00756	0.13998	0.01091
2	0.01045	0.00766	0.01012	0.01139	0.01289	0.00733	0.00925	0.01306	0.01626	0.02110	0.08450	0.23715	0.14784	0.02015	0.00954	0.00305	0.00542	0.35963	0.00680	0.00643
3	0.01364	0.01009	0.01211	0.01092	0.01337	0.01020	0.00835	0.12768	0.06783	0.03104	0.47025	0.11317	0.05383	0.01425	0.00834	0.00235	0.00444	0.01242	0.00771	0.00802
4	0.01263	0.00631	0.00947	0.00947	0.00947	0.00631	0.00631	0.00947	0.00947	0.01263	0.01263	0.02210	0.01263	0.02525	0.02841	0.78851	0.00631	0.00631	0.00316	0.00316
5	0.00925	0.00680	0.00868	0.00946	0.01054	0.00622	0.00662	0.01125	0.01628	0.02190	0.24233	0.44346	0.14081	0.01980	0.00897	0.00268	0.00391	0.01768	0.00713	0.00622
6	0.02111	0.59390	0.03429	0.01380	0.01948	0.17777	0.01279	0.02334	0.01603	0.01725	0.01035	0.01197	0.00934	0.00649	0.00507	0.00162	0.00893	0.00406	0.00325	0.00913
7	0.01992	0.63342	0.07716	0.01358	0.01982	0.09731	0.01348	0.02258	0.01539	0.01753	0.01040	0.01203	0.00932	0.00639	0.00499	0.00163	0.00849	0.00406	0.00317	0.00932
8	0.02453	0.01789	0.01958	0.01546	0.02044	0.01983	0.01267	0.54856	0.03009	0.04090	0.01810	0.01949	0.01350	0.01466	0.09924	0.00339	0.00921	0.00672	0.05450	0.01126
9	0.00916	0.00731	0.00820	0.00813	0.01021	0.00635	0.00604	0.01148	0.01769	0.02264	0.27274	0.11077	0.44852	0.01756	0.00863	0.00243	0.00364	0.01499	0.00716	0.00635
10	0.00937	0.00736	0.00802	0.00800	0.00983	0.00652	0.00577	0.01115	0.01599	0.02005	0.15424	0.06375	0.44232	0.16115	0.01425	0.00337	0.00444	0.04202	0.00647	0.00593
11	0.01419	0.00822	0.01072	0.00975	0.01201	0.00747	0.00734	0.01709	0.01939	0.14959	0.46392	0.09610	0.08022	0.05903	0.01013	0.00262	0.00421	0.01253	0.00783	0.00761
12	0.74610	0.01447	0.01141	0.01002	0.01461	0.01671	0.00826	0.06372	0.01378	0.03347	0.01060	0.01217	0.00816	0.00688	0.00468	0.00224	0.00578	0.00411	0.00468	0.00816
13	0.02021	0.01673	0.01696	0.01497	0.01925	0.06043	0.01170	0.06582	0.56390	0.08364	0.02785	0.02565	0.02064	0.00960	0.00733	0.00240	0.00634	0.00786	0.00729	0.01142
14	0.06885	0.03127	0.01616	0.13550	0.06831	0.01289	0.01179	0.07276	0.01870	0.07858	0.26387	0.05894	0.06533	0.01154	0.00863	0.00235	0.05037	0.00961	0.00613	0.00841
15	0.02458	0.02442	0.02127	0.02052	0.10951	0.29022	0.01443	0.26613	0.05244	0.03023	0.06264	0.01882	0.01544	0.00843	0.00708	0.00208	0.00966	0.00634	0.00548	0.01030
16	0.63124	0.01481	0.04238	0.01063	0.01559	0.01537	0.00919	0.02384	0.01394	0.14680	0.01342	0.01417	0.00966	0.00714	0.00508	0.00225	0.00594	0.00458	0.00520	0.00877
17	0.01038	0.00779	0.01168	0.01168	0.01298	0.00909	0.00909	0.01298	0.01168	0.01687	0.01947	0.02856	0.01817	0.05452	0.71573	0.01168	0.01947	0.00779	0.00389	0.00649
18	0.01921	0.01441	0.01696	0.03453	0.01884	0.01613	0.01167	0.34154	0.04688	0.03184	0.02103	0.02457	0.04504	0.02734	0.28879	0.00598	0.01234	0.00748	0.00580	0.00960
19	0.00886	0.00633	0.00843	0.01012	0.01054	0.00590	0.00675	0.01012	0.01392	0.01856	0.04006	0.73979	0.04808	0.02277	0.00928	0.00295	0.00422	0.02066	0.00675	0.00590
20	0.01018	0.00747	0.00928	0.00940	0.01070	0.00758	0.00686	0.01195	0.01321	0.01766	0.03659	0.04853	0.20615	0.22669	0.26076	0.00691	0.01024	0.05456	0.03941	0.00586
21	0.02760	0.02136	0.02173	0.01687	0.02254	0.07119	0.01383	0.62960	0.03322	0.04384	0.01702	0.01715	0.01215	0.00864	0.00722	0.00216	0.00836	0.00641	0.00702	0.01209
22	0.01301	0.00695	0.00761	0.00761	0.00924	0.00717	0.00576	0.01626	0.01464	0.02536	0.02299	0.02735	0.01855	0.01631	0.12611	0.00339	0.00613	0.00695	0.65189	0.00673
23	0.01373	0.00826	0.01044	0.00942	0.01195	0.00736	0.00723	0.01672	0.01977	0.14211	0.45096	0.05256	0.19208	0.01461	0.00836	0.00232	0.00395	0.01261	0.00791	0.00765
24	0.02120	0.01818	0.01813	0.01557	0.02010	0.06820	0.01228	0.20325	0.47000	0.03352	0.02515	0.02362	0.01874	0.00940	0.00730	0.00235	0.00685	0.00754	0.00711	0.01151
25	0.79588	0.01406	0.01068	0.00956	0.01406	0.01631	0.00787	0.02137	0.01237	0.03261	0.01012	0.01181	0.00787	0.00675	0.00450	0.00225	0.00562	0.00394	0.00450	0.00787
26	0.01701	0.02012	0.07110	0.02865	0.09277	0.06479	0.47477	0.02235	0.01694	0.02250	0.01665	0.08575	0.01431	0.00784	0.00830	0.00242	0.01117	0.00908	0.00393	0.00955
27	0.02198	0.01517	0.01622	0.01305	0.01728	0.01647	0.01057	0.42092	0.02724	0.03873	0.06587	0.02304	0.01820	0.00906	0.00667	0.00203	0.00622	0.00707	0.25400	0.01021
28	0.54745	0.06075	0.01527	0.01161	0.01656	0.01870	0.00971	0.19225	0.01822	0.03511	0.01204	0.01327	0.00914	0.00723	0.00523	0.00219	0.00638	0.00461	0.00514	0.00914
29	0.00990	0.00716	0.00939	0.00964	0.01099	0.00665	0.00708	0.01264	0.01825	0.02528	0.44256	0.25902	0.08014	0.01763	0.00887	0.00255	0.00387	0.05433	0.00751	0.00654
30	0.00862	0.00726	0.00747	0.00764	0.00989	0.00611	0.00565	0.01040	0.01630	0.01953	0.07025	0.13748	0.63091	0.01885	0.00866	0.00250	0.00374	0.01588	0.00675	0.00611
31	0.01057	0.00705	0.00793	0.00793	0.00793	0.00705	0.00440	0.01057	0.01057	0.01409	0.02290	0.04757	0.02643	0.74454	0.03700	0.00705	0.00705	0.01057	0.00440	0.00440
32	0.02487	0.01908	0.02094	0.01770	0.05646	0.02121	0.01371	0.49062	0.18774	0.04103	0.02013	0.01977	0.01465	0.00888	0.00730	0.00225	0.00750	0.00694	0.00711	0.01212
33	0.00886	0.00633	0.00843	0.01012	0.01054	0.00590	0.00675	0.01012	0.01392	0.01856	0.04006	0.73979	0.04808	0.02277	0.00928	0.00295	0.00422	0.02066	0.00675	0.00590
34	0.01507	0.01292	0.01507	0.01077	0.01723	0.00969	0.00861	0.01830	0.01507	0.02369	0.01292	0.01507	0.01077	0.00538	0.00538	0.00108	0.00538	0.00431	0.00431	0.78898
35	0.01943	0.68954	0.07191	0.01306	0.01944	0.05007	0.01323	0.02206	0.01499	0.01743	0.01029	0.01190	0.00932	0.00629	0.00484	0.00160	0.00810	0.00399	0.00313	0.00937
36	0.07082	0.01032	0.01217	0.01093	0.01404	0.00979	0.00855	0.08420	0.01879	0.02752	0.25684	0.15177	0.04020	0.01355	0.00777	0.00225	0.00496	0.08289	0.00657	0.16607

[dist]
# distance from previous block
# <min> <max>
1	3

[block]
# block no. 10 follows, 28 sequences, length 39
# corresponding to MSA columns:
# 356-394
name=unknown_K
#
# <colnr> <probs for GDERKNQSTAVLIFYWHMCP>
#	G	D	E	R	K	N	Q	S	T	A	V	L	I	F	Y	W	H	M	C	P
0	0.01472	0.01217	0.01421	0.01167	0.01645	0.01063	0.00919	0.04393	0.10803	0.02449	0.02170	0.13283	0.02073	0.01003	0.00672	0.00179	0.00547	0.06271	0.00542	0.46711
1	0.01507	0.01292	0.01507	0.01077	0.01723	0.00969	0.00861	0.01830	0.01507	0.02369	0.01292	0.01507	0.01077	0.00538	0.00538	0.00108	0.00538	0.00431	0.00431	0.78898
2	0.01287	0.01096	0.01785	0.34179	0.03120	0.01247	0.06931	0.01660	0.01468	0.02034	0.02181	0.18931	0.02122	0.01160	0.00820	0.00250	0.03304	0.03375	0.12304	0.00747
3	0.00926	0.00667	0.00887	0.01048	0.01117	0.00627	0.00742	0.01086	0.01445	0.01907	0.04131	0.61421	0.07575	0.02219	0.00936	0.00299	0.00456	0.11236	0.00674	0.00603
4	0.01799	0.01727	0.02950	0.04462	0.69919	0.01727	0.02231	0.02231	0.01655	0.02375	0.01367	0.01799	0.01151	0.00648	0.00720	0.00216	0.00864	0.00648	0.00360	0.01151
5	0.00911	0.00646	0.00845	0.00985	0.01030	0.00607	0.00652	0.01036	0.01394	0.01867	0.07344	0.63307	0.04699	0.09533	0.01204	0.00333	0.00446	0.01924	0.00658	0.00580
6	0.00886	0.00633	0.00843	0.01012	0.01054	0.00590	0.00675	0.01012	0.01392	0.01856	0.04006	0.73979	0.04808	0.02277	0.00928	0.00295	0.00422	0.02066	0.00675	0.00590
7	0.01663	0.01037	0.01467	0.13059	0.05575	0.01126	0.01106	0.04251	0.01537	0.12091	0.05312	0.06007	0.01856	0.01432	0.03602	0.14971	0.06615	0.00771	0.15757	0.00764
8	0.01727	0.01653	0.02820	0.16027	0.58919	0.01708	0.02195	0.02168	0.01621	0.02287	0.01355	0.01823	0.01120	0.00661	0.00721	0.00220	0.00881	0.00647	0.00354	0.01093
9	0.01569	0.12288	0.59802	0.01964	0.02955	0.04737	0.02459	0.02312	0.01550	0.02209	0.01262	0.01481	0.00923	0.00685	0.00662	0.00219	0.01048	0.00516	0.00310	0.01048
10	0.01425	0.00910	0.01334	0.01401	0.07931	0.00945	0.03313	0.04664	0.01299	0.01899	0.01546	0.02247	0.01380	0.01974	0.05667	0.42055	0.03257	0.00659	0.15521	0.00574
11	0.01907	0.02087	0.05513	0.11760	0.46954	0.14802	0.02070	0.02317	0.01703	0.02200	0.01310	0.01713	0.01080	0.00678	0.00707	0.00214	0.00968	0.00609	0.00356	0.01051
12	0.01024	0.00739	0.00971	0.00944	0.01105	0.00686	0.00709	0.01349	0.01984	0.02791	0.60892	0.11154	0.06557	0.01577	0.00870	0.00239	0.00366	0.04581	0.00783	0.00677
13	0.00942	0.00673	0.00908	0.01076	0.01143	0.00639	0.00772	0.01109	0.01447	0.01918	0.03975	0.61064	0.04685	0.02224	0.00943	0.00303	0.00470	0.14428	0.00674	0.00606
14	0.00915	0.00653	0.00877	0.01045	0.01100	0.00615	0.00725	0.01062	0.01420	0.01888	0.03990	0.67300	0.04744	0.02250	0.00936	0.00299	0.00447	0.08460	0.00674	0.00598
15	0.00942	0.00673	0.00908	0.01076	0.01143	0.00639	0.00772	0.01109	0.01447	0.01918	0.03975	0.61066	0.04685	0.02224	0.00943	0.00303	0.00470	0.14426	0.00674	0.00606
16	0.01029	0.00743	0.00972	0.00914	0.01086	0.00686	0.00686	0.01372	0.02058	0.02915	0.69536	0.05430	0.06859	0.01486	0.00857	0.00229	0.00343	0.01315	0.00800	0.00686
17	0.01943	0.74891	0.03809	0.01244	0.01866	0.02876	0.01244	0.02177	0.01477	0.01710	0.01011	0.01166	0.00933	0.00622	0.00466	0.00155	0.00777	0.00389	0.00311	0.00933
18	0.02651	0.03360	0.02066	0.05281	0.02380	0.68172	0.01434	0.02852	0.02031	0.01783	0.01132	0.01341	0.00938	0.00748	0.00659	0.00190	0.01294	0.00477	0.00372	0.00841
19	0.01141	0.00768	0.01008	0.00934	0.01125	0.00705	0.00705	0.01481	0.02059	0.06313	0.66180	0.05281	0.06604	0.01457	0.00851	0.00228	0.00357	0.01285	0.00805	0.00714
20	0.79588	0.01406	0.01068	0.00956	0.01406	0.01631	0.00787	0.02137	0.01237	0.03261	0.01012	0.01181	0.00787	0.00675	0.00450	0.00225	0.00562	0.00394	0.00450	0.00787
21	0.00958	0.00740	0.00873	0.00840	0.01042	0.00656	0.00630	0.01234	0.01889	0.02515	0.43428	0.06087	0.33216	0.01635	0.00858	0.00236	0.00354	0.01407	0.00748	0.00656
22	0.01037	0.00830	0.00906	0.00868	0.01102	0.00763	0.00650	0.04187	0.05019	0.02333	0.21363	0.08535	0.43629	0.04371	0.00955	0.00259	0.00406	0.01411	0.00701	0.00677
23	0.01164	0.00776	0.00999	0.00924	0.01129	0.00705	0.00700	0.01489	0.02024	0.07374	0.59629	0.05367	0.11991	0.01478	0.00849	0.00230	0.00364	0.01294	0.00796	0.00717
24	0.02185	0.52558	0.03262	0.01440	0.01985	0.24344	0.01294	0.02404	0.01659	0.01732	0.01046	0.01211	0.00934	0.00662	0.00526	0.00165	0.00944	0.00414	0.00331	0.00905
25	0.02459	0.01660	0.07324	0.01429	0.01969	0.01529	0.01241	0.21576	0.13326	0.26398	0.04671	0.02556	0.05204	0.00952	0.00729	0.00226	0.00667	0.00764	0.04183	0.01136
26	0.01614	0.02153	0.15755	0.01971	0.02368	0.10681	0.12253	0.01994	0.01441	0.01955	0.01459	0.06768	0.01340	0.01558	0.09820	0.00373	0.24533	0.00747	0.00364	0.00854
27	0.79588	0.01406	0.01068	0.00956	0.01406	0.01631	0.00787	0.02137	0.01237	0.03261	0.01012	0.01181	0.00787	0.00675	0.00450	0.00225	0.00562	0.00394	0.00450	0.00787
28	0.01716	0.01961	0.04289	0.03064	0.03799	0.01838	0.67279	0.02328	0.01716	0.02328	0.01471	0.01961	0.01103	0.00613	0.00858	0.00245	0.01225	0.00858	0.00368	0.00980
29	0.01507	0.01292	0.01507	0.01077	0.01723	0.00969	0.00861	0.01830	0.01507	0.02369	0.01292	0.01507	0.01077	0.00538	0.00538	0.00108	0.00538	0.00431	0.00431	0.78898
30	0.01086	0.00760	0.00962	0.00901	0.01099	0.00689	0.00680	0.01402	0.01997	0.05274	0.57573	0.05559	0.16252	0.01518	0.00853	0.00231	0.00357	0.01326	0.00785	0.00695
31	0.75877	0.01371	0.01050	0.00943	0.01379	0.01585	0.00774	0.02116	0.01251	0.03235	0.01077	0.01253	0.00838	0.00683	0.00453	0.00222	0.00552	0.00407	0.04153	0.00782
32	0.79588	0.01406	0.01068	0.00956	0.01406	0.01631	0.00787	0.02137	0.01237	0.03261	0.01012	0.01181	0.00787	0.00675	0.00450	0.00225	0.00562	0.00394	0.00450	0.00787
33	0.02763	0.02036	0.02182	0.01672	0.02254	0.02254	0.01382	0.67496	0.03418	0.04581	0.01745	0.01745	0.01236	0.00873	0.00727	0.00218	0.00800	0.00654	0.00727	0.01236
34	0.00886	0.00633	0.00843	0.01012	0.01054	0.00590	0.00675	0.01012	0.01392	0.01856	0.04006	0.73979	0.04808	0.02277	0.00928	0.00295	0.00422	0.02066	0.00675	0.00590
35	0.01021	0.00743	0.00960	0.00906	0.01081	0.00682	0.00679	0.01356	0.02038	0.02869	0.66554	0.05505	0.09869	0.01503	0.00857	0.00229	0.00344	0.01325	0.00794	0.00682
36	0.01057	0.00705	0.00793	0.00793	0.00793	0.00705	0.00440	0.01057	0.01057	0.01409	0.02290	0.04757	0.02643	0.74454	0.03700	0.00705	0.00705	0.01057	0.00440	0.00440
37	0.10723	0.01433	0.02157	0.43455	0.07158	0.01763	0.03685	0.05019	0.01481	0.02173	0.01232	0.01775	0.00971	0.00812	0.00978	0.00251	0.13108	0.00621	0.00359	0.00846
38	0.05787	0.05490	0.15661	0.20836	0.10133	0.03698	0.01860	0.04464	0.01500	0.02187	0.01268	0.01706	0.01018	0.00833	0.01037	0.00242	0.16496	0.00594	0.04280	0.00909

[dist]
# distance from previous block
# <min> <max>
0	1

[block]
# block no. 11 follows, 28 sequences, length 41
# corresponding to MSA columns:
# 396-436
name=unknown_L
#
# <colnr> <probs for GDERKNQSTAVLIFYWHMCP>
#	G	D	E	R	K	N	Q	S	T	A	V	L	I	F	Y	W	H	M	C	P
0	0.22990	0.03052	0.01622	0.09886	0.03528	0.01523	0.01129	0.11608	0.07482	0.19012	0.02260	0.02339	0.06239	0.03387	0.00760	0.00244	0.00661	0.00686	0.00615	0.00977
1	0.01522	0.01246	0.01453	0.01126	0.01653	0.01032	0.00880	0.08494	0.01684	0.02503	0.01846	0.15065	0.01790	0.00898	0.00631	0.00154	0.00544	0.00759	0.00507	0.56214
2	0.01877	0.50966	0.16114	0.04396	0.02327	0.07486	0.03873	0.02244	0.01537	0.01853	0.01101	0.01304	0.00938	0.00648	0.00546	0.00178	0.00894	0.00449	0.00317	0.00949
3	0.08004	0.01853	0.01962	0.01550	0.02084	0.02054	0.01268	0.49489	0.12393	0.06611	0.01926	0.01899	0.01384	0.00875	0.00703	0.00221	0.00730	0.00663	0.03154	0.01175
4	0.01015	0.00752	0.00935	0.00926	0.01099	0.00693	0.00705	0.01294	0.01833	0.02480	0.41262	0.06101	0.19553	0.07783	0.01118	0.00287	0.00425	0.10367	0.00725	0.00647
5	0.54354	0.01399	0.01340	0.07103	0.01841	0.01558	0.00977	0.06011	0.01535	0.15865	0.01426	0.01520	0.01018	0.00733	0.00542	0.00226	0.00620	0.00493	0.00539	0.00899
6	0.01473	0.05939	0.68639	0.02046	0.03107	0.01725	0.02642	0.02298	0.01533	0.02284	0.01295	0.01523	0.00921	0.00689	0.00684	0.00228	0.01065	0.00533	0.00307	0.01070
7	0.00916	0.00711	0.00842	0.00923	0.01080	0.00636	0.00682	0.01105	0.01578	0.01993	0.08459	0.32106	0.34346	0.02009	0.00903	0.00275	0.00425	0.09717	0.00680	0.00615
8	0.33730	0.01782	0.01733	0.01384	0.01912	0.02003	0.01142	0.41150	0.02539	0.04049	0.01450	0.01518	0.01055	0.00793	0.00615	0.00221	0.00704	0.00549	0.00615	0.01055
9	0.02286	0.01546	0.01765	0.05376	0.02021	0.01671	0.01170	0.33394	0.09850	0.12930	0.02188	0.02743	0.01770	0.14145	0.01273	0.00315	0.00737	0.03102	0.00677	0.01039
10	0.01170	0.00864	0.01223	0.01187	0.01350	0.00996	0.00929	0.05966	0.01338	0.01925	0.01947	0.02773	0.01778	0.04978	0.64244	0.01068	0.01813	0.00767	0.02993	0.00691
11	0.01045	0.00737	0.00952	0.00926	0.01091	0.00675	0.00684	0.01343	0.01930	0.04179	0.53912	0.15880	0.10678	0.01617	0.00865	0.00240	0.00363	0.01431	0.00775	0.00679
12	0.03269	0.00766	0.00967	0.00922	0.01107	0.00715	0.00701	0.01377	0.01989	0.02825	0.60255	0.05543	0.10978	0.01511	0.00852	0.00234	0.00366	0.04165	0.00775	0.00683
13	0.01433	0.00974	0.01198	0.01068	0.01330	0.00964	0.00823	0.06504	0.10174	0.08734	0.51131	0.04594	0.05478	0.01333	0.00823	0.00230	0.00426	0.01160	0.00796	0.00827
14	0.01506	0.00899	0.01153	0.01062	0.01316	0.00849	0.00819	0.01952	0.07561	0.15575	0.38350	0.12168	0.07410	0.01459	0.00839	0.00243	0.00442	0.04792	0.00789	0.00816
15	0.14338	0.01597	0.02118	0.30474	0.13463	0.03704	0.01685	0.14383	0.01813	0.02667	0.01316	0.01717	0.01016	0.00773	0.00796	0.00235	0.05938	0.00602	0.00426	0.00938
16	0.05138	0.38870	0.02915	0.01496	0.02027	0.24585	0.01298	0.11925	0.01937	0.02207	0.01154	0.01297	0.00973	0.00701	0.00564	0.00177	0.00943	0.00453	0.00397	0.00943
17	0.73117	0.01459	0.01162	0.01016	0.01477	0.01683	0.00837	0.07642	0.01421	0.03373	0.01074	0.01228	0.00825	0.00691	0.00473	0.00224	0.00582	0.00416	0.00473	0.00825
18	0.01924	0.01865	0.06680	0.03888	0.53802	0.03673	0.06795	0.02372	0.01700	0.08083	0.01491	0.01839	0.01184	0.00672	0.00727	0.00219	0.00893	0.00658	0.00403	0.01133
19	0.01058	0.00770	0.01030	0.01160	0.01307	0.00742	0.00946	0.01328	0.01638	0.02139	0.09807	0.23270	0.11784	0.02009	0.00958	0.00307	0.00550	0.37871	0.00682	0.00646
20	0.01561	0.15172	0.54968	0.02108	0.07722	0.01884	0.02419	0.02277	0.01534	0.02211	0.01261	0.01494	0.00939	0.00676	0.00656	0.00217	0.01011	0.00521	0.00311	0.01057
21	0.00889	0.00648	0.00839	0.00980	0.01049	0.00597	0.00663	0.01031	0.01448	0.01914	0.07281	0.64276	0.11310	0.02199	0.00918	0.00287	0.00413	0.01980	0.00680	0.00597
22	0.01105	0.00877	0.01296	0.01257	0.01372	0.01067	0.00991	0.01352	0.01162	0.01695	0.01827	0.02703	0.01713	0.04948	0.63237	0.01066	0.10523	0.00762	0.00381	0.00667
23	0.01660	0.01741	0.02362	0.01981	0.02107	0.08458	0.09424	0.01874	0.01293	0.01829	0.01247	0.06699	0.01241	0.01215	0.01939	0.00296	0.52724	0.00748	0.00354	0.00807
24	0.01769	0.01696	0.02895	0.09351	0.65269	0.01719	0.02216	0.02204	0.01641	0.02338	0.01362	0.01809	0.01138	0.00653	0.00720	0.00218	0.00871	0.00648	0.00357	0.01127
25	0.01812	0.01797	0.02791	0.12788	0.56976	0.06714	0.02145	0.02232	0.01659	0.02268	0.01340	0.01781	0.01113	0.00665	0.00716	0.00217	0.00909	0.00635	0.00356	0.01086
26	0.02205	0.01748	0.01866	0.01591	0.03814	0.04309	0.01240	0.38521	0.15054	0.03601	0.02545	0.07075	0.07406	0.01176	0.02491	0.00255	0.02488	0.00847	0.00681	0.01085
27	0.79588	0.01406	0.01068	0.00956	0.01406	0.01631	0.00787	0.02137	0.01237	0.03261	0.01012	0.01181	0.00787	0.00675	0.00450	0.00225	0.00562	0.00394	0.00450	0.00787
28	0.10226	0.01742	0.01640	0.03152	0.06579	0.15032	0.01139	0.12238	0.08246	0.11000	0.06744	0.02369	0.04248	0.00897	0.00669	0.00212	0.00728	0.00696	0.11493	0.00951
29	0.01333	0.00719	0.00797	0.04718	0.01112	0.00747	0.00622	0.01674	0.01494	0.02587	0.02280	0.02678	0.01810	0.01181	0.05786	0.00247	0.00493	0.00683	0.68358	0.00683
