[name]
unknown

[dist]
# distance from previous block
# <min> <max>
18	41

[block]
# block no. 0 follows, 31 sequences, length 19
# corresponding to MSA columns:
# 43-61
name=unknown_A
#
# <colnr> <probs for GDERKNQSTAVLIFYWHMCP>
#	G	D	E	R	K	N	Q	S	T	A	V	L	I	F	Y	W	H	M	C	P
0	0.04835	0.01353	0.06698	0.12480	0.04451	0.01312	0.01207	0.13740	0.09299	0.07173	0.01881	0.02424	0.03667	0.05222	0.01274	0.17803	0.00696	0.03208	0.00484	0.00792
1	0.03669	0.03772	0.01784	0.11477	0.13881	0.03889	0.01344	0.10669	0.10658	0.04721	0.02082	0.03166	0.01859	0.01085	0.00826	0.04626	0.00708	0.15226	0.03688	0.00867
2	0.04187	0.01644	0.01830	0.13810	0.04754	0.05686	0.01311	0.25213	0.23857	0.05448	0.01919	0.02028	0.01439	0.02904	0.00755	0.00229	0.00727	0.00661	0.00585	0.01015
3	0.02010	0.01382	0.01652	0.05420	0.06443	0.01496	0.01163	0.05447	0.41305	0.19494	0.02680	0.02505	0.04089	0.00897	0.00696	0.00224	0.00589	0.00750	0.00686	0.01072
4	0.00968	0.00699	0.00914	0.00861	0.01022	0.00646	0.00646	0.01291	0.01937	0.02743	0.71328	0.05110	0.06455	0.01399	0.00807	0.00215	0.00323	0.01237	0.00753	0.00646
5	0.01077	0.00770	0.01074	0.01231	0.01378	0.00766	0.01059	0.01374	0.01550	0.02019	0.03636	0.14045	0.03992	0.01914	0.00938	0.00312	0.00608	0.61004	0.00630	0.00623
6	0.05362	0.01745	0.01849	0.01440	0.01938	0.01927	0.01184	0.59000	0.02933	0.04060	0.01685	0.01728	0.01216	0.00812	0.00651	0.00200	0.00694	0.00609	0.09880	0.01086
7	0.00983	0.00658	0.00750	0.00761	0.00764	0.00656	0.00430	0.00992	0.01017	0.01356	0.02270	0.09515	0.02632	0.70721	0.03297	0.00636	0.00644	0.01062	0.00430	0.00425
8	0.80789	0.01323	0.01006	0.00900	0.01323	0.01535	0.00741	0.02011	0.01164	0.03070	0.00953	0.01111	0.00741	0.00635	0.00423	0.00212	0.00529	0.00370	0.00423	0.00741
9	0.01829	0.76368	0.03585	0.01171	0.01756	0.02707	0.01171	0.02049	0.01390	0.01610	0.00951	0.01097	0.00878	0.00585	0.00439	0.00146	0.00732	0.00366	0.00293	0.00878
10	0.80789	0.01323	0.01006	0.00900	0.01323	0.01535	0.00741	0.02011	0.01164	0.03070	0.00953	0.01111	0.00741	0.00635	0.00423	0.00212	0.00529	0.00370	0.00423	0.00741
11	0.02552	0.01994	0.01992	0.01568	0.02085	0.09068	0.01278	0.56199	0.07551	0.06241	0.01697	0.01686	0.01215	0.00818	0.00679	0.00204	0.00780	0.00612	0.00658	0.01122
12	0.01565	0.01670	0.02671	0.02116	0.02365	0.05822	0.23756	0.01856	0.01295	0.01832	0.01190	0.04772	0.01099	0.01006	0.01623	0.00269	0.43244	0.00717	0.00332	0.00800
13	0.80789	0.01323	0.01006	0.00900	0.01323	0.01535	0.00741	0.02011	0.01164	0.03070	0.00953	0.01111	0.00741	0.00635	0.00423	0.00212	0.00529	0.00370	0.00423	0.00741
14	0.03070	0.01164	0.01588	0.01217	0.01746	0.01006	0.01006	0.03334	0.01958	0.72163	0.02699	0.02329	0.01694	0.00847	0.00688	0.00212	0.00582	0.00688	0.00847	0.01164
15	0.00847	0.00614	0.00801	0.00924	0.00991	0.00568	0.00628	0.00994	0.01400	0.01870	0.11856	0.62493	0.09429	0.02028	0.00861	0.00267	0.00385	0.01827	0.00649	0.00568
16	0.80789	0.01323	0.01006	0.00900	0.01323	0.01535	0.00741	0.02011	0.01164	0.03070	0.00953	0.01111	0.00741	0.00635	0.00423	0.00212	0.00529	0.00370	0.00423	0.00741
17	0.01054	0.00759	0.00957	0.01041	0.01147	0.00750	0.00738	0.08947	0.01546	0.02061	0.03515	0.63281	0.04102	0.01976	0.00855	0.00271	0.00451	0.05278	0.00641	0.00630
18	0.01713	0.01326	0.01531	0.01116	0.01710	0.01113	0.00902	0.12723	0.01742	0.06962	0.01378	0.01512	0.01080	0.00579	0.00547	0.00125	0.00551	0.00457	0.00478	0.62456

[dist]
# distance from previous block
# <min> <max>
4	10

[block]
# block no. 1 follows, 31 sequences, length 49
# corresponding to MSA columns:
# 74-122
name=unknown_B
#
# <colnr> <probs for GDERKNQSTAVLIFYWHMCP>
#	G	D	E	R	K	N	Q	S	T	A	V	L	I	F	Y	W	H	M	C	P
0	0.17732	0.04388	0.01419	0.01175	0.01524	0.01391	0.00954	0.19062	0.07225	0.05698	0.13388	0.10592	0.02696	0.01141	0.00693	0.00229	0.00562	0.08661	0.00622	0.00849
1	0.01844	0.62750	0.03290	0.01257	0.01761	0.02544	0.01206	0.02056	0.01372	0.04994	0.01028	0.01210	0.00920	0.00680	0.00693	0.00170	0.10620	0.00412	0.00320	0.00874
2	0.03051	0.01195	0.01607	0.01232	0.01762	0.01051	0.01017	0.06013	0.02009	0.69412	0.02656	0.02301	0.01672	0.00846	0.00688	0.00211	0.00589	0.00685	0.00840	0.01164
3	0.00977	0.00733	0.01100	0.01100	0.01222	0.00855	0.00855	0.01222	0.01100	0.01588	0.01833	0.02688	0.01710	0.05131	0.73245	0.01100	0.01833	0.00733	0.00367	0.00611
4	0.01372	0.03539	0.72412	0.01950	0.02961	0.01589	0.02528	0.02167	0.01444	0.02167	0.01228	0.01444	0.00867	0.00650	0.00650	0.00217	0.01011	0.00506	0.00289	0.01011
5	0.01419	0.01216	0.01419	0.01013	0.01621	0.00912	0.00811	0.01723	0.01419	0.02229	0.01216	0.01419	0.01013	0.00507	0.00507	0.00101	0.00507	0.00405	0.00405	0.80139
6	0.01608	0.01388	0.01457	0.01319	0.01689	0.01584	0.01024	0.03356	0.63212	0.02755	0.03220	0.02976	0.09374	0.01013	0.00708	0.00232	0.00521	0.00844	0.00690	0.01030
7	0.01381	0.01158	0.01579	0.14742	0.05085	0.01067	0.03933	0.01793	0.04785	0.04120	0.06137	0.04420	0.06494	0.00778	0.00622	0.00168	0.00591	0.00673	0.04044	0.36431
8	0.00903	0.00697	0.00824	0.00792	0.00982	0.00618	0.00594	0.01164	0.01782	0.02376	0.44894	0.05715	0.33119	0.01536	0.00808	0.00222	0.00333	0.01322	0.00705	0.00618
9	0.01767	0.01349	0.01551	0.01150	0.01720	0.01178	0.00927	0.17036	0.01853	0.07010	0.01491	0.04048	0.01209	0.00654	0.00570	0.00138	0.00563	0.00523	0.00503	0.54760
10	0.39980	0.04929	0.01538	0.01231	0.01678	0.13150	0.00999	0.15467	0.06035	0.07263	0.01325	0.01398	0.00994	0.00712	0.00539	0.00203	0.00698	0.00474	0.00500	0.00885
11	0.00845	0.00604	0.00807	0.00966	0.01010	0.00566	0.00655	0.00972	0.01321	0.01759	0.03764	0.72637	0.04500	0.02133	0.00876	0.00279	0.00407	0.04706	0.00635	0.00559
12	0.01419	0.01216	0.01419	0.01013	0.01621	0.00912	0.00811	0.01723	0.01419	0.02229	0.01216	0.01419	0.01013	0.00507	0.00507	0.00101	0.00507	0.00405	0.00405	0.80139
13	0.02246	0.01706	0.01863	0.01406	0.01971	0.01758	0.01153	0.49088	0.02677	0.03687	0.01514	0.01575	0.01118	0.00727	0.00631	0.00174	0.00679	0.00553	0.00601	0.24873
14	0.01813	0.72781	0.03514	0.01201	0.01758	0.02678	0.01186	0.02029	0.01374	0.01611	0.00949	0.01117	0.00879	0.00615	0.00526	0.00154	0.04275	0.00377	0.00293	0.00872
15	0.00901	0.00697	0.00821	0.00790	0.00981	0.00617	0.00593	0.01161	0.01778	0.02366	0.44183	0.05732	0.33835	0.01539	0.00808	0.00222	0.00333	0.01324	0.00703	0.00617
16	0.01557	0.01192	0.01336	0.01170	0.01480	0.01278	0.00911	0.18785	0.20048	0.03045	0.26353	0.08943	0.06449	0.01187	0.00744	0.00221	0.00493	0.01008	0.02924	0.00878
17	0.08355	0.01626	0.01739	0.01385	0.01846	0.01783	0.01115	0.44019	0.10533	0.09280	0.01863	0.02061	0.01421	0.08714	0.00960	0.00258	0.00688	0.00661	0.00651	0.01043
18	0.00996	0.00714	0.00861	0.00819	0.01017	0.00634	0.00616	0.01258	0.01786	0.05311	0.43744	0.07498	0.29201	0.01515	0.00804	0.00222	0.00344	0.01307	0.00712	0.00641
19	0.02448	0.01576	0.01838	0.01463	0.01915	0.01725	0.01200	0.34493	0.10608	0.21929	0.01992	0.01957	0.01408	0.01033	0.03441	0.00252	0.08295	0.00656	0.00678	0.01092
20	0.03070	0.01164	0.01588	0.01217	0.01746	0.01006	0.01006	0.03334	0.01958	0.72163	0.02699	0.02329	0.01694	0.00847	0.00688	0.00212	0.00582	0.00688	0.00847	0.01164
21	0.80789	0.01323	0.01006	0.00900	0.01323	0.01535	0.00741	0.02011	0.01164	0.03070	0.00953	0.01111	0.00741	0.00635	0.00423	0.00212	0.00529	0.00370	0.00423	0.00741
22	0.01497	0.01497	0.02095	0.01796	0.01796	0.02095	0.01497	0.01646	0.01048	0.01646	0.00898	0.01497	0.00898	0.01197	0.02245	0.00299	0.74704	0.00599	0.00299	0.00748
23	0.00980	0.00721	0.01041	0.01041	0.01142	0.00823	0.00782	0.01184	0.01082	0.01544	0.01886	0.02986	0.01840	0.16958	0.61596	0.01027	0.01637	0.00777	0.00375	0.00578
24	0.01497	0.01497	0.02095	0.01796	0.01796	0.02095	0.01497	0.01646	0.01048	0.01646	0.00898	0.01497	0.00898	0.01197	0.02245	0.00299	0.74704	0.00599	0.00299	0.00748
25	0.02601	0.01916	0.02053	0.01574	0.02122	0.02122	0.01300	0.69408	0.03217	0.04312	0.01643	0.01643	0.01163	0.00821	0.00684	0.00205	0.00753	0.00616	0.00684	0.01163
26	0.00838	0.00599	0.00798	0.00949	0.00993	0.00559	0.00635	0.00964	0.01332	0.01781	0.06137	0.73044	0.04593	0.02117	0.00871	0.00276	0.00394	0.01920	0.00639	0.00559
27	0.02892	0.01125	0.01531	0.01187	0.01685	0.00975	0.00975	0.03162	0.01956	0.66306	0.08489	0.02563	0.02095	0.00893	0.00698	0.00212	0.00560	0.00734	0.00839	0.01121
28	0.00968	0.00720	0.00905	0.00873	0.01039	0.00672	0.00649	0.01320	0.04612	0.02555	0.55020	0.12039	0.13082	0.01488	0.00809	0.00224	0.00341	0.01310	0.00727	0.00647
29	0.01746	0.09794	0.01786	0.01381	0.01788	0.04369	0.01101	0.03428	0.60387	0.02681	0.02521	0.02345	0.01912	0.00882	0.00665	0.00221	0.00587	0.00717	0.00639	0.01050
30	0.02577	0.01870	0.01975	0.01529	0.02050	0.04439	0.01252	0.60405	0.03014	0.08678	0.01710	0.01769	0.01233	0.03319	0.00775	0.00220	0.00755	0.00627	0.00675	0.01126
31	0.09065	0.02171	0.17204	0.08372	0.02977	0.07192	0.27977	0.05912	0.03751	0.02296	0.01300	0.01635	0.00983	0.00679	0.00792	0.00224	0.05562	0.00634	0.00365	0.00908
32	0.80789	0.01323	0.01006	0.00900	0.01323	0.01535	0.00741	0.02011	0.01164	0.03070	0.00953	0.01111	0.00741	0.00635	0.00423	0.00212	0.00529	0.00370	0.00423	0.00741
33	0.08685	0.04380	0.19534	0.04893	0.02425	0.01744	0.13602	0.01976	0.01330	0.04466	0.01211	0.01591	0.00969	0.00830	0.01174	0.00241	0.25360	0.00590	0.04141	0.00857
34	0.00860	0.00635	0.00805	0.00890	0.00988	0.00580	0.00619	0.01035	0.01494	0.01991	0.19774	0.48299	0.15703	0.01907	0.00848	0.00256	0.00372	0.01702	0.00662	0.00580
35	0.01188	0.00594	0.00891	0.00891	0.00891	0.00594	0.00594	0.00891	0.00891	0.01188	0.01188	0.02080	0.01188	0.02377	0.02674	0.80095	0.00594	0.00594	0.00297	0.00297
36	0.03024	0.01237	0.01632	0.01252	0.01783	0.01113	0.01034	0.09696	0.02079	0.65630	0.02597	0.02263	0.01642	0.00844	0.00688	0.00211	0.00599	0.00681	0.00831	0.01164
37	0.01188	0.00594	0.00891	0.00891	0.00891	0.00594	0.00594	0.00891	0.00891	0.01188	0.01188	0.02080	0.01188	0.02377	0.02674	0.80095	0.00594	0.00594	0.00297	0.00297
38	0.80789	0.01323	0.01006	0.00900	0.01323	0.01535	0.00741	0.02011	0.01164	0.03070	0.00953	0.01111	0.00741	0.00635	0.00423	0.00212	0.00529	0.00370	0.00423	0.00741
39	0.01292	0.01216	0.02052	0.74312	0.04712	0.01520	0.01900	0.01748	0.01368	0.01748	0.01216	0.01824	0.00912	0.00684	0.00684	0.00228	0.00912	0.00608	0.00304	0.00760
40	0.02479	0.11013	0.02113	0.01700	0.02077	0.65734	0.01306	0.02659	0.01881	0.01668	0.01046	0.01219	0.00881	0.00692	0.00598	0.00173	0.01181	0.00433	0.00346	0.00802
41	0.02063	0.06965	0.07148	0.01713	0.02082	0.34222	0.05589	0.06696	0.01734	0.04263	0.01390	0.07925	0.01259	0.00905	0.00915	0.00213	0.13045	0.00642	0.00398	0.00831
42	0.01372	0.03539	0.72412	0.01950	0.02961	0.01589	0.02528	0.02167	0.01444	0.02167	0.01228	0.01444	0.00867	0.00650	0.00650	0.00217	0.01011	0.00506	0.00289	0.01011
43	0.30813	0.01258	0.01366	0.01106	0.01564	0.01279	0.00902	0.09182	0.01755	0.35294	0.04301	0.02009	0.01496	0.03939	0.00714	0.00230	0.00574	0.00598	0.00657	0.00963
44	0.01615	0.01845	0.04037	0.02884	0.03576	0.01730	0.69204	0.02191	0.01615	0.02191	0.01384	0.01845	0.01038	0.00577	0.00807	0.00231	0.01153	0.00807	0.00346	0.00923
45	0.00834	0.00595	0.00794	0.00953	0.00992	0.00556	0.00635	0.00953	0.01310	0.01746	0.03771	0.75510	0.04525	0.02143	0.00873	0.00278	0.00397	0.01945	0.00635	0.00556
46	0.80789	0.01323	0.01006	0.00900	0.01323	0.01535	0.00741	0.02011	0.01164	0.03070	0.00953	0.01111	0.00741	0.00635	0.00423	0.00212	0.00529	0.00370	0.00423	0.00741
47	0.04409	0.01233	0.02013	0.68159	0.04447	0.01547	0.01836	0.01754	0.01346	0.01795	0.01191	0.01781	0.00905	0.00705	0.00744	0.00231	0.04238	0.00598	0.00308	0.00759
48	0.32342	0.22182	0.01788	0.01025	0.01450	0.04094	0.00888	0.04898	0.01422	0.02389	0.01993	0.02081	0.12191	0.00827	0.00571	0.00193	0.02962	0.00572	0.02911	0.03222

[dist]
# distance from previous block
# <min> <max>
0	4

[block]
# block no. 2 follows, 31 sequences, length 16
# corresponding to MSA columns:
# 127-142
name=unknown_C
#
# <colnr> <probs for GDERKNQSTAVLIFYWHMCP>
#	G	D	E	R	K	N	Q	S	T	A	V	L	I	F	Y	W	H	M	C	P
0	0.09999	0.01439	0.01506	0.01165	0.01687	0.04338	0.00931	0.18172	0.01843	0.02764	0.01472	0.06845	0.01272	0.00724	0.00573	0.00154	0.00592	0.00567	0.00489	0.43468
1	0.01292	0.01216	0.02052	0.74312	0.04712	0.01520	0.01900	0.01748	0.01368	0.01748	0.01216	0.01824	0.00912	0.00684	0.00684	0.00228	0.00912	0.00608	0.00304	0.00760
2	0.01712	0.33743	0.33753	0.01618	0.02382	0.05174	0.04343	0.04275	0.01520	0.04043	0.01167	0.01338	0.00912	0.00634	0.00569	0.00186	0.00889	0.00465	0.00324	0.00952
3	0.02230	0.01678	0.01807	0.01472	0.01941	0.01869	0.01186	0.41408	0.26286	0.06094	0.02166	0.05192	0.01647	0.00917	0.00697	0.00218	0.00658	0.00731	0.00692	0.01109
4	0.01288	0.00762	0.01146	0.06758	0.05573	0.00794	0.00817	0.03963	0.01068	0.01429	0.01216	0.02018	0.01160	0.02072	0.02314	0.65654	0.00639	0.00597	0.00317	0.00418
5	0.02254	0.02460	0.01835	0.01602	0.01948	0.41078	0.01243	0.17920	0.02085	0.02293	0.01672	0.01842	0.06368	0.01106	0.04972	0.00251	0.07187	0.00588	0.00448	0.00849
6	0.01370	0.09635	0.54246	0.01855	0.05763	0.01570	0.02154	0.02025	0.01467	0.02130	0.05682	0.06186	0.01446	0.00780	0.00656	0.00213	0.00897	0.00631	0.00341	0.00952
7	0.01595	0.01210	0.01437	0.01035	0.01635	0.00922	0.00831	0.01894	0.01476	0.09680	0.01374	0.01516	0.01086	0.00543	0.00526	0.00113	0.00515	0.00435	0.00452	0.71725
8	0.01638	0.01764	0.08528	0.08241	0.56382	0.01623	0.05165	0.02138	0.03801	0.02218	0.01331	0.01716	0.01086	0.00627	0.00682	0.00208	0.00842	0.00615	0.00344	0.01050
9	0.01309	0.01226	0.02061	0.63378	0.11344	0.01481	0.01855	0.01743	0.01384	0.01798	0.01355	0.05618	0.01116	0.00752	0.00693	0.00228	0.00875	0.00677	0.00325	0.00782
10	0.00956	0.00699	0.00898	0.00848	0.01015	0.00640	0.00636	0.01268	0.01908	0.02675	0.66423	0.05223	0.11402	0.01424	0.00807	0.00216	0.00325	0.01253	0.00744	0.00640
11	0.01488	0.08589	0.50631	0.02016	0.08408	0.01657	0.03689	0.02184	0.03875	0.04128	0.01464	0.01662	0.02989	0.00707	0.00707	0.00214	0.03711	0.00555	0.00335	0.00989
12	0.76208	0.01451	0.05125	0.00960	0.01418	0.01538	0.00844	0.02020	0.01180	0.03017	0.00968	0.01131	0.00748	0.00636	0.00436	0.00212	0.00557	0.00378	0.00416	0.00757
13	0.00834	0.00595	0.00794	0.00953	0.00992	0.00556	0.00635	0.00953	0.01310	0.01746	0.03771	0.75510	0.04525	0.02143	0.00873	0.00278	0.00397	0.01945	0.00635	0.00556
14	0.04708	0.26583	0.21496	0.01571	0.02193	0.18404	0.01581	0.10284	0.01732	0.02150	0.01132	0.01298	0.00906	0.00675	0.00610	0.00185	0.02757	0.00457	0.00357	0.00921
15	0.01931	0.07833	0.02780	0.05058	0.17741	0.23563	0.19602	0.04786	0.01711	0.02034	0.01305	0.04118	0.01106	0.00707	0.00723	0.00204	0.02895	0.00639	0.00362	0.00901

[dist]
# distance from previous block
# <min> <max>
0	2

[block]
# block no. 3 follows, 31 sequences, length 56
# corresponding to MSA columns:
# 145-200
name=unknown_D
#
# <colnr> <probs for GDERKNQSTAVLIFYWHMCP>
#	G	D	E	R	K	N	Q	S	T	A	V	L	I	F	Y	W	H	M	C	P
0	0.00946	0.00698	0.00883	0.00837	0.01008	0.00636	0.00628	0.01247	0.01883	0.02617	0.62232	0.05319	0.15630	0.01446	0.00807	0.00217	0.00326	0.01266	0.00736	0.00636
1	0.01407	0.01214	0.02089	0.14247	0.08640	0.01233	0.20023	0.04576	0.01556	0.02260	0.02080	0.07865	0.05234	0.00853	0.00679	0.00210	0.00722	0.00818	0.23505	0.00790
2	0.05663	0.01361	0.01679	0.03699	0.01906	0.01351	0.01097	0.19530	0.05898	0.44478	0.02301	0.02120	0.01523	0.00968	0.02992	0.00240	0.00671	0.00662	0.00749	0.01113
3	0.05485	0.01200	0.01588	0.01222	0.01748	0.01067	0.01009	0.05972	0.01984	0.67247	0.02602	0.02263	0.01642	0.00839	0.00680	0.00211	0.00587	0.00675	0.00827	0.01151
4	0.00993	0.00669	0.00776	0.00776	0.00786	0.00679	0.00452	0.01014	0.01004	0.01348	0.02129	0.04327	0.02422	0.70013	0.09336	0.00700	0.00761	0.00973	0.00411	0.00431
5	0.03070	0.01164	0.01588	0.01217	0.01746	0.01006	0.01006	0.03334	0.01958	0.72163	0.02699	0.02329	0.01694	0.00847	0.00688	0.00212	0.00582	0.00688	0.00847	0.01164
6	0.02601	0.01916	0.02053	0.01574	0.02122	0.02122	0.01300	0.69408	0.03217	0.04312	0.01643	0.01643	0.01163	0.00821	0.00684	0.00205	0.00753	0.00616	0.00684	0.01163
7	0.80789	0.01323	0.01006	0.00900	0.01323	0.01535	0.00741	0.02011	0.01164	0.03070	0.00953	0.01111	0.00741	0.00635	0.00423	0.00212	0.00529	0.00370	0.00423	0.00741
8	0.01130	0.00735	0.00966	0.00888	0.01078	0.00673	0.00673	0.01448	0.01938	0.08087	0.66045	0.04896	0.06089	0.01356	0.00798	0.00215	0.00343	0.01195	0.00760	0.00685
9	0.00891	0.00696	0.00808	0.00780	0.00975	0.00613	0.00585	0.01142	0.01754	0.02311	0.40216	0.05822	0.37837	0.01560	0.00808	0.00223	0.00334	0.01337	0.00696	0.00613
10	0.02601	0.01916	0.02053	0.01574	0.02122	0.02122	0.01300	0.69408	0.03217	0.04312	0.01643	0.01643	0.01163	0.00821	0.00684	0.00205	0.00753	0.00616	0.00684	0.01163
11	0.02723	0.01222	0.01570	0.01237	0.01724	0.01143	0.01010	0.08937	0.08890	0.53753	0.08164	0.02516	0.02072	0.00897	0.00698	0.00213	0.00572	0.00735	0.00810	0.01114
12	0.03070	0.01164	0.01588	0.01217	0.01746	0.01006	0.01006	0.03334	0.01958	0.72163	0.02699	0.02329	0.01694	0.00847	0.00688	0.00212	0.00582	0.00688	0.00847	0.01164
13	0.00843	0.00690	0.00744	0.00739	0.00947	0.00591	0.00551	0.01045	0.01628	0.02031	0.20253	0.09148	0.55054	0.01680	0.00811	0.00230	0.00344	0.01422	0.00660	0.00591
14	0.73932	0.04399	0.01139	0.00926	0.01361	0.01558	0.00771	0.02074	0.01210	0.06222	0.01034	0.01167	0.00791	0.00643	0.00436	0.00209	0.00540	0.00385	0.00438	0.00766
15	0.01788	0.59091	0.07683	0.01232	0.01802	0.05719	0.01223	0.04779	0.01520	0.01808	0.03538	0.01544	0.04500	0.00687	0.00501	0.00161	0.00742	0.00469	0.00343	0.00872
16	0.01859	0.73365	0.03517	0.01195	0.01771	0.05603	0.01177	0.02077	0.01413	0.01612	0.00955	0.01103	0.00878	0.00590	0.00446	0.00148	0.00752	0.00369	0.00295	0.00874
17	0.80789	0.01323	0.01006	0.00900	0.01323	0.01535	0.00741	0.02011	0.01164	0.03070	0.00953	0.01111	0.00741	0.00635	0.00423	0.00212	0.00529	0.00370	0.00423	0.00741
18	0.02488	0.01830	0.01957	0.01519	0.02039	0.02027	0.01249	0.62616	0.06699	0.04149	0.01732	0.01735	0.01241	0.00826	0.00675	0.00205	0.00720	0.00625	0.04533	0.01134
19	0.00856	0.00625	0.00806	0.00909	0.00991	0.00575	0.00625	0.01019	0.01453	0.01944	0.16785	0.55297	0.11666	0.01962	0.00854	0.00261	0.00378	0.01761	0.00657	0.00575
20	0.01188	0.00594	0.00891	0.00891	0.00891	0.00594	0.00594	0.00891	0.00891	0.01188	0.01188	0.02080	0.01188	0.02377	0.02674	0.80095	0.00594	0.00594	0.00297	0.00297
21	0.00988	0.00739	0.00921	0.00869	0.01050	0.00693	0.00654	0.01378	0.05501	0.02643	0.60009	0.05152	0.14000	0.01414	0.00801	0.00218	0.00337	0.01238	0.00736	0.00660
22	0.01188	0.00594	0.00891	0.00891	0.00891	0.00594	0.00594	0.00891	0.00891	0.01188	0.01188	0.02080	0.01188	0.02377	0.02674	0.80095	0.00594	0.00594	0.00297	0.00297
23	0.80789	0.01323	0.01006	0.00900	0.01323	0.01535	0.00741	0.02011	0.01164	0.03070	0.00953	0.01111	0.00741	0.00635	0.00423	0.00212	0.00529	0.00370	0.00423	0.00741
24	0.01764	0.01593	0.02517	0.17413	0.47279	0.01686	0.01930	0.13039	0.01792	0.02480	0.01331	0.01710	0.01063	0.00659	0.00680	0.00208	0.00822	0.00610	0.00388	0.01034
25	0.02601	0.01916	0.02053	0.01574	0.02122	0.02122	0.01300	0.69408	0.03217	0.04312	0.01643	0.01643	0.01163	0.00821	0.00684	0.00205	0.00753	0.00616	0.00684	0.01163
26	0.01672	0.01604	0.02738	0.07921	0.68133	0.01620	0.02089	0.02081	0.01548	0.02209	0.01283	0.01700	0.01075	0.00614	0.00678	0.00205	0.00818	0.00609	0.00337	0.01066
27	0.01299	0.01226	0.02054	0.71739	0.04608	0.01540	0.01886	0.01744	0.01357	0.01744	0.01205	0.01812	0.00911	0.00702	0.00739	0.00231	0.03531	0.00608	0.00304	0.00760
28	0.80789	0.01323	0.01006	0.00900	0.01323	0.01535	0.00741	0.02011	0.01164	0.03070	0.00953	0.01111	0.00741	0.00635	0.00423	0.00212	0.00529	0.00370	0.00423	0.00741
29	0.01615	0.01845	0.04037	0.02884	0.03576	0.01730	0.69204	0.02191	0.01615	0.02191	0.01384	0.01845	0.01038	0.00577	0.00807	0.00231	0.01153	0.00807	0.00346	0.00923
30	0.00834	0.00595	0.00794	0.00953	0.00992	0.00556	0.00635	0.00953	0.01310	0.01746	0.03771	0.75510	0.04525	0.02143	0.00873	0.00278	0.00397	0.01945	0.00635	0.00556
31	0.80789	0.01323	0.01006	0.00900	0.01323	0.01535	0.00741	0.02011	0.01164	0.03070	0.00953	0.01111	0.00741	0.00635	0.00423	0.00212	0.00529	0.00370	0.00423	0.00741
32	0.00868	0.00643	0.00862	0.00997	0.01035	0.00637	0.00680	0.00989	0.01296	0.01741	0.03619	0.71611	0.04334	0.02094	0.00945	0.00279	0.04312	0.01874	0.00617	0.00566
33	0.80789	0.01323	0.01006	0.00900	0.01323	0.01535	0.00741	0.02011	0.01164	0.03070	0.00953	0.01111	0.00741	0.00635	0.00423	0.00212	0.00529	0.00370	0.00423	0.00741
34	0.01672	0.01853	0.08768	0.03648	0.56172	0.05916	0.03808	0.02092	0.01573	0.02175	0.01545	0.01886	0.04474	0.00673	0.00681	0.00205	0.00842	0.00636	0.00350	0.01031
35	0.52068	0.15384	0.01779	0.01172	0.01619	0.07744	0.04929	0.02075	0.01293	0.02579	0.00984	0.01177	0.00801	0.00649	0.00533	0.00201	0.03438	0.00410	0.00384	0.00782
36	0.00842	0.00689	0.00743	0.00740	0.00947	0.00590	0.00551	0.01042	0.01622	0.02022	0.19672	0.09920	0.54868	0.01687	0.00812	0.00230	0.00344	0.01429	0.00659	0.00590
37	0.01452	0.01225	0.01347	0.01291	0.03589	0.01340	0.00977	0.05045	0.41885	0.02605	0.07438	0.03920	0.17322	0.01192	0.00746	0.00236	0.00510	0.06293	0.00670	0.00916
38	0.01525	0.05645	0.58790	0.01963	0.04673	0.09303	0.02315	0.02206	0.01487	0.02083	0.01193	0.01419	0.00875	0.00669	0.00687	0.00212	0.03179	0.00500	0.00297	0.00978
39	0.02909	0.01220	0.01598	0.01247	0.01761	0.01114	0.01023	0.05398	0.09333	0.62655	0.02676	0.02331	0.01720	0.00855	0.00689	0.00214	0.00583	0.00695	0.00826	0.01156
40	0.01280	0.00777	0.01024	0.04908	0.01309	0.00724	0.00744	0.01520	0.01675	0.13637	0.29625	0.20763	0.12786	0.04948	0.00921	0.00252	0.00433	0.01290	0.00687	0.00697
41	0.01111	0.00782	0.01052	0.01094	0.03975	0.00758	0.00780	0.01364	0.01679	0.06468	0.36083	0.22148	0.09854	0.01557	0.00888	0.00240	0.04014	0.04806	0.00676	0.00671
42	0.01419	0.01216	0.01419	0.01013	0.01621	0.00912	0.00811	0.01723	0.01419	0.02229	0.01216	0.01419	0.01013	0.00507	0.00507	0.00101	0.00507	0.00405	0.00405	0.80139
43	0.02332	0.01737	0.01919	0.06131	0.02185	0.01935	0.01274	0.50472	0.13852	0.05829	0.01896	0.04076	0.01415	0.00871	0.00692	0.00213	0.00713	0.00684	0.00665	0.01106
44	0.01453	0.01380	0.02342	0.46232	0.31536	0.01562	0.01980	0.01889	0.01444	0.01943	0.01244	0.01772	0.00981	0.00654	0.00681	0.00218	0.00872	0.00609	0.00318	0.00890
45	0.00935	0.00698	0.00868	0.00825	0.01001	0.00631	0.00619	0.01226	0.01857	0.02555	0.57775	0.05421	0.20125	0.01469	0.00807	0.00219	0.00328	0.01281	0.00728	0.00631
46	0.01465	0.10048	0.54421	0.02197	0.11459	0.01704	0.05125	0.02148	0.01461	0.02124	0.01216	0.01460	0.00902	0.00636	0.00640	0.00209	0.00966	0.00518	0.00298	0.01004
47	0.02655	0.01286	0.01567	0.01265	0.01742	0.03323	0.01022	0.03324	0.18581	0.51020	0.04860	0.02439	0.01917	0.00880	0.00692	0.00216	0.00583	0.00719	0.00792	0.01117
48	0.00834	0.00595	0.00794	0.00953	0.00992	0.00556	0.00635	0.00953	0.01310	0.01746	0.03771	0.75510	0.04525	0.02143	0.00873	0.00278	0.00397	0.01945	0.00635	0.00556
49	0.05962	0.01389	0.01695	0.05169	0.01967	0.01383	0.01110	0.23399	0.02248	0.40358	0.02164	0.02021	0.01431	0.00810	0.00663	0.00206	0.00639	0.00638	0.03327	0.03420
50	0.60808	0.01405	0.03539	0.05802	0.05119	0.01505	0.03204	0.02112	0.01282	0.08262	0.01144	0.01314	0.00856	0.00652	0.00492	0.00213	0.00607	0.00440	0.00438	0.00806
51	0.01400	0.03353	0.65487	0.01974	0.02939	0.01602	0.06000	0.02236	0.04662	0.02200	0.01308	0.01517	0.00933	0.00659	0.00660	0.00218	0.00997	0.00534	0.00311	0.01010
52	0.01723	0.12406	0.17558	0.02662	0.28903	0.10740	0.01882	0.02121	0.01486	0.01982	0.01145	0.01474	0.00958	0.00710	0.00854	0.00209	0.11382	0.00532	0.00318	0.00956
53	0.00836	0.00694	0.00732	0.00722	0.00941	0.00589	0.00542	0.01036	0.01625	0.02005	0.18185	0.06327	0.60059	0.01674	0.00808	0.00228	0.00342	0.01408	0.00656	0.00589
54	0.01522	0.00924	0.01147	0.01002	0.01282	0.00884	0.00780	0.05913	0.07526	0.16306	0.43144	0.04272	0.10017	0.01245	0.00768	0.00217	0.00419	0.01072	0.00753	0.00807
55	0.01690	0.01634	0.02828	0.04146	0.68927	0.01630	0.04820	0.02103	0.01560	0.02233	0.01291	0.01699	0.01082	0.00608	0.00683	0.00204	0.00827	0.00618	0.00339	0.01077

[dist]
# distance from previous block
# <min> <max>
0	23

[block]
# block no. 4 follows, 31 sequences, length 33
# corresponding to MSA columns:
# 224-256
name=unknown_E
#
# <colnr> <probs for GDERKNQSTAVLIFYWHMCP>
#	G	D	E	R	K	N	Q	S	T	A	V	L	I	F	Y	W	H	M	C	P
0	0.01035	0.00715	0.00929	0.00866	0.01043	0.00655	0.00653	0.01350	0.01922	0.05138	0.66286	0.05073	0.08950	0.01393	0.00803	0.00216	0.00333	0.01226	0.00752	0.00661
1	0.02625	0.01877	0.02029	0.01556	0.02102	0.02064	0.01285	0.65991	0.03152	0.07820	0.01697	0.01678	0.01191	0.00823	0.00685	0.00206	0.00744	0.00620	0.00693	0.01164
2	0.00912	0.00629	0.00771	0.00852	0.00872	0.00608	0.00527	0.00973	0.01156	0.01541	0.02981	0.40760	0.03528	0.38254	0.02150	0.00466	0.00527	0.01480	0.00527	0.00487
3	0.80789	0.01323	0.01006	0.00900	0.01323	0.01535	0.00741	0.02011	0.01164	0.03070	0.00953	0.01111	0.00741	0.00635	0.00423	0.00212	0.00529	0.00370	0.00423	0.00741
4	0.01188	0.00594	0.00891	0.00891	0.00891	0.00594	0.00594	0.00891	0.00891	0.01188	0.01188	0.02080	0.01188	0.02377	0.02674	0.80095	0.00594	0.00594	0.00297	0.00297
5	0.80789	0.01323	0.01006	0.00900	0.01323	0.01535	0.00741	0.02011	0.01164	0.03070	0.00953	0.01111	0.00741	0.00635	0.00423	0.00212	0.00529	0.00370	0.00423	0.00741
6	0.01497	0.01497	0.02095	0.01796	0.01796	0.02095	0.01497	0.01646	0.01048	0.01646	0.00898	0.01497	0.00898	0.01197	0.02245	0.00299	0.74704	0.00599	0.00299	0.00748
7	0.02834	0.01151	0.01537	0.01203	0.01697	0.01024	0.00985	0.03208	0.06309	0.62839	0.07568	0.02540	0.02056	0.00891	0.00697	0.00213	0.00561	0.00732	0.00831	0.01122
8	0.00834	0.00595	0.00794	0.00953	0.00992	0.00556	0.00635	0.00953	0.01310	0.01746	0.03771	0.75510	0.04525	0.02143	0.00873	0.00278	0.00397	0.01945	0.00635	0.00556
9	0.03070	0.01164	0.01588	0.01217	0.01746	0.01006	0.01006	0.03334	0.01958	0.72163	0.02699	0.02329	0.01694	0.00847	0.00688	0.00212	0.00582	0.00688	0.00847	0.01164
10	0.01050	0.00926	0.01611	0.08228	0.01890	0.00903	0.15560	0.01296	0.01371	0.01829	0.02964	0.50403	0.03368	0.04055	0.00926	0.00275	0.00617	0.01543	0.00535	0.00650
11	0.05072	0.01461	0.01584	0.01364	0.01791	0.01627	0.01080	0.10224	0.50043	0.14025	0.02584	0.02368	0.01879	0.00893	0.00683	0.00225	0.00569	0.00728	0.00708	0.01091
12	0.01612	0.02235	0.31272	0.02313	0.21732	0.01408	0.01897	0.04873	0.01680	0.09232	0.12988	0.02215	0.01944	0.00789	0.00689	0.00212	0.00789	0.00678	0.00450	0.00992
13	0.04440	0.60190	0.07615	0.01285	0.01863	0.11457	0.01261	0.02141	0.01455	0.01700	0.00982	0.01137	0.00873	0.00606	0.00474	0.00157	0.00806	0.00384	0.00304	0.00871
14	0.80789	0.01323	0.01006	0.00900	0.01323	0.01535	0.00741	0.02011	0.01164	0.03070	0.00953	0.01111	0.00741	0.00635	0.00423	0.00212	0.00529	0.00370	0.00423	0.00741
15	0.01886	0.01929	0.02547	0.03541	0.53511	0.14729	0.01886	0.04881	0.04422	0.02238	0.01318	0.01641	0.01090	0.00648	0.00667	0.00199	0.00877	0.00585	0.00369	0.01034
16	0.00853	0.00611	0.00812	0.00939	0.00997	0.00569	0.00637	0.01002	0.01402	0.01893	0.13729	0.65132	0.04809	0.02034	0.00863	0.00269	0.00386	0.01841	0.00652	0.00569
17	0.00985	0.00659	0.00749	0.00759	0.00761	0.00657	0.00428	0.00992	0.01014	0.01352	0.02254	0.08800	0.02611	0.71464	0.03323	0.00640	0.00647	0.01053	0.00428	0.00423
18	0.75716	0.01283	0.01000	0.00897	0.01304	0.01478	0.00735	0.01965	0.01213	0.03049	0.05425	0.01366	0.01104	0.00684	0.00448	0.00212	0.00516	0.00426	0.00444	0.00735
19	0.01188	0.00594	0.00891	0.00891	0.00891	0.00594	0.00594	0.00891	0.00891	0.01188	0.01188	0.02080	0.01188	0.02377	0.02674	0.80095	0.00594	0.00594	0.00297	0.00297
20	0.80789	0.01323	0.01006	0.00900	0.01323	0.01535	0.00741	0.02011	0.01164	0.03070	0.00953	0.01111	0.00741	0.00635	0.00423	0.00212	0.00529	0.00370	0.00423	0.00741
21	0.00977	0.00733	0.01100	0.01100	0.01222	0.00855	0.00855	0.01222	0.01100	0.01588	0.01833	0.02688	0.01710	0.05131	0.73245	0.01100	0.01833	0.00733	0.00367	0.00611
22	0.01779	0.01309	0.01525	0.01281	0.01613	0.01440	0.01022	0.34925	0.02264	0.03091	0.12000	0.02621	0.02180	0.06113	0.23093	0.00505	0.01016	0.00763	0.00583	0.00879
23	0.03035	0.01219	0.01622	0.01243	0.01774	0.01087	0.01027	0.08183	0.02051	0.67183	0.02622	0.02278	0.01655	0.00845	0.00688	0.00211	0.00595	0.00683	0.00835	0.01164
24	0.01829	0.76368	0.03585	0.01171	0.01756	0.02707	0.01171	0.02049	0.01390	0.01610	0.00951	0.01097	0.00878	0.00585	0.00439	0.00146	0.00732	0.00366	0.00293	0.00878
25	0.75850	0.01313	0.01043	0.00920	0.01350	0.01501	0.00758	0.02095	0.01215	0.07460	0.01064	0.01189	0.00801	0.00649	0.00440	0.00212	0.00533	0.00391	0.00450	0.00768
26	0.01292	0.01216	0.02052	0.74312	0.04712	0.01520	0.01900	0.01748	0.01368	0.01748	0.01216	0.01824	0.00912	0.00684	0.00684	0.00228	0.00912	0.00608	0.00304	0.00760
27	0.00841	0.00660	0.00761	0.00808	0.00962	0.00580	0.00578	0.01017	0.01528	0.01945	0.15325	0.30332	0.38580	0.01826	0.00831	0.00245	0.00361	0.01588	0.00653	0.00580
28	0.80789	0.01323	0.01006	0.00900	0.01323	0.01535	0.00741	0.02011	0.01164	0.03070	0.00953	0.01111	0.00741	0.00635	0.00423	0.00212	0.00529	0.00370	0.00423	0.00741
29	0.02004	0.02145	0.02417	0.09870	0.35174	0.24834	0.03805	0.07606	0.01796	0.02170	0.01237	0.01558	0.01007	0.00663	0.00663	0.00198	0.00964	0.00561	0.00367	0.00960
30	0.00922	0.00715	0.00881	0.03339	0.01155	0.00658	0.00696	0.01172	0.01669	0.02190	0.29815	0.12970	0.30059	0.01634	0.00827	0.00240	0.00396	0.09383	0.00667	0.00613
31	0.61744	0.01478	0.06080	0.03328	0.05202	0.01527	0.01000	0.02091	0.05143	0.02879	0.01190	0.01490	0.00956	0.00695	0.00493	0.00217	0.00592	0.02673	0.00429	0.00793
32	0.08476	0.06543	0.18642	0.18355	0.06551	0.11827	0.01598	0.01909	0.01461	0.01976	0.01730	0.12557	0.03805	0.00915	0.00660	0.00217	0.00837	0.00749	0.00379	0.00812

[dist]
# distance from previous block
# <min> <max>
0	2

[block]
# block no. 5 follows, 31 sequences, length 9
# corresponding to MSA columns:
# 259-267
name=unknown_F
#
# <colnr> <probs for GDERKNQSTAVLIFYWHMCP>
#	G	D	E	R	K	N	Q	S	T	A	V	L	I	F	Y	W	H	M	C	P
0	0.01103	0.00809	0.00977	0.01010	0.01130	0.00820	0.00704	0.07358	0.07558	0.02104	0.09278	0.46196	0.03894	0.12274	0.01203	0.00316	0.00472	0.01526	0.00624	0.00644
1	0.07960	0.07149	0.56098	0.02037	0.09357	0.01649	0.02266	0.02141	0.01429	0.02217	0.01196	0.01422	0.00878	0.00641	0.00622	0.00211	0.00937	0.00497	0.00305	0.00989
2	0.01649	0.01202	0.04316	0.05575	0.01724	0.01139	0.01023	0.07554	0.15662	0.14614	0.19212	0.03704	0.10666	0.01129	0.00740	0.00223	0.00538	0.05196	0.00673	0.03460
3	0.02421	0.01776	0.01907	0.01482	0.01968	0.01959	0.01201	0.61767	0.02969	0.03978	0.01700	0.01959	0.01311	0.09213	0.00997	0.00256	0.00743	0.00658	0.00654	0.01080
4	0.01349	0.01101	0.01451	0.05525	0.01766	0.00911	0.04336	0.01631	0.01421	0.04817	0.01879	0.18800	0.01855	0.00916	0.00625	0.00161	0.00541	0.00809	0.00467	0.49636
5	0.00834	0.00595	0.00794	0.00953	0.00992	0.00556	0.00635	0.00953	0.01310	0.01746	0.03771	0.75510	0.04525	0.02143	0.00873	0.00278	0.00397	0.01945	0.00635	0.00556
6	0.01750	0.42595	0.27602	0.01511	0.02220	0.10188	0.01665	0.02166	0.01470	0.01813	0.01060	0.01235	0.00874	0.00621	0.00533	0.00174	0.00886	0.00423	0.00298	0.00915
7	0.02601	0.01916	0.02053	0.01574	0.02122	0.02122	0.01300	0.69408	0.03217	0.04312	0.01643	0.01643	0.01163	0.00821	0.00684	0.00205	0.00753	0.00616	0.00684	0.01163
8	0.01741	0.01650	0.01516	0.08967	0.01940	0.18472	0.01089	0.08674	0.16365	0.04525	0.13140	0.08182	0.05783	0.03930	0.00818	0.00232	0.00718	0.00860	0.00567	0.00832

[dist]
# distance from previous block
# <min> <max>
5	15

[block]
# block no. 6 follows, 31 sequences, length 28
# corresponding to MSA columns:
# 283-310
name=unknown_G
#
# <colnr> <probs for GDERKNQSTAVLIFYWHMCP>
#	G	D	E	R	K	N	Q	S	T	A	V	L	I	F	Y	W	H	M	C	P
0	0.00903	0.00870	0.05906	0.01036	0.03342	0.00677	0.00767	0.01087	0.01379	0.01793	0.04331	0.42859	0.23680	0.06843	0.01008	0.00283	0.00457	0.01589	0.00586	0.00602
1	0.01484	0.10166	0.59130	0.01992	0.06566	0.04851	0.02326	0.02177	0.01467	0.02097	0.01198	0.01417	0.00880	0.00644	0.00630	0.00208	0.00984	0.00495	0.00295	0.00993
2	0.02219	0.08069	0.01686	0.01326	0.05148	0.03292	0.01015	0.05267	0.07663	0.34622	0.15896	0.06181	0.02646	0.00983	0.00695	0.00210	0.00570	0.00819	0.00708	0.00986
3	0.02956	0.01172	0.01575	0.01214	0.01728	0.01031	0.01000	0.05739	0.02005	0.66434	0.05786	0.02429	0.01890	0.00871	0.00693	0.00212	0.00577	0.00710	0.00836	0.01141
4	0.01444	0.03370	0.66474	0.01972	0.02950	0.01576	0.05859	0.02209	0.01471	0.04606	0.01287	0.01496	0.00904	0.00653	0.00659	0.00217	0.01003	0.00527	0.00311	0.01012
5	0.01712	0.01733	0.02569	0.12993	0.51316	0.09595	0.03803	0.02096	0.01570	0.02094	0.01322	0.03673	0.01131	0.00671	0.00680	0.00206	0.00871	0.00632	0.00344	0.00990
6	0.01321	0.01062	0.01512	0.09338	0.13298	0.01130	0.01182	0.09891	0.01622	0.02196	0.05090	0.30719	0.02892	0.01480	0.00922	0.02790	0.03979	0.08289	0.00535	0.00752
7	0.00968	0.00699	0.00914	0.00861	0.01022	0.00646	0.00646	0.01291	0.01937	0.02743	0.71328	0.05110	0.06455	0.01399	0.00807	0.00215	0.00323	0.01237	0.00753	0.00646
8	0.01077	0.00817	0.03276	0.01069	0.01211	0.00728	0.00818	0.04653	0.01518	0.04706	0.07884	0.51421	0.04160	0.01890	0.00856	0.00271	0.00474	0.11888	0.00641	0.00642
9	0.01417	0.03241	0.60675	0.02157	0.05532	0.01609	0.11500	0.02168	0.01471	0.02172	0.01251	0.01507	0.00898	0.00639	0.00672	0.00218	0.01023	0.00550	0.00298	0.01002
10	0.44252	0.01309	0.01316	0.01078	0.01552	0.01376	0.00889	0.07953	0.01638	0.30054	0.01688	0.01628	0.01146	0.00732	0.00547	0.00211	0.00568	0.00514	0.00609	0.00940
11	0.01040	0.00767	0.01016	0.01140	0.01313	0.00743	0.00979	0.01325	0.01572	0.02005	0.04325	0.07477	0.18266	0.01857	0.00916	0.00297	0.00570	0.53145	0.00631	0.00619
12	0.01626	0.02957	0.51570	0.04866	0.09557	0.01609	0.02247	0.09044	0.01663	0.06543	0.01363	0.01556	0.00969	0.00676	0.00660	0.00214	0.00936	0.00542	0.00368	0.01033
13	0.01712	0.05408	0.07390	0.03688	0.55043	0.04945	0.07654	0.02138	0.01565	0.02172	0.01265	0.01640	0.01047	0.00613	0.00672	0.00202	0.00869	0.00600	0.00334	0.01042
14	0.01372	0.03539	0.72412	0.01950	0.02961	0.01589	0.02528	0.02167	0.01444	0.02167	0.01228	0.01444	0.00867	0.00650	0.00650	0.00217	0.01011	0.00506	0.00289	0.01011
15	0.02058	0.02308	0.04856	0.03054	0.39206	0.27727	0.01777	0.06922	0.01806	0.02170	0.01226	0.01514	0.01008	0.00660	0.00655	0.00194	0.00969	0.00545	0.00366	0.00981
16	0.01974	0.48445	0.02926	0.01363	0.01831	0.22365	0.01213	0.02179	0.01513	0.01628	0.01023	0.01235	0.00922	0.00879	0.04271	0.00210	0.04458	0.00417	0.00314	0.00834
17	0.01086	0.00782	0.01080	0.01229	0.01390	0.00776	0.01071	0.01394	0.01574	0.02037	0.03803	0.07655	0.07622	0.01881	0.00938	0.00310	0.00614	0.63499	0.00630	0.00627
18	0.01419	0.01216	0.01419	0.01013	0.01621	0.00912	0.00811	0.01723	0.01419	0.02229	0.01216	0.01419	0.01013	0.00507	0.00507	0.00101	0.00507	0.00405	0.00405	0.80139
19	0.00816	0.00693	0.00703	0.00700	0.00928	0.00581	0.00525	0.00995	0.01576	0.01888	0.09769	0.06519	0.68548	0.01718	0.00808	0.00230	0.00345	0.01435	0.00640	0.00581
20	0.01154	0.00752	0.00872	0.00821	0.01063	0.00650	0.00623	0.01370	0.01683	0.11583	0.20905	0.10466	0.42405	0.01564	0.00796	0.00228	0.00377	0.01329	0.00691	0.00671
21	0.01188	0.00594	0.00891	0.00891	0.00891	0.00594	0.00594	0.00891	0.00891	0.01188	0.01188	0.02080	0.01188	0.02377	0.02674	0.80095	0.00594	0.00594	0.00297	0.00297
22	0.01433	0.11558	0.62059	0.01900	0.02852	0.01719	0.05020	0.02154	0.01445	0.02106	0.01203	0.01422	0.00875	0.00640	0.00633	0.00209	0.00986	0.00502	0.00292	0.00993
23	0.01419	0.01216	0.01419	0.01013	0.01621	0.00912	0.00811	0.01723	0.01419	0.02229	0.01216	0.01419	0.01013	0.00507	0.00507	0.00101	0.00507	0.00405	0.00405	0.80139
24	0.13802	0.01106	0.01349	0.21286	0.02188	0.01284	0.01073	0.08235	0.04229	0.02453	0.01636	0.02090	0.01314	0.04724	0.03180	0.00257	0.04183	0.00611	0.24251	0.00749
25	0.01081	0.00788	0.00975	0.01044	0.01158	0.00787	0.00732	0.09608	0.03665	0.02102	0.03474	0.64026	0.04029	0.01941	0.00844	0.00267	0.00446	0.01743	0.00643	0.00648
26	0.00925	0.00698	0.00855	0.00815	0.00996	0.00627	0.00612	0.01208	0.01835	0.02502	0.53959	0.05508	0.23975	0.01489	0.00807	0.00219	0.00329	0.01293	0.00721	0.00627
27	0.01411	0.03390	0.65620	0.06252	0.03034	0.04229	0.02446	0.02163	0.01458	0.02124	0.01221	0.01459	0.00870	0.00654	0.00651	0.00216	0.01013	0.00509	0.00292	0.00988

[dist]
# distance from previous block
# <min> <max>
0	3

[block]
# block no. 7 follows, 31 sequences, length 18
# corresponding to MSA columns:
# 314-331
name=unknown_H
#
# <colnr> <probs for GDERKNQSTAVLIFYWHMCP>
#	G	D	E	R	K	N	Q	S	T	A	V	L	I	F	Y	W	H	M	C	P
0	0.49948	0.05851	0.06603	0.01192	0.01677	0.09955	0.01045	0.12261	0.01595	0.02951	0.01089	0.01229	0.00837	0.00670	0.00502	0.00203	0.00690	0.00425	0.00438	0.00838
1	0.01078	0.00834	0.03433	0.00946	0.01145	0.00718	0.00735	0.01425	0.04895	0.06006	0.39828	0.21211	0.12064	0.01529	0.00806	0.00232	0.00390	0.01347	0.00700	0.00678
2	0.05886	0.05147	0.26976	0.02438	0.23664	0.01581	0.03763	0.02142	0.01474	0.07030	0.01303	0.01563	0.01004	0.00670	0.00739	0.00205	0.05761	0.00543	0.00362	0.07749
3	0.00960	0.00699	0.00903	0.00852	0.01017	0.00642	0.00639	0.01274	0.01916	0.02695	0.67873	0.05189	0.09940	0.01417	0.00807	0.00216	0.00324	0.01248	0.00747	0.00642
4	0.01944	0.01168	0.03436	0.03163	0.05248	0.01087	0.01025	0.07041	0.09672	0.26841	0.24514	0.06451	0.03280	0.01068	0.00733	0.00218	0.00530	0.00914	0.00723	0.00943
5	0.01829	0.76368	0.03585	0.01171	0.01756	0.02707	0.01171	0.02049	0.01390	0.01610	0.00951	0.01097	0.00878	0.00585	0.00439	0.00146	0.00732	0.00366	0.00293	0.00878
6	0.00860	0.00695	0.00764	0.00747	0.00956	0.00599	0.00560	0.01081	0.01681	0.02136	0.27644	0.06110	0.50518	0.01625	0.00808	0.00226	0.00339	0.01377	0.00673	0.00599
7	0.02889	0.01254	0.01623	0.01253	0.01766	0.01156	0.01032	0.13260	0.02148	0.58260	0.06099	0.02369	0.01860	0.00872	0.00694	0.00211	0.00595	0.00706	0.00817	0.01137
8	0.01275	0.00638	0.00638	0.00638	0.00797	0.00638	0.00478	0.01594	0.01435	0.02551	0.02232	0.02551	0.01754	0.00797	0.00478	0.00159	0.00319	0.00638	0.79755	0.00638
9	0.80789	0.01323	0.01006	0.00900	0.01323	0.01535	0.00741	0.02011	0.01164	0.03070	0.00953	0.01111	0.00741	0.00635	0.00423	0.00212	0.00529	0.00370	0.00423	0.00741
10	0.01098	0.00789	0.00970	0.01025	0.01135	0.00788	0.00713	0.10733	0.01558	0.02080	0.03342	0.59457	0.03887	0.07674	0.01048	0.00297	0.00468	0.01681	0.00625	0.00632
11	0.01829	0.76368	0.03585	0.01171	0.01756	0.02707	0.01171	0.02049	0.01390	0.01610	0.00951	0.01097	0.00878	0.00585	0.00439	0.00146	0.00732	0.00366	0.00293	0.00878
12	0.01497	0.01497	0.02095	0.01796	0.01796	0.02095	0.01497	0.01646	0.01048	0.01646	0.00898	0.01497	0.00898	0.01197	0.02245	0.00299	0.74704	0.00599	0.00299	0.00748
13	0.02541	0.01887	0.02019	0.01562	0.02099	0.02094	0.01286	0.65028	0.07693	0.04215	0.01719	0.01703	0.01225	0.00828	0.00685	0.00207	0.00739	0.00626	0.00685	0.01158
14	0.00894	0.00656	0.00846	0.00983	0.01047	0.00635	0.00666	0.01138	0.06095	0.01824	0.03702	0.70461	0.04356	0.02059	0.00861	0.00275	0.00407	0.01864	0.00639	0.00592
15	0.00928	0.00689	0.00864	0.00838	0.01002	0.00626	0.00622	0.01206	0.01815	0.02497	0.53942	0.11378	0.18019	0.01522	0.00813	0.00223	0.00333	0.01335	0.00722	0.00626
16	0.00856	0.00612	0.00820	0.00979	0.01029	0.00575	0.00675	0.00992	0.01332	0.01772	0.03758	0.69731	0.04475	0.02122	0.00879	0.00281	0.00417	0.07498	0.00635	0.00562
17	0.04306	0.00708	0.00739	0.00730	0.00902	0.00729	0.00551	0.03703	0.01450	0.02506	0.02239	0.07334	0.01878	0.01181	0.05545	0.00236	0.00451	0.00720	0.63440	0.00651

[dist]
# distance from previous block
# <min> <max>
0	2

[block]
# block no. 8 follows, 31 sequences, length 18
# corresponding to MSA columns:
# 334-351
name=unknown_I
#
# <colnr> <probs for GDERKNQSTAVLIFYWHMCP>
#	G	D	E	R	K	N	Q	S	T	A	V	L	I	F	Y	W	H	M	C	P
0	0.14210	0.03701	0.01720	0.33691	0.02901	0.03821	0.01369	0.06942	0.01497	0.02275	0.04302	0.01849	0.01237	0.00777	0.00762	0.00218	0.07750	0.00587	0.09619	0.00772
1	0.01957	0.59224	0.03242	0.01428	0.05241	0.15664	0.01244	0.02177	0.01500	0.01652	0.00987	0.01152	0.00889	0.00609	0.00483	0.00155	0.00828	0.00392	0.00306	0.00872
2	0.74495	0.01479	0.01081	0.00969	0.01387	0.07302	0.00788	0.02069	0.01227	0.02957	0.00961	0.01121	0.00752	0.00641	0.00439	0.00209	0.00586	0.00376	0.00418	0.00745
