[name]
unknown

[dist]
# distance from previous block
# <min> <max>
15	63

[block]
# block no. 0 follows, 25 sequences, length 6
# corresponding to MSA columns:
# 79-84
name=unknown_A
#
# <colnr> <probs for GDERKNQSTAVLIFYWHMCP>
#	G	D	E	R	K	N	Q	S	T	A	V	L	I	F	Y	W	H	M	C	P
0	0.01999	0.01658	0.01948	0.01697	0.07739	0.06691	0.04008	0.09360	0.01963	0.08442	0.02008	0.05343	0.04403	0.00829	0.00692	0.00178	0.00727	0.00693	0.00548	0.39074
1	0.01798	0.01918	0.10936	0.01726	0.02408	0.01525	0.10646	0.10299	0.09755	0.02860	0.01871	0.06438	0.01557	0.00830	0.00724	0.00199	0.00788	0.00734	0.00529	0.32458
2	0.02282	0.02191	0.02022	0.02100	0.12574	0.22066	0.01414	0.08178	0.16988	0.07975	0.02859	0.02842	0.11086	0.01032	0.00775	0.00234	0.00891	0.00821	0.00610	0.01061
3	0.01656	0.02133	0.16949	0.02153	0.02681	0.01796	0.18335	0.05365	0.06231	0.02375	0.01769	0.05108	0.01548	0.07049	0.07163	0.00395	0.15052	0.00843	0.00436	0.00963
4	0.02061	0.14485	0.05688	0.01607	0.02129	0.08150	0.06534	0.05014	0.09952	0.10890	0.07696	0.02623	0.05970	0.01117	0.02914	0.00255	0.04501	0.00774	0.00577	0.07062
5	0.01988	0.01729	0.01714	0.01617	0.05189	0.14977	0.01170	0.09973	0.02002	0.08018	0.09961	0.11941	0.02651	0.06913	0.06420	0.00354	0.05474	0.00973	0.00596	0.06339

[dist]
# distance from previous block
# <min> <max>
1	7

[block]
# block no. 1 follows, 25 sequences, length 119
# corresponding to MSA columns:
# 92-210
name=unknown_B
#
# <colnr> <probs for GDERKNQSTAVLIFYWHMCP>
#	G	D	E	R	K	N	Q	S	T	A	V	L	I	F	Y	W	H	M	C	P
0	0.02139	0.01612	0.01903	0.01454	0.02041	0.01547	0.03623	0.24274	0.04774	0.06783	0.05141	0.04519	0.01771	0.00867	0.00707	0.00190	0.00683	0.00710	0.03656	0.31605
1	0.02079	0.04777	0.02121	0.02016	0.11115	0.15430	0.01399	0.06155	0.22156	0.02678	0.02110	0.02196	0.03583	0.00883	0.00794	0.00216	0.03778	0.00686	0.00555	0.15273
2	0.02698	0.01602	0.05112	0.01464	0.02007	0.01468	0.01225	0.17767	0.07674	0.32269	0.02661	0.07457	0.02016	0.05836	0.00994	0.00274	0.00713	0.00866	0.00795	0.05104
3	0.02111	0.05277	0.01969	0.04604	0.06604	0.01814	0.01289	0.17276	0.25931	0.08242	0.03064	0.03089	0.09470	0.04632	0.00940	0.00271	0.00703	0.00885	0.00705	0.01124
4	0.02279	0.01595	0.01772	0.01463	0.01912	0.01719	0.01168	0.31520	0.11894	0.09443	0.05276	0.05660	0.07076	0.04451	0.05666	0.00333	0.00792	0.00916	0.03963	0.01102
5	0.00965	0.00714	0.00895	0.01021	0.01118	0.00654	0.00705	0.01127	0.01572	0.02052	0.08041	0.51233	0.17337	0.05042	0.01091	0.00320	0.00456	0.04302	0.00716	0.00637
6	0.02928	0.01852	0.02102	0.01601	0.02224	0.01906	0.01319	0.41483	0.03025	0.21402	0.02120	0.02037	0.01457	0.00896	0.00753	0.00221	0.00769	0.00691	0.00786	0.10429
7	0.07573	0.01741	0.01838	0.03990	0.02108	0.04644	0.01243	0.29365	0.13194	0.08597	0.05176	0.10091	0.04732	0.01157	0.00789	0.00249	0.00730	0.00935	0.00735	0.01112
8	0.03153	0.01404	0.01805	0.01415	0.01974	0.01308	0.01157	0.11916	0.05072	0.52065	0.05489	0.05280	0.02190	0.01039	0.00793	0.00243	0.00665	0.00851	0.00914	0.01266
9	0.00944	0.00679	0.00895	0.01068	0.01122	0.00631	0.00715	0.01081	0.01496	0.01984	0.04414	0.69705	0.07577	0.02411	0.00987	0.00313	0.00448	0.02182	0.00720	0.00631
10	0.01825	0.02076	0.04489	0.03220	0.03974	0.01977	0.62624	0.02460	0.01805	0.02460	0.01547	0.02076	0.01170	0.00681	0.00979	0.00264	0.04040	0.00906	0.00390	0.01038
11	0.01878	0.05064	0.12286	0.08340	0.02720	0.08127	0.06045	0.06933	0.01618	0.02233	0.01224	0.01716	0.01045	0.01058	0.01635	0.00286	0.35806	0.00655	0.00380	0.00952
12	0.01219	0.00986	0.01427	0.01364	0.01466	0.01215	0.01068	0.01455	0.01227	0.01791	0.01907	0.02942	0.01831	0.09851	0.52417	0.01042	0.14859	0.00824	0.00405	0.00705
13	0.00916	0.00785	0.00785	0.00785	0.01047	0.00655	0.00589	0.01113	0.01767	0.02095	0.07855	0.07462	0.67599	0.01964	0.00916	0.00262	0.00393	0.01636	0.00720	0.00655
14	0.02822	0.03576	0.02157	0.01966	0.02355	0.66766	0.01476	0.03025	0.02157	0.01894	0.01235	0.01467	0.01038	0.01009	0.03584	0.00244	0.01427	0.00513	0.00400	0.00890
15	0.02947	0.02172	0.02327	0.01784	0.02404	0.02404	0.01474	0.65329	0.03646	0.04887	0.01862	0.01862	0.01319	0.00931	0.00776	0.00233	0.00853	0.00698	0.00776	0.01319
16	0.02041	0.52201	0.08167	0.01493	0.02186	0.05312	0.04068	0.04683	0.01696	0.02090	0.01187	0.01375	0.01031	0.00674	0.00558	0.00174	0.00867	0.00465	0.00367	0.09365
17	0.02333	0.04894	0.02048	0.01685	0.02103	0.15323	0.01333	0.12897	0.28153	0.07456	0.02244	0.02326	0.01736	0.03845	0.01056	0.00267	0.07807	0.00740	0.00647	0.01106
18	0.01608	0.01378	0.01608	0.01148	0.01837	0.01034	0.00919	0.01952	0.01608	0.02527	0.01378	0.01608	0.01148	0.00574	0.00574	0.00115	0.00574	0.00459	0.00459	0.77491
19	0.02008	0.01541	0.01846	0.01850	0.11420	0.01635	0.01239	0.28075	0.04906	0.03213	0.02775	0.03343	0.10769	0.14666	0.04100	0.03269	0.00812	0.00917	0.00624	0.00992
20	0.01858	0.01475	0.02046	0.05267	0.02055	0.01849	0.01445	0.02074	0.01389	0.11649	0.01535	0.02170	0.01348	0.06252	0.07112	0.00398	0.42281	0.00718	0.00454	0.06626
21	0.78228	0.01499	0.01140	0.01020	0.01499	0.01739	0.00840	0.02279	0.01320	0.03479	0.01080	0.01260	0.00840	0.00720	0.00480	0.00240	0.00600	0.00420	0.00480	0.00840
22	0.01647	0.01750	0.03594	0.08812	0.07905	0.01688	0.43106	0.02186	0.01748	0.02361	0.02057	0.12877	0.01898	0.00995	0.00911	0.00271	0.01104	0.03674	0.00450	0.00966
23	0.01903	0.01826	0.03118	0.07116	0.65684	0.01838	0.02372	0.02365	0.01758	0.02513	0.01456	0.01924	0.01221	0.00694	0.00768	0.00231	0.00925	0.00691	0.00382	0.01215
24	0.00925	0.00786	0.00798	0.00795	0.01053	0.00658	0.00596	0.01130	0.01788	0.02144	0.10779	0.07380	0.64644	0.01945	0.00916	0.00261	0.00391	0.01625	0.00727	0.00658
25	0.01696	0.01696	0.02375	0.02036	0.02036	0.02375	0.01696	0.01866	0.01187	0.01866	0.01018	0.01696	0.01018	0.01357	0.02545	0.00339	0.71332	0.00679	0.00339	0.00848
26	0.02927	0.01677	0.01963	0.01543	0.02125	0.01710	0.01259	0.24923	0.14144	0.31678	0.02581	0.02366	0.01754	0.00947	0.00770	0.00235	0.00714	0.00753	0.00841	0.05091
27	0.01669	0.12068	0.02385	0.04461	0.02037	0.04694	0.01504	0.01878	0.01319	0.01862	0.01355	0.05328	0.01345	0.01878	0.11265	0.00429	0.42582	0.00730	0.00370	0.00840
28	0.00916	0.00785	0.00785	0.00785	0.01047	0.00655	0.00589	0.01113	0.01767	0.02095	0.07855	0.07462	0.67599	0.01964	0.00916	0.00262	0.00393	0.01636	0.00720	0.00655
29	0.00984	0.00745	0.00904	0.01009	0.01128	0.00689	0.00696	0.01210	0.03824	0.02081	0.07587	0.48363	0.21080	0.04563	0.01059	0.00311	0.00448	0.01945	0.00719	0.00656
30	0.01919	0.01842	0.03147	0.04759	0.67914	0.01842	0.02380	0.02380	0.01765	0.02533	0.01458	0.01919	0.01228	0.00691	0.00768	0.00230	0.00921	0.00691	0.00384	0.01228
31	0.02211	0.01698	0.01827	0.01569	0.02048	0.01902	0.01241	0.15560	0.46669	0.08950	0.03090	0.02858	0.04727	0.01058	0.00791	0.00255	0.00654	0.00865	0.00798	0.01229
32	0.78228	0.01499	0.01140	0.01020	0.01499	0.01739	0.00840	0.02279	0.01320	0.03479	0.01080	0.01260	0.00840	0.00720	0.00480	0.00240	0.00600	0.00420	0.00480	0.00840
33	0.01102	0.00771	0.00953	0.00960	0.01016	0.00795	0.00623	0.01201	0.01244	0.01687	0.04966	0.08153	0.06094	0.46347	0.20050	0.00812	0.01038	0.01143	0.00495	0.00552
34	0.01625	0.01837	0.09954	0.17971	0.13191	0.05015	0.07897	0.06595	0.01902	0.02492	0.08062	0.03314	0.14751	0.01059	0.00818	0.00247	0.00881	0.00934	0.00503	0.00953
35	0.01619	0.01365	0.01586	0.01183	0.01811	0.01087	0.00936	0.04343	0.04062	0.02600	0.01682	0.07039	0.01502	0.00746	0.00621	0.00140	0.00577	0.00616	0.00503	0.65980
36	0.02776	0.13882	0.02471	0.01899	0.02337	0.59884	0.01473	0.02983	0.02106	0.01887	0.01181	0.01376	0.00998	0.00779	0.00670	0.00195	0.01315	0.00487	0.00390	0.00913
37	0.01748	0.01540	0.01685	0.01708	0.06841	0.04217	0.01206	0.03277	0.44382	0.02910	0.06463	0.13210	0.04916	0.01272	0.00824	0.00265	0.00624	0.01092	0.00734	0.01085
38	0.02899	0.03621	0.02204	0.01987	0.02397	0.66342	0.01497	0.06147	0.02268	0.02044	0.01231	0.01421	0.01014	0.00805	0.00703	0.00201	0.01372	0.00509	0.00418	0.00919
39	0.00959	0.00787	0.00844	0.00830	0.01073	0.00673	0.00622	0.01195	0.01867	0.02331	0.21777	0.07072	0.53529	0.01875	0.00916	0.00258	0.00386	0.01582	0.00751	0.00673
40	0.02714	0.02007	0.02177	0.04315	0.02386	0.02231	0.01419	0.54047	0.08215	0.04519	0.01986	0.02016	0.01432	0.00932	0.00761	0.00233	0.00809	0.00713	0.05834	0.01255
41	0.00916	0.00785	0.00785	0.00785	0.01047	0.00655	0.00589	0.01113	0.01767	0.02095	0.07855	0.07462	0.67599	0.01964	0.00916	0.00262	0.00393	0.01636	0.00720	0.00655
42	0.01919	0.01842	0.03147	0.04759	0.67914	0.01842	0.02380	0.02380	0.01765	0.02533	0.01458	0.01919	0.01228	0.00691	0.00768	0.00230	0.00921	0.00691	0.00384	0.01228
43	0.00945	0.00675	0.00900	0.01080	0.01125	0.00630	0.00720	0.01080	0.01484	0.01979	0.04274	0.72245	0.05128	0.02429	0.00990	0.00315	0.00450	0.02204	0.00720	0.00630
44	0.00953	0.00691	0.00903	0.01069	0.01135	0.00641	0.00728	0.01100	0.01516	0.02000	0.04540	0.65175	0.09859	0.02384	0.00987	0.00312	0.00454	0.04200	0.00720	0.00635
45	0.00916	0.00785	0.00785	0.00785	0.01047	0.00655	0.00589	0.01113	0.01767	0.02095	0.07855	0.07462	0.67599	0.01964	0.00916	0.00262	0.00393	0.01636	0.00720	0.00655
46	0.00967	0.00691	0.00924	0.01092	0.01150	0.00648	0.00747	0.01125	0.01534	0.02052	0.07365	0.65828	0.05202	0.02373	0.00990	0.00314	0.00459	0.05173	0.00726	0.00639
47	0.01619	0.01600	0.02048	0.01813	0.01881	0.06844	0.01480	0.01821	0.01277	0.01850	0.01325	0.02050	0.01272	0.02555	0.21065	0.00581	0.47036	0.00708	0.00365	0.00809
48	0.01027	0.00737	0.00961	0.01093	0.01171	0.00699	0.00746	0.03268	0.01627	0.02188	0.10438	0.63326	0.05217	0.02296	0.00975	0.00305	0.00455	0.02075	0.00735	0.00663
49	0.01919	0.01842	0.03147	0.04759	0.67914	0.01842	0.02380	0.02380	0.01765	0.02533	0.01458	0.01919	0.01228	0.00691	0.00768	0.00230	0.00921	0.00691	0.00384	0.01228
50	0.02184	0.01453	0.01531	0.01264	0.01666	0.01575	0.01015	0.32312	0.05137	0.03860	0.02234	0.02398	0.01682	0.00922	0.00664	0.00209	0.00607	0.00717	0.37542	0.01028
51	0.42649	0.01865	0.01720	0.06805	0.04720	0.07414	0.01228	0.19593	0.02063	0.03585	0.01341	0.01523	0.01014	0.00787	0.00612	0.00236	0.00780	0.00534	0.00540	0.00993
52	0.01718	0.00964	0.01011	0.00914	0.01162	0.00992	0.00697	0.11382	0.01913	0.05355	0.02441	0.02893	0.01948	0.06376	0.00844	0.00234	0.00475	0.00752	0.57116	0.00814
53	0.00956	0.00684	0.00910	0.01072	0.01127	0.00638	0.00721	0.01109	0.01539	0.02065	0.09085	0.67188	0.05295	0.02365	0.00984	0.00309	0.00443	0.02143	0.00730	0.00638
54	0.01792	0.01537	0.02302	0.19107	0.26916	0.01654	0.01766	0.12690	0.01922	0.02612	0.01887	0.08465	0.01754	0.10816	0.01227	0.00316	0.00872	0.00883	0.00482	0.01000
55	0.01156	0.04428	0.01370	0.01234	0.01394	0.01065	0.00967	0.01421	0.01258	0.01790	0.02042	0.03036	0.01926	0.08186	0.63658	0.01173	0.01963	0.00822	0.00413	0.00699
56	0.03479	0.01320	0.01799	0.01380	0.01979	0.01140	0.01140	0.03779	0.02219	0.68451	0.03059	0.02639	0.01919	0.00960	0.00780	0.00240	0.00660	0.00780	0.00960	0.01320
57	0.04189	0.01420	0.02262	0.63439	0.04979	0.01754	0.02049	0.04196	0.04159	0.02180	0.01454	0.02065	0.01089	0.00789	0.00766	0.00257	0.00996	0.00687	0.00381	0.00890
58	0.01926	0.02021	0.04254	0.03358	0.11936	0.01904	0.53971	0.02537	0.01842	0.05873	0.01631	0.02098	0.01221	0.00674	0.00890	0.00256	0.01226	0.00880	0.00420	0.01083
59	0.01195	0.00816	0.01091	0.01105	0.01281	0.00767	0.00858	0.01522	0.02000	0.05171	0.41849	0.16228	0.06168	0.01810	0.00955	0.00279	0.00465	0.14898	0.00807	0.00734
60	0.01114	0.00746	0.00850	0.00863	0.00867	0.00742	0.00489	0.01124	0.01155	0.01540	0.02582	0.10185	0.02995	0.67400	0.03721	0.00718	0.00729	0.01209	0.00489	0.00482
61	0.02054	0.70672	0.06441	0.01359	0.02040	0.03021	0.01383	0.02327	0.01578	0.01847	0.01089	0.01258	0.00995	0.00666	0.00506	0.00169	0.00841	0.00420	0.00332	0.01001
62	0.01692	0.12096	0.58452	0.02073	0.03140	0.01925	0.02615	0.02492	0.01653	0.04971	0.01420	0.01630	0.01020	0.00737	0.00710	0.00236	0.01089	0.00562	0.00353	0.01135
63	0.01036	0.00746	0.01001	0.01173	0.01268	0.00711	0.00876	0.01242	0.01588	0.02088	0.04373	0.50167	0.07554	0.02322	0.01011	0.00325	0.00528	0.20615	0.00718	0.00656
64	0.01605	0.01389	0.01778	0.13538	0.02445	0.01301	0.01212	0.04991	0.01654	0.02451	0.01593	0.07083	0.01429	0.00832	0.00812	0.00179	0.06435	0.00662	0.00465	0.48147
65	0.01966	0.13090	0.03838	0.09138	0.15475	0.02034	0.33472	0.02484	0.01780	0.06923	0.01558	0.01962	0.01196	0.00694	0.00800	0.00239	0.01092	0.00766	0.00416	0.01074
66	0.01621	0.01485	0.02169	0.21973	0.08374	0.01446	0.05592	0.02106	0.03989	0.02366	0.01448	0.01849	0.01163	0.00696	0.00756	0.00190	0.03559	0.00599	0.00423	0.38198
67	0.02046	0.01724	0.01819	0.01602	0.02061	0.01983	0.01256	0.11166	0.59277	0.03433	0.03007	0.02774	0.02246	0.01038	0.00787	0.00259	0.00641	0.00856	0.00787	0.01238
68	0.00945	0.00675	0.00900	0.01080	0.01125	0.00630	0.00720	0.01080	0.01484	0.01979	0.04274	0.72245	0.05128	0.02429	0.00990	0.00315	0.00450	0.02204	0.00720	0.00630
69	0.02832	0.02114	0.02262	0.01761	0.02360	0.02350	0.01446	0.58375	0.10788	0.04700	0.02009	0.01979	0.01438	0.00945	0.00777	0.00236	0.00826	0.00718	0.00777	0.01308
70	0.03458	0.01352	0.01820	0.01395	0.01996	0.01188	0.01152	0.06128	0.02274	0.66024	0.03013	0.02609	0.01896	0.00959	0.00780	0.00240	0.00667	0.00777	0.00953	0.01320
71	0.01109	0.00827	0.01226	0.01226	0.01357	0.00958	0.00944	0.01371	0.01240	0.01785	0.02096	0.03150	0.01984	0.09248	0.66307	0.01221	0.02009	0.00846	0.00418	0.00681
72	0.02896	0.03695	0.02197	0.01998	0.02397	0.69638	0.01498	0.03096	0.02197	0.01898	0.01199	0.01398	0.00999	0.00799	0.00699	0.00200	0.01398	0.00499	0.00400	0.00899
73	0.01108	0.00831	0.01246	0.01246	0.01385	0.00969	0.00969	0.01385	0.01246	0.01800	0.02077	0.03046	0.01938	0.05815	0.69678	0.01246	0.02077	0.00831	0.00415	0.00692
74	0.01144	0.00818	0.01125	0.01286	0.01424	0.00799	0.01047	0.01433	0.01723	0.02275	0.08981	0.28096	0.04885	0.02188	0.01034	0.00335	0.00606	0.39384	0.00726	0.00689
75	0.00925	0.00780	0.00801	0.00807	0.01055	0.00656	0.00601	0.01125	0.01770	0.02129	0.10032	0.10572	0.62158	0.01972	0.00920	0.00264	0.00394	0.01655	0.00725	0.00656
76	0.26526	0.01983	0.01887	0.01516	0.02074	0.07171	0.01240	0.34024	0.02649	0.11312	0.01700	0.01725	0.01212	0.00858	0.00678	0.00233	0.00794	0.00605	0.00675	0.01137
77	0.70205	0.01480	0.01210	0.01058	0.01551	0.01675	0.00872	0.02440	0.01416	0.10452	0.01292	0.01408	0.00956	0.00745	0.00512	0.00240	0.00606	0.00458	0.00531	0.00891
78	0.01193	0.00935	0.01256	0.01248	0.01399	0.03578	0.00967	0.01472	0.01302	0.01860	0.02067	0.02975	0.01905	0.05372	0.63499	0.01152	0.01963	0.00813	0.04345	0.00702
79	0.01075	0.00811	0.01004	0.01057	0.01204	0.00778	0.00753	0.01469	0.07414	0.02458	0.24441	0.37876	0.12761	0.01990	0.00940	0.00282	0.00431	0.01771	0.00768	0.00717
80	0.01934	0.01892	0.03068	0.08042	0.62120	0.04511	0.02333	0.02387	0.01771	0.02480	0.01444	0.01906	0.01209	0.00699	0.00765	0.00231	0.00946	0.00683	0.00382	0.01196
81	0.01860	0.01929	0.02626	0.04319	0.02491	0.09670	0.12500	0.05183	0.01578	0.02149	0.01435	0.04809	0.01355	0.01208	0.01798	0.00302	0.40288	0.03194	0.00406	0.00897
82	0.71295	0.01463	0.01184	0.04591	0.01673	0.01699	0.00895	0.02245	0.01343	0.03379	0.01152	0.01365	0.00894	0.00730	0.00497	0.00239	0.00613	0.00445	0.03461	0.00836
83	0.01584	0.01626	0.04740	0.08219	0.16920	0.07362	0.11244	0.01917	0.01621	0.02126	0.04586	0.13212	0.02344	0.17300	0.01542	0.00366	0.00911	0.01055	0.00468	0.00857
84	0.01185	0.00810	0.01053	0.00989	0.01187	0.00742	0.00743	0.01532	0.02152	0.05776	0.60056	0.08209	0.09406	0.01605	0.00912	0.00247	0.00382	0.01415	0.00848	0.00749
85	0.05620	0.08626	0.19136	0.02134	0.11932	0.01623	0.06693	0.05238	0.01812	0.05198	0.09366	0.11894	0.02377	0.01057	0.00772	0.00240	0.00828	0.00923	0.00515	0.04014
86	0.01594	0.06632	0.62921	0.02302	0.06513	0.01853	0.02780	0.02446	0.01641	0.02434	0.01382	0.01636	0.00995	0.00731	0.00729	0.00242	0.01122	0.00573	0.00330	0.01144
87	0.02392	0.01667	0.01816	0.01484	0.01940	0.01809	0.01184	0.39113	0.07737	0.07142	0.02398	0.09900	0.01998	0.04123	0.00901	0.00259	0.00709	0.00901	0.11408	0.01118
88	0.01021	0.00720	0.00885	0.00984	0.01036	0.00687	0.00639	0.01121	0.01390	0.01829	0.03893	0.40028	0.09355	0.27957	0.02062	0.00471	0.00565	0.04152	0.00629	0.00577
89	0.16678	0.16302	0.05577	0.01486	0.01976	0.19108	0.01259	0.09998	0.01913	0.02593	0.01623	0.08972	0.01520	0.03959	0.00791	0.00239	0.00896	0.00698	0.00482	0.03930
90	0.00987	0.00705	0.00948	0.01128	0.01191	0.00666	0.00793	0.01152	0.01526	0.02026	0.04250	0.63509	0.05037	0.02390	0.01001	0.00321	0.00486	0.10526	0.00719	0.00641
91	0.01097	0.00793	0.01036	0.00975	0.01158	0.00732	0.00732	0.01463	0.02195	0.03109	0.67505	0.05792	0.07316	0.01585	0.00914	0.00244	0.00366	0.01402	0.00854	0.00732
92	0.01596	0.01540	0.02659	0.52634	0.04766	0.01838	0.11312	0.04566	0.01645	0.02161	0.01396	0.02032	0.01065	0.00811	0.00940	0.00264	0.06780	0.00722	0.00368	0.00905
93	0.01576	0.01723	0.08507	0.45351	0.15673	0.01730	0.07252	0.02096	0.01597	0.02135	0.01407	0.02016	0.01086	0.00819	0.00866	0.03137	0.01033	0.00697	0.00353	0.00945
94	0.01038	0.00746	0.01004	0.01176	0.01271	0.00712	0.00879	0.01244	0.01588	0.02089	0.04355	0.50190	0.07257	0.02323	0.01012	0.00326	0.00529	0.20887	0.00718	0.00657
95	0.01506	0.00962	0.01103	0.01015	0.01266	0.00954	0.00775	0.08385	0.04638	0.05810	0.25270	0.09731	0.09168	0.01354	0.00779	0.00231	0.00446	0.01153	0.24634	0.00820
96	0.01491	0.03937	0.01537	0.01506	0.06484	0.01254	0.01036	0.11708	0.01783	0.02419	0.05213	0.21835	0.03053	0.16180	0.11470	0.00509	0.03394	0.03811	0.00586	0.00794
97	0.02550	0.04741	0.04710	0.01591	0.02144	0.02037	0.01349	0.46019	0.03072	0.06390	0.05379	0.04828	0.01834	0.01001	0.00754	0.00229	0.00766	0.00780	0.08644	0.01181
98	0.62791	0.07121	0.01459	0.01137	0.01611	0.07734	0.00939	0.02318	0.01413	0.03148	0.01130	0.01342	0.00909	0.00925	0.03254	0.00271	0.00746	0.00443	0.00459	0.00851
99	0.01531	0.03690	0.61052	0.02158	0.03216	0.01726	0.05157	0.02381	0.01687	0.02506	0.06429	0.01971	0.01472	0.00798	0.00757	0.00246	0.01093	0.00650	0.00370	0.01110
100	0.01787	0.01658	0.02691	0.20170	0.42988	0.01767	0.02120	0.02429	0.08162	0.02489	0.01661	0.02099	0.01332	0.00758	0.00761	0.00238	0.00890	0.00710	0.04174	0.01115
101	0.01882	0.01370	0.01636	0.01182	0.01858	0.01049	0.00951	0.02220	0.01697	0.12186	0.01624	0.01759	0.01261	0.00631	0.00604	0.00133	0.00587	0.00506	0.00533	0.66330
102	0.02073	0.73217	0.04063	0.01327	0.01990	0.03068	0.01327	0.02322	0.01575	0.01824	0.01078	0.01244	0.00995	0.00663	0.00498	0.00166	0.00829	0.00415	0.00332	0.00995
103	0.62040	0.01662	0.03945	0.01382	0.06038	0.01779	0.01076	0.07140	0.01568	0.05675	0.01243	0.01410	0.00944	0.00743	0.00541	0.00239	0.00663	0.00477	0.00506	0.00930
104	0.01118	0.00788	0.01031	0.01031	0.01095	0.00852	0.00701	0.01246	0.01182	0.01640	0.02274	0.04137	0.02412	0.41811	0.34330	0.00980	0.01364	0.00990	0.00445	0.00573
105	0.01929	0.01666	0.01753	0.01578	0.02016	0.01929	0.01227	0.04120	0.66513	0.03243	0.03156	0.02893	0.02367	0.01052	0.00789	0.00263	0.00614	0.00877	0.00789	0.01227
106	0.01117	0.00808	0.01009	0.01034	0.01058	0.00858	0.00674	0.01190	0.01243	0.01690	0.02826	0.23740	0.03268	0.42060	0.08185	0.00635	0.06141	0.01376	0.00527	0.00562
107	0.02947	0.02172	0.02327	0.01784	0.02404	0.02404	0.01474	0.65329	0.03646	0.04887	0.01862	0.01862	0.01319	0.00931	0.00776	0.00233	0.00853	0.00698	0.00776	0.01319
108	0.01226	0.00876	0.01223	0.01401	0.01570	0.00872	0.01209	0.01566	0.01762	0.02294	0.04118	0.13578	0.04513	0.02164	0.01065	0.00354	0.00694	0.58093	0.00714	0.00708
109	0.00952	0.00773	0.00844	0.00856	0.01077	0.00665	0.00631	0.01171	0.01808	0.02261	0.18010	0.15266	0.49072	0.01955	0.00925	0.00265	0.00395	0.01666	0.00744	0.00665
110	0.00945	0.00675	0.00900	0.01080	0.01125	0.00630	0.00720	0.01080	0.01484	0.01979	0.04274	0.72245	0.05128	0.02429	0.00990	0.00315	0.00450	0.02204	0.00720	0.00630
111	0.01919	0.01842	0.03147	0.04759	0.67914	0.01842	0.02380	0.02380	0.01765	0.02533	0.01458	0.01919	0.01228	0.00691	0.00768	0.00230	0.00921	0.00691	0.00384	0.01228
112	0.17380	0.01331	0.01644	0.01295	0.01855	0.01235	0.01066	0.03401	0.02050	0.53548	0.05384	0.02513	0.01943	0.00941	0.00729	0.00240	0.00636	0.00738	0.00865	0.01205
113	0.02728	0.01983	0.02143	0.01677	0.02226	0.02190	0.01368	0.55593	0.05871	0.04476	0.01899	0.01979	0.01388	0.01069	0.00939	0.06107	0.00811	0.00704	0.03632	0.01218
114	0.11106	0.01899	0.01800	0.01568	0.02040	0.09234	0.01234	0.10846	0.40056	0.08054	0.02547	0.02404	0.01888	0.00965	0.00741	0.00248	0.00728	0.00755	0.00722	0.01164
115	0.02447	0.01699	0.01808	0.01530	0.01949	0.01761	0.01185	0.34243	0.02843	0.04046	0.04884	0.08595	0.04501	0.01295	0.00859	0.00281	0.00736	0.00974	0.23187	0.01178
116	0.26487	0.07648	0.01675	0.06961	0.01945	0.04183	0.01069	0.08555	0.01807	0.12528	0.02334	0.07465	0.06598	0.04036	0.00806	0.00259	0.00692	0.00788	0.03239	0.00926
117	0.18741	0.04404	0.01709	0.03733	0.01892	0.05029	0.01113	0.17001	0.02048	0.03191	0.06671	0.02151	0.01718	0.01369	0.07603	0.00318	0.03607	0.00654	0.06354	0.10695
118	0.05591	0.02151	0.04571	0.05182	0.02291	0.16858	0.01384	0.19065	0.04870	0.15721	0.07510	0.02452	0.04324	0.00996	0.00828	0.00236	0.03474	0.00752	0.00664	0.01082

[dist]
# distance from previous block
# <min> <max>
6	11

[block]
# block no. 2 follows, 25 sequences, length 206
# corresponding to MSA columns:
# 222-427
name=unknown_C
#
# <colnr> <probs for GDERKNQSTAVLIFYWHMCP>
#	G	D	E	R	K	N	Q	S	T	A	V	L	I	F	Y	W	H	M	C	P
0	0.01304	0.01360	0.07600	0.01673	0.02059	0.01103	0.14580	0.01724	0.01819	0.02493	0.18791	0.17376	0.06753	0.01565	0.00933	0.00280	0.00725	0.13803	0.00640	0.03418
1	0.01287	0.00834	0.01097	0.01008	0.01224	0.00764	0.00764	0.01647	0.02197	0.08298	0.62387	0.05541	0.06887	0.01535	0.00904	0.00244	0.00389	0.01353	0.00862	0.00778
2	0.01696	0.01696	0.02375	0.02036	0.02036	0.02375	0.01696	0.01866	0.01187	0.01866	0.01018	0.01696	0.01018	0.01357	0.02545	0.00339	0.71332	0.00679	0.00339	0.00848
3	0.06226	0.01418	0.01809	0.01411	0.01995	0.01320	0.01160	0.08292	0.07503	0.55939	0.02901	0.02549	0.01869	0.00956	0.00768	0.00241	0.00668	0.00768	0.00914	0.01293
4	0.01716	0.01881	0.03943	0.17731	0.04212	0.01856	0.48967	0.02319	0.01756	0.02355	0.01636	0.04904	0.01304	0.00751	0.00888	0.00263	0.01214	0.00918	0.00395	0.00989
5	0.00960	0.00795	0.00846	0.00855	0.01102	0.00681	0.00655	0.01186	0.01810	0.02210	0.13271	0.07404	0.56811	0.01942	0.00928	0.00268	0.00416	0.06463	0.00732	0.00667
6	0.00979	0.00743	0.00884	0.00939	0.01085	0.00668	0.00659	0.01173	0.01706	0.02219	0.18391	0.31182	0.27430	0.06903	0.01151	0.00311	0.00433	0.01766	0.00730	0.00648
7	0.01847	0.01769	0.03017	0.15260	0.57977	0.01823	0.02344	0.02316	0.01731	0.02445	0.01446	0.01943	0.01197	0.00704	0.00769	0.00235	0.00939	0.00691	0.00378	0.01170
8	0.02124	0.01564	0.01554	0.01328	0.01690	0.06527	0.01037	0.29260	0.02505	0.03508	0.02371	0.11658	0.02074	0.03765	0.00840	0.00244	0.00677	0.00908	0.25395	0.00972
9	0.02055	0.48455	0.05830	0.01413	0.01983	0.10590	0.01329	0.02335	0.01690	0.04389	0.05806	0.01793	0.01541	0.01193	0.06436	0.00273	0.00978	0.00547	0.00405	0.00958
10	0.01306	0.00977	0.01191	0.01085	0.01328	0.00966	0.00828	0.06418	0.08392	0.03216	0.54360	0.05288	0.08616	0.01500	0.00892	0.00246	0.00426	0.01309	0.00837	0.00819
11	0.01519	0.03405	0.54557	0.02122	0.05828	0.01638	0.02495	0.02310	0.01708	0.02540	0.09271	0.02143	0.01756	0.00828	0.00751	0.00238	0.01015	0.00671	0.00399	0.04805
12	0.17780	0.01507	0.06466	0.04216	0.04574	0.01278	0.01153	0.04053	0.01677	0.08294	0.04898	0.12221	0.02004	0.00991	0.00682	0.00211	0.00643	0.00812	0.00554	0.25985
13	0.02073	0.73217	0.04063	0.01327	0.01990	0.03068	0.01327	0.02322	0.01575	0.01824	0.01078	0.01244	0.00995	0.00663	0.00498	0.00166	0.00829	0.00415	0.00332	0.00995
14	0.01939	0.59546	0.11618	0.01407	0.02093	0.02743	0.01468	0.02274	0.01629	0.01995	0.06020	0.01627	0.01460	0.00740	0.00557	0.00181	0.00833	0.00507	0.00370	0.00994
15	0.01097	0.00793	0.01036	0.00975	0.01158	0.00732	0.00732	0.01463	0.02195	0.03109	0.67505	0.05792	0.07316	0.01585	0.00914	0.00244	0.00366	0.01402	0.00854	0.00732
16	0.00945	0.00675	0.00900	0.01080	0.01125	0.00630	0.00720	0.01080	0.01484	0.01979	0.04274	0.72245	0.05128	0.02429	0.00990	0.00315	0.00450	0.02204	0.00720	0.00630
17	0.01264	0.00923	0.01198	0.01152	0.01343	0.01009	0.00885	0.06782	0.01548	0.02171	0.02970	0.03731	0.11593	0.09380	0.43283	0.00893	0.01489	0.00951	0.06709	0.00726
18	0.02043	0.01640	0.01757	0.01563	0.02013	0.01870	0.01221	0.04095	0.61766	0.08058	0.03149	0.02874	0.02334	0.01045	0.00788	0.00261	0.00617	0.00869	0.00802	0.01234
19	0.07880	0.01340	0.01732	0.01360	0.01928	0.01222	0.01115	0.03642	0.06910	0.57665	0.04900	0.02669	0.02050	0.00971	0.00766	0.00242	0.00644	0.00784	0.00914	0.01265
20	0.00945	0.00675	0.00900	0.01080	0.01125	0.00630	0.00720	0.01080	0.01484	0.01979	0.04274	0.72245	0.05128	0.02429	0.00990	0.00315	0.00450	0.02204	0.00720	0.00630
21	0.01061	0.00791	0.00985	0.00937	0.01136	0.00716	0.00703	0.01392	0.02108	0.02903	0.55369	0.06132	0.19581	0.01662	0.00915	0.00248	0.00371	0.01450	0.00826	0.00716
22	0.02090	0.67369	0.03857	0.01326	0.01965	0.02905	0.01305	0.02341	0.01588	0.04487	0.01198	0.01374	0.01071	0.00887	0.03351	0.00213	0.00874	0.00446	0.00360	0.00996
23	0.02764	0.01856	0.02067	0.01624	0.02177	0.01993	0.01326	0.46249	0.05458	0.14149	0.07044	0.05495	0.02062	0.01056	0.00797	0.00239	0.00761	0.00837	0.00807	0.01241
24	0.01124	0.00825	0.01221	0.01221	0.01361	0.00957	0.00948	0.01405	0.01265	0.01853	0.02099	0.03038	0.01941	0.05577	0.66323	0.01194	0.01994	0.00825	0.04135	0.00694
25	0.01076	0.00792	0.01007	0.00953	0.01145	0.00722	0.00715	0.01422	0.02144	0.02989	0.60415	0.05990	0.14482	0.01630	0.00915	0.00246	0.00369	0.01430	0.00838	0.00722
26	0.01919	0.01842	0.03147	0.04759	0.67914	0.01842	0.02380	0.02380	0.01765	0.02533	0.01458	0.01919	0.01228	0.00691	0.00768	0.00230	0.00921	0.00691	0.00384	0.01228
27	0.08920	0.02560	0.02194	0.01802	0.02310	0.22992	0.01442	0.37733	0.02881	0.03693	0.01550	0.01662	0.01166	0.00896	0.00824	0.00229	0.04795	0.00614	0.00613	0.01126
28	0.69529	0.01486	0.01274	0.08937	0.01935	0.01737	0.00989	0.02245	0.01346	0.03309	0.01113	0.01351	0.00862	0.00726	0.00513	0.00242	0.00649	0.00450	0.00464	0.00842
29	0.01686	0.05060	0.02756	0.39625	0.31566	0.01838	0.02209	0.02166	0.01642	0.02206	0.01397	0.01965	0.01114	0.00734	0.00759	0.00242	0.00976	0.00676	0.00360	0.01023
30	0.01077	0.00804	0.01005	0.01000	0.01174	0.00751	0.00732	0.01449	0.04781	0.02735	0.43068	0.20542	0.14387	0.01797	0.00926	0.00263	0.00399	0.01586	0.00804	0.00721
31	0.31519	0.14637	0.14580	0.01506	0.02144	0.04756	0.03972	0.05189	0.04008	0.05519	0.01402	0.01596	0.01088	0.00992	0.03952	0.00277	0.00889	0.00534	0.00459	0.00982
32	0.01281	0.00898	0.01209	0.01179	0.01347	0.01008	0.00906	0.05879	0.01474	0.02172	0.02235	0.05771	0.02071	0.07849	0.48552	0.00954	0.01604	0.00874	0.12010	0.00727
33	0.03479	0.01320	0.01799	0.01380	0.01979	0.01140	0.01140	0.03779	0.02219	0.68451	0.03059	0.02639	0.01919	0.00960	0.00780	0.00240	0.00660	0.00780	0.00960	0.01320
34	0.01464	0.01378	0.02326	0.70887	0.05340	0.01723	0.02153	0.01981	0.01550	0.01981	0.01378	0.02067	0.01034	0.00775	0.00775	0.00258	0.01034	0.00689	0.00345	0.00861
35	0.01729	0.01425	0.01932	0.29398	0.05807	0.01646	0.01585	0.02831	0.25937	0.06112	0.02597	0.02993	0.04688	0.01009	0.00791	0.00260	0.00782	0.03816	0.03647	0.01016
36	0.01090	0.00792	0.01027	0.00968	0.01154	0.00729	0.00726	0.01449	0.02178	0.03069	0.65164	0.05857	0.09682	0.01600	0.00915	0.00245	0.00367	0.01411	0.00848	0.00729
37	0.01128	0.00752	0.00846	0.00846	0.00846	0.00752	0.00470	0.01128	0.01128	0.01503	0.02443	0.05074	0.02819	0.72751	0.03946	0.00752	0.00752	0.01128	0.00470	0.00470
38	0.01997	0.63059	0.13556	0.01456	0.02191	0.02882	0.01552	0.02341	0.01584	0.01917	0.01124	0.01301	0.00993	0.00674	0.00533	0.00178	0.00876	0.00438	0.00331	0.01017
39	0.01398	0.01053	0.01292	0.01327	0.01542	0.01100	0.01047	0.06586	0.13313	0.02612	0.08881	0.23281	0.04189	0.05088	0.01096	0.00329	0.00611	0.23703	0.00734	0.00818
40	0.01286	0.00934	0.01277	0.01436	0.01628	0.00948	0.01248	0.01742	0.05270	0.02370	0.04054	0.08431	0.04349	0.02083	0.01056	0.00352	0.00709	0.59367	0.00718	0.00742
41	0.01510	0.01237	0.01533	0.01787	0.11220	0.04231	0.01153	0.11359	0.01928	0.02539	0.03475	0.40167	0.06192	0.01827	0.00914	0.00286	0.00643	0.06491	0.00664	0.00844
42	0.04502	0.23527	0.39428	0.01944	0.05865	0.02087	0.02166	0.02334	0.01655	0.02363	0.06174	0.01830	0.01460	0.00775	0.00673	0.00221	0.00966	0.00589	0.00376	0.01065
43	0.01797	0.02122	0.12800	0.13006	0.44140	0.01831	0.08321	0.02348	0.01724	0.02444	0.01448	0.01913	0.01161	0.00705	0.00778	0.00239	0.01005	0.00694	0.00371	0.01150
44	0.02834	0.09116	0.02353	0.01931	0.02365	0.60231	0.01483	0.06855	0.02237	0.02075	0.01230	0.01414	0.01018	0.00796	0.00688	0.00199	0.01320	0.00505	0.00417	0.00932
45	0.01258	0.00831	0.01071	0.00989	0.01210	0.00755	0.00750	0.01604	0.02160	0.07847	0.57659	0.05701	0.12059	0.01571	0.00905	0.00245	0.00390	0.01376	0.00850	0.00768
46	0.01020	0.00786	0.00932	0.00903	0.01113	0.00698	0.00674	0.01311	0.02001	0.02668	0.41635	0.08529	0.31404	0.01763	0.00918	0.00253	0.00379	0.01521	0.00796	0.00698
47	0.01506	0.00781	0.00787	0.00765	0.00964	0.00790	0.00579	0.04362	0.01707	0.02971	0.02502	0.02849	0.01960	0.00904	0.00551	0.00183	0.00381	0.00722	0.73986	0.00747
48	0.02861	0.02042	0.02197	0.01696	0.02285	0.02244	0.01397	0.58786	0.03456	0.06934	0.01949	0.01960	0.01386	0.00930	0.00760	0.00229	0.00812	0.00703	0.06096	0.01277
49	0.01929	0.01666	0.01753	0.01578	0.02016	0.01929	0.01227	0.04120	0.66513	0.03243	0.03156	0.02893	0.02367	0.01052	0.00789	0.00263	0.00614	0.00877	0.00789	0.01227
50	0.02928	0.02045	0.02219	0.01708	0.02309	0.02235	0.01409	0.57831	0.03449	0.09852	0.01984	0.01966	0.01394	0.00932	0.00766	0.00231	0.00818	0.00706	0.03924	0.01294
51	0.01138	0.00813	0.01122	0.01301	0.01431	0.00797	0.01057	0.01415	0.01676	0.02196	0.04167	0.31868	0.04705	0.02246	0.01041	0.00342	0.00618	0.40669	0.00716	0.00683
52	0.00916	0.00785	0.00785	0.00785	0.01047	0.00655	0.00589	0.01113	0.01767	0.02095	0.07855	0.07462	0.67599	0.01964	0.00916	0.00262	0.00393	0.01636	0.00720	0.00655
53	0.02539	0.01931	0.02063	0.01659	0.02185	0.02155	0.01333	0.44132	0.20363	0.04195	0.02252	0.02376	0.01711	0.06266	0.01013	0.00279	0.00781	0.00778	0.00757	0.01231
54	0.78228	0.01499	0.01140	0.01020	0.01499	0.01739	0.00840	0.02279	0.01320	0.03479	0.01080	0.01260	0.00840	0.00720	0.00480	0.00240	0.00600	0.00420	0.00480	0.00840
55	0.01109	0.00827	0.01229	0.01229	0.01361	0.00960	0.00947	0.01373	0.01241	0.01787	0.02093	0.03134	0.01977	0.08727	0.66819	0.01225	0.02019	0.00844	0.00418	0.00683
56	0.01227	0.00876	0.01224	0.01402	0.01571	0.00873	0.01210	0.01568	0.01763	0.02295	0.04118	0.13434	0.04511	0.02163	0.01065	0.00354	0.00694	0.58229	0.00714	0.00708
57	0.02756	0.05765	0.05020	0.05072	0.02557	0.51311	0.01574	0.12409	0.02343	0.02374	0.01311	0.01503	0.01048	0.00811	0.00709	0.00208	0.01269	0.00538	0.00449	0.00974
58	0.01863	0.02225	0.07474	0.10669	0.03947	0.07298	0.47027	0.02540	0.04419	0.02409	0.01572	0.02041	0.01184	0.00699	0.00867	0.00255	0.01247	0.00837	0.00400	0.01026
59	0.74099	0.01635	0.04779	0.01084	0.01599	0.01743	0.00949	0.02289	0.01337	0.03424	0.01096	0.01280	0.00847	0.00721	0.00494	0.00240	0.00629	0.00428	0.00472	0.00856
60	0.01834	0.01389	0.01574	0.04150	0.01792	0.03785	0.01078	0.23884	0.02148	0.02900	0.02224	0.08987	0.02101	0.15961	0.18939	0.00595	0.01116	0.00940	0.03724	0.00880
61	0.04129	0.00803	0.00936	0.00917	0.01090	0.00748	0.00656	0.01322	0.01820	0.02516	0.34190	0.11206	0.21175	0.13462	0.01404	0.00338	0.00452	0.01440	0.00731	0.00665
62	0.01712	0.09092	0.58053	0.02126	0.03170	0.07916	0.02630	0.02502	0.01682	0.02359	0.01351	0.01587	0.00985	0.00737	0.00716	0.00236	0.01145	0.00555	0.00334	0.01113
63	0.02007	0.54501	0.14044	0.01633	0.02370	0.05419	0.06280	0.02385	0.01628	0.01974	0.01167	0.01373	0.01007	0.00679	0.00573	0.00187	0.00936	0.00479	0.00338	0.01018
64	0.03479	0.01320	0.01799	0.01380	0.01979	0.01140	0.01140	0.03779	0.02219	0.68451	0.03059	0.02639	0.01919	0.00960	0.00780	0.00240	0.00660	0.00780	0.00960	0.01320
65	0.01555	0.04011	0.68733	0.02210	0.03356	0.01801	0.02865	0.02455	0.01637	0.02455	0.01391	0.01637	0.00982	0.00737	0.00737	0.00246	0.01146	0.00573	0.00327	0.01146
66	0.01736	0.27555	0.33135	0.04557	0.02661	0.04833	0.01995	0.02288	0.01623	0.02177	0.01533	0.06772	0.01336	0.00847	0.00664	0.00219	0.00958	0.00646	0.03448	0.01017
67	0.00970	0.00779	0.00866	0.00862	0.01085	0.00675	0.00640	0.01211	0.01869	0.02377	0.24672	0.11767	0.45724	0.01890	0.00921	0.00261	0.00389	0.01611	0.00758	0.00675
68	0.01128	0.00752	0.00846	0.00846	0.00846	0.00752	0.00470	0.01128	0.01128	0.01503	0.02443	0.05074	0.02819	0.72751	0.03946	0.00752	0.00752	0.01128	0.00470	0.00470
69	0.02250	0.02338	0.05162	0.16717	0.17921	0.17711	0.04446	0.16147	0.02205	0.02753	0.01453	0.01803	0.01135	0.00812	0.00831	0.00236	0.03897	0.00652	0.00461	0.01071
70	0.07493	0.01729	0.02684	0.12906	0.44926	0.01831	0.02066	0.02574	0.11208	0.02633	0.01669	0.02033	0.01340	0.00757	0.00751	0.00240	0.00867	0.00698	0.00445	0.01150
71	0.01878	0.01608	0.01716	0.01567	0.01986	0.01852	0.01229	0.03935	0.61734	0.03175	0.03226	0.03325	0.02522	0.01132	0.00810	0.00270	0.00621	0.05441	0.00783	0.01189
72	0.01251	0.00997	0.01356	0.04270	0.08541	0.00985	0.01039	0.01742	0.07088	0.02752	0.35950	0.10826	0.11183	0.01572	0.00905	0.00263	0.00514	0.07214	0.00741	0.00812
73	0.01536	0.09045	0.50546	0.01949	0.02863	0.01773	0.02374	0.02272	0.01694	0.02474	0.11054	0.02218	0.01915	0.00883	0.00825	0.00243	0.04186	0.00687	0.00406	0.01059
74	0.01900	0.01823	0.03114	0.07461	0.65357	0.01837	0.02370	0.02363	0.01757	0.02511	0.01455	0.01925	0.01220	0.00694	0.00768	0.00231	0.00926	0.00691	0.00382	0.01213
75	0.02073	0.73217	0.04063	0.01327	0.01990	0.03068	0.01327	0.02322	0.01575	0.01824	0.01078	0.01244	0.00995	0.00663	0.00498	0.00166	0.00829	0.00415	0.00332	0.00995
76	0.01030	0.00790	0.00943	0.00905	0.01117	0.00703	0.00679	0.01333	0.02036	0.02732	0.45297	0.06414	0.29760	0.01726	0.00915	0.00251	0.00376	0.01489	0.00804	0.00703
77	0.01097	0.00793	0.01036	0.00975	0.01158	0.00732	0.00732	0.01463	0.02195	0.03109	0.67505	0.05792	0.07316	0.01585	0.00914	0.00244	0.00366	0.01402	0.00854	0.00732
78	0.01172	0.00809	0.01060	0.00988	0.01184	0.00744	0.00744	0.01535	0.02196	0.05149	0.65494	0.05693	0.07148	0.01566	0.00910	0.00244	0.00375	0.01383	0.00857	0.00750
79	0.01121	0.00776	0.00969	0.00969	0.01012	0.00819	0.00624	0.01207	0.01164	0.01595	0.02330	0.04449	0.02547	0.52115	0.24211	0.00904	0.01160	0.01036	0.00453	0.00538
80	0.02896	0.03695	0.02197	0.01998	0.02397	0.69638	0.01498	0.03096	0.02197	0.01898	0.01199	0.01398	0.00999	0.00799	0.00699	0.00200	0.01398	0.00499	0.00400	0.00899
81	0.03479	0.01320	0.01799	0.01380	0.01979	0.01140	0.01140	0.03779	0.02219	0.68451	0.03059	0.02639	0.01919	0.00960	0.00780	0.00240	0.00660	0.00780	0.00960	0.01320
82	0.01249	0.00892	0.01249	0.01428	0.01606	0.00892	0.01249	0.01606	0.01785	0.02320	0.04105	0.08746	0.04462	0.02142	0.01071	0.00357	0.00714	0.62695	0.00714	0.00714
83	0.00943	0.00787	0.00822	0.00813	0.01064	0.00666	0.00610	0.01164	0.01830	0.02244	0.16610	0.07217	0.58751	0.01908	0.00916	0.00259	0.00389	0.01602	0.00740	0.00666
84	0.01555	0.04011	0.68733	0.02210	0.03356	0.01801	0.02865	0.02455	0.01637	0.02455	0.01391	0.01637	0.00982	0.00737	0.00737	0.00246	0.01146	0.00573	0.00327	0.01146
85	0.75273	0.01526	0.01186	0.01050	0.01535	0.01765	0.00865	0.04754	0.01411	0.03534	0.01110	0.01283	0.00858	0.00728	0.00491	0.00240	0.00610	0.00431	0.00491	0.00858
86	0.01111	0.00819	0.01187	0.01187	0.01305	0.00937	0.00896	0.01347	0.01229	0.01756	0.02131	0.03344	0.02068	0.15640	0.60030	0.01174	0.01882	0.00874	0.00423	0.00660
87	0.02947	0.02172	0.02327	0.01784	0.02404	0.02404	0.01474	0.65329	0.03646	0.04887	0.01862	0.01862	0.01319	0.00931	0.00776	0.00233	0.00853	0.00698	0.00776	0.01319
88	0.01809	0.01728	0.02924	0.14293	0.55821	0.01773	0.02268	0.02266	0.01734	0.02433	0.01725	0.02182	0.04086	0.00759	0.00775	0.00236	0.00915	0.00732	0.00393	0.01149
89	0.02617	0.02036	0.02428	0.04244	0.02573	0.02226	0.07508	0.49100	0.08945	0.04298	0.02174	0.02208	0.04055	0.00951	0.00796	0.00240	0.00863	0.00772	0.00723	0.01242
90	0.04311	0.01095	0.01305	0.01144	0.01454	0.01081	0.00893	0.07837	0.04075	0.10248	0.30273	0.07389	0.16394	0.01459	0.00936	0.00248	0.03921	0.01218	0.00772	0.03947
91	0.04642	0.03665	0.58632	0.02191	0.03211	0.01847	0.05122	0.02406	0.01599	0.02454	0.01358	0.01644	0.00987	0.00779	0.00867	0.00253	0.06312	0.00588	0.00337	0.01108
92	0.01919	0.01778	0.01740	0.01574	0.01926	0.10552	0.01216	0.05759	0.39292	0.02760	0.02548	0.02740	0.02043	0.05595	0.11237	0.00429	0.04381	0.00818	0.00644	0.01050
93	0.05829	0.01360	0.01766	0.01372	0.01939	0.01239	0.01128	0.08873	0.02310	0.55900	0.07646	0.02757	0.02229	0.00995	0.00779	0.00240	0.00653	0.00806	0.00919	0.01260
94	0.01764	0.01826	0.07934	0.14882	0.42785	0.01712	0.02164	0.04501	0.01772	0.02488	0.04220	0.04865	0.01583	0.00883	0.00850	0.02583	0.00906	0.00769	0.00418	0.01094
95	0.01728	0.01647	0.02801	0.32597	0.41572	0.01792	0.02284	0.02212	0.01675	0.02301	0.01425	0.01981	0.01146	0.00726	0.00771	0.00242	0.00968	0.00690	0.00367	0.01074
96	0.09168	0.01730	0.01992	0.01539	0.02139	0.01776	0.01271	0.32288	0.02811	0.33726	0.02345	0.02168	0.01554	0.00927	0.00754	0.00237	0.00745	0.00713	0.00836	0.01281
97	0.00988	0.00736	0.00903	0.00988	0.01110	0.00672	0.00693	0.01172	0.01645	0.02152	0.14302	0.38049	0.20922	0.07722	0.01197	0.00328	0.00459	0.04600	0.00719	0.00642
98	0.01729	0.16638	0.45574	0.02071	0.05502	0.05093	0.02355	0.02407	0.01638	0.02309	0.01357	0.01617	0.01037	0.00756	0.00756	0.00229	0.03881	0.00555	0.03417	0.01081
99	0.01098	0.00813	0.01038	0.01041	0.01237	0.00753	0.00820	0.01432	0.02028	0.02753	0.42808	0.06743	0.17510	0.01776	0.00949	0.00272	0.00447	0.14967	0.00799	0.00714
100	0.01112	0.00812	0.01152	0.01152	0.01258	0.00918	0.00852	0.01324	0.01218	0.01730	0.02163	0.03522	0.02145	0.21515	0.54261	0.01130	0.01766	0.00900	0.00428	0.00640
101	0.00950	0.00787	0.00833	0.00821	0.01068	0.00669	0.00616	0.01179	0.01848	0.02286	0.19081	0.07148	0.56254	0.01892	0.00916	0.00258	0.00388	0.01592	0.00745	0.00669
102	0.04826	0.39901	0.19487	0.01602	0.02336	0.05555	0.01687	0.09055	0.01826	0.02376	0.01373	0.04267	0.01187	0.00789	0.00614	0.00203	0.00912	0.00560	0.00402	0.01042
103	0.01224	0.00874	0.01220	0.01399	0.01566	0.00870	0.01205	0.01562	0.01760	0.02292	0.04119	0.14059	0.04518	0.02166	0.01064	0.00353	0.00692	0.57634	0.00714	0.00707
104	0.01837	0.02073	0.04470	0.03378	0.08767	0.01952	0.60467	0.02476	0.01825	0.02487	0.01560	0.02079	0.01180	0.00656	0.00904	0.00259	0.01279	0.00898	0.00392	0.01059
105	0.01524	0.01410	0.02326	0.68108	0.05222	0.01750	0.02126	0.04529	0.01635	0.02098	0.01398	0.02059	0.01045	0.00781	0.00775	0.00257	0.01026	0.00689	0.00362	0.00880
106	0.01369	0.00798	0.01050	0.01102	0.01229	0.00751	0.00768	0.01518	0.01531	0.11657	0.03671	0.44543	0.04087	0.15085	0.04174	0.00421	0.00610	0.04231	0.00698	0.00708
107	0.26967	0.08438	0.01950	0.01490	0.01980	0.22415	0.01202	0.14453	0.02108	0.06593	0.01439	0.01567	0.01105	0.00800	0.00622	0.00217	0.00900	0.00530	0.04241	0.00981
108	0.01125	0.00761	0.00892	0.00892	0.00908	0.00777	0.00527	0.01157	0.01141	0.01537	0.02401	0.04841	0.02718	0.65059	0.11500	0.00809	0.00904	0.01093	0.00464	0.00495
109	0.01563	0.01435	0.02306	0.44008	0.07026	0.01747	0.04420	0.04974	0.01595	0.02127	0.01573	0.07189	0.01373	0.01052	0.01139	0.03105	0.11293	0.00808	0.00396	0.00869
110	0.01608	0.01378	0.01608	0.01148	0.01837	0.01034	0.00919	0.01952	0.01608	0.02527	0.01378	0.01608	0.01148	0.00574	0.00574	0.00115	0.00574	0.00459	0.00459	0.77491
111	0.02680	0.03154	0.02104	0.01891	0.02311	0.50699	0.01436	0.06679	0.16826	0.02363	0.01677	0.01761	0.01325	0.00863	0.00724	0.00216	0.01191	0.00595	0.00508	0.00996
112	0.00974	0.00783	0.00855	0.00877	0.01090	0.00684	0.00653	0.01177	0.01734	0.02141	0.11725	0.12330	0.48202	0.07210	0.01158	0.00308	0.00446	0.06291	0.00712	0.00650
113	0.02947	0.02172	0.02327	0.01784	0.02404	0.02404	0.01474	0.65329	0.03646	0.04887	0.01862	0.01862	0.01319	0.00931	0.00776	0.00233	0.00853	0.00698	0.00776	0.01319
114	0.01969	0.01686	0.01776	0.01586	0.02032	0.01948	0.01237	0.06579	0.63987	0.03309	0.03104	0.02851	0.02325	0.01047	0.00788	0.00262	0.00623	0.00869	0.00788	0.01231
