[name]
unknown

[dist]
# distance from previous block
# <min> <max>
0	389

[block]
# block no. 0 follows, 24 sequences, length 7
# corresponding to MSA columns:
# 389-395
name=unknown_A
#
# <colnr> <probs for GDERKNQSTAVLIFYWHMCP>
#	G	D	E	R	K	N	Q	S	T	A	V	L	I	F	Y	W	H	M	C	P
0	0.01158	0.00874	0.01111	0.01230	0.01442	0.00827	0.01041	0.01466	0.01819	0.02292	0.05545	0.08484	0.26443	0.02127	0.01040	0.00331	0.00615	0.40715	0.00732	0.00709
1	0.01590	0.04102	0.68023	0.02260	0.03432	0.01842	0.02930	0.02511	0.01674	0.02511	0.01423	0.01674	0.01005	0.00753	0.00753	0.00251	0.01172	0.00586	0.00335	0.01172
2	0.01767	0.02484	0.24984	0.01785	0.02475	0.01837	0.01798	0.03404	0.38835	0.02953	0.02926	0.02830	0.06371	0.01027	0.00797	0.00263	0.00803	0.00841	0.00636	0.01186
3	0.01311	0.01157	0.01866	0.45951	0.03947	0.01369	0.01687	0.01702	0.01562	0.02025	0.02449	0.26522	0.02528	0.01387	0.00870	0.00285	0.00847	0.01249	0.00487	0.00798
4	0.02377	0.01822	0.02030	0.01551	0.02169	0.01845	0.01265	0.37342	0.02793	0.03888	0.01748	0.01913	0.01340	0.01238	0.06375	0.00282	0.00876	0.00639	0.00649	0.27856
5	0.02142	0.01337	0.01893	0.25521	0.03068	0.01423	0.01463	0.09912	0.02199	0.20481	0.18767	0.03228	0.02992	0.01076	0.00831	0.00252	0.00755	0.00919	0.00710	0.01030
6	0.02523	0.01696	0.02735	0.03653	0.44301	0.01632	0.01988	0.02936	0.01969	0.25468	0.02066	0.02221	0.01504	0.00803	0.00789	0.00239	0.00848	0.00738	0.00599	0.01289

[dist]
# distance from previous block
# <min> <max>
0	5

[block]
# block no. 1 follows, 24 sequences, length 6
# corresponding to MSA columns:
# 401-406
name=unknown_B
#
# <colnr> <probs for GDERKNQSTAVLIFYWHMCP>
#	G	D	E	R	K	N	Q	S	T	A	V	L	I	F	Y	W	H	M	C	P
0	0.01518	0.01425	0.02328	0.44362	0.19022	0.01620	0.02007	0.01982	0.01671	0.02174	0.02457	0.02936	0.11324	0.00962	0.00813	0.00258	0.00929	0.00856	0.00421	0.00935
1	0.01723	0.01635	0.02711	0.18906	0.44663	0.01696	0.02140	0.02171	0.01757	0.02405	0.02340	0.02747	0.09900	0.00898	0.00807	0.00246	0.00896	0.00834	0.00429	0.01095
2	0.01849	0.12729	0.03115	0.23707	0.38759	0.02043	0.02198	0.02304	0.01710	0.02311	0.01407	0.01900	0.01160	0.00728	0.00744	0.00234	0.00962	0.00662	0.00372	0.01108
3	0.01303	0.01142	0.01891	0.01965	0.09902	0.01129	0.10892	0.01592	0.01628	0.02213	0.05922	0.34544	0.06103	0.04879	0.04238	0.00363	0.03804	0.05083	0.00605	0.00802
4	0.01549	0.01068	0.01499	0.05113	0.09759	0.01038	0.01104	0.04543	0.01817	0.08703	0.13134	0.23451	0.08306	0.01878	0.03694	0.06919	0.00660	0.01346	0.00665	0.03753
5	0.01891	0.17332	0.02686	0.04284	0.08099	0.10800	0.08799	0.05275	0.01749	0.02162	0.02032	0.07606	0.04652	0.12275	0.01414	0.00323	0.06389	0.00873	0.00454	0.00905

[dist]
# distance from previous block
# <min> <max>
1	11

[block]
# block no. 2 follows, 24 sequences, length 57
# corresponding to MSA columns:
# 421-455,457-465,470-482
name=unknown_C
#
# <colnr> <probs for GDERKNQSTAVLIFYWHMCP>
#	G	D	E	R	K	N	Q	S	T	A	V	L	I	F	Y	W	H	M	C	P
0	0.07135	0.02211	0.16858	0.04407	0.02288	0.07858	0.01518	0.08792	0.07647	0.08779	0.01944	0.02351	0.01540	0.07800	0.01152	0.04056	0.00868	0.00699	0.06531	0.05567
1	0.02025	0.07504	0.10444	0.01889	0.08176	0.08132	0.01523	0.16576	0.06183	0.02907	0.02743	0.02944	0.12238	0.04553	0.01009	0.00262	0.03884	0.00833	0.00565	0.05610
2	0.01921	0.01771	0.05684	0.04181	0.01916	0.13082	0.01150	0.02511	0.10531	0.09677	0.06243	0.03596	0.15930	0.01158	0.00767	0.00230	0.00725	0.00930	0.12311	0.05685
3	0.36013	0.01856	0.05966	0.05177	0.10354	0.04414	0.01385	0.09035	0.04602	0.09323	0.01608	0.01770	0.01197	0.00806	0.00644	0.00242	0.00769	0.00586	0.03210	0.01042
4	0.01346	0.01974	0.21850	0.01632	0.06048	0.01248	0.01533	0.02020	0.07818	0.02659	0.20209	0.04567	0.21227	0.01354	0.00858	0.00256	0.00687	0.01144	0.00633	0.00936
5	0.02120	0.72609	0.04155	0.01357	0.02035	0.03138	0.01357	0.02374	0.01611	0.01866	0.01102	0.01272	0.01018	0.00678	0.00509	0.00170	0.00848	0.00424	0.00339	0.01018
6	0.01464	0.01365	0.02287	0.65911	0.05192	0.01692	0.02111	0.01969	0.01581	0.02026	0.01594	0.06453	0.01318	0.00898	0.00807	0.00268	0.01020	0.00801	0.00376	0.00866
7	0.00937	0.00803	0.00803	0.00803	0.01071	0.00669	0.00602	0.01138	0.01807	0.02142	0.08033	0.07632	0.66863	0.02008	0.00937	0.00268	0.00402	0.01674	0.00736	0.00669
8	0.02910	0.02169	0.02321	0.01803	0.02419	0.02411	0.01482	0.58513	0.09926	0.04830	0.02036	0.02009	0.01456	0.00964	0.00795	0.00241	0.00848	0.00732	0.00795	0.01339
9	0.02187	0.57305	0.03754	0.01511	0.02091	0.11180	0.01415	0.02427	0.01651	0.01879	0.01112	0.01336	0.01020	0.00764	0.00736	0.00191	0.07641	0.00461	0.00349	0.00991
10	0.00966	0.00690	0.00920	0.01104	0.01150	0.00644	0.00736	0.01104	0.01518	0.02024	0.04371	0.71614	0.05245	0.02484	0.01012	0.00322	0.00460	0.02254	0.00736	0.00644
11	0.01644	0.01409	0.01644	0.01175	0.01879	0.01057	0.00940	0.01997	0.01644	0.02584	0.01409	0.01644	0.01175	0.00587	0.00587	0.00117	0.00587	0.00470	0.00470	0.76979
12	0.02120	0.72609	0.04155	0.01357	0.02035	0.03138	0.01357	0.02374	0.01611	0.01866	0.01102	0.01272	0.01018	0.00678	0.00509	0.00170	0.00848	0.00424	0.00339	0.01018
13	0.02827	0.13120	0.02247	0.01443	0.02029	0.01724	0.01221	0.16309	0.02396	0.32501	0.06666	0.02465	0.02001	0.01150	0.03565	0.00267	0.00780	0.00744	0.00775	0.05769
14	0.01041	0.00783	0.00963	0.00970	0.01148	0.00705	0.00708	0.01319	0.01975	0.02661	0.38049	0.20508	0.22456	0.01908	0.00952	0.00270	0.00400	0.01673	0.00808	0.00705
15	0.01058	0.00868	0.00959	0.01081	0.01196	0.04010	0.00745	0.01213	0.01620	0.02047	0.05055	0.53496	0.19160	0.02293	0.00980	0.00304	0.00494	0.02035	0.00720	0.00663
16	0.01735	0.01735	0.02429	0.02082	0.02082	0.02429	0.01735	0.01908	0.01214	0.01908	0.01041	0.01735	0.01041	0.01388	0.02602	0.00347	0.70680	0.00694	0.00347	0.00867
17	0.01799	0.01924	0.03481	0.02671	0.03046	0.02231	0.30976	0.02204	0.01522	0.02204	0.01304	0.01924	0.01117	0.01052	0.01824	0.00310	0.38273	0.00807	0.00372	0.00962
18	0.00954	0.00809	0.00827	0.00836	0.01099	0.00682	0.00636	0.01163	0.01808	0.02154	0.07843	0.07697	0.63769	0.02017	0.00945	0.00273	0.00418	0.04662	0.00736	0.00672
19	0.00989	0.00700	0.00914	0.01075	0.01116	0.00659	0.00705	0.01110	0.01474	0.01966	0.04146	0.63652	0.04962	0.10832	0.01375	0.00376	0.00497	0.02122	0.00705	0.00624
20	0.01229	0.00834	0.00972	0.00995	0.01061	0.00834	0.00632	0.05194	0.01462	0.01993	0.03067	0.26185	0.03496	0.41234	0.02663	0.00559	0.00654	0.01456	0.04878	0.00603
21	0.01152	0.00838	0.01071	0.01152	0.01228	0.00854	0.00790	0.04805	0.01559	0.02100	0.03664	0.49967	0.04281	0.13946	0.05857	0.00451	0.03110	0.01842	0.00664	0.00670
22	0.00966	0.00690	0.00920	0.01104	0.01150	0.00644	0.00736	0.01104	0.01518	0.02024	0.04371	0.71614	0.05245	0.02484	0.01012	0.00322	0.00460	0.02254	0.00736	0.00644
23	0.01727	0.01458	0.01689	0.01214	0.01914	0.01141	0.00974	0.05752	0.01769	0.02729	0.01439	0.01660	0.01185	0.00609	0.00600	0.00125	0.00604	0.00484	0.00489	0.72439
24	0.00955	0.00779	0.00844	0.00880	0.01095	0.00669	0.00640	0.01152	0.01771	0.02179	0.10771	0.21301	0.50035	0.02088	0.00953	0.00278	0.00413	0.01784	0.00745	0.00669
25	0.01958	0.01898	0.03296	0.04787	0.63856	0.01891	0.05701	0.02439	0.01809	0.02588	0.01498	0.01972	0.01253	0.00705	0.00793	0.00237	0.00963	0.00719	0.00393	0.01246
26	0.02669	0.01945	0.02072	0.01642	0.02189	0.02152	0.01339	0.48361	0.10672	0.04504	0.02158	0.02180	0.01573	0.00962	0.00760	0.00234	0.00771	0.00739	0.11829	0.01249
27	0.01549	0.00923	0.01093	0.00985	0.01306	0.00797	0.00762	0.01818	0.02021	0.16531	0.22249	0.06126	0.37453	0.01687	0.00907	0.00258	0.00453	0.01423	0.00825	0.00836
28	0.03420	0.01319	0.01796	0.01388	0.01977	0.01142	0.01142	0.03731	0.02268	0.64088	0.06723	0.02881	0.02275	0.01018	0.00805	0.00246	0.00658	0.00833	0.00975	0.01316
29	0.01806	0.01938	0.03916	0.10191	0.18373	0.01883	0.40783	0.02391	0.01825	0.02480	0.01899	0.02387	0.04668	0.00760	0.00888	0.00260	0.01170	0.00900	0.00412	0.01072
30	0.01846	0.01466	0.01631	0.01531	0.01907	0.01640	0.01204	0.03498	0.46520	0.06215	0.03483	0.10482	0.03003	0.01380	0.00871	0.00288	0.00630	0.10488	0.00797	0.01119
31	0.02947	0.02156	0.02308	0.01777	0.02392	0.02384	0.01465	0.61792	0.03638	0.04908	0.01934	0.01950	0.01379	0.00951	0.00783	0.00236	0.00851	0.00715	0.04114	0.01322
32	0.01399	0.01063	0.01243	0.01159	0.01418	0.01066	0.00875	0.09820	0.08835	0.03062	0.31506	0.17441	0.14619	0.01695	0.00918	0.00266	0.00485	0.01472	0.00810	0.00848
33	0.00966	0.00690	0.00920	0.01104	0.01150	0.00644	0.00736	0.01104	0.01518	0.02024	0.04371	0.71614	0.05245	0.02484	0.01012	0.00322	0.00460	0.02254	0.00736	0.00644
34	0.03035	0.02188	0.02360	0.01809	0.02443	0.02411	0.01494	0.62265	0.03674	0.07350	0.01950	0.01934	0.01372	0.00953	0.00793	0.00238	0.00865	0.00717	0.00800	0.01349
35	0.01963	0.01884	0.03219	0.04867	0.67185	0.01884	0.02434	0.02434	0.01806	0.02591	0.01492	0.01963	0.01256	0.00707	0.00785	0.00236	0.00942	0.00707	0.00393	0.01256
36	0.01498	0.01409	0.02378	0.70226	0.05462	0.01762	0.02202	0.02026	0.01586	0.02026	0.01409	0.02114	0.01057	0.00793	0.00793	0.00264	0.01057	0.00705	0.00352	0.00881
37	0.01377	0.00689	0.01033	0.01033	0.01033	0.00689	0.00689	0.01033	0.01033	0.01377	0.01377	0.02410	0.01377	0.02755	0.03099	0.76928	0.00689	0.00689	0.00344	0.00344
38	0.01662	0.01531	0.02503	0.56225	0.14399	0.01824	0.02192	0.06048	0.01754	0.02298	0.01453	0.02078	0.01105	0.00790	0.00792	0.00258	0.01028	0.00706	0.00386	0.00966
39	0.02451	0.02029	0.02307	0.01862	0.02268	0.06007	0.03664	0.36750	0.02703	0.03632	0.01787	0.05077	0.01514	0.05552	0.01452	0.00301	0.18108	0.00800	0.00626	0.01111
40	0.00983	0.00721	0.00925	0.01070	0.01159	0.00663	0.00738	0.01152	0.01612	0.02122	0.08608	0.56737	0.13723	0.02357	0.01000	0.00312	0.00457	0.04260	0.00744	0.00657
41	0.01329	0.00706	0.00997	0.00997	0.00997	0.00706	0.00644	0.01059	0.01059	0.01412	0.01619	0.03009	0.01701	0.17688	0.03301	0.60535	0.00706	0.00789	0.00374	0.00374
42	0.01613	0.01222	0.01523	0.05717	0.01830	0.01386	0.01122	0.13139	0.05884	0.02728	0.02758	0.17570	0.04737	0.02399	0.15238	0.00481	0.07673	0.01120	0.10988	0.00874
43	0.02634	0.02032	0.02165	0.01748	0.02314	0.02281	0.01415	0.42494	0.26396	0.04383	0.02388	0.02289	0.01740	0.00997	0.00798	0.00249	0.00783	0.00781	0.00798	0.01314
44	0.01113	0.00752	0.00877	0.00916	0.00926	0.00742	0.00536	0.01143	0.01232	0.01642	0.02902	0.19487	0.03391	0.57140	0.03385	0.00673	0.00702	0.01390	0.00536	0.00516
45	0.01644	0.01409	0.01644	0.01175	0.01879	0.01057	0.00940	0.01997	0.01644	0.02584	0.01409	0.01644	0.01175	0.00587	0.00587	0.00117	0.00587	0.00470	0.00470	0.76979
46	0.02058	0.68129	0.03976	0.01352	0.01997	0.03004	0.01334	0.02315	0.01590	0.01864	0.01166	0.01387	0.01078	0.01007	0.04784	0.00239	0.00928	0.00451	0.00345	0.00998
47	0.00966	0.00690	0.00920	0.01104	0.01150	0.00644	0.00736	0.01104	0.01518	0.02024	0.04371	0.71614	0.05245	0.02484	0.01012	0.00322	0.00460	0.02254	0.00736	0.00644
48	0.02120	0.72609	0.04155	0.01357	0.02035	0.03138	0.01357	0.02374	0.01611	0.01866	0.01102	0.01272	0.01018	0.00678	0.00509	0.00170	0.00848	0.00424	0.00339	0.01018
49	0.01153	0.00769	0.00865	0.00865	0.00865	0.00769	0.00480	0.01153	0.01153	0.01538	0.02499	0.05189	0.02883	0.72131	0.04036	0.00769	0.00769	0.01153	0.00480	0.00480
50	0.01972	0.01767	0.01867	0.08005	0.02395	0.04889	0.01355	0.03965	0.57008	0.03137	0.02971	0.02813	0.02233	0.01038	0.00802	0.00266	0.00703	0.00862	0.00747	0.01206
51	0.02267	0.01850	0.01959	0.01673	0.02174	0.02110	0.01326	0.21253	0.48234	0.03792	0.02854	0.02661	0.02118	0.01041	0.00803	0.00260	0.00697	0.00845	0.00803	0.01282
52	0.00956	0.00777	0.00848	0.00888	0.01097	0.00668	0.00644	0.01153	0.01766	0.02180	0.10876	0.22885	0.48306	0.02098	0.00955	0.00280	0.00414	0.01798	0.00745	0.00668
53	0.02710	0.14573	0.02442	0.01789	0.02263	0.43236	0.01415	0.06694	0.04833	0.06350	0.01834	0.01926	0.04877	0.00891	0.00707	0.00209	0.01162	0.00608	0.00492	0.00988
54	0.01831	0.13164	0.05662	0.04259	0.02166	0.03926	0.03931	0.02388	0.08028	0.06648	0.08275	0.02571	0.05727	0.00885	0.00700	0.00193	0.00720	0.00724	0.00551	0.27651
55	0.01700	0.01355	0.01423	0.01283	0.01580	0.06583	0.00951	0.05586	0.08858	0.06359	0.05132	0.19057	0.05126	0.12389	0.01391	0.00327	0.03703	0.01170	0.03488	0.12539
56	0.11658	0.01875	0.02278	0.02075	0.10249	0.05835	0.07214	0.16622	0.06248	0.07897	0.01775	0.01950	0.01346	0.00829	0.00793	0.00225	0.03566	0.00666	0.03884	0.13015

[dist]
# distance from previous block
# <min> <max>
0	32

[block]
# block no. 3 follows, 24 sequences, length 14
# corresponding to MSA columns:
# 515-528
name=unknown_D
#
# <colnr> <probs for GDERKNQSTAVLIFYWHMCP>
#	G	D	E	R	K	N	Q	S	T	A	V	L	I	F	Y	W	H	M	C	P
0	0.02724	0.01896	0.02018	0.01606	0.02156	0.06359	0.01294	0.35215	0.02903	0.15798	0.04332	0.09026	0.02004	0.01088	0.00796	0.00235	0.00791	0.00869	0.00769	0.08123
1	0.14151	0.01891	0.01991	0.02312	0.19060	0.12318	0.01415	0.08929	0.07109	0.02763	0.02119	0.06305	0.04225	0.10695	0.01192	0.00314	0.00863	0.00830	0.00531	0.00987
2	0.13563	0.10726	0.08046	0.18440	0.02964	0.02047	0.01611	0.16659	0.07896	0.03083	0.01805	0.06576	0.01492	0.00943	0.00724	0.00247	0.00852	0.00742	0.00539	0.01046
3	0.07381	0.01305	0.01580	0.01412	0.01808	0.01313	0.01147	0.13368	0.05199	0.21559	0.05917	0.15144	0.03143	0.01502	0.00883	0.00284	0.00668	0.14545	0.00807	0.01035
4	0.02217	0.48704	0.03698	0.02125	0.14647	0.09668	0.01589	0.05264	0.01810	0.02154	0.01226	0.01450	0.01079	0.00710	0.00596	0.00189	0.00927	0.00500	0.00377	0.01068
5	0.01496	0.01033	0.01199	0.01105	0.01270	0.01091	0.00776	0.12384	0.01759	0.02452	0.06771	0.06890	0.02804	0.35098	0.13035	0.00648	0.00924	0.01055	0.07494	0.00717
6	0.01275	0.00872	0.00948	0.00890	0.01197	0.00736	0.00681	0.01499	0.01890	0.10398	0.10800	0.06917	0.55337	0.01858	0.00920	0.00264	0.00434	0.01550	0.00775	0.00759
7	0.02131	0.21884	0.02525	0.01522	0.02040	0.02230	0.01294	0.18995	0.17735	0.03063	0.02020	0.02184	0.01621	0.01767	0.12655	0.00404	0.01016	0.00691	0.00592	0.03633
8	0.01866	0.02212	0.07699	0.03436	0.10231	0.01985	0.55233	0.02528	0.01855	0.02544	0.01584	0.02099	0.01198	0.00676	0.00912	0.00263	0.01290	0.00896	0.00397	0.01093
9	0.01164	0.00882	0.01084	0.01038	0.01248	0.00842	0.00775	0.01669	0.07920	0.02973	0.48767	0.10995	0.14266	0.01687	0.00930	0.00259	0.00407	0.01479	0.00839	0.00776
10	0.01231	0.00885	0.01100	0.01183	0.01300	0.00877	0.00820	0.09033	0.01777	0.02373	0.03973	0.59723	0.04645	0.05628	0.01130	0.00333	0.00526	0.02009	0.00731	0.00724
11	0.03162	0.01940	0.02151	0.01672	0.02282	0.04562	0.01372	0.37211	0.06028	0.27673	0.02386	0.02224	0.01610	0.00963	0.00792	0.00241	0.00811	0.00745	0.00847	0.01328
12	0.01298	0.00883	0.01062	0.01140	0.01283	0.02932	0.00810	0.01478	0.01674	0.08077	0.07506	0.47581	0.10286	0.05207	0.01108	0.00325	0.00530	0.05354	0.00743	0.00723
13	0.01459	0.01377	0.02188	0.52453	0.04462	0.01714	0.01940	0.01899	0.01564	0.02025	0.02188	0.02753	0.09277	0.01024	0.01052	0.00276	0.10271	0.00824	0.00400	0.00853

[dist]
# distance from previous block
# <min> <max>
1	3

[block]
# block no. 4 follows, 24 sequences, length 38
# corresponding to MSA columns:
# 534-547,551-564,566-575
name=unknown_E
#
# <colnr> <probs for GDERKNQSTAVLIFYWHMCP>
#	G	D	E	R	K	N	Q	S	T	A	V	L	I	F	Y	W	H	M	C	P
0	0.01933	0.16751	0.03303	0.12984	0.45066	0.02132	0.02175	0.02366	0.01735	0.02361	0.01398	0.01837	0.01179	0.00712	0.00728	0.00225	0.00938	0.00647	0.00376	0.01155
1	0.05924	0.01901	0.02016	0.01755	0.01992	0.13780	0.03315	0.07702	0.04187	0.05351	0.01826	0.08223	0.01730	0.07314	0.05880	0.00386	0.24461	0.00852	0.00503	0.00901
2	0.02938	0.02529	0.02404	0.02059	0.06462	0.16460	0.01570	0.47742	0.03297	0.04203	0.01735	0.01807	0.01274	0.00908	0.00776	0.00231	0.00995	0.00671	0.00687	0.01252
3	0.15711	0.39447	0.03028	0.01473	0.02010	0.16671	0.01306	0.02475	0.01668	0.02184	0.01168	0.01403	0.01031	0.00964	0.03441	0.00243	0.03970	0.00472	0.00385	0.00949
4	0.00963	0.00766	0.00865	0.00922	0.01108	0.00668	0.00660	0.01158	0.01748	0.02193	0.11906	0.29092	0.40886	0.02135	0.00962	0.00285	0.00419	0.01849	0.00748	0.00668
5	0.01498	0.01409	0.02378	0.70226	0.05462	0.01762	0.02202	0.02026	0.01586	0.02026	0.01409	0.02114	0.01057	0.00793	0.00793	0.00264	0.01057	0.00705	0.00352	0.00881
6	0.01785	0.01247	0.01424	0.01229	0.01580	0.01263	0.00956	0.15212	0.09297	0.08715	0.26072	0.04765	0.16172	0.05426	0.01055	0.00282	0.00560	0.01200	0.00810	0.00950
7	0.00979	0.00700	0.00932	0.01095	0.01153	0.00653	0.00737	0.01137	0.01579	0.02121	0.09615	0.66093	0.05433	0.02412	0.01006	0.00316	0.00453	0.02185	0.00748	0.00653
8	0.01534	0.01358	0.02226	0.55257	0.10031	0.01633	0.01997	0.02036	0.01615	0.02200	0.01577	0.02216	0.01207	0.00803	0.00760	0.00251	0.00954	0.00710	0.10744	0.00893
9	0.01153	0.00769	0.00865	0.00865	0.00865	0.00769	0.00480	0.01153	0.01153	0.01538	0.02499	0.05189	0.02883	0.72131	0.04036	0.00769	0.00769	0.01153	0.00480	0.00480
10	0.04647	0.01387	0.02235	0.56858	0.04724	0.01739	0.02010	0.01978	0.01524	0.02066	0.01435	0.02142	0.01128	0.01278	0.06833	0.00357	0.05725	0.00705	0.00364	0.00864
11	0.03349	0.01377	0.01824	0.01418	0.02005	0.01237	0.01164	0.06290	0.05252	0.59166	0.06036	0.02828	0.02215	0.01014	0.00804	0.00246	0.00667	0.00828	0.00961	0.01317
12	0.01907	0.01826	0.01899	0.13985	0.02534	0.13538	0.01358	0.06076	0.04438	0.02401	0.01627	0.02187	0.01389	0.06859	0.01229	0.00265	0.10314	0.00664	0.07074	0.18431
13	0.01077	0.00795	0.00999	0.01096	0.01228	0.00746	0.00788	0.03316	0.01761	0.02324	0.13018	0.44736	0.15496	0.02217	0.00990	0.00305	0.00476	0.07185	0.00755	0.00693
14	0.06553	0.02033	0.02144	0.01722	0.02294	0.02280	0.01399	0.43532	0.21913	0.04428	0.02253	0.02183	0.01640	0.00977	0.00782	0.00248	0.00787	0.00753	0.00782	0.01296
15	0.01153	0.00769	0.00865	0.00865	0.00865	0.00769	0.00480	0.01153	0.01153	0.01538	0.02499	0.05189	0.02883	0.72131	0.04036	0.00769	0.00769	0.01153	0.00480	0.00480
16	0.02794	0.02112	0.02256	0.01780	0.02375	0.02356	0.01454	0.51805	0.16822	0.04643	0.02183	0.02127	0.01575	0.00978	0.00796	0.00245	0.00821	0.00752	0.00796	0.01329
17	0.10969	0.01552	0.01965	0.27438	0.03214	0.01837	0.01558	0.15411	0.07387	0.03063	0.01764	0.02130	0.01341	0.00904	0.00855	0.00252	0.05815	0.00694	0.10862	0.00988
18	0.00966	0.00690	0.00920	0.01104	0.01150	0.00644	0.00736	0.01104	0.01518	0.02024	0.04371	0.71614	0.05245	0.02484	0.01012	0.00322	0.00460	0.02254	0.00736	0.00644
19	0.02855	0.03601	0.02263	0.02046	0.02419	0.63160	0.01550	0.03057	0.02157	0.01938	0.01210	0.01457	0.01023	0.00867	0.00879	0.00217	0.07455	0.00527	0.00403	0.00915
20	0.31136	0.01661	0.01808	0.11424	0.02457	0.01830	0.01292	0.19256	0.02213	0.17109	0.01785	0.01868	0.01249	0.00853	0.00680	0.00246	0.00760	0.00623	0.00654	0.01095
21	0.00966	0.00690	0.00920	0.01104	0.01150	0.00644	0.00736	0.01104	0.01518	0.02024	0.04371	0.71614	0.05245	0.02484	0.01012	0.00322	0.00460	0.02254	0.00736	0.00644
22	0.00949	0.00804	0.00819	0.00815	0.01078	0.00674	0.00612	0.01160	0.01835	0.02206	0.11667	0.07526	0.63190	0.01984	0.00937	0.00267	0.00400	0.01659	0.00745	0.00674
23	0.01498	0.01409	0.02378	0.70226	0.05462	0.01762	0.02202	0.02026	0.01586	0.02026	0.01409	0.02114	0.01057	0.00793	0.00793	0.00264	0.01057	0.00705	0.00352	0.00881
24	0.15467	0.01726	0.01676	0.11404	0.02308	0.11367	0.01246	0.15389	0.02083	0.02954	0.02313	0.21585	0.02300	0.01305	0.00782	0.00260	0.00801	0.01071	0.03051	0.00911
25	0.03512	0.01423	0.01886	0.01446	0.02061	0.01274	0.01194	0.08965	0.02392	0.62461	0.03026	0.02632	0.01911	0.00979	0.00797	0.00245	0.00691	0.00790	0.00966	0.01349
26	0.01075	0.00846	0.00975	0.00936	0.01171	0.00765	0.00704	0.01451	0.04765	0.02716	0.37468	0.06570	0.34138	0.01773	0.00931	0.00259	0.00397	0.01519	0.00808	0.00734
27	0.01720	0.01596	0.02475	0.38604	0.20928	0.01838	0.02063	0.02595	0.15190	0.02447	0.01815	0.02253	0.01397	0.00830	0.00794	0.00258	0.00936	0.00746	0.00459	0.01058
28	0.01647	0.01628	0.02429	0.10631	0.02551	0.02164	0.05527	0.01892	0.01328	0.01972	0.01411	0.07887	0.01419	0.01365	0.02135	0.00330	0.51595	0.00846	0.00385	0.00862
29	0.02576	0.03267	0.05150	0.02328	0.02812	0.46607	0.14852	0.02901	0.02057	0.02085	0.01297	0.01615	0.01061	0.00833	0.00927	0.00232	0.07426	0.00619	0.00399	0.00956
30	0.01122	0.00811	0.01060	0.00998	0.01185	0.00748	0.00748	0.01496	0.02245	0.03180	0.66766	0.05923	0.07482	0.01621	0.00935	0.00249	0.00374	0.01434	0.00873	0.00748
31	0.01809	0.02120	0.06957	0.12418	0.04295	0.01965	0.53325	0.02469	0.01825	0.02469	0.01570	0.02117	0.01175	0.00689	0.00909	0.00266	0.01292	0.00890	0.00392	0.01048
32	0.01709	0.19473	0.53693	0.02057	0.03119	0.02132	0.02577	0.02481	0.01660	0.02366	0.01351	0.01584	0.01007	0.00737	0.00699	0.00233	0.01099	0.00550	0.00336	0.01137
33	0.00966	0.00690	0.00920	0.01104	0.01150	0.00644	0.00736	0.01104	0.01518	0.02024	0.04371	0.71614	0.05245	0.02484	0.01012	0.00322	0.00460	0.02254	0.00736	0.00644
34	0.02120	0.72609	0.04155	0.01357	0.02035	0.03138	0.01357	0.02374	0.01611	0.01866	0.01102	0.01272	0.01018	0.00678	0.00509	0.00170	0.00848	0.00424	0.00339	0.01018
35	0.01033	0.00807	0.00937	0.00904	0.01130	0.00710	0.00678	0.01324	0.02034	0.02681	0.38526	0.06745	0.36034	0.01807	0.00936	0.00258	0.00387	0.01549	0.00807	0.00710
36	0.01610	0.07394	0.59024	0.08127	0.03537	0.01901	0.02786	0.02462	0.01663	0.02436	0.01405	0.01692	0.01010	0.00753	0.00744	0.00248	0.01145	0.00588	0.00337	0.01139
37	0.01304	0.00851	0.01118	0.01028	0.01247	0.00779	0.00779	0.01673	0.02247	0.07989	0.62026	0.05683	0.07071	0.01573	0.00925	0.00249	0.00397	0.01387	0.00881	0.00793

[dist]
# distance from previous block
# <min> <max>
0	4

[block]
# block no. 5 follows, 24 sequences, length 25
# corresponding to MSA columns:
# 591-610,613-617
name=unknown_F
#
# <colnr> <probs for GDERKNQSTAVLIFYWHMCP>
#	G	D	E	R	K	N	Q	S	T	A	V	L	I	F	Y	W	H	M	C	P
0	0.02614	0.08061	0.01806	0.01297	0.01769	0.01404	0.01050	0.03251	0.13650	0.34379	0.02819	0.02876	0.02051	0.07512	0.01035	0.00282	0.00648	0.00805	0.11555	0.01134
1	0.01892	0.01622	0.01744	0.01581	0.02001	0.01879	0.01230	0.03947	0.59611	0.03177	0.03122	0.02974	0.02379	0.01540	0.07300	0.00365	0.00770	0.00892	0.00770	0.01203
2	0.02197	0.28851	0.10754	0.02124	0.12152	0.20008	0.01680	0.02561	0.01822	0.02173	0.01369	0.01622	0.01147	0.00751	0.00639	0.00200	0.01011	0.00538	0.07380	0.01021
3	0.02200	0.66053	0.03974	0.01422	0.02075	0.09405	0.01374	0.02450	0.01672	0.01873	0.01114	0.01287	0.01018	0.00692	0.00528	0.00173	0.00903	0.00432	0.00346	0.01008
4	0.01214	0.00936	0.01322	0.01295	0.01435	0.01098	0.00994	0.01584	0.05159	0.01904	0.02175	0.03237	0.02050	0.11738	0.55500	0.01121	0.05188	0.00874	0.00449	0.00727
5	0.01153	0.00769	0.00865	0.00865	0.00865	0.00769	0.00480	0.01153	0.01153	0.01538	0.02499	0.05189	0.02883	0.72131	0.04036	0.00769	0.00769	0.01153	0.00480	0.00480
6	0.02962	0.03779	0.02247	0.02043	0.02451	0.68948	0.01532	0.03166	0.02247	0.01941	0.01226	0.01430	0.01021	0.00817	0.00715	0.00204	0.01430	0.00511	0.00409	0.00919
7	0.01132	0.00760	0.00871	0.00893	0.00898	0.00754	0.00510	0.01148	0.01195	0.01594	0.02715	0.12882	0.03156	0.64066	0.03686	0.00717	0.00733	0.01281	0.00510	0.00499
8	0.01644	0.01409	0.01644	0.01175	0.01879	0.01057	0.00940	0.01997	0.01644	0.02584	0.01409	0.01644	0.01175	0.00587	0.00587	0.00117	0.00587	0.00470	0.00470	0.76979
9	0.01498	0.01409	0.02378	0.70226	0.05462	0.01762	0.02202	0.02026	0.01586	0.02026	0.01409	0.02114	0.01057	0.00793	0.00793	0.00264	0.01057	0.00705	0.00352	0.00881
10	0.07908	0.01289	0.01376	0.01182	0.01514	0.01375	0.00923	0.22439	0.02220	0.03316	0.02524	0.02807	0.07562	0.01354	0.01130	0.14276	0.00617	0.00783	0.24533	0.00872
11	0.01575	0.00919	0.01157	0.01035	0.01329	0.00814	0.00798	0.01893	0.02143	0.16129	0.39438	0.05680	0.20825	0.01585	0.00908	0.00253	0.00442	0.01362	0.00862	0.00852
12	0.01018	0.00811	0.00918	0.00926	0.01156	0.00711	0.00708	0.01277	0.01912	0.02430	0.22873	0.09700	0.43324	0.01942	0.00954	0.00274	0.00427	0.07173	0.00771	0.00695
13	0.07187	0.01992	0.01873	0.01647	0.02111	0.11792	0.01305	0.12954	0.33244	0.07908	0.02662	0.02911	0.02084	0.01077	0.00793	0.00259	0.00794	0.05515	0.00732	0.01160
14	0.03014	0.02221	0.02380	0.01825	0.02459	0.02459	0.01507	0.64541	0.03728	0.04998	0.01904	0.01904	0.01349	0.00952	0.00793	0.00238	0.00873	0.00714	0.00793	0.01349
15	0.02042	0.18566	0.29037	0.02291	0.06117	0.06189	0.13555	0.02647	0.01792	0.08347	0.01533	0.01763	0.01145	0.00744	0.00736	0.00232	0.01089	0.00635	0.00415	0.01124
16	0.02811	0.04925	0.02277	0.01815	0.04669	0.07242	0.01428	0.40985	0.08087	0.10072	0.02064	0.02065	0.01490	0.00933	0.00763	0.00233	0.00848	0.00710	0.05330	0.01255
17	0.00966	0.00690	0.00920	0.01104	0.01150	0.00644	0.00736	0.01104	0.01518	0.02024	0.04371	0.71614	0.05245	0.02484	0.01012	0.00322	0.00460	0.02254	0.00736	0.00644
18	0.01721	0.01567	0.02521	0.52610	0.15659	0.01849	0.02175	0.08049	0.01827	0.02405	0.01470	0.02068	0.01119	0.00793	0.00792	0.00257	0.01020	0.00706	0.00401	0.00989
19	0.01829	0.01033	0.01321	0.01154	0.01480	0.00967	0.00898	0.02350	0.08081	0.20000	0.41966	0.04877	0.07942	0.01419	0.00888	0.00251	0.00477	0.01228	0.00890	0.00949
20	0.01037	0.00720	0.00899	0.01013	0.01042	0.00691	0.00639	0.01123	0.01380	0.01840	0.03661	0.46419	0.04349	0.28902	0.02159	0.00491	0.00577	0.01837	0.00639	0.00582
21	0.02063	0.01974	0.02958	0.10340	0.49816	0.06001	0.02236	0.07346	0.04627	0.02717	0.01572	0.01981	0.01279	0.00756	0.00783	0.00238	0.00964	0.00703	0.00438	0.01208
22	0.00976	0.00697	0.00929	0.01098	0.01152	0.00650	0.00737	0.01128	0.01562	0.02094	0.08144	0.67641	0.05380	0.02432	0.01007	0.00318	0.00455	0.02205	0.00744	0.00650
23	0.01880	0.01800	0.03070	0.16425	0.56270	0.01862	0.02393	0.02362	0.01767	0.02491	0.01477	0.01989	0.01221	0.00722	0.00786	0.00241	0.00962	0.00706	0.00385	0.01190
24	0.02870	0.02108	0.02262	0.01750	0.02335	0.02328	0.01427	0.59610	0.03528	0.04728	0.01950	0.02159	0.01468	0.06488	0.01046	0.00279	0.00865	0.00748	0.00769	0.01281

[dist]
# distance from previous block
# <min> <max>
0	3

[block]
# block no. 6 follows, 24 sequences, length 29
# corresponding to MSA columns:
# 621-649
name=unknown_G
#
# <colnr> <probs for GDERKNQSTAVLIFYWHMCP>
#	G	D	E	R	K	N	Q	S	T	A	V	L	I	F	Y	W	H	M	C	P
0	0.77733	0.01534	0.01166	0.01043	0.01534	0.01779	0.00859	0.02331	0.01350	0.03558	0.01104	0.01288	0.00859	0.00736	0.00491	0.00245	0.00613	0.00429	0.00491	0.00859
1	0.01153	0.00769	0.00865	0.00865	0.00865	0.00769	0.00480	0.01153	0.01153	0.01538	0.02499	0.05189	0.02883	0.72131	0.04036	0.00769	0.00769	0.01153	0.00480	0.00480
2	0.01498	0.01409	0.02378	0.70226	0.05462	0.01762	0.02202	0.02026	0.01586	0.02026	0.01409	0.02114	0.01057	0.00793	0.00793	0.00264	0.01057	0.00705	0.00352	0.00881
3	0.00966	0.00690	0.00920	0.01104	0.01150	0.00644	0.00736	0.01104	0.01518	0.02024	0.04371	0.71614	0.05245	0.02484	0.01012	0.00322	0.00460	0.02254	0.00736	0.00644
4	0.01562	0.01322	0.01557	0.01166	0.01791	0.01007	0.00915	0.01889	0.01629	0.02516	0.01768	0.10115	0.01667	0.00817	0.00639	0.00142	0.00572	0.00686	0.00502	0.67738
5	0.01663	0.01427	0.01653	0.01200	0.01890	0.01110	0.00958	0.02126	0.05385	0.02627	0.01516	0.01721	0.01247	0.00616	0.00600	0.00126	0.00590	0.00495	0.00489	0.72561
6	0.02726	0.02023	0.02195	0.01709	0.02300	0.02188	0.01394	0.53940	0.03367	0.04544	0.02072	0.07806	0.01665	0.01052	0.00795	0.00235	0.00814	0.00824	0.00761	0.07589
7	0.02612	0.02030	0.02501	0.06037	0.05167	0.02192	0.06879	0.46264	0.03152	0.04240	0.01965	0.02396	0.01522	0.00975	0.00816	0.00245	0.00903	0.04795	0.00700	0.04607
8	0.01424	0.01086	0.01220	0.01093	0.01395	0.01057	0.00844	0.14003	0.02344	0.03097	0.28485	0.08489	0.29086	0.01672	0.00911	0.00257	0.00488	0.01416	0.00799	0.00834
9	0.01309	0.00908	0.01215	0.01331	0.01545	0.00876	0.01140	0.01646	0.01861	0.05051	0.07722	0.08336	0.14555	0.02085	0.01050	0.00339	0.00659	0.46874	0.00748	0.00747
10	0.01801	0.01551	0.02371	0.15545	0.30360	0.01650	0.01837	0.02538	0.13324	0.05587	0.02262	0.10965	0.02017	0.03578	0.00936	0.00277	0.00828	0.00953	0.00534	0.01088
11	0.35544	0.09916	0.07563	0.01505	0.02033	0.14836	0.01329	0.05085	0.01717	0.06680	0.01301	0.01488	0.01018	0.00820	0.00750	0.00237	0.06227	0.00511	0.00475	0.00964
12	0.77733	0.01534	0.01166	0.01043	0.01534	0.01779	0.00859	0.02331	0.01350	0.03558	0.01104	0.01288	0.00859	0.00736	0.00491	0.00245	0.00613	0.00429	0.00491	0.00859
13	0.01137	0.00762	0.00870	0.00885	0.00889	0.00758	0.00502	0.01149	0.01184	0.01579	0.02658	0.10834	0.03084	0.66213	0.03779	0.00731	0.00743	0.01247	0.00502	0.00494
14	0.01781	0.01853	0.03610	0.24004	0.20597	0.01901	0.29725	0.02357	0.01768	0.02397	0.01517	0.02087	0.01172	0.00716	0.00854	0.00258	0.01152	0.00807	0.00384	0.01060
15	0.02704	0.02404	0.02523	0.06470	0.15659	0.15035	0.01739	0.36641	0.02933	0.03754	0.01662	0.01837	0.01250	0.00867	0.00777	0.00233	0.01004	0.00673	0.00613	0.01220
16	0.00966	0.00690	0.00920	0.01104	0.01150	0.00644	0.00736	0.01104	0.01518	0.02024	0.04371	0.71614	0.05245	0.02484	0.01012	0.00322	0.00460	0.02254	0.00736	0.00644
17	0.01806	0.01664	0.02538	0.06133	0.05079	0.01865	0.15678	0.07720	0.14572	0.02560	0.02000	0.02780	0.01743	0.14610	0.01806	0.00376	0.14700	0.00880	0.00517	0.00974
18	0.02283	0.01798	0.01936	0.01621	0.02111	0.02013	0.01292	0.28017	0.32940	0.03973	0.10690	0.02909	0.02628	0.01095	0.00818	0.00254	0.00694	0.00891	0.00810	0.01229
19	0.00966	0.00690	0.00920	0.01104	0.01150	0.00644	0.00736	0.01104	0.01518	0.02024	0.04371	0.71614	0.05245	0.02484	0.01012	0.00322	0.00460	0.02254	0.00736	0.00644
20	0.03014	0.02221	0.02380	0.01825	0.02459	0.02459	0.01507	0.64541	0.03728	0.04998	0.01904	0.01904	0.01349	0.00952	0.00793	0.00238	0.00873	0.00714	0.00793	0.01349
21	0.00966	0.00690	0.00920	0.01104	0.01150	0.00644	0.00736	0.01104	0.01518	0.02024	0.04371	0.71614	0.05245	0.02484	0.01012	0.00322	0.00460	0.02254	0.00736	0.00644
22	0.03014	0.02221	0.02380	0.01825	0.02459	0.02459	0.01507	0.64541	0.03728	0.04998	0.01904	0.01904	0.01349	0.00952	0.00793	0.00238	0.00873	0.00714	0.00793	0.01349
23	0.01263	0.00956	0.01372	0.12657	0.01974	0.01035	0.03411	0.01528	0.01542	0.02211	0.05380	0.30630	0.03352	0.08533	0.01284	0.00327	0.05282	0.01414	0.15129	0.00721
24	0.01131	0.00855	0.01068	0.01022	0.01252	0.00762	0.00775	0.01452	0.02023	0.02793	0.41334	0.12453	0.16258	0.01719	0.00924	0.00256	0.00429	0.05497	0.00793	0.07202
25	0.00969	0.00807	0.00858	0.00852	0.01104	0.00697	0.00641	0.01193	0.01823	0.02236	0.13976	0.07183	0.56690	0.02198	0.04937	0.00325	0.00500	0.01600	0.00733	0.00680
26	0.01038	0.00738	0.00985	0.01156	0.01226	0.00704	0.00823	0.01211	0.01553	0.02059	0.04213	0.55186	0.04957	0.07069	0.01230	0.00360	0.00532	0.13593	0.00718	0.00650
27	0.01486	0.09617	0.01851	0.01453	0.01648	0.06670	0.01170	0.01729	0.01373	0.01848	0.01780	0.02648	0.01688	0.07334	0.42064	0.00891	0.12808	0.00763	0.00404	0.00775
28	0.02440	0.14997	0.17945	0.02159	0.06925	0.35066	0.01888	0.05557	0.02045	0.02240	0.01299	0.01517	0.01047	0.00778	0.00698	0.00213	0.01217	0.00536	0.00396	0.01036

[dist]
# distance from previous block
# <min> <max>
0	1

[block]
# block no. 7 follows, 24 sequences, length 71
# corresponding to MSA columns:
# 651-699,707-713,715-729
name=unknown_H
#
# <colnr> <probs for GDERKNQSTAVLIFYWHMCP>
#	G	D	E	R	K	N	Q	S	T	A	V	L	I	F	Y	W	H	M	C	P
0	0.01947	0.02126	0.04437	0.03358	0.08494	0.02024	0.56148	0.06273	0.01979	0.02692	0.01614	0.02112	0.01216	0.00688	0.00917	0.00263	0.01281	0.00906	0.00424	0.01100
1	0.01889	0.01574	0.01828	0.01352	0.01994	0.01398	0.01095	0.12875	0.01977	0.02956	0.01469	0.01696	0.01195	0.00707	0.00765	0.00155	0.05586	0.00528	0.00517	0.58443
2	0.02430	0.01746	0.01920	0.01556	0.02033	0.01932	0.01264	0.42251	0.05238	0.04105	0.02096	0.02304	0.01598	0.01754	0.11701	0.00397	0.00984	0.00746	0.12801	0.01145
3	0.00966	0.00690	0.00920	0.01104	0.01150	0.00644	0.00736	0.01104	0.01518	0.02024	0.04371	0.71614	0.05245	0.02484	0.01012	0.00322	0.00460	0.02254	0.00736	0.00644
4	0.01722	0.01364	0.01635	0.03932	0.01835	0.01528	0.01149	0.15945	0.07582	0.02845	0.02982	0.22600	0.06555	0.04896	0.01289	0.00302	0.11867	0.01239	0.04356	0.04377
5	0.02094	0.69295	0.07244	0.01401	0.02103	0.03075	0.01433	0.02381	0.01614	0.01897	0.01118	0.01292	0.01017	0.00682	0.00521	0.00174	0.00864	0.00432	0.00339	0.01025
6	0.01020	0.00717	0.00926	0.01072	0.01116	0.00683	0.00710	0.01141	0.01458	0.01941	0.03977	0.54887	0.04726	0.16800	0.01638	0.00416	0.00537	0.04938	0.00683	0.00615
7	0.01153	0.00769	0.00865	0.00865	0.00865	0.00769	0.00480	0.01153	0.01153	0.01538	0.02499	0.05189	0.02883	0.72131	0.04036	0.00769	0.00769	0.01153	0.00480	0.00480
8	0.06016	0.01785	0.01896	0.01618	0.02122	0.02014	0.01286	0.17524	0.44321	0.08251	0.02822	0.02624	0.02073	0.01025	0.00788	0.00259	0.00685	0.00826	0.00801	0.01263
9	0.07396	0.38601	0.24267	0.01669	0.02474	0.06517	0.01830	0.02522	0.01677	0.04801	0.01293	0.01468	0.01040	0.00727	0.00610	0.00206	0.00964	0.00496	0.00378	0.01063
10	0.02523	0.01902	0.02059	0.01597	0.02197	0.02006	0.01301	0.41295	0.09542	0.04192	0.01984	0.02029	0.01469	0.00888	0.00736	0.00213	0.00755	0.00684	0.05768	0.16859
11	0.03129	0.02170	0.02250	0.01754	0.02363	0.08153	0.01435	0.45745	0.03276	0.18453	0.02111	0.02035	0.01454	0.00946	0.00787	0.00237	0.00879	0.00714	0.00800	0.01310
12	0.01153	0.00769	0.00865	0.00865	0.00865	0.00769	0.00480	0.01153	0.01153	0.01538	0.02499	0.05189	0.02883	0.72131	0.04036	0.00769	0.00769	0.01153	0.00480	0.00480
13	0.01644	0.01409	0.01644	0.01175	0.01879	0.01057	0.00940	0.01997	0.01644	0.02584	0.01409	0.01644	0.01175	0.00587	0.00587	0.00117	0.00587	0.00470	0.00470	0.76979
14	0.01287	0.01045	0.01552	0.10578	0.02073	0.01096	0.05280	0.05254	0.01766	0.02377	0.10361	0.40170	0.04212	0.01888	0.01029	0.00301	0.03678	0.04619	0.00664	0.00772
15	0.00966	0.00690	0.00920	0.01104	0.01150	0.00644	0.00736	0.01104	0.01518	0.02024	0.04371	0.71614	0.05245	0.02484	0.01012	0.00322	0.00460	0.02254	0.00736	0.00644
16	0.01809	0.02266	0.16397	0.14342	0.36890	0.01868	0.05476	0.02509	0.06003	0.02531	0.01586	0.02002	0.01248	0.00752	0.00789	0.00247	0.01006	0.00705	0.00402	0.01170
17	0.02011	0.01952	0.02999	0.04336	0.56162	0.05081	0.02247	0.02686	0.09630	0.02648	0.01691	0.02059	0.01387	0.00757	0.00784	0.00238	0.00927	0.00720	0.00444	0.01240
18	0.00966	0.00690	0.00920	0.01104	0.01150	0.00644	0.00736	0.01104	0.01518	0.02024	0.04371	0.71614	0.05245	0.02484	0.01012	0.00322	0.00460	0.02254	0.00736	0.00644
19	0.02557	0.05587	0.02280	0.01873	0.02253	0.26834	0.01491	0.10368	0.12006	0.08421	0.01741	0.01899	0.01366	0.01010	0.01159	0.00252	0.16642	0.00658	0.00551	0.01054
20	0.00966	0.00690	0.00920	0.01104	0.01150	0.00644	0.00736	0.01104	0.01518	0.02024	0.04371	0.71614	0.05245	0.02484	0.01012	0.00322	0.00460	0.02254	0.00736	0.00644
21	0.01948	0.50340	0.24916	0.01650	0.02489	0.02716	0.01868	0.02419	0.01632	0.02076	0.01207	0.01403	0.01013	0.00703	0.00588	0.00196	0.00953	0.00477	0.00338	0.01068
22	0.13370	0.01873	0.01842	0.01505	0.02034	0.11582	0.01210	0.16515	0.02399	0.30032	0.02340	0.05427	0.01696	0.00986	0.00743	0.00239	0.00801	0.00753	0.03493	0.01162
23	0.01478	0.00739	0.00739	0.00739	0.00924	0.00739	0.00554	0.01848	0.01663	0.02956	0.02587	0.02956	0.02033	0.00924	0.00554	0.00185	0.00370	0.00739	0.76534	0.00739
24	0.01456	0.01064	0.01260	0.05976	0.01534	0.01138	0.00839	0.09487	0.06113	0.02260	0.05614	0.08765	0.02868	0.42180	0.05641	0.00598	0.00812	0.01122	0.00567	0.00707
25	0.72757	0.01683	0.01237	0.01109	0.01595	0.06249	0.00904	0.02387	0.01409	0.03450	0.01112	0.01298	0.00870	0.00741	0.00506	0.00243	0.00668	0.00435	0.00485	0.00863
26	0.01000	0.00724	0.00952	0.01111	0.01192	0.00676	0.00778	0.01175	0.01601	0.02118	0.07455	0.58229	0.09633	0.02384	0.01011	0.00319	0.00477	0.07763	0.00742	0.00659
27	0.01913	0.01817	0.02723	0.03837	0.47292	0.03999	0.02046	0.02670	0.13192	0.02664	0.02272	0.02700	0.05440	0.00904	0.00806	0.00247	0.00863	0.02923	0.00499	0.01192
28	0.01542	0.01975	0.15620	0.01869	0.02230	0.03712	0.06616	0.01933	0.01420	0.02076	0.01617	0.02401	0.01463	0.07383	0.19839	0.00589	0.23043	0.00761	0.03038	0.00873
29	0.00966	0.00690	0.00920	0.01104	0.01150	0.00644	0.00736	0.01104	0.01518	0.02024	0.04371	0.71614	0.05245	0.02484	0.01012	0.00322	0.00460	0.02254	0.00736	0.00644
30	0.01885	0.06805	0.02845	0.20616	0.28935	0.04412	0.02091	0.04701	0.01709	0.02331	0.01360	0.01886	0.01141	0.00876	0.01128	0.00259	0.14899	0.00677	0.00386	0.01057
31	0.01090	0.00809	0.01015	0.00963	0.01165	0.00734	0.00722	0.01433	0.02167	0.02997	0.56397	0.06225	0.17966	0.01690	0.00936	0.00253	0.00379	0.01476	0.00849	0.00734
32	0.29492	0.02054	0.05803	0.01515	0.02099	0.05071	0.01305	0.30187	0.02529	0.07086	0.01648	0.01734	0.01198	0.00857	0.00669	0.00238	0.00792	0.00601	0.04008	0.01117
33	0.01478	0.00739	0.00739	0.00739	0.00924	0.00739	0.00554	0.01848	0.01663	0.02956	0.02587	0.02956	0.02033	0.00924	0.00554	0.00185	0.00370	0.00739	0.76534	0.00739
34	0.01487	0.01384	0.02242	0.56989	0.04738	0.01690	0.01999	0.01956	0.01560	0.02052	0.01579	0.06622	0.01338	0.00931	0.00915	0.00265	0.05623	0.00792	0.00384	0.05455
35	0.04569	0.00987	0.01293	0.01175	0.01479	0.00898	0.00894	0.02233	0.02003	0.25355	0.23469	0.24473	0.04653	0.01628	0.00895	0.00270	0.00513	0.01425	0.00856	0.00930
36	0.00966	0.00690	0.00920	0.01104	0.01150	0.00644	0.00736	0.01104	0.01518	0.02024	0.04371	0.71614	0.05245	0.02484	0.01012	0.00322	0.00460	0.02254	0.00736	0.00644
37	0.01716	0.03297	0.44809	0.02466	0.03467	0.01808	0.19719	0.02518	0.01779	0.04919	0.04762	0.02050	0.01414	0.00781	0.00814	0.00255	0.01160	0.00732	0.00403	0.01129
38	0.01949	0.37990	0.31805	0.01798	0.02672	0.07180	0.02053	0.02489	0.01683	0.02152	0.01251	0.01458	0.01012	0.00721	0.00630	0.00207	0.01030	0.00501	0.00342	0.01078
39	0.01025	0.00715	0.00903	0.01029	0.01061	0.00683	0.00656	0.01119	0.01404	0.01872	0.03786	0.50864	0.04507	0.24241	0.01957	0.00462	0.00557	0.01910	0.00656	0.00593
40	0.02159	0.01944	0.01832	0.04836	0.02172	0.12421	0.01275	0.15465	0.27913	0.03264	0.07069	0.02974	0.06523	0.01086	0.00791	0.00246	0.00776	0.00868	0.05287	0.01099
41	0.00977	0.00699	0.00930	0.01097	0.01153	0.00651	0.00737	0.01132	0.01570	0.02106	0.08776	0.66976	0.05403	0.02423	0.01007	0.00317	0.00454	0.02196	0.00746	0.00651
42	0.01690	0.06622	0.51914	0.02757	0.16489	0.01907	0.02759	0.02489	0.01699	0.02500	0.01423	0.01716	0.01057	0.00740	0.00749	0.00244	0.01111	0.00604	0.00347	0.01183
43	0.02731	0.03378	0.02349	0.05531	0.08214	0.55898	0.01655	0.02973	0.02115	0.02000	0.01246	0.01527	0.01045	0.00841	0.00839	0.00218	0.05547	0.00548	0.00401	0.00944
44	0.01884	0.01227	0.01168	0.01041	0.01332	0.05208	0.00809	0.14826	0.02123	0.03315	0.02364	0.02648	0.01831	0.00923	0.00613	0.00197	0.00537	0.00720	0.56358	0.00875
45	0.01317	0.01006	0.01078	0.01068	0.01164	0.04237	0.00702	0.05483	0.01492	0.01940	0.02990	0.18381	0.05878	0.40852	0.08439	0.00635	0.00844	0.01316	0.00557	0.00621
46	0.01923	0.02316	0.10047	0.03147	0.03970	0.02021	0.54777	0.06664	0.01978	0.02701	0.01608	0.02083	0.01196	0.00695	0.00910	0.00264	0.01292	0.00891	0.00421	0.01097
47	0.00966	0.00690	0.00920	0.01104	0.01150	0.00644	0.00736	0.01104	0.01518	0.02024	0.04371	0.71614	0.05245	0.02484	0.01012	0.00322	0.00460	0.02254	0.00736	0.00644
48	0.01672	0.09004	0.28999	0.02169	0.02844	0.01997	0.12255	0.02243	0.01574	0.02296	0.01526	0.04596	0.01291	0.01129	0.03471	0.00303	0.17200	0.00735	0.03679	0.01016
49	0.49360	0.06054	0.01631	0.01294	0.01736	0.08607	0.01065	0.05158	0.01589	0.05073	0.01273	0.01490	0.01010	0.00829	0.00744	0.00243	0.07486	0.00500	0.03951	0.00906
50	0.00966	0.00690	0.00920	0.01104	0.01150	0.00644	0.00736	0.01104	0.01518	0.02024	0.04371	0.71614	0.05245	0.02484	0.01012	0.00322	0.00460	0.02254	0.00736	0.00644
51	0.01949	0.39730	0.27362	0.01734	0.02566	0.05181	0.01934	0.02586	0.06188	0.02208	0.01375	0.01545	0.01112	0.00739	0.00628	0.00208	0.00974	0.00520	0.00373	0.01087
52	0.01027	0.00807	0.00928	0.00898	0.01126	0.00708	0.00674	0.01313	0.02021	0.02648	0.36678	0.06798	0.37903	0.01819	0.00936	0.00259	0.00388	0.01557	0.00803	0.00708
53	0.02512	0.01767	0.01944	0.01594	0.02085	0.01924	0.01289	0.38344	0.10998	0.08342	0.02506	0.06201	0.02054	0.04222	0.00952	0.00275	0.00760	0.05117	0.05934	0.01180
54	0.39346	0.01378	0.01222	0.01070	0.01480	0.01538	0.00863	0.12518	0.01852	0.03593	0.01742	0.01958	0.01340	0.00836	0.00563	0.00224	0.00574	0.00582	0.26423	0.00900
55	0.12217	0.01871	0.01806	0.01457	0.01992	0.12089	0.01164	0.07716	0.04744	0.12769	0.03883	0.01953	0.01500	0.00842	0.00799	0.00204	0.05419	0.00607	0.00588	0.26382
