[name]
unknown

[dist]
# distance from previous block
# <min> <max>
0	135

[block]
# block no. 0 follows, 29 sequences, length 10
# corresponding to MSA columns:
# 203-212
name=unknown_A
#
# <colnr> <probs for GDERKNQSTAVLIFYWHMCP>
#	G	D	E	R	K	N	Q	S	T	A	V	L	I	F	Y	W	H	M	C	P
0	0.34705	0.18678	0.05058	0.22838	0.02619	0.01879	0.01320	0.02027	0.01343	0.02386	0.01086	0.01392	0.00864	0.00665	0.00536	0.00210	0.00742	0.00465	0.00365	0.00823
1	0.01016	0.00789	0.01131	0.15827	0.01826	0.00819	0.00924	0.01270	0.01556	0.02109	0.23248	0.35303	0.04437	0.05244	0.00980	0.00278	0.00514	0.01468	0.00616	0.00643
2	0.01725	0.39444	0.02504	0.01184	0.01637	0.15104	0.01044	0.01931	0.01607	0.01763	0.02885	0.02889	0.21800	0.00992	0.00607	0.00185	0.00738	0.00733	0.00424	0.00803
3	0.01412	0.01100	0.01162	0.01018	0.01345	0.01087	0.00797	0.21259	0.02146	0.02729	0.07975	0.08484	0.43705	0.01524	0.00806	0.00234	0.00490	0.01259	0.00682	0.00787
4	0.01648	0.01659	0.02373	0.18614	0.23257	0.06724	0.01828	0.01957	0.01389	0.01924	0.01142	0.01677	0.00995	0.00907	0.01364	0.00256	0.30448	0.00617	0.00329	0.00890
5	0.56719	0.01563	0.01375	0.01148	0.01627	0.01781	0.00947	0.21995	0.01855	0.03584	0.01208	0.01323	0.00904	0.00719	0.00523	0.00218	0.00621	0.00463	0.00523	0.00904
6	0.01446	0.01463	0.02758	0.52097	0.04548	0.01648	0.21851	0.01958	0.01501	0.01958	0.01318	0.01905	0.00989	0.00678	0.00751	0.00238	0.01025	0.00695	0.00330	0.00842
7	0.00877	0.00688	0.00793	0.00839	0.01002	0.00605	0.00602	0.01063	0.01598	0.02036	0.16084	0.29249	0.38252	0.01891	0.00864	0.00254	0.00374	0.01643	0.00681	0.00605
8	0.01023	0.00741	0.01034	0.01034	0.01122	0.00830	0.00752	0.01200	0.01112	0.01571	0.02009	0.03358	0.02024	0.26318	0.51509	0.01008	0.01541	0.00845	0.00397	0.00574
9	0.00894	0.00656	0.00841	0.00956	0.01045	0.00603	0.00666	0.01061	0.01494	0.01979	0.12944	0.53698	0.13803	0.02062	0.00894	0.00276	0.00406	0.04449	0.00677	0.00597

[dist]
# distance from previous block
# <min> <max>
0	3

[block]
# block no. 1 follows, 29 sequences, length 52
# corresponding to MSA columns:
# 216-267
name=unknown_B
#
# <colnr> <probs for GDERKNQSTAVLIFYWHMCP>
#	G	D	E	R	K	N	Q	S	T	A	V	L	I	F	Y	W	H	M	C	P
0	0.71649	0.01444	0.01164	0.01012	0.01467	0.01663	0.00834	0.09235	0.01443	0.03335	0.01069	0.01217	0.00819	0.00682	0.00470	0.00220	0.00576	0.00413	0.00470	0.00819
1	0.09406	0.00793	0.00766	0.00752	0.01011	0.00712	0.00571	0.01151	0.01595	0.02099	0.09122	0.06174	0.60129	0.01666	0.00798	0.00238	0.00380	0.01373	0.00642	0.00622
2	0.02578	0.11178	0.02203	0.01768	0.02161	0.64625	0.01359	0.02767	0.01956	0.01735	0.01089	0.01269	0.00917	0.00720	0.00622	0.00180	0.01228	0.00450	0.00360	0.00835
3	0.03040	0.01264	0.01786	0.01602	0.09246	0.01116	0.01170	0.03331	0.01993	0.63600	0.02650	0.02352	0.01694	0.00855	0.00715	0.00219	0.00632	0.00707	0.00824	0.01203
4	0.01608	0.01792	0.03850	0.02774	0.03434	0.01679	0.60674	0.02180	0.01717	0.02343	0.08869	0.02288	0.01690	0.00693	0.00840	0.00238	0.01107	0.00889	0.00406	0.00929
5	0.01018	0.00758	0.01119	0.01119	0.01238	0.00876	0.00859	0.01255	0.01137	0.01634	0.01930	0.02924	0.01835	0.10080	0.67489	0.01113	0.01824	0.00781	0.00385	0.00622
6	0.02707	0.01995	0.02137	0.01638	0.02208	0.02208	0.01353	0.68159	0.03348	0.04488	0.01710	0.01710	0.01211	0.00855	0.00712	0.00214	0.00784	0.00641	0.00712	0.01211
7	0.80005	0.01377	0.01047	0.00936	0.01377	0.01597	0.00771	0.02093	0.01212	0.03195	0.00991	0.01157	0.00771	0.00661	0.00441	0.00220	0.00551	0.00386	0.00441	0.00771
8	0.01477	0.01266	0.01477	0.01055	0.01687	0.00949	0.00844	0.01793	0.01477	0.02320	0.01266	0.01477	0.01055	0.00527	0.00527	0.00105	0.00527	0.00422	0.00422	0.79328
9	0.02359	0.01852	0.02008	0.04126	0.06139	0.05999	0.01339	0.49187	0.02828	0.03744	0.01861	0.08810	0.01542	0.01137	0.03488	0.00256	0.00829	0.00769	0.00640	0.01086
10	0.01781	0.01768	0.08497	0.13308	0.50920	0.01627	0.02112	0.02235	0.01615	0.07228	0.01431	0.01807	0.01130	0.00666	0.00704	0.00217	0.00860	0.00631	0.00381	0.01082
11	0.01851	0.65521	0.06705	0.01314	0.01889	0.02707	0.01314	0.02101	0.01418	0.01705	0.00998	0.01196	0.00915	0.00669	0.00634	0.00170	0.07270	0.00409	0.00305	0.00908
12	0.05242	0.01279	0.01664	0.01289	0.01831	0.01167	0.01062	0.07441	0.05192	0.61889	0.02695	0.02355	0.01720	0.00877	0.00709	0.00221	0.00613	0.00706	0.00851	0.01196
13	0.00955	0.00701	0.00961	0.06238	0.01344	0.00692	0.00793	0.01132	0.01420	0.01894	0.08368	0.51903	0.04359	0.07421	0.01099	0.00315	0.00493	0.08685	0.00627	0.00598
14	0.02826	0.01221	0.01599	0.01256	0.01750	0.01111	0.01025	0.09930	0.02149	0.54270	0.10014	0.05179	0.02344	0.00988	0.00736	0.00222	0.00589	0.00816	0.00845	0.01131
15	0.01017	0.00763	0.01144	0.01144	0.01272	0.00890	0.00890	0.01272	0.01144	0.01653	0.01907	0.02797	0.01780	0.05340	0.72153	0.01144	0.01907	0.00763	0.00381	0.00636
16	0.01092	0.00743	0.00966	0.00901	0.01071	0.00687	0.00669	0.01402	0.01945	0.05324	0.62694	0.05162	0.06232	0.06759	0.01037	0.00258	0.00372	0.01248	0.00762	0.00675
17	0.01870	0.03076	0.32981	0.05224	0.17303	0.23034	0.02130	0.02402	0.01682	0.02098	0.01237	0.01507	0.00957	0.00686	0.00674	0.00210	0.01075	0.00533	0.00332	0.00990
18	0.01237	0.00618	0.00928	0.00928	0.00928	0.00618	0.00618	0.00928	0.00928	0.01237	0.01237	0.02165	0.01237	0.02474	0.02783	0.79283	0.00618	0.00618	0.00309	0.00309
19	0.00888	0.00653	0.00833	0.00936	0.01028	0.00598	0.00646	0.01058	0.01515	0.02015	0.16007	0.52656	0.14484	0.02034	0.00887	0.00271	0.00392	0.01820	0.00683	0.00598
20	0.01542	0.01467	0.02493	0.40643	0.35980	0.01634	0.02076	0.01993	0.01517	0.02059	0.01301	0.01834	0.01034	0.00675	0.00709	0.00225	0.00900	0.00634	0.00333	0.00951
21	0.09384	0.09057	0.54790	0.01914	0.02849	0.01750	0.06275	0.02231	0.01480	0.02305	0.01236	0.01465	0.00901	0.00665	0.00645	0.00220	0.00988	0.00519	0.00319	0.01007
22	0.01959	0.70188	0.03607	0.01263	0.01855	0.07837	0.01230	0.02184	0.01488	0.01680	0.00998	0.01153	0.00914	0.00618	0.00470	0.00155	0.00799	0.00386	0.00309	0.00907
23	0.01637	0.28553	0.20208	0.01468	0.02063	0.05997	0.04196	0.02041	0.01491	0.02013	0.01528	0.03497	0.03030	0.00870	0.02329	0.00213	0.04156	0.00570	0.10294	0.03847
24	0.01412	0.01363	0.02166	0.67471	0.07829	0.04173	0.01965	0.01874	0.01455	0.01840	0.01263	0.01870	0.00956	0.00709	0.00709	0.00234	0.00957	0.00626	0.00320	0.00808
25	0.01036	0.00690	0.00777	0.00777	0.00777	0.00690	0.00431	0.01036	0.01036	0.01381	0.02244	0.04660	0.02589	0.74975	0.03624	0.00690	0.00690	0.01036	0.00431	0.00431
26	0.02614	0.01951	0.02045	0.01601	0.02136	0.04796	0.01309	0.58288	0.05879	0.06447	0.01855	0.04506	0.01390	0.00908	0.00718	0.00217	0.00774	0.00696	0.00703	0.01169
27	0.04655	0.62498	0.03398	0.01290	0.01866	0.10246	0.01225	0.04563	0.01568	0.01834	0.01028	0.01178	0.00920	0.00633	0.00485	0.00160	0.00812	0.00399	0.00330	0.00910
28	0.00885	0.00712	0.00791	0.00809	0.01006	0.00618	0.00600	0.01091	0.01660	0.02088	0.18287	0.15914	0.47478	0.01803	0.00855	0.00247	0.00372	0.03488	0.00684	0.00613
29	0.00868	0.00620	0.00826	0.00991	0.01033	0.00578	0.00661	0.00991	0.01363	0.01818	0.03925	0.74510	0.04710	0.02231	0.00909	0.00289	0.00413	0.02024	0.00661	0.00578
30	0.00986	0.00727	0.00921	0.00873	0.01050	0.00662	0.00654	0.01301	0.01963	0.02731	0.61754	0.05524	0.15200	0.01502	0.00840	0.00226	0.00339	0.01316	0.00767	0.00662
31	0.01681	0.01921	0.04202	0.03001	0.03721	0.01801	0.67947	0.02281	0.01681	0.02281	0.01441	0.01921	0.01080	0.00600	0.00840	0.00240	0.01200	0.00840	0.00360	0.00960
32	0.00950	0.00789	0.00843	0.00838	0.01077	0.00712	0.00644	0.01293	0.06668	0.02108	0.12742	0.06485	0.53897	0.01720	0.00844	0.00246	0.00396	0.06418	0.00677	0.00651
33	0.02656	0.01946	0.02083	0.01603	0.02158	0.02152	0.01322	0.65721	0.03280	0.04420	0.01732	0.01744	0.01233	0.00854	0.00704	0.00212	0.00767	0.00642	0.03580	0.01191
34	0.01643	0.01369	0.01831	0.01329	0.01940	0.01137	0.08155	0.04184	0.01580	0.06365	0.01377	0.01591	0.01099	0.00595	0.00648	0.00138	0.03440	0.00499	0.00448	0.60632
35	0.02976	0.01458	0.01797	0.01375	0.01934	0.01405	0.01134	0.23585	0.02425	0.47610	0.02406	0.02164	0.01563	0.00859	0.00708	0.00214	0.00658	0.00681	0.00811	0.04236
36	0.01447	0.01665	0.15427	0.01333	0.01742	0.03007	0.01230	0.13383	0.03521	0.02447	0.05586	0.17515	0.12276	0.07680	0.01082	0.00280	0.03489	0.02888	0.00555	0.03448
37	0.04757	0.05329	0.01831	0.01556	0.01919	0.43533	0.01201	0.09667	0.02009	0.02124	0.02284	0.02361	0.13755	0.00958	0.00739	0.00202	0.03817	0.00673	0.00458	0.00827
38	0.69913	0.01361	0.01173	0.08104	0.01739	0.01579	0.00899	0.02107	0.01258	0.05097	0.01073	0.01268	0.00819	0.00673	0.00476	0.00222	0.00592	0.00420	0.00442	0.00786
39	0.01558	0.01558	0.02181	0.01869	0.01869	0.02181	0.01558	0.01714	0.01091	0.01714	0.00935	0.01558	0.00935	0.01246	0.02337	0.00312	0.73672	0.00623	0.00312	0.00779
40	0.03046	0.01245	0.01648	0.01286	0.01821	0.01122	0.01055	0.03503	0.09064	0.63912	0.02819	0.02448	0.01806	0.00890	0.00717	0.00223	0.00601	0.00725	0.00865	0.01203
41	0.01036	0.00690	0.00777	0.00777	0.00777	0.00690	0.00431	0.01036	0.01036	0.01381	0.02244	0.04660	0.02589	0.74975	0.03624	0.00690	0.00690	0.01036	0.00431	0.00431
42	0.01477	0.01266	0.01477	0.01055	0.01687	0.00949	0.00844	0.01793	0.01477	0.02320	0.01266	0.01477	0.01055	0.00527	0.00527	0.00105	0.00527	0.00422	0.00422	0.79328
43	0.01851	0.01591	0.02514	0.19961	0.41274	0.01687	0.01942	0.09364	0.04198	0.06481	0.01504	0.01859	0.01169	0.00703	0.00709	0.00219	0.00839	0.00646	0.00427	0.01063
44	0.00868	0.00620	0.00826	0.00991	0.01033	0.00578	0.00661	0.00991	0.01363	0.01818	0.03925	0.74510	0.04710	0.02231	0.00909	0.00289	0.00413	0.02024	0.00661	0.00578
45	0.01762	0.01692	0.02890	0.04371	0.70533	0.01692	0.02185	0.02185	0.01621	0.02326	0.01339	0.01762	0.01128	0.00634	0.00705	0.00211	0.00846	0.00634	0.00352	0.01128
46	0.00878	0.00628	0.00835	0.00985	0.01035	0.00585	0.00662	0.01017	0.01411	0.01893	0.08722	0.69499	0.04855	0.02175	0.00904	0.00284	0.00408	0.01971	0.00670	0.00585
47	0.01414	0.01400	0.02561	0.58812	0.04661	0.01627	0.15546	0.01914	0.01477	0.01914	0.01302	0.01903	0.00976	0.00689	0.00738	0.00238	0.01001	0.00675	0.00325	0.00826
48	0.01271	0.01097	0.01182	0.01158	0.01312	0.10341	0.00879	0.01506	0.01291	0.01754	0.01869	0.02715	0.01729	0.09283	0.49915	0.00878	0.01566	0.00731	0.08875	0.00649
49	0.01731	0.01646	0.02737	0.04012	0.63091	0.01612	0.02040	0.02143	0.01606	0.02326	0.01331	0.01731	0.01120	0.00623	0.00686	0.00200	0.00811	0.00611	0.00360	0.09582
50	0.01520	0.01291	0.01500	0.01075	0.01706	0.00993	0.00862	0.04110	0.01542	0.02396	0.01281	0.01485	0.01060	0.00539	0.00534	0.00109	0.00536	0.00430	0.00432	0.76601
51	0.02393	0.01754	0.01895	0.01498	0.01968	0.01926	0.01204	0.56037	0.02954	0.03958	0.01928	0.07302	0.01613	0.08967	0.01041	0.00271	0.00747	0.00784	0.00678	0.01081

[dist]
# distance from previous block
# <min> <max>
1	10

[block]
# block no. 2 follows, 29 sequences, length 32
# corresponding to MSA columns:
# 278-309
name=unknown_C
#
# <colnr> <probs for GDERKNQSTAVLIFYWHMCP>
#	G	D	E	R	K	N	Q	S	T	A	V	L	I	F	Y	W	H	M	C	P
0	0.01687	0.01904	0.04104	0.03104	0.08717	0.01793	0.63030	0.02274	0.01676	0.02284	0.01433	0.01909	0.01084	0.00603	0.00830	0.00238	0.01174	0.00825	0.00360	0.00973
1	0.00958	0.00677	0.00886	0.00974	0.01033	0.00670	0.00668	0.01095	0.01313	0.01774	0.07404	0.38615	0.03879	0.20819	0.10897	0.00500	0.00690	0.06015	0.00574	0.00560
2	0.05082	0.12285	0.49427	0.02228	0.12917	0.01803	0.02303	0.02222	0.01501	0.02235	0.01238	0.01481	0.00931	0.00661	0.00643	0.00214	0.00962	0.00518	0.00315	0.01034
3	0.65736	0.01480	0.04283	0.01042	0.01495	0.01582	0.00892	0.06971	0.01394	0.03163	0.01241	0.05797	0.01056	0.00774	0.00501	0.00224	0.00582	0.00513	0.00468	0.00805
4	0.66506	0.11517	0.01453	0.03546	0.01564	0.01764	0.00875	0.02089	0.01252	0.02938	0.01001	0.01181	0.00797	0.00656	0.00453	0.00212	0.00594	0.00394	0.00418	0.00791
5	0.00960	0.00786	0.00842	0.00834	0.01058	0.00715	0.00628	0.01292	0.06689	0.02087	0.13557	0.06297	0.49836	0.06267	0.01014	0.00272	0.00411	0.05150	0.00665	0.00641
6	0.02582	0.01872	0.02170	0.01668	0.02220	0.02029	0.05461	0.56633	0.03063	0.08412	0.01872	0.05378	0.01411	0.00909	0.00730	0.00220	0.00780	0.00727	0.00698	0.01164
7	0.01613	0.13329	0.02428	0.01766	0.01863	0.02282	0.01504	0.01780	0.01147	0.01708	0.00944	0.01492	0.00931	0.01145	0.02037	0.00286	0.62050	0.00585	0.00310	0.00800
8	0.00875	0.00631	0.00830	0.00975	0.01032	0.00585	0.00657	0.01015	0.01415	0.01887	0.08183	0.67443	0.07508	0.02165	0.00902	0.00283	0.00406	0.01957	0.00669	0.00585
9	0.01553	0.01311	0.01518	0.01091	0.01720	0.01028	0.00875	0.05925	0.01593	0.02455	0.01293	0.01491	0.01064	0.00548	0.00539	0.00112	0.00543	0.00436	0.00440	0.74464
10	0.00878	0.00628	0.00836	0.00984	0.01035	0.00585	0.00662	0.01018	0.01412	0.01895	0.08877	0.69337	0.04860	0.02173	0.00904	0.00284	0.00407	0.01969	0.00670	0.00585
11	0.00903	0.00651	0.00849	0.00998	0.01049	0.00621	0.00667	0.01082	0.03515	0.01838	0.03826	0.69498	0.04546	0.05025	0.01009	0.00303	0.00429	0.01947	0.00654	0.00590
12	0.01963	0.65818	0.05841	0.01307	0.01907	0.09674	0.01282	0.02207	0.01506	0.01702	0.01011	0.01169	0.00914	0.00624	0.00483	0.00158	0.00823	0.00393	0.00311	0.00910
13	0.01543	0.01319	0.01611	0.01198	0.01784	0.01093	0.03908	0.05774	0.05862	0.02459	0.01547	0.05567	0.01335	0.00670	0.00586	0.00136	0.00569	0.00565	0.00468	0.62005
14	0.02331	0.01709	0.01876	0.01472	0.01984	0.01812	0.01193	0.49509	0.02824	0.05575	0.01954	0.10723	0.01638	0.00983	0.00713	0.00209	0.00700	0.00786	0.00672	0.11336
15	0.01169	0.00862	0.01236	0.01474	0.05742	0.00859	0.01175	0.01495	0.01641	0.02157	0.06045	0.10254	0.04034	0.01876	0.00958	0.00315	0.00646	0.56739	0.00642	0.00683
16	0.01345	0.01266	0.02136	0.73264	0.04904	0.01582	0.01978	0.01819	0.01424	0.01819	0.01266	0.01898	0.00949	0.00712	0.00712	0.00237	0.00949	0.00633	0.00316	0.00791
17	0.03195	0.01212	0.01652	0.01267	0.01818	0.01047	0.01047	0.03470	0.02038	0.71026	0.02809	0.02424	0.01763	0.00881	0.00716	0.00220	0.00606	0.00716	0.00881	0.01212
18	0.01572	0.01331	0.03152	0.01784	0.14324	0.01345	0.01180	0.02587	0.29795	0.06859	0.07736	0.06074	0.16953	0.01149	0.00758	0.00235	0.00566	0.00985	0.00644	0.00970
19	0.01650	0.01260	0.01494	0.01076	0.01701	0.00959	0.00864	0.01962	0.01533	0.09254	0.01421	0.01572	0.01126	0.00563	0.00546	0.00117	0.00535	0.00452	0.00468	0.71444
20	0.00866	0.00628	0.00818	0.00970	0.01027	0.00580	0.00652	0.00994	0.01384	0.01826	0.04181	0.69243	0.09812	0.02198	0.00904	0.00285	0.00409	0.01984	0.00661	0.00580
21	0.02251	0.01890	0.15175	0.01508	0.02114	0.01533	0.01406	0.11074	0.23664	0.24387	0.02332	0.02187	0.01626	0.00848	0.00701	0.00222	0.00696	0.00684	0.00675	0.05027
22	0.01477	0.01266	0.01477	0.01055	0.01687	0.00949	0.00844	0.01793	0.01477	0.02320	0.01266	0.01477	0.01055	0.00527	0.00527	0.00105	0.00527	0.00422	0.00422	0.79328
23	0.02590	0.01804	0.01964	0.01522	0.02051	0.01956	0.01247	0.55947	0.03046	0.10513	0.02133	0.02165	0.05078	0.03611	0.00826	0.00233	0.00740	0.00710	0.00715	0.01149
24	0.01459	0.03488	0.64236	0.02199	0.06462	0.01664	0.06170	0.02253	0.01519	0.02260	0.01290	0.01539	0.00923	0.00670	0.00687	0.00226	0.01050	0.00549	0.00306	0.01051
25	0.01237	0.00618	0.00928	0.00928	0.00928	0.00618	0.00618	0.00928	0.00928	0.01237	0.01237	0.02165	0.01237	0.02474	0.02783	0.79283	0.00618	0.00618	0.00309	0.00309
26	0.01469	0.01392	0.02360	0.52789	0.24409	0.01615	0.02039	0.01928	0.01483	0.01970	0.01288	0.01858	0.01002	0.00689	0.00710	0.00230	0.00919	0.00633	0.00327	0.00891
27	0.01832	0.10073	0.09673	0.10586	0.35087	0.04831	0.01919	0.08849	0.05984	0.02425	0.01411	0.01713	0.01127	0.00691	0.00675	0.00210	0.00863	0.00599	0.00398	0.01056
28	0.01458	0.01381	0.02340	0.54609	0.22675	0.01612	0.02034	0.01918	0.01477	0.01957	0.01286	0.01862	0.00998	0.00691	0.00710	0.00230	0.00921	0.00633	0.00326	0.00882
29	0.00887	0.00634	0.00847	0.00998	0.01052	0.00594	0.00681	0.01033	0.01415	0.01895	0.08094	0.67558	0.04812	0.02172	0.00907	0.00287	0.00418	0.04460	0.00669	0.00587
30	0.01554	0.03029	0.51601	0.02309	0.14181	0.01565	0.02346	0.02252	0.01585	0.06055	0.05714	0.01837	0.01354	0.00730	0.00694	0.00223	0.00948	0.00603	0.00371	0.01050
31	0.04679	0.11559	0.01980	0.04571	0.01988	0.05334	0.01151	0.07173	0.07884	0.41377	0.02309	0.02219	0.01587	0.00850	0.00675	0.00213	0.00687	0.01954	0.00709	0.01101

[dist]
# distance from previous block
# <min> <max>
0	14

[block]
# block no. 3 follows, 29 sequences, length 9
# corresponding to MSA columns:
# 324-332
name=unknown_D
#
# <colnr> <probs for GDERKNQSTAVLIFYWHMCP>
#	G	D	E	R	K	N	Q	S	T	A	V	L	I	F	Y	W	H	M	C	P
0	0.01963	0.01552	0.01980	0.20332	0.08400	0.01713	0.01465	0.19581	0.19096	0.07126	0.01893	0.02026	0.01400	0.00801	0.00699	0.00218	0.00743	0.00666	0.00568	0.07777
1	0.02285	0.23863	0.02622	0.01887	0.10131	0.24172	0.01404	0.16468	0.06406	0.02453	0.01341	0.01477	0.01084	0.00726	0.00615	0.00188	0.00927	0.00518	0.00443	0.00988
2	0.01234	0.00812	0.01074	0.01003	0.01174	0.00862	0.03405	0.04163	0.01413	0.02197	0.04794	0.02972	0.02033	0.10897	0.28199	0.00605	0.01026	0.00774	0.30701	0.00662
3	0.00863	0.00722	0.00751	0.00744	0.00975	0.00610	0.00558	0.01064	0.01674	0.02045	0.15444	0.06652	0.61937	0.01758	0.00841	0.00238	0.00357	0.01475	0.00677	0.00610
4	0.00865	0.00631	0.00814	0.00960	0.01025	0.00581	0.00647	0.00995	0.01393	0.01830	0.04302	0.66744	0.12232	0.02182	0.00901	0.00284	0.00407	0.01964	0.00661	0.00581
5	0.00868	0.00620	0.00826	0.00991	0.01033	0.00578	0.00661	0.00991	0.01363	0.01818	0.03925	0.74510	0.04710	0.02231	0.00909	0.00289	0.00413	0.02024	0.00661	0.00578
6	0.01904	0.75404	0.03731	0.01218	0.01828	0.02818	0.01218	0.02132	0.01447	0.01675	0.00990	0.01142	0.00914	0.00609	0.00457	0.00152	0.00761	0.00381	0.00305	0.00914
7	0.00980	0.00715	0.00922	0.00895	0.01053	0.00656	0.00662	0.01281	0.01914	0.02673	0.58269	0.13366	0.10814	0.01568	0.00848	0.00233	0.00346	0.01387	0.00761	0.00656
8	0.01345	0.01266	0.02136	0.73264	0.04904	0.01582	0.01978	0.01819	0.01424	0.01819	0.01266	0.01898	0.00949	0.00712	0.00712	0.00237	0.00949	0.00633	0.00316	0.00791

[dist]
# distance from previous block
# <min> <max>
0	20

[block]
# block no. 4 follows, 29 sequences, length 29
# corresponding to MSA columns:
# 353-381
name=unknown_E
#
# <colnr> <probs for GDERKNQSTAVLIFYWHMCP>
#	G	D	E	R	K	N	Q	S	T	A	V	L	I	F	Y	W	H	M	C	P
0	0.02693	0.03257	0.01995	0.01799	0.02177	0.67673	0.01355	0.02883	0.02019	0.06075	0.01207	0.01355	0.00970	0.00743	0.00647	0.00186	0.01242	0.00475	0.00399	0.00850
1	0.80005	0.01377	0.01047	0.00936	0.01377	0.01597	0.00771	0.02093	0.01212	0.03195	0.00991	0.01157	0.00771	0.00661	0.00441	0.00220	0.00551	0.00386	0.00441	0.00771
2	0.01017	0.00763	0.01144	0.01144	0.01272	0.00890	0.00890	0.01272	0.01144	0.01653	0.01907	0.02797	0.01780	0.05340	0.72153	0.01144	0.01907	0.00763	0.00381	0.00636
3	0.01428	0.03683	0.71286	0.02030	0.03082	0.01654	0.02631	0.02255	0.01503	0.02255	0.01278	0.01503	0.00902	0.00677	0.00677	0.00226	0.01052	0.00526	0.00301	0.01052
4	0.01237	0.00618	0.00928	0.00928	0.00928	0.00618	0.00618	0.00928	0.00928	0.01237	0.01237	0.02165	0.01237	0.02474	0.02783	0.79283	0.00618	0.00618	0.00309	0.00309
5	0.01904	0.75404	0.03731	0.01218	0.01828	0.02818	0.01218	0.02132	0.01447	0.01675	0.00990	0.01142	0.00914	0.00609	0.00457	0.00152	0.00761	0.00381	0.00305	0.00914
6	0.00902	0.00724	0.00805	0.00785	0.00999	0.00627	0.00588	0.01138	0.01765	0.02261	0.30003	0.06297	0.47245	0.01678	0.00841	0.00234	0.00352	0.01425	0.00706	0.00627
7	0.80005	0.01377	0.01047	0.00936	0.01377	0.01597	0.00771	0.02093	0.01212	0.03195	0.00991	0.01157	0.00771	0.00661	0.00441	0.00220	0.00551	0.00386	0.00441	0.00771
8	0.01646	0.01704	0.02168	0.01867	0.01896	0.07765	0.01543	0.01804	0.01165	0.01716	0.00948	0.01536	0.00933	0.01205	0.02202	0.00301	0.67892	0.00610	0.00316	0.00783
9	0.01036	0.00690	0.00777	0.00777	0.00777	0.00690	0.00431	0.01036	0.01036	0.01381	0.02244	0.04660	0.02589	0.74975	0.03624	0.00690	0.00690	0.01036	0.00431	0.00431
10	0.01484	0.01601	0.06219	0.24526	0.03215	0.03990	0.17529	0.05319	0.01589	0.02087	0.02165	0.02559	0.10893	0.01119	0.04213	0.00285	0.09173	0.00800	0.00400	0.00834
11	0.75340	0.01409	0.01234	0.01059	0.01517	0.01610	0.04772	0.02104	0.01240	0.03140	0.01018	0.01202	0.00790	0.00657	0.00464	0.00222	0.00590	0.00413	0.00436	0.00782
12	0.03021	0.01197	0.01612	0.01253	0.01777	0.01052	0.01029	0.03364	0.04508	0.64747	0.06545	0.02593	0.02052	0.00916	0.00723	0.00221	0.00589	0.00751	0.00870	0.01179
13	0.01570	0.01794	0.06548	0.20685	0.03822	0.01734	0.42259	0.02114	0.01567	0.02131	0.01354	0.01861	0.01030	0.00667	0.00877	0.00239	0.05291	0.00748	0.00345	0.03364
14	0.01345	0.01266	0.02136	0.73264	0.04904	0.01582	0.01978	0.01819	0.01424	0.01819	0.01266	0.01898	0.00949	0.00712	0.00712	0.00237	0.00949	0.00633	0.00316	0.00791
15	0.01477	0.01266	0.01477	0.01055	0.01687	0.00949	0.00844	0.01793	0.01477	0.02320	0.01266	0.01477	0.01055	0.00527	0.00527	0.00105	0.00527	0.00422	0.00422	0.79328
16	0.01994	0.36604	0.18136	0.01554	0.02205	0.14430	0.01566	0.08269	0.05320	0.02136	0.01238	0.01378	0.01005	0.00686	0.00575	0.00184	0.00908	0.00472	0.00373	0.00967
17	0.01116	0.00842	0.01046	0.00975	0.01176	0.00828	0.00737	0.01691	0.11587	0.02873	0.60582	0.04940	0.06072	0.01386	0.00823	0.00226	0.00368	0.01219	0.00775	0.00737
18	0.01866	0.69677	0.09125	0.01283	0.01928	0.02725	0.01331	0.02142	0.01451	0.01722	0.01013	0.01171	0.00913	0.00615	0.00474	0.00158	0.00785	0.00392	0.00304	0.00925
19	0.01400	0.00734	0.00742	0.00715	0.00903	0.00746	0.00543	0.05182	0.01592	0.02752	0.02290	0.02605	0.01793	0.00831	0.00509	0.00168	0.00356	0.00662	0.74784	0.00693
20	0.01036	0.00690	0.00777	0.00777	0.00777	0.00690	0.00431	0.01036	0.01036	0.01381	0.02244	0.04660	0.02589	0.74975	0.03624	0.00690	0.00690	0.01036	0.00431	0.00431
21	0.01368	0.01289	0.02178	0.69446	0.08541	0.01588	0.01989	0.01840	0.01435	0.01847	0.01270	0.01891	0.00959	0.00708	0.00712	0.00236	0.00943	0.00633	0.00318	0.00810
22	0.02608	0.02128	0.02020	0.03769	0.02205	0.16286	0.01327	0.43899	0.02793	0.09253	0.01674	0.01746	0.01219	0.01066	0.04483	0.00258	0.00935	0.00616	0.00627	0.01089
23	0.01771	0.01530	0.01610	0.01449	0.01852	0.01771	0.01127	0.03784	0.69247	0.02979	0.02898	0.02657	0.02174	0.00966	0.00725	0.00242	0.00564	0.00805	0.00725	0.01127
24	0.02699	0.01930	0.02087	0.01609	0.02171	0.02122	0.01326	0.61786	0.05850	0.08392	0.01822	0.01789	0.01282	0.00861	0.00713	0.00215	0.00764	0.00652	0.00723	0.01208
25	0.01076	0.00690	0.00777	0.00777	0.00807	0.00696	0.00462	0.01135	0.01106	0.01575	0.02239	0.04289	0.02443	0.61229	0.06319	0.00636	0.00695	0.00970	0.11605	0.00474
26	0.80005	0.01377	0.01047	0.00936	0.01377	0.01597	0.00771	0.02093	0.01212	0.03195	0.00991	0.01157	0.00771	0.00661	0.00441	0.00220	0.00551	0.00386	0.00441	0.00771
27	0.01023	0.00869	0.01436	0.01327	0.01514	0.00807	0.12756	0.01254	0.01490	0.01991	0.08988	0.51368	0.08636	0.01847	0.00886	0.00272	0.00545	0.01717	0.00617	0.00656
28	0.02533	0.01852	0.02003	0.01550	0.02093	0.02017	0.01267	0.55813	0.07236	0.06279	0.01811	0.01879	0.01327	0.03389	0.00802	0.00226	0.00746	0.00654	0.00692	0.05832

[dist]
# distance from previous block
# <min> <max>
1	5

[block]
# block no. 5 follows, 29 sequences, length 14
# corresponding to MSA columns:
# 387-400
name=unknown_F
#
# <colnr> <probs for GDERKNQSTAVLIFYWHMCP>
#	G	D	E	R	K	N	Q	S	T	A	V	L	I	F	Y	W	H	M	C	P
0	0.01497	0.03248	0.55726	0.02440	0.12410	0.01672	0.08568	0.02248	0.01536	0.02267	0.01301	0.01577	0.00949	0.00664	0.00695	0.00225	0.01038	0.00570	0.00313	0.01054
1	0.11265	0.07801	0.11011	0.01205	0.01623	0.05846	0.01107	0.01981	0.04406	0.08082	0.26793	0.03535	0.07540	0.01109	0.00714	0.00221	0.00606	0.03732	0.00599	0.00824
2	0.01451	0.01045	0.01113	0.01012	0.01295	0.04390	0.00771	0.01959	0.12207	0.11788	0.21761	0.04813	0.26988	0.05086	0.00936	0.00253	0.00481	0.01156	0.00707	0.00787
3	0.02660	0.13614	0.01974	0.01233	0.01795	0.01363	0.01049	0.05503	0.01913	0.45403	0.04217	0.02136	0.01647	0.00803	0.00650	0.00193	0.00620	0.00633	0.00712	0.11881
4	0.02577	0.01816	0.01986	0.01554	0.02076	0.01981	0.01270	0.57594	0.03078	0.08943	0.01985	0.08264	0.01562	0.00980	0.00730	0.00221	0.00738	0.00770	0.00720	0.01154
5	0.01904	0.75404	0.03731	0.01218	0.01828	0.02818	0.01218	0.02132	0.01447	0.01675	0.00990	0.01142	0.00914	0.00609	0.00457	0.00152	0.00761	0.00381	0.00305	0.00914
6	0.01454	0.01271	0.01617	0.01179	0.01783	0.00983	0.05239	0.01778	0.01483	0.02288	0.01433	0.05782	0.01270	0.00632	0.00570	0.00125	0.00565	0.00543	0.00432	0.69572
7	0.00868	0.00620	0.00826	0.00991	0.01033	0.00578	0.00661	0.00991	0.01363	0.01818	0.03925	0.74510	0.04710	0.02231	0.00909	0.00289	0.00413	0.02024	0.00661	0.00578
8	0.02361	0.01277	0.04110	0.01226	0.01685	0.01127	0.01024	0.13053	0.02124	0.37131	0.09802	0.07898	0.11728	0.01141	0.00756	0.00227	0.00579	0.00947	0.00778	0.01028
9	0.02400	0.12371	0.02275	0.03968	0.02207	0.44440	0.05651	0.02623	0.01839	0.08558	0.01356	0.01659	0.01121	0.05571	0.00835	0.00221	0.01093	0.00542	0.00411	0.00857
10	0.01262	0.00782	0.01020	0.00937	0.01150	0.00710	0.00711	0.01572	0.01965	0.11172	0.55166	0.08525	0.09379	0.01442	0.00828	0.00228	0.00374	0.01266	0.00783	0.00730
11	0.01967	0.69395	0.03588	0.01270	0.01859	0.08600	0.01232	0.02192	0.01494	0.01681	0.00999	0.01154	0.00914	0.00620	0.00472	0.00155	0.00805	0.00387	0.00310	0.00906
12	0.01741	0.01670	0.02851	0.07921	0.67151	0.01686	0.02175	0.02166	0.01611	0.02300	0.01336	0.01769	0.01119	0.00638	0.00705	0.00213	0.00851	0.00634	0.00351	0.01111
13	0.01651	0.06566	0.55800	0.01989	0.02930	0.05773	0.06216	0.02365	0.01576	0.06693	0.01364	0.01559	0.00970	0.00686	0.00677	0.00220	0.01033	0.00547	0.00346	0.01038

[dist]
# distance from previous block
# <min> <max>
0	1

[block]
# block no. 6 follows, 29 sequences, length 70
# corresponding to MSA columns:
# 402-471
name=unknown_G
#
# <colnr> <probs for GDERKNQSTAVLIFYWHMCP>
#	G	D	E	R	K	N	Q	S	T	A	V	L	I	F	Y	W	H	M	C	P
0	0.01959	0.01488	0.01616	0.01425	0.01847	0.01675	0.01116	0.03742	0.60365	0.11972	0.02886	0.02626	0.02119	0.00955	0.00723	0.00239	0.00569	0.00793	0.00745	0.01138
1	0.01985	0.43899	0.12171	0.01563	0.02156	0.17958	0.04255	0.02295	0.01576	0.01793	0.01069	0.01271	0.00921	0.00672	0.00620	0.00179	0.03941	0.00446	0.00321	0.00909
2	0.00859	0.00722	0.00745	0.00739	0.00972	0.00608	0.00555	0.01055	0.01664	0.02020	0.13705	0.06695	0.63693	0.01768	0.00841	0.00239	0.00358	0.01481	0.00674	0.00608
3	0.00894	0.00634	0.00837	0.00989	0.01032	0.00598	0.00665	0.01017	0.01350	0.01797	0.03784	0.65962	0.04513	0.08007	0.01128	0.00323	0.00446	0.04812	0.00642	0.00570
4	0.01147	0.00820	0.01147	0.01311	0.01475	0.00820	0.01147	0.01475	0.01639	0.02131	0.03770	0.08032	0.04098	0.01967	0.00984	0.00328	0.00656	0.65741	0.00656	0.00656
5	0.01017	0.00763	0.01144	0.01144	0.01272	0.00890	0.00890	0.01272	0.01144	0.01653	0.01907	0.02797	0.01780	0.05340	0.72153	0.01144	0.01907	0.00763	0.00381	0.00636
6	0.01327	0.00664	0.00664	0.00664	0.00830	0.00664	0.00498	0.01659	0.01493	0.02655	0.02323	0.02655	0.01825	0.00830	0.00498	0.00166	0.00332	0.00664	0.78928	0.00664
7	0.01771	0.01530	0.01610	0.01449	0.01852	0.01771	0.01127	0.03784	0.69247	0.02979	0.02898	0.02657	0.02174	0.00966	0.00725	0.00242	0.00564	0.00805	0.00725	0.01127
8	0.80005	0.01377	0.01047	0.00936	0.01377	0.01597	0.00771	0.02093	0.01212	0.03195	0.00991	0.01157	0.00771	0.00661	0.00441	0.00220	0.00551	0.00386	0.00441	0.00771
9	0.80005	0.01377	0.01047	0.00936	0.01377	0.01597	0.00771	0.02093	0.01212	0.03195	0.00991	0.01157	0.00771	0.00661	0.00441	0.00220	0.00551	0.00386	0.00441	0.00771
10	0.00842	0.00721	0.00721	0.00721	0.00962	0.00601	0.00541	0.01022	0.01623	0.01924	0.07213	0.06853	0.70244	0.01803	0.00842	0.00240	0.00361	0.01503	0.00661	0.00601
11	0.01345	0.01266	0.02136	0.73264	0.04904	0.01582	0.01978	0.01819	0.01424	0.01819	0.01266	0.01898	0.00949	0.00712	0.00712	0.00237	0.00949	0.00633	0.00316	0.00791
12	0.01327	0.00664	0.00664	0.00664	0.00830	0.00664	0.00498	0.01659	0.01493	0.02655	0.02323	0.02655	0.01825	0.00830	0.00498	0.00166	0.00332	0.00664	0.78928	0.00664
13	0.01904	0.75404	0.03731	0.01218	0.01828	0.02818	0.01218	0.02132	0.01447	0.01675	0.00990	0.01142	0.00914	0.00609	0.00457	0.00152	0.00761	0.00381	0.00305	0.00914
14	0.01008	0.00728	0.00952	0.00896	0.01064	0.00672	0.00672	0.01344	0.02016	0.02855	0.70158	0.05319	0.06719	0.01456	0.00840	0.00224	0.00336	0.01288	0.00784	0.00672
15	0.01017	0.00763	0.01144	0.01144	0.01272	0.00890	0.00890	0.01272	0.01144	0.01653	0.01907	0.02797	0.01780	0.05340	0.72153	0.01144	0.01907	0.00763	0.00381	0.00636
16	0.02707	0.01995	0.02137	0.01638	0.02208	0.02208	0.01353	0.68159	0.03348	0.04488	0.01710	0.01710	0.01211	0.00855	0.00712	0.00214	0.00784	0.00641	0.00712	0.01211
17	0.02083	0.01460	0.01619	0.01409	0.01844	0.01612	0.01109	0.03715	0.54529	0.17880	0.02879	0.02606	0.02084	0.00948	0.00723	0.00237	0.00573	0.00786	0.00759	0.01146
18	0.00866	0.00722	0.00755	0.00747	0.00977	0.00612	0.00560	0.01069	0.01681	0.02061	0.16502	0.06626	0.60870	0.01752	0.00841	0.00238	0.00357	0.01471	0.00679	0.00612
19	0.00868	0.00620	0.00826	0.00991	0.01033	0.00578	0.00661	0.00991	0.01363	0.01818	0.03925	0.74510	0.04710	0.02231	0.00909	0.00289	0.00413	0.02024	0.00661	0.00578
20	0.01345	0.01266	0.02136	0.73264	0.04904	0.01582	0.01978	0.01819	0.01424	0.01819	0.01266	0.01898	0.00949	0.00712	0.00712	0.00237	0.00949	0.00633	0.00316	0.00791
21	0.01665	0.01993	0.09113	0.05539	0.16363	0.01761	0.48192	0.02245	0.01647	0.02272	0.01403	0.01857	0.01071	0.00616	0.00798	0.00233	0.01113	0.00770	0.00353	0.00994
22	0.01540	0.01609	0.03110	0.31756	0.09100	0.01731	0.31159	0.02043	0.01528	0.02054	0.01324	0.01873	0.01020	0.00696	0.00887	0.00242	0.06374	0.00724	0.00338	0.00890
23	0.80005	0.01377	0.01047	0.00936	0.01377	0.01597	0.00771	0.02093	0.01212	0.03195	0.00991	0.01157	0.00771	0.00661	0.00441	0.00220	0.00551	0.00386	0.00441	0.00771
24	0.01034	0.00694	0.00798	0.00798	0.00805	0.00702	0.00458	0.01049	0.01042	0.01396	0.02225	0.04554	0.02543	0.71021	0.07516	0.00716	0.00759	0.01020	0.00429	0.00443
25	0.01701	0.01786	0.03488	0.05979	0.33083	0.01758	0.34578	0.02204	0.01626	0.02266	0.01373	0.01838	0.01092	0.00640	0.00826	0.00230	0.03421	0.00736	0.00354	0.01022
26	0.02403	0.02963	0.02086	0.13187	0.06506	0.57049	0.01516	0.02645	0.01902	0.01788	0.01140	0.01408	0.00934	0.00725	0.00657	0.00193	0.01207	0.00496	0.00358	0.00837
27	0.00878	0.00628	0.00835	0.00985	0.01035	0.00585	0.00662	0.01017	0.01411	0.01893	0.08748	0.69472	0.04856	0.02174	0.00904	0.00284	0.00408	0.01971	0.00670	0.00585
28	0.01017	0.00763	0.01144	0.01144	0.01272	0.00890	0.00890	0.01272	0.01144	0.01653	0.01907	0.02797	0.01780	0.05340	0.72153	0.01144	0.01907	0.00763	0.00381	0.00636
29	0.01853	0.01536	0.01631	0.01450	0.01864	0.01764	0.01133	0.06165	0.64587	0.05274	0.02851	0.02614	0.02124	0.00959	0.00724	0.00240	0.00573	0.00796	0.00729	0.01133
30	0.00874	0.00625	0.00832	0.00987	0.01034	0.00583	0.00661	0.01007	0.01393	0.01864	0.06905	0.71397	0.04800	0.02196	0.00906	0.00286	0.00410	0.01991	0.00667	0.00583
31	0.01660	0.01764	0.08135	0.07802	0.53393	0.01617	0.04703	0.02117	0.01605	0.02275	0.01528	0.02255	0.01334	0.00747	0.00731	0.00224	0.00867	0.05814	0.00371	0.01059
32	0.80005	0.01377	0.01047	0.00936	0.01377	0.01597	0.00771	0.02093	0.01212	0.03195	0.00991	0.01157	0.00771	0.00661	0.00441	0.00220	0.00551	0.00386	0.00441	0.00771
33	0.80005	0.01377	0.01047	0.00936	0.01377	0.01597	0.00771	0.02093	0.01212	0.03195	0.00991	0.01157	0.00771	0.00661	0.00441	0.00220	0.00551	0.00386	0.00441	0.00771
34	0.00985	0.00727	0.00920	0.00872	0.01050	0.00662	0.00654	0.01300	0.01962	0.02728	0.61518	0.05530	0.15438	0.01503	0.00840	0.00226	0.00339	0.01317	0.00767	0.00662
35	0.02707	0.01995	0.02137	0.01638	0.02208	0.02208	0.01353	0.68159	0.03348	0.04488	0.01710	0.01710	0.01211	0.00855	0.00712	0.00214	0.00784	0.00641	0.00712	0.01211
36	0.01686	0.01772	0.02162	0.01865	0.01908	0.10320	0.01537	0.01845	0.01198	0.01717	0.00954	0.01526	0.00933	0.01187	0.02140	0.00297	0.65248	0.00604	0.00318	0.00784
37	0.01017	0.00763	0.01144	0.01144	0.01272	0.00890	0.00890	0.01272	0.01144	0.01653	0.01907	0.02797	0.01780	0.05340	0.72153	0.01144	0.01907	0.00763	0.00381	0.00636
38	0.00866	0.00627	0.00819	0.00972	0.01028	0.00580	0.00652	0.00994	0.01382	0.01825	0.04165	0.69560	0.09505	0.02200	0.00904	0.00286	0.00409	0.01986	0.00661	0.00580
39	0.01660	0.02645	0.34019	0.02903	0.28881	0.04305	0.04975	0.04968	0.01631	0.02319	0.01318	0.01646	0.01023	0.00736	0.00775	0.03260	0.00960	0.00587	0.00343	0.01047
40	0.02081	0.05131	0.12297	0.04146	0.12109	0.25500	0.01591	0.11177	0.07276	0.02455	0.04047	0.01792	0.01353	0.00773	0.00667	0.00203	0.00946	0.00590	0.04902	0.00964
41	0.01428	0.03683	0.71286	0.02030	0.03082	0.01654	0.02631	0.02255	0.01503	0.02255	0.01278	0.01503	0.00902	0.00677	0.00677	0.00226	0.01052	0.00526	0.00301	0.01052
42	0.80005	0.01377	0.01047	0.00936	0.01377	0.01597	0.00771	0.02093	0.01212	0.03195	0.00991	0.01157	0.00771	0.00661	0.00441	0.00220	0.00551	0.00386	0.00441	0.00771
43	0.01983	0.01508	0.01696	0.01293	0.01868	0.01435	0.01044	0.21072	0.12046	0.07565	0.01735	0.01779	0.01311	0.00709	0.00621	0.00164	0.00611	0.00560	0.00579	0.40421
44	0.01801	0.04071	0.01439	0.03906	0.04026	0.01024	0.00951	0.04072	0.04202	0.22828	0.33676	0.03984	0.06885	0.01189	0.00774	0.00224	0.00505	0.02807	0.00747	0.00889
45	0.16750	0.07664	0.35669	0.02274	0.15700	0.01739	0.06188	0.02203	0.01477	0.02413	0.01225	0.01488	0.00932	0.00656	0.00632	0.00218	0.00905	0.00530	0.00342	0.00997
46	0.01237	0.00618	0.00928	0.00928	0.00928	0.00618	0.00618	0.00928	0.00928	0.01237	0.01237	0.02165	0.01237	0.02474	0.02783	0.79283	0.00618	0.00618	0.00309	0.00309
47	0.03508	0.00747	0.00892	0.00849	0.01046	0.00682	0.00639	0.01280	0.01882	0.02612	0.50717	0.05604	0.23898	0.01525	0.00827	0.00228	0.00350	0.01317	0.00739	0.00656
48	0.80005	0.01377	0.01047	0.00936	0.01377	0.01597	0.00771	0.02093	0.01212	0.03195	0.00991	0.01157	0.00771	0.00661	0.00441	0.00220	0.00551	0.00386	0.00441	0.00771
49	0.02660	0.03394	0.02018	0.01834	0.02201	0.72116	0.01376	0.02843	0.02018	0.01743	0.01101	0.01284	0.00917	0.00734	0.00642	0.00183	0.01284	0.00459	0.00367	0.00825
50	0.00868	0.00620	0.00826	0.00991	0.01033	0.00578	0.00661	0.00991	0.01363	0.01818	0.03925	0.74510	0.04710	0.02231	0.00909	0.00289	0.00413	0.02024	0.00661	0.00578
51	0.01036	0.00690	0.00777	0.00777	0.00777	0.00690	0.00431	0.01036	0.01036	0.01381	0.02244	0.04660	0.02589	0.74975	0.03624	0.00690	0.00690	0.01036	0.00431	0.00431
52	0.01068	0.00791	0.01004	0.00939	0.01126	0.00758	0.00708	0.01536	0.07299	0.02865	0.64872	0.05110	0.06362	0.01417	0.00831	0.00225	0.00354	0.01250	0.00779	0.00708
53	0.01036	0.00690	0.00777	0.00777	0.00777	0.00690	0.00431	0.01036	0.01036	0.01381	0.02244	0.04660	0.02589	0.74975	0.03624	0.00690	0.00690	0.01036	0.00431	0.00431
54	0.01904	0.75404	0.03731	0.01218	0.01828	0.02818	0.01218	0.02132	0.01447	0.01675	0.00990	0.01142	0.00914	0.00609	0.00457	0.00152	0.00761	0.00381	0.00305	0.00914
55	0.05282	0.07688	0.02150	0.01522	0.02087	0.02049	0.01274	0.50281	0.02915	0.14956	0.01806	0.01761	0.01262	0.00833	0.00684	0.00210	0.00745	0.00624	0.00698	0.01173
56	0.01345	0.01266	0.02136	0.73264	0.04904	0.01582	0.01978	0.01819	0.01424	0.01819	0.01266	0.01898	0.00949	0.00712	0.00712	0.00237	0.00949	0.00633	0.00316	0.00791
57	0.00868	0.00620	0.00826	0.00991	0.01033	0.00578	0.00661	0.00991	0.01363	0.01818	0.03925	0.74510	0.04710	0.02231	0.00909	0.00289	0.00413	0.02024	0.00661	0.00578
58	0.02707	0.01995	0.02137	0.01638	0.02208	0.02208	0.01353	0.68159	0.03348	0.04488	0.01710	0.01710	0.01211	0.00855	0.00712	0.00214	0.00784	0.00641	0.00712	0.01211
59	0.00868	0.00620	0.00826	0.00991	0.01033	0.00578	0.00661	0.00991	0.01363	0.01818	0.03925	0.74510	0.04710	0.02231	0.00909	0.00289	0.00413	0.02024	0.00661	0.00578
60	0.01527	0.01229	0.01446	0.01077	0.01650	0.00963	0.00852	0.04147	0.01554	0.04903	0.01587	0.08350	0.01428	0.00711	0.00577	0.00131	0.00529	0.00590	0.00472	0.66276
61	0.01477	0.01266	0.01477	0.01055	0.01687	0.00949	0.00844	0.01793	0.01477	0.02320	0.01266	0.01477	0.01055	0.00527	0.00527	0.00105	0.00527	0.00422	0.00422	0.79328
62	0.02574	0.04356	0.02002	0.01464	0.02042	0.01822	0.01213	0.43651	0.02749	0.16132	0.01814	0.01783	0.01276	0.00800	0.00675	0.00196	0.00710	0.00611	0.00683	0.13447
63	0.02361	0.01325	0.01579	0.01306	0.01758	0.01346	0.01046	0.09431	0.24698	0.32342	0.10062	0.02886	0.04598	0.00998	0.00736	0.00228	0.00572	0.00825	0.00795	0.01106
64	0.01017	0.00758	0.01118	0.01115	0.01239	0.00869	0.00859	0.01266	0.01189	0.01710	0.05797	0.03017	0.02094	0.07991	0.65278	0.01073	0.01768	0.00804	0.00406	0.00629
65	0.04273	0.04525	0.02213	0.02624	0.28877	0.21699	0.01563	0.04198	0.01719	0.02178	0.05238	0.01909	0.01448	0.01216	0.07876	0.00298	0.03873	0.00619	0.02731	0.00923
66	0.01665	0.05948	0.04901	0.01447	0.05712	0.07620	0.01129	0.04878	0.07976	0.02365	0.04136	0.04082	0.01475	0.00733	0.00662	0.00161	0.03111	0.00576	0.00459	0.40963
67	0.10247	0.10845	0.28265	0.04286	0.04624	0.10020	0.06660	0.02361	0.01566	0.08620	0.01331	0.01541	0.00995	0.00720	0.00735	0.00217	0.05076	0.00540	0.00385	0.00966
68	0.02386	0.05426	0.01637	0.01238	0.01692	0.01264	0.01008	0.05248	0.16082	0.37643	0.13026	0.02983	0.05164	0.01005	0.00727	0.00222	0.00562	0.00830	0.00787	0.01072
69	0.01535	0.04548	0.16496	0.01461	0.04453	0.06348	0.01319	0.02174	0.11332	0.07567	0.18969	0.06672	0.09744	0.01146	0.00753	0.00228	0.00664	0.03113	0.00592	0.00885

[dist]
# distance from previous block
# <min> <max>
1	16

[block]
# block no. 7 follows, 29 sequences, length 78
# corresponding to MSA columns:
# 488-565
name=unknown_H
#
# <colnr> <probs for GDERKNQSTAVLIFYWHMCP>
#	G	D	E	R	K	N	Q	S	T	A	V	L	I	F	Y	W	H	M	C	P
0	0.08020	0.02322	0.24943	0.02355	0.08401	0.01658	0.25033	0.04048	0.01581	0.02376	0.01417	0.04489	0.01139	0.00725	0.00785	0.00228	0.03922	0.00693	0.00370	0.05493
1	0.14447	0.01112	0.01370	0.01265	0.04474	0.01132	0.03585	0.02220	0.11641	0.13218	0.27816	0.03397	0.03515	0.04170	0.00839	0.00243	0.00518	0.00904	0.03274	0.00858
2	0.01996	0.01542	0.01762	0.01475	0.04599	0.01592	0.01130	0.34655	0.02400	0.03306	0.04959	0.07211	0.04498	0.04103	0.00885	0.00220	0.03622	0.00767	0.00602	0.18677
3	0.18663	0.07732	0.10587	0.01602	0.09653	0.01497	0.01264	0.06875	0.06986	0.05472	0.11815	0.10702	0.02357	0.01003	0.00669	0.00224	0.00639	0.00821	0.00537	0.00901
4	0.05235	0.34001	0.05803	0.01618	0.04847	0.23015	0.01370	0.12382	0.01905	0.02233	0.01159	0.01312	0.00963	0.00689	0.00569	0.00179	0.00927	0.00460	0.00392	0.00942
5	0.05129	0.20636	0.05090	0.01519	0.01966	0.25076	0.01286	0.07616	0.11697	0.02236	0.04215	0.01719	0.01386	0.00968	0.03426	0.00233	0.03887	0.00556	0.00446	0.00913
6	0.02104	0.01663	0.02153	0.02379	0.23626	0.01753	0.01495	0.27500	0.11445	0.06131	0.04651	0.05002	0.01698	0.00868	0.00717	0.00216	0.00721	0.00738	0.00595	0.04545
7	0.01035	0.00693	0.00792	0.00792	0.00797	0.00699	0.00450	0.01045	0.01040	0.01392	0.02230	0.04584	0.02556	0.72123	0.06431	0.00709	0.00740	0.01024	0.00429	0.00440
8	0.03195	0.01212	0.01652	0.01267	0.01818	0.01047	0.01047	0.03470	0.02038	0.71026	0.02809	0.02424	0.01763	0.00881	0.00716	0.00220	0.00606	0.00716	0.00881	0.01212
9	0.01708	0.01702	0.02587	0.24315	0.40470	0.07252	0.04258	0.02203	0.04557	0.02158	0.01370	0.01809	0.01103	0.00679	0.00707	0.00219	0.00911	0.00635	0.00360	0.00999
10	0.01327	0.00664	0.00664	0.00664	0.00830	0.00664	0.00498	0.01659	0.01493	0.02655	0.02323	0.02655	0.01825	0.00830	0.00498	0.00166	0.00332	0.00664	0.78928	0.00664
11	0.01073	0.00843	0.01240	0.01208	0.01319	0.01017	0.00945	0.01310	0.01136	0.01651	0.01817	0.02725	0.01717	0.06962	0.62962	0.01045	0.09253	0.00757	0.00376	0.00645
12	0.00914	0.00747	0.00811	0.00804	0.01022	0.00660	0.00599	0.01194	0.04318	0.02151	0.19912	0.11002	0.49898	0.01728	0.00841	0.00240	0.00367	0.01467	0.00689	0.00635
13	0.01327	0.00664	0.00664	0.00664	0.00830	0.00664	0.00498	0.01659	0.01493	0.02655	0.02323	0.02655	0.01825	0.00830	0.00498	0.00166	0.00332	0.00664	0.78928	0.00664
14	0.37222	0.10855	0.01800	0.01336	0.01789	0.24186	0.01084	0.10024	0.01744	0.02705	0.01110	0.01260	0.00886	0.00701	0.00538	0.00200	0.00836	0.00438	0.00433	0.00856
15	0.02498	0.01794	0.01956	0.01544	0.02047	0.01961	0.01256	0.57318	0.03051	0.06745	0.02027	0.10760	0.01666	0.01026	0.00737	0.00223	0.00731	0.00815	0.00713	0.01133
16	0.06934	0.01885	0.07430	0.02640	0.05910	0.01774	0.46284	0.02157	0.01579	0.02298	0.04117	0.01933	0.01262	0.00722	0.00978	0.00245	0.09779	0.00775	0.00373	0.00926
