[name]
unknown

[dist]
# distance from previous block
# <min> <max>
6	31

[block]
# block no. 0 follows, 29 sequences, length 11
# corresponding to MSA columns:
# 33-43
name=unknown_A
#
# <colnr> <probs for GDERKNQSTAVLIFYWHMCP>
#	G	D	E	R	K	N	Q	S	T	A	V	L	I	F	Y	W	H	M	C	P
0	0.01064	0.00802	0.01023	0.01016	0.01152	0.00778	0.02844	0.04205	0.04248	0.02081	0.13762	0.34022	0.11703	0.16280	0.01409	0.00346	0.00498	0.01509	0.00629	0.00629
1	0.00952	0.00720	0.00877	0.00934	0.01052	0.00679	0.00659	0.01107	0.01429	0.01891	0.06980	0.38508	0.20479	0.09214	0.01189	0.00307	0.03047	0.03795	0.02919	0.03264
2	0.03970	0.00916	0.01067	0.01071	0.01205	0.00980	0.00760	0.03838	0.11462	0.02045	0.03334	0.33575	0.09110	0.16767	0.01504	0.00357	0.05377	0.01395	0.00594	0.00674
3	0.01071	0.00722	0.01001	0.01039	0.01134	0.00681	0.03677	0.01212	0.01357	0.05101	0.03366	0.51190	0.03863	0.15299	0.01370	0.00350	0.00504	0.01655	0.04803	0.00604
4	0.01540	0.01149	0.01295	0.01164	0.01435	0.01182	0.00867	0.22027	0.05198	0.02681	0.03084	0.28116	0.08870	0.11745	0.01188	0.00304	0.00576	0.01252	0.00633	0.05696
5	0.01506	0.01116	0.01278	0.01119	0.01416	0.01126	0.00845	0.11514	0.09533	0.06048	0.03135	0.12495	0.13756	0.14081	0.04477	0.00344	0.03229	0.01029	0.00591	0.11362
6	0.01185	0.00803	0.00941	0.00923	0.01128	0.00735	0.00668	0.03111	0.03310	0.06187	0.07879	0.28744	0.19166	0.06495	0.00975	0.00266	0.00440	0.01381	0.08939	0.06723
7	0.01431	0.00929	0.01073	0.00999	0.01255	0.00898	0.00742	0.01939	0.13768	0.13255	0.10277	0.13999	0.24005	0.10780	0.01161	0.00299	0.00483	0.01242	0.00690	0.00776
8	0.01684	0.01861	0.03824	0.02779	0.03429	0.01817	0.57474	0.02411	0.08806	0.02326	0.01569	0.01980	0.01189	0.00672	0.00905	0.00244	0.04841	0.00825	0.00396	0.00969
9	0.07748	0.01904	0.02009	0.01572	0.02115	0.02121	0.01291	0.56949	0.10185	0.04242	0.01788	0.01773	0.01284	0.00854	0.00696	0.00217	0.00745	0.00641	0.00696	0.01173
10	0.01431	0.01507	0.05762	0.15537	0.02561	0.03902	0.08511	0.01875	0.06051	0.01910	0.01602	0.07467	0.01465	0.01768	0.13180	0.00414	0.23090	0.00780	0.00386	0.00802

[dist]
# distance from previous block
# <min> <max>
0	22

[block]
# block no. 1 follows, 29 sequences, length 32
# corresponding to MSA columns:
# 66-97
name=unknown_B
#
# <colnr> <probs for GDERKNQSTAVLIFYWHMCP>
#	G	D	E	R	K	N	Q	S	T	A	V	L	I	F	Y	W	H	M	C	P
0	0.01710	0.01268	0.01447	0.01204	0.01583	0.01279	0.00941	0.17832	0.08035	0.07068	0.02845	0.09382	0.12135	0.07766	0.03403	0.00283	0.03922	0.00909	0.00601	0.16389
1	0.01236	0.00947	0.01142	0.01091	0.01298	0.00957	0.00810	0.03771	0.09076	0.04764	0.07876	0.30966	0.14648	0.04171	0.01033	0.00266	0.06281	0.01372	0.00629	0.07666
2	0.02135	0.01657	0.01737	0.01466	0.01913	0.04064	0.01164	0.25156	0.35091	0.07837	0.02647	0.05301	0.04591	0.00999	0.00729	0.00231	0.00650	0.00809	0.00714	0.01108
3	0.00911	0.00703	0.00849	0.00913	0.01021	0.00666	0.00637	0.01056	0.01447	0.01872	0.08872	0.38830	0.25705	0.08804	0.01193	0.00308	0.03332	0.01661	0.00633	0.00586
4	0.02707	0.01995	0.02137	0.01638	0.02208	0.02208	0.01353	0.68159	0.03348	0.04488	0.01710	0.01710	0.01211	0.00855	0.00712	0.00214	0.00784	0.00641	0.00712	0.01211
5	0.01008	0.00728	0.00952	0.00896	0.01064	0.00672	0.00672	0.01344	0.02016	0.02855	0.70158	0.05319	0.06719	0.01456	0.00840	0.00224	0.00336	0.01288	0.00784	0.00672
6	0.01893	0.01379	0.01633	0.03824	0.07529	0.01482	0.01153	0.05306	0.38146	0.14149	0.04942	0.03065	0.10296	0.01027	0.00738	0.00234	0.00583	0.00862	0.00700	0.01058
7	0.06035	0.56008	0.11255	0.01522	0.06432	0.04842	0.01425	0.02171	0.01471	0.01868	0.01050	0.01230	0.00919	0.00625	0.00504	0.00169	0.00807	0.00417	0.00317	0.00933
8	0.01032	0.00703	0.00841	0.00841	0.00863	0.00725	0.00512	0.01077	0.01055	0.01428	0.02185	0.04333	0.02447	0.62758	0.15647	0.00770	0.00904	0.00988	0.00423	0.00467
9	0.80005	0.01377	0.01047	0.00936	0.01377	0.01597	0.00771	0.02093	0.01212	0.03195	0.00991	0.01157	0.00771	0.00661	0.00441	0.00220	0.00551	0.00386	0.00441	0.00771
10	0.03195	0.01212	0.01652	0.01267	0.01818	0.01047	0.01047	0.03470	0.02038	0.71026	0.02809	0.02424	0.01763	0.00881	0.00716	0.00220	0.00606	0.00716	0.00881	0.01212
11	0.02006	0.01295	0.01532	0.01398	0.04418	0.01354	0.01052	0.03148	0.35222	0.21594	0.11492	0.03165	0.07062	0.01046	0.00744	0.00232	0.00545	0.00880	0.00756	0.01059
12	0.80005	0.01377	0.01047	0.00936	0.01377	0.01597	0.00771	0.02093	0.01212	0.03195	0.00991	0.01157	0.00771	0.00661	0.00441	0.00220	0.00551	0.00386	0.00441	0.00771
13	0.09797	0.57504	0.03197	0.01262	0.01821	0.09530	0.01185	0.02273	0.04539	0.01893	0.01087	0.01226	0.00957	0.00643	0.00486	0.00166	0.00783	0.00408	0.00343	0.00900
14	0.76716	0.01370	0.01073	0.00951	0.01396	0.01574	0.00783	0.02152	0.01247	0.06099	0.01069	0.01211	0.00814	0.00670	0.00452	0.00220	0.00553	0.00400	0.00460	0.00790
15	0.01133	0.00888	0.01094	0.01154	0.05605	0.00860	0.00796	0.06286	0.01797	0.02406	0.23048	0.16925	0.26901	0.01578	0.00868	0.00240	0.02729	0.01351	0.03637	0.00705
16	0.01733	0.06566	0.06038	0.06811	0.07828	0.06464	0.04595	0.06820	0.03340	0.02093	0.01201	0.01644	0.01037	0.00978	0.01487	0.00258	0.36700	0.00611	0.02917	0.00880
17	0.01017	0.00763	0.01144	0.01144	0.01272	0.00890	0.00890	0.01272	0.01144	0.01653	0.01907	0.02797	0.01780	0.05340	0.72153	0.01144	0.01907	0.00763	0.00381	0.00636
18	0.01939	0.72035	0.03651	0.01247	0.01845	0.06060	0.01226	0.02165	0.01474	0.01678	0.00995	0.01149	0.00914	0.00615	0.00466	0.00154	0.00786	0.00384	0.00308	0.00910
19	0.01825	0.01556	0.01640	0.01460	0.01872	0.01796	0.01140	0.07478	0.65466	0.03065	0.02830	0.02602	0.02118	0.00960	0.00724	0.00240	0.00576	0.00796	0.00724	0.01132
20	0.01977	0.01550	0.09195	0.03360	0.06057	0.01314	0.01242	0.17610	0.02148	0.17186	0.15645	0.03035	0.08011	0.03039	0.00814	0.00228	0.00645	0.00838	0.00656	0.05451
21	0.02450	0.01263	0.01600	0.01215	0.01771	0.01091	0.00991	0.07579	0.01893	0.38745	0.02151	0.02070	0.01482	0.01013	0.04721	0.00233	0.00666	0.00613	0.00684	0.27770
22	0.00848	0.00722	0.00731	0.00728	0.00966	0.00604	0.00546	0.01035	0.01639	0.01961	0.09750	0.06791	0.67684	0.01789	0.00842	0.00240	0.00360	0.01494	0.00666	0.00604
23	0.01663	0.01886	0.04091	0.06753	0.03785	0.01789	0.64425	0.02256	0.01667	0.02256	0.01431	0.01920	0.01073	0.00606	0.00833	0.00240	0.01187	0.00829	0.00358	0.00951
24	0.02584	0.01829	0.02222	0.02135	0.15821	0.01949	0.01478	0.46255	0.02826	0.13013	0.01784	0.01816	0.01269	0.00814	0.00711	0.00214	0.00772	0.00650	0.00663	0.01194
25	0.02923	0.01272	0.01644	0.01302	0.01824	0.01185	0.01062	0.03530	0.14857	0.58048	0.02826	0.02468	0.01841	0.00897	0.00718	0.00224	0.00598	0.00733	0.00851	0.01196
26	0.00851	0.00722	0.00734	0.00731	0.00968	0.00605	0.00548	0.01040	0.01645	0.01977	0.10799	0.06765	0.66626	0.01784	0.00841	0.00240	0.00359	0.01491	0.00668	0.00605
27	0.02180	0.49201	0.03113	0.01435	0.01964	0.25493	0.01275	0.04719	0.01702	0.01798	0.01052	0.01209	0.00926	0.00659	0.00527	0.00165	0.00933	0.00416	0.00340	0.00895
28	0.02833	0.09129	0.01993	0.01394	0.01932	0.06609	0.01159	0.17256	0.06340	0.40508	0.02270	0.02071	0.01521	0.00842	0.00684	0.00211	0.00706	0.00653	0.00740	0.01148
29	0.01327	0.00664	0.00664	0.00664	0.00830	0.00664	0.00498	0.01659	0.01493	0.02655	0.02323	0.02655	0.01825	0.00830	0.00498	0.00166	0.00332	0.00664	0.78928	0.00664
30	0.01999	0.01820	0.01880	0.03767	0.02021	0.11974	0.01238	0.20063	0.04251	0.02678	0.01352	0.01604	0.01094	0.00873	0.01036	0.02858	0.15015	0.00552	0.00475	0.23450
31	0.02096	0.01745	0.09475	0.10128	0.02355	0.03872	0.01385	0.14221	0.15485	0.16528	0.04030	0.02145	0.01603	0.00845	0.00734	0.00217	0.02584	0.00673	0.03248	0.06631

[dist]
# distance from previous block
# <min> <max>
0	8

[block]
# block no. 2 follows, 29 sequences, length 8
# corresponding to MSA columns:
# 106-113
name=unknown_C
#
# <colnr> <probs for GDERKNQSTAVLIFYWHMCP>
#	G	D	E	R	K	N	Q	S	T	A	V	L	I	F	Y	W	H	M	C	P
0	0.22146	0.01481	0.01735	0.14208	0.09291	0.01661	0.01292	0.17314	0.09435	0.05468	0.04007	0.01913	0.01395	0.00790	0.00636	0.00220	0.00688	0.00618	0.04746	0.00957
1	0.18383	0.01349	0.01615	0.07721	0.02029	0.01349	0.06137	0.05830	0.10617	0.02622	0.02202	0.02319	0.09736	0.00814	0.00625	0.00193	0.00621	0.00663	0.00498	0.24676
2	0.18232	0.00817	0.00746	0.00722	0.00947	0.00864	0.00557	0.01752	0.01433	0.02771	0.02037	0.02333	0.01599	0.00793	0.00485	0.00178	0.00379	0.00604	0.62064	0.00687
3	0.01413	0.01387	0.02322	0.27086	0.03139	0.01696	0.12479	0.01762	0.01325	0.01844	0.01393	0.05922	0.01254	0.01396	0.08076	0.00352	0.25266	0.00754	0.00347	0.00788
4	0.00987	0.00727	0.00924	0.00874	0.01051	0.00663	0.00656	0.01304	0.01968	0.02741	0.62449	0.05507	0.14498	0.01498	0.00840	0.00226	0.00339	0.01314	0.00769	0.00663
5	0.01508	0.01217	0.01575	0.13312	0.09855	0.01295	0.01196	0.05936	0.18261	0.06182	0.11814	0.03718	0.18914	0.01141	0.00762	0.00232	0.00596	0.00973	0.00615	0.00897
6	0.01036	0.00690	0.00777	0.00777	0.00777	0.00690	0.00431	0.01036	0.01036	0.01381	0.02244	0.04660	0.02589	0.74975	0.03624	0.00690	0.00690	0.01036	0.00431	0.00431
7	0.01477	0.01266	0.01477	0.01055	0.01687	0.00949	0.00844	0.01793	0.01477	0.02320	0.01266	0.01477	0.01055	0.00527	0.00527	0.00105	0.00527	0.00422	0.00422	0.79328

[dist]
# distance from previous block
# <min> <max>
1	2

[block]
# block no. 3 follows, 29 sequences, length 34
# corresponding to MSA columns:
# 116-149
name=unknown_D
#
# <colnr> <probs for GDERKNQSTAVLIFYWHMCP>
#	G	D	E	R	K	N	Q	S	T	A	V	L	I	F	Y	W	H	M	C	P
0	0.77027	0.01373	0.01088	0.03674	0.01511	0.01597	0.00817	0.02083	0.01220	0.03143	0.01002	0.01185	0.00778	0.00663	0.00451	0.00221	0.00566	0.00395	0.00436	0.00772
1	0.01902	0.01966	0.05260	0.05327	0.24158	0.12398	0.01614	0.05178	0.29354	0.02555	0.01947	0.02047	0.01509	0.00797	0.00703	0.00221	0.00808	0.00673	0.00515	0.01068
2	0.01017	0.00763	0.01144	0.01144	0.01272	0.00890	0.00890	0.01272	0.01144	0.01653	0.01907	0.02797	0.01780	0.05340	0.72153	0.01144	0.01907	0.00763	0.00381	0.00636
3	0.00868	0.00620	0.00826	0.00991	0.01033	0.00578	0.00661	0.00991	0.01363	0.01818	0.03925	0.74510	0.04710	0.02231	0.00909	0.00289	0.00413	0.02024	0.00661	0.00578
4	0.01771	0.01530	0.01610	0.01449	0.01852	0.01771	0.01127	0.03784	0.69247	0.02979	0.02898	0.02657	0.02174	0.00966	0.00725	0.00242	0.00564	0.00805	0.00725	0.01127
5	0.03195	0.01212	0.01652	0.01267	0.01818	0.01047	0.01047	0.03470	0.02038	0.71026	0.02809	0.02424	0.01763	0.00881	0.00716	0.00220	0.00606	0.00716	0.00881	0.01212
6	0.01770	0.01556	0.01816	0.01920	0.12918	0.01758	0.01298	0.03526	0.58351	0.02874	0.02647	0.02513	0.02005	0.00913	0.00721	0.00237	0.00609	0.00778	0.00665	0.01127
7	0.00893	0.00702	0.00806	0.00825	0.01004	0.00616	0.00601	0.01104	0.01678	0.02158	0.23818	0.20282	0.39391	0.01795	0.00855	0.00246	0.00365	0.01551	0.00695	0.00616
8	0.01246	0.01046	0.01458	0.12319	0.01807	0.01296	0.01072	0.01380	0.01127	0.01581	0.01663	0.04992	0.01754	0.29136	0.08971	0.04140	0.23197	0.00831	0.00373	0.00611
9	0.00875	0.00632	0.00829	0.00972	0.01031	0.00585	0.00656	0.01016	0.01418	0.01890	0.08352	0.66775	0.08013	0.02160	0.00901	0.00283	0.00406	0.01952	0.00669	0.00585
10	0.01635	0.01562	0.02661	0.25309	0.50587	0.01658	0.02122	0.02074	0.01561	0.02172	0.01317	0.01804	0.01074	0.00658	0.00707	0.00219	0.00877	0.00634	0.00342	0.01026
11	0.02606	0.01938	0.02082	0.01601	0.02167	0.02127	0.01318	0.62087	0.06128	0.04315	0.01740	0.01739	0.01245	0.00844	0.00704	0.00210	0.00761	0.00637	0.00699	0.05053
12	0.62165	0.01702	0.01306	0.01227	0.03793	0.12331	0.00945	0.02193	0.01342	0.02879	0.01017	0.01214	0.00812	0.00698	0.00565	0.00219	0.03965	0.00416	0.00421	0.00791
13	0.01045	0.00767	0.00984	0.00923	0.01103	0.00726	0.00694	0.01464	0.05325	0.02862	0.66847	0.05188	0.06495	0.01432	0.00834	0.00225	0.00347	0.01264	0.00781	0.00694
14	0.01033	0.00790	0.00966	0.00933	0.01122	0.00759	0.00698	0.01467	0.07803	0.02548	0.43632	0.11199	0.17569	0.01731	0.04290	0.00279	0.00443	0.01322	0.00726	0.00689
15	0.00868	0.00620	0.00826	0.00991	0.01033	0.00578	0.00661	0.00991	0.01363	0.01818	0.03925	0.74510	0.04710	0.02231	0.00909	0.00289	0.00413	0.02024	0.00661	0.00578
16	0.01909	0.40648	0.09639	0.01396	0.01933	0.19057	0.01317	0.02195	0.01655	0.01880	0.08460	0.01842	0.03884	0.00775	0.00576	0.00178	0.00858	0.00547	0.00381	0.00870
17	0.00908	0.00724	0.00813	0.00791	0.01002	0.00629	0.00593	0.01150	0.01779	0.02293	0.32187	0.06244	0.45040	0.01665	0.00841	0.00234	0.00351	0.01417	0.00710	0.00629
18	0.01651	0.02098	0.16556	0.02141	0.02728	0.01793	0.23766	0.05246	0.12478	0.02380	0.01546	0.01846	0.01197	0.00802	0.01042	0.00240	0.14646	0.00691	0.00418	0.06734
19	0.01590	0.04891	0.34959	0.06274	0.16931	0.01658	0.06389	0.04838	0.03692	0.02348	0.01357	0.01635	0.01030	0.00664	0.00676	0.00210	0.00925	0.00573	0.00358	0.09002
20	0.44348	0.05395	0.01648	0.01547	0.07830	0.24605	0.01114	0.02347	0.01521	0.02576	0.01058	0.01252	0.00857	0.00680	0.00530	0.00204	0.00825	0.00431	0.00403	0.00827
21	0.03159	0.01269	0.01688	0.01294	0.01846	0.01132	0.01069	0.08217	0.02134	0.66143	0.02729	0.02371	0.01722	0.00879	0.00716	0.00220	0.00619	0.00711	0.00869	0.01212
22	0.01679	0.01368	0.01545	0.01475	0.05023	0.01523	0.01086	0.03217	0.50131	0.05670	0.15952	0.03124	0.02994	0.01042	0.00746	0.00236	0.00534	0.00887	0.00724	0.01042
23	0.00878	0.00683	0.00798	0.00853	0.01005	0.00603	0.00608	0.01060	0.01584	0.02028	0.15772	0.32710	0.35049	0.01914	0.00867	0.00257	0.00377	0.01670	0.00680	0.00603
24	0.00868	0.00620	0.00826	0.00991	0.01033	0.00578	0.00661	0.00991	0.01363	0.01818	0.03925	0.74510	0.04710	0.02231	0.00909	0.00289	0.00413	0.02024	0.00661	0.00578
25	0.76482	0.01369	0.01074	0.00952	0.01397	0.01572	0.00784	0.02156	0.01250	0.06306	0.01075	0.01215	0.00817	0.00671	0.00453	0.00220	0.00553	0.00401	0.00461	0.00791
26	0.80005	0.01377	0.01047	0.00936	0.01377	0.01597	0.00771	0.02093	0.01212	0.03195	0.00991	0.01157	0.00771	0.00661	0.00441	0.00220	0.00551	0.00386	0.00441	0.00771
27	0.01853	0.01475	0.01621	0.01338	0.01833	0.01523	0.01059	0.09073	0.39017	0.06955	0.02297	0.02204	0.01727	0.00820	0.00664	0.00197	0.00575	0.00671	0.00642	0.24454
28	0.01573	0.01616	0.05214	0.37999	0.33463	0.03888	0.02075	0.02030	0.01532	0.02056	0.01293	0.01804	0.01025	0.00677	0.00705	0.00224	0.00919	0.00624	0.00333	0.00950
29	0.00922	0.00726	0.00962	0.01019	0.01165	0.00661	0.03345	0.01106	0.01491	0.01905	0.04876	0.42330	0.25755	0.01998	0.00893	0.00276	0.00454	0.08858	0.00649	0.00609
30	0.07008	0.03353	0.61532	0.06856	0.03086	0.01645	0.02454	0.02214	0.01477	0.02292	0.01257	0.01506	0.00896	0.00678	0.00662	0.00226	0.01010	0.00524	0.00312	0.01014
31	0.01904	0.75404	0.03731	0.01218	0.01828	0.02818	0.01218	0.02132	0.01447	0.01675	0.00990	0.01142	0.00914	0.00609	0.00457	0.00152	0.00761	0.00381	0.00305	0.00914
32	0.01017	0.00763	0.01144	0.01144	0.01272	0.00890	0.00890	0.01272	0.01144	0.01653	0.01907	0.02797	0.01780	0.05340	0.72153	0.01144	0.01907	0.00763	0.00381	0.00636
33	0.01430	0.01215	0.01443	0.01064	0.01646	0.00943	0.00848	0.01741	0.01443	0.02253	0.01330	0.01609	0.01128	0.01012	0.07734	0.00210	0.00666	0.00456	0.00418	0.71411

[dist]
# distance from previous block
# <min> <max>
2	4

[block]
# block no. 4 follows, 29 sequences, length 55
# corresponding to MSA columns:
# 154-208
name=unknown_E
#
# <colnr> <probs for GDERKNQSTAVLIFYWHMCP>
#	G	D	E	R	K	N	Q	S	T	A	V	L	I	F	Y	W	H	M	C	P
0	0.02172	0.04877	0.02487	0.01834	0.02338	0.06959	0.17963	0.31181	0.02337	0.05479	0.01657	0.02115	0.01336	0.10039	0.01160	0.02926	0.00901	0.00718	0.00539	0.00980
1	0.02189	0.13377	0.07113	0.07870	0.02308	0.06537	0.01398	0.35591	0.02409	0.03135	0.01533	0.04284	0.01230	0.00958	0.00831	0.06259	0.00820	0.00629	0.00530	0.01000
2	0.01452	0.09591	0.04462	0.56101	0.11225	0.01732	0.01934	0.01904	0.01449	0.01868	0.01243	0.01789	0.00962	0.00692	0.00682	0.00225	0.00921	0.00602	0.00318	0.00847
3	0.01237	0.00618	0.00928	0.00928	0.00928	0.00618	0.00618	0.00928	0.00928	0.01237	0.01237	0.02165	0.01237	0.02474	0.02783	0.79283	0.00618	0.00618	0.00309	0.00309
4	0.01017	0.00763	0.01144	0.01144	0.01272	0.00890	0.00890	0.01272	0.01144	0.01653	0.01907	0.02797	0.01780	0.05340	0.72153	0.01144	0.01907	0.00763	0.00381	0.00636
5	0.01107	0.00750	0.00983	0.00913	0.01098	0.00689	0.00689	0.01440	0.02017	0.05937	0.67114	0.05188	0.06495	0.01430	0.00834	0.00224	0.00348	0.01262	0.00788	0.00696
6	0.01053	0.00740	0.00933	0.00884	0.01073	0.00669	0.00663	0.01351	0.01921	0.05136	0.54107	0.08490	0.17260	0.01528	0.00839	0.00229	0.00353	0.01336	0.00761	0.00675
7	0.00934	0.00670	0.00889	0.00967	0.01063	0.00625	0.00685	0.01150	0.01631	0.02239	0.29971	0.44546	0.05475	0.01915	0.00885	0.00265	0.00393	0.04368	0.00709	0.00618
8	0.03195	0.01212	0.01652	0.01267	0.01818	0.01047	0.01047	0.03470	0.02038	0.71026	0.02809	0.02424	0.01763	0.00881	0.00716	0.00220	0.00606	0.00716	0.00881	0.01212
9	0.01602	0.03643	0.61540	0.02002	0.02958	0.11568	0.02454	0.02338	0.01576	0.02183	0.01253	0.01473	0.00904	0.00685	0.00672	0.00220	0.01085	0.00517	0.00310	0.01020
10	0.05162	0.22207	0.02527	0.01690	0.02138	0.48395	0.04141	0.02606	0.01825	0.01799	0.01082	0.01269	0.00918	0.00693	0.00595	0.00179	0.01117	0.00452	0.00353	0.00853
11	0.03011	0.01171	0.01594	0.01236	0.01755	0.01015	0.01015	0.03292	0.02036	0.65313	0.08454	0.02666	0.02178	0.00929	0.00726	0.00221	0.00583	0.00764	0.00873	0.01167
12	0.01949	0.01717	0.06268	0.06138	0.02130	0.04661	0.01282	0.15142	0.34126	0.07592	0.09157	0.02551	0.02210	0.00944	0.00726	0.00229	0.00672	0.00773	0.00669	0.01063
13	0.01993	0.61662	0.06512	0.01345	0.01938	0.12893	0.01305	0.02242	0.01533	0.01711	0.01019	0.01179	0.00914	0.00630	0.00494	0.00160	0.00851	0.00399	0.00314	0.00907
14	0.01001	0.00728	0.00943	0.00889	0.01060	0.00669	0.00667	0.01331	0.02000	0.02820	0.67732	0.05378	0.09167	0.01469	0.00840	0.00225	0.00337	0.01296	0.00779	0.00669
15	0.80005	0.01377	0.01047	0.00936	0.01377	0.01597	0.00771	0.02093	0.01212	0.03195	0.00991	0.01157	0.00771	0.00661	0.00441	0.00220	0.00551	0.00386	0.00441	0.00771
16	0.00842	0.00721	0.00721	0.00721	0.00962	0.00601	0.00541	0.01022	0.01623	0.01924	0.07213	0.06853	0.70244	0.01803	0.00842	0.00240	0.00361	0.01503	0.00661	0.00601
17	0.01664	0.01526	0.04703	0.09594	0.02169	0.01628	0.01236	0.08217	0.44445	0.02823	0.05021	0.02947	0.08894	0.01015	0.00735	0.00237	0.00619	0.00845	0.00654	0.01025
18	0.80005	0.01377	0.01047	0.00936	0.01377	0.01597	0.00771	0.02093	0.01212	0.03195	0.00991	0.01157	0.00771	0.00661	0.00441	0.00220	0.00551	0.00386	0.00441	0.00771
19	0.80005	0.01377	0.01047	0.00936	0.01377	0.01597	0.00771	0.02093	0.01212	0.03195	0.00991	0.01157	0.00771	0.00661	0.00441	0.00220	0.00551	0.00386	0.00441	0.00771
20	0.80005	0.01377	0.01047	0.00936	0.01377	0.01597	0.00771	0.02093	0.01212	0.03195	0.00991	0.01157	0.00771	0.00661	0.00441	0.00220	0.00551	0.00386	0.00441	0.00771
21	0.01624	0.01768	0.22621	0.01344	0.01872	0.01099	0.01369	0.02173	0.04903	0.16800	0.32116	0.03433	0.03709	0.01076	0.00759	0.00224	0.00621	0.00915	0.00654	0.00921
22	0.00926	0.00725	0.00839	0.00810	0.01014	0.00637	0.00608	0.01186	0.01823	0.02399	0.39322	0.06070	0.37839	0.01626	0.00841	0.00232	0.00348	0.01393	0.00724	0.00637
23	0.02135	0.53397	0.03208	0.01407	0.01942	0.23996	0.01267	0.02350	0.01621	0.01696	0.01024	0.01186	0.00915	0.00647	0.00513	0.00162	0.00921	0.00405	0.00324	0.00887
24	0.80005	0.01377	0.01047	0.00936	0.01377	0.01597	0.00771	0.02093	0.01212	0.03195	0.00991	0.01157	0.00771	0.00661	0.00441	0.00220	0.00551	0.00386	0.00441	0.00771
25	0.01670	0.01889	0.04023	0.02901	0.03558	0.01834	0.62076	0.02231	0.01628	0.02231	0.01396	0.01889	0.01068	0.00657	0.00973	0.00246	0.07610	0.00821	0.00356	0.00944
26	0.67797	0.01351	0.01143	0.00989	0.01447	0.01510	0.00815	0.02312	0.01343	0.13975	0.01280	0.01358	0.00929	0.00696	0.00484	0.00220	0.00560	0.00438	0.00511	0.00841
27	0.01486	0.01217	0.04438	0.03797	0.01662	0.01165	0.01043	0.20397	0.01969	0.02650	0.02955	0.39086	0.03201	0.01621	0.00826	0.00259	0.00592	0.06950	0.00637	0.04050
28	0.05196	0.02132	0.18402	0.03683	0.52051	0.01679	0.02223	0.02197	0.01576	0.02349	0.01310	0.01676	0.01060	0.00645	0.00687	0.00215	0.00880	0.00599	0.00345	0.01095
29	0.01036	0.00690	0.00777	0.00777	0.00777	0.00690	0.00431	0.01036	0.01036	0.01381	0.02244	0.04660	0.02589	0.74975	0.03624	0.00690	0.00690	0.01036	0.00431	0.00431
30	0.01008	0.00728	0.00952	0.00896	0.01064	0.00672	0.00672	0.01344	0.02016	0.02855	0.70158	0.05319	0.06719	0.01456	0.00840	0.00224	0.00336	0.01288	0.00784	0.00672
31	0.01366	0.01615	0.12976	0.07651	0.16500	0.01290	0.10178	0.01892	0.04008	0.02468	0.26429	0.05316	0.03246	0.01001	0.00775	0.00227	0.00725	0.00930	0.00521	0.00886
32	0.01408	0.01323	0.02195	0.62731	0.11879	0.01602	0.01964	0.01943	0.04348	0.01924	0.01343	0.01916	0.01021	0.00714	0.00712	0.00235	0.00922	0.00640	0.00338	0.00842
33	0.01088	0.00948	0.05936	0.01044	0.03958	0.00807	0.00692	0.01181	0.01110	0.01510	0.02176	0.06540	0.02440	0.60964	0.06248	0.00643	0.00768	0.01002	0.00424	0.00520
34	0.01962	0.64864	0.06503	0.01311	0.01921	0.07693	0.01295	0.04235	0.01549	0.01793	0.01033	0.01186	0.00923	0.00629	0.00488	0.00160	0.00812	0.00401	0.00322	0.00923
35	0.01530	0.07868	0.45464	0.02312	0.15803	0.01658	0.02242	0.02180	0.01519	0.02237	0.01269	0.01526	0.00964	0.00647	0.00650	0.00204	0.00932	0.00525	0.00325	0.10147
36	0.01530	0.01357	0.02248	0.38556	0.27383	0.01501	0.01871	0.01957	0.01564	0.05079	0.05716	0.02289	0.04357	0.00783	0.00723	0.00227	0.00836	0.00713	0.00396	0.00912
37	0.01762	0.01692	0.02890	0.04371	0.70533	0.01692	0.02185	0.02185	0.01621	0.02326	0.01339	0.01762	0.01128	0.00634	0.00705	0.00211	0.00846	0.00634	0.00352	0.01128
38	0.02660	0.03394	0.02018	0.01834	0.02201	0.72116	0.01376	0.02843	0.02018	0.01743	0.01101	0.01284	0.00917	0.00734	0.00642	0.00183	0.01284	0.00459	0.00367	0.00825
39	0.00995	0.00727	0.00934	0.00883	0.01056	0.00667	0.00662	0.01320	0.01986	0.02785	0.65416	0.05435	0.11505	0.01482	0.00840	0.00225	0.00338	0.01304	0.00775	0.00667
40	0.01147	0.00820	0.01147	0.01311	0.01475	0.00820	0.01147	0.01475	0.01639	0.02131	0.03770	0.08032	0.04098	0.01967	0.00984	0.00328	0.00656	0.65741	0.00656	0.00656
41	0.01008	0.00728	0.00952	0.00896	0.01064	0.00672	0.00672	0.01344	0.02016	0.02855	0.70158	0.05319	0.06719	0.01456	0.00840	0.00224	0.00336	0.01288	0.00784	0.00672
42	0.02707	0.01995	0.02137	0.01638	0.02208	0.02208	0.01353	0.68159	0.03348	0.04488	0.01710	0.01710	0.01211	0.00855	0.00712	0.00214	0.00784	0.00641	0.00712	0.01211
43	0.01237	0.00618	0.00928	0.00928	0.00928	0.00618	0.00618	0.00928	0.00928	0.01237	0.01237	0.02165	0.01237	0.02474	0.02783	0.79283	0.00618	0.00618	0.00309	0.00309
44	0.02660	0.03394	0.02018	0.01834	0.02201	0.72116	0.01376	0.02843	0.02018	0.01743	0.01101	0.01284	0.00917	0.00734	0.00642	0.00183	0.01284	0.00459	0.00367	0.00825
45	0.01648	0.01871	0.08132	0.04956	0.08492	0.01829	0.34608	0.03984	0.03896	0.02193	0.01354	0.01825	0.01082	0.00838	0.01203	0.02914	0.17155	0.00732	0.00364	0.00926
46	0.01845	0.01566	0.01652	0.01464	0.01880	0.01806	0.01145	0.08888	0.64022	0.03098	0.02804	0.02582	0.02097	0.00957	0.00724	0.00239	0.00581	0.00792	0.00724	0.01134
47	0.76991	0.01373	0.01088	0.03708	0.01512	0.01597	0.00817	0.02083	0.01220	0.03142	0.01002	0.01185	0.00778	0.00663	0.00451	0.00221	0.00566	0.00395	0.00436	0.00772
48	0.03195	0.01212	0.01652	0.01267	0.01818	0.01047	0.01047	0.03470	0.02038	0.71026	0.02809	0.02424	0.01763	0.00881	0.00716	0.00220	0.00606	0.00716	0.00881	0.01212
49	0.01327	0.00664	0.00664	0.00664	0.00830	0.00664	0.00498	0.01659	0.01493	0.02655	0.02323	0.02655	0.01825	0.00830	0.00498	0.00166	0.00332	0.00664	0.78928	0.00664
50	0.01123	0.00813	0.01020	0.01079	0.01199	0.00819	0.00763	0.08072	0.04617	0.02162	0.06282	0.55169	0.04071	0.02148	0.04160	0.02964	0.00529	0.01691	0.00650	0.00666
51	0.80005	0.01377	0.01047	0.00936	0.01377	0.01597	0.00771	0.02093	0.01212	0.03195	0.00991	0.01157	0.00771	0.00661	0.00441	0.00220	0.00551	0.00386	0.00441	0.00771
52	0.01904	0.75404	0.03731	0.01218	0.01828	0.02818	0.01218	0.02132	0.01447	0.01675	0.00990	0.01142	0.00914	0.00609	0.00457	0.00152	0.00761	0.00381	0.00305	0.00914
53	0.01428	0.03683	0.71286	0.02030	0.03082	0.01654	0.02631	0.02255	0.01503	0.02255	0.01278	0.01503	0.00902	0.00677	0.00677	0.00226	0.01052	0.00526	0.00301	0.01052
54	0.01327	0.00664	0.00664	0.00664	0.00830	0.00664	0.00498	0.01659	0.01493	0.02655	0.02323	0.02655	0.01825	0.00830	0.00498	0.00166	0.00332	0.00664	0.78928	0.00664

[dist]
# distance from previous block
# <min> <max>
1	2

[block]
# block no. 5 follows, 29 sequences, length 136
# corresponding to MSA columns:
# 211-221,225-230,232-350
name=unknown_F
#
# <colnr> <probs for GDERKNQSTAVLIFYWHMCP>
#	G	D	E	R	K	N	Q	S	T	A	V	L	I	F	Y	W	H	M	C	P
0	0.01477	0.01266	0.01477	0.01055	0.01687	0.00949	0.00844	0.01793	0.01477	0.02320	0.01266	0.01477	0.01055	0.00527	0.00527	0.00105	0.00527	0.00422	0.00422	0.79328
1	0.01372	0.04921	0.02214	0.69711	0.04753	0.01643	0.01940	0.01835	0.01425	0.01812	0.01252	0.01861	0.00947	0.00707	0.00699	0.00233	0.00940	0.00620	0.00316	0.00797
2	0.00868	0.00620	0.00826	0.00991	0.01033	0.00578	0.00661	0.00991	0.01363	0.01818	0.03925	0.74510	0.04710	0.02231	0.00909	0.00289	0.00413	0.02024	0.00661	0.00578
3	0.00989	0.00727	0.00926	0.00876	0.01052	0.00664	0.00657	0.01307	0.01971	0.02750	0.63022	0.05493	0.13920	0.01495	0.00840	0.00226	0.00339	0.01312	0.00770	0.00664
4	0.80005	0.01377	0.01047	0.00936	0.01377	0.01597	0.00771	0.02093	0.01212	0.03195	0.00991	0.01157	0.00771	0.00661	0.00441	0.00220	0.00551	0.00386	0.00441	0.00771
5	0.01036	0.00690	0.00777	0.00777	0.00777	0.00690	0.00431	0.01036	0.01036	0.01381	0.02244	0.04660	0.02589	0.74975	0.03624	0.00690	0.00690	0.01036	0.00431	0.00431
6	0.00879	0.00697	0.00791	0.00822	0.00999	0.00609	0.00596	0.01074	0.01631	0.02071	0.18154	0.23540	0.41929	0.01846	0.00858	0.00250	0.00369	0.01593	0.00684	0.00609
7	0.49784	0.19697	0.01857	0.08477	0.01881	0.04515	0.01028	0.02102	0.01322	0.02625	0.01023	0.01234	0.00830	0.00656	0.00480	0.00204	0.00671	0.00413	0.00392	0.00810
8	0.01790	0.01110	0.01157	0.00990	0.01292	0.01181	0.00785	0.23945	0.02115	0.03269	0.02117	0.02338	0.01619	0.00838	0.00570	0.00182	0.00483	0.00656	0.52717	0.00847
9	0.01688	0.01708	0.02113	0.33757	0.10246	0.12436	0.04269	0.02470	0.17453	0.02152	0.01800	0.02105	0.03153	0.00793	0.00712	0.00228	0.00894	0.00679	0.00435	0.00911
10	0.02660	0.03394	0.02018	0.01834	0.02201	0.72116	0.01376	0.02843	0.02018	0.01743	0.01101	0.01284	0.00917	0.00734	0.00642	0.00183	0.01284	0.00459	0.00367	0.00825
11	0.00976	0.00727	0.00908	0.00863	0.01044	0.00658	0.00647	0.01282	0.01941	0.02678	0.58170	0.05611	0.18817	0.01522	0.00840	0.00227	0.00341	0.01329	0.00761	0.00658
12	0.01660	0.02267	0.21457	0.31163	0.10296	0.08898	0.02054	0.07369	0.01668	0.02192	0.01284	0.01685	0.00971	0.00726	0.00749	0.00227	0.03461	0.00586	0.00352	0.00934
13	0.00958	0.00715	0.00890	0.00870	0.01039	0.00647	0.00643	0.01238	0.01862	0.02547	0.49725	0.13250	0.19767	0.01614	0.00848	0.00235	0.00350	0.01414	0.00745	0.00647
14	0.01914	0.01253	0.01485	0.01255	0.01518	0.01351	0.00957	0.31911	0.02043	0.02735	0.01455	0.01955	0.01225	0.01728	0.01829	0.42843	0.00695	0.00629	0.00495	0.00725
15	0.02427	0.22368	0.02503	0.01766	0.04639	0.51182	0.01364	0.02631	0.01852	0.01747	0.01080	0.01264	0.00924	0.00697	0.00595	0.00176	0.01130	0.00445	0.00350	0.00860
16	0.00928	0.00721	0.00844	0.00821	0.01017	0.00637	0.00613	0.01187	0.01816	0.02401	0.39603	0.08572	0.35000	0.01640	0.00843	0.00234	0.00350	0.01411	0.00725	0.00637
17	0.01918	0.01709	0.02007	0.21238	0.02854	0.06840	0.03619	0.17564	0.26349	0.02844	0.01936	0.02074	0.01451	0.00853	0.00775	0.00232	0.03473	0.00691	0.00558	0.01014
18	0.00888	0.00628	0.00820	0.00966	0.01002	0.00592	0.00633	0.00997	0.01324	0.01765	0.03723	0.66139	0.04455	0.10950	0.01234	0.00337	0.00446	0.01906	0.00633	0.00561
19	0.01685	0.01796	0.01745	0.28925	0.02932	0.21635	0.01399	0.04492	0.06089	0.01994	0.02699	0.02896	0.16863	0.00989	0.00722	0.00222	0.00880	0.00793	0.00451	0.00795
20	0.01559	0.10114	0.39754	0.02224	0.03058	0.01851	0.21682	0.02211	0.01520	0.02166	0.01272	0.01595	0.00958	0.00689	0.00824	0.00229	0.06372	0.00612	0.00319	0.00992
21	0.01477	0.01266	0.01477	0.01055	0.01687	0.00949	0.00844	0.01793	0.01477	0.02320	0.01266	0.01477	0.01055	0.00527	0.00527	0.00105	0.00527	0.00422	0.00422	0.79328
22	0.03140	0.01214	0.01647	0.01260	0.01814	0.01043	0.01040	0.03417	0.02020	0.68854	0.02760	0.02394	0.01740	0.00870	0.00710	0.00217	0.00603	0.00707	0.00867	0.03682
23	0.01044	0.00802	0.01195	0.01180	0.01301	0.00954	0.00923	0.01293	0.01142	0.01656	0.01859	0.02736	0.01738	0.05139	0.68711	0.01103	0.05446	0.00756	0.00378	0.00643
24	0.01237	0.00618	0.00928	0.00928	0.00928	0.00618	0.00618	0.00928	0.00928	0.01237	0.01237	0.02165	0.01237	0.02474	0.02783	0.79283	0.00618	0.00618	0.00309	0.00309
25	0.01327	0.00664	0.00664	0.00664	0.00830	0.00664	0.00498	0.01659	0.01493	0.02655	0.02323	0.02655	0.01825	0.00830	0.00498	0.00166	0.00332	0.00664	0.78928	0.00664
26	0.00868	0.00620	0.00826	0.00991	0.01033	0.00578	0.00661	0.00991	0.01363	0.01818	0.03925	0.74510	0.04710	0.02231	0.00909	0.00289	0.00413	0.02024	0.00661	0.00578
27	0.01558	0.01558	0.02181	0.01869	0.01869	0.02181	0.01558	0.01714	0.01091	0.01714	0.00935	0.01558	0.00935	0.01246	0.02337	0.00312	0.73672	0.00623	0.00312	0.00779
28	0.00868	0.00684	0.00784	0.00840	0.00999	0.00600	0.00599	0.01043	0.01565	0.01978	0.12300	0.32000	0.39362	0.01928	0.00867	0.00257	0.00378	0.01676	0.00673	0.00600
29	0.01008	0.00728	0.00952	0.00896	0.01064	0.00672	0.00672	0.01344	0.02016	0.02855	0.70158	0.05319	0.06719	0.01456	0.00840	0.00224	0.00336	0.01288	0.00784	0.00672
30	0.05185	0.04264	0.02364	0.59529	0.04489	0.01655	0.08852	0.01894	0.01442	0.01929	0.01260	0.01835	0.00953	0.00694	0.00702	0.00233	0.00949	0.00633	0.00327	0.00813
31	0.01701	0.01024	0.01062	0.00928	0.01203	0.01082	0.00729	0.19661	0.01995	0.03151	0.02157	0.02399	0.01659	0.00836	0.00556	0.00179	0.00454	0.00658	0.57755	0.00812
32	0.01710	0.22534	0.35094	0.01807	0.02565	0.10491	0.06531	0.02242	0.01569	0.02044	0.03826	0.01558	0.01144	0.00709	0.00688	0.00205	0.03459	0.00533	0.00333	0.00957
33	0.02539	0.03123	0.02112	0.02075	0.08816	0.60697	0.01460	0.04906	0.01993	0.01889	0.01139	0.01353	0.00948	0.00745	0.00706	0.00191	0.03581	0.00487	0.00375	0.00866
34	0.01642	0.01397	0.01480	0.01334	0.01707	0.01576	0.01036	0.05343	0.54806	0.02898	0.08036	0.03288	0.10176	0.01092	0.00745	0.00239	0.00532	0.00913	0.00721	0.01038
35	0.02273	0.01637	0.01801	0.01450	0.01895	0.01788	0.01162	0.46271	0.07033	0.06422	0.05402	0.07243	0.01927	0.06532	0.03566	0.00290	0.00749	0.00815	0.00687	0.01058
36	0.00866	0.00722	0.00756	0.00747	0.00977	0.00612	0.00560	0.01070	0.01681	0.02062	0.16561	0.06625	0.60811	0.01752	0.00841	0.00238	0.00357	0.01471	0.00679	0.00612
37	0.01610	0.01635	0.05724	0.07044	0.10026	0.01876	0.08278	0.05843	0.01413	0.02089	0.01249	0.01822	0.01099	0.03509	0.01639	0.00282	0.38078	0.00660	0.05267	0.00858
38	0.01904	0.75404	0.03731	0.01218	0.01828	0.02818	0.01218	0.02132	0.01447	0.01675	0.00990	0.01142	0.00914	0.00609	0.00457	0.00152	0.00761	0.00381	0.00305	0.00914
39	0.00987	0.00730	0.00923	0.00883	0.01062	0.00666	0.00668	0.01299	0.01943	0.02688	0.58272	0.05646	0.16336	0.01526	0.00845	0.00230	0.00351	0.03523	0.00761	0.00661
40	0.02473	0.01720	0.01888	0.01499	0.02001	0.01869	0.01222	0.46009	0.11168	0.11567	0.02242	0.02383	0.03744	0.03859	0.00842	0.00241	0.00715	0.02708	0.00719	0.01133
41	0.00842	0.00721	0.00721	0.00721	0.00962	0.00601	0.00541	0.01022	0.01623	0.01924	0.07213	0.06853	0.70244	0.01803	0.00842	0.00240	0.00361	0.01503	0.00661	0.00601
42	0.01116	0.00929	0.01137	0.01148	0.01272	0.06033	0.00862	0.01329	0.01234	0.01666	0.02170	0.13457	0.02205	0.09074	0.51891	0.00918	0.01561	0.00946	0.00425	0.00628
43	0.80005	0.01377	0.01047	0.00936	0.01377	0.01597	0.00771	0.02093	0.01212	0.03195	0.00991	0.01157	0.00771	0.00661	0.00441	0.00220	0.00551	0.00386	0.00441	0.00771
44	0.02018	0.61101	0.05415	0.01347	0.01928	0.14530	0.01286	0.02256	0.01545	0.01704	0.01017	0.01177	0.00914	0.00632	0.00495	0.00160	0.00859	0.00398	0.00315	0.00903
45	0.01029	0.00687	0.00779	0.00785	0.00787	0.00686	0.00441	0.01034	0.01049	0.01398	0.02311	0.07476	0.02674	0.72042	0.03515	0.00674	0.00679	0.01075	0.00441	0.00437
46	0.02509	0.09636	0.02128	0.01744	0.02126	0.61300	0.01338	0.02760	0.04165	0.01775	0.01177	0.01367	0.00987	0.00882	0.02975	0.00214	0.01234	0.00473	0.00374	0.00837
47	0.01885	0.01547	0.01633	0.01411	0.01834	0.01741	0.01114	0.18571	0.46123	0.03213	0.03109	0.02910	0.09664	0.01035	0.00735	0.00235	0.00592	0.00846	0.00715	0.01087
48	0.01477	0.01266	0.01477	0.01055	0.01687	0.00949	0.00844	0.01793	0.01477	0.02320	0.01266	0.01477	0.01055	0.00527	0.00527	0.00105	0.00527	0.00422	0.00422	0.79328
49	0.02660	0.03394	0.02018	0.01834	0.02201	0.72116	0.01376	0.02843	0.02018	0.01743	0.01101	0.01284	0.00917	0.00734	0.00642	0.00183	0.01284	0.00459	0.00367	0.00825
50	0.02660	0.03394	0.02018	0.01834	0.02201	0.72116	0.01376	0.02843	0.02018	0.01743	0.01101	0.01284	0.00917	0.00734	0.00642	0.00183	0.01284	0.00459	0.00367	0.00825
51	0.01904	0.75404	0.03731	0.01218	0.01828	0.02818	0.01218	0.02132	0.01447	0.01675	0.00990	0.01142	0.00914	0.00609	0.00457	0.00152	0.00761	0.00381	0.00305	0.00914
52	0.80005	0.01377	0.01047	0.00936	0.01377	0.01597	0.00771	0.02093	0.01212	0.03195	0.00991	0.01157	0.00771	0.00661	0.00441	0.00220	0.00551	0.00386	0.00441	0.00771
53	0.00857	0.00725	0.00743	0.00747	0.00983	0.00611	0.00566	0.01048	0.01636	0.01960	0.09094	0.06844	0.65975	0.01798	0.00846	0.00243	0.00370	0.03684	0.00665	0.00605
54	0.01904	0.75404	0.03731	0.01218	0.01828	0.02818	0.01218	0.02132	0.01447	0.01675	0.00990	0.01142	0.00914	0.00609	0.00457	0.00152	0.00761	0.00381	0.00305	0.00914
55	0.00847	0.00722	0.00728	0.00727	0.00965	0.00603	0.00545	0.01032	0.01635	0.01952	0.09165	0.06805	0.68275	0.01793	0.00842	0.00240	0.00360	0.01496	0.00665	0.00603
56	0.01489	0.11277	0.61422	0.01981	0.02973	0.01784	0.05056	0.02243	0.01504	0.02194	0.01254	0.01481	0.00910	0.00666	0.00660	0.00218	0.01027	0.00523	0.00303	0.01034
57	0.01904	0.75404	0.03731	0.01218	0.01828	0.02818	0.01218	0.02132	0.01447	0.01675	0.00990	0.01142	0.00914	0.00609	0.00457	0.00152	0.00761	0.00381	0.00305	0.00914
58	0.02707	0.01995	0.02137	0.01638	0.02208	0.02208	0.01353	0.68159	0.03348	0.04488	0.01710	0.01710	0.01211	0.00855	0.00712	0.00214	0.00784	0.00641	0.00712	0.01211
59	0.02660	0.03394	0.02018	0.01834	0.02201	0.72116	0.01376	0.02843	0.02018	0.01743	0.01101	0.01284	0.00917	0.00734	0.00642	0.00183	0.01284	0.00459	0.00367	0.00825
60	0.02618	0.03323	0.02024	0.01836	0.02189	0.69429	0.01383	0.02800	0.01982	0.01742	0.01094	0.01295	0.00918	0.00753	0.00707	0.00188	0.04066	0.00465	0.00365	0.00824
61	0.01771	0.01530	0.01610	0.01449	0.01852	0.01771	0.01127	0.03784	0.69247	0.02979	0.02898	0.02657	0.02174	0.00966	0.00725	0.00242	0.00564	0.00805	0.00725	0.01127
62	0.01057	0.00724	0.00943	0.00915	0.01064	0.00670	0.00666	0.01335	0.01848	0.04757	0.53001	0.16210	0.05970	0.06394	0.01030	0.00265	0.00380	0.01370	0.00744	0.00658
63	0.00842	0.00721	0.00721	0.00721	0.00962	0.00601	0.00541	0.01022	0.01623	0.01924	0.07213	0.06853	0.70244	0.01803	0.00842	0.00240	0.00361	0.01503	0.00661	0.00601
64	0.01771	0.01530	0.01610	0.01449	0.01852	0.01771	0.01127	0.03784	0.69247	0.02979	0.02898	0.02657	0.02174	0.00966	0.00725	0.00242	0.00564	0.00805	0.00725	0.01127
65	0.04516	0.01270	0.02092	0.70348	0.04762	0.01583	0.01929	0.01830	0.01415	0.01875	0.01255	0.01869	0.00942	0.00710	0.00701	0.00237	0.00933	0.00623	0.00321	0.00790
66	0.01316	0.00666	0.00674	0.00672	0.00838	0.00664	0.00504	0.01648	0.01511	0.02662	0.04641	0.02746	0.01992	0.00851	0.00509	0.00168	0.00332	0.00685	0.76258	0.00664
67	0.01836	0.01956	0.02188	0.07735	0.04878	0.17834	0.03800	0.05196	0.01511	0.01948	0.03685	0.01693	0.01176	0.01031	0.01574	0.00262	0.39885	0.00621	0.00365	0.00827
68	0.00842	0.00721	0.00721	0.00721	0.00962	0.00601	0.00541	0.01022	0.01623	0.01924	0.07213	0.06853	0.70244	0.01803	0.00842	0.00240	0.00361	0.01503	0.00661	0.00601
69	0.02113	0.55617	0.03268	0.01378	0.01930	0.18433	0.01260	0.05468	0.01667	0.01826	0.01050	0.01202	0.00929	0.00649	0.00511	0.00162	0.00881	0.00411	0.00338	0.00908
70	0.01771	0.01530	0.01610	0.01449	0.01852	0.01771	0.01127	0.03784	0.69247	0.02979	0.02898	0.02657	0.02174	0.00966	0.00725	0.00242	0.00564	0.00805	0.00725	0.01127
71	0.80005	0.01377	0.01047	0.00936	0.01377	0.01597	0.00771	0.02093	0.01212	0.03195	0.00991	0.01157	0.00771	0.00661	0.00441	0.00220	0.00551	0.00386	0.00441	0.00771
72	0.01904	0.75404	0.03731	0.01218	0.01828	0.02818	0.01218	0.02132	0.01447	0.01675	0.00990	0.01142	0.00914	0.00609	0.00457	0.00152	0.00761	0.00381	0.00305	0.00914
73	0.01904	0.75404	0.03731	0.01218	0.01828	0.02818	0.01218	0.02132	0.01447	0.01675	0.00990	0.01142	0.00914	0.00609	0.00457	0.00152	0.00761	0.00381	0.00305	0.00914
74	0.03171	0.01249	0.01676	0.01285	0.01837	0.01102	0.01061	0.06581	0.02101	0.67827	0.02756	0.02389	0.01736	0.00880	0.00716	0.00220	0.00614	0.00712	0.00873	0.01212
75	0.00842	0.00718	0.00725	0.00730	0.00964	0.00600	0.00545	0.01021	0.01615	0.01920	0.07106	0.09073	0.68094	0.01817	0.00844	0.00242	0.00362	0.01520	0.00661	0.00600
76	0.01327	0.00664	0.00664	0.00664	0.00830	0.00664	0.00498	0.01659	0.01493	0.02655	0.02323	0.02655	0.01825	0.00830	0.00498	0.00166	0.00332	0.00664	0.78928	0.00664
77	0.01477	0.01266	0.01477	0.01055	0.01687	0.00949	0.00844	0.01793	0.01477	0.02320	0.01266	0.01477	0.01055	0.00527	0.00527	0.00105	0.00527	0.00422	0.00422	0.79328
78	0.01762	0.01692	0.02890	0.04371	0.70533	0.01692	0.02185	0.02185	0.01621	0.02326	0.01339	0.01762	0.01128	0.00634	0.00705	0.00211	0.00846	0.00634	0.00352	0.01128
79	0.02034	0.01660	0.01758	0.01502	0.01952	0.01894	0.01191	0.21891	0.50711	0.03403	0.02564	0.02390	0.01903	0.00935	0.00721	0.00234	0.00625	0.00759	0.00721	0.01151
80	0.01577	0.01224	0.01470	0.01316	0.01582	0.03923	0.01045	0.21065	0.01827	0.02493	0.01819	0.02420	0.01580	0.03846	0.48420	0.00834	0.01553	0.00716	0.00479	0.00813
81	0.01962	0.06992	0.01828	0.01504	0.01905	0.18227	0.01176	0.03368	0.46627	0.02597	0.04635	0.02323	0.01949	0.00904	0.00691	0.00221	0.00738	0.00712	0.00614	0.01027
82	0.61266	0.01380	0.01204	0.03863	0.01594	0.01572	0.00876	0.06542	0.03741	0.07486	0.01281	0.01411	0.00958	0.00707	0.00498	0.00219	0.00577	0.00458	0.03530	0.00837
83	0.01477	0.01266	0.01477	0.01055	0.01687	0.00949	0.00844	0.01793	0.01477	0.02320	0.01266	0.01477	0.01055	0.00527	0.00527	0.00105	0.00527	0.00422	0.00422	0.79328
84	0.00911	0.00658	0.00862	0.00951	0.01040	0.00609	0.00660	0.01105	0.01582	0.02154	0.25244	0.49812	0.07829	0.01967	0.00884	0.00266	0.00386	0.01769	0.00700	0.00609
85	0.01105	0.00888	0.01294	0.01243	0.01344	0.01089	0.00975	0.01331	0.01130	0.01649	0.01767	0.02689	0.01683	0.08112	0.57494	0.00987	0.13443	0.00754	0.00373	0.00649
86	0.02660	0.03394	0.02018	0.01834	0.02201	0.72116	0.01376	0.02843	0.02018	0.01743	0.01101	0.01284	0.00917	0.00734	0.00642	0.00183	0.01284	0.00459	0.00367	0.00825
87	0.00868	0.00620	0.00826	0.00991	0.01033	0.00578	0.00661	0.00991	0.01363	0.01818	0.03925	0.74510	0.04710	0.02231	0.00909	0.00289	0.00413	0.02024	0.00661	0.00578
88	0.01803	0.01546	0.01628	0.01456	0.01864	0.01786	0.01135	0.05999	0.66979	0.03031	0.02857	0.02624	0.02141	0.00962	0.00724	0.00241	0.00571	0.00799	0.00724	0.01130
89	0.02473	0.01052	0.01421	0.01144	0.01569	0.00923	0.00923	0.02768	0.02031	0.48515	0.25049	0.03380	0.03399	0.01071	0.00757	0.00222	0.00517	0.00905	0.00849	0.01034
90	0.01771	0.01535	0.01653	0.01546	0.04126	0.01768	0.01162	0.03731	0.67008	0.02957	0.02847	0.02627	0.02139	0.00955	0.00724	0.00241	0.00573	0.00799	0.00712	0.01127
91	0.02205	0.46715	0.03049	0.01464	0.01976	0.30426	0.01281	0.02416	0.01674	0.01702	0.01034	0.01199	0.00915	0.00659	0.00531	0.00165	0.00970	0.00412	0.00329	0.00879
92	0.01673	0.00997	0.01033	0.00908	0.01175	0.01051	0.00712	0.18326	0.01958	0.03114	0.02169	0.02418	0.01671	0.00836	0.00552	0.00178	0.00445	0.00658	0.59325	0.00801
93	0.01237	0.00618	0.00928	0.00928	0.00928	0.00618	0.00618	0.00928	0.00928	0.01237	0.01237	0.02165	0.01237	0.02474	0.02783	0.79283	0.00618	0.00618	0.00309	0.00309
94	0.00843	0.00716	0.00726	0.00734	0.00965	0.00600	0.00547	0.01020	0.01611	0.01919	0.07055	0.10106	0.67093	0.01824	0.00845	0.00243	0.00363	0.01528	0.00661	0.00600
95	0.01361	0.01282	0.02164	0.70660	0.07385	0.01586	0.01985	0.01833	0.01431	0.01838	0.01268	0.01893	0.00956	0.00709	0.00712	0.00236	0.00945	0.00633	0.00318	0.00804
