[name]
unknown

[dist]
# distance from previous block
# <min> <max>
26	87

[block]
# block no. 0 follows, 29 sequences, length 14
# corresponding to MSA columns:
# 150-163
name=unknown_A
#
# <colnr> <probs for GDERKNQSTAVLIFYWHMCP>
#	G	D	E	R	K	N	Q	S	T	A	V	L	I	F	Y	W	H	M	C	P
0	0.01554	0.12840	0.11502	0.06142	0.02259	0.01589	0.09870	0.09369	0.06791	0.02357	0.02569	0.10429	0.11482	0.01022	0.00712	0.00216	0.00742	0.00882	0.00489	0.07184
1	0.04879	0.04313	0.11555	0.10348	0.05444	0.01720	0.01514	0.23862	0.02131	0.10128	0.03898	0.01902	0.01360	0.00934	0.02603	0.00241	0.05158	0.00629	0.03012	0.04369
2	0.04507	0.42713	0.05208	0.01246	0.01751	0.05193	0.03302	0.04217	0.01544	0.01913	0.02194	0.02331	0.12910	0.01241	0.06753	0.00265	0.00833	0.00640	0.00396	0.00844
3	0.01196	0.00726	0.00933	0.00922	0.01070	0.00665	0.00658	0.01316	0.01546	0.08613	0.20765	0.21224	0.15782	0.06359	0.01350	0.13853	0.00455	0.01316	0.00639	0.00612
4	0.04912	0.35584	0.02870	0.01554	0.02071	0.28013	0.05566	0.02512	0.01712	0.07509	0.01210	0.01351	0.00991	0.00679	0.00571	0.00177	0.00962	0.00467	0.00383	0.00904
5	0.00920	0.00716	0.00826	0.00813	0.01002	0.00632	0.00599	0.01154	0.01747	0.02283	0.32970	0.10511	0.37042	0.04457	0.00951	0.00254	0.00366	0.01429	0.00703	0.00623
6	0.00884	0.00695	0.00799	0.00832	0.01003	0.00610	0.00602	0.01082	0.01636	0.02093	0.19719	0.25005	0.38817	0.01846	0.00860	0.00250	0.00370	0.01599	0.00687	0.00610
7	0.01168	0.00840	0.00976	0.00933	0.01159	0.00795	0.00696	0.01613	0.09929	0.06784	0.25485	0.13365	0.27748	0.04145	0.00924	0.00256	0.00411	0.01344	0.00713	0.00718
8	0.17951	0.04063	0.01670	0.01269	0.01768	0.01508	0.01048	0.19635	0.04287	0.30015	0.07922	0.02201	0.01835	0.00874	0.00662	0.00217	0.00622	0.00672	0.00717	0.01065
9	0.01600	0.01526	0.02597	0.31194	0.44981	0.01649	0.02104	0.02043	0.01544	0.02129	0.01311	0.01815	0.01058	0.00665	0.00708	0.00222	0.00886	0.00634	0.00338	0.00997
10	0.01307	0.05618	0.01144	0.00920	0.01183	0.00832	0.00716	0.01559	0.01797	0.11983	0.29891	0.11119	0.26248	0.01501	0.00804	0.00230	0.00416	0.01283	0.00716	0.00732
11	0.24675	0.01473	0.01852	0.14506	0.02420	0.01664	0.06697	0.13239	0.01674	0.02752	0.01395	0.05908	0.01185	0.00849	0.00831	0.00228	0.09400	0.00641	0.00454	0.08156
12	0.08081	0.13315	0.08321	0.01577	0.10000	0.01475	0.01223	0.04854	0.01712	0.07114	0.20596	0.02698	0.02691	0.03579	0.00825	0.00220	0.03075	0.00748	0.00527	0.07370
13	0.61929	0.04870	0.01346	0.09960	0.01863	0.01621	0.00959	0.02143	0.01299	0.07004	0.01134	0.01324	0.00859	0.00678	0.00492	0.00219	0.00614	0.00436	0.00445	0.00807

[dist]
# distance from previous block
# <min> <max>
0	2

[block]
# block no. 1 follows, 29 sequences, length 50
# corresponding to MSA columns:
# 166-215
name=unknown_B
#
# <colnr> <probs for GDERKNQSTAVLIFYWHMCP>
#	G	D	E	R	K	N	Q	S	T	A	V	L	I	F	Y	W	H	M	C	P
0	0.02281	0.11924	0.02209	0.07006	0.04321	0.15452	0.01337	0.26768	0.09279	0.05585	0.05642	0.01904	0.01536	0.00829	0.00673	0.00205	0.00835	0.00628	0.00562	0.01023
1	0.02511	0.01917	0.01975	0.01561	0.02076	0.05184	0.01272	0.53850	0.10198	0.04079	0.01851	0.01856	0.01342	0.00860	0.00696	0.00212	0.00752	0.00652	0.06008	0.01148
2	0.01451	0.14206	0.48182	0.01767	0.02574	0.01744	0.02115	0.02075	0.01478	0.02126	0.04794	0.04423	0.01373	0.00972	0.03460	0.00256	0.05085	0.00613	0.00343	0.00963
3	0.05060	0.46648	0.15701	0.01406	0.02043	0.02358	0.01461	0.02316	0.06065	0.05625	0.01267	0.01400	0.01038	0.00693	0.00620	0.00186	0.04323	0.00466	0.00369	0.00957
4	0.01492	0.11985	0.61253	0.01966	0.02956	0.01794	0.04569	0.02242	0.01502	0.02188	0.01250	0.01475	0.00909	0.00666	0.00656	0.00217	0.01023	0.00519	0.00303	0.01033
5	0.01101	0.00801	0.01017	0.04528	0.01294	0.00758	0.00743	0.01473	0.04385	0.05130	0.49624	0.05239	0.18322	0.01446	0.00825	0.00228	0.00390	0.01258	0.00738	0.00701
6	0.00949	0.00657	0.00813	0.00893	0.00925	0.00632	0.00564	0.01033	0.01266	0.01699	0.07560	0.40076	0.03934	0.33303	0.02066	0.00457	0.00527	0.01553	0.00571	0.00522
7	0.01687	0.08375	0.03422	0.07800	0.09293	0.01896	0.37258	0.05056	0.01622	0.02206	0.01403	0.04114	0.01164	0.00762	0.00979	0.00239	0.10656	0.00766	0.00370	0.00934
8	0.02318	0.01753	0.02009	0.14003	0.02567	0.01974	0.01393	0.47887	0.07745	0.03803	0.01757	0.01869	0.01273	0.00837	0.00700	0.00217	0.00769	0.00653	0.05374	0.01099
9	0.00875	0.00625	0.00833	0.00987	0.01034	0.00583	0.00662	0.01009	0.01396	0.01870	0.07249	0.71038	0.04810	0.02192	0.00905	0.00286	0.00409	0.01987	0.00667	0.00583
10	0.01554	0.01220	0.04801	0.01373	0.03924	0.01119	0.03192	0.15147	0.01997	0.07864	0.13267	0.22142	0.09131	0.01483	0.00826	0.00252	0.00586	0.08617	0.00668	0.00834
11	0.02116	0.02128	0.02106	0.01775	0.02084	0.22357	0.05322	0.19368	0.02002	0.02481	0.01427	0.05164	0.01251	0.01282	0.06000	0.00300	0.20812	0.00670	0.00457	0.00897
12	0.01871	0.70535	0.08317	0.01273	0.01913	0.02739	0.01314	0.02141	0.01451	0.01715	0.01009	0.01167	0.00913	0.00614	0.00472	0.00157	0.00781	0.00391	0.00304	0.00923
13	0.03736	0.02133	0.23220	0.04133	0.02653	0.01437	0.18129	0.02009	0.01483	0.02216	0.01360	0.01818	0.01104	0.05679	0.00925	0.00229	0.03359	0.00612	0.00364	0.23400
14	0.07604	0.03598	0.07524	0.01247	0.01737	0.01211	0.01093	0.07710	0.04403	0.34752	0.09681	0.05512	0.06482	0.03231	0.00801	0.00237	0.00610	0.00831	0.00720	0.01015
15	0.01298	0.00671	0.00698	0.00695	0.00859	0.00673	0.00522	0.01627	0.01508	0.02627	0.05987	0.02805	0.02089	0.01037	0.03270	0.00207	0.00393	0.00701	0.71671	0.00663
16	0.02312	0.18660	0.10193	0.01730	0.04316	0.31360	0.01476	0.10425	0.05629	0.05559	0.01357	0.01473	0.01065	0.00731	0.00624	0.00191	0.00999	0.00508	0.00431	0.00960
17	0.02523	0.05597	0.02061	0.14552	0.02551	0.01770	0.01361	0.31104	0.05006	0.23280	0.01957	0.01958	0.01345	0.00827	0.00700	0.00218	0.00752	0.00654	0.00668	0.01115
18	0.00895	0.00721	0.00797	0.00784	0.00996	0.00623	0.00586	0.01123	0.01740	0.02216	0.27079	0.08297	0.48230	0.01705	0.00843	0.00237	0.00354	0.01449	0.00700	0.00623
19	0.03611	0.01879	0.05846	0.06705	0.02619	0.10135	0.20160	0.05024	0.01642	0.02254	0.04716	0.01816	0.01297	0.00768	0.00950	0.00213	0.12150	0.00647	0.00399	0.17168
20	0.00939	0.00728	0.00869	0.00902	0.01076	0.00638	0.00646	0.01122	0.01523	0.01997	0.11270	0.35148	0.26223	0.03727	0.00918	0.00262	0.00412	0.03417	0.00646	0.07536
21	0.02481	0.01882	0.02010	0.01593	0.02122	0.02102	0.01299	0.52588	0.19287	0.04123	0.01997	0.01939	0.01444	0.00882	0.00715	0.00220	0.00730	0.00681	0.00715	0.01191
22	0.01719	0.32121	0.03060	0.01706	0.02114	0.02277	0.11715	0.03565	0.01402	0.01873	0.01115	0.01503	0.01001	0.01044	0.04607	0.00265	0.24220	0.00556	0.00333	0.03805
23	0.14702	0.10250	0.03637	0.03763	0.05385	0.25517	0.01237	0.02563	0.10871	0.05356	0.06246	0.01865	0.01546	0.00946	0.03049	0.00235	0.00897	0.00581	0.00469	0.00887
24	0.00892	0.00630	0.00819	0.00961	0.00996	0.00594	0.00628	0.00998	0.01316	0.01755	0.03683	0.64453	0.04404	0.12705	0.01300	0.00347	0.00453	0.01882	0.00628	0.00557
25	0.00985	0.00720	0.00924	0.00888	0.01053	0.00660	0.00660	0.01293	0.01939	0.02708	0.60441	0.10141	0.11853	0.01537	0.00845	0.00230	0.00343	0.01356	0.00765	0.00660
26	0.05045	0.18355	0.09499	0.01543	0.01981	0.16350	0.01390	0.04787	0.01624	0.10117	0.01516	0.01728	0.03184	0.01110	0.04995	0.00268	0.14619	0.00563	0.00422	0.00900
27	0.01520	0.01469	0.02372	0.25170	0.26873	0.03704	0.06482	0.01912	0.01522	0.02061	0.03528	0.07511	0.01599	0.00914	0.00890	0.00241	0.07275	0.03675	0.00387	0.00896
28	0.00886	0.00634	0.00845	0.00994	0.01048	0.00592	0.00676	0.01032	0.01419	0.01903	0.08771	0.67465	0.04839	0.02166	0.00906	0.00286	0.00415	0.03866	0.00670	0.00588
29	0.00873	0.00626	0.00821	0.00974	0.01021	0.00583	0.00648	0.00994	0.01360	0.01805	0.03972	0.69532	0.06851	0.05011	0.01011	0.00303	0.00422	0.01969	0.00652	0.00573
30	0.01390	0.04896	0.02085	0.08576	0.02111	0.01687	0.07915	0.01635	0.01234	0.01757	0.01630	0.02327	0.04977	0.06508	0.15495	0.00471	0.33469	0.00734	0.00357	0.00746
31	0.01357	0.01290	0.02213	0.70635	0.04860	0.01590	0.04445	0.01837	0.01433	0.01837	0.01272	0.01899	0.00954	0.00708	0.00717	0.00237	0.00959	0.00641	0.00318	0.00797
32	0.01033	0.00700	0.00824	0.00824	0.00840	0.00716	0.00490	0.01066	0.01049	0.01415	0.02201	0.04422	0.02485	0.66080	0.12378	0.00748	0.00846	0.01001	0.00425	0.00458
33	0.01675	0.01753	0.05839	0.19829	0.45819	0.03909	0.06596	0.02132	0.01588	0.02186	0.01319	0.01777	0.01067	0.00655	0.00712	0.00219	0.00917	0.00638	0.00343	0.01027
34	0.02045	0.61953	0.03411	0.01333	0.01897	0.15762	0.01248	0.02265	0.01554	0.01688	0.01011	0.01169	0.00914	0.00632	0.00491	0.00158	0.00859	0.00395	0.00316	0.00897
35	0.01904	0.75404	0.03731	0.01218	0.01828	0.02818	0.01218	0.02132	0.01447	0.01675	0.00990	0.01142	0.00914	0.00609	0.00457	0.00152	0.00761	0.00381	0.00305	0.00914
36	0.01241	0.00620	0.00917	0.00917	0.00924	0.00620	0.00613	0.00958	0.00951	0.01295	0.01281	0.02185	0.01261	0.02406	0.02689	0.76040	0.00607	0.00620	0.03531	0.00324
37	0.01731	0.01683	0.02940	0.08487	0.61606	0.01693	0.07006	0.02170	0.01614	0.02292	0.01342	0.01782	0.01113	0.00637	0.00715	0.00215	0.00878	0.00649	0.00351	0.01095
38	0.02645	0.01818	0.01977	0.01528	0.02065	0.01980	0.01258	0.56954	0.03082	0.10551	0.01860	0.01850	0.01310	0.00855	0.00696	0.00211	0.00732	0.00650	0.06811	0.01168
39	0.03195	0.01212	0.01652	0.01267	0.01818	0.01047	0.01047	0.03470	0.02038	0.71026	0.02809	0.02424	0.01763	0.00881	0.00716	0.00220	0.00606	0.00716	0.00881	0.01212
40	0.00868	0.00620	0.00826	0.00991	0.01033	0.00578	0.00661	0.00991	0.01363	0.01818	0.03925	0.74510	0.04710	0.02231	0.00909	0.00289	0.00413	0.02024	0.00661	0.00578
41	0.73881	0.01348	0.01066	0.00945	0.01383	0.01543	0.00777	0.02150	0.01261	0.06584	0.01121	0.01264	0.00851	0.00677	0.00456	0.00219	0.00547	0.00410	0.02726	0.00790
42	0.01424	0.00823	0.01054	0.00946	0.01200	0.00734	0.00727	0.01716	0.01937	0.16611	0.44181	0.06939	0.16075	0.01417	0.00817	0.00228	0.00397	0.01227	0.00780	0.00768
43	0.01011	0.00680	0.00784	0.00807	0.00813	0.00674	0.00464	0.01029	0.01082	0.01443	0.02484	0.14661	0.02892	0.64559	0.03235	0.00633	0.00651	0.01177	0.00464	0.00452
44	0.01496	0.01445	0.02332	0.52808	0.22192	0.03803	0.02014	0.01948	0.01495	0.01951	0.01280	0.01843	0.00996	0.00692	0.00708	0.00229	0.00932	0.00628	0.00328	0.00881
45	0.01237	0.00618	0.00928	0.00928	0.00928	0.00618	0.00618	0.00928	0.00928	0.01237	0.01237	0.02165	0.01237	0.02474	0.02783	0.79283	0.00618	0.00618	0.00309	0.00309
46	0.03046	0.01179	0.01605	0.01242	0.01767	0.01021	0.01021	0.03326	0.02037	0.66399	0.07381	0.02620	0.02099	0.00920	0.00724	0.00221	0.00588	0.00755	0.00875	0.01175
47	0.13908	0.02740	0.39652	0.02036	0.05802	0.01661	0.11560	0.05879	0.01621	0.06688	0.01375	0.01588	0.00986	0.00683	0.00669	0.00225	0.00945	0.00572	0.00391	0.01017
48	0.02477	0.01853	0.02030	0.05066	0.02251	0.02060	0.01331	0.56926	0.07621	0.04111	0.01889	0.05732	0.01453	0.00930	0.00724	0.00221	0.00757	0.00727	0.00691	0.01151
49	0.01398	0.01286	0.01914	0.38192	0.03326	0.04945	0.06380	0.01783	0.01441	0.01956	0.01734	0.04068	0.03862	0.01163	0.05686	0.00294	0.07177	0.00721	0.11912	0.00762

[dist]
# distance from previous block
# <min> <max>
3	5

[block]
# block no. 2 follows, 29 sequences, length 28
# corresponding to MSA columns:
# 221-248
name=unknown_C
#
# <colnr> <probs for GDERKNQSTAVLIFYWHMCP>
#	G	D	E	R	K	N	Q	S	T	A	V	L	I	F	Y	W	H	M	C	P
0	0.01487	0.01342	0.01794	0.01510	0.01700	0.01605	0.01230	0.01695	0.01295	0.03784	0.05619	0.08073	0.01671	0.01151	0.01616	0.00249	0.42209	0.00736	0.00414	0.20819
1	0.02172	0.01601	0.01758	0.01447	0.01896	0.01735	0.01154	0.38383	0.15484	0.06416	0.02344	0.14466	0.02014	0.01099	0.00740	0.00227	0.00658	0.00904	0.00699	0.04802
2	0.01861	0.01541	0.01655	0.01241	0.01824	0.06064	0.00997	0.13320	0.01854	0.06281	0.01403	0.01556	0.01106	0.00636	0.00625	0.00141	0.02589	0.00483	0.00489	0.54334
3	0.01609	0.24074	0.41677	0.02035	0.07363	0.02004	0.07533	0.02217	0.01510	0.02095	0.01212	0.01451	0.00935	0.00648	0.00629	0.00205	0.00967	0.00517	0.00310	0.01010
4	0.02468	0.01280	0.01566	0.01279	0.01710	0.01248	0.01018	0.20506	0.02220	0.35024	0.02859	0.15572	0.04804	0.03930	0.00864	0.00249	0.00613	0.00975	0.00770	0.01044
5	0.01037	0.00754	0.01101	0.01101	0.01226	0.00869	0.00849	0.01287	0.01162	0.01705	0.01945	0.02857	0.01813	0.07611	0.65200	0.01067	0.01765	0.00767	0.05254	0.00630
6	0.01841	0.65964	0.12623	0.01325	0.01993	0.02664	0.01404	0.02148	0.01454	0.01752	0.01028	0.01190	0.00912	0.00618	0.00486	0.00162	0.00800	0.00400	0.00304	0.00932
7	0.01470	0.01104	0.01492	0.01741	0.12462	0.01117	0.01220	0.04710	0.10432	0.06606	0.03573	0.07547	0.11620	0.01500	0.00858	0.00274	0.00631	0.30170	0.00634	0.00840
8	0.01295	0.00793	0.01042	0.01101	0.01293	0.00736	0.00872	0.01524	0.01603	0.11755	0.04267	0.28678	0.15154	0.01871	0.00897	0.00285	0.00520	0.24922	0.00690	0.00700
9	0.00975	0.00720	0.00911	0.00878	0.01047	0.00656	0.00653	0.01275	0.01916	0.02655	0.56868	0.10242	0.15445	0.01557	0.00845	0.00231	0.00345	0.01368	0.00758	0.00656
10	0.01904	0.75404	0.03731	0.01218	0.01828	0.02818	0.01218	0.02132	0.01447	0.01675	0.00990	0.01142	0.00914	0.00609	0.00457	0.00152	0.00761	0.00381	0.00305	0.00914
11	0.00972	0.00821	0.00831	0.00802	0.01065	0.00735	0.00609	0.03853	0.05767	0.02089	0.06735	0.06396	0.63403	0.01715	0.00829	0.00239	0.00390	0.01427	0.00667	0.00657
12	0.00885	0.00632	0.00846	0.01011	0.01060	0.00593	0.00691	0.01022	0.01381	0.01837	0.03915	0.70356	0.04671	0.02214	0.00914	0.00292	0.00428	0.06007	0.00661	0.00583
13	0.80005	0.01377	0.01047	0.00936	0.01377	0.01597	0.00771	0.02093	0.01212	0.03195	0.00991	0.01157	0.00771	0.00661	0.00441	0.00220	0.00551	0.00386	0.00441	0.00771
14	0.01724	0.01653	0.02821	0.10725	0.64480	0.01682	0.02166	0.02152	0.01603	0.02280	0.01333	0.01775	0.01111	0.00642	0.00706	0.00214	0.00855	0.00634	0.00349	0.01097
15	0.01682	0.01044	0.01340	0.01312	0.01598	0.01054	0.01101	0.06247	0.10497	0.15027	0.05907	0.08597	0.03370	0.01562	0.00876	0.00284	0.00620	0.36319	0.00715	0.00850
16	0.01667	0.01595	0.02718	0.20080	0.55568	0.01667	0.02138	0.02102	0.01576	0.02211	0.01323	0.01793	0.01087	0.00652	0.00707	0.00217	0.00869	0.00634	0.00344	0.01051
17	0.01610	0.01776	0.05942	0.07488	0.21098	0.01649	0.37908	0.02140	0.01673	0.02316	0.07735	0.02175	0.01598	0.00698	0.00791	0.00230	0.01006	0.00803	0.00392	0.00971
18	0.01112	0.00763	0.01044	0.01158	0.01290	0.00750	0.00952	0.01314	0.01511	0.01970	0.06366	0.10873	0.08278	0.05058	0.01328	0.11517	0.00604	0.42918	0.00603	0.00590
19	0.01724	0.48766	0.20161	0.01590	0.06251	0.02333	0.01592	0.02118	0.01506	0.01929	0.05250	0.01520	0.01274	0.00678	0.00549	0.00178	0.00813	0.00487	0.00335	0.00946
20	0.01653	0.01737	0.05520	0.21761	0.38687	0.03882	0.10033	0.02112	0.01569	0.02151	0.01311	0.01785	0.01055	0.00673	0.00768	0.00224	0.03090	0.00649	0.00341	0.00998
21	0.01140	0.00831	0.01123	0.01266	0.01433	0.00834	0.01078	0.01523	0.04829	0.02134	0.03876	0.13862	0.06610	0.01937	0.00959	0.00317	0.00618	0.54302	0.00660	0.00669
22	0.01547	0.01582	0.04582	0.31813	0.18517	0.07097	0.03880	0.02034	0.04242	0.02047	0.01717	0.02773	0.01523	0.00909	0.00792	0.00243	0.02763	0.10664	0.00398	0.00875
23	0.09936	0.14105	0.17138	0.01443	0.02075	0.01750	0.01425	0.16580	0.01989	0.19103	0.03875	0.01903	0.01405	0.03349	0.00741	0.00225	0.00756	0.00600	0.00562	0.01040
24	0.00930	0.00660	0.00836	0.00941	0.00999	0.00625	0.00632	0.01054	0.01361	0.01808	0.07830	0.46581	0.08047	0.18579	0.01519	0.00375	0.00483	0.05565	0.00616	0.00557
25	0.00921	0.00670	0.00870	0.00952	0.01055	0.00620	0.00675	0.01125	0.01601	0.02166	0.25000	0.44366	0.10767	0.01941	0.00885	0.00266	0.00395	0.04412	0.00699	0.00613
26	0.04852	0.14398	0.53449	0.01848	0.02762	0.06623	0.02255	0.02270	0.01518	0.02172	0.01210	0.01419	0.00899	0.00670	0.00631	0.00211	0.01003	0.00494	0.00312	0.01004
27	0.01463	0.02975	0.48507	0.13796	0.07910	0.01660	0.09388	0.02183	0.01517	0.02192	0.01297	0.01628	0.00943	0.00671	0.00701	0.00228	0.01038	0.00584	0.00313	0.01005

[dist]
# distance from previous block
# <min> <max>
0	4

[block]
# block no. 3 follows, 29 sequences, length 68
# corresponding to MSA columns:
# 253-320
name=unknown_D
#
# <colnr> <probs for GDERKNQSTAVLIFYWHMCP>
#	G	D	E	R	K	N	Q	S	T	A	V	L	I	F	Y	W	H	M	C	P
0	0.01162	0.00855	0.01196	0.01333	0.01484	0.00889	0.01155	0.01474	0.01599	0.02097	0.03614	0.09760	0.03938	0.01935	0.01058	0.00326	0.04784	0.60045	0.00636	0.00660
1	0.04281	0.01736	0.04912	0.30099	0.09907	0.10221	0.03824	0.04356	0.01520	0.02014	0.01335	0.05361	0.01156	0.00887	0.01026	0.00244	0.15242	0.00674	0.00362	0.00845
2	0.08153	0.04255	0.11467	0.09615	0.14485	0.01574	0.14487	0.02252	0.01592	0.12620	0.03877	0.05182	0.01464	0.00813	0.00806	0.00231	0.04978	0.00727	0.00454	0.00968
3	0.17708	0.26103	0.05156	0.04967	0.01973	0.05707	0.01242	0.09494	0.04668	0.05218	0.01298	0.01547	0.01069	0.03251	0.00822	0.00222	0.07710	0.00511	0.00428	0.00905
4	0.06926	0.01824	0.02465	0.07460	0.10534	0.10060	0.11394	0.04710	0.01472	0.02091	0.01136	0.01609	0.00979	0.00926	0.01417	0.00259	0.32891	0.00623	0.00355	0.00870
5	0.00997	0.00765	0.00998	0.01074	0.01141	0.00798	0.00765	0.01203	0.03607	0.01903	0.08076	0.50000	0.06588	0.07228	0.01231	0.00314	0.07499	0.04577	0.00621	0.00616
6	0.00992	0.00727	0.00929	0.00879	0.01054	0.00665	0.00659	0.01312	0.01977	0.02765	0.64043	0.05468	0.12889	0.01489	0.00840	0.00226	0.00338	0.01309	0.00772	0.00665
7	0.01901	0.01589	0.01768	0.09412	0.02256	0.01833	0.01264	0.15768	0.49270	0.03137	0.02493	0.02393	0.01856	0.00917	0.00721	0.00236	0.00648	0.00755	0.00677	0.01106
8	0.00917	0.00670	0.00861	0.00991	0.01065	0.00635	0.00680	0.01121	0.03693	0.01909	0.07027	0.60601	0.08742	0.04074	0.00971	0.00294	0.00427	0.04058	0.00662	0.00601
9	0.10273	0.10565	0.02253	0.02043	0.12578	0.38421	0.01419	0.10278	0.01970	0.02295	0.01186	0.01379	0.00969	0.00712	0.00620	0.00192	0.01027	0.00491	0.00406	0.00921
10	0.01824	0.01556	0.01640	0.01460	0.01872	0.01796	0.01140	0.07430	0.65515	0.03064	0.02831	0.02603	0.02119	0.00960	0.00724	0.00240	0.00576	0.00796	0.00724	0.01132
11	0.00919	0.00716	0.00834	0.00822	0.01014	0.00631	0.00610	0.01165	0.01779	0.02337	0.35433	0.11710	0.36114	0.01681	0.00846	0.00237	0.00354	0.01448	0.00717	0.00631
12	0.16532	0.01290	0.01564	0.01234	0.01758	0.01231	0.01015	0.05869	0.05753	0.52609	0.02452	0.02186	0.01590	0.00847	0.00668	0.00221	0.00601	0.00660	0.00789	0.01130
13	0.01762	0.01692	0.02890	0.04371	0.70533	0.01692	0.02185	0.02185	0.01621	0.02326	0.01339	0.01762	0.01128	0.00634	0.00705	0.00211	0.00846	0.00634	0.00352	0.01128
14	0.01380	0.00817	0.01052	0.00954	0.01200	0.00735	0.00739	0.01683	0.01951	0.14843	0.46869	0.05121	0.14529	0.01421	0.00824	0.00230	0.00400	0.03717	0.00779	0.00758
15	0.01147	0.00820	0.01147	0.01311	0.01475	0.00820	0.01147	0.01475	0.01639	0.02131	0.03770	0.08032	0.04098	0.01967	0.00984	0.00328	0.00656	0.65741	0.00656	0.00656
16	0.01345	0.01266	0.02136	0.73264	0.04904	0.01582	0.01978	0.01819	0.01424	0.01819	0.01266	0.01898	0.00949	0.00712	0.00712	0.00237	0.00949	0.00633	0.00316	0.00791
17	0.01345	0.01266	0.02136	0.73264	0.04904	0.01582	0.01978	0.01819	0.01424	0.01819	0.01266	0.01898	0.00949	0.00712	0.00712	0.00237	0.00949	0.00633	0.00316	0.00791
18	0.01026	0.00684	0.00795	0.00814	0.00831	0.00685	0.00482	0.01065	0.01097	0.01495	0.02433	0.12853	0.02777	0.60295	0.06232	0.00642	0.00698	0.01127	0.03502	0.00467
19	0.02595	0.01122	0.01453	0.01159	0.01604	0.01020	0.00941	0.07302	0.02053	0.47529	0.12713	0.02837	0.02472	0.00958	0.00706	0.00213	0.00542	0.00789	0.10930	0.01061
20	0.80005	0.01377	0.01047	0.00936	0.01377	0.01597	0.00771	0.02093	0.01212	0.03195	0.00991	0.01157	0.00771	0.00661	0.00441	0.00220	0.00551	0.00386	0.00441	0.00771
21	0.03071	0.01184	0.01613	0.01246	0.01775	0.01025	0.01025	0.03350	0.02037	0.67165	0.06624	0.02588	0.02043	0.00914	0.00723	0.00221	0.00591	0.00748	0.00876	0.01181
22	0.59999	0.01349	0.01324	0.19331	0.02274	0.01593	0.01078	0.02024	0.01266	0.02845	0.01061	0.01345	0.00816	0.00674	0.00510	0.00225	0.00652	0.00448	0.00409	0.00776
23	0.04562	0.02352	0.27164	0.06167	0.13043	0.01618	0.24085	0.02126	0.01553	0.02254	0.01537	0.07405	0.01290	0.00768	0.00746	0.00234	0.00997	0.00764	0.00363	0.00972
24	0.01237	0.00618	0.00928	0.00928	0.00928	0.00618	0.00618	0.00928	0.00928	0.01237	0.01237	0.02165	0.01237	0.02474	0.02783	0.79283	0.00618	0.00618	0.00309	0.00309
25	0.01517	0.02771	0.41403	0.02699	0.21928	0.01613	0.08281	0.02178	0.01586	0.02317	0.05847	0.01865	0.01365	0.00709	0.00710	0.00223	0.00961	0.00635	0.00352	0.01040
26	0.01812	0.29224	0.35119	0.01706	0.02481	0.14340	0.01908	0.02314	0.01573	0.01959	0.01144	0.01336	0.00909	0.00662	0.00592	0.00192	0.00989	0.00463	0.00314	0.00963
27	0.03108	0.01193	0.01625	0.01252	0.01788	0.01032	0.01032	0.03386	0.02037	0.68321	0.05482	0.02539	0.01959	0.00904	0.00721	0.00220	0.00595	0.00739	0.00877	0.01190
28	0.01092	0.00743	0.00976	0.00915	0.01093	0.00684	0.00687	0.01417	0.01991	0.05605	0.64772	0.07947	0.06436	0.01463	0.00838	0.00226	0.00350	0.01294	0.00783	0.00690
29	0.05431	0.01536	0.05201	0.49269	0.12320	0.05599	0.01880	0.01996	0.01502	0.04156	0.01385	0.02016	0.01090	0.00747	0.00701	0.00232	0.00920	0.02806	0.00358	0.00854
30	0.01149	0.00955	0.01034	0.00987	0.01253	0.00957	0.00754	0.01888	0.21203	0.02398	0.17103	0.07536	0.35293	0.01517	0.00813	0.00242	0.00424	0.03024	0.00701	0.00766
31	0.01036	0.00690	0.00777	0.00777	0.00777	0.00690	0.00431	0.01036	0.01036	0.01381	0.02244	0.04660	0.02589	0.74975	0.03624	0.00690	0.00690	0.01036	0.00431	0.00431
32	0.01904	0.75404	0.03731	0.01218	0.01828	0.02818	0.01218	0.02132	0.01447	0.01675	0.00990	0.01142	0.00914	0.00609	0.00457	0.00152	0.00761	0.00381	0.00305	0.00914
33	0.04114	0.22395	0.32273	0.08673	0.13120	0.01969	0.03837	0.02167	0.01494	0.02100	0.01204	0.01482	0.00945	0.00653	0.00622	0.00205	0.00921	0.00517	0.00317	0.00991
34	0.00868	0.00620	0.00826	0.00991	0.01033	0.00578	0.00661	0.00991	0.01363	0.01818	0.03925	0.74510	0.04710	0.02231	0.00909	0.00289	0.00413	0.02024	0.00661	0.00578
35	0.46668	0.02040	0.17588	0.01489	0.02072	0.03980	0.08409	0.02153	0.01348	0.02750	0.01105	0.01344	0.00848	0.00694	0.00651	0.00228	0.04900	0.00482	0.00390	0.00858
36	0.01850	0.05160	0.11601	0.07469	0.12597	0.03975	0.01554	0.07191	0.27734	0.07110	0.02060	0.02196	0.01575	0.03820	0.00816	0.00244	0.00758	0.00690	0.00546	0.01055
37	0.01017	0.00686	0.00797	0.00815	0.00824	0.00687	0.00475	0.01040	0.01075	0.01438	0.02409	0.12015	0.02781	0.64385	0.06141	0.00666	0.00711	0.01130	0.00454	0.00455
38	0.73507	0.01415	0.03287	0.00958	0.01404	0.01552	0.00817	0.02076	0.01235	0.03137	0.01068	0.01243	0.00829	0.00670	0.00451	0.00218	0.00556	0.00404	0.04396	0.00775
39	0.00868	0.00620	0.00826	0.00991	0.01033	0.00578	0.00661	0.00991	0.01363	0.01818	0.03925	0.74510	0.04710	0.02231	0.00909	0.00289	0.00413	0.02024	0.00661	0.00578
40	0.01490	0.08033	0.59878	0.02162	0.07079	0.01736	0.05454	0.02244	0.01515	0.02224	0.01271	0.01515	0.00924	0.00666	0.00672	0.00221	0.01028	0.00538	0.00307	0.01044
41	0.01744	0.01673	0.02857	0.07441	0.67608	0.01687	0.02176	0.02169	0.01613	0.02304	0.01336	0.01768	0.01120	0.00638	0.00705	0.00213	0.00851	0.00634	0.00351	0.01113
42	0.02626	0.06635	0.02095	0.01807	0.02185	0.68998	0.01369	0.02811	0.01992	0.01740	0.01096	0.01278	0.00917	0.00728	0.00634	0.00182	0.01261	0.00455	0.00364	0.00829
43	0.01782	0.01460	0.01554	0.01392	0.01791	0.01658	0.01084	0.03586	0.61402	0.06343	0.03178	0.02921	0.06636	0.01017	0.00732	0.00240	0.00552	0.00847	0.00728	0.01097
44	0.01432	0.03492	0.65651	0.02120	0.06429	0.01632	0.02554	0.02221	0.01498	0.02240	0.01301	0.01557	0.00941	0.00820	0.02903	0.00253	0.01069	0.00539	0.00306	0.01043
45	0.02673	0.01978	0.02118	0.01632	0.02195	0.02192	0.01345	0.65832	0.05730	0.04433	0.01753	0.01744	0.01246	0.00859	0.00713	0.00215	0.00776	0.00647	0.00713	0.01208
46	0.01147	0.00820	0.01147	0.01311	0.01475	0.00820	0.01147	0.01475	0.01639	0.02131	0.03770	0.08032	0.04098	0.01967	0.00984	0.00328	0.00656	0.65741	0.00656	0.00656
47	0.02660	0.03394	0.02018	0.01834	0.02201	0.72116	0.01376	0.02843	0.02018	0.01743	0.01101	0.01284	0.00917	0.00734	0.00642	0.00183	0.01284	0.00459	0.00367	0.00825
48	0.00884	0.00632	0.00841	0.00980	0.01036	0.00589	0.00662	0.01032	0.01438	0.01937	0.11556	0.66538	0.04941	0.02142	0.00901	0.00282	0.00404	0.01939	0.00675	0.00589
49	0.00868	0.00620	0.00826	0.00991	0.01033	0.00578	0.00661	0.00991	0.01363	0.01818	0.03925	0.74510	0.04710	0.02231	0.00909	0.00289	0.00413	0.02024	0.00661	0.00578
50	0.00868	0.00620	0.00826	0.00991	0.01033	0.00578	0.00661	0.00991	0.01363	0.01818	0.03925	0.74510	0.04710	0.02231	0.00909	0.00289	0.00413	0.02024	0.00661	0.00578
51	0.01904	0.75404	0.03731	0.01218	0.01828	0.02818	0.01218	0.02132	0.01447	0.01675	0.00990	0.01142	0.00914	0.00609	0.00457	0.00152	0.00761	0.00381	0.00305	0.00914
52	0.01868	0.01534	0.01632	0.01449	0.01864	0.01757	0.01132	0.06268	0.63821	0.05942	0.02848	0.02610	0.02119	0.00958	0.00724	0.00240	0.00574	0.00795	0.00731	0.01134
53	0.00868	0.00620	0.00826	0.00991	0.01033	0.00578	0.00661	0.00991	0.01363	0.01818	0.03925	0.74510	0.04710	0.02231	0.00909	0.00289	0.00413	0.02024	0.00661	0.00578
54	0.01327	0.00664	0.00664	0.00664	0.00830	0.00664	0.00498	0.01659	0.01493	0.02655	0.02323	0.02655	0.01825	0.00830	0.00498	0.00166	0.00332	0.00664	0.78928	0.00664
55	0.01762	0.01692	0.02890	0.04371	0.70533	0.01692	0.02185	0.02185	0.01621	0.02326	0.01339	0.01762	0.01128	0.00634	0.00705	0.00211	0.00846	0.00634	0.00352	0.01128
56	0.04862	0.03474	0.65153	0.01949	0.02952	0.01624	0.02480	0.02303	0.01515	0.05390	0.01335	0.01530	0.00935	0.00685	0.00668	0.00225	0.01011	0.00529	0.00333	0.01048
57	0.07403	0.02042	0.02290	0.21798	0.26704	0.21360	0.01776	0.04484	0.01709	0.02161	0.01241	0.01621	0.00999	0.00692	0.00671	0.00211	0.00973	0.00568	0.00365	0.00931
58	0.01567	0.01500	0.02437	0.23190	0.36953	0.03703	0.05193	0.01956	0.01504	0.02041	0.01430	0.02135	0.01244	0.08714	0.03246	0.00299	0.00923	0.00686	0.00352	0.00926
59	0.01008	0.00728	0.00952	0.00896	0.01064	0.00672	0.00672	0.01344	0.02016	0.02855	0.70158	0.05319	0.06719	0.01456	0.00840	0.00224	0.00336	0.01288	0.00784	0.00672
60	0.01466	0.03418	0.61174	0.02176	0.03178	0.01676	0.12476	0.02259	0.01530	0.02259	0.01302	0.01566	0.00929	0.00665	0.00701	0.00228	0.01075	0.00574	0.00310	0.01038
61	0.01514	0.01697	0.05508	0.07092	0.03285	0.01563	0.48833	0.02039	0.01633	0.02211	0.04007	0.10271	0.01796	0.00885	0.00842	0.00249	0.01039	0.04236	0.00417	0.00886
62	0.03195	0.01212	0.01652	0.01267	0.01818	0.01047	0.01047	0.03470	0.02038	0.71026	0.02809	0.02424	0.01763	0.00881	0.00716	0.00220	0.00606	0.00716	0.00881	0.01212
63	0.01345	0.01266	0.02136	0.73264	0.04904	0.01582	0.01978	0.01819	0.01424	0.01819	0.01266	0.01898	0.00949	0.00712	0.00712	0.00237	0.00949	0.00633	0.00316	0.00791
64	0.01861	0.04968	0.38143	0.01919	0.06427	0.01581	0.04683	0.09473	0.01842	0.13600	0.07161	0.02004	0.01566	0.00784	0.00701	0.00221	0.00878	0.00645	0.00483	0.01060
65	0.00872	0.00718	0.00767	0.00764	0.00983	0.00613	0.00569	0.01077	0.01681	0.02084	0.18198	0.09470	0.56219	0.01760	0.00844	0.00240	0.00359	0.01487	0.00683	0.00613
66	0.01016	0.00692	0.00830	0.00860	0.00884	0.00697	0.00533	0.01068	0.01117	0.01497	0.02517	0.14329	0.02884	0.55977	0.08714	0.00656	0.00750	0.04034	0.00469	0.00478
67	0.01083	0.00770	0.00971	0.01052	0.01157	0.00766	0.00738	0.07880	0.01559	0.02116	0.03516	0.59966	0.04064	0.02207	0.04904	0.00325	0.00532	0.01754	0.03992	0.00650

[dist]
# distance from previous block
# <min> <max>
0	2

[block]
# block no. 4 follows, 29 sequences, length 107
# corresponding to MSA columns:
# 323-429
name=unknown_E
#
# <colnr> <probs for GDERKNQSTAVLIFYWHMCP>
#	G	D	E	R	K	N	Q	S	T	A	V	L	I	F	Y	W	H	M	C	P
0	0.01762	0.01692	0.02890	0.04371	0.70533	0.01692	0.02185	0.02185	0.01621	0.02326	0.01339	0.01762	0.01128	0.00634	0.00705	0.00211	0.00846	0.00634	0.00352	0.01128
1	0.02336	0.01738	0.02045	0.01594	0.02098	0.01870	0.05004	0.45203	0.05426	0.06617	0.01839	0.06046	0.01449	0.00970	0.00849	0.02870	0.03517	0.00725	0.00646	0.07158
2	0.01540	0.01488	0.02062	0.01775	0.01788	0.02062	0.01475	0.01709	0.01122	0.01787	0.01043	0.01644	0.01004	0.01214	0.02193	0.00300	0.67932	0.00626	0.06465	0.00770
3	0.00849	0.00722	0.00732	0.00729	0.00966	0.00604	0.00547	0.01037	0.01641	0.01966	0.10086	0.06783	0.67345	0.01788	0.00841	0.00240	0.00360	0.01493	0.00667	0.00604
4	0.02107	0.01376	0.01705	0.06371	0.04951	0.01335	0.01137	0.14404	0.09398	0.19678	0.02139	0.08202	0.01691	0.00886	0.00682	0.00198	0.00630	0.00738	0.00632	0.21741
5	0.01534	0.01264	0.01482	0.01062	0.01692	0.00952	0.00851	0.01849	0.01495	0.04626	0.01317	0.01508	0.01078	0.00539	0.00534	0.00109	0.00530	0.00432	0.00437	0.76706
6	0.02432	0.14908	0.02249	0.01689	0.02099	0.52555	0.01321	0.02838	0.09829	0.01877	0.01294	0.01422	0.01064	0.00741	0.00622	0.00185	0.01114	0.00487	0.00399	0.00875
7	0.02915	0.01191	0.01594	0.01237	0.01761	0.01039	0.01013	0.03252	0.04145	0.60823	0.07380	0.02585	0.02083	0.00906	0.00716	0.00216	0.00582	0.00744	0.00847	0.04971
8	0.01870	0.02095	0.02124	0.01846	0.01997	0.24326	0.04043	0.02054	0.01420	0.01747	0.01147	0.04107	0.01098	0.01237	0.04151	0.00297	0.42673	0.00634	0.00346	0.00789
9	0.01771	0.01530	0.01610	0.01449	0.01852	0.01771	0.01127	0.03784	0.69247	0.02979	0.02898	0.02657	0.02174	0.00966	0.00725	0.00242	0.00564	0.00805	0.00725	0.01127
10	0.01035	0.00693	0.00792	0.00792	0.00797	0.00699	0.00451	0.01045	0.01040	0.01392	0.02230	0.04582	0.02555	0.72066	0.06488	0.00709	0.00741	0.01024	0.00429	0.00440
11	0.02599	0.03265	0.01990	0.01808	0.02177	0.67267	0.01359	0.02908	0.06652	0.01828	0.01225	0.01379	0.01004	0.00750	0.00648	0.00187	0.01234	0.00482	0.00392	0.00846
12	0.00857	0.00725	0.00743	0.00748	0.00983	0.00611	0.00567	0.01047	0.01635	0.01957	0.08838	0.06853	0.66057	0.01800	0.00847	0.00243	0.00371	0.03847	0.00664	0.00605
13	0.01028	0.00687	0.00779	0.00786	0.00788	0.00685	0.00442	0.01034	0.01050	0.01401	0.02320	0.07848	0.02686	0.71655	0.03500	0.00672	0.00678	0.01081	0.00442	0.00438
14	0.00847	0.00722	0.00728	0.00727	0.00965	0.00603	0.00545	0.01032	0.01635	0.01952	0.09112	0.06807	0.68328	0.01793	0.00842	0.00240	0.00360	0.01496	0.00665	0.00603
15	0.01581	0.01597	0.02110	0.01818	0.01834	0.05113	0.01499	0.01731	0.01128	0.01700	0.01002	0.01688	0.01009	0.04589	0.02323	0.00323	0.67236	0.00635	0.00319	0.00765
16	0.80005	0.01377	0.01047	0.00936	0.01377	0.01597	0.00771	0.02093	0.01212	0.03195	0.00991	0.01157	0.00771	0.00661	0.00441	0.00220	0.00551	0.00386	0.00441	0.00771
17	0.01237	0.00618	0.00928	0.00928	0.00928	0.00618	0.00618	0.00928	0.00928	0.01237	0.01237	0.02165	0.01237	0.02474	0.02783	0.79283	0.00618	0.00618	0.00309	0.00309
18	0.01327	0.00664	0.00664	0.00664	0.00830	0.00664	0.00498	0.01659	0.01493	0.02655	0.02323	0.02655	0.01825	0.00830	0.00498	0.00166	0.00332	0.00664	0.78928	0.00664
19	0.01762	0.01692	0.02890	0.04371	0.70533	0.01692	0.02185	0.02185	0.01621	0.02326	0.01339	0.01762	0.01128	0.00634	0.00705	0.00211	0.00846	0.00634	0.00352	0.01128
20	0.01276	0.00828	0.00976	0.00894	0.01159	0.00740	0.00686	0.01605	0.04727	0.12104	0.29465	0.05483	0.34345	0.01509	0.00818	0.00232	0.00395	0.01283	0.00740	0.00736
21	0.02333	0.02776	0.02142	0.05056	0.17586	0.49559	0.01531	0.02589	0.01876	0.01928	0.01230	0.01493	0.01017	0.00716	0.00651	0.00191	0.01119	0.00516	0.04809	0.00883
22	0.01345	0.01266	0.02136	0.73264	0.04904	0.01582	0.01978	0.01819	0.01424	0.01819	0.01266	0.01898	0.00949	0.00712	0.00712	0.00237	0.00949	0.00633	0.00316	0.00791
23	0.01002	0.00728	0.00943	0.00889	0.01060	0.00669	0.00667	0.01332	0.02001	0.02821	0.67855	0.05375	0.09043	0.01468	0.00840	0.00225	0.00337	0.01296	0.00779	0.00669
24	0.01634	0.34753	0.42021	0.01678	0.02539	0.02158	0.02019	0.02202	0.01479	0.02004	0.01153	0.01347	0.00907	0.00647	0.00581	0.00194	0.00926	0.00463	0.00302	0.00992
25	0.01428	0.03683	0.71286	0.02030	0.03082	0.01654	0.02631	0.02255	0.01503	0.02255	0.01278	0.01503	0.00902	0.00677	0.00677	0.00226	0.01052	0.00526	0.00301	0.01052
26	0.03195	0.01212	0.01652	0.01267	0.01818	0.01047	0.01047	0.03470	0.02038	0.71026	0.02809	0.02424	0.01763	0.00881	0.00716	0.00220	0.00606	0.00716	0.00881	0.01212
27	0.01336	0.01344	0.04226	0.01737	0.01917	0.01548	0.11406	0.01599	0.01248	0.01818	0.01716	0.13062	0.01738	0.02275	0.18805	0.00497	0.31687	0.00901	0.00389	0.00750
28	0.01237	0.00618	0.00928	0.00928	0.00928	0.00618	0.00618	0.00928	0.00928	0.01237	0.01237	0.02165	0.01237	0.02474	0.02783	0.79283	0.00618	0.00618	0.00309	0.00309
29	0.01846	0.01567	0.01653	0.01464	0.01880	0.01806	0.01145	0.08965	0.63943	0.03100	0.02803	0.02580	0.02096	0.00957	0.00724	0.00239	0.00581	0.00792	0.00724	0.01134
30	0.00857	0.00715	0.00750	0.00774	0.00991	0.00608	0.00579	0.01037	0.01596	0.01921	0.06724	0.14041	0.60593	0.01855	0.00855	0.00249	0.00378	0.04215	0.00661	0.00601
31	0.01666	0.02021	0.07999	0.02946	0.03685	0.01792	0.64250	0.02279	0.01671	0.02279	0.01431	0.01897	0.01070	0.00605	0.00831	0.00239	0.01192	0.00823	0.00357	0.00966
32	0.01428	0.03683	0.71286	0.02030	0.03082	0.01654	0.02631	0.02255	0.01503	0.02255	0.01278	0.01503	0.00902	0.00677	0.00677	0.00226	0.01052	0.00526	0.00301	0.01052
33	0.01147	0.00820	0.01147	0.01311	0.01475	0.00820	0.01147	0.01475	0.01639	0.02131	0.03770	0.08032	0.04098	0.01967	0.00984	0.00328	0.00656	0.65741	0.00656	0.00656
34	0.01733	0.01661	0.02836	0.09293	0.65844	0.01684	0.02170	0.02159	0.01607	0.02290	0.01334	0.01772	0.01115	0.00640	0.00705	0.00213	0.00853	0.00634	0.00350	0.01104
35	0.80005	0.01377	0.01047	0.00936	0.01377	0.01597	0.00771	0.02093	0.01212	0.03195	0.00991	0.01157	0.00771	0.00661	0.00441	0.00220	0.00551	0.00386	0.00441	0.00771
36	0.01531	0.01503	0.01877	0.03690	0.01826	0.07784	0.01362	0.03689	0.01271	0.01794	0.01323	0.04873	0.01288	0.02129	0.17590	0.00480	0.44176	0.00700	0.00359	0.00756
37	0.80005	0.01377	0.01047	0.00936	0.01377	0.01597	0.00771	0.02093	0.01212	0.03195	0.00991	0.01157	0.00771	0.00661	0.00441	0.00220	0.00551	0.00386	0.00441	0.00771
38	0.01192	0.00709	0.00789	0.00785	0.00874	0.00735	0.00534	0.01378	0.01283	0.02055	0.02291	0.06392	0.02204	0.29541	0.04745	0.00418	0.03221	0.00866	0.39412	0.00574
39	0.01661	0.01458	0.01990	0.40157	0.03494	0.04047	0.01633	0.14965	0.03779	0.02393	0.01570	0.06686	0.01311	0.00909	0.00886	0.00240	0.08428	0.00726	0.02802	0.00866
40	0.01477	0.01266	0.01477	0.01055	0.01687	0.00949	0.00844	0.01793	0.01477	0.02320	0.01266	0.01477	0.01055	0.00527	0.00527	0.00105	0.00527	0.00422	0.00422	0.79328
41	0.01497	0.00827	0.00845	0.00784	0.00999	0.00854	0.00603	0.09841	0.01721	0.02880	0.02247	0.02538	0.01750	0.00833	0.00524	0.00172	0.00387	0.00661	0.69305	0.00731
42	0.01159	0.00762	0.00995	0.00917	0.01115	0.00697	0.00695	0.01486	0.02006	0.07697	0.63561	0.05156	0.08170	0.01425	0.00831	0.00224	0.00356	0.01253	0.00787	0.00708
43	0.00842	0.00721	0.00721	0.00721	0.00962	0.00601	0.00541	0.01022	0.01623	0.01924	0.07213	0.06853	0.70244	0.01803	0.00842	0.00240	0.00361	0.01503	0.00661	0.00601
44	0.02661	0.01972	0.02111	0.01629	0.02191	0.02187	0.01342	0.65028	0.06553	0.04414	0.01767	0.01756	0.01258	0.00860	0.00713	0.00215	0.00773	0.00649	0.00713	0.01207
45	0.01017	0.00763	0.01144	0.01144	0.01272	0.00890	0.00890	0.01272	0.01144	0.01653	0.01907	0.02797	0.01780	0.05340	0.72153	0.01144	0.01907	0.00763	0.00381	0.00636
46	0.02463	0.01873	0.02000	0.01589	0.02115	0.02094	0.01294	0.51363	0.20541	0.04094	0.02020	0.01957	0.01462	0.00884	0.00716	0.00221	0.00726	0.00684	0.00716	0.01189
47	0.01672	0.01443	0.01515	0.01371	0.01756	0.01646	0.01064	0.03488	0.62012	0.02866	0.03360	0.03106	0.09456	0.01056	0.00737	0.00241	0.00542	0.00880	0.00718	0.01071
48	0.00842	0.00721	0.00721	0.00721	0.00962	0.00601	0.00541	0.01022	0.01623	0.01924	0.07213	0.06853	0.70244	0.01803	0.00842	0.00240	0.00361	0.01503	0.00661	0.00601
49	0.00900	0.00744	0.00795	0.00802	0.01023	0.00651	0.00602	0.01155	0.03749	0.02053	0.13249	0.11269	0.54694	0.01777	0.00847	0.00245	0.00378	0.03765	0.00676	0.00625
50	0.01546	0.01610	0.03203	0.12712	0.15790	0.01586	0.37024	0.02038	0.01603	0.02175	0.01749	0.08940	0.01564	0.00844	0.00811	0.00244	0.00999	0.04249	0.00396	0.00916
51	0.01715	0.01158	0.01243	0.01062	0.01310	0.01235	0.00783	0.25575	0.01989	0.02825	0.02069	0.03092	0.01899	0.29698	0.01793	0.00387	0.00635	0.00800	0.19960	0.00772
52	0.01017	0.00763	0.01144	0.01144	0.01272	0.00890	0.00890	0.01272	0.01144	0.01653	0.01907	0.02797	0.01780	0.05340	0.72153	0.01144	0.01907	0.00763	0.00381	0.00636
53	0.01327	0.00664	0.00664	0.00664	0.00830	0.00664	0.00498	0.01659	0.01493	0.02655	0.02323	0.02655	0.01825	0.00830	0.00498	0.00166	0.00332	0.00664	0.78928	0.00664
54	0.01547	0.01507	0.02739	0.19260	0.03192	0.01645	0.27861	0.04703	0.01557	0.02193	0.01535	0.05045	0.01272	0.00840	0.01012	0.00244	0.12838	0.00777	0.09383	0.00850
55	0.01582	0.05480	0.09932	0.09291	0.08369	0.01737	0.40440	0.02112	0.01581	0.02157	0.01532	0.06820	0.01292	0.00757	0.00844	0.00238	0.03713	0.00827	0.00366	0.00930
56	0.12577	0.01361	0.01564	0.01305	0.01623	0.01528	0.03522	0.24691	0.01953	0.02937	0.01716	0.02361	0.01490	0.13991	0.09936	0.00412	0.06794	0.00696	0.08696	0.00846
57	0.02272	0.12519	0.11169	0.01924	0.07136	0.46139	0.01547	0.02568	0.01849	0.01887	0.03910	0.01491	0.01164	0.00732	0.00635	0.00188	0.01117	0.00503	0.00366	0.00882
58	0.01042	0.00682	0.00789	0.00796	0.00798	0.00681	0.00454	0.01026	0.01042	0.01389	0.02244	0.07377	0.02583	0.66969	0.03454	0.06092	0.00674	0.01048	0.00433	0.00429
59	0.04220	0.04433	0.02116	0.06733	0.02252	0.17777	0.13097	0.09625	0.01895	0.02354	0.10876	0.02858	0.10624	0.04035	0.00920	0.00240	0.03801	0.00825	0.00493	0.00827
60	0.01723	0.01652	0.02820	0.10822	0.64388	0.01682	0.02166	0.02151	0.01603	0.02279	0.01332	0.01775	0.01111	0.00642	0.00706	0.00214	0.00856	0.00634	0.00349	0.01096
61	0.01159	0.00761	0.01000	0.00921	0.01116	0.00698	0.00698	0.01490	0.02017	0.07555	0.65515	0.05119	0.06377	0.01416	0.00831	0.00224	0.00355	0.01248	0.00791	0.00709
62	0.01085	0.00864	0.01154	0.01147	0.01275	0.03748	0.00878	0.01319	0.01172	0.01638	0.01898	0.02865	0.01801	0.09955	0.64546	0.01074	0.01798	0.00769	0.00384	0.00629
63	0.01446	0.05823	0.60858	0.02090	0.05375	0.01660	0.05474	0.02202	0.01508	0.02223	0.01379	0.04297	0.01063	0.00728	0.00686	0.00226	0.01018	0.00596	0.00319	0.01028
64	0.00900	0.00651	0.00858	0.01012	0.01082	0.00610	0.00712	0.01053	0.01415	0.01864	0.04137	0.61587	0.09239	0.02168	0.00913	0.00291	0.00439	0.09818	0.00660	0.00589
65	0.00891	0.00634	0.00815	0.00950	0.00993	0.00595	0.00623	0.00999	0.01327	0.01759	0.03817	0.61781	0.07048	0.12630	0.01295	0.00345	0.00451	0.01862	0.00628	0.00558
66	0.02042	0.54651	0.08035	0.01378	0.01996	0.07060	0.01346	0.12277	0.01778	0.02149	0.01127	0.01263	0.00959	0.00659	0.00523	0.00169	0.00818	0.00436	0.00371	0.00963
67	0.01424	0.05765	0.64304	0.01954	0.02931	0.01633	0.02484	0.02197	0.01511	0.02228	0.01441	0.01942	0.01123	0.00763	0.00691	0.00230	0.01016	0.05017	0.00325	0.01021
68	0.01147	0.00820	0.01147	0.01311	0.01475	0.00820	0.01147	0.01475	0.01639	0.02131	0.03770	0.08032	0.04098	0.01967	0.00984	0.00328	0.00656	0.65741	0.00656	0.00656
69	0.01618	0.05163	0.29118	0.05701	0.06546	0.01698	0.29667	0.02253	0.01616	0.04941	0.03827	0.01866	0.01229	0.00677	0.00747	0.00229	0.01046	0.00696	0.00369	0.00993
70	0.09162	0.04650	0.01771	0.03293	0.01895	0.01262	0.03293	0.07490	0.02002	0.47718	0.08062	0.02423	0.01974	0.00883	0.00696	0.00218	0.00628	0.00718	0.00766	0.01096
71	0.05303	0.02212	0.11453	0.02395	0.02999	0.12441	0.38182	0.02224	0.01635	0.02172	0.01524	0.07557	0.01305	0.00795	0.00850	0.00236	0.04627	0.00808	0.00379	0.00903
72	0.64883	0.04791	0.03370	0.01071	0.01534	0.07745	0.00908	0.02213	0.01330	0.05373	0.01074	0.01222	0.00829	0.00673	0.00476	0.00214	0.00640	0.00408	0.00440	0.00806
73	0.01564	0.00904	0.00936	0.00850	0.01086	0.00941	0.00658	0.13702	0.01826	0.02963	0.02259	0.04593	0.01798	0.00875	0.00549	0.00178	0.00416	0.00700	0.62443	0.00760
74	0.01672	0.01377	0.01666	0.01258	0.01807	0.04054	0.05519	0.06349	0.03672	0.06993	0.09230	0.02192	0.03797	0.00738	0.00628	0.00154	0.00602	0.00624	0.00520	0.47150
75	0.01637	0.01261	0.01493	0.01074	0.01700	0.00958	0.00863	0.01949	0.01529	0.08723	0.01409	0.01565	0.01121	0.00560	0.00545	0.00116	0.00535	0.00449	0.00465	0.72049
76	0.02663	0.03297	0.02026	0.01821	0.02202	0.67297	0.01374	0.07346	0.02110	0.01932	0.01143	0.01313	0.00937	0.00742	0.00647	0.00186	0.01250	0.00471	0.00391	0.00852
