[name]
unknown

[dist]
# distance from previous block
# <min> <max>
0	64

[block]
# block no. 0 follows, 28 sequences, length 15
# corresponding to MSA columns:
# 64-78
name=unknown_A
#
# <colnr> <probs for GDERKNQSTAVLIFYWHMCP>
#	G	D	E	R	K	N	Q	S	T	A	V	L	I	F	Y	W	H	M	C	P
0	0.01736	0.05972	0.33405	0.02018	0.08494	0.17004	0.01950	0.02251	0.01636	0.02096	0.01543	0.02286	0.01349	0.06070	0.00912	0.00255	0.01016	0.06011	0.00371	0.03626
1	0.01727	0.01864	0.03226	0.06819	0.03194	0.07540	0.40116	0.02344	0.06474	0.02301	0.01637	0.02225	0.01320	0.00722	0.00787	0.00226	0.01045	0.04149	0.00417	0.11868
2	0.01539	0.27734	0.14420	0.01419	0.01892	0.01870	0.01397	0.01998	0.06435	0.01982	0.02101	0.09523	0.03839	0.04967	0.00992	0.00258	0.07205	0.09128	0.00441	0.00860
3	0.01463	0.07089	0.06932	0.01860	0.16409	0.04917	0.01260	0.01819	0.01819	0.05307	0.29434	0.07697	0.08720	0.01184	0.00773	0.00223	0.00615	0.01029	0.00594	0.00857
4	0.06016	0.54905	0.03267	0.08030	0.02167	0.07729	0.01300	0.02288	0.05062	0.01881	0.01149	0.01332	0.00997	0.00663	0.00519	0.00174	0.00813	0.00442	0.00347	0.00918
5	0.01062	0.00911	0.00952	0.01033	0.01152	0.06816	0.00722	0.01233	0.01584	0.02015	0.13522	0.47968	0.14393	0.01967	0.00884	0.00269	0.00480	0.01741	0.00666	0.00629
6	0.01057	0.00705	0.00793	0.00793	0.00793	0.00705	0.00440	0.01057	0.01057	0.01409	0.02290	0.04757	0.02643	0.74454	0.03700	0.00705	0.00705	0.01057	0.00440	0.00440
7	0.79588	0.01406	0.01068	0.00956	0.01406	0.01631	0.00787	0.02137	0.01237	0.03261	0.01012	0.01181	0.00787	0.00675	0.00450	0.00225	0.00562	0.00394	0.00450	0.00787
8	0.08405	0.17664	0.48119	0.01856	0.02769	0.01927	0.05276	0.02264	0.01506	0.02269	0.01228	0.01450	0.00920	0.00672	0.00633	0.00216	0.00977	0.00510	0.00323	0.01017
9	0.01874	0.54246	0.14516	0.01400	0.02066	0.02525	0.01463	0.06987	0.01626	0.02027	0.01257	0.04772	0.01140	0.00731	0.00545	0.00179	0.00811	0.00513	0.00359	0.00962
10	0.08560	0.18331	0.20598	0.03862	0.02238	0.01920	0.01590	0.13586	0.01747	0.02515	0.01396	0.01714	0.01133	0.01589	0.13525	0.00384	0.03386	0.00563	0.00411	0.00952
11	0.10231	0.37778	0.14726	0.01376	0.01992	0.06291	0.01392	0.02273	0.01518	0.07982	0.01325	0.01586	0.01104	0.04387	0.03118	0.00245	0.00861	0.00495	0.00389	0.00930
12	0.01965	0.24822	0.21262	0.07912	0.02586	0.23260	0.01742	0.02374	0.01657	0.01904	0.01182	0.01436	0.00964	0.00853	0.03031	0.00228	0.01077	0.00489	0.00333	0.00923
13	0.02012	0.32404	0.21649	0.01723	0.02443	0.10388	0.07427	0.04963	0.01703	0.07143	0.01311	0.01473	0.01021	0.00685	0.00614	0.00195	0.00949	0.00515	0.00382	0.00999
14	0.01916	0.14286	0.17653	0.04749	0.06570	0.07435	0.08633	0.14800	0.01913	0.02538	0.01369	0.01650	0.01079	0.00999	0.04787	0.00266	0.04065	0.00588	0.00415	0.04287

[dist]
# distance from previous block
# <min> <max>
40	80

[block]
# block no. 1 follows, 28 sequences, length 8
# corresponding to MSA columns:
# 173-180
name=unknown_B
#
# <colnr> <probs for GDERKNQSTAVLIFYWHMCP>
#	G	D	E	R	K	N	Q	S	T	A	V	L	I	F	Y	W	H	M	C	P
0	0.18417	0.21254	0.35408	0.04960	0.02533	0.01975	0.01878	0.02213	0.01452	0.02337	0.01166	0.01384	0.00897	0.00671	0.00583	0.00211	0.00883	0.00474	0.00340	0.00964
1	0.04574	0.17940	0.42190	0.04967	0.09615	0.01910	0.02187	0.02288	0.01540	0.04611	0.01294	0.01522	0.00975	0.00680	0.00641	0.00213	0.00952	0.00524	0.00340	0.01037
2	0.01699	0.29361	0.36467	0.05357	0.02769	0.05184	0.05469	0.02262	0.01542	0.02043	0.01198	0.01434	0.00938	0.00666	0.00618	0.00203	0.00979	0.00503	0.00315	0.00994
3	0.05652	0.20500	0.40614	0.01788	0.02615	0.12879	0.02049	0.02358	0.01588	0.02127	0.01192	0.01395	0.00919	0.00683	0.00620	0.00205	0.01015	0.00484	0.00326	0.00990
4	0.02220	0.11901	0.09821	0.01779	0.02212	0.35331	0.01531	0.04979	0.07845	0.02038	0.01291	0.01505	0.01064	0.00837	0.00924	0.00215	0.12667	0.00532	0.00396	0.00914
5	0.61127	0.01250	0.01046	0.00946	0.01331	0.01409	0.00763	0.01957	0.01430	0.03180	0.17115	0.02179	0.02214	0.00865	0.00546	0.00226	0.00511	0.00610	0.00532	0.00763
6	0.09731	0.20805	0.30850	0.10559	0.02784	0.09651	0.01909	0.02264	0.01537	0.02141	0.01180	0.01433	0.00918	0.00683	0.00611	0.00208	0.00961	0.00492	0.00332	0.00951
7	0.01564	0.14053	0.24707	0.01477	0.02101	0.09199	0.01539	0.02035	0.01722	0.02325	0.19843	0.02510	0.02563	0.00884	0.00677	0.00198	0.00786	0.00704	0.00465	0.10648

[dist]
# distance from previous block
# <min> <max>
5	35

[block]
# block no. 2 follows, 28 sequences, length 36
# corresponding to MSA columns:
# 216-251
name=unknown_C
#
# <colnr> <probs for GDERKNQSTAVLIFYWHMCP>
#	G	D	E	R	K	N	Q	S	T	A	V	L	I	F	Y	W	H	M	C	P
0	0.04824	0.12551	0.23030	0.01514	0.02038	0.09501	0.01528	0.03854	0.01604	0.02188	0.11294	0.02445	0.02028	0.09758	0.03432	0.00307	0.06129	0.00696	0.00424	0.00855
1	0.10262	0.25102	0.27962	0.01549	0.02243	0.08211	0.01689	0.02186	0.01556	0.02199	0.06441	0.01716	0.01405	0.00931	0.03537	0.00241	0.00927	0.00539	0.00371	0.00931
2	0.01651	0.26518	0.30753	0.01679	0.02393	0.04208	0.04228	0.03985	0.01528	0.02049	0.01310	0.01671	0.01091	0.03548	0.08185	0.00320	0.03051	0.00546	0.00338	0.00949
3	0.05459	0.49283	0.21657	0.01585	0.04974	0.02451	0.01651	0.02211	0.01489	0.01970	0.01104	0.01292	0.00932	0.00644	0.00536	0.00181	0.00851	0.00439	0.00318	0.00973
4	0.06891	0.41008	0.22116	0.05610	0.02340	0.02260	0.01641	0.02134	0.01456	0.01987	0.01170	0.01424	0.00979	0.00961	0.05107	0.00251	0.00933	0.00471	0.00325	0.00937
5	0.06231	0.01605	0.02616	0.19315	0.48711	0.01700	0.02055	0.02209	0.04326	0.02339	0.01395	0.01831	0.01133	0.00681	0.00706	0.00224	0.00858	0.00640	0.00372	0.01054
6	0.01923	0.71966	0.06560	0.01278	0.01918	0.02827	0.01303	0.02182	0.01479	0.01735	0.01023	0.01181	0.00932	0.00625	0.00476	0.00159	0.00790	0.00395	0.00311	0.00939
7	0.00886	0.00633	0.00843	0.01012	0.01054	0.00590	0.00675	0.01012	0.01392	0.01856	0.04006	0.73979	0.04808	0.02277	0.00928	0.00295	0.00422	0.02066	0.00675	0.00590
8	0.01057	0.00705	0.00793	0.00793	0.00793	0.00705	0.00440	0.01057	0.01057	0.01409	0.02290	0.04757	0.02643	0.74454	0.03700	0.00705	0.00705	0.01057	0.00440	0.00440
9	0.73962	0.06731	0.01267	0.00977	0.01439	0.01721	0.00820	0.02140	0.01254	0.03149	0.01012	0.01180	0.00798	0.00671	0.00451	0.00220	0.00578	0.00393	0.00440	0.00798
10	0.02723	0.05621	0.02262	0.01651	0.02235	0.02285	0.01375	0.64281	0.03322	0.04440	0.01709	0.01717	0.01221	0.00860	0.00714	0.00215	0.00799	0.00641	0.00707	0.01221
11	0.01943	0.74891	0.03809	0.01244	0.01866	0.02876	0.01244	0.02177	0.01477	0.01710	0.01011	0.01166	0.00933	0.00622	0.00466	0.00155	0.00777	0.00389	0.00311	0.00933
12	0.02715	0.03464	0.02060	0.01873	0.02247	0.71536	0.01404	0.02903	0.02060	0.01779	0.01124	0.01311	0.00936	0.00749	0.00655	0.00187	0.01311	0.00468	0.00375	0.00843
13	0.01486	0.07899	0.66796	0.02024	0.03072	0.01757	0.02602	0.02295	0.01531	0.02268	0.01287	0.01513	0.00922	0.00687	0.00678	0.00226	0.01057	0.00529	0.00307	0.01066
14	0.01842	0.49188	0.25086	0.01510	0.02274	0.02424	0.01697	0.02272	0.01520	0.04682	0.01180	0.01337	0.00964	0.00655	0.00549	0.00182	0.00866	0.00450	0.00334	0.00990
15	0.01039	0.00775	0.01151	0.01151	0.01274	0.00899	0.00887	0.01287	0.01163	0.01674	0.01963	0.02945	0.01856	0.08697	0.68381	0.01146	0.01889	0.00792	0.00392	0.00639
16	0.01453	0.00889	0.00980	0.00913	0.01157	0.00901	0.00699	0.02083	0.13640	0.07100	0.16756	0.03586	0.08166	0.01084	0.00663	0.00205	0.00402	0.00904	0.37626	0.00795
17	0.01801	0.01768	0.02828	0.11303	0.59961	0.05151	0.02169	0.02226	0.01654	0.02293	0.01348	0.01789	0.01122	0.00661	0.00717	0.00217	0.00896	0.00639	0.00357	0.01101
18	0.01808	0.01561	0.01644	0.01479	0.01890	0.01808	0.01151	0.03863	0.68606	0.03041	0.02959	0.02712	0.02219	0.00986	0.00740	0.00247	0.00575	0.00822	0.00740	0.01151
19	0.01341	0.01123	0.01488	0.01252	0.01643	0.00986	0.05934	0.04322	0.05723	0.02289	0.02529	0.31044	0.02671	0.01291	0.00741	0.00207	0.00557	0.01161	0.00556	0.33143
20	0.02987	0.01343	0.01703	0.01319	0.01860	0.01247	0.01085	0.14887	0.02289	0.53279	0.03011	0.02690	0.06915	0.00967	0.00740	0.00225	0.00632	0.00779	0.00851	0.01189
21	0.01661	0.01256	0.01681	0.04634	0.18191	0.01266	0.01234	0.02372	0.17452	0.11590	0.05933	0.05957	0.21365	0.01183	0.00777	0.00237	0.00594	0.01019	0.00635	0.00963
22	0.02763	0.02036	0.02182	0.01672	0.02254	0.02254	0.01382	0.67496	0.03418	0.04581	0.01745	0.01745	0.01236	0.00873	0.00727	0.00218	0.00800	0.00654	0.00727	0.01236
23	0.01544	0.01347	0.01661	0.14507	0.02369	0.01262	0.01136	0.02253	0.15302	0.02412	0.01635	0.01835	0.01292	0.00666	0.00615	0.00161	0.00626	0.00551	0.00474	0.48351
24	0.01138	0.00877	0.01164	0.01111	0.01158	0.01028	0.00798	0.01258	0.01107	0.01566	0.01947	0.03550	0.02067	0.37485	0.28059	0.00809	0.13016	0.00887	0.00402	0.00574
25	0.01767	0.01446	0.01731	0.01296	0.01883	0.01282	0.03718	0.17433	0.01962	0.02854	0.01618	0.07219	0.01406	0.00756	0.00627	0.00154	0.00620	0.00629	0.00518	0.51081
26	0.00923	0.00739	0.00825	0.00804	0.01021	0.00641	0.00603	0.01167	0.01808	0.02324	0.30881	0.06403	0.45883	0.01707	0.00858	0.00239	0.00359	0.01451	0.00722	0.00641
27	0.01507	0.01292	0.01507	0.01077	0.01723	0.00969	0.00861	0.01830	0.01507	0.02369	0.01292	0.01507	0.01077	0.00538	0.00538	0.00108	0.00538	0.00431	0.00431	0.78898
28	0.01029	0.00743	0.00972	0.00914	0.01086	0.00686	0.00686	0.01372	0.02058	0.02915	0.69536	0.05430	0.06859	0.01486	0.00857	0.00229	0.00343	0.01315	0.00800	0.00686
29	0.00886	0.00633	0.00843	0.01012	0.01054	0.00590	0.00675	0.01012	0.01392	0.01856	0.04006	0.73979	0.04808	0.02277	0.00928	0.00295	0.00422	0.02066	0.00675	0.00590
30	0.01507	0.01292	0.01507	0.01077	0.01723	0.00969	0.00861	0.01830	0.01507	0.02369	0.01292	0.01507	0.01077	0.00538	0.00538	0.00108	0.00538	0.00431	0.00431	0.78898
31	0.02006	0.01208	0.01661	0.01280	0.01785	0.01037	0.06010	0.02414	0.04618	0.25095	0.17842	0.02829	0.02717	0.00904	0.00710	0.00191	0.00574	0.00786	0.00681	0.25654
32	0.12616	0.00932	0.00945	0.00886	0.01184	0.00885	0.00677	0.01507	0.06467	0.02371	0.12811	0.09117	0.38102	0.01490	0.00769	0.00233	0.00425	0.01234	0.00642	0.06707
33	0.01367	0.01195	0.01946	0.56608	0.04155	0.01420	0.01725	0.01721	0.01383	0.01809	0.01288	0.01945	0.01021	0.00978	0.01024	0.11831	0.00886	0.00627	0.00330	0.06742
34	0.02559	0.02939	0.02003	0.01751	0.02180	0.50461	0.01340	0.12426	0.07394	0.02336	0.01371	0.01499	0.01091	0.00770	0.00664	0.00190	0.01119	0.00520	0.00459	0.06929
35	0.02201	0.02212	0.01814	0.07052	0.02219	0.28702	0.01276	0.05234	0.24590	0.07339	0.04298	0.02250	0.03810	0.00895	0.00707	0.00216	0.00887	0.00687	0.00569	0.03042

[dist]
# distance from previous block
# <min> <max>
1	5

[block]
# block no. 3 follows, 28 sequences, length 8
# corresponding to MSA columns:
# 258-265
name=unknown_D
#
# <colnr> <probs for GDERKNQSTAVLIFYWHMCP>
#	G	D	E	R	K	N	Q	S	T	A	V	L	I	F	Y	W	H	M	C	P
0	0.39434	0.01827	0.01483	0.01280	0.01741	0.13807	0.01019	0.08450	0.11170	0.06709	0.01491	0.01561	0.01129	0.00754	0.00572	0.00214	0.00717	0.00511	0.00526	0.05607
1	0.07289	0.01423	0.02447	0.53231	0.08454	0.01655	0.11336	0.01968	0.01487	0.02061	0.01301	0.01876	0.00986	0.00702	0.00725	0.00240	0.00969	0.00658	0.00341	0.00851
2	0.68327	0.01389	0.01228	0.11287	0.01924	0.01628	0.00965	0.02097	0.01268	0.03059	0.01052	0.01290	0.00813	0.00682	0.00490	0.00227	0.00621	0.00430	0.00432	0.00790
3	0.58796	0.01704	0.01305	0.01156	0.01601	0.10057	0.00929	0.06297	0.07516	0.03143	0.01244	0.01368	0.00961	0.00723	0.00517	0.00222	0.00667	0.00457	0.00483	0.00853
4	0.01063	0.00772	0.00954	0.06238	0.01244	0.00788	0.00683	0.01178	0.01245	0.01622	0.03084	0.05092	0.12264	0.46143	0.07546	0.00598	0.00759	0.07711	0.00486	0.00531
5	0.79588	0.01406	0.01068	0.00956	0.01406	0.01631	0.00787	0.02137	0.01237	0.03261	0.01012	0.01181	0.00787	0.00675	0.00450	0.00225	0.00562	0.00394	0.00450	0.00787
6	0.01373	0.01292	0.02180	0.72707	0.05006	0.01615	0.02019	0.01857	0.01453	0.01857	0.01292	0.01938	0.00969	0.00727	0.00727	0.00242	0.00969	0.00646	0.00323	0.00807
7	0.79588	0.01406	0.01068	0.00956	0.01406	0.01631	0.00787	0.02137	0.01237	0.03261	0.01012	0.01181	0.00787	0.00675	0.00450	0.00225	0.00562	0.00394	0.00450	0.00787

[dist]
# distance from previous block
# <min> <max>
6	11

[block]
# block no. 4 follows, 28 sequences, length 8
# corresponding to MSA columns:
# 279-286
name=unknown_E
#
# <colnr> <probs for GDERKNQSTAVLIFYWHMCP>
#	G	D	E	R	K	N	Q	S	T	A	V	L	I	F	Y	W	H	M	C	P
0	0.79588	0.01406	0.01068	0.00956	0.01406	0.01631	0.00787	0.02137	0.01237	0.03261	0.01012	0.01181	0.00787	0.00675	0.00450	0.00225	0.00562	0.00394	0.00450	0.00787
1	0.02728	0.01266	0.01673	0.05061	0.01983	0.01125	0.01082	0.06463	0.02022	0.48488	0.05879	0.02397	0.01864	0.00859	0.00705	0.00206	0.00619	0.00702	0.00777	0.14100
2	0.79588	0.01406	0.01068	0.00956	0.01406	0.01631	0.00787	0.02137	0.01237	0.03261	0.01012	0.01181	0.00787	0.00675	0.00450	0.00225	0.00562	0.00394	0.00450	0.00787
3	0.00869	0.00696	0.00778	0.00844	0.01010	0.00605	0.00600	0.01031	0.01553	0.01921	0.06052	0.33175	0.44292	0.02011	0.00886	0.00265	0.00389	0.01742	0.00675	0.00605
4	0.00886	0.00633	0.00843	0.01012	0.01054	0.00590	0.00675	0.01012	0.01392	0.01856	0.04006	0.73979	0.04808	0.02277	0.00928	0.00295	0.00422	0.02066	0.00675	0.00590
5	0.10307	0.01305	0.01458	0.01063	0.01687	0.01044	0.00853	0.01865	0.01477	0.02469	0.01260	0.01471	0.01044	0.00554	0.00528	0.00121	0.00541	0.00426	0.00433	0.70095
6	0.01490	0.01482	0.02170	0.66495	0.04765	0.07746	0.01965	0.01949	0.01507	0.01850	0.01277	0.01883	0.00966	0.00729	0.00720	0.00237	0.00999	0.00630	0.00328	0.00811
7	0.01507	0.01292	0.01507	0.01077	0.01723	0.00969	0.00861	0.01830	0.01507	0.02369	0.01292	0.01507	0.01077	0.00538	0.00538	0.00108	0.00538	0.00431	0.00431	0.78898

[dist]
# distance from previous block
# <min> <max>
0	4

[block]
# block no. 5 follows, 28 sequences, length 6
# corresponding to MSA columns:
# 291-296
name=unknown_F
#
# <colnr> <probs for GDERKNQSTAVLIFYWHMCP>
#	G	D	E	R	K	N	Q	S	T	A	V	L	I	F	Y	W	H	M	C	P
0	0.13968	0.01408	0.01521	0.01147	0.01741	0.01264	0.00924	0.09283	0.05512	0.02793	0.01393	0.01551	0.01114	0.00623	0.00557	0.00146	0.00573	0.00472	0.00484	0.53524
1	0.01042	0.00766	0.01104	0.01104	0.01211	0.00874	0.00828	0.01257	0.01149	0.01640	0.02006	0.03183	0.01959	0.17324	0.59895	0.01088	0.01733	0.00827	0.00398	0.00613
2	0.01723	0.01360	0.01836	0.01321	0.01968	0.01076	0.08256	0.02074	0.01593	0.09835	0.01485	0.01664	0.01159	0.00586	0.00595	0.00136	0.00623	0.00511	0.00475	0.61724
3	0.21258	0.01607	0.02589	0.01898	0.02533	0.01508	0.29310	0.02121	0.01529	0.02576	0.01298	0.01619	0.01015	0.00605	0.00653	0.00196	0.00839	0.00604	0.00408	0.25834
4	0.14034	0.01310	0.02000	0.61092	0.04424	0.01618	0.01819	0.01902	0.01418	0.02085	0.01247	0.01815	0.00940	0.00718	0.00682	0.00239	0.00903	0.00605	0.00344	0.00804
5	0.12377	0.01743	0.03322	0.13945	0.03498	0.01808	0.41748	0.02175	0.01554	0.02329	0.01333	0.01817	0.01025	0.00698	0.00915	0.00248	0.07449	0.00740	0.00367	0.00909

[dist]
# distance from previous block
# <min> <max>
11	14

[block]
# block no. 6 follows, 28 sequences, length 30
# corresponding to MSA columns:
# 312-341
name=unknown_G
#
# <colnr> <probs for GDERKNQSTAVLIFYWHMCP>
#	G	D	E	R	K	N	Q	S	T	A	V	L	I	F	Y	W	H	M	C	P
0	0.01558	0.01583	0.02328	0.41041	0.03769	0.06770	0.06247	0.01930	0.01409	0.01850	0.01187	0.01787	0.00971	0.00890	0.01245	0.00262	0.23381	0.00645	0.00328	0.00818
1	0.01943	0.74891	0.03809	0.01244	0.01866	0.02876	0.01244	0.02177	0.01477	0.01710	0.01011	0.01166	0.00933	0.00622	0.00466	0.00155	0.00777	0.00389	0.00311	0.00933
2	0.01458	0.03760	0.70688	0.02072	0.03146	0.01688	0.02686	0.02302	0.01535	0.02302	0.01304	0.01535	0.00921	0.00691	0.00691	0.00230	0.01074	0.00537	0.00307	0.01074
3	0.01373	0.01292	0.02180	0.72707	0.05006	0.01615	0.02019	0.01857	0.01453	0.01857	0.01292	0.01938	0.00969	0.00727	0.00727	0.00242	0.00969	0.00646	0.00323	0.00807
4	0.01057	0.00705	0.00793	0.00793	0.00793	0.00705	0.00440	0.01057	0.01057	0.01409	0.02290	0.04757	0.02643	0.74454	0.03700	0.00705	0.00705	0.01057	0.00440	0.00440
5	0.01022	0.00743	0.00962	0.00907	0.01082	0.00683	0.00680	0.01358	0.02041	0.02875	0.66946	0.05495	0.09474	0.01501	0.00857	0.00229	0.00344	0.01324	0.00795	0.00683
6	0.02763	0.02036	0.02182	0.01672	0.02254	0.02254	0.01382	0.67496	0.03418	0.04581	0.01745	0.01745	0.01236	0.00873	0.00727	0.00218	0.00800	0.00654	0.00727	0.01236
7	0.01521	0.13009	0.61992	0.01964	0.02980	0.01843	0.02498	0.02286	0.01527	0.02225	0.01266	0.01487	0.00922	0.00682	0.00661	0.00220	0.01036	0.00518	0.00307	0.01056
8	0.00919	0.00653	0.00865	0.01022	0.01071	0.00617	0.00697	0.01053	0.01391	0.01850	0.03879	0.64309	0.04614	0.07128	0.01121	0.00326	0.00460	0.06783	0.00659	0.00586
9	0.01720	0.01646	0.02807	0.17153	0.57848	0.01706	0.02191	0.02161	0.01618	0.02279	0.01353	0.01825	0.01117	0.00662	0.00721	0.00221	0.00883	0.00647	0.00353	0.01087
10	0.00948	0.00659	0.00825	0.00932	0.00959	0.00632	0.00589	0.01029	0.01270	0.01693	0.03381	0.48770	0.04019	0.28563	0.01937	0.00444	0.00525	0.01699	0.00589	0.00536
11	0.02584	0.01744	0.01934	0.01539	0.02060	0.01887	0.01251	0.42272	0.14070	0.15351	0.02264	0.05984	0.01693	0.00973	0.00741	0.00228	0.00711	0.00773	0.00756	0.01187
12	0.01770	0.01698	0.02899	0.09068	0.65538	0.01720	0.02217	0.02206	0.01642	0.02340	0.01362	0.01808	0.01139	0.00653	0.00720	0.00218	0.00871	0.00648	0.00357	0.01128
13	0.02763	0.02036	0.02182	0.01672	0.02254	0.02254	0.01382	0.67496	0.03418	0.04581	0.01745	0.01745	0.01236	0.00873	0.00727	0.00218	0.00800	0.00654	0.00727	0.01236
14	0.01520	0.03388	0.58289	0.02509	0.15368	0.01695	0.02602	0.02289	0.01557	0.02315	0.01316	0.01583	0.00963	0.00683	0.00696	0.00228	0.01036	0.00557	0.00317	0.01088
15	0.01458	0.03760	0.70688	0.02072	0.03146	0.01688	0.02686	0.02302	0.01535	0.02302	0.01304	0.01535	0.00921	0.00691	0.00691	0.00230	0.01074	0.00537	0.00307	0.01074
16	0.01808	0.01561	0.01644	0.01479	0.01890	0.01808	0.01151	0.03863	0.68606	0.03041	0.02959	0.02712	0.02219	0.00986	0.00740	0.00247	0.00575	0.00822	0.00740	0.01151
17	0.00886	0.00633	0.00843	0.01012	0.01054	0.00590	0.00675	0.01012	0.01392	0.01856	0.04006	0.73979	0.04808	0.02277	0.00928	0.00295	0.00422	0.02066	0.00675	0.00590
18	0.02949	0.01738	0.01997	0.01531	0.02106	0.01812	0.01265	0.43639	0.02919	0.29142	0.02164	0.02017	0.01446	0.00883	0.00729	0.00221	0.00732	0.00683	0.00792	0.01237
19	0.01373	0.01292	0.02180	0.72707	0.05006	0.01615	0.02019	0.01857	0.01453	0.01857	0.01292	0.01938	0.00969	0.00727	0.00727	0.00242	0.00969	0.00646	0.00323	0.00807
20	0.01742	0.01668	0.02825	0.06738	0.64556	0.01674	0.02149	0.02165	0.01648	0.02338	0.01629	0.02033	0.04167	0.00703	0.00726	0.00218	0.00845	0.00687	0.00372	0.01115
21	0.01645	0.01039	0.01336	0.01132	0.01408	0.01074	0.05231	0.08697	0.01843	0.08917	0.13039	0.03052	0.05138	0.01012	0.00789	0.00208	0.06120	0.00824	0.36680	0.00814
22	0.01060	0.00888	0.00940	0.00900	0.01165	0.00844	0.00683	0.01611	0.13975	0.02311	0.16362	0.05965	0.47388	0.01629	0.00837	0.00243	0.00402	0.01369	0.00707	0.00723
23	0.02964	0.01602	0.01936	0.01514	0.02049	0.11301	0.06766	0.03263	0.02045	0.52078	0.05067	0.02376	0.01810	0.00876	0.00736	0.00221	0.00760	0.00726	0.00774	0.01137
24	0.01047	0.00706	0.00790	0.00790	0.00802	0.00700	0.00446	0.01056	0.01087	0.01437	0.02544	0.04869	0.05995	0.70820	0.03558	0.00682	0.00688	0.01081	0.00452	0.00449
25	0.01716	0.01961	0.04289	0.03064	0.03799	0.01838	0.67279	0.02328	0.01716	0.02328	0.01471	0.01961	0.01103	0.00613	0.00858	0.00245	0.01225	0.00858	0.00368	0.00980
26	0.01557	0.03622	0.66912	0.02029	0.03075	0.01654	0.02597	0.02370	0.01565	0.06029	0.01390	0.01586	0.00969	0.00702	0.00693	0.00230	0.01049	0.00548	0.00339	0.01083
27	0.01482	0.01263	0.01479	0.01068	0.01689	0.00954	0.00852	0.01806	0.01537	0.02398	0.04917	0.01716	0.01384	0.00589	0.00555	0.00114	0.00528	0.00478	0.00450	0.74743
28	0.01415	0.00790	0.00877	0.07323	0.01286	0.00828	0.00683	0.04419	0.01596	0.02709	0.02247	0.02599	0.01755	0.00837	0.00537	0.00178	0.00416	0.00674	0.68119	0.00712
29	0.01458	0.03760	0.70688	0.02072	0.03146	0.01688	0.02686	0.02302	0.01535	0.02302	0.01304	0.01535	0.00921	0.00691	0.00691	0.00230	0.01074	0.00537	0.00307	0.01074

[dist]
# distance from previous block
# <min> <max>
0	11

[block]
# block no. 7 follows, 28 sequences, length 18
# corresponding to MSA columns:
# 353-370
name=unknown_H
#
# <colnr> <probs for GDERKNQSTAVLIFYWHMCP>
#	G	D	E	R	K	N	Q	S	T	A	V	L	I	F	Y	W	H	M	C	P
0	0.00890	0.00647	0.00840	0.00983	0.01049	0.00597	0.00665	0.01032	0.01446	0.01915	0.07388	0.64855	0.10610	0.02202	0.00918	0.00288	0.00413	0.01984	0.00681	0.00597
1	0.13691	0.01317	0.01593	0.01278	0.01799	0.01276	0.01043	0.03401	0.13533	0.49304	0.02624	0.02335	0.01731	0.00883	0.00693	0.00229	0.00603	0.00700	0.00809	0.01159
2	0.01588	0.00939	0.01054	0.00926	0.01182	0.00968	0.03296	0.11914	0.01825	0.02985	0.02238	0.02531	0.01736	0.00842	0.00556	0.00180	0.00445	0.00681	0.63338	0.00776
3	0.01041	0.00769	0.01119	0.01119	0.01232	0.00882	0.00847	0.01266	0.01154	0.01651	0.01992	0.03106	0.01926	0.14530	0.62644	0.01107	0.01784	0.00815	0.00396	0.00622
4	0.02763	0.02036	0.02182	0.01672	0.02254	0.02254	0.01382	0.67496	0.03418	0.04581	0.01745	0.01745	0.01236	0.00873	0.00727	0.00218	0.00800	0.00654	0.00727	0.01236
5	0.01373	0.01292	0.02180	0.72707	0.05006	0.01615	0.02019	0.01857	0.01453	0.01857	0.01292	0.01938	0.00969	0.00727	0.00727	0.00242	0.00969	0.00646	0.00323	0.00807
6	0.01233	0.00788	0.01037	0.00949	0.01156	0.00721	0.00721	0.01570	0.02060	0.09092	0.63435	0.05159	0.06396	0.01432	0.00846	0.00228	0.00368	0.01261	0.00809	0.00736
7	0.01458	0.03760	0.70688	0.02072	0.03146	0.01688	0.02686	0.02302	0.01535	0.02302	0.01304	0.01535	0.00921	0.00691	0.00691	0.00230	0.01074	0.00537	0.00307	0.01074
8	0.75054	0.01443	0.01134	0.00998	0.01456	0.01667	0.00822	0.05994	0.01366	0.03339	0.01055	0.01214	0.00814	0.00686	0.00466	0.00225	0.00576	0.00409	0.00466	0.00814
9	0.79588	0.01406	0.01068	0.00956	0.01406	0.01631	0.00787	0.02137	0.01237	0.03261	0.01012	0.01181	0.00787	0.00675	0.00450	0.00225	0.00562	0.00394	0.00450	0.00787
10	0.01655	0.34979	0.38499	0.01662	0.02501	0.02172	0.01972	0.02210	0.01530	0.02065	0.03843	0.01525	0.01158	0.00691	0.00598	0.00197	0.00915	0.00502	0.00328	0.00997
11	0.01029	0.00743	0.00972	0.00914	0.01086	0.00686	0.00686	0.01372	0.02058	0.02915	0.69536	0.05430	0.06859	0.01486	0.00857	0.00229	0.00343	0.01315	0.00800	0.00686
12	0.01081	0.00814	0.01083	0.01075	0.01187	0.00907	0.00793	0.01339	0.03915	0.01754	0.02643	0.09530	0.07782	0.18576	0.37640	0.00817	0.04682	0.00999	0.02758	0.00626
13	0.01054	0.00718	0.00858	0.00858	0.00881	0.00740	0.00522	0.01099	0.01076	0.01458	0.02231	0.04426	0.02499	0.62453	0.15504	0.00785	0.00921	0.01009	0.00432	0.00477
14	0.02009	0.68853	0.03661	0.01297	0.01898	0.08680	0.01257	0.02238	0.01526	0.01716	0.01020	0.01178	0.00933	0.00633	0.00482	0.00158	0.00822	0.00395	0.00316	0.00925
15	0.01935	0.57309	0.14412	0.01413	0.02104	0.02633	0.01487	0.07719	0.01650	0.02048	0.01120	0.01274	0.00957	0.00654	0.00524	0.00173	0.00827	0.00435	0.00345	0.00981
16	0.01585	0.07626	0.02397	0.53855	0.04301	0.01800	0.04972	0.08117	0.04342	0.02169	0.01386	0.01887	0.01047	0.00736	0.00712	0.00233	0.00933	0.00642	0.00379	0.00880
17	0.20100	0.01850	0.01880	0.01492	0.02028	0.02072	0.01226	0.46849	0.08888	0.04141	0.01690	0.01706	0.01224	0.00838	0.00665	0.00222	0.00725	0.00611	0.00665	0.01127

[dist]
# distance from previous block
# <min> <max>
0	4

[block]
# block no. 8 follows, 28 sequences, length 56
# corresponding to MSA columns:
# 375-423,425-431
name=unknown_I
#
# <colnr> <probs for GDERKNQSTAVLIFYWHMCP>
#	G	D	E	R	K	N	Q	S	T	A	V	L	I	F	Y	W	H	M	C	P
0	0.00894	0.00639	0.00851	0.01007	0.01056	0.00596	0.00675	0.01033	0.01430	0.01916	0.07729	0.70085	0.04924	0.02232	0.00924	0.00291	0.00417	0.02024	0.00682	0.00596
1	0.01373	0.01292	0.02180	0.72707	0.05006	0.01615	0.02019	0.01857	0.01453	0.01857	0.01292	0.01938	0.00969	0.00727	0.00727	0.00242	0.00969	0.00646	0.00323	0.00807
2	0.00886	0.00633	0.00843	0.01012	0.01054	0.00590	0.00675	0.01012	0.01392	0.01856	0.04006	0.73979	0.04808	0.02277	0.00928	0.00295	0.00422	0.02066	0.00675	0.00590
3	0.01057	0.00705	0.00793	0.00793	0.00793	0.00705	0.00440	0.01057	0.01057	0.01409	0.02290	0.04757	0.02643	0.74454	0.03700	0.00705	0.00705	0.01057	0.00440	0.00440
4	0.01777	0.01705	0.02911	0.07948	0.66603	0.01721	0.02220	0.02212	0.01645	0.02348	0.01363	0.01806	0.01142	0.00652	0.00720	0.00217	0.00869	0.00648	0.00358	0.01134
5	0.01373	0.01292	0.02180	0.72707	0.05006	0.01615	0.02019	0.01857	0.01453	0.01857	0.01292	0.01938	0.00969	0.00727	0.00727	0.00242	0.00969	0.00646	0.00323	0.00807
6	0.01165	0.00941	0.01264	0.04237	0.01451	0.01077	0.00951	0.04610	0.01411	0.01939	0.02966	0.45516	0.03428	0.06660	0.03550	0.00347	0.15724	0.01532	0.00564	0.00667
7	0.00893	0.00738	0.00784	0.00772	0.01003	0.00628	0.00579	0.01109	0.01738	0.02155	0.19891	0.06680	0.56978	0.01769	0.00859	0.00242	0.00363	0.01490	0.00700	0.00628
8	0.04834	0.01714	0.01745	0.01502	0.01954	0.05387	0.01186	0.15141	0.46093	0.08412	0.02573	0.02396	0.01895	0.00936	0.00722	0.00236	0.00656	0.00752	0.00721	0.01144
9	0.01458	0.03760	0.70688	0.02072	0.03146	0.01688	0.02686	0.02302	0.01535	0.02302	0.01304	0.01535	0.00921	0.00691	0.00691	0.00230	0.01074	0.00537	0.00307	0.01074
10	0.01855	0.61962	0.15965	0.01394	0.02098	0.02660	0.01506	0.02199	0.01487	0.01818	0.01064	0.01233	0.00931	0.00634	0.00507	0.00169	0.00831	0.00416	0.00310	0.00959
11	0.00940	0.00740	0.00849	0.00822	0.01032	0.00648	0.00616	0.01200	0.01849	0.02419	0.37116	0.06246	0.39588	0.01671	0.00858	0.00237	0.00356	0.01429	0.00735	0.00648
12	0.79588	0.01406	0.01068	0.00956	0.01406	0.01631	0.00787	0.02137	0.01237	0.03261	0.01012	0.01181	0.00787	0.00675	0.00450	0.00225	0.00562	0.00394	0.00450	0.00787
13	0.03233	0.01282	0.01715	0.01315	0.01878	0.01136	0.01086	0.07176	0.02156	0.66682	0.02804	0.02433	0.01767	0.00898	0.00731	0.00225	0.00629	0.00727	0.00890	0.01237
14	0.01943	0.74891	0.03809	0.01244	0.01866	0.02876	0.01244	0.02177	0.01477	0.01710	0.01011	0.01166	0.00933	0.00622	0.00466	0.00155	0.00777	0.00389	0.00311	0.00933
15	0.00886	0.00633	0.00843	0.01012	0.01054	0.00590	0.00675	0.01012	0.01392	0.01856	0.04006	0.73979	0.04808	0.02277	0.00928	0.00295	0.00422	0.02066	0.00675	0.00590
16	0.02717	0.03414	0.02064	0.01866	0.02247	0.69096	0.01404	0.05177	0.02108	0.01878	0.01145	0.01326	0.00947	0.00753	0.00658	0.00188	0.01293	0.00475	0.00387	0.00857
17	0.01598	0.08237	0.38949	0.02412	0.03316	0.01836	0.28696	0.02304	0.01604	0.02269	0.01350	0.01680	0.00995	0.00654	0.00742	0.00231	0.01114	0.00656	0.00332	0.01026
18	0.79588	0.01406	0.01068	0.00956	0.01406	0.01631	0.00787	0.02137	0.01237	0.03261	0.01012	0.01181	0.00787	0.00675	0.00450	0.00225	0.00562	0.00394	0.00450	0.00787
19	0.01050	0.00731	0.00928	0.00928	0.00975	0.00778	0.00609	0.01144	0.01097	0.01510	0.02166	0.04071	0.02345	0.49547	0.28200	0.00872	0.01153	0.00957	0.00422	0.00516
20	0.02011	0.68656	0.03656	0.01299	0.01899	0.08870	0.01258	0.02240	0.01528	0.01716	0.01020	0.01179	0.00933	0.00633	0.00483	0.00158	0.00824	0.00396	0.00316	0.00925
21	0.01808	0.01561	0.01644	0.01479	0.01890	0.01808	0.01151	0.03863	0.68606	0.03041	0.02959	0.02712	0.02219	0.00986	0.00740	0.00247	0.00575	0.00822	0.00740	0.01151
22	0.01056	0.00707	0.00807	0.00807	0.00812	0.00712	0.00458	0.01066	0.01061	0.01420	0.02278	0.04686	0.02612	0.71879	0.06233	0.00722	0.00751	0.01047	0.00439	0.00448
23	0.01202	0.00941	0.01002	0.00947	0.01238	0.00895	0.00735	0.04214	0.12101	0.05130	0.08073	0.05952	0.48369	0.01629	0.00837	0.00248	0.00442	0.04593	0.00700	0.00752
24	0.04168	0.03189	0.54626	0.01845	0.02810	0.01547	0.02267	0.02264	0.01540	0.04770	0.01348	0.01552	0.00973	0.00673	0.00659	0.00210	0.00954	0.00522	0.00353	0.13732
25	0.01799	0.01727	0.02950	0.04462	0.69919	0.01727	0.02231	0.02231	0.01655	0.02375	0.01367	0.01799	0.01151	0.00648	0.00720	0.00216	0.00864	0.00648	0.00360	0.01151
26	0.01743	0.01696	0.02720	0.06812	0.59676	0.04123	0.02065	0.02150	0.01662	0.02302	0.01812	0.02182	0.06343	0.00745	0.00728	0.00218	0.00846	0.00709	0.00383	0.01086
27	0.01884	0.66123	0.12053	0.01346	0.02024	0.02730	0.01422	0.02192	0.01484	0.01783	0.01047	0.01211	0.00931	0.00630	0.00494	0.00165	0.00814	0.00407	0.00310	0.00950
28	0.00885	0.00636	0.00840	0.01002	0.01052	0.00591	0.00670	0.01013	0.01401	0.01860	0.04129	0.71533	0.07175	0.02261	0.00925	0.00293	0.00420	0.02047	0.00675	0.00591
29	0.79588	0.01406	0.01068	0.00956	0.01406	0.01631	0.00787	0.02137	0.01237	0.03261	0.01012	0.01181	0.00787	0.00675	0.00450	0.00225	0.00562	0.00394	0.00450	0.00787
30	0.02763	0.02036	0.02182	0.01672	0.02254	0.02254	0.01382	0.67496	0.03418	0.04581	0.01745	0.01745	0.01236	0.00873	0.00727	0.00218	0.00800	0.00654	0.00727	0.01236
31	0.01611	0.09862	0.36838	0.02402	0.03292	0.01864	0.29216	0.02301	0.01604	0.02256	0.01345	0.01675	0.00997	0.00652	0.00738	0.00229	0.01108	0.00655	0.00332	0.01022
32	0.79588	0.01406	0.01068	0.00956	0.01406	0.01631	0.00787	0.02137	0.01237	0.03261	0.01012	0.01181	0.00787	0.00675	0.00450	0.00225	0.00562	0.00394	0.00450	0.00787
33	0.01057	0.00705	0.00793	0.00793	0.00793	0.00705	0.00440	0.01057	0.01057	0.01409	0.02290	0.04757	0.02643	0.74454	0.03700	0.00705	0.00705	0.01057	0.00440	0.00440
34	0.79588	0.01406	0.01068	0.00956	0.01406	0.01631	0.00787	0.02137	0.01237	0.03261	0.01012	0.01181	0.00787	0.00675	0.00450	0.00225	0.00562	0.00394	0.00450	0.00787
35	0.01943	0.74891	0.03809	0.01244	0.01866	0.02876	0.01244	0.02177	0.01477	0.01710	0.01011	0.01166	0.00933	0.00622	0.00466	0.00155	0.00777	0.00389	0.00311	0.00933
36	0.00886	0.00633	0.00843	0.01012	0.01054	0.00590	0.00675	0.01012	0.01392	0.01856	0.04006	0.73979	0.04808	0.02277	0.00928	0.00295	0.00422	0.02066	0.00675	0.00590
37	0.00886	0.00633	0.00843	0.01012	0.01054	0.00590	0.00675	0.01012	0.01392	0.01856	0.04006	0.73979	0.04808	0.02277	0.00928	0.00295	0.00422	0.02066	0.00675	0.00590
38	0.20861	0.04413	0.01648	0.01234	0.01767	0.01347	0.01025	0.05458	0.04529	0.46924	0.02322	0.02102	0.01524	0.00838	0.00655	0.00223	0.00617	0.00639	0.00758	0.01116
39	0.02021	0.01201	0.01293	0.01080	0.01429	0.01261	0.00863	0.24696	0.02233	0.09661	0.02200	0.02353	0.01640	0.00861	0.00605	0.00191	0.00525	0.00674	0.44289	0.00923
40	0.00865	0.00737	0.00745	0.00743	0.00986	0.00616	0.00557	0.01055	0.01671	0.01998	0.09614	0.06939	0.67352	0.01828	0.00859	0.00245	0.00367	0.01526	0.00680	0.00616
41	0.01373	0.01292	0.02180	0.72707	0.05006	0.01615	0.02019	0.01857	0.01453	0.01857	0.01292	0.01938	0.00969	0.00727	0.00727	0.00242	0.00969	0.00646	0.00323	0.00807
42	0.02458	0.32710	0.02817	0.01535	0.02077	0.22257	0.03848	0.07218	0.01902	0.14673	0.01456	0.01522	0.01122	0.00727	0.00603	0.00185	0.00921	0.00512	0.00470	0.00986
43	0.01751	0.01678	0.02864	0.12102	0.62653	0.01715	0.02207	0.02189	0.01633	0.02317	0.01359	0.01815	0.01131	0.00657	0.00720	0.00219	0.00875	0.00647	0.00356	0.01113
44	0.02616	0.03291	0.02110	0.04773	0.05812	0.65237	0.01471	0.02827	0.02016	0.01813	0.01143	0.01360	0.00949	0.00743	0.00661	0.00191	0.01275	0.00484	0.00372	0.00857
45	0.00871	0.00737	0.00753	0.00749	0.00989	0.00619	0.00562	0.01067	0.01685	0.02032	0.11806	0.06884	0.65140	0.01816	0.00859	0.00244	0.00366	0.01518	0.00684	0.00619
46	0.01740	0.01430	0.01632	0.01187	0.01821	0.01207	0.00958	0.13984	0.01861	0.02778	0.01376	0.01551	0.01106	0.00600	0.00573	0.00128	0.00587	0.00472	0.00486	0.64524
47	0.00886	0.00633	0.00843	0.01012	0.01054	0.00590	0.00675	0.01012	0.01392	0.01856	0.04006	0.73979	0.04808	0.02277	0.00928	0.00295	0.00422	0.02066	0.00675	0.00590
48	0.04535	0.16613	0.16543	0.02443	0.03210	0.02007	0.39764	0.02287	0.01617	0.02236	0.01332	0.01696	0.01024	0.00631	0.00735	0.00224	0.01085	0.00689	0.00348	0.00982
49	0.02498	0.03113	0.02079	0.13339	0.02694	0.60217	0.01504	0.02733	0.01962	0.01792	0.01151	0.01412	0.00942	0.00745	0.00667	0.00196	0.01256	0.00497	0.00366	0.00837
50	0.00992	0.00779	0.00922	0.00994	0.01206	0.00709	0.00817	0.01241	0.01664	0.02054	0.05863	0.07510	0.41681	0.01912	0.00921	0.00284	0.00497	0.28645	0.00673	0.00637
51	0.01590	0.01590	0.02226	0.01908	0.01908	0.02226	0.01590	0.01749	0.01113	0.01749	0.00954	0.01590	0.00954	0.01272	0.02385	0.00318	0.73123	0.00636	0.00318	0.00795
52	0.01057	0.00705	0.00793	0.00793	0.00793	0.00705	0.00440	0.01057	0.01057	0.01409	0.02290	0.04757	0.02643	0.74454	0.03700	0.00705	0.00705	0.01057	0.00440	0.00440
53	0.01029	0.00743	0.00972	0.00914	0.01086	0.00686	0.00686	0.01372	0.02058	0.02915	0.69536	0.05430	0.06859	0.01486	0.00857	0.00229	0.00343	0.01315	0.00800	0.00686
54	0.01848	0.01581	0.01666	0.01487	0.01905	0.01827	0.01160	0.06518	0.65886	0.03105	0.02908	0.02672	0.02178	0.00981	0.00739	0.00245	0.00585	0.00815	0.00739	0.01154
55	0.01049	0.00737	0.00955	0.00955	0.01011	0.00793	0.00643	0.01161	0.01105	0.01530	0.02142	0.03935	0.02286	0.44636	0.33030	0.00905	0.01242	0.00937	0.00418	0.00531

[dist]
# distance from previous block
# <min> <max>
0	7

[block]
# block no. 9 follows, 28 sequences, length 68
# corresponding to MSA columns:
# 439-506
name=unknown_J
#
# <colnr> <probs for GDERKNQSTAVLIFYWHMCP>
#	G	D	E	R	K	N	Q	S	T	A	V	L	I	F	Y	W	H	M	C	P
0	0.01373	0.01292	0.02180	0.72707	0.05006	0.01615	0.02019	0.01857	0.01453	0.01857	0.01292	0.01938	0.00969	0.00727	0.00727	0.00242	0.00969	0.00646	0.00323	0.00807
1	0.02715	0.03464	0.02060	0.01873	0.02247	0.71536	0.01404	0.02903	0.02060	0.01779	0.01124	0.01311	0.00936	0.00749	0.00655	0.00187	0.01311	0.00468	0.00375	0.00843
2	0.02715	0.03464	0.02060	0.01873	0.02247	0.71536	0.01404	0.02903	0.02060	0.01779	0.01124	0.01311	0.00936	0.00749	0.00655	0.00187	0.01311	0.00468	0.00375	0.00843
3	0.00886	0.00633	0.00843	0.01012	0.01054	0.00590	0.00675	0.01012	0.01392	0.01856	0.04006	0.73979	0.04808	0.02277	0.00928	0.00295	0.00422	0.02066	0.00675	0.00590
4	0.02715	0.03464	0.02060	0.01873	0.02247	0.71536	0.01404	0.02903	0.02060	0.01779	0.01124	0.01311	0.00936	0.00749	0.00655	0.00187	0.01311	0.00468	0.00375	0.00843
5	0.01799	0.01727	0.02950	0.04462	0.69919	0.01727	0.02231	0.02231	0.01655	0.02375	0.01367	0.01799	0.01151	0.00648	0.00720	0.00216	0.00864	0.00648	0.00360	0.01151
6	0.00859	0.00736	0.00736	0.00736	0.00982	0.00614	0.00552	0.01043	0.01657	0.01964	0.07364	0.06996	0.69624	0.01841	0.00859	0.00245	0.00368	0.01534	0.00675	0.00614
7	0.00957	0.00683	0.00925	0.01094	0.01167	0.00652	0.00799	0.01135	0.01462	0.01935	0.03967	0.57581	0.04652	0.02210	0.00947	0.00305	0.00483	0.17762	0.00673	0.00610
8	0.16014	0.01247	0.01556	0.01223	0.01751	0.01149	0.01007	0.03226	0.01938	0.56624	0.05029	0.02366	0.01817	0.00884	0.00688	0.00225	0.00599	0.00696	0.00820	0.01141
9	0.02052	0.01507	0.01651	0.01448	0.01884	0.01684	0.01137	0.03809	0.57419	0.14372	0.02943	0.02672	0.02148	0.00972	0.00738	0.00243	0.00583	0.00807	0.00767	0.01165
10	0.03261	0.01237	0.01687	0.01293	0.01856	0.01068	0.01068	0.03543	0.02081	0.70423	0.02868	0.02474	0.01799	0.00900	0.00731	0.00225	0.00619	0.00731	0.00900	0.01237
11	0.01038	0.00779	0.01168	0.01168	0.01298	0.00909	0.00909	0.01298	0.01168	0.01687	0.01947	0.02856	0.01817	0.05452	0.71573	0.01168	0.01947	0.00779	0.00389	0.00649
12	0.01192	0.01180	0.01002	0.01011	0.01235	0.12547	0.00750	0.01373	0.01674	0.01922	0.05482	0.19217	0.42130	0.01751	0.00846	0.00250	0.00552	0.04613	0.00624	0.00650
13	0.01373	0.01292	0.02180	0.72707	0.05006	0.01615	0.02019	0.01857	0.01453	0.01857	0.01292	0.01938	0.00969	0.00727	0.00727	0.00242	0.00969	0.00646	0.00323	0.00807
14	0.02021	0.02307	0.02163	0.01895	0.02038	0.28729	0.01519	0.02190	0.01475	0.01761	0.01019	0.01483	0.00947	0.01072	0.01724	0.00268	0.45664	0.00572	0.00340	0.00813
15	0.01482	0.07249	0.67407	0.02031	0.03083	0.01746	0.02615	0.02296	0.01532	0.02273	0.01290	0.01517	0.00921	0.00687	0.00680	0.00227	0.01060	0.00530	0.00307	0.01067
16	0.01633	0.01288	0.01520	0.01092	0.01732	0.00976	0.00876	0.01953	0.01548	0.07238	0.01405	0.01576	0.01128	0.00564	0.00552	0.00116	0.00544	0.00452	0.00464	0.73341
17	0.01263	0.00631	0.00947	0.00947	0.00947	0.00631	0.00631	0.00947	0.00947	0.01263	0.01263	0.02210	0.01263	0.02525	0.02841	0.78851	0.00631	0.00631	0.00316	0.00316
18	0.01543	0.03641	0.67431	0.02035	0.03085	0.01659	0.02609	0.02361	0.01560	0.05517	0.01378	0.01579	0.00962	0.00700	0.00693	0.00230	0.01053	0.00546	0.00335	0.01082
19	0.01171	0.00837	0.01171	0.01339	0.01506	0.00837	0.01171	0.01506	0.01673	0.02175	0.03849	0.08199	0.04183	0.02008	0.01004	0.00335	0.00669	0.65027	0.00669	0.00669
20	0.79588	0.01406	0.01068	0.00956	0.01406	0.01631	0.00787	0.02137	0.01237	0.03261	0.01012	0.01181	0.00787	0.00675	0.00450	0.00225	0.00562	0.00394	0.00450	0.00787
21	0.01029	0.00743	0.00972	0.00914	0.01086	0.00686	0.00686	0.01372	0.02058	0.02915	0.69536	0.05430	0.06859	0.01486	0.00857	0.00229	0.00343	0.01315	0.00800	0.00686
22	0.01590	0.01590	0.02226	0.01908	0.01908	0.02226	0.01590	0.01749	0.01113	0.01749	0.00954	0.01590	0.00954	0.01272	0.02385	0.00318	0.73123	0.00636	0.00318	0.00795
23	0.01799	0.01727	0.02950	0.04462	0.69919	0.01727	0.02231	0.02231	0.01655	0.02375	0.01367	0.01799	0.01151	0.00648	0.00720	0.00216	0.00864	0.00648	0.00360	0.01151
24	0.01388	0.01307	0.02207	0.70314	0.07283	0.01619	0.02026	0.01870	0.01461	0.01875	0.01295	0.01933	0.00975	0.00724	0.00726	0.00241	0.00965	0.00646	0.00324	0.00820
25	0.02422	0.02909	0.02345	0.02701	0.23886	0.49213	0.01669	0.02688	0.01930	0.01970	0.01202	0.01467	0.01005	0.00717	0.00676	0.00196	0.01168	0.00526	0.00370	0.00941
26	0.79588	0.01406	0.01068	0.00956	0.01406	0.01631	0.00787	0.02137	0.01237	0.03261	0.01012	0.01181	0.00787	0.00675	0.00450	0.00225	0.00562	0.00394	0.00450	0.00787
27	0.01196	0.00919	0.01116	0.01036	0.01259	0.00927	0.00786	0.01906	0.16336	0.02942	0.55252	0.04847	0.05863	0.01379	0.00832	0.00232	0.00393	0.01209	0.00787	0.00786
28	0.01000	0.00742	0.00932	0.00885	0.01068	0.00674	0.00663	0.01316	0.01990	0.02755	0.59081	0.05693	0.17413	0.01546	0.00858	0.00231	0.00347	0.01352	0.00779	0.00674
29	0.01038	0.00779	0.01168	0.01168	0.01298	0.00909	0.00909	0.01298	0.01168	0.01687	0.01947	0.02856	0.01817	0.05452	0.71573	0.01168	0.01947	0.00779	0.00389	0.00649
30	0.00886	0.00633	0.00843	0.01012	0.01054	0.00590	0.00675	0.01012	0.01392	0.01856	0.04006	0.73979	0.04808	0.02277	0.00928	0.00295	0.00422	0.02066	0.00675	0.00590
31	0.01943	0.74891	0.03809	0.01244	0.01866	0.02876	0.01244	0.02177	0.01477	0.01710	0.01011	0.01166	0.00933	0.00622	0.00466	0.00155	0.00777	0.00389	0.00311	0.00933
32	0.01029	0.00743	0.00972	0.00914	0.01086	0.00686	0.00686	0.01372	0.02058	0.02915	0.69536	0.05430	0.06859	0.01486	0.00857	0.00229	0.00343	0.01315	0.00800	0.00686
33	0.01590	0.01590	0.02226	0.01908	0.01908	0.02226	0.01590	0.01749	0.01113	0.01749	0.00954	0.01590	0.00954	0.01272	0.02385	0.00318	0.73123	0.00636	0.00318	0.00795
34	0.01799	0.01727	0.02950	0.04462	0.69919	0.01727	0.02231	0.02231	0.01655	0.02375	0.01367	0.01799	0.01151	0.00648	0.00720	0.00216	0.00864	0.00648	0.00360	0.01151
35	0.00892	0.00638	0.00850	0.01008	0.01056	0.00595	0.00675	0.01029	0.01423	0.01906	0.07099	0.70744	0.04904	0.02240	0.00924	0.00292	0.00418	0.02031	0.00681	0.00595
36	0.01515	0.01445	0.05032	0.01219	0.01890	0.01045	0.04086	0.01877	0.01518	0.02363	0.01301	0.01530	0.01070	0.00549	0.00561	0.00120	0.00597	0.00456	0.00422	0.71402
37	0.01458	0.03760	0.70688	0.02072	0.03146	0.01688	0.02686	0.02302	0.01535	0.02302	0.01304	0.01535	0.00921	0.00691	0.00691	0.00230	0.01074	0.00537	0.00307	0.01074
38	0.01394	0.01313	0.02218	0.69359	0.08191	0.01620	0.02029	0.01876	0.01463	0.01883	0.01296	0.01931	0.00978	0.00723	0.00726	0.00241	0.00964	0.00646	0.00325	0.00824
39	0.01507	0.01292	0.01507	0.01077	0.01723	0.00969	0.00861	0.01830	0.01507	0.02369	0.01292	0.01507	0.01077	0.00538	0.00538	0.00108	0.00538	0.00431	0.00431	0.78898
40	0.01714	0.01854	0.03792	0.08190	0.21307	0.01794	0.45678	0.02271	0.01682	0.02308	0.01431	0.01917	0.01107	0.00630	0.00812	0.00237	0.01113	0.00788	0.00363	0.01014
41	0.02721	0.02135	0.02150	0.01681	0.02239	0.07938	0.01374	0.59647	0.05901	0.04289	0.01742	0.01748	0.01251	0.00867	0.00722	0.00217	0.00833	0.00646	0.00699	0.01200
42	0.01560	0.24898	0.43308	0.01702	0.02547	0.01943	0.02044	0.02168	0.01571	0.02187	0.08275	0.01826	0.01539	0.00752	0.00640	0.00208	0.00909	0.00573	0.00359	0.00991
43	0.00927	0.00662	0.00891	0.01060	0.01120	0.00626	0.00748	0.01085	0.01433	0.01902	0.03983	0.64342	0.04716	0.02238	0.00939	0.00301	0.00458	0.11291	0.00674	0.00602
44	0.01908	0.69672	0.08716	0.01305	0.01960	0.02789	0.01350	0.02186	0.01481	0.01754	0.01032	0.01193	0.00932	0.00627	0.00483	0.00161	0.00799	0.00400	0.00311	0.00943
