[name]
unknown

[dist]
# distance from previous block
# <min> <max>
0	18

[block]
# block no. 0 follows, 31 sequences, length 20
# corresponding to MSA columns:
# 18-37
name=unknown_A
#
# <colnr> <probs for GDERKNQSTAVLIFYWHMCP>
#	G	D	E	R	K	N	Q	S	T	A	V	L	I	F	Y	W	H	M	C	P
0	0.01341	0.01216	0.01806	0.45860	0.03512	0.01284	0.01477	0.01738	0.01388	0.01935	0.01216	0.01667	0.00951	0.00615	0.00615	0.00179	0.00755	0.00529	0.00343	0.31573
1	0.02254	0.00984	0.01326	0.01079	0.01465	0.00866	0.00866	0.02541	0.01950	0.45216	0.29339	0.03408	0.03542	0.01061	0.00734	0.00213	0.00481	0.00901	0.00810	0.00963
2	0.02180	0.01776	0.01359	0.01206	0.01525	0.28892	0.00926	0.02432	0.01749	0.18043	0.01882	0.01989	0.01401	0.00773	0.00580	0.00178	0.00734	0.00573	0.30986	0.00818
3	0.00902	0.00693	0.00824	0.00799	0.00983	0.00616	0.00596	0.01159	0.01768	0.02361	0.43946	0.08168	0.31601	0.01555	0.00810	0.00224	0.00335	0.01342	0.00703	0.00616
4	0.01094	0.00900	0.01356	0.29373	0.02454	0.00985	0.01132	0.01468	0.01716	0.02357	0.44112	0.03835	0.04304	0.01121	0.00759	0.00220	0.00551	0.00993	0.00579	0.00690
5	0.00906	0.00697	0.00829	0.00796	0.00984	0.00619	0.00597	0.01171	0.01790	0.02396	0.46331	0.05682	0.31669	0.01528	0.00808	0.00221	0.00332	0.01317	0.00707	0.00619
6	0.00834	0.00595	0.00794	0.00953	0.00992	0.00556	0.00635	0.00953	0.01310	0.01746	0.03771	0.75510	0.04525	0.02143	0.00873	0.00278	0.00397	0.01945	0.00635	0.00556
7	0.80789	0.01323	0.01006	0.00900	0.01323	0.01535	0.00741	0.02011	0.01164	0.03070	0.00953	0.01111	0.00741	0.00635	0.00423	0.00212	0.00529	0.00370	0.00423	0.00741
8	0.01443	0.46955	0.02502	0.01086	0.01460	0.01872	0.00963	0.01623	0.01359	0.01663	0.02046	0.29982	0.02294	0.01190	0.00608	0.00197	0.00602	0.00979	0.00426	0.00753
9	0.00891	0.00660	0.00736	0.00769	0.00865	0.00608	0.00500	0.00981	0.01273	0.01611	0.04290	0.20168	0.28834	0.32563	0.01930	0.00420	0.00488	0.01363	0.00544	0.00505
10	0.49808	0.01094	0.01042	0.00977	0.01284	0.01271	0.00785	0.01705	0.01139	0.02494	0.01294	0.01723	0.01117	0.02380	0.28691	0.00556	0.01035	0.00511	0.00401	0.00690
11	0.01451	0.01314	0.01856	0.46007	0.03573	0.01591	0.01583	0.02481	0.28185	0.02180	0.01825	0.02107	0.01369	0.00779	0.00689	0.00230	0.00768	0.00672	0.00456	0.00885
12	0.02218	0.01889	0.02823	0.02082	0.02686	0.01970	0.27659	0.43316	0.02595	0.03489	0.01542	0.01721	0.01115	0.00726	0.00732	0.00215	0.00908	0.00690	0.00553	0.01070
13	0.02059	0.01196	0.01484	0.01092	0.01670	0.00948	0.00886	0.02348	0.01628	0.29375	0.01792	0.01772	0.01277	0.00639	0.00577	0.00144	0.00536	0.00515	0.00577	0.49483
14	0.01166	0.01015	0.01610	0.45800	0.03280	0.01181	0.01413	0.01571	0.01589	0.02134	0.28431	0.03100	0.03064	0.00961	0.00732	0.00223	0.00683	0.00852	0.00478	0.00716
15	0.00988	0.00751	0.00944	0.01040	0.01226	0.00706	0.00876	0.01248	0.01569	0.01970	0.04907	0.07277	0.30129	0.01829	0.00892	0.00282	0.00520	0.41604	0.00632	0.00610
16	0.01997	0.01873	0.03267	0.02375	0.03011	0.01882	0.42846	0.28283	0.02237	0.03014	0.01484	0.01767	0.01087	0.00672	0.00760	0.00221	0.00998	0.00733	0.00477	0.01016
17	0.00977	0.00733	0.01100	0.01100	0.01222	0.00855	0.00855	0.01222	0.01100	0.01588	0.01833	0.02688	0.01710	0.05131	0.73245	0.01100	0.01833	0.00733	0.00367	0.00611
18	0.01244	0.01159	0.01659	0.01507	0.01547	0.01485	0.03563	0.01396	0.01170	0.01705	0.02030	0.30239	0.02311	0.01543	0.01662	0.00289	0.43252	0.01129	0.00431	0.00680
19	0.02380	0.01184	0.01768	0.29591	0.02898	0.01205	0.01353	0.02718	0.01729	0.44830	0.02123	0.02133	0.01390	0.00784	0.00686	0.00218	0.00710	0.00657	0.00636	0.01007

[dist]
# distance from previous block
# <min> <max>
0	18

[block]
# block no. 1 follows, 31 sequences, length 17
# corresponding to MSA columns:
# 56-72
name=unknown_B
#
# <colnr> <probs for GDERKNQSTAVLIFYWHMCP>
#	G	D	E	R	K	N	Q	S	T	A	V	L	I	F	Y	W	H	M	C	P
0	0.00880	0.00615	0.00780	0.00893	0.00921	0.00587	0.00571	0.00965	0.01219	0.01625	0.03303	0.54948	0.03935	0.23510	0.01628	0.00389	0.00474	0.01670	0.00571	0.00515
1	0.02601	0.01916	0.02053	0.01574	0.02122	0.02122	0.01300	0.69408	0.03217	0.04312	0.01643	0.01643	0.01163	0.00821	0.00684	0.00205	0.00753	0.00616	0.00684	0.01163
2	0.23979	0.00806	0.00855	0.00937	0.01088	0.00839	0.00666	0.01259	0.01268	0.02129	0.02955	0.53973	0.03430	0.01707	0.00743	0.00259	0.00435	0.01489	0.00574	0.00609
3	0.05558	0.01282	0.01569	0.01267	0.01752	0.01261	0.01027	0.05423	0.21795	0.47419	0.02626	0.02327	0.01756	0.00862	0.00680	0.00217	0.00574	0.00699	0.00782	0.01125
4	0.01413	0.01251	0.01619	0.34681	0.02857	0.09009	0.01338	0.01642	0.03648	0.01632	0.01316	0.03649	0.01139	0.01253	0.01343	0.23346	0.05091	0.00624	0.02517	0.00632
5	0.02036	0.01648	0.03328	0.02401	0.03046	0.01520	0.49462	0.02522	0.01714	0.22446	0.01765	0.01985	0.01228	0.00655	0.00773	0.00225	0.00988	0.00773	0.00491	0.00993
6	0.02885	0.01149	0.01549	0.01215	0.01715	0.01014	0.01001	0.03218	0.04589	0.64953	0.04749	0.02611	0.01928	0.00903	0.00701	0.00216	0.00575	0.03071	0.00830	0.01127
7	0.01865	0.01472	0.01616	0.01336	0.01654	0.04922	0.01070	0.32265	0.02343	0.03197	0.21733	0.02754	0.02722	0.03934	0.01022	0.00235	0.10361	0.00801	0.03807	0.00891
8	0.00850	0.00602	0.00789	0.00931	0.00967	0.00567	0.00612	0.00957	0.01277	0.01703	0.03603	0.68133	0.04313	0.09809	0.01144	0.00318	0.00425	0.01846	0.00612	0.00541
9	0.01319	0.04373	0.36144	0.01845	0.04830	0.01371	0.12937	0.01912	0.01617	0.02325	0.21540	0.02571	0.02520	0.00851	0.00717	0.00216	0.00821	0.00767	0.00435	0.00890
10	0.01057	0.00681	0.00834	0.00796	0.00957	0.00643	0.00597	0.01379	0.01791	0.02688	0.51326	0.04369	0.05094	0.01224	0.00712	0.00199	0.00322	0.01064	0.23622	0.00643
11	0.02052	0.54816	0.03142	0.01287	0.01862	0.02538	0.01208	0.21547	0.01919	0.02392	0.01151	0.01255	0.00961	0.00654	0.00510	0.00163	0.00738	0.00438	0.00406	0.00961
12	0.00827	0.00694	0.00719	0.00713	0.00936	0.00586	0.00535	0.01018	0.01604	0.01953	0.14494	0.06411	0.63783	0.01693	0.00808	0.00229	0.00344	0.01420	0.00649	0.00586
13	0.01001	0.00725	0.00960	0.00970	0.01133	0.00684	0.00773	0.01316	0.01817	0.02507	0.49217	0.05922	0.08260	0.01554	0.00847	0.00245	0.00413	0.20306	0.00713	0.00638
14	0.02917	0.01409	0.01739	0.01333	0.01869	0.01369	0.01102	0.24855	0.02368	0.50063	0.02355	0.02105	0.01521	0.00838	0.00687	0.00210	0.00638	0.00665	0.00794	0.01164
15	0.00982	0.00713	0.00997	0.00997	0.01084	0.00800	0.00728	0.01156	0.01069	0.01512	0.01926	0.03206	0.01935	0.25633	0.53051	0.00973	0.01494	0.00809	0.00380	0.00554
16	0.57813	0.01292	0.01125	0.00933	0.01409	0.01354	0.00761	0.01928	0.01238	0.02826	0.01029	0.01200	0.00820	0.00598	0.00447	0.00180	0.00523	0.00381	0.00418	0.23725

[dist]
# distance from previous block
# <min> <max>
0	5

[block]
# block no. 2 follows, 31 sequences, length 17
# corresponding to MSA columns:
# 78-94
name=unknown_C
#
# <colnr> <probs for GDERKNQSTAVLIFYWHMCP>
#	G	D	E	R	K	N	Q	S	T	A	V	L	I	F	Y	W	H	M	C	P
0	0.01330	0.01270	0.01767	0.01583	0.01593	0.01707	0.01280	0.01472	0.01114	0.01672	0.01622	0.20156	0.01812	0.01436	0.01899	0.00294	0.55971	0.00938	0.00384	0.00700
1	0.01904	0.01599	0.07034	0.01401	0.03765	0.01448	0.01173	0.23935	0.10619	0.08260	0.02214	0.02384	0.06861	0.00855	0.00659	0.00190	0.00636	0.03498	0.00582	0.20981
2	0.02507	0.01100	0.01451	0.01152	0.01590	0.00993	0.00935	0.07437	0.02041	0.49920	0.19927	0.02982	0.02857	0.00984	0.00718	0.00212	0.00529	0.00821	0.00812	0.01033
3	0.01009	0.00807	0.01159	0.19385	0.01939	0.00842	0.00950	0.01311	0.01632	0.02213	0.34417	0.19333	0.09591	0.01402	0.00790	0.00233	0.00489	0.01244	0.00606	0.00650
4	0.01138	0.00992	0.01438	0.01679	0.12582	0.01117	0.01084	0.01313	0.01293	0.01804	0.02758	0.42515	0.05428	0.01643	0.01185	0.00270	0.19195	0.01373	0.00503	0.00690
5	0.01623	0.04530	0.28940	0.01736	0.07063	0.05589	0.03353	0.05466	0.01605	0.10803	0.02062	0.20241	0.01927	0.01056	0.00710	0.00226	0.00784	0.00903	0.00474	0.00909
6	0.01676	0.01705	0.01854	0.01616	0.01734	0.18544	0.04686	0.01741	0.01248	0.01565	0.01034	0.01599	0.00974	0.01346	0.01894	0.20383	0.34860	0.00571	0.00314	0.00654
7	0.01500	0.01657	0.08105	0.21889	0.10221	0.05401	0.10937	0.01929	0.01478	0.02056	0.01239	0.01610	0.00976	0.00599	0.00633	0.00179	0.00824	0.00549	0.00349	0.27869
8	0.02245	0.01583	0.01760	0.01402	0.01811	0.01737	0.01122	0.52134	0.02630	0.03524	0.01528	0.01753	0.01170	0.01213	0.01186	0.20346	0.00713	0.00610	0.00587	0.00945
9	0.01046	0.00889	0.00926	0.00883	0.01147	0.00866	0.00672	0.01675	0.18958	0.02175	0.11022	0.05450	0.48753	0.01503	0.00780	0.00230	0.00394	0.01258	0.00660	0.00710
10	0.01318	0.01223	0.01689	0.01521	0.01539	0.01628	0.01224	0.01469	0.01135	0.01721	0.01694	0.20213	0.01859	0.01414	0.01804	0.00286	0.51950	0.00940	0.04679	0.00694
11	0.00825	0.00667	0.00721	0.00761	0.00931	0.00577	0.00543	0.00975	0.01465	0.01793	0.05865	0.23842	0.50663	0.06020	0.00976	0.00267	0.00377	0.01545	0.00623	0.00563
12	0.01501	0.01513	0.01991	0.01727	0.01757	0.05609	0.01426	0.01661	0.01098	0.01642	0.00997	0.01599	0.00976	0.01554	0.09044	0.00371	0.63887	0.00604	0.00309	0.00737
13	0.01375	0.01570	0.13065	0.01923	0.14201	0.01292	0.04349	0.02155	0.17733	0.02269	0.02890	0.05728	0.09644	0.01171	0.00769	0.00246	0.00689	0.17521	0.00528	0.00883
14	0.01170	0.01481	0.19080	0.01434	0.01807	0.00989	0.01462	0.01606	0.01542	0.02077	0.03019	0.06136	0.03163	0.01577	0.00871	0.00290	0.00726	0.50299	0.00544	0.00726
15	0.01767	0.01369	0.01799	0.05284	0.15775	0.01426	0.02559	0.02792	0.31083	0.11588	0.04268	0.02523	0.04279	0.00859	0.00688	0.00213	0.00615	0.02144	0.00591	0.08378
16	0.01800	0.02102	0.03174	0.02391	0.02940	0.19667	0.43684	0.02228	0.01656	0.02023	0.01402	0.05426	0.01171	0.00705	0.00794	0.00216	0.03332	0.00750	0.00363	0.04176

[dist]
# distance from previous block
# <min> <max>
6	7

[block]
# block no. 3 follows, 31 sequences, length 26
# corresponding to MSA columns:
# 102-127
name=unknown_D
#
# <colnr> <probs for GDERKNQSTAVLIFYWHMCP>
#	G	D	E	R	K	N	Q	S	T	A	V	L	I	F	Y	W	H	M	C	P
0	0.00892	0.00625	0.00813	0.00903	0.00966	0.00586	0.00609	0.01019	0.01383	0.01868	0.16353	0.49133	0.06642	0.09554	0.01214	0.04225	0.00418	0.01632	0.00618	0.00546
1	0.01501	0.01265	0.01463	0.01052	0.01656	0.00996	0.00845	0.06413	0.01543	0.02374	0.01246	0.01434	0.01024	0.00528	0.00519	0.00109	0.00524	0.00420	0.00425	0.74666
2	0.01674	0.01635	0.06074	0.05667	0.55757	0.01557	0.01933	0.05974	0.01585	0.02246	0.01294	0.01716	0.01082	0.00786	0.00856	0.07402	0.00802	0.00603	0.00352	0.01004
3	0.00825	0.00682	0.00725	0.00751	0.00951	0.00583	0.00556	0.01000	0.01536	0.01866	0.08292	0.16161	0.58236	0.01785	0.00821	0.00240	0.00361	0.03414	0.00639	0.00578
4	0.00870	0.00611	0.00783	0.00905	0.00936	0.00580	0.00585	0.00962	0.01238	0.01650	0.03401	0.59270	0.04059	0.19019	0.01470	0.00366	0.00458	0.01728	0.00585	0.00523
5	0.01358	0.01299	0.02127	0.27449	0.14330	0.03524	0.09059	0.01731	0.01347	0.01824	0.01390	0.02004	0.01173	0.01926	0.20868	0.00469	0.06342	0.00659	0.00333	0.00790
6	0.01452	0.01171	0.01390	0.01024	0.01587	0.00901	0.00815	0.01745	0.01425	0.05276	0.01398	0.04101	0.01197	0.00783	0.03740	0.00156	0.00565	0.00486	0.00431	0.70356
7	0.00878	0.00639	0.00816	0.00902	0.00992	0.00591	0.00628	0.01046	0.01463	0.01956	0.18333	0.46272	0.12568	0.06058	0.01000	0.00282	0.00398	0.03958	0.00648	0.00572
8	0.01109	0.00845	0.01041	0.01072	0.01248	0.00860	0.00835	0.01662	0.14130	0.02268	0.20420	0.17513	0.08379	0.05383	0.00973	0.00281	0.00482	0.20147	0.00663	0.00689
9	0.00834	0.00595	0.00794	0.00953	0.00992	0.00556	0.00635	0.00953	0.01310	0.01746	0.03771	0.75510	0.04525	0.02143	0.00873	0.00278	0.00397	0.01945	0.00635	0.00556
10	0.00856	0.00629	0.00806	0.00923	0.01007	0.00579	0.00643	0.01012	0.01417	0.01869	0.10518	0.55720	0.14167	0.02003	0.00861	0.00267	0.00395	0.05111	0.00646	0.00571
11	0.00882	0.00628	0.00800	0.00909	0.00964	0.00593	0.00610	0.01001	0.01307	0.01734	0.06750	0.51532	0.08167	0.15923	0.01359	0.00346	0.00452	0.04905	0.00599	0.00538
12	0.01693	0.01626	0.02777	0.04199	0.71689	0.01626	0.02100	0.02100	0.01558	0.02235	0.01287	0.01693	0.01084	0.00610	0.00677	0.00203	0.00813	0.00610	0.00339	0.01084
13	0.01758	0.01205	0.01453	0.01055	0.01647	0.00931	0.00851	0.02054	0.01529	0.16597	0.01521	0.01606	0.01153	0.00577	0.00544	0.00124	0.00522	0.00463	0.00496	0.63913
14	0.00862	0.00634	0.00783	0.00869	0.00955	0.00582	0.00589	0.01002	0.01394	0.01833	0.11890	0.46236	0.17432	0.10242	0.01145	0.00305	0.00409	0.01661	0.00624	0.00554
15	0.00913	0.00688	0.00788	0.00774	0.00914	0.00634	0.00540	0.01081	0.01477	0.01928	0.22736	0.05391	0.30700	0.23039	0.05132	0.00393	0.00504	0.01225	0.00591	0.00551
16	0.01615	0.01845	0.04037	0.02884	0.03576	0.01730	0.69204	0.02191	0.01615	0.02191	0.01384	0.01845	0.01038	0.00577	0.00807	0.00231	0.01153	0.00807	0.00346	0.00923
17	0.00993	0.00665	0.00756	0.00753	0.00763	0.00662	0.00428	0.01012	0.01051	0.01411	0.06256	0.04515	0.02722	0.71537	0.03324	0.00637	0.00643	0.01009	0.00435	0.00428
18	0.01023	0.00756	0.00872	0.00899	0.00991	0.00763	0.00593	0.01352	0.10637	0.01769	0.05882	0.26836	0.09179	0.33114	0.01944	0.00428	0.00522	0.01313	0.00555	0.00573
19	0.01120	0.00832	0.01088	0.01159	0.01343	0.00838	0.00973	0.01593	0.08531	0.02281	0.19207	0.06559	0.06983	0.01675	0.00883	0.00281	0.00539	0.42775	0.00665	0.00677
20	0.00834	0.00595	0.00794	0.00953	0.00992	0.00556	0.00635	0.00953	0.01310	0.01746	0.03771	0.75510	0.04525	0.02143	0.00873	0.00278	0.00397	0.01945	0.00635	0.00556
21	0.00845	0.00600	0.00791	0.00938	0.00975	0.00563	0.00620	0.00956	0.01288	0.01717	0.03659	0.70588	0.04384	0.07258	0.01054	0.00305	0.00415	0.01879	0.00620	0.00546
22	0.01188	0.00594	0.00891	0.00891	0.00891	0.00594	0.00594	0.00891	0.00891	0.01188	0.01188	0.02080	0.01188	0.02377	0.02674	0.80095	0.00594	0.00594	0.00297	0.00297
23	0.01035	0.00756	0.00960	0.00933	0.00966	0.00841	0.00628	0.01113	0.01027	0.01425	0.01958	0.03737	0.02140	0.50477	0.21962	0.00747	0.07519	0.00890	0.00392	0.00496
24	0.00834	0.00595	0.00794	0.00953	0.00992	0.00556	0.00635	0.00953	0.01310	0.01746	0.03771	0.75510	0.04525	0.02143	0.00873	0.00278	0.00397	0.01945	0.00635	0.00556
25	0.01202	0.00646	0.00673	0.00671	0.00797	0.00643	0.00473	0.01454	0.01365	0.02302	0.05389	0.03073	0.02124	0.16616	0.01124	0.00268	0.00391	0.00740	0.59457	0.00591

[dist]
# distance from previous block
# <min> <max>
0	1

[block]
# block no. 4 follows, 31 sequences, length 10
# corresponding to MSA columns:
# 129-138
name=unknown_E
#
# <colnr> <probs for GDERKNQSTAVLIFYWHMCP>
#	G	D	E	R	K	N	Q	S	T	A	V	L	I	F	Y	W	H	M	C	P
0	0.01594	0.01525	0.02598	0.21486	0.55175	0.01600	0.02050	0.02013	0.01511	0.02115	0.01269	0.01725	0.01041	0.00628	0.00679	0.00209	0.00837	0.00609	0.00330	0.01004
1	0.00855	0.00695	0.00758	0.00742	0.00953	0.00597	0.00557	0.01072	0.01670	0.02110	0.25797	0.06152	0.52381	0.01635	0.00808	0.00226	0.00340	0.01383	0.00670	0.00597
2	0.01545	0.01267	0.01582	0.09233	0.04712	0.01075	0.01015	0.05439	0.01537	0.05105	0.01301	0.01523	0.01040	0.00561	0.00550	0.00129	0.00579	0.00458	0.00424	0.60925
3	0.02698	0.01507	0.01874	0.01572	0.06016	0.01551	0.01219	0.28822	0.02361	0.36802	0.02081	0.01967	0.01397	0.00847	0.00794	0.00215	0.05784	0.00649	0.00716	0.01130
4	0.01442	0.01237	0.01429	0.01045	0.01634	0.00977	0.00833	0.01881	0.07145	0.02282	0.01346	0.01513	0.01103	0.00542	0.00522	0.00112	0.00510	0.00436	0.00429	0.73581
5	0.06065	0.64205	0.03232	0.01162	0.01732	0.02459	0.01130	0.02188	0.01441	0.09441	0.01143	0.01234	0.00960	0.00617	0.00466	0.00157	0.00705	0.00401	0.00360	0.00902
6	0.01089	0.00726	0.00905	0.00844	0.01025	0.00661	0.00624	0.01347	0.01770	0.07232	0.47991	0.05100	0.16777	0.09613	0.01093	0.00267	0.00382	0.01208	0.00702	0.00644
7	0.00995	0.00663	0.00746	0.00746	0.00746	0.00663	0.00415	0.00995	0.00995	0.01327	0.02156	0.04477	0.02487	0.75957	0.03482	0.00663	0.00663	0.00995	0.00415	0.00415
8	0.00832	0.00667	0.00747	0.00807	0.00972	0.00582	0.00588	0.00996	0.01480	0.01826	0.05740	0.28772	0.46353	0.01873	0.00837	0.00251	0.00378	0.05093	0.00635	0.00573
9	0.00968	0.00699	0.00914	0.00861	0.01022	0.00646	0.00646	0.01291	0.01937	0.02743	0.71328	0.05110	0.06455	0.01399	0.00807	0.00215	0.00323	0.01237	0.00753	0.00646

[dist]
# distance from previous block
# <min> <max>
0	1

[block]
# block no. 5 follows, 31 sequences, length 88
# corresponding to MSA columns:
# 140-227
name=unknown_F
#
# <colnr> <probs for GDERKNQSTAVLIFYWHMCP>
#	G	D	E	R	K	N	Q	S	T	A	V	L	I	F	Y	W	H	M	C	P
0	0.01615	0.01845	0.04037	0.02884	0.03576	0.01730	0.69204	0.02191	0.01615	0.02191	0.01384	0.01845	0.01038	0.00577	0.00807	0.00231	0.01153	0.00807	0.00346	0.00923
1	0.02556	0.03261	0.01939	0.01763	0.02115	0.73210	0.01322	0.02732	0.01939	0.01674	0.01058	0.01234	0.00881	0.00705	0.00617	0.00176	0.01234	0.00441	0.00353	0.00793
2	0.01419	0.01216	0.01419	0.01013	0.01621	0.00912	0.00811	0.01723	0.01419	0.02229	0.01216	0.01419	0.01013	0.00507	0.00507	0.00101	0.00507	0.00405	0.00405	0.80139
3	0.01419	0.01216	0.01419	0.01013	0.01621	0.00912	0.00811	0.01723	0.01419	0.02229	0.01216	0.01419	0.01013	0.00507	0.00507	0.00101	0.00507	0.00405	0.00405	0.80139
4	0.02601	0.01916	0.02053	0.01574	0.02122	0.02122	0.01300	0.69408	0.03217	0.04312	0.01643	0.01643	0.01163	0.00821	0.00684	0.00205	0.00753	0.00616	0.00684	0.01163
5	0.00968	0.00699	0.00914	0.00861	0.01022	0.00646	0.00646	0.01291	0.01937	0.02743	0.71328	0.05110	0.06455	0.01399	0.00807	0.00215	0.00323	0.01237	0.00753	0.00646
6	0.01419	0.01216	0.01419	0.01013	0.01621	0.00912	0.00811	0.01723	0.01419	0.02229	0.01216	0.01419	0.01013	0.00507	0.00507	0.00101	0.00507	0.00405	0.00405	0.80139
7	0.01702	0.01470	0.01547	0.01392	0.01779	0.01702	0.01083	0.03635	0.70453	0.02862	0.02785	0.02553	0.02088	0.00928	0.00696	0.00232	0.00541	0.00773	0.00696	0.01083
8	0.00834	0.00595	0.00794	0.00953	0.00992	0.00556	0.00635	0.00953	0.01310	0.01746	0.03771	0.75510	0.04525	0.02143	0.00873	0.00278	0.00397	0.01945	0.00635	0.00556
9	0.00969	0.00730	0.00900	0.00852	0.01035	0.00676	0.00640	0.01330	0.04675	0.02584	0.56707	0.05276	0.18191	0.01441	0.00803	0.00219	0.00336	0.01256	0.00729	0.00651
10	0.02980	0.01145	0.01559	0.01202	0.01716	0.00990	0.00990	0.03247	0.01957	0.69217	0.05611	0.02447	0.01896	0.00870	0.00693	0.00212	0.00571	0.00711	0.00843	0.01142
11	0.00968	0.00699	0.00914	0.00861	0.01022	0.00646	0.00646	0.01291	0.01937	0.02743	0.71328	0.05110	0.06455	0.01399	0.00807	0.00215	0.00323	0.01237	0.00753	0.00646
12	0.01737	0.01682	0.05455	0.03989	0.66132	0.01599	0.02072	0.02153	0.01570	0.05098	0.01342	0.01710	0.01100	0.00621	0.00677	0.00204	0.00811	0.00609	0.00358	0.01084
13	0.01122	0.00597	0.00869	0.00895	0.00902	0.00591	0.00593	0.00906	0.00965	0.01286	0.01656	0.14315	0.01795	0.05461	0.02411	0.63535	0.00565	0.00834	0.00358	0.00345
14	0.02944	0.01137	0.01548	0.01196	0.01703	0.00984	0.00984	0.03212	0.01957	0.68026	0.06788	0.02494	0.01977	0.00880	0.00695	0.00212	0.00567	0.00721	0.00841	0.01133
15	0.02601	0.01916	0.02053	0.01574	0.02122	0.02122	0.01300	0.69408	0.03217	0.04312	0.01643	0.01643	0.01163	0.00821	0.00684	0.00205	0.00753	0.00616	0.00684	0.01163
16	0.01621	0.01038	0.01302	0.03978	0.01433	0.01111	0.00869	0.22378	0.01700	0.02280	0.05511	0.02113	0.01484	0.01766	0.01862	0.47221	0.00640	0.00640	0.00446	0.00607
17	0.00891	0.00626	0.00778	0.00859	0.00944	0.00574	0.00584	0.00954	0.01297	0.01665	0.04161	0.40904	0.22558	0.06200	0.01281	0.12670	0.00428	0.01542	0.00570	0.00514
18	0.01316	0.01240	0.02095	0.70135	0.08703	0.01526	0.01912	0.01769	0.01379	0.01777	0.01220	0.01816	0.00922	0.00680	0.00684	0.00227	0.00906	0.00608	0.00306	0.00779
19	0.04696	0.01661	0.02138	0.39729	0.11392	0.13474	0.03678	0.01961	0.01441	0.01843	0.01150	0.01641	0.00922	0.00742	0.00873	0.00226	0.10733	0.00576	0.00321	0.00805
20	0.02673	0.01800	0.01981	0.01519	0.02063	0.01948	0.01255	0.59156	0.03021	0.14839	0.01806	0.01749	0.01246	0.00825	0.00685	0.00206	0.00726	0.00627	0.00710	0.01164
21	0.02830	0.01266	0.01666	0.01367	0.04101	0.01180	0.01084	0.12928	0.02093	0.55518	0.02497	0.02380	0.01663	0.00999	0.02931	0.00241	0.00655	0.02687	0.00785	0.01128
22	0.00995	0.00663	0.00746	0.00746	0.00746	0.00663	0.00415	0.00995	0.00995	0.01327	0.02156	0.04477	0.02487	0.75957	0.03482	0.00663	0.00663	0.00995	0.00415	0.00415
23	0.00860	0.00695	0.00764	0.00747	0.00955	0.00599	0.00560	0.01081	0.01680	0.02135	0.27563	0.06112	0.50600	0.01626	0.00808	0.00226	0.00339	0.01378	0.00673	0.00599
24	0.00886	0.00696	0.00800	0.00774	0.00972	0.00611	0.00581	0.01132	0.01742	0.02282	0.38161	0.05869	0.39910	0.01571	0.00808	0.00223	0.00335	0.01344	0.00692	0.00611
25	0.01829	0.76368	0.03585	0.01171	0.01756	0.02707	0.01171	0.02049	0.01390	0.01610	0.00951	0.01097	0.00878	0.00585	0.00439	0.00146	0.00732	0.00366	0.00293	0.00878
26	0.01188	0.00594	0.00891	0.00891	0.00891	0.00594	0.00594	0.00891	0.00891	0.01188	0.01188	0.02080	0.01188	0.02377	0.02674	0.80095	0.00594	0.00594	0.00297	0.00297
27	0.01497	0.01497	0.02095	0.01796	0.01796	0.02095	0.01497	0.01646	0.01048	0.01646	0.00898	0.01497	0.00898	0.01197	0.02245	0.00299	0.74704	0.00599	0.00299	0.00748
28	0.02556	0.03261	0.01939	0.01763	0.02115	0.73210	0.01322	0.02732	0.01939	0.01674	0.01058	0.01234	0.00881	0.00705	0.00617	0.00176	0.01234	0.00441	0.00353	0.00793
29	0.00995	0.00663	0.00746	0.00746	0.00746	0.00663	0.00415	0.00995	0.00995	0.01327	0.02156	0.04477	0.02487	0.75957	0.03482	0.00663	0.00663	0.00995	0.00415	0.00415
30	0.80789	0.01323	0.01006	0.00900	0.01323	0.01535	0.00741	0.02011	0.01164	0.03070	0.00953	0.01111	0.00741	0.00635	0.00423	0.00212	0.00529	0.00370	0.00423	0.00741
31	0.01008	0.00779	0.01159	0.01141	0.01256	0.00929	0.00893	0.01247	0.01096	0.01592	0.01777	0.02617	0.01662	0.04897	0.69015	0.01052	0.06175	0.00725	0.00363	0.00619
32	0.01702	0.01470	0.01547	0.01392	0.01779	0.01702	0.01083	0.03635	0.70453	0.02862	0.02785	0.02553	0.02088	0.00928	0.00696	0.00232	0.00541	0.00773	0.00696	0.01083
33	0.00834	0.00595	0.00794	0.00953	0.00992	0.00556	0.00635	0.00953	0.01310	0.01746	0.03771	0.75510	0.04525	0.02143	0.00873	0.00278	0.00397	0.01945	0.00635	0.00556
34	0.00834	0.00595	0.00794	0.00953	0.00992	0.00556	0.00635	0.00953	0.01310	0.01746	0.03771	0.75510	0.04525	0.02143	0.00873	0.00278	0.00397	0.01945	0.00635	0.00556
35	0.23907	0.01232	0.01447	0.01144	0.01645	0.01184	0.00944	0.05150	0.01786	0.51394	0.02196	0.01979	0.01421	0.00789	0.00617	0.00211	0.00574	0.00600	0.00728	0.01051
36	0.00834	0.00595	0.00794	0.00953	0.00992	0.00556	0.00635	0.00953	0.01310	0.01746	0.03771	0.75510	0.04525	0.02143	0.00873	0.00278	0.00397	0.01945	0.00635	0.00556
37	0.02549	0.01866	0.01998	0.01538	0.02070	0.02064	0.01268	0.66763	0.03147	0.04243	0.01666	0.01678	0.01186	0.00820	0.00676	0.00204	0.00736	0.00617	0.03768	0.01143
38	0.00838	0.00599	0.00798	0.00950	0.00993	0.00559	0.00635	0.00963	0.01330	0.01778	0.05896	0.73296	0.04586	0.02120	0.00871	0.00276	0.00395	0.01923	0.00639	0.00559
39	0.80789	0.01323	0.01006	0.00900	0.01323	0.01535	0.00741	0.02011	0.01164	0.03070	0.00953	0.01111	0.00741	0.00635	0.00423	0.00212	0.00529	0.00370	0.00423	0.00741
40	0.01292	0.01216	0.02052	0.74312	0.04712	0.01520	0.01900	0.01748	0.01368	0.01748	0.01216	0.01824	0.00912	0.00684	0.00684	0.00228	0.00912	0.00608	0.00304	0.00760
41	0.05175	0.02694	0.01948	0.04056	0.02176	0.45497	0.01314	0.24184	0.02306	0.02575	0.01248	0.01381	0.00969	0.00739	0.00634	0.00189	0.01044	0.00500	0.00460	0.00910
42	0.02592	0.02180	0.02031	0.01611	0.02120	0.16064	0.01305	0.56331	0.02966	0.03794	0.01528	0.01562	0.01108	0.00798	0.00671	0.00200	0.00847	0.00582	0.00619	0.01091
43	0.01295	0.01138	0.01699	0.38972	0.03115	0.01323	0.01423	0.05589	0.01460	0.01968	0.03938	0.17120	0.01858	0.01046	0.00851	0.00231	0.07393	0.00885	0.00419	0.08278
44	0.00980	0.00657	0.00751	0.00766	0.00770	0.00653	0.00435	0.00991	0.01025	0.01366	0.02309	0.11210	0.02680	0.68960	0.03235	0.00627	0.00638	0.01085	0.00435	0.00428
45	0.00968	0.00699	0.00914	0.00861	0.01022	0.00646	0.00646	0.01291	0.01937	0.02743	0.71328	0.05110	0.06455	0.01399	0.00807	0.00215	0.00323	0.01237	0.00753	0.00646
46	0.02700	0.01527	0.01787	0.01385	0.01902	0.01566	0.01139	0.35723	0.05258	0.33271	0.04996	0.02114	0.01644	0.00860	0.00691	0.00209	0.00654	0.00678	0.00757	0.01139
47	0.00873	0.00647	0.00814	0.00874	0.00989	0.00589	0.00617	0.01068	0.01561	0.02091	0.26393	0.39701	0.17623	0.01824	0.00840	0.00249	0.00363	0.01621	0.00674	0.00589
48	0.00977	0.00733	0.01100	0.01100	0.01222	0.00855	0.00855	0.01222	0.01100	0.01588	0.01833	0.02688	0.01710	0.05131	0.73245	0.01100	0.01833	0.00733	0.00367	0.00611
49	0.01375	0.01308	0.02091	0.41240	0.13077	0.01627	0.01749	0.01728	0.01301	0.01784	0.01242	0.03841	0.01066	0.01019	0.03925	0.00278	0.19591	0.00649	0.00319	0.00791
50	0.01188	0.00594	0.00891	0.00891	0.00891	0.00594	0.00594	0.00891	0.00891	0.01188	0.01188	0.02080	0.01188	0.02377	0.02674	0.80095	0.00594	0.00594	0.00297	0.00297
51	0.00979	0.00715	0.00794	0.00779	0.00890	0.00677	0.00513	0.03246	0.01369	0.01774	0.12075	0.08027	0.24400	0.38414	0.02130	0.00444	0.00516	0.01190	0.00542	0.00523
52	0.01372	0.03539	0.72412	0.01950	0.02961	0.01589	0.02528	0.02167	0.01444	0.02167	0.01228	0.01444	0.00867	0.00650	0.00650	0.00217	0.01011	0.00506	0.00289	0.01011
53	0.01722	0.01754	0.02564	0.11145	0.50721	0.10490	0.04344	0.02100	0.01578	0.02093	0.01351	0.04534	0.01173	0.00688	0.00683	0.00206	0.00872	0.00648	0.00349	0.00987
54	0.04782	0.01376	0.01906	0.03712	0.01775	0.01882	0.01384	0.01599	0.01077	0.01708	0.01107	0.04497	0.01108	0.01556	0.08559	0.00366	0.59900	0.00654	0.00324	0.00728
55	0.00996	0.00707	0.00969	0.00969	0.01054	0.00786	0.00701	0.01166	0.01081	0.01547	0.01951	0.03245	0.01957	0.27224	0.48215	0.00922	0.01401	0.00811	0.03751	0.00550
56	0.80789	0.01323	0.01006	0.00900	0.01323	0.01535	0.00741	0.02011	0.01164	0.03070	0.00953	0.01111	0.00741	0.00635	0.00423	0.00212	0.00529	0.00370	0.00423	0.00741
57	0.01678	0.01669	0.02843	0.09668	0.55926	0.03836	0.10110	0.02102	0.01561	0.02173	0.01286	0.01708	0.01058	0.00615	0.00692	0.00208	0.00875	0.00628	0.00337	0.01029
58	0.01141	0.00787	0.01096	0.01228	0.01392	0.00778	0.01061	0.01448	0.01595	0.04003	0.07077	0.09728	0.04025	0.01845	0.00928	0.00306	0.00605	0.59673	0.00642	0.00643
59	0.03070	0.01164	0.01588	0.01217	0.01746	0.01006	0.01006	0.03334	0.01958	0.72163	0.02699	0.02329	0.01694	0.00847	0.00688	0.00212	0.00582	0.00688	0.00847	0.01164
60	0.02104	0.30465	0.02505	0.01483	0.01914	0.32522	0.01235	0.02568	0.12324	0.01833	0.01279	0.01398	0.01068	0.00715	0.00631	0.00179	0.04055	0.00471	0.00381	0.00868
61	0.69946	0.01301	0.01087	0.00944	0.01382	0.01461	0.00778	0.02196	0.01275	0.12709	0.01196	0.01281	0.00874	0.00665	0.00460	0.00212	0.00537	0.00415	0.00482	0.00800
62	0.02636	0.01860	0.02018	0.01547	0.02093	0.02038	0.01278	0.64448	0.03122	0.09404	0.01722	0.01694	0.01203	0.00823	0.00685	0.00206	0.00740	0.00621	0.00697	0.01164
63	0.00850	0.00602	0.00789	0.00932	0.00968	0.00567	0.00613	0.00957	0.01278	0.01704	0.03608	0.68367	0.04320	0.09566	0.01136	0.00317	0.00424	0.01849	0.00613	0.00541
64	0.01275	0.00638	0.00638	0.00638	0.00797	0.00638	0.00478	0.01594	0.01435	0.02551	0.02232	0.02551	0.01754	0.00797	0.00478	0.00159	0.00319	0.00638	0.79755	0.00638
65	0.00968	0.00699	0.00914	0.00861	0.01022	0.00646	0.00646	0.01291	0.01937	0.02743	0.71328	0.05110	0.06455	0.01399	0.00807	0.00215	0.00323	0.01237	0.00753	0.00646
66	0.01702	0.01470	0.01547	0.01392	0.01779	0.01702	0.01083	0.03635	0.70453	0.02862	0.02785	0.02553	0.02088	0.00928	0.00696	0.00232	0.00541	0.00773	0.00696	0.01083
67	0.01591	0.01541	0.02685	0.21039	0.51017	0.01607	0.06487	0.02021	0.01516	0.02115	0.01276	0.01735	0.01039	0.00625	0.00688	0.00211	0.00859	0.00622	0.00331	0.00995
68	0.03070	0.01164	0.01588	0.01217	0.01746	0.01006	0.01006	0.03334	0.01958	0.72163	0.02699	0.02329	0.01694	0.00847	0.00688	0.00212	0.00582	0.00688	0.00847	0.01164
69	0.01102	0.00787	0.01102	0.01260	0.01417	0.00787	0.01102	0.01417	0.01575	0.02047	0.03622	0.07717	0.03937	0.01890	0.00945	0.00315	0.00630	0.67084	0.00630	0.00630
70	0.01615	0.01845	0.04037	0.02884	0.03576	0.01730	0.69204	0.02191	0.01615	0.02191	0.01384	0.01845	0.01038	0.00577	0.00807	0.00231	0.01153	0.00807	0.00346	0.00923
71	0.01475	0.01467	0.02052	0.01768	0.01769	0.02044	0.01468	0.01623	0.01056	0.01650	0.00994	0.03958	0.01019	0.01229	0.02200	0.00299	0.72234	0.00643	0.00311	0.00742
72	0.01372	0.03539	0.72412	0.01950	0.02961	0.01589	0.02528	0.02167	0.01444	0.02167	0.01228	0.01444	0.00867	0.00650	0.00650	0.00217	0.01011	0.00506	0.00289	0.01011
73	0.00834	0.00595	0.00794	0.00953	0.00992	0.00556	0.00635	0.00953	0.01310	0.01746	0.03771	0.75510	0.04525	0.02143	0.00873	0.00278	0.00397	0.01945	0.00635	0.00556
74	0.05020	0.13612	0.04112	0.01258	0.01810	0.01426	0.01100	0.09497	0.01949	0.49861	0.02215	0.01998	0.01456	0.00789	0.00638	0.00201	0.00635	0.00613	0.00711	0.01100
75	0.01592	0.02007	0.10577	0.02794	0.03517	0.01717	0.62827	0.02189	0.01598	0.02189	0.01369	0.01807	0.01022	0.00584	0.00792	0.00229	0.01140	0.00779	0.00341	0.00931
76	0.02495	0.03112	0.01903	0.01721	0.02073	0.67817	0.01295	0.05080	0.01985	0.01811	0.03819	0.01400	0.01109	0.00736	0.00627	0.00179	0.01181	0.00478	0.00380	0.00801
77	0.01188	0.00594	0.00891	0.00891	0.00891	0.00594	0.00594	0.00891	0.00891	0.01188	0.01188	0.02080	0.01188	0.02377	0.02674	0.80095	0.00594	0.00594	0.00297	0.00297
78	0.76084	0.05795	0.01159	0.00916	0.01349	0.01605	0.00767	0.02013	0.01178	0.02983	0.00953	0.01111	0.00749	0.00632	0.00424	0.00208	0.00541	0.00370	0.00416	0.00749
79	0.00864	0.00720	0.00756	0.00743	0.00968	0.00626	0.00558	0.01120	0.03949	0.02021	0.16782	0.06219	0.58988	0.01654	0.00805	0.00229	0.00349	0.01389	0.00656	0.00605
80	0.01982	0.01970	0.02284	0.18413	0.27402	0.18217	0.01720	0.15353	0.01929	0.02406	0.01288	0.01606	0.01015	0.00689	0.00666	0.00203	0.00920	0.00571	0.00402	0.00962
81	0.02944	0.01132	0.01543	0.01202	0.01704	0.00980	0.00985	0.03201	0.01922	0.68218	0.02759	0.06428	0.01852	0.00919	0.00698	0.00215	0.00572	0.00758	0.00835	0.01130
82	0.01684	0.01428	0.01740	0.06516	0.08619	0.01576	0.03224	0.03121	0.48507	0.05482	0.02531	0.02451	0.03907	0.00869	0.00689	0.00221	0.00604	0.00744	0.00614	0.05473
83	0.01009	0.00742	0.00950	0.00890	0.01064	0.00705	0.00670	0.01422	0.05775	0.02750	0.67488	0.04967	0.06211	0.01372	0.00801	0.00216	0.00335	0.01211	0.00750	0.00670
84	0.00942	0.00673	0.00862	0.00975	0.01041	0.00650	0.00659	0.04790	0.01398	0.01865	0.03555	0.67139	0.04215	0.06467	0.01018	0.00297	0.00433	0.01814	0.00625	0.00581
85	0.00978	0.00729	0.01080	0.01080	0.01195	0.00844	0.00830	0.01209	0.01094	0.01574	0.01851	0.02788	0.01754	0.09099	0.69337	0.01075	0.01767	0.00748	0.00369	0.00600
86	0.01772	0.72129	0.03423	0.01144	0.01709	0.02588	0.01134	0.01989	0.01400	0.01623	0.01286	0.01405	0.04829	0.00650	0.00460	0.00151	0.00710	0.00426	0.00312	0.00861
87	0.01615	0.01845	0.04037	0.02884	0.03576	0.01730	0.69204	0.02191	0.01615	0.02191	0.01384	0.01845	0.01038	0.00577	0.00807	0.00231	0.01153	0.00807	0.00346	0.00923

[dist]
# distance from previous block
# <min> <max>
0	11

[block]
# block no. 6 follows, 31 sequences, length 26
# corresponding to MSA columns:
# 239-264
name=unknown_G
#
# <colnr> <probs for GDERKNQSTAVLIFYWHMCP>
#	G	D	E	R	K	N	Q	S	T	A	V	L	I	F	Y	W	H	M	C	P
0	0.01309	0.03191	0.63956	0.01832	0.02729	0.01467	0.02304	0.02023	0.01429	0.02117	0.01528	0.10190	0.01299	0.00826	0.00676	0.00224	0.00939	0.00675	0.00330	0.00957
1	0.01596	0.01543	0.02604	0.16481	0.49346	0.01665	0.04012	0.01986	0.01465	0.02077	0.01231	0.01698	0.01030	0.00691	0.00868	0.00220	0.09565	0.00614	0.00328	0.00981
2	0.01472	0.04007	0.02005	0.01667	0.01688	0.01940	0.01379	0.01571	0.01041	0.01591	0.00934	0.01552	0.00932	0.01315	0.02233	0.09716	0.63369	0.00590	0.00299	0.00700
3	0.01564	0.02106	0.22413	0.16371	0.37026	0.01616	0.02153	0.04747	0.01557	0.02209	0.01271	0.01645	0.00994	0.00643	0.00671	0.00212	0.00885	0.00580	0.00332	0.01007
4	0.00935	0.00717	0.01028	0.01336	0.09340	0.00682	0.00808	0.01088	0.01339	0.01804	0.03477	0.66794	0.04119	0.01962	0.00850	0.00269	0.00446	0.01787	0.00600	0.00618
5	0.10416	0.00741	0.00777	0.00764	0.00814	0.00766	0.00453	0.01115	0.01015	0.01532	0.02014	0.04080	0.02281	0.67063	0.03121	0.00610	0.00647	0.00921	0.00416	0.00453
6	0.01168	0.00647	0.00679	0.00690	0.00842	0.00636	0.00508	0.01441	0.01410	0.02327	0.02868	0.07927	0.10186	0.03852	0.03953	0.00236	0.00408	0.00836	0.58769	0.00616
7	0.06578	0.01250	0.02031	0.64818	0.08918	0.01528	0.01837	0.01789	0.01367	0.01868	0.01203	0.01768	0.00912	0.00676	0.00666	0.00225	0.00880	0.00592	0.00314	0.00780
8	0.00847	0.00633	0.00787	0.00879	0.00981	0.00574	0.00610	0.01008	0.01458	0.01912	0.14136	0.49316	0.20486	0.01941	0.00849	0.00258	0.00375	0.01727	0.00652	0.00574
9	0.02016	0.27656	0.04913	0.04573	0.12285	0.25351	0.01457	0.04935	0.01640	0.01856	0.01077	0.01320	0.00923	0.00691	0.00699	0.00184	0.06737	0.00468	0.00335	0.00882
10	0.01659	0.01973	0.13517	0.07845	0.53929	0.04863	0.02119	0.02118	0.01546	0.02170	0.01263	0.01641	0.01031	0.00625	0.00671	0.00206	0.00868	0.00586	0.00330	0.01040
11	0.01918	0.20999	0.06954	0.01514	0.01909	0.18561	0.01327	0.12017	0.01722	0.02102	0.03398	0.01575	0.01176	0.01199	0.07461	0.00282	0.14112	0.00532	0.00387	0.00855
12	0.00869	0.00630	0.00783	0.00891	0.00957	0.00587	0.00599	0.00983	0.01303	0.01701	0.03956	0.50169	0.14125	0.14856	0.01318	0.00339	0.00445	0.04354	0.00597	0.00538
13	0.01332	0.01093	0.01356	0.18932	0.02079	0.06245	0.03420	0.03741	0.01437	0.02029	0.02119	0.02679	0.06865	0.07296	0.10891	0.00359	0.02724	0.00724	0.23996	0.00683
14	0.01567	0.10620	0.10278	0.02146	0.08345	0.01887	0.18467	0.02105	0.08451	0.02013	0.01390	0.04275	0.01194	0.00866	0.01159	0.00239	0.23062	0.00680	0.00365	0.00892
15	0.01505	0.01269	0.01464	0.01061	0.01659	0.01014	0.00851	0.06253	0.03460	0.02385	0.01288	0.01465	0.01053	0.00539	0.00524	0.00112	0.00524	0.00430	0.00432	0.72714
16	0.03569	0.03998	0.05779	0.03473	0.01359	0.00886	0.00875	0.03399	0.01376	0.01878	0.03320	0.36474	0.12770	0.02361	0.14799	0.00415	0.00754	0.01342	0.00530	0.00645
17	0.68771	0.01414	0.01167	0.01003	0.01446	0.01625	0.00827	0.12370	0.01480	0.03260	0.01059	0.01193	0.00806	0.00664	0.00464	0.00211	0.00564	0.00408	0.00464	0.00806
18	0.03620	0.00769	0.00967	0.03827	0.01209	0.00742	0.00712	0.01258	0.01676	0.02354	0.39856	0.16566	0.15334	0.01478	0.00835	0.00227	0.02772	0.01279	0.00658	0.03863
19	0.15994	0.01380	0.04208	0.22480	0.02862	0.01459	0.16644	0.01902	0.04152	0.02162	0.01379	0.01841	0.01098	0.01309	0.11039	0.00346	0.03351	0.00626	0.02881	0.02885
20	0.01829	0.76368	0.03585	0.01171	0.01756	0.02707	0.01171	0.02049	0.01390	0.01610	0.00951	0.01097	0.00878	0.00585	0.00439	0.00146	0.00732	0.00366	0.00293	0.00878
21	0.01216	0.00644	0.00647	0.00647	0.00809	0.00632	0.00480	0.01507	0.01432	0.02431	0.02727	0.03048	0.09156	0.03646	0.00623	0.00185	0.00334	0.00736	0.68475	0.00623
22	0.01121	0.00747	0.00907	0.00865	0.01067	0.00676	0.00644	0.01400	0.03525	0.08821	0.33013	0.13767	0.25084	0.04163	0.00896	0.00244	0.00381	0.01313	0.00699	0.00666
23	0.02501	0.01871	0.02020	0.01570	0.02087	0.02092	0.01293	0.62569	0.07681	0.04119	0.01693	0.01699	0.01217	0.00842	0.00740	0.00210	0.03354	0.00626	0.00672	0.01143
24	0.03950	0.02025	0.01658	0.08315	0.02033	0.32203	0.01197	0.03901	0.05547	0.06633	0.01739	0.02000	0.04768	0.01478	0.11622	0.00337	0.05963	0.00607	0.03232	0.00792
25	0.46744	0.02013	0.24150	0.01263	0.01866	0.01504	0.01334	0.02119	0.03689	0.04532	0.04344	0.01481	0.01112	0.00690	0.00530	0.00214	0.00678	0.00476	0.00415	0.00847

[dist]
# distance from previous block
# <min> <max>
4	11

[block]
# block no. 7 follows, 31 sequences, length 15
# corresponding to MSA columns:
# 276-290
name=unknown_H
#
# <colnr> <probs for GDERKNQSTAVLIFYWHMCP>
#	G	D	E	R	K	N	Q	S	T	A	V	L	I	F	Y	W	H	M	C	P
0	0.04351	0.27478	0.15958	0.01570	0.05864	0.15749	0.01434	0.04589	0.03289	0.04420	0.01603	0.01723	0.05617	0.00731	0.00576	0.00183	0.00835	0.00529	0.02607	0.00893
1	0.01481	0.01207	0.01671	0.01327	0.01741	0.01129	0.09440	0.07326	0.04469	0.06197	0.06412	0.14094	0.07521	0.01033	0.00788	0.00196	0.05319	0.00894	0.00526	0.27228
2	0.02338	0.11829	0.02288	0.04262	0.02247	0.51213	0.05669	0.06773	0.01889	0.01868	0.01104	0.01310	0.00910	0.00702	0.00658	0.00183	0.03086	0.00476	0.00363	0.00833
3	0.01446	0.10255	0.51458	0.01699	0.02524	0.01587	0.02057	0.02184	0.05626	0.04365	0.08914	0.01899	0.01570	0.00747	0.00650	0.00210	0.00868	0.00592	0.00381	0.00967
4	0.01823	0.01581	0.01612	0.01424	0.01825	0.04407	0.01113	0.10122	0.61236	0.02961	0.02607	0.02413	0.01952	0.00909	0.00692	0.00227	0.00588	0.00745	0.00682	0.01080
5	0.00882	0.00640	0.00828	0.00940	0.01017	0.00593	0.00648	0.01025	0.01358	0.01814	0.07633	0.57015	0.08092	0.06739	0.01027	0.00294	0.00424	0.05633	0.00621	0.02779
6	0.00962	0.00660	0.00745	0.00760	0.00786	0.00645	0.00445	0.00990	0.01080	0.01416	0.02776	0.11153	0.09505	0.61879	0.02980	0.00585	0.00608	0.01126	0.00457	0.00444
7	0.01753	0.01495	0.01576	0.01403	0.01799	0.01726	0.01095	0.07403	0.66601	0.02945	0.02719	0.02500	0.02035	0.00922	0.00695	0.00231	0.00554	0.00764	0.00695	0.01087
8	0.01862	0.01613	0.01643	0.06093	0.02012	0.07943	0.01172	0.08790	0.49464	0.05638	0.02461	0.02469	0.01873	0.00911	0.00695	0.00226	0.00648	0.02810	0.00644	0.01033
9	0.01379	0.01572	0.11196	0.02305	0.20324	0.01288	0.14372	0.05706	0.01594	0.02178	0.02599	0.19757	0.10496	0.01122	0.00762	0.00231	0.00744	0.01053	0.00461	0.00861
10	0.01431	0.01021	0.01228	0.03651	0.01450	0.01043	0.00864	0.12929	0.08579	0.06711	0.37651	0.04227	0.09508	0.02911	0.00831	0.00231	0.00472	0.03763	0.00704	0.00795
11	0.46890	0.14022	0.08665	0.01187	0.01690	0.11302	0.01085	0.04513	0.01405	0.02601	0.01018	0.01177	0.00809	0.00644	0.00483	0.00197	0.00712	0.00401	0.00389	0.00812
12	0.08649	0.11775	0.06226	0.01606	0.07521	0.03997	0.01276	0.16528	0.20424	0.12390	0.01873	0.01844	0.01379	0.00775	0.00629	0.00206	0.00686	0.00602	0.00574	0.01042
13	0.11128	0.52289	0.06952	0.01249	0.01829	0.04448	0.01218	0.10313	0.01606	0.02144	0.01055	0.01189	0.00896	0.00627	0.00484	0.00166	0.00741	0.00407	0.00357	0.00902
14	0.00902	0.00743	0.00810	0.00791	0.01011	0.00674	0.00597	0.01212	0.05686	0.02063	0.18624	0.05832	0.50794	0.01824	0.05125	0.00280	0.00442	0.01322	0.00645	0.00622

[dist]
# distance from previous block
# <min> <max>
0	1

[block]
# block no. 8 follows, 31 sequences, length 47
# corresponding to MSA columns:
# 292-338
name=unknown_I
#
# <colnr> <probs for GDERKNQSTAVLIFYWHMCP>
#	G	D	E	R	K	N	Q	S	T	A	V	L	I	F	Y	W	H	M	C	P
0	0.01631	0.03486	0.01430	0.01254	0.04212	0.01335	0.00914	0.23463	0.06508	0.02650	0.02369	0.09167	0.06405	0.18215	0.03691	0.00344	0.02788	0.00879	0.08456	0.00803
1	0.01043	0.00711	0.00910	0.00993	0.01088	0.00684	0.00686	0.05634	0.01477	0.04471	0.06417	0.62665	0.04215	0.04346	0.00935	0.00280	0.00433	0.01750	0.00644	0.00617
2	0.01728	0.01691	0.02743	0.04102	0.68906	0.04489	0.02069	0.02125	0.01573	0.02213	0.01278	0.01675	0.01076	0.00613	0.00675	0.00202	0.00830	0.00603	0.00339	0.01072
3	0.01558	0.01400	0.04962	0.01603	0.02117	0.01186	0.20267	0.06200	0.01520	0.05134	0.01447	0.04501	0.01216	0.00954	0.01008	0.14073	0.00741	0.00640	0.00411	0.29062
4	0.02432	0.05815	0.01994	0.01794	0.04869	0.62818	0.01318	0.04719	0.01929	0.01784	0.01292	0.01452	0.03426	0.00737	0.00622	0.00179	0.01151	0.00486	0.00370	0.00812
5	0.01292	0.01216	0.02052	0.74312	0.04712	0.01520	0.01900	0.01748	0.01368	0.01748	0.01216	0.01824	0.00912	0.00684	0.00684	0.00228	0.00912	0.00608	0.00304	0.00760
6	0.01419	0.01216	0.01419	0.01013	0.01621	0.00912	0.00811	0.01723	0.01419	0.02229	0.01216	0.01419	0.01013	0.00507	0.00507	0.00101	0.00507	0.00405	0.00405	0.80139
7	0.03070	0.01164	0.01588	0.01217	0.01746	0.01006	0.01006	0.03334	0.01958	0.72163	0.02699	0.02329	0.01694	0.00847	0.00688	0.00212	0.00582	0.00688	0.00847	0.01164
8	0.00842	0.00602	0.00802	0.00947	0.00994	0.00561	0.00636	0.00974	0.01350	0.01810	0.08068	0.71032	0.04648	0.02096	0.00869	0.00274	0.00392	0.01900	0.00643	0.00561
9	0.00912	0.00697	0.00836	0.00801	0.00987	0.00621	0.00601	0.01182	0.01803	0.02427	0.48537	0.05632	0.29443	0.01517	0.00807	0.00221	0.00331	0.01310	0.00711	0.00621
10	0.00968	0.00699	0.00914	0.00861	0.01022	0.00646	0.00646	0.01291	0.01937	0.02743	0.71328	0.05110	0.06455	0.01399	0.00807	0.00215	0.00323	0.01237	0.00753	0.00646
11	0.02601	0.01916	0.02053	0.01574	0.02122	0.02122	0.01300	0.69408	0.03217	0.04312	0.01643	0.01643	0.01163	0.00821	0.00684	0.00205	0.00753	0.00616	0.00684	0.01163
