[name]
unknown

[dist]
# distance from previous block
# <min> <max>
24	47

[block]
# block no. 0 follows, 28 sequences, length 25
# corresponding to MSA columns:
# 62-86
name=unknown_A
#
# <colnr> <probs for GDERKNQSTAVLIFYWHMCP>
#	G	D	E	R	K	N	Q	S	T	A	V	L	I	F	Y	W	H	M	C	P
0	0.01603	0.04214	0.03854	0.07569	0.19968	0.09169	0.09376	0.01927	0.01554	0.02043	0.01868	0.15724	0.01874	0.05691	0.01036	0.00262	0.05107	0.00925	0.00424	0.05812
1	0.01904	0.01731	0.02658	0.03018	0.32862	0.01761	0.09605	0.13503	0.06183	0.02756	0.01513	0.01816	0.01207	0.00724	0.00808	0.00213	0.04895	0.00655	0.00456	0.11735
2	0.01794	0.01158	0.01371	0.01225	0.01547	0.01169	0.00929	0.10134	0.15880	0.14931	0.06710	0.24544	0.03031	0.06003	0.00975	0.00273	0.00556	0.01183	0.00712	0.05873
3	0.01094	0.00883	0.01172	0.06335	0.01490	0.00960	0.00898	0.01414	0.05765	0.02111	0.15909	0.36254	0.08330	0.04060	0.01144	0.00288	0.09079	0.01507	0.00627	0.00681
4	0.01767	0.01639	0.01506	0.05814	0.01847	0.14716	0.01061	0.16974	0.06405	0.02692	0.10947	0.08823	0.20303	0.01276	0.00779	0.00230	0.00700	0.01040	0.00625	0.00854
5	0.27625	0.01798	0.01603	0.01397	0.01814	0.11162	0.01112	0.09302	0.23208	0.06658	0.01821	0.01841	0.01376	0.00854	0.00736	0.00232	0.05303	0.00600	0.00576	0.00980
6	0.15708	0.01134	0.01300	0.01158	0.01514	0.01137	0.00899	0.05896	0.08180	0.24118	0.05557	0.22596	0.05212	0.01312	0.00747	0.00247	0.00539	0.01104	0.00720	0.00923
7	0.00966	0.00717	0.00885	0.00983	0.01075	0.00687	0.00669	0.01222	0.05685	0.01963	0.08096	0.50938	0.11948	0.09154	0.01175	0.00322	0.00448	0.01783	0.00664	0.00620
8	0.16234	0.01659	0.01708	0.01409	0.01905	0.04615	0.01137	0.19895	0.21324	0.19337	0.02202	0.02076	0.01558	0.00871	0.00679	0.00228	0.00672	0.00666	0.00708	0.01116
9	0.41922	0.01273	0.01210	0.01085	0.01471	0.01396	0.00852	0.02425	0.11880	0.13218	0.02017	0.10016	0.01735	0.05666	0.00800	0.00267	0.00566	0.00742	0.00588	0.00868
10	0.02539	0.01149	0.01501	0.01229	0.01671	0.01058	0.00985	0.03033	0.09923	0.45983	0.15385	0.07073	0.02962	0.01097	0.00767	0.00232	0.00551	0.00926	0.00850	0.01088
11	0.00894	0.00639	0.00851	0.01006	0.01056	0.00596	0.00675	0.01033	0.01431	0.01918	0.07866	0.69942	0.04928	0.02231	0.00924	0.00291	0.00417	0.02022	0.00682	0.00596
12	0.02763	0.02036	0.02182	0.01672	0.02254	0.02254	0.01382	0.67496	0.03418	0.04581	0.01745	0.01745	0.01236	0.00873	0.00727	0.00218	0.00800	0.00654	0.00727	0.01236
13	0.00975	0.00670	0.00817	0.00898	0.00918	0.00650	0.00553	0.01036	0.01218	0.01624	0.03114	0.37987	0.03682	0.39806	0.02369	0.00508	0.00569	0.01542	0.00553	0.00512
14	0.46458	0.01834	0.01420	0.01261	0.01697	0.13941	0.01001	0.06457	0.14628	0.03037	0.01454	0.01535	0.01119	0.00760	0.00559	0.00222	0.00710	0.00505	0.00509	0.00894
15	0.00904	0.00648	0.00830	0.00968	0.01019	0.00605	0.00639	0.01020	0.01369	0.01810	0.04024	0.61371	0.08812	0.10803	0.01252	0.00340	0.00452	0.01912	0.00647	0.00574
16	0.00962	0.00730	0.01043	0.01085	0.01191	0.00680	0.04261	0.01144	0.01508	0.02030	0.14362	0.52702	0.07385	0.05998	0.01062	0.00302	0.00466	0.01805	0.00665	0.00619
17	0.00988	0.00698	0.00858	0.00889	0.00967	0.00661	0.00588	0.01138	0.01490	0.02023	0.23368	0.24815	0.08477	0.27595	0.01885	0.00417	0.00495	0.01450	0.00630	0.00567
18	0.02485	0.01866	0.02024	0.01581	0.02098	0.02057	0.01286	0.53378	0.07239	0.04063	0.01805	0.01979	0.01369	0.05535	0.00964	0.00248	0.03299	0.00678	0.00679	0.05365
19	0.02647	0.01751	0.01950	0.01504	0.02044	0.01850	0.01225	0.47203	0.02888	0.15818	0.01954	0.02078	0.01428	0.06223	0.00933	0.00248	0.00744	0.00683	0.00718	0.06112
20	0.01434	0.01214	0.01429	0.01069	0.01643	0.00924	0.00839	0.01733	0.01494	0.02308	0.01614	0.10097	0.01519	0.00744	0.00584	0.00130	0.00525	0.00625	0.00460	0.69616
21	0.01702	0.01271	0.01325	0.01148	0.01483	0.05326	0.00877	0.16820	0.02007	0.06834	0.05325	0.15663	0.13184	0.06623	0.00959	0.00253	0.00591	0.01063	0.07466	0.10079
22	0.02308	0.01682	0.01847	0.01445	0.01961	0.01768	0.01175	0.45371	0.02843	0.06465	0.07125	0.05210	0.06135	0.00995	0.00730	0.00211	0.00685	0.00790	0.00698	0.10556
23	0.01749	0.01428	0.04206	0.01252	0.01690	0.01353	0.01030	0.24673	0.06006	0.04605	0.05837	0.11331	0.19462	0.01258	0.00763	0.00222	0.00591	0.01040	0.00661	0.10841
24	0.02152	0.01183	0.04052	0.01200	0.01590	0.01029	0.00975	0.09070	0.01972	0.31939	0.09639	0.17193	0.08185	0.05195	0.00948	0.00266	0.00575	0.01115	0.00763	0.00959

[dist]
# distance from previous block
# <min> <max>
3	29

[block]
# block no. 1 follows, 28 sequences, length 8
# corresponding to MSA columns:
# 116-123
name=unknown_B
#
# <colnr> <probs for GDERKNQSTAVLIFYWHMCP>
#	G	D	E	R	K	N	Q	S	T	A	V	L	I	F	Y	W	H	M	C	P
0	0.01458	0.11200	0.31908	0.01773	0.02477	0.01592	0.09828	0.02109	0.05580	0.02268	0.07158	0.11942	0.02037	0.00966	0.00726	0.00227	0.00854	0.00844	0.00436	0.04616
1	0.01859	0.10122	0.04606	0.06711	0.02211	0.10082	0.07107	0.06198	0.08359	0.08027	0.02093	0.04727	0.05233	0.04051	0.05713	0.00291	0.00889	0.00731	0.00499	0.10491
2	0.01355	0.00678	0.00678	0.00678	0.00847	0.00678	0.00508	0.01694	0.01524	0.02710	0.02371	0.02710	0.01863	0.00847	0.00508	0.00169	0.00339	0.00678	0.78489	0.00678
3	0.05589	0.01392	0.01843	0.24191	0.02836	0.03901	0.04275	0.04464	0.04032	0.02255	0.01625	0.09267	0.01455	0.00865	0.00762	0.00206	0.04428	0.00723	0.00435	0.25458
4	0.01717	0.16912	0.33558	0.01957	0.02664	0.08626	0.08054	0.02243	0.01518	0.02047	0.01187	0.01491	0.00947	0.00774	0.00947	0.00228	0.13290	0.00548	0.00322	0.00969
5	0.05729	0.16042	0.23559	0.10550	0.06236	0.09216	0.04737	0.02262	0.01637	0.05466	0.06744	0.01862	0.01460	0.00755	0.00661	0.00212	0.00920	0.00600	0.00397	0.00953
6	0.01583	0.17185	0.49706	0.02035	0.02981	0.01935	0.10339	0.02281	0.01546	0.02192	0.01268	0.01516	0.00945	0.00668	0.00668	0.00218	0.01036	0.00548	0.00315	0.01036
7	0.08725	0.09011	0.11336	0.04229	0.05419	0.01624	0.13108	0.08750	0.01796	0.09284	0.05109	0.05726	0.01602	0.00813	0.00690	0.00211	0.00803	0.00714	0.00494	0.10553

[dist]
# distance from previous block
# <min> <max>
2	11

[block]
# block no. 2 follows, 28 sequences, length 26
# corresponding to MSA columns:
# 135-160
name=unknown_C
#
# <colnr> <probs for GDERKNQSTAVLIFYWHMCP>
#	G	D	E	R	K	N	Q	S	T	A	V	L	I	F	Y	W	H	M	C	P
0	0.09735	0.01506	0.03953	0.05414	0.10018	0.03849	0.04475	0.07743	0.01933	0.23390	0.11391	0.02413	0.02090	0.00860	0.00704	0.00214	0.00697	0.00723	0.00629	0.08264
1	0.01762	0.01664	0.07297	0.01398	0.02005	0.01396	0.03541	0.15964	0.01930	0.02826	0.04710	0.01774	0.01374	0.00716	0.00731	0.00165	0.05070	0.00558	0.00493	0.44625
2	0.01555	0.02496	0.30203	0.02326	0.12205	0.04457	0.13426	0.02138	0.01619	0.02306	0.04831	0.06233	0.01532	0.00789	0.00726	0.00217	0.00938	0.00723	0.00390	0.10890
3	0.01314	0.00853	0.01087	0.01045	0.01248	0.00802	0.00773	0.03924	0.03711	0.09034	0.28291	0.26707	0.04772	0.05483	0.01001	0.00274	0.00460	0.04091	0.00723	0.04408
4	0.01243	0.00830	0.01125	0.01118	0.04510	0.00767	0.00792	0.01585	0.02040	0.08226	0.60934	0.05019	0.06180	0.01399	0.00841	0.00228	0.00390	0.01236	0.00787	0.00752
5	0.02029	0.01671	0.01768	0.01524	0.01974	0.01911	0.01204	0.18567	0.53543	0.03397	0.02678	0.02489	0.01992	0.00960	0.00737	0.00240	0.00627	0.00783	0.00737	0.01170
6	0.02718	0.03396	0.02066	0.01863	0.02248	0.68218	0.01403	0.05996	0.02125	0.01913	0.01153	0.01332	0.00951	0.00755	0.00659	0.00189	0.01286	0.00477	0.00391	0.00862
7	0.01518	0.10077	0.60371	0.02061	0.03072	0.01805	0.06708	0.02292	0.01541	0.02250	0.01289	0.01529	0.00934	0.00679	0.00681	0.00224	0.01057	0.00544	0.00311	0.01055
8	0.47545	0.11807	0.07967	0.05137	0.01918	0.03936	0.01155	0.05832	0.01492	0.05875	0.01180	0.01345	0.00903	0.00695	0.00523	0.00215	0.00699	0.00451	0.00444	0.00881
9	0.00878	0.00724	0.00771	0.00786	0.01000	0.00617	0.00579	0.01069	0.01661	0.02036	0.12575	0.15063	0.56005	0.01862	0.00867	0.00250	0.00372	0.01580	0.00686	0.00617
10	0.01029	0.00743	0.00972	0.00914	0.01086	0.00686	0.00686	0.01372	0.02058	0.02915	0.69536	0.05430	0.06859	0.01486	0.00857	0.00229	0.00343	0.01315	0.00800	0.00686
11	0.01496	0.03366	0.57496	0.05597	0.05856	0.01703	0.09818	0.02281	0.01556	0.02287	0.01325	0.01611	0.00952	0.00682	0.00712	0.00232	0.01078	0.00582	0.00316	0.01054
12	0.01481	0.03597	0.64683	0.02162	0.03205	0.01702	0.08527	0.02304	0.01551	0.02304	0.01320	0.01573	0.00937	0.00684	0.00706	0.00232	0.01088	0.00566	0.00312	0.01066
13	0.03261	0.01237	0.01687	0.01293	0.01856	0.01068	0.01068	0.03543	0.02081	0.70423	0.02868	0.02474	0.01799	0.00900	0.00731	0.00225	0.00619	0.00731	0.00900	0.01237
14	0.01263	0.00631	0.00947	0.00947	0.00947	0.00631	0.00631	0.00947	0.00947	0.01263	0.01263	0.02210	0.01263	0.02525	0.02841	0.78851	0.00631	0.00631	0.00316	0.00316
15	0.01668	0.05426	0.30087	0.02557	0.03404	0.04894	0.36721	0.02338	0.01651	0.02271	0.01373	0.01736	0.01018	0.00649	0.00769	0.00233	0.01154	0.00698	0.00342	0.01009
16	0.00869	0.00737	0.00751	0.00747	0.00988	0.00618	0.00560	0.01063	0.01681	0.02022	0.11148	0.06900	0.65804	0.01819	0.00859	0.00244	0.00367	0.01521	0.00683	0.00618
17	0.01029	0.00743	0.00972	0.00914	0.01086	0.00686	0.00686	0.01372	0.02058	0.02915	0.69536	0.05430	0.06859	0.01486	0.00857	0.00229	0.00343	0.01315	0.00800	0.00686
18	0.02715	0.03464	0.02060	0.01873	0.02247	0.71536	0.01404	0.02903	0.02060	0.01779	0.01124	0.01311	0.00936	0.00749	0.00655	0.00187	0.01311	0.00468	0.00375	0.00843
19	0.09250	0.61502	0.09598	0.01291	0.01938	0.02651	0.01331	0.02184	0.01459	0.01911	0.01037	0.01201	0.00918	0.00633	0.00485	0.00169	0.00784	0.00403	0.00324	0.00932
20	0.02669	0.06104	0.02137	0.01568	0.02128	0.02061	0.01299	0.46364	0.11267	0.13860	0.02019	0.01939	0.01424	0.00876	0.00714	0.00219	0.00744	0.00671	0.00730	0.01208
21	0.01057	0.00705	0.00793	0.00793	0.00793	0.00705	0.00440	0.01057	0.01057	0.01409	0.02290	0.04757	0.02643	0.74454	0.03700	0.00705	0.00705	0.01057	0.00440	0.00440
22	0.00886	0.00633	0.00843	0.01012	0.01054	0.00590	0.00675	0.01012	0.01392	0.01856	0.04006	0.73979	0.04808	0.02277	0.00928	0.00295	0.00422	0.02066	0.00675	0.00590
23	0.02101	0.53610	0.03253	0.01400	0.01939	0.20247	0.01271	0.02324	0.01612	0.01727	0.01079	0.01274	0.00971	0.00858	0.03512	0.00206	0.00962	0.00425	0.00330	0.00898
24	0.02025	0.01513	0.01661	0.01426	0.01886	0.01649	0.01123	0.06442	0.50430	0.12399	0.02742	0.02527	0.02014	0.00929	0.00720	0.00230	0.00588	0.00766	0.00733	0.08197
25	0.33524	0.04405	0.01760	0.13655	0.02350	0.01888	0.01232	0.23312	0.06088	0.03372	0.01416	0.01587	0.01056	0.00765	0.00606	0.00224	0.00718	0.00547	0.00530	0.00963

[dist]
# distance from previous block
# <min> <max>
0	1

[block]
# block no. 3 follows, 28 sequences, length 131
# corresponding to MSA columns:
# 162-292
name=unknown_D
#
# <colnr> <probs for GDERKNQSTAVLIFYWHMCP>
#	G	D	E	R	K	N	Q	S	T	A	V	L	I	F	Y	W	H	M	C	P
0	0.08274	0.01488	0.02039	0.49114	0.03990	0.04165	0.01725	0.11544	0.01748	0.02406	0.01329	0.01796	0.00998	0.00733	0.00689	0.00227	0.00894	0.00606	0.00402	0.05833
1	0.01880	0.05741	0.02255	0.17387	0.02682	0.19040	0.01613	0.04610	0.01526	0.01887	0.01103	0.01583	0.00963	0.00976	0.01438	0.00257	0.33291	0.00585	0.00348	0.00833
2	0.01848	0.01652	0.02152	0.46466	0.03975	0.06796	0.01776	0.19117	0.04509	0.02606	0.01460	0.01872	0.01083	0.00776	0.00722	0.00232	0.00935	0.00642	0.00448	0.00935
3	0.01320	0.00685	0.00995	0.00975	0.00997	0.00694	0.00660	0.03512	0.01042	0.01391	0.01281	0.02192	0.01262	0.02462	0.02759	0.75821	0.00638	0.00632	0.00332	0.00351
4	0.02402	0.01821	0.01951	0.01568	0.02067	0.02027	0.01265	0.47449	0.18638	0.03994	0.02137	0.04770	0.01655	0.03787	0.00852	0.00246	0.00729	0.00762	0.00717	0.01161
5	0.01580	0.01421	0.01943	0.01405	0.02034	0.01183	0.10062	0.04012	0.01581	0.02408	0.01317	0.01581	0.01080	0.00590	0.00666	0.00139	0.03707	0.00505	0.00427	0.62358
6	0.01589	0.15720	0.42669	0.05498	0.03140	0.01922	0.15102	0.02264	0.01556	0.02183	0.01285	0.01573	0.00961	0.00665	0.00686	0.00221	0.01047	0.00579	0.00320	0.01018
7	0.02378	0.01798	0.01846	0.01529	0.02015	0.06652	0.01223	0.26986	0.29349	0.12207	0.02517	0.02368	0.03889	0.00945	0.00732	0.00229	0.00707	0.00747	0.00728	0.01155
8	0.01263	0.00631	0.00947	0.00947	0.00947	0.00631	0.00631	0.00947	0.00947	0.01263	0.01263	0.02210	0.01263	0.02525	0.02841	0.78851	0.00631	0.00631	0.00316	0.00316
9	0.01450	0.01549	0.05046	0.02577	0.12971	0.01410	0.33613	0.01884	0.01595	0.02181	0.02276	0.25402	0.02312	0.01163	0.00854	0.00257	0.00903	0.01210	0.00465	0.00882
10	0.01523	0.01531	0.02891	0.10434	0.19515	0.01545	0.26437	0.01956	0.01582	0.02169	0.01944	0.15098	0.01874	0.01019	0.00906	0.00254	0.04614	0.03371	0.00425	0.00913
11	0.01764	0.01750	0.03159	0.07327	0.54892	0.01742	0.14085	0.02232	0.01657	0.02343	0.01383	0.01835	0.01134	0.00645	0.00745	0.00222	0.00934	0.00686	0.00360	0.01104
12	0.01711	0.01652	0.02859	0.17931	0.54023	0.01710	0.05163	0.02161	0.01618	0.02270	0.01357	0.01834	0.01113	0.00662	0.00727	0.00222	0.00901	0.00657	0.00353	0.01075
13	0.01609	0.24228	0.48567	0.01875	0.02804	0.02038	0.04998	0.02267	0.01526	0.02132	0.01227	0.01446	0.00932	0.00667	0.00633	0.00209	0.00995	0.00508	0.00311	0.01029
14	0.02030	0.61800	0.08484	0.01331	0.01973	0.05236	0.01343	0.02310	0.01546	0.06618	0.01168	0.01291	0.00993	0.00651	0.00509	0.00167	0.00808	0.00427	0.00355	0.00961
15	0.00861	0.00727	0.00746	0.00761	0.00988	0.00612	0.00563	0.01040	0.01633	0.01954	0.07061	0.13026	0.63789	0.01880	0.00865	0.00250	0.00373	0.01582	0.00675	0.00612
16	0.01077	0.00759	0.01016	0.06458	0.01426	0.00748	0.00811	0.01329	0.04515	0.05192	0.03860	0.58636	0.07368	0.02014	0.00891	0.00283	0.00477	0.01813	0.00662	0.00664
17	0.17269	0.01801	0.01836	0.01463	0.01994	0.05054	0.01196	0.35788	0.07563	0.16116	0.01874	0.01824	0.01314	0.00843	0.00673	0.00221	0.00729	0.00623	0.00691	0.01127
18	0.02363	0.02028	0.01926	0.01596	0.02078	0.11912	0.01273	0.34843	0.24050	0.03568	0.02303	0.02233	0.04636	0.00936	0.00727	0.00224	0.00781	0.00722	0.00679	0.01124
19	0.02534	0.01900	0.02059	0.01564	0.02157	0.02020	0.01287	0.55520	0.03069	0.04178	0.01663	0.01702	0.01207	0.00812	0.00693	0.00198	0.00752	0.00614	0.00673	0.15400
20	0.00860	0.00731	0.00742	0.00750	0.00985	0.00613	0.00558	0.01042	0.01644	0.01958	0.07203	0.10213	0.66511	0.01862	0.00862	0.00248	0.00371	0.01560	0.00675	0.00613
21	0.01734	0.01841	0.03644	0.03453	0.27260	0.01778	0.39569	0.02257	0.01668	0.02329	0.01411	0.01875	0.01115	0.00643	0.00843	0.00232	0.03267	0.00760	0.00366	0.03957
22	0.02073	0.01693	0.01793	0.01533	0.01991	0.01932	0.01215	0.21489	0.50548	0.03467	0.02622	0.02444	0.01947	0.00955	0.00736	0.00239	0.00637	0.00775	0.00736	0.01174
23	0.05111	0.01297	0.02127	0.69277	0.04834	0.01616	0.01960	0.01871	0.01443	0.01924	0.01279	0.01902	0.00960	0.00724	0.00714	0.00241	0.00950	0.00634	0.00329	0.00807
24	0.02718	0.02013	0.02156	0.01663	0.02237	0.02233	0.01371	0.64454	0.06533	0.04508	0.01803	0.01791	0.01283	0.00878	0.00728	0.00220	0.00789	0.00662	0.00728	0.01232
25	0.01799	0.01727	0.02950	0.04462	0.69919	0.01727	0.02231	0.02231	0.01655	0.02375	0.01367	0.01799	0.01151	0.00648	0.00720	0.00216	0.00864	0.00648	0.00360	0.01151
26	0.03261	0.01237	0.01687	0.01293	0.01856	0.01068	0.01068	0.03543	0.02081	0.70423	0.02868	0.02474	0.01799	0.00900	0.00731	0.00225	0.00619	0.00731	0.00900	0.01237
27	0.01590	0.01590	0.02226	0.01908	0.01908	0.02226	0.01590	0.01749	0.01113	0.01749	0.00954	0.01590	0.00954	0.01272	0.02385	0.00318	0.73123	0.00636	0.00318	0.00795
28	0.04448	0.35416	0.19640	0.01694	0.02377	0.16596	0.06285	0.02366	0.01620	0.01961	0.01138	0.01342	0.00938	0.00666	0.00587	0.00189	0.00984	0.00474	0.00331	0.00947
29	0.00949	0.00764	0.00851	0.00853	0.01067	0.00683	0.00640	0.01242	0.04306	0.02223	0.21088	0.12522	0.44323	0.01772	0.00866	0.00249	0.00386	0.03860	0.00706	0.00651
30	0.00868	0.00737	0.00748	0.00745	0.00987	0.00617	0.00559	0.01060	0.01677	0.02012	0.10537	0.06916	0.66420	0.01823	0.00859	0.00245	0.00367	0.01523	0.00681	0.00617
31	0.01693	0.01635	0.02835	0.20718	0.51014	0.01706	0.05501	0.02146	0.01610	0.02249	0.01355	0.01841	0.01105	0.00665	0.00728	0.00224	0.00907	0.00658	0.00351	0.01060
32	0.01540	0.01521	0.02295	0.56586	0.15182	0.06775	0.02007	0.01994	0.01530	0.01934	0.01292	0.01870	0.00996	0.00716	0.00720	0.00234	0.00977	0.00633	0.00333	0.00865
33	0.01171	0.00837	0.01171	0.01339	0.01506	0.00837	0.01171	0.01506	0.01673	0.02175	0.03849	0.08199	0.04183	0.02008	0.01004	0.00335	0.00669	0.65027	0.00669	0.00669
34	0.00886	0.00633	0.00843	0.01012	0.01054	0.00590	0.00675	0.01012	0.01392	0.01856	0.04006	0.73979	0.04808	0.02277	0.00928	0.00295	0.00422	0.02066	0.00675	0.00590
35	0.05996	0.01349	0.01721	0.01332	0.01887	0.01254	0.01098	0.11097	0.04383	0.57898	0.02668	0.02347	0.01709	0.00891	0.00720	0.00225	0.00637	0.00712	0.00857	0.01217
36	0.02716	0.02065	0.02151	0.01670	0.02236	0.04721	0.01371	0.62120	0.06500	0.04407	0.01781	0.01776	0.01273	0.00874	0.00725	0.00218	0.00807	0.00656	0.00715	0.01218
37	0.00886	0.00633	0.00843	0.01012	0.01054	0.00590	0.00675	0.01012	0.01392	0.01856	0.04006	0.73979	0.04808	0.02277	0.00928	0.00295	0.00422	0.02066	0.00675	0.00590
38	0.79588	0.01406	0.01068	0.00956	0.01406	0.01631	0.00787	0.02137	0.01237	0.03261	0.01012	0.01181	0.00787	0.00675	0.00450	0.00225	0.00562	0.00394	0.00450	0.00787
39	0.01943	0.74891	0.03809	0.01244	0.01866	0.02876	0.01244	0.02177	0.01477	0.01710	0.01011	0.01166	0.00933	0.00622	0.00466	0.00155	0.00777	0.00389	0.00311	0.00933
40	0.01538	0.01390	0.01915	0.01368	0.02027	0.01096	0.10590	0.01903	0.01538	0.02363	0.01318	0.01574	0.01081	0.00549	0.00585	0.00128	0.00639	0.00493	0.00421	0.67485
41	0.01038	0.00779	0.01168	0.01168	0.01298	0.00909	0.00909	0.01298	0.01168	0.01687	0.01947	0.02856	0.01817	0.05452	0.71573	0.01168	0.01947	0.00779	0.00389	0.00649
42	0.01808	0.01561	0.01644	0.01479	0.01890	0.01808	0.01151	0.03863	0.68606	0.03041	0.02959	0.02712	0.02219	0.00986	0.00740	0.00247	0.00575	0.00822	0.00740	0.01151
43	0.01373	0.01292	0.02180	0.72707	0.05006	0.01615	0.02019	0.01857	0.01453	0.01857	0.01292	0.01938	0.00969	0.00727	0.00727	0.00242	0.00969	0.00646	0.00323	0.00807
44	0.01056	0.00708	0.00809	0.00809	0.00814	0.00713	0.00460	0.01067	0.01062	0.01421	0.02276	0.04677	0.02608	0.71539	0.06567	0.00724	0.00757	0.01045	0.00438	0.00449
45	0.00886	0.00633	0.00843	0.01012	0.01054	0.00590	0.00675	0.01012	0.01392	0.01856	0.04006	0.73979	0.04808	0.02277	0.00928	0.00295	0.00422	0.02066	0.00675	0.00590
46	0.02646	0.01966	0.02118	0.01617	0.02205	0.02134	0.01333	0.61355	0.03239	0.04374	0.01703	0.01723	0.01221	0.00841	0.00710	0.00208	0.00775	0.00634	0.00699	0.08499
47	0.01507	0.01292	0.01507	0.01077	0.01723	0.00969	0.00861	0.01830	0.01507	0.02369	0.01292	0.01507	0.01077	0.00538	0.00538	0.00108	0.00538	0.00431	0.00431	0.78898
48	0.02142	0.23536	0.26391	0.01558	0.02322	0.01862	0.01689	0.05703	0.01752	0.20298	0.01654	0.01685	0.01180	0.00728	0.00631	0.00201	0.00829	0.00546	0.00491	0.04804
49	0.01503	0.07004	0.61750	0.02118	0.03141	0.01758	0.08202	0.02298	0.01548	0.02276	0.01305	0.01554	0.00937	0.00681	0.00694	0.00228	0.01073	0.00558	0.00312	0.01059
50	0.01057	0.00705	0.00793	0.00793	0.00793	0.00705	0.00440	0.01057	0.01057	0.01409	0.02290	0.04757	0.02643	0.74454	0.03700	0.00705	0.00705	0.01057	0.00440	0.00440
51	0.02727	0.02018	0.02161	0.01665	0.02241	0.02237	0.01373	0.65110	0.05862	0.04523	0.01791	0.01781	0.01273	0.00877	0.00728	0.00219	0.00791	0.00661	0.00728	0.01233
52	0.01721	0.01648	0.02810	0.16908	0.58081	0.01707	0.02192	0.02163	0.01618	0.02280	0.01354	0.01824	0.01118	0.00662	0.00721	0.00221	0.00883	0.00647	0.00353	0.01089
53	0.01161	0.00829	0.01159	0.01326	0.01489	0.00827	0.01153	0.01488	0.01663	0.02163	0.03855	0.10666	0.04207	0.02018	0.01001	0.00333	0.00660	0.62666	0.00670	0.00666
54	0.03171	0.01383	0.01777	0.01362	0.01928	0.01285	0.01126	0.15206	0.02324	0.58415	0.02663	0.02341	0.01697	0.00895	0.00730	0.00224	0.00652	0.00717	0.00868	0.01237
55	0.01450	0.01371	0.02321	0.60260	0.16845	0.01635	0.02057	0.01925	0.01490	0.01952	0.01306	0.01913	0.01002	0.00712	0.00725	0.00237	0.00950	0.00646	0.00330	0.00870
56	0.01038	0.00779	0.01168	0.01168	0.01298	0.00909	0.00909	0.01298	0.01168	0.01687	0.01947	0.02856	0.01817	0.05452	0.71573	0.01168	0.01947	0.00779	0.00389	0.00649
57	0.01943	0.74891	0.03809	0.01244	0.01866	0.02876	0.01244	0.02177	0.01477	0.01710	0.01011	0.01166	0.00933	0.00622	0.00466	0.00155	0.00777	0.00389	0.00311	0.00933
58	0.01087	0.00809	0.01053	0.01175	0.01364	0.00776	0.01003	0.01380	0.01669	0.02118	0.04802	0.07873	0.21937	0.01963	0.00965	0.00310	0.00588	0.47802	0.00671	0.00654
59	0.02056	0.01685	0.01783	0.01529	0.01985	0.01924	0.01211	0.20393	0.51671	0.03441	0.02643	0.02461	0.01964	0.00957	0.00736	0.00239	0.00634	0.00778	0.00736	0.01173
60	0.79588	0.01406	0.01068	0.00956	0.01406	0.01631	0.00787	0.02137	0.01237	0.03261	0.01012	0.01181	0.00787	0.00675	0.00450	0.00225	0.00562	0.00394	0.00450	0.00787
61	0.00871	0.00737	0.00753	0.00749	0.00989	0.00619	0.00562	0.01066	0.01685	0.02031	0.11763	0.06885	0.65184	0.01816	0.00859	0.00244	0.00366	0.01519	0.00684	0.00619
62	0.79588	0.01406	0.01068	0.00956	0.01406	0.01631	0.00787	0.02137	0.01237	0.03261	0.01012	0.01181	0.00787	0.00675	0.00450	0.00225	0.00562	0.00394	0.00450	0.00787
63	0.00894	0.00734	0.00787	0.00782	0.01005	0.00627	0.00583	0.01107	0.01726	0.02148	0.19551	0.09197	0.54764	0.01787	0.00861	0.00244	0.00365	0.01511	0.00700	0.00627
64	0.02715	0.03464	0.02060	0.01873	0.02247	0.71536	0.01404	0.02903	0.02060	0.01779	0.01124	0.01311	0.00936	0.00749	0.00655	0.00187	0.01311	0.00468	0.00375	0.00843
65	0.00883	0.00642	0.00834	0.00987	0.01048	0.00593	0.00663	0.01015	0.01416	0.01866	0.04318	0.67766	0.10820	0.02237	0.00921	0.00291	0.00417	0.02017	0.00675	0.00593
66	0.01403	0.01323	0.02235	0.67878	0.09599	0.01623	0.02034	0.01884	0.01468	0.01894	0.01297	0.01928	0.00982	0.00721	0.00726	0.00240	0.00962	0.00646	0.00326	0.00832
67	0.01531	0.14431	0.60655	0.01948	0.02954	0.01866	0.02469	0.02283	0.01526	0.02213	0.01260	0.01479	0.00923	0.00680	0.00657	0.00219	0.01030	0.00515	0.00308	0.01053
68	0.01028	0.00747	0.00971	0.00928	0.01102	0.00690	0.00704	0.01363	0.02019	0.02832	0.63196	0.05646	0.09737	0.01530	0.00865	0.00235	0.00361	0.04577	0.00787	0.00682
69	0.01793	0.01521	0.01717	0.01307	0.01879	0.04246	0.03130	0.15779	0.03916	0.02792	0.01638	0.07006	0.01417	0.00763	0.00629	0.00157	0.00641	0.00627	0.00516	0.48524
70	0.04823	0.67394	0.08164	0.01288	0.01934	0.02750	0.01323	0.02183	0.01472	0.01808	0.01030	0.01191	0.00927	0.00628	0.00481	0.00163	0.00789	0.00399	0.00316	0.00937
71	0.24990	0.29236	0.17060	0.01374	0.02036	0.02141	0.01422	0.07901	0.01606	0.04740	0.01197	0.01341	0.00941	0.00683	0.00540	0.00200	0.00774	0.00456	0.00406	0.00956
72	0.11065	0.10850	0.02093	0.01651	0.02065	0.50110	0.01285	0.04521	0.04021	0.02059	0.01356	0.01502	0.02968	0.00770	0.00623	0.00192	0.01105	0.00499	0.00406	0.00860
73	0.79588	0.01406	0.01068	0.00956	0.01406	0.01631	0.00787	0.02137	0.01237	0.03261	0.01012	0.01181	0.00787	0.00675	0.00450	0.00225	0.00562	0.00394	0.00450	0.00787
74	0.30868	0.18250	0.07351	0.01363	0.01884	0.17160	0.01215	0.07689	0.01698	0.02621	0.03308	0.01415	0.01093	0.00723	0.00553	0.00201	0.00825	0.00471	0.00426	0.00887
75	0.01414	0.01022	0.01322	0.01168	0.01407	0.01036	0.02820	0.11381	0.02097	0.05426	0.40904	0.09445	0.04925	0.05142	0.01054	0.00265	0.03561	0.04105	0.00727	0.00782
76	0.01751	0.01673	0.02822	0.12078	0.60412	0.01717	0.02172	0.02241	0.03771	0.02338	0.01410	0.01844	0.01165	0.00667	0.00721	0.00220	0.00866	0.00653	0.00368	0.01113
77	0.00890	0.00641	0.00843	0.00996	0.01052	0.00595	0.00670	0.01027	0.01429	0.01900	0.06592	0.68373	0.07847	0.02228	0.00922	0.00290	0.00416	0.02014	0.00679	0.00595
78	0.01775	0.01871	0.07743	0.04293	0.65195	0.01724	0.02263	0.02236	0.01647	0.02370	0.01363	0.01780	0.01135	0.00651	0.00718	0.00217	0.00878	0.00640	0.00356	0.01146
79	0.01029	0.00743	0.00972	0.00914	0.01086	0.00686	0.00686	0.01372	0.02058	0.02915	0.69536	0.05430	0.06859	0.01486	0.00857	0.00229	0.00343	0.01315	0.00800	0.00686
80	0.00952	0.00713	0.01056	0.01134	0.01216	0.00668	0.04704	0.01089	0.01393	0.01859	0.03737	0.66589	0.04434	0.02187	0.01004	0.03610	0.00479	0.01933	0.00641	0.00602
81	0.79588	0.01406	0.01068	0.00956	0.01406	0.01631	0.00787	0.02137	0.01237	0.03261	0.01012	0.01181	0.00787	0.00675	0.00450	0.00225	0.00562	0.00394	0.00450	0.00787
82	0.00882	0.00647	0.00829	0.00974	0.01044	0.00594	0.00658	0.01016	0.01428	0.01871	0.04471	0.64701	0.13786	0.02217	0.00918	0.00288	0.00414	0.01993	0.00675	0.00594
83	0.00915	0.00700	0.00839	0.00885	0.01037	0.00625	0.00633	0.01121	0.01669	0.02183	0.23047	0.31017	0.28898	0.01904	0.00884	0.00259	0.00381	0.01669	0.00709	0.00625
84	0.00886	0.00633	0.00843	0.01012	0.01054	0.00590	0.00675	0.01012	0.01392	0.01856	0.04006	0.73979	0.04808	0.02277	0.00928	0.00295	0.00422	0.02066	0.00675	0.00590
85	0.01930	0.72196	0.03751	0.01268	0.01867	0.02852	0.01257	0.02161	0.01464	0.01712	0.01008	0.01182	0.00934	0.00646	0.00537	0.00161	0.03438	0.00398	0.00311	0.00928
86	0.67950	0.01501	0.01237	0.01064	0.01534	0.01725	0.00877	0.12038	0.01567	0.03461	0.01123	0.01266	0.00855	0.00705	0.00492	0.00224	0.00598	0.00433	0.00492	0.00855
87	0.01572	0.01290	0.01514	0.01085	0.01728	0.00973	0.00869	0.01893	0.01528	0.04871	0.01350	0.01543	0.01103	0.00552	0.00545	0.00112	0.00541	0.00442	0.00448	0.76042
88	0.03261	0.01237	0.01687	0.01293	0.01856	0.01068	0.01068	0.03543	0.02081	0.70423	0.02868	0.02474	0.01799	0.00900	0.00731	0.00225	0.00619	0.00731	0.00900	0.01237
89	0.01696	0.15031	0.02476	0.01764	0.01900	0.05845	0.01498	0.01873	0.01230	0.01742	0.01002	0.01536	0.00975	0.01249	0.03965	0.00307	0.54187	0.00587	0.00322	0.00818
90	0.02154	0.01719	0.01654	0.01408	0.01833	0.10935	0.01109	0.20956	0.18238	0.10963	0.03211	0.06264	0.14133	0.01127	0.00754	0.00230	0.00698	0.00903	0.00691	0.01020
91	0.03261	0.01237	0.01687	0.01293	0.01856	0.01068	0.01068	0.03543	0.02081	0.70423	0.02868	0.02474	0.01799	0.00900	0.00731	0.00225	0.00619	0.00731	0.00900	0.01237
92	0.79588	0.01406	0.01068	0.00956	0.01406	0.01631	0.00787	0.02137	0.01237	0.03261	0.01012	0.01181	0.00787	0.00675	0.00450	0.00225	0.00562	0.00394	0.00450	0.00787
93	0.01020	0.00743	0.00960	0.00905	0.01081	0.00682	0.00679	0.01355	0.02037	0.02866	0.66362	0.05510	0.10063	0.01504	0.00857	0.00229	0.00344	0.01326	0.00794	0.00682
94	0.01492	0.01429	0.02466	0.52954	0.20571	0.01653	0.05189	0.01970	0.01515	0.02004	0.01319	0.01906	0.01019	0.00702	0.00731	0.00236	0.00956	0.00657	0.00334	0.00899
95	0.01716	0.01961	0.04289	0.03064	0.03799	0.01838	0.67279	0.02328	0.01716	0.02328	0.01471	0.01961	0.01103	0.00613	0.00858	0.00245	0.01225	0.00858	0.00368	0.00980
96	0.79588	0.01406	0.01068	0.00956	0.01406	0.01631	0.00787	0.02137	0.01237	0.03261	0.01012	0.01181	0.00787	0.00675	0.00450	0.00225	0.00562	0.00394	0.00450	0.00787
97	0.01943	0.74891	0.03809	0.01244	0.01866	0.02876	0.01244	0.02177	0.01477	0.01710	0.01011	0.01166	0.00933	0.00622	0.00466	0.00155	0.00777	0.00389	0.00311	0.00933
98	0.01458	0.03760	0.70688	0.02072	0.03146	0.01688	0.02686	0.02302	0.01535	0.02302	0.01304	0.01535	0.00921	0.00691	0.00691	0.00230	0.01074	0.00537	0.00307	0.01074
99	0.00900	0.00708	0.00813	0.00850	0.01023	0.00621	0.00613	0.01099	0.01660	0.02120	0.18626	0.25667	0.38929	0.01895	0.00878	0.00256	0.00378	0.01642	0.00700	0.00621
100	0.00891	0.00652	0.00839	0.00972	0.01047	0.00599	0.00661	0.01039	0.01466	0.01936	0.08581	0.61440	0.12856	0.02174	0.00915	0.00285	0.00410	0.01954	0.00683	0.00599
101	0.03097	0.01500	0.01850	0.01418	0.01987	0.01459	0.01171	0.24591	0.02521	0.48753	0.02498	0.02234	0.01614	0.00891	0.00730	0.00223	0.00678	0.00706	0.00843	0.01237
102	0.01029	0.00743	0.00972	0.00914	0.01086	0.00686	0.00686	0.01372	0.02058	0.02915	0.69536	0.05430	0.06859	0.01486	0.00857	0.00229	0.00343	0.01315	0.00800	0.00686
103	0.02676	0.07111	0.02149	0.01841	0.02228	0.68031	0.01396	0.02866	0.02030	0.01776	0.01118	0.01303	0.00936	0.00743	0.00646	0.00186	0.01284	0.00464	0.00371	0.00847
104	0.65701	0.01787	0.03820	0.01128	0.01591	0.11597	0.00946	0.02252	0.01366	0.03014	0.01039	0.01213	0.00813	0.00686	0.00488	0.00220	0.00688	0.00410	0.00434	0.00806
105	0.01154	0.01302	0.12791	0.01222	0.01553	0.00929	0.01142	0.01639	0.04661	0.02590	0.36868	0.07936	0.06867	0.01483	0.00858	0.00255	0.00549	0.14760	0.00678	0.00762
106	0.01961	0.51449	0.16154	0.01488	0.02160	0.12313	0.01538	0.02302	0.01570	0.01831	0.01082	0.01256	0.00931	0.00653	0.00535	0.00174	0.00908	0.00428	0.00319	0.00947
107	0.01119	0.00760	0.00992	0.00932	0.01117	0.00697	0.00699	0.01445	0.02015	0.05924	0.61602	0.08631	0.08284	0.01507	0.00855	0.00232	0.00360	0.01330	0.00795	0.00704
108	0.05332	0.01520	0.02193	0.23008	0.23414	0.01673	0.01707	0.15766	0.04096	0.02723	0.03829	0.08184	0.01629	0.00897	0.00734	0.00233	0.00803	0.00786	0.00484	0.00990
109	0.74678	0.03872	0.01189	0.00994	0.01447	0.03828	0.00821	0.02162	0.01270	0.03165	0.01016	0.01184	0.00797	0.00675	0.00457	0.00221	0.00592	0.00396	0.00443	0.00794
110	0.01799	0.01727	0.02950	0.04462	0.69919	0.01727	0.02231	0.02231	0.01655	0.02375	0.01367	0.01799	0.01151	0.00648	0.00720	0.00216	0.00864	0.00648	0.00360	0.01151
111	0.02763	0.02036	0.02182	0.01672	0.02254	0.02254	0.01382	0.67496	0.03418	0.04581	0.01745	0.01745	0.01236	0.00873	0.00727	0.00218	0.00800	0.00654	0.00727	0.01236
112	0.03127	0.01452	0.01820	0.01395	0.01963	0.01387	0.01153	0.20736	0.02440	0.52722	0.02566	0.02278	0.01648	0.00892	0.00730	0.00223	0.00667	0.00710	0.00853	0.01237
113	0.01057	0.00705	0.00793	0.00793	0.00793	0.00705	0.00440	0.01057	0.01057	0.01409	0.02290	0.04757	0.02643	0.74454	0.03700	0.00705	0.00705	0.01057	0.00440	0.00440
114	0.01458	0.03760	0.70688	0.02072	0.03146	0.01688	0.02686	0.02302	0.01535	0.02302	0.01304	0.01535	0.00921	0.00691	0.00691	0.00230	0.01074	0.00537	0.00307	0.01074
115	0.01650	0.00880	0.01171	0.01020	0.01300	0.00792	0.00792	0.01975	0.02064	0.21687	0.50997	0.04608	0.05452	0.01323	0.00822	0.00228	0.00420	0.01152	0.00828	0.00839
116	0.02673	0.01969	0.02117	0.01641	0.02197	0.02174	0.01348	0.64302	0.03320	0.04450	0.01854	0.05215	0.01408	0.00940	0.00737	0.00222	0.00782	0.00722	0.00725	0.01205
117	0.02763	0.02036	0.02182	0.01672	0.02254	0.02254	0.01382	0.67496	0.03418	0.04581	0.01745	0.01745	0.01236	0.00873	0.00727	0.00218	0.00800	0.00654	0.00727	0.01236
118	0.01066	0.00794	0.01047	0.01231	0.04663	0.00769	0.00814	0.05501	0.01563	0.02080	0.03877	0.59755	0.07474	0.02070	0.00904	0.00285	0.00476	0.04301	0.00662	0.00666
119	0.00894	0.00649	0.00847	0.01001	0.01066	0.00602	0.00684	0.01034	0.01425	0.01877	0.04285	0.65757	0.10287	0.02230	0.00925	0.00293	0.00427	0.04448	0.00675	0.00595
120	0.01591	0.01762	0.03772	0.02756	0.03387	0.01651	0.57288	0.02131	0.01667	0.02257	0.01851	0.12765	0.01659	0.00862	0.00868	0.00253	0.01105	0.01039	0.00414	0.00922
121	0.79588	0.01406	0.01068	0.00956	0.01406	0.01631	0.00787	0.02137	0.01237	0.03261	0.01012	0.01181	0.00787	0.00675	0.00450	0.00225	0.00562	0.00394	0.00450	0.00787
122	0.01507	0.01292	0.01507	0.01077	0.01723	0.00969	0.00861	0.01830	0.01507	0.02369	0.01292	0.01507	0.01077	0.00538	0.00538	0.00108	0.00538	0.00431	0.00431	0.78898
123	0.02693	0.02788	0.02118	0.01789	0.02237	0.39525	0.01402	0.30280	0.02601	0.02967	0.01381	0.01506	0.01064	0.00821	0.00751	0.00205	0.03787	0.00554	0.00522	0.01008
124	0.24401	0.06117	0.34754	0.02141	0.14754	0.01736	0.01978	0.02235	0.01467	0.02568	0.01216	0.01462	0.00924	0.00675	0.00615	0.00222	0.00872	0.00508	0.00359	0.00998
125	0.01808	0.01561	0.01644	0.01479	0.01890	0.01808	0.01151	0.03863	0.68606	0.03041	0.02959	0.02712	0.02219	0.00986	0.00740	0.00247	0.00575	0.00822	0.00740	0.01151
126	0.01519	0.01076	0.01209	0.01071	0.01253	0.01135	0.00750	0.19497	0.01815	0.02447	0.07915	0.07073	0.02679	0.41986	0.05054	0.00528	0.00734	0.01003	0.00559	0.00696
127	0.01029	0.00743	0.00972	0.00914	0.01086	0.00686	0.00686	0.01372	0.02058	0.02915	0.69536	0.05430	0.06859	0.01486	0.00857	0.00229	0.00343	0.01315	0.00800	0.00686
128	0.01873	0.04501	0.01679	0.01447	0.01813	0.18763	0.01118	0.03057	0.36671	0.02609	0.12414	0.02929	0.05978	0.01032	0.00732	0.00226	0.00719	0.00828	0.00640	0.00972
129	0.00881	0.00715	0.00782	0.00813	0.01007	0.00616	0.00591	0.01068	0.01639	0.02033	0.12660	0.21220	0.49640	0.01900	0.00874	0.00255	0.00377	0.01627	0.00687	0.00616
130	0.01581	0.01852	0.13049	0.03130	0.33478	0.01518	0.11312	0.02077	0.01650	0.02308	0.01982	0.03355	0.01855	0.00984	0.00805	0.00251	0.00900	0.16488	0.00429	0.00997

[dist]
# distance from previous block
# <min> <max>
0	26

[block]
# block no. 4 follows, 28 sequences, length 33
# corresponding to MSA columns:
# 319-351
name=unknown_E
#
# <colnr> <probs for GDERKNQSTAVLIFYWHMCP>
#	G	D	E	R	K	N	Q	S	T	A	V	L	I	F	Y	W	H	M	C	P
0	0.01019	0.00743	0.00958	0.00904	0.01080	0.00682	0.00678	0.01353	0.02034	0.02859	0.65905	0.05521	0.10524	0.01507	0.00857	0.00230	0.00344	0.01327	0.00793	0.00682
1	0.01730	0.01646	0.02797	0.10890	0.60631	0.01677	0.02163	0.02163	0.01637	0.02316	0.01470	0.02097	0.01269	0.00716	0.00733	0.00224	0.00865	0.03510	0.00370	0.01097
2	0.01580	0.01576	0.02224	0.05403	0.02061	0.02196	0.01611	0.01755	0.01130	0.01755	0.00971	0.01607	0.00955	0.01245	0.02304	0.00314	0.69562	0.00637	0.00318	0.00796
3	0.79588	0.01406	0.01068	0.00956	0.01406	0.01631	0.00787	0.02137	0.01237	0.03261	0.01012	0.01181	0.00787	0.00675	0.00450	0.00225	0.00562	0.00394	0.00450	0.00787
4	0.04894	0.02956	0.02127	0.02236	0.13467	0.53646	0.01495	0.02675	0.01916	0.01920	0.01208	0.01476	0.01018	0.00998	0.04701	0.00249	0.01249	0.00513	0.00375	0.00881
5	0.01355	0.00678	0.00678	0.00678	0.00847	0.00678	0.00508	0.01694	0.01524	0.02710	0.02371	0.02710	0.01863	0.00847	0.00508	0.00169	0.00339	0.00678	0.78489	0.00678
6	0.79588	0.01406	0.01068	0.00956	0.01406	0.01631	0.00787	0.02137	0.01237	0.03261	0.01012	0.01181	0.00787	0.00675	0.00450	0.00225	0.00562	0.00394	0.00450	0.00787
7	0.01507	0.01292	0.01507	0.01077	0.01723	0.00969	0.00861	0.01830	0.01507	0.02369	0.01292	0.01507	0.01077	0.00538	0.00538	0.00108	0.00538	0.00431	0.00431	0.78898
8	0.01048	0.00809	0.00966	0.00935	0.01135	0.00767	0.00697	0.01495	0.08297	0.02590	0.41437	0.12333	0.21564	0.01603	0.00853	0.00241	0.00379	0.01395	0.00751	0.00703
9	0.01636	0.02414	0.23629	0.06918	0.16024	0.01760	0.32314	0.02276	0.01636	0.02303	0.01392	0.01803	0.01050	0.00649	0.00775	0.00235	0.01099	0.00712	0.00346	0.01031
10	0.02710	0.02010	0.02151	0.01662	0.02234	0.02229	0.01369	0.63944	0.07056	0.04495	0.01813	0.01799	0.01291	0.00879	0.00728	0.00220	0.00787	0.00664	0.00728	0.01231
11	0.00881	0.00706	0.00788	0.00833	0.01012	0.00613	0.00600	0.01061	0.01611	0.02010	0.11518	0.26845	0.45086	0.01942	0.00879	0.00259	0.00382	0.01675	0.00685	0.00613
12	0.01756	0.17321	0.26951	0.02689	0.22524	0.01934	0.09579	0.02306	0.01600	0.04827	0.01342	0.01622	0.01046	0.00663	0.00674	0.00212	0.00952	0.00584	0.00353	0.01064
13	0.01000	0.00742	0.00932	0.00884	0.01068	0.00674	0.00663	0.01316	0.01990	0.02754	0.58993	0.05695	0.17502	0.01546	0.00858	0.00231	0.00347	0.01352	0.00779	0.00674
14	0.01669	0.02286	0.16295	0.02884	0.03681	0.01811	0.55600	0.02324	0.01683	0.02324	0.01441	0.01884	0.01070	0.00627	0.00828	0.00242	0.01198	0.00800	0.00357	0.00997
15	0.01373	0.01292	0.02180	0.72707	0.05006	0.01615	0.02019	0.01857	0.01453	0.01857	0.01292	0.01938	0.00969	0.00727	0.00727	0.00242	0.00969	0.00646	0.00323	0.00807
16	0.01716	0.01961	0.04289	0.03064	0.03799	0.01838	0.67279	0.02328	0.01716	0.02328	0.01471	0.01961	0.01103	0.00613	0.00858	0.00245	0.01225	0.00858	0.00368	0.00980
17	0.01216	0.00875	0.01069	0.01065	0.01216	0.00872	0.00760	0.10966	0.01828	0.02483	0.19923	0.39602	0.04589	0.08643	0.01140	0.00306	0.00485	0.01574	0.00692	0.00696
18	0.01347	0.01309	0.01153	0.01088	0.01310	0.15554	0.00812	0.01620	0.01959	0.02462	0.41325	0.07614	0.16830	0.01427	0.00818	0.00226	0.00554	0.01207	0.00683	0.00702
19	0.03261	0.01237	0.01687	0.01293	0.01856	0.01068	0.01068	0.03543	0.02081	0.70423	0.02868	0.02474	0.01799	0.00900	0.00731	0.00225	0.00619	0.00731	0.00900	0.01237
20	0.01517	0.01467	0.02537	0.45701	0.16218	0.01646	0.10277	0.02070	0.04420	0.02081	0.01400	0.01932	0.01077	0.00702	0.00735	0.00233	0.00949	0.00672	0.00358	0.04010
21	0.01885	0.01593	0.01689	0.01477	0.01917	0.01808	0.01158	0.09921	0.58798	0.03155	0.02754	0.02556	0.02064	0.00952	0.00728	0.00237	0.00595	0.00785	0.00722	0.05207
22	0.01507	0.01292	0.01507	0.01077	0.01723	0.00969	0.00861	0.01830	0.01507	0.02369	0.01292	0.01507	0.01077	0.00538	0.00538	0.00108	0.00538	0.00431	0.00431	0.78898
23	0.01029	0.00743	0.00972	0.00914	0.01086	0.00686	0.00686	0.01372	0.02058	0.02915	0.69536	0.05430	0.06859	0.01486	0.00857	0.00229	0.00343	0.01315	0.00800	0.00686
24	0.01618	0.01143	0.01250	0.01082	0.01274	0.01214	0.00750	0.22911	0.01834	0.02453	0.02111	0.03766	0.02180	0.50250	0.02722	0.00545	0.00736	0.00925	0.00535	0.00702
25	0.01055	0.00774	0.01143	0.01143	0.01275	0.00897	0.00888	0.01319	0.01187	0.01741	0.01969	0.02848	0.01820	0.05212	0.67873	0.01116	0.01863	0.00774	0.04456	0.00650
26	0.01373	0.01292	0.02180	0.72707	0.05006	0.01615	0.02019	0.01857	0.01453	0.01857	0.01292	0.01938	0.00969	0.00727	0.00727	0.00242	0.00969	0.00646	0.00323	0.00807
27	0.00921	0.00658	0.00885	0.01053	0.01111	0.00621	0.00737	0.01074	0.01427	0.01896	0.03987	0.65721	0.04729	0.02244	0.00937	0.00300	0.00453	0.09971	0.00674	0.00600
28	0.01496	0.09312	0.65467	0.02007	0.03046	0.01781	0.02573	0.02292	0.01530	0.02256	0.01282	0.01506	0.00922	0.00685	0.00673	0.00224	0.01051	0.00526	0.00307	0.01063
29	0.01727	0.01903	0.03958	0.03290	0.16423	0.01831	0.52422	0.02289	0.01682	0.02316	0.01432	0.01916	0.01107	0.00643	0.00886	0.00242	0.03750	0.00809	0.00364	0.01007
30	0.01119	0.00864	0.01019	0.00987	0.01205	0.00834	0.00753	0.04035	0.08155	0.02578	0.32837	0.12040	0.23054	0.01624	0.00859	0.00248	0.00420	0.05912	0.00736	0.00721
31	0.01880	0.47010	0.23275	0.01528	0.02279	0.02468	0.01680	0.08499	0.01681	0.02160	0.01167	0.01330	0.00958	0.00666	0.00557	0.00183	0.00867	0.00458	0.00350	0.01004
32	0.05195	0.02869	0.02093	0.01924	0.06164	0.45970	0.01414	0.18122	0.02331	0.05295	0.01351	0.01485	0.01050	0.00776	0.00672	0.00199	0.01112	0.00531	0.00481	0.00968

[dist]
# distance from previous block
# <min> <max>
0	1

[block]
# block no. 5 follows, 28 sequences, length 73
# corresponding to MSA columns:
# 353-425
name=unknown_F
#
# <colnr> <probs for GDERKNQSTAVLIFYWHMCP>
#	G	D	E	R	K	N	Q	S	T	A	V	L	I	F	Y	W	H	M	C	P
0	0.04652	0.01659	0.01941	0.01927	0.13493	0.06816	0.01316	0.12487	0.14083	0.22253	0.04197	0.02181	0.01683	0.00839	0.00704	0.00214	0.00715	0.00686	0.00659	0.07495
1	0.01869	0.03879	0.01639	0.06895	0.01967	0.01499	0.01114	0.07468	0.32009	0.12607	0.13605	0.03203	0.06965	0.01067	0.00753	0.00235	0.00585	0.00892	0.00720	0.01026
2	0.02601	0.01963	0.02220	0.04145	0.02376	0.02140	0.03846	0.58846	0.03171	0.04270	0.01692	0.01746	0.01212	0.00838	0.00721	0.00213	0.00806	0.00648	0.00682	0.05865
3	0.01142	0.00768	0.01008	0.00934	0.01125	0.00705	0.00705	0.01482	0.02059	0.06338	0.66156	0.05280	0.06602	0.01456	0.00851	0.00228	0.00357	0.01285	0.00805	0.00714
4	0.79588	0.01406	0.01068	0.00956	0.01406	0.01631	0.00787	0.02137	0.01237	0.03261	0.01012	0.01181	0.00787	0.00675	0.00450	0.00225	0.00562	0.00394	0.00450	0.00787
5	0.01038	0.00779	0.01168	0.01168	0.01298	0.00909	0.00909	0.01298	0.01168	0.01687	0.01947	0.02856	0.01817	0.05452	0.71573	0.01168	0.01947	0.00779	0.00389	0.00649
6	0.01038	0.00801	0.00970	0.01003	0.01207	0.00751	0.00801	0.01389	0.04726	0.02314	0.21900	0.09034	0.28918	0.01777	0.00899	0.00269	0.00462	0.20360	0.00708	0.00672
7	0.01373	0.01292	0.02180	0.72707	0.05006	0.01615	0.02019	0.01857	0.01453	0.01857	0.01292	0.01938	0.00969	0.00727	0.00727	0.00242	0.00969	0.00646	0.00323	0.00807
8	0.00884	0.00637	0.00839	0.01000	0.01051	0.00591	0.00669	0.01014	0.01403	0.01860	0.04155	0.71007	0.07684	0.02258	0.00925	0.00293	0.00419	0.02043	0.00675	0.00591
9	0.01799	0.01727	0.02950	0.04462	0.69919	0.01727	0.02231	0.02231	0.01655	0.02375	0.01367	0.01799	0.01151	0.00648	0.00720	0.00216	0.00864	0.00648	0.00360	0.01151
10	0.01458	0.03760	0.70688	0.02072	0.03146	0.01688	0.02686	0.02302	0.01535	0.02302	0.01304	0.01535	0.00921	0.00691	0.00691	0.00230	0.01074	0.00537	0.00307	0.01074
11	0.01057	0.00705	0.00793	0.00793	0.00793	0.00705	0.00440	0.01057	0.01057	0.01409	0.02290	0.04757	0.02643	0.74454	0.03700	0.00705	0.00705	0.01057	0.00440	0.00440
