[name]
unknown

[dist]
# distance from previous block
# <min> <max>
8	1138

[block]
# block no. 0 follows, 28 sequences, length 45
# corresponding to MSA columns:
# 1151-1195
name=unknown_A
#
# <colnr> <probs for GDERKNQSTAVLIFYWHMCP>
#	G	D	E	R	K	N	Q	S	T	A	V	L	I	F	Y	W	H	M	C	P
0	0.07253	0.01650	0.05316	0.09858	0.09026	0.10108	0.03751	0.06252	0.06000	0.06775	0.02329	0.11633	0.04639	0.03949	0.03367	0.00292	0.00839	0.05561	0.00523	0.00878
1	0.07042	0.04852	0.04827	0.04352	0.11487	0.20928	0.01296	0.06850	0.01857	0.04310	0.07122	0.04699	0.01790	0.00867	0.00655	0.00204	0.00814	0.00680	0.14486	0.00882
2	0.01933	0.05566	0.12883	0.05338	0.29868	0.11122	0.04194	0.07123	0.01817	0.04844	0.01619	0.01894	0.03142	0.00739	0.00694	0.00212	0.00913	0.00633	0.04427	0.01039
3	0.01691	0.15810	0.02529	0.19184	0.22862	0.01816	0.01647	0.07460	0.04146	0.02409	0.11578	0.02280	0.01965	0.00818	0.00694	0.00214	0.00778	0.00703	0.00451	0.00964
4	0.15764	0.16266	0.07997	0.11106	0.25268	0.01947	0.01707	0.05094	0.04198	0.02456	0.01297	0.01592	0.01047	0.00684	0.00621	0.00211	0.00808	0.00549	0.00389	0.00998
5	0.01717	0.01470	0.02209	0.08674	0.23247	0.03491	0.06864	0.04669	0.10476	0.06796	0.02043	0.02544	0.03331	0.01754	0.14771	0.00418	0.01053	0.03014	0.00482	0.00977
6	0.07244	0.01470	0.02140	0.30634	0.19111	0.03986	0.03464	0.02087	0.04201	0.04158	0.01798	0.02166	0.05598	0.00773	0.00697	0.00220	0.00828	0.00675	0.00410	0.08339
7	0.04193	0.01299	0.01692	0.10832	0.16592	0.06177	0.01326	0.03974	0.01617	0.02175	0.06292	0.19592	0.05624	0.05104	0.01015	0.00279	0.03556	0.07344	0.00516	0.00800
8	0.01749	0.01335	0.01612	0.18190	0.07827	0.08586	0.01247	0.02097	0.03613	0.14328	0.05865	0.10887	0.11924	0.03136	0.00838	0.00246	0.00713	0.00975	0.03979	0.00853
9	0.07728	0.01075	0.01196	0.05815	0.01552	0.04927	0.00895	0.05377	0.01601	0.05790	0.04728	0.36479	0.03118	0.01531	0.00828	0.00250	0.03115	0.01315	0.09189	0.03490
10	0.01375	0.01279	0.02091	0.01681	0.02057	0.03647	0.23147	0.03996	0.01676	0.02278	0.05532	0.22161	0.11711	0.01297	0.00813	0.00241	0.00723	0.01234	0.09420	0.03640
11	0.01731	0.11990	0.19659	0.02531	0.03324	0.01958	0.40583	0.05165	0.01717	0.02340	0.01383	0.01747	0.01044	0.00644	0.00761	0.00229	0.01112	0.00712	0.00362	0.01007
12	0.09163	0.22023	0.17789	0.06202	0.04145	0.05745	0.01534	0.02107	0.03617	0.02264	0.10148	0.02586	0.02026	0.00910	0.00660	0.00217	0.00797	0.06735	0.00438	0.00894
13	0.00898	0.00638	0.00840	0.00996	0.01036	0.00599	0.00658	0.01015	0.01368	0.01824	0.03884	0.69028	0.04653	0.07440	0.01126	0.00325	0.00442	0.01994	0.00658	0.00580
14	0.01122	0.00847	0.01142	0.05806	0.01439	0.00923	0.00865	0.05006	0.01390	0.01894	0.02773	0.32998	0.03085	0.14488	0.19033	0.00572	0.04100	0.01345	0.00530	0.00641
15	0.02208	0.01902	0.01862	0.01550	0.02039	0.09219	0.01230	0.25784	0.32409	0.03381	0.02182	0.02111	0.01631	0.00879	0.00707	0.00217	0.00728	0.00689	0.00667	0.08606
16	0.01877	0.01417	0.01703	0.04319	0.04632	0.01272	0.01076	0.09727	0.08946	0.10010	0.01694	0.01796	0.01293	0.00675	0.00617	0.00158	0.00611	0.00548	0.00541	0.47088
17	0.07427	0.50973	0.06683	0.01564	0.02210	0.02538	0.11340	0.06084	0.01614	0.02112	0.01138	0.01340	0.00966	0.00642	0.00551	0.00181	0.00845	0.00483	0.00354	0.00954
18	0.01171	0.00969	0.01404	0.01328	0.01422	0.01214	0.01051	0.01395	0.01150	0.01690	0.01725	0.02637	0.01647	0.07485	0.52072	0.00945	0.18886	0.00757	0.00375	0.00675
19	0.00867	0.00730	0.00752	0.00761	0.00990	0.00615	0.00565	0.01053	0.01654	0.01990	0.09339	0.11343	0.63147	0.01857	0.00864	0.00248	0.00371	0.01561	0.00679	0.00615
20	0.00923	0.00658	0.00866	0.00982	0.01047	0.00615	0.00665	0.01086	0.01506	0.02042	0.16889	0.56848	0.05102	0.05835	0.01057	0.00303	0.00421	0.01866	0.00688	0.00602
21	0.02210	0.01746	0.02132	0.10266	0.22795	0.12101	0.01580	0.05063	0.07577	0.17766	0.01975	0.02331	0.01521	0.00843	0.00722	0.00224	0.00832	0.03968	0.03301	0.01047
22	0.01829	0.01815	0.02825	0.09805	0.59875	0.06656	0.02155	0.02248	0.01667	0.02291	0.01344	0.01776	0.01121	0.00661	0.00716	0.00216	0.00904	0.00635	0.00358	0.01102
23	0.00946	0.00740	0.00857	0.00828	0.01035	0.00651	0.00621	0.01212	0.01862	0.02451	0.39222	0.06193	0.37462	0.01659	0.00858	0.00237	0.00355	0.01422	0.00739	0.00651
24	0.01031	0.00694	0.00800	0.00826	0.00832	0.00687	0.00476	0.01050	0.01108	0.01477	0.02551	0.15260	0.02971	0.63503	0.03279	0.00643	0.00662	0.01210	0.00476	0.00463
25	0.01338	0.01245	0.02086	0.67635	0.04727	0.01543	0.01924	0.01797	0.01449	0.01857	0.01484	0.07034	0.01241	0.00836	0.00741	0.00246	0.00930	0.00746	0.00348	0.00792
26	0.01864	0.01850	0.02887	0.04279	0.65132	0.06665	0.02172	0.02278	0.01684	0.02333	0.01350	0.01765	0.01136	0.00655	0.00715	0.00214	0.00895	0.00635	0.00361	0.01130
27	0.01921	0.71604	0.06900	0.01282	0.01925	0.02821	0.01310	0.02182	0.01480	0.01738	0.01024	0.01183	0.00932	0.00625	0.00477	0.00159	0.00791	0.00396	0.00311	0.00939
28	0.79588	0.01406	0.01068	0.00956	0.01406	0.01631	0.00787	0.02137	0.01237	0.03261	0.01012	0.01181	0.00787	0.00675	0.00450	0.00225	0.00562	0.00394	0.00450	0.00787
29	0.01507	0.01292	0.01507	0.01077	0.01723	0.00969	0.00861	0.01830	0.01507	0.02369	0.01292	0.01507	0.01077	0.00538	0.00538	0.00108	0.00538	0.00431	0.00431	0.78898
30	0.01791	0.01470	0.01758	0.01322	0.01901	0.01345	0.04058	0.17259	0.06763	0.02975	0.07190	0.01995	0.01676	0.00730	0.00638	0.00160	0.00617	0.00604	0.00549	0.45198
31	0.00884	0.00639	0.00836	0.00994	0.01050	0.00592	0.00667	0.01014	0.01409	0.01863	0.04227	0.69576	0.09068	0.02249	0.00923	0.00292	0.00418	0.02031	0.00675	0.00592
32	0.74571	0.01395	0.01109	0.00978	0.01435	0.01594	0.00806	0.02229	0.01293	0.07676	0.01134	0.01266	0.00854	0.00690	0.00468	0.00225	0.00566	0.00416	0.00479	0.00817
33	0.01661	0.13766	0.02010	0.06342	0.01907	0.01449	0.06372	0.10132	0.02003	0.07995	0.29742	0.03436	0.03608	0.05365	0.00921	0.00245	0.00634	0.00928	0.00625	0.00859
34	0.01554	0.03439	0.59685	0.02173	0.03186	0.01686	0.10991	0.02349	0.01577	0.04682	0.01381	0.01623	0.00975	0.00688	0.00714	0.00232	0.01078	0.00585	0.00335	0.01068
35	0.01057	0.00705	0.00793	0.00793	0.00793	0.00705	0.00440	0.01057	0.01057	0.01409	0.02290	0.04757	0.02643	0.74454	0.03700	0.00705	0.00705	0.01057	0.00440	0.00440
36	0.01977	0.71768	0.03733	0.01271	0.01882	0.05878	0.01251	0.02208	0.01502	0.01713	0.01016	0.01172	0.00933	0.00627	0.00475	0.00157	0.00801	0.00392	0.00314	0.00929
37	0.02382	0.01749	0.01927	0.03551	0.02066	0.04389	0.01253	0.40045	0.02619	0.09766	0.01940	0.03726	0.02935	0.06895	0.01105	0.00263	0.06945	0.00724	0.00643	0.05076
38	0.00979	0.00656	0.00877	0.01023	0.01086	0.00609	0.00690	0.01112	0.01419	0.04562	0.03961	0.71157	0.04689	0.02223	0.00920	0.00292	0.00429	0.02014	0.00684	0.00616
39	0.01507	0.01292	0.01507	0.01077	0.01723	0.00969	0.00861	0.01830	0.01507	0.02369	0.01292	0.01507	0.01077	0.00538	0.00538	0.00108	0.00538	0.00431	0.00431	0.78898
40	0.02497	0.02014	0.07897	0.01624	0.02191	0.02016	0.01420	0.51195	0.02944	0.06971	0.01776	0.01851	0.01283	0.01060	0.03733	0.00260	0.02781	0.00654	0.04676	0.01157
41	0.28171	0.04810	0.01992	0.11373	0.06713	0.15934	0.05160	0.07273	0.05124	0.02631	0.01275	0.01531	0.01003	0.00742	0.00677	0.00222	0.03504	0.00537	0.00432	0.00894
42	0.02825	0.04182	0.01754	0.01273	0.01848	0.01191	0.01052	0.05490	0.04440	0.50714	0.02476	0.02232	0.01631	0.00826	0.00686	0.00202	0.00615	0.00664	0.00781	0.15116
43	0.01165	0.00901	0.01262	0.12235	0.09277	0.00943	0.00925	0.01318	0.01270	0.01707	0.04910	0.13432	0.02679	0.42179	0.02421	0.00505	0.00710	0.01095	0.00459	0.00607
44	0.01668	0.01401	0.01758	0.04332	0.09505	0.06328	0.04557	0.12268	0.01727	0.02377	0.01920	0.10792	0.01831	0.08931	0.04329	0.05491	0.08788	0.00864	0.10326	0.00807

[dist]
# distance from previous block
# <min> <max>
1	15

[block]
# block no. 1 follows, 28 sequences, length 8
# corresponding to MSA columns:
# 1211-1218
name=unknown_B
#
# <colnr> <probs for GDERKNQSTAVLIFYWHMCP>
#	G	D	E	R	K	N	Q	S	T	A	V	L	I	F	Y	W	H	M	C	P
0	0.01792	0.01330	0.01732	0.04949	0.01922	0.01367	0.05051	0.16717	0.01888	0.08564	0.02126	0.14984	0.02028	0.10679	0.01275	0.00288	0.07212	0.00935	0.00565	0.14594
1	0.02268	0.01437	0.01548	0.01283	0.01667	0.08524	0.01002	0.07711	0.06281	0.26442	0.07989	0.02751	0.02138	0.10524	0.01184	0.00278	0.04564	0.00765	0.04635	0.07009
2	0.08555	0.09123	0.01734	0.06315	0.01828	0.01656	0.01070	0.23397	0.02084	0.03117	0.01822	0.05027	0.01480	0.00892	0.00705	0.00207	0.04514	0.00670	0.24895	0.00909
3	0.01715	0.02034	0.12604	0.02398	0.05331	0.01703	0.33268	0.08961	0.01787	0.02509	0.01548	0.05459	0.01270	0.00765	0.00867	0.00228	0.05194	0.00778	0.00417	0.11162
4	0.06149	0.10169	0.28362	0.02022	0.02819	0.01853	0.17095	0.10922	0.01857	0.09710	0.01517	0.01702	0.01090	0.00710	0.00702	0.00223	0.00967	0.00624	0.00446	0.01060
5	0.01979	0.09874	0.05704	0.01753	0.08932	0.28177	0.01282	0.04260	0.01742	0.02004	0.01740	0.02218	0.05244	0.10388	0.01039	0.00252	0.00934	0.00630	0.02859	0.08990
6	0.01609	0.01817	0.07733	0.09895	0.03388	0.01677	0.43777	0.02161	0.01617	0.02294	0.01529	0.02007	0.01168	0.00699	0.00877	0.00238	0.05271	0.00779	0.10549	0.00918
7	0.10578	0.01463	0.05958	0.33025	0.15659	0.01522	0.01713	0.02023	0.06445	0.02230	0.01752	0.11258	0.01572	0.00926	0.00718	0.00242	0.00808	0.00809	0.00420	0.00881

[dist]
# distance from previous block
# <min> <max>
19	84

[block]
# block no. 2 follows, 28 sequences, length 23
# corresponding to MSA columns:
# 1305-1327
name=unknown_C
#
# <colnr> <probs for GDERKNQSTAVLIFYWHMCP>
#	G	D	E	R	K	N	Q	S	T	A	V	L	I	F	Y	W	H	M	C	P
0	0.14156	0.03782	0.03964	0.07599	0.05086	0.16226	0.01351	0.19871	0.11869	0.02987	0.01707	0.05229	0.01380	0.00869	0.00674	0.00222	0.00842	0.00658	0.00539	0.00990
1	0.06944	0.06490	0.01854	0.01494	0.03845	0.11569	0.01180	0.02742	0.04080	0.30186	0.08318	0.02580	0.02037	0.00993	0.00902	0.00232	0.09079	0.03828	0.00649	0.00998
2	0.01880	0.01622	0.01700	0.01374	0.01872	0.06096	0.01088	0.15645	0.18236	0.02889	0.01928	0.06171	0.01596	0.00859	0.00723	0.00188	0.03262	0.00679	0.00573	0.31619
3	0.06589	0.00887	0.01108	0.01008	0.01276	0.00820	0.00781	0.01778	0.01893	0.14635	0.38845	0.10353	0.08668	0.01408	0.00811	0.00235	0.00436	0.04301	0.00758	0.03408
4	0.01629	0.01525	0.02533	0.17472	0.46914	0.01592	0.02011	0.02098	0.03428	0.02259	0.01810	0.02591	0.03612	0.00832	0.00752	0.00234	0.00843	0.06442	0.00401	0.01023
5	0.01770	0.01724	0.02532	0.19577	0.41383	0.06839	0.01974	0.04262	0.06095	0.02311	0.01628	0.02009	0.03221	0.00738	0.00722	0.00223	0.00885	0.00672	0.00398	0.01036
6	0.01527	0.01497	0.02104	0.01823	0.01838	0.02074	0.01512	0.01697	0.01120	0.01742	0.01069	0.01736	0.01054	0.01755	0.10373	0.00416	0.64906	0.00653	0.00326	0.00778
7	0.79588	0.01406	0.01068	0.00956	0.01406	0.01631	0.00787	0.02137	0.01237	0.03261	0.01012	0.01181	0.00787	0.00675	0.00450	0.00225	0.00562	0.00394	0.00450	0.00787
8	0.04914	0.00896	0.01135	0.01324	0.07312	0.00854	0.00962	0.01406	0.01674	0.02220	0.10082	0.06594	0.29958	0.01715	0.00883	0.00275	0.00536	0.25920	0.00644	0.00697
9	0.79588	0.01406	0.01068	0.00956	0.01406	0.01631	0.00787	0.02137	0.01237	0.03261	0.01012	0.01181	0.00787	0.00675	0.00450	0.00225	0.00562	0.00394	0.00450	0.00787
10	0.01799	0.01727	0.02950	0.04462	0.69919	0.01727	0.02231	0.02231	0.01655	0.02375	0.01367	0.01799	0.01151	0.00648	0.00720	0.00216	0.00864	0.00648	0.00360	0.01151
11	0.79588	0.01406	0.01068	0.00956	0.01406	0.01631	0.00787	0.02137	0.01237	0.03261	0.01012	0.01181	0.00787	0.00675	0.00450	0.00225	0.00562	0.00394	0.00450	0.00787
12	0.00905	0.00641	0.00838	0.00987	0.01024	0.00604	0.00648	0.01017	0.01353	0.01804	0.03808	0.65988	0.04558	0.10610	0.01248	0.00342	0.00454	0.01950	0.00648	0.00573
13	0.01171	0.00837	0.01171	0.01339	0.01506	0.00837	0.01171	0.01506	0.01673	0.02175	0.03849	0.08199	0.04183	0.02008	0.01004	0.00335	0.00669	0.65027	0.00669	0.00669
14	0.01937	0.01533	0.01647	0.01463	0.01887	0.01743	0.01143	0.03834	0.62721	0.09002	0.02951	0.02691	0.02182	0.00979	0.00739	0.00245	0.00579	0.00814	0.00754	0.01158
15	0.01336	0.00887	0.01109	0.01008	0.01251	0.00850	0.00771	0.01862	0.09720	0.09749	0.51549	0.04904	0.09354	0.01389	0.00831	0.00231	0.00399	0.01211	0.00796	0.00792
16	0.01560	0.00909	0.01318	0.01179	0.01328	0.00912	0.04516	0.08884	0.01390	0.06306	0.01678	0.08509	0.01599	0.02098	0.02177	0.53213	0.00665	0.00780	0.00436	0.00544
17	0.01453	0.01449	0.02675	0.56364	0.04723	0.01667	0.17333	0.01968	0.01515	0.01968	0.01334	0.01943	0.01000	0.00700	0.00758	0.00243	0.01029	0.00696	0.00333	0.00848
18	0.07121	0.00971	0.01253	0.01106	0.01431	0.00888	0.00855	0.02266	0.01840	0.31807	0.19184	0.21725	0.03741	0.01386	0.00794	0.00244	0.00497	0.01198	0.00787	0.00906
19	0.01826	0.01414	0.01509	0.01384	0.01751	0.04844	0.01099	0.03121	0.39967	0.10555	0.06682	0.03859	0.06464	0.01199	0.00789	0.00254	0.00607	0.10932	0.00729	0.01016
20	0.02715	0.03464	0.02060	0.01873	0.02247	0.71536	0.01404	0.02903	0.02060	0.01779	0.01124	0.01311	0.00936	0.00749	0.00655	0.00187	0.01311	0.00468	0.00375	0.00843
21	0.01664	0.01240	0.01521	0.03588	0.01814	0.00997	0.00929	0.01982	0.01542	0.10147	0.01532	0.01753	0.01222	0.01021	0.06851	0.00220	0.00687	0.00504	0.00477	0.60308
22	0.08964	0.27361	0.06082	0.01528	0.02017	0.24294	0.01340	0.02548	0.03730	0.08020	0.01281	0.01430	0.01039	0.00760	0.00726	0.00198	0.06866	0.00486	0.00409	0.00921

[dist]
# distance from previous block
# <min> <max>
5	37

[block]
# block no. 3 follows, 28 sequences, length 7
# corresponding to MSA columns:
# 1368-1374
name=unknown_D
#
# <colnr> <probs for GDERKNQSTAVLIFYWHMCP>
#	G	D	E	R	K	N	Q	S	T	A	V	L	I	F	Y	W	H	M	C	P
0	0.01775	0.01708	0.02124	0.09585	0.13277	0.13593	0.09096	0.02262	0.07558	0.05946	0.05132	0.13693	0.02068	0.01006	0.00751	0.00224	0.00832	0.00902	0.00500	0.07968
1	0.01443	0.01392	0.02519	0.29669	0.10947	0.01469	0.18026	0.01896	0.01564	0.02092	0.01896	0.09218	0.01759	0.00975	0.00802	0.00250	0.00917	0.08468	0.00416	0.04283
2	0.01939	0.02086	0.03083	0.06496	0.07184	0.14377	0.31990	0.07792	0.01871	0.02400	0.01387	0.01745	0.01075	0.00657	0.00746	0.00210	0.01064	0.00680	0.00406	0.12815
3	0.08170	0.01249	0.02056	0.19900	0.11862	0.01309	0.12127	0.01740	0.01560	0.02232	0.08633	0.17718	0.06136	0.01154	0.00785	0.00248	0.00753	0.01071	0.00485	0.00813
4	0.01647	0.01408	0.05124	0.02031	0.14537	0.01290	0.07341	0.06122	0.07278	0.07834	0.17059	0.03866	0.03077	0.01132	0.00805	0.00241	0.00692	0.12507	0.00609	0.05400
5	0.02151	0.01670	0.02014	0.01543	0.02089	0.01697	0.06685	0.37541	0.02556	0.03545	0.01825	0.07579	0.01505	0.00882	0.00698	0.00197	0.00719	0.00732	0.04429	0.19944
6	0.01337	0.01052	0.01633	0.07775	0.08248	0.01002	0.08584	0.01669	0.01775	0.07826	0.23199	0.10404	0.19857	0.01348	0.00829	0.00240	0.00583	0.01212	0.00634	0.00793

[dist]
# distance from previous block
# <min> <max>
20	31

[block]
# block no. 4 follows, 28 sequences, length 15
# corresponding to MSA columns:
# 1407-1421
name=unknown_E
#
# <colnr> <probs for GDERKNQSTAVLIFYWHMCP>
#	G	D	E	R	K	N	Q	S	T	A	V	L	I	F	Y	W	H	M	C	P
0	0.01891	0.02039	0.02817	0.10796	0.31002	0.16257	0.14633	0.02351	0.03778	0.02185	0.01484	0.04692	0.01258	0.00747	0.00743	0.00223	0.01012	0.00714	0.00385	0.00994
1	0.01543	0.01687	0.06623	0.07530	0.14444	0.01539	0.29839	0.02024	0.01609	0.02226	0.01866	0.10151	0.01727	0.00934	0.00858	0.00245	0.02999	0.05891	0.00419	0.05846
2	0.02058	0.01550	0.04385	0.01506	0.02121	0.01337	0.09324	0.11579	0.05509	0.16353	0.01865	0.04025	0.01415	0.00749	0.00671	0.00181	0.00694	0.00649	0.00578	0.33451
3	0.06877	0.03976	0.01860	0.28084	0.02903	0.05051	0.03800	0.05636	0.01537	0.02151	0.01533	0.04412	0.01370	0.11171	0.01142	0.00282	0.02977	0.00691	0.02613	0.11935
4	0.09245	0.01887	0.02455	0.08140	0.43227	0.11942	0.01847	0.04686	0.01728	0.02399	0.01593	0.01924	0.04341	0.00736	0.00692	0.00216	0.00882	0.00640	0.00397	0.01026
5	0.08845	0.03305	0.57468	0.02073	0.07022	0.01650	0.02407	0.02249	0.01533	0.02419	0.03698	0.01656	0.01133	0.00715	0.00676	0.00229	0.00987	0.00558	0.00341	0.01038
6	0.01885	0.01842	0.02371	0.05394	0.41694	0.12708	0.01763	0.06215	0.01810	0.02403	0.01855	0.02164	0.05872	0.00781	0.00700	0.00210	0.00851	0.00683	0.07786	0.01015
7	0.01355	0.00678	0.00678	0.00678	0.00847	0.00678	0.00508	0.01694	0.01524	0.02710	0.02371	0.02710	0.01863	0.00847	0.00508	0.00169	0.00339	0.00678	0.78489	0.00678
8	0.08950	0.07154	0.54082	0.02147	0.09220	0.01750	0.02385	0.02273	0.01515	0.02368	0.01267	0.01506	0.00931	0.00681	0.00658	0.00224	0.00990	0.00526	0.00326	0.01047
9	0.00881	0.00650	0.00826	0.00967	0.01043	0.00594	0.00655	0.01017	0.01435	0.01873	0.04553	0.63066	0.15368	0.02206	0.00917	0.00287	0.00413	0.01980	0.00675	0.00594
10	0.03108	0.01254	0.01674	0.01293	0.01835	0.01113	0.01064	0.06993	0.02154	0.62957	0.06546	0.02599	0.02052	0.00931	0.00738	0.00225	0.00613	0.00759	0.00884	0.01206
11	0.01257	0.00798	0.01038	0.01088	0.01241	0.00748	0.00783	0.04506	0.01604	0.08966	0.06337	0.54498	0.04260	0.01968	0.00887	0.00278	0.00474	0.05313	0.00697	0.03260
12	0.01716	0.28764	0.32773	0.01639	0.02389	0.09166	0.01838	0.02225	0.01621	0.02100	0.08090	0.01775	0.01528	0.00753	0.00624	0.00199	0.00919	0.00556	0.00365	0.00961
13	0.34401	0.03653	0.09958	0.03550	0.01858	0.08167	0.01174	0.07379	0.01622	0.06572	0.04093	0.08454	0.01546	0.00964	0.00697	0.03177	0.00718	0.00668	0.00494	0.00854
14	0.24556	0.01808	0.13704	0.07320	0.02167	0.01555	0.01349	0.13595	0.03693	0.09348	0.12055	0.02224	0.01977	0.00871	0.00661	0.00227	0.00700	0.00671	0.00566	0.00953

[dist]
# distance from previous block
# <min> <max>
0	14

[block]
# block no. 5 follows, 28 sequences, length 69
# corresponding to MSA columns:
# 1436-1504
name=unknown_F
#
# <colnr> <probs for GDERKNQSTAVLIFYWHMCP>
#	G	D	E	R	K	N	Q	S	T	A	V	L	I	F	Y	W	H	M	C	P
0	0.01514	0.08681	0.60072	0.02105	0.05003	0.01794	0.04290	0.02275	0.01527	0.02246	0.01279	0.01529	0.00934	0.00700	0.00730	0.00227	0.03184	0.00541	0.00311	0.01056
1	0.13158	0.05168	0.13362	0.13248	0.02527	0.08268	0.01562	0.04220	0.10654	0.02345	0.01560	0.04842	0.01302	0.01069	0.03554	0.00276	0.10904	0.00652	0.00429	0.00900
2	0.01365	0.00968	0.01234	0.03608	0.01454	0.00962	0.03407	0.08176	0.04364	0.04590	0.12768	0.23081	0.06074	0.09403	0.01100	0.00287	0.00534	0.01233	0.11266	0.04127
3	0.01984	0.37029	0.05758	0.01596	0.02175	0.07801	0.10272	0.05337	0.10635	0.04481	0.01522	0.01659	0.01220	0.00714	0.00603	0.00191	0.00838	0.00561	0.04647	0.00976
4	0.01721	0.01751	0.03272	0.11894	0.10803	0.01772	0.36716	0.05944	0.10884	0.02475	0.01743	0.04556	0.01380	0.00755	0.00805	0.00242	0.01012	0.00834	0.00442	0.01000
5	0.00951	0.00707	0.00841	0.00876	0.00991	0.00663	0.00600	0.01101	0.01454	0.01899	0.12781	0.22803	0.23366	0.20163	0.07125	0.00442	0.00586	0.01463	0.00610	0.00577
6	0.11819	0.01676	0.05214	0.01433	0.01995	0.01622	0.01225	0.27382	0.04518	0.30181	0.02185	0.04115	0.01526	0.00896	0.00701	0.00225	0.00696	0.00695	0.00741	0.01154
7	0.01530	0.01066	0.01327	0.01323	0.01592	0.01088	0.01117	0.12661	0.04394	0.06265	0.03771	0.09312	0.10081	0.01716	0.00916	0.00295	0.00644	0.39403	0.00695	0.00803
8	0.00886	0.00633	0.00843	0.01012	0.01054	0.00590	0.00675	0.01012	0.01392	0.01856	0.04006	0.73979	0.04808	0.02277	0.00928	0.00295	0.00422	0.02066	0.00675	0.00590
9	0.01293	0.00992	0.04201	0.01106	0.01397	0.00822	0.03447	0.01640	0.01920	0.09036	0.42938	0.07159	0.11102	0.01416	0.00838	0.00235	0.00469	0.05418	0.00733	0.03840
10	0.01924	0.72102	0.06432	0.01276	0.01916	0.02830	0.01300	0.02182	0.01479	0.01733	0.01022	0.01181	0.00932	0.00625	0.00475	0.00158	0.00789	0.00395	0.00311	0.00938
11	0.01943	0.74891	0.03809	0.01244	0.01866	0.02876	0.01244	0.02177	0.01477	0.01710	0.01011	0.01166	0.00933	0.00622	0.00466	0.00155	0.00777	0.00389	0.00311	0.00933
12	0.01458	0.03760	0.70688	0.02072	0.03146	0.01688	0.02686	0.02302	0.01535	0.02302	0.01304	0.01535	0.00921	0.00691	0.00691	0.00230	0.01074	0.00537	0.00307	0.01074
13	0.01458	0.03760	0.70688	0.02072	0.03146	0.01688	0.02686	0.02302	0.01535	0.02302	0.01304	0.01535	0.00921	0.00691	0.00691	0.00230	0.01074	0.00537	0.00307	0.01074
14	0.00898	0.00641	0.00858	0.01026	0.01074	0.00601	0.00696	0.01033	0.01404	0.01869	0.04000	0.71159	0.04781	0.02266	0.00931	0.00297	0.00432	0.04766	0.00675	0.00594
15	0.01458	0.03760	0.70688	0.02072	0.03146	0.01688	0.02686	0.02302	0.01535	0.02302	0.01304	0.01535	0.00921	0.00691	0.00691	0.00230	0.01074	0.00537	0.00307	0.01074
16	0.00937	0.00669	0.00902	0.01071	0.01135	0.00635	0.00764	0.01101	0.01442	0.01913	0.03978	0.62183	0.04696	0.02229	0.00941	0.00302	0.00466	0.13357	0.00674	0.00605
17	0.01363	0.01262	0.02158	0.55959	0.04338	0.01500	0.06395	0.01831	0.01508	0.01943	0.01732	0.02986	0.01515	0.00933	0.00782	0.00258	0.00937	0.11419	0.00384	0.00796
18	0.01458	0.03760	0.70688	0.02072	0.03146	0.01688	0.02686	0.02302	0.01535	0.02302	0.01304	0.01535	0.00921	0.00691	0.00691	0.00230	0.01074	0.00537	0.00307	0.01074
19	0.01046	0.00776	0.01069	0.10808	0.01634	0.00795	0.00886	0.03293	0.01480	0.01998	0.03471	0.56049	0.03993	0.01936	0.00874	0.00280	0.00511	0.03617	0.04837	0.00648
20	0.01645	0.02279	0.17436	0.05809	0.03652	0.01813	0.49156	0.02282	0.01646	0.02282	0.01411	0.01861	0.01055	0.00657	0.00874	0.00245	0.03784	0.00776	0.00352	0.00985
21	0.07813	0.01876	0.19824	0.01446	0.02104	0.01240	0.01446	0.02945	0.01877	0.42435	0.07663	0.02374	0.01903	0.00876	0.00711	0.00227	0.00713	0.00703	0.00704	0.01119
22	0.54760	0.01496	0.04594	0.17369	0.02328	0.01637	0.01172	0.02156	0.04222	0.02887	0.01174	0.01436	0.00897	0.00701	0.00537	0.00230	0.00679	0.00476	0.00427	0.00821
23	0.09736	0.01374	0.01517	0.01157	0.01742	0.01220	0.00926	0.05066	0.11467	0.04907	0.01580	0.01693	0.01246	0.00645	0.00573	0.00149	0.00560	0.00504	0.00507	0.53431
24	0.02543	0.06526	0.02164	0.01994	0.07351	0.58537	0.01428	0.04494	0.02024	0.01904	0.01382	0.01561	0.03472	0.00779	0.00661	0.00191	0.01204	0.00522	0.00391	0.00873
25	0.01704	0.01322	0.01529	0.01193	0.01713	0.01165	0.00940	0.15108	0.01893	0.04821	0.01928	0.14804	0.01812	0.00935	0.00654	0.00168	0.00573	0.00784	0.00550	0.46406
26	0.01026	0.00749	0.00952	0.01032	0.01144	0.00699	0.00709	0.03991	0.01494	0.02025	0.05714	0.60137	0.04344	0.05431	0.01018	0.00295	0.00457	0.01815	0.00652	0.06316
27	0.07041	0.01459	0.01624	0.10478	0.02187	0.01666	0.01191	0.08274	0.41425	0.05180	0.02741	0.02669	0.05696	0.00963	0.00714	0.00238	0.00622	0.00789	0.04001	0.01041
28	0.01384	0.00729	0.00756	0.00739	0.00920	0.00743	0.00560	0.03875	0.01568	0.02714	0.02326	0.02686	0.01840	0.01110	0.04565	0.00228	0.00446	0.00683	0.71435	0.00695
29	0.06519	0.01600	0.01694	0.01358	0.01812	0.01746	0.01103	0.43933	0.02732	0.05551	0.01968	0.04608	0.01509	0.00908	0.00666	0.00210	0.00656	0.00699	0.19676	0.01052
30	0.02180	0.23414	0.06792	0.01351	0.01862	0.10657	0.01207	0.02777	0.12905	0.16403	0.01942	0.01950	0.01455	0.00792	0.00612	0.00196	0.00738	0.00592	0.11181	0.00996
31	0.01643	0.01687	0.02337	0.01973	0.02030	0.04985	0.05326	0.01829	0.01186	0.01784	0.00990	0.01600	0.00962	0.01214	0.02229	0.00309	0.66146	0.00642	0.00323	0.00808
32	0.01095	0.00775	0.00933	0.00946	0.01002	0.00820	0.00642	0.01211	0.01269	0.01803	0.03017	0.23093	0.08046	0.30724	0.02116	0.00438	0.08034	0.01267	0.12201	0.00567
33	0.06891	0.01439	0.01721	0.01336	0.01894	0.01384	0.01093	0.15676	0.08392	0.38492	0.02344	0.02153	0.01576	0.00841	0.00690	0.00210	0.00636	0.00665	0.00763	0.11802
34	0.02393	0.01728	0.01806	0.01484	0.01962	0.06224	0.01189	0.27484	0.21881	0.15022	0.06338	0.02543	0.04663	0.00976	0.00740	0.00227	0.00693	0.00777	0.00740	0.01130
35	0.06860	0.02765	0.02081	0.01835	0.04462	0.39720	0.01390	0.26804	0.02506	0.02919	0.01356	0.01481	0.01047	0.00787	0.00673	0.00202	0.01066	0.00539	0.00509	0.00996
36	0.61747	0.04260	0.01344	0.06469	0.04442	0.01620	0.00954	0.02070	0.01295	0.02976	0.01163	0.03827	0.00973	0.00726	0.00502	0.00221	0.00607	0.00483	0.00438	0.03882
37	0.01483	0.06032	0.01446	0.01226	0.01488	0.01200	0.00962	0.17084	0.01994	0.02669	0.09859	0.32663	0.03686	0.01651	0.00840	0.00260	0.00568	0.10760	0.00666	0.03463
38	0.01374	0.01273	0.01842	0.15904	0.02298	0.01667	0.01427	0.01603	0.01254	0.01824	0.01725	0.16305	0.01798	0.01517	0.04469	0.00327	0.38576	0.00933	0.03134	0.00746
39	0.70237	0.01362	0.01110	0.00979	0.01424	0.01545	0.00803	0.02206	0.01338	0.08249	0.04347	0.01475	0.01146	0.00729	0.00490	0.00225	0.00556	0.00462	0.00500	0.00816
40	0.05813	0.00719	0.00700	0.00693	0.00879	0.00732	0.00524	0.01719	0.01508	0.02741	0.02294	0.02623	0.01802	0.00837	0.00505	0.00173	0.00351	0.00661	0.74043	0.00684
41	0.02446	0.01813	0.01945	0.01535	0.02023	0.02003	0.01233	0.52814	0.08848	0.04012	0.01927	0.02241	0.01515	0.10924	0.01134	0.00287	0.00767	0.00724	0.00689	0.01120
42	0.00892	0.00635	0.00841	0.01003	0.01044	0.00595	0.00666	0.01014	0.01379	0.01838	0.03939	0.71250	0.04722	0.05124	0.01037	0.00311	0.00433	0.02027	0.00666	0.00585
43	0.01417	0.00737	0.00743	0.00721	0.00908	0.00746	0.00546	0.04570	0.01607	0.02792	0.02344	0.02668	0.01836	0.00848	0.00518	0.00172	0.00359	0.00676	0.75090	0.00702
44	0.01768	0.01688	0.02843	0.06546	0.63868	0.01680	0.02146	0.02196	0.01640	0.02357	0.01360	0.01787	0.01141	0.00644	0.00710	0.00211	0.00849	0.00635	0.00363	0.05570
45	0.19118	0.58636	0.03203	0.01180	0.01764	0.02601	0.01143	0.02168	0.01424	0.02053	0.01011	0.01169	0.00901	0.00634	0.00463	0.00171	0.00730	0.00390	0.00342	0.00901
46	0.01182	0.00749	0.00981	0.01052	0.01174	0.00703	0.00737	0.03705	0.01591	0.08251	0.10007	0.58406	0.04599	0.02027	0.00896	0.00280	0.00446	0.01823	0.00709	0.00681
47	0.00886	0.00633	0.00843	0.01012	0.01054	0.00590	0.00675	0.01012	0.01392	0.01856	0.04006	0.73979	0.04808	0.02277	0.00928	0.00295	0.00422	0.02066	0.00675	0.00590
48	0.02037	0.01172	0.01472	0.01123	0.01652	0.00952	0.00902	0.02349	0.01810	0.26424	0.14396	0.02569	0.02394	0.00840	0.00665	0.00171	0.00531	0.00699	0.00664	0.37178
49	0.01786	0.01803	0.05486	0.04372	0.67420	0.01726	0.02248	0.02234	0.01651	0.02372	0.01365	0.01789	0.01143	0.00649	0.00719	0.00216	0.00871	0.00644	0.00358	0.01149
50	0.01057	0.00705	0.00793	0.00793	0.00793	0.00705	0.00440	0.01057	0.01057	0.01409	0.02290	0.04757	0.02643	0.74454	0.03700	0.00705	0.00705	0.01057	0.00440	0.00440
51	0.01507	0.01292	0.01507	0.01077	0.01723	0.00969	0.00861	0.01830	0.01507	0.02369	0.01292	0.01507	0.01077	0.00538	0.00538	0.00108	0.00538	0.00431	0.00431	0.78898
52	0.01474	0.01256	0.01471	0.01073	0.01687	0.00949	0.00851	0.01786	0.01501	0.02341	0.01439	0.05427	0.01278	0.00632	0.00559	0.00118	0.00532	0.00519	0.00444	0.74662
53	0.09374	0.23424	0.02420	0.01549	0.02009	0.38028	0.01265	0.06811	0.01892	0.02086	0.01390	0.01530	0.03886	0.00761	0.00596	0.00186	0.01017	0.00497	0.00399	0.00880
54	0.02582	0.01886	0.02026	0.01592	0.02131	0.02088	0.01303	0.53446	0.12904	0.06373	0.01985	0.01950	0.01424	0.00889	0.00720	0.00221	0.00743	0.00682	0.03854	0.01201
55	0.01021	0.00743	0.00961	0.00907	0.01081	0.00683	0.00680	0.01357	0.02040	0.02874	0.66840	0.05498	0.09580	0.01501	0.00857	0.00229	0.00344	0.01324	0.00795	0.00683
56	0.01615	0.01554	0.02612	0.10086	0.37722	0.01578	0.10738	0.02206	0.08234	0.02360	0.04867	0.02629	0.08861	0.00846	0.00762	0.00229	0.00821	0.00815	0.00446	0.01018
57	0.01171	0.00837	0.01171	0.01339	0.01506	0.00837	0.01171	0.01506	0.01673	0.02175	0.03849	0.08199	0.04183	0.02008	0.01004	0.00335	0.00669	0.65027	0.00669	0.00669
58	0.01718	0.01644	0.02804	0.17466	0.57550	0.01706	0.02190	0.02160	0.01617	0.02276	0.01353	0.01826	0.01117	0.00663	0.00721	0.00221	0.00884	0.00647	0.00353	0.01086
59	0.01480	0.01472	0.02823	0.02708	0.18529	0.01408	0.29101	0.01913	0.01654	0.02270	0.06640	0.17450	0.02476	0.01120	0.00850	0.00254	0.00877	0.05599	0.00479	0.00899
60	0.01507	0.01292	0.01507	0.01077	0.01723	0.00969	0.00861	0.01830	0.01507	0.02369	0.01292	0.01507	0.01077	0.00538	0.00538	0.00108	0.00538	0.00431	0.00431	0.78898
61	0.00969	0.00685	0.00802	0.00860	0.00910	0.00652	0.00537	0.01040	0.01260	0.01644	0.03627	0.28845	0.13255	0.38983	0.02330	0.00497	0.00558	0.01474	0.00555	0.00517
62	0.14923	0.01275	0.01572	0.01351	0.01611	0.01491	0.03642	0.08030	0.03873	0.07348	0.01705	0.02195	0.01428	0.05667	0.13031	0.00423	0.17312	0.00671	0.11625	0.00826
63	0.01179	0.01121	0.07028	0.01470	0.06355	0.00943	0.01151	0.01623	0.06224	0.02291	0.14341	0.25018	0.04180	0.01720	0.00893	0.00283	0.00586	0.22196	0.00645	0.00751
64	0.01654	0.05743	0.03629	0.14446	0.03638	0.01910	0.43838	0.02162	0.01577	0.02137	0.01345	0.01863	0.01051	0.00722	0.01023	0.00250	0.10970	0.00767	0.00350	0.00924
65	0.01507	0.01292	0.01507	0.01077	0.01723	0.00969	0.00861	0.01830	0.01507	0.02369	0.01292	0.01507	0.01077	0.00538	0.00538	0.00108	0.00538	0.00431	0.00431	0.78898
66	0.01263	0.00631	0.00947	0.00947	0.00947	0.00631	0.00631	0.00947	0.00947	0.01263	0.01263	0.02210	0.01263	0.02525	0.02841	0.78851	0.00631	0.00631	0.00316	0.00316
67	0.02074	0.55636	0.05944	0.01537	0.05646	0.12068	0.01366	0.02337	0.01592	0.04472	0.01129	0.01285	0.00979	0.00654	0.00525	0.00169	0.00860	0.00433	0.00345	0.00950
68	0.02763	0.02036	0.02182	0.01672	0.02254	0.02254	0.01382	0.67496	0.03418	0.04581	0.01745	0.01745	0.01236	0.00873	0.00727	0.00218	0.00800	0.00654	0.00727	0.01236

[dist]
# distance from previous block
# <min> <max>
0	1

[block]
# block no. 6 follows, 28 sequences, length 82
# corresponding to MSA columns:
# 1506-1587
name=unknown_G
#
# <colnr> <probs for GDERKNQSTAVLIFYWHMCP>
#	G	D	E	R	K	N	Q	S	T	A	V	L	I	F	Y	W	H	M	C	P
0	0.01621	0.01312	0.01530	0.01121	0.01734	0.01043	0.00895	0.06311	0.01650	0.04640	0.01492	0.04733	0.01274	0.00649	0.00574	0.00127	0.00554	0.00527	0.00476	0.67738
1	0.03634	0.07907	0.60095	0.01921	0.02883	0.01690	0.02414	0.02207	0.01514	0.02263	0.01452	0.06167	0.01168	0.00788	0.00685	0.00230	0.01000	0.00622	0.00335	0.01026
2	0.01284	0.00950	0.01117	0.01117	0.01331	0.00948	0.00824	0.06948	0.11640	0.04687	0.04082	0.39216	0.14342	0.01790	0.00857	0.00267	0.00488	0.04348	0.00689	0.03074
3	0.01367	0.01017	0.05809	0.01046	0.01333	0.00807	0.00875	0.01736	0.02025	0.12232	0.55656	0.04755	0.05754	0.01351	0.00828	0.00228	0.00431	0.01181	0.00780	0.00789
4	0.01837	0.01800	0.02913	0.04354	0.67095	0.04640	0.02196	0.02259	0.01672	0.02350	0.01357	0.01779	0.01142	0.00652	0.00717	0.00215	0.00882	0.00640	0.00360	0.01139
5	0.01799	0.01727	0.02950	0.04462	0.69919	0.01727	0.02231	0.02231	0.01655	0.02375	0.01367	0.01799	0.01151	0.00648	0.00720	0.00216	0.00864	0.00648	0.00360	0.01151
6	0.00898	0.00641	0.00857	0.01026	0.01073	0.00601	0.00695	0.01033	0.01403	0.01869	0.04000	0.71240	0.04782	0.02266	0.00931	0.00297	0.00432	0.04688	0.00675	0.00594
7	0.01057	0.00705	0.00793	0.00793	0.00793	0.00705	0.00440	0.01057	0.01057	0.01409	0.02290	0.04757	0.02643	0.74454	0.03700	0.00705	0.00705	0.01057	0.00440	0.00440
8	0.01799	0.01727	0.02950	0.04462	0.69919	0.01727	0.02231	0.02231	0.01655	0.02375	0.01367	0.01799	0.01151	0.00648	0.00720	0.00216	0.00864	0.00648	0.00360	0.01151
9	0.01116	0.00764	0.00988	0.00920	0.01113	0.00698	0.00694	0.01446	0.02033	0.05815	0.62608	0.05401	0.10678	0.01483	0.00852	0.00230	0.00357	0.01303	0.00796	0.00705
10	0.01038	0.00707	0.00812	0.00813	0.00844	0.00694	0.00482	0.01089	0.01208	0.01619	0.10009	0.07812	0.06137	0.60207	0.03146	0.00615	0.00638	0.01148	0.00500	0.00481
11	0.01593	0.01601	0.02152	0.01859	0.01880	0.04476	0.01540	0.01759	0.01149	0.01746	0.01024	0.01663	0.01009	0.01525	0.06805	0.00369	0.66098	0.00640	0.00325	0.00787
12	0.01057	0.00705	0.00793	0.00793	0.00793	0.00705	0.00440	0.01057	0.01057	0.01409	0.02290	0.04757	0.02643	0.74454	0.03700	0.00705	0.00705	0.01057	0.00440	0.00440
13	0.00881	0.00652	0.00824	0.00961	0.01041	0.00595	0.00652	0.01018	0.01441	0.01876	0.04625	0.61628	0.16759	0.02197	0.00915	0.00286	0.00412	0.01968	0.00675	0.00595
14	0.01284	0.00817	0.01024	0.00992	0.01167	0.00897	0.00768	0.05729	0.01465	0.02310	0.02115	0.02722	0.01799	0.03194	0.36726	0.00681	0.01188	0.00728	0.33694	0.00699
15	0.01808	0.01561	0.01644	0.01479	0.01890	0.01808	0.01151	0.03863	0.68606	0.03041	0.02959	0.02712	0.02219	0.00986	0.00740	0.00247	0.00575	0.00822	0.00740	0.01151
16	0.01039	0.00776	0.01152	0.01152	0.01276	0.00900	0.00888	0.01287	0.01163	0.01675	0.01962	0.02939	0.01853	0.08479	0.68596	0.01148	0.01893	0.00791	0.00392	0.00640
17	0.03021	0.01463	0.01811	0.01395	0.01948	0.01418	0.01150	0.23116	0.02491	0.47555	0.05120	0.02365	0.01823	0.00914	0.00735	0.00223	0.00664	0.00730	0.00843	0.01215
18	0.03971	0.00923	0.01194	0.01029	0.01340	0.00833	0.00806	0.02082	0.02018	0.24904	0.42132	0.04438	0.08773	0.01293	0.00805	0.00228	0.00441	0.01111	0.00815	0.00864
19	0.01475	0.01130	0.01464	0.19370	0.02344	0.01223	0.01162	0.02235	0.18185	0.08467	0.13818	0.04048	0.17492	0.01213	0.00789	0.00244	0.00601	0.03235	0.00640	0.00864
20	0.00911	0.00705	0.00831	0.00871	0.01032	0.00625	0.00626	0.01118	0.01675	0.02174	0.22277	0.28053	0.32718	0.01889	0.00881	0.00257	0.00379	0.01648	0.00707	0.00625
21	0.06962	0.57795	0.05478	0.01333	0.01906	0.04745	0.01293	0.04897	0.01537	0.01953	0.01050	0.01236	0.00937	0.00686	0.00619	0.00177	0.05705	0.00424	0.00340	0.00928
22	0.00923	0.00753	0.00823	0.00849	0.01061	0.00665	0.00638	0.01175	0.03568	0.02063	0.11007	0.15875	0.50004	0.01861	0.00875	0.00257	0.00400	0.05883	0.00685	0.00635
23	0.03656	0.01068	0.01218	0.01069	0.01308	0.04118	0.05009	0.06639	0.01649	0.02690	0.02062	0.02418	0.01635	0.01046	0.03645	0.00232	0.05490	0.00672	0.53621	0.00755
24	0.02218	0.01713	0.01889	0.01414	0.02024	0.01697	0.01156	0.39012	0.02589	0.03621	0.01549	0.01642	0.01167	0.00728	0.00645	0.00170	0.00686	0.00557	0.00599	0.34924
25	0.01057	0.00705	0.00793	0.00793	0.00793	0.00705	0.00440	0.01057	0.01057	0.01409	0.02290	0.04757	0.02643	0.74454	0.03700	0.00705	0.00705	0.01057	0.00440	0.00440
26	0.01808	0.01561	0.01644	0.01479	0.01890	0.01808	0.01151	0.03863	0.68606	0.03041	0.02959	0.02712	0.02219	0.00986	0.00740	0.00247	0.00575	0.00822	0.00740	0.01151
27	0.00897	0.00665	0.00821	0.00932	0.01022	0.00607	0.00632	0.01036	0.01454	0.01891	0.07187	0.51746	0.19121	0.07053	0.01098	0.00309	0.00426	0.01850	0.00664	0.00589
28	0.01943	0.74891	0.03809	0.01244	0.01866	0.02876	0.01244	0.02177	0.01477	0.01710	0.01011	0.01166	0.00933	0.00622	0.00466	0.00155	0.00777	0.00389	0.00311	0.00933
29	0.01558	0.10187	0.62452	0.01972	0.02989	0.01778	0.02504	0.02329	0.01546	0.04341	0.01326	0.01530	0.00949	0.00691	0.00671	0.00223	0.01033	0.00530	0.00326	0.01066
30	0.01036	0.00696	0.00799	0.00820	0.00825	0.00691	0.00469	0.01052	0.01099	0.01465	0.02503	0.13337	0.02911	0.65508	0.03356	0.00654	0.00670	0.01182	0.00469	0.00459
31	0.02901	0.01229	0.01618	0.01280	0.01790	0.01116	0.01043	0.03383	0.09423	0.56930	0.08856	0.02765	0.02299	0.00962	0.00743	0.00228	0.00589	0.00793	0.00873	0.01178
32	0.01675	0.01846	0.03825	0.10769	0.08298	0.01832	0.51190	0.02230	0.01642	0.02240	0.01409	0.01922	0.01081	0.00673	0.00938	0.00248	0.06057	0.00805	0.00359	0.00960
33	0.03261	0.01237	0.01687	0.01293	0.01856	0.01068	0.01068	0.03543	0.02081	0.70423	0.02868	0.02474	0.01799	0.00900	0.00731	0.00225	0.00619	0.00731	0.00900	0.01237
34	0.01057	0.00705	0.00793	0.00793	0.00793	0.00705	0.00440	0.01057	0.01057	0.01409	0.02290	0.04757	0.02643	0.74454	0.03700	0.00705	0.00705	0.01057	0.00440	0.00440
35	0.01542	0.01524	0.02186	0.01863	0.01903	0.02074	0.03797	0.01732	0.01197	0.01843	0.05418	0.01888	0.01365	0.01388	0.04298	0.00335	0.63813	0.00692	0.00353	0.00790
36	0.01834	0.58814	0.18925	0.01431	0.02155	0.02608	0.01570	0.02205	0.01490	0.01844	0.01077	0.01249	0.00930	0.00637	0.00517	0.00172	0.00844	0.00422	0.00310	0.00965
37	0.01785	0.01812	0.05771	0.04362	0.67139	0.01725	0.02250	0.02234	0.01650	0.02372	0.01365	0.01788	0.01142	0.00649	0.00718	0.00216	0.00872	0.00643	0.00358	0.01148
38	0.07268	0.65276	0.03510	0.01265	0.01859	0.07235	0.01223	0.02221	0.01498	0.01820	0.01018	0.01176	0.00923	0.00634	0.00478	0.00162	0.00797	0.00394	0.00324	0.00917
39	0.02763	0.02036	0.02182	0.01672	0.02254	0.02254	0.01382	0.67496	0.03418	0.04581	0.01745	0.01745	0.01236	0.00873	0.00727	0.00218	0.00800	0.00654	0.00727	0.01236
40	0.00967	0.00704	0.00926	0.01049	0.01145	0.00649	0.00739	0.01127	0.01423	0.01915	0.03753	0.59244	0.04416	0.04264	0.00992	0.00299	0.00467	0.09353	0.00651	0.05918
41	0.00882	0.00645	0.00830	0.00978	0.01045	0.00593	0.00660	0.01016	0.01424	0.01869	0.04417	0.65784	0.12738	0.02224	0.00919	0.00289	0.00415	0.02001	0.00675	0.00593
42	0.00886	0.00633	0.00843	0.01012	0.01054	0.00590	0.00675	0.01012	0.01392	0.01856	0.04006	0.73979	0.04808	0.02277	0.00928	0.00295	0.00422	0.02066	0.00675	0.00590
43	0.79588	0.01406	0.01068	0.00956	0.01406	0.01631	0.00787	0.02137	0.01237	0.03261	0.01012	0.01181	0.00787	0.00675	0.00450	0.00225	0.00562	0.00394	0.00450	0.00787
44	0.01751	0.01751	0.03204	0.08778	0.50381	0.01745	0.17100	0.02228	0.01655	0.02329	0.01386	0.01846	0.01128	0.00645	0.00752	0.00224	0.00954	0.00696	0.00359	0.01089
45	0.01049	0.00794	0.00903	0.00893	0.01109	0.00723	0.00662	0.01392	0.06271	0.04550	0.21088	0.17046	0.37388	0.01738	0.00857	0.00249	0.00393	0.01493	0.00717	0.00684
46	0.01739	0.01838	0.02204	0.01904	0.01953	0.11398	0.01566	0.01902	0.01239	0.01753	0.00977	0.01553	0.00952	0.01203	0.02157	0.00301	0.63620	0.00614	0.00326	0.00801
47	0.00984	0.00707	0.00936	0.00981	0.01102	0.00660	0.00715	0.01244	0.01778	0.02461	0.40116	0.31725	0.05896	0.01823	0.00894	0.00261	0.00395	0.05929	0.00744	0.00648
48	0.02978	0.01309	0.01670	0.01306	0.01833	0.01223	0.01070	0.10500	0.06710	0.53973	0.02716	0.02426	0.01770	0.00899	0.00716	0.00222	0.00617	0.00725	0.06143	0.01193
49	0.00901	0.00639	0.00839	0.00993	0.01031	0.00601	0.00654	0.01016	0.01362	0.01816	0.03854	0.67842	0.04616	0.08677	0.01174	0.00332	0.00447	0.01977	0.00654	0.00577
50	0.00886	0.00633	0.00843	0.01012	0.01054	0.00590	0.00675	0.01012	0.01392	0.01856	0.04006	0.73979	0.04808	0.02277	0.00928	0.00295	0.00422	0.02066	0.00675	0.00590
51	0.07026	0.01682	0.02585	0.18813	0.37730	0.04617	0.06179	0.02323	0.07607	0.02353	0.01466	0.01860	0.01170	0.00699	0.00711	0.00226	0.00883	0.00652	0.00393	0.01027
52	0.00895	0.00640	0.00852	0.01006	0.01056	0.00597	0.00676	0.01037	0.01437	0.01928	0.08458	0.69322	0.04947	0.02224	0.00923	0.00291	0.00416	0.02015	0.00683	0.00597
53	0.00886	0.00633	0.00843	0.01012	0.01054	0.00590	0.00675	0.01012	0.01392	0.01856	0.04006	0.73979	0.04808	0.02277	0.00928	0.00295	0.00422	0.02066	0.00675	0.00590
54	0.00884	0.00639	0.00837	0.00995	0.01050	0.00592	0.00667	0.01014	0.01408	0.01862	0.04217	0.69775	0.08876	0.02250	0.00923	0.00292	0.00418	0.02033	0.00675	0.00592
55	0.02389	0.01549	0.01754	0.01427	0.01872	0.01642	0.01135	0.36664	0.06892	0.16163	0.02419	0.13293	0.02051	0.06101	0.00962	0.00266	0.00687	0.00925	0.00733	0.01077
56	0.06956	0.64819	0.03510	0.01273	0.01851	0.05159	0.01233	0.02183	0.01468	0.01814	0.01012	0.01189	0.00924	0.00655	0.00547	0.00167	0.03600	0.00401	0.00322	0.00915
57	0.00996	0.00742	0.00927	0.00880	0.01066	0.00672	0.00660	0.01309	0.01981	0.02733	0.57641	0.05729	0.18867	0.01554	0.00858	0.00232	0.00348	0.01357	0.00776	0.00672
58	0.03702	0.08431	0.50611	0.02271	0.07431	0.01795	0.11211	0.02287	0.01555	0.02294	0.01302	0.01573	0.00958	0.00672	0.00692	0.00226	0.01046	0.00573	0.00323	0.01049
59	0.01659	0.01227	0.01616	0.01846	0.15454	0.01240	0.01194	0.02423	0.19298	0.11348	0.09539	0.06246	0.15241	0.01248	0.00799	0.00246	0.00584	0.07169	0.00668	0.00956
60	0.01502	0.03411	0.58195	0.02218	0.03203	0.01730	0.12510	0.02287	0.01548	0.02287	0.01318	0.01602	0.00950	0.00699	0.00774	0.00235	0.03576	0.00590	0.00317	0.01050
61	0.00887	0.00650	0.00834	0.00973	0.01046	0.00597	0.00659	0.01029	0.01449	0.01906	0.06723	0.62932	0.13260	0.02193	0.00916	0.00286	0.00412	0.01971	0.00679	0.00597
62	0.07170	0.09411	0.08638	0.04215	0.02430	0.10331	0.06948	0.29029	0.09288	0.03233	0.01600	0.01707	0.01195	0.00789	0.00684	0.00216	0.00886	0.00613	0.00546	0.01071
63	0.06797	0.01956	0.02086	0.16898	0.09600	0.12863	0.01525	0.26328	0.06845	0.03092	0.01574	0.01789	0.01186	0.00795	0.00692	0.00219	0.00877	0.00619	0.03238	0.01023
64	0.72539	0.01377	0.01118	0.03224	0.01522	0.01585	0.00831	0.02145	0.01293	0.05129	0.03168	0.01372	0.01007	0.00708	0.00479	0.00226	0.00570	0.00439	0.00469	0.00798
65	0.01427	0.01013	0.01162	0.01057	0.01236	0.01061	0.00752	0.16273	0.01769	0.02403	0.08971	0.10568	0.05167	0.32522	0.08803	0.00522	0.00762	0.01066	0.02775	0.00693
66	0.01323	0.00981	0.01093	0.01025	0.01251	0.00970	0.00754	0.14202	0.01823	0.02393	0.04077	0.20474	0.22259	0.15420	0.01372	0.00335	0.00545	0.03807	0.02977	0.02918
