[name]
unknown

[dist]
# distance from previous block
# <min> <max>
2	50

[block]
# block no. 0 follows, 27 sequences, length 17
# corresponding to MSA columns:
# 60-76
name=unknown_A
#
# <colnr> <probs for GDERKNQSTAVLIFYWHMCP>
#	G	D	E	R	K	N	Q	S	T	A	V	L	I	F	Y	W	H	M	C	P
0	0.05359	0.01343	0.02172	0.64487	0.04745	0.01686	0.01973	0.01905	0.01453	0.01963	0.01285	0.01920	0.00979	0.00772	0.00825	0.00251	0.05078	0.00646	0.00336	0.00823
1	0.06362	0.05713	0.02213	0.03666	0.02014	0.02011	0.04443	0.04636	0.01364	0.02086	0.01440	0.06490	0.02935	0.01196	0.01758	0.00283	0.44683	0.00738	0.00393	0.05575
2	0.09652	0.08435	0.13786	0.02087	0.10409	0.29769	0.01667	0.06947	0.06284	0.02396	0.01355	0.01538	0.01072	0.00749	0.00659	0.00210	0.01043	0.00535	0.00420	0.00988
3	0.01397	0.01050	0.01154	0.01030	0.01287	0.01029	0.00752	0.14925	0.01882	0.02474	0.06978	0.11859	0.22431	0.21291	0.01627	0.00368	0.00579	0.01214	0.00624	0.06051
4	0.11058	0.03403	0.53138	0.02034	0.02988	0.05807	0.06808	0.02368	0.01575	0.02441	0.01297	0.01540	0.00937	0.00701	0.00685	0.00233	0.01058	0.00549	0.00340	0.01041
5	0.01894	0.01549	0.05950	0.06838	0.17675	0.01487	0.01544	0.02799	0.21154	0.13347	0.02748	0.03405	0.04984	0.01069	0.00790	0.00253	0.00724	0.10098	0.00624	0.01066
6	0.02061	0.10090	0.06558	0.01902	0.02376	0.02137	0.11983	0.25258	0.02147	0.02929	0.01481	0.01899	0.01216	0.04768	0.03714	0.00303	0.16990	0.00686	0.00490	0.01013
7	0.01752	0.01304	0.01467	0.01307	0.01627	0.01375	0.00994	0.24721	0.09638	0.03062	0.02858	0.30416	0.02894	0.04438	0.00930	0.00269	0.00600	0.01263	0.03717	0.05368
8	0.07398	0.01551	0.01673	0.01408	0.01818	0.05607	0.01121	0.19244	0.08934	0.18650	0.05546	0.11182	0.05862	0.01170	0.00863	0.00244	0.05056	0.00929	0.00713	0.01032
9	0.01948	0.01591	0.06266	0.01616	0.02216	0.01315	0.13190	0.09139	0.01850	0.14003	0.01910	0.06286	0.01572	0.05809	0.00919	0.00229	0.00760	0.00746	0.00549	0.28086
10	0.02058	0.01916	0.02461	0.17019	0.24636	0.09617	0.03529	0.17125	0.04294	0.02787	0.01493	0.01812	0.01163	0.00745	0.00723	0.00217	0.00918	0.00638	0.00466	0.06384
11	0.02067	0.02355	0.02147	0.17711	0.13388	0.32466	0.01628	0.02452	0.04892	0.02006	0.01849	0.02134	0.06869	0.00873	0.00795	0.00222	0.04175	0.00665	0.00410	0.00895
12	0.01380	0.01277	0.06241	0.01812	0.13004	0.01132	0.03326	0.08758	0.01695	0.02318	0.05631	0.32101	0.03209	0.13068	0.01317	0.00336	0.00666	0.01358	0.00572	0.00801
13	0.01774	0.06040	0.02499	0.05974	0.40587	0.10575	0.01800	0.02116	0.01680	0.02190	0.01870	0.14094	0.01850	0.00999	0.00756	0.00231	0.00858	0.02683	0.00429	0.00997
14	0.26688	0.16361	0.21622	0.06149	0.02378	0.01963	0.01601	0.08142	0.01650	0.05487	0.01283	0.01464	0.00968	0.00714	0.00589	0.00218	0.00819	0.00498	0.00426	0.00979
15	0.04202	0.33805	0.06777	0.04137	0.05134	0.22557	0.01457	0.05540	0.01821	0.06515	0.01270	0.01428	0.01033	0.00714	0.00597	0.00188	0.00967	0.00486	0.00402	0.00970
16	0.06835	0.21879	0.08784	0.01511	0.02059	0.12881	0.01364	0.15963	0.08554	0.02793	0.08876	0.02006	0.01800	0.00852	0.00654	0.00206	0.00830	0.00628	0.00523	0.01002

[dist]
# distance from previous block
# <min> <max>
6	13

[block]
# block no. 1 follows, 27 sequences, length 27
# corresponding to MSA columns:
# 90-116
name=unknown_B
#
# <colnr> <probs for GDERKNQSTAVLIFYWHMCP>
#	G	D	E	R	K	N	Q	S	T	A	V	L	I	F	Y	W	H	M	C	P
0	0.01393	0.01156	0.01798	0.01905	0.08599	0.01168	0.08903	0.01961	0.08642	0.02353	0.03301	0.06396	0.03388	0.01638	0.00951	0.00310	0.00759	0.43936	0.00624	0.00821
1	0.05386	0.03330	0.56301	0.01940	0.02927	0.01624	0.02398	0.02539	0.01639	0.12812	0.01565	0.01699	0.01073	0.00738	0.00700	0.00234	0.01001	0.00572	0.00414	0.01109
2	0.00946	0.00702	0.00942	0.01086	0.01127	0.00699	0.00743	0.01077	0.01405	0.01889	0.03913	0.69308	0.04684	0.02267	0.01033	0.00303	0.04566	0.02027	0.00668	0.00615
3	0.01248	0.05270	0.01491	0.01303	0.01453	0.04350	0.01030	0.01476	0.01289	0.01767	0.02200	0.10022	0.04765	0.03968	0.43783	0.00833	0.11722	0.00905	0.00424	0.00702
4	0.02637	0.01698	0.01919	0.01528	0.02035	0.01800	0.01237	0.44034	0.02901	0.17532	0.02363	0.12709	0.01928	0.01113	0.00774	0.00236	0.00721	0.00901	0.00771	0.01163
5	0.01459	0.01377	0.02329	0.63331	0.13465	0.01664	0.02090	0.01946	0.01511	0.01966	0.01329	0.01961	0.01014	0.00732	0.00741	0.00244	0.00976	0.00660	0.00335	0.00870
6	0.02491	0.01078	0.01454	0.01178	0.01606	0.00947	0.00947	0.02802	0.02116	0.45198	0.27209	0.03638	0.03740	0.01139	0.00794	0.00231	0.00528	0.00966	0.00881	0.01056
7	0.01718	0.01607	0.02482	0.41598	0.18638	0.03871	0.05264	0.08591	0.04617	0.02364	0.01460	0.01944	0.01118	0.00745	0.00746	0.00238	0.00955	0.00674	0.00401	0.00971
8	0.10878	0.01420	0.01735	0.01360	0.01912	0.01368	0.01125	0.15187	0.02278	0.48654	0.02555	0.02447	0.01706	0.00928	0.00726	0.00232	0.00662	0.02799	0.00831	0.01197
9	0.01717	0.01933	0.04174	0.03084	0.06025	0.01816	0.61375	0.02314	0.01735	0.02358	0.01615	0.05221	0.01299	0.00704	0.00874	0.00252	0.01202	0.00924	0.00389	0.00989
10	0.01629	0.02971	0.41173	0.02988	0.23341	0.01756	0.10913	0.02332	0.01629	0.02377	0.01374	0.01706	0.01036	0.00682	0.00737	0.00233	0.01052	0.00625	0.00338	0.01109
11	0.05134	0.03321	0.52366	0.05498	0.08712	0.05203	0.02451	0.02317	0.01604	0.02374	0.03480	0.01709	0.01152	0.00732	0.00702	0.00232	0.01038	0.00578	0.00345	0.01053
12	0.01489	0.03840	0.70064	0.02116	0.03213	0.01724	0.02743	0.02351	0.01567	0.02351	0.01332	0.01567	0.00940	0.00705	0.00705	0.00235	0.01097	0.00549	0.00313	0.01097
13	0.00877	0.00752	0.00752	0.00752	0.01003	0.00627	0.00564	0.01065	0.01692	0.02005	0.07520	0.07144	0.68978	0.01880	0.00877	0.00251	0.00376	0.01567	0.00689	0.00627
14	0.01419	0.01428	0.02630	0.05827	0.02604	0.01499	0.27595	0.01787	0.01531	0.02089	0.02480	0.21198	0.05661	0.01328	0.01187	0.00281	0.14324	0.03838	0.00475	0.00820
15	0.01744	0.01441	0.01690	0.05181	0.01911	0.05261	0.03839	0.20238	0.05097	0.02672	0.02451	0.08315	0.06919	0.11642	0.14422	0.00486	0.04343	0.00929	0.00555	0.00863
16	0.00904	0.00646	0.00861	0.01034	0.01077	0.00603	0.00689	0.01034	0.01421	0.01895	0.04092	0.73426	0.04910	0.02326	0.00948	0.00301	0.00431	0.02110	0.00689	0.00603
17	0.01469	0.01443	0.02562	0.57416	0.04740	0.01721	0.12001	0.01965	0.01506	0.01965	0.01328	0.01962	0.01010	0.00756	0.00861	0.00252	0.05164	0.00693	0.00337	0.00851
18	0.07351	0.03395	0.55830	0.02252	0.06949	0.01734	0.07616	0.02336	0.01566	0.02431	0.01327	0.01590	0.00958	0.00695	0.00702	0.00235	0.01058	0.00570	0.00332	0.01072
19	0.01714	0.01911	0.04064	0.11444	0.06837	0.01845	0.56102	0.02316	0.01718	0.02322	0.01476	0.01993	0.01112	0.00641	0.00854	0.00249	0.01204	0.00841	0.00370	0.00988
20	0.00885	0.00752	0.00763	0.00760	0.01008	0.00630	0.00570	0.01081	0.01711	0.02049	0.10297	0.07072	0.66175	0.01864	0.00877	0.00250	0.00375	0.01557	0.00695	0.00630
21	0.03111	0.01345	0.01740	0.01364	0.01918	0.01247	0.01117	0.06564	0.10894	0.57979	0.02888	0.02525	0.01868	0.00929	0.00748	0.00232	0.00634	0.00755	0.00889	0.01252
22	0.05518	0.00886	0.01108	0.01017	0.01258	0.00822	0.00754	0.01833	0.01791	0.18140	0.26712	0.16305	0.08145	0.10902	0.01214	0.00308	0.00491	0.01267	0.00746	0.00783
23	0.03189	0.01471	0.05395	0.01397	0.02000	0.01229	0.01206	0.09015	0.02213	0.60582	0.02745	0.02411	0.01740	0.00905	0.00744	0.00229	0.00672	0.00729	0.00871	0.01254
24	0.01815	0.01151	0.01241	0.01073	0.01378	0.01237	0.00850	0.22717	0.02144	0.03276	0.02170	0.02465	0.01691	0.01365	0.07958	0.00296	0.00670	0.00695	0.44937	0.00873
25	0.01007	0.00732	0.00954	0.00998	0.01135	0.00680	0.00738	0.01274	0.01815	0.02485	0.37222	0.27777	0.10310	0.01857	0.00914	0.00268	0.00412	0.08007	0.00754	0.00662
26	0.01781	0.01745	0.02790	0.19964	0.51396	0.04974	0.02189	0.02223	0.01662	0.02275	0.01367	0.01847	0.01123	0.00685	0.00734	0.00225	0.00928	0.00652	0.00360	0.01080

[dist]
# distance from previous block
# <min> <max>
0	1

[block]
# block no. 2 follows, 27 sequences, length 106
# corresponding to MSA columns:
# 118-223
name=unknown_C
#
# <colnr> <probs for GDERKNQSTAVLIFYWHMCP>
#	G	D	E	R	K	N	Q	S	T	A	V	L	I	F	Y	W	H	M	C	P
0	0.01615	0.21812	0.53199	0.01900	0.02880	0.02033	0.02368	0.02318	0.01552	0.02197	0.01256	0.01471	0.00944	0.00687	0.00647	0.00216	0.01020	0.00510	0.00315	0.01060
1	0.01385	0.01018	0.01286	0.04864	0.01641	0.01058	0.01028	0.14348	0.01909	0.02532	0.03449	0.39448	0.03825	0.01891	0.00915	0.00293	0.00599	0.17065	0.00680	0.00766
2	0.01719	0.01913	0.04061	0.10818	0.07931	0.01845	0.55624	0.02319	0.01719	0.02328	0.01475	0.01990	0.01114	0.00641	0.00853	0.00248	0.01201	0.00839	0.00370	0.00992
3	0.00904	0.00646	0.00861	0.01034	0.01077	0.00603	0.00689	0.01034	0.01421	0.01895	0.04092	0.73426	0.04910	0.02326	0.00948	0.00301	0.00431	0.02110	0.00689	0.00603
4	0.00957	0.00730	0.01080	0.01164	0.01251	0.00682	0.04790	0.01117	0.01442	0.01925	0.03930	0.68981	0.04675	0.02220	0.00943	0.00298	0.00482	0.02034	0.00670	0.00628
5	0.02778	0.03404	0.02115	0.01894	0.02296	0.64603	0.01432	0.08850	0.02232	0.02081	0.01206	0.01380	0.00984	0.00777	0.00676	0.00194	0.01291	0.00496	0.00416	0.00898
6	0.01489	0.03840	0.70064	0.02116	0.03213	0.01724	0.02743	0.02351	0.01567	0.02351	0.01332	0.01567	0.00940	0.00705	0.00705	0.00235	0.01097	0.00549	0.00313	0.01097
7	0.01837	0.01764	0.03013	0.04557	0.69279	0.01764	0.02278	0.02278	0.01690	0.02425	0.01396	0.01837	0.01176	0.00661	0.00735	0.00220	0.00882	0.00661	0.00367	0.01176
8	0.01133	0.00772	0.01080	0.01080	0.01222	0.00875	0.00836	0.01417	0.01275	0.01959	0.02086	0.02883	0.01866	0.04507	0.55084	0.00963	0.01618	0.00772	0.17901	0.00669
9	0.22003	0.01474	0.03856	0.01639	0.09144	0.01461	0.01209	0.02942	0.15375	0.23590	0.04813	0.02539	0.01879	0.00922	0.00691	0.00239	0.00642	0.03846	0.00672	0.01062
10	0.00904	0.00646	0.00861	0.01034	0.01077	0.00603	0.00689	0.01034	0.01421	0.01895	0.04092	0.73426	0.04910	0.02326	0.00948	0.00301	0.00431	0.02110	0.00689	0.00603
11	0.01489	0.03840	0.70064	0.02116	0.03213	0.01724	0.02743	0.02351	0.01567	0.02351	0.01332	0.01567	0.00940	0.00705	0.00705	0.00235	0.01097	0.00549	0.00313	0.01097
12	0.01551	0.01471	0.02495	0.49045	0.27032	0.01688	0.02136	0.02027	0.01555	0.02077	0.01346	0.01931	0.01053	0.00715	0.00740	0.00238	0.00953	0.00660	0.00343	0.00945
13	0.01863	0.04804	0.03059	0.07462	0.55614	0.05256	0.06593	0.02299	0.01698	0.02339	0.01373	0.01804	0.01143	0.00667	0.00731	0.00220	0.00932	0.00656	0.00365	0.01122
14	0.01086	0.00712	0.00817	0.00833	0.00892	0.00695	0.00522	0.01196	0.01326	0.01869	0.09916	0.13573	0.06328	0.43727	0.02527	0.00518	0.00576	0.01209	0.11138	0.00537
15	0.02989	0.01811	0.02062	0.01581	0.02169	0.01905	0.01306	0.46059	0.03042	0.26057	0.02159	0.02027	0.01451	0.00900	0.00744	0.00225	0.00756	0.00694	0.00800	0.01263
16	0.01772	0.44080	0.32303	0.01633	0.02467	0.02416	0.01903	0.02278	0.01534	0.02006	0.01161	0.01353	0.00947	0.00665	0.00575	0.00192	0.00924	0.00462	0.00316	0.01015
17	0.00922	0.00672	0.00873	0.01027	0.01101	0.00623	0.00711	0.01072	0.01471	0.01930	0.04451	0.61725	0.11790	0.02258	0.00945	0.00299	0.00442	0.06388	0.00689	0.00611
18	0.01402	0.01319	0.02227	0.72126	0.05113	0.01649	0.02062	0.01897	0.01484	0.01897	0.01319	0.01979	0.00990	0.00742	0.00742	0.00247	0.00990	0.00660	0.00330	0.00825
19	0.01144	0.00818	0.01131	0.01271	0.01428	0.00806	0.01072	0.01463	0.01731	0.02289	0.12830	0.15188	0.04717	0.02008	0.00996	0.00323	0.00610	0.48795	0.00702	0.00677
20	0.03157	0.01271	0.01697	0.01322	0.01873	0.01132	0.01085	0.03572	0.06715	0.63073	0.04977	0.02637	0.02028	0.00944	0.00751	0.00231	0.00620	0.00771	0.00904	0.01240
21	0.00913	0.00719	0.00825	0.00871	0.01043	0.00631	0.00626	0.01108	0.01670	0.02123	0.16087	0.28134	0.38686	0.01966	0.00900	0.00264	0.00389	0.01706	0.00709	0.00631
22	0.01972	0.71755	0.03832	0.01295	0.01907	0.02914	0.01283	0.02207	0.01495	0.01748	0.01030	0.01206	0.00953	0.00659	0.00546	0.00165	0.03361	0.00406	0.00318	0.00948
23	0.01489	0.03840	0.70064	0.02116	0.03213	0.01724	0.02743	0.02351	0.01567	0.02351	0.01332	0.01567	0.00940	0.00705	0.00705	0.00235	0.01097	0.00549	0.00313	0.01097
24	0.01820	0.01746	0.02981	0.07309	0.66666	0.01759	0.02269	0.02263	0.01682	0.02404	0.01393	0.01843	0.01168	0.00665	0.00735	0.00222	0.00886	0.00661	0.00366	0.01162
25	0.01742	0.02072	0.06881	0.03090	0.03854	0.01872	0.64153	0.02377	0.01745	0.02377	0.01495	0.01986	0.01119	0.00629	0.00870	0.00250	0.01246	0.00864	0.00373	0.01005
26	0.02701	0.03118	0.02140	0.01958	0.04838	0.52803	0.01450	0.14291	0.05508	0.02409	0.01360	0.01505	0.01082	0.00795	0.00689	0.00201	0.01193	0.00536	0.00464	0.00959
27	0.01489	0.03840	0.70064	0.02116	0.03213	0.01724	0.02743	0.02351	0.01567	0.02351	0.01332	0.01567	0.00940	0.00705	0.00705	0.00235	0.01097	0.00549	0.00313	0.01097
28	0.02945	0.01370	0.01723	0.01342	0.01878	0.01288	0.01101	0.16275	0.02373	0.48495	0.06205	0.02842	0.06653	0.01009	0.00761	0.00230	0.00638	0.00817	0.00862	0.01192
29	0.01031	0.00856	0.00915	0.00882	0.01138	0.00791	0.00667	0.01486	0.09848	0.02340	0.19643	0.06281	0.48054	0.01699	0.00862	0.00247	0.00396	0.01432	0.00724	0.00709
30	0.02015	0.01680	0.05169	0.01495	0.01969	0.01729	0.01247	0.18095	0.35558	0.07271	0.03125	0.03194	0.08482	0.01101	0.00776	0.00248	0.00654	0.04344	0.00729	0.01117
31	0.02622	0.01845	0.02023	0.01580	0.02121	0.02006	0.01297	0.53245	0.03118	0.09524	0.02287	0.02284	0.06067	0.01242	0.04956	0.00283	0.00841	0.00745	0.00732	0.01182
32	0.03282	0.01341	0.01771	0.01358	0.01934	0.01206	0.01121	0.09616	0.02254	0.63612	0.02820	0.02456	0.01783	0.00916	0.00746	0.00229	0.00649	0.00739	0.00902	0.01263
33	0.07405	0.01417	0.01568	0.01354	0.01713	0.01515	0.01049	0.32499	0.02413	0.06747	0.02637	0.27436	0.02628	0.04910	0.00942	0.00276	0.00648	0.01187	0.00699	0.00957
34	0.02644	0.03392	0.06893	0.02034	0.05385	0.58871	0.01562	0.06712	0.02131	0.02053	0.01210	0.01404	0.00983	0.00764	0.00679	0.00198	0.01270	0.00503	0.00399	0.00915
35	0.01543	0.11546	0.62832	0.02023	0.03070	0.01857	0.02582	0.02337	0.01561	0.02285	0.01299	0.01526	0.00942	0.00698	0.00680	0.00227	0.01064	0.00532	0.00314	0.01081
36	0.00903	0.00653	0.00854	0.01014	0.01072	0.00605	0.00680	0.01036	0.01440	0.01903	0.04331	0.68803	0.09379	0.02295	0.00943	0.00298	0.00427	0.02073	0.00689	0.00605
37	0.06685	0.01244	0.01620	0.01286	0.01805	0.01129	0.01048	0.03361	0.06266	0.56404	0.06170	0.05337	0.02190	0.00997	0.00747	0.00234	0.00604	0.00818	0.00872	0.01182
38	0.03992	0.01402	0.02346	0.54665	0.04473	0.01684	0.08051	0.04242	0.01547	0.02076	0.01363	0.01981	0.01048	0.00989	0.04196	0.00295	0.03767	0.00678	0.00356	0.00848
39	0.01402	0.01319	0.02227	0.72126	0.05113	0.01649	0.02062	0.01897	0.01484	0.01897	0.01319	0.01979	0.00990	0.00742	0.00742	0.00247	0.00990	0.00660	0.00330	0.00825
40	0.01837	0.01764	0.03013	0.04557	0.69279	0.01764	0.02278	0.02278	0.01690	0.02425	0.01396	0.01837	0.01176	0.00661	0.00735	0.00220	0.00882	0.00661	0.00367	0.01176
41	0.76441	0.01430	0.01114	0.00989	0.01452	0.01645	0.00814	0.02234	0.01294	0.05709	0.01101	0.01253	0.00841	0.00697	0.00470	0.00230	0.00576	0.00414	0.00476	0.00820
42	0.01837	0.56653	0.03260	0.01261	0.01790	0.05592	0.01190	0.02086	0.01553	0.01855	0.07104	0.01769	0.01583	0.01258	0.08224	0.00280	0.00910	0.00527	0.00373	0.00895
43	0.00904	0.00646	0.00861	0.01034	0.01077	0.00603	0.00689	0.01034	0.01421	0.01895	0.04092	0.73426	0.04910	0.02326	0.00948	0.00301	0.00431	0.02110	0.00689	0.00603
44	0.01514	0.07424	0.66700	0.02073	0.03147	0.01786	0.02668	0.02344	0.01564	0.02320	0.01317	0.01548	0.00941	0.00702	0.00694	0.00231	0.01082	0.00541	0.00314	0.01090
45	0.01574	0.06596	0.51731	0.02010	0.02927	0.06516	0.06209	0.02298	0.01665	0.02349	0.07841	0.01945	0.01539	0.00780	0.00719	0.00229	0.01037	0.00633	0.00371	0.01030
46	0.02776	0.03466	0.02110	0.01902	0.02295	0.67515	0.01433	0.06141	0.02173	0.01959	0.01179	0.01361	0.00971	0.00771	0.00673	0.00193	0.01313	0.00488	0.00400	0.00881
47	0.00966	0.00693	0.00912	0.01059	0.01121	0.00664	0.00718	0.02983	0.01475	0.01972	0.03956	0.69034	0.04704	0.02388	0.03205	0.00328	0.00492	0.02025	0.00681	0.00624
48	0.01882	0.01898	0.02726	0.14344	0.48603	0.09921	0.02096	0.02377	0.04700	0.02304	0.01429	0.01842	0.01171	0.00702	0.00729	0.00223	0.00939	0.00648	0.00381	0.01085
49	0.00904	0.00646	0.00861	0.01034	0.01077	0.00603	0.00689	0.01034	0.01421	0.01895	0.04092	0.73426	0.04910	0.02326	0.00948	0.00301	0.00431	0.02110	0.00689	0.00603
50	0.02406	0.01153	0.01473	0.01224	0.01654	0.01074	0.00975	0.02955	0.11663	0.39762	0.15445	0.06869	0.07682	0.01177	0.00790	0.00239	0.00546	0.00993	0.00849	0.01071
51	0.01956	0.02167	0.02260	0.02057	0.05087	0.21504	0.01600	0.02139	0.01433	0.01824	0.01042	0.01554	0.00978	0.01121	0.01864	0.00283	0.49344	0.00602	0.00343	0.00842
52	0.01777	0.44850	0.31580	0.01624	0.02453	0.02430	0.01886	0.02277	0.01533	0.01999	0.01158	0.01348	0.00948	0.00664	0.00572	0.00191	0.00921	0.00460	0.00316	0.01013
53	0.00904	0.00646	0.00861	0.01034	0.01077	0.00603	0.00689	0.01034	0.01421	0.01895	0.04092	0.73426	0.04910	0.02326	0.00948	0.00301	0.00431	0.02110	0.00689	0.00603
54	0.01837	0.01764	0.03013	0.04557	0.69279	0.01764	0.02278	0.02278	0.01690	0.02425	0.01396	0.01837	0.01176	0.00661	0.00735	0.00220	0.00882	0.00661	0.00367	0.01176
55	0.01852	0.12442	0.10577	0.01240	0.01710	0.01275	0.01155	0.02235	0.01949	0.20369	0.32419	0.03572	0.03936	0.01120	0.00759	0.00221	0.00589	0.00939	0.00703	0.00939
56	0.02267	0.01337	0.01584	0.01347	0.01784	0.01381	0.01067	0.03412	0.32896	0.27790	0.13653	0.03129	0.02875	0.01057	0.00772	0.00241	0.00565	0.00886	0.00826	0.01131
57	0.01597	0.19139	0.55708	0.01932	0.02929	0.01987	0.02423	0.02323	0.01555	0.02220	0.01267	0.01486	0.00943	0.00690	0.00656	0.00219	0.01031	0.00516	0.00314	0.01066
58	0.02080	0.64423	0.06385	0.01326	0.01969	0.04644	0.01322	0.02346	0.01570	0.06520	0.01180	0.01303	0.01014	0.00661	0.00510	0.00168	0.00810	0.00430	0.00361	0.00978
59	0.01564	0.14524	0.60038	0.01988	0.03015	0.01908	0.02520	0.02332	0.01558	0.02259	0.01287	0.01510	0.00942	0.00695	0.00671	0.00224	0.01051	0.00526	0.00314	0.01075
60	0.01465	0.01384	0.02341	0.62342	0.14404	0.01666	0.02093	0.01952	0.01514	0.01973	0.01331	0.01959	0.01017	0.00731	0.00741	0.00244	0.00974	0.00660	0.00335	0.00876
61	0.01088	0.00835	0.01245	0.01230	0.01356	0.00993	0.00962	0.01348	0.01190	0.01726	0.01939	0.02854	0.01813	0.05361	0.67653	0.01151	0.05402	0.00788	0.00394	0.00670
62	0.01053	0.00820	0.00912	0.00886	0.01118	0.00748	0.00681	0.01259	0.01692	0.04822	0.11286	0.06557	0.51916	0.04463	0.01063	0.00275	0.03895	0.05208	0.00682	0.00664
63	0.01079	0.00723	0.00828	0.00828	0.00835	0.00730	0.00473	0.01091	0.01085	0.01453	0.02322	0.04764	0.02658	0.70615	0.07018	0.00743	0.00781	0.01066	0.00447	0.00460
64	0.01251	0.00946	0.01206	0.01272	0.01484	0.00969	0.01057	0.01867	0.12563	0.02480	0.15613	0.08997	0.07576	0.01786	0.00945	0.00302	0.00585	0.37619	0.00720	0.00761
65	0.02641	0.01990	0.02126	0.01672	0.02233	0.02218	0.01367	0.55169	0.15420	0.04387	0.02012	0.01965	0.01448	0.00913	0.00745	0.00228	0.00774	0.00700	0.00745	0.01246
66	0.02822	0.02079	0.02228	0.01708	0.02302	0.02302	0.01411	0.66804	0.03490	0.04679	0.01782	0.01782	0.01262	0.00891	0.00743	0.00223	0.00817	0.00668	0.00743	0.01262
67	0.01061	0.00767	0.01036	0.01195	0.01322	0.00741	0.00956	0.01310	0.01596	0.02080	0.04243	0.33479	0.09033	0.02145	0.00985	0.00320	0.00564	0.35832	0.00686	0.00648
68	0.00921	0.00663	0.00874	0.01012	0.01078	0.00616	0.00686	0.01079	0.01512	0.02029	0.12017	0.63070	0.07260	0.02214	0.00937	0.00292	0.00419	0.02000	0.00705	0.00616
69	0.73865	0.01424	0.01135	0.01000	0.01468	0.01625	0.00824	0.02282	0.01323	0.07967	0.01166	0.01298	0.00876	0.00705	0.00479	0.00230	0.00578	0.00426	0.00491	0.00836
70	0.00903	0.00651	0.00856	0.01020	0.01073	0.00604	0.00683	0.01035	0.01434	0.01900	0.04258	0.70219	0.08010	0.02304	0.00944	0.00299	0.00428	0.02084	0.00689	0.00604
71	0.00904	0.00646	0.00861	0.01034	0.01077	0.00603	0.00689	0.01034	0.01421	0.01895	0.04092	0.73426	0.04910	0.02326	0.00948	0.00301	0.00431	0.02110	0.00689	0.00603
72	0.05301	0.01301	0.01712	0.01322	0.01881	0.01167	0.01090	0.07289	0.02182	0.61909	0.04948	0.02544	0.01943	0.00930	0.00743	0.00229	0.00632	0.00752	0.00892	0.01232
73	0.01587	0.06346	0.63553	0.02060	0.03110	0.01804	0.02609	0.06204	0.01680	0.02468	0.01348	0.01566	0.00960	0.00714	0.00699	0.00232	0.01069	0.00550	0.00339	0.01102
74	0.01097	0.00816	0.01188	0.01177	0.01300	0.00954	0.00909	0.01349	0.01203	0.01762	0.01991	0.02960	0.01869	0.08589	0.61764	0.01089	0.04371	0.00799	0.04154	0.00659
75	0.66246	0.05846	0.01381	0.03350	0.01648	0.01789	0.00918	0.07064	0.01454	0.03292	0.01099	0.01274	0.00854	0.00703	0.00491	0.00226	0.00619	0.00430	0.00468	0.00848
76	0.01052	0.00754	0.00882	0.00886	0.01078	0.00666	0.00644	0.01263	0.01725	0.05468	0.20990	0.20648	0.34193	0.05096	0.01017	0.00278	0.00409	0.01568	0.00720	0.00662
77	0.01324	0.00800	0.01094	0.04563	0.01282	0.00827	0.00771	0.05657	0.01270	0.01689	0.01912	0.10514	0.02018	0.13124	0.02476	0.45157	0.00664	0.03949	0.00428	0.00480
78	0.01539	0.01319	0.01539	0.01100	0.01759	0.00990	0.00880	0.01869	0.01539	0.02419	0.01319	0.01539	0.01100	0.00550	0.00550	0.00110	0.00550	0.00440	0.00440	0.78449
79	0.01490	0.01434	0.02285	0.44053	0.03925	0.01771	0.04955	0.01888	0.01409	0.01935	0.01236	0.01848	0.01002	0.00869	0.01184	0.00256	0.20039	0.00649	0.00340	0.07432
80	0.01197	0.00789	0.01029	0.00952	0.01144	0.00726	0.00712	0.01525	0.02051	0.07136	0.61323	0.05319	0.06458	0.05159	0.01015	0.00258	0.00387	0.01291	0.00805	0.00723
81	0.01816	0.01052	0.01287	0.01175	0.01516	0.01008	0.00940	0.02391	0.13008	0.21847	0.10308	0.09092	0.18553	0.01476	0.00847	0.00261	0.00535	0.11194	0.00777	0.00917
82	0.02778	0.03397	0.02116	0.01893	0.02296	0.64313	0.01432	0.09120	0.02237	0.02093	0.01209	0.01382	0.00986	0.00777	0.00676	0.00194	0.01288	0.00496	0.00417	0.00899
83	0.03331	0.01263	0.01723	0.01321	0.01895	0.01091	0.01091	0.03618	0.02125	0.69794	0.02929	0.02527	0.01838	0.00919	0.00747	0.00230	0.00632	0.00747	0.00919	0.01263
84	0.02590	0.01891	0.02040	0.01615	0.02152	0.02091	0.01312	0.48733	0.15999	0.07556	0.02105	0.02131	0.01544	0.03695	0.00861	0.00248	0.00759	0.00722	0.00743	0.01214
85	0.02870	0.01498	0.01776	0.01404	0.01926	0.03669	0.01143	0.17811	0.07024	0.41520	0.09078	0.02631	0.02214	0.00972	0.00756	0.00229	0.00666	0.00785	0.00840	0.01189
86	0.00893	0.00719	0.00797	0.00849	0.01031	0.00622	0.00609	0.01069	0.01623	0.02010	0.08930	0.28147	0.46090	0.02007	0.00900	0.00266	0.00392	0.01730	0.00695	0.00622
87	0.02567	0.01919	0.02060	0.01641	0.02186	0.02138	0.01335	0.47366	0.21354	0.06275	0.02162	0.02080	0.01559	0.00924	0.00746	0.00231	0.00747	0.00718	0.00752	0.01238
88	0.02510	0.06366	0.02107	0.01732	0.02164	0.38029	0.01353	0.17815	0.10495	0.02634	0.01581	0.01722	0.01253	0.01153	0.05591	0.00274	0.01142	0.00585	0.00510	0.00984
89	0.12822	0.01985	0.01719	0.01469	0.01888	0.17039	0.01163	0.24401	0.08022	0.03210	0.01741	0.01917	0.01352	0.01313	0.07727	0.00311	0.00944	0.00620	0.09380	0.00978
90	0.00984	0.00750	0.00904	0.00880	0.01072	0.00670	0.00654	0.01266	0.01923	0.02586	0.44440	0.10285	0.27508	0.01688	0.00881	0.00243	0.00364	0.01465	0.00767	0.00670
91	0.01813	0.01729	0.02944	0.04435	0.66692	0.01729	0.02237	0.02250	0.01691	0.02418	0.01493	0.02087	0.01294	0.00715	0.00746	0.00225	0.00874	0.03092	0.00380	0.01157
92	0.01500	0.01450	0.02072	0.10868	0.02234	0.01959	0.01547	0.01711	0.01256	0.01870	0.04690	0.08570	0.01644	0.01334	0.02001	0.00308	0.52991	0.00822	0.00384	0.00789
93	0.00913	0.00650	0.00859	0.01023	0.01063	0.00609	0.00677	0.01036	0.01404	0.01872	0.04004	0.70013	0.04800	0.05888	0.01088	0.00322	0.00445	0.02059	0.00677	0.00595
94	0.01578	0.01556	0.02185	0.01887	0.01898	0.02163	0.01567	0.01749	0.01142	0.01781	0.01058	0.01730	0.01047	0.01650	0.08069	0.00396	0.66751	0.00662	0.00331	0.00800
95	0.02015	0.71652	0.03822	0.01295	0.01920	0.05535	0.01277	0.02251	0.01531	0.01749	0.01036	0.01197	0.00953	0.00640	0.00484	0.00160	0.00815	0.00400	0.00320	0.00949
96	0.01744	0.02060	0.06418	0.03097	0.03859	0.01873	0.64603	0.02377	0.01746	0.02377	0.01497	0.01989	0.01121	0.00628	0.00871	0.00250	0.01247	0.00866	0.00374	0.01004
97	0.00919	0.00657	0.00878	0.01051	0.01100	0.00616	0.00715	0.01059	0.01436	0.01912	0.04083	0.70119	0.04878	0.02312	0.00951	0.00304	0.00444	0.05271	0.00689	0.00607
98	0.01676	0.02287	0.16448	0.07011	0.03733	0.01855	0.47532	0.02315	0.01671	0.02315	0.01433	0.01901	0.01076	0.00681	0.00914	0.00251	0.04755	0.00791	0.00359	0.00999
99	0.01374	0.00886	0.01318	0.04632	0.01515	0.00907	0.04211	0.06131	0.01388	0.01842	0.02070	0.11529	0.02144	0.02154	0.02017	0.43726	0.00686	0.10474	0.00455	0.00540
100	0.01787	0.01724	0.02978	0.11888	0.59845	0.01756	0.04636	0.02240	0.01670	0.02366	0.01392	0.01859	0.01154	0.00669	0.00741	0.00225	0.00907	0.00669	0.00364	0.01131
101	0.00961	0.00817	0.00837	0.00833	0.01086	0.00729	0.00624	0.01309	0.07315	0.02092	0.06932	0.10740	0.59464	0.01832	0.00871	0.00254	0.00397	0.01537	0.00695	0.00672
102	0.01492	0.01411	0.02389	0.58174	0.18362	0.01673	0.02106	0.01976	0.01527	0.02006	0.01335	0.01950	0.01028	0.00726	0.00741	0.00242	0.00967	0.00660	0.00338	0.00897
103	0.02237	0.01750	0.01762	0.01530	0.01983	0.08007	0.01201	0.08112	0.46933	0.13867	0.02752	0.02533	0.02010	0.00963	0.00745	0.00241	0.00678	0.00780	0.00747	0.01167
104	0.02512	0.01804	0.01946	0.01545	0.02052	0.01981	0.01274	0.53354	0.03102	0.04246	0.02020	0.02377	0.01560	0.00968	0.00732	0.00224	0.00743	0.05109	0.11306	0.01144
105	0.01714	0.01937	0.06458	0.02020	0.02241	0.09451	0.09431	0.02042	0.03294	0.01928	0.01224	0.01779	0.01102	0.01480	0.07748	0.00368	0.43903	0.00670	0.00355	0.00855

[dist]
# distance from previous block
# <min> <max>
13	62

[block]
# block no. 3 follows, 27 sequences, length 17
# corresponding to MSA columns:
# 290-306
name=unknown_D
#
# <colnr> <probs for GDERKNQSTAVLIFYWHMCP>
#	G	D	E	R	K	N	Q	S	T	A	V	L	I	F	Y	W	H	M	C	P
0	0.01465	0.01382	0.01537	0.01445	0.01655	0.10676	0.03741	0.03722	0.01605	0.02075	0.02755	0.31904	0.03056	0.01631	0.01084	0.00271	0.11023	0.09784	0.00557	0.08634
1	0.05882	0.02692	0.36302	0.07245	0.03111	0.01607	0.14567	0.02210	0.01584	0.02380	0.01480	0.02011	0.01165	0.00742	0.00724	0.00228	0.00999	0.03906	0.00370	0.10794
2	0.01821	0.01320	0.01555	0.01193	0.01766	0.01117	0.00947	0.04930	0.08644	0.11791	0.01951	0.07336	0.01622	0.00799	0.00637	0.00161	0.00567	0.00661	0.00570	0.50612
3	0.03943	0.01210	0.01359	0.01267	0.01579	0.01296	0.00988	0.02632	0.31287	0.04804	0.11143	0.04317	0.05361	0.09565	0.01145	0.00309	0.00582	0.11584	0.00693	0.04935
4	0.02096	0.34758	0.13807	0.01464	0.02091	0.05060	0.01451	0.09945	0.01810	0.10246	0.01521	0.01772	0.01233	0.04696	0.04848	0.00277	0.00915	0.00556	0.00452	0.01003
5	0.02250	0.16125	0.05279	0.02090	0.11875	0.27750	0.01525	0.06119	0.15422	0.02321	0.01584	0.01707	0.01270	0.00779	0.00665	0.00205	0.00981	0.00576	0.00460	0.01018
6	0.07511	0.01065	0.01194	0.05196	0.01603	0.04997	0.01008	0.01661	0.04444	0.02389	0.15911	0.11577	0.12704	0.01651	0.00878	0.00279	0.00602	0.23953	0.00657	0.00720
7	0.02211	0.01586	0.01907	0.01533	0.02009	0.01653	0.05099	0.28839	0.11737	0.10525	0.02336	0.09054	0.01970	0.06416	0.00987	0.00267	0.00721	0.02585	0.00686	0.07881
8	0.15076	0.01320	0.01947	0.40429	0.13043	0.01530	0.01678	0.01888	0.01486	0.02232	0.01905	0.06529	0.06237	0.00901	0.00714	0.00244	0.00822	0.00769	0.00406	0.00843
9	0.01890	0.11637	0.01960	0.01457	0.01786	0.13868	0.01182	0.09532	0.04753	0.05969	0.01723	0.02164	0.01469	0.02778	0.29514	0.00613	0.05707	0.00660	0.00465	0.00873
10	0.04547	0.01008	0.01298	0.06415	0.01742	0.00987	0.01053	0.01824	0.05613	0.05892	0.18479	0.05410	0.06834	0.01459	0.00850	0.00261	0.00585	0.24496	0.00665	0.10584
11	0.01812	0.01656	0.02338	0.01902	0.02243	0.08685	0.14944	0.02130	0.01546	0.08682	0.01695	0.02449	0.01477	0.01705	0.11872	0.00401	0.21233	0.05388	0.00447	0.07395
12	0.06280	0.15567	0.09228	0.01676	0.02210	0.05298	0.09352	0.02302	0.01569	0.11399	0.01490	0.01766	0.01181	0.01184	0.06726	0.00297	0.11341	0.00598	0.00440	0.10096
13	0.02278	0.05535	0.01919	0.05636	0.02126	0.28608	0.01244	0.12908	0.02116	0.07533	0.04832	0.02423	0.07107	0.05344	0.00934	0.00239	0.02731	0.00702	0.00526	0.05260
14	0.01793	0.19704	0.04571	0.01650	0.07255	0.10284	0.03948	0.05089	0.05802	0.05105	0.08445	0.13534	0.07593	0.01140	0.00726	0.00222	0.00751	0.00950	0.00535	0.00904
15	0.01707	0.12691	0.02059	0.01489	0.01772	0.07057	0.01234	0.08225	0.03812	0.02256	0.04941	0.09590	0.06926	0.01263	0.01235	0.00253	0.21737	0.05321	0.00498	0.05934
16	0.05106	0.01480	0.02045	0.05727	0.02296	0.01499	0.11418	0.12228	0.13794	0.08335	0.02335	0.12118	0.02037	0.01050	0.00766	0.00234	0.00730	0.03581	0.00611	0.12612

[dist]
# distance from previous block
# <min> <max>
54	105

[block]
# block no. 4 follows, 27 sequences, length 119
# corresponding to MSA columns:
# 413-531
name=unknown_E
#
# <colnr> <probs for GDERKNQSTAVLIFYWHMCP>
#	G	D	E	R	K	N	Q	S	T	A	V	L	I	F	Y	W	H	M	C	P
0	0.17590	0.02949	0.43514	0.01889	0.02760	0.01697	0.08020	0.05018	0.01610	0.02639	0.01607	0.01814	0.04260	0.00760	0.00680	0.00236	0.00956	0.00603	0.00386	0.01012
1	0.08317	0.23446	0.42653	0.01823	0.02720	0.02068	0.04897	0.02302	0.01533	0.02266	0.01229	0.01449	0.00940	0.00681	0.00627	0.00214	0.00973	0.00507	0.00330	0.01027
2	0.56357	0.01520	0.01369	0.01167	0.01613	0.01749	0.00958	0.12949	0.01653	0.06143	0.01242	0.01415	0.00949	0.00829	0.00711	0.02807	0.04689	0.00483	0.00513	0.00884
3	0.01539	0.01319	0.01539	0.01100	0.01759	0.00990	0.00880	0.01869	0.01539	0.02419	0.01319	0.01539	0.01100	0.00550	0.00550	0.00110	0.00550	0.00440	0.00440	0.78449
4	0.72281	0.01474	0.01170	0.01034	0.01498	0.01704	0.00849	0.05404	0.04091	0.03387	0.01151	0.01298	0.00886	0.00712	0.00485	0.00230	0.00587	0.00433	0.00485	0.00841
5	0.00877	0.00752	0.00752	0.00752	0.01003	0.00627	0.00564	0.01065	0.01692	0.02005	0.07520	0.07144	0.68978	0.01880	0.00877	0.00251	0.00376	0.01567	0.00689	0.00627
6	0.01630	0.23846	0.51290	0.01876	0.02842	0.02068	0.02325	0.02315	0.01551	0.02180	0.01247	0.01461	0.00944	0.00685	0.00640	0.00213	0.01011	0.00506	0.00315	0.01056
7	0.52834	0.01982	0.01369	0.01236	0.01656	0.21020	0.00974	0.02352	0.01552	0.02884	0.05332	0.01516	0.01237	0.00762	0.00544	0.00219	0.00774	0.00482	0.00460	0.00813
8	0.01080	0.00720	0.00810	0.00810	0.00810	0.00720	0.00450	0.01080	0.01080	0.01439	0.02339	0.04858	0.02699	0.73910	0.03779	0.00720	0.00720	0.01080	0.00450	0.00450
9	0.01752	0.02003	0.04380	0.03129	0.03880	0.01877	0.66583	0.02378	0.01752	0.02378	0.01502	0.02003	0.01126	0.00626	0.00876	0.00250	0.01252	0.00876	0.00375	0.01001
10	0.00877	0.00752	0.00752	0.00752	0.01003	0.00627	0.00564	0.01065	0.01692	0.02005	0.07520	0.07144	0.68978	0.01880	0.00877	0.00251	0.00376	0.01567	0.00689	0.00627
11	0.01062	0.00848	0.00890	0.00851	0.01110	0.00763	0.00645	0.06126	0.01855	0.02329	0.12880	0.08787	0.52929	0.01748	0.00856	0.00246	0.00408	0.01464	0.03519	0.00684
12	0.79154	0.01436	0.01091	0.00976	0.01436	0.01665	0.00804	0.02182	0.01263	0.03331	0.01034	0.01206	0.00804	0.00689	0.00459	0.00230	0.00574	0.00402	0.00459	0.00804
13	0.01769	0.43623	0.32731	0.01639	0.02475	0.02409	0.01912	0.02279	0.01534	0.02010	0.01163	0.01355	0.00947	0.00666	0.00576	0.00192	0.00926	0.00463	0.00316	0.01016
14	0.03331	0.01263	0.01723	0.01321	0.01895	0.01091	0.01091	0.03618	0.02125	0.69794	0.02929	0.02527	0.01838	0.00919	0.00747	0.00230	0.00632	0.00747	0.00919	0.01263
15	0.01451	0.01286	0.01724	0.02155	0.22233	0.01308	0.01284	0.02233	0.18979	0.02510	0.09471	0.04287	0.23248	0.01255	0.00807	0.00244	0.00595	0.03367	0.00618	0.00946
16	0.01539	0.01319	0.01539	0.01100	0.01759	0.00990	0.00880	0.01869	0.01539	0.02419	0.01319	0.01539	0.01100	0.00550	0.00550	0.00110	0.00550	0.00440	0.00440	0.78449
17	0.79154	0.01436	0.01091	0.00976	0.01436	0.01665	0.00804	0.02182	0.01263	0.03331	0.01034	0.01206	0.00804	0.00689	0.00459	0.00230	0.00574	0.00402	0.00459	0.00804
18	0.14390	0.02423	0.30161	0.01503	0.02165	0.05012	0.01638	0.08741	0.01737	0.02831	0.01606	0.01834	0.01205	0.00767	0.00618	0.00214	0.00798	0.00571	0.20839	0.00947
19	0.09206	0.01660	0.02748	0.16968	0.47237	0.01738	0.05357	0.02202	0.01613	0.02410	0.01352	0.01812	0.01102	0.00678	0.00717	0.00228	0.00891	0.00647	0.00370	0.01064
20	0.00925	0.00666	0.00877	0.01009	0.01079	0.00618	0.00686	0.01089	0.01531	0.02058	0.13746	0.61092	0.07488	0.02191	0.00934	0.00290	0.00417	0.01978	0.00708	0.00618
21	0.00911	0.00649	0.00860	0.01026	0.01067	0.00607	0.00681	0.01035	0.01409	0.01879	0.04030	0.70997	0.04832	0.04862	0.01048	0.00316	0.00441	0.02074	0.00681	0.00598
22	0.71171	0.01418	0.01158	0.01013	0.01484	0.01605	0.00834	0.02333	0.01354	0.10328	0.01233	0.01345	0.00913	0.00713	0.00490	0.00230	0.00580	0.00438	0.00508	0.00852
23	0.01384	0.00692	0.00692	0.00692	0.00865	0.00692	0.00519	0.01730	0.01557	0.02768	0.02422	0.02768	0.01903	0.00865	0.00519	0.00173	0.00346	0.00692	0.78031	0.00692
24	0.79154	0.01436	0.01091	0.00976	0.01436	0.01665	0.00804	0.02182	0.01263	0.03331	0.01034	0.01206	0.00804	0.00689	0.00459	0.00230	0.00574	0.00402	0.00459	0.00804
25	0.01070	0.00758	0.01005	0.01005	0.01073	0.00826	0.00694	0.01205	0.01137	0.01584	0.02160	0.03868	0.02269	0.39055	0.38046	0.00961	0.01367	0.00935	0.00423	0.00558
26	0.01539	0.01319	0.01539	0.01100	0.01759	0.00990	0.00880	0.01869	0.01539	0.02419	0.01319	0.01539	0.01100	0.00550	0.00550	0.00110	0.00550	0.00440	0.00440	0.78449
27	0.01082	0.00799	0.01016	0.00955	0.01145	0.00753	0.00718	0.01511	0.05294	0.02944	0.63175	0.05475	0.09301	0.01508	0.00870	0.00235	0.00363	0.01327	0.00809	0.00721
28	0.01402	0.01319	0.02227	0.72126	0.05113	0.01649	0.02062	0.01897	0.01484	0.01897	0.01319	0.01979	0.00990	0.00742	0.00742	0.00247	0.00990	0.00660	0.00330	0.00825
29	0.76326	0.01431	0.01132	0.03564	0.01569	0.01665	0.00850	0.02172	0.01271	0.03279	0.01044	0.01234	0.00811	0.00691	0.00470	0.00230	0.00589	0.00411	0.00455	0.00805
30	0.01880	0.01666	0.01694	0.01525	0.01944	0.04365	0.01184	0.03909	0.65539	0.03058	0.02953	0.02718	0.02218	0.00998	0.00752	0.00250	0.00615	0.00826	0.00742	0.01164
31	0.02477	0.01897	0.02080	0.01741	0.04566	0.02115	0.01365	0.46521	0.18992	0.04094	0.02078	0.02071	0.01528	0.01104	0.03643	0.00270	0.00812	0.00715	0.00718	0.01213
32	0.00904	0.00646	0.00861	0.01034	0.01077	0.00603	0.00689	0.01034	0.01421	0.01895	0.04092	0.73426	0.04910	0.02326	0.00948	0.00301	0.00431	0.02110	0.00689	0.00603
33	0.01384	0.00692	0.00692	0.00692	0.00865	0.00692	0.00519	0.01730	0.01557	0.02768	0.02422	0.02768	0.01903	0.00865	0.00519	0.00173	0.00346	0.00692	0.78031	0.00692
34	0.01138	0.00836	0.01115	0.01255	0.01440	0.00813	0.01081	0.01452	0.01706	0.02182	0.04588	0.08149	0.16114	0.02020	0.00998	0.00325	0.00627	0.52806	0.00685	0.00673
35	0.01080	0.00720	0.00810	0.00810	0.00810	0.00720	0.00450	0.01080	0.01080	0.01439	0.02339	0.04858	0.02699	0.73910	0.03779	0.00720	0.00720	0.01080	0.00450	0.00450
36	0.01752	0.02003	0.04380	0.03129	0.03880	0.01877	0.66583	0.02378	0.01752	0.02378	0.01502	0.02003	0.01126	0.00626	0.00876	0.00250	0.01252	0.00876	0.00375	0.01001
37	0.01289	0.00645	0.00967	0.00967	0.00967	0.00645	0.00645	0.00967	0.00967	0.01289	0.01289	0.02257	0.01289	0.02579	0.02901	0.78401	0.00645	0.00645	0.00322	0.00322
38	0.01041	0.00758	0.00979	0.00924	0.01103	0.00696	0.00693	0.01382	0.02078	0.02922	0.65418	0.05636	0.10509	0.01538	0.00876	0.00234	0.00352	0.01355	0.00810	0.00696
39	0.01396	0.01287	0.02165	0.68657	0.04911	0.01600	0.01993	0.01851	0.01459	0.01867	0.01318	0.01993	0.01004	0.00832	0.00847	0.04057	0.00973	0.00659	0.00330	0.00800
40	0.01624	0.01624	0.02274	0.01949	0.01949	0.02274	0.01624	0.01787	0.01137	0.01787	0.00975	0.01624	0.00975	0.01299	0.02436	0.00325	0.72552	0.00650	0.00325	0.00812
41	0.01036	0.00830	0.00996	0.01113	0.01193	0.04389	0.00778	0.01196	0.01410	0.01855	0.03501	0.55042	0.04070	0.02913	0.15403	0.00480	0.00801	0.01752	0.00613	0.00629
42	0.01599	0.02416	0.25664	0.02176	0.03016	0.01558	0.25277	0.02216	0.01626	0.02381	0.01390	0.01716	0.01056	0.00630	0.00720	0.00203	0.00988	0.00634	0.00374	0.24358
43	0.02025	0.70765	0.03800	0.01303	0.01925	0.06386	0.01279	0.02261	0.01539	0.01750	0.01038	0.01198	0.00953	0.00642	0.00486	0.00160	0.00822	0.00401	0.00321	0.00948
44	0.79154	0.01436	0.01091	0.00976	0.01436	0.01665	0.00804	0.02182	0.01263	0.03331	0.01034	0.01206	0.00804	0.00689	0.00459	0.00230	0.00574	0.00402	0.00459	0.00804
45	0.01846	0.01595	0.01679	0.01511	0.01930	0.01846	0.01175	0.03945	0.67938	0.03105	0.03022	0.02770	0.02266	0.01007	0.00755	0.00252	0.00588	0.00839	0.00755	0.01175
46	0.01396	0.01295	0.02122	0.64525	0.04723	0.01600	0.01939	0.01952	0.04851	0.01958	0.01563	0.06059	0.01276	0.00845	0.00754	0.00251	0.00938	0.00751	0.00372	0.00830
47	0.01704	0.02195	0.12516	0.02868	0.03580	0.01902	0.51213	0.02309	0.01660	0.02309	0.01422	0.01905	0.01086	0.00711	0.01028	0.00257	0.09173	0.00809	0.00362	0.00992
48	0.01062	0.00787	0.01149	0.01146	0.01268	0.00899	0.00873	0.01306	0.01221	0.01750	0.04889	0.03211	0.02156	0.11795	0.61671	0.01108	0.01799	0.00845	0.00421	0.00644
49	0.00877	0.00752	0.00752	0.00752	0.01003	0.00627	0.00564	0.01065	0.01692	0.02005	0.07520	0.07144	0.68978	0.01880	0.00877	0.00251	0.00376	0.01567	0.00689	0.00627
50	0.01489	0.03840	0.70064	0.02116	0.03213	0.01724	0.02743	0.02351	0.01567	0.02351	0.01332	0.01567	0.00940	0.00705	0.00705	0.00235	0.01097	0.00549	0.00313	0.01097
51	0.79154	0.01436	0.01091	0.00976	0.01436	0.01665	0.00804	0.02182	0.01263	0.03331	0.01034	0.01206	0.00804	0.00689	0.00459	0.00230	0.00574	0.00402	0.00459	0.00804
52	0.03331	0.01263	0.01723	0.01321	0.01895	0.01091	0.01091	0.03618	0.02125	0.69794	0.02929	0.02527	0.01838	0.00919	0.00747	0.00230	0.00632	0.00747	0.00919	0.01263
53	0.01856	0.01583	0.01679	0.01512	0.01928	0.01823	0.01184	0.06135	0.62952	0.03127	0.03013	0.02957	0.02310	0.01045	0.00766	0.00254	0.00600	0.03364	0.00752	0.01159
54	0.02604	0.03257	0.02129	0.01918	0.02244	0.60830	0.01462	0.02791	0.01962	0.01812	0.01122	0.01381	0.00959	0.00844	0.00929	0.00211	0.11815	0.00503	0.00374	0.00853
55	0.01539	0.01319	0.01539	0.01100	0.01759	0.00990	0.00880	0.01869	0.01539	0.02419	0.01319	0.01539	0.01100	0.00550	0.00550	0.00110	0.00550	0.00440	0.00440	0.78449
56	0.01509	0.06660	0.67418	0.02082	0.03161	0.01773	0.02684	0.02346	0.01565	0.02327	0.01320	0.01552	0.00941	0.00702	0.00696	0.00232	0.01085	0.00543	0.00314	0.01091
57	0.01061	0.00795	0.01193	0.01193	0.01326	0.00928	0.00928	0.01326	0.01193	0.01723	0.01988	0.02916	0.01856	0.05568	0.70968	0.01193	0.01988	0.00795	0.00398	0.00663
58	0.01052	0.00801	0.00972	0.00922	0.01127	0.00744	0.00693	0.01456	0.05487	0.02755	0.50926	0.05776	0.21375	0.01576	0.00870	0.00239	0.00369	0.01369	0.00784	0.00708
59	0.01042	0.00758	0.00980	0.00924	0.01103	0.00697	0.00693	0.01383	0.02080	0.02926	0.65642	0.05630	0.10282	0.01537	0.00876	0.00234	0.00352	0.01354	0.00810	0.00697
60	0.05615	0.01587	0.01650	0.01485	0.01906	0.01838	0.01157	0.03859	0.64688	0.03116	0.02925	0.02694	0.02195	0.00992	0.00741	0.00251	0.00587	0.00818	0.00741	0.01157
61	0.03331	0.01263	0.01723	0.01321	0.01895	0.01091	0.01091	0.03618	0.02125	0.69794	0.02929	0.02527	0.01838	0.00919	0.00747	0.00230	0.00632	0.00747	0.00919	0.01263
62	0.01985	0.74357	0.03890	0.01270	0.01905	0.02937	0.01270	0.02223	0.01508	0.01747	0.01032	0.01191	0.00953	0.00635	0.00476	0.00159	0.00794	0.00397	0.00318	0.00953
63	0.01985	0.74357	0.03890	0.01270	0.01905	0.02937	0.01270	0.02223	0.01508	0.01747	0.01032	0.01191	0.00953	0.00635	0.00476	0.00159	0.00794	0.00397	0.00318	0.00953
64	0.01022	0.00758	0.00952	0.00904	0.01091	0.00688	0.00678	0.01345	0.02033	0.02815	0.58660	0.05812	0.17334	0.01578	0.00876	0.00236	0.00355	0.01380	0.00796	0.00688
65	0.01973	0.71927	0.03836	0.01293	0.01907	0.02915	0.01282	0.02208	0.01496	0.01748	0.01030	0.01205	0.00953	0.00657	0.00542	0.00164	0.03191	0.00405	0.00318	0.00948
66	0.01837	0.01764	0.03013	0.04557	0.69279	0.01764	0.02278	0.02278	0.01690	0.02425	0.01396	0.01837	0.01176	0.00661	0.00735	0.00220	0.00882	0.00661	0.00367	0.01176
67	0.00943	0.00695	0.00888	0.01033	0.01108	0.00658	0.00700	0.01161	0.04293	0.01955	0.04308	0.65325	0.09699	0.02235	0.00934	0.00295	0.00433	0.02014	0.00692	0.00629
68	0.00887	0.00752	0.00765	0.00762	0.01008	0.00631	0.00571	0.01083	0.01714	0.02057	0.10766	0.07060	0.65701	0.01861	0.00877	0.00250	0.00375	0.01555	0.00696	0.00631
69	0.03302	0.01310	0.01751	0.01343	0.01918	0.01160	0.01109	0.07190	0.02202	0.66112	0.02864	0.02485	0.01805	0.00917	0.00746	0.00229	0.00642	0.00742	0.00909	0.01263
