[name]
unknown

[dist]
# distance from previous block
# <min> <max>
0	57

[block]
# block no. 0 follows, 25 sequences, length 22
# corresponding to MSA columns:
# 58-79
name=unknown_A
#
# <colnr> <probs for GDERKNQSTAVLIFYWHMCP>
#	G	D	E	R	K	N	Q	S	T	A	V	L	I	F	Y	W	H	M	C	P
0	0.05323	0.25843	0.11006	0.02025	0.08182	0.20820	0.03698	0.05770	0.01867	0.02247	0.01326	0.01690	0.01134	0.00796	0.00724	0.00212	0.03590	0.02344	0.00397	0.01006
1	0.05166	0.02115	0.10637	0.06328	0.07749	0.04920	0.24411	0.05892	0.01929	0.14328	0.01757	0.02005	0.01265	0.00744	0.00789	0.00236	0.01023	0.00735	0.00512	0.07459
2	0.02161	0.01355	0.01625	0.03515	0.01890	0.01272	0.01056	0.15950	0.02197	0.18339	0.04948	0.09090	0.10308	0.01203	0.00860	0.03250	0.00633	0.00934	0.00705	0.18708
3	0.01239	0.00944	0.01161	0.01248	0.06553	0.00868	0.00845	0.01623	0.05559	0.05829	0.24754	0.08650	0.34495	0.01664	0.00893	0.00255	0.00455	0.01427	0.00749	0.00789
4	0.05925	0.01687	0.01923	0.01529	0.02068	0.01763	0.01239	0.30986	0.08834	0.25438	0.02491	0.05845	0.01844	0.03681	0.00894	0.00262	0.00732	0.00822	0.00812	0.01225
5	0.01080	0.00922	0.03645	0.01002	0.01241	0.00764	0.00808	0.01426	0.02050	0.02802	0.47487	0.06177	0.21224	0.01670	0.00916	0.00254	0.00421	0.04586	0.00794	0.00729
6	0.02452	0.02327	0.02614	0.03216	0.33584	0.19979	0.01873	0.10863	0.04647	0.08550	0.01648	0.01874	0.01284	0.00788	0.00752	0.00225	0.01005	0.00656	0.00505	0.01160
7	0.02006	0.64311	0.12385	0.01440	0.02166	0.02905	0.01525	0.02339	0.01583	0.01905	0.01118	0.01294	0.00993	0.00673	0.00528	0.00176	0.00870	0.00435	0.00331	0.01014
8	0.02858	0.01344	0.01706	0.01382	0.01899	0.01281	0.01116	0.03609	0.17306	0.46093	0.10039	0.03039	0.02607	0.01049	0.00796	0.00246	0.00617	0.00870	0.00908	0.01234
9	0.01081	0.00792	0.01014	0.00959	0.01148	0.00725	0.00719	0.01432	0.02157	0.03019	0.62206	0.05940	0.12672	0.01619	0.00915	0.00245	0.00368	0.01423	0.00842	0.00725
10	0.01375	0.01216	0.01714	0.01565	0.01622	0.01583	0.01246	0.01570	0.01216	0.01808	0.01706	0.05188	0.01718	0.10196	0.29733	0.00745	0.33820	0.00841	0.00397	0.00740
11	0.01860	0.02007	0.08925	0.08485	0.58439	0.01831	0.02409	0.02363	0.01741	0.02493	0.01448	0.01903	0.01195	0.00700	0.00765	0.00233	0.00948	0.00680	0.00376	0.01199
12	0.00941	0.00690	0.00884	0.01039	0.01114	0.00633	0.00702	0.01084	0.01524	0.01995	0.04772	0.63231	0.13820	0.02364	0.00979	0.00308	0.00442	0.02125	0.00720	0.00633
13	0.01830	0.02092	0.04575	0.03268	0.04052	0.01961	0.65098	0.02484	0.01830	0.02484	0.01569	0.02092	0.01176	0.00654	0.00915	0.00261	0.01307	0.00915	0.00392	0.01046
14	0.01129	0.00896	0.01271	0.01527	0.07185	0.00929	0.01004	0.01313	0.01504	0.02044	0.03691	0.54156	0.04327	0.02147	0.01129	0.00313	0.07468	0.06605	0.00652	0.00711
15	0.02411	0.01340	0.01746	0.01465	0.01809	0.01433	0.01178	0.10373	0.01977	0.29312	0.02571	0.12000	0.02131	0.03223	0.05214	0.00337	0.14823	0.00953	0.04661	0.01043
16	0.00991	0.00708	0.00952	0.01132	0.01197	0.00669	0.00800	0.01159	0.01530	0.02031	0.04248	0.62667	0.05028	0.02386	0.01002	0.00321	0.00490	0.11328	0.00719	0.00642
17	0.00962	0.00686	0.00915	0.01077	0.01124	0.00653	0.00720	0.01097	0.01456	0.01948	0.04076	0.65586	0.04859	0.05933	0.04579	0.00382	0.00546	0.02084	0.00693	0.00625
18	0.01872	0.29705	0.38533	0.01862	0.02759	0.08555	0.02166	0.02465	0.01666	0.02169	0.01257	0.01469	0.00988	0.00715	0.00644	0.00212	0.01052	0.00507	0.00336	0.01067
19	0.70024	0.01661	0.01261	0.01115	0.01598	0.05706	0.00910	0.05543	0.01489	0.03459	0.01126	0.01298	0.00873	0.00735	0.00508	0.00237	0.00659	0.00439	0.00490	0.00868
20	0.01137	0.00869	0.00915	0.00877	0.01165	0.00761	0.00666	0.01464	0.05567	0.06179	0.10339	0.06824	0.56820	0.01832	0.00901	0.00260	0.00420	0.01529	0.00745	0.00731
21	0.01930	0.02210	0.12919	0.07903	0.17200	0.04013	0.22174	0.02772	0.11826	0.06495	0.01828	0.02120	0.01372	0.00767	0.00812	0.00249	0.01038	0.00773	0.00473	0.01126

[dist]
# distance from previous block
# <min> <max>
0	1

[block]
# block no. 1 follows, 25 sequences, length 42
# corresponding to MSA columns:
# 81-122
name=unknown_B
#
# <colnr> <probs for GDERKNQSTAVLIFYWHMCP>
#	G	D	E	R	K	N	Q	S	T	A	V	L	I	F	Y	W	H	M	C	P
0	0.07029	0.20067	0.02526	0.01621	0.02132	0.18208	0.01349	0.13503	0.13024	0.07589	0.01731	0.01785	0.01341	0.00862	0.00752	0.00219	0.04035	0.00599	0.00555	0.01074
1	0.01644	0.10951	0.43568	0.02298	0.03253	0.01916	0.16824	0.02378	0.01667	0.02369	0.01544	0.05274	0.01238	0.00795	0.00764	0.00244	0.01113	0.00717	0.00363	0.01080
2	0.02367	0.24375	0.02819	0.02076	0.11795	0.20211	0.01505	0.05734	0.13212	0.06314	0.01681	0.01782	0.01339	0.00801	0.00671	0.00209	0.00947	0.00593	0.00494	0.01078
3	0.01804	0.02015	0.04234	0.06641	0.06066	0.01979	0.54641	0.02404	0.01761	0.02409	0.01510	0.02052	0.01158	0.00719	0.01037	0.00267	0.07017	0.00877	0.00385	0.01026
4	0.00945	0.00675	0.00900	0.01080	0.01125	0.00630	0.00720	0.01080	0.01484	0.01979	0.04274	0.72245	0.05128	0.02429	0.00990	0.00315	0.00450	0.02204	0.00720	0.00630
5	0.01123	0.00824	0.01007	0.01010	0.01052	0.00872	0.00663	0.01200	0.01255	0.01687	0.03050	0.16031	0.08336	0.43537	0.08926	0.00649	0.06413	0.01287	0.00517	0.00562
6	0.03089	0.01305	0.01724	0.01366	0.01897	0.01177	0.01109	0.08471	0.02270	0.54020	0.06339	0.08914	0.02429	0.01119	0.00805	0.00246	0.00642	0.00931	0.00918	0.01228
7	0.03440	0.01382	0.01838	0.01409	0.02011	0.01233	0.01164	0.08306	0.02324	0.63776	0.02971	0.02582	0.01875	0.00958	0.00779	0.00239	0.00674	0.00774	0.00946	0.01319
8	0.70826	0.01488	0.01254	0.07757	0.01870	0.01738	0.00966	0.02250	0.01342	0.03334	0.01108	0.01337	0.00858	0.00725	0.00508	0.00242	0.00642	0.00446	0.00467	0.00842
9	0.02812	0.02009	0.02323	0.02063	0.09734	0.02175	0.01523	0.47361	0.07887	0.11084	0.02035	0.02024	0.01447	0.00916	0.00776	0.00235	0.00823	0.00719	0.00751	0.01302
10	0.00940	0.00691	0.00883	0.01036	0.01113	0.00633	0.00700	0.01085	0.01526	0.01996	0.04805	0.62622	0.14408	0.02360	0.00979	0.00307	0.00441	0.02120	0.00720	0.00633
11	0.01089	0.00828	0.01034	0.01145	0.01341	0.00773	0.00940	0.01360	0.01745	0.02197	0.05550	0.15275	0.28548	0.02106	0.01003	0.00316	0.00563	0.32789	0.00717	0.00682
12	0.02947	0.02172	0.02327	0.01784	0.02404	0.02404	0.01474	0.65329	0.03646	0.04887	0.01862	0.01862	0.01319	0.00931	0.00776	0.00233	0.00853	0.00698	0.00776	0.01319
13	0.01584	0.01490	0.02554	0.45437	0.15380	0.01726	0.07609	0.02075	0.01599	0.02177	0.01471	0.02083	0.01145	0.00788	0.00857	0.00252	0.04436	0.00711	0.05697	0.00930
14	0.02629	0.02093	0.02211	0.05971	0.04789	0.07534	0.01477	0.48292	0.03134	0.04117	0.01993	0.08469	0.01632	0.01044	0.00789	0.00239	0.00872	0.00823	0.00701	0.01190
15	0.02073	0.73217	0.04063	0.01327	0.01990	0.03068	0.01327	0.02322	0.01575	0.01824	0.01078	0.01244	0.00995	0.00663	0.00498	0.00166	0.00829	0.00415	0.00332	0.00995
16	0.01108	0.00831	0.01246	0.01246	0.01385	0.00969	0.00969	0.01385	0.01246	0.01800	0.02077	0.03046	0.01938	0.05815	0.69678	0.01246	0.02077	0.00831	0.00415	0.00692
17	0.01726	0.03492	0.48745	0.02403	0.08322	0.07103	0.05341	0.02555	0.04962	0.02430	0.01460	0.01728	0.01084	0.00782	0.00839	0.00247	0.04689	0.00613	0.00364	0.01118
18	0.02043	0.67518	0.03929	0.01383	0.01994	0.03013	0.01356	0.02285	0.01545	0.01828	0.01073	0.01280	0.00997	0.00719	0.00661	0.00180	0.06447	0.00436	0.00332	0.00983
19	0.01086	0.00792	0.01020	0.00963	0.01151	0.00727	0.00722	0.01440	0.02167	0.03043	0.63603	0.05901	0.11260	0.01610	0.00915	0.00245	0.00368	0.01418	0.00845	0.00727
20	0.01097	0.00793	0.01036	0.00975	0.01158	0.00732	0.00732	0.01463	0.02195	0.03109	0.67505	0.05792	0.07316	0.01585	0.00914	0.00244	0.00366	0.01402	0.00854	0.00732
21	0.01945	0.01573	0.01685	0.01508	0.01939	0.01780	0.01175	0.03866	0.57413	0.07081	0.05466	0.03196	0.05697	0.01108	0.00799	0.00261	0.00598	0.00925	0.00798	0.01189
22	0.01555	0.04011	0.68733	0.02210	0.03356	0.01801	0.02865	0.02455	0.01637	0.02455	0.01391	0.01637	0.00982	0.00737	0.00737	0.00246	0.01146	0.00573	0.00327	0.01146
23	0.01464	0.01378	0.02326	0.70887	0.05340	0.01723	0.02153	0.01981	0.01550	0.01981	0.01378	0.02067	0.01034	0.00775	0.00775	0.00258	0.01034	0.00689	0.00345	0.00861
24	0.02690	0.01985	0.02139	0.01705	0.02273	0.02205	0.01387	0.44955	0.21169	0.07772	0.02287	0.02191	0.01644	0.00966	0.00780	0.00242	0.00776	0.00752	0.00789	0.01293
25	0.00916	0.00785	0.00785	0.00785	0.01047	0.00655	0.00589	0.01113	0.01767	0.02095	0.07855	0.07462	0.67599	0.01964	0.00916	0.00262	0.00393	0.01636	0.00720	0.00655
26	0.03041	0.01421	0.01796	0.01422	0.01972	0.01355	0.01159	0.10188	0.11324	0.48082	0.07433	0.02812	0.02294	0.01013	0.00790	0.00243	0.00653	0.00828	0.00909	0.01266
27	0.06899	0.09163	0.05400	0.02700	0.20123	0.32076	0.04973	0.02672	0.01886	0.02208	0.01269	0.01575	0.01060	0.00768	0.00781	0.00219	0.04260	0.00571	0.00388	0.01008
28	0.01226	0.00902	0.01117	0.01163	0.01313	0.00903	0.00838	0.06521	0.06573	0.02513	0.15543	0.43818	0.04911	0.04434	0.01049	0.00308	0.00502	0.04872	0.00745	0.00746
29	0.01445	0.00723	0.00723	0.00723	0.00903	0.00723	0.00542	0.01807	0.01626	0.02891	0.02529	0.02891	0.01987	0.00903	0.00542	0.00181	0.00361	0.00723	0.77055	0.00723
30	0.75158	0.01527	0.01188	0.01051	0.01536	0.01767	0.00866	0.04850	0.01414	0.03536	0.01112	0.01284	0.00859	0.00728	0.00492	0.00240	0.00610	0.00431	0.00492	0.00859
31	0.01108	0.00831	0.01246	0.01246	0.01385	0.00969	0.00969	0.01385	0.01246	0.01800	0.02077	0.03046	0.01938	0.05815	0.69678	0.01246	0.02077	0.00831	0.00415	0.00692
32	0.01625	0.01393	0.01615	0.01171	0.01847	0.01081	0.00935	0.02066	0.05023	0.02564	0.01472	0.01675	0.01213	0.00599	0.00586	0.00123	0.00576	0.00481	0.00477	0.73477
33	0.00945	0.00675	0.00900	0.01080	0.01125	0.00630	0.00720	0.01080	0.01484	0.01979	0.04274	0.72245	0.05128	0.02429	0.00990	0.00315	0.00450	0.02204	0.00720	0.00630
34	0.01445	0.00723	0.00723	0.00723	0.00903	0.00723	0.00542	0.01807	0.01626	0.02891	0.02529	0.02891	0.01987	0.00903	0.00542	0.00181	0.00361	0.00723	0.77055	0.00723
35	0.02101	0.01716	0.02220	0.13978	0.02772	0.07150	0.09087	0.13756	0.02103	0.09094	0.04670	0.02202	0.01578	0.00868	0.00852	0.00225	0.05251	0.00716	0.08675	0.10986
36	0.02700	0.03121	0.02181	0.09720	0.02693	0.50687	0.01542	0.07602	0.06075	0.04458	0.01447	0.01639	0.01139	0.00826	0.00721	0.00214	0.01245	0.00567	0.00463	0.00959
37	0.02385	0.07270	0.01943	0.01371	0.01911	0.03543	0.01107	0.19031	0.02241	0.17974	0.02083	0.04779	0.01683	0.08991	0.01068	0.00260	0.00727	0.00731	0.00655	0.20246
38	0.00960	0.00685	0.00917	0.01097	0.01148	0.00643	0.00746	0.01105	0.01499	0.01996	0.04265	0.69134	0.05096	0.02415	0.00994	0.00317	0.00463	0.05168	0.00719	0.00634
39	0.01715	0.01441	0.01665	0.01199	0.01883	0.01143	0.00963	0.07002	0.01770	0.02715	0.01417	0.01628	0.01162	0.00603	0.00590	0.00124	0.00596	0.00478	0.00485	0.71421
40	0.02587	0.01745	0.01940	0.01526	0.02067	0.01834	0.01240	0.39626	0.05128	0.12333	0.04115	0.05619	0.01832	0.00997	0.00754	0.00224	0.00722	0.00790	0.06849	0.08072
41	0.02000	0.38483	0.24931	0.01663	0.02463	0.07777	0.01817	0.02466	0.01672	0.04695	0.01284	0.01459	0.01035	0.00705	0.00607	0.00195	0.00959	0.00490	0.00367	0.04931

[dist]
# distance from previous block
# <min> <max>
0	2

[block]
# block no. 2 follows, 25 sequences, length 65
# corresponding to MSA columns:
# 125-189
name=unknown_C
#
# <colnr> <probs for GDERKNQSTAVLIFYWHMCP>
#	G	D	E	R	K	N	Q	S	T	A	V	L	I	F	Y	W	H	M	C	P
0	0.01554	0.01312	0.01867	0.37764	0.03526	0.04097	0.01553	0.01986	0.01793	0.06095	0.19100	0.03015	0.02770	0.00980	0.00787	0.00235	0.00798	0.00851	0.00530	0.09386
1	0.02147	0.01657	0.01971	0.06188	0.06368	0.01661	0.01307	0.21378	0.11667	0.07007	0.01992	0.04689	0.01570	0.00864	0.00719	0.00203	0.00715	0.00706	0.00628	0.26565
2	0.01564	0.01422	0.02263	0.51881	0.07992	0.01733	0.01970	0.05899	0.01694	0.02242	0.05149	0.02267	0.01448	0.01045	0.03362	0.00295	0.05739	0.00734	0.00405	0.00896
3	0.01791	0.01712	0.02916	0.23360	0.50313	0.01809	0.02316	0.02267	0.01705	0.02378	0.01436	0.01961	0.01173	0.00715	0.00770	0.00238	0.00953	0.00690	0.00373	0.01125
4	0.78228	0.01499	0.01140	0.01020	0.01499	0.01739	0.00840	0.02279	0.01320	0.03479	0.01080	0.01260	0.00840	0.00720	0.00480	0.00240	0.00600	0.00420	0.00480	0.00840
5	0.01659	0.01610	0.02702	0.35808	0.23375	0.01882	0.05598	0.02108	0.01569	0.02154	0.01352	0.01962	0.01097	0.00842	0.01080	0.00264	0.12903	0.00700	0.00358	0.00979
6	0.01108	0.00831	0.01246	0.01246	0.01385	0.00969	0.00969	0.01385	0.01246	0.01800	0.02077	0.03046	0.01938	0.05815	0.69678	0.01246	0.02077	0.00831	0.00415	0.00692
7	0.01492	0.01416	0.02331	0.62699	0.04947	0.01800	0.02099	0.01967	0.01507	0.01967	0.01335	0.02023	0.01032	0.00844	0.00986	0.00268	0.09394	0.00688	0.00344	0.00860
8	0.00927	0.00786	0.00801	0.00797	0.01054	0.00659	0.00598	0.01134	0.01793	0.02156	0.11467	0.07361	0.63949	0.01941	0.00916	0.00261	0.00391	0.01622	0.00728	0.00659
9	0.02947	0.02172	0.02327	0.01784	0.02404	0.02404	0.01474	0.65329	0.03646	0.04887	0.01862	0.01862	0.01319	0.00931	0.00776	0.00233	0.00853	0.00698	0.00776	0.01319
10	0.01025	0.00742	0.00952	0.01092	0.01173	0.00704	0.00743	0.03707	0.01588	0.02104	0.04371	0.65812	0.08401	0.02342	0.00977	0.00309	0.00463	0.02112	0.00722	0.00659
11	0.01891	0.01813	0.03096	0.08888	0.64008	0.01835	0.02365	0.02355	0.01752	0.02499	0.01453	0.01928	0.01216	0.00696	0.00768	0.00232	0.00928	0.00691	0.00381	0.01205
12	0.01577	0.06955	0.65982	0.02172	0.03298	0.01855	0.02799	0.02450	0.01634	0.02429	0.01378	0.01620	0.00983	0.00734	0.00726	0.00242	0.01132	0.00566	0.00328	0.01139
13	0.01696	0.01696	0.02375	0.02036	0.02036	0.02375	0.01696	0.01866	0.01187	0.01866	0.01018	0.01696	0.01018	0.01357	0.02545	0.00339	0.71332	0.00679	0.00339	0.00848
14	0.01762	0.01671	0.02836	0.23444	0.47395	0.01769	0.02269	0.02235	0.01705	0.02367	0.01544	0.02240	0.01305	0.00774	0.00782	0.00243	0.00945	0.03224	0.00386	0.01103
15	0.01097	0.00793	0.01036	0.00975	0.01158	0.00732	0.00732	0.01463	0.02195	0.03109	0.67505	0.05792	0.07316	0.01585	0.00914	0.00244	0.00366	0.01402	0.00854	0.00732
16	0.01108	0.00831	0.01246	0.01246	0.01385	0.00969	0.00969	0.01385	0.01246	0.01800	0.02077	0.03046	0.01938	0.05815	0.69678	0.01246	0.02077	0.00831	0.00415	0.00692
17	0.02073	0.73217	0.04063	0.01327	0.01990	0.03068	0.01327	0.02322	0.01575	0.01824	0.01078	0.01244	0.00995	0.00663	0.00498	0.00166	0.00829	0.00415	0.00332	0.00995
18	0.00963	0.00689	0.00916	0.01067	0.01129	0.00642	0.00721	0.01126	0.01570	0.02115	0.11848	0.64285	0.05390	0.02328	0.00981	0.00306	0.00440	0.02108	0.00736	0.00642
19	0.01698	0.01961	0.09855	0.18969	0.03622	0.01921	0.23451	0.05604	0.01692	0.02337	0.01561	0.05909	0.01321	0.00951	0.01193	0.00276	0.15477	0.00838	0.00403	0.00963
20	0.01555	0.04011	0.68733	0.02210	0.03356	0.01801	0.02865	0.02455	0.01637	0.02455	0.01391	0.01637	0.00982	0.00737	0.00737	0.00246	0.01146	0.00573	0.00327	0.01146
21	0.01967	0.01725	0.01754	0.01597	0.02014	0.05845	0.01261	0.07467	0.51199	0.03153	0.03074	0.03438	0.02472	0.01159	0.00816	0.00269	0.00687	0.08195	0.00756	0.01152
22	0.01418	0.01172	0.01751	0.21006	0.05590	0.01387	0.01411	0.06663	0.01536	0.02115	0.01807	0.02676	0.01609	0.07251	0.35068	0.00774	0.04753	0.00783	0.00422	0.00809
23	0.01355	0.01095	0.01677	0.04707	0.17865	0.01098	0.01444	0.01695	0.01706	0.02286	0.03394	0.20606	0.03690	0.01799	0.00968	0.00313	0.00719	0.32132	0.00621	0.00827
24	0.01116	0.00797	0.01076	0.01076	0.01156	0.00877	0.00758	0.01276	0.01196	0.01674	0.02232	0.03905	0.02311	0.34178	0.41825	0.01037	0.01515	0.00957	0.00438	0.00598
25	0.01445	0.00723	0.00723	0.00723	0.00903	0.00723	0.00542	0.01807	0.01626	0.02891	0.02529	0.02891	0.01987	0.00903	0.00542	0.00181	0.00361	0.00723	0.77055	0.00723
26	0.02899	0.06071	0.02422	0.01759	0.02382	0.02441	0.01466	0.61870	0.03532	0.04718	0.01819	0.01828	0.01301	0.00916	0.00760	0.00229	0.00852	0.00683	0.00751	0.01301
27	0.07255	0.01774	0.01959	0.01581	0.02130	0.01904	0.01295	0.32594	0.15037	0.15705	0.02400	0.02583	0.01788	0.01010	0.00772	0.00244	0.00739	0.04592	0.00779	0.03860
28	0.18069	0.07454	0.09375	0.04870	0.13145	0.14801	0.01647	0.14022	0.02081	0.05625	0.01432	0.01631	0.01099	0.00778	0.00675	0.00225	0.00944	0.00571	0.00490	0.01066
29	0.01445	0.00723	0.00723	0.00723	0.00903	0.00723	0.00542	0.01807	0.01626	0.02891	0.02529	0.02891	0.01987	0.00903	0.00542	0.00181	0.00361	0.00723	0.77055	0.00723
30	0.01095	0.00744	0.00986	0.01049	0.01168	0.00688	0.00739	0.01328	0.01792	0.04795	0.29274	0.43445	0.05880	0.02043	0.00952	0.00284	0.00424	0.01836	0.00781	0.00695
31	0.01019	0.00789	0.00927	0.00893	0.01110	0.00698	0.00670	0.01311	0.02009	0.02668	0.41555	0.06518	0.33542	0.01750	0.00915	0.00252	0.00378	0.01504	0.00795	0.00698
32	0.02498	0.20494	0.09448	0.05003	0.02531	0.35138	0.01622	0.10318	0.02133	0.02302	0.01277	0.01472	0.01036	0.00774	0.00666	0.00203	0.01150	0.00519	0.00418	0.00997
33	0.02947	0.02172	0.02327	0.01784	0.02404	0.02404	0.01474	0.65329	0.03646	0.04887	0.01862	0.01862	0.01319	0.00931	0.00776	0.00233	0.00853	0.00698	0.00776	0.01319
34	0.01697	0.01628	0.02803	0.36495	0.35558	0.01789	0.04505	0.02192	0.01664	0.02266	0.01424	0.01996	0.01133	0.00730	0.00777	0.00245	0.00989	0.00698	0.00365	0.01045
35	0.03322	0.01406	0.01833	0.01423	0.02012	0.01289	0.01170	0.08122	0.07291	0.58951	0.02982	0.02604	0.01912	0.00965	0.00780	0.00241	0.00670	0.00781	0.00934	0.01312
36	0.01126	0.00756	0.00868	0.00868	0.00876	0.00764	0.00498	0.01142	0.01134	0.01520	0.02422	0.04959	0.02769	0.68969	0.07660	0.00780	0.00827	0.01111	0.00467	0.00482
37	0.11056	0.01511	0.01787	0.01424	0.01962	0.01503	0.01159	0.20340	0.02445	0.37522	0.02636	0.09044	0.01950	0.01069	0.00767	0.00245	0.00686	0.00857	0.00834	0.01201
38	0.51251	0.01802	0.07927	0.04114	0.08429	0.01745	0.06673	0.02381	0.01484	0.06151	0.01288	0.01520	0.00975	0.00726	0.00592	0.00242	0.00759	0.00528	0.00467	0.00946
39	0.06026	0.01962	0.02107	0.04472	0.02360	0.02194	0.01394	0.45364	0.16249	0.04281	0.02261	0.02230	0.03595	0.00972	0.00769	0.00241	0.00785	0.00751	0.00746	0.01239
40	0.00945	0.00675	0.00900	0.01080	0.01125	0.00630	0.00720	0.01080	0.01484	0.01979	0.04274	0.72245	0.05128	0.02429	0.00990	0.00315	0.00450	0.02204	0.00720	0.00630
41	0.04944	0.02235	0.07035	0.03112	0.09062	0.05964	0.47833	0.05349	0.01900	0.02600	0.01523	0.01972	0.01154	0.00684	0.00858	0.00252	0.01225	0.00827	0.00410	0.01061
42	0.04875	0.14817	0.49221	0.01944	0.02937	0.01972	0.02373	0.04263	0.01689	0.04554	0.01394	0.01595	0.01023	0.00731	0.00685	0.00227	0.01029	0.00547	0.00372	0.03751
43	0.01836	0.03237	0.49202	0.02242	0.08748	0.01645	0.02445	0.02579	0.01766	0.11985	0.05640	0.02058	0.01522	0.00816	0.00756	0.00243	0.01009	0.00663	0.00455	0.01153
44	0.01464	0.01378	0.02326	0.70887	0.05340	0.01723	0.02153	0.01981	0.01550	0.01981	0.01378	0.02067	0.01034	0.00775	0.00775	0.00258	0.01034	0.00689	0.00345	0.00861
45	0.01942	0.01299	0.01358	0.01179	0.01529	0.01415	0.00929	0.19119	0.15414	0.03492	0.02480	0.02618	0.01888	0.00941	0.00654	0.00211	0.00543	0.00748	0.41256	0.00984
46	0.02406	0.07810	0.02121	0.01561	0.02057	0.02011	0.01273	0.40235	0.06923	0.06156	0.06182	0.13126	0.02328	0.01189	0.00795	0.00243	0.00738	0.00965	0.00741	0.01143
47	0.01585	0.01582	0.15021	0.01317	0.01771	0.01080	0.01254	0.04909	0.02151	0.11528	0.42623	0.04353	0.05046	0.01301	0.00854	0.00243	0.00586	0.01120	0.00756	0.00919
48	0.01002	0.00713	0.00904	0.01023	0.01085	0.00673	0.00683	0.01135	0.01482	0.01969	0.07840	0.48360	0.08289	0.16704	0.01588	0.00399	0.00514	0.04353	0.00676	0.00608
49	0.02372	0.48005	0.03386	0.01570	0.02138	0.27209	0.01389	0.02603	0.01801	0.01851	0.01122	0.01300	0.00996	0.00713	0.00571	0.00178	0.01036	0.00445	0.00356	0.00960
50	0.01679	0.01520	0.05571	0.01361	0.01835	0.01355	0.01131	0.11326	0.07835	0.02861	0.10097	0.10572	0.02550	0.03909	0.00984	0.00232	0.05237	0.00897	0.00599	0.28447
51	0.08546	0.04288	0.12777	0.01646	0.05916	0.01390	0.03197	0.06397	0.02042	0.20186	0.17919	0.03296	0.05246	0.01084	0.00785	0.00243	0.00708	0.02599	0.00690	0.01045
52	0.01902	0.01824	0.03116	0.07297	0.65513	0.01838	0.02371	0.02364	0.01757	0.02512	0.01455	0.01925	0.01221	0.00694	0.00768	0.00231	0.00925	0.00691	0.00382	0.01214
53	0.00965	0.00718	0.00900	0.01001	0.01115	0.00653	0.00695	0.01153	0.01666	0.02200	0.16014	0.47329	0.18385	0.02186	0.00961	0.00292	0.00423	0.01948	0.00743	0.00653
54	0.07072	0.07251	0.14410	0.02215	0.09027	0.42798	0.01785	0.02816	0.01965	0.02154	0.01246	0.01477	0.01009	0.00765	0.00688	0.00212	0.01225	0.00522	0.00386	0.00978
55	0.12153	0.06923	0.30913	0.11603	0.03069	0.09572	0.02068	0.07945	0.01838	0.05051	0.01410	0.01654	0.01037	0.00768	0.00695	0.00236	0.01025	0.00570	0.00421	0.01050
56	0.00977	0.00788	0.00869	0.00849	0.01084	0.00680	0.00637	0.01230	0.01910	0.02433	0.27743	0.06905	0.47500	0.01837	0.00916	0.00256	0.00384	0.01558	0.00765	0.00680
57	0.00994	0.00711	0.00952	0.01103	0.01178	0.00669	0.00776	0.01179	0.01599	0.02147	0.11657	0.57907	0.05315	0.02301	0.00989	0.00311	0.00467	0.08359	0.00735	0.00650
58	0.15947	0.04631	0.04528	0.37953	0.11286	0.01809	0.01824	0.06242	0.01676	0.02555	0.01391	0.01865	0.01068	0.00764	0.00698	0.00243	0.00900	0.00625	0.03056	0.00940
59	0.01153	0.00927	0.04136	0.01284	0.03685	0.00781	0.00934	0.01393	0.01663	0.04837	0.13854	0.48727	0.04967	0.02080	0.00956	0.00298	0.00513	0.06367	0.00720	0.00724
60	0.01126	0.00754	0.00857	0.00853	0.00864	0.00751	0.00485	0.01147	0.01191	0.01599	0.06297	0.05117	0.03085	0.68536	0.03767	0.00722	0.00729	0.01144	0.00493	0.00485
61	0.43184	0.13886	0.11337	0.01466	0.05495	0.04336	0.01301	0.02277	0.01490	0.02867	0.01550	0.01719	0.04867	0.00788	0.00569	0.00228	0.00749	0.00530	0.00440	0.00922
62	0.19160	0.25193	0.08052	0.01520	0.02071	0.23361	0.01364	0.02512	0.01757	0.02348	0.05289	0.01612	0.01355	0.00782	0.00603	0.00204	0.00954	0.00517	0.00418	0.00927
63	0.06229	0.01368	0.04620	0.05979	0.08063	0.01329	0.01251	0.14982	0.02072	0.02917	0.11261	0.27706	0.03517	0.01546	0.00862	0.00271	0.00656	0.03812	0.00662	0.00898
64	0.21459	0.06808	0.06421	0.01671	0.05038	0.11972	0.01357	0.20403	0.04559	0.03334	0.05503	0.04852	0.01658	0.00924	0.00687	0.00231	0.00836	0.00684	0.00572	0.01032

[dist]
# distance from previous block
# <min> <max>
0	8

[block]
# block no. 3 follows, 25 sequences, length 7
# corresponding to MSA columns:
# 198-204
name=unknown_D
#
# <colnr> <probs for GDERKNQSTAVLIFYWHMCP>
#	G	D	E	R	K	N	Q	S	T	A	V	L	I	F	Y	W	H	M	C	P
0	0.32065	0.14370	0.17782	0.04378	0.10524	0.01967	0.01642	0.02318	0.01513	0.02748	0.01222	0.01470	0.00967	0.00707	0.00593	0.00223	0.00822	0.00500	0.00401	0.03787
1	0.04843	0.06133	0.12593	0.04581	0.18668	0.16678	0.01716	0.02272	0.01872	0.02407	0.11994	0.02813	0.08292	0.00980	0.00758	0.00229	0.00914	0.00802	0.00481	0.00973
2	0.08749	0.09820	0.02083	0.01885	0.10289	0.15934	0.01350	0.08771	0.02037	0.02656	0.10898	0.03467	0.05902	0.01153	0.00817	0.00243	0.02697	0.09765	0.00558	0.00927
3	0.43542	0.01608	0.05109	0.10024	0.14973	0.01662	0.01388	0.02166	0.01465	0.02933	0.01488	0.07797	0.01326	0.00873	0.00629	0.00247	0.00728	0.00670	0.00459	0.00915
4	0.08743	0.37891	0.09172	0.06791	0.02309	0.12186	0.01459	0.02300	0.01639	0.02068	0.01450	0.08066	0.01373	0.00870	0.00615	0.00206	0.00901	0.00632	0.00392	0.00937
5	0.01256	0.01126	0.01081	0.01179	0.01269	0.10691	0.00796	0.01380	0.01535	0.01897	0.03555	0.51996	0.04186	0.12597	0.01385	0.00363	0.00633	0.01797	0.00636	0.00645
6	0.50359	0.08602	0.01513	0.09215	0.01913	0.01723	0.01000	0.02180	0.01417	0.03050	0.01326	0.01590	0.01045	0.00747	0.00525	0.00226	0.00639	0.00495	0.11593	0.00841

[dist]
# distance from previous block
# <min> <max>
16	35

[block]
# block no. 4 follows, 25 sequences, length 21
# corresponding to MSA columns:
# 242-262
name=unknown_E
#
# <colnr> <probs for GDERKNQSTAVLIFYWHMCP>
#	G	D	E	R	K	N	Q	S	T	A	V	L	I	F	Y	W	H	M	C	P
0	0.10933	0.04891	0.30017	0.02228	0.05291	0.01817	0.16647	0.07123	0.01851	0.02814	0.07609	0.02100	0.01637	0.00806	0.00760	0.00244	0.01004	0.00720	0.00446	0.01059
1	0.08117	0.00955	0.03639	0.01094	0.01239	0.00887	0.00821	0.03503	0.01322	0.04129	0.07713	0.05484	0.02025	0.02216	0.02287	0.52158	0.00652	0.00784	0.00449	0.00526
2	0.07901	0.00897	0.01077	0.01065	0.01298	0.00862	0.00846	0.01591	0.01907	0.05458	0.30945	0.06237	0.16347	0.04361	0.01023	0.00293	0.00501	0.15900	0.00754	0.00738
3	0.78228	0.01499	0.01140	0.01020	0.01499	0.01739	0.00840	0.02279	0.01320	0.03479	0.01080	0.01260	0.00840	0.00720	0.00480	0.00240	0.00600	0.00420	0.00480	0.00840
4	0.01814	0.08094	0.01854	0.01185	0.01864	0.01233	0.00976	0.02146	0.01658	0.08186	0.01496	0.01663	0.01201	0.00616	0.00585	0.00130	0.00606	0.00483	0.00491	0.63719
5	0.02997	0.02092	0.02278	0.01746	0.02365	0.02286	0.01442	0.59570	0.03512	0.10834	0.01974	0.01934	0.01375	0.00933	0.00776	0.00233	0.00835	0.00706	0.00793	0.01319
6	0.02827	0.09657	0.02366	0.01929	0.02362	0.60487	0.01482	0.06147	0.02216	0.02041	0.01221	0.01408	0.01014	0.00794	0.00685	0.00198	0.01322	0.00502	0.00412	0.00928
7	0.03479	0.01320	0.01799	0.01380	0.01979	0.01140	0.01140	0.03779	0.02219	0.68451	0.03059	0.02639	0.01919	0.00960	0.00780	0.00240	0.00660	0.00780	0.00960	0.01320
8	0.00952	0.00787	0.00834	0.00822	0.01069	0.00670	0.00617	0.01181	0.01850	0.02292	0.19444	0.07137	0.55887	0.01890	0.00916	0.00258	0.00388	0.01591	0.00746	0.00670
9	0.01584	0.07872	0.65125	0.02161	0.03280	0.01871	0.02779	0.02448	0.01634	0.02420	0.01374	0.01615	0.00983	0.00733	0.00723	0.00241	0.01128	0.00564	0.00328	0.01137
10	0.78228	0.01499	0.01140	0.01020	0.01499	0.01739	0.00840	0.02279	0.01320	0.03479	0.01080	0.01260	0.00840	0.00720	0.00480	0.00240	0.00600	0.00420	0.00480	0.00840
11	0.01108	0.00831	0.01246	0.01246	0.01385	0.00969	0.00969	0.01385	0.01246	0.01800	0.02077	0.03046	0.01938	0.05815	0.69678	0.01246	0.02077	0.00831	0.00415	0.00692
12	0.01084	0.00792	0.01017	0.00961	0.01150	0.00726	0.00721	0.01436	0.02162	0.03032	0.62939	0.05920	0.11930	0.01614	0.00915	0.00245	0.00368	0.01420	0.00843	0.00726
13	0.01608	0.01378	0.01608	0.01148	0.01837	0.01034	0.00919	0.01952	0.01608	0.02527	0.01378	0.01608	0.01148	0.00574	0.00574	0.00115	0.00574	0.00459	0.00459	0.77491
14	0.01650	0.01668	0.03174	0.11784	0.17079	0.01682	0.28397	0.02121	0.01684	0.02313	0.05004	0.05494	0.01804	0.08173	0.01249	0.00309	0.04099	0.00929	0.00427	0.00960
15	0.11436	0.15465	0.02605	0.24937	0.13576	0.02043	0.01727	0.02133	0.01519	0.02249	0.01250	0.01706	0.01038	0.00793	0.00890	0.00235	0.09640	0.00586	0.00372	0.05802
16	0.01851	0.21060	0.14264	0.23297	0.11475	0.02182	0.04684	0.08149	0.01806	0.02381	0.01364	0.01739	0.01071	0.00738	0.00700	0.00226	0.00979	0.00607	0.00385	0.01041
17	0.01833	0.08213	0.06681	0.26292	0.05757	0.01885	0.05276	0.14316	0.01973	0.02652	0.01664	0.07203	0.01418	0.00917	0.00831	0.00239	0.03975	0.00766	0.00468	0.07641
18	0.09208	0.09861	0.02304	0.06445	0.13128	0.13874	0.03048	0.09255	0.02018	0.04792	0.09204	0.02559	0.06817	0.00967	0.00791	0.00229	0.03233	0.00760	0.00525	0.00981
19	0.04325	0.01683	0.05960	0.01532	0.04240	0.01601	0.01240	0.28494	0.02445	0.03477	0.02389	0.10984	0.04727	0.01265	0.03228	0.00261	0.00745	0.00889	0.10281	0.10234
20	0.02020	0.08562	0.06329	0.02996	0.32222	0.04095	0.01833	0.12010	0.02100	0.05158	0.07629	0.02689	0.04478	0.00931	0.00772	0.00233	0.00843	0.03455	0.00525	0.01120

[dist]
# distance from previous block
# <min> <max>
12	144

[block]
# block no. 5 follows, 25 sequences, length 14
# corresponding to MSA columns:
# 463-476
name=unknown_F
#
# <colnr> <probs for GDERKNQSTAVLIFYWHMCP>
#	G	D	E	R	K	N	Q	S	T	A	V	L	I	F	Y	W	H	M	C	P
0	0.01345	0.01146	0.01188	0.01255	0.05415	0.06722	0.00789	0.03397	0.01536	0.01940	0.03515	0.13164	0.15726	0.32937	0.02210	0.00468	0.00701	0.01234	0.00549	0.04761
1	0.09325	0.07638	0.02211	0.01743	0.02186	0.31524	0.01379	0.20846	0.02375	0.02876	0.01427	0.01725	0.01176	0.04708	0.00979	0.00249	0.05537	0.00589	0.00511	0.00996
2	0.01747	0.26316	0.43418	0.01882	0.02826	0.02220	0.02260	0.02520	0.05812	0.02302	0.01404	0.01591	0.01076	0.00733	0.00662	0.00221	0.01009	0.00541	0.00359	0.01102
3	0.01238	0.00888	0.01178	0.01285	0.01445	0.00891	0.01060	0.01610	0.04259	0.02317	0.11290	0.07569	0.04450	0.13546	0.01510	0.00404	0.00675	0.42995	0.00694	0.00696
4	0.05930	0.55827	0.03562	0.01427	0.02048	0.10519	0.01335	0.07736	0.01809	0.02172	0.01158	0.01314	0.01015	0.00704	0.00543	0.00179	0.00885	0.00448	0.00384	0.01004
5	0.01128	0.00752	0.00846	0.00846	0.00846	0.00752	0.00470	0.01128	0.01128	0.01503	0.02443	0.05074	0.02819	0.72751	0.03946	0.00752	0.00752	0.01128	0.00470	0.00470
6	0.01568	0.01274	0.01465	0.01423	0.01739	0.01397	0.01146	0.02867	0.35238	0.02891	0.12005	0.05294	0.06076	0.01500	0.00899	0.00290	0.00605	0.20571	0.00771	0.00979
7	0.02844	0.02116	0.02327	0.06618	0.02610	0.02357	0.01521	0.60898	0.03499	0.04683	0.01828	0.01876	0.01299	0.00920	0.00776	0.00234	0.00866	0.00697	0.00745	0.01287
8	0.01882	0.01799	0.08187	0.01570	0.02064	0.01771	0.01333	0.03693	0.51523	0.06083	0.06712	0.03075	0.04703	0.01078	0.00795	0.00259	0.00646	0.00898	0.00753	0.01177
9	0.00950	0.00777	0.00838	0.00844	0.01073	0.00665	0.00625	0.01169	0.01814	0.02256	0.17653	0.13047	0.51711	0.01942	0.00923	0.00264	0.00393	0.01648	0.00743	0.00665
10	0.00937	0.00781	0.00822	0.00848	0.01085	0.00666	0.00638	0.01137	0.01743	0.02097	0.07322	0.13401	0.58436	0.02016	0.00932	0.00272	0.00416	0.05077	0.00720	0.00656
11	0.01796	0.01412	0.01513	0.01453	0.01792	0.05754	0.01168	0.02868	0.28458	0.08629	0.03751	0.08088	0.08421	0.01498	0.00888	0.00288	0.00673	0.19820	0.00747	0.00983
12	0.01954	0.08457	0.14533	0.02135	0.02840	0.11512	0.21549	0.06016	0.01883	0.02519	0.01521	0.01835	0.01179	0.00718	0.00730	0.00213	0.01041	0.00662	0.07352	0.11351
13	0.02029	0.67364	0.09532	0.01401	0.02106	0.02961	0.01457	0.02333	0.01581	0.01878	0.01104	0.01277	0.00994	0.00670	0.00518	0.00173	0.00856	0.00428	0.00331	0.01008

[dist]
# distance from previous block
# <min> <max>
0	1

[block]
# block no. 6 follows, 25 sequences, length 14
# corresponding to MSA columns:
# 478-491
name=unknown_G
#
# <colnr> <probs for GDERKNQSTAVLIFYWHMCP>
#	G	D	E	R	K	N	Q	S	T	A	V	L	I	F	Y	W	H	M	C	P
0	0.07465	0.03500	0.55731	0.02188	0.06730	0.01734	0.02553	0.02378	0.01653	0.02578	0.05353	0.01874	0.01367	0.00784	0.00729	0.00244	0.01044	0.00618	0.00374	0.01102
1	0.01230	0.00999	0.01281	0.01269	0.01425	0.05094	0.00983	0.01506	0.01320	0.01853	0.02043	0.02940	0.01884	0.05301	0.62544	0.01137	0.01962	0.00806	0.03718	0.00706
2	0.02863	0.02214	0.02274	0.01779	0.02373	0.06026	0.01455	0.57015	0.08626	0.04592	0.01930	0.01919	0.01386	0.00933	0.00773	0.00233	0.00864	0.00702	0.00756	0.01288
3	0.01031	0.00790	0.00944	0.00906	0.01118	0.00703	0.00679	0.01335	0.02038	0.02737	0.45618	0.06405	0.29436	0.01724	0.00915	0.00250	0.00376	0.01488	0.00805	0.00703
4	0.02827	0.02078	0.02229	0.01722	0.02301	0.02295	0.01407	0.61079	0.03479	0.04663	0.01900	0.02074	0.01418	0.05685	0.00986	0.00267	0.00846	0.00727	0.00755	0.01262
5	0.01919	0.01842	0.03147	0.04759	0.67914	0.01842	0.02380	0.02380	0.01765	0.02533	0.01458	0.01919	0.01228	0.00691	0.00768	0.00230	0.00921	0.00691	0.00384	0.01228
6	0.09622	0.01199	0.01425	0.01418	0.05300	0.01211	0.01032	0.07543	0.08711	0.09069	0.13041	0.16906	0.08506	0.01464	0.00835	0.00262	0.00576	0.06659	0.00718	0.04502
7	0.02042	0.01582	0.01912	0.01636	0.07055	0.01482	0.01207	0.17740	0.02135	0.06986	0.01751	0.05754	0.01462	0.00836	0.00767	0.00182	0.03987	0.00664	0.00571	0.40248
8	0.07810	0.01491	0.01674	0.01383	0.03939	0.01432	0.01056	0.19672	0.02200	0.03282	0.08263	0.04287	0.02009	0.03730	0.00808	0.00208	0.00639	0.00713	0.04187	0.31218
9	0.31373	0.01774	0.02159	0.01682	0.02251	0.06576	0.14997	0.07341	0.01826	0.08140	0.05024	0.01890	0.01430	0.00776	0.00671	0.00227	0.00821	0.00641	0.00533	0.09869
10	0.01933	0.01913	0.07432	0.06014	0.02588	0.05379	0.12763	0.17683	0.12075	0.03085	0.07254	0.13608	0.02457	0.01158	0.00840	0.00257	0.00859	0.01038	0.00626	0.01038
11	0.05229	0.01703	0.06108	0.05615	0.22648	0.01653	0.01642	0.06192	0.18320	0.08557	0.07478	0.07151	0.02285	0.01013	0.00787	0.00249	0.00746	0.00884	0.00616	0.01123
12	0.02128	0.12557	0.11016	0.02511	0.12281	0.01952	0.20046	0.07732	0.04519	0.10944	0.01786	0.02013	0.01330	0.00761	0.00758	0.00232	0.00965	0.00722	0.04625	0.01123
13	0.05860	0.01853	0.04585	0.01816	0.07456	0.07520	0.01377	0.08080	0.24152	0.19538	0.02519	0.02568	0.01861	0.00958	0.00761	0.00242	0.00759	0.02904	0.00715	0.04478

[dist]
# distance from previous block
# <min> <max>
27	270

[block]
# block no. 7 follows, 25 sequences, length 13
# corresponding to MSA columns:
# 767-779
name=unknown_H
#
# <colnr> <probs for GDERKNQSTAVLIFYWHMCP>
#	G	D	E	R	K	N	Q	S	T	A	V	L	I	F	Y	W	H	M	C	P
0	0.07741	0.06469	0.05473	0.01960	0.05672	0.06448	0.08979	0.12977	0.05288	0.09931	0.02197	0.02823	0.04131	0.01059	0.00980	0.00259	0.08722	0.07269	0.00577	0.01044
1	0.02468	0.04863	0.02043	0.04780	0.02208	0.04985	0.01307	0.38393	0.02826	0.08785	0.02326	0.14645	0.02034	0.01178	0.00791	0.00243	0.00781	0.00956	0.03266	0.01120
2	0.10814	0.05201	0.02171	0.06328	0.09244	0.07341	0.01443	0.28529	0.09630	0.03596	0.01805	0.01939	0.01362	0.00861	0.00708	0.00229	0.00823	0.00659	0.06190	0.01126
3	0.08861	0.02549	0.29908	0.01973	0.04647	0.01638	0.08944	0.02396	0.07409	0.02692	0.09295	0.02259	0.01883	0.00856	0.00803	0.00237	0.03308	0.00716	0.00468	0.09157
4	0.12268	0.01681	0.01667	0.01440	0.01904	0.06872	0.01138	0.07716	0.29903	0.15642	0.04940	0.02849	0.06568	0.01042	0.00752	0.00248	0.00675	0.00826	0.00747	0.01120
5	0.07364	0.06971	0.06194	0.04350	0.15924	0.01473	0.01439	0.02154	0.09164	0.02656	0.16218	0.09831	0.03320	0.01257	0.00813	0.00257	0.00687	0.08386	0.00598	0.00942
6	0.09725	0.00957	0.01084	0.01126	0.01332	0.00957	0.00807	0.01684	0.10165	0.02362	0.03789	0.45858	0.07990	0.01892	0.00871	0.00282	0.00494	0.01666	0.00684	0.06277
7	0.01876	0.01798	0.03069	0.11044	0.61967	0.01831	0.02358	0.02342	0.01745	0.02481	0.01451	0.01933	0.01210	0.00699	0.00768	0.00233	0.00932	0.00691	0.00380	0.01193
8	0.02672	0.02016	0.02177	0.01675	0.02291	0.02166	0.01373	0.51288	0.08184	0.04413	0.01890	0.01904	0.01374	0.00888	0.00747	0.00218	0.00794	0.00677	0.00730	0.12526
9	0.02763	0.01841	0.02008	0.01566	0.02113	0.01990	0.01285	0.48154	0.03159	0.11638	0.02103	0.02115	0.01494	0.00930	0.00738	0.00225	0.00752	0.00711	0.13192	0.01222
10	0.00956	0.00680	0.00896	0.01065	0.01107	0.00637	0.00704	0.01083	0.01462	0.01949	0.04158	0.68023	0.04983	0.06849	0.01176	0.00342	0.00469	0.02137	0.00704	0.00620
11	0.01868	0.01791	0.03056	0.12121	0.60948	0.01829	0.02354	0.02335	0.01742	0.02472	0.01450	0.01936	0.01207	0.00700	0.00768	0.00233	0.00934	0.00691	0.00379	0.01187
12	0.02229	0.01739	0.02070	0.01632	0.02154	0.01840	0.05310	0.29099	0.12678	0.05912	0.04264	0.02659	0.06871	0.02972	0.00952	0.00246	0.04366	0.00814	0.00684	0.11508

[dist]
# distance from previous block
# <min> <max>
0	2

[block]
# block no. 8 follows, 25 sequences, length 14
# corresponding to MSA columns:
# 782-795
name=unknown_I
#
# <colnr> <probs for GDERKNQSTAVLIFYWHMCP>
#	G	D	E	R	K	N	Q	S	T	A	V	L	I	F	Y	W	H	M	C	P
0	0.07472	0.02005	0.07375	0.02041	0.08999	0.01940	0.04431	0.29773	0.08249	0.13734	0.02110	0.02318	0.01561	0.00931	0.00773	0.00244	0.00831	0.03300	0.00692	0.01220
1	0.02049	0.01875	0.02975	0.04227	0.56408	0.01917	0.02209	0.10409	0.05185	0.02865	0.01593	0.01960	0.01296	0.00739	0.00770	0.00232	0.00897	0.00701	0.00453	0.01240
2	0.01920	0.01913	0.02927	0.16041	0.51679	0.07354	0.02268	0.02369	0.01763	0.02385	0.01423	0.01902	0.01176	0.00714	0.00763	0.00233	0.00980	0.00675	0.00378	0.01137
3	0.01490	0.01159	0.03435	0.01253	0.01521	0.01096	0.00960	0.09142	0.10071	0.05612	0.12450	0.35009	0.04111	0.04278	0.00999	0.00290	0.00553	0.01516	0.00731	0.04322
4	0.11976	0.02561	0.02035	0.04875	0.02357	0.29045	0.01391	0.19512	0.10438	0.06008	0.01693	0.01775	0.01276	0.00862	0.00711	0.00226	0.01010	0.00610	0.00579	0.01060
5	0.01452	0.01362	0.02258	0.63460	0.04941	0.01707	0.02056	0.01930	0.01526	0.01974	0.01499	0.05492	0.01234	0.00890	0.00888	0.00266	0.05088	0.00763	0.00363	0.00849
6	0.02733	0.02039	0.02183	0.01711	0.02279	0.02263	0.01393	0.54728	0.11043	0.04517	0.02046	0.02149	0.01521	0.04607	0.00939	0.00263	0.00819	0.00741	0.00762	0.01264
7	0.01097	0.00793	0.01036	0.00975	0.01158	0.00732	0.00732	0.01463	0.02195	0.03109	0.67505	0.05792	0.07316	0.01585	0.00914	0.00244	0.00366	0.01402	0.00854	0.00732
8	0.02057	0.01729	0.01826	0.01604	0.02065	0.01989	0.01258	0.11844	0.58580	0.03451	0.02992	0.02763	0.02235	0.01037	0.00787	0.00259	0.00644	0.00854	0.00787	0.01239
9	0.01347	0.00673	0.01010	0.01010	0.01010	0.00673	0.00673	0.01010	0.01010	0.01347	0.01347	0.02357	0.01347	0.02694	0.03030	0.77441	0.00673	0.00673	0.00337	0.00337
10	0.03479	0.01320	0.01799	0.01380	0.01979	0.01140	0.01140	0.03779	0.02219	0.68451	0.03059	0.02639	0.01919	0.00960	0.00780	0.00240	0.00660	0.00780	0.00960	0.01320
11	0.02073	0.73217	0.04063	0.01327	0.01990	0.03068	0.01327	0.02322	0.01575	0.01824	0.01078	0.01244	0.00995	0.00663	0.00498	0.00166	0.00829	0.00415	0.00332	0.00995
12	0.01722	0.12078	0.39049	0.02616	0.10494	0.02001	0.16443	0.02436	0.01686	0.02391	0.01399	0.01720	0.01054	0.00704	0.00750	0.00237	0.01117	0.00642	0.00349	0.01114
13	0.02047	0.02075	0.03051	0.07088	0.42300	0.10547	0.10078	0.06094	0.01929	0.02548	0.01553	0.02120	0.01303	0.00769	0.00789	0.00236	0.01025	0.02896	0.00419	0.01132

[dist]
# distance from previous block
# <min> <max>
11	76

[block]
# block no. 9 follows, 25 sequences, length 33
# corresponding to MSA columns:
# 873-905
name=unknown_J
#
# <colnr> <probs for GDERKNQSTAVLIFYWHMCP>
#	G	D	E	R	K	N	Q	S	T	A	V	L	I	F	Y	W	H	M	C	P
0	0.08484	0.29078	0.04257	0.01324	0.01813	0.11037	0.01164	0.02268	0.01813	0.06911	0.15637	0.05774	0.02605	0.00988	0.00665	0.00206	0.00755	0.00755	0.00532	0.03934
1	0.07677	0.26644	0.20538	0.01916	0.02654	0.16105	0.09698	0.02532	0.01732	0.02209	0.01246	0.01486	0.01004	0.00713	0.00652	0.00211	0.01072	0.00536	0.00363	0.01010
2	0.08136	0.22877	0.11841	0.01703	0.02289	0.17190	0.01582	0.13622	0.02030	0.02600	0.01312	0.01529	0.01069	0.00957	0.02801	0.00246	0.06218	0.00537	0.00439	0.01020
3	0.01670	0.01408	0.01485	0.01539	0.04607	0.09654	0.01153	0.08847	0.04564	0.04679	0.07874	0.19820	0.08329	0.01707	0.00919	0.00287	0.00714	0.19211	0.00689	0.00845
4	0.01517	0.01498	0.09846	0.01452	0.01810	0.01247	0.03594	0.15366	0.01994	0.02687	0.03333	0.32783	0.07328	0.04705	0.04137	0.00344	0.00751	0.04099	0.00647	0.00862
5	0.01409	0.01268	0.02094	0.59407	0.04636	0.01548	0.01908	0.01829	0.01517	0.01938	0.01801	0.05102	0.04418	0.01045	0.00964	0.06195	0.00952	0.00793	0.00377	0.00802
6	0.01185	0.00856	0.01131	0.01080	0.01179	0.00839	0.04188	0.03317	0.01462	0.01993	0.09529	0.21773	0.03700	0.39267	0.02518	0.00529	0.00659	0.01390	0.02802	0.00604
7	0.02625	0.02196	0.22314	0.01650	0.02385	0.01455	0.01674	0.08223	0.05069	0.35971	0.06544	0.02480	0.01946	0.00933	0.00775	0.00242	0.00804	0.00754	0.00736	0.01225
8	0.02463	0.01796	0.01974	0.01604	0.02078	0.01961	0.01282	0.49194	0.03082	0.04128	0.02336	0.16411	0.02106	0.01319	0.00921	0.03698	0.00762	0.01008	0.00745	0.01133
9	0.03479	0.01320	0.01799	0.01380	0.01979	0.01140	0.01140	0.03779	0.02219	0.68451	0.03059	0.02639	0.01919	0.00960	0.00780	0.00240	0.00660	0.00780	0.00960	0.01320
10	0.06858	0.03837	0.64059	0.02128	0.03227	0.01796	0.02725	0.02443	0.01615	0.02526	0.01370	0.01611	0.00972	0.00735	0.00719	0.00245	0.01108	0.00562	0.00338	0.01125
11	0.03479	0.01320	0.01799	0.01380	0.01979	0.01140	0.01140	0.03779	0.02219	0.68451	0.03059	0.02639	0.01919	0.00960	0.00780	0.00240	0.00660	0.00780	0.00960	0.01320
12	0.01423	0.00721	0.00731	0.00739	0.00913	0.00718	0.00550	0.01774	0.01620	0.02850	0.02608	0.06025	0.02129	0.00972	0.00562	0.00187	0.00365	0.00790	0.73605	0.00718
13	0.03479	0.01320	0.01799	0.01380	0.01979	0.01140	0.01140	0.03779	0.02219	0.68451	0.03059	0.02639	0.01919	0.00960	0.00780	0.00240	0.00660	0.00780	0.00960	0.01320
14	0.01410	0.01052	0.01339	0.04485	0.03730	0.01059	0.01087	0.04422	0.08821	0.05245	0.18235	0.06199	0.16608	0.01668	0.00931	0.00286	0.00589	0.21262	0.00739	0.00832
15	0.03479	0.01320	0.01799	0.01380	0.01979	0.01140	0.01140	0.03779	0.02219	0.68451	0.03059	0.02639	0.01919	0.00960	0.00780	0.00240	0.00660	0.00780	0.00960	0.01320
16	0.00945	0.00675	0.00900	0.01080	0.01125	0.00630	0.00720	0.01080	0.01484	0.01979	0.04274	0.72245	0.05128	0.02429	0.00990	0.00315	0.00450	0.02204	0.00720	0.00630
17	0.02830	0.02243	0.02236	0.01759	0.02339	0.08556	0.01434	0.54940	0.05699	0.04445	0.02072	0.02067	0.03824	0.00962	0.00774	0.00232	0.00878	0.00721	0.00739	0.01251
