[name]
unknown

[dist]
# distance from previous block
# <min> <max>
6	21

[block]
# block no. 0 follows, 26 sequences, length 59
# corresponding to MSA columns:
# 21-79
name=unknown_A
#
# <colnr> <probs for GDERKNQSTAVLIFYWHMCP>
#	G	D	E	R	K	N	Q	S	T	A	V	L	I	F	Y	W	H	M	C	P
0	0.02448	0.01826	0.02014	0.01624	0.02157	0.01967	0.01347	0.47027	0.05784	0.04089	0.02201	0.02971	0.01834	0.01084	0.00790	0.00239	0.00778	0.11198	0.00722	0.07899
1	0.01207	0.00863	0.01199	0.10174	0.01698	0.00851	0.00913	0.01564	0.02011	0.05612	0.51699	0.10344	0.05964	0.01486	0.00877	0.00246	0.00462	0.01317	0.00764	0.00749
2	0.02256	0.02185	0.02324	0.02586	0.21862	0.17454	0.01640	0.17732	0.09711	0.02888	0.01887	0.02091	0.03762	0.01083	0.03771	0.00271	0.04186	0.00695	0.00527	0.01090
3	0.01121	0.00767	0.00994	0.00983	0.01151	0.00702	0.00719	0.01407	0.01941	0.05490	0.44749	0.22739	0.10848	0.01762	0.00908	0.00257	0.00393	0.01562	0.00797	0.00709
4	0.05536	0.01994	0.02329	0.08017	0.10625	0.02204	0.01582	0.50417	0.03081	0.04205	0.01704	0.01823	0.01237	0.00861	0.00747	0.00230	0.00848	0.00671	0.00665	0.01223
5	0.01103	0.00735	0.00827	0.00827	0.00827	0.00735	0.00460	0.01103	0.01103	0.01471	0.02390	0.04964	0.02758	0.73343	0.03861	0.00735	0.00735	0.01103	0.00460	0.00460
6	0.01567	0.01376	0.02186	0.59775	0.04648	0.01679	0.01941	0.08166	0.01681	0.02174	0.01392	0.02022	0.01060	0.00904	0.00912	0.05646	0.00969	0.00674	0.00378	0.00851
7	0.00903	0.00742	0.00795	0.00837	0.01043	0.00635	0.00607	0.01081	0.01662	0.02022	0.06843	0.23028	0.53118	0.02030	0.00914	0.00269	0.00398	0.01734	0.00704	0.00635
8	0.01573	0.01348	0.01573	0.01123	0.01798	0.01011	0.00899	0.01910	0.01573	0.02472	0.01348	0.01573	0.01123	0.00562	0.00562	0.00112	0.00562	0.00449	0.00449	0.77980
9	0.01084	0.00813	0.01219	0.01219	0.01354	0.00948	0.00948	0.01354	0.01219	0.01761	0.02032	0.02980	0.01896	0.05689	0.70337	0.01219	0.02032	0.00813	0.00406	0.00677
10	0.01085	0.00776	0.01052	0.01058	0.01137	0.00852	0.00746	0.01244	0.01182	0.01653	0.02256	0.06453	0.02356	0.32205	0.41485	0.00993	0.01460	0.00979	0.00439	0.00589
11	0.01887	0.01629	0.01715	0.01544	0.01972	0.01887	0.01201	0.04031	0.67241	0.03173	0.03087	0.02830	0.02315	0.01029	0.00772	0.00257	0.00600	0.00858	0.00772	0.01201
12	0.01708	0.02032	0.09058	0.02564	0.03016	0.02088	0.31495	0.02155	0.01490	0.02155	0.01277	0.01834	0.01065	0.00957	0.01600	0.00289	0.33159	0.00762	0.00355	0.00944
13	0.01318	0.00659	0.00988	0.00988	0.00988	0.00659	0.00659	0.00988	0.00988	0.01318	0.01318	0.02306	0.01318	0.02635	0.02964	0.77931	0.00659	0.00659	0.00329	0.00329
14	0.78701	0.01467	0.01115	0.00997	0.01467	0.01702	0.00821	0.02230	0.01291	0.03403	0.01056	0.01232	0.00821	0.00704	0.00469	0.00235	0.00587	0.00411	0.00469	0.00821
15	0.01764	0.02231	0.10858	0.03095	0.03897	0.01903	0.59659	0.02427	0.01772	0.02427	0.01517	0.02002	0.01132	0.00647	0.00878	0.00254	0.01263	0.00862	0.00377	0.01033
16	0.02736	0.02217	0.02346	0.04759	0.02519	0.08856	0.03825	0.52813	0.03197	0.04193	0.01700	0.01789	0.01233	0.00896	0.00815	0.00230	0.03322	0.00671	0.00677	0.01206
17	0.00928	0.00673	0.00877	0.01030	0.01096	0.00622	0.00695	0.01073	0.01499	0.01986	0.06816	0.65352	0.09935	0.02311	0.00960	0.00302	0.00433	0.02085	0.00709	0.00622
18	0.00949	0.00680	0.00903	0.01039	0.01106	0.00633	0.00706	0.01120	0.01570	0.02124	0.15049	0.61445	0.05380	0.02236	0.00956	0.00296	0.00426	0.02023	0.00726	0.00633
19	0.01050	0.00774	0.00982	0.00930	0.01119	0.00706	0.00698	0.01387	0.02093	0.02912	0.60325	0.05879	0.15124	0.01599	0.00895	0.00241	0.00361	0.01402	0.00818	0.00706
20	0.01414	0.00707	0.00707	0.00707	0.00884	0.00707	0.00530	0.01767	0.01591	0.02828	0.02474	0.02828	0.01944	0.00884	0.00530	0.00177	0.00353	0.00707	0.77554	0.00707
21	0.78701	0.01467	0.01115	0.00997	0.01467	0.01702	0.00821	0.02230	0.01291	0.03403	0.01056	0.01232	0.00821	0.00704	0.00469	0.00235	0.00587	0.00411	0.00469	0.00821
22	0.02883	0.02125	0.02276	0.01745	0.02352	0.02352	0.01442	0.66082	0.03566	0.04780	0.01821	0.01821	0.01290	0.00911	0.00759	0.00228	0.00835	0.00683	0.00759	0.01290
23	0.01880	0.13473	0.39119	0.01865	0.04969	0.01734	0.02070	0.02499	0.01747	0.13561	0.08307	0.02127	0.01747	0.00828	0.00711	0.00227	0.00911	0.00657	0.00478	0.01090
24	0.01689	0.01392	0.01710	0.10523	0.02289	0.01198	0.01102	0.05052	0.03980	0.04795	0.01487	0.01722	0.01184	0.00633	0.00611	0.00146	0.00638	0.00515	0.00477	0.58856
25	0.14196	0.00994	0.01106	0.01059	0.01305	0.01015	0.00809	0.05593	0.04656	0.02914	0.31573	0.16708	0.09477	0.01544	0.00830	0.00256	0.00467	0.04005	0.00728	0.00765
26	0.00931	0.00665	0.00886	0.01051	0.01102	0.00621	0.00705	0.01074	0.01485	0.01988	0.07177	0.69704	0.05117	0.02338	0.00965	0.00305	0.00436	0.02120	0.00710	0.00621
27	0.78701	0.01467	0.01115	0.00997	0.01467	0.01702	0.00821	0.02230	0.01291	0.03403	0.01056	0.01232	0.00821	0.00704	0.00469	0.00235	0.00587	0.00411	0.00469	0.00821
28	0.02836	0.01993	0.02173	0.01683	0.02263	0.02177	0.01383	0.58238	0.03361	0.09723	0.02020	0.05080	0.01504	0.00979	0.00769	0.00232	0.00802	0.00756	0.00771	0.01260
29	0.17259	0.00825	0.01014	0.00990	0.01087	0.00874	0.00692	0.01244	0.01051	0.01747	0.01264	0.02085	0.01215	0.02237	0.02450	0.61926	0.00644	0.00608	0.00358	0.00431
30	0.02663	0.11619	0.02305	0.01831	0.02246	0.59724	0.01411	0.02863	0.02062	0.01856	0.01420	0.01588	0.03673	0.00812	0.00670	0.00194	0.01264	0.00523	0.00396	0.00881
31	0.01067	0.00770	0.01008	0.00959	0.01132	0.00711	0.00715	0.01414	0.02116	0.02992	0.65328	0.08692	0.07061	0.01588	0.00898	0.00242	0.00362	0.01407	0.00829	0.00711
32	0.01850	0.01774	0.03029	0.08796	0.64686	0.01795	0.02314	0.02304	0.01714	0.02445	0.01422	0.01886	0.01190	0.00681	0.00751	0.00227	0.00908	0.00676	0.00373	0.01179
33	0.01831	0.01755	0.02995	0.11637	0.61993	0.01790	0.02305	0.02287	0.01705	0.02422	0.01419	0.01892	0.01182	0.00684	0.00752	0.00228	0.00913	0.00676	0.00371	0.01164
34	0.78701	0.01467	0.01115	0.00997	0.01467	0.01702	0.00821	0.02230	0.01291	0.03403	0.01056	0.01232	0.00821	0.00704	0.00469	0.00235	0.00587	0.00411	0.00469	0.00821
35	0.00948	0.00677	0.00894	0.01036	0.01094	0.00632	0.00697	0.01103	0.01522	0.02051	0.11745	0.62389	0.05190	0.04844	0.01064	0.00315	0.00441	0.02025	0.00711	0.00622
36	0.01015	0.00805	0.01256	0.01280	0.01399	0.00752	0.07507	0.01200	0.01488	0.01988	0.03904	0.65455	0.04613	0.02195	0.00961	0.00303	0.00528	0.02025	0.00671	0.00659
37	0.00924	0.00660	0.00880	0.01056	0.01100	0.00616	0.00704	0.01056	0.01452	0.01936	0.04181	0.72848	0.05017	0.02376	0.00968	0.00308	0.00440	0.02156	0.00704	0.00616
38	0.02484	0.02005	0.02533	0.02826	0.27277	0.04461	0.01755	0.35091	0.05217	0.06210	0.01743	0.01894	0.01308	0.00823	0.00754	0.00227	0.00862	0.00683	0.00609	0.01239
39	0.01573	0.01348	0.01573	0.01123	0.01798	0.01011	0.00899	0.01910	0.01573	0.02472	0.01348	0.01573	0.01123	0.00562	0.00562	0.00112	0.00562	0.00449	0.00449	0.77980
40	0.01786	0.01309	0.01492	0.01259	0.01586	0.01377	0.00976	0.25586	0.05311	0.03508	0.32888	0.04030	0.04243	0.09832	0.01192	0.00294	0.00591	0.01061	0.00759	0.00920
41	0.01754	0.01845	0.02673	0.02191	0.02344	0.06465	0.12406	0.02001	0.01328	0.01929	0.01097	0.01706	0.01021	0.01178	0.02110	0.00311	0.55740	0.00692	0.00344	0.00865
42	0.01698	0.02450	0.20311	0.05733	0.03684	0.01903	0.42170	0.02352	0.01679	0.02352	0.01439	0.01903	0.01085	0.00722	0.00979	0.00258	0.07114	0.00784	0.00362	0.01024
43	0.56619	0.14606	0.09092	0.01178	0.01751	0.01939	0.01123	0.02256	0.01369	0.03006	0.01089	0.01270	0.00864	0.00696	0.00500	0.00222	0.00685	0.00426	0.00427	0.00881
44	0.02077	0.46649	0.16942	0.01572	0.02292	0.08208	0.01632	0.08770	0.01807	0.02217	0.01203	0.01368	0.01003	0.00701	0.00578	0.00187	0.00922	0.00472	0.00373	0.01027
45	0.01694	0.07665	0.46016	0.02344	0.03324	0.01854	0.18905	0.02451	0.01668	0.04935	0.01450	0.01730	0.01046	0.00704	0.00753	0.00239	0.01124	0.00645	0.00361	0.01093
46	0.00924	0.00660	0.00880	0.01056	0.01100	0.00616	0.00704	0.01056	0.01452	0.01936	0.04181	0.72848	0.05017	0.02376	0.00968	0.00308	0.00440	0.02156	0.00704	0.00616
47	0.00909	0.00769	0.00786	0.00781	0.01032	0.00646	0.00586	0.01113	0.01758	0.02119	0.11928	0.07185	0.64017	0.01895	0.00896	0.00255	0.00382	0.01585	0.00714	0.00646
48	0.01318	0.00659	0.00988	0.00988	0.00988	0.00659	0.00659	0.00988	0.00988	0.01318	0.01318	0.02306	0.01318	0.02635	0.02964	0.77931	0.00659	0.00659	0.00329	0.00329
49	0.08318	0.01587	0.01773	0.08448	0.02198	0.01781	0.01237	0.30884	0.10307	0.03528	0.02069	0.05422	0.01680	0.04382	0.05920	0.00327	0.00826	0.00777	0.07500	0.01034
50	0.75426	0.01459	0.01143	0.01013	0.01487	0.01676	0.00834	0.02293	0.01329	0.06262	0.01140	0.01291	0.00867	0.00714	0.00482	0.00235	0.00589	0.00426	0.00490	0.00842
51	0.02510	0.04969	0.02133	0.01633	0.02176	0.02190	0.01335	0.43342	0.21716	0.04125	0.02175	0.02120	0.01594	0.00933	0.00743	0.00232	0.00750	0.00722	0.03373	0.01231
52	0.00973	0.00754	0.00886	0.00890	0.01081	0.00667	0.00653	0.01222	0.01854	0.02433	0.31626	0.17106	0.33445	0.01844	0.00907	0.00257	0.00382	0.01597	0.00757	0.00667
53	0.05765	0.06165	0.02052	0.01490	0.02074	0.01827	0.01233	0.28143	0.10344	0.22333	0.02178	0.02071	0.01524	0.00874	0.00713	0.00218	0.00715	0.00675	0.00742	0.08865
54	0.01090	0.00807	0.01021	0.00962	0.01156	0.00753	0.00723	0.01501	0.04533	0.02969	0.61065	0.05688	0.11752	0.01560	0.00890	0.00241	0.00369	0.01371	0.00822	0.00728
55	0.01715	0.01433	0.01649	0.01191	0.01858	0.01157	0.00958	0.08887	0.01790	0.02723	0.01400	0.01600	0.01142	0.00600	0.00583	0.00125	0.00591	0.00475	0.00483	0.69642
56	0.05401	0.01608	0.01843	0.01727	0.10265	0.04671	0.01210	0.15807	0.04545	0.10825	0.02020	0.02119	0.03780	0.00804	0.00670	0.00190	0.00688	0.00643	0.07176	0.24008
57	0.63469	0.01670	0.06606	0.04159	0.01890	0.01694	0.03868	0.02292	0.01377	0.05562	0.01182	0.01377	0.00892	0.00713	0.00530	0.00237	0.00678	0.00467	0.00465	0.00871
58	0.01101	0.00744	0.00869	0.00869	0.00883	0.00758	0.00511	0.01130	0.01115	0.01502	0.02352	0.04753	0.02666	0.66165	0.10914	0.00787	0.00873	0.01072	0.00454	0.00483

[dist]
# distance from previous block
# <min> <max>
0	1

[block]
# block no. 1 follows, 26 sequences, length 33
# corresponding to MSA columns:
# 81-113
name=unknown_B
#
# <colnr> <probs for GDERKNQSTAVLIFYWHMCP>
#	G	D	E	R	K	N	Q	S	T	A	V	L	I	F	Y	W	H	M	C	P
0	0.08628	0.09090	0.07239	0.01982	0.04748	0.05755	0.14337	0.22049	0.05212	0.05501	0.01650	0.01821	0.01235	0.00778	0.00713	0.00222	0.00906	0.00659	0.03471	0.04004
1	0.01848	0.01142	0.01194	0.01031	0.01330	0.01212	0.00806	0.21425	0.02171	0.03356	0.02270	0.02629	0.01786	0.04614	0.00771	0.00221	0.00520	0.00720	0.50081	0.00873
2	0.07062	0.15952	0.53161	0.01929	0.02921	0.01974	0.02400	0.02367	0.01569	0.02365	0.01286	0.01508	0.00953	0.00707	0.00662	0.00226	0.01029	0.00523	0.00332	0.01074
3	0.01084	0.00813	0.01219	0.01219	0.01354	0.00948	0.00948	0.01354	0.01219	0.01761	0.02032	0.02980	0.01896	0.05689	0.70337	0.01219	0.02032	0.00813	0.00406	0.00677
4	0.02450	0.01995	0.01947	0.06508	0.02272	0.11393	0.01317	0.37405	0.07176	0.03725	0.01897	0.02016	0.01410	0.00885	0.00709	0.00218	0.00821	0.00671	0.14090	0.01094
5	0.01084	0.00813	0.01219	0.01219	0.01354	0.00948	0.00948	0.01354	0.01219	0.01761	0.02032	0.02980	0.01896	0.05689	0.70337	0.01219	0.02032	0.00813	0.00406	0.00677
6	0.01084	0.00813	0.01219	0.01219	0.01354	0.00948	0.00948	0.01354	0.01219	0.01761	0.02032	0.02980	0.01896	0.05689	0.70337	0.01219	0.02032	0.00813	0.00406	0.00677
7	0.01066	0.00769	0.01007	0.00959	0.01131	0.00711	0.00715	0.01412	0.02111	0.02985	0.64923	0.09117	0.07047	0.01593	0.00898	0.00242	0.00362	0.01412	0.00828	0.00711
8	0.01074	0.00775	0.01014	0.00954	0.01133	0.00716	0.00716	0.01431	0.02147	0.03042	0.68211	0.05666	0.07157	0.01551	0.00895	0.00239	0.00358	0.01372	0.00835	0.00716
9	0.02106	0.66999	0.03798	0.01361	0.01985	0.09522	0.01314	0.02345	0.01600	0.01792	0.01066	0.01231	0.00974	0.00662	0.00506	0.00165	0.00865	0.00414	0.00331	0.00964
10	0.02028	0.73799	0.03975	0.01298	0.01947	0.03001	0.01298	0.02271	0.01541	0.01785	0.01055	0.01217	0.00973	0.00649	0.00487	0.00162	0.00811	0.00406	0.00324	0.00973
11	0.04724	0.16740	0.12326	0.10133	0.07106	0.06964	0.04593	0.08672	0.03650	0.09693	0.01771	0.07210	0.01471	0.00885	0.00705	0.00226	0.00891	0.00720	0.00492	0.01029
12	0.01675	0.01595	0.02713	0.35114	0.39737	0.01749	0.02227	0.02150	0.01631	0.02232	0.01391	0.01943	0.01115	0.00713	0.00754	0.00238	0.00951	0.00675	0.00358	0.01038
13	0.02743	0.03375	0.02182	0.02065	0.05702	0.61097	0.01496	0.05422	0.05175	0.02059	0.01298	0.01478	0.01062	0.00792	0.00694	0.00201	0.01289	0.00522	0.00421	0.00926
14	0.01153	0.00796	0.01000	0.00944	0.01152	0.00718	0.00709	0.01467	0.02041	0.06174	0.50871	0.08561	0.18322	0.01623	0.00891	0.00245	0.00381	0.01416	0.00810	0.00727
15	0.00940	0.00672	0.00894	0.01045	0.01104	0.00627	0.00705	0.01096	0.01525	0.02053	0.10922	0.65775	0.05242	0.02289	0.00960	0.00301	0.00431	0.02074	0.00718	0.00627
16	0.01432	0.01348	0.02275	0.71520	0.05224	0.01685	0.02107	0.01938	0.01517	0.01938	0.01348	0.02022	0.01011	0.00758	0.00758	0.00253	0.01011	0.00674	0.00337	0.00843
17	0.01796	0.01127	0.01394	0.01232	0.01427	0.01204	0.00910	0.19968	0.04710	0.02403	0.01543	0.02189	0.01354	0.02064	0.02227	0.51949	0.00707	0.00675	0.00474	0.00647
18	0.01521	0.03923	0.69413	0.02162	0.03283	0.01762	0.02802	0.02402	0.01601	0.02402	0.01361	0.01601	0.00961	0.00721	0.00721	0.00240	0.01121	0.00560	0.00320	0.01121
19	0.01604	0.00951	0.01302	0.01373	0.04142	0.00913	0.01061	0.01888	0.01751	0.14247	0.10170	0.06284	0.03803	0.14215	0.01460	0.00380	0.00668	0.32301	0.00701	0.00785
20	0.78701	0.01467	0.01115	0.00997	0.01467	0.01702	0.00821	0.02230	0.01291	0.03403	0.01056	0.01232	0.00821	0.00704	0.00469	0.00235	0.00587	0.00411	0.00469	0.00821
21	0.01908	0.02106	0.07123	0.03438	0.40715	0.13757	0.02015	0.02325	0.01797	0.02327	0.01829	0.02935	0.01698	0.00945	0.00789	0.00243	0.00963	0.11607	0.00431	0.01051
22	0.01804	0.01893	0.07602	0.11675	0.53368	0.01791	0.02275	0.02383	0.05279	0.02451	0.01504	0.01926	0.01224	0.00707	0.00751	0.00231	0.00912	0.00677	0.00389	0.01156
23	0.01448	0.01369	0.02278	0.66830	0.05006	0.01728	0.02076	0.01930	0.01493	0.01930	0.01324	0.01998	0.01010	0.00797	0.00875	0.00258	0.05797	0.00673	0.00337	0.00842
24	0.01769	0.01859	0.07402	0.17133	0.52217	0.01777	0.02318	0.02259	0.01679	0.02371	0.01407	0.01886	0.01149	0.00694	0.00750	0.00231	0.00937	0.00668	0.00364	0.01128
25	0.00951	0.00680	0.00909	0.01067	0.01128	0.00637	0.00733	0.01112	0.01519	0.02036	0.08888	0.64383	0.05139	0.02300	0.00967	0.00305	0.00448	0.05455	0.00713	0.00628
26	0.01244	0.00926	0.01182	0.05857	0.01541	0.00934	0.00889	0.09371	0.01923	0.02600	0.21395	0.38241	0.07274	0.01840	0.00905	0.00273	0.00503	0.01635	0.00722	0.00744
27	0.00948	0.00688	0.00896	0.01018	0.01101	0.00635	0.00697	0.01124	0.01593	0.02137	0.15610	0.56486	0.09861	0.02200	0.00950	0.00292	0.00422	0.01980	0.00727	0.00635
28	0.01668	0.01415	0.01653	0.01203	0.01844	0.01159	0.00968	0.06410	0.01696	0.02607	0.01367	0.01594	0.01130	0.00618	0.00654	0.00129	0.03498	0.00475	0.00466	0.69446
29	0.01758	0.17790	0.33968	0.02148	0.05370	0.05800	0.10392	0.02351	0.01616	0.02213	0.01286	0.01580	0.01007	0.00734	0.00813	0.00225	0.06065	0.00575	0.00341	0.03971
30	0.36142	0.01573	0.06987	0.01242	0.01697	0.01541	0.01071	0.04290	0.15233	0.06068	0.05412	0.09727	0.02015	0.01019	0.00652	0.00246	0.00610	0.00787	0.02759	0.00929
31	0.00973	0.00727	0.00879	0.00929	0.01062	0.00660	0.00648	0.01167	0.01675	0.02209	0.21567	0.30865	0.22753	0.08884	0.01208	0.00317	0.00432	0.01699	0.00715	0.00633
32	0.01821	0.02178	0.10936	0.06481	0.11548	0.06314	0.26803	0.02669	0.13183	0.02501	0.01724	0.02030	0.01317	0.00732	0.00790	0.00236	0.01034	0.00751	0.00446	0.06505

[dist]
# distance from previous block
# <min> <max>
0	1

[block]
# block no. 2 follows, 26 sequences, length 37
# corresponding to MSA columns:
# 115-151
name=unknown_C
#
# <colnr> <probs for GDERKNQSTAVLIFYWHMCP>
#	G	D	E	R	K	N	Q	S	T	A	V	L	I	F	Y	W	H	M	C	P
0	0.27582	0.29731	0.05730	0.01334	0.01864	0.05946	0.01229	0.06036	0.01592	0.02551	0.01381	0.01561	0.03623	0.00797	0.00691	0.00213	0.06298	0.00503	0.00418	0.00919
1	0.78701	0.01467	0.01115	0.00997	0.01467	0.01702	0.00821	0.02230	0.01291	0.03403	0.01056	0.01232	0.00821	0.00704	0.00469	0.00235	0.00587	0.00411	0.00469	0.00821
2	0.01647	0.06262	0.41009	0.02547	0.06875	0.01891	0.20796	0.02372	0.01639	0.02359	0.01383	0.01730	0.01031	0.00721	0.00848	0.00245	0.04566	0.00661	0.00342	0.01076
3	0.01917	0.01594	0.05832	0.01512	0.01969	0.01527	0.05429	0.21305	0.11688	0.06987	0.23015	0.05885	0.05653	0.01185	0.00822	0.00242	0.00660	0.01016	0.00739	0.01025
4	0.01186	0.00778	0.01007	0.00998	0.01173	0.00709	0.00729	0.01456	0.01901	0.07552	0.38461	0.25895	0.11696	0.01788	0.00907	0.00261	0.00407	0.01584	0.00791	0.00722
5	0.01578	0.03362	0.51464	0.02287	0.03212	0.01857	0.11636	0.02331	0.01571	0.02331	0.01338	0.01672	0.00992	0.00788	0.00975	0.00254	0.10328	0.00622	0.00331	0.01069
6	0.00957	0.00674	0.00871	0.01015	0.01051	0.00638	0.00660	0.01065	0.01389	0.01852	0.03855	0.60507	0.04606	0.15278	0.01494	0.00386	0.00494	0.01965	0.00660	0.00588
7	0.01552	0.01509	0.02257	0.27176	0.03136	0.02031	0.01790	0.01845	0.01293	0.01863	0.01170	0.01850	0.01041	0.01315	0.04874	0.00343	0.43118	0.00674	0.00337	0.00828
8	0.06145	0.69915	0.03821	0.01282	0.01921	0.02932	0.01272	0.02269	0.01528	0.01871	0.01055	0.01218	0.00965	0.00652	0.00486	0.00166	0.00799	0.00406	0.00332	0.00965
9	0.00936	0.00665	0.00877	0.01041	0.01082	0.00624	0.00688	0.01059	0.01429	0.01906	0.04063	0.68381	0.04868	0.07046	0.01158	0.00336	0.00459	0.02087	0.00688	0.00606
10	0.01318	0.00659	0.00988	0.00988	0.00988	0.00659	0.00659	0.00988	0.00988	0.01318	0.01318	0.02306	0.01318	0.02635	0.02964	0.77931	0.00659	0.00659	0.00329	0.00329
11	0.01790	0.02046	0.04476	0.03197	0.03964	0.01918	0.65857	0.02430	0.01790	0.02430	0.01535	0.02046	0.01151	0.00639	0.00895	0.00256	0.01279	0.00895	0.00384	0.01023
12	0.02117	0.01722	0.01772	0.01533	0.01975	0.05496	0.01205	0.14799	0.42388	0.06919	0.09222	0.02839	0.02517	0.01042	0.00776	0.00246	0.00662	0.00852	0.00764	0.01156
13	0.75151	0.01459	0.01145	0.01014	0.01489	0.01674	0.00835	0.02299	0.01332	0.06502	0.01147	0.01296	0.00871	0.00715	0.00483	0.00235	0.00590	0.00427	0.00492	0.00844
14	0.12036	0.14726	0.02356	0.01526	0.02111	0.05100	0.01294	0.35195	0.02666	0.13330	0.01735	0.01733	0.01249	0.00838	0.00673	0.00217	0.00795	0.00604	0.00657	0.01159
15	0.01964	0.58038	0.06881	0.01673	0.02363	0.02755	0.12837	0.02305	0.01588	0.01926	0.01153	0.01381	0.01004	0.00650	0.00569	0.00182	0.00908	0.00499	0.00335	0.00989
16	0.06356	0.07070	0.01993	0.01449	0.02008	0.09456	0.01193	0.09765	0.05114	0.44065	0.02440	0.02215	0.01621	0.00890	0.00720	0.00225	0.00756	0.00685	0.00784	0.01195
17	0.00918	0.00683	0.00857	0.00995	0.01084	0.00621	0.00677	0.01063	0.01511	0.01960	0.04919	0.59032	0.18357	0.02280	0.00953	0.00297	0.00428	0.02039	0.00704	0.00621
18	0.01519	0.01291	0.01515	0.01118	0.01740	0.00978	0.00883	0.01839	0.01563	0.02427	0.01584	0.07505	0.01447	0.00713	0.00596	0.00129	0.00552	0.00591	0.00471	0.71541
19	0.01185	0.00808	0.00926	0.00910	0.00952	0.00823	0.00551	0.04609	0.01266	0.01695	0.02475	0.09688	0.02808	0.61360	0.06311	0.00697	0.00774	0.01145	0.00491	0.00525
20	0.01621	0.01493	0.02356	0.48250	0.16436	0.01755	0.02014	0.04516	0.09585	0.02287	0.01590	0.02086	0.01214	0.00781	0.00759	0.00247	0.00935	0.00697	0.00412	0.00968
21	0.02883	0.02125	0.02276	0.01745	0.02352	0.02352	0.01442	0.66082	0.03566	0.04780	0.01821	0.01821	0.01290	0.00911	0.00759	0.00228	0.00835	0.00683	0.00759	0.01290
22	0.03403	0.01291	0.01760	0.01350	0.01936	0.01115	0.01115	0.03697	0.02171	0.69137	0.02992	0.02582	0.01878	0.00939	0.00763	0.00235	0.00645	0.00763	0.00939	0.01291
23	0.01103	0.00735	0.00827	0.00827	0.00827	0.00735	0.00460	0.01103	0.01103	0.01471	0.02390	0.04964	0.02758	0.73343	0.03861	0.00735	0.00735	0.01103	0.00460	0.00460
24	0.01851	0.01775	0.03031	0.08651	0.64824	0.01795	0.02315	0.02305	0.01715	0.02446	0.01422	0.01886	0.01190	0.00681	0.00751	0.00227	0.00908	0.00676	0.00373	0.01180
25	0.02290	0.51002	0.03382	0.01511	0.02076	0.24861	0.01352	0.02517	0.01739	0.01808	0.01093	0.01266	0.00975	0.00692	0.00551	0.00173	0.00992	0.00433	0.00346	0.00943
26	0.01074	0.00775	0.01014	0.00954	0.01133	0.00716	0.00716	0.01431	0.02147	0.03042	0.68211	0.05666	0.07157	0.01551	0.00895	0.00239	0.00358	0.01372	0.00835	0.00716
27	0.00908	0.00769	0.00785	0.00781	0.01032	0.00645	0.00585	0.01111	0.01756	0.02114	0.11667	0.07192	0.64280	0.01897	0.00896	0.00255	0.00382	0.01586	0.00713	0.00645
28	0.01103	0.00735	0.00827	0.00827	0.00827	0.00735	0.00460	0.01103	0.01103	0.01471	0.02390	0.04964	0.02758	0.73343	0.03861	0.00735	0.00735	0.01103	0.00460	0.00460
29	0.14080	0.01399	0.01918	0.45414	0.03833	0.04008	0.01677	0.01998	0.01486	0.02261	0.01391	0.01933	0.01078	0.00802	0.00800	0.00245	0.05628	0.00628	0.08599	0.00825
30	0.05100	0.01795	0.02398	0.24464	0.16875	0.09588	0.05628	0.02430	0.10448	0.02288	0.01624	0.03985	0.01335	0.00873	0.00921	0.00250	0.07880	0.00721	0.00428	0.00971
31	0.04772	0.02245	0.06499	0.01787	0.04470	0.10585	0.01459	0.36811	0.13009	0.03784	0.01908	0.01947	0.01408	0.00885	0.00728	0.00226	0.00852	0.00671	0.04788	0.01165
32	0.04225	0.01066	0.01327	0.06336	0.01611	0.01132	0.00916	0.14118	0.01692	0.05298	0.01946	0.08689	0.01844	0.10804	0.01965	0.29233	0.00687	0.00851	0.05577	0.00682
33	0.02318	0.13560	0.07911	0.01974	0.08668	0.11623	0.01565	0.22540	0.16627	0.03142	0.01813	0.01872	0.01386	0.00840	0.00705	0.00220	0.00883	0.00640	0.00570	0.01142
34	0.01076	0.00772	0.00985	0.01068	0.01168	0.00743	0.00738	0.05011	0.01685	0.02280	0.15334	0.53380	0.05065	0.05574	0.01082	0.00312	0.00463	0.01878	0.00719	0.00666
35	0.12428	0.12042	0.14751	0.01933	0.08729	0.18610	0.01624	0.06455	0.05773	0.06099	0.01672	0.01802	0.03386	0.00801	0.00664	0.00217	0.00949	0.00585	0.00463	0.01018
36	0.05389	0.00938	0.01012	0.00938	0.01225	0.00881	0.00720	0.04959	0.04719	0.05245	0.22417	0.05874	0.39662	0.01627	0.00855	0.00248	0.00432	0.01363	0.00741	0.00754

[dist]
# distance from previous block
# <min> <max>
16	21

[block]
# block no. 3 follows, 26 sequences, length 59
# corresponding to MSA columns:
# 174-232
name=unknown_D
#
# <colnr> <probs for GDERKNQSTAVLIFYWHMCP>
#	G	D	E	R	K	N	Q	S	T	A	V	L	I	F	Y	W	H	M	C	P
0	0.01032	0.00813	0.00949	0.01014	0.01142	0.03058	0.00716	0.01245	0.01731	0.02292	0.24394	0.40144	0.14661	0.02000	0.00925	0.00275	0.00439	0.01776	0.00734	0.00659
1	0.01037	0.00760	0.00972	0.00948	0.01118	0.00696	0.00700	0.01350	0.02018	0.02804	0.54112	0.14223	0.13052	0.01691	0.00904	0.00249	0.00371	0.01493	0.00805	0.00696
2	0.01709	0.01835	0.03441	0.08411	0.03289	0.02059	0.35150	0.02150	0.01519	0.02150	0.01306	0.01891	0.01078	0.00922	0.01514	0.00286	0.29217	0.00785	0.00359	0.00932
3	0.01103	0.00735	0.00827	0.00827	0.00827	0.00735	0.00460	0.01103	0.01103	0.01471	0.02390	0.04964	0.02758	0.73343	0.03861	0.00735	0.00735	0.01103	0.00460	0.00460
4	0.01779	0.01702	0.02901	0.19464	0.54574	0.01776	0.02279	0.02242	0.01681	0.02358	0.01409	0.01909	0.01159	0.00694	0.00753	0.00231	0.00925	0.00675	0.00367	0.01122
5	0.00913	0.00769	0.00792	0.00786	0.01035	0.00647	0.00590	0.01121	0.01769	0.02143	0.13437	0.07144	0.62492	0.01886	0.00896	0.00254	0.00382	0.01579	0.00717	0.00647
6	0.01460	0.00768	0.00779	0.00757	0.00943	0.00778	0.00565	0.04450	0.01649	0.02840	0.02442	0.02896	0.01959	0.04635	0.00712	0.00208	0.00394	0.00726	0.70320	0.00719
7	0.01389	0.00710	0.00710	0.00710	0.00891	0.00704	0.00532	0.01735	0.01597	0.02790	0.02726	0.03044	0.05153	0.00934	0.00548	0.00181	0.00355	0.00750	0.73837	0.00704
8	0.01626	0.01380	0.01601	0.01149	0.01820	0.01065	0.00921	0.04503	0.01653	0.02565	0.01367	0.01583	0.01130	0.00576	0.00570	0.00117	0.00573	0.00459	0.00462	0.74881
9	0.02480	0.15181	0.02351	0.01740	0.02154	0.46777	0.01371	0.05809	0.01999	0.01977	0.01292	0.01566	0.01107	0.01378	0.09355	0.00319	0.01329	0.00524	0.00400	0.00890
10	0.00956	0.00752	0.00864	0.00875	0.01071	0.00660	0.00641	0.01190	0.01813	0.02340	0.25985	0.17816	0.38574	0.01882	0.00908	0.00259	0.00385	0.01623	0.00745	0.00660
11	0.09090	0.05654	0.47641	0.04953	0.05358	0.01781	0.07375	0.02417	0.01609	0.05313	0.01406	0.01656	0.01012	0.00720	0.00706	0.00238	0.01039	0.00584	0.00369	0.01078
12	0.01566	0.03642	0.60324	0.02437	0.09256	0.01773	0.05727	0.02397	0.01622	0.02410	0.01375	0.01647	0.00992	0.00713	0.00732	0.00240	0.01108	0.00587	0.00328	0.01124
13	0.42616	0.22121	0.11949	0.01294	0.01906	0.05134	0.01273	0.02302	0.01444	0.02736	0.01105	0.01288	0.00891	0.00695	0.00521	0.00214	0.00762	0.00435	0.00404	0.00910
14	0.01960	0.01613	0.01717	0.01534	0.01971	0.01849	0.01196	0.04014	0.64094	0.06363	0.03083	0.02818	0.02294	0.01025	0.00771	0.00256	0.00602	0.00853	0.00780	0.01205
15	0.02696	0.01953	0.02155	0.04402	0.02365	0.02133	0.01395	0.53477	0.05328	0.07604	0.01961	0.04305	0.01461	0.00945	0.00758	0.00228	0.00799	0.00732	0.00736	0.04567
16	0.01006	0.00768	0.00923	0.00894	0.01094	0.00685	0.00667	0.01297	0.01973	0.02651	0.44518	0.08965	0.28377	0.01713	0.00898	0.00248	0.00370	0.01483	0.00784	0.00685
17	0.01084	0.00813	0.01219	0.01219	0.01354	0.00948	0.00948	0.01354	0.01219	0.01761	0.02032	0.02980	0.01896	0.05689	0.70337	0.01219	0.02032	0.00813	0.00406	0.00677
18	0.01058	0.00775	0.00993	0.00938	0.01124	0.00709	0.00704	0.01402	0.02111	0.02957	0.63035	0.05806	0.12387	0.01582	0.00895	0.00240	0.00360	0.01391	0.00824	0.00709
19	0.00903	0.00743	0.00795	0.00837	0.01042	0.00635	0.00607	0.01081	0.01663	0.02022	0.06855	0.22816	0.53323	0.02029	0.00913	0.00268	0.00397	0.01732	0.00704	0.00635
20	0.78701	0.01467	0.01115	0.00997	0.01467	0.01702	0.00821	0.02230	0.01291	0.03403	0.01056	0.01232	0.00821	0.00704	0.00469	0.00235	0.00587	0.00411	0.00469	0.00821
21	0.02663	0.02085	0.02177	0.01729	0.02273	0.05142	0.01410	0.50301	0.14290	0.04266	0.01978	0.01968	0.01440	0.00942	0.00826	0.00235	0.03604	0.00704	0.00729	0.01239
22	0.02208	0.01825	0.01844	0.01487	0.01969	0.08070	0.01186	0.27250	0.10342	0.03358	0.01859	0.02069	0.01459	0.03951	0.00912	0.00226	0.04399	0.00656	0.07750	0.17178
23	0.04802	0.01523	0.03857	0.01475	0.01909	0.01527	0.03370	0.20920	0.12970	0.12877	0.08877	0.17177	0.02836	0.01276	0.00811	0.00253	0.00658	0.01087	0.00746	0.01051
24	0.01874	0.01947	0.05724	0.07197	0.55387	0.06262	0.02228	0.02323	0.01741	0.02400	0.01529	0.02161	0.01321	0.00757	0.00760	0.00231	0.00936	0.03697	0.00388	0.01136
25	0.00924	0.00660	0.00880	0.01056	0.01100	0.00616	0.00704	0.01056	0.01452	0.01936	0.04181	0.72848	0.05017	0.02376	0.00968	0.00308	0.00440	0.02156	0.00704	0.00616
26	0.78701	0.01467	0.01115	0.00997	0.01467	0.01702	0.00821	0.02230	0.01291	0.03403	0.01056	0.01232	0.00821	0.00704	0.00469	0.00235	0.00587	0.00411	0.00469	0.00821
27	0.01911	0.02114	0.03468	0.10967	0.18580	0.11564	0.31711	0.02405	0.01763	0.02273	0.01410	0.01889	0.01114	0.00717	0.00899	0.00244	0.04833	0.00751	0.00375	0.01013
28	0.01318	0.00659	0.00988	0.00988	0.00988	0.00659	0.00659	0.00988	0.00988	0.01318	0.01318	0.02306	0.01318	0.02635	0.02964	0.77931	0.00659	0.00659	0.00329	0.00329
29	0.01987	0.02010	0.02972	0.04346	0.61017	0.09652	0.02229	0.02408	0.01776	0.02407	0.01398	0.01819	0.01176	0.00688	0.00743	0.00222	0.00955	0.00654	0.00377	0.01165
30	0.01147	0.00820	0.00997	0.00946	0.01166	0.00748	0.00711	0.01507	0.04239	0.05583	0.43541	0.09130	0.23338	0.01647	0.00889	0.00247	0.00390	0.01428	0.00795	0.00732
31	0.01778	0.05788	0.20737	0.02798	0.03633	0.04846	0.44319	0.02441	0.01747	0.02369	0.01454	0.01868	0.01088	0.00666	0.00824	0.00245	0.01222	0.00772	0.00365	0.01039
32	0.04970	0.34817	0.05678	0.01630	0.02157	0.29125	0.01432	0.04789	0.01824	0.02001	0.01137	0.01336	0.00981	0.00750	0.00686	0.00192	0.04716	0.00468	0.00371	0.00941
33	0.72692	0.01480	0.01183	0.01038	0.01518	0.01695	0.00855	0.04374	0.01406	0.06542	0.01172	0.01315	0.00886	0.00722	0.00493	0.00234	0.00598	0.00436	0.00501	0.00859
34	0.00946	0.00682	0.00873	0.01006	0.01070	0.00634	0.00672	0.01082	0.01478	0.01958	0.07477	0.57806	0.10218	0.08806	0.01224	0.00339	0.00458	0.01974	0.00688	0.00609
35	0.01817	0.01741	0.02970	0.13730	0.60009	0.01786	0.02298	0.02275	0.01699	0.02405	0.01416	0.01897	0.01176	0.00687	0.00752	0.00229	0.00916	0.00676	0.00370	0.01153
36	0.00924	0.00660	0.00880	0.01056	0.01100	0.00616	0.00704	0.01056	0.01452	0.01936	0.04181	0.72848	0.05017	0.02376	0.00968	0.00308	0.00440	0.02156	0.00704	0.00616
37	0.02633	0.05026	0.02212	0.01716	0.02214	0.16435	0.03386	0.32575	0.05607	0.09649	0.03861	0.02075	0.01543	0.04042	0.00937	0.00247	0.03397	0.00692	0.00644	0.01109
38	0.01149	0.00883	0.01294	0.01265	0.01390	0.01059	0.00993	0.01415	0.01231	0.01814	0.01960	0.02856	0.01819	0.05088	0.61209	0.01094	0.08155	0.00795	0.03842	0.00692
39	0.06388	0.01219	0.01539	0.01250	0.01704	0.01143	0.01001	0.05663	0.06464	0.41154	0.16748	0.03281	0.03003	0.04810	0.00937	0.00263	0.00591	0.00896	0.00850	0.01096
40	0.71393	0.08361	0.01387	0.01026	0.01513	0.01825	0.00867	0.02234	0.01315	0.03249	0.01056	0.01231	0.00836	0.00699	0.00471	0.00228	0.00608	0.00410	0.00456	0.00836
41	0.01898	0.46582	0.25997	0.01624	0.02419	0.06036	0.01815	0.02354	0.01593	0.01997	0.01164	0.01355	0.00969	0.00680	0.00576	0.00190	0.00944	0.00462	0.00326	0.01018
42	0.02611	0.01920	0.02088	0.01641	0.02168	0.02121	0.01335	0.56396	0.03217	0.04320	0.01937	0.04255	0.01521	0.05023	0.05564	0.00322	0.00897	0.00759	0.00718	0.01185
43	0.01009	0.00800	0.00908	0.00924	0.01132	0.00727	0.00692	0.01316	0.04594	0.02277	0.18504	0.15099	0.38561	0.04090	0.01003	0.00281	0.00430	0.06254	0.00725	0.00675
44	0.01318	0.00659	0.00988	0.00988	0.00988	0.00659	0.00659	0.00988	0.00988	0.01318	0.01318	0.02306	0.01318	0.02635	0.02964	0.77931	0.00659	0.00659	0.00329	0.00329
45	0.01582	0.02542	0.27978	0.02389	0.03083	0.01802	0.24707	0.02178	0.01577	0.02265	0.01638	0.08810	0.01435	0.00961	0.01115	0.00268	0.13447	0.00855	0.00383	0.00986
46	0.16076	0.01320	0.01652	0.01290	0.01857	0.01214	0.01065	0.03450	0.02023	0.58074	0.02667	0.02355	0.01700	0.00899	0.00713	0.00235	0.00636	0.00704	0.00860	0.01212
47	0.02037	0.54502	0.10041	0.01407	0.02054	0.05255	0.01418	0.02347	0.01591	0.06284	0.01282	0.01468	0.01093	0.01016	0.05192	0.00246	0.00934	0.00475	0.00373	0.00985
48	0.01592	0.00856	0.00913	0.00856	0.01081	0.00873	0.00657	0.07353	0.01764	0.05616	0.02472	0.04901	0.01978	0.01149	0.03687	0.00234	0.00484	0.00757	0.62001	0.00777
49	0.01135	0.00776	0.00998	0.00975	0.01153	0.00707	0.00718	0.01428	0.01966	0.05831	0.46185	0.19236	0.12579	0.01725	0.00903	0.00254	0.00391	0.01524	0.00800	0.00715
50	0.01041	0.00786	0.00987	0.01092	0.01265	0.00731	0.00869	0.01291	0.01695	0.02161	0.08433	0.22343	0.25656	0.02074	0.00973	0.00304	0.00521	0.26407	0.00708	0.00662
51	0.13917	0.01559	0.02319	0.08748	0.02652	0.01462	0.17625	0.02196	0.04669	0.02589	0.01431	0.01744	0.01127	0.00646	0.00662	0.00189	0.00796	0.00599	0.00440	0.34630
52	0.01719	0.01630	0.02759	0.23747	0.47715	0.01727	0.02191	0.02168	0.01642	0.02283	0.01442	0.02040	0.01208	0.03546	0.00875	0.00253	0.00926	0.00692	0.00368	0.01069
53	0.29777	0.19275	0.04496	0.01316	0.01898	0.02046	0.01176	0.14896	0.01955	0.14471	0.01546	0.01586	0.01135	0.00771	0.00589	0.00216	0.00718	0.00528	0.00565	0.01040
54	0.02048	0.65410	0.08838	0.01366	0.02048	0.02827	0.01404	0.02342	0.01573	0.04707	0.01160	0.01304	0.01011	0.00667	0.00516	0.00171	0.00828	0.00433	0.00350	0.00998
55	0.01094	0.00731	0.00830	0.00839	0.00841	0.00729	0.00472	0.01101	0.01121	0.01495	0.02482	0.08447	0.02874	0.69701	0.03712	0.00713	0.00720	0.01157	0.00472	0.00468
56	0.01573	0.01348	0.01573	0.01123	0.01798	0.01011	0.00899	0.01910	0.01573	0.02472	0.01348	0.01573	0.01123	0.00562	0.00562	0.00112	0.00562	0.00449	0.00449	0.77980
57	0.00904	0.00741	0.00797	0.00842	0.01044	0.00634	0.00609	0.01080	0.01658	0.02020	0.06786	0.24097	0.52086	0.02038	0.00915	0.00269	0.00399	0.01743	0.00704	0.00634
58	0.01840	0.01781	0.03091	0.09536	0.60596	0.01799	0.05571	0.02304	0.01715	0.02436	0.01426	0.01897	0.01185	0.00680	0.00759	0.00229	0.00929	0.00687	0.00373	0.01166

[dist]
# distance from previous block
# <min> <max>
0	35

[block]
# block no. 4 follows, 26 sequences, length 10
# corresponding to MSA columns:
# 268-277
name=unknown_E
#
# <colnr> <probs for GDERKNQSTAVLIFYWHMCP>
#	G	D	E	R	K	N	Q	S	T	A	V	L	I	F	Y	W	H	M	C	P
0	0.01085	0.00807	0.01188	0.01188	0.01313	0.00932	0.00910	0.01335	0.01210	0.01738	0.02060	0.03135	0.01964	0.10971	0.65147	0.01181	0.01930	0.00835	0.00410	0.00660
1	0.01651	0.01571	0.02670	0.38642	0.36392	0.01743	0.02215	0.02130	0.01620	0.02204	0.01387	0.01951	0.01105	0.00718	0.00755	0.00239	0.00957	0.00675	0.00356	0.01019
2	0.01084	0.00813	0.01219	0.01219	0.01354	0.00948	0.00948	0.01354	0.01219	0.01761	0.02032	0.02980	0.01896	0.05689	0.70337	0.01219	0.02032	0.00813	0.00406	0.00677
3	0.07926	0.00930	0.00934	0.00862	0.01110	0.00970	0.00667	0.08819	0.01821	0.03104	0.06891	0.02785	0.02145	0.00919	0.00576	0.00191	0.00426	0.00726	0.57418	0.00781
4	0.01878	0.01787	0.02962	0.04389	0.62894	0.01809	0.02231	0.02474	0.07348	0.02538	0.01569	0.01959	0.01297	0.00706	0.00753	0.00228	0.00875	0.00691	0.00409	0.01201
5	0.01307	0.00958	0.01281	0.01203	0.01385	0.01079	0.00942	0.07125	0.01646	0.02397	0.15204	0.03322	0.02846	0.03691	0.39179	0.00776	0.05423	0.00893	0.08592	0.00751
6	0.35962	0.11687	0.02302	0.01564	0.02133	0.05662	0.11163	0.13094	0.01846	0.03139	0.01279	0.01479	0.00994	0.00719	0.00603	0.00219	0.00808	0.00537	0.00480	0.04328
7	0.01904	0.01898	0.02907	0.12342	0.55647	0.07439	0.02231	0.02340	0.01737	0.02363	0.01396	0.01852	0.01160	0.00694	0.00746	0.00226	0.00953	0.00660	0.00372	0.01132
8	0.07347	0.08764	0.09144	0.01521	0.02128	0.10725	0.01360	0.06279	0.05920	0.35884	0.02230	0.02086	0.01511	0.00858	0.00705	0.00224	0.00810	0.00652	0.00696	0.01155
9	0.60406	0.05194	0.07278	0.01349	0.05350	0.01807	0.01128	0.05463	0.01468	0.03259	0.01141	0.01328	0.00885	0.00712	0.00522	0.00231	0.00673	0.00451	0.00459	0.00899

[dist]
# distance from previous block
# <min> <max>
0	1

[block]
# block no. 5 follows, 26 sequences, length 6
# corresponding to MSA columns:
# 279-284
name=unknown_F
#
# <colnr> <probs for GDERKNQSTAVLIFYWHMCP>
#	G	D	E	R	K	N	Q	S	T	A	V	L	I	F	Y	W	H	M	C	P
0	0.01300	0.00899	0.01009	0.00965	0.01160	0.00871	0.00675	0.01688	0.09885	0.07245	0.08297	0.10317	0.23947	0.26218	0.01891	0.00422	0.00555	0.01298	0.00655	0.00703
1	0.17707	0.01899	0.01973	0.01555	0.02122	0.02098	0.01279	0.44782	0.06995	0.09481	0.01843	0.01829	0.01309	0.00880	0.00703	0.00231	0.00757	0.00647	0.00717	0.01193
2	0.01178	0.00871	0.01033	0.01017	0.01191	0.00827	0.00719	0.06791	0.01756	0.02355	0.16085	0.29233	0.14427	0.13658	0.01383	0.00341	0.00505	0.01539	0.00681	0.04411
3	0.01521	0.03923	0.69413	0.02162	0.03283	0.01762	0.02802	0.02402	0.01601	0.02402	0.01361	0.01601	0.00961	0.00721	0.00721	0.00240	0.01121	0.00560	0.00320	0.01121
4	0.01843	0.01522	0.01497	0.01321	0.01679	0.06802	0.01023	0.15015	0.22958	0.03025	0.05921	0.03401	0.11702	0.05111	0.03828	0.00301	0.00700	0.00915	0.10466	0.00968
5	0.78701	0.01467	0.01115	0.00997	0.01467	0.01702	0.00821	0.02230	0.01291	0.03403	0.01056	0.01232	0.00821	0.00704	0.00469	0.00235	0.00587	0.00411	0.00469	0.00821

[dist]
# distance from previous block
# <min> <max>
0	1

[block]
# block no. 6 follows, 26 sequences, length 129
# corresponding to MSA columns:
# 286-414
name=unknown_G
#
# <colnr> <probs for GDERKNQSTAVLIFYWHMCP>
#	G	D	E	R	K	N	Q	S	T	A	V	L	I	F	Y	W	H	M	C	P
0	0.02615	0.02993	0.02148	0.01875	0.02296	0.47413	0.03906	0.11928	0.09156	0.02412	0.01540	0.01788	0.01256	0.04351	0.00867	0.00235	0.01177	0.00601	0.00486	0.00956
1	0.01432	0.01348	0.02275	0.71520	0.05224	0.01685	0.02107	0.01938	0.01517	0.01938	0.01348	0.02022	0.01011	0.00758	0.00758	0.00253	0.01011	0.00674	0.00337	0.00843
2	0.01648	0.14490	0.56933	0.02023	0.03045	0.04572	0.02524	0.02406	0.01613	0.02288	0.01308	0.01534	0.00963	0.00712	0.00684	0.00227	0.01084	0.00534	0.00324	0.01089
3	0.00926	0.00681	0.00869	0.01008	0.01090	0.00624	0.00685	0.01076	0.01522	0.01998	0.07297	0.60186	0.14710	0.02274	0.00954	0.00297	0.00428	0.02040	0.00709	0.00624
4	0.02471	0.01752	0.01867	0.01515	0.01986	0.04420	0.01205	0.38117	0.07643	0.11448	0.02534	0.08103	0.04951	0.07171	0.01041	0.00280	0.00755	0.00892	0.00735	0.01114
5	0.00989	0.00724	0.00920	0.00970	0.01094	0.00665	0.00684	0.01218	0.01761	0.02391	0.31102	0.34440	0.13536	0.04641	0.01037	0.00289	0.00410	0.01724	0.00749	0.00654
6	0.04694	0.47368	0.08951	0.01531	0.02081	0.07912	0.01484	0.02261	0.01518	0.01906	0.01079	0.01339	0.00971	0.00786	0.00870	0.00204	0.13290	0.00470	0.00336	0.00948
7	0.02231	0.01593	0.01751	0.01417	0.01842	0.01711	0.01118	0.38162	0.05695	0.06573	0.11672	0.03195	0.05532	0.12536	0.01277	0.00313	0.00712	0.00901	0.00728	0.01043
8	0.02463	0.01814	0.01960	0.01559	0.02089	0.01962	0.01266	0.45591	0.09920	0.06396	0.02672	0.05689	0.08275	0.01079	0.00776	0.00233	0.00731	0.00854	0.00748	0.03926
9	0.12370	0.04472	0.01979	0.04843	0.14346	0.15442	0.01376	0.05278	0.14306	0.05730	0.02273	0.02369	0.06857	0.00903	0.00697	0.00226	0.00815	0.00709	0.04004	0.01003
10	0.16914	0.02127	0.01811	0.04347	0.02105	0.18488	0.01234	0.23229	0.07675	0.03250	0.04424	0.02179	0.04003	0.04015	0.00830	0.00248	0.00866	0.00677	0.00586	0.00993
11	0.05276	0.02288	0.18401	0.02765	0.14613	0.01700	0.26460	0.02309	0.01676	0.02484	0.01423	0.01798	0.01096	0.00654	0.00754	0.00222	0.01024	0.00683	0.00383	0.13989
12	0.02133	0.01576	0.02213	0.01632	0.02275	0.01413	0.12364	0.13693	0.02063	0.14153	0.01838	0.04238	0.01415	0.00762	0.00703	0.00185	0.00746	0.00679	0.00584	0.35339
13	0.01631	0.02046	0.14310	0.37450	0.17904	0.04923	0.06695	0.02185	0.01624	0.02162	0.01372	0.01890	0.01050	0.00727	0.00756	0.00242	0.01043	0.00661	0.00348	0.00980
14	0.01108	0.00836	0.01213	0.01198	0.01316	0.00971	0.00916	0.01349	0.01238	0.01779	0.04404	0.03234	0.02141	0.12504	0.58203	0.01098	0.04549	0.00858	0.00424	0.00662
15	0.00940	0.00761	0.00835	0.00836	0.01056	0.00656	0.00620	0.01166	0.01804	0.02273	0.21599	0.12302	0.48756	0.01872	0.00902	0.00256	0.00383	0.01593	0.00735	0.00656
16	0.01146	0.00811	0.00964	0.00927	0.01041	0.00795	0.00624	0.04007	0.01621	0.02205	0.24503	0.07566	0.09598	0.35489	0.05088	0.00515	0.00628	0.01240	0.00623	0.00609
17	0.01007	0.00735	0.01011	0.04382	0.01375	0.00715	0.00860	0.01205	0.01540	0.02048	0.07136	0.55069	0.04821	0.02212	0.00969	0.00309	0.00508	0.12758	0.00692	0.00646
18	0.02883	0.02125	0.02276	0.01745	0.02352	0.02352	0.01442	0.66082	0.03566	0.04780	0.01821	0.01821	0.01290	0.00911	0.00759	0.00228	0.00835	0.00683	0.00759	0.01290
19	0.02028	0.73799	0.03975	0.01298	0.01947	0.03001	0.01298	0.02271	0.01541	0.01785	0.01055	0.01217	0.00973	0.00649	0.00487	0.00162	0.00811	0.00406	0.00324	0.00973
20	0.78701	0.01467	0.01115	0.00997	0.01467	0.01702	0.00821	0.02230	0.01291	0.03403	0.01056	0.01232	0.00821	0.00704	0.00469	0.00235	0.00587	0.00411	0.00469	0.00821
21	0.01107	0.00791	0.01090	0.01265	0.01389	0.00774	0.01022	0.01372	0.01632	0.02141	0.04080	0.33462	0.04618	0.02204	0.01017	0.00333	0.00598	0.39740	0.00701	0.00667
22	0.01060	0.00749	0.00969	0.01093	0.01175	0.00727	0.00799	0.01229	0.01468	0.01928	0.03825	0.33333	0.06806	0.19946	0.01710	0.00425	0.00592	0.20919	0.00641	0.00604
23	0.01471	0.01403	0.02416	0.65095	0.08250	0.01702	0.05077	0.01980	0.01540	0.01987	0.01361	0.02016	0.01027	0.00749	0.00764	0.00252	0.01018	0.00684	0.00341	0.00868
24	0.04818	0.08851	0.52309	0.01937	0.02922	0.01765	0.02375	0.02565	0.01664	0.11672	0.01553	0.01694	0.01084	0.00745	0.00699	0.00233	0.01010	0.00571	0.00412	0.01122
25	0.01229	0.00900	0.01217	0.01347	0.01540	0.00889	0.01141	0.01623	0.04345	0.02275	0.03869	0.16002	0.04206	0.02013	0.01003	0.00329	0.00656	0.50259	0.00690	0.04469
26	0.01573	0.01348	0.01573	0.01123	0.01798	0.01011	0.00899	0.01910	0.01573	0.02472	0.01348	0.01573	0.01123	0.00562	0.00562	0.00112	0.00562	0.00449	0.00449	0.77980
27	0.01318	0.00659	0.00988	0.00988	0.00988	0.00659	0.00659	0.00988	0.00988	0.01318	0.01318	0.02306	0.01318	0.02635	0.02964	0.77931	0.00659	0.00659	0.00329	0.00329
28	0.01432	0.01348	0.02275	0.71520	0.05224	0.01685	0.02107	0.01938	0.01517	0.01938	0.01348	0.02022	0.01011	0.00758	0.00758	0.00253	0.01011	0.00674	0.00337	0.00843
29	0.78701	0.01467	0.01115	0.00997	0.01467	0.01702	0.00821	0.02230	0.01291	0.03403	0.01056	0.01232	0.00821	0.00704	0.00469	0.00235	0.00587	0.00411	0.00469	0.00821
