[name]
unknown

[dist]
# distance from previous block
# <min> <max>
9	126

[block]
# block no. 0 follows, 27 sequences, length 28
# corresponding to MSA columns:
# 148-175
name=unknown_A
#
# <colnr> <probs for GDERKNQSTAVLIFYWHMCP>
#	G	D	E	R	K	N	Q	S	T	A	V	L	I	F	Y	W	H	M	C	P
0	0.08036	0.04337	0.05155	0.02181	0.02763	0.01659	0.33374	0.07574	0.04124	0.02621	0.01915	0.08709	0.01680	0.00904	0.00787	0.00242	0.00933	0.04080	0.04495	0.04431
1	0.01399	0.01155	0.04682	0.01192	0.01438	0.01054	0.00930	0.14116	0.01871	0.02546	0.10149	0.30128	0.03644	0.13913	0.01353	0.00340	0.00599	0.04601	0.00643	0.04249
2	0.04441	0.02016	0.09533	0.04789	0.03301	0.05164	0.43962	0.02196	0.01681	0.02299	0.01805	0.11807	0.01610	0.00882	0.00841	0.00252	0.01095	0.00974	0.00415	0.00935
3	0.14430	0.46878	0.07411	0.01315	0.01913	0.05989	0.01276	0.05485	0.01635	0.02258	0.04650	0.01483	0.01261	0.00714	0.00533	0.00184	0.00784	0.00475	0.00391	0.00936
4	0.02427	0.01900	0.06334	0.01554	0.02091	0.01920	0.01329	0.46051	0.06357	0.06101	0.02049	0.05587	0.01575	0.00955	0.00724	0.00223	0.00740	0.00748	0.10191	0.01144
5	0.00923	0.00660	0.00883	0.01055	0.01107	0.00619	0.00722	0.01066	0.01440	0.01916	0.04081	0.69199	0.04869	0.02308	0.00953	0.00304	0.00447	0.06150	0.00689	0.00608
6	0.01244	0.01082	0.04795	0.01395	0.06852	0.00962	0.00961	0.08447	0.01655	0.02214	0.03537	0.40301	0.09481	0.11967	0.01286	0.00337	0.00581	0.01558	0.00615	0.00729
7	0.01160	0.00944	0.01496	0.01482	0.04501	0.01083	0.04462	0.01446	0.01242	0.01792	0.01885	0.02755	0.01743	0.04874	0.60699	0.01056	0.05491	0.00786	0.00391	0.00711
8	0.02724	0.01935	0.02083	0.01610	0.02169	0.02124	0.01326	0.59075	0.03280	0.07008	0.01878	0.01891	0.01337	0.00890	0.00725	0.00219	0.00771	0.00673	0.07065	0.01216
9	0.01402	0.01319	0.02227	0.72126	0.05113	0.01649	0.02062	0.01897	0.01484	0.01897	0.01319	0.01979	0.00990	0.00742	0.00742	0.00247	0.00990	0.00660	0.00330	0.00825
10	0.03331	0.01263	0.01723	0.01321	0.01895	0.01091	0.01091	0.03618	0.02125	0.69794	0.02929	0.02527	0.01838	0.00919	0.00747	0.00230	0.00632	0.00747	0.00919	0.01263
11	0.01068	0.00766	0.01042	0.01042	0.01122	0.00846	0.00739	0.01229	0.01148	0.01611	0.02127	0.03682	0.02188	0.32530	0.44461	0.01006	0.01488	0.00908	0.00418	0.00579
12	0.01289	0.00645	0.00967	0.00967	0.00967	0.00645	0.00645	0.00967	0.00967	0.01289	0.01289	0.02257	0.01289	0.02579	0.02901	0.78401	0.00645	0.00645	0.00322	0.00322
13	0.01091	0.00805	0.01037	0.00947	0.01162	0.00724	0.00715	0.01439	0.02055	0.02931	0.63367	0.05218	0.06522	0.01439	0.00849	0.00223	0.00367	0.01269	0.00786	0.07053
14	0.02496	0.01993	0.02039	0.01653	0.02178	0.05643	0.01334	0.42699	0.24804	0.04011	0.02161	0.02087	0.01580	0.00923	0.00743	0.00231	0.00767	0.00715	0.00729	0.01213
15	0.01681	0.02345	0.22639	0.10495	0.32763	0.01757	0.09777	0.02347	0.04621	0.02374	0.01455	0.01834	0.01131	0.00694	0.00744	0.00232	0.00985	0.00661	0.00366	0.01096
16	0.12870	0.01802	0.06208	0.01495	0.01964	0.01866	0.01268	0.33719	0.07527	0.03513	0.01782	0.02164	0.01437	0.08695	0.06828	0.00361	0.04182	0.00688	0.00599	0.01029
17	0.01016	0.00819	0.00915	0.00912	0.01129	0.00758	0.00675	0.01418	0.08146	0.02323	0.21005	0.16586	0.38043	0.01779	0.00876	0.00255	0.00399	0.01528	0.00726	0.00693
18	0.00877	0.00752	0.00752	0.00752	0.01003	0.00627	0.00564	0.01065	0.01692	0.02005	0.07520	0.07144	0.68978	0.01880	0.00877	0.00251	0.00376	0.01567	0.00689	0.00627
19	0.03331	0.01263	0.01723	0.01321	0.01895	0.01091	0.01091	0.03618	0.02125	0.69794	0.02929	0.02527	0.01838	0.00919	0.00747	0.00230	0.00632	0.00747	0.00919	0.01263
20	0.01289	0.00645	0.00967	0.00967	0.00967	0.00645	0.00645	0.00967	0.00967	0.01289	0.01289	0.02257	0.01289	0.02579	0.02901	0.78401	0.00645	0.00645	0.00322	0.00322
21	0.02773	0.03538	0.02104	0.01913	0.02295	0.70930	0.01434	0.02964	0.02104	0.01817	0.01148	0.01339	0.00956	0.00765	0.00669	0.00191	0.01339	0.00478	0.00383	0.00861
22	0.01053	0.00756	0.00977	0.00924	0.01085	0.00702	0.00680	0.01375	0.02018	0.02851	0.63450	0.05489	0.06653	0.07433	0.01113	0.00273	0.00380	0.01321	0.00787	0.00680
23	0.10367	0.60535	0.06545	0.01274	0.01894	0.02671	0.01275	0.02193	0.01473	0.01947	0.01080	0.01271	0.00968	0.00818	0.02969	0.00207	0.00826	0.00419	0.00336	0.00933
24	0.04191	0.00954	0.01212	0.01056	0.01363	0.00884	0.00824	0.02122	0.04976	0.21047	0.42810	0.04547	0.08350	0.01325	0.00822	0.00234	0.00445	0.01140	0.00824	0.00874
25	0.51404	0.01694	0.11310	0.01161	0.01693	0.01502	0.01095	0.02173	0.01465	0.06516	0.09526	0.01872	0.01650	0.00800	0.00565	0.00227	0.00626	0.00558	0.00505	0.03657
26	0.05576	0.25587	0.21588	0.01703	0.02379	0.21769	0.01710	0.05506	0.03933	0.02186	0.01248	0.01417	0.01001	0.00718	0.00616	0.00198	0.01018	0.00489	0.00375	0.00982
27	0.61990	0.11860	0.05050	0.01105	0.01619	0.03979	0.00988	0.02221	0.01339	0.03012	0.01052	0.01226	0.00837	0.00685	0.00481	0.00219	0.00655	0.00411	0.00430	0.00842

[dist]
# distance from previous block
# <min> <max>
0	1

[block]
# block no. 1 follows, 27 sequences, length 20
# corresponding to MSA columns:
# 177-196
name=unknown_B
#
# <colnr> <probs for GDERKNQSTAVLIFYWHMCP>
#	G	D	E	R	K	N	Q	S	T	A	V	L	I	F	Y	W	H	M	C	P
0	0.02535	0.02258	0.11914	0.01718	0.02352	0.02132	0.01550	0.53933	0.03082	0.04166	0.01748	0.01920	0.01295	0.04857	0.00903	0.00252	0.00852	0.00674	0.00665	0.01194
1	0.01341	0.00706	0.00759	0.00759	0.00926	0.00723	0.00573	0.01676	0.01508	0.02629	0.02364	0.02787	0.01897	0.01491	0.09895	0.00309	0.00565	0.00706	0.67699	0.00688
2	0.01107	0.00853	0.01304	0.01227	0.01368	0.00940	0.04874	0.01336	0.01202	0.01700	0.02037	0.03294	0.01999	0.20545	0.51617	0.01029	0.01659	0.00864	0.00408	0.00636
3	0.00912	0.00649	0.00859	0.01024	0.01065	0.00608	0.00678	0.01036	0.01406	0.01874	0.04012	0.70321	0.04810	0.05567	0.01076	0.00320	0.00444	0.02064	0.00678	0.00596
4	0.01039	0.00759	0.01034	0.01050	0.01147	0.00824	0.00757	0.01217	0.01216	0.01683	0.02622	0.10403	0.06511	0.22950	0.42355	0.00926	0.01408	0.01043	0.00457	0.00599
5	0.07688	0.01407	0.01768	0.01364	0.01935	0.01322	0.01127	0.13852	0.02297	0.55269	0.02631	0.02328	0.01683	0.00901	0.00729	0.00229	0.00659	0.00714	0.00863	0.01236
6	0.02822	0.02079	0.02228	0.01708	0.02302	0.02302	0.01411	0.66804	0.03490	0.04679	0.01782	0.01782	0.01262	0.00891	0.00743	0.00223	0.00817	0.00668	0.00743	0.01262
7	0.01770	0.06016	0.02910	0.20282	0.45183	0.01829	0.04776	0.04237	0.01690	0.02329	0.01373	0.01837	0.01119	0.00685	0.00727	0.00224	0.00915	0.00654	0.00368	0.01075
8	0.01935	0.01835	0.01777	0.04743	0.08091	0.16364	0.01277	0.11817	0.15549	0.02679	0.06514	0.03053	0.06671	0.03189	0.04674	0.00296	0.00873	0.04390	0.03326	0.00947
9	0.07862	0.01274	0.01685	0.01300	0.01868	0.01125	0.01074	0.03532	0.02073	0.65821	0.02816	0.02448	0.01776	0.00905	0.00729	0.00230	0.00628	0.00726	0.00891	0.01236
10	0.16398	0.01679	0.04224	0.01432	0.01986	0.01692	0.01207	0.21894	0.12819	0.25805	0.02212	0.02077	0.01520	0.00876	0.00694	0.00231	0.00686	0.00670	0.00737	0.01161
11	0.00904	0.00646	0.00861	0.01034	0.01077	0.00603	0.00689	0.01034	0.01421	0.01895	0.04092	0.73426	0.04910	0.02326	0.00948	0.00301	0.00431	0.02110	0.00689	0.00603
12	0.02459	0.01682	0.01885	0.05492	0.02164	0.01835	0.01266	0.41387	0.06879	0.10173	0.02116	0.02324	0.01573	0.00934	0.00723	0.00224	0.00722	0.03176	0.11859	0.01128
13	0.01103	0.00762	0.00924	0.00894	0.01058	0.00697	0.00637	0.01329	0.01758	0.05214	0.34344	0.10971	0.19510	0.15831	0.01445	0.00338	0.00447	0.01376	0.00711	0.00651
14	0.07140	0.03750	0.01911	0.01638	0.05763	0.01841	0.01245	0.25743	0.22627	0.09529	0.08953	0.02480	0.02158	0.00959	0.00734	0.00232	0.00671	0.00771	0.00718	0.01136
15	0.07815	0.33730	0.14143	0.01606	0.02233	0.18493	0.03276	0.05016	0.01718	0.02117	0.01178	0.01382	0.00982	0.00824	0.02479	0.00217	0.01001	0.00476	0.00364	0.00950
16	0.24266	0.34153	0.02583	0.01285	0.01837	0.08605	0.01146	0.07472	0.01709	0.09162	0.01289	0.01387	0.01022	0.00711	0.00537	0.00194	0.00767	0.00462	0.00457	0.00957
17	0.53672	0.01746	0.09241	0.01508	0.04871	0.01646	0.08736	0.02184	0.01420	0.03051	0.04984	0.01613	0.01225	0.00729	0.00571	0.00233	0.00712	0.00538	0.00450	0.00870
18	0.00908	0.00753	0.00795	0.00785	0.01022	0.00640	0.00589	0.01126	0.01766	0.02180	0.18536	0.06857	0.57854	0.01815	0.00877	0.00248	0.00371	0.01527	0.00712	0.00640
19	0.01748	0.13159	0.12296	0.05539	0.03301	0.01972	0.38049	0.04782	0.04199	0.02352	0.01573	0.04741	0.01271	0.00736	0.00781	0.00235	0.01076	0.00793	0.00398	0.00999

[dist]
# distance from previous block
# <min> <max>
0	1

[block]
# block no. 2 follows, 27 sequences, length 9
# corresponding to MSA columns:
# 198-206
name=unknown_C
#
# <colnr> <probs for GDERKNQSTAVLIFYWHMCP>
#	G	D	E	R	K	N	Q	S	T	A	V	L	I	F	Y	W	H	M	C	P
0	0.79154	0.01436	0.01091	0.00976	0.01436	0.01665	0.00804	0.02182	0.01263	0.03331	0.01034	0.01206	0.00804	0.00689	0.00459	0.00230	0.00574	0.00402	0.00459	0.00804
1	0.01624	0.01787	0.13991	0.01739	0.02091	0.01652	0.05452	0.06464	0.01489	0.06310	0.01581	0.02203	0.01368	0.05825	0.19815	0.00538	0.24067	0.00712	0.00417	0.00877
2	0.01985	0.74357	0.03890	0.01270	0.01905	0.02937	0.01270	0.02223	0.01508	0.01747	0.01032	0.01191	0.00953	0.00635	0.00476	0.00159	0.00794	0.00397	0.00318	0.00953
3	0.01185	0.00775	0.01008	0.01001	0.01151	0.00728	0.00737	0.01439	0.01788	0.06507	0.36780	0.16707	0.05377	0.13011	0.01351	0.00332	0.00475	0.08239	0.00730	0.00677
4	0.01823	0.02099	0.14786	0.12590	0.36409	0.01805	0.02154	0.09273	0.07003	0.02636	0.01543	0.01875	0.01203	0.00732	0.00733	0.00229	0.00905	0.00656	0.00423	0.01124
5	0.00925	0.00745	0.00812	0.00811	0.01020	0.00645	0.00595	0.01134	0.01731	0.02173	0.19790	0.10936	0.48885	0.05249	0.01019	0.00273	0.00390	0.01532	0.00705	0.00632
6	0.01765	0.02171	0.15865	0.03832	0.48310	0.01769	0.07332	0.02380	0.04863	0.02440	0.01471	0.01844	0.01180	0.00684	0.00741	0.00227	0.00938	0.00665	0.00376	0.01147
7	0.00904	0.00646	0.00861	0.01034	0.01077	0.00603	0.00689	0.01034	0.01421	0.01895	0.04092	0.73426	0.04910	0.02326	0.00948	0.00301	0.00431	0.02110	0.00689	0.00603
8	0.01511	0.03408	0.56585	0.08388	0.03456	0.01735	0.09985	0.02314	0.01581	0.02314	0.01351	0.01653	0.00966	0.00699	0.00728	0.00238	0.01105	0.00596	0.00322	0.01062

[dist]
# distance from previous block
# <min> <max>
0	1

[block]
# block no. 3 follows, 27 sequences, length 78
# corresponding to MSA columns:
# 208-285
name=unknown_D
#
# <colnr> <probs for GDERKNQSTAVLIFYWHMCP>
#	G	D	E	R	K	N	Q	S	T	A	V	L	I	F	Y	W	H	M	C	P
0	0.01792	0.32922	0.13577	0.05023	0.02196	0.02196	0.01485	0.06664	0.08826	0.02268	0.01677	0.01870	0.03288	0.00985	0.03351	0.00242	0.04940	0.00584	0.05145	0.00970
1	0.02354	0.08995	0.02372	0.13956	0.09585	0.20207	0.01573	0.19232	0.06272	0.06136	0.01560	0.01747	0.01188	0.00793	0.00699	0.00215	0.00965	0.00605	0.00509	0.01039
2	0.32991	0.06170	0.08468	0.01429	0.01921	0.03791	0.04939	0.07129	0.01578	0.07756	0.01420	0.01696	0.01118	0.01434	0.10477	0.00365	0.05384	0.00561	0.00468	0.00905
3	0.49810	0.01563	0.01550	0.05302	0.01945	0.01754	0.03984	0.12637	0.06185	0.03360	0.01340	0.01501	0.01017	0.00736	0.00564	0.00226	0.00667	0.00512	0.00513	0.04832
4	0.00904	0.00646	0.00861	0.01034	0.01077	0.00603	0.00689	0.01034	0.01421	0.01895	0.04092	0.73426	0.04910	0.02326	0.00948	0.00301	0.00431	0.02110	0.00689	0.00603
5	0.01586	0.01351	0.01598	0.04238	0.01929	0.01072	0.00953	0.04538	0.01617	0.02489	0.01338	0.01569	0.01101	0.00572	0.00566	0.00121	0.00580	0.00459	0.00447	0.71875
6	0.01964	0.02295	0.24880	0.02092	0.07188	0.01538	0.12784	0.02712	0.09212	0.16739	0.02173	0.02248	0.04405	0.00812	0.00749	0.00230	0.00887	0.00726	0.00531	0.05837
7	0.02320	0.08480	0.02555	0.02087	0.04830	0.42559	0.10492	0.02586	0.01844	0.01903	0.01231	0.01561	0.01044	0.01076	0.05140	0.00272	0.08198	0.00570	0.00371	0.00882
8	0.01051	0.00759	0.00992	0.00934	0.01109	0.00700	0.00700	0.01401	0.02101	0.02977	0.68888	0.05545	0.07005	0.01518	0.00876	0.00233	0.00350	0.01343	0.00817	0.00700
9	0.01070	0.00906	0.01092	0.05168	0.05561	0.00857	0.00830	0.01458	0.06551	0.02282	0.17758	0.08103	0.42399	0.01624	0.00854	0.00247	0.00455	0.01382	0.00677	0.00725
10	0.01614	0.07381	0.51893	0.02287	0.10054	0.01741	0.04589	0.02347	0.01624	0.04803	0.03924	0.01773	0.01233	0.00732	0.00709	0.00229	0.01017	0.00600	0.00362	0.01085
11	0.01808	0.01734	0.02960	0.09133	0.64933	0.01756	0.02264	0.02252	0.01676	0.02390	0.01391	0.01847	0.01163	0.00667	0.00735	0.00222	0.00889	0.00661	0.00365	0.01152
12	0.01080	0.00720	0.00810	0.00810	0.00810	0.00720	0.00450	0.01080	0.01080	0.01439	0.02339	0.04858	0.02699	0.73910	0.03779	0.00720	0.00720	0.01080	0.00450	0.00450
13	0.01539	0.01319	0.01539	0.01100	0.01759	0.00990	0.00880	0.01869	0.01539	0.02419	0.01319	0.01539	0.01100	0.00550	0.00550	0.00110	0.00550	0.00440	0.00440	0.78449
14	0.01630	0.01641	0.02369	0.02002	0.02036	0.02256	0.04553	0.01813	0.01165	0.01813	0.00998	0.01641	0.00981	0.01269	0.02366	0.00321	0.69337	0.00660	0.00327	0.00821
15	0.00880	0.00741	0.00764	0.00782	0.01011	0.00624	0.00577	0.01062	0.01663	0.01994	0.07157	0.14172	0.62185	0.01927	0.00885	0.00256	0.00382	0.01624	0.00689	0.00624
16	0.04928	0.01529	0.02783	0.46975	0.08612	0.01716	0.18705	0.02057	0.01557	0.02117	0.01359	0.01943	0.01028	0.00705	0.00764	0.00246	0.01032	0.00704	0.00350	0.00891
17	0.17409	0.38933	0.06948	0.01415	0.01984	0.18644	0.01306	0.02398	0.01604	0.02113	0.01078	0.01252	0.00923	0.00681	0.00532	0.00185	0.00897	0.00426	0.00361	0.00910
18	0.01062	0.00790	0.01167	0.01167	0.01291	0.00914	0.00896	0.01309	0.01185	0.01704	0.02012	0.03048	0.01913	0.10197	0.66417	0.01161	0.01903	0.00815	0.00401	0.00648
19	0.05763	0.01610	0.02324	0.19599	0.32208	0.05553	0.01816	0.02364	0.05483	0.07826	0.01692	0.04136	0.01363	0.00789	0.00718	0.00229	0.00843	0.00700	0.03961	0.01023
20	0.02881	0.01349	0.01727	0.01306	0.01901	0.01177	0.01072	0.08891	0.02115	0.48739	0.02463	0.02237	0.01619	0.00833	0.00702	0.00202	0.00630	0.00670	0.00795	0.18692
21	0.01076	0.00710	0.00809	0.00828	0.00842	0.00705	0.00480	0.01107	0.01141	0.01557	0.02536	0.12287	0.02902	0.62358	0.03303	0.00646	0.00669	0.01173	0.04392	0.00479
22	0.01788	0.02239	0.15624	0.09319	0.39788	0.06047	0.06602	0.02385	0.04683	0.02357	0.01443	0.01821	0.01148	0.00696	0.00736	0.00227	0.00972	0.00651	0.00373	0.01100
23	0.01210	0.00782	0.01030	0.00980	0.01167	0.00716	0.00730	0.01521	0.01997	0.08135	0.53542	0.15872	0.06267	0.01596	0.00876	0.00244	0.00385	0.01415	0.00805	0.00730
24	0.01539	0.01319	0.01539	0.01100	0.01759	0.00990	0.00880	0.01869	0.01539	0.02419	0.01319	0.01539	0.01100	0.00550	0.00550	0.00110	0.00550	0.00440	0.00440	0.78449
25	0.02071	0.01469	0.01941	0.06418	0.07911	0.01353	0.04149	0.12807	0.01995	0.15301	0.02065	0.02160	0.05146	0.00776	0.00680	0.00184	0.00688	0.00652	0.00576	0.31657
26	0.10075	0.27127	0.02416	0.01330	0.01847	0.04957	0.01147	0.08397	0.13690	0.14078	0.03932	0.02030	0.01602	0.03478	0.00735	0.00224	0.00715	0.00618	0.00574	0.01028
27	0.01140	0.00822	0.01031	0.01104	0.01222	0.00809	0.00774	0.08730	0.01718	0.02308	0.09102	0.59545	0.04656	0.02093	0.00918	0.00287	0.00469	0.01880	0.00706	0.00688
28	0.01952	0.62698	0.06511	0.01324	0.01937	0.06667	0.01310	0.02221	0.01581	0.01852	0.05187	0.01481	0.01321	0.00699	0.00522	0.00169	0.00812	0.00466	0.00352	0.00938
29	0.02067	0.01071	0.01333	0.01113	0.01490	0.00985	0.00871	0.04313	0.06363	0.28485	0.18697	0.03784	0.08971	0.07059	0.01011	0.00263	0.00531	0.00969	0.05238	0.05384
30	0.01709	0.04988	0.10192	0.11691	0.40374	0.01770	0.11133	0.02209	0.01654	0.02305	0.01603	0.02014	0.03581	0.00714	0.00747	0.00228	0.00947	0.00701	0.00368	0.01073
31	0.02388	0.18109	0.02374	0.01522	0.02049	0.13901	0.01267	0.25477	0.07715	0.06076	0.01719	0.03864	0.01368	0.00844	0.00659	0.00199	0.00831	0.00623	0.02937	0.06079
32	0.00940	0.00696	0.00936	0.05341	0.01308	0.00673	0.00756	0.01090	0.01427	0.01883	0.04047	0.62465	0.08244	0.05144	0.01047	0.00312	0.00474	0.01949	0.00657	0.00612
33	0.00952	0.00688	0.00900	0.00988	0.01084	0.00636	0.00687	0.01156	0.01658	0.02257	0.25642	0.48023	0.08490	0.02039	0.00921	0.00277	0.00402	0.01832	0.00731	0.00636
34	0.01837	0.01764	0.03013	0.04557	0.69279	0.01764	0.02278	0.02278	0.01690	0.02425	0.01396	0.01837	0.01176	0.00661	0.00735	0.00220	0.00882	0.00661	0.00367	0.01176
35	0.01793	0.05254	0.01300	0.01016	0.01324	0.01226	0.00816	0.17050	0.02000	0.05126	0.02178	0.02449	0.01693	0.01178	0.05348	0.00255	0.00602	0.00678	0.47856	0.00856
36	0.01728	0.01956	0.04235	0.07802	0.03963	0.01862	0.62213	0.02345	0.01734	0.02345	0.01490	0.02001	0.01117	0.00634	0.00867	0.00250	0.01234	0.00861	0.00372	0.00989
37	0.00904	0.00646	0.00861	0.01034	0.01077	0.00603	0.00689	0.01034	0.01421	0.01895	0.04092	0.73426	0.04910	0.02326	0.00948	0.00301	0.00431	0.02110	0.00689	0.00603
38	0.03300	0.01313	0.01754	0.01344	0.01920	0.01165	0.01111	0.07469	0.02208	0.65825	0.02859	0.02481	0.01803	0.00917	0.00746	0.00229	0.00643	0.00742	0.00908	0.01263
39	0.01034	0.00758	0.00970	0.00917	0.01099	0.00694	0.00688	0.01369	0.02063	0.02885	0.63100	0.05696	0.12849	0.01552	0.00876	0.00235	0.00353	0.01364	0.00805	0.00694
40	0.15693	0.01191	0.01469	0.01185	0.01659	0.01110	0.00964	0.02929	0.01974	0.45100	0.15891	0.02911	0.02703	0.01001	0.00724	0.00230	0.00565	0.00808	0.00821	0.01072
41	0.01647	0.01096	0.03253	0.01033	0.01379	0.00993	0.00831	0.04549	0.10887	0.14841	0.04535	0.04486	0.28249	0.05466	0.00935	0.00260	0.00506	0.01082	0.13115	0.00858
42	0.01073	0.00719	0.00849	0.00865	0.00890	0.00728	0.00524	0.01127	0.01144	0.01567	0.02479	0.11303	0.02798	0.56992	0.10146	0.00704	0.00804	0.01136	0.03655	0.00496
43	0.07572	0.26904	0.05220	0.05148	0.02283	0.24968	0.01413	0.13985	0.02042	0.02431	0.01230	0.01400	0.01001	0.00735	0.00608	0.00193	0.00983	0.00491	0.00425	0.00967
44	0.02707	0.01691	0.01904	0.01475	0.02014	0.01766	0.01205	0.41055	0.02830	0.19931	0.02103	0.02135	0.01493	0.03536	0.00827	0.00233	0.00720	0.00692	0.06594	0.05086
45	0.07206	0.36302	0.11534	0.01489	0.02086	0.05721	0.03430	0.05952	0.01644	0.06268	0.01345	0.01577	0.01111	0.01209	0.07809	0.00296	0.03137	0.00521	0.00401	0.00961
46	0.68551	0.03960	0.04114	0.03294	0.03838	0.01713	0.00985	0.02185	0.01305	0.03165	0.01066	0.01264	0.00832	0.00689	0.00488	0.00228	0.00626	0.00424	0.00442	0.00834
47	0.01649	0.01956	0.12374	0.22090	0.26611	0.03773	0.08724	0.02241	0.04428	0.02264	0.01592	0.02277	0.01314	0.00788	0.00764	0.00241	0.00969	0.04546	0.00386	0.01011
48	0.01278	0.00682	0.00729	0.00768	0.00912	0.00672	0.00557	0.01576	0.01527	0.02575	0.02791	0.18400	0.02568	0.01188	0.00614	0.00201	0.00365	0.01006	0.60920	0.00672
49	0.01874	0.01390	0.01645	0.14478	0.05330	0.04490	0.01223	0.12465	0.08510	0.11985	0.03561	0.03544	0.20259	0.01137	0.00767	0.00235	0.00681	0.00937	0.04545	0.00945
50	0.02498	0.12522	0.06083	0.01909	0.02475	0.27376	0.09058	0.23948	0.02415	0.02849	0.01393	0.01555	0.01076	0.00770	0.00693	0.00206	0.01069	0.00580	0.00489	0.01035
51	0.14734	0.01118	0.01330	0.01099	0.01531	0.01045	0.00887	0.02639	0.01892	0.36851	0.12632	0.03291	0.10014	0.01073	0.00717	0.00228	0.00532	0.00866	0.06529	0.00994
52	0.01846	0.01595	0.01679	0.01511	0.01930	0.01846	0.01175	0.03945	0.67938	0.03105	0.03022	0.02770	0.02266	0.01007	0.00755	0.00252	0.00588	0.00839	0.00755	0.01175
53	0.75629	0.01402	0.01073	0.00963	0.01410	0.01621	0.00791	0.02162	0.01277	0.03305	0.01097	0.01277	0.00854	0.00697	0.00462	0.00227	0.00564	0.00415	0.03975	0.00799
54	0.00922	0.00659	0.00882	0.01054	0.01105	0.00618	0.00720	0.01064	0.01439	0.01915	0.04082	0.69461	0.04871	0.02309	0.00952	0.00304	0.00446	0.05899	0.00689	0.00608
55	0.01752	0.02003	0.04380	0.03129	0.03880	0.01877	0.66583	0.02378	0.01752	0.02378	0.01502	0.02003	0.01126	0.00626	0.00876	0.00250	0.01252	0.00876	0.00375	0.01001
56	0.00904	0.00646	0.00861	0.01034	0.01077	0.00603	0.00689	0.01034	0.01421	0.01895	0.04092	0.73426	0.04910	0.02326	0.00948	0.00301	0.00431	0.02110	0.00689	0.00603
57	0.01539	0.01319	0.01539	0.01100	0.01759	0.00990	0.00880	0.01869	0.01539	0.02419	0.01319	0.01539	0.01100	0.00550	0.00550	0.00110	0.00550	0.00440	0.00440	0.78449
58	0.79154	0.01436	0.01091	0.00976	0.01436	0.01665	0.00804	0.02182	0.01263	0.03331	0.01034	0.01206	0.00804	0.00689	0.00459	0.00230	0.00574	0.00402	0.00459	0.00804
59	0.00981	0.00756	0.00895	0.00861	0.01066	0.00671	0.00645	0.01266	0.01936	0.02585	0.44158	0.06190	0.31979	0.01664	0.00876	0.00240	0.00361	0.01433	0.00766	0.00671
60	0.00902	0.00657	0.00850	0.01005	0.01069	0.00605	0.00676	0.01037	0.01449	0.01906	0.04445	0.66593	0.11515	0.02280	0.00940	0.00296	0.00425	0.02054	0.00689	0.00605
61	0.01985	0.74357	0.03890	0.01270	0.01905	0.02937	0.01270	0.02223	0.01508	0.01747	0.01032	0.01191	0.00953	0.00635	0.00476	0.00159	0.00794	0.00397	0.00318	0.00953
62	0.01571	0.15565	0.59061	0.01975	0.02996	0.01926	0.02498	0.02330	0.01558	0.02251	0.01282	0.01505	0.00942	0.00694	0.00667	0.00222	0.01047	0.00523	0.00314	0.01073
63	0.00903	0.00652	0.00855	0.01018	0.01073	0.00604	0.00682	0.01035	0.01437	0.01901	0.04288	0.69636	0.08574	0.02300	0.00944	0.00299	0.00428	0.02079	0.00689	0.00604
64	0.01078	0.00726	0.00840	0.00840	0.00851	0.00736	0.00488	0.01099	0.01089	0.01462	0.02311	0.04703	0.02632	0.68462	0.09135	0.00757	0.00821	0.01057	0.00446	0.00467
65	0.02687	0.01927	0.02110	0.01634	0.02198	0.02105	0.01345	0.57071	0.03203	0.07692	0.01839	0.01889	0.01326	0.01198	0.05493	0.00285	0.00878	0.00674	0.00718	0.03728
66	0.01061	0.00795	0.01193	0.01193	0.01326	0.00928	0.00928	0.01326	0.01193	0.01723	0.01988	0.02916	0.01856	0.05568	0.70968	0.01193	0.01988	0.00795	0.00398	0.00663
67	0.01993	0.28863	0.10803	0.01536	0.02102	0.11602	0.01423	0.07077	0.18357	0.02376	0.01808	0.05823	0.01528	0.00868	0.00645	0.00208	0.00834	0.00653	0.00486	0.01014
68	0.79154	0.01436	0.01091	0.00976	0.01436	0.01665	0.00804	0.02182	0.01263	0.03331	0.01034	0.01206	0.00804	0.00689	0.00459	0.00230	0.00574	0.00402	0.00459	0.00804
69	0.01539	0.01319	0.01539	0.01100	0.01759	0.00990	0.00880	0.01869	0.01539	0.02419	0.01319	0.01539	0.01100	0.00550	0.00550	0.00110	0.00550	0.00440	0.00440	0.78449
70	0.00904	0.00646	0.00861	0.01034	0.01077	0.00603	0.00689	0.01034	0.01421	0.01895	0.04092	0.73426	0.04910	0.02326	0.00948	0.00301	0.00431	0.02110	0.00689	0.00603
71	0.79154	0.01436	0.01091	0.00976	0.01436	0.01665	0.00804	0.02182	0.01263	0.03331	0.01034	0.01206	0.00804	0.00689	0.00459	0.00230	0.00574	0.00402	0.00459	0.00804
72	0.05770	0.01269	0.01702	0.01310	0.01880	0.01110	0.01082	0.03572	0.02097	0.67656	0.02868	0.02484	0.01804	0.00911	0.00737	0.00230	0.00630	0.00735	0.00904	0.01249
73	0.01194	0.01050	0.01248	0.01177	0.01310	0.04095	0.00899	0.01416	0.01662	0.02240	0.25751	0.16088	0.17396	0.03885	0.01313	0.00282	0.16352	0.01317	0.00631	0.00693
74	0.01076	0.00735	0.00889	0.00889	0.00916	0.00763	0.00548	0.01130	0.01103	0.01498	0.02267	0.04459	0.02525	0.59847	0.17605	0.00817	0.00981	0.01021	0.00439	0.00494
75	0.02472	0.05881	0.01999	0.01508	0.02007	0.01890	0.01226	0.35923	0.13251	0.13543	0.02326	0.08368	0.01853	0.03241	0.00840	0.00247	0.00715	0.00830	0.00733	0.01148
76	0.04290	0.10212	0.14348	0.02223	0.17404	0.05720	0.01680	0.06889	0.08963	0.06699	0.01604	0.01762	0.01238	0.00724	0.00663	0.00201	0.00822	0.00583	0.00469	0.13506
77	0.04989	0.09203	0.57214	0.02024	0.03019	0.04422	0.04510	0.02357	0.01575	0.02327	0.01294	0.01527	0.00942	0.00699	0.00681	0.00228	0.01064	0.00538	0.00325	0.01061

[dist]
# distance from previous block
# <min> <max>
0	1

[block]
# block no. 4 follows, 27 sequences, length 79
# corresponding to MSA columns:
# 287-365
name=unknown_E
#
# <colnr> <probs for GDERKNQSTAVLIFYWHMCP>
#	G	D	E	R	K	N	Q	S	T	A	V	L	I	F	Y	W	H	M	C	P
0	0.20742	0.01377	0.01583	0.01266	0.01782	0.01370	0.01038	0.10689	0.04469	0.39375	0.07012	0.02352	0.01908	0.00907	0.00689	0.00230	0.00619	0.00702	0.00778	0.01113
1	0.01023	0.00758	0.00953	0.00904	0.01092	0.00688	0.00678	0.01346	0.02035	0.02819	0.58911	0.05805	0.17080	0.01577	0.00876	0.00236	0.00354	0.01379	0.00796	0.00688
2	0.02670	0.01987	0.02132	0.01667	0.02227	0.02203	0.01365	0.59002	0.09057	0.04444	0.01972	0.04376	0.01478	0.00952	0.00751	0.00228	0.00783	0.00734	0.00742	0.01232
3	0.00914	0.00650	0.00859	0.01021	0.01062	0.00609	0.00676	0.01036	0.01403	0.01870	0.03996	0.69668	0.04789	0.06249	0.01103	0.00324	0.00447	0.02054	0.00676	0.00595
4	0.01315	0.01162	0.01504	0.01410	0.01525	0.05291	0.01121	0.01552	0.01244	0.01782	0.01696	0.02489	0.01580	0.04030	0.46847	0.00877	0.19969	0.00736	0.03157	0.00713
5	0.00904	0.00646	0.00861	0.01034	0.01077	0.00603	0.00689	0.01034	0.01421	0.01895	0.04092	0.73426	0.04910	0.02326	0.00948	0.00301	0.00431	0.02110	0.00689	0.00603
6	0.01289	0.00645	0.00967	0.00967	0.00967	0.00645	0.00645	0.00967	0.00967	0.01289	0.01289	0.02257	0.01289	0.02579	0.02901	0.78401	0.00645	0.00645	0.00322	0.00322
7	0.03331	0.01263	0.01723	0.01321	0.01895	0.01091	0.01091	0.03618	0.02125	0.69794	0.02929	0.02527	0.01838	0.00919	0.00747	0.00230	0.00632	0.00747	0.00919	0.01263
8	0.01539	0.01319	0.01539	0.01100	0.01759	0.00990	0.00880	0.01869	0.01539	0.02419	0.01319	0.01539	0.01100	0.00550	0.00550	0.00110	0.00550	0.00440	0.00440	0.78449
9	0.01846	0.01595	0.01679	0.01511	0.01930	0.01846	0.01175	0.03945	0.67938	0.03105	0.03022	0.02770	0.02266	0.01007	0.00755	0.00252	0.00588	0.00839	0.00755	0.01175
10	0.03301	0.01311	0.01752	0.01343	0.01919	0.01161	0.01110	0.07284	0.02204	0.66015	0.02862	0.02484	0.01804	0.00917	0.00746	0.00229	0.00642	0.00742	0.00909	0.01263
11	0.01752	0.02003	0.04380	0.03129	0.03880	0.01877	0.66583	0.02378	0.01752	0.02378	0.01502	0.02003	0.01126	0.00626	0.00876	0.00250	0.01252	0.00876	0.00375	0.01001
12	0.02671	0.04600	0.08160	0.01575	0.05121	0.01418	0.01317	0.09005	0.09219	0.39987	0.04736	0.04891	0.01958	0.00951	0.00743	0.00231	0.00689	0.00780	0.00768	0.01180
13	0.01051	0.00759	0.00992	0.00934	0.01109	0.00700	0.00700	0.01401	0.02101	0.02977	0.68888	0.05545	0.07005	0.01518	0.00876	0.00233	0.00350	0.01343	0.00817	0.00700
14	0.01887	0.01731	0.04118	0.24356	0.03131	0.05058	0.05073	0.19460	0.04205	0.02721	0.01599	0.04373	0.01298	0.01100	0.03518	0.00284	0.11842	0.00722	0.02570	0.00954
15	0.02372	0.01048	0.01412	0.01164	0.01565	0.00923	0.00927	0.02675	0.02083	0.41847	0.27461	0.06936	0.03898	0.01206	0.00804	0.00234	0.00518	0.01031	0.00870	0.01024
16	0.01310	0.00902	0.01186	0.01116	0.01277	0.00953	0.04201	0.05220	0.01533	0.02327	0.02645	0.22052	0.02652	0.08437	0.08334	0.00380	0.05364	0.01130	0.28284	0.00700
17	0.00888	0.00747	0.00771	0.00776	0.01012	0.00630	0.00578	0.01082	0.01701	0.02053	0.10711	0.10387	0.62362	0.01883	0.00881	0.00252	0.00377	0.01582	0.00696	0.00630
18	0.01063	0.00787	0.01151	0.01151	0.01269	0.00905	0.00875	0.01299	0.01181	0.01692	0.02027	0.03130	0.01949	0.13094	0.63569	0.01141	0.01849	0.00827	0.00403	0.00639
19	0.12117	0.01690	0.02537	0.19618	0.42590	0.04567	0.01996	0.02205	0.01603	0.02399	0.01320	0.01765	0.01074	0.00688	0.00697	0.00227	0.00884	0.00619	0.00372	0.01032
20	0.05294	0.34898	0.13165	0.01573	0.02198	0.12128	0.01526	0.11658	0.04499	0.02389	0.01278	0.01432	0.01043	0.00741	0.00655	0.00197	0.03415	0.00497	0.00411	0.01004
21	0.05304	0.01428	0.01612	0.01176	0.01818	0.01199	0.00948	0.10690	0.01791	0.02768	0.01369	0.01557	0.01108	0.00603	0.00572	0.00131	0.00587	0.00469	0.00482	0.64389
22	0.01768	0.01376	0.04625	0.01322	0.01656	0.01335	0.01064	0.25777	0.02301	0.05264	0.12199	0.23921	0.03370	0.07332	0.01074	0.00292	0.00631	0.03099	0.00698	0.00897
23	0.47895	0.12172	0.11481	0.01268	0.01844	0.04632	0.01211	0.04549	0.04545	0.02943	0.01199	0.01353	0.00934	0.00709	0.00529	0.00220	0.00720	0.00455	0.00439	0.00902
24	0.38516	0.06617	0.05599	0.01902	0.16241	0.01713	0.01318	0.05358	0.01615	0.10749	0.03228	0.01659	0.01212	0.00739	0.00591	0.00223	0.00696	0.00543	0.00498	0.00982
25	0.02099	0.29527	0.13095	0.01548	0.02159	0.09854	0.01497	0.17559	0.02086	0.02646	0.03807	0.01990	0.01442	0.00834	0.00640	0.00202	0.00869	0.03898	0.03243	0.01006
26	0.01596	0.01365	0.01602	0.01164	0.01790	0.01103	0.00936	0.04534	0.01601	0.02483	0.01323	0.01553	0.01100	0.00598	0.00645	0.00125	0.03892	0.00459	0.00447	0.71685
27	0.01038	0.00759	0.00966	0.01059	0.01172	0.00734	0.00772	0.01319	0.04640	0.02126	0.13357	0.37077	0.09127	0.09432	0.01229	0.00336	0.00498	0.13030	0.00685	0.00644
28	0.01541	0.03516	0.59242	0.02431	0.10192	0.01737	0.06366	0.02345	0.01591	0.02360	0.01349	0.01621	0.00976	0.00696	0.00718	0.00234	0.01083	0.00579	0.00323	0.01100
29	0.01030	0.00868	0.00907	0.00877	0.01142	0.00802	0.00664	0.01499	0.10814	0.02269	0.14011	0.06360	0.52662	0.01719	0.00860	0.00249	0.00402	0.01441	0.00713	0.00710
30	0.01110	0.00776	0.00954	0.00904	0.01081	0.00744	0.00683	0.01434	0.01922	0.02784	0.47305	0.05097	0.13185	0.01435	0.00865	0.00228	0.02838	0.01228	0.14734	0.00694
31	0.01750	0.01719	0.02798	0.02182	0.06497	0.04353	0.27604	0.05395	0.01745	0.02496	0.01476	0.01832	0.01166	0.00656	0.00762	0.00193	0.03040	0.00665	0.05547	0.28125
32	0.00904	0.00646	0.00861	0.01034	0.01077	0.00603	0.00689	0.01034	0.01421	0.01895	0.04092	0.73426	0.04910	0.02326	0.00948	0.00301	0.00431	0.02110	0.00689	0.00603
33	0.01664	0.02603	0.30165	0.03007	0.30540	0.05610	0.02260	0.02252	0.01693	0.02389	0.06145	0.02258	0.01614	0.00809	0.00742	0.00231	0.00950	0.03603	0.00392	0.01070
34	0.01517	0.07896	0.66258	0.02067	0.03138	0.01794	0.02658	0.02344	0.01564	0.02316	0.01315	0.01546	0.00941	0.00701	0.00692	0.00231	0.01080	0.00540	0.00314	0.01089
35	0.01688	0.01375	0.06043	0.01273	0.01616	0.03690	0.01042	0.07877	0.13726	0.10671	0.23236	0.13636	0.03863	0.05655	0.00992	0.00273	0.00587	0.01133	0.00721	0.00904
36	0.02473	0.17577	0.05865	0.01779	0.02236	0.48674	0.01464	0.02783	0.04565	0.01880	0.01203	0.01388	0.01008	0.00764	0.00698	0.00194	0.03680	0.00486	0.00379	0.00902
37	0.76058	0.04361	0.01203	0.00988	0.01455	0.01716	0.00823	0.02184	0.01273	0.03267	0.01034	0.01205	0.00810	0.00687	0.00460	0.00227	0.00583	0.00402	0.00454	0.00810
38	0.01051	0.00759	0.00992	0.00934	0.01109	0.00700	0.00700	0.01401	0.02101	0.02977	0.68888	0.05545	0.07005	0.01518	0.00876	0.00233	0.00350	0.01343	0.00817	0.00700
39	0.01289	0.00645	0.00967	0.00967	0.00967	0.00645	0.00645	0.00967	0.00967	0.01289	0.01289	0.02257	0.01289	0.02579	0.02901	0.78401	0.00645	0.00645	0.00322	0.00322
40	0.02548	0.01937	0.02170	0.10209	0.02603	0.02175	0.01465	0.52346	0.10018	0.04177	0.01857	0.01910	0.01335	0.00885	0.00744	0.00229	0.00814	0.00685	0.00694	0.01200
41	0.02171	0.03516	0.01613	0.01321	0.01762	0.01425	0.01053	0.03303	0.33010	0.24471	0.08223	0.03301	0.09355	0.01095	0.00766	0.00240	0.00569	0.00908	0.00793	0.01105
42	0.01770	0.02164	0.14972	0.05282	0.38665	0.06580	0.04231	0.04340	0.01749	0.02419	0.05295	0.02033	0.01486	0.01004	0.04587	0.00277	0.00997	0.00682	0.00398	0.01071
43	0.79154	0.01436	0.01091	0.00976	0.01436	0.01665	0.00804	0.02182	0.01263	0.03331	0.01034	0.01206	0.00804	0.00689	0.00459	0.00230	0.00574	0.00402	0.00459	0.00804
44	0.01729	0.01295	0.01536	0.01114	0.01751	0.00990	0.00894	0.02049	0.01613	0.10325	0.01708	0.01836	0.03368	0.00636	0.00583	0.00129	0.00554	0.00512	0.00504	0.66875
45	0.01668	0.01461	0.02329	0.21813	0.34710	0.01562	0.01854	0.06105	0.01721	0.02436	0.01717	0.05478	0.01477	0.00838	0.00730	0.00229	0.00817	0.02531	0.09534	0.00990
46	0.02404	0.11416	0.02427	0.06220	0.02364	0.02318	0.01454	0.41921	0.05745	0.03627	0.01596	0.01741	0.01209	0.00912	0.00951	0.00232	0.11100	0.00637	0.00601	0.01125
47	0.01289	0.00645	0.00967	0.00967	0.00967	0.00645	0.00645	0.00967	0.00967	0.01289	0.01289	0.02257	0.01289	0.02579	0.02901	0.78401	0.00645	0.00645	0.00322	0.00322
48	0.04419	0.03749	0.67461	0.02073	0.03146	0.01722	0.02670	0.02345	0.01556	0.02388	0.01321	0.01554	0.00935	0.00705	0.00696	0.00235	0.01077	0.00543	0.00319	0.01086
49	0.73480	0.01437	0.01176	0.03833	0.01599	0.01685	0.00881	0.02158	0.01268	0.03222	0.01043	0.01251	0.00817	0.00712	0.00537	0.00234	0.02994	0.00420	0.00450	0.00805
50	0.01384	0.00692	0.00692	0.00692	0.00865	0.00692	0.00519	0.01730	0.01557	0.02768	0.02422	0.02768	0.01903	0.00865	0.00519	0.00173	0.00346	0.00692	0.78031	0.00692
51	0.01061	0.00795	0.01193	0.01193	0.01326	0.00928	0.00928	0.01326	0.01193	0.01723	0.01988	0.02916	0.01856	0.05568	0.70968	0.01193	0.01988	0.00795	0.00398	0.00663
52	0.01061	0.00795	0.01193	0.01193	0.01326	0.00928	0.00928	0.01326	0.01193	0.01723	0.01988	0.02916	0.01856	0.05568	0.70968	0.01193	0.01988	0.00795	0.00398	0.00663
53	0.01093	0.01025	0.06893	0.01050	0.01304	0.00793	0.00892	0.01487	0.02042	0.02897	0.60799	0.05307	0.06389	0.01467	0.00866	0.00238	0.00426	0.03528	0.00769	0.00734
54	0.01061	0.00795	0.01193	0.01193	0.01326	0.00928	0.00928	0.01326	0.01193	0.01723	0.01988	0.02916	0.01856	0.05568	0.70968	0.01193	0.01988	0.00795	0.00398	0.00663
55	0.01541	0.03527	0.59965	0.02484	0.13164	0.01730	0.02673	0.02340	0.01586	0.02362	0.01342	0.01608	0.00976	0.00699	0.00710	0.00233	0.01065	0.00566	0.00322	0.01109
56	0.01051	0.00759	0.00992	0.00934	0.01109	0.00700	0.00700	0.01401	0.02101	0.02977	0.68888	0.05545	0.07005	0.01518	0.00876	0.00233	0.00350	0.01343	0.00817	0.00700
57	0.02374	0.05917	0.02008	0.01500	0.01991	0.01985	0.01236	0.45444	0.06306	0.03902	0.01901	0.02032	0.01433	0.01352	0.07799	0.00313	0.00866	0.00677	0.09854	0.01112
58	0.01051	0.00759	0.00992	0.00934	0.01109	0.00700	0.00700	0.01401	0.02101	0.02977	0.68888	0.05545	0.07005	0.01518	0.00876	0.00233	0.00350	0.01343	0.00817	0.00700
59	0.01061	0.00795	0.01193	0.01193	0.01326	0.00928	0.00928	0.01326	0.01193	0.01723	0.01988	0.02916	0.01856	0.05568	0.70968	0.01193	0.01988	0.00795	0.00398	0.00663
60	0.01624	0.01624	0.02274	0.01949	0.01949	0.02274	0.01624	0.01787	0.01137	0.01787	0.00975	0.01624	0.00975	0.01299	0.02436	0.00325	0.72552	0.00650	0.00325	0.00812
61	0.01538	0.01327	0.01611	0.01209	0.01746	0.01148	0.00970	0.01813	0.01455	0.02276	0.01271	0.01587	0.01092	0.00755	0.00927	0.04074	0.10431	0.00479	0.00418	0.63873
62	0.02667	0.01979	0.02115	0.01651	0.02212	0.02197	0.01354	0.57752	0.10368	0.04442	0.01938	0.01923	0.01393	0.00903	0.00736	0.00224	0.00776	0.00688	0.03449	0.01233
63	0.01900	0.01583	0.01680	0.01504	0.01929	0.01819	0.01172	0.03933	0.65555	0.05521	0.03018	0.02761	0.02251	0.01004	0.00755	0.00251	0.00589	0.00836	0.00761	0.01178
64	0.01095	0.00787	0.01012	0.01128	0.01231	0.00771	0.00807	0.06438	0.01623	0.02160	0.03885	0.59957	0.04539	0.02177	0.00940	0.00300	0.00492	0.09301	0.00693	0.00666
65	0.01641	0.01663	0.03062	0.27886	0.22422	0.01797	0.20417	0.02131	0.01589	0.02172	0.01364	0.01917	0.01079	0.00732	0.00917	0.00247	0.06915	0.00721	0.00353	0.00972
66	0.00927	0.00741	0.00830	0.00834	0.01040	0.00644	0.00615	0.01152	0.01771	0.02254	0.23648	0.14505	0.44754	0.01835	0.00885	0.00252	0.00376	0.01570	0.00724	0.00644
67	0.01489	0.03840	0.70064	0.02116	0.03213	0.01724	0.02743	0.02351	0.01567	0.02351	0.01332	0.01567	0.00940	0.00705	0.00705	0.00235	0.01097	0.00549	0.00313	0.01097
68	0.01815	0.01709	0.02729	0.07709	0.53596	0.01773	0.02067	0.02558	0.13647	0.02519	0.01686	0.02014	0.01363	0.00728	0.00739	0.00228	0.00835	0.00693	0.00435	0.01157
69	0.01369	0.00697	0.00715	0.00715	0.00886	0.00703	0.00538	0.01711	0.01540	0.02719	0.02402	0.02775	0.01901	0.01083	0.03787	0.00220	0.00422	0.00697	0.74430	0.00691
70	0.01128	0.00860	0.01144	0.01121	0.01256	0.00952	0.00836	0.01494	0.06607	0.01991	0.12024	0.07578	0.05654	0.14846	0.35741	0.00789	0.03762	0.01020	0.00520	0.00676
71	0.03180	0.01398	0.01793	0.01386	0.01955	0.01304	0.01141	0.12695	0.05783	0.56949	0.02769	0.02433	0.01778	0.00920	0.00746	0.00230	0.00656	0.00740	0.00885	0.01259
72	0.02724	0.03436	0.02081	0.01891	0.02276	0.67295	0.01421	0.03016	0.05568	0.01885	0.01246	0.01414	0.01025	0.00778	0.00674	0.00194	0.01299	0.00497	0.00402	0.00877
73	0.01985	0.74357	0.03890	0.01270	0.01905	0.02937	0.01270	0.02223	0.01508	0.01747	0.01032	0.01191	0.00953	0.00635	0.00476	0.00159	0.00794	0.00397	0.00318	0.00953
74	0.01539	0.01319	0.01539	0.01100	0.01759	0.00990	0.00880	0.01869	0.01539	0.02419	0.01319	0.01539	0.01100	0.00550	0.00550	0.00110	0.00550	0.00440	0.00440	0.78449
75	0.01061	0.00795	0.01193	0.01193	0.01326	0.00928	0.00928	0.01326	0.01193	0.01723	0.01988	0.02916	0.01856	0.05568	0.70968	0.01193	0.01988	0.00795	0.00398	0.00663
76	0.03278	0.01347	0.01775	0.01361	0.01937	0.01216	0.01124	0.10118	0.02265	0.63095	0.02811	0.02450	0.01778	0.00916	0.00746	0.00229	0.00651	0.00739	0.00901	0.01263
77	0.01402	0.01319	0.02227	0.72126	0.05113	0.01649	0.02062	0.01897	0.01484	0.01897	0.01319	0.01979	0.00990	0.00742	0.00742	0.00247	0.00990	0.00660	0.00330	0.00825
78	0.79154	0.01436	0.01091	0.00976	0.01436	0.01665	0.00804	0.02182	0.01263	0.03331	0.01034	0.01206	0.00804	0.00689	0.00459	0.00230	0.00574	0.00402	0.00459	0.00804

[dist]
# distance from previous block
# <min> <max>
0	1

[block]
# block no. 5 follows, 27 sequences, length 279
# corresponding to MSA columns:
# 367-635,650-659
name=unknown_F
#
# <colnr> <probs for GDERKNQSTAVLIFYWHMCP>
#	G	D	E	R	K	N	Q	S	T	A	V	L	I	F	Y	W	H	M	C	P
0	0.00917	0.00662	0.00869	0.01011	0.01076	0.00613	0.00684	0.01070	0.01499	0.02003	0.10411	0.63785	0.08196	0.02228	0.00937	0.00293	0.00420	0.02011	0.00701	0.00613
1	0.02822	0.02079	0.02228	0.01708	0.02302	0.02302	0.01411	0.66804	0.03490	0.04679	0.01782	0.01782	0.01262	0.00891	0.00743	0.00223	0.00817	0.00668	0.00743	0.01262
2	0.06109	0.01582	0.01891	0.01455	0.02033	0.01576	0.01202	0.27696	0.02613	0.42317	0.02417	0.02191	0.01577	0.00899	0.00734	0.00227	0.00700	0.00703	0.00834	0.01245
3	0.02017	0.71422	0.03816	0.01297	0.01922	0.05755	0.01277	0.02254	0.01533	0.01749	0.01037	0.01197	0.00953	0.00641	0.00484	0.00160	0.00816	0.00400	0.00320	0.00949
4	0.73412	0.01423	0.01139	0.01002	0.01470	0.01622	0.00826	0.02291	0.01329	0.08364	0.01177	0.01306	0.00882	0.00707	0.00481	0.00230	0.00579	0.00428	0.00494	0.00839
5	0.01776	0.01620	0.02616	0.34026	0.28909	0.01792	0.04816	0.10936	0.01848	0.02497	0.01420	0.01900	0.01103	0.00727	0.00745	0.00234	0.00937	0.00671	0.00402	0.01025
6	0.01475	0.01394	0.02359	0.60776	0.15892	0.01669	0.02098	0.01961	0.01519	0.01986	0.01332	0.01955	0.01021	0.00729	0.00741	0.00243	0.00972	0.00660	0.00336	0.00884
7	0.01846	0.01595	0.01679	0.01511	0.01930	0.01846	0.01175	0.03945	0.67938	0.03105	0.03022	0.02770	0.02266	0.01007	0.00755	0.00252	0.00588	0.00839	0.00755	0.01175
8	0.00954	0.00670	0.00861	0.00983	0.01019	0.00645	0.00638	0.01056	0.01327	0.01774	0.03570	0.53482	0.04237	0.20458	0.04335	0.00441	0.00563	0.01801	0.00618	0.00567
9	0.00933	0.00658	0.00853	0.00997	0.01033	0.00622	0.00650	0.01041	0.01366	0.01821	0.03808	0.62321	0.04552	0.13919	0.01406	0.00369	0.00478	0.01943	0.00650	0.00578
10	0.01143	0.00774	0.01009	0.00954	0.01141	0.00709	0.00714	0.01467	0.02035	0.06079	0.58514	0.10756	0.08749	0.01565	0.00875	0.00239	0.00371	0.01382	0.00808	0.00717
11	0.02666	0.13143	0.02346	0.01825	0.02242	0.61708	0.01412	0.02864	0.02023	0.01807	0.01132	0.01319	0.00956	0.00747	0.00643	0.00187	0.01265	0.00467	0.00374	0.00873
12	0.00908	0.00659	0.00849	0.00998	0.01060	0.00610	0.00668	0.01038	0.01436	0.01890	0.04368	0.64425	0.11158	0.04845	0.01042	0.00311	0.00436	0.02020	0.00681	0.00600
13	0.02025	0.53636	0.03332	0.01488	0.04693	0.10975	0.01303	0.02333	0.03877	0.01885	0.01200	0.01389	0.01058	0.00702	0.00596	0.00176	0.03537	0.00458	0.04397	0.00940
14	0.02841	0.02049	0.02209	0.01693	0.02287	0.02257	0.01399	0.64423	0.03439	0.07132	0.01826	0.01810	0.01284	0.00892	0.00743	0.00223	0.00810	0.00671	0.00749	0.01263
15	0.01924	0.58958	0.15795	0.01447	0.02156	0.05254	0.01543	0.02274	0.01541	0.01859	0.01091	0.01264	0.00951	0.00653	0.00525	0.00174	0.00869	0.00427	0.00319	0.00975
16	0.05162	0.34474	0.08096	0.03961	0.02165	0.04621	0.01380	0.10209	0.06412	0.14506	0.01634	0.01671	0.01233	0.00757	0.00609	0.00198	0.00795	0.00546	0.00513	0.01058
17	0.00932	0.00674	0.00872	0.00989	0.01065	0.00625	0.00672	0.01094	0.01530	0.02050	0.14199	0.55523	0.09584	0.05185	0.01051	0.00305	0.00427	0.01911	0.00699	0.00613
18	0.01787	0.01711	0.02895	0.04358	0.65718	0.01705	0.02189	0.02215	0.01690	0.02403	0.01716	0.02114	0.04713	0.00725	0.00742	0.00222	0.00856	0.00709	0.00384	0.01147
19	0.01591	0.01411	0.01563	0.01133	0.01782	0.03888	0.00903	0.01915	0.01563	0.02394	0.01312	0.01531	0.01094	0.00559	0.00555	0.00113	0.00582	0.00441	0.00437	0.75233
20	0.01573	0.11620	0.56522	0.02187	0.06538	0.01869	0.05055	0.02334	0.01574	0.02288	0.01308	0.01556	0.00961	0.00692	0.00688	0.00226	0.01058	0.00550	0.00319	0.01081
21	0.65874	0.01581	0.04129	0.03682	0.04346	0.01707	0.01020	0.05844	0.01427	0.03281	0.01113	0.01305	0.00857	0.00702	0.00506	0.00230	0.00636	0.00442	0.00461	0.00857
