[name]
unknown

[dist]
# distance from previous block
# <min> <max>
15	198

[block]
# block no. 0 follows, 30 sequences, length 20
# corresponding to MSA columns:
# 252-271
name=unknown_A
#
# <colnr> <probs for GDERKNQSTAVLIFYWHMCP>
#	G	D	E	R	K	N	Q	S	T	A	V	L	I	F	Y	W	H	M	C	P
0	0.01795	0.01562	0.02410	0.11941	0.34874	0.03731	0.05422	0.06874	0.01681	0.08042	0.01741	0.04594	0.04110	0.00823	0.00850	0.00224	0.07189	0.00717	0.00430	0.00988
1	0.08000	0.04630	0.01789	0.01374	0.01835	0.05543	0.01122	0.32423	0.02394	0.17676	0.05244	0.04622	0.01675	0.01272	0.06935	0.00290	0.00803	0.00695	0.00652	0.01027
2	0.01522	0.13242	0.21819	0.01727	0.05082	0.01621	0.09336	0.07821	0.07360	0.02327	0.05094	0.11361	0.06769	0.00984	0.00704	0.00220	0.00777	0.00852	0.00464	0.00917
3	0.35718	0.08467	0.01537	0.01130	0.01588	0.08014	0.00928	0.02432	0.07443	0.14204	0.04859	0.01704	0.01371	0.00739	0.00547	0.00199	0.00623	0.00520	0.00524	0.07455
4	0.01080	0.00831	0.01104	0.07129	0.01461	0.00904	0.00871	0.01407	0.07225	0.01806	0.02825	0.27935	0.03092	0.17547	0.09954	0.00462	0.03757	0.09455	0.00531	0.00625
5	0.01424	0.06438	0.01654	0.01728	0.16173	0.01129	0.01107	0.04440	0.01643	0.06027	0.09228	0.16457	0.11009	0.01243	0.00740	0.00218	0.00568	0.06878	0.00552	0.11346
6	0.01553	0.01207	0.01575	0.01595	0.12560	0.01065	0.01046	0.07318	0.01630	0.06749	0.02024	0.19617	0.01981	0.00992	0.00663	0.00180	0.00565	0.00868	0.00513	0.36301
7	0.03137	0.18728	0.02236	0.01812	0.12922	0.19152	0.01265	0.11308	0.01853	0.02210	0.02166	0.08452	0.10076	0.00950	0.00652	0.00198	0.00806	0.00745	0.00453	0.00879
8	0.02002	0.02113	0.02245	0.01877	0.03360	0.25879	0.15685	0.14001	0.04006	0.02338	0.01658	0.08119	0.01460	0.01444	0.10273	0.00333	0.01133	0.00747	0.00455	0.00872
9	0.02185	0.01672	0.01949	0.15699	0.02575	0.01872	0.01371	0.39862	0.13512	0.05558	0.01910	0.01981	0.02752	0.00839	0.00698	0.00216	0.00744	0.00666	0.00620	0.03320
10	0.01873	0.01599	0.01660	0.01451	0.01787	0.06786	0.01134	0.14362	0.38856	0.02766	0.02141	0.02193	0.01658	0.01121	0.01093	0.10213	0.07045	0.00698	0.00597	0.00967
11	0.01191	0.00945	0.01301	0.01524	0.09998	0.00991	0.00985	0.06861	0.01508	0.02052	0.03016	0.46727	0.03449	0.04794	0.01085	0.00288	0.06924	0.05085	0.00575	0.00701
12	0.07786	0.01643	0.01991	0.01541	0.02040	0.01759	0.09568	0.38775	0.06227	0.03585	0.01732	0.01849	0.01279	0.00782	0.00655	0.00203	0.00711	0.00638	0.12930	0.04306
13	0.02472	0.01635	0.12925	0.01380	0.01952	0.01262	0.01278	0.08736	0.09152	0.41202	0.08510	0.02447	0.02021	0.00888	0.00707	0.00219	0.00651	0.00725	0.00733	0.01106
14	0.10895	0.00778	0.00880	0.00926	0.01105	0.00734	0.00665	0.01196	0.01393	0.02039	0.05248	0.43978	0.16174	0.01755	0.00790	0.00251	0.00425	0.02967	0.00604	0.07197
15	0.01436	0.01043	0.01302	0.01312	0.01547	0.01090	0.01104	0.15525	0.03690	0.02541	0.03200	0.11013	0.03357	0.04718	0.01003	0.00308	0.00651	0.43760	0.00647	0.00754
16	0.00878	0.00621	0.00810	0.00941	0.00982	0.00585	0.00620	0.00994	0.01328	0.01779	0.06989	0.62677	0.04453	0.11352	0.01221	0.00330	0.00435	0.01826	0.00626	0.00553
17	0.01245	0.00887	0.01199	0.07122	0.01487	0.01050	0.00923	0.02961	0.01293	0.02021	0.01793	0.02404	0.01544	0.02598	0.28281	0.03395	0.11350	0.00677	0.27103	0.00666
18	0.11143	0.01043	0.01209	0.01149	0.01302	0.05022	0.00892	0.01489	0.01185	0.01867	0.01661	0.02473	0.01553	0.10053	0.39931	0.00751	0.09904	0.00686	0.06036	0.00650
19	0.02714	0.01250	0.01722	0.01613	0.10451	0.01147	0.01148	0.03150	0.07997	0.53264	0.02796	0.02532	0.05145	0.00886	0.00707	0.00218	0.00608	0.00738	0.00774	0.01140

[dist]
# distance from previous block
# <min> <max>
0	6

[block]
# block no. 1 follows, 30 sequences, length 13
# corresponding to MSA columns:
# 278-290
name=unknown_B
#
# <colnr> <probs for GDERKNQSTAVLIFYWHMCP>
#	G	D	E	R	K	N	Q	S	T	A	V	L	I	F	Y	W	H	M	C	P
0	0.12364	0.14373	0.24551	0.01790	0.06379	0.10993	0.04845	0.06622	0.03674	0.06356	0.01319	0.01476	0.00997	0.00683	0.00608	0.00203	0.00888	0.00513	0.00399	0.00965
1	0.09518	0.07528	0.02002	0.01671	0.02063	0.57945	0.01285	0.06496	0.01948	0.01987	0.01097	0.01263	0.00903	0.00712	0.00604	0.00183	0.01134	0.00449	0.00382	0.00831
2	0.60378	0.04386	0.01350	0.11579	0.01926	0.06607	0.00986	0.02065	0.01282	0.02777	0.01018	0.01247	0.00797	0.00658	0.00485	0.00213	0.00655	0.00418	0.00404	0.00768
3	0.01242	0.00891	0.01067	0.01060	0.01198	0.00917	0.00747	0.14124	0.01634	0.02191	0.02970	0.42072	0.03354	0.17057	0.05753	0.00400	0.00619	0.01449	0.00595	0.00661
4	0.00978	0.00707	0.00867	0.00871	0.00981	0.00660	0.00588	0.01131	0.01406	0.01924	0.19804	0.22875	0.08752	0.25885	0.04326	0.00412	0.00531	0.01312	0.00580	0.05410
5	0.01465	0.01398	0.05815	0.07795	0.01973	0.03197	0.02693	0.08233	0.06715	0.02325	0.04791	0.16057	0.02059	0.01162	0.02562	0.00233	0.07801	0.00870	0.02825	0.20031
6	0.01526	0.01874	0.12397	0.19858	0.17869	0.01633	0.27736	0.02064	0.01542	0.02119	0.01408	0.04177	0.01131	0.00683	0.00746	0.00228	0.01001	0.00729	0.00343	0.00936
7	0.03075	0.01278	0.01675	0.01284	0.01826	0.01160	0.01061	0.11097	0.02148	0.63696	0.02626	0.02293	0.01664	0.00861	0.00701	0.00215	0.00614	0.00693	0.00844	0.01187
8	0.01389	0.05704	0.08978	0.12625	0.02799	0.01466	0.25763	0.01764	0.01421	0.01921	0.01764	0.15767	0.01699	0.01120	0.01041	0.07345	0.05334	0.00929	0.00387	0.00783
9	0.06868	0.01274	0.01533	0.01248	0.01710	0.01241	0.01021	0.12856	0.08868	0.32023	0.08681	0.02866	0.02208	0.00967	0.00703	0.00216	0.00586	0.06318	0.00730	0.08081
10	0.01307	0.00887	0.01020	0.00979	0.01241	0.00843	0.00750	0.01790	0.12577	0.11365	0.07477	0.16986	0.32925	0.01583	0.00810	0.00246	0.00443	0.05328	0.00691	0.00754
11	0.01212	0.00606	0.00909	0.00909	0.00909	0.00606	0.00606	0.00909	0.00909	0.01212	0.01212	0.02121	0.01212	0.02424	0.02727	0.79697	0.00606	0.00606	0.00303	0.00303
12	0.01640	0.36212	0.28460	0.01593	0.04263	0.06019	0.01693	0.02075	0.01467	0.01887	0.01348	0.07882	0.01230	0.00771	0.00584	0.00191	0.00852	0.00581	0.00333	0.00918

[dist]
# distance from previous block
# <min> <max>
4	5

[block]
# block no. 2 follows, 30 sequences, length 35
# corresponding to MSA columns:
# 297-331
name=unknown_C
#
# <colnr> <probs for GDERKNQSTAVLIFYWHMCP>
#	G	D	E	R	K	N	Q	S	T	A	V	L	I	F	Y	W	H	M	C	P
0	0.04726	0.01858	0.02008	0.03710	0.02178	0.02041	0.01291	0.58757	0.05202	0.04108	0.01654	0.01682	0.01188	0.00812	0.00680	0.00205	0.00744	0.00613	0.00662	0.05881
1	0.02502	0.01809	0.01933	0.01499	0.02013	0.01995	0.01233	0.61289	0.03078	0.04197	0.01743	0.01779	0.01254	0.00835	0.00675	0.00204	0.00718	0.00631	0.09488	0.01127
2	0.00997	0.00677	0.00803	0.00818	0.00835	0.00686	0.00490	0.01034	0.01056	0.01421	0.02321	0.11060	0.02653	0.61334	0.10381	0.00685	0.00773	0.01079	0.00439	0.00457
3	0.02818	0.01162	0.05874	0.01188	0.01452	0.04855	0.04019	0.01617	0.05883	0.02415	0.32772	0.13747	0.07970	0.01435	0.00814	0.00242	0.00536	0.09839	0.00646	0.00716
4	0.01390	0.01179	0.01386	0.01028	0.01592	0.00895	0.00810	0.01682	0.01436	0.02227	0.01491	0.08520	0.01378	0.00677	0.00553	0.00121	0.00506	0.00564	0.00436	0.72130
5	0.06857	0.31775	0.02624	0.01409	0.01949	0.11423	0.01230	0.26686	0.02186	0.05864	0.01322	0.01398	0.01032	0.00716	0.00573	0.00182	0.00802	0.00491	0.00486	0.00996
6	0.01147	0.00741	0.00902	0.00879	0.01078	0.00657	0.00648	0.01362	0.01677	0.10068	0.24611	0.20891	0.27152	0.03841	0.00906	0.00252	0.00395	0.01422	0.00702	0.00668
7	0.01469	0.01631	0.06539	0.07857	0.02801	0.01565	0.31634	0.01884	0.01438	0.02014	0.01597	0.04079	0.03545	0.06380	0.01236	0.00267	0.13830	0.00777	0.00367	0.09089
8	0.00981	0.00719	0.00933	0.04923	0.01201	0.00696	0.00693	0.01202	0.01589	0.02167	0.33136	0.18051	0.09600	0.16323	0.01379	0.00329	0.00462	0.04384	0.00637	0.00595
9	0.00897	0.00700	0.00814	0.00807	0.00992	0.00616	0.00597	0.01133	0.01729	0.02264	0.33896	0.12959	0.36770	0.01664	0.00831	0.00234	0.00348	0.01434	0.00699	0.00616
10	0.02500	0.01734	0.01909	0.01497	0.01999	0.01880	0.01222	0.55009	0.02961	0.10485	0.04051	0.07862	0.01683	0.00969	0.00718	0.00216	0.00708	0.00766	0.00712	0.01120
11	0.06033	0.05078	0.20324	0.08522	0.24441	0.01620	0.07781	0.05624	0.01612	0.05573	0.01506	0.06062	0.01246	0.00753	0.00685	0.00219	0.00861	0.00674	0.00394	0.00992
12	0.00861	0.00620	0.00798	0.00935	0.00987	0.00577	0.00621	0.00977	0.01331	0.01757	0.03974	0.64209	0.09692	0.07782	0.01090	0.00310	0.00422	0.01869	0.00631	0.00558
13	0.00930	0.00708	0.00797	0.00825	0.00972	0.00647	0.00597	0.01083	0.01438	0.01803	0.08060	0.09250	0.36060	0.22519	0.01614	0.00373	0.00487	0.10695	0.00590	0.00552
14	0.01929	0.46680	0.02921	0.01401	0.05346	0.04645	0.01192	0.15002	0.01793	0.02209	0.01525	0.01770	0.04742	0.05313	0.00726	0.00202	0.00747	0.00535	0.00407	0.00915
15	0.02493	0.01085	0.01399	0.01124	0.01579	0.00957	0.00911	0.02833	0.05412	0.50813	0.06058	0.03410	0.16627	0.01080	0.00733	0.00221	0.00531	0.00890	0.00807	0.01037
16	0.01050	0.00727	0.01019	0.01019	0.01143	0.00823	0.00779	0.01296	0.01173	0.01770	0.01959	0.02830	0.01801	0.08800	0.56192	0.00931	0.01534	0.00748	0.13791	0.00615
17	0.44406	0.01546	0.08380	0.01131	0.01619	0.01462	0.01018	0.07556	0.05153	0.10860	0.05539	0.01965	0.05194	0.00810	0.00565	0.00218	0.00593	0.00580	0.00534	0.00871
18	0.01654	0.01704	0.06131	0.08931	0.28356	0.08883	0.08425	0.02053	0.01554	0.02201	0.01470	0.01866	0.01185	0.00714	0.00750	0.00207	0.05232	0.00624	0.17153	0.00907
19	0.06010	0.01275	0.01540	0.01616	0.10060	0.05286	0.01141	0.05473	0.05877	0.09738	0.10422	0.03805	0.08987	0.03195	0.01050	0.02361	0.08402	0.12363	0.00573	0.00825
20	0.58809	0.01504	0.04625	0.09549	0.02008	0.01609	0.05174	0.05483	0.01361	0.02943	0.01079	0.01307	0.00823	0.00660	0.00511	0.00219	0.00658	0.00452	0.00420	0.00804
21	0.01417	0.05755	0.01894	0.05932	0.05611	0.01394	0.09115	0.06210	0.01472	0.02128	0.01887	0.13104	0.01794	0.01703	0.11856	0.00368	0.13123	0.00860	0.13605	0.00771
22	0.00987	0.00671	0.00763	0.00780	0.00798	0.00660	0.00453	0.01010	0.01081	0.01428	0.02649	0.12082	0.06639	0.63593	0.03117	0.00610	0.00630	0.01143	0.00459	0.00447
23	0.11182	0.45296	0.04597	0.01339	0.01845	0.12482	0.01232	0.05775	0.01546	0.01992	0.01027	0.01211	0.00897	0.00683	0.00632	0.00178	0.06445	0.00420	0.00345	0.00876
24	0.01333	0.05972	0.28637	0.05100	0.11798	0.01375	0.01719	0.01924	0.05713	0.02196	0.10225	0.14156	0.02327	0.01166	0.03086	0.00256	0.00794	0.00884	0.00446	0.00893
25	0.01271	0.00777	0.00984	0.00904	0.01132	0.00695	0.00688	0.01548	0.01863	0.12968	0.43661	0.09281	0.18625	0.01455	0.00809	0.00226	0.00379	0.01263	0.00751	0.00719
26	0.01689	0.01197	0.01398	0.01236	0.01522	0.06921	0.03908	0.03856	0.08590	0.15569	0.15384	0.11627	0.09600	0.03045	0.00994	0.04424	0.02961	0.04625	0.00647	0.00806
27	0.05765	0.01821	0.09722	0.16665	0.27191	0.07413	0.05507	0.04728	0.01583	0.02193	0.01456	0.06121	0.01257	0.00989	0.04407	0.00265	0.00936	0.00683	0.00373	0.00927
28	0.00841	0.00703	0.00733	0.00735	0.00955	0.00595	0.00548	0.01029	0.01614	0.01965	0.12841	0.09782	0.61756	0.01755	0.00828	0.00236	0.00354	0.01477	0.00659	0.00595
29	0.00945	0.00717	0.00882	0.00978	0.01086	0.00694	0.00680	0.01273	0.08366	0.01969	0.08024	0.54790	0.13052	0.01962	0.00860	0.00269	0.00409	0.01755	0.00661	0.00630
30	0.04542	0.24734	0.02616	0.12089	0.09745	0.05790	0.01489	0.05513	0.01470	0.03675	0.01118	0.01470	0.00960	0.00813	0.01044	0.00219	0.20958	0.00526	0.00350	0.00878
31	0.01645	0.09758	0.05380	0.09055	0.03250	0.01837	0.43255	0.05534	0.01625	0.02183	0.01360	0.01807	0.01062	0.00894	0.04714	0.00275	0.04373	0.00724	0.00358	0.00911
32	0.00909	0.00699	0.00835	0.00851	0.01023	0.00625	0.00634	0.01142	0.01694	0.02223	0.30237	0.17608	0.31567	0.01719	0.00844	0.00243	0.00371	0.05471	0.00693	0.00615
33	0.04095	0.05803	0.08840	0.08521	0.13668	0.01741	0.05849	0.24002	0.04166	0.06170	0.02086	0.02213	0.08085	0.00836	0.00694	0.00215	0.00780	0.00700	0.00519	0.01016
34	0.01688	0.04991	0.01417	0.01190	0.01470	0.01171	0.00931	0.17570	0.01890	0.11851	0.02758	0.29944	0.02775	0.01844	0.08103	0.00332	0.00693	0.04709	0.03844	0.00829

[dist]
# distance from previous block
# <min> <max>
0	7

[block]
# block no. 3 follows, 30 sequences, length 166
# corresponding to MSA columns:
# 339-504
name=unknown_D
#
# <colnr> <probs for GDERKNQSTAVLIFYWHMCP>
#	G	D	E	R	K	N	Q	S	T	A	V	L	I	F	Y	W	H	M	C	P
0	0.07263	0.09284	0.02493	0.02477	0.23536	0.18153	0.05299	0.16324	0.01979	0.02568	0.01273	0.01514	0.01023	0.00706	0.00696	0.00201	0.03242	0.00555	0.00423	0.00991
1	0.00880	0.00626	0.00822	0.00964	0.01021	0.00585	0.00658	0.00998	0.01343	0.01773	0.03908	0.62647	0.08637	0.04060	0.01025	0.03108	0.00428	0.05326	0.00629	0.00559
2	0.00919	0.00687	0.00997	0.01075	0.01158	0.00645	0.04446	0.01075	0.01355	0.01827	0.03616	0.65166	0.04263	0.04060	0.00950	0.00289	0.00459	0.03530	0.02896	0.00588
3	0.01531	0.01363	0.01594	0.04473	0.01851	0.03335	0.00991	0.04284	0.01487	0.02247	0.01215	0.01478	0.01017	0.00622	0.00734	0.00138	0.08841	0.00454	0.00406	0.61939
4	0.01579	0.15696	0.23397	0.08670	0.02575	0.06272	0.09333	0.04876	0.01600	0.02129	0.08726	0.02041	0.01618	0.04361	0.00873	0.00233	0.04111	0.00644	0.00383	0.00883
5	0.01337	0.00815	0.01032	0.00931	0.01164	0.00750	0.00708	0.01687	0.04428	0.13515	0.47226	0.04809	0.12766	0.04611	0.00920	0.00241	0.00397	0.01169	0.00752	0.00741
6	0.01128	0.00822	0.01136	0.01109	0.01257	0.00930	0.00853	0.06336	0.01310	0.01875	0.02018	0.07456	0.01928	0.07678	0.55972	0.00932	0.01562	0.00827	0.04217	0.00654
7	0.02549	0.01849	0.05846	0.01520	0.02098	0.01839	0.01303	0.46572	0.05864	0.15758	0.01865	0.01814	0.01297	0.00817	0.00686	0.00206	0.00727	0.00629	0.00687	0.06075
8	0.01127	0.00826	0.01287	0.06619	0.01601	0.00804	0.06923	0.01353	0.01460	0.06468	0.09563	0.47564	0.03855	0.01943	0.04865	0.00312	0.00601	0.01556	0.00606	0.00669
9	0.02932	0.01218	0.01607	0.01251	0.01767	0.01100	0.01027	0.06290	0.05847	0.61546	0.05844	0.02487	0.01949	0.00893	0.00708	0.00217	0.00587	0.00729	0.00843	0.01159
10	0.00839	0.00707	0.00727	0.00722	0.00951	0.00595	0.00542	0.01029	0.01625	0.01966	0.12701	0.06583	0.65158	0.01737	0.00825	0.00234	0.00351	0.01454	0.00659	0.00595
11	0.02453	0.01783	0.01942	0.01583	0.04443	0.01960	0.01252	0.58154	0.02997	0.04101	0.01737	0.01791	0.01258	0.00827	0.00672	0.00204	0.00715	0.00631	0.10380	0.01118
12	0.01417	0.00872	0.01021	0.09063	0.01433	0.00965	0.00784	0.06536	0.01561	0.02576	0.02022	0.02376	0.01588	0.00830	0.00651	0.00184	0.05518	0.00643	0.59251	0.00711
13	0.00996	0.00669	0.00767	0.00785	0.00790	0.00664	0.00448	0.01010	0.01051	0.01402	0.02386	0.12555	0.02773	0.67166	0.03250	0.00632	0.00646	0.01125	0.00448	0.00439
14	0.75360	0.01339	0.01064	0.00939	0.01378	0.01530	0.00773	0.02139	0.01240	0.07602	0.01088	0.01215	0.00819	0.00662	0.00449	0.00216	0.00543	0.00399	0.00460	0.00784
15	0.01700	0.06586	0.05673	0.08139	0.52358	0.04791	0.01992	0.02106	0.01579	0.02167	0.01411	0.02021	0.01231	0.00707	0.00687	0.00211	0.00847	0.04411	0.00356	0.01028
16	0.17738	0.01930	0.06373	0.05722	0.12740	0.15972	0.03352	0.02207	0.01521	0.07820	0.01567	0.01807	0.04885	0.00832	0.00892	0.00224	0.12543	0.00589	0.00413	0.00872
17	0.64720	0.01335	0.01210	0.05134	0.03813	0.01506	0.00897	0.02192	0.01304	0.10792	0.01200	0.01334	0.00887	0.00674	0.00486	0.00217	0.00577	0.00436	0.00471	0.00817
18	0.01648	0.01983	0.07584	0.07507	0.03541	0.04874	0.54463	0.02203	0.01609	0.02155	0.01354	0.01814	0.01027	0.00634	0.00864	0.00235	0.04470	0.00767	0.00345	0.00921
19	0.00857	0.00610	0.00808	0.00963	0.01001	0.00572	0.00638	0.00974	0.01322	0.01763	0.03775	0.71988	0.04526	0.05341	0.01005	0.00300	0.00417	0.01942	0.00638	0.00561
20	0.01521	0.10270	0.48832	0.01920	0.02783	0.04376	0.08167	0.02169	0.01483	0.02119	0.01217	0.01468	0.00913	0.00667	0.00717	0.00210	0.04205	0.00524	0.00311	0.06129
21	0.00905	0.00620	0.00802	0.00940	0.00991	0.00587	0.00633	0.01040	0.01332	0.01828	0.03608	0.62819	0.04236	0.06854	0.01034	0.00300	0.00422	0.03489	0.06995	0.00566
22	0.01124	0.00803	0.01124	0.01285	0.01446	0.00803	0.01124	0.01446	0.01606	0.02088	0.03695	0.07871	0.04016	0.01928	0.00964	0.00321	0.00643	0.66426	0.00643	0.00643
23	0.01420	0.06721	0.68925	0.01955	0.02967	0.01670	0.02519	0.02205	0.01471	0.02185	0.01240	0.01458	0.00884	0.00660	0.00654	0.00218	0.01019	0.00510	0.00295	0.01025
24	0.12570	0.14992	0.02108	0.08710	0.02147	0.20194	0.06169	0.06684	0.01734	0.02218	0.06570	0.02243	0.09242	0.00851	0.00632	0.00200	0.00831	0.00655	0.00437	0.00814
25	0.01700	0.01113	0.01321	0.01224	0.01555	0.01147	0.00991	0.02587	0.26278	0.16357	0.08046	0.04549	0.11585	0.01308	0.00793	0.00252	0.00543	0.17018	0.00720	0.00912
26	0.01110	0.00708	0.00895	0.00959	0.01110	0.00639	0.00695	0.01275	0.01489	0.09355	0.04504	0.45636	0.20419	0.01923	0.00860	0.00267	0.00430	0.06412	0.00671	0.00645
27	0.01776	0.08626	0.11732	0.05423	0.41304	0.04306	0.01942	0.06636	0.07225	0.02368	0.01411	0.01695	0.01133	0.00671	0.00665	0.00206	0.00840	0.00593	0.00387	0.01061
28	0.01473	0.14689	0.48157	0.02009	0.07746	0.01743	0.05243	0.02106	0.01472	0.02098	0.01389	0.06256	0.01154	0.00745	0.00653	0.00213	0.00937	0.00611	0.00325	0.00981
29	0.01060	0.00757	0.01050	0.01211	0.01344	0.00748	0.01012	0.01334	0.01543	0.02016	0.03730	0.23677	0.04157	0.01989	0.00947	0.00312	0.00587	0.51257	0.00644	0.00625
30	0.01294	0.15666	0.01482	0.00949	0.01219	0.01089	0.00772	0.01574	0.01776	0.06828	0.40952	0.08755	0.08959	0.01270	0.00730	0.00208	0.00435	0.01083	0.04232	0.00728
31	0.02387	0.01761	0.01901	0.01501	0.01992	0.01930	0.01222	0.58824	0.03006	0.04018	0.02133	0.09520	0.04541	0.01018	0.00724	0.00218	0.00712	0.00806	0.00691	0.01097
32	0.01575	0.01539	0.02001	0.32871	0.15721	0.11486	0.01696	0.04050	0.01619	0.02013	0.01778	0.03051	0.01637	0.00959	0.00745	0.00239	0.00890	0.14898	0.00408	0.00825
33	0.77117	0.01444	0.03974	0.00962	0.01419	0.01568	0.00832	0.02058	0.01199	0.03093	0.00983	0.01148	0.00761	0.00648	0.00441	0.00216	0.00560	0.00384	0.00426	0.00767
34	0.00976	0.00688	0.00818	0.00836	0.00900	0.00673	0.00544	0.01074	0.01244	0.01652	0.09693	0.11792	0.11453	0.43751	0.07683	0.00557	0.00663	0.03985	0.00512	0.00504
35	0.01753	0.01464	0.01795	0.01456	0.04432	0.01437	0.03476	0.18951	0.04066	0.02745	0.01630	0.04219	0.03201	0.00787	0.00799	0.00175	0.08550	0.00607	0.00494	0.37963
36	0.00923	0.00688	0.00858	0.00864	0.01015	0.00623	0.00629	0.01173	0.01751	0.02378	0.42379	0.21304	0.19510	0.01669	0.00839	0.00237	0.00351	0.01469	0.00716	0.00623
37	0.01945	0.64321	0.05766	0.01284	0.01879	0.06927	0.01259	0.06396	0.01573	0.01841	0.01031	0.01175	0.00914	0.00622	0.00482	0.00157	0.00788	0.00399	0.00328	0.00913
38	0.02591	0.01816	0.01985	0.01535	0.02062	0.01986	0.01260	0.59308	0.03041	0.09729	0.01786	0.01854	0.01289	0.03257	0.02975	0.00252	0.00784	0.00650	0.00693	0.01146
39	0.02447	0.01355	0.04144	0.05191	0.11983	0.01235	0.01266	0.04807	0.08787	0.41376	0.05638	0.02512	0.04267	0.00879	0.00709	0.00218	0.00639	0.00739	0.00710	0.01097
40	0.01793	0.01440	0.01555	0.01401	0.01792	0.01637	0.01101	0.03562	0.61617	0.07357	0.02882	0.02883	0.02209	0.00996	0.00724	0.00240	0.00560	0.04451	0.00716	0.01084
41	0.62627	0.01287	0.01115	0.00963	0.01402	0.01424	0.00792	0.02275	0.01347	0.15488	0.01357	0.01429	0.00981	0.00695	0.00483	0.00213	0.00539	0.00450	0.04305	0.00829
42	0.02495	0.10077	0.02177	0.01860	0.05440	0.62677	0.01372	0.02690	0.01906	0.01729	0.01080	0.01268	0.00908	0.00703	0.00615	0.00178	0.01190	0.00451	0.00353	0.00831
43	0.02900	0.01166	0.01574	0.01227	0.01728	0.01034	0.01008	0.05269	0.01998	0.62469	0.06557	0.02531	0.01988	0.01087	0.03871	0.00256	0.00640	0.00733	0.00831	0.01133
44	0.00980	0.00700	0.00871	0.00873	0.00950	0.00714	0.00588	0.01102	0.01207	0.01632	0.08862	0.07455	0.10213	0.38396	0.21787	0.00692	0.00924	0.01056	0.00475	0.00523
45	0.00915	0.00704	0.00836	0.00817	0.01001	0.00625	0.00607	0.01171	0.01783	0.02373	0.41387	0.10360	0.31678	0.01610	0.00828	0.00230	0.00344	0.01392	0.00713	0.00625
46	0.01135	0.01003	0.01541	0.42078	0.03169	0.01147	0.01381	0.01488	0.01481	0.01894	0.07871	0.11389	0.15695	0.01193	0.00768	0.00243	0.00699	0.04661	0.00465	0.00700
47	0.01034	0.00775	0.01134	0.01121	0.01238	0.00911	0.00871	0.01275	0.01131	0.01658	0.01856	0.02736	0.01734	0.06893	0.64512	0.01031	0.04880	0.00745	0.03841	0.00625
48	0.01072	0.00818	0.01186	0.01157	0.01285	0.00963	0.00901	0.03325	0.01182	0.01699	0.01831	0.02712	0.01715	0.07164	0.65099	0.01042	0.05080	0.00746	0.00382	0.00640
49	0.02688	0.01899	0.02060	0.01579	0.02136	0.02081	0.01304	0.64037	0.03188	0.09289	0.01754	0.01726	0.01226	0.00840	0.00698	0.00210	0.00755	0.00634	0.00710	0.01187
50	0.01402	0.01304	0.01305	0.07971	0.01699	0.10816	0.00973	0.07692	0.04284	0.02159	0.09464	0.07519	0.24401	0.06233	0.01044	0.00265	0.04744	0.05448	0.00560	0.00718
51	0.01045	0.00731	0.00858	0.00840	0.00845	0.00773	0.00507	0.01064	0.01022	0.01383	0.02108	0.04313	0.02409	0.68324	0.06057	0.00671	0.05205	0.00980	0.00414	0.00451
52	0.67232	0.05533	0.01263	0.00987	0.01442	0.01626	0.00825	0.05351	0.01354	0.07579	0.01122	0.01240	0.00848	0.00668	0.00463	0.00212	0.00566	0.00411	0.00465	0.00812
53	0.02348	0.01794	0.01920	0.01544	0.02045	0.02007	0.01257	0.48140	0.22750	0.03910	0.02064	0.02093	0.01530	0.00895	0.00708	0.00220	0.00702	0.02223	0.00700	0.01150
54	0.00849	0.00613	0.00804	0.00957	0.01008	0.00568	0.00641	0.00973	0.01350	0.01787	0.04026	0.71204	0.08316	0.02163	0.00887	0.00281	0.00402	0.01955	0.00648	0.00568
55	0.01958	0.17401	0.08503	0.03670	0.06476	0.05016	0.01366	0.15618	0.17927	0.05797	0.01795	0.04103	0.01420	0.00800	0.00638	0.00200	0.00733	0.00628	0.00523	0.05429
56	0.01556	0.17803	0.37246	0.02284	0.16234	0.01822	0.05026	0.02130	0.01500	0.02102	0.01350	0.01827	0.01113	0.00709	0.00648	0.00210	0.00917	0.04204	0.00328	0.00993
57	0.01126	0.00816	0.01114	0.01261	0.01420	0.00823	0.01077	0.01502	0.04678	0.02096	0.03671	0.14164	0.03989	0.01908	0.00945	0.00314	0.00615	0.57178	0.00646	0.00656
58	0.01400	0.03610	0.71860	0.01989	0.03020	0.01621	0.02578	0.02210	0.01473	0.02210	0.01252	0.01473	0.00884	0.00663	0.00663	0.00221	0.01031	0.00516	0.00295	0.01031
59	0.07069	0.04542	0.01960	0.01623	0.04275	0.16688	0.09303	0.06470	0.09404	0.09452	0.10059	0.02611	0.08483	0.00941	0.00768	0.00216	0.03938	0.00765	0.00544	0.00889
60	0.02930	0.01170	0.01573	0.01226	0.01735	0.01033	0.01005	0.03278	0.04977	0.64097	0.07197	0.02570	0.02062	0.00904	0.00710	0.00217	0.00575	0.00742	0.00851	0.01149
61	0.00997	0.00748	0.01121	0.01121	0.01246	0.00872	0.00872	0.01246	0.01121	0.01620	0.01869	0.02741	0.01745	0.05234	0.72710	0.01121	0.01869	0.00748	0.00374	0.00623
62	0.48334	0.05139	0.01506	0.01280	0.05460	0.03792	0.00984	0.10309	0.01624	0.13837	0.01357	0.01429	0.00990	0.00703	0.00527	0.00210	0.00624	0.00474	0.00518	0.00903
63	0.01285	0.01164	0.01944	0.64970	0.04340	0.01434	0.01779	0.01681	0.01360	0.01746	0.01384	0.05965	0.01155	0.00894	0.00841	0.05424	0.00880	0.00695	0.00328	0.00733
64	0.00860	0.00613	0.00812	0.00962	0.01005	0.00573	0.00641	0.00985	0.01348	0.01802	0.06061	0.70455	0.04617	0.04449	0.00971	0.00294	0.00411	0.01929	0.00645	0.00565
65	0.01709	0.01640	0.02801	0.07275	0.68268	0.01653	0.02133	0.02126	0.01581	0.02258	0.01309	0.01733	0.01098	0.00625	0.00691	0.00208	0.00833	0.00622	0.00344	0.01091
66	0.03830	0.01406	0.02240	0.29823	0.26108	0.01541	0.04158	0.07665	0.01654	0.02267	0.01710	0.02575	0.02904	0.00843	0.00725	0.00232	0.00834	0.08172	0.00406	0.00907
67	0.02474	0.01815	0.01949	0.01514	0.02011	0.02002	0.01228	0.61414	0.03034	0.04066	0.01732	0.01990	0.01334	0.08966	0.01009	0.00260	0.00758	0.00670	0.00668	0.01104
68	0.17026	0.01262	0.01881	0.59323	0.04120	0.01553	0.01703	0.01836	0.01354	0.02051	0.01187	0.01716	0.00896	0.00688	0.00645	0.00229	0.00853	0.00572	0.00334	0.00771
69	0.01051	0.00895	0.01098	0.01032	0.01142	0.00991	0.00777	0.01197	0.01366	0.01806	0.10069	0.10650	0.29285	0.15655	0.01710	0.00339	0.18604	0.01198	0.00532	0.00605
70	0.01068	0.00716	0.00933	0.01008	0.01117	0.00680	0.00712	0.04134	0.01558	0.05417	0.13765	0.55762	0.04604	0.01941	0.00865	0.00268	0.00426	0.03708	0.00678	0.00640
71	0.00889	0.00736	0.00792	0.00768	0.01007	0.00619	0.00574	0.01091	0.01617	0.02027	0.15040	0.10530	0.53420	0.01667	0.00809	0.00228	0.00364	0.01408	0.00649	0.05765
72	0.01471	0.15376	0.56058	0.06546	0.02934	0.01804	0.02308	0.02162	0.01459	0.02088	0.01205	0.01440	0.00889	0.00654	0.00630	0.00210	0.00978	0.00499	0.00296	0.00992
73	0.04942	0.05816	0.39929	0.11228	0.15436	0.01620	0.02165	0.02102	0.01468	0.02190	0.01237	0.01536	0.00935	0.00647	0.00643	0.00209	0.00914	0.00529	0.00320	0.06134
74	0.04837	0.07334	0.58318	0.01924	0.04969	0.01644	0.02310	0.02272	0.01496	0.06750	0.01325	0.01506	0.00941	0.00670	0.00645	0.00216	0.00960	0.00517	0.00339	0.01025
75	0.42133	0.01735	0.15221	0.01209	0.01761	0.01428	0.01176	0.02354	0.04458	0.15371	0.05890	0.01752	0.01390	0.00753	0.00564	0.00218	0.00634	0.00539	0.00517	0.00898
76	0.00825	0.00707	0.00707	0.00707	0.00943	0.00589	0.00530	0.01001	0.01591	0.01885	0.07069	0.06716	0.70839	0.01767	0.00825	0.00236	0.00353	0.01473	0.00648	0.00589
77	0.01324	0.01250	0.02138	0.68844	0.04656	0.01535	0.04401	0.01789	0.01411	0.01810	0.01325	0.02053	0.01033	0.00733	0.00711	0.00235	0.00930	0.02722	0.00322	0.00777
78	0.02994	0.01279	0.01667	0.01293	0.01822	0.01173	0.01070	0.12257	0.02159	0.59968	0.02639	0.02475	0.01735	0.00898	0.00711	0.00219	0.00619	0.03022	0.00833	0.01168
79	0.00987	0.00736	0.00923	0.00948	0.01123	0.00684	0.00752	0.01260	0.01724	0.02288	0.31486	0.06353	0.22228	0.05023	0.00989	0.00274	0.00443	0.20469	0.00685	0.00625
80	0.02419	0.01499	0.01724	0.01385	0.01841	0.01565	0.01117	0.38969	0.02595	0.20734	0.04643	0.14053	0.02070	0.01086	0.00735	0.00224	0.00650	0.00891	0.00734	0.01067
81	0.01120	0.00797	0.00968	0.01004	0.01101	0.00803	0.00684	0.09393	0.01489	0.01993	0.03095	0.45753	0.03568	0.20320	0.04209	0.00403	0.00572	0.01529	0.00588	0.00610
82	0.02998	0.01228	0.01698	0.01448	0.06362	0.01088	0.01102	0.03326	0.03923	0.65051	0.02660	0.02339	0.01698	0.00850	0.00701	0.00216	0.00608	0.00699	0.00825	0.01180
83	0.00997	0.00748	0.01121	0.01121	0.01246	0.00872	0.00872	0.01246	0.01121	0.01620	0.01869	0.02741	0.01745	0.05234	0.72710	0.01121	0.01869	0.00748	0.00374	0.00623
84	0.00920	0.00717	0.00841	0.00889	0.01043	0.00664	0.00636	0.01212	0.05906	0.02054	0.15656	0.34449	0.28795	0.01834	0.00844	0.00253	0.00384	0.01607	0.00671	0.00624
85	0.01638	0.01567	0.02672	0.19358	0.56742	0.01635	0.02097	0.02064	0.01547	0.02172	0.01297	0.01756	0.01067	0.00638	0.00692	0.00213	0.00851	0.00621	0.00338	0.01034
86	0.01614	0.13583	0.25552	0.04259	0.20739	0.04432	0.12379	0.02136	0.01533	0.02099	0.01355	0.04717	0.01133	0.00699	0.00672	0.00210	0.00937	0.00633	0.00336	0.00982
87	0.06461	0.01864	0.11618	0.43123	0.11493	0.09979	0.01905	0.02017	0.01484	0.01972	0.01214	0.01676	0.00929	0.00684	0.00667	0.00221	0.00947	0.00571	0.00325	0.00850
88	0.01701	0.01800	0.07421	0.04048	0.62367	0.01662	0.06413	0.02152	0.01585	0.02272	0.01315	0.01720	0.01088	0.00622	0.00697	0.00210	0.00864	0.00628	0.00343	0.01090
89	0.01004	0.00674	0.00774	0.00784	0.00790	0.00674	0.00449	0.01018	0.01039	0.01388	0.02298	0.09119	0.02652	0.68864	0.05177	0.00662	0.00690	0.01071	0.00436	0.00437
90	0.01028	0.00787	0.01157	0.01140	0.01251	0.00932	0.00883	0.01257	0.01112	0.01608	0.01835	0.02779	0.01744	0.09057	0.64790	0.01050	0.05842	0.00755	0.00373	0.00619
91	0.01640	0.01832	0.12792	0.31554	0.09560	0.04292	0.03739	0.11254	0.07972	0.02392	0.01548	0.02000	0.01195	0.00763	0.00697	0.00225	0.00877	0.02514	0.02225	0.00930
92	0.00850	0.00607	0.00810	0.00972	0.01012	0.00567	0.00648	0.00972	0.01336	0.01781	0.03846	0.75020	0.04615	0.02186	0.00891	0.00283	0.00405	0.01984	0.00648	0.00567
93	0.60790	0.01320	0.01268	0.15409	0.02058	0.01535	0.01004	0.02066	0.01270	0.06325	0.01115	0.01341	0.00840	0.00669	0.00498	0.00219	0.00620	0.00442	0.00429	0.00781
94	0.01497	0.03024	0.49161	0.06761	0.03090	0.05566	0.13099	0.02192	0.01524	0.02176	0.01314	0.01604	0.00957	0.00663	0.00681	0.00219	0.01029	0.00575	0.03897	0.00970
95	0.01010	0.00675	0.00762	0.00767	0.00768	0.00674	0.00429	0.01014	0.01024	0.01365	0.02244	0.06498	0.02594	0.73466	0.03479	0.00666	0.00669	0.01041	0.00429	0.00427
96	0.00920	0.00642	0.00816	0.00903	0.00996	0.00597	0.00627	0.01110	0.01510	0.02092	0.19041	0.47920	0.09500	0.01862	0.00835	0.00255	0.00377	0.01665	0.07736	0.00597
97	0.01672	0.01505	0.02203	0.48226	0.07406	0.03909	0.04807	0.15223	0.03947	0.02381	0.01383	0.01822	0.01032	0.00725	0.00701	0.00225	0.00902	0.00631	0.00405	0.00892
98	0.01906	0.66694	0.06618	0.01275	0.01877	0.06751	0.01269	0.03679	0.01496	0.01735	0.01006	0.01156	0.00902	0.00613	0.00474	0.00156	0.00789	0.00390	0.00311	0.00903
99	0.00978	0.00706	0.00924	0.00885	0.01040	0.00652	0.00658	0.01292	0.01929	0.02724	0.65885	0.10293	0.06441	0.01482	0.00828	0.00224	0.00335	0.01315	0.00759	0.00652
100	0.80405	0.01350	0.01026	0.00918	0.01350	0.01565	0.00756	0.02051	0.01188	0.03131	0.00972	0.01134	0.00756	0.00648	0.00432	0.00216	0.00540	0.00378	0.00432	0.00756
101	0.00850	0.00607	0.00810	0.00972	0.01012	0.00567	0.00648	0.00972	0.01336	0.01781	0.03846	0.75020	0.04615	0.02186	0.00891	0.00283	0.00405	0.01984	0.00648	0.00567
102	0.64011	0.01219	0.00975	0.00879	0.01265	0.01386	0.00715	0.02013	0.01260	0.04979	0.01256	0.01432	0.00969	0.00684	0.00450	0.00206	0.00503	0.00436	0.14612	0.00749
103	0.01318	0.01240	0.02093	0.73798	0.04806	0.01550	0.01938	0.01783	0.01395	0.01783	0.01240	0.01860	0.00930	0.00698	0.00698	0.00233	0.00930	0.00620	0.00310	0.00775
104	0.01468	0.01383	0.02288	0.48240	0.24894	0.01594	0.01951	0.02007	0.05536	0.02003	0.01358	0.01864	0.01055	0.00689	0.00696	0.00225	0.00877	0.00631	0.00345	0.00896
105	0.02348	0.24418	0.02509	0.01741	0.05367	0.48862	0.01341	0.02552	0.01796	0.01716	0.01058	0.01240	0.00908	0.00679	0.00579	0.00172	0.01088	0.00435	0.00341	0.00848
106	0.01041	0.00689	0.00912	0.00944	0.01069	0.00635	0.00674	0.01267	0.01668	0.06152	0.34633	0.38777	0.05362	0.01762	0.00849	0.00250	0.00381	0.01579	0.00715	0.00644
107	0.80405	0.01350	0.01026	0.00918	0.01350	0.01565	0.00756	0.02051	0.01188	0.03131	0.00972	0.01134	0.00756	0.00648	0.00432	0.00216	0.00540	0.00378	0.00432	0.00756
108	0.02607	0.03326	0.01978	0.01798	0.02157	0.72674	0.01348	0.02787	0.01978	0.01708	0.01079	0.01258	0.00899	0.00719	0.00629	0.00180	0.01258	0.00449	0.00360	0.00809
109	0.00886	0.00633	0.00849	0.01001	0.01060	0.00597	0.00700	0.01039	0.01396	0.01863	0.07048	0.64446	0.04646	0.02122	0.00895	0.00284	0.00427	0.08875	0.00653	0.00579
110	0.00897	0.00653	0.00836	0.00965	0.01038	0.00613	0.00656	0.02834	0.01412	0.01862	0.04075	0.66905	0.10440	0.02112	0.00880	0.00277	0.00410	0.01901	0.00649	0.00586
111	0.01212	0.00606	0.00909	0.00909	0.00909	0.00606	0.00606	0.00909	0.00909	0.01212	0.01212	0.02121	0.01212	0.02424	0.02727	0.79697	0.00606	0.00606	0.00303	0.00303
112	0.02607	0.03326	0.01978	0.01798	0.02157	0.72674	0.01348	0.02787	0.01978	0.01708	0.01079	0.01258	0.00899	0.00719	0.00629	0.00180	0.01258	0.00449	0.00360	0.00809
113	0.01213	0.00877	0.01063	0.01091	0.01233	0.00887	0.00776	0.14444	0.01713	0.02288	0.03365	0.58311	0.03871	0.04146	0.00933	0.00281	0.00485	0.01685	0.00651	0.00686
114	0.00887	0.00635	0.00845	0.00964	0.01033	0.00593	0.00666	0.01056	0.01472	0.01994	0.17130	0.58903	0.04986	0.02027	0.00880	0.00272	0.00398	0.04002	0.00672	0.00588
115	0.00849	0.00612	0.00805	0.00960	0.01009	0.00568	0.00642	0.00973	0.01348	0.01786	0.03992	0.71920	0.07621	0.02167	0.00888	0.00281	0.00403	0.01961	0.00648	0.00568
116	0.00850	0.00607	0.00810	0.00972	0.01012	0.00567	0.00648	0.00972	0.01336	0.01781	0.03846	0.75020	0.04615	0.02186	0.00891	0.00283	0.00405	0.01984	0.00648	0.00567
117	0.02653	0.01955	0.02094	0.01606	0.02164	0.02164	0.01326	0.68796	0.03281	0.04398	0.01675	0.01675	0.01187	0.00838	0.00698	0.00209	0.00768	0.00628	0.00698	0.01187
118	0.00997	0.00746	0.01111	0.01111	0.01231	0.00866	0.00859	0.01239	0.01118	0.01612	0.01879	0.02797	0.01769	0.07369	0.70608	0.01108	0.01833	0.00756	0.00375	0.00617
119	0.03131	0.01188	0.01619	0.01242	0.01781	0.01026	0.01026	0.03401	0.01997	0.71606	0.02753	0.02375	0.01727	0.00864	0.00702	0.00216	0.00594	0.00702	0.00864	0.01188
120	0.05282	0.01176	0.01579	0.01220	0.01744	0.01029	0.01006	0.03292	0.01973	0.67328	0.04983	0.02435	0.01862	0.00876	0.00698	0.00216	0.00583	0.00711	0.00848	0.01157
121	0.02451	0.16113	0.05614	0.01663	0.02109	0.52139	0.01359	0.02675	0.01855	0.06284	0.01177	0.01317	0.00952	0.00704	0.00603	0.00179	0.01113	0.00456	0.00378	0.00860
122	0.01015	0.00677	0.00761	0.00761	0.00761	0.00677	0.00423	0.01015	0.01015	0.01353	0.02199	0.04567	0.02537	0.75476	0.03552	0.00677	0.00677	0.01015	0.00423	0.00423
123	0.01727	0.01658	0.02832	0.04283	0.71123	0.01658	0.02142	0.02142	0.01589	0.02280	0.01313	0.01727	0.01105	0.00622	0.00691	0.00207	0.00829	0.00622	0.00345	0.01105
124	0.01124	0.00803	0.01124	0.01285	0.01446	0.00803	0.01124	0.01446	0.01606	0.02088	0.03695	0.07871	0.04016	0.01928	0.00964	0.00321	0.00643	0.66426	0.00643	0.00643
125	0.01727	0.01658	0.02832	0.04283	0.71123	0.01658	0.02142	0.02142	0.01589	0.02280	0.01313	0.01727	0.01105	0.00622	0.00691	0.00207	0.00829	0.00622	0.00345	0.01105
126	0.02548	0.01903	0.02035	0.01584	0.02124	0.02115	0.01301	0.61382	0.10865	0.04229	0.01808	0.01781	0.01294	0.00850	0.00699	0.00213	0.00743	0.00647	0.00699	0.01177
127	0.00867	0.00620	0.00829	0.00991	0.01039	0.00582	0.00678	0.01001	0.01353	0.01801	0.03837	0.70832	0.04578	0.02170	0.00895	0.00286	0.00420	0.06004	0.00647	0.00572
128	0.01647	0.01882	0.04118	0.02941	0.03647	0.01765	0.68588	0.02235	0.01647	0.02235	0.01412	0.01882	0.01059	0.00588	0.00824	0.00235	0.01176	0.00824	0.00353	0.00941
129	0.01344	0.01267	0.02140	0.69359	0.09041	0.01557	0.01951	0.01806	0.01408	0.01815	0.01245	0.01852	0.00941	0.00693	0.00697	0.00231	0.00924	0.00620	0.00312	0.00796
130	0.01390	0.03462	0.67531	0.01987	0.02977	0.01592	0.04580	0.02172	0.01474	0.02197	0.01338	0.03777	0.01006	0.00708	0.00675	0.00223	0.01016	0.00571	0.00307	0.01014
131	0.01007	0.00673	0.00763	0.00771	0.00773	0.00671	0.00434	0.01013	0.01030	0.01374	0.02278	0.07955	0.02637	0.71951	0.03424	0.00658	0.00663	0.01061	0.00434	0.00430
132	0.00957	0.00705	0.00883	0.00941	0.01065	0.00660	0.00672	0.03610	0.01617	0.02162	0.21252	0.42325	0.14939	0.01872	0.00858	0.00258	0.00398	0.03527	0.00680	0.00619
133	0.14058	0.01784	0.06874	0.31491	0.09596	0.10201	0.08075	0.03585	0.01543	0.04636	0.01266	0.01651	0.00958	0.00682	0.00657	0.00220	0.00914	0.00577	0.00370	0.00863
134	0.01124	0.00803	0.01124	0.01285	0.01446	0.00803	0.01124	0.01446	0.01606	0.02088	0.03695	0.07871	0.04016	0.01928	0.00964	0.00321	0.00643	0.66426	0.00643	0.00643
135	0.00993	0.00731	0.00963	0.03978	0.01228	0.00704	0.00736	0.03132	0.01707	0.02339	0.34663	0.33013	0.07726	0.01711	0.00846	0.00249	0.00408	0.03543	0.00691	0.00639
136	0.11411	0.15297	0.41761	0.06445	0.02721	0.04027	0.04936	0.02161	0.01446	0.02187	0.01170	0.01408	0.00881	0.00651	0.00606	0.00208	0.00929	0.00493	0.00318	0.00946
137	0.02878	0.01457	0.01770	0.01372	0.01907	0.01443	0.01128	0.24514	0.07231	0.45052	0.02412	0.02166	0.01582	0.00861	0.00701	0.00215	0.00647	0.00684	0.00799	0.01181
138	0.80405	0.01350	0.01026	0.00918	0.01350	0.01565	0.00756	0.02051	0.01188	0.03131	0.00972	0.01134	0.00756	0.00648	0.00432	0.00216	0.00540	0.00378	0.00432	0.00756
139	0.01014	0.00678	0.00768	0.00766	0.00773	0.00676	0.00433	0.01027	0.01055	0.01413	0.05052	0.04593	0.02705	0.72394	0.03438	0.00658	0.00662	0.01025	0.00437	0.00433
140	0.01759	0.01600	0.05657	0.16197	0.04459	0.07033	0.01349	0.16581	0.01789	0.04216	0.01567	0.02185	0.01328	0.11708	0.01305	0.00289	0.10934	0.00664	0.08542	0.00838
141	0.01414	0.01205	0.01411	0.01030	0.01618	0.00910	0.00817	0.01713	0.01441	0.02246	0.01386	0.05558	0.01234	0.00610	0.00538	0.00113	0.00511	0.00501	0.00427	0.75318
142	0.01866	0.75896	0.03657	0.01194	0.01791	0.02761	0.01194	0.02090	0.01418	0.01642	0.00970	0.01119	0.00896	0.00597	0.00448	0.00149	0.00746	0.00373	0.00299	0.00896
143	0.00875	0.00631	0.00816	0.00931	0.00998	0.00586	0.00629	0.01020	0.01415	0.01892	0.12409	0.57907	0.08977	0.06159	0.01027	0.00294	0.00407	0.01806	0.00650	0.00572
144	0.01859	0.01759	0.01635	0.01474	0.01863	0.11817	0.01139	0.03577	0.60214	0.02747	0.02590	0.02412	0.01955	0.00914	0.00699	0.00229	0.00653	0.00741	0.00660	0.01063
145	0.01776	0.01519	0.01601	0.01428	0.01830	0.01755	0.01114	0.06567	0.66937	0.02984	0.02789	0.02563	0.02089	0.00942	0.00710	0.00235	0.00562	0.00782	0.00710	0.01108
146	0.01015	0.00677	0.00761	0.00761	0.00761	0.00677	0.00423	0.01015	0.01015	0.01353	0.02199	0.04567	0.02537	0.75476	0.03552	0.00677	0.00677	0.01015	0.00423	0.00423
147	0.02607	0.03326	0.01978	0.01798	0.02157	0.72674	0.01348	0.02787	0.01978	0.01708	0.01079	0.01258	0.00899	0.00719	0.00629	0.00180	0.01258	0.00449	0.00360	0.00809
148	0.00835	0.00707	0.00722	0.00718	0.00949	0.00594	0.00539	0.01022	0.01616	0.01945	0.11227	0.06618	0.66644	0.01745	0.00825	0.00235	0.00352	0.01459	0.00656	0.00594
149	0.01318	0.01240	0.02093	0.73798	0.04806	0.01550	0.01938	0.01783	0.01395	0.01783	0.01240	0.01860	0.00930	0.00698	0.00698	0.00233	0.00930	0.00620	0.00310	0.00775
150	0.02627	0.01137	0.01490	0.01196	0.01649	0.01034	0.00966	0.05967	0.05259	0.51868	0.09553	0.07387	0.02397	0.01008	0.00720	0.00220	0.00553	0.00841	0.03053	0.01075
151	0.00879	0.00621	0.00829	0.00958	0.01013	0.00580	0.00648	0.01015	0.01406	0.01896	0.12464	0.63672	0.04765	0.02095	0.00939	0.02749	0.00401	0.01847	0.00653	0.00570
152	0.03131	0.01188	0.01619	0.01242	0.01781	0.01026	0.01026	0.03401	0.01997	0.71606	0.02753	0.02375	0.01727	0.00864	0.00702	0.00216	0.00594	0.00702	0.00864	0.01188
153	0.01015	0.00677	0.00761	0.00761	0.00761	0.00677	0.00423	0.01015	0.01015	0.01353	0.02199	0.04567	0.02537	0.75476	0.03552	0.00677	0.00677	0.01015	0.00423	0.00423
154	0.02653	0.01955	0.02094	0.01606	0.02164	0.02164	0.01326	0.68796	0.03281	0.04398	0.01675	0.01675	0.01187	0.00838	0.00698	0.00209	0.00768	0.00628	0.00698	0.01187
155	0.01426	0.01351	0.02289	0.55366	0.22390	0.01579	0.01992	0.01878	0.01447	0.01915	0.01259	0.01825	0.00977	0.00678	0.00696	0.00226	0.00903	0.00621	0.00319	0.00863
156	0.01113	0.00795	0.01111	0.01272	0.01428	0.00793	0.01105	0.01426	0.01595	0.02076	0.03701	0.10666	0.04041	0.01938	0.00961	0.00320	0.00633	0.63744	0.00643	0.00639
157	0.02701	0.07315	0.02055	0.01461	0.02011	0.01860	0.01220	0.42270	0.05124	0.23833	0.01979	0.01871	0.01357	0.00831	0.00681	0.00208	0.00708	0.00636	0.00717	0.01162
158	0.00893	0.00638	0.00859	0.01021	0.01080	0.00604	0.00722	0.01046	0.01378	0.01829	0.03822	0.64516	0.04522	0.02146	0.00902	0.00289	0.00442	0.12065	0.00647	0.00579
159	0.00979	0.00661	0.00772	0.00807	0.00816	0.00653	0.00472	0.01005	0.01085	0.01446	0.02556	0.19865	0.02988	0.59561	0.02974	0.00591	0.00618	0.01225	0.00472	0.00454
160	0.01212	0.00606	0.00909	0.00909	0.00909	0.00606	0.00606	0.00909	0.00909	0.01212	0.01212	0.02121	0.01212	0.02424	0.02727	0.79697	0.00606	0.00606	0.00303	0.00303
161	0.01866	0.75896	0.03657	0.01194	0.01791	0.02761	0.01194	0.02090	0.01418	0.01642	0.00970	0.01119	0.00896	0.00597	0.00448	0.00149	0.00746	0.00373	0.00299	0.00896
162	0.00849	0.00610	0.00806	0.00963	0.01010	0.00568	0.00644	0.00973	0.01344	0.01785	0.03949	0.72836	0.06733	0.02173	0.00889	0.00282	0.00403	0.01967	0.00648	0.00568
163	0.01527	0.01527	0.02137	0.01832	0.01832	0.02137	0.01527	0.01679	0.01069	0.01679	0.00916	0.01527	0.00916	0.01221	0.02290	0.00305	0.74198	0.00611	0.00305	0.00763
164	0.00874	0.00626	0.00831	0.00955	0.01017	0.00583	0.00650	0.01032	0.01447	0.01958	0.15476	0.62886	0.04958	0.02054	0.00879	0.00272	0.00392	0.01858	0.00669	0.00583
165	0.02262	0.01761	0.01874	0.01527	0.02015	0.01982	0.01232	0.41070	0.31643	0.03768	0.02172	0.02071	0.01589	0.00884	0.00703	0.00221	0.00676	0.00697	0.00703	0.01152

[dist]
# distance from previous block
# <min> <max>
0	2

[block]
# block no. 4 follows, 30 sequences, length 39
# corresponding to MSA columns:
# 507-545
name=unknown_E
#
# <colnr> <probs for GDERKNQSTAVLIFYWHMCP>
#	G	D	E	R	K	N	Q	S	T	A	V	L	I	F	Y	W	H	M	C	P
0	0.00845	0.00626	0.00791	0.00923	0.00999	0.00571	0.00626	0.00977	0.01383	0.01801	0.04442	0.62387	0.16864	0.02109	0.00878	0.00275	0.00395	0.01889	0.00648	0.00571
1	0.01434	0.07087	0.66055	0.02032	0.05386	0.01678	0.02495	0.02202	0.01475	0.02185	0.01241	0.01465	0.00892	0.00658	0.00653	0.00217	0.01010	0.00512	0.00297	0.01027
2	0.01527	0.01527	0.02137	0.01832	0.01832	0.02137	0.01527	0.01679	0.01069	0.01679	0.00916	0.01527	0.00916	0.01221	0.02290	0.00305	0.74198	0.00611	0.00305	0.00763
