[name]
unknown

[dist]
# distance from previous block
# <min> <max>
0	209

[block]
# block no. 0 follows, 28 sequences, length 84
# corresponding to MSA columns:
# 218-301
name=unknown_A
#
# <colnr> <probs for GDERKNQSTAVLIFYWHMCP>
#	G	D	E	R	K	N	Q	S	T	A	V	L	I	F	Y	W	H	M	C	P
0	0.00946	0.00695	0.00860	0.00931	0.01062	0.00635	0.00670	0.01155	0.01626	0.02173	0.19699	0.36351	0.20269	0.01926	0.00884	0.00266	0.00402	0.05207	0.03619	0.00625
1	0.02117	0.58849	0.03416	0.01385	0.01951	0.18297	0.01280	0.02340	0.01608	0.01726	0.01036	0.01199	0.00934	0.00650	0.00509	0.00163	0.00897	0.00407	0.00325	0.00913
2	0.15668	0.00921	0.01048	0.01011	0.01222	0.01018	0.00776	0.04389	0.01370	0.02266	0.02331	0.05524	0.06796	0.08536	0.31622	0.00666	0.01131	0.00811	0.12210	0.00684
3	0.40110	0.01513	0.01482	0.01225	0.01721	0.01656	0.01003	0.15789	0.08744	0.17611	0.01749	0.01723	0.01237	0.00794	0.00594	0.00226	0.00623	0.00561	0.00630	0.01009
4	0.02581	0.01069	0.01440	0.01199	0.01623	0.00933	0.00950	0.02820	0.01897	0.50817	0.03361	0.19592	0.05886	0.01272	0.00784	0.00243	0.00560	0.01086	0.00835	0.01053
5	0.01051	0.00771	0.01128	0.01128	0.01251	0.00888	0.00866	0.01297	0.01174	0.01706	0.01983	0.02968	0.01870	0.09562	0.64902	0.01105	0.01814	0.00793	0.03108	0.00637
6	0.73221	0.01373	0.01092	0.00969	0.01413	0.01570	0.00796	0.02170	0.01306	0.06215	0.03707	0.01400	0.01063	0.00716	0.00478	0.00225	0.00556	0.00444	0.00483	0.00803
7	0.01651	0.01478	0.02137	0.28035	0.03076	0.01861	0.03452	0.11633	0.01616	0.02252	0.01326	0.01914	0.01108	0.03108	0.03359	0.00302	0.27066	0.00666	0.03106	0.00853
8	0.01111	0.00723	0.00935	0.01026	0.01132	0.00680	0.00707	0.01324	0.03874	0.07136	0.06436	0.57705	0.06997	0.05268	0.01023	0.00302	0.00450	0.01826	0.00689	0.00658
9	0.00875	0.00703	0.00772	0.00824	0.00997	0.00610	0.00586	0.01034	0.01553	0.01910	0.06137	0.27693	0.47070	0.04629	0.00984	0.00278	0.00397	0.01682	0.00666	0.00600
10	0.01693	0.01906	0.04044	0.05627	0.03694	0.01861	0.59542	0.02264	0.01658	0.02264	0.01423	0.01930	0.01086	0.00670	0.00975	0.00251	0.06961	0.00832	0.00362	0.00959
11	0.01415	0.01339	0.01883	0.05006	0.01858	0.01773	0.01378	0.01602	0.01190	0.01785	0.01532	0.12231	0.01611	0.01819	0.09527	0.00396	0.48872	0.00852	0.00382	0.03550
12	0.01231	0.00684	0.00725	0.00733	0.00839	0.00682	0.00494	0.01445	0.01360	0.02229	0.02425	0.06948	0.02273	0.25735	0.01605	0.00356	0.00466	0.00875	0.48301	0.00593
13	0.01908	0.01636	0.01890	0.01932	0.11787	0.01843	0.01332	0.10344	0.52021	0.03107	0.02600	0.02478	0.01960	0.00925	0.00735	0.00239	0.00641	0.00779	0.00683	0.01160
14	0.01844	0.35377	0.16179	0.12389	0.02621	0.13461	0.01642	0.02225	0.01586	0.01869	0.01377	0.01606	0.03616	0.00719	0.00596	0.00192	0.00935	0.00514	0.00336	0.00914
15	0.01514	0.01481	0.02173	0.17718	0.04944	0.01991	0.01663	0.01754	0.01222	0.01801	0.01196	0.05279	0.01156	0.01179	0.01885	0.00296	0.50901	0.00710	0.00338	0.00800
16	0.04116	0.01208	0.01880	0.45806	0.03671	0.01446	0.03712	0.04043	0.01506	0.02128	0.01624	0.06034	0.01351	0.01033	0.03523	0.00272	0.03432	0.00732	0.11692	0.00790
17	0.00919	0.00670	0.00888	0.01031	0.01069	0.00653	0.00693	0.01040	0.01364	0.01827	0.03806	0.67655	0.04555	0.06243	0.01132	0.00319	0.02937	0.01961	0.00650	0.00589
18	0.01272	0.01037	0.01192	0.00989	0.01388	0.00861	0.00753	0.04557	0.01631	0.02295	0.07978	0.12928	0.18202	0.05256	0.00872	0.00212	0.00491	0.01016	0.00561	0.36511
19	0.01234	0.01104	0.01799	0.52236	0.03878	0.01322	0.01635	0.01616	0.01436	0.01857	0.02067	0.22507	0.02065	0.01169	0.00784	0.00257	0.00813	0.01052	0.00423	0.00746
20	0.01630	0.01791	0.03671	0.02697	0.03265	0.01790	0.51252	0.02141	0.01631	0.02256	0.05252	0.04600	0.01528	0.00820	0.01093	0.00257	0.12117	0.00891	0.00395	0.00922
21	0.29931	0.01281	0.01448	0.01163	0.01674	0.01253	0.00958	0.02982	0.01784	0.44787	0.04299	0.02113	0.01603	0.00839	0.00636	0.00225	0.00590	0.00631	0.00739	0.01062
22	0.01613	0.01512	0.02544	0.11459	0.52258	0.01541	0.01970	0.02004	0.01593	0.02239	0.01762	0.12826	0.01689	0.00905	0.00752	0.00231	0.00808	0.00864	0.00404	0.01028
23	0.01672	0.01891	0.04109	0.02957	0.03656	0.01773	0.63803	0.02260	0.01699	0.02304	0.01603	0.05720	0.01296	0.00700	0.00861	0.00248	0.01184	0.00921	0.00384	0.00960
24	0.00920	0.00667	0.00873	0.01030	0.01086	0.00636	0.00693	0.01119	0.03910	0.01900	0.03967	0.71309	0.04711	0.02229	0.00921	0.00293	0.00427	0.02020	0.00677	0.00611
25	0.01590	0.01590	0.02226	0.01908	0.01908	0.02226	0.01590	0.01749	0.01113	0.01749	0.00954	0.01590	0.00954	0.01272	0.02385	0.00318	0.73123	0.00636	0.00318	0.00795
26	0.07245	0.01246	0.01655	0.01276	0.01832	0.01098	0.01054	0.03469	0.02036	0.66917	0.02771	0.02407	0.01747	0.00888	0.00716	0.00225	0.00616	0.00713	0.00876	0.01214
27	0.01410	0.01344	0.02314	0.66068	0.08341	0.01631	0.04913	0.01898	0.01476	0.01905	0.01304	0.01932	0.00984	0.00718	0.00732	0.00241	0.00975	0.00655	0.00327	0.00833
28	0.00876	0.00670	0.00805	0.00912	0.01028	0.00599	0.00630	0.01023	0.01488	0.01895	0.05220	0.49770	0.28234	0.02120	0.00903	0.00277	0.00402	0.01874	0.00675	0.00599
29	0.00977	0.00733	0.00878	0.00852	0.01022	0.00663	0.00619	0.01227	0.01804	0.02429	0.41398	0.08320	0.24763	0.09726	0.01176	0.00289	0.00393	0.01378	0.00719	0.00634
30	0.00910	0.00647	0.00851	0.00989	0.01039	0.00607	0.00660	0.01047	0.01427	0.01918	0.09611	0.63258	0.04839	0.07146	0.01111	0.00317	0.00434	0.01932	0.00670	0.00588
31	0.01785	0.01296	0.01443	0.01235	0.01489	0.01406	0.00912	0.29539	0.02112	0.02835	0.02223	0.11885	0.02249	0.31548	0.02040	0.00433	0.03176	0.00995	0.00588	0.00812
32	0.02792	0.01990	0.02153	0.01651	0.02231	0.02186	0.01363	0.63794	0.03340	0.08392	0.01810	0.01787	0.01269	0.00874	0.00727	0.00219	0.00789	0.00659	0.00737	0.01236
33	0.01136	0.00895	0.01044	0.00986	0.01216	0.00882	0.00745	0.01765	0.14729	0.02692	0.40728	0.07289	0.20125	0.01494	0.00837	0.00238	0.00396	0.01292	0.00756	0.00756
34	0.01724	0.01311	0.01599	0.01686	0.11281	0.01374	0.01137	0.02820	0.32102	0.10688	0.10652	0.03616	0.14627	0.01135	0.00770	0.00238	0.00559	0.00967	0.00700	0.01015
35	0.05156	0.01263	0.01452	0.01068	0.01673	0.00980	0.00848	0.01802	0.01489	0.02384	0.01420	0.05275	0.01258	0.00636	0.00554	0.00123	0.00533	0.00514	0.00444	0.71128
36	0.05012	0.45269	0.06481	0.01459	0.02038	0.18232	0.01349	0.08844	0.01796	0.02098	0.01124	0.01275	0.00958	0.00681	0.00546	0.00175	0.00907	0.00441	0.00372	0.00944
37	0.02715	0.03464	0.02060	0.01873	0.02247	0.71536	0.01404	0.02903	0.02060	0.01779	0.01124	0.01311	0.00936	0.00749	0.00655	0.00187	0.01311	0.00468	0.00375	0.00843
38	0.01055	0.00712	0.00828	0.00828	0.00840	0.00724	0.00484	0.01080	0.01068	0.01436	0.02258	0.04578	0.02565	0.67971	0.10077	0.00748	0.00821	0.01031	0.00436	0.00460
39	0.00886	0.00633	0.00843	0.01012	0.01054	0.00590	0.00675	0.01012	0.01392	0.01856	0.04006	0.73979	0.04808	0.02277	0.00928	0.00295	0.00422	0.02066	0.00675	0.00590
40	0.07491	0.01246	0.01653	0.01275	0.01831	0.01100	0.01053	0.03465	0.02034	0.66701	0.02765	0.02402	0.01743	0.00887	0.00715	0.00225	0.00615	0.00712	0.00875	0.01212
41	0.02763	0.02036	0.02182	0.01672	0.02254	0.02254	0.01382	0.67496	0.03418	0.04581	0.01745	0.01745	0.01236	0.00873	0.00727	0.00218	0.00800	0.00654	0.00727	0.01236
42	0.01784	0.01712	0.02923	0.06858	0.67640	0.01723	0.02223	0.02218	0.01648	0.02357	0.01365	0.01804	0.01145	0.00650	0.00720	0.00217	0.00867	0.00648	0.00359	0.01139
43	0.00886	0.00633	0.00843	0.01012	0.01054	0.00590	0.00675	0.01012	0.01392	0.01856	0.04006	0.73979	0.04808	0.02277	0.00928	0.00295	0.00422	0.02066	0.00675	0.00590
44	0.00882	0.00741	0.00769	0.00774	0.01012	0.00628	0.00588	0.01081	0.01678	0.02021	0.10293	0.06974	0.63415	0.01831	0.00866	0.00249	0.00381	0.04517	0.00681	0.00620
45	0.02430	0.02088	0.01842	0.01576	0.02014	0.20683	0.01233	0.19920	0.19442	0.12109	0.02211	0.07465	0.01754	0.00979	0.00727	0.00224	0.00828	0.00764	0.00654	0.01058
46	0.01028	0.00695	0.00808	0.00833	0.00846	0.00686	0.00488	0.01062	0.01150	0.01540	0.05189	0.15900	0.03155	0.60016	0.03144	0.00620	0.00645	0.01229	0.00492	0.00474
47	0.01038	0.00779	0.01168	0.01168	0.01298	0.00909	0.00909	0.01298	0.01168	0.01687	0.01947	0.02856	0.01817	0.05452	0.71573	0.01168	0.01947	0.00779	0.00389	0.00649
48	0.02631	0.01669	0.01867	0.01477	0.01997	0.01782	0.01205	0.37451	0.12898	0.20024	0.02247	0.02141	0.01569	0.00894	0.00713	0.00220	0.00687	0.00700	0.06645	0.01181
49	0.01707	0.01633	0.02784	0.19249	0.55854	0.01703	0.02185	0.02150	0.01611	0.02263	0.01351	0.01829	0.01112	0.00665	0.00721	0.00222	0.00886	0.00647	0.00352	0.01077
50	0.02156	0.02001	0.06042	0.01721	0.02241	0.08930	0.07576	0.22526	0.25515	0.05535	0.02290	0.02282	0.03903	0.01025	0.02691	0.00255	0.00840	0.00743	0.00632	0.01095
51	0.06651	0.13276	0.06123	0.05315	0.08402	0.44473	0.01521	0.02614	0.01837	0.01937	0.01141	0.01369	0.00948	0.00713	0.00628	0.00192	0.01124	0.00481	0.00362	0.00891
52	0.04410	0.01589	0.02181	0.14937	0.02574	0.05495	0.07006	0.07690	0.01518	0.02138	0.01486	0.09849	0.01423	0.01146	0.01479	0.00276	0.32761	0.00802	0.00408	0.00831
53	0.01167	0.00761	0.00957	0.01026	0.01127	0.00739	0.00695	0.01424	0.06352	0.07071	0.03514	0.50011	0.03973	0.15904	0.01430	0.00365	0.00502	0.01680	0.00652	0.00652
54	0.01625	0.01368	0.02072	0.33316	0.15510	0.01501	0.01659	0.06832	0.01642	0.05596	0.01687	0.02215	0.03524	0.04753	0.03006	0.00274	0.02925	0.00683	0.00420	0.09392
55	0.01538	0.09342	0.30718	0.02205	0.02975	0.01733	0.25512	0.02146	0.01537	0.02156	0.01444	0.01935	0.01155	0.04763	0.07353	0.00338	0.01162	0.00687	0.00343	0.00957
56	0.03261	0.01237	0.01687	0.01293	0.01856	0.01068	0.01068	0.03543	0.02081	0.70423	0.02868	0.02474	0.01799	0.00900	0.00731	0.00225	0.00619	0.00731	0.00900	0.01237
57	0.01352	0.01262	0.01936	0.34226	0.03166	0.01623	0.01610	0.01661	0.01315	0.01812	0.01630	0.12864	0.01597	0.01407	0.05236	0.00327	0.24970	0.00867	0.00379	0.00761
58	0.01749	0.01762	0.02316	0.04716	0.17124	0.08515	0.01688	0.04302	0.01418	0.01993	0.01150	0.01690	0.01050	0.01261	0.05185	0.00319	0.41892	0.00631	0.00351	0.00888
59	0.01019	0.00735	0.00963	0.00921	0.01084	0.00679	0.00685	0.01347	0.02011	0.02841	0.64959	0.10217	0.06715	0.01541	0.00862	0.00233	0.00348	0.01367	0.00791	0.00679
60	0.01057	0.00705	0.00793	0.00793	0.00793	0.00705	0.00440	0.01057	0.01057	0.01409	0.02290	0.04757	0.02643	0.74454	0.03700	0.00705	0.00705	0.01057	0.00440	0.00440
61	0.06346	0.61628	0.03432	0.01309	0.01889	0.11641	0.01239	0.02268	0.01539	0.01805	0.01025	0.01185	0.00925	0.00641	0.00490	0.00163	0.00834	0.00399	0.00327	0.00913
62	0.01747	0.02479	0.27695	0.05310	0.18491	0.01692	0.21858	0.02373	0.01655	0.07490	0.01487	0.01808	0.01096	0.00675	0.00752	0.00231	0.01034	0.00677	0.00383	0.01067
63	0.00931	0.00799	0.00805	0.00793	0.01051	0.00704	0.00598	0.01258	0.06747	0.02046	0.07029	0.06670	0.64500	0.01776	0.00850	0.00246	0.00384	0.01480	0.00680	0.00654
64	0.01668	0.01310	0.01516	0.01175	0.01726	0.01134	0.00928	0.05094	0.12287	0.06748	0.01897	0.07694	0.01615	0.00789	0.00622	0.00157	0.00551	0.00655	0.00542	0.51890
65	0.01643	0.06537	0.08608	0.13870	0.02654	0.07764	0.08407	0.06454	0.01680	0.02231	0.09421	0.02495	0.01886	0.01190	0.04203	0.00289	0.15298	0.04078	0.00434	0.00860
66	0.01657	0.01593	0.02746	0.26752	0.46326	0.01694	0.04468	0.02112	0.01591	0.02204	0.01346	0.01850	0.01090	0.00672	0.00727	0.00226	0.00911	0.00655	0.00348	0.01033
67	0.02719	0.03365	0.02068	0.01859	0.02248	0.66694	0.01403	0.07417	0.02155	0.01975	0.01167	0.01341	0.00957	0.00758	0.00660	0.00189	0.01275	0.00481	0.00399	0.00870
68	0.01823	0.01326	0.01455	0.01291	0.01684	0.01429	0.01009	0.03192	0.43401	0.13115	0.06362	0.03579	0.14881	0.01152	0.00765	0.00242	0.00534	0.00960	0.00754	0.01046
69	0.01057	0.00705	0.00793	0.00793	0.00793	0.00705	0.00440	0.01057	0.01057	0.01409	0.02290	0.04757	0.02643	0.74454	0.03700	0.00705	0.00705	0.01057	0.00440	0.00440
70	0.02732	0.01933	0.02099	0.01626	0.02193	0.02121	0.01338	0.57306	0.08262	0.09974	0.01931	0.01880	0.01358	0.00884	0.00728	0.00221	0.00768	0.00674	0.00743	0.01230
71	0.01150	0.00687	0.00977	0.00981	0.01019	0.00722	0.00674	0.01068	0.01042	0.01426	0.01728	0.04865	0.01781	0.17138	0.22236	0.39892	0.01009	0.00794	0.00370	0.00441
72	0.02715	0.03464	0.02060	0.01873	0.02247	0.71536	0.01404	0.02903	0.02060	0.01779	0.01124	0.01311	0.00936	0.00749	0.00655	0.00187	0.01311	0.00468	0.00375	0.00843
73	0.03261	0.01237	0.01687	0.01293	0.01856	0.01068	0.01068	0.03543	0.02081	0.70423	0.02868	0.02474	0.01799	0.00900	0.00731	0.00225	0.00619	0.00731	0.00900	0.01237
74	0.00980	0.00706	0.00948	0.01109	0.01202	0.00674	0.00835	0.01179	0.01499	0.01968	0.04112	0.48766	0.07654	0.02166	0.00950	0.00306	0.00502	0.23151	0.00673	0.00618
75	0.00906	0.00644	0.00853	0.01012	0.01057	0.00606	0.00680	0.01033	0.01384	0.01843	0.03905	0.67679	0.04664	0.06267	0.01084	0.00319	0.00447	0.04370	0.00662	0.00585
76	0.00877	0.00734	0.00767	0.00789	0.01015	0.00624	0.00594	0.01065	0.01638	0.01967	0.06925	0.12151	0.61281	0.01883	0.00872	0.00254	0.00388	0.04889	0.00675	0.00615
77	0.39295	0.01436	0.01468	0.01190	0.01702	0.01512	0.00982	0.12431	0.01881	0.28816	0.01822	0.01753	0.01236	0.00789	0.00597	0.00224	0.00619	0.00560	0.00661	0.01024
78	0.01038	0.00779	0.01168	0.01168	0.01298	0.00909	0.00909	0.01298	0.01168	0.01687	0.01947	0.02856	0.01817	0.05452	0.71573	0.01168	0.01947	0.00779	0.00389	0.00649
79	0.02531	0.01863	0.02000	0.01585	0.02116	0.02067	0.01292	0.49860	0.16865	0.06323	0.02056	0.02004	0.01481	0.00896	0.00722	0.00223	0.00731	0.00693	0.03493	0.01199
80	0.01691	0.01284	0.01594	0.01359	0.01674	0.01335	0.05573	0.25863	0.02204	0.02945	0.08269	0.18452	0.07320	0.12210	0.01252	0.00317	0.00663	0.04498	0.00648	0.00849
81	0.01738	0.02025	0.08511	0.15663	0.11526	0.12711	0.06462	0.02100	0.01494	0.01988	0.01229	0.01710	0.01027	0.00889	0.01243	0.00250	0.24138	0.00622	0.03789	0.00884
82	0.02546	0.05552	0.12580	0.01807	0.02343	0.42554	0.01565	0.12747	0.02170	0.07505	0.01375	0.01495	0.01045	0.00766	0.00671	0.00200	0.01126	0.00525	0.00456	0.00971
83	0.01250	0.01013	0.01533	0.13980	0.08078	0.01111	0.01372	0.01587	0.01537	0.02047	0.02872	0.10578	0.03018	0.01967	0.07532	0.00382	0.04629	0.34243	0.00538	0.00734

[dist]
# distance from previous block
# <min> <max>
0	1

[block]
# block no. 1 follows, 28 sequences, length 12
# corresponding to MSA columns:
# 303-314
name=unknown_B
#
# <colnr> <probs for GDERKNQSTAVLIFYWHMCP>
#	G	D	E	R	K	N	Q	S	T	A	V	L	I	F	Y	W	H	M	C	P
0	0.01390	0.01278	0.01641	0.01472	0.01513	0.04371	0.01151	0.01528	0.01147	0.01650	0.01502	0.02651	0.01561	0.21165	0.16060	0.00578	0.37535	0.00767	0.00366	0.00676
1	0.05076	0.01267	0.01464	0.06088	0.01779	0.03527	0.01006	0.09540	0.10463	0.14557	0.14534	0.06865	0.02811	0.11330	0.01203	0.00296	0.02605	0.00914	0.00656	0.04020
2	0.01840	0.50367	0.18419	0.01506	0.02168	0.05423	0.01597	0.02201	0.01485	0.01847	0.01076	0.01287	0.00932	0.00694	0.00676	0.00186	0.06588	0.00444	0.00313	0.00950
3	0.02272	0.01364	0.01601	0.01383	0.01822	0.01432	0.01101	0.03499	0.37648	0.27834	0.03016	0.05937	0.02277	0.01063	0.00758	0.00245	0.00590	0.04231	0.00792	0.01133
4	0.00915	0.00645	0.00835	0.00975	0.01010	0.00610	0.00635	0.01020	0.01335	0.01780	0.03714	0.62177	0.04439	0.14583	0.01400	0.00365	0.00470	0.01894	0.00635	0.00565
5	0.02093	0.05163	0.02496	0.16735	0.27336	0.19886	0.01816	0.11444	0.01959	0.02399	0.01327	0.01666	0.01063	0.00720	0.00695	0.00211	0.00988	0.00591	0.00406	0.01006
6	0.00886	0.00633	0.00843	0.01012	0.01054	0.00590	0.00675	0.01012	0.01392	0.01856	0.04006	0.73979	0.04808	0.02277	0.00928	0.00295	0.00422	0.02066	0.00675	0.00590
7	0.01044	0.00699	0.00797	0.00810	0.00813	0.00696	0.00459	0.01054	0.01084	0.01445	0.02426	0.10233	0.02814	0.68744	0.03481	0.00672	0.00682	0.01137	0.00459	0.00452
8	0.02218	0.01664	0.01849	0.04352	0.02072	0.01832	0.01233	0.44344	0.09253	0.03805	0.06801	0.12805	0.02233	0.01128	0.00767	0.00234	0.00698	0.00925	0.00709	0.01077
9	0.02543	0.01776	0.01956	0.01550	0.02055	0.01927	0.01258	0.53056	0.03028	0.09573	0.02150	0.11827	0.01778	0.01070	0.00755	0.00229	0.00733	0.00857	0.00734	0.01147
10	0.01051	0.00681	0.00866	0.00932	0.00983	0.00661	0.00625	0.01101	0.01279	0.01729	0.05686	0.26962	0.05812	0.24170	0.02081	0.13806	0.00555	0.06538	0.03968	0.00513
11	0.01375	0.03835	0.01202	0.03168	0.01400	0.00901	0.00845	0.01732	0.06253	0.11594	0.14993	0.26084	0.15288	0.01660	0.00846	0.00259	0.00488	0.06608	0.00706	0.00764

[dist]
# distance from previous block
# <min> <max>
3	12

[block]
# block no. 2 follows, 28 sequences, length 17
# corresponding to MSA columns:
# 327-343
name=unknown_C
#
# <colnr> <probs for GDERKNQSTAVLIFYWHMCP>
#	G	D	E	R	K	N	Q	S	T	A	V	L	I	F	Y	W	H	M	C	P
0	0.01759	0.01541	0.02351	0.25028	0.29652	0.01680	0.01846	0.14532	0.01904	0.02584	0.01679	0.09030	0.01475	0.00878	0.00744	0.00233	0.00840	0.00790	0.00450	0.01004
1	0.01476	0.01252	0.01461	0.01082	0.01668	0.00986	0.00860	0.01895	0.05209	0.02460	0.08188	0.01964	0.01715	0.00657	0.00581	0.00127	0.00521	0.00540	0.00484	0.66873
2	0.02020	0.67768	0.03635	0.01306	0.01904	0.09723	0.01260	0.02249	0.01535	0.01717	0.01022	0.01180	0.00933	0.00635	0.00485	0.00159	0.00831	0.00397	0.00317	0.00924
3	0.02539	0.02858	0.02027	0.06945	0.02372	0.48060	0.01393	0.16329	0.02248	0.02355	0.01329	0.01632	0.01093	0.04709	0.00838	0.00225	0.01146	0.00552	0.00449	0.00902
4	0.01018	0.00726	0.00864	0.00856	0.00940	0.00717	0.00562	0.01136	0.01318	0.01761	0.12954	0.04947	0.14068	0.41930	0.12609	0.00627	0.00776	0.01133	0.00524	0.00535
5	0.02077	0.01695	0.01795	0.01534	0.01993	0.01934	0.01216	0.21784	0.50246	0.03475	0.02617	0.02440	0.01942	0.00954	0.00736	0.00239	0.00639	0.00775	0.00736	0.01175
6	0.00944	0.00741	0.00859	0.00864	0.01065	0.00655	0.00656	0.01191	0.01778	0.02298	0.27987	0.10622	0.38945	0.01761	0.00875	0.00250	0.00388	0.06763	0.00717	0.00641
7	0.02185	0.01749	0.01856	0.01555	0.02034	0.01984	0.01242	0.28954	0.42901	0.03648	0.02480	0.02331	0.01831	0.00941	0.00735	0.00235	0.00664	0.00756	0.00735	0.01184
8	0.01440	0.00760	0.00768	0.00738	0.00932	0.00773	0.00561	0.05669	0.01639	0.02823	0.02333	0.02652	0.01825	0.00848	0.00521	0.00172	0.00367	0.00676	0.73792	0.00711
9	0.01074	0.00742	0.00940	0.00923	0.01098	0.00672	0.00679	0.01344	0.01856	0.05643	0.42785	0.19733	0.16427	0.01681	0.00866	0.00245	0.00376	0.01479	0.00758	0.00680
10	0.00902	0.00645	0.00863	0.01031	0.01081	0.00605	0.00704	0.01041	0.01408	0.01874	0.03997	0.70101	0.04771	0.02261	0.00932	0.00298	0.00436	0.05779	0.00674	0.00595
11	0.01799	0.01727	0.02950	0.04462	0.69919	0.01727	0.02231	0.02231	0.01655	0.02375	0.01367	0.01799	0.01151	0.00648	0.00720	0.00216	0.00864	0.00648	0.00360	0.01151
12	0.02903	0.01425	0.01761	0.01378	0.01911	0.01389	0.01128	0.18454	0.08008	0.45687	0.06172	0.02481	0.01973	0.00932	0.00738	0.00225	0.00643	0.00752	0.00840	0.01200
13	0.00915	0.00661	0.00870	0.01008	0.01081	0.00616	0.00700	0.01078	0.01485	0.01981	0.10377	0.60056	0.08298	0.02164	0.00922	0.00289	0.00427	0.05782	0.00686	0.00605
14	0.11437	0.01804	0.01940	0.01497	0.02066	0.01931	0.01234	0.46771	0.02851	0.12849	0.01774	0.01758	0.01247	0.00828	0.00682	0.00211	0.00729	0.00618	0.00696	0.07075
15	0.34686	0.01797	0.05806	0.01356	0.01899	0.01850	0.01176	0.30921	0.02283	0.07423	0.03427	0.01643	0.01223	0.00798	0.00613	0.00222	0.00694	0.00562	0.00598	0.01023
16	0.01494	0.01065	0.01253	0.01163	0.01386	0.01116	0.00873	0.19617	0.02003	0.02752	0.11236	0.25762	0.03396	0.09161	0.07233	0.00375	0.00679	0.03067	0.05589	0.00780

[dist]
# distance from previous block
# <min> <max>
0	12

[block]
# block no. 3 follows, 28 sequences, length 83
# corresponding to MSA columns:
# 356-438
name=unknown_D
#
# <colnr> <probs for GDERKNQSTAVLIFYWHMCP>
#	G	D	E	R	K	N	Q	S	T	A	V	L	I	F	Y	W	H	M	C	P
0	0.05708	0.00788	0.00891	0.00910	0.00977	0.00799	0.00576	0.04276	0.01281	0.01804	0.02706	0.25239	0.03118	0.44877	0.02532	0.00530	0.00616	0.01303	0.00525	0.00544
1	0.12311	0.01161	0.01270	0.01115	0.01406	0.01259	0.00875	0.16942	0.01855	0.02884	0.05838	0.06562	0.04733	0.01566	0.07487	0.07039	0.03584	0.00779	0.17822	0.03510
2	0.10462	0.33141	0.09461	0.04363	0.01956	0.05263	0.01267	0.07140	0.01631	0.02261	0.03358	0.07591	0.01524	0.03269	0.00685	0.00213	0.00754	0.00639	0.04139	0.00882
3	0.09082	0.03653	0.04711	0.01448	0.04092	0.01650	0.01169	0.28997	0.04688	0.03349	0.06984	0.02185	0.01738	0.04534	0.03764	0.00264	0.00734	0.00667	0.03537	0.12754
4	0.05062	0.04295	0.07597	0.13978	0.12551	0.04614	0.01500	0.15111	0.02056	0.02828	0.17866	0.02767	0.04832	0.00956	0.00734	0.00223	0.00748	0.00802	0.00542	0.00937
5	0.00998	0.00711	0.00908	0.01018	0.01087	0.00685	0.00686	0.04204	0.01484	0.01987	0.06543	0.60740	0.04511	0.09318	0.01189	0.00329	0.00464	0.01867	0.00659	0.00610
6	0.09256	0.01250	0.01638	0.01267	0.01820	0.01113	0.01046	0.03432	0.02014	0.65148	0.02722	0.02373	0.01720	0.00882	0.00709	0.00225	0.00614	0.00704	0.00864	0.01202
7	0.05066	0.01651	0.02814	0.16067	0.51863	0.01710	0.05920	0.02168	0.01606	0.02320	0.01345	0.01806	0.01101	0.00661	0.00717	0.00223	0.00890	0.00649	0.00358	0.01066
8	0.01540	0.02610	0.37679	0.02008	0.02786	0.01517	0.14111	0.02279	0.05566	0.05564	0.02192	0.02943	0.05331	0.00948	0.00779	0.00249	0.00956	0.09511	0.00442	0.00988
9	0.01028	0.00775	0.00940	0.00894	0.01081	0.00720	0.00663	0.01390	0.04776	0.02629	0.49441	0.05608	0.19812	0.05834	0.01020	0.00261	0.00380	0.01325	0.00750	0.00676
10	0.01595	0.01603	0.02298	0.01949	0.01974	0.02213	0.03878	0.01770	0.01134	0.01770	0.00972	0.01603	0.00959	0.01249	0.02332	0.00316	0.70620	0.00644	0.00320	0.00802
11	0.21690	0.00921	0.00839	0.00790	0.01048	0.00988	0.00616	0.04448	0.01526	0.02928	0.01994	0.02275	0.01559	0.00803	0.00502	0.00186	0.00415	0.00603	0.55142	0.00728
12	0.01050	0.00733	0.00934	0.00934	0.00983	0.00782	0.00617	0.01148	0.01099	0.01514	0.02161	0.04040	0.02332	0.48444	0.29284	0.00879	0.01173	0.00952	0.00421	0.00519
13	0.04294	0.00770	0.00941	0.00890	0.01084	0.00715	0.00671	0.01356	0.01964	0.02790	0.57540	0.05482	0.15818	0.01504	0.00841	0.00231	0.00356	0.01308	0.00767	0.00680
14	0.00903	0.00667	0.00836	0.00942	0.01036	0.00609	0.00645	0.01060	0.01506	0.01982	0.12054	0.51318	0.17125	0.04484	0.00998	0.00292	0.00412	0.01848	0.00681	0.00601
15	0.01463	0.01389	0.02387	0.53274	0.17295	0.01615	0.05137	0.01937	0.01514	0.01993	0.01422	0.02174	0.01145	0.00760	0.00743	0.00241	0.00948	0.03342	0.00347	0.00876
16	0.18918	0.01937	0.01754	0.19677	0.02604	0.21640	0.01357	0.02329	0.06039	0.02277	0.01346	0.01672	0.01072	0.00800	0.00786	0.00224	0.07703	0.00553	0.06487	0.00825
17	0.63393	0.01574	0.07262	0.04206	0.01719	0.01577	0.01014	0.02157	0.01298	0.05859	0.01136	0.01335	0.00866	0.00752	0.00578	0.02943	0.00630	0.00440	0.00446	0.00816
18	0.01063	0.00728	0.00861	0.00889	0.00921	0.00730	0.00546	0.02963	0.01213	0.01623	0.02686	0.21766	0.03104	0.51469	0.05841	0.00609	0.00691	0.01284	0.00505	0.00509
19	0.02016	0.62768	0.06685	0.01360	0.01972	0.11313	0.01330	0.02272	0.01552	0.01746	0.01038	0.01201	0.00933	0.00641	0.00500	0.00163	0.00857	0.00405	0.00319	0.00928
20	0.02641	0.02014	0.07271	0.01630	0.02224	0.02002	0.01414	0.52239	0.03032	0.11954	0.01940	0.04921	0.01431	0.00922	0.00733	0.00223	0.00783	0.00715	0.00713	0.01196
21	0.01976	0.71969	0.03744	0.01261	0.01881	0.02851	0.01249	0.04796	0.01555	0.01825	0.01040	0.01189	0.00945	0.00632	0.00477	0.00158	0.00778	0.00399	0.00328	0.00945
22	0.00952	0.00732	0.00873	0.00872	0.01058	0.00653	0.00651	0.01209	0.01814	0.02400	0.35609	0.13626	0.31056	0.01731	0.00871	0.00246	0.00374	0.03894	0.00733	0.00647
23	0.01056	0.00710	0.00821	0.00821	0.00830	0.00720	0.00475	0.01075	0.01065	0.01430	0.02265	0.04615	0.02581	0.69308	0.08762	0.00739	0.00797	0.01036	0.00437	0.00456
24	0.01122	0.00762	0.00990	0.00929	0.01117	0.00697	0.00698	0.01447	0.02014	0.06051	0.61008	0.08107	0.09280	0.01505	0.00854	0.00232	0.00360	0.01327	0.00794	0.00705
25	0.10718	0.04387	0.06707	0.01152	0.01480	0.01143	0.00970	0.07483	0.04066	0.07097	0.18872	0.23385	0.03635	0.01381	0.00761	0.00241	0.00533	0.01180	0.03997	0.00811
26	0.02715	0.03464	0.02060	0.01873	0.02247	0.71536	0.01404	0.02903	0.02060	0.01779	0.01124	0.01311	0.00936	0.00749	0.00655	0.00187	0.01311	0.00468	0.00375	0.00843
27	0.40514	0.01327	0.01365	0.01119	0.01613	0.01370	0.00921	0.04966	0.01694	0.32903	0.01904	0.01825	0.01287	0.00787	0.00585	0.00223	0.00587	0.00561	0.03452	0.00997
28	0.00911	0.00651	0.00873	0.01042	0.01095	0.00613	0.00719	0.01057	0.01417	0.01884	0.03992	0.68064	0.04752	0.02253	0.00935	0.00299	0.00444	0.07729	0.00674	0.00598
29	0.00889	0.00741	0.00778	0.00778	0.01012	0.00630	0.00589	0.01096	0.01702	0.02076	0.14095	0.06866	0.60359	0.01808	0.00864	0.00247	0.00376	0.03783	0.00689	0.00624
30	0.01838	0.04019	0.01776	0.01596	0.04474	0.03796	0.01202	0.03719	0.62010	0.02937	0.02783	0.02588	0.02100	0.00955	0.00728	0.00241	0.00613	0.00791	0.00701	0.01135
31	0.01366	0.00927	0.01124	0.01048	0.01221	0.01011	0.00779	0.11210	0.01550	0.02260	0.02091	0.03139	0.01948	0.21230	0.29255	0.00704	0.01132	0.00810	0.16506	0.00690
32	0.01038	0.00779	0.01168	0.01168	0.01298	0.00909	0.00909	0.01298	0.01168	0.01687	0.01947	0.02856	0.01817	0.05452	0.71573	0.01168	0.01947	0.00779	0.00389	0.00649
33	0.02349	0.01650	0.01764	0.01414	0.01882	0.01811	0.01148	0.43373	0.10462	0.05918	0.02060	0.02097	0.01508	0.00881	0.00679	0.00211	0.00664	0.00681	0.18350	0.01100
34	0.01580	0.01490	0.02449	0.39397	0.31040	0.01676	0.02035	0.02168	0.06889	0.02161	0.01455	0.01943	0.01143	0.00715	0.00725	0.00232	0.00895	0.00661	0.00371	0.00974
35	0.01465	0.00811	0.00824	0.00784	0.00993	0.00838	0.00598	0.05677	0.05711	0.02840	0.02370	0.02654	0.01848	0.00857	0.00535	0.00177	0.00380	0.00685	0.69214	0.00739
36	0.17797	0.49071	0.05150	0.01202	0.01751	0.02348	0.01164	0.02085	0.01446	0.02108	0.03452	0.01687	0.01271	0.00900	0.03114	0.00219	0.00767	0.03215	0.00374	0.00878
37	0.01816	0.27157	0.34262	0.05135	0.02667	0.13278	0.01971	0.02336	0.01596	0.02001	0.01178	0.01396	0.00930	0.00679	0.00612	0.00199	0.01009	0.00482	0.00320	0.00978
38	0.01031	0.00739	0.00911	0.00946	0.01105	0.00681	0.00702	0.01246	0.01635	0.04136	0.19143	0.22055	0.23523	0.07499	0.03566	0.00330	0.00498	0.08936	0.00681	0.00637
39	0.17921	0.08544	0.13904	0.01198	0.01652	0.01306	0.01146	0.01935	0.01625	0.08796	0.23106	0.02886	0.02936	0.02970	0.00920	0.06388	0.00620	0.00779	0.00553	0.00816
40	0.01646	0.01270	0.01397	0.01309	0.01575	0.04170	0.01007	0.21983	0.06033	0.02792	0.03126	0.31543	0.05444	0.01662	0.00915	0.02941	0.00621	0.09061	0.00669	0.00836
41	0.03228	0.01290	0.01720	0.01319	0.01882	0.01148	0.01089	0.07815	0.02170	0.66024	0.02793	0.02425	0.01762	0.00898	0.00731	0.00224	0.00631	0.00726	0.00888	0.01237
42	0.01425	0.01346	0.02275	0.64271	0.13031	0.01629	0.02045	0.01903	0.01478	0.01921	0.01301	0.01921	0.00992	0.00717	0.00726	0.00239	0.00956	0.00646	0.00328	0.00850
43	0.01963	0.01667	0.02173	0.05382	0.31316	0.07870	0.01591	0.06277	0.09757	0.10543	0.02592	0.02691	0.11161	0.00914	0.00738	0.00223	0.00770	0.00789	0.00536	0.01048
44	0.00996	0.00717	0.00945	0.00961	0.01097	0.00666	0.00705	0.01278	0.01856	0.02588	0.48362	0.24531	0.06167	0.01729	0.00884	0.00252	0.00380	0.04469	0.00759	0.00659
45	0.01057	0.00705	0.00793	0.00793	0.00793	0.00705	0.00440	0.01057	0.01057	0.01409	0.02290	0.04757	0.02643	0.74454	0.03700	0.00705	0.00705	0.01057	0.00440	0.00440
46	0.01943	0.74891	0.03809	0.01244	0.01866	0.02876	0.01244	0.02177	0.01477	0.01710	0.01011	0.01166	0.00933	0.00622	0.00466	0.00155	0.00777	0.00389	0.00311	0.00933
47	0.13961	0.02152	0.24984	0.20474	0.13956	0.01575	0.01965	0.02039	0.01462	0.02300	0.01423	0.05905	0.01187	0.00830	0.00735	0.02230	0.00881	0.00653	0.00364	0.00924
48	0.01247	0.00842	0.01136	0.01234	0.01434	0.00813	0.01057	0.01562	0.01724	0.06222	0.09100	0.07516	0.11881	0.01884	0.00960	0.00310	0.00607	0.49081	0.00693	0.00697
49	0.07742	0.01487	0.01682	0.04281	0.01971	0.01454	0.01090	0.17560	0.07190	0.02961	0.01619	0.01973	0.01321	0.00767	0.00687	0.00177	0.03157	0.03609	0.00530	0.38741
50	0.01662	0.17512	0.43232	0.02230	0.10807	0.04990	0.05371	0.02296	0.01569	0.02172	0.01254	0.01504	0.00960	0.00671	0.00656	0.00213	0.01008	0.00533	0.00320	0.01041
51	0.01412	0.01332	0.02251	0.66425	0.10981	0.01625	0.02038	0.01892	0.01472	0.01905	0.01299	0.01925	0.00986	0.00719	0.00726	0.00240	0.00959	0.00646	0.00326	0.00839
52	0.01943	0.74891	0.03809	0.01244	0.01866	0.02876	0.01244	0.02177	0.01477	0.01710	0.01011	0.01166	0.00933	0.00622	0.00466	0.00155	0.00777	0.00389	0.00311	0.00933
53	0.01031	0.00821	0.00936	0.00914	0.01130	0.00772	0.00681	0.01479	0.09299	0.02426	0.29579	0.12757	0.32178	0.01658	0.00852	0.00244	0.00388	0.01427	0.00729	0.00698
54	0.01029	0.00743	0.00972	0.00914	0.01086	0.00686	0.00686	0.01372	0.02058	0.02915	0.69536	0.05430	0.06859	0.01486	0.00857	0.00229	0.00343	0.01315	0.00800	0.00686
55	0.02563	0.01937	0.02069	0.01632	0.02178	0.02161	0.01333	0.54160	0.17080	0.04258	0.01999	0.01948	0.01442	0.00896	0.00730	0.00224	0.00753	0.00690	0.00730	0.01218
56	0.01263	0.00631	0.00947	0.00947	0.00947	0.00631	0.00631	0.00947	0.00947	0.01263	0.01263	0.02210	0.01263	0.02525	0.02841	0.78851	0.00631	0.00631	0.00316	0.00316
57	0.02715	0.03464	0.02060	0.01873	0.02247	0.71536	0.01404	0.02903	0.02060	0.01779	0.01124	0.01311	0.00936	0.00749	0.00655	0.00187	0.01311	0.00468	0.00375	0.00843
58	0.02847	0.01902	0.02099	0.01609	0.02187	0.02056	0.01329	0.56781	0.03194	0.15613	0.01933	0.01867	0.01331	0.00877	0.00728	0.00219	0.00769	0.00667	0.00756	0.01236
59	0.01158	0.00832	0.01153	0.01313	0.01484	0.00827	0.01145	0.01486	0.01673	0.02166	0.04000	0.08148	0.06994	0.02001	0.00998	0.00331	0.00656	0.62300	0.00670	0.00667
60	0.00879	0.00737	0.00767	0.00785	0.01016	0.00626	0.00594	0.01069	0.01646	0.01971	0.07002	0.10164	0.62777	0.01871	0.00871	0.00253	0.00388	0.05295	0.00675	0.00616
61	0.18571	0.01629	0.01783	0.01394	0.01943	0.01714	0.01151	0.31901	0.02508	0.27265	0.01987	0.01884	0.01341	0.00842	0.00672	0.00222	0.00688	0.00628	0.00731	0.01145
62	0.79588	0.01406	0.01068	0.00956	0.01406	0.01631	0.00787	0.02137	0.01237	0.03261	0.01012	0.01181	0.00787	0.00675	0.00450	0.00225	0.00562	0.00394	0.00450	0.00787
63	0.01038	0.00779	0.01168	0.01168	0.01298	0.00909	0.00909	0.01298	0.01168	0.01687	0.01947	0.02856	0.01817	0.05452	0.71573	0.01168	0.01947	0.00779	0.00389	0.00649
64	0.02562	0.01891	0.02028	0.01582	0.02101	0.02089	0.01283	0.58516	0.06000	0.04217	0.01849	0.02070	0.01411	0.07791	0.01007	0.00265	0.00781	0.00699	0.00701	0.01158
65	0.01712	0.01949	0.04221	0.03026	0.03737	0.01851	0.65110	0.02309	0.01696	0.02309	0.01454	0.01949	0.01098	0.00635	0.00908	0.00248	0.03600	0.00851	0.00366	0.00974
66	0.34290	0.01344	0.01361	0.06701	0.01788	0.01494	0.00979	0.14586	0.01798	0.09635	0.01633	0.01814	0.01219	0.00968	0.03528	0.00254	0.00663	0.00562	0.14491	0.00892
67	0.73456	0.01377	0.01111	0.03452	0.01535	0.01595	0.00847	0.02100	0.01264	0.03165	0.01146	0.01514	0.00942	0.00735	0.00484	0.00230	0.00581	0.03229	0.00455	0.00783
68	0.01335	0.00924	0.01055	0.00979	0.01094	0.00972	0.00654	0.11833	0.01479	0.02014	0.02231	0.06531	0.02379	0.49892	0.10281	0.00642	0.00830	0.00986	0.03284	0.00605
69	0.01040	0.00772	0.01134	0.01134	0.01252	0.00890	0.00866	0.01276	0.01158	0.01662	0.01978	0.03029	0.01892	0.11735	0.65393	0.01126	0.01834	0.00804	0.00394	0.00630
70	0.04388	0.12053	0.52808	0.04087	0.05812	0.01809	0.02349	0.02307	0.01538	0.04574	0.01314	0.01533	0.00959	0.00688	0.00658	0.00221	0.00992	0.00529	0.00335	0.01048
71	0.01586	0.17069	0.50855	0.02166	0.09919	0.01918	0.02364	0.02271	0.01536	0.02197	0.01255	0.01492	0.00947	0.00673	0.00651	0.00214	0.00996	0.00521	0.00313	0.01055
72	0.01414	0.00734	0.00740	0.00719	0.00906	0.00743	0.00545	0.04438	0.01603	0.02788	0.02345	0.02670	0.01837	0.00848	0.00517	0.00171	0.00358	0.00677	0.75246	0.00701
73	0.01799	0.01727	0.02950	0.04462	0.69919	0.01727	0.02231	0.02231	0.01655	0.02375	0.01367	0.01799	0.01151	0.00648	0.00720	0.00216	0.00864	0.00648	0.00360	0.01151
74	0.16357	0.07120	0.22373	0.16702	0.08647	0.01679	0.01809	0.02364	0.03991	0.10289	0.01475	0.01703	0.01076	0.00722	0.00647	0.00225	0.00847	0.00565	0.00427	0.00983
75	0.00910	0.00648	0.00862	0.01024	0.01073	0.00610	0.00697	0.01045	0.01397	0.01859	0.03932	0.67257	0.04687	0.04992	0.01037	0.00313	0.00448	0.05955	0.00666	0.00590
76	0.01041	0.00768	0.01112	0.01112	0.01222	0.00878	0.00838	0.01262	0.01151	0.01646	0.01999	0.03142	0.01942	0.15839	0.61356	0.01098	0.01760	0.00821	0.00397	0.00618
77	0.01464	0.01314	0.02113	0.43914	0.16190	0.01512	0.01817	0.05668	0.01608	0.02127	0.01781	0.11105	0.01635	0.00969	0.00763	0.00247	0.00859	0.03639	0.00412	0.00863
78	0.01880	0.02856	0.45419	0.02065	0.09011	0.01504	0.02183	0.02535	0.01694	0.17837	0.04821	0.01953	0.01417	0.00771	0.00710	0.00228	0.00917	0.00628	0.00470	0.01101
79	0.01153	0.00831	0.01146	0.01303	0.01475	0.00824	0.01135	0.01479	0.01672	0.02163	0.04056	0.08129	0.08034	0.01998	0.00995	0.00329	0.00652	0.61291	0.00670	0.00666
80	0.01004	0.00722	0.00934	0.01021	0.01117	0.00689	0.00710	0.04166	0.01633	0.02217	0.18436	0.55435	0.05097	0.02037	0.00903	0.00277	0.00422	0.01834	0.00705	0.00641
81	0.15363	0.11872	0.09475	0.03961	0.02148	0.10086	0.03553	0.11681	0.04752	0.07553	0.03690	0.01787	0.01315	0.02598	0.00856	0.00233	0.07051	0.00589	0.00485	0.00953
82	0.01679	0.01238	0.04172	0.01185	0.01487	0.01199	0.00943	0.19736	0.04924	0.05880	0.08137	0.20957	0.02887	0.07054	0.00982	0.00270	0.00569	0.01111	0.14736	0.00852

[dist]
# distance from previous block
# <min> <max>
0	3

[block]
# block no. 4 follows, 28 sequences, length 134
# corresponding to MSA columns:
# 442-575
name=unknown_E
#
# <colnr> <probs for GDERKNQSTAVLIFYWHMCP>
#	G	D	E	R	K	N	Q	S	T	A	V	L	I	F	Y	W	H	M	C	P
0	0.36157	0.14601	0.13680	0.05975	0.09838	0.01832	0.01427	0.02137	0.01421	0.02628	0.03676	0.01514	0.01115	0.00699	0.00557	0.00214	0.00738	0.00496	0.00396	0.00901
1	0.00981	0.00691	0.00829	0.00874	0.00955	0.00652	0.00576	0.01117	0.01434	0.01933	0.15295	0.27553	0.12626	0.26453	0.01830	0.00411	0.00494	0.01478	0.03254	0.00562
2	0.04655	0.01377	0.02177	0.36215	0.21458	0.01533	0.01796	0.02177	0.04881	0.08294	0.06920	0.02233	0.01611	0.00792	0.00726	0.00232	0.00825	0.00706	0.00447	0.00944
3	0.01507	0.01292	0.01507	0.01077	0.01723	0.00969	0.00861	0.01830	0.01507	0.02369	0.01292	0.01507	0.01077	0.00538	0.00538	0.00108	0.00538	0.00431	0.00431	0.78898
4	0.07753	0.23955	0.02497	0.01628	0.02079	0.46919	0.01316	0.02641	0.01835	0.01861	0.01083	0.01260	0.00925	0.00707	0.00587	0.00181	0.01106	0.00440	0.00361	0.00865
5	0.50967	0.04916	0.06448	0.01126	0.01633	0.01565	0.01004	0.02414	0.04321	0.13859	0.04661	0.01680	0.01315	0.00761	0.00545	0.00223	0.00609	0.00520	0.00534	0.00898
6	0.01002	0.00732	0.00930	0.00898	0.01059	0.00672	0.00660	0.01297	0.01919	0.02667	0.55143	0.10598	0.12851	0.05142	0.01001	0.00258	0.00369	0.01380	0.00761	0.00660
7	0.01808	0.01561	0.01644	0.01479	0.01890	0.01808	0.01151	0.03863	0.68606	0.03041	0.02959	0.02712	0.02219	0.00986	0.00740	0.00247	0.00575	0.00822	0.00740	0.01151
8	0.01402	0.00828	0.01080	0.00989	0.01228	0.00749	0.00763	0.01712	0.01985	0.14447	0.47391	0.08045	0.10741	0.01469	0.00845	0.00237	0.00411	0.04110	0.00796	0.00771
9	0.07859	0.00796	0.00935	0.00912	0.01112	0.00755	0.00692	0.01356	0.01841	0.02650	0.43721	0.10687	0.17899	0.01567	0.00834	0.00242	0.00388	0.04351	0.00730	0.00673
10	0.02763	0.02036	0.02182	0.01672	0.02254	0.02254	0.01382	0.67496	0.03418	0.04581	0.01745	0.01745	0.01236	0.00873	0.00727	0.00218	0.00800	0.00654	0.00727	0.01236
11	0.01027	0.00747	0.00970	0.00926	0.01101	0.00689	0.00702	0.01362	0.02020	0.02833	0.63389	0.05637	0.09796	0.01528	0.00864	0.00234	0.00360	0.04344	0.00788	0.00682
12	0.00939	0.00669	0.00897	0.01060	0.01122	0.00635	0.00751	0.01097	0.01429	0.01896	0.03929	0.60859	0.04638	0.04383	0.01023	0.00314	0.00472	0.12620	0.00667	0.00599
13	0.01711	0.01946	0.04208	0.03018	0.03725	0.01853	0.64698	0.02306	0.01692	0.02306	0.01450	0.01946	0.01097	0.00639	0.00918	0.00248	0.04051	0.00849	0.00366	0.00973
14	0.03199	0.01251	0.01685	0.01301	0.01857	0.01100	0.01072	0.03556	0.04922	0.67545	0.02872	0.02484	0.01817	0.00903	0.00731	0.00226	0.00617	0.00735	0.00893	0.01233
15	0.01355	0.00678	0.00678	0.00678	0.00847	0.00678	0.00508	0.01694	0.01524	0.02710	0.02371	0.02710	0.01863	0.00847	0.00508	0.00169	0.00339	0.00678	0.78489	0.00678
16	0.48029	0.01306	0.01259	0.01075	0.01530	0.01395	0.00875	0.02542	0.04173	0.22778	0.04889	0.04236	0.01552	0.00843	0.00578	0.00228	0.00564	0.00607	0.00616	0.00921
17	0.01716	0.01961	0.04289	0.03064	0.03799	0.01838	0.67279	0.02328	0.01716	0.02328	0.01471	0.01961	0.01103	0.00613	0.00858	0.00245	0.01225	0.00858	0.00368	0.00980
18	0.02652	0.01981	0.02119	0.01650	0.02212	0.02202	0.01355	0.60119	0.10975	0.04403	0.01886	0.01857	0.01350	0.00886	0.00729	0.00221	0.00774	0.00674	0.00729	0.01226
19	0.02293	0.02373	0.02150	0.02004	0.07573	0.29721	0.05870	0.17149	0.08595	0.02663	0.01844	0.02545	0.01588	0.00950	0.00745	0.00226	0.01000	0.09215	0.00526	0.00971
20	0.01943	0.74891	0.03809	0.01244	0.01866	0.02876	0.01244	0.02177	0.01477	0.01710	0.01011	0.01166	0.00933	0.00622	0.00466	0.00155	0.00777	0.00389	0.00311	0.00933
21	0.00885	0.00636	0.00839	0.01002	0.01052	0.00591	0.00670	0.01013	0.01402	0.01860	0.04132	0.71480	0.07226	0.02261	0.00925	0.00293	0.00420	0.02047	0.00675	0.00591
22	0.01415	0.01126	0.04298	0.01065	0.01370	0.04282	0.00874	0.04442	0.01875	0.10654	0.20351	0.10302	0.27712	0.01537	0.00835	0.00244	0.00514	0.05632	0.00702	0.00768
23	0.00992	0.00677	0.00812	0.00876	0.00892	0.00661	0.00529	0.01040	0.01184	0.01579	0.02941	0.31018	0.03464	0.47072	0.02648	0.00549	0.00597	0.01440	0.00529	0.00497
24	0.79588	0.01406	0.01068	0.00956	0.01406	0.01631	0.00787	0.02137	0.01237	0.03261	0.01012	0.01181	0.00787	0.00675	0.00450	0.00225	0.00562	0.00394	0.00450	0.00787
25	0.01112	0.00814	0.01090	0.01230	0.01407	0.00793	0.01055	0.01415	0.01662	0.02131	0.04429	0.09963	0.14923	0.01989	0.00978	0.00319	0.00613	0.52748	0.00670	0.00658
26	0.01505	0.06066	0.62442	0.02251	0.08928	0.01733	0.02596	0.02291	0.01543	0.02288	0.01300	0.01545	0.00941	0.00684	0.00685	0.00226	0.01046	0.00542	0.00312	0.01076
27	0.01015	0.00742	0.00953	0.00900	0.01078	0.00680	0.00675	0.01345	0.02025	0.02838	0.64535	0.05556	0.11908	0.01515	0.00857	0.00230	0.00345	0.01332	0.00790	0.00680
28	0.01590	0.01590	0.02226	0.01908	0.01908	0.02226	0.01590	0.01749	0.01113	0.01749	0.00954	0.01590	0.00954	0.01272	0.02385	0.00318	0.73123	0.00636	0.00318	0.00795
29	0.01592	0.01580	0.02688	0.37726	0.21194	0.04257	0.13437	0.02069	0.01576	0.02101	0.01376	0.01911	0.01071	0.00692	0.00737	0.00231	0.00977	0.00678	0.03186	0.00923
30	0.01134	0.00874	0.01230	0.01245	0.04902	0.00911	0.04308	0.01260	0.01188	0.01624	0.02334	0.08594	0.04285	0.43486	0.16090	0.00687	0.03798	0.01034	0.00440	0.00577
31	0.01021	0.00757	0.00964	0.00978	0.01157	0.00701	0.00766	0.01322	0.01866	0.02522	0.40196	0.09498	0.18217	0.01705	0.00893	0.00258	0.00423	0.15352	0.00742	0.00664
32	0.01332	0.01561	0.07399	0.01377	0.06862	0.13261	0.01043	0.01611	0.01754	0.02097	0.12084	0.06809	0.37218	0.01425	0.00799	0.00231	0.00634	0.01179	0.00578	0.00745
33	0.01576	0.21060	0.54422	0.01870	0.02835	0.01977	0.02335	0.02272	0.01521	0.02158	0.01233	0.01445	0.00924	0.00674	0.00636	0.00212	0.01002	0.00501	0.00308	0.01040
34	0.02597	0.02801	0.02084	0.04589	0.04769	0.43475	0.01420	0.21777	0.02402	0.02660	0.01365	0.01529	0.01066	0.00784	0.00676	0.00199	0.01097	0.00544	0.03203	0.00962
35	0.26156	0.01605	0.02442	0.06513	0.07007	0.01780	0.20454	0.04806	0.01494	0.02565	0.01345	0.04950	0.01149	0.00846	0.00981	0.00251	0.13672	0.00692	0.00411	0.00880
36	0.00885	0.00737	0.00772	0.00763	0.00998	0.00625	0.00572	0.01093	0.01717	0.02107	0.16742	0.06759	0.60157	0.01787	0.00859	0.00243	0.00364	0.01501	0.00694	0.00625
37	0.03737	0.03189	0.50682	0.02417	0.08405	0.01718	0.15035	0.02297	0.01570	0.02340	0.01333	0.01627	0.00970	0.00672	0.00718	0.00232	0.01073	0.00603	0.00327	0.01054
38	0.01250	0.00884	0.01145	0.01213	0.01419	0.00877	0.01007	0.01711	0.07798	0.05223	0.12657	0.11479	0.10667	0.01802	0.00930	0.00297	0.00570	0.37640	0.00704	0.00729
39	0.01943	0.74891	0.03809	0.01244	0.01866	0.02876	0.01244	0.02177	0.01477	0.01710	0.01011	0.01166	0.00933	0.00622	0.00466	0.00155	0.00777	0.00389	0.00311	0.00933
40	0.00927	0.00704	0.00855	0.00892	0.01043	0.00631	0.00640	0.01148	0.01707	0.02260	0.27967	0.29082	0.25778	0.01864	0.00882	0.00256	0.00377	0.01637	0.00719	0.00631
