[name]
unknown

[dist]
# distance from previous block
# <min> <max>
2	41

[block]
# block no. 0 follows, 24 sequences, length 97
# corresponding to MSA columns:
# 41-137
name=unknown_A
#
# <colnr> <probs for GDERKNQSTAVLIFYWHMCP>
#	G	D	E	R	K	N	Q	S	T	A	V	L	I	F	Y	W	H	M	C	P
0	0.02157	0.69582	0.04071	0.01387	0.02054	0.06032	0.01365	0.02409	0.01639	0.01869	0.01108	0.01279	0.01018	0.00685	0.00518	0.00171	0.00874	0.00428	0.00342	0.01013
1	0.01661	0.01380	0.01591	0.01241	0.01803	0.01210	0.00980	0.05180	0.12090	0.02928	0.14225	0.02685	0.02588	0.00880	0.00699	0.00173	0.00566	0.00734	0.00616	0.46772
2	0.02675	0.05939	0.02099	0.01680	0.02187	0.17853	0.01334	0.10218	0.26687	0.17231	0.02475	0.02336	0.01798	0.00959	0.00766	0.00240	0.00867	0.00738	0.00724	0.01193
3	0.01793	0.01941	0.03945	0.05872	0.07861	0.01856	0.46403	0.02368	0.01791	0.02475	0.01680	0.05377	0.01384	0.00786	0.00963	0.00258	0.04101	0.00923	0.00418	0.07806
4	0.00966	0.00690	0.00920	0.01104	0.01150	0.00644	0.00736	0.01104	0.01518	0.02024	0.04371	0.71614	0.05245	0.02484	0.01012	0.00322	0.00460	0.02254	0.00736	0.00644
5	0.01001	0.00710	0.00904	0.01045	0.01092	0.00669	0.00681	0.01115	0.01461	0.01936	0.04174	0.56094	0.07503	0.15786	0.01587	0.00405	0.00517	0.02018	0.00687	0.00614
6	0.01841	0.25032	0.29055	0.02299	0.03206	0.02298	0.20757	0.02477	0.01713	0.02317	0.01376	0.01687	0.01068	0.00704	0.00731	0.00230	0.01119	0.00640	0.00356	0.01093
7	0.03422	0.01567	0.01975	0.01514	0.02133	0.01488	0.01251	0.19002	0.02634	0.52082	0.02823	0.02501	0.01810	0.00974	0.00796	0.00244	0.00724	0.00777	0.00935	0.01349
8	0.03531	0.01392	0.01866	0.01431	0.02045	0.01228	0.01182	0.06808	0.02340	0.64691	0.03069	0.02660	0.01933	0.00980	0.00797	0.00245	0.00684	0.00793	0.00972	0.01349
9	0.02406	0.04880	0.02009	0.01553	0.02025	0.01995	0.01231	0.33120	0.17255	0.06679	0.02341	0.02782	0.01901	0.14585	0.01404	0.00344	0.00787	0.00831	0.00725	0.01147
10	0.02009	0.50163	0.22064	0.01643	0.02448	0.05778	0.01808	0.02449	0.01658	0.02051	0.01198	0.01393	0.01014	0.00706	0.00587	0.00194	0.00966	0.00474	0.00341	0.01057
11	0.01153	0.00769	0.00865	0.00865	0.00865	0.00769	0.00480	0.01153	0.01153	0.01538	0.02499	0.05189	0.02883	0.72131	0.04036	0.00769	0.00769	0.01153	0.00480	0.00480
12	0.07030	0.01461	0.01872	0.01442	0.02052	0.01347	0.01191	0.10952	0.02398	0.57271	0.02887	0.02538	0.01838	0.00966	0.00782	0.00244	0.00695	0.00770	0.00936	0.01326
13	0.01586	0.01541	0.01745	0.01607	0.01709	0.10629	0.01251	0.01774	0.01389	0.01857	0.01830	0.07890	0.01871	0.11163	0.23065	0.00664	0.26351	0.00892	0.00425	0.00762
14	0.01366	0.05764	0.01859	0.01546	0.01714	0.01506	0.03526	0.01636	0.01304	0.01884	0.01784	0.02635	0.01670	0.04338	0.46419	0.00947	0.18135	0.00789	0.00400	0.00779
15	0.01644	0.01409	0.01644	0.01175	0.01879	0.01057	0.00940	0.01997	0.01644	0.02584	0.01409	0.01644	0.01175	0.00587	0.00587	0.00117	0.00587	0.00470	0.00470	0.76979
16	0.77733	0.01534	0.01166	0.01043	0.01534	0.01779	0.00859	0.02331	0.01350	0.03558	0.01104	0.01288	0.00859	0.00736	0.00491	0.00245	0.00613	0.00429	0.00491	0.00859
17	0.02032	0.01314	0.04990	0.01273	0.01717	0.01099	0.01055	0.04590	0.06245	0.21749	0.25157	0.06561	0.03937	0.04341	0.00970	0.00259	0.00584	0.01048	0.00797	0.10283
18	0.01750	0.01893	0.03559	0.10239	0.03567	0.04371	0.37908	0.02254	0.01697	0.02292	0.01692	0.06680	0.01463	0.01199	0.04786	0.00334	0.12000	0.00940	0.00411	0.00965
19	0.09397	0.02968	0.02155	0.01858	0.02342	0.38545	0.01444	0.20861	0.07723	0.03073	0.01572	0.01678	0.01215	0.00870	0.00725	0.00223	0.01134	0.00593	0.00559	0.01065
20	0.01992	0.56031	0.19610	0.01575	0.02373	0.02824	0.01737	0.02408	0.01626	0.02022	0.01180	0.01369	0.01014	0.00697	0.00568	0.00189	0.00926	0.00463	0.00338	0.01055
21	0.03409	0.01420	0.01863	0.01447	0.02049	0.01292	0.01189	0.06883	0.07242	0.59669	0.03076	0.02680	0.01968	0.00987	0.00798	0.00247	0.00681	0.00801	0.00959	0.01342
22	0.03032	0.01895	0.02146	0.01664	0.02264	0.02005	0.01368	0.42458	0.05863	0.22037	0.05301	0.02352	0.01846	0.00996	0.00802	0.00242	0.00785	0.00778	0.00849	0.01317
23	0.02431	0.01130	0.01499	0.01239	0.01660	0.01018	0.00988	0.02848	0.04923	0.36927	0.30837	0.04114	0.04385	0.01264	0.00858	0.00248	0.00542	0.01079	0.00927	0.01084
24	0.01936	0.01922	0.03437	0.04465	0.52962	0.01932	0.13259	0.02427	0.01789	0.02549	0.01490	0.01983	0.01236	0.00733	0.00900	0.00247	0.04394	0.00746	0.00392	0.01204
25	0.01970	0.32573	0.35111	0.01832	0.02736	0.05489	0.02123	0.02549	0.01703	0.05324	0.01361	0.01544	0.01056	0.00736	0.00652	0.00215	0.01025	0.00525	0.00371	0.01104
26	0.01153	0.00769	0.00865	0.00865	0.00865	0.00769	0.00480	0.01153	0.01153	0.01538	0.02499	0.05189	0.02883	0.72131	0.04036	0.00769	0.00769	0.01153	0.00480	0.00480
27	0.00966	0.00690	0.00920	0.01104	0.01150	0.00644	0.00736	0.01104	0.01518	0.02024	0.04371	0.71614	0.05245	0.02484	0.01012	0.00322	0.00460	0.02254	0.00736	0.00644
28	0.05574	0.49485	0.03460	0.01502	0.02088	0.14469	0.01372	0.02586	0.01736	0.06230	0.01253	0.01415	0.01074	0.00759	0.00663	0.00192	0.04258	0.00477	0.00400	0.01008
29	0.01607	0.01477	0.02381	0.62627	0.05110	0.01838	0.02135	0.06079	0.01708	0.02214	0.01424	0.02083	0.01075	0.00831	0.00877	0.00266	0.04271	0.00705	0.00381	0.00911
30	0.01153	0.00769	0.00865	0.00865	0.00865	0.00769	0.00480	0.01153	0.01153	0.01538	0.02499	0.05189	0.02883	0.72131	0.04036	0.00769	0.00769	0.01153	0.00480	0.00480
31	0.01644	0.01409	0.01644	0.01175	0.01879	0.01057	0.00940	0.01997	0.01644	0.02584	0.01409	0.01644	0.01175	0.00587	0.00587	0.00117	0.00587	0.00470	0.00470	0.76979
32	0.00966	0.00690	0.00920	0.01104	0.01150	0.00644	0.00736	0.01104	0.01518	0.02024	0.04371	0.71614	0.05245	0.02484	0.01012	0.00322	0.00460	0.02254	0.00736	0.00644
33	0.01708	0.01447	0.01679	0.01205	0.01906	0.01123	0.00966	0.04922	0.01742	0.02697	0.01433	0.01656	0.01183	0.00604	0.00597	0.00123	0.00601	0.00481	0.00485	0.73442
34	0.01654	0.00925	0.01227	0.01094	0.01369	0.00836	0.00840	0.02003	0.02219	0.17409	0.50024	0.08017	0.06166	0.01517	0.00908	0.00252	0.00444	0.01328	0.00891	0.00877
35	0.00938	0.00799	0.00807	0.00814	0.01074	0.00669	0.00607	0.01137	0.01797	0.02138	0.07905	0.09875	0.64702	0.02025	0.00940	0.00270	0.00404	0.01694	0.00736	0.00669
36	0.00992	0.00780	0.00834	0.00859	0.01033	0.00690	0.00592	0.01137	0.01613	0.01982	0.06220	0.15759	0.43273	0.18736	0.01684	0.00394	0.00497	0.01629	0.00676	0.00621
37	0.02939	0.03331	0.02315	0.02092	0.04793	0.50327	0.01559	0.18091	0.02592	0.02709	0.01401	0.01565	0.01110	0.00846	0.00737	0.00214	0.01277	0.00567	0.00502	0.01036
38	0.03260	0.01317	0.01767	0.01382	0.01949	0.01165	0.01131	0.03664	0.05236	0.58805	0.08965	0.03007	0.02490	0.01045	0.00811	0.00247	0.00645	0.00860	0.00963	0.01290
39	0.00966	0.00690	0.00920	0.01104	0.01150	0.00644	0.00736	0.01104	0.01518	0.02024	0.04371	0.71614	0.05245	0.02484	0.01012	0.00322	0.00460	0.02254	0.00736	0.00644
40	0.01872	0.02139	0.04679	0.03342	0.04144	0.02005	0.64305	0.02540	0.01872	0.02540	0.01604	0.02139	0.01203	0.00668	0.00936	0.00267	0.01337	0.00936	0.00401	0.01070
41	0.02015	0.01674	0.01824	0.04988	0.02228	0.01928	0.01298	0.04091	0.59947	0.05935	0.03134	0.02906	0.02334	0.01058	0.00806	0.00268	0.00651	0.00883	0.00792	0.01241
42	0.01887	0.09396	0.08842	0.12661	0.46923	0.01996	0.02335	0.02382	0.01746	0.02436	0.01434	0.01885	0.01184	0.00719	0.00754	0.00234	0.00967	0.00666	0.00377	0.01176
43	0.10456	0.01440	0.01750	0.01361	0.01966	0.01320	0.01111	0.05453	0.07628	0.41228	0.02567	0.02353	0.01722	0.00889	0.00728	0.00223	0.00655	0.00704	0.00814	0.15632
44	0.02029	0.60782	0.15181	0.01513	0.02276	0.02914	0.01628	0.02398	0.01622	0.01977	0.01158	0.01341	0.01015	0.00691	0.00551	0.00184	0.00904	0.00452	0.00338	0.01044
45	0.01083	0.00809	0.01033	0.01008	0.01187	0.00772	0.00750	0.01381	0.01909	0.02621	0.38507	0.08612	0.17567	0.05713	0.13025	0.00460	0.00708	0.01401	0.00744	0.00709
46	0.01697	0.01441	0.01673	0.01200	0.01902	0.01111	0.00961	0.04404	0.01725	0.02677	0.01428	0.01654	0.01181	0.00601	0.00595	0.00122	0.00598	0.00479	0.00482	0.74068
47	0.74229	0.04827	0.01304	0.01057	0.01557	0.01842	0.00882	0.02333	0.01362	0.03479	0.01104	0.01287	0.00866	0.00733	0.00492	0.00242	0.00624	0.00429	0.00484	0.00866
48	0.01023	0.00722	0.00929	0.01044	0.01100	0.00682	0.00689	0.01167	0.01548	0.02090	0.12580	0.49888	0.05100	0.15688	0.01580	0.00398	0.00507	0.01931	0.00706	0.00627
49	0.01590	0.04102	0.68023	0.02260	0.03432	0.01842	0.02930	0.02511	0.01674	0.02511	0.01423	0.01674	0.01005	0.00753	0.00753	0.00251	0.01172	0.00586	0.00335	0.01172
50	0.02727	0.13979	0.02567	0.05015	0.02508	0.34266	0.01515	0.19573	0.05646	0.02824	0.01496	0.01640	0.01180	0.00843	0.00712	0.00214	0.01131	0.00580	0.00518	0.01065
51	0.02563	0.01572	0.01811	0.01538	0.02048	0.01672	0.01222	0.04084	0.42100	0.27317	0.03191	0.02862	0.02250	0.01041	0.00803	0.00260	0.00645	0.00860	0.00872	0.01290
52	0.00966	0.00690	0.00920	0.01104	0.01150	0.00644	0.00736	0.01104	0.01518	0.02024	0.04371	0.71614	0.05245	0.02484	0.01012	0.00322	0.00460	0.02254	0.00736	0.00644
53	0.01205	0.00832	0.01066	0.00994	0.01208	0.00757	0.00750	0.01558	0.02199	0.05779	0.57885	0.05969	0.13530	0.01635	0.00930	0.00251	0.00390	0.01433	0.00863	0.00765
54	0.02556	0.25093	0.02575	0.01450	0.02016	0.04817	0.01246	0.03317	0.17563	0.24438	0.05379	0.02388	0.01981	0.00927	0.00707	0.00225	0.00738	0.00716	0.00697	0.01171
55	0.01546	0.00767	0.00800	0.00779	0.00981	0.00757	0.00589	0.01913	0.01716	0.05612	0.05722	0.03090	0.02294	0.00960	0.00583	0.00190	0.00382	0.00775	0.69779	0.00764
56	0.00966	0.00690	0.00920	0.01104	0.01150	0.00644	0.00736	0.01104	0.01518	0.02024	0.04371	0.71614	0.05245	0.02484	0.01012	0.00322	0.00460	0.02254	0.00736	0.00644
57	0.01615	0.07230	0.65106	0.02219	0.03368	0.01901	0.02858	0.02505	0.01671	0.02482	0.01408	0.01656	0.01005	0.00750	0.00742	0.00247	0.01157	0.00579	0.00335	0.01165
58	0.01653	0.01532	0.02526	0.55405	0.16179	0.01817	0.02209	0.05130	0.01728	0.02270	0.01448	0.02077	0.01106	0.00785	0.00791	0.00258	0.01028	0.00705	0.00381	0.00970
59	0.00998	0.00773	0.00909	0.00944	0.01126	0.00684	0.00682	0.01229	0.01848	0.02401	0.23562	0.25509	0.32419	0.02036	0.00958	0.00278	0.00411	0.01773	0.00775	0.00684
60	0.01153	0.00769	0.00865	0.00865	0.00865	0.00769	0.00480	0.01153	0.01153	0.01538	0.02499	0.05189	0.02883	0.72131	0.04036	0.00769	0.00769	0.01153	0.00480	0.00480
61	0.01936	0.01840	0.03160	0.04608	0.61453	0.01834	0.04870	0.02410	0.01802	0.02606	0.01548	0.02017	0.01291	0.00715	0.00780	0.00234	0.00931	0.00717	0.04023	0.01224
62	0.02028	0.01731	0.01824	0.01625	0.02083	0.01998	0.01269	0.07416	0.62460	0.03406	0.03157	0.02903	0.02364	0.01069	0.00806	0.00267	0.00641	0.00887	0.00806	0.01260
63	0.01834	0.01753	0.02986	0.22979	0.50081	0.01850	0.02370	0.02321	0.01745	0.02434	0.01469	0.02005	0.01201	0.00730	0.00787	0.00243	0.00974	0.00706	0.00381	0.01152
64	0.01162	0.00892	0.01329	0.01313	0.01448	0.01060	0.01027	0.01440	0.01272	0.01844	0.02072	0.03049	0.01938	0.05730	0.65824	0.01230	0.05392	0.00842	0.00421	0.00716
65	0.77733	0.01534	0.01166	0.01043	0.01534	0.01779	0.00859	0.02331	0.01350	0.03558	0.01104	0.01288	0.00859	0.00736	0.00491	0.00245	0.00613	0.00429	0.00491	0.00859
66	0.06422	0.01356	0.01749	0.01377	0.01949	0.01239	0.01128	0.03724	0.07722	0.55998	0.03023	0.02676	0.01960	0.00976	0.00772	0.00244	0.00652	0.00788	0.04956	0.01288
67	0.03014	0.02221	0.02380	0.01825	0.02459	0.02459	0.01507	0.64541	0.03728	0.04998	0.01904	0.01904	0.01349	0.00952	0.00793	0.00238	0.00873	0.00714	0.00793	0.01349
68	0.00966	0.00690	0.00920	0.01104	0.01150	0.00644	0.00736	0.01104	0.01518	0.02024	0.04371	0.71614	0.05245	0.02484	0.01012	0.00322	0.00460	0.02254	0.00736	0.00644
69	0.00937	0.00803	0.00803	0.00803	0.01071	0.00669	0.00602	0.01138	0.01807	0.02142	0.08033	0.07632	0.66863	0.02008	0.00937	0.00268	0.00402	0.01674	0.00736	0.00669
70	0.01644	0.01409	0.01644	0.01175	0.01879	0.01057	0.00940	0.01997	0.01644	0.02584	0.01409	0.01644	0.01175	0.00587	0.00587	0.00117	0.00587	0.00470	0.00470	0.76979
71	0.01797	0.01919	0.03456	0.02657	0.03023	0.02236	0.30287	0.02197	0.01514	0.02197	0.01298	0.01919	0.01115	0.01060	0.01842	0.00311	0.39037	0.00804	0.00372	0.00960
72	0.01135	0.00841	0.01231	0.01231	0.01357	0.00968	0.00937	0.01388	0.01262	0.01809	0.02164	0.03336	0.02078	0.12999	0.62069	0.01221	0.01980	0.00882	0.00431	0.00684
73	0.01278	0.00913	0.01278	0.01460	0.01643	0.00913	0.01278	0.01643	0.01825	0.02373	0.04199	0.08945	0.04564	0.02191	0.01095	0.00365	0.00730	0.61847	0.00730	0.00730
74	0.01970	0.01469	0.01716	0.01278	0.01941	0.01229	0.01025	0.05134	0.08728	0.10641	0.01835	0.01925	0.01412	0.00703	0.00645	0.00154	0.00614	0.00566	0.00582	0.56432
75	0.01147	0.00777	0.00902	0.00890	0.00926	0.00765	0.00532	0.01219	0.01362	0.01852	0.14792	0.05330	0.03763	0.58644	0.03443	0.00669	0.00693	0.01207	0.00556	0.00532
76	0.01049	0.00775	0.00980	0.00998	0.01157	0.00706	0.00722	0.01329	0.01969	0.02689	0.39840	0.24996	0.16002	0.01928	0.00958	0.00273	0.00403	0.01706	0.00813	0.00706
77	0.01738	0.01920	0.03679	0.02721	0.03369	0.04833	0.46112	0.02343	0.04215	0.02452	0.02717	0.07408	0.10604	0.00994	0.00926	0.00268	0.01128	0.01103	0.00485	0.00986
78	0.01320	0.00847	0.01115	0.01043	0.01255	0.00775	0.00783	0.01667	0.02182	0.08689	0.55677	0.11494	0.06803	0.01642	0.00930	0.00256	0.00408	0.01452	0.00870	0.00791
79	0.77733	0.01534	0.01166	0.01043	0.01534	0.01779	0.00859	0.02331	0.01350	0.03558	0.01104	0.01288	0.00859	0.00736	0.00491	0.00245	0.00613	0.00429	0.00491	0.00859
80	0.00966	0.00690	0.00920	0.01104	0.01150	0.00644	0.00736	0.01104	0.01518	0.02024	0.04371	0.71614	0.05245	0.02484	0.01012	0.00322	0.00460	0.02254	0.00736	0.00644
81	0.15182	0.01787	0.02851	0.12223	0.25562	0.01886	0.14667	0.02625	0.10413	0.02773	0.01672	0.02036	0.01307	0.00766	0.00768	0.00252	0.00938	0.00731	0.00463	0.01098
82	0.03531	0.01393	0.01867	0.01431	0.02046	0.01229	0.01182	0.06856	0.02342	0.64641	0.03068	0.02660	0.01933	0.00980	0.00797	0.00245	0.00685	0.00793	0.00972	0.01349
83	0.02064	0.40243	0.20224	0.01657	0.02399	0.09266	0.01750	0.02490	0.01698	0.04780	0.01349	0.01571	0.01117	0.01067	0.05051	0.00269	0.01067	0.00518	0.00377	0.01041
84	0.03014	0.02221	0.02380	0.01825	0.02459	0.02459	0.01507	0.64541	0.03728	0.04998	0.01904	0.01904	0.01349	0.00952	0.00793	0.00238	0.00873	0.00714	0.00793	0.01349
85	0.02195	0.05693	0.03911	0.02757	0.03446	0.01942	0.43405	0.02729	0.01876	0.14920	0.01820	0.02165	0.01324	0.00792	0.01033	0.00265	0.07258	0.00861	0.00504	0.01103
86	0.01604	0.01480	0.07263	0.06583	0.16588	0.01303	0.01496	0.04951	0.04873	0.06173	0.18101	0.15172	0.05831	0.01383	0.00877	0.00265	0.00693	0.03743	0.00653	0.00968
87	0.01122	0.00811	0.01060	0.00998	0.01185	0.00748	0.00748	0.01496	0.02245	0.03180	0.66766	0.05923	0.07482	0.01621	0.00935	0.00249	0.00374	0.01434	0.00873	0.00748
88	0.01671	0.01587	0.02692	0.45799	0.28529	0.01808	0.02289	0.02178	0.01668	0.02237	0.01440	0.02058	0.01131	0.00761	0.00790	0.00254	0.01014	0.00705	0.00367	0.01021
89	0.02056	0.01431	0.01714	0.14367	0.02411	0.01605	0.01267	0.18993	0.09303	0.06473	0.02228	0.02463	0.01672	0.00941	0.00770	0.00232	0.02986	0.00745	0.27323	0.01020
90	0.00966	0.00690	0.00920	0.01104	0.01150	0.00644	0.00736	0.01104	0.01518	0.02024	0.04371	0.71614	0.05245	0.02484	0.01012	0.00322	0.00460	0.02254	0.00736	0.00644
91	0.03448	0.01448	0.01892	0.01459	0.02069	0.01322	0.01202	0.09882	0.04662	0.59245	0.03011	0.02630	0.01918	0.00982	0.00797	0.00245	0.00693	0.00793	0.00957	0.01346
92	0.01478	0.00739	0.00739	0.00739	0.00924	0.00739	0.00554	0.01848	0.01663	0.02956	0.02587	0.02956	0.02033	0.00924	0.00554	0.00185	0.00370	0.00739	0.76534	0.00739
93	0.01923	0.02073	0.07682	0.04430	0.51981	0.01903	0.13326	0.02457	0.01809	0.02577	0.01507	0.01975	0.01230	0.00703	0.00809	0.00242	0.01026	0.00739	0.00390	0.01218
94	0.01917	0.01656	0.01741	0.01571	0.02009	0.01903	0.01221	0.04050	0.62358	0.03255	0.03483	0.03207	0.05841	0.01125	0.00814	0.00269	0.00616	0.00938	0.00803	0.01224
95	0.01110	0.00810	0.01043	0.00985	0.01177	0.00743	0.00739	0.01473	0.02216	0.03113	0.62953	0.06034	0.11338	0.01646	0.00935	0.00251	0.00376	0.01450	0.00864	0.00743
96	0.02586	0.01906	0.02071	0.01684	0.02213	0.02103	0.01355	0.41557	0.17594	0.06984	0.02516	0.09453	0.02026	0.01141	0.00819	0.00254	0.00765	0.00920	0.00798	0.01254

[dist]
# distance from previous block
# <min> <max>
0	4

[block]
# block no. 1 follows, 24 sequences, length 10
# corresponding to MSA columns:
# 142-149,152,153
name=unknown_B
#
# <colnr> <probs for GDERKNQSTAVLIFYWHMCP>
#	G	D	E	R	K	N	Q	S	T	A	V	L	I	F	Y	W	H	M	C	P
0	0.01691	0.01101	0.01323	0.12891	0.01976	0.01208	0.01012	0.11912	0.01931	0.02980	0.02243	0.02779	0.01801	0.05273	0.04744	0.00303	0.00692	0.00759	0.42537	0.00845
1	0.00997	0.00703	0.00911	0.01064	0.01103	0.00665	0.00693	0.01112	0.01457	0.01943	0.04058	0.60520	0.04850	0.14116	0.01517	0.00397	0.00512	0.02070	0.00693	0.00617
2	0.01001	0.00705	0.00910	0.01059	0.01097	0.00667	0.00688	0.01113	0.01450	0.01933	0.04021	0.59208	0.04804	0.15492	0.01577	0.00405	0.00518	0.02049	0.00688	0.00614
3	0.01682	0.07104	0.52411	0.02609	0.11106	0.01923	0.07261	0.02497	0.01701	0.02491	0.01429	0.01723	0.01050	0.00738	0.00758	0.00246	0.01140	0.00618	0.00347	0.01167
4	0.02645	0.09519	0.07202	0.01965	0.02438	0.45759	0.01617	0.06574	0.05623	0.02226	0.01364	0.01568	0.01117	0.00865	0.00851	0.00221	0.06471	0.00555	0.00437	0.00986
5	0.01670	0.01199	0.01364	0.04003	0.01610	0.01250	0.00929	0.19060	0.02218	0.03034	0.11878	0.12670	0.10790	0.15038	0.01455	0.00351	0.00631	0.01206	0.08798	0.00847
6	0.05722	0.49137	0.07994	0.01559	0.02202	0.17813	0.01482	0.02560	0.01747	0.02004	0.01152	0.01336	0.01010	0.00717	0.00571	0.00186	0.00991	0.00455	0.00361	0.00999
7	0.01998	0.25936	0.29848	0.01743	0.02563	0.02131	0.01940	0.02690	0.06966	0.10188	0.01836	0.05687	0.01478	0.00880	0.00697	0.00229	0.00921	0.00677	0.00475	0.01120
8	0.06570	0.02112	0.05849	0.02489	0.20037	0.14608	0.01628	0.02875	0.10959	0.11849	0.02421	0.02543	0.06396	0.01226	0.04727	0.00300	0.00976	0.00767	0.00569	0.01101
9	0.02324	0.11954	0.02038	0.01377	0.01871	0.01705	0.01141	0.17176	0.08672	0.17997	0.11064	0.05554	0.11373	0.01205	0.00797	0.00241	0.00661	0.00976	0.00771	0.01102

[dist]
# distance from previous block
# <min> <max>
0	2

[block]
# block no. 2 follows, 24 sequences, length 104
# corresponding to MSA columns:
# 156-259
name=unknown_C
#
# <colnr> <probs for GDERKNQSTAVLIFYWHMCP>
#	G	D	E	R	K	N	Q	S	T	A	V	L	I	F	Y	W	H	M	C	P
0	0.02342	0.01358	0.01677	0.01284	0.01862	0.01165	0.01036	0.08062	0.02148	0.25593	0.13215	0.02765	0.02542	0.00933	0.00738	0.00195	0.00606	0.00770	0.00745	0.30962
1	0.01796	0.01057	0.01291	0.01135	0.01473	0.00985	0.00882	0.05695	0.05554	0.18135	0.28168	0.08440	0.19116	0.01536	0.00892	0.00257	0.00497	0.01311	0.00852	0.00927
2	0.01884	0.02110	0.06769	0.08840	0.08976	0.02030	0.42638	0.05707	0.01874	0.02573	0.01537	0.02055	0.01180	0.00765	0.01045	0.00269	0.07421	0.00850	0.00409	0.01070
3	0.00964	0.00699	0.00911	0.01079	0.01144	0.00646	0.00725	0.01107	0.01542	0.02034	0.04672	0.66351	0.10313	0.02445	0.01006	0.00318	0.00455	0.02207	0.00736	0.00646
4	0.00985	0.00800	0.00873	0.00867	0.01103	0.00688	0.00646	0.01226	0.01902	0.02396	0.22523	0.10386	0.48965	0.01935	0.00940	0.00266	0.00398	0.01643	0.00770	0.00688
5	0.01176	0.01021	0.01275	0.01287	0.04767	0.01055	0.00930	0.01431	0.01819	0.02394	0.21682	0.05883	0.36797	0.01733	0.01213	0.00275	0.12427	0.01393	0.00687	0.00755
6	0.02092	0.32492	0.25457	0.01772	0.02589	0.04962	0.01915	0.11546	0.05626	0.02624	0.01454	0.01603	0.01141	0.00771	0.00658	0.00214	0.00971	0.00551	0.00433	0.01128
7	0.02012	0.02222	0.01814	0.01683	0.01925	0.30621	0.01298	0.02251	0.01704	0.01936	0.01623	0.02213	0.01455	0.02977	0.28705	0.00656	0.09981	0.00680	0.03426	0.00820
8	0.38006	0.21005	0.05463	0.01352	0.01901	0.13864	0.01202	0.02481	0.01604	0.02750	0.01193	0.01386	0.00978	0.00742	0.00550	0.00216	0.00838	0.00461	0.03085	0.00923
9	0.00991	0.00796	0.00884	0.00881	0.01109	0.00689	0.00654	0.01235	0.01906	0.02421	0.24064	0.12271	0.45435	0.01939	0.00943	0.00267	0.00399	0.01653	0.00774	0.00689
10	0.01133	0.00850	0.01274	0.01274	0.01416	0.00991	0.00991	0.01416	0.01274	0.01841	0.02124	0.03115	0.01982	0.05947	0.68989	0.01274	0.02124	0.00850	0.00425	0.00708
11	0.01692	0.01563	0.02283	0.01631	0.02356	0.01257	0.14275	0.02111	0.01692	0.02575	0.01450	0.01748	0.01181	0.00604	0.00661	0.00149	0.00745	0.00568	0.00455	0.61004
12	0.00966	0.00690	0.00920	0.01104	0.01150	0.00644	0.00736	0.01104	0.01518	0.02024	0.04371	0.71614	0.05245	0.02484	0.01012	0.00322	0.00460	0.02254	0.00736	0.00644
13	0.00966	0.00690	0.00920	0.01104	0.01150	0.00644	0.00736	0.01104	0.01518	0.02024	0.04371	0.71614	0.05245	0.02484	0.01012	0.00322	0.00460	0.02254	0.00736	0.00644
14	0.00965	0.00696	0.00914	0.01089	0.01146	0.00645	0.00729	0.01106	0.01533	0.02030	0.04557	0.68351	0.08387	0.02460	0.01008	0.00319	0.00457	0.02225	0.00736	0.00645
15	0.02182	0.47947	0.08479	0.01621	0.02217	0.14203	0.01547	0.02469	0.01681	0.01932	0.01141	0.01380	0.01020	0.00785	0.00790	0.00201	0.08575	0.00480	0.00352	0.00996
16	0.01415	0.00759	0.00836	0.00836	0.01013	0.00785	0.00634	0.01769	0.01592	0.02754	0.02503	0.02985	0.02023	0.01836	0.12979	0.00383	0.00688	0.00759	0.62716	0.00733
17	0.00969	0.00717	0.00906	0.01044	0.01138	0.00654	0.00712	0.01131	0.01608	0.02106	0.08265	0.56598	0.16547	0.02353	0.00995	0.00308	0.00445	0.02106	0.00743	0.00654
18	0.00977	0.00788	0.00869	0.00884	0.01104	0.00681	0.00650	0.01201	0.01849	0.02322	0.18667	0.16600	0.46624	0.02004	0.00948	0.00272	0.00405	0.01712	0.00762	0.00681
19	0.02600	0.06619	0.02292	0.02058	0.07180	0.40069	0.01496	0.13308	0.02333	0.02511	0.01779	0.01999	0.04579	0.01296	0.06191	0.00299	0.01269	0.00643	0.00488	0.00994
20	0.64168	0.01658	0.01386	0.01185	0.01702	0.01902	0.00977	0.13625	0.01781	0.03819	0.01249	0.01400	0.00948	0.00775	0.00546	0.00244	0.00660	0.00481	0.00546	0.00948
21	0.02524	0.39564	0.03239	0.01686	0.02235	0.34733	0.01441	0.02755	0.01917	0.01902	0.01162	0.01348	0.01019	0.00745	0.00608	0.00186	0.01127	0.00466	0.00373	0.00970
22	0.05765	0.16213	0.48318	0.01974	0.02981	0.02026	0.02413	0.02572	0.01688	0.07030	0.01468	0.01653	0.01067	0.00755	0.00698	0.00236	0.01049	0.00563	0.00389	0.01140
23	0.01707	0.02958	0.33199	0.09464	0.03951	0.01907	0.30310	0.02476	0.01754	0.02476	0.01503	0.01926	0.01099	0.00719	0.00839	0.00260	0.01234	0.00754	0.00366	0.01097
24	0.01122	0.00811	0.01060	0.00998	0.01185	0.00748	0.00748	0.01496	0.02245	0.03180	0.66766	0.05923	0.07482	0.01621	0.00935	0.00249	0.00374	0.01434	0.00873	0.00748
25	0.03477	0.01368	0.01838	0.01421	0.02026	0.01207	0.01170	0.03882	0.05507	0.64449	0.03134	0.02712	0.01986	0.00986	0.00798	0.00247	0.00672	0.00803	0.00973	0.01345
26	0.02416	0.01976	0.01921	0.01659	0.02054	0.15127	0.01311	0.05886	0.21027	0.16426	0.06040	0.02775	0.05402	0.01121	0.01059	0.00260	0.10914	0.00830	0.00697	0.01099
27	0.03162	0.01386	0.01797	0.01431	0.01982	0.01281	0.01160	0.08710	0.06733	0.51913	0.03148	0.09043	0.02248	0.01125	0.00818	0.00254	0.00668	0.00932	0.00931	0.01277
28	0.03212	0.01905	0.02184	0.01674	0.02301	0.01990	0.01383	0.42530	0.03199	0.27756	0.02348	0.02192	0.01571	0.00963	0.00795	0.00241	0.00801	0.00744	0.00862	0.01349
29	0.01791	0.01397	0.01608	0.01525	0.01882	0.01517	0.01260	0.13853	0.22820	0.03137	0.03765	0.05631	0.08108	0.01592	0.00935	0.00303	0.00697	0.26404	0.00767	0.01007
30	0.02025	0.46322	0.24930	0.01655	0.02492	0.02607	0.01861	0.02500	0.01668	0.05652	0.01317	0.01481	0.01065	0.00719	0.00605	0.00200	0.00945	0.00497	0.00373	0.01086
31	0.03213	0.01505	0.01888	0.01491	0.02076	0.01447	0.01217	0.10247	0.13947	0.49506	0.03019	0.02663	0.01982	0.00996	0.00799	0.00249	0.00687	0.00807	0.00930	0.01332
32	0.00950	0.00804	0.00821	0.00817	0.01079	0.00675	0.00613	0.01163	0.01838	0.02214	0.12114	0.07513	0.62737	0.01981	0.00937	0.00266	0.00400	0.01657	0.00746	0.00675
33	0.05099	0.01749	0.02950	0.19070	0.44054	0.01822	0.05453	0.02417	0.01764	0.05825	0.01546	0.02015	0.01228	0.00739	0.00783	0.00245	0.00961	0.00711	0.00418	0.01151
34	0.02297	0.05880	0.02720	0.03160	0.31494	0.11050	0.01884	0.16117	0.08114	0.03041	0.01830	0.02312	0.01518	0.00887	0.00782	0.00238	0.00947	0.04002	0.00535	0.01190
35	0.00998	0.00714	0.00923	0.01078	0.01136	0.00670	0.00724	0.01134	0.01506	0.01992	0.04346	0.58502	0.08102	0.10031	0.01341	0.00370	0.00502	0.04593	0.00708	0.00631
36	0.03558	0.01350	0.01840	0.01411	0.02024	0.01166	0.01166	0.03865	0.02270	0.67734	0.03128	0.02699	0.01963	0.00981	0.00797	0.00245	0.00675	0.00797	0.00981	0.01350
37	0.23002	0.01653	0.01930	0.13943	0.02630	0.01833	0.03821	0.21527	0.02271	0.10401	0.01777	0.01965	0.01285	0.00853	0.00695	0.00242	0.00786	0.00655	0.07671	0.01062
38	0.01781	0.01352	0.01579	0.01373	0.01562	0.01536	0.01016	0.19806	0.01946	0.02652	0.02230	0.09103	0.02314	0.33513	0.02595	0.00505	0.12715	0.01037	0.00570	0.00814
39	0.01956	0.01591	0.02073	0.05234	0.02354	0.01417	0.06985	0.12782	0.02028	0.05723	0.01624	0.01931	0.01295	0.03211	0.00797	0.00188	0.00741	0.00606	0.00535	0.46930
40	0.05259	0.15354	0.20548	0.05370	0.17263	0.05372	0.08576	0.02603	0.01779	0.08461	0.01533	0.01798	0.01169	0.00746	0.00728	0.00232	0.01018	0.00634	0.00426	0.01131
41	0.57487	0.01483	0.01350	0.01143	0.01667	0.01611	0.00943	0.02750	0.01601	0.21074	0.01657	0.01673	0.01160	0.00803	0.00574	0.00245	0.00630	0.00530	0.00625	0.00993
42	0.01171	0.00918	0.01094	0.01149	0.01390	0.00876	0.00940	0.01612	0.06827	0.02413	0.10952	0.07660	0.31629	0.01978	0.00991	0.00306	0.00550	0.26044	0.00751	0.00746
43	0.09409	0.27631	0.18231	0.01672	0.02424	0.05081	0.01707	0.16151	0.02129	0.06628	0.01474	0.01594	0.01126	0.00784	0.00652	0.00217	0.00921	0.00551	0.00491	0.01126
44	0.01059	0.00857	0.00947	0.00915	0.01166	0.00771	0.00689	0.01435	0.05608	0.02560	0.27631	0.06787	0.43091	0.01824	0.00929	0.00262	0.00405	0.01548	0.00787	0.00730
45	0.00972	0.00805	0.00851	0.00840	0.01092	0.00684	0.00630	0.01205	0.01889	0.02336	0.19021	0.07312	0.55754	0.01936	0.00937	0.00264	0.00397	0.01629	0.00762	0.00684
46	0.01142	0.00771	0.00862	0.00862	0.00875	0.00764	0.00487	0.01152	0.01187	0.01569	0.02782	0.05315	0.06165	0.68534	0.03877	0.00743	0.00750	0.01180	0.00494	0.00490
47	0.01644	0.01409	0.01644	0.01175	0.01879	0.01057	0.00940	0.01997	0.01644	0.02584	0.01409	0.01644	0.01175	0.00587	0.00587	0.00117	0.00587	0.00470	0.00470	0.76979
48	0.05398	0.01961	0.11195	0.01625	0.02311	0.01619	0.01488	0.18139	0.04904	0.39203	0.02538	0.02332	0.01665	0.00938	0.00781	0.00245	0.00788	0.00740	0.00824	0.01306
49	0.02454	0.12956	0.19300	0.01935	0.02625	0.25150	0.01845	0.15887	0.05681	0.02793	0.01508	0.01651	0.01160	0.00824	0.00718	0.00222	0.01124	0.00581	0.00482	0.01106
50	0.15163	0.07364	0.01978	0.01664	0.05322	0.15117	0.01253	0.06528	0.18951	0.06191	0.02414	0.02411	0.06547	0.00952	0.00708	0.00232	0.00814	0.00717	0.00602	0.05069
51	0.05977	0.05848	0.05712	0.02083	0.05647	0.46968	0.01597	0.09050	0.05535	0.02437	0.01408	0.01582	0.01129	0.00826	0.00716	0.00215	0.01241	0.00557	0.00463	0.01009
52	0.01842	0.22761	0.43529	0.01959	0.02903	0.02198	0.02343	0.02508	0.01661	0.05543	0.01399	0.01617	0.01058	0.00778	0.00788	0.00234	0.04830	0.00558	0.00369	0.01122
53	0.03040	0.01289	0.01698	0.01331	0.01869	0.01136	0.01078	0.05658	0.02222	0.51681	0.08146	0.03221	0.05175	0.04742	0.00974	0.00269	0.00649	0.00888	0.00911	0.04022
54	0.01995	0.01647	0.01767	0.01598	0.02038	0.01884	0.01253	0.04061	0.59888	0.05696	0.03277	0.03274	0.02520	0.01133	0.00822	0.00273	0.00635	0.04201	0.00809	0.01230
55	0.02006	0.13402	0.02674	0.01959	0.02138	0.13904	0.01640	0.02198	0.01454	0.01907	0.01082	0.01609	0.01034	0.01177	0.01946	0.00294	0.47700	0.00620	0.00356	0.00900
56	0.00965	0.00696	0.00914	0.01088	0.01146	0.00645	0.00729	0.01106	0.01534	0.02031	0.04564	0.68233	0.08501	0.02459	0.01008	0.00319	0.00457	0.02224	0.00736	0.00645
57	0.31226	0.01363	0.01616	0.24127	0.02835	0.01570	0.01324	0.02255	0.05007	0.06410	0.10281	0.05007	0.02114	0.00970	0.00704	0.00256	0.00728	0.00768	0.00548	0.00891
58	0.02762	0.03312	0.02216	0.02099	0.05643	0.55395	0.01527	0.02982	0.02144	0.04729	0.01657	0.01846	0.04451	0.00912	0.00841	0.00219	0.05277	0.00603	0.00445	0.00939
59	0.00986	0.00710	0.00924	0.01069	0.01138	0.00660	0.00720	0.01144	0.01586	0.02117	0.10173	0.59653	0.08703	0.05017	0.01116	0.00329	0.00461	0.02107	0.00739	0.00649
60	0.06486	0.01460	0.01853	0.01436	0.02027	0.01363	0.01183	0.12721	0.02447	0.52470	0.06025	0.02681	0.02099	0.00999	0.00791	0.00244	0.00687	0.00801	0.00927	0.01299
61	0.06290	0.01622	0.01930	0.01527	0.02112	0.01632	0.01248	0.18054	0.13416	0.39346	0.02773	0.02498	0.01851	0.00980	0.00785	0.00248	0.00710	0.00779	0.00887	0.01312
62	0.01908	0.02046	0.02937	0.32748	0.11353	0.13317	0.16021	0.02494	0.05079	0.02256	0.01524	0.02029	0.01176	0.00774	0.00812	0.00252	0.01149	0.00734	0.00401	0.00991
63	0.01640	0.00920	0.00963	0.00898	0.01133	0.00956	0.00692	0.09217	0.01884	0.03133	0.02480	0.02841	0.01949	0.01214	0.04492	0.00253	0.00529	0.00742	0.63253	0.00809
64	0.02957	0.02142	0.02317	0.01772	0.02410	0.02330	0.01462	0.58670	0.03554	0.07235	0.01922	0.01919	0.01362	0.00932	0.00782	0.00231	0.00849	0.00703	0.00782	0.05669
65	0.02780	0.02083	0.02254	0.01714	0.02360	0.02220	0.01410	0.53858	0.03372	0.04585	0.01819	0.01860	0.01319	0.00890	0.00758	0.00217	0.00824	0.00672	0.00738	0.14267
66	0.00984	0.00703	0.00941	0.01125	0.01178	0.00659	0.00767	0.01135	0.01536	0.02044	0.04361	0.68034	0.05206	0.02468	0.01017	0.00325	0.00475	0.05659	0.00736	0.00649
67	0.64266	0.01500	0.01288	0.01110	0.01623	0.01668	0.00914	0.02609	0.01517	0.15209	0.01472	0.01544	0.01059	0.00781	0.00546	0.00245	0.00625	0.00496	0.00580	0.00948
68	0.01498	0.01409	0.02378	0.70226	0.05462	0.01762	0.02202	0.02026	0.01586	0.02026	0.01409	0.02114	0.01057	0.00793	0.00793	0.00264	0.01057	0.00705	0.00352	0.00881
69	0.01214	0.00831	0.01089	0.01013	0.01216	0.00764	0.00764	0.01586	0.02246	0.05615	0.64366	0.05802	0.07274	0.01597	0.00930	0.00249	0.00385	0.01410	0.00877	0.00771
70	0.01498	0.01409	0.02378	0.70226	0.05462	0.01762	0.02202	0.02026	0.01586	0.02026	0.01409	0.02114	0.01057	0.00793	0.00793	0.00264	0.01057	0.00705	0.00352	0.00881
71	0.01075	0.00795	0.01004	0.00981	0.01163	0.00724	0.00725	0.01395	0.02091	0.02883	0.50329	0.14145	0.16182	0.01784	0.00945	0.00261	0.00389	0.01570	0.00836	0.00724
72	0.00982	0.00702	0.00938	0.01122	0.01175	0.00658	0.00764	0.01132	0.01534	0.02042	0.04362	0.68399	0.05210	0.02469	0.01016	0.00324	0.00474	0.05311	0.00736	0.00649
73	0.03333	0.01711	0.02064	0.01582	0.02205	0.01702	0.01307	0.29025	0.02875	0.41720	0.02621	0.02369	0.01708	0.00969	0.00796	0.00242	0.00757	0.00763	0.00903	0.01349
74	0.00980	0.00700	0.00935	0.01119	0.01171	0.00656	0.00759	0.01127	0.01531	0.02039	0.04363	0.68922	0.05216	0.02472	0.01016	0.00324	0.00472	0.04814	0.00736	0.00648
75	0.00977	0.00805	0.00859	0.00845	0.01096	0.00686	0.00634	0.01215	0.01902	0.02366	0.20674	0.07264	0.54082	0.01925	0.00937	0.00264	0.00396	0.01622	0.00766	0.00686
76	0.01122	0.00811	0.01060	0.00998	0.01185	0.00748	0.00748	0.01496	0.02245	0.03180	0.66766	0.05923	0.07482	0.01621	0.00935	0.00249	0.00374	0.01434	0.00873	0.00748
77	0.01963	0.01884	0.03219	0.04867	0.67185	0.01884	0.02434	0.02434	0.01806	0.02591	0.01492	0.01963	0.01256	0.00707	0.00785	0.00236	0.00942	0.00707	0.00393	0.01256
78	0.00966	0.00690	0.00920	0.01104	0.01150	0.00644	0.00736	0.01104	0.01518	0.02024	0.04371	0.71614	0.05245	0.02484	0.01012	0.00322	0.00460	0.02254	0.00736	0.00644
79	0.01153	0.00769	0.00865	0.00865	0.00865	0.00769	0.00480	0.01153	0.01153	0.01538	0.02499	0.05189	0.02883	0.72131	0.04036	0.00769	0.00769	0.01153	0.00480	0.00480
80	0.02961	0.02194	0.02349	0.01814	0.02439	0.02434	0.01494	0.61419	0.06938	0.04911	0.01972	0.01958	0.01404	0.00958	0.00794	0.00240	0.00860	0.00723	0.00794	0.01344
81	0.01070	0.00854	0.00964	0.00928	0.01171	0.00771	0.00698	0.01452	0.05371	0.02642	0.32530	0.06665	0.38434	0.01796	0.00930	0.00260	0.00402	0.01532	0.00798	0.00734
82	0.03014	0.02221	0.02380	0.01825	0.02459	0.02459	0.01507	0.64541	0.03728	0.04998	0.01904	0.01904	0.01349	0.00952	0.00793	0.00238	0.00873	0.00714	0.00793	0.01349
83	0.02274	0.08008	0.02369	0.12364	0.02732	0.07754	0.01530	0.23198	0.09164	0.03191	0.01687	0.01904	0.01306	0.00906	0.00933	0.00233	0.08432	0.00657	0.00566	0.10792
84	0.02515	0.08196	0.02249	0.01658	0.02136	0.04350	0.01364	0.31468	0.06104	0.10665	0.02135	0.07074	0.01740	0.01505	0.06719	0.00337	0.07127	0.00821	0.00686	0.01152
85	0.01115	0.00810	0.01050	0.00990	0.01180	0.00745	0.00742	0.01482	0.02227	0.03139	0.64438	0.05991	0.09836	0.01636	0.00935	0.00250	0.00375	0.01444	0.00868	0.00745
86	0.03558	0.01350	0.01840	0.01411	0.02024	0.01166	0.01166	0.03865	0.02270	0.67734	0.03128	0.02699	0.01963	0.00981	0.00797	0.00245	0.00675	0.00797	0.00981	0.01350
87	0.03017	0.02098	0.02289	0.01768	0.02390	0.02292	0.01456	0.54661	0.06936	0.11737	0.02109	0.02048	0.01474	0.00962	0.00794	0.00240	0.00838	0.00733	0.00815	0.01344
88	0.01747	0.01382	0.08544	0.10671	0.04566	0.01118	0.01317	0.02162	0.02003	0.16458	0.27365	0.09994	0.06719	0.01341	0.00869	0.00257	0.00643	0.01167	0.00734	0.00944
89	0.01042	0.00807	0.00949	0.00914	0.01136	0.00714	0.00685	0.01341	0.02055	0.02731	0.41350	0.06663	0.33179	0.01789	0.00936	0.00257	0.00386	0.01538	0.00814	0.00714
90	0.01635	0.01405	0.01847	0.02049	0.13521	0.05088	0.01344	0.08533	0.01672	0.02298	0.01891	0.02788	0.01749	0.10542	0.33821	0.00793	0.06882	0.00809	0.00458	0.00877
91	0.02654	0.06756	0.02583	0.05411	0.16188	0.37316	0.01736	0.13198	0.02340	0.02589	0.01396	0.01642	0.01127	0.00808	0.00735	0.00217	0.01187	0.00589	0.00463	0.01066
92	0.03069	0.02133	0.02325	0.01783	0.02415	0.02328	0.01473	0.58411	0.03581	0.11335	0.02028	0.01984	0.01411	0.00955	0.00794	0.00239	0.00853	0.00722	0.00812	0.01349
93	0.16507	0.05802	0.02118	0.01837	0.02270	0.54430	0.01404	0.02987	0.02062	0.02232	0.01199	0.01399	0.00992	0.00798	0.00667	0.00211	0.01261	0.00493	0.00421	0.00912
94	0.00966	0.00690	0.00920	0.01104	0.01150	0.00644	0.00736	0.01104	0.01518	0.02024	0.04371	0.71614	0.05245	0.02484	0.01012	0.00322	0.00460	0.02254	0.00736	0.00644
95	0.00966	0.00690	0.00920	0.01104	0.01150	0.00644	0.00736	0.01104	0.01518	0.02024	0.04371	0.71614	0.05245	0.02484	0.01012	0.00322	0.00460	0.02254	0.00736	0.00644
96	0.14056	0.12169	0.02291	0.04430	0.02258	0.07154	0.01340	0.29516	0.08998	0.03700	0.01767	0.01856	0.01335	0.00874	0.00689	0.00228	0.00826	0.00633	0.04747	0.01133
97	0.00966	0.00690	0.00920	0.01104	0.01150	0.00644	0.00736	0.01104	0.01518	0.02024	0.04371	0.71614	0.05245	0.02484	0.01012	0.00322	0.00460	0.02254	0.00736	0.00644
98	0.00999	0.00704	0.00910	0.01062	0.01100	0.00666	0.00691	0.01113	0.01454	0.01939	0.04043	0.59989	0.04831	0.14673	0.01541	0.00400	0.00514	0.02062	0.00691	0.00615
99	0.01590	0.04102	0.68023	0.02260	0.03432	0.01842	0.02930	0.02511	0.01674	0.02511	0.01423	0.01674	0.01005	0.00753	0.00753	0.00251	0.01172	0.00586	0.00335	0.01172
100	0.03160	0.01546	0.05121	0.01479	0.02085	0.01334	0.01263	0.06847	0.09080	0.51683	0.05677	0.02771	0.02165	0.01006	0.00802	0.00248	0.00692	0.00820	0.00916	0.01305
101	0.05377	0.03974	0.64698	0.02200	0.03338	0.01839	0.02827	0.02502	0.01658	0.02563	0.01407	0.01655	0.00997	0.00753	0.00740	0.00251	0.01144	0.00578	0.00343	0.01156
102	0.01053	0.00825	0.00964	0.00979	0.01208	0.00736	0.00767	0.01334	0.01937	0.02485	0.24352	0.07375	0.38350	0.01929	0.00965	0.00280	0.00453	0.12529	0.00775	0.00703
103	0.02393	0.02202	0.02449	0.18905	0.14880	0.14509	0.01814	0.24517	0.02513	0.03201	0.01607	0.01914	0.01225	0.00843	0.00769	0.00236	0.01016	0.00673	0.03216	0.01117

[dist]
# distance from previous block
# <min> <max>
0	1

[block]
# block no. 3 follows, 24 sequences, length 31
# corresponding to MSA columns:
# 261-291
name=unknown_D
#
# <colnr> <probs for GDERKNQSTAVLIFYWHMCP>
#	G	D	E	R	K	N	Q	S	T	A	V	L	I	F	Y	W	H	M	C	P
0	0.02443	0.01884	0.02079	0.01807	0.04971	0.02095	0.01388	0.31183	0.29543	0.06008	0.06117	0.02599	0.02157	0.01032	0.00807	0.00252	0.00739	0.00833	0.00792	0.01272
1	0.02540	0.15910	0.02947	0.02560	0.15565	0.37159	0.05513	0.04716	0.02063	0.02189	0.01301	0.01566	0.01089	0.00764	0.00707	0.00209	0.01202	0.00567	0.00404	0.01028
2	0.02120	0.72609	0.04155	0.01357	0.02035	0.03138	0.01357	0.02374	0.01611	0.01866	0.01102	0.01272	0.01018	0.00678	0.00509	0.00170	0.00848	0.00424	0.00339	0.01018
3	0.02043	0.01688	0.01795	0.01605	0.02060	0.01936	0.01251	0.04198	0.62906	0.06205	0.03223	0.02947	0.02400	0.01072	0.00806	0.00268	0.00630	0.00892	0.00815	0.01259
4	0.00966	0.00690	0.00920	0.01104	0.01150	0.00644	0.00736	0.01104	0.01518	0.02024	0.04371	0.71614	0.05245	0.02484	0.01012	0.00322	0.00460	0.02254	0.00736	0.00644
5	0.01906	0.01120	0.04164	0.01181	0.01544	0.00926	0.00972	0.02282	0.02228	0.23385	0.44030	0.04731	0.05476	0.01384	0.00884	0.00248	0.00502	0.01198	0.00884	0.00955
6	0.01857	0.01543	0.01632	0.01473	0.01897	0.01729	0.01144	0.03695	0.52998	0.05372	0.04016	0.03720	0.13025	0.01226	0.00828	0.00268	0.00592	0.01021	0.00801	0.01162
7	0.01080	0.00809	0.01136	0.01227	0.01328	0.00769	0.03522	0.03473	0.01614	0.02155	0.04161	0.66065	0.04928	0.02350	0.01001	0.00317	0.00513	0.02141	0.00724	0.00688
8	0.02996	0.02782	0.02332	0.01903	0.02456	0.26382	0.01516	0.42458	0.03195	0.03898	0.01660	0.01733	0.01231	0.00903	0.00765	0.00226	0.01073	0.00641	0.00655	0.01194
9	0.01535	0.01091	0.01283	0.01127	0.01431	0.01064	0.00875	0.13106	0.02428	0.06032	0.40075	0.05400	0.18336	0.01551	0.00904	0.00251	0.00484	0.01324	0.00835	0.00868
10	0.00989	0.00707	0.00947	0.01130	0.01187	0.00664	0.00776	0.01144	0.01541	0.02050	0.04358	0.66989	0.05194	0.02463	0.01018	0.00325	0.00480	0.06652	0.00736	0.00650
11	0.01590	0.04102	0.68023	0.02260	0.03432	0.01842	0.02930	0.02511	0.01674	0.02511	0.01423	0.01674	0.01005	0.00753	0.00753	0.00251	0.01172	0.00586	0.00335	0.01172
12	0.00964	0.00697	0.00913	0.01085	0.01145	0.00646	0.00728	0.01106	0.01536	0.02032	0.04599	0.67624	0.09087	0.02455	0.01007	0.00319	0.00456	0.02218	0.00736	0.00646
13	0.01028	0.00737	0.00996	0.01135	0.01201	0.00728	0.00791	0.01193	0.01467	0.01976	0.03837	0.50984	0.04471	0.08733	0.12467	0.00518	0.00776	0.05649	0.00664	0.00647
14	0.01134	0.00843	0.01241	0.01241	0.01371	0.00973	0.00950	0.01395	0.01265	0.01816	0.02154	0.03284	0.02056	0.11322	0.63714	0.01233	0.02014	0.00874	0.00429	0.00690
15	0.01590	0.04102	0.68023	0.02260	0.03432	0.01842	0.02930	0.02511	0.01674	0.02511	0.01423	0.01674	0.01005	0.00753	0.00753	0.00251	0.01172	0.00586	0.00335	0.01172
16	0.01017	0.00727	0.00977	0.01150	0.01222	0.00687	0.00814	0.01197	0.01592	0.02121	0.06914	0.59996	0.05240	0.02407	0.01021	0.00325	0.00495	0.10698	0.00741	0.00661
17	0.02759	0.01368	0.01741	0.01449	0.01941	0.01314	0.01196	0.11551	0.06759	0.37638	0.09407	0.03955	0.02882	0.01246	0.00860	0.00266	0.00678	0.10917	0.00892	0.01182
18	0.01709	0.17869	0.52582	0.02121	0.03178	0.02110	0.05066	0.02485	0.01669	0.02382	0.01366	0.01612	0.01015	0.00735	0.00711	0.00235	0.01113	0.00567	0.00338	0.01137
19	0.01126	0.00881	0.01029	0.00979	0.01216	0.00820	0.00738	0.01590	0.07247	0.02824	0.40806	0.06288	0.28101	0.01714	0.00926	0.00258	0.00404	0.01475	0.00819	0.00761
20	0.01748	0.02826	0.28634	0.07124	0.08605	0.01919	0.32497	0.02490	0.01774	0.02501	0.01515	0.01947	0.01122	0.00711	0.00846	0.00259	0.01228	0.00771	0.00372	0.01111
21	0.01686	0.01663	0.02335	0.02016	0.02028	0.02312	0.01675	0.01868	0.01219	0.01903	0.01129	0.01847	0.01117	0.01758	0.07994	0.00422	0.65113	0.00707	0.00353	0.00855
22	0.39926	0.01758	0.01704	0.01380	0.01941	0.01940	0.01139	0.25242	0.02348	0.13212	0.01684	0.01713	0.01195	0.00850	0.00645	0.00243	0.00717	0.00586	0.00671	0.01107
23	0.02132	0.01637	0.01903	0.10931	0.02522	0.01841	0.01392	0.13555	0.35138	0.08792	0.03009	0.03179	0.04834	0.01110	0.00824	0.00267	0.00727	0.04283	0.00750	0.01174
24	0.01570	0.03776	0.60660	0.02264	0.05648	0.01763	0.02750	0.02434	0.01721	0.02564	0.06248	0.01999	0.01492	0.00816	0.00768	0.00250	0.01104	0.00653	0.00377	0.01144
25	0.01139	0.00775	0.00884	0.00884	0.00908	0.00775	0.00517	0.01167	0.01200	0.01591	0.02815	0.05222	0.06738	0.64139	0.07490	0.00767	0.00822	0.01168	0.00493	0.00505
26	0.01014	0.00726	0.00967	0.01096	0.01179	0.00679	0.00762	0.01214	0.01692	0.02295	0.18146	0.54384	0.05709	0.02281	0.00999	0.00308	0.00453	0.04659	0.00766	0.00671
27	0.02501	0.01848	0.02049	0.01566	0.02189	0.01871	0.01275	0.39155	0.02901	0.06742	0.01942	0.05768	0.01540	0.00927	0.00742	0.00206	0.00753	0.00729	0.00698	0.24599
