[name]
unknown

[dist]
# distance from previous block
# <min> <max>
3	81

[block]
# block no. 0 follows, 26 sequences, length 12
# corresponding to MSA columns:
# 108-119
name=unknown_A
#
# <colnr> <probs for GDERKNQSTAVLIFYWHMCP>
#	G	D	E	R	K	N	Q	S	T	A	V	L	I	F	Y	W	H	M	C	P
0	0.01984	0.01421	0.01667	0.08142	0.07284	0.05295	0.01190	0.08149	0.13471	0.13964	0.10021	0.03257	0.06841	0.07036	0.01021	0.00276	0.00686	0.00890	0.06423	0.00982
1	0.02053	0.01745	0.01894	0.09586	0.06315	0.09519	0.01336	0.19521	0.07677	0.04945	0.09306	0.02833	0.02199	0.05122	0.00937	0.00253	0.00800	0.04020	0.00606	0.09331
2	0.02127	0.06632	0.02090	0.08201	0.07240	0.07821	0.01341	0.22265	0.08210	0.03091	0.01766	0.02047	0.01400	0.04141	0.00830	0.00228	0.00796	0.00649	0.06925	0.12200
3	0.06251	0.01509	0.01982	0.20338	0.14362	0.04691	0.01508	0.10409	0.03611	0.04534	0.01710	0.05107	0.01490	0.07833	0.01193	0.06089	0.00836	0.00747	0.00472	0.05327
4	0.07012	0.00905	0.01048	0.01022	0.01178	0.00921	0.00709	0.05211	0.01427	0.02111	0.02597	0.21178	0.02828	0.27402	0.11535	0.00555	0.00804	0.01189	0.04543	0.05823
5	0.13088	0.01251	0.01618	0.03759	0.01789	0.01294	0.08113	0.09700	0.01681	0.02513	0.02624	0.15845	0.07604	0.16459	0.01483	0.00353	0.03245	0.01082	0.00545	0.05955
6	0.07170	0.01077	0.01338	0.07655	0.04849	0.01123	0.01010	0.07615	0.03945	0.04394	0.09278	0.15357	0.15053	0.06276	0.05746	0.02597	0.00696	0.03420	0.00617	0.00784
7	0.01233	0.01035	0.01110	0.05099	0.01409	0.06039	0.00798	0.01508	0.05855	0.01914	0.06342	0.23158	0.09363	0.25324	0.06031	0.00479	0.00736	0.01347	0.00573	0.00648
8	0.01720	0.01745	0.02361	0.27828	0.06534	0.12076	0.11265	0.05391	0.01744	0.02181	0.01744	0.09859	0.01568	0.01289	0.05986	0.00315	0.01086	0.00846	0.00427	0.04035
9	0.01032	0.00771	0.00837	0.00850	0.01076	0.00685	0.00657	0.01285	0.01756	0.02303	0.13194	0.06573	0.44216	0.01740	0.00857	0.00252	0.00412	0.08341	0.12498	0.00665
10	0.01652	0.01706	0.02851	0.20649	0.03479	0.05780	0.25764	0.03740	0.05482	0.02294	0.04231	0.06712	0.05653	0.00964	0.00942	0.00258	0.05552	0.00924	0.00453	0.00913
11	0.01578	0.00865	0.00882	0.00823	0.01047	0.00890	0.00632	0.08939	0.01811	0.03046	0.02402	0.02716	0.01871	0.00887	0.00556	0.00182	0.00407	0.00704	0.68991	0.00772

[dist]
# distance from previous block
# <min> <max>
0	7

[block]
# block no. 1 follows, 26 sequences, length 8
# corresponding to MSA columns:
# 132-139
name=unknown_B
#
# <colnr> <probs for GDERKNQSTAVLIFYWHMCP>
#	G	D	E	R	K	N	Q	S	T	A	V	L	I	F	Y	W	H	M	C	P
0	0.08829	0.01640	0.01936	0.06369	0.02286	0.01621	0.03892	0.22019	0.05503	0.05786	0.01627	0.01773	0.01230	0.00737	0.00661	0.00187	0.00715	0.00585	0.00571	0.32033
1	0.13856	0.01520	0.02178	0.31672	0.18350	0.01688	0.01760	0.05299	0.04548	0.02539	0.01420	0.01845	0.01107	0.00731	0.00692	0.00229	0.00847	0.00619	0.00418	0.08682
2	0.01469	0.01366	0.02197	0.62831	0.04811	0.01656	0.01976	0.02066	0.05589	0.02047	0.01456	0.02044	0.01099	0.00763	0.00747	0.00244	0.00958	0.00672	0.00371	0.05640
3	0.78701	0.01467	0.01115	0.00997	0.01467	0.01702	0.00821	0.02230	0.01291	0.03403	0.01056	0.01232	0.00821	0.00704	0.00469	0.00235	0.00587	0.00411	0.00469	0.00821
4	0.01087	0.00729	0.00832	0.00848	0.00852	0.00725	0.00482	0.01099	0.01135	0.01513	0.02551	0.11084	0.02961	0.66945	0.03600	0.00697	0.00709	0.01198	0.00482	0.00474
5	0.78701	0.01467	0.01115	0.00997	0.01467	0.01702	0.00821	0.02230	0.01291	0.03403	0.01056	0.01232	0.00821	0.00704	0.00469	0.00235	0.00587	0.00411	0.00469	0.00821
6	0.05994	0.01987	0.07820	0.01565	0.02164	0.08181	0.04175	0.13687	0.13013	0.07428	0.01845	0.01993	0.01414	0.03167	0.00789	0.00217	0.00787	0.00633	0.00572	0.22570
7	0.02039	0.01969	0.02855	0.08941	0.33422	0.07857	0.10138	0.11300	0.05261	0.02728	0.01545	0.01890	0.01224	0.00732	0.00757	0.00225	0.00958	0.00686	0.00451	0.05023

[dist]
# distance from previous block
# <min> <max>
8	46

[block]
# block no. 2 follows, 26 sequences, length 25
# corresponding to MSA columns:
# 186-210
name=unknown_C
#
# <colnr> <probs for GDERKNQSTAVLIFYWHMCP>
#	G	D	E	R	K	N	Q	S	T	A	V	L	I	F	Y	W	H	M	C	P
0	0.11882	0.02088	0.05153	0.03529	0.42388	0.10184	0.05558	0.05811	0.01820	0.02638	0.01373	0.01729	0.01119	0.00704	0.00714	0.00225	0.00943	0.00627	0.00408	0.01105
1	0.06865	0.02024	0.02035	0.01622	0.02162	0.07125	0.01312	0.46889	0.05191	0.04076	0.01917	0.07017	0.01540	0.00980	0.00740	0.00225	0.00806	0.00753	0.00692	0.06028
2	0.02100	0.01537	0.01781	0.01593	0.05626	0.01597	0.01188	0.17801	0.22382	0.10531	0.07696	0.06308	0.04644	0.01052	0.00764	0.00229	0.00638	0.00876	0.00723	0.10935
3	0.02217	0.01687	0.01905	0.01641	0.05529	0.01771	0.01230	0.31876	0.12864	0.05161	0.02112	0.05490	0.01740	0.07623	0.01025	0.00264	0.00725	0.00780	0.00664	0.13697
4	0.01808	0.05044	0.03060	0.07831	0.32108	0.01812	0.16141	0.02505	0.10232	0.02490	0.01637	0.01990	0.01305	0.00707	0.00757	0.00225	0.00918	0.00715	0.00431	0.08284
5	0.01857	0.02079	0.03909	0.05483	0.06573	0.06942	0.50151	0.02524	0.05463	0.02415	0.01577	0.02015	0.01199	0.00675	0.00850	0.00245	0.01197	0.00830	0.00406	0.03609
6	0.02716	0.02223	0.02174	0.01696	0.02283	0.11031	0.01378	0.50008	0.03137	0.04117	0.01679	0.01732	0.01229	0.00851	0.00725	0.00209	0.00871	0.00629	0.00673	0.10638
7	0.36165	0.10232	0.01717	0.08898	0.01992	0.01752	0.01083	0.10512	0.01758	0.03077	0.09056	0.07210	0.01954	0.00951	0.00627	0.00233	0.00657	0.00714	0.00535	0.00877
8	0.02258	0.10544	0.02206	0.04681	0.02226	0.01972	0.01277	0.27504	0.14253	0.05809	0.01872	0.01911	0.01408	0.00816	0.00684	0.00201	0.00729	0.00631	0.00626	0.18393
9	0.01267	0.00940	0.01201	0.01173	0.01377	0.00927	0.02521	0.05624	0.07909	0.04141	0.20926	0.32869	0.09766	0.01816	0.00909	0.00275	0.00492	0.04351	0.00745	0.00771
10	0.01622	0.01334	0.01609	0.06642	0.02020	0.01221	0.01054	0.09616	0.05446	0.02630	0.01899	0.10512	0.01734	0.01247	0.05835	0.00251	0.00726	0.00753	0.00524	0.43326
11	0.02249	0.02111	0.01907	0.09572	0.02397	0.22187	0.01356	0.14731	0.11534	0.06833	0.02011	0.07268	0.01677	0.01415	0.07181	0.00320	0.01044	0.00769	0.00570	0.02869
12	0.01767	0.01810	0.03672	0.09528	0.14556	0.01751	0.42158	0.02312	0.01744	0.04828	0.01750	0.07285	0.01460	0.00796	0.00859	0.00254	0.01105	0.00927	0.00422	0.01016
13	0.03229	0.01534	0.08014	0.01425	0.02061	0.01175	0.01271	0.03577	0.02118	0.62968	0.02842	0.02491	0.01793	0.00919	0.00759	0.00235	0.00689	0.00744	0.00882	0.01275
14	0.01573	0.01348	0.01573	0.01123	0.01798	0.01011	0.00899	0.01910	0.01573	0.02472	0.01348	0.01573	0.01123	0.00562	0.00562	0.00112	0.00562	0.00449	0.00449	0.77980
15	0.42655	0.01290	0.01358	0.13446	0.02102	0.01446	0.01049	0.02140	0.01455	0.10244	0.04157	0.02095	0.04704	0.01012	0.00821	0.07421	0.00656	0.00616	0.00511	0.00819
16	0.01015	0.00757	0.00953	0.01060	0.01166	0.00728	0.00734	0.01335	0.06626	0.02178	0.12369	0.54189	0.09769	0.02136	0.00939	0.00292	0.00438	0.01917	0.00726	0.00675
17	0.06680	0.02498	0.02234	0.01961	0.06720	0.21806	0.01476	0.40451	0.02920	0.03716	0.01569	0.01664	0.01170	0.00847	0.00722	0.00219	0.00980	0.00613	0.00613	0.01142
18	0.02771	0.02080	0.02180	0.01702	0.02275	0.04732	0.01394	0.56269	0.07023	0.06161	0.04359	0.02023	0.01569	0.00937	0.00762	0.00229	0.00819	0.00713	0.00753	0.01249
19	0.05670	0.01644	0.02729	0.26648	0.09757	0.01764	0.18079	0.07229	0.07696	0.02558	0.01666	0.02216	0.01306	0.00786	0.00778	0.00244	0.00963	0.02720	0.00448	0.05099
20	0.01638	0.01431	0.01333	0.01236	0.01442	0.11946	0.00885	0.09008	0.05171	0.02143	0.02329	0.07625	0.02417	0.33851	0.05725	0.00512	0.00879	0.05764	0.00528	0.04136
21	0.07772	0.49349	0.11931	0.01481	0.02140	0.12408	0.01480	0.02394	0.01618	0.01995	0.01111	0.01289	0.00961	0.00681	0.00544	0.00182	0.00914	0.00438	0.00344	0.00968
22	0.48988	0.01681	0.06616	0.01352	0.04672	0.01684	0.01117	0.11318	0.01765	0.03439	0.09403	0.01915	0.01690	0.00837	0.00595	0.00234	0.00649	0.00590	0.00540	0.00916
23	0.08366	0.01770	0.02445	0.09563	0.40440	0.07215	0.01861	0.02357	0.06750	0.02472	0.02074	0.02369	0.07422	0.00837	0.00737	0.00231	0.00851	0.00737	0.00442	0.01059
24	0.06170	0.01657	0.02180	0.02010	0.10246	0.01738	0.07310	0.28381	0.02454	0.03444	0.07990	0.02780	0.02064	0.01405	0.07037	0.00323	0.00907	0.05586	0.00614	0.05705

[dist]
# distance from previous block
# <min> <max>
1	9

[block]
# block no. 3 follows, 26 sequences, length 39
# corresponding to MSA columns:
# 220-258
name=unknown_D
#
# <colnr> <probs for GDERKNQSTAVLIFYWHMCP>
#	G	D	E	R	K	N	Q	S	T	A	V	L	I	F	Y	W	H	M	C	P
0	0.10570	0.01743	0.01872	0.01481	0.02006	0.01862	0.01196	0.39106	0.05023	0.09610	0.01988	0.05191	0.01575	0.05681	0.00925	0.00257	0.00736	0.00740	0.00696	0.07744
1	0.05140	0.04821	0.01435	0.01203	0.01479	0.01248	0.00913	0.13292	0.04625	0.09695	0.03026	0.21317	0.05467	0.17078	0.01483	0.00366	0.00644	0.05277	0.00659	0.00834
2	0.02028	0.73799	0.03975	0.01298	0.01947	0.03001	0.01298	0.02271	0.01541	0.01785	0.01055	0.01217	0.00973	0.00649	0.00487	0.00162	0.00811	0.00406	0.00324	0.00973
3	0.00970	0.00754	0.00925	0.02940	0.01227	0.00679	0.00712	0.01156	0.01594	0.02070	0.09296	0.41972	0.25248	0.02044	0.00915	0.00276	0.00438	0.01804	0.00690	0.04288
4	0.01819	0.39493	0.12359	0.01971	0.04869	0.02363	0.17160	0.02241	0.01610	0.02057	0.01450	0.06668	0.01315	0.00782	0.00660	0.00208	0.00941	0.00681	0.00367	0.00987
5	0.01103	0.00735	0.00827	0.00827	0.00827	0.00735	0.00460	0.01103	0.01103	0.01471	0.02390	0.04964	0.02758	0.73343	0.03861	0.00735	0.00735	0.01103	0.00460	0.00460
6	0.01542	0.06718	0.66796	0.02127	0.03229	0.01811	0.02742	0.02397	0.01599	0.02377	0.01349	0.01586	0.00961	0.00718	0.00711	0.00237	0.01109	0.00554	0.00320	0.01115
7	0.01594	0.08171	0.56468	0.02313	0.06339	0.01857	0.08112	0.02393	0.01620	0.02368	0.01359	0.01628	0.00989	0.00707	0.00722	0.00236	0.01104	0.00585	0.00329	0.01107
8	0.01465	0.01381	0.02333	0.66688	0.09805	0.01694	0.02123	0.01966	0.01532	0.01977	0.01354	0.02012	0.01025	0.00752	0.00758	0.00251	0.01003	0.00674	0.00340	0.00869
9	0.00924	0.00660	0.00880	0.01056	0.01100	0.00616	0.00704	0.01056	0.01452	0.01936	0.04181	0.72848	0.05017	0.02376	0.00968	0.00308	0.00440	0.02156	0.00704	0.00616
10	0.01664	0.05463	0.34862	0.02626	0.12050	0.01753	0.18379	0.02332	0.01668	0.04153	0.01650	0.06911	0.01359	0.00817	0.00779	0.00244	0.01057	0.00775	0.00388	0.01070
11	0.03030	0.01485	0.01752	0.01408	0.01940	0.05944	0.01138	0.03621	0.12790	0.51317	0.05316	0.02654	0.02085	0.00966	0.00764	0.00236	0.00677	0.00782	0.00870	0.01227
12	0.01021	0.00773	0.00942	0.00900	0.01101	0.00693	0.00675	0.01330	0.02024	0.02749	0.50383	0.06147	0.25168	0.01660	0.00895	0.00244	0.00366	0.01439	0.00797	0.00693
13	0.01592	0.01505	0.02513	0.47448	0.25499	0.01730	0.02145	0.02140	0.03988	0.02157	0.01437	0.02005	0.01120	0.00742	0.00756	0.00244	0.00961	0.00681	0.00365	0.00971
14	0.01570	0.01433	0.02316	0.62582	0.08220	0.01744	0.02065	0.07049	0.01690	0.02191	0.01390	0.01999	0.01043	0.00766	0.00758	0.00249	0.00992	0.00675	0.00372	0.00896
15	0.02720	0.01934	0.02109	0.01656	0.02210	0.02115	0.01352	0.54398	0.05815	0.08619	0.02136	0.07629	0.01668	0.01035	0.00776	0.00236	0.00782	0.00814	0.00766	0.01232
16	0.03228	0.01330	0.01755	0.01372	0.01940	0.01204	0.01125	0.03735	0.09676	0.61529	0.03003	0.02610	0.01928	0.00949	0.00764	0.00237	0.00640	0.00774	0.00920	0.01280
17	0.00928	0.00669	0.00880	0.01040	0.01098	0.00621	0.00699	0.01071	0.01489	0.01981	0.06664	0.67643	0.07754	0.02327	0.00962	0.00303	0.00435	0.02104	0.00709	0.00621
18	0.01647	0.11533	0.46644	0.02373	0.06339	0.01936	0.14347	0.02389	0.01636	0.02340	0.01361	0.01653	0.01009	0.00695	0.00728	0.00233	0.01104	0.00610	0.00335	0.01090
19	0.01803	0.02012	0.04279	0.03402	0.13053	0.01902	0.56925	0.02415	0.01781	0.02436	0.01519	0.02022	0.01158	0.00645	0.00875	0.00251	0.01226	0.00864	0.00382	0.01048
20	0.01877	0.01802	0.03079	0.04656	0.68612	0.01802	0.02328	0.02328	0.01727	0.02478	0.01427	0.01877	0.01201	0.00676	0.00751	0.00225	0.00901	0.00676	0.00375	0.01201
21	0.01877	0.01802	0.03079	0.04656	0.68612	0.01802	0.02328	0.02328	0.01727	0.02478	0.01427	0.01877	0.01201	0.00676	0.00751	0.00225	0.00901	0.00676	0.00375	0.01201
22	0.02299	0.01351	0.01612	0.01350	0.01816	0.01355	0.01072	0.03349	0.28259	0.27541	0.13059	0.03088	0.02820	0.01043	0.00772	0.00236	0.00577	0.00873	0.00820	0.06707
23	0.01591	0.18146	0.50431	0.01887	0.02836	0.01935	0.02325	0.02298	0.01632	0.02325	0.06603	0.01844	0.01455	0.00772	0.00686	0.00224	0.00996	0.00593	0.00362	0.01058
24	0.01471	0.03012	0.46769	0.01939	0.02803	0.01571	0.06338	0.02318	0.06452	0.02554	0.12787	0.02577	0.04275	0.00914	0.00770	0.00243	0.00943	0.00772	0.00455	0.01038
25	0.01550	0.01758	0.12211	0.02629	0.23776	0.01387	0.10013	0.02023	0.01802	0.04700	0.13647	0.03640	0.12814	0.01086	0.00825	0.00244	0.00794	0.03591	0.00528	0.00980
26	0.01885	0.06617	0.05835	0.03834	0.50784	0.07739	0.02090	0.02296	0.01726	0.02337	0.01577	0.06907	0.01432	0.00808	0.00742	0.00225	0.00912	0.00744	0.00395	0.01113
27	0.04988	0.03124	0.48456	0.02081	0.07103	0.01606	0.02318	0.02476	0.01690	0.10346	0.04940	0.01925	0.01399	0.00779	0.00720	0.00234	0.00970	0.00623	0.00434	0.03788
28	0.01096	0.00761	0.00960	0.00960	0.01005	0.00807	0.00625	0.01188	0.01142	0.01569	0.02269	0.04293	0.02466	0.50478	0.26327	0.00899	0.01173	0.01005	0.00442	0.00533
29	0.69161	0.01417	0.01187	0.06097	0.01720	0.01645	0.00908	0.02149	0.01315	0.03223	0.01236	0.04932	0.01049	0.00793	0.00516	0.00240	0.00610	0.00519	0.00472	0.00813
30	0.02638	0.01360	0.01783	0.01500	0.06196	0.01165	0.01128	0.03050	0.05255	0.40009	0.02367	0.02224	0.01613	0.00805	0.00698	0.00196	0.00633	0.00661	0.00736	0.25984
31	0.00896	0.00768	0.00768	0.00768	0.01025	0.00640	0.00576	0.01089	0.01729	0.02049	0.07684	0.07300	0.68304	0.01921	0.00896	0.00256	0.00384	0.01601	0.00704	0.00640
32	0.01980	0.67190	0.10164	0.01380	0.02073	0.02884	0.01440	0.02284	0.01547	0.01843	0.01084	0.01253	0.00972	0.00656	0.00509	0.00170	0.00840	0.00420	0.00324	0.00987
33	0.01084	0.00813	0.01219	0.01219	0.01354	0.00948	0.00948	0.01354	0.01219	0.01761	0.02032	0.02980	0.01896	0.05689	0.70337	0.01219	0.02032	0.00813	0.00406	0.00677
34	0.02028	0.73799	0.03975	0.01298	0.01947	0.03001	0.01298	0.02271	0.01541	0.01785	0.01055	0.01217	0.00973	0.00649	0.00487	0.00162	0.00811	0.00406	0.00324	0.00973
35	0.03291	0.01316	0.01757	0.01364	0.01939	0.01172	0.01121	0.03721	0.06979	0.64263	0.02999	0.02600	0.01910	0.00945	0.00763	0.00236	0.00642	0.00770	0.00926	0.01284
36	0.01573	0.01348	0.01573	0.01123	0.01798	0.01011	0.00899	0.01910	0.01573	0.02472	0.01348	0.01573	0.01123	0.00562	0.00562	0.00112	0.00562	0.00449	0.00449	0.77980
37	0.01350	0.00890	0.01088	0.00992	0.01248	0.00817	0.00758	0.04849	0.02096	0.09436	0.41422	0.07926	0.21066	0.01576	0.00878	0.00244	0.00420	0.01359	0.00805	0.00780
38	0.01794	0.03227	0.47607	0.02361	0.10447	0.01766	0.04643	0.08347	0.01832	0.06025	0.01500	0.01717	0.01077	0.00736	0.00730	0.00233	0.01031	0.00603	0.00405	0.03919

[dist]
# distance from previous block
# <min> <max>
2	5

[block]
# block no. 4 follows, 26 sequences, length 31
# corresponding to MSA columns:
# 264-294
name=unknown_E
#
# <colnr> <probs for GDERKNQSTAVLIFYWHMCP>
#	G	D	E	R	K	N	Q	S	T	A	V	L	I	F	Y	W	H	M	C	P
0	0.01968	0.07962	0.11397	0.02698	0.19734	0.01918	0.13883	0.13652	0.04888	0.02840	0.01541	0.01814	0.01198	0.00715	0.00731	0.00215	0.00925	0.00661	0.00460	0.10797
1	0.02085	0.01896	0.02733	0.03660	0.46316	0.04187	0.02000	0.13645	0.10498	0.02947	0.01701	0.01973	0.01353	0.00766	0.00753	0.00229	0.00866	0.00694	0.00494	0.01206
2	0.01928	0.01688	0.02029	0.02212	0.16113	0.01889	0.01450	0.06392	0.50562	0.03096	0.02680	0.02584	0.02034	0.00949	0.00767	0.00249	0.00674	0.00811	0.00687	0.01205
3	0.00999	0.00850	0.00870	0.00851	0.01119	0.00762	0.00642	0.01383	0.07941	0.02203	0.10162	0.06799	0.59124	0.01819	0.00885	0.00255	0.00403	0.01520	0.00717	0.00697
4	0.64437	0.01760	0.07677	0.01176	0.01720	0.01767	0.01066	0.08115	0.01529	0.03435	0.01155	0.01321	0.00878	0.00725	0.00520	0.00235	0.00660	0.00450	0.00482	0.00893
5	0.00934	0.00664	0.00877	0.01044	0.01085	0.00623	0.00691	0.01059	0.01433	0.01911	0.04083	0.69130	0.04893	0.06263	0.01127	0.00331	0.00456	0.02099	0.00691	0.00608
6	0.71612	0.01456	0.01157	0.01009	0.01497	0.01638	0.00829	0.02200	0.01317	0.03318	0.01083	0.01263	0.00849	0.00691	0.00478	0.00223	0.00584	0.00414	0.00468	0.07913
7	0.01960	0.01613	0.01717	0.01534	0.01971	0.01849	0.01196	0.04014	0.64089	0.06369	0.03083	0.02818	0.02294	0.01025	0.00771	0.00256	0.00602	0.00853	0.00780	0.01205
8	0.01867	0.01832	0.03249	0.04478	0.60725	0.01816	0.10078	0.02340	0.01735	0.02472	0.01440	0.01898	0.01195	0.00671	0.00769	0.00229	0.00947	0.00703	0.00376	0.01180
9	0.00924	0.00769	0.00806	0.00797	0.01041	0.00652	0.00598	0.01142	0.01794	0.02203	0.17070	0.07046	0.58821	0.01864	0.00896	0.00253	0.00380	0.01565	0.00725	0.00652
10	0.78701	0.01467	0.01115	0.00997	0.01467	0.01702	0.00821	0.02230	0.01291	0.03403	0.01056	0.01232	0.00821	0.00704	0.00469	0.00235	0.00587	0.00411	0.00469	0.00821
11	0.01044	0.00764	0.00980	0.00948	0.01121	0.00700	0.00703	0.01367	0.02046	0.02852	0.56966	0.12156	0.12201	0.01660	0.00902	0.00247	0.00368	0.01466	0.00811	0.00700
12	0.78701	0.01467	0.01115	0.00997	0.01467	0.01702	0.00821	0.02230	0.01291	0.03403	0.01056	0.01232	0.00821	0.00704	0.00469	0.00235	0.00587	0.00411	0.00469	0.00821
13	0.01311	0.00825	0.01033	0.00973	0.01206	0.00736	0.00732	0.01591	0.01958	0.11168	0.36719	0.14368	0.21154	0.01669	0.00888	0.00251	0.00412	0.01451	0.00799	0.00758
14	0.03403	0.01291	0.01760	0.01350	0.01936	0.01115	0.01115	0.03697	0.02171	0.69137	0.02992	0.02582	0.01878	0.00939	0.00763	0.00235	0.00645	0.00763	0.00939	0.01291
15	0.01074	0.00775	0.01014	0.00954	0.01133	0.00716	0.00716	0.01431	0.02147	0.03042	0.68211	0.05666	0.07157	0.01551	0.00895	0.00239	0.00358	0.01372	0.00835	0.00716
16	0.01152	0.00781	0.00998	0.00973	0.01158	0.00709	0.00718	0.01441	0.01958	0.06412	0.44152	0.18921	0.14314	0.01726	0.00902	0.00254	0.00394	0.01521	0.00798	0.00719
17	0.01147	0.00794	0.01025	0.00957	0.01155	0.00725	0.00721	0.01492	0.02121	0.05383	0.61911	0.05660	0.10932	0.01552	0.00890	0.00240	0.00370	0.01364	0.00830	0.00732
18	0.01103	0.00735	0.00827	0.00827	0.00827	0.00735	0.00460	0.01103	0.01103	0.01471	0.02390	0.04964	0.02758	0.73343	0.03861	0.00735	0.00735	0.01103	0.00460	0.00460
19	0.78701	0.01467	0.01115	0.00997	0.01467	0.01702	0.00821	0.02230	0.01291	0.03403	0.01056	0.01232	0.00821	0.00704	0.00469	0.00235	0.00587	0.00411	0.00469	0.00821
20	0.00951	0.00671	0.00872	0.01022	0.01059	0.00634	0.00668	0.01063	0.01400	0.01867	0.03913	0.62713	0.04679	0.12971	0.01400	0.00372	0.00484	0.01999	0.00668	0.00593
21	0.01046	0.00767	0.00981	0.00944	0.01121	0.00702	0.00702	0.01373	0.02059	0.02871	0.58053	0.10476	0.12788	0.01643	0.00900	0.00245	0.00366	0.01448	0.00814	0.00702
22	0.01103	0.00735	0.00827	0.00827	0.00827	0.00735	0.00460	0.01103	0.01103	0.01471	0.02390	0.04964	0.02758	0.73343	0.03861	0.00735	0.00735	0.01103	0.00460	0.00460
23	0.03374	0.01338	0.01789	0.01372	0.01960	0.01184	0.01133	0.07204	0.02249	0.65519	0.02927	0.02539	0.01845	0.00937	0.00763	0.00234	0.00656	0.00758	0.00929	0.01291
24	0.00941	0.00667	0.00875	0.01035	0.01075	0.00627	0.00682	0.01060	0.01420	0.01893	0.04016	0.66609	0.04809	0.08899	0.01234	0.00347	0.00467	0.02059	0.00682	0.00602
25	0.78701	0.01467	0.01115	0.00997	0.01467	0.01702	0.00821	0.02230	0.01291	0.03403	0.01056	0.01232	0.00821	0.00704	0.00469	0.00235	0.00587	0.00411	0.00469	0.00821
26	0.02028	0.73799	0.03975	0.01298	0.01947	0.03001	0.01298	0.02271	0.01541	0.01785	0.01055	0.01217	0.00973	0.00649	0.00487	0.00162	0.00811	0.00406	0.00324	0.00973
27	0.01103	0.00735	0.00827	0.00827	0.00827	0.00735	0.00460	0.01103	0.01103	0.01471	0.02390	0.04964	0.02758	0.73343	0.03861	0.00735	0.00735	0.01103	0.00460	0.00460
28	0.00930	0.00674	0.00867	0.01018	0.01080	0.00624	0.00680	0.01061	0.01462	0.01925	0.04426	0.63386	0.10890	0.05748	0.01101	0.00324	0.00449	0.02053	0.00692	0.00611
29	0.01573	0.01348	0.01573	0.01123	0.01798	0.01011	0.00899	0.01910	0.01573	0.02472	0.01348	0.01573	0.01123	0.00562	0.00562	0.00112	0.00562	0.00449	0.00449	0.77980
30	0.06872	0.01935	0.02052	0.01647	0.02192	0.02161	0.01347	0.46912	0.16848	0.04267	0.02129	0.02257	0.01597	0.00969	0.00756	0.00239	0.00766	0.03087	0.00743	0.01222

[dist]
# distance from previous block
# <min> <max>
9	33

[block]
# block no. 5 follows, 26 sequences, length 116
# corresponding to MSA columns:
# 328-443
name=unknown_F
#
# <colnr> <probs for GDERKNQSTAVLIFYWHMCP>
#	G	D	E	R	K	N	Q	S	T	A	V	L	I	F	Y	W	H	M	C	P
0	0.02184	0.02371	0.02390	0.02953	0.30500	0.27592	0.01725	0.06367	0.02033	0.02404	0.06902	0.02275	0.05288	0.00867	0.00745	0.00217	0.01003	0.00711	0.00459	0.01016
1	0.01803	0.02046	0.10093	0.13466	0.40078	0.04334	0.08440	0.02413	0.05425	0.02405	0.01504	0.01920	0.01199	0.00713	0.00761	0.00234	0.00977	0.00688	0.00388	0.01113
2	0.00939	0.00710	0.00873	0.00995	0.01114	0.00643	0.00706	0.01106	0.01559	0.01997	0.05233	0.47903	0.24216	0.02216	0.00953	0.00295	0.00443	0.06766	0.00704	0.00630
3	0.02957	0.02006	0.02203	0.01689	0.02293	0.02176	0.01395	0.57222	0.03368	0.13920	0.01987	0.01929	0.01373	0.00915	0.00759	0.00229	0.00808	0.00694	0.00784	0.01290
4	0.01637	0.03275	0.50042	0.09274	0.07944	0.03647	0.02500	0.02380	0.01634	0.04434	0.01409	0.01686	0.01021	0.00721	0.00718	0.00232	0.01055	0.00578	0.00355	0.05461
5	0.01617	0.13707	0.55745	0.02204	0.07401	0.01940	0.02557	0.02379	0.01601	0.02319	0.01322	0.01565	0.00978	0.00707	0.00689	0.00228	0.01062	0.00546	0.00325	0.01105
6	0.01607	0.13887	0.57006	0.02085	0.03122	0.01947	0.05494	0.02385	0.01601	0.02315	0.01325	0.01567	0.00971	0.00707	0.00695	0.00230	0.01084	0.00554	0.00324	0.01095
7	0.01781	0.01833	0.06544	0.16018	0.51317	0.01783	0.02270	0.02332	0.04309	0.02408	0.01476	0.01925	0.01200	0.00707	0.00751	0.00232	0.00920	0.00676	0.00382	0.01135
8	0.03149	0.01595	0.05654	0.01450	0.02052	0.03312	0.01249	0.11162	0.02308	0.53620	0.04577	0.02486	0.01879	0.00936	0.00761	0.00233	0.00708	0.00751	0.00863	0.01253
9	0.02157	0.07699	0.02024	0.01737	0.05770	0.19829	0.01290	0.06699	0.27751	0.05151	0.06980	0.02602	0.05101	0.00982	0.00738	0.00228	0.00824	0.00771	0.00621	0.01047
10	0.00924	0.00660	0.00880	0.01056	0.01100	0.00616	0.00704	0.01056	0.01452	0.01936	0.04181	0.72848	0.05017	0.02376	0.00968	0.00308	0.00440	0.02156	0.00704	0.00616
11	0.01642	0.02046	0.11165	0.02857	0.07048	0.01709	0.46033	0.02226	0.01718	0.02359	0.01885	0.12042	0.01681	0.00897	0.00878	0.00260	0.01121	0.01025	0.00422	0.00986
12	0.02280	0.02006	0.06427	0.02634	0.19041	0.07613	0.12078	0.06912	0.14656	0.15404	0.02063	0.02161	0.01511	0.00815	0.00774	0.00237	0.00904	0.00741	0.00583	0.01163
13	0.01525	0.01440	0.02383	0.50096	0.04420	0.01695	0.09036	0.02270	0.10894	0.02187	0.01763	0.02500	0.01397	0.00857	0.00791	0.00259	0.00965	0.04191	0.00424	0.00906
14	0.00947	0.00677	0.00907	0.01083	0.01137	0.00636	0.00744	0.01096	0.01475	0.01962	0.04168	0.67841	0.04966	0.02354	0.00974	0.00311	0.00460	0.06935	0.00704	0.00623
15	0.01913	0.01875	0.03568	0.03928	0.40065	0.01816	0.27303	0.02431	0.01772	0.05534	0.01541	0.01976	0.01213	0.00674	0.00808	0.00238	0.01038	0.00766	0.00405	0.01135
16	0.01782	0.05525	0.28681	0.02683	0.05396	0.07222	0.32858	0.02457	0.01736	0.02352	0.01420	0.01790	0.01061	0.00682	0.00794	0.00241	0.01198	0.00713	0.00358	0.01052
17	0.01089	0.00765	0.00972	0.00972	0.01031	0.00812	0.00647	0.01197	0.01168	0.01599	0.02436	0.04300	0.04670	0.45568	0.28658	0.00900	0.01209	0.01011	0.00448	0.00547
18	0.01521	0.03923	0.69413	0.02162	0.03283	0.01762	0.02802	0.02402	0.01601	0.02402	0.01361	0.01601	0.00961	0.00721	0.00721	0.00240	0.01121	0.00560	0.00320	0.01121
19	0.02703	0.01773	0.13418	0.01500	0.02131	0.01330	0.01399	0.03402	0.12622	0.43247	0.06324	0.02622	0.02081	0.00949	0.00764	0.00240	0.00705	0.00777	0.00799	0.01215
20	0.01803	0.01545	0.01644	0.01503	0.01908	0.01770	0.01177	0.03750	0.60291	0.03068	0.03335	0.03387	0.05128	0.01135	0.00795	0.00263	0.00598	0.04993	0.00764	0.01145
21	0.00924	0.00660	0.00880	0.01056	0.01100	0.00616	0.00704	0.01056	0.01452	0.01936	0.04181	0.72848	0.05017	0.02376	0.00968	0.00308	0.00440	0.02156	0.00704	0.00616
22	0.04941	0.04214	0.02107	0.05638	0.07425	0.06216	0.01383	0.26077	0.07374	0.18836	0.06417	0.02274	0.01822	0.00918	0.00746	0.00229	0.00783	0.00729	0.00706	0.01163
23	0.14361	0.01512	0.01500	0.01355	0.04124	0.05327	0.01027	0.19440	0.05250	0.05918	0.07890	0.03778	0.23064	0.01232	0.00761	0.00238	0.00634	0.00977	0.00673	0.00939
24	0.02799	0.02068	0.02151	0.01695	0.02265	0.05929	0.01382	0.48989	0.11554	0.10222	0.02054	0.01995	0.01458	0.00921	0.00757	0.00230	0.00817	0.00702	0.00756	0.01256
25	0.01573	0.01348	0.01573	0.01123	0.01798	0.01011	0.00899	0.01910	0.01573	0.02472	0.01348	0.01573	0.01123	0.00562	0.00562	0.00112	0.00562	0.00449	0.00449	0.77980
26	0.01768	0.06516	0.21947	0.10493	0.35350	0.04145	0.04456	0.02333	0.01675	0.02339	0.01374	0.01765	0.01091	0.00698	0.00731	0.00229	0.00998	0.00628	0.00354	0.01112
27	0.02028	0.73799	0.03975	0.01298	0.01947	0.03001	0.01298	0.02271	0.01541	0.01785	0.01055	0.01217	0.00973	0.00649	0.00487	0.00162	0.00811	0.00406	0.00324	0.00973
28	0.01906	0.01803	0.05536	0.01805	0.02497	0.01573	0.16374	0.15436	0.04762	0.02966	0.01563	0.01789	0.01206	0.00679	0.00697	0.00182	0.00814	0.00625	0.00505	0.37283
29	0.01869	0.01365	0.01518	0.01342	0.01736	0.01470	0.01048	0.05133	0.38917	0.11565	0.14472	0.03726	0.10162	0.01198	0.00804	0.00250	0.00549	0.01007	0.00796	0.01073
30	0.03233	0.01388	0.01803	0.01389	0.01962	0.01274	0.01145	0.12463	0.02368	0.57255	0.05531	0.02602	0.02013	0.00960	0.00768	0.00234	0.00660	0.00777	0.00909	0.01267
31	0.00953	0.00699	0.00959	0.05057	0.01334	0.00677	0.00784	0.01106	0.01456	0.01936	0.04020	0.68827	0.04789	0.02284	0.00956	0.00305	0.00472	0.02072	0.00683	0.00629
32	0.01521	0.03923	0.69413	0.02162	0.03283	0.01762	0.02802	0.02402	0.01601	0.02402	0.01361	0.01601	0.00961	0.00721	0.00721	0.00240	0.01121	0.00560	0.00320	0.01121
33	0.76007	0.01461	0.01138	0.01010	0.01484	0.01681	0.00832	0.02282	0.01322	0.05755	0.01125	0.01280	0.00859	0.00712	0.00480	0.00235	0.00589	0.00423	0.00486	0.00838
34	0.03124	0.01467	0.06987	0.01390	0.01996	0.01143	0.01224	0.03467	0.02125	0.60187	0.06568	0.02680	0.02106	0.00957	0.00767	0.00235	0.00666	0.00782	0.00885	0.01245
35	0.03403	0.01291	0.01760	0.01350	0.01936	0.01115	0.01115	0.03697	0.02171	0.69137	0.02992	0.02582	0.01878	0.00939	0.00763	0.00235	0.00645	0.00763	0.00939	0.01291
36	0.01255	0.00815	0.01072	0.00985	0.01196	0.00747	0.00747	0.01608	0.02149	0.08190	0.63132	0.05426	0.06746	0.01503	0.00884	0.00238	0.00380	0.01324	0.00843	0.00760
37	0.01753	0.01513	0.01588	0.01439	0.01845	0.01719	0.01117	0.03634	0.58419	0.03022	0.03706	0.03432	0.11202	0.01149	0.00789	0.00257	0.00571	0.00958	0.00763	0.01125
38	0.01092	0.00786	0.01000	0.01115	0.01208	0.00765	0.00767	0.06634	0.01634	0.02180	0.03978	0.66755	0.04697	0.02251	0.00950	0.00301	0.00474	0.02030	0.00709	0.00674
39	0.02795	0.01415	0.01737	0.01414	0.01934	0.01402	0.01141	0.05954	0.23928	0.42469	0.05316	0.02748	0.02192	0.00990	0.00770	0.00242	0.00627	0.00813	0.00873	0.01240
40	0.01602	0.03684	0.59779	0.02384	0.08363	0.04066	0.04871	0.02418	0.01636	0.02391	0.01366	0.01630	0.00987	0.00716	0.00728	0.00238	0.01118	0.00578	0.00329	0.01116
41	0.00944	0.00674	0.00903	0.01079	0.01131	0.00633	0.00738	0.01090	0.01472	0.01958	0.04170	0.68609	0.04974	0.02358	0.00973	0.00311	0.00457	0.06202	0.00704	0.00622
42	0.78701	0.01467	0.01115	0.00997	0.01467	0.01702	0.00821	0.02230	0.01291	0.03403	0.01056	0.01232	0.00821	0.00704	0.00469	0.00235	0.00587	0.00411	0.00469	0.00821
43	0.01676	0.18551	0.53213	0.01973	0.02968	0.04559	0.02438	0.02398	0.01609	0.02253	0.01290	0.01512	0.00964	0.00708	0.00670	0.00222	0.01065	0.00525	0.00324	0.01081
44	0.01084	0.00813	0.01219	0.01219	0.01354	0.00948	0.00948	0.01354	0.01219	0.01761	0.02032	0.02980	0.01896	0.05689	0.70337	0.01219	0.02032	0.00813	0.00406	0.00677
45	0.02621	0.01864	0.02000	0.01761	0.06483	0.08675	0.01320	0.20152	0.17144	0.20640	0.02285	0.02186	0.01625	0.00889	0.00739	0.00224	0.00769	0.00705	0.00722	0.07196
46	0.01521	0.01481	0.02631	0.56355	0.11294	0.01726	0.10148	0.02038	0.01572	0.02053	0.01379	0.02011	0.01047	0.00735	0.00775	0.00250	0.01034	0.00702	0.00347	0.00901
47	0.03352	0.01372	0.01811	0.01388	0.01977	0.01235	0.01147	0.09780	0.02307	0.62862	0.02878	0.02508	0.01820	0.00936	0.00762	0.00234	0.00664	0.00755	0.00921	0.01291
48	0.03034	0.01492	0.01844	0.01436	0.01993	0.01452	0.01178	0.20147	0.05542	0.44399	0.07204	0.02605	0.02107	0.00978	0.00771	0.00234	0.00674	0.00788	0.00876	0.01247
49	0.02777	0.01886	0.02079	0.01638	0.02207	0.02051	0.01339	0.43319	0.15797	0.15415	0.02268	0.02148	0.01591	0.00939	0.00762	0.00235	0.00757	0.00731	0.00792	0.01273
50	0.00986	0.00714	0.00966	0.03983	0.01282	0.00700	0.00778	0.01139	0.01428	0.01903	0.03793	0.56848	0.04468	0.09339	0.04025	0.00386	0.00571	0.05422	0.00653	0.00617
51	0.00924	0.00660	0.00880	0.01056	0.01100	0.00616	0.00704	0.01056	0.01452	0.01936	0.04181	0.72848	0.05017	0.02376	0.00968	0.00308	0.00440	0.02156	0.00704	0.00616
52	0.01605	0.07842	0.52620	0.02313	0.03335	0.01868	0.15117	0.02400	0.01635	0.02370	0.01376	0.01665	0.00999	0.00700	0.00741	0.00238	0.01133	0.00617	0.00333	0.01093
53	0.01895	0.43715	0.16565	0.02233	0.17413	0.02485	0.01827	0.02310	0.01595	0.02063	0.01199	0.01443	0.01023	0.00669	0.00593	0.00192	0.00892	0.00498	0.00335	0.01054
54	0.00928	0.00671	0.00870	0.01026	0.01085	0.00622	0.00685	0.01060	0.01461	0.01928	0.04389	0.65314	0.09865	0.04880	0.01066	0.00319	0.00446	0.02075	0.00695	0.00612
55	0.02022	0.01217	0.01411	0.01221	0.01632	0.01206	0.00962	0.02904	0.23535	0.23486	0.09656	0.04214	0.20727	0.01289	0.00813	0.00248	0.00535	0.01074	0.00811	0.01035
56	0.01854	0.01942	0.07453	0.04491	0.64304	0.01800	0.02359	0.02333	0.01719	0.02473	0.01422	0.01859	0.01186	0.00679	0.00749	0.00226	0.00916	0.00668	0.00372	0.01196
57	0.04528	0.02899	0.36655	0.02456	0.16423	0.07000	0.02211	0.02417	0.05444	0.02525	0.08632	0.02134	0.01750	0.00822	0.00736	0.00234	0.00963	0.00677	0.00424	0.01069
58	0.01880	0.01870	0.02876	0.15287	0.53172	0.07118	0.02225	0.02319	0.01726	0.02342	0.01394	0.01861	0.01153	0.00697	0.00747	0.00227	0.00955	0.00661	0.00370	0.01118
59	0.01825	0.01505	0.01706	0.01263	0.01907	0.01311	0.01016	0.13269	0.06821	0.02927	0.01560	0.01710	0.01241	0.00657	0.00612	0.00143	0.00612	0.00521	0.00527	0.58865
60	0.02605	0.06133	0.02229	0.01698	0.02243	0.09849	0.01382	0.41494	0.17710	0.03926	0.01993	0.01966	0.01470	0.00909	0.00738	0.00227	0.00840	0.00685	0.00697	0.01207
61	0.02095	0.68217	0.03842	0.01333	0.01978	0.02951	0.01309	0.07241	0.01699	0.02018	0.01114	0.01264	0.00998	0.00669	0.00508	0.00167	0.00813	0.00427	0.00358	0.00998
62	0.01768	0.01397	0.01628	0.01186	0.01843	0.01121	0.00952	0.05631	0.03926	0.06713	0.01534	0.01691	0.01219	0.00620	0.00592	0.00131	0.00583	0.00495	0.00507	0.66463
63	0.01929	0.60175	0.16734	0.01466	0.02207	0.02760	0.01591	0.02297	0.01553	0.01905	0.01114	0.01292	0.00971	0.00663	0.00532	0.00177	0.00872	0.00436	0.00324	0.01002
64	0.01711	0.00918	0.01208	0.01054	0.01350	0.00822	0.00819	0.02042	0.02131	0.21352	0.46750	0.04899	0.09064	0.01401	0.00858	0.00238	0.00439	0.01215	0.00857	0.00871
65	0.01094	0.00744	0.00885	0.00891	0.00911	0.00762	0.00537	0.01137	0.01131	0.01528	0.02399	0.06963	0.02711	0.61350	0.13205	0.00790	0.00910	0.01097	0.00460	0.00496
66	0.01431	0.01298	0.02153	0.66005	0.04886	0.01609	0.01984	0.01925	0.01522	0.02007	0.01436	0.02085	0.01084	0.00768	0.00741	0.00247	0.00960	0.00677	0.06351	0.00832
67	0.00931	0.00663	0.00878	0.01047	0.01089	0.00621	0.00694	0.01058	0.01438	0.01917	0.04108	0.70093	0.04925	0.05256	0.01086	0.00325	0.00452	0.02114	0.00694	0.00610
68	0.00924	0.00660	0.00880	0.01056	0.01100	0.00616	0.00704	0.01056	0.01452	0.01936	0.04181	0.72848	0.05017	0.02376	0.00968	0.00308	0.00440	0.02156	0.00704	0.00616
69	0.78701	0.01467	0.01115	0.00997	0.01467	0.01702	0.00821	0.02230	0.01291	0.03403	0.01056	0.01232	0.00821	0.00704	0.00469	0.00235	0.00587	0.00411	0.00469	0.00821
70	0.04674	0.06722	0.63927	0.02079	0.03154	0.01811	0.02660	0.02390	0.01586	0.02417	0.01336	0.01570	0.00956	0.00717	0.00701	0.00237	0.01086	0.00548	0.00327	0.01103
71	0.01066	0.00775	0.01004	0.00947	0.01129	0.00713	0.00710	0.01418	0.02130	0.03002	0.65786	0.05731	0.09607	0.01566	0.00895	0.00239	0.00359	0.01381	0.00830	0.00713
72	0.02032	0.02096	0.02928	0.04218	0.57867	0.12909	0.02188	0.02442	0.01796	0.02377	0.01386	0.01795	0.01165	0.00693	0.00740	0.00220	0.00977	0.00645	0.00378	0.01149
73	0.01087	0.00800	0.01153	0.01153	0.01266	0.00912	0.00866	0.01312	0.01200	0.01712	0.02092	0.03312	0.02041	0.17023	0.59200	0.01138	0.01815	0.00861	0.00415	0.00641
74	0.14829	0.03197	0.44605	0.02034	0.06420	0.07050	0.02228	0.02501	0.01635	0.06822	0.01403	0.01599	0.01011	0.00734	0.00680	0.00235	0.01007	0.00549	0.00394	0.01067
75	0.00941	0.00672	0.00900	0.01075	0.01127	0.00631	0.00734	0.01085	0.01469	0.01955	0.04171	0.69198	0.04980	0.02360	0.00973	0.00310	0.00455	0.05640	0.00704	0.00621
76	0.01861	0.01809	0.02979	0.04288	0.59314	0.04011	0.04770	0.02304	0.01745	0.02442	0.01597	0.02317	0.01405	0.00773	0.00774	0.00234	0.00918	0.04909	0.00398	0.01150
77	0.02159	0.62419	0.03679	0.01404	0.02011	0.13913	0.01325	0.02394	0.01640	0.01796	0.01074	0.01241	0.00974	0.00670	0.00519	0.00168	0.00901	0.00419	0.00335	0.00958
78	0.01085	0.00808	0.01193	0.01193	0.01320	0.00934	0.00916	0.01338	0.01211	0.01742	0.02055	0.03111	0.01953	0.10150	0.65954	0.01187	0.01946	0.00832	0.00410	0.00663
79	0.04075	0.17522	0.54432	0.01956	0.02964	0.02002	0.02445	0.02371	0.01580	0.02313	0.01291	0.01514	0.00959	0.00706	0.00667	0.00225	0.01043	0.00525	0.00326	0.01083
80	0.73736	0.01455	0.01157	0.01021	0.01498	0.01663	0.00841	0.02326	0.01349	0.07738	0.01184	0.01321	0.00891	0.00720	0.00489	0.00235	0.00591	0.00434	0.00500	0.00852
81	0.02883	0.02125	0.02276	0.01745	0.02352	0.02352	0.01442	0.66082	0.03566	0.04780	0.01821	0.01821	0.01290	0.00911	0.00759	0.00228	0.00835	0.00683	0.00759	0.01290
82	0.02507	0.01098	0.01443	0.01172	0.01620	0.00954	0.00944	0.02798	0.02094	0.44376	0.17452	0.03995	0.13757	0.01227	0.00812	0.00239	0.00543	0.01027	0.00879	0.01065
83	0.03141	0.03481	0.01768	0.01336	0.01883	0.01168	0.01097	0.03491	0.04514	0.60202	0.03015	0.07182	0.02073	0.01028	0.00768	0.00238	0.00635	0.00847	0.00898	0.01233
84	0.03403	0.01291	0.01760	0.01350	0.01936	0.01115	0.01115	0.03697	0.02171	0.69137	0.02992	0.02582	0.01878	0.00939	0.00763	0.00235	0.00645	0.00763	0.00939	0.01291
85	0.01087	0.00797	0.01141	0.01141	0.01250	0.00906	0.00851	0.01304	0.01196	0.01703	0.02103	0.03374	0.02067	0.19138	0.57122	0.01123	0.01774	0.00870	0.00417	0.00634
86	0.01685	0.01606	0.02731	0.33623	0.41150	0.01752	0.02232	0.02159	0.01636	0.02244	0.01393	0.01940	0.01119	0.00712	0.00754	0.00237	0.00949	0.00675	0.00359	0.01046
87	0.01814	0.01385	0.01538	0.01356	0.01729	0.01470	0.01089	0.24854	0.11867	0.03296	0.09317	0.09625	0.15772	0.01458	0.00856	0.00262	0.00623	0.09979	0.00744	0.00966
88	0.02968	0.01989	0.02192	0.01681	0.02285	0.02151	0.01389	0.55939	0.03339	0.15244	0.02012	0.01945	0.01385	0.00915	0.00759	0.00229	0.00804	0.00696	0.00788	0.01290
89	0.02718	0.02057	0.17356	0.01672	0.02376	0.01520	0.03947	0.11579	0.07701	0.37424	0.02420	0.02259	0.01601	0.00882	0.00758	0.00238	0.00798	0.00719	0.00739	0.01234
90	0.01798	0.01367	0.02141	0.09393	0.28382	0.01388	0.01728	0.02268	0.04427	0.10649	0.02576	0.04327	0.02407	0.01222	0.00857	0.00273	0.00798	0.22426	0.00569	0.01004
91	0.01079	0.00777	0.01029	0.01024	0.01189	0.00727	0.00783	0.01414	0.02026	0.02831	0.53378	0.12548	0.06574	0.01704	0.00922	0.00260	0.00412	0.09815	0.00804	0.00704
92	0.02924	0.02060	0.02236	0.01714	0.02320	0.02256	0.01416	0.61223	0.03458	0.09793	0.01912	0.01880	0.01336	0.00913	0.00759	0.00228	0.00820	0.00689	0.00773	0.01290
93	0.12772	0.02268	0.15755	0.03363	0.39682	0.05672	0.02112	0.02439	0.04382	0.02588	0.01416	0.01742	0.01134	0.00709	0.00702	0.00229	0.00914	0.00612	0.00395	0.01113
94	0.14656	0.27431	0.02608	0.01592	0.05742	0.06676	0.01286	0.11864	0.13548	0.05467	0.01633	0.01695	0.01282	0.00785	0.00612	0.00209	0.00775	0.00562	0.00522	0.01054
95	0.01008	0.00791	0.00916	0.00909	0.01114	0.00716	0.00672	0.01334	0.04477	0.02460	0.30290	0.15288	0.33669	0.01804	0.00900	0.00256	0.00390	0.01558	0.00757	0.00688
96	0.02292	0.42044	0.05255	0.01717	0.04109	0.27194	0.03471	0.02555	0.01776	0.01869	0.01132	0.01328	0.00986	0.00699	0.00585	0.00181	0.01039	0.00463	0.00352	0.00952
97	0.01068	0.00721	0.00838	0.00872	0.00880	0.00712	0.00507	0.01094	0.01171	0.01561	0.02737	0.18114	0.03195	0.59596	0.03300	0.00653	0.00678	0.01307	0.00507	0.00490
98	0.04670	0.07627	0.57795	0.02260	0.08222	0.01833	0.02601	0.02382	0.01595	0.02413	0.01337	0.01586	0.00975	0.00712	0.00700	0.00234	0.01065	0.00555	0.00331	0.01107
99	0.01062	0.00775	0.00998	0.00942	0.01126	0.00711	0.00706	0.01409	0.02119	0.02976	0.64220	0.05774	0.11189	0.01575	0.00895	0.00240	0.00360	0.01387	0.00826	0.00711
100	0.01119	0.00873	0.01153	0.01221	0.01357	0.00876	0.03125	0.01602	0.12140	0.02164	0.03904	0.57195	0.04423	0.02088	0.00936	0.00299	0.00503	0.03592	0.00703	0.00728
101	0.01432	0.01348	0.02275	0.71520	0.05224	0.01685	0.02107	0.01938	0.01517	0.01938	0.01348	0.02022	0.01011	0.00758	0.00758	0.00253	0.01011	0.00674	0.00337	0.00843
102	0.78701	0.01467	0.01115	0.00997	0.01467	0.01702	0.00821	0.02230	0.01291	0.03403	0.01056	0.01232	0.00821	0.00704	0.00469	0.00235	0.00587	0.00411	0.00469	0.00821
103	0.00937	0.00670	0.00894	0.01056	0.01103	0.00635	0.00707	0.01071	0.01430	0.01913	0.04021	0.67345	0.04797	0.04914	0.04265	0.00364	0.00523	0.02059	0.00682	0.00614
104	0.01779	0.01507	0.01635	0.01520	0.01907	0.01722	0.01204	0.03632	0.56621	0.03027	0.03238	0.03758	0.02648	0.01202	0.00817	0.00272	0.00616	0.11016	0.00760	0.01119
105	0.02833	0.03615	0.02149	0.01954	0.02345	0.70298	0.01466	0.03029	0.02149	0.01856	0.01172	0.01368	0.00977	0.00782	0.00684	0.00195	0.01368	0.00489	0.00391	0.00879
106	0.03293	0.01467	0.01869	0.01433	0.02024	0.01376	0.01184	0.16872	0.02466	0.55545	0.02745	0.02421	0.01753	0.00933	0.00762	0.00233	0.00685	0.00746	0.00901	0.01291
107	0.00950	0.00685	0.00935	0.01083	0.01141	0.00670	0.00744	0.01105	0.01414	0.01908	0.03832	0.61519	0.04511	0.02913	0.12216	0.00456	0.00698	0.01938	0.00656	0.00626
108	0.00918	0.00684	0.00856	0.00993	0.01084	0.00621	0.00676	0.01063	0.01513	0.01961	0.04951	0.58434	0.18934	0.02276	0.00952	0.00297	0.00428	0.02034	0.00704	0.00621
109	0.03403	0.01291	0.01760	0.01350	0.01936	0.01115	0.01115	0.03697	0.02171	0.69137	0.02992	0.02582	0.01878	0.00939	0.00763	0.00235	0.00645	0.00763	0.00939	0.01291
110	0.03403	0.01291	0.01760	0.01350	0.01936	0.01115	0.01115	0.03697	0.02171	0.69137	0.02992	0.02582	0.01878	0.00939	0.00763	0.00235	0.00645	0.00763	0.00939	0.01291
111	0.06181	0.01934	0.02824	0.08687	0.54043	0.08607	0.02144	0.02366	0.01731	0.02431	0.01376	0.01801	0.01145	0.00693	0.00729	0.00225	0.00938	0.00642	0.00380	0.01124
112	0.01765	0.01687	0.02859	0.16570	0.55000	0.01743	0.02231	0.02217	0.01689	0.02367	0.01616	0.02080	0.03348	0.00731	0.00757	0.00231	0.00904	0.00706	0.00379	0.01119
113	0.01573	0.01348	0.01573	0.01123	0.01798	0.01011	0.00899	0.01910	0.01573	0.02472	0.01348	0.01573	0.01123	0.00562	0.00562	0.00112	0.00562	0.00449	0.00449	0.77980
114	0.02044	0.63984	0.09932	0.01380	0.02070	0.02799	0.01429	0.02349	0.01576	0.04948	0.01172	0.01315	0.01014	0.00669	0.00521	0.00173	0.00832	0.00436	0.00352	0.01002
115	0.01539	0.03800	0.65131	0.02230	0.03328	0.01772	0.06960	0.02404	0.01614	0.02404	0.01373	0.01631	0.00973	0.00715	0.00732	0.00241	0.01131	0.00583	0.00324	0.01115

[dist]
# distance from previous block
# <min> <max>
0	11

[block]
# block no. 6 follows, 26 sequences, length 20
# corresponding to MSA columns:
# 455-474
name=unknown_G
#
# <colnr> <probs for GDERKNQSTAVLIFYWHMCP>
#	G	D	E	R	K	N	Q	S	T	A	V	L	I	F	Y	W	H	M	C	P
0	0.03365	0.01352	0.01798	0.01379	0.01967	0.01206	0.01139	0.08274	0.02273	0.64415	0.02906	0.02526	0.01834	0.00937	0.00762	0.00234	0.00659	0.00757	0.00926	0.01291
1	0.01074	0.00775	0.01014	0.00954	0.01133	0.00716	0.00716	0.01431	0.02147	0.03042	0.68211	0.05666	0.07157	0.01551	0.00895	0.00239	0.00358	0.01372	0.00835	0.00716
2	0.01768	0.02039	0.06651	0.07847	0.12943	0.01881	0.50460	0.02382	0.01756	0.02403	0.01501	0.02004	0.01141	0.00655	0.00859	0.00251	0.01203	0.00837	0.00377	0.01040
