[name]
unknown

[dist]
# distance from previous block
# <min> <max>
0	7

[block]
# block no. 0 follows, 28 sequences, length 59
# corresponding to MSA columns:
# 7-65
name=unknown_A
#
# <colnr> <probs for GDERKNQSTAVLIFYWHMCP>
#	G	D	E	R	K	N	Q	S	T	A	V	L	I	F	Y	W	H	M	C	P
0	0.01538	0.00922	0.01223	0.01189	0.01446	0.00880	0.00987	0.04563	0.01935	0.14147	0.24156	0.06043	0.07056	0.01602	0.00894	0.00275	0.00553	0.29045	0.00752	0.00793
1	0.01851	0.61285	0.16602	0.01402	0.02111	0.02649	0.01520	0.02201	0.01488	0.01823	0.01067	0.01237	0.00931	0.00635	0.00509	0.00170	0.00834	0.00417	0.00310	0.00960
2	0.01507	0.01292	0.01507	0.01077	0.01723	0.00969	0.00861	0.01830	0.01507	0.02369	0.01292	0.01507	0.01077	0.00538	0.00538	0.00108	0.00538	0.00431	0.00431	0.78898
3	0.02453	0.01052	0.01422	0.01165	0.01578	0.00924	0.00931	0.02739	0.02022	0.46212	0.21746	0.08711	0.03453	0.01169	0.00781	0.00231	0.00526	0.00996	0.00855	0.01033
4	0.02336	0.02674	0.01954	0.05650	0.02259	0.44751	0.01391	0.08654	0.05860	0.02140	0.01532	0.02075	0.01328	0.01118	0.04128	0.00261	0.05153	0.05419	0.00445	0.00870
5	0.02252	0.01782	0.01894	0.01569	0.02059	0.02015	0.01258	0.33445	0.38300	0.03757	0.02394	0.02263	0.01762	0.00933	0.00734	0.00233	0.00680	0.00744	0.00734	0.01190
6	0.01969	0.01482	0.01731	0.01404	0.04684	0.01364	0.01075	0.14837	0.10613	0.09478	0.01750	0.01814	0.01328	0.00700	0.00627	0.00163	0.00614	0.00562	0.00570	0.43236
7	0.00893	0.00636	0.00841	0.01003	0.01043	0.00595	0.00665	0.01014	0.01377	0.01836	0.03932	0.70996	0.04714	0.05388	0.01047	0.00313	0.00434	0.02023	0.00665	0.00584
8	0.73215	0.01394	0.01143	0.04342	0.01591	0.01610	0.00855	0.02173	0.01277	0.05567	0.01091	0.01262	0.00832	0.00685	0.00473	0.00226	0.00583	0.00417	0.00460	0.00804
9	0.01626	0.01577	0.02773	0.24293	0.41067	0.01658	0.08817	0.02080	0.01591	0.02196	0.01467	0.04886	0.01246	0.00736	0.00745	0.00230	0.00913	0.00728	0.00363	0.01009
10	0.01139	0.00823	0.01128	0.01282	0.01452	0.00812	0.01109	0.01455	0.01663	0.02149	0.04123	0.10141	0.09222	0.02004	0.00991	0.00327	0.00639	0.58210	0.00670	0.00663
11	0.00885	0.00636	0.00840	0.01002	0.01052	0.00591	0.00670	0.01013	0.01401	0.01859	0.04125	0.71613	0.07097	0.02262	0.00925	0.00293	0.00420	0.02048	0.00675	0.00591
12	0.00915	0.00652	0.00868	0.01030	0.01080	0.00614	0.00705	0.01053	0.01401	0.01864	0.03928	0.66085	0.04675	0.05029	0.01040	0.00314	0.00452	0.07038	0.00665	0.00591
13	0.01672	0.35076	0.41244	0.01707	0.02582	0.02211	0.02051	0.02247	0.01509	0.02041	0.01175	0.01372	0.00926	0.00660	0.00592	0.00197	0.00944	0.00472	0.00309	0.01012
14	0.01465	0.03652	0.67269	0.02064	0.03084	0.01715	0.02631	0.02274	0.01514	0.02274	0.01287	0.01537	0.00922	0.00720	0.00775	0.00235	0.04672	0.00542	0.00307	0.01060
15	0.00878	0.00737	0.00763	0.00757	0.00994	0.00622	0.00567	0.01080	0.01702	0.02072	0.14420	0.06818	0.62500	0.01801	0.00859	0.00244	0.00365	0.01509	0.00689	0.00622
16	0.02018	0.01666	0.01762	0.01522	0.01970	0.01906	0.01201	0.17823	0.54304	0.03379	0.02692	0.02500	0.02003	0.00961	0.00737	0.00240	0.00625	0.00785	0.00737	0.01169
17	0.01507	0.01292	0.01507	0.01077	0.01723	0.00969	0.00861	0.01830	0.01507	0.02369	0.01292	0.01507	0.01077	0.00538	0.00538	0.00108	0.00538	0.00431	0.00431	0.78898
18	0.01226	0.00787	0.01035	0.00948	0.01154	0.00720	0.00720	0.01564	0.02060	0.08886	0.63639	0.05168	0.06411	0.01434	0.00846	0.00228	0.00367	0.01263	0.00809	0.00735
19	0.01016	0.00737	0.00957	0.00914	0.01081	0.00678	0.00681	0.01342	0.02008	0.02827	0.63972	0.09268	0.08706	0.01541	0.00861	0.00233	0.00348	0.01363	0.00789	0.00678
20	0.01171	0.00837	0.01171	0.01339	0.01506	0.00837	0.01171	0.01506	0.01673	0.02175	0.03849	0.08199	0.04183	0.02008	0.01004	0.00335	0.00669	0.65027	0.00669	0.00669
21	0.01009	0.00734	0.00949	0.00912	0.01078	0.00675	0.00678	0.01326	0.01985	0.02782	0.61147	0.10697	0.10173	0.01565	0.00863	0.00235	0.00350	0.01384	0.00784	0.00675
22	0.00881	0.00649	0.00827	0.00969	0.01043	0.00594	0.00655	0.01017	0.01434	0.01873	0.04537	0.63386	0.15058	0.02208	0.00917	0.00287	0.00413	0.01982	0.00675	0.00594
23	0.01759	0.01398	0.01774	0.29195	0.02941	0.03715	0.01399	0.17554	0.01948	0.02738	0.01649	0.02029	0.01258	0.00807	0.00733	0.00214	0.03870	0.00640	0.19829	0.04551
24	0.01808	0.01561	0.01644	0.01479	0.01890	0.01808	0.01151	0.03863	0.68606	0.03041	0.02959	0.02712	0.02219	0.00986	0.00740	0.00247	0.00575	0.00822	0.00740	0.01151
25	0.01516	0.01321	0.01627	0.01162	0.01812	0.01006	0.03722	0.01852	0.01516	0.02367	0.01300	0.01527	0.01078	0.00542	0.00552	0.00114	0.00568	0.00449	0.00428	0.75542
26	0.01126	0.00833	0.01059	0.01122	0.01219	0.00858	0.00793	0.07921	0.01568	0.02110	0.03494	0.58168	0.04074	0.04733	0.03359	0.00331	0.04150	0.01772	0.00645	0.00664
27	0.01152	0.00770	0.01011	0.00935	0.01129	0.00707	0.00707	0.01492	0.02059	0.06647	0.65851	0.05266	0.06579	0.01454	0.00850	0.00228	0.00358	0.01282	0.00806	0.00716
28	0.01458	0.03760	0.70688	0.02072	0.03146	0.01688	0.02686	0.02302	0.01535	0.02302	0.01304	0.01535	0.00921	0.00691	0.00691	0.00230	0.01074	0.00537	0.00307	0.01074
29	0.01480	0.07019	0.67624	0.02034	0.03087	0.01743	0.02620	0.02296	0.01532	0.02275	0.01291	0.01518	0.00921	0.00687	0.00680	0.00227	0.01061	0.00530	0.00307	0.01068
30	0.02639	0.01601	0.01873	0.04831	0.02153	0.01694	0.01244	0.26045	0.18924	0.27417	0.02421	0.02251	0.01666	0.00903	0.00732	0.00229	0.00688	0.00722	0.00772	0.01195
31	0.01703	0.01003	0.01075	0.00945	0.01192	0.01040	0.00712	0.15668	0.01868	0.06602	0.02250	0.02883	0.01875	0.14935	0.01178	0.00285	0.00522	0.00748	0.42733	0.00782
32	0.03664	0.01159	0.02095	0.09196	0.02369	0.01138	0.21972	0.01576	0.01516	0.02067	0.02916	0.36474	0.04999	0.01512	0.00871	0.00272	0.00748	0.04177	0.00533	0.00747
33	0.01780	0.01707	0.02915	0.07588	0.66946	0.01722	0.02221	0.02214	0.01646	0.02351	0.01364	0.01805	0.01143	0.00651	0.00720	0.00217	0.00868	0.00648	0.00358	0.01136
34	0.02715	0.03464	0.02060	0.01873	0.02247	0.71536	0.01404	0.02903	0.02060	0.01779	0.01124	0.01311	0.00936	0.00749	0.00655	0.00187	0.01311	0.00468	0.00375	0.00843
35	0.69517	0.01478	0.01485	0.01229	0.01715	0.01658	0.09387	0.02162	0.01299	0.03141	0.01071	0.01282	0.00828	0.00667	0.00503	0.00228	0.00648	0.00454	0.00439	0.00812
36	0.00883	0.00642	0.00834	0.00987	0.01048	0.00593	0.00663	0.01015	0.01416	0.01866	0.04316	0.67806	0.10781	0.02237	0.00921	0.00291	0.00417	0.02017	0.00675	0.00593
37	0.02682	0.02056	0.02132	0.01665	0.02224	0.05125	0.01363	0.59479	0.08796	0.04335	0.01820	0.01808	0.01306	0.00877	0.00725	0.00219	0.00803	0.00661	0.00713	0.01213
38	0.01020	0.00689	0.00804	0.00840	0.00849	0.00680	0.00491	0.01047	0.01129	0.01506	0.02661	0.19723	0.03111	0.58849	0.03100	0.00616	0.00644	0.01275	0.00491	0.00473
39	0.00948	0.00720	0.00874	0.00877	0.01047	0.00645	0.00642	0.01201	0.01806	0.02416	0.37620	0.18920	0.26144	0.01747	0.00871	0.00247	0.00366	0.01526	0.00737	0.00645
40	0.01603	0.06465	0.36107	0.02497	0.03389	0.01818	0.33006	0.02308	0.01617	0.02285	0.01368	0.01717	0.01007	0.00651	0.00758	0.00233	0.01131	0.00681	0.00336	0.01023
41	0.01264	0.00965	0.01218	0.01309	0.01509	0.01014	0.01073	0.01956	0.17053	0.02314	0.03673	0.19380	0.03849	0.01823	0.00929	0.00307	0.00601	0.38311	0.00687	0.00765
42	0.00886	0.00633	0.00843	0.01012	0.01054	0.00590	0.00675	0.01012	0.01392	0.01856	0.04006	0.73979	0.04808	0.02277	0.00928	0.00295	0.00422	0.02066	0.00675	0.00590
43	0.02279	0.01831	0.02225	0.04779	0.17113	0.02011	0.01537	0.35964	0.18191	0.03640	0.01930	0.01990	0.01438	0.00845	0.00728	0.00225	0.00767	0.00692	0.00635	0.01182
44	0.01507	0.01292	0.01507	0.01077	0.01723	0.00969	0.00861	0.01830	0.01507	0.02369	0.01292	0.01507	0.01077	0.00538	0.00538	0.00108	0.00538	0.00431	0.00431	0.78898
45	0.01056	0.00708	0.00808	0.00808	0.00814	0.00713	0.00460	0.01067	0.01062	0.01421	0.02276	0.04678	0.02609	0.71595	0.06512	0.00724	0.00756	0.01046	0.00438	0.00449
46	0.01567	0.00826	0.00859	0.00795	0.01020	0.00839	0.00613	0.07821	0.01722	0.05798	0.02335	0.02611	0.01803	0.00852	0.00538	0.00176	0.00393	0.00678	0.68001	0.00753
47	0.02361	0.08512	0.02047	0.01615	0.02028	0.36040	0.01267	0.16709	0.06857	0.02629	0.11076	0.02073	0.01929	0.00886	0.00690	0.00201	0.00969	0.00646	0.00531	0.00934
48	0.01057	0.00705	0.00793	0.00793	0.00793	0.00705	0.00440	0.01057	0.01057	0.01409	0.02290	0.04757	0.02643	0.74454	0.03700	0.00705	0.00705	0.01057	0.00440	0.00440
49	0.02488	0.14928	0.02368	0.04745	0.02283	0.34777	0.01383	0.19758	0.06082	0.02579	0.01380	0.01507	0.01089	0.00773	0.00650	0.00196	0.01030	0.00532	0.00475	0.00977
50	0.02715	0.03464	0.02060	0.01873	0.02247	0.71536	0.01404	0.02903	0.02060	0.01779	0.01124	0.01311	0.00936	0.00749	0.00655	0.00187	0.01311	0.00468	0.00375	0.00843
51	0.00866	0.00735	0.00738	0.00738	0.00975	0.00617	0.00548	0.01044	0.01635	0.01944	0.07182	0.06916	0.67230	0.04437	0.00961	0.00262	0.00380	0.01517	0.00667	0.00607
52	0.01943	0.74891	0.03809	0.01244	0.01866	0.02876	0.01244	0.02177	0.01477	0.01710	0.01011	0.01166	0.00933	0.00622	0.00466	0.00155	0.00777	0.00389	0.00311	0.00933
53	0.01029	0.00743	0.00972	0.00914	0.01086	0.00686	0.00686	0.01372	0.02058	0.02915	0.69536	0.05430	0.06859	0.01486	0.00857	0.00229	0.00343	0.01315	0.00800	0.00686
54	0.01507	0.01292	0.01507	0.01077	0.01723	0.00969	0.00861	0.01830	0.01507	0.02369	0.01292	0.01507	0.01077	0.00538	0.00538	0.00108	0.00538	0.00431	0.00431	0.78898
55	0.01029	0.00743	0.00972	0.00914	0.01086	0.00686	0.00686	0.01372	0.02058	0.02915	0.69536	0.05430	0.06859	0.01486	0.00857	0.00229	0.00343	0.01315	0.00800	0.00686
56	0.01373	0.01292	0.02180	0.72707	0.05006	0.01615	0.02019	0.01857	0.01453	0.01857	0.01292	0.01938	0.00969	0.00727	0.00727	0.00242	0.00969	0.00646	0.00323	0.00807
57	0.01808	0.01561	0.01644	0.01479	0.01890	0.01808	0.01151	0.03863	0.68606	0.03041	0.02959	0.02712	0.02219	0.00986	0.00740	0.00247	0.00575	0.00822	0.00740	0.01151
58	0.03138	0.01435	0.01809	0.01387	0.01954	0.01362	0.01146	0.19361	0.02411	0.54137	0.02590	0.02294	0.01660	0.00893	0.00730	0.00223	0.00663	0.00712	0.00857	0.01237

[dist]
# distance from previous block
# <min> <max>
0	1

[block]
# block no. 1 follows, 28 sequences, length 43
# corresponding to MSA columns:
# 67-109
name=unknown_B
#
# <colnr> <probs for GDERKNQSTAVLIFYWHMCP>
#	G	D	E	R	K	N	Q	S	T	A	V	L	I	F	Y	W	H	M	C	P
0	0.01943	0.74891	0.03809	0.01244	0.01866	0.02876	0.01244	0.02177	0.01477	0.01710	0.01011	0.01166	0.00933	0.00622	0.00466	0.00155	0.00777	0.00389	0.00311	0.00933
1	0.01716	0.01961	0.04289	0.03064	0.03799	0.01838	0.67279	0.02328	0.01716	0.02328	0.01471	0.01961	0.01103	0.00613	0.00858	0.00245	0.01225	0.00858	0.00368	0.00980
2	0.01425	0.01204	0.01419	0.01068	0.01634	0.00919	0.00836	0.01721	0.01492	0.02300	0.01653	0.11155	0.01573	0.00770	0.00590	0.00133	0.00523	0.00648	0.00463	0.68474
3	0.01038	0.00779	0.01168	0.01168	0.01298	0.00909	0.00909	0.01298	0.01168	0.01687	0.01947	0.02856	0.01817	0.05452	0.71573	0.01168	0.01947	0.00779	0.00389	0.00649
4	0.01373	0.01292	0.02180	0.72707	0.05006	0.01615	0.02019	0.01857	0.01453	0.01857	0.01292	0.01938	0.00969	0.00727	0.00727	0.00242	0.00969	0.00646	0.00323	0.00807
5	0.00879	0.00659	0.00816	0.00941	0.01036	0.00596	0.00643	0.01020	0.01460	0.01884	0.04873	0.56685	0.21543	0.02165	0.00910	0.00282	0.00408	0.01929	0.00675	0.00596
6	0.01669	0.01705	0.03093	0.13832	0.27236	0.01840	0.21457	0.02110	0.01538	0.02162	0.01307	0.01828	0.01071	0.00770	0.01085	0.00248	0.15012	0.00708	0.00348	0.00979
7	0.01806	0.01759	0.02885	0.07768	0.64608	0.03878	0.02195	0.02233	0.01658	0.02331	0.01356	0.01791	0.01136	0.00655	0.00718	0.00216	0.00883	0.00642	0.00358	0.01125
8	0.01057	0.00705	0.00793	0.00793	0.00793	0.00705	0.00440	0.01057	0.01057	0.01409	0.02290	0.04757	0.02643	0.74454	0.03700	0.00705	0.00705	0.01057	0.00440	0.00440
9	0.04271	0.01697	0.02641	0.06446	0.52075	0.01763	0.01982	0.06403	0.10654	0.02605	0.01588	0.01903	0.01280	0.00710	0.00715	0.00221	0.00816	0.00663	0.00434	0.01132
10	0.01000	0.00718	0.00925	0.01052	0.01127	0.00692	0.00718	0.05059	0.01515	0.02022	0.03869	0.69582	0.04590	0.02192	0.00916	0.00291	0.00445	0.01981	0.00678	0.00630
11	0.01373	0.01292	0.02180	0.72707	0.05006	0.01615	0.02019	0.01857	0.01453	0.01857	0.01292	0.01938	0.00969	0.00727	0.00727	0.00242	0.00969	0.00646	0.00323	0.00807
12	0.00903	0.00653	0.00858	0.01016	0.01079	0.00608	0.00699	0.01046	0.01427	0.01883	0.04213	0.65372	0.08955	0.02232	0.00928	0.00295	0.00434	0.06128	0.00674	0.00597
13	0.01055	0.00707	0.00804	0.00801	0.00812	0.00704	0.00456	0.01077	0.01122	0.01507	0.06635	0.04800	0.02915	0.69739	0.03516	0.00674	0.00681	0.01074	0.00464	0.00456
14	0.01284	0.01124	0.01302	0.01264	0.01436	0.08959	0.00980	0.03599	0.01341	0.01790	0.01847	0.02645	0.01699	0.04772	0.61266	0.01027	0.01838	0.00740	0.00399	0.00690
15	0.11515	0.04486	0.10021	0.01376	0.01978	0.01381	0.01256	0.05537	0.07373	0.44025	0.02363	0.02156	0.01559	0.00844	0.00684	0.00224	0.00676	0.00661	0.00735	0.01147
16	0.02624	0.01927	0.02068	0.01601	0.02135	0.02128	0.01305	0.62074	0.03225	0.04322	0.01790	0.01991	0.01351	0.06877	0.00970	0.00258	0.00792	0.00687	0.00704	0.01171
17	0.06002	0.67498	0.06983	0.01270	0.01905	0.02752	0.01291	0.02181	0.01467	0.01821	0.01025	0.01185	0.00925	0.00628	0.00477	0.00163	0.00781	0.00396	0.00318	0.00932
18	0.00916	0.00739	0.00816	0.00796	0.01017	0.00638	0.00597	0.01154	0.01792	0.02284	0.28327	0.06468	0.48461	0.01721	0.00859	0.00240	0.00360	0.01460	0.00717	0.00638
19	0.01441	0.01387	0.02424	0.60648	0.10972	0.01644	0.07364	0.01931	0.01494	0.01944	0.01314	0.01927	0.00997	0.00710	0.00737	0.00240	0.00980	0.00663	0.00330	0.00854
20	0.01693	0.01856	0.03825	0.08628	0.12656	0.01828	0.49653	0.02245	0.01652	0.02264	0.01413	0.01916	0.01090	0.00664	0.00917	0.00245	0.05313	0.00800	0.00360	0.00979
21	0.01521	0.01336	0.01688	0.01206	0.01858	0.01026	0.05182	0.01863	0.01521	0.02366	0.01304	0.01537	0.01078	0.00543	0.00559	0.00117	0.00583	0.00458	0.00427	0.73828
22	0.02433	0.20141	0.08068	0.01742	0.02232	0.49828	0.01472	0.02684	0.01881	0.01806	0.01112	0.01295	0.00934	0.00715	0.00614	0.00183	0.01167	0.00455	0.00354	0.00883
23	0.00909	0.00675	0.00848	0.00939	0.01046	0.00614	0.00653	0.01089	0.01576	0.02087	0.17650	0.47273	0.17912	0.02035	0.00900	0.00272	0.00396	0.01813	0.00700	0.00614
24	0.01512	0.03426	0.59323	0.02422	0.11901	0.01699	0.05067	0.02294	0.01557	0.02313	0.01319	0.01585	0.00958	0.00682	0.00701	0.00229	0.01052	0.00564	0.00316	0.01081
25	0.01359	0.01004	0.04336	0.01056	0.01332	0.00866	0.00859	0.01858	0.07467	0.10356	0.53575	0.04701	0.05646	0.01344	0.00826	0.00230	0.00426	0.01174	0.00783	0.00803
26	0.03136	0.01307	0.01714	0.01328	0.01882	0.01189	0.01093	0.07456	0.06490	0.62031	0.02805	0.02445	0.01792	0.00904	0.00731	0.00226	0.00627	0.00732	0.00879	0.01231
27	0.01788	0.01872	0.06429	0.08648	0.59657	0.04356	0.02210	0.02236	0.01651	0.02315	0.01350	0.01776	0.01119	0.00659	0.00716	0.00217	0.00898	0.00635	0.00355	0.01113
28	0.01572	0.07540	0.47767	0.02260	0.07367	0.01793	0.11042	0.02421	0.07036	0.02335	0.01448	0.01682	0.01067	0.00697	0.00705	0.00228	0.01022	0.00601	0.00354	0.01064
29	0.01437	0.01417	0.02574	0.59719	0.04781	0.01657	0.14190	0.01945	0.01502	0.01945	0.01325	0.01942	0.00994	0.00705	0.00751	0.00243	0.01017	0.00686	0.00331	0.00840
30	0.00885	0.00637	0.00839	0.01001	0.01051	0.00591	0.00670	0.01013	0.01402	0.01860	0.04137	0.71368	0.07334	0.02260	0.00925	0.00293	0.00420	0.02046	0.00675	0.00591
31	0.01901	0.02289	0.11865	0.03676	0.47865	0.13123	0.04238	0.02353	0.01707	0.02266	0.01322	0.01689	0.01084	0.00669	0.00710	0.00214	0.00976	0.00610	0.00355	0.01085
32	0.01683	0.01973	0.07848	0.05090	0.11347	0.01861	0.44893	0.02224	0.01609	0.02241	0.01374	0.01865	0.01074	0.00714	0.01032	0.00250	0.10814	0.00777	0.00355	0.00976
33	0.01029	0.00743	0.00972	0.00914	0.01086	0.00686	0.00686	0.01372	0.02058	0.02915	0.69536	0.05430	0.06859	0.01486	0.00857	0.00229	0.00343	0.01315	0.00800	0.00686
34	0.00873	0.00737	0.00756	0.00751	0.00990	0.00620	0.00563	0.01070	0.01690	0.02041	0.12437	0.06868	0.64502	0.01812	0.00859	0.00244	0.00366	0.01516	0.00685	0.00620
35	0.01852	0.01583	0.01669	0.01488	0.01907	0.01829	0.01161	0.06811	0.65586	0.03112	0.02902	0.02667	0.02173	0.00981	0.00739	0.00245	0.00586	0.00814	0.00739	0.01155
36	0.01746	0.16767	0.16443	0.06320	0.03052	0.02073	0.26516	0.06413	0.01662	0.02255	0.01298	0.01665	0.01019	0.00725	0.00899	0.00230	0.08928	0.00653	0.00360	0.00975
37	0.03107	0.01272	0.01685	0.01305	0.01850	0.01141	0.01074	0.06836	0.04309	0.62314	0.05241	0.02551	0.01968	0.00922	0.00736	0.00225	0.00617	0.00751	0.00882	0.01214
38	0.72529	0.01439	0.01155	0.01010	0.01471	0.01651	0.00832	0.06159	0.01396	0.05439	0.01115	0.01256	0.00846	0.00694	0.00476	0.00225	0.00579	0.00420	0.00481	0.00829
39	0.01576	0.09107	0.61177	0.01996	0.02991	0.06322	0.02494	0.02332	0.01565	0.02223	0.01271	0.01492	0.00923	0.00689	0.00671	0.00222	0.01067	0.00521	0.00312	0.01049
40	0.01797	0.01761	0.02739	0.07478	0.57876	0.06206	0.02098	0.02209	0.01673	0.02297	0.01508	0.02188	0.01324	0.00746	0.00734	0.00223	0.00885	0.04795	0.00379	0.01083
41	0.01800	0.48810	0.15169	0.01593	0.06466	0.04911	0.01519	0.02161	0.01569	0.01961	0.06869	0.01637	0.01445	0.00713	0.00562	0.00180	0.00818	0.00513	0.00357	0.00948
42	0.01251	0.13633	0.01620	0.01122	0.01323	0.02992	0.05022	0.01389	0.01340	0.01701	0.02888	0.19394	0.10035	0.28764	0.01911	0.00414	0.02904	0.01178	0.00486	0.00634

[dist]
# distance from previous block
# <min> <max>
10	17

[block]
# block no. 2 follows, 28 sequences, length 60
# corresponding to MSA columns:
# 127-186
name=unknown_C
#
# <colnr> <probs for GDERKNQSTAVLIFYWHMCP>
#	G	D	E	R	K	N	Q	S	T	A	V	L	I	F	Y	W	H	M	C	P
0	0.02276	0.01736	0.01895	0.01452	0.02014	0.01795	0.01177	0.42341	0.06466	0.03722	0.01715	0.01882	0.01317	0.04412	0.00822	0.00213	0.00710	0.00622	0.00631	0.22802
1	0.04901	0.03288	0.54012	0.02227	0.03205	0.01717	0.15887	0.02300	0.01559	0.02349	0.01326	0.01607	0.00952	0.00674	0.00715	0.00233	0.01083	0.00597	0.00326	0.01043
2	0.02433	0.04409	0.02178	0.01663	0.02194	0.12379	0.04471	0.41625	0.02726	0.03540	0.01591	0.01737	0.01206	0.01159	0.06189	0.00277	0.00961	0.00618	0.00591	0.08053
3	0.01576	0.06491	0.59464	0.04297	0.03115	0.01712	0.05252	0.02345	0.01564	0.05621	0.01376	0.01596	0.00974	0.00696	0.00691	0.00228	0.01042	0.00557	0.00339	0.01064
4	0.01451	0.01195	0.01111	0.01020	0.01271	0.08610	0.00756	0.08894	0.01800	0.04902	0.06541	0.04921	0.30731	0.16532	0.01392	0.00329	0.00606	0.02959	0.04276	0.00705
5	0.01378	0.00985	0.03328	0.01190	0.01430	0.00883	0.02696	0.01799	0.08913	0.11168	0.06804	0.41278	0.06615	0.01742	0.00859	0.00269	0.00516	0.04534	0.00691	0.02925
6	0.01507	0.01292	0.01507	0.01077	0.01723	0.00969	0.00861	0.01830	0.01507	0.02369	0.01292	0.01507	0.01077	0.00538	0.00538	0.00108	0.00538	0.00431	0.00431	0.78898
7	0.02607	0.01958	0.02093	0.01641	0.02195	0.02181	0.01344	0.57082	0.14086	0.04329	0.01944	0.01903	0.01397	0.00891	0.00729	0.00223	0.00763	0.00682	0.00729	0.01222
8	0.01263	0.00631	0.00947	0.00947	0.00947	0.00631	0.00631	0.00947	0.00947	0.01263	0.01263	0.02210	0.01263	0.02525	0.02841	0.78851	0.00631	0.00631	0.00316	0.00316
9	0.01057	0.00705	0.00793	0.00793	0.00793	0.00705	0.00440	0.01057	0.01057	0.01409	0.02290	0.04757	0.02643	0.74454	0.03700	0.00705	0.00705	0.01057	0.00440	0.00440
10	0.01669	0.05257	0.07592	0.10265	0.03711	0.01872	0.50586	0.02242	0.01637	0.02221	0.01396	0.01881	0.01064	0.00662	0.00892	0.00244	0.04713	0.00786	0.00355	0.00956
11	0.01067	0.04300	0.01076	0.00967	0.01062	0.00868	0.00676	0.01194	0.01181	0.01595	0.02542	0.10079	0.06248	0.35402	0.27792	0.00785	0.01116	0.01039	0.00449	0.00563
12	0.01040	0.00712	0.00863	0.00875	0.00904	0.00729	0.00542	0.01102	0.01130	0.01532	0.04286	0.09831	0.02796	0.55520	0.14478	0.00735	0.00875	0.01097	0.00461	0.00493
13	0.02687	0.06087	0.02124	0.01850	0.02233	0.69014	0.01399	0.02876	0.02039	0.01776	0.01119	0.01306	0.00936	0.00744	0.00648	0.00186	0.01291	0.00465	0.00372	0.00846
14	0.01789	0.02000	0.09807	0.04059	0.57291	0.03965	0.05939	0.02265	0.01659	0.02346	0.01359	0.01766	0.01119	0.00653	0.00722	0.00218	0.00920	0.00643	0.00355	0.01124
15	0.01470	0.03679	0.67695	0.02117	0.03176	0.01695	0.05597	0.02303	0.01543	0.02303	0.01312	0.01554	0.00929	0.00687	0.00698	0.00231	0.01081	0.00552	0.00310	0.01070
16	0.00886	0.00633	0.00843	0.01012	0.01054	0.00590	0.00675	0.01012	0.01392	0.01856	0.04006	0.73979	0.04808	0.02277	0.00928	0.00295	0.00422	0.02066	0.00675	0.00590
17	0.00981	0.00745	0.00905	0.00875	0.01069	0.00669	0.00662	0.01274	0.01917	0.02588	0.47489	0.06028	0.26478	0.01618	0.00864	0.00238	0.00363	0.03820	0.00756	0.00663
18	0.01436	0.04894	0.02346	0.53229	0.04236	0.01742	0.05583	0.01864	0.01414	0.01856	0.01269	0.01891	0.01005	0.00968	0.03650	0.00284	0.10543	0.00649	0.00327	0.00816
19	0.01997	0.01570	0.01638	0.01433	0.01845	0.05080	0.01122	0.08616	0.45835	0.10154	0.10048	0.02838	0.02541	0.01011	0.00746	0.00237	0.00609	0.00835	0.00744	0.01100
20	0.01340	0.00845	0.01096	0.01058	0.01258	0.00800	0.00799	0.05264	0.01915	0.10036	0.34536	0.25071	0.05194	0.01656	0.00867	0.00255	0.00446	0.06055	0.00761	0.00748
21	0.02763	0.02036	0.02182	0.01672	0.02254	0.02254	0.01382	0.67496	0.03418	0.04581	0.01745	0.01745	0.01236	0.00873	0.00727	0.00218	0.00800	0.00654	0.00727	0.01236
22	0.01057	0.00705	0.00793	0.00793	0.00793	0.00705	0.00440	0.01057	0.01057	0.01409	0.02290	0.04757	0.02643	0.74454	0.03700	0.00705	0.00705	0.01057	0.00440	0.00440
23	0.02763	0.02036	0.02182	0.01672	0.02254	0.02254	0.01382	0.67496	0.03418	0.04581	0.01745	0.01745	0.01236	0.00873	0.00727	0.00218	0.00800	0.00654	0.00727	0.01236
24	0.01821	0.56972	0.20657	0.01452	0.02188	0.02577	0.01607	0.02208	0.01492	0.01859	0.01085	0.01259	0.00930	0.00639	0.00523	0.00174	0.00852	0.00426	0.00310	0.00968
25	0.01590	0.01590	0.02226	0.01908	0.01908	0.02226	0.01590	0.01749	0.01113	0.01749	0.00954	0.01590	0.00954	0.01272	0.02385	0.00318	0.73123	0.00636	0.00318	0.00795
26	0.01458	0.03760	0.70688	0.02072	0.03146	0.01688	0.02686	0.02302	0.01535	0.02302	0.01304	0.01535	0.00921	0.00691	0.00691	0.00230	0.01074	0.00537	0.00307	0.01074
27	0.03261	0.01237	0.01687	0.01293	0.01856	0.01068	0.01068	0.03543	0.02081	0.70423	0.02868	0.02474	0.01799	0.00900	0.00731	0.00225	0.00619	0.00731	0.00900	0.01237
28	0.01057	0.00705	0.00793	0.00793	0.00793	0.00705	0.00440	0.01057	0.01057	0.01409	0.02290	0.04757	0.02643	0.74454	0.03700	0.00705	0.00705	0.01057	0.00440	0.00440
29	0.01943	0.74891	0.03809	0.01244	0.01866	0.02876	0.01244	0.02177	0.01477	0.01710	0.01011	0.01166	0.00933	0.00622	0.00466	0.00155	0.00777	0.00389	0.00311	0.00933
30	0.01590	0.01590	0.02226	0.01908	0.01908	0.02226	0.01590	0.01749	0.01113	0.01749	0.00954	0.01590	0.00954	0.01272	0.02385	0.00318	0.73123	0.00636	0.00318	0.00795
31	0.01507	0.01292	0.01507	0.01077	0.01723	0.00969	0.00861	0.01830	0.01507	0.02369	0.01292	0.01507	0.01077	0.00538	0.00538	0.00108	0.00538	0.00431	0.00431	0.78898
32	0.01029	0.00743	0.00972	0.00914	0.01086	0.00686	0.00686	0.01372	0.02058	0.02915	0.69536	0.05430	0.06859	0.01486	0.00857	0.00229	0.00343	0.01315	0.00800	0.00686
33	0.02906	0.01236	0.01608	0.01272	0.01792	0.01119	0.01038	0.03386	0.09781	0.57284	0.03227	0.02852	0.07105	0.00983	0.00742	0.00229	0.00594	0.00804	0.00864	0.01179
34	0.01355	0.00678	0.00678	0.00678	0.00847	0.00678	0.00508	0.01694	0.01524	0.02710	0.02371	0.02710	0.01863	0.00847	0.00508	0.00169	0.00339	0.00678	0.78489	0.00678
35	0.00886	0.00633	0.00843	0.01012	0.01054	0.00590	0.00675	0.01012	0.01392	0.01856	0.04006	0.73979	0.04808	0.02277	0.00928	0.00295	0.00422	0.02066	0.00675	0.00590
36	0.00896	0.00646	0.00850	0.00993	0.01054	0.00599	0.00671	0.01043	0.01456	0.01946	0.09461	0.65765	0.07536	0.02196	0.00919	0.00288	0.00413	0.01984	0.00685	0.00599
37	0.01722	0.00896	0.01194	0.01032	0.01325	0.00805	0.00805	0.02046	0.02065	0.23881	0.48830	0.04512	0.05287	0.01304	0.00818	0.00227	0.00429	0.01133	0.00831	0.00857
38	0.01029	0.00743	0.00972	0.00914	0.01086	0.00686	0.00686	0.01372	0.02058	0.02915	0.69536	0.05430	0.06859	0.01486	0.00857	0.00229	0.00343	0.01315	0.00800	0.00686
39	0.02763	0.02036	0.02182	0.01672	0.02254	0.02254	0.01382	0.67496	0.03418	0.04581	0.01745	0.01745	0.01236	0.00873	0.00727	0.00218	0.00800	0.00654	0.00727	0.01236
40	0.02727	0.02018	0.02161	0.01665	0.02240	0.02237	0.01373	0.65082	0.05890	0.04523	0.01791	0.01782	0.01273	0.00877	0.00728	0.00219	0.00791	0.00661	0.00728	0.01233
41	0.01782	0.01891	0.05390	0.17056	0.45204	0.07952	0.05822	0.02228	0.01652	0.02218	0.01335	0.01781	0.01086	0.00671	0.00722	0.00221	0.00952	0.00639	0.00353	0.01046
42	0.01943	0.74891	0.03809	0.01244	0.01866	0.02876	0.01244	0.02177	0.01477	0.01710	0.01011	0.01166	0.00933	0.00622	0.00466	0.00155	0.00777	0.00389	0.00311	0.00933
43	0.01589	0.18315	0.50701	0.02116	0.08923	0.01938	0.02346	0.02270	0.01534	0.02186	0.01249	0.01482	0.00944	0.00672	0.00647	0.00213	0.00994	0.00516	0.00313	0.01052
44	0.01653	0.17349	0.19298	0.04943	0.03070	0.01972	0.29121	0.02198	0.01582	0.02139	0.01439	0.02032	0.01188	0.00749	0.00817	0.00232	0.04599	0.04306	0.00355	0.00959
45	0.01507	0.01292	0.01507	0.01077	0.01723	0.00969	0.00861	0.01830	0.01507	0.02369	0.01292	0.01507	0.01077	0.00538	0.00538	0.00108	0.00538	0.00431	0.00431	0.78898
46	0.00871	0.00728	0.00759	0.00770	0.00994	0.00616	0.00571	0.01060	0.01658	0.02011	0.10778	0.12597	0.60380	0.01857	0.00865	0.00249	0.00371	0.01566	0.00682	0.00616
47	0.02625	0.06665	0.02211	0.01988	0.06499	0.57557	0.01447	0.08669	0.02129	0.02067	0.01190	0.01374	0.00977	0.00748	0.00657	0.00190	0.01211	0.00493	0.00402	0.00902
48	0.01607	0.01559	0.02516	0.40142	0.33567	0.04071	0.02091	0.02058	0.01563	0.02083	0.01319	0.01855	0.01048	0.00693	0.00721	0.00229	0.00934	0.00641	0.00341	0.00961
49	0.01057	0.00705	0.00793	0.00793	0.00793	0.00705	0.00440	0.01057	0.01057	0.01409	0.02290	0.04757	0.02643	0.74454	0.03700	0.00705	0.00705	0.01057	0.00440	0.00440
50	0.01225	0.00790	0.01014	0.00931	0.01148	0.00715	0.00708	0.01544	0.02015	0.09313	0.56137	0.05321	0.13412	0.01469	0.00845	0.00230	0.00372	0.01283	0.00796	0.00731
51	0.01960	0.65681	0.09372	0.01316	0.01974	0.02697	0.01358	0.02246	0.01508	0.04741	0.01116	0.01254	0.00969	0.00640	0.00497	0.00165	0.00796	0.00416	0.00336	0.00958
52	0.00912	0.00648	0.00855	0.01011	0.01055	0.00611	0.00680	0.01039	0.01379	0.01836	0.03866	0.65517	0.04611	0.07859	0.01146	0.00329	0.00455	0.04953	0.00656	0.00583
53	0.01072	0.00713	0.00836	0.00836	0.00862	0.00730	0.00506	0.01125	0.01098	0.01520	0.02250	0.04390	0.02490	0.61195	0.12456	0.00735	0.00848	0.00999	0.04859	0.00481
54	0.02638	0.05946	0.02136	0.01843	0.02218	0.63153	0.01406	0.05376	0.02050	0.01886	0.01136	0.01335	0.00949	0.00773	0.00729	0.00193	0.04508	0.00480	0.00384	0.00859
55	0.05408	0.01507	0.01610	0.01401	0.01836	0.01665	0.01110	0.11566	0.43550	0.06358	0.02904	0.02915	0.05858	0.01020	0.00731	0.00237	0.00596	0.03512	0.00709	0.05507
56	0.05957	0.12163	0.02240	0.01745	0.02164	0.56573	0.01357	0.05962	0.02019	0.01973	0.01135	0.01309	0.00944	0.00736	0.00627	0.00186	0.01187	0.00464	0.00387	0.00871
57	0.01702	0.01729	0.03233	0.15027	0.34809	0.01749	0.24070	0.02257	0.03856	0.02297	0.01442	0.01906	0.01141	0.00660	0.00768	0.00231	0.00993	0.00724	0.00369	0.01038
58	0.00886	0.00633	0.00843	0.01012	0.01054	0.00590	0.00675	0.01012	0.01392	0.01856	0.04006	0.73979	0.04808	0.02277	0.00928	0.00295	0.00422	0.02066	0.00675	0.00590
59	0.01507	0.01292	0.01507	0.01077	0.01723	0.00969	0.00861	0.01830	0.01507	0.02369	0.01292	0.01507	0.01077	0.00538	0.00538	0.00108	0.00538	0.00431	0.00431	0.78898

[dist]
# distance from previous block
# <min> <max>
0	3

[block]
# block no. 3 follows, 28 sequences, length 25
# corresponding to MSA columns:
# 190-214
name=unknown_D
#
# <colnr> <probs for GDERKNQSTAVLIFYWHMCP>
#	G	D	E	R	K	N	Q	S	T	A	V	L	I	F	Y	W	H	M	C	P
0	0.02614	0.03252	0.02013	0.01829	0.02207	0.63749	0.01376	0.03010	0.09491	0.01920	0.01329	0.01467	0.01080	0.00776	0.00665	0.00194	0.01229	0.00508	0.00415	0.00877
1	0.02008	0.69003	0.03671	0.01287	0.01897	0.05730	0.01256	0.04802	0.01579	0.01827	0.01044	0.01195	0.00945	0.00637	0.00485	0.00159	0.00801	0.00403	0.00330	0.00941
2	0.79588	0.01406	0.01068	0.00956	0.01406	0.01631	0.00787	0.02137	0.01237	0.03261	0.01012	0.01181	0.00787	0.00675	0.00450	0.00225	0.00562	0.00394	0.00450	0.00787
3	0.02844	0.01402	0.01733	0.01369	0.01892	0.01370	0.01117	0.15010	0.11978	0.45244	0.06157	0.02531	0.02023	0.00938	0.00738	0.00227	0.00631	0.00761	0.00840	0.01196
4	0.01171	0.00837	0.01171	0.01339	0.01506	0.00837	0.01171	0.01506	0.01673	0.02175	0.03849	0.08199	0.04183	0.02008	0.01004	0.00335	0.00669	0.65027	0.00669	0.00669
5	0.01943	0.74891	0.03809	0.01244	0.01866	0.02876	0.01244	0.02177	0.01477	0.01710	0.01011	0.01166	0.00933	0.00622	0.00466	0.00155	0.00777	0.00389	0.00311	0.00933
6	0.01507	0.01292	0.01507	0.01077	0.01723	0.00969	0.00861	0.01830	0.01507	0.02369	0.01292	0.01507	0.01077	0.00538	0.00538	0.00108	0.00538	0.00431	0.00431	0.78898
7	0.01891	0.01901	0.02861	0.04203	0.63145	0.08716	0.02148	0.02298	0.01696	0.02315	0.01343	0.01750	0.01130	0.00658	0.00713	0.00213	0.00908	0.00630	0.00361	0.01121
8	0.00890	0.00746	0.00780	0.00797	0.01035	0.00636	0.00615	0.01090	0.01659	0.01985	0.07010	0.07117	0.63045	0.01858	0.00874	0.00254	0.00398	0.07917	0.00674	0.00619
9	0.01103	0.00803	0.01017	0.01098	0.01225	0.00775	0.00783	0.07039	0.01599	0.02146	0.03671	0.59420	0.04275	0.02054	0.00898	0.00283	0.00479	0.06507	0.00668	0.04157
10	0.01799	0.01727	0.02950	0.04462	0.69919	0.01727	0.02231	0.02231	0.01655	0.02375	0.01367	0.01799	0.01151	0.00648	0.00720	0.00216	0.00864	0.00648	0.00360	0.01151
11	0.01490	0.01446	0.02025	0.01766	0.01785	0.01981	0.01455	0.01664	0.01173	0.01802	0.04240	0.05245	0.01464	0.01647	0.07523	0.00378	0.61041	0.00744	0.00362	0.00770
12	0.01070	0.00793	0.01096	0.01081	0.01162	0.00904	0.00788	0.01241	0.01130	0.01600	0.02012	0.03415	0.02045	0.27693	0.46267	0.00978	0.04873	0.00863	0.00403	0.00588
13	0.00925	0.00663	0.00879	0.00985	0.01063	0.00617	0.00678	0.01111	0.01575	0.02148	0.22077	0.55076	0.05373	0.02059	0.00908	0.00277	0.00400	0.01859	0.00709	0.00617
14	0.00892	0.00638	0.00850	0.01008	0.01056	0.00595	0.00675	0.01029	0.01423	0.01906	0.07111	0.70732	0.04905	0.02240	0.00924	0.00292	0.00418	0.02031	0.00681	0.00595
15	0.00996	0.00724	0.00938	0.00922	0.01075	0.00666	0.00677	0.01295	0.01926	0.02690	0.55428	0.17029	0.09638	0.01637	0.00869	0.00241	0.00357	0.01452	0.00773	0.00666
16	0.01590	0.01590	0.02226	0.01908	0.01908	0.02226	0.01590	0.01749	0.01113	0.01749	0.00954	0.01590	0.00954	0.01272	0.02385	0.00318	0.73123	0.00636	0.00318	0.00795
17	0.01943	0.74891	0.03809	0.01244	0.01866	0.02876	0.01244	0.02177	0.01477	0.01710	0.01011	0.01166	0.00933	0.00622	0.00466	0.00155	0.00777	0.00389	0.00311	0.00933
18	0.10242	0.06189	0.01991	0.01798	0.05232	0.52406	0.01319	0.02647	0.01873	0.01984	0.01201	0.01433	0.01004	0.00937	0.03668	0.00232	0.01181	0.00487	0.03335	0.00841
19	0.01625	0.01988	0.09475	0.02765	0.03472	0.01710	0.55215	0.02230	0.01735	0.02385	0.08300	0.02274	0.01666	0.00707	0.00844	0.00242	0.01124	0.00877	0.00406	0.00959
20	0.01889	0.58181	0.16282	0.01429	0.02124	0.05880	0.01522	0.02234	0.01515	0.01825	0.01071	0.01242	0.00931	0.00641	0.00517	0.00171	0.00858	0.00420	0.00313	0.00955
21	0.45240	0.04366	0.01312	0.01040	0.01479	0.01438	0.00856	0.05068	0.01608	0.15703	0.08603	0.02177	0.04758	0.00862	0.00576	0.00222	0.00555	0.00619	0.02641	0.00876
22	0.02065	0.04693	0.01822	0.01347	0.01900	0.01575	0.01093	0.23243	0.12159	0.07912	0.01920	0.05424	0.01528	0.00828	0.00659	0.00183	0.00638	0.00661	0.00612	0.29739
23	0.01822	0.01296	0.01584	0.01342	0.01724	0.01308	0.03818	0.15697	0.13695	0.10330	0.05985	0.20483	0.02689	0.04562	0.00905	0.00254	0.00606	0.01081	0.00675	0.10146
24	0.01546	0.08278	0.63318	0.02010	0.03024	0.04928	0.02536	0.02321	0.01555	0.02241	0.01278	0.01501	0.00922	0.00689	0.00675	0.00223	0.01066	0.00525	0.00310	0.01055

[dist]
# distance from previous block
# <min> <max>
0	1

[block]
# block no. 4 follows, 28 sequences, length 15
# corresponding to MSA columns:
# 216-230
name=unknown_E
#
# <colnr> <probs for GDERKNQSTAVLIFYWHMCP>
#	G	D	E	R	K	N	Q	S	T	A	V	L	I	F	Y	W	H	M	C	P
0	0.01624	0.01548	0.02634	0.32522	0.43229	0.01681	0.02144	0.02077	0.01572	0.02162	0.01336	0.01856	0.01076	0.00680	0.00723	0.00227	0.00907	0.00647	0.00345	0.01010
1	0.02992	0.01331	0.01704	0.01343	0.01881	0.01251	0.01098	0.06735	0.13337	0.55857	0.02828	0.02478	0.01842	0.00913	0.00732	0.00228	0.00620	0.00743	0.00864	0.01222
2	0.02263	0.01870	0.04278	0.01578	0.02084	0.04398	0.01297	0.27987	0.35841	0.06850	0.02370	0.02242	0.01734	0.00920	0.00730	0.00232	0.00706	0.00731	0.00715	0.01174
3	0.06367	0.01688	0.02804	0.07439	0.62850	0.01716	0.02136	0.02208	0.01621	0.02403	0.01343	0.01769	0.01121	0.00653	0.00704	0.00218	0.00851	0.00633	0.00363	0.01114
4	0.01022	0.00813	0.00918	0.00919	0.01121	0.00766	0.00679	0.01429	0.08873	0.02250	0.19499	0.16205	0.33612	0.05264	0.00999	0.00275	0.00419	0.03563	0.00697	0.00677
5	0.00886	0.00633	0.00843	0.01012	0.01054	0.00590	0.00675	0.01012	0.01392	0.01856	0.04006	0.73979	0.04808	0.02277	0.00928	0.00295	0.00422	0.02066	0.00675	0.00590
6	0.02383	0.01715	0.01813	0.01513	0.01996	0.05162	0.01207	0.20384	0.35455	0.16436	0.02535	0.02345	0.01819	0.00928	0.00731	0.00232	0.00678	0.00743	0.00750	0.01175
7	0.05302	0.11249	0.60160	0.01929	0.02925	0.01812	0.02439	0.02281	0.01514	0.02285	0.01259	0.01478	0.00916	0.00682	0.00655	0.00222	0.01018	0.00514	0.00314	0.01045
8	0.01171	0.00837	0.01171	0.01339	0.01506	0.00837	0.01171	0.01506	0.01673	0.02175	0.03849	0.08199	0.04183	0.02008	0.01004	0.00335	0.00669	0.65027	0.00669	0.00669
9	0.01431	0.01352	0.02286	0.63360	0.13897	0.01630	0.02048	0.01908	0.01481	0.01928	0.01302	0.01919	0.00994	0.00716	0.00726	0.00239	0.00955	0.00646	0.00328	0.00855
10	0.02749	0.02461	0.02145	0.01732	0.02252	0.22883	0.01388	0.48263	0.03013	0.03747	0.01560	0.01616	0.01147	0.00836	0.00706	0.00209	0.00952	0.00599	0.00622	0.01119
11	0.01968	0.01567	0.01935	0.01629	0.02093	0.01725	0.08292	0.03659	0.53590	0.10847	0.02787	0.02603	0.02049	0.00936	0.00751	0.00244	0.00651	0.00815	0.00718	0.01142
12	0.01057	0.00705	0.00793	0.00793	0.00793	0.00705	0.00440	0.01057	0.01057	0.01409	0.02290	0.04757	0.02643	0.74454	0.03700	0.00705	0.00705	0.01057	0.00440	0.00440
13	0.79588	0.01406	0.01068	0.00956	0.01406	0.01631	0.00787	0.02137	0.01237	0.03261	0.01012	0.01181	0.00787	0.00675	0.00450	0.00225	0.00562	0.00394	0.00450	0.00787
14	0.02373	0.01799	0.01931	0.01557	0.02052	0.10870	0.04997	0.22341	0.09434	0.16229	0.02166	0.08956	0.01734	0.00959	0.00727	0.00216	0.00768	0.00788	0.00657	0.09446

[dist]
# distance from previous block
# <min> <max>
0	1

[block]
# block no. 5 follows, 28 sequences, length 17
# corresponding to MSA columns:
# 232-248
name=unknown_F
#
# <colnr> <probs for GDERKNQSTAVLIFYWHMCP>
#	G	D	E	R	K	N	Q	S	T	A	V	L	I	F	Y	W	H	M	C	P
0	0.01846	0.48918	0.16283	0.01376	0.02038	0.02387	0.01458	0.06540	0.01623	0.02116	0.01252	0.01429	0.01043	0.00674	0.00531	0.00175	0.00793	0.00464	0.08097	0.00955
1	0.01450	0.00769	0.00779	0.00744	0.00941	0.00783	0.00567	0.06113	0.01652	0.02836	0.02329	0.02645	0.01821	0.00849	0.00523	0.00173	0.00370	0.00676	0.73266	0.00715
2	0.01833	0.01965	0.03056	0.11077	0.03172	0.11322	0.31044	0.07379	0.01751	0.02257	0.01457	0.05171	0.01224	0.00853	0.01060	0.00249	0.13038	0.00783	0.00398	0.00912
3	0.00910	0.00661	0.00863	0.01007	0.01082	0.00614	0.00700	0.01065	0.01463	0.01931	0.06942	0.60418	0.10650	0.02187	0.00924	0.00291	0.00432	0.06576	0.00679	0.00602
4	0.00883	0.00642	0.00834	0.00987	0.01048	0.00592	0.00664	0.01015	0.01415	0.01865	0.04307	0.67981	0.10612	0.02238	0.00922	0.00291	0.00417	0.02019	0.00675	0.00592
5	0.01355	0.00678	0.00678	0.00678	0.00847	0.00678	0.00508	0.01694	0.01524	0.02710	0.02371	0.02710	0.01863	0.00847	0.00508	0.00169	0.00339	0.00678	0.78489	0.00678
6	0.01006	0.00846	0.00865	0.00842	0.01088	0.00784	0.00624	0.01428	0.10702	0.02060	0.06311	0.06213	0.54465	0.08228	0.01097	0.00287	0.00426	0.01395	0.00663	0.00671
7	0.02715	0.03464	0.02060	0.01873	0.02247	0.71536	0.01404	0.02903	0.02060	0.01779	0.01124	0.01311	0.00936	0.00749	0.00655	0.00187	0.01311	0.00468	0.00375	0.00843
8	0.02763	0.02036	0.02182	0.01672	0.02254	0.02254	0.01382	0.67496	0.03418	0.04581	0.01745	0.01745	0.01236	0.00873	0.00727	0.00218	0.00800	0.00654	0.00727	0.01236
9	0.02588	0.01919	0.02065	0.01619	0.02156	0.02122	0.01323	0.59600	0.06996	0.04318	0.01960	0.06445	0.01522	0.00969	0.00741	0.00225	0.00763	0.00755	0.00725	0.01190
10	0.01698	0.05472	0.05530	0.05027	0.18832	0.01707	0.32067	0.02184	0.01656	0.04222	0.04182	0.04911	0.01484	0.00756	0.00831	0.00230	0.03355	0.00804	0.00405	0.04647
11	0.12047	0.48961	0.15176	0.01386	0.02033	0.02470	0.01456	0.02172	0.01437	0.02021	0.01060	0.01255	0.00913	0.00674	0.00601	0.00186	0.04465	0.00428	0.00329	0.00932
12	0.54740	0.01746	0.12004	0.03973	0.01874	0.01568	0.01166	0.02329	0.01398	0.11557	0.01303	0.01429	0.00943	0.00708	0.00534	0.00226	0.00665	0.00468	0.00480	0.00890
13	0.01946	0.03736	0.02156	0.04204	0.08239	0.07215	0.09423	0.13950	0.01986	0.08912	0.03553	0.10650	0.03342	0.01026	0.00803	0.00223	0.03166	0.04090	0.00552	0.10827
14	0.03391	0.01045	0.07670	0.00967	0.01237	0.00784	0.00820	0.01330	0.01729	0.02368	0.30965	0.09786	0.26098	0.07360	0.01060	0.00276	0.00463	0.01310	0.00664	0.00678
15	0.01592	0.12005	0.42242	0.02347	0.13975	0.01912	0.02289	0.02203	0.01493	0.02169	0.01233	0.01540	0.00965	0.00750	0.00885	0.00230	0.10267	0.00550	0.00318	0.01034
16	0.01629	0.01662	0.02212	0.10152	0.02288	0.06099	0.01630	0.01828	0.01207	0.01764	0.01003	0.01615	0.00955	0.01179	0.02094	0.00302	0.60634	0.00628	0.00322	0.00799

[dist]
# distance from previous block
# <min> <max>
0	1

[block]
# block no. 6 follows, 28 sequences, length 10
# corresponding to MSA columns:
# 250-259
name=unknown_G
#
# <colnr> <probs for GDERKNQSTAVLIFYWHMCP>
#	G	D	E	R	K	N	Q	S	T	A	V	L	I	F	Y	W	H	M	C	P
0	0.01802	0.26461	0.23861	0.01534	0.02245	0.03933	0.03700	0.02261	0.01639	0.08801	0.08140	0.01896	0.01622	0.00751	0.00626	0.00192	0.00818	0.00582	0.00431	0.08705
1	0.02579	0.07417	0.02125	0.01776	0.02172	0.56624	0.01365	0.09143	0.02109	0.02046	0.01225	0.01432	0.01016	0.01020	0.04662	0.00244	0.01265	0.00499	0.00406	0.00876
2	0.01356	0.01132	0.01346	0.01061	0.01560	0.00877	0.00816	0.01631	0.01479	0.02244	0.01952	0.19126	0.01984	0.00961	0.00633	0.00153	0.00510	0.00828	0.00490	0.59860
3	0.01263	0.00631	0.00947	0.00947	0.00947	0.00631	0.00631	0.00947	0.00947	0.01263	0.01263	0.02210	0.01263	0.02525	0.02841	0.78851	0.00631	0.00631	0.00316	0.00316
4	0.02719	0.01563	0.08519	0.01388	0.01956	0.01286	0.01235	0.14154	0.02254	0.43928	0.10832	0.02624	0.02246	0.00947	0.00742	0.00225	0.00661	0.00771	0.00799	0.01152
5	0.02046	0.01387	0.01579	0.01295	0.01696	0.01408	0.01004	0.29219	0.02281	0.10655	0.02308	0.15549	0.02148	0.12203	0.01188	0.00292	0.00660	0.00954	0.00653	0.11475
6	0.01144	0.00828	0.01181	0.01112	0.01240	0.00911	0.03899	0.01364	0.01220	0.01811	0.02043	0.03225	0.01968	0.21708	0.37566	0.00821	0.03812	0.00832	0.12693	0.00622
7	0.01707	0.01560	0.02497	0.03585	0.51544	0.01562	0.01898	0.06484	0.01777	0.02464	0.02247	0.02956	0.08399	0.00919	0.00762	0.00231	0.00790	0.07116	0.00447	0.01055
8	0.02355	0.01827	0.01908	0.01519	0.02058	0.05307	0.01226	0.34616	0.19024	0.07421	0.02005	0.01965	0.01470	0.00843	0.00697	0.00206	0.00718	0.00655	0.00675	0.13505
9	0.09577	0.34991	0.07297	0.01355	0.01911	0.11125	0.01259	0.08622	0.01794	0.06132	0.04918	0.01854	0.04858	0.00794	0.00584	0.00190	0.00796	0.00560	0.00449	0.00935

[dist]
# distance from previous block
# <min> <max>
0	8

[block]
# block no. 7 follows, 28 sequences, length 139
# corresponding to MSA columns:
# 268-406
name=unknown_H
#
# <colnr> <probs for GDERKNQSTAVLIFYWHMCP>
#	G	D	E	R	K	N	Q	S	T	A	V	L	I	F	Y	W	H	M	C	P
0	0.00974	0.00728	0.00994	0.01204	0.05083	0.00679	0.00764	0.01128	0.01421	0.01923	0.05869	0.62061	0.04438	0.04893	0.01006	0.00297	0.00460	0.01858	0.00642	0.03580
1	0.57972	0.03874	0.05420	0.14403	0.02193	0.01671	0.01142	0.02096	0.01302	0.02894	0.01081	0.01342	0.00834	0.00684	0.00516	0.00226	0.00675	0.00449	0.00413	0.00812
2	0.07705	0.00910	0.00973	0.04360	0.01251	0.00995	0.00726	0.06147	0.01601	0.02782	0.02086	0.02420	0.01639	0.00854	0.00638	0.00189	0.04660	0.00649	0.58678	0.00737
3	0.01471	0.00803	0.00967	0.00899	0.01009	0.00769	0.00572	0.01531	0.01269	0.14650	0.02485	0.07704	0.02587	0.56836	0.02996	0.00593	0.00674	0.01044	0.00540	0.00600
