[name]
unknown

[dist]
# distance from previous block
# <min> <max>
12	79

[block]
# block no. 0 follows, 31 sequences, length 142
# corresponding to MSA columns:
# 103-244
name=unknown_A
#
# <colnr> <probs for GDERKNQSTAVLIFYWHMCP>
#	G	D	E	R	K	N	Q	S	T	A	V	L	I	F	Y	W	H	M	C	P
0	0.01686	0.01682	0.06416	0.01693	0.06463	0.05308	0.11288	0.11843	0.07293	0.02519	0.01652	0.03918	0.03092	0.00703	0.00637	0.00172	0.00725	0.00619	0.00459	0.31832
1	0.01770	0.01653	0.02151	0.05615	0.04959	0.09135	0.15231	0.16521	0.07140	0.02610	0.05839	0.09882	0.01814	0.00885	0.00706	0.00205	0.00784	0.00799	0.00507	0.11792
2	0.01405	0.01457	0.06576	0.03827	0.12170	0.04432	0.05263	0.01789	0.03913	0.02090	0.01916	0.14901	0.03947	0.00918	0.00706	0.00186	0.02949	0.00801	0.00434	0.30321
3	0.01891	0.05466	0.02274	0.09380	0.19516	0.23813	0.06243	0.02394	0.09372	0.02051	0.01360	0.01611	0.01096	0.00667	0.00640	0.00188	0.00907	0.00554	0.00386	0.10191
4	0.01715	0.01692	0.04690	0.02796	0.30275	0.03778	0.14372	0.02511	0.18043	0.04375	0.01689	0.01902	0.01314	0.00682	0.00690	0.00207	0.00800	0.00664	0.00444	0.07359
5	0.01876	0.03826	0.01691	0.01470	0.04977	0.01624	0.01113	0.10139	0.45147	0.09090	0.02541	0.02389	0.03798	0.00878	0.00675	0.00214	0.00578	0.00723	0.00657	0.06594
6	0.55602	0.01354	0.01298	0.06116	0.06192	0.01507	0.00951	0.04642	0.04482	0.02879	0.01129	0.01315	0.00880	0.00644	0.00488	0.00202	0.00580	0.00433	0.00431	0.08873
7	0.01141	0.00738	0.00970	0.00890	0.01082	0.00675	0.00675	0.01459	0.01938	0.08449	0.65688	0.04882	0.06064	0.01353	0.00797	0.00215	0.00344	0.01192	0.00761	0.00688
8	0.00826	0.00694	0.00718	0.00712	0.00935	0.00585	0.00534	0.01016	0.01601	0.01948	0.14089	0.06420	0.64191	0.01696	0.00808	0.00229	0.00344	0.01421	0.00648	0.00585
9	0.00897	0.00697	0.00816	0.00786	0.00978	0.00615	0.00590	0.01153	0.01769	0.02345	0.42661	0.05766	0.35370	0.01547	0.00808	0.00222	0.00333	0.01329	0.00701	0.00615
10	0.00830	0.00694	0.00723	0.00715	0.00937	0.00587	0.00537	0.01023	0.01610	0.01968	0.15521	0.06387	0.62746	0.01688	0.00808	0.00229	0.00343	0.01416	0.00651	0.00587
11	0.80789	0.01323	0.01006	0.00900	0.01323	0.01535	0.00741	0.02011	0.01164	0.03070	0.00953	0.01111	0.00741	0.00635	0.00423	0.00212	0.00529	0.00370	0.00423	0.00741
12	0.24558	0.01208	0.01427	0.01129	0.01629	0.01152	0.00932	0.02968	0.01739	0.53059	0.02216	0.01992	0.01430	0.00788	0.00615	0.00212	0.00568	0.00600	0.00730	0.01047
13	0.80789	0.01323	0.01006	0.00900	0.01323	0.01535	0.00741	0.02011	0.01164	0.03070	0.00953	0.01111	0.00741	0.00635	0.00423	0.00212	0.00529	0.00370	0.00423	0.00741
14	0.00834	0.00595	0.00794	0.00953	0.00992	0.00556	0.00635	0.00953	0.01310	0.01746	0.03771	0.75510	0.04525	0.02143	0.00873	0.00278	0.00397	0.01945	0.00635	0.00556
15	0.03048	0.01199	0.01609	0.01233	0.01764	0.01056	0.01019	0.06348	0.02016	0.69068	0.02651	0.02297	0.01669	0.00846	0.00688	0.00211	0.00590	0.00685	0.00839	0.01164
16	0.80789	0.01323	0.01006	0.00900	0.01323	0.01535	0.00741	0.02011	0.01164	0.03070	0.00953	0.01111	0.00741	0.00635	0.00423	0.00212	0.00529	0.00370	0.00423	0.00741
17	0.00834	0.00595	0.00794	0.00953	0.00992	0.00556	0.00635	0.00953	0.01310	0.01746	0.03771	0.75510	0.04525	0.02143	0.00873	0.00278	0.00397	0.01945	0.00635	0.00556
18	0.03048	0.01199	0.01609	0.01234	0.01764	0.01057	0.01019	0.06360	0.02016	0.69055	0.02651	0.02297	0.01669	0.00846	0.00688	0.00211	0.00590	0.00685	0.00839	0.01164
19	0.03070	0.01164	0.01588	0.01217	0.01746	0.01006	0.01006	0.03334	0.01958	0.72163	0.02699	0.02329	0.01694	0.00847	0.00688	0.00212	0.00582	0.00688	0.00847	0.01164
20	0.03070	0.01164	0.01588	0.01217	0.01746	0.01006	0.01006	0.03334	0.01958	0.72163	0.02699	0.02329	0.01694	0.00847	0.00688	0.00212	0.00582	0.00688	0.00847	0.01164
21	0.01693	0.01548	0.01504	0.01361	0.01731	0.07477	0.01053	0.03327	0.58754	0.02675	0.03008	0.02799	0.08098	0.00981	0.00700	0.00227	0.00581	0.00805	0.00663	0.01015
22	0.01390	0.01354	0.02203	0.45052	0.06811	0.01713	0.05346	0.01756	0.01291	0.01762	0.01130	0.01719	0.00922	0.00833	0.01170	0.00249	0.23595	0.00616	0.00306	0.00780
23	0.00834	0.00595	0.00794	0.00953	0.00992	0.00556	0.00635	0.00953	0.01310	0.01746	0.03771	0.75510	0.04525	0.02143	0.00873	0.00278	0.00397	0.01945	0.00635	0.00556
24	0.01945	0.02210	0.02346	0.07207	0.02506	0.28670	0.15906	0.02556	0.14681	0.02012	0.01443	0.01696	0.01148	0.00791	0.00917	0.00220	0.11855	0.00618	0.00405	0.00867
25	0.02673	0.01741	0.01937	0.01492	0.02030	0.01869	0.01230	0.53150	0.05077	0.18821	0.01905	0.01819	0.01306	0.00830	0.00686	0.00208	0.00710	0.00636	0.00720	0.01161
26	0.01735	0.20328	0.23206	0.02027	0.08826	0.07784	0.13318	0.05243	0.01603	0.04230	0.01359	0.04849	0.01126	0.00705	0.00639	0.00200	0.00915	0.00604	0.00360	0.00943
27	0.07463	0.02735	0.01906	0.12207	0.04489	0.53840	0.01383	0.02552	0.03921	0.01830	0.01134	0.01365	0.00920	0.00701	0.00618	0.00189	0.01107	0.00475	0.00360	0.00803
28	0.00878	0.00744	0.00794	0.03069	0.01090	0.00662	0.00600	0.01150	0.04554	0.01975	0.12792	0.06118	0.59924	0.01633	0.00800	0.00229	0.00371	0.01369	0.00639	0.00612
29	0.01419	0.01216	0.01419	0.01013	0.01621	0.00912	0.00811	0.01723	0.01419	0.02229	0.01216	0.01419	0.01013	0.00507	0.00507	0.00101	0.00507	0.00405	0.00405	0.80139
30	0.00995	0.00663	0.00746	0.00746	0.00746	0.00663	0.00415	0.00995	0.00995	0.01327	0.02156	0.04477	0.02487	0.75957	0.03482	0.00663	0.00663	0.00995	0.00415	0.00415
31	0.00841	0.00605	0.00798	0.00938	0.00992	0.00562	0.00632	0.00974	0.01356	0.01810	0.07947	0.68893	0.06950	0.02084	0.00867	0.00272	0.00391	0.01885	0.00642	0.00562
32	0.00838	0.00602	0.00795	0.00941	0.00991	0.00560	0.00632	0.00966	0.01340	0.01786	0.06360	0.70834	0.06612	0.02103	0.00869	0.00274	0.00393	0.01904	0.00639	0.00560
33	0.00843	0.00603	0.00802	0.00946	0.00994	0.00562	0.00636	0.00976	0.01353	0.01815	0.08407	0.70679	0.04657	0.02092	0.00869	0.00274	0.00392	0.01896	0.00643	0.00562
34	0.01372	0.03539	0.72412	0.01950	0.02961	0.01589	0.02528	0.02167	0.01444	0.02167	0.01228	0.01444	0.00867	0.00650	0.00650	0.00217	0.01011	0.00506	0.00289	0.01011
35	0.02971	0.01323	0.01686	0.01293	0.01826	0.01241	0.01068	0.17275	0.02224	0.57847	0.02476	0.02184	0.01582	0.00841	0.00687	0.00210	0.00618	0.00673	0.00813	0.01164
36	0.02601	0.01916	0.02053	0.01574	0.02122	0.02122	0.01300	0.69408	0.03217	0.04312	0.01643	0.01643	0.01163	0.00821	0.00684	0.00205	0.00753	0.00616	0.00684	0.01163
37	0.01851	0.74123	0.03534	0.01189	0.01767	0.04872	0.01175	0.02070	0.01407	0.01612	0.00954	0.01102	0.00878	0.00589	0.00444	0.00147	0.00747	0.00368	0.00294	0.00875
38	0.34971	0.03941	0.01436	0.01098	0.01586	0.01325	0.00913	0.05148	0.01657	0.38761	0.01880	0.01759	0.01253	0.00749	0.00570	0.00209	0.00572	0.00543	0.00647	0.00980
39	0.00968	0.00699	0.00914	0.00861	0.01022	0.00646	0.00646	0.01291	0.01937	0.02743	0.71328	0.05110	0.06455	0.01399	0.00807	0.00215	0.00323	0.01237	0.00753	0.00646
40	0.80789	0.01323	0.01006	0.00900	0.01323	0.01535	0.00741	0.02011	0.01164	0.03070	0.00953	0.01111	0.00741	0.00635	0.00423	0.00212	0.00529	0.00370	0.00423	0.00741
41	0.80789	0.01323	0.01006	0.00900	0.01323	0.01535	0.00741	0.02011	0.01164	0.03070	0.00953	0.01111	0.00741	0.00635	0.00423	0.00212	0.00529	0.00370	0.00423	0.00741
42	0.01292	0.01216	0.02052	0.74312	0.04712	0.01520	0.01900	0.01748	0.01368	0.01748	0.01216	0.01824	0.00912	0.00684	0.00684	0.00228	0.00912	0.00608	0.00304	0.00760
43	0.00968	0.00699	0.00914	0.00861	0.01022	0.00646	0.00646	0.01291	0.01937	0.02743	0.71328	0.05110	0.06455	0.01399	0.00807	0.00215	0.00323	0.01237	0.00753	0.00646
44	0.01292	0.01216	0.02052	0.74312	0.04712	0.01520	0.01900	0.01748	0.01368	0.01748	0.01216	0.01824	0.00912	0.00684	0.00684	0.00228	0.00912	0.00608	0.00304	0.00760
45	0.01862	0.01549	0.01637	0.01425	0.01840	0.01777	0.01122	0.15373	0.58454	0.03121	0.02581	0.02390	0.01923	0.00909	0.00694	0.00227	0.00579	0.00745	0.00694	0.01097
46	0.01829	0.76368	0.03585	0.01171	0.01756	0.02707	0.01171	0.02049	0.01390	0.01610	0.00951	0.01097	0.00878	0.00585	0.00439	0.00146	0.00732	0.00366	0.00293	0.00878
47	0.01059	0.00880	0.00974	0.00971	0.03248	0.03093	0.00692	0.03444	0.03778	0.02240	0.26488	0.10356	0.31590	0.04166	0.00881	0.00237	0.00422	0.01255	0.00642	0.03585
48	0.00968	0.00699	0.00914	0.00861	0.01022	0.00646	0.00646	0.01291	0.01937	0.02743	0.71328	0.05110	0.06455	0.01399	0.00807	0.00215	0.00323	0.01237	0.00753	0.00646
49	0.01849	0.68179	0.06486	0.01258	0.01863	0.02566	0.03304	0.02105	0.01420	0.04256	0.01041	0.01181	0.00912	0.00597	0.00469	0.00154	0.00751	0.00397	0.00315	0.00896
50	0.77971	0.04002	0.01098	0.00909	0.01339	0.01577	0.00756	0.02012	0.01172	0.03017	0.00953	0.01111	0.00746	0.00633	0.00424	0.00209	0.00536	0.00370	0.00419	0.00746
51	0.00992	0.00674	0.00799	0.00799	0.00817	0.00692	0.00480	0.01029	0.01011	0.01366	0.02107	0.04209	0.02371	0.65362	0.13918	0.00729	0.00838	0.00956	0.00407	0.00444
52	0.00953	0.00729	0.00898	0.04282	0.01189	0.00724	0.00684	0.01246	0.07642	0.01804	0.03828	0.44379	0.14372	0.12523	0.01214	0.00319	0.00464	0.01561	0.00594	0.00596
53	0.00834	0.00595	0.00794	0.00953	0.00992	0.00556	0.00635	0.00953	0.01310	0.01746	0.03771	0.75510	0.04525	0.02143	0.00873	0.00278	0.00397	0.01945	0.00635	0.00556
54	0.01829	0.76368	0.03585	0.01171	0.01756	0.02707	0.01171	0.02049	0.01390	0.01610	0.00951	0.01097	0.00878	0.00585	0.00439	0.00146	0.00732	0.00366	0.00293	0.00878
55	0.01292	0.01216	0.02052	0.74312	0.04712	0.01520	0.01900	0.01748	0.01368	0.01748	0.01216	0.01824	0.00912	0.00684	0.00684	0.00228	0.00912	0.00608	0.00304	0.00760
56	0.80789	0.01323	0.01006	0.00900	0.01323	0.01535	0.00741	0.02011	0.01164	0.03070	0.00953	0.01111	0.00741	0.00635	0.00423	0.00212	0.00529	0.00370	0.00423	0.00741
57	0.00995	0.00663	0.00746	0.00746	0.00746	0.00663	0.00415	0.00995	0.00995	0.01327	0.02156	0.04477	0.02487	0.75957	0.03482	0.00663	0.00663	0.00995	0.00415	0.00415
58	0.01615	0.01845	0.04037	0.02884	0.03576	0.01730	0.69204	0.02191	0.01615	0.02191	0.01384	0.01845	0.01038	0.00577	0.00807	0.00231	0.01153	0.00807	0.00346	0.00923
59	0.00809	0.00693	0.00693	0.00693	0.00924	0.00578	0.00520	0.00982	0.01559	0.01848	0.06931	0.06584	0.71411	0.01733	0.00809	0.00231	0.00347	0.01444	0.00635	0.00578
60	0.00995	0.00663	0.00746	0.00746	0.00746	0.00663	0.00415	0.00995	0.00995	0.01327	0.02156	0.04477	0.02487	0.75957	0.03482	0.00663	0.00663	0.00995	0.00415	0.00415
61	0.00809	0.00693	0.00693	0.00693	0.00924	0.00578	0.00520	0.00982	0.01559	0.01848	0.06931	0.06584	0.71411	0.01733	0.00809	0.00231	0.00347	0.01444	0.00635	0.00578
62	0.01727	0.01482	0.01561	0.01397	0.01789	0.01714	0.01089	0.05517	0.68529	0.02903	0.02752	0.02526	0.02062	0.00925	0.00696	0.00231	0.00547	0.00769	0.00696	0.01085
63	0.24496	0.01208	0.01427	0.01130	0.01630	0.01151	0.00933	0.02969	0.01739	0.53114	0.02218	0.01993	0.01431	0.00788	0.00615	0.00212	0.00568	0.00600	0.00730	0.01048
64	0.00977	0.00733	0.01100	0.01100	0.01222	0.00855	0.00855	0.01222	0.01100	0.01588	0.01833	0.02688	0.01710	0.05131	0.73245	0.01100	0.01833	0.00733	0.00367	0.00611
65	0.01470	0.01246	0.01446	0.01037	0.01643	0.00964	0.00832	0.04635	0.01496	0.02319	0.01234	0.01428	0.01020	0.00520	0.00514	0.00106	0.00517	0.00414	0.00417	0.76741
66	0.01372	0.03539	0.72412	0.01950	0.02961	0.01589	0.02528	0.02167	0.01444	0.02167	0.01228	0.01444	0.00867	0.00650	0.00650	0.00217	0.01011	0.00506	0.00289	0.01011
67	0.03070	0.01164	0.01588	0.01217	0.01746	0.01006	0.01006	0.03334	0.01958	0.72163	0.02699	0.02329	0.01694	0.00847	0.00688	0.00212	0.00582	0.00688	0.00847	0.01164
68	0.01532	0.01600	0.03135	0.25367	0.19364	0.01641	0.33092	0.02033	0.01525	0.02064	0.01310	0.01804	0.01009	0.00617	0.00740	0.00224	0.01001	0.00701	0.00331	0.00909
69	0.01726	0.01748	0.05174	0.08783	0.58882	0.04716	0.02037	0.04699	0.01621	0.02255	0.01284	0.01672	0.01058	0.00628	0.00674	0.00204	0.00843	0.00599	0.00348	0.01049
70	0.00838	0.00613	0.00789	0.00917	0.00986	0.00563	0.00622	0.00975	0.01375	0.01815	0.07975	0.63390	0.12521	0.02053	0.00862	0.00269	0.00387	0.01846	0.00642	0.00563
71	0.00834	0.00595	0.00794	0.00953	0.00992	0.00556	0.00635	0.00953	0.01310	0.01746	0.03771	0.75510	0.04525	0.02143	0.00873	0.00278	0.00397	0.01945	0.00635	0.00556
72	0.02021	0.57031	0.03150	0.01327	0.01851	0.21355	0.01211	0.02229	0.01535	0.01627	0.00979	0.01134	0.00879	0.00617	0.00486	0.00154	0.00864	0.00386	0.00308	0.00856
73	0.00977	0.00733	0.01100	0.01100	0.01222	0.00855	0.00855	0.01222	0.01100	0.01588	0.01833	0.02688	0.01710	0.05131	0.73245	0.01100	0.01833	0.00733	0.00367	0.00611
74	0.01828	0.18417	0.18483	0.04500	0.04828	0.13679	0.19139	0.07361	0.01694	0.02124	0.01214	0.01475	0.00947	0.00639	0.00645	0.00198	0.00995	0.00558	0.00347	0.00929
75	0.02787	0.01597	0.05927	0.01400	0.01964	0.01476	0.01210	0.29077	0.02420	0.41548	0.02200	0.02009	0.01438	0.00825	0.00684	0.00209	0.00674	0.00649	0.00751	0.01155
76	0.00834	0.00595	0.00794	0.00953	0.00992	0.00556	0.00635	0.00953	0.01310	0.01746	0.03771	0.75510	0.04525	0.02143	0.00873	0.00278	0.00397	0.01945	0.00635	0.00556
77	0.02083	0.41502	0.02903	0.04300	0.02093	0.30169	0.04361	0.02311	0.01614	0.01667	0.01023	0.01213	0.00888	0.00635	0.00535	0.00165	0.00954	0.00425	0.00319	0.00842
78	0.00834	0.00595	0.00794	0.00953	0.00992	0.00556	0.00635	0.00953	0.01310	0.01746	0.03771	0.75510	0.04525	0.02143	0.00873	0.00278	0.00397	0.01945	0.00635	0.00556
79	0.01545	0.01681	0.03454	0.18788	0.08272	0.01688	0.47766	0.02070	0.01539	0.02079	0.01325	0.01820	0.01009	0.00622	0.00815	0.00230	0.03328	0.00744	0.00335	0.00892
80	0.01580	0.01500	0.02470	0.23307	0.42740	0.01608	0.04007	0.02186	0.09615	0.02172	0.01446	0.01835	0.01153	0.00667	0.00685	0.00214	0.00819	0.00635	0.00371	0.00989
81	0.00995	0.00663	0.00746	0.00746	0.00746	0.00663	0.00415	0.00995	0.00995	0.01327	0.02156	0.04477	0.02487	0.75957	0.03482	0.00663	0.00663	0.00995	0.00415	0.00415
82	0.00977	0.00733	0.01100	0.01100	0.01222	0.00855	0.00855	0.01222	0.01100	0.01588	0.01833	0.02688	0.01710	0.05131	0.73245	0.01100	0.01833	0.00733	0.00367	0.00611
83	0.02700	0.01757	0.01955	0.01498	0.02042	0.01885	0.01238	0.55409	0.02950	0.18686	0.01866	0.01788	0.01276	0.00827	0.00685	0.00207	0.00717	0.00631	0.00719	0.01164
84	0.80789	0.01323	0.01006	0.00900	0.01323	0.01535	0.00741	0.02011	0.01164	0.03070	0.00953	0.01111	0.00741	0.00635	0.00423	0.00212	0.00529	0.00370	0.00423	0.00741
85	0.03070	0.01164	0.01588	0.01217	0.01746	0.01006	0.01006	0.03334	0.01958	0.72163	0.02699	0.02329	0.01694	0.00847	0.00688	0.00212	0.00582	0.00688	0.00847	0.01164
86	0.01490	0.01456	0.02615	0.27050	0.32104	0.01536	0.13893	0.01917	0.01475	0.02014	0.01399	0.04387	0.01190	0.03585	0.00818	0.00237	0.00887	0.00705	0.00341	0.00903
87	0.00918	0.00697	0.00845	0.00808	0.00991	0.00624	0.00606	0.01194	0.01818	0.02462	0.51056	0.05574	0.26903	0.01504	0.00807	0.00220	0.00330	0.01302	0.00716	0.00624
88	0.00983	0.00709	0.00980	0.00980	0.01060	0.00790	0.00706	0.01145	0.01064	0.01499	0.01942	0.03295	0.01974	0.29155	0.49581	0.00952	0.01436	0.00822	0.00383	0.00544
89	0.00998	0.00746	0.01069	0.01059	0.01155	0.00863	0.00797	0.01195	0.01079	0.01543	0.01859	0.02973	0.01824	0.17888	0.58128	0.00993	0.04103	0.00776	0.00373	0.00580
90	0.36540	0.23788	0.02012	0.01212	0.01664	0.21267	0.01024	0.02217	0.01440	0.02265	0.00981	0.01140	0.00819	0.00639	0.00480	0.00183	0.00779	0.00388	0.00366	0.00795
91	0.74157	0.01407	0.01088	0.03769	0.01490	0.04803	0.00812	0.02034	0.01207	0.02955	0.00968	0.01144	0.00754	0.00640	0.00442	0.00211	0.00576	0.00383	0.00416	0.00744
92	0.10648	0.01580	0.04815	0.25660	0.15588	0.01616	0.22778	0.02078	0.04608	0.02188	0.01322	0.01747	0.01014	0.00642	0.00691	0.00222	0.00912	0.00647	0.00354	0.00888
93	0.00995	0.00663	0.00746	0.00746	0.00746	0.00663	0.00415	0.00995	0.00995	0.01327	0.02156	0.04477	0.02487	0.75957	0.03482	0.00663	0.00663	0.00995	0.00415	0.00415
94	0.01470	0.01459	0.01965	0.01702	0.01720	0.03941	0.01401	0.01620	0.01074	0.01629	0.01020	0.01702	0.01023	0.04860	0.06813	0.00364	0.64580	0.00621	0.00310	0.00726
95	0.01702	0.01470	0.01547	0.01392	0.01779	0.01702	0.01083	0.03635	0.70453	0.02862	0.02785	0.02553	0.02088	0.00928	0.00696	0.00232	0.00541	0.00773	0.00696	0.01083
96	0.00968	0.00699	0.00914	0.00861	0.01022	0.00646	0.00646	0.01291	0.01937	0.02743	0.71328	0.05110	0.06455	0.01399	0.00807	0.00215	0.00323	0.01237	0.00753	0.00646
97	0.03035	0.01220	0.01622	0.01243	0.01774	0.01088	0.01027	0.08198	0.02051	0.67168	0.02621	0.02278	0.01655	0.00845	0.00688	0.00211	0.00595	0.00683	0.00835	0.01164
98	0.01829	0.76368	0.03585	0.01171	0.01756	0.02707	0.01171	0.02049	0.01390	0.01610	0.00951	0.01097	0.00878	0.00585	0.00439	0.00146	0.00732	0.00366	0.00293	0.00878
99	0.01419	0.01216	0.01419	0.01013	0.01621	0.00912	0.00811	0.01723	0.01419	0.02229	0.01216	0.01419	0.01013	0.00507	0.00507	0.00101	0.00507	0.00405	0.00405	0.80139
100	0.00950	0.00634	0.00834	0.00944	0.01019	0.00587	0.00642	0.01088	0.01381	0.05032	0.08559	0.62898	0.06423	0.04354	0.00941	0.00281	0.00407	0.01792	0.00646	0.00586
101	0.01275	0.01193	0.02006	0.71604	0.04575	0.01484	0.01853	0.01719	0.01366	0.01748	0.01310	0.04544	0.01045	0.00738	0.00691	0.00230	0.00893	0.00657	0.00316	0.00752
102	0.01549	0.04781	0.02154	0.01768	0.01806	0.04660	0.01477	0.01703	0.01094	0.01646	0.00906	0.01470	0.00897	0.01154	0.02109	0.00288	0.68900	0.00583	0.00301	0.00756
103	0.00966	0.00651	0.00755	0.00783	0.00790	0.00644	0.00454	0.00987	0.01051	0.01401	0.02442	0.17059	0.02848	0.62882	0.03020	0.00595	0.00616	0.01163	0.00454	0.00440
104	0.04358	0.01140	0.01347	0.01162	0.01420	0.01207	0.00892	0.25767	0.01870	0.06404	0.01869	0.04663	0.04167	0.03838	0.01592	0.32713	0.00637	0.03731	0.00513	0.00709
105	0.01882	0.73133	0.03499	0.01173	0.01756	0.02634	0.01164	0.02104	0.01415	0.04645	0.01026	0.01150	0.00913	0.00597	0.00450	0.00149	0.00725	0.00380	0.00316	0.00890
106	0.02689	0.01775	0.01966	0.01507	0.02051	0.01912	0.01245	0.57014	0.02981	0.17038	0.01841	0.01771	0.01263	0.00826	0.00685	0.00207	0.00721	0.00629	0.00715	0.01164
107	0.01078	0.00700	0.00892	0.00900	0.01059	0.00632	0.00653	0.01293	0.01636	0.08419	0.28630	0.32065	0.16075	0.01690	0.00822	0.00241	0.00378	0.01493	0.00697	0.00646
108	0.04755	0.01468	0.04873	0.05520	0.19368	0.01349	0.20288	0.02084	0.01544	0.12195	0.01799	0.08989	0.01547	0.00901	0.00815	0.03879	0.00806	0.02843	0.00452	0.04526
109	0.02496	0.01864	0.01994	0.01553	0.02082	0.02073	0.01275	0.61738	0.11057	0.04143	0.01776	0.01749	0.01271	0.00834	0.00686	0.00208	0.00728	0.00634	0.00686	0.01154
110	0.00834	0.00595	0.00794	0.00953	0.00992	0.00556	0.00635	0.00953	0.01310	0.01746	0.03771	0.75510	0.04525	0.02143	0.00873	0.00278	0.00397	0.01945	0.00635	0.00556
111	0.04674	0.01311	0.01497	0.01273	0.01685	0.01392	0.01005	0.05793	0.37184	0.25237	0.05751	0.02603	0.02099	0.04346	0.00817	0.00243	0.00558	0.00758	0.00725	0.01051
112	0.02556	0.03261	0.01939	0.01763	0.02115	0.73210	0.01322	0.02732	0.01939	0.01674	0.01058	0.01234	0.00881	0.00705	0.00617	0.00176	0.01234	0.00441	0.00353	0.00793
113	0.01419	0.01216	0.01419	0.01013	0.01621	0.00912	0.00811	0.01723	0.01419	0.02229	0.01216	0.01419	0.01013	0.00507	0.00507	0.00101	0.00507	0.00405	0.00405	0.80139
114	0.00809	0.00693	0.00693	0.00693	0.00924	0.00578	0.00520	0.00982	0.01559	0.01848	0.06931	0.06584	0.71411	0.01733	0.00809	0.00231	0.00347	0.01444	0.00635	0.00578
115	0.80789	0.01323	0.01006	0.00900	0.01323	0.01535	0.00741	0.02011	0.01164	0.03070	0.00953	0.01111	0.00741	0.00635	0.00423	0.00212	0.00529	0.00370	0.00423	0.00741
116	0.02365	0.01861	0.01916	0.01535	0.02032	0.05255	0.01245	0.49258	0.20648	0.03814	0.01913	0.01861	0.01391	0.00844	0.00684	0.00211	0.00720	0.00649	0.00672	0.01126
117	0.00957	0.00722	0.00877	0.00821	0.01010	0.00645	0.00608	0.01220	0.01750	0.02401	0.47464	0.05207	0.20854	0.07143	0.00996	0.00247	0.00364	0.01222	0.00682	0.04808
118	0.00998	0.00729	0.00897	0.00886	0.01026	0.00681	0.00625	0.03571	0.01598	0.02190	0.30005	0.24952	0.10307	0.13559	0.01238	0.00301	0.00424	0.01360	0.00638	0.04016
119	0.01829	0.76368	0.03585	0.01171	0.01756	0.02707	0.01171	0.02049	0.01390	0.01610	0.00951	0.01097	0.00878	0.00585	0.00439	0.00146	0.00732	0.00366	0.00293	0.00878
120	0.01693	0.01626	0.02777	0.04199	0.71689	0.01626	0.02100	0.02100	0.01558	0.02235	0.01287	0.01693	0.01084	0.00610	0.00677	0.00203	0.00813	0.00610	0.00339	0.01084
121	0.09939	0.00741	0.00887	0.00972	0.01091	0.00734	0.00681	0.03386	0.01396	0.04241	0.05448	0.60252	0.03961	0.01867	0.00809	0.00264	0.00427	0.01663	0.00623	0.00618
122	0.00834	0.00595	0.00794	0.00953	0.00992	0.00556	0.00635	0.00953	0.01310	0.01746	0.03771	0.75510	0.04525	0.02143	0.00873	0.00278	0.00397	0.01945	0.00635	0.00556
123	0.00816	0.00693	0.00703	0.00701	0.00929	0.00581	0.00526	0.00996	0.01577	0.01889	0.09868	0.06517	0.68449	0.01717	0.00808	0.00230	0.00345	0.01434	0.00641	0.00581
124	0.54177	0.01269	0.01205	0.01008	0.01468	0.01354	0.00832	0.02464	0.01436	0.26727	0.01551	0.01528	0.01067	0.00708	0.00514	0.00212	0.00547	0.00479	0.00568	0.00886
125	0.01154	0.00853	0.01023	0.01050	0.01197	0.00863	0.00749	0.11201	0.05819	0.02216	0.05635	0.52721	0.06933	0.04021	0.00907	0.00272	0.00461	0.01605	0.00643	0.00677
126	0.01847	0.01460	0.01569	0.01384	0.01789	0.01659	0.01084	0.05982	0.62363	0.08646	0.02736	0.02501	0.02022	0.00918	0.00695	0.00229	0.00552	0.00761	0.00708	0.01093
127	0.01292	0.01216	0.02052	0.74312	0.04712	0.01520	0.01900	0.01748	0.01368	0.01748	0.01216	0.01824	0.00912	0.00684	0.00684	0.00228	0.00912	0.00608	0.00304	0.00760
128	0.01308	0.00763	0.00928	0.00892	0.01115	0.00670	0.00659	0.01489	0.01577	0.16546	0.09974	0.25174	0.29711	0.04832	0.00917	0.00258	0.00422	0.01394	0.00679	0.00692
129	0.08541	0.01417	0.02217	0.47397	0.16812	0.04163	0.06104	0.01902	0.01422	0.01983	0.01211	0.01716	0.00936	0.00660	0.00665	0.00220	0.00886	0.00594	0.00326	0.00831
130	0.01041	0.00715	0.00938	0.00873	0.01047	0.00658	0.00658	0.01362	0.01937	0.05140	0.68959	0.05014	0.06291	0.01380	0.00803	0.00215	0.00332	0.01218	0.00756	0.00663
131	0.00838	0.00599	0.00798	0.00949	0.00993	0.00559	0.00635	0.00965	0.01333	0.01783	0.06229	0.72948	0.04595	0.02116	0.00871	0.00276	0.00394	0.01919	0.00639	0.00559
132	0.01810	0.01351	0.01449	0.01224	0.01624	0.01441	0.00974	0.23220	0.23733	0.08069	0.03679	0.03474	0.22753	0.01133	0.00726	0.00222	0.00551	0.00921	0.00685	0.00961
133	0.01650	0.01658	0.02866	0.13948	0.47933	0.03947	0.13764	0.02086	0.01553	0.02139	0.01286	0.01724	0.01045	0.00618	0.00699	0.00211	0.00900	0.00638	0.00335	0.01000
134	0.13638	0.01759	0.01837	0.01447	0.01960	0.01954	0.01188	0.50829	0.09477	0.06608	0.01697	0.01683	0.01215	0.00806	0.00649	0.00209	0.00694	0.00599	0.00655	0.01096
135	0.01800	0.69841	0.03392	0.01183	0.01735	0.04612	0.01156	0.02020	0.01389	0.01610	0.01006	0.01195	0.00927	0.00856	0.04718	0.00203	0.00811	0.00390	0.00299	0.00860
136	0.03977	0.20728	0.44301	0.04186	0.02606	0.04304	0.03931	0.02105	0.01430	0.02009	0.01173	0.01413	0.00903	0.00797	0.03215	0.00231	0.00967	0.00486	0.00301	0.00938
137	0.01454	0.03255	0.58833	0.02094	0.03030	0.04195	0.13248	0.02191	0.01490	0.02153	0.01247	0.01502	0.00895	0.00640	0.00674	0.00217	0.01042	0.00552	0.00300	0.00989
138	0.00810	0.00687	0.00700	0.00710	0.00929	0.00576	0.00527	0.00980	0.01543	0.01842	0.06724	0.11085	0.67044	0.01759	0.00813	0.00234	0.00350	0.01477	0.00635	0.00576
139	0.00890	0.00622	0.00790	0.00901	0.00933	0.00595	0.00585	0.00980	0.01225	0.01631	0.03285	0.52170	0.03899	0.24107	0.01652	0.00394	0.00484	0.03772	0.00569	0.00516
140	0.02240	0.01808	0.01775	0.04818	0.02054	0.12648	0.01214	0.23266	0.25696	0.11733	0.02117	0.02172	0.01576	0.00870	0.00687	0.00215	0.00736	0.02692	0.00639	0.01045
141	0.05410	0.01366	0.01691	0.01301	0.01831	0.01314	0.01074	0.20576	0.02262	0.52224	0.02367	0.02111	0.01525	0.00833	0.00679	0.00210	0.00625	0.00659	0.00791	0.01151

[dist]
# distance from previous block
# <min> <max>
0	1

[block]
# block no. 1 follows, 31 sequences, length 90
# corresponding to MSA columns:
# 246-335
name=unknown_B
#
# <colnr> <probs for GDERKNQSTAVLIFYWHMCP>
#	G	D	E	R	K	N	Q	S	T	A	V	L	I	F	Y	W	H	M	C	P
0	0.01824	0.31458	0.26384	0.01639	0.04421	0.09367	0.01684	0.09527	0.03959	0.02159	0.01202	0.01354	0.00952	0.00657	0.00571	0.00184	0.00876	0.00469	0.00355	0.00958
1	0.01372	0.03539	0.72412	0.01950	0.02961	0.01589	0.02528	0.02167	0.01444	0.02167	0.01228	0.01444	0.00867	0.00650	0.00650	0.00217	0.01011	0.00506	0.00289	0.01011
2	0.01151	0.00859	0.02854	0.00946	0.01166	0.00769	0.00746	0.03748	0.04132	0.05923	0.61924	0.04693	0.05781	0.01320	0.00790	0.00215	0.00374	0.01158	0.00741	0.00710
3	0.01858	0.01502	0.01752	0.06899	0.04780	0.01494	0.01143	0.25099	0.10331	0.02981	0.01553	0.01673	0.01189	0.00682	0.00610	0.00166	0.00637	0.00545	0.00525	0.34580
4	0.01645	0.01410	0.01498	0.01351	0.01721	0.01621	0.01049	0.03455	0.65194	0.02853	0.08046	0.02749	0.02424	0.00964	0.00705	0.00231	0.00525	0.00809	0.00701	0.01049
5	0.00851	0.00701	0.00755	0.00779	0.00991	0.00605	0.00600	0.01044	0.01564	0.01899	0.08604	0.09576	0.58131	0.01758	0.00828	0.00243	0.00382	0.09467	0.00639	0.00585
6	0.01829	0.48897	0.19427	0.01436	0.02107	0.06376	0.03350	0.02192	0.01473	0.05753	0.01133	0.01276	0.00926	0.00622	0.00523	0.00170	0.00829	0.00433	0.00328	0.00922
7	0.00846	0.00601	0.00790	0.00937	0.00973	0.00564	0.00618	0.00956	0.01286	0.01714	0.03646	0.70027	0.04368	0.07841	0.01075	0.00308	0.00417	0.01872	0.00618	0.00545
8	0.00834	0.00595	0.00794	0.00953	0.00992	0.00556	0.00635	0.00953	0.01310	0.01746	0.03771	0.75510	0.04525	0.02143	0.00873	0.00278	0.00397	0.01945	0.00635	0.00556
9	0.01514	0.01472	0.02399	0.39245	0.30290	0.03698	0.04973	0.02002	0.03998	0.01994	0.01304	0.01784	0.01026	0.00660	0.00685	0.00217	0.00881	0.00619	0.00335	0.00905
10	0.08001	0.01945	0.02475	0.05500	0.44143	0.16266	0.04832	0.04824	0.01666	0.02248	0.01230	0.01563	0.01011	0.00640	0.00652	0.00200	0.00893	0.00566	0.00361	0.00983
11	0.00945	0.00771	0.00822	0.00824	0.01034	0.00710	0.00605	0.03535	0.06460	0.01970	0.05708	0.18968	0.49309	0.04094	0.00894	0.00253	0.00394	0.01447	0.00634	0.00625
12	0.80789	0.01323	0.01006	0.00900	0.01323	0.01535	0.00741	0.02011	0.01164	0.03070	0.00953	0.01111	0.00741	0.00635	0.00423	0.00212	0.00529	0.00370	0.00423	0.00741
13	0.00995	0.00663	0.00746	0.00746	0.00746	0.00663	0.00415	0.00995	0.00995	0.01327	0.02156	0.04477	0.02487	0.75957	0.03482	0.00663	0.00663	0.00995	0.00415	0.00415
14	0.02601	0.01916	0.02053	0.01574	0.02122	0.02122	0.01300	0.69408	0.03217	0.04312	0.01643	0.01643	0.01163	0.00821	0.00684	0.00205	0.00753	0.00616	0.00684	0.01163
15	0.01753	0.64297	0.14993	0.01300	0.01956	0.02522	0.01396	0.02068	0.01399	0.01702	0.00997	0.01155	0.00876	0.00596	0.00474	0.00158	0.00778	0.00389	0.00292	0.00900
16	0.02504	0.01837	0.06655	0.01496	0.02050	0.01831	0.01294	0.49344	0.05001	0.14724	0.01844	0.01807	0.01283	0.00816	0.00674	0.00206	0.00717	0.00626	0.04166	0.01128
17	0.00865	0.00707	0.00772	0.00788	0.01002	0.00613	0.00613	0.01073	0.01599	0.01965	0.12886	0.06594	0.55639	0.01721	0.00827	0.00241	0.00383	0.10476	0.00646	0.00592
18	0.00859	0.00681	0.00776	0.00830	0.00986	0.00611	0.00592	0.01079	0.03771	0.01900	0.09782	0.33650	0.38346	0.01847	0.00830	0.00249	0.00371	0.01606	0.00645	0.00590
19	0.23503	0.30695	0.16115	0.03427	0.01957	0.02013	0.01327	0.07390	0.01485	0.02372	0.01112	0.01284	0.00892	0.00641	0.00504	0.00186	0.00724	0.00431	0.03066	0.00877
20	0.01436	0.01300	0.02076	0.64715	0.06684	0.01584	0.01847	0.08515	0.01559	0.02020	0.01261	0.01802	0.00943	0.00695	0.00684	0.00225	0.00893	0.00609	0.00343	0.00811
21	0.00995	0.00663	0.00746	0.00746	0.00746	0.00663	0.00415	0.00995	0.00995	0.01327	0.02156	0.04477	0.02487	0.75957	0.03482	0.00663	0.00663	0.00995	0.00415	0.00415
22	0.00995	0.00663	0.00746	0.00746	0.00746	0.00663	0.00415	0.00995	0.00995	0.01327	0.02156	0.04477	0.02487	0.75957	0.03482	0.00663	0.00663	0.00995	0.00415	0.00415
23	0.01338	0.01292	0.02268	0.64822	0.07201	0.01544	0.08289	0.01804	0.01399	0.01809	0.01235	0.01821	0.00931	0.00671	0.00695	0.00227	0.00931	0.00627	0.00309	0.00788
24	0.01419	0.01216	0.01419	0.01013	0.01621	0.00912	0.00811	0.01723	0.01419	0.02229	0.01216	0.01419	0.01013	0.00507	0.00507	0.00101	0.00507	0.00405	0.00405	0.80139
25	0.00995	0.00663	0.00746	0.00746	0.00746	0.00663	0.00415	0.00995	0.00995	0.01327	0.02156	0.04477	0.02487	0.75957	0.03482	0.00663	0.00663	0.00995	0.00415	0.00415
26	0.00995	0.00663	0.00746	0.00746	0.00746	0.00663	0.00415	0.00995	0.00995	0.01327	0.02156	0.04477	0.02487	0.75957	0.03482	0.00663	0.00663	0.00995	0.00415	0.00415
27	0.80789	0.01323	0.01006	0.00900	0.01323	0.01535	0.00741	0.02011	0.01164	0.03070	0.00953	0.01111	0.00741	0.00635	0.00423	0.00212	0.00529	0.00370	0.00423	0.00741
28	0.80789	0.01323	0.01006	0.00900	0.01323	0.01535	0.00741	0.02011	0.01164	0.03070	0.00953	0.01111	0.00741	0.00635	0.00423	0.00212	0.00529	0.00370	0.00423	0.00741
29	0.00836	0.00694	0.00731	0.00722	0.00941	0.00589	0.00541	0.01035	0.01624	0.02002	0.18017	0.06330	0.60229	0.01675	0.00808	0.00228	0.00342	0.01408	0.00656	0.00589
30	0.00995	0.00663	0.00746	0.00746	0.00746	0.00663	0.00415	0.00995	0.00995	0.01327	0.02156	0.04477	0.02487	0.75957	0.03482	0.00663	0.00663	0.00995	0.00415	0.00415
31	0.01057	0.00712	0.00797	0.00778	0.00799	0.00720	0.00449	0.03647	0.01081	0.01442	0.02136	0.04367	0.02436	0.73044	0.03374	0.00646	0.00667	0.00980	0.00425	0.00444
32	0.01829	0.76368	0.03585	0.01171	0.01756	0.02707	0.01171	0.02049	0.01390	0.01610	0.00951	0.01097	0.00878	0.00585	0.00439	0.00146	0.00732	0.00366	0.00293	0.00878
33	0.01496	0.01362	0.02052	0.38062	0.17540	0.01521	0.01672	0.04422	0.11970	0.02159	0.01483	0.01856	0.01146	0.00690	0.00664	0.00208	0.00784	0.00611	0.00395	0.09907
34	0.01554	0.16525	0.48535	0.01938	0.04950	0.06078	0.07038	0.02179	0.01480	0.02040	0.01181	0.01406	0.00889	0.00635	0.00622	0.00202	0.00978	0.00502	0.00299	0.00970
35	0.00834	0.00595	0.00794	0.00953	0.00992	0.00556	0.00635	0.00953	0.01310	0.01746	0.03771	0.75510	0.04525	0.02143	0.00873	0.00278	0.00397	0.01945	0.00635	0.00556
36	0.05917	0.05459	0.57280	0.02025	0.04861	0.01636	0.09147	0.02155	0.01447	0.02205	0.01221	0.01463	0.00884	0.00639	0.00647	0.00215	0.00984	0.00527	0.00304	0.00985
37	0.01702	0.01470	0.01547	0.01392	0.01779	0.01702	0.01083	0.03635	0.70453	0.02862	0.02785	0.02553	0.02088	0.00928	0.00696	0.00232	0.00541	0.00773	0.00696	0.01083
38	0.01867	0.01552	0.01640	0.01426	0.01842	0.01779	0.01123	0.15707	0.58112	0.03128	0.02575	0.02385	0.01919	0.00909	0.00694	0.00227	0.00580	0.00745	0.00694	0.01098
39	0.02601	0.01916	0.02053	0.01574	0.02122	0.02122	0.01300	0.69408	0.03217	0.04312	0.01643	0.01643	0.01163	0.00821	0.00684	0.00205	0.00753	0.00616	0.00684	0.01163
40	0.01355	0.01280	0.02166	0.63284	0.15247	0.01537	0.01931	0.01803	0.01398	0.01825	0.01227	0.01803	0.00939	0.00672	0.00683	0.00224	0.00896	0.00608	0.00309	0.00811
41	0.00834	0.00595	0.00794	0.00953	0.00992	0.00556	0.00635	0.00953	0.01310	0.01746	0.03771	0.75510	0.04525	0.02143	0.00873	0.00278	0.00397	0.01945	0.00635	0.00556
42	0.00995	0.00663	0.00746	0.00746	0.00746	0.00663	0.00415	0.00995	0.00995	0.01327	0.02156	0.04477	0.02487	0.75957	0.03482	0.00663	0.00663	0.00995	0.00415	0.00415
43	0.02010	0.52938	0.06161	0.01369	0.01908	0.22160	0.01272	0.02243	0.01544	0.01652	0.00993	0.01150	0.00878	0.00621	0.00497	0.00158	0.00883	0.00393	0.00309	0.00860
44	0.00995	0.00663	0.00746	0.00746	0.00746	0.00663	0.00415	0.00995	0.00995	0.01327	0.02156	0.04477	0.02487	0.75957	0.03482	0.00663	0.00663	0.00995	0.00415	0.00415
45	0.00857	0.00695	0.00760	0.00744	0.00954	0.00598	0.00558	0.01076	0.01674	0.02120	0.26475	0.06137	0.51697	0.01631	0.00808	0.00226	0.00339	0.01381	0.00671	0.00598
46	0.00995	0.00663	0.00746	0.00746	0.00746	0.00663	0.00415	0.00995	0.00995	0.01327	0.02156	0.04477	0.02487	0.75957	0.03482	0.00663	0.00663	0.00995	0.00415	0.00415
47	0.01630	0.01561	0.02663	0.15227	0.61154	0.01609	0.02068	0.02044	0.01528	0.02158	0.01276	0.01714	0.01057	0.00621	0.00678	0.00207	0.00828	0.00609	0.00333	0.01033
48	0.01275	0.00638	0.00638	0.00638	0.00797	0.00638	0.00478	0.01594	0.01435	0.02551	0.02232	0.02551	0.01754	0.00797	0.00478	0.00159	0.00319	0.00638	0.79755	0.00638
49	0.00834	0.00595	0.00794	0.00953	0.00992	0.00556	0.00635	0.00953	0.01310	0.01746	0.03771	0.75510	0.04525	0.02143	0.00873	0.00278	0.00397	0.01945	0.00635	0.00556
50	0.03070	0.01164	0.01588	0.01217	0.01746	0.01006	0.01006	0.03334	0.01958	0.72163	0.02699	0.02329	0.01694	0.00847	0.00688	0.00212	0.00582	0.00688	0.00847	0.01164
51	0.00839	0.00600	0.00799	0.00949	0.00994	0.00560	0.00636	0.00968	0.01337	0.01790	0.06746	0.72410	0.04610	0.02111	0.00870	0.00275	0.00394	0.01914	0.00640	0.00560
52	0.80789	0.01323	0.01006	0.00900	0.01323	0.01535	0.00741	0.02011	0.01164	0.03070	0.00953	0.01111	0.00741	0.00635	0.00423	0.00212	0.00529	0.00370	0.00423	0.00741
53	0.01735	0.52669	0.20419	0.01392	0.02066	0.04735	0.01507	0.02170	0.04463	0.01804	0.01104	0.01252	0.00929	0.00620	0.00508	0.00168	0.00809	0.00421	0.00311	0.00917
54	0.02556	0.03261	0.01939	0.01763	0.02115	0.73210	0.01322	0.02732	0.01939	0.01674	0.01058	0.01234	0.00881	0.00705	0.00617	0.00176	0.01234	0.00441	0.00353	0.00793
55	0.01752	0.01458	0.01548	0.01386	0.01778	0.01676	0.01080	0.03624	0.67946	0.05398	0.02781	0.02544	0.02074	0.00925	0.00696	0.00231	0.00543	0.00770	0.00702	0.01086
56	0.00832	0.00599	0.00790	0.00942	0.00989	0.00557	0.00630	0.00954	0.01320	0.01751	0.03904	0.72606	0.07343	0.02126	0.00870	0.00276	0.00395	0.01924	0.00635	0.00557
57	0.01419	0.01216	0.01419	0.01013	0.01621	0.00912	0.00811	0.01723	0.01419	0.02229	0.01216	0.01419	0.01013	0.00507	0.00507	0.00101	0.00507	0.00405	0.00405	0.80139
58	0.02880	0.01274	0.01676	0.01379	0.04515	0.01182	0.01081	0.09567	0.06623	0.58388	0.02549	0.02254	0.01646	0.00841	0.00688	0.00212	0.00605	0.00684	0.00802	0.01156
59	0.01832	0.05320	0.02268	0.06869	0.33687	0.22110	0.01666	0.02152	0.01652	0.01989	0.01569	0.02489	0.01455	0.00841	0.00692	0.00212	0.00907	0.11006	0.00384	0.00901
60	0.80789	0.01323	0.01006	0.00900	0.01323	0.01535	0.00741	0.02011	0.01164	0.03070	0.00953	0.01111	0.00741	0.00635	0.00423	0.00212	0.00529	0.00370	0.00423	0.00741
61	0.00809	0.00693	0.00693	0.00693	0.00924	0.00578	0.00520	0.00982	0.01559	0.01848	0.06931	0.06584	0.71411	0.01733	0.00809	0.00231	0.00347	0.01444	0.00635	0.00578
62	0.34869	0.01403	0.01415	0.01150	0.01613	0.01510	0.00945	0.21229	0.01962	0.19263	0.03999	0.01737	0.01316	0.00769	0.00573	0.00208	0.00588	0.00553	0.03948	0.00949
63	0.02523	0.01872	0.21931	0.01497	0.02171	0.01203	0.04314	0.02952	0.01797	0.49211	0.02223	0.02056	0.01430	0.00779	0.00682	0.00214	0.00729	0.00641	0.00666	0.01110
64	0.00809	0.00693	0.00693	0.00693	0.00924	0.00578	0.00520	0.00982	0.01559	0.01848	0.06931	0.06584	0.71411	0.01733	0.00809	0.00231	0.00347	0.01444	0.00635	0.00578
65	0.01492	0.01260	0.01458	0.01048	0.01653	0.00988	0.00841	0.05948	0.01531	0.02359	0.01243	0.01433	0.01023	0.00526	0.00518	0.00108	0.00522	0.00418	0.00423	0.75209
66	0.01852	0.05719	0.35074	0.02026	0.04891	0.27543	0.09080	0.02367	0.01643	0.01974	0.01175	0.01407	0.00897	0.00659	0.00648	0.00201	0.01091	0.00512	0.00320	0.00921
67	0.01617	0.01838	0.03995	0.02927	0.05844	0.01727	0.66970	0.02188	0.01613	0.02193	0.01381	0.01840	0.01040	0.00578	0.00803	0.00230	0.01142	0.00801	0.00346	0.00928
68	0.00834	0.00595	0.00794	0.00953	0.00992	0.00556	0.00635	0.00953	0.01310	0.01746	0.03771	0.75510	0.04525	0.02143	0.00873	0.00278	0.00397	0.01945	0.00635	0.00556
69	0.02998	0.01148	0.01565	0.01205	0.01722	0.00993	0.00993	0.03265	0.01957	0.69798	0.05036	0.02423	0.01856	0.00866	0.00692	0.00212	0.00573	0.00707	0.00844	0.01147
70	0.12252	0.01261	0.01555	0.01299	0.04074	0.01214	0.01012	0.12122	0.01955	0.46132	0.02306	0.04839	0.01622	0.04253	0.00788	0.00233	0.00604	0.00696	0.00728	0.01054
71	0.01672	0.01638	0.02630	0.14655	0.58450	0.04846	0.02034	0.02075	0.01546	0.02136	0.01266	0.01692	0.01049	0.00625	0.00676	0.00206	0.00847	0.00602	0.00334	0.01022
72	0.00834	0.00595	0.00794	0.00953	0.00992	0.00556	0.00635	0.00953	0.01310	0.01746	0.03771	0.75510	0.04525	0.02143	0.00873	0.00278	0.00397	0.01945	0.00635	0.00556
73	0.01463	0.01296	0.01439	0.01043	0.01641	0.03735	0.00831	0.01762	0.01439	0.02208	0.01210	0.01411	0.01008	0.00514	0.00511	0.00104	0.00535	0.00407	0.00403	0.77040
74	0.02270	0.01459	0.01763	0.01351	0.01884	0.01420	0.03545	0.25643	0.06472	0.21628	0.01962	0.04697	0.01450	0.00798	0.00653	0.00186	0.00633	0.00651	0.00644	0.20890
75	0.14819	0.26309	0.11082	0.01528	0.04233	0.25029	0.01353	0.04909	0.01614	0.02062	0.01058	0.01227	0.00873	0.00650	0.00537	0.00179	0.00899	0.00426	0.00349	0.00863
76	0.02514	0.01852	0.01981	0.01533	0.02060	0.02051	0.01262	0.64086	0.06195	0.04185	0.01715	0.01715	0.01226	0.00825	0.00678	0.00205	0.00728	0.00624	0.03422	0.01142
77	0.00859	0.00686	0.00769	0.00768	0.00960	0.00596	0.00569	0.01072	0.01649	0.02108	0.26048	0.12721	0.45438	0.01671	0.00814	0.00231	0.00344	0.01429	0.00671	0.00596
78	0.00883	0.00656	0.00882	0.05571	0.01229	0.00635	0.00714	0.01042	0.01368	0.01812	0.08071	0.57026	0.09057	0.04496	0.00944	0.00282	0.00437	0.03708	0.00614	0.00573
79	0.00874	0.00617	0.00803	0.00930	0.00969	0.00590	0.00617	0.00982	0.01258	0.01679	0.03435	0.59003	0.04079	0.15187	0.03085	0.00367	0.00486	0.03914	0.00590	0.00535
80	0.02502	0.05706	0.01982	0.01730	0.02092	0.68422	0.01309	0.02738	0.04193	0.01712	0.01111	0.01273	0.00921	0.00708	0.00613	0.00177	0.01194	0.00449	0.00362	0.00806
81	0.02208	0.01650	0.01779	0.01462	0.01932	0.01842	0.01176	0.33443	0.35033	0.08505	0.02260	0.02124	0.01641	0.00874	0.00690	0.00218	0.00640	0.00696	0.00702	0.01125
82	0.01422	0.01338	0.02215	0.47348	0.24369	0.01501	0.01868	0.01850	0.01429	0.01933	0.01237	0.01751	0.00971	0.00647	0.00667	0.00210	0.00849	0.00592	0.00323	0.07481
83	0.01371	0.00788	0.01043	0.00929	0.01161	0.00714	0.00714	0.01682	0.01941	0.16039	0.58184	0.04578	0.05543	0.01293	0.00784	0.00215	0.00372	0.01132	0.00771	0.00745
84	0.01623	0.00858	0.01149	0.01066	0.03458	0.00776	0.00788	0.01911	0.01852	0.23532	0.38532	0.09327	0.06360	0.01246	0.00757	0.00216	0.00422	0.01084	0.04235	0.00807
85	0.02601	0.01916	0.02053	0.01574	0.02122	0.02122	0.01300	0.69408	0.03217	0.04312	0.01643	0.01643	0.01163	0.00821	0.00684	0.00205	0.00753	0.00616	0.00684	0.01163
86	0.00912	0.00694	0.00839	0.00810	0.00990	0.00621	0.00605	0.01180	0.01794	0.02422	0.48329	0.07926	0.27324	0.01531	0.00810	0.00222	0.00333	0.01327	0.00711	0.00621
87	0.01723	0.51609	0.19160	0.01431	0.02093	0.05465	0.03812	0.02085	0.01425	0.01759	0.01061	0.01258	0.00907	0.00747	0.02779	0.00196	0.00866	0.00428	0.00299	0.00898
88	0.01337	0.00961	0.01143	0.03369	0.01312	0.01023	0.00779	0.16277	0.01644	0.02237	0.05424	0.14536	0.04845	0.25500	0.13013	0.00502	0.00794	0.01017	0.03618	0.00669
89	0.11294	0.35238	0.12569	0.03682	0.01936	0.01981	0.01273	0.04108	0.01409	0.02049	0.01098	0.01356	0.00940	0.02889	0.00647	0.00183	0.03236	0.00436	0.00343	0.13334

[dist]
# distance from previous block
# <min> <max>
1	8

[block]
# block no. 2 follows, 31 sequences, length 36
# corresponding to MSA columns:
# 344-379
name=unknown_C
#
# <colnr> <probs for GDERKNQSTAVLIFYWHMCP>
#	G	D	E	R	K	N	Q	S	T	A	V	L	I	F	Y	W	H	M	C	P
0	0.10544	0.01566	0.01725	0.08826	0.05031	0.04882	0.01195	0.26013	0.07054	0.05051	0.04554	0.02021	0.01466	0.00796	0.00640	0.00197	0.00686	0.03208	0.00548	0.13998
1	0.04776	0.01097	0.01262	0.00973	0.01450	0.00903	0.00774	0.01633	0.01477	0.05167	0.06711	0.02656	0.14709	0.00838	0.00645	0.00149	0.02969	0.00671	0.00487	0.50655
2	0.01618	0.01401	0.01582	0.17283	0.03875	0.07231	0.01187	0.18837	0.07285	0.02610	0.10153	0.08805	0.13095	0.01098	0.00728	0.00221	0.00673	0.00917	0.00563	0.00839
3	0.00962	0.00694	0.00909	0.00865	0.01021	0.00641	0.00645	0.01275	0.01907	0.02697	0.68190	0.08380	0.06366	0.01433	0.00810	0.00218	0.00326	0.01270	0.00748	0.00641
4	0.01497	0.01547	0.05041	0.46160	0.12682	0.06540	0.01789	0.02164	0.11838	0.01991	0.01451	0.01860	0.01107	0.00711	0.00679	0.00221	0.00870	0.00617	0.00370	0.00863
5	0.00834	0.00595	0.00794	0.00953	0.00992	0.00556	0.00635	0.00953	0.01310	0.01746	0.03771	0.75510	0.04525	0.02143	0.00873	0.00278	0.00397	0.01945	0.00635	0.00556
6	0.01677	0.05171	0.21526	0.02277	0.02987	0.04078	0.35788	0.06845	0.01681	0.05030	0.01508	0.05486	0.01195	0.00709	0.00735	0.00222	0.01013	0.00739	0.00387	0.00947
7	0.02448	0.14917	0.02241	0.01613	0.02058	0.42121	0.01291	0.20902	0.02199	0.02387	0.01200	0.01323	0.00958	0.00717	0.00606	0.00179	0.01019	0.00476	0.00434	0.00909
