[name]
unknown

[dist]
# distance from previous block
# <min> <max>
29	73

[block]
# block no. 0 follows, 25 sequences, length 12
# corresponding to MSA columns:
# 101-112
name=unknown_A
#
# <colnr> <probs for GDERKNQSTAVLIFYWHMCP>
#	G	D	E	R	K	N	Q	S	T	A	V	L	I	F	Y	W	H	M	C	P
0	0.01779	0.01401	0.01601	0.01263	0.01775	0.01270	0.00981	0.16755	0.02031	0.02913	0.02044	0.13247	0.01964	0.06984	0.00970	0.00228	0.00635	0.00851	0.00577	0.40731
1	0.01280	0.00919	0.01140	0.01134	0.01313	0.00871	0.00806	0.06801	0.01620	0.02210	0.03195	0.39008	0.03624	0.10698	0.01459	0.06953	0.00572	0.04917	0.00626	0.10854
2	0.11979	0.01547	0.01761	0.11683	0.06230	0.05300	0.01273	0.17152	0.02066	0.08799	0.02180	0.13083	0.02021	0.10168	0.01166	0.00314	0.00789	0.00942	0.00599	0.00948
3	0.01690	0.02064	0.14465	0.06059	0.22433	0.08231	0.01828	0.02223	0.04183	0.02324	0.01899	0.02345	0.03478	0.01821	0.14660	0.00435	0.01173	0.00718	0.06979	0.00992
4	0.01495	0.01420	0.02332	0.61746	0.04901	0.01809	0.02093	0.01966	0.01502	0.01966	0.01330	0.02018	0.01031	0.00852	0.01010	0.00269	0.10367	0.00688	0.00344	0.00860
5	0.01201	0.00875	0.01194	0.01165	0.01266	0.01013	0.00872	0.01417	0.01258	0.01864	0.02119	0.03362	0.02060	0.19710	0.41457	0.00937	0.07527	0.00871	0.09170	0.00660
6	0.00997	0.00767	0.00836	0.00846	0.01005	0.00688	0.00579	0.01146	0.01596	0.02006	0.11454	0.12170	0.37832	0.22587	0.01805	0.00407	0.00500	0.01515	0.00659	0.00606
7	0.01696	0.01696	0.02375	0.02036	0.02036	0.02375	0.01696	0.01866	0.01187	0.01866	0.01018	0.01696	0.01018	0.01357	0.02545	0.00339	0.71332	0.00679	0.00339	0.00848
8	0.12832	0.01556	0.01848	0.01435	0.02025	0.01533	0.01185	0.19009	0.02462	0.44280	0.02508	0.02269	0.01632	0.00922	0.00741	0.00238	0.00701	0.00714	0.00853	0.01258
9	0.02029	0.01716	0.01810	0.01598	0.02055	0.01976	0.01252	0.10177	0.60293	0.03406	0.03028	0.02791	0.02263	0.01040	0.00788	0.00260	0.00637	0.00859	0.00788	0.01236
10	0.66894	0.01643	0.05489	0.01126	0.01659	0.01691	0.00994	0.02420	0.01418	0.09033	0.01271	0.01403	0.00942	0.00742	0.00522	0.00240	0.00640	0.00461	0.00512	0.00901
11	0.02067	0.04755	0.01630	0.01279	0.01665	0.01424	0.00993	0.16699	0.09089	0.14503	0.05090	0.08522	0.09804	0.15083	0.01408	0.00341	0.00668	0.01031	0.00712	0.03236

[dist]
# distance from previous block
# <min> <max>
0	1

[block]
# block no. 1 follows, 25 sequences, length 74
# corresponding to MSA columns:
# 114-140,143-189
name=unknown_B
#
# <colnr> <probs for GDERKNQSTAVLIFYWHMCP>
#	G	D	E	R	K	N	Q	S	T	A	V	L	I	F	Y	W	H	M	C	P
0	0.01886	0.01332	0.01447	0.04660	0.01698	0.03877	0.01024	0.18788	0.02127	0.03177	0.02187	0.05692	0.01792	0.01183	0.03253	0.00256	0.06463	0.00776	0.37481	0.00900
1	0.01860	0.01533	0.01562	0.07377	0.01929	0.10250	0.01105	0.16583	0.01999	0.02681	0.01987	0.02779	0.01747	0.13835	0.16209	0.00528	0.01107	0.00775	0.13305	0.00848
2	0.02996	0.01923	0.02163	0.01670	0.02266	0.02057	0.01377	0.48664	0.03223	0.19333	0.02145	0.02087	0.01481	0.01133	0.03531	0.00275	0.00858	0.00722	0.00803	0.01294
3	0.02677	0.01648	0.02077	0.01926	0.10944	0.01625	0.01367	0.22654	0.04953	0.25283	0.02314	0.05611	0.01713	0.00941	0.00761	0.00225	0.00733	0.00775	0.00741	0.11033
4	0.02056	0.05908	0.39537	0.05564	0.11017	0.01705	0.02313	0.02720	0.01779	0.17463	0.01766	0.01904	0.01229	0.00781	0.00742	0.00240	0.00989	0.00633	0.00479	0.01176
5	0.04731	0.01502	0.02441	0.52405	0.04613	0.01785	0.07306	0.05459	0.01662	0.02258	0.01390	0.01988	0.01057	0.00792	0.00854	0.00255	0.04481	0.00688	0.00382	0.03949
6	0.02443	0.42310	0.03256	0.01594	0.02171	0.23464	0.01399	0.10998	0.02044	0.02257	0.01220	0.01374	0.01040	0.00741	0.00597	0.00185	0.01008	0.00479	0.00412	0.01009
7	0.01127	0.00852	0.01260	0.01242	0.01402	0.00972	0.00967	0.01406	0.01260	0.01828	0.02050	0.02991	0.01908	0.05613	0.67016	0.01203	0.02019	0.00816	0.00417	0.03650
8	0.01108	0.00831	0.01246	0.01246	0.01385	0.00969	0.00969	0.01385	0.01246	0.01800	0.02077	0.03046	0.01938	0.05815	0.69678	0.01246	0.02077	0.00831	0.00415	0.00692
9	0.01686	0.19041	0.44081	0.07266	0.03259	0.02090	0.07591	0.02392	0.01633	0.02282	0.01335	0.01619	0.01005	0.00716	0.00701	0.00230	0.01080	0.00575	0.00335	0.01083
10	0.01085	0.00861	0.00987	0.00973	0.01201	0.00801	0.00733	0.01517	0.07603	0.02547	0.27618	0.12078	0.33025	0.01799	0.00917	0.00264	0.00421	0.04066	0.00772	0.00732
11	0.00945	0.00675	0.00900	0.01080	0.01125	0.00630	0.00720	0.01080	0.01484	0.01979	0.04274	0.72245	0.05128	0.02429	0.00990	0.00315	0.00450	0.02204	0.00720	0.00630
12	0.75177	0.04372	0.01257	0.01032	0.01519	0.01793	0.00859	0.02281	0.01330	0.03413	0.01080	0.01259	0.00846	0.00717	0.00481	0.00237	0.00609	0.00420	0.00474	0.00846
13	0.01075	0.00787	0.01008	0.00962	0.01147	0.00720	0.00718	0.01415	0.02126	0.02970	0.59445	0.08691	0.12730	0.01655	0.00918	0.00248	0.00372	0.01457	0.00836	0.00720
14	0.02277	0.01775	0.01967	0.01466	0.02121	0.01718	0.01196	0.33610	0.02626	0.03705	0.01620	0.01735	0.01233	0.00752	0.00675	0.00174	0.00714	0.00579	0.00617	0.39441
15	0.01642	0.02610	0.29990	0.12081	0.15452	0.01670	0.07246	0.02286	0.01659	0.02419	0.01414	0.01780	0.01081	0.00697	0.00732	0.00222	0.00997	0.00617	0.00369	0.15035
16	0.02503	0.16376	0.02736	0.05295	0.14392	0.38689	0.01653	0.05613	0.02039	0.02140	0.01261	0.01514	0.01056	0.00759	0.00680	0.00203	0.01163	0.00535	0.00399	0.00995
17	0.03420	0.01414	0.01858	0.01424	0.02026	0.01280	0.01177	0.10595	0.02377	0.61412	0.02926	0.02553	0.01853	0.00956	0.00779	0.00239	0.00681	0.00771	0.00939	0.01319
18	0.05651	0.02069	0.02102	0.01703	0.02252	0.05556	0.01376	0.41518	0.22193	0.04194	0.02183	0.02122	0.01596	0.00952	0.00764	0.00240	0.00799	0.00730	0.00749	0.01252
19	0.01576	0.01577	0.02923	0.51024	0.07876	0.01787	0.17843	0.02124	0.01630	0.02131	0.01429	0.02066	0.01078	0.00741	0.00810	0.00258	0.01097	0.00745	0.00358	0.00924
20	0.01999	0.63364	0.13270	0.01452	0.02185	0.02888	0.01546	0.02341	0.01584	0.01914	0.01123	0.01300	0.00993	0.00674	0.00532	0.00177	0.00874	0.00437	0.00331	0.01017
21	0.01576	0.06840	0.66090	0.02174	0.03300	0.01853	0.02802	0.02450	0.01634	0.02430	0.01379	0.01621	0.00983	0.00734	0.00727	0.00242	0.01133	0.00566	0.00328	0.01140
22	0.00916	0.00785	0.00785	0.00785	0.01047	0.00655	0.00589	0.01113	0.01767	0.02095	0.07855	0.07462	0.67599	0.01964	0.00916	0.00262	0.00393	0.01636	0.00720	0.00655
23	0.01898	0.01820	0.03109	0.07871	0.64969	0.01837	0.02369	0.02361	0.01755	0.02507	0.01455	0.01926	0.01219	0.00695	0.00768	0.00232	0.00926	0.00691	0.00382	0.01211
24	0.01894	0.01817	0.03103	0.08340	0.64525	0.01836	0.02367	0.02358	0.01754	0.02503	0.01454	0.01927	0.01218	0.00695	0.00768	0.00232	0.00927	0.00691	0.00382	0.01208
25	0.03382	0.01475	0.01896	0.01453	0.02057	0.01370	0.01201	0.15002	0.02479	0.56860	0.02841	0.02497	0.01810	0.00954	0.00779	0.00239	0.00695	0.00765	0.00926	0.01319
26	0.01126	0.00758	0.00879	0.00879	0.00891	0.00770	0.00512	0.01149	0.01138	0.01528	0.02412	0.04903	0.02745	0.67099	0.09497	0.00793	0.00864	0.01102	0.00465	0.00489
27	0.01653	0.01637	0.02366	0.14805	0.02649	0.02254	0.01781	0.01887	0.01255	0.01887	0.01085	0.01765	0.01021	0.01249	0.02216	0.00324	0.58293	0.00680	0.00340	0.00851
28	0.05745	0.01841	0.16886	0.01490	0.02034	0.01322	0.01430	0.08341	0.04976	0.17789	0.12962	0.13905	0.03074	0.01273	0.00821	0.00258	0.00707	0.03418	0.00702	0.01027
29	0.00945	0.00675	0.00900	0.01080	0.01125	0.00630	0.00720	0.01080	0.01484	0.01979	0.04274	0.72245	0.05128	0.02429	0.00990	0.00315	0.00450	0.02204	0.00720	0.00630
30	0.03479	0.01320	0.01799	0.01380	0.01979	0.01140	0.01140	0.03779	0.02219	0.68451	0.03059	0.02639	0.01919	0.00960	0.00780	0.00240	0.00660	0.00780	0.00960	0.01320
31	0.01919	0.01842	0.03147	0.04759	0.67914	0.01842	0.02380	0.02380	0.01765	0.02533	0.01458	0.01919	0.01228	0.00691	0.00768	0.00230	0.00921	0.00691	0.00384	0.01228
32	0.01874	0.01828	0.03214	0.09933	0.56969	0.01844	0.08174	0.02357	0.01754	0.02484	0.01462	0.01947	0.01208	0.00694	0.00782	0.00235	0.00966	0.00711	0.00381	0.01182
33	0.01112	0.00813	0.01158	0.01158	0.01266	0.00921	0.00859	0.01328	0.01220	0.01735	0.02158	0.03493	0.02133	0.20581	0.55178	0.01137	0.01785	0.00896	0.00427	0.00643
34	0.01696	0.01696	0.02375	0.02036	0.02036	0.02375	0.01696	0.01866	0.01187	0.01866	0.01018	0.01696	0.01018	0.01357	0.02545	0.00339	0.71332	0.00679	0.00339	0.00848
35	0.01608	0.01378	0.01608	0.01148	0.01837	0.01034	0.00919	0.01952	0.01608	0.02527	0.01378	0.01608	0.01148	0.00574	0.00574	0.00115	0.00574	0.00459	0.00459	0.77491
36	0.02073	0.73217	0.04063	0.01327	0.01990	0.03068	0.01327	0.02322	0.01575	0.01824	0.01078	0.01244	0.00995	0.00663	0.00498	0.00166	0.00829	0.00415	0.00332	0.00995
37	0.03011	0.01372	0.01743	0.01400	0.01934	0.01302	0.01128	0.03731	0.16917	0.50308	0.03052	0.02813	0.02065	0.04396	0.00932	0.00270	0.00654	0.00818	0.00897	0.01258
38	0.02896	0.03695	0.02197	0.01998	0.02397	0.69638	0.01498	0.03096	0.02197	0.01898	0.01199	0.01398	0.00999	0.00799	0.00699	0.00200	0.01398	0.00499	0.00400	0.00899
39	0.01815	0.01736	0.02960	0.19837	0.53647	0.01815	0.02328	0.02289	0.01716	0.02407	0.01440	0.01953	0.01184	0.00710	0.00769	0.00237	0.00947	0.00690	0.00375	0.01145
40	0.02785	0.13135	0.02451	0.01906	0.02342	0.60600	0.01475	0.02991	0.02113	0.01888	0.01182	0.01377	0.00998	0.00781	0.00672	0.00195	0.01321	0.00488	0.00390	0.00912
41	0.02857	0.03621	0.02235	0.02108	0.05021	0.66923	0.01533	0.03067	0.02180	0.01923	0.01209	0.01419	0.01008	0.00795	0.00702	0.00201	0.01379	0.00507	0.00399	0.00912
42	0.01608	0.01378	0.01608	0.01148	0.01837	0.01034	0.00919	0.01952	0.01608	0.02527	0.01378	0.01608	0.01148	0.00574	0.00574	0.00115	0.00574	0.00459	0.00459	0.77491
43	0.02802	0.02062	0.02224	0.01725	0.02301	0.02281	0.01413	0.60223	0.03449	0.04628	0.01894	0.02040	0.01404	0.04093	0.03543	0.00293	0.00896	0.00721	0.00749	0.01259
44	0.03264	0.01352	0.01794	0.01401	0.01972	0.01228	0.01151	0.06307	0.05717	0.59172	0.02968	0.02638	0.01919	0.01185	0.03926	0.00287	0.00730	0.00784	0.00918	0.01286
45	0.01919	0.01842	0.03147	0.04759	0.67914	0.01842	0.02380	0.02380	0.01765	0.02533	0.01458	0.01919	0.01228	0.00691	0.00768	0.00230	0.00921	0.00691	0.00384	0.01228
46	0.01482	0.01397	0.02358	0.68244	0.07841	0.01727	0.02162	0.01997	0.01559	0.02003	0.01381	0.02061	0.01041	0.00772	0.00775	0.00257	0.01029	0.00689	0.00346	0.00876
47	0.01958	0.01916	0.03109	0.04649	0.65307	0.04540	0.02345	0.02408	0.01783	0.02508	0.01448	0.01898	0.01219	0.00695	0.00765	0.00229	0.00940	0.00683	0.00384	0.01215
48	0.01128	0.00752	0.00846	0.00846	0.00846	0.00752	0.00470	0.01128	0.01128	0.01503	0.02443	0.05074	0.02819	0.72751	0.03946	0.00752	0.00752	0.01128	0.00470	0.00470
49	0.01830	0.02092	0.04575	0.03268	0.04052	0.01961	0.65098	0.02484	0.01830	0.02484	0.01569	0.02092	0.01176	0.00654	0.00915	0.00261	0.01307	0.00915	0.00392	0.01046
50	0.01616	0.12083	0.61191	0.02107	0.03197	0.01949	0.02685	0.02440	0.01630	0.02382	0.01355	0.01591	0.00984	0.00728	0.00709	0.00236	0.01109	0.00554	0.00328	0.01128
51	0.00918	0.00780	0.00791	0.00799	0.01051	0.00653	0.00595	0.01111	0.01754	0.02089	0.07684	0.10543	0.64628	0.01986	0.00920	0.00264	0.00395	0.01663	0.00720	0.00653
52	0.01523	0.01422	0.02312	0.62221	0.07722	0.01745	0.02085	0.02179	0.07045	0.02111	0.01532	0.02131	0.01154	0.00795	0.00776	0.00258	0.00993	0.00705	0.00384	0.00908
53	0.01779	0.33971	0.40736	0.01828	0.02765	0.02349	0.02199	0.02398	0.01610	0.02182	0.01256	0.01467	0.00988	0.00705	0.00633	0.00211	0.01009	0.00504	0.00329	0.01081
54	0.03479	0.01320	0.01799	0.01380	0.01979	0.01140	0.01140	0.03779	0.02219	0.68451	0.03059	0.02639	0.01919	0.00960	0.00780	0.00240	0.00660	0.00780	0.00960	0.01320
55	0.01108	0.00831	0.01246	0.01246	0.01385	0.00969	0.00969	0.01385	0.01246	0.01800	0.02077	0.03046	0.01938	0.05815	0.69678	0.01246	0.02077	0.00831	0.00415	0.00692
56	0.01555	0.04011	0.68733	0.02210	0.03356	0.01801	0.02865	0.02455	0.01637	0.02455	0.01391	0.01637	0.00982	0.00737	0.00737	0.00246	0.01146	0.00573	0.00327	0.01146
57	0.01650	0.01415	0.01491	0.01363	0.01746	0.01570	0.01053	0.03283	0.48102	0.02971	0.07724	0.04103	0.17675	0.01291	0.00825	0.00262	0.00549	0.01080	0.00777	0.01068
58	0.00945	0.00675	0.00900	0.01080	0.01125	0.00630	0.00720	0.01080	0.01484	0.01979	0.04274	0.72245	0.05128	0.02429	0.00990	0.00315	0.00450	0.02204	0.00720	0.00630
59	0.19308	0.01822	0.03304	0.13384	0.09666	0.01862	0.34698	0.02349	0.01663	0.02639	0.01417	0.01881	0.01082	0.00691	0.00780	0.00253	0.01066	0.00745	0.00404	0.00987
60	0.02343	0.50560	0.03462	0.01536	0.02123	0.22017	0.01381	0.05061	0.01835	0.01968	0.01144	0.01313	0.01009	0.00713	0.00566	0.00178	0.00992	0.00450	0.00369	0.00981
61	0.02553	0.01888	0.02080	0.01568	0.02209	0.01923	0.01286	0.42921	0.02949	0.06891	0.01762	0.01816	0.01291	0.00821	0.00713	0.00196	0.00758	0.00627	0.00685	0.25062
62	0.05286	0.03367	0.49091	0.02659	0.13645	0.01819	0.08463	0.02438	0.01660	0.02519	0.01404	0.01706	0.01033	0.00721	0.00746	0.00244	0.01099	0.00616	0.00350	0.01135
63	0.01818	0.01739	0.02964	0.19521	0.53946	0.01816	0.02329	0.02291	0.01717	0.02410	0.01441	0.01952	0.01185	0.00710	0.00769	0.00237	0.00946	0.00690	0.00375	0.01146
64	0.01501	0.01416	0.02392	0.65548	0.10393	0.01732	0.02172	0.02013	0.01568	0.02026	0.01385	0.02055	0.01049	0.00768	0.00775	0.00256	0.01025	0.00689	0.00348	0.00891
65	0.02948	0.01748	0.11791	0.07538	0.05721	0.01321	0.01541	0.03363	0.02054	0.49843	0.02592	0.02407	0.01672	0.00898	0.00772	0.00242	0.00776	0.00737	0.00786	0.01251
66	0.01744	0.06607	0.30195	0.05765	0.03534	0.01874	0.28528	0.02441	0.01715	0.04744	0.01536	0.01919	0.01139	0.00918	0.03657	0.00290	0.01212	0.00730	0.00382	0.01070
67	0.01108	0.00831	0.01246	0.01246	0.01385	0.00969	0.00969	0.01385	0.01246	0.01800	0.02077	0.03046	0.01938	0.05815	0.69678	0.01246	0.02077	0.00831	0.00415	0.00692
68	0.02108	0.70301	0.03985	0.01355	0.02007	0.05860	0.01334	0.02354	0.01602	0.01827	0.01083	0.01250	0.00995	0.00669	0.00506	0.00167	0.00853	0.00418	0.00335	0.00991
69	0.05760	0.01756	0.09983	0.16394	0.21298	0.01598	0.04129	0.02268	0.06943	0.02471	0.02172	0.03556	0.01984	0.01081	0.00827	0.00271	0.00892	0.15134	0.00485	0.00998
70	0.01540	0.01428	0.04352	0.11202	0.13330	0.04539	0.01546	0.04916	0.04616	0.02440	0.05468	0.14438	0.03137	0.01514	0.00906	0.00290	0.00791	0.22070	0.00592	0.00885
71	0.01600	0.01530	0.02541	0.32896	0.15509	0.01811	0.07141	0.02021	0.01536	0.02133	0.01513	0.05299	0.01306	0.00955	0.01159	0.00270	0.15771	0.00778	0.03307	0.00924
72	0.02197	0.05287	0.08229	0.01635	0.02145	0.01724	0.03984	0.15799	0.12025	0.15001	0.05013	0.02497	0.01893	0.01851	0.13420	0.00428	0.04345	0.00777	0.00649	0.01100
73	0.08560	0.01619	0.02601	0.32255	0.03870	0.01824	0.15006	0.10791	0.01882	0.02643	0.01676	0.02527	0.01377	0.00907	0.00877	0.00266	0.03912	0.06004	0.00457	0.00948

[dist]
# distance from previous block
# <min> <max>
9	31

[block]
# block no. 2 follows, 25 sequences, length 6
# corresponding to MSA columns:
# 232-237
name=unknown_C
#
# <colnr> <probs for GDERKNQSTAVLIFYWHMCP>
#	G	D	E	R	K	N	Q	S	T	A	V	L	I	F	Y	W	H	M	C	P
0	0.23999	0.01500	0.01738	0.01399	0.01895	0.01582	0.01157	0.09292	0.01987	0.35986	0.02142	0.02064	0.01450	0.00938	0.00909	0.00251	0.09188	0.00659	0.00733	0.01129
1	0.06416	0.06321	0.30438	0.14770	0.07225	0.08048	0.02083	0.02245	0.01597	0.02237	0.01467	0.02083	0.01222	0.09430	0.01101	0.00299	0.01037	0.00644	0.00368	0.00967
2	0.34546	0.08196	0.02173	0.23766	0.03062	0.01845	0.07700	0.02294	0.01520	0.06490	0.01338	0.01680	0.01012	0.00740	0.00637	0.00241	0.00834	0.00576	0.00441	0.00909
3	0.10581	0.00973	0.01057	0.00993	0.01126	0.01033	0.00662	0.06792	0.01429	0.02137	0.05307	0.04173	0.02580	0.47879	0.09633	0.00670	0.00855	0.00989	0.00510	0.00622
4	0.06021	0.01538	0.02236	0.42965	0.08359	0.01789	0.01860	0.11090	0.05928	0.08257	0.01688	0.02086	0.01234	0.00821	0.00760	0.00251	0.00920	0.00695	0.00494	0.01010
5	0.01589	0.14214	0.02292	0.22225	0.02833	0.06394	0.01523	0.01912	0.01452	0.01874	0.01483	0.02133	0.01309	0.02433	0.22772	0.00562	0.11130	0.00671	0.00368	0.00832

[dist]
# distance from previous block
# <min> <max>
0	1

[block]
# block no. 3 follows, 25 sequences, length 20
# corresponding to MSA columns:
# 239-258
name=unknown_D
#
# <colnr> <probs for GDERKNQSTAVLIFYWHMCP>
#	G	D	E	R	K	N	Q	S	T	A	V	L	I	F	Y	W	H	M	C	P
0	0.10804	0.04959	0.01875	0.01411	0.01959	0.01552	0.01163	0.11493	0.10429	0.38378	0.02562	0.02380	0.01742	0.01181	0.04324	0.00291	0.00755	0.00729	0.00805	0.01209
1	0.01311	0.01010	0.01432	0.01461	0.04896	0.01158	0.01059	0.06059	0.01432	0.02034	0.02020	0.03053	0.01908	0.11968	0.51292	0.01028	0.04850	0.00838	0.00442	0.00749
2	0.14553	0.01820	0.02990	0.19012	0.07774	0.01935	0.24405	0.13082	0.01985	0.02942	0.01485	0.01898	0.01114	0.00744	0.00776	0.00250	0.01022	0.00727	0.00460	0.01026
3	0.02438	0.01817	0.02016	0.04986	0.02326	0.01996	0.01348	0.29467	0.27623	0.09138	0.02405	0.02318	0.01748	0.00949	0.00768	0.00239	0.00736	0.00758	0.00754	0.06170
4	0.02118	0.11250	0.02892	0.02137	0.02466	0.22182	0.11946	0.02385	0.01638	0.01971	0.01168	0.01617	0.01035	0.00992	0.01481	0.00264	0.30548	0.00632	0.00365	0.00914
5	0.01128	0.00752	0.00846	0.00846	0.00846	0.00752	0.00470	0.01128	0.01128	0.01503	0.02443	0.05074	0.02819	0.72751	0.03946	0.00752	0.00752	0.01128	0.00470	0.00470
6	0.02947	0.02172	0.02327	0.01784	0.02404	0.02404	0.01474	0.65329	0.03646	0.04887	0.01862	0.01862	0.01319	0.00931	0.00776	0.00233	0.00853	0.00698	0.00776	0.01319
7	0.06014	0.53702	0.03529	0.01415	0.02059	0.02853	0.01336	0.16500	0.02029	0.02595	0.01254	0.01384	0.01060	0.00726	0.00559	0.00185	0.00823	0.00479	0.00439	0.01060
8	0.02896	0.02146	0.02298	0.01774	0.02385	0.02381	0.01461	0.62245	0.06813	0.04804	0.01927	0.01914	0.01371	0.00937	0.00776	0.00234	0.00841	0.00707	0.00776	0.01314
9	0.01128	0.00752	0.00846	0.00846	0.00846	0.00752	0.00470	0.01128	0.01128	0.01503	0.02443	0.05074	0.02819	0.72751	0.03946	0.00752	0.00752	0.01128	0.00470	0.00470
10	0.01822	0.01825	0.02969	0.06250	0.02804	0.02227	0.19028	0.07207	0.01584	0.02287	0.01257	0.01839	0.01087	0.01097	0.01855	0.00305	0.42482	0.00745	0.00390	0.00941
11	0.01990	0.01976	0.03078	0.04559	0.63172	0.06749	0.02316	0.02431	0.01797	0.02487	0.01440	0.01881	0.01212	0.00699	0.00763	0.00228	0.00956	0.00677	0.00385	0.01204
12	0.00935	0.00786	0.00812	0.00805	0.01059	0.00663	0.00604	0.01149	0.01812	0.02201	0.14085	0.07288	0.61303	0.01924	0.00916	0.00260	0.00390	0.01612	0.00734	0.00663
13	0.01128	0.00752	0.00846	0.00846	0.00846	0.00752	0.00470	0.01128	0.01128	0.01503	0.02443	0.05074	0.02819	0.72751	0.03946	0.00752	0.00752	0.01128	0.00470	0.00470
14	0.02927	0.02098	0.02268	0.01751	0.02361	0.02309	0.01442	0.58786	0.06705	0.08403	0.01994	0.01957	0.01405	0.00938	0.00777	0.00235	0.00830	0.00712	0.00787	0.01314
15	0.01555	0.04011	0.68733	0.02210	0.03356	0.01801	0.02865	0.02455	0.01637	0.02455	0.01391	0.01637	0.00982	0.00737	0.00737	0.00246	0.01146	0.00573	0.00327	0.01146
16	0.00916	0.00785	0.00785	0.00785	0.01047	0.00655	0.00589	0.01113	0.01767	0.02095	0.07855	0.07462	0.67599	0.01964	0.00916	0.00262	0.00393	0.01636	0.00720	0.00655
17	0.01128	0.00752	0.00846	0.00846	0.00846	0.00752	0.00470	0.01128	0.01128	0.01503	0.02443	0.05074	0.02819	0.72751	0.03946	0.00752	0.00752	0.01128	0.00470	0.00470
18	0.01591	0.03759	0.60306	0.02349	0.03447	0.01822	0.11040	0.02459	0.01662	0.02459	0.01415	0.01697	0.01008	0.00726	0.00760	0.00248	0.01167	0.00618	0.00336	0.01133
19	0.02088	0.25306	0.18046	0.06279	0.02633	0.20348	0.01824	0.02480	0.01705	0.02004	0.01194	0.01484	0.00998	0.00810	0.00879	0.00221	0.09850	0.00524	0.00351	0.00977

[dist]
# distance from previous block
# <min> <max>
0	2

[block]
# block no. 4 follows, 25 sequences, length 37
# corresponding to MSA columns:
# 261-297
name=unknown_E
#
# <colnr> <probs for GDERKNQSTAVLIFYWHMCP>
#	G	D	E	R	K	N	Q	S	T	A	V	L	I	F	Y	W	H	M	C	P
0	0.02155	0.28238	0.18900	0.01748	0.02435	0.18291	0.01732	0.05070	0.10209	0.02290	0.01479	0.01611	0.01182	0.00773	0.00651	0.00208	0.01013	0.00543	0.00422	0.01051
1	0.01979	0.02251	0.03316	0.07542	0.03318	0.17046	0.33312	0.02442	0.01798	0.02239	0.01442	0.01915	0.01151	0.01000	0.04400	0.00291	0.06451	0.00748	0.00393	0.06967
2	0.01156	0.00847	0.00980	0.00940	0.01095	0.00789	0.00633	0.03223	0.01579	0.02121	0.14395	0.13955	0.14952	0.31540	0.02167	0.00459	0.00575	0.01336	0.00619	0.06638
3	0.06718	0.01642	0.02058	0.01767	0.06466	0.01662	0.03226	0.18376	0.12098	0.33869	0.02537	0.02358	0.01720	0.00928	0.00768	0.00242	0.00733	0.00755	0.00811	0.01267
4	0.02280	0.01739	0.02167	0.05097	0.02420	0.01713	0.06332	0.25220	0.07267	0.08793	0.01839	0.01942	0.01361	0.00787	0.00717	0.00198	0.00766	0.00651	0.00628	0.28086
5	0.02179	0.64228	0.03822	0.01413	0.02043	0.11675	0.01349	0.02422	0.01656	0.01834	0.01094	0.01264	0.00996	0.00681	0.00524	0.00170	0.00903	0.00426	0.00340	0.00983
6	0.00929	0.00786	0.00803	0.00799	0.01055	0.00660	0.00599	0.01137	0.01797	0.02166	0.12034	0.07345	0.63375	0.01937	0.00916	0.00261	0.00391	0.01620	0.00729	0.00660
7	0.01707	0.02278	0.15265	0.17037	0.04197	0.01884	0.41291	0.02375	0.01739	0.02375	0.01499	0.02007	0.01113	0.00693	0.00855	0.00258	0.01223	0.00809	0.00371	0.01025
8	0.01169	0.00868	0.01098	0.01028	0.01233	0.00835	0.00774	0.01693	0.07758	0.03121	0.61939	0.05541	0.06888	0.01539	0.00904	0.00246	0.00387	0.01357	0.00848	0.00774
9	0.01606	0.10747	0.62439	0.02124	0.03223	0.01924	0.02715	0.02442	0.01631	0.02394	0.01361	0.01599	0.00983	0.00730	0.00713	0.00238	0.01115	0.00558	0.00328	0.01131
10	0.00954	0.00689	0.00903	0.01057	0.01123	0.00638	0.00714	0.01108	0.01549	0.02064	0.08886	0.64301	0.08452	0.02346	0.00981	0.00307	0.00441	0.02119	0.00729	0.00638
11	0.02295	0.01652	0.01837	0.01529	0.01981	0.01779	0.01227	0.37807	0.07918	0.06875	0.07165	0.13545	0.05245	0.01317	0.00839	0.00256	0.00706	0.04141	0.00777	0.01110
12	0.00941	0.00688	0.00886	0.01045	0.01116	0.00633	0.00705	0.01083	0.01517	0.01993	0.04689	0.64728	0.12377	0.02375	0.00981	0.00309	0.00443	0.02138	0.00720	0.00633
13	0.02735	0.02066	0.02207	0.01741	0.02324	0.02305	0.01422	0.52584	0.16736	0.04544	0.02131	0.02076	0.01537	0.00956	0.00778	0.00239	0.00803	0.00735	0.00778	0.01300
14	0.01107	0.00743	0.00852	0.00872	0.00878	0.00738	0.00498	0.01122	0.01168	0.01558	0.02653	0.12767	0.03083	0.64697	0.03608	0.00702	0.00717	0.01251	0.00498	0.00488
15	0.02376	0.01735	0.01929	0.01558	0.02062	0.01861	0.01268	0.39571	0.06678	0.06241	0.02387	0.02876	0.04400	0.04621	0.06337	0.00338	0.00873	0.05105	0.00710	0.07075
16	0.01555	0.04011	0.68733	0.02210	0.03356	0.01801	0.02865	0.02455	0.01637	0.02455	0.01391	0.01637	0.00982	0.00737	0.00737	0.00246	0.01146	0.00573	0.00327	0.01146
17	0.03437	0.01386	0.01841	0.01411	0.02013	0.01239	0.01166	0.08610	0.02331	0.63462	0.02965	0.02578	0.01872	0.00957	0.00779	0.00239	0.00675	0.00773	0.00945	0.01319
18	0.03280	0.01269	0.01729	0.01356	0.01912	0.01100	0.01107	0.03567	0.02162	0.63233	0.03154	0.08103	0.02171	0.01075	0.00796	0.00246	0.00643	0.00892	0.00941	0.01265
19	0.01739	0.01920	0.09791	0.24944	0.38536	0.01805	0.02308	0.02343	0.04661	0.02386	0.01504	0.01980	0.01194	0.00739	0.00768	0.00242	0.00966	0.00686	0.00384	0.01105
20	0.78228	0.01499	0.01140	0.01020	0.01499	0.01739	0.00840	0.02279	0.01320	0.03479	0.01080	0.01260	0.00840	0.00720	0.00480	0.00240	0.00600	0.00420	0.00480	0.00840
21	0.01445	0.00723	0.00723	0.00723	0.00903	0.00723	0.00542	0.01807	0.01626	0.02891	0.02529	0.02891	0.01987	0.00903	0.00542	0.00181	0.00361	0.00723	0.77055	0.00723
22	0.01929	0.01666	0.01753	0.01578	0.02016	0.01929	0.01227	0.04120	0.66513	0.03243	0.03156	0.02893	0.02367	0.01052	0.00789	0.00263	0.00614	0.00877	0.00789	0.01227
23	0.01919	0.01842	0.03147	0.04759	0.67914	0.01842	0.02380	0.02380	0.01765	0.02533	0.01458	0.01919	0.01228	0.00691	0.00768	0.00230	0.00921	0.00691	0.00384	0.01228
24	0.01867	0.14540	0.02761	0.16284	0.05853	0.09968	0.04093	0.02157	0.01496	0.01940	0.01164	0.01684	0.01030	0.00994	0.01465	0.00268	0.30556	0.00623	0.00350	0.00907
25	0.00976	0.00699	0.00927	0.01058	0.01131	0.00650	0.00722	0.01157	0.01629	0.02209	0.17110	0.58754	0.05572	0.02258	0.00974	0.00300	0.00433	0.02041	0.00747	0.00650
26	0.02726	0.02309	0.07592	0.01862	0.02509	0.04419	0.04779	0.52949	0.03277	0.04407	0.01813	0.01878	0.01299	0.00896	0.00769	0.00232	0.00899	0.00694	0.03436	0.01257
27	0.01125	0.00756	0.00864	0.00858	0.00876	0.00750	0.00495	0.01160	0.01231	0.01659	0.08760	0.05144	0.03255	0.65842	0.03652	0.00702	0.00714	0.01154	0.00507	0.00495
28	0.02081	0.63569	0.06468	0.01405	0.02065	0.05923	0.01391	0.02456	0.05017	0.01928	0.01205	0.01353	0.01067	0.00693	0.00531	0.00176	0.00856	0.00449	0.00359	0.01009
29	0.03451	0.01364	0.01827	0.01401	0.02002	0.01206	0.01157	0.07012	0.02294	0.65112	0.02996	0.02598	0.01888	0.00958	0.00780	0.00240	0.00670	0.00775	0.00950	0.01319
30	0.01562	0.13834	0.01836	0.01298	0.01519	0.06229	0.01024	0.01750	0.01393	0.04717	0.01966	0.06182	0.01964	0.18748	0.25145	0.00696	0.08097	0.00849	0.00443	0.00750
31	0.01073	0.00792	0.01002	0.00950	0.01143	0.00721	0.00712	0.01415	0.02137	0.02971	0.59384	0.06019	0.15524	0.01637	0.00915	0.00246	0.00369	0.01434	0.00835	0.00721
32	0.01479	0.01214	0.01408	0.01103	0.01592	0.00993	0.00828	0.01831	0.04794	0.02313	0.01891	0.07338	0.01834	0.15621	0.01310	0.00268	0.00604	0.00741	0.00496	0.52342
33	0.01445	0.00723	0.00723	0.00723	0.00903	0.00723	0.00542	0.01807	0.01626	0.02891	0.02529	0.02891	0.01987	0.00903	0.00542	0.00181	0.00361	0.00723	0.77055	0.00723
34	0.02073	0.73217	0.04063	0.01327	0.01990	0.03068	0.01327	0.02322	0.01575	0.01824	0.01078	0.01244	0.00995	0.00663	0.00498	0.00166	0.00829	0.00415	0.00332	0.00995
35	0.02666	0.01948	0.02116	0.01661	0.02201	0.02154	0.01357	0.55001	0.03271	0.04426	0.01928	0.02112	0.01449	0.03670	0.06720	0.00333	0.00932	0.00724	0.04119	0.01211
36	0.01445	0.00723	0.00723	0.00723	0.00903	0.00723	0.00542	0.01807	0.01626	0.02891	0.02529	0.02891	0.01987	0.00903	0.00542	0.00181	0.00361	0.00723	0.77055	0.00723

[dist]
# distance from previous block
# <min> <max>
0	4

[block]
# block no. 5 follows, 25 sequences, length 59
# corresponding to MSA columns:
# 302-324,343-378
name=unknown_F
#
# <colnr> <probs for GDERKNQSTAVLIFYWHMCP>
#	G	D	E	R	K	N	Q	S	T	A	V	L	I	F	Y	W	H	M	C	P
0	0.02001	0.39240	0.03041	0.01521	0.01960	0.11643	0.01344	0.04403	0.01635	0.01953	0.01379	0.05191	0.01319	0.01414	0.07942	0.00317	0.11778	0.00611	0.00386	0.00921
1	0.78228	0.01499	0.01140	0.01020	0.01499	0.01739	0.00840	0.02279	0.01320	0.03479	0.01080	0.01260	0.00840	0.00720	0.00480	0.00240	0.00600	0.00420	0.00480	0.00840
2	0.04518	0.01302	0.02106	0.39324	0.03740	0.01553	0.06179	0.01804	0.01506	0.02065	0.02024	0.18562	0.02001	0.01218	0.01015	0.00280	0.08495	0.01051	0.00441	0.00817
3	0.78228	0.01499	0.01140	0.01020	0.01499	0.01739	0.00840	0.02279	0.01320	0.03479	0.01080	0.01260	0.00840	0.00720	0.00480	0.00240	0.00600	0.00420	0.00480	0.00840
4	0.01401	0.01174	0.01603	0.01461	0.01550	0.01473	0.01142	0.04650	0.01321	0.01916	0.01780	0.02928	0.01769	0.17163	0.30713	0.00793	0.25181	0.00831	0.00418	0.00732
5	0.01727	0.01453	0.01670	0.01217	0.01890	0.01181	0.00976	0.06974	0.04740	0.02743	0.01497	0.01686	0.01217	0.00624	0.00600	0.00131	0.00598	0.00497	0.00499	0.68080
6	0.01240	0.00934	0.01256	0.05448	0.01608	0.00873	0.02986	0.03437	0.01787	0.04726	0.16760	0.32160	0.13874	0.01777	0.00899	0.00266	0.00520	0.01580	0.00701	0.07170
7	0.09717	0.36756	0.05389	0.01685	0.04422	0.24224	0.01437	0.02559	0.01747	0.02057	0.01139	0.01346	0.00989	0.00737	0.00641	0.00194	0.03164	0.00466	0.00370	0.00958
8	0.03204	0.01353	0.01779	0.01381	0.01944	0.01224	0.01134	0.09551	0.02356	0.56151	0.08974	0.02859	0.02366	0.01015	0.00792	0.00240	0.00651	0.00830	0.00932	0.01264
9	0.02090	0.01847	0.08102	0.03484	0.42158	0.01645	0.02010	0.02666	0.06267	0.13752	0.04736	0.02409	0.03644	0.00840	0.00779	0.00237	0.00836	0.00766	0.00534	0.01199
10	0.01831	0.01400	0.01626	0.04567	0.01999	0.01443	0.01146	0.03034	0.31834	0.08919	0.07669	0.03468	0.04535	0.01103	0.00784	0.00238	0.00614	0.06593	0.00714	0.16484
11	0.07870	0.01652	0.02594	0.24004	0.37094	0.01784	0.02061	0.06029	0.01780	0.02567	0.01691	0.02135	0.03862	0.00785	0.00754	0.00241	0.00904	0.00708	0.00417	0.01069
12	0.01423	0.01090	0.01211	0.01102	0.01362	0.04539	0.00841	0.05050	0.05866	0.06023	0.47237	0.05239	0.13005	0.01494	0.00883	0.00244	0.00476	0.01287	0.00812	0.00817
13	0.01445	0.00723	0.00723	0.00723	0.00903	0.00723	0.00542	0.01807	0.01626	0.02891	0.02529	0.02891	0.01987	0.00903	0.00542	0.00181	0.00361	0.00723	0.77055	0.00723
14	0.01713	0.01440	0.01664	0.01198	0.01882	0.01141	0.00962	0.06925	0.01768	0.02712	0.01416	0.01628	0.01162	0.00602	0.00590	0.00124	0.00596	0.00478	0.00484	0.71514
15	0.01908	0.01492	0.01602	0.01432	0.01857	0.01651	0.01117	0.03605	0.50206	0.09031	0.03903	0.03605	0.12822	0.01190	0.00809	0.00261	0.00582	0.00990	0.00793	0.01144
16	0.01445	0.00723	0.00723	0.00723	0.00903	0.00723	0.00542	0.01807	0.01626	0.02891	0.02529	0.02891	0.01987	0.00903	0.00542	0.00181	0.00361	0.00723	0.77055	0.00723
17	0.08213	0.01771	0.09086	0.43861	0.11896	0.01769	0.08260	0.02149	0.01591	0.02270	0.01381	0.01940	0.01048	0.00745	0.00759	0.00253	0.01021	0.00676	0.00364	0.00948
18	0.78228	0.01499	0.01140	0.01020	0.01499	0.01739	0.00840	0.02279	0.01320	0.03479	0.01080	0.01260	0.00840	0.00720	0.00480	0.00240	0.00600	0.00420	0.00480	0.00840
19	0.01209	0.00912	0.01034	0.01010	0.01252	0.00859	0.00751	0.04270	0.07183	0.04614	0.17300	0.20083	0.32953	0.01841	0.00911	0.00268	0.00446	0.01583	0.00760	0.00761
20	0.78228	0.01499	0.01140	0.01020	0.01499	0.01739	0.00840	0.02279	0.01320	0.03479	0.01080	0.01260	0.00840	0.00720	0.00480	0.00240	0.00600	0.00420	0.00480	0.00840
21	0.01650	0.01510	0.02359	0.50560	0.12737	0.01796	0.02034	0.05290	0.09795	0.02346	0.01633	0.02142	0.01238	0.00806	0.00776	0.00254	0.00958	0.00713	0.00425	0.00975
22	0.01067	0.00791	0.00994	0.00943	0.01139	0.00718	0.00707	0.01404	0.02122	0.02937	0.57355	0.06076	0.17574	0.01650	0.00915	0.00247	0.00370	0.01442	0.00831	0.00718
23	0.01935	0.01642	0.01734	0.01550	0.01974	0.01891	0.01200	0.06856	0.60183	0.03232	0.03058	0.02956	0.02341	0.04733	0.00951	0.00287	0.00632	0.00881	0.00772	0.01193
24	0.00925	0.00786	0.00798	0.00795	0.01053	0.00658	0.00596	0.01130	0.01788	0.02145	0.10796	0.07380	0.64627	0.01945	0.00916	0.00261	0.00391	0.01625	0.00727	0.00658
25	0.01608	0.01378	0.01608	0.01148	0.01837	0.01034	0.00919	0.01952	0.01608	0.02527	0.01378	0.01608	0.01148	0.00574	0.00574	0.00115	0.00574	0.00459	0.00459	0.77491
26	0.01608	0.01378	0.01608	0.01148	0.01837	0.01034	0.00919	0.01952	0.01608	0.02527	0.01378	0.01608	0.01148	0.00574	0.00574	0.00115	0.00574	0.00459	0.00459	0.77491
27	0.01128	0.00752	0.00846	0.00846	0.00846	0.00752	0.00470	0.01128	0.01128	0.01503	0.02443	0.05074	0.02819	0.72751	0.03946	0.00752	0.00752	0.01128	0.00470	0.00470
28	0.01951	0.01654	0.01760	0.01582	0.02017	0.01902	0.01242	0.07458	0.59623	0.03289	0.03131	0.03135	0.02415	0.01101	0.00803	0.00266	0.00632	0.04045	0.00784	0.01206
29	0.03084	0.01839	0.02107	0.01628	0.02231	0.01925	0.01341	0.40006	0.06458	0.27609	0.02360	0.02195	0.01590	0.00948	0.00778	0.00237	0.00771	0.00737	0.00842	0.01314
30	0.02088	0.01758	0.01957	0.07298	0.02397	0.04323	0.03277	0.09544	0.48172	0.06211	0.02768	0.02641	0.02055	0.00993	0.00787	0.00256	0.00721	0.00828	0.00733	0.01193
31	0.01445	0.00723	0.00723	0.00723	0.00903	0.00723	0.00542	0.01807	0.01626	0.02891	0.02529	0.02891	0.01987	0.00903	0.00542	0.00181	0.00361	0.00723	0.77055	0.00723
32	0.08280	0.01955	0.02338	0.01862	0.02378	0.07480	0.12086	0.26193	0.08767	0.03421	0.02516	0.02817	0.08374	0.01051	0.00876	0.00252	0.03914	0.03738	0.00630	0.01073
33	0.02173	0.01739	0.01855	0.01605	0.02082	0.01978	0.01267	0.14788	0.52770	0.06340	0.02926	0.02702	0.02165	0.01027	0.00786	0.00257	0.00657	0.00841	0.00794	0.01247
34	0.01445	0.00723	0.00723	0.00723	0.00903	0.00723	0.00542	0.01807	0.01626	0.02891	0.02529	0.02891	0.01987	0.00903	0.00542	0.00181	0.00361	0.00723	0.77055	0.00723
35	0.01908	0.01873	0.02987	0.11390	0.55731	0.04958	0.02288	0.02350	0.01739	0.02419	0.01420	0.01901	0.01189	0.00732	0.00838	0.00236	0.03822	0.00681	0.00379	0.01160
36	0.78228	0.01499	0.01140	0.01020	0.01499	0.01739	0.00840	0.02279	0.01320	0.03479	0.01080	0.01260	0.00840	0.00720	0.00480	0.00240	0.00600	0.00420	0.00480	0.00840
37	0.02573	0.01854	0.02022	0.01624	0.02135	0.02031	0.01304	0.46093	0.09936	0.07383	0.02325	0.09057	0.01912	0.04889	0.00966	0.00272	0.00773	0.00891	0.00765	0.01197
38	0.78228	0.01499	0.01140	0.01020	0.01499	0.01739	0.00840	0.02279	0.01320	0.03479	0.01080	0.01260	0.00840	0.00720	0.00480	0.00240	0.00600	0.00420	0.00480	0.00840
39	0.01588	0.01569	0.02684	0.43207	0.07521	0.01905	0.10642	0.02044	0.01519	0.02051	0.01328	0.01981	0.01059	0.00883	0.01185	0.00275	0.16589	0.00718	0.00352	0.00902
40	0.00952	0.00787	0.00834	0.00822	0.01069	0.00670	0.00617	0.01181	0.01851	0.02292	0.19467	0.07137	0.55864	0.01890	0.00916	0.00258	0.00387	0.01591	0.00746	0.00670
41	0.01063	0.00809	0.00885	0.00854	0.01111	0.00692	0.00645	0.01303	0.01885	0.05048	0.21510	0.06877	0.50911	0.01835	0.00910	0.00257	0.00397	0.01547	0.00761	0.00700
42	0.01875	0.02097	0.11073	0.04268	0.56302	0.01842	0.02374	0.02487	0.05418	0.02564	0.01546	0.01940	0.01263	0.00717	0.00765	0.00234	0.00931	0.00687	0.00400	0.01218
43	0.04750	0.08130	0.52388	0.01980	0.02944	0.04986	0.02421	0.02379	0.01698	0.02490	0.07405	0.01965	0.01558	0.00812	0.00725	0.00238	0.01043	0.00629	0.00386	0.01074
44	0.01420	0.01214	0.01852	0.14770	0.06089	0.01433	0.03952	0.04788	0.01455	0.02033	0.01778	0.02735	0.01637	0.10513	0.30934	0.00742	0.10640	0.00804	0.00413	0.00797
45	0.01445	0.00723	0.00723	0.00723	0.00903	0.00723	0.00542	0.01807	0.01626	0.02891	0.02529	0.02891	0.01987	0.00903	0.00542	0.00181	0.00361	0.00723	0.77055	0.00723
46	0.05642	0.01335	0.07619	0.15090	0.05394	0.01193	0.01430	0.01767	0.03614	0.02297	0.03733	0.11095	0.15200	0.01556	0.00890	0.00290	0.00732	0.19731	0.00582	0.00810
47	0.02671	0.01907	0.01999	0.01612	0.02126	0.05785	0.01288	0.35441	0.14661	0.13652	0.02295	0.02436	0.01721	0.07528	0.01065	0.00285	0.00802	0.00771	0.00756	0.01200
48	0.01399	0.00718	0.00739	0.00755	0.00924	0.00714	0.00558	0.01740	0.01613	0.02807	0.02689	0.09243	0.02275	0.01043	0.00583	0.00193	0.00369	0.00858	0.70063	0.00714
49	0.20483	0.01663	0.02606	0.21545	0.27008	0.01799	0.09515	0.02260	0.01606	0.02610	0.01357	0.01818	0.01074	0.00716	0.00717	0.00244	0.00919	0.00651	0.00398	0.01012
50	0.66256	0.01503	0.01240	0.01095	0.01579	0.01717	0.00895	0.02548	0.07351	0.07788	0.01402	0.01501	0.01052	0.00766	0.00528	0.00242	0.00605	0.00486	0.00540	0.00907
51	0.02665	0.01961	0.02126	0.01685	0.02224	0.02155	0.01368	0.56280	0.03341	0.04477	0.02201	0.11774	0.01855	0.01142	0.00806	0.00244	0.00796	0.00910	0.00768	0.01222
52	0.71165	0.01431	0.01113	0.01004	0.01440	0.01649	0.00806	0.02174	0.01302	0.03298	0.01205	0.01609	0.01021	0.07318	0.00797	0.00287	0.00614	0.00485	0.00479	0.00806
53	0.01237	0.01057	0.01107	0.01042	0.01256	0.07032	0.00782	0.01563	0.02135	0.02855	0.52989	0.05626	0.15269	0.01567	0.00895	0.00242	0.00464	0.01353	0.00793	0.00736
54	0.01087	0.00771	0.00991	0.00971	0.01136	0.00713	0.00715	0.01413	0.02045	0.02896	0.52713	0.15545	0.08713	0.01687	0.00906	0.00252	0.00379	0.01493	0.04859	0.00713
55	0.01619	0.06010	0.56693	0.02031	0.03030	0.01703	0.02523	0.02395	0.01652	0.05879	0.01733	0.08144	0.01412	0.00901	0.00754	0.00249	0.01045	0.00728	0.00397	0.01102
56	0.49626	0.01350	0.01251	0.01075	0.01540	0.01453	0.00877	0.02547	0.01604	0.18706	0.05094	0.01967	0.01532	0.00838	0.00578	0.00235	0.00580	0.00583	0.07626	0.00936
57	0.01560	0.01329	0.01340	0.01230	0.01533	0.07393	0.00939	0.02413	0.20790	0.05167	0.31744	0.04684	0.13981	0.01392	0.00854	0.00248	0.00546	0.01180	0.00777	0.00900
58	0.01766	0.01670	0.02831	0.15847	0.51024	0.01742	0.02211	0.02220	0.01681	0.02371	0.01501	0.02048	0.01260	0.01175	0.07081	0.00328	0.01046	0.00703	0.00380	0.01116

[dist]
# distance from previous block
# <min> <max>
9	14

[block]
# block no. 6 follows, 25 sequences, length 15
# corresponding to MSA columns:
# 393-407
name=unknown_G
#
# <colnr> <probs for GDERKNQSTAVLIFYWHMCP>
#	G	D	E	R	K	N	Q	S	T	A	V	L	I	F	Y	W	H	M	C	P
0	0.01692	0.00930	0.01240	0.01112	0.01396	0.00845	0.00874	0.02041	0.02167	0.19000	0.46494	0.05268	0.05761	0.01479	0.00895	0.00252	0.00467	0.06348	0.00868	0.00874
1	0.01802	0.37036	0.37873	0.01788	0.02704	0.02405	0.02131	0.02392	0.01608	0.02154	0.01242	0.01449	0.00988	0.00702	0.00623	0.00208	0.00995	0.00497	0.00329	0.01074
2	0.02682	0.19429	0.02680	0.01613	0.02247	0.02418	0.01387	0.42913	0.02943	0.07334	0.01704	0.01736	0.01261	0.00846	0.00696	0.00210	0.00820	0.00619	0.00658	0.05805
3	0.43094	0.02184	0.16505	0.01824	0.02522	0.01807	0.16967	0.02367	0.01512	0.03016	0.01266	0.01544	0.00953	0.00707	0.00641	0.00246	0.00890	0.00574	0.00426	0.00956
4	0.02338	0.36286	0.19225	0.01557	0.02321	0.02221	0.01650	0.02760	0.01770	0.20541	0.01706	0.01729	0.01249	0.00764	0.00635	0.00206	0.00859	0.00555	0.00506	0.01122
5	0.01730	0.01374	0.01518	0.01395	0.01717	0.01551	0.01057	0.03193	0.46916	0.02716	0.02975	0.03016	0.05746	0.01504	0.01343	0.19110	0.00616	0.00869	0.00675	0.00978
6	0.00948	0.00759	0.00848	0.00883	0.01081	0.00659	0.00641	0.01153	0.01757	0.02206	0.15170	0.23053	0.44067	0.02025	0.00934	0.00272	0.00403	0.01743	0.00738	0.00659
7	0.01714	0.01531	0.02142	0.37111	0.03733	0.01807	0.01736	0.07594	0.13797	0.02506	0.01712	0.02113	0.01317	0.00878	0.00940	0.00249	0.08241	0.00697	0.00475	0.09706
8	0.01616	0.00919	0.01136	0.01008	0.01320	0.00805	0.00782	0.01907	0.02053	0.18714	0.31114	0.05600	0.26871	0.01563	0.00882	0.00249	0.00447	0.01331	0.00833	0.00848
9	0.05033	0.01815	0.07541	0.05281	0.02383	0.01541	0.05118	0.17497	0.02130	0.03127	0.04187	0.01882	0.01410	0.00737	0.00678	0.00181	0.00751	0.00604	0.00532	0.37569
10	0.22334	0.08123	0.16628	0.06604	0.27333	0.01901	0.01969	0.02342	0.01590	0.02681	0.01306	0.01634	0.01041	0.00711	0.00662	0.00232	0.00881	0.00570	0.00391	0.01066
11	0.08224	0.01441	0.02056	0.02166	0.18018	0.01339	0.01407	0.03252	0.02045	0.45545	0.04780	0.02477	0.01864	0.00899	0.00761	0.00238	0.00709	0.00755	0.00782	0.01243
12	0.59355	0.01298	0.01081	0.01034	0.01408	0.01468	0.00810	0.01986	0.01360	0.03113	0.01860	0.18594	0.01887	0.01137	0.00604	0.00258	0.00563	0.00856	0.00538	0.00788
13	0.02488	0.02876	0.02462	0.02666	0.18345	0.39911	0.01741	0.06011	0.02023	0.02205	0.01271	0.01592	0.01074	0.00860	0.00984	0.00229	0.11278	0.00582	0.00407	0.00994
14	0.07343	0.01048	0.01268	0.01153	0.01451	0.01016	0.00881	0.06817	0.03639	0.16050	0.24886	0.20762	0.07469	0.01557	0.00860	0.00261	0.00507	0.01346	0.00801	0.00886

[dist]
# distance from previous block
# <min> <max>
1	4

[block]
# block no. 7 follows, 25 sequences, length 96
# corresponding to MSA columns:
# 412-507
name=unknown_H
#
# <colnr> <probs for GDERKNQSTAVLIFYWHMCP>
#	G	D	E	R	K	N	Q	S	T	A	V	L	I	F	Y	W	H	M	C	P
0	0.04847	0.01423	0.02232	0.38812	0.07600	0.01626	0.06240	0.08759	0.01810	0.02469	0.06020	0.07131	0.01794	0.01042	0.00911	0.04178	0.00906	0.00846	0.00462	0.00893
1	0.44200	0.01483	0.01471	0.07901	0.04753	0.01698	0.01110	0.05150	0.12517	0.03207	0.03731	0.06509	0.01633	0.00928	0.00632	0.00250	0.00650	0.00694	0.00555	0.00927
2	0.13040	0.01572	0.01767	0.07382	0.02162	0.01732	0.01239	0.25828	0.04466	0.08071	0.09567	0.03108	0.09214	0.01133	0.00860	0.00251	0.04181	0.02707	0.00689	0.01032
3	0.01687	0.01838	0.05588	0.15589	0.03787	0.01754	0.39263	0.05393	0.01836	0.02450	0.02157	0.07084	0.06017	0.00902	0.00881	0.00262	0.01107	0.00986	0.00445	0.00973
4	0.01866	0.01681	0.06236	0.01421	0.02026	0.01432	0.01221	0.11549	0.01888	0.05383	0.01581	0.04226	0.01321	0.00809	0.00861	0.00179	0.08648	0.00603	0.00514	0.46557
5	0.73102	0.01452	0.01116	0.01004	0.01469	0.01667	0.00823	0.02202	0.01349	0.03387	0.01529	0.01671	0.05266	0.00802	0.00509	0.00241	0.00586	0.00501	0.00496	0.00827
6	0.02641	0.02739	0.02319	0.02039	0.05260	0.33767	0.05671	0.21346	0.06244	0.02941	0.01594	0.01773	0.01240	0.00904	0.00815	0.02751	0.01105	0.00629	0.03180	0.01041
7	0.01094	0.00785	0.01002	0.01111	0.01202	0.00759	0.00762	0.05368	0.01665	0.02234	0.08434	0.60648	0.04947	0.04703	0.01072	0.00320	0.00481	0.02012	0.00724	0.00677
8	0.01104	0.00792	0.01033	0.01029	0.01118	0.00842	0.00717	0.01264	0.01288	0.01776	0.06907	0.04355	0.06472	0.34085	0.32885	0.00910	0.01296	0.01043	0.00485	0.00597
9	0.00951	0.00781	0.00781	0.00781	0.01038	0.00659	0.00586	0.01159	0.01758	0.02147	0.07502	0.07159	0.63249	0.01893	0.00892	0.00256	0.00391	0.01576	0.05781	0.00659
