[name]
unknown

[dist]
# distance from previous block
# <min> <max>
0	68

[block]
# block no. 0 follows, 25 sequences, length 82
# corresponding to MSA columns:
# 94-175
name=unknown_A
#
# <colnr> <probs for GDERKNQSTAVLIFYWHMCP>
#	G	D	E	R	K	N	Q	S	T	A	V	L	I	F	Y	W	H	M	C	P
0	0.02815	0.02072	0.02243	0.01756	0.02342	0.02287	0.01456	0.60356	0.03500	0.04686	0.02037	0.02399	0.01564	0.01025	0.00799	0.00242	0.00842	0.05536	0.00771	0.01271
1	0.01406	0.00719	0.00736	0.00751	0.00921	0.00715	0.00556	0.01750	0.01615	0.02820	0.02665	0.08302	0.02232	0.01022	0.00577	0.00191	0.00368	0.00838	0.71099	0.00715
2	0.03210	0.01450	0.01825	0.01412	0.01984	0.01370	0.01162	0.16423	0.02470	0.50118	0.02769	0.02497	0.01800	0.00949	0.00760	0.00234	0.00677	0.00758	0.06859	0.01273
3	0.02678	0.09062	0.02246	0.01872	0.02265	0.58889	0.01424	0.02876	0.02092	0.01898	0.01429	0.06914	0.01321	0.00915	0.00706	0.00206	0.01278	0.00626	0.00419	0.00886
4	0.01773	0.01990	0.04299	0.03089	0.03826	0.01865	0.60075	0.02404	0.01859	0.02532	0.06714	0.02380	0.01656	0.00726	0.00915	0.00260	0.01234	0.00953	0.00428	0.01021
5	0.02656	0.05426	0.02322	0.01760	0.02299	0.04866	0.01449	0.46046	0.12628	0.04153	0.01926	0.01956	0.01424	0.00965	0.00900	0.00241	0.06336	0.00702	0.00709	0.01238
6	0.03180	0.04150	0.01863	0.01389	0.01950	0.01284	0.01143	0.08812	0.02260	0.55188	0.02973	0.07949	0.02082	0.01060	0.00785	0.00242	0.00667	0.00870	0.00901	0.01253
7	0.01595	0.01327	0.01539	0.01115	0.01765	0.01009	0.00889	0.01941	0.01609	0.02555	0.01468	0.01708	0.01214	0.00600	0.00572	0.00120	0.00558	0.00480	0.06436	0.71500
8	0.01830	0.02092	0.04575	0.03268	0.04052	0.01961	0.65098	0.02484	0.01830	0.02484	0.01569	0.02092	0.01176	0.00654	0.00915	0.00261	0.01307	0.00915	0.00392	0.01046
9	0.01588	0.01351	0.01588	0.01164	0.01825	0.01026	0.00937	0.01933	0.01618	0.02515	0.01528	0.02000	0.01330	0.00660	0.00601	0.00128	0.00582	0.03875	0.00473	0.73277
10	0.00916	0.00785	0.00785	0.00785	0.01047	0.00655	0.00589	0.01113	0.01767	0.02095	0.07855	0.07462	0.67599	0.01964	0.00916	0.00262	0.00393	0.01636	0.00720	0.00655
11	0.01347	0.00673	0.01010	0.01010	0.01010	0.00673	0.00673	0.01010	0.01010	0.01347	0.01347	0.02357	0.01347	0.02694	0.03030	0.77441	0.00673	0.00673	0.00337	0.00337
12	0.02279	0.51701	0.05889	0.01542	0.02151	0.21231	0.01429	0.02538	0.01748	0.01867	0.01122	0.01300	0.00996	0.00703	0.00561	0.00178	0.00996	0.00444	0.00350	0.00974
13	0.03454	0.01359	0.01824	0.01398	0.01999	0.01199	0.01155	0.06646	0.02286	0.65490	0.03003	0.02603	0.01891	0.00958	0.00780	0.00240	0.00669	0.00776	0.00951	0.01319
14	0.00951	0.00787	0.00834	0.00822	0.01069	0.00669	0.00616	0.01180	0.01849	0.02289	0.19310	0.07141	0.56023	0.01891	0.00916	0.00258	0.00388	0.01591	0.00746	0.00669
15	0.01698	0.01743	0.01347	0.01279	0.01555	0.23212	0.00951	0.01923	0.01967	0.04728	0.16189	0.13596	0.23765	0.01536	0.00850	0.00244	0.00734	0.01264	0.00649	0.00771
16	0.02135	0.22977	0.05908	0.05882	0.29764	0.14117	0.01900	0.04551	0.01834	0.02267	0.01309	0.01624	0.01105	0.00715	0.00676	0.00208	0.00990	0.00572	0.00380	0.01087
17	0.01125	0.00761	0.00892	0.00892	0.00909	0.00777	0.00528	0.01158	0.01141	0.01538	0.02400	0.04837	0.02716	0.64939	0.11618	0.00809	0.00906	0.01093	0.00463	0.00496
18	0.02096	0.52584	0.03581	0.06832	0.05232	0.10648	0.01476	0.02364	0.01633	0.01878	0.01128	0.01379	0.01010	0.00727	0.00666	0.00189	0.04784	0.00472	0.00343	0.00976
19	0.01608	0.01378	0.01608	0.01148	0.01837	0.01034	0.00919	0.01952	0.01608	0.02527	0.01378	0.01608	0.01148	0.00574	0.00574	0.00115	0.00574	0.00459	0.00459	0.77491
20	0.01824	0.02073	0.04473	0.03211	0.03958	0.01980	0.62145	0.02455	0.01800	0.02455	0.01543	0.02073	0.01169	0.00686	0.00991	0.00265	0.04569	0.00904	0.00390	0.01037
21	0.01034	0.00773	0.00959	0.00949	0.01128	0.00699	0.00698	0.01327	0.01991	0.02711	0.44563	0.16213	0.20509	0.01798	0.00926	0.00259	0.00385	0.01576	0.00803	0.00699
22	0.01128	0.00752	0.00846	0.00846	0.00846	0.00752	0.00470	0.01128	0.01128	0.01503	0.02443	0.05074	0.02819	0.72751	0.03946	0.00752	0.00752	0.01128	0.00470	0.00470
23	0.00916	0.00785	0.00785	0.00785	0.01047	0.00655	0.00589	0.01113	0.01767	0.02095	0.07855	0.07462	0.67599	0.01964	0.00916	0.00262	0.00393	0.01636	0.00720	0.00655
24	0.01307	0.00677	0.00995	0.01009	0.01013	0.00673	0.00669	0.01020	0.01052	0.01402	0.01618	0.07916	0.01699	0.05388	0.02907	0.68451	0.00659	0.00810	0.00372	0.00365
25	0.00973	0.00695	0.00932	0.01111	0.01169	0.00654	0.00768	0.01128	0.01512	0.02010	0.04258	0.66446	0.05067	0.02403	0.00997	0.00319	0.00474	0.07728	0.00719	0.00637
26	0.78228	0.01499	0.01140	0.01020	0.01499	0.01739	0.00840	0.02279	0.01320	0.03479	0.01080	0.01260	0.00840	0.00720	0.00480	0.00240	0.00600	0.00420	0.00480	0.00840
27	0.02073	0.73217	0.04063	0.01327	0.01990	0.03068	0.01327	0.02322	0.01575	0.01824	0.01078	0.01244	0.00995	0.00663	0.00498	0.00166	0.00829	0.00415	0.00332	0.00995
28	0.02896	0.03695	0.02197	0.01998	0.02397	0.69638	0.01498	0.03096	0.02197	0.01898	0.01199	0.01398	0.00999	0.00799	0.00699	0.00200	0.01398	0.00499	0.00400	0.00899
29	0.00916	0.00785	0.00785	0.00785	0.01047	0.00655	0.00589	0.01113	0.01767	0.02095	0.07855	0.07462	0.67599	0.01964	0.00916	0.00262	0.00393	0.01636	0.00720	0.00655
30	0.01108	0.00831	0.01246	0.01246	0.01385	0.00969	0.00969	0.01385	0.01246	0.01800	0.02077	0.03046	0.01938	0.05815	0.69678	0.01246	0.02077	0.00831	0.00415	0.00692
31	0.78228	0.01499	0.01140	0.01020	0.01499	0.01739	0.00840	0.02279	0.01320	0.03479	0.01080	0.01260	0.00840	0.00720	0.00480	0.00240	0.00600	0.00420	0.00480	0.00840
32	0.02073	0.73217	0.04063	0.01327	0.01990	0.03068	0.01327	0.02322	0.01575	0.01824	0.01078	0.01244	0.00995	0.00663	0.00498	0.00166	0.00829	0.00415	0.00332	0.00995
33	0.01512	0.01571	0.01218	0.01143	0.01439	0.18129	0.00856	0.04077	0.01950	0.02191	0.09414	0.05528	0.42161	0.04243	0.00969	0.00262	0.00676	0.01281	0.00640	0.00739
34	0.01635	0.01553	0.02635	0.46000	0.28890	0.01768	0.02238	0.02131	0.01631	0.02189	0.01408	0.02011	0.01107	0.00743	0.00772	0.00248	0.00991	0.00690	0.00359	0.00999
35	0.01486	0.01406	0.02405	0.60798	0.09248	0.01692	0.04568	0.01988	0.01573	0.02037	0.01518	0.05139	0.01232	0.00837	0.00790	0.00259	0.01011	0.00765	0.00365	0.00883
36	0.01608	0.01378	0.01608	0.01148	0.01837	0.01034	0.00919	0.01952	0.01608	0.02527	0.01378	0.01608	0.01148	0.00574	0.00574	0.00115	0.00574	0.00459	0.00459	0.77491
37	0.01382	0.01133	0.01076	0.01056	0.01138	0.08398	0.00673	0.04473	0.01426	0.01789	0.02575	0.15419	0.02920	0.49901	0.02954	0.00595	0.00779	0.01212	0.00518	0.00585
38	0.01796	0.01713	0.02857	0.15080	0.48520	0.01776	0.04050	0.02368	0.05832	0.02466	0.01857	0.02271	0.04391	0.00786	0.00782	0.00239	0.00907	0.00753	0.00419	0.01136
39	0.00992	0.00738	0.00916	0.00997	0.01124	0.00675	0.00706	0.01193	0.01691	0.02228	0.17747	0.37687	0.19798	0.05447	0.01101	0.00311	0.00447	0.04817	0.00735	0.00653
40	0.01082	0.00744	0.00848	0.00873	0.00904	0.00726	0.00516	0.01119	0.01237	0.01625	0.03199	0.14769	0.09099	0.56325	0.03251	0.00645	0.00676	0.01326	0.00528	0.00509
41	0.78228	0.01499	0.01140	0.01020	0.01499	0.01739	0.00840	0.02279	0.01320	0.03479	0.01080	0.01260	0.00840	0.00720	0.00480	0.00240	0.00600	0.00420	0.00480	0.00840
42	0.01831	0.01803	0.02925	0.23263	0.44959	0.04836	0.04589	0.02303	0.01726	0.02347	0.01428	0.01944	0.01161	0.00718	0.00772	0.00238	0.00988	0.00690	0.00374	0.01103
43	0.01586	0.03810	0.62333	0.02380	0.06228	0.01811	0.06259	0.02454	0.01653	0.02460	0.01404	0.01674	0.01004	0.00730	0.00748	0.00246	0.01145	0.00597	0.00333	0.01144
44	0.01464	0.01378	0.02326	0.70887	0.05340	0.01723	0.02153	0.01981	0.01550	0.01981	0.01378	0.02067	0.01034	0.00775	0.00775	0.00258	0.01034	0.00689	0.00345	0.00861
45	0.01971	0.01755	0.01773	0.01596	0.02033	0.04901	0.01239	0.04075	0.63690	0.03184	0.03070	0.02827	0.02307	0.01041	0.00785	0.00260	0.00648	0.00860	0.00772	0.01213
46	0.01049	0.00851	0.00901	0.00880	0.01107	0.00778	0.00639	0.01394	0.06814	0.02222	0.13959	0.06549	0.45619	0.12237	0.01351	0.00332	0.00460	0.01473	0.00705	0.00682
47	0.78228	0.01499	0.01140	0.01020	0.01499	0.01739	0.00840	0.02279	0.01320	0.03479	0.01080	0.01260	0.00840	0.00720	0.00480	0.00240	0.00600	0.00420	0.00480	0.00840
48	0.01608	0.01378	0.01608	0.01148	0.01837	0.01034	0.00919	0.01952	0.01608	0.02527	0.01378	0.01608	0.01148	0.00574	0.00574	0.00115	0.00574	0.00459	0.00459	0.77491
49	0.01347	0.00673	0.01010	0.01010	0.01010	0.00673	0.00673	0.01010	0.01010	0.01347	0.01347	0.02357	0.01347	0.02694	0.03030	0.77441	0.00673	0.00673	0.00337	0.00337
50	0.01831	0.01769	0.03064	0.16819	0.53431	0.01826	0.05290	0.02311	0.01729	0.02430	0.01449	0.01954	0.01190	0.00705	0.00776	0.00237	0.00960	0.00701	0.00377	0.01152
51	0.02896	0.03695	0.02197	0.01998	0.02397	0.69638	0.01498	0.03096	0.02197	0.01898	0.01199	0.01398	0.00999	0.00799	0.00699	0.00200	0.01398	0.00499	0.00400	0.00899
52	0.01729	0.01101	0.01344	0.01170	0.01492	0.01080	0.00912	0.08460	0.08886	0.13436	0.41051	0.04703	0.08678	0.01389	0.00867	0.00245	0.00487	0.01194	0.00848	0.00928
53	0.01600	0.01494	0.04583	0.03924	0.02041	0.01094	0.01052	0.01976	0.01607	0.02502	0.01379	0.01627	0.01137	0.00589	0.00589	0.00126	0.00617	0.00473	0.00449	0.71141
54	0.01464	0.01378	0.02326	0.70887	0.05340	0.01723	0.02153	0.01981	0.01550	0.01981	0.01378	0.02067	0.01034	0.00775	0.00775	0.00258	0.01034	0.00689	0.00345	0.00861
55	0.01128	0.00752	0.00846	0.00846	0.00846	0.00752	0.00470	0.01128	0.01128	0.01503	0.02443	0.05074	0.02819	0.72751	0.03946	0.00752	0.00752	0.01128	0.00470	0.00470
56	0.01052	0.00783	0.01009	0.00994	0.01168	0.00740	0.00740	0.01350	0.01910	0.02630	0.41322	0.13443	0.16129	0.02333	0.10473	0.00394	0.00618	0.01455	0.00755	0.00702
57	0.01662	0.01410	0.01637	0.01174	0.01861	0.01089	0.00941	0.04533	0.01691	0.02623	0.01398	0.01618	0.01155	0.00589	0.00582	0.00120	0.00586	0.00469	0.00472	0.74389
58	0.02841	0.01949	0.02086	0.01638	0.02201	0.04660	0.01338	0.44547	0.06282	0.14870	0.04848	0.02227	0.01732	0.00962	0.00770	0.00232	0.00790	0.00743	0.04034	0.01248
59	0.02914	0.02155	0.02308	0.01777	0.02392	0.02389	0.01466	0.63310	0.05719	0.04832	0.01904	0.01896	0.01353	0.00935	0.00776	0.00234	0.00845	0.00704	0.00776	0.01316
60	0.01664	0.03049	0.41279	0.05073	0.09024	0.01807	0.07321	0.05282	0.01744	0.02548	0.04352	0.01914	0.01329	0.00815	0.00895	0.00247	0.06396	0.00661	0.00389	0.04210
61	0.01821	0.11868	0.16472	0.04621	0.03205	0.02038	0.28194	0.07722	0.01834	0.02500	0.01590	0.04860	0.01309	0.01003	0.03436	0.00286	0.04998	0.00793	0.00415	0.01035
62	0.01594	0.03755	0.60524	0.02414	0.06450	0.01815	0.07811	0.02454	0.01658	0.02461	0.01409	0.01687	0.01009	0.00728	0.00752	0.00246	0.01148	0.00606	0.00335	0.01142
63	0.01249	0.00892	0.01249	0.01428	0.01606	0.00892	0.01249	0.01606	0.01785	0.02320	0.04105	0.08746	0.04462	0.02142	0.01071	0.00357	0.00714	0.62695	0.00714	0.00714
64	0.01726	0.02357	0.19534	0.06000	0.26009	0.05011	0.13072	0.02287	0.01733	0.02393	0.01810	0.08238	0.01625	0.00922	0.00815	0.00252	0.01022	0.03709	0.00415	0.01069
65	0.02401	0.04576	0.04822	0.01469	0.01944	0.01601	0.01219	0.26798	0.02514	0.18613	0.04988	0.16919	0.02511	0.04761	0.00968	0.00275	0.00714	0.01059	0.00756	0.01092
66	0.01718	0.01611	0.02685	0.39386	0.32629	0.01800	0.02227	0.04492	0.01722	0.02330	0.01431	0.01995	0.01129	0.00744	0.00772	0.00245	0.00978	0.00690	0.00378	0.01039
67	0.01110	0.00823	0.01208	0.01208	0.01334	0.00949	0.00922	0.01360	0.01235	0.01772	0.02111	0.03237	0.02021	0.12102	0.63504	0.01200	0.01952	0.00859	0.00420	0.00671
68	0.02273	0.02266	0.12506	0.02354	0.12597	0.10747	0.06700	0.05420	0.07377	0.15599	0.01970	0.05005	0.01535	0.00954	0.00983	0.00252	0.09039	0.00762	0.00552	0.01110
69	0.01777	0.01656	0.02726	0.07868	0.47170	0.01668	0.04357	0.05120	0.01833	0.02537	0.02293	0.05581	0.07706	0.00952	0.00809	0.00245	0.00862	0.03275	0.00458	0.01106
70	0.06785	0.01313	0.01718	0.01340	0.01913	0.01169	0.01102	0.03590	0.04232	0.60076	0.03204	0.02819	0.05092	0.01001	0.00773	0.00242	0.00642	0.00808	0.00920	0.01262
71	0.01919	0.01842	0.03147	0.04759	0.67914	0.01842	0.02380	0.02380	0.01765	0.02533	0.01458	0.01919	0.01228	0.00691	0.00768	0.00230	0.00921	0.00691	0.00384	0.01228
72	0.02743	0.02232	0.02114	0.01848	0.05163	0.16785	0.01407	0.24464	0.17575	0.14324	0.02198	0.02131	0.01587	0.00924	0.00762	0.00234	0.00888	0.00709	0.00709	0.01202
73	0.05435	0.02569	0.01858	0.01665	0.02002	0.37877	0.01279	0.07163	0.02098	0.02324	0.08197	0.02795	0.11948	0.01115	0.00940	0.00232	0.08330	0.00787	0.00515	0.00870
74	0.01612	0.01392	0.01642	0.01188	0.01846	0.01093	0.00953	0.01948	0.01589	0.02497	0.01362	0.01612	0.01143	0.00609	0.00662	0.00125	0.03729	0.00469	0.00454	0.74073
75	0.67430	0.01473	0.01235	0.01072	0.01569	0.01653	0.00883	0.02496	0.01450	0.12864	0.01366	0.01459	0.00996	0.00754	0.00523	0.00240	0.00608	0.00472	0.00549	0.00909
76	0.01108	0.00831	0.01246	0.01246	0.01385	0.00969	0.00969	0.01385	0.01246	0.01800	0.02077	0.03046	0.01938	0.05815	0.69678	0.01246	0.02077	0.00831	0.00415	0.00692
77	0.02677	0.01877	0.02062	0.01620	0.02165	0.02029	0.01322	0.50208	0.03251	0.09469	0.07285	0.05746	0.04520	0.01093	0.00802	0.00239	0.00765	0.00865	0.00791	0.01216
78	0.01525	0.01477	0.02320	0.67962	0.05215	0.04607	0.02125	0.02028	0.01578	0.01978	0.01370	0.02039	0.01032	0.00776	0.00772	0.00256	0.01049	0.00681	0.00347	0.00863
79	0.00962	0.00692	0.00912	0.01058	0.01126	0.00643	0.00717	0.01126	0.01577	0.02115	0.11779	0.62299	0.07491	0.02315	0.00978	0.00305	0.00438	0.02091	0.00735	0.00643
80	0.01580	0.01531	0.02631	0.37748	0.11667	0.01736	0.11727	0.02125	0.04347	0.02184	0.01664	0.06850	0.01417	0.00909	0.00939	0.00262	0.06282	0.00828	0.00404	0.03168
81	0.01879	0.02350	0.18067	0.18854	0.06433	0.05527	0.21372	0.02469	0.01739	0.07983	0.01560	0.01965	0.01147	0.00772	0.00891	0.00254	0.04560	0.00729	0.00413	0.01038

[dist]
# distance from previous block
# <min> <max>
0	2

[block]
# block no. 1 follows, 25 sequences, length 64
# corresponding to MSA columns:
# 178-241
name=unknown_B
#
# <colnr> <probs for GDERKNQSTAVLIFYWHMCP>
#	G	D	E	R	K	N	Q	S	T	A	V	L	I	F	Y	W	H	M	C	P
0	0.02317	0.02512	0.02365	0.08272	0.20379	0.29122	0.01720	0.07665	0.10304	0.02487	0.01844	0.02057	0.03861	0.00855	0.00750	0.00226	0.01057	0.00675	0.00482	0.01050
1	0.02904	0.01436	0.01777	0.01439	0.01976	0.01409	0.01163	0.06026	0.21703	0.44067	0.05387	0.02802	0.02229	0.01009	0.00787	0.00247	0.00642	0.00829	0.00898	0.01270
2	0.01853	0.01971	0.08140	0.10077	0.57714	0.01829	0.02398	0.02352	0.01738	0.02481	0.01447	0.01910	0.01193	0.00701	0.00766	0.00234	0.00948	0.00682	0.00376	0.01191
3	0.01073	0.00792	0.01002	0.00950	0.01143	0.00721	0.00712	0.01416	0.02137	0.02972	0.59438	0.06018	0.15468	0.01636	0.00915	0.00246	0.00369	0.01434	0.00835	0.00721
4	0.00938	0.00786	0.00815	0.00808	0.01060	0.00664	0.00606	0.01154	0.01818	0.02214	0.14891	0.07265	0.60489	0.01919	0.00916	0.00260	0.00390	0.01609	0.00736	0.00664
5	0.78228	0.01499	0.01140	0.01020	0.01499	0.01739	0.00840	0.02279	0.01320	0.03479	0.01080	0.01260	0.00840	0.00720	0.00480	0.00240	0.00600	0.00420	0.00480	0.00840
6	0.01891	0.01626	0.01721	0.01550	0.01977	0.01874	0.01205	0.03999	0.63576	0.03237	0.06094	0.03025	0.02593	0.01076	0.00795	0.00262	0.00602	0.00901	0.00792	0.01205
7	0.01347	0.00673	0.01010	0.01010	0.01010	0.00673	0.00673	0.01010	0.01010	0.01347	0.01347	0.02357	0.01347	0.02694	0.03030	0.77441	0.00673	0.00673	0.00337	0.00337
8	0.02073	0.73217	0.04063	0.01327	0.01990	0.03068	0.01327	0.02322	0.01575	0.01824	0.01078	0.01244	0.00995	0.00663	0.00498	0.00166	0.00829	0.00415	0.00332	0.00995
9	0.02073	0.73217	0.04063	0.01327	0.01990	0.03068	0.01327	0.02322	0.01575	0.01824	0.01078	0.01244	0.00995	0.00663	0.00498	0.00166	0.00829	0.00415	0.00332	0.00995
10	0.01696	0.01696	0.02375	0.02036	0.02036	0.02375	0.01696	0.01866	0.01187	0.01866	0.01018	0.01696	0.01018	0.01357	0.02545	0.00339	0.71332	0.00679	0.00339	0.00848
11	0.02073	0.73217	0.04063	0.01327	0.01990	0.03068	0.01327	0.02322	0.01575	0.01824	0.01078	0.01244	0.00995	0.00663	0.00498	0.00166	0.00829	0.00415	0.00332	0.00995
12	0.01108	0.00831	0.01246	0.01246	0.01385	0.00969	0.00969	0.01385	0.01246	0.01800	0.02077	0.03046	0.01938	0.05815	0.69678	0.01246	0.02077	0.00831	0.00415	0.00692
13	0.78228	0.01499	0.01140	0.01020	0.01499	0.01739	0.00840	0.02279	0.01320	0.03479	0.01080	0.01260	0.00840	0.00720	0.00480	0.00240	0.00600	0.00420	0.00480	0.00840
14	0.00945	0.00675	0.00900	0.01080	0.01125	0.00630	0.00720	0.01080	0.01484	0.01979	0.04274	0.72245	0.05128	0.02429	0.00990	0.00315	0.00450	0.02204	0.00720	0.00630
15	0.02896	0.03695	0.02197	0.01998	0.02397	0.69638	0.01498	0.03096	0.02197	0.01898	0.01199	0.01398	0.00999	0.00799	0.00699	0.00200	0.01398	0.00499	0.00400	0.00899
16	0.02073	0.73217	0.04063	0.01327	0.01990	0.03068	0.01327	0.02322	0.01575	0.01824	0.01078	0.01244	0.00995	0.00663	0.00498	0.00166	0.00829	0.00415	0.00332	0.00995
17	0.03479	0.01320	0.01799	0.01380	0.01979	0.01140	0.01140	0.03779	0.02219	0.68451	0.03059	0.02639	0.01919	0.00960	0.00780	0.00240	0.00660	0.00780	0.00960	0.01320
18	0.78228	0.01499	0.01140	0.01020	0.01499	0.01739	0.00840	0.02279	0.01320	0.03479	0.01080	0.01260	0.00840	0.00720	0.00480	0.00240	0.00600	0.00420	0.00480	0.00840
19	0.01919	0.01842	0.03147	0.04759	0.67914	0.01842	0.02380	0.02380	0.01765	0.02533	0.01458	0.01919	0.01228	0.00691	0.00768	0.00230	0.00921	0.00691	0.00384	0.01228
20	0.01555	0.04011	0.68733	0.02210	0.03356	0.01801	0.02865	0.02455	0.01637	0.02455	0.01391	0.01637	0.00982	0.00737	0.00737	0.00246	0.01146	0.00573	0.00327	0.01146
21	0.01118	0.00748	0.00848	0.00858	0.00860	0.00745	0.00483	0.01125	0.01146	0.01528	0.02536	0.08498	0.02937	0.69166	0.03796	0.00729	0.00736	0.01182	0.00483	0.00478
22	0.05326	0.18554	0.02842	0.01877	0.04889	0.05146	0.08551	0.17793	0.07470	0.08501	0.01689	0.01827	0.01296	0.00842	0.00839	0.00225	0.06305	0.00645	0.00554	0.04828
23	0.30700	0.01816	0.09266	0.21320	0.02938	0.04758	0.01529	0.02520	0.01623	0.14494	0.01560	0.01787	0.01112	0.00784	0.00657	0.00244	0.00833	0.00582	0.00506	0.00969
24	0.01919	0.01842	0.03147	0.04759	0.67914	0.01842	0.02380	0.02380	0.01765	0.02533	0.01458	0.01919	0.01228	0.00691	0.00768	0.00230	0.00921	0.00691	0.00384	0.01228
25	0.01370	0.03811	0.01279	0.03771	0.01486	0.01038	0.00856	0.07044	0.04546	0.05508	0.28865	0.05527	0.28851	0.01559	0.00871	0.00248	0.00484	0.01319	0.00758	0.00811
26	0.01827	0.01601	0.01596	0.01435	0.01836	0.05318	0.01112	0.09042	0.41113	0.03035	0.03957	0.06300	0.15983	0.01270	0.00817	0.00258	0.00626	0.01049	0.00750	0.01075
27	0.02899	0.03630	0.02203	0.01988	0.02397	0.66738	0.01497	0.05780	0.02260	0.02027	0.01227	0.01418	0.01013	0.00805	0.00702	0.00201	0.01375	0.00508	0.00416	0.00917
28	0.01830	0.02092	0.04575	0.03268	0.04052	0.01961	0.65098	0.02484	0.01830	0.02484	0.01569	0.02092	0.01176	0.00654	0.00915	0.00261	0.01307	0.00915	0.00392	0.01046
29	0.01641	0.01673	0.05621	0.42689	0.29013	0.01772	0.02271	0.02154	0.01636	0.02212	0.01409	0.01992	0.01105	0.00741	0.00771	0.00247	0.00996	0.00685	0.00359	0.01013
30	0.00945	0.00675	0.00900	0.01080	0.01125	0.00630	0.00720	0.01080	0.01484	0.01979	0.04274	0.72245	0.05128	0.02429	0.00990	0.00315	0.00450	0.02204	0.00720	0.00630
31	0.01026	0.00733	0.00992	0.01172	0.01252	0.00699	0.00860	0.01219	0.01564	0.02070	0.04229	0.55395	0.04952	0.02353	0.01011	0.00326	0.00520	0.18256	0.00718	0.00652
32	0.00945	0.00675	0.00900	0.01080	0.01125	0.00630	0.00720	0.01080	0.01484	0.01979	0.04274	0.72245	0.05128	0.02429	0.00990	0.00315	0.00450	0.02204	0.00720	0.00630
33	0.02117	0.69457	0.03962	0.01363	0.02012	0.06668	0.01336	0.02364	0.01609	0.01828	0.01084	0.01252	0.00995	0.00671	0.00508	0.00168	0.00860	0.00419	0.00335	0.00990
34	0.01128	0.00752	0.00846	0.00846	0.00846	0.00752	0.00470	0.01128	0.01128	0.01503	0.02443	0.05074	0.02819	0.72751	0.03946	0.00752	0.00752	0.01128	0.00470	0.00470
35	0.00945	0.00675	0.00900	0.01080	0.01125	0.00630	0.00720	0.01080	0.01484	0.01979	0.04274	0.72245	0.05128	0.02429	0.00990	0.00315	0.00450	0.02204	0.00720	0.00630
36	0.02110	0.65010	0.06832	0.01416	0.02081	0.07893	0.01408	0.02385	0.01624	0.01858	0.01101	0.01273	0.00995	0.00677	0.00523	0.00172	0.00885	0.00428	0.00336	0.00995
37	0.01555	0.04011	0.68733	0.02210	0.03356	0.01801	0.02865	0.02455	0.01637	0.02455	0.01391	0.01637	0.00982	0.00737	0.00737	0.00246	0.01146	0.00573	0.00327	0.01146
38	0.01608	0.01378	0.01608	0.01148	0.01837	0.01034	0.00919	0.01952	0.01608	0.02527	0.01378	0.01608	0.01148	0.00574	0.00574	0.00115	0.00574	0.00459	0.00459	0.77491
39	0.01454	0.01643	0.08008	0.05444	0.05317	0.01464	0.26078	0.01884	0.01623	0.02227	0.02514	0.28290	0.02625	0.01383	0.01034	0.00284	0.06008	0.01334	0.00503	0.00882
40	0.02152	0.63437	0.03797	0.01393	0.02008	0.05650	0.01344	0.02397	0.01611	0.04895	0.01171	0.01337	0.01039	0.00718	0.00623	0.00179	0.04438	0.00448	0.00364	0.00999
41	0.02947	0.02172	0.02327	0.01784	0.02404	0.02404	0.01474	0.65329	0.03646	0.04887	0.01862	0.01862	0.01319	0.00931	0.00776	0.00233	0.00853	0.00698	0.00776	0.01319
42	0.01608	0.01378	0.01608	0.01148	0.01837	0.01034	0.00919	0.01952	0.01608	0.02527	0.01378	0.01608	0.01148	0.00574	0.00574	0.00115	0.00574	0.00459	0.00459	0.77491
43	0.01458	0.01340	0.02254	0.67108	0.05106	0.01666	0.02073	0.01929	0.01521	0.01947	0.01376	0.02083	0.01051	0.00879	0.00897	0.04432	0.01014	0.00688	0.00344	0.00833
44	0.01464	0.01378	0.02326	0.70887	0.05340	0.01723	0.02153	0.01981	0.01550	0.01981	0.01378	0.02067	0.01034	0.00775	0.00775	0.00258	0.01034	0.00689	0.00345	0.00861
45	0.01925	0.01869	0.03018	0.04489	0.62125	0.04453	0.02290	0.02370	0.01783	0.02498	0.01577	0.02230	0.01376	0.00766	0.00780	0.00235	0.00930	0.03695	0.00400	0.01190
46	0.01830	0.02092	0.04575	0.03268	0.04052	0.01961	0.65098	0.02484	0.01830	0.02484	0.01569	0.02092	0.01176	0.00654	0.00915	0.00261	0.01307	0.00915	0.00392	0.01046
47	0.03038	0.04486	0.08172	0.01465	0.02070	0.01316	0.01314	0.03390	0.02090	0.53166	0.06014	0.02606	0.02028	0.00977	0.00852	0.00242	0.03925	0.00773	0.00841	0.01239
48	0.78228	0.01499	0.01140	0.01020	0.01499	0.01739	0.00840	0.02279	0.01320	0.03479	0.01080	0.01260	0.00840	0.00720	0.00480	0.00240	0.00600	0.00420	0.00480	0.00840
49	0.01089	0.00792	0.01024	0.00966	0.01153	0.00728	0.00725	0.01446	0.02174	0.03060	0.64608	0.05873	0.10244	0.01604	0.00915	0.00245	0.00367	0.01414	0.00847	0.00728
50	0.01108	0.00831	0.01246	0.01246	0.01385	0.00969	0.00969	0.01385	0.01246	0.01800	0.02077	0.03046	0.01938	0.05815	0.69678	0.01246	0.02077	0.00831	0.00415	0.00692
51	0.02876	0.01373	0.01720	0.01395	0.01923	0.01318	0.01127	0.03683	0.19482	0.45982	0.05537	0.03010	0.04852	0.01047	0.00792	0.00247	0.00626	0.00862	0.00900	0.01248
52	0.02947	0.02172	0.02327	0.01784	0.02404	0.02404	0.01474	0.65329	0.03646	0.04887	0.01862	0.01862	0.01319	0.00931	0.00776	0.00233	0.00853	0.00698	0.00776	0.01319
53	0.01108	0.00831	0.01246	0.01246	0.01385	0.00969	0.00969	0.01385	0.01246	0.01800	0.02077	0.03046	0.01938	0.05815	0.69678	0.01246	0.02077	0.00831	0.00415	0.00692
54	0.01830	0.01536	0.01655	0.01506	0.01909	0.01739	0.01186	0.06739	0.51195	0.03186	0.06869	0.03719	0.05765	0.01212	0.00826	0.00269	0.00611	0.06333	0.00782	0.01134
55	0.01109	0.00766	0.00951	0.00965	0.01003	0.00798	0.00615	0.01189	0.01184	0.01614	0.02487	0.09565	0.02768	0.50554	0.20379	0.00844	0.01065	0.01133	0.00475	0.00538
56	0.78228	0.01499	0.01140	0.01020	0.01499	0.01739	0.00840	0.02279	0.01320	0.03479	0.01080	0.01260	0.00840	0.00720	0.00480	0.00240	0.00600	0.00420	0.00480	0.00840
57	0.01608	0.01378	0.01608	0.01148	0.01837	0.01034	0.00919	0.01952	0.01608	0.02527	0.01378	0.01608	0.01148	0.00574	0.00574	0.00115	0.00574	0.00459	0.00459	0.77491
58	0.01426	0.01272	0.04116	0.01318	0.01736	0.01093	0.04267	0.04532	0.07543	0.02722	0.18738	0.09614	0.08900	0.01331	0.00827	0.00233	0.00590	0.08329	0.00660	0.20753
59	0.53279	0.05142	0.01552	0.01297	0.01763	0.18585	0.01039	0.02556	0.04151	0.03007	0.01192	0.01358	0.00947	0.00750	0.00547	0.00228	0.00808	0.00458	0.00466	0.00877
60	0.01624	0.01541	0.02614	0.47655	0.27324	0.01765	0.02233	0.02121	0.01626	0.02175	0.01406	0.02015	0.01102	0.00746	0.00773	0.00249	0.00994	0.00690	0.00358	0.00990
61	0.01841	0.12198	0.04009	0.08784	0.12895	0.02102	0.38809	0.02375	0.01731	0.02326	0.01441	0.01925	0.01139	0.00703	0.00897	0.00247	0.04382	0.00781	0.00376	0.01040
62	0.00993	0.00788	0.00892	0.00866	0.01094	0.00687	0.00649	0.01261	0.01948	0.02525	0.33137	0.06754	0.42048	0.01803	0.00916	0.00254	0.00381	0.01537	0.00777	0.00687
63	0.01919	0.01842	0.03147	0.04759	0.67914	0.01842	0.02380	0.02380	0.01765	0.02533	0.01458	0.01919	0.01228	0.00691	0.00768	0.00230	0.00921	0.00691	0.00384	0.01228

[dist]
# distance from previous block
# <min> <max>
0	3

[block]
# block no. 2 follows, 25 sequences, length 160
# corresponding to MSA columns:
# 245-299,301-324,326-340,342-407
name=unknown_C
#
# <colnr> <probs for GDERKNQSTAVLIFYWHMCP>
#	G	D	E	R	K	N	Q	S	T	A	V	L	I	F	Y	W	H	M	C	P
0	0.01047	0.00791	0.00967	0.00923	0.01127	0.00710	0.00692	0.01366	0.02076	0.02827	0.50910	0.06256	0.24087	0.01690	0.00915	0.00249	0.00373	0.01467	0.00816	0.00710
1	0.00945	0.00787	0.00825	0.00816	0.01065	0.00667	0.00612	0.01168	0.01835	0.02255	0.17284	0.07198	0.58070	0.01904	0.00916	0.00259	0.00388	0.01599	0.00741	0.00667
2	0.00971	0.00695	0.00923	0.01061	0.01130	0.00648	0.00722	0.01146	0.01608	0.02176	0.15282	0.60676	0.05509	0.02282	0.00977	0.00303	0.00435	0.02065	0.00743	0.00648
3	0.00945	0.00675	0.00900	0.01080	0.01125	0.00630	0.00720	0.01080	0.01484	0.01979	0.04274	0.72245	0.05128	0.02429	0.00990	0.00315	0.00450	0.02204	0.00720	0.00630
4	0.02073	0.73217	0.04063	0.01327	0.01990	0.03068	0.01327	0.02322	0.01575	0.01824	0.01078	0.01244	0.00995	0.00663	0.00498	0.00166	0.00829	0.00415	0.00332	0.00995
5	0.01929	0.01666	0.01753	0.01578	0.02016	0.01929	0.01227	0.04120	0.66513	0.03243	0.03156	0.02893	0.02367	0.01052	0.00789	0.00263	0.00614	0.00877	0.00789	0.01227
6	0.01464	0.01378	0.02326	0.70887	0.05340	0.01723	0.02153	0.01981	0.01550	0.01981	0.01378	0.02067	0.01034	0.00775	0.00775	0.00258	0.01034	0.00689	0.00345	0.00861
7	0.01108	0.00831	0.01246	0.01246	0.01385	0.00969	0.00969	0.01385	0.01246	0.01800	0.02077	0.03046	0.01938	0.05815	0.69678	0.01246	0.02077	0.00831	0.00415	0.00692
8	0.01696	0.01696	0.02375	0.02036	0.02036	0.02375	0.01696	0.01866	0.01187	0.01866	0.01018	0.01696	0.01018	0.01357	0.02545	0.00339	0.71332	0.00679	0.00339	0.00848
9	0.01464	0.01378	0.02326	0.70887	0.05340	0.01723	0.02153	0.01981	0.01550	0.01981	0.01378	0.02067	0.01034	0.00775	0.00775	0.00258	0.01034	0.00689	0.00345	0.00861
10	0.02073	0.73217	0.04063	0.01327	0.01990	0.03068	0.01327	0.02322	0.01575	0.01824	0.01078	0.01244	0.00995	0.00663	0.00498	0.00166	0.00829	0.00415	0.00332	0.00995
11	0.01621	0.01390	0.01614	0.01166	0.01845	0.01069	0.00931	0.02039	0.04196	0.02555	0.01449	0.01659	0.01197	0.00593	0.00583	0.00121	0.00576	0.00476	0.00473	0.74450
12	0.00952	0.00701	0.00892	0.01025	0.01115	0.00641	0.00700	0.01114	0.01584	0.02084	0.09680	0.56933	0.15155	0.02291	0.00972	0.00301	0.00434	0.02053	0.00730	0.00641
13	0.16691	0.01596	0.01968	0.29538	0.03282	0.01855	0.01539	0.21904	0.02128	0.03142	0.01566	0.02110	0.01242	0.07120	0.00996	0.00290	0.00869	0.00678	0.00517	0.00967
14	0.02947	0.02172	0.02327	0.01784	0.02404	0.02404	0.01474	0.65329	0.03646	0.04887	0.01862	0.01862	0.01319	0.00931	0.00776	0.00233	0.00853	0.00698	0.00776	0.01319
15	0.02073	0.73217	0.04063	0.01327	0.01990	0.03068	0.01327	0.02322	0.01575	0.01824	0.01078	0.01244	0.00995	0.00663	0.00498	0.00166	0.00829	0.00415	0.00332	0.00995
16	0.78228	0.01499	0.01140	0.01020	0.01499	0.01739	0.00840	0.02279	0.01320	0.03479	0.01080	0.01260	0.00840	0.00720	0.00480	0.00240	0.00600	0.00420	0.00480	0.00840
17	0.02536	0.01967	0.02095	0.01701	0.02248	0.02212	0.01374	0.40599	0.29045	0.04223	0.02384	0.02278	0.01742	0.00980	0.00781	0.00245	0.00756	0.00770	0.00781	0.01282
18	0.00948	0.00790	0.00830	0.00829	0.01079	0.00671	0.00628	0.01169	0.01816	0.02217	0.14440	0.07318	0.58655	0.01927	0.00921	0.00263	0.00401	0.03698	0.00735	0.00665
19	0.00945	0.00675	0.00900	0.01080	0.01125	0.00630	0.00720	0.01080	0.01484	0.01979	0.04274	0.72245	0.05128	0.02429	0.00990	0.00315	0.00450	0.02204	0.00720	0.00630
20	0.78228	0.01499	0.01140	0.01020	0.01499	0.01739	0.00840	0.02279	0.01320	0.03479	0.01080	0.01260	0.00840	0.00720	0.00480	0.00240	0.00600	0.00420	0.00480	0.00840
21	0.02497	0.21312	0.05147	0.01688	0.02250	0.15992	0.01454	0.21327	0.10914	0.05378	0.01690	0.01755	0.01306	0.00857	0.00744	0.00216	0.03196	0.00604	0.00560	0.01114
22	0.02728	0.01932	0.04845	0.01657	0.02239	0.01976	0.01392	0.37420	0.14084	0.16649	0.02402	0.05233	0.01767	0.01014	0.00786	0.00243	0.00769	0.00805	0.00792	0.01266
23	0.01830	0.02092	0.04575	0.03268	0.04052	0.01961	0.65098	0.02484	0.01830	0.02484	0.01569	0.02092	0.01176	0.00654	0.00915	0.00261	0.01307	0.00915	0.00392	0.01046
24	0.01347	0.00673	0.01010	0.01010	0.01010	0.00673	0.00673	0.01010	0.01010	0.01347	0.01347	0.02357	0.01347	0.02694	0.03030	0.77441	0.00673	0.00673	0.00337	0.00337
25	0.07327	0.06399	0.08249	0.04397	0.05406	0.01795	0.01430	0.12252	0.22603	0.05668	0.02540	0.10713	0.02196	0.01145	0.00779	0.00258	0.00733	0.04381	0.00649	0.01082
26	0.01347	0.00673	0.01010	0.01010	0.01010	0.00673	0.00673	0.01010	0.01010	0.01347	0.01347	0.02357	0.01347	0.02694	0.03030	0.77441	0.00673	0.00673	0.00337	0.00337
27	0.00945	0.00675	0.00900	0.01080	0.01125	0.00630	0.00720	0.01080	0.01484	0.01979	0.04274	0.72245	0.05128	0.02429	0.00990	0.00315	0.00450	0.02204	0.00720	0.00630
28	0.07133	0.03723	0.60649	0.02247	0.06354	0.01798	0.02694	0.02439	0.01620	0.02533	0.01372	0.01623	0.00984	0.00733	0.00720	0.00244	0.01095	0.00568	0.00341	0.01128
29	0.01956	0.02051	0.07896	0.11121	0.46643	0.04081	0.04730	0.07453	0.01902	0.02637	0.01473	0.01899	0.01187	0.00725	0.00770	0.00235	0.00975	0.00685	0.00408	0.01173
30	0.01572	0.03891	0.64725	0.02276	0.03399	0.01811	0.06752	0.02457	0.01649	0.02457	0.01403	0.01665	0.00994	0.00731	0.00748	0.00247	0.01156	0.00594	0.00331	0.01140
31	0.00944	0.00679	0.00895	0.01068	0.01122	0.00631	0.00715	0.01081	0.01496	0.01984	0.04415	0.69689	0.07593	0.02411	0.00987	0.00313	0.00448	0.02182	0.00720	0.00631
32	0.02078	0.02173	0.02422	0.17477	0.22248	0.20677	0.01861	0.06716	0.01915	0.02319	0.01529	0.02149	0.01300	0.01162	0.05137	0.00301	0.03877	0.03242	0.00421	0.00994
33	0.73175	0.03830	0.01275	0.01056	0.01547	0.01805	0.00877	0.04460	0.01408	0.03474	0.01107	0.01280	0.00861	0.00725	0.00491	0.00237	0.00616	0.00429	0.00485	0.00861
34	0.01725	0.01480	0.01810	0.01313	0.01993	0.01208	0.04126	0.06559	0.04048	0.02717	0.01484	0.01695	0.01205	0.00620	0.00613	0.00136	0.00631	0.00513	0.00490	0.65633
35	0.02079	0.01598	0.05196	0.11265	0.07378	0.01395	0.01404	0.06978	0.01867	0.15637	0.01740	0.01922	0.01291	0.00749	0.00749	0.00191	0.03232	0.00602	0.00549	0.34179
36	0.02475	0.01937	0.02061	0.01688	0.02224	0.02184	0.01359	0.36918	0.32826	0.04124	0.02462	0.02340	0.01805	0.00987	0.00782	0.00247	0.00742	0.00781	0.00782	0.01276
37	0.02856	0.01947	0.16249	0.01585	0.02282	0.01388	0.01524	0.03539	0.10694	0.45475	0.02712	0.02457	0.01777	0.00924	0.00772	0.00244	0.00759	0.00748	0.00800	0.01270
38	0.00955	0.00765	0.00854	0.00879	0.01083	0.00664	0.00641	0.01170	0.01789	0.02256	0.18002	0.20061	0.44181	0.01987	0.00931	0.00269	0.00399	0.01707	0.00744	0.00664
39	0.01929	0.01666	0.01753	0.01578	0.02016	0.01929	0.01227	0.04120	0.66513	0.03243	0.03156	0.02893	0.02367	0.01052	0.00789	0.00263	0.00614	0.00877	0.00789	0.01227
40	0.00925	0.00782	0.00800	0.00803	0.01055	0.00657	0.00600	0.01126	0.01775	0.02133	0.10216	0.09608	0.62952	0.01964	0.00919	0.00263	0.00394	0.01646	0.00726	0.00657
41	0.00923	0.00786	0.00795	0.00793	0.01052	0.00658	0.00595	0.01126	0.01784	0.02134	0.10180	0.07397	0.65250	0.01949	0.00916	0.00261	0.00392	0.01627	0.00725	0.00658
42	0.65706	0.01420	0.01176	0.01041	0.01501	0.01602	0.00850	0.02307	0.01465	0.07989	0.07498	0.01785	0.01528	0.00818	0.00542	0.00240	0.00582	0.00538	0.00549	0.00863
43	0.02947	0.02172	0.02327	0.01784	0.02404	0.02404	0.01474	0.65329	0.03646	0.04887	0.01862	0.01862	0.01319	0.00931	0.00776	0.00233	0.00853	0.00698	0.00776	0.01319
44	0.02947	0.02172	0.02327	0.01784	0.02404	0.02404	0.01474	0.65329	0.03646	0.04887	0.01862	0.01862	0.01319	0.00931	0.00776	0.00233	0.00853	0.00698	0.00776	0.01319
45	0.00979	0.00788	0.00873	0.00851	0.01086	0.00681	0.00639	0.01234	0.01916	0.02447	0.28563	0.06882	0.46671	0.01832	0.00916	0.00256	0.00383	0.01555	0.00766	0.00681
46	0.01830	0.02092	0.04575	0.03268	0.04052	0.01961	0.65098	0.02484	0.01830	0.02484	0.01569	0.02092	0.01176	0.00654	0.00915	0.00261	0.01307	0.00915	0.00392	0.01046
47	0.01097	0.00793	0.01036	0.00975	0.01158	0.00732	0.00732	0.01463	0.02195	0.03109	0.67505	0.05792	0.07316	0.01585	0.00914	0.00244	0.00366	0.01402	0.00854	0.00732
48	0.00941	0.00779	0.00825	0.00828	0.01066	0.00663	0.00615	0.01155	0.01804	0.02217	0.15233	0.11296	0.56015	0.01945	0.00921	0.00263	0.00393	0.01642	0.00737	0.00663
49	0.02947	0.02172	0.02327	0.01784	0.02404	0.02404	0.01474	0.65329	0.03646	0.04887	0.01862	0.01862	0.01319	0.00931	0.00776	0.00233	0.00853	0.00698	0.00776	0.01319
50	0.02896	0.03695	0.02197	0.01998	0.02397	0.69638	0.01498	0.03096	0.02197	0.01898	0.01199	0.01398	0.00999	0.00799	0.00699	0.00200	0.01398	0.00499	0.00400	0.00899
51	0.01064	0.00843	0.01133	0.01223	0.01268	0.00911	0.00872	0.01207	0.01447	0.01965	0.03880	0.58546	0.06740	0.02240	0.01237	0.00317	0.11843	0.01938	0.00659	0.00666
52	0.02947	0.02172	0.02327	0.01784	0.02404	0.02404	0.01474	0.65329	0.03646	0.04887	0.01862	0.01862	0.01319	0.00931	0.00776	0.00233	0.00853	0.00698	0.00776	0.01319
53	0.06110	0.01326	0.01776	0.01367	0.01962	0.01161	0.01129	0.03726	0.02188	0.66164	0.02989	0.02591	0.01881	0.00951	0.00769	0.00240	0.00658	0.00767	0.00943	0.01303
54	0.01914	0.01471	0.01599	0.01430	0.01837	0.01637	0.01113	0.03602	0.49180	0.08614	0.09545	0.03331	0.05341	0.01124	0.00793	0.00255	0.00572	0.00942	0.04558	0.01140
55	0.01777	0.01522	0.01615	0.01472	0.01871	0.01729	0.01138	0.03658	0.56284	0.03100	0.06240	0.06129	0.07678	0.01199	0.00812	0.00264	0.00580	0.01010	0.00784	0.01139
56	0.57713	0.01599	0.01646	0.04719	0.01992	0.01847	0.06247	0.06188	0.01508	0.03289	0.01178	0.01438	0.00920	0.00779	0.00706	0.00250	0.06110	0.00510	0.00474	0.00888
57	0.01608	0.01378	0.01608	0.01148	0.01837	0.01034	0.00919	0.01952	0.01608	0.02527	0.01378	0.01608	0.01148	0.00574	0.00574	0.00115	0.00574	0.00459	0.00459	0.77491
58	0.00998	0.00713	0.00931	0.01086	0.01150	0.00674	0.00752	0.01148	0.01495	0.01976	0.04208	0.55404	0.07258	0.09506	0.01296	0.00362	0.00509	0.09216	0.00694	0.00624
59	0.01118	0.00753	0.00843	0.00843	0.00854	0.00747	0.00475	0.01127	0.01155	0.01529	0.02678	0.05178	0.05628	0.69681	0.03815	0.00730	0.00736	0.01150	0.00481	0.00478
60	0.01740	0.01163	0.01548	0.01388	0.01663	0.01301	0.01107	0.13322	0.01794	0.10125	0.02113	0.02734	0.01790	0.04198	0.46670	0.00911	0.04208	0.00795	0.00542	0.00885
61	0.01250	0.00909	0.01207	0.01303	0.01493	0.00884	0.01062	0.04235	0.01799	0.02399	0.07861	0.25337	0.04501	0.02045	0.00998	0.00319	0.00618	0.36018	0.00713	0.05050
62	0.01555	0.04011	0.68733	0.02210	0.03356	0.01801	0.02865	0.02455	0.01637	0.02455	0.01391	0.01637	0.00982	0.00737	0.00737	0.00246	0.01146	0.00573	0.00327	0.01146
63	0.07614	0.02037	0.02168	0.01678	0.02271	0.02244	0.01384	0.56329	0.03362	0.07382	0.01889	0.01897	0.01340	0.00918	0.00748	0.00231	0.00810	0.00685	0.03747	0.01265
64	0.01347	0.00673	0.01010	0.01010	0.01010	0.00673	0.00673	0.01010	0.01010	0.01347	0.01347	0.02357	0.01347	0.02694	0.03030	0.77441	0.00673	0.00673	0.00337	0.00337
65	0.78228	0.01499	0.01140	0.01020	0.01499	0.01739	0.00840	0.02279	0.01320	0.03479	0.01080	0.01260	0.00840	0.00720	0.00480	0.00240	0.00600	0.00420	0.00480	0.00840
66	0.01464	0.01378	0.02326	0.70887	0.05340	0.01723	0.02153	0.01981	0.01550	0.01981	0.01378	0.02067	0.01034	0.00775	0.00775	0.00258	0.01034	0.00689	0.00345	0.00861
67	0.01128	0.00752	0.00846	0.00846	0.00846	0.00752	0.00470	0.01128	0.01128	0.01503	0.02443	0.05074	0.02819	0.72751	0.03946	0.00752	0.00752	0.01128	0.00470	0.00470
68	0.01608	0.01378	0.01608	0.01148	0.01837	0.01034	0.00919	0.01952	0.01608	0.02527	0.01378	0.01608	0.01148	0.00574	0.00574	0.00115	0.00574	0.00459	0.00459	0.77491
69	0.02005	0.01948	0.03001	0.08171	0.57069	0.06098	0.02267	0.05498	0.01873	0.02578	0.01458	0.01892	0.01207	0.00714	0.00764	0.00230	0.00954	0.00679	0.00402	0.01191
70	0.01581	0.07414	0.65553	0.02167	0.03289	0.01863	0.02789	0.02449	0.01634	0.02424	0.01376	0.01618	0.00983	0.00733	0.00725	0.00242	0.01130	0.00565	0.00328	0.01138
71	0.01481	0.01384	0.02327	0.64247	0.08714	0.01695	0.02128	0.01988	0.01572	0.02026	0.01497	0.02339	0.01188	0.00828	0.00787	0.00261	0.01014	0.03286	0.00362	0.00876
72	0.02090	0.32933	0.08601	0.02697	0.25643	0.07643	0.01845	0.05968	0.01813	0.02305	0.01292	0.01562	0.01096	0.00705	0.00644	0.00201	0.00932	0.00548	0.00380	0.01101
73	0.01454	0.01364	0.02259	0.63199	0.04929	0.01710	0.02055	0.01930	0.01525	0.01974	0.01496	0.05449	0.01231	0.00892	0.00896	0.00266	0.05397	0.00762	0.00362	0.00849
74	0.00951	0.00682	0.00893	0.01060	0.01111	0.00635	0.00705	0.01083	0.01481	0.01965	0.04335	0.67222	0.07357	0.05153	0.01102	0.00330	0.00459	0.02141	0.00710	0.00624
75	0.01128	0.00752	0.00846	0.00846	0.00846	0.00752	0.00470	0.01128	0.01128	0.01503	0.02443	0.05074	0.02819	0.72751	0.03946	0.00752	0.00752	0.01128	0.00470	0.00470
76	0.01928	0.02114	0.07454	0.04196	0.49183	0.05195	0.13637	0.02438	0.01790	0.02488	0.01461	0.01907	0.01192	0.00692	0.00789	0.00235	0.01028	0.00714	0.00383	0.01174
77	0.00960	0.00685	0.00917	0.01097	0.01148	0.00643	0.00746	0.01106	0.01499	0.01996	0.04265	0.69122	0.05095	0.02415	0.00994	0.00317	0.00463	0.05179	0.00719	0.00634
78	0.00919	0.00775	0.00796	0.00814	0.01055	0.00652	0.00602	0.01110	0.01740	0.02084	0.07513	0.13638	0.61644	0.02008	0.00923	0.00267	0.00398	0.01691	0.00720	0.00652
79	0.03024	0.04237	0.04661	0.01716	0.06222	0.03933	0.01357	0.16332	0.02414	0.41103	0.02557	0.05085	0.01777	0.00971	0.00772	0.00237	0.00759	0.00783	0.00809	0.01253
80	0.02030	0.66284	0.06676	0.01404	0.02050	0.02976	0.01412	0.02302	0.01556	0.01853	0.01088	0.01286	0.00996	0.00706	0.00623	0.00179	0.04820	0.00436	0.00332	0.00993
81	0.02770	0.02084	0.02227	0.01748	0.02337	0.02322	0.01431	0.54673	0.14590	0.04601	0.02087	0.02041	0.01501	0.00952	0.00778	0.00238	0.00812	0.00729	0.00778	0.01303
82	0.01919	0.01842	0.03147	0.04759	0.67914	0.01842	0.02380	0.02380	0.01765	0.02533	0.01458	0.01919	0.01228	0.00691	0.00768	0.00230	0.00921	0.00691	0.00384	0.01228
83	0.01464	0.01378	0.02326	0.70887	0.05340	0.01723	0.02153	0.01981	0.01550	0.01981	0.01378	0.02067	0.01034	0.00775	0.00775	0.00258	0.01034	0.00689	0.00345	0.00861
84	0.11473	0.31552	0.07842	0.01863	0.09037	0.16801	0.01515	0.02610	0.01752	0.07262	0.01319	0.01486	0.01071	0.00730	0.00606	0.00200	0.00944	0.00502	0.00417	0.01016
85	0.74899	0.01494	0.01191	0.04049	0.01666	0.01739	0.00897	0.02266	0.01330	0.03414	0.01093	0.01295	0.00848	0.00722	0.00493	0.00241	0.00619	0.00432	0.00474	0.00841
86	0.01084	0.00792	0.01018	0.00961	0.01150	0.00726	0.00721	0.01437	0.02163	0.03034	0.63077	0.05916	0.11791	0.01613	0.00915	0.00245	0.00368	0.01420	0.00844	0.00726
87	0.01077	0.00752	0.00860	0.00873	0.00930	0.00724	0.00535	0.01150	0.01345	0.01774	0.09101	0.12453	0.12209	0.49591	0.02962	0.00595	0.00638	0.01333	0.00563	0.00535
88	0.01128	0.00752	0.00846	0.00846	0.00846	0.00752	0.00470	0.01128	0.01128	0.01503	0.02443	0.05074	0.02819	0.72751	0.03946	0.00752	0.00752	0.01128	0.00470	0.00470
89	0.00919	0.00775	0.00796	0.00814	0.01055	0.00652	0.00602	0.01110	0.01740	0.02084	0.07511	0.13673	0.61610	0.02008	0.00923	0.00267	0.00398	0.01691	0.00720	0.00652
90	0.02947	0.02172	0.02327	0.01784	0.02404	0.02404	0.01474	0.65329	0.03646	0.04887	0.01862	0.01862	0.01319	0.00931	0.00776	0.00233	0.00853	0.00698	0.00776	0.01319
91	0.78228	0.01499	0.01140	0.01020	0.01499	0.01739	0.00840	0.02279	0.01320	0.03479	0.01080	0.01260	0.00840	0.00720	0.00480	0.00240	0.00600	0.00420	0.00480	0.00840
92	0.02073	0.73217	0.04063	0.01327	0.01990	0.03068	0.01327	0.02322	0.01575	0.01824	0.01078	0.01244	0.00995	0.00663	0.00498	0.00166	0.00829	0.00415	0.00332	0.00995
93	0.01097	0.00793	0.01036	0.00975	0.01158	0.00732	0.00732	0.01463	0.02195	0.03109	0.67505	0.05792	0.07316	0.01585	0.00914	0.00244	0.00366	0.01402	0.00854	0.00732
