[name]
unknown

[dist]
# distance from previous block
# <min> <max>
0	15

[block]
# block no. 0 follows, 29 sequences, length 11
# corresponding to MSA columns:
# 15-25
name=unknown_A
#
# <colnr> <probs for GDERKNQSTAVLIFYWHMCP>
#	G	D	E	R	K	N	Q	S	T	A	V	L	I	F	Y	W	H	M	C	P
0	0.01242	0.00934	0.01212	0.01318	0.01517	0.00975	0.01117	0.01858	0.13626	0.02264	0.03624	0.10813	0.03791	0.01804	0.00933	0.00310	0.00626	0.50633	0.00668	0.00735
1	0.01428	0.03683	0.71286	0.02030	0.03082	0.01654	0.02631	0.02255	0.01503	0.02255	0.01278	0.01503	0.00902	0.00677	0.00677	0.00226	0.01052	0.00526	0.00301	0.01052
2	0.01392	0.00781	0.00981	0.00949	0.01075	0.00746	0.00646	0.01505	0.01355	0.13943	0.05977	0.17197	0.03077	0.38860	0.04714	0.00508	0.00648	0.04440	0.00580	0.00627
3	0.08940	0.02575	0.42026	0.01678	0.02418	0.01392	0.05061	0.02039	0.01584	0.04717	0.13706	0.06844	0.02202	0.00915	0.00707	0.00229	0.00829	0.00765	0.00445	0.00929
4	0.00992	0.00727	0.00930	0.00879	0.01054	0.00665	0.00659	0.01313	0.01978	0.02766	0.64109	0.05466	0.12824	0.01489	0.00840	0.00226	0.00338	0.01308	0.00772	0.00665
5	0.01545	0.01848	0.13292	0.44737	0.14451	0.04874	0.02058	0.05035	0.01582	0.02086	0.01292	0.01778	0.00980	0.00702	0.00702	0.00228	0.00958	0.00608	0.00340	0.00905
6	0.01912	0.01140	0.01438	0.01262	0.01568	0.01195	0.00989	0.02574	0.17801	0.24038	0.14817	0.14742	0.03140	0.01264	0.00942	0.00247	0.08209	0.01044	0.00731	0.00946
7	0.01008	0.00728	0.00952	0.00896	0.01064	0.00672	0.00672	0.01344	0.02016	0.02855	0.70158	0.05319	0.06719	0.01456	0.00840	0.00224	0.00336	0.01288	0.00784	0.00672
8	0.42275	0.01353	0.01362	0.01127	0.01612	0.01430	0.00925	0.05641	0.06394	0.28695	0.01839	0.01762	0.01261	0.00774	0.00576	0.00222	0.00583	0.00550	0.00638	0.00981
9	0.59547	0.06634	0.01377	0.01067	0.01523	0.01744	0.00885	0.06517	0.10108	0.03143	0.01282	0.01384	0.00989	0.00709	0.00496	0.00218	0.00582	0.00455	0.00485	0.00855
10	0.01016	0.00825	0.00917	0.00900	0.01130	0.00776	0.00685	0.01470	0.10252	0.02284	0.21283	0.09448	0.39681	0.01645	0.00837	0.00244	0.00399	0.04823	0.00698	0.00686

[dist]
# distance from previous block
# <min> <max>
0	1

[block]
# block no. 1 follows, 29 sequences, length 15
# corresponding to MSA columns:
# 27-41
name=unknown_B
#
# <colnr> <probs for GDERKNQSTAVLIFYWHMCP>
#	G	D	E	R	K	N	Q	S	T	A	V	L	I	F	Y	W	H	M	C	P
0	0.05989	0.30198	0.02649	0.01513	0.02023	0.26053	0.01283	0.18024	0.02080	0.02436	0.01198	0.01325	0.00979	0.00712	0.00579	0.00181	0.00934	0.00469	0.00429	0.00948
1	0.01327	0.00664	0.00664	0.00664	0.00830	0.00664	0.00498	0.01659	0.01493	0.02655	0.02323	0.02655	0.01825	0.00830	0.00498	0.00166	0.00332	0.00664	0.78928	0.00664
2	0.01033	0.00701	0.00831	0.00831	0.00850	0.00720	0.00500	0.01071	0.01052	0.01421	0.02194	0.04382	0.02468	0.64602	0.13833	0.00758	0.00872	0.00995	0.00424	0.00462
3	0.01107	0.00752	0.00970	0.00901	0.01095	0.00686	0.00681	0.01428	0.01987	0.06276	0.61879	0.05288	0.11338	0.01453	0.00834	0.00225	0.00352	0.01275	0.00779	0.00694
4	0.02707	0.01995	0.02137	0.01638	0.02208	0.02208	0.01353	0.68159	0.03348	0.04488	0.01710	0.01710	0.01211	0.00855	0.00712	0.00214	0.00784	0.00641	0.00712	0.01211
5	0.00868	0.00620	0.00826	0.00991	0.01033	0.00578	0.00661	0.00991	0.01363	0.01818	0.03925	0.74510	0.04710	0.02231	0.00909	0.00289	0.00413	0.02024	0.00661	0.00578
6	0.01477	0.01266	0.01477	0.01055	0.01687	0.00949	0.00844	0.01793	0.01477	0.02320	0.01266	0.01477	0.01055	0.00527	0.00527	0.00105	0.00527	0.00422	0.00422	0.79328
7	0.01023	0.00823	0.01167	0.13893	0.01775	0.00890	0.00950	0.01233	0.01424	0.01911	0.10429	0.43350	0.06780	0.04327	0.01064	0.00286	0.05922	0.01536	0.00579	0.00637
8	0.01801	0.01532	0.02355	0.01904	0.05686	0.01524	0.18292	0.10798	0.07329	0.07410	0.03723	0.05601	0.01603	0.02972	0.00955	0.00227	0.07541	0.00761	0.00510	0.17476
9	0.00865	0.00631	0.00814	0.00961	0.01025	0.00581	0.00647	0.00995	0.01393	0.01830	0.04298	0.66837	0.12143	0.02182	0.00901	0.00284	0.00407	0.01965	0.00661	0.00581
10	0.00858	0.00686	0.00768	0.00822	0.00991	0.00596	0.00588	0.01025	0.01550	0.01927	0.08808	0.30219	0.44788	0.01936	0.00865	0.00257	0.00378	0.01674	0.00666	0.00596
11	0.01646	0.01944	0.07199	0.02751	0.03360	0.01861	0.52860	0.02179	0.01567	0.02179	0.01342	0.01835	0.01046	0.00719	0.01099	0.00252	0.14095	0.00786	0.00349	0.00933
12	0.01878	0.01441	0.01571	0.01392	0.01795	0.01617	0.01088	0.03585	0.57280	0.10513	0.07408	0.02810	0.02433	0.00990	0.00731	0.00238	0.00553	0.00828	0.00746	0.01106
13	0.00868	0.00620	0.00826	0.00991	0.01033	0.00578	0.00661	0.00991	0.01363	0.01818	0.03925	0.74510	0.04710	0.02231	0.00909	0.00289	0.00413	0.02024	0.00661	0.00578
14	0.01596	0.05268	0.25834	0.02515	0.03274	0.01826	0.38160	0.02216	0.01561	0.02198	0.01325	0.01722	0.01003	0.00684	0.00907	0.00238	0.07666	0.00701	0.00334	0.00972

[dist]
# distance from previous block
# <min> <max>
3	11

[block]
# block no. 2 follows, 29 sequences, length 11
# corresponding to MSA columns:
# 53-63
name=unknown_C
#
# <colnr> <probs for GDERKNQSTAVLIFYWHMCP>
#	G	D	E	R	K	N	Q	S	T	A	V	L	I	F	Y	W	H	M	C	P
0	0.01060	0.00718	0.00966	0.01065	0.01137	0.00711	0.00743	0.01196	0.01389	0.06225	0.03661	0.65226	0.04279	0.02082	0.00988	0.00286	0.05132	0.01851	0.00653	0.00632
1	0.01598	0.01311	0.01503	0.01106	0.01679	0.01089	0.00875	0.10227	0.01680	0.02520	0.01403	0.01769	0.01201	0.06718	0.00807	0.00168	0.00574	0.00501	0.00460	0.62811
2	0.01635	0.01663	0.06369	0.01735	0.02321	0.01466	0.17044	0.07407	0.01628	0.02403	0.01299	0.01614	0.01048	0.00679	0.00874	0.00182	0.10765	0.00573	0.00409	0.38887
3	0.00905	0.00680	0.00819	0.00873	0.00998	0.00615	0.00609	0.01083	0.01558	0.02044	0.19510	0.33403	0.24281	0.07940	0.01098	0.00293	0.00403	0.01625	0.00669	0.00594
4	0.00865	0.00628	0.00817	0.00969	0.01027	0.00580	0.00651	0.00994	0.01385	0.01827	0.04199	0.68867	0.10176	0.02195	0.00903	0.00285	0.00409	0.01981	0.00661	0.00580
5	0.02275	0.01246	0.01535	0.01219	0.01714	0.01147	0.00980	0.05157	0.13840	0.33045	0.10923	0.02597	0.02285	0.00890	0.00692	0.00199	0.00553	0.00737	0.00735	0.18232
6	0.00891	0.00635	0.00838	0.00971	0.01024	0.00594	0.00652	0.01032	0.01420	0.01911	0.11123	0.63661	0.04832	0.05528	0.01028	0.00301	0.00418	0.01897	0.00664	0.00582
7	0.01488	0.06683	0.58106	0.02139	0.03121	0.01729	0.12404	0.02253	0.01527	0.02233	0.01289	0.01550	0.00929	0.00662	0.00691	0.00224	0.01061	0.00567	0.00310	0.01032
8	0.00868	0.00620	0.00826	0.00991	0.01033	0.00578	0.00661	0.00991	0.01363	0.01818	0.03925	0.74510	0.04710	0.02231	0.00909	0.00289	0.00413	0.02024	0.00661	0.00578
9	0.06605	0.01238	0.01992	0.64525	0.04460	0.01529	0.01826	0.01793	0.01406	0.01912	0.01390	0.05745	0.01139	0.00790	0.00704	0.00239	0.00894	0.00691	0.00343	0.00778
10	0.05118	0.01942	0.01978	0.01561	0.02074	0.06152	0.01272	0.56502	0.03036	0.04086	0.01784	0.05434	0.01379	0.00911	0.00702	0.00214	0.00771	0.00694	0.03265	0.01123

[dist]
# distance from previous block
# <min> <max>
1	6

[block]
# block no. 3 follows, 29 sequences, length 14
# corresponding to MSA columns:
# 70-83
name=unknown_D
#
# <colnr> <probs for GDERKNQSTAVLIFYWHMCP>
#	G	D	E	R	K	N	Q	S	T	A	V	L	I	F	Y	W	H	M	C	P
0	0.06165	0.33002	0.02577	0.03872	0.01980	0.20325	0.01206	0.04733	0.04084	0.05156	0.01341	0.04218	0.01161	0.00739	0.00567	0.00177	0.00848	0.00517	0.00407	0.06926
1	0.05404	0.11563	0.05752	0.20196	0.02921	0.11734	0.07464	0.08130	0.01636	0.02138	0.01185	0.01578	0.00962	0.00807	0.00991	0.00230	0.15492	0.00576	0.00366	0.00874
2	0.01359	0.01144	0.01610	0.15666	0.02230	0.01235	0.04764	0.06374	0.06997	0.02316	0.10085	0.21313	0.02763	0.01248	0.00890	0.00238	0.06472	0.01077	0.03386	0.08833
3	0.01237	0.00618	0.00928	0.00928	0.00928	0.00618	0.00618	0.00928	0.00928	0.01237	0.01237	0.02165	0.01237	0.02474	0.02783	0.79283	0.00618	0.00618	0.00309	0.00309
4	0.01430	0.01237	0.01504	0.11187	0.01910	0.04104	0.01085	0.06900	0.06732	0.02192	0.12210	0.03200	0.06209	0.15789	0.03966	0.00357	0.13479	0.00857	0.00500	0.05153
5	0.00992	0.00716	0.00938	0.00906	0.01060	0.00661	0.00671	0.01305	0.01943	0.02740	0.62808	0.12997	0.06496	0.01542	0.00848	0.00231	0.00345	0.01369	0.00770	0.00661
6	0.03087	0.01385	0.01759	0.01349	0.01904	0.01303	0.01114	0.17743	0.02327	0.56346	0.02567	0.02266	0.01641	0.00875	0.00715	0.00219	0.00645	0.00700	0.00844	0.01212
7	0.01237	0.00618	0.00928	0.00928	0.00928	0.00618	0.00618	0.00928	0.00928	0.01237	0.01237	0.02165	0.01237	0.02474	0.02783	0.79283	0.00618	0.00618	0.00309	0.00309
8	0.02564	0.01857	0.01985	0.01537	0.02066	0.02048	0.01265	0.61278	0.03156	0.04298	0.01773	0.01807	0.01275	0.00852	0.00690	0.00209	0.00737	0.00643	0.08806	0.01154
9	0.80005	0.01377	0.01047	0.00936	0.01377	0.01597	0.00771	0.02093	0.01212	0.03195	0.00991	0.01157	0.00771	0.00661	0.00441	0.00220	0.00551	0.00386	0.00441	0.00771
10	0.02961	0.01587	0.01885	0.01445	0.02005	0.01604	0.01194	0.34485	0.02666	0.39125	0.02282	0.02081	0.01498	0.00869	0.00714	0.00217	0.00691	0.00680	0.00800	0.01211
11	0.02414	0.01519	0.01728	0.01428	0.01911	0.01624	0.01146	0.16397	0.34585	0.25194	0.02635	0.02395	0.01851	0.00917	0.00719	0.00229	0.00621	0.00744	0.00773	0.01171
12	0.02707	0.01995	0.02137	0.01638	0.02208	0.02208	0.01353	0.68159	0.03348	0.04488	0.01710	0.01710	0.01211	0.00855	0.00712	0.00214	0.00784	0.00641	0.00712	0.01211
13	0.02667	0.01820	0.02000	0.01559	0.02106	0.01980	0.01280	0.50580	0.11146	0.14352	0.02020	0.01932	0.01411	0.00872	0.00714	0.00218	0.00730	0.00672	0.00739	0.01201

[dist]
# distance from previous block
# <min> <max>
1	4

[block]
# block no. 4 follows, 29 sequences, length 80
# corresponding to MSA columns:
# 88-167
name=unknown_E
#
# <colnr> <probs for GDERKNQSTAVLIFYWHMCP>
#	G	D	E	R	K	N	Q	S	T	A	V	L	I	F	Y	W	H	M	C	P
0	0.02525	0.02029	0.02056	0.01624	0.02146	0.10461	0.03145	0.46310	0.08295	0.06496	0.01768	0.01844	0.01305	0.02905	0.00783	0.00223	0.00819	0.00644	0.00650	0.03971
1	0.02972	0.04086	0.01814	0.01336	0.01877	0.01368	0.01105	0.18208	0.02288	0.51175	0.02474	0.02278	0.01629	0.03031	0.00791	0.00230	0.00655	0.00696	0.00808	0.01178
2	0.00842	0.00721	0.00721	0.00721	0.00962	0.00601	0.00541	0.01022	0.01623	0.01924	0.07213	0.06853	0.70244	0.01803	0.00842	0.00240	0.00361	0.01503	0.00661	0.00601
3	0.01493	0.03234	0.54170	0.02277	0.03245	0.01691	0.19296	0.02262	0.01549	0.02262	0.01319	0.01610	0.00948	0.00657	0.00718	0.00229	0.01090	0.00606	0.00316	0.01029
4	0.00954	0.00726	0.00878	0.00840	0.01031	0.00649	0.00630	0.01240	0.01889	0.02555	0.49874	0.05813	0.27190	0.01568	0.00840	0.00229	0.00344	0.01357	0.00744	0.00649
5	0.02947	0.01459	0.01778	0.01370	0.01911	0.01432	0.01129	0.25752	0.02468	0.45125	0.02408	0.02187	0.01575	0.00870	0.00706	0.00216	0.00656	0.00688	0.04137	0.01188
6	0.01576	0.01640	0.03159	0.23093	0.12835	0.01668	0.32942	0.02080	0.01565	0.02141	0.01348	0.01847	0.01043	0.00650	0.00806	0.00227	0.03208	0.00714	0.00350	0.07109
7	0.01541	0.01801	0.07623	0.02611	0.05255	0.01582	0.49900	0.02093	0.01700	0.02338	0.10855	0.05547	0.01995	0.00794	0.00829	0.00238	0.01029	0.00928	0.00427	0.00915
8	0.01032	0.00704	0.00848	0.00848	0.00873	0.00729	0.00521	0.01082	0.01057	0.01434	0.02178	0.04297	0.02431	0.61405	0.16979	0.00779	0.00927	0.00982	0.00422	0.00471
9	0.08115	0.01262	0.01638	0.01264	0.01809	0.01140	0.01044	0.06630	0.02051	0.63319	0.02637	0.02306	0.01671	0.00866	0.00698	0.00220	0.00611	0.00691	0.00844	0.01183
10	0.06296	0.21307	0.47716	0.01756	0.02623	0.01959	0.02128	0.02195	0.01457	0.02148	0.01176	0.01395	0.00898	0.00680	0.00668	0.00210	0.03602	0.00485	0.00311	0.00991
11	0.01487	0.00830	0.00848	0.00790	0.01006	0.00860	0.00607	0.08781	0.03685	0.02859	0.02275	0.02554	0.01770	0.00836	0.00527	0.00173	0.00387	0.00665	0.68322	0.00735
12	0.00858	0.00718	0.00746	0.00748	0.00974	0.00607	0.00558	0.01050	0.01648	0.02003	0.12732	0.09505	0.61836	0.01790	0.00844	0.00241	0.00361	0.01505	0.00672	0.00607
13	0.22339	0.01779	0.01819	0.01442	0.01938	0.02005	0.01185	0.46495	0.02639	0.03948	0.01511	0.01653	0.01130	0.03096	0.00799	0.00234	0.03727	0.00587	0.00618	0.01057
14	0.00868	0.00620	0.00826	0.00991	0.01033	0.00578	0.00661	0.00991	0.01363	0.01818	0.03925	0.74510	0.04710	0.02231	0.00909	0.00289	0.00413	0.02024	0.00661	0.00578
15	0.01664	0.01336	0.01545	0.01133	0.01737	0.01100	0.00909	0.10250	0.01727	0.04588	0.01450	0.03818	0.01210	0.00633	0.00568	0.00128	0.00559	0.00508	0.00480	0.64655
16	0.01932	0.56173	0.03158	0.01276	0.01809	0.14355	0.01181	0.02148	0.01560	0.01710	0.01594	0.01703	0.07436	0.00743	0.00524	0.00166	0.00812	0.00499	0.00349	0.00869
17	0.14608	0.01413	0.01974	0.21187	0.02638	0.01808	0.03906	0.01876	0.01268	0.04090	0.01167	0.01669	0.00979	0.00951	0.01397	0.00265	0.33719	0.00599	0.03691	0.00795
18	0.02108	0.01492	0.01649	0.01402	0.01842	0.01635	0.01113	0.14530	0.41317	0.14731	0.06179	0.02707	0.04086	0.00981	0.00730	0.00232	0.00591	0.00806	0.00750	0.01118
19	0.01617	0.01154	0.01368	0.05768	0.01711	0.01161	0.00952	0.08518	0.15775	0.10617	0.20481	0.03771	0.14525	0.01155	0.00752	0.00219	0.00518	0.00974	0.00691	0.08274
20	0.01008	0.00728	0.00952	0.00896	0.01064	0.00672	0.00672	0.01344	0.02016	0.02855	0.70158	0.05319	0.06719	0.01456	0.00840	0.00224	0.00336	0.01288	0.00784	0.00672
21	0.01700	0.01842	0.03780	0.08200	0.10657	0.01799	0.51902	0.04705	0.01702	0.02319	0.01413	0.01885	0.01077	0.00640	0.00854	0.00238	0.03162	0.00790	0.00368	0.00970
22	0.01008	0.00728	0.00952	0.00896	0.01064	0.00672	0.00672	0.01344	0.02016	0.02855	0.70158	0.05319	0.06719	0.01456	0.00840	0.00224	0.00336	0.01288	0.00784	0.00672
23	0.01435	0.01352	0.02257	0.58377	0.16805	0.01608	0.01988	0.01949	0.03624	0.01949	0.01331	0.01898	0.01021	0.00706	0.00711	0.00233	0.00918	0.00639	0.00336	0.00863
24	0.02087	0.00967	0.01297	0.01079	0.01436	0.00857	0.00857	0.02393	0.02027	0.36487	0.36932	0.03891	0.04274	0.01172	0.00779	0.00222	0.00469	0.01006	0.00832	0.00938
25	0.01444	0.00802	0.01050	0.00995	0.01216	0.00720	0.00741	0.01684	0.01776	0.17915	0.27863	0.26999	0.10758	0.01606	0.00834	0.00246	0.00424	0.01414	0.00755	0.00758
26	0.02352	0.01755	0.01926	0.01454	0.02042	0.01800	0.01193	0.46541	0.02752	0.05657	0.01607	0.01659	0.01179	0.00758	0.00657	0.00182	0.00702	0.00578	0.00630	0.24577
27	0.02622	0.03216	0.02033	0.01821	0.02189	0.64054	0.01381	0.07871	0.02086	0.01955	0.01142	0.01327	0.00941	0.00762	0.00711	0.00191	0.03974	0.00479	0.00392	0.00854
28	0.00959	0.00695	0.00908	0.00942	0.01069	0.00644	0.00686	0.01215	0.01755	0.02422	0.41336	0.29303	0.08695	0.01763	0.00871	0.00252	0.00379	0.04740	0.00730	0.00636
29	0.01741	0.03944	0.01570	0.01102	0.01698	0.01044	0.00891	0.02090	0.03454	0.12654	0.01612	0.03775	0.01294	0.00646	0.00570	0.00134	0.00545	0.00522	0.00502	0.60212
30	0.01848	0.01828	0.02617	0.06057	0.46102	0.08328	0.01948	0.05857	0.01656	0.02269	0.01265	0.01685	0.01073	0.00765	0.00982	0.00227	0.13480	0.00617	0.00366	0.01032
31	0.03195	0.01212	0.01652	0.01267	0.01818	0.01047	0.01047	0.03470	0.02038	0.71026	0.02809	0.02424	0.01763	0.00881	0.00716	0.00220	0.00606	0.00716	0.00881	0.01212
32	0.01972	0.01627	0.01755	0.04455	0.02061	0.01865	0.01215	0.18722	0.51075	0.03283	0.02554	0.02404	0.01899	0.00930	0.00721	0.00235	0.00631	0.00760	0.00705	0.01133
33	0.01174	0.00960	0.04034	0.01162	0.01332	0.00874	0.00897	0.10192	0.01671	0.02235	0.03494	0.53539	0.04001	0.01947	0.00881	0.00281	0.00520	0.09461	0.00652	0.00693
34	0.01001	0.00728	0.00943	0.00889	0.01060	0.00669	0.00667	0.01331	0.02000	0.02818	0.67654	0.05380	0.09246	0.01470	0.00840	0.00225	0.00337	0.01296	0.00779	0.00669
35	0.01669	0.01406	0.01519	0.01387	0.01750	0.01602	0.01084	0.06150	0.54018	0.02846	0.03052	0.06107	0.04976	0.01317	0.04324	0.00292	0.00631	0.04135	0.00698	0.01039
36	0.00889	0.00726	0.00787	0.00779	0.01001	0.00624	0.00589	0.01110	0.01714	0.02144	0.21577	0.06536	0.53654	0.01728	0.00845	0.00239	0.00364	0.03386	0.00689	0.00619
37	0.01428	0.03683	0.71286	0.02030	0.03082	0.01654	0.02631	0.02255	0.01503	0.02255	0.01278	0.01503	0.00902	0.00677	0.00677	0.00226	0.01052	0.00526	0.00301	0.01052
38	0.01477	0.01266	0.01477	0.01055	0.01687	0.00949	0.00844	0.01793	0.01477	0.02320	0.01266	0.01477	0.01055	0.00527	0.00527	0.00105	0.00527	0.00422	0.00422	0.79328
39	0.01816	0.17959	0.09785	0.01543	0.01956	0.07394	0.03398	0.09954	0.01679	0.06317	0.01732	0.13067	0.01644	0.01244	0.04011	0.00270	0.14100	0.00788	0.00455	0.00888
40	0.02025	0.01594	0.01707	0.01472	0.01914	0.01806	0.01163	0.15322	0.53358	0.07359	0.02679	0.02473	0.01976	0.00941	0.00722	0.00235	0.00606	0.00770	0.00732	0.01147
41	0.01407	0.03535	0.67766	0.01973	0.02981	0.01605	0.02533	0.02209	0.01529	0.02285	0.04725	0.01694	0.01193	0.00716	0.00685	0.00225	0.01017	0.00564	0.00325	0.01033
42	0.01904	0.75404	0.03731	0.01218	0.01828	0.02818	0.01218	0.02132	0.01447	0.01675	0.00990	0.01142	0.00914	0.00609	0.00457	0.00152	0.00761	0.00381	0.00305	0.00914
43	0.01904	0.75404	0.03731	0.01218	0.01828	0.02818	0.01218	0.02132	0.01447	0.01675	0.00990	0.01142	0.00914	0.00609	0.00457	0.00152	0.00761	0.00381	0.00305	0.00914
44	0.01237	0.00618	0.00928	0.00928	0.00928	0.00618	0.00618	0.00928	0.00928	0.01237	0.01237	0.02165	0.01237	0.02474	0.02783	0.79283	0.00618	0.00618	0.00309	0.00309
45	0.01428	0.03683	0.71286	0.02030	0.03082	0.01654	0.02631	0.02255	0.01503	0.02255	0.01278	0.01503	0.00902	0.00677	0.00677	0.00226	0.01052	0.00526	0.00301	0.01052
46	0.00963	0.00726	0.00890	0.00849	0.01036	0.00653	0.00637	0.01257	0.01910	0.02605	0.53242	0.05731	0.23790	0.01549	0.00840	0.00228	0.00343	0.01346	0.00751	0.00653
47	0.00886	0.00633	0.00846	0.00997	0.01051	0.00593	0.00679	0.01030	0.01413	0.01892	0.07918	0.67913	0.04809	0.02174	0.00907	0.00287	0.00417	0.04298	0.00668	0.00587
48	0.01428	0.03683	0.71286	0.02030	0.03082	0.01654	0.02631	0.02255	0.01503	0.02255	0.01278	0.01503	0.00902	0.00677	0.00677	0.00226	0.01052	0.00526	0.00301	0.01052
49	0.00868	0.00620	0.00826	0.00991	0.01033	0.00578	0.00661	0.00991	0.01363	0.01818	0.03925	0.74510	0.04710	0.02231	0.00909	0.00289	0.00413	0.02024	0.00661	0.00578
50	0.02660	0.03394	0.02018	0.01834	0.02201	0.72116	0.01376	0.02843	0.02018	0.01743	0.01101	0.01284	0.00917	0.00734	0.00642	0.00183	0.01284	0.00459	0.00367	0.00825
51	0.02986	0.01547	0.01860	0.01426	0.01985	0.01545	0.01178	0.31207	0.02600	0.42496	0.02338	0.02117	0.01526	0.00870	0.00714	0.00217	0.00682	0.00684	0.00809	0.01211
52	0.01492	0.11272	0.60697	0.01991	0.02980	0.01786	0.05748	0.02243	0.01506	0.02194	0.01255	0.01486	0.00912	0.00665	0.00661	0.00218	0.01029	0.00526	0.00304	0.01033
53	0.01333	0.01204	0.01794	0.01562	0.01715	0.01401	0.09218	0.05476	0.01447	0.02023	0.04922	0.27247	0.05492	0.04494	0.01498	0.00298	0.26431	0.01212	0.00499	0.00733
54	0.03195	0.01212	0.01652	0.01267	0.01818	0.01047	0.01047	0.03470	0.02038	0.71026	0.02809	0.02424	0.01763	0.00881	0.00716	0.00220	0.00606	0.00716	0.00881	0.01212
55	0.01438	0.03614	0.68664	0.02068	0.03107	0.01659	0.05183	0.02256	0.01510	0.02256	0.01284	0.01520	0.00909	0.00674	0.00683	0.00226	0.01058	0.00538	0.00303	0.01049
56	0.05897	0.05100	0.02092	0.01500	0.02072	0.01371	0.09149	0.10073	0.02072	0.49548	0.02365	0.02174	0.01541	0.00822	0.00707	0.00219	0.00702	0.00693	0.00754	0.01149
57	0.02742	0.01278	0.01826	0.01400	0.01928	0.01153	0.07308	0.07880	0.02068	0.51417	0.05668	0.02790	0.07258	0.00949	0.00742	0.00223	0.00645	0.00807	0.00798	0.01118
58	0.00856	0.00720	0.00745	0.00760	0.00987	0.00609	0.00573	0.01040	0.01611	0.01927	0.06902	0.10300	0.64145	0.01832	0.00851	0.00247	0.00376	0.04257	0.00661	0.00602
59	0.00868	0.00620	0.00826	0.00991	0.01033	0.00578	0.00661	0.00991	0.01363	0.01818	0.03925	0.74510	0.04710	0.02231	0.00909	0.00289	0.00413	0.02024	0.00661	0.00578
60	0.02346	0.02542	0.02352	0.02712	0.26748	0.34787	0.01663	0.13849	0.02104	0.02425	0.01291	0.01529	0.01043	0.00719	0.00677	0.00199	0.01041	0.00553	0.00421	0.01000
61	0.01681	0.01921	0.04202	0.03001	0.03721	0.01801	0.67947	0.02281	0.01681	0.02281	0.01441	0.01921	0.01080	0.00600	0.00840	0.00240	0.01200	0.00840	0.00360	0.00960
62	0.01078	0.00743	0.00956	0.00900	0.01085	0.00677	0.00675	0.01389	0.01956	0.05544	0.59226	0.08086	0.12005	0.01493	0.00838	0.00228	0.00352	0.01312	0.00772	0.00684
63	0.15249	0.01280	0.01903	0.54240	0.04014	0.01537	0.01684	0.02014	0.01441	0.08202	0.01355	0.01815	0.00990	0.00718	0.00665	0.00233	0.00849	0.00597	0.00388	0.00825
64	0.00852	0.00715	0.00740	0.00747	0.00971	0.00603	0.00555	0.01036	0.01626	0.01964	0.10165	0.11068	0.62897	0.01813	0.00846	0.00243	0.00363	0.01525	0.00667	0.00603
65	0.00965	0.00707	0.00905	0.00896	0.01048	0.00647	0.00656	0.01245	0.01854	0.02567	0.51377	0.18333	0.12879	0.01636	0.00853	0.00238	0.00353	0.01447	0.00748	0.00647
66	0.01458	0.01423	0.02098	0.01794	0.01863	0.01903	0.05435	0.01661	0.01137	0.01736	0.01158	0.01825	0.01111	0.02017	0.16048	0.00472	0.55109	0.00664	0.00328	0.00762
67	0.13164	0.03219	0.56222	0.01933	0.02871	0.01655	0.06821	0.02233	0.01472	0.02397	0.01246	0.01480	0.00895	0.00669	0.00653	0.00226	0.00988	0.00527	0.00326	0.01004
68	0.34991	0.01454	0.03667	0.01520	0.09276	0.01468	0.01117	0.02757	0.10927	0.23463	0.01850	0.01823	0.01307	0.00767	0.00599	0.00222	0.00617	0.00575	0.00599	0.01001
69	0.01185	0.00862	0.01175	0.01320	0.01498	0.00877	0.01146	0.01615	0.05722	0.02182	0.03718	0.07708	0.03982	0.01907	0.00968	0.00323	0.00650	0.61819	0.00660	0.00684
70	0.01607	0.01526	0.02283	0.46545	0.19634	0.05194	0.01923	0.06041	0.04356	0.02141	0.01367	0.01855	0.01054	0.00714	0.00707	0.00227	0.00917	0.00632	0.00368	0.00909
71	0.01036	0.00690	0.00777	0.00777	0.00777	0.00690	0.00431	0.01036	0.01036	0.01381	0.02244	0.04660	0.02589	0.74975	0.03624	0.00690	0.00690	0.01036	0.00431	0.00431
72	0.01477	0.01266	0.01477	0.01055	0.01687	0.00949	0.00844	0.01793	0.01477	0.02320	0.01266	0.01477	0.01055	0.00527	0.00527	0.00105	0.00527	0.00422	0.00422	0.79328
73	0.00868	0.00620	0.00826	0.00991	0.01033	0.00578	0.00661	0.00991	0.01363	0.01818	0.03925	0.74510	0.04710	0.02231	0.00909	0.00289	0.00413	0.02024	0.00661	0.00578
74	0.01242	0.00647	0.00981	0.04112	0.01103	0.00661	0.00678	0.00967	0.00949	0.01263	0.01238	0.02153	0.01224	0.02396	0.02692	0.75803	0.00633	0.00619	0.00310	0.00330
75	0.00868	0.00620	0.00826	0.00991	0.01033	0.00578	0.00661	0.00991	0.01363	0.01818	0.03925	0.74510	0.04710	0.02231	0.00909	0.00289	0.00413	0.02024	0.00661	0.00578
76	0.01604	0.01638	0.02171	0.04753	0.02009	0.05657	0.01566	0.01774	0.01150	0.01719	0.00956	0.01558	0.00934	0.01199	0.02186	0.00302	0.67110	0.00615	0.00315	0.00782
77	0.66449	0.11411	0.01452	0.03701	0.01571	0.01762	0.00877	0.02088	0.01252	0.02937	0.01002	0.01183	0.00797	0.00656	0.00453	0.00212	0.00594	0.00394	0.00418	0.00791
78	0.01491	0.01500	0.02555	0.31902	0.03516	0.01802	0.15550	0.01879	0.01368	0.01901	0.01192	0.01773	0.00976	0.00859	0.01273	0.00257	0.25217	0.00664	0.00328	0.03996
79	0.01817	0.01498	0.01644	0.05776	0.02034	0.01723	0.01174	0.03649	0.61777	0.06325	0.02795	0.02599	0.02079	0.00946	0.00723	0.00240	0.00589	0.00790	0.00708	0.01111

[dist]
# distance from previous block
# <min> <max>
0	1

[block]
# block no. 5 follows, 29 sequences, length 33
# corresponding to MSA columns:
# 169-201
name=unknown_F
#
# <colnr> <probs for GDERKNQSTAVLIFYWHMCP>
#	G	D	E	R	K	N	Q	S	T	A	V	L	I	F	Y	W	H	M	C	P
0	0.00881	0.00723	0.00776	0.00763	0.00986	0.00618	0.00572	0.01099	0.01717	0.02146	0.22203	0.06488	0.55116	0.01721	0.00841	0.00237	0.00355	0.01452	0.00690	0.00618
1	0.01726	0.01485	0.01667	0.09565	0.02192	0.01724	0.01231	0.05496	0.56667	0.02860	0.02713	0.02767	0.02086	0.00976	0.00734	0.00244	0.00618	0.03505	0.00675	0.01072
2	0.01036	0.00690	0.00777	0.00777	0.00777	0.00690	0.00431	0.01036	0.01036	0.01381	0.02244	0.04660	0.02589	0.74975	0.03624	0.00690	0.00690	0.01036	0.00431	0.00431
3	0.01658	0.01327	0.02033	0.09484	0.08934	0.01425	0.10080	0.08984	0.05277	0.08720	0.04472	0.21093	0.02325	0.01219	0.00975	0.00253	0.09243	0.01064	0.00547	0.00887
4	0.01008	0.00728	0.00952	0.00896	0.01064	0.00672	0.00672	0.01344	0.02016	0.02855	0.70158	0.05319	0.06719	0.01456	0.00840	0.00224	0.00336	0.01288	0.00784	0.00672
5	0.04745	0.00874	0.01074	0.00995	0.01224	0.00850	0.00762	0.01773	0.08137	0.08950	0.46293	0.07007	0.06825	0.03553	0.00891	0.00246	0.00418	0.03878	0.00749	0.00755
6	0.02707	0.01995	0.02137	0.01638	0.02208	0.02208	0.01353	0.68159	0.03348	0.04488	0.01710	0.01710	0.01211	0.00855	0.00712	0.00214	0.00784	0.00641	0.00712	0.01211
7	0.01540	0.01295	0.01409	0.01294	0.01632	0.01447	0.01008	0.03042	0.49190	0.02840	0.15083	0.03698	0.07763	0.01163	0.00767	0.00243	0.00514	0.04360	0.00727	0.00986
8	0.01226	0.08849	0.01223	0.00931	0.01050	0.01030	0.00637	0.05665	0.01270	0.01679	0.02175	0.09431	0.02412	0.50108	0.08906	0.00609	0.00790	0.00992	0.00450	0.00565
9	0.01477	0.01266	0.01477	0.01055	0.01687	0.00949	0.00844	0.01793	0.01477	0.02320	0.01266	0.01477	0.01055	0.00527	0.00527	0.00105	0.00527	0.00422	0.00422	0.79328
10	0.01696	0.05655	0.09041	0.05201	0.39133	0.01638	0.04629	0.07536	0.01707	0.02398	0.01596	0.08806	0.01441	0.00806	0.00705	0.00213	0.00812	0.00743	0.00409	0.05837
11	0.01949	0.02216	0.06165	0.11482	0.32925	0.21633	0.01852	0.02488	0.08315	0.02160	0.01412	0.01716	0.01137	0.00707	0.00688	0.00210	0.00966	0.00595	0.00386	0.00998
12	0.13412	0.01375	0.01500	0.01219	0.01665	0.04969	0.00979	0.07789	0.04488	0.21979	0.10646	0.04405	0.02091	0.00905	0.00736	0.00203	0.04144	0.00702	0.00635	0.16157
13	0.01007	0.00733	0.00951	0.00910	0.01081	0.00677	0.00691	0.01335	0.01976	0.02771	0.63470	0.05542	0.09664	0.01501	0.00848	0.00230	0.00355	0.04820	0.00771	0.00668
14	0.01008	0.00728	0.00952	0.00896	0.01064	0.00672	0.00672	0.01344	0.02016	0.02855	0.70158	0.05319	0.06719	0.01456	0.00840	0.00224	0.00336	0.01288	0.00784	0.00672
15	0.01670	0.01995	0.07031	0.02960	0.03695	0.01795	0.65192	0.02280	0.01673	0.02280	0.01434	0.01903	0.01073	0.00603	0.00833	0.00239	0.01194	0.00827	0.00358	0.00964
16	0.00868	0.00620	0.00826	0.00991	0.01033	0.00578	0.00661	0.00991	0.01363	0.01818	0.03925	0.74510	0.04710	0.02231	0.00909	0.00289	0.00413	0.02024	0.00661	0.00578
17	0.01080	0.00798	0.01096	0.01172	0.04547	0.00760	0.00868	0.01419	0.01900	0.02643	0.49715	0.05845	0.05772	0.01547	0.00870	0.00250	0.00443	0.17854	0.00730	0.00690
18	0.05748	0.04223	0.01729	0.06003	0.02000	0.01169	0.04216	0.01960	0.03561	0.04431	0.01346	0.01561	0.01084	0.00578	0.00559	0.00137	0.00602	0.00474	0.00432	0.58187
19	0.76175	0.01489	0.04470	0.00990	0.01460	0.01600	0.00862	0.02101	0.01226	0.03149	0.01005	0.01174	0.00778	0.00662	0.00452	0.00221	0.00575	0.00392	0.00434	0.00785
20	0.01905	0.01596	0.01686	0.01476	0.01903	0.01834	0.01160	0.13022	0.59790	0.03195	0.02728	0.02521	0.02036	0.00950	0.00723	0.00238	0.00595	0.00782	0.00723	0.01139
21	0.01446	0.03577	0.67635	0.02154	0.06682	0.01656	0.02607	0.02251	0.01510	0.02259	0.01281	0.01517	0.00914	0.00674	0.00678	0.00225	0.01041	0.00532	0.00303	0.01056
22	0.01008	0.00728	0.00952	0.00896	0.01064	0.00672	0.00672	0.01344	0.02016	0.02855	0.70158	0.05319	0.06719	0.01456	0.00840	0.00224	0.00336	0.01288	0.00784	0.00672
23	0.02844	0.01530	0.11409	0.01341	0.01942	0.01111	0.01240	0.03200	0.01933	0.57602	0.02567	0.02307	0.01645	0.00850	0.00699	0.00218	0.00654	0.00686	0.05064	0.01159
24	0.01008	0.00728	0.00952	0.00896	0.01064	0.00672	0.00672	0.01344	0.02016	0.02855	0.70158	0.05319	0.06719	0.01456	0.00840	0.00224	0.00336	0.01288	0.00784	0.00672
25	0.03039	0.01172	0.01597	0.01248	0.01765	0.01015	0.01021	0.03304	0.01993	0.66393	0.02884	0.07250	0.01960	0.00972	0.00729	0.00225	0.00593	0.00804	0.00867	0.01169
26	0.01613	0.01346	0.01550	0.01119	0.01745	0.01089	0.00900	0.09151	0.01684	0.02561	0.01315	0.01502	0.01072	0.00564	0.00548	0.00117	0.00556	0.00446	0.00454	0.70667
27	0.01762	0.01692	0.02890	0.04371	0.70533	0.01692	0.02185	0.02185	0.01621	0.02326	0.01339	0.01762	0.01128	0.00634	0.00705	0.00211	0.00846	0.00634	0.00352	0.01128
28	0.01522	0.01365	0.02062	0.56994	0.04243	0.01662	0.01804	0.07794	0.11144	0.02212	0.01534	0.01989	0.01144	0.00760	0.00714	0.00236	0.00881	0.00658	0.00408	0.00874
29	0.01345	0.01266	0.02136	0.73264	0.04904	0.01582	0.01978	0.01819	0.01424	0.01819	0.01266	0.01898	0.00949	0.00712	0.00712	0.00237	0.00949	0.00633	0.00316	0.00791
30	0.01701	0.07955	0.08726	0.11303	0.52001	0.01771	0.02121	0.02148	0.01576	0.02212	0.01297	0.01703	0.01072	0.00644	0.00683	0.00211	0.00868	0.00604	0.00340	0.01067
31	0.01713	0.01690	0.02405	0.25546	0.34616	0.08060	0.01908	0.02338	0.10417	0.02198	0.01498	0.01879	0.01189	0.00711	0.00704	0.00221	0.00882	0.00640	0.00391	0.00994
32	0.02261	0.06268	0.01889	0.01540	0.01926	0.37264	0.01190	0.16121	0.02140	0.02382	0.05445	0.02105	0.04485	0.05911	0.02559	0.00246	0.01002	0.00629	0.00479	0.04156

[dist]
# distance from previous block
# <min> <max>
2	18

[block]
# block no. 6 follows, 29 sequences, length 19
# corresponding to MSA columns:
# 220-238
name=unknown_G
#
# <colnr> <probs for GDERKNQSTAVLIFYWHMCP>
#	G	D	E	R	K	N	Q	S	T	A	V	L	I	F	Y	W	H	M	C	P
0	0.04728	0.04855	0.01421	0.01192	0.01509	0.12710	0.00921	0.09283	0.12340	0.02511	0.14584	0.07489	0.18670	0.03647	0.00837	0.00238	0.00624	0.01011	0.00617	0.00812
1	0.02193	0.01470	0.05289	0.08129	0.02207	0.01372	0.04734	0.17176	0.04596	0.24044	0.11586	0.06244	0.02306	0.00971	0.00738	0.00221	0.00679	0.00826	0.00683	0.04534
2	0.01721	0.01649	0.02815	0.11268	0.63963	0.01681	0.02165	0.02149	0.01602	0.02276	0.01332	0.01776	0.01110	0.00642	0.00706	0.00214	0.00856	0.00634	0.00349	0.01094
3	0.02539	0.01079	0.01449	0.01202	0.01644	0.00949	0.00994	0.02817	0.01935	0.50212	0.06870	0.03866	0.08952	0.01167	0.00776	0.00239	0.00576	0.10874	0.00820	0.01039
4	0.00929	0.00696	0.01006	0.01110	0.01193	0.00655	0.03693	0.01093	0.01403	0.01867	0.03800	0.65187	0.04492	0.02134	0.00913	0.00291	0.00470	0.07819	0.00647	0.00602
5	0.00868	0.00620	0.00826	0.00991	0.01033	0.00578	0.00661	0.00991	0.01363	0.01818	0.03925	0.74510	0.04710	0.02231	0.00909	0.00289	0.00413	0.02024	0.00661	0.00578
6	0.01345	0.01266	0.02136	0.73264	0.04904	0.01582	0.01978	0.01819	0.01424	0.01819	0.01266	0.01898	0.00949	0.00712	0.00712	0.00237	0.00949	0.00633	0.00316	0.00791
7	0.00926	0.00694	0.00858	0.00881	0.01030	0.00627	0.00637	0.01161	0.01727	0.02322	0.35252	0.26088	0.21652	0.01769	0.00861	0.00247	0.00365	0.01557	0.00718	0.00627
8	0.01681	0.01921	0.04202	0.03001	0.03721	0.01801	0.67947	0.02281	0.01681	0.02281	0.01441	0.01921	0.01080	0.00600	0.00840	0.00240	0.01200	0.00840	0.00360	0.00960
9	0.01947	0.59808	0.11521	0.01347	0.01994	0.06078	0.01385	0.02246	0.01510	0.05031	0.01116	0.01253	0.00953	0.00636	0.00504	0.00166	0.00815	0.00418	0.00335	0.00940
10	0.04461	0.01473	0.01627	0.01299	0.01817	0.01468	0.01037	0.17326	0.20590	0.06745	0.02013	0.05258	0.01596	0.00824	0.00648	0.00186	0.00595	0.00665	0.00607	0.29765
11	0.08887	0.47032	0.05933	0.01569	0.07851	0.07501	0.01325	0.02349	0.07991	0.02022	0.01224	0.01368	0.01040	0.00662	0.00525	0.00177	0.00781	0.00456	0.00366	0.00940
12	0.14541	0.11249	0.11824	0.22864	0.08426	0.01854	0.06867	0.10105	0.01673	0.02487	0.01261	0.01595	0.00965	0.00688	0.00640	0.00217	0.00865	0.00563	0.00388	0.00930
13	0.04112	0.01393	0.02107	0.36472	0.05552	0.01580	0.07518	0.15543	0.01837	0.02475	0.01778	0.13059	0.01597	0.00962	0.00745	0.00239	0.00838	0.00860	0.00461	0.00870
14	0.01386	0.00743	0.00912	0.00904	0.01053	0.00701	0.00634	0.01569	0.01465	0.12785	0.06437	0.27414	0.03203	0.16967	0.01347	0.00330	0.00478	0.01241	0.19760	0.00672
15	0.01235	0.01000	0.01067	0.06189	0.01388	0.04256	0.00752	0.06168	0.04622	0.02092	0.10136	0.07138	0.22274	0.23466	0.01631	0.00368	0.00584	0.01120	0.03866	0.00651
16	0.01493	0.01417	0.01990	0.04061	0.01918	0.01849	0.04512	0.01912	0.08999	0.01934	0.01595	0.02084	0.03958	0.01540	0.08200	0.00364	0.46769	0.00704	0.03898	0.00803
17	0.01892	0.05661	0.13437	0.10598	0.27198	0.08209	0.07536	0.12421	0.01881	0.02507	0.01349	0.01669	0.01053	0.00688	0.00696	0.00214	0.00945	0.00608	0.00396	0.01041
18	0.02213	0.01489	0.01646	0.03964	0.01889	0.05203	0.01118	0.22652	0.12632	0.17245	0.02310	0.07789	0.01818	0.01372	0.07106	0.00304	0.00782	0.00792	0.06656	0.01020

[dist]
# distance from previous block
# <min> <max>
0	1

[block]
# block no. 7 follows, 29 sequences, length 44
# corresponding to MSA columns:
# 240-283
name=unknown_H
#
# <colnr> <probs for GDERKNQSTAVLIFYWHMCP>
#	G	D	E	R	K	N	Q	S	T	A	V	L	I	F	Y	W	H	M	C	P
0	0.01745	0.11416	0.23678	0.05436	0.02404	0.18022	0.01752	0.02144	0.01526	0.01901	0.01512	0.01800	0.05190	0.00980	0.02714	0.00248	0.15728	0.00584	0.00343	0.00877
1	0.01359	0.00958	0.05050	0.01008	0.01277	0.00774	0.00827	0.01691	0.01899	0.12997	0.45347	0.10301	0.07499	0.01373	0.00802	0.00227	0.00425	0.01198	0.04223	0.00765
2	0.08341	0.07958	0.05718	0.05317	0.39898	0.13340	0.01825	0.02344	0.04627	0.02260	0.01307	0.01616	0.01077	0.00670	0.00653	0.00206	0.00887	0.00567	0.00371	0.01018
3	0.66725	0.07810	0.01370	0.06921	0.01707	0.01702	0.00909	0.02074	0.01250	0.02949	0.01014	0.01217	0.00798	0.00661	0.00464	0.00216	0.00602	0.00406	0.00419	0.00785
4	0.07553	0.00818	0.00962	0.00906	0.01091	0.00804	0.00669	0.01480	0.05290	0.02671	0.50039	0.04827	0.08316	0.10203	0.01135	0.00281	0.00409	0.01168	0.00705	0.00672
5	0.01595	0.11082	0.55375	0.02035	0.05960	0.07584	0.02359	0.02287	0.01545	0.02155	0.01236	0.01459	0.00915	0.00672	0.00652	0.00214	0.01032	0.00510	0.00309	0.01023
6	0.00975	0.00695	0.00929	0.01045	0.01138	0.00664	0.00776	0.01181	0.01528	0.02052	0.15232	0.41089	0.04771	0.06377	0.01079	0.00312	0.00479	0.18407	0.00667	0.00606
7	0.38645	0.05781	0.01710	0.18856	0.02435	0.05903	0.01238	0.09133	0.01546	0.02734	0.01138	0.01429	0.00889	0.00731	0.00665	0.00223	0.05197	0.00492	0.00419	0.00835
8	0.00975	0.00727	0.00907	0.00862	0.01044	0.00658	0.00646	0.01281	0.01939	0.02673	0.57856	0.05619	0.19134	0.01524	0.00840	0.00227	0.00341	0.01330	0.00760	0.00658
9	0.10951	0.01148	0.06902	0.01070	0.01421	0.00940	0.00921	0.01941	0.01882	0.16705	0.42504	0.03917	0.04519	0.01180	0.00753	0.00223	0.00476	0.01001	0.00723	0.00825
10	0.00926	0.00673	0.00874	0.00996	0.01080	0.00622	0.00691	0.01071	0.01384	0.01846	0.03848	0.58704	0.07371	0.06276	0.01050	0.00305	0.00452	0.07124	0.00637	0.04071
11	0.01819	0.01554	0.01637	0.01459	0.01870	0.01794	0.01139	0.07111	0.65840	0.03057	0.02837	0.02608	0.02124	0.00960	0.00724	0.00240	0.00575	0.00797	0.00724	0.01131
12	0.02680	0.01961	0.02073	0.01610	0.02163	0.04177	0.01322	0.58483	0.07096	0.08399	0.01829	0.01796	0.01293	0.00859	0.00711	0.00215	0.00775	0.00650	0.00713	0.01195
13	0.05929	0.00862	0.01041	0.00929	0.01209	0.00783	0.00721	0.01737	0.01875	0.16467	0.36676	0.04880	0.21384	0.01381	0.00792	0.00227	0.00409	0.01174	0.00753	0.00769
14	0.05312	0.01077	0.01403	0.01129	0.01573	0.00950	0.00914	0.02771	0.01960	0.48742	0.15611	0.03378	0.09860	0.01076	0.00742	0.00223	0.00528	0.00892	0.00824	0.01032
15	0.01011	0.00711	0.00898	0.00913	0.00971	0.00737	0.00610	0.01119	0.01161	0.01580	0.04726	0.10070	0.05144	0.42427	0.22581	0.00746	0.00988	0.02625	0.00461	0.00521
16	0.00883	0.00727	0.00779	0.00779	0.01004	0.00623	0.00593	0.01096	0.01685	0.02080	0.16845	0.06675	0.56925	0.01758	0.00849	0.00242	0.00372	0.04790	0.00680	0.00615
17	0.01599	0.01627	0.02175	0.01868	0.01882	0.04811	0.01551	0.01756	0.01125	0.01715	0.00941	0.01548	0.00934	0.01227	0.02273	0.00307	0.70949	0.00617	0.00314	0.00781
18	0.01524	0.01318	0.01621	0.01162	0.01797	0.01027	0.03924	0.03874	0.01544	0.02386	0.01287	0.01504	0.01061	0.00541	0.00547	0.00115	0.00566	0.00448	0.00428	0.73327
19	0.01442	0.05448	0.64846	0.02024	0.03029	0.01668	0.05444	0.02231	0.01522	0.02255	0.02905	0.01602	0.01048	0.00690	0.00682	0.00224	0.01034	0.00554	0.00315	0.01036
20	0.01771	0.01530	0.01610	0.01449	0.01852	0.01771	0.01127	0.03784	0.69247	0.02979	0.02898	0.02657	0.02174	0.00966	0.00725	0.00242	0.00564	0.00805	0.00725	0.01127
21	0.03195	0.01212	0.01652	0.01267	0.01818	0.01047	0.01047	0.03470	0.02038	0.71026	0.02809	0.02424	0.01763	0.00881	0.00716	0.00220	0.00606	0.00716	0.00881	0.01212
22	0.01845	0.01976	0.09292	0.09904	0.45299	0.05944	0.02051	0.09188	0.03220	0.02480	0.01384	0.01734	0.01108	0.00682	0.00700	0.00214	0.00889	0.00618	0.00391	0.01081
23	0.01741	0.01676	0.02014	0.15896	0.20224	0.12059	0.01539	0.09013	0.03915	0.02355	0.05629	0.02633	0.08767	0.00930	0.00794	0.00223	0.04144	0.02310	0.03234	0.00904
24	0.01131	0.00799	0.01003	0.00977	0.01085	0.00857	0.00696	0.04663	0.01317	0.01855	0.04977	0.07469	0.05902	0.28711	0.26739	0.00711	0.02615	0.00966	0.06932	0.00595
25	0.10796	0.01753	0.01858	0.01474	0.01969	0.01929	0.01198	0.51616	0.02849	0.06112	0.01865	0.07757	0.01509	0.03071	0.00783	0.00234	0.00720	0.00741	0.00676	0.01089
26	0.01054	0.00738	0.00882	0.00930	0.00990	0.00728	0.00600	0.05131	0.01347	0.01792	0.03127	0.37694	0.05120	0.34152	0.02090	0.00460	0.00557	0.01492	0.00563	0.00553
27	0.01982	0.26865	0.23767	0.01707	0.04737	0.18452	0.01686	0.02397	0.01640	0.05897	0.01271	0.01439	0.01002	0.00684	0.00593	0.00189	0.00951	0.00483	0.03310	0.00951
28	0.02225	0.01678	0.01857	0.01473	0.01996	0.01759	0.01217	0.44013	0.04907	0.03695	0.01934	0.02534	0.01595	0.00941	0.00712	0.00208	0.00708	0.09246	0.00647	0.16655
29	0.00903	0.00668	0.00896	0.01037	0.01076	0.00661	0.00707	0.01029	0.01349	0.01812	0.03770	0.70739	0.04514	0.02180	0.00983	0.00290	0.04200	0.01952	0.00643	0.00589
30	0.01704	0.02103	0.11825	0.02710	0.03401	0.01840	0.50684	0.06272	0.01713	0.02366	0.01396	0.01829	0.01055	0.00678	0.00936	0.00243	0.07130	0.00773	0.00371	0.00972
31	0.01111	0.00849	0.01033	0.01086	0.01223	0.00882	0.00776	0.01669	0.16221	0.02125	0.08911	0.40608	0.03972	0.08439	0.04362	0.00350	0.00544	0.04488	0.00652	0.00699
32	0.00986	0.00732	0.00928	0.00894	0.01072	0.00674	0.00679	0.01292	0.01900	0.02620	0.53905	0.05617	0.17332	0.01676	0.03367	0.00264	0.00410	0.04252	0.00743	0.00658
33	0.01643	0.01110	0.01302	0.01127	0.01427	0.01126	0.00871	0.16734	0.07083	0.09685	0.31112	0.08148	0.08413	0.05806	0.00966	0.00256	0.00508	0.01093	0.00736	0.00854
34	0.00882	0.00715	0.00783	0.00784	0.00991	0.00616	0.00581	0.01094	0.01693	0.02131	0.21540	0.11995	0.50191	0.01758	0.00847	0.00241	0.00359	0.01495	0.00690	0.00616
35	0.01311	0.01232	0.07950	0.01120	0.01444	0.01040	0.00960	0.09632	0.08488	0.02781	0.30835	0.09985	0.13275	0.01336	0.00784	0.00229	0.00491	0.01143	0.05166	0.00800
36	0.01487	0.01299	0.01617	0.01155	0.01793	0.00993	0.04313	0.01818	0.01487	0.02318	0.01275	0.01500	0.01056	0.00531	0.00544	0.00112	0.00562	0.00444	0.00419	0.75277
37	0.01345	0.01268	0.02171	0.64798	0.04583	0.01540	0.05657	0.01798	0.01415	0.01819	0.01336	0.02069	0.01057	0.05260	0.00898	0.00265	0.00948	0.00669	0.00326	0.00779
38	0.01340	0.01035	0.01318	0.07221	0.05556	0.01064	0.00981	0.14445	0.01907	0.02548	0.13790	0.31141	0.11680	0.01571	0.00823	0.00250	0.00537	0.01380	0.00644	0.00769
39	0.02024	0.01410	0.01610	0.01284	0.01751	0.01392	0.01026	0.29053	0.02340	0.10528	0.07883	0.11790	0.04638	0.01047	0.00711	0.00201	0.00604	0.00865	0.00660	0.19182
40	0.01834	0.01498	0.01868	0.05106	0.15642	0.03744	0.01294	0.20834	0.02048	0.04315	0.01975	0.16417	0.01860	0.01010	0.00709	0.00206	0.00687	0.00869	0.00543	0.17540
41	0.01656	0.02087	0.17378	0.09261	0.49141	0.01678	0.04147	0.02174	0.01582	0.02270	0.01323	0.01723	0.01065	0.00648	0.00703	0.00217	0.00908	0.00617	0.00339	0.01081
42	0.19353	0.13249	0.25159	0.01660	0.04181	0.08225	0.03710	0.06231	0.01610	0.02464	0.01394	0.01923	0.01170	0.00782	0.00621	0.00217	0.00868	0.05861	0.00397	0.00924
43	0.06556	0.01827	0.01912	0.04393	0.11209	0.10793	0.01329	0.23791	0.15903	0.03177	0.09965	0.02261	0.01982	0.00888	0.00704	0.00218	0.00751	0.00712	0.00601	0.01029

[dist]
# distance from previous block
# <min> <max>
15	26

[block]
# block no. 8 follows, 29 sequences, length 71
# corresponding to MSA columns:
# 311-381
name=unknown_I
#
# <colnr> <probs for GDERKNQSTAVLIFYWHMCP>
#	G	D	E	R	K	N	Q	S	T	A	V	L	I	F	Y	W	H	M	C	P
0	0.04366	0.54220	0.05198	0.01456	0.05455	0.07282	0.01297	0.04421	0.01597	0.07313	0.01190	0.01314	0.00997	0.00652	0.00517	0.00169	0.00792	0.00438	0.00374	0.00952
1	0.07170	0.01948	0.07751	0.03767	0.55549	0.07102	0.02059	0.02235	0.01615	0.02336	0.01293	0.01665	0.01071	0.00647	0.00680	0.00211	0.00875	0.00596	0.00356	0.01075
2	0.01827	0.07322	0.07279	0.06203	0.33854	0.05463	0.01847	0.02249	0.06254	0.02285	0.01738	0.08286	0.01591	0.00986	0.00957	0.00258	0.09309	0.00780	0.00448	0.01061
3	0.01665	0.28089	0.38897	0.01984	0.09510	0.04314	0.02060	0.02225	0.01512	0.02047	0.01180	0.01399	0.00930	0.00651	0.00603	0.00198	0.00939	0.00485	0.00309	0.01005
