[name]
unknown

[dist]
# distance from previous block
# <min> <max>
16	40

[block]
# block no. 0 follows, 29 sequences, length 30
# corresponding to MSA columns:
# 50-79
name=unknown_A
#
# <colnr> <probs for GDERKNQSTAVLIFYWHMCP>
#	G	D	E	R	K	N	Q	S	T	A	V	L	I	F	Y	W	H	M	C	P
0	0.01991	0.09439	0.13115	0.01484	0.02063	0.03801	0.03879	0.15185	0.05116	0.12952	0.01988	0.11350	0.01685	0.00932	0.00684	0.00206	0.00734	0.00768	0.00558	0.12070
1	0.02111	0.11372	0.05588	0.04763	0.02170	0.01588	0.06560	0.14139	0.04023	0.17015	0.01744	0.01915	0.01309	0.04196	0.00783	0.00210	0.00729	0.00607	0.00549	0.18629
2	0.07479	0.04106	0.16180	0.04835	0.02408	0.03985	0.09376	0.11728	0.01783	0.02609	0.01549	0.01755	0.03668	0.00691	0.00638	0.00186	0.00800	0.00574	0.00433	0.25218
3	0.02169	0.04240	0.02024	0.01475	0.02028	0.01722	0.04280	0.34361	0.02395	0.06353	0.01566	0.01746	0.01202	0.03089	0.00817	0.00199	0.03987	0.00589	0.00573	0.25184
4	0.01985	0.01661	0.05075	0.01483	0.04739	0.01510	0.01199	0.25018	0.02140	0.05702	0.01469	0.01611	0.01127	0.00698	0.00694	0.00167	0.03908	0.00532	0.00527	0.38755
5	0.01712	0.04617	0.01651	0.01190	0.01726	0.01253	0.00963	0.08480	0.06667	0.06940	0.04258	0.04340	0.01533	0.00746	0.00676	0.00156	0.03845	0.00587	0.00514	0.48149
6	0.01864	0.04937	0.01732	0.01436	0.01856	0.04510	0.01134	0.10580	0.52795	0.02982	0.02842	0.02655	0.05578	0.00973	0.00714	0.00232	0.00614	0.00792	0.00687	0.01087
7	0.00984	0.00725	0.00908	0.00863	0.01033	0.00662	0.00639	0.01279	0.01904	0.02637	0.57080	0.05515	0.16058	0.05413	0.00988	0.00251	0.00358	0.01307	0.00747	0.00648
8	0.01327	0.00664	0.00664	0.00664	0.00830	0.00664	0.00498	0.01659	0.01493	0.02655	0.02323	0.02655	0.01825	0.00830	0.00498	0.00166	0.00332	0.00664	0.78928	0.00664
9	0.00842	0.00721	0.00721	0.00721	0.00962	0.00601	0.00541	0.01022	0.01623	0.01924	0.07213	0.06853	0.70244	0.01803	0.00842	0.00240	0.00361	0.01503	0.00661	0.00601
10	0.00913	0.00724	0.00820	0.00796	0.01006	0.00632	0.00597	0.01160	0.01792	0.02324	0.34253	0.06194	0.42955	0.01654	0.00841	0.00233	0.00350	0.01410	0.00714	0.00632
11	0.80005	0.01377	0.01047	0.00936	0.01377	0.01597	0.00771	0.02093	0.01212	0.03195	0.00991	0.01157	0.00771	0.00661	0.00441	0.00220	0.00551	0.00386	0.00441	0.00771
12	0.06853	0.01808	0.01973	0.01529	0.02082	0.01958	0.01260	0.50739	0.05980	0.15678	0.01912	0.01844	0.01325	0.00854	0.00699	0.00216	0.00731	0.00648	0.00727	0.01184
13	0.80005	0.01377	0.01047	0.00936	0.01377	0.01597	0.00771	0.02093	0.01212	0.03195	0.00991	0.01157	0.00771	0.00661	0.00441	0.00220	0.00551	0.00386	0.00441	0.00771
14	0.00842	0.00721	0.00721	0.00721	0.00962	0.00601	0.00541	0.01022	0.01623	0.01924	0.07213	0.06853	0.70244	0.01803	0.00842	0.00240	0.00361	0.01503	0.00661	0.00601
15	0.59098	0.01426	0.01269	0.01071	0.01544	0.01587	0.00883	0.10233	0.01593	0.13618	0.01353	0.01415	0.00974	0.00718	0.00515	0.00220	0.00587	0.00466	0.00540	0.00891
16	0.80005	0.01377	0.01047	0.00936	0.01377	0.01597	0.00771	0.02093	0.01212	0.03195	0.00991	0.01157	0.00771	0.00661	0.00441	0.00220	0.00551	0.00386	0.00441	0.00771
17	0.02768	0.01896	0.02076	0.01592	0.02159	0.02063	0.01315	0.60055	0.03184	0.12823	0.01847	0.01799	0.01280	0.00858	0.00713	0.00215	0.00761	0.00650	0.00733	0.01211
18	0.02707	0.01995	0.02137	0.01638	0.02208	0.02208	0.01353	0.68159	0.03348	0.04488	0.01710	0.01710	0.01211	0.00855	0.00712	0.00214	0.00784	0.00641	0.00712	0.01211
19	0.00985	0.00710	0.00931	0.00912	0.01059	0.00657	0.00670	0.01286	0.01908	0.02685	0.59280	0.16682	0.06389	0.01583	0.00851	0.00235	0.00349	0.01409	0.00764	0.00657
20	0.03172	0.01248	0.01675	0.01284	0.01836	0.01100	0.01061	0.06457	0.02099	0.67954	0.02758	0.02391	0.01737	0.00880	0.00716	0.00220	0.00614	0.00713	0.00874	0.01212
21	0.01558	0.01558	0.02181	0.01869	0.01869	0.02181	0.01558	0.01714	0.01091	0.01714	0.00935	0.01558	0.00935	0.01246	0.02337	0.00312	0.73672	0.00623	0.00312	0.00779
22	0.01036	0.00690	0.00777	0.00777	0.00777	0.00690	0.00431	0.01036	0.01036	0.01381	0.02244	0.04660	0.02589	0.74975	0.03624	0.00690	0.00690	0.01036	0.00431	0.00431
23	0.00866	0.00627	0.00819	0.00973	0.01028	0.00580	0.00653	0.00994	0.01382	0.01825	0.04156	0.69757	0.09313	0.02201	0.00904	0.00286	0.00409	0.01988	0.00661	0.00580
24	0.01345	0.01266	0.02136	0.73264	0.04904	0.01582	0.01978	0.01819	0.01424	0.01819	0.01266	0.01898	0.00949	0.00712	0.00712	0.00237	0.00949	0.00633	0.00316	0.00791
25	0.01800	0.02088	0.09781	0.11582	0.11922	0.12797	0.10861	0.06852	0.07262	0.02252	0.01515	0.05010	0.01267	0.00858	0.00946	0.00236	0.10924	0.00699	0.00409	0.00939
26	0.01017	0.00763	0.01144	0.01144	0.01272	0.00890	0.00890	0.01272	0.01144	0.01653	0.01907	0.02797	0.01780	0.05340	0.72153	0.01144	0.01907	0.00763	0.00381	0.00636
27	0.02575	0.01801	0.01974	0.01535	0.02051	0.01967	0.01253	0.56075	0.03010	0.09583	0.01840	0.01993	0.01363	0.05590	0.03788	0.00281	0.00809	0.00676	0.00695	0.01140
28	0.01937	0.04962	0.01796	0.01339	0.01831	0.08509	0.01083	0.18923	0.04056	0.04626	0.08753	0.01976	0.01722	0.00800	0.00738	0.00175	0.05152	0.00603	0.00538	0.30480
29	0.01997	0.10304	0.08468	0.01599	0.05243	0.01804	0.01358	0.24656	0.02095	0.04827	0.01425	0.01609	0.01114	0.00893	0.03028	0.00218	0.07194	0.00548	0.00495	0.21124

[dist]
# distance from previous block
# <min> <max>
1	7

[block]
# block no. 1 follows, 29 sequences, length 55
# corresponding to MSA columns:
# 87-141
name=unknown_B
#
# <colnr> <probs for GDERKNQSTAVLIFYWHMCP>
#	G	D	E	R	K	N	Q	S	T	A	V	L	I	F	Y	W	H	M	C	P
0	0.14206	0.01263	0.01377	0.01158	0.01565	0.01280	0.00903	0.10172	0.12989	0.15361	0.02457	0.08060	0.05452	0.08968	0.00984	0.00265	0.00582	0.00807	0.00627	0.11526
1	0.01795	0.06186	0.04301	0.15552	0.15347	0.06806	0.05690	0.08296	0.20950	0.02504	0.01967	0.02142	0.03721	0.00807	0.00705	0.00223	0.00817	0.00695	0.00490	0.01007
2	0.00843	0.00717	0.00726	0.00733	0.00965	0.00600	0.00546	0.01021	0.01612	0.01919	0.07074	0.09726	0.67461	0.01822	0.00844	0.00243	0.00363	0.01525	0.00661	0.00600
3	0.01326	0.01249	0.01958	0.43395	0.06397	0.03770	0.05863	0.01762	0.03718	0.01906	0.01979	0.19647	0.01924	0.01082	0.00766	0.00247	0.00829	0.00986	0.00420	0.00776
4	0.00950	0.00743	0.00875	0.00909	0.01109	0.00667	0.00719	0.01196	0.01697	0.02158	0.18973	0.09247	0.39063	0.01788	0.00878	0.00260	0.00429	0.17027	0.00685	0.00628
5	0.01036	0.00690	0.00777	0.00777	0.00777	0.00690	0.00431	0.01036	0.01036	0.01381	0.02244	0.04660	0.02589	0.74975	0.03624	0.00690	0.00690	0.01036	0.00431	0.00431
6	0.01455	0.07779	0.67428	0.01983	0.03010	0.01720	0.02550	0.02248	0.01500	0.02222	0.01261	0.01483	0.00903	0.00673	0.00664	0.00221	0.01036	0.00518	0.00301	0.01044
7	0.01345	0.01266	0.02136	0.73264	0.04904	0.01582	0.01978	0.01819	0.01424	0.01819	0.01266	0.01898	0.00949	0.00712	0.00712	0.00237	0.00949	0.00633	0.00316	0.00791
8	0.02148	0.02413	0.02127	0.04357	0.04505	0.33534	0.01495	0.07805	0.01725	0.01984	0.01099	0.01466	0.00957	0.00944	0.01329	0.00240	0.30099	0.00552	0.00372	0.00848
9	0.32343	0.04630	0.12171	0.01351	0.01888	0.09028	0.01246	0.12498	0.03651	0.04909	0.03791	0.01614	0.01211	0.00932	0.03533	0.00249	0.00797	0.00525	0.00479	0.03154
10	0.01019	0.00756	0.00927	0.03236	0.01181	0.00691	0.00683	0.01288	0.01794	0.04527	0.36938	0.07663	0.30793	0.01710	0.03392	0.00266	0.00433	0.01335	0.00706	0.00661
11	0.01000	0.00728	0.00941	0.00888	0.01059	0.00669	0.00666	0.01329	0.01997	0.02812	0.67206	0.05391	0.09698	0.01472	0.00840	0.00225	0.00337	0.01298	0.00778	0.00669
12	0.80005	0.01377	0.01047	0.00936	0.01377	0.01597	0.00771	0.02093	0.01212	0.03195	0.00991	0.01157	0.00771	0.00661	0.00441	0.00220	0.00551	0.00386	0.00441	0.00771
13	0.80005	0.01377	0.01047	0.00936	0.01377	0.01597	0.00771	0.02093	0.01212	0.03195	0.00991	0.01157	0.00771	0.00661	0.00441	0.00220	0.00551	0.00386	0.00441	0.00771
14	0.01345	0.01266	0.02136	0.73264	0.04904	0.01582	0.01978	0.01819	0.01424	0.01819	0.01266	0.01898	0.00949	0.00712	0.00712	0.00237	0.00949	0.00633	0.00316	0.00791
15	0.01181	0.00887	0.01148	0.01256	0.01456	0.00900	0.01073	0.01679	0.09196	0.02201	0.04084	0.07290	0.11788	0.01836	0.00938	0.00308	0.00610	0.50804	0.00664	0.00702
16	0.02913	0.01220	0.01726	0.12246	0.02288	0.01128	0.01189	0.03218	0.01944	0.60473	0.02574	0.02344	0.01639	0.00855	0.00715	0.00223	0.00658	0.00703	0.00795	0.01148
17	0.01815	0.01501	0.01640	0.05239	0.02012	0.01727	0.01168	0.03665	0.62507	0.06109	0.02808	0.02606	0.02090	0.00949	0.00723	0.00240	0.00586	0.00792	0.00710	0.01113
18	0.00998	0.00727	0.00939	0.00886	0.01058	0.00668	0.00664	0.01325	0.01993	0.02802	0.66563	0.05407	0.10346	0.01476	0.00840	0.00225	0.00337	0.01300	0.00777	0.00668
19	0.02037	0.02009	0.01726	0.01539	0.01935	0.19799	0.01189	0.08294	0.44179	0.02770	0.05204	0.02346	0.01972	0.00919	0.00707	0.00224	0.00755	0.00724	0.00634	0.01037
20	0.00914	0.00708	0.00832	0.00835	0.01015	0.00627	0.00613	0.01149	0.01744	0.02290	0.32567	0.16660	0.34035	0.01726	0.00851	0.00241	0.00359	0.01495	0.00712	0.00627
21	0.15065	0.01530	0.01738	0.01354	0.01894	0.01567	0.01118	0.27419	0.02398	0.35527	0.02113	0.01958	0.01401	0.00837	0.00671	0.00218	0.00664	0.00636	0.00749	0.01142
22	0.67254	0.01593	0.01225	0.01153	0.03767	0.08919	0.00888	0.02212	0.01332	0.04882	0.01064	0.01225	0.00825	0.00674	0.00478	0.00216	0.00638	0.00411	0.00442	0.00801
23	0.01574	0.22351	0.46411	0.01868	0.02737	0.01992	0.06155	0.02200	0.01481	0.02080	0.01197	0.01436	0.00917	0.00679	0.00702	0.00211	0.04194	0.00511	0.00306	0.00998
24	0.01865	0.01560	0.01649	0.01450	0.01860	0.01790	0.01132	0.11885	0.58518	0.03116	0.02724	0.02605	0.02065	0.03490	0.00822	0.00253	0.00596	0.00792	0.00713	0.01114
25	0.01036	0.00690	0.00777	0.00777	0.00777	0.00690	0.00431	0.01036	0.01036	0.01381	0.02244	0.04660	0.02589	0.74975	0.03624	0.00690	0.00690	0.01036	0.00431	0.00431
26	0.01428	0.03683	0.71286	0.02030	0.03082	0.01654	0.02631	0.02255	0.01503	0.02255	0.01278	0.01503	0.00902	0.00677	0.00677	0.00226	0.01052	0.00526	0.00301	0.01052
27	0.03195	0.01212	0.01652	0.01267	0.01818	0.01047	0.01047	0.03470	0.02038	0.71026	0.02809	0.02424	0.01763	0.00881	0.00716	0.00220	0.00606	0.00716	0.00881	0.01212
28	0.80005	0.01377	0.01047	0.00936	0.01377	0.01597	0.00771	0.02093	0.01212	0.03195	0.00991	0.01157	0.00771	0.00661	0.00441	0.00220	0.00551	0.00386	0.00441	0.00771
29	0.21534	0.01251	0.01508	0.01188	0.01713	0.01178	0.00981	0.03141	0.01841	0.54831	0.02375	0.02121	0.01526	0.00829	0.00650	0.00220	0.00593	0.00637	0.00776	0.01107
30	0.02707	0.01995	0.02137	0.01638	0.02208	0.02208	0.01353	0.68159	0.03348	0.04488	0.01710	0.01710	0.01211	0.00855	0.00712	0.00214	0.00784	0.00641	0.00712	0.01211
31	0.00849	0.00722	0.00732	0.00729	0.00966	0.00604	0.00547	0.01036	0.01640	0.01965	0.09995	0.06785	0.67437	0.01788	0.00841	0.00240	0.00360	0.01493	0.00667	0.00604
32	0.00868	0.00620	0.00826	0.00991	0.01033	0.00578	0.00661	0.00991	0.01363	0.01818	0.03925	0.74510	0.04710	0.02231	0.00909	0.00289	0.00413	0.02024	0.00661	0.00578
33	0.01558	0.01558	0.02181	0.01869	0.01869	0.02181	0.01558	0.01714	0.01091	0.01714	0.00935	0.01558	0.00935	0.01246	0.02337	0.00312	0.73672	0.00623	0.00312	0.00779
34	0.01477	0.01266	0.01477	0.01055	0.01687	0.00949	0.00844	0.01793	0.01477	0.02320	0.01266	0.01477	0.01055	0.00527	0.00527	0.00105	0.00527	0.00422	0.00422	0.79328
35	0.01712	0.01635	0.02783	0.07294	0.65149	0.01647	0.02122	0.02126	0.01603	0.02286	0.01429	0.04369	0.01248	0.00695	0.00713	0.00215	0.00835	0.00684	0.00362	0.01093
36	0.02660	0.03394	0.02018	0.01834	0.02201	0.72116	0.01376	0.02843	0.02018	0.01743	0.01101	0.01284	0.00917	0.00734	0.00642	0.00183	0.01284	0.00459	0.00367	0.00825
37	0.00995	0.00732	0.01053	0.01080	0.01180	0.00818	0.00804	0.01201	0.01169	0.01651	0.02273	0.14734	0.02346	0.12236	0.53204	0.00956	0.01533	0.00998	0.00433	0.00605
38	0.01529	0.01516	0.02126	0.01831	0.01838	0.02113	0.01523	0.01690	0.01093	0.01710	0.00986	0.01623	0.00979	0.01463	0.06030	0.00356	0.69876	0.00631	0.00315	0.00771
39	0.02661	0.01243	0.01579	0.01276	0.01758	0.01184	0.01032	0.03352	0.17920	0.48782	0.08917	0.02740	0.02308	0.00953	0.00729	0.00226	0.00571	0.00789	0.00835	0.01143
40	0.01296	0.00995	0.01326	0.05865	0.07745	0.01016	0.00991	0.11691	0.01845	0.02511	0.17947	0.36661	0.04055	0.01605	0.00832	0.00253	0.00526	0.01433	0.00647	0.00761
41	0.02432	0.18583	0.02373	0.03846	0.02192	0.53055	0.01353	0.02691	0.03980	0.01769	0.01138	0.01315	0.00957	0.00714	0.00607	0.00180	0.01140	0.00458	0.00363	0.00853
42	0.01026	0.00727	0.00965	0.00965	0.01030	0.00792	0.00666	0.01156	0.01091	0.01520	0.02072	0.03708	0.02175	0.39377	0.38657	0.00922	0.01312	0.00896	0.00406	0.00536
43	0.01714	0.01363	0.01494	0.01331	0.01697	0.01521	0.01036	0.05907	0.49079	0.06206	0.17147	0.03173	0.03081	0.01062	0.00748	0.00236	0.00526	0.00897	0.00744	0.01038
44	0.01680	0.04580	0.16917	0.11746	0.41752	0.04629	0.02169	0.02168	0.01569	0.02188	0.01285	0.01679	0.01039	0.00673	0.00736	0.00217	0.02999	0.00596	0.00335	0.01043
45	0.01058	0.00815	0.01137	0.12042	0.01702	0.00871	0.00923	0.03464	0.01392	0.01854	0.03073	0.33156	0.07147	0.09305	0.15471	0.00487	0.00841	0.04094	0.00532	0.00635
46	0.00892	0.00636	0.00813	0.00944	0.00990	0.00597	0.00620	0.01000	0.01327	0.01757	0.03842	0.60280	0.07853	0.13301	0.01319	0.00348	0.00453	0.01846	0.00626	0.00557
47	0.15069	0.02868	0.01839	0.01666	0.02015	0.54144	0.01271	0.02601	0.01803	0.01973	0.01102	0.01333	0.00926	0.00916	0.03271	0.00231	0.05321	0.00467	0.00376	0.00807
48	0.00868	0.00620	0.00826	0.00991	0.01033	0.00578	0.00661	0.00991	0.01363	0.01818	0.03925	0.74510	0.04710	0.02231	0.00909	0.00289	0.00413	0.02024	0.00661	0.00578
49	0.01994	0.01779	0.02410	0.02894	0.33499	0.04200	0.03899	0.16694	0.19664	0.02936	0.01821	0.01974	0.01410	0.00770	0.00714	0.00220	0.00785	0.00681	0.00527	0.01130
50	0.01058	0.00842	0.01085	0.03206	0.05175	0.00762	0.00780	0.01356	0.01810	0.02485	0.40437	0.07333	0.21117	0.01413	0.00803	0.00219	0.00409	0.01230	0.00679	0.07801
51	0.01665	0.01679	0.02440	0.36400	0.32229	0.09397	0.01999	0.02086	0.01572	0.02024	0.01279	0.01773	0.01021	0.00682	0.00701	0.00221	0.00943	0.00614	0.00337	0.00937
52	0.06216	0.03620	0.08115	0.04313	0.10479	0.07008	0.03157	0.04362	0.09853	0.06649	0.01930	0.10660	0.01737	0.05234	0.00965	0.04423	0.00736	0.00787	0.00489	0.09266
53	0.01585	0.01330	0.01535	0.01106	0.01734	0.01061	0.00889	0.07667	0.01642	0.02512	0.01305	0.01497	0.01069	0.00556	0.00544	0.00115	0.00550	0.00441	0.00448	0.72414
54	0.06716	0.04232	0.03985	0.01408	0.01952	0.11727	0.01160	0.19659	0.12362	0.02935	0.01582	0.01661	0.01220	0.00725	0.00620	0.00178	0.00734	0.00543	0.00530	0.26070

[dist]
# distance from previous block
# <min> <max>
0	9

[block]
# block no. 2 follows, 29 sequences, length 20
# corresponding to MSA columns:
# 151-170
name=unknown_C
#
# <colnr> <probs for GDERKNQSTAVLIFYWHMCP>
#	G	D	E	R	K	N	Q	S	T	A	V	L	I	F	Y	W	H	M	C	P
0	0.07897	0.36514	0.13847	0.01452	0.02108	0.02359	0.01451	0.21853	0.02006	0.02721	0.01251	0.01370	0.00990	0.00697	0.00567	0.00187	0.00799	0.00482	0.00436	0.01014
1	0.02367	0.20023	0.02405	0.01446	0.02000	0.02205	0.01242	0.44739	0.02679	0.03584	0.01556	0.01625	0.01173	0.00780	0.00627	0.00191	0.00737	0.00570	0.05929	0.04122
2	0.05912	0.08356	0.01576	0.01212	0.01527	0.01450	0.00954	0.23487	0.04070	0.02793	0.02594	0.22135	0.04723	0.09191	0.01048	0.00285	0.00618	0.04229	0.03000	0.00838
3	0.15236	0.05702	0.01955	0.01432	0.01979	0.01922	0.01194	0.41638	0.02652	0.16776	0.01764	0.01725	0.01229	0.00815	0.00655	0.00213	0.00711	0.00600	0.00679	0.01124
4	0.00927	0.00657	0.00804	0.00890	0.00941	0.00622	0.00573	0.01022	0.01300	0.01717	0.06040	0.42099	0.10179	0.26757	0.01818	0.00418	0.00499	0.01615	0.00588	0.00534
5	0.76372	0.01369	0.01075	0.00952	0.01398	0.01571	0.00784	0.02158	0.01251	0.06403	0.01077	0.01217	0.00818	0.00671	0.00454	0.00220	0.00553	0.00401	0.00462	0.00792
6	0.00853	0.00722	0.00737	0.00733	0.00969	0.00606	0.00550	0.01044	0.01650	0.01987	0.11502	0.06748	0.65916	0.01780	0.00841	0.00239	0.00359	0.01488	0.00670	0.00606
7	0.01237	0.00618	0.00928	0.00928	0.00928	0.00618	0.00618	0.00928	0.00928	0.01237	0.01237	0.02165	0.01237	0.02474	0.02783	0.79283	0.00618	0.00618	0.00309	0.00309
8	0.02105	0.56269	0.03276	0.01382	0.01927	0.21231	0.01260	0.02321	0.01599	0.01693	0.01019	0.01180	0.00915	0.00642	0.00506	0.00161	0.00900	0.00401	0.00321	0.00890
9	0.80005	0.01377	0.01047	0.00936	0.01377	0.01597	0.00771	0.02093	0.01212	0.03195	0.00991	0.01157	0.00771	0.00661	0.00441	0.00220	0.00551	0.00386	0.00441	0.00771
10	0.01827	0.04641	0.06182	0.11875	0.30022	0.10626	0.04643	0.05889	0.01649	0.02184	0.01245	0.01654	0.01031	0.00767	0.00956	0.00227	0.12639	0.00605	0.00359	0.00978
11	0.05938	0.05015	0.06809	0.10435	0.40775	0.03620	0.09936	0.02238	0.04248	0.02295	0.01362	0.01743	0.01098	0.00657	0.00694	0.00217	0.00892	0.00630	0.00365	0.01033
12	0.01036	0.00690	0.00777	0.00777	0.00777	0.00690	0.00431	0.01036	0.01036	0.01381	0.02244	0.04660	0.02589	0.74975	0.03624	0.00690	0.00690	0.01036	0.00431	0.00431
13	0.01002	0.00757	0.00929	0.00889	0.01076	0.00702	0.00665	0.01371	0.04830	0.02633	0.51996	0.08396	0.19030	0.01536	0.00838	0.00231	0.00354	0.01340	0.00752	0.00674
14	0.01015	0.00690	0.00815	0.00827	0.00852	0.00687	0.00498	0.01071	0.01165	0.01575	0.08732	0.11613	0.03148	0.57564	0.06324	0.00628	0.00687	0.01145	0.00485	0.00478
15	0.01727	0.01655	0.02826	0.10255	0.64928	0.01682	0.02168	0.02154	0.01605	0.02283	0.01333	0.01774	0.01113	0.00641	0.00706	0.00214	0.00855	0.00634	0.00349	0.01099
16	0.01771	0.01530	0.01610	0.01449	0.01852	0.01771	0.01127	0.03784	0.69247	0.02979	0.02898	0.02657	0.02174	0.00966	0.00725	0.00242	0.00564	0.00805	0.00725	0.01127
17	0.00970	0.00695	0.00851	0.00914	0.00998	0.00664	0.00613	0.01147	0.04044	0.01857	0.10522	0.36796	0.12779	0.17766	0.01573	0.04618	0.00475	0.01544	0.00607	0.00566
18	0.14546	0.06776	0.06400	0.10313	0.02448	0.07465	0.04621	0.21913	0.13353	0.03054	0.01604	0.01729	0.01201	0.00776	0.00653	0.00218	0.00805	0.00598	0.00526	0.01003
19	0.01772	0.01291	0.01423	0.01198	0.01521	0.01363	0.00925	0.31836	0.02359	0.03180	0.13854	0.09038	0.09952	0.13030	0.01222	0.00299	0.00606	0.01011	0.03257	0.00865

[dist]
# distance from previous block
# <min> <max>
0	9

[block]
# block no. 3 follows, 29 sequences, length 24
# corresponding to MSA columns:
# 180-203
name=unknown_D
#
# <colnr> <probs for GDERKNQSTAVLIFYWHMCP>
#	G	D	E	R	K	N	Q	S	T	A	V	L	I	F	Y	W	H	M	C	P
0	0.05983	0.06378	0.04205	0.04830	0.10839	0.21351	0.04293	0.11607	0.05986	0.02402	0.01732	0.11805	0.01594	0.00957	0.00741	0.00219	0.02921	0.00769	0.00471	0.00915
1	0.02118	0.01567	0.01716	0.01411	0.01828	0.01706	0.01124	0.43271	0.08359	0.03593	0.04507	0.12457	0.06362	0.01226	0.00868	0.04610	0.00663	0.00922	0.00683	0.01010
2	0.06141	0.04348	0.05262	0.03487	0.48053	0.06000	0.04879	0.02380	0.08177	0.02376	0.01447	0.01763	0.01179	0.00673	0.00685	0.00213	0.00849	0.00623	0.00391	0.01072
3	0.01228	0.00984	0.01024	0.01022	0.01148	0.05967	0.00702	0.07306	0.01574	0.02033	0.09643	0.30989	0.07636	0.23514	0.01668	0.00385	0.00582	0.01388	0.00588	0.00621
4	0.01700	0.01398	0.01596	0.01160	0.01782	0.01177	0.00936	0.13824	0.01816	0.02713	0.01346	0.01519	0.01083	0.00587	0.00561	0.00125	0.00574	0.00462	0.00475	0.65167
5	0.00979	0.00691	0.00783	0.00798	0.00859	0.00660	0.00494	0.01049	0.01248	0.01630	0.07912	0.12870	0.15830	0.48211	0.02613	0.00530	0.00574	0.01250	0.00524	0.00496
6	0.01107	0.00777	0.00956	0.00913	0.01092	0.00724	0.00671	0.03974	0.01846	0.04810	0.41155	0.14287	0.15935	0.07278	0.01056	0.00271	0.00405	0.01353	0.00721	0.00669
7	0.01767	0.25151	0.10685	0.05466	0.05299	0.05986	0.31481	0.02239	0.01594	0.02040	0.01253	0.01593	0.00997	0.00624	0.00682	0.00207	0.01029	0.00627	0.00335	0.00946
8	0.01737	0.01654	0.02342	0.19439	0.33639	0.06328	0.01820	0.05250	0.12825	0.02345	0.01603	0.01950	0.01276	0.00916	0.03633	0.00259	0.00893	0.00656	0.00423	0.01013
9	0.00895	0.00702	0.00794	0.00831	0.00998	0.00621	0.00601	0.01074	0.01568	0.01976	0.13231	0.21296	0.40595	0.07372	0.01072	0.00287	0.00407	0.04428	0.00658	0.00594
10	0.00977	0.00716	0.00917	0.00889	0.01051	0.00655	0.00658	0.01276	0.01910	0.02658	0.57238	0.12681	0.12578	0.01570	0.00847	0.00232	0.00346	0.01385	0.00759	0.00655
11	0.02654	0.02058	0.06305	0.01643	0.02242	0.02116	0.01415	0.60908	0.03170	0.07700	0.01739	0.01733	0.01220	0.00845	0.00710	0.00215	0.00791	0.00638	0.00696	0.01201
12	0.00966	0.00655	0.00826	0.00899	0.00951	0.00626	0.00589	0.01006	0.01241	0.01630	0.03443	0.35591	0.11591	0.20886	0.04166	0.11868	0.00555	0.01463	0.00542	0.00506
13	0.02134	0.00996	0.01314	0.01099	0.01443	0.00909	0.00857	0.02461	0.05271	0.36072	0.24554	0.03526	0.03423	0.06653	0.01097	0.05051	0.00523	0.00924	0.00774	0.00920
14	0.02660	0.03394	0.02018	0.01834	0.02201	0.72116	0.01376	0.02843	0.02018	0.01743	0.01101	0.01284	0.00917	0.00734	0.00642	0.00183	0.01284	0.00459	0.00367	0.00825
15	0.02428	0.14900	0.04917	0.01655	0.02252	0.02256	0.05404	0.48149	0.05063	0.03733	0.01592	0.01648	0.01173	0.00794	0.00674	0.00206	0.00807	0.00609	0.00606	0.01135
16	0.06387	0.00811	0.00967	0.00955	0.01132	0.00778	0.00690	0.03802	0.01659	0.07194	0.22623	0.28440	0.11833	0.08153	0.01070	0.00288	0.00446	0.01417	0.00679	0.00675
17	0.01070	0.00861	0.01292	0.11969	0.07908	0.00912	0.01057	0.01324	0.01403	0.01903	0.06960	0.32127	0.05464	0.02506	0.17186	0.00466	0.00875	0.03511	0.00526	0.00681
18	0.00965	0.00726	0.00903	0.01008	0.01154	0.00675	0.00783	0.01173	0.01529	0.01943	0.04853	0.26393	0.25453	0.05176	0.01032	0.00305	0.00494	0.24180	0.00649	0.00606
19	0.01018	0.00685	0.00788	0.00802	0.00812	0.00679	0.00462	0.01043	0.01103	0.01476	0.04877	0.11376	0.02942	0.65330	0.03263	0.00635	0.00651	0.01139	0.00466	0.00454
20	0.00977	0.00668	0.00849	0.00897	0.00962	0.00634	0.00596	0.01084	0.01408	0.01909	0.19462	0.30634	0.06814	0.20874	0.01759	0.07406	0.00482	0.01445	0.00600	0.00540
21	0.01345	0.01266	0.02136	0.73264	0.04904	0.01582	0.01978	0.01819	0.01424	0.01819	0.01266	0.01898	0.00949	0.00712	0.00712	0.00237	0.00949	0.00633	0.00316	0.00791
22	0.01017	0.00763	0.01144	0.01144	0.01272	0.00890	0.00890	0.01272	0.01144	0.01653	0.01907	0.02797	0.01780	0.05340	0.72153	0.01144	0.01907	0.00763	0.00381	0.00636
23	0.80005	0.01377	0.01047	0.00936	0.01377	0.01597	0.00771	0.02093	0.01212	0.03195	0.00991	0.01157	0.00771	0.00661	0.00441	0.00220	0.00551	0.00386	0.00441	0.00771

[dist]
# distance from previous block
# <min> <max>
0	1

[block]
# block no. 4 follows, 29 sequences, length 11
# corresponding to MSA columns:
# 205-215
name=unknown_E
#
# <colnr> <probs for GDERKNQSTAVLIFYWHMCP>
#	G	D	E	R	K	N	Q	S	T	A	V	L	I	F	Y	W	H	M	C	P
0	0.01010	0.00683	0.00794	0.00814	0.00830	0.00673	0.00479	0.01048	0.01142	0.01532	0.06612	0.14584	0.03140	0.60210	0.03071	0.00605	0.00630	0.01191	0.00485	0.00467
1	0.02707	0.01995	0.02137	0.01638	0.02208	0.02208	0.01353	0.68159	0.03348	0.04488	0.01710	0.01710	0.01211	0.00855	0.00712	0.00214	0.00784	0.00641	0.00712	0.01211
2	0.00866	0.00627	0.00818	0.00971	0.01027	0.00580	0.00652	0.00994	0.01383	0.01826	0.04174	0.69381	0.09678	0.02198	0.00904	0.00285	0.00409	0.01985	0.00661	0.00580
3	0.00933	0.00661	0.00808	0.00887	0.00940	0.00625	0.00572	0.01033	0.01318	0.01747	0.08109	0.39650	0.10017	0.27236	0.01835	0.00419	0.00499	0.01587	0.00590	0.00536
4	0.01499	0.01423	0.02414	0.47847	0.29117	0.01623	0.02054	0.01954	0.01497	0.02006	0.01293	0.01848	0.01015	0.00683	0.00709	0.00228	0.00911	0.00633	0.00330	0.00915
5	0.01125	0.00804	0.01122	0.01286	0.01440	0.00800	0.01109	0.01437	0.01617	0.02106	0.03782	0.13326	0.04147	0.01988	0.00978	0.00325	0.00636	0.60667	0.00656	0.00650
6	0.04563	0.18083	0.12226	0.01804	0.02402	0.20532	0.10386	0.13100	0.06059	0.02434	0.01351	0.01518	0.01055	0.00713	0.00644	0.00200	0.00983	0.00551	0.00423	0.00972
7	0.02352	0.07941	0.04368	0.06733	0.07802	0.23851	0.01499	0.26574	0.04308	0.02846	0.01397	0.01567	0.01081	0.00785	0.00735	0.00206	0.03892	0.00564	0.00490	0.01009
8	0.01020	0.00684	0.00781	0.00796	0.00800	0.00680	0.00452	0.01032	0.01065	0.01420	0.02395	0.10952	0.02780	0.68423	0.03380	0.00654	0.00665	0.01125	0.00452	0.00445
9	0.01041	0.00786	0.00968	0.00912	0.01107	0.00743	0.00687	0.01478	0.06903	0.02734	0.56381	0.05338	0.15298	0.01469	0.00832	0.00228	0.00356	0.01282	0.00762	0.00695
10	0.01550	0.13133	0.47910	0.02182	0.05956	0.01839	0.13261	0.02239	0.01530	0.02183	0.01268	0.01534	0.00943	0.00653	0.00675	0.00217	0.01028	0.00563	0.00313	0.01021

[dist]
# distance from previous block
# <min> <max>
0	28

[block]
# block no. 5 follows, 29 sequences, length 132
# corresponding to MSA columns:
# 244-375
name=unknown_F
#
# <colnr> <probs for GDERKNQSTAVLIFYWHMCP>
#	G	D	E	R	K	N	Q	S	T	A	V	L	I	F	Y	W	H	M	C	P
0	0.07676	0.06781	0.01940	0.07429	0.02165	0.15339	0.01243	0.24563	0.04800	0.09937	0.09444	0.02087	0.01804	0.00865	0.00679	0.00209	0.00799	0.00658	0.00593	0.00987
1	0.02062	0.01383	0.01576	0.01391	0.01807	0.01501	0.01109	0.03483	0.46142	0.19673	0.02961	0.03119	0.02258	0.01042	0.00747	0.00245	0.00583	0.07060	0.00757	0.01102
2	0.00993	0.00721	0.00936	0.00897	0.01059	0.00664	0.00667	0.01311	0.01961	0.02758	0.63857	0.09913	0.08553	0.01517	0.00844	0.00229	0.00342	0.01343	0.00772	0.00664
3	0.09692	0.39501	0.09883	0.01457	0.02023	0.23115	0.01366	0.02352	0.01599	0.01903	0.01052	0.01223	0.00900	0.00658	0.00533	0.00176	0.00926	0.00419	0.00336	0.00888
4	0.02192	0.02326	0.02232	0.08592	0.16420	0.30486	0.04584	0.13272	0.02027	0.02379	0.01367	0.01662	0.01096	0.00948	0.04072	0.00246	0.01070	0.00580	0.03510	0.00939
5	0.01036	0.00690	0.00777	0.00777	0.00777	0.00690	0.00431	0.01036	0.01036	0.01381	0.02244	0.04660	0.02589	0.74975	0.03624	0.00690	0.00690	0.01036	0.00431	0.00431
6	0.03519	0.00751	0.00928	0.01028	0.01127	0.00739	0.00712	0.06212	0.01516	0.02097	0.03604	0.63998	0.04212	0.02025	0.00864	0.00277	0.00443	0.01817	0.03498	0.00636
7	0.01842	0.01872	0.02721	0.09511	0.56735	0.10544	0.02067	0.02239	0.01656	0.02213	0.01304	0.01713	0.01087	0.00653	0.00698	0.00210	0.00909	0.00612	0.00351	0.01063
8	0.01017	0.00763	0.01144	0.01144	0.01272	0.00890	0.00890	0.01272	0.01144	0.01653	0.01907	0.02797	0.01780	0.05340	0.72153	0.01144	0.01907	0.00763	0.00381	0.00636
9	0.01017	0.00763	0.01144	0.01144	0.01272	0.00890	0.00890	0.01272	0.01144	0.01653	0.01907	0.02797	0.01780	0.05340	0.72153	0.01144	0.01907	0.00763	0.00381	0.00636
10	0.01565	0.03148	0.52964	0.02443	0.13737	0.01648	0.07325	0.02291	0.01555	0.04801	0.01356	0.01609	0.00983	0.00672	0.00695	0.00224	0.01014	0.00573	0.00335	0.01063
11	0.20279	0.10287	0.08287	0.03655	0.02135	0.02067	0.01338	0.37500	0.02416	0.03589	0.01410	0.01505	0.01040	0.00762	0.00618	0.00210	0.00757	0.00542	0.00554	0.01049
12	0.01286	0.00974	0.01147	0.01158	0.04293	0.00997	0.00753	0.05846	0.12007	0.02060	0.04984	0.16172	0.02800	0.35238	0.02083	0.00444	0.00612	0.01102	0.00544	0.05500
13	0.06733	0.05754	0.56106	0.01970	0.04995	0.01740	0.02334	0.08047	0.01649	0.02496	0.01289	0.01495	0.00928	0.00688	0.00658	0.00221	0.00979	0.00526	0.00348	0.01046
14	0.02421	0.01818	0.01975	0.03780	0.02180	0.02031	0.01300	0.46191	0.21540	0.06100	0.02061	0.02001	0.01488	0.00882	0.00716	0.00222	0.00722	0.00689	0.00709	0.01175
15	0.01345	0.01266	0.02136	0.73264	0.04904	0.01582	0.01978	0.01819	0.01424	0.01819	0.01266	0.01898	0.00949	0.00712	0.00712	0.00237	0.00949	0.00633	0.00316	0.00791
16	0.01477	0.01266	0.01477	0.01055	0.01687	0.00949	0.00844	0.01793	0.01477	0.02320	0.01266	0.01477	0.01055	0.00527	0.00527	0.00105	0.00527	0.00422	0.00422	0.79328
17	0.00985	0.00756	0.00905	0.00862	0.01062	0.00691	0.00648	0.01335	0.04418	0.02570	0.48007	0.05697	0.26354	0.01546	0.00836	0.00230	0.00352	0.01337	0.00743	0.00667
18	0.01036	0.00690	0.00777	0.00777	0.00777	0.00690	0.00431	0.01036	0.01036	0.01381	0.02244	0.04660	0.02589	0.74975	0.03624	0.00690	0.00690	0.01036	0.00431	0.00431
19	0.01676	0.13586	0.53045	0.01864	0.02777	0.07357	0.02259	0.02342	0.01562	0.05399	0.01296	0.01479	0.00946	0.00681	0.00645	0.00212	0.01009	0.00509	0.00334	0.01023
20	0.04695	0.01813	0.01732	0.01508	0.01939	0.09518	0.01184	0.15399	0.47550	0.03127	0.02420	0.02283	0.01813	0.00910	0.00704	0.00229	0.00682	0.00723	0.00674	0.01097
21	0.01008	0.00728	0.00952	0.00896	0.01064	0.00672	0.00672	0.01344	0.02016	0.02855	0.70158	0.05319	0.06719	0.01456	0.00840	0.00224	0.00336	0.01288	0.00784	0.00672
22	0.01722	0.39511	0.34352	0.01615	0.02415	0.05464	0.01868	0.02221	0.01499	0.01942	0.01126	0.01313	0.00909	0.00645	0.00565	0.00187	0.00918	0.00450	0.00306	0.00973
23	0.20378	0.12112	0.42734	0.01772	0.05604	0.01789	0.01985	0.02197	0.01432	0.02411	0.01175	0.01386	0.00882	0.00662	0.00593	0.00214	0.00886	0.00479	0.00337	0.00971
24	0.01147	0.00820	0.01147	0.01311	0.01475	0.00820	0.01147	0.01475	0.01639	0.02131	0.03770	0.08032	0.04098	0.01967	0.00984	0.00328	0.00656	0.65741	0.00656	0.00656
25	0.00868	0.00620	0.00826	0.00991	0.01033	0.00578	0.00661	0.00991	0.01363	0.01818	0.03925	0.74510	0.04710	0.02231	0.00909	0.00289	0.00413	0.02024	0.00661	0.00578
26	0.01776	0.01771	0.02936	0.07398	0.58078	0.04924	0.08249	0.02207	0.01636	0.02271	0.01334	0.01762	0.01105	0.00640	0.00715	0.00214	0.00904	0.00645	0.00352	0.01082
27	0.01237	0.00618	0.00928	0.00928	0.00928	0.00618	0.00618	0.00928	0.00928	0.01237	0.01237	0.02165	0.01237	0.02474	0.02783	0.79283	0.00618	0.00618	0.00309	0.00309
28	0.02973	0.01568	0.01873	0.01436	0.01995	0.01575	0.01186	0.32897	0.02634	0.40758	0.02309	0.02099	0.01512	0.00869	0.00714	0.00217	0.00687	0.00682	0.00804	0.01211
29	0.73607	0.07441	0.01267	0.00960	0.01414	0.01697	0.00808	0.02096	0.01231	0.03070	0.00991	0.01156	0.00783	0.00657	0.00442	0.00215	0.00568	0.00385	0.00430	0.00783
30	0.00868	0.00620	0.00826	0.00991	0.01033	0.00578	0.00661	0.00991	0.01363	0.01818	0.03925	0.74510	0.04710	0.02231	0.00909	0.00289	0.00413	0.02024	0.00661	0.00578
31	0.01019	0.00756	0.01108	0.01108	0.01223	0.00870	0.00845	0.01248	0.01134	0.01626	0.01941	0.02981	0.01860	0.12219	0.65384	0.01100	0.01787	0.00790	0.00386	0.00616
32	0.02593	0.05815	0.02117	0.01929	0.05319	0.66484	0.01407	0.02789	0.01980	0.01767	0.01108	0.01301	0.00927	0.00725	0.00639	0.00184	0.01246	0.00464	0.00364	0.00842
33	0.00884	0.00630	0.00836	0.00995	0.01040	0.00591	0.00671	0.01011	0.01362	0.01813	0.03858	0.69508	0.04610	0.04873	0.01011	0.00305	0.00432	0.04342	0.00652	0.00576
34	0.01771	0.01530	0.01610	0.01449	0.01852	0.01771	0.01127	0.03784	0.69247	0.02979	0.02898	0.02657	0.02174	0.00966	0.00725	0.00242	0.00564	0.00805	0.00725	0.01127
35	0.01821	0.01644	0.04591	0.13971	0.17071	0.04144	0.01553	0.03005	0.33786	0.07550	0.02165	0.02232	0.01626	0.00828	0.00713	0.00230	0.00734	0.00711	0.00561	0.01064
36	0.01315	0.01217	0.02059	0.52414	0.04007	0.01449	0.06729	0.01739	0.01445	0.01914	0.03729	0.09942	0.01580	0.00917	0.00800	0.00243	0.03585	0.00821	0.03324	0.00772
37	0.01839	0.01563	0.01648	0.01463	0.01878	0.01803	0.01144	0.08465	0.64455	0.03088	0.02812	0.02588	0.02104	0.00958	0.00724	0.00239	0.00580	0.00793	0.00724	0.01133
38	0.00868	0.00620	0.00826	0.00991	0.01033	0.00578	0.00661	0.00991	0.01363	0.01818	0.03925	0.74510	0.04710	0.02231	0.00909	0.00289	0.00413	0.02024	0.00661	0.00578
39	0.04094	0.01873	0.13398	0.04432	0.02870	0.01581	0.32129	0.02102	0.01528	0.06828	0.01655	0.06879	0.01386	0.01251	0.07590	0.00330	0.07947	0.00816	0.00406	0.00907
40	0.01604	0.31592	0.42355	0.01687	0.02534	0.02078	0.02025	0.02179	0.01486	0.02024	0.01256	0.01599	0.01023	0.00697	0.00602	0.00201	0.00924	0.02836	0.00315	0.00984
41	0.01490	0.03315	0.58624	0.02463	0.15569	0.01661	0.02548	0.02242	0.01525	0.02268	0.01289	0.01551	0.00944	0.00669	0.00682	0.00223	0.01014	0.00546	0.00310	0.01066
42	0.00876	0.00626	0.00837	0.01002	0.01047	0.00586	0.00677	0.01007	0.01372	0.01828	0.03920	0.72387	0.04690	0.02222	0.00911	0.00290	0.00421	0.04059	0.00661	0.00581
43	0.01353	0.00945	0.01106	0.01018	0.01272	0.00916	0.00773	0.10783	0.04429	0.07290	0.24565	0.18069	0.21595	0.01552	0.00823	0.00240	0.00446	0.01337	0.00723	0.00765
44	0.04353	0.46869	0.17465	0.01441	0.02116	0.07442	0.01508	0.04735	0.01590	0.05080	0.01167	0.01307	0.00957	0.00655	0.00537	0.00177	0.00847	0.00442	0.00354	0.00956
45	0.02462	0.01095	0.01428	0.01170	0.01590	0.00989	0.00931	0.04860	0.04463	0.46128	0.10082	0.09533	0.06773	0.04038	0.00869	0.00247	0.00553	0.00954	0.00809	0.01028
46	0.41086	0.01560	0.01905	0.10359	0.06478	0.04843	0.10521	0.02142	0.01385	0.05192	0.01177	0.01481	0.00917	0.00722	0.00740	0.00231	0.07475	0.00532	0.00410	0.00842
47	0.00894	0.00634	0.00835	0.00973	0.01014	0.00605	0.00645	0.01009	0.01315	0.01760	0.03639	0.63182	0.04332	0.10801	0.04436	0.00374	0.00513	0.01853	0.00622	0.00564
48	0.02645	0.01911	0.02057	0.01590	0.02140	0.02108	0.01309	0.61650	0.05724	0.06491	0.01808	0.01797	0.01283	0.00859	0.00706	0.00213	0.00756	0.00650	0.03111	0.01191
49	0.01564	0.01400	0.01582	0.07872	0.02024	0.05105	0.01007	0.04013	0.03902	0.02308	0.01350	0.01602	0.01107	0.00757	0.03175	0.00168	0.00669	0.00476	0.00427	0.59490
50	0.01097	0.00864	0.01252	0.13273	0.01856	0.00897	0.03299	0.05583	0.01515	0.02009	0.03244	0.54951	0.03719	0.01827	0.00860	0.00274	0.00555	0.01658	0.00596	0.00669
51	0.00865	0.00628	0.00817	0.00969	0.01027	0.00580	0.00651	0.00994	0.01385	0.01827	0.04201	0.68831	0.10211	0.02195	0.00903	0.00285	0.00409	0.01981	0.00661	0.00580
52	0.00924	0.00758	0.00820	0.00808	0.01037	0.00670	0.00613	0.01214	0.04368	0.02168	0.20099	0.06409	0.51865	0.01704	0.00842	0.00240	0.00374	0.03759	0.00689	0.00639
53	0.01847	0.04772	0.19005	0.05170	0.07539	0.17954	0.28891	0.02377	0.01697	0.02119	0.01299	0.01644	0.00995	0.00655	0.00732	0.00219	0.01140	0.00646	0.00344	0.00954
54	0.01428	0.03683	0.71286	0.02030	0.03082	0.01654	0.02631	0.02255	0.01503	0.02255	0.01278	0.01503	0.00902	0.00677	0.00677	0.00226	0.01052	0.00526	0.00301	0.01052
55	0.00868	0.00620	0.00826	0.00991	0.01033	0.00578	0.00661	0.00991	0.01363	0.01818	0.03925	0.74510	0.04710	0.02231	0.00909	0.00289	0.00413	0.02024	0.00661	0.00578
56	0.00982	0.00727	0.00915	0.00868	0.01048	0.00661	0.00651	0.01293	0.01954	0.02709	0.60236	0.05561	0.16732	0.01511	0.00840	0.00227	0.00340	0.01322	0.00765	0.00661
57	0.01771	0.01530	0.01610	0.01449	0.01852	0.01771	0.01127	0.03784	0.69247	0.02979	0.02898	0.02657	0.02174	0.00966	0.00725	0.00242	0.00564	0.00805	0.00725	0.01127
58	0.01002	0.00728	0.00943	0.00890	0.01060	0.00669	0.00667	0.01332	0.02001	0.02822	0.67875	0.05375	0.09022	0.01468	0.00840	0.00225	0.00337	0.01296	0.00779	0.00669
59	0.00849	0.00722	0.00732	0.00730	0.00967	0.00604	0.00547	0.01037	0.01642	0.01968	0.10202	0.06780	0.67228	0.01787	0.00841	0.00240	0.00359	0.01493	0.00667	0.00604
60	0.01771	0.01530	0.01610	0.01449	0.01852	0.01771	0.01127	0.03784	0.69247	0.02979	0.02898	0.02657	0.02174	0.00966	0.00725	0.00242	0.00564	0.00805	0.00725	0.01127
61	0.01345	0.01266	0.02136	0.73264	0.04904	0.01582	0.01978	0.01819	0.01424	0.01819	0.01266	0.01898	0.00949	0.00712	0.00712	0.00237	0.00949	0.00633	0.00316	0.00791
62	0.00842	0.00721	0.00721	0.00721	0.00962	0.00601	0.00541	0.01022	0.01623	0.01924	0.07213	0.06853	0.70244	0.01803	0.00842	0.00240	0.00361	0.01503	0.00661	0.00601
63	0.02660	0.03394	0.02018	0.01834	0.02201	0.72116	0.01376	0.02843	0.02018	0.01743	0.01101	0.01284	0.00917	0.00734	0.00642	0.00183	0.01284	0.00459	0.00367	0.00825
64	0.01017	0.00763	0.01144	0.01144	0.01272	0.00890	0.00890	0.01272	0.01144	0.01653	0.01907	0.02797	0.01780	0.05340	0.72153	0.01144	0.01907	0.00763	0.00381	0.00636
65	0.80005	0.01377	0.01047	0.00936	0.01377	0.01597	0.00771	0.02093	0.01212	0.03195	0.00991	0.01157	0.00771	0.00661	0.00441	0.00220	0.00551	0.00386	0.00441	0.00771
66	0.01681	0.01921	0.04202	0.03001	0.03721	0.01801	0.67947	0.02281	0.01681	0.02281	0.01441	0.01921	0.01080	0.00600	0.00840	0.00240	0.01200	0.00840	0.00360	0.00960
67	0.02707	0.01995	0.02137	0.01638	0.02208	0.02208	0.01353	0.68159	0.03348	0.04488	0.01710	0.01710	0.01211	0.00855	0.00712	0.00214	0.00784	0.00641	0.00712	0.01211
68	0.01069	0.00741	0.00953	0.00898	0.01082	0.00676	0.00674	0.01381	0.01960	0.05225	0.60017	0.07851	0.11798	0.01492	0.00838	0.00228	0.00351	0.01312	0.00773	0.00682
69	0.02016	0.01665	0.03873	0.04686	0.01987	0.06418	0.01218	0.35801	0.02404	0.03202	0.02000	0.12091	0.01776	0.01767	0.12525	0.00376	0.00951	0.00839	0.03448	0.00957
70	0.00935	0.00750	0.00852	0.00897	0.01114	0.00667	0.00721	0.01163	0.01640	0.02012	0.08142	0.07147	0.49158	0.01840	0.00883	0.00265	0.00445	0.20087	0.00663	0.00619
71	0.02707	0.01995	0.02137	0.01638	0.02208	0.02208	0.01353	0.68159	0.03348	0.04488	0.01710	0.01710	0.01211	0.00855	0.00712	0.00214	0.00784	0.00641	0.00712	0.01211
72	0.80005	0.01377	0.01047	0.00936	0.01377	0.01597	0.00771	0.02093	0.01212	0.03195	0.00991	0.01157	0.00771	0.00661	0.00441	0.00220	0.00551	0.00386	0.00441	0.00771
73	0.00868	0.00620	0.00826	0.00991	0.01033	0.00578	0.00661	0.00991	0.01363	0.01818	0.03925	0.74510	0.04710	0.02231	0.00909	0.00289	0.00413	0.02024	0.00661	0.00578
74	0.12347	0.01232	0.01580	0.01228	0.01765	0.01112	0.01014	0.03306	0.01940	0.62944	0.02593	0.02273	0.01645	0.00855	0.00683	0.00220	0.00599	0.00677	0.00829	0.01159
75	0.80005	0.01377	0.01047	0.00936	0.01377	0.01597	0.00771	0.02093	0.01212	0.03195	0.00991	0.01157	0.00771	0.00661	0.00441	0.00220	0.00551	0.00386	0.00441	0.00771
76	0.03195	0.01212	0.01652	0.01267	0.01818	0.01047	0.01047	0.03470	0.02038	0.71026	0.02809	0.02424	0.01763	0.00881	0.00716	0.00220	0.00606	0.00716	0.00881	0.01212
77	0.01008	0.00728	0.00952	0.00896	0.01064	0.00672	0.00672	0.01344	0.02016	0.02855	0.70158	0.05319	0.06719	0.01456	0.00840	0.00224	0.00336	0.01288	0.00784	0.00672
78	0.02707	0.01995	0.02137	0.01638	0.02208	0.02208	0.01353	0.68159	0.03348	0.04488	0.01710	0.01710	0.01211	0.00855	0.00712	0.00214	0.00784	0.00641	0.00712	0.01211
79	0.00868	0.00620	0.00826	0.00991	0.01033	0.00578	0.00661	0.00991	0.01363	0.01818	0.03925	0.74510	0.04710	0.02231	0.00909	0.00289	0.00413	0.02024	0.00661	0.00578
80	0.03195	0.01212	0.01652	0.01267	0.01818	0.01047	0.01047	0.03470	0.02038	0.71026	0.02809	0.02424	0.01763	0.00881	0.00716	0.00220	0.00606	0.00716	0.00881	0.01212
81	0.80005	0.01377	0.01047	0.00936	0.01377	0.01597	0.00771	0.02093	0.01212	0.03195	0.00991	0.01157	0.00771	0.00661	0.00441	0.00220	0.00551	0.00386	0.00441	0.00771
82	0.02641	0.01931	0.02067	0.01592	0.02143	0.02135	0.01313	0.65002	0.03260	0.04401	0.01739	0.01754	0.01240	0.00854	0.00702	0.00211	0.00762	0.00642	0.04426	0.01185
83	0.67852	0.07591	0.01314	0.00991	0.01448	0.01687	0.00832	0.02207	0.03774	0.05449	0.01126	0.01256	0.00870	0.00676	0.00462	0.00215	0.00571	0.00412	0.00455	0.00812
84	0.64175	0.01625	0.06259	0.01108	0.01609	0.01682	0.00982	0.10788	0.01514	0.03297	0.01107	0.01254	0.00838	0.00688	0.00493	0.00220	0.00618	0.00429	0.00466	0.00849
85	0.76517	0.01468	0.01090	0.00977	0.01414	0.04777	0.00798	0.02127	0.01248	0.03129	0.00996	0.01162	0.00778	0.00664	0.00450	0.00219	0.00584	0.00389	0.00437	0.00774
86	0.00879	0.00629	0.00837	0.00983	0.01035	0.00586	0.00662	0.01021	0.01418	0.01905	0.09485	0.68702	0.04878	0.02166	0.00903	0.00284	0.00407	0.01962	0.00671	0.00586
87	0.01237	0.00618	0.00928	0.00928	0.00928	0.00618	0.00618	0.00928	0.00928	0.01237	0.01237	0.02165	0.01237	0.02474	0.02783	0.79283	0.00618	0.00618	0.00309	0.00309
88	0.02796	0.01852	0.02049	0.01571	0.02137	0.01997	0.01298	0.56389	0.03110	0.16594	0.01910	0.01840	0.01311	0.00860	0.00713	0.00215	0.00751	0.00655	0.00743	0.01211
89	0.00947	0.00725	0.00868	0.00832	0.01027	0.00646	0.00624	0.01227	0.01873	0.02517	0.47293	0.05876	0.29794	0.01582	0.00840	0.00230	0.00345	0.01366	0.00739	0.00646
90	0.01495	0.07844	0.57874	0.02201	0.09520	0.01749	0.02460	0.02220	0.01496	0.02206	0.01253	0.01508	0.00926	0.00690	0.00728	0.00223	0.03728	0.00531	0.00306	0.01041
91	0.71768	0.01530	0.05860	0.03674	0.01623	0.01601	0.00942	0.02094	0.01239	0.03080	0.01021	0.01208	0.00787	0.00664	0.00467	0.00221	0.00600	0.00404	0.00427	0.00791
92	0.80005	0.01377	0.01047	0.00936	0.01377	0.01597	0.00771	0.02093	0.01212	0.03195	0.00991	0.01157	0.00771	0.00661	0.00441	0.00220	0.00551	0.00386	0.00441	0.00771
93	0.02660	0.03394	0.02018	0.01834	0.02201	0.72116	0.01376	0.02843	0.02018	0.01743	0.01101	0.01284	0.00917	0.00734	0.00642	0.00183	0.01284	0.00459	0.00367	0.00825
94	0.01260	0.00749	0.01194	0.09999	0.01521	0.00784	0.03269	0.01092	0.01021	0.01352	0.01280	0.02201	0.01238	0.04469	0.02480	0.64053	0.00683	0.00642	0.00316	0.00397
95	0.01684	0.01913	0.04155	0.03049	0.06076	0.01797	0.65630	0.02278	0.01679	0.02283	0.01437	0.01915	0.01082	0.00601	0.00836	0.00239	0.01188	0.00833	0.00360	0.00966
