[name]
unknown

[dist]
# distance from previous block
# <min> <max>
28	120

[block]
# block no. 0 follows, 29 sequences, length 8
# corresponding to MSA columns:
# 142-149
name=unknown_A
#
# <colnr> <probs for GDERKNQSTAVLIFYWHMCP>
#	G	D	E	R	K	N	Q	S	T	A	V	L	I	F	Y	W	H	M	C	P
0	0.09470	0.02416	0.01997	0.04954	0.02257	0.27616	0.01339	0.35431	0.02585	0.03249	0.01403	0.01514	0.01053	0.00787	0.00663	0.00204	0.00953	0.00552	0.00544	0.01012
1	0.00915	0.00711	0.00784	0.00781	0.00950	0.00632	0.00552	0.01088	0.01574	0.02000	0.18801	0.09514	0.40813	0.16128	0.01391	0.00328	0.00423	0.01394	0.00641	0.00581
2	0.02516	0.05848	0.02067	0.01700	0.02138	0.39979	0.01328	0.20968	0.11786	0.02671	0.01516	0.01588	0.01174	0.00794	0.00665	0.00199	0.01022	0.00554	0.00510	0.00978
3	0.25867	0.36324	0.06034	0.04630	0.01946	0.08175	0.01208	0.05049	0.01508	0.02305	0.01059	0.01237	0.00884	0.00655	0.00502	0.00186	0.00766	0.00419	0.00370	0.00877
4	0.02163	0.10318	0.08010	0.01637	0.02060	0.38931	0.01372	0.08199	0.01864	0.02006	0.01313	0.01616	0.01107	0.01611	0.14365	0.00371	0.01285	0.00531	0.00388	0.00852
5	0.58338	0.02013	0.20415	0.01238	0.01847	0.01613	0.01284	0.02138	0.01292	0.02936	0.01070	0.01252	0.00807	0.00665	0.00506	0.00222	0.00689	0.00424	0.00402	0.00849
6	0.02617	0.01490	0.07628	0.01360	0.01907	0.01248	0.01186	0.08283	0.10485	0.44544	0.02623	0.06953	0.01864	0.00948	0.00720	0.00224	0.00638	0.00780	0.00769	0.03735
7	0.07250	0.01466	0.01626	0.01356	0.01834	0.01555	0.01082	0.09970	0.35803	0.19554	0.02486	0.02301	0.01785	0.00875	0.00685	0.00220	0.00592	0.00705	0.00716	0.08137

[dist]
# distance from previous block
# <min> <max>
4	6

[block]
# block no. 1 follows, 29 sequences, length 11
# corresponding to MSA columns:
# 156-166
name=unknown_B
#
# <colnr> <probs for GDERKNQSTAVLIFYWHMCP>
#	G	D	E	R	K	N	Q	S	T	A	V	L	I	F	Y	W	H	M	C	P
0	0.00864	0.00632	0.00814	0.00960	0.01024	0.00581	0.00647	0.00995	0.01394	0.01830	0.04312	0.66532	0.12438	0.02180	0.00901	0.00283	0.00407	0.01963	0.00661	0.00581
1	0.00913	0.00642	0.00823	0.00939	0.00979	0.00608	0.00612	0.01022	0.01332	0.01786	0.07571	0.55146	0.04371	0.17986	0.01495	0.00372	0.00469	0.01765	0.00619	0.00552
2	0.01509	0.15930	0.59750	0.01891	0.02868	0.01852	0.02390	0.02234	0.01494	0.02156	0.01229	0.01442	0.00904	0.00665	0.00639	0.00213	0.01003	0.00501	0.00301	0.01029
3	0.01465	0.01388	0.02353	0.53446	0.23784	0.01614	0.02037	0.01925	0.01481	0.01965	0.01287	0.01859	0.01001	0.00690	0.00710	0.00230	0.00920	0.00633	0.00327	0.00888
4	0.00868	0.00620	0.00826	0.00991	0.01033	0.00578	0.00661	0.00991	0.01363	0.01818	0.03925	0.74510	0.04710	0.02231	0.00909	0.00289	0.00413	0.02024	0.00661	0.00578
5	0.01033	0.00702	0.00836	0.00836	0.00856	0.00723	0.00505	0.01074	0.01053	0.01425	0.02189	0.04359	0.02458	0.63744	0.14677	0.00764	0.00887	0.00992	0.00423	0.00464
6	0.02702	0.20419	0.08577	0.01325	0.01936	0.01555	0.01236	0.03016	0.01838	0.46972	0.02203	0.02011	0.01466	0.00793	0.00646	0.00203	0.00687	0.00613	0.00680	0.01121
7	0.01563	0.01662	0.03316	0.22870	0.03839	0.01646	0.41817	0.02096	0.01585	0.02153	0.01372	0.01866	0.01040	0.00624	0.00770	0.00225	0.01056	0.00736	0.00354	0.09410
8	0.01814	0.01571	0.01786	0.01802	0.09967	0.01782	0.01262	0.06611	0.58185	0.02972	0.02659	0.02507	0.02005	0.00922	0.00722	0.00237	0.00607	0.00777	0.00680	0.01131
9	0.01666	0.01855	0.03836	0.02895	0.06563	0.01853	0.54881	0.02191	0.01589	0.02198	0.01360	0.01859	0.01061	0.00699	0.01059	0.00250	0.12094	0.00798	0.00352	0.00941
10	0.01755	0.01757	0.06887	0.18584	0.44984	0.01722	0.02079	0.09266	0.01759	0.02448	0.01360	0.01770	0.01085	0.00677	0.00705	0.00218	0.00874	0.00628	0.00381	0.01061

[dist]
# distance from previous block
# <min> <max>
6	19

[block]
# block no. 2 follows, 29 sequences, length 18
# corresponding to MSA columns:
# 186-203
name=unknown_C
#
# <colnr> <probs for GDERKNQSTAVLIFYWHMCP>
#	G	D	E	R	K	N	Q	S	T	A	V	L	I	F	Y	W	H	M	C	P
0	0.01641	0.01122	0.01309	0.01156	0.01439	0.01116	0.00857	0.19394	0.01905	0.07810	0.02638	0.28580	0.02745	0.14479	0.01280	0.00314	0.00590	0.01192	0.00623	0.09809
1	0.02295	0.22519	0.11889	0.01679	0.02222	0.37771	0.01502	0.08452	0.01915	0.02041	0.01150	0.01314	0.00941	0.00704	0.00604	0.00184	0.01068	0.00463	0.00372	0.00915
2	0.00873	0.00635	0.00811	0.00948	0.01011	0.00587	0.00635	0.00997	0.01378	0.01808	0.04233	0.62915	0.12432	0.05838	0.01037	0.00304	0.00421	0.01912	0.00649	0.00574
3	0.41363	0.02221	0.25663	0.05867	0.02302	0.01655	0.03577	0.05656	0.01454	0.02825	0.01160	0.01376	0.00860	0.00678	0.00566	0.00223	0.00782	0.00477	0.00396	0.00899
4	0.08095	0.07375	0.04804	0.01596	0.09609	0.16261	0.01153	0.02093	0.08213	0.02300	0.14754	0.03262	0.15589	0.01063	0.00702	0.00213	0.00705	0.00854	0.00529	0.00831
5	0.00889	0.00629	0.00820	0.00964	0.01000	0.00593	0.00631	0.00997	0.01321	0.01761	0.03707	0.65450	0.04434	0.11666	0.01261	0.00341	0.00449	0.01896	0.00631	0.00559
6	0.01493	0.13420	0.62115	0.01919	0.02912	0.01812	0.02439	0.02238	0.01496	0.02176	0.01239	0.01454	0.00904	0.00667	0.00647	0.00216	0.01013	0.00506	0.00301	0.01034
7	0.02365	0.01714	0.01831	0.01443	0.01936	0.01876	0.01177	0.49965	0.08016	0.03995	0.01886	0.01929	0.01380	0.00848	0.00671	0.00204	0.00683	0.00650	0.13581	0.03849
8	0.02079	0.65332	0.03449	0.01225	0.01826	0.02577	0.01195	0.02314	0.01527	0.11090	0.01237	0.01316	0.01029	0.00646	0.00492	0.00162	0.00740	0.00426	0.00383	0.00954
9	0.00875	0.00628	0.00819	0.00969	0.01017	0.00585	0.00644	0.00995	0.01358	0.01800	0.03980	0.68151	0.07384	0.05846	0.01042	0.00307	0.00425	0.01953	0.00650	0.00572
10	0.01388	0.01848	0.16090	0.02166	0.04742	0.01456	0.27236	0.01847	0.01495	0.02088	0.02068	0.22625	0.02074	0.01148	0.00972	0.00258	0.08124	0.01091	0.00430	0.00856
11	0.02652	0.10482	0.01787	0.01191	0.01687	0.01203	0.01000	0.02927	0.01946	0.50602	0.11877	0.02811	0.04734	0.00957	0.00705	0.00213	0.00580	0.00779	0.00788	0.01079
12	0.02819	0.01129	0.01532	0.01203	0.01688	0.00982	0.00982	0.03105	0.02034	0.59317	0.14378	0.02921	0.02614	0.00980	0.00737	0.00221	0.00560	0.00814	0.00865	0.01119
13	0.00918	0.00620	0.00840	0.00983	0.01019	0.00584	0.00655	0.00983	0.01304	0.01739	0.03560	0.64689	0.04238	0.02264	0.01163	0.11013	0.00441	0.01833	0.00613	0.00542
14	0.02154	0.03732	0.07030	0.01280	0.01723	0.01134	0.01119	0.04935	0.07189	0.32571	0.13133	0.08823	0.02912	0.01168	0.00767	0.00237	0.00599	0.07760	0.00742	0.00993
15	0.02566	0.01336	0.06851	0.01264	0.01772	0.01071	0.01103	0.06174	0.02058	0.47795	0.17088	0.02939	0.02733	0.00988	0.00739	0.00221	0.00591	0.00820	0.00808	0.01084
16	0.00868	0.00620	0.00826	0.00991	0.01033	0.00578	0.00661	0.00991	0.01363	0.01818	0.03925	0.74510	0.04710	0.02231	0.00909	0.00289	0.00413	0.02024	0.00661	0.00578
17	0.01596	0.01501	0.02529	0.11638	0.53872	0.01530	0.01958	0.01984	0.01565	0.02201	0.01677	0.11520	0.01588	0.00857	0.00733	0.00225	0.00800	0.00820	0.00390	0.01017

[dist]
# distance from previous block
# <min> <max>
0	1

[block]
# block no. 3 follows, 29 sequences, length 45
# corresponding to MSA columns:
# 205-249
name=unknown_D
#
# <colnr> <probs for GDERKNQSTAVLIFYWHMCP>
#	G	D	E	R	K	N	Q	S	T	A	V	L	I	F	Y	W	H	M	C	P
0	0.01671	0.01598	0.02725	0.19505	0.56116	0.01668	0.02140	0.02105	0.01578	0.02215	0.01323	0.01792	0.01089	0.00651	0.00706	0.00217	0.00869	0.00634	0.00345	0.01054
1	0.01428	0.03683	0.71286	0.02030	0.03082	0.01654	0.02631	0.02255	0.01503	0.02255	0.01278	0.01503	0.00902	0.00677	0.00677	0.00226	0.01052	0.00526	0.00301	0.01052
2	0.01610	0.19847	0.50043	0.01946	0.06369	0.01902	0.02235	0.02261	0.01514	0.04281	0.01264	0.01464	0.00944	0.00665	0.00629	0.00208	0.00961	0.00505	0.00323	0.01030
3	0.01854	0.64857	0.03510	0.01311	0.01834	0.02727	0.01267	0.02072	0.01396	0.01681	0.00982	0.01202	0.00917	0.00700	0.00725	0.00175	0.11175	0.00415	0.00306	0.00895
4	0.00865	0.00629	0.00817	0.00967	0.01026	0.00580	0.00650	0.00994	0.01387	0.01827	0.04225	0.68331	0.10695	0.02192	0.00903	0.00285	0.00408	0.01977	0.00661	0.00580
5	0.01591	0.01900	0.08765	0.06440	0.03363	0.01752	0.47039	0.02132	0.01583	0.02178	0.01527	0.02282	0.01258	0.00784	0.01003	0.00253	0.09459	0.05407	0.00369	0.00916
6	0.01763	0.53293	0.21605	0.01461	0.02162	0.02482	0.01608	0.02147	0.01447	0.01831	0.01064	0.01255	0.00912	0.00654	0.00593	0.00178	0.03866	0.00429	0.00304	0.00945
7	0.02833	0.01223	0.01596	0.01267	0.01769	0.01124	0.01031	0.03363	0.11712	0.56354	0.07640	0.02664	0.02176	0.00935	0.00726	0.00224	0.00580	0.00770	0.00852	0.01161
8	0.01510	0.03569	0.68079	0.01994	0.03024	0.01626	0.02558	0.02311	0.01528	0.05423	0.01348	0.01546	0.00942	0.00686	0.00678	0.00225	0.01032	0.00535	0.00327	0.01060
9	0.05095	0.01370	0.02165	0.53922	0.13842	0.01629	0.01886	0.04163	0.05138	0.02104	0.01365	0.01879	0.01041	0.00717	0.00699	0.00232	0.00890	0.00631	0.00362	0.00870
10	0.01576	0.01441	0.02228	0.05097	0.31378	0.01493	0.06549	0.02350	0.17613	0.02388	0.02390	0.07899	0.04250	0.01029	0.00774	0.00243	0.00740	0.09065	0.00509	0.00990
11	0.00971	0.00709	0.00913	0.00898	0.01051	0.00651	0.00660	0.01259	0.01875	0.02608	0.54101	0.17107	0.11312	0.01613	0.00852	0.00236	0.00351	0.01429	0.00754	0.00651
12	0.00985	0.00693	0.00892	0.01005	0.01081	0.00667	0.00699	0.03241	0.01463	0.01979	0.07307	0.55205	0.04397	0.07835	0.01106	0.00314	0.00459	0.06857	0.03216	0.00601
13	0.01381	0.01003	0.01203	0.01190	0.01387	0.01032	0.00901	0.17915	0.01899	0.02523	0.03359	0.40626	0.05373	0.04921	0.00985	0.00292	0.00556	0.12046	0.00663	0.00744
14	0.01490	0.12955	0.62552	0.01925	0.02920	0.01804	0.02448	0.02239	0.01496	0.02180	0.01241	0.01457	0.00904	0.00668	0.00648	0.00216	0.01015	0.00507	0.00301	0.01034
15	0.01620	0.01747	0.05144	0.05730	0.10192	0.11705	0.06949	0.01921	0.01401	0.01905	0.01335	0.01878	0.01172	0.01737	0.14541	0.00416	0.24593	0.00643	0.04552	0.00821
16	0.07470	0.02236	0.01925	0.03807	0.06309	0.25423	0.01312	0.26041	0.05451	0.04726	0.01613	0.04311	0.01284	0.00839	0.00669	0.00207	0.00898	0.00624	0.03870	0.00985
17	0.01599	0.08201	0.36744	0.02827	0.24572	0.01770	0.09868	0.02227	0.01557	0.02237	0.01295	0.01607	0.00995	0.00649	0.00688	0.00217	0.00982	0.00586	0.00324	0.01056
18	0.00874	0.00630	0.00828	0.00975	0.01031	0.00584	0.00656	0.01011	0.01409	0.01877	0.07550	0.67996	0.07598	0.02172	0.00902	0.00284	0.00407	0.01963	0.00667	0.00584
19	0.02410	0.02889	0.02187	0.02319	0.15651	0.51392	0.01535	0.04310	0.03977	0.01962	0.01210	0.01442	0.01005	0.00746	0.00731	0.00197	0.04238	0.00515	0.00381	0.00902
20	0.01499	0.01465	0.02221	0.25366	0.05263	0.05267	0.10463	0.01835	0.01385	0.01909	0.01421	0.05022	0.01262	0.04009	0.01313	0.00271	0.22165	0.00727	0.06347	0.00790
21	0.02981	0.01260	0.01646	0.01294	0.01823	0.01156	0.01059	0.03517	0.12149	0.60789	0.02823	0.02459	0.01824	0.00894	0.00717	0.00224	0.00600	0.00729	0.00858	0.01199
22	0.01724	0.01645	0.02764	0.10711	0.61377	0.01685	0.02120	0.02221	0.04552	0.02307	0.01400	0.01814	0.01157	0.00656	0.00706	0.00215	0.00843	0.00642	0.00365	0.01096
23	0.01415	0.09752	0.49171	0.01929	0.05557	0.01616	0.04902	0.02062	0.01506	0.02149	0.01836	0.08012	0.05339	0.00864	0.00694	0.00225	0.00928	0.00715	0.00358	0.00972
24	0.09224	0.06304	0.55632	0.01984	0.06275	0.01672	0.02315	0.02204	0.01483	0.02323	0.01323	0.01683	0.01007	0.00713	0.00656	0.00225	0.00967	0.02673	0.00329	0.01009
25	0.00868	0.00620	0.00826	0.00991	0.01033	0.00578	0.00661	0.00991	0.01363	0.01818	0.03925	0.74510	0.04710	0.02231	0.00909	0.00289	0.00413	0.02024	0.00661	0.00578
26	0.01476	0.07172	0.56440	0.02202	0.09022	0.01690	0.05163	0.02202	0.01514	0.02217	0.01361	0.03917	0.01055	0.00717	0.00682	0.00223	0.01003	0.00590	0.00320	0.01032
27	0.01518	0.01537	0.02901	0.34886	0.17272	0.01640	0.23069	0.02011	0.01543	0.02066	0.01424	0.04286	0.01151	0.00711	0.00758	0.00235	0.00992	0.00746	0.00349	0.00904
28	0.01420	0.01406	0.02539	0.56327	0.04535	0.01652	0.14773	0.01904	0.01458	0.01904	0.01284	0.01887	0.00974	0.00715	0.00812	0.00241	0.04348	0.00673	0.00325	0.00823
29	0.01572	0.07911	0.57348	0.01851	0.02783	0.01623	0.02301	0.02289	0.01572	0.07640	0.05448	0.01778	0.01314	0.00734	0.00675	0.00220	0.00956	0.00577	0.00375	0.01033
30	0.01748	0.02638	0.29815	0.10064	0.24989	0.09074	0.02197	0.06948	0.01719	0.02339	0.01309	0.01620	0.01004	0.00685	0.00688	0.00217	0.00980	0.00573	0.00355	0.01038
31	0.01381	0.03170	0.58061	0.01836	0.02739	0.01524	0.02279	0.02198	0.05231	0.02322	0.07007	0.02165	0.05373	0.00816	0.00701	0.00227	0.00931	0.00656	0.00381	0.01001
32	0.00947	0.00740	0.00786	0.00791	0.01027	0.00629	0.00602	0.01137	0.01625	0.04464	0.06672	0.10384	0.60316	0.01802	0.00849	0.00247	0.00390	0.05296	0.00669	0.00626
33	0.04748	0.04142	0.13739	0.01417	0.02020	0.01361	0.01332	0.10030	0.05477	0.40003	0.04297	0.04611	0.01761	0.00894	0.00703	0.00222	0.00689	0.00720	0.00713	0.01121
34	0.02404	0.01421	0.09328	0.01323	0.01850	0.01084	0.03368	0.04859	0.01978	0.42761	0.14410	0.03064	0.06893	0.01006	0.00745	0.00223	0.00619	0.00846	0.00763	0.01054
35	0.03195	0.01212	0.01652	0.01267	0.01818	0.01047	0.01047	0.03470	0.02038	0.71026	0.02809	0.02424	0.01763	0.00881	0.00716	0.00220	0.00606	0.00716	0.00881	0.01212
36	0.01984	0.01627	0.01785	0.09095	0.06978	0.08754	0.01272	0.27098	0.02203	0.02989	0.01762	0.05113	0.01443	0.01263	0.06785	0.00291	0.03884	0.00695	0.14046	0.00934
37	0.01920	0.04088	0.06680	0.05092	0.01986	0.01601	0.01236	0.34142	0.02397	0.03267	0.04772	0.16597	0.02235	0.01167	0.00740	0.00230	0.00681	0.03688	0.06524	0.00958
38	0.01594	0.01520	0.02587	0.32073	0.44143	0.01648	0.02102	0.02038	0.01542	0.02122	0.01310	0.01817	0.01056	0.00666	0.00708	0.00222	0.00887	0.00634	0.00338	0.00992
39	0.01469	0.01484	0.02570	0.04227	0.02398	0.01760	0.21804	0.01793	0.01294	0.01878	0.01316	0.01955	0.01168	0.01941	0.17325	0.00472	0.33282	0.00721	0.00342	0.00803
40	0.01477	0.06194	0.61623	0.02174	0.06680	0.01707	0.05912	0.02248	0.01517	0.02238	0.01279	0.01525	0.00924	0.00668	0.00678	0.00223	0.01038	0.00543	0.00307	0.01046
41	0.01866	0.01822	0.06247	0.05981	0.49091	0.01769	0.04178	0.11815	0.05483	0.02652	0.01474	0.01799	0.01177	0.00688	0.00710	0.00216	0.00847	0.00646	0.00421	0.01119
42	0.00865	0.00628	0.00818	0.00970	0.01027	0.00580	0.00651	0.00994	0.01384	0.01826	0.04185	0.69155	0.09897	0.02197	0.00904	0.00285	0.00409	0.01983	0.00661	0.00580
43	0.04790	0.03156	0.53683	0.02118	0.03047	0.01637	0.14139	0.02205	0.01517	0.02283	0.01394	0.04301	0.01071	0.00721	0.00704	0.00230	0.01034	0.00632	0.00331	0.01006
44	0.10772	0.10549	0.42228	0.04412	0.02595	0.08131	0.01989	0.02179	0.01495	0.02212	0.02956	0.01546	0.01054	0.00773	0.00720	0.03661	0.00943	0.00516	0.00337	0.00932

[dist]
# distance from previous block
# <min> <max>
0	4

[block]
# block no. 4 follows, 29 sequences, length 93
# corresponding to MSA columns:
# 254-346
name=unknown_E
#
# <colnr> <probs for GDERKNQSTAVLIFYWHMCP>
#	G	D	E	R	K	N	Q	S	T	A	V	L	I	F	Y	W	H	M	C	P
0	0.02854	0.01350	0.04458	0.01303	0.01831	0.01172	0.01097	0.07033	0.07182	0.54923	0.02656	0.02499	0.01778	0.05395	0.00892	0.00250	0.00636	0.00730	0.00808	0.01151
1	0.02485	0.03051	0.01966	0.04607	0.02260	0.59586	0.01365	0.02933	0.11303	0.01917	0.01356	0.01498	0.01092	0.00765	0.00656	0.00194	0.01171	0.00513	0.00414	0.00866
2	0.01356	0.03596	0.01172	0.03215	0.01352	0.00861	0.00814	0.01668	0.05707	0.12191	0.14214	0.38194	0.04085	0.04826	0.00954	0.00277	0.00487	0.03612	0.00684	0.00735
3	0.04094	0.11665	0.15582	0.02051	0.14852	0.09391	0.01609	0.05100	0.11865	0.06795	0.03681	0.02017	0.03230	0.00989	0.03852	0.00252	0.00874	0.00632	0.00466	0.01003
4	0.00882	0.00630	0.00818	0.00962	0.01006	0.00590	0.00635	0.00997	0.01342	0.01781	0.03886	0.65593	0.06856	0.08983	0.01159	0.00325	0.00437	0.01914	0.00640	0.00566
5	0.02340	0.01080	0.01405	0.01160	0.01571	0.00986	0.00926	0.02782	0.08316	0.42501	0.18583	0.06417	0.06505	0.01125	0.00760	0.00227	0.00519	0.00951	0.00824	0.01022
6	0.02595	0.01841	0.02053	0.05953	0.02301	0.02023	0.01343	0.56755	0.03059	0.09330	0.01846	0.04379	0.01362	0.00897	0.00720	0.00218	0.00767	0.00696	0.00699	0.01163
7	0.01670	0.01901	0.04138	0.05156	0.03758	0.01794	0.65924	0.02267	0.01673	0.02267	0.01435	0.01920	0.01076	0.00604	0.00836	0.00240	0.01193	0.00834	0.00359	0.00955
8	0.03015	0.01212	0.01624	0.01257	0.01781	0.01071	0.01033	0.06203	0.02095	0.63138	0.07620	0.02601	0.02096	0.00922	0.00725	0.00220	0.00594	0.00754	0.00867	0.01173
9	0.12545	0.01475	0.04701	0.38377	0.03443	0.01611	0.01593	0.09446	0.07454	0.10244	0.01590	0.01884	0.01148	0.00760	0.00675	0.00230	0.00809	0.00620	0.00475	0.00921
10	0.01545	0.02592	0.31900	0.02271	0.02990	0.04702	0.25316	0.02143	0.01526	0.02145	0.01429	0.04912	0.01166	0.00937	0.03297	0.00271	0.08850	0.00718	0.00344	0.00946
11	0.00876	0.00723	0.00770	0.00758	0.00983	0.00616	0.00568	0.01089	0.01705	0.02119	0.20379	0.06532	0.56957	0.01731	0.00841	0.00237	0.00356	0.01458	0.00687	0.00616
12	0.04258	0.11645	0.61227	0.01900	0.02881	0.01782	0.02407	0.02236	0.01487	0.02223	0.01235	0.01451	0.00899	0.00668	0.00644	0.00217	0.01002	0.00505	0.00306	0.01027
13	0.01723	0.48190	0.29364	0.01526	0.02304	0.02376	0.01754	0.02179	0.01468	0.01895	0.01099	0.01279	0.00909	0.00635	0.00540	0.00180	0.00872	0.00436	0.00303	0.00966
14	0.00865	0.00629	0.00816	0.00966	0.01026	0.00581	0.00650	0.00994	0.01388	0.01828	0.04240	0.68031	0.10986	0.02190	0.00902	0.00285	0.00408	0.01974	0.00661	0.00581
15	0.01744	0.01673	0.02857	0.07444	0.67605	0.01687	0.02176	0.02169	0.01613	0.02304	0.01336	0.01768	0.01120	0.00638	0.00705	0.00213	0.00851	0.00634	0.00351	0.01113
16	0.00998	0.00774	0.01028	0.01096	0.01125	0.00841	0.00766	0.01109	0.01275	0.01739	0.03225	0.53312	0.03826	0.12461	0.01516	0.00350	0.11729	0.01668	0.00574	0.00588
17	0.01565	0.01600	0.03019	0.30420	0.19508	0.01707	0.24592	0.02057	0.01544	0.02090	0.01329	0.01861	0.01035	0.00678	0.00820	0.00235	0.03971	0.00704	0.00339	0.00926
18	0.00901	0.00648	0.00842	0.00951	0.01021	0.00602	0.00645	0.01059	0.01476	0.01988	0.16048	0.55137	0.07853	0.06007	0.01040	0.00297	0.00412	0.01814	0.00671	0.00588
19	0.01675	0.01681	0.02494	0.31949	0.32462	0.08330	0.04169	0.02165	0.04256	0.02089	0.01352	0.01813	0.01075	0.00687	0.00707	0.00221	0.00930	0.00631	0.00354	0.00957
20	0.01540	0.18233	0.48220	0.02028	0.08869	0.01858	0.02218	0.02186	0.01523	0.02166	0.04027	0.01607	0.01162	0.00690	0.00640	0.00209	0.00944	0.00537	0.00326	0.01015
21	0.01364	0.01284	0.02165	0.56912	0.11411	0.01517	0.04008	0.01815	0.01472	0.01906	0.01703	0.02403	0.04850	0.00810	0.00733	0.00239	0.00903	0.03336	0.00354	0.00816
22	0.01829	0.64133	0.14347	0.01346	0.02025	0.02635	0.01440	0.02152	0.01456	0.01766	0.01035	0.01199	0.00912	0.00620	0.00491	0.00164	0.00807	0.00404	0.00304	0.00936
23	0.01685	0.05674	0.21343	0.02499	0.05338	0.04640	0.33731	0.04327	0.01624	0.02236	0.01315	0.01700	0.01010	0.00705	0.00927	0.00236	0.09005	0.00686	0.00348	0.00971
24	0.04932	0.10047	0.56576	0.01931	0.04968	0.01717	0.02316	0.02194	0.01512	0.02272	0.04313	0.01633	0.01164	0.00703	0.00654	0.00218	0.00965	0.00544	0.00330	0.01013
25	0.00908	0.00762	0.00880	0.07006	0.01319	0.00693	0.00690	0.01130	0.01639	0.02028	0.14620	0.10819	0.51616	0.01693	0.00835	0.00241	0.00412	0.01435	0.00647	0.00625
26	0.02449	0.06997	0.01765	0.01274	0.01733	0.01419	0.01040	0.18373	0.05601	0.31910	0.11497	0.02727	0.02320	0.06514	0.00931	0.00250	0.00628	0.00778	0.00742	0.01053
27	0.08328	0.01214	0.01540	0.01229	0.01721	0.01131	0.01001	0.03211	0.09366	0.52436	0.08875	0.02625	0.02192	0.00928	0.00709	0.00223	0.00573	0.00755	0.00824	0.01121
28	0.04867	0.01102	0.01401	0.01203	0.01583	0.01047	0.00965	0.06733	0.06215	0.34491	0.13534	0.12116	0.03081	0.01235	0.00775	0.00240	0.00551	0.07100	0.00782	0.00977
29	0.01629	0.01999	0.10201	0.10300	0.09621	0.01755	0.49213	0.02222	0.01632	0.02235	0.01398	0.01865	0.01054	0.00622	0.00800	0.00236	0.01130	0.00771	0.00349	0.00966
30	0.02315	0.06915	0.01947	0.01434	0.01918	0.01869	0.01183	0.39837	0.10353	0.09019	0.02088	0.02119	0.03342	0.01221	0.06162	0.00282	0.00789	0.00682	0.05439	0.01086
31	0.05965	0.01424	0.01731	0.01355	0.01890	0.01400	0.01112	0.17751	0.09242	0.46610	0.02504	0.02240	0.01644	0.00876	0.00705	0.00221	0.00639	0.00696	0.00810	0.01186
32	0.00868	0.00620	0.00826	0.00991	0.01033	0.00578	0.00661	0.00991	0.01363	0.01818	0.03925	0.74510	0.04710	0.02231	0.00909	0.00289	0.00413	0.02024	0.00661	0.00578
33	0.02126	0.05115	0.01896	0.06948	0.02125	0.01797	0.01232	0.35151	0.12866	0.06424	0.05771	0.08247	0.01965	0.01181	0.03633	0.00262	0.00744	0.00813	0.00658	0.01046
34	0.01353	0.00908	0.01108	0.01102	0.01279	0.00901	0.00795	0.12818	0.01771	0.06972	0.05675	0.49882	0.06123	0.04551	0.00958	0.00282	0.00496	0.01618	0.00680	0.00729
35	0.01762	0.01692	0.02890	0.04371	0.70533	0.01692	0.02185	0.02185	0.01621	0.02326	0.01339	0.01762	0.01128	0.00634	0.00705	0.00211	0.00846	0.00634	0.00352	0.01128
36	0.01550	0.09505	0.54994	0.01967	0.02906	0.01756	0.06602	0.02374	0.05885	0.03920	0.01405	0.01596	0.01017	0.00689	0.00672	0.00221	0.00995	0.00557	0.00346	0.01043
37	0.01598	0.31814	0.32923	0.09053	0.02673	0.02097	0.01910	0.02107	0.01455	0.01949	0.01224	0.03437	0.01019	0.00716	0.00656	0.00202	0.03381	0.00524	0.00314	0.00948
38	0.01452	0.07283	0.67895	0.01989	0.03019	0.01712	0.02560	0.02249	0.01501	0.02226	0.01263	0.01485	0.00903	0.00673	0.00665	0.00222	0.01038	0.00519	0.00301	0.01045
39	0.00914	0.00694	0.00842	0.00921	0.01059	0.00630	0.00674	0.01102	0.01548	0.01992	0.12178	0.32938	0.27453	0.04385	0.00978	0.00283	0.00426	0.09716	0.00666	0.00601
40	0.01825	0.26414	0.30018	0.01787	0.05402	0.16343	0.01829	0.02289	0.01599	0.01956	0.01362	0.01543	0.03369	0.00705	0.00606	0.00193	0.00973	0.00505	0.00330	0.00949
41	0.01712	0.01652	0.02851	0.12156	0.60681	0.01683	0.04513	0.02147	0.01601	0.02267	0.01335	0.01784	0.01106	0.00642	0.00711	0.00215	0.00870	0.00642	0.00349	0.01084
42	0.01230	0.00897	0.01228	0.01397	0.03818	0.00905	0.01137	0.05506	0.01709	0.02243	0.03580	0.15463	0.03895	0.01886	0.00948	0.00312	0.00641	0.51859	0.00649	0.00696
43	0.04871	0.01292	0.02036	0.42131	0.16960	0.01484	0.01749	0.01927	0.04912	0.02122	0.05888	0.02586	0.03920	0.00858	0.00726	0.00236	0.00819	0.04223	0.00408	0.00852
44	0.03718	0.08332	0.04417	0.05070	0.02020	0.15201	0.04550	0.11015	0.04826	0.05481	0.12022	0.02803	0.10593	0.01016	0.00820	0.00218	0.05696	0.00792	0.00536	0.00874
45	0.07080	0.06595	0.60233	0.02020	0.05914	0.01703	0.02416	0.02235	0.01485	0.02300	0.01247	0.01474	0.00903	0.00671	0.00651	0.00221	0.00994	0.00515	0.00313	0.01030
46	0.00879	0.00641	0.00822	0.00962	0.01031	0.00592	0.00655	0.01012	0.01394	0.01827	0.04272	0.61861	0.12688	0.04416	0.00987	0.00297	0.00423	0.04007	0.00654	0.00579
47	0.01827	0.01454	0.09368	0.03384	0.09948	0.01208	0.01289	0.06904	0.07559	0.18480	0.12196	0.07455	0.09782	0.01147	0.00768	0.00234	0.00631	0.04754	0.00653	0.00959
48	0.01721	0.01809	0.02183	0.07017	0.29496	0.17333	0.04899	0.02055	0.01726	0.02133	0.07408	0.04868	0.09568	0.00960	0.00742	0.00220	0.00854	0.03666	0.00444	0.00899
49	0.01694	0.01614	0.02746	0.12147	0.60731	0.01650	0.02127	0.02120	0.01599	0.02262	0.01412	0.01986	0.01206	0.00688	0.00715	0.00218	0.00851	0.02800	0.00358	0.01074
50	0.02428	0.01872	0.01915	0.01527	0.02026	0.05503	0.01240	0.49705	0.11777	0.03945	0.02043	0.02033	0.03431	0.00890	0.00699	0.00213	0.00735	0.00681	0.06212	0.01124
51	0.01578	0.13411	0.43700	0.02426	0.15578	0.01838	0.07352	0.02226	0.01531	0.02188	0.01261	0.01532	0.00960	0.00653	0.00663	0.00214	0.00984	0.00550	0.00315	0.01040
52	0.01416	0.05532	0.65087	0.01937	0.02923	0.01627	0.02472	0.02196	0.01533	0.02275	0.05469	0.01726	0.01257	0.00722	0.00680	0.00223	0.01000	0.00568	0.00330	0.01025
53	0.02588	0.01080	0.01470	0.01179	0.01621	0.00956	0.00956	0.02875	0.01979	0.52023	0.17350	0.03074	0.02838	0.01278	0.05098	0.00277	0.00627	0.00843	0.00830	0.01060
54	0.02758	0.01571	0.07069	0.01406	0.01964	0.01374	0.01223	0.20747	0.02304	0.42684	0.02474	0.07380	0.01760	0.00956	0.00726	0.00224	0.00674	0.00776	0.00775	0.01153
55	0.01685	0.01675	0.02100	0.02790	0.35576	0.13756	0.01559	0.02034	0.01760	0.02325	0.17397	0.02741	0.02516	0.01071	0.03553	0.00248	0.00825	0.02496	0.02972	0.00922
56	0.01615	0.01127	0.01319	0.01267	0.03610	0.01158	0.00953	0.02517	0.26814	0.13040	0.08729	0.09625	0.17533	0.01335	0.00791	0.00246	0.00514	0.06174	0.00717	0.00914
57	0.04522	0.23461	0.33398	0.03872	0.02402	0.04987	0.01792	0.04519	0.01579	0.02133	0.01887	0.02024	0.09024	0.00799	0.00626	0.00204	0.00867	0.00599	0.00368	0.00937
58	0.02381	0.01697	0.01845	0.01459	0.01943	0.01852	0.01187	0.49670	0.05855	0.07287	0.02209	0.02299	0.05592	0.03850	0.03874	0.00272	0.00764	0.00725	0.04146	0.01093
59	0.04549	0.03409	0.61523	0.02088	0.03081	0.01667	0.09370	0.02251	0.01510	0.02295	0.01284	0.01533	0.00915	0.00668	0.00684	0.00227	0.01048	0.00553	0.00312	0.01032
60	0.00893	0.00631	0.00819	0.00958	0.00993	0.00596	0.00626	0.00998	0.01313	0.01750	0.03666	0.63758	0.04383	0.13428	0.01327	0.00351	0.00456	0.01872	0.00626	0.00556
61	0.01500	0.01862	0.15017	0.28341	0.24630	0.01600	0.06331	0.02066	0.03706	0.02129	0.01653	0.02059	0.04522	0.00737	0.00719	0.00228	0.00910	0.00677	0.00358	0.00956
62	0.02172	0.01893	0.07104	0.03541	0.02059	0.09258	0.01310	0.27487	0.10313	0.08165	0.01869	0.02000	0.01403	0.01276	0.07524	0.00303	0.03217	0.00650	0.07436	0.01019
63	0.01718	0.01633	0.02739	0.08358	0.61620	0.01662	0.02098	0.02206	0.04362	0.02316	0.01473	0.01999	0.01251	0.00694	0.00715	0.00218	0.00835	0.02638	0.00375	0.01093
64	0.12796	0.01598	0.01689	0.01355	0.01845	0.05830	0.01100	0.26570	0.02366	0.26722	0.04392	0.05005	0.03703	0.00933	0.00690	0.00219	0.00681	0.00723	0.00712	0.01070
65	0.01625	0.02081	0.13374	0.02980	0.14722	0.01730	0.43288	0.02201	0.01627	0.02256	0.01590	0.01998	0.03503	0.00678	0.00837	0.00235	0.03153	0.00778	0.00360	0.00984
66	0.00875	0.00625	0.00835	0.01000	0.01045	0.00585	0.00675	0.01005	0.01371	0.01826	0.03920	0.72658	0.04693	0.02224	0.00911	0.00290	0.00420	0.03800	0.00661	0.00581
67	0.00868	0.00620	0.00826	0.00991	0.01033	0.00578	0.00661	0.00991	0.01363	0.01818	0.03925	0.74510	0.04710	0.02231	0.00909	0.00289	0.00413	0.02024	0.00661	0.00578
68	0.02141	0.32589	0.05743	0.01477	0.02005	0.19471	0.01307	0.12778	0.08967	0.02303	0.01572	0.01651	0.03655	0.00763	0.00594	0.00185	0.00871	0.00533	0.00441	0.00956
69	0.01688	0.02905	0.46648	0.04448	0.11508	0.01602	0.04715	0.02449	0.05246	0.09778	0.01546	0.01726	0.01101	0.00707	0.00694	0.00225	0.00953	0.00591	0.00396	0.01072
70	0.03094	0.01191	0.01613	0.01244	0.01781	0.01028	0.01025	0.03366	0.02020	0.68071	0.02998	0.02613	0.04691	0.00921	0.00721	0.00221	0.00595	0.00750	0.00872	0.01186
71	0.02662	0.03334	0.02023	0.01826	0.02202	0.69127	0.01375	0.05637	0.02075	0.01860	0.01127	0.01302	0.00930	0.00739	0.00645	0.00185	0.01263	0.00466	0.00382	0.00842
72	0.01554	0.07107	0.58237	0.02163	0.08325	0.06011	0.02448	0.02279	0.01541	0.02200	0.01257	0.01492	0.00921	0.00673	0.00666	0.00218	0.01035	0.00523	0.00309	0.01038
73	0.00977	0.00722	0.00912	0.00874	0.01047	0.00658	0.00652	0.01281	0.01931	0.02674	0.58086	0.08363	0.16099	0.01539	0.00843	0.00229	0.00343	0.01350	0.00761	0.00658
74	0.01009	0.00734	0.00956	0.00934	0.01102	0.00681	0.00716	0.01328	0.01931	0.02689	0.57113	0.07959	0.10065	0.01557	0.00858	0.00238	0.00375	0.08336	0.00759	0.00663
75	0.01809	0.02047	0.07944	0.05818	0.44683	0.09345	0.13475	0.02267	0.01660	0.02234	0.01324	0.01723	0.01075	0.00645	0.00720	0.00215	0.00973	0.00643	0.00351	0.01050
76	0.01569	0.01494	0.02541	0.36300	0.40117	0.01641	0.02089	0.02016	0.01530	0.02091	0.01305	0.01825	0.01045	0.00670	0.00708	0.00223	0.00894	0.00634	0.00336	0.00972
77	0.01681	0.01921	0.04202	0.03001	0.03721	0.01801	0.67947	0.02281	0.01681	0.02281	0.01441	0.01921	0.01080	0.00600	0.00840	0.00240	0.01200	0.00840	0.00360	0.00960
78	0.01508	0.09243	0.53651	0.07436	0.05209	0.01695	0.02334	0.02212	0.01530	0.04154	0.03732	0.01673	0.01144	0.00706	0.00669	0.00220	0.00975	0.00558	0.00337	0.01014
79	0.10400	0.03613	0.01054	0.00913	0.01177	0.00893	0.00706	0.01549	0.03558	0.07636	0.23216	0.11001	0.26479	0.01577	0.02906	0.00260	0.00466	0.01214	0.00667	0.00713
80	0.01428	0.03683	0.71286	0.02030	0.03082	0.01654	0.02631	0.02255	0.01503	0.02255	0.01278	0.01503	0.00902	0.00677	0.00677	0.00226	0.01052	0.00526	0.00301	0.01052
81	0.00873	0.00659	0.00807	0.00904	0.01015	0.00593	0.00627	0.01032	0.01497	0.01941	0.10807	0.48576	0.24016	0.02037	0.00883	0.00269	0.00391	0.01806	0.00672	0.00593
82	0.01605	0.02020	0.11432	0.06252	0.03454	0.01788	0.48644	0.02170	0.01573	0.02180	0.01374	0.01858	0.01057	0.00807	0.02868	0.00270	0.08596	0.00770	0.00347	0.00935
83	0.15008	0.02502	0.28604	0.04188	0.04091	0.09922	0.04707	0.04272	0.01664	0.12982	0.01575	0.01893	0.01179	0.00771	0.00663	0.00224	0.00901	0.03425	0.00453	0.00979
84	0.00868	0.00620	0.00826	0.00991	0.01033	0.00578	0.00661	0.00991	0.01363	0.01818	0.03925	0.74510	0.04710	0.02231	0.00909	0.00289	0.00413	0.02024	0.00661	0.00578
85	0.01547	0.01551	0.02841	0.34727	0.22064	0.01690	0.18008	0.02025	0.01525	0.02062	0.01314	0.01853	0.01028	0.00687	0.00811	0.00234	0.04092	0.00683	0.00336	0.00922
86	0.04514	0.01872	0.08895	0.24073	0.22544	0.08290	0.05895	0.05311	0.01677	0.04944	0.01598	0.01953	0.03859	0.00738	0.00704	0.00222	0.00917	0.00650	0.00392	0.00954
87	0.12873	0.01489	0.08192	0.01429	0.05120	0.01239	0.01196	0.06725	0.01933	0.41536	0.08978	0.02383	0.01979	0.00876	0.00687	0.00220	0.00636	0.00703	0.00723	0.01081
88	0.00885	0.00696	0.00800	0.00832	0.01003	0.00611	0.00602	0.01085	0.01640	0.02101	0.20218	0.24554	0.38760	0.01841	0.00859	0.00250	0.00369	0.01594	0.00688	0.00611
89	0.07417	0.01633	0.10363	0.12827	0.07478	0.01415	0.23467	0.01866	0.01514	0.02188	0.04838	0.15313	0.01941	0.01031	0.00838	0.02784	0.00870	0.00955	0.00425	0.00838
90	0.05432	0.11600	0.48340	0.01963	0.05155	0.01739	0.06905	0.02176	0.01530	0.02275	0.05442	0.01715	0.01272	0.00708	0.00662	0.00217	0.00953	0.00575	0.00344	0.00995
91	0.01684	0.01754	0.06955	0.13830	0.57274	0.01674	0.02184	0.02139	0.01587	0.02251	0.01325	0.01766	0.01089	0.00648	0.00704	0.00216	0.00873	0.00628	0.00344	0.01076
92	0.01484	0.08389	0.60336	0.02067	0.03057	0.01747	0.08727	0.02249	0.01516	0.02218	0.01274	0.01518	0.00920	0.00665	0.00677	0.00222	0.01047	0.00546	0.00307	0.01034

[dist]
# distance from previous block
# <min> <max>
0	1

[block]
# block no. 5 follows, 29 sequences, length 54
# corresponding to MSA columns:
# 348-401
name=unknown_F
#
# <colnr> <probs for GDERKNQSTAVLIFYWHMCP>
#	G	D	E	R	K	N	Q	S	T	A	V	L	I	F	Y	W	H	M	C	P
0	0.01446	0.03571	0.67241	0.02131	0.05236	0.01659	0.04446	0.02254	0.01512	0.02258	0.01284	0.01523	0.00914	0.00673	0.00682	0.00225	0.01050	0.00538	0.00304	0.01052
1	0.00872	0.00636	0.00821	0.00957	0.01026	0.00585	0.00648	0.01012	0.01424	0.01880	0.07538	0.63650	0.12039	0.02146	0.00898	0.00281	0.00404	0.01931	0.00667	0.00585
2	0.05295	0.03257	0.57715	0.07677	0.03187	0.01655	0.07020	0.02214	0.01495	0.02268	0.01274	0.01547	0.00912	0.00673	0.00679	0.00227	0.01030	0.00550	0.00313	0.01012
3	0.01309	0.04726	0.06399	0.01070	0.01369	0.00969	0.00906	0.01764	0.07446	0.08098	0.32938	0.08048	0.12118	0.05555	0.00958	0.00258	0.00493	0.04127	0.00681	0.00768
4	0.02180	0.01553	0.01690	0.01360	0.01759	0.01680	0.01065	0.44683	0.02605	0.05815	0.02158	0.05876	0.04026	0.18622	0.01420	0.00332	0.00724	0.00829	0.00647	0.00976
5	0.01275	0.00956	0.01349	0.03261	0.09245	0.00942	0.02411	0.04490	0.04015	0.05228	0.16178	0.28141	0.07096	0.01610	0.00851	0.00261	0.00540	0.10746	0.00648	0.00758
6	0.02205	0.01595	0.03982	0.01542	0.05223	0.07934	0.01199	0.06110	0.24803	0.22417	0.04711	0.02818	0.02072	0.00972	0.00724	0.00229	0.00672	0.05529	0.04209	0.01055
7	0.01342	0.01230	0.07069	0.01470	0.01789	0.01054	0.10136	0.01876	0.10039	0.06760	0.06213	0.31039	0.03394	0.01559	0.00854	0.00270	0.00638	0.11851	0.00619	0.00796
8	0.01546	0.01566	0.02942	0.35602	0.20117	0.01674	0.22041	0.02046	0.01549	0.02080	0.01336	0.01873	0.01031	0.00660	0.00749	0.00232	0.01001	0.00696	0.00338	0.00922
9	0.01707	0.02000	0.12895	0.03910	0.54825	0.01696	0.08114	0.02204	0.01610	0.02312	0.01340	0.01739	0.01091	0.00637	0.00713	0.00216	0.00907	0.00637	0.00346	0.01102
10	0.01268	0.00893	0.01094	0.01087	0.01273	0.00899	0.00794	0.04784	0.12719	0.06336	0.20550	0.37618	0.04481	0.01686	0.00841	0.00257	0.00446	0.01499	0.00718	0.00757
11	0.01471	0.10177	0.65169	0.01956	0.02968	0.01759	0.02503	0.02244	0.01498	0.02203	0.01252	0.01471	0.00903	0.00670	0.00657	0.00219	0.01026	0.00513	0.00301	0.01040
12	0.04568	0.05146	0.34464	0.06671	0.02936	0.05056	0.14511	0.02303	0.01611	0.08493	0.02990	0.02059	0.01294	0.00763	0.00714	0.00229	0.00981	0.03831	0.00402	0.00979
13	0.04991	0.07603	0.62271	0.02003	0.04924	0.01719	0.02454	0.02239	0.01491	0.02266	0.01250	0.01475	0.00903	0.00671	0.00654	0.00221	0.01007	0.00515	0.00309	0.01034
14	0.01721	0.01650	0.02816	0.11152	0.64073	0.01681	0.02165	0.02149	0.01602	0.02276	0.01332	0.01776	0.01110	0.00642	0.00706	0.00214	0.00856	0.00634	0.00349	0.01095
15	0.00888	0.00635	0.00844	0.00978	0.01037	0.00592	0.00663	0.01042	0.01457	0.01966	0.13393	0.64619	0.04997	0.02120	0.00899	0.00280	0.00402	0.01919	0.00679	0.00592
16	0.01726	0.01924	0.11322	0.08122	0.56009	0.01697	0.02201	0.04302	0.01651	0.02357	0.01339	0.01737	0.01092	0.00651	0.00702	0.00215	0.00876	0.00621	0.00355	0.01101
17	0.01364	0.01320	0.11424	0.01147	0.01515	0.00990	0.01042	0.08384	0.02046	0.07054	0.43955	0.04335	0.10023	0.01272	0.00795	0.00224	0.00505	0.01092	0.00702	0.00810
18	0.02521	0.01298	0.01605	0.01311	0.01774	0.01277	0.01067	0.12114	0.13800	0.38538	0.10254	0.03008	0.02444	0.01018	0.00746	0.00230	0.00596	0.04486	0.00807	0.01105
19	0.01493	0.03159	0.53532	0.05564	0.14184	0.01665	0.06037	0.02226	0.01529	0.02249	0.01296	0.01585	0.00950	0.00667	0.00691	0.00225	0.01022	0.00565	0.00313	0.01048
20	0.06202	0.01506	0.04935	0.01514	0.05314	0.01373	0.01219	0.13853	0.07146	0.45673	0.02415	0.02195	0.01590	0.00852	0.00702	0.00221	0.00662	0.00683	0.00770	0.01175
21	0.02465	0.02896	0.02148	0.02216	0.13471	0.50949	0.01494	0.07954	0.05884	0.02127	0.01291	0.01475	0.01047	0.00740	0.00663	0.00194	0.01131	0.00522	0.00412	0.00923
22	0.00868	0.00620	0.00826	0.00991	0.01033	0.00578	0.00661	0.00991	0.01363	0.01818	0.03925	0.74510	0.04710	0.02231	0.00909	0.00289	0.00413	0.02024	0.00661	0.00578
23	0.01569	0.03188	0.54600	0.02391	0.12964	0.01640	0.05960	0.02300	0.01554	0.05313	0.01363	0.01604	0.00983	0.00675	0.00691	0.00224	0.01010	0.00567	0.00337	0.01066
24	0.01665	0.01733	0.06698	0.13078	0.52335	0.01653	0.05639	0.02124	0.01593	0.02247	0.01410	0.01976	0.01185	0.00688	0.00720	0.00221	0.00884	0.02741	0.00355	0.01055
25	0.01620	0.01785	0.03716	0.15150	0.05815	0.01777	0.51651	0.02173	0.01608	0.02177	0.01385	0.01896	0.01053	0.00649	0.00880	0.00242	0.04357	0.00789	0.00350	0.00928
26	0.02250	0.01423	0.01624	0.01388	0.01840	0.01527	0.01100	0.03678	0.46622	0.25886	0.02868	0.02578	0.02035	0.00938	0.00722	0.00234	0.00578	0.00775	0.00777	0.01156
27	0.01259	0.01333	0.11546	0.05526	0.01942	0.01076	0.01411	0.01829	0.08052	0.02212	0.03179	0.06212	0.03266	0.01611	0.00898	0.00299	0.00722	0.46269	0.00591	0.00767
28	0.01660	0.25374	0.47323	0.01745	0.02638	0.01978	0.02124	0.02277	0.01512	0.05454	0.01265	0.01439	0.00948	0.00666	0.00612	0.00203	0.00942	0.00491	0.00330	0.01018
29	0.01237	0.00618	0.00928	0.00928	0.00928	0.00618	0.00618	0.00928	0.00928	0.01237	0.01237	0.02165	0.01237	0.02474	0.02783	0.79283	0.00618	0.00618	0.00309	0.00309
30	0.00875	0.00623	0.00824	0.00982	0.01022	0.00583	0.00651	0.00993	0.01349	0.01799	0.03851	0.71470	0.04617	0.05397	0.01027	0.00307	0.00425	0.01981	0.00651	0.00572
31	0.00913	0.00697	0.00887	0.04148	0.01196	0.00649	0.00693	0.01113	0.01571	0.02069	0.19008	0.39773	0.20894	0.01890	0.00869	0.00261	0.00408	0.01675	0.00672	0.00614
32	0.03118	0.01251	0.01667	0.01287	0.01832	0.01116	0.01060	0.05634	0.04932	0.65928	0.02776	0.02410	0.01762	0.00884	0.00716	0.00221	0.00610	0.00717	0.00869	0.01208
33	0.01696	0.01877	0.03949	0.03265	0.16577	0.01780	0.55294	0.02263	0.01669	0.02290	0.01421	0.01890	0.01090	0.00607	0.00814	0.00235	0.01132	0.00801	0.00359	0.00993
34	0.04858	0.13610	0.44181	0.02063	0.07358	0.01792	0.08447	0.02186	0.01531	0.02245	0.04429	0.01670	0.01199	0.00692	0.00660	0.00215	0.00956	0.00571	0.00339	0.00999
35	0.03806	0.07616	0.63077	0.01926	0.02919	0.01698	0.02444	0.02284	0.01509	0.04536	0.01304	0.01503	0.00927	0.00679	0.00658	0.00221	0.01006	0.00520	0.00324	0.01042
36	0.00934	0.00668	0.00897	0.01030	0.01109	0.00631	0.00742	0.01122	0.01504	0.02021	0.13624	0.53521	0.04905	0.02074	0.00911	0.00286	0.00441	0.12296	0.00678	0.00605
37	0.01875	0.01870	0.02710	0.03885	0.58182	0.09800	0.02024	0.04488	0.01711	0.02312	0.01342	0.01737	0.01127	0.00799	0.02908	0.00237	0.00927	0.00618	0.00367	0.01081
38	0.01733	0.01641	0.02759	0.14047	0.59045	0.01693	0.02129	0.04244	0.01649	0.02324	0.01341	0.01780	0.01105	0.00652	0.00706	0.00215	0.00859	0.00634	0.00359	0.01083
39	0.00886	0.00633	0.00846	0.01004	0.01056	0.00593	0.00685	0.01027	0.01399	0.01868	0.06137	0.68910	0.04747	0.02192	0.00910	0.00289	0.00423	0.05144	0.00665	0.00585
40	0.10928	0.01982	0.18793	0.01956	0.11228	0.01454	0.05922	0.06461	0.01814	0.29631	0.01894	0.01901	0.01286	0.00755	0.00683	0.00221	0.00788	0.00627	0.00579	0.01097
41	0.05165	0.09517	0.49061	0.01915	0.06005	0.03725	0.02169	0.02200	0.01519	0.03914	0.03701	0.01681	0.01175	0.00930	0.04161	0.00262	0.01006	0.00553	0.00347	0.00994
42	0.01530	0.10375	0.58704	0.02049	0.05212	0.04000	0.04078	0.02260	0.01523	0.02187	0.01251	0.01481	0.00916	0.00669	0.00660	0.00217	0.01029	0.00522	0.00306	0.01032
43	0.02480	0.01330	0.01606	0.01325	0.01794	0.01343	0.01063	0.05819	0.27970	0.37738	0.07386	0.02684	0.02238	0.00952	0.00728	0.00228	0.00578	0.00787	0.00808	0.01142
44	0.02587	0.01757	0.01953	0.01533	0.02055	0.01894	0.01267	0.52286	0.03005	0.12852	0.05366	0.02380	0.01737	0.00958	0.00736	0.00222	0.00730	0.04798	0.00734	0.01149
45	0.01641	0.01596	0.02585	0.29416	0.44215	0.04101	0.02081	0.02075	0.01563	0.02121	0.01304	0.01795	0.01055	0.00666	0.00705	0.00220	0.00899	0.00628	0.00340	0.00994
46	0.01504	0.04701	0.02226	0.16751	0.02572	0.05274	0.06892	0.01783	0.01278	0.01772	0.01214	0.01829	0.01086	0.01696	0.13084	0.00413	0.34167	0.00647	0.00330	0.00781
47	0.18456	0.01104	0.01310	0.01278	0.04485	0.01111	0.00970	0.02284	0.06866	0.21741	0.05940	0.13910	0.04765	0.01260	0.00739	0.00250	0.00561	0.11415	0.00672	0.00881
48	0.42980	0.01508	0.06238	0.07425	0.07274	0.01490	0.06421	0.02099	0.01453	0.06703	0.08820	0.01879	0.01558	0.00759	0.00590	0.00223	0.00671	0.00589	0.00471	0.00848
49	0.04184	0.09138	0.63641	0.01929	0.02926	0.01742	0.02458	0.02240	0.01489	0.02243	0.01246	0.01463	0.00898	0.00671	0.00651	0.00220	0.01013	0.00510	0.00306	0.01032
50	0.02684	0.01529	0.01748	0.01415	0.01915	0.04460	0.01153	0.18506	0.15237	0.36079	0.02545	0.02530	0.01792	0.00939	0.00727	0.00227	0.00670	0.03914	0.00779	0.01152
51	0.02572	0.05504	0.02157	0.01984	0.07419	0.55778	0.01430	0.10829	0.02133	0.02124	0.01190	0.01368	0.00969	0.00737	0.00649	0.00188	0.01171	0.00492	0.00406	0.00899
52	0.04906	0.05379	0.47126	0.10385	0.11824	0.01692	0.04558	0.02186	0.01501	0.02237	0.01268	0.01568	0.00937	0.00670	0.00672	0.00223	0.00988	0.00552	0.00317	0.01012
53	0.02016	0.01552	0.01674	0.01453	0.01889	0.01750	0.01145	0.11072	0.55225	0.09762	0.02754	0.02526	0.02024	0.00945	0.00722	0.00236	0.00593	0.00778	0.00738	0.01145

[dist]
# distance from previous block
# <min> <max>
0	2

[block]
# block no. 6 follows, 29 sequences, length 42
# corresponding to MSA columns:
# 404-445
name=unknown_G
#
# <colnr> <probs for GDERKNQSTAVLIFYWHMCP>
#	G	D	E	R	K	N	Q	S	T	A	V	L	I	F	Y	W	H	M	C	P
0	0.01831	0.58970	0.17194	0.01399	0.02089	0.04594	0.01505	0.02177	0.01475	0.01793	0.01051	0.01219	0.00912	0.00626	0.00506	0.00168	0.00835	0.00412	0.00306	0.00939
1	0.01036	0.00690	0.00777	0.00777	0.00777	0.00690	0.00431	0.01036	0.01036	0.01381	0.02244	0.04660	0.02589	0.74975	0.03624	0.00690	0.00690	0.01036	0.00431	0.00431
2	0.05629	0.01420	0.02187	0.47644	0.13441	0.04404	0.04710	0.01964	0.03296	0.02020	0.01459	0.04174	0.01207	0.00784	0.00714	0.00235	0.00903	0.02600	0.00363	0.00845
3	0.04397	0.01309	0.02111	0.62608	0.08503	0.01599	0.01899	0.01956	0.05020	0.01963	0.01346	0.01902	0.01018	0.00719	0.00702	0.00235	0.00907	0.00633	0.00345	0.00828
4	0.01090	0.00746	0.00978	0.00910	0.01092	0.00686	0.00686	0.01424	0.02016	0.05413	0.67631	0.05210	0.06533	0.01434	0.00835	0.00224	0.00346	0.01266	0.00788	0.00692
