[name]
unknown

[dist]
# distance from previous block
# <min> <max>
61	166

[block]
# block no. 0 follows, 28 sequences, length 7
# corresponding to MSA columns:
# 203-209
name=unknown_A
#
# <colnr> <probs for GDERKNQSTAVLIFYWHMCP>
#	G	D	E	R	K	N	Q	S	T	A	V	L	I	F	Y	W	H	M	C	P
0	0.13940	0.01165	0.01376	0.12616	0.01988	0.01283	0.01035	0.05917	0.13732	0.06847	0.02565	0.09729	0.08302	0.04179	0.01132	0.11330	0.00630	0.00883	0.00552	0.00796
1	0.05524	0.01266	0.03878	0.15933	0.02238	0.01297	0.01171	0.09431	0.09682	0.08623	0.15252	0.07978	0.02811	0.08362	0.01042	0.00282	0.00653	0.00929	0.02785	0.00863
2	0.01247	0.01017	0.01545	0.39308	0.03090	0.01194	0.01325	0.01557	0.01335	0.01810	0.01825	0.06072	0.01728	0.21228	0.04923	0.00409	0.00857	0.00832	0.08023	0.00677
3	0.01554	0.01141	0.05822	0.01199	0.01457	0.00986	0.02944	0.07874	0.01533	0.09705	0.02301	0.13916	0.02303	0.18863	0.03749	0.15243	0.00712	0.04044	0.00530	0.04125
4	0.01505	0.00813	0.01039	0.00987	0.01144	0.00767	0.00681	0.01641	0.01458	0.17092	0.08587	0.20960	0.03299	0.30917	0.05433	0.00480	0.00647	0.01237	0.00628	0.00686
5	0.22982	0.01860	0.01880	0.09498	0.02339	0.05676	0.01297	0.39350	0.02546	0.03776	0.01467	0.01594	0.01071	0.00797	0.00650	0.00221	0.00783	0.00574	0.00589	0.01048
6	0.02187	0.01872	0.08571	0.01660	0.02211	0.01806	0.05664	0.22611	0.28332	0.10939	0.02365	0.04751	0.01770	0.00935	0.00745	0.00236	0.00733	0.00780	0.00686	0.01148

[dist]
# distance from previous block
# <min> <max>
0	1

[block]
# block no. 1 follows, 28 sequences, length 121
# corresponding to MSA columns:
# 211-331
name=unknown_B
#
# <colnr> <probs for GDERKNQSTAVLIFYWHMCP>
#	G	D	E	R	K	N	Q	S	T	A	V	L	I	F	Y	W	H	M	C	P
0	0.02889	0.01434	0.07245	0.01330	0.01919	0.01121	0.01172	0.03275	0.04297	0.56821	0.02874	0.02562	0.04645	0.00912	0.00726	0.00222	0.00640	0.00741	0.00817	0.04359
1	0.02812	0.01180	0.01573	0.01238	0.01727	0.01050	0.01010	0.06073	0.02138	0.54506	0.15541	0.03005	0.02739	0.01010	0.00755	0.00225	0.00574	0.00839	0.00873	0.01132
2	0.01555	0.01097	0.03934	0.01124	0.01449	0.00978	0.00915	0.04568	0.09583	0.13479	0.34791	0.07396	0.09079	0.01328	0.00810	0.00233	0.00481	0.03151	0.00757	0.03290
3	0.01403	0.03240	0.57756	0.01935	0.02861	0.01543	0.04785	0.02163	0.01620	0.02395	0.11553	0.02135	0.01819	0.00807	0.00722	0.00231	0.00970	0.00666	0.00383	0.01012
4	0.01813	0.01193	0.01480	0.01154	0.01659	0.00991	0.00913	0.02089	0.01601	0.17643	0.02047	0.12806	0.01805	0.00920	0.00726	0.00173	0.03881	0.00758	0.00569	0.45781
5	0.02539	0.01750	0.01913	0.01523	0.02042	0.01912	0.01240	0.41549	0.17274	0.12705	0.02191	0.02106	0.01559	0.00899	0.00718	0.00222	0.00701	0.00702	0.05270	0.01185
6	0.01863	0.01589	0.01675	0.01490	0.01911	0.01834	0.01164	0.07539	0.64840	0.03130	0.02888	0.02656	0.02162	0.00980	0.00739	0.00245	0.00588	0.00812	0.00739	0.01156
7	0.02473	0.01632	0.01785	0.01421	0.01907	0.01762	0.01157	0.40285	0.09757	0.12879	0.02137	0.02120	0.01529	0.00884	0.00689	0.00213	0.00668	0.00686	0.14891	0.01126
8	0.01943	0.74891	0.03809	0.01244	0.01866	0.02876	0.01244	0.02177	0.01477	0.01710	0.01011	0.01166	0.00933	0.00622	0.00466	0.00155	0.00777	0.00389	0.00311	0.00933
9	0.70389	0.01600	0.07006	0.01062	0.01569	0.01617	0.00958	0.02198	0.01291	0.05432	0.01099	0.01254	0.00833	0.00684	0.00480	0.00225	0.00608	0.00417	0.00453	0.00827
10	0.00886	0.00633	0.00843	0.01012	0.01054	0.00590	0.00675	0.01012	0.01392	0.01856	0.04006	0.73979	0.04808	0.02277	0.00928	0.00295	0.00422	0.02066	0.00675	0.00590
11	0.01840	0.01577	0.01662	0.01486	0.01902	0.01823	0.01158	0.06001	0.66416	0.03093	0.02918	0.02680	0.02186	0.00982	0.00739	0.00246	0.00583	0.00816	0.00739	0.01153
12	0.01034	0.00747	0.00979	0.00931	0.01102	0.00692	0.00705	0.01377	0.02043	0.02886	0.66978	0.05538	0.06755	0.01506	0.00863	0.00233	0.00356	0.03795	0.00795	0.00685
13	0.01647	0.24917	0.40264	0.02024	0.05172	0.02065	0.09916	0.02265	0.01543	0.02129	0.01238	0.01483	0.00954	0.00659	0.00644	0.00209	0.00995	0.00534	0.00317	0.01023
14	0.44535	0.01391	0.01636	0.22314	0.04943	0.01591	0.03790	0.02182	0.01404	0.08369	0.01279	0.01563	0.00950	0.00705	0.00580	0.00230	0.00723	0.00523	0.00444	0.00851
15	0.00859	0.00736	0.00736	0.00736	0.00982	0.00614	0.00552	0.01043	0.01657	0.01964	0.07364	0.06996	0.69624	0.01841	0.00859	0.00245	0.00368	0.01534	0.00675	0.00614
16	0.00974	0.00727	0.00845	0.00861	0.01049	0.00638	0.00628	0.01185	0.01700	0.04119	0.21182	0.22594	0.37214	0.01835	0.00872	0.00253	0.00382	0.01587	0.00711	0.00643
17	0.08675	0.01382	0.01737	0.01349	0.01884	0.01331	0.01115	0.12896	0.02181	0.53045	0.02491	0.02237	0.01609	0.00894	0.00775	0.00228	0.03476	0.00691	0.00819	0.01187
18	0.02475	0.02654	0.02333	0.02537	0.20837	0.36180	0.01626	0.17803	0.02266	0.02597	0.01336	0.01546	0.01065	0.00750	0.00690	0.00202	0.01069	0.00561	0.00453	0.01019
19	0.02010	0.02495	0.07926	0.05776	0.12439	0.24143	0.27419	0.02456	0.01772	0.02116	0.01307	0.01686	0.01032	0.00695	0.00810	0.00224	0.03714	0.00664	0.00361	0.00953
20	0.01263	0.00631	0.00947	0.00947	0.00947	0.00631	0.00631	0.00947	0.00947	0.01263	0.01263	0.02210	0.01263	0.02525	0.02841	0.78851	0.00631	0.00631	0.00316	0.00316
21	0.01943	0.01977	0.01678	0.01442	0.01893	0.21683	0.01116	0.05233	0.21056	0.02443	0.02090	0.04472	0.03700	0.00880	0.00674	0.00192	0.00778	0.02557	0.00537	0.23657
22	0.00872	0.00740	0.00754	0.00761	0.01003	0.00623	0.00578	0.01062	0.01658	0.01972	0.07221	0.07045	0.66957	0.01848	0.00865	0.00249	0.00380	0.04122	0.00675	0.00616
23	0.00942	0.00696	0.00921	0.01018	0.01092	0.00675	0.00709	0.01117	0.01528	0.02075	0.17606	0.54767	0.07158	0.02060	0.00968	0.00281	0.03246	0.01837	0.00687	0.00619
24	0.01882	0.63783	0.11473	0.01349	0.02015	0.02697	0.01407	0.02257	0.04108	0.01831	0.01121	0.01269	0.00982	0.00644	0.00503	0.00168	0.00804	0.00423	0.00327	0.00958
25	0.01509	0.11247	0.63648	0.01985	0.03011	0.01813	0.02534	0.02289	0.01529	0.02240	0.01274	0.01496	0.00922	0.00683	0.00667	0.00222	0.01043	0.00522	0.00307	0.01059
26	0.02651	0.07619	0.02237	0.01697	0.02210	0.23823	0.01370	0.40193	0.05515	0.03444	0.01549	0.01609	0.01162	0.00821	0.00687	0.00205	0.00948	0.00585	0.00589	0.01089
27	0.01494	0.12574	0.58210	0.01900	0.02865	0.01780	0.02388	0.02232	0.01558	0.02263	0.05209	0.01713	0.01265	0.00728	0.00672	0.00221	0.00995	0.00563	0.00336	0.01034
28	0.15888	0.09467	0.02129	0.01545	0.02068	0.15466	0.01270	0.37378	0.02589	0.03532	0.01427	0.01507	0.01071	0.00790	0.00640	0.00207	0.00855	0.00547	0.00570	0.01053
29	0.01973	0.72133	0.03742	0.01268	0.01880	0.05527	0.01250	0.02205	0.01499	0.01713	0.01015	0.01172	0.00933	0.00627	0.00474	0.00157	0.00798	0.00392	0.00313	0.00929
30	0.01263	0.00631	0.00947	0.00947	0.00947	0.00631	0.00631	0.00947	0.00947	0.01263	0.01263	0.02210	0.01263	0.02525	0.02841	0.78851	0.00631	0.00631	0.00316	0.00316
31	0.01781	0.01708	0.02917	0.07412	0.67113	0.01722	0.02222	0.02215	0.01646	0.02352	0.01364	0.01805	0.01144	0.00651	0.00720	0.00217	0.00868	0.00648	0.00358	0.01137
32	0.02763	0.02036	0.02182	0.01672	0.02254	0.02254	0.01382	0.67496	0.03418	0.04581	0.01745	0.01745	0.01236	0.00873	0.00727	0.00218	0.00800	0.00654	0.00727	0.01236
33	0.01590	0.01590	0.02226	0.01908	0.01908	0.02226	0.01590	0.01749	0.01113	0.01749	0.00954	0.01590	0.00954	0.01272	0.02385	0.00318	0.73123	0.00636	0.00318	0.00795
34	0.03261	0.01237	0.01687	0.01293	0.01856	0.01068	0.01068	0.03543	0.02081	0.70423	0.02868	0.02474	0.01799	0.00900	0.00731	0.00225	0.00619	0.00731	0.00900	0.01237
35	0.02965	0.01542	0.01855	0.01441	0.01997	0.01543	0.01184	0.25765	0.08176	0.41867	0.02486	0.02241	0.01639	0.00898	0.00730	0.00224	0.00678	0.00712	0.00826	0.01229
36	0.03147	0.01420	0.01800	0.01380	0.01947	0.01339	0.01140	0.18164	0.02386	0.55369	0.02611	0.02307	0.01671	0.00893	0.00730	0.00223	0.00660	0.00713	0.00860	0.01237
37	0.00879	0.00737	0.00764	0.00757	0.00994	0.00622	0.00568	0.01081	0.01703	0.02074	0.14547	0.06815	0.62373	0.01800	0.00859	0.00244	0.00365	0.01509	0.00689	0.00622
38	0.03216	0.01310	0.01732	0.01328	0.01892	0.01176	0.01097	0.09357	0.02202	0.64437	0.02766	0.02408	0.01748	0.00897	0.00731	0.00224	0.00635	0.00724	0.00884	0.01237
39	0.01685	0.01911	0.04161	0.02987	0.03697	0.01792	0.64796	0.02279	0.01704	0.02311	0.01565	0.04646	0.01241	0.00675	0.00860	0.00247	0.01196	0.00903	0.00379	0.00966
40	0.02763	0.02036	0.02182	0.01672	0.02254	0.02254	0.01382	0.67496	0.03418	0.04581	0.01745	0.01745	0.01236	0.00873	0.00727	0.00218	0.00800	0.00654	0.00727	0.01236
41	0.00877	0.00737	0.00761	0.00755	0.00993	0.00621	0.00566	0.01078	0.01699	0.02064	0.13908	0.06831	0.63018	0.01804	0.00859	0.00244	0.00366	0.01511	0.00688	0.00621
42	0.01723	0.04618	0.02987	0.04899	0.02697	0.04471	0.24150	0.04579	0.01469	0.02063	0.01183	0.01711	0.01015	0.00967	0.01601	0.00276	0.37657	0.00698	0.00353	0.00883
43	0.00935	0.00671	0.00888	0.00979	0.01065	0.00623	0.00679	0.01136	0.01621	0.02220	0.26523	0.50425	0.05512	0.02005	0.00904	0.00272	0.00395	0.01808	0.00718	0.00623
44	0.00865	0.00737	0.00745	0.00743	0.00985	0.00616	0.00557	0.01055	0.01671	0.01997	0.09516	0.06941	0.67452	0.01829	0.00859	0.00245	0.00367	0.01527	0.00679	0.00616
45	0.01799	0.01727	0.02950	0.04462	0.69919	0.01727	0.02231	0.02231	0.01655	0.02375	0.01367	0.01799	0.01151	0.00648	0.00720	0.00216	0.00864	0.00648	0.00360	0.01151
46	0.01624	0.01549	0.02634	0.32459	0.43289	0.01681	0.02144	0.02078	0.01572	0.02162	0.01336	0.01856	0.01077	0.00680	0.00723	0.00227	0.00907	0.00647	0.00345	0.01010
47	0.01373	0.01292	0.02180	0.72707	0.05006	0.01615	0.02019	0.01857	0.01453	0.01857	0.01292	0.01938	0.00969	0.00727	0.00727	0.00242	0.00969	0.00646	0.00323	0.00807
48	0.00886	0.00633	0.00843	0.01012	0.01054	0.00590	0.00675	0.01012	0.01392	0.01856	0.04006	0.73979	0.04808	0.02277	0.00928	0.00295	0.00422	0.02066	0.00675	0.00590
49	0.01724	0.01881	0.03895	0.05834	0.19692	0.01804	0.49404	0.02289	0.01692	0.02323	0.01440	0.01921	0.01110	0.00625	0.00820	0.00238	0.01130	0.00800	0.00364	0.01015
50	0.01263	0.00631	0.00947	0.00947	0.00947	0.00631	0.00631	0.00947	0.00947	0.01263	0.01263	0.02210	0.01263	0.02525	0.02841	0.78851	0.00631	0.00631	0.00316	0.00316
51	0.01762	0.01951	0.10403	0.04199	0.62573	0.01723	0.02281	0.02239	0.01642	0.02367	0.01360	0.01770	0.01126	0.00652	0.00716	0.00217	0.00887	0.00636	0.00354	0.01143
52	0.01787	0.01707	0.02709	0.16796	0.51000	0.03889	0.02098	0.04787	0.03842	0.02368	0.01412	0.01837	0.01149	0.00685	0.00720	0.00221	0.00885	0.00648	0.00380	0.01082
53	0.00886	0.00633	0.00843	0.01012	0.01054	0.00590	0.00675	0.01012	0.01392	0.01856	0.04006	0.73979	0.04808	0.02277	0.00928	0.00295	0.00422	0.02066	0.00675	0.00590
54	0.01259	0.01179	0.05402	0.01779	0.12174	0.03149	0.01290	0.01588	0.01634	0.02158	0.05871	0.19003	0.06654	0.01705	0.00904	0.00290	0.00670	0.31938	0.00597	0.00756
55	0.04745	0.08666	0.01292	0.00980	0.01212	0.00981	0.00781	0.01483	0.01871	0.02661	0.49921	0.04784	0.07498	0.01646	0.05365	0.00286	0.00518	0.03900	0.00696	0.00711
56	0.01387	0.01307	0.02206	0.70418	0.07183	0.01619	0.02026	0.01870	0.01460	0.01875	0.01295	0.01933	0.00975	0.00724	0.00727	0.00241	0.00965	0.00646	0.00324	0.00819
57	0.00892	0.00638	0.00849	0.01008	0.01056	0.00595	0.00675	0.01029	0.01422	0.01904	0.07024	0.70823	0.04902	0.02241	0.00925	0.00292	0.00418	0.02032	0.00681	0.00595
58	0.01916	0.33358	0.20654	0.04213	0.12596	0.04347	0.01791	0.05317	0.01660	0.06072	0.01294	0.01488	0.01028	0.00678	0.00604	0.00194	0.00881	0.00509	0.00373	0.01027
59	0.01002	0.00726	0.00959	0.01034	0.01164	0.00683	0.00784	0.01260	0.01719	0.02330	0.28617	0.29644	0.09176	0.01896	0.00915	0.00276	0.00445	0.16004	0.00720	0.00645
60	0.00886	0.00633	0.00843	0.01012	0.01054	0.00590	0.00675	0.01012	0.01392	0.01856	0.04006	0.73979	0.04808	0.02277	0.00928	0.00295	0.00422	0.02066	0.00675	0.00590
61	0.02763	0.02036	0.02182	0.01672	0.02254	0.02254	0.01382	0.67496	0.03418	0.04581	0.01745	0.01745	0.01236	0.00873	0.00727	0.00218	0.00800	0.00654	0.00727	0.01236
62	0.02421	0.01124	0.01451	0.01181	0.01587	0.01038	0.00933	0.06478	0.04641	0.40907	0.18035	0.03370	0.03037	0.09128	0.01087	0.00279	0.00574	0.00900	0.00810	0.01020
63	0.01607	0.02722	0.32377	0.02644	0.03523	0.01775	0.39955	0.02317	0.01639	0.02317	0.01400	0.01781	0.01026	0.00646	0.00787	0.00239	0.01162	0.00722	0.00342	0.01020
64	0.00895	0.00648	0.00846	0.00986	0.01052	0.00599	0.00668	0.01042	0.01461	0.01945	0.09322	0.64255	0.09219	0.02187	0.00918	0.00287	0.00412	0.01973	0.00685	0.00599
65	0.08162	0.03268	0.08485	0.01809	0.02257	0.57097	0.01471	0.02827	0.04541	0.01986	0.01204	0.01377	0.00974	0.00747	0.00647	0.00196	0.01205	0.00483	0.00388	0.00873
66	0.01799	0.01727	0.02950	0.04462	0.69919	0.01727	0.02231	0.02231	0.01655	0.02375	0.01367	0.01799	0.01151	0.00648	0.00720	0.00216	0.00864	0.00648	0.00360	0.01151
67	0.02077	0.01477	0.06623	0.01233	0.01883	0.01089	0.01073	0.04301	0.01740	0.23265	0.01789	0.01812	0.01291	0.00670	0.00614	0.00156	0.00610	0.00537	0.00574	0.47187
68	0.02014	0.65089	0.03576	0.01331	0.01907	0.10083	0.01271	0.02240	0.01527	0.01719	0.01021	0.01195	0.00934	0.00656	0.00546	0.00164	0.03088	0.00405	0.00318	0.00919
69	0.00886	0.00633	0.00843	0.01012	0.01054	0.00590	0.00675	0.01012	0.01392	0.01856	0.04006	0.73979	0.04808	0.02277	0.00928	0.00295	0.00422	0.02066	0.00675	0.00590
70	0.01263	0.00631	0.00947	0.00947	0.00947	0.00631	0.00631	0.00947	0.00947	0.01263	0.01263	0.02210	0.01263	0.02525	0.02841	0.78851	0.00631	0.00631	0.00316	0.00316
71	0.04725	0.59142	0.06063	0.01358	0.01955	0.12818	0.01308	0.02286	0.01556	0.01797	0.01039	0.01202	0.00928	0.00645	0.00502	0.00165	0.00859	0.00406	0.00325	0.00920
72	0.01972	0.72228	0.03744	0.01267	0.01880	0.05436	0.01250	0.02204	0.01499	0.01713	0.01015	0.01171	0.00933	0.00627	0.00473	0.00157	0.00797	0.00392	0.00313	0.00929
73	0.01507	0.01292	0.01507	0.01077	0.01723	0.00969	0.00861	0.01830	0.01507	0.02369	0.01292	0.01507	0.01077	0.00538	0.00538	0.00108	0.00538	0.00431	0.00431	0.78898
74	0.01360	0.01044	0.01242	0.01105	0.01361	0.05176	0.03379	0.01788	0.06023	0.07827	0.48285	0.04790	0.11015	0.01363	0.00828	0.00229	0.00474	0.01190	0.00750	0.00770
75	0.01579	0.01588	0.02136	0.09279	0.02202	0.05259	0.01575	0.01776	0.01203	0.01763	0.01125	0.03894	0.01103	0.01362	0.04411	0.00332	0.57611	0.00678	0.00335	0.00787
76	0.03261	0.01237	0.01687	0.01293	0.01856	0.01068	0.01068	0.03543	0.02081	0.70423	0.02868	0.02474	0.01799	0.00900	0.00731	0.00225	0.00619	0.00731	0.00900	0.01237
77	0.79588	0.01406	0.01068	0.00956	0.01406	0.01631	0.00787	0.02137	0.01237	0.03261	0.01012	0.01181	0.00787	0.00675	0.00450	0.00225	0.00562	0.00394	0.00450	0.00787
78	0.01828	0.01794	0.02886	0.06453	0.64795	0.04938	0.02186	0.02250	0.01668	0.02331	0.01354	0.01781	0.01136	0.00655	0.00717	0.00215	0.00887	0.00639	0.00359	0.01127
79	0.00859	0.00736	0.00736	0.00736	0.00982	0.00614	0.00552	0.01043	0.01657	0.01964	0.07364	0.06996	0.69624	0.01841	0.00859	0.00245	0.00368	0.01534	0.00675	0.00614
80	0.02758	0.02184	0.02169	0.01693	0.02253	0.09447	0.01384	0.60790	0.03277	0.04290	0.01681	0.01700	0.01205	0.00860	0.00720	0.00215	0.00853	0.00635	0.00691	0.01195
81	0.01373	0.01292	0.02180	0.72707	0.05006	0.01615	0.02019	0.01857	0.01453	0.01857	0.01292	0.01938	0.00969	0.00727	0.00727	0.00242	0.00969	0.00646	0.00323	0.00807
82	0.01458	0.03760	0.70688	0.02072	0.03146	0.01688	0.02686	0.02302	0.01535	0.02302	0.01304	0.01535	0.00921	0.00691	0.00691	0.00230	0.01074	0.00537	0.00307	0.01074
83	0.01571	0.01562	0.02189	0.01882	0.01887	0.02180	0.01566	0.01733	0.01115	0.01747	0.00989	0.01635	0.00985	0.01420	0.04823	0.00348	0.70616	0.00641	0.00321	0.00790
84	0.79588	0.01406	0.01068	0.00956	0.01406	0.01631	0.00787	0.02137	0.01237	0.03261	0.01012	0.01181	0.00787	0.00675	0.00450	0.00225	0.00562	0.00394	0.00450	0.00787
85	0.02650	0.01962	0.02144	0.04438	0.02334	0.02176	0.01399	0.62469	0.03276	0.04385	0.01806	0.01993	0.01336	0.00909	0.00737	0.00223	0.00802	0.03054	0.00709	0.01198
86	0.00884	0.00637	0.00839	0.01000	0.01051	0.00591	0.00669	0.01013	0.01403	0.01860	0.04152	0.71084	0.07610	0.02258	0.00925	0.00293	0.00419	0.02043	0.00675	0.00591
87	0.01205	0.00902	0.01169	0.01274	0.01455	0.00928	0.01047	0.01759	0.11690	0.02288	0.07539	0.19542	0.04160	0.01875	0.00942	0.00308	0.00590	0.39910	0.00688	0.00728
88	0.44119	0.01952	0.01438	0.01263	0.01699	0.20763	0.01001	0.05302	0.01657	0.09917	0.01322	0.01436	0.00995	0.00734	0.00550	0.00212	0.00775	0.00472	0.03527	0.00865
89	0.01799	0.01727	0.02950	0.04462	0.69919	0.01727	0.02231	0.02231	0.01655	0.02375	0.01367	0.01799	0.01151	0.00648	0.00720	0.00216	0.00864	0.00648	0.00360	0.01151
90	0.01134	0.00827	0.01142	0.03430	0.01504	0.00820	0.01069	0.01469	0.01746	0.02311	0.17655	0.07375	0.07472	0.01852	0.00959	0.00306	0.00597	0.46972	0.00686	0.00675
91	0.01708	0.02151	0.17613	0.06612	0.52897	0.01714	0.02321	0.02232	0.01621	0.02339	0.01351	0.01747	0.01094	0.00660	0.00714	0.00220	0.00913	0.00624	0.00347	0.01121
92	0.16275	0.18397	0.34495	0.01565	0.02329	0.01829	0.01790	0.02240	0.01508	0.06290	0.03392	0.04249	0.01269	0.00767	0.00613	0.00215	0.00842	0.00569	0.00397	0.00970
93	0.01012	0.00742	0.00948	0.00897	0.01075	0.00679	0.00672	0.01339	0.02017	0.02819	0.63257	0.05588	0.13198	0.01522	0.00858	0.00230	0.00345	0.01337	0.00788	0.00679
94	0.01646	0.01617	0.01829	0.05003	0.19195	0.15197	0.01481	0.02022	0.03796	0.02143	0.02673	0.07058	0.04865	0.01333	0.00835	0.00264	0.00836	0.26844	0.00521	0.00842
95	0.08667	0.03948	0.01681	0.01293	0.01797	0.03891	0.01056	0.03286	0.11979	0.46307	0.06461	0.02493	0.02015	0.00914	0.00706	0.00225	0.00623	0.00731	0.00795	0.01133
96	0.00988	0.00702	0.00823	0.00853	0.00918	0.00678	0.00543	0.01074	0.01277	0.01676	0.06566	0.18444	0.14652	0.40746	0.06469	0.00552	0.00648	0.01330	0.00539	0.00522
97	0.01458	0.03760	0.70688	0.02072	0.03146	0.01688	0.02686	0.02302	0.01535	0.02302	0.01304	0.01535	0.00921	0.00691	0.00691	0.00230	0.01074	0.00537	0.00307	0.01074
98	0.01600	0.01736	0.03579	0.26507	0.04205	0.01763	0.45311	0.02170	0.01627	0.02170	0.01410	0.01953	0.01058	0.00651	0.00814	0.00244	0.01139	0.00787	0.00353	0.00922
99	0.01470	0.03677	0.67630	0.02118	0.03176	0.01695	0.05660	0.02303	0.01543	0.02303	0.01312	0.01554	0.00929	0.00687	0.00698	0.00231	0.01081	0.00552	0.00310	0.01070
100	0.00886	0.00633	0.00843	0.01012	0.01054	0.00590	0.00675	0.01012	0.01392	0.01856	0.04006	0.73979	0.04808	0.02277	0.00928	0.00295	0.00422	0.02066	0.00675	0.00590
101	0.00923	0.00673	0.00856	0.00946	0.01037	0.00620	0.00649	0.01096	0.01548	0.02072	0.18519	0.47179	0.12803	0.06224	0.01065	0.00299	0.00415	0.01782	0.00688	0.00605
102	0.01458	0.03760	0.70688	0.02072	0.03146	0.01688	0.02686	0.02302	0.01535	0.02302	0.01304	0.01535	0.00921	0.00691	0.00691	0.00230	0.01074	0.00537	0.00307	0.01074
103	0.01565	0.01553	0.02178	0.01874	0.01880	0.02166	0.01559	0.01729	0.01116	0.01747	0.01000	0.01649	0.00994	0.01465	0.05572	0.00357	0.69846	0.00643	0.00321	0.00788
104	0.00866	0.00737	0.00746	0.00743	0.00986	0.00616	0.00558	0.01056	0.01673	0.02001	0.09794	0.06934	0.67171	0.01827	0.00859	0.00245	0.00367	0.01526	0.00680	0.00616
105	0.01921	0.71616	0.06888	0.01282	0.01925	0.02822	0.01310	0.02182	0.01480	0.01737	0.01024	0.01183	0.00932	0.00625	0.00477	0.00159	0.00791	0.00396	0.00311	0.00939
106	0.01160	0.00829	0.01159	0.01326	0.01488	0.00827	0.01152	0.01487	0.01662	0.02163	0.03855	0.10761	0.04208	0.02019	0.01001	0.00333	0.00660	0.62575	0.00670	0.00666
107	0.00876	0.00718	0.00772	0.00800	0.01002	0.00614	0.00584	0.01060	0.01635	0.02009	0.11031	0.19303	0.53280	0.01897	0.00872	0.00254	0.00376	0.01618	0.00684	0.00614
108	0.01799	0.01727	0.02950	0.04462	0.69919	0.01727	0.02231	0.02231	0.01655	0.02375	0.01367	0.01799	0.01151	0.00648	0.00720	0.00216	0.00864	0.00648	0.00360	0.01151
109	0.00886	0.00633	0.00843	0.01012	0.01054	0.00590	0.00675	0.01012	0.01392	0.01856	0.04006	0.73979	0.04808	0.02277	0.00928	0.00295	0.00422	0.02066	0.00675	0.00590
110	0.03261	0.01237	0.01687	0.01293	0.01856	0.01068	0.01068	0.03543	0.02081	0.70423	0.02868	0.02474	0.01799	0.00900	0.00731	0.00225	0.00619	0.00731	0.00900	0.01237
111	0.01451	0.01385	0.02382	0.59624	0.14702	0.01641	0.04710	0.01933	0.01494	0.01954	0.01311	0.01918	0.01002	0.00710	0.00731	0.00238	0.00964	0.00655	0.00330	0.00866
112	0.01458	0.03760	0.70688	0.02072	0.03146	0.01688	0.02686	0.02302	0.01535	0.02302	0.01304	0.01535	0.00921	0.00691	0.00691	0.00230	0.01074	0.00537	0.00307	0.01074
113	0.01458	0.03760	0.70688	0.02072	0.03146	0.01688	0.02686	0.02302	0.01535	0.02302	0.01304	0.01535	0.00921	0.00691	0.00691	0.00230	0.01074	0.00537	0.00307	0.01074
114	0.02598	0.10140	0.04778	0.01813	0.02245	0.59772	0.01436	0.05338	0.02039	0.01902	0.01144	0.01323	0.00947	0.00740	0.00642	0.00187	0.01232	0.00471	0.00380	0.00875
115	0.01943	0.74891	0.03809	0.01244	0.01866	0.02876	0.01244	0.02177	0.01477	0.01710	0.01011	0.01166	0.00933	0.00622	0.00466	0.00155	0.00777	0.00389	0.00311	0.00933
116	0.04632	0.01451	0.01676	0.01339	0.01849	0.01444	0.01076	0.12984	0.17623	0.18379	0.02186	0.04574	0.01651	0.00870	0.00738	0.00202	0.03299	0.00690	0.00661	0.22676
117	0.01603	0.14350	0.56750	0.01937	0.02903	0.05900	0.02397	0.02318	0.01556	0.02184	0.01250	0.01467	0.00924	0.00684	0.00655	0.00217	0.01044	0.00511	0.00311	0.01040
118	0.00902	0.00644	0.00862	0.01031	0.01080	0.00605	0.00703	0.01041	0.01408	0.01874	0.03997	0.70179	0.04772	0.02262	0.00932	0.00297	0.00436	0.05704	0.00674	0.00595
119	0.01458	0.03760	0.70688	0.02072	0.03146	0.01688	0.02686	0.02302	0.01535	0.02302	0.01304	0.01535	0.00921	0.00691	0.00691	0.00230	0.01074	0.00537	0.00307	0.01074
120	0.02237	0.01642	0.01806	0.01487	0.01918	0.01788	0.01183	0.48852	0.02850	0.03817	0.02379	0.22002	0.02238	0.01267	0.00783	0.00240	0.00694	0.01050	0.00712	0.01055

[dist]
# distance from previous block
# <min> <max>
0	13

[block]
# block no. 2 follows, 28 sequences, length 76
# corresponding to MSA columns:
# 345-420
name=unknown_C
#
# <colnr> <probs for GDERKNQSTAVLIFYWHMCP>
#	G	D	E	R	K	N	Q	S	T	A	V	L	I	F	Y	W	H	M	C	P
0	0.01458	0.03760	0.70688	0.02072	0.03146	0.01688	0.02686	0.02302	0.01535	0.02302	0.01304	0.01535	0.00921	0.00691	0.00691	0.00230	0.01074	0.00537	0.00307	0.01074
1	0.02552	0.01931	0.02062	0.01630	0.02174	0.02155	0.01330	0.53406	0.17852	0.04240	0.02014	0.01959	0.01454	0.00898	0.00730	0.00224	0.00750	0.00692	0.00730	0.01217
2	0.01029	0.00750	0.00987	0.01090	0.01207	0.00729	0.00815	0.01347	0.05018	0.02216	0.17955	0.40595	0.04972	0.01980	0.00921	0.00288	0.00469	0.16270	0.00704	0.00657
3	0.01933	0.02052	0.05834	0.03871	0.53378	0.10357	0.04580	0.04983	0.01774	0.02386	0.01354	0.01731	0.01116	0.00670	0.00716	0.00214	0.00939	0.00629	0.00375	0.01107
4	0.03071	0.01220	0.01642	0.01278	0.01811	0.01074	0.01049	0.03425	0.04668	0.63756	0.06866	0.02660	0.02119	0.00938	0.00739	0.00226	0.00600	0.00769	0.00887	0.01201
5	0.00897	0.00641	0.00857	0.01026	0.01073	0.00601	0.00695	0.01033	0.01403	0.01869	0.04000	0.71255	0.04782	0.02266	0.00931	0.00297	0.00432	0.04674	0.00675	0.00594
6	0.01046	0.00719	0.00915	0.01023	0.01128	0.00678	0.00713	0.01268	0.04192	0.05015	0.04185	0.56169	0.10938	0.04463	0.00998	0.00300	0.00451	0.04477	0.00680	0.00643
7	0.08517	0.12260	0.08010	0.22731	0.11449	0.09626	0.01702	0.05258	0.07208	0.02269	0.01368	0.01688	0.01079	0.00743	0.00710	0.00220	0.03254	0.00574	0.00394	0.00940
8	0.01117	0.00819	0.01096	0.01234	0.01415	0.00798	0.01064	0.01426	0.01671	0.02139	0.04458	0.07991	0.15518	0.01979	0.00979	0.00319	0.00617	0.54030	0.00670	0.00660
9	0.01373	0.01292	0.02180	0.72707	0.05006	0.01615	0.02019	0.01857	0.01453	0.01857	0.01292	0.01938	0.00969	0.00727	0.00727	0.00242	0.00969	0.00646	0.00323	0.00807
10	0.01383	0.01314	0.02237	0.63525	0.07712	0.01584	0.04639	0.01857	0.01483	0.01905	0.01576	0.02160	0.04072	0.00769	0.00738	0.00241	0.00948	0.00695	0.00342	0.00821
11	0.02079	0.16562	0.02172	0.01596	0.04847	0.27348	0.01218	0.08036	0.07778	0.02336	0.13821	0.02343	0.02225	0.03679	0.00787	0.00217	0.00879	0.00684	0.00503	0.00891
12	0.02366	0.01615	0.01809	0.01440	0.01916	0.01718	0.01177	0.43244	0.02886	0.11375	0.14437	0.02946	0.05507	0.01068	0.00766	0.00226	0.00673	0.02986	0.00755	0.01090
13	0.01765	0.01813	0.06366	0.07028	0.63966	0.01721	0.02246	0.02220	0.01641	0.02351	0.01361	0.01791	0.01132	0.00653	0.00718	0.00218	0.00878	0.00642	0.00356	0.01134
14	0.01577	0.07545	0.59560	0.02061	0.03065	0.01740	0.06931	0.02348	0.01566	0.05075	0.01364	0.01582	0.00970	0.00690	0.00691	0.00227	0.01049	0.00559	0.00336	0.01067
15	0.01799	0.01727	0.02950	0.04462	0.69919	0.01727	0.02231	0.02231	0.01655	0.02375	0.01367	0.01799	0.01151	0.00648	0.00720	0.00216	0.00864	0.00648	0.00360	0.01151
16	0.01458	0.03760	0.70688	0.02072	0.03146	0.01688	0.02686	0.02302	0.01535	0.02302	0.01304	0.01535	0.00921	0.00691	0.00691	0.00230	0.01074	0.00537	0.00307	0.01074
17	0.00966	0.00713	0.00913	0.01053	0.01127	0.00696	0.00716	0.01259	0.07222	0.01958	0.03916	0.67798	0.04583	0.02165	0.00911	0.00291	0.00435	0.01959	0.00680	0.00639
18	0.01509	0.09611	0.62343	0.02044	0.03067	0.01793	0.05262	0.02293	0.01537	0.02254	0.01287	0.01522	0.00929	0.00682	0.00679	0.00225	0.01056	0.00538	0.00310	0.01059
19	0.03261	0.01237	0.01687	0.01293	0.01856	0.01068	0.01068	0.03543	0.02081	0.70423	0.02868	0.02474	0.01799	0.00900	0.00731	0.00225	0.00619	0.00731	0.00900	0.01237
20	0.00897	0.00641	0.00856	0.01025	0.01072	0.00600	0.00694	0.01032	0.01403	0.01868	0.04000	0.71387	0.04783	0.02267	0.00931	0.00297	0.00431	0.04548	0.00675	0.00594
21	0.00886	0.00633	0.00843	0.01012	0.01054	0.00590	0.00675	0.01012	0.01392	0.01856	0.04006	0.73979	0.04808	0.02277	0.00928	0.00295	0.00422	0.02066	0.00675	0.00590
22	0.05953	0.01607	0.01878	0.01454	0.02014	0.01641	0.01198	0.31545	0.05373	0.36164	0.02307	0.02114	0.01530	0.00883	0.00719	0.00223	0.00694	0.00688	0.00800	0.01216
23	0.61721	0.01495	0.04723	0.01074	0.01576	0.01531	0.00935	0.02401	0.01406	0.15437	0.01365	0.01434	0.00978	0.00717	0.00513	0.00225	0.00599	0.00462	0.00524	0.00884
24	0.01490	0.08454	0.66275	0.02017	0.03062	0.01767	0.02591	0.02294	0.01531	0.02263	0.01285	0.01510	0.00922	0.00686	0.00676	0.00225	0.01055	0.00527	0.00307	0.01065
25	0.01842	0.02064	0.02689	0.02175	0.02459	0.17394	0.19332	0.02129	0.01499	0.01918	0.01266	0.04807	0.01160	0.01022	0.01524	0.00268	0.34524	0.00722	0.00360	0.00847
26	0.01943	0.74891	0.03809	0.01244	0.01866	0.02876	0.01244	0.02177	0.01477	0.01710	0.01011	0.01166	0.00933	0.00622	0.00466	0.00155	0.00777	0.00389	0.00311	0.00933
27	0.02177	0.01755	0.01878	0.01485	0.01988	0.05582	0.01204	0.35652	0.04707	0.03390	0.01635	0.01822	0.01272	0.01348	0.09121	0.00307	0.03844	0.00610	0.00581	0.19642
28	0.01398	0.00732	0.00742	0.00721	0.00900	0.00741	0.00540	0.04261	0.01580	0.02730	0.02343	0.02756	0.01871	0.03878	0.00648	0.00193	0.00372	0.00692	0.72212	0.00690
29	0.02661	0.01969	0.02124	0.01634	0.02204	0.02163	0.01347	0.62908	0.03274	0.04406	0.01734	0.01770	0.01248	0.01000	0.02895	0.00243	0.00825	0.00650	0.00705	0.04240
30	0.01355	0.00678	0.00678	0.00678	0.00847	0.00678	0.00508	0.01694	0.01524	0.02710	0.02371	0.02710	0.01863	0.00847	0.00508	0.00169	0.00339	0.00678	0.78489	0.00678
31	0.01043	0.00759	0.01068	0.01068	0.01163	0.00854	0.00784	0.01234	0.01139	0.01613	0.02039	0.03363	0.02037	0.23851	0.53475	0.01045	0.01616	0.00853	0.00403	0.00593
32	0.00866	0.00737	0.00745	0.00743	0.00986	0.00616	0.00557	0.01056	0.01672	0.02000	0.09721	0.06936	0.67245	0.01827	0.00859	0.00245	0.00367	0.01526	0.00680	0.00616
33	0.01458	0.03760	0.70688	0.02072	0.03146	0.01688	0.02686	0.02302	0.01535	0.02302	0.01304	0.01535	0.00921	0.00691	0.00691	0.00230	0.01074	0.00537	0.00307	0.01074
34	0.01029	0.00743	0.00972	0.00914	0.01086	0.00686	0.00686	0.01372	0.02058	0.02915	0.69536	0.05430	0.06859	0.01486	0.00857	0.00229	0.00343	0.01315	0.00800	0.00686
35	0.01716	0.01961	0.04289	0.03064	0.03799	0.01838	0.67279	0.02328	0.01716	0.02328	0.01471	0.01961	0.01103	0.00613	0.00858	0.00245	0.01225	0.00858	0.00368	0.00980
36	0.03202	0.01332	0.01746	0.01339	0.01903	0.01210	0.01106	0.11177	0.02240	0.62563	0.02734	0.02387	0.01732	0.00896	0.00731	0.00224	0.00640	0.00722	0.00879	0.01237
37	0.79588	0.01406	0.01068	0.00956	0.01406	0.01631	0.00787	0.02137	0.01237	0.03261	0.01012	0.01181	0.00787	0.00675	0.00450	0.00225	0.00562	0.00394	0.00450	0.00787
38	0.03261	0.01237	0.01687	0.01293	0.01856	0.01068	0.01068	0.03543	0.02081	0.70423	0.02868	0.02474	0.01799	0.00900	0.00731	0.00225	0.00619	0.00731	0.00900	0.01237
39	0.79588	0.01406	0.01068	0.00956	0.01406	0.01631	0.00787	0.02137	0.01237	0.03261	0.01012	0.01181	0.00787	0.00675	0.00450	0.00225	0.00562	0.00394	0.00450	0.00787
40	0.79588	0.01406	0.01068	0.00956	0.01406	0.01631	0.00787	0.02137	0.01237	0.03261	0.01012	0.01181	0.00787	0.00675	0.00450	0.00225	0.00562	0.00394	0.00450	0.00787
41	0.01808	0.01561	0.01644	0.01479	0.01890	0.01808	0.01151	0.03863	0.68606	0.03041	0.02959	0.02712	0.02219	0.00986	0.00740	0.00247	0.00575	0.00822	0.00740	0.01151
42	0.01458	0.03760	0.70688	0.02072	0.03146	0.01688	0.02686	0.02302	0.01535	0.02302	0.01304	0.01535	0.00921	0.00691	0.00691	0.00230	0.01074	0.00537	0.00307	0.01074
43	0.02763	0.02036	0.02182	0.01672	0.02254	0.02254	0.01382	0.67496	0.03418	0.04581	0.01745	0.01745	0.01236	0.00873	0.00727	0.00218	0.00800	0.00654	0.00727	0.01236
44	0.01647	0.01646	0.01445	0.01503	0.01734	0.22623	0.01243	0.01936	0.01792	0.02053	0.03009	0.06077	0.03183	0.01620	0.00897	0.00289	0.00867	0.45132	0.00578	0.00723
45	0.01943	0.74891	0.03809	0.01244	0.01866	0.02876	0.01244	0.02177	0.01477	0.01710	0.01011	0.01166	0.00933	0.00622	0.00466	0.00155	0.00777	0.00389	0.00311	0.00933
46	0.01263	0.00631	0.00947	0.00947	0.00947	0.00631	0.00631	0.00947	0.00947	0.01263	0.01263	0.02210	0.01263	0.02525	0.02841	0.78851	0.00631	0.00631	0.00316	0.00316
47	0.03261	0.01237	0.01687	0.01293	0.01856	0.01068	0.01068	0.03543	0.02081	0.70423	0.02868	0.02474	0.01799	0.00900	0.00731	0.00225	0.00619	0.00731	0.00900	0.01237
48	0.05935	0.01696	0.04128	0.01682	0.06889	0.01672	0.01309	0.31643	0.02557	0.29108	0.02117	0.02096	0.01462	0.03327	0.00815	0.00238	0.00732	0.00682	0.00732	0.01180
49	0.01171	0.00837	0.01171	0.01339	0.01506	0.00837	0.01171	0.01506	0.01673	0.02175	0.03849	0.08199	0.04183	0.02008	0.01004	0.00335	0.00669	0.65027	0.00669	0.00669
50	0.01020	0.00743	0.00960	0.00905	0.01081	0.00682	0.00679	0.01355	0.02037	0.02867	0.66373	0.05509	0.10052	0.01504	0.00857	0.00229	0.00344	0.01326	0.00794	0.00682
51	0.01159	0.00828	0.01157	0.01324	0.01486	0.00826	0.01150	0.01484	0.01661	0.02161	0.03856	0.11088	0.04211	0.02020	0.01001	0.00333	0.00658	0.62262	0.00670	0.00666
52	0.01716	0.05318	0.16178	0.02765	0.03543	0.04496	0.50421	0.02339	0.01686	0.02278	0.01409	0.01827	0.01057	0.00632	0.00804	0.00237	0.01183	0.00766	0.00355	0.00990
53	0.01171	0.00837	0.01171	0.01339	0.01506	0.00837	0.01171	0.01506	0.01673	0.02175	0.03849	0.08199	0.04183	0.02008	0.01004	0.00335	0.00669	0.65027	0.00669	0.00669
54	0.01038	0.00779	0.01168	0.01168	0.01298	0.00909	0.00909	0.01298	0.01168	0.01687	0.01947	0.02856	0.01817	0.05452	0.71573	0.01168	0.01947	0.00779	0.00389	0.00649
55	0.01762	0.01688	0.02863	0.04315	0.67204	0.01683	0.02165	0.02184	0.01655	0.02359	0.01603	0.02004	0.03848	0.00695	0.00725	0.00217	0.00844	0.00683	0.00372	0.01130
56	0.01651	0.01260	0.01457	0.01369	0.01671	0.01361	0.01095	0.18268	0.18021	0.02944	0.06104	0.18685	0.03235	0.01516	0.00850	0.00272	0.00614	0.18012	0.00707	0.00909
57	0.01263	0.00631	0.00947	0.00947	0.00947	0.00631	0.00631	0.00947	0.00947	0.01263	0.01263	0.02210	0.01263	0.02525	0.02841	0.78851	0.00631	0.00631	0.00316	0.00316
58	0.03261	0.01237	0.01687	0.01293	0.01856	0.01068	0.01068	0.03543	0.02081	0.70423	0.02868	0.02474	0.01799	0.00900	0.00731	0.00225	0.00619	0.00731	0.00900	0.01237
59	0.01705	0.02035	0.07013	0.03023	0.03772	0.01832	0.64630	0.02327	0.01708	0.02327	0.01464	0.01943	0.01095	0.00616	0.00851	0.00244	0.01219	0.00845	0.00365	0.00984
60	0.01426	0.01366	0.02318	0.60839	0.08024	0.01676	0.04934	0.01889	0.01450	0.01897	0.01279	0.01906	0.00983	0.00758	0.00856	0.00247	0.06339	0.00655	0.00327	0.00832
61	0.01472	0.01397	0.02346	0.55317	0.18647	0.01664	0.02046	0.01932	0.01482	0.01963	0.01294	0.01894	0.01007	0.00732	0.00794	0.00240	0.03917	0.00646	0.00331	0.00880
62	0.65430	0.01464	0.01411	0.01594	0.13876	0.01648	0.01050	0.02154	0.01313	0.03100	0.01077	0.01293	0.00854	0.00670	0.00499	0.00223	0.00617	0.00440	0.00433	0.00854
63	0.01043	0.00760	0.01072	0.01072	0.01169	0.00857	0.00789	0.01237	0.01140	0.01617	0.02035	0.03341	0.02028	0.23049	0.54264	0.01050	0.01630	0.00850	0.00402	0.00596
64	0.31603	0.01679	0.01996	0.08617	0.23506	0.04054	0.01480	0.14063	0.01812	0.03049	0.01286	0.01550	0.01005	0.00709	0.00617	0.00221	0.00761	0.00546	0.00458	0.00987
65	0.01027	0.00747	0.00969	0.00924	0.01099	0.00689	0.00700	0.01363	0.02024	0.02841	0.63996	0.05616	0.09571	0.01524	0.00864	0.00234	0.00358	0.03984	0.00789	0.00682
66	0.01997	0.01616	0.01756	0.01581	0.04210	0.01822	0.01205	0.16099	0.48960	0.05218	0.02847	0.02662	0.04754	0.00985	0.00741	0.00239	0.00622	0.00810	0.00726	0.01148
67	0.01014	0.00732	0.00958	0.00925	0.01083	0.00676	0.00685	0.01334	0.01988	0.02805	0.62733	0.12547	0.06646	0.01568	0.00865	0.00236	0.00351	0.01393	0.00787	0.00676
68	0.01061	0.00764	0.01017	0.01010	0.01180	0.00720	0.00795	0.01402	0.01971	0.02749	0.54771	0.06052	0.06257	0.01603	0.00890	0.00252	0.00416	0.15636	0.00771	0.00682
69	0.01879	0.65501	0.12638	0.01353	0.02035	0.02719	0.01434	0.02193	0.01485	0.01788	0.01049	0.01215	0.00931	0.00631	0.00496	0.00165	0.00817	0.00408	0.00310	0.00952
70	0.01439	0.03624	0.67534	0.02019	0.03053	0.01643	0.02595	0.02260	0.01558	0.02330	0.04391	0.01711	0.01189	0.00727	0.00698	0.00230	0.01041	0.00572	0.00329	0.01057
71	0.01400	0.00881	0.01228	0.01334	0.01544	0.00862	0.01160	0.01729	0.01718	0.09650	0.03741	0.07572	0.03922	0.01887	0.00974	0.00323	0.00664	0.57985	0.00695	0.00732
72	0.01664	0.01287	0.01551	0.04035	0.01870	0.01005	0.00928	0.01989	0.01558	0.08628	0.01437	0.01614	0.01139	0.00579	0.00564	0.00124	0.00563	0.00467	0.00470	0.68527
73	0.79588	0.01406	0.01068	0.00956	0.01406	0.01631	0.00787	0.02137	0.01237	0.03261	0.01012	0.01181	0.00787	0.00675	0.00450	0.00225	0.00562	0.00394	0.00450	0.00787
74	0.01458	0.03760	0.70688	0.02072	0.03146	0.01688	0.02686	0.02302	0.01535	0.02302	0.01304	0.01535	0.00921	0.00691	0.00691	0.00230	0.01074	0.00537	0.00307	0.01074
75	0.00916	0.00771	0.00802	0.00811	0.01055	0.00670	0.00624	0.01171	0.03754	0.02016	0.06923	0.06965	0.61885	0.01829	0.00868	0.00253	0.00401	0.06974	0.00677	0.00635

[dist]
# distance from previous block
# <min> <max>
0	1

[block]
# block no. 3 follows, 28 sequences, length 56
# corresponding to MSA columns:
# 422-477
name=unknown_D
#
# <colnr> <probs for GDERKNQSTAVLIFYWHMCP>
#	G	D	E	R	K	N	Q	S	T	A	V	L	I	F	Y	W	H	M	C	P
0	0.79588	0.01406	0.01068	0.00956	0.01406	0.01631	0.00787	0.02137	0.01237	0.03261	0.01012	0.01181	0.00787	0.00675	0.00450	0.00225	0.00562	0.00394	0.00450	0.00787
1	0.00859	0.00736	0.00736	0.00736	0.00982	0.00614	0.00552	0.01043	0.01657	0.01964	0.07364	0.06996	0.69624	0.01841	0.00859	0.00245	0.00368	0.01534	0.00675	0.00614
2	0.01799	0.01727	0.02950	0.04462	0.69919	0.01727	0.02231	0.02231	0.01655	0.02375	0.01367	0.01799	0.01151	0.00648	0.00720	0.00216	0.00864	0.00648	0.00360	0.01151
3	0.01373	0.01292	0.02180	0.72707	0.05006	0.01615	0.02019	0.01857	0.01453	0.01857	0.01292	0.01938	0.00969	0.00727	0.00727	0.00242	0.00969	0.00646	0.00323	0.00807
4	0.03261	0.01237	0.01687	0.01293	0.01856	0.01068	0.01068	0.03543	0.02081	0.70423	0.02868	0.02474	0.01799	0.00900	0.00731	0.00225	0.00619	0.00731	0.00900	0.01237
5	0.01760	0.01520	0.01598	0.01442	0.01844	0.01748	0.01120	0.03720	0.65230	0.02986	0.03181	0.02928	0.05619	0.01029	0.00746	0.00246	0.00565	0.00858	0.00736	0.01123
6	0.00859	0.00736	0.00736	0.00736	0.00982	0.00614	0.00552	0.01043	0.01657	0.01964	0.07364	0.06996	0.69624	0.01841	0.00859	0.00245	0.00368	0.01534	0.00675	0.00614
7	0.01785	0.01812	0.05792	0.04361	0.67118	0.01725	0.02250	0.02234	0.01650	0.02372	0.01365	0.01788	0.01142	0.00649	0.00718	0.00216	0.00872	0.00643	0.00358	0.01148
8	0.01018	0.00735	0.00962	0.00922	0.01084	0.00679	0.00685	0.01346	0.02010	0.02838	0.64803	0.10381	0.06711	0.01543	0.00862	0.00233	0.00349	0.01369	0.00791	0.00679
9	0.02050	0.60827	0.05941	0.01375	0.01973	0.13885	0.01322	0.02298	0.01573	0.01743	0.01039	0.01203	0.00933	0.00645	0.00505	0.00163	0.00874	0.00407	0.00321	0.00923
10	0.79588	0.01406	0.01068	0.00956	0.01406	0.01631	0.00787	0.02137	0.01237	0.03261	0.01012	0.01181	0.00787	0.00675	0.00450	0.00225	0.00562	0.00394	0.00450	0.00787
11	0.01458	0.03760	0.70688	0.02072	0.03146	0.01688	0.02686	0.02302	0.01535	0.02302	0.01304	0.01535	0.00921	0.00691	0.00691	0.00230	0.01074	0.00537	0.00307	0.01074
12	0.01326	0.01227	0.01277	0.01245	0.01401	0.12900	0.00939	0.01543	0.01307	0.01671	0.01847	0.02812	0.01763	0.12609	0.51682	0.00948	0.01696	0.00758	0.00393	0.00658
13	0.03227	0.01292	0.01721	0.01319	0.01883	0.01150	0.01090	0.07949	0.02173	0.65886	0.02790	0.02424	0.01761	0.00898	0.00731	0.00224	0.00631	0.00726	0.00888	0.01237
14	0.01052	0.00723	0.00886	0.00886	0.00918	0.00755	0.00557	0.01117	0.01085	0.01478	0.02205	0.04285	0.02438	0.57345	0.20529	0.00820	0.01013	0.00988	0.00428	0.00492
15	0.79588	0.01406	0.01068	0.00956	0.01406	0.01631	0.00787	0.02137	0.01237	0.03261	0.01012	0.01181	0.00787	0.00675	0.00450	0.00225	0.00562	0.00394	0.00450	0.00787
16	0.01038	0.00779	0.01168	0.01168	0.01298	0.00909	0.00909	0.01298	0.01168	0.01687	0.01947	0.02856	0.01817	0.05452	0.71573	0.01168	0.01947	0.00779	0.00389	0.00649
17	0.03169	0.01217	0.01657	0.01278	0.01824	0.01053	0.01053	0.03453	0.02080	0.67633	0.05622	0.02596	0.02008	0.00924	0.00736	0.00225	0.00607	0.00755	0.00896	0.01214
18	0.01799	0.01727	0.02950	0.04462	0.69919	0.01727	0.02231	0.02231	0.01655	0.02375	0.01367	0.01799	0.01151	0.00648	0.00720	0.00216	0.00864	0.00648	0.00360	0.01151
19	0.03143	0.01427	0.01804	0.01383	0.01950	0.01350	0.01143	0.18732	0.02398	0.54784	0.02601	0.02301	0.01666	0.00893	0.00730	0.00223	0.00662	0.00713	0.00859	0.01237
20	0.01458	0.03760	0.70688	0.02072	0.03146	0.01688	0.02686	0.02302	0.01535	0.02302	0.01304	0.01535	0.00921	0.00691	0.00691	0.00230	0.01074	0.00537	0.00307	0.01074
21	0.01003	0.00742	0.00936	0.00887	0.01070	0.00675	0.00665	0.01322	0.01996	0.02770	0.60045	0.05669	0.16440	0.01540	0.00858	0.00231	0.00347	0.01348	0.00781	0.00675
22	0.79588	0.01406	0.01068	0.00956	0.01406	0.01631	0.00787	0.02137	0.01237	0.03261	0.01012	0.01181	0.00787	0.00675	0.00450	0.00225	0.00562	0.00394	0.00450	0.00787
23	0.01140	0.00768	0.01007	0.00933	0.01124	0.00705	0.00705	0.01480	0.02059	0.06267	0.66226	0.05283	0.06607	0.01457	0.00851	0.00228	0.00357	0.01286	0.00805	0.00713
24	0.01590	0.01590	0.02226	0.01908	0.01908	0.02226	0.01590	0.01749	0.01113	0.01749	0.00954	0.01590	0.00954	0.01272	0.02385	0.00318	0.73123	0.00636	0.00318	0.00795
25	0.01373	0.01292	0.02180	0.72707	0.05006	0.01615	0.02019	0.01857	0.01453	0.01857	0.01292	0.01938	0.00969	0.00727	0.00727	0.00242	0.00969	0.00646	0.00323	0.00807
26	0.00886	0.00633	0.00843	0.01012	0.01054	0.00590	0.00675	0.01012	0.01392	0.01856	0.04006	0.73979	0.04808	0.02277	0.00928	0.00295	0.00422	0.02066	0.00675	0.00590
27	0.01029	0.00743	0.00972	0.00914	0.01086	0.00686	0.00686	0.01372	0.02058	0.02915	0.69536	0.05430	0.06859	0.01486	0.00857	0.00229	0.00343	0.01315	0.00800	0.00686
28	0.01373	0.01292	0.02180	0.72707	0.05006	0.01615	0.02019	0.01857	0.01453	0.01857	0.01292	0.01938	0.00969	0.00727	0.00727	0.00242	0.00969	0.00646	0.00323	0.00807
29	0.00859	0.00736	0.00736	0.00736	0.00982	0.00614	0.00552	0.01043	0.01657	0.01964	0.07364	0.06996	0.69624	0.01841	0.00859	0.00245	0.00368	0.01534	0.00675	0.00614
30	0.02763	0.02036	0.02182	0.01672	0.02254	0.02254	0.01382	0.67496	0.03418	0.04581	0.01745	0.01745	0.01236	0.00873	0.00727	0.00218	0.00800	0.00654	0.00727	0.01236
31	0.01507	0.01292	0.01507	0.01077	0.01723	0.00969	0.00861	0.01830	0.01507	0.02369	0.01292	0.01507	0.01077	0.00538	0.00538	0.00108	0.00538	0.00431	0.00431	0.78898
32	0.01057	0.00705	0.00793	0.00793	0.00793	0.00705	0.00440	0.01057	0.01057	0.01409	0.02290	0.04757	0.02643	0.74454	0.03700	0.00705	0.00705	0.01057	0.00440	0.00440
33	0.01943	0.74891	0.03809	0.01244	0.01866	0.02876	0.01244	0.02177	0.01477	0.01710	0.01011	0.01166	0.00933	0.00622	0.00466	0.00155	0.00777	0.00389	0.00311	0.00933
34	0.02788	0.01996	0.02157	0.01654	0.02234	0.02195	0.01366	0.64320	0.03351	0.07850	0.01801	0.01781	0.01264	0.00874	0.00727	0.00218	0.00791	0.00658	0.00736	0.01236
